H_chr	H_start	H_end	Harbor	TE_chr	TE_start	TE_end	TE	score	TE_strand	TE_half	TE_middle_pos	TE_dis
chr1	96244610	96444610	harbor1	chr1	96254451	96254797	LTR/ERVL-MaLR	1907	+	173	96254624	10014
chr1	96244610	96444610	harbor1	chr1	96274460	96274837	LTR/ERVL-MaLR	1997	+	188	96274648	30038
chr1	96244610	96444610	harbor1	chr1	96274847	96276403	LTR/ERVL-MaLR	11323	+	778	96275625	31015
chr1	96244610	96444610	harbor1	chr1	96276404	96276763	LTR/ERVL-MaLR	1760	+	180	96276584	31974
chr1	96244610	96444610	harbor1	chr1	96319495	96319883	LTR/ERVL-MaLR	1863	+	194	96319689	75079
chr1	96244610	96444610	harbor1	chr1	96340447	96340852	LTR/ERVL-MaLR	1681	+	202	96340649	96039
chr1	96244610	96444610	harbor1	chr1	96255878	96256011	LTR/ERVL-MaLR	556	+	66	96255944	11334
chr1	193326713	193526713	harbor1	chr1	193356966	193357359	LTR/ERVL-MaLR	1038	+	196	193357162	30449
chr1	193326713	193526713	harbor1	chr1	193377298	193377424	LTR/ERVL-MaLR	890	+	63	193377361	50648
chr1	193326713	193526713	harbor1	chr1	193377487	193378779	LTR/ERVL-MaLR	8144	+	646	193378133	51420
chr1	193326713	193526713	harbor1	chr1	193378780	193379142	LTR/ERVL-MaLR	2258	+	181	193378961	52248
chr1	193326713	193526713	harbor1	chr1	193401210	193401793	LTR/ERVL-MaLR	1799	+	292	193401502	74789
chr1	193326713	193526713	harbor1	chr1	193404915	193405447	LTR/ERVL-MaLR	1863	+	266	193405181	78468
chr1	56532729	56732729	harbor1	chr1	56556130	56556338	LTR/ERVL-MaLR	878	+	104	56556234	23505
chr1	56532729	56732729	harbor1	chr1	56590105	56590218	LTR/ERVL-MaLR	1442	+	56	56590161	57432
chr1	56532729	56732729	harbor1	chr1	56590516	56590851	LTR/ERVL-MaLR	1442	+	168	56590684	57955
chr1	56532729	56732729	harbor1	chr1	56601758	56602115	LTR/ERVL-MaLR	2401	+	178	56601936	69207
chr1	56532729	56732729	harbor1	chr1	56622452	56622813	LTR/ERVL-MaLR	1977	+	180	56622632	89903
chr1	56532729	56732729	harbor1	chr1	56624371	56624493	LTR/ERVL-MaLR	7566	+	61	56624432	91703
chr1	56532729	56732729	harbor1	chr1	56624494	56624854	LTR/ERVL-MaLR	2082	+	180	56624674	91945
chr1	56532729	56732729	harbor1	chr1	56622815	56624073	LTR/ERVL-MaLR	7566	+	629	56623444	90715
chr1	2751372	2951372	harbor1	chr1	2795911	2796246	LTR/ERVL-MaLR	1031	+	168	2796079	44707
chr1	2751372	2951372	harbor1	chr1	2812479	2812914	LTR/ERVL-MaLR	1592	+	218	2812697	61325
chr1	2751372	2951372	harbor1	chr1	2832147	2832460	LTR/ERVL-MaLR	1215	+	156	2832303	80931
chr1	2751372	2951372	harbor1	chr1	2841740	2842100	LTR/ERVL-MaLR	1356	+	180	2841920	90548
chr1	38045254	38245254	harbor1	chr1	38077811	38078065	LTR/ERVL-MaLR	787	+	127	38077938	32684
chr1	38045254	38245254	harbor1	chr1	38078375	38078484	LTR/ERVL-MaLR	787	+	54	38078429	33175
chr1	61689580	61889580	harbor1	chr1	61689882	61690174	LTR/ERVL-MaLR	1298	+	146	61690028	448
chr1	61689580	61889580	harbor1	chr1	61705174	61705207	LTR/ERVL-MaLR	906	+	16	61705190	15610
chr1	61689580	61889580	harbor1	chr1	61705485	61705774	LTR/ERVL-MaLR	906	+	144	61705629	16049
chr1	102982162	103182162	harbor1	chr1	102983289	102983731	LTR/ERVL-MaLR	1160	+	221	102983510	1348
chr1	102982162	103182162	harbor1	chr1	102994217	102994620	LTR/ERVL-MaLR	2270	+	202	102994419	12257
chr1	102982162	103182162	harbor1	chr1	103039339	103039726	LTR/ERVL-MaLR	2066	+	194	103039533	57371
chr1	236259460	236459460	harbor1	chr1	236272990	236273436	LTR/ERVL-MaLR	1567	+	223	236273213	13753
chr1	236259460	236459460	harbor1	chr1	236276824	236277122	LTR/ERVL-MaLR	1448	+	149	236276973	17513
chr1	236259460	236459460	harbor1	chr1	236293555	236293898	LTR/ERVL-MaLR	1955	+	172	236293727	34267
chr1	236259460	236459460	harbor1	chr1	236359234	236359515	LTR/ERVL-MaLR	1669	+	140	236359374	99914
chr1	247505213	247705213	harbor1	chr1	247538450	247538869	LTR/ERVL-MaLR	1372	+	210	247538660	33447
chr1	145761999	145961999	harbor1	chr1	145760734	145762300	LTR/ERVL-MaLR	11825	+	783	145761517	482
chr1	145761999	145961999	harbor1	chr1	145762313	145762458	LTR/ERVL-MaLR	1103	+	72	145762385	386
chr1	145761999	145961999	harbor1	chr1	145771085	145771466	LTR/ERVL-MaLR	1845	+	190	145771275	9276
chr1	145761999	145961999	harbor1	chr1	145800364	145800860	LTR/ERVL-MaLR	835	+	248	145800612	38613
chr1	145761999	145961999	harbor1	chr1	145806488	145806802	LTR/ERVL-MaLR	1645	+	157	145806645	44646
chr1	145761999	145961999	harbor1	chr1	145806971	145807036	LTR/ERVL-MaLR	449	+	32	145807003	45004
chr1	206125916	206325916	harbor1	chr1	206170306	206170475	LTR/ERVL-MaLR	1553	+	84	206170390	44474
chr1	206125916	206325916	harbor1	chr1	206170756	206170956	LTR/ERVL-MaLR	1553	+	100	206170856	44940
chr1	206125916	206325916	harbor1	chr1	206175405	206175813	LTR/ERVL-MaLR	2113	+	204	206175609	49693
chr1	206125916	206325916	harbor1	chr1	206178291	206178747	LTR/ERVL-MaLR	970	+	228	206178519	52603
chr1	74353744	74553744	harbor1	chr1	74364541	74365012	LTR/ERVL-MaLR	1780	+	236	74364777	11033
chr1	74353744	74553744	harbor1	chr1	74385896	74386257	LTR/ERVL-MaLR	2616	+	180	74386076	32332
chr1	74353744	74553744	harbor1	chr1	74412246	74412472	LTR/ERVL-MaLR	686	+	113	74412359	58615
chr1	74353744	74553744	harbor1	chr1	74417972	74418380	LTR/ERVL-MaLR	795	+	204	74418176	64432
chr1	240850481	241050481	harbor1	chr1	240857739	240858110	LTR/ERVL-MaLR	2830	+	186	240857925	7444
chr1	240850481	241050481	harbor1	chr1	240873997	240874227	LTR/ERVL-MaLR	1081	+	115	240874112	23631
chr1	240850481	241050481	harbor1	chr1	240894908	240895249	LTR/ERVL-MaLR	1990	+	170	240895078	44597
chr1	240850481	241050481	harbor1	chr1	240903628	240904048	LTR/ERVL-MaLR	2525	+	210	240903838	53357
chr1	240850481	241050481	harbor1	chr1	240916462	240916873	LTR/ERVL-MaLR	1753	+	206	240916668	66187
chr1	114150221	114350221	harbor1	chr1	114172470	114172824	LTR/ERVL-MaLR	1667	+	177	114172647	22426
chr1	114150221	114350221	harbor1	chr1	114179479	114179946	LTR/ERVL-MaLR	1788	+	234	114179713	29492
chr1	114150221	114350221	harbor1	chr1	114209189	114209362	LTR/ERVL-MaLR	662	+	86	114209275	59054
chr1	199803951	200003951	harbor1	chr1	199811505	199811578	LTR/ERVL-MaLR	537	+	36	199811541	7590
chr1	199803951	200003951	harbor1	chr1	199813182	199813640	LTR/ERVL-MaLR	835	+	229	199813411	9460
chr1	199803951	200003951	harbor1	chr1	199814728	199814954	LTR/ERVL-MaLR	1925	+	113	199814841	10890
chr1	199803951	200003951	harbor1	chr1	199815256	199815428	LTR/ERVL-MaLR	1925	+	86	199815342	11391
chr1	199803951	200003951	harbor1	chr1	199815950	199816328	LTR/ERVL-MaLR	2113	+	189	199816139	12188
chr1	199803951	200003951	harbor1	chr1	199823214	199823505	LTR/ERVL-MaLR	767	+	146	199823360	19409
chr1	199803951	200003951	harbor1	chr1	199852384	199852664	LTR/ERVL-MaLR	1268	+	140	199852524	48573
chr1	199803951	200003951	harbor1	chr1	199851970	199852092	LTR/ERVL-MaLR	1268	+	61	199852031	48080
chr1	230369077	230569077	harbor1	chr1	230420433	230420799	LTR/ERVL-MaLR	2006	+	183	230420616	51539
chr1	201026708	201226708	harbor1	chr1	201028562	201028724	LTR/ERVL-MaLR	708	+	81	201028643	1935
chr1	201026708	201226708	harbor1	chr1	201081633	201082029	LTR/ERVL-MaLR	2465	+	198	201081831	55123
chr1	201026708	201226708	harbor1	chr1	201082327	201082368	LTR/ERVL-MaLR	2465	+	20	201082347	55639
chr1	201026708	201226708	harbor1	chr1	201093115	201093469	LTR/ERVL-MaLR	1867	+	177	201093292	66584
chr1	4794226	4994226	harbor1	chr1	4798679	4799027	LTR/ERVL-MaLR	2335	+	174	4798853	4627
chr1	4794226	4994226	harbor1	chr1	4802209	4802603	LTR/ERVL-MaLR	1493	+	197	4802406	8180
chr1	4794226	4994226	harbor1	chr1	4808281	4808697	LTR/ERVL-MaLR	2686	+	208	4808489	14263
chr1	4794226	4994226	harbor1	chr1	4828796	4829070	LTR/ERVL-MaLR	493	+	137	4828933	34707
chr1	4794226	4994226	harbor1	chr1	4834102	4834565	LTR/ERVL-MaLR	1977	+	232	4834334	40108
chr1	4794226	4994226	harbor1	chr1	4834570	4834896	LTR/ERVL-MaLR	755	+	163	4834733	40507
chr1	4794226	4994226	harbor1	chr1	4837090	4837534	LTR/ERVL-MaLR	1320	+	222	4837312	43086
chr1	4794226	4994226	harbor1	chr1	4841063	4841662	LTR/ERVL-MaLR	2550	+	300	4841363	47137
chr1	4794226	4994226	harbor1	chr1	4853246	4853638	LTR/ERVL-MaLR	2422	+	196	4853442	59216
chr1	4794226	4994226	harbor1	chr1	4855690	4856050	LTR/ERVL-MaLR	1704	+	180	4855870	61644
chr1	4794226	4994226	harbor1	chr1	4857446	4857808	LTR/ERVL-MaLR	2712	+	181	4857627	63401
chr1	4794226	4994226	harbor1	chr1	4857810	4859388	LTR/ERVL-MaLR	10996	+	789	4858599	64373
chr1	4794226	4994226	harbor1	chr1	4859391	4859749	LTR/ERVL-MaLR	2307	+	179	4859570	65344
chr1	4794226	4994226	harbor1	chr1	4870136	4870556	LTR/ERVL-MaLR	2015	+	210	4870346	76120
chr1	4794226	4994226	harbor1	chr1	4877458	4877810	LTR/ERVL-MaLR	2404	+	176	4877634	83408
chr1	220592982	220792982	harbor1	chr1	220641205	220641564	LTR/ERVL-MaLR	1729	+	180	220641385	48403
chr1	220592982	220792982	harbor1	chr1	220685288	220685411	LTR/ERVL-MaLR	1829	+	62	220685350	92368
chr1	220592982	220792982	harbor1	chr1	220685683	220685974	LTR/ERVL-MaLR	1829	+	146	220685829	92847
chr1	67038643	67238643	harbor1	chr1	67061125	67061435	LTR/ERVL-MaLR	1781	+	155	67061280	22637
chr1	67038643	67238643	harbor1	chr1	67066584	67066961	LTR/ERVL-MaLR	2512	+	188	67066772	28129
chr1	67038643	67238643	harbor1	chr1	67066962	67068493	LTR/ERVL-MaLR	10167	+	766	67067728	29085
chr1	67038643	67238643	harbor1	chr1	67068494	67068670	LTR/ERVL-MaLR	2637	+	88	67068582	29939
chr1	67038643	67238643	harbor1	chr1	67068993	67069191	LTR/ERVL-MaLR	2637	+	99	67069092	30449
chr1	67038643	67238643	harbor1	chr1	67094342	67094580	LTR/ERVL-MaLR	562	+	119	67094461	55818
chr1	67038643	67238643	harbor1	chr1	67101932	67102083	LTR/ERVL-MaLR	427	+	76	67102008	63365
chr1	67038643	67238643	harbor1	chr1	67102772	67102940	LTR/ERVL-MaLR	500	+	84	67102856	64213
chr1	67038643	67238643	harbor1	chr1	67118590	67118975	LTR/ERVL-MaLR	1397	+	192	67118782	80139
chr1	67038643	67238643	harbor1	chr1	67118976	67119627	LTR/ERVL-MaLR	3093	+	326	67119302	80659
chr1	67038643	67238643	harbor1	chr1	67119679	67119971	LTR/ERVL-MaLR	415	+	146	67119825	81182
chr1	67038643	67238643	harbor1	chr1	67119993	67120463	LTR/ERVL-MaLR	2132	+	235	67120228	81585
chr1	67038643	67238643	harbor1	chr1	67120466	67120806	LTR/ERVL-MaLR	1412	+	170	67120636	81993
chr1	67038643	67238643	harbor1	chr1	67133538	67133924	LTR/ERVL-MaLR	1883	+	193	67133731	95088
chr1	179157233	179357233	harbor1	chr1	179161760	179162117	LTR/ERVL-MaLR	1947	+	178	179161938	4705
chr1	179157233	179357233	harbor1	chr1	179194625	179194774	LTR/ERVL-MaLR	683	+	74	179194699	37466
chr1	179157233	179357233	harbor1	chr1	179205325	179205615	LTR/ERVL-MaLR	660	+	145	179205470	48237
chr1	179157233	179357233	harbor1	chr1	179235218	179235599	LTR/ERVL-MaLR	2546	+	190	179235408	78175
chr1	179157233	179357233	harbor1	chr1	179236881	179237047	LTR/ERVL-MaLR	881	+	83	179236964	79731
chr1	179157233	179357233	harbor1	chr1	179238271	179238476	LTR/ERVL-MaLR	700	+	102	179238373	81140
chr1	179157233	179357233	harbor1	chr1	179238486	179238618	LTR/ERVL-MaLR	835	+	66	179238552	81319
chr1	179157233	179357233	harbor1	chr1	179243027	179243472	LTR/ERVL-MaLR	2438	+	222	179243249	86016
chr1	179157233	179357233	harbor1	chr1	179243473	179243831	LTR/ERVL-MaLR	2148	+	179	179243652	86419
chr1	179157233	179357233	harbor1	chr1	179243856	179244148	LTR/ERVL-MaLR	1754	+	146	179244002	86769
chr1	179157233	179357233	harbor1	chr1	179244781	179244845	LTR/ERVL-MaLR	1754	+	32	179244813	87580
chr1	179157233	179357233	harbor1	chr1	179246134	179246289	LTR/ERVL-MaLR	504	+	78	179246212	88979
chr1	179157233	179357233	harbor1	chr1	179253784	179253961	LTR/ERVL-MaLR	1470	+	88	179253872	96639
chr1	179157233	179357233	harbor1	chr1	179254254	179254423	LTR/ERVL-MaLR	1470	+	84	179254338	97105
chr1	59604000	59804000	harbor1	chr1	59675796	59676160	LTR/ERVL-MaLR	1474	+	182	59675978	71978
chr1	72566007	72766007	harbor1	chr1	72566423	72566641	LTR/ERVL-MaLR	558	+	109	72566532	525
chr1	72566007	72766007	harbor1	chr1	72572034	72572221	LTR/ERVL-MaLR	1036	+	94	72572128	6121
chr1	72566007	72766007	harbor1	chr1	72572222	72573798	LTR/ERVL-MaLR	11506	+	788	72573010	7003
chr1	72566007	72766007	harbor1	chr1	72573799	72574165	LTR/ERVL-MaLR	2161	+	183	72573982	7975
chr1	72566007	72766007	harbor1	chr1	72577098	72577462	LTR/ERVL-MaLR	2043	+	182	72577280	11273
chr1	72566007	72766007	harbor1	chr1	72582882	72583266	LTR/ERVL-MaLR	1340	+	192	72583074	17067
chr1	72566007	72766007	harbor1	chr1	72584788	72585065	LTR/ERVL-MaLR	557	+	138	72584926	18919
chr1	72566007	72766007	harbor1	chr1	72614619	72615055	LTR/ERVL-MaLR	1193	+	218	72614837	48830
chr1	72566007	72766007	harbor1	chr1	72655604	72655949	LTR/ERVL-MaLR	1826	+	172	72655776	89769
chr1	72566007	72766007	harbor1	chr1	72646469	72646813	LTR/ERVL-MaLR	1366	+	172	72646641	80634
chr1	233496035	233696035	harbor1	chr1	233499094	233499247	LTR/ERVL-MaLR	411	+	76	233499170	3135
chr1	233496035	233696035	harbor1	chr1	233537831	233538170	LTR/ERVL-MaLR	1638	+	170	233538001	41966
chr1	233496035	233696035	harbor1	chr1	233549717	233550073	LTR/ERVL-MaLR	1776	+	178	233549895	53860
chr1	233496035	233696035	harbor1	chr1	233550663	233550709	LTR/ERVL-MaLR	1776	+	23	233550686	54651
chr1	233496035	233696035	harbor1	chr1	233552615	233552982	LTR/ERVL-MaLR	2172	+	184	233552799	56764
chr1	233496035	233696035	harbor1	chr1	233558973	233559338	LTR/ERVL-MaLR	2149	+	182	233559155	63120
chr1	233496035	233696035	harbor1	chr1	233581010	233581299	LTR/ERVL-MaLR	851	+	144	233581154	85119
chr1	233496035	233696035	harbor1	chr1	233581376	233581768	LTR/ERVL-MaLR	1550	+	196	233581572	85537
chr1	233496035	233696035	harbor1	chr1	233581961	233582023	LTR/ERVL-MaLR	1112	+	31	233581992	85957
chr1	233496035	233696035	harbor1	chr1	233582419	233582759	LTR/ERVL-MaLR	1112	+	170	233582589	86554
chr1	200422372	200622372	harbor1	chr1	200458864	200459283	LTR/ERVL-MaLR	1243	+	210	200459074	36702
chr1	200422372	200622372	harbor1	chr1	200499134	200499289	LTR/ERVL-MaLR	2264	+	78	200499212	76840
chr1	200422372	200622372	harbor1	chr1	200499617	200499832	LTR/ERVL-MaLR	2264	+	108	200499725	77353
chr1	200422372	200622372	harbor1	chr1	200511318	200511713	LTR/ERVL-MaLR	1582	+	198	200511516	89144
chr1	28884288	29084288	harbor1	chr1	28904475	28904615	LTR/ERVL-MaLR	1482	+	70	28904545	20257
chr1	28884288	29084288	harbor1	chr1	28905518	28905700	LTR/ERVL-MaLR	1482	+	91	28905609	21321
chr1	28884288	29084288	harbor1	chr1	28923855	28924247	LTR/ERVL-MaLR	1887	+	196	28924051	39763
chr1	28884288	29084288	harbor1	chr1	28924547	28924684	LTR/ERVL-MaLR	1887	+	68	28924615	40327
chr1	103645883	103845883	harbor1	chr1	103727022	103727208	LTR/ERVL-MaLR	880	+	93	103727115	81232
chr1	29790768	29990768	harbor1	chr1	29807239	29807590	LTR/ERVL-MaLR	2523	+	176	29807415	16647
chr1	82675227	82875227	harbor1	chr1	82717956	82718440	LTR/ERVL-MaLR	1815	+	242	82718198	42971
chr1	82675227	82875227	harbor1	chr1	82758103	82758446	LTR/ERVL-MaLR	1418	+	172	82758275	83048
chr1	214447168	214647168	harbor1	chr1	214472133	214472528	LTR/ERVL-MaLR	2047	+	198	214472331	25163
chr1	5150589	5350589	harbor1	chr1	5152457	5152819	LTR/ERVL-MaLR	2044	+	181	5152638	2049
chr1	5150589	5350589	harbor1	chr1	5152820	5154349	LTR/ERVL-MaLR	10383	+	764	5153584	2995
chr1	5150589	5350589	harbor1	chr1	5154355	5154657	LTR/ERVL-MaLR	2223	+	151	5154506	3917
chr1	5150589	5350589	harbor1	chr1	5154954	5155022	LTR/ERVL-MaLR	2223	+	34	5154988	4399
chr1	5150589	5350589	harbor1	chr1	5174954	5175311	LTR/ERVL-MaLR	2000	+	178	5175132	24543
chr1	5150589	5350589	harbor1	chr1	5196822	5196970	LTR/ERVL-MaLR	484	+	74	5196896	46307
chr1	5150589	5350589	harbor1	chr1	5197032	5197103	LTR/ERVL-MaLR	441	+	36	5197068	46479
chr1	5150589	5350589	harbor1	chr1	5197436	5197848	LTR/ERVL-MaLR	2343	+	206	5197642	47053
chr1	5150589	5350589	harbor1	chr1	5199318	5199659	LTR/ERVL-MaLR	811	+	170	5199488	48899
chr1	5150589	5350589	harbor1	chr1	5209712	5209899	LTR/ERVL-MaLR	607	+	94	5209806	59217
chr1	5150589	5350589	harbor1	chr1	5209980	5210094	LTR/ERVL-MaLR	425	+	57	5210037	59448
chr1	5150589	5350589	harbor1	chr1	5218852	5219214	LTR/ERVL-MaLR	2403	+	181	5219033	68444
chr1	5150589	5350589	harbor1	chr1	5233332	5233685	LTR/ERVL-MaLR	2190	+	176	5233508	82919
chr1	25316005	25516005	harbor1	chr1	25414761	25414977	LTR/ERVL-MaLR	848	+	108	25414869	98864
chr1	25316005	25516005	harbor1	chr1	25395143	25395517	LTR/ERVL-MaLR	526	+	187	25395330	79325
chr1	17254467	17454467	harbor1	chr1	17302088	17302381	LTR/ERVL-MaLR	1725	+	146	17302234	47767
chr1	17254467	17454467	harbor1	chr1	17343546	17343892	LTR/ERVL-MaLR	2395	+	173	17343719	89252
chr1	17254467	17454467	harbor1	chr1	17343893	17345468	LTR/ERVL-MaLR	12634	+	788	17344681	90214
chr1	17254467	17454467	harbor1	chr1	17345469	17345815	LTR/ERVL-MaLR	2448	+	173	17345642	91175
chr1	17254467	17454467	harbor1	chr1	17353598	17353733	LTR/ERVL-MaLR	661	+	68	17353666	99199
chr1	17254467	17454467	harbor1	chr1	17353748	17353957	LTR/ERVL-MaLR	910	+	104	17353852	99385
chr1	181849301	182049301	harbor1	chr1	181863061	181863304	LTR/ERVL-MaLR	900	+	122	181863183	13882
chr1	181849301	182049301	harbor1	chr1	181910643	181911016	LTR/ERVL-MaLR	1990	+	186	181910829	61528
chr1	181849301	182049301	harbor1	chr1	181916001	181916356	LTR/ERVL-MaLR	2392	+	178	181916179	66878
chr1	181849301	182049301	harbor1	chr1	181947438	181947806	LTR/ERVL-MaLR	2446	+	184	181947622	98321
chr1	181849301	182049301	harbor1	chr1	181947809	181947966	LTR/ERVL-MaLR	944	+	78	181947887	98586
chr1	181849301	182049301	harbor1	chr1	181947964	181949471	LTR/ERVL-MaLR	9322	+	754	181948718	99417
chr1	181849301	182049301	harbor1	chr1	181862283	181862662	LTR/ERVL-MaLR	2215	+	190	181862473	13172
chr1	233174045	233374045	harbor1	chr1	233204014	233204412	LTR/ERVL-MaLR	1561	+	199	233204213	30168
chr1	233174045	233374045	harbor1	chr1	233237685	233237957	LTR/ERVL-MaLR	450	+	136	233237821	63776
chr1	233174045	233374045	harbor1	chr1	233248340	233248721	LTR/ERVL-MaLR	521	+	190	233248530	74485
chr1	93927525	94127525	harbor1	chr1	93928306	93928648	LTR/ERVL-MaLR	2206	+	171	93928477	952
chr1	177311812	177511812	harbor1	chr1	177329722	177329925	LTR/ERVL-MaLR	885	+	102	177329824	18012
chr1	177311812	177511812	harbor1	chr1	177347833	177348273	LTR/ERVL-MaLR	1251	+	220	177348053	36241
chr1	177311812	177511812	harbor1	chr1	177355880	177356327	LTR/ERVL-MaLR	1224	+	224	177356104	44292
chr1	85028211	85228211	harbor1	chr1	85039235	85039555	LTR/ERVL-MaLR	838	+	160	85039395	11184
chr1	85028211	85228211	harbor1	chr1	85054782	85055152	LTR/ERVL-MaLR	2397	+	185	85054967	26756
chr1	85028211	85228211	harbor1	chr1	85067555	85068013	LTR/ERVL-MaLR	1818	+	229	85067784	39573
chr1	85028211	85228211	harbor1	chr1	85068823	85069107	LTR/ERVL-MaLR	624	+	142	85068965	40754
chr1	85028211	85228211	harbor1	chr1	85084858	85085320	LTR/ERVL-MaLR	2249	+	231	85085089	56878
chr1	116667850	116867850	harbor1	chr1	116682866	116683323	LTR/ERVL-MaLR	1083	+	228	116683094	15244
chr1	116667850	116867850	harbor1	chr1	116683623	116683690	LTR/ERVL-MaLR	1083	+	34	116683657	15807
chr1	116667850	116867850	harbor1	chr1	116706047	116706258	LTR/ERVL-MaLR	1208	+	106	116706153	38303
chr1	116667850	116867850	harbor1	chr1	116713316	116713598	LTR/ERVL-MaLR	486	+	141	116713457	45607
chr1	116667850	116867850	harbor1	chr1	116724196	116724405	LTR/ERVL-MaLR	691	+	104	116724300	56450
chr1	116667850	116867850	harbor1	chr1	116725792	116726144	LTR/ERVL-MaLR	428	+	176	116725968	58118
chr1	116667850	116867850	harbor1	chr1	116731516	116731905	LTR/ERVL-MaLR	860	+	194	116731710	63860
chr1	116667850	116867850	harbor1	chr1	116734687	116734743	LTR/ERVL-MaLR	645	+	28	116734715	66865
chr1	116667850	116867850	harbor1	chr1	116735043	116735465	LTR/ERVL-MaLR	645	+	211	116735254	67404
chr1	106457917	106657917	harbor1	chr1	106478327	106478686	LTR/ERVL-MaLR	1808	+	180	106478507	20590
chr1	106457917	106657917	harbor1	chr1	106480255	106480612	LTR/ERVL-MaLR	2015	+	178	106480433	22516
chr1	106457917	106657917	harbor1	chr1	106478687	106480254	LTR/ERVL-MaLR	11098	+	784	106479471	21554
chr1	72008290	72208290	harbor1	chr1	72045370	72045733	LTR/ERVL-MaLR	2120	+	182	72045552	37262
chr1	72008290	72208290	harbor1	chr1	72050628	72050975	LTR/ERVL-MaLR	1484	+	174	72050802	42512
chr1	72008290	72208290	harbor1	chr1	72066465	72066842	LTR/ERVL-MaLR	1625	+	188	72066653	58363
chr1	72008290	72208290	harbor1	chr1	72076139	72076489	LTR/ERVL-MaLR	1755	+	175	72076314	68024
chr1	72008290	72208290	harbor1	chr1	72104151	72104650	LTR/ERVL-MaLR	2000	+	250	72104401	96111
chr1	175248650	175448650	harbor1	chr1	175252575	175253071	LTR/ERVL-MaLR	807	+	248	175252823	4173
chr1	175248650	175448650	harbor1	chr1	175268717	175269250	LTR/ERVL-MaLR	953	+	266	175268983	20333
chr1	175248650	175448650	harbor1	chr1	175305228	175305592	LTR/ERVL-MaLR	1578	+	182	175305410	56760
chr1	175248650	175448650	harbor1	chr1	175308777	175309148	LTR/ERVL-MaLR	2405	+	186	175308963	60313
chr1	207860445	208060445	harbor1	chr1	207870854	207871048	LTR/ERVL-MaLR	944	+	97	207870951	10506
chr1	207860445	208060445	harbor1	chr1	207925079	207925630	LTR/ERVL-MaLR	2076	+	276	207925355	64910
chr1	207860445	208060445	harbor1	chr1	207933226	207933438	LTR/ERVL-MaLR	997	+	106	207933332	72887
chr1	207860445	208060445	harbor1	chr1	207933990	207934200	LTR/ERVL-MaLR	997	+	105	207934095	73650
chr1	207860445	208060445	harbor1	chr1	207956074	207956380	LTR/ERVL-MaLR	519	+	153	207956227	95782
chr1	65360987	65560987	harbor1	chr1	65422071	65422538	LTR/ERVL-MaLR	1893	+	234	65422305	61318
chr1	220494210	220694210	harbor1	chr1	220500253	220500769	LTR/ERVL-MaLR	1850	+	258	220500511	6301
chr1	220494210	220694210	harbor1	chr1	220501797	220502210	LTR/ERVL-MaLR	2487	+	206	220502003	7793
chr1	220494210	220694210	harbor1	chr1	220544239	220544641	LTR/ERVL-MaLR	2054	+	201	220544440	50230
chr1	220494210	220694210	harbor1	chr1	220592061	220592211	LTR/ERVL-MaLR	1299	+	75	220592136	97926
chr1	220494210	220694210	harbor1	chr1	220592273	220592680	LTR/ERVL-MaLR	1435	+	204	220592477	98267
chr1	229486705	229686705	harbor1	chr1	229544647	229545109	LTR/ERVL-MaLR	1295	+	231	229544878	58173
chr1	229486705	229686705	harbor1	chr1	229563732	229564089	LTR/ERVL-MaLR	1825	+	178	229563910	77205
chr1	229486705	229686705	harbor1	chr1	229564426	229564497	LTR/ERVL-MaLR	1825	+	36	229564462	77757
chr1	229486705	229686705	harbor1	chr1	229574962	229575345	LTR/ERVL-MaLR	2653	+	192	229575154	88449
chr1	201542207	201742207	harbor1	chr1	201601151	201601199	LTR/ERVL-MaLR	1620	+	24	201601175	58968
chr1	201542207	201742207	harbor1	chr1	201601490	201601810	LTR/ERVL-MaLR	1620	+	160	201601650	59443
chr1	60407136	60607136	harbor1	chr1	60420977	60421447	LTR/ERVL-MaLR	1728	+	235	60421212	14076
chr1	60407136	60607136	harbor1	chr1	60421839	60422210	LTR/ERVL-MaLR	702	+	186	60422025	14889
chr1	60407136	60607136	harbor1	chr1	60428929	60429399	LTR/ERVL-MaLR	1973	+	235	60429164	22028
chr1	60407136	60607136	harbor1	chr1	60443973	60444273	LTR/ERVL-MaLR	825	+	150	60444123	36987
chr1	118666573	118866573	harbor1	chr1	118729339	118729693	LTR/ERVL-MaLR	1685	+	177	118729516	62943
chr1	55874565	56074565	harbor1	chr1	55882687	55883072	LTR/ERVL-MaLR	2240	+	192	55882879	8314
chr1	55874565	56074565	harbor1	chr1	55919573	55919928	LTR/ERVL-MaLR	2102	+	178	55919751	45186
chr1	61547258	61747258	harbor1	chr1	61561711	61562045	LTR/ERVL-MaLR	1319	+	167	61561878	14620
chr1	61547258	61747258	harbor1	chr1	61612194	61612605	LTR/ERVL-MaLR	2158	+	206	61612400	65142
chr1	61547258	61747258	harbor1	chr1	61616996	61617470	LTR/ERVL-MaLR	694	+	237	61617233	69975
chr1	192476602	192676602	harbor1	chr1	192488777	192489137	LTR/ERVL-MaLR	1721	+	180	192488957	12355
chr1	192476602	192676602	harbor1	chr1	192496728	192497171	LTR/ERVL-MaLR	1554	+	222	192496950	20348
chr1	179379132	179579132	harbor1	chr1	179391346	179391509	LTR/ERVL-MaLR	2247	+	82	179391428	12296
chr1	179379132	179579132	harbor1	chr1	179391838	179392064	LTR/ERVL-MaLR	2247	+	113	179391951	12819
chr1	179379132	179579132	harbor1	chr1	179401572	179401891	LTR/ERVL-MaLR	1928	+	160	179401732	22600
chr1	179379132	179579132	harbor1	chr1	179402183	179402230	LTR/ERVL-MaLR	1928	+	24	179402207	23075
chr1	179379132	179579132	harbor1	chr1	179451557	179451911	LTR/ERVL-MaLR	2214	+	177	179451734	72602
chr1	179379132	179579132	harbor1	chr1	179451912	179452407	LTR/ERVL-MaLR	11805	+	248	179452160	73028
chr1	179379132	179579132	harbor1	chr1	179452725	179453520	LTR/ERVL-MaLR	11805	+	398	179453123	73991
chr1	179379132	179579132	harbor1	chr1	179454125	179454468	LTR/ERVL-MaLR	2295	+	172	179454297	75165
chr1	179379132	179579132	harbor1	chr1	179473629	179473941	LTR/ERVL-MaLR	1721	+	156	179473785	94653
chr1	179379132	179579132	harbor1	chr1	179474233	179474285	LTR/ERVL-MaLR	1721	+	26	179474259	95127
chr1	179379132	179579132	harbor1	chr1	179474286	179475804	LTR/ERVL-MaLR	10093	+	759	179475045	95913
chr1	179379132	179579132	harbor1	chr1	179475805	179476189	LTR/ERVL-MaLR	1872	+	192	179475997	96865
chr1	179379132	179579132	harbor1	chr1	179453824	179454124	LTR/ERVL-MaLR	11805	+	150	179453974	74842
chr1	239145859	239345859	harbor1	chr1	239153792	239154215	LTR/ERVL-MaLR	1803	+	212	239154004	8145
chr1	239145859	239345859	harbor1	chr1	239154216	239154433	LTR/ERVL-MaLR	974	+	108	239154324	8465
chr1	239145859	239345859	harbor1	chr1	239154475	239154696	LTR/ERVL-MaLR	1108	+	110	239154585	8726
chr1	239145859	239345859	harbor1	chr1	239159491	239159539	LTR/ERVL-MaLR	2086	+	24	239159515	13656
chr1	239145859	239345859	harbor1	chr1	239159837	239160195	LTR/ERVL-MaLR	2086	+	179	239160016	14157
chr1	239145859	239345859	harbor1	chr1	239161207	239161576	LTR/ERVL-MaLR	647	+	184	239161391	15532
chr1	239145859	239345859	harbor1	chr1	239172467	239172666	LTR/ERVL-MaLR	1003	+	100	239172567	26708
chr1	239145859	239345859	harbor1	chr1	239173022	239173222	LTR/ERVL-MaLR	1467	+	100	239173122	27263
chr1	239145859	239345859	harbor1	chr1	239173223	239173474	LTR/ERVL-MaLR	1513	+	126	239173349	27490
chr1	239145859	239345859	harbor1	chr1	239193660	239194197	LTR/ERVL-MaLR	1623	+	268	239193928	48069
chr1	239145859	239345859	harbor1	chr1	239205142	239205558	LTR/ERVL-MaLR	2239	+	208	239205350	59491
chr1	239145859	239345859	harbor1	chr1	239207132	239207504	LTR/ERVL-MaLR	1745	+	186	239207318	61459
chr1	239145859	239345859	harbor1	chr1	239217975	239218315	LTR/ERVL-MaLR	1958	+	170	239218145	72286
chr1	239145859	239345859	harbor1	chr1	239205559	239207131	LTR/ERVL-MaLR	6129	+	786	239206345	60486
chr1	35024738	35224738	harbor1	chr1	35033644	35034048	LTR/ERVL-MaLR	1573	+	202	35033846	9108
chr1	35024738	35224738	harbor1	chr1	35035520	35035960	LTR/ERVL-MaLR	1785	+	220	35035740	11002
chr1	35024738	35224738	harbor1	chr1	35037005	35037209	LTR/ERVL-MaLR	449	+	102	35037107	12369
chr1	35024738	35224738	harbor1	chr1	35037339	35038303	LTR/ERVL-MaLR	4069	+	482	35037821	13083
chr1	35024738	35224738	harbor1	chr1	35038579	35039010	LTR/ERVL-MaLR	4069	+	216	35038795	14057
chr1	35024738	35224738	harbor1	chr1	35043525	35043943	LTR/ERVL-MaLR	740	+	209	35043734	18996
chr1	244864365	245064365	harbor1	chr1	244869075	244869412	LTR/ERVL-MaLR	1436	+	168	244869243	4878
chr1	244864365	245064365	harbor1	chr1	244884977	244885360	LTR/ERVL-MaLR	990	+	192	244885169	20804
chr1	244864365	245064365	harbor1	chr1	244886243	244886604	LTR/ERVL-MaLR	2535	+	180	244886423	22058
chr1	244864365	245064365	harbor1	chr1	244888402	244888888	LTR/ERVL-MaLR	1931	+	243	244888645	24280
chr1	244864365	245064365	harbor1	chr1	244893787	244893966	LTR/ERVL-MaLR	987	+	90	244893877	29512
chr1	244864365	245064365	harbor1	chr1	244957553	244957935	LTR/ERVL-MaLR	2186	+	191	244957744	93379
chr1	235520757	235720757	harbor1	chr1	235530890	235531317	LTR/ERVL-MaLR	2673	+	214	235531104	10347
chr1	235520757	235720757	harbor1	chr1	235532871	235533176	LTR/ERVL-MaLR	1265	+	152	235533023	12266
chr1	235520757	235720757	harbor1	chr1	235533471	235533522	LTR/ERVL-MaLR	1265	+	26	235533497	12740
chr1	235520757	235720757	harbor1	chr1	235560206	235560560	LTR/ERVL-MaLR	1650	+	177	235560383	39626
chr1	235520757	235720757	harbor1	chr1	235563534	235564008	LTR/ERVL-MaLR	515	+	237	235563771	43014
chr1	235520757	235720757	harbor1	chr1	235564443	235564525	LTR/ERVL-MaLR	515	+	41	235564484	43727
chr1	235520757	235720757	harbor1	chr1	235581087	235581279	LTR/ERVL-MaLR	2451	+	96	235581183	60426
chr1	235520757	235720757	harbor1	chr1	235581534	235581776	LTR/ERVL-MaLR	2451	+	121	235581655	60898
chr1	235520757	235720757	harbor1	chr1	235586494	235586908	LTR/ERVL-MaLR	2325	+	207	235586701	65944
chr1	235520757	235720757	harbor1	chr1	235597369	235597542	LTR/ERVL-MaLR	780	+	86	235597455	76698
chr1	235520757	235720757	harbor1	chr1	235613317	235613793	LTR/ERVL-MaLR	1900	+	238	235613555	92798
chr1	235520757	235720757	harbor1	chr1	235615154	235615359	LTR/ERVL-MaLR	702	+	102	235615256	94499
chr1	228028121	228228121	harbor1	chr1	228029716	228029856	LTR/ERVL-MaLR	610	+	70	228029786	1665
chr1	228028121	228228121	harbor1	chr1	228050326	228050587	LTR/ERVL-MaLR	1171	+	130	228050456	22335
chr1	228028121	228228121	harbor1	chr1	228052883	228053275	LTR/ERVL-MaLR	1626	+	196	228053079	24958
chr1	118267868	118467868	harbor1	chr1	118307693	118308198	LTR/ERVL-MaLR	1755	+	252	118307945	40077
chr1	118267868	118467868	harbor1	chr1	118327531	118327895	LTR/ERVL-MaLR	2691	+	182	118327713	59845
chr1	118267868	118467868	harbor1	chr1	118348796	118349079	LTR/ERVL-MaLR	1428	+	142	118348938	81070
chr1	118267868	118467868	harbor1	chr1	118354916	118355016	LTR/ERVL-MaLR	431	+	50	118354966	87098
chr1	56036486	56236486	harbor1	chr1	56055488	56055846	LTR/ERVL-MaLR	1609	+	179	56055667	19181
chr1	56036486	56236486	harbor1	chr1	56100899	56101196	LTR/ERVL-MaLR	626	+	148	56101047	64561
chr1	56036486	56236486	harbor1	chr1	56130522	56130941	LTR/ERVL-MaLR	1070	+	210	56130732	94246
chr1	90716908	90916908	harbor1	chr1	90747309	90747708	LTR/ERVL-MaLR	650	+	200	90747509	30601
chr1	90716908	90916908	harbor1	chr1	90757534	90757898	LTR/ERVL-MaLR	2893	+	182	90757716	40808
chr1	90716908	90916908	harbor1	chr1	90771851	90772035	LTR/ERVL-MaLR	1326	+	92	90771943	55035
chr1	90716908	90916908	harbor1	chr1	90772951	90773145	LTR/ERVL-MaLR	1157	+	97	90773048	56140
chr1	90716908	90916908	harbor1	chr1	90789815	90790283	LTR/ERVL-MaLR	1928	+	234	90790049	73141
chr1	90716908	90916908	harbor1	chr1	90792403	90792493	LTR/ERVL-MaLR	487	+	45	90792448	75540
chr1	90716908	90916908	harbor1	chr1	90816460	90816885	LTR/ERVL-MaLR	916	+	212	90816672	99764
chr1	108672567	108872567	harbor1	chr1	108707579	108707848	LTR/ERVL-MaLR	731	+	134	108707713	35146
chr1	234606365	234806365	harbor1	chr1	234629392	234629833	LTR/ERVL-MaLR	1027	+	220	234629612	23247
chr1	234606365	234806365	harbor1	chr1	234629850	234630221	LTR/ERVL-MaLR	678	+	186	234630036	23671
chr1	234606365	234806365	harbor1	chr1	234631864	234632324	LTR/ERVL-MaLR	1449	+	230	234632094	25729
chr1	234606365	234806365	harbor1	chr1	234634050	234634497	LTR/ERVL-MaLR	2007	+	224	234634274	27909
chr1	234606365	234806365	harbor1	chr1	234645901	234646229	LTR/ERVL-MaLR	801	+	164	234646065	39700
chr1	234606365	234806365	harbor1	chr1	234648506	234649061	LTR/ERVL-MaLR	2079	+	278	234648784	42419
chr1	234606365	234806365	harbor1	chr1	234666748	234667143	LTR/ERVL-MaLR	1867	+	198	234666946	60581
chr1	234606365	234806365	harbor1	chr1	234668484	234668869	LTR/ERVL-MaLR	2248	+	192	234668676	62311
chr1	75516586	75716586	harbor1	chr1	75524022	75524404	LTR/ERVL-MaLR	2101	+	191	75524213	7627
chr1	75516586	75716586	harbor1	chr1	75526519	75526612	LTR/ERVL-MaLR	483	+	46	75526565	9979
chr1	75516586	75716586	harbor1	chr1	75544023	75544408	LTR/ERVL-MaLR	1652	+	192	75544215	27629
chr1	75516586	75716586	harbor1	chr1	75581654	75582023	LTR/ERVL-MaLR	1889	+	184	75581838	65252
chr1	75516586	75716586	harbor1	chr1	75607551	75607911	LTR/ERVL-MaLR	2715	+	180	75607731	91145
chr1	70731232	70931232	harbor1	chr1	70749810	70750186	LTR/ERVL-MaLR	2023	+	188	70749998	18766
chr1	70731232	70931232	harbor1	chr1	70757802	70757889	LTR/ERVL-MaLR	887	+	44	70757846	26614
chr1	70731232	70931232	harbor1	chr1	70758172	70758239	LTR/ERVL-MaLR	887	+	34	70758206	26974
chr1	70731232	70931232	harbor1	chr1	70758532	70758835	LTR/ERVL-MaLR	887	+	152	70758684	27452
chr1	70731232	70931232	harbor1	chr1	70780988	70781103	LTR/ERVL-MaLR	415	+	58	70781046	49814
chr1	70731232	70931232	harbor1	chr1	70782477	70782828	LTR/ERVL-MaLR	2134	+	176	70782653	51421
chr1	70731232	70931232	harbor1	chr1	70802590	70802958	LTR/ERVL-MaLR	2429	+	184	70802774	71542
chr1	70731232	70931232	harbor1	chr1	70802961	70804563	LTR/ERVL-MaLR	10166	+	801	70803762	72530
chr1	70731232	70931232	harbor1	chr1	70804569	70804937	LTR/ERVL-MaLR	2352	+	184	70804753	73521
chr1	70731232	70931232	harbor1	chr1	70810740	70811097	LTR/ERVL-MaLR	2190	+	178	70810918	79686
chr1	59863231	60063231	harbor1	chr1	59876933	59877079	LTR/ERVL-MaLR	418	+	73	59877006	13775
chr1	59863231	60063231	harbor1	chr1	59891874	59892271	LTR/ERVL-MaLR	1612	+	198	59892072	28841
chr1	59863231	60063231	harbor1	chr1	59898102	59898449	LTR/ERVL-MaLR	1285	+	174	59898276	35045
chr1	59863231	60063231	harbor1	chr1	59905844	59905919	LTR/ERVL-MaLR	637	+	38	59905882	42651
chr1	59863231	60063231	harbor1	chr1	59906177	59906434	LTR/ERVL-MaLR	637	+	128	59906305	43074
chr1	59863231	60063231	harbor1	chr1	59909223	59909732	LTR/ERVL-MaLR	2122	+	254	59909477	46246
chr1	59863231	60063231	harbor1	chr1	59953934	59954294	LTR/ERVL-MaLR	682	+	180	59954114	90883
chr1	59863231	60063231	harbor1	chr1	59956745	59956984	LTR/ERVL-MaLR	581	+	120	59956865	93634
chr1	59863231	60063231	harbor1	chr1	59957038	59957190	LTR/ERVL-MaLR	549	+	76	59957114	93883
chr1	30835619	31035619	harbor1	chr1	30839346	30839809	LTR/ERVL-MaLR	1590	+	232	30839578	3959
chr1	74122454	74322454	harbor1	chr1	74150003	74150327	LTR/ERVL-MaLR	440	+	162	74150165	27711
chr1	74122454	74322454	harbor1	chr1	74156005	74156408	LTR/ERVL-MaLR	2313	+	202	74156207	33753
chr1	74122454	74322454	harbor1	chr1	74164197	74164574	LTR/ERVL-MaLR	2064	+	188	74164385	41931
chr1	74122454	74322454	harbor1	chr1	74189549	74189909	LTR/ERVL-MaLR	2058	+	180	74189729	67275
chr1	74122454	74322454	harbor1	chr1	74190908	74191105	LTR/ERVL-MaLR	1063	+	98	74191006	68552
chr1	5164389	5364389	harbor1	chr1	5174954	5175311	LTR/ERVL-MaLR	2000	+	178	5175132	10743
chr1	5164389	5364389	harbor1	chr1	5196822	5196970	LTR/ERVL-MaLR	484	+	74	5196896	32507
chr1	5164389	5364389	harbor1	chr1	5197032	5197103	LTR/ERVL-MaLR	441	+	36	5197068	32679
chr1	5164389	5364389	harbor1	chr1	5197436	5197848	LTR/ERVL-MaLR	2343	+	206	5197642	33253
chr1	5164389	5364389	harbor1	chr1	5199318	5199659	LTR/ERVL-MaLR	811	+	170	5199488	35099
chr1	5164389	5364389	harbor1	chr1	5209712	5209899	LTR/ERVL-MaLR	607	+	94	5209806	45417
chr1	5164389	5364389	harbor1	chr1	5209980	5210094	LTR/ERVL-MaLR	425	+	57	5210037	45648
chr1	5164389	5364389	harbor1	chr1	5218852	5219214	LTR/ERVL-MaLR	2403	+	181	5219033	54644
chr1	5164389	5364389	harbor1	chr1	5233332	5233685	LTR/ERVL-MaLR	2190	+	176	5233508	69119
chr1	5164389	5364389	harbor1	chr1	5251160	5251522	LTR/ERVL-MaLR	2188	+	181	5251341	86952
chr1	5164389	5364389	harbor1	chr1	5256232	5256330	LTR/ERVL-MaLR	635	+	49	5256281	91892
chr1	5164389	5364389	harbor1	chr1	5257615	5257974	LTR/ERVL-MaLR	2591	+	180	5257795	93406
chr1	5164389	5364389	harbor1	chr1	5262492	5262670	LTR/ERVL-MaLR	2175	+	89	5262581	98192
chr1	5164389	5364389	harbor1	chr1	5262955	5263205	LTR/ERVL-MaLR	2175	+	125	5263080	98691
chr1	5164389	5364389	harbor1	chr1	5263531	5263901	LTR/ERVL-MaLR	2651	+	185	5263716	99327
chr1	48815287	49015287	harbor1	chr1	48833110	48833704	LTR/ERVL-MaLR	2172	+	297	48833407	18120
chr1	48815287	49015287	harbor1	chr1	48833936	48834396	LTR/ERVL-MaLR	2072	+	230	48834166	18879
chr1	48815287	49015287	harbor1	chr1	48834402	48834751	LTR/ERVL-MaLR	1705	+	174	48834576	19289
chr1	48815287	49015287	harbor1	chr1	48852920	48853440	LTR/ERVL-MaLR	2667	+	260	48853180	37893
chr1	48815287	49015287	harbor1	chr1	48854636	48855039	LTR/ERVL-MaLR	641	+	202	48854838	39551
chr1	48815287	49015287	harbor1	chr1	48888570	48888737	LTR/ERVL-MaLR	694	+	84	48888654	73367
chr1	48815287	49015287	harbor1	chr1	48893243	48893399	LTR/ERVL-MaLR	1440	+	78	48893321	78034
chr1	48815287	49015287	harbor1	chr1	48893715	48893937	LTR/ERVL-MaLR	1440	+	111	48893826	78539
chr1	179246732	179446732	harbor1	chr1	179253784	179253961	LTR/ERVL-MaLR	1470	+	88	179253872	7140
chr1	179246732	179446732	harbor1	chr1	179254254	179254423	LTR/ERVL-MaLR	1470	+	84	179254338	7606
chr1	179246732	179446732	harbor1	chr1	179302292	179302649	LTR/ERVL-MaLR	2065	+	178	179302470	55738
chr1	71214482	71414482	harbor1	chr1	71227031	71227383	LTR/ERVL-MaLR	2018	+	176	71227207	12725
chr1	71214482	71414482	harbor1	chr1	71245296	71245663	LTR/ERVL-MaLR	1439	+	184	71245480	30998
chr1	71214482	71414482	harbor1	chr1	71248129	71248482	LTR/ERVL-MaLR	2074	+	176	71248305	33823
chr1	71214482	71414482	harbor1	chr1	71255357	71255542	LTR/ERVL-MaLR	1304	+	92	71255449	40967
chr1	71214482	71414482	harbor1	chr1	71276191	71276563	LTR/ERVL-MaLR	2548	+	186	71276377	61895
chr1	71214482	71414482	harbor1	chr1	71289718	71290082	LTR/ERVL-MaLR	2285	+	182	71289900	75418
chr1	71214482	71414482	harbor1	chr1	71290083	71291666	LTR/ERVL-MaLR	11863	+	792	71290875	76393
chr1	71214482	71414482	harbor1	chr1	71291668	71292034	LTR/ERVL-MaLR	2189	+	183	71291851	77369
chr1	71214482	71414482	harbor1	chr1	71292040	71292643	LTR/ERVL-MaLR	1142	+	302	71292342	77860
chr1	71214482	71414482	harbor1	chr1	71292944	71293313	LTR/ERVL-MaLR	1140	+	184	71293128	78646
chr1	71214482	71414482	harbor1	chr1	71293601	71293673	LTR/ERVL-MaLR	1140	+	36	71293637	79155
chr1	71214482	71414482	harbor1	chr1	71300485	71300784	LTR/ERVL-MaLR	918	+	150	71300635	86153
chr1	71214482	71414482	harbor1	chr1	71301095	71301161	LTR/ERVL-MaLR	918	+	33	71301128	86646
chr1	36885394	37085394	harbor1	chr1	36915532	36915874	LTR/ERVL-MaLR	2181	+	171	36915703	30309
chr1	36885394	37085394	harbor1	chr1	36915875	36917444	LTR/ERVL-MaLR	11530	+	784	36916659	31265
chr1	36885394	37085394	harbor1	chr1	36917447	36917781	LTR/ERVL-MaLR	2150	+	167	36917614	32220
chr1	42698225	42898225	harbor1	chr1	42750374	42750553	LTR/ERVL-MaLR	1142	+	90	42750464	52239
chr1	42698225	42898225	harbor1	chr1	42751627	42751826	LTR/ERVL-MaLR	1165	+	100	42751727	53502
chr1	187759418	187959418	harbor1	chr1	187779089	187779494	LTR/ERVL-MaLR	938	+	202	187779291	19873
chr1	187759418	187959418	harbor1	chr1	187854426	187854750	LTR/ERVL-MaLR	2041	+	162	187854588	95170
chr1	187759418	187959418	harbor1	chr1	187854780	187854829	LTR/ERVL-MaLR	2041	+	24	187854804	95386
chr1	225021401	225221401	harbor1	chr1	225078585	225078768	LTR/ERVL-MaLR	1897	+	92	225078677	57276
chr1	225021401	225221401	harbor1	chr1	225078899	225079086	LTR/ERVL-MaLR	1897	+	94	225078993	57592
chr1	49940313	50140313	harbor1	chr1	49954255	49954636	LTR/ERVL-MaLR	1697	+	190	49954445	14132
chr1	49940313	50140313	harbor1	chr1	49968507	49968997	LTR/ERVL-MaLR	1060	+	245	49968752	28439
chr1	49940313	50140313	harbor1	chr1	49990227	49990598	LTR/ERVL-MaLR	2224	+	186	49990413	50100
chr1	49940313	50140313	harbor1	chr1	49993648	49993915	LTR/ERVL-MaLR	794	+	134	49993782	53469
chr1	49940313	50140313	harbor1	chr1	50031242	50031584	LTR/ERVL-MaLR	1377	+	171	50031413	91100
chr1	80182806	80382806	harbor1	chr1	80185184	80185536	LTR/ERVL-MaLR	2220	+	176	80185360	2554
chr1	80182806	80382806	harbor1	chr1	80191513	80191882	LTR/ERVL-MaLR	1223	+	184	80191697	8891
chr1	80182806	80382806	harbor1	chr1	80209125	80209464	LTR/ERVL-MaLR	1593	+	170	80209295	26489
chr1	80182806	80382806	harbor1	chr1	80234488	80234849	LTR/ERVL-MaLR	2155	+	180	80234668	51862
chr1	80182806	80382806	harbor1	chr1	80236670	80236913	LTR/ERVL-MaLR	874	+	122	80236792	53986
chr1	80182806	80382806	harbor1	chr1	80239745	80240046	LTR/ERVL-MaLR	725	+	150	80239895	57089
chr1	80182806	80382806	harbor1	chr1	80240073	80240493	LTR/ERVL-MaLR	2358	+	210	80240283	57477
chr1	80182806	80382806	harbor1	chr1	80240523	80240897	LTR/ERVL-MaLR	2562	+	187	80240710	57904
chr1	80182806	80382806	harbor1	chr1	80251953	80252325	LTR/ERVL-MaLR	2169	+	186	80252139	69333
chr1	80182806	80382806	harbor1	chr1	80273497	80273855	LTR/ERVL-MaLR	1112	+	179	80273676	90870
chr1	246695878	246895878	harbor1	chr1	246780854	246781297	LTR/ERVL-MaLR	1444	+	222	246781076	85198
chr1	246450637	246650637	harbor1	chr1	246458978	246459180	LTR/ERVL-MaLR	861	+	101	246459079	8442
chr1	246450637	246650637	harbor1	chr1	246459172	246459258	LTR/ERVL-MaLR	430	+	43	246459215	8578
chr1	246450637	246650637	harbor1	chr1	246459290	246459393	LTR/ERVL-MaLR	419	+	52	246459342	8705
chr1	246450637	246650637	harbor1	chr1	246459385	246459707	LTR/ERVL-MaLR	1128	+	161	246459546	8909
chr1	246450637	246650637	harbor1	chr1	246505259	246505664	LTR/ERVL-MaLR	459	+	202	246505461	54824
chr1	86700808	86900808	harbor1	chr1	86786723	86786913	LTR/ERVL-MaLR	1407	+	95	86786818	86010
chr1	86700808	86900808	harbor1	chr1	86787061	86787289	LTR/ERVL-MaLR	1314	+	114	86787175	86367
chr1	86700808	86900808	harbor1	chr1	86800231	86800573	LTR/ERVL-MaLR	651	+	171	86800402	99594
chr1	107018212	107218212	harbor1	chr1	107031104	107031471	LTR/ERVL-MaLR	1814	+	184	107031288	13076
chr1	107018212	107218212	harbor1	chr1	107038665	107039037	LTR/ERVL-MaLR	1930	+	186	107038851	20639
chr1	107018212	107218212	harbor1	chr1	107039040	107040616	LTR/ERVL-MaLR	11926	+	788	107039828	21616
chr1	107018212	107218212	harbor1	chr1	107040617	107040946	LTR/ERVL-MaLR	1678	+	164	107040781	22569
chr1	107018212	107218212	harbor1	chr1	107048233	107048740	LTR/ERVL-MaLR	1659	+	254	107048487	30275
chr1	107018212	107218212	harbor1	chr1	107076814	107077213	LTR/ERVL-MaLR	571	+	200	107077014	58802
chr1	107018212	107218212	harbor1	chr1	107091852	107092344	LTR/ERVL-MaLR	1522	+	246	107092098	73886
chr1	107018212	107218212	harbor1	chr1	107093469	107093825	LTR/ERVL-MaLR	2337	+	178	107093647	75435
chr1	107018212	107218212	harbor1	chr1	107098196	107098222	LTR/ERVL-MaLR	1030	+	13	107098209	79997
chr1	107018212	107218212	harbor1	chr1	107098223	107098416	LTR/ERVL-MaLR	2031	+	96	107098319	80107
chr1	107018212	107218212	harbor1	chr1	107098725	107098949	LTR/ERVL-MaLR	2031	+	112	107098837	80625
chr1	107018212	107218212	harbor1	chr1	107098950	107099301	LTR/ERVL-MaLR	1030	+	176	107099126	80914
chr1	171745570	171945570	harbor1	chr1	171745939	171746293	LTR/ERVL-MaLR	1567	+	177	171746116	546
chr1	171745570	171945570	harbor1	chr1	171800166	171800686	LTR/ERVL-MaLR	1838	+	260	171800426	54856
chr1	171745570	171945570	harbor1	chr1	171802114	171802564	LTR/ERVL-MaLR	1567	+	225	171802339	56769
chr1	171745570	171945570	harbor1	chr1	171812419	171812948	LTR/ERVL-MaLR	447	+	264	171812683	67113
chr1	171745570	171945570	harbor1	chr1	171823118	171823473	LTR/ERVL-MaLR	1053	+	178	171823296	77726
chr1	171745570	171945570	harbor1	chr1	171837751	171838102	LTR/ERVL-MaLR	2208	+	176	171837927	92357
chr1	15225770	15425770	harbor1	chr1	15236273	15236744	LTR/ERVL-MaLR	1249	+	236	15236509	10739
chr1	15225770	15425770	harbor1	chr1	15239981	15240347	LTR/ERVL-MaLR	1379	+	183	15240164	14394
chr1	15225770	15425770	harbor1	chr1	15240661	15240676	LTR/ERVL-MaLR	1379	+	8	15240669	14899
chr1	15225770	15425770	harbor1	chr1	15240985	15241200	LTR/ERVL-MaLR	1379	+	108	15241093	15323
chr1	15225770	15425770	harbor1	chr1	15292031	15292122	LTR/ERVL-MaLR	542	+	46	15292077	66307
chr1	15225770	15425770	harbor1	chr1	15292586	15292812	LTR/ERVL-MaLR	1346	+	113	15292699	66929
chr1	15225770	15425770	harbor1	chr1	15305545	15305895	LTR/ERVL-MaLR	2764	+	175	15305720	79950
chr1	15225770	15425770	harbor1	chr1	15305896	15307461	LTR/ERVL-MaLR	12487	+	782	15306678	80908
chr1	15225770	15425770	harbor1	chr1	15307462	15307728	LTR/ERVL-MaLR	2264	+	133	15307595	81825
chr1	15225770	15425770	harbor1	chr1	15308030	15308092	LTR/ERVL-MaLR	2264	+	31	15308061	82291
chr1	15225770	15425770	harbor1	chr1	15236810	15237181	LTR/ERVL-MaLR	2675	+	186	15236996	11226
chr1	96214412	96414412	harbor1	chr1	96227922	96228090	LTR/ERVL-MaLR	633	+	84	96228006	13594
chr1	96214412	96414412	harbor1	chr1	96228577	96228753	LTR/ERVL-MaLR	633	+	88	96228665	14253
chr1	96214412	96414412	harbor1	chr1	96231826	96232207	LTR/ERVL-MaLR	1847	+	190	96232016	17604
chr1	96214412	96414412	harbor1	chr1	96240467	96240623	LTR/ERVL-MaLR	441	+	78	96240545	26133
chr1	96214412	96414412	harbor1	chr1	96254451	96254797	LTR/ERVL-MaLR	1907	+	173	96254624	40212
chr1	96214412	96414412	harbor1	chr1	96274460	96274837	LTR/ERVL-MaLR	1997	+	188	96274648	60236
chr1	96214412	96414412	harbor1	chr1	96274847	96276403	LTR/ERVL-MaLR	11323	+	778	96275625	61213
chr1	96214412	96414412	harbor1	chr1	96276404	96276763	LTR/ERVL-MaLR	1760	+	180	96276584	62172
chr1	96214412	96414412	harbor1	chr1	96255878	96256011	LTR/ERVL-MaLR	556	+	66	96255944	41532
chr1	202362226	202562226	harbor1	chr1	202367806	202367961	LTR/ERVL-MaLR	2152	+	78	202367884	5658
chr1	202362226	202562226	harbor1	chr1	202368271	202368519	LTR/ERVL-MaLR	2152	+	124	202368395	6169
chr1	80147950	80347950	harbor1	chr1	80169407	80169742	LTR/ERVL-MaLR	1798	+	168	80169575	21625
chr1	80147950	80347950	harbor1	chr1	80174243	80174664	LTR/ERVL-MaLR	2437	+	210	80174453	26503
chr1	80147950	80347950	harbor1	chr1	80176433	80176810	LTR/ERVL-MaLR	1898	+	188	80176621	28671
chr1	80147950	80347950	harbor1	chr1	80185184	80185536	LTR/ERVL-MaLR	2220	+	176	80185360	37410
chr1	80147950	80347950	harbor1	chr1	80191513	80191882	LTR/ERVL-MaLR	1223	+	184	80191697	43747
chr1	80147950	80347950	harbor1	chr1	80209125	80209464	LTR/ERVL-MaLR	1593	+	170	80209295	61345
chr1	80147950	80347950	harbor1	chr1	80234488	80234849	LTR/ERVL-MaLR	2155	+	180	80234668	86718
chr1	80147950	80347950	harbor1	chr1	80236670	80236913	LTR/ERVL-MaLR	874	+	122	80236792	88842
chr1	80147950	80347950	harbor1	chr1	80239745	80240046	LTR/ERVL-MaLR	725	+	150	80239895	91945
chr1	80147950	80347950	harbor1	chr1	80240073	80240493	LTR/ERVL-MaLR	2358	+	210	80240283	92333
chr1	80147950	80347950	harbor1	chr1	80240523	80240897	LTR/ERVL-MaLR	2562	+	187	80240710	92760
chr1	47314204	47514204	harbor1	chr1	47323492	47323846	LTR/ERVL-MaLR	2069	+	177	47323669	9465
chr1	47314204	47514204	harbor1	chr1	47329042	47329295	LTR/ERVL-MaLR	648	+	126	47329168	14964
chr1	47314204	47514204	harbor1	chr1	47329437	47329587	LTR/ERVL-MaLR	911	+	75	47329512	15308
chr1	47314204	47514204	harbor1	chr1	47330186	47330248	LTR/ERVL-MaLR	911	+	31	47330217	16013
chr1	47314204	47514204	harbor1	chr1	47391189	47391486	LTR/ERVL-MaLR	1629	+	148	47391337	77133
chr1	47314204	47514204	harbor1	chr1	47391786	47391944	LTR/ERVL-MaLR	1629	+	79	47391865	77661
chr1	47314204	47514204	harbor1	chr1	47398337	47398905	LTR/ERVL-MaLR	1325	+	284	47398621	84417
chr1	240463778	240663778	harbor1	chr1	240502729	240503231	LTR/ERVL-MaLR	888	+	251	240502980	39202
chr1	240463778	240663778	harbor1	chr1	240504924	240505330	LTR/ERVL-MaLR	2544	+	203	240505127	41349
chr1	119735737	119935737	harbor1	chr1	119791484	119791915	LTR/ERVL-MaLR	554	+	216	119791700	55963
chr1	119735737	119935737	harbor1	chr1	119783258	119783633	LTR/ERVL-MaLR	1382	+	188	119783446	47709
chr1	38998273	39198273	harbor1	chr1	39062348	39062420	LTR/ERVL-MaLR	538	+	36	39062384	64111
chr1	38998273	39198273	harbor1	chr1	39062718	39062811	LTR/ERVL-MaLR	538	+	46	39062764	64491
chr1	38998273	39198273	harbor1	chr1	39063327	39063604	LTR/ERVL-MaLR	775	+	138	39063465	65192
chr1	150609374	150809374	harbor1	chr1	150683901	150684284	LTR/ERVL-MaLR	1888	+	192	150684093	74719
chr1	190045914	190245914	harbor1	chr1	190100832	190101195	LTR/ERVL-MaLR	1554	+	182	190101014	55100
chr1	190045914	190245914	harbor1	chr1	190114001	190114390	LTR/ERVL-MaLR	2102	+	194	190114195	68281
chr1	190045914	190245914	harbor1	chr1	190122286	190122573	LTR/ERVL-MaLR	880	+	144	190122430	76516
chr1	190045914	190245914	harbor1	chr1	190122739	190122847	LTR/ERVL-MaLR	859	+	54	190122793	76879
chr1	190045914	190245914	harbor1	chr1	190124042	190124425	LTR/ERVL-MaLR	1614	+	192	190124234	78320
chr1	190045914	190245914	harbor1	chr1	190125647	190125923	LTR/ERVL-MaLR	462	+	138	190125785	79871
chr1	190045914	190245914	harbor1	chr1	190132683	190133185	LTR/ERVL-MaLR	2233	+	251	190132934	87020
chr1	193664295	193864295	harbor1	chr1	193673025	193673374	LTR/ERVL-MaLR	1976	+	174	193673199	8904
chr1	193664295	193864295	harbor1	chr1	193678680	193679087	LTR/ERVL-MaLR	2106	+	204	193678884	14589
chr1	193664295	193864295	harbor1	chr1	193708927	193709272	LTR/ERVL-MaLR	1096	+	172	193709099	44804
chr1	193664295	193864295	harbor1	chr1	193746049	193746434	LTR/ERVL-MaLR	880	+	192	193746241	81946
chr1	14147716	14347716	harbor1	chr1	14177931	14178292	LTR/ERVL-MaLR	2250	+	180	14178111	30395
chr1	14147716	14347716	harbor1	chr1	14190451	14190776	LTR/ERVL-MaLR	1280	+	162	14190613	42897
chr1	14147716	14347716	harbor1	chr1	14192792	14192941	LTR/ERVL-MaLR	1749	+	74	14192866	45150
chr1	14147716	14347716	harbor1	chr1	14192942	14193293	LTR/ERVL-MaLR	2294	+	176	14193118	45402
chr1	14147716	14347716	harbor1	chr1	14193294	14193618	LTR/ERVL-MaLR	1749	+	162	14193456	45740
chr1	14147716	14347716	harbor1	chr1	14210075	14210439	LTR/ERVL-MaLR	3022	+	182	14210257	62541
chr1	14147716	14347716	harbor1	chr1	14216971	14217290	LTR/ERVL-MaLR	995	+	160	14217131	69415
chr1	230981999	231181999	harbor1	chr1	231061503	231061714	LTR/ERVL-MaLR	1477	+	106	231061609	79610
chr1	230981999	231181999	harbor1	chr1	231062898	231063080	LTR/ERVL-MaLR	2026	+	91	231062989	80990
chr1	230981999	231181999	harbor1	chr1	231074332	231074468	LTR/ERVL-MaLR	2012	+	68	231074400	92401
chr1	230981999	231181999	harbor1	chr1	231074780	231075006	LTR/ERVL-MaLR	2012	+	113	231074893	92894
chr1	230981999	231181999	harbor1	chr1	231076716	231077098	LTR/ERVL-MaLR	2512	+	191	231076907	94908
chr1	230981999	231181999	harbor1	chr1	231063358	231063560	LTR/ERVL-MaLR	2026	+	101	231063459	81460
chr1	15129416	15329416	harbor1	chr1	15129457	15129978	LTR/ERVL-MaLR	1435	+	260	15129717	301
chr1	15129416	15329416	harbor1	chr1	15130638	15130826	LTR/ERVL-MaLR	1933	+	94	15130732	1316
chr1	15129416	15329416	harbor1	chr1	15130854	15131193	LTR/ERVL-MaLR	1933	+	170	15131024	1608
chr1	15129416	15329416	harbor1	chr1	15133373	15133743	LTR/ERVL-MaLR	2484	+	185	15133558	4142
chr1	15129416	15329416	harbor1	chr1	15134173	15134428	LTR/ERVL-MaLR	614	+	128	15134301	4885
chr1	15129416	15329416	harbor1	chr1	15147870	15148061	LTR/ERVL-MaLR	424	+	96	15147966	18550
chr1	15129416	15329416	harbor1	chr1	15190569	15190775	LTR/ERVL-MaLR	1757	+	103	15190672	61256
chr1	15129416	15329416	harbor1	chr1	15191087	15191381	LTR/ERVL-MaLR	1757	+	147	15191234	61818
chr1	15129416	15329416	harbor1	chr1	15200023	15200188	LTR/ERVL-MaLR	2081	+	82	15200105	70689
chr1	15129416	15329416	harbor1	chr1	15200433	15200663	LTR/ERVL-MaLR	2081	+	115	15200548	71132
chr1	15129416	15329416	harbor1	chr1	15221724	15222182	LTR/ERVL-MaLR	1481	+	229	15221953	92537
chr1	15129416	15329416	harbor1	chr1	15224202	15224476	LTR/ERVL-MaLR	439	+	137	15224339	94923
chr1	243457451	243657451	harbor1	chr1	243520059	243520443	LTR/ERVL-MaLR	2182	+	192	243520251	62800
chr1	243457451	243657451	harbor1	chr1	243545969	243546326	LTR/ERVL-MaLR	2484	+	178	243546147	88696
chr1	179541365	179741365	harbor1	chr1	179554741	179555238	LTR/ERVL-MaLR	2273	+	248	179554989	13624
chr1	179541365	179741365	harbor1	chr1	179608916	179609186	LTR/ERVL-MaLR	1620	+	135	179609051	67686
chr1	179541365	179741365	harbor1	chr1	179609522	179609628	LTR/ERVL-MaLR	1620	+	53	179609575	68210
chr1	185746446	185946446	harbor1	chr1	185764881	185765232	LTR/ERVL-MaLR	646	+	176	185765057	18611
chr1	185746446	185946446	harbor1	chr1	185773515	185773717	LTR/ERVL-MaLR	457	+	101	185773616	27170
chr1	40991371	41191371	harbor1	chr1	41031869	41032219	LTR/ERVL-MaLR	1803	+	175	41032044	40673
chr1	40991371	41191371	harbor1	chr1	41053319	41053674	LTR/ERVL-MaLR	500	+	178	41053497	62126
chr1	40991371	41191371	harbor1	chr1	41053675	41053832	LTR/ERVL-MaLR	3285	+	78	41053753	62382
chr1	40991371	41191371	harbor1	chr1	41054144	41054798	LTR/ERVL-MaLR	3285	+	327	41054471	63100
chr1	40991371	41191371	harbor1	chr1	41055082	41055354	LTR/ERVL-MaLR	3285	+	136	41055218	63847
chr1	40991371	41191371	harbor1	chr1	41055632	41055992	LTR/ERVL-MaLR	3285	+	180	41055812	64441
chr1	40991371	41191371	harbor1	chr1	41055995	41056342	LTR/ERVL-MaLR	779	+	174	41056169	64798
chr1	90017094	90217094	harbor1	chr1	90037729	90037843	LTR/ERVL-MaLR	435	+	57	90037786	20692
chr1	90017094	90217094	harbor1	chr1	90051648	90051986	LTR/ERVL-MaLR	1967	+	169	90051817	34723
chr1	90017094	90217094	harbor1	chr1	90069724	90070045	LTR/ERVL-MaLR	445	+	160	90069884	52790
chr1	90017094	90217094	harbor1	chr1	90089728	90090152	LTR/ERVL-MaLR	590	+	212	90089940	72846
chr1	33187251	33387251	harbor1	chr1	33200763	33201132	LTR/ERVL-MaLR	2142	+	184	33200947	13696
chr1	33187251	33387251	harbor1	chr1	33211936	33212343	LTR/ERVL-MaLR	2304	+	204	33212140	24889
chr1	33187251	33387251	harbor1	chr1	33222801	33222971	LTR/ERVL-MaLR	2060	+	85	33222886	35635
chr1	33187251	33387251	harbor1	chr1	33223279	33223466	LTR/ERVL-MaLR	2060	+	94	33223373	36122
chr1	33187251	33387251	harbor1	chr1	33227219	33227720	LTR/ERVL-MaLR	1876	+	250	33227469	40218
chr1	33187251	33387251	harbor1	chr1	33231976	33232270	LTR/ERVL-MaLR	849	+	147	33232123	44872
chr1	33187251	33387251	harbor1	chr1	33232561	33232639	LTR/ERVL-MaLR	849	+	39	33232600	45349
chr1	33187251	33387251	harbor1	chr1	33232658	33232817	LTR/ERVL-MaLR	464	+	80	33232738	45487
chr1	33187251	33387251	harbor1	chr1	33237662	33237795	LTR/ERVL-MaLR	693	+	66	33237728	50477
chr1	33187251	33387251	harbor1	chr1	33238605	33239002	LTR/ERVL-MaLR	1842	+	198	33238803	51552
chr1	33187251	33387251	harbor1	chr1	33245437	33245656	LTR/ERVL-MaLR	645	+	110	33245547	58296
chr1	33187251	33387251	harbor1	chr1	33245943	33246186	LTR/ERVL-MaLR	645	+	122	33246065	58814
chr1	33187251	33387251	harbor1	chr1	33251930	33252070	LTR/ERVL-MaLR	679	+	70	33252000	64749
chr1	33187251	33387251	harbor1	chr1	33252396	33252606	LTR/ERVL-MaLR	679	+	105	33252501	65250
chr1	98661384	98861384	harbor1	chr1	98666587	98667194	LTR/ERVL-MaLR	1830	+	304	98666891	5507
chr1	98661384	98861384	harbor1	chr1	98683403	98683757	LTR/ERVL-MaLR	1790	+	177	98683580	22196
chr1	98661384	98861384	harbor1	chr1	98756844	98757257	LTR/ERVL-MaLR	2461	+	206	98757050	95666
chr1	198107560	198307560	harbor1	chr1	198107723	198108136	LTR/ERVL-MaLR	3199	+	206	198107929	369
chr1	198107560	198307560	harbor1	chr1	198108131	198108758	LTR/ERVL-MaLR	2693	+	314	198108445	885
chr1	198107560	198307560	harbor1	chr1	198108759	198109124	LTR/ERVL-MaLR	1388	+	182	198108941	1381
chr1	198107560	198307560	harbor1	chr1	198109623	198110128	LTR/ERVL-MaLR	1778	+	252	198109875	2315
chr1	198107560	198307560	harbor1	chr1	198118149	198118393	LTR/ERVL-MaLR	673	+	122	198118271	10711
chr1	198107560	198307560	harbor1	chr1	198134123	198134279	LTR/ERVL-MaLR	1705	+	78	198134201	26641
chr1	198107560	198307560	harbor1	chr1	198134280	198134642	LTR/ERVL-MaLR	2056	+	181	198134461	26901
chr1	198107560	198307560	harbor1	chr1	198134643	198134837	LTR/ERVL-MaLR	1705	+	97	198134740	27180
chr1	198107560	198307560	harbor1	chr1	198134958	198135329	LTR/ERVL-MaLR	1694	+	186	198135144	27584
chr1	207408421	207608421	harbor1	chr1	207419024	207419384	LTR/ERVL-MaLR	1934	+	180	207419204	10783
chr1	207408421	207608421	harbor1	chr1	207419689	207419762	LTR/ERVL-MaLR	1934	+	36	207419725	11304
chr1	207408421	207608421	harbor1	chr1	207452841	207453300	LTR/ERVL-MaLR	1603	+	230	207453071	44650
chr1	222097721	222297721	harbor1	chr1	222112441	222112815	LTR/ERVL-MaLR	1682	+	187	222112628	14907
chr1	222097721	222297721	harbor1	chr1	222120429	222120594	LTR/ERVL-MaLR	800	+	82	222120511	22790
chr1	222097721	222297721	harbor1	chr1	222120758	222120938	LTR/ERVL-MaLR	787	+	90	222120848	23127
chr1	222097721	222297721	harbor1	chr1	222130333	222130715	LTR/ERVL-MaLR	1904	+	191	222130524	32803
chr1	222097721	222297721	harbor1	chr1	222130918	222130955	LTR/ERVL-MaLR	1904	+	18	222130936	33215
chr1	222097721	222297721	harbor1	chr1	222152203	222152566	LTR/ERVL-MaLR	1963	+	182	222152385	54664
chr1	222097721	222297721	harbor1	chr1	222168792	222169176	LTR/ERVL-MaLR	2031	+	192	222168984	71263
chr1	222097721	222297721	harbor1	chr1	222182488	222182843	LTR/ERVL-MaLR	2328	+	178	222182666	84945
chr1	222097721	222297721	harbor1	chr1	222187188	222187547	LTR/ERVL-MaLR	2452	+	180	222187368	89647
chr1	222097721	222297721	harbor1	chr1	222190467	222190798	LTR/ERVL-MaLR	1291	+	166	222190633	92912
chr1	222097721	222297721	harbor1	chr1	222191106	222191144	LTR/ERVL-MaLR	1291	+	19	222191125	93404
chr1	148672769	148872769	harbor1	chr1	148684219	148684582	LTR/ERVL-MaLR	2295	+	182	148684401	11632
chr1	148672769	148872769	harbor1	chr1	148686744	148686918	LTR/ERVL-MaLR	740	+	87	148686831	14062
chr1	148672769	148872769	harbor1	chr1	148691651	148692000	LTR/ERVL-MaLR	2404	+	174	148691825	19056
chr1	148672769	148872769	harbor1	chr1	148692308	148692381	LTR/ERVL-MaLR	2404	+	36	148692344	19575
chr1	148672769	148872769	harbor1	chr1	148698030	148698453	LTR/ERVL-MaLR	1308	+	212	148698242	25473
chr1	148672769	148872769	harbor1	chr1	148712529	148712895	LTR/ERVL-MaLR	1116	+	183	148712712	39943
chr1	148672769	148872769	harbor1	chr1	148719045	148719337	LTR/ERVL-MaLR	660	+	146	148719191	46422
chr1	55993739	56193739	harbor1	chr1	56023835	56023928	LTR/ERVL-MaLR	2203	+	46	56023881	30142
chr1	55993739	56193739	harbor1	chr1	56024365	56024696	LTR/ERVL-MaLR	2203	+	166	56024531	30792
chr1	55993739	56193739	harbor1	chr1	56026710	56027124	LTR/ERVL-MaLR	2720	+	207	56026917	33178
chr1	55993739	56193739	harbor1	chr1	56055488	56055846	LTR/ERVL-MaLR	1609	+	179	56055667	61928
chr1	227762708	227962708	harbor1	chr1	227806722	227806885	LTR/ERVL-MaLR	1625	+	82	227806804	44096
chr1	227762708	227962708	harbor1	chr1	227807193	227807401	LTR/ERVL-MaLR	1625	+	104	227807297	44589
chr1	227762708	227962708	harbor1	chr1	227808614	227808930	LTR/ERVL-MaLR	1359	+	158	227808772	46064
chr1	227762708	227962708	harbor1	chr1	227810054	227810469	LTR/ERVL-MaLR	2504	+	208	227810262	47554
chr1	227762708	227962708	harbor1	chr1	227823467	227823876	LTR/ERVL-MaLR	2205	+	204	227823671	60963
chr1	227762708	227962708	harbor1	chr1	227833861	227834304	LTR/ERVL-MaLR	1571	+	222	227834083	71375
chr1	218376359	218576359	harbor1	chr1	218416709	218417044	LTR/ERVL-MaLR	2028	+	168	218416877	40518
chr1	218376359	218576359	harbor1	chr1	218417045	218418622	LTR/ERVL-MaLR	12886	+	788	218417833	41474
chr1	218376359	218576359	harbor1	chr1	218418623	218418996	LTR/ERVL-MaLR	2251	+	186	218418809	42450
chr1	218376359	218576359	harbor1	chr1	218421618	218422087	LTR/ERVL-MaLR	2276	+	234	218421852	45493
chr1	218376359	218576359	harbor1	chr1	218448511	218448870	LTR/ERVL-MaLR	2097	+	180	218448691	72332
chr1	218376359	218576359	harbor1	chr1	218456470	218456839	LTR/ERVL-MaLR	1196	+	184	218456654	80295
chr1	177992402	178192402	harbor1	chr1	178024289	178024654	LTR/ERVL-MaLR	2836	+	182	178024471	32069
chr1	177992402	178192402	harbor1	chr1	178075877	178076228	LTR/ERVL-MaLR	1513	+	176	178076053	83651
chr1	177992402	178192402	harbor1	chr1	178083162	178083530	LTR/ERVL-MaLR	1938	+	184	178083346	90944
chr1	232605632	232805632	harbor1	chr1	232610941	232611287	LTR/ERVL-MaLR	2407	+	173	232611114	5482
chr1	232605632	232805632	harbor1	chr1	232611288	232612862	LTR/ERVL-MaLR	11349	+	787	232612075	6443
chr1	232605632	232805632	harbor1	chr1	232612863	232613223	LTR/ERVL-MaLR	2325	+	180	232613043	7411
chr1	232605632	232805632	harbor1	chr1	232649816	232650371	LTR/ERVL-MaLR	1961	+	278	232650094	44462
chr1	232046476	232246476	harbor1	chr1	232060938	232061372	LTR/ERVL-MaLR	2227	+	217	232061155	14679
chr1	232046476	232246476	harbor1	chr1	232092233	232092541	LTR/ERVL-MaLR	1346	+	154	232092387	45911
chr1	232046476	232246476	harbor1	chr1	232092547	232092684	LTR/ERVL-MaLR	430	+	68	232092615	46139
chr1	232046476	232246476	harbor1	chr1	232101744	232101798	LTR/ERVL-MaLR	2487	+	27	232101771	55295
chr1	232046476	232246476	harbor1	chr1	232102113	232102484	LTR/ERVL-MaLR	2487	+	186	232102299	55823
chr1	101969950	102169950	harbor1	chr1	101979311	101979604	LTR/ERVL-MaLR	1935	+	146	101979457	9507
chr1	101969950	102169950	harbor1	chr1	101979606	101980308	LTR/ERVL-MaLR	4840	+	351	101979957	10007
chr1	101969950	102169950	harbor1	chr1	101980309	101980685	LTR/ERVL-MaLR	2343	+	188	101980497	10547
chr1	101969950	102169950	harbor1	chr1	102013348	102013654	LTR/ERVL-MaLR	1979	+	153	102013501	43551
chr1	101969950	102169950	harbor1	chr1	102013655	102015247	LTR/ERVL-MaLR	10763	+	796	102014451	44501
chr1	101969950	102169950	harbor1	chr1	102015250	102015610	LTR/ERVL-MaLR	2411	+	180	102015430	45480
chr1	101969950	102169950	harbor1	chr1	102020965	102021388	LTR/ERVL-MaLR	2156	+	212	102021177	51227
chr1	101969950	102169950	harbor1	chr1	102029907	102030451	LTR/ERVL-MaLR	1393	+	272	102030179	60229
chr1	101969950	102169950	harbor1	chr1	102039212	102039468	LTR/ERVL-MaLR	1647	+	128	102039340	69390
chr1	101969950	102169950	harbor1	chr1	102039854	102040221	LTR/ERVL-MaLR	1135	+	184	102040038	70088
chr1	101969950	102169950	harbor1	chr1	102040456	102040598	LTR/ERVL-MaLR	480	+	71	102040527	70577
chr1	101969950	102169950	harbor1	chr1	102040898	102040954	LTR/ERVL-MaLR	480	+	28	102040926	70976
chr1	101969950	102169950	harbor1	chr1	102040955	102041177	LTR/ERVL-MaLR	734	+	111	102041066	71116
chr1	101969950	102169950	harbor1	chr1	102039503	102039853	LTR/ERVL-MaLR	1647	+	175	102039678	69728
chr1	220727059	220927059	harbor1	chr1	220731467	220731828	LTR/ERVL-MaLR	2260	+	180	220731647	4588
chr1	220727059	220927059	harbor1	chr1	220744876	220745282	LTR/ERVL-MaLR	2295	+	203	220745079	18020
chr1	85104441	85304441	harbor1	chr1	85140353	85140493	LTR/ERVL-MaLR	461	+	70	85140423	35982
chr1	85104441	85304441	harbor1	chr1	85142656	85143132	LTR/ERVL-MaLR	1723	+	238	85142894	38453
chr1	85104441	85304441	harbor1	chr1	85143474	85143540	LTR/ERVL-MaLR	1723	+	33	85143507	39066
chr1	85104441	85304441	harbor1	chr1	85173035	85173496	LTR/ERVL-MaLR	1719	+	230	85173265	68824
chr1	1690039	1890039	harbor1	chr1	1767816	1767894	LTR/ERVL-MaLR	744	+	39	1767855	77816
chr1	1690039	1890039	harbor1	chr1	1768195	1768255	LTR/ERVL-MaLR	744	+	30	1768225	78186
chr1	1690039	1890039	harbor1	chr1	1768567	1768805	LTR/ERVL-MaLR	744	+	119	1768686	78647
chr1	49016890	49216890	harbor1	chr1	49021341	49021707	LTR/ERVL-MaLR	1365	+	183	49021524	4634
chr1	49016890	49216890	harbor1	chr1	49030117	49030436	LTR/ERVL-MaLR	1735	+	160	49030277	13387
chr1	49016890	49216890	harbor1	chr1	49030764	49030805	LTR/ERVL-MaLR	1735	+	20	49030784	13894
chr1	49016890	49216890	harbor1	chr1	49034525	49034897	LTR/ERVL-MaLR	2578	+	186	49034711	17821
chr1	49016890	49216890	harbor1	chr1	49042380	49042527	LTR/ERVL-MaLR	482	+	74	49042454	25564
chr1	49016890	49216890	harbor1	chr1	49042548	49042785	LTR/ERVL-MaLR	600	+	118	49042666	25776
chr1	49016890	49216890	harbor1	chr1	49044520	49045008	LTR/ERVL-MaLR	2018	+	244	49044764	27874
chr1	49016890	49216890	harbor1	chr1	49058206	49058576	LTR/ERVL-MaLR	2556	+	185	49058391	41501
chr1	49016890	49216890	harbor1	chr1	49058579	49060096	LTR/ERVL-MaLR	10231	+	758	49059337	42447
chr1	49016890	49216890	harbor1	chr1	49060097	49060454	LTR/ERVL-MaLR	2185	+	178	49060275	43385
chr1	49016890	49216890	harbor1	chr1	49094233	49094397	LTR/ERVL-MaLR	978	+	82	49094315	77425
chr1	49016890	49216890	harbor1	chr1	49096853	49097136	LTR/ERVL-MaLR	976	+	142	49096995	80105
chr1	163133149	163333149	harbor1	chr1	163133049	163133470	LTR/ERVL-MaLR	2504	+	210	163133259	110
chr1	163133149	163333149	harbor1	chr1	163151462	163151814	LTR/ERVL-MaLR	1967	+	176	163151638	18489
chr1	163133149	163333149	harbor1	chr1	163206216	163206336	LTR/ERVL-MaLR	842	+	60	163206276	73127
chr1	163133149	163333149	harbor1	chr1	163206504	163206871	LTR/ERVL-MaLR	2046	+	184	163206688	73539
chr1	163133149	163333149	harbor1	chr1	163217687	163217840	LTR/ERVL-MaLR	413	+	76	163217763	84614
chr1	163133149	163333149	harbor1	chr1	163220612	163221058	LTR/ERVL-MaLR	1878	+	223	163220835	87686
chr1	163133149	163333149	harbor1	chr1	163184554	163184943	LTR/ERVL-MaLR	1710	+	194	163184748	51599
chr1	241728723	241928723	harbor1	chr1	241809221	241809684	LTR/ERVL-MaLR	1886	+	232	241809453	80730
chr1	168659160	168859160	harbor1	chr1	168668993	168669203	LTR/ERVL-MaLR	1756	+	105	168669098	9938
chr1	168659160	168859160	harbor1	chr1	168669229	168669921	LTR/ERVL-MaLR	1756	+	346	168669575	10415
chr1	168659160	168859160	harbor1	chr1	168670056	168670248	LTR/ERVL-MaLR	613	+	96	168670152	10992
chr1	168659160	168859160	harbor1	chr1	168700077	168700439	LTR/ERVL-MaLR	2075	+	181	168700258	41098
chr1	168659160	168859160	harbor1	chr1	168707576	168707946	LTR/ERVL-MaLR	2520	+	185	168707761	48601
chr1	168659160	168859160	harbor1	chr1	168741060	168741506	LTR/ERVL-MaLR	1450	+	223	168741283	82123
chr1	168659160	168859160	harbor1	chr1	168705738	168706090	LTR/ERVL-MaLR	2048	+	176	168705914	46754
chr1	178975873	179175873	harbor1	chr1	178983412	178983834	LTR/ERVL-MaLR	2626	+	211	178983623	7750
chr1	114328488	114528488	harbor1	chr1	114337578	114337959	LTR/ERVL-MaLR	667	+	190	114337768	9280
chr1	114328488	114528488	harbor1	chr1	114340647	114340717	LTR/ERVL-MaLR	796	+	35	114340682	12194
chr1	114328488	114528488	harbor1	chr1	114341115	114341396	LTR/ERVL-MaLR	796	+	140	114341255	12767
chr1	114328488	114528488	harbor1	chr1	114342054	114342372	LTR/ERVL-MaLR	974	+	159	114342213	13725
chr1	114328488	114528488	harbor1	chr1	114344893	114345084	LTR/ERVL-MaLR	467	+	96	114344989	16501
chr1	73697291	73897291	harbor1	chr1	73733477	73733834	LTR/ERVL-MaLR	1980	+	178	73733655	36364
chr1	73697291	73897291	harbor1	chr1	73742148	73742523	LTR/ERVL-MaLR	1911	+	188	73742336	45045
chr1	73697291	73897291	harbor1	chr1	73750990	73751514	LTR/ERVL-MaLR	902	+	262	73751252	53961
chr1	73697291	73897291	harbor1	chr1	73753441	73753788	LTR/ERVL-MaLR	1159	+	174	73753615	56324
chr1	38736685	38936685	harbor1	chr1	38743831	38744219	LTR/ERVL-MaLR	2214	+	194	38744025	7340
chr1	38736685	38936685	harbor1	chr1	38744452	38744790	LTR/ERVL-MaLR	1512	+	169	38744621	7936
chr1	38736685	38936685	harbor1	chr1	38750430	38750836	LTR/ERVL-MaLR	1113	+	203	38750633	13948
chr1	38736685	38936685	harbor1	chr1	38753750	38754154	LTR/ERVL-MaLR	2460	+	202	38753952	17267
chr1	71055478	71255478	harbor1	chr1	71090979	71091392	LTR/ERVL-MaLR	621	+	206	71091185	35707
chr1	71055478	71255478	harbor1	chr1	71096485	71096833	LTR/ERVL-MaLR	1738	+	174	71096659	41181
chr1	71055478	71255478	harbor1	chr1	71145702	71146067	LTR/ERVL-MaLR	2000	+	182	71145884	90406
chr1	71055478	71255478	harbor1	chr1	71146070	71147669	LTR/ERVL-MaLR	10002	+	800	71146870	91392
chr1	71055478	71255478	harbor1	chr1	71147670	71148038	LTR/ERVL-MaLR	1970	+	184	71147854	92376
chr1	28184684	28384684	harbor1	chr1	28199256	28199655	LTR/ERVL-MaLR	1987	+	200	28199456	14772
chr1	172311620	172511620	harbor1	chr1	172364627	172365052	LTR/ERVL-MaLR	2945	+	212	172364839	53219
chr1	172311620	172511620	harbor1	chr1	172367791	172368032	LTR/ERVL-MaLR	1548	+	120	172367911	56291
chr1	196591551	196791551	harbor1	chr1	196602399	196602499	LTR/ERVL-MaLR	476	+	50	196602449	10898
chr1	196591551	196791551	harbor1	chr1	196611082	196611439	LTR/ERVL-MaLR	2129	+	178	196611260	19709
chr1	196591551	196791551	harbor1	chr1	196611440	196612250	LTR/ERVL-MaLR	5950	+	405	196611845	20294
chr1	196591551	196791551	harbor1	chr1	196612239	196612492	LTR/ERVL-MaLR	1870	+	126	196612365	20814
chr1	196591551	196791551	harbor1	chr1	196612493	196612865	LTR/ERVL-MaLR	2178	+	186	196612679	21128
chr1	196591551	196791551	harbor1	chr1	196621926	196622053	LTR/ERVL-MaLR	433	+	64	196621990	30439
chr1	196591551	196791551	harbor1	chr1	196625668	196625802	LTR/ERVL-MaLR	499	+	67	196625735	34184
chr1	196591551	196791551	harbor1	chr1	196637582	196637964	LTR/ERVL-MaLR	1138	+	191	196637773	46222
chr1	196591551	196791551	harbor1	chr1	196668470	196668844	LTR/ERVL-MaLR	2124	+	187	196668657	77106
chr1	196591551	196791551	harbor1	chr1	196668845	196670352	LTR/ERVL-MaLR	8650	+	754	196669599	78048
chr1	196591551	196791551	harbor1	chr1	196670353	196670721	LTR/ERVL-MaLR	2122	+	184	196670537	78986
chr1	184262829	184462829	harbor1	chr1	184276867	184277294	LTR/ERVL-MaLR	2591	+	214	184277081	14252
chr1	184262829	184462829	harbor1	chr1	184324906	184325370	LTR/ERVL-MaLR	1989	+	232	184325138	62309
chr1	184262829	184462829	harbor1	chr1	184333070	184333563	LTR/ERVL-MaLR	2260	+	246	184333316	70487
chr1	184262829	184462829	harbor1	chr1	184334735	184335266	LTR/ERVL-MaLR	1710	+	266	184335001	72172
chr1	184262829	184462829	harbor1	chr1	184340881	184341324	LTR/ERVL-MaLR	1020	+	222	184341103	78274
chr1	28272919	28472919	harbor1	chr1	28298514	28298653	LTR/ERVL-MaLR	589	+	70	28298584	25665
chr1	28272919	28472919	harbor1	chr1	28300009	28300139	LTR/ERVL-MaLR	424	+	65	28300074	27155
chr1	28272919	28472919	harbor1	chr1	28302079	28302196	LTR/ERVL-MaLR	420	+	58	28302137	29218
chr1	28272919	28472919	harbor1	chr1	28323643	28323934	LTR/ERVL-MaLR	1221	+	146	28323789	50870
chr1	38930014	39130014	harbor1	chr1	38931873	38932454	LTR/ERVL-MaLR	1130	+	290	38932163	2149
chr1	38930014	39130014	harbor1	chr1	38932755	38932809	LTR/ERVL-MaLR	1130	+	27	38932782	2768
chr1	38930014	39130014	harbor1	chr1	38947124	38947268	LTR/ERVL-MaLR	547	+	72	38947196	17182
chr1	38930014	39130014	harbor1	chr1	38957616	38957668	LTR/ERVL-MaLR	712	+	26	38957642	27628
chr1	38930014	39130014	harbor1	chr1	38957981	38958085	LTR/ERVL-MaLR	712	+	52	38958033	28019
chr1	38930014	39130014	harbor1	chr1	38959128	38959301	LTR/ERVL-MaLR	1034	+	86	38959214	29200
chr1	38930014	39130014	harbor1	chr1	38962047	38962221	LTR/ERVL-MaLR	545	+	87	38962134	32120
chr1	234599957	234799957	harbor1	chr1	234629392	234629833	LTR/ERVL-MaLR	1027	+	220	234629612	29655
chr1	234599957	234799957	harbor1	chr1	234629850	234630221	LTR/ERVL-MaLR	678	+	186	234630036	30079
chr1	234599957	234799957	harbor1	chr1	234631864	234632324	LTR/ERVL-MaLR	1449	+	230	234632094	32137
chr1	234599957	234799957	harbor1	chr1	234634050	234634497	LTR/ERVL-MaLR	2007	+	224	234634274	34317
chr1	234599957	234799957	harbor1	chr1	234645901	234646229	LTR/ERVL-MaLR	801	+	164	234646065	46108
chr1	234599957	234799957	harbor1	chr1	234648506	234649061	LTR/ERVL-MaLR	2079	+	278	234648784	48827
chr1	234599957	234799957	harbor1	chr1	234666748	234667143	LTR/ERVL-MaLR	1867	+	198	234666946	66989
chr1	234599957	234799957	harbor1	chr1	234668484	234668869	LTR/ERVL-MaLR	2248	+	192	234668676	68719
chr1	215993077	216193077	harbor1	chr1	216006909	216007270	LTR/ERVL-MaLR	2146	+	180	216007089	14012
chr1	215993077	216193077	harbor1	chr1	216021197	216021554	LTR/ERVL-MaLR	2176	+	178	216021375	28298
chr1	215993077	216193077	harbor1	chr1	216021820	216022244	LTR/ERVL-MaLR	2104	+	212	216022032	28955
chr1	215993077	216193077	harbor1	chr1	216027072	216027468	LTR/ERVL-MaLR	1808	+	198	216027270	34193
chr1	215993077	216193077	harbor1	chr1	216032469	216033019	LTR/ERVL-MaLR	1683	+	275	216032744	39667
chr1	215993077	216193077	harbor1	chr1	216033026	216033263	LTR/ERVL-MaLR	571	+	118	216033144	40067
chr1	215993077	216193077	harbor1	chr1	216034414	216034916	LTR/ERVL-MaLR	1300	+	251	216034665	41588
chr1	215993077	216193077	harbor1	chr1	216035170	216035592	LTR/ERVL-MaLR	2264	+	211	216035381	42304
chr1	215993077	216193077	harbor1	chr1	216042803	216043081	LTR/ERVL-MaLR	1051	+	139	216042942	49865
chr1	215993077	216193077	harbor1	chr1	216057822	216058178	LTR/ERVL-MaLR	1341	+	178	216058000	64923
chr1	53922804	54122804	harbor1	chr1	53973578	53973784	LTR/ERVL-MaLR	1379	+	103	53973681	50877
chr1	53922804	54122804	harbor1	chr1	53974079	53974090	LTR/ERVL-MaLR	1379	+	6	53974085	51281
chr1	53922804	54122804	harbor1	chr1	53974377	53974514	LTR/ERVL-MaLR	1379	+	68	53974445	51641
chr1	53922804	54122804	harbor1	chr1	53981697	53981861	LTR/ERVL-MaLR	1334	+	82	53981779	58975
chr1	53922804	54122804	harbor1	chr1	53982161	53982423	LTR/ERVL-MaLR	1334	+	131	53982292	59488
chr1	39659410	39859410	harbor1	chr1	39664817	39665079	LTR/ERVL-MaLR	442	+	131	39664948	5538
chr1	39659410	39859410	harbor1	chr1	39673270	39673811	LTR/ERVL-MaLR	1196	+	270	39673540	14130
chr1	39659410	39859410	harbor1	chr1	39673895	39674071	LTR/ERVL-MaLR	484	+	88	39673983	14573
chr1	39659410	39859410	harbor1	chr1	39674597	39674859	LTR/ERVL-MaLR	607	+	131	39674728	15318
chr1	39659410	39859410	harbor1	chr1	39708925	39709238	LTR/ERVL-MaLR	1091	+	156	39709081	49671
chr1	39659410	39859410	harbor1	chr1	39709448	39709759	LTR/ERVL-MaLR	2137	+	156	39709604	50194
chr1	17385748	17585748	harbor1	chr1	17446199	17446362	LTR/ERVL-MaLR	1062	+	82	17446281	60533
chr1	17385748	17585748	harbor1	chr1	17481995	17482215	LTR/ERVL-MaLR	2323	+	110	17482105	96357
chr1	17385748	17585748	harbor1	chr1	17483089	17483257	LTR/ERVL-MaLR	2323	+	84	17483173	97425
chr1	216212967	216412967	harbor1	chr1	216222421	216222700	LTR/ERVL-MaLR	2302	+	140	216222561	9594
chr1	216212967	216412967	harbor1	chr1	216223000	216223203	LTR/ERVL-MaLR	2302	+	102	216223102	10135
chr1	216212967	216412967	harbor1	chr1	216223382	216223664	LTR/ERVL-MaLR	989	+	141	216223523	10556
chr1	216212967	216412967	harbor1	chr1	216228390	216228745	LTR/ERVL-MaLR	2332	+	178	216228568	15601
chr1	216212967	216412967	harbor1	chr1	216245156	216245454	LTR/ERVL-MaLR	426	+	149	216245305	32338
chr1	216212967	216412967	harbor1	chr1	216254582	216254888	LTR/ERVL-MaLR	499	+	153	216254735	41768
chr1	216212967	216412967	harbor1	chr1	216269140	216269492	LTR/ERVL-MaLR	2197	+	176	216269316	56349
chr1	216212967	216412967	harbor1	chr1	216284206	216284572	LTR/ERVL-MaLR	2242	+	183	216284389	71422
chr1	216212967	216412967	harbor1	chr1	216286140	216286446	LTR/ERVL-MaLR	1925	+	153	216286293	73326
chr1	216212967	216412967	harbor1	chr1	216286752	216286822	LTR/ERVL-MaLR	1925	+	35	216286787	73820
chr1	216212967	216412967	harbor1	chr1	216284574	216286138	LTR/ERVL-MaLR	9432	+	782	216285356	72389
chr1	222042006	222242006	harbor1	chr1	222067996	222068393	LTR/ERVL-MaLR	790	+	198	222068194	26188
chr1	222042006	222242006	harbor1	chr1	222077345	222077500	LTR/ERVL-MaLR	591	+	78	222077423	35417
chr1	222042006	222242006	harbor1	chr1	222112441	222112815	LTR/ERVL-MaLR	1682	+	187	222112628	70622
chr1	222042006	222242006	harbor1	chr1	222120429	222120594	LTR/ERVL-MaLR	800	+	82	222120511	78505
chr1	222042006	222242006	harbor1	chr1	222120758	222120938	LTR/ERVL-MaLR	787	+	90	222120848	78842
chr1	222042006	222242006	harbor1	chr1	222130333	222130715	LTR/ERVL-MaLR	1904	+	191	222130524	88518
chr1	222042006	222242006	harbor1	chr1	222130918	222130955	LTR/ERVL-MaLR	1904	+	18	222130936	88930
chr1	39546151	39746151	harbor1	chr1	39553519	39553603	LTR/ERVL-MaLR	1665	+	42	39553561	7410
chr1	39546151	39746151	harbor1	chr1	39553908	39554269	LTR/ERVL-MaLR	1665	+	180	39554088	7937
chr1	39546151	39746151	harbor1	chr1	39584397	39584673	LTR/ERVL-MaLR	1410	+	138	39584535	38384
chr1	39546151	39746151	harbor1	chr1	39620102	39620265	LTR/ERVL-MaLR	473	+	82	39620184	74033
chr1	39546151	39746151	harbor1	chr1	39620585	39620862	LTR/ERVL-MaLR	473	+	138	39620723	74572
chr1	39546151	39746151	harbor1	chr1	39643643	39644003	LTR/ERVL-MaLR	2364	+	180	39643823	97672
chr1	39546151	39746151	harbor1	chr1	39550566	39551062	LTR/ERVL-MaLR	2115	+	248	39550814	4663
chr1	76437856	76637856	harbor1	chr1	76446582	76446936	LTR/ERVL-MaLR	2328	+	177	76446759	8903
chr1	76437856	76637856	harbor1	chr1	76448507	76448846	LTR/ERVL-MaLR	1850	+	170	76448677	10821
chr1	76437856	76637856	harbor1	chr1	76449120	76449159	LTR/ERVL-MaLR	1850	+	20	76449140	11284
chr1	76437856	76637856	harbor1	chr1	76452067	76452421	LTR/ERVL-MaLR	2244	+	177	76452244	14388
chr1	76437856	76637856	harbor1	chr1	76473738	76473934	LTR/ERVL-MaLR	562	+	98	76473836	35980
chr1	76437856	76637856	harbor1	chr1	76488073	76488500	LTR/ERVL-MaLR	2347	+	214	76488287	50431
chr1	76437856	76637856	harbor1	chr1	76514365	76514802	LTR/ERVL-MaLR	2540	+	218	76514583	76727
chr1	76437856	76637856	harbor1	chr1	76530400	76530715	LTR/ERVL-MaLR	455	+	158	76530558	92702
chr1	76437856	76637856	harbor1	chr1	76446937	76448506	LTR/ERVL-MaLR	11353	+	784	76447721	9865
chr1	247605058	247805058	harbor1	chr1	247626941	247627283	LTR/ERVL-MaLR	2026	+	171	247627112	22054
chr1	247605058	247805058	harbor1	chr1	247651620	247652046	LTR/ERVL-MaLR	2564	+	213	247651833	46775
chr1	207841180	208041180	harbor1	chr1	207870854	207871048	LTR/ERVL-MaLR	944	+	97	207870951	29771
chr1	207841180	208041180	harbor1	chr1	207925079	207925630	LTR/ERVL-MaLR	2076	+	276	207925355	84175
chr1	207841180	208041180	harbor1	chr1	207933226	207933438	LTR/ERVL-MaLR	997	+	106	207933332	92152
chr1	207841180	208041180	harbor1	chr1	207933990	207934200	LTR/ERVL-MaLR	997	+	105	207934095	92915
chr1	113153566	113353566	harbor1	chr1	113159943	113160296	LTR/ERVL-MaLR	1917	+	176	113160119	6553
chr1	113153566	113353566	harbor1	chr1	113167936	113168438	LTR/ERVL-MaLR	2346	+	251	113168187	14621
chr1	113153566	113353566	harbor1	chr1	113196455	113196716	LTR/ERVL-MaLR	847	+	130	113196585	43019
chr1	113153566	113353566	harbor1	chr1	113207032	113207558	LTR/ERVL-MaLR	1066	+	263	113207295	53729
chr1	113153566	113353566	harbor1	chr1	113246000	113246394	LTR/ERVL-MaLR	2290	+	197	113246197	92631
chr1	221498075	221698075	harbor1	chr1	221516631	221517108	LTR/ERVL-MaLR	1437	+	238	221516869	18794
chr1	221498075	221698075	harbor1	chr1	221539205	221539616	LTR/ERVL-MaLR	1406	+	206	221539411	41336
chr1	221498075	221698075	harbor1	chr1	221546064	221546469	LTR/ERVL-MaLR	989	+	202	221546266	48191
chr1	221498075	221698075	harbor1	chr1	221587006	221587369	LTR/ERVL-MaLR	2326	+	182	221587188	89113
chr1	221498075	221698075	harbor1	chr1	221587371	221588362	LTR/ERVL-MaLR	7369	+	496	221587867	89792
chr1	7379525	7579525	harbor1	chr1	7396017	7396443	LTR/ERVL-MaLR	2642	+	213	7396230	16705
chr1	7379525	7579525	harbor1	chr1	7399043	7399483	LTR/ERVL-MaLR	2480	+	220	7399263	19738
chr1	224477029	224677029	harbor1	chr1	224521517	224521835	LTR/ERVL-MaLR	606	+	159	224521676	44647
chr1	224477029	224677029	harbor1	chr1	224523880	224524573	LTR/ERVL-MaLR	682	+	346	224524226	47197
chr1	224477029	224677029	harbor1	chr1	224524821	224525204	LTR/ERVL-MaLR	910	+	192	224525013	47984
chr1	224477029	224677029	harbor1	chr1	224526627	224526687	LTR/ERVL-MaLR	483	+	30	224526657	49628
chr1	224477029	224677029	harbor1	chr1	224535019	224535472	LTR/ERVL-MaLR	1352	+	226	224535245	58216
chr1	224477029	224677029	harbor1	chr1	224542305	224542433	LTR/ERVL-MaLR	538	+	64	224542369	65340
chr1	224477029	224677029	harbor1	chr1	224562528	224562863	LTR/ERVL-MaLR	1721	+	168	224562696	85667
chr1	224477029	224677029	harbor1	chr1	224563177	224563286	LTR/ERVL-MaLR	861	+	54	224563231	86202
chr1	224477029	224677029	harbor1	chr1	224526224	224526524	LTR/ERVL-MaLR	1378	+	150	224526374	49345
chr1	16331144	16531144	harbor1	chr1	16342683	16343110	LTR/ERVL-MaLR	2507	+	214	16342897	11753
chr1	16331144	16531144	harbor1	chr1	16403255	16403467	LTR/ERVL-MaLR	511	+	106	16403361	72217
chr1	16331144	16531144	harbor1	chr1	16406314	16406460	LTR/ERVL-MaLR	1604	+	73	16406387	75243
chr1	16331144	16531144	harbor1	chr1	16406764	16406991	LTR/ERVL-MaLR	1604	+	114	16406878	75734
chr1	16331144	16531144	harbor1	chr1	16430659	16431156	LTR/ERVL-MaLR	1210	+	248	16430907	99763
chr1	63671700	63871700	harbor1	chr1	63679751	63680175	LTR/ERVL-MaLR	2441	+	212	63679963	8263
chr1	63671700	63871700	harbor1	chr1	63680724	63681180	LTR/ERVL-MaLR	2465	+	228	63680952	9252
chr1	63671700	63871700	harbor1	chr1	63696182	63696323	LTR/ERVL-MaLR	841	+	70	63696252	24552
chr1	63671700	63871700	harbor1	chr1	63696499	63696693	LTR/ERVL-MaLR	1081	+	97	63696596	24896
chr1	63671700	63871700	harbor1	chr1	63727039	63727398	LTR/ERVL-MaLR	2583	+	180	63727219	55519
chr1	63671700	63871700	harbor1	chr1	63727813	63728005	LTR/ERVL-MaLR	2403	+	96	63727909	56209
chr1	63671700	63871700	harbor1	chr1	63728298	63728542	LTR/ERVL-MaLR	2403	+	122	63728420	56720
chr1	63671700	63871700	harbor1	chr1	63744518	63744722	LTR/ERVL-MaLR	1370	+	102	63744620	72920
chr1	63671700	63871700	harbor1	chr1	63745006	63745335	LTR/ERVL-MaLR	1370	+	164	63745170	73470
chr1	63671700	63871700	harbor1	chr1	63754021	63754387	LTR/ERVL-MaLR	1375	+	183	63754204	82504
chr1	63671700	63871700	harbor1	chr1	63766132	63766353	LTR/ERVL-MaLR	957	+	110	63766242	94542
chr1	116219508	116419508	harbor1	chr1	116225224	116225533	LTR/ERVL-MaLR	744	+	154	116225378	5870
chr1	116219508	116419508	harbor1	chr1	116246018	116246486	LTR/ERVL-MaLR	1521	+	234	116246252	26744
chr1	116219508	116419508	harbor1	chr1	116249792	116250158	LTR/ERVL-MaLR	1939	+	183	116249975	30467
chr1	155931458	156131458	harbor1	chr1	155953286	155953509	LTR/ERVL-MaLR	536	+	112	155953398	21940
chr1	155931458	156131458	harbor1	chr1	155953777	155953879	LTR/ERVL-MaLR	536	+	51	155953828	22370
chr1	155931458	156131458	harbor1	chr1	156016672	156017041	LTR/ERVL-MaLR	1949	+	184	156016856	85398
chr1	8854775	9054775	harbor1	chr1	8855670	8855845	LTR/ERVL-MaLR	2152	+	88	8855758	983
chr1	8854775	9054775	harbor1	chr1	8856159	8856381	LTR/ERVL-MaLR	2152	+	111	8856270	1495
chr1	8854775	9054775	harbor1	chr1	8886333	8886591	LTR/ERVL-MaLR	1087	+	129	8886462	31687
chr1	8854775	9054775	harbor1	chr1	8938090	8938281	LTR/ERVL-MaLR	909	+	96	8938186	83411
chr1	8854775	9054775	harbor1	chr1	8939524	8939754	LTR/ERVL-MaLR	1305	+	115	8939639	84864
chr1	201894848	202094848	harbor1	chr1	201927869	201928244	LTR/ERVL-MaLR	2051	+	188	201928057	33209
chr1	82411925	82611925	harbor1	chr1	82461607	82461993	LTR/ERVL-MaLR	1998	+	193	82461800	49875
chr1	168316166	168516166	harbor1	chr1	168324347	168324682	LTR/ERVL-MaLR	1014	+	168	168324515	8349
chr1	168316166	168516166	harbor1	chr1	168363486	168363848	LTR/ERVL-MaLR	1425	+	181	168363667	47501
chr1	168316166	168516166	harbor1	chr1	168379402	168379807	LTR/ERVL-MaLR	1344	+	202	168379604	63438
chr1	168316166	168516166	harbor1	chr1	168389223	168389712	LTR/ERVL-MaLR	1833	+	244	168389467	73301
chr1	25414738	25614738	harbor1	chr1	25414761	25414977	LTR/ERVL-MaLR	848	+	108	25414869	131
chr1	25414738	25614738	harbor1	chr1	25512744	25512936	LTR/ERVL-MaLR	1059	+	96	25512840	98102
chr1	6801081	7001081	harbor1	chr1	6814270	6814640	LTR/ERVL-MaLR	672	+	185	6814455	13374
chr1	118740451	118940451	harbor1	chr1	118776105	118776428	LTR/ERVL-MaLR	1198	+	162	118776267	35816
chr1	118740451	118940451	harbor1	chr1	118787577	118787887	LTR/ERVL-MaLR	1657	+	155	118787732	47281
chr1	118740451	118940451	harbor1	chr1	118803169	118803512	LTR/ERVL-MaLR	2192	+	172	118803341	62890
chr1	189566158	189766158	harbor1	chr1	189587353	189587708	LTR/ERVL-MaLR	2154	+	178	189587531	21373
chr1	189566158	189766158	harbor1	chr1	189593733	189594078	LTR/ERVL-MaLR	1568	+	172	189593905	27747
chr1	189566158	189766158	harbor1	chr1	189595693	189596052	LTR/ERVL-MaLR	1605	+	180	189595873	29715
chr1	189566158	189766158	harbor1	chr1	189607871	189608451	LTR/ERVL-MaLR	1722	+	290	189608161	42003
chr1	189566158	189766158	harbor1	chr1	189627799	189628171	LTR/ERVL-MaLR	987	+	186	189627985	61827
chr1	189566158	189766158	harbor1	chr1	189594079	189595692	LTR/ERVL-MaLR	10096	+	806	189594885	28727
chr1	189566158	189766158	harbor1	chr1	189628173	189628893	LTR/ERVL-MaLR	2946	+	360	189628533	62375
chr1	50699189	50899189	harbor1	chr1	50717185	50717534	LTR/ERVL-MaLR	1432	+	174	50717359	18170
chr1	50699189	50899189	harbor1	chr1	50733430	50733816	LTR/ERVL-MaLR	1431	+	193	50733623	34434
chr1	50699189	50899189	harbor1	chr1	50745417	50745787	LTR/ERVL-MaLR	1816	+	185	50745602	46413
chr1	50699189	50899189	harbor1	chr1	50745792	50746247	LTR/ERVL-MaLR	8828	+	228	50746020	46831
chr1	50699189	50899189	harbor1	chr1	50746602	50747700	LTR/ERVL-MaLR	8828	+	549	50747151	47962
chr1	50699189	50899189	harbor1	chr1	50747701	50748085	LTR/ERVL-MaLR	2109	+	192	50747893	48704
chr1	50699189	50899189	harbor1	chr1	50787278	50787656	LTR/ERVL-MaLR	1875	+	189	50787467	88278
chr1	176908923	177108923	harbor1	chr1	176929164	176929624	LTR/ERVL-MaLR	2260	+	230	176929394	20471
chr1	176908923	177108923	harbor1	chr1	176954118	176954590	LTR/ERVL-MaLR	2317	+	236	176954354	45431
chr1	176908923	177108923	harbor1	chr1	176981347	176981609	LTR/ERVL-MaLR	1554	+	131	176981478	72555
chr1	176908923	177108923	harbor1	chr1	176992827	176993210	LTR/ERVL-MaLR	1190	+	192	176993019	84096
chr1	176908923	177108923	harbor1	chr1	176999639	176999995	LTR/ERVL-MaLR	1998	+	178	176999817	90894
chr1	80893542	81093542	harbor1	chr1	80924630	80925157	LTR/ERVL-MaLR	1357	+	264	80924894	31352
chr1	80893542	81093542	harbor1	chr1	80925160	80925573	LTR/ERVL-MaLR	2070	+	206	80925366	31824
chr1	80893542	81093542	harbor1	chr1	80960860	80961089	LTR/ERVL-MaLR	635	+	114	80960974	67432
chr1	80893542	81093542	harbor1	chr1	80963217	80963564	LTR/ERVL-MaLR	1575	+	174	80963391	69849
chr1	80893542	81093542	harbor1	chr1	80963565	80963779	LTR/ERVL-MaLR	1165	+	107	80963672	70130
chr1	80893542	81093542	harbor1	chr1	80975762	80976159	LTR/ERVL-MaLR	808	+	198	80975960	82418
chr1	80893542	81093542	harbor1	chr1	80991016	80991371	LTR/ERVL-MaLR	971	+	178	80991194	97652
chr1	107028936	107228936	harbor1	chr1	107031104	107031471	LTR/ERVL-MaLR	1814	+	184	107031288	2352
chr1	107028936	107228936	harbor1	chr1	107038665	107039037	LTR/ERVL-MaLR	1930	+	186	107038851	9915
chr1	107028936	107228936	harbor1	chr1	107039040	107040616	LTR/ERVL-MaLR	11926	+	788	107039828	10892
chr1	107028936	107228936	harbor1	chr1	107040617	107040946	LTR/ERVL-MaLR	1678	+	164	107040781	11845
chr1	107028936	107228936	harbor1	chr1	107048233	107048740	LTR/ERVL-MaLR	1659	+	254	107048487	19551
chr1	107028936	107228936	harbor1	chr1	107076814	107077213	LTR/ERVL-MaLR	571	+	200	107077014	48078
chr1	107028936	107228936	harbor1	chr1	107091852	107092344	LTR/ERVL-MaLR	1522	+	246	107092098	63162
chr1	107028936	107228936	harbor1	chr1	107093469	107093825	LTR/ERVL-MaLR	2337	+	178	107093647	64711
chr1	107028936	107228936	harbor1	chr1	107098196	107098222	LTR/ERVL-MaLR	1030	+	13	107098209	69273
chr1	107028936	107228936	harbor1	chr1	107098223	107098416	LTR/ERVL-MaLR	2031	+	96	107098319	69383
chr1	107028936	107228936	harbor1	chr1	107098725	107098949	LTR/ERVL-MaLR	2031	+	112	107098837	69901
chr1	107028936	107228936	harbor1	chr1	107098950	107099301	LTR/ERVL-MaLR	1030	+	176	107099126	70190
chr1	246147804	246347804	harbor1	chr1	246184529	246184928	LTR/ERVL-MaLR	1344	+	200	246184729	36925
chr1	17023977	17223977	harbor1	chr1	17043670	17044061	LTR/ERVL-MaLR	1402	+	196	17043866	19889
chr1	17023977	17223977	harbor1	chr1	17080199	17080564	LTR/ERVL-MaLR	845	+	182	17080381	56404
chr1	17023977	17223977	harbor1	chr1	17106308	17106433	LTR/ERVL-MaLR	652	+	62	17106370	82393
chr1	17023977	17223977	harbor1	chr1	17106733	17107017	LTR/ERVL-MaLR	865	+	142	17106875	82898
chr1	2780000	2980000	harbor1	chr1	2795911	2796246	LTR/ERVL-MaLR	1031	+	168	2796079	16079
chr1	2780000	2980000	harbor1	chr1	2812479	2812914	LTR/ERVL-MaLR	1592	+	218	2812697	32697
chr1	2780000	2980000	harbor1	chr1	2832147	2832460	LTR/ERVL-MaLR	1215	+	156	2832303	52303
chr1	2780000	2980000	harbor1	chr1	2841740	2842100	LTR/ERVL-MaLR	1356	+	180	2841920	61920
chr1	163652398	163852398	harbor1	chr1	163663114	163663655	LTR/ERVL-MaLR	891	+	270	163663384	10986
chr1	163652398	163852398	harbor1	chr1	163694601	163695126	LTR/ERVL-MaLR	1299	+	262	163694863	42465
chr1	163652398	163852398	harbor1	chr1	163708246	163708621	LTR/ERVL-MaLR	1950	+	188	163708434	56036
chr1	163652398	163852398	harbor1	chr1	163732053	163732151	LTR/ERVL-MaLR	552	+	49	163732102	79704
chr1	209267998	209467998	harbor1	chr1	209278104	209278401	LTR/ERVL-MaLR	736	+	148	209278252	10254
chr1	209267998	209467998	harbor1	chr1	209282393	209283090	LTR/ERVL-MaLR	1259	+	348	209282741	14743
chr1	209267998	209467998	harbor1	chr1	209336098	209336464	LTR/ERVL-MaLR	1921	+	183	209336281	68283
chr1	173924652	174124652	harbor1	chr1	174005043	174005162	LTR/ERVL-MaLR	497	+	60	174005103	80451
chr1	173924652	174124652	harbor1	chr1	174005227	174005415	LTR/ERVL-MaLR	661	+	94	174005321	80669
chr1	144908369	145108369	harbor1	chr1	144975305	144975735	LTR/ERVL-MaLR	1469	+	215	144975520	67151
chr1	144908369	145108369	harbor1	chr1	144979529	144979944	LTR/ERVL-MaLR	2654	+	208	144979737	71368
chr1	144908369	145108369	harbor1	chr1	144987197	144987632	LTR/ERVL-MaLR	1249	+	218	144987415	79046
chr1	144908369	145108369	harbor1	chr1	145002247	145002429	LTR/ERVL-MaLR	625	+	91	145002338	93969
chr1	65456012	65656012	harbor1	chr1	65486568	65486665	LTR/ERVL-MaLR	455	+	48	65486616	30604
chr1	65456012	65656012	harbor1	chr1	65499913	65500000	LTR/ERVL-MaLR	414	+	44	65499957	43945
chr1	65456012	65656012	harbor1	chr1	65500001	65500275	LTR/ERVL-MaLR	1448	+	137	65500138	44126
chr1	65456012	65656012	harbor1	chr1	65502071	65502467	LTR/ERVL-MaLR	1691	+	198	65502269	46257
chr1	65456012	65656012	harbor1	chr1	65523742	65524186	LTR/ERVL-MaLR	1356	+	222	65523964	67952
chr1	65456012	65656012	harbor1	chr1	65536045	65536484	LTR/ERVL-MaLR	1982	+	220	65536265	80253
chr1	65456012	65656012	harbor1	chr1	65539871	65540040	LTR/ERVL-MaLR	614	+	84	65539955	83943
chr1	65456012	65656012	harbor1	chr1	65540286	65540702	LTR/ERVL-MaLR	2565	+	208	65540494	84482
chr1	226483174	226683174	harbor1	chr1	226484539	226484949	LTR/ERVL-MaLR	1448	+	205	226484744	1570
chr1	226483174	226683174	harbor1	chr1	226510160	226510172	LTR/ERVL-MaLR	436	+	6	226510166	26992
chr1	226483174	226683174	harbor1	chr1	226510471	226510745	LTR/ERVL-MaLR	436	+	137	226510608	27434
chr1	226483174	226683174	harbor1	chr1	226534590	226534989	LTR/ERVL-MaLR	677	+	200	226534790	51616
chr1	226483174	226683174	harbor1	chr1	226545768	226546338	LTR/ERVL-MaLR	1807	+	285	226546053	62879
chr1	226483174	226683174	harbor1	chr1	226553931	226554355	LTR/ERVL-MaLR	662	+	212	226554143	70969
chr1	154306693	154506693	harbor1	chr1	154308841	154308990	LTR/ERVL-MaLR	2277	+	74	154308915	2222
chr1	154306693	154506693	harbor1	chr1	154309298	154309513	LTR/ERVL-MaLR	2277	+	108	154309406	2713
chr1	64581908	64781908	harbor1	chr1	64598962	64599225	LTR/ERVL-MaLR	1464	+	132	64599094	17186
chr1	190853712	191053712	harbor1	chr1	190855548	190855973	LTR/ERVL-MaLR	2148	+	212	190855760	2048
chr1	190853712	191053712	harbor1	chr1	190855974	190856441	LTR/ERVL-MaLR	2658	+	234	190856208	2496
chr1	190853712	191053712	harbor1	chr1	190858145	190859316	LTR/ERVL-MaLR	6079	+	586	190858731	5019
chr1	190853712	191053712	harbor1	chr1	190859317	190859471	LTR/ERVL-MaLR	963	+	77	190859394	5682
chr1	190853712	191053712	harbor1	chr1	190861399	190861409	LTR/ERVL-MaLR	963	+	5	190861404	7692
chr1	190853712	191053712	harbor1	chr1	190861730	190862005	LTR/ERVL-MaLR	1567	+	138	190861868	8156
chr1	190853712	191053712	harbor1	chr1	190886487	190887234	LTR/ERVL-MaLR	1130	+	374	190886861	33149
chr1	190853712	191053712	harbor1	chr1	190897773	190898139	LTR/ERVL-MaLR	1694	+	183	190897956	44244
chr1	190853712	191053712	harbor1	chr1	190910755	190910898	LTR/ERVL-MaLR	483	+	72	190910827	57115
chr1	190853712	191053712	harbor1	chr1	190914635	190914994	LTR/ERVL-MaLR	2224	+	180	190914815	61103
chr1	190853712	191053712	harbor1	chr1	190914997	190916634	LTR/ERVL-MaLR	8822	+	818	190915815	62103
chr1	190853712	191053712	harbor1	chr1	190916637	190916970	LTR/ERVL-MaLR	2116	+	166	190916803	63091
chr1	190853712	191053712	harbor1	chr1	190923720	190924717	LTR/ERVL-MaLR	3106	+	498	190924218	70506
chr1	190853712	191053712	harbor1	chr1	190924953	190925261	LTR/ERVL-MaLR	1683	+	154	190925107	71395
chr1	190853712	191053712	harbor1	chr1	190925313	190925684	LTR/ERVL-MaLR	1436	+	186	190925499	71787
chr1	190853712	191053712	harbor1	chr1	190929548	190930588	LTR/ERVL-MaLR	6957	+	520	190930068	76356
chr1	190853712	191053712	harbor1	chr1	190930589	190930968	LTR/ERVL-MaLR	1872	+	190	190930779	77067
chr1	190853712	191053712	harbor1	chr1	190931687	190932134	LTR/ERVL-MaLR	1053	+	224	190931911	78199
chr1	8064362	8264362	harbor1	chr1	8107281	8107375	LTR/ERVL-MaLR	505	+	47	8107328	42966
chr1	8064362	8264362	harbor1	chr1	8126755	8127117	LTR/ERVL-MaLR	2194	+	181	8126936	62574
chr1	8064362	8264362	harbor1	chr1	8144610	8144791	LTR/ERVL-MaLR	586	+	90	8144700	80338
chr1	8064362	8264362	harbor1	chr1	8145647	8145812	LTR/ERVL-MaLR	672	+	82	8145729	81367
chr1	64527976	64727976	harbor1	chr1	64573089	64573453	LTR/ERVL-MaLR	1457	+	182	64573271	45295
chr1	64527976	64727976	harbor1	chr1	64598962	64599225	LTR/ERVL-MaLR	1464	+	132	64599094	71118
chr1	81515461	81715461	harbor1	chr1	81519840	81520207	LTR/ERVL-MaLR	600	+	184	81520024	4563
chr1	81515461	81715461	harbor1	chr1	81520433	81520798	LTR/ERVL-MaLR	2191	+	182	81520615	5154
chr1	81515461	81715461	harbor1	chr1	81527278	81527430	LTR/ERVL-MaLR	1437	+	76	81527354	11893
chr1	81515461	81715461	harbor1	chr1	81527723	81527785	LTR/ERVL-MaLR	1437	+	31	81527754	12293
chr1	81515461	81715461	harbor1	chr1	81528089	81528254	LTR/ERVL-MaLR	1437	+	82	81528171	12710
chr1	81515461	81715461	harbor1	chr1	81591531	81592062	LTR/ERVL-MaLR	1919	+	266	81591797	76336
chr1	81515461	81715461	harbor1	chr1	81611756	81612125	LTR/ERVL-MaLR	2021	+	184	81611940	96479
chr1	81515461	81715461	harbor1	chr1	81543148	81543516	LTR/ERVL-MaLR	1782	+	184	81543332	27871
chr1	240926295	241126295	harbor1	chr1	240971045	240971356	LTR/ERVL-MaLR	1526	+	156	240971201	44906
chr1	152998752	153198752	harbor1	chr1	153035130	153035510	LTR/ERVL-MaLR	2192	+	190	153035320	36568
chr1	216128166	216328166	harbor1	chr1	216136558	216136972	LTR/ERVL-MaLR	2285	+	207	216136765	8599
chr1	216128166	216328166	harbor1	chr1	216193515	216193880	LTR/ERVL-MaLR	647	+	182	216193697	65531
chr1	216128166	216328166	harbor1	chr1	216222421	216222700	LTR/ERVL-MaLR	2302	+	140	216222561	94395
chr1	216128166	216328166	harbor1	chr1	216223000	216223203	LTR/ERVL-MaLR	2302	+	102	216223102	94936
chr1	216128166	216328166	harbor1	chr1	216223382	216223664	LTR/ERVL-MaLR	989	+	141	216223523	95357
chr1	73345949	73545949	harbor1	chr1	73356150	73356305	LTR/ERVL-MaLR	1346	+	78	73356228	10279
chr1	73345949	73545949	harbor1	chr1	73356671	73356968	LTR/ERVL-MaLR	1346	+	148	73356819	10870
chr1	73345949	73545949	harbor1	chr1	73376300	73376652	LTR/ERVL-MaLR	2186	+	176	73376476	30527
chr1	73345949	73545949	harbor1	chr1	73381118	73381406	LTR/ERVL-MaLR	1804	+	144	73381262	35313
chr1	73345949	73545949	harbor1	chr1	73417098	73417326	LTR/ERVL-MaLR	542	+	114	73417212	71263
chr1	73345949	73545949	harbor1	chr1	73438340	73439354	LTR/ERVL-MaLR	8674	+	507	73438847	92898
chr1	73345949	73545949	harbor1	chr1	73439393	73439871	LTR/ERVL-MaLR	8674	+	239	73439632	93683
chr1	73345949	73545949	harbor1	chr1	73439872	73440209	LTR/ERVL-MaLR	2121	+	168	73440040	94091
chr1	117182262	117382262	harbor1	chr1	117224236	117224385	LTR/ERVL-MaLR	1572	+	74	117224310	42048
chr1	117182262	117382262	harbor1	chr1	117224696	117224915	LTR/ERVL-MaLR	1572	+	110	117224806	42544
chr1	117182262	117382262	harbor1	chr1	117225234	117225577	LTR/ERVL-MaLR	1145	+	172	117225406	43144
chr1	117182262	117382262	harbor1	chr1	117225900	117226090	LTR/ERVL-MaLR	620	+	95	117225995	43733
chr1	117182262	117382262	harbor1	chr1	117230890	117231293	LTR/ERVL-MaLR	2374	+	202	117231092	48830
chr1	117182262	117382262	harbor1	chr1	117273559	117273917	LTR/ERVL-MaLR	1445	+	179	117273738	91476
chr1	117182262	117382262	harbor1	chr1	117274229	117274268	LTR/ERVL-MaLR	1445	+	20	117274249	91987
chr1	72806385	73006385	harbor1	chr1	72823073	72823363	LTR/ERVL-MaLR	695	+	145	72823218	16833
chr1	72806385	73006385	harbor1	chr1	72824967	72825470	LTR/ERVL-MaLR	1408	+	252	72825219	18834
chr1	72806385	73006385	harbor1	chr1	72836828	72837182	LTR/ERVL-MaLR	1775	+	177	72837005	30620
chr1	72806385	73006385	harbor1	chr1	72838320	72838745	LTR/ERVL-MaLR	2748	+	212	72838532	32147
chr1	72806385	73006385	harbor1	chr1	72850510	72850875	LTR/ERVL-MaLR	1811	+	182	72850692	44307
chr1	72806385	73006385	harbor1	chr1	72858484	72859003	LTR/ERVL-MaLR	1007	+	260	72858744	52359
chr1	72806385	73006385	harbor1	chr1	72875428	72875649	LTR/ERVL-MaLR	1184	+	110	72875538	69153
chr1	72806385	73006385	harbor1	chr1	72876246	72876347	LTR/ERVL-MaLR	1184	+	50	72876296	69911
chr1	72806385	73006385	harbor1	chr1	72886381	72886770	LTR/ERVL-MaLR	779	+	194	72886575	80190
chr1	72806385	73006385	harbor1	chr1	72890908	72891315	LTR/ERVL-MaLR	1092	+	204	72891112	84727
chr1	72806385	73006385	harbor1	chr1	72891969	72892435	LTR/ERVL-MaLR	1173	+	233	72892202	85817
chr1	147316360	147516360	harbor1	chr1	147340702	147341158	LTR/ERVL-MaLR	997	+	228	147340930	24570
chr1	147316360	147516360	harbor1	chr1	147396703	147397109	LTR/ERVL-MaLR	2129	+	203	147396906	80546
chr1	147316360	147516360	harbor1	chr1	147408541	147408781	LTR/ERVL-MaLR	1393	+	120	147408661	92301
chr1	147316360	147516360	harbor1	chr1	147411442	147411685	LTR/ERVL-MaLR	1217	+	122	147411564	95204
chr1	178927347	179127347	harbor1	chr1	178931363	178931530	LTR/ERVL-MaLR	485	+	84	178931447	4100
chr1	178927347	179127347	harbor1	chr1	178959603	178959966	LTR/ERVL-MaLR	2067	+	182	178959785	32438
chr1	178927347	179127347	harbor1	chr1	178964668	178965136	LTR/ERVL-MaLR	1360	+	234	178964902	37555
chr1	178927347	179127347	harbor1	chr1	178967558	178967766	LTR/ERVL-MaLR	1737	+	104	178967662	40315
chr1	178927347	179127347	harbor1	chr1	178968067	178968383	LTR/ERVL-MaLR	1737	+	158	178968225	40878
chr1	178927347	179127347	harbor1	chr1	178983412	178983834	LTR/ERVL-MaLR	2626	+	211	178983623	56276
chr1	6054318	6254318	harbor1	chr1	6055033	6055207	LTR/ERVL-MaLR	899	+	87	6055120	802
chr1	6054318	6254318	harbor1	chr1	6110793	6110947	LTR/ERVL-MaLR	624	+	77	6110870	56552
chr1	6054318	6254318	harbor1	chr1	6111557	6111711	LTR/ERVL-MaLR	624	+	77	6111634	57316
chr1	6054318	6254318	harbor1	chr1	6115433	6115906	LTR/ERVL-MaLR	1703	+	236	6115669	61351
chr1	6054318	6254318	harbor1	chr1	6140640	6140718	LTR/ERVL-MaLR	1170	+	39	6140679	86361
chr1	6054318	6254318	harbor1	chr1	6141635	6141971	LTR/ERVL-MaLR	1170	+	168	6141803	87485
chr1	209716267	209916267	harbor1	chr1	209720809	209721257	LTR/ERVL-MaLR	1766	+	224	209721033	4766
chr1	209716267	209916267	harbor1	chr1	209726953	209727401	LTR/ERVL-MaLR	965	+	224	209727177	10910
chr1	209716267	209916267	harbor1	chr1	209738600	209739054	LTR/ERVL-MaLR	1361	+	227	209738827	22560
chr1	209716267	209916267	harbor1	chr1	209807711	209808117	LTR/ERVL-MaLR	1599	+	203	209807914	91647
chr1	205897915	206097915	harbor1	chr1	205951759	205952110	LTR/ERVL-MaLR	564	+	176	205951935	54020
chr1	89111345	89311345	harbor1	chr1	89148541	89148662	LTR/ERVL-MaLR	411	+	60	89148601	37256
chr1	89111345	89311345	harbor1	chr1	89148667	89148783	LTR/ERVL-MaLR	445	+	58	89148725	37380
chr1	89111345	89311345	harbor1	chr1	89165115	89165219	LTR/ERVL-MaLR	1223	+	52	89165167	53822
chr1	89111345	89311345	harbor1	chr1	89165524	89165595	LTR/ERVL-MaLR	1223	+	36	89165560	54215
chr1	89111345	89311345	harbor1	chr1	89165925	89166135	LTR/ERVL-MaLR	1223	+	105	89166030	54685
chr1	89111345	89311345	harbor1	chr1	89189401	89189681	LTR/ERVL-MaLR	461	+	140	89189541	78196
chr1	89111345	89311345	harbor1	chr1	89189685	89189863	LTR/ERVL-MaLR	838	+	89	89189774	78429
chr1	89111345	89311345	harbor1	chr1	89203974	89204342	LTR/ERVL-MaLR	1855	+	184	89204158	92813
chr1	89111345	89311345	harbor1	chr1	89204343	89205878	LTR/ERVL-MaLR	11083	+	768	89205111	93766
chr1	89111345	89311345	harbor1	chr1	89206330	89206412	LTR/ERVL-MaLR	11083	+	41	89206371	95026
chr1	89111345	89311345	harbor1	chr1	89206413	89206780	LTR/ERVL-MaLR	1751	+	184	89206597	95252
chr1	69341619	69541619	harbor1	chr1	69341632	69341822	LTR/ERVL-MaLR	2620	+	95	69341727	108
chr1	69341619	69541619	harbor1	chr1	69403583	69404129	LTR/ERVL-MaLR	1706	+	273	69403856	62237
chr1	69341619	69541619	harbor1	chr1	69420160	69420741	LTR/ERVL-MaLR	1541	+	290	69420450	78831
chr1	69341619	69541619	harbor1	chr1	69420742	69422039	LTR/ERVL-MaLR	2142	+	648	69421390	79771
chr1	69341619	69541619	harbor1	chr1	69430839	69431034	LTR/ERVL-MaLR	630	+	98	69430937	89318
chr1	69341619	69541619	harbor1	chr1	69431084	69431152	LTR/ERVL-MaLR	827	+	34	69431118	89499
chr1	69341619	69541619	harbor1	chr1	69431684	69432104	LTR/ERVL-MaLR	827	+	210	69431894	90275
chr1	69341619	69541619	harbor1	chr1	69433389	69433775	LTR/ERVL-MaLR	575	+	193	69433582	91963
chr1	160416622	160616622	harbor1	chr1	160468710	160468936	LTR/ERVL-MaLR	735	+	113	160468823	52201
chr1	160416622	160616622	harbor1	chr1	160469493	160469742	LTR/ERVL-MaLR	1185	+	124	160469617	52995
chr1	160416622	160616622	harbor1	chr1	160470302	160470570	LTR/ERVL-MaLR	650	+	134	160470436	53814
chr1	160416622	160616622	harbor1	chr1	160494462	160494926	LTR/ERVL-MaLR	1307	+	232	160494694	78072
chr1	242162182	242362182	harbor1	chr1	242203419	242203822	LTR/ERVL-MaLR	2414	+	202	242203621	41439
chr1	242162182	242362182	harbor1	chr1	242236035	242236305	LTR/ERVL-MaLR	1468	+	135	242236170	73988
chr1	242162182	242362182	harbor1	chr1	242248812	242248866	LTR/ERVL-MaLR	1000	+	27	242248839	86657
chr1	242162182	242362182	harbor1	chr1	242249125	242249481	LTR/ERVL-MaLR	1000	+	178	242249303	87121
chr1	242162182	242362182	harbor1	chr1	242256372	242256743	LTR/ERVL-MaLR	1648	+	186	242256558	94376
chr1	44843895	45043895	harbor1	chr1	44906164	44906255	LTR/ERVL-MaLR	432	+	46	44906210	62315
chr1	44843895	45043895	harbor1	chr1	44907918	44908077	LTR/ERVL-MaLR	746	+	80	44907998	64103
chr1	44843895	45043895	harbor1	chr1	44930346	44930633	LTR/ERVL-MaLR	949	+	144	44930490	86595
chr1	44843895	45043895	harbor1	chr1	44930983	44931480	LTR/ERVL-MaLR	1578	+	248	44931231	87336
chr1	44843895	45043895	harbor1	chr1	44931487	44931623	LTR/ERVL-MaLR	494	+	68	44931555	87660
chr1	242712184	242912184	harbor1	chr1	242720576	242720902	LTR/ERVL-MaLR	1794	+	163	242720739	8555
chr1	242712184	242912184	harbor1	chr1	242758173	242758594	LTR/ERVL-MaLR	2470	+	210	242758383	46199
chr1	242712184	242912184	harbor1	chr1	242762994	242763357	LTR/ERVL-MaLR	480	+	182	242763176	50992
chr1	242712184	242912184	harbor1	chr1	242771146	242771616	LTR/ERVL-MaLR	620	+	235	242771381	59197
chr1	242712184	242912184	harbor1	chr1	242792652	242792790	LTR/ERVL-MaLR	421	+	69	242792721	80537
chr1	242712184	242912184	harbor1	chr1	242792799	242793128	LTR/ERVL-MaLR	666	+	164	242792963	80779
chr1	12486851	12686851	harbor1	chr1	12539435	12539619	LTR/ERVL-MaLR	481	+	92	12539527	52676
chr1	12486851	12686851	harbor1	chr1	12539922	12539985	LTR/ERVL-MaLR	481	+	32	12539954	53103
chr1	12486851	12686851	harbor1	chr1	12553939	12554471	LTR/ERVL-MaLR	1391	+	266	12554205	67354
chr1	12486851	12686851	harbor1	chr1	12561932	12562107	LTR/ERVL-MaLR	2004	+	88	12562020	75169
chr1	12486851	12686851	harbor1	chr1	12562398	12562604	LTR/ERVL-MaLR	2004	+	103	12562501	75650
chr1	12486851	12686851	harbor1	chr1	12562609	12564223	LTR/ERVL-MaLR	11881	+	807	12563416	76565
chr1	12486851	12686851	harbor1	chr1	12564226	12564611	LTR/ERVL-MaLR	2221	+	192	12564418	77567
chr1	12486851	12686851	harbor1	chr1	12566139	12566428	LTR/ERVL-MaLR	863	+	144	12566283	79432
chr1	6013367	6213367	harbor1	chr1	6018363	6018468	LTR/ERVL-MaLR	520	+	52	6018415	5048
chr1	6013367	6213367	harbor1	chr1	6018629	6018877	LTR/ERVL-MaLR	720	+	124	6018753	5386
chr1	6013367	6213367	harbor1	chr1	6053740	6053799	LTR/ERVL-MaLR	899	+	30	6053770	40403
chr1	6013367	6213367	harbor1	chr1	6054073	6054247	LTR/ERVL-MaLR	899	+	87	6054160	40793
chr1	6013367	6213367	harbor1	chr1	6055033	6055207	LTR/ERVL-MaLR	899	+	87	6055120	41753
chr1	6013367	6213367	harbor1	chr1	6110793	6110947	LTR/ERVL-MaLR	624	+	77	6110870	97503
chr1	6013367	6213367	harbor1	chr1	6111557	6111711	LTR/ERVL-MaLR	624	+	77	6111634	98267
chr1	5725143	5925143	harbor1	chr1	5751490	5751802	LTR/ERVL-MaLR	1329	+	156	5751646	26503
chr1	5725143	5925143	harbor1	chr1	5760394	5760777	LTR/ERVL-MaLR	2618	+	192	5760586	35443
chr1	5725143	5925143	harbor1	chr1	5763430	5763801	LTR/ERVL-MaLR	2737	+	186	5763616	38473
chr1	5725143	5925143	harbor1	chr1	5777943	5778313	LTR/ERVL-MaLR	2824	+	185	5778128	52985
chr1	5725143	5925143	harbor1	chr1	5778533	5779019	LTR/ERVL-MaLR	2235	+	243	5778776	53633
chr1	5725143	5925143	harbor1	chr1	5790407	5791081	LTR/ERVL-MaLR	4613	+	337	5790744	65601
chr1	5725143	5925143	harbor1	chr1	5791082	5791465	LTR/ERVL-MaLR	2591	+	192	5791274	66131
chr1	5725143	5925143	harbor1	chr1	5801032	5801513	LTR/ERVL-MaLR	1148	+	240	5801272	76129
chr1	5725143	5925143	harbor1	chr1	5818449	5818823	LTR/ERVL-MaLR	2394	+	187	5818636	93493
chr1	82454501	82654501	harbor1	chr1	82461607	82461993	LTR/ERVL-MaLR	1998	+	193	82461800	7299
chr1	82454501	82654501	harbor1	chr1	82518526	82518858	LTR/ERVL-MaLR	1560	+	166	82518692	64191
chr1	44151458	44351458	harbor1	chr1	44231652	44232180	LTR/ERVL-MaLR	1543	+	264	44231916	80458
chr1	7734383	7934383	harbor1	chr1	7789241	7789610	LTR/ERVL-MaLR	2415	+	184	7789425	55042
chr1	33597795	33797795	harbor1	chr1	33608469	33608910	LTR/ERVL-MaLR	2152	+	220	33608689	10894
chr1	33597795	33797795	harbor1	chr1	33609854	33610187	LTR/ERVL-MaLR	1967	+	166	33610020	12225
chr1	33597795	33797795	harbor1	chr1	33639079	33639326	LTR/ERVL-MaLR	628	+	124	33639203	41408
chr1	33597795	33797795	harbor1	chr1	33669631	33670080	LTR/ERVL-MaLR	1654	+	224	33669855	72060
chr1	33597795	33797795	harbor1	chr1	33678126	33678314	LTR/ERVL-MaLR	1118	+	94	33678220	80425
chr1	33597795	33797795	harbor1	chr1	33680747	33680885	LTR/ERVL-MaLR	578	+	69	33680816	83021
chr1	33597795	33797795	harbor1	chr1	33685100	33685321	LTR/ERVL-MaLR	532	+	110	33685210	87415
chr1	33597795	33797795	harbor1	chr1	33694363	33694738	LTR/ERVL-MaLR	2190	+	188	33694551	96756
chr1	40991263	41191263	harbor1	chr1	41031869	41032219	LTR/ERVL-MaLR	1803	+	175	41032044	40781
chr1	40991263	41191263	harbor1	chr1	41053319	41053674	LTR/ERVL-MaLR	500	+	178	41053497	62234
chr1	40991263	41191263	harbor1	chr1	41053675	41053832	LTR/ERVL-MaLR	3285	+	78	41053753	62490
chr1	40991263	41191263	harbor1	chr1	41054144	41054798	LTR/ERVL-MaLR	3285	+	327	41054471	63208
chr1	40991263	41191263	harbor1	chr1	41055082	41055354	LTR/ERVL-MaLR	3285	+	136	41055218	63955
chr1	40991263	41191263	harbor1	chr1	41055632	41055992	LTR/ERVL-MaLR	3285	+	180	41055812	64549
chr1	40991263	41191263	harbor1	chr1	41055995	41056342	LTR/ERVL-MaLR	779	+	174	41056169	64906
chr1	177458807	177658807	harbor1	chr1	177459903	177460268	LTR/ERVL-MaLR	2362	+	182	177460085	1278
chr1	177458807	177658807	harbor1	chr1	177490761	177491146	LTR/ERVL-MaLR	604	+	192	177490953	32146
chr1	177458807	177658807	harbor1	chr1	177546825	177547204	LTR/ERVL-MaLR	1168	+	190	177547015	88208
chr1	177458807	177658807	harbor1	chr1	177556822	177557232	LTR/ERVL-MaLR	1716	+	205	177557027	98220
chr1	246719106	246919106	harbor1	chr1	246780854	246781297	LTR/ERVL-MaLR	1444	+	222	246781076	61970
chr1	46107497	46307497	harbor1	chr1	46115121	46115357	LTR/ERVL-MaLR	493	+	118	46115239	7742
chr1	46107497	46307497	harbor1	chr1	46140406	46140850	LTR/ERVL-MaLR	1681	+	222	46140628	33131
chr1	46107497	46307497	harbor1	chr1	46141160	46141225	LTR/ERVL-MaLR	1681	+	32	46141192	33695
chr1	46107497	46307497	harbor1	chr1	46120824	46121206	LTR/ERVL-MaLR	953	+	191	46121015	13518
chr1	201915938	202115938	harbor1	chr1	201927869	201928244	LTR/ERVL-MaLR	2051	+	188	201928057	12119
chr1	25890385	26090385	harbor1	chr1	25930852	25931210	LTR/ERVL-MaLR	2109	+	179	25931031	40646
chr1	25890385	26090385	harbor1	chr1	25939604	25939972	LTR/ERVL-MaLR	1748	+	184	25939788	49403
chr1	25890385	26090385	harbor1	chr1	25949174	25949327	LTR/ERVL-MaLR	2116	+	76	25949250	58865
chr1	25890385	26090385	harbor1	chr1	25949645	25949958	LTR/ERVL-MaLR	2116	+	156	25949801	59416
chr1	25890385	26090385	harbor1	chr1	25958621	25958936	LTR/ERVL-MaLR	1193	+	158	25958779	68394
chr1	25890385	26090385	harbor1	chr1	25971200	25971747	LTR/ERVL-MaLR	668	+	274	25971474	81089
chr1	25890385	26090385	harbor1	chr1	25978482	25978889	LTR/ERVL-MaLR	1116	+	204	25978686	88301
chr1	25890385	26090385	harbor1	chr1	25981548	25981739	LTR/ERVL-MaLR	840	+	96	25981644	91259
chr1	25890385	26090385	harbor1	chr1	25982045	25982330	LTR/ERVL-MaLR	840	+	142	25982187	91802
chr1	25890385	26090385	harbor1	chr1	25983717	25983801	LTR/ERVL-MaLR	437	+	42	25983759	93374
chr1	25890385	26090385	harbor1	chr1	25984619	25984758	LTR/ERVL-MaLR	512	+	70	25984689	94304
chr1	88560581	88760581	harbor1	chr1	88612179	88612357	LTR/ERVL-MaLR	463	+	89	88612268	51687
chr1	88560581	88760581	harbor1	chr1	88625348	88625450	LTR/ERVL-MaLR	432	+	51	88625399	64818
chr1	88560581	88760581	harbor1	chr1	88626175	88626416	LTR/ERVL-MaLR	516	+	120	88626295	65714
chr1	88560581	88760581	harbor1	chr1	88626648	88626711	LTR/ERVL-MaLR	516	+	32	88626680	66099
chr1	88560581	88760581	harbor1	chr1	88636672	88637027	LTR/ERVL-MaLR	2057	+	178	88636850	76269
chr1	88560581	88760581	harbor1	chr1	88648166	88648326	LTR/ERVL-MaLR	609	+	80	88648246	87665
chr1	165274943	165474943	harbor1	chr1	165312423	165312903	LTR/ERVL-MaLR	1421	+	240	165312663	37720
chr1	165274943	165474943	harbor1	chr1	165318564	165318963	LTR/ERVL-MaLR	640	+	200	165318764	43821
chr1	165274943	165474943	harbor1	chr1	165370123	165370553	LTR/ERVL-MaLR	2971	+	215	165370338	95395
chr1	199209208	199409208	harbor1	chr1	199256754	199257108	LTR/ERVL-MaLR	2339	+	177	199256931	47723
chr1	199209208	199409208	harbor1	chr1	199259981	199260057	LTR/ERVL-MaLR	449	+	38	199260019	50811
chr1	199209208	199409208	harbor1	chr1	199261114	199261596	LTR/ERVL-MaLR	2050	+	241	199261355	52147
chr1	199209208	199409208	harbor1	chr1	199264458	199264665	LTR/ERVL-MaLR	602	+	104	199264562	55354
chr1	199209208	199409208	harbor1	chr1	199267152	199267720	LTR/ERVL-MaLR	1834	+	284	199267436	58228
chr1	199209208	199409208	harbor1	chr1	199276971	199277344	LTR/ERVL-MaLR	2551	+	186	199277157	67949
chr1	199209208	199409208	harbor1	chr1	199277802	199278174	LTR/ERVL-MaLR	1668	+	186	199277988	68780
chr1	38673487	38873487	harbor1	chr1	38679112	38679545	LTR/ERVL-MaLR	1166	+	216	38679328	5841
chr1	38673487	38873487	harbor1	chr1	38679838	38680336	LTR/ERVL-MaLR	1770	+	249	38680087	6600
chr1	38673487	38873487	harbor1	chr1	38704688	38705063	LTR/ERVL-MaLR	1994	+	188	38704876	31389
chr1	38673487	38873487	harbor1	chr1	38743831	38744219	LTR/ERVL-MaLR	2214	+	194	38744025	70538
chr1	38673487	38873487	harbor1	chr1	38744452	38744790	LTR/ERVL-MaLR	1512	+	169	38744621	71134
chr1	38673487	38873487	harbor1	chr1	38750430	38750836	LTR/ERVL-MaLR	1113	+	203	38750633	77146
chr1	38673487	38873487	harbor1	chr1	38753750	38754154	LTR/ERVL-MaLR	2460	+	202	38753952	80465
chr1	216396949	216596949	harbor1	chr1	216403732	216404111	LTR/ERVL-MaLR	2286	+	190	216403922	6973
chr1	216396949	216596949	harbor1	chr1	216411330	216411588	LTR/ERVL-MaLR	1017	+	129	216411459	14510
chr1	216396949	216596949	harbor1	chr1	216411719	216411898	LTR/ERVL-MaLR	706	+	90	216411809	14860
chr1	216396949	216596949	harbor1	chr1	216417423	216417839	LTR/ERVL-MaLR	2280	+	208	216417631	20682
chr1	216396949	216596949	harbor1	chr1	216427793	216427899	LTR/ERVL-MaLR	470	+	53	216427846	30897
chr1	216396949	216596949	harbor1	chr1	216477856	216478189	LTR/ERVL-MaLR	1538	+	166	216478022	81073
chr1	216396949	216596949	harbor1	chr1	216478497	216478658	LTR/ERVL-MaLR	1538	+	80	216478577	81628
chr1	165907007	166107007	harbor1	chr1	165993752	165993865	LTR/ERVL-MaLR	733	+	56	165993808	86801
chr1	165907007	166107007	harbor1	chr1	165993924	165994258	LTR/ERVL-MaLR	1821	+	167	165994091	87084
chr1	19764369	19964369	harbor1	chr1	19777065	19777347	LTR/ERVL-MaLR	637	+	141	19777206	12837
chr1	19764369	19964369	harbor1	chr1	19777647	19777771	LTR/ERVL-MaLR	637	+	62	19777709	13340
chr1	19764369	19964369	harbor1	chr1	19778064	19778086	LTR/ERVL-MaLR	582	+	11	19778075	13706
chr1	19764369	19964369	harbor1	chr1	19817231	19817788	LTR/ERVL-MaLR	1174	+	278	19817509	53140
chr1	19764369	19964369	harbor1	chr1	19854400	19854917	LTR/ERVL-MaLR	873	+	258	19854658	90289
chr1	19764369	19964369	harbor1	chr1	19791843	19792187	LTR/ERVL-MaLR	2241	+	172	19792015	27646
chr1	185302696	185502696	harbor1	chr1	185326810	185326987	LTR/ERVL-MaLR	494	+	88	185326898	24202
chr1	185302696	185502696	harbor1	chr1	185329215	185329429	LTR/ERVL-MaLR	412	+	107	185329322	26626
chr1	185302696	185502696	harbor1	chr1	185367132	185367623	LTR/ERVL-MaLR	1454	+	246	185367378	64682
chr1	90126780	90326780	harbor1	chr1	90126889	90127247	LTR/ERVL-MaLR	2127	+	179	90127068	288
chr1	90126780	90326780	harbor1	chr1	90203251	90203598	LTR/ERVL-MaLR	1701	+	174	90203425	76645
chr1	90126780	90326780	harbor1	chr1	90224439	90224806	LTR/ERVL-MaLR	2137	+	184	90224623	97843
chr1	90126780	90326780	harbor1	chr1	90224807	90226275	LTR/ERVL-MaLR	10010	+	734	90225541	98761
chr1	90126780	90326780	harbor1	chr1	90226441	90226519	LTR/ERVL-MaLR	541	+	39	90226480	99700
chr1	90126780	90326780	harbor1	chr1	90226522	90226876	LTR/ERVL-MaLR	2279	+	177	90226699	99919
chr1	108874438	109074438	harbor1	chr1	108955356	108955540	LTR/ERVL-MaLR	496	+	92	108955448	81010
chr1	108874438	109074438	harbor1	chr1	108956100	108956379	LTR/ERVL-MaLR	525	+	140	108956240	81802
chr1	108874438	109074438	harbor1	chr1	108956674	108956715	LTR/ERVL-MaLR	525	+	20	108956694	82256
chr1	108874438	109074438	harbor1	chr1	108957187	108957375	LTR/ERVL-MaLR	590	+	94	108957281	82843
chr1	115023293	115223293	harbor1	chr1	115036024	115036294	LTR/ERVL-MaLR	684	+	135	115036159	12866
chr1	115023293	115223293	harbor1	chr1	115069223	115069730	LTR/ERVL-MaLR	1349	+	254	115069477	46184
chr1	115023293	115223293	harbor1	chr1	115071069	115071525	LTR/ERVL-MaLR	1433	+	228	115071297	48004
chr1	115023293	115223293	harbor1	chr1	115078405	115078797	LTR/ERVL-MaLR	1457	+	196	115078601	55308
chr1	115023293	115223293	harbor1	chr1	115094665	115094855	LTR/ERVL-MaLR	1084	+	95	115094760	71467
chr1	115023293	115223293	harbor1	chr1	115102698	115103141	LTR/ERVL-MaLR	928	+	222	115102920	79627
chr1	115023293	115223293	harbor1	chr1	115104081	115104310	LTR/ERVL-MaLR	599	+	114	115104195	80902
chr1	115023293	115223293	harbor1	chr1	115111504	115111849	LTR/ERVL-MaLR	1997	+	172	115111676	88383
chr1	33130703	33330703	harbor1	chr1	33130204	33130753	LTR/ERVL-MaLR	2558	+	274	33130478	225
chr1	33130703	33330703	harbor1	chr1	33168202	33168340	LTR/ERVL-MaLR	472	+	69	33168271	37568
chr1	33130703	33330703	harbor1	chr1	33200763	33201132	LTR/ERVL-MaLR	2142	+	184	33200947	70244
chr1	33130703	33330703	harbor1	chr1	33211936	33212343	LTR/ERVL-MaLR	2304	+	204	33212140	81437
chr1	33130703	33330703	harbor1	chr1	33222801	33222971	LTR/ERVL-MaLR	2060	+	85	33222886	92183
chr1	33130703	33330703	harbor1	chr1	33223279	33223466	LTR/ERVL-MaLR	2060	+	94	33223373	92670
chr1	33130703	33330703	harbor1	chr1	33227219	33227720	LTR/ERVL-MaLR	1876	+	250	33227469	96766
chr1	156942486	157142486	harbor1	chr1	157008223	157008406	LTR/ERVL-MaLR	1742	+	92	157008315	65829
chr1	156942486	157142486	harbor1	chr1	157008434	157008592	LTR/ERVL-MaLR	1742	+	79	157008513	66027
chr1	156942486	157142486	harbor1	chr1	157027630	157028032	LTR/ERVL-MaLR	735	+	201	157027831	85345
chr1	247863749	248063749	harbor1	chr1	247881178	247881557	LTR/ERVL-MaLR	1888	+	190	247881368	17619
chr1	247863749	248063749	harbor1	chr1	247952308	247952691	LTR/ERVL-MaLR	1631	+	192	247952500	88751
chr1	247863749	248063749	harbor1	chr1	247961349	247961655	LTR/ERVL-MaLR	531	+	153	247961502	97753
chr1	89888525	90088525	harbor1	chr1	89893970	89894322	LTR/ERVL-MaLR	1638	+	176	89894146	5621
chr1	89888525	90088525	harbor1	chr1	89940047	89940144	LTR/ERVL-MaLR	464	+	48	89940095	51570
chr1	89888525	90088525	harbor1	chr1	89940575	89940719	LTR/ERVL-MaLR	464	+	72	89940647	52122
chr1	89888525	90088525	harbor1	chr1	89963892	89964347	LTR/ERVL-MaLR	1796	+	228	89964120	75595
chr1	89888525	90088525	harbor1	chr1	89964658	89964725	LTR/ERVL-MaLR	1796	+	34	89964692	76167
chr1	89888525	90088525	harbor1	chr1	89965440	89965802	LTR/ERVL-MaLR	913	+	181	89965621	77096
chr1	89888525	90088525	harbor1	chr1	89970491	89970857	LTR/ERVL-MaLR	2303	+	183	89970674	82149
chr1	165988721	166188721	harbor1	chr1	165993752	165993865	LTR/ERVL-MaLR	733	+	56	165993808	5087
chr1	165988721	166188721	harbor1	chr1	165993924	165994258	LTR/ERVL-MaLR	1821	+	167	165994091	5370
chr1	165988721	166188721	harbor1	chr1	166015496	166015890	LTR/ERVL-MaLR	1689	+	197	166015693	26972
chr1	165988721	166188721	harbor1	chr1	166049731	166050128	LTR/ERVL-MaLR	2275	+	198	166049929	61208
chr1	165988721	166188721	harbor1	chr1	166056823	166057161	LTR/ERVL-MaLR	1745	+	169	166056992	68271
chr1	75177820	75377820	harbor1	chr1	75213351	75213693	LTR/ERVL-MaLR	1513	+	171	75213522	35702
chr1	75177820	75377820	harbor1	chr1	75243710	75244190	LTR/ERVL-MaLR	2163	+	240	75243950	66130
chr1	75177820	75377820	harbor1	chr1	75249201	75249812	LTR/ERVL-MaLR	1251	+	306	75249507	71687
chr1	75177820	75377820	harbor1	chr1	75269815	75270173	LTR/ERVL-MaLR	2090	+	179	75269994	92174
chr1	99027199	99227199	harbor1	chr1	99030715	99030826	LTR/ERVL-MaLR	510	+	56	99030771	3572
chr1	99027199	99227199	harbor1	chr1	99030914	99031354	LTR/ERVL-MaLR	1581	+	220	99031134	3935
chr1	99027199	99227199	harbor1	chr1	99031936	99032318	LTR/ERVL-MaLR	2405	+	191	99032127	4928
chr1	99027199	99227199	harbor1	chr1	99051328	99051402	LTR/ERVL-MaLR	452	+	37	99051365	24166
chr1	99027199	99227199	harbor1	chr1	99087416	99087804	LTR/ERVL-MaLR	2239	+	194	99087610	60411
chr1	99027199	99227199	harbor1	chr1	99088247	99088586	LTR/ERVL-MaLR	2143	+	170	99088417	61218
chr1	99027199	99227199	harbor1	chr1	99088587	99090170	LTR/ERVL-MaLR	10990	+	792	99089379	62180
chr1	99027199	99227199	harbor1	chr1	99093840	99094213	LTR/ERVL-MaLR	2045	+	186	99094026	66827
chr1	99027199	99227199	harbor1	chr1	99107444	99107809	LTR/ERVL-MaLR	1765	+	182	99107626	80427
chr1	99027199	99227199	harbor1	chr1	99108219	99108690	LTR/ERVL-MaLR	1610	+	236	99108455	81256
chr1	99027199	99227199	harbor1	chr1	99119073	99119608	LTR/ERVL-MaLR	2290	+	268	99119341	92142
chr1	99027199	99227199	harbor1	chr1	99120582	99120953	LTR/ERVL-MaLR	2076	+	186	99120768	93569
chr1	99027199	99227199	harbor1	chr1	99090171	99090523	LTR/ERVL-MaLR	1963	+	176	99090347	63148
chr1	7395	207395	harbor1	chr1	30694	30848	LTR/ERVL-MaLR	741	+	77	30771	23376
chr1	7395	207395	harbor1	chr1	30953	31131	LTR/ERVL-MaLR	741	+	89	31042	23647
chr1	7395	207395	harbor1	chr1	38256	39464	LTR/ERVL-MaLR	3877	+	604	38860	31465
chr1	7395	207395	harbor1	chr1	39465	39623	LTR/ERVL-MaLR	750	+	79	39544	32149
chr1	7395	207395	harbor1	chr1	39925	40294	LTR/ERVL-MaLR	783	+	184	40109	32714
chr1	7395	207395	harbor1	chr1	89859	90056	LTR/ERVL-MaLR	478	+	98	89957	82562
chr1	7395	207395	harbor1	chr1	97802	98085	LTR/ERVL-MaLR	596	+	142	97944	90549
chr1	7395	207395	harbor1	chr1	103468	103616	LTR/ERVL-MaLR	2110	+	74	103542	96147
chr1	7395	207395	harbor1	chr1	103910	104160	LTR/ERVL-MaLR	2110	+	125	104035	96640
chr1	7395	207395	harbor1	chr1	104197	104215	LTR/ERVL-MaLR	2110	+	9	104206	96811
chr1	234961020	235161020	harbor1	chr1	235004269	235004634	LTR/ERVL-MaLR	1423	+	182	235004451	43431
chr1	234961020	235161020	harbor1	chr1	235013467	235013903	LTR/ERVL-MaLR	1072	+	218	235013685	52665
chr1	234961020	235161020	harbor1	chr1	235014182	235014228	LTR/ERVL-MaLR	1072	+	23	235014205	53185
chr1	234961020	235161020	harbor1	chr1	235036786	235037132	LTR/ERVL-MaLR	1697	+	173	235036959	75939
chr1	234961020	235161020	harbor1	chr1	235043986	235044194	LTR/ERVL-MaLR	1845	+	104	235044090	83070
chr1	234961020	235161020	harbor1	chr1	235044495	235044694	LTR/ERVL-MaLR	1845	+	100	235044595	83575
chr1	234961020	235161020	harbor1	chr1	235046121	235046582	LTR/ERVL-MaLR	1031	+	230	235046351	85331
chr1	234961020	235161020	harbor1	chr1	235056925	235057270	LTR/ERVL-MaLR	1017	+	172	235057097	96077
chr1	30654731	30854731	harbor1	chr1	30657572	30657770	LTR/ERVL-MaLR	523	+	99	30657671	2940
chr1	30654731	30854731	harbor1	chr1	30734097	30734624	LTR/ERVL-MaLR	1667	+	264	30734361	79630
chr1	30654731	30854731	harbor1	chr1	30738134	30738642	LTR/ERVL-MaLR	2163	+	254	30738388	83657
chr1	87886192	88086192	harbor1	chr1	87975840	87976188	LTR/ERVL-MaLR	2198	+	174	87976014	89822
chr1	87886192	88086192	harbor1	chr1	87983640	87984036	LTR/ERVL-MaLR	2020	+	198	87983838	97646
chr1	18061130	18261130	harbor1	chr1	18065455	18065957	LTR/ERVL-MaLR	1715	+	251	18065706	4576
chr1	18061130	18261130	harbor1	chr1	18068627	18069018	LTR/ERVL-MaLR	572	+	196	18068823	7693
chr1	18061130	18261130	harbor1	chr1	18072488	18073000	LTR/ERVL-MaLR	1508	+	256	18072744	11614
chr1	18061130	18261130	harbor1	chr1	18087014	18087390	LTR/ERVL-MaLR	2332	+	188	18087202	26072
chr1	18061130	18261130	harbor1	chr1	18097743	18098127	LTR/ERVL-MaLR	2003	+	192	18097935	36805
chr1	18061130	18261130	harbor1	chr1	18129716	18130048	LTR/ERVL-MaLR	1364	+	166	18129882	68752
chr1	18061130	18261130	harbor1	chr1	18147794	18148129	LTR/ERVL-MaLR	2700	+	168	18147962	86832
chr1	18061130	18261130	harbor1	chr1	18148432	18148473	LTR/ERVL-MaLR	2700	+	20	18148452	87322
chr1	18061130	18261130	harbor1	chr1	18159386	18159683	LTR/ERVL-MaLR	1961	+	148	18159534	98404
chr1	18061130	18261130	harbor1	chr1	18159981	18160022	LTR/ERVL-MaLR	1961	+	20	18160001	98871
chr1	54878262	55078262	harbor1	chr1	54884807	54885080	LTR/ERVL-MaLR	1024	+	136	54884943	6681
chr1	54878262	55078262	harbor1	chr1	54926152	54926507	LTR/ERVL-MaLR	1633	+	178	54926330	48068
chr1	54878262	55078262	harbor1	chr1	54942157	54942517	LTR/ERVL-MaLR	1850	+	180	54942337	64075
chr1	54878262	55078262	harbor1	chr1	54942519	54944087	LTR/ERVL-MaLR	11704	+	784	54943303	65041
chr1	54878262	55078262	harbor1	chr1	54944088	54944455	LTR/ERVL-MaLR	1933	+	184	54944272	66010
chr1	54878262	55078262	harbor1	chr1	54966075	54966514	LTR/ERVL-MaLR	745	+	220	54966295	88033
chr1	54878262	55078262	harbor1	chr1	54975712	54976240	LTR/ERVL-MaLR	2147	+	264	54975976	97714
chr1	189641690	189841690	harbor1	chr1	189683664	189684078	LTR/ERVL-MaLR	1679	+	207	189683871	42181
chr1	189641690	189841690	harbor1	chr1	189685121	189685508	LTR/ERVL-MaLR	461	+	194	189685315	43625
chr1	189641690	189841690	harbor1	chr1	189689328	189689631	LTR/ERVL-MaLR	1284	+	152	189689480	47790
chr1	189641690	189841690	harbor1	chr1	189692402	189692877	LTR/ERVL-MaLR	1926	+	238	189692640	50950
chr1	189641690	189841690	harbor1	chr1	189733821	189734334	LTR/ERVL-MaLR	877	+	256	189734077	92387
chr1	89763762	89963762	harbor1	chr1	89775007	89775518	LTR/ERVL-MaLR	2301	+	256	89775263	11501
chr1	89763762	89963762	harbor1	chr1	89791417	89791890	LTR/ERVL-MaLR	622	+	236	89791653	27891
chr1	89763762	89963762	harbor1	chr1	89792055	89792431	LTR/ERVL-MaLR	1917	+	188	89792243	28481
chr1	89763762	89963762	harbor1	chr1	89793899	89794039	LTR/ERVL-MaLR	1917	+	70	89793969	30207
chr1	89763762	89963762	harbor1	chr1	89797029	89797169	LTR/ERVL-MaLR	701	+	70	89797099	33337
chr1	89763762	89963762	harbor1	chr1	89807137	89807310	LTR/ERVL-MaLR	1335	+	86	89807223	43461
chr1	89763762	89963762	harbor1	chr1	89807601	89807872	LTR/ERVL-MaLR	1335	+	136	89807737	43975
chr1	89763762	89963762	harbor1	chr1	89817770	89818072	LTR/ERVL-MaLR	1700	+	151	89817921	54159
chr1	89763762	89963762	harbor1	chr1	89818374	89818443	LTR/ERVL-MaLR	1700	+	34	89818408	54646
chr1	108896613	109096613	harbor1	chr1	108955356	108955540	LTR/ERVL-MaLR	496	+	92	108955448	58835
chr1	108896613	109096613	harbor1	chr1	108956100	108956379	LTR/ERVL-MaLR	525	+	140	108956240	59627
chr1	108896613	109096613	harbor1	chr1	108956674	108956715	LTR/ERVL-MaLR	525	+	20	108956694	60081
chr1	108896613	109096613	harbor1	chr1	108957187	108957375	LTR/ERVL-MaLR	590	+	94	108957281	60668
chr1	100186916	100386916	harbor1	chr1	100261384	100261761	LTR/ERVL-MaLR	1755	+	188	100261572	74656
chr1	100186916	100386916	harbor1	chr1	100236973	100237470	LTR/ERVL-MaLR	1169	+	248	100237221	50305
chr1	88961134	89161134	harbor1	chr1	88972903	88973351	LTR/ERVL-MaLR	2127	+	224	88973127	11993
chr1	88961134	89161134	harbor1	chr1	88995498	88995898	LTR/ERVL-MaLR	811	+	200	88995698	34564
chr1	186223348	186423348	harbor1	chr1	186230397	186230857	LTR/ERVL-MaLR	2403	+	230	186230627	7279
chr1	186223348	186423348	harbor1	chr1	186233000	186233304	LTR/ERVL-MaLR	479	+	152	186233152	9804
chr1	186223348	186423348	harbor1	chr1	186234902	186235103	LTR/ERVL-MaLR	566	+	100	186235002	11654
chr1	186223348	186423348	harbor1	chr1	186254124	186254455	LTR/ERVL-MaLR	1405	+	166	186254290	30942
chr1	74488833	74688833	harbor1	chr1	74514775	74515226	LTR/ERVL-MaLR	1931	+	226	74515001	26168
chr1	74488833	74688833	harbor1	chr1	74553889	74553983	LTR/ERVL-MaLR	497	+	47	74553936	65103
chr1	74488833	74688833	harbor1	chr1	74558596	74558772	LTR/ERVL-MaLR	797	+	88	74558684	69851
chr1	56585265	56785265	harbor1	chr1	56590105	56590218	LTR/ERVL-MaLR	1442	+	56	56590161	4896
chr1	56585265	56785265	harbor1	chr1	56590516	56590851	LTR/ERVL-MaLR	1442	+	168	56590684	5419
chr1	56585265	56785265	harbor1	chr1	56601758	56602115	LTR/ERVL-MaLR	2401	+	178	56601936	16671
chr1	56585265	56785265	harbor1	chr1	56622452	56622813	LTR/ERVL-MaLR	1977	+	180	56622632	37367
chr1	56585265	56785265	harbor1	chr1	56624371	56624493	LTR/ERVL-MaLR	7566	+	61	56624432	39167
chr1	56585265	56785265	harbor1	chr1	56624494	56624854	LTR/ERVL-MaLR	2082	+	180	56624674	39409
chr1	56585265	56785265	harbor1	chr1	56635124	56635485	LTR/ERVL-MaLR	2406	+	180	56635304	50039
chr1	56585265	56785265	harbor1	chr1	56676127	56676639	LTR/ERVL-MaLR	1825	+	256	56676383	91118
chr1	56585265	56785265	harbor1	chr1	56622815	56624073	LTR/ERVL-MaLR	7566	+	629	56623444	38179
chr1	67190858	67390858	harbor1	chr1	67207422	67207774	LTR/ERVL-MaLR	2684	+	176	67207598	16740
chr1	67190858	67390858	harbor1	chr1	67207775	67209342	LTR/ERVL-MaLR	11662	+	784	67208559	17701
chr1	67190858	67390858	harbor1	chr1	67209343	67209695	LTR/ERVL-MaLR	2497	+	176	67209519	18661
chr1	67190858	67390858	harbor1	chr1	67232755	67233068	LTR/ERVL-MaLR	2005	+	156	67232911	42053
chr1	67190858	67390858	harbor1	chr1	67233377	67233423	LTR/ERVL-MaLR	2005	+	23	67233400	42542
chr1	67190858	67390858	harbor1	chr1	67267155	67267543	LTR/ERVL-MaLR	2073	+	194	67267349	76491
chr1	67190858	67390858	harbor1	chr1	67272295	67272644	LTR/ERVL-MaLR	2049	+	174	67272469	81611
chr1	67190858	67390858	harbor1	chr1	67272676	67273177	LTR/ERVL-MaLR	1031	+	250	67272926	82068
chr1	101379637	101579637	harbor1	chr1	101394025	101394557	LTR/ERVL-MaLR	767	+	266	101394291	14654
chr1	101379637	101579637	harbor1	chr1	101417439	101417798	LTR/ERVL-MaLR	1179	+	180	101417619	37982
chr1	101379637	101579637	harbor1	chr1	101417800	101418417	LTR/ERVL-MaLR	2723	+	308	101418108	38471
chr1	101379637	101579637	harbor1	chr1	101418899	101419183	LTR/ERVL-MaLR	586	+	142	101419041	39404
chr1	101379637	101579637	harbor1	chr1	101419535	101419998	LTR/ERVL-MaLR	2084	+	232	101419767	40130
chr1	55790704	55990704	harbor1	chr1	55804612	55804964	LTR/ERVL-MaLR	2452	+	176	55804788	14084
chr1	55790704	55990704	harbor1	chr1	55864769	55865024	LTR/ERVL-MaLR	1783	+	128	55864897	74193
chr1	55790704	55990704	harbor1	chr1	55865025	55865392	LTR/ERVL-MaLR	1805	+	184	55865209	74505
chr1	55790704	55990704	harbor1	chr1	55882687	55883072	LTR/ERVL-MaLR	2240	+	192	55882879	92175
chr1	112505649	112705649	harbor1	chr1	112545921	112546042	LTR/ERVL-MaLR	683	+	60	112545981	40332
chr1	112505649	112705649	harbor1	chr1	112546346	112546549	LTR/ERVL-MaLR	683	+	102	112546448	40799
chr1	210248530	210448530	harbor1	chr1	210276784	210277130	LTR/ERVL-MaLR	2055	+	173	210276957	28427
chr1	210248530	210448530	harbor1	chr1	210282410	210282904	LTR/ERVL-MaLR	1164	+	247	210282657	34127
chr1	210248530	210448530	harbor1	chr1	210339368	210339854	LTR/ERVL-MaLR	1028	+	243	210339611	91081
chr1	202931084	203131084	harbor1	chr1	202950427	202950652	LTR/ERVL-MaLR	488	+	112	202950539	19455
chr1	202931084	203131084	harbor1	chr1	202991527	202991873	LTR/ERVL-MaLR	1081	+	173	202991700	60616
chr1	75750929	75950929	harbor1	chr1	75769007	75769324	LTR/ERVL-MaLR	1707	+	158	75769165	18236
chr1	75750929	75950929	harbor1	chr1	75771173	75771577	LTR/ERVL-MaLR	2398	+	202	75771375	20446
chr1	75750929	75950929	harbor1	chr1	75774788	75775118	LTR/ERVL-MaLR	1695	+	165	75774953	24024
chr1	75750929	75950929	harbor1	chr1	75837002	75837331	LTR/ERVL-MaLR	1569	+	164	75837166	86237
chr1	42260145	42460145	harbor1	chr1	42262064	42262237	LTR/ERVL-MaLR	584	+	86	42262150	2005
chr1	42260145	42460145	harbor1	chr1	42268766	42269121	LTR/ERVL-MaLR	1858	+	178	42268944	8799
chr1	42260145	42460145	harbor1	chr1	42283903	42284093	LTR/ERVL-MaLR	475	+	95	42283998	23853
chr1	42260145	42460145	harbor1	chr1	42284257	42284724	LTR/ERVL-MaLR	518	+	234	42284491	24346
chr1	42260145	42460145	harbor1	chr1	42285523	42285673	LTR/ERVL-MaLR	424	+	75	42285598	25453
chr1	42260145	42460145	harbor1	chr1	42285688	42286099	LTR/ERVL-MaLR	1294	+	206	42285894	25749
chr1	42260145	42460145	harbor1	chr1	42297952	42298313	LTR/ERVL-MaLR	2360	+	180	42298132	37987
chr1	42260145	42460145	harbor1	chr1	42340982	42341327	LTR/ERVL-MaLR	1275	+	172	42341154	81009
chr1	168367675	168567675	harbor1	chr1	168379402	168379807	LTR/ERVL-MaLR	1344	+	202	168379604	11929
chr1	168367675	168567675	harbor1	chr1	168389223	168389712	LTR/ERVL-MaLR	1833	+	244	168389467	21792
chr1	168367675	168567675	harbor1	chr1	168416110	168416304	LTR/ERVL-MaLR	890	+	97	168416207	48532
chr1	168367675	168567675	harbor1	chr1	168417054	168417489	LTR/ERVL-MaLR	2274	+	218	168417272	49597
chr1	168367675	168567675	harbor1	chr1	168425539	168425956	LTR/ERVL-MaLR	854	+	208	168425747	58072
chr1	56660058	56860058	harbor1	chr1	56676127	56676639	LTR/ERVL-MaLR	1825	+	256	56676383	16325
chr1	56660058	56860058	harbor1	chr1	56724805	56725229	LTR/ERVL-MaLR	2411	+	212	56725017	64959
chr1	56660058	56860058	harbor1	chr1	56735539	56735890	LTR/ERVL-MaLR	1759	+	176	56735715	75657
chr1	65160720	65360720	harbor1	chr1	65213720	65214082	LTR/ERVL-MaLR	1823	+	181	65213901	53181
chr1	65160720	65360720	harbor1	chr1	65233186	65233516	LTR/ERVL-MaLR	1166	+	165	65233351	72631
chr1	3847357	4047357	harbor1	chr1	3852674	3853095	LTR/ERVL-MaLR	1042	+	210	3852884	5527
chr1	3847357	4047357	harbor1	chr1	3879376	3879715	LTR/ERVL-MaLR	1090	+	170	3879546	32189
chr1	3847357	4047357	harbor1	chr1	3918344	3918698	LTR/ERVL-MaLR	2474	+	177	3918521	71164
chr1	3847357	4047357	harbor1	chr1	3922795	3923256	LTR/ERVL-MaLR	1471	+	230	3923025	75668
chr1	3847357	4047357	harbor1	chr1	3928970	3929146	LTR/ERVL-MaLR	664	+	88	3929058	81701
chr1	3847357	4047357	harbor1	chr1	3930771	3931038	LTR/ERVL-MaLR	836	+	134	3930905	83548
chr1	3847357	4047357	harbor1	chr1	3942395	3942748	LTR/ERVL-MaLR	1712	+	176	3942571	95214
chr1	214556209	214756209	harbor1	chr1	214576016	214576370	LTR/ERVL-MaLR	2280	+	177	214576193	19984
chr1	214556209	214756209	harbor1	chr1	214576371	214577906	LTR/ERVL-MaLR	11109	+	768	214577139	20930
chr1	214556209	214756209	harbor1	chr1	214577907	214578261	LTR/ERVL-MaLR	2454	+	177	214578084	21875
chr1	214556209	214756209	harbor1	chr1	214596360	214596666	LTR/ERVL-MaLR	1360	+	153	214596513	40304
chr1	214556209	214756209	harbor1	chr1	214596964	214597045	LTR/ERVL-MaLR	1360	+	40	214597004	40795
chr1	179358465	179558465	harbor1	chr1	179391346	179391509	LTR/ERVL-MaLR	2247	+	82	179391428	32963
chr1	179358465	179558465	harbor1	chr1	179391838	179392064	LTR/ERVL-MaLR	2247	+	113	179391951	33486
chr1	179358465	179558465	harbor1	chr1	179401572	179401891	LTR/ERVL-MaLR	1928	+	160	179401732	43267
chr1	179358465	179558465	harbor1	chr1	179402183	179402230	LTR/ERVL-MaLR	1928	+	24	179402207	43742
chr1	179358465	179558465	harbor1	chr1	179451557	179451911	LTR/ERVL-MaLR	2214	+	177	179451734	93269
chr1	179358465	179558465	harbor1	chr1	179451912	179452407	LTR/ERVL-MaLR	11805	+	248	179452160	93695
chr1	179358465	179558465	harbor1	chr1	179452725	179453520	LTR/ERVL-MaLR	11805	+	398	179453123	94658
chr1	179358465	179558465	harbor1	chr1	179454125	179454468	LTR/ERVL-MaLR	2295	+	172	179454297	95832
chr1	179358465	179558465	harbor1	chr1	179371527	179372112	LTR/ERVL-MaLR	1874	+	292	179371819	13354
chr1	179358465	179558465	harbor1	chr1	179453824	179454124	LTR/ERVL-MaLR	11805	+	150	179453974	95509
chr1	55236310	55436310	harbor1	chr1	55271700	55271930	LTR/ERVL-MaLR	1518	+	115	55271815	35505
chr1	55236310	55436310	harbor1	chr1	55285265	55285738	LTR/ERVL-MaLR	2165	+	236	55285501	49191
chr1	55236310	55436310	harbor1	chr1	55290829	55290982	LTR/ERVL-MaLR	457	+	76	55290905	54595
chr1	55236310	55436310	harbor1	chr1	55291088	55291224	LTR/ERVL-MaLR	594	+	68	55291156	54846
chr1	55236310	55436310	harbor1	chr1	55297581	55297751	LTR/ERVL-MaLR	470	+	85	55297666	61356
chr1	55236310	55436310	harbor1	chr1	55297763	55297889	LTR/ERVL-MaLR	427	+	63	55297826	61516
chr1	55236310	55436310	harbor1	chr1	55298202	55298241	LTR/ERVL-MaLR	427	+	20	55298222	61912
chr1	55236310	55436310	harbor1	chr1	55305899	55306422	LTR/ERVL-MaLR	1042	+	262	55306161	69851
chr1	55236310	55436310	harbor1	chr1	55306850	55307209	LTR/ERVL-MaLR	2070	+	180	55307030	70720
chr1	211863063	212063063	harbor1	chr1	211877338	211877524	LTR/ERVL-MaLR	695	+	93	211877431	14368
chr1	211863063	212063063	harbor1	chr1	211883219	211883629	LTR/ERVL-MaLR	1381	+	205	211883424	20361
chr1	211863063	212063063	harbor1	chr1	211883886	211883953	LTR/ERVL-MaLR	1381	+	34	211883920	20857
chr1	211863063	212063063	harbor1	chr1	211899670	211899775	LTR/ERVL-MaLR	801	+	52	211899722	36659
chr1	211863063	212063063	harbor1	chr1	211899804	211899830	LTR/ERVL-MaLR	801	+	13	211899817	36754
chr1	211863063	212063063	harbor1	chr1	211900072	211900317	LTR/ERVL-MaLR	801	+	122	211900194	37131
chr1	211863063	212063063	harbor1	chr1	211900616	211900720	LTR/ERVL-MaLR	801	+	52	211900668	37605
chr1	211863063	212063063	harbor1	chr1	211913664	211914104	LTR/ERVL-MaLR	752	+	220	211913884	50821
chr1	211863063	212063063	harbor1	chr1	211945527	211945690	LTR/ERVL-MaLR	511	+	82	211945609	82546
chr1	211863063	212063063	harbor1	chr1	211951196	211951290	LTR/ERVL-MaLR	1197	+	47	211951243	88180
chr1	211863063	212063063	harbor1	chr1	211951606	211951839	LTR/ERVL-MaLR	1197	+	116	211951722	88659
chr1	26872073	27072073	harbor1	chr1	26888276	26888495	LTR/ERVL-MaLR	922	+	110	26888386	16313
chr1	26872073	27072073	harbor1	chr1	26935284	26935355	LTR/ERVL-MaLR	485	+	36	26935320	63247
chr2	195754584	195954584	harbor1	chr2	195801004	195801229	LTR/ERVL-MaLR	892	+	112	195801116	46532
chr2	134657306	134857306	harbor1	chr2	134660897	134661374	LTR/ERVL-MaLR	1107	+	238	134661135	3829
chr2	134657306	134857306	harbor1	chr2	134664430	134664855	LTR/ERVL-MaLR	1589	+	212	134664642	7336
chr2	134657306	134857306	harbor1	chr2	134667179	134667436	LTR/ERVL-MaLR	783	+	128	134667307	10001
chr2	134657306	134857306	harbor1	chr2	134669523	134670122	LTR/ERVL-MaLR	876	+	300	134669823	12517
chr2	134657306	134857306	harbor1	chr2	134673465	134673936	LTR/ERVL-MaLR	2680	+	236	134673701	16395
chr2	134657306	134857306	harbor1	chr2	134691872	134692353	LTR/ERVL-MaLR	1420	+	240	134692112	34806
chr2	134657306	134857306	harbor1	chr2	134704885	134704926	LTR/ERVL-MaLR	1907	+	20	134704905	47599
chr2	134657306	134857306	harbor1	chr2	134705225	134705495	LTR/ERVL-MaLR	1907	+	135	134705360	48054
chr2	134657306	134857306	harbor1	chr2	134730649	134730693	LTR/ERVL-MaLR	2372	+	22	134730671	73365
chr2	134657306	134857306	harbor1	chr2	134730694	134731096	LTR/ERVL-MaLR	2540	+	201	134730895	73589
chr2	134657306	134857306	harbor1	chr2	134731097	134731439	LTR/ERVL-MaLR	2372	+	171	134731268	73962
chr2	163940225	164140225	harbor1	chr2	163966685	163967089	LTR/ERVL-MaLR	805	+	202	163966887	26662
chr2	163940225	164140225	harbor1	chr2	163976923	163977396	LTR/ERVL-MaLR	1841	+	236	163977159	36934
chr2	163940225	164140225	harbor1	chr2	164038704	164038793	LTR/ERVL-MaLR	796	+	44	164038748	98523
chr2	163940225	164140225	harbor1	chr2	164039209	164039540	LTR/ERVL-MaLR	796	+	166	164039375	99150
chr2	120540389	120740389	harbor1	chr2	120581421	120581784	LTR/ERVL-MaLR	555	+	182	120581603	41214
chr2	120540389	120740389	harbor1	chr2	120592147	120592307	LTR/ERVL-MaLR	671	+	80	120592227	51838
chr2	120540389	120740389	harbor1	chr2	120597989	120598190	LTR/ERVL-MaLR	429	+	100	120598089	57700
chr2	120540389	120740389	harbor1	chr2	120599046	120599329	LTR/ERVL-MaLR	964	+	142	120599188	58799
chr2	120540389	120740389	harbor1	chr2	120604029	120604209	LTR/ERVL-MaLR	2195	+	90	120604119	63730
chr2	120540389	120740389	harbor1	chr2	120604513	120604742	LTR/ERVL-MaLR	2195	+	114	120604627	64238
chr2	120540389	120740389	harbor1	chr2	120635586	120636020	LTR/ERVL-MaLR	1735	+	217	120635803	95414
chr2	120540389	120740389	harbor1	chr2	120636550	120637052	LTR/ERVL-MaLR	1952	+	251	120636801	96412
chr2	239159133	239359133	harbor1	chr2	239188713	239189078	LTR/ERVL-MaLR	1101	+	182	239188895	29762
chr2	130910460	131110460	harbor1	chr2	130957593	130957953	LTR/ERVL-MaLR	1712	+	180	130957773	47313
chr2	130910460	131110460	harbor1	chr2	131005815	131006414	LTR/ERVL-MaLR	1386	+	300	131006115	95655
chr2	74265851	74465851	harbor1	chr2	74276805	74277141	LTR/ERVL-MaLR	519	+	168	74276973	11122
chr2	74265851	74465851	harbor1	chr2	74298923	74299069	LTR/ERVL-MaLR	2604	+	73	74298996	33145
chr2	74265851	74465851	harbor1	chr2	74299366	74299584	LTR/ERVL-MaLR	2604	+	109	74299475	33624
chr2	74265851	74465851	harbor1	chr2	74321703	74322268	LTR/ERVL-MaLR	1027	+	282	74321985	56134
chr2	74265851	74465851	harbor1	chr2	74324756	74325127	LTR/ERVL-MaLR	478	+	186	74324942	59091
chr2	123280433	123480433	harbor1	chr2	123286823	123287238	LTR/ERVL-MaLR	1055	+	208	123287031	6598
chr2	123280433	123480433	harbor1	chr2	123327674	123328061	LTR/ERVL-MaLR	1616	+	194	123327868	47435
chr2	123280433	123480433	harbor1	chr2	123351106	123351492	LTR/ERVL-MaLR	2094	+	193	123351299	70866
chr2	123280433	123480433	harbor1	chr2	123379918	123380085	LTR/ERVL-MaLR	693	+	84	123380002	99569
chr2	123280433	123480433	harbor1	chr2	123305812	123306199	LTR/ERVL-MaLR	1416	+	194	123306006	25573
chr2	9601477	9801477	harbor1	chr2	9679055	9679409	LTR/ERVL-MaLR	2179	+	177	9679232	77755
chr2	42421341	42621341	harbor1	chr2	42422139	42422501	LTR/ERVL-MaLR	1985	+	181	42422320	979
chr2	42421341	42621341	harbor1	chr2	42521022	42521510	LTR/ERVL-MaLR	2623	+	244	42521266	99925
chr2	202190276	202390276	harbor1	chr2	202233263	202233757	LTR/ERVL-MaLR	981	+	247	202233510	43234
chr2	202190276	202390276	harbor1	chr2	202241365	202241745	LTR/ERVL-MaLR	1796	+	190	202241555	51279
chr2	202190276	202390276	harbor1	chr2	202246371	202246728	LTR/ERVL-MaLR	2294	+	178	202246549	56273
chr2	202190276	202390276	harbor1	chr2	202250765	202250949	LTR/ERVL-MaLR	1106	+	92	202250857	60581
chr2	202190276	202390276	harbor1	chr2	202251566	202251617	LTR/ERVL-MaLR	1106	+	26	202251592	61316
chr2	202190276	202390276	harbor1	chr2	202252002	202252201	LTR/ERVL-MaLR	972	+	100	202252102	61826
chr2	43870685	44070685	harbor1	chr2	43878762	43879118	LTR/ERVL-MaLR	2030	+	178	43878940	8255
chr2	179468474	179668474	harbor1	chr2	179502041	179502349	LTR/ERVL-MaLR	2203	+	154	179502195	33721
chr2	179468474	179668474	harbor1	chr2	179502350	179502727	LTR/ERVL-MaLR	2058	+	188	179502538	34064
chr2	5327766	5527766	harbor1	chr2	5333819	5334270	LTR/ERVL-MaLR	811	+	226	5334045	6279
chr2	5327766	5527766	harbor1	chr2	5381384	5381793	LTR/ERVL-MaLR	2306	+	204	5381588	53822
chr2	5327766	5527766	harbor1	chr2	5396641	5396833	LTR/ERVL-MaLR	521	+	96	5396737	68971
chr2	5327766	5527766	harbor1	chr2	5423083	5423443	LTR/ERVL-MaLR	1893	+	180	5423263	95497
chr2	76301164	76501164	harbor1	chr2	76318278	76318610	LTR/ERVL-MaLR	762	+	166	76318444	17280
chr2	76301164	76501164	harbor1	chr2	76355926	76356312	LTR/ERVL-MaLR	1915	+	193	76356119	54955
chr2	76301164	76501164	harbor1	chr2	76356313	76357924	LTR/ERVL-MaLR	11075	+	806	76357119	55955
chr2	76301164	76501164	harbor1	chr2	76357925	76358029	LTR/ERVL-MaLR	540	+	52	76357977	56813
chr2	76301164	76501164	harbor1	chr2	76359722	76360052	LTR/ERVL-MaLR	726	+	165	76359887	58723
chr2	96046374	96246374	harbor1	chr2	96047403	96047929	LTR/ERVL-MaLR	971	+	263	96047666	1292
chr2	96046374	96246374	harbor1	chr2	96053126	96053597	LTR/ERVL-MaLR	1418	+	236	96053362	6988
chr2	96046374	96246374	harbor1	chr2	96081260	96081612	LTR/ERVL-MaLR	1810	+	176	96081436	35062
chr2	34728845	34928845	harbor1	chr2	34781454	34781921	LTR/ERVL-MaLR	1669	+	234	34781688	52843
chr2	42870195	43070195	harbor1	chr2	42908056	42908175	LTR/ERVL-MaLR	582	+	60	42908116	37921
chr2	42870195	43070195	harbor1	chr2	42908482	42908552	LTR/ERVL-MaLR	582	+	35	42908517	38322
chr2	42870195	43070195	harbor1	chr2	42939868	42940013	LTR/ERVL-MaLR	603	+	72	42939940	69745
chr2	42870195	43070195	harbor1	chr2	42940325	42940540	LTR/ERVL-MaLR	734	+	108	42940433	70238
chr2	42870195	43070195	harbor1	chr2	42947636	42948023	LTR/ERVL-MaLR	1005	+	194	42947830	77635
chr2	42870195	43070195	harbor1	chr2	42948273	42948623	LTR/ERVL-MaLR	830	+	175	42948448	78253
chr2	42870195	43070195	harbor1	chr2	42948920	42948990	LTR/ERVL-MaLR	830	+	35	42948955	78760
chr2	42870195	43070195	harbor1	chr2	42952173	42952514	LTR/ERVL-MaLR	2238	+	170	42952343	82148
chr2	47026092	47226092	harbor1	chr2	47081980	47082101	LTR/ERVL-MaLR	2361	+	60	47082040	55948
chr2	47026092	47226092	harbor1	chr2	47082418	47082781	LTR/ERVL-MaLR	2361	+	182	47082600	56508
chr2	47026092	47226092	harbor1	chr2	47084272	47084586	LTR/ERVL-MaLR	651	+	157	47084429	58337
chr2	47026092	47226092	harbor1	chr2	47095145	47095598	LTR/ERVL-MaLR	2030	+	226	47095371	69279
chr2	47026092	47226092	harbor1	chr2	47095684	47096130	LTR/ERVL-MaLR	1304	+	223	47095907	69815
chr2	47026092	47226092	harbor1	chr2	47097363	47097766	LTR/ERVL-MaLR	1622	+	202	47097565	71473
chr2	47026092	47226092	harbor1	chr2	47116164	47116263	LTR/ERVL-MaLR	507	+	50	47116214	90122
chr2	113826643	114026643	harbor1	chr2	113845792	113846142	LTR/ERVL-MaLR	2145	+	175	113845967	19324
chr2	113826643	114026643	harbor1	chr2	113853814	113853900	LTR/ERVL-MaLR	1589	+	43	113853857	27214
chr2	113826643	114026643	harbor1	chr2	113854211	113854392	LTR/ERVL-MaLR	1589	+	90	113854301	27658
chr2	113826643	114026643	harbor1	chr2	113854737	113854975	LTR/ERVL-MaLR	1589	+	119	113854856	28213
chr2	113826643	114026643	harbor1	chr2	113856526	113856731	LTR/ERVL-MaLR	946	+	102	113856628	29985
chr2	113826643	114026643	harbor1	chr2	113856748	113857014	LTR/ERVL-MaLR	1297	+	133	113856881	30238
chr2	113826643	114026643	harbor1	chr2	113857015	113857308	LTR/ERVL-MaLR	1642	+	146	113857161	30518
chr2	113826643	114026643	harbor1	chr2	113872163	113872624	LTR/ERVL-MaLR	2314	+	230	113872393	45750
chr2	113826643	114026643	harbor1	chr2	113878756	113879313	LTR/ERVL-MaLR	1063	+	278	113879034	52391
chr2	193084609	193284609	harbor1	chr2	193090236	193090619	LTR/ERVL-MaLR	461	+	192	193090428	5819
chr2	193084609	193284609	harbor1	chr2	193108804	193109180	LTR/ERVL-MaLR	2154	+	188	193108992	24383
chr2	193084609	193284609	harbor1	chr2	193124722	193125084	LTR/ERVL-MaLR	1238	+	181	193124903	40294
chr2	193084609	193284609	harbor1	chr2	193137358	193137691	LTR/ERVL-MaLR	1663	+	166	193137524	52915
chr2	193084609	193284609	harbor1	chr2	193141585	193142007	LTR/ERVL-MaLR	1636	+	211	193141796	57187
chr2	193084609	193284609	harbor1	chr2	193157628	193158073	LTR/ERVL-MaLR	2313	+	222	193157850	73241
chr2	193084609	193284609	harbor1	chr2	193164073	193164450	LTR/ERVL-MaLR	1875	+	188	193164261	79652
chr2	182216821	182416821	harbor1	chr2	182222969	182223352	LTR/ERVL-MaLR	1768	+	192	182223161	6340
chr2	182216821	182416821	harbor1	chr2	182254826	182255300	LTR/ERVL-MaLR	778	+	237	182255063	38242
chr2	182216821	182416821	harbor1	chr2	182266600	182267010	LTR/ERVL-MaLR	656	+	205	182266805	49984
chr2	182216821	182416821	harbor1	chr2	182294532	182294892	LTR/ERVL-MaLR	895	+	180	182294712	77891
chr2	182216821	182416821	harbor1	chr2	182307211	182307587	LTR/ERVL-MaLR	1596	+	188	182307399	90578
chr2	182216821	182416821	harbor1	chr2	182310756	182311181	LTR/ERVL-MaLR	944	+	212	182310968	94147
chr2	41892405	42092405	harbor1	chr2	41894096	41894497	LTR/ERVL-MaLR	2055	+	200	41894296	1891
chr2	41892405	42092405	harbor1	chr2	41905563	41905865	LTR/ERVL-MaLR	702	+	151	41905714	13309
chr2	41892405	42092405	harbor1	chr2	41908054	41908221	LTR/ERVL-MaLR	447	+	84	41908138	15733
chr2	41892405	42092405	harbor1	chr2	41914447	41914794	LTR/ERVL-MaLR	2294	+	174	41914621	22216
chr2	41892405	42092405	harbor1	chr2	41914994	41915445	LTR/ERVL-MaLR	1471	+	226	41915220	22815
chr2	41892405	42092405	harbor1	chr2	41937174	41937301	LTR/ERVL-MaLR	640	+	64	41937238	44833
chr2	41892405	42092405	harbor1	chr2	41945286	41945834	LTR/ERVL-MaLR	2595	+	274	41945560	53155
chr2	41892405	42092405	harbor1	chr2	41956835	41957195	LTR/ERVL-MaLR	1722	+	180	41957015	64610
chr2	41892405	42092405	harbor1	chr2	41959021	41959413	LTR/ERVL-MaLR	733	+	196	41959217	66812
chr2	41892405	42092405	harbor1	chr2	41982124	41982558	LTR/ERVL-MaLR	1316	+	217	41982341	89936
chr2	41892405	42092405	harbor1	chr2	41910083	41910423	LTR/ERVL-MaLR	1386	+	170	41910253	17848
chr2	25802089	26002089	harbor1	chr2	25818793	25819315	LTR/ERVL-MaLR	1026	+	261	25819054	16965
chr2	25802089	26002089	harbor1	chr2	25884235	25884408	LTR/ERVL-MaLR	2263	+	86	25884321	82232
chr2	25802089	26002089	harbor1	chr2	25884887	25885126	LTR/ERVL-MaLR	2263	+	120	25885007	82918
chr2	71309543	71509543	harbor1	chr2	71327031	71327414	LTR/ERVL-MaLR	1974	+	192	71327223	17680
chr2	7172265	7372265	harbor1	chr2	7187735	7188102	LTR/ERVL-MaLR	2500	+	184	7187919	15654
chr2	7172265	7372265	harbor1	chr2	7211579	7211971	LTR/ERVL-MaLR	2008	+	196	7211775	39510
chr2	7172265	7372265	harbor1	chr2	7229350	7229734	LTR/ERVL-MaLR	2364	+	192	7229542	57277
chr2	7172265	7372265	harbor1	chr2	7244875	7245288	LTR/ERVL-MaLR	1972	+	206	7245081	72816
chr2	7172265	7372265	harbor1	chr2	7251544	7251928	LTR/ERVL-MaLR	1788	+	192	7251736	79471
chr2	7172265	7372265	harbor1	chr2	7253459	7253824	LTR/ERVL-MaLR	1621	+	182	7253641	81376
chr2	199032208	199232208	harbor1	chr2	199038392	199038742	LTR/ERVL-MaLR	644	+	175	199038567	6359
chr2	199032208	199232208	harbor1	chr2	199068651	199069057	LTR/ERVL-MaLR	1348	+	203	199068854	36646
chr2	199032208	199232208	harbor1	chr2	199096966	199097567	LTR/ERVL-MaLR	1277	+	300	199097266	65058
chr2	199032208	199232208	harbor1	chr2	199111774	199112126	LTR/ERVL-MaLR	1596	+	176	199111950	79742
chr2	199032208	199232208	harbor1	chr2	199127193	199127675	LTR/ERVL-MaLR	1381	+	241	199127434	95226
chr2	197224648	197424648	harbor1	chr2	197263766	197263973	LTR/ERVL-MaLR	896	+	104	197263870	39222
chr2	197224648	197424648	harbor1	chr2	197264112	197264333	LTR/ERVL-MaLR	896	+	110	197264222	39574
chr2	197224648	197424648	harbor1	chr2	197271199	197271520	LTR/ERVL-MaLR	1790	+	160	197271359	46711
chr2	197224648	197424648	harbor1	chr2	197271929	197272233	LTR/ERVL-MaLR	1315	+	152	197272081	47433
chr2	197224648	197424648	harbor1	chr2	197272536	197272600	LTR/ERVL-MaLR	1315	+	32	197272568	47920
chr2	197224648	197424648	harbor1	chr2	197272643	197272893	LTR/ERVL-MaLR	1309	+	125	197272768	48120
chr2	136206040	136406040	harbor1	chr2	136236800	136237352	LTR/ERVL-MaLR	1649	+	276	136237076	31036
chr2	136206040	136406040	harbor1	chr2	136268291	136268831	LTR/ERVL-MaLR	711	+	270	136268561	62521
chr2	136206040	136406040	harbor1	chr2	136269674	136269881	LTR/ERVL-MaLR	1567	+	104	136269778	63738
chr2	136206040	136406040	harbor1	chr2	136287584	136287854	LTR/ERVL-MaLR	861	+	135	136287719	81679
chr2	213233812	213433812	harbor1	chr2	213276947	213277310	LTR/ERVL-MaLR	2219	+	182	213277129	43317
chr2	213233812	213433812	harbor1	chr2	213277311	213278886	LTR/ERVL-MaLR	11732	+	788	213278099	44287
chr2	213233812	213433812	harbor1	chr2	213278887	213279249	LTR/ERVL-MaLR	2107	+	181	213279068	45256
chr2	213233812	213433812	harbor1	chr2	213292942	213292972	LTR/ERVL-MaLR	1680	+	15	213292957	59145
chr2	213233812	213433812	harbor1	chr2	213292973	213293331	LTR/ERVL-MaLR	1992	+	179	213293152	59340
chr2	213233812	213433812	harbor1	chr2	213293332	213293773	LTR/ERVL-MaLR	1680	+	220	213293552	59740
chr2	213233812	213433812	harbor1	chr2	213294263	213294416	LTR/ERVL-MaLR	465	+	76	213294339	60527
chr2	213233812	213433812	harbor1	chr2	213328812	213329162	LTR/ERVL-MaLR	2146	+	175	213328987	95175
chr2	213233812	213433812	harbor1	chr2	213329163	213330743	LTR/ERVL-MaLR	11797	+	790	213329953	96141
chr2	213233812	213433812	harbor1	chr2	213330744	213331079	LTR/ERVL-MaLR	1941	+	168	213330912	97100
chr2	31894075	32094075	harbor1	chr2	31913852	31914275	LTR/ERVL-MaLR	497	+	212	31914064	19989
chr2	31894075	32094075	harbor1	chr2	31914636	31914705	LTR/ERVL-MaLR	497	+	34	31914670	20595
chr2	31894075	32094075	harbor1	chr2	31915158	31915316	LTR/ERVL-MaLR	484	+	79	31915237	21162
chr2	31894075	32094075	harbor1	chr2	31915339	31915544	LTR/ERVL-MaLR	424	+	102	31915441	21366
chr2	31894075	32094075	harbor1	chr2	31921027	31921373	LTR/ERVL-MaLR	1439	+	173	31921200	27125
chr2	223285718	223485718	harbor1	chr2	223356914	223357218	LTR/ERVL-MaLR	884	+	152	223357066	71348
chr2	223285718	223485718	harbor1	chr2	223362716	223363071	LTR/ERVL-MaLR	1938	+	178	223362894	77176
chr2	223285718	223485718	harbor1	chr2	223365214	223365646	LTR/ERVL-MaLR	655	+	216	223365430	79712
chr2	223285718	223485718	harbor1	chr2	223372493	223372866	LTR/ERVL-MaLR	2765	+	186	223372679	86961
chr2	67017761	67217761	harbor1	chr2	67041422	67041965	LTR/ERVL-MaLR	893	+	272	67041694	23933
chr2	67017761	67217761	harbor1	chr2	67086200	67086378	LTR/ERVL-MaLR	735	+	89	67086289	68528
chr2	67017761	67217761	harbor1	chr2	67086399	67086624	LTR/ERVL-MaLR	873	+	112	67086511	68750
chr2	67017761	67217761	harbor1	chr2	67115280	67115632	LTR/ERVL-MaLR	2713	+	176	67115456	97695
chr2	9046979	9246979	harbor1	chr2	9072181	9072600	LTR/ERVL-MaLR	1757	+	210	9072391	25412
chr2	9046979	9246979	harbor1	chr2	9114749	9115100	LTR/ERVL-MaLR	2268	+	176	9114925	67946
chr2	9046979	9246979	harbor1	chr2	9124984	9125070	LTR/ERVL-MaLR	522	+	43	9125027	78048
chr2	9046979	9246979	harbor1	chr2	9126101	9126224	LTR/ERVL-MaLR	547	+	62	9126163	79184
chr2	9046979	9246979	harbor1	chr2	9127346	9127781	LTR/ERVL-MaLR	1321	+	218	9127564	80585
chr2	9046979	9246979	harbor1	chr2	9060224	9060598	LTR/ERVL-MaLR	2238	+	187	9060411	13432
chr2	9046979	9246979	harbor1	chr2	9125777	9126074	LTR/ERVL-MaLR	942	+	148	9125925	78946
chr2	119632942	119832942	harbor1	chr2	119686954	119687340	LTR/ERVL-MaLR	1473	+	193	119687147	54205
chr2	119632942	119832942	harbor1	chr2	119687700	119687867	LTR/ERVL-MaLR	1473	+	84	119687784	54842
chr2	119632942	119832942	harbor1	chr2	119690060	119690458	LTR/ERVL-MaLR	2762	+	199	119690259	57317
chr2	119632942	119832942	harbor1	chr2	119712324	119712706	LTR/ERVL-MaLR	1889	+	191	119712515	79573
chr2	119632942	119832942	harbor1	chr2	119719395	119719727	LTR/ERVL-MaLR	614	+	166	119719561	86619
chr2	119632942	119832942	harbor1	chr2	119731242	119731432	LTR/ERVL-MaLR	1357	+	95	119731337	98395
chr2	119632942	119832942	harbor1	chr2	119731725	119732119	LTR/ERVL-MaLR	1357	+	197	119731922	98980
chr2	240602160	240802160	harbor1	chr2	240616629	240617072	LTR/ERVL-MaLR	1236	+	222	240616851	14691
chr2	240602160	240802160	harbor1	chr2	240617067	240617186	LTR/ERVL-MaLR	549	+	60	240617127	14967
chr2	240602160	240802160	harbor1	chr2	240617181	240617426	LTR/ERVL-MaLR	1072	+	122	240617303	15143
chr2	240602160	240802160	harbor1	chr2	240632830	240633207	LTR/ERVL-MaLR	2409	+	188	240633018	30858
chr2	240602160	240802160	harbor1	chr2	240633210	240634743	LTR/ERVL-MaLR	10395	+	766	240633976	31816
chr2	240602160	240802160	harbor1	chr2	240634744	240635110	LTR/ERVL-MaLR	2263	+	183	240634927	32767
chr2	240602160	240802160	harbor1	chr2	240669858	240670159	LTR/ERVL-MaLR	1103	+	150	240670008	67848
chr2	240602160	240802160	harbor1	chr2	240678266	240678631	LTR/ERVL-MaLR	594	+	182	240678448	76288
chr2	179842190	180042190	harbor1	chr2	179896954	179897163	LTR/ERVL-MaLR	1227	+	104	179897058	54868
chr2	179842190	180042190	harbor1	chr2	179908372	179908826	LTR/ERVL-MaLR	1429	+	227	179908599	66409
chr2	179842190	180042190	harbor1	chr2	179925065	179925424	LTR/ERVL-MaLR	1822	+	180	179925245	83055
chr2	179842190	180042190	harbor1	chr2	179912442	179912950	LTR/ERVL-MaLR	1734	+	254	179912696	70506
chr2	210185676	210385676	harbor1	chr2	210195965	210196333	LTR/ERVL-MaLR	2511	+	184	210196149	10473
chr2	210185676	210385676	harbor1	chr2	210211412	210211795	LTR/ERVL-MaLR	2096	+	192	210211604	25928
chr2	210185676	210385676	harbor1	chr2	210212161	210212635	LTR/ERVL-MaLR	1637	+	237	210212398	26722
chr2	210185676	210385676	harbor1	chr2	210233405	210233634	LTR/ERVL-MaLR	527	+	114	210233519	47843
chr2	210185676	210385676	harbor1	chr2	210234452	210234606	LTR/ERVL-MaLR	546	+	77	210234529	48853
chr2	210185676	210385676	harbor1	chr2	210234635	210234769	LTR/ERVL-MaLR	537	+	67	210234702	49026
chr2	210185676	210385676	harbor1	chr2	210234923	210235137	LTR/ERVL-MaLR	466	+	107	210235030	49354
chr2	210185676	210385676	harbor1	chr2	210237354	210237689	LTR/ERVL-MaLR	1169	+	168	210237522	51846
chr2	210185676	210385676	harbor1	chr2	210240326	210240725	LTR/ERVL-MaLR	1503	+	200	210240526	54850
chr2	95723477	95923477	harbor1	chr2	95739474	95739841	LTR/ERVL-MaLR	2121	+	184	95739658	16181
chr2	95723477	95923477	harbor1	chr2	95740135	95740177	LTR/ERVL-MaLR	2121	+	21	95740156	16679
chr2	95723477	95923477	harbor1	chr2	95766050	95766434	LTR/ERVL-MaLR	872	+	192	95766242	42765
chr2	95723477	95923477	harbor1	chr2	95768801	95768975	LTR/ERVL-MaLR	494	+	87	95768888	45411
chr2	95723477	95923477	harbor1	chr2	95773976	95774420	LTR/ERVL-MaLR	1384	+	222	95774198	50721
chr2	95723477	95923477	harbor1	chr2	95785837	95786203	LTR/ERVL-MaLR	699	+	183	95786020	62543
chr2	172205691	172405691	harbor1	chr2	172209981	172210071	LTR/ERVL-MaLR	776	+	45	172210026	4335
chr2	172205691	172405691	harbor1	chr2	172210373	172210728	LTR/ERVL-MaLR	776	+	178	172210551	4860
chr2	172205691	172405691	harbor1	chr2	172225932	172226421	LTR/ERVL-MaLR	756	+	244	172226176	20485
chr2	172205691	172405691	harbor1	chr2	172243581	172243881	LTR/ERVL-MaLR	461	+	150	172243731	38040
chr2	172205691	172405691	harbor1	chr2	172245515	172245767	LTR/ERVL-MaLR	1521	+	126	172245641	39950
chr2	172205691	172405691	harbor1	chr2	172291737	172292158	LTR/ERVL-MaLR	2772	+	210	172291947	86256
chr2	29092604	29292604	harbor1	chr2	29105642	29105964	LTR/ERVL-MaLR	1472	+	161	29105803	13199
chr2	29092604	29292604	harbor1	chr2	29187568	29187930	LTR/ERVL-MaLR	2774	+	181	29187749	95145
chr2	144139152	144339152	harbor1	chr2	144167425	144167803	LTR/ERVL-MaLR	2359	+	189	144167614	28462
chr2	144139152	144339152	harbor1	chr2	144173218	144173598	LTR/ERVL-MaLR	744	+	190	144173408	34256
chr2	144139152	144339152	harbor1	chr2	144173680	144174092	LTR/ERVL-MaLR	1824	+	206	144173886	34734
chr2	144139152	144339152	harbor1	chr2	144174544	144174910	LTR/ERVL-MaLR	2426	+	183	144174727	35575
chr2	144139152	144339152	harbor1	chr2	144187756	144188169	LTR/ERVL-MaLR	1245	+	206	144187962	48810
chr2	144139152	144339152	harbor1	chr2	144198274	144198714	LTR/ERVL-MaLR	870	+	220	144198494	59342
chr2	144139152	144339152	harbor1	chr2	144237681	144238094	LTR/ERVL-MaLR	1688	+	206	144237887	98735
chr2	73007748	73207748	harbor1	chr2	73010117	73010620	LTR/ERVL-MaLR	1121	+	252	73010369	2621
chr2	73007748	73207748	harbor1	chr2	73029009	73029332	LTR/ERVL-MaLR	581	+	162	73029171	21423
chr2	73007748	73207748	harbor1	chr2	73031174	73031541	LTR/ERVL-MaLR	942	+	184	73031358	23610
chr2	73007748	73207748	harbor1	chr2	73047450	73047803	LTR/ERVL-MaLR	2335	+	176	73047626	39878
chr2	73007748	73207748	harbor1	chr2	73057646	73058002	LTR/ERVL-MaLR	2040	+	178	73057824	50076
chr2	68585632	68785632	harbor1	chr2	68622161	68622482	LTR/ERVL-MaLR	1255	+	160	68622321	36689
chr2	68585632	68785632	harbor1	chr2	68634264	68634657	LTR/ERVL-MaLR	1161	+	196	68634460	48828
chr2	68585632	68785632	harbor1	chr2	68637696	68638024	LTR/ERVL-MaLR	1307	+	164	68637860	52228
chr2	68585632	68785632	harbor1	chr2	68667523	68667878	LTR/ERVL-MaLR	654	+	178	68667701	82069
chr2	175396127	175596127	harbor1	chr2	175452013	175452412	LTR/ERVL-MaLR	2006	+	200	175452213	56086
chr2	175396127	175596127	harbor1	chr2	175459599	175459950	LTR/ERVL-MaLR	2691	+	176	175459775	63648
chr2	175396127	175596127	harbor1	chr2	175459951	175461519	LTR/ERVL-MaLR	11193	+	784	175460735	64608
chr2	175396127	175596127	harbor1	chr2	175461525	175461870	LTR/ERVL-MaLR	2548	+	172	175461697	65570
chr2	27549027	27749027	harbor1	chr2	27623709	27624085	LTR/ERVL-MaLR	666	+	188	27623897	74870
chr2	186224083	186424083	harbor1	chr2	186228690	186229087	LTR/ERVL-MaLR	2038	+	198	186228888	4805
chr2	186224083	186424083	harbor1	chr2	186229088	186230320	LTR/ERVL-MaLR	6885	+	616	186229704	5621
chr2	186224083	186424083	harbor1	chr2	186236472	186236609	LTR/ERVL-MaLR	1880	+	68	186236540	12457
chr2	186224083	186424083	harbor1	chr2	186236644	186236820	LTR/ERVL-MaLR	1880	+	88	186236732	12649
chr2	186224083	186424083	harbor1	chr2	186273016	186273416	LTR/ERVL-MaLR	1714	+	200	186273216	49133
chr2	186224083	186424083	harbor1	chr2	186283672	186283809	LTR/ERVL-MaLR	662	+	68	186283740	59657
chr2	186224083	186424083	harbor1	chr2	186284181	186284429	LTR/ERVL-MaLR	1453	+	124	186284305	60222
chr2	186224083	186424083	harbor1	chr2	186289604	186289934	LTR/ERVL-MaLR	1724	+	165	186289769	65686
chr2	186224083	186424083	harbor1	chr2	186298052	186298424	LTR/ERVL-MaLR	2058	+	186	186298238	74155
chr2	186224083	186424083	harbor1	chr2	186236825	186237204	LTR/ERVL-MaLR	2022	+	190	186237015	12932
chr2	186224083	186424083	harbor1	chr2	186269533	186269945	LTR/ERVL-MaLR	501	+	206	186269739	45656
chr2	60560764	60760764	harbor1	chr2	60586339	60586830	LTR/ERVL-MaLR	2154	+	246	60586585	25821
chr2	60560764	60760764	harbor1	chr2	60596396	60596557	LTR/ERVL-MaLR	2489	+	80	60596476	35712
chr2	60560764	60760764	harbor1	chr2	60596558	60596887	LTR/ERVL-MaLR	1784	+	164	60596722	35958
chr2	60560764	60760764	harbor1	chr2	60597185	60597232	LTR/ERVL-MaLR	1784	+	24	60597209	36445
chr2	60560764	60760764	harbor1	chr2	60597233	60597514	LTR/ERVL-MaLR	2489	+	140	60597373	36609
chr2	60560764	60760764	harbor1	chr2	60600450	60601008	LTR/ERVL-MaLR	2314	+	279	60600729	39965
chr2	60560764	60760764	harbor1	chr2	60620226	60620517	LTR/ERVL-MaLR	1809	+	146	60620372	59608
chr2	60560764	60760764	harbor1	chr2	60625174	60625555	LTR/ERVL-MaLR	2284	+	190	60625364	64600
chr2	60560764	60760764	harbor1	chr2	60630564	60630942	LTR/ERVL-MaLR	2105	+	189	60630753	69989
chr2	60560764	60760764	harbor1	chr2	60645534	60645974	LTR/ERVL-MaLR	2460	+	220	60645754	84990
chr2	60560764	60760764	harbor1	chr2	60646281	60646434	LTR/ERVL-MaLR	2460	+	76	60646357	85593
chr2	60560764	60760764	harbor1	chr2	60652446	60652849	LTR/ERVL-MaLR	1688	+	202	60652648	91884
chr2	60560764	60760764	harbor1	chr2	60657742	60657946	LTR/ERVL-MaLR	1099	+	102	60657844	97080
chr2	60560764	60760764	harbor1	chr2	60658215	60658572	LTR/ERVL-MaLR	2181	+	178	60658393	97629
chr2	60560764	60760764	harbor1	chr2	60604154	60604565	LTR/ERVL-MaLR	1868	+	206	60604360	43596
chr2	103708411	103908411	harbor1	chr2	103724326	103724714	LTR/ERVL-MaLR	2230	+	194	103724520	16109
chr2	103708411	103908411	harbor1	chr2	103774777	103775128	LTR/ERVL-MaLR	1974	+	176	103774953	66542
chr2	103708411	103908411	harbor1	chr2	103775849	103776189	LTR/ERVL-MaLR	1593	+	170	103776019	67608
chr2	103708411	103908411	harbor1	chr2	103777541	103777911	LTR/ERVL-MaLR	1788	+	185	103777726	69315
chr2	103708411	103908411	harbor1	chr2	103801993	103802354	LTR/ERVL-MaLR	2088	+	180	103802173	93762
chr2	103708411	103908411	harbor1	chr2	103802623	103803177	LTR/ERVL-MaLR	1743	+	277	103802900	94489
chr2	103708411	103908411	harbor1	chr2	103803886	103804065	LTR/ERVL-MaLR	475	+	90	103803976	95565
chr2	103708411	103908411	harbor1	chr2	103776191	103777533	LTR/ERVL-MaLR	3317	+	671	103776862	68451
chr2	180612621	180812621	harbor1	chr2	180622696	180623023	LTR/ERVL-MaLR	1851	+	164	180622860	10239
chr2	180612621	180812621	harbor1	chr2	180629512	180629909	LTR/ERVL-MaLR	1909	+	198	180629710	17089
chr2	77766252	77966252	harbor1	chr2	77780763	77780972	LTR/ERVL-MaLR	1380	+	104	77780867	14615
chr2	77766252	77966252	harbor1	chr2	77780973	77782489	LTR/ERVL-MaLR	10366	+	758	77781731	15479
chr2	77766252	77966252	harbor1	chr2	77782491	77782841	LTR/ERVL-MaLR	2107	+	175	77782666	16414
chr2	77766252	77966252	harbor1	chr2	77824354	77824688	LTR/ERVL-MaLR	1506	+	167	77824521	58269
chr2	77766252	77966252	harbor1	chr2	77855799	77856214	LTR/ERVL-MaLR	2335	+	208	77856007	89755
chr2	77766252	77966252	harbor1	chr2	77858184	77858601	LTR/ERVL-MaLR	2106	+	208	77858392	92140
chr2	77766252	77966252	harbor1	chr2	77860030	77860391	LTR/ERVL-MaLR	2310	+	180	77860210	93958
chr2	77766252	77966252	harbor1	chr2	77856215	77857802	LTR/ERVL-MaLR	9575	+	794	77857009	90757
chr2	54616800	54816800	harbor1	chr2	54681497	54681838	LTR/ERVL-MaLR	1803	+	170	54681667	64867
chr2	54616800	54816800	harbor1	chr2	54692123	54692544	LTR/ERVL-MaLR	2032	+	210	54692333	75533
chr2	126189980	126389980	harbor1	chr2	126207904	126208247	LTR/ERVL-MaLR	1827	+	172	126208076	18096
chr2	126189980	126389980	harbor1	chr2	126212515	126212912	LTR/ERVL-MaLR	2130	+	198	126212713	22733
chr2	126189980	126389980	harbor1	chr2	126243293	126243698	LTR/ERVL-MaLR	603	+	202	126243495	53515
chr2	126189980	126389980	harbor1	chr2	126257813	126258270	LTR/ERVL-MaLR	1635	+	228	126258041	68061
chr2	126189980	126389980	harbor1	chr2	126284584	126284980	LTR/ERVL-MaLR	1930	+	198	126284782	94802
chr2	57474039	57674039	harbor1	chr2	57488475	57488834	LTR/ERVL-MaLR	1590	+	180	57488655	14616
chr2	57474039	57674039	harbor1	chr2	57493945	57494095	LTR/ERVL-MaLR	2212	+	75	57494020	19981
chr2	57474039	57674039	harbor1	chr2	57494396	57494600	LTR/ERVL-MaLR	2212	+	102	57494498	20459
chr2	57474039	57674039	harbor1	chr2	57494738	57495243	LTR/ERVL-MaLR	1754	+	252	57494990	20951
chr2	57474039	57674039	harbor1	chr2	57510177	57510630	LTR/ERVL-MaLR	1546	+	226	57510403	36364
chr2	57474039	57674039	harbor1	chr2	57510802	57511169	LTR/ERVL-MaLR	2701	+	184	57510986	36947
chr2	57474039	57674039	harbor1	chr2	57522388	57522776	LTR/ERVL-MaLR	1783	+	194	57522582	48543
chr2	57474039	57674039	harbor1	chr2	57524673	57524732	LTR/ERVL-MaLR	8445	+	30	57524703	50664
chr2	57474039	57674039	harbor1	chr2	57555326	57555669	LTR/ERVL-MaLR	1537	+	172	57555498	81459
chr2	57474039	57674039	harbor1	chr2	57572868	57573320	LTR/ERVL-MaLR	2149	+	226	57573094	99055
chr2	57474039	57674039	harbor1	chr2	57573733	57574243	LTR/ERVL-MaLR	1103	+	255	57573988	99949
chr2	57474039	57674039	harbor1	chr2	57522777	57524345	LTR/ERVL-MaLR	8445	+	784	57523561	49522
chr2	113499345	113699345	harbor1	chr2	113556719	113556984	LTR/ERVL-MaLR	804	+	132	113556851	57506
chr2	113499345	113699345	harbor1	chr2	113578542	113578898	LTR/ERVL-MaLR	842	+	178	113578720	79375
chr2	38135666	38335666	harbor1	chr2	38155997	38156462	LTR/ERVL-MaLR	1821	+	232	38156229	20563
chr2	38135666	38335666	harbor1	chr2	38164121	38164484	LTR/ERVL-MaLR	2453	+	182	38164303	28637
chr2	38135666	38335666	harbor1	chr2	38198606	38198766	LTR/ERVL-MaLR	499	+	80	38198686	63020
chr2	38135666	38335666	harbor1	chr2	38206635	38206997	LTR/ERVL-MaLR	2431	+	181	38206816	71150
chr2	133408711	133608711	harbor1	chr2	133412065	133412417	LTR/ERVL-MaLR	1517	+	176	133412241	3530
chr2	133408711	133608711	harbor1	chr2	133450995	133451115	LTR/ERVL-MaLR	470	+	60	133451055	42344
chr2	133408711	133608711	harbor1	chr2	133456138	133456637	LTR/ERVL-MaLR	483	+	250	133456388	47677
chr2	59807800	60007800	harbor1	chr2	59839956	59840311	LTR/ERVL-MaLR	2538	+	178	59840134	32334
chr2	59807800	60007800	harbor1	chr2	59846341	59846570	LTR/ERVL-MaLR	609	+	114	59846455	38655
chr2	240571283	240771283	harbor1	chr2	240581381	240581748	LTR/ERVL-MaLR	1589	+	184	240581565	10282
chr2	240571283	240771283	harbor1	chr2	240616629	240617072	LTR/ERVL-MaLR	1236	+	222	240616851	45568
chr2	240571283	240771283	harbor1	chr2	240617067	240617186	LTR/ERVL-MaLR	549	+	60	240617127	45844
chr2	240571283	240771283	harbor1	chr2	240617181	240617426	LTR/ERVL-MaLR	1072	+	122	240617303	46020
chr2	240571283	240771283	harbor1	chr2	240632830	240633207	LTR/ERVL-MaLR	2409	+	188	240633018	61735
chr2	240571283	240771283	harbor1	chr2	240633210	240634743	LTR/ERVL-MaLR	10395	+	766	240633976	62693
chr2	240571283	240771283	harbor1	chr2	240634744	240635110	LTR/ERVL-MaLR	2263	+	183	240634927	63644
chr2	240571283	240771283	harbor1	chr2	240669858	240670159	LTR/ERVL-MaLR	1103	+	150	240670008	98725
chr2	193242813	193442813	harbor1	chr2	193242891	193243248	LTR/ERVL-MaLR	1706	+	178	193243069	256
chr2	193242813	193442813	harbor1	chr2	193255905	193256259	LTR/ERVL-MaLR	1229	+	177	193256082	13269
chr2	193242813	193442813	harbor1	chr2	193301395	193301861	LTR/ERVL-MaLR	985	+	233	193301628	58815
chr2	193242813	193442813	harbor1	chr2	193302338	193302876	LTR/ERVL-MaLR	1496	+	269	193302607	59794
chr2	193242813	193442813	harbor1	chr2	193320556	193320956	LTR/ERVL-MaLR	2010	+	200	193320756	77943
chr2	193242813	193442813	harbor1	chr2	193323916	193324025	LTR/ERVL-MaLR	425	+	54	193323970	81157
chr2	193242813	193442813	harbor1	chr2	193328928	193329316	LTR/ERVL-MaLR	1215	+	194	193329122	86309
chr2	193242813	193442813	harbor1	chr2	193329317	193329913	LTR/ERVL-MaLR	2048	+	298	193329615	86802
chr2	193242813	193442813	harbor1	chr2	193333184	193333622	LTR/ERVL-MaLR	1490	+	219	193333403	90590
chr2	135188054	135388054	harbor1	chr2	135191801	135192145	LTR/ERVL-MaLR	1968	+	172	135191973	3919
chr2	135188054	135388054	harbor1	chr2	135192455	135192493	LTR/ERVL-MaLR	1968	+	19	135192474	4420
chr2	135188054	135388054	harbor1	chr2	135213707	135214255	LTR/ERVL-MaLR	2193	+	274	135213981	25927
chr2	135188054	135388054	harbor1	chr2	135238209	135238393	LTR/ERVL-MaLR	1680	+	92	135238301	50247
chr2	135188054	135388054	harbor1	chr2	135238665	135239097	LTR/ERVL-MaLR	1680	+	216	135238881	50827
chr2	135188054	135388054	harbor1	chr2	135249531	135249887	LTR/ERVL-MaLR	2557	+	178	135249709	61655
chr2	135188054	135388054	harbor1	chr2	135251452	135251755	LTR/ERVL-MaLR	2586	+	152	135251604	63550
chr2	135188054	135388054	harbor1	chr2	135252064	135252125	LTR/ERVL-MaLR	2586	+	30	135252094	64040
chr2	135188054	135388054	harbor1	chr2	135267787	135268139	LTR/ERVL-MaLR	1877	+	176	135267963	79909
chr2	135188054	135388054	harbor1	chr2	135270920	135271064	LTR/ERVL-MaLR	587	+	72	135270992	82938
chr2	135188054	135388054	harbor1	chr2	135249888	135251451	LTR/ERVL-MaLR	11899	+	782	135250670	62616
chr2	129053548	129253548	harbor1	chr2	129076653	129077000	LTR/ERVL-MaLR	1599	+	174	129076827	23279
chr2	197030827	197230827	harbor1	chr2	197055042	197055153	LTR/ERVL-MaLR	534	+	56	197055098	24271
chr2	130997773	131197773	harbor1	chr2	131005815	131006414	LTR/ERVL-MaLR	1386	+	300	131006115	8342
chr2	130997773	131197773	harbor1	chr2	131073527	131073757	LTR/ERVL-MaLR	983	+	115	131073642	75869
chr2	130997773	131197773	harbor1	chr2	131079059	131079195	LTR/ERVL-MaLR	923	+	68	131079127	81354
chr2	130997773	131197773	harbor1	chr2	131079493	131079730	LTR/ERVL-MaLR	923	+	118	131079611	81838
chr2	134175196	134375196	harbor1	chr2	134191257	134191451	LTR/ERVL-MaLR	908	+	97	134191354	16158
chr2	134175196	134375196	harbor1	chr2	134192205	134192445	LTR/ERVL-MaLR	744	+	120	134192325	17129
chr2	134175196	134375196	harbor1	chr2	134202188	134202554	LTR/ERVL-MaLR	1876	+	183	134202371	27175
chr2	134175196	134375196	harbor1	chr2	134206540	134207019	LTR/ERVL-MaLR	1371	+	240	134206780	31584
chr2	134175196	134375196	harbor1	chr2	134236385	134236714	LTR/ERVL-MaLR	2220	+	164	134236549	61353
chr2	51238493	51438493	harbor1	chr2	51276556	51277063	LTR/ERVL-MaLR	1442	+	254	51276810	38317
chr2	78536330	78736330	harbor1	chr2	78543896	78544296	LTR/ERVL-MaLR	1562	+	200	78544096	7766
chr2	78536330	78736330	harbor1	chr2	78547637	78548167	LTR/ERVL-MaLR	1774	+	265	78547902	11572
chr2	78536330	78736330	harbor1	chr2	78579721	78579874	LTR/ERVL-MaLR	786	+	76	78579797	43467
chr2	78536330	78736330	harbor1	chr2	78580053	78580358	LTR/ERVL-MaLR	971	+	152	78580205	43875
chr2	78536330	78736330	harbor1	chr2	78590306	78590753	LTR/ERVL-MaLR	2359	+	224	78590530	54200
chr2	78536330	78736330	harbor1	chr2	78597185	78597528	LTR/ERVL-MaLR	2413	+	172	78597357	61027
chr2	225426811	225626811	harbor1	chr2	225454848	225455296	LTR/ERVL-MaLR	924	+	224	225455072	28261
chr2	225426811	225626811	harbor1	chr2	225468076	225468439	LTR/ERVL-MaLR	1122	+	182	225468258	41447
chr2	225426811	225626811	harbor1	chr2	225485040	225485387	LTR/ERVL-MaLR	2237	+	174	225485214	58403
chr2	225426811	225626811	harbor1	chr2	225525904	225526268	LTR/ERVL-MaLR	1560	+	182	225526086	99275
chr2	156906539	157106539	harbor1	chr2	156922540	156922819	LTR/ERVL-MaLR	1856	+	140	156922680	16141
chr2	156906539	157106539	harbor1	chr2	156923154	156923545	LTR/ERVL-MaLR	8734	+	196	156923350	16811
chr2	156906539	157106539	harbor1	chr2	156923702	156924880	LTR/ERVL-MaLR	8734	+	589	156924291	17752
chr2	156906539	157106539	harbor1	chr2	156924883	156925231	LTR/ERVL-MaLR	2209	+	174	156925057	18518
chr2	156906539	157106539	harbor1	chr2	156927071	156927434	LTR/ERVL-MaLR	2111	+	182	156927253	20714
chr2	141960446	142160446	harbor1	chr2	141981716	141982121	LTR/ERVL-MaLR	537	+	202	141981918	21472
chr2	141960446	142160446	harbor1	chr2	141989570	141989908	LTR/ERVL-MaLR	1594	+	169	141989739	29293
chr2	141960446	142160446	harbor1	chr2	142000873	142001234	LTR/ERVL-MaLR	2103	+	180	142001053	40607
chr2	141960446	142160446	harbor1	chr2	142031734	142032146	LTR/ERVL-MaLR	1061	+	206	142031940	71494
chr2	141960446	142160446	harbor1	chr2	142035776	142036125	LTR/ERVL-MaLR	2506	+	174	142035950	75504
chr2	141960446	142160446	harbor1	chr2	142047576	142047976	LTR/ERVL-MaLR	1034	+	200	142047776	87330
chr2	215896575	216096575	harbor1	chr2	215914864	215914968	LTR/ERVL-MaLR	1875	+	52	215914916	18341
chr2	215896575	216096575	harbor1	chr2	215915284	215915600	LTR/ERVL-MaLR	1875	+	158	215915442	18867
chr2	215896575	216096575	harbor1	chr2	215928725	215929053	LTR/ERVL-MaLR	1234	+	164	215928889	32314
chr2	215896575	216096575	harbor1	chr2	215950796	215950991	LTR/ERVL-MaLR	2211	+	98	215950894	54319
chr2	215896575	216096575	harbor1	chr2	215951032	215951217	LTR/ERVL-MaLR	2211	+	92	215951124	54549
chr2	215896575	216096575	harbor1	chr2	215953453	215953816	LTR/ERVL-MaLR	432	+	182	215953635	57060
chr2	215896575	216096575	harbor1	chr2	215970028	215970427	LTR/ERVL-MaLR	1863	+	200	215970228	73653
chr2	215896575	216096575	harbor1	chr2	215986547	215986889	LTR/ERVL-MaLR	2209	+	171	215986718	90143
chr2	153839918	154039918	harbor1	chr2	153869730	153870201	LTR/ERVL-MaLR	461	+	236	153869966	30048
chr2	238638661	238838661	harbor1	chr2	238653311	238653754	LTR/ERVL-MaLR	780	+	222	238653533	14872
chr2	238638661	238838661	harbor1	chr2	238668263	238668863	LTR/ERVL-MaLR	1566	+	300	238668563	29902
chr2	238638661	238838661	harbor1	chr2	238725863	238726201	LTR/ERVL-MaLR	1712	+	169	238726032	87371
chr2	163954190	164154190	harbor1	chr2	163966685	163967089	LTR/ERVL-MaLR	805	+	202	163966887	12697
chr2	163954190	164154190	harbor1	chr2	163976923	163977396	LTR/ERVL-MaLR	1841	+	236	163977159	22969
chr2	163954190	164154190	harbor1	chr2	164038704	164038793	LTR/ERVL-MaLR	796	+	44	164038748	84558
chr2	163954190	164154190	harbor1	chr2	164039209	164039540	LTR/ERVL-MaLR	796	+	166	164039375	85185
chr2	2423672	2623672	harbor1	chr2	2470915	2471268	LTR/ERVL-MaLR	2590	+	176	2471091	47419
chr2	2423672	2623672	harbor1	chr2	2497962	2498341	LTR/ERVL-MaLR	2348	+	190	2498152	74480
chr2	2423672	2623672	harbor1	chr2	2511470	2511869	LTR/ERVL-MaLR	1324	+	200	2511670	87998
chr2	106178080	106378080	harbor1	chr2	106185604	106186019	LTR/ERVL-MaLR	631	+	208	106185812	7732
chr2	106178080	106378080	harbor1	chr2	106196733	106196879	LTR/ERVL-MaLR	2045	+	73	106196806	18726
chr2	106178080	106378080	harbor1	chr2	106197173	106197393	LTR/ERVL-MaLR	2045	+	110	106197283	19203
chr2	106178080	106378080	harbor1	chr2	106219768	106220045	LTR/ERVL-MaLR	1020	+	138	106219906	41826
chr2	176713923	176913923	harbor1	chr2	176714594	176714791	LTR/ERVL-MaLR	498	+	98	176714692	769
chr2	176713923	176913923	harbor1	chr2	176714819	176715230	LTR/ERVL-MaLR	2284	+	206	176715025	1102
chr2	176713923	176913923	harbor1	chr2	176722171	176722559	LTR/ERVL-MaLR	1492	+	194	176722365	8442
chr2	176713923	176913923	harbor1	chr2	176723111	176723470	LTR/ERVL-MaLR	2074	+	180	176723291	9368
chr2	176713923	176913923	harbor1	chr2	176771964	176772317	LTR/ERVL-MaLR	2494	+	176	176772140	58217
chr2	176713923	176913923	harbor1	chr2	176772318	176773888	LTR/ERVL-MaLR	12337	+	785	176773103	59180
chr2	176713923	176913923	harbor1	chr2	176773889	176774242	LTR/ERVL-MaLR	2387	+	176	176774065	60142
chr2	176713923	176913923	harbor1	chr2	176782603	176783006	LTR/ERVL-MaLR	2165	+	202	176782805	68882
chr2	176713923	176913923	harbor1	chr2	176786029	176786408	LTR/ERVL-MaLR	2284	+	190	176786219	72296
chr2	221552791	221752791	harbor1	chr2	221642954	221643364	LTR/ERVL-MaLR	2416	+	205	221643159	90368
chr2	221552791	221752791	harbor1	chr2	221646631	221646834	LTR/ERVL-MaLR	1976	+	102	221646733	93942
chr2	221552791	221752791	harbor1	chr2	221647140	221647290	LTR/ERVL-MaLR	1976	+	75	221647215	94424
chr2	143531667	143731667	harbor1	chr2	143534026	143534399	LTR/ERVL-MaLR	1988	+	186	143534212	2545
chr2	143531667	143731667	harbor1	chr2	143619589	143619955	LTR/ERVL-MaLR	1869	+	183	143619772	88105
chr2	143531667	143731667	harbor1	chr2	143626847	143627211	LTR/ERVL-MaLR	1604	+	182	143627029	95362
chr2	75734051	75934051	harbor1	chr2	75746139	75746568	LTR/ERVL-MaLR	627	+	214	75746353	12302
chr2	75734051	75934051	harbor1	chr2	75750749	75751112	LTR/ERVL-MaLR	1583	+	182	75750931	16880
chr2	75734051	75934051	harbor1	chr2	75755391	75755897	LTR/ERVL-MaLR	1312	+	253	75755644	21593
chr2	75734051	75934051	harbor1	chr2	75756032	75756531	LTR/ERVL-MaLR	521	+	250	75756282	22231
chr2	75734051	75934051	harbor1	chr2	75779442	75779629	LTR/ERVL-MaLR	518	+	94	75779536	45485
chr2	75734051	75934051	harbor1	chr2	75817022	75817390	LTR/ERVL-MaLR	1790	+	184	75817206	83155
chr2	75734051	75934051	harbor1	chr2	75831552	75831907	LTR/ERVL-MaLR	1817	+	178	75831730	97679
chr2	75734051	75934051	harbor1	chr2	75832734	75833273	LTR/ERVL-MaLR	1584	+	270	75833004	98953
chr2	25055144	25255144	harbor1	chr2	25111504	25112000	LTR/ERVL-MaLR	2522	+	248	25111752	56608
chr2	25055144	25255144	harbor1	chr2	25115519	25115767	LTR/ERVL-MaLR	791	+	124	25115643	60499
chr2	16677378	16877378	harbor1	chr2	16696004	16696357	LTR/ERVL-MaLR	2611	+	176	16696180	18802
chr2	16677378	16877378	harbor1	chr2	16696734	16697089	LTR/ERVL-MaLR	2257	+	178	16696912	19534
chr2	16677378	16877378	harbor1	chr2	16709989	16710389	LTR/ERVL-MaLR	498	+	200	16710189	32811
chr2	16677378	16877378	harbor1	chr2	16742958	16743137	LTR/ERVL-MaLR	1146	+	90	16743048	65670
chr2	16677378	16877378	harbor1	chr2	16743452	16743760	LTR/ERVL-MaLR	1146	+	154	16743606	66228
chr2	16677378	16877378	harbor1	chr2	16754445	16754609	LTR/ERVL-MaLR	469	+	82	16754527	77149
chr2	16677378	16877378	harbor1	chr2	16766884	16767403	LTR/ERVL-MaLR	1671	+	260	16767144	89766
chr2	16677378	16877378	harbor1	chr2	16727943	16728298	LTR/ERVL-MaLR	2182	+	178	16728121	50743
chr2	132259605	132459605	harbor1	chr2	132312571	132312821	LTR/ERVL-MaLR	989	+	125	132312696	53091
chr2	132259605	132459605	harbor1	chr2	132313593	132313958	LTR/ERVL-MaLR	2381	+	182	132313775	54170
chr2	132259605	132459605	harbor1	chr2	132319256	132319445	LTR/ERVL-MaLR	711	+	94	132319350	59745
chr2	32742019	32942019	harbor1	chr2	32833680	32834244	LTR/ERVL-MaLR	1281	+	282	32833962	91943
chr2	32742019	32942019	harbor1	chr2	32835144	32835408	LTR/ERVL-MaLR	1695	+	132	32835276	93257
chr2	32742019	32942019	harbor1	chr2	32835541	32835712	LTR/ERVL-MaLR	1176	+	86	32835627	93608
chr2	32742019	32942019	harbor1	chr2	32841608	32841987	LTR/ERVL-MaLR	2217	+	190	32841798	99779
chr2	51998752	52198752	harbor1	chr2	51998063	51999575	LTR/ERVL-MaLR	10677	+	756	51998819	67
chr2	51998752	52198752	harbor1	chr2	51999576	51999937	LTR/ERVL-MaLR	1763	+	180	51999756	1004
chr2	51998752	52198752	harbor1	chr2	52033928	52034303	LTR/ERVL-MaLR	1906	+	188	52034116	35364
chr2	51998752	52198752	harbor1	chr2	52057349	52057730	LTR/ERVL-MaLR	2072	+	190	52057539	58787
chr2	51998752	52198752	harbor1	chr2	52057731	52059311	LTR/ERVL-MaLR	7754	+	790	52058521	59769
chr2	51998752	52198752	harbor1	chr2	52059312	52059727	LTR/ERVL-MaLR	2005	+	208	52059520	60768
chr2	51998752	52198752	harbor1	chr2	52073132	52073466	LTR/ERVL-MaLR	804	+	167	52073299	74547
chr2	136701314	136901314	harbor1	chr2	136705728	136706166	LTR/ERVL-MaLR	1457	+	219	136705947	4633
chr2	136701314	136901314	harbor1	chr2	136718325	136718727	LTR/ERVL-MaLR	2271	+	201	136718526	17212
chr2	136701314	136901314	harbor1	chr2	136787750	136788029	LTR/ERVL-MaLR	514	+	140	136787890	86576
chr2	100058832	100258832	harbor1	chr2	100076849	100076966	LTR/ERVL-MaLR	2210	+	58	100076907	18075
chr2	100058832	100258832	harbor1	chr2	100077259	100077619	LTR/ERVL-MaLR	2210	+	180	100077439	18607
chr2	100058832	100258832	harbor1	chr2	100135204	100135501	LTR/ERVL-MaLR	591	+	148	100135352	76520
chr2	100058832	100258832	harbor1	chr2	100073097	100073558	LTR/ERVL-MaLR	2104	+	230	100073327	14495
chr2	175304281	175504281	harbor1	chr2	175384880	175385240	LTR/ERVL-MaLR	2108	+	180	175385060	80779
chr2	175304281	175504281	harbor1	chr2	175385241	175386772	LTR/ERVL-MaLR	9899	+	766	175386007	81726
chr2	175304281	175504281	harbor1	chr2	175386773	175387091	LTR/ERVL-MaLR	2153	+	159	175386932	82651
chr2	175304281	175504281	harbor1	chr2	175387391	175387441	LTR/ERVL-MaLR	2153	+	25	175387416	83135
chr2	69307949	69507949	harbor1	chr2	69406779	69407151	LTR/ERVL-MaLR	2871	+	186	69406965	99016
chr2	122667344	122867344	harbor1	chr2	122670987	122671402	LTR/ERVL-MaLR	1358	+	208	122671195	3851
chr2	122667344	122867344	harbor1	chr2	122683400	122683519	LTR/ERVL-MaLR	476	+	60	122683460	16116
chr2	122667344	122867344	harbor1	chr2	122760835	122761179	LTR/ERVL-MaLR	2137	+	172	122761007	93663
chr2	193116264	193316264	harbor1	chr2	193124722	193125084	LTR/ERVL-MaLR	1238	+	181	193124903	8639
chr2	193116264	193316264	harbor1	chr2	193137358	193137691	LTR/ERVL-MaLR	1663	+	166	193137524	21260
chr2	193116264	193316264	harbor1	chr2	193141585	193142007	LTR/ERVL-MaLR	1636	+	211	193141796	25532
chr2	193116264	193316264	harbor1	chr2	193157628	193158073	LTR/ERVL-MaLR	2313	+	222	193157850	41586
chr2	193116264	193316264	harbor1	chr2	193164073	193164450	LTR/ERVL-MaLR	1875	+	188	193164261	47997
chr2	193116264	193316264	harbor1	chr2	193200959	193201147	LTR/ERVL-MaLR	919	+	94	193201053	84789
chr2	35496028	35696028	harbor1	chr2	35537213	35537709	LTR/ERVL-MaLR	1676	+	248	35537461	41433
chr2	35496028	35696028	harbor1	chr2	35557905	35558258	LTR/ERVL-MaLR	1969	+	176	35558081	62053
chr2	35496028	35696028	harbor1	chr2	35558262	35559849	LTR/ERVL-MaLR	9044	+	794	35559056	63028
chr2	35496028	35696028	harbor1	chr2	35559850	35560206	LTR/ERVL-MaLR	2077	+	178	35560028	64000
chr2	26984661	27184661	harbor1	chr2	26985687	26986056	LTR/ERVL-MaLR	826	+	184	26985871	1210
chr2	26984661	27184661	harbor1	chr2	27028397	27028496	LTR/ERVL-MaLR	1992	+	50	27028447	43786
chr2	26984661	27184661	harbor1	chr2	27028803	27028934	LTR/ERVL-MaLR	1992	+	66	27028869	44208
chr2	26984661	27184661	harbor1	chr2	27029230	27029518	LTR/ERVL-MaLR	1992	+	144	27029374	44713
chr2	48791628	48991628	harbor1	chr2	48794924	48795443	LTR/ERVL-MaLR	1128	+	260	48795184	3556
chr2	48791628	48991628	harbor1	chr2	48809145	48809251	LTR/ERVL-MaLR	468	+	53	48809198	17570
chr2	48791628	48991628	harbor1	chr2	48809252	48809773	LTR/ERVL-MaLR	1285	+	260	48809512	17884
chr2	48791628	48991628	harbor1	chr2	48809774	48809976	LTR/ERVL-MaLR	468	+	101	48809875	18247
chr2	48791628	48991628	harbor1	chr2	48833777	48834141	LTR/ERVL-MaLR	2582	+	182	48833959	42331
chr2	48791628	48991628	harbor1	chr2	48834143	48835743	LTR/ERVL-MaLR	10432	+	800	48834943	43315
chr2	48791628	48991628	harbor1	chr2	48835744	48836115	LTR/ERVL-MaLR	2658	+	186	48835930	44302
chr2	48791628	48991628	harbor1	chr2	48847043	48847411	LTR/ERVL-MaLR	1331	+	184	48847227	55599
chr2	48791628	48991628	harbor1	chr2	48853410	48853850	LTR/ERVL-MaLR	1146	+	220	48853630	62002
chr2	48791628	48991628	harbor1	chr2	48859737	48860126	LTR/ERVL-MaLR	2174	+	194	48859931	68303
chr2	48791628	48991628	harbor1	chr2	48878153	48878541	LTR/ERVL-MaLR	625	+	194	48878347	86719
chr2	119697662	119897662	harbor1	chr2	119712324	119712706	LTR/ERVL-MaLR	1889	+	191	119712515	14853
chr2	119697662	119897662	harbor1	chr2	119719395	119719727	LTR/ERVL-MaLR	614	+	166	119719561	21899
chr2	119697662	119897662	harbor1	chr2	119731242	119731432	LTR/ERVL-MaLR	1357	+	95	119731337	33675
chr2	119697662	119897662	harbor1	chr2	119731725	119732119	LTR/ERVL-MaLR	1357	+	197	119731922	34260
chr2	119697662	119897662	harbor1	chr2	119746605	119747092	LTR/ERVL-MaLR	1125	+	244	119746849	49187
chr2	119697662	119897662	harbor1	chr2	119747963	119748447	LTR/ERVL-MaLR	2042	+	242	119748205	50543
chr2	119697662	119897662	harbor1	chr2	119754626	119755055	LTR/ERVL-MaLR	2180	+	214	119754840	57178
chr2	119697662	119897662	harbor1	chr2	119771068	119771357	LTR/ERVL-MaLR	444	+	144	119771212	73550
chr2	101511528	101711528	harbor1	chr2	101512005	101512284	LTR/ERVL-MaLR	1256	+	140	101512145	617
chr2	101511528	101711528	harbor1	chr2	101514555	101514900	LTR/ERVL-MaLR	1834	+	172	101514727	3199
chr2	101511528	101711528	harbor1	chr2	101515848	101516135	LTR/ERVL-MaLR	684	+	144	101515992	4464
chr2	101511528	101711528	harbor1	chr2	101516978	101517048	LTR/ERVL-MaLR	684	+	35	101517013	5485
chr2	101511528	101711528	harbor1	chr2	101560537	101560729	LTR/ERVL-MaLR	1635	+	96	101560633	49105
chr2	101511528	101711528	harbor1	chr2	101560771	101561006	LTR/ERVL-MaLR	1635	+	118	101560889	49361
chr2	101511528	101711528	harbor1	chr2	101609971	101610340	LTR/ERVL-MaLR	2202	+	184	101610155	98627
chr2	42985673	43185673	harbor1	chr2	43003296	43003481	LTR/ERVL-MaLR	1735	+	92	43003388	17715
chr2	42985673	43185673	harbor1	chr2	43003793	43004008	LTR/ERVL-MaLR	1735	+	108	43003901	18228
chr2	42985673	43185673	harbor1	chr2	43010544	43010747	LTR/ERVL-MaLR	527	+	102	43010646	24973
chr2	42985673	43185673	harbor1	chr2	43010829	43011067	LTR/ERVL-MaLR	820	+	119	43010948	25275
chr2	42985673	43185673	harbor1	chr2	43011223	43011542	LTR/ERVL-MaLR	765	+	160	43011383	25710
chr2	42985673	43185673	harbor1	chr2	43013892	43014567	LTR/ERVL-MaLR	2096	+	338	43014230	28557
chr2	42985673	43185673	harbor1	chr2	43014569	43014936	LTR/ERVL-MaLR	1070	+	184	43014753	29080
chr2	42985673	43185673	harbor1	chr2	43016543	43016944	LTR/ERVL-MaLR	2234	+	200	43016743	31070
chr2	42985673	43185673	harbor1	chr2	43033147	43033606	LTR/ERVL-MaLR	1940	+	230	43033377	47704
chr2	127197970	127397970	harbor1	chr2	127230243	127230395	LTR/ERVL-MaLR	1575	+	76	127230319	32349
chr2	127197970	127397970	harbor1	chr2	127230699	127230900	LTR/ERVL-MaLR	1575	+	100	127230799	32829
chr2	127197970	127397970	harbor1	chr2	127237552	127237924	LTR/ERVL-MaLR	2288	+	186	127237738	39768
chr2	127197970	127397970	harbor1	chr2	127239115	127239791	LTR/ERVL-MaLR	10382	+	338	127239453	41483
chr2	127197970	127397970	harbor1	chr2	127239792	127240171	LTR/ERVL-MaLR	2340	+	190	127239982	42012
chr2	127197970	127397970	harbor1	chr2	127295214	127295545	LTR/ERVL-MaLR	3158	+	166	127295380	97410
chr2	127197970	127397970	harbor1	chr2	127295845	127296734	LTR/ERVL-MaLR	3158	+	444	127296289	98319
chr2	127197970	127397970	harbor1	chr2	127296735	127296772	LTR/ERVL-MaLR	1102	+	18	127296753	98783
chr2	127197970	127397970	harbor1	chr2	127297055	127297291	LTR/ERVL-MaLR	1102	+	118	127297173	99203
chr2	127197970	127397970	harbor1	chr2	127297437	127297586	LTR/ERVL-MaLR	791	+	74	127297511	99541
chr2	127197970	127397970	harbor1	chr2	127237927	127238816	LTR/ERVL-MaLR	10382	+	444	127238371	40401
chr2	154017467	154217467	harbor1	chr2	154018270	154018613	LTR/ERVL-MaLR	519	+	172	154018442	975
chr2	154017467	154217467	harbor1	chr2	154030570	154030954	LTR/ERVL-MaLR	1676	+	192	154030762	13295
chr2	154017467	154217467	harbor1	chr2	154046573	154046976	LTR/ERVL-MaLR	1556	+	202	154046775	29308
chr2	154017467	154217467	harbor1	chr2	154058000	154058368	LTR/ERVL-MaLR	1228	+	184	154058184	40717
chr2	154017467	154217467	harbor1	chr2	154059916	154060276	LTR/ERVL-MaLR	1509	+	180	154060096	42629
chr2	154017467	154217467	harbor1	chr2	154106841	154107013	LTR/ERVL-MaLR	1901	+	86	154106927	89460
chr2	154017467	154217467	harbor1	chr2	154107043	154107266	LTR/ERVL-MaLR	1901	+	112	154107155	89688
chr2	229075680	229275680	harbor1	chr2	229082393	229082938	LTR/ERVL-MaLR	1932	+	272	229082665	6985
chr2	229075680	229275680	harbor1	chr2	229091422	229091752	LTR/ERVL-MaLR	1483	+	165	229091587	15907
chr2	229075680	229275680	harbor1	chr2	229099877	229100244	LTR/ERVL-MaLR	1562	+	184	229100061	24381
chr2	229075680	229275680	harbor1	chr2	229101798	229102235	LTR/ERVL-MaLR	1076	+	218	229102016	26336
chr2	229075680	229275680	harbor1	chr2	229103150	229103555	LTR/ERVL-MaLR	449	+	202	229103352	27672
chr2	229075680	229275680	harbor1	chr2	229106434	229106795	LTR/ERVL-MaLR	1796	+	180	229106614	30934
chr2	229075680	229275680	harbor1	chr2	229106846	229107313	LTR/ERVL-MaLR	1379	+	234	229107080	31400
chr2	229075680	229275680	harbor1	chr2	229110878	229111236	LTR/ERVL-MaLR	2200	+	179	229111057	35377
chr2	229075680	229275680	harbor1	chr2	229116427	229116792	LTR/ERVL-MaLR	2675	+	182	229116609	40929
chr2	229075680	229275680	harbor1	chr2	229120672	229121121	LTR/ERVL-MaLR	2089	+	224	229120896	45216
chr2	229075680	229275680	harbor1	chr2	229125082	229125398	LTR/ERVL-MaLR	881	+	158	229125240	49560
chr2	229075680	229275680	harbor1	chr2	229135906	229136470	LTR/ERVL-MaLR	1790	+	282	229136188	60508
chr2	229075680	229275680	harbor1	chr2	229143616	229143962	LTR/ERVL-MaLR	2056	+	173	229143789	68109
chr2	229075680	229275680	harbor1	chr2	229161185	229161475	LTR/ERVL-MaLR	563	+	145	229161330	85650
chr2	229075680	229275680	harbor1	chr2	229174930	229175222	LTR/ERVL-MaLR	528	+	146	229175076	99396
chr2	229075680	229275680	harbor1	chr2	229146601	229147040	LTR/ERVL-MaLR	1330	+	220	229146821	71141
chr2	171918945	172118945	harbor1	chr2	171954715	171955162	LTR/ERVL-MaLR	1641	+	224	171954939	35994
chr2	171918945	172118945	harbor1	chr2	171955163	171955329	LTR/ERVL-MaLR	1262	+	83	171955246	36301
chr2	171918945	172118945	harbor1	chr2	171955646	171955761	LTR/ERVL-MaLR	1262	+	58	171955704	36759
chr2	171918945	172118945	harbor1	chr2	171956550	171957669	LTR/ERVL-MaLR	3435	+	560	171957110	38165
chr2	171918945	172118945	harbor1	chr2	172003417	172003746	LTR/ERVL-MaLR	1986	+	164	172003581	84636
chr2	97556787	97756787	harbor1	chr2	97593203	97593597	LTR/ERVL-MaLR	1968	+	197	97593400	36613
chr2	97556787	97756787	harbor1	chr2	97603497	97604023	LTR/ERVL-MaLR	868	+	263	97603760	46973
chr2	97556787	97756787	harbor1	chr2	97609215	97609686	LTR/ERVL-MaLR	1406	+	236	97609451	52664
chr2	97556787	97756787	harbor1	chr2	97639841	97640281	LTR/ERVL-MaLR	1112	+	220	97640061	83274
chr2	97556787	97756787	harbor1	chr2	97649735	97650151	LTR/ERVL-MaLR	1691	+	208	97649943	93156
chr2	97556787	97756787	harbor1	chr2	97650448	97650517	LTR/ERVL-MaLR	1691	+	34	97650482	93695
chr2	68201057	68401057	harbor1	chr2	68225079	68225684	LTR/ERVL-MaLR	2096	+	302	68225381	24324
chr2	68201057	68401057	harbor1	chr2	68237001	68237136	LTR/ERVL-MaLR	563	+	68	68237069	36012
chr2	68201057	68401057	harbor1	chr2	68299298	68299643	LTR/ERVL-MaLR	1379	+	172	68299470	98413
chr2	54712240	54912240	harbor1	chr2	54717201	54717603	LTR/ERVL-MaLR	1204	+	201	54717402	5162
chr2	54712240	54912240	harbor1	chr2	54720194	54720326	LTR/ERVL-MaLR	955	+	66	54720260	8020
chr2	54712240	54912240	harbor1	chr2	54720619	54720917	LTR/ERVL-MaLR	955	+	149	54720768	8528
chr2	54712240	54912240	harbor1	chr2	54753281	54753662	LTR/ERVL-MaLR	2317	+	190	54753471	41231
chr2	54712240	54912240	harbor1	chr2	54754275	54754440	LTR/ERVL-MaLR	2317	+	82	54754357	42117
chr2	223042568	223242568	harbor1	chr2	223075412	223075609	LTR/ERVL-MaLR	784	+	98	223075510	32942
chr2	223042568	223242568	harbor1	chr2	223075739	223075929	LTR/ERVL-MaLR	1158	+	95	223075834	33266
chr2	223042568	223242568	harbor1	chr2	223076319	223076696	LTR/ERVL-MaLR	2047	+	188	223076507	33939
chr2	223042568	223242568	harbor1	chr2	223103436	223103763	LTR/ERVL-MaLR	517	+	164	223103600	61032
chr2	223042568	223242568	harbor1	chr2	223123427	223123730	LTR/ERVL-MaLR	559	+	152	223123579	81011
chr2	151242934	151442934	harbor1	chr2	151266096	151266523	LTR/ERVL-MaLR	894	+	214	151266310	23376
chr2	151242934	151442934	harbor1	chr2	151266524	151267016	LTR/ERVL-MaLR	1026	+	246	151266770	23836
chr2	151242934	151442934	harbor1	chr2	151267164	151267499	LTR/ERVL-MaLR	509	+	168	151267332	24398
chr2	151242934	151442934	harbor1	chr2	151267612	151268020	LTR/ERVL-MaLR	1002	+	204	151267816	24882
chr2	151242934	151442934	harbor1	chr2	151268286	151268592	LTR/ERVL-MaLR	635	+	153	151268439	25505
chr2	151242934	151442934	harbor1	chr2	151288111	151288553	LTR/ERVL-MaLR	1784	+	221	151288332	45398
chr2	151242934	151442934	harbor1	chr2	151288588	151288668	LTR/ERVL-MaLR	1784	+	40	151288628	45694
chr2	151242934	151442934	harbor1	chr2	151292198	151292554	LTR/ERVL-MaLR	2029	+	178	151292376	49442
chr2	29297023	29497023	harbor1	chr2	29321462	29321796	LTR/ERVL-MaLR	851	+	167	29321629	24606
chr2	29297023	29497023	harbor1	chr2	29330565	29331018	LTR/ERVL-MaLR	1607	+	226	29330791	33768
chr2	29297023	29497023	harbor1	chr2	29344237	29344759	LTR/ERVL-MaLR	1923	+	261	29344498	47475
chr2	86119671	86319671	harbor1	chr2	86184575	86184906	LTR/ERVL-MaLR	3770	+	166	86184741	65070
chr2	86119671	86319671	harbor1	chr2	86185188	86186320	LTR/ERVL-MaLR	3770	+	566	86185754	66083
chr2	86119671	86319671	harbor1	chr2	86186329	86186758	LTR/ERVL-MaLR	1361	+	214	86186543	66872
chr2	86119671	86319671	harbor1	chr2	86193864	86194378	LTR/ERVL-MaLR	1894	+	257	86194121	74450
chr2	29209915	29409915	harbor1	chr2	29220103	29220473	LTR/ERVL-MaLR	2303	+	185	29220288	10373
chr2	29209915	29409915	harbor1	chr2	29253905	29254276	LTR/ERVL-MaLR	2459	+	186	29254091	44176
chr2	29209915	29409915	harbor1	chr2	29266903	29267449	LTR/ERVL-MaLR	1557	+	273	29267176	57261
chr2	29209915	29409915	harbor1	chr2	29286948	29287047	LTR/ERVL-MaLR	484	+	50	29286998	77083
chr2	196352248	196552248	harbor1	chr2	196357597	196357973	LTR/ERVL-MaLR	2019	+	188	196357785	5537
chr2	196352248	196552248	harbor1	chr2	196387239	196387600	LTR/ERVL-MaLR	1604	+	180	196387419	35171
chr2	196352248	196552248	harbor1	chr2	196422296	196422670	LTR/ERVL-MaLR	555	+	187	196422483	70235
chr2	139121758	139321758	harbor1	chr2	139122878	139123373	LTR/ERVL-MaLR	1600	+	248	139123126	1368
chr2	139121758	139321758	harbor1	chr2	139140091	139140704	LTR/ERVL-MaLR	1419	+	306	139140397	18639
chr2	139121758	139321758	harbor1	chr2	139147405	139147730	LTR/ERVL-MaLR	1098	+	162	139147567	25809
chr2	139121758	139321758	harbor1	chr2	139162558	139162878	LTR/ERVL-MaLR	483	+	160	139162718	40960
chr2	139121758	139321758	harbor1	chr2	139164242	139164609	LTR/ERVL-MaLR	1645	+	184	139164426	42668
chr2	139121758	139321758	harbor1	chr2	139166576	139166811	LTR/ERVL-MaLR	596	+	118	139166694	44936
chr2	139121758	139321758	harbor1	chr2	139171288	139171633	LTR/ERVL-MaLR	426	+	172	139171460	49702
chr2	139121758	139321758	harbor1	chr2	139187289	139187682	LTR/ERVL-MaLR	1621	+	196	139187485	65727
chr2	139121758	139321758	harbor1	chr2	139217598	139217979	LTR/ERVL-MaLR	2054	+	190	139217788	96030
chr2	139121758	139321758	harbor1	chr2	139218992	139219270	LTR/ERVL-MaLR	2140	+	139	139219131	97373
chr2	139121758	139321758	harbor1	chr2	139219271	139219486	LTR/ERVL-MaLR	1541	+	108	139219379	97621
chr2	171794890	171994890	harbor1	chr2	171798840	171799257	LTR/ERVL-MaLR	1686	+	208	171799048	4158
chr2	171794890	171994890	harbor1	chr2	171816859	171817227	LTR/ERVL-MaLR	1382	+	184	171817043	22153
chr2	171794890	171994890	harbor1	chr2	171882181	171882363	LTR/ERVL-MaLR	584	+	91	171882272	87382
chr2	239906963	240106963	harbor1	chr2	239920043	239920219	LTR/ERVL-MaLR	562	+	88	239920131	13168
chr2	239906963	240106963	harbor1	chr2	239935579	239935943	LTR/ERVL-MaLR	2377	+	182	239935761	28798
chr2	239906963	240106963	harbor1	chr2	239953038	239953454	LTR/ERVL-MaLR	880	+	208	239953246	46283
chr2	239906963	240106963	harbor1	chr2	239964148	239964516	LTR/ERVL-MaLR	1103	+	184	239964332	57369
chr2	239906963	240106963	harbor1	chr2	239974503	239974680	LTR/ERVL-MaLR	1130	+	88	239974591	67628
chr2	239906963	240106963	harbor1	chr2	239975142	239975384	LTR/ERVL-MaLR	1276	+	121	239975263	68300
chr2	96196591	96396591	harbor1	chr2	96246824	96247058	LTR/ERVL-MaLR	542	+	117	96246941	50350
chr2	96196591	96396591	harbor1	chr2	96282495	96282885	LTR/ERVL-MaLR	2392	+	195	96282690	86099
chr2	116604199	116804199	harbor1	chr2	116604193	116604730	LTR/ERVL-MaLR	2928	+	268	116604461	262
chr2	116604199	116804199	harbor1	chr2	116685880	116686310	LTR/ERVL-MaLR	1484	+	215	116686095	81896
chr2	116604199	116804199	harbor1	chr2	116604731	116605081	LTR/ERVL-MaLR	2133	+	175	116604906	707
chr2	133978193	134178193	harbor1	chr2	133984324	133984705	LTR/ERVL-MaLR	1696	+	190	133984514	6321
chr2	133978193	134178193	harbor1	chr2	134075198	134075288	LTR/ERVL-MaLR	738	+	45	134075243	97050
chr2	133978193	134178193	harbor1	chr2	134076809	134077111	LTR/ERVL-MaLR	1721	+	151	134076960	98767
chr2	133978193	134178193	harbor1	chr2	134070048	134070377	LTR/ERVL-MaLR	1405	+	164	134070212	92019
chr2	221920783	222120783	harbor1	chr2	221952964	221953319	LTR/ERVL-MaLR	2006	+	178	221953142	32359
chr2	221920783	222120783	harbor1	chr2	221974303	221974676	LTR/ERVL-MaLR	2046	+	186	221974489	53706
chr2	221920783	222120783	harbor1	chr2	221978899	221979290	LTR/ERVL-MaLR	1875	+	196	221979095	58312
chr2	221920783	222120783	harbor1	chr2	222012788	222013239	LTR/ERVL-MaLR	584	+	226	222013014	92231
chr2	131471511	131671511	harbor1	chr2	131472895	131473229	LTR/ERVL-MaLR	1106	+	167	131473062	1551
chr2	123099682	123299682	harbor1	chr2	123131170	123131537	LTR/ERVL-MaLR	2558	+	184	123131354	31672
chr2	123099682	123299682	harbor1	chr2	123131540	123133055	LTR/ERVL-MaLR	8864	+	758	123132298	32616
chr2	123099682	123299682	harbor1	chr2	123133062	123133426	LTR/ERVL-MaLR	2400	+	182	123133244	33562
chr2	123099682	123299682	harbor1	chr2	123142972	123143326	LTR/ERVL-MaLR	2680	+	177	123143149	43467
chr2	123099682	123299682	harbor1	chr2	123147623	123148035	LTR/ERVL-MaLR	1558	+	206	123147829	48147
chr2	123099682	123299682	harbor1	chr2	123152297	123152606	LTR/ERVL-MaLR	819	+	154	123152451	52769
chr2	123099682	123299682	harbor1	chr2	123194462	123194876	LTR/ERVL-MaLR	1639	+	207	123194669	94987
chr2	123099682	123299682	harbor1	chr2	123141963	123142317	LTR/ERVL-MaLR	2123	+	177	123142140	42458
chr2	189580564	189780564	harbor1	chr2	189596028	189596491	LTR/ERVL-MaLR	2586	+	232	189596260	15696
chr2	189580564	189780564	harbor1	chr2	189675715	189676116	LTR/ERVL-MaLR	2389	+	200	189675915	95351
chr2	102979449	103179449	harbor1	chr2	102982508	102982932	LTR/ERVL-MaLR	490	+	212	102982720	3271
chr2	102979449	103179449	harbor1	chr2	102983037	102983316	LTR/ERVL-MaLR	813	+	140	102983177	3728
chr2	102979449	103179449	harbor1	chr2	103027647	103028087	LTR/ERVL-MaLR	629	+	220	103027867	48418
chr2	102979449	103179449	harbor1	chr2	103044525	103044883	LTR/ERVL-MaLR	1984	+	179	103044704	65255
chr2	102979449	103179449	harbor1	chr2	103044884	103045726	LTR/ERVL-MaLR	5247	+	421	103045305	65856
chr2	102979449	103179449	harbor1	chr2	103045714	103045981	LTR/ERVL-MaLR	1296	+	134	103045848	66399
chr2	39868772	40068772	harbor1	chr2	39886166	39886644	LTR/ERVL-MaLR	805	+	239	39886405	17633
chr2	39868772	40068772	harbor1	chr2	39900262	39900658	LTR/ERVL-MaLR	1908	+	198	39900460	31688
chr2	39868772	40068772	harbor1	chr2	39909134	39909489	LTR/ERVL-MaLR	2004	+	178	39909312	40540
chr2	39868772	40068772	harbor1	chr2	39917369	39917741	LTR/ERVL-MaLR	2150	+	186	39917555	48783
chr2	39868772	40068772	harbor1	chr2	39933102	39933609	LTR/ERVL-MaLR	912	+	254	39933356	64584
chr2	39868772	40068772	harbor1	chr2	39952304	39952691	LTR/ERVL-MaLR	916	+	194	39952498	83726
chr2	39868772	40068772	harbor1	chr2	39967840	39968352	LTR/ERVL-MaLR	1149	+	256	39968096	99324
chr2	23166736	23366736	harbor1	chr2	23169567	23169948	LTR/ERVL-MaLR	2215	+	190	23169757	3021
chr2	23166736	23366736	harbor1	chr2	23180998	23181394	LTR/ERVL-MaLR	2128	+	198	23181196	14460
chr2	23166736	23366736	harbor1	chr2	23210720	23211179	LTR/ERVL-MaLR	2401	+	230	23210950	44214
chr2	23166736	23366736	harbor1	chr2	23222417	23222961	LTR/ERVL-MaLR	566	+	272	23222689	55953
chr2	23166736	23366736	harbor1	chr2	23215813	23216346	LTR/ERVL-MaLR	2061	+	266	23216079	49343
chr2	78965850	79165850	harbor1	chr2	78966124	78966594	LTR/ERVL-MaLR	1198	+	235	78966359	509
chr2	78965850	79165850	harbor1	chr2	78988218	78988568	LTR/ERVL-MaLR	1346	+	175	78988393	22543
chr2	78965850	79165850	harbor1	chr2	79021870	79022038	LTR/ERVL-MaLR	470	+	84	79021954	56104
chr2	78965850	79165850	harbor1	chr2	79032688	79033126	LTR/ERVL-MaLR	1512	+	219	79032907	67057
chr2	78965850	79165850	harbor1	chr2	79062333	79062946	LTR/ERVL-MaLR	1529	+	306	79062639	96789
chr2	78965850	79165850	harbor1	chr2	79063955	79064340	LTR/ERVL-MaLR	1888	+	192	79064147	98297
chr2	78965850	79165850	harbor1	chr2	79065615	79066020	LTR/ERVL-MaLR	1758	+	202	79065817	99967
chr2	180210023	180410023	harbor1	chr2	180224360	180225697	LTR/ERVL-MaLR	7469	+	668	180225028	15005
chr2	180210023	180410023	harbor1	chr2	180244922	180245174	LTR/ERVL-MaLR	678	+	126	180245048	35025
chr2	180210023	180410023	harbor1	chr2	180250655	180251077	LTR/ERVL-MaLR	800	+	211	180250866	40843
chr2	180210023	180410023	harbor1	chr2	180293391	180293746	LTR/ERVL-MaLR	1915	+	178	180293569	83546
chr2	180210023	180410023	harbor1	chr2	180223989	180224359	LTR/ERVL-MaLR	2710	+	185	180224174	14151
chr2	153027578	153227578	harbor1	chr2	153041936	153042104	LTR/ERVL-MaLR	996	+	84	153042020	14442
chr2	153027578	153227578	harbor1	chr2	153042421	153042640	LTR/ERVL-MaLR	996	+	110	153042531	14953
chr2	153027578	153227578	harbor1	chr2	153063484	153063822	LTR/ERVL-MaLR	1586	+	169	153063653	36075
chr2	153027578	153227578	harbor1	chr2	153065501	153065788	LTR/ERVL-MaLR	825	+	144	153065645	38067
chr2	153027578	153227578	harbor1	chr2	153084474	153084828	LTR/ERVL-MaLR	2295	+	177	153084651	57073
chr2	153027578	153227578	harbor1	chr2	153084829	153086349	LTR/ERVL-MaLR	9999	+	760	153085589	58011
chr2	153027578	153227578	harbor1	chr2	153086350	153086686	LTR/ERVL-MaLR	1961	+	168	153086518	58940
chr2	153027578	153227578	harbor1	chr2	153118857	153119233	LTR/ERVL-MaLR	2762	+	188	153119045	91467
chr2	153027578	153227578	harbor1	chr2	153122796	153123367	LTR/ERVL-MaLR	907	+	286	153123082	95504
chr2	153027578	153227578	harbor1	chr2	153123821	153124401	LTR/ERVL-MaLR	1954	+	290	153124111	96533
chr2	97660687	97860687	harbor1	chr2	97668257	97668590	LTR/ERVL-MaLR	1390	+	166	97668423	7736
chr2	97660687	97860687	harbor1	chr2	97704859	97705004	LTR/ERVL-MaLR	625	+	72	97704931	44244
chr2	97660687	97860687	harbor1	chr2	97746580	97746691	LTR/ERVL-MaLR	680	+	56	97746636	85949
chr2	1932616	2132616	harbor1	chr2	2002677	2003052	LTR/ERVL-MaLR	2163	+	188	2002865	70249
chr2	1932616	2132616	harbor1	chr2	2019103	2019463	LTR/ERVL-MaLR	2601	+	180	2019283	86667
chr2	169264857	169464857	harbor1	chr2	169317465	169317664	LTR/ERVL-MaLR	773	+	100	169317565	52708
chr2	169264857	169464857	harbor1	chr2	169340362	169340773	LTR/ERVL-MaLR	915	+	206	169340568	75711
chr2	169264857	169464857	harbor1	chr2	169355455	169355778	LTR/ERVL-MaLR	439	+	162	169355617	90760
chr2	186156725	186356725	harbor1	chr2	186159800	186160151	LTR/ERVL-MaLR	1760	+	176	186159976	3251
chr2	186156725	186356725	harbor1	chr2	186160152	186161777	LTR/ERVL-MaLR	11296	+	812	186160964	4239
chr2	186156725	186356725	harbor1	chr2	186161778	186162128	LTR/ERVL-MaLR	1675	+	175	186161953	5228
chr2	186156725	186356725	harbor1	chr2	186183449	186183821	LTR/ERVL-MaLR	2355	+	186	186183635	26910
chr2	186156725	186356725	harbor1	chr2	186183822	186184146	LTR/ERVL-MaLR	1603	+	162	186183984	27259
chr2	186156725	186356725	harbor1	chr2	186201421	186201747	LTR/ERVL-MaLR	1298	+	163	186201584	44859
chr2	186156725	186356725	harbor1	chr2	186228690	186229087	LTR/ERVL-MaLR	2038	+	198	186228888	72163
chr2	186156725	186356725	harbor1	chr2	186229088	186230320	LTR/ERVL-MaLR	6885	+	616	186229704	72979
chr2	186156725	186356725	harbor1	chr2	186236472	186236609	LTR/ERVL-MaLR	1880	+	68	186236540	79815
chr2	186156725	186356725	harbor1	chr2	186236644	186236820	LTR/ERVL-MaLR	1880	+	88	186236732	80007
chr2	186156725	186356725	harbor1	chr2	186236825	186237204	LTR/ERVL-MaLR	2022	+	190	186237015	80290
chr2	135552252	135752252	harbor1	chr2	135554641	135554914	LTR/ERVL-MaLR	868	+	136	135554777	2525
chr2	51308644	51508644	harbor1	chr2	51354503	51354629	LTR/ERVL-MaLR	698	+	63	51354566	45922
chr2	51308644	51508644	harbor1	chr2	51356272	51356623	LTR/ERVL-MaLR	2419	+	176	51356448	47804
chr2	51308644	51508644	harbor1	chr2	51375877	51376249	LTR/ERVL-MaLR	2347	+	186	51376063	67419
chr2	51308644	51508644	harbor1	chr2	51376254	51377880	LTR/ERVL-MaLR	8903	+	813	51377067	68423
chr2	51308644	51508644	harbor1	chr2	51377881	51378257	LTR/ERVL-MaLR	2338	+	188	51378069	69425
chr2	230923629	231123629	harbor1	chr2	230936237	230936615	LTR/ERVL-MaLR	2841	+	189	230936426	12797
chr2	230923629	231123629	harbor1	chr2	230943584	230943999	LTR/ERVL-MaLR	2434	+	208	230943792	20163
chr2	230923629	231123629	harbor1	chr2	230953192	230953675	LTR/ERVL-MaLR	1930	+	242	230953434	29805
chr2	230923629	231123629	harbor1	chr2	230972099	230972492	LTR/ERVL-MaLR	2572	+	196	230972295	48666
chr2	230923629	231123629	harbor1	chr2	230973110	230973155	LTR/ERVL-MaLR	2572	+	22	230973132	49503
chr2	230923629	231123629	harbor1	chr2	230987979	230988221	LTR/ERVL-MaLR	607	+	121	230988100	64471
chr2	230923629	231123629	harbor1	chr2	230997109	230997452	LTR/ERVL-MaLR	2277	+	172	230997281	73652
chr2	161896896	162096896	harbor1	chr2	161914732	161914859	LTR/ERVL-MaLR	1291	+	64	161914796	17900
chr2	161896896	162096896	harbor1	chr2	161915825	161916184	LTR/ERVL-MaLR	1291	+	180	161916005	19109
chr2	161896896	162096896	harbor1	chr2	161959898	161960094	LTR/ERVL-MaLR	1103	+	98	161959996	63100
chr2	161896896	162096896	harbor1	chr2	161960390	161960447	LTR/ERVL-MaLR	1103	+	28	161960418	63522
chr2	161896896	162096896	harbor1	chr2	161960742	161960967	LTR/ERVL-MaLR	1103	+	112	161960854	63958
chr2	179500518	179700518	harbor1	chr2	179502041	179502349	LTR/ERVL-MaLR	2203	+	154	179502195	1677
chr2	179500518	179700518	harbor1	chr2	179502350	179502727	LTR/ERVL-MaLR	2058	+	188	179502538	2020
chr2	179500518	179700518	harbor1	chr2	179580441	179580809	LTR/ERVL-MaLR	1288	+	184	179580625	80107
chr2	179500518	179700518	harbor1	chr2	179581673	179581853	LTR/ERVL-MaLR	705	+	90	179581763	81245
chr2	179500518	179700518	harbor1	chr2	179590602	179590961	LTR/ERVL-MaLR	1983	+	180	179590782	90264
chr2	237167582	237367582	harbor1	chr2	237177856	237178190	LTR/ERVL-MaLR	1391	+	167	237178023	10441
chr2	237167582	237367582	harbor1	chr2	237262933	237263292	LTR/ERVL-MaLR	2136	+	180	237263113	95531
chr2	229902204	230102204	harbor1	chr2	229940483	229940894	LTR/ERVL-MaLR	1825	+	206	229940689	38485
chr2	229902204	230102204	harbor1	chr2	229943820	229944202	LTR/ERVL-MaLR	2210	+	191	229944011	41807
chr2	229902204	230102204	harbor1	chr2	229948425	229948822	LTR/ERVL-MaLR	1076	+	198	229948623	46419
chr2	229902204	230102204	harbor1	chr2	229949133	229949224	LTR/ERVL-MaLR	1076	+	46	229949179	46975
chr2	229902204	230102204	harbor1	chr2	229991301	229991582	LTR/ERVL-MaLR	810	+	140	229991441	89237
chr2	98489119	98689119	harbor1	chr2	98497067	98497529	LTR/ERVL-MaLR	3135	+	231	98497298	8179
chr2	98489119	98689119	harbor1	chr2	98497738	98498144	LTR/ERVL-MaLR	3155	+	203	98497941	8822
chr2	98489119	98689119	harbor1	chr2	98498145	98498502	LTR/ERVL-MaLR	1955	+	178	98498323	9204
chr2	98489119	98689119	harbor1	chr2	98498634	98499009	LTR/ERVL-MaLR	1813	+	188	98498822	9703
chr2	232974640	233174640	harbor1	chr2	233005498	233005805	LTR/ERVL-MaLR	1680	+	154	233005652	31012
chr2	232974640	233174640	harbor1	chr2	233006116	233006176	LTR/ERVL-MaLR	1680	+	30	233006146	31506
chr2	232974640	233174640	harbor1	chr2	233040444	233040934	LTR/ERVL-MaLR	1891	+	245	233040689	66049
chr2	232974640	233174640	harbor1	chr2	233050719	233051074	LTR/ERVL-MaLR	1396	+	178	233050897	76257
chr2	117164905	117364905	harbor1	chr2	117167087	117167441	LTR/ERVL-MaLR	2392	+	177	117167264	2359
chr2	117164905	117364905	harbor1	chr2	117170971	117171182	LTR/ERVL-MaLR	1350	+	106	117171077	6172
chr2	117164905	117364905	harbor1	chr2	117171183	117172835	LTR/ERVL-MaLR	9545	+	826	117172009	7104
chr2	117164905	117364905	harbor1	chr2	117172838	117173200	LTR/ERVL-MaLR	2032	+	181	117173019	8114
chr2	117164905	117364905	harbor1	chr2	117177416	117177860	LTR/ERVL-MaLR	794	+	222	117177638	12733
chr2	117164905	117364905	harbor1	chr2	117207901	117208287	LTR/ERVL-MaLR	493	+	193	117208094	43189
chr2	3334893	3534893	harbor1	chr2	3335550	3335593	LTR/ERVL-MaLR	998	+	22	3335572	679
chr2	3334893	3534893	harbor1	chr2	3335594	3335953	LTR/ERVL-MaLR	1602	+	180	3335774	881
chr2	3334893	3534893	harbor1	chr2	3335954	3336111	LTR/ERVL-MaLR	998	+	78	3336032	1139
chr2	3334893	3534893	harbor1	chr2	3336153	3336448	LTR/ERVL-MaLR	998	+	148	3336301	1408
chr2	3334893	3534893	harbor1	chr2	3339471	3339666	LTR/ERVL-MaLR	2184	+	98	3339569	4676
chr2	3334893	3534893	harbor1	chr2	3339966	3340191	LTR/ERVL-MaLR	2184	+	112	3340078	5185
chr2	3334893	3534893	harbor1	chr2	3346869	3347255	LTR/ERVL-MaLR	2034	+	193	3347062	12169
chr2	3334893	3534893	harbor1	chr2	3347274	3347617	LTR/ERVL-MaLR	2361	+	172	3347446	12553
chr2	3334893	3534893	harbor1	chr2	3356555	3356783	LTR/ERVL-MaLR	1910	+	114	3356669	21776
chr2	3334893	3534893	harbor1	chr2	3357329	3357385	LTR/ERVL-MaLR	1910	+	28	3357357	22464
chr2	3334893	3534893	harbor1	chr2	3357815	3358041	LTR/ERVL-MaLR	1910	+	113	3357928	23035
chr2	218987074	219187074	harbor1	chr2	219011852	219012229	LTR/ERVL-MaLR	1790	+	188	219012040	24966
chr2	125467540	125667540	harbor1	chr2	125475431	125475797	LTR/ERVL-MaLR	2092	+	183	125475614	8074
chr2	125467540	125667540	harbor1	chr2	125475798	125477372	LTR/ERVL-MaLR	11628	+	787	125476585	9045
chr2	125467540	125667540	harbor1	chr2	125477373	125477739	LTR/ERVL-MaLR	2308	+	183	125477556	10016
chr2	125467540	125667540	harbor1	chr2	125526074	125526533	LTR/ERVL-MaLR	1608	+	230	125526304	58764
chr2	125467540	125667540	harbor1	chr2	125556596	125556986	LTR/ERVL-MaLR	2170	+	195	125556791	89251
chr2	125467540	125667540	harbor1	chr2	125557254	125557495	LTR/ERVL-MaLR	1009	+	120	125557374	89834
chr2	18668350	18868350	harbor1	chr2	18680393	18680766	LTR/ERVL-MaLR	2679	+	186	18680579	12229
chr2	18668350	18868350	harbor1	chr2	18706393	18706601	LTR/ERVL-MaLR	492	+	104	18706497	38147
chr2	18668350	18868350	harbor1	chr2	18739521	18739882	LTR/ERVL-MaLR	1665	+	180	18739701	71351
chr2	148754121	148954121	harbor1	chr2	148782672	148782775	LTR/ERVL-MaLR	572	+	52	148782724	28603
chr2	148754121	148954121	harbor1	chr2	148825836	148826198	LTR/ERVL-MaLR	2741	+	181	148826017	71896
chr2	148754121	148954121	harbor1	chr2	148826314	148826932	LTR/ERVL-MaLR	2295	+	309	148826623	72502
chr2	148754121	148954121	harbor1	chr2	148827257	148827659	LTR/ERVL-MaLR	2013	+	201	148827458	73337
chr2	148754121	148954121	harbor1	chr2	148827666	148828060	LTR/ERVL-MaLR	1562	+	197	148827863	73742
chr2	148754121	148954121	harbor1	chr2	148830088	148830491	LTR/ERVL-MaLR	2109	+	202	148830290	76169
chr2	148754121	148954121	harbor1	chr2	148850540	148851000	LTR/ERVL-MaLR	768	+	230	148850770	96649
chr2	115845966	116045966	harbor1	chr2	115851546	115851964	LTR/ERVL-MaLR	2197	+	209	115851755	5789
chr2	115845966	116045966	harbor1	chr2	115879017	115879178	LTR/ERVL-MaLR	1273	+	80	115879097	33131
chr2	115845966	116045966	harbor1	chr2	115879485	115879712	LTR/ERVL-MaLR	1273	+	114	115879599	33633
chr2	115845966	116045966	harbor1	chr2	115903468	115903811	LTR/ERVL-MaLR	1217	+	172	115903640	57674
chr2	115845966	116045966	harbor1	chr2	115925726	115926079	LTR/ERVL-MaLR	2622	+	176	115925902	79936
chr2	115845966	116045966	harbor1	chr2	115927710	115928000	LTR/ERVL-MaLR	868	+	145	115927855	81889
chr2	115845966	116045966	harbor1	chr2	115944105	115944472	LTR/ERVL-MaLR	2343	+	184	115944289	98323
chr2	96692602	96892602	harbor1	chr2	96749899	96750403	LTR/ERVL-MaLR	2212	+	252	96750151	57549
chr2	204903500	205103500	harbor1	chr2	204925736	204926092	LTR/ERVL-MaLR	2014	+	178	204925914	22414
chr2	204903500	205103500	harbor1	chr2	204927172	204927548	LTR/ERVL-MaLR	1970	+	188	204927360	23860
chr2	116428871	116628871	harbor1	chr2	116435125	116435482	LTR/ERVL-MaLR	771	+	178	116435303	6432
chr2	116428871	116628871	harbor1	chr2	116435483	116435860	LTR/ERVL-MaLR	2608	+	188	116435671	6800
chr2	116428871	116628871	harbor1	chr2	116435861	116435906	LTR/ERVL-MaLR	771	+	22	116435883	7012
chr2	116428871	116628871	harbor1	chr2	116441862	116442252	LTR/ERVL-MaLR	2028	+	195	116442057	13186
chr2	116428871	116628871	harbor1	chr2	116442487	116442526	LTR/ERVL-MaLR	2028	+	20	116442507	13636
chr2	116428871	116628871	harbor1	chr2	116488957	116489164	LTR/ERVL-MaLR	825	+	104	116489061	60190
chr2	116428871	116628871	harbor1	chr2	116489188	116489581	LTR/ERVL-MaLR	1687	+	196	116489384	60513
chr2	116428871	116628871	harbor1	chr2	116490489	116491063	LTR/ERVL-MaLR	1581	+	287	116490776	61905
chr2	116428871	116628871	harbor1	chr2	116491418	116491743	LTR/ERVL-MaLR	1020	+	162	116491580	62709
chr2	116428871	116628871	harbor1	chr2	116518348	116518776	LTR/ERVL-MaLR	2132	+	214	116518562	89691
chr2	116428871	116628871	harbor1	chr2	116489765	116490463	LTR/ERVL-MaLR	2534	+	349	116490114	61243
chr2	29361405	29561405	harbor1	chr2	29397072	29397527	LTR/ERVL-MaLR	2515	+	228	29397300	35895
chr2	29361405	29561405	harbor1	chr2	29432137	29432538	LTR/ERVL-MaLR	2212	+	200	29432337	70932
chr2	29361405	29561405	harbor1	chr2	29439533	29439942	LTR/ERVL-MaLR	1169	+	204	29439737	78332
chr2	29361405	29561405	harbor1	chr2	29459678	29459914	LTR/ERVL-MaLR	594	+	118	29459796	98391
chr2	40631039	40831039	harbor1	chr2	40636543	40637076	LTR/ERVL-MaLR	1740	+	266	40636809	5770
chr2	40631039	40831039	harbor1	chr2	40656985	40657377	LTR/ERVL-MaLR	1638	+	196	40657181	26142
chr2	40631039	40831039	harbor1	chr2	40658295	40658702	LTR/ERVL-MaLR	1725	+	204	40658499	27460
chr2	40631039	40831039	harbor1	chr2	40705172	40705505	LTR/ERVL-MaLR	565	+	166	40705338	74299
chr2	205975460	206175460	harbor1	chr2	205978731	205979080	LTR/ERVL-MaLR	2312	+	174	205978905	3445
chr2	205975460	206175460	harbor1	chr2	205990254	205990616	LTR/ERVL-MaLR	1544	+	181	205990435	14975
chr2	205975460	206175460	harbor1	chr2	206014336	206014700	LTR/ERVL-MaLR	2353	+	182	206014518	39058
chr2	205975460	206175460	harbor1	chr2	206014701	206015604	LTR/ERVL-MaLR	12381	+	452	206015153	39693
chr2	205975460	206175460	harbor1	chr2	206015900	206016620	LTR/ERVL-MaLR	12381	+	360	206016260	40800
chr2	205975460	206175460	harbor1	chr2	206016621	206016996	LTR/ERVL-MaLR	2268	+	188	206016809	41349
chr2	109368384	109568384	harbor1	chr2	109414868	109415290	LTR/ERVL-MaLR	1355	+	211	109415079	46695
chr2	109368384	109568384	harbor1	chr2	109415808	109416181	LTR/ERVL-MaLR	2036	+	186	109415994	47610
chr2	131016703	131216703	harbor1	chr2	131073527	131073757	LTR/ERVL-MaLR	983	+	115	131073642	56939
chr2	131016703	131216703	harbor1	chr2	131079059	131079195	LTR/ERVL-MaLR	923	+	68	131079127	62424
chr2	131016703	131216703	harbor1	chr2	131079493	131079730	LTR/ERVL-MaLR	923	+	118	131079611	62908
chr2	21302947	21502947	harbor1	chr2	21385844	21386246	LTR/ERVL-MaLR	2540	+	201	21386045	83098
chr2	191746117	191946117	harbor1	chr2	191760778	191761263	LTR/ERVL-MaLR	1922	+	242	191761020	14903
chr2	191746117	191946117	harbor1	chr2	191773187	191773539	LTR/ERVL-MaLR	2094	+	176	191773363	27246
chr2	191746117	191946117	harbor1	chr2	191775114	191775467	LTR/ERVL-MaLR	2097	+	176	191775290	29173
chr2	191746117	191946117	harbor1	chr2	191784939	191785015	LTR/ERVL-MaLR	440	+	38	191784977	38860
chr2	191746117	191946117	harbor1	chr2	191785201	191785413	LTR/ERVL-MaLR	440	+	106	191785307	39190
chr2	191746117	191946117	harbor1	chr2	191800355	191800543	LTR/ERVL-MaLR	1522	+	94	191800449	54332
chr2	191746117	191946117	harbor1	chr2	191800929	191801230	LTR/ERVL-MaLR	1522	+	150	191801079	54962
chr2	191746117	191946117	harbor1	chr2	191806150	191806470	LTR/ERVL-MaLR	1116	+	160	191806310	60193
chr2	191746117	191946117	harbor1	chr2	191827409	191828057	LTR/ERVL-MaLR	2056	+	324	191827733	81616
chr2	191746117	191946117	harbor1	chr2	191829116	191829493	LTR/ERVL-MaLR	1991	+	188	191829304	83187
chr2	191746117	191946117	harbor1	chr2	191773540	191775112	LTR/ERVL-MaLR	11928	+	786	191774326	28209
chr2	32630991	32830991	harbor1	chr2	32704997	32705396	LTR/ERVL-MaLR	2028	+	200	32705197	74206
chr2	32630991	32830991	harbor1	chr2	32706516	32706570	LTR/ERVL-MaLR	558	+	27	32706543	75552
chr2	32630991	32830991	harbor1	chr2	32706863	32707095	LTR/ERVL-MaLR	558	+	116	32706979	75988
chr2	32630991	32830991	harbor1	chr2	32712900	32713258	LTR/ERVL-MaLR	1396	+	179	32713079	82088
chr2	19672922	19872922	harbor1	chr2	19688520	19688891	LTR/ERVL-MaLR	1966	+	186	19688706	15784
chr2	19672922	19872922	harbor1	chr2	19698358	19698627	LTR/ERVL-MaLR	503	+	134	19698492	25570
chr2	19672922	19872922	harbor1	chr2	19702334	19702658	LTR/ERVL-MaLR	592	+	162	19702496	29574
chr2	19672922	19872922	harbor1	chr2	19706021	19706422	LTR/ERVL-MaLR	2382	+	200	19706221	33299
chr2	19672922	19872922	harbor1	chr2	19717163	19717513	LTR/ERVL-MaLR	1643	+	175	19717338	44416
chr2	19672922	19872922	harbor1	chr2	19726801	19727277	LTR/ERVL-MaLR	2131	+	238	19727039	54117
chr2	19672922	19872922	harbor1	chr2	19756105	19756192	LTR/ERVL-MaLR	429	+	44	19756149	83227
chr2	19672922	19872922	harbor1	chr2	19759938	19760366	LTR/ERVL-MaLR	1336	+	214	19760152	87230
chr2	19080776	19280776	harbor1	chr2	19097152	19097406	LTR/ERVL-MaLR	881	+	127	19097279	16503
chr2	19080776	19280776	harbor1	chr2	19099771	19100231	LTR/ERVL-MaLR	2084	+	230	19100001	19225
chr2	19080776	19280776	harbor1	chr2	19118268	19118623	LTR/ERVL-MaLR	1557	+	178	19118446	37670
chr2	19080776	19280776	harbor1	chr2	19134923	19135547	LTR/ERVL-MaLR	2652	+	312	19135235	54459
chr2	238622783	238822783	harbor1	chr2	238637603	238637688	LTR/ERVL-MaLR	449	+	42	238637645	14862
chr2	238622783	238822783	harbor1	chr2	238653311	238653754	LTR/ERVL-MaLR	780	+	222	238653533	30750
chr2	238622783	238822783	harbor1	chr2	238668263	238668863	LTR/ERVL-MaLR	1566	+	300	238668563	45780
chr2	76389566	76589566	harbor1	chr2	76407671	76407950	LTR/ERVL-MaLR	1751	+	140	76407811	18245
chr2	76389566	76589566	harbor1	chr2	76407978	76408034	LTR/ERVL-MaLR	1751	+	28	76408006	18440
chr2	76389566	76589566	harbor1	chr2	76408036	76409469	LTR/ERVL-MaLR	10488	+	716	76408752	19186
chr2	76389566	76589566	harbor1	chr2	76410129	76410277	LTR/ERVL-MaLR	1094	+	74	76410203	20637
chr2	76389566	76589566	harbor1	chr2	76410278	76410635	LTR/ERVL-MaLR	2177	+	178	76410456	20890
chr2	76389566	76589566	harbor1	chr2	76480016	76480291	LTR/ERVL-MaLR	839	+	138	76480154	90588
chr2	76389566	76589566	harbor1	chr2	76481418	76481637	LTR/ERVL-MaLR	676	+	110	76481528	91962
chr2	29616251	29816251	harbor1	chr2	29626093	29626220	LTR/ERVL-MaLR	1864	+	64	29626157	9906
chr2	29616251	29816251	harbor1	chr2	29626221	29626586	LTR/ERVL-MaLR	2569	+	182	29626403	10152
chr2	29616251	29816251	harbor1	chr2	29626587	29626835	LTR/ERVL-MaLR	1864	+	124	29626711	10460
chr2	29616251	29816251	harbor1	chr2	29632286	29632389	LTR/ERVL-MaLR	545	+	52	29632338	16087
chr2	29616251	29816251	harbor1	chr2	29632472	29632650	LTR/ERVL-MaLR	699	+	89	29632561	16310
chr2	29616251	29816251	harbor1	chr2	29633029	29633131	LTR/ERVL-MaLR	699	+	51	29633080	16829
chr2	29616251	29816251	harbor1	chr2	29635225	29635604	LTR/ERVL-MaLR	1469	+	190	29635415	19164
chr2	29616251	29816251	harbor1	chr2	29635931	29635998	LTR/ERVL-MaLR	1469	+	34	29635965	19714
chr2	29616251	29816251	harbor1	chr2	29640217	29640674	LTR/ERVL-MaLR	2472	+	228	29640445	24194
chr2	29616251	29816251	harbor1	chr2	29689643	29690096	LTR/ERVL-MaLR	1709	+	226	29689869	73618
chr2	29616251	29816251	harbor1	chr2	29709952	29710343	LTR/ERVL-MaLR	2578	+	196	29710148	93897
chr2	204850530	205050530	harbor1	chr2	204925736	204926092	LTR/ERVL-MaLR	2014	+	178	204925914	75384
chr2	204850530	205050530	harbor1	chr2	204927172	204927548	LTR/ERVL-MaLR	1970	+	188	204927360	76830
chr2	196610425	196810425	harbor1	chr2	196611082	196611433	LTR/ERVL-MaLR	2649	+	176	196611258	833
chr2	196610425	196810425	harbor1	chr2	196616541	196617084	LTR/ERVL-MaLR	1002	+	272	196616813	6388
chr2	196610425	196810425	harbor1	chr2	196621324	196621696	LTR/ERVL-MaLR	1096	+	186	196621510	11085
chr3	27090827	27290827	harbor1	chr3	27103848	27104379	LTR/ERVL-MaLR	1309	+	266	27104114	13287
chr3	27090827	27290827	harbor1	chr3	27104476	27104799	LTR/ERVL-MaLR	672	+	162	27104638	13811
chr3	27090827	27290827	harbor1	chr3	27121368	27121739	LTR/ERVL-MaLR	2299	+	186	27121554	30727
chr3	27090827	27290827	harbor1	chr3	27122121	27122404	LTR/ERVL-MaLR	1801	+	142	27122263	31436
chr3	27090827	27290827	harbor1	chr3	27145765	27145971	LTR/ERVL-MaLR	988	+	103	27145868	55041
chr3	27090827	27290827	harbor1	chr3	27171269	27171531	LTR/ERVL-MaLR	844	+	131	27171400	80573
chr3	13369420	13569420	harbor1	chr3	13409215	13409490	LTR/ERVL-MaLR	1045	+	138	13409353	39933
chr3	95883953	96083953	harbor1	chr3	95918520	95918894	LTR/ERVL-MaLR	1326	+	187	95918707	34754
chr3	95883953	96083953	harbor1	chr3	95920618	95920856	LTR/ERVL-MaLR	462	+	119	95920737	36784
chr3	95883953	96083953	harbor1	chr3	95924593	95924938	LTR/ERVL-MaLR	2025	+	172	95924765	40812
chr3	95883953	96083953	harbor1	chr3	95955282	95955548	LTR/ERVL-MaLR	582	+	133	95955415	71462
chr3	95883953	96083953	harbor1	chr3	95959913	95960173	LTR/ERVL-MaLR	971	+	130	95960043	76090
chr3	95883953	96083953	harbor1	chr3	95963870	95964262	LTR/ERVL-MaLR	1225	+	196	95964066	80113
chr3	95883953	96083953	harbor1	chr3	95972827	95973181	LTR/ERVL-MaLR	2075	+	177	95973004	89051
chr3	95883953	96083953	harbor1	chr3	95973182	95974575	LTR/ERVL-MaLR	9921	+	696	95973878	89925
chr3	73186653	73386653	harbor1	chr3	73213620	73214045	LTR/ERVL-MaLR	2017	+	212	73213832	27179
chr3	73186653	73386653	harbor1	chr3	73245704	73245906	LTR/ERVL-MaLR	589	+	101	73245805	59152
chr3	170830118	171030118	harbor1	chr3	170862505	170862827	LTR/ERVL-MaLR	896	+	161	170862666	32548
chr3	170830118	171030118	harbor1	chr3	170862986	170863124	LTR/ERVL-MaLR	483	+	69	170863055	32937
chr3	170830118	171030118	harbor1	chr3	170896372	170896716	LTR/ERVL-MaLR	1829	+	172	170896544	66426
chr3	170830118	171030118	harbor1	chr3	170896717	170898322	LTR/ERVL-MaLR	11732	+	802	170897519	67401
chr3	170830118	171030118	harbor1	chr3	170898323	170898688	LTR/ERVL-MaLR	2224	+	182	170898505	68387
chr3	170830118	171030118	harbor1	chr3	170915745	170916141	LTR/ERVL-MaLR	1384	+	198	170915943	85825
chr3	170830118	171030118	harbor1	chr3	170917931	170918284	LTR/ERVL-MaLR	2431	+	176	170918107	87989
chr3	170830118	171030118	harbor1	chr3	170918286	170919812	LTR/ERVL-MaLR	10949	+	763	170919049	88931
chr3	170830118	171030118	harbor1	chr3	170919814	170920172	LTR/ERVL-MaLR	2325	+	179	170919993	89875
chr3	85468218	85668218	harbor1	chr3	85529988	85530322	LTR/ERVL-MaLR	1675	+	167	85530155	61937
chr3	85468218	85668218	harbor1	chr3	85530629	85530696	LTR/ERVL-MaLR	1675	+	34	85530663	62445
chr3	2801402	3001402	harbor1	chr3	2843472	2843868	LTR/ERVL-MaLR	2144	+	198	2843670	42268
chr3	2801402	3001402	harbor1	chr3	2846162	2846536	LTR/ERVL-MaLR	2671	+	187	2846349	44947
chr3	2801402	3001402	harbor1	chr3	2879007	2879452	LTR/ERVL-MaLR	1847	+	222	2879229	77827
chr3	180215742	180415742	harbor1	chr3	180218214	180218576	LTR/ERVL-MaLR	1481	+	181	180218395	2653
chr3	180215742	180415742	harbor1	chr3	180291043	180291133	LTR/ERVL-MaLR	1468	+	45	180291088	75346
chr3	180215742	180415742	harbor1	chr3	180291437	180291838	LTR/ERVL-MaLR	1468	+	200	180291637	75895
chr3	167140906	167340906	harbor1	chr3	167156900	167157301	LTR/ERVL-MaLR	1278	+	200	167157100	16194
chr3	167140906	167340906	harbor1	chr3	167164201	167164362	LTR/ERVL-MaLR	910	+	80	167164281	23375
chr3	167140906	167340906	harbor1	chr3	167191375	167191745	LTR/ERVL-MaLR	2153	+	185	167191560	50654
chr3	167140906	167340906	harbor1	chr3	167226787	167226994	LTR/ERVL-MaLR	433	+	104	167226891	85985
chr3	167140906	167340906	harbor1	chr3	167234706	167234961	LTR/ERVL-MaLR	467	+	128	167234834	93928
chr3	148235898	148435898	harbor1	chr3	148249259	148249390	LTR/ERVL-MaLR	731	+	66	148249325	13427
chr3	148235898	148435898	harbor1	chr3	148257319	148257692	LTR/ERVL-MaLR	2008	+	186	148257505	21607
chr3	148235898	148435898	harbor1	chr3	148259247	148259631	LTR/ERVL-MaLR	2140	+	192	148259439	23541
chr3	148235898	148435898	harbor1	chr3	148260309	148260439	LTR/ERVL-MaLR	704	+	65	148260374	24476
chr3	148235898	148435898	harbor1	chr3	148270494	148270880	LTR/ERVL-MaLR	1375	+	193	148270687	34789
chr3	148235898	148435898	harbor1	chr3	148293569	148294099	LTR/ERVL-MaLR	540	+	265	148293834	57936
chr3	148235898	148435898	harbor1	chr3	148295437	148295810	LTR/ERVL-MaLR	2236	+	186	148295623	59725
chr3	148235898	148435898	harbor1	chr3	148257695	148259246	LTR/ERVL-MaLR	10003	+	776	148258471	22573
chr3	85960814	86160814	harbor1	chr3	86034234	86034600	LTR/ERVL-MaLR	1371	+	183	86034417	73603
chr3	85960814	86160814	harbor1	chr3	86060579	86060669	LTR/ERVL-MaLR	538	+	45	86060624	99810
chr3	62843731	63043731	harbor1	chr3	62845873	62846054	LTR/ERVL-MaLR	1668	+	90	62845963	2232
chr3	62843731	63043731	harbor1	chr3	62846084	62846269	LTR/ERVL-MaLR	1668	+	92	62846176	2445
chr3	62843731	63043731	harbor1	chr3	62869246	62869405	LTR/ERVL-MaLR	424	+	80	62869326	25595
chr3	62843731	63043731	harbor1	chr3	62905794	62906287	LTR/ERVL-MaLR	1220	+	246	62906040	62309
chr3	62843731	63043731	harbor1	chr3	62911872	62912158	LTR/ERVL-MaLR	680	+	143	62912015	68284
chr3	62843731	63043731	harbor1	chr3	62921393	62921752	LTR/ERVL-MaLR	2076	+	180	62921573	77842
chr3	62843731	63043731	harbor1	chr3	62929865	62930092	LTR/ERVL-MaLR	491	+	114	62929979	86248
chr3	78175664	78375664	harbor1	chr3	78207344	78207428	LTR/ERVL-MaLR	1366	+	42	78207386	31722
chr3	78175664	78375664	harbor1	chr3	78207727	78208032	LTR/ERVL-MaLR	1366	+	152	78207879	32215
chr3	78175664	78375664	harbor1	chr3	78209886	78210296	LTR/ERVL-MaLR	2405	+	205	78210091	34427
chr3	78175664	78375664	harbor1	chr3	78222866	78223048	LTR/ERVL-MaLR	665	+	91	78222957	47293
chr3	78175664	78375664	harbor1	chr3	78223251	78223302	LTR/ERVL-MaLR	546	+	26	78223277	47613
chr3	78175664	78375664	harbor1	chr3	78257684	78258200	LTR/ERVL-MaLR	744	+	258	78257942	82278
chr3	78175664	78375664	harbor1	chr3	78258570	78258882	LTR/ERVL-MaLR	536	+	156	78258726	83062
chr3	78175664	78375664	harbor1	chr3	78270288	78270603	LTR/ERVL-MaLR	1258	+	158	78270446	94782
chr3	78175664	78375664	harbor1	chr3	78272592	78273002	LTR/ERVL-MaLR	2264	+	205	78272797	97133
chr3	78175664	78375664	harbor1	chr3	78273315	78273681	LTR/ERVL-MaLR	652	+	183	78273498	97834
chr3	78241197	78441197	harbor1	chr3	78257684	78258200	LTR/ERVL-MaLR	744	+	258	78257942	16745
chr3	78241197	78441197	harbor1	chr3	78258570	78258882	LTR/ERVL-MaLR	536	+	156	78258726	17529
chr3	78241197	78441197	harbor1	chr3	78270288	78270603	LTR/ERVL-MaLR	1258	+	158	78270446	29249
chr3	78241197	78441197	harbor1	chr3	78272592	78273002	LTR/ERVL-MaLR	2264	+	205	78272797	31600
chr3	78241197	78441197	harbor1	chr3	78273315	78273681	LTR/ERVL-MaLR	652	+	183	78273498	32301
chr3	78241197	78441197	harbor1	chr3	78300785	78301111	LTR/ERVL-MaLR	1427	+	163	78300948	59751
chr3	78241197	78441197	harbor1	chr3	78305328	78305712	LTR/ERVL-MaLR	2133	+	192	78305520	64323
chr3	78241197	78441197	harbor1	chr3	78305715	78307349	LTR/ERVL-MaLR	9555	+	817	78306532	65335
chr3	78241197	78441197	harbor1	chr3	78307353	78307732	LTR/ERVL-MaLR	2265	+	190	78307543	66346
chr3	78241197	78441197	harbor1	chr3	78319306	78319683	LTR/ERVL-MaLR	2105	+	188	78319494	78297
chr3	78241197	78441197	harbor1	chr3	78330526	78330920	LTR/ERVL-MaLR	1947	+	197	78330723	89526
chr3	78241197	78441197	harbor1	chr3	78339586	78339926	LTR/ERVL-MaLR	1365	+	170	78339756	98559
chr3	6696378	6896378	harbor1	chr3	6728318	6728819	LTR/ERVL-MaLR	1003	+	250	6728568	32190
chr3	6696378	6896378	harbor1	chr3	6737467	6737582	LTR/ERVL-MaLR	433	+	58	6737525	41147
chr3	6696378	6896378	harbor1	chr3	6737685	6738076	LTR/ERVL-MaLR	1953	+	196	6737881	41503
chr3	6696378	6896378	harbor1	chr3	6792335	6792756	LTR/ERVL-MaLR	1950	+	210	6792545	96167
chr3	6696378	6896378	harbor1	chr3	6717383	6717733	LTR/ERVL-MaLR	1468	+	175	6717558	21180
chr3	187483700	187683700	harbor1	chr3	187486799	187487152	LTR/ERVL-MaLR	2793	+	176	187486975	3275
chr3	187483700	187683700	harbor1	chr3	187487153	187487719	LTR/ERVL-MaLR	4445	+	283	187487436	3736
chr3	187483700	187683700	harbor1	chr3	187487728	187487941	LTR/ERVL-MaLR	1523	+	106	187487834	4134
chr3	187483700	187683700	harbor1	chr3	187487942	187488296	LTR/ERVL-MaLR	2828	+	177	187488119	4419
chr3	187483700	187683700	harbor1	chr3	187551723	187551964	LTR/ERVL-MaLR	821	+	120	187551843	68143
chr3	127734383	127934383	harbor1	chr3	127748464	127748802	LTR/ERVL-MaLR	1592	+	169	127748633	14250
chr3	127734383	127934383	harbor1	chr3	127751202	127751709	LTR/ERVL-MaLR	1457	+	254	127751456	17073
chr3	127734383	127934383	harbor1	chr3	127755847	127756223	LTR/ERVL-MaLR	1047	+	188	127756035	21652
chr3	127734383	127934383	harbor1	chr3	127756668	127756782	LTR/ERVL-MaLR	1047	+	57	127756725	22342
chr3	127734383	127934383	harbor1	chr3	127757196	127757326	LTR/ERVL-MaLR	446	+	65	127757261	22878
chr3	127734383	127934383	harbor1	chr3	127772688	127773051	LTR/ERVL-MaLR	1961	+	182	127772870	38487
chr3	127734383	127934383	harbor1	chr3	127777333	127777705	LTR/ERVL-MaLR	463	+	186	127777519	43136
chr3	127734383	127934383	harbor1	chr3	127799873	127800352	LTR/ERVL-MaLR	1215	+	240	127800113	65730
chr3	127734383	127934383	harbor1	chr3	127810127	127810320	LTR/ERVL-MaLR	1062	+	96	127810223	75840
chr3	127734383	127934383	harbor1	chr3	127811595	127811966	LTR/ERVL-MaLR	766	+	186	127811781	77398
chr3	127734383	127934383	harbor1	chr3	127830561	127830978	LTR/ERVL-MaLR	2882	+	208	127830769	96386
chr3	127734383	127934383	harbor1	chr3	127833311	127833836	LTR/ERVL-MaLR	1787	+	262	127833573	99190
chr3	98572522	98772522	harbor1	chr3	98596676	98596841	LTR/ERVL-MaLR	480	+	82	98596758	24236
chr3	98572522	98772522	harbor1	chr3	98601188	98601538	LTR/ERVL-MaLR	598	+	175	98601363	28841
chr3	73785099	73985099	harbor1	chr3	73801114	73801322	LTR/ERVL-MaLR	702	+	104	73801218	16119
chr3	73785099	73985099	harbor1	chr3	73803582	73803965	LTR/ERVL-MaLR	2028	+	192	73803774	18675
chr3	73785099	73985099	harbor1	chr3	73806463	73806815	LTR/ERVL-MaLR	2560	+	176	73806639	21540
chr3	73785099	73985099	harbor1	chr3	73806816	73808389	LTR/ERVL-MaLR	11896	+	786	73807602	22503
chr3	73785099	73985099	harbor1	chr3	73808391	73808744	LTR/ERVL-MaLR	2795	+	176	73808567	23468
chr3	73785099	73985099	harbor1	chr3	73812262	73812523	LTR/ERVL-MaLR	506	+	130	73812392	27293
chr3	73785099	73985099	harbor1	chr3	73815285	73815649	LTR/ERVL-MaLR	2706	+	182	73815467	30368
chr3	73785099	73985099	harbor1	chr3	73820711	73822343	LTR/ERVL-MaLR	10587	+	816	73821527	36428
chr3	73785099	73985099	harbor1	chr3	73822344	73822711	LTR/ERVL-MaLR	2087	+	184	73822528	37429
chr3	73785099	73985099	harbor1	chr3	73822879	73823042	LTR/ERVL-MaLR	479	+	82	73822961	37862
chr3	73785099	73985099	harbor1	chr3	73872056	73872421	LTR/ERVL-MaLR	2029	+	182	73872238	87139
chr3	73785099	73985099	harbor1	chr3	73879207	73879612	LTR/ERVL-MaLR	2256	+	202	73879409	94310
chr3	73785099	73985099	harbor1	chr3	73883663	73883948	LTR/ERVL-MaLR	447	+	142	73883805	98706
chr3	166218706	166418706	harbor1	chr3	166243675	166243938	LTR/ERVL-MaLR	699	+	132	166243807	25101
chr3	166218706	166418706	harbor1	chr3	166248011	166248368	LTR/ERVL-MaLR	2247	+	178	166248189	29483
chr3	166218706	166418706	harbor1	chr3	166249918	166250267	LTR/ERVL-MaLR	1869	+	174	166250092	31386
chr3	166218706	166418706	harbor1	chr3	166273788	166274131	LTR/ERVL-MaLR	1275	+	172	166273960	55254
chr3	166218706	166418706	harbor1	chr3	166279586	166280050	LTR/ERVL-MaLR	2017	+	232	166279818	61112
chr3	166218706	166418706	harbor1	chr3	166248369	166249917	LTR/ERVL-MaLR	9606	+	774	166249143	30437
chr3	64137021	64337021	harbor1	chr3	64138142	64138585	LTR/ERVL-MaLR	1327	+	222	64138364	1343
chr3	64137021	64337021	harbor1	chr3	64148571	64148927	LTR/ERVL-MaLR	1699	+	178	64148749	11728
chr3	64137021	64337021	harbor1	chr3	64149159	64149509	LTR/ERVL-MaLR	496	+	175	64149334	12313
chr3	64137021	64337021	harbor1	chr3	64152868	64153119	LTR/ERVL-MaLR	634	+	126	64152994	15973
chr3	64137021	64337021	harbor1	chr3	64168959	64169475	LTR/ERVL-MaLR	836	+	258	64169217	32196
chr3	64137021	64337021	harbor1	chr3	64172680	64173012	LTR/ERVL-MaLR	1712	+	166	64172846	35825
chr3	64137021	64337021	harbor1	chr3	64182073	64182199	LTR/ERVL-MaLR	1531	+	63	64182136	45115
chr3	64137021	64337021	harbor1	chr3	64182515	64182749	LTR/ERVL-MaLR	1531	+	117	64182632	45611
chr3	64137021	64337021	harbor1	chr3	64193626	64193975	LTR/ERVL-MaLR	2326	+	174	64193800	56779
chr3	61604058	61804058	harbor1	chr3	61608501	61608717	LTR/ERVL-MaLR	580	+	108	61608609	4551
chr3	61604058	61804058	harbor1	chr3	61645315	61645488	LTR/ERVL-MaLR	474	+	86	61645401	41343
chr3	61604058	61804058	harbor1	chr3	61662130	61662618	LTR/ERVL-MaLR	2009	+	244	61662374	58316
chr3	143042067	143242067	harbor1	chr3	143062934	143063309	LTR/ERVL-MaLR	2033	+	188	143063122	21055
chr3	143042067	143242067	harbor1	chr3	143097331	143097739	LTR/ERVL-MaLR	1543	+	204	143097535	55468
chr3	143042067	143242067	harbor1	chr3	143131448	143131946	LTR/ERVL-MaLR	569	+	249	143131697	89630
chr3	143042067	143242067	harbor1	chr3	143133497	143133983	LTR/ERVL-MaLR	414	+	243	143133740	91673
chr3	143042067	143242067	harbor1	chr3	143139762	143140211	LTR/ERVL-MaLR	888	+	224	143139986	97919
chr3	143042067	143242067	harbor1	chr3	143140610	143140971	LTR/ERVL-MaLR	1861	+	180	143140790	98723
chr3	168329466	168529466	harbor1	chr3	168334421	168334774	LTR/ERVL-MaLR	1763	+	176	168334597	5131
chr3	168329466	168529466	harbor1	chr3	168336096	168336462	LTR/ERVL-MaLR	1239	+	183	168336279	6813
chr3	168329466	168529466	harbor1	chr3	168340384	168340910	LTR/ERVL-MaLR	1567	+	263	168340647	11181
chr3	168329466	168529466	harbor1	chr3	168370990	168371192	LTR/ERVL-MaLR	478	+	101	168371091	41625
chr3	168329466	168529466	harbor1	chr3	168373531	168373962	LTR/ERVL-MaLR	1884	+	216	168373747	44281
chr3	168329466	168529466	harbor1	chr3	168420142	168420391	LTR/ERVL-MaLR	1280	+	124	168420266	90800
chr3	168329466	168529466	harbor1	chr3	168424841	168425239	LTR/ERVL-MaLR	1228	+	199	168425040	95574
chr3	168329466	168529466	harbor1	chr3	168425240	168426607	LTR/ERVL-MaLR	3802	+	684	168425924	96458
chr3	168329466	168529466	harbor1	chr3	168426609	168426996	LTR/ERVL-MaLR	1368	+	194	168426803	97337
chr3	178024200	178224200	harbor1	chr3	178096148	178096495	LTR/ERVL-MaLR	1970	+	174	178096322	72122
chr3	178024200	178224200	harbor1	chr3	178099764	178100056	LTR/ERVL-MaLR	556	+	146	178099910	75710
chr3	178024200	178224200	harbor1	chr3	178112269	178112634	LTR/ERVL-MaLR	1992	+	182	178112451	88251
chr3	178024200	178224200	harbor1	chr3	178112948	178113010	LTR/ERVL-MaLR	1992	+	31	178112979	88779
chr3	178024200	178224200	harbor1	chr3	178120536	178120954	LTR/ERVL-MaLR	2683	+	209	178120745	96545
chr3	178024200	178224200	harbor1	chr3	178028439	178028979	LTR/ERVL-MaLR	1287	+	270	178028709	4509
chr3	177329771	177529771	harbor1	chr3	177342194	177342473	LTR/ERVL-MaLR	764	+	140	177342334	12563
chr3	177329771	177529771	harbor1	chr3	177342772	177342844	LTR/ERVL-MaLR	764	+	36	177342808	13037
chr3	177329771	177529771	harbor1	chr3	177354906	177355061	LTR/ERVL-MaLR	1712	+	78	177354984	25213
chr3	177329771	177529771	harbor1	chr3	177355660	177355843	LTR/ERVL-MaLR	1712	+	92	177355752	25981
chr3	177329771	177529771	harbor1	chr3	177356237	177356276	LTR/ERVL-MaLR	1712	+	20	177356257	26486
chr3	177329771	177529771	harbor1	chr3	177382840	177383349	LTR/ERVL-MaLR	1573	+	254	177383094	53323
chr3	177329771	177529771	harbor1	chr3	177415900	177416004	LTR/ERVL-MaLR	402	+	52	177415952	86181
chr3	148748364	148948364	harbor1	chr3	148768670	148769022	LTR/ERVL-MaLR	1927	+	176	148768846	20482
chr3	148748364	148948364	harbor1	chr3	148770848	148771231	LTR/ERVL-MaLR	975	+	192	148771040	22676
chr3	148748364	148948364	harbor1	chr3	148775991	148776375	LTR/ERVL-MaLR	2129	+	192	148776183	27819
chr3	148748364	148948364	harbor1	chr3	148810750	148810827	LTR/ERVL-MaLR	529	+	38	148810788	62424
chr3	148748364	148948364	harbor1	chr3	148810830	148812401	LTR/ERVL-MaLR	11773	+	786	148811616	63252
chr3	148748364	148948364	harbor1	chr3	148812402	148812756	LTR/ERVL-MaLR	2712	+	177	148812579	64215
chr3	148748364	148948364	harbor1	chr3	148821564	148821737	LTR/ERVL-MaLR	450	+	86	148821650	73286
chr3	148748364	148948364	harbor1	chr3	148838963	148839442	LTR/ERVL-MaLR	1354	+	240	148839203	90839
chr3	14456512	14656512	harbor1	chr3	14538241	14538584	LTR/ERVL-MaLR	1121	+	172	14538413	81901
chr3	125839499	126039499	harbor1	chr3	125842519	125842887	LTR/ERVL-MaLR	595	+	184	125842703	3204
chr3	125839499	126039499	harbor1	chr3	125872447	125872570	LTR/ERVL-MaLR	720	+	62	125872509	33010
chr3	125839499	126039499	harbor1	chr3	125878136	125878211	LTR/ERVL-MaLR	1274	+	38	125878174	38675
chr3	125839499	126039499	harbor1	chr3	125878506	125878855	LTR/ERVL-MaLR	1274	+	174	125878680	39181
chr3	167028592	167228592	harbor1	chr3	167040410	167040565	LTR/ERVL-MaLR	413	+	78	167040488	11896
chr3	167028592	167228592	harbor1	chr3	167042363	167042728	LTR/ERVL-MaLR	2475	+	182	167042545	13953
chr3	167028592	167228592	harbor1	chr3	167058051	167058247	LTR/ERVL-MaLR	1132	+	98	167058149	29557
chr3	167028592	167228592	harbor1	chr3	167060515	167060897	LTR/ERVL-MaLR	1132	+	191	167060706	32114
chr3	167028592	167228592	harbor1	chr3	167060954	167061349	LTR/ERVL-MaLR	1808	+	198	167061152	32560
chr3	167028592	167228592	harbor1	chr3	167088433	167088866	LTR/ERVL-MaLR	658	+	216	167088649	60057
chr3	41775781	41975781	harbor1	chr3	41842395	41842807	LTR/ERVL-MaLR	2600	+	206	41842601	66820
chr3	41775781	41975781	harbor1	chr3	41845738	41845809	LTR/ERVL-MaLR	439	+	36	41845774	69993
chr3	41775781	41975781	harbor1	chr3	41848873	41848981	LTR/ERVL-MaLR	439	+	54	41848927	73146
chr3	41775781	41975781	harbor1	chr3	41870829	41871179	LTR/ERVL-MaLR	1986	+	175	41871004	95223
chr3	22629002	22829002	harbor1	chr3	22657546	22657871	LTR/ERVL-MaLR	1227	+	162	22657708	28706
chr3	22629002	22829002	harbor1	chr3	22673145	22673365	LTR/ERVL-MaLR	1311	+	110	22673255	44253
chr3	53184757	53384757	harbor1	chr3	53197094	53197442	LTR/ERVL-MaLR	2566	+	174	53197268	12511
chr3	53184757	53384757	harbor1	chr3	53198051	53198089	LTR/ERVL-MaLR	2566	+	19	53198070	13313
chr3	53184757	53384757	harbor1	chr3	53221870	53222242	LTR/ERVL-MaLR	1202	+	186	53222056	37299
chr3	53184757	53384757	harbor1	chr3	53238929	53239286	LTR/ERVL-MaLR	2164	+	178	53239107	54350
chr3	129482114	129682114	harbor1	chr3	129538005	129538338	LTR/ERVL-MaLR	813	+	166	129538171	56057
chr3	129482114	129682114	harbor1	chr3	129552192	129552666	LTR/ERVL-MaLR	1266	+	237	129552429	70315
chr3	163586393	163786393	harbor1	chr3	163627387	163627763	LTR/ERVL-MaLR	2019	+	188	163627575	41182
chr3	163586393	163786393	harbor1	chr3	163661966	163662387	LTR/ERVL-MaLR	2043	+	210	163662176	75783
chr3	163586393	163786393	harbor1	chr3	163662389	163663611	LTR/ERVL-MaLR	3862	+	611	163663000	76607
chr3	163586393	163786393	harbor1	chr3	163682969	163683317	LTR/ERVL-MaLR	1291	+	174	163683143	96750
chr3	163586393	163786393	harbor1	chr3	163626679	163627386	LTR/ERVL-MaLR	4442	+	354	163627033	40640
chr3	163065342	163265342	harbor1	chr3	163071613	163072111	LTR/ERVL-MaLR	1510	+	249	163071862	6520
chr3	163065342	163265342	harbor1	chr3	163090920	163091171	LTR/ERVL-MaLR	784	+	126	163091046	25704
chr3	163065342	163265342	harbor1	chr3	163159911	163160315	LTR/ERVL-MaLR	1015	+	202	163160113	94771
chr3	76534770	76734770	harbor1	chr3	76543208	76543419	LTR/ERVL-MaLR	914	+	106	76543314	8544
chr3	76534770	76734770	harbor1	chr3	76546358	76546617	LTR/ERVL-MaLR	589	+	130	76546488	11718
chr3	76534770	76734770	harbor1	chr3	76546616	76546704	LTR/ERVL-MaLR	545	+	44	76546660	11890
chr3	76534770	76734770	harbor1	chr3	76584329	76584719	LTR/ERVL-MaLR	1420	+	195	76584524	49754
chr3	76534770	76734770	harbor1	chr3	76594899	76595228	LTR/ERVL-MaLR	1295	+	164	76595063	60293
chr3	172006451	172206451	harbor1	chr3	172029065	172029251	LTR/ERVL-MaLR	2108	+	93	172029158	22707
chr3	172006451	172206451	harbor1	chr3	172029557	172029583	LTR/ERVL-MaLR	2108	+	13	172029570	23119
chr3	172006451	172206451	harbor1	chr3	172029878	172030114	LTR/ERVL-MaLR	2108	+	118	172029996	23545
chr3	172006451	172206451	harbor1	chr3	172032073	172032469	LTR/ERVL-MaLR	1433	+	198	172032271	25820
chr3	172006451	172206451	harbor1	chr3	172063827	172063987	LTR/ERVL-MaLR	811	+	80	172063907	57456
chr3	172006451	172206451	harbor1	chr3	172064170	172064381	LTR/ERVL-MaLR	1123	+	106	172064276	57825
chr3	182615194	182815194	harbor1	chr3	182625207	182625423	LTR/ERVL-MaLR	727	+	108	182625315	10121
chr3	182615194	182815194	harbor1	chr3	182680370	182680754	LTR/ERVL-MaLR	1763	+	192	182680562	65368
chr3	146369564	146569564	harbor1	chr3	146378691	146379058	LTR/ERVL-MaLR	1700	+	184	146378875	9311
chr3	146369564	146569564	harbor1	chr3	146390075	146390292	LTR/ERVL-MaLR	575	+	108	146390183	20619
chr3	146369564	146569564	harbor1	chr3	146390310	146390944	LTR/ERVL-MaLR	1356	+	317	146390627	21063
chr3	146369564	146569564	harbor1	chr3	146394727	146395116	LTR/ERVL-MaLR	2075	+	194	146394921	25357
chr3	146369564	146569564	harbor1	chr3	146424444	146424560	LTR/ERVL-MaLR	519	+	58	146424502	54938
chr3	146369564	146569564	harbor1	chr3	146425520	146425894	LTR/ERVL-MaLR	1208	+	187	146425707	56143
chr3	146369564	146569564	harbor1	chr3	146429237	146429621	LTR/ERVL-MaLR	2210	+	192	146429429	59865
chr3	146369564	146569564	harbor1	chr3	146430047	146430197	LTR/ERVL-MaLR	631	+	75	146430122	60558
chr3	146369564	146569564	harbor1	chr3	146430178	146430268	LTR/ERVL-MaLR	455	+	45	146430223	60659
chr3	146369564	146569564	harbor1	chr3	146390955	146391342	LTR/ERVL-MaLR	702	+	194	146391149	21585
chr3	146369564	146569564	harbor1	chr3	146423650	146423914	LTR/ERVL-MaLR	1072	+	132	146423782	54218
chr3	111054285	111254285	harbor1	chr3	111067589	111067937	LTR/ERVL-MaLR	2524	+	174	111067763	13478
chr3	111054285	111254285	harbor1	chr3	111088030	111088453	LTR/ERVL-MaLR	1985	+	212	111088242	33957
chr3	111054285	111254285	harbor1	chr3	111095587	111095933	LTR/ERVL-MaLR	1994	+	173	111095760	41475
chr3	111054285	111254285	harbor1	chr3	111095938	111097504	LTR/ERVL-MaLR	11385	+	783	111096721	42436
chr3	111054285	111254285	harbor1	chr3	111097505	111097875	LTR/ERVL-MaLR	2143	+	185	111097690	43405
chr3	111054285	111254285	harbor1	chr3	111083282	111083645	LTR/ERVL-MaLR	1294	+	182	111083464	29179
chr3	99346211	99546211	harbor1	chr3	99349893	99350276	LTR/ERVL-MaLR	2312	+	192	99350085	3874
chr3	99346211	99546211	harbor1	chr3	99359931	99360424	LTR/ERVL-MaLR	2053	+	246	99360177	13966
chr3	99346211	99546211	harbor1	chr3	99431596	99431917	LTR/ERVL-MaLR	1344	+	160	99431756	85545
chr3	99346211	99546211	harbor1	chr3	99431918	99432280	LTR/ERVL-MaLR	1622	+	181	99432099	85888
chr3	99346211	99546211	harbor1	chr3	99432490	99432773	LTR/ERVL-MaLR	740	+	142	99432632	86421
chr3	99346211	99546211	harbor1	chr3	99435370	99435823	LTR/ERVL-MaLR	1635	+	226	99435596	89385
chr3	99346211	99546211	harbor1	chr3	99435992	99436336	LTR/ERVL-MaLR	2012	+	172	99436164	89953
chr3	99346211	99546211	harbor1	chr3	99436337	99437903	LTR/ERVL-MaLR	11667	+	783	99437120	90909
chr3	99346211	99546211	harbor1	chr3	99437904	99438247	LTR/ERVL-MaLR	2080	+	172	99438076	91865
chr3	99346211	99546211	harbor1	chr3	99438556	99438881	LTR/ERVL-MaLR	1610	+	162	99438718	92507
chr3	99346211	99546211	harbor1	chr3	99444209	99444556	LTR/ERVL-MaLR	2009	+	174	99444383	98172
chr3	99346211	99546211	harbor1	chr3	99444588	99446300	LTR/ERVL-MaLR	10209	+	856	99445444	99233
chr3	30117745	30317745	harbor1	chr3	30122916	30123343	LTR/ERVL-MaLR	2377	+	214	30123130	5385
chr3	30117745	30317745	harbor1	chr3	30132952	30133266	LTR/ERVL-MaLR	1279	+	157	30133109	15364
chr3	30117745	30317745	harbor1	chr3	30133632	30133792	LTR/ERVL-MaLR	1279	+	80	30133712	15967
chr3	30117745	30317745	harbor1	chr3	30149218	30149495	LTR/ERVL-MaLR	679	+	138	30149356	31611
chr3	30117745	30317745	harbor1	chr3	30149580	30149647	LTR/ERVL-MaLR	612	+	34	30149614	31869
chr3	30117745	30317745	harbor1	chr3	30152606	30152941	LTR/ERVL-MaLR	1222	+	168	30152774	35029
chr3	30117745	30317745	harbor1	chr3	30154246	30154465	LTR/ERVL-MaLR	683	+	110	30154356	36611
chr3	30117745	30317745	harbor1	chr3	30161686	30161824	LTR/ERVL-MaLR	415	+	69	30161755	44010
chr3	30117745	30317745	harbor1	chr3	30182279	30182734	LTR/ERVL-MaLR	2095	+	228	30182507	64762
chr3	30117745	30317745	harbor1	chr3	30185629	30185874	LTR/ERVL-MaLR	721	+	122	30185751	68006
chr3	30117745	30317745	harbor1	chr3	30188578	30189138	LTR/ERVL-MaLR	1625	+	280	30188858	71113
chr3	30117745	30317745	harbor1	chr3	30203024	30203429	LTR/ERVL-MaLR	2324	+	202	30203226	85481
chr3	115167125	115367125	harbor1	chr3	115172342	115172919	LTR/ERVL-MaLR	1504	+	288	115172630	5505
chr3	115167125	115367125	harbor1	chr3	115183490	115183560	LTR/ERVL-MaLR	480	+	35	115183525	16400
chr3	115167125	115367125	harbor1	chr3	115183693	115183846	LTR/ERVL-MaLR	1038	+	76	115183769	16644
chr3	115167125	115367125	harbor1	chr3	115183847	115183973	LTR/ERVL-MaLR	883	+	63	115183910	16785
chr3	115167125	115367125	harbor1	chr3	115192573	115192864	LTR/ERVL-MaLR	1899	+	146	115192719	25594
chr3	115167125	115367125	harbor1	chr3	115207907	115208448	LTR/ERVL-MaLR	1282	+	270	115208177	41052
chr3	115167125	115367125	harbor1	chr3	115228279	115228665	LTR/ERVL-MaLR	1696	+	193	115228472	61347
chr3	44662630	44862630	harbor1	chr3	44703312	44703781	LTR/ERVL-MaLR	1124	+	234	44703546	40916
chr3	17160529	17360529	harbor1	chr3	17187173	17187624	LTR/ERVL-MaLR	614	+	226	17187399	26870
chr3	17160529	17360529	harbor1	chr3	17201542	17201910	LTR/ERVL-MaLR	1569	+	184	17201726	41197
chr3	17160529	17360529	harbor1	chr3	17203521	17203882	LTR/ERVL-MaLR	2095	+	180	17203701	43172
chr3	17160529	17360529	harbor1	chr3	17205778	17205951	LTR/ERVL-MaLR	403	+	86	17205864	45335
chr3	17160529	17360529	harbor1	chr3	17221118	17221287	LTR/ERVL-MaLR	1445	+	84	17221202	60673
chr3	17160529	17360529	harbor1	chr3	17221485	17221893	LTR/ERVL-MaLR	1445	+	204	17221689	61160
chr3	17160529	17360529	harbor1	chr3	17249413	17249731	LTR/ERVL-MaLR	1324	+	159	17249572	89043
chr3	17160529	17360529	harbor1	chr3	17201911	17203513	LTR/ERVL-MaLR	10102	+	801	17202712	42183
chr3	31895932	32095932	harbor1	chr3	31920616	31921036	LTR/ERVL-MaLR	2319	+	210	31920826	24894
chr3	31895932	32095932	harbor1	chr3	31950593	31951025	LTR/ERVL-MaLR	2471	+	216	31950809	54877
chr3	31895932	32095932	harbor1	chr3	31982818	31983182	LTR/ERVL-MaLR	991	+	182	31983000	87068
chr3	31895932	32095932	harbor1	chr3	31987942	31988431	LTR/ERVL-MaLR	2393	+	244	31988186	92254
chr3	31895932	32095932	harbor1	chr3	31988432	31989017	LTR/ERVL-MaLR	1888	+	292	31988724	92792
chr3	173952404	174152404	harbor1	chr3	173952034	173952552	LTR/ERVL-MaLR	796	+	259	173952293	111
chr3	173952404	174152404	harbor1	chr3	173957475	173957738	LTR/ERVL-MaLR	551	+	132	173957607	5203
chr3	173952404	174152404	harbor1	chr3	173959330	173959492	LTR/ERVL-MaLR	551	+	81	173959411	7007
chr3	173952404	174152404	harbor1	chr3	173985994	173986186	LTR/ERVL-MaLR	1400	+	96	173986090	33686
chr3	173952404	174152404	harbor1	chr3	173986476	173986713	LTR/ERVL-MaLR	1400	+	118	173986594	34190
chr3	173952404	174152404	harbor1	chr3	174006641	174006786	LTR/ERVL-MaLR	1958	+	72	174006713	54309
chr3	173952404	174152404	harbor1	chr3	174007087	174007332	LTR/ERVL-MaLR	1958	+	122	174007209	54805
chr3	173952404	174152404	harbor1	chr3	174019193	174019553	LTR/ERVL-MaLR	1351	+	180	174019373	66969
chr3	173952404	174152404	harbor1	chr3	174027836	174028140	LTR/ERVL-MaLR	1812	+	152	174027988	75584
chr3	173952404	174152404	harbor1	chr3	174028158	174029647	LTR/ERVL-MaLR	9316	+	744	174028902	76498
chr3	173952404	174152404	harbor1	chr3	174029648	174030004	LTR/ERVL-MaLR	2328	+	178	174029826	77422
chr3	173952404	174152404	harbor1	chr3	174044711	174045064	LTR/ERVL-MaLR	2213	+	176	174044887	92483
chr3	189905305	190105305	harbor1	chr3	189977104	189977596	LTR/ERVL-MaLR	1169	+	246	189977350	72045
chr3	18858148	19058148	harbor1	chr3	18867355	18867850	LTR/ERVL-MaLR	1216	+	248	18867603	9455
chr3	18858148	19058148	harbor1	chr3	18916267	18916753	LTR/ERVL-MaLR	522	+	243	18916510	58362
chr3	18858148	19058148	harbor1	chr3	18919985	18920537	LTR/ERVL-MaLR	524	+	276	18920261	62113
chr3	18858148	19058148	harbor1	chr3	18939923	18940308	LTR/ERVL-MaLR	2170	+	192	18940115	81967
chr3	18858148	19058148	harbor1	chr3	18955786	18956110	LTR/ERVL-MaLR	1605	+	162	18955948	97800
chr3	47212979	47412979	harbor1	chr3	47214653	47215133	LTR/ERVL-MaLR	1778	+	240	47214893	1914
chr3	47212979	47412979	harbor1	chr3	47231969	47232278	LTR/ERVL-MaLR	1686	+	154	47232123	19144
chr3	47212979	47412979	harbor1	chr3	47232585	47232649	LTR/ERVL-MaLR	1686	+	32	47232617	19638
chr3	47212979	47412979	harbor1	chr3	47258473	47258854	LTR/ERVL-MaLR	2286	+	190	47258663	45684
chr3	47212979	47412979	harbor1	chr3	47264740	47265097	LTR/ERVL-MaLR	1578	+	178	47264918	51939
chr3	169792947	169992947	harbor1	chr3	169843065	169843494	LTR/ERVL-MaLR	1845	+	214	169843279	50332
chr3	169792947	169992947	harbor1	chr3	169878867	169879024	LTR/ERVL-MaLR	471	+	78	169878945	85998
chr3	106333449	106533449	harbor1	chr3	106352062	106352419	LTR/ERVL-MaLR	2266	+	178	106352240	18791
chr3	106333449	106533449	harbor1	chr3	106354452	106354817	LTR/ERVL-MaLR	1933	+	182	106354634	21185
chr3	106333449	106533449	harbor1	chr3	106358441	106358496	LTR/ERVL-MaLR	397	+	28	106358469	25020
chr3	106333449	106533449	harbor1	chr3	106360228	106360639	LTR/ERVL-MaLR	6780	+	206	106360434	26985
chr3	106333449	106533449	harbor1	chr3	106361514	106362109	LTR/ERVL-MaLR	6780	+	298	106361812	28363
chr3	106333449	106533449	harbor1	chr3	106362110	106362452	LTR/ERVL-MaLR	2300	+	171	106362281	28832
chr3	106333449	106533449	harbor1	chr3	106396530	106396887	LTR/ERVL-MaLR	1796	+	178	106396708	63259
chr3	106333449	106533449	harbor1	chr3	106409050	106409406	LTR/ERVL-MaLR	1988	+	178	106409228	75779
chr3	106333449	106533449	harbor1	chr3	106425927	106426483	LTR/ERVL-MaLR	1672	+	278	106426205	92756
chr3	106333449	106533449	harbor1	chr3	106427645	106427883	LTR/ERVL-MaLR	603	+	119	106427764	94315
chr3	120420998	120620998	harbor1	chr3	120458679	120459111	LTR/ERVL-MaLR	1122	+	216	120458895	37897
chr3	120420998	120620998	harbor1	chr3	120463487	120463641	LTR/ERVL-MaLR	409	+	77	120463564	42566
chr3	120420998	120620998	harbor1	chr3	120466660	120467063	LTR/ERVL-MaLR	1857	+	202	120466862	45864
chr3	120420998	120620998	harbor1	chr3	120472274	120472756	LTR/ERVL-MaLR	2194	+	241	120472515	51517
chr3	120420998	120620998	harbor1	chr3	120476156	120476294	LTR/ERVL-MaLR	660	+	69	120476225	55227
chr3	120420998	120620998	harbor1	chr3	120476585	120476715	LTR/ERVL-MaLR	660	+	65	120476650	55652
chr3	62270200	62470200	harbor1	chr3	62339291	62339660	LTR/ERVL-MaLR	2534	+	184	62339475	69275
chr3	62270200	62470200	harbor1	chr3	62343517	62343900	LTR/ERVL-MaLR	2448	+	192	62343709	73509
chr3	62270200	62470200	harbor1	chr3	62350592	62350790	LTR/ERVL-MaLR	717	+	99	62350691	80491
chr3	29071713	29271713	harbor1	chr3	29072539	29072985	LTR/ERVL-MaLR	1144	+	223	29072762	1049
chr3	29071713	29271713	harbor1	chr3	29081825	29082282	LTR/ERVL-MaLR	932	+	228	29082053	10340
chr3	29071713	29271713	harbor1	chr3	29116481	29116776	LTR/ERVL-MaLR	1003	+	148	29116629	44916
chr3	29071713	29271713	harbor1	chr3	29118737	29119092	LTR/ERVL-MaLR	2237	+	178	29118915	47202
chr3	29071713	29271713	harbor1	chr3	29119095	29120625	LTR/ERVL-MaLR	10800	+	765	29119860	48147
chr3	29071713	29271713	harbor1	chr3	29120626	29120985	LTR/ERVL-MaLR	2406	+	180	29120806	49093
chr3	29071713	29271713	harbor1	chr3	29125372	29125725	LTR/ERVL-MaLR	2633	+	176	29125548	53835
chr3	29071713	29271713	harbor1	chr3	29132907	29133301	LTR/ERVL-MaLR	2068	+	197	29133104	61391
chr3	29071713	29271713	harbor1	chr3	29139880	29140431	LTR/ERVL-MaLR	932	+	276	29140156	68443
chr3	127118619	127318619	harbor1	chr3	127121326	127121447	LTR/ERVL-MaLR	482	+	60	127121386	2767
chr3	127118619	127318619	harbor1	chr3	127169564	127169980	LTR/ERVL-MaLR	2602	+	208	127169772	51153
chr3	65366094	65566094	harbor1	chr3	65434898	65435184	LTR/ERVL-MaLR	1240	+	143	65435041	68947
chr3	166890196	167090196	harbor1	chr3	166894938	166895333	LTR/ERVL-MaLR	1545	+	198	166895136	4940
chr3	166890196	167090196	harbor1	chr3	166899048	166899513	LTR/ERVL-MaLR	1618	+	232	166899280	9084
chr3	166890196	167090196	harbor1	chr3	166901450	166901669	LTR/ERVL-MaLR	565	+	110	166901560	11364
chr3	166890196	167090196	harbor1	chr3	166920650	166920886	LTR/ERVL-MaLR	1077	+	118	166920768	30572
chr3	166890196	167090196	harbor1	chr3	166975370	166975651	LTR/ERVL-MaLR	1322	+	140	166975510	85314
chr3	166890196	167090196	harbor1	chr3	166976747	166976839	LTR/ERVL-MaLR	579	+	46	166976793	86597
chr3	166890196	167090196	harbor1	chr3	166976840	166978187	LTR/ERVL-MaLR	6985	+	674	166977514	87318
chr3	115434438	115634438	harbor1	chr3	115466096	115466319	LTR/ERVL-MaLR	1283	+	112	115466208	31770
chr3	115434438	115634438	harbor1	chr3	115470594	115470917	LTR/ERVL-MaLR	486	+	162	115470756	36318
chr3	115434438	115634438	harbor1	chr3	115501578	115501741	LTR/ERVL-MaLR	565	+	82	115501660	67222
chr3	115434438	115634438	harbor1	chr3	115504671	115505025	LTR/ERVL-MaLR	2215	+	177	115504848	70410
chr3	115434438	115634438	harbor1	chr3	115505026	115506623	LTR/ERVL-MaLR	10267	+	798	115505824	71386
chr3	115434438	115634438	harbor1	chr3	115506624	115506978	LTR/ERVL-MaLR	2282	+	177	115506801	72363
chr3	115434438	115634438	harbor1	chr3	115511108	115511588	LTR/ERVL-MaLR	2272	+	240	115511348	76910
chr3	115434438	115634438	harbor1	chr3	115515577	115515900	LTR/ERVL-MaLR	1896	+	162	115515739	81301
chr3	115434438	115634438	harbor1	chr3	115527341	115527716	LTR/ERVL-MaLR	2399	+	188	115527529	93091
chr3	144120876	144320876	harbor1	chr3	144163669	144163993	LTR/ERVL-MaLR	1196	+	162	144163831	42955
chr3	144120876	144320876	harbor1	chr3	144170026	144170421	LTR/ERVL-MaLR	2117	+	198	144170224	49348
chr3	144120876	144320876	harbor1	chr3	144179473	144179660	LTR/ERVL-MaLR	570	+	94	144179567	58691
chr3	144120876	144320876	harbor1	chr3	144182479	144182861	LTR/ERVL-MaLR	1513	+	191	144182670	61794
chr3	144120876	144320876	harbor1	chr3	144184376	144184687	LTR/ERVL-MaLR	1415	+	156	144184532	63656
chr3	144120876	144320876	harbor1	chr3	144187080	144187488	LTR/ERVL-MaLR	2409	+	204	144187284	66408
chr3	144120876	144320876	harbor1	chr3	144179087	144179325	LTR/ERVL-MaLR	629	+	119	144179206	58330
chr3	108503691	108703691	harbor1	chr3	108515027	108515585	LTR/ERVL-MaLR	760	+	279	108515306	11615
chr3	108503691	108703691	harbor1	chr3	108537361	108537724	LTR/ERVL-MaLR	1263	+	182	108537543	33852
chr3	108503691	108703691	harbor1	chr3	108540151	108540518	LTR/ERVL-MaLR	1227	+	184	108540335	36644
chr3	108503691	108703691	harbor1	chr3	108599618	108599949	LTR/ERVL-MaLR	1481	+	166	108599784	96093
chr3	9547620	9747620	harbor1	chr3	9548640	9549176	LTR/ERVL-MaLR	1409	+	268	9548908	1288
chr3	9547620	9747620	harbor1	chr3	9556143	9556427	LTR/ERVL-MaLR	710	+	142	9556285	8665
chr3	9547620	9747620	harbor1	chr3	9556795	9556979	LTR/ERVL-MaLR	577	+	92	9556887	9267
chr3	9547620	9747620	harbor1	chr3	9558233	9558613	LTR/ERVL-MaLR	2020	+	190	9558423	10803
chr3	9547620	9747620	harbor1	chr3	9562996	9563083	LTR/ERVL-MaLR	523	+	44	9563040	15420
chr3	9547620	9747620	harbor1	chr3	9612511	9612927	LTR/ERVL-MaLR	2241	+	208	9612719	65099
chr3	9547620	9747620	harbor1	chr3	9622769	9623260	LTR/ERVL-MaLR	1353	+	246	9623015	75395
chr3	75503631	75703631	harbor1	chr3	75507776	75508172	LTR/ERVL-MaLR	2463	+	198	75507974	4343
chr3	75503631	75703631	harbor1	chr3	75516756	75517204	LTR/ERVL-MaLR	1485	+	224	75516980	13349
chr3	75503631	75703631	harbor1	chr3	75523316	75523486	LTR/ERVL-MaLR	394	+	85	75523401	19770
chr3	75503631	75703631	harbor1	chr3	75523551	75523686	LTR/ERVL-MaLR	395	+	68	75523619	19988
chr3	75503631	75703631	harbor1	chr3	75589424	75589566	LTR/ERVL-MaLR	406	+	71	75589495	85864
chr3	19646513	19846513	harbor1	chr3	19658086	19658362	LTR/ERVL-MaLR	1539	+	138	19658224	11711
chr3	19646513	19846513	harbor1	chr3	19664537	19664908	LTR/ERVL-MaLR	2137	+	186	19664723	18210
chr3	19646513	19846513	harbor1	chr3	19667125	19667535	LTR/ERVL-MaLR	401	+	205	19667330	20817
chr3	19646513	19846513	harbor1	chr3	19672958	19673371	LTR/ERVL-MaLR	2435	+	206	19673164	26651
chr3	19646513	19846513	harbor1	chr3	19696941	19697352	LTR/ERVL-MaLR	2014	+	206	19697147	50634
chr3	19646513	19846513	harbor1	chr3	19738916	19739517	LTR/ERVL-MaLR	1580	+	300	19739216	92703
chr3	19419056	19619056	harbor1	chr3	19453540	19453860	LTR/ERVL-MaLR	1709	+	160	19453700	34644
chr3	19419056	19619056	harbor1	chr3	19460702	19461066	LTR/ERVL-MaLR	2382	+	182	19460884	41828
chr3	19419056	19619056	harbor1	chr3	19472322	19472679	LTR/ERVL-MaLR	2220	+	178	19472500	53444
chr3	19419056	19619056	harbor1	chr3	19493289	19493651	LTR/ERVL-MaLR	1778	+	181	19493470	74414
chr3	19419056	19619056	harbor1	chr3	19494235	19494589	LTR/ERVL-MaLR	2056	+	177	19494412	75356
chr3	63166434	63366434	harbor1	chr3	63206784	63207044	LTR/ERVL-MaLR	447	+	130	63206914	40480
chr3	63166434	63366434	harbor1	chr3	63241288	63241684	LTR/ERVL-MaLR	1136	+	198	63241486	75052
chr3	63166434	63366434	harbor1	chr3	63241716	63241845	LTR/ERVL-MaLR	484	+	64	63241780	75346
chr3	63166434	63366434	harbor1	chr3	63254697	63255080	LTR/ERVL-MaLR	1745	+	192	63254889	88455
chr3	194322481	194522481	harbor1	chr3	194392692	194393011	LTR/ERVL-MaLR	1342	+	160	194392852	70371
chr3	43067022	43267022	harbor1	chr3	43081684	43082114	LTR/ERVL-MaLR	425	+	215	43081899	14877
chr3	43067022	43267022	harbor1	chr3	43085311	43085677	LTR/ERVL-MaLR	2183	+	183	43085494	18472
chr3	43067022	43267022	harbor1	chr3	43086864	43087274	LTR/ERVL-MaLR	1532	+	205	43087069	20047
chr3	43067022	43267022	harbor1	chr3	43088696	43088923	LTR/ERVL-MaLR	440	+	114	43088810	21788
chr3	43067022	43267022	harbor1	chr3	43109502	43109761	LTR/ERVL-MaLR	1456	+	130	43109632	42610
chr3	43067022	43267022	harbor1	chr3	43110182	43110280	LTR/ERVL-MaLR	1456	+	49	43110231	43209
chr3	43067022	43267022	harbor1	chr3	43110281	43110664	LTR/ERVL-MaLR	2117	+	192	43110473	43451
chr3	43067022	43267022	harbor1	chr3	43110665	43110839	LTR/ERVL-MaLR	1456	+	87	43110752	43730
chr3	43067022	43267022	harbor1	chr3	43115630	43116159	LTR/ERVL-MaLR	1226	+	264	43115894	48872
chr3	43067022	43267022	harbor1	chr3	43148778	43149141	LTR/ERVL-MaLR	1937	+	182	43148960	81938
chr3	43067022	43267022	harbor1	chr3	43157152	43157598	LTR/ERVL-MaLR	1123	+	223	43157375	90353
chr3	38667832	38867832	harbor1	chr3	38674709	38675028	LTR/ERVL-MaLR	856	+	160	38674869	7037
chr3	38667832	38867832	harbor1	chr3	38686307	38686524	LTR/ERVL-MaLR	407	+	108	38686415	18583
chr3	38667832	38867832	harbor1	chr3	38687604	38688009	LTR/ERVL-MaLR	925	+	202	38687806	19974
chr3	38667832	38867832	harbor1	chr3	38716247	38716606	LTR/ERVL-MaLR	2262	+	180	38716427	48595
chr3	38667832	38867832	harbor1	chr3	38732135	38732306	LTR/ERVL-MaLR	455	+	86	38732221	64389
chr3	38667832	38867832	harbor1	chr3	38732540	38733257	LTR/ERVL-MaLR	1014	+	358	38732898	65066
chr3	38667832	38867832	harbor1	chr3	38760025	38760522	LTR/ERVL-MaLR	1873	+	248	38760273	92441
chr3	73472072	73672072	harbor1	chr3	73473726	73473999	LTR/ERVL-MaLR	1410	+	136	73473862	1790
chr3	73472072	73672072	harbor1	chr3	73476064	73476133	LTR/ERVL-MaLR	1783	+	34	73476098	4026
chr3	73472072	73672072	harbor1	chr3	73476532	73477005	LTR/ERVL-MaLR	1783	+	236	73476768	4696
chr3	73472072	73672072	harbor1	chr3	73493573	73494161	LTR/ERVL-MaLR	1222	+	294	73493867	21795
chr3	73472072	73672072	harbor1	chr3	73534957	73535305	LTR/ERVL-MaLR	810	+	174	73535131	63059
chr3	73472072	73672072	harbor1	chr3	73537032	73537412	LTR/ERVL-MaLR	691	+	190	73537222	65150
chr3	73472072	73672072	harbor1	chr3	73539358	73539781	LTR/ERVL-MaLR	486	+	212	73539570	67498
chr3	73472072	73672072	harbor1	chr3	73540430	73540804	LTR/ERVL-MaLR	2715	+	187	73540617	68545
chr3	73472072	73672072	harbor1	chr3	73566647	73566907	LTR/ERVL-MaLR	527	+	130	73566777	94705
chr3	195300274	195500274	harbor1	chr3	195317906	195318264	LTR/ERVL-MaLR	1956	+	179	195318085	17811
chr3	195300274	195500274	harbor1	chr3	195318265	195319889	LTR/ERVL-MaLR	11075	+	812	195319077	18803
chr3	195300274	195500274	harbor1	chr3	195319890	195320249	LTR/ERVL-MaLR	2147	+	180	195320070	19796
chr3	195300274	195500274	harbor1	chr3	195330650	195330951	LTR/ERVL-MaLR	1244	+	150	195330800	30526
chr3	195300274	195500274	harbor1	chr3	195332573	195332949	LTR/ERVL-MaLR	2562	+	188	195332761	32487
chr3	195300274	195500274	harbor1	chr3	195352633	195352826	LTR/ERVL-MaLR	1026	+	96	195352729	52455
chr3	195300274	195500274	harbor1	chr3	195353099	195353230	LTR/ERVL-MaLR	1026	+	66	195353165	52891
chr3	195300274	195500274	harbor1	chr3	195353229	195353375	LTR/ERVL-MaLR	785	+	73	195353302	53028
chr3	195300274	195500274	harbor1	chr3	195367509	195367997	LTR/ERVL-MaLR	534	+	244	195367753	67479
chr3	14776796	14976796	harbor1	chr3	14780922	14781315	LTR/ERVL-MaLR	1034	+	196	14781118	4322
chr3	14776796	14976796	harbor1	chr3	14781939	14782339	LTR/ERVL-MaLR	2274	+	200	14782139	5343
chr3	106161167	106361167	harbor1	chr3	106172721	106172786	LTR/ERVL-MaLR	388	+	32	106172753	11586
chr3	106161167	106361167	harbor1	chr3	106193617	106194182	LTR/ERVL-MaLR	1715	+	282	106193899	32732
chr3	106161167	106361167	harbor1	chr3	106201202	106201616	LTR/ERVL-MaLR	2355	+	207	106201409	40242
chr3	106161167	106361167	harbor1	chr3	106224428	106224844	LTR/ERVL-MaLR	1727	+	208	106224636	63469
chr3	106161167	106361167	harbor1	chr3	106229454	106229785	LTR/ERVL-MaLR	1327	+	166	106229620	68453
chr3	106161167	106361167	harbor1	chr3	106229814	106230131	LTR/ERVL-MaLR	1327	+	158	106229972	68805
chr3	110428521	110628521	harbor1	chr3	110429117	110429543	LTR/ERVL-MaLR	1514	+	213	110429330	809
chr3	110428521	110628521	harbor1	chr3	110504945	110505299	LTR/ERVL-MaLR	2012	+	177	110505122	76601
chr3	110428521	110628521	harbor1	chr3	110522153	110522579	LTR/ERVL-MaLR	672	+	213	110522366	93845
chr3	110428521	110628521	harbor1	chr3	110523729	110524071	LTR/ERVL-MaLR	1749	+	171	110523900	95379
chr3	110428521	110628521	harbor1	chr3	110524072	110525640	LTR/ERVL-MaLR	11383	+	784	110524856	96335
chr3	110428521	110628521	harbor1	chr3	110525641	110526010	LTR/ERVL-MaLR	2322	+	184	110525825	97304
chr3	85683345	85883345	harbor1	chr3	85694195	85694559	LTR/ERVL-MaLR	1491	+	182	85694377	11032
chr3	85683345	85883345	harbor1	chr3	85778350	85778710	LTR/ERVL-MaLR	2066	+	180	85778530	95185
chr3	85683345	85883345	harbor1	chr3	85780804	85780956	LTR/ERVL-MaLR	578	+	76	85780880	97535
chr3	132010545	132210545	harbor1	chr3	132047044	132047527	LTR/ERVL-MaLR	1455	+	242	132047286	36741
chr3	132010545	132210545	harbor1	chr3	132055471	132055875	LTR/ERVL-MaLR	1500	+	202	132055673	45128
chr3	132010545	132210545	harbor1	chr3	132109149	132109497	LTR/ERVL-MaLR	2413	+	174	132109323	98778
chr3	44992868	45192868	harbor1	chr3	45023849	45024219	LTR/ERVL-MaLR	2474	+	185	45024034	31166
chr3	44992868	45192868	harbor1	chr3	45050337	45050761	LTR/ERVL-MaLR	2554	+	212	45050549	57681
chr3	44992868	45192868	harbor1	chr3	45076355	45076709	LTR/ERVL-MaLR	2460	+	177	45076532	83664
chr3	44992868	45192868	harbor1	chr3	45076710	45078291	LTR/ERVL-MaLR	12436	+	790	45077500	84632
chr3	44992868	45192868	harbor1	chr3	45078292	45078647	LTR/ERVL-MaLR	2428	+	178	45078470	85602
chr3	44992868	45192868	harbor1	chr3	45080778	45081099	LTR/ERVL-MaLR	1849	+	160	45080938	88070
chr3	44992868	45192868	harbor1	chr3	45081321	45081438	LTR/ERVL-MaLR	429	+	58	45081379	88511
chr3	44992868	45192868	harbor1	chr3	45081655	45081935	LTR/ERVL-MaLR	767	+	140	45081795	88927
chr3	44992868	45192868	harbor1	chr3	45084324	45084752	LTR/ERVL-MaLR	1662	+	214	45084538	91670
chr3	44992868	45192868	harbor1	chr3	45089280	45089738	LTR/ERVL-MaLR	760	+	229	45089509	96641
chr3	44992868	45192868	harbor1	chr3	45090653	45091060	LTR/ERVL-MaLR	1109	+	204	45090857	97989
chr3	118648676	118848676	harbor1	chr3	118654594	118654797	LTR/ERVL-MaLR	568	+	102	118654696	6020
chr3	118648676	118848676	harbor1	chr3	118660158	118660557	LTR/ERVL-MaLR	2395	+	200	118660358	11682
chr3	118648676	118848676	harbor1	chr3	118680698	118681023	LTR/ERVL-MaLR	1527	+	162	118680860	32184
chr3	118648676	118848676	harbor1	chr3	118681024	118681407	LTR/ERVL-MaLR	2011	+	192	118681216	32540
chr3	118648676	118848676	harbor1	chr3	118682025	118682046	LTR/ERVL-MaLR	2011	+	10	118682035	33359
chr3	118648676	118848676	harbor1	chr3	118685072	118685546	LTR/ERVL-MaLR	996	+	237	118685309	36633
chr3	118648676	118848676	harbor1	chr3	118691948	118692392	LTR/ERVL-MaLR	1859	+	222	118692170	43494
chr3	118648676	118848676	harbor1	chr3	118732572	118732845	LTR/ERVL-MaLR	570	+	136	118732708	84032
chr3	118648676	118848676	harbor1	chr3	118747920	118748424	LTR/ERVL-MaLR	434	+	252	118748172	99496
chr3	131740056	131940056	harbor1	chr3	131756745	131757097	LTR/ERVL-MaLR	2683	+	176	131756921	16865
chr3	131740056	131940056	harbor1	chr3	131757098	131758664	LTR/ERVL-MaLR	11880	+	783	131757881	17825
chr3	131740056	131940056	harbor1	chr3	131758666	131759019	LTR/ERVL-MaLR	2635	+	176	131758842	18786
chr3	131740056	131940056	harbor1	chr3	131771307	131771741	LTR/ERVL-MaLR	2432	+	217	131771524	31468
chr3	131740056	131940056	harbor1	chr3	131774080	131774495	LTR/ERVL-MaLR	851	+	208	131774288	34232
chr3	131740056	131940056	harbor1	chr3	131775425	131775790	LTR/ERVL-MaLR	2400	+	182	131775607	35551
chr3	131740056	131940056	harbor1	chr3	131804532	131804997	LTR/ERVL-MaLR	1296	+	232	131804764	64708
chr3	131740056	131940056	harbor1	chr3	131832434	131832890	LTR/ERVL-MaLR	2506	+	228	131832662	92606
chr3	131740056	131940056	harbor1	chr3	131832905	131833254	LTR/ERVL-MaLR	1904	+	174	131833079	93023
chr3	131740056	131940056	harbor1	chr3	131809053	131809505	LTR/ERVL-MaLR	1556	+	226	131809279	69223
chr3	87105672	87305672	harbor1	chr3	87105987	87106347	LTR/ERVL-MaLR	2080	+	180	87106167	495
chr3	87105672	87305672	harbor1	chr3	87106348	87107904	LTR/ERVL-MaLR	10994	+	778	87107126	1454
chr3	87105672	87305672	harbor1	chr3	87107905	87108265	LTR/ERVL-MaLR	2151	+	180	87108085	2413
chr3	87105672	87305672	harbor1	chr3	87135869	87136234	LTR/ERVL-MaLR	1202	+	182	87136051	30379
chr3	87105672	87305672	harbor1	chr3	87154686	87154960	LTR/ERVL-MaLR	695	+	137	87154823	49151
chr3	87105672	87305672	harbor1	chr3	87156886	87157214	LTR/ERVL-MaLR	901	+	164	87157050	51378
chr3	87105672	87305672	harbor1	chr3	87157992	87158068	LTR/ERVL-MaLR	434	+	38	87158030	52358
chr3	87105672	87305672	harbor1	chr3	87173809	87174186	LTR/ERVL-MaLR	1863	+	188	87173997	68325
chr3	87105672	87305672	harbor1	chr3	87194901	87195252	LTR/ERVL-MaLR	2009	+	176	87195077	89405
chr3	87105672	87305672	harbor1	chr3	87196751	87196976	LTR/ERVL-MaLR	1313	+	112	87196863	91191
chr3	87105672	87305672	harbor1	chr3	87195253	87196748	LTR/ERVL-MaLR	9307	+	748	87196001	90329
chr3	159046335	159246335	harbor1	chr3	159050934	159051288	LTR/ERVL-MaLR	2762	+	177	159051111	4776
chr3	159046335	159246335	harbor1	chr3	159051289	159052812	LTR/ERVL-MaLR	10996	+	762	159052051	5716
chr3	159046335	159246335	harbor1	chr3	159052813	159053167	LTR/ERVL-MaLR	2851	+	177	159052990	6655
chr3	159046335	159246335	harbor1	chr3	159058984	159059399	LTR/ERVL-MaLR	832	+	208	159059192	12857
chr3	159046335	159246335	harbor1	chr3	159065912	159066174	LTR/ERVL-MaLR	1261	+	131	159066043	19708
chr3	159046335	159246335	harbor1	chr3	159066175	159066538	LTR/ERVL-MaLR	1912	+	182	159066357	20022
chr3	159046335	159246335	harbor1	chr3	159107122	159107485	LTR/ERVL-MaLR	1540	+	182	159107304	60969
chr3	111229580	111429580	harbor1	chr3	111228803	111230387	LTR/ERVL-MaLR	8158	+	792	111229595	15
chr3	111229580	111429580	harbor1	chr3	111230388	111230782	LTR/ERVL-MaLR	2270	+	197	111230585	1005
chr3	111229580	111429580	harbor1	chr3	111236510	111236617	LTR/ERVL-MaLR	602	+	54	111236564	6984
chr3	111229580	111429580	harbor1	chr3	111267987	111268119	LTR/ERVL-MaLR	1090	+	66	111268053	38473
chr3	111229580	111429580	harbor1	chr3	111268120	111268535	LTR/ERVL-MaLR	2507	+	208	111268328	38748
chr3	111229580	111429580	harbor1	chr3	111268536	111268851	LTR/ERVL-MaLR	1090	+	158	111268694	39114
chr3	111229580	111429580	harbor1	chr3	111278468	111278975	LTR/ERVL-MaLR	1199	+	254	111278722	49142
chr3	111229580	111429580	harbor1	chr3	111320911	111321072	LTR/ERVL-MaLR	548	+	80	111320991	91411
chr3	111229580	111429580	harbor1	chr3	111325292	111325577	LTR/ERVL-MaLR	394	+	142	111325434	95854
chr3	67013546	67213546	harbor1	chr3	67049917	67050355	LTR/ERVL-MaLR	1863	+	219	67050136	36590
chr3	67013546	67213546	harbor1	chr3	67077883	67078278	LTR/ERVL-MaLR	2066	+	198	67078081	64535
chr3	67013546	67213546	harbor1	chr3	67090792	67090970	LTR/ERVL-MaLR	1081	+	89	67090881	77335
chr3	67013546	67213546	harbor1	chr3	67098639	67099019	LTR/ERVL-MaLR	1370	+	190	67098829	85283
chr3	67013546	67213546	harbor1	chr3	67102685	67103112	LTR/ERVL-MaLR	1820	+	214	67102899	89353
chr3	67013546	67213546	harbor1	chr3	67103113	67104665	LTR/ERVL-MaLR	8352	+	776	67103889	90343
chr3	67013546	67213546	harbor1	chr3	67104676	67105034	LTR/ERVL-MaLR	2065	+	179	67104855	91309
chr3	151032723	151232723	harbor1	chr3	151034406	151034821	LTR/ERVL-MaLR	887	+	208	151034614	1891
chr3	151032723	151232723	harbor1	chr3	151046532	151047156	LTR/ERVL-MaLR	1997	+	312	151046844	14121
chr3	151032723	151232723	harbor1	chr3	151047750	151047913	LTR/ERVL-MaLR	784	+	82	151047832	15109
chr3	151032723	151232723	harbor1	chr3	151064764	151064945	LTR/ERVL-MaLR	1732	+	90	151064854	32131
chr3	151032723	151232723	harbor1	chr3	151064996	151065159	LTR/ERVL-MaLR	1732	+	82	151065078	32355
chr3	151032723	151232723	harbor1	chr3	151095882	151096281	LTR/ERVL-MaLR	491	+	200	151096082	63359
chr3	155283974	155483974	harbor1	chr3	155337846	155337943	LTR/ERVL-MaLR	561	+	48	155337894	53920
chr3	155283974	155483974	harbor1	chr3	155337955	155338164	LTR/ERVL-MaLR	816	+	104	155338059	54085
chr3	155283974	155483974	harbor1	chr3	155358948	155359117	LTR/ERVL-MaLR	646	+	84	155359032	75058
chr3	155283974	155483974	harbor1	chr3	155380427	155380810	LTR/ERVL-MaLR	2509	+	192	155380619	96645
chr3	157799820	157999820	harbor1	chr3	157887502	157888047	LTR/ERVL-MaLR	890	+	272	157887774	87954
chr3	157799820	157999820	harbor1	chr3	157893524	157893909	LTR/ERVL-MaLR	1400	+	192	157893716	93896
chr3	56851451	57051451	harbor1	chr3	56857450	56857653	LTR/ERVL-MaLR	479	+	102	56857552	6101
chr3	56851451	57051451	harbor1	chr3	56865661	56865920	LTR/ERVL-MaLR	710	+	130	56865791	14340
chr3	56851451	57051451	harbor1	chr3	56924932	56925385	LTR/ERVL-MaLR	934	+	226	56925158	73707
chr3	56851451	57051451	harbor1	chr3	56933777	56934150	LTR/ERVL-MaLR	2214	+	186	56933963	82512
chr3	56851451	57051451	harbor1	chr3	56939848	56940059	LTR/ERVL-MaLR	491	+	106	56939954	88503
chr3	65939161	66139161	harbor1	chr3	65981572	65981932	LTR/ERVL-MaLR	2168	+	180	65981752	42591
chr3	148140118	148340118	harbor1	chr3	148169390	148170000	LTR/ERVL-MaLR	1813	+	305	148169695	29577
chr3	148140118	148340118	harbor1	chr3	148185719	148185824	LTR/ERVL-MaLR	444	+	52	148185771	45653
chr3	148140118	148340118	harbor1	chr3	148187350	148187714	LTR/ERVL-MaLR	869	+	182	148187532	47414
chr3	148140118	148340118	harbor1	chr3	148226192	148226653	LTR/ERVL-MaLR	1748	+	230	148226422	86304
chr3	78712788	78912788	harbor1	chr3	78759976	78760287	LTR/ERVL-MaLR	1707	+	156	78760132	47344
chr3	78712788	78912788	harbor1	chr3	78786495	78786866	LTR/ERVL-MaLR	2481	+	186	78786681	73893
chr3	138927722	139127722	harbor1	chr3	138963821	138964048	LTR/ERVL-MaLR	882	+	114	138963935	36213
chr3	138927722	139127722	harbor1	chr3	138992797	138993152	LTR/ERVL-MaLR	1525	+	178	138992975	65253
chr3	59089818	59289818	harbor1	chr3	59109699	59110100	LTR/ERVL-MaLR	2227	+	200	59109899	20081
chr3	59089818	59289818	harbor1	chr3	59110842	59111237	LTR/ERVL-MaLR	2128	+	198	59111040	21222
chr3	59089818	59289818	harbor1	chr3	59117443	59117813	LTR/ERVL-MaLR	1269	+	185	59117628	27810
chr3	59089818	59289818	harbor1	chr3	59162054	59162413	LTR/ERVL-MaLR	1340	+	180	59162234	72416
chr3	59089818	59289818	harbor1	chr3	59163492	59163594	LTR/ERVL-MaLR	989	+	51	59163543	73725
chr3	59089818	59289818	harbor1	chr3	59163899	59164140	LTR/ERVL-MaLR	989	+	120	59164019	74201
chr3	59089818	59289818	harbor1	chr3	59169868	59170039	LTR/ERVL-MaLR	1919	+	86	59169954	80136
chr3	59089818	59289818	harbor1	chr3	59170337	59170532	LTR/ERVL-MaLR	1919	+	98	59170435	80617
chr3	118501713	118701713	harbor1	chr3	118547444	118547780	LTR/ERVL-MaLR	761	+	168	118547612	45899
chr3	118501713	118701713	harbor1	chr3	118548028	118548197	LTR/ERVL-MaLR	761	+	84	118548112	46399
chr3	118501713	118701713	harbor1	chr3	118552751	118553143	LTR/ERVL-MaLR	761	+	196	118552947	51234
chr3	118501713	118701713	harbor1	chr3	118553444	118553605	LTR/ERVL-MaLR	761	+	80	118553524	51811
chr3	118501713	118701713	harbor1	chr3	118556343	118556803	LTR/ERVL-MaLR	1507	+	230	118556573	54860
chr3	118501713	118701713	harbor1	chr3	118588013	118588454	LTR/ERVL-MaLR	2016	+	220	118588233	86520
chr3	118501713	118701713	harbor1	chr3	118589076	118589516	LTR/ERVL-MaLR	1476	+	220	118589296	87583
chr3	118501713	118701713	harbor1	chr3	118596994	118597482	LTR/ERVL-MaLR	940	+	244	118597238	95525
chr3	116679548	116879548	harbor1	chr3	116679198	116680449	LTR/ERVL-MaLR	4444	+	626	116679824	276
chr3	116679548	116879548	harbor1	chr3	116680450	116680857	LTR/ERVL-MaLR	2077	+	204	116680654	1106
chr3	116679548	116879548	harbor1	chr3	116696982	116697237	LTR/ERVL-MaLR	1735	+	128	116697110	17562
chr3	116679548	116879548	harbor1	chr3	116697981	116698180	LTR/ERVL-MaLR	1735	+	100	116698081	18533
chr3	116679548	116879548	harbor1	chr3	116734251	116734625	LTR/ERVL-MaLR	2144	+	187	116734438	54890
chr3	116679548	116879548	harbor1	chr3	116736111	116736483	LTR/ERVL-MaLR	2652	+	186	116736297	56749
chr3	116679548	116879548	harbor1	chr3	116755372	116755550	LTR/ERVL-MaLR	575	+	89	116755461	75913
chr3	116679548	116879548	harbor1	chr3	116755557	116755775	LTR/ERVL-MaLR	809	+	109	116755666	76118
chr3	116679548	116879548	harbor1	chr3	116734628	116736108	LTR/ERVL-MaLR	9584	+	740	116735368	55820
chr3	68289947	68489947	harbor1	chr3	68298514	68298884	LTR/ERVL-MaLR	2368	+	185	68298699	8752
chr3	68289947	68489947	harbor1	chr3	68298887	68300632	LTR/ERVL-MaLR	9397	+	872	68299759	9812
chr3	68289947	68489947	harbor1	chr3	68300636	68301000	LTR/ERVL-MaLR	2268	+	182	68300818	10871
chr3	68289947	68489947	harbor1	chr3	68326920	68327279	LTR/ERVL-MaLR	2496	+	180	68327100	37153
chr3	68289947	68489947	harbor1	chr3	68359277	68359768	LTR/ERVL-MaLR	1803	+	246	68359523	69576
chr3	68289947	68489947	harbor1	chr3	68376773	68377136	LTR/ERVL-MaLR	2222	+	182	68376955	87008
chr3	68289947	68489947	harbor1	chr3	68377139	68378652	LTR/ERVL-MaLR	8942	+	756	68377895	87948
chr3	68289947	68489947	harbor1	chr3	68378655	68379022	LTR/ERVL-MaLR	2006	+	184	68378839	88892
chr3	45188929	45388929	harbor1	chr3	45220694	45221002	LTR/ERVL-MaLR	517	+	154	45220848	31919
chr3	45188929	45388929	harbor1	chr3	45221298	45221379	LTR/ERVL-MaLR	517	+	40	45221338	32409
chr3	45188929	45388929	harbor1	chr3	45236959	45237360	LTR/ERVL-MaLR	900	+	200	45237159	48230
chr3	45188929	45388929	harbor1	chr3	45237361	45237686	LTR/ERVL-MaLR	1718	+	162	45237523	48594
chr3	45188929	45388929	harbor1	chr3	45237990	45238030	LTR/ERVL-MaLR	1718	+	20	45238010	49081
chr3	45188929	45388929	harbor1	chr3	45238031	45238212	LTR/ERVL-MaLR	900	+	90	45238121	49192
chr3	45188929	45388929	harbor1	chr3	45247602	45248014	LTR/ERVL-MaLR	2380	+	206	45247808	58879
chr3	45188929	45388929	harbor1	chr3	45249983	45250223	LTR/ERVL-MaLR	620	+	120	45250103	61174
chr3	45188929	45388929	harbor1	chr3	45253107	45253603	LTR/ERVL-MaLR	913	+	248	45253355	64426
chr3	45188929	45388929	harbor1	chr3	45254700	45255274	LTR/ERVL-MaLR	2246	+	287	45254987	66058
chr3	45188929	45388929	harbor1	chr3	45259998	45260417	LTR/ERVL-MaLR	2152	+	210	45260208	71279
chr3	45188929	45388929	harbor1	chr3	45264020	45264373	LTR/ERVL-MaLR	576	+	176	45264196	75267
chr3	45188929	45388929	harbor1	chr3	45265359	45265569	LTR/ERVL-MaLR	518	+	105	45265464	76535
chr3	45188929	45388929	harbor1	chr3	45265655	45265779	LTR/ERVL-MaLR	391	+	62	45265717	76788
chr3	45188929	45388929	harbor1	chr3	45287466	45287811	LTR/ERVL-MaLR	2361	+	172	45287638	98709
chr3	45188929	45388929	harbor1	chr3	45235856	45236268	LTR/ERVL-MaLR	2726	+	206	45236062	47133
chr3	55435452	55635452	harbor1	chr3	55447920	55448151	LTR/ERVL-MaLR	1561	+	116	55448036	12584
chr3	55435452	55635452	harbor1	chr3	55448429	55448577	LTR/ERVL-MaLR	1561	+	74	55448503	13051
chr3	55435452	55635452	harbor1	chr3	55459266	55459465	LTR/ERVL-MaLR	764	+	100	55459366	23914
chr3	55435452	55635452	harbor1	chr3	55459542	55459772	LTR/ERVL-MaLR	523	+	115	55459657	24205
chr3	55435452	55635452	harbor1	chr3	55498571	55499005	LTR/ERVL-MaLR	602	+	217	55498788	63336
chr3	55435452	55635452	harbor1	chr3	55514461	55514931	LTR/ERVL-MaLR	1582	+	235	55514696	79244
chr3	55435452	55635452	harbor1	chr3	55525885	55526341	LTR/ERVL-MaLR	2279	+	228	55526113	90661
chr3	106788919	106988919	harbor1	chr3	106844359	106844733	LTR/ERVL-MaLR	1021	+	187	106844546	55627
chr3	106788919	106988919	harbor1	chr3	106845503	106845963	LTR/ERVL-MaLR	1725	+	230	106845733	56814
chr3	106788919	106988919	harbor1	chr3	106865063	106865356	LTR/ERVL-MaLR	1049	+	146	106865209	76290
chr3	191800883	192000883	harbor1	chr3	191816358	191816710	LTR/ERVL-MaLR	1022	+	176	191816534	15651
chr3	191800883	192000883	harbor1	chr3	191871806	191872217	LTR/ERVL-MaLR	1290	+	206	191872012	71129
chr3	164200804	164400804	harbor1	chr3	164202097	164202290	LTR/ERVL-MaLR	1655	+	96	164202193	1389
chr3	164200804	164400804	harbor1	chr3	164202340	164203519	LTR/ERVL-MaLR	1655	+	590	164202930	2126
chr3	164200804	164400804	harbor1	chr3	164224079	164224590	LTR/ERVL-MaLR	1328	+	256	164224335	23531
chr3	164200804	164400804	harbor1	chr3	164230615	164231092	LTR/ERVL-MaLR	1186	+	238	164230853	30049
chr3	164200804	164400804	harbor1	chr3	164250009	164250421	LTR/ERVL-MaLR	1580	+	206	164250215	49411
chr3	164200804	164400804	harbor1	chr3	164270837	164271290	LTR/ERVL-MaLR	1716	+	226	164271063	70259
chr3	164200804	164400804	harbor1	chr3	164271300	164271694	LTR/ERVL-MaLR	1409	+	197	164271497	70693
chr3	164200804	164400804	harbor1	chr3	164296673	164296816	LTR/ERVL-MaLR	813	+	72	164296745	95941
chr3	32837966	33037966	harbor1	chr3	32928753	32928900	LTR/ERVL-MaLR	1850	+	74	32928827	90861
chr3	32837966	33037966	harbor1	chr3	32929208	32929330	LTR/ERVL-MaLR	1850	+	61	32929269	91303
chr3	32837966	33037966	harbor1	chr3	32929648	32929719	LTR/ERVL-MaLR	1850	+	36	32929684	91718
chr3	32837966	33037966	harbor1	chr3	32929720	32931292	LTR/ERVL-MaLR	11789	+	786	32930506	92540
chr3	32837966	33037966	harbor1	chr3	32931293	32931628	LTR/ERVL-MaLR	2059	+	168	32931461	93495
chr3	32837966	33037966	harbor1	chr3	32935889	32936288	LTR/ERVL-MaLR	1573	+	200	32936089	98123
chr3	61193592	61393592	harbor1	chr3	61229084	61229516	LTR/ERVL-MaLR	1331	+	216	61229300	35708
chr3	61193592	61393592	harbor1	chr3	61230153	61230574	LTR/ERVL-MaLR	2617	+	210	61230363	36771
chr3	61193592	61393592	harbor1	chr3	61265472	61265868	LTR/ERVL-MaLR	603	+	198	61265670	72078
chr3	61193592	61393592	harbor1	chr3	61268691	61269046	LTR/ERVL-MaLR	1502	+	178	61268869	75277
chr3	61193592	61393592	harbor1	chr3	61269373	61269852	LTR/ERVL-MaLR	1280	+	240	61269613	76021
chr3	61193592	61393592	harbor1	chr3	61278782	61279211	LTR/ERVL-MaLR	1893	+	214	61278996	85404
chr3	61193592	61393592	harbor1	chr3	61280345	61280492	LTR/ERVL-MaLR	2093	+	74	61280419	86827
chr3	61193592	61393592	harbor1	chr3	61281111	61281410	LTR/ERVL-MaLR	2093	+	150	61281261	87669
chr3	61193592	61393592	harbor1	chr3	61281636	61281664	LTR/ERVL-MaLR	2093	+	14	61281650	88058
chr3	61193592	61393592	harbor1	chr3	61285377	61285759	LTR/ERVL-MaLR	1608	+	191	61285568	91976
chr3	61193592	61393592	harbor1	chr3	61287876	61288362	LTR/ERVL-MaLR	1016	+	243	61288119	94527
chr3	153769427	153969427	harbor1	chr3	153793567	153793948	LTR/ERVL-MaLR	2172	+	190	153793757	24330
chr3	153769427	153969427	harbor1	chr3	153806053	153806504	LTR/ERVL-MaLR	1445	+	226	153806279	36852
chr3	153769427	153969427	harbor1	chr3	153816129	153816573	LTR/ERVL-MaLR	2482	+	222	153816351	46924
chr3	153769427	153969427	harbor1	chr3	153833734	153834171	LTR/ERVL-MaLR	2422	+	218	153833952	64525
chr3	153769427	153969427	harbor1	chr3	153840327	153840681	LTR/ERVL-MaLR	1565	+	177	153840504	71077
chr3	153769427	153969427	harbor1	chr3	153840682	153841094	LTR/ERVL-MaLR	579	+	206	153840888	71461
chr3	153769427	153969427	harbor1	chr3	153854854	153855052	LTR/ERVL-MaLR	754	+	99	153854953	85526
chr3	153769427	153969427	harbor1	chr3	153856540	153856900	LTR/ERVL-MaLR	1780	+	180	153856720	87293
chr3	153769427	153969427	harbor1	chr3	153857814	153858187	LTR/ERVL-MaLR	1680	+	186	153858000	88573
chr3	175930496	176130496	harbor1	chr3	175935032	175935432	LTR/ERVL-MaLR	2424	+	200	175935232	4736
chr3	175930496	176130496	harbor1	chr3	175935433	175937005	LTR/ERVL-MaLR	9132	+	786	175936219	5723
chr3	175930496	176130496	harbor1	chr3	175937006	175937192	LTR/ERVL-MaLR	2224	+	93	175937099	6603
chr3	175930496	176130496	harbor1	chr3	175938679	175938899	LTR/ERVL-MaLR	2224	+	110	175938789	8293
chr3	175930496	176130496	harbor1	chr3	175953266	175953637	LTR/ERVL-MaLR	1543	+	186	175953452	22956
chr3	175930496	176130496	harbor1	chr3	175954819	175955256	LTR/ERVL-MaLR	1310	+	218	175955037	24541
chr3	175930496	176130496	harbor1	chr3	175960451	175960803	LTR/ERVL-MaLR	882	+	176	175960627	30131
chr3	175930496	176130496	harbor1	chr3	175970340	175970709	LTR/ERVL-MaLR	958	+	184	175970524	40028
chr3	175930496	176130496	harbor1	chr3	175993455	175993775	LTR/ERVL-MaLR	1730	+	160	175993615	63119
chr3	175930496	176130496	harbor1	chr3	175993776	175994025	LTR/ERVL-MaLR	1143	+	124	175993900	63404
chr3	175930496	176130496	harbor1	chr3	175999273	175999427	LTR/ERVL-MaLR	610	+	77	175999350	68854
chr3	184393792	184593792	harbor1	chr3	184421385	184421560	LTR/ERVL-MaLR	816	+	88	184421473	27681
chr3	184393792	184593792	harbor1	chr3	184437613	184438037	LTR/ERVL-MaLR	2858	+	212	184437825	44033
chr3	180562876	180762876	harbor1	chr3	180627810	180628215	LTR/ERVL-MaLR	2255	+	202	180628012	65136
chr3	180562876	180762876	harbor1	chr3	180628507	180628578	LTR/ERVL-MaLR	2255	+	36	180628543	65667
chr3	104833518	105033518	harbor1	chr3	104847075	104847444	LTR/ERVL-MaLR	1908	+	184	104847259	13741
chr3	104833518	105033518	harbor1	chr3	104847445	104848998	LTR/ERVL-MaLR	11150	+	776	104848221	14703
chr3	104833518	105033518	harbor1	chr3	104848999	104849364	LTR/ERVL-MaLR	2081	+	182	104849181	15663
chr3	104833518	105033518	harbor1	chr3	104855078	104855529	LTR/ERVL-MaLR	1157	+	226	104855304	21786
chr3	104833518	105033518	harbor1	chr3	104870078	104870236	LTR/ERVL-MaLR	389	+	79	104870157	36639
chr3	104833518	105033518	harbor1	chr3	104870356	104870678	LTR/ERVL-MaLR	529	+	161	104870517	36999
chr3	104833518	105033518	harbor1	chr3	104870738	104871192	LTR/ERVL-MaLR	839	+	227	104870965	37447
chr3	104833518	105033518	harbor1	chr3	104877331	104877748	LTR/ERVL-MaLR	2424	+	208	104877539	44021
chr3	104833518	105033518	harbor1	chr3	104878481	104878698	LTR/ERVL-MaLR	434	+	108	104878589	45071
chr3	104833518	105033518	harbor1	chr3	104886564	104887004	LTR/ERVL-MaLR	1991	+	220	104886784	53266
chr3	104833518	105033518	harbor1	chr3	104891826	104892220	LTR/ERVL-MaLR	2087	+	197	104892023	58505
chr3	104833518	105033518	harbor1	chr3	104919536	104919635	LTR/ERVL-MaLR	430	+	50	104919586	86068
chr3	104833518	105033518	harbor1	chr3	104922224	104922594	LTR/ERVL-MaLR	1786	+	185	104922409	88891
chr3	175637784	175837784	harbor1	chr3	175637392	175637814	LTR/ERVL-MaLR	2090	+	211	175637603	181
chr3	175637784	175837784	harbor1	chr3	175687635	175688041	LTR/ERVL-MaLR	2174	+	203	175687838	50054
chr3	175637784	175837784	harbor1	chr3	175712648	175712836	LTR/ERVL-MaLR	871	+	94	175712742	74958
chr3	71340676	71540676	harbor1	chr3	71350871	71351314	LTR/ERVL-MaLR	518	+	222	71351093	10417
chr3	71340676	71540676	harbor1	chr3	71363696	71364014	LTR/ERVL-MaLR	1139	+	159	71363855	23179
chr3	71340676	71540676	harbor1	chr3	71382394	71382699	LTR/ERVL-MaLR	444	+	152	71382546	41870
chr3	185276513	185476513	harbor1	chr3	185279723	185279948	LTR/ERVL-MaLR	436	+	112	185279835	3322
chr3	185276513	185476513	harbor1	chr3	185340597	185340972	LTR/ERVL-MaLR	2450	+	188	185340785	64272
chr3	185276513	185476513	harbor1	chr3	185341102	185341539	LTR/ERVL-MaLR	1703	+	218	185341320	64807
chr3	185276513	185476513	harbor1	chr3	185341579	185341744	LTR/ERVL-MaLR	2069	+	82	185341661	65148
chr3	185276513	185476513	harbor1	chr3	185341955	185342322	LTR/ERVL-MaLR	2069	+	184	185342139	65626
chr3	194789738	194989738	harbor1	chr3	194800531	194801098	LTR/ERVL-MaLR	950	+	284	194800815	11077
chr3	194789738	194989738	harbor1	chr3	194833481	194833784	LTR/ERVL-MaLR	1073	+	152	194833633	43895
chr3	107446626	107646626	harbor1	chr3	107447403	107447849	LTR/ERVL-MaLR	1757	+	223	107447626	1000
chr3	107446626	107646626	harbor1	chr3	107451634	107451764	LTR/ERVL-MaLR	1541	+	65	107451699	5073
chr3	107446626	107646626	harbor1	chr3	107452073	107452300	LTR/ERVL-MaLR	1541	+	114	107452187	5561
chr3	107446626	107646626	harbor1	chr3	107455538	107455611	LTR/ERVL-MaLR	422	+	36	107455574	8948
chr3	107446626	107646626	harbor1	chr3	107504525	107504751	LTR/ERVL-MaLR	402	+	113	107504638	58012
chr3	107446626	107646626	harbor1	chr3	107504865	107505177	LTR/ERVL-MaLR	579	+	156	107505021	58395
chr3	140425080	140625080	harbor1	chr3	140473314	140473745	LTR/ERVL-MaLR	2488	+	216	140473530	48450
chr3	140425080	140625080	harbor1	chr3	140474074	140474140	LTR/ERVL-MaLR	2488	+	33	140474107	49027
chr3	167770839	167970839	harbor1	chr3	167777770	167778148	LTR/ERVL-MaLR	1761	+	189	167777959	7120
chr3	167770839	167970839	harbor1	chr3	167840320	167840715	LTR/ERVL-MaLR	829	+	198	167840518	69679
chr3	167770839	167970839	harbor1	chr3	167842727	167843155	LTR/ERVL-MaLR	1924	+	214	167842941	72102
chr3	167770839	167970839	harbor1	chr3	167845519	167845862	LTR/ERVL-MaLR	1597	+	172	167845691	74852
chr3	191384361	191584361	harbor1	chr3	191425336	191425687	LTR/ERVL-MaLR	2248	+	176	191425512	41151
chr3	191384361	191584361	harbor1	chr3	191454883	191455078	LTR/ERVL-MaLR	524	+	98	191454981	70620
chr3	191384361	191584361	harbor1	chr3	191482076	191482420	LTR/ERVL-MaLR	1965	+	172	191482248	97887
chr3	191384361	191584361	harbor1	chr3	191482421	191483996	LTR/ERVL-MaLR	11841	+	788	191483209	98848
chr3	191384361	191584361	harbor1	chr3	191483997	191484348	LTR/ERVL-MaLR	2333	+	176	191484173	99812
chr3	43722216	43922216	harbor1	chr3	43740898	43741068	LTR/ERVL-MaLR	475	+	85	43740983	18767
chr3	43722216	43922216	harbor1	chr3	43745810	43746102	LTR/ERVL-MaLR	1780	+	146	43745956	23740
chr3	43722216	43922216	harbor1	chr3	43746643	43746829	LTR/ERVL-MaLR	1780	+	93	43746736	24520
chr3	43722216	43922216	harbor1	chr3	43749928	43750078	LTR/ERVL-MaLR	855	+	75	43750003	27787
chr3	43722216	43922216	harbor1	chr3	43750388	43750561	LTR/ERVL-MaLR	855	+	86	43750474	28258
chr3	43722216	43922216	harbor1	chr3	43751716	43751880	LTR/ERVL-MaLR	724	+	82	43751798	29582
chr3	43722216	43922216	harbor1	chr3	43778336	43778420	LTR/ERVL-MaLR	1386	+	42	43778378	56162
chr3	43722216	43922216	harbor1	chr3	43778725	43779173	LTR/ERVL-MaLR	1386	+	224	43778949	56733
chr3	43722216	43922216	harbor1	chr3	43779409	43779798	LTR/ERVL-MaLR	1997	+	194	43779603	57387
chr3	43722216	43922216	harbor1	chr3	43780167	43780555	LTR/ERVL-MaLR	775	+	194	43780361	58145
chr3	43722216	43922216	harbor1	chr3	43781100	43781203	LTR/ERVL-MaLR	465	+	52	43781152	58936
chr3	43722216	43922216	harbor1	chr3	43784665	43785112	LTR/ERVL-MaLR	1236	+	224	43784889	62673
chr3	43722216	43922216	harbor1	chr3	43796581	43796922	LTR/ERVL-MaLR	1331	+	170	43796751	74535
chr3	41915219	42115219	harbor1	chr3	41951671	41952019	LTR/ERVL-MaLR	1839	+	174	41951845	36626
chr3	41915219	42115219	harbor1	chr3	41983848	41983988	LTR/ERVL-MaLR	836	+	70	41983918	68699
chr3	1956276	2156276	harbor1	chr3	1960910	1961416	LTR/ERVL-MaLR	845	+	253	1961163	4887
chr3	1956276	2156276	harbor1	chr3	2019467	2019884	LTR/ERVL-MaLR	2121	+	208	2019675	63399
chr3	1956276	2156276	harbor1	chr3	2037708	2037790	LTR/ERVL-MaLR	392	+	41	2037749	81473
chr3	1956276	2156276	harbor1	chr3	2044558	2044730	LTR/ERVL-MaLR	1382	+	86	2044644	88368
chr3	1956276	2156276	harbor1	chr3	2044820	2045013	LTR/ERVL-MaLR	1382	+	96	2044916	88640
chr3	1956276	2156276	harbor1	chr3	2053872	2054251	LTR/ERVL-MaLR	1769	+	190	2054062	97786
chr3	64601660	64801660	harbor1	chr3	64623118	64623633	LTR/ERVL-MaLR	2060	+	258	64623376	21716
chr3	56633660	56833660	harbor1	chr3	56689327	56689626	LTR/ERVL-MaLR	1200	+	150	56689477	55817
chr3	56633660	56833660	harbor1	chr3	56699183	56699561	LTR/ERVL-MaLR	1925	+	189	56699372	65712
chr3	56633660	56833660	harbor1	chr3	56721414	56721809	LTR/ERVL-MaLR	2361	+	198	56721612	87952
chr3	39331501	39531501	harbor1	chr3	39344989	39345467	LTR/ERVL-MaLR	2082	+	239	39345228	13727
chr3	39331501	39531501	harbor1	chr3	39421775	39422013	LTR/ERVL-MaLR	535	+	119	39421894	90393
chr3	39331501	39531501	harbor1	chr3	39423587	39424118	LTR/ERVL-MaLR	2009	+	266	39423853	92352
chr3	115276941	115476941	harbor1	chr3	115282608	115282999	LTR/ERVL-MaLR	540	+	196	115282804	5863
chr3	115276941	115476941	harbor1	chr3	115291653	115292069	LTR/ERVL-MaLR	1333	+	208	115291861	14920
chr3	115276941	115476941	harbor1	chr3	115295683	115296177	LTR/ERVL-MaLR	1558	+	247	115295930	18989
chr3	115276941	115476941	harbor1	chr3	115306964	115307388	LTR/ERVL-MaLR	1439	+	212	115307176	30235
chr3	115276941	115476941	harbor1	chr3	115338168	115338618	LTR/ERVL-MaLR	2262	+	225	115338393	61452
chr3	115276941	115476941	harbor1	chr3	115349439	115349870	LTR/ERVL-MaLR	2115	+	216	115349655	72714
chr3	115276941	115476941	harbor1	chr3	115370402	115370779	LTR/ERVL-MaLR	2316	+	188	115370590	93649
chr3	115276941	115476941	harbor1	chr3	115374989	115375429	LTR/ERVL-MaLR	1568	+	220	115375209	98268
chr3	115276941	115476941	harbor1	chr3	115343068	115343387	LTR/ERVL-MaLR	1201	+	160	115343228	66287
chr3	120079912	120279912	harbor1	chr3	120104300	120104644	LTR/ERVL-MaLR	2379	+	172	120104472	24560
chr3	120079912	120279912	harbor1	chr3	120153858	120153993	LTR/ERVL-MaLR	2005	+	68	120153926	74014
chr3	120079912	120279912	harbor1	chr3	120156305	120156402	LTR/ERVL-MaLR	2005	+	48	120156353	76441
chr3	120079912	120279912	harbor1	chr3	120156698	120156893	LTR/ERVL-MaLR	2005	+	98	120156796	76884
chr3	120079912	120279912	harbor1	chr3	120158195	120158569	LTR/ERVL-MaLR	1508	+	187	120158382	78470
chr3	120079912	120279912	harbor1	chr3	120175420	120175949	LTR/ERVL-MaLR	2692	+	264	120175684	95772
chr3	148245382	148445382	harbor1	chr3	148249259	148249390	LTR/ERVL-MaLR	731	+	66	148249325	3943
chr3	148245382	148445382	harbor1	chr3	148257319	148257692	LTR/ERVL-MaLR	2008	+	186	148257505	12123
chr3	148245382	148445382	harbor1	chr3	148259247	148259631	LTR/ERVL-MaLR	2140	+	192	148259439	14057
chr3	148245382	148445382	harbor1	chr3	148260309	148260439	LTR/ERVL-MaLR	704	+	65	148260374	14992
chr3	148245382	148445382	harbor1	chr3	148270494	148270880	LTR/ERVL-MaLR	1375	+	193	148270687	25305
chr3	148245382	148445382	harbor1	chr3	148293569	148294099	LTR/ERVL-MaLR	540	+	265	148293834	48452
chr3	148245382	148445382	harbor1	chr3	148295437	148295810	LTR/ERVL-MaLR	2236	+	186	148295623	50241
chr3	148245382	148445382	harbor1	chr3	148341062	148341605	LTR/ERVL-MaLR	656	+	272	148341334	95952
chr3	148245382	148445382	harbor1	chr3	148342837	148343245	LTR/ERVL-MaLR	2189	+	204	148343041	97659
chr3	148245382	148445382	harbor1	chr3	148257695	148259246	LTR/ERVL-MaLR	10003	+	776	148258471	13089
chr3	143883951	144083951	harbor1	chr3	143889797	143890220	LTR/ERVL-MaLR	492	+	212	143890009	6058
chr3	143883951	144083951	harbor1	chr3	143898489	143898648	LTR/ERVL-MaLR	1317	+	80	143898569	14618
chr3	143883951	144083951	harbor1	chr3	143898895	143899067	LTR/ERVL-MaLR	1317	+	86	143898981	15030
chr3	143883951	144083951	harbor1	chr3	143927482	143927858	LTR/ERVL-MaLR	1187	+	188	143927670	43719
chr3	143883951	144083951	harbor1	chr3	143955997	143956257	LTR/ERVL-MaLR	961	+	130	143956127	72176
chr3	143883951	144083951	harbor1	chr3	143967338	143967673	LTR/ERVL-MaLR	1301	+	168	143967506	83555
chr3	125456918	125656918	harbor1	chr3	125513058	125513410	LTR/ERVL-MaLR	2196	+	176	125513234	56316
chr3	125456918	125656918	harbor1	chr3	125527825	125528165	LTR/ERVL-MaLR	2278	+	170	125527995	71077
chr3	56417541	56617541	harbor1	chr3	56427489	56427854	LTR/ERVL-MaLR	1300	+	182	56427671	10130
chr3	56417541	56617541	harbor1	chr3	56431424	56431617	LTR/ERVL-MaLR	394	+	96	56431520	13979
chr3	56417541	56617541	harbor1	chr3	56436439	56436863	LTR/ERVL-MaLR	850	+	212	56436651	19110
chr3	56417541	56617541	harbor1	chr3	56437044	56437374	LTR/ERVL-MaLR	421	+	165	56437209	19668
chr3	56417541	56617541	harbor1	chr3	56440946	56441462	LTR/ERVL-MaLR	764	+	258	56441204	23663
chr3	56417541	56617541	harbor1	chr3	56453167	56453462	LTR/ERVL-MaLR	712	+	148	56453315	35774
chr3	56417541	56617541	harbor1	chr3	56490079	56490432	LTR/ERVL-MaLR	1394	+	176	56490255	72714
chr3	56417541	56617541	harbor1	chr3	56490711	56490778	LTR/ERVL-MaLR	915	+	34	56490745	73204
chr3	56417541	56617541	harbor1	chr3	56499324	56499672	LTR/ERVL-MaLR	1420	+	174	56499498	81957
chr3	56417541	56617541	harbor1	chr3	56516087	56516438	LTR/ERVL-MaLR	2019	+	176	56516263	98722
chr3	56417541	56617541	harbor1	chr3	56491946	56492304	LTR/ERVL-MaLR	2219	+	179	56492125	74584
chr3	31198167	31398167	harbor1	chr3	31208030	31208393	LTR/ERVL-MaLR	2713	+	182	31208212	10045
chr3	31198167	31398167	harbor1	chr3	31212457	31212621	LTR/ERVL-MaLR	583	+	82	31212539	14372
chr3	31198167	31398167	harbor1	chr3	31212915	31213084	LTR/ERVL-MaLR	583	+	84	31212999	14832
chr3	31198167	31398167	harbor1	chr3	31216753	31217305	LTR/ERVL-MaLR	1558	+	276	31217029	18862
chr3	31198167	31398167	harbor1	chr3	31243116	31243313	LTR/ERVL-MaLR	567	+	98	31243214	45047
chr3	31198167	31398167	harbor1	chr3	31248889	31249326	LTR/ERVL-MaLR	1320	+	218	31249107	50940
chr3	31198167	31398167	harbor1	chr3	31284412	31284770	LTR/ERVL-MaLR	1545	+	179	31284591	86424
chr3	36289477	36489477	harbor1	chr3	36310455	36310830	LTR/ERVL-MaLR	1400	+	188	36310643	21166
chr3	36289477	36489477	harbor1	chr3	36311466	36311548	LTR/ERVL-MaLR	1250	+	41	36311507	22030
chr3	36289477	36489477	harbor1	chr3	36311955	36312253	LTR/ERVL-MaLR	1250	+	149	36312104	22627
chr3	36289477	36489477	harbor1	chr3	36333120	36333320	LTR/ERVL-MaLR	464	+	100	36333220	43743
chr3	36289477	36489477	harbor1	chr3	36344402	36344815	LTR/ERVL-MaLR	2297	+	206	36344608	55131
chr3	71599523	71799523	harbor1	chr3	71619099	71619652	LTR/ERVL-MaLR	934	+	276	71619375	19852
chr3	71599523	71799523	harbor1	chr3	71622720	71623156	LTR/ERVL-MaLR	1756	+	218	71622938	23415
chr3	71599523	71799523	harbor1	chr3	71639305	71639656	LTR/ERVL-MaLR	1045	+	176	71639481	39958
chr3	71599523	71799523	harbor1	chr3	71639964	71640034	LTR/ERVL-MaLR	1045	+	35	71639999	40476
chr3	71599523	71799523	harbor1	chr3	71641120	71641222	LTR/ERVL-MaLR	460	+	51	71641171	41648
chr3	71599523	71799523	harbor1	chr3	71643256	71643796	LTR/ERVL-MaLR	823	+	270	71643526	44003
chr3	71599523	71799523	harbor1	chr3	71664427	71664576	LTR/ERVL-MaLR	455	+	74	71664501	64978
chr3	71599523	71799523	harbor1	chr3	71698429	71698924	LTR/ERVL-MaLR	1039	+	248	71698677	99154
chr3	86915125	87115125	harbor1	chr3	86916615	86917005	LTR/ERVL-MaLR	1942	+	195	86916810	1685
chr3	86915125	87115125	harbor1	chr3	86939243	86939349	LTR/ERVL-MaLR	1332	+	53	86939296	24171
chr3	86915125	87115125	harbor1	chr3	86939669	86940029	LTR/ERVL-MaLR	1332	+	180	86939849	24724
chr3	86915125	87115125	harbor1	chr3	86964482	86964843	LTR/ERVL-MaLR	1707	+	180	86964662	49537
chr3	86915125	87115125	harbor1	chr3	86992392	86992740	LTR/ERVL-MaLR	1176	+	174	86992566	77441
chr3	86915125	87115125	harbor1	chr3	86993042	86993104	LTR/ERVL-MaLR	1176	+	31	86993073	77948
chr3	86915125	87115125	harbor1	chr3	86996471	86996974	LTR/ERVL-MaLR	1612	+	252	86996723	81598
chr3	86915125	87115125	harbor1	chr3	87007642	87008014	LTR/ERVL-MaLR	1810	+	186	87007828	92703
chr3	116153669	116353669	harbor1	chr3	116213195	116213548	LTR/ERVL-MaLR	2169	+	176	116213371	59702
chr3	116153669	116353669	harbor1	chr3	116225108	116225516	LTR/ERVL-MaLR	1086	+	204	116225312	71643
chr3	116153669	116353669	harbor1	chr3	116245003	116245369	LTR/ERVL-MaLR	2050	+	183	116245186	91517
chr3	81830726	82030726	harbor1	chr3	81832335	81832491	LTR/ERVL-MaLR	1330	+	78	81832413	1687
chr3	81830726	82030726	harbor1	chr3	81832798	81832931	LTR/ERVL-MaLR	1330	+	66	81832864	2138
chr3	81830726	82030726	harbor1	chr3	81833355	81833429	LTR/ERVL-MaLR	440	+	37	81833392	2666
chr3	81830726	82030726	harbor1	chr3	81838235	81838928	LTR/ERVL-MaLR	1279	+	346	81838581	7855
chr3	81830726	82030726	harbor1	chr3	81842502	81842899	LTR/ERVL-MaLR	620	+	198	81842700	11974
chr3	81830726	82030726	harbor1	chr3	81855338	81855666	LTR/ERVL-MaLR	2404	+	164	81855502	24776
chr3	81830726	82030726	harbor1	chr3	81855965	81856015	LTR/ERVL-MaLR	2404	+	25	81855990	25264
chr3	81830726	82030726	harbor1	chr3	81875925	81876087	LTR/ERVL-MaLR	2638	+	81	81876006	45280
chr3	81830726	82030726	harbor1	chr3	81876395	81876705	LTR/ERVL-MaLR	2638	+	155	81876550	45824
chr3	81830726	82030726	harbor1	chr3	81907144	81907495	LTR/ERVL-MaLR	2221	+	176	81907320	76594
chr3	81830726	82030726	harbor1	chr3	81921644	81922015	LTR/ERVL-MaLR	458	+	186	81921830	91104
chr3	2208237	2408237	harbor1	chr3	2209737	2210019	LTR/ERVL-MaLR	477	+	141	2209878	1641
chr3	26127294	26327294	harbor1	chr3	26137782	26138154	LTR/ERVL-MaLR	1956	+	186	26137968	10674
chr3	26127294	26327294	harbor1	chr3	26140135	26140489	LTR/ERVL-MaLR	2269	+	177	26140312	13018
chr3	26127294	26327294	harbor1	chr3	26140519	26140881	LTR/ERVL-MaLR	1640	+	181	26140700	13406
chr3	26127294	26327294	harbor1	chr3	26142584	26142697	LTR/ERVL-MaLR	422	+	56	26142640	15346
chr3	26127294	26327294	harbor1	chr3	26143745	26144161	LTR/ERVL-MaLR	1204	+	208	26143953	16659
chr3	26127294	26327294	harbor1	chr3	26146757	26147136	LTR/ERVL-MaLR	2388	+	190	26146947	19653
chr3	26127294	26327294	harbor1	chr3	26172090	26172454	LTR/ERVL-MaLR	2143	+	182	26172272	44978
chr3	26127294	26327294	harbor1	chr3	26194681	26195106	LTR/ERVL-MaLR	2119	+	212	26194893	67599
chr3	26127294	26327294	harbor1	chr3	26199821	26200159	LTR/ERVL-MaLR	939	+	169	26199990	72696
chr3	26127294	26327294	harbor1	chr3	26211310	26211643	LTR/ERVL-MaLR	1866	+	166	26211476	84182
chr3	146633647	146833647	harbor1	chr3	146708801	146709116	LTR/ERVL-MaLR	1347	+	158	146708959	75312
chr3	195890869	196090869	harbor1	chr3	195923903	195924193	LTR/ERVL-MaLR	446	+	145	195924048	33179
chr3	195890869	196090869	harbor1	chr3	195929588	195929939	LTR/ERVL-MaLR	1785	+	176	195929764	38895
chr3	129959240	130159240	harbor1	chr3	129968336	129968840	LTR/ERVL-MaLR	1455	+	252	129968588	9348
chr3	129959240	130159240	harbor1	chr3	129980064	129980206	LTR/ERVL-MaLR	408	+	71	129980135	20895
chr3	129959240	130159240	harbor1	chr3	129986362	129986407	LTR/ERVL-MaLR	1562	+	22	129986384	27144
chr3	129959240	130159240	harbor1	chr3	129986706	129986993	LTR/ERVL-MaLR	1562	+	144	129986850	27610
chr3	129959240	130159240	harbor1	chr3	129987692	129988109	LTR/ERVL-MaLR	1317	+	208	129987900	28660
chr3	129959240	130159240	harbor1	chr3	129989453	129989900	LTR/ERVL-MaLR	1870	+	224	129989677	30437
chr3	129959240	130159240	harbor1	chr3	129990969	129991440	LTR/ERVL-MaLR	1139	+	236	129991205	31965
chr3	129959240	130159240	harbor1	chr3	130012299	130012451	LTR/ERVL-MaLR	408	+	76	130012375	53135
chr3	129959240	130159240	harbor1	chr3	130046298	130046576	LTR/ERVL-MaLR	834	+	139	130046437	87197
chr3	129959240	130159240	harbor1	chr3	130046980	130047342	LTR/ERVL-MaLR	2814	+	181	130047161	87921
chr3	129959240	130159240	harbor1	chr3	130057246	130057288	LTR/ERVL-MaLR	1285	+	21	130057267	98027
chr3	129959240	130159240	harbor1	chr3	130058266	130058647	LTR/ERVL-MaLR	1285	+	190	130058456	99216
chr3	142238269	142438269	harbor1	chr3	142239456	142239894	LTR/ERVL-MaLR	2244	+	219	142239675	1406
chr3	142238269	142438269	harbor1	chr3	142244190	142244621	LTR/ERVL-MaLR	1684	+	216	142244406	6137
chr3	142238269	142438269	harbor1	chr3	142265032	142265393	LTR/ERVL-MaLR	2274	+	180	142265212	26943
chr3	142238269	142438269	harbor1	chr3	142277206	142277577	LTR/ERVL-MaLR	1761	+	186	142277392	39123
chr3	142238269	142438269	harbor1	chr3	142333587	142334028	LTR/ERVL-MaLR	1310	+	220	142333807	95538
chr3	177802793	178002793	harbor1	chr3	177813234	177813738	LTR/ERVL-MaLR	2258	+	252	177813486	10693
chr3	177802793	178002793	harbor1	chr3	177840572	177841100	LTR/ERVL-MaLR	1354	+	264	177840836	38043
chr3	56183057	56383057	harbor1	chr3	56185225	56185662	LTR/ERVL-MaLR	1277	+	218	56185443	2386
chr3	56183057	56383057	harbor1	chr3	56185668	56186311	LTR/ERVL-MaLR	2551	+	322	56185990	2933
chr3	56183057	56383057	harbor1	chr3	56194267	56194411	LTR/ERVL-MaLR	419	+	72	56194339	11282
chr3	56183057	56383057	harbor1	chr3	56256601	56256984	LTR/ERVL-MaLR	2209	+	192	56256793	73736
chr3	56183057	56383057	harbor1	chr3	56279885	56280406	LTR/ERVL-MaLR	2626	+	260	56280145	97088
chr3	126091217	126291217	harbor1	chr3	126098118	126098475	LTR/ERVL-MaLR	1203	+	178	126098296	7079
chr3	126091217	126291217	harbor1	chr3	126111184	126111411	LTR/ERVL-MaLR	592	+	114	126111298	20081
chr3	126091217	126291217	harbor1	chr3	126118262	126118627	LTR/ERVL-MaLR	1776	+	182	126118444	27227
chr3	126091217	126291217	harbor1	chr3	126120905	126121340	LTR/ERVL-MaLR	1438	+	218	126121123	29906
chr3	126091217	126291217	harbor1	chr3	126126721	126127153	LTR/ERVL-MaLR	1306	+	216	126126937	35720
chr3	126091217	126291217	harbor1	chr3	126131041	126131296	LTR/ERVL-MaLR	984	+	128	126131169	39952
chr3	126091217	126291217	harbor1	chr3	126146102	126146506	LTR/ERVL-MaLR	666	+	202	126146304	55087
chr3	126091217	126291217	harbor1	chr3	126146699	126146810	LTR/ERVL-MaLR	423	+	56	126146755	55538
chr3	126091217	126291217	harbor1	chr3	126182814	126183966	LTR/ERVL-MaLR	4856	+	576	126183390	92173
chr3	126091217	126291217	harbor1	chr3	126183980	126184103	LTR/ERVL-MaLR	673	+	62	126184042	92825
chr3	126091217	126291217	harbor1	chr3	126156717	126157167	LTR/ERVL-MaLR	849	+	225	126156942	65725
chr3	112534884	112734884	harbor1	chr3	112621054	112621566	LTR/ERVL-MaLR	624	+	256	112621310	86426
chr3	197033481	197233481	harbor1	chr3	197093786	197094332	LTR/ERVL-MaLR	1535	+	273	197094059	60578
chr3	197033481	197233481	harbor1	chr3	197133049	197133532	LTR/ERVL-MaLR	894	+	242	197133291	99810
chr3	2880676	3080676	harbor1	chr3	2960764	2960898	LTR/ERVL-MaLR	460	+	67	2960831	80155
chr3	2880676	3080676	harbor1	chr3	2977730	2978192	LTR/ERVL-MaLR	1554	+	231	2977961	97285
chr3	89994876	90194876	harbor1	chr3	90002470	90002821	LTR/ERVL-MaLR	2010	+	176	90002646	7770
chr3	89994876	90194876	harbor1	chr3	90022756	90023293	LTR/ERVL-MaLR	1588	+	268	90023024	28148
chr3	89994876	90194876	harbor1	chr3	90030934	90031493	LTR/ERVL-MaLR	2188	+	280	90031214	36338
chr3	89994876	90194876	harbor1	chr3	90037049	90037426	LTR/ERVL-MaLR	2200	+	188	90037237	42361
chr3	89994876	90194876	harbor1	chr3	90092232	90092366	LTR/ERVL-MaLR	478	+	67	90092299	97423
chr3	59736139	59936139	harbor1	chr3	59752555	59752931	LTR/ERVL-MaLR	2022	+	188	59752743	16604
chr3	59736139	59936139	harbor1	chr3	59770254	59770713	LTR/ERVL-MaLR	2373	+	230	59770484	34345
chr3	59736139	59936139	harbor1	chr3	59780515	59780860	LTR/ERVL-MaLR	1111	+	172	59780687	44548
chr3	59736139	59936139	harbor1	chr3	59791147	59791595	LTR/ERVL-MaLR	1076	+	224	59791371	55232
chr3	59736139	59936139	harbor1	chr3	59809117	59809520	LTR/ERVL-MaLR	1381	+	202	59809319	73180
chr3	59736139	59936139	harbor1	chr3	59819749	59820139	LTR/ERVL-MaLR	1817	+	195	59819944	83805
chr3	59736139	59936139	harbor1	chr3	59832436	59832723	LTR/ERVL-MaLR	484	+	144	59832580	96441
chr3	59736139	59936139	harbor1	chr3	59832784	59833006	LTR/ERVL-MaLR	559	+	111	59832895	96756
chr3	59736139	59936139	harbor1	chr3	59833156	59833629	LTR/ERVL-MaLR	1963	+	236	59833392	97253
chr3	59736139	59936139	harbor1	chr3	59833710	59834069	LTR/ERVL-MaLR	2069	+	180	59833890	97751
chr3	26450645	26650645	harbor1	chr3	26453788	26454052	LTR/ERVL-MaLR	1286	+	132	26453920	3275
chr3	26450645	26650645	harbor1	chr3	26481673	26482106	LTR/ERVL-MaLR	1815	+	216	26481889	31244
chr3	26450645	26650645	harbor1	chr3	26502982	26503308	LTR/ERVL-MaLR	1416	+	163	26503145	52500
chr3	26450645	26650645	harbor1	chr3	26503706	26503897	LTR/ERVL-MaLR	629	+	96	26503802	53157
chr3	26450645	26650645	harbor1	chr3	26516024	26516206	LTR/ERVL-MaLR	2110	+	91	26516115	65470
chr3	26450645	26650645	harbor1	chr3	26516539	26516733	LTR/ERVL-MaLR	2110	+	97	26516636	65991
chr3	26450645	26650645	harbor1	chr3	26516734	26517159	LTR/ERVL-MaLR	11387	+	212	26516946	66301
chr3	26450645	26650645	harbor1	chr3	26517471	26518612	LTR/ERVL-MaLR	11387	+	570	26518041	67396
chr3	26450645	26650645	harbor1	chr3	26518613	26518973	LTR/ERVL-MaLR	1955	+	180	26518793	68148
chr3	26450645	26650645	harbor1	chr3	26542500	26542886	LTR/ERVL-MaLR	2056	+	193	26542693	92048
chr3	26450645	26650645	harbor1	chr3	26545926	26546326	LTR/ERVL-MaLR	1939	+	200	26546126	95481
chr3	26450645	26650645	harbor1	chr3	26525482	26525788	LTR/ERVL-MaLR	1232	+	153	26525635	74990
chr3	26450645	26650645	harbor1	chr3	26542060	26542223	LTR/ERVL-MaLR	709	+	82	26542142	91497
chr4	87690445	87890445	harbor1	chr4	87690783	87691144	LTR/ERVL-MaLR	2097	+	180	87690963	518
chr4	87690445	87890445	harbor1	chr4	87691145	87691660	LTR/ERVL-MaLR	10898	+	258	87691403	958
chr4	87690445	87890445	harbor1	chr4	87691972	87693180	LTR/ERVL-MaLR	10898	+	604	87692576	2131
chr4	87690445	87890445	harbor1	chr4	87693181	87693541	LTR/ERVL-MaLR	2210	+	180	87693361	2916
chr4	87690445	87890445	harbor1	chr4	87724368	87724722	LTR/ERVL-MaLR	2484	+	177	87724545	34100
chr4	87690445	87890445	harbor1	chr4	87724723	87726386	LTR/ERVL-MaLR	11001	+	832	87725555	35110
chr4	87690445	87890445	harbor1	chr4	87726395	87726745	LTR/ERVL-MaLR	2144	+	175	87726570	36125
chr4	87690445	87890445	harbor1	chr4	87732341	87732804	LTR/ERVL-MaLR	2318	+	232	87732573	42128
chr4	87690445	87890445	harbor1	chr4	87778244	87778651	LTR/ERVL-MaLR	817	+	204	87778448	88003
chr4	87690445	87890445	harbor1	chr4	87786876	87787245	LTR/ERVL-MaLR	1727	+	184	87787060	96615
chr4	19465923	19665923	harbor1	chr4	19495501	19495929	LTR/ERVL-MaLR	1819	+	214	19495715	29792
chr4	19465923	19665923	harbor1	chr4	19496024	19496483	LTR/ERVL-MaLR	601	+	230	19496254	30331
chr4	19465923	19665923	harbor1	chr4	19497563	19497600	LTR/ERVL-MaLR	1935	+	18	19497581	31658
chr4	19465923	19665923	harbor1	chr4	19501978	19502351	LTR/ERVL-MaLR	2499	+	186	19502164	36241
chr4	19465923	19665923	harbor1	chr4	19514595	19514836	LTR/ERVL-MaLR	488	+	120	19514715	48792
chr4	19465923	19665923	harbor1	chr4	19515860	19516213	LTR/ERVL-MaLR	2134	+	176	19516036	50113
chr4	19465923	19665923	harbor1	chr4	19516214	19517785	LTR/ERVL-MaLR	11514	+	786	19517000	51077
chr4	19465923	19665923	harbor1	chr4	19517786	19518151	LTR/ERVL-MaLR	2043	+	182	19517968	52045
chr4	19465923	19665923	harbor1	chr4	19549720	19550013	LTR/ERVL-MaLR	1315	+	146	19549866	83943
chr4	19465923	19665923	harbor1	chr4	19550322	19551344	LTR/ERVL-MaLR	2284	+	511	19550833	84910
chr4	19465923	19665923	harbor1	chr4	19551706	19551973	LTR/ERVL-MaLR	2284	+	134	19551840	85917
chr4	19465923	19665923	harbor1	chr4	19551975	19552365	LTR/ERVL-MaLR	1640	+	195	19552170	86247
chr4	19465923	19665923	harbor1	chr4	19496922	19497260	LTR/ERVL-MaLR	1935	+	169	19497091	31168
chr4	167327796	167527796	harbor1	chr4	167375344	167375762	LTR/ERVL-MaLR	1816	+	209	167375553	47757
chr4	87152883	87352883	harbor1	chr4	87172042	87172510	LTR/ERVL-MaLR	1238	+	234	87172276	19393
chr4	87152883	87352883	harbor1	chr4	87194057	87194390	LTR/ERVL-MaLR	1695	+	166	87194223	41340
chr4	87152883	87352883	harbor1	chr4	87197157	87197673	LTR/ERVL-MaLR	1567	+	258	87197415	44532
chr4	87152883	87352883	harbor1	chr4	87227676	87227853	LTR/ERVL-MaLR	508	+	88	87227764	74881
chr4	67892792	68092792	harbor1	chr4	67913174	67913287	LTR/ERVL-MaLR	726	+	56	67913230	20438
chr4	67892792	68092792	harbor1	chr4	67915403	67915939	LTR/ERVL-MaLR	1910	+	268	67915671	22879
chr4	67892792	68092792	harbor1	chr4	67918579	67918869	LTR/ERVL-MaLR	427	+	145	67918724	25932
chr4	67892792	68092792	harbor1	chr4	67942226	67942582	LTR/ERVL-MaLR	1619	+	178	67942404	49612
chr4	67892792	68092792	harbor1	chr4	67956822	67957184	LTR/ERVL-MaLR	2331	+	181	67957003	64211
chr4	67892792	68092792	harbor1	chr4	67957185	67958753	LTR/ERVL-MaLR	11419	+	784	67957969	65177
chr4	67892792	68092792	harbor1	chr4	67958754	67959103	LTR/ERVL-MaLR	2219	+	174	67958928	66136
chr4	67892792	68092792	harbor1	chr4	67987836	67988194	LTR/ERVL-MaLR	2685	+	179	67988015	95223
chr4	117755301	117955301	harbor1	chr4	117756717	117756898	LTR/ERVL-MaLR	1972	+	90	117756807	1506
chr4	117755301	117955301	harbor1	chr4	117756935	117757120	LTR/ERVL-MaLR	1972	+	92	117757027	1726
chr4	117755301	117955301	harbor1	chr4	117757125	117758700	LTR/ERVL-MaLR	11436	+	788	117757913	2612
chr4	117755301	117955301	harbor1	chr4	117758701	117759068	LTR/ERVL-MaLR	2228	+	184	117758885	3584
chr4	117755301	117955301	harbor1	chr4	117793986	117794352	LTR/ERVL-MaLR	1404	+	183	117794169	38868
chr4	117755301	117955301	harbor1	chr4	117847924	117848508	LTR/ERVL-MaLR	1153	+	292	117848216	92915
chr4	64762341	64962341	harbor1	chr4	64765426	64765770	LTR/ERVL-MaLR	1300	+	172	64765598	3257
chr4	64762341	64962341	harbor1	chr4	64766282	64766722	LTR/ERVL-MaLR	1625	+	220	64766502	4161
chr4	64762341	64962341	harbor1	chr4	64776548	64776940	LTR/ERVL-MaLR	991	+	196	64776744	14403
chr4	64762341	64962341	harbor1	chr4	64816154	64816676	LTR/ERVL-MaLR	2199	+	261	64816415	54074
chr4	64762341	64962341	harbor1	chr4	64852622	64852773	LTR/ERVL-MaLR	1130	+	76	64852698	90357
chr4	64762341	64962341	harbor1	chr4	64853303	64853502	LTR/ERVL-MaLR	1130	+	100	64853403	91062
chr4	64762341	64962341	harbor1	chr4	64855564	64855927	LTR/ERVL-MaLR	2274	+	182	64855746	93405
chr4	81360392	81560392	harbor1	chr4	81410729	81411113	LTR/ERVL-MaLR	2508	+	192	81410921	50529
chr4	182489796	182689796	harbor1	chr4	182512101	182512247	LTR/ERVL-MaLR	500	+	73	182512174	22378
chr4	182489796	182689796	harbor1	chr4	182518236	182518840	LTR/ERVL-MaLR	2409	+	302	182518538	28742
chr4	182489796	182689796	harbor1	chr4	182585325	182585707	LTR/ERVL-MaLR	1357	+	191	182585516	95720
chr4	186071309	186271309	harbor1	chr4	186130914	186131065	LTR/ERVL-MaLR	1117	+	76	186130990	59681
chr4	186071309	186271309	harbor1	chr4	186131359	186131593	LTR/ERVL-MaLR	1117	+	117	186131476	60167
chr4	186071309	186271309	harbor1	chr4	186139319	186139717	LTR/ERVL-MaLR	1768	+	199	186139518	68209
chr4	186071309	186271309	harbor1	chr4	186141572	186142450	LTR/ERVL-MaLR	1339	+	439	186142011	70702
chr4	186071309	186271309	harbor1	chr4	186142452	186142940	LTR/ERVL-MaLR	1218	+	244	186142696	71387
chr4	171701926	171901926	harbor1	chr4	171716726	171717100	LTR/ERVL-MaLR	1514	+	187	171716913	14987
chr4	171701926	171901926	harbor1	chr4	171728054	171728417	LTR/ERVL-MaLR	2111	+	182	171728236	26310
chr4	171701926	171901926	harbor1	chr4	171728422	171730003	LTR/ERVL-MaLR	10823	+	790	171729212	27286
chr4	171701926	171901926	harbor1	chr4	171730004	171730363	LTR/ERVL-MaLR	2152	+	180	171730184	28258
chr4	103346054	103546054	harbor1	chr4	103350364	103350772	LTR/ERVL-MaLR	2207	+	204	103350568	4514
chr4	103346054	103546054	harbor1	chr4	103354937	103355145	LTR/ERVL-MaLR	778	+	104	103355041	8987
chr4	103346054	103546054	harbor1	chr4	103357043	103357234	LTR/ERVL-MaLR	976	+	96	103357139	11085
chr4	103346054	103546054	harbor1	chr4	103359052	103359419	LTR/ERVL-MaLR	1821	+	184	103359236	13182
chr4	103346054	103546054	harbor1	chr4	103359422	103361036	LTR/ERVL-MaLR	10477	+	807	103360229	14175
chr4	103346054	103546054	harbor1	chr4	103361037	103361401	LTR/ERVL-MaLR	1944	+	182	103361219	15165
chr4	103346054	103546054	harbor1	chr4	103366123	103366457	LTR/ERVL-MaLR	647	+	167	103366290	20236
chr4	103346054	103546054	harbor1	chr4	103400346	103400792	LTR/ERVL-MaLR	870	+	223	103400569	54515
chr4	103346054	103546054	harbor1	chr4	103414810	103415606	LTR/ERVL-MaLR	6281	+	398	103415208	69154
chr4	103346054	103546054	harbor1	chr4	103415613	103415763	LTR/ERVL-MaLR	984	+	75	103415688	69634
chr4	103346054	103546054	harbor1	chr4	103416313	103416527	LTR/ERVL-MaLR	1237	+	107	103416420	70366
chr4	103346054	103546054	harbor1	chr4	103416783	103416818	LTR/ERVL-MaLR	609	+	18	103416801	70747
chr4	103346054	103546054	harbor1	chr4	103417098	103417329	LTR/ERVL-MaLR	609	+	116	103417214	71160
chr4	53204913	53404913	harbor1	chr4	53207622	53207950	LTR/ERVL-MaLR	1670	+	164	53207786	2873
chr4	53204913	53404913	harbor1	chr4	53208270	53208308	LTR/ERVL-MaLR	1670	+	19	53208289	3376
chr4	53204913	53404913	harbor1	chr4	53223953	53224108	LTR/ERVL-MaLR	1633	+	78	53224031	19118
chr4	53204913	53404913	harbor1	chr4	53224405	53224767	LTR/ERVL-MaLR	1633	+	181	53224586	19673
chr4	53204913	53404913	harbor1	chr4	53254157	53254481	LTR/ERVL-MaLR	2032	+	162	53254319	49406
chr4	53204913	53404913	harbor1	chr4	53256943	53257007	LTR/ERVL-MaLR	403	+	32	53256975	52062
chr4	127025380	127225380	harbor1	chr4	127029583	127029938	LTR/ERVL-MaLR	1242	+	178	127029761	4381
chr4	127025380	127225380	harbor1	chr4	127032800	127033176	LTR/ERVL-MaLR	1249	+	188	127032988	7608
chr4	127025380	127225380	harbor1	chr4	127072937	127073280	LTR/ERVL-MaLR	958	+	172	127073109	47729
chr4	127025380	127225380	harbor1	chr4	127085454	127085824	LTR/ERVL-MaLR	2515	+	185	127085639	60259
chr4	127025380	127225380	harbor1	chr4	127085825	127087382	LTR/ERVL-MaLR	9980	+	778	127086603	61223
chr4	127025380	127225380	harbor1	chr4	127087383	127087754	LTR/ERVL-MaLR	2163	+	186	127087569	62189
chr4	127025380	127225380	harbor1	chr4	127113136	127113209	LTR/ERVL-MaLR	507	+	36	127113172	87792
chr4	127025380	127225380	harbor1	chr4	127113208	127113401	LTR/ERVL-MaLR	1127	+	96	127113304	87924
chr4	127025380	127225380	harbor1	chr4	127113402	127115044	LTR/ERVL-MaLR	9824	+	821	127114223	88843
chr4	127025380	127225380	harbor1	chr4	127115045	127115430	LTR/ERVL-MaLR	2174	+	192	127115237	89857
chr4	127025380	127225380	harbor1	chr4	127115682	127116163	LTR/ERVL-MaLR	2026	+	240	127115922	90542
chr4	122433307	122633307	harbor1	chr4	122467784	122467928	LTR/ERVL-MaLR	470	+	72	122467856	34549
chr4	122433307	122633307	harbor1	chr4	122468031	122468123	LTR/ERVL-MaLR	464	+	46	122468077	34770
chr4	122433307	122633307	harbor1	chr4	122470662	122471026	LTR/ERVL-MaLR	2577	+	182	122470844	37537
chr4	122433307	122633307	harbor1	chr4	122519203	122519554	LTR/ERVL-MaLR	2236	+	176	122519379	86072
chr4	31741690	31941690	harbor1	chr4	31756606	31756962	LTR/ERVL-MaLR	405	+	178	31756784	15094
chr4	31741690	31941690	harbor1	chr4	31759982	31760391	LTR/ERVL-MaLR	1922	+	204	31760186	18496
chr4	31741690	31941690	harbor1	chr4	31782546	31782910	LTR/ERVL-MaLR	2064	+	182	31782728	41038
chr4	31741690	31941690	harbor1	chr4	31782911	31783092	LTR/ERVL-MaLR	1024	+	90	31783001	41311
chr4	31741690	31941690	harbor1	chr4	31791684	31791929	LTR/ERVL-MaLR	437	+	122	31791806	50116
chr4	66816175	67016175	harbor1	chr4	66832719	66833165	LTR/ERVL-MaLR	1234	+	223	66832942	16767
chr4	66816175	67016175	harbor1	chr4	66841214	66841555	LTR/ERVL-MaLR	1923	+	170	66841384	25209
chr4	66816175	67016175	harbor1	chr4	66856207	66856857	LTR/ERVL-MaLR	1751	+	325	66856532	40357
chr4	66816175	67016175	harbor1	chr4	66877088	66877556	LTR/ERVL-MaLR	870	+	234	66877322	61147
chr4	66816175	67016175	harbor1	chr4	66881610	66882023	LTR/ERVL-MaLR	1762	+	206	66881816	65641
chr4	66816175	67016175	harbor1	chr4	66882024	66883516	LTR/ERVL-MaLR	9350	+	746	66882770	66595
chr4	66816175	67016175	harbor1	chr4	66883517	66883888	LTR/ERVL-MaLR	2076	+	186	66883703	67528
chr4	66816175	67016175	harbor1	chr4	66915918	66916296	LTR/ERVL-MaLR	2373	+	189	66916107	99932
chr4	173923504	174123504	harbor1	chr4	173929187	173929419	LTR/ERVL-MaLR	449	+	116	173929303	5799
chr4	173923504	174123504	harbor1	chr4	173960314	173960808	LTR/ERVL-MaLR	1129	+	247	173960561	37057
chr4	173923504	174123504	harbor1	chr4	173974987	173975355	LTR/ERVL-MaLR	1017	+	184	173975171	51667
chr4	173923504	174123504	harbor1	chr4	173977493	173978027	LTR/ERVL-MaLR	1977	+	267	173977760	54256
chr4	173923504	174123504	harbor1	chr4	173982367	173982750	LTR/ERVL-MaLR	2196	+	192	173982559	59055
chr4	173923504	174123504	harbor1	chr4	173997446	173997792	LTR/ERVL-MaLR	1612	+	173	173997619	74115
chr4	74189706	74389706	harbor1	chr4	74280154	74280625	LTR/ERVL-MaLR	1159	+	236	74280390	90684
chr4	65005615	65205615	harbor1	chr4	65020295	65020788	LTR/ERVL-MaLR	1671	+	246	65020541	14926
chr4	65005615	65205615	harbor1	chr4	65032402	65032706	LTR/ERVL-MaLR	1071	+	152	65032554	26939
chr4	65005615	65205615	harbor1	chr4	65080364	65080901	LTR/ERVL-MaLR	914	+	268	65080632	75017
chr4	33702504	33902504	harbor1	chr4	33703288	33703704	LTR/ERVL-MaLR	1761	+	208	33703496	992
chr4	33702504	33902504	harbor1	chr4	33704867	33705116	LTR/ERVL-MaLR	1628	+	124	33704991	2487
chr4	33702504	33902504	harbor1	chr4	33757508	33757602	LTR/ERVL-MaLR	1626	+	47	33757555	55051
chr4	33702504	33902504	harbor1	chr4	33757966	33758238	LTR/ERVL-MaLR	1626	+	136	33758102	55598
chr4	33702504	33902504	harbor1	chr4	33765681	33765864	LTR/ERVL-MaLR	1200	+	92	33765773	63269
chr4	33702504	33902504	harbor1	chr4	33769172	33769344	LTR/ERVL-MaLR	1611	+	86	33769258	66754
chr4	33702504	33902504	harbor1	chr4	33769393	33769575	LTR/ERVL-MaLR	1611	+	91	33769484	66980
chr4	33702504	33902504	harbor1	chr4	33774907	33775109	LTR/ERVL-MaLR	429	+	101	33775008	72504
chr4	33702504	33902504	harbor1	chr4	33775572	33775938	LTR/ERVL-MaLR	1850	+	183	33775755	73251
chr4	33702504	33902504	harbor1	chr4	33800883	33801110	LTR/ERVL-MaLR	490	+	114	33800997	98493
chr4	86810336	87010336	harbor1	chr4	86834026	86834422	LTR/ERVL-MaLR	2155	+	198	86834224	23888
chr4	86810336	87010336	harbor1	chr4	86836334	86836677	LTR/ERVL-MaLR	1422	+	172	86836506	26170
chr4	86810336	87010336	harbor1	chr4	86844393	86844700	LTR/ERVL-MaLR	1260	+	154	86844547	34211
chr4	86810336	87010336	harbor1	chr4	86845075	86845103	LTR/ERVL-MaLR	1260	+	14	86845089	34753
chr4	86810336	87010336	harbor1	chr4	86850552	86850922	LTR/ERVL-MaLR	2790	+	185	86850737	40401
chr4	86810336	87010336	harbor1	chr4	86853280	86853599	LTR/ERVL-MaLR	837	+	160	86853440	43104
chr4	86810336	87010336	harbor1	chr4	86874203	86874609	LTR/ERVL-MaLR	1713	+	203	86874406	64070
chr4	86810336	87010336	harbor1	chr4	86894655	86895033	LTR/ERVL-MaLR	1920	+	189	86894844	84508
chr4	86810336	87010336	harbor1	chr4	86895329	86895390	LTR/ERVL-MaLR	1920	+	30	86895359	85023
chr4	86810336	87010336	harbor1	chr4	86900358	86900570	LTR/ERVL-MaLR	1163	+	106	86900464	90128
chr4	86810336	87010336	harbor1	chr4	86901819	86902140	LTR/ERVL-MaLR	1260	+	160	86901979	91643
chr4	86810336	87010336	harbor1	chr4	86902447	86902607	LTR/ERVL-MaLR	1260	+	80	86902527	92191
chr4	86810336	87010336	harbor1	chr4	86904844	86904953	LTR/ERVL-MaLR	630	+	54	86904898	94562
chr4	148201865	148401865	harbor1	chr4	148262561	148262791	LTR/ERVL-MaLR	1361	+	115	148262676	60811
chr4	148201865	148401865	harbor1	chr4	148274361	148274698	LTR/ERVL-MaLR	1748	+	168	148274529	72664
chr4	148201865	148401865	harbor1	chr4	148274998	148275038	LTR/ERVL-MaLR	1748	+	20	148275018	73153
chr4	148201865	148401865	harbor1	chr4	148289642	148289988	LTR/ERVL-MaLR	978	+	173	148289815	87950
chr4	148201865	148401865	harbor1	chr4	148290386	148290526	LTR/ERVL-MaLR	642	+	70	148290456	88591
chr4	148201865	148401865	harbor1	chr4	148258431	148258892	LTR/ERVL-MaLR	537	+	230	148258661	56796
chr4	172651186	172851186	harbor1	chr4	172662274	172662535	LTR/ERVL-MaLR	719	+	130	172662404	11218
chr4	172651186	172851186	harbor1	chr4	172696449	172696805	LTR/ERVL-MaLR	2453	+	178	172696627	45441
chr4	172651186	172851186	harbor1	chr4	172702505	172702805	LTR/ERVL-MaLR	938	+	150	172702655	51469
chr4	172651186	172851186	harbor1	chr4	172733403	172733467	LTR/ERVL-MaLR	470	+	32	172733435	82249
chr4	172651186	172851186	harbor1	chr4	172733476	172733839	LTR/ERVL-MaLR	2558	+	182	172733658	82472
chr4	172651186	172851186	harbor1	chr4	172733840	172734425	LTR/ERVL-MaLR	3709	+	292	172734132	82946
chr4	172651186	172851186	harbor1	chr4	172734719	172735646	LTR/ERVL-MaLR	6555	+	464	172735183	83997
chr4	172651186	172851186	harbor1	chr4	172735647	172735758	LTR/ERVL-MaLR	2213	+	56	172735703	84517
chr4	172651186	172851186	harbor1	chr4	172736833	172737084	LTR/ERVL-MaLR	2213	+	126	172736959	85773
chr4	89605590	89805590	harbor1	chr4	89626843	89627125	LTR/ERVL-MaLR	456	+	141	89626984	21394
chr4	89605590	89805590	harbor1	chr4	89698033	89698407	LTR/ERVL-MaLR	2030	+	187	89698220	92630
chr4	3428470	3628470	harbor1	chr4	3451815	3451968	LTR/ERVL-MaLR	1521	+	76	3451891	23421
chr4	3428470	3628470	harbor1	chr4	3452554	3452789	LTR/ERVL-MaLR	1521	+	118	3452672	24202
chr4	174662017	174862017	harbor1	chr4	174667882	174668279	LTR/ERVL-MaLR	2329	+	198	174668080	6063
chr4	174662017	174862017	harbor1	chr4	174672384	174672689	LTR/ERVL-MaLR	408	+	152	174672536	10519
chr4	174662017	174862017	harbor1	chr4	174681312	174681763	LTR/ERVL-MaLR	1561	+	226	174681538	19521
chr4	174662017	174862017	harbor1	chr4	174705090	174705427	LTR/ERVL-MaLR	1070	+	168	174705258	43241
chr4	174662017	174862017	harbor1	chr4	174733065	174733346	LTR/ERVL-MaLR	1126	+	140	174733205	71188
chr4	174662017	174862017	harbor1	chr4	174738948	174739127	LTR/ERVL-MaLR	727	+	90	174739038	77021
chr4	174662017	174862017	harbor1	chr4	174739128	174739431	LTR/ERVL-MaLR	630	+	152	174739280	77263
chr4	174662017	174862017	harbor1	chr4	174739433	174740241	LTR/ERVL-MaLR	1911	+	404	174739837	77820
chr4	174662017	174862017	harbor1	chr4	174740264	174740604	LTR/ERVL-MaLR	1249	+	170	174740434	78417
chr4	174662017	174862017	harbor1	chr4	174757811	174758215	LTR/ERVL-MaLR	2083	+	202	174758013	95996
chr4	22340424	22540424	harbor1	chr4	22343237	22343716	LTR/ERVL-MaLR	1379	+	240	22343477	3053
chr4	22340424	22540424	harbor1	chr4	22346488	22346914	LTR/ERVL-MaLR	2571	+	213	22346701	6277
chr4	22340424	22540424	harbor1	chr4	22360562	22361040	LTR/ERVL-MaLR	1044	+	239	22360801	20377
chr4	22340424	22540424	harbor1	chr4	22367728	22368128	LTR/ERVL-MaLR	1636	+	200	22367928	27504
chr4	22340424	22540424	harbor1	chr4	22371572	22371953	LTR/ERVL-MaLR	1732	+	190	22371762	31338
chr4	22340424	22540424	harbor1	chr4	22372986	22373181	LTR/ERVL-MaLR	702	+	98	22373084	32660
chr4	22340424	22540424	harbor1	chr4	22397564	22397924	LTR/ERVL-MaLR	2646	+	180	22397744	57320
chr4	22340424	22540424	harbor1	chr4	22429861	22430219	LTR/ERVL-MaLR	2246	+	179	22430040	89616
chr4	22340424	22540424	harbor1	chr4	22430222	22431512	LTR/ERVL-MaLR	7166	+	645	22430867	90443
chr4	22340424	22540424	harbor1	chr4	22431517	22431753	LTR/ERVL-MaLR	1337	+	118	22431635	91211
chr4	114921141	115121141	harbor1	chr4	114954698	114955109	LTR/ERVL-MaLR	1962	+	206	114954904	33763
chr4	114921141	115121141	harbor1	chr4	114963889	114964460	LTR/ERVL-MaLR	1635	+	286	114964175	43034
chr4	114921141	115121141	harbor1	chr4	114981831	114982129	LTR/ERVL-MaLR	1230	+	149	114981980	60839
chr4	114921141	115121141	harbor1	chr4	114983761	114984142	LTR/ERVL-MaLR	1691	+	190	114983951	62810
chr4	114921141	115121141	harbor1	chr4	114996081	114996441	LTR/ERVL-MaLR	1972	+	180	114996261	75120
chr4	114921141	115121141	harbor1	chr4	115019649	115019988	LTR/ERVL-MaLR	933	+	170	115019819	98678
chr4	114921141	115121141	harbor1	chr4	115019990	115020472	LTR/ERVL-MaLR	1818	+	241	115020231	99090
chr4	114921141	115121141	harbor1	chr4	114982130	114983760	LTR/ERVL-MaLR	11078	+	815	114982945	61804
chr4	88909884	89109884	harbor1	chr4	88916053	88916261	LTR/ERVL-MaLR	1178	+	104	88916157	6273
chr4	88909884	89109884	harbor1	chr4	88939582	88940109	LTR/ERVL-MaLR	1426	+	264	88939846	29962
chr4	88909884	89109884	harbor1	chr4	88940110	88941083	LTR/ERVL-MaLR	3894	+	486	88940596	30712
chr4	88909884	89109884	harbor1	chr4	88955345	88955475	LTR/ERVL-MaLR	1117	+	65	88955410	45526
chr4	88909884	89109884	harbor1	chr4	88955476	88955980	LTR/ERVL-MaLR	2286	+	252	88955728	45844
chr4	88909884	89109884	harbor1	chr4	88956854	88957043	LTR/ERVL-MaLR	1898	+	94	88956948	47064
chr4	88909884	89109884	harbor1	chr4	88957340	88957548	LTR/ERVL-MaLR	1898	+	104	88957444	47560
chr4	88909884	89109884	harbor1	chr4	88957549	88959269	LTR/ERVL-MaLR	8902	+	860	88958409	48525
chr4	88909884	89109884	harbor1	chr4	88959270	88959700	LTR/ERVL-MaLR	2474	+	215	88959485	49601
chr4	88909884	89109884	harbor1	chr4	88997934	88998281	LTR/ERVL-MaLR	1416	+	174	88998108	88224
chr4	88909884	89109884	harbor1	chr4	89007144	89007667	LTR/ERVL-MaLR	1884	+	262	89007406	97522
chr4	88909884	89109884	harbor1	chr4	89008197	89008573	LTR/ERVL-MaLR	1483	+	188	89008385	98501
chr4	88909884	89109884	harbor1	chr4	88915678	88916041	LTR/ERVL-MaLR	1444	+	182	88915860	5976
chr4	76221191	76421191	harbor1	chr4	76242136	76242535	LTR/ERVL-MaLR	2406	+	200	76242336	21145
chr4	76221191	76421191	harbor1	chr4	76243052	76243257	LTR/ERVL-MaLR	930	+	102	76243154	21963
chr4	76221191	76421191	harbor1	chr4	76283936	76284342	LTR/ERVL-MaLR	2294	+	203	76284139	62948
chr4	76221191	76421191	harbor1	chr4	76295355	76295384	LTR/ERVL-MaLR	2070	+	14	76295369	74178
chr4	76221191	76421191	harbor1	chr4	76295683	76296204	LTR/ERVL-MaLR	2070	+	260	76295943	74752
chr4	76221191	76421191	harbor1	chr4	76296205	76297655	LTR/ERVL-MaLR	5140	+	725	76296930	75739
chr4	76221191	76421191	harbor1	chr4	76297664	76297866	LTR/ERVL-MaLR	1027	+	101	76297765	76574
chr4	14977091	15177091	harbor1	chr4	15073980	15074069	LTR/ERVL-MaLR	419	+	44	15074024	96933
chr4	55042820	55242820	harbor1	chr4	55054045	55054091	LTR/ERVL-MaLR	954	+	23	55054068	11248
chr4	55042820	55242820	harbor1	chr4	55054387	55054522	LTR/ERVL-MaLR	954	+	68	55054455	11635
chr4	55042820	55242820	harbor1	chr4	55054576	55054739	LTR/ERVL-MaLR	954	+	82	55054658	11838
chr4	55042820	55242820	harbor1	chr4	55055921	55056270	LTR/ERVL-MaLR	1892	+	174	55056095	13275
chr4	55042820	55242820	harbor1	chr4	55062251	55062625	LTR/ERVL-MaLR	2807	+	187	55062438	19618
chr4	55042820	55242820	harbor1	chr4	55064462	55064977	LTR/ERVL-MaLR	789	+	258	55064720	21900
chr4	24634283	24834283	harbor1	chr4	24635863	24636214	LTR/ERVL-MaLR	1685	+	176	24636039	1756
chr4	24634283	24834283	harbor1	chr4	24644152	24644480	LTR/ERVL-MaLR	1953	+	164	24644316	10033
chr4	24634283	24834283	harbor1	chr4	24644784	24644825	LTR/ERVL-MaLR	1953	+	20	24644804	10521
chr4	24634283	24834283	harbor1	chr4	24659711	24660009	LTR/ERVL-MaLR	571	+	149	24659860	25577
chr4	24634283	24834283	harbor1	chr4	24664032	24664270	LTR/ERVL-MaLR	461	+	119	24664151	29868
chr4	24634283	24834283	harbor1	chr4	24670946	24671361	LTR/ERVL-MaLR	2432	+	208	24671154	36871
chr4	24634283	24834283	harbor1	chr4	24676431	24676545	LTR/ERVL-MaLR	417	+	57	24676488	42205
chr4	24634283	24834283	harbor1	chr4	24700243	24700543	LTR/ERVL-MaLR	789	+	150	24700393	66110
chr4	24634283	24834283	harbor1	chr4	24700573	24700742	LTR/ERVL-MaLR	508	+	84	24700657	66374
chr4	24634283	24834283	harbor1	chr4	24706135	24706331	LTR/ERVL-MaLR	560	+	98	24706233	71950
chr4	24634283	24834283	harbor1	chr4	24709020	24709379	LTR/ERVL-MaLR	2022	+	180	24709200	74917
chr4	24634283	24834283	harbor1	chr4	24717374	24717747	LTR/ERVL-MaLR	1389	+	186	24717560	83277
chr4	24634283	24834283	harbor1	chr4	24726787	24727122	LTR/ERVL-MaLR	961	+	168	24726955	92672
chr4	122482770	122682770	harbor1	chr4	122548641	122549037	LTR/ERVL-MaLR	1642	+	198	122548839	66069
chr4	122482770	122682770	harbor1	chr4	122559275	122559340	LTR/ERVL-MaLR	1048	+	32	122559307	76537
chr4	122482770	122682770	harbor1	chr4	122559634	122560048	LTR/ERVL-MaLR	1048	+	207	122559841	77071
chr4	122482770	122682770	harbor1	chr4	122566373	122566734	LTR/ERVL-MaLR	2461	+	180	122566553	83783
chr4	122482770	122682770	harbor1	chr4	122519203	122519554	LTR/ERVL-MaLR	2236	+	176	122519379	36609
chr4	136325228	136525228	harbor1	chr4	136345305	136345882	LTR/ERVL-MaLR	1753	+	288	136345593	20365
chr4	136325228	136525228	harbor1	chr4	136356723	136357061	LTR/ERVL-MaLR	719	+	169	136356892	31664
chr4	136325228	136525228	harbor1	chr4	136394154	136394464	LTR/ERVL-MaLR	660	+	155	136394309	69081
chr4	136325228	136525228	harbor1	chr4	136413502	136413722	LTR/ERVL-MaLR	481	+	110	136413612	88384
chr4	136325228	136525228	harbor1	chr4	136423944	136424495	LTR/ERVL-MaLR	1011	+	276	136424220	98992
chr4	103536203	103736203	harbor1	chr4	103578170	103578551	LTR/ERVL-MaLR	1110	+	190	103578360	42157
chr4	103536203	103736203	harbor1	chr4	103581128	103581585	LTR/ERVL-MaLR	548	+	228	103581356	45153
chr4	103536203	103736203	harbor1	chr4	103625748	103626125	LTR/ERVL-MaLR	1973	+	188	103625936	89733
chr4	171028070	171228070	harbor1	chr4	171033500	171033908	LTR/ERVL-MaLR	2147	+	204	171033704	5634
chr4	171028070	171228070	harbor1	chr4	171035644	171036089	LTR/ERVL-MaLR	2177	+	222	171035866	7796
chr4	171028070	171228070	harbor1	chr4	171068034	171068462	LTR/ERVL-MaLR	2645	+	214	171068248	40178
chr4	171028070	171228070	harbor1	chr4	171082187	171082595	LTR/ERVL-MaLR	2511	+	204	171082391	54321
chr4	171028070	171228070	harbor1	chr4	171105327	171105701	LTR/ERVL-MaLR	2130	+	187	171105514	77444
chr4	171028070	171228070	harbor1	chr4	171109535	171109868	LTR/ERVL-MaLR	1151	+	166	171109701	81631
chr4	171028070	171228070	harbor1	chr4	171120385	171120497	LTR/ERVL-MaLR	538	+	56	171120441	92371
chr4	52664284	52864284	harbor1	chr4	52663924	52664340	LTR/ERVL-MaLR	2349	+	208	52664132	152
chr4	52664284	52864284	harbor1	chr4	52664520	52664902	LTR/ERVL-MaLR	1328	+	191	52664711	427
chr4	52664284	52864284	harbor1	chr4	52714634	52714761	LTR/ERVL-MaLR	610	+	64	52714698	50414
chr4	52664284	52864284	harbor1	chr4	52715050	52715242	LTR/ERVL-MaLR	963	+	96	52715146	50862
chr4	52664284	52864284	harbor1	chr4	52716736	52716918	LTR/ERVL-MaLR	674	+	91	52716827	52543
chr4	52664284	52864284	harbor1	chr4	52716967	52717132	LTR/ERVL-MaLR	676	+	82	52717049	52765
chr4	52664284	52864284	harbor1	chr4	52727766	52728217	LTR/ERVL-MaLR	2335	+	226	52727992	63708
chr4	52664284	52864284	harbor1	chr4	52729490	52730069	LTR/ERVL-MaLR	2175	+	290	52729780	65496
chr4	164239654	164439654	harbor1	chr4	164260994	164261293	LTR/ERVL-MaLR	1139	+	150	164261144	21490
chr4	164239654	164439654	harbor1	chr4	164267213	164267645	LTR/ERVL-MaLR	1305	+	216	164267429	27775
chr4	164239654	164439654	harbor1	chr4	164271140	164271630	LTR/ERVL-MaLR	1950	+	245	164271385	31731
chr4	164239654	164439654	harbor1	chr4	164316678	164317054	LTR/ERVL-MaLR	1977	+	188	164316866	77212
chr4	71190398	71390398	harbor1	chr4	71213611	71213984	LTR/ERVL-MaLR	1637	+	186	71213797	23399
chr4	111728081	111928081	harbor1	chr4	111733986	111734175	LTR/ERVL-MaLR	411	+	94	111734080	5999
chr4	111728081	111928081	harbor1	chr4	111817202	111817348	LTR/ERVL-MaLR	456	+	73	111817275	89194
chr4	111728081	111928081	harbor1	chr4	111817399	111817777	LTR/ERVL-MaLR	1651	+	189	111817588	89507
chr4	111728081	111928081	harbor1	chr4	111824858	111825193	LTR/ERVL-MaLR	1922	+	168	111825026	96945
chr4	121032894	121232894	harbor1	chr4	121100809	121101214	LTR/ERVL-MaLR	1994	+	202	121101011	68117
chr4	121032894	121232894	harbor1	chr4	121101216	121101567	LTR/ERVL-MaLR	1593	+	176	121101392	68498
chr4	145326562	145526562	harbor1	chr4	145332493	145332851	LTR/ERVL-MaLR	1373	+	179	145332672	6110
chr4	145326562	145526562	harbor1	chr4	145337192	145337517	LTR/ERVL-MaLR	937	+	162	145337354	10792
chr4	145326562	145526562	harbor1	chr4	145348699	145349057	LTR/ERVL-MaLR	2185	+	179	145348878	22316
chr4	145326562	145526562	harbor1	chr4	145398395	145398487	LTR/ERVL-MaLR	522	+	46	145398441	71879
chr4	145326562	145526562	harbor1	chr4	145399242	145399376	LTR/ERVL-MaLR	688	+	67	145399309	72747
chr4	145326562	145526562	harbor1	chr4	145405171	145405289	LTR/ERVL-MaLR	567	+	59	145405230	78668
chr4	145326562	145526562	harbor1	chr4	145405607	145406254	LTR/ERVL-MaLR	2037	+	324	145405931	79369
chr4	145326562	145526562	harbor1	chr4	145411695	145412102	LTR/ERVL-MaLR	1788	+	204	145411899	85337
chr4	145326562	145526562	harbor1	chr4	145423371	145423721	LTR/ERVL-MaLR	1698	+	175	145423546	96984
chr4	145326562	145526562	harbor1	chr4	145425015	145425200	LTR/ERVL-MaLR	916	+	92	145425107	98545
chr4	145326562	145526562	harbor1	chr4	145425234	145425425	LTR/ERVL-MaLR	916	+	96	145425330	98768
chr4	630657	830657	harbor1	chr4	713991	714290	LTR/ERVL-MaLR	880	+	150	714141	83484
chr4	62636841	62836841	harbor1	chr4	62677796	62678154	LTR/ERVL-MaLR	2440	+	179	62677975	41134
chr4	32833478	33033478	harbor1	chr4	32858818	32859343	LTR/ERVL-MaLR	1277	+	262	32859080	25602
chr4	32833478	33033478	harbor1	chr4	32863491	32863867	LTR/ERVL-MaLR	408	+	188	32863679	30201
chr4	32833478	33033478	harbor1	chr4	32883360	32883631	LTR/ERVL-MaLR	465	+	136	32883496	50018
chr4	32833478	33033478	harbor1	chr4	32885764	32886150	LTR/ERVL-MaLR	1619	+	193	32885957	52479
chr4	32833478	33033478	harbor1	chr4	32918467	32919009	LTR/ERVL-MaLR	870	+	271	32918738	85260
chr4	32833478	33033478	harbor1	chr4	32926169	32926259	LTR/ERVL-MaLR	1476	+	45	32926214	92736
chr4	32833478	33033478	harbor1	chr4	32926508	32926819	LTR/ERVL-MaLR	1476	+	156	32926664	93186
chr4	32833478	33033478	harbor1	chr4	32926988	32927132	LTR/ERVL-MaLR	891	+	72	32927060	93582
chr4	9586484	9786484	harbor1	chr4	9591988	9592553	LTR/ERVL-MaLR	1630	+	282	9592270	5786
chr4	9586484	9786484	harbor1	chr4	9594267	9594522	LTR/ERVL-MaLR	687	+	128	9594395	7911
chr4	9586484	9786484	harbor1	chr4	9594816	9594885	LTR/ERVL-MaLR	687	+	34	9594850	8366
chr4	9586484	9786484	harbor1	chr4	9610421	9610781	LTR/ERVL-MaLR	539	+	180	9610601	24117
chr4	9586484	9786484	harbor1	chr4	9647340	9647462	LTR/ERVL-MaLR	775	+	61	9647401	60917
chr4	9586484	9786484	harbor1	chr4	9653370	9653436	LTR/ERVL-MaLR	1222	+	33	9653403	66919
chr4	9586484	9786484	harbor1	chr4	9653738	9654073	LTR/ERVL-MaLR	1222	+	168	9653906	67422
chr4	24602274	24802274	harbor1	chr4	24613102	24613450	LTR/ERVL-MaLR	2039	+	174	24613276	11002
chr4	24602274	24802274	harbor1	chr4	24614441	24614932	LTR/ERVL-MaLR	1684	+	246	24614687	12413
chr4	24602274	24802274	harbor1	chr4	24619117	24619476	LTR/ERVL-MaLR	1993	+	180	24619297	17023
chr4	24602274	24802274	harbor1	chr4	24623096	24623459	LTR/ERVL-MaLR	1379	+	182	24623278	21004
chr4	24602274	24802274	harbor1	chr4	24635863	24636214	LTR/ERVL-MaLR	1685	+	176	24636039	33765
chr4	24602274	24802274	harbor1	chr4	24644152	24644480	LTR/ERVL-MaLR	1953	+	164	24644316	42042
chr4	24602274	24802274	harbor1	chr4	24644784	24644825	LTR/ERVL-MaLR	1953	+	20	24644804	42530
chr4	24602274	24802274	harbor1	chr4	24659711	24660009	LTR/ERVL-MaLR	571	+	149	24659860	57586
chr4	24602274	24802274	harbor1	chr4	24664032	24664270	LTR/ERVL-MaLR	461	+	119	24664151	61877
chr4	24602274	24802274	harbor1	chr4	24670946	24671361	LTR/ERVL-MaLR	2432	+	208	24671154	68880
chr4	24602274	24802274	harbor1	chr4	24676431	24676545	LTR/ERVL-MaLR	417	+	57	24676488	74214
chr4	24602274	24802274	harbor1	chr4	24700243	24700543	LTR/ERVL-MaLR	789	+	150	24700393	98119
chr4	24602274	24802274	harbor1	chr4	24700573	24700742	LTR/ERVL-MaLR	508	+	84	24700657	98383
chr4	99524279	99724279	harbor1	chr4	99546969	99547426	LTR/ERVL-MaLR	1502	+	228	99547197	22918
chr4	99524279	99724279	harbor1	chr4	99570557	99571046	LTR/ERVL-MaLR	1787	+	244	99570801	46522
chr4	135566888	135766888	harbor1	chr4	135584153	135584529	LTR/ERVL-MaLR	1937	+	188	135584341	17453
chr4	135566888	135766888	harbor1	chr4	135584560	135586148	LTR/ERVL-MaLR	9954	+	794	135585354	18466
chr4	135566888	135766888	harbor1	chr4	135586149	135586376	LTR/ERVL-MaLR	1223	+	114	135586263	19375
chr4	135566888	135766888	harbor1	chr4	135613361	135613617	LTR/ERVL-MaLR	463	+	128	135613489	46601
chr4	135566888	135766888	harbor1	chr4	135643372	135644955	LTR/ERVL-MaLR	9794	+	792	135644164	77276
chr4	135566888	135766888	harbor1	chr4	135644957	135645317	LTR/ERVL-MaLR	2280	+	180	135645137	78249
chr4	135566888	135766888	harbor1	chr4	135646683	135647025	LTR/ERVL-MaLR	1389	+	171	135646854	79966
chr4	135566888	135766888	harbor1	chr4	135662518	135662884	LTR/ERVL-MaLR	1916	+	183	135662701	95813
chr4	135566888	135766888	harbor1	chr4	135643006	135643369	LTR/ERVL-MaLR	2460	+	182	135643188	76300
chr4	16404468	16604468	harbor1	chr4	16415411	16415831	LTR/ERVL-MaLR	2594	+	210	16415621	11153
chr4	16404468	16604468	harbor1	chr4	16442593	16442688	LTR/ERVL-MaLR	402	+	48	16442641	38173
chr4	16404468	16604468	harbor1	chr4	16442786	16442973	LTR/ERVL-MaLR	424	+	94	16442880	38412
chr4	16404468	16604468	harbor1	chr4	16444633	16444975	LTR/ERVL-MaLR	1876	+	171	16444804	40336
chr4	16404468	16604468	harbor1	chr4	16467436	16467799	LTR/ERVL-MaLR	2755	+	182	16467618	63150
chr4	16404468	16604468	harbor1	chr4	16495986	16496340	LTR/ERVL-MaLR	1802	+	177	16496163	91695
chr4	16404468	16604468	harbor1	chr4	16497526	16497726	LTR/ERVL-MaLR	1154	+	100	16497626	93158
chr4	16404468	16604468	harbor1	chr4	16497728	16498108	LTR/ERVL-MaLR	2091	+	190	16497918	93450
chr4	16404468	16604468	harbor1	chr4	16499168	16499537	LTR/ERVL-MaLR	980	+	184	16499352	94884
chr4	44527873	44727873	harbor1	chr4	44529430	44529889	LTR/ERVL-MaLR	1003	+	230	44529660	1787
chr4	44527873	44727873	harbor1	chr4	44566389	44566563	LTR/ERVL-MaLR	1458	+	87	44566476	38603
chr4	44527873	44727873	harbor1	chr4	44567209	44567419	LTR/ERVL-MaLR	1458	+	105	44567314	39441
chr4	44527873	44727873	harbor1	chr4	44613494	44613607	LTR/ERVL-MaLR	1183	+	56	44613550	85677
chr4	44527873	44727873	harbor1	chr4	44613907	44614122	LTR/ERVL-MaLR	1183	+	108	44614015	86142
chr4	32934290	33134290	harbor1	chr4	32938891	32939085	LTR/ERVL-MaLR	507	+	97	32938988	4698
chr4	32934290	33134290	harbor1	chr4	32939167	32939304	LTR/ERVL-MaLR	522	+	68	32939235	4945
chr4	32934290	33134290	harbor1	chr4	32953088	32953381	LTR/ERVL-MaLR	529	+	146	32953234	18944
chr4	32934290	33134290	harbor1	chr4	32958649	32959069	LTR/ERVL-MaLR	533	+	210	32958859	24569
chr4	32934290	33134290	harbor1	chr4	32985548	32985735	LTR/ERVL-MaLR	1853	+	94	32985642	51352
chr4	32934290	33134290	harbor1	chr4	32985784	32986069	LTR/ERVL-MaLR	1853	+	142	32985926	51636
chr4	32934290	33134290	harbor1	chr4	32987077	32987427	LTR/ERVL-MaLR	1596	+	175	32987252	52962
chr4	32934290	33134290	harbor1	chr4	33006789	33006952	LTR/ERVL-MaLR	470	+	82	33006871	72581
chr4	32934290	33134290	harbor1	chr4	33007457	33007794	LTR/ERVL-MaLR	1187	+	168	33007625	73335
chr4	12388433	12588433	harbor1	chr4	12410599	12410958	LTR/ERVL-MaLR	2063	+	180	12410779	22346
chr4	12388433	12588433	harbor1	chr4	12474737	12475029	LTR/ERVL-MaLR	571	+	146	12474883	86450
chr4	27699988	27899988	harbor1	chr4	27701051	27701515	LTR/ERVL-MaLR	1937	+	232	27701283	1295
chr4	27699988	27899988	harbor1	chr4	27706376	27706872	LTR/ERVL-MaLR	1434	+	248	27706624	6636
chr4	27699988	27899988	harbor1	chr4	27714513	27714863	LTR/ERVL-MaLR	2269	+	175	27714688	14700
chr4	27699988	27899988	harbor1	chr4	27718792	27719034	LTR/ERVL-MaLR	568	+	121	27718913	18925
chr4	27699988	27899988	harbor1	chr4	27751274	27751555	LTR/ERVL-MaLR	1578	+	140	27751414	51426
chr4	27699988	27899988	harbor1	chr4	27752577	27752988	LTR/ERVL-MaLR	2048	+	206	27752783	52795
chr4	27699988	27899988	harbor1	chr4	27764493	27765021	LTR/ERVL-MaLR	1434	+	264	27764757	64769
chr4	27699988	27899988	harbor1	chr4	27780306	27780668	LTR/ERVL-MaLR	2342	+	181	27780487	80499
chr4	27699988	27899988	harbor1	chr4	27796150	27796632	LTR/ERVL-MaLR	607	+	241	27796391	96403
chr4	27699988	27899988	harbor1	chr4	27797853	27797879	LTR/ERVL-MaLR	448	+	13	27797866	97878
chr4	27699988	27899988	harbor1	chr4	27798252	27798544	LTR/ERVL-MaLR	448	+	146	27798398	98410
chr4	37503265	37703265	harbor1	chr4	37515011	37515355	LTR/ERVL-MaLR	1823	+	172	37515183	11918
chr4	37503265	37703265	harbor1	chr4	37553974	37554323	LTR/ERVL-MaLR	2579	+	174	37554148	50883
chr4	134887308	135087308	harbor1	chr4	134917814	134918242	LTR/ERVL-MaLR	1660	+	214	134918028	30720
chr4	134887308	135087308	harbor1	chr4	134931148	134931284	LTR/ERVL-MaLR	404	+	68	134931216	43908
chr4	134887308	135087308	harbor1	chr4	134936178	134936362	LTR/ERVL-MaLR	632	+	92	134936270	48962
chr4	134887308	135087308	harbor1	chr4	134961182	134961553	LTR/ERVL-MaLR	1618	+	186	134961368	74060
chr4	134887308	135087308	harbor1	chr4	134961556	134963106	LTR/ERVL-MaLR	9697	+	775	134962331	75023
chr4	134887308	135087308	harbor1	chr4	134963107	134963534	LTR/ERVL-MaLR	1392	+	214	134963321	76013
chr4	134887308	135087308	harbor1	chr4	134984709	134985072	LTR/ERVL-MaLR	1567	+	182	134984891	97583
chr4	134887308	135087308	harbor1	chr4	134987072	134987412	LTR/ERVL-MaLR	2097	+	170	134987242	99934
chr5	114406406	114606406	harbor1	chr5	114422198	114422560	LTR/ERVL-MaLR	2160	+	181	114422379	15973
chr5	44727948	44927948	harbor1	chr5	44752755	44753114	LTR/ERVL-MaLR	2587	+	180	44752935	24987
chr5	44727948	44927948	harbor1	chr5	44754332	44754762	LTR/ERVL-MaLR	1465	+	215	44754547	26599
chr5	44727948	44927948	harbor1	chr5	44755311	44755482	LTR/ERVL-MaLR	534	+	86	44755397	27449
chr5	44727948	44927948	harbor1	chr5	44755607	44755766	LTR/ERVL-MaLR	498	+	80	44755687	27739
chr5	44727948	44927948	harbor1	chr5	44761095	44761546	LTR/ERVL-MaLR	926	+	226	44761321	33373
chr5	44727948	44927948	harbor1	chr5	44761561	44762179	LTR/ERVL-MaLR	969	+	309	44761870	33922
chr5	44727948	44927948	harbor1	chr5	44806336	44806684	LTR/ERVL-MaLR	1253	+	174	44806510	78562
chr5	44727948	44927948	harbor1	chr5	44817551	44817906	LTR/ERVL-MaLR	1930	+	178	44817729	89781
chr5	9059748	9259748	harbor1	chr5	9080852	9081402	LTR/ERVL-MaLR	1198	+	275	9081127	21379
chr5	9059748	9259748	harbor1	chr5	9084370	9084721	LTR/ERVL-MaLR	2230	+	176	9084546	24798
chr5	9059748	9259748	harbor1	chr5	9084724	9086281	LTR/ERVL-MaLR	11661	+	778	9085502	25754
chr5	9059748	9259748	harbor1	chr5	9086283	9086650	LTR/ERVL-MaLR	1899	+	184	9086467	26719
chr5	9059748	9259748	harbor1	chr5	9112696	9113216	LTR/ERVL-MaLR	1041	+	260	9112956	53208
chr5	9059748	9259748	harbor1	chr5	9113231	9113417	LTR/ERVL-MaLR	621	+	93	9113324	53576
chr5	9059748	9259748	harbor1	chr5	9114488	9115736	LTR/ERVL-MaLR	4018	+	624	9115112	55364
chr5	9059748	9259748	harbor1	chr5	9115746	9116306	LTR/ERVL-MaLR	1006	+	280	9116026	56278
chr5	9059748	9259748	harbor1	chr5	9128239	9128504	LTR/ERVL-MaLR	619	+	132	9128371	68623
chr5	9059748	9259748	harbor1	chr5	9132286	9132620	LTR/ERVL-MaLR	1052	+	167	9132453	72705
chr5	9059748	9259748	harbor1	chr5	9133840	9134200	LTR/ERVL-MaLR	2016	+	180	9134020	74272
chr5	148364371	148564371	harbor1	chr5	148381223	148381736	LTR/ERVL-MaLR	797	+	256	148381479	17108
chr5	148364371	148564371	harbor1	chr5	148410179	148410561	LTR/ERVL-MaLR	1874	+	191	148410370	45999
chr5	177550980	177750980	harbor1	chr5	177579930	177580038	LTR/ERVL-MaLR	1000	+	54	177579984	29004
chr5	177550980	177750980	harbor1	chr5	177580329	177580698	LTR/ERVL-MaLR	1000	+	184	177580513	29533
chr5	177550980	177750980	harbor1	chr5	177583750	177583952	LTR/ERVL-MaLR	2128	+	101	177583851	32871
chr5	177550980	177750980	harbor1	chr5	177584260	177584500	LTR/ERVL-MaLR	2128	+	120	177584380	33400
chr5	177550980	177750980	harbor1	chr5	177619446	177619810	LTR/ERVL-MaLR	750	+	182	177619628	68648
chr5	177550980	177750980	harbor1	chr5	177647512	177648595	LTR/ERVL-MaLR	4594	+	542	177648054	97074
chr5	177550980	177750980	harbor1	chr5	177648598	177648979	LTR/ERVL-MaLR	2098	+	190	177648788	97808
chr5	95433082	95633082	harbor1	chr5	95475232	95475642	LTR/ERVL-MaLR	2597	+	205	95475437	42355
chr5	95433082	95633082	harbor1	chr5	95481174	95481514	LTR/ERVL-MaLR	2211	+	170	95481344	48262
chr5	95433082	95633082	harbor1	chr5	95499149	95499542	LTR/ERVL-MaLR	2324	+	196	95499345	66263
chr5	95433082	95633082	harbor1	chr5	95517762	95518124	LTR/ERVL-MaLR	1708	+	181	95517943	84861
chr5	50410718	50610718	harbor1	chr5	50463877	50464103	LTR/ERVL-MaLR	996	+	113	50463990	53272
chr5	50410718	50610718	harbor1	chr5	50466409	50466758	LTR/ERVL-MaLR	1480	+	174	50466583	55865
chr5	50410718	50610718	harbor1	chr5	50473909	50474278	LTR/ERVL-MaLR	2461	+	184	50474093	63375
chr5	50410718	50610718	harbor1	chr5	50474285	50475962	LTR/ERVL-MaLR	10687	+	838	50475123	64405
chr5	50410718	50610718	harbor1	chr5	50475963	50476324	LTR/ERVL-MaLR	2212	+	180	50476143	65425
chr5	112039980	112239980	harbor1	chr5	112053586	112053956	LTR/ERVL-MaLR	2511	+	185	112053771	13791
chr5	112039980	112239980	harbor1	chr5	112053957	112055535	LTR/ERVL-MaLR	9365	+	789	112054746	14766
chr5	112039980	112239980	harbor1	chr5	112055536	112055916	LTR/ERVL-MaLR	2740	+	190	112055726	15746
chr5	112039980	112239980	harbor1	chr5	112124522	112124922	LTR/ERVL-MaLR	1895	+	200	112124722	84742
chr5	112039980	112239980	harbor1	chr5	112127392	112127568	LTR/ERVL-MaLR	464	+	88	112127480	87500
chr5	112039980	112239980	harbor1	chr5	112130023	112130167	LTR/ERVL-MaLR	446	+	72	112130095	90115
chr5	112039980	112239980	harbor1	chr5	112135455	112135973	LTR/ERVL-MaLR	2407	+	259	112135714	95734
chr5	112039980	112239980	harbor1	chr5	112115361	112115812	LTR/ERVL-MaLR	926	+	226	112115587	75607
chr5	70055089	70255089	harbor1	chr5	70088068	70088283	LTR/ERVL-MaLR	1459	+	108	70088176	33087
chr5	70055089	70255089	harbor1	chr5	70088284	70088424	LTR/ERVL-MaLR	9701	+	70	70088354	33265
chr5	70055089	70255089	harbor1	chr5	70088738	70090206	LTR/ERVL-MaLR	9701	+	734	70089472	34383
chr5	70055089	70255089	harbor1	chr5	70090207	70090559	LTR/ERVL-MaLR	1808	+	176	70090383	35294
chr5	70055089	70255089	harbor1	chr5	70124947	70125090	LTR/ERVL-MaLR	672	+	72	70125019	69930
chr5	70055089	70255089	harbor1	chr5	70125128	70125150	LTR/ERVL-MaLR	672	+	11	70125139	70050
chr5	70055089	70255089	harbor1	chr5	70125440	70125500	LTR/ERVL-MaLR	672	+	30	70125470	70381
chr5	177516851	177716851	harbor1	chr5	177540377	177540795	LTR/ERVL-MaLR	757	+	209	177540586	23735
chr5	177516851	177716851	harbor1	chr5	177579930	177580038	LTR/ERVL-MaLR	1000	+	54	177579984	63133
chr5	177516851	177716851	harbor1	chr5	177580329	177580698	LTR/ERVL-MaLR	1000	+	184	177580513	63662
chr5	177516851	177716851	harbor1	chr5	177583750	177583952	LTR/ERVL-MaLR	2128	+	101	177583851	67000
chr5	177516851	177716851	harbor1	chr5	177584260	177584500	LTR/ERVL-MaLR	2128	+	120	177584380	67529
chr5	114862092	115062092	harbor1	chr5	114901560	114901787	LTR/ERVL-MaLR	1331	+	114	114901674	39582
chr5	114862092	115062092	harbor1	chr5	114923028	114923399	LTR/ERVL-MaLR	833	+	186	114923214	61122
chr5	114862092	115062092	harbor1	chr5	114937970	114938321	LTR/ERVL-MaLR	1800	+	176	114938146	76054
chr5	114862092	115062092	harbor1	chr5	114938322	114939946	LTR/ERVL-MaLR	10229	+	812	114939134	77042
chr5	114862092	115062092	harbor1	chr5	114939947	114940300	LTR/ERVL-MaLR	1844	+	176	114940123	78031
chr5	114862092	115062092	harbor1	chr5	114953754	114954035	LTR/ERVL-MaLR	1285	+	140	114953894	91802
chr5	114862092	115062092	harbor1	chr5	114954036	114954383	LTR/ERVL-MaLR	2260	+	174	114954210	92118
chr5	114862092	115062092	harbor1	chr5	114954386	114955978	LTR/ERVL-MaLR	10357	+	796	114955182	93090
chr5	114862092	115062092	harbor1	chr5	114955981	114956331	LTR/ERVL-MaLR	2356	+	175	114956156	94064
chr5	114862092	115062092	harbor1	chr5	114956332	114956599	LTR/ERVL-MaLR	1285	+	134	114956466	94374
chr5	96307567	96507567	harbor1	chr5	96315605	96316153	LTR/ERVL-MaLR	1859	+	274	96315879	8312
chr5	96307567	96507567	harbor1	chr5	96351269	96351593	LTR/ERVL-MaLR	995	+	162	96351431	43864
chr5	96307567	96507567	harbor1	chr5	96352684	96353045	LTR/ERVL-MaLR	2098	+	180	96352864	45297
chr5	96307567	96507567	harbor1	chr5	96374574	96375103	LTR/ERVL-MaLR	461	+	264	96374838	67271
chr5	180658311	180858311	harbor1	chr5	180667961	180668063	LTR/ERVL-MaLR	655	+	51	180668012	9701
chr5	180658311	180858311	harbor1	chr5	180668367	180668532	LTR/ERVL-MaLR	655	+	82	180668449	10138
chr5	180658311	180858311	harbor1	chr5	180719074	180719460	LTR/ERVL-MaLR	1925	+	193	180719267	60956
chr5	180658311	180858311	harbor1	chr5	180721142	180721269	LTR/ERVL-MaLR	716	+	64	180721206	62895
chr5	52580682	52780682	harbor1	chr5	52594268	52594620	LTR/ERVL-MaLR	1640	+	176	52594444	13762
chr5	52580682	52780682	harbor1	chr5	52595363	52595786	LTR/ERVL-MaLR	2441	+	212	52595575	14893
chr5	52580682	52780682	harbor1	chr5	52618744	52619115	LTR/ERVL-MaLR	1688	+	186	52618930	38248
chr5	52580682	52780682	harbor1	chr5	52640062	52640446	LTR/ERVL-MaLR	1297	+	192	52640254	59572
chr5	52580682	52780682	harbor1	chr5	52643901	52644264	LTR/ERVL-MaLR	2069	+	182	52644083	63401
chr5	52580682	52780682	harbor1	chr5	52644268	52645854	LTR/ERVL-MaLR	11009	+	793	52645061	64379
chr5	52580682	52780682	harbor1	chr5	52645864	52646218	LTR/ERVL-MaLR	1793	+	177	52646041	65359
chr5	52580682	52780682	harbor1	chr5	52608990	52609334	LTR/ERVL-MaLR	2338	+	172	52609162	28480
chr5	83427109	83627109	harbor1	chr5	83432556	83432986	LTR/ERVL-MaLR	1216	+	215	83432771	5662
chr5	113279058	113479058	harbor1	chr5	113289409	113289841	LTR/ERVL-MaLR	779	+	216	113289625	10567
chr5	113279058	113479058	harbor1	chr5	113310109	113310497	LTR/ERVL-MaLR	2154	+	194	113310303	31245
chr5	113279058	113479058	harbor1	chr5	113311183	113311428	LTR/ERVL-MaLR	440	+	122	113311305	32247
chr5	113279058	113479058	harbor1	chr5	113322831	113323351	LTR/ERVL-MaLR	3044	+	260	113323091	44033
chr5	113279058	113479058	harbor1	chr5	113341527	113341844	LTR/ERVL-MaLR	580	+	158	113341685	62627
chr5	113279058	113479058	harbor1	chr5	113342420	113342480	LTR/ERVL-MaLR	580	+	30	113342450	63392
chr5	113279058	113479058	harbor1	chr5	113376687	113377130	LTR/ERVL-MaLR	1102	+	222	113376909	97851
chr5	171431517	171631517	harbor1	chr5	171470203	171470261	LTR/ERVL-MaLR	1250	+	29	171470232	38715
chr5	171431517	171631517	harbor1	chr5	171470539	171470703	LTR/ERVL-MaLR	1250	+	82	171470621	39104
chr5	171431517	171631517	harbor1	chr5	171470957	171471260	LTR/ERVL-MaLR	1250	+	152	171471109	39592
chr5	171431517	171631517	harbor1	chr5	171478150	171478507	LTR/ERVL-MaLR	875	+	178	171478328	46811
chr5	171431517	171631517	harbor1	chr5	171486774	171487193	LTR/ERVL-MaLR	1192	+	210	171486984	55467
chr5	96180165	96380165	harbor1	chr5	96192652	96192986	LTR/ERVL-MaLR	860	+	167	96192819	12654
chr5	96180165	96380165	harbor1	chr5	96220107	96220295	LTR/ERVL-MaLR	580	+	94	96220201	40036
chr5	96180165	96380165	harbor1	chr5	96221078	96221190	LTR/ERVL-MaLR	496	+	56	96221134	40969
chr5	96180165	96380165	harbor1	chr5	96223500	96223704	LTR/ERVL-MaLR	864	+	102	96223602	43437
chr5	96180165	96380165	harbor1	chr5	96224303	96224764	LTR/ERVL-MaLR	1231	+	230	96224533	44368
chr5	96180165	96380165	harbor1	chr5	96228076	96228345	LTR/ERVL-MaLR	642	+	134	96228210	48045
chr5	96180165	96380165	harbor1	chr5	96268805	96269182	LTR/ERVL-MaLR	2039	+	188	96268993	88828
chr5	164730783	164930783	harbor1	chr5	164758953	164759321	LTR/ERVL-MaLR	2109	+	184	164759137	28354
chr5	164730783	164930783	harbor1	chr5	164813295	164813590	LTR/ERVL-MaLR	1224	+	148	164813443	82660
chr5	104760047	104960047	harbor1	chr5	104766487	104767038	LTR/ERVL-MaLR	1196	+	276	104766763	6716
chr5	104760047	104960047	harbor1	chr5	104784959	104785301	LTR/ERVL-MaLR	2381	+	171	104785130	25083
chr5	104760047	104960047	harbor1	chr5	104785303	104786865	LTR/ERVL-MaLR	10818	+	781	104786084	26037
chr5	104760047	104960047	harbor1	chr5	104786866	104787211	LTR/ERVL-MaLR	2391	+	172	104787038	26991
chr5	104760047	104960047	harbor1	chr5	104820170	104820787	LTR/ERVL-MaLR	1484	+	308	104820478	60431
chr5	104760047	104960047	harbor1	chr5	104832932	104833310	LTR/ERVL-MaLR	1207	+	189	104833121	73074
chr5	7109963	7309963	harbor1	chr5	7117654	7117857	LTR/ERVL-MaLR	1180	+	102	7117756	7793
chr5	7109963	7309963	harbor1	chr5	7118982	7119190	LTR/ERVL-MaLR	613	+	104	7119086	9123
chr5	7109963	7309963	harbor1	chr5	7119255	7119357	LTR/ERVL-MaLR	527	+	51	7119306	9343
chr5	7109963	7309963	harbor1	chr5	7134720	7135067	LTR/ERVL-MaLR	1082	+	174	7134894	24931
chr5	7109963	7309963	harbor1	chr5	7183366	7183666	LTR/ERVL-MaLR	774	+	150	7183516	73553
chr5	7109963	7309963	harbor1	chr5	7110347	7110677	LTR/ERVL-MaLR	1664	+	165	7110512	549
chr5	22138530	22338530	harbor1	chr5	22188025	22188470	LTR/ERVL-MaLR	2309	+	222	22188247	49717
chr5	22138530	22338530	harbor1	chr5	22226205	22226592	LTR/ERVL-MaLR	927	+	194	22226399	87869
chr5	22138530	22338530	harbor1	chr5	22234240	22234621	LTR/ERVL-MaLR	2246	+	190	22234430	95900
chr5	22138530	22338530	harbor1	chr5	22237351	22237683	LTR/ERVL-MaLR	1510	+	166	22237517	98987
chr5	92843353	93043353	harbor1	chr5	92888769	92889174	LTR/ERVL-MaLR	1485	+	202	92888971	45618
chr5	92843353	93043353	harbor1	chr5	92930911	92931388	LTR/ERVL-MaLR	1630	+	238	92931149	87796
chr5	15139137	15339137	harbor1	chr5	15164635	15165081	LTR/ERVL-MaLR	1391	+	223	15164858	25721
chr5	15139137	15339137	harbor1	chr5	15165082	15166397	LTR/ERVL-MaLR	1723	+	658	15165740	26603
chr5	15139137	15339137	harbor1	chr5	15166891	15166943	LTR/ERVL-MaLR	1723	+	26	15166917	27780
chr5	15139137	15339137	harbor1	chr5	15166956	15167454	LTR/ERVL-MaLR	1143	+	249	15167205	28068
chr5	15139137	15339137	harbor1	chr5	15193499	15193869	LTR/ERVL-MaLR	1681	+	185	15193684	54547
chr5	15139137	15339137	harbor1	chr5	15194334	15194686	LTR/ERVL-MaLR	2152	+	176	15194510	55373
chr5	15139137	15339137	harbor1	chr5	15195301	15195359	LTR/ERVL-MaLR	795	+	29	15195330	56193
chr5	15139137	15339137	harbor1	chr5	15195731	15196123	LTR/ERVL-MaLR	795	+	196	15195927	56790
chr5	15139137	15339137	harbor1	chr5	15204515	15204891	LTR/ERVL-MaLR	2004	+	188	15204703	65566
chr5	51549445	51749445	harbor1	chr5	51603261	51603632	LTR/ERVL-MaLR	1644	+	186	51603447	54002
chr5	51549445	51749445	harbor1	chr5	51604413	51604848	LTR/ERVL-MaLR	1575	+	218	51604631	55186
chr5	51549445	51749445	harbor1	chr5	51611091	51611446	LTR/ERVL-MaLR	1237	+	178	51611269	61824
chr5	51549445	51749445	harbor1	chr5	51634718	51635032	LTR/ERVL-MaLR	429	+	157	51634875	85430
chr5	51549445	51749445	harbor1	chr5	51636048	51636543	LTR/ERVL-MaLR	1080	+	248	51636296	86851
chr5	51549445	51749445	harbor1	chr5	51647030	51647387	LTR/ERVL-MaLR	1753	+	178	51647208	97763
chr5	95975372	96175372	harbor1	chr5	96007452	96007623	LTR/ERVL-MaLR	853	+	86	96007538	32166
chr5	95975372	96175372	harbor1	chr5	96007936	96008174	LTR/ERVL-MaLR	1126	+	119	96008055	32683
chr5	95975372	96175372	harbor1	chr5	96008458	96008751	LTR/ERVL-MaLR	546	+	146	96008604	33232
chr5	95975372	96175372	harbor1	chr5	96041823	96042349	LTR/ERVL-MaLR	538	+	263	96042086	66714
chr5	95975372	96175372	harbor1	chr5	96044184	96044553	LTR/ERVL-MaLR	1849	+	184	96044368	68996
chr5	95975372	96175372	harbor1	chr5	96074249	96074614	LTR/ERVL-MaLR	1507	+	182	96074431	99059
chr5	22925057	23125057	harbor1	chr5	22947290	22947536	LTR/ERVL-MaLR	994	+	123	22947413	22356
chr5	22925057	23125057	harbor1	chr5	22948030	22948348	LTR/ERVL-MaLR	1123	+	159	22948189	23132
chr5	22925057	23125057	harbor1	chr5	22967179	22967545	LTR/ERVL-MaLR	2096	+	183	22967362	42305
chr5	22925057	23125057	harbor1	chr5	22981604	22981798	LTR/ERVL-MaLR	910	+	97	22981701	56644
chr5	22925057	23125057	harbor1	chr5	22981799	22982153	LTR/ERVL-MaLR	1974	+	177	22981976	56919
chr5	22925057	23125057	harbor1	chr5	22982154	22982250	LTR/ERVL-MaLR	910	+	48	22982202	57145
chr5	22925057	23125057	harbor1	chr5	23008532	23008893	LTR/ERVL-MaLR	1352	+	180	23008712	83655
chr5	22925057	23125057	harbor1	chr5	23020631	23020996	LTR/ERVL-MaLR	723	+	182	23020813	95756
chr5	22925057	23125057	harbor1	chr5	23021108	23021319	LTR/ERVL-MaLR	659	+	106	23021214	96157
chr5	22925057	23125057	harbor1	chr5	23022195	23022553	LTR/ERVL-MaLR	1145	+	179	23022374	97317
chr5	99621094	99821094	harbor1	chr5	99658851	99659252	LTR/ERVL-MaLR	2128	+	200	99659051	37957
chr5	99621094	99821094	harbor1	chr5	99662862	99663088	LTR/ERVL-MaLR	1377	+	113	99662975	41881
chr5	75317080	75517080	harbor1	chr5	75324738	75325080	LTR/ERVL-MaLR	473	+	171	75324909	7829
chr5	75317080	75517080	harbor1	chr5	75329898	75330029	LTR/ERVL-MaLR	1063	+	66	75329964	12884
chr5	75317080	75517080	harbor1	chr5	75330066	75330340	LTR/ERVL-MaLR	1063	+	137	75330203	13123
chr5	112373528	112573528	harbor1	chr5	112402034	112402384	LTR/ERVL-MaLR	2115	+	175	112402209	28681
chr5	112373528	112573528	harbor1	chr5	112405026	112405468	LTR/ERVL-MaLR	1161	+	221	112405247	31719
chr5	112373528	112573528	harbor1	chr5	112410713	112411099	LTR/ERVL-MaLR	554	+	193	112410906	37378
chr5	112373528	112573528	harbor1	chr5	112432073	112432423	LTR/ERVL-MaLR	2399	+	175	112432248	58720
chr5	112373528	112573528	harbor1	chr5	112442574	112442802	LTR/ERVL-MaLR	417	+	114	112442688	69160
chr5	157245832	157445832	harbor1	chr5	157257269	157257639	LTR/ERVL-MaLR	2086	+	185	157257454	11622
chr5	33444330	33644330	harbor1	chr5	33475725	33476091	LTR/ERVL-MaLR	1885	+	183	33475908	31578
chr5	33444330	33644330	harbor1	chr5	33480482	33480620	LTR/ERVL-MaLR	780	+	69	33480551	36221
chr5	33444330	33644330	harbor1	chr5	33480632	33480805	LTR/ERVL-MaLR	663	+	86	33480718	36388
chr5	33444330	33644330	harbor1	chr5	33504720	33504834	LTR/ERVL-MaLR	520	+	57	33504777	60447
chr5	33444330	33644330	harbor1	chr5	33519169	33519523	LTR/ERVL-MaLR	2497	+	177	33519346	75016
chr5	33444330	33644330	harbor1	chr5	33530846	33531311	LTR/ERVL-MaLR	1222	+	232	33531078	86748
chr5	33444330	33644330	harbor1	chr5	33535285	33535567	LTR/ERVL-MaLR	536	+	141	33535426	91096
chr5	123076963	123276963	harbor1	chr5	123080587	123080977	LTR/ERVL-MaLR	703	+	195	123080782	3819
chr5	123076963	123276963	harbor1	chr5	123138876	123139230	LTR/ERVL-MaLR	2243	+	177	123139053	62090
chr5	59115188	59315188	harbor1	chr5	59156399	59156707	LTR/ERVL-MaLR	855	+	154	59156553	41365
chr5	59115188	59315188	harbor1	chr5	59177056	59177368	LTR/ERVL-MaLR	1150	+	156	59177212	62024
chr5	59115188	59315188	harbor1	chr5	59194852	59195220	LTR/ERVL-MaLR	1549	+	184	59195036	79848
chr5	59115188	59315188	harbor1	chr5	59202567	59202907	LTR/ERVL-MaLR	1954	+	170	59202737	87549
chr5	60655448	60855448	harbor1	chr5	60666935	60667064	LTR/ERVL-MaLR	445	+	64	60666999	11551
chr5	60655448	60855448	harbor1	chr5	60705505	60705696	LTR/ERVL-MaLR	840	+	96	60705601	50153
chr5	60655448	60855448	harbor1	chr5	60705714	60705951	LTR/ERVL-MaLR	872	+	118	60705832	50384
chr5	60655448	60855448	harbor1	chr5	60708430	60708827	LTR/ERVL-MaLR	2295	+	198	60708628	53180
chr5	60655448	60855448	harbor1	chr5	60717458	60717854	LTR/ERVL-MaLR	2077	+	198	60717656	62208
chr5	60655448	60855448	harbor1	chr5	60727151	60727666	LTR/ERVL-MaLR	1464	+	258	60727409	71961
chr5	60655448	60855448	harbor1	chr5	60748908	60749422	LTR/ERVL-MaLR	861	+	257	60749165	93717
chr5	60655448	60855448	harbor1	chr5	60749817	60749991	LTR/ERVL-MaLR	460	+	87	60749904	94456
chr5	43783044	43983044	harbor1	chr5	43807654	43808144	LTR/ERVL-MaLR	862	+	245	43807899	24855
chr5	43783044	43983044	harbor1	chr5	43814633	43815052	LTR/ERVL-MaLR	2227	+	210	43814843	31799
chr5	43783044	43983044	harbor1	chr5	43815054	43816594	LTR/ERVL-MaLR	8837	+	770	43815824	32780
chr5	43783044	43983044	harbor1	chr5	43816595	43817005	LTR/ERVL-MaLR	2316	+	205	43816800	33756
chr5	43783044	43983044	harbor1	chr5	43837859	43838109	LTR/ERVL-MaLR	1479	+	125	43837984	54940
chr5	43783044	43983044	harbor1	chr5	43881423	43881807	LTR/ERVL-MaLR	2188	+	192	43881615	98571
chr5	111051662	111251662	harbor1	chr5	111063426	111063775	LTR/ERVL-MaLR	1537	+	174	111063600	11938
chr5	111051662	111251662	harbor1	chr5	111082294	111082696	LTR/ERVL-MaLR	1355	+	201	111082495	30833
chr5	119385142	119585142	harbor1	chr5	119407289	119407349	LTR/ERVL-MaLR	1193	+	30	119407319	22177
chr5	119385142	119585142	harbor1	chr5	119407648	119408130	LTR/ERVL-MaLR	1193	+	241	119407889	22747
chr5	119385142	119585142	harbor1	chr5	119410397	119410649	LTR/ERVL-MaLR	538	+	126	119410523	25381
chr5	119385142	119585142	harbor1	chr5	119413058	119413228	LTR/ERVL-MaLR	940	+	85	119413143	28001
chr5	119385142	119585142	harbor1	chr5	119415547	119415941	LTR/ERVL-MaLR	1444	+	197	119415744	30602
chr5	119385142	119585142	harbor1	chr5	119419444	119419805	LTR/ERVL-MaLR	2523	+	180	119419624	34482
chr5	119385142	119585142	harbor1	chr5	119419808	119421273	LTR/ERVL-MaLR	10666	+	732	119420540	35398
chr5	119385142	119585142	harbor1	chr5	119421569	119421626	LTR/ERVL-MaLR	10666	+	28	119421597	36455
chr5	119385142	119585142	harbor1	chr5	119421627	119421990	LTR/ERVL-MaLR	2618	+	182	119421809	36667
chr5	119385142	119585142	harbor1	chr5	119465289	119465632	LTR/ERVL-MaLR	1624	+	172	119465461	80319
chr5	118312744	118512744	harbor1	chr5	118317433	118317741	LTR/ERVL-MaLR	1803	+	154	118317587	4843
chr5	118312744	118512744	harbor1	chr5	118320067	118320378	LTR/ERVL-MaLR	680	+	156	118320223	7479
chr5	118312744	118512744	harbor1	chr5	118340705	118341069	LTR/ERVL-MaLR	2232	+	182	118340887	28143
chr5	2800473	3000473	harbor1	chr5	2805080	2805439	LTR/ERVL-MaLR	1787	+	180	2805260	4787
chr5	2800473	3000473	harbor1	chr5	2808444	2808702	LTR/ERVL-MaLR	669	+	129	2808573	8100
chr5	2800473	3000473	harbor1	chr5	2834686	2835079	LTR/ERVL-MaLR	1880	+	196	2834882	34409
chr5	2800473	3000473	harbor1	chr5	2857843	2858356	LTR/ERVL-MaLR	1497	+	256	2858099	57626
chr5	2800473	3000473	harbor1	chr5	2874163	2874457	LTR/ERVL-MaLR	608	+	147	2874310	73837
chr5	2800473	3000473	harbor1	chr5	2884487	2884974	LTR/ERVL-MaLR	776	+	244	2884731	84258
chr5	42579741	42779741	harbor1	chr5	42606993	42607281	LTR/ERVL-MaLR	1526	+	144	42607137	27396
chr5	42579741	42779741	harbor1	chr5	42629273	42629658	LTR/ERVL-MaLR	2108	+	192	42629465	49724
chr5	41759133	41959133	harbor1	chr5	41765186	41765524	LTR/ERVL-MaLR	800	+	169	41765355	6222
chr5	41759133	41959133	harbor1	chr5	41768103	41768451	LTR/ERVL-MaLR	837	+	174	41768277	9144
chr5	41759133	41959133	harbor1	chr5	41806421	41806815	LTR/ERVL-MaLR	2095	+	197	41806618	47485
chr5	41759133	41959133	harbor1	chr5	41825701	41825897	LTR/ERVL-MaLR	575	+	98	41825799	66666
chr5	41759133	41959133	harbor1	chr5	41851864	41852191	LTR/ERVL-MaLR	1164	+	164	41852028	92895
chr5	98711181	98911181	harbor1	chr5	98727222	98727443	LTR/ERVL-MaLR	815	+	110	98727332	16151
chr5	98711181	98911181	harbor1	chr5	98756832	98757203	LTR/ERVL-MaLR	2243	+	186	98757018	45837
chr5	98711181	98911181	harbor1	chr5	98713507	98713880	LTR/ERVL-MaLR	2696	+	186	98713693	2512
chr5	66900052	67100052	harbor1	chr5	66909713	66910064	LTR/ERVL-MaLR	2084	+	176	66909889	9837
chr5	66900052	67100052	harbor1	chr5	66929541	66929991	LTR/ERVL-MaLR	892	+	225	66929766	29714
chr5	66900052	67100052	harbor1	chr5	66949258	66949625	LTR/ERVL-MaLR	2255	+	184	66949442	49390
chr5	66900052	67100052	harbor1	chr5	66974921	66975116	LTR/ERVL-MaLR	797	+	98	66975019	74967
chr5	66900052	67100052	harbor1	chr5	66975130	66975321	LTR/ERVL-MaLR	708	+	96	66975226	75174
chr5	99495896	99695896	harbor1	chr5	99568018	99568449	LTR/ERVL-MaLR	771	+	216	99568234	72338
chr5	99495896	99695896	harbor1	chr5	99575235	99575447	LTR/ERVL-MaLR	1386	+	106	99575341	79445
chr5	99495896	99695896	harbor1	chr5	99575479	99575679	LTR/ERVL-MaLR	1386	+	100	99575579	79683
chr5	99495896	99695896	harbor1	chr5	99575680	99577307	LTR/ERVL-MaLR	8986	+	814	99576494	80598
chr5	99495896	99695896	harbor1	chr5	99577315	99577614	LTR/ERVL-MaLR	1066	+	150	99577465	81569
chr5	99495896	99695896	harbor1	chr5	99585973	99586122	LTR/ERVL-MaLR	673	+	74	99586047	90151
chr5	99495896	99695896	harbor1	chr5	99586152	99586447	LTR/ERVL-MaLR	3433	+	148	99586300	90404
chr5	99495896	99695896	harbor1	chr5	99586735	99587342	LTR/ERVL-MaLR	3433	+	304	99587039	91143
chr5	99495896	99695896	harbor1	chr5	99587642	99587918	LTR/ERVL-MaLR	3433	+	138	99587780	91884
chr5	99495896	99695896	harbor1	chr5	99587996	99588414	LTR/ERVL-MaLR	1745	+	209	99588205	92309
chr5	55663692	55863692	harbor1	chr5	55674303	55674694	LTR/ERVL-MaLR	1646	+	196	55674499	10807
chr5	55663692	55863692	harbor1	chr5	55680353	55680675	LTR/ERVL-MaLR	1236	+	161	55680514	16822
chr5	55663692	55863692	harbor1	chr5	55707727	55708108	LTR/ERVL-MaLR	1879	+	190	55707917	44225
chr5	55663692	55863692	harbor1	chr5	55716441	55716813	LTR/ERVL-MaLR	1991	+	186	55716627	52935
chr5	55663692	55863692	harbor1	chr5	55716814	55718274	LTR/ERVL-MaLR	12228	+	730	55717544	53852
chr5	55663692	55863692	harbor1	chr5	55718573	55718699	LTR/ERVL-MaLR	12228	+	63	55718636	54944
chr5	55663692	55863692	harbor1	chr5	55718704	55718865	LTR/ERVL-MaLR	1978	+	80	55718784	55092
chr5	55663692	55863692	harbor1	chr5	55719174	55719399	LTR/ERVL-MaLR	1978	+	112	55719286	55594
chr5	55663692	55863692	harbor1	chr5	55727995	55728379	LTR/ERVL-MaLR	1960	+	192	55728187	64495
chr5	55663692	55863692	harbor1	chr5	55729718	55730284	LTR/ERVL-MaLR	803	+	283	55730001	66309
chr5	65814010	66014010	harbor1	chr5	65836925	65837112	LTR/ERVL-MaLR	645	+	94	65837019	23009
chr5	65814010	66014010	harbor1	chr5	65853224	65853603	LTR/ERVL-MaLR	2129	+	190	65853414	39404
chr5	65814010	66014010	harbor1	chr5	65854089	65854225	LTR/ERVL-MaLR	609	+	68	65854157	40147
chr5	65814010	66014010	harbor1	chr5	65854941	65855125	LTR/ERVL-MaLR	1033	+	92	65855033	41023
chr5	101394276	101594276	harbor1	chr5	101439242	101439643	LTR/ERVL-MaLR	1857	+	200	101439442	45166
chr5	101394276	101594276	harbor1	chr5	101439873	101440204	LTR/ERVL-MaLR	1004	+	166	101440039	45763
chr5	101394276	101594276	harbor1	chr5	101488320	101488732	LTR/ERVL-MaLR	1775	+	206	101488526	94250
chr5	27914713	28114713	harbor1	chr5	27971099	27971462	LTR/ERVL-MaLR	1660	+	182	27971281	56568
chr5	27914713	28114713	harbor1	chr5	27975940	27976091	LTR/ERVL-MaLR	747	+	76	27976016	61303
chr5	27914713	28114713	harbor1	chr5	27988313	27988687	LTR/ERVL-MaLR	1033	+	187	27988500	73787
chr5	27914713	28114713	harbor1	chr5	27991175	27991531	LTR/ERVL-MaLR	1896	+	178	27991353	76640
chr5	27914713	28114713	harbor1	chr5	28009592	28009983	LTR/ERVL-MaLR	1677	+	196	28009788	95075
chr5	27914713	28114713	harbor1	chr5	28010511	28010869	LTR/ERVL-MaLR	1910	+	179	28010690	95977
chr5	27914713	28114713	harbor1	chr5	28010870	28011638	LTR/ERVL-MaLR	5119	+	384	28011254	96541
chr5	42277158	42477158	harbor1	chr5	42281516	42282055	LTR/ERVL-MaLR	1220	+	270	42281786	4628
chr5	42277158	42477158	harbor1	chr5	42291607	42292056	LTR/ERVL-MaLR	1995	+	224	42291831	14673
chr5	42277158	42477158	harbor1	chr5	42299137	42299355	LTR/ERVL-MaLR	723	+	109	42299246	22088
chr5	42277158	42477158	harbor1	chr5	42299706	42299858	LTR/ERVL-MaLR	880	+	76	42299782	22624
chr5	42277158	42477158	harbor1	chr5	42314669	42314911	LTR/ERVL-MaLR	932	+	121	42314790	37632
chr5	42277158	42477158	harbor1	chr5	42323143	42323614	LTR/ERVL-MaLR	1612	+	236	42323379	46221
chr5	42277158	42477158	harbor1	chr5	42334009	42334080	LTR/ERVL-MaLR	464	+	36	42334045	56887
chr5	42277158	42477158	harbor1	chr5	42334081	42334455	LTR/ERVL-MaLR	2504	+	187	42334268	57110
chr5	42277158	42477158	harbor1	chr5	42346926	42347278	LTR/ERVL-MaLR	1890	+	176	42347102	69944
chr5	42277158	42477158	harbor1	chr5	42347279	42348883	LTR/ERVL-MaLR	10333	+	802	42348081	70923
chr5	42277158	42477158	harbor1	chr5	42348884	42349245	LTR/ERVL-MaLR	2094	+	180	42349064	71906
chr5	42277158	42477158	harbor1	chr5	42364499	42364759	LTR/ERVL-MaLR	991	+	130	42364629	87471
chr5	42277158	42477158	harbor1	chr5	42375547	42375925	LTR/ERVL-MaLR	1982	+	189	42375736	98578
chr5	42277158	42477158	harbor1	chr5	42286779	42287166	LTR/ERVL-MaLR	2262	+	194	42286973	9815
chr5	143816291	144016291	harbor1	chr5	143847119	143847500	LTR/ERVL-MaLR	1266	+	190	143847309	31018
chr5	143816291	144016291	harbor1	chr5	143847829	143848092	LTR/ERVL-MaLR	989	+	132	143847961	31670
chr5	143816291	144016291	harbor1	chr5	143848672	143848897	LTR/ERVL-MaLR	989	+	112	143848784	32493
chr5	143816291	144016291	harbor1	chr5	143860092	143860519	LTR/ERVL-MaLR	622	+	214	143860306	44015
chr5	143816291	144016291	harbor1	chr5	143861551	143861922	LTR/ERVL-MaLR	1686	+	186	143861737	45446
chr5	144083314	144283314	harbor1	chr5	144095353	144095769	LTR/ERVL-MaLR	2098	+	208	144095561	12247
chr5	144083314	144283314	harbor1	chr5	144106591	144107107	LTR/ERVL-MaLR	1782	+	258	144106849	23535
chr5	144083314	144283314	harbor1	chr5	144108134	144108343	LTR/ERVL-MaLR	400	+	104	144108238	24924
chr5	144083314	144283314	harbor1	chr5	144127572	144127922	LTR/ERVL-MaLR	431	+	175	144127747	44433
chr5	144083314	144283314	harbor1	chr5	144140606	144140878	LTR/ERVL-MaLR	1440	+	136	144140742	57428
chr5	144083314	144283314	harbor1	chr5	144141114	144141252	LTR/ERVL-MaLR	560	+	69	144141183	57869
chr5	144083314	144283314	harbor1	chr5	144181714	144181811	LTR/ERVL-MaLR	1496	+	48	144181762	98448
chr5	144083314	144283314	harbor1	chr5	144182102	144182391	LTR/ERVL-MaLR	1496	+	144	144182246	98932
chr5	34881711	35081711	harbor1	chr5	34887970	34888204	LTR/ERVL-MaLR	1376	+	117	34888087	6376
chr5	34881711	35081711	harbor1	chr5	34960171	34960585	LTR/ERVL-MaLR	718	+	207	34960378	78667
chr5	19031826	19231826	harbor1	chr5	19118752	19119124	LTR/ERVL-MaLR	2491	+	186	19118938	87112
chr5	121653930	121853930	harbor1	chr5	121737348	121737474	LTR/ERVL-MaLR	463	+	63	121737411	83481
chr5	167474443	167674443	harbor1	chr5	167484275	167484622	LTR/ERVL-MaLR	1269	+	174	167484449	10006
chr5	167474443	167674443	harbor1	chr5	167535480	167535843	LTR/ERVL-MaLR	1606	+	182	167535662	61219
chr5	128832174	129032174	harbor1	chr5	128836021	128836229	LTR/ERVL-MaLR	441	+	104	128836125	3951
chr5	128832174	129032174	harbor1	chr5	128866068	128866547	LTR/ERVL-MaLR	2106	+	240	128866308	34134
chr5	128832174	129032174	harbor1	chr5	128866686	128866855	LTR/ERVL-MaLR	1875	+	84	128866770	34596
chr5	128832174	129032174	harbor1	chr5	128867152	128867345	LTR/ERVL-MaLR	1875	+	96	128867248	35074
chr5	128832174	129032174	harbor1	chr5	128874907	128875321	LTR/ERVL-MaLR	2388	+	207	128875114	42940
chr5	128832174	129032174	harbor1	chr5	128925946	128926173	LTR/ERVL-MaLR	850	+	114	128926060	93886
chr5	128832174	129032174	harbor1	chr5	128926252	128926458	LTR/ERVL-MaLR	460	+	103	128926355	94181
chr5	115531756	115731756	harbor1	chr5	115560004	115560450	LTR/ERVL-MaLR	1226	+	223	115560227	28471
chr5	115531756	115731756	harbor1	chr5	115560453	115561068	LTR/ERVL-MaLR	1462	+	308	115560761	29005
chr5	115531756	115731756	harbor1	chr5	115564013	115564272	LTR/ERVL-MaLR	2038	+	130	115564143	32387
chr5	115531756	115731756	harbor1	chr5	115564570	115564716	LTR/ERVL-MaLR	2038	+	73	115564643	32887
chr5	115531756	115731756	harbor1	chr5	115564717	115566356	LTR/ERVL-MaLR	9813	+	820	115565537	33781
chr5	115531756	115731756	harbor1	chr5	115566429	115566746	LTR/ERVL-MaLR	1380	+	158	115566587	34831
chr5	115531756	115731756	harbor1	chr5	115607901	115608463	LTR/ERVL-MaLR	1955	+	281	115608182	76426
chr5	115531756	115731756	harbor1	chr5	115627361	115627535	LTR/ERVL-MaLR	655	+	87	115627448	95692
chr5	115531756	115731756	harbor1	chr5	115627536	115627715	LTR/ERVL-MaLR	1254	+	90	115627626	95870
chr5	115531756	115731756	harbor1	chr5	115627704	115627784	LTR/ERVL-MaLR	573	+	40	115627744	95988
chr5	115531756	115731756	harbor1	chr5	115627916	115628127	LTR/ERVL-MaLR	1222	+	106	115628022	96266
chr5	115531756	115731756	harbor1	chr5	115628128	115628458	LTR/ERVL-MaLR	906	+	165	115628293	96537
chr5	17635028	17835028	harbor1	chr5	17648455	17648582	LTR/ERVL-MaLR	411	+	64	17648519	13491
chr5	17635028	17835028	harbor1	chr5	17671343	17671729	LTR/ERVL-MaLR	2180	+	193	17671536	36508
chr5	17635028	17835028	harbor1	chr5	17705412	17705853	LTR/ERVL-MaLR	622	+	220	17705632	70604
chr5	32051944	32251944	harbor1	chr5	32134958	32135312	LTR/ERVL-MaLR	1170	+	177	32135135	83191
chr5	37872064	38072064	harbor1	chr5	37872302	37872741	LTR/ERVL-MaLR	1583	+	220	37872522	458
chr5	37872064	38072064	harbor1	chr5	37873058	37873157	LTR/ERVL-MaLR	1583	+	50	37873108	1044
chr5	37872064	38072064	harbor1	chr5	37876204	37876775	LTR/ERVL-MaLR	2757	+	286	37876490	4426
chr5	37872064	38072064	harbor1	chr5	37882007	37882192	LTR/ERVL-MaLR	409	+	92	37882099	10035
chr5	37872064	38072064	harbor1	chr5	37885249	37885663	LTR/ERVL-MaLR	2376	+	207	37885456	13392
chr5	37872064	38072064	harbor1	chr5	37888841	37889325	LTR/ERVL-MaLR	1988	+	242	37889083	17019
chr5	37872064	38072064	harbor1	chr5	37903874	37904278	LTR/ERVL-MaLR	2327	+	202	37904076	32012
chr5	37872064	38072064	harbor1	chr5	37908406	37908819	LTR/ERVL-MaLR	2428	+	206	37908612	36548
chr5	37872064	38072064	harbor1	chr5	37924173	37924545	LTR/ERVL-MaLR	1134	+	186	37924359	52295
chr5	37872064	38072064	harbor1	chr5	37929765	37930050	LTR/ERVL-MaLR	897	+	142	37929907	57843
chr5	37872064	38072064	harbor1	chr5	37950930	37951127	LTR/ERVL-MaLR	543	+	98	37951028	78964
chr5	37872064	38072064	harbor1	chr5	37958637	37959050	LTR/ERVL-MaLR	1133	+	206	37958843	86779
chr5	37872064	38072064	harbor1	chr5	37971958	37972139	LTR/ERVL-MaLR	516	+	90	37972048	99984
chr5	145621028	145821028	harbor1	chr5	145632648	145633308	LTR/ERVL-MaLR	2426	+	330	145632978	11950
chr5	145621028	145821028	harbor1	chr5	145658392	145658815	LTR/ERVL-MaLR	2506	+	212	145658604	37576
chr5	145621028	145821028	harbor1	chr5	145662489	145662601	LTR/ERVL-MaLR	2154	+	56	145662545	41517
chr5	145621028	145821028	harbor1	chr5	145662650	145662919	LTR/ERVL-MaLR	2154	+	134	145662784	41756
chr5	145621028	145821028	harbor1	chr5	145680394	145680783	LTR/ERVL-MaLR	718	+	194	145680588	59560
chr5	145857003	146057003	harbor1	chr5	145864441	145864812	LTR/ERVL-MaLR	2181	+	186	145864627	7624
chr5	145857003	146057003	harbor1	chr5	145900098	145900478	LTR/ERVL-MaLR	2442	+	190	145900288	43285
chr5	145857003	146057003	harbor1	chr5	145906107	145906645	LTR/ERVL-MaLR	1126	+	269	145906376	49373
chr5	145857003	146057003	harbor1	chr5	145920737	145921080	LTR/ERVL-MaLR	1859	+	172	145920909	63906
chr5	65171456	65371456	harbor1	chr5	65240465	65240813	LTR/ERVL-MaLR	1541	+	174	65240639	69183
chr5	65171456	65371456	harbor1	chr5	65255033	65255255	LTR/ERVL-MaLR	509	+	111	65255144	83688
chr5	20148205	20348205	harbor1	chr5	20177656	20178014	LTR/ERVL-MaLR	1872	+	179	20177835	29630
chr5	20148205	20348205	harbor1	chr5	20181184	20181625	LTR/ERVL-MaLR	811	+	220	20181404	33199
chr5	20148205	20348205	harbor1	chr5	20182280	20182321	LTR/ERVL-MaLR	628	+	20	20182300	34095
chr5	20148205	20348205	harbor1	chr5	20182623	20182898	LTR/ERVL-MaLR	628	+	138	20182761	34556
chr5	20148205	20348205	harbor1	chr5	20197829	20198145	LTR/ERVL-MaLR	1361	+	158	20197987	49782
chr5	20148205	20348205	harbor1	chr5	20198146	20199680	LTR/ERVL-MaLR	9762	+	767	20198913	50708
chr5	20148205	20348205	harbor1	chr5	20199681	20200060	LTR/ERVL-MaLR	2161	+	190	20199871	51666
chr5	20148205	20348205	harbor1	chr5	20218521	20218874	LTR/ERVL-MaLR	2113	+	176	20218697	70492
chr5	20148205	20348205	harbor1	chr5	20223092	20223572	LTR/ERVL-MaLR	3594	+	240	20223332	75127
chr5	20148205	20348205	harbor1	chr5	20223575	20223918	LTR/ERVL-MaLR	1844	+	172	20223747	75542
chr5	20148205	20348205	harbor1	chr5	20234438	20234691	LTR/ERVL-MaLR	927	+	126	20234564	86359
chr5	20148205	20348205	harbor1	chr5	20233774	20234243	LTR/ERVL-MaLR	471	+	234	20234008	85803
chr5	118381448	118581448	harbor1	chr5	118451627	118451819	LTR/ERVL-MaLR	568	+	96	118451723	70275
chr5	118381448	118581448	harbor1	chr5	118460138	118460495	LTR/ERVL-MaLR	1414	+	178	118460316	78868
chr5	118381448	118581448	harbor1	chr5	118467992	118468229	LTR/ERVL-MaLR	679	+	118	118468110	86662
chr5	118381448	118581448	harbor1	chr5	118477346	118477525	LTR/ERVL-MaLR	1743	+	90	118477436	95988
chr5	118381448	118581448	harbor1	chr5	118477816	118478090	LTR/ERVL-MaLR	1743	+	137	118477953	96505
chr5	43944190	44144190	harbor1	chr5	43950886	43951261	LTR/ERVL-MaLR	2535	+	188	43951074	6884
chr5	43944190	44144190	harbor1	chr5	43968011	43968376	LTR/ERVL-MaLR	2252	+	182	43968193	24003
chr5	43944190	44144190	harbor1	chr5	43999474	43999902	LTR/ERVL-MaLR	488	+	214	43999688	55498
chr5	43944190	44144190	harbor1	chr5	44021847	44023523	LTR/ERVL-MaLR	5333	+	838	44022685	78495
chr5	43944190	44144190	harbor1	chr5	44034269	44034598	LTR/ERVL-MaLR	2086	+	164	44034433	90243
chr5	43944190	44144190	harbor1	chr5	44023524	44023890	LTR/ERVL-MaLR	1320	+	183	44023707	79517
chr5	63242813	63442813	harbor1	chr5	63259218	63259573	LTR/ERVL-MaLR	1607	+	178	63259396	16583
chr5	63242813	63442813	harbor1	chr5	63285652	63286080	LTR/ERVL-MaLR	2233	+	214	63285866	43053
chr5	63242813	63442813	harbor1	chr5	63297537	63298094	LTR/ERVL-MaLR	1485	+	278	63297815	55002
chr5	63242813	63442813	harbor1	chr5	63341044	63341407	LTR/ERVL-MaLR	1639	+	182	63341226	98413
chr5	13694257	13894257	harbor1	chr5	13697899	13698282	LTR/ERVL-MaLR	1675	+	192	13698091	3834
chr5	13694257	13894257	harbor1	chr5	13705597	13706057	LTR/ERVL-MaLR	1255	+	230	13705827	11570
chr5	13694257	13894257	harbor1	chr5	13724193	13724581	LTR/ERVL-MaLR	2201	+	194	13724387	30130
chr5	13694257	13894257	harbor1	chr5	13724582	13724983	LTR/ERVL-MaLR	2659	+	200	13724782	30525
chr5	13694257	13894257	harbor1	chr5	13733982	13734353	LTR/ERVL-MaLR	1473	+	186	13734168	39911
chr5	13694257	13894257	harbor1	chr5	13739180	13739558	LTR/ERVL-MaLR	2462	+	189	13739369	45112
chr5	13694257	13894257	harbor1	chr5	13768122	13768479	LTR/ERVL-MaLR	2131	+	178	13768300	74043
chr5	13694257	13894257	harbor1	chr5	13781446	13781796	LTR/ERVL-MaLR	2329	+	175	13781621	87364
chr5	13694257	13894257	harbor1	chr5	13790470	13790831	LTR/ERVL-MaLR	2099	+	180	13790650	96393
chr5	112236126	112436126	harbor1	chr5	112287802	112288813	LTR/ERVL-MaLR	2947	+	506	112288308	52182
chr5	112236126	112436126	harbor1	chr5	112289462	112289906	LTR/ERVL-MaLR	770	+	222	112289684	53558
chr5	112236126	112436126	harbor1	chr5	112309696	112310180	LTR/ERVL-MaLR	1703	+	242	112309938	73812
chr5	112236126	112436126	harbor1	chr5	112318395	112318738	LTR/ERVL-MaLR	970	+	172	112318567	82441
chr5	52930151	53130151	harbor1	chr5	53009321	53009656	LTR/ERVL-MaLR	1436	+	168	53009489	79338
chr5	52930151	53130151	harbor1	chr5	53009685	53009979	LTR/ERVL-MaLR	684	+	147	53009832	79681
chr5	52930151	53130151	harbor1	chr5	53010014	53010751	LTR/ERVL-MaLR	2712	+	368	53010382	80231
chr5	52930151	53130151	harbor1	chr5	53010754	53011190	LTR/ERVL-MaLR	1607	+	218	53010972	80821
chr5	109617531	109817531	harbor1	chr5	109619567	109619825	LTR/ERVL-MaLR	562	+	129	109619696	2165
chr5	109617531	109817531	harbor1	chr5	109640147	109640516	LTR/ERVL-MaLR	1863	+	184	109640331	22800
chr5	109617531	109817531	harbor1	chr5	109642073	109642444	LTR/ERVL-MaLR	2026	+	186	109642259	24728
chr5	109617531	109817531	harbor1	chr5	109640517	109642072	LTR/ERVL-MaLR	11463	+	778	109641295	23764
chr5	17685819	17885819	harbor1	chr5	17705412	17705853	LTR/ERVL-MaLR	622	+	220	17705632	19813
chr5	17685819	17885819	harbor1	chr5	17737589	17737949	LTR/ERVL-MaLR	2143	+	180	17737769	51950
chr5	17685819	17885819	harbor1	chr5	17763603	17764012	LTR/ERVL-MaLR	1879	+	204	17763807	77988
chr5	17685819	17885819	harbor1	chr5	17766101	17766682	LTR/ERVL-MaLR	1234	+	290	17766391	80572
chr5	87820412	88020412	harbor1	chr5	87862740	87863111	LTR/ERVL-MaLR	1732	+	186	87862926	42514
chr5	87820412	88020412	harbor1	chr5	87889363	87889500	LTR/ERVL-MaLR	400	+	68	87889431	69019
chr5	130990269	131190269	harbor1	chr5	131040330	131040487	LTR/ERVL-MaLR	874	+	78	131040408	50139
chr5	130990269	131190269	harbor1	chr5	131041516	131041733	LTR/ERVL-MaLR	1226	+	108	131041624	51355
chr5	130990269	131190269	harbor1	chr5	131049153	131049615	LTR/ERVL-MaLR	1590	+	231	131049384	59115
chr5	130990269	131190269	harbor1	chr5	131065423	131065793	LTR/ERVL-MaLR	1900	+	185	131065608	75339
chr5	130990269	131190269	harbor1	chr5	131065794	131066970	LTR/ERVL-MaLR	7394	+	588	131066382	76113
chr5	130990269	131190269	harbor1	chr5	131066968	131067109	LTR/ERVL-MaLR	640	+	70	131067038	76769
chr5	107909962	108109962	harbor1	chr5	107914478	107914971	LTR/ERVL-MaLR	1046	+	246	107914724	4762
chr5	131721269	131921269	harbor1	chr5	131763884	131764305	LTR/ERVL-MaLR	2787	+	210	131764094	42825
chr5	131721269	131921269	harbor1	chr5	131786566	131786923	LTR/ERVL-MaLR	1765	+	178	131786744	65475
chr5	131721269	131921269	harbor1	chr5	131743560	131743885	LTR/ERVL-MaLR	1243	+	162	131743722	22453
chr5	45648147	45848147	harbor1	chr5	45668209	45668569	LTR/ERVL-MaLR	1991	+	180	45668389	20242
chr5	45648147	45848147	harbor1	chr5	45681907	45682246	LTR/ERVL-MaLR	1763	+	170	45682077	33930
chr5	116224122	116424122	harbor1	chr5	116297525	116297948	LTR/ERVL-MaLR	1436	+	212	116297737	73615
chr5	149875079	150075079	harbor1	chr5	149912381	149912796	LTR/ERVL-MaLR	860	+	208	149912589	37510
chr5	149875079	150075079	harbor1	chr5	149954877	149955024	LTR/ERVL-MaLR	765	+	74	149954951	79872
chr5	149875079	150075079	harbor1	chr5	149955323	149955720	LTR/ERVL-MaLR	765	+	198	149955521	80442
chr5	24059798	24259798	harbor1	chr5	24075781	24076131	LTR/ERVL-MaLR	1402	+	175	24075956	16158
chr5	24059798	24259798	harbor1	chr5	24077926	24077987	LTR/ERVL-MaLR	1355	+	30	24077956	18158
chr5	24059798	24259798	harbor1	chr5	24078422	24078758	LTR/ERVL-MaLR	1355	+	168	24078590	18792
chr5	24059798	24259798	harbor1	chr5	24093130	24093535	LTR/ERVL-MaLR	1649	+	202	24093332	33534
chr5	24059798	24259798	harbor1	chr5	24136997	24137155	LTR/ERVL-MaLR	829	+	79	24137076	77278
chr5	24059798	24259798	harbor1	chr5	24137200	24137417	LTR/ERVL-MaLR	829	+	108	24137308	77510
chr5	24059798	24259798	harbor1	chr5	24138661	24139073	LTR/ERVL-MaLR	1968	+	206	24138867	79069
chr5	137122856	137322856	harbor1	chr5	137125387	137125736	LTR/ERVL-MaLR	1592	+	174	137125561	2705
chr5	137122856	137322856	harbor1	chr5	137125741	137125999	LTR/ERVL-MaLR	1331	+	129	137125870	3014
chr5	137122856	137322856	harbor1	chr5	137126000	137126417	LTR/ERVL-MaLR	2183	+	208	137126208	3352
chr5	137122856	137322856	harbor1	chr5	137126418	137126483	LTR/ERVL-MaLR	2302	+	32	137126450	3594
chr5	137122856	137322856	harbor1	chr5	137126767	137127261	LTR/ERVL-MaLR	2302	+	247	137127014	4158
chr5	137122856	137322856	harbor1	chr5	137127564	137127974	LTR/ERVL-MaLR	2362	+	205	137127769	4913
chr5	137122856	137322856	harbor1	chr5	137127975	137128333	LTR/ERVL-MaLR	2094	+	179	137128154	5298
chr5	137122856	137322856	harbor1	chr5	137170406	137170587	LTR/ERVL-MaLR	1236	+	90	137170496	47640
chr5	137122856	137322856	harbor1	chr5	137170623	137170823	LTR/ERVL-MaLR	1236	+	100	137170723	47867
chr5	112647473	112847473	harbor1	chr5	112663184	112663536	LTR/ERVL-MaLR	2766	+	176	112663360	15887
chr5	112647473	112847473	harbor1	chr5	112733222	112733752	LTR/ERVL-MaLR	1940	+	265	112733487	86014
chr5	33107989	33307989	harbor1	chr5	33107589	33109205	LTR/ERVL-MaLR	9216	+	808	33108397	408
chr5	33107989	33307989	harbor1	chr5	33109210	33109628	LTR/ERVL-MaLR	2702	+	209	33109419	1430
chr5	33107989	33307989	harbor1	chr5	33130688	33131016	LTR/ERVL-MaLR	1901	+	164	33130852	22863
chr5	33107989	33307989	harbor1	chr5	33131017	33132582	LTR/ERVL-MaLR	11489	+	782	33131799	23810
chr5	33107989	33307989	harbor1	chr5	33132583	33132926	LTR/ERVL-MaLR	1996	+	172	33132755	24766
chr5	33107989	33307989	harbor1	chr5	33141332	33141712	LTR/ERVL-MaLR	1953	+	190	33141522	33533
chr5	33107989	33307989	harbor1	chr5	33141815	33141979	LTR/ERVL-MaLR	1470	+	82	33141897	33908
chr5	33107989	33307989	harbor1	chr5	33142285	33142560	LTR/ERVL-MaLR	1470	+	138	33142423	34434
chr5	33107989	33307989	harbor1	chr5	33147321	33147729	LTR/ERVL-MaLR	720	+	204	33147525	39536
chr5	33107989	33307989	harbor1	chr5	33149609	33149978	LTR/ERVL-MaLR	840	+	184	33149793	41804
chr5	33107989	33307989	harbor1	chr5	33173330	33173691	LTR/ERVL-MaLR	1975	+	180	33173510	65521
chr5	33107989	33307989	harbor1	chr5	33175908	33176417	LTR/ERVL-MaLR	2226	+	254	33176162	68173
chr5	33107989	33307989	harbor1	chr5	33178270	33178625	LTR/ERVL-MaLR	2248	+	178	33178448	70459
chr5	33107989	33307989	harbor1	chr5	33193618	33193814	LTR/ERVL-MaLR	700	+	98	33193716	85727
chr5	33107989	33307989	harbor1	chr5	33201937	33202068	LTR/ERVL-MaLR	482	+	66	33202003	94014
chr5	33107989	33307989	harbor1	chr5	33204160	33204531	LTR/ERVL-MaLR	1986	+	186	33204346	96357
chr5	107669862	107869862	harbor1	chr5	107680058	107680109	LTR/ERVL-MaLR	748	+	26	107680084	10222
chr5	107669862	107869862	harbor1	chr5	107680135	107680459	LTR/ERVL-MaLR	748	+	162	107680297	10435
chr5	107669862	107869862	harbor1	chr5	107752595	107752984	LTR/ERVL-MaLR	2414	+	194	107752789	82927
chr5	107669862	107869862	harbor1	chr5	107752985	107754533	LTR/ERVL-MaLR	9937	+	774	107753759	83897
chr5	107669862	107869862	harbor1	chr5	107754535	107754929	LTR/ERVL-MaLR	2329	+	197	107754732	84870
chr5	14631793	14831793	harbor1	chr5	14649445	14649595	LTR/ERVL-MaLR	760	+	75	14649520	17727
chr5	14631793	14831793	harbor1	chr5	14649914	14649933	LTR/ERVL-MaLR	760	+	10	14649924	18131
chr5	22312254	22512254	harbor1	chr5	22314242	22314597	LTR/ERVL-MaLR	1348	+	178	22314420	2166
chr5	22312254	22512254	harbor1	chr5	22335182	22335353	LTR/ERVL-MaLR	2314	+	86	22335268	23014
chr5	22312254	22512254	harbor1	chr5	22335613	22335811	LTR/ERVL-MaLR	2314	+	99	22335712	23458
chr5	22312254	22512254	harbor1	chr5	22335812	22337384	LTR/ERVL-MaLR	11278	+	786	22336598	24344
chr5	22312254	22512254	harbor1	chr5	22337385	22337748	LTR/ERVL-MaLR	2065	+	182	22337567	25313
chr5	22312254	22512254	harbor1	chr5	22338814	22339189	LTR/ERVL-MaLR	1454	+	188	22339002	26748
chr5	22312254	22512254	harbor1	chr5	22348917	22349264	LTR/ERVL-MaLR	1747	+	174	22349091	36837
chr5	22312254	22512254	harbor1	chr5	22393006	22393455	LTR/ERVL-MaLR	567	+	224	22393230	80976
chr5	22312254	22512254	harbor1	chr5	22393482	22394988	LTR/ERVL-MaLR	3492	+	753	22394235	81981
chr5	22312254	22512254	harbor1	chr5	22394989	22395487	LTR/ERVL-MaLR	999	+	249	22395238	82984
chr5	22312254	22512254	harbor1	chr5	22397059	22397342	LTR/ERVL-MaLR	447	+	142	22397201	84947
chr5	22312254	22512254	harbor1	chr5	22397689	22398013	LTR/ERVL-MaLR	1755	+	162	22397851	85597
chr5	22312254	22512254	harbor1	chr5	22399299	22399833	LTR/ERVL-MaLR	974	+	267	22399566	87312
chr5	22312254	22512254	harbor1	chr5	22400275	22400410	LTR/ERVL-MaLR	451	+	68	22400343	88089
chr5	22312254	22512254	harbor1	chr5	22401669	22402102	LTR/ERVL-MaLR	1315	+	216	22401885	89631
chr5	22312254	22512254	harbor1	chr5	22402103	22403133	LTR/ERVL-MaLR	3256	+	515	22402618	90364
chr5	22312254	22512254	harbor1	chr5	22403104	22403262	LTR/ERVL-MaLR	670	+	79	22403183	90929
chr5	127092167	127292167	harbor1	chr5	127092218	127092608	LTR/ERVL-MaLR	2159	+	195	127092413	246
chr5	127092167	127292167	harbor1	chr5	127118382	127118762	LTR/ERVL-MaLR	1800	+	190	127118572	26405
chr5	127092167	127292167	harbor1	chr5	127130217	127130355	LTR/ERVL-MaLR	1674	+	69	127130286	38119
chr5	127092167	127292167	harbor1	chr5	127130397	127130585	LTR/ERVL-MaLR	1674	+	94	127130491	38324
chr5	127092167	127292167	harbor1	chr5	127130932	127130970	LTR/ERVL-MaLR	1674	+	19	127130951	38784
chr5	127092167	127292167	harbor1	chr5	127131270	127131648	LTR/ERVL-MaLR	762	+	189	127131459	39292
chr5	127092167	127292167	harbor1	chr5	127144766	127145216	LTR/ERVL-MaLR	2257	+	225	127144991	52824
chr5	32301632	32501632	harbor1	chr5	32321157	32321237	LTR/ERVL-MaLR	1614	+	40	32321197	19565
chr5	32301632	32501632	harbor1	chr5	32321524	32321662	LTR/ERVL-MaLR	1614	+	69	32321593	19961
chr5	32301632	32501632	harbor1	chr5	32322496	32322578	LTR/ERVL-MaLR	1614	+	41	32322537	20905
chr5	32301632	32501632	harbor1	chr5	32322882	32322961	LTR/ERVL-MaLR	1614	+	40	32322922	21290
chr5	50283460	50483460	harbor1	chr5	50342097	50342456	LTR/ERVL-MaLR	2204	+	180	50342277	58817
chr5	50283460	50483460	harbor1	chr5	50358073	50358447	LTR/ERVL-MaLR	2760	+	187	50358260	74800
chr5	50283460	50483460	harbor1	chr5	50361115	50361421	LTR/ERVL-MaLR	755	+	153	50361268	77808
chr5	162383375	162583375	harbor1	chr5	162387314	162387688	LTR/ERVL-MaLR	925	+	187	162387501	4126
chr5	162383375	162583375	harbor1	chr5	162388597	162388763	LTR/ERVL-MaLR	422	+	83	162388680	5305
chr5	162383375	162583375	harbor1	chr5	162430284	162430586	LTR/ERVL-MaLR	818	+	151	162430435	47060
chr5	162383375	162583375	harbor1	chr5	162479740	162479904	LTR/ERVL-MaLR	487	+	82	162479822	96447
chr5	25446584	25646584	harbor1	chr5	25460936	25462516	LTR/ERVL-MaLR	11248	+	790	25461726	15142
chr5	25446584	25646584	harbor1	chr5	25462517	25462830	LTR/ERVL-MaLR	2161	+	156	25462673	16089
chr5	25446584	25646584	harbor1	chr5	25464110	25464207	LTR/ERVL-MaLR	565	+	48	25464158	17574
chr5	25446584	25646584	harbor1	chr5	25464208	25465707	LTR/ERVL-MaLR	9685	+	750	25464958	18374
chr5	25446584	25646584	harbor1	chr5	25469843	25470314	LTR/ERVL-MaLR	1499	+	236	25470079	23495
chr5	25446584	25646584	harbor1	chr5	25500637	25501019	LTR/ERVL-MaLR	1313	+	191	25500828	54244
chr5	25446584	25646584	harbor1	chr5	25529318	25529688	LTR/ERVL-MaLR	1920	+	185	25529503	82919
chr5	25446584	25646584	harbor1	chr5	25529689	25531247	LTR/ERVL-MaLR	10384	+	779	25530468	83884
chr5	25446584	25646584	harbor1	chr5	25531248	25531616	LTR/ERVL-MaLR	1891	+	184	25531432	84848
chr5	25446584	25646584	harbor1	chr5	25539344	25539763	LTR/ERVL-MaLR	1598	+	210	25539554	92970
chr5	25446584	25646584	harbor1	chr5	25460584	25460935	LTR/ERVL-MaLR	2567	+	176	25460760	14176
chr5	28527	228527	harbor1	chr5	33894	34085	LTR/ERVL-MaLR	423	+	96	33990	5463
chr5	28527	228527	harbor1	chr5	58039	58165	LTR/ERVL-MaLR	712	+	63	58102	29575
chr5	28527	228527	harbor1	chr5	67233	67389	LTR/ERVL-MaLR	1104	+	78	67311	38784
chr5	28527	228527	harbor1	chr5	67598	67820	LTR/ERVL-MaLR	1685	+	111	67709	39182
chr5	28527	228527	harbor1	chr5	67821	69301	LTR/ERVL-MaLR	9985	+	740	68561	40034
chr5	28527	228527	harbor1	chr5	69302	69663	LTR/ERVL-MaLR	2712	+	180	69482	40955
chr5	28527	228527	harbor1	chr5	102540	102761	LTR/ERVL-MaLR	1102	+	110	102650	74123
chr5	136067757	136267757	harbor1	chr5	136073185	136073624	LTR/ERVL-MaLR	1753	+	220	136073405	5648
chr5	136067757	136267757	harbor1	chr5	136074370	136074723	LTR/ERVL-MaLR	1660	+	176	136074546	6789
chr5	136067757	136267757	harbor1	chr5	136111925	136112037	LTR/ERVL-MaLR	2462	+	56	136111981	44224
chr5	136067757	136267757	harbor1	chr5	136112350	136112674	LTR/ERVL-MaLR	2462	+	162	136112512	44755
chr5	136067757	136267757	harbor1	chr5	136114650	136115117	LTR/ERVL-MaLR	555	+	234	136114884	47127
chr5	91003990	91203990	harbor1	chr5	91078439	91078896	LTR/ERVL-MaLR	531	+	228	91078667	74677
chr5	103312636	103512636	harbor1	chr5	103318739	103319075	LTR/ERVL-MaLR	1980	+	168	103318907	6271
chr5	103312636	103512636	harbor1	chr5	103327463	103327791	LTR/ERVL-MaLR	1294	+	164	103327627	14991
chr5	103312636	103512636	harbor1	chr5	103331544	103331954	LTR/ERVL-MaLR	561	+	205	103331749	19113
chr5	103312636	103512636	harbor1	chr5	103338331	103338715	LTR/ERVL-MaLR	1304	+	192	103338523	25887
chr5	103312636	103512636	harbor1	chr5	103345191	103345532	LTR/ERVL-MaLR	978	+	170	103345361	32725
chr5	103312636	103512636	harbor1	chr5	103348360	103348764	LTR/ERVL-MaLR	789	+	202	103348562	35926
chr5	103312636	103512636	harbor1	chr5	103353186	103353570	LTR/ERVL-MaLR	1454	+	192	103353378	40742
chr5	103312636	103512636	harbor1	chr5	103367790	103368161	LTR/ERVL-MaLR	1997	+	186	103367976	55340
chr5	75524268	75724268	harbor1	chr5	75607122	75607184	LTR/ERVL-MaLR	438	+	31	75607153	82885
chr5	75524268	75724268	harbor1	chr5	75607487	75607803	LTR/ERVL-MaLR	438	+	158	75607645	83377
chr5	75524268	75724268	harbor1	chr5	75614983	75615055	LTR/ERVL-MaLR	422	+	36	75615019	90751
chr5	43382296	43582296	harbor1	chr5	43413440	43413781	LTR/ERVL-MaLR	1552	+	170	43413610	31314
chr5	43382296	43582296	harbor1	chr5	43431232	43431524	LTR/ERVL-MaLR	1764	+	146	43431378	49082
chr5	43382296	43582296	harbor1	chr5	43432145	43432352	LTR/ERVL-MaLR	1764	+	104	43432249	49953
chr5	43382296	43582296	harbor1	chr5	43481691	43481835	LTR/ERVL-MaLR	934	+	72	43481763	99467
chr5	43382296	43582296	harbor1	chr5	43482143	43482207	LTR/ERVL-MaLR	934	+	32	43482175	99879
chr5	27068287	27268287	harbor1	chr5	27105272	27105678	LTR/ERVL-MaLR	1119	+	203	27105475	37188
chr5	27068287	27268287	harbor1	chr5	27114895	27115044	LTR/ERVL-MaLR	402	+	74	27114969	46682
chr5	27068287	27268287	harbor1	chr5	27139216	27139554	LTR/ERVL-MaLR	822	+	169	27139385	71098
chr5	27068287	27268287	harbor1	chr5	27143197	27143731	LTR/ERVL-MaLR	982	+	267	27143464	75177
chr5	27068287	27268287	harbor1	chr5	27156802	27157172	LTR/ERVL-MaLR	1782	+	185	27156987	88700
chr5	27068287	27268287	harbor1	chr5	27157173	27158791	LTR/ERVL-MaLR	10138	+	809	27157982	89695
chr5	27068287	27268287	harbor1	chr5	27158792	27159170	LTR/ERVL-MaLR	1665	+	189	27158981	90694
chr5	94389696	94589696	harbor1	chr5	94418472	94418881	LTR/ERVL-MaLR	1427	+	204	94418676	28980
chr5	94389696	94589696	harbor1	chr5	94419175	94419244	LTR/ERVL-MaLR	1427	+	34	94419209	29513
chr5	94389696	94589696	harbor1	chr5	94441459	94441802	LTR/ERVL-MaLR	1167	+	172	94441631	51935
chr5	44656601	44856601	harbor1	chr5	44655511	44657104	LTR/ERVL-MaLR	10445	+	796	44656307	294
chr5	44656601	44856601	harbor1	chr5	44657112	44657465	LTR/ERVL-MaLR	2140	+	176	44657288	687
chr5	44656601	44856601	harbor1	chr5	44752755	44753114	LTR/ERVL-MaLR	2587	+	180	44752935	96334
chr5	44656601	44856601	harbor1	chr5	44754332	44754762	LTR/ERVL-MaLR	1465	+	215	44754547	97946
chr5	44656601	44856601	harbor1	chr5	44755311	44755482	LTR/ERVL-MaLR	534	+	86	44755397	98796
chr5	44656601	44856601	harbor1	chr5	44755607	44755766	LTR/ERVL-MaLR	498	+	80	44755687	99086
chr5	163626041	163826041	harbor1	chr5	163664636	163664977	LTR/ERVL-MaLR	1987	+	170	163664806	38765
chr5	163626041	163826041	harbor1	chr5	163682368	163682726	LTR/ERVL-MaLR	2036	+	179	163682547	56506
chr6	148689440	148889440	harbor1	chr6	148693868	148694202	LTR/ERVL-MaLR	1759	+	167	148694035	4595
chr6	148689440	148889440	harbor1	chr6	148705469	148705861	LTR/ERVL-MaLR	1323	+	196	148705665	16225
chr6	148689440	148889440	harbor1	chr6	148708201	148708403	LTR/ERVL-MaLR	617	+	101	148708302	18862
chr6	148689440	148889440	harbor1	chr6	148731350	148731725	LTR/ERVL-MaLR	2257	+	188	148731538	42098
chr6	148689440	148889440	harbor1	chr6	148742000	148742327	LTR/ERVL-MaLR	619	+	164	148742164	52724
chr6	148689440	148889440	harbor1	chr6	148742876	148743003	LTR/ERVL-MaLR	601	+	64	148742940	53500
chr6	148689440	148889440	harbor1	chr6	148743316	148743358	LTR/ERVL-MaLR	601	+	21	148743337	53897
chr6	148689440	148889440	harbor1	chr6	148755478	148755643	LTR/ERVL-MaLR	1130	+	82	148755560	66120
chr6	148689440	148889440	harbor1	chr6	148756210	148756427	LTR/ERVL-MaLR	1456	+	108	148756318	66878
chr6	36703408	36903408	harbor1	chr6	36750425	36750639	LTR/ERVL-MaLR	650	+	107	36750532	47124
chr6	36703408	36903408	harbor1	chr6	36795074	36795164	LTR/ERVL-MaLR	1982	+	45	36795119	91711
chr6	36703408	36903408	harbor1	chr6	36795479	36795773	LTR/ERVL-MaLR	1982	+	147	36795626	92218
chr6	36703408	36903408	harbor1	chr6	36800566	36801116	LTR/ERVL-MaLR	2151	+	275	36800841	97433
chr6	89407233	89607233	harbor1	chr6	89418643	89419136	LTR/ERVL-MaLR	917	+	246	89418889	11656
chr6	89407233	89607233	harbor1	chr6	89421677	89421988	LTR/ERVL-MaLR	442	+	156	89421833	14600
chr6	89407233	89607233	harbor1	chr6	89446699	89447064	LTR/ERVL-MaLR	2716	+	182	89446881	39648
chr6	89407233	89607233	harbor1	chr6	89455480	89455864	LTR/ERVL-MaLR	2959	+	192	89455672	48439
chr6	89407233	89607233	harbor1	chr6	89456140	89456179	LTR/ERVL-MaLR	2959	+	20	89456160	48927
chr6	89407233	89607233	harbor1	chr6	89457829	89458195	LTR/ERVL-MaLR	2197	+	183	89458012	50779
chr6	89407233	89607233	harbor1	chr6	89477962	89478140	LTR/ERVL-MaLR	1478	+	89	89478051	70818
chr6	89407233	89607233	harbor1	chr6	89478781	89479009	LTR/ERVL-MaLR	1478	+	114	89478895	71662
chr6	89407233	89607233	harbor1	chr6	89490815	89491238	LTR/ERVL-MaLR	1269	+	212	89491027	83794
chr6	89407233	89607233	harbor1	chr6	89499027	89499400	LTR/ERVL-MaLR	574	+	186	89499213	91980
chr6	8867257	9067257	harbor1	chr6	8886969	8886985	LTR/ERVL-MaLR	1181	+	8	8886977	19720
chr6	8867257	9067257	harbor1	chr6	8888270	8888681	LTR/ERVL-MaLR	1276	+	206	8888476	21219
chr6	8867257	9067257	harbor1	chr6	8949685	8949890	LTR/ERVL-MaLR	491	+	102	8949787	82530
chr6	8867257	9067257	harbor1	chr6	8956807	8956956	LTR/ERVL-MaLR	578	+	74	8956881	89624
chr6	73491115	73691115	harbor1	chr6	73506304	73506670	LTR/ERVL-MaLR	2396	+	183	73506487	15372
chr6	27159620	27359620	harbor1	chr6	27168681	27169120	LTR/ERVL-MaLR	2199	+	220	27168901	9281
chr6	27159620	27359620	harbor1	chr6	27206895	27206991	LTR/ERVL-MaLR	496	+	48	27206943	47323
chr6	29529982	29729982	harbor1	chr6	29537299	29537687	LTR/ERVL-MaLR	2331	+	194	29537493	7511
chr6	29529982	29729982	harbor1	chr6	29580341	29580864	LTR/ERVL-MaLR	1747	+	262	29580603	50621
chr6	29529982	29729982	harbor1	chr6	29599163	29599693	LTR/ERVL-MaLR	1396	+	265	29599428	69446
chr6	29529982	29729982	harbor1	chr6	29540085	29540449	LTR/ERVL-MaLR	2092	+	182	29540267	10285
chr6	153930576	154130576	harbor1	chr6	154029642	154030004	LTR/ERVL-MaLR	2456	+	181	154029823	99247
chr6	153930576	154130576	harbor1	chr6	154030008	154030107	LTR/ERVL-MaLR	655	+	50	154030058	99482
chr6	150209265	150409265	harbor1	chr6	150252536	150252932	LTR/ERVL-MaLR	2254	+	198	150252734	43469
chr6	150209265	150409265	harbor1	chr6	150280886	150281319	LTR/ERVL-MaLR	1958	+	216	150281102	71837
chr6	150209265	150409265	harbor1	chr6	150282680	150283193	LTR/ERVL-MaLR	2972	+	256	150282936	73671
chr6	150209265	150409265	harbor1	chr6	150292694	150292993	LTR/ERVL-MaLR	1780	+	150	150292844	83579
chr6	150209265	150409265	harbor1	chr6	150293165	150293276	LTR/ERVL-MaLR	724	+	56	150293221	83956
chr6	150209265	150409265	harbor1	chr6	150296022	150296220	LTR/ERVL-MaLR	674	+	99	150296121	86856
chr6	163018289	163218289	harbor1	chr6	163028876	163029367	LTR/ERVL-MaLR	1825	+	246	163029122	10833
chr6	163018289	163218289	harbor1	chr6	163038986	163039366	LTR/ERVL-MaLR	1936	+	190	163039176	20887
chr6	163018289	163218289	harbor1	chr6	163039367	163040993	LTR/ERVL-MaLR	11780	+	813	163040180	21891
chr6	163018289	163218289	harbor1	chr6	163040994	163041056	LTR/ERVL-MaLR	2081	+	31	163041025	22736
chr6	163018289	163218289	harbor1	chr6	163041359	163041672	LTR/ERVL-MaLR	2081	+	156	163041515	23226
chr6	163018289	163218289	harbor1	chr6	163052460	163052740	LTR/ERVL-MaLR	999	+	140	163052600	34311
chr6	163018289	163218289	harbor1	chr6	163054121	163054507	LTR/ERVL-MaLR	1085	+	193	163054314	36025
chr6	163018289	163218289	harbor1	chr6	163108065	163108392	LTR/ERVL-MaLR	1840	+	164	163108229	89940
chr6	163018289	163218289	harbor1	chr6	163108688	163108780	LTR/ERVL-MaLR	1840	+	46	163108734	90445
chr6	135973440	136173440	harbor1	chr6	136026872	136027239	LTR/ERVL-MaLR	1585	+	184	136027056	53616
chr6	125727586	125927586	harbor1	chr6	125732336	125732855	LTR/ERVL-MaLR	710	+	260	125732596	5010
chr6	125727586	125927586	harbor1	chr6	125782761	125783207	LTR/ERVL-MaLR	1642	+	223	125782984	55398
chr6	153428299	153628299	harbor1	chr6	153430301	153430738	LTR/ERVL-MaLR	2212	+	218	153430519	2220
chr6	153428299	153628299	harbor1	chr6	153432318	153432701	LTR/ERVL-MaLR	2061	+	192	153432510	4211
chr6	153428299	153628299	harbor1	chr6	153523020	153523336	LTR/ERVL-MaLR	1701	+	158	153523178	94879
chr6	153428299	153628299	harbor1	chr6	153525108	153525296	LTR/ERVL-MaLR	1056	+	94	153525202	96903
chr6	153428299	153628299	harbor1	chr6	153452491	153452851	LTR/ERVL-MaLR	2162	+	180	153452671	24372
chr6	61730792	61930792	harbor1	chr6	61753728	61754170	LTR/ERVL-MaLR	1535	+	221	61753949	23157
chr6	61730792	61930792	harbor1	chr6	61762347	61762728	LTR/ERVL-MaLR	1684	+	190	61762537	31745
chr6	61730792	61930792	harbor1	chr6	61801760	61802357	LTR/ERVL-MaLR	2278	+	298	61802058	71266
chr6	61730792	61930792	harbor1	chr6	61806044	61806377	LTR/ERVL-MaLR	696	+	166	61806210	75418
chr6	61730792	61930792	harbor1	chr6	61816167	61816655	LTR/ERVL-MaLR	1308	+	244	61816411	85619
chr6	61730792	61930792	harbor1	chr6	61824178	61824567	LTR/ERVL-MaLR	1854	+	194	61824372	93580
chr6	160738745	160938745	harbor1	chr6	160772046	160772206	LTR/ERVL-MaLR	709	+	80	160772126	33381
chr6	160738745	160938745	harbor1	chr6	160781777	160782138	LTR/ERVL-MaLR	2110	+	180	160781957	43212
chr6	160738745	160938745	harbor1	chr6	160784040	160784130	LTR/ERVL-MaLR	427	+	45	160784085	45340
chr6	160738745	160938745	harbor1	chr6	160804943	160805307	LTR/ERVL-MaLR	2086	+	182	160805125	66380
chr6	74419851	74619851	harbor1	chr6	74517889	74518397	LTR/ERVL-MaLR	885	+	254	74518143	98292
chr6	74419851	74619851	harbor1	chr6	74518726	74518800	LTR/ERVL-MaLR	553	+	37	74518763	98912
chr6	7224375	7424375	harbor1	chr6	7264698	7265027	LTR/ERVL-MaLR	1253	+	164	7264862	40487
chr6	7224375	7424375	harbor1	chr6	7309501	7309873	LTR/ERVL-MaLR	2636	+	186	7309687	85312
chr6	7224375	7424375	harbor1	chr6	7321598	7321760	LTR/ERVL-MaLR	1552	+	81	7321679	97304
chr6	7224375	7424375	harbor1	chr6	7322065	7322210	LTR/ERVL-MaLR	1552	+	72	7322137	97762
chr6	7224375	7424375	harbor1	chr6	7322514	7322583	LTR/ERVL-MaLR	1552	+	34	7322548	98173
chr6	152968030	153168030	harbor1	chr6	152999513	152999870	LTR/ERVL-MaLR	2539	+	178	152999691	31661
chr6	152968030	153168030	harbor1	chr6	153019437	153019857	LTR/ERVL-MaLR	2756	+	210	153019647	51617
chr6	152968030	153168030	harbor1	chr6	153042265	153042628	LTR/ERVL-MaLR	2544	+	182	153042447	74417
chr6	152968030	153168030	harbor1	chr6	153047503	153047840	LTR/ERVL-MaLR	1601	+	168	153047671	79641
chr6	152968030	153168030	harbor1	chr6	153050793	153051172	LTR/ERVL-MaLR	1767	+	190	153050983	82953
chr6	152968030	153168030	harbor1	chr6	153051180	153051864	LTR/ERVL-MaLR	2916	+	342	153051522	83492
chr6	152968030	153168030	harbor1	chr6	153052267	153052759	LTR/ERVL-MaLR	1319	+	246	153052513	84483
chr6	152968030	153168030	harbor1	chr6	153052770	153053122	LTR/ERVL-MaLR	1483	+	176	153052946	84916
chr6	98276776	98476776	harbor1	chr6	98316903	98317582	LTR/ERVL-MaLR	2204	+	340	98317243	40467
chr6	98276776	98476776	harbor1	chr6	98336938	98337271	LTR/ERVL-MaLR	1108	+	166	98337104	60328
chr6	98276776	98476776	harbor1	chr6	98344669	98344978	LTR/ERVL-MaLR	708	+	154	98344823	68047
chr6	98276776	98476776	harbor1	chr6	98360025	98360186	LTR/ERVL-MaLR	606	+	80	98360105	83329
chr6	98276776	98476776	harbor1	chr6	98369727	98370092	LTR/ERVL-MaLR	2208	+	182	98369909	93133
chr6	110637617	110837617	harbor1	chr6	110660977	110661089	LTR/ERVL-MaLR	520	+	56	110661033	23416
chr6	110637617	110837617	harbor1	chr6	110717622	110717692	LTR/ERVL-MaLR	1072	+	35	110717657	80040
chr6	110637617	110837617	harbor1	chr6	110717979	110718192	LTR/ERVL-MaLR	1072	+	106	110718085	80468
chr6	110637617	110837617	harbor1	chr6	110722955	110723484	LTR/ERVL-MaLR	1101	+	264	110723219	85602
chr6	25022521	25222521	harbor1	chr6	25038250	25038839	LTR/ERVL-MaLR	3501	+	294	25038544	16023
chr6	25022521	25222521	harbor1	chr6	25104960	25105434	LTR/ERVL-MaLR	1398	+	237	25105197	82676
chr6	62461566	62661566	harbor1	chr6	62468753	62469118	LTR/ERVL-MaLR	2792	+	182	62468935	7369
chr6	62461566	62661566	harbor1	chr6	62502162	62502523	LTR/ERVL-MaLR	1817	+	180	62502342	40776
chr6	62461566	62661566	harbor1	chr6	62525526	62525850	LTR/ERVL-MaLR	986	+	162	62525688	64122
chr6	62461566	62661566	harbor1	chr6	62526748	62527114	LTR/ERVL-MaLR	2122	+	183	62526931	65365
chr6	132745761	132945761	harbor1	chr6	132749109	132749617	LTR/ERVL-MaLR	809	+	254	132749363	3602
chr6	132745761	132945761	harbor1	chr6	132751854	132752154	LTR/ERVL-MaLR	1049	+	150	132752004	6243
chr6	132745761	132945761	harbor1	chr6	132774995	132775358	LTR/ERVL-MaLR	1931	+	182	132775177	29416
chr6	132745761	132945761	harbor1	chr6	132810847	132811293	LTR/ERVL-MaLR	2374	+	223	132811070	65309
chr6	117895445	118095445	harbor1	chr6	117896286	117896699	LTR/ERVL-MaLR	2267	+	206	117896492	1047
chr6	117895445	118095445	harbor1	chr6	117925355	117925611	LTR/ERVL-MaLR	645	+	128	117925483	30038
chr6	117895445	118095445	harbor1	chr6	117926080	117926441	LTR/ERVL-MaLR	2074	+	180	117926260	30815
chr6	117895445	118095445	harbor1	chr6	117931914	117932315	LTR/ERVL-MaLR	1797	+	200	117932114	36669
chr6	161082136	161282136	harbor1	chr6	161162204	161162686	LTR/ERVL-MaLR	474	+	241	161162445	80309
chr6	113165636	113365636	harbor1	chr6	113170393	113170797	LTR/ERVL-MaLR	2444	+	202	113170595	4959
chr6	113165636	113365636	harbor1	chr6	113171827	113172214	LTR/ERVL-MaLR	1333	+	194	113172021	6385
chr6	113165636	113365636	harbor1	chr6	113198750	113199218	LTR/ERVL-MaLR	1929	+	234	113198984	33348
chr6	113165636	113365636	harbor1	chr6	113259609	113259970	LTR/ERVL-MaLR	2166	+	180	113259789	94153
chr6	6379237	6579237	harbor1	chr6	6380687	6381053	LTR/ERVL-MaLR	1670	+	183	6380870	1633
chr6	6379237	6579237	harbor1	chr6	6397737	6398263	LTR/ERVL-MaLR	1476	+	263	6398000	18763
chr6	6379237	6579237	harbor1	chr6	6433718	6434000	LTR/ERVL-MaLR	723	+	141	6433859	54622
chr6	6379237	6579237	harbor1	chr6	6444654	6445203	LTR/ERVL-MaLR	1689	+	274	6444928	65691
chr6	6379237	6579237	harbor1	chr6	6447475	6447905	LTR/ERVL-MaLR	789	+	215	6447690	68453
chr6	6379237	6579237	harbor1	chr6	6463593	6463958	LTR/ERVL-MaLR	2576	+	182	6463775	84538
chr6	6379237	6579237	harbor1	chr6	6469792	6470298	LTR/ERVL-MaLR	2015	+	253	6470045	90808
chr6	103904024	104104024	harbor1	chr6	103910544	103910935	LTR/ERVL-MaLR	1982	+	196	103910740	6716
chr6	103904024	104104024	harbor1	chr6	103913213	103913561	LTR/ERVL-MaLR	1464	+	174	103913387	9363
chr6	103904024	104104024	harbor1	chr6	103940299	103940694	LTR/ERVL-MaLR	1955	+	198	103940497	36473
chr6	103904024	104104024	harbor1	chr6	103981596	103981960	LTR/ERVL-MaLR	2071	+	182	103981778	77754
chr6	103904024	104104024	harbor1	chr6	103990535	103990881	LTR/ERVL-MaLR	1386	+	173	103990708	86684
chr6	163648038	163848038	harbor1	chr6	163650052	163650305	LTR/ERVL-MaLR	772	+	126	163650178	2140
chr6	163648038	163848038	harbor1	chr6	163657358	163657756	LTR/ERVL-MaLR	2347	+	199	163657557	9519
chr6	163648038	163848038	harbor1	chr6	163671519	163671708	LTR/ERVL-MaLR	430	+	94	163671613	23575
chr6	163648038	163848038	harbor1	chr6	163678842	163679042	LTR/ERVL-MaLR	1054	+	100	163678942	30904
chr6	163648038	163848038	harbor1	chr6	163679719	163680055	LTR/ERVL-MaLR	1155	+	168	163679887	31849
chr6	163648038	163848038	harbor1	chr6	163698654	163698927	LTR/ERVL-MaLR	741	+	136	163698790	50752
chr6	163648038	163848038	harbor1	chr6	163704157	163704528	LTR/ERVL-MaLR	1787	+	186	163704343	56305
chr6	163648038	163848038	harbor1	chr6	163714334	163714650	LTR/ERVL-MaLR	1248	+	158	163714492	66454
chr6	79859249	80059249	harbor1	chr6	79887404	79887733	LTR/ERVL-MaLR	1469	+	164	79887568	28319
chr6	79859249	80059249	harbor1	chr6	79904980	79905408	LTR/ERVL-MaLR	519	+	214	79905194	45945
chr6	73413880	73613880	harbor1	chr6	73422194	73422702	LTR/ERVL-MaLR	1508	+	254	73422448	8568
chr6	73413880	73613880	harbor1	chr6	73506304	73506670	LTR/ERVL-MaLR	2396	+	183	73506487	92607
chr6	80477025	80677025	harbor1	chr6	80534139	80534508	LTR/ERVL-MaLR	1463	+	184	80534323	57298
chr6	80477025	80677025	harbor1	chr6	80547277	80547658	LTR/ERVL-MaLR	2362	+	190	80547467	70442
chr6	108788723	108988723	harbor1	chr6	108800490	108800764	LTR/ERVL-MaLR	1053	+	137	108800627	11904
chr6	108788723	108988723	harbor1	chr6	108801042	108801082	LTR/ERVL-MaLR	1053	+	20	108801062	12339
chr6	108788723	108988723	harbor1	chr6	108818724	108818892	LTR/ERVL-MaLR	2547	+	84	108818808	30085
chr6	108788723	108988723	harbor1	chr6	108819164	108819396	LTR/ERVL-MaLR	2547	+	116	108819280	30557
chr6	108788723	108988723	harbor1	chr6	108826682	108827144	LTR/ERVL-MaLR	1969	+	231	108826913	38190
chr6	108788723	108988723	harbor1	chr6	108827145	108827530	LTR/ERVL-MaLR	2303	+	192	108827337	38614
chr6	108788723	108988723	harbor1	chr6	108832634	108833137	LTR/ERVL-MaLR	1267	+	252	108832886	44163
chr6	108788723	108988723	harbor1	chr6	108844165	108844415	LTR/ERVL-MaLR	627	+	125	108844290	55567
chr6	108788723	108988723	harbor1	chr6	108880246	108880626	LTR/ERVL-MaLR	852	+	190	108880436	91713
chr6	158230624	158430624	harbor1	chr6	158244387	158244709	LTR/ERVL-MaLR	1501	+	161	158244548	13924
chr6	158230624	158430624	harbor1	chr6	158255267	158255825	LTR/ERVL-MaLR	1183	+	279	158255546	24922
chr6	165141769	165341769	harbor1	chr6	165145948	165146369	LTR/ERVL-MaLR	2470	+	210	165146158	4389
chr6	165141769	165341769	harbor1	chr6	165161003	165161396	LTR/ERVL-MaLR	1651	+	196	165161199	19430
chr6	165141769	165341769	harbor1	chr6	165182605	165183471	LTR/ERVL-MaLR	2141	+	433	165183038	41269
chr6	165141769	165341769	harbor1	chr6	165205777	165205885	LTR/ERVL-MaLR	745	+	54	165205831	64062
chr6	165141769	165341769	harbor1	chr6	165205911	165206215	LTR/ERVL-MaLR	745	+	152	165206063	64294
chr6	165141769	165341769	harbor1	chr6	165225386	165225717	LTR/ERVL-MaLR	1358	+	166	165225552	83783
chr6	165141769	165341769	harbor1	chr6	165235506	165235865	LTR/ERVL-MaLR	2159	+	180	165235686	93917
chr6	165141769	165341769	harbor1	chr6	165235866	165237424	LTR/ERVL-MaLR	11578	+	779	165236645	94876
chr6	165141769	165341769	harbor1	chr6	165237425	165237686	LTR/ERVL-MaLR	1621	+	130	165237555	95786
chr6	165141769	165341769	harbor1	chr6	165237674	165237834	LTR/ERVL-MaLR	1123	+	80	165237754	95985
chr6	165141769	165341769	harbor1	chr6	165237813	165237929	LTR/ERVL-MaLR	570	+	58	165237871	96102
chr6	71573459	71773459	harbor1	chr6	71581161	71581596	LTR/ERVL-MaLR	1242	+	218	71581379	7920
chr6	71573459	71773459	harbor1	chr6	71616897	71617264	LTR/ERVL-MaLR	2402	+	184	71617081	43622
chr6	71573459	71773459	harbor1	chr6	71624238	71624613	LTR/ERVL-MaLR	2750	+	188	71624426	50967
chr6	71573459	71773459	harbor1	chr6	71624616	71626213	LTR/ERVL-MaLR	9608	+	798	71625414	51955
chr6	71573459	71773459	harbor1	chr6	71626214	71626582	LTR/ERVL-MaLR	2335	+	184	71626398	52939
chr6	71573459	71773459	harbor1	chr6	71662928	71663316	LTR/ERVL-MaLR	2376	+	194	71663122	89663
chr6	71573459	71773459	harbor1	chr6	71672572	71672901	LTR/ERVL-MaLR	499	+	164	71672736	99277
chr6	117705520	117905520	harbor1	chr6	117720765	117721232	LTR/ERVL-MaLR	1333	+	234	117720999	15479
chr6	117705520	117905520	harbor1	chr6	117736033	117736357	LTR/ERVL-MaLR	1319	+	162	117736195	30675
chr6	117705520	117905520	harbor1	chr6	117737797	117738205	LTR/ERVL-MaLR	1913	+	204	117738001	32481
chr6	117705520	117905520	harbor1	chr6	117766358	117766550	LTR/ERVL-MaLR	929	+	96	117766454	60934
chr6	117705520	117905520	harbor1	chr6	117780786	117781081	LTR/ERVL-MaLR	835	+	148	117780934	75414
chr6	117705520	117905520	harbor1	chr6	117782831	117783286	LTR/ERVL-MaLR	1565	+	228	117783059	77539
chr6	117705520	117905520	harbor1	chr6	117786268	117786609	LTR/ERVL-MaLR	628	+	170	117786438	80918
chr6	88558850	88758850	harbor1	chr6	88560965	88561374	LTR/ERVL-MaLR	2344	+	204	88561169	2319
chr6	88558850	88758850	harbor1	chr6	88568735	88569075	LTR/ERVL-MaLR	1882	+	170	88568905	10055
chr6	88558850	88758850	harbor1	chr6	88592600	88592973	LTR/ERVL-MaLR	2231	+	186	88592786	33936
chr6	88558850	88758850	harbor1	chr6	88601250	88601684	LTR/ERVL-MaLR	2724	+	217	88601467	42617
chr6	57448002	57648002	harbor1	chr6	57465113	57465512	LTR/ERVL-MaLR	798	+	200	57465313	17311
chr6	117523503	117723503	harbor1	chr6	117578409	117578611	LTR/ERVL-MaLR	698	+	101	117578510	55007
chr6	117523503	117723503	harbor1	chr6	117584678	117585086	LTR/ERVL-MaLR	2030	+	204	117584882	61379
chr6	117523503	117723503	harbor1	chr6	117607815	117608406	LTR/ERVL-MaLR	724	+	296	117608111	84608
chr6	100740193	100940193	harbor1	chr6	100754707	100755069	LTR/ERVL-MaLR	2456	+	181	100754888	14695
chr6	100740193	100940193	harbor1	chr6	100764870	100765219	LTR/ERVL-MaLR	1514	+	174	100765044	24851
chr6	100740193	100940193	harbor1	chr6	100787016	100787172	LTR/ERVL-MaLR	522	+	78	100787094	46901
chr6	100740193	100940193	harbor1	chr6	100791809	100792113	LTR/ERVL-MaLR	505	+	152	100791961	51768
chr6	100740193	100940193	harbor1	chr6	100796415	100796795	LTR/ERVL-MaLR	1336	+	190	100796605	56412
chr6	100740193	100940193	harbor1	chr6	100796899	100796976	LTR/ERVL-MaLR	455	+	38	100796937	56744
chr6	100740193	100940193	harbor1	chr6	100802315	100802556	LTR/ERVL-MaLR	1472	+	120	100802435	62242
chr6	100740193	100940193	harbor1	chr6	100803210	100803581	LTR/ERVL-MaLR	2138	+	186	100803396	63203
chr6	152454466	152654466	harbor1	chr6	152454288	152454600	LTR/ERVL-MaLR	1341	+	156	152454444	22
chr6	152454466	152654466	harbor1	chr6	152513228	152513353	LTR/ERVL-MaLR	605	+	62	152513290	58824
chr6	152454466	152654466	harbor1	chr6	152513634	152513663	LTR/ERVL-MaLR	605	+	14	152513648	59182
chr6	152454466	152654466	harbor1	chr6	152514707	152514909	LTR/ERVL-MaLR	960	+	101	152514808	60342
chr6	152454466	152654466	harbor1	chr6	152518235	152518653	LTR/ERVL-MaLR	2485	+	209	152518444	63978
chr6	152454466	152654466	harbor1	chr6	152540546	152541105	LTR/ERVL-MaLR	1350	+	280	152540826	86360
chr6	152454466	152654466	harbor1	chr6	152546301	152546602	LTR/ERVL-MaLR	721	+	150	152546451	91985
chr6	152454466	152654466	harbor1	chr6	152546998	152547235	LTR/ERVL-MaLR	442	+	118	152547116	92650
chr6	152454466	152654466	harbor1	chr6	152547236	152547911	LTR/ERVL-MaLR	1813	+	338	152547574	93108
chr6	152454466	152654466	harbor1	chr6	152548038	152548730	LTR/ERVL-MaLR	1813	+	346	152548384	93918
chr6	152454466	152654466	harbor1	chr6	152548738	152549121	LTR/ERVL-MaLR	604	+	192	152548930	94464
chr6	152454466	152654466	harbor1	chr6	152549307	152549429	LTR/ERVL-MaLR	434	+	61	152549368	94902
chr6	152454466	152654466	harbor1	chr6	152534971	152535311	LTR/ERVL-MaLR	1295	+	170	152535141	80675
chr6	50922904	51122904	harbor1	chr6	51003736	51004272	LTR/ERVL-MaLR	1184	+	268	51004004	81100
chr6	81785581	81985581	harbor1	chr6	81801631	81801973	LTR/ERVL-MaLR	1737	+	171	81801802	16221
chr6	81785581	81985581	harbor1	chr6	81820432	81820778	LTR/ERVL-MaLR	1265	+	173	81820605	35024
chr6	81785581	81985581	harbor1	chr6	81851059	81851475	LTR/ERVL-MaLR	2421	+	208	81851267	65686
chr6	81785581	81985581	harbor1	chr6	81851577	81852024	LTR/ERVL-MaLR	1787	+	224	81851801	66220
chr6	81785581	81985581	harbor1	chr6	81858041	81858264	LTR/ERVL-MaLR	760	+	112	81858153	72572
chr6	141986311	142186311	harbor1	chr6	141992827	141993180	LTR/ERVL-MaLR	2408	+	176	141993003	6692
chr6	141986311	142186311	harbor1	chr6	141993181	141993454	LTR/ERVL-MaLR	1917	+	136	141993317	7006
chr6	141986311	142186311	harbor1	chr6	141993451	141993640	LTR/ERVL-MaLR	1398	+	94	141993545	7234
chr6	141986311	142186311	harbor1	chr6	142009520	142010117	LTR/ERVL-MaLR	1698	+	298	142009818	23507
chr6	141986311	142186311	harbor1	chr6	142027146	142027494	LTR/ERVL-MaLR	1931	+	174	142027320	41009
chr6	141986311	142186311	harbor1	chr6	142035929	142036359	LTR/ERVL-MaLR	2455	+	215	142036144	49833
chr6	141986311	142186311	harbor1	chr6	142070751	142071092	LTR/ERVL-MaLR	1987	+	170	142070921	84610
chr6	141986311	142186311	harbor1	chr6	142071093	142072666	LTR/ERVL-MaLR	11540	+	786	142071879	85568
chr6	141986311	142186311	harbor1	chr6	142072667	142073007	LTR/ERVL-MaLR	2148	+	170	142072837	86526
chr6	141986311	142186311	harbor1	chr6	142083500	142083875	LTR/ERVL-MaLR	2009	+	188	142083688	97377
chr6	60875370	61075370	harbor1	chr6	60892614	60893037	LTR/ERVL-MaLR	2263	+	212	60892826	17456
chr6	60875370	61075370	harbor1	chr6	60898245	60898664	LTR/ERVL-MaLR	2391	+	210	60898455	23085
chr6	60875370	61075370	harbor1	chr6	60926189	60926547	LTR/ERVL-MaLR	1585	+	179	60926368	50998
chr6	60875370	61075370	harbor1	chr6	60943892	60944018	LTR/ERVL-MaLR	416	+	63	60943955	68585
chr6	98759920	98959920	harbor1	chr6	98811482	98811875	LTR/ERVL-MaLR	697	+	196	98811678	51758
chr6	98759920	98959920	harbor1	chr6	98818342	98818506	LTR/ERVL-MaLR	771	+	82	98818424	58504
chr6	109462889	109662889	harbor1	chr6	109502098	109502228	LTR/ERVL-MaLR	739	+	65	109502163	39274
chr6	109462889	109662889	harbor1	chr6	109502365	109502640	LTR/ERVL-MaLR	1272	+	138	109502503	39614
chr6	109462889	109662889	harbor1	chr6	109502654	109502957	LTR/ERVL-MaLR	1124	+	152	109502806	39917
chr6	109462889	109662889	harbor1	chr6	109502991	109503050	LTR/ERVL-MaLR	1124	+	30	109503021	40132
chr6	109462889	109662889	harbor1	chr6	109514797	109515187	LTR/ERVL-MaLR	1414	+	195	109514992	52103
chr6	109462889	109662889	harbor1	chr6	109544336	109544760	LTR/ERVL-MaLR	2906	+	212	109544548	81659
chr6	109462889	109662889	harbor1	chr6	109545345	109545700	LTR/ERVL-MaLR	2198	+	178	109545523	82634
chr6	155632587	155832587	harbor1	chr6	155632481	155632835	LTR/ERVL-MaLR	2024	+	177	155632658	71
chr6	155632587	155832587	harbor1	chr6	155637908	155638137	LTR/ERVL-MaLR	981	+	114	155638022	5435
chr6	155632587	155832587	harbor1	chr6	155656047	155656373	LTR/ERVL-MaLR	1870	+	163	155656210	23623
chr6	155632587	155832587	harbor1	chr6	155686515	155686862	LTR/ERVL-MaLR	1477	+	174	155686689	54102
chr6	155632587	155832587	harbor1	chr6	155726032	155726417	LTR/ERVL-MaLR	1940	+	192	155726224	93637
chr6	140403	340403	harbor1	chr6	171452	171814	LTR/ERVL-MaLR	2057	+	181	171633	31230
chr6	140403	340403	harbor1	chr6	171815	173374	LTR/ERVL-MaLR	11179	+	780	172595	32192
chr6	140403	340403	harbor1	chr6	173375	173733	LTR/ERVL-MaLR	2103	+	179	173554	33151
chr6	140403	340403	harbor1	chr6	233006	233405	LTR/ERVL-MaLR	1290	+	200	233206	92803
chr6	167063438	167263438	harbor1	chr6	167092486	167092906	LTR/ERVL-MaLR	983	+	210	167092696	29258
chr6	167063438	167263438	harbor1	chr6	167095902	167096103	LTR/ERVL-MaLR	435	+	100	167096002	32564
chr6	167063438	167263438	harbor1	chr6	167103501	167103855	LTR/ERVL-MaLR	1705	+	177	167103678	40240
chr6	167063438	167263438	harbor1	chr6	167126681	167127048	LTR/ERVL-MaLR	2652	+	184	167126865	63427
chr6	167063438	167263438	harbor1	chr6	167150060	167150117	LTR/ERVL-MaLR	1616	+	28	167150088	86650
chr6	167063438	167263438	harbor1	chr6	167150417	167150716	LTR/ERVL-MaLR	1616	+	150	167150567	87129
chr6	54694823	54894823	harbor1	chr6	54739884	54740248	LTR/ERVL-MaLR	2586	+	182	54740066	45243
chr6	102529509	102729509	harbor1	chr6	102537769	102538144	LTR/ERVL-MaLR	2298	+	188	102537957	8448
chr6	102529509	102729509	harbor1	chr6	102538147	102539664	LTR/ERVL-MaLR	9589	+	758	102538905	9396
chr6	102529509	102729509	harbor1	chr6	102539667	102540042	LTR/ERVL-MaLR	2128	+	188	102539855	10346
chr6	102529509	102729509	harbor1	chr6	102547997	102548353	LTR/ERVL-MaLR	1938	+	178	102548175	18666
chr6	102529509	102729509	harbor1	chr6	102566376	102566625	LTR/ERVL-MaLR	1028	+	124	102566500	36991
chr6	102529509	102729509	harbor1	chr6	102613277	102613389	LTR/ERVL-MaLR	836	+	56	102613333	83824
chr6	113974501	114174501	harbor1	chr6	113974597	113974843	LTR/ERVL-MaLR	443	+	123	113974720	219
chr6	113974501	114174501	harbor1	chr6	113980262	113980404	LTR/ERVL-MaLR	525	+	71	113980333	5832
chr6	113974501	114174501	harbor1	chr6	113986558	113986935	LTR/ERVL-MaLR	2335	+	188	113986746	12245
chr6	113974501	114174501	harbor1	chr6	113993109	113993534	LTR/ERVL-MaLR	544	+	212	113993321	18820
chr6	113974501	114174501	harbor1	chr6	114001889	114002206	LTR/ERVL-MaLR	843	+	158	114002047	27546
chr6	113974501	114174501	harbor1	chr6	114004956	114005249	LTR/ERVL-MaLR	789	+	146	114005102	30601
chr6	113974501	114174501	harbor1	chr6	114049496	114049639	LTR/ERVL-MaLR	666	+	72	114049568	75067
chr6	113974501	114174501	harbor1	chr6	114059473	114059836	LTR/ERVL-MaLR	1944	+	182	114059655	85154
chr6	123235712	123435712	harbor1	chr6	123275135	123275590	LTR/ERVL-MaLR	1834	+	228	123275363	39651
chr6	123235712	123435712	harbor1	chr6	123275593	123275831	LTR/ERVL-MaLR	5423	+	119	123275712	40000
chr6	123235712	123435712	harbor1	chr6	123276211	123277380	LTR/ERVL-MaLR	5423	+	584	123276795	41083
chr6	123235712	123435712	harbor1	chr6	123277381	123277864	LTR/ERVL-MaLR	1843	+	242	123277623	41911
chr6	123235712	123435712	harbor1	chr6	123281887	123282169	LTR/ERVL-MaLR	859	+	141	123282028	46316
chr6	45111403	45311403	harbor1	chr6	45118820	45119038	LTR/ERVL-MaLR	419	+	109	45118929	7526
chr6	45111403	45311403	harbor1	chr6	45124738	45125196	LTR/ERVL-MaLR	1879	+	229	45124967	13564
chr6	45111403	45311403	harbor1	chr6	45133911	45134000	LTR/ERVL-MaLR	511	+	44	45133955	22552
chr6	45111403	45311403	harbor1	chr6	45135641	45135857	LTR/ERVL-MaLR	750	+	108	45135749	24346
chr6	45111403	45311403	harbor1	chr6	45160874	45161262	LTR/ERVL-MaLR	2111	+	194	45161068	49665
chr6	44780389	44980389	harbor1	chr6	44783023	44783316	LTR/ERVL-MaLR	1208	+	146	44783169	2780
chr6	44780389	44980389	harbor1	chr6	44783330	44784724	LTR/ERVL-MaLR	3173	+	697	44784027	3638
chr6	44780389	44980389	harbor1	chr6	44802469	44802986	LTR/ERVL-MaLR	1839	+	258	44802727	22338
chr6	44780389	44980389	harbor1	chr6	44810099	44810216	LTR/ERVL-MaLR	458	+	58	44810157	29768
chr6	44780389	44980389	harbor1	chr6	44841034	44841203	LTR/ERVL-MaLR	1047	+	84	44841118	60729
chr6	25548072	25748072	harbor1	chr6	25637357	25637485	LTR/ERVL-MaLR	438	+	64	25637421	89349
chr6	25548072	25748072	harbor1	chr6	25637965	25638210	LTR/ERVL-MaLR	590	+	122	25638087	90015
chr6	82976216	83176216	harbor1	chr6	83002249	83002402	LTR/ERVL-MaLR	1973	+	76	83002325	26109
chr6	82976216	83176216	harbor1	chr6	83002701	83002932	LTR/ERVL-MaLR	1973	+	116	83002817	26601
chr6	82976216	83176216	harbor1	chr6	83006260	83006703	LTR/ERVL-MaLR	1232	+	222	83006482	30266
chr6	82976216	83176216	harbor1	chr6	83030228	83030594	LTR/ERVL-MaLR	2643	+	183	83030411	54195
chr6	82976216	83176216	harbor1	chr6	83030595	83031008	LTR/ERVL-MaLR	9246	+	206	83030801	54585
chr6	82976216	83176216	harbor1	chr6	83031309	83032657	LTR/ERVL-MaLR	9246	+	674	83031983	55767
chr6	82976216	83176216	harbor1	chr6	83032658	83033018	LTR/ERVL-MaLR	2497	+	180	83032838	56622
chr6	82976216	83176216	harbor1	chr6	83033394	83033815	LTR/ERVL-MaLR	2458	+	210	83033604	57388
chr6	82976216	83176216	harbor1	chr6	83034469	83034838	LTR/ERVL-MaLR	1913	+	184	83034653	58437
chr6	30123827	30323827	harbor1	chr6	30148268	30148725	LTR/ERVL-MaLR	1363	+	228	30148496	24669
chr6	30123827	30323827	harbor1	chr6	30149036	30149097	LTR/ERVL-MaLR	1363	+	30	30149066	25239
chr6	30123827	30323827	harbor1	chr6	30190481	30190931	LTR/ERVL-MaLR	1136	+	225	30190706	66879
chr6	30123827	30323827	harbor1	chr6	30209356	30209503	LTR/ERVL-MaLR	799	+	74	30209430	85603
chr6	30123827	30323827	harbor1	chr6	30209511	30209599	LTR/ERVL-MaLR	601	+	44	30209555	85728
chr6	99732432	99932432	harbor1	chr6	99738636	99739162	LTR/ERVL-MaLR	540	+	263	99738899	6467
chr6	99732432	99932432	harbor1	chr6	99765056	99765818	LTR/ERVL-MaLR	1260	+	381	99765437	33005
chr6	99732432	99932432	harbor1	chr6	99782089	99782430	LTR/ERVL-MaLR	2225	+	170	99782259	49827
chr6	99732432	99932432	harbor1	chr6	99800173	99800594	LTR/ERVL-MaLR	1364	+	210	99800383	67951
chr6	99732432	99932432	harbor1	chr6	99813122	99813226	LTR/ERVL-MaLR	1417	+	52	99813174	80742
chr6	99732432	99932432	harbor1	chr6	99813227	99813594	LTR/ERVL-MaLR	1877	+	184	99813411	80979
chr6	99732432	99932432	harbor1	chr6	99813595	99813822	LTR/ERVL-MaLR	1417	+	114	99813709	81277
chr6	3943555	4143555	harbor1	chr6	3958585	3958941	LTR/ERVL-MaLR	2122	+	178	3958763	15208
chr6	3943555	4143555	harbor1	chr6	3964599	3964685	LTR/ERVL-MaLR	966	+	43	3964642	21087
chr6	3943555	4143555	harbor1	chr6	3964992	3965120	LTR/ERVL-MaLR	966	+	64	3965056	21501
chr6	3943555	4143555	harbor1	chr6	3965955	3966109	LTR/ERVL-MaLR	1029	+	77	3966032	22477
chr6	3943555	4143555	harbor1	chr6	3966246	3966603	LTR/ERVL-MaLR	2066	+	178	3966424	22869
chr6	3943555	4143555	harbor1	chr6	3983679	3984048	LTR/ERVL-MaLR	2541	+	184	3983863	40308
chr6	24247705	24447705	harbor1	chr6	24332122	24332672	LTR/ERVL-MaLR	899	+	275	24332397	84692
chr6	48375001	48575001	harbor1	chr6	48413828	48414351	LTR/ERVL-MaLR	1784	+	262	48414090	39089
chr6	48375001	48575001	harbor1	chr6	48430968	48431100	LTR/ERVL-MaLR	841	+	66	48431034	56033
chr6	48375001	48575001	harbor1	chr6	48431132	48431435	LTR/ERVL-MaLR	841	+	152	48431284	56283
chr6	48375001	48575001	harbor1	chr6	48431436	48431553	LTR/ERVL-MaLR	1902	+	58	48431494	56493
chr6	48375001	48575001	harbor1	chr6	48431554	48431924	LTR/ERVL-MaLR	1920	+	185	48431739	56738
chr6	48375001	48575001	harbor1	chr6	48431925	48432973	LTR/ERVL-MaLR	1902	+	524	48432449	57448
chr6	48375001	48575001	harbor1	chr6	48433329	48433483	LTR/ERVL-MaLR	1902	+	77	48433406	58405
chr6	48375001	48575001	harbor1	chr6	48438502	48439539	LTR/ERVL-MaLR	4443	+	518	48439020	64019
chr6	48375001	48575001	harbor1	chr6	48439540	48439949	LTR/ERVL-MaLR	2121	+	204	48439744	64743
chr6	48375001	48575001	harbor1	chr6	48460765	48461240	LTR/ERVL-MaLR	1378	+	238	48461003	86002
chr6	138798632	138998632	harbor1	chr6	138801249	138801341	LTR/ERVL-MaLR	442	+	46	138801295	2663
chr6	138798632	138998632	harbor1	chr6	138801985	138802422	LTR/ERVL-MaLR	1719	+	218	138802203	3571
chr6	138798632	138998632	harbor1	chr6	138809842	138810285	LTR/ERVL-MaLR	1083	+	222	138810064	11432
chr6	138798632	138998632	harbor1	chr6	138810662	138810967	LTR/ERVL-MaLR	787	+	152	138810814	12182
chr6	138798632	138998632	harbor1	chr6	138811006	138811409	LTR/ERVL-MaLR	1741	+	202	138811208	12576
chr6	138798632	138998632	harbor1	chr6	138811412	138811568	LTR/ERVL-MaLR	1401	+	78	138811490	12858
chr6	138798632	138998632	harbor1	chr6	138812063	138812419	LTR/ERVL-MaLR	1401	+	178	138812241	13609
chr6	138798632	138998632	harbor1	chr6	138820033	138820526	LTR/ERVL-MaLR	920	+	246	138820279	21647
chr6	138798632	138998632	harbor1	chr6	138821865	138822102	LTR/ERVL-MaLR	653	+	118	138821983	23351
chr6	138798632	138998632	harbor1	chr6	138826687	138827067	LTR/ERVL-MaLR	2285	+	190	138826877	28245
chr6	138798632	138998632	harbor1	chr6	138827378	138827431	LTR/ERVL-MaLR	2285	+	26	138827404	28772
chr6	54697121	54897121	harbor1	chr6	54739884	54740248	LTR/ERVL-MaLR	2586	+	182	54740066	42945
chr6	54697121	54897121	harbor1	chr6	54795219	54795649	LTR/ERVL-MaLR	2700	+	215	54795434	98313
chr6	54697121	54897121	harbor1	chr6	54796106	54796458	LTR/ERVL-MaLR	2507	+	176	54796282	99161
chr6	71028237	71228237	harbor1	chr6	71036895	71037136	LTR/ERVL-MaLR	960	+	120	71037015	8778
chr6	71028237	71228237	harbor1	chr6	71037904	71038094	LTR/ERVL-MaLR	960	+	95	71037999	9762
chr6	71028237	71228237	harbor1	chr6	71038380	71038454	LTR/ERVL-MaLR	960	+	37	71038417	10180
chr6	71028237	71228237	harbor1	chr6	71043066	71043410	LTR/ERVL-MaLR	1582	+	172	71043238	15001
chr6	71028237	71228237	harbor1	chr6	71043808	71044262	LTR/ERVL-MaLR	1636	+	227	71044035	15798
chr6	71028237	71228237	harbor1	chr6	71044568	71044747	LTR/ERVL-MaLR	1636	+	90	71044658	16421
chr6	71028237	71228237	harbor1	chr6	71104089	71104466	LTR/ERVL-MaLR	1532	+	188	71104277	76040
chr6	7229988	7429988	harbor1	chr6	7264698	7265027	LTR/ERVL-MaLR	1253	+	164	7264862	34874
chr6	7229988	7429988	harbor1	chr6	7309501	7309873	LTR/ERVL-MaLR	2636	+	186	7309687	79699
chr6	7229988	7429988	harbor1	chr6	7321598	7321760	LTR/ERVL-MaLR	1552	+	81	7321679	91691
chr6	7229988	7429988	harbor1	chr6	7322065	7322210	LTR/ERVL-MaLR	1552	+	72	7322137	92149
chr6	7229988	7429988	harbor1	chr6	7322514	7322583	LTR/ERVL-MaLR	1552	+	34	7322548	92560
chr6	125933489	126133489	harbor1	chr6	125949112	125949417	LTR/ERVL-MaLR	830	+	152	125949264	15775
chr6	125933489	126133489	harbor1	chr6	125950770	125951123	LTR/ERVL-MaLR	2705	+	176	125950946	17457
chr6	3113258	3313258	harbor1	chr6	3175664	3176185	LTR/ERVL-MaLR	1397	+	260	3175924	62666
chr6	3113258	3313258	harbor1	chr6	3206294	3206662	LTR/ERVL-MaLR	1870	+	184	3206478	93220
chr6	107600402	107800402	harbor1	chr6	107679828	107680074	LTR/ERVL-MaLR	518	+	123	107679951	79549
chr6	107600402	107800402	harbor1	chr6	107682955	107683515	LTR/ERVL-MaLR	1189	+	280	107683235	82833
chr6	107600402	107800402	harbor1	chr6	107686325	107686511	LTR/ERVL-MaLR	436	+	93	107686418	86016
chr6	24052026	24252026	harbor1	chr6	24065881	24066340	LTR/ERVL-MaLR	1377	+	230	24066111	14085
chr6	24052026	24252026	harbor1	chr6	24066341	24066443	LTR/ERVL-MaLR	544	+	51	24066392	14366
chr6	24052026	24252026	harbor1	chr6	24066444	24066887	LTR/ERVL-MaLR	953	+	222	24066666	14640
chr6	24052026	24252026	harbor1	chr6	24068194	24068499	LTR/ERVL-MaLR	863	+	152	24068346	16320
chr6	24052026	24252026	harbor1	chr6	24079931	24080241	LTR/ERVL-MaLR	513	+	155	24080086	28060
chr6	24052026	24252026	harbor1	chr6	24092299	24092763	LTR/ERVL-MaLR	1917	+	232	24092531	40505
chr6	24052026	24252026	harbor1	chr6	24098197	24098568	LTR/ERVL-MaLR	1134	+	186	24098383	46357
chr6	24052026	24252026	harbor1	chr6	24113791	24114043	LTR/ERVL-MaLR	928	+	126	24113917	61891
chr6	24052026	24252026	harbor1	chr6	24066888	24068187	LTR/ERVL-MaLR	4109	+	650	24067538	15512
chr6	6773892	6973892	harbor1	chr6	6797305	6797728	LTR/ERVL-MaLR	2433	+	212	6797517	23625
chr6	6773892	6973892	harbor1	chr6	6805011	6805115	LTR/ERVL-MaLR	464	+	52	6805063	31171
chr6	6773892	6973892	harbor1	chr6	6805992	6806168	LTR/ERVL-MaLR	512	+	88	6806080	32188
chr6	6773892	6973892	harbor1	chr6	6806831	6807107	LTR/ERVL-MaLR	482	+	138	6806969	33077
chr6	6773892	6973892	harbor1	chr6	6851243	6851605	LTR/ERVL-MaLR	766	+	181	6851424	77532
chr6	6773892	6973892	harbor1	chr6	6851762	6851838	LTR/ERVL-MaLR	766	+	38	6851800	77908
chr6	6773892	6973892	harbor1	chr6	6864202	6864564	LTR/ERVL-MaLR	1684	+	181	6864383	90491
chr6	6773892	6973892	harbor1	chr6	6869099	6869331	LTR/ERVL-MaLR	796	+	116	6869215	95323
chr6	6773892	6973892	harbor1	chr6	6869636	6869836	LTR/ERVL-MaLR	796	+	100	6869736	95844
chr6	22614550	22814550	harbor1	chr6	22632014	22632139	LTR/ERVL-MaLR	530	+	62	22632076	17526
chr6	22614550	22814550	harbor1	chr6	22642202	22642571	LTR/ERVL-MaLR	563	+	184	22642386	27836
chr6	22614550	22814550	harbor1	chr6	22649511	22649679	LTR/ERVL-MaLR	2517	+	84	22649595	35045
chr6	22614550	22814550	harbor1	chr6	22649841	22650127	LTR/ERVL-MaLR	2517	+	143	22649984	35434
chr6	83311936	83511936	harbor1	chr6	83316970	83317300	LTR/ERVL-MaLR	1011	+	165	83317135	5199
chr6	83311936	83511936	harbor1	chr6	83319372	83320098	LTR/ERVL-MaLR	2875	+	363	83319735	7799
chr6	83311936	83511936	harbor1	chr6	83331136	83331307	LTR/ERVL-MaLR	2324	+	86	83331222	19286
chr6	83311936	83511936	harbor1	chr6	83331612	83331818	LTR/ERVL-MaLR	2324	+	103	83331715	19779
chr6	83311936	83511936	harbor1	chr6	83372125	83372335	LTR/ERVL-MaLR	810	+	105	83372230	60294
chr6	83311936	83511936	harbor1	chr6	83386681	83387023	LTR/ERVL-MaLR	1469	+	171	83386852	74916
chr6	83311936	83511936	harbor1	chr6	83400129	83400489	LTR/ERVL-MaLR	2026	+	180	83400309	88373
chr6	83311936	83511936	harbor1	chr6	83408896	83409257	LTR/ERVL-MaLR	1907	+	180	83409076	97140
chr6	135902251	136102251	harbor1	chr6	135971016	135971427	LTR/ERVL-MaLR	1708	+	206	135971222	68971
chr6	85001241	85201241	harbor1	chr6	85008667	85009087	LTR/ERVL-MaLR	2921	+	210	85008877	7636
chr6	85001241	85201241	harbor1	chr6	85009863	85010206	LTR/ERVL-MaLR	740	+	172	85010035	8794
chr6	85001241	85201241	harbor1	chr6	85017613	85018162	LTR/ERVL-MaLR	2649	+	274	85017887	16646
chr6	85001241	85201241	harbor1	chr6	85043510	85043638	LTR/ERVL-MaLR	738	+	64	85043574	42333
chr6	85001241	85201241	harbor1	chr6	85048412	85048835	LTR/ERVL-MaLR	519	+	212	85048624	47383
chr6	85001241	85201241	harbor1	chr6	85063939	85064146	LTR/ERVL-MaLR	1159	+	104	85064043	62802
chr6	85001241	85201241	harbor1	chr6	85064294	85064320	LTR/ERVL-MaLR	1226	+	13	85064307	63066
chr6	85001241	85201241	harbor1	chr6	85064618	85064826	LTR/ERVL-MaLR	1226	+	104	85064722	63481
chr6	85001241	85201241	harbor1	chr6	85085388	85085687	LTR/ERVL-MaLR	1263	+	150	85085538	84297
chr6	85001241	85201241	harbor1	chr6	85048881	85049452	LTR/ERVL-MaLR	1765	+	286	85049167	47926
chr6	70568469	70768469	harbor1	chr6	70585093	70585211	LTR/ERVL-MaLR	702	+	59	70585152	16683
chr6	70568469	70768469	harbor1	chr6	70585356	70585601	LTR/ERVL-MaLR	1058	+	122	70585478	17009
chr6	70568469	70768469	harbor1	chr6	70591782	70592207	LTR/ERVL-MaLR	2432	+	212	70591994	23525
chr6	70568469	70768469	harbor1	chr6	70592208	70593684	LTR/ERVL-MaLR	5818	+	738	70592946	24477
chr6	70568469	70768469	harbor1	chr6	70593994	70594268	LTR/ERVL-MaLR	5818	+	137	70594131	25662
chr6	70568469	70768469	harbor1	chr6	70594283	70594631	LTR/ERVL-MaLR	1485	+	174	70594457	25988
chr6	70568469	70768469	harbor1	chr6	70594929	70594994	LTR/ERVL-MaLR	1485	+	32	70594961	26492
chr6	70568469	70768469	harbor1	chr6	70601910	70602397	LTR/ERVL-MaLR	1872	+	244	70602154	33685
chr6	70568469	70768469	harbor1	chr6	70603644	70603817	LTR/ERVL-MaLR	1099	+	86	70603730	35261
chr6	70568469	70768469	harbor1	chr6	70626855	70627013	LTR/ERVL-MaLR	1062	+	79	70626934	58465
chr6	70568469	70768469	harbor1	chr6	70627324	70627358	LTR/ERVL-MaLR	1062	+	17	70627341	58872
chr6	70568469	70768469	harbor1	chr6	70628250	70628414	LTR/ERVL-MaLR	1037	+	82	70628332	59863
chr6	70568469	70768469	harbor1	chr6	70629597	70629957	LTR/ERVL-MaLR	2295	+	180	70629777	61308
chr6	70568469	70768469	harbor1	chr6	70630854	70630966	LTR/ERVL-MaLR	534	+	56	70630910	62441
chr6	70568469	70768469	harbor1	chr6	70652291	70652443	LTR/ERVL-MaLR	566	+	76	70652367	83898
chr6	70568469	70768469	harbor1	chr6	70652742	70653024	LTR/ERVL-MaLR	566	+	141	70652883	84414
chr6	70568469	70768469	harbor1	chr6	70661137	70661295	LTR/ERVL-MaLR	535	+	79	70661216	92747
chr6	70568469	70768469	harbor1	chr6	70661313	70661487	LTR/ERVL-MaLR	566	+	87	70661400	92931
chr6	134023350	134223350	harbor1	chr6	134024798	134024927	LTR/ERVL-MaLR	422	+	64	134024862	1512
chr6	134023350	134223350	harbor1	chr6	134039659	134040048	LTR/ERVL-MaLR	2329	+	194	134039853	16503
chr6	134023350	134223350	harbor1	chr6	134040379	134040419	LTR/ERVL-MaLR	2329	+	20	134040399	17049
chr6	134023350	134223350	harbor1	chr6	134071070	134071446	LTR/ERVL-MaLR	2888	+	188	134071258	47908
chr6	134023350	134223350	harbor1	chr6	134092793	134093240	LTR/ERVL-MaLR	1905	+	224	134093017	69667
chr6	134023350	134223350	harbor1	chr6	134112121	134112237	LTR/ERVL-MaLR	1389	+	58	134112179	88829
chr6	134023350	134223350	harbor1	chr6	134112238	134112616	LTR/ERVL-MaLR	2294	+	189	134112427	89077
chr6	134023350	134223350	harbor1	chr6	134112617	134112917	LTR/ERVL-MaLR	1389	+	150	134112767	89417
chr6	134023350	134223350	harbor1	chr6	134113265	134113460	LTR/ERVL-MaLR	486	+	98	134113363	90013
chr6	134023350	134223350	harbor1	chr6	134113782	134113959	LTR/ERVL-MaLR	486	+	88	134113870	90520
chr6	134023350	134223350	harbor1	chr6	134086484	134086846	LTR/ERVL-MaLR	2716	+	181	134086665	63315
chr6	132818469	133018469	harbor1	chr6	132854995	132855428	LTR/ERVL-MaLR	2066	+	216	132855211	36742
chr6	132818469	133018469	harbor1	chr6	132872604	132872956	LTR/ERVL-MaLR	1886	+	176	132872780	54311
chr6	125456439	125656439	harbor1	chr6	125464501	125464844	LTR/ERVL-MaLR	2322	+	172	125464673	8234
chr6	125456439	125656439	harbor1	chr6	125464845	125466419	LTR/ERVL-MaLR	12506	+	787	125465632	9193
chr6	125456439	125656439	harbor1	chr6	125466420	125466765	LTR/ERVL-MaLR	2238	+	172	125466592	10153
chr6	125456439	125656439	harbor1	chr6	125467507	125467840	LTR/ERVL-MaLR	2594	+	166	125467673	11234
chr6	125456439	125656439	harbor1	chr6	125471421	125471933	LTR/ERVL-MaLR	2010	+	256	125471677	15238
chr6	125456439	125656439	harbor1	chr6	125486672	125487026	LTR/ERVL-MaLR	2625	+	177	125486849	30410
chr6	125456439	125656439	harbor1	chr6	125489163	125489541	LTR/ERVL-MaLR	2083	+	189	125489352	32913
chr6	125456439	125656439	harbor1	chr6	125497243	125497605	LTR/ERVL-MaLR	1931	+	181	125497424	40985
chr6	125456439	125656439	harbor1	chr6	125506523	125506916	LTR/ERVL-MaLR	1122	+	196	125506719	50280
chr6	125456439	125656439	harbor1	chr6	125506921	125507363	LTR/ERVL-MaLR	1843	+	221	125507142	50703
chr6	125456439	125656439	harbor1	chr6	125507479	125507924	LTR/ERVL-MaLR	2256	+	222	125507701	51262
chr6	125456439	125656439	harbor1	chr6	125507942	125508310	LTR/ERVL-MaLR	1397	+	184	125508126	51687
chr6	125456439	125656439	harbor1	chr6	125509464	125509828	LTR/ERVL-MaLR	1780	+	182	125509646	53207
chr6	125456439	125656439	harbor1	chr6	125511282	125511685	LTR/ERVL-MaLR	1513	+	202	125511484	55045
chr6	125456439	125656439	harbor1	chr6	125542286	125542678	LTR/ERVL-MaLR	1356	+	196	125542482	86043
chr6	5304745	5504745	harbor1	chr6	5319821	5320072	LTR/ERVL-MaLR	904	+	126	5319947	15202
chr6	5304745	5504745	harbor1	chr6	5327357	5327719	LTR/ERVL-MaLR	2758	+	181	5327538	22793
chr6	80418666	80618666	harbor1	chr6	80421034	80421396	LTR/ERVL-MaLR	1939	+	181	80421215	2549
chr6	80418666	80618666	harbor1	chr6	80421397	80423004	LTR/ERVL-MaLR	10169	+	804	80422201	3535
chr6	80418666	80618666	harbor1	chr6	80423005	80423372	LTR/ERVL-MaLR	2026	+	184	80423189	4523
chr6	80418666	80618666	harbor1	chr6	80435547	80435752	LTR/ERVL-MaLR	671	+	102	80435649	16983
chr6	80418666	80618666	harbor1	chr6	80471120	80471501	LTR/ERVL-MaLR	675	+	190	80471310	52644
chr6	80418666	80618666	harbor1	chr6	80474196	80474632	LTR/ERVL-MaLR	1500	+	218	80474414	55748
chr6	144538617	144738617	harbor1	chr6	144569751	144570111	LTR/ERVL-MaLR	1485	+	180	144569931	31314
chr6	126254536	126454536	harbor1	chr6	126322296	126322508	LTR/ERVL-MaLR	920	+	106	126322402	67866
chr6	126254536	126454536	harbor1	chr6	126335297	126335554	LTR/ERVL-MaLR	1181	+	128	126335425	80889
chr6	117765525	117965525	harbor1	chr6	117766358	117766550	LTR/ERVL-MaLR	929	+	96	117766454	929
chr6	117765525	117965525	harbor1	chr6	117780786	117781081	LTR/ERVL-MaLR	835	+	148	117780934	15409
chr6	117765525	117965525	harbor1	chr6	117782831	117783286	LTR/ERVL-MaLR	1565	+	228	117783059	17534
chr6	117765525	117965525	harbor1	chr6	117786268	117786609	LTR/ERVL-MaLR	628	+	170	117786438	20913
chr6	117765525	117965525	harbor1	chr6	117816742	117817094	LTR/ERVL-MaLR	1307	+	176	117816918	51393
chr6	117765525	117965525	harbor1	chr6	117817512	117817924	LTR/ERVL-MaLR	2176	+	206	117817718	52193
chr6	117765525	117965525	harbor1	chr6	117818361	117818701	LTR/ERVL-MaLR	1483	+	170	117818531	53006
chr6	117765525	117965525	harbor1	chr6	117819423	117819681	LTR/ERVL-MaLR	985	+	129	117819552	54027
chr6	117765525	117965525	harbor1	chr6	117836741	117837097	LTR/ERVL-MaLR	996	+	178	117836919	71394
chr6	117765525	117965525	harbor1	chr6	117862820	117863304	LTR/ERVL-MaLR	2168	+	242	117863062	97537
chr6	117765525	117965525	harbor1	chr6	117817132	117817441	LTR/ERVL-MaLR	1486	+	154	117817286	51761
chr6	69845984	70045984	harbor1	chr6	69859261	69859730	LTR/ERVL-MaLR	1544	+	234	69859495	13511
chr6	69558022	69758022	harbor1	chr6	69592422	69592784	LTR/ERVL-MaLR	2007	+	181	69592603	34581
chr6	69558022	69758022	harbor1	chr6	69610509	69610872	LTR/ERVL-MaLR	2247	+	182	69610691	52669
chr6	69558022	69758022	harbor1	chr6	69612980	69613369	LTR/ERVL-MaLR	1786	+	194	69613174	55152
chr6	69558022	69758022	harbor1	chr6	69630883	69631281	LTR/ERVL-MaLR	1242	+	199	69631082	73060
chr6	152069271	152269271	harbor1	chr6	152076455	152078028	LTR/ERVL-MaLR	11476	+	786	152077241	7970
chr6	152069271	152269271	harbor1	chr6	152078029	152078265	LTR/ERVL-MaLR	1444	+	118	152078147	8876
chr6	152069271	152269271	harbor1	chr6	152084452	152084583	LTR/ERVL-MaLR	1015	+	66	152084518	15247
chr6	152069271	152269271	harbor1	chr6	152088417	152088831	LTR/ERVL-MaLR	2734	+	207	152088624	19353
chr6	152069271	152269271	harbor1	chr6	152076091	152076454	LTR/ERVL-MaLR	2375	+	182	152076273	7002
chr6	94652875	94852875	harbor1	chr6	94668101	94668467	LTR/ERVL-MaLR	2337	+	183	94668284	15409
chr6	94652875	94852875	harbor1	chr6	94668470	94670018	LTR/ERVL-MaLR	9641	+	774	94669244	16369
chr6	94652875	94852875	harbor1	chr6	94670019	94670375	LTR/ERVL-MaLR	1759	+	178	94670197	17322
chr6	94652875	94852875	harbor1	chr6	94670376	94670521	LTR/ERVL-MaLR	1073	+	72	94670448	17573
chr6	94652875	94852875	harbor1	chr6	94670524	94670879	LTR/ERVL-MaLR	2374	+	178	94670702	17827
chr6	94652875	94852875	harbor1	chr6	94750894	94751332	LTR/ERVL-MaLR	2074	+	219	94751113	98238
chr6	624018	824018	harbor1	chr6	640495	640874	LTR/ERVL-MaLR	1692	+	190	640685	16667
chr6	624018	824018	harbor1	chr6	719306	719646	LTR/ERVL-MaLR	1256	+	170	719476	95458
chr6	38756841	38956841	harbor1	chr6	38760579	38760963	LTR/ERVL-MaLR	2220	+	192	38760771	3930
chr6	38756841	38956841	harbor1	chr6	38769578	38769785	LTR/ERVL-MaLR	591	+	104	38769682	12841
chr6	102727206	102927206	harbor1	chr6	102749468	102749660	LTR/ERVL-MaLR	644	+	96	102749564	22358
chr6	102727206	102927206	harbor1	chr6	102772776	102773160	LTR/ERVL-MaLR	1244	+	192	102772968	45762
chr6	102727206	102927206	harbor1	chr6	102780097	102780428	LTR/ERVL-MaLR	575	+	166	102780263	53057
chr6	102727206	102927206	harbor1	chr6	102782568	102782929	LTR/ERVL-MaLR	2007	+	180	102782748	55542
chr6	102727206	102927206	harbor1	chr6	102782933	102784525	LTR/ERVL-MaLR	11021	+	796	102783729	56523
chr6	102727206	102927206	harbor1	chr6	102784528	102784896	LTR/ERVL-MaLR	2058	+	184	102784712	57506
chr6	102727206	102927206	harbor1	chr6	102785794	102786227	LTR/ERVL-MaLR	1446	+	216	102786010	58804
chr6	102727206	102927206	harbor1	chr6	102824576	102824744	LTR/ERVL-MaLR	1161	+	84	102824660	97454
chr6	102727206	102927206	harbor1	chr6	102825999	102826229	LTR/ERVL-MaLR	1286	+	115	102826114	98908
chr6	124139224	124339224	harbor1	chr6	124177611	124177773	LTR/ERVL-MaLR	1330	+	81	124177692	38468
chr6	124139224	124339224	harbor1	chr6	124178083	124178289	LTR/ERVL-MaLR	1330	+	103	124178186	38962
chr6	124139224	124339224	harbor1	chr6	124220028	124220416	LTR/ERVL-MaLR	1829	+	194	124220222	80998
chr6	124139224	124339224	harbor1	chr6	124228133	124228489	LTR/ERVL-MaLR	1427	+	178	124228311	89087
chr6	124139224	124339224	harbor1	chr6	124229559	124229904	LTR/ERVL-MaLR	1832	+	172	124229731	90507
chr6	124139224	124339224	harbor1	chr6	124229907	124231463	LTR/ERVL-MaLR	10822	+	778	124230685	91461
chr6	124139224	124339224	harbor1	chr6	124231466	124231816	LTR/ERVL-MaLR	2259	+	175	124231641	92417
chr6	79479490	79679490	harbor1	chr6	79489785	79489936	LTR/ERVL-MaLR	479	+	76	79489861	10371
chr6	79479490	79679490	harbor1	chr6	79563450	79563840	LTR/ERVL-MaLR	584	+	195	79563645	84155
chr6	79479490	79679490	harbor1	chr6	79563865	79564313	LTR/ERVL-MaLR	928	+	224	79564089	84599
chr6	160506981	160706981	harbor1	chr6	160523379	160523603	LTR/ERVL-MaLR	1224	+	112	160523491	16510
chr6	160506981	160706981	harbor1	chr6	160528045	160528442	LTR/ERVL-MaLR	2242	+	198	160528243	21262
chr6	160506981	160706981	harbor1	chr6	160540381	160540810	LTR/ERVL-MaLR	2079	+	214	160540595	33614
chr6	3909859	4109859	harbor1	chr6	3958585	3958941	LTR/ERVL-MaLR	2122	+	178	3958763	48904
chr6	3909859	4109859	harbor1	chr6	3964599	3964685	LTR/ERVL-MaLR	966	+	43	3964642	54783
chr6	3909859	4109859	harbor1	chr6	3964992	3965120	LTR/ERVL-MaLR	966	+	64	3965056	55197
chr6	3909859	4109859	harbor1	chr6	3965955	3966109	LTR/ERVL-MaLR	1029	+	77	3966032	56173
chr6	3909859	4109859	harbor1	chr6	3966246	3966603	LTR/ERVL-MaLR	2066	+	178	3966424	56565
chr6	3909859	4109859	harbor1	chr6	3983679	3984048	LTR/ERVL-MaLR	2541	+	184	3983863	74004
chr6	67565228	67765228	harbor1	chr6	67578089	67578433	LTR/ERVL-MaLR	1996	+	172	67578261	13033
chr6	67565228	67765228	harbor1	chr6	67578434	67579587	LTR/ERVL-MaLR	8202	+	576	67579010	13782
chr6	67565228	67765228	harbor1	chr6	67602271	67602654	LTR/ERVL-MaLR	1619	+	192	67602463	37235
chr6	67565228	67765228	harbor1	chr6	67621189	67621555	LTR/ERVL-MaLR	2296	+	183	67621372	56144
chr6	67565228	67765228	harbor1	chr6	67621556	67623127	LTR/ERVL-MaLR	10569	+	786	67622342	57114
chr6	67565228	67765228	harbor1	chr6	67623128	67623498	LTR/ERVL-MaLR	2226	+	185	67623313	58085
chr6	67565228	67765228	harbor1	chr6	67633468	67635129	LTR/ERVL-MaLR	9800	+	830	67634298	69070
chr6	67565228	67765228	harbor1	chr6	67635130	67635509	LTR/ERVL-MaLR	1712	+	190	67635320	70092
chr6	67565228	67765228	harbor1	chr6	67633076	67633467	LTR/ERVL-MaLR	1805	+	196	67633272	68044
chr6	154531721	154731721	harbor1	chr6	154553586	154553625	LTR/ERVL-MaLR	1437	+	20	154553606	21885
chr6	154531721	154731721	harbor1	chr6	154553919	154554274	LTR/ERVL-MaLR	1437	+	178	154554097	22376
chr6	154531721	154731721	harbor1	chr6	154597100	154597482	LTR/ERVL-MaLR	1771	+	191	154597291	65570
chr6	154531721	154731721	harbor1	chr6	154624725	154625096	LTR/ERVL-MaLR	2636	+	186	154624911	93190
chr6	15113525	15313525	harbor1	chr6	15122854	15123053	LTR/ERVL-MaLR	2263	+	100	15122954	9429
chr6	15113525	15313525	harbor1	chr6	15155021	15155172	LTR/ERVL-MaLR	1977	+	76	15155097	41572
chr6	15113525	15313525	harbor1	chr6	15155456	15155631	LTR/ERVL-MaLR	1977	+	88	15155544	42019
chr6	15113525	15313525	harbor1	chr6	15155933	15156003	LTR/ERVL-MaLR	1977	+	35	15155968	42443
chr6	15113525	15313525	harbor1	chr6	15187078	15187226	LTR/ERVL-MaLR	698	+	74	15187152	73627
chr6	15113525	15313525	harbor1	chr6	15122402	15122550	LTR/ERVL-MaLR	2263	+	74	15122476	8951
chr6	36222729	36422729	harbor1	chr6	36250300	36250563	LTR/ERVL-MaLR	517	+	132	36250432	27703
chr6	36222729	36422729	harbor1	chr6	36251398	36251570	LTR/ERVL-MaLR	639	+	86	36251484	28755
chr6	36222729	36422729	harbor1	chr6	36265819	36266356	LTR/ERVL-MaLR	1470	+	268	36266087	43358
chr6	87992008	88192008	harbor1	chr6	87999662	88000000	LTR/ERVL-MaLR	1579	+	169	87999831	7823
chr6	87992008	88192008	harbor1	chr6	88061287	88061432	LTR/ERVL-MaLR	828	+	72	88061359	69351
chr6	87992008	88192008	harbor1	chr6	88061467	88061515	LTR/ERVL-MaLR	580	+	24	88061491	69483
chr6	87992008	88192008	harbor1	chr6	88061499	88061777	LTR/ERVL-MaLR	1151	+	139	88061638	69630
chr6	87992008	88192008	harbor1	chr6	88072500	88072900	LTR/ERVL-MaLR	1091	+	200	88072700	80692
chr6	87992008	88192008	harbor1	chr6	88082362	88082720	LTR/ERVL-MaLR	2268	+	179	88082541	90533
chr6	19937851	20137851	harbor1	chr6	19942777	19943237	LTR/ERVL-MaLR	2110	+	230	19943007	5156
chr6	19937851	20137851	harbor1	chr6	19962421	19962903	LTR/ERVL-MaLR	2155	+	241	19962662	24811
chr6	19937851	20137851	harbor1	chr6	19985746	19986294	LTR/ERVL-MaLR	1934	+	274	19986020	48169
chr6	19937851	20137851	harbor1	chr6	19999731	20000000	LTR/ERVL-MaLR	1044	+	134	19999865	62014
chr6	19937851	20137851	harbor1	chr6	20002606	20002979	LTR/ERVL-MaLR	1390	+	186	20002792	64941
chr6	19937851	20137851	harbor1	chr6	20003923	20004339	LTR/ERVL-MaLR	2051	+	208	20004131	66280
chr6	19937851	20137851	harbor1	chr6	20012129	20012574	LTR/ERVL-MaLR	1535	+	222	20012351	74500
chr6	19937851	20137851	harbor1	chr6	20022744	20023142	LTR/ERVL-MaLR	2082	+	199	20022943	85092
chr6	19937851	20137851	harbor1	chr6	20031513	20031823	LTR/ERVL-MaLR	908	+	155	20031668	93817
chr6	19937851	20137851	harbor1	chr6	20034933	20035044	LTR/ERVL-MaLR	463	+	56	20034989	97138
chr6	19937851	20137851	harbor1	chr6	20035036	20035098	LTR/ERVL-MaLR	416	+	31	20035067	97216
chr6	19937851	20137851	harbor1	chr6	20035101	20035412	LTR/ERVL-MaLR	1740	+	156	20035257	97406
chr6	60935073	61135073	harbor1	chr6	60943892	60944018	LTR/ERVL-MaLR	416	+	63	60943955	8882
chr6	38459905	38659905	harbor1	chr6	38463638	38463753	LTR/ERVL-MaLR	1801	+	58	38463696	3791
chr6	38459905	38659905	harbor1	chr6	38464038	38464318	LTR/ERVL-MaLR	1801	+	140	38464178	4273
chr6	38459905	38659905	harbor1	chr6	38518341	38518767	LTR/ERVL-MaLR	842	+	213	38518554	58649
chr6	38459905	38659905	harbor1	chr6	38525085	38525434	LTR/ERVL-MaLR	2220	+	174	38525259	65354
chr6	38459905	38659905	harbor1	chr6	38525438	38526993	LTR/ERVL-MaLR	10040	+	778	38526216	66311
chr6	38459905	38659905	harbor1	chr6	38527294	38527325	LTR/ERVL-MaLR	10040	+	16	38527310	67405
chr6	38459905	38659905	harbor1	chr6	38527326	38527704	LTR/ERVL-MaLR	2029	+	189	38527515	67610
chr6	38459905	38659905	harbor1	chr6	38537731	38538035	LTR/ERVL-MaLR	421	+	152	38537883	77978
chr6	51677616	51877616	harbor1	chr6	51724630	51724877	LTR/ERVL-MaLR	916	+	124	51724754	47138
chr6	51677616	51877616	harbor1	chr6	51726826	51727141	LTR/ERVL-MaLR	1171	+	158	51726984	49368
chr6	51677616	51877616	harbor1	chr6	51728552	51728810	LTR/ERVL-MaLR	1188	+	129	51728681	51065
chr6	51677616	51877616	harbor1	chr6	51745220	51745559	LTR/ERVL-MaLR	1739	+	170	51745390	67774
chr6	51677616	51877616	harbor1	chr6	51745723	51745788	LTR/ERVL-MaLR	493	+	32	51745755	68139
chr6	79664104	79864104	harbor1	chr6	79718493	79718859	LTR/ERVL-MaLR	650	+	183	79718676	54572
chr6	79664104	79864104	harbor1	chr6	79744810	79744967	LTR/ERVL-MaLR	761	+	78	79744888	80784
chr6	79664104	79864104	harbor1	chr6	79745065	79745312	LTR/ERVL-MaLR	859	+	124	79745189	81085
chr6	3555333	3755333	harbor1	chr6	3564139	3564243	LTR/ERVL-MaLR	2347	+	52	3564191	8858
chr6	3555333	3755333	harbor1	chr6	3564564	3564868	LTR/ERVL-MaLR	2347	+	152	3564716	9383
chr6	3555333	3755333	harbor1	chr6	3566493	3566894	LTR/ERVL-MaLR	2105	+	200	3566693	11360
chr6	3555333	3755333	harbor1	chr6	3581535	3581893	LTR/ERVL-MaLR	793	+	179	3581714	26381
chr6	3555333	3755333	harbor1	chr6	3649297	3649576	LTR/ERVL-MaLR	513	+	140	3649437	94104
chr6	3555333	3755333	harbor1	chr6	3653225	3653599	LTR/ERVL-MaLR	2317	+	187	3653412	98079
chr6	73764002	73964002	harbor1	chr6	73829580	73830003	LTR/ERVL-MaLR	1011	+	212	73829792	65790
chr6	73764002	73964002	harbor1	chr6	73830010	73830543	LTR/ERVL-MaLR	1358	+	266	73830276	66274
chr6	73764002	73964002	harbor1	chr6	73833063	73833532	LTR/ERVL-MaLR	2388	+	234	73833297	69295
chr6	73764002	73964002	harbor1	chr6	73843882	73844230	LTR/ERVL-MaLR	2443	+	174	73844056	80054
chr6	73764002	73964002	harbor1	chr6	73844232	73845767	LTR/ERVL-MaLR	11311	+	768	73845000	80998
chr6	73764002	73964002	harbor1	chr6	73845768	73846104	LTR/ERVL-MaLR	2465	+	168	73845936	81934
chr6	81385411	81585411	harbor1	chr6	81391211	81391570	LTR/ERVL-MaLR	1701	+	180	81391391	5980
chr6	81385411	81585411	harbor1	chr6	81391571	81393184	LTR/ERVL-MaLR	10158	+	806	81392377	6966
chr6	81385411	81585411	harbor1	chr6	81393186	81393436	LTR/ERVL-MaLR	888	+	125	81393311	7900
chr6	81385411	81585411	harbor1	chr6	81421588	81421947	LTR/ERVL-MaLR	1854	+	180	81421768	36357
chr6	81385411	81585411	harbor1	chr6	81421948	81423517	LTR/ERVL-MaLR	9271	+	784	81422732	37321
chr6	81385411	81585411	harbor1	chr6	81423520	81423882	LTR/ERVL-MaLR	2097	+	181	81423701	38290
chr6	81385411	81585411	harbor1	chr6	81457785	81458146	LTR/ERVL-MaLR	2060	+	180	81457965	72554
chr6	81385411	81585411	harbor1	chr6	81476588	81476957	LTR/ERVL-MaLR	1489	+	184	81476772	91361
chr6	19972286	20172286	harbor1	chr6	19985746	19986294	LTR/ERVL-MaLR	1934	+	274	19986020	13734
chr6	19972286	20172286	harbor1	chr6	19999731	20000000	LTR/ERVL-MaLR	1044	+	134	19999865	27579
chr6	19972286	20172286	harbor1	chr6	20002606	20002979	LTR/ERVL-MaLR	1390	+	186	20002792	30506
chr6	19972286	20172286	harbor1	chr6	20003923	20004339	LTR/ERVL-MaLR	2051	+	208	20004131	31845
chr6	19972286	20172286	harbor1	chr6	20012129	20012574	LTR/ERVL-MaLR	1535	+	222	20012351	40065
chr6	19972286	20172286	harbor1	chr6	20022744	20023142	LTR/ERVL-MaLR	2082	+	199	20022943	50657
chr6	19972286	20172286	harbor1	chr6	20031513	20031823	LTR/ERVL-MaLR	908	+	155	20031668	59382
chr6	19972286	20172286	harbor1	chr6	20034933	20035044	LTR/ERVL-MaLR	463	+	56	20034989	62703
chr6	19972286	20172286	harbor1	chr6	20035036	20035098	LTR/ERVL-MaLR	416	+	31	20035067	62781
chr6	19972286	20172286	harbor1	chr6	20035101	20035412	LTR/ERVL-MaLR	1740	+	156	20035257	62971
chr6	19972286	20172286	harbor1	chr6	20037872	20038229	LTR/ERVL-MaLR	1728	+	178	20038050	65764
chr6	19972286	20172286	harbor1	chr6	20061068	20061524	LTR/ERVL-MaLR	1685	+	228	20061296	89010
chr6	146806804	147006804	harbor1	chr6	146852649	146853016	LTR/ERVL-MaLR	2052	+	184	146852833	46029
chr6	146806804	147006804	harbor1	chr6	146859366	146859713	LTR/ERVL-MaLR	1765	+	174	146859540	52736
chr6	134979173	135179173	harbor1	chr6	135066801	135066879	LTR/ERVL-MaLR	1304	+	39	135066840	87667
chr6	134979173	135179173	harbor1	chr6	135066880	135067261	LTR/ERVL-MaLR	2259	+	190	135067070	87897
chr6	134979173	135179173	harbor1	chr6	135067262	135067753	LTR/ERVL-MaLR	1304	+	246	135067508	88335
chr6	134979173	135179173	harbor1	chr6	135071459	135071806	LTR/ERVL-MaLR	1517	+	174	135071633	92460
chr6	69858095	70058095	harbor1	chr6	69859261	69859730	LTR/ERVL-MaLR	1544	+	234	69859495	1400
chr6	133830762	134030762	harbor1	chr6	133869072	133869413	LTR/ERVL-MaLR	1761	+	170	133869242	38480
chr6	133830762	134030762	harbor1	chr6	133880746	133881158	LTR/ERVL-MaLR	1241	+	206	133880952	50190
chr6	133830762	134030762	harbor1	chr6	133882742	133883264	LTR/ERVL-MaLR	965	+	261	133883003	52241
chr6	133830762	134030762	harbor1	chr6	133900775	133901252	LTR/ERVL-MaLR	1510	+	238	133901013	70251
chr6	133830762	134030762	harbor1	chr6	133914743	133915086	LTR/ERVL-MaLR	1734	+	172	133914915	84153
chr6	133830762	134030762	harbor1	chr6	133917079	133917407	LTR/ERVL-MaLR	1137	+	164	133917243	86481
chr6	133830762	134030762	harbor1	chr6	133927763	133928083	LTR/ERVL-MaLR	1753	+	160	133927923	97161
chr6	24462613	24662613	harbor1	chr6	24517885	24518119	LTR/ERVL-MaLR	433	+	117	24518002	55389
chr6	24462613	24662613	harbor1	chr6	24548908	24549039	LTR/ERVL-MaLR	1443	+	66	24548974	86361
chr6	24462613	24662613	harbor1	chr6	24549346	24549539	LTR/ERVL-MaLR	1443	+	96	24549442	86829
chr6	116222704	116422704	harbor1	chr6	116280941	116281424	LTR/ERVL-MaLR	1634	+	242	116281183	58479
chr6	116222704	116422704	harbor1	chr6	116298196	116298704	LTR/ERVL-MaLR	2111	+	254	116298450	75746
chr6	116222704	116422704	harbor1	chr6	116306674	116307021	LTR/ERVL-MaLR	1721	+	174	116306848	84144
chr6	116222704	116422704	harbor1	chr6	116312958	116313370	LTR/ERVL-MaLR	1912	+	206	116313164	90460
chr6	71821092	72021092	harbor1	chr6	71852588	71853033	LTR/ERVL-MaLR	1545	+	222	71852810	31718
chr6	71821092	72021092	harbor1	chr6	71857050	71857256	LTR/ERVL-MaLR	968	+	103	71857153	36061
chr6	71821092	72021092	harbor1	chr6	71862867	71863223	LTR/ERVL-MaLR	1777	+	178	71863045	41953
chr6	71821092	72021092	harbor1	chr6	71870709	71871067	LTR/ERVL-MaLR	1385	+	179	71870888	49796
chr6	71821092	72021092	harbor1	chr6	71876670	71877026	LTR/ERVL-MaLR	1663	+	178	71876848	55756
chr6	71821092	72021092	harbor1	chr6	71882920	71883310	LTR/ERVL-MaLR	1829	+	195	71883115	62023
chr6	17775647	17975647	harbor1	chr6	17839589	17839991	LTR/ERVL-MaLR	1984	+	201	17839790	64143
chr6	17775647	17975647	harbor1	chr6	17857248	17857610	LTR/ERVL-MaLR	1889	+	181	17857429	81782
chr6	44752213	44952213	harbor1	chr6	44774245	44774631	LTR/ERVL-MaLR	2289	+	193	44774438	22225
chr6	44752213	44952213	harbor1	chr6	44775209	44775429	LTR/ERVL-MaLR	727	+	110	44775319	23106
chr6	44752213	44952213	harbor1	chr6	44775427	44775870	LTR/ERVL-MaLR	844	+	222	44775649	23436
chr6	44752213	44952213	harbor1	chr6	44775872	44776145	LTR/ERVL-MaLR	798	+	136	44776008	23795
chr6	44752213	44952213	harbor1	chr6	44783023	44783316	LTR/ERVL-MaLR	1208	+	146	44783169	30956
chr6	44752213	44952213	harbor1	chr6	44783330	44784724	LTR/ERVL-MaLR	3173	+	697	44784027	31814
chr6	44752213	44952213	harbor1	chr6	44802469	44802986	LTR/ERVL-MaLR	1839	+	258	44802727	50514
chr6	44752213	44952213	harbor1	chr6	44810099	44810216	LTR/ERVL-MaLR	458	+	58	44810157	57944
chr6	44752213	44952213	harbor1	chr6	44841034	44841203	LTR/ERVL-MaLR	1047	+	84	44841118	88905
chr6	143240959	143440959	harbor1	chr6	143250431	143250715	LTR/ERVL-MaLR	1048	+	142	143250573	9614
chr6	143240959	143440959	harbor1	chr6	143250934	143251065	LTR/ERVL-MaLR	1048	+	66	143251000	10041
chr6	143240959	143440959	harbor1	chr6	143251352	143251414	LTR/ERVL-MaLR	1048	+	31	143251383	10424
chr6	143240959	143440959	harbor1	chr6	143258747	143258892	LTR/ERVL-MaLR	538	+	72	143258819	17860
chr6	143240959	143440959	harbor1	chr6	143259067	143259277	LTR/ERVL-MaLR	1118	+	105	143259172	18213
chr6	143240959	143440959	harbor1	chr6	143292153	143292692	LTR/ERVL-MaLR	1903	+	270	143292423	51464
chr6	90455076	90655076	harbor1	chr6	90461280	90461411	LTR/ERVL-MaLR	436	+	66	90461346	6270
chr6	90455076	90655076	harbor1	chr6	90478005	90478366	LTR/ERVL-MaLR	1742	+	180	90478185	23109
chr6	90455076	90655076	harbor1	chr6	90482380	90482765	LTR/ERVL-MaLR	2163	+	192	90482572	27496
chr6	90455076	90655076	harbor1	chr6	90485941	90486305	LTR/ERVL-MaLR	2389	+	182	90486123	31047
chr6	90455076	90655076	harbor1	chr6	90487211	90487353	LTR/ERVL-MaLR	514	+	71	90487282	32206
chr6	90455076	90655076	harbor1	chr6	90488350	90488724	LTR/ERVL-MaLR	1138	+	187	90488537	33461
chr6	90455076	90655076	harbor1	chr6	90510641	90510828	LTR/ERVL-MaLR	487	+	94	90510735	55659
chr6	90455076	90655076	harbor1	chr6	90545690	90546186	LTR/ERVL-MaLR	586	+	248	90545938	90862
chr6	108006476	108206476	harbor1	chr6	108026376	108026570	LTR/ERVL-MaLR	651	+	97	108026473	19997
chr6	108006476	108206476	harbor1	chr6	108059686	108059812	LTR/ERVL-MaLR	757	+	63	108059749	53273
chr6	108006476	108206476	harbor1	chr6	108082541	108082789	LTR/ERVL-MaLR	819	+	124	108082665	76189
chr6	108006476	108206476	harbor1	chr6	108083358	108083481	LTR/ERVL-MaLR	503	+	62	108083420	76944
chr6	108006476	108206476	harbor1	chr6	108101032	108101448	LTR/ERVL-MaLR	2124	+	208	108101240	94764
chr6	153623845	153823845	harbor1	chr6	153632959	153633444	LTR/ERVL-MaLR	733	+	242	153633201	9356
chr6	153623845	153823845	harbor1	chr6	153671914	153672233	LTR/ERVL-MaLR	1019	+	160	153672074	48229
chr6	153623845	153823845	harbor1	chr6	153672611	153672686	LTR/ERVL-MaLR	1019	+	38	153672649	48804
chr6	153623845	153823845	harbor1	chr6	153683788	153684152	LTR/ERVL-MaLR	2245	+	182	153683970	60125
chr6	78275810	78475810	harbor1	chr6	78293295	78293544	LTR/ERVL-MaLR	458	+	124	78293419	17609
chr6	78275810	78475810	harbor1	chr6	78293658	78294105	LTR/ERVL-MaLR	619	+	224	78293882	18072
chr6	78275810	78475810	harbor1	chr6	78341443	78341805	LTR/ERVL-MaLR	2009	+	181	78341624	65814
chr6	78275810	78475810	harbor1	chr6	78363751	78364342	LTR/ERVL-MaLR	2290	+	296	78364047	88237
chr6	78275810	78475810	harbor1	chr6	78368584	78368992	LTR/ERVL-MaLR	494	+	204	78368788	92978
chr6	78275810	78475810	harbor1	chr6	78368990	78369407	LTR/ERVL-MaLR	1049	+	208	78369198	93388
chr6	63504901	63704901	harbor1	chr6	63516692	63517056	LTR/ERVL-MaLR	836	+	182	63516874	11973
chr6	63504901	63704901	harbor1	chr6	63592793	63593200	LTR/ERVL-MaLR	1377	+	204	63592997	88096
chr6	63504901	63704901	harbor1	chr6	63593471	63593568	LTR/ERVL-MaLR	1377	+	48	63593519	88618
chr6	62778669	62978669	harbor1	chr6	62782840	62783344	LTR/ERVL-MaLR	1290	+	252	62783092	4423
chr6	62778669	62978669	harbor1	chr6	62807065	62807396	LTR/ERVL-MaLR	1317	+	166	62807231	28562
chr6	131760859	131960859	harbor1	chr6	131762530	131762926	LTR/ERVL-MaLR	2181	+	198	131762728	1869
chr6	131760859	131960859	harbor1	chr6	131768069	131768291	LTR/ERVL-MaLR	2040	+	111	131768180	7321
chr6	131760859	131960859	harbor1	chr6	131768585	131768830	LTR/ERVL-MaLR	2040	+	122	131768707	7848
chr6	131760859	131960859	harbor1	chr6	131786216	131786667	LTR/ERVL-MaLR	1725	+	226	131786442	25583
chr6	131760859	131960859	harbor1	chr6	131786978	131787046	LTR/ERVL-MaLR	1725	+	34	131787012	26153
chr6	55954141	56154141	harbor1	chr6	56005830	56006039	LTR/ERVL-MaLR	676	+	104	56005934	51793
chr6	55954141	56154141	harbor1	chr6	56006124	56006517	LTR/ERVL-MaLR	2158	+	196	56006320	52179
chr6	55954141	56154141	harbor1	chr6	56020593	56021118	LTR/ERVL-MaLR	1455	+	262	56020855	66714
chr6	55954141	56154141	harbor1	chr6	56024931	56025389	LTR/ERVL-MaLR	538	+	229	56025160	71019
chr6	55954141	56154141	harbor1	chr6	56030260	56030466	LTR/ERVL-MaLR	1334	+	103	56030363	76222
chr6	55954141	56154141	harbor1	chr6	56038676	56039090	LTR/ERVL-MaLR	2502	+	207	56038883	84742
chr6	55954141	56154141	harbor1	chr6	56043591	56044023	LTR/ERVL-MaLR	2214	+	216	56043807	89666
chr6	20769308	20969308	harbor1	chr6	20771581	20771987	LTR/ERVL-MaLR	2233	+	203	20771784	2476
chr6	20769308	20969308	harbor1	chr6	20822543	20822927	LTR/ERVL-MaLR	2083	+	192	20822735	53427
chr6	20769308	20969308	harbor1	chr6	20861589	20862011	LTR/ERVL-MaLR	796	+	211	20861800	92492
chr6	8255098	8455098	harbor1	chr6	8269399	8269899	LTR/ERVL-MaLR	2189	+	250	8269649	14551
chr6	8255098	8455098	harbor1	chr6	8345219	8345542	LTR/ERVL-MaLR	1748	+	162	8345381	90283
chr6	8255098	8455098	harbor1	chr6	8345545	8347179	LTR/ERVL-MaLR	10814	+	817	8346362	91264
chr6	8255098	8455098	harbor1	chr6	8347180	8347538	LTR/ERVL-MaLR	2063	+	179	8347359	92261
chr6	8255098	8455098	harbor1	chr6	8349505	8349707	LTR/ERVL-MaLR	880	+	101	8349606	94508
chr6	8255098	8455098	harbor1	chr6	8350069	8350377	LTR/ERVL-MaLR	1246	+	154	8350223	95125
chr6	19440348	19640348	harbor1	chr6	19460753	19461147	LTR/ERVL-MaLR	1340	+	197	19460950	20602
chr6	19440348	19640348	harbor1	chr6	19473484	19473867	LTR/ERVL-MaLR	2222	+	192	19473676	33328
chr6	19440348	19640348	harbor1	chr6	19515051	19515369	LTR/ERVL-MaLR	1889	+	159	19515210	74862
chr6	19440348	19640348	harbor1	chr6	19515370	19517034	LTR/ERVL-MaLR	10624	+	832	19516202	75854
chr6	19440348	19640348	harbor1	chr6	19517035	19517366	LTR/ERVL-MaLR	1952	+	166	19517201	76853
chr6	19440348	19640348	harbor1	chr6	19522915	19523253	LTR/ERVL-MaLR	1282	+	169	19523084	82736
chr6	159247284	159447284	harbor1	chr6	159304110	159304651	LTR/ERVL-MaLR	768	+	270	159304380	57096
chr6	98075041	98275041	harbor1	chr6	98120746	98121214	LTR/ERVL-MaLR	620	+	234	98120980	45939
chr6	40323831	40523831	harbor1	chr6	40325917	40326278	LTR/ERVL-MaLR	416	+	180	40326097	2266
chr6	40323831	40523831	harbor1	chr6	40332266	40332764	LTR/ERVL-MaLR	1439	+	249	40332515	8684
chr6	40323831	40523831	harbor1	chr6	40346349	40346754	LTR/ERVL-MaLR	2608	+	202	40346551	22720
chr6	40323831	40523831	harbor1	chr6	40375751	40376043	LTR/ERVL-MaLR	1327	+	146	40375897	52066
chr6	40323831	40523831	harbor1	chr6	40394651	40395028	LTR/ERVL-MaLR	2446	+	188	40394839	71008
chr6	64629114	64829114	harbor1	chr6	64633685	64633978	LTR/ERVL-MaLR	1059	+	146	64633831	4717
chr6	64629114	64829114	harbor1	chr6	64634282	64634344	LTR/ERVL-MaLR	1059	+	31	64634313	5199
chr6	64629114	64829114	harbor1	chr6	64643578	64643945	LTR/ERVL-MaLR	2246	+	184	64643762	14648
chr6	64629114	64829114	harbor1	chr6	64652140	64652707	LTR/ERVL-MaLR	1596	+	284	64652424	23310
chr6	64629114	64829114	harbor1	chr6	64652948	64653373	LTR/ERVL-MaLR	1335	+	212	64653160	24046
chr6	64629114	64829114	harbor1	chr6	64664533	64664914	LTR/ERVL-MaLR	1573	+	190	64664723	35609
chr6	64629114	64829114	harbor1	chr6	64671176	64671534	LTR/ERVL-MaLR	2032	+	179	64671355	42241
chr6	64629114	64829114	harbor1	chr6	64685363	64685744	LTR/ERVL-MaLR	1924	+	190	64685553	56439
chr6	64629114	64829114	harbor1	chr6	64718823	64719366	LTR/ERVL-MaLR	1901	+	272	64719095	89981
chr6	166643222	166843222	harbor1	chr6	166644699	166645139	LTR/ERVL-MaLR	1778	+	220	166644919	1697
chr6	166643222	166843222	harbor1	chr6	166662720	166663132	LTR/ERVL-MaLR	1298	+	206	166662926	19704
chr6	166643222	166843222	harbor1	chr6	166670285	166670503	LTR/ERVL-MaLR	530	+	109	166670394	27172
chr6	166643222	166843222	harbor1	chr6	166697349	166697669	LTR/ERVL-MaLR	514	+	160	166697509	54287
chr6	166643222	166843222	harbor1	chr6	166705810	166706174	LTR/ERVL-MaLR	1981	+	182	166705992	62770
chr6	166643222	166843222	harbor1	chr6	166714406	166714847	LTR/ERVL-MaLR	1349	+	220	166714626	71404
chr7	29150227	29350227	harbor1	chr7	29167727	29168113	LTR/ERVL-MaLR	629	+	193	29167920	17693
chr7	29150227	29350227	harbor1	chr7	29175001	29175162	LTR/ERVL-MaLR	2028	+	80	29175081	24854
chr7	29150227	29350227	harbor1	chr7	29175475	29175681	LTR/ERVL-MaLR	2028	+	103	29175578	25351
chr7	29150227	29350227	harbor1	chr7	29233440	29233825	LTR/ERVL-MaLR	1659	+	192	29233632	83405
chr7	29150227	29350227	harbor1	chr7	29234133	29234260	LTR/ERVL-MaLR	1659	+	64	29234197	83970
chr7	90103790	90303790	harbor1	chr7	90156282	90156435	LTR/ERVL-MaLR	771	+	76	90156358	52568
chr7	90103790	90303790	harbor1	chr7	90156777	90156969	LTR/ERVL-MaLR	1024	+	96	90156873	53083
chr7	90103790	90303790	harbor1	chr7	90173636	90173816	LTR/ERVL-MaLR	1457	+	90	90173726	69936
chr7	90103790	90303790	harbor1	chr7	90174121	90174209	LTR/ERVL-MaLR	1457	+	44	90174165	70375
chr7	90103790	90303790	harbor1	chr7	90174484	90174674	LTR/ERVL-MaLR	1457	+	95	90174579	70789
chr7	90103790	90303790	harbor1	chr7	90181544	90181650	LTR/ERVL-MaLR	700	+	53	90181597	77807
chr7	90103790	90303790	harbor1	chr7	90181628	90181780	LTR/ERVL-MaLR	831	+	76	90181704	77914
chr7	1736607	1936607	harbor1	chr7	1760164	1760381	LTR/ERVL-MaLR	983	+	108	1760272	23665
chr7	1736607	1936607	harbor1	chr7	1765428	1765892	LTR/ERVL-MaLR	1879	+	232	1765660	29053
chr7	1736607	1936607	harbor1	chr7	1804877	1805243	LTR/ERVL-MaLR	891	+	183	1805060	68453
chr7	75518611	75718611	harbor1	chr7	75524671	75525045	LTR/ERVL-MaLR	2069	+	187	75524858	6247
chr7	75518611	75718611	harbor1	chr7	75602748	75603064	LTR/ERVL-MaLR	1046	+	158	75602906	84295
chr7	75518611	75718611	harbor1	chr7	75603361	75603470	LTR/ERVL-MaLR	561	+	54	75603415	84804
chr7	94137973	94337973	harbor1	chr7	94164977	94165168	LTR/ERVL-MaLR	527	+	96	94165073	27100
chr7	94137973	94337973	harbor1	chr7	94196853	94197234	LTR/ERVL-MaLR	1458	+	190	94197043	59070
chr7	94137973	94337973	harbor1	chr7	94198002	94198341	LTR/ERVL-MaLR	1700	+	170	94198172	60199
chr7	94137973	94337973	harbor1	chr7	94213979	94214349	LTR/ERVL-MaLR	1597	+	185	94214164	76191
chr7	94137973	94337973	harbor1	chr7	94236040	94236517	LTR/ERVL-MaLR	1555	+	238	94236278	98305
chr7	94137973	94337973	harbor1	chr7	94174903	94175263	LTR/ERVL-MaLR	2050	+	180	94175083	37110
chr7	72221260	72421260	harbor1	chr7	72229149	72229336	LTR/ERVL-MaLR	978	+	94	72229243	7983
chr7	72221260	72421260	harbor1	chr7	72230528	72230828	LTR/ERVL-MaLR	1307	+	150	72230678	9418
chr7	72221260	72421260	harbor1	chr7	72238505	72238880	LTR/ERVL-MaLR	2811	+	188	72238693	17433
chr7	72221260	72421260	harbor1	chr7	72243077	72243403	LTR/ERVL-MaLR	1641	+	163	72243240	21980
chr7	72221260	72421260	harbor1	chr7	72250512	72250917	LTR/ERVL-MaLR	2492	+	202	72250714	29454
chr7	72221260	72421260	harbor1	chr7	72276358	72276491	LTR/ERVL-MaLR	2018	+	66	72276424	55164
chr7	72221260	72421260	harbor1	chr7	72276492	72276875	LTR/ERVL-MaLR	1714	+	192	72276684	55424
chr7	72221260	72421260	harbor1	chr7	72276876	72277108	LTR/ERVL-MaLR	2018	+	116	72276992	55732
chr7	72221260	72421260	harbor1	chr7	72277116	72277280	LTR/ERVL-MaLR	1062	+	82	72277198	55938
chr7	72221260	72421260	harbor1	chr7	72280683	72280864	LTR/ERVL-MaLR	1626	+	90	72280773	59513
chr7	72221260	72421260	harbor1	chr7	72281149	72281375	LTR/ERVL-MaLR	1626	+	113	72281262	60002
chr7	72221260	72421260	harbor1	chr7	72282374	72282740	LTR/ERVL-MaLR	1720	+	183	72282557	61297
chr7	72221260	72421260	harbor1	chr7	72298651	72299028	LTR/ERVL-MaLR	1986	+	188	72298839	77579
chr7	80204926	80404926	harbor1	chr7	80254105	80254469	LTR/ERVL-MaLR	1718	+	182	80254287	49361
chr7	80204926	80404926	harbor1	chr7	80256017	80256549	LTR/ERVL-MaLR	1078	+	266	80256283	51357
chr7	80204926	80404926	harbor1	chr7	80282882	80283257	LTR/ERVL-MaLR	1713	+	188	80283070	78144
chr7	80204926	80404926	harbor1	chr7	80283258	80284432	LTR/ERVL-MaLR	7725	+	587	80283845	78919
chr7	80204926	80404926	harbor1	chr7	80286238	80286631	LTR/ERVL-MaLR	2247	+	196	80286434	81508
chr7	1735810	1935810	harbor1	chr7	1760164	1760381	LTR/ERVL-MaLR	983	+	108	1760272	24462
chr7	1735810	1935810	harbor1	chr7	1765428	1765892	LTR/ERVL-MaLR	1879	+	232	1765660	29850
chr7	1735810	1935810	harbor1	chr7	1804877	1805243	LTR/ERVL-MaLR	891	+	183	1805060	69250
chr7	112003637	112203637	harbor1	chr7	112042726	112043145	LTR/ERVL-MaLR	1294	+	210	112042936	39299
chr7	112003637	112203637	harbor1	chr7	112063975	112064386	LTR/ERVL-MaLR	465	+	206	112064181	60544
chr7	112003637	112203637	harbor1	chr7	112064660	112065065	LTR/ERVL-MaLR	2053	+	202	112064862	61225
chr7	112003637	112203637	harbor1	chr7	112089570	112089929	LTR/ERVL-MaLR	1956	+	180	112089750	86113
chr7	112003637	112203637	harbor1	chr7	112094678	112095060	LTR/ERVL-MaLR	2147	+	191	112094869	91232
chr7	112003637	112203637	harbor1	chr7	112102431	112102797	LTR/ERVL-MaLR	1904	+	183	112102614	98977
chr7	140849259	141049259	harbor1	chr7	140856983	140857507	LTR/ERVL-MaLR	1896	+	262	140857245	7986
chr7	140849259	141049259	harbor1	chr7	140863539	140863953	LTR/ERVL-MaLR	2847	+	207	140863746	14487
chr7	140849259	141049259	harbor1	chr7	140874735	140875144	LTR/ERVL-MaLR	2374	+	204	140874939	25680
chr7	140849259	141049259	harbor1	chr7	140899764	140899956	LTR/ERVL-MaLR	881	+	96	140899860	50601
chr7	140849259	141049259	harbor1	chr7	140899972	140900176	LTR/ERVL-MaLR	735	+	102	140900074	50815
chr7	140849259	141049259	harbor1	chr7	140927936	140928285	LTR/ERVL-MaLR	1975	+	174	140928110	78851
chr7	20821087	21021087	harbor1	chr7	20838696	20838860	LTR/ERVL-MaLR	715	+	82	20838778	17691
chr7	20821087	21021087	harbor1	chr7	20839160	20839504	LTR/ERVL-MaLR	715	+	172	20839332	18245
chr7	20821087	21021087	harbor1	chr7	20894104	20894595	LTR/ERVL-MaLR	957	+	246	20894350	73263
chr7	20821087	21021087	harbor1	chr7	20902053	20902152	LTR/ERVL-MaLR	505	+	50	20902103	81016
chr7	20821087	21021087	harbor1	chr7	20902156	20902487	LTR/ERVL-MaLR	1915	+	166	20902322	81235
chr7	20821087	21021087	harbor1	chr7	20902488	20902870	LTR/ERVL-MaLR	1870	+	191	20902679	81592
chr7	20821087	21021087	harbor1	chr7	20914651	20915072	LTR/ERVL-MaLR	1842	+	210	20914861	93774
chr7	119108827	119308827	harbor1	chr7	119122432	119122892	LTR/ERVL-MaLR	1885	+	230	119122662	13835
chr7	119108827	119308827	harbor1	chr7	119122916	119123115	LTR/ERVL-MaLR	1018	+	100	119123016	14189
chr7	119108827	119308827	harbor1	chr7	119133917	119134160	LTR/ERVL-MaLR	1581	+	122	119134039	25212
chr7	119108827	119308827	harbor1	chr7	119134573	119134753	LTR/ERVL-MaLR	1581	+	90	119134663	25836
chr7	65736488	65936488	harbor1	chr7	65739940	65740033	LTR/ERVL-MaLR	1144	+	46	65739986	3498
chr7	65736488	65936488	harbor1	chr7	65740336	65740464	LTR/ERVL-MaLR	1144	+	64	65740400	3912
chr7	65736488	65936488	harbor1	chr7	65819399	65819758	LTR/ERVL-MaLR	1689	+	180	65819579	83091
chr7	65736488	65936488	harbor1	chr7	65831277	65831629	LTR/ERVL-MaLR	1720	+	176	65831453	94965
chr7	67644948	67844948	harbor1	chr7	67659498	67659636	LTR/ERVL-MaLR	1345	+	69	67659567	14619
chr7	67644948	67844948	harbor1	chr7	67659931	67660243	LTR/ERVL-MaLR	1345	+	156	67660087	15139
chr7	67644948	67844948	harbor1	chr7	67671757	67672126	LTR/ERVL-MaLR	2229	+	184	67671941	26993
chr7	67644948	67844948	harbor1	chr7	67675554	67675912	LTR/ERVL-MaLR	2547	+	179	67675733	30785
chr7	67644948	67844948	harbor1	chr7	67676693	67676884	LTR/ERVL-MaLR	607	+	96	67676789	31841
chr7	67644948	67844948	harbor1	chr7	67676979	67677220	LTR/ERVL-MaLR	471	+	120	67677099	32151
chr7	67644948	67844948	harbor1	chr7	67682762	67682881	LTR/ERVL-MaLR	462	+	60	67682822	37874
chr7	67644948	67844948	harbor1	chr7	67683203	67683590	LTR/ERVL-MaLR	1662	+	194	67683397	38449
chr7	67644948	67844948	harbor1	chr7	67741912	67742291	LTR/ERVL-MaLR	2068	+	190	67742102	97154
chr7	67644948	67844948	harbor1	chr7	67742532	67742913	LTR/ERVL-MaLR	635	+	190	67742722	97774
chr7	2087247	2287247	harbor1	chr7	2089208	2089557	LTR/ERVL-MaLR	2522	+	174	2089382	2135
chr7	2087247	2287247	harbor1	chr7	2117432	2117792	LTR/ERVL-MaLR	2358	+	180	2117612	30365
chr7	2087247	2287247	harbor1	chr7	2132822	2133012	LTR/ERVL-MaLR	688	+	95	2132917	45670
chr7	125700627	125900627	harbor1	chr7	125705049	125705462	LTR/ERVL-MaLR	2112	+	206	125705255	4628
chr7	125700627	125900627	harbor1	chr7	125705523	125705897	LTR/ERVL-MaLR	2239	+	187	125705710	5083
chr7	125700627	125900627	harbor1	chr7	125735820	125736284	LTR/ERVL-MaLR	548	+	232	125736052	35425
chr7	125700627	125900627	harbor1	chr7	125762016	125762315	LTR/ERVL-MaLR	797	+	150	125762166	61539
chr7	125700627	125900627	harbor1	chr7	125762743	125763099	LTR/ERVL-MaLR	2368	+	178	125762921	62294
chr7	125700627	125900627	harbor1	chr7	125780892	125780916	LTR/ERVL-MaLR	1565	+	12	125780904	80277
chr7	125700627	125900627	harbor1	chr7	125781702	125782166	LTR/ERVL-MaLR	1565	+	232	125781934	81307
chr7	125700627	125900627	harbor1	chr7	125763455	125763635	LTR/ERVL-MaLR	535	+	90	125763545	62918
chr7	109307046	109507046	harbor1	chr7	109353921	109354344	LTR/ERVL-MaLR	1707	+	212	109354133	47087
chr7	109307046	109507046	harbor1	chr7	109357308	109357631	LTR/ERVL-MaLR	1015	+	162	109357470	50424
chr7	109307046	109507046	harbor1	chr7	109363671	109364042	LTR/ERVL-MaLR	1694	+	186	109363857	56811
chr7	109307046	109507046	harbor1	chr7	109367010	109367381	LTR/ERVL-MaLR	2407	+	186	109367196	60150
chr7	109307046	109507046	harbor1	chr7	109374693	109375060	LTR/ERVL-MaLR	2145	+	184	109374877	67831
chr7	109307046	109507046	harbor1	chr7	109400272	109400825	LTR/ERVL-MaLR	1994	+	276	109400548	93502
chr7	131046448	131246448	harbor1	chr7	131082627	131083031	LTR/ERVL-MaLR	2307	+	202	131082829	36381
chr7	131046448	131246448	harbor1	chr7	131083163	131083319	LTR/ERVL-MaLR	2307	+	78	131083241	36793
chr7	131046448	131246448	harbor1	chr7	131084326	131084697	LTR/ERVL-MaLR	2577	+	186	131084512	38064
chr7	131046448	131246448	harbor1	chr7	131089545	131089915	LTR/ERVL-MaLR	2045	+	185	131089730	43282
chr7	131046448	131246448	harbor1	chr7	131117966	131118229	LTR/ERVL-MaLR	1607	+	132	131118098	71650
chr7	131046448	131246448	harbor1	chr7	131121345	131121438	LTR/ERVL-MaLR	496	+	46	131121391	74943
chr7	131046448	131246448	harbor1	chr7	131140351	131140768	LTR/ERVL-MaLR	2376	+	208	131140559	94111
chr7	47137398	47337398	harbor1	chr7	47144100	47144480	LTR/ERVL-MaLR	1680	+	190	47144290	6892
chr7	47137398	47337398	harbor1	chr7	47175786	47176127	LTR/ERVL-MaLR	2176	+	170	47175956	38558
chr7	47137398	47337398	harbor1	chr7	47176128	47177707	LTR/ERVL-MaLR	12169	+	790	47176918	39520
chr7	47137398	47337398	harbor1	chr7	47177708	47178046	LTR/ERVL-MaLR	2185	+	169	47177877	40479
chr7	47137398	47337398	harbor1	chr7	47194334	47194768	LTR/ERVL-MaLR	1681	+	217	47194551	57153
chr7	47137398	47337398	harbor1	chr7	47197276	47197673	LTR/ERVL-MaLR	1680	+	198	47197474	60076
chr7	47137398	47337398	harbor1	chr7	47220943	47221482	LTR/ERVL-MaLR	565	+	270	47221213	83815
chr7	47137398	47337398	harbor1	chr7	47232663	47233087	LTR/ERVL-MaLR	1646	+	212	47232875	95477
chr7	126403725	126603725	harbor1	chr7	126408656	126409024	LTR/ERVL-MaLR	2078	+	184	126408840	5115
chr7	126403725	126603725	harbor1	chr7	126417927	126418254	LTR/ERVL-MaLR	1199	+	164	126418091	14366
chr7	126403725	126603725	harbor1	chr7	126454559	126454940	LTR/ERVL-MaLR	2147	+	190	126454749	51024
chr7	126403725	126603725	harbor1	chr7	126469429	126469803	LTR/ERVL-MaLR	2458	+	187	126469616	65891
chr7	126403725	126603725	harbor1	chr7	126469806	126470179	LTR/ERVL-MaLR	2321	+	186	126469992	66267
chr7	126403725	126603725	harbor1	chr7	126472434	126473669	LTR/ERVL-MaLR	7984	+	618	126473052	69327
chr7	126403725	126603725	harbor1	chr7	126473677	126474038	LTR/ERVL-MaLR	2261	+	180	126473857	70132
chr7	23889592	24089592	harbor1	chr7	23889655	23889995	LTR/ERVL-MaLR	1264	+	170	23889825	233
chr7	23889592	24089592	harbor1	chr7	23908548	23908901	LTR/ERVL-MaLR	2162	+	176	23908724	19132
chr7	23889592	24089592	harbor1	chr7	23908902	23909692	LTR/ERVL-MaLR	4132	+	395	23909297	19705
chr7	23889592	24089592	harbor1	chr7	23910241	23911105	LTR/ERVL-MaLR	3840	+	432	23910673	21081
chr7	23889592	24089592	harbor1	chr7	23911110	23911414	LTR/ERVL-MaLR	1304	+	152	23911262	21670
chr7	23889592	24089592	harbor1	chr7	23912384	23912726	LTR/ERVL-MaLR	2273	+	171	23912555	22963
chr7	23889592	24089592	harbor1	chr7	23912727	23914170	LTR/ERVL-MaLR	9468	+	722	23913449	23857
chr7	23889592	24089592	harbor1	chr7	23914171	23914546	LTR/ERVL-MaLR	2236	+	188	23914359	24767
chr7	23889592	24089592	harbor1	chr7	23919923	23920293	LTR/ERVL-MaLR	2399	+	185	23920108	30516
chr7	23889592	24089592	harbor1	chr7	23924389	23924888	LTR/ERVL-MaLR	1613	+	250	23924639	35047
chr7	23889592	24089592	harbor1	chr7	23962789	23963152	LTR/ERVL-MaLR	1892	+	182	23962971	73379
chr7	894837	1094837	harbor1	chr7	922932	923220	LTR/ERVL-MaLR	639	+	144	923076	28239
chr7	894837	1094837	harbor1	chr7	963691	963899	LTR/ERVL-MaLR	456	+	104	963795	68958
chr7	7322911	7522911	harbor1	chr7	7335512	7335880	LTR/ERVL-MaLR	1983	+	184	7335696	12785
chr7	7322911	7522911	harbor1	chr7	7338718	7339192	LTR/ERVL-MaLR	1168	+	237	7338955	16044
chr7	7322911	7522911	harbor1	chr7	7352325	7352820	LTR/ERVL-MaLR	2173	+	248	7352573	29662
chr7	7322911	7522911	harbor1	chr7	7368500	7368843	LTR/ERVL-MaLR	1810	+	172	7368672	45761
chr7	7322911	7522911	harbor1	chr7	7400150	7400488	LTR/ERVL-MaLR	821	+	169	7400319	77408
chr7	7322911	7522911	harbor1	chr7	7412019	7412433	LTR/ERVL-MaLR	864	+	207	7412226	89315
chr7	7322911	7522911	harbor1	chr7	7413395	7413607	LTR/ERVL-MaLR	563	+	106	7413501	90590
chr7	103200055	103400055	harbor1	chr7	103225821	103226186	LTR/ERVL-MaLR	1655	+	182	103226003	25948
chr7	103200055	103400055	harbor1	chr7	103258302	103258687	LTR/ERVL-MaLR	1964	+	192	103258494	58439
chr7	81996945	82196945	harbor1	chr7	82002095	82002448	LTR/ERVL-MaLR	1435	+	176	82002271	5326
chr7	81996945	82196945	harbor1	chr7	82008989	82009344	LTR/ERVL-MaLR	2031	+	178	82009167	12222
chr7	81996945	82196945	harbor1	chr7	82070882	82071675	LTR/ERVL-MaLR	1097	+	396	82071278	74333
chr7	81996945	82196945	harbor1	chr7	82077196	82077639	LTR/ERVL-MaLR	625	+	222	82077418	80473
chr7	21472595	21672595	harbor1	chr7	21499271	21499710	LTR/ERVL-MaLR	2064	+	220	21499491	26896
chr7	21472595	21672595	harbor1	chr7	21522708	21523208	LTR/ERVL-MaLR	2411	+	250	21522958	50363
chr7	21472595	21672595	harbor1	chr7	21526238	21527574	LTR/ERVL-MaLR	8530	+	668	21526906	54311
chr7	21472595	21672595	harbor1	chr7	21527575	21527946	LTR/ERVL-MaLR	2180	+	186	21527761	55166
chr7	150218205	150418205	harbor1	chr7	150228344	150228786	LTR/ERVL-MaLR	1415	+	221	150228565	10360
chr7	150218205	150418205	harbor1	chr7	150231226	150231652	LTR/ERVL-MaLR	2408	+	213	150231439	13234
chr7	150218205	150418205	harbor1	chr7	150247642	150248005	LTR/ERVL-MaLR	1624	+	182	150247824	29619
chr7	150218205	150418205	harbor1	chr7	150296649	150297077	LTR/ERVL-MaLR	1057	+	214	150296863	78658
chr7	150218205	150418205	harbor1	chr7	150303069	150303489	LTR/ERVL-MaLR	586	+	210	150303279	85074
chr7	154463106	154663106	harbor1	chr7	154467273	154467654	LTR/ERVL-MaLR	2164	+	190	154467463	4357
chr7	154463106	154663106	harbor1	chr7	154500406	154500764	LTR/ERVL-MaLR	2134	+	179	154500585	37479
chr7	154463106	154663106	harbor1	chr7	154502350	154502707	LTR/ERVL-MaLR	2199	+	178	154502528	39422
chr7	154463106	154663106	harbor1	chr7	154500765	154502349	LTR/ERVL-MaLR	11511	+	792	154501557	38451
chr7	91655850	91855850	harbor1	chr7	91679050	91679457	LTR/ERVL-MaLR	2547	+	204	91679254	23404
chr7	91655850	91855850	harbor1	chr7	91679844	91679865	LTR/ERVL-MaLR	2547	+	10	91679854	24004
chr7	91655850	91855850	harbor1	chr7	91689392	91689751	LTR/ERVL-MaLR	2633	+	180	91689572	33722
chr7	133667089	133867089	harbor1	chr7	133682357	133682579	LTR/ERVL-MaLR	1621	+	111	133682468	15379
chr7	133667089	133867089	harbor1	chr7	133685162	133685535	LTR/ERVL-MaLR	2238	+	186	133685348	18259
chr7	133667089	133867089	harbor1	chr7	133686058	133686304	LTR/ERVL-MaLR	1517	+	123	133686181	19092
chr7	133667089	133867089	harbor1	chr7	133713561	133713945	LTR/ERVL-MaLR	2273	+	192	133713753	46664
chr7	133667089	133867089	harbor1	chr7	133718992	133719358	LTR/ERVL-MaLR	2315	+	183	133719175	52086
chr7	78942432	79142432	harbor1	chr7	78990945	78991306	LTR/ERVL-MaLR	2044	+	180	78991125	48693
chr7	78942432	79142432	harbor1	chr7	79019204	79019537	LTR/ERVL-MaLR	1794	+	166	79019370	76938
chr7	78942432	79142432	harbor1	chr7	79019845	79019890	LTR/ERVL-MaLR	1794	+	22	79019867	77435
chr7	78942432	79142432	harbor1	chr7	79020795	79021827	LTR/ERVL-MaLR	10881	+	516	79021311	78879
chr7	78942432	79142432	harbor1	chr7	79021828	79022182	LTR/ERVL-MaLR	1901	+	177	79022005	79573
chr7	78942432	79142432	harbor1	chr7	79039009	79039401	LTR/ERVL-MaLR	1971	+	196	79039205	96773
chr7	78942432	79142432	harbor1	chr7	79040023	79040403	LTR/ERVL-MaLR	2049	+	190	79040213	97781
chr7	78942432	79142432	harbor1	chr7	79040540	79040918	LTR/ERVL-MaLR	2463	+	189	79040729	98297
chr7	78942432	79142432	harbor1	chr7	79019893	79020484	LTR/ERVL-MaLR	10881	+	296	79020189	77757
chr7	79769351	79969351	harbor1	chr7	79806805	79806996	LTR/ERVL-MaLR	1104	+	96	79806901	37550
chr7	79769351	79969351	harbor1	chr7	79807040	79807163	LTR/ERVL-MaLR	1104	+	62	79807102	37751
chr7	79769351	79969351	harbor1	chr7	79807164	79807280	LTR/ERVL-MaLR	705	+	58	79807222	37871
chr7	79769351	79969351	harbor1	chr7	79853616	79853953	LTR/ERVL-MaLR	1636	+	168	79853784	84433
chr7	79769351	79969351	harbor1	chr7	79854466	79854920	LTR/ERVL-MaLR	2250	+	227	79854693	85342
chr7	79769351	79969351	harbor1	chr7	79860067	79860321	LTR/ERVL-MaLR	1176	+	127	79860194	90843
chr7	79769351	79969351	harbor1	chr7	79860764	79860911	LTR/ERVL-MaLR	691	+	74	79860838	91487
chr7	79769351	79969351	harbor1	chr7	79806164	79806669	LTR/ERVL-MaLR	1316	+	252	79806416	37065
chr7	16541080	16741080	harbor1	chr7	16543495	16543844	LTR/ERVL-MaLR	537	+	174	16543669	2589
chr7	16541080	16741080	harbor1	chr7	16550971	16551193	LTR/ERVL-MaLR	1013	+	111	16551082	10002
chr7	16541080	16741080	harbor1	chr7	16592082	16592434	LTR/ERVL-MaLR	1214	+	176	16592258	51178
chr7	16541080	16741080	harbor1	chr7	16593982	16594330	LTR/ERVL-MaLR	1469	+	174	16594156	53076
chr7	16541080	16741080	harbor1	chr7	16602641	16603062	LTR/ERVL-MaLR	2695	+	210	16602851	61771
chr7	16541080	16741080	harbor1	chr7	16603595	16603967	LTR/ERVL-MaLR	539	+	186	16603781	62701
chr7	38792830	38992830	harbor1	chr7	38814926	38815079	LTR/ERVL-MaLR	621	+	76	38815002	22172
chr7	38792830	38992830	harbor1	chr7	38823049	38823477	LTR/ERVL-MaLR	1959	+	214	38823263	30433
chr7	65321370	65521370	harbor1	chr7	65335820	65335973	LTR/ERVL-MaLR	799	+	76	65335896	14526
chr7	65321370	65521370	harbor1	chr7	65336271	65336292	LTR/ERVL-MaLR	799	+	10	65336281	14911
chr7	65321370	65521370	harbor1	chr7	65336600	65336641	LTR/ERVL-MaLR	799	+	20	65336620	15250
chr7	65321370	65521370	harbor1	chr7	65336642	65337107	LTR/ERVL-MaLR	2944	+	232	65336874	15504
chr7	65321370	65521370	harbor1	chr7	65337640	65338337	LTR/ERVL-MaLR	4311	+	348	65337988	16618
chr7	65321370	65521370	harbor1	chr7	65338339	65338698	LTR/ERVL-MaLR	1600	+	180	65338519	17149
chr7	65321370	65521370	harbor1	chr7	65371458	65371912	LTR/ERVL-MaLR	1230	+	227	65371685	50315
chr7	65321370	65521370	harbor1	chr7	65372210	65372249	LTR/ERVL-MaLR	1230	+	20	65372230	50860
chr7	65321370	65521370	harbor1	chr7	65395483	65395674	LTR/ERVL-MaLR	924	+	96	65395579	74209
chr7	7265837	7465837	harbor1	chr7	7289609	7289755	LTR/ERVL-MaLR	783	+	73	7289682	23845
chr7	7265837	7465837	harbor1	chr7	7289925	7290255	LTR/ERVL-MaLR	1317	+	165	7290090	24253
chr7	7265837	7465837	harbor1	chr7	7305556	7306018	LTR/ERVL-MaLR	1682	+	231	7305787	39950
chr7	7265837	7465837	harbor1	chr7	7320344	7320832	LTR/ERVL-MaLR	616	+	244	7320588	54751
chr7	7265837	7465837	harbor1	chr7	7335512	7335880	LTR/ERVL-MaLR	1983	+	184	7335696	69859
chr7	7265837	7465837	harbor1	chr7	7338718	7339192	LTR/ERVL-MaLR	1168	+	237	7338955	73118
chr7	7265837	7465837	harbor1	chr7	7352325	7352820	LTR/ERVL-MaLR	2173	+	248	7352573	86736
chr7	127202488	127402488	harbor1	chr7	127211590	127211900	LTR/ERVL-MaLR	971	+	155	127211745	9257
chr7	127202488	127402488	harbor1	chr7	127230533	127230884	LTR/ERVL-MaLR	1278	+	176	127230709	28221
chr7	127202488	127402488	harbor1	chr7	127257773	127258103	LTR/ERVL-MaLR	466	+	165	127257938	55450
chr7	127202488	127402488	harbor1	chr7	127258844	127259216	LTR/ERVL-MaLR	2747	+	186	127259030	56542
chr7	69394831	69594831	harbor1	chr7	69398849	69399191	LTR/ERVL-MaLR	1771	+	171	69399020	4189
chr7	69394831	69594831	harbor1	chr7	69417662	69418051	LTR/ERVL-MaLR	2067	+	194	69417856	23025
chr7	69394831	69594831	harbor1	chr7	69433624	69433814	LTR/ERVL-MaLR	2120	+	95	69433719	38888
chr7	69394831	69594831	harbor1	chr7	69434126	69434381	LTR/ERVL-MaLR	2120	+	128	69434254	39423
chr7	69394831	69594831	harbor1	chr7	69442519	69442871	LTR/ERVL-MaLR	2393	+	176	69442695	47864
chr7	69394831	69594831	harbor1	chr7	69456969	69457138	LTR/ERVL-MaLR	729	+	84	69457053	62222
chr7	69394831	69594831	harbor1	chr7	69457430	69457664	LTR/ERVL-MaLR	729	+	117	69457547	62716
chr7	69394831	69594831	harbor1	chr7	69469890	69470254	LTR/ERVL-MaLR	2049	+	182	69470072	75241
chr7	104136121	104336121	harbor1	chr7	104163167	104163330	LTR/ERVL-MaLR	650	+	82	104163249	27128
chr7	104136121	104336121	harbor1	chr7	104170255	104170695	LTR/ERVL-MaLR	1836	+	220	104170475	34354
chr7	104136121	104336121	harbor1	chr7	104188714	104189084	LTR/ERVL-MaLR	1809	+	185	104188899	52778
chr7	104136121	104336121	harbor1	chr7	104197861	104198238	LTR/ERVL-MaLR	1988	+	188	104198049	61928
chr7	104136121	104336121	harbor1	chr7	104198224	104199823	LTR/ERVL-MaLR	9914	+	800	104199024	62903
chr7	104136121	104336121	harbor1	chr7	104199824	104200146	LTR/ERVL-MaLR	1764	+	161	104199985	63864
chr7	104136121	104336121	harbor1	chr7	104218671	104219098	LTR/ERVL-MaLR	1853	+	214	104218885	82764
chr7	53377076	53577076	harbor1	chr7	53403822	53404188	LTR/ERVL-MaLR	2052	+	183	53404005	26929
chr7	53377076	53577076	harbor1	chr7	53405833	53406231	LTR/ERVL-MaLR	1751	+	199	53406032	28956
chr7	53377076	53577076	harbor1	chr7	53419746	53420115	LTR/ERVL-MaLR	2511	+	184	53419930	42854
chr7	53377076	53577076	harbor1	chr7	53465363	53465746	LTR/ERVL-MaLR	1954	+	192	53465555	88479
chr7	53377076	53577076	harbor1	chr7	53468127	53468487	LTR/ERVL-MaLR	2251	+	180	53468307	91231
chr7	53377076	53577076	harbor1	chr7	53474484	53474808	LTR/ERVL-MaLR	1034	+	162	53474646	97570
chr7	105957962	106157962	harbor1	chr7	106011179	106011669	LTR/ERVL-MaLR	904	+	245	106011424	53462
chr7	105957962	106157962	harbor1	chr7	106044576	106044881	LTR/ERVL-MaLR	612	+	152	106044728	86766
chr7	105957962	106157962	harbor1	chr7	106044941	106045093	LTR/ERVL-MaLR	577	+	76	106045017	87055
chr7	105957962	106157962	harbor1	chr7	106045255	106045772	LTR/ERVL-MaLR	1740	+	258	106045513	87551
chr7	38457527	38657527	harbor1	chr7	38492071	38492479	LTR/ERVL-MaLR	1112	+	204	38492275	34748
chr7	38457527	38657527	harbor1	chr7	38499716	38500000	LTR/ERVL-MaLR	1926	+	142	38499858	42331
chr7	38457527	38657527	harbor1	chr7	38500001	38500077	LTR/ERVL-MaLR	476	+	38	38500039	42512
chr7	38457527	38657527	harbor1	chr7	38514468	38514832	LTR/ERVL-MaLR	1271	+	182	38514650	57123
chr7	38457527	38657527	harbor1	chr7	38514836	38515237	LTR/ERVL-MaLR	5940	+	200	38515036	57509
chr7	38457527	38657527	harbor1	chr7	38515238	38515615	LTR/ERVL-MaLR	2093	+	188	38515426	57899
chr7	38457527	38657527	harbor1	chr7	38515621	38517207	LTR/ERVL-MaLR	9959	+	793	38516414	58887
chr7	38457527	38657527	harbor1	chr7	38517208	38517599	LTR/ERVL-MaLR	2170	+	196	38517404	59877
chr7	38457527	38657527	harbor1	chr7	38518870	38519262	LTR/ERVL-MaLR	1591	+	196	38519066	61539
chr7	38457527	38657527	harbor1	chr7	38557290	38557670	LTR/ERVL-MaLR	2450	+	190	38557480	99953
chr7	38457527	38657527	harbor1	chr7	38517600	38518861	LTR/ERVL-MaLR	5940	+	630	38518230	60703
chr7	26718798	26918798	harbor1	chr7	26782455	26782548	LTR/ERVL-MaLR	603	+	46	26782501	63703
chr7	26718798	26918798	harbor1	chr7	26782704	26782969	LTR/ERVL-MaLR	1469	+	132	26782836	64038
chr7	26718798	26918798	harbor1	chr7	26805343	26805806	LTR/ERVL-MaLR	1761	+	232	26805575	86777
chr7	26718798	26918798	harbor1	chr7	26807247	26807615	LTR/ERVL-MaLR	2117	+	184	26807431	88633
chr7	132182744	132382744	harbor1	chr7	132193055	132193452	LTR/ERVL-MaLR	1924	+	198	132193253	10509
chr7	132182744	132382744	harbor1	chr7	132200935	132201340	LTR/ERVL-MaLR	1373	+	202	132201137	18393
chr7	65698316	65898316	harbor1	chr7	65739940	65740033	LTR/ERVL-MaLR	1144	+	46	65739986	41670
chr7	65698316	65898316	harbor1	chr7	65740336	65740464	LTR/ERVL-MaLR	1144	+	64	65740400	42084
chr7	131818360	132018360	harbor1	chr7	131855528	131855893	LTR/ERVL-MaLR	2103	+	182	131855710	37350
chr7	131818360	132018360	harbor1	chr7	131855894	131856407	LTR/ERVL-MaLR	3728	+	256	131856150	37790
chr7	131818360	132018360	harbor1	chr7	131856397	131856671	LTR/ERVL-MaLR	1522	+	137	131856534	38174
chr7	131818360	132018360	harbor1	chr7	131881543	131881967	LTR/ERVL-MaLR	1219	+	212	131881755	63395
chr7	131818360	132018360	harbor1	chr7	131884423	131884784	LTR/ERVL-MaLR	1947	+	180	131884603	66243
chr7	131818360	132018360	harbor1	chr7	131898641	131898869	LTR/ERVL-MaLR	1539	+	114	131898755	80395
chr7	131818360	132018360	harbor1	chr7	131898870	131899238	LTR/ERVL-MaLR	2193	+	184	131899054	80694
chr7	131818360	132018360	harbor1	chr7	131899239	131899546	LTR/ERVL-MaLR	1539	+	154	131899393	81033
chr7	131818360	132018360	harbor1	chr7	131902123	131902557	LTR/ERVL-MaLR	2885	+	217	131902340	83980
chr7	119415218	119615218	harbor1	chr7	119437433	119437709	LTR/ERVL-MaLR	500	+	138	119437571	22353
chr7	119415218	119615218	harbor1	chr7	119466931	119467286	LTR/ERVL-MaLR	1945	+	178	119467109	51891
chr7	119415218	119615218	harbor1	chr7	119482764	119483152	LTR/ERVL-MaLR	1866	+	194	119482958	67740
chr7	119415218	119615218	harbor1	chr7	119484067	119484326	LTR/ERVL-MaLR	1288	+	130	119484197	68979
chr7	119415218	119615218	harbor1	chr7	119484412	119484597	LTR/ERVL-MaLR	1041	+	92	119484504	69286
chr7	17766358	17966358	harbor1	chr7	17817876	17818278	LTR/ERVL-MaLR	1598	+	201	17818077	51719
chr7	94087816	94287816	harbor1	chr7	94104110	94104635	LTR/ERVL-MaLR	2228	+	262	94104372	16556
chr7	94087816	94287816	harbor1	chr7	94110556	94110618	LTR/ERVL-MaLR	1052	+	31	94110587	22771
chr7	94087816	94287816	harbor1	chr7	94110976	94111298	LTR/ERVL-MaLR	1052	+	161	94111137	23321
chr7	94087816	94287816	harbor1	chr7	94135917	94136386	LTR/ERVL-MaLR	1159	+	234	94136151	48335
chr7	94087816	94287816	harbor1	chr7	94164977	94165168	LTR/ERVL-MaLR	527	+	96	94165073	77257
chr7	94087816	94287816	harbor1	chr7	94174903	94175263	LTR/ERVL-MaLR	2050	+	180	94175083	87267
chr7	11693908	11893908	harbor1	chr7	11721219	11721603	LTR/ERVL-MaLR	2188	+	192	11721411	27503
chr7	11693908	11893908	harbor1	chr7	11736787	11737164	LTR/ERVL-MaLR	2322	+	188	11736975	43067
chr7	11693908	11893908	harbor1	chr7	11738686	11738978	LTR/ERVL-MaLR	1335	+	146	11738832	44924
chr7	11693908	11893908	harbor1	chr7	11771702	11772122	LTR/ERVL-MaLR	2689	+	210	11771912	78004
chr7	11693908	11893908	harbor1	chr7	11780289	11780779	LTR/ERVL-MaLR	2361	+	245	11780534	86626
chr7	94763305	94963305	harbor1	chr7	94772711	94773066	LTR/ERVL-MaLR	2024	+	178	94772889	9584
chr7	94763305	94963305	harbor1	chr7	94773074	94774648	LTR/ERVL-MaLR	11048	+	787	94773861	10556
chr7	94763305	94963305	harbor1	chr7	94774651	94775008	LTR/ERVL-MaLR	1944	+	178	94774829	11524
chr7	94763305	94963305	harbor1	chr7	94805431	94805800	LTR/ERVL-MaLR	1749	+	184	94805615	42310
chr7	94763305	94963305	harbor1	chr7	94805892	94806052	LTR/ERVL-MaLR	471	+	80	94805972	42667
chr7	94763305	94963305	harbor1	chr7	94813738	94813816	LTR/ERVL-MaLR	1100	+	39	94813777	50472
chr7	94763305	94963305	harbor1	chr7	94843369	94843732	LTR/ERVL-MaLR	1874	+	182	94843551	80246
chr7	94763305	94963305	harbor1	chr7	94843733	94845299	LTR/ERVL-MaLR	11385	+	783	94844516	81211
chr7	94763305	94963305	harbor1	chr7	94845302	94845651	LTR/ERVL-MaLR	1827	+	174	94845476	82171
chr7	94763305	94963305	harbor1	chr7	94853080	94853480	LTR/ERVL-MaLR	2091	+	200	94853280	89975
chr7	94763305	94963305	harbor1	chr7	94814081	94814354	LTR/ERVL-MaLR	1100	+	136	94814217	50912
chr7	86998990	87198990	harbor1	chr7	87003322	87003697	LTR/ERVL-MaLR	2071	+	188	87003510	4520
chr7	86998990	87198990	harbor1	chr7	87027461	87027864	LTR/ERVL-MaLR	1665	+	202	87027663	28673
chr7	86998990	87198990	harbor1	chr7	87046496	87046880	LTR/ERVL-MaLR	1977	+	192	87046688	47698
chr7	86998990	87198990	harbor1	chr7	87049797	87050163	LTR/ERVL-MaLR	1549	+	183	87049980	50990
chr7	86998990	87198990	harbor1	chr7	87050225	87050637	LTR/ERVL-MaLR	2427	+	206	87050431	51441
chr7	86998990	87198990	harbor1	chr7	87082914	87083262	LTR/ERVL-MaLR	866	+	174	87083088	84098
chr7	86998990	87198990	harbor1	chr7	87085852	87086322	LTR/ERVL-MaLR	2018	+	235	87086087	87097
chr7	86998990	87198990	harbor1	chr7	87094023	87094422	LTR/ERVL-MaLR	1227	+	200	87094223	95233
chr7	485438	685438	harbor1	chr7	509208	509288	LTR/ERVL-MaLR	971	+	40	509248	23810
chr7	485438	685438	harbor1	chr7	509591	509847	LTR/ERVL-MaLR	971	+	128	509719	24281
chr7	485438	685438	harbor1	chr7	540923	541136	LTR/ERVL-MaLR	497	+	106	541029	55591
chr7	485438	685438	harbor1	chr7	560043	560359	LTR/ERVL-MaLR	1778	+	158	560201	74763
chr7	72629958	72829958	harbor1	chr7	72665098	72665509	LTR/ERVL-MaLR	804	+	206	72665304	35346
chr7	72629958	72829958	harbor1	chr7	72671969	72672326	LTR/ERVL-MaLR	2133	+	178	72672147	42189
chr7	72629958	72829958	harbor1	chr7	72707067	72707477	LTR/ERVL-MaLR	754	+	205	72707272	77314
chr7	72629958	72829958	harbor1	chr7	72707762	72708141	LTR/ERVL-MaLR	2039	+	190	72707952	77994
chr7	24979217	25179217	harbor1	chr7	25020466	25020828	LTR/ERVL-MaLR	1624	+	181	25020647	41430
chr7	24979217	25179217	harbor1	chr7	25025982	25026252	LTR/ERVL-MaLR	460	+	135	25026117	46900
chr7	8361108	8561108	harbor1	chr7	8373064	8373438	LTR/ERVL-MaLR	2079	+	187	8373251	12143
chr7	8361108	8561108	harbor1	chr7	8373440	8375011	LTR/ERVL-MaLR	11345	+	786	8374226	13118
chr7	8361108	8561108	harbor1	chr7	8375012	8375386	LTR/ERVL-MaLR	2078	+	187	8375199	14091
chr7	8361108	8561108	harbor1	chr7	8391374	8391806	LTR/ERVL-MaLR	2217	+	216	8391590	30482
chr7	8361108	8561108	harbor1	chr7	8396341	8396750	LTR/ERVL-MaLR	2243	+	204	8396545	35437
chr7	8361108	8561108	harbor1	chr7	8421822	8422206	LTR/ERVL-MaLR	2384	+	192	8422014	60906
chr7	158329298	158529298	harbor1	chr7	158329505	158329692	LTR/ERVL-MaLR	673	+	94	158329599	301
chr7	112955357	113155357	harbor1	chr7	112961850	112962015	LTR/ERVL-MaLR	1083	+	82	112961932	6575
chr7	112955357	113155357	harbor1	chr7	112962295	112962514	LTR/ERVL-MaLR	1083	+	110	112962405	7048
chr7	112955357	113155357	harbor1	chr7	112971856	112972218	LTR/ERVL-MaLR	1971	+	181	112972037	16680
chr7	112955357	113155357	harbor1	chr7	113012860	113013225	LTR/ERVL-MaLR	2238	+	182	113013042	57685
chr7	112955357	113155357	harbor1	chr7	113038831	113039200	LTR/ERVL-MaLR	2280	+	184	113039015	83658
chr7	114299650	114499650	harbor1	chr7	114302633	114303149	LTR/ERVL-MaLR	1652	+	258	114302891	3241
chr7	114299650	114499650	harbor1	chr7	114358001	114358366	LTR/ERVL-MaLR	2360	+	182	114358183	58533
chr7	114299650	114499650	harbor1	chr7	114358367	114359987	LTR/ERVL-MaLR	10016	+	810	114359177	59527
chr7	114299650	114499650	harbor1	chr7	114359990	114360353	LTR/ERVL-MaLR	2478	+	182	114360172	60522
chr7	47384860	47584860	harbor1	chr7	47394184	47394536	LTR/ERVL-MaLR	1401	+	176	47394360	9500
chr7	47384860	47584860	harbor1	chr7	47407588	47407912	LTR/ERVL-MaLR	1742	+	162	47407750	22890
chr7	47384860	47584860	harbor1	chr7	47432106	47432534	LTR/ERVL-MaLR	2688	+	214	47432320	47460
chr7	47384860	47584860	harbor1	chr7	47459841	47460009	LTR/ERVL-MaLR	887	+	84	47459925	75065
chr7	47384860	47584860	harbor1	chr7	47460241	47460461	LTR/ERVL-MaLR	1047	+	110	47460351	75491
chr7	8357451	8557451	harbor1	chr7	8360632	8360749	LTR/ERVL-MaLR	657	+	58	8360690	3239
chr7	8357451	8557451	harbor1	chr7	8373064	8373438	LTR/ERVL-MaLR	2079	+	187	8373251	15800
chr7	8357451	8557451	harbor1	chr7	8373440	8375011	LTR/ERVL-MaLR	11345	+	786	8374226	16775
chr7	8357451	8557451	harbor1	chr7	8375012	8375386	LTR/ERVL-MaLR	2078	+	187	8375199	17748
chr7	8357451	8557451	harbor1	chr7	8391374	8391806	LTR/ERVL-MaLR	2217	+	216	8391590	34139
chr7	8357451	8557451	harbor1	chr7	8396341	8396750	LTR/ERVL-MaLR	2243	+	204	8396545	39094
chr7	8357451	8557451	harbor1	chr7	8421822	8422206	LTR/ERVL-MaLR	2384	+	192	8422014	64563
chr7	3449448	3649448	harbor1	chr7	3453327	3453654	LTR/ERVL-MaLR	940	+	164	3453491	4043
chr7	3449448	3649448	harbor1	chr7	3479967	3480260	LTR/ERVL-MaLR	771	+	146	3480113	30665
chr7	3449448	3649448	harbor1	chr7	3480755	3480886	LTR/ERVL-MaLR	509	+	66	3480821	31373
chr7	87404809	87604809	harbor1	chr7	87425964	87426419	LTR/ERVL-MaLR	856	+	228	87426192	21383
chr7	87404809	87604809	harbor1	chr7	87435324	87435722	LTR/ERVL-MaLR	625	+	199	87435523	30714
chr7	87404809	87604809	harbor1	chr7	87435783	87437075	LTR/ERVL-MaLR	4280	+	646	87436429	31620
chr7	87404809	87604809	harbor1	chr7	87456282	87456693	LTR/ERVL-MaLR	2362	+	206	87456488	51679
chr7	121815146	122015146	harbor1	chr7	121821388	121821822	LTR/ERVL-MaLR	2323	+	217	121821605	6459
chr7	121815146	122015146	harbor1	chr7	121826834	121827231	LTR/ERVL-MaLR	1785	+	198	121827032	11886
chr7	121815146	122015146	harbor1	chr7	121852703	121853172	LTR/ERVL-MaLR	1600	+	234	121852937	37791
chr7	121815146	122015146	harbor1	chr7	121868257	121868612	LTR/ERVL-MaLR	1656	+	178	121868435	53289
chr7	121815146	122015146	harbor1	chr7	121881004	121881364	LTR/ERVL-MaLR	1663	+	180	121881184	66038
chr7	18397336	18597336	harbor1	chr7	18450995	18451355	LTR/ERVL-MaLR	1827	+	180	18451175	53839
chr7	18397336	18597336	harbor1	chr7	18452560	18452924	LTR/ERVL-MaLR	2541	+	182	18452742	55406
chr7	66085610	66285610	harbor1	chr7	66109039	66109180	LTR/ERVL-MaLR	637	+	70	66109109	23499
chr7	66085610	66285610	harbor1	chr7	66109483	66109526	LTR/ERVL-MaLR	637	+	22	66109505	23895
chr7	66085610	66285610	harbor1	chr7	66158148	66158280	LTR/ERVL-MaLR	623	+	66	66158214	72604
chr7	66085610	66285610	harbor1	chr7	66162766	66163027	LTR/ERVL-MaLR	1223	+	130	66162896	77286
chr7	66085610	66285610	harbor1	chr7	66163322	66163381	LTR/ERVL-MaLR	1223	+	30	66163352	77742
chr7	66085610	66285610	harbor1	chr7	66173051	66173406	LTR/ERVL-MaLR	2545	+	178	66173229	87619
chr7	66085610	66285610	harbor1	chr7	66158281	66158635	LTR/ERVL-MaLR	1403	+	177	66158458	72848
chr7	8579975	8779975	harbor1	chr7	8607737	8608188	LTR/ERVL-MaLR	1857	+	226	8607963	27988
chr7	8579975	8779975	harbor1	chr7	8639609	8639962	LTR/ERVL-MaLR	2497	+	176	8639785	59810
chr7	8579975	8779975	harbor1	chr7	8634106	8634497	LTR/ERVL-MaLR	2253	+	196	8634302	54327
chr7	90742581	90942581	harbor1	chr7	90772401	90772786	LTR/ERVL-MaLR	2034	+	192	90772593	30012
chr7	90742581	90942581	harbor1	chr7	90820318	90820680	LTR/ERVL-MaLR	1993	+	181	90820499	77918
chr7	48401025	48601025	harbor1	chr7	48422685	48423095	LTR/ERVL-MaLR	734	+	205	48422890	21865
chr7	48401025	48601025	harbor1	chr7	48442901	48443260	LTR/ERVL-MaLR	1220	+	180	48443081	42056
chr7	48401025	48601025	harbor1	chr7	48492502	48492663	LTR/ERVL-MaLR	735	+	80	48492582	91557
chr7	108557917	108757917	harbor1	chr7	108577882	108578204	LTR/ERVL-MaLR	1424	+	161	108578043	20126
chr7	108557917	108757917	harbor1	chr7	108578817	108579232	LTR/ERVL-MaLR	2664	+	208	108579025	21108
chr7	108557917	108757917	harbor1	chr7	108589764	108589875	LTR/ERVL-MaLR	467	+	56	108589820	31903
chr7	108557917	108757917	harbor1	chr7	108590360	108590879	LTR/ERVL-MaLR	1992	+	260	108590620	32703
chr7	108557917	108757917	harbor1	chr7	108607717	108608079	LTR/ERVL-MaLR	2054	+	181	108607898	49981
chr7	108557917	108757917	harbor1	chr7	108608080	108608450	LTR/ERVL-MaLR	1546	+	185	108608265	50348
chr7	108557917	108757917	harbor1	chr7	108608451	108608475	LTR/ERVL-MaLR	2054	+	12	108608463	50546
chr7	108557917	108757917	harbor1	chr7	108622944	108623309	LTR/ERVL-MaLR	927	+	182	108623126	65209
chr7	108557917	108757917	harbor1	chr7	108635070	108635485	LTR/ERVL-MaLR	1716	+	208	108635278	77361
chr7	108557917	108757917	harbor1	chr7	108560303	108560578	LTR/ERVL-MaLR	445	+	138	108560441	2524
chr7	56248624	56448624	harbor1	chr7	56280537	56281007	LTR/ERVL-MaLR	786	+	235	56280772	32148
chr7	56248624	56448624	harbor1	chr7	56307010	56307167	LTR/ERVL-MaLR	781	+	78	56307088	58464
chr7	56248624	56448624	harbor1	chr7	56307602	56307726	LTR/ERVL-MaLR	686	+	62	56307664	59040
chr7	56248624	56448624	harbor1	chr7	56307927	56308053	LTR/ERVL-MaLR	606	+	63	56307990	59366
chr7	56248624	56448624	harbor1	chr7	56315298	56315491	LTR/ERVL-MaLR	1179	+	96	56315394	66770
chr7	56248624	56448624	harbor1	chr7	56315806	56316049	LTR/ERVL-MaLR	1179	+	122	56315928	67304
chr7	56248624	56448624	harbor1	chr7	56316266	56316299	LTR/ERVL-MaLR	1179	+	16	56316282	67658
chr7	56248624	56448624	harbor1	chr7	56333503	56333663	LTR/ERVL-MaLR	1096	+	80	56333583	84959
chr7	35087352	35287352	harbor1	chr7	35133032	35133396	LTR/ERVL-MaLR	1717	+	182	35133214	45862
chr7	35087352	35287352	harbor1	chr7	35165538	35165922	LTR/ERVL-MaLR	1960	+	192	35165730	78378
chr7	42931029	43131029	harbor1	chr7	42939764	42940032	LTR/ERVL-MaLR	1196	+	134	42939898	8869
chr7	42931029	43131029	harbor1	chr7	42943761	42944171	LTR/ERVL-MaLR	2714	+	205	42943966	12937
chr7	42931029	43131029	harbor1	chr7	42950477	42950861	LTR/ERVL-MaLR	2040	+	192	42950669	19640
chr7	42931029	43131029	harbor1	chr7	42957122	42957538	LTR/ERVL-MaLR	2766	+	208	42957330	26301
chr7	42931029	43131029	harbor1	chr7	42967838	42968190	LTR/ERVL-MaLR	2257	+	176	42968014	36985
chr7	42931029	43131029	harbor1	chr7	42977744	42978107	LTR/ERVL-MaLR	1968	+	182	42977926	46897
chr7	42931029	43131029	harbor1	chr7	42987839	42988249	LTR/ERVL-MaLR	2226	+	205	42988044	57015
chr7	42931029	43131029	harbor1	chr7	43012564	43013028	LTR/ERVL-MaLR	650	+	232	43012796	81767
chr7	154500976	154700976	harbor1	chr7	154502350	154502707	LTR/ERVL-MaLR	2199	+	178	154502528	1552
chr7	154500976	154700976	harbor1	chr7	154500765	154502349	LTR/ERVL-MaLR	11511	+	792	154501557	581
chr7	126295872	126495872	harbor1	chr7	126326004	126326384	LTR/ERVL-MaLR	1764	+	190	126326194	30322
chr7	126295872	126495872	harbor1	chr7	126326385	126327922	LTR/ERVL-MaLR	10444	+	768	126327153	31281
chr7	126295872	126495872	harbor1	chr7	126328142	126328489	LTR/ERVL-MaLR	2057	+	174	126328316	32444
chr7	126295872	126495872	harbor1	chr7	126328490	126330060	LTR/ERVL-MaLR	10799	+	785	126329275	33403
chr7	126295872	126495872	harbor1	chr7	126330061	126330428	LTR/ERVL-MaLR	2032	+	184	126330245	34373
chr7	126295872	126495872	harbor1	chr7	126375535	126375904	LTR/ERVL-MaLR	2565	+	184	126375719	79847
chr7	645232	845232	harbor1	chr7	679709	679876	LTR/ERVL-MaLR	751	+	84	679793	34561
chr7	645232	845232	harbor1	chr7	680943	681311	LTR/ERVL-MaLR	1959	+	184	681127	35895
chr7	645232	845232	harbor1	chr7	707588	707879	LTR/ERVL-MaLR	1068	+	146	707734	62502
chr7	645232	845232	harbor1	chr7	708240	708350	LTR/ERVL-MaLR	546	+	55	708295	63063
chr7	645232	845232	harbor1	chr7	717794	718215	LTR/ERVL-MaLR	1155	+	210	718004	72772
chr7	645232	845232	harbor1	chr7	724236	724610	LTR/ERVL-MaLR	2648	+	187	724423	79191
chr7	52222140	52422140	harbor1	chr7	52231400	52231835	LTR/ERVL-MaLR	1536	+	218	52231618	9478
chr7	52222140	52422140	harbor1	chr7	52234364	52234626	LTR/ERVL-MaLR	1208	+	131	52234495	12355
chr7	52222140	52422140	harbor1	chr7	52234627	52235227	LTR/ERVL-MaLR	3439	+	300	52234927	12787
chr7	52222140	52422140	harbor1	chr7	52235228	52235594	LTR/ERVL-MaLR	1953	+	183	52235411	13271
chr7	52222140	52422140	harbor1	chr7	52235592	52236114	LTR/ERVL-MaLR	2820	+	261	52235853	13713
chr7	52222140	52422140	harbor1	chr7	52236105	52236827	LTR/ERVL-MaLR	4189	+	361	52236466	14326
chr7	52222140	52422140	harbor1	chr7	52236828	52237210	LTR/ERVL-MaLR	1992	+	191	52237019	14879
chr7	52222140	52422140	harbor1	chr7	52239244	52239629	LTR/ERVL-MaLR	1570	+	192	52239436	17296
chr7	52222140	52422140	harbor1	chr7	52239941	52240007	LTR/ERVL-MaLR	1570	+	33	52239974	17834
chr7	52222140	52422140	harbor1	chr7	52244352	52244520	LTR/ERVL-MaLR	950	+	84	52244436	22296
chr7	52222140	52422140	harbor1	chr7	52255292	52255538	LTR/ERVL-MaLR	985	+	123	52255415	33275
chr7	52222140	52422140	harbor1	chr7	52257447	52257825	LTR/ERVL-MaLR	2079	+	189	52257636	35496
chr7	52222140	52422140	harbor1	chr7	52309363	52309732	LTR/ERVL-MaLR	903	+	184	52309547	87407
chr7	52222140	52422140	harbor1	chr7	52313177	52313563	LTR/ERVL-MaLR	1151	+	193	52313370	91230
chr7	158589512	158789512	harbor1	chr7	158589467	158589695	LTR/ERVL-MaLR	770	+	114	158589581	69
chr7	158589512	158789512	harbor1	chr7	158590095	158590312	LTR/ERVL-MaLR	1136	+	108	158590203	691
chr7	158589512	158789512	harbor1	chr7	158594718	158595097	LTR/ERVL-MaLR	2394	+	190	158594908	5396
chr7	158589512	158789512	harbor1	chr7	158660743	158661098	LTR/ERVL-MaLR	2159	+	178	158660921	71409
chr7	1815240	2015240	harbor1	chr7	1864626	1865004	LTR/ERVL-MaLR	1120	+	189	1864815	49575
chr7	1815240	2015240	harbor1	chr7	1875769	1876102	LTR/ERVL-MaLR	830	+	166	1875935	60695
chr7	1815240	2015240	harbor1	chr7	1890217	1890614	LTR/ERVL-MaLR	1398	+	198	1890415	75175
chr7	1815240	2015240	harbor1	chr7	1914278	1914613	LTR/ERVL-MaLR	737	+	168	1914446	99206
chr7	1815240	2015240	harbor1	chr7	1914912	1914972	LTR/ERVL-MaLR	737	+	30	1914942	99702
chr7	35848454	36048454	harbor1	chr7	35923389	35923558	LTR/ERVL-MaLR	1180	+	84	35923473	75019
chr7	104461229	104661229	harbor1	chr7	104538722	104539234	LTR/ERVL-MaLR	2171	+	256	104538978	77749
chr7	104461229	104661229	harbor1	chr7	104554495	104554585	LTR/ERVL-MaLR	728	+	45	104554540	93311
chr7	104461229	104661229	harbor1	chr7	104555205	104555299	LTR/ERVL-MaLR	728	+	47	104555252	94023
chr7	759406	959406	harbor1	chr7	789261	789605	LTR/ERVL-MaLR	1983	+	172	789433	30027
chr7	759406	959406	harbor1	chr7	807432	807596	LTR/ERVL-MaLR	2654	+	82	807514	48108
chr7	759406	959406	harbor1	chr7	807900	808108	LTR/ERVL-MaLR	2654	+	104	808004	48598
chr7	759406	959406	harbor1	chr7	809173	809327	LTR/ERVL-MaLR	1826	+	77	809250	49844
chr7	759406	959406	harbor1	chr7	809628	809645	LTR/ERVL-MaLR	1826	+	8	809636	50230
chr7	759406	959406	harbor1	chr7	809956	810119	LTR/ERVL-MaLR	1826	+	82	810038	50632
chr7	759406	959406	harbor1	chr7	810432	810499	LTR/ERVL-MaLR	1826	+	34	810466	51060
chr7	44753	244753	harbor1	chr7	79188	79615	LTR/ERVL-MaLR	1304	+	214	79402	34649
chr7	92154591	92354591	harbor1	chr7	92158066	92158205	LTR/ERVL-MaLR	562	+	70	92158136	3545
chr7	92154591	92354591	harbor1	chr7	92212374	92212740	LTR/ERVL-MaLR	1600	+	183	92212557	57966
chr7	92154591	92354591	harbor1	chr7	92253850	92254296	LTR/ERVL-MaLR	671	+	223	92254073	99482
chr7	109702072	109902072	harbor1	chr7	109709194	109709579	LTR/ERVL-MaLR	839	+	192	109709386	7314
chr7	109702072	109902072	harbor1	chr7	109733086	109733465	LTR/ERVL-MaLR	1451	+	190	109733276	31204
chr7	109702072	109902072	harbor1	chr7	109736557	109736980	LTR/ERVL-MaLR	1094	+	212	109736769	34697
chr7	109702072	109902072	harbor1	chr7	109752738	109753027	LTR/ERVL-MaLR	1342	+	144	109752882	50810
chr7	28930734	29130734	harbor1	chr7	28941373	28941690	LTR/ERVL-MaLR	1746	+	158	28941531	10797
chr7	28930734	29130734	harbor1	chr7	28946511	28946875	LTR/ERVL-MaLR	2043	+	182	28946693	15959
chr7	28930734	29130734	harbor1	chr7	28968407	28968905	LTR/ERVL-MaLR	1888	+	249	28968656	37922
chr7	28930734	29130734	harbor1	chr7	28977202	28977397	LTR/ERVL-MaLR	955	+	98	28977300	46566
chr7	28930734	29130734	harbor1	chr7	29012970	29013409	LTR/ERVL-MaLR	1205	+	220	29013190	82456
chr7	28930734	29130734	harbor1	chr7	29015298	29015701	LTR/ERVL-MaLR	2018	+	202	29015500	84766
chr7	115378752	115578752	harbor1	chr7	115380565	115380924	LTR/ERVL-MaLR	743	+	180	115380745	1993
chr7	115378752	115578752	harbor1	chr7	115422172	115422515	LTR/ERVL-MaLR	1074	+	172	115422344	43592
chr7	115378752	115578752	harbor1	chr7	115430726	115430793	LTR/ERVL-MaLR	2144	+	34	115430760	52008
chr7	115378752	115578752	harbor1	chr7	115431138	115431456	LTR/ERVL-MaLR	2144	+	159	115431297	52545
chr7	115378752	115578752	harbor1	chr7	115449680	115450057	LTR/ERVL-MaLR	2412	+	188	115449868	71116
chr7	115378752	115578752	harbor1	chr7	115451914	115452291	LTR/ERVL-MaLR	1989	+	188	115452102	73350
chr7	123012852	123212852	harbor1	chr7	123032696	123033056	LTR/ERVL-MaLR	2441	+	180	123032876	20024
chr7	123012852	123212852	harbor1	chr7	123054344	123054697	LTR/ERVL-MaLR	2268	+	176	123054520	41668
chr7	123012852	123212852	harbor1	chr7	123063406	123063503	LTR/ERVL-MaLR	568	+	48	123063454	50602
chr7	123012852	123212852	harbor1	chr7	123088967	123089335	LTR/ERVL-MaLR	1137	+	184	123089151	76299
chr7	123012852	123212852	harbor1	chr7	123090967	123091374	LTR/ERVL-MaLR	1951	+	204	123091171	78319
chr7	123012852	123212852	harbor1	chr7	123093248	123093660	LTR/ERVL-MaLR	1674	+	206	123093454	80602
chr7	123012852	123212852	harbor1	chr7	123027268	123027570	LTR/ERVL-MaLR	760	+	151	123027419	14567
chr7	123012852	123212852	harbor1	chr7	123076569	123076837	LTR/ERVL-MaLR	774	+	134	123076703	63851
chr7	140405165	140605165	harbor1	chr7	140469372	140469630	LTR/ERVL-MaLR	1974	+	129	140469501	64336
chr7	140405165	140605165	harbor1	chr7	140470233	140470302	LTR/ERVL-MaLR	1974	+	34	140470267	65102
chr7	140405165	140605165	harbor1	chr7	140470606	140470633	LTR/ERVL-MaLR	1974	+	14	140470620	65455
chr7	140405165	140605165	harbor1	chr7	140470934	140471099	LTR/ERVL-MaLR	1974	+	82	140471016	65851
chr7	140405165	140605165	harbor1	chr7	140501383	140501662	LTR/ERVL-MaLR	1386	+	140	140501523	96358
chr7	16965530	17165530	harbor1	chr7	16980261	16980471	LTR/ERVL-MaLR	573	+	105	16980366	14836
chr7	16965530	17165530	harbor1	chr7	16993005	16993884	LTR/ERVL-MaLR	2013	+	440	16993445	27915
chr7	16965530	17165530	harbor1	chr7	16993917	16994272	LTR/ERVL-MaLR	634	+	178	16994095	28565
chr7	16965530	17165530	harbor1	chr7	16994584	16994726	LTR/ERVL-MaLR	634	+	71	16994655	29125
chr7	16965530	17165530	harbor1	chr7	16995005	16995335	LTR/ERVL-MaLR	746	+	165	16995170	29640
chr7	16965530	17165530	harbor1	chr7	17045259	17045648	LTR/ERVL-MaLR	588	+	194	17045453	79923
chr7	16965530	17165530	harbor1	chr7	17054397	17054790	LTR/ERVL-MaLR	933	+	196	17054593	89063
chr7	16965530	17165530	harbor1	chr7	17062623	17062829	LTR/ERVL-MaLR	460	+	103	17062726	97196
chr7	16965530	17165530	harbor1	chr7	17062891	17063069	LTR/ERVL-MaLR	498	+	89	17062980	97450
chr7	122023517	122223517	harbor1	chr7	122062332	122062685	LTR/ERVL-MaLR	1802	+	176	122062508	38991
chr7	122023517	122223517	harbor1	chr7	122067021	122067535	LTR/ERVL-MaLR	1526	+	257	122067278	43761
chr7	122023517	122223517	harbor1	chr7	122084979	122085315	LTR/ERVL-MaLR	783	+	168	122085147	61630
chr7	51097805	51297805	harbor1	chr7	51101855	51102197	LTR/ERVL-MaLR	1440	+	171	51102026	4221
chr7	51097805	51297805	harbor1	chr7	51125115	51125471	LTR/ERVL-MaLR	1862	+	178	51125293	27488
chr7	144459680	144659680	harbor1	chr7	144461437	144461823	LTR/ERVL-MaLR	1835	+	193	144461630	1950
chr7	144459680	144659680	harbor1	chr7	144483095	144483606	LTR/ERVL-MaLR	2253	+	256	144483351	23671
chr7	144459680	144659680	harbor1	chr7	144503096	144503598	LTR/ERVL-MaLR	1028	+	251	144503347	43667
chr7	144459680	144659680	harbor1	chr7	144530990	144531519	LTR/ERVL-MaLR	2057	+	264	144531254	71574
chr7	144459680	144659680	harbor1	chr7	144546509	144546897	LTR/ERVL-MaLR	1903	+	194	144546703	87023
chr7	144459680	144659680	harbor1	chr7	144557788	144558197	LTR/ERVL-MaLR	2588	+	204	144557992	98312
chr7	45691810	45891810	harbor1	chr7	45716653	45717205	LTR/ERVL-MaLR	555	+	276	45716929	25119
chr7	45691810	45891810	harbor1	chr7	45784692	45785009	LTR/ERVL-MaLR	1487	+	158	45784850	93040
chr7	53726217	53926217	harbor1	chr7	53753241	53753624	LTR/ERVL-MaLR	1162	+	192	53753433	27216
chr7	53726217	53926217	harbor1	chr7	53753632	53754162	LTR/ERVL-MaLR	1609	+	265	53753897	27680
chr7	53726217	53926217	harbor1	chr7	53754477	53754954	LTR/ERVL-MaLR	2141	+	238	53754715	28498
chr7	53726217	53926217	harbor1	chr7	53754955	53755300	LTR/ERVL-MaLR	966	+	172	53755127	28910
chr7	53726217	53926217	harbor1	chr7	53761380	53761696	LTR/ERVL-MaLR	618	+	158	53761538	35321
chr7	53726217	53926217	harbor1	chr7	53774787	53775173	LTR/ERVL-MaLR	1901	+	193	53774980	48763
chr7	53726217	53926217	harbor1	chr7	53800849	53801206	LTR/ERVL-MaLR	1756	+	178	53801027	74810
chr7	53726217	53926217	harbor1	chr7	53815779	53816239	LTR/ERVL-MaLR	767	+	230	53816009	89792
chr7	53726217	53926217	harbor1	chr7	53819406	53819464	LTR/ERVL-MaLR	767	+	29	53819435	93218
chr7	27039437	27239437	harbor1	chr7	27065657	27066169	LTR/ERVL-MaLR	874	+	256	27065913	26476
chr7	27039437	27239437	harbor1	chr7	27082632	27082972	LTR/ERVL-MaLR	446	+	170	27082802	43365
chr7	60889279	61089279	harbor1	chr7	60986067	60986498	LTR/ERVL-MaLR	1786	+	216	60986283	97004
chr8	89082825	89282825	harbor1	chr8	89108568	89108921	LTR/ERVL-MaLR	1656	+	176	89108744	25919
chr8	89082825	89282825	harbor1	chr8	89111694	89112113	LTR/ERVL-MaLR	2437	+	210	89111904	29079
chr8	89082825	89282825	harbor1	chr8	89119153	89119556	LTR/ERVL-MaLR	2057	+	202	89119355	36530
chr8	89082825	89282825	harbor1	chr8	89119991	89120187	LTR/ERVL-MaLR	538	+	98	89120089	37264
chr8	89082825	89282825	harbor1	chr8	89153279	89153665	LTR/ERVL-MaLR	1913	+	193	89153472	70647
chr8	50105117	50305117	harbor1	chr8	50111218	50111637	LTR/ERVL-MaLR	726	+	210	50111428	6311
chr8	50105117	50305117	harbor1	chr8	50124015	50124390	LTR/ERVL-MaLR	2087	+	188	50124203	19086
chr8	50105117	50305117	harbor1	chr8	50185089	50185446	LTR/ERVL-MaLR	1762	+	178	50185267	80150
chr8	53052913	53252913	harbor1	chr8	53079589	53079946	LTR/ERVL-MaLR	2058	+	178	53079767	26854
chr8	53052913	53252913	harbor1	chr8	53079947	53080457	LTR/ERVL-MaLR	3402	+	255	53080202	27289
chr8	53052913	53252913	harbor1	chr8	53081872	53082951	LTR/ERVL-MaLR	7297	+	540	53082412	29499
chr8	53052913	53252913	harbor1	chr8	53082956	53083321	LTR/ERVL-MaLR	2254	+	182	53083138	30225
chr8	53052913	53252913	harbor1	chr8	53096213	53096579	LTR/ERVL-MaLR	1307	+	183	53096396	43483
chr8	53052913	53252913	harbor1	chr8	53125373	53125776	LTR/ERVL-MaLR	1358	+	202	53125575	72662
chr8	53052913	53252913	harbor1	chr8	53127418	53127903	LTR/ERVL-MaLR	1171	+	242	53127660	74747
chr8	80359532	80559532	harbor1	chr8	80359680	80360068	LTR/ERVL-MaLR	1843	+	194	80359874	342
chr8	7382295	7582295	harbor1	chr8	7383578	7383912	LTR/ERVL-MaLR	1513	+	167	7383745	1450
chr8	7382295	7582295	harbor1	chr8	7385871	7386225	LTR/ERVL-MaLR	1848	+	177	7386048	3753
chr8	7382295	7582295	harbor1	chr8	7399660	7400082	LTR/ERVL-MaLR	1390	+	211	7399871	17576
chr8	7382295	7582295	harbor1	chr8	7401408	7401819	LTR/ERVL-MaLR	1889	+	206	7401614	19319
chr8	7382295	7582295	harbor1	chr8	7401820	7402289	LTR/ERVL-MaLR	2307	+	234	7402054	19759
chr8	7382295	7582295	harbor1	chr8	7408177	7409327	LTR/ERVL-MaLR	5812	+	575	7408752	26457
chr8	7382295	7582295	harbor1	chr8	7409328	7409738	LTR/ERVL-MaLR	1670	+	205	7409533	27238
chr8	7382295	7582295	harbor1	chr8	7437275	7437886	LTR/ERVL-MaLR	1876	+	306	7437581	55286
chr8	7382295	7582295	harbor1	chr8	7479762	7480119	LTR/ERVL-MaLR	1983	+	178	7479940	97645
chr8	81144167	81344167	harbor1	chr8	81178197	81178671	LTR/ERVL-MaLR	678	+	237	81178434	34267
chr8	81144167	81344167	harbor1	chr8	81191023	81191494	LTR/ERVL-MaLR	2157	+	236	81191259	47092
chr8	81144167	81344167	harbor1	chr8	81212768	81213288	LTR/ERVL-MaLR	1840	+	260	81213028	68861
chr8	81144167	81344167	harbor1	chr8	81214072	81214424	LTR/ERVL-MaLR	1264	+	176	81214248	70081
chr8	81144167	81344167	harbor1	chr8	81227526	81227844	LTR/ERVL-MaLR	663	+	159	81227685	83518
chr8	81144167	81344167	harbor1	chr8	81230067	81230474	LTR/ERVL-MaLR	974	+	204	81230271	86104
chr8	143157069	143357069	harbor1	chr8	143170441	143170934	LTR/ERVL-MaLR	759	+	246	143170687	13618
chr8	143157069	143357069	harbor1	chr8	143171995	143172338	LTR/ERVL-MaLR	674	+	172	143172167	15098
chr8	143157069	143357069	harbor1	chr8	143172639	143172695	LTR/ERVL-MaLR	674	+	28	143172667	15598
chr8	143157069	143357069	harbor1	chr8	143189114	143189430	LTR/ERVL-MaLR	788	+	158	143189272	32203
chr8	143157069	143357069	harbor1	chr8	143203926	143204283	LTR/ERVL-MaLR	2568	+	178	143204104	47035
chr8	143157069	143357069	harbor1	chr8	143216946	143217196	LTR/ERVL-MaLR	627	+	125	143217071	60002
chr8	143157069	143357069	harbor1	chr8	143245688	143245933	LTR/ERVL-MaLR	592	+	122	143245810	88741
chr8	143157069	143357069	harbor1	chr8	143253651	143253836	LTR/ERVL-MaLR	1030	+	92	143253743	96674
chr8	143157069	143357069	harbor1	chr8	143254146	143254315	LTR/ERVL-MaLR	1030	+	84	143254230	97161
chr8	95873295	96073295	harbor1	chr8	95917288	95917476	LTR/ERVL-MaLR	405	+	94	95917382	44087
chr8	95873295	96073295	harbor1	chr8	95917499	95917646	LTR/ERVL-MaLR	485	+	74	95917573	44278
chr8	95873295	96073295	harbor1	chr8	95956956	95957148	LTR/ERVL-MaLR	2080	+	96	95957052	83757
chr8	95873295	96073295	harbor1	chr8	95957190	95957418	LTR/ERVL-MaLR	2080	+	114	95957304	84009
chr8	95873295	96073295	harbor1	chr8	95957469	95957816	LTR/ERVL-MaLR	1400	+	174	95957643	84348
chr8	95873295	96073295	harbor1	chr8	95957808	95958340	LTR/ERVL-MaLR	1380	+	266	95958074	84779
chr8	68305416	68505416	harbor1	chr8	68341502	68341900	LTR/ERVL-MaLR	2070	+	199	68341701	36285
chr8	68305416	68505416	harbor1	chr8	68396531	68396967	LTR/ERVL-MaLR	2280	+	218	68396749	91333
chr8	108673175	108873175	harbor1	chr8	108754357	108754594	LTR/ERVL-MaLR	1286	+	118	108754475	81300
chr8	108673175	108873175	harbor1	chr8	108755123	108755436	LTR/ERVL-MaLR	1286	+	156	108755279	82104
chr8	106608567	106808567	harbor1	chr8	106672630	106673006	LTR/ERVL-MaLR	2253	+	188	106672818	64251
chr8	106608567	106808567	harbor1	chr8	106673009	106674616	LTR/ERVL-MaLR	10477	+	804	106673813	65246
chr8	106608567	106808567	harbor1	chr8	106674617	106674985	LTR/ERVL-MaLR	2215	+	184	106674801	66234
chr8	101353816	101553816	harbor1	chr8	101375438	101375877	LTR/ERVL-MaLR	1280	+	220	101375658	21842
chr8	101353816	101553816	harbor1	chr8	101449347	101449937	LTR/ERVL-MaLR	823	+	295	101449642	95826
chr8	42581424	42781424	harbor1	chr8	42591693	42591924	LTR/ERVL-MaLR	399	+	116	42591809	10385
chr8	42581424	42781424	harbor1	chr8	42679953	42680128	LTR/ERVL-MaLR	2046	+	88	42680041	98617
chr8	42581424	42781424	harbor1	chr8	42680422	42680634	LTR/ERVL-MaLR	2046	+	106	42680528	99104
chr8	123333555	123533555	harbor1	chr8	123341631	123341775	LTR/ERVL-MaLR	703	+	72	123341703	8148
chr8	123333555	123533555	harbor1	chr8	123406871	123407318	LTR/ERVL-MaLR	1765	+	224	123407095	73540
chr8	123333555	123533555	harbor1	chr8	123411858	123412291	LTR/ERVL-MaLR	747	+	216	123412074	78519
chr8	50252282	50452282	harbor1	chr8	50271802	50272162	LTR/ERVL-MaLR	1618	+	180	50271982	19700
chr8	50252282	50452282	harbor1	chr8	50302608	50302853	LTR/ERVL-MaLR	687	+	122	50302730	50448
chr8	50252282	50452282	harbor1	chr8	50304017	50304397	LTR/ERVL-MaLR	1378	+	190	50304207	51925
chr8	50252282	50452282	harbor1	chr8	50330060	50330417	LTR/ERVL-MaLR	2279	+	178	50330238	77956
chr8	50252282	50452282	harbor1	chr8	50334242	50334393	LTR/ERVL-MaLR	576	+	76	50334318	82036
chr8	50252282	50452282	harbor1	chr8	50344772	50345161	LTR/ERVL-MaLR	1616	+	194	50344966	92684
chr8	31986489	32186489	harbor1	chr8	31993367	31993724	LTR/ERVL-MaLR	2023	+	178	31993545	7056
chr8	31986489	32186489	harbor1	chr8	32001165	32001524	LTR/ERVL-MaLR	2501	+	180	32001345	14856
chr8	31986489	32186489	harbor1	chr8	32006481	32006958	LTR/ERVL-MaLR	1806	+	238	32006719	20230
chr8	31986489	32186489	harbor1	chr8	32014687	32015142	LTR/ERVL-MaLR	2018	+	228	32014915	28426
chr8	31986489	32186489	harbor1	chr8	32078099	32078494	LTR/ERVL-MaLR	2005	+	198	32078297	91808
chr8	1827674	2027674	harbor1	chr8	1836713	1837066	LTR/ERVL-MaLR	2884	+	176	1836889	9215
chr8	16596200	16796200	harbor1	chr8	16602992	16603460	LTR/ERVL-MaLR	1764	+	234	16603226	7026
chr8	16596200	16796200	harbor1	chr8	16635263	16635626	LTR/ERVL-MaLR	1351	+	182	16635445	39245
chr8	16596200	16796200	harbor1	chr8	16664407	16664622	LTR/ERVL-MaLR	2053	+	108	16664515	68315
chr8	16596200	16796200	harbor1	chr8	16664933	16665317	LTR/ERVL-MaLR	2053	+	192	16665125	68925
chr8	28650580	28850580	harbor1	chr8	28672797	28673140	LTR/ERVL-MaLR	2306	+	172	28672969	22389
chr8	28650580	28850580	harbor1	chr8	28678305	28678716	LTR/ERVL-MaLR	2686	+	206	28678511	27931
chr8	28650580	28850580	harbor1	chr8	28697228	28697408	LTR/ERVL-MaLR	589	+	90	28697318	46738
chr8	93366430	93566430	harbor1	chr8	93447075	93447530	LTR/ERVL-MaLR	1965	+	228	93447303	80873
chr8	93366430	93566430	harbor1	chr8	93448601	93448953	LTR/ERVL-MaLR	1833	+	176	93448777	82347
chr8	93366430	93566430	harbor1	chr8	93450715	93451095	LTR/ERVL-MaLR	1995	+	190	93450905	84475
chr8	38279257	38479257	harbor1	chr8	38285993	38286607	LTR/ERVL-MaLR	1187	+	307	38286300	7043
chr8	38279257	38479257	harbor1	chr8	38312481	38312890	LTR/ERVL-MaLR	2449	+	204	38312685	33428
chr8	38279257	38479257	harbor1	chr8	38363232	38363361	LTR/ERVL-MaLR	1170	+	64	38363296	84039
chr8	38279257	38479257	harbor1	chr8	38363664	38363845	LTR/ERVL-MaLR	1170	+	90	38363754	84497
chr8	60985163	61185163	harbor1	chr8	61026045	61026430	LTR/ERVL-MaLR	2103	+	192	61026237	41074
chr8	60985163	61185163	harbor1	chr8	61053566	61054057	LTR/ERVL-MaLR	817	+	246	61053812	68649
chr8	18746100	18946100	harbor1	chr8	18749444	18750122	LTR/ERVL-MaLR	1761	+	339	18749783	3683
chr8	18746100	18946100	harbor1	chr8	18762070	18762484	LTR/ERVL-MaLR	2316	+	207	18762277	16177
chr8	105818874	106018874	harbor1	chr8	105835088	105835482	LTR/ERVL-MaLR	1869	+	197	105835285	16411
chr8	105818874	106018874	harbor1	chr8	105838921	105839269	LTR/ERVL-MaLR	2075	+	174	105839095	20221
chr8	105818874	106018874	harbor1	chr8	105846600	105846731	LTR/ERVL-MaLR	446	+	66	105846666	27792
chr8	105818874	106018874	harbor1	chr8	105878598	105878720	LTR/ERVL-MaLR	465	+	61	105878659	59785
chr8	105818874	106018874	harbor1	chr8	105879130	105879222	LTR/ERVL-MaLR	560	+	46	105879176	60302
chr8	105818874	106018874	harbor1	chr8	105908821	105908843	LTR/ERVL-MaLR	1694	+	11	105908832	89958
chr8	105818874	106018874	harbor1	chr8	105909215	105909569	LTR/ERVL-MaLR	1694	+	177	105909392	90518
chr8	105818874	106018874	harbor1	chr8	105917433	105917810	LTR/ERVL-MaLR	2634	+	188	105917621	98747
chr8	105818874	106018874	harbor1	chr8	105917814	105919300	LTR/ERVL-MaLR	9611	+	743	105918557	99683
chr8	107532019	107732019	harbor1	chr8	107537485	107537661	LTR/ERVL-MaLR	1529	+	88	107537573	5554
chr8	107532019	107732019	harbor1	chr8	107537747	107537949	LTR/ERVL-MaLR	1529	+	101	107537848	5829
chr8	107532019	107732019	harbor1	chr8	107610239	107610609	LTR/ERVL-MaLR	1145	+	185	107610424	78405
chr8	107532019	107732019	harbor1	chr8	107620260	107620657	LTR/ERVL-MaLR	1900	+	198	107620458	88439
chr8	107532019	107732019	harbor1	chr8	107627021	107627370	LTR/ERVL-MaLR	1637	+	174	107627195	95176
chr8	107532019	107732019	harbor1	chr8	107628318	107628755	LTR/ERVL-MaLR	1682	+	218	107628536	96517
chr8	88035418	88235418	harbor1	chr8	88079645	88079998	LTR/ERVL-MaLR	1662	+	176	88079821	44403
chr8	88035418	88235418	harbor1	chr8	88122723	88123138	LTR/ERVL-MaLR	1034	+	208	88122931	87513
chr8	48081195	48281195	harbor1	chr8	48119057	48119279	LTR/ERVL-MaLR	1244	+	111	48119168	37973
chr8	48081195	48281195	harbor1	chr8	48137122	48137254	LTR/ERVL-MaLR	433	+	66	48137188	55993
chr8	48081195	48281195	harbor1	chr8	48143330	48143731	LTR/ERVL-MaLR	1664	+	200	48143530	62335
chr8	7808019	8008019	harbor1	chr8	7830073	7830448	LTR/ERVL-MaLR	1510	+	188	7830261	22242
chr8	7808019	8008019	harbor1	chr8	7900569	7901075	LTR/ERVL-MaLR	1103	+	253	7900822	92803
chr8	60037889	60237889	harbor1	chr8	60044745	60045126	LTR/ERVL-MaLR	1734	+	190	60044935	7046
chr8	60037889	60237889	harbor1	chr8	60101299	60101800	LTR/ERVL-MaLR	545	+	250	60101549	63660
chr8	60037889	60237889	harbor1	chr8	60063729	60064084	LTR/ERVL-MaLR	1220	+	178	60063907	26018
chr8	131035135	131235135	harbor1	chr8	131049014	131049549	LTR/ERVL-MaLR	1820	+	268	131049282	14147
chr8	131035135	131235135	harbor1	chr8	131075239	131075601	LTR/ERVL-MaLR	1884	+	181	131075420	40285
chr8	131035135	131235135	harbor1	chr8	131083966	131084084	LTR/ERVL-MaLR	425	+	59	131084025	48890
chr8	131035135	131235135	harbor1	chr8	131085750	131086149	LTR/ERVL-MaLR	1560	+	200	131085950	50815
chr8	131035135	131235135	harbor1	chr8	131092269	131092497	LTR/ERVL-MaLR	445	+	114	131092383	57248
chr8	131035135	131235135	harbor1	chr8	131094994	131095226	LTR/ERVL-MaLR	1098	+	116	131095110	59975
chr8	131035135	131235135	harbor1	chr8	131095538	131095719	LTR/ERVL-MaLR	1098	+	90	131095628	60493
chr8	131035135	131235135	harbor1	chr8	131096933	131097293	LTR/ERVL-MaLR	2257	+	180	131097113	61978
chr8	131035135	131235135	harbor1	chr8	131104797	131105162	LTR/ERVL-MaLR	2183	+	182	131104979	69844
chr8	131035135	131235135	harbor1	chr8	131055555	131055934	LTR/ERVL-MaLR	741	+	190	131055745	20610
chr8	22798847	22998847	harbor1	chr8	22832179	22832533	LTR/ERVL-MaLR	1362	+	177	22832356	33509
chr8	22798847	22998847	harbor1	chr8	22834772	22834939	LTR/ERVL-MaLR	404	+	84	22834856	36009
chr8	22798847	22998847	harbor1	chr8	22897789	22898110	LTR/ERVL-MaLR	1728	+	160	22897949	99102
chr8	22798847	22998847	harbor1	chr8	22898422	22898477	LTR/ERVL-MaLR	1728	+	28	22898450	99603
chr8	1909559	2109559	harbor1	chr8	1965468	1965687	LTR/ERVL-MaLR	920	+	110	1965578	56019
chr8	26034626	26234626	harbor1	chr8	26066170	26066518	LTR/ERVL-MaLR	2147	+	174	26066344	31718
chr8	26034626	26234626	harbor1	chr8	26068719	26069183	LTR/ERVL-MaLR	1869	+	232	26068951	34325
chr8	26034626	26234626	harbor1	chr8	26096111	26096562	LTR/ERVL-MaLR	1195	+	226	26096337	61711
chr8	26034626	26234626	harbor1	chr8	26096597	26096679	LTR/ERVL-MaLR	1462	+	41	26096638	62012
chr8	26034626	26234626	harbor1	chr8	26096953	26097603	LTR/ERVL-MaLR	1462	+	325	26097278	62652
chr8	26034626	26234626	harbor1	chr8	26099737	26100095	LTR/ERVL-MaLR	2497	+	179	26099916	65290
chr8	26034626	26234626	harbor1	chr8	26107966	26108131	LTR/ERVL-MaLR	2050	+	82	26108048	73422
chr8	26034626	26234626	harbor1	chr8	26108415	26108614	LTR/ERVL-MaLR	2050	+	100	26108515	73889
chr8	26034626	26234626	harbor1	chr8	26114575	26114787	LTR/ERVL-MaLR	410	+	106	26114681	80055
chr8	26034626	26234626	harbor1	chr8	26114992	26115161	LTR/ERVL-MaLR	1946	+	84	26115076	80450
chr8	26034626	26234626	harbor1	chr8	26115446	26115700	LTR/ERVL-MaLR	1946	+	127	26115573	80947
chr8	26034626	26234626	harbor1	chr8	26116697	26117216	LTR/ERVL-MaLR	1594	+	260	26116957	82331
chr8	26034626	26234626	harbor1	chr8	26129829	26130628	LTR/ERVL-MaLR	2463	+	400	26130229	95603
chr8	26034626	26234626	harbor1	chr8	26130632	26130998	LTR/ERVL-MaLR	1775	+	183	26130815	96189
chr8	26034626	26234626	harbor1	chr8	26066905	26067286	LTR/ERVL-MaLR	1779	+	190	26067095	32469
chr8	83160013	83360013	harbor1	chr8	83167449	83167820	LTR/ERVL-MaLR	1687	+	186	83167635	7622
chr8	83160013	83360013	harbor1	chr8	83169419	83169815	LTR/ERVL-MaLR	1687	+	198	83169617	9604
chr8	83160013	83360013	harbor1	chr8	83188389	83188786	LTR/ERVL-MaLR	1395	+	198	83188587	28574
chr8	83160013	83360013	harbor1	chr8	83203359	83203716	LTR/ERVL-MaLR	1961	+	178	83203537	43524
chr8	83160013	83360013	harbor1	chr8	83203717	83205301	LTR/ERVL-MaLR	11419	+	792	83204509	44496
chr8	83160013	83360013	harbor1	chr8	83205304	83205659	LTR/ERVL-MaLR	2215	+	178	83205482	45469
chr8	83160013	83360013	harbor1	chr8	83212881	83213043	LTR/ERVL-MaLR	609	+	81	83212962	52949
chr8	83160013	83360013	harbor1	chr8	83240219	83240628	LTR/ERVL-MaLR	1663	+	204	83240423	80410
chr8	83160013	83360013	harbor1	chr8	83181562	83181868	LTR/ERVL-MaLR	1425	+	153	83181715	21702
chr8	43308959	43508959	harbor1	chr8	43336724	43337085	LTR/ERVL-MaLR	2099	+	180	43336904	27945
chr8	43308959	43508959	harbor1	chr8	43337086	43337892	LTR/ERVL-MaLR	5128	+	403	43337489	28530
chr8	43308959	43508959	harbor1	chr8	43337903	43337963	LTR/ERVL-MaLR	476	+	30	43337933	28974
chr8	42021343	42221343	harbor1	chr8	42089216	42089571	LTR/ERVL-MaLR	1790	+	178	42089394	68051
chr8	42021343	42221343	harbor1	chr8	42094099	42094543	LTR/ERVL-MaLR	1088	+	222	42094321	72978
chr8	42021343	42221343	harbor1	chr8	42094844	42094922	LTR/ERVL-MaLR	1088	+	39	42094883	73540
chr8	42021343	42221343	harbor1	chr8	42118645	42119136	LTR/ERVL-MaLR	699	+	246	42118891	97548
chr8	53733167	53933167	harbor1	chr8	53799636	53799994	LTR/ERVL-MaLR	2158	+	179	53799815	66648
chr8	132702980	132902980	harbor1	chr8	132705886	132706238	LTR/ERVL-MaLR	1309	+	176	132706062	3082
chr8	132702980	132902980	harbor1	chr8	132707376	132707767	LTR/ERVL-MaLR	1983	+	196	132707572	4592
chr8	132702980	132902980	harbor1	chr8	132708621	132709025	LTR/ERVL-MaLR	1280	+	202	132708823	5843
chr8	132702980	132902980	harbor1	chr8	132709394	132709863	LTR/ERVL-MaLR	1902	+	234	132709628	6648
chr8	132702980	132902980	harbor1	chr8	132749385	132749728	LTR/ERVL-MaLR	609	+	172	132749557	46577
chr8	132702980	132902980	harbor1	chr8	132761649	132762123	LTR/ERVL-MaLR	1322	+	237	132761886	58906
chr8	132702980	132902980	harbor1	chr8	132769482	132769837	LTR/ERVL-MaLR	1566	+	178	132769660	66680
chr8	132702980	132902980	harbor1	chr8	132770265	132770511	LTR/ERVL-MaLR	422	+	123	132770388	67408
chr8	92738631	92938631	harbor1	chr8	92743930	92744264	LTR/ERVL-MaLR	597	+	167	92744097	5466
chr8	92738631	92938631	harbor1	chr8	92747327	92747799	LTR/ERVL-MaLR	1034	+	236	92747563	8932
chr8	92738631	92938631	harbor1	chr8	92789038	92789309	LTR/ERVL-MaLR	1714	+	136	92789174	50543
chr8	92738631	92938631	harbor1	chr8	92799360	92799733	LTR/ERVL-MaLR	2585	+	186	92799546	60915
chr8	92738631	92938631	harbor1	chr8	92804867	92805329	LTR/ERVL-MaLR	1153	+	231	92805098	66467
chr8	92738631	92938631	harbor1	chr8	92835110	92835486	LTR/ERVL-MaLR	1994	+	188	92835298	96667
chr8	4797392	4997392	harbor1	chr8	4852199	4852575	LTR/ERVL-MaLR	1589	+	188	4852387	54995
chr8	4797392	4997392	harbor1	chr8	4852576	4854215	LTR/ERVL-MaLR	8098	+	820	4853396	56004
chr8	4797392	4997392	harbor1	chr8	4854217	4854398	LTR/ERVL-MaLR	787	+	90	4854307	56915
chr8	4797392	4997392	harbor1	chr8	4860420	4860662	LTR/ERVL-MaLR	1296	+	121	4860541	63149
chr8	4797392	4997392	harbor1	chr8	4872275	4872648	LTR/ERVL-MaLR	2080	+	186	4872461	75069
chr8	85103874	85303874	harbor1	chr8	85161007	85161391	LTR/ERVL-MaLR	1666	+	192	85161199	57325
chr8	85103874	85303874	harbor1	chr8	85175097	85175445	LTR/ERVL-MaLR	992	+	174	85175271	71397
chr8	85103874	85303874	harbor1	chr8	85183777	85184056	LTR/ERVL-MaLR	1190	+	140	85183917	80043
chr8	85103874	85303874	harbor1	chr8	85190363	85190491	LTR/ERVL-MaLR	1584	+	64	85190427	86553
chr8	85103874	85303874	harbor1	chr8	85190804	85191110	LTR/ERVL-MaLR	1584	+	153	85190957	87083
chr8	85103874	85303874	harbor1	chr8	85191564	85191636	LTR/ERVL-MaLR	1584	+	36	85191600	87726
chr8	13809575	14009575	harbor1	chr8	13843903	13844064	LTR/ERVL-MaLR	630	+	80	13843983	34408
chr8	13809575	14009575	harbor1	chr8	13846218	13846572	LTR/ERVL-MaLR	2248	+	177	13846395	36820
chr8	135899	335899	harbor1	chr8	178589	178829	LTR/ERVL-MaLR	1131	+	120	178709	42810
chr8	135899	335899	harbor1	chr8	181112	181388	LTR/ERVL-MaLR	1131	+	138	181250	45351
chr8	135899	335899	harbor1	chr8	185064	185473	LTR/ERVL-MaLR	1129	+	204	185268	49369
chr8	135899	335899	harbor1	chr8	188973	189462	LTR/ERVL-MaLR	1893	+	244	189217	53318
chr8	135899	335899	harbor1	chr8	215768	216169	LTR/ERVL-MaLR	1738	+	200	215968	80069
chr8	99385586	99585586	harbor1	chr8	99419022	99419413	LTR/ERVL-MaLR	2018	+	196	99419218	33632
chr8	99385586	99585586	harbor1	chr8	99462649	99463015	LTR/ERVL-MaLR	1114	+	183	99462832	77246
chr8	99385586	99585586	harbor1	chr8	99469670	99470128	LTR/ERVL-MaLR	1688	+	229	99469899	84313
chr8	99385586	99585586	harbor1	chr8	99434257	99434511	LTR/ERVL-MaLR	863	+	127	99434384	48798
chr8	70724956	70924956	harbor1	chr8	70741180	70741471	LTR/ERVL-MaLR	814	+	146	70741326	16370
chr8	70724956	70924956	harbor1	chr8	70746691	70746772	LTR/ERVL-MaLR	2527	+	40	70746731	21775
chr8	70724956	70924956	harbor1	chr8	70747350	70747691	LTR/ERVL-MaLR	2527	+	170	70747520	22564
chr8	70724956	70924956	harbor1	chr8	70780539	70780750	LTR/ERVL-MaLR	970	+	106	70780645	55689
chr8	70724956	70924956	harbor1	chr8	70791394	70791795	LTR/ERVL-MaLR	1388	+	200	70791594	66638
chr8	70724956	70924956	harbor1	chr8	70792785	70793011	LTR/ERVL-MaLR	1016	+	113	70792898	67942
chr8	70724956	70924956	harbor1	chr8	70793214	70793635	LTR/ERVL-MaLR	2667	+	210	70793424	68468
chr8	102866764	103066764	harbor1	chr8	102870141	102870500	LTR/ERVL-MaLR	1950	+	180	102870321	3557
chr8	102866764	103066764	harbor1	chr8	102878911	102879276	LTR/ERVL-MaLR	2325	+	182	102879093	12329
chr8	102866764	103066764	harbor1	chr8	102879603	102879661	LTR/ERVL-MaLR	2325	+	29	102879632	12868
chr8	102866764	103066764	harbor1	chr8	102879686	102880046	LTR/ERVL-MaLR	1841	+	180	102879866	13102
chr8	102866764	103066764	harbor1	chr8	102925665	102926087	LTR/ERVL-MaLR	1075	+	211	102925876	59112
chr8	102866764	103066764	harbor1	chr8	102926392	102926435	LTR/ERVL-MaLR	1075	+	22	102926414	59650
chr8	102866764	103066764	harbor1	chr8	102929540	102929659	LTR/ERVL-MaLR	406	+	60	102929600	62836
chr8	102866764	103066764	harbor1	chr8	102934219	102934329	LTR/ERVL-MaLR	766	+	55	102934274	67510
chr8	102866764	103066764	harbor1	chr8	102935097	102935213	LTR/ERVL-MaLR	712	+	58	102935155	68391
chr8	102866764	103066764	harbor1	chr8	102935868	102936171	LTR/ERVL-MaLR	454	+	152	102936020	69256
chr8	74941451	75141451	harbor1	chr8	74956222	74956627	LTR/ERVL-MaLR	898	+	202	74956424	14973
chr8	132045470	132245470	harbor1	chr8	132047835	132048216	LTR/ERVL-MaLR	1723	+	190	132048025	2555
chr8	132045470	132245470	harbor1	chr8	132092159	132092385	LTR/ERVL-MaLR	1060	+	113	132092272	46802
chr8	132045470	132245470	harbor1	chr8	132092386	132092799	LTR/ERVL-MaLR	2841	+	206	132092592	47122
chr8	132045470	132245470	harbor1	chr8	132092800	132093069	LTR/ERVL-MaLR	1060	+	134	132092934	47464
chr8	132045470	132245470	harbor1	chr8	132118534	132119073	LTR/ERVL-MaLR	1906	+	270	132118804	73334
chr8	132045470	132245470	harbor1	chr8	132120696	132120792	LTR/ERVL-MaLR	410	+	48	132120744	75274
chr8	132045470	132245470	harbor1	chr8	132120460	132120582	LTR/ERVL-MaLR	412	+	61	132120521	75051
chr8	2123549	2323549	harbor1	chr8	2155042	2155420	LTR/ERVL-MaLR	2162	+	189	2155231	31682
chr8	2123549	2323549	harbor1	chr8	2208930	2209254	LTR/ERVL-MaLR	520	+	162	2209092	85543
chr8	2123549	2323549	harbor1	chr8	2212011	2212242	LTR/ERVL-MaLR	1142	+	116	2212127	88578
chr8	2123549	2323549	harbor1	chr8	2212270	2212423	LTR/ERVL-MaLR	586	+	76	2212346	88797
chr8	57760947	57960947	harbor1	chr8	57776632	57776968	LTR/ERVL-MaLR	2037	+	168	57776800	15853
chr8	57760947	57960947	harbor1	chr8	57776980	57778496	LTR/ERVL-MaLR	10242	+	758	57777738	16791
chr8	57760947	57960947	harbor1	chr8	57778497	57778869	LTR/ERVL-MaLR	2353	+	186	57778683	17736
chr8	57760947	57960947	harbor1	chr8	57787254	57787607	LTR/ERVL-MaLR	2688	+	176	57787430	26483
chr8	57760947	57960947	harbor1	chr8	57831080	57831295	LTR/ERVL-MaLR	869	+	108	57831188	70241
chr8	57760947	57960947	harbor1	chr8	57831295	57831782	LTR/ERVL-MaLR	1299	+	244	57831539	70592
chr8	57760947	57960947	harbor1	chr8	57831855	57832047	LTR/ERVL-MaLR	735	+	96	57831951	71004
chr8	57760947	57960947	harbor1	chr8	57832364	57832437	LTR/ERVL-MaLR	735	+	36	57832400	71453
chr8	57760947	57960947	harbor1	chr8	57856633	57856968	LTR/ERVL-MaLR	1572	+	168	57856801	95854
chr8	9154827	9354827	harbor1	chr8	9193447	9193843	LTR/ERVL-MaLR	1484	+	198	9193645	38818
chr8	9154827	9354827	harbor1	chr8	9206561	9207102	LTR/ERVL-MaLR	1634	+	270	9206831	52004
chr8	9154827	9354827	harbor1	chr8	9214040	9214091	LTR/ERVL-MaLR	1866	+	26	9214066	59239
chr8	9154827	9354827	harbor1	chr8	9214393	9214772	LTR/ERVL-MaLR	1866	+	190	9214583	59756
chr8	9154827	9354827	harbor1	chr8	9215615	9215983	LTR/ERVL-MaLR	787	+	184	9215799	60972
chr8	9154827	9354827	harbor1	chr8	9229558	9229938	LTR/ERVL-MaLR	1947	+	190	9229748	74921
chr8	22160717	22360717	harbor1	chr8	22218916	22218960	LTR/ERVL-MaLR	702	+	22	22218938	58221
chr8	22160717	22360717	harbor1	chr8	22219270	22219390	LTR/ERVL-MaLR	702	+	60	22219330	58613
chr8	22160717	22360717	harbor1	chr8	22219538	22219713	LTR/ERVL-MaLR	730	+	88	22219626	58909
chr8	22160717	22360717	harbor1	chr8	22259064	22259257	LTR/ERVL-MaLR	585	+	96	22259160	98443
chr8	22160717	22360717	harbor1	chr8	22259258	22259623	LTR/ERVL-MaLR	1797	+	182	22259440	98723
chr8	22160717	22360717	harbor1	chr8	22259624	22259651	LTR/ERVL-MaLR	585	+	14	22259638	98921
chr8	90525	290525	harbor1	chr8	100635	100805	LTR/ERVL-MaLR	496	+	85	100720	10195
chr8	90525	290525	harbor1	chr8	104442	104904	LTR/ERVL-MaLR	1646	+	231	104673	14148
chr8	90525	290525	harbor1	chr8	110440	110485	LTR/ERVL-MaLR	560	+	22	110462	19937
chr8	90525	290525	harbor1	chr8	110797	110860	LTR/ERVL-MaLR	560	+	32	110829	20304
chr8	90525	290525	harbor1	chr8	121979	122136	LTR/ERVL-MaLR	598	+	78	122057	31532
chr8	90525	290525	harbor1	chr8	127672	127820	LTR/ERVL-MaLR	2073	+	74	127746	37221
chr8	90525	290525	harbor1	chr8	128113	128363	LTR/ERVL-MaLR	2073	+	125	128238	37713
chr8	90525	290525	harbor1	chr8	128398	128416	LTR/ERVL-MaLR	2073	+	9	128407	37882
chr8	90525	290525	harbor1	chr8	178589	178829	LTR/ERVL-MaLR	1131	+	120	178709	88184
chr8	90525	290525	harbor1	chr8	181112	181388	LTR/ERVL-MaLR	1131	+	138	181250	90725
chr8	90525	290525	harbor1	chr8	185064	185473	LTR/ERVL-MaLR	1129	+	204	185268	94743
chr8	90525	290525	harbor1	chr8	188973	189462	LTR/ERVL-MaLR	1893	+	244	189217	98692
chr8	116564836	116764836	harbor1	chr8	116571462	116571868	LTR/ERVL-MaLR	772	+	203	116571665	6829
chr8	116564836	116764836	harbor1	chr8	116574976	116575180	LTR/ERVL-MaLR	660	+	102	116575078	10242
chr8	116564836	116764836	harbor1	chr8	116585688	116585904	LTR/ERVL-MaLR	628	+	108	116585796	20960
chr8	116564836	116764836	harbor1	chr8	116593441	116593857	LTR/ERVL-MaLR	1997	+	208	116593649	28813
chr8	116564836	116764836	harbor1	chr8	116595019	116595190	LTR/ERVL-MaLR	1575	+	86	116595105	30269
chr8	116564836	116764836	harbor1	chr8	116595482	116595713	LTR/ERVL-MaLR	1575	+	116	116595598	30762
chr8	116564836	116764836	harbor1	chr8	116622173	116622428	LTR/ERVL-MaLR	562	+	128	116622301	57465
chr8	116564836	116764836	harbor1	chr8	116622642	116622821	LTR/ERVL-MaLR	1254	+	90	116622732	57896
chr8	116564836	116764836	harbor1	chr8	116622928	116623121	LTR/ERVL-MaLR	1211	+	96	116623024	58188
chr8	116564836	116764836	harbor1	chr8	116626092	116626455	LTR/ERVL-MaLR	1228	+	182	116626274	61438
chr8	116564836	116764836	harbor1	chr8	116604895	116605240	LTR/ERVL-MaLR	1702	+	172	116605067	40231
chr8	81184443	81384443	harbor1	chr8	81191023	81191494	LTR/ERVL-MaLR	2157	+	236	81191259	6816
chr8	81184443	81384443	harbor1	chr8	81212768	81213288	LTR/ERVL-MaLR	1840	+	260	81213028	28585
chr8	81184443	81384443	harbor1	chr8	81214072	81214424	LTR/ERVL-MaLR	1264	+	176	81214248	29805
chr8	81184443	81384443	harbor1	chr8	81227526	81227844	LTR/ERVL-MaLR	663	+	159	81227685	43242
chr8	81184443	81384443	harbor1	chr8	81230067	81230474	LTR/ERVL-MaLR	974	+	204	81230271	45828
chr8	2061796	2261796	harbor1	chr8	2155042	2155420	LTR/ERVL-MaLR	2162	+	189	2155231	93435
chr8	31463973	31663973	harbor1	chr8	31469205	31469371	LTR/ERVL-MaLR	639	+	83	31469288	5315
chr8	31463973	31663973	harbor1	chr8	31539646	31540006	LTR/ERVL-MaLR	2383	+	180	31539826	75853
chr8	31463973	31663973	harbor1	chr8	31551138	31551496	LTR/ERVL-MaLR	2554	+	179	31551317	87344
chr8	55984809	56184809	harbor1	chr8	56018376	56018756	LTR/ERVL-MaLR	1527	+	190	56018566	33757
chr8	55984809	56184809	harbor1	chr8	56060982	56061394	LTR/ERVL-MaLR	2623	+	206	56061188	76379
chr8	55984809	56184809	harbor1	chr8	56081377	56081916	LTR/ERVL-MaLR	1769	+	270	56081647	96838
chr8	96218124	96418124	harbor1	chr8	96218022	96218362	LTR/ERVL-MaLR	2119	+	170	96218192	68
chr8	96218124	96418124	harbor1	chr8	96219193	96219304	LTR/ERVL-MaLR	720	+	56	96219249	1125
chr8	96218124	96418124	harbor1	chr8	96220194	96220639	LTR/ERVL-MaLR	1171	+	222	96220416	2292
chr8	96218124	96418124	harbor1	chr8	96237735	96238090	LTR/ERVL-MaLR	710	+	178	96237913	19789
chr8	96218124	96418124	harbor1	chr8	96251887	96252228	LTR/ERVL-MaLR	2206	+	170	96252057	33933
chr8	140009245	140209245	harbor1	chr8	140078921	140079291	LTR/ERVL-MaLR	2890	+	185	140079106	69861
chr8	121835500	122035500	harbor1	chr8	121836739	121837115	LTR/ERVL-MaLR	2227	+	188	121836927	1427
chr8	121835500	122035500	harbor1	chr8	121841022	121841398	LTR/ERVL-MaLR	2668	+	188	121841210	5710
chr8	121835500	122035500	harbor1	chr8	121841401	121843043	LTR/ERVL-MaLR	10412	+	821	121842222	6722
chr8	121835500	122035500	harbor1	chr8	121843044	121843420	LTR/ERVL-MaLR	2799	+	188	121843232	7732
chr8	121835500	122035500	harbor1	chr8	121902616	121902902	LTR/ERVL-MaLR	1075	+	143	121902759	67259
chr8	121835500	122035500	harbor1	chr8	121924774	121925137	LTR/ERVL-MaLR	1660	+	182	121924956	89456
chr8	61926399	62126399	harbor1	chr8	61926160	61926582	LTR/ERVL-MaLR	1228	+	211	61926371	28
chr8	61926399	62126399	harbor1	chr8	61928430	61928615	LTR/ERVL-MaLR	1121	+	92	61928522	2123
chr8	61926399	62126399	harbor1	chr8	61943913	61944277	LTR/ERVL-MaLR	1537	+	182	61944095	17696
chr8	61926399	62126399	harbor1	chr8	61988767	61989142	LTR/ERVL-MaLR	1432	+	188	61988955	62556
chr8	61926399	62126399	harbor1	chr8	62004609	62004968	LTR/ERVL-MaLR	2514	+	180	62004789	78390
chr8	61926399	62126399	harbor1	chr8	62013006	62013216	LTR/ERVL-MaLR	407	+	105	62013111	86712
chr8	111717210	111917210	harbor1	chr8	111718184	111718469	LTR/ERVL-MaLR	754	+	142	111718326	1116
chr8	111717210	111917210	harbor1	chr8	111728559	111728949	LTR/ERVL-MaLR	1968	+	195	111728754	11544
chr8	111717210	111917210	harbor1	chr8	111780981	111781416	LTR/ERVL-MaLR	2154	+	218	111781199	63989
chr8	111717210	111917210	harbor1	chr8	111790591	111790788	LTR/ERVL-MaLR	515	+	98	111790689	73479
chr8	111717210	111917210	harbor1	chr8	111797276	111797445	LTR/ERVL-MaLR	521	+	84	111797360	80150
chr8	111717210	111917210	harbor1	chr8	111802693	111802892	LTR/ERVL-MaLR	1020	+	100	111802793	85583
chr8	111717210	111917210	harbor1	chr8	111811586	111812055	LTR/ERVL-MaLR	486	+	234	111811820	94610
chr8	111717210	111917210	harbor1	chr8	111816824	111817296	LTR/ERVL-MaLR	1497	+	236	111817060	99850
chr8	63898571	64098571	harbor1	chr8	63959491	63959853	LTR/ERVL-MaLR	1300	+	181	63959672	61101
chr8	63898571	64098571	harbor1	chr8	63991797	63992182	LTR/ERVL-MaLR	2278	+	192	63991989	93418
chr8	121238121	121438121	harbor1	chr8	121243751	121244104	LTR/ERVL-MaLR	2050	+	176	121243927	5806
chr8	121238121	121438121	harbor1	chr8	121251174	121251374	LTR/ERVL-MaLR	1060	+	100	121251274	13153
chr8	121238121	121438121	harbor1	chr8	121252704	121253296	LTR/ERVL-MaLR	2695	+	296	121253000	14879
chr8	121238121	121438121	harbor1	chr8	121253769	121253784	LTR/ERVL-MaLR	2695	+	8	121253777	15656
chr8	121238121	121438121	harbor1	chr8	121255136	121255643	LTR/ERVL-MaLR	1292	+	254	121255390	17269
chr8	121238121	121438121	harbor1	chr8	121263210	121263578	LTR/ERVL-MaLR	1649	+	184	121263394	25273
chr8	121238121	121438121	harbor1	chr8	121283523	121283970	LTR/ERVL-MaLR	501	+	224	121283747	45626
chr8	23334792	23534792	harbor1	chr8	23359200	23359722	LTR/ERVL-MaLR	1676	+	261	23359461	24669
chr8	23334792	23534792	harbor1	chr8	23399318	23399738	LTR/ERVL-MaLR	2516	+	210	23399528	64736
chr8	23334792	23534792	harbor1	chr8	23416643	23416988	LTR/ERVL-MaLR	1248	+	172	23416815	82023
chr8	23334792	23534792	harbor1	chr8	23419033	23419377	LTR/ERVL-MaLR	1113	+	172	23419205	84413
chr8	23334792	23534792	harbor1	chr8	23423662	23424033	LTR/ERVL-MaLR	2228	+	186	23423848	89056
chr8	16306633	16506633	harbor1	chr8	16319388	16319753	LTR/ERVL-MaLR	2074	+	182	16319570	12937
chr8	16306633	16506633	harbor1	chr8	16319754	16320195	LTR/ERVL-MaLR	9142	+	220	16319974	13341
chr8	16306633	16506633	harbor1	chr8	16320481	16321587	LTR/ERVL-MaLR	9142	+	553	16321034	14401
chr8	16306633	16506633	harbor1	chr8	16321590	16321967	LTR/ERVL-MaLR	1957	+	188	16321778	15145
chr8	16306633	16506633	harbor1	chr8	16363640	16364072	LTR/ERVL-MaLR	1107	+	216	16363856	57223
chr8	16306633	16506633	harbor1	chr8	16370494	16370689	LTR/ERVL-MaLR	2246	+	98	16370592	63959
chr8	16306633	16506633	harbor1	chr8	16371609	16371924	LTR/ERVL-MaLR	2246	+	158	16371767	65134
chr8	16306633	16506633	harbor1	chr8	16400011	16400421	LTR/ERVL-MaLR	1770	+	205	16400216	93583
chr8	68350672	68550672	harbor1	chr8	68396531	68396967	LTR/ERVL-MaLR	2280	+	218	68396749	46077
chr8	68350672	68550672	harbor1	chr8	68411846	68412202	LTR/ERVL-MaLR	1899	+	178	68412024	61352
chr8	144039108	144239108	harbor1	chr8	144067171	144067468	LTR/ERVL-MaLR	611	+	148	144067319	28211
chr8	144039108	144239108	harbor1	chr8	144077542	144078060	LTR/ERVL-MaLR	1645	+	259	144077801	38693
chr8	91785182	91985182	harbor1	chr8	91785695	91786073	LTR/ERVL-MaLR	1023	+	189	91785884	702
chr8	91785182	91985182	harbor1	chr8	91786484	91786607	LTR/ERVL-MaLR	455	+	62	91786546	1364
chr8	91785182	91985182	harbor1	chr8	91804966	91805206	LTR/ERVL-MaLR	832	+	120	91805086	19904
chr8	91785182	91985182	harbor1	chr8	91830722	91831183	LTR/ERVL-MaLR	1524	+	230	91830952	45770
chr8	91785182	91985182	harbor1	chr8	91832405	91832750	LTR/ERVL-MaLR	1678	+	172	91832577	47395
chr8	91785182	91985182	harbor1	chr8	91854710	91854840	LTR/ERVL-MaLR	458	+	65	91854775	69593
chr8	91785182	91985182	harbor1	chr8	91865592	91866158	LTR/ERVL-MaLR	956	+	283	91865875	80693
chr8	91785182	91985182	harbor1	chr8	91866787	91866864	LTR/ERVL-MaLR	412	+	38	91866825	81643
chr8	91785182	91985182	harbor1	chr8	91869306	91869509	LTR/ERVL-MaLR	1243	+	102	91869408	84226
chr8	91785182	91985182	harbor1	chr8	91875588	91875704	LTR/ERVL-MaLR	724	+	58	91875646	90464
chr8	88358154	88558154	harbor1	chr8	88410290	88410719	LTR/ERVL-MaLR	2312	+	214	88410504	52350
chr8	88358154	88558154	harbor1	chr8	88418397	88418821	LTR/ERVL-MaLR	1460	+	212	88418609	60455
chr8	88358154	88558154	harbor1	chr8	88434845	88434995	LTR/ERVL-MaLR	676	+	75	88434920	76766
chr8	88358154	88558154	harbor1	chr8	88435014	88435131	LTR/ERVL-MaLR	703	+	58	88435072	76918
chr8	88358154	88558154	harbor1	chr8	88444036	88444393	LTR/ERVL-MaLR	1505	+	178	88444214	86060
chr8	78558162	78758162	harbor1	chr8	78637530	78637929	LTR/ERVL-MaLR	709	+	200	78637730	79568
chr8	78952035	79152035	harbor1	chr8	78960981	78961059	LTR/ERVL-MaLR	419	+	39	78961020	8985
chr8	78952035	79152035	harbor1	chr8	78965044	78965311	LTR/ERVL-MaLR	531	+	134	78965178	13143
chr8	78952035	79152035	harbor1	chr8	79026876	79027101	LTR/ERVL-MaLR	571	+	112	79026988	74953
chr8	78952035	79152035	harbor1	chr8	79027558	79027682	LTR/ERVL-MaLR	571	+	62	79027620	75585
chr8	78952035	79152035	harbor1	chr8	79027974	79028187	LTR/ERVL-MaLR	511	+	106	79028080	76045
chr8	78952035	79152035	harbor1	chr8	79028494	79028905	LTR/ERVL-MaLR	640	+	206	79028700	76665
chr8	77387935	77587935	harbor1	chr8	77390794	77391082	LTR/ERVL-MaLR	907	+	144	77390938	3003
chr8	77387935	77587935	harbor1	chr8	77391276	77391310	LTR/ERVL-MaLR	907	+	17	77391293	3358
chr8	77387935	77587935	harbor1	chr8	77425375	77425965	LTR/ERVL-MaLR	10023	+	295	77425670	37735
chr8	77387935	77587935	harbor1	chr8	77426044	77427076	LTR/ERVL-MaLR	10023	+	516	77426560	38625
chr8	77387935	77587935	harbor1	chr8	77427081	77427468	LTR/ERVL-MaLR	1778	+	194	77427275	39340
chr8	77387935	77587935	harbor1	chr8	77450810	77451137	LTR/ERVL-MaLR	667	+	164	77450974	63039
chr8	77387935	77587935	harbor1	chr8	77451143	77451509	LTR/ERVL-MaLR	418	+	183	77451326	63391
chr8	77387935	77587935	harbor1	chr8	77476120	77476519	LTR/ERVL-MaLR	2035	+	200	77476320	88385
chr8	55109428	55309428	harbor1	chr8	55170171	55170644	LTR/ERVL-MaLR	1515	+	236	55170407	60979
chr8	127732869	127932869	harbor1	chr8	127763944	127764345	LTR/ERVL-MaLR	1476	+	200	127764144	31275
chr8	127732869	127932869	harbor1	chr8	127764996	127765323	LTR/ERVL-MaLR	1103	+	164	127765160	32291
chr8	127732869	127932869	harbor1	chr8	127765636	127765707	LTR/ERVL-MaLR	1103	+	36	127765672	32803
chr8	127732869	127932869	harbor1	chr8	127784370	127784604	LTR/ERVL-MaLR	800	+	117	127784487	51618
chr8	62486179	62686179	harbor1	chr8	62529409	62529757	LTR/ERVL-MaLR	1683	+	174	62529583	43404
chr8	62486179	62686179	harbor1	chr8	62567388	62567821	LTR/ERVL-MaLR	1636	+	216	62567604	81425
chr8	128341596	128541596	harbor1	chr8	128364742	128365121	LTR/ERVL-MaLR	1966	+	190	128364932	23336
chr8	128341596	128541596	harbor1	chr8	128398639	128398997	LTR/ERVL-MaLR	2506	+	179	128398818	57222
chr8	128341596	128541596	harbor1	chr8	128430779	128431314	LTR/ERVL-MaLR	1732	+	268	128431047	89451
chr8	128341596	128541596	harbor1	chr8	128433747	128434166	LTR/ERVL-MaLR	1686	+	210	128433957	92361
chr8	3736271	3936271	harbor1	chr8	3758697	3759181	LTR/ERVL-MaLR	1189	+	242	3758939	22668
chr8	3736271	3936271	harbor1	chr8	3763253	3763677	LTR/ERVL-MaLR	2104	+	212	3763465	27194
chr8	3736271	3936271	harbor1	chr8	3789027	3789333	LTR/ERVL-MaLR	1217	+	153	3789180	52909
chr8	3736271	3936271	harbor1	chr8	3800545	3800981	LTR/ERVL-MaLR	1852	+	218	3800763	64492
chr8	11332763	11532763	harbor1	chr8	11333822	11334217	LTR/ERVL-MaLR	2109	+	198	11334020	1257
chr8	11332763	11532763	harbor1	chr8	11379633	11379994	LTR/ERVL-MaLR	2026	+	180	11379813	47050
chr8	11332763	11532763	harbor1	chr8	11408111	11408450	LTR/ERVL-MaLR	1789	+	170	11408281	75518
chr8	11332763	11532763	harbor1	chr8	11414620	11414770	LTR/ERVL-MaLR	556	+	75	11414695	81932
chr8	7244719	7444719	harbor1	chr8	7307472	7307715	LTR/ERVL-MaLR	453	+	122	7307594	62875
chr8	7244719	7444719	harbor1	chr8	7322269	7322469	LTR/ERVL-MaLR	1143	+	100	7322369	77650
chr8	7244719	7444719	harbor1	chr8	7322470	7322839	LTR/ERVL-MaLR	1714	+	184	7322654	77935
chr8	93294409	93494409	harbor1	chr8	93300993	93301350	LTR/ERVL-MaLR	2347	+	178	93301171	6762
chr8	93294409	93494409	harbor1	chr8	93310515	93310983	LTR/ERVL-MaLR	2120	+	234	93310749	16340
chr8	93294409	93494409	harbor1	chr8	93312982	93313483	LTR/ERVL-MaLR	1985	+	250	93313232	18823
chr8	79008310	79208310	harbor1	chr8	79026876	79027101	LTR/ERVL-MaLR	571	+	112	79026988	18678
chr8	79008310	79208310	harbor1	chr8	79027558	79027682	LTR/ERVL-MaLR	571	+	62	79027620	19310
chr8	79008310	79208310	harbor1	chr8	79027974	79028187	LTR/ERVL-MaLR	511	+	106	79028080	19770
chr8	79008310	79208310	harbor1	chr8	79028494	79028905	LTR/ERVL-MaLR	640	+	206	79028700	20390
chr8	103375333	103575333	harbor1	chr8	103453738	103454148	LTR/ERVL-MaLR	611	+	205	103453943	78610
chr8	57857640	58057640	harbor1	chr8	57862009	57862370	LTR/ERVL-MaLR	2262	+	180	57862189	4549
chr8	57857640	58057640	harbor1	chr8	57862377	57863906	LTR/ERVL-MaLR	9608	+	764	57863141	5501
chr8	57857640	58057640	harbor1	chr8	57863907	57864283	LTR/ERVL-MaLR	2601	+	188	57864095	6455
chr8	57857640	58057640	harbor1	chr8	57883315	57883689	LTR/ERVL-MaLR	2221	+	187	57883502	25862
chr8	57857640	58057640	harbor1	chr8	57887849	57887992	LTR/ERVL-MaLR	658	+	72	57887921	30281
chr8	57857640	58057640	harbor1	chr8	57888006	57888220	LTR/ERVL-MaLR	943	+	107	57888113	30473
chr8	57857640	58057640	harbor1	chr8	57917361	57917689	LTR/ERVL-MaLR	520	+	164	57917525	59885
chr8	111330827	111530827	harbor1	chr8	111339933	111340344	LTR/ERVL-MaLR	2129	+	206	111340139	9312
chr8	111330827	111530827	harbor1	chr8	111350941	111351305	LTR/ERVL-MaLR	1879	+	182	111351123	20296
chr8	111330827	111530827	harbor1	chr8	111354395	111354554	LTR/ERVL-MaLR	486	+	80	111354475	23648
chr8	111330827	111530827	harbor1	chr8	111356123	111356391	LTR/ERVL-MaLR	1120	+	134	111356257	25430
chr8	111330827	111530827	harbor1	chr8	111372545	111372902	LTR/ERVL-MaLR	2203	+	178	111372723	41896
chr8	111330827	111530827	harbor1	chr8	111372903	111374423	LTR/ERVL-MaLR	9853	+	760	111373663	42836
chr8	111330827	111530827	harbor1	chr8	111374424	111374775	LTR/ERVL-MaLR	2159	+	176	111374600	43773
chr8	111330827	111530827	harbor1	chr8	111420265	111420611	LTR/ERVL-MaLR	1975	+	173	111420438	89611
chr8	111330827	111530827	harbor1	chr8	111420612	111420954	LTR/ERVL-MaLR	2410	+	171	111420783	89956
chr8	111330827	111530827	harbor1	chr8	111423330	111424567	LTR/ERVL-MaLR	9109	+	618	111423948	93121
chr8	111330827	111530827	harbor1	chr8	111424572	111424739	LTR/ERVL-MaLR	1772	+	84	111424656	93829
chr8	111330827	111530827	harbor1	chr8	111425057	111425245	LTR/ERVL-MaLR	1772	+	94	111425151	94324
chr8	111330827	111530827	harbor1	chr8	111429164	111429380	LTR/ERVL-MaLR	654	+	108	111429272	98445
chr8	111330827	111530827	harbor1	chr8	111427581	111427804	LTR/ERVL-MaLR	845	+	112	111427693	96866
chr8	19440273	19640273	harbor1	chr8	19476591	19477069	LTR/ERVL-MaLR	1533	+	239	19476830	36557
chr8	19440273	19640273	harbor1	chr8	19484661	19485104	LTR/ERVL-MaLR	1485	+	222	19484883	44610
chr8	19440273	19640273	harbor1	chr8	19506542	19506941	LTR/ERVL-MaLR	2194	+	200	19506742	66469
chr8	19440273	19640273	harbor1	chr8	19511600	19511704	LTR/ERVL-MaLR	1718	+	52	19511652	71379
chr8	19440273	19640273	harbor1	chr8	19512078	19512494	LTR/ERVL-MaLR	1718	+	208	19512286	72013
chr8	108747314	108947314	harbor1	chr8	108754357	108754594	LTR/ERVL-MaLR	1286	+	118	108754475	7161
chr8	108747314	108947314	harbor1	chr8	108755123	108755436	LTR/ERVL-MaLR	1286	+	156	108755279	7965
chr8	108747314	108947314	harbor1	chr8	108773459	108774005	LTR/ERVL-MaLR	2250	+	273	108773732	26418
chr8	108747314	108947314	harbor1	chr8	108774179	108774443	LTR/ERVL-MaLR	618	+	132	108774311	26997
chr8	108747314	108947314	harbor1	chr8	108802702	108803069	LTR/ERVL-MaLR	1977	+	184	108802886	55572
chr8	108747314	108947314	harbor1	chr8	108803798	108804146	LTR/ERVL-MaLR	738	+	174	108803972	56658
chr8	108747314	108947314	harbor1	chr8	108804503	108804525	LTR/ERVL-MaLR	738	+	11	108804514	57200
chr8	108747314	108947314	harbor1	chr8	108804824	108804919	LTR/ERVL-MaLR	738	+	48	108804872	57558
chr8	108747314	108947314	harbor1	chr8	108820464	108820877	LTR/ERVL-MaLR	2088	+	206	108820670	73356
chr8	108747314	108947314	harbor1	chr8	108820878	108822485	LTR/ERVL-MaLR	9827	+	804	108821682	74368
chr8	108747314	108947314	harbor1	chr8	108824643	108824841	LTR/ERVL-MaLR	848	+	99	108824742	77428
chr8	108747314	108947314	harbor1	chr8	108833483	108833538	LTR/ERVL-MaLR	1570	+	28	108833511	86197
chr8	108747314	108947314	harbor1	chr8	108833841	108834141	LTR/ERVL-MaLR	1570	+	150	108833991	86677
chr8	108747314	108947314	harbor1	chr8	108822490	108822894	LTR/ERVL-MaLR	2153	+	202	108822692	75378
chr8	135881308	136081308	harbor1	chr8	135887364	135887733	LTR/ERVL-MaLR	2043	+	184	135887548	6240
chr8	135881308	136081308	harbor1	chr8	135907070	135907373	LTR/ERVL-MaLR	795	+	152	135907222	25914
chr8	135881308	136081308	harbor1	chr8	135920529	135920934	LTR/ERVL-MaLR	2251	+	202	135920731	39423
chr8	135881308	136081308	harbor1	chr8	135921157	135921563	LTR/ERVL-MaLR	1021	+	203	135921360	40052
chr8	135881308	136081308	harbor1	chr8	135927438	135927809	LTR/ERVL-MaLR	1681	+	186	135927624	46316
chr8	135881308	136081308	harbor1	chr8	135933635	135934132	LTR/ERVL-MaLR	2265	+	248	135933883	52575
chr8	135881308	136081308	harbor1	chr8	135935457	135935802	LTR/ERVL-MaLR	1627	+	172	135935629	54321
chr8	135881308	136081308	harbor1	chr8	135944545	135944912	LTR/ERVL-MaLR	1490	+	184	135944729	63421
chr8	73540645	73740645	harbor1	chr8	73565126	73565500	LTR/ERVL-MaLR	1077	+	187	73565313	24668
chr8	73540645	73740645	harbor1	chr8	73585757	73586094	LTR/ERVL-MaLR	1693	+	168	73585925	45280
chr8	73540645	73740645	harbor1	chr8	73621102	73621463	LTR/ERVL-MaLR	2001	+	180	73621282	80637
chr8	86664217	86864217	harbor1	chr8	86671396	86672069	LTR/ERVL-MaLR	1476	+	336	86671732	7515
chr8	86664217	86864217	harbor1	chr8	86676703	86676829	LTR/ERVL-MaLR	641	+	63	86676766	12549
chr8	86664217	86864217	harbor1	chr8	86677004	86677275	LTR/ERVL-MaLR	1180	+	136	86677140	12923
chr8	86664217	86864217	harbor1	chr8	86679347	86679514	LTR/ERVL-MaLR	1274	+	84	86679431	15214
chr8	86664217	86864217	harbor1	chr8	86679826	86680097	LTR/ERVL-MaLR	1274	+	136	86679962	15745
chr8	86664217	86864217	harbor1	chr8	86705415	86705608	LTR/ERVL-MaLR	1031	+	96	86705511	41294
chr8	86664217	86864217	harbor1	chr8	86760645	86761127	LTR/ERVL-MaLR	1617	+	241	86760886	96669
chr8	1334703	1534703	harbor1	chr8	1427515	1427873	LTR/ERVL-MaLR	2132	+	179	1427694	92991
chr8	131825492	132025492	harbor1	chr8	131831801	131832016	LTR/ERVL-MaLR	1350	+	108	131831909	6417
chr8	131825492	132025492	harbor1	chr8	131833853	131834052	LTR/ERVL-MaLR	484	+	100	131833953	8461
chr8	131825492	132025492	harbor1	chr8	131834417	131834612	LTR/ERVL-MaLR	697	+	98	131834515	9023
chr8	131825492	132025492	harbor1	chr8	131853760	131853933	LTR/ERVL-MaLR	948	+	86	131853846	28354
chr8	131825492	132025492	harbor1	chr8	131854098	131854368	LTR/ERVL-MaLR	999	+	135	131854233	28741
chr8	131825492	132025492	harbor1	chr8	131856321	131856479	LTR/ERVL-MaLR	1120	+	79	131856400	30908
chr8	131825492	132025492	harbor1	chr8	131856785	131857167	LTR/ERVL-MaLR	1120	+	191	131856976	31484
chr8	131825492	132025492	harbor1	chr8	131864913	131865277	LTR/ERVL-MaLR	1604	+	182	131865095	39603
chr8	131825492	132025492	harbor1	chr8	131865278	131865645	LTR/ERVL-MaLR	1617	+	184	131865462	39970
chr8	131825492	132025492	harbor1	chr8	131867534	131867885	LTR/ERVL-MaLR	1190	+	176	131867710	42218
chr8	131825492	132025492	harbor1	chr8	131874208	131874462	LTR/ERVL-MaLR	430	+	127	131874335	48843
chr8	131825492	132025492	harbor1	chr8	131875281	131875307	LTR/ERVL-MaLR	529	+	13	131875294	49802
chr8	131825492	132025492	harbor1	chr8	131875999	131876297	LTR/ERVL-MaLR	678	+	149	131876148	50656
chr8	131825492	132025492	harbor1	chr8	131892548	131892973	LTR/ERVL-MaLR	581	+	212	131892760	67268
chr8	50273379	50473379	harbor1	chr8	50302608	50302853	LTR/ERVL-MaLR	687	+	122	50302730	29351
chr8	50273379	50473379	harbor1	chr8	50304017	50304397	LTR/ERVL-MaLR	1378	+	190	50304207	30828
chr8	50273379	50473379	harbor1	chr8	50330060	50330417	LTR/ERVL-MaLR	2279	+	178	50330238	56859
chr8	50273379	50473379	harbor1	chr8	50334242	50334393	LTR/ERVL-MaLR	576	+	76	50334318	60939
chr8	50273379	50473379	harbor1	chr8	50344772	50345161	LTR/ERVL-MaLR	1616	+	194	50344966	71587
chr8	50273379	50473379	harbor1	chr8	50367852	50368601	LTR/ERVL-MaLR	3035	+	374	50368226	94847
chr8	50273379	50473379	harbor1	chr8	50368747	50369145	LTR/ERVL-MaLR	1905	+	199	50368946	95567
chr8	50273379	50473379	harbor1	chr8	50369148	50369314	LTR/ERVL-MaLR	1313	+	83	50369231	95852
chr8	50273379	50473379	harbor1	chr8	50369624	50369828	LTR/ERVL-MaLR	1313	+	102	50369726	96347
chr8	75385628	75585628	harbor1	chr8	75397488	75397769	LTR/ERVL-MaLR	408	+	140	75397628	12000
chr8	75385628	75585628	harbor1	chr8	75398146	75398358	LTR/ERVL-MaLR	538	+	106	75398252	12624
chr8	75385628	75585628	harbor1	chr8	75432658	75433119	LTR/ERVL-MaLR	1867	+	230	75432888	47260
chr8	75385628	75585628	harbor1	chr8	75433438	75433480	LTR/ERVL-MaLR	1867	+	21	75433459	47831
chr8	75385628	75585628	harbor1	chr8	75442954	75443312	LTR/ERVL-MaLR	2095	+	179	75443133	57505
chr8	75385628	75585628	harbor1	chr8	75450691	75451079	LTR/ERVL-MaLR	1963	+	194	75450885	65257
chr8	75385628	75585628	harbor1	chr8	75453845	75454018	LTR/ERVL-MaLR	738	+	86	75453931	68303
chr8	75385628	75585628	harbor1	chr8	75454136	75454333	LTR/ERVL-MaLR	934	+	98	75454234	68606
chr8	76303631	76503631	harbor1	chr8	76359470	76359860	LTR/ERVL-MaLR	1258	+	195	76359665	56034
chr8	76303631	76503631	harbor1	chr8	76392234	76392434	LTR/ERVL-MaLR	546	+	100	76392334	88703
chr8	76303631	76503631	harbor1	chr8	76393061	76393179	LTR/ERVL-MaLR	466	+	59	76393120	89489
chr8	52734076	52934076	harbor1	chr8	52770944	52771318	LTR/ERVL-MaLR	2069	+	187	52771131	37055
chr8	52734076	52934076	harbor1	chr8	52813783	52814157	LTR/ERVL-MaLR	1384	+	187	52813970	79894
chr8	52734076	52934076	harbor1	chr8	52830558	52831078	LTR/ERVL-MaLR	2035	+	260	52830818	96742
chr8	29874083	30074083	harbor1	chr8	29958366	29958906	LTR/ERVL-MaLR	1847	+	270	29958636	84553
chr8	29874083	30074083	harbor1	chr8	29968210	29968568	LTR/ERVL-MaLR	692	+	179	29968389	94306
chr8	29874083	30074083	harbor1	chr8	29968846	29969007	LTR/ERVL-MaLR	682	+	80	29968926	94843
chr8	29874083	30074083	harbor1	chr8	29969539	29969891	LTR/ERVL-MaLR	1940	+	176	29969715	95632
chr8	29874083	30074083	harbor1	chr8	29971449	29971509	LTR/ERVL-MaLR	640	+	30	29971479	97396
chr8	29874083	30074083	harbor1	chr8	29971804	29972142	LTR/ERVL-MaLR	640	+	169	29971973	97890
chr8	29874083	30074083	harbor1	chr8	29973119	29973229	LTR/ERVL-MaLR	568	+	55	29973174	99091
chr8	69790662	69990662	harbor1	chr8	69884221	69884587	LTR/ERVL-MaLR	2244	+	183	69884404	93742
chr8	51302061	51502061	harbor1	chr8	51308328	51308710	LTR/ERVL-MaLR	1643	+	191	51308519	6458
chr8	51302061	51502061	harbor1	chr8	51321441	51321821	LTR/ERVL-MaLR	1961	+	190	51321631	19570
chr8	51302061	51502061	harbor1	chr8	51321866	51322241	LTR/ERVL-MaLR	1748	+	188	51322054	19993
chr8	51302061	51502061	harbor1	chr8	51326784	51327030	LTR/ERVL-MaLR	1140	+	123	51326907	24846
chr8	51302061	51502061	harbor1	chr8	51346537	51346931	LTR/ERVL-MaLR	1648	+	197	51346734	44673
chr8	51302061	51502061	harbor1	chr8	51351184	51351621	LTR/ERVL-MaLR	1864	+	218	51351402	49341
chr8	51302061	51502061	harbor1	chr8	51352388	51352753	LTR/ERVL-MaLR	2003	+	182	51352570	50509
chr8	51302061	51502061	harbor1	chr8	51373033	51373414	LTR/ERVL-MaLR	1982	+	190	51373223	71162
chr8	51302061	51502061	harbor1	chr8	51381457	51381622	LTR/ERVL-MaLR	668	+	82	51381539	79478
chr8	51302061	51502061	harbor1	chr8	51382138	51382438	LTR/ERVL-MaLR	1076	+	150	51382288	80227
chr8	51302061	51502061	harbor1	chr8	51385643	51386000	LTR/ERVL-MaLR	1959	+	178	51385821	83760
chr8	51302061	51502061	harbor1	chr8	51393577	51393983	LTR/ERVL-MaLR	957	+	203	51393780	91719
chr8	84654187	84854187	harbor1	chr8	84692792	84693123	LTR/ERVL-MaLR	1221	+	166	84692958	38771
chr8	84654187	84854187	harbor1	chr8	84737642	84737994	LTR/ERVL-MaLR	1798	+	176	84737818	83631
chr8	84654187	84854187	harbor1	chr8	84750508	84750941	LTR/ERVL-MaLR	2633	+	216	84750724	96537
chr8	84654187	84854187	harbor1	chr8	84751536	84751920	LTR/ERVL-MaLR	2116	+	192	84751728	97541
chr8	84654187	84854187	harbor1	chr8	84751921	84753481	LTR/ERVL-MaLR	8954	+	780	84752701	98514
chr8	84654187	84854187	harbor1	chr8	84753482	84753848	LTR/ERVL-MaLR	1901	+	183	84753665	99478
chr8	76446295	76646295	harbor1	chr8	76461818	76462130	LTR/ERVL-MaLR	494	+	156	76461974	15679
chr8	76446295	76646295	harbor1	chr8	76488059	76488484	LTR/ERVL-MaLR	2225	+	212	76488271	41976
chr8	17133482	17333482	harbor1	chr8	17141950	17142036	LTR/ERVL-MaLR	1809	+	43	17141993	8511
chr8	17133482	17333482	harbor1	chr8	17142398	17142683	LTR/ERVL-MaLR	1809	+	142	17142540	9058
chr8	17133482	17333482	harbor1	chr8	17173794	17174067	LTR/ERVL-MaLR	1213	+	136	17173930	40448
chr8	17133482	17333482	harbor1	chr8	17174277	17174371	LTR/ERVL-MaLR	453	+	47	17174324	40842
chr8	135118460	135318460	harbor1	chr8	135124072	135124270	LTR/ERVL-MaLR	506	+	99	135124171	5711
chr8	135118460	135318460	harbor1	chr8	135136580	135136787	LTR/ERVL-MaLR	1525	+	104	135136684	18224
chr8	135118460	135318460	harbor1	chr8	135137103	135137351	LTR/ERVL-MaLR	1525	+	124	135137227	18767
chr8	135118460	135318460	harbor1	chr8	135140079	135140432	LTR/ERVL-MaLR	2173	+	176	135140255	21795
chr8	135118460	135318460	harbor1	chr8	135140948	135141183	LTR/ERVL-MaLR	666	+	118	135141066	22606
chr8	135118460	135318460	harbor1	chr8	135160524	135160707	LTR/ERVL-MaLR	625	+	92	135160616	42156
chr8	135118460	135318460	harbor1	chr8	135178826	135179290	LTR/ERVL-MaLR	1023	+	232	135179058	60598
chr8	135118460	135318460	harbor1	chr8	135183388	135183810	LTR/ERVL-MaLR	2672	+	211	135183599	65139
chr8	135118460	135318460	harbor1	chr8	135195660	135196101	LTR/ERVL-MaLR	581	+	220	135195880	77420
chr8	135118460	135318460	harbor1	chr8	135204488	135204859	LTR/ERVL-MaLR	1679	+	186	135204674	86214
chr8	135118460	135318460	harbor1	chr8	135204860	135206445	LTR/ERVL-MaLR	10876	+	792	135205652	87192
chr8	135118460	135318460	harbor1	chr8	135206446	135206802	LTR/ERVL-MaLR	1532	+	178	135206624	88164
chr8	135118460	135318460	harbor1	chr8	135208301	135208688	LTR/ERVL-MaLR	1373	+	194	135208495	90035
chr8	135118460	135318460	harbor1	chr8	135214253	135214683	LTR/ERVL-MaLR	1619	+	215	135214468	96008
chr8	40533354	40733354	harbor1	chr8	40544130	40544833	LTR/ERVL-MaLR	2786	+	352	40544482	11128
chr8	40533354	40733354	harbor1	chr8	40544834	40545399	LTR/ERVL-MaLR	1794	+	282	40545116	11762
chr8	40533354	40733354	harbor1	chr8	40545405	40545827	LTR/ERVL-MaLR	1872	+	211	40545616	12262
chr8	40533354	40733354	harbor1	chr8	40548943	40549302	LTR/ERVL-MaLR	1901	+	180	40549123	15769
chr8	40533354	40733354	harbor1	chr8	40550484	40550861	LTR/ERVL-MaLR	2434	+	188	40550672	17318
chr8	40533354	40733354	harbor1	chr8	40552782	40552917	LTR/ERVL-MaLR	755	+	68	40552850	19496
chr8	40533354	40733354	harbor1	chr8	40553047	40553385	LTR/ERVL-MaLR	786	+	169	40553216	19862
chr8	40533354	40733354	harbor1	chr8	40624087	40624475	LTR/ERVL-MaLR	1254	+	194	40624281	90927
chr8	40533354	40733354	harbor1	chr8	40632478	40632806	LTR/ERVL-MaLR	745	+	164	40632642	99288
chr8	62628898	62828898	harbor1	chr8	62635505	62635840	LTR/ERVL-MaLR	1771	+	168	62635673	6775
chr8	62628898	62828898	harbor1	chr8	62640173	62640530	LTR/ERVL-MaLR	2136	+	178	62640351	11453
chr8	62628898	62828898	harbor1	chr8	62649224	62649443	LTR/ERVL-MaLR	443	+	110	62649334	20436
chr8	62628898	62828898	harbor1	chr8	62651638	62652044	LTR/ERVL-MaLR	2412	+	203	62651841	22943
chr8	62628898	62828898	harbor1	chr8	62659704	62660056	LTR/ERVL-MaLR	2159	+	176	62659880	30982
chr8	62628898	62828898	harbor1	chr8	62678055	62678168	LTR/ERVL-MaLR	604	+	56	62678111	49213
chr8	62628898	62828898	harbor1	chr8	62679399	62679470	LTR/ERVL-MaLR	2551	+	36	62679435	50537
chr8	62628898	62828898	harbor1	chr8	62679885	62680440	LTR/ERVL-MaLR	2551	+	278	62680163	51265
chr8	62628898	62828898	harbor1	chr8	62684629	62685011	LTR/ERVL-MaLR	2272	+	191	62684820	55922
chr8	138374596	138574596	harbor1	chr8	138390184	138390547	LTR/ERVL-MaLR	2050	+	182	138390366	15770
chr8	138374596	138574596	harbor1	chr8	138402796	138403143	LTR/ERVL-MaLR	1430	+	174	138402970	28374
chr8	138374596	138574596	harbor1	chr8	138410285	138410528	LTR/ERVL-MaLR	684	+	122	138410407	35811
chr8	138374596	138574596	harbor1	chr8	138412267	138412445	LTR/ERVL-MaLR	862	+	89	138412356	37760
chr8	138374596	138574596	harbor1	chr8	138437261	138437640	LTR/ERVL-MaLR	2587	+	190	138437451	62855
chr8	144654869	144854869	harbor1	chr8	144664536	144664865	LTR/ERVL-MaLR	2507	+	164	144664700	9831
chr8	144654869	144854869	harbor1	chr8	144664866	144666422	LTR/ERVL-MaLR	11886	+	778	144665644	10775
chr8	144654869	144854869	harbor1	chr8	144666423	144666776	LTR/ERVL-MaLR	2753	+	176	144666599	11730
chr8	144654869	144854869	harbor1	chr8	144698014	144698426	LTR/ERVL-MaLR	2446	+	206	144698220	43351
chr8	144654869	144854869	harbor1	chr8	144744471	144744769	LTR/ERVL-MaLR	1227	+	149	144744620	89751
chr8	93957880	94157880	harbor1	chr8	93977094	93977203	LTR/ERVL-MaLR	1890	+	54	93977148	19268
chr8	93957880	94157880	harbor1	chr8	93977477	93977854	LTR/ERVL-MaLR	1890	+	188	93977665	19785
chr8	93957880	94157880	harbor1	chr8	93988118	93988536	LTR/ERVL-MaLR	1184	+	209	93988327	30447
chr8	93957880	94157880	harbor1	chr8	94036830	94036995	LTR/ERVL-MaLR	435	+	82	94036912	79032
chr8	93957880	94157880	harbor1	chr8	94038412	94038781	LTR/ERVL-MaLR	1468	+	184	94038596	80716
chr8	111763340	111963340	harbor1	chr8	111780981	111781416	LTR/ERVL-MaLR	2154	+	218	111781199	17859
chr8	111763340	111963340	harbor1	chr8	111790591	111790788	LTR/ERVL-MaLR	515	+	98	111790689	27349
chr8	111763340	111963340	harbor1	chr8	111797276	111797445	LTR/ERVL-MaLR	521	+	84	111797360	34020
chr8	111763340	111963340	harbor1	chr8	111802693	111802892	LTR/ERVL-MaLR	1020	+	100	111802793	39453
chr8	111763340	111963340	harbor1	chr8	111811586	111812055	LTR/ERVL-MaLR	486	+	234	111811820	48480
chr8	111763340	111963340	harbor1	chr8	111816824	111817296	LTR/ERVL-MaLR	1497	+	236	111817060	53720
chr8	111763340	111963340	harbor1	chr8	111832081	111832650	LTR/ERVL-MaLR	1307	+	284	111832365	69025
chr8	111763340	111963340	harbor1	chr8	111834827	111835265	LTR/ERVL-MaLR	880	+	219	111835046	71706
chr8	111763340	111963340	harbor1	chr8	111835903	111836202	LTR/ERVL-MaLR	506	+	150	111836053	72713
chr8	111763340	111963340	harbor1	chr8	111842605	111843019	LTR/ERVL-MaLR	2305	+	207	111842812	79472
chr8	111763340	111963340	harbor1	chr8	111857502	111857799	LTR/ERVL-MaLR	1413	+	148	111857650	94310
chr8	117678044	117878044	harbor1	chr8	117679439	117679584	LTR/ERVL-MaLR	935	+	72	117679511	1467
chr8	117678044	117878044	harbor1	chr8	117679842	117680063	LTR/ERVL-MaLR	935	+	110	117679952	1908
chr8	117678044	117878044	harbor1	chr8	117699885	117700247	LTR/ERVL-MaLR	1633	+	181	117700066	22022
chr8	117678044	117878044	harbor1	chr8	117700542	117700562	LTR/ERVL-MaLR	1633	+	10	117700552	22508
chr8	117678044	117878044	harbor1	chr8	117700882	117700920	LTR/ERVL-MaLR	1633	+	19	117700901	22857
chr8	117678044	117878044	harbor1	chr8	117706655	117706993	LTR/ERVL-MaLR	667	+	169	117706824	28780
chr8	117678044	117878044	harbor1	chr8	117712328	117712893	LTR/ERVL-MaLR	729	+	282	117712610	34566
chr8	117678044	117878044	harbor1	chr8	117763163	117763474	LTR/ERVL-MaLR	1477	+	156	117763319	85275
chr8	117678044	117878044	harbor1	chr8	117764355	117764720	LTR/ERVL-MaLR	2875	+	182	117764537	86493
chr8	117678044	117878044	harbor1	chr8	117767528	117767912	LTR/ERVL-MaLR	2093	+	192	117767720	89676
chr8	117678044	117878044	harbor1	chr8	117769481	117769863	LTR/ERVL-MaLR	2122	+	191	117769672	91628
chr8	117678044	117878044	harbor1	chr8	117734942	117735441	LTR/ERVL-MaLR	622	+	250	117735192	57148
chr8	117678044	117878044	harbor1	chr8	117767913	117769447	LTR/ERVL-MaLR	9283	+	767	117768680	90636
chr8	99437467	99637467	harbor1	chr8	99462649	99463015	LTR/ERVL-MaLR	1114	+	183	99462832	25365
chr8	99437467	99637467	harbor1	chr8	99469670	99470128	LTR/ERVL-MaLR	1688	+	229	99469899	32432
chr8	99437467	99637467	harbor1	chr8	99503975	99504394	LTR/ERVL-MaLR	2504	+	210	99504185	66718
chr8	110659949	110859949	harbor1	chr8	110682880	110683375	LTR/ERVL-MaLR	1826	+	248	110683128	23179
chr8	110659949	110859949	harbor1	chr8	110713964	110714232	LTR/ERVL-MaLR	1225	+	134	110714098	54149
chr8	110659949	110859949	harbor1	chr8	110727819	110728273	LTR/ERVL-MaLR	2077	+	227	110728046	68097
chr8	83516724	83716724	harbor1	chr8	83526435	83526602	LTR/ERVL-MaLR	408	+	84	83526519	9795
chr8	83516724	83716724	harbor1	chr8	83554482	83554897	LTR/ERVL-MaLR	2321	+	208	83554690	37966
chr8	83781390	83981390	harbor1	chr8	83784257	83784612	LTR/ERVL-MaLR	2026	+	178	83784435	3045
chr8	83781390	83981390	harbor1	chr8	83843277	83843630	LTR/ERVL-MaLR	2618	+	176	83843453	62063
chr8	83559163	83759163	harbor1	chr8	83644215	83644562	LTR/ERVL-MaLR	1597	+	174	83644389	85226
chr8	32578405	32778405	harbor1	chr8	32643198	32643676	LTR/ERVL-MaLR	727	+	239	32643437	65032
chr8	109624787	109824787	harbor1	chr8	109681755	109682126	LTR/ERVL-MaLR	2602	+	186	109681941	57154
chr8	109624787	109824787	harbor1	chr8	109682127	109683694	LTR/ERVL-MaLR	10154	+	784	109682911	58124
chr8	109624787	109824787	harbor1	chr8	109683695	109684072	LTR/ERVL-MaLR	2561	+	188	109683883	59096
chr8	29643995	29843995	harbor1	chr8	29675976	29676391	LTR/ERVL-MaLR	2682	+	208	29676184	32189
chr8	29643995	29843995	harbor1	chr8	29701261	29701646	LTR/ERVL-MaLR	2237	+	192	29701453	57458
chr8	29643995	29843995	harbor1	chr8	29701647	29703272	LTR/ERVL-MaLR	10655	+	812	29702459	58464
chr8	29643995	29843995	harbor1	chr8	29703273	29703662	LTR/ERVL-MaLR	2132	+	194	29703467	59472
chr8	29643995	29843995	harbor1	chr8	29706436	29706706	LTR/ERVL-MaLR	1950	+	135	29706571	62576
chr8	29643995	29843995	harbor1	chr8	29715907	29716334	LTR/ERVL-MaLR	1591	+	214	29716121	72126
chr8	76928466	77128466	harbor1	chr8	76944352	76944766	LTR/ERVL-MaLR	1662	+	207	76944559	16093
chr8	76928466	77128466	harbor1	chr8	76952147	76952597	LTR/ERVL-MaLR	1064	+	225	76952372	23906
chr8	76928466	77128466	harbor1	chr8	76953868	76954435	LTR/ERVL-MaLR	1829	+	284	76954152	25686
chr8	76928466	77128466	harbor1	chr8	76959137	76959338	LTR/ERVL-MaLR	512	+	100	76959237	30771
chr8	76928466	77128466	harbor1	chr8	76961252	76961610	LTR/ERVL-MaLR	2449	+	179	76961431	32965
chr8	76928466	77128466	harbor1	chr8	76980555	76980778	LTR/ERVL-MaLR	746	+	112	76980667	52201
chr8	76928466	77128466	harbor1	chr8	77006578	77007146	LTR/ERVL-MaLR	1763	+	284	77006862	78396
chr8	47468294	47668294	harbor1	chr8	47533918	47534276	LTR/ERVL-MaLR	1937	+	179	47534097	65803
chr8	138399787	138599787	harbor1	chr8	138402796	138403143	LTR/ERVL-MaLR	1430	+	174	138402970	3183
chr8	138399787	138599787	harbor1	chr8	138410285	138410528	LTR/ERVL-MaLR	684	+	122	138410407	10620
chr8	138399787	138599787	harbor1	chr8	138412267	138412445	LTR/ERVL-MaLR	862	+	89	138412356	12569
chr8	138399787	138599787	harbor1	chr8	138437261	138437640	LTR/ERVL-MaLR	2587	+	190	138437451	37664
chr8	52026599	52226599	harbor1	chr8	52056375	52056771	LTR/ERVL-MaLR	1759	+	198	52056573	29974
chr8	52026599	52226599	harbor1	chr8	52098209	52098596	LTR/ERVL-MaLR	2260	+	194	52098403	71804
chr8	52026599	52226599	harbor1	chr8	52102322	52102648	LTR/ERVL-MaLR	554	+	163	52102485	75886
chr8	52026599	52226599	harbor1	chr8	52104102	52104440	LTR/ERVL-MaLR	1572	+	169	52104271	77672
chr8	92157200	92357200	harbor1	chr8	92183908	92184393	LTR/ERVL-MaLR	2095	+	242	92184150	26950
chr8	92157200	92357200	harbor1	chr8	92249665	92250017	LTR/ERVL-MaLR	1777	+	176	92249841	92641
chr8	20032794	20232794	harbor1	chr8	20042764	20043194	LTR/ERVL-MaLR	2246	+	215	20042979	10185
chr8	20032794	20232794	harbor1	chr8	20051047	20051322	LTR/ERVL-MaLR	925	+	138	20051185	18391
chr8	20032794	20232794	harbor1	chr8	20056492	20056843	LTR/ERVL-MaLR	654	+	176	20056668	23874
chr8	20032794	20232794	harbor1	chr8	20065683	20065863	LTR/ERVL-MaLR	667	+	90	20065773	32979
chr8	20032794	20232794	harbor1	chr8	20083177	20083425	LTR/ERVL-MaLR	808	+	124	20083301	50507
chr8	20032794	20232794	harbor1	chr8	20095131	20095536	LTR/ERVL-MaLR	1477	+	202	20095333	62539
chr8	20032794	20232794	harbor1	chr8	20101833	20102195	LTR/ERVL-MaLR	2312	+	181	20102014	69220
chr8	20032794	20232794	harbor1	chr8	20112621	20112949	LTR/ERVL-MaLR	981	+	164	20112785	79991
chr8	20032794	20232794	harbor1	chr8	20118788	20119171	LTR/ERVL-MaLR	2489	+	192	20118980	86186
chr8	20032794	20232794	harbor1	chr8	20125738	20126114	LTR/ERVL-MaLR	1639	+	188	20125926	93132
chr8	101294461	101494461	harbor1	chr8	101297569	101298021	LTR/ERVL-MaLR	2078	+	226	101297795	3334
chr8	101294461	101494461	harbor1	chr8	101316360	101316812	LTR/ERVL-MaLR	2477	+	226	101316586	22125
chr8	101294461	101494461	harbor1	chr8	101333912	101334329	LTR/ERVL-MaLR	2575	+	208	101334120	39659
chr8	101294461	101494461	harbor1	chr8	101375438	101375877	LTR/ERVL-MaLR	1280	+	220	101375658	81197
chr8	54682124	54882124	harbor1	chr8	54685835	54685999	LTR/ERVL-MaLR	474	+	82	54685917	3793
chr8	54682124	54882124	harbor1	chr8	54775297	54775747	LTR/ERVL-MaLR	1543	+	225	54775522	93398
chr8	104428048	104628048	harbor1	chr8	104432861	104433280	LTR/ERVL-MaLR	1977	+	210	104433071	5023
chr8	104428048	104628048	harbor1	chr8	104441348	104441731	LTR/ERVL-MaLR	1406	+	192	104441540	13492
chr8	104428048	104628048	harbor1	chr8	104449515	104449962	LTR/ERVL-MaLR	2404	+	224	104449739	21691
chr8	104428048	104628048	harbor1	chr8	104460200	104460568	LTR/ERVL-MaLR	2080	+	184	104460384	32336
chr8	104428048	104628048	harbor1	chr8	104468428	104468548	LTR/ERVL-MaLR	604	+	60	104468488	40440
chr8	104428048	104628048	harbor1	chr8	104469312	104469725	LTR/ERVL-MaLR	604	+	206	104469518	41470
chr8	104428048	104628048	harbor1	chr8	104484287	104484373	LTR/ERVL-MaLR	1260	+	43	104484330	56282
chr8	104428048	104628048	harbor1	chr8	104484454	104484821	LTR/ERVL-MaLR	1260	+	184	104484638	56590
chr8	113616317	113816317	harbor1	chr8	113640858	113641246	LTR/ERVL-MaLR	794	+	194	113641052	24735
chr8	113616317	113816317	harbor1	chr8	113648814	113649208	LTR/ERVL-MaLR	2382	+	197	113649011	32694
chr8	113616317	113816317	harbor1	chr8	113650087	113650474	LTR/ERVL-MaLR	1747	+	194	113650281	33964
chr8	113616317	113816317	harbor1	chr8	113658229	113658542	LTR/ERVL-MaLR	1336	+	156	113658385	42068
chr8	113616317	113816317	harbor1	chr8	113659325	113659454	LTR/ERVL-MaLR	1336	+	64	113659389	43072
chr8	113616317	113816317	harbor1	chr8	113659455	113659826	LTR/ERVL-MaLR	1628	+	186	113659641	43324
chr8	113616317	113816317	harbor1	chr8	113659827	113659941	LTR/ERVL-MaLR	1336	+	57	113659884	43567
chr8	113616317	113816317	harbor1	chr8	113696792	113698204	LTR/ERVL-MaLR	4926	+	706	113697498	81181
chr8	113616317	113816317	harbor1	chr8	113698214	113698552	LTR/ERVL-MaLR	1948	+	169	113698383	82066
chr8	88643334	88843334	harbor1	chr8	88665705	88666097	LTR/ERVL-MaLR	1305	+	196	88665901	22567
chr8	88643334	88843334	harbor1	chr8	88700089	88700409	LTR/ERVL-MaLR	2520	+	160	88700249	56915
chr8	88643334	88843334	harbor1	chr8	88700698	88700767	LTR/ERVL-MaLR	2520	+	34	88700732	57398
chr8	88643334	88843334	harbor1	chr8	88708557	88708853	LTR/ERVL-MaLR	400	+	148	88708705	65371
chr8	88643334	88843334	harbor1	chr8	88732016	88732166	LTR/ERVL-MaLR	714	+	75	88732091	88757
chr8	88643334	88843334	harbor1	chr8	88732334	88732511	LTR/ERVL-MaLR	714	+	88	88732422	89088
chr8	88643334	88843334	harbor1	chr8	88732588	88732657	LTR/ERVL-MaLR	472	+	34	88732622	89288
chr8	88643334	88843334	harbor1	chr8	88733081	88733569	LTR/ERVL-MaLR	1599	+	244	88733325	89991
chr8	3478227	3678227	harbor1	chr8	3481485	3481962	LTR/ERVL-MaLR	1246	+	238	3481723	3496
chr8	3478227	3678227	harbor1	chr8	3549409	3549865	LTR/ERVL-MaLR	1666	+	228	3549637	71410
chr8	87305618	87505618	harbor1	chr8	87341507	87341909	LTR/ERVL-MaLR	1615	+	201	87341708	36090
chr8	87305618	87505618	harbor1	chr8	87355787	87356195	LTR/ERVL-MaLR	2102	+	204	87355991	50373
chr8	87305618	87505618	harbor1	chr8	87356199	87357793	LTR/ERVL-MaLR	8447	+	797	87356996	51378
chr8	87305618	87505618	harbor1	chr8	87357794	87358212	LTR/ERVL-MaLR	2284	+	209	87358003	52385
chr8	87305618	87505618	harbor1	chr8	87395715	87396094	LTR/ERVL-MaLR	2523	+	190	87395905	90287
chr8	87305618	87505618	harbor1	chr8	87397721	87398079	LTR/ERVL-MaLR	2054	+	179	87397900	92282
chr8	77857681	78057681	harbor1	chr8	77859325	77859500	LTR/ERVL-MaLR	406	+	88	77859413	1732
chr8	77857681	78057681	harbor1	chr8	77859738	77860152	LTR/ERVL-MaLR	495	+	207	77859945	2264
chr8	77857681	78057681	harbor1	chr8	77884716	77885318	LTR/ERVL-MaLR	1852	+	301	77885017	27336
chr8	77857681	78057681	harbor1	chr8	77911418	77911799	LTR/ERVL-MaLR	1204	+	190	77911608	53927
chr8	77857681	78057681	harbor1	chr8	77920966	77921466	LTR/ERVL-MaLR	1727	+	250	77921216	63535
chr8	77857681	78057681	harbor1	chr8	77921467	77922688	LTR/ERVL-MaLR	1867	+	610	77922077	64396
chr8	140997045	141197045	harbor1	chr8	141003125	141003565	LTR/ERVL-MaLR	1271	+	220	141003345	6300
chr8	140997045	141197045	harbor1	chr8	141026651	141026924	LTR/ERVL-MaLR	402	+	136	141026787	29742
chr8	140997045	141197045	harbor1	chr8	141028487	141028769	LTR/ERVL-MaLR	727	+	141	141028628	31583
chr8	140997045	141197045	harbor1	chr8	141035014	141035418	LTR/ERVL-MaLR	1459	+	202	141035216	38171
chr8	140997045	141197045	harbor1	chr8	141052167	141052488	LTR/ERVL-MaLR	1655	+	160	141052327	55282
chr8	140997045	141197045	harbor1	chr8	141070615	141070862	LTR/ERVL-MaLR	853	+	124	141070739	73694
chr8	140997045	141197045	harbor1	chr8	141079983	141080322	LTR/ERVL-MaLR	1209	+	170	141080153	83108
chr8	122485414	122685414	harbor1	chr8	122485511	122485582	LTR/ERVL-MaLR	569	+	36	122485547	133
chr8	122485414	122685414	harbor1	chr8	122491781	122492145	LTR/ERVL-MaLR	1557	+	182	122491963	6549
chr8	122485414	122685414	harbor1	chr8	122508658	122508940	LTR/ERVL-MaLR	481	+	141	122508799	23385
chr8	122485414	122685414	harbor1	chr8	122509853	122510261	LTR/ERVL-MaLR	2155	+	204	122510057	24643
chr8	122485414	122685414	harbor1	chr8	122513772	122514408	LTR/ERVL-MaLR	2211	+	318	122514090	28676
chr8	122485414	122685414	harbor1	chr8	122514894	122515290	LTR/ERVL-MaLR	1552	+	198	122515092	29678
chr8	122485414	122685414	harbor1	chr8	122517250	122517668	LTR/ERVL-MaLR	2664	+	209	122517459	32045
chr8	122485414	122685414	harbor1	chr8	122522441	122522848	LTR/ERVL-MaLR	1679	+	204	122522645	37231
chr8	122485414	122685414	harbor1	chr8	122539757	122540288	LTR/ERVL-MaLR	2467	+	266	122540023	54609
chr8	122485414	122685414	harbor1	chr8	122542824	122543119	LTR/ERVL-MaLR	620	+	148	122542972	57558
chr8	122485414	122685414	harbor1	chr8	122543459	122543528	LTR/ERVL-MaLR	620	+	34	122543493	58079
chr8	122485414	122685414	harbor1	chr8	122545670	122545842	LTR/ERVL-MaLR	1093	+	86	122545756	60342
chr8	122485414	122685414	harbor1	chr8	122545877	122546011	LTR/ERVL-MaLR	1093	+	67	122545944	60530
chr8	122485414	122685414	harbor1	chr8	122578060	122578502	LTR/ERVL-MaLR	1989	+	221	122578281	92867
chr8	138055735	138255735	harbor1	chr8	138056029	138056298	LTR/ERVL-MaLR	436	+	134	138056163	428
chr8	138055735	138255735	harbor1	chr8	138060167	138060668	LTR/ERVL-MaLR	1720	+	250	138060417	4682
chr8	138055735	138255735	harbor1	chr8	138114045	138114385	LTR/ERVL-MaLR	2233	+	170	138114215	58480
chr8	39467838	39667838	harbor1	chr8	39471540	39471835	LTR/ERVL-MaLR	1580	+	148	39471688	3850
chr8	39467838	39667838	harbor1	chr8	39475873	39475923	LTR/ERVL-MaLR	2870	+	25	39475898	8060
chr8	39467838	39667838	harbor1	chr8	39476216	39476715	LTR/ERVL-MaLR	2870	+	250	39476466	8628
chr8	39467838	39667838	harbor1	chr8	39476716	39477123	LTR/ERVL-MaLR	2124	+	204	39476920	9082
chr8	39467838	39667838	harbor1	chr8	39477124	39477888	LTR/ERVL-MaLR	2870	+	382	39477506	9668
chr8	39467838	39667838	harbor1	chr8	39498471	39498757	LTR/ERVL-MaLR	1592	+	143	39498614	30776
chr8	39467838	39667838	harbor1	chr8	39529189	39529548	LTR/ERVL-MaLR	1138	+	180	39529369	61531
chr8	39467838	39667838	harbor1	chr8	39554791	39555209	LTR/ERVL-MaLR	2457	+	209	39555000	87162
chr8	39467838	39667838	harbor1	chr8	39555210	39555754	LTR/ERVL-MaLR	2789	+	272	39555482	87644
chr8	49983977	50183977	harbor1	chr8	50027378	50027762	LTR/ERVL-MaLR	602	+	192	50027570	43593
chr8	30215439	30415439	harbor1	chr8	30218037	30218361	LTR/ERVL-MaLR	1827	+	162	30218199	2760
chr8	30215439	30415439	harbor1	chr8	30218362	30218717	LTR/ERVL-MaLR	2399	+	178	30218540	3101
chr8	30215439	30415439	harbor1	chr8	30218718	30218823	LTR/ERVL-MaLR	1827	+	52	30218770	3331
chr8	30215439	30415439	harbor1	chr8	30219431	30219474	LTR/ERVL-MaLR	1827	+	22	30219453	4014
chr8	30215439	30415439	harbor1	chr8	30231418	30231695	LTR/ERVL-MaLR	589	+	138	30231556	16117
chr8	30215439	30415439	harbor1	chr8	30232808	30232971	LTR/ERVL-MaLR	818	+	82	30232890	17451
chr8	30215439	30415439	harbor1	chr8	30233254	30233559	LTR/ERVL-MaLR	818	+	152	30233406	17967
chr8	30215439	30415439	harbor1	chr8	30242374	30242851	LTR/ERVL-MaLR	2383	+	238	30242612	27173
chr8	30215439	30415439	harbor1	chr8	30251705	30252084	LTR/ERVL-MaLR	2018	+	190	30251895	36456
chr8	30215439	30415439	harbor1	chr8	30255188	30255238	LTR/ERVL-MaLR	1560	+	25	30255213	39774
chr8	30215439	30415439	harbor1	chr8	30255355	30255689	LTR/ERVL-MaLR	1560	+	167	30255522	40083
chr8	30215439	30415439	harbor1	chr8	30259105	30259451	LTR/ERVL-MaLR	2306	+	173	30259278	43839
chr8	30215439	30415439	harbor1	chr8	30261297	30261660	LTR/ERVL-MaLR	2266	+	182	30261479	46040
chr8	30215439	30415439	harbor1	chr8	30264883	30265082	LTR/ERVL-MaLR	2195	+	100	30264983	49544
chr8	30215439	30415439	harbor1	chr8	30265379	30265589	LTR/ERVL-MaLR	2195	+	105	30265484	50045
chr8	30215439	30415439	harbor1	chr8	30272570	30273081	LTR/ERVL-MaLR	2156	+	256	30272826	57387
chr8	30215439	30415439	harbor1	chr8	30273677	30274023	LTR/ERVL-MaLR	2129	+	173	30273850	58411
chr8	30215439	30415439	harbor1	chr8	30274326	30274367	LTR/ERVL-MaLR	2129	+	20	30274346	58907
chr8	30215439	30415439	harbor1	chr8	30294358	30294754	LTR/ERVL-MaLR	2087	+	198	30294556	79117
chr8	30215439	30415439	harbor1	chr8	30295469	30295565	LTR/ERVL-MaLR	1014	+	48	30295517	80078
chr8	30215439	30415439	harbor1	chr8	30297839	30298241	LTR/ERVL-MaLR	2200	+	201	30298040	82601
chr8	30215439	30415439	harbor1	chr8	30300284	30300651	LTR/ERVL-MaLR	747	+	184	30300468	85029
chr8	30215439	30415439	harbor1	chr8	30300956	30301188	LTR/ERVL-MaLR	747	+	116	30301072	85633
chr8	30215439	30415439	harbor1	chr8	30312268	30312566	LTR/ERVL-MaLR	1878	+	149	30312417	96978
chr8	30215439	30415439	harbor1	chr8	30312567	30312921	LTR/ERVL-MaLR	2906	+	177	30312744	97305
chr8	30215439	30415439	harbor1	chr8	30312922	30312982	LTR/ERVL-MaLR	1878	+	30	30312952	97513
chr8	48242195	48442195	harbor1	chr8	48259029	48259193	LTR/ERVL-MaLR	572	+	82	48259111	16916
chr8	48242195	48442195	harbor1	chr8	48301113	48301471	LTR/ERVL-MaLR	1564	+	179	48301292	59097
chr8	48242195	48442195	harbor1	chr8	48303720	48304148	LTR/ERVL-MaLR	2678	+	214	48303934	61739
chr8	48242195	48442195	harbor1	chr8	48341979	48342333	LTR/ERVL-MaLR	1808	+	177	48342156	99961
chr8	20069818	20269818	harbor1	chr8	20083177	20083425	LTR/ERVL-MaLR	808	+	124	20083301	13483
chr8	20069818	20269818	harbor1	chr8	20095131	20095536	LTR/ERVL-MaLR	1477	+	202	20095333	25515
chr8	20069818	20269818	harbor1	chr8	20101833	20102195	LTR/ERVL-MaLR	2312	+	181	20102014	32196
chr8	20069818	20269818	harbor1	chr8	20112621	20112949	LTR/ERVL-MaLR	981	+	164	20112785	42967
chr8	20069818	20269818	harbor1	chr8	20118788	20119171	LTR/ERVL-MaLR	2489	+	192	20118980	49162
chr8	20069818	20269818	harbor1	chr8	20125738	20126114	LTR/ERVL-MaLR	1639	+	188	20125926	56108
chr8	20069818	20269818	harbor1	chr8	20153866	20154209	LTR/ERVL-MaLR	1537	+	172	20154038	84220
chr8	20069818	20269818	harbor1	chr8	20166691	20167090	LTR/ERVL-MaLR	1662	+	200	20166891	97073
chr8	131623747	131823747	harbor1	chr8	131624408	131624593	LTR/ERVL-MaLR	902	+	92	131624500	753
chr8	131623747	131823747	harbor1	chr8	131687249	131687614	LTR/ERVL-MaLR	1575	+	182	131687431	63684
chr8	131623747	131823747	harbor1	chr8	131689150	131689541	LTR/ERVL-MaLR	1641	+	196	131689346	65599
chr8	131623747	131823747	harbor1	chr8	131716370	131716529	LTR/ERVL-MaLR	524	+	80	131716450	92703
chr8	21177681	21377681	harbor1	chr8	21184963	21185075	LTR/ERVL-MaLR	663	+	56	21185019	7338
chr8	21177681	21377681	harbor1	chr8	21190302	21190487	LTR/ERVL-MaLR	424	+	92	21190394	12713
chr8	21177681	21377681	harbor1	chr8	21190796	21190914	LTR/ERVL-MaLR	424	+	59	21190855	13174
chr8	21177681	21377681	harbor1	chr8	21197677	21198066	LTR/ERVL-MaLR	2001	+	194	21197871	20190
chr8	21177681	21377681	harbor1	chr8	21213351	21213817	LTR/ERVL-MaLR	850	+	233	21213584	35903
chr8	21177681	21377681	harbor1	chr8	21216096	21216685	LTR/ERVL-MaLR	788	+	294	21216390	38709
chr8	21177681	21377681	harbor1	chr8	21219024	21219430	LTR/ERVL-MaLR	1151	+	203	21219227	41546
chr8	21177681	21377681	harbor1	chr8	21219431	21219563	LTR/ERVL-MaLR	827	+	66	21219497	41816
chr8	21177681	21377681	harbor1	chr8	21219693	21220313	LTR/ERVL-MaLR	2748	+	310	21220003	42322
chr8	21177681	21377681	harbor1	chr8	21267907	21268395	LTR/ERVL-MaLR	1265	+	244	21268151	90470
chr8	21177681	21377681	harbor1	chr8	21233414	21233797	LTR/ERVL-MaLR	2392	+	192	21233606	55925
chr8	42859941	43059941	harbor1	chr8	42876351	42876645	LTR/ERVL-MaLR	1312	+	147	42876498	16557
chr8	42859941	43059941	harbor1	chr8	42877480	42877518	LTR/ERVL-MaLR	1288	+	19	42877499	17558
chr8	42859941	43059941	harbor1	chr8	42921629	42921878	LTR/ERVL-MaLR	408	+	124	42921753	61812
chr8	121924768	122124768	harbor1	chr8	121924774	121925137	LTR/ERVL-MaLR	1660	+	182	121924956	188
chr8	121924768	122124768	harbor1	chr8	121941884	121942239	LTR/ERVL-MaLR	1857	+	178	121942062	17294
chr8	121924768	122124768	harbor1	chr8	121943338	121943696	LTR/ERVL-MaLR	1719	+	179	121943517	18749
chr8	121924768	122124768	harbor1	chr8	121961720	121962153	LTR/ERVL-MaLR	2084	+	216	121961936	37168
chr8	121924768	122124768	harbor1	chr8	121973371	121973840	LTR/ERVL-MaLR	2183	+	234	121973605	48837
chr8	121924768	122124768	harbor1	chr8	121985341	121985495	LTR/ERVL-MaLR	2040	+	77	121985418	60650
chr8	121924768	122124768	harbor1	chr8	121985781	121986257	LTR/ERVL-MaLR	2040	+	238	121986019	61251
chr8	121924768	122124768	harbor1	chr8	121993567	121993832	LTR/ERVL-MaLR	465	+	132	121993699	68931
chr8	131580240	131780240	harbor1	chr8	131592375	131592716	LTR/ERVL-MaLR	2072	+	170	131592545	12305
chr8	131580240	131780240	harbor1	chr8	131603029	131603470	LTR/ERVL-MaLR	597	+	220	131603249	23009
chr8	131580240	131780240	harbor1	chr8	131624408	131624593	LTR/ERVL-MaLR	902	+	92	131624500	44260
chr8	41187673	41387673	harbor1	chr8	41190418	41190900	LTR/ERVL-MaLR	1065	+	241	41190659	2986
chr8	41187673	41387673	harbor1	chr8	41198814	41198861	LTR/ERVL-MaLR	1109	+	24	41198838	11165
chr8	41187673	41387673	harbor1	chr8	41198890	41199065	LTR/ERVL-MaLR	1109	+	88	41198978	11305
chr8	41187673	41387673	harbor1	chr8	41209541	41209952	LTR/ERVL-MaLR	2285	+	206	41209747	22074
chr8	41187673	41387673	harbor1	chr8	41222582	41222788	LTR/ERVL-MaLR	455	+	103	41222685	35012
chr8	41187673	41387673	harbor1	chr8	41243442	41243883	LTR/ERVL-MaLR	1949	+	220	41243662	55989
chr8	137611141	137811141	harbor1	chr8	137614452	137614821	LTR/ERVL-MaLR	1738	+	184	137614636	3495
chr8	137611141	137811141	harbor1	chr8	137617216	137617601	LTR/ERVL-MaLR	1622	+	192	137617408	6267
chr8	137611141	137811141	harbor1	chr8	137641285	137641665	LTR/ERVL-MaLR	2268	+	190	137641475	30334
chr8	137611141	137811141	harbor1	chr8	137671474	137671869	LTR/ERVL-MaLR	762	+	198	137671672	60531
chr8	137611141	137811141	harbor1	chr8	137677608	137677758	LTR/ERVL-MaLR	415	+	75	137677683	66542
chr8	137611141	137811141	harbor1	chr8	137678571	137679448	LTR/ERVL-MaLR	2180	+	438	137679009	67868
chr8	137611141	137811141	harbor1	chr8	137679450	137679823	LTR/ERVL-MaLR	1008	+	186	137679636	68495
chr8	82878747	83078747	harbor1	chr8	82903682	82903933	LTR/ERVL-MaLR	1706	+	126	82903808	25061
chr8	82878747	83078747	harbor1	chr8	82904172	82904519	LTR/ERVL-MaLR	1379	+	174	82904346	25599
chr8	82878747	83078747	harbor1	chr8	82907816	82908379	LTR/ERVL-MaLR	2112	+	282	82908098	29351
chr8	82878747	83078747	harbor1	chr8	82913056	82913454	LTR/ERVL-MaLR	1438	+	199	82913255	34508
chr8	82878747	83078747	harbor1	chr8	82952812	82953178	LTR/ERVL-MaLR	2055	+	183	82952995	74248
chr8	82878747	83078747	harbor1	chr8	82963046	82963429	LTR/ERVL-MaLR	1509	+	192	82963238	84491
chr8	82878747	83078747	harbor1	chr8	82903023	82903150	LTR/ERVL-MaLR	1706	+	64	82903087	24340
chr8	119194882	119394882	harbor1	chr8	119198038	119198528	LTR/ERVL-MaLR	757	+	245	119198283	3401
chr8	119194882	119394882	harbor1	chr8	119251916	119252233	LTR/ERVL-MaLR	977	+	158	119252074	57192
chr8	119194882	119394882	harbor1	chr8	119269949	119270524	LTR/ERVL-MaLR	463	+	288	119270237	75355
chr8	35569946	35769946	harbor1	chr8	35607499	35607837	LTR/ERVL-MaLR	1292	+	169	35607668	37722
chr8	97500299	97700299	harbor1	chr8	97510573	97511133	LTR/ERVL-MaLR	2034	+	280	97510853	10554
chr8	97500299	97700299	harbor1	chr8	97511175	97512481	LTR/ERVL-MaLR	3341	+	653	97511828	11529
chr8	97500299	97700299	harbor1	chr8	97512482	97513050	LTR/ERVL-MaLR	1904	+	284	97512766	12467
chr8	97500299	97700299	harbor1	chr8	97540880	97541089	LTR/ERVL-MaLR	619	+	104	97540984	40685
chr8	97500299	97700299	harbor1	chr8	97570704	97571058	LTR/ERVL-MaLR	2511	+	177	97570881	70582
chr8	97500299	97700299	harbor1	chr8	97574750	97575102	LTR/ERVL-MaLR	1650	+	176	97574926	74627
chr8	97500299	97700299	harbor1	chr8	97575504	97575960	LTR/ERVL-MaLR	2217	+	228	97575732	75433
chr8	75529986	75729986	harbor1	chr8	75579433	75579842	LTR/ERVL-MaLR	2049	+	204	75579637	49651
chr8	99593960	99793960	harbor1	chr8	99646610	99647018	LTR/ERVL-MaLR	2133	+	204	99646814	52854
chr8	87611523	87811523	harbor1	chr8	87614894	87615259	LTR/ERVL-MaLR	1470	+	182	87615076	3553
chr8	87611523	87811523	harbor1	chr8	87647399	87647829	LTR/ERVL-MaLR	1852	+	215	87647614	36091
chr8	87611523	87811523	harbor1	chr8	87682136	87682433	LTR/ERVL-MaLR	1702	+	148	87682284	70761
chr8	87611523	87811523	harbor1	chr8	87688364	87688794	LTR/ERVL-MaLR	931	+	215	87688579	77056
chr8	114077220	114277220	harbor1	chr8	114076962	114077358	LTR/ERVL-MaLR	1612	+	198	114077160	60
chr8	114077220	114277220	harbor1	chr8	114113413	114113773	LTR/ERVL-MaLR	1909	+	180	114113593	36373
chr8	114077220	114277220	harbor1	chr8	114125365	114125497	LTR/ERVL-MaLR	1349	+	66	114125431	48211
chr8	114077220	114277220	harbor1	chr8	114125804	114125911	LTR/ERVL-MaLR	1349	+	54	114125858	48638
chr8	114077220	114277220	harbor1	chr8	114126244	114126344	LTR/ERVL-MaLR	1349	+	50	114126294	49074
chr8	86417115	86617115	harbor1	chr8	86484031	86484435	LTR/ERVL-MaLR	1776	+	202	86484233	67118
chr8	86417115	86617115	harbor1	chr8	86484747	86484811	LTR/ERVL-MaLR	1776	+	32	86484779	67664
chr8	86417115	86617115	harbor1	chr8	86490200	86490697	LTR/ERVL-MaLR	1598	+	248	86490448	73333
chr8	86417115	86617115	harbor1	chr8	86510555	86510761	LTR/ERVL-MaLR	1102	+	103	86510658	93543
chr8	43125137	43325137	harbor1	chr8	43133035	43133150	LTR/ERVL-MaLR	414	+	58	43133093	7956
chr8	43125137	43325137	harbor1	chr8	43194738	43194965	LTR/ERVL-MaLR	1279	+	114	43194852	69715
chr8	43125137	43325137	harbor1	chr8	43213178	43213222	LTR/ERVL-MaLR	1676	+	22	43213200	88063
chr8	43125137	43325137	harbor1	chr8	43213526	43213919	LTR/ERVL-MaLR	1676	+	196	43213722	88585
chr8	132428186	132628186	harbor1	chr8	132439449	132439909	LTR/ERVL-MaLR	1855	+	230	132439679	11493
chr8	132428186	132628186	harbor1	chr8	132451016	132451374	LTR/ERVL-MaLR	2593	+	179	132451195	23009
chr8	132428186	132628186	harbor1	chr8	132474875	132475232	LTR/ERVL-MaLR	1884	+	178	132475053	46867
chr8	132428186	132628186	harbor1	chr8	132475233	132476853	LTR/ERVL-MaLR	11450	+	810	132476043	47857
chr8	132428186	132628186	harbor1	chr8	132476854	132477234	LTR/ERVL-MaLR	1570	+	190	132477044	48858
chr8	132428186	132628186	harbor1	chr8	132498686	132499062	LTR/ERVL-MaLR	1087	+	188	132498874	70688
chr8	132428186	132628186	harbor1	chr8	132506685	132507165	LTR/ERVL-MaLR	843	+	240	132506925	78739
chr8	132428186	132628186	harbor1	chr8	132514139	132514182	LTR/ERVL-MaLR	1325	+	22	132514161	85975
chr8	132428186	132628186	harbor1	chr8	132518844	132518997	LTR/ERVL-MaLR	1856	+	76	132518920	90734
chr8	132428186	132628186	harbor1	chr8	132519288	132519502	LTR/ERVL-MaLR	1856	+	107	132519395	91209
chr8	132428186	132628186	harbor1	chr8	132526919	132527215	LTR/ERVL-MaLR	505	+	148	132527067	98881
chr8	132428186	132628186	harbor1	chr8	132513462	132513838	LTR/ERVL-MaLR	1325	+	188	132513650	85464
chr8	139275775	139475775	harbor1	chr8	139281230	139281713	LTR/ERVL-MaLR	1901	+	242	139281472	5697
chr8	139275775	139475775	harbor1	chr8	139296029	139296385	LTR/ERVL-MaLR	1842	+	178	139296207	20432
chr8	139275775	139475775	harbor1	chr8	139327150	139327518	LTR/ERVL-MaLR	1985	+	184	139327334	51559
chr8	139275775	139475775	harbor1	chr8	139343029	139343379	LTR/ERVL-MaLR	1018	+	175	139343204	67429
chr8	139275775	139475775	harbor1	chr8	139349552	139349690	LTR/ERVL-MaLR	466	+	69	139349621	73846
chr8	139275775	139475775	harbor1	chr8	139296561	139297023	LTR/ERVL-MaLR	1880	+	231	139296792	21017
chr8	97567744	97767744	harbor1	chr8	97570704	97571058	LTR/ERVL-MaLR	2511	+	177	97570881	3137
chr8	97567744	97767744	harbor1	chr8	97574750	97575102	LTR/ERVL-MaLR	1650	+	176	97574926	7182
chr8	97567744	97767744	harbor1	chr8	97575504	97575960	LTR/ERVL-MaLR	2217	+	228	97575732	7988
chr8	97567744	97767744	harbor1	chr8	97616697	97617031	LTR/ERVL-MaLR	1291	+	167	97616864	49120
chr8	97567744	97767744	harbor1	chr8	97633335	97633727	LTR/ERVL-MaLR	1734	+	196	97633531	65787
chr8	97567744	97767744	harbor1	chr8	97640298	97640448	LTR/ERVL-MaLR	758	+	75	97640373	72629
chr8	84326857	84526857	harbor1	chr8	84339874	84340238	LTR/ERVL-MaLR	2479	+	182	84340056	13199
chr8	84326857	84526857	harbor1	chr8	84355876	84356246	LTR/ERVL-MaLR	1871	+	185	84356061	29204
chr8	84326857	84526857	harbor1	chr8	84396929	84397370	LTR/ERVL-MaLR	1836	+	220	84397149	70292
chr9	3878977	4078977	harbor1	chr9	3959051	3959431	LTR/ERVL-MaLR	1901	+	190	3959241	80264
chr9	3878977	4078977	harbor1	chr9	3959759	3959869	LTR/ERVL-MaLR	1506	+	55	3959814	80837
chr9	3878977	4078977	harbor1	chr9	3960155	3960403	LTR/ERVL-MaLR	1506	+	124	3960279	81302
chr9	133562011	133762011	harbor1	chr9	133582679	133582909	LTR/ERVL-MaLR	438	+	115	133582794	20783
chr9	133562011	133762011	harbor1	chr9	133623406	133623785	LTR/ERVL-MaLR	2277	+	190	133623596	61585
chr9	41505391	41705391	harbor1	chr9	41506593	41506987	LTR/ERVL-MaLR	982	+	197	41506790	1399
chr9	41505391	41705391	harbor1	chr9	41530077	41530442	LTR/ERVL-MaLR	2005	+	182	41530259	24868
chr9	41505391	41705391	harbor1	chr9	41549002	41549349	LTR/ERVL-MaLR	1849	+	174	41549176	43785
chr9	41505391	41705391	harbor1	chr9	41576267	41576686	LTR/ERVL-MaLR	2560	+	210	41576477	71086
chr9	41505391	41705391	harbor1	chr9	41576687	41578244	LTR/ERVL-MaLR	8112	+	778	41577465	72074
chr9	41505391	41705391	harbor1	chr9	41578250	41578675	LTR/ERVL-MaLR	2300	+	212	41578462	73071
chr9	41505391	41705391	harbor1	chr9	41597415	41597571	LTR/ERVL-MaLR	715	+	78	41597493	92102
chr9	41505391	41705391	harbor1	chr9	41599198	41600767	LTR/ERVL-MaLR	11420	+	784	41599982	94591
chr9	41505391	41705391	harbor1	chr9	41600776	41601136	LTR/ERVL-MaLR	1918	+	180	41600956	95565
chr9	41505391	41705391	harbor1	chr9	41598834	41599197	LTR/ERVL-MaLR	1959	+	182	41599016	93625
chr9	41505391	41705391	harbor1	chr9	41549616	41549992	LTR/ERVL-MaLR	2010	+	188	41549804	44413
chr9	4003941	4203941	harbor1	chr9	4014298	4014754	LTR/ERVL-MaLR	1935	+	228	4014526	10585
chr9	4003941	4203941	harbor1	chr9	4047021	4047378	LTR/ERVL-MaLR	2146	+	178	4047199	43258
chr9	4003941	4203941	harbor1	chr9	4060421	4060817	LTR/ERVL-MaLR	1980	+	198	4060619	56678
chr9	4003941	4203941	harbor1	chr9	4081366	4081681	LTR/ERVL-MaLR	457	+	158	4081524	77583
chr9	4003941	4203941	harbor1	chr9	4085571	4085987	LTR/ERVL-MaLR	2258	+	208	4085779	81838
chr9	4003941	4203941	harbor1	chr9	4091660	4091842	LTR/ERVL-MaLR	973	+	91	4091751	87810
chr9	74190838	74390838	harbor1	chr9	74201919	74202366	LTR/ERVL-MaLR	1487	+	224	74202143	11305
chr9	74190838	74390838	harbor1	chr9	74239744	74240197	LTR/ERVL-MaLR	1947	+	226	74239970	49132
chr9	74190838	74390838	harbor1	chr9	74252898	74253029	LTR/ERVL-MaLR	1148	+	66	74252964	62126
chr9	74190838	74390838	harbor1	chr9	74253129	74253313	LTR/ERVL-MaLR	1148	+	92	74253221	62383
chr9	32537660	32737660	harbor1	chr9	32555262	32556203	LTR/ERVL-MaLR	1811	+	470	32555732	18072
chr9	32537660	32737660	harbor1	chr9	32610048	32610182	LTR/ERVL-MaLR	966	+	67	32610115	72455
chr9	32537660	32737660	harbor1	chr9	32610297	32610307	LTR/ERVL-MaLR	966	+	5	32610302	72642
chr9	32537660	32737660	harbor1	chr9	32610390	32610795	LTR/ERVL-MaLR	966	+	202	32610592	72932
chr9	32537660	32737660	harbor1	chr9	32554738	32555130	LTR/ERVL-MaLR	1811	+	196	32554934	17274
chr9	37311312	37511312	harbor1	chr9	37313546	37313925	LTR/ERVL-MaLR	1854	+	190	37313736	2424
chr9	37311312	37511312	harbor1	chr9	37374810	37375174	LTR/ERVL-MaLR	1439	+	182	37374992	63680
chr9	37311312	37511312	harbor1	chr9	37382005	37382379	LTR/ERVL-MaLR	600	+	187	37382192	70880
chr9	37311312	37511312	harbor1	chr9	37392515	37392910	LTR/ERVL-MaLR	647	+	198	37392713	81401
chr9	123320832	123520832	harbor1	chr9	123329412	123329776	LTR/ERVL-MaLR	1058	+	182	123329594	8762
chr9	67017542	67217542	harbor1	chr9	67022598	67023056	LTR/ERVL-MaLR	1654	+	229	67022827	5285
chr9	67017542	67217542	harbor1	chr9	67101106	67101466	LTR/ERVL-MaLR	2103	+	180	67101286	83744
chr9	67017542	67217542	harbor1	chr9	67112139	67112576	LTR/ERVL-MaLR	1229	+	218	67112357	94815
chr9	75220553	75420553	harbor1	chr9	75234375	75234700	LTR/ERVL-MaLR	1351	+	162	75234537	13984
chr9	75220553	75420553	harbor1	chr9	75246093	75246455	LTR/ERVL-MaLR	1784	+	181	75246274	25721
chr9	75220553	75420553	harbor1	chr9	75246456	75248054	LTR/ERVL-MaLR	11089	+	799	75247255	26702
chr9	75220553	75420553	harbor1	chr9	75248055	75248434	LTR/ERVL-MaLR	2259	+	190	75248245	27692
chr9	75220553	75420553	harbor1	chr9	75270171	75270526	LTR/ERVL-MaLR	1881	+	178	75270349	49796
chr9	99198133	99398133	harbor1	chr9	99198015	99198484	LTR/ERVL-MaLR	1118	+	234	99198249	116
chr9	99198133	99398133	harbor1	chr9	99236221	99236612	LTR/ERVL-MaLR	1983	+	196	99236417	38284
chr9	99198133	99398133	harbor1	chr9	99279179	99279537	LTR/ERVL-MaLR	1989	+	179	99279358	81225
chr9	99198133	99398133	harbor1	chr9	99294928	99295213	LTR/ERVL-MaLR	523	+	142	99295070	96937
chr9	99198133	99398133	harbor1	chr9	99237826	99238184	LTR/ERVL-MaLR	2397	+	179	99238005	39872
chr9	72449973	72649973	harbor1	chr9	72499291	72499459	LTR/ERVL-MaLR	1054	+	84	72499375	49402
chr9	72449973	72649973	harbor1	chr9	72499762	72499813	LTR/ERVL-MaLR	1054	+	26	72499788	49815
chr9	72449973	72649973	harbor1	chr9	72500589	72500768	LTR/ERVL-MaLR	1147	+	90	72500679	50706
chr9	72449973	72649973	harbor1	chr9	72528001	72528335	LTR/ERVL-MaLR	1674	+	167	72528168	78195
chr9	72449973	72649973	harbor1	chr9	72528634	72528676	LTR/ERVL-MaLR	1674	+	21	72528655	78682
chr9	72449973	72649973	harbor1	chr9	72482645	72483063	LTR/ERVL-MaLR	2598	+	209	72482854	32881
chr9	8025004	8225004	harbor1	chr9	8088808	8089199	LTR/ERVL-MaLR	509	+	196	8089004	64000
chr9	8025004	8225004	harbor1	chr9	8089797	8090162	LTR/ERVL-MaLR	1890	+	182	8089979	64975
chr9	85797048	85997048	harbor1	chr9	85855731	85856106	LTR/ERVL-MaLR	2158	+	188	85855919	58871
chr9	85797048	85997048	harbor1	chr9	85871067	85871535	LTR/ERVL-MaLR	652	+	234	85871301	74253
chr9	76643690	76843690	harbor1	chr9	76658871	76659226	LTR/ERVL-MaLR	1045	+	178	76659049	15359
chr9	76643690	76843690	harbor1	chr9	76664027	76664515	LTR/ERVL-MaLR	2474	+	244	76664271	20581
chr9	76643690	76843690	harbor1	chr9	76664813	76664849	LTR/ERVL-MaLR	2474	+	18	76664831	21141
chr9	76643690	76843690	harbor1	chr9	76683021	76683321	LTR/ERVL-MaLR	814	+	150	76683171	39481
chr9	76643690	76843690	harbor1	chr9	76685415	76685797	LTR/ERVL-MaLR	2152	+	191	76685606	41916
chr9	76643690	76843690	harbor1	chr9	76734668	76734841	LTR/ERVL-MaLR	480	+	86	76734754	91064
chr9	76643690	76843690	harbor1	chr9	76735006	76735243	LTR/ERVL-MaLR	525	+	118	76735124	91434
chr9	76643690	76843690	harbor1	chr9	76742895	76743267	LTR/ERVL-MaLR	2803	+	186	76743081	99391
chr9	105625987	105825987	harbor1	chr9	105642747	105643140	LTR/ERVL-MaLR	2192	+	196	105642943	16956
chr9	7862446	8062446	harbor1	chr9	7875649	7876025	LTR/ERVL-MaLR	2329	+	188	7875837	13391
chr9	7862446	8062446	harbor1	chr9	7876028	7877650	LTR/ERVL-MaLR	11035	+	811	7876839	14393
chr9	7862446	8062446	harbor1	chr9	7877651	7878035	LTR/ERVL-MaLR	1571	+	192	7877843	15397
chr9	7862446	8062446	harbor1	chr9	7898473	7898988	LTR/ERVL-MaLR	1656	+	258	7898731	36285
chr9	7862446	8062446	harbor1	chr9	7910353	7910778	LTR/ERVL-MaLR	1002	+	212	7910565	48119
chr9	7862446	8062446	harbor1	chr9	7915819	7915975	LTR/ERVL-MaLR	916	+	78	7915897	53451
chr9	7862446	8062446	harbor1	chr9	7916281	7916379	LTR/ERVL-MaLR	916	+	49	7916330	53884
chr9	7862446	8062446	harbor1	chr9	7919896	7920261	LTR/ERVL-MaLR	570	+	182	7920078	57632
chr9	7862446	8062446	harbor1	chr9	7926642	7926819	LTR/ERVL-MaLR	555	+	88	7926730	64284
chr9	7862446	8062446	harbor1	chr9	7926823	7927060	LTR/ERVL-MaLR	507	+	118	7926941	64495
chr9	7862446	8062446	harbor1	chr9	7927772	7928144	LTR/ERVL-MaLR	1560	+	186	7927958	65512
chr9	7862446	8062446	harbor1	chr9	7943175	7943545	LTR/ERVL-MaLR	2716	+	185	7943360	80914
chr9	7862446	8062446	harbor1	chr9	7953489	7953823	LTR/ERVL-MaLR	1698	+	167	7953656	91210
chr9	31297537	31497537	harbor1	chr9	31367521	31367609	LTR/ERVL-MaLR	456	+	44	31367565	70028
chr9	31297537	31497537	harbor1	chr9	31380140	31380653	LTR/ERVL-MaLR	1775	+	256	31380396	82859
chr9	66799737	66999737	harbor1	chr9	66846835	66847086	LTR/ERVL-MaLR	473	+	126	66846961	47224
chr9	66799737	66999737	harbor1	chr9	66858362	66858485	LTR/ERVL-MaLR	441	+	62	66858424	58687
chr9	91185735	91385735	harbor1	chr9	91188731	91188770	LTR/ERVL-MaLR	1239	+	20	91188751	3016
chr9	91185735	91385735	harbor1	chr9	91189194	91189643	LTR/ERVL-MaLR	1239	+	224	91189418	3683
chr9	91185735	91385735	harbor1	chr9	91235751	91236066	LTR/ERVL-MaLR	436	+	158	91235909	50174
chr9	14383528	14583528	harbor1	chr9	14390553	14390916	LTR/ERVL-MaLR	2231	+	182	14390735	7207
chr9	14383528	14583528	harbor1	chr9	14404559	14404931	LTR/ERVL-MaLR	419	+	186	14404745	21217
chr9	14383528	14583528	harbor1	chr9	14404973	14405360	LTR/ERVL-MaLR	1264	+	194	14405167	21639
chr9	14383528	14583528	harbor1	chr9	14405381	14406590	LTR/ERVL-MaLR	2322	+	604	14405985	22457
chr9	14383528	14583528	harbor1	chr9	14406591	14406976	LTR/ERVL-MaLR	961	+	192	14406783	23255
chr9	14383528	14583528	harbor1	chr9	14407026	14407158	LTR/ERVL-MaLR	430	+	66	14407092	23564
chr9	14383528	14583528	harbor1	chr9	14411706	14412196	LTR/ERVL-MaLR	1944	+	245	14411951	28423
chr9	14383528	14583528	harbor1	chr9	14454777	14455080	LTR/ERVL-MaLR	829	+	152	14454929	71401
chr9	32971609	33171609	harbor1	chr9	33012345	33012824	LTR/ERVL-MaLR	1058	+	240	33012585	40976
chr9	102916109	103116109	harbor1	chr9	102932429	102932975	LTR/ERVL-MaLR	1220	+	273	102932702	16593
chr9	102916109	103116109	harbor1	chr9	102941730	102942072	LTR/ERVL-MaLR	923	+	171	102941901	25792
chr9	102916109	103116109	harbor1	chr9	102970022	102970415	LTR/ERVL-MaLR	1555	+	196	102970218	54109
chr9	102916109	103116109	harbor1	chr9	102981206	102981779	LTR/ERVL-MaLR	2640	+	286	102981492	65383
chr9	102916109	103116109	harbor1	chr9	102981807	102982204	LTR/ERVL-MaLR	1512	+	198	102982005	65896
chr9	102916109	103116109	harbor1	chr9	102983930	102983999	LTR/ERVL-MaLR	520	+	34	102983964	67855
chr9	102916109	103116109	harbor1	chr9	102983998	102984678	LTR/ERVL-MaLR	2492	+	340	102984338	68229
chr9	102916109	103116109	harbor1	chr9	102984976	102985026	LTR/ERVL-MaLR	2492	+	25	102985001	68892
chr9	102916109	103116109	harbor1	chr9	102992442	102992865	LTR/ERVL-MaLR	2679	+	212	102992654	76545
chr9	102916109	103116109	harbor1	chr9	102993829	102994308	LTR/ERVL-MaLR	1364	+	240	102994069	77960
chr9	62360984	62560984	harbor1	chr9	62360949	62361368	LTR/ERVL-MaLR	2582	+	210	62361159	175
chr9	62360984	62560984	harbor1	chr9	62361369	62362926	LTR/ERVL-MaLR	8129	+	778	62362147	1163
chr9	62360984	62560984	harbor1	chr9	62362932	62363357	LTR/ERVL-MaLR	2350	+	212	62363144	2160
chr9	62360984	62560984	harbor1	chr9	62371697	62371954	LTR/ERVL-MaLR	1611	+	128	62371825	10841
chr9	62360984	62560984	harbor1	chr9	62401163	62401617	LTR/ERVL-MaLR	1452	+	227	62401390	40406
chr9	62360984	62560984	harbor1	chr9	62448880	62449495	LTR/ERVL-MaLR	3363	+	308	62449188	88204
chr9	62360984	62560984	harbor1	chr9	62449496	62449866	LTR/ERVL-MaLR	1734	+	185	62449681	88697
chr9	41349679	41549679	harbor1	chr9	41376033	41376387	LTR/ERVL-MaLR	2203	+	177	41376210	26531
chr9	41349679	41549679	harbor1	chr9	41376388	41377683	LTR/ERVL-MaLR	9421	+	648	41377036	27357
chr9	41349679	41549679	harbor1	chr9	41422434	41422699	LTR/ERVL-MaLR	599	+	132	41422566	72887
chr9	41349679	41549679	harbor1	chr9	41423126	41423488	LTR/ERVL-MaLR	615	+	181	41423307	73628
chr9	41349679	41549679	harbor1	chr9	41426909	41427414	LTR/ERVL-MaLR	1339	+	252	41427161	77482
chr9	131943014	132143014	harbor1	chr9	131973200	131973432	LTR/ERVL-MaLR	427	+	116	131973316	30302
chr9	131943014	132143014	harbor1	chr9	131982061	131982535	LTR/ERVL-MaLR	948	+	237	131982298	39284
chr9	131943014	132143014	harbor1	chr9	132009277	132009804	LTR/ERVL-MaLR	2357	+	264	132009541	66527
chr9	131943014	132143014	harbor1	chr9	132021644	132022024	LTR/ERVL-MaLR	1788	+	190	132021834	78820
chr9	8361865	8561865	harbor1	chr9	8365618	8366012	LTR/ERVL-MaLR	504	+	197	8365815	3950
chr9	8361865	8561865	harbor1	chr9	8398513	8398908	LTR/ERVL-MaLR	1892	+	198	8398711	36846
chr9	109934915	110134915	harbor1	chr9	109988763	109989122	LTR/ERVL-MaLR	2235	+	180	109988943	54028
chr9	109934915	110134915	harbor1	chr9	110006868	110007352	LTR/ERVL-MaLR	1115	+	242	110007110	72195
chr9	109934915	110134915	harbor1	chr9	110020280	110020400	LTR/ERVL-MaLR	937	+	60	110020340	85425
chr9	109934915	110134915	harbor1	chr9	110020703	110020769	LTR/ERVL-MaLR	937	+	33	110020736	85821
chr9	109934915	110134915	harbor1	chr9	110020771	110020827	LTR/ERVL-MaLR	1203	+	28	110020799	85884
chr9	109934915	110134915	harbor1	chr9	110021112	110021470	LTR/ERVL-MaLR	1203	+	179	110021291	86376
chr9	4066637	4266637	harbor1	chr9	4081366	4081681	LTR/ERVL-MaLR	457	+	158	4081524	14887
chr9	4066637	4266637	harbor1	chr9	4085571	4085987	LTR/ERVL-MaLR	2258	+	208	4085779	19142
chr9	4066637	4266637	harbor1	chr9	4091660	4091842	LTR/ERVL-MaLR	973	+	91	4091751	25114
chr9	4066637	4266637	harbor1	chr9	4107240	4107436	LTR/ERVL-MaLR	626	+	98	4107338	40701
chr9	4066637	4266637	harbor1	chr9	4129348	4129754	LTR/ERVL-MaLR	2439	+	203	4129551	62914
chr9	4066637	4266637	harbor1	chr9	4129755	4131357	LTR/ERVL-MaLR	9314	+	801	4130556	63919
chr9	4066637	4266637	harbor1	chr9	4131363	4131770	LTR/ERVL-MaLR	2440	+	204	4131567	64930
chr9	2291363	2491363	harbor1	chr9	2296620	2296949	LTR/ERVL-MaLR	914	+	164	2296784	5421
chr9	2291363	2491363	harbor1	chr9	2307715	2307996	LTR/ERVL-MaLR	424	+	140	2307855	16492
chr9	2291363	2491363	harbor1	chr9	2312651	2313010	LTR/ERVL-MaLR	2308	+	180	2312831	21468
chr9	2291363	2491363	harbor1	chr9	2313014	2314616	LTR/ERVL-MaLR	11275	+	801	2313815	22452
chr9	2291363	2491363	harbor1	chr9	2314617	2314986	LTR/ERVL-MaLR	2833	+	184	2314801	23438
chr9	2291363	2491363	harbor1	chr9	2338649	2339007	LTR/ERVL-MaLR	683	+	179	2338828	47465
chr9	2291363	2491363	harbor1	chr9	2347812	2348226	LTR/ERVL-MaLR	2249	+	207	2348019	56656
chr9	2291363	2491363	harbor1	chr9	2348227	2349033	LTR/ERVL-MaLR	4512	+	403	2348630	57267
chr9	2291363	2491363	harbor1	chr9	2378219	2378685	LTR/ERVL-MaLR	2155	+	233	2378452	87089
chr9	2291363	2491363	harbor1	chr9	2379636	2380050	LTR/ERVL-MaLR	2576	+	207	2379843	88480
chr9	120765303	120965303	harbor1	chr9	120786172	120786559	LTR/ERVL-MaLR	2047	+	194	120786366	21063
chr9	41143441	41343441	harbor1	chr9	41206325	41206729	LTR/ERVL-MaLR	2006	+	202	41206527	63086
chr9	41143441	41343441	harbor1	chr9	41210602	41211018	LTR/ERVL-MaLR	2247	+	208	41210810	67369
chr9	26039697	26239697	harbor1	chr9	26091406	26091839	LTR/ERVL-MaLR	1914	+	216	26091622	51925
chr9	26039697	26239697	harbor1	chr9	26092909	26093273	LTR/ERVL-MaLR	1651	+	182	26093091	53394
chr9	26039697	26239697	harbor1	chr9	26127612	26127804	LTR/ERVL-MaLR	700	+	96	26127708	88011
chr9	17040571	17240571	harbor1	chr9	17047816	17048174	LTR/ERVL-MaLR	2073	+	179	17047995	7424
chr9	17040571	17240571	harbor1	chr9	17088684	17088797	LTR/ERVL-MaLR	497	+	56	17088740	48169
chr9	17040571	17240571	harbor1	chr9	17101074	17101152	LTR/ERVL-MaLR	731	+	39	17101113	60542
chr9	17040571	17240571	harbor1	chr9	17101451	17101656	LTR/ERVL-MaLR	731	+	102	17101553	60982
chr9	17040571	17240571	harbor1	chr9	17101978	17102039	LTR/ERVL-MaLR	731	+	30	17102008	61437
chr9	17040571	17240571	harbor1	chr9	17121086	17121529	LTR/ERVL-MaLR	535	+	222	17121308	80737
chr9	97571228	97771228	harbor1	chr9	97620058	97620429	LTR/ERVL-MaLR	2332	+	186	97620244	49016
chr9	97571228	97771228	harbor1	chr9	97620431	97621047	LTR/ERVL-MaLR	10959	+	308	97620739	49511
chr9	97571228	97771228	harbor1	chr9	97622125	97623059	LTR/ERVL-MaLR	10959	+	467	97622592	51364
chr9	97571228	97771228	harbor1	chr9	97623060	97623424	LTR/ERVL-MaLR	2332	+	182	97623242	52014
chr9	97571228	97771228	harbor1	chr9	97624088	97624494	LTR/ERVL-MaLR	1118	+	203	97624291	53063
chr9	97571228	97771228	harbor1	chr9	97628609	97629020	LTR/ERVL-MaLR	460	+	206	97628815	57587
chr9	137096874	137296874	harbor1	chr9	137176073	137176450	LTR/ERVL-MaLR	1150	+	188	137176261	79387
chr9	137096874	137296874	harbor1	chr9	137176451	137177199	LTR/ERVL-MaLR	2017	+	374	137176825	79951
chr9	137096874	137296874	harbor1	chr9	137177237	137177473	LTR/ERVL-MaLR	566	+	118	137177355	80481
chr9	137096874	137296874	harbor1	chr9	137177670	137178066	LTR/ERVL-MaLR	1177	+	198	137177868	80994
chr9	86211152	86411152	harbor1	chr9	86230829	86231302	LTR/ERVL-MaLR	770	+	236	86231065	19913
chr9	18536499	18736499	harbor1	chr9	18542377	18542757	LTR/ERVL-MaLR	1981	+	190	18542567	6068
chr9	18536499	18736499	harbor1	chr9	18549594	18549818	LTR/ERVL-MaLR	690	+	112	18549706	13207
chr9	18536499	18736499	harbor1	chr9	18549981	18550147	LTR/ERVL-MaLR	690	+	83	18550064	13565
chr9	18536499	18736499	harbor1	chr9	18550160	18550787	LTR/ERVL-MaLR	2194	+	314	18550474	13975
chr9	18536499	18736499	harbor1	chr9	18582383	18582566	LTR/ERVL-MaLR	1977	+	92	18582475	45976
chr9	18536499	18736499	harbor1	chr9	18582913	18583097	LTR/ERVL-MaLR	1977	+	92	18583005	46506
chr9	18536499	18736499	harbor1	chr9	18583098	18583203	LTR/ERVL-MaLR	627	+	52	18583150	46651
chr9	18536499	18736499	harbor1	chr9	18583175	18584112	LTR/ERVL-MaLR	6591	+	468	18583643	47144
chr9	18536499	18736499	harbor1	chr9	18584113	18584472	LTR/ERVL-MaLR	2263	+	180	18584293	47794
chr9	18536499	18736499	harbor1	chr9	18584823	18584963	LTR/ERVL-MaLR	846	+	70	18584893	48394
chr9	63860389	64060389	harbor1	chr9	63868077	63868369	LTR/ERVL-MaLR	811	+	146	63868223	7834
chr9	63860389	64060389	harbor1	chr9	63904547	63904919	LTR/ERVL-MaLR	2711	+	186	63904733	44344
chr9	63860389	64060389	harbor1	chr9	63904920	63906446	LTR/ERVL-MaLR	10607	+	763	63905683	45294
chr9	63860389	64060389	harbor1	chr9	63906447	63906807	LTR/ERVL-MaLR	2266	+	180	63906627	46238
chr9	93869689	94069689	harbor1	chr9	93873201	93873594	LTR/ERVL-MaLR	2777	+	196	93873397	3708
chr9	93869689	94069689	harbor1	chr9	93873600	93874011	LTR/ERVL-MaLR	1919	+	206	93873806	4117
chr9	93869689	94069689	harbor1	chr9	93877727	93877757	LTR/ERVL-MaLR	1351	+	15	93877742	8053
chr9	93869689	94069689	harbor1	chr9	93877995	93878136	LTR/ERVL-MaLR	1351	+	70	93878065	8376
chr9	93869689	94069689	harbor1	chr9	93878211	93878417	LTR/ERVL-MaLR	1351	+	103	93878314	8625
chr9	93869689	94069689	harbor1	chr9	93889225	93889614	LTR/ERVL-MaLR	2209	+	194	93889419	19730
chr9	93869689	94069689	harbor1	chr9	93890591	93890997	LTR/ERVL-MaLR	516	+	203	93890794	21105
chr9	93869689	94069689	harbor1	chr9	93892505	93892622	LTR/ERVL-MaLR	1594	+	58	93892563	22874
chr9	93869689	94069689	harbor1	chr9	93893068	93893304	LTR/ERVL-MaLR	1594	+	118	93893186	23497
chr9	93869689	94069689	harbor1	chr9	93897830	93898214	LTR/ERVL-MaLR	513	+	192	93898022	28333
chr9	93869689	94069689	harbor1	chr9	93907028	93907366	LTR/ERVL-MaLR	1604	+	169	93907197	37508
chr9	93869689	94069689	harbor1	chr9	93913458	93913736	LTR/ERVL-MaLR	2196	+	139	93913597	43908
chr9	93869689	94069689	harbor1	chr9	93924333	93924451	LTR/ERVL-MaLR	411	+	59	93924392	54703
chr9	93869689	94069689	harbor1	chr9	93929498	93929681	LTR/ERVL-MaLR	2552	+	92	93929590	59901
chr9	93869689	94069689	harbor1	chr9	93929988	93930273	LTR/ERVL-MaLR	2552	+	142	93930130	60441
chr9	93869689	94069689	harbor1	chr9	93965413	93965612	LTR/ERVL-MaLR	1008	+	100	93965513	95824
chr9	93869689	94069689	harbor1	chr9	93965909	93966135	LTR/ERVL-MaLR	1008	+	113	93966022	96333
chr9	93869689	94069689	harbor1	chr9	93912942	93913117	LTR/ERVL-MaLR	2196	+	88	93913030	43341
chr9	101133813	101333813	harbor1	chr9	101143340	101143445	LTR/ERVL-MaLR	395	+	52	101143392	9579
chr9	101133813	101333813	harbor1	chr9	101144415	101144708	LTR/ERVL-MaLR	1588	+	146	101144561	10748
chr9	101133813	101333813	harbor1	chr9	101223485	101223846	LTR/ERVL-MaLR	2190	+	180	101223665	89852
chr9	101133813	101333813	harbor1	chr9	101233471	101233787	LTR/ERVL-MaLR	704	+	158	101233629	99816
chr9	23810440	24010440	harbor1	chr9	23855155	23855411	LTR/ERVL-MaLR	496	+	128	23855283	44843
chr9	23810440	24010440	harbor1	chr9	23858387	23858680	LTR/ERVL-MaLR	1121	+	146	23858533	48093
chr9	23810440	24010440	harbor1	chr9	23874554	23874907	LTR/ERVL-MaLR	1981	+	176	23874730	64290
chr9	40090947	40290947	harbor1	chr9	40097189	40097372	LTR/ERVL-MaLR	812	+	92	40097281	6334
chr9	40090947	40290947	harbor1	chr9	40097678	40097995	LTR/ERVL-MaLR	812	+	158	40097836	6889
chr9	40090947	40290947	harbor1	chr9	40132478	40132664	LTR/ERVL-MaLR	1285	+	93	40132571	41624
chr9	90550377	90750377	harbor1	chr9	90561289	90561740	LTR/ERVL-MaLR	1748	+	226	90561515	11138
chr9	90550377	90750377	harbor1	chr9	90568617	90569189	LTR/ERVL-MaLR	1122	+	286	90568903	18526
chr9	90550377	90750377	harbor1	chr9	90571172	90571557	LTR/ERVL-MaLR	1774	+	192	90571364	20987
chr9	90550377	90750377	harbor1	chr9	90594349	90594507	LTR/ERVL-MaLR	464	+	79	90594428	44051
chr9	90550377	90750377	harbor1	chr9	90594549	90594676	LTR/ERVL-MaLR	440	+	64	90594613	44236
chr9	90550377	90750377	harbor1	chr9	90626908	90627320	LTR/ERVL-MaLR	1916	+	206	90627114	76737
chr9	90550377	90750377	harbor1	chr9	90644830	90645101	LTR/ERVL-MaLR	807	+	136	90644966	94589
chr9	90550377	90750377	harbor1	chr9	90648916	90649380	LTR/ERVL-MaLR	1795	+	232	90649148	98771
chr9	90550377	90750377	harbor1	chr9	90649386	90649726	LTR/ERVL-MaLR	1122	+	170	90649556	99179
chr9	72955879	73155879	harbor1	chr9	72956247	72956488	LTR/ERVL-MaLR	1378	+	120	72956367	488
chr9	72955879	73155879	harbor1	chr9	72957390	72957616	LTR/ERVL-MaLR	650	+	113	72957503	1624
chr9	72955879	73155879	harbor1	chr9	73004732	73005150	LTR/ERVL-MaLR	1839	+	209	73004941	49062
chr9	104621899	104821899	harbor1	chr9	104624091	104624441	LTR/ERVL-MaLR	2694	+	175	104624266	2367
chr9	104621899	104821899	harbor1	chr9	104624442	104626008	LTR/ERVL-MaLR	11654	+	783	104625225	3326
chr9	104621899	104821899	harbor1	chr9	104626013	104626356	LTR/ERVL-MaLR	2464	+	172	104626185	4286
chr9	104621899	104821899	harbor1	chr9	104695989	104696107	LTR/ERVL-MaLR	836	+	59	104696048	74149
chr9	104621899	104821899	harbor1	chr9	104696168	104696535	LTR/ERVL-MaLR	836	+	184	104696352	74453
chr9	104621899	104821899	harbor1	chr9	104709346	104709535	LTR/ERVL-MaLR	543	+	94	104709440	87541
chr9	112545496	112745496	harbor1	chr9	112548773	112549099	LTR/ERVL-MaLR	1675	+	163	112548936	3440
chr9	112545496	112745496	harbor1	chr9	112583069	112583253	LTR/ERVL-MaLR	576	+	92	112583161	37665
chr9	112083273	112283273	harbor1	chr9	112182934	112183280	LTR/ERVL-MaLR	1935	+	173	112183107	99834
chr9	37147817	37347817	harbor1	chr9	37204928	37205079	LTR/ERVL-MaLR	910	+	76	37205004	57187
chr9	18102737	18302737	harbor1	chr9	18185085	18185317	LTR/ERVL-MaLR	661	+	116	18185201	82464
chr9	18102737	18302737	harbor1	chr9	18185300	18185560	LTR/ERVL-MaLR	986	+	130	18185430	82693
chr9	102238113	102438113	harbor1	chr9	102255576	102255950	LTR/ERVL-MaLR	2826	+	187	102255763	17650
chr9	102238113	102438113	harbor1	chr9	102312538	102312870	LTR/ERVL-MaLR	1831	+	166	102312704	74591
chr9	102238113	102438113	harbor1	chr9	102312871	102313319	LTR/ERVL-MaLR	9538	+	224	102313095	74982
chr9	102238113	102438113	harbor1	chr9	102313631	102314703	LTR/ERVL-MaLR	9538	+	536	102314167	76054
chr9	102238113	102438113	harbor1	chr9	102314704	102315063	LTR/ERVL-MaLR	2077	+	180	102314884	76771
chr9	102238113	102438113	harbor1	chr9	102324135	102324594	LTR/ERVL-MaLR	1243	+	230	102324365	86252
chr9	102238113	102438113	harbor1	chr9	102324689	102325063	LTR/ERVL-MaLR	2021	+	187	102324876	86763
chr9	102238113	102438113	harbor1	chr9	102325065	102326648	LTR/ERVL-MaLR	9127	+	792	102325857	87744
chr9	102238113	102438113	harbor1	chr9	102326649	102327012	LTR/ERVL-MaLR	2103	+	182	102326831	88718
chr9	40624274	40824274	harbor1	chr9	40644646	40645098	LTR/ERVL-MaLR	1298	+	226	40644872	20598
chr9	40624274	40824274	harbor1	chr9	40660203	40660482	LTR/ERVL-MaLR	1305	+	140	40660343	36069
chr9	40624274	40824274	harbor1	chr9	40662110	40662380	LTR/ERVL-MaLR	1034	+	135	40662245	37971
chr9	40624274	40824274	harbor1	chr9	40662680	40662921	LTR/ERVL-MaLR	1034	+	120	40662800	38526
chr9	40624274	40824274	harbor1	chr9	40665797	40666134	LTR/ERVL-MaLR	2096	+	168	40665965	41691
chr9	40624274	40824274	harbor1	chr9	40673222	40673354	LTR/ERVL-MaLR	809	+	66	40673288	49014
chr9	40624274	40824274	harbor1	chr9	40701861	40702272	LTR/ERVL-MaLR	1794	+	206	40702067	77793
chr9	5788482	5988482	harbor1	chr9	5814036	5814359	LTR/ERVL-MaLR	511	+	162	5814198	25716
chr9	5788482	5988482	harbor1	chr9	5848084	5848518	LTR/ERVL-MaLR	1871	+	217	5848301	59819
chr9	5788482	5988482	harbor1	chr9	5860846	5861090	LTR/ERVL-MaLR	1056	+	122	5860968	72486
chr9	5788482	5988482	harbor1	chr9	5876403	5876868	LTR/ERVL-MaLR	1872	+	232	5876635	88153
chr9	190239	390239	harbor1	chr9	196020	196424	LTR/ERVL-MaLR	1969	+	202	196222	5983
chr9	190239	390239	harbor1	chr9	200625	201041	LTR/ERVL-MaLR	2187	+	208	200833	10594
chr9	190239	390239	harbor1	chr9	206756	207130	LTR/ERVL-MaLR	501	+	187	206943	16704
chr9	190239	390239	harbor1	chr9	227398	227630	LTR/ERVL-MaLR	571	+	116	227514	37275
chr9	190239	390239	harbor1	chr9	228567	228710	LTR/ERVL-MaLR	601	+	72	228639	38400
chr9	70857209	71057209	harbor1	chr9	70914034	70914425	LTR/ERVL-MaLR	1888	+	196	70914230	57021
chr9	70857209	71057209	harbor1	chr9	70921689	70921913	LTR/ERVL-MaLR	809	+	112	70921801	64592
chr9	70857209	71057209	harbor1	chr9	70928330	70928497	LTR/ERVL-MaLR	401	+	84	70928414	71205
chr9	76870660	77070660	harbor1	chr9	76872818	76873255	LTR/ERVL-MaLR	2083	+	218	76873036	2376
chr9	76870660	77070660	harbor1	chr9	76883770	76883897	LTR/ERVL-MaLR	621	+	64	76883834	13174
chr9	76870660	77070660	harbor1	chr9	76887534	76887873	LTR/ERVL-MaLR	840	+	170	76887704	17044
chr9	76870660	77070660	harbor1	chr9	76909957	76910319	LTR/ERVL-MaLR	1779	+	181	76910138	39478
chr9	76870660	77070660	harbor1	chr9	76910731	76911198	LTR/ERVL-MaLR	1503	+	234	76910965	40305
chr9	76870660	77070660	harbor1	chr9	76919783	76920267	LTR/ERVL-MaLR	1214	+	242	76920025	49365
chr9	76870660	77070660	harbor1	chr9	76921634	76921988	LTR/ERVL-MaLR	1668	+	177	76921811	51151
chr9	76870660	77070660	harbor1	chr9	76923935	76924404	LTR/ERVL-MaLR	2218	+	234	76924169	53509
chr9	76870660	77070660	harbor1	chr9	76941504	76941878	LTR/ERVL-MaLR	1592	+	187	76941691	71031
chr9	76870660	77070660	harbor1	chr9	76942238	76942256	LTR/ERVL-MaLR	1592	+	9	76942247	71587
chr9	76870660	77070660	harbor1	chr9	76961247	76961605	LTR/ERVL-MaLR	1930	+	179	76961426	90766
chr9	76870660	77070660	harbor1	chr9	76967965	76968326	LTR/ERVL-MaLR	878	+	180	76968145	97485
chr9	86317097	86517097	harbor1	chr9	86404098	86404441	LTR/ERVL-MaLR	1776	+	172	86404270	87173
chr9	27651942	27851942	harbor1	chr9	27659792	27660038	LTR/ERVL-MaLR	2098	+	123	27659915	7973
chr9	27651942	27851942	harbor1	chr9	27660117	27660370	LTR/ERVL-MaLR	2098	+	126	27660243	8301
chr9	27651942	27851942	harbor1	chr9	27660577	27660653	LTR/ERVL-MaLR	2098	+	38	27660615	8673
chr9	27651942	27851942	harbor1	chr9	27684666	27684772	LTR/ERVL-MaLR	393	+	53	27684719	32777
chr9	27651942	27851942	harbor1	chr9	27730823	27731192	LTR/ERVL-MaLR	2044	+	184	27731007	79065
chr9	27651942	27851942	harbor1	chr9	27745967	27746324	LTR/ERVL-MaLR	1407	+	178	27746145	94203
chr9	105410405	105610405	harbor1	chr9	105413186	105413694	LTR/ERVL-MaLR	621	+	254	105413440	3035
chr9	79499148	79699148	harbor1	chr9	79526647	79527028	LTR/ERVL-MaLR	1778	+	190	79526837	27689
chr9	79499148	79699148	harbor1	chr9	79534930	79535269	LTR/ERVL-MaLR	843	+	170	79535100	35952
chr9	79499148	79699148	harbor1	chr9	79536121	79536504	LTR/ERVL-MaLR	1862	+	192	79536313	37165
chr9	79499148	79699148	harbor1	chr9	79537744	79538107	LTR/ERVL-MaLR	2562	+	182	79537926	38778
chr9	79499148	79699148	harbor1	chr9	79542174	79542771	LTR/ERVL-MaLR	846	+	298	79542472	43324
chr9	79499148	79699148	harbor1	chr9	79550629	79551083	LTR/ERVL-MaLR	1527	+	227	79550856	51708
chr9	79499148	79699148	harbor1	chr9	79554700	79555129	LTR/ERVL-MaLR	2293	+	214	79554914	55766
chr9	120887399	121087399	harbor1	chr9	120917861	120918210	LTR/ERVL-MaLR	1783	+	174	120918035	30636
chr9	120887399	121087399	harbor1	chr9	120968060	120968532	LTR/ERVL-MaLR	2191	+	236	120968296	80897
chr9	120887399	121087399	harbor1	chr9	120975447	120975828	LTR/ERVL-MaLR	1605	+	190	120975637	88238
chr9	106248553	106448553	harbor1	chr9	106249113	106249526	LTR/ERVL-MaLR	2568	+	206	106249319	766
chr9	106248553	106448553	harbor1	chr9	106268358	106268563	LTR/ERVL-MaLR	419	+	102	106268460	19907
chr9	106248553	106448553	harbor1	chr9	106310192	106310516	LTR/ERVL-MaLR	679	+	162	106310354	61801
chr9	106248553	106448553	harbor1	chr9	106310583	106310957	LTR/ERVL-MaLR	1835	+	187	106310770	62217
chr9	78886424	79086424	harbor1	chr9	78890522	78890833	LTR/ERVL-MaLR	1077	+	156	78890678	4254
chr9	78886424	79086424	harbor1	chr9	78891141	78891200	LTR/ERVL-MaLR	1077	+	30	78891171	4747
chr9	78886424	79086424	harbor1	chr9	78903178	78903488	LTR/ERVL-MaLR	696	+	155	78903333	16909
chr9	78886424	79086424	harbor1	chr9	78903489	78903908	LTR/ERVL-MaLR	933	+	210	78903699	17275
chr9	78886424	79086424	harbor1	chr9	78904078	78904455	LTR/ERVL-MaLR	697	+	188	78904266	17842
chr9	78886424	79086424	harbor1	chr9	78908258	78908359	LTR/ERVL-MaLR	398	+	50	78908308	21884
chr9	78886424	79086424	harbor1	chr9	78908847	78909182	LTR/ERVL-MaLR	1175	+	168	78909015	22591
chr9	78886424	79086424	harbor1	chr9	78916012	78916375	LTR/ERVL-MaLR	1999	+	182	78916194	29770
chr9	78886424	79086424	harbor1	chr9	78916376	78918004	LTR/ERVL-MaLR	11329	+	814	78917190	30766
chr9	78886424	79086424	harbor1	chr9	78918008	78918373	LTR/ERVL-MaLR	2136	+	182	78918190	31766
chr9	78886424	79086424	harbor1	chr9	78938240	78938311	LTR/ERVL-MaLR	722	+	36	78938276	51852
chr9	78886424	79086424	harbor1	chr9	78938685	78939139	LTR/ERVL-MaLR	854	+	227	78938912	52488
chr9	78886424	79086424	harbor1	chr9	78945977	78946346	LTR/ERVL-MaLR	1984	+	184	78946161	59737
chr9	78886424	79086424	harbor1	chr9	78946347	78946594	LTR/ERVL-MaLR	9807	+	124	78946471	60047
chr9	78886424	79086424	harbor1	chr9	78947241	78947538	LTR/ERVL-MaLR	9807	+	148	78947389	60965
chr9	78886424	79086424	harbor1	chr9	78947539	78947893	LTR/ERVL-MaLR	2720	+	177	78947716	61292
chr9	78886424	79086424	harbor1	chr9	78947894	78948899	LTR/ERVL-MaLR	9807	+	502	78948396	61972
chr9	78886424	79086424	harbor1	chr9	78948904	78949274	LTR/ERVL-MaLR	2111	+	185	78949089	62665
chr9	78886424	79086424	harbor1	chr9	78949277	78950778	LTR/ERVL-MaLR	9379	+	750	78950027	63603
chr9	78886424	79086424	harbor1	chr9	78950779	78951139	LTR/ERVL-MaLR	1930	+	180	78950959	64535
chr9	78886424	79086424	harbor1	chr9	78960294	78960671	LTR/ERVL-MaLR	1345	+	188	78960482	74058
chr9	78886424	79086424	harbor1	chr9	78965892	78966091	LTR/ERVL-MaLR	1178	+	100	78965992	79568
chr9	78886424	79086424	harbor1	chr9	78966099	78966440	LTR/ERVL-MaLR	1811	+	170	78966269	79845
chr9	78886424	79086424	harbor1	chr9	78982362	78982799	LTR/ERVL-MaLR	1828	+	218	78982580	96156
chr9	78886424	79086424	harbor1	chr9	78983072	78983139	LTR/ERVL-MaLR	1828	+	34	78983106	96682
chr9	97328355	97528355	harbor1	chr9	97393966	97394330	LTR/ERVL-MaLR	1654	+	182	97394148	65793
chr9	97328355	97528355	harbor1	chr9	97394829	97395021	LTR/ERVL-MaLR	1204	+	96	97394925	66570
chr9	97328355	97528355	harbor1	chr9	97395138	97395321	LTR/ERVL-MaLR	1057	+	92	97395230	66875
chr9	97328355	97528355	harbor1	chr9	97397969	97398307	LTR/ERVL-MaLR	1062	+	169	97398138	69783
chr9	112346402	112546402	harbor1	chr9	112365244	112365611	LTR/ERVL-MaLR	2358	+	184	112365428	19026
chr9	112346402	112546402	harbor1	chr9	112365614	112366008	LTR/ERVL-MaLR	5995	+	197	112365811	19409
chr9	112346402	112546402	harbor1	chr9	112366294	112367025	LTR/ERVL-MaLR	5995	+	366	112366660	20258
chr9	112346402	112546402	harbor1	chr9	112368750	112369774	LTR/ERVL-MaLR	7307	+	512	112369262	22860
chr9	112346402	112546402	harbor1	chr9	112369775	112370144	LTR/ERVL-MaLR	2409	+	184	112369959	23557
chr9	112346402	112546402	harbor1	chr9	112431491	112431866	LTR/ERVL-MaLR	2647	+	188	112431679	85277
chr9	112346402	112546402	harbor1	chr9	112432182	112432221	LTR/ERVL-MaLR	2647	+	20	112432202	85800
chr9	79185210	79385210	harbor1	chr9	79204737	79205100	LTR/ERVL-MaLR	2136	+	182	79204919	19709
chr9	79185210	79385210	harbor1	chr9	79221592	79221953	LTR/ERVL-MaLR	2266	+	180	79221772	36562
chr9	79185210	79385210	harbor1	chr9	79258562	79258928	LTR/ERVL-MaLR	1755	+	183	79258745	73535
chr9	79185210	79385210	harbor1	chr9	79262762	79263159	LTR/ERVL-MaLR	2014	+	198	79262960	77750
chr9	79185210	79385210	harbor1	chr9	79282854	79283011	LTR/ERVL-MaLR	2013	+	78	79282932	97722
chr9	79185210	79385210	harbor1	chr9	79283334	79283568	LTR/ERVL-MaLR	2013	+	117	79283451	98241
chr9	106031212	106231212	harbor1	chr9	106061695	106062092	LTR/ERVL-MaLR	2199	+	198	106061893	30681
chr9	106031212	106231212	harbor1	chr9	106062725	106063043	LTR/ERVL-MaLR	1209	+	159	106062884	31672
chr9	106031212	106231212	harbor1	chr9	106063410	106063466	LTR/ERVL-MaLR	1209	+	28	106063438	32226
chr9	106031212	106231212	harbor1	chr9	106063467	106064209	LTR/ERVL-MaLR	3028	+	371	106063838	32626
chr9	106031212	106231212	harbor1	chr9	106068312	106068648	LTR/ERVL-MaLR	1848	+	168	106068480	37268
chr9	106031212	106231212	harbor1	chr9	106107681	106108230	LTR/ERVL-MaLR	2162	+	274	106107955	76743
chr9	106031212	106231212	harbor1	chr9	106117075	106117428	LTR/ERVL-MaLR	2241	+	176	106117251	86039
chr9	106031212	106231212	harbor1	chr9	106129907	106130082	LTR/ERVL-MaLR	724	+	88	106129995	98783
chr9	105202249	105402249	harbor1	chr9	105204253	105204745	LTR/ERVL-MaLR	2540	+	246	105204499	2250
chr9	105202249	105402249	harbor1	chr9	105234940	105235134	LTR/ERVL-MaLR	401	+	97	105235037	32788
chr9	105202249	105402249	harbor1	chr9	105235430	105235623	LTR/ERVL-MaLR	401	+	96	105235526	33277
chr9	105202249	105402249	harbor1	chr9	105237537	105237704	LTR/ERVL-MaLR	533	+	84	105237621	35372
chr9	105202249	105402249	harbor1	chr9	105238397	105238689	LTR/ERVL-MaLR	475	+	146	105238543	36294
chr9	89812466	90012466	harbor1	chr9	89815707	89816062	LTR/ERVL-MaLR	1142	+	178	89815885	3419
chr9	89812466	90012466	harbor1	chr9	89831166	89831510	LTR/ERVL-MaLR	1067	+	172	89831338	18872
chr9	89812466	90012466	harbor1	chr9	89839858	89840056	LTR/ERVL-MaLR	467	+	99	89839957	27491
chr9	89812466	90012466	harbor1	chr9	89847025	89847498	LTR/ERVL-MaLR	1895	+	236	89847261	34795
chr9	89812466	90012466	harbor1	chr9	89850811	89851019	LTR/ERVL-MaLR	426	+	104	89850915	38449
chr9	89812466	90012466	harbor1	chr9	89877507	89877871	LTR/ERVL-MaLR	1586	+	182	89877689	65223
chr9	89812466	90012466	harbor1	chr9	89889190	89889323	LTR/ERVL-MaLR	1994	+	66	89889256	76790
chr9	89812466	90012466	harbor1	chr9	89889775	89890020	LTR/ERVL-MaLR	1994	+	122	89889897	77431
chr9	89812466	90012466	harbor1	chr9	89899854	89900207	LTR/ERVL-MaLR	2693	+	176	89900030	87564
chr9	67164397	67364397	harbor1	chr9	67201870	67202204	LTR/ERVL-MaLR	1389	+	167	67202037	37640
chr9	67164397	67364397	harbor1	chr9	67208113	67208322	LTR/ERVL-MaLR	931	+	104	67208217	43820
chr9	67164397	67364397	harbor1	chr9	67206805	67207363	LTR/ERVL-MaLR	1742	+	279	67207084	42687
chr9	20252645	20452645	harbor1	chr9	20258091	20258201	LTR/ERVL-MaLR	2201	+	55	20258146	5501
chr9	20252645	20452645	harbor1	chr9	20258940	20259336	LTR/ERVL-MaLR	2201	+	198	20259138	6493
chr9	20252645	20452645	harbor1	chr9	20259726	20259807	LTR/ERVL-MaLR	1246	+	40	20259766	7121
chr9	20252645	20452645	harbor1	chr9	20260110	20260379	LTR/ERVL-MaLR	1246	+	134	20260244	7599
chr9	20252645	20452645	harbor1	chr9	20268300	20268432	LTR/ERVL-MaLR	2277	+	66	20268366	15721
chr9	20252645	20452645	harbor1	chr9	20268469	20268716	LTR/ERVL-MaLR	2277	+	124	20268593	15948
chr9	20252645	20452645	harbor1	chr9	20273391	20273757	LTR/ERVL-MaLR	2273	+	183	20273574	20929
chr9	20252645	20452645	harbor1	chr9	20274888	20275184	LTR/ERVL-MaLR	555	+	148	20275036	22391
chr9	20252645	20452645	harbor1	chr9	20280633	20280953	LTR/ERVL-MaLR	610	+	160	20280793	28148
chr9	20252645	20452645	harbor1	chr9	20285158	20285239	LTR/ERVL-MaLR	1930	+	40	20285198	32553
chr9	20252645	20452645	harbor1	chr9	20285726	20286038	LTR/ERVL-MaLR	1930	+	156	20285882	33237
chr9	20252645	20452645	harbor1	chr9	20288286	20288486	LTR/ERVL-MaLR	1014	+	100	20288386	35741
chr9	20252645	20452645	harbor1	chr9	20288767	20289204	LTR/ERVL-MaLR	1014	+	218	20288985	36340
chr9	20252645	20452645	harbor1	chr9	20315692	20315900	LTR/ERVL-MaLR	723	+	104	20315796	63151
chr9	20252645	20452645	harbor1	chr9	20328764	20328888	LTR/ERVL-MaLR	1474	+	62	20328826	76181
chr9	20252645	20452645	harbor1	chr9	20329184	20329530	LTR/ERVL-MaLR	1474	+	173	20329357	76712
chr9	20252645	20452645	harbor1	chr9	20334951	20335128	LTR/ERVL-MaLR	1930	+	88	20335039	82394
chr9	20252645	20452645	harbor1	chr9	20335416	20335717	LTR/ERVL-MaLR	1930	+	150	20335566	82921
chr9	26456896	26656896	harbor1	chr9	26477779	26477992	LTR/ERVL-MaLR	1140	+	106	26477885	20989
chr9	26456896	26656896	harbor1	chr9	26478052	26478373	LTR/ERVL-MaLR	1140	+	160	26478212	21316
chr9	26456896	26656896	harbor1	chr9	26528241	26528714	LTR/ERVL-MaLR	1090	+	236	26528477	71581
chr9	26456896	26656896	harbor1	chr9	26534023	26534382	LTR/ERVL-MaLR	1100	+	180	26534203	77307
chr9	26456896	26656896	harbor1	chr9	26553181	26553521	LTR/ERVL-MaLR	1878	+	170	26553351	96455
chr9	26456896	26656896	harbor1	chr9	26553833	26553897	LTR/ERVL-MaLR	1878	+	32	26553865	96969
chr9	102079509	102279509	harbor1	chr9	102097431	102097847	LTR/ERVL-MaLR	804	+	208	102097639	18130
chr9	102079509	102279509	harbor1	chr9	102135302	102135576	LTR/ERVL-MaLR	1353	+	137	102135439	55930
chr9	102079509	102279509	harbor1	chr9	102135577	102135899	LTR/ERVL-MaLR	2381	+	161	102135738	56229
chr9	102079509	102279509	harbor1	chr9	102135901	102136205	LTR/ERVL-MaLR	2801	+	152	102136053	56544
chr9	102079509	102279509	harbor1	chr9	102136508	102136641	LTR/ERVL-MaLR	2801	+	66	102136574	57065
chr9	102079509	102279509	harbor1	chr9	102136642	102137017	LTR/ERVL-MaLR	1882	+	188	102136830	57321
chr9	102079509	102279509	harbor1	chr9	102141273	102141454	LTR/ERVL-MaLR	461	+	90	102141363	61854
chr9	93111564	93311564	harbor1	chr9	93138439	93138862	LTR/ERVL-MaLR	1263	+	212	93138651	27087
chr9	93111564	93311564	harbor1	chr9	93146673	93147033	LTR/ERVL-MaLR	2273	+	180	93146853	35289
chr9	93111564	93311564	harbor1	chr9	93148674	93149198	LTR/ERVL-MaLR	1992	+	262	93148936	37372
chr9	93111564	93311564	harbor1	chr9	93169368	93169757	LTR/ERVL-MaLR	773	+	194	93169562	57998
chr9	93111564	93311564	harbor1	chr9	93203551	93203730	LTR/ERVL-MaLR	666	+	90	93203641	92077
chr9	30451399	30651399	harbor1	chr9	30454718	30454886	LTR/ERVL-MaLR	681	+	84	30454802	3403
chr9	30451399	30651399	harbor1	chr9	30513033	30513313	LTR/ERVL-MaLR	1649	+	140	30513173	61774
chr9	30451399	30651399	harbor1	chr9	30513368	30513671	LTR/ERVL-MaLR	8049	+	152	30513520	62121
chr9	30451399	30651399	harbor1	chr9	30513672	30514049	LTR/ERVL-MaLR	1681	+	188	30513860	62461
chr9	30451399	30651399	harbor1	chr9	30514050	30514122	LTR/ERVL-MaLR	8049	+	36	30514086	62687
chr9	30451399	30651399	harbor1	chr9	30514436	30515697	LTR/ERVL-MaLR	8049	+	630	30515066	63667
chr9	30451399	30651399	harbor1	chr9	30515698	30516122	LTR/ERVL-MaLR	2226	+	212	30515910	64511
chr9	30451399	30651399	harbor1	chr9	30536197	30537596	LTR/ERVL-MaLR	9650	+	700	30536897	85498
chr9	30451399	30651399	harbor1	chr9	30537597	30537940	LTR/ERVL-MaLR	1816	+	172	30537769	86370
chr9	30451399	30651399	harbor1	chr9	30550344	30550678	LTR/ERVL-MaLR	1602	+	167	30550511	99112
chr9	26415210	26615210	harbor1	chr9	26477779	26477992	LTR/ERVL-MaLR	1140	+	106	26477885	62675
chr9	26415210	26615210	harbor1	chr9	26478052	26478373	LTR/ERVL-MaLR	1140	+	160	26478212	63002
chr9	65698429	65898429	harbor1	chr9	65756704	65757128	LTR/ERVL-MaLR	1750	+	212	65756916	58487
chr9	65698429	65898429	harbor1	chr9	65766452	65766706	LTR/ERVL-MaLR	535	+	127	65766579	68150
chr9	73721646	73921646	harbor1	chr9	73767633	73768003	LTR/ERVL-MaLR	1623	+	185	73767818	46172
chr9	73721646	73921646	harbor1	chr9	73779023	73779396	LTR/ERVL-MaLR	2187	+	186	73779209	57563
chr9	73721646	73921646	harbor1	chr9	73779397	73779848	LTR/ERVL-MaLR	2682	+	226	73779623	57977
chr9	73721646	73921646	harbor1	chr9	73779845	73780161	LTR/ERVL-MaLR	2067	+	158	73780003	58357
chr9	73721646	73921646	harbor1	chr9	73780162	73780531	LTR/ERVL-MaLR	2141	+	184	73780346	58700
chr9	73721646	73921646	harbor1	chr9	73805449	73805821	LTR/ERVL-MaLR	599	+	186	73805635	83989
chr9	73721646	73921646	harbor1	chr9	73819494	73819880	LTR/ERVL-MaLR	457	+	193	73819687	98041
chr9	27511039	27711039	harbor1	chr9	27511869	27512284	LTR/ERVL-MaLR	860	+	208	27512077	1038
chr9	27511039	27711039	harbor1	chr9	27515816	27516280	LTR/ERVL-MaLR	1478	+	232	27516048	5009
chr9	27511039	27711039	harbor1	chr9	27535056	27535167	LTR/ERVL-MaLR	425	+	56	27535112	24073
chr9	27511039	27711039	harbor1	chr9	27536313	27536483	LTR/ERVL-MaLR	592	+	85	27536398	25359
chr9	27511039	27711039	harbor1	chr9	27567604	27568046	LTR/ERVL-MaLR	1713	+	221	27567825	56786
chr9	120415038	120615038	harbor1	chr9	120418951	120419302	LTR/ERVL-MaLR	1729	+	176	120419127	4089
chr9	120415038	120615038	harbor1	chr9	120493096	120493338	LTR/ERVL-MaLR	1575	+	121	120493217	78179
chr9	120415038	120615038	harbor1	chr9	120501526	120501670	LTR/ERVL-MaLR	736	+	72	120501598	86560
chr9	120415038	120615038	harbor1	chr9	120501675	120501887	LTR/ERVL-MaLR	1120	+	106	120501781	86743
chr9	30261974	30461974	harbor1	chr9	30308147	30308597	LTR/ERVL-MaLR	1360	+	225	30308372	46398
chr9	30261974	30461974	harbor1	chr9	30308598	30308951	LTR/ERVL-MaLR	1819	+	176	30308774	46800
chr9	30261974	30461974	harbor1	chr9	30308952	30309071	LTR/ERVL-MaLR	1360	+	60	30309012	47038
chr9	30261974	30461974	harbor1	chr9	30319723	30320124	LTR/ERVL-MaLR	1107	+	200	30319923	57949
chr9	30261974	30461974	harbor1	chr9	30333195	30333598	LTR/ERVL-MaLR	1981	+	202	30333397	71423
chr9	30261974	30461974	harbor1	chr9	30334004	30334393	LTR/ERVL-MaLR	1831	+	194	30334198	72224
chr9	30261974	30461974	harbor1	chr9	30354113	30354661	LTR/ERVL-MaLR	1375	+	274	30354387	92413
chr9	13314251	13514251	harbor1	chr9	13360212	13360700	LTR/ERVL-MaLR	1985	+	244	13360456	46205
chr9	13314251	13514251	harbor1	chr9	13380650	13381026	LTR/ERVL-MaLR	1906	+	188	13380838	66587
chr9	13314251	13514251	harbor1	chr9	13383994	13384368	LTR/ERVL-MaLR	2158	+	187	13384181	69930
chr9	13314251	13514251	harbor1	chr9	13385938	13386311	LTR/ERVL-MaLR	2376	+	186	13386124	71873
chr9	13314251	13514251	harbor1	chr9	13408165	13408509	LTR/ERVL-MaLR	675	+	172	13408337	94086
chr9	13314251	13514251	harbor1	chr9	13384370	13385937	LTR/ERVL-MaLR	11182	+	784	13385154	70903
chr9	134842360	135042360	harbor1	chr9	134845316	134845491	LTR/ERVL-MaLR	393	+	88	134845404	3044
chr9	134842360	135042360	harbor1	chr9	134845769	134846100	LTR/ERVL-MaLR	499	+	166	134845935	3575
chr9	134842360	135042360	harbor1	chr9	134861713	134862077	LTR/ERVL-MaLR	434	+	182	134861895	19535
chr9	134842360	135042360	harbor1	chr9	134875351	134875957	LTR/ERVL-MaLR	1170	+	303	134875654	33294
chr9	134842360	135042360	harbor1	chr9	134894899	134895077	LTR/ERVL-MaLR	500	+	89	134894988	52628
chr9	134842360	135042360	harbor1	chr9	134895231	134895740	LTR/ERVL-MaLR	733	+	254	134895485	53125
chr9	134842360	135042360	harbor1	chr9	134908357	134908866	LTR/ERVL-MaLR	1417	+	254	134908611	66251
chr9	30161720	30361720	harbor1	chr9	30179387	30179750	LTR/ERVL-MaLR	1371	+	182	30179569	17849
chr9	30161720	30361720	harbor1	chr9	30190530	30190776	LTR/ERVL-MaLR	565	+	123	30190653	28933
chr9	30161720	30361720	harbor1	chr9	30201827	30202424	LTR/ERVL-MaLR	2210	+	298	30202125	40405
chr9	30161720	30361720	harbor1	chr9	30227667	30228059	LTR/ERVL-MaLR	2255	+	196	30227863	66143
chr9	30161720	30361720	harbor1	chr9	30250467	30250590	LTR/ERVL-MaLR	1060	+	62	30250529	88809
chr9	30161720	30361720	harbor1	chr9	30250591	30250967	LTR/ERVL-MaLR	1686	+	188	30250779	89059
chr9	30161720	30361720	harbor1	chr9	30250968	30251248	LTR/ERVL-MaLR	1060	+	140	30251108	89388
chr9	106781833	106981833	harbor1	chr9	106806802	106807173	LTR/ERVL-MaLR	2078	+	186	106806988	25155
chr9	108540714	108740714	harbor1	chr9	108558342	108558720	LTR/ERVL-MaLR	2156	+	189	108558531	17817
chr9	108540714	108740714	harbor1	chr9	108617336	108617749	LTR/ERVL-MaLR	2362	+	206	108617542	76828
chr9	108540714	108740714	harbor1	chr9	108629191	108629549	LTR/ERVL-MaLR	2543	+	179	108629370	88656
chr9	108540714	108740714	harbor1	chr9	108629550	108631144	LTR/ERVL-MaLR	11358	+	797	108630347	89633
chr9	108540714	108740714	harbor1	chr9	108631145	108631504	LTR/ERVL-MaLR	2573	+	180	108631325	90611
chr9	108540714	108740714	harbor1	chr9	108634028	108634514	LTR/ERVL-MaLR	1082	+	243	108634271	93557
chr9	118902974	119102974	harbor1	chr9	118903540	118903878	LTR/ERVL-MaLR	1470	+	169	118903709	735
chr9	118902974	119102974	harbor1	chr9	118913201	118913580	LTR/ERVL-MaLR	2144	+	190	118913391	10417
chr9	118902974	119102974	harbor1	chr9	118967748	118968087	LTR/ERVL-MaLR	452	+	170	118967918	64944
chr9	118902974	119102974	harbor1	chr9	118968138	118968152	LTR/ERVL-MaLR	452	+	7	118968145	65171
chr9	118902974	119102974	harbor1	chr9	118968584	118969341	LTR/ERVL-MaLR	1308	+	378	118968962	65988
chr9	118902974	119102974	harbor1	chr9	118969347	118969732	LTR/ERVL-MaLR	860	+	192	118969539	66565
chr9	113858073	114058073	harbor1	chr9	113858408	113858851	LTR/ERVL-MaLR	590	+	222	113858630	557
chr9	113858073	114058073	harbor1	chr9	113870988	113871488	LTR/ERVL-MaLR	461	+	250	113871238	13165
chr9	96506681	96706681	harbor1	chr9	96524956	96525922	LTR/ERVL-MaLR	2324	+	483	96525439	18758
chr9	96506681	96706681	harbor1	chr9	96525928	96526085	LTR/ERVL-MaLR	1290	+	78	96526006	19325
chr9	96506681	96706681	harbor1	chr9	96526384	96526584	LTR/ERVL-MaLR	1290	+	100	96526484	19803
chr9	96506681	96706681	harbor1	chr9	96537344	96537724	LTR/ERVL-MaLR	1218	+	190	96537534	30853
chr9	96506681	96706681	harbor1	chr9	96538019	96538090	LTR/ERVL-MaLR	1218	+	36	96538055	31374
chr9	96506681	96706681	harbor1	chr9	96551974	96552087	LTR/ERVL-MaLR	419	+	56	96552030	45349
chr9	96506681	96706681	harbor1	chr9	96555092	96555566	LTR/ERVL-MaLR	1703	+	237	96555329	48648
chr9	96506681	96706681	harbor1	chr9	96579158	96579305	LTR/ERVL-MaLR	1396	+	74	96579232	72551
chr9	96506681	96706681	harbor1	chr9	96579600	96579838	LTR/ERVL-MaLR	1396	+	119	96579719	73038
chr9	96506681	96706681	harbor1	chr9	96602229	96602404	LTR/ERVL-MaLR	407	+	88	96602317	95636
chr9	96506681	96706681	harbor1	chr9	96602746	96602773	LTR/ERVL-MaLR	407	+	14	96602760	96079
chr9	123686554	123886554	harbor1	chr9	123718841	123719204	LTR/ERVL-MaLR	2407	+	182	123719023	32469
chr9	123686554	123886554	harbor1	chr9	123721521	123721879	LTR/ERVL-MaLR	2404	+	179	123721700	35146
chr9	123686554	123886554	harbor1	chr9	123721880	123723457	LTR/ERVL-MaLR	12124	+	788	123722668	36114
chr9	123686554	123886554	harbor1	chr9	123723458	123723815	LTR/ERVL-MaLR	2190	+	178	123723636	37082
chr9	65508840	65708840	harbor1	chr9	65544358	65544743	LTR/ERVL-MaLR	1709	+	192	65544550	35710
chr9	65508840	65708840	harbor1	chr9	65551266	65551668	LTR/ERVL-MaLR	424	+	201	65551467	42627
chr9	93089236	93289236	harbor1	chr9	93138439	93138862	LTR/ERVL-MaLR	1263	+	212	93138651	49415
chr9	93089236	93289236	harbor1	chr9	93146673	93147033	LTR/ERVL-MaLR	2273	+	180	93146853	57617
chr9	93089236	93289236	harbor1	chr9	93148674	93149198	LTR/ERVL-MaLR	1992	+	262	93148936	59700
chr9	93089236	93289236	harbor1	chr9	93169368	93169757	LTR/ERVL-MaLR	773	+	194	93169562	80326
chr9	82397978	82597978	harbor1	chr9	82422571	82422932	LTR/ERVL-MaLR	2163	+	180	82422751	24773
chr9	82397978	82597978	harbor1	chr9	82439490	82439914	LTR/ERVL-MaLR	2642	+	212	82439702	41724
chr9	82397978	82597978	harbor1	chr9	82439916	82441537	LTR/ERVL-MaLR	9106	+	810	82440726	42748
chr9	82397978	82597978	harbor1	chr9	82441550	82441972	LTR/ERVL-MaLR	2063	+	211	82441761	43783
chr9	82397978	82597978	harbor1	chr9	82462525	82463029	LTR/ERVL-MaLR	395	+	252	82462777	64799
chr9	119951073	120151073	harbor1	chr9	119965378	119965834	LTR/ERVL-MaLR	2154	+	228	119965606	14533
chr9	119951073	120151073	harbor1	chr9	119967126	119967472	LTR/ERVL-MaLR	846	+	173	119967299	16226
chr9	119951073	120151073	harbor1	chr9	119968318	119968525	LTR/ERVL-MaLR	722	+	104	119968422	17349
chr9	119951073	120151073	harbor1	chr9	119991221	119991703	LTR/ERVL-MaLR	1799	+	241	119991462	40389
chr9	119951073	120151073	harbor1	chr9	120003631	120004047	LTR/ERVL-MaLR	2139	+	208	120003839	52766
chr9	119951073	120151073	harbor1	chr9	120020377	120020730	LTR/ERVL-MaLR	2444	+	176	120020553	69480
chr9	119951073	120151073	harbor1	chr9	120048156	120048525	LTR/ERVL-MaLR	1336	+	184	120048340	97267
chr9	94045412	94245412	harbor1	chr9	94112656	94113022	LTR/ERVL-MaLR	1824	+	183	94112839	67427
chr9	94045412	94245412	harbor1	chr9	94113026	94113501	LTR/ERVL-MaLR	2450	+	238	94113264	67852
chr9	94045412	94245412	harbor1	chr9	94119567	94119706	LTR/ERVL-MaLR	636	+	70	94119637	74225
chr9	94045412	94245412	harbor1	chr9	94119703	94119754	LTR/ERVL-MaLR	4848	+	26	94119729	74317
chr9	94045412	94245412	harbor1	chr9	94120367	94121144	LTR/ERVL-MaLR	4848	+	388	94120755	75343
chr9	94045412	94245412	harbor1	chr9	94121455	94121796	LTR/ERVL-MaLR	4848	+	170	94121625	76213
chr9	94045412	94245412	harbor1	chr9	94121797	94122163	LTR/ERVL-MaLR	1636	+	183	94121980	76568
chr9	94045412	94245412	harbor1	chr9	94122440	94122617	LTR/ERVL-MaLR	2150	+	88	94122528	77116
chr9	94045412	94245412	harbor1	chr9	94122926	94123134	LTR/ERVL-MaLR	2150	+	104	94123030	77618
chr9	94045412	94245412	harbor1	chr9	94127383	94127795	LTR/ERVL-MaLR	2355	+	206	94127589	82177
chr9	94045412	94245412	harbor1	chr9	94127796	94128164	LTR/ERVL-MaLR	10198	+	184	94127980	82568
chr9	94045412	94245412	harbor1	chr9	94128448	94129710	LTR/ERVL-MaLR	10198	+	631	94129079	83667
chr9	94045412	94245412	harbor1	chr9	94129711	94130100	LTR/ERVL-MaLR	2139	+	194	94129905	84493
chr9	94045412	94245412	harbor1	chr9	94130542	94130923	LTR/ERVL-MaLR	2201	+	190	94130732	85320
chr9	94045412	94245412	harbor1	chr9	94131855	94132221	LTR/ERVL-MaLR	1434	+	183	94132038	86626
chr9	20513613	20713613	harbor1	chr9	20590330	20590728	LTR/ERVL-MaLR	1703	+	199	20590529	76916
chr9	100146880	100346880	harbor1	chr9	100158721	100159151	LTR/ERVL-MaLR	2235	+	215	100158936	12056
chr9	98099239	98299239	harbor1	chr9	98134378	98134795	LTR/ERVL-MaLR	1559	+	208	98134586	35347
chr9	98099239	98299239	harbor1	chr9	98174510	98174873	LTR/ERVL-MaLR	2382	+	182	98174692	75453
chr9	35228235	35428235	harbor1	chr9	35263647	35264002	LTR/ERVL-MaLR	1429	+	178	35263825	35590
chr9	35228235	35428235	harbor1	chr9	35264008	35264549	LTR/ERVL-MaLR	2605	+	270	35264278	36043
chr9	35228235	35428235	harbor1	chr9	35264755	35265152	LTR/ERVL-MaLR	2030	+	198	35264953	36718
chr9	35228235	35428235	harbor1	chr9	35265156	35265517	LTR/ERVL-MaLR	1595	+	180	35265336	37101
chr9	108937191	109137191	harbor1	chr9	108966320	108966601	LTR/ERVL-MaLR	901	+	140	108966460	29269
chr9	108937191	109137191	harbor1	chr9	108971399	108971759	LTR/ERVL-MaLR	2267	+	180	108971579	34388
chr9	108937191	109137191	harbor1	chr9	108994652	108995168	LTR/ERVL-MaLR	1604	+	258	108994910	57719
chr9	108937191	109137191	harbor1	chr9	109001375	109001923	LTR/ERVL-MaLR	2248	+	274	109001649	64458
chr9	108937191	109137191	harbor1	chr9	109001924	109002078	LTR/ERVL-MaLR	3844	+	77	109002001	64810
chr9	108937191	109137191	harbor1	chr9	109002411	109002701	LTR/ERVL-MaLR	3844	+	145	109002556	65365
chr9	108937191	109137191	harbor1	chr9	109003005	109003658	LTR/ERVL-MaLR	3844	+	326	109003331	66140
chr9	108937191	109137191	harbor1	chr9	109003892	109004159	LTR/ERVL-MaLR	1117	+	134	109004026	66835
chr9	108937191	109137191	harbor1	chr9	109005348	109005722	LTR/ERVL-MaLR	1878	+	187	109005535	68344
chr9	108937191	109137191	harbor1	chr9	109020670	109020872	LTR/ERVL-MaLR	630	+	101	109020771	83580
chr9	108937191	109137191	harbor1	chr9	109026661	109027075	LTR/ERVL-MaLR	2214	+	207	109026868	89677
chr9	108937191	109137191	harbor1	chr9	109028037	109028049	LTR/ERVL-MaLR	1461	+	6	109028043	90852
chr9	108937191	109137191	harbor1	chr9	109028574	109029009	LTR/ERVL-MaLR	1461	+	218	109028792	91601
chr9	39493110	39693110	harbor1	chr9	39519626	39520218	LTR/ERVL-MaLR	1216	+	296	39519922	26812
chr9	39493110	39693110	harbor1	chr9	39527929	39528031	LTR/ERVL-MaLR	616	+	51	39527980	34870
chr9	39493110	39693110	harbor1	chr9	39530142	39530674	LTR/ERVL-MaLR	1701	+	266	39530408	37298
chr9	39493110	39693110	harbor1	chr9	39531002	39531108	LTR/ERVL-MaLR	1701	+	53	39531055	37945
chr9	39493110	39693110	harbor1	chr9	39531188	39531321	LTR/ERVL-MaLR	462	+	66	39531254	38144
chr9	39493110	39693110	harbor1	chr9	39531485	39531653	LTR/ERVL-MaLR	1428	+	84	39531569	38459
chr9	39493110	39693110	harbor1	chr9	39531876	39532102	LTR/ERVL-MaLR	1428	+	113	39531989	38879
chr9	39493110	39693110	harbor1	chr9	39532103	39532477	LTR/ERVL-MaLR	3026	+	187	39532290	39180
chr9	39493110	39693110	harbor1	chr9	39546794	39547163	LTR/ERVL-MaLR	2213	+	184	39546978	53868
chr9	39493110	39693110	harbor1	chr9	39548718	39549216	LTR/ERVL-MaLR	1776	+	249	39548967	55857
chr9	39493110	39693110	harbor1	chr9	39551616	39552041	LTR/ERVL-MaLR	2479	+	212	39551828	58718
chr9	39493110	39693110	harbor1	chr9	39557372	39557560	LTR/ERVL-MaLR	2298	+	94	39557466	64356
chr9	39493110	39693110	harbor1	chr9	39557883	39558103	LTR/ERVL-MaLR	2298	+	110	39557993	64883
chr9	108657153	108857153	harbor1	chr9	108657487	108657921	LTR/ERVL-MaLR	523	+	217	108657704	551
chr9	108657153	108857153	harbor1	chr9	108658923	108660547	LTR/ERVL-MaLR	10370	+	812	108659735	2582
chr9	108657153	108857153	harbor1	chr9	108660548	108660951	LTR/ERVL-MaLR	2566	+	202	108660750	3597
chr9	108657153	108857153	harbor1	chr9	108666799	108667008	LTR/ERVL-MaLR	2069	+	104	108666903	9750
chr9	108657153	108857153	harbor1	chr9	108667319	108667576	LTR/ERVL-MaLR	2069	+	128	108667447	10294
chr9	108657153	108857153	harbor1	chr9	108675393	108675540	LTR/ERVL-MaLR	695	+	74	108675467	18314
chr9	108657153	108857153	harbor1	chr9	108675779	108676091	LTR/ERVL-MaLR	695	+	156	108675935	18782
chr9	108657153	108857153	harbor1	chr9	108686358	108686902	LTR/ERVL-MaLR	1519	+	272	108686630	29477
chr9	108657153	108857153	harbor1	chr9	108709616	108709750	LTR/ERVL-MaLR	453	+	67	108709683	52530
chr9	108657153	108857153	harbor1	chr9	108712311	108712687	LTR/ERVL-MaLR	1233	+	188	108712499	55346
chr9	108657153	108857153	harbor1	chr9	108721704	108721890	LTR/ERVL-MaLR	1187	+	93	108721797	64644
chr9	108657153	108857153	harbor1	chr9	108722402	108722698	LTR/ERVL-MaLR	1170	+	148	108722550	65397
chr9	108657153	108857153	harbor1	chr9	108737473	108737657	LTR/ERVL-MaLR	1032	+	92	108737565	80412
chr9	108657153	108857153	harbor1	chr9	108658540	108658922	LTR/ERVL-MaLR	2414	+	191	108658731	1578
chr9	110364429	110564429	harbor1	chr9	110432868	110433270	LTR/ERVL-MaLR	2366	+	201	110433069	68640
chr9	110364429	110564429	harbor1	chr9	110439071	110439390	LTR/ERVL-MaLR	1575	+	160	110439231	74802
chr9	110364429	110564429	harbor1	chr9	110439700	110439765	LTR/ERVL-MaLR	1575	+	32	110439732	75303
chr9	110364429	110564429	harbor1	chr9	110444182	110444490	LTR/ERVL-MaLR	1513	+	154	110444336	79907
chr9	61188283	61388283	harbor1	chr9	61210199	61210522	LTR/ERVL-MaLR	1175	+	162	61210361	22078
chr9	11326079	11526079	harbor1	chr9	11385486	11385847	LTR/ERVL-MaLR	2078	+	180	11385666	59587
chr9	11326079	11526079	harbor1	chr9	11386151	11386191	LTR/ERVL-MaLR	2078	+	20	11386171	60092
chr9	11326079	11526079	harbor1	chr9	11387816	11388176	LTR/ERVL-MaLR	2122	+	180	11387996	61917
chr9	11326079	11526079	harbor1	chr9	11388178	11388253	LTR/ERVL-MaLR	499	+	38	11388216	62137
chr9	11326079	11526079	harbor1	chr9	11391545	11391902	LTR/ERVL-MaLR	2126	+	178	11391723	65644
chr9	11326079	11526079	harbor1	chr9	11391903	11393484	LTR/ERVL-MaLR	9692	+	790	11392693	66614
chr9	11326079	11526079	harbor1	chr9	11393485	11393839	LTR/ERVL-MaLR	2077	+	177	11393662	67583
chr9	11326079	11526079	harbor1	chr9	11386193	11387813	LTR/ERVL-MaLR	9232	+	810	11387003	60924
chr9	9228833	9428833	harbor1	chr9	9248991	9249417	LTR/ERVL-MaLR	2237	+	213	9249204	20371
chr9	9228833	9428833	harbor1	chr9	9288702	9289074	LTR/ERVL-MaLR	2576	+	186	9288888	60055
chr9	9228833	9428833	harbor1	chr9	9294410	9294813	LTR/ERVL-MaLR	1010	+	202	9294612	65779
chr9	9228833	9428833	harbor1	chr9	9300475	9300838	LTR/ERVL-MaLR	1671	+	182	9300657	71824
chr9	9228833	9428833	harbor1	chr9	9305600	9306032	LTR/ERVL-MaLR	1192	+	216	9305816	76983
chr9	82655761	82855761	harbor1	chr9	82660155	82660299	LTR/ERVL-MaLR	887	+	72	82660227	4466
chr9	82655761	82855761	harbor1	chr9	82660928	82661119	LTR/ERVL-MaLR	887	+	96	82661024	5263
chr9	82655761	82855761	harbor1	chr9	82665609	82665972	LTR/ERVL-MaLR	1817	+	182	82665791	10030
chr9	82655761	82855761	harbor1	chr9	82674910	82675332	LTR/ERVL-MaLR	1025	+	211	82675121	19360
chr9	82655761	82855761	harbor1	chr9	82681697	82681942	LTR/ERVL-MaLR	500	+	122	82681819	26058
chr9	82655761	82855761	harbor1	chr9	82719679	82720034	LTR/ERVL-MaLR	1684	+	178	82719857	64096
chr9	82655761	82855761	harbor1	chr9	82741252	82741627	LTR/ERVL-MaLR	1979	+	188	82741440	85679
chr9	63594163	63794163	harbor1	chr9	63632377	63632747	LTR/ERVL-MaLR	1123	+	185	63632562	38399
chr9	63594163	63794163	harbor1	chr9	63656240	63656577	LTR/ERVL-MaLR	1154	+	168	63656408	62245
chr9	63594163	63794163	harbor1	chr9	63602387	63602792	LTR/ERVL-MaLR	757	+	202	63602589	8426
chr9	128642363	128842363	harbor1	chr9	128725343	128725491	LTR/ERVL-MaLR	431	+	74	128725417	83054
chr9	128642363	128842363	harbor1	chr9	128725794	128725872	LTR/ERVL-MaLR	431	+	39	128725833	83470
chr9	128090719	128290719	harbor1	chr9	128113522	128113996	LTR/ERVL-MaLR	1631	+	237	128113759	23040
chr9	128090719	128290719	harbor1	chr9	128122030	128122233	LTR/ERVL-MaLR	439	+	102	128122132	31413
chr9	79993953	80193953	harbor1	chr9	79997415	79997824	LTR/ERVL-MaLR	2186	+	204	79997619	3666
chr9	79993953	80193953	harbor1	chr9	80022905	80023263	LTR/ERVL-MaLR	2532	+	179	80023084	29131
chr9	79993953	80193953	harbor1	chr9	80069414	80069781	LTR/ERVL-MaLR	1834	+	184	80069598	75645
chr9	79993953	80193953	harbor1	chr9	80080894	80081447	LTR/ERVL-MaLR	2283	+	276	80081170	87217
chr9	79993953	80193953	harbor1	chr9	80085682	80086045	LTR/ERVL-MaLR	2434	+	182	80085864	91911
chr9	6838994	7038994	harbor1	chr9	6914578	6914958	LTR/ERVL-MaLR	1619	+	190	6914768	75774
chr9	14161184	14361184	harbor1	chr9	14246788	14247199	LTR/ERVL-MaLR	1181	+	206	14246994	85810
chr9	14161184	14361184	harbor1	chr9	14248578	14249058	LTR/ERVL-MaLR	854	+	240	14248818	87634
chr9	109147291	109347291	harbor1	chr9	109165195	109165587	LTR/ERVL-MaLR	836	+	196	109165391	18100
chr9	109147291	109347291	harbor1	chr9	109165589	109166049	LTR/ERVL-MaLR	1442	+	230	109165819	18528
chr9	109147291	109347291	harbor1	chr9	109199680	109200052	LTR/ERVL-MaLR	1832	+	186	109199866	52575
chr9	109147291	109347291	harbor1	chr9	109219112	109219311	LTR/ERVL-MaLR	803	+	100	109219212	71921
chr9	109147291	109347291	harbor1	chr9	109219870	109220132	LTR/ERVL-MaLR	803	+	131	109220001	72710
chr9	109147291	109347291	harbor1	chr9	109199252	109199386	LTR/ERVL-MaLR	1832	+	67	109199319	52028
chr9	67508600	67708600	harbor1	chr9	67540015	67540398	LTR/ERVL-MaLR	2187	+	192	67540207	31607
chr9	67508600	67708600	harbor1	chr9	67554420	67554705	LTR/ERVL-MaLR	595	+	142	67554562	45962
chr9	67508600	67708600	harbor1	chr9	67555008	67555042	LTR/ERVL-MaLR	595	+	17	67555025	46425
chr9	67508600	67708600	harbor1	chr9	67560908	67561020	LTR/ERVL-MaLR	415	+	56	67560964	52364
chr9	67508600	67708600	harbor1	chr9	67561013	67561241	LTR/ERVL-MaLR	1113	+	114	67561127	52527
chr9	67508600	67708600	harbor1	chr9	67608183	67608330	LTR/ERVL-MaLR	620	+	74	67608257	99657
chr9	6658963	6858963	harbor1	chr9	6693342	6693364	LTR/ERVL-MaLR	1185	+	11	6693353	34390
chr9	6658963	6858963	harbor1	chr9	6694507	6694763	LTR/ERVL-MaLR	1185	+	128	6694635	35672
chr9	6658963	6858963	harbor1	chr9	6705863	6705919	LTR/ERVL-MaLR	405	+	28	6705891	46928
chr9	6658963	6858963	harbor1	chr9	6706397	6706484	LTR/ERVL-MaLR	405	+	44	6706441	47478
chr9	6658963	6858963	harbor1	chr9	6735396	6735758	LTR/ERVL-MaLR	2170	+	181	6735577	76614
chr9	6658963	6858963	harbor1	chr9	6735760	6736623	LTR/ERVL-MaLR	6538	+	432	6736192	77229
chr9	447793	647793	harbor1	chr9	472512	472677	LTR/ERVL-MaLR	573	+	82	472594	24801
chr9	447793	647793	harbor1	chr9	485084	485294	LTR/ERVL-MaLR	940	+	105	485189	37396
chr9	447793	647793	harbor1	chr9	485434	485590	LTR/ERVL-MaLR	940	+	78	485512	37719
chr9	447793	647793	harbor1	chr9	485898	486081	LTR/ERVL-MaLR	940	+	92	485990	38197
chr9	447793	647793	harbor1	chr9	491705	492073	LTR/ERVL-MaLR	2433	+	184	491889	44096
chr9	447793	647793	harbor1	chr9	493080	493554	LTR/ERVL-MaLR	1626	+	237	493317	45524
chr9	447793	647793	harbor1	chr9	493847	493875	LTR/ERVL-MaLR	1626	+	14	493861	46068
chr9	447793	647793	harbor1	chr9	494461	494724	LTR/ERVL-MaLR	822	+	132	494593	46800
chr9	132916076	133116076	harbor1	chr9	132947190	132947362	LTR/ERVL-MaLR	565	+	86	132947276	31200
chr9	132916076	133116076	harbor1	chr9	132948116	132948470	LTR/ERVL-MaLR	565	+	177	132948293	32217
chr9	132916076	133116076	harbor1	chr9	132959108	132959478	LTR/ERVL-MaLR	2650	+	185	132959293	43217
chr9	132916076	133116076	harbor1	chr9	132965421	132965851	LTR/ERVL-MaLR	1753	+	215	132965636	49560
chr9	132916076	133116076	harbor1	chr9	132966959	132967320	LTR/ERVL-MaLR	1490	+	180	132967139	51063
chr9	132916076	133116076	harbor1	chr9	132973883	132974130	LTR/ERVL-MaLR	854	+	124	132974007	57931
chr9	132916076	133116076	harbor1	chr9	132992310	132992418	LTR/ERVL-MaLR	537	+	54	132992364	76288
chr9	132916076	133116076	harbor1	chr9	133014791	133014938	LTR/ERVL-MaLR	770	+	74	133014865	98789
chr9	132916076	133116076	harbor1	chr9	133015050	133015267	LTR/ERVL-MaLR	953	+	108	133015158	99082
chr9	119394101	119594101	harbor1	chr9	119411469	119411821	LTR/ERVL-MaLR	1697	+	176	119411645	17544
chr9	119394101	119594101	harbor1	chr9	119449102	119449460	LTR/ERVL-MaLR	1348	+	179	119449281	55180
chr9	119394101	119594101	harbor1	chr9	119449599	119449956	LTR/ERVL-MaLR	910	+	178	119449777	55676
chr9	119394101	119594101	harbor1	chr9	119455853	119456227	LTR/ERVL-MaLR	2264	+	187	119456040	61939
chr9	119394101	119594101	harbor1	chr9	119466238	119466697	LTR/ERVL-MaLR	1212	+	230	119466468	72367
chr9	112822031	113022031	harbor1	chr9	112908708	112909118	LTR/ERVL-MaLR	2476	+	205	112908913	86882
chr9	13144466	13344466	harbor1	chr9	13152292	13152651	LTR/ERVL-MaLR	2438	+	180	13152472	8006
chr9	24632905	24832905	harbor1	chr9	24705852	24705903	LTR/ERVL-MaLR	437	+	26	24705878	72973
chr9	24632905	24832905	harbor1	chr9	24706200	24706315	LTR/ERVL-MaLR	437	+	58	24706258	73353
chr9	24632905	24832905	harbor1	chr9	24724972	24725322	LTR/ERVL-MaLR	2064	+	175	24725147	92242
chr9	24632905	24832905	harbor1	chr9	24728353	24728733	LTR/ERVL-MaLR	1489	+	190	24728543	95638
chr9	131695081	131895081	harbor1	chr9	131698498	131698943	LTR/ERVL-MaLR	569	+	222	131698720	3639
chr9	131695081	131895081	harbor1	chr9	131748534	131748874	LTR/ERVL-MaLR	699	+	170	131748704	53623
chr9	131695081	131895081	harbor1	chr9	131778762	131779231	LTR/ERVL-MaLR	2541	+	234	131778996	83915
chr9	131695081	131895081	harbor1	chr9	131790541	131790907	LTR/ERVL-MaLR	1126	+	183	131790724	95643
chr9	131695081	131895081	harbor1	chr9	131791165	131791260	LTR/ERVL-MaLR	1126	+	48	131791213	96132
chr9	31249949	31449949	harbor1	chr9	31252960	31253623	LTR/ERVL-MaLR	1500	+	332	31253292	3343
chr9	31249949	31449949	harbor1	chr9	31255457	31255818	LTR/ERVL-MaLR	994	+	180	31255637	5688
chr9	31249949	31449949	harbor1	chr9	31268747	31269107	LTR/ERVL-MaLR	1317	+	180	31268927	18978
chr9	31249949	31449949	harbor1	chr9	31271120	31271517	LTR/ERVL-MaLR	1761	+	198	31271318	21369
chr9	31249949	31449949	harbor1	chr9	31271520	31272115	LTR/ERVL-MaLR	5985	+	298	31271818	21869
chr9	31249949	31449949	harbor1	chr9	31272358	31272876	LTR/ERVL-MaLR	5985	+	259	31272617	22668
chr9	31249949	31449949	harbor1	chr9	31273408	31273971	LTR/ERVL-MaLR	5985	+	282	31273690	23741
chr9	31249949	31449949	harbor1	chr9	31274022	31274429	LTR/ERVL-MaLR	1619	+	204	31274226	24277
chr9	31249949	31449949	harbor1	chr9	31283527	31283921	LTR/ERVL-MaLR	1386	+	197	31283724	33775
chr9	115862386	116062386	harbor1	chr9	115898501	115898872	LTR/ERVL-MaLR	2081	+	186	115898687	36301
chr9	115862386	116062386	harbor1	chr9	115927247	115927620	LTR/ERVL-MaLR	2423	+	186	115927433	65047
chr9	115862386	116062386	harbor1	chr9	115935239	115935647	LTR/ERVL-MaLR	2307	+	204	115935443	73057
chr9	41143431	41343431	harbor1	chr9	41206325	41206729	LTR/ERVL-MaLR	2006	+	202	41206527	63096
chr9	41143431	41343431	harbor1	chr9	41210602	41211018	LTR/ERVL-MaLR	2247	+	208	41210810	67379
chr9	80880506	81080506	harbor1	chr9	80922996	80923138	LTR/ERVL-MaLR	1697	+	71	80923067	42561
chr9	80880506	81080506	harbor1	chr9	80923441	80923666	LTR/ERVL-MaLR	1697	+	112	80923553	43047
chr9	80880506	81080506	harbor1	chr9	80927793	80928164	LTR/ERVL-MaLR	1678	+	186	80927979	47473
chr9	80880506	81080506	harbor1	chr9	80956137	80956494	LTR/ERVL-MaLR	1008	+	178	80956315	75809
chr9	80880506	81080506	harbor1	chr9	80959287	80959655	LTR/ERVL-MaLR	2182	+	184	80959471	78965
chr9	80880506	81080506	harbor1	chr9	80960159	80960524	LTR/ERVL-MaLR	2628	+	182	80960341	79835
chr9	80880506	81080506	harbor1	chr9	80969913	80971507	LTR/ERVL-MaLR	11335	+	797	80970710	90204
chr9	80880506	81080506	harbor1	chr9	80971508	80971863	LTR/ERVL-MaLR	2573	+	178	80971686	91180
chr9	80880506	81080506	harbor1	chr9	80969553	80969908	LTR/ERVL-MaLR	2577	+	178	80969731	89225
chr9	112575803	112775803	harbor1	chr9	112583069	112583253	LTR/ERVL-MaLR	576	+	92	112583161	7358
chr9	104672672	104872672	harbor1	chr9	104695989	104696107	LTR/ERVL-MaLR	836	+	59	104696048	23376
chr9	104672672	104872672	harbor1	chr9	104696168	104696535	LTR/ERVL-MaLR	836	+	184	104696352	23680
chr9	104672672	104872672	harbor1	chr9	104709346	104709535	LTR/ERVL-MaLR	543	+	94	104709440	36768
chr9	104672672	104872672	harbor1	chr9	104723770	104724163	LTR/ERVL-MaLR	807	+	196	104723966	51294
chr9	104672672	104872672	harbor1	chr9	104745711	104745942	LTR/ERVL-MaLR	493	+	116	104745827	73155
chr9	62866671	63066671	harbor1	chr9	62903455	62903884	LTR/ERVL-MaLR	2394	+	214	62903669	36998
chr9	62866671	63066671	harbor1	chr9	62935609	62935983	LTR/ERVL-MaLR	1802	+	187	62935796	69125
chr9	62866671	63066671	harbor1	chr9	62935984	62937590	LTR/ERVL-MaLR	11008	+	803	62936787	70116
chr9	62866671	63066671	harbor1	chr9	62937593	62937915	LTR/ERVL-MaLR	1803	+	161	62937754	71083
chr9	62866671	63066671	harbor1	chr9	62938209	62938259	LTR/ERVL-MaLR	1803	+	25	62938234	71563
chr9	62866671	63066671	harbor1	chr9	62950038	62950413	LTR/ERVL-MaLR	2860	+	188	62950226	83555
chr9	83339820	83539820	harbor1	chr9	83377423	83377835	LTR/ERVL-MaLR	2758	+	206	83377629	37809
chr9	83339820	83539820	harbor1	chr9	83383013	83383362	LTR/ERVL-MaLR	1400	+	174	83383187	43367
chr9	83339820	83539820	harbor1	chr9	83396339	83396681	LTR/ERVL-MaLR	491	+	171	83396510	56690
chr9	83339820	83539820	harbor1	chr9	83420597	83420930	LTR/ERVL-MaLR	2094	+	166	83420763	80943
chr9	83339820	83539820	harbor1	chr9	83421240	83421310	LTR/ERVL-MaLR	2094	+	35	83421275	81455
chr9	83339820	83539820	harbor1	chr9	83361634	83362062	LTR/ERVL-MaLR	1774	+	214	83361848	22028
chr9	32301727	32501727	harbor1	chr9	32302091	32302431	LTR/ERVL-MaLR	1440	+	170	32302261	534
chr9	32301727	32501727	harbor1	chr9	32369779	32370204	LTR/ERVL-MaLR	2297	+	212	32369991	68264
chr9	32301727	32501727	harbor1	chr9	32372939	32373380	LTR/ERVL-MaLR	2015	+	220	32373159	71432
chr9	32301727	32501727	harbor1	chr9	32382565	32382735	LTR/ERVL-MaLR	861	+	85	32382650	80923
chr9	95355105	95555105	harbor1	chr9	95368410	95368816	LTR/ERVL-MaLR	1182	+	203	95368613	13508
chr9	95355105	95555105	harbor1	chr9	95372408	95372847	LTR/ERVL-MaLR	638	+	220	95372628	17523
chr9	95355105	95555105	harbor1	chr9	95380248	95380324	LTR/ERVL-MaLR	1684	+	38	95380286	25181
chr9	95355105	95555105	harbor1	chr9	95380932	95381366	LTR/ERVL-MaLR	1684	+	217	95381149	26044
chr9	95355105	95555105	harbor1	chr9	95428876	95429263	LTR/ERVL-MaLR	1867	+	194	95429070	73965
chr9	95355105	95555105	harbor1	chr9	95429914	95430249	LTR/ERVL-MaLR	1929	+	168	95430082	74977
chr9	95355105	95555105	harbor1	chr9	95431012	95431197	LTR/ERVL-MaLR	708	+	92	95431104	75999
chr9	474364	674364	harbor1	chr9	485084	485294	LTR/ERVL-MaLR	940	+	105	485189	10825
chr9	474364	674364	harbor1	chr9	485434	485590	LTR/ERVL-MaLR	940	+	78	485512	11148
chr9	474364	674364	harbor1	chr9	485898	486081	LTR/ERVL-MaLR	940	+	92	485990	11626
chr9	474364	674364	harbor1	chr9	491705	492073	LTR/ERVL-MaLR	2433	+	184	491889	17525
chr9	474364	674364	harbor1	chr9	493080	493554	LTR/ERVL-MaLR	1626	+	237	493317	18953
chr9	474364	674364	harbor1	chr9	493847	493875	LTR/ERVL-MaLR	1626	+	14	493861	19497
chr9	474364	674364	harbor1	chr9	494461	494724	LTR/ERVL-MaLR	822	+	132	494593	20229
chr9	474364	674364	harbor1	chr9	569266	569661	LTR/ERVL-MaLR	2553	+	198	569464	95100
chr9	10057263	10257263	harbor1	chr9	10081356	10081712	LTR/ERVL-MaLR	1500	+	178	10081534	24271
chr9	10057263	10257263	harbor1	chr9	10128194	10128646	LTR/ERVL-MaLR	2422	+	226	10128420	71157
chr9	10057263	10257263	harbor1	chr9	10132824	10133134	LTR/ERVL-MaLR	846	+	155	10132979	75716
chr9	88019469	88219469	harbor1	chr9	88019695	88019708	LTR/ERVL-MaLR	1118	+	6	88019701	232
chr9	88019469	88219469	harbor1	chr9	88020001	88020227	LTR/ERVL-MaLR	1118	+	113	88020114	645
chr9	88019469	88219469	harbor1	chr9	88022915	88023315	LTR/ERVL-MaLR	2008	+	200	88023115	3646
chr9	88019469	88219469	harbor1	chr9	88067571	88067965	LTR/ERVL-MaLR	2615	+	197	88067768	48299
chr9	88019469	88219469	harbor1	chr9	88081327	88081460	LTR/ERVL-MaLR	513	+	66	88081393	61924
chr9	88019469	88219469	harbor1	chr9	88082842	88083031	LTR/ERVL-MaLR	629	+	94	88082936	63467
chr9	88019469	88219469	harbor1	chr9	88083204	88083379	LTR/ERVL-MaLR	484	+	88	88083292	63823
chr9	75813361	76013361	harbor1	chr9	75843229	75843624	LTR/ERVL-MaLR	1677	+	198	75843427	30066
chr9	75813361	76013361	harbor1	chr9	75850898	75851256	LTR/ERVL-MaLR	2632	+	179	75851077	37716
chr9	75813361	76013361	harbor1	chr9	75909781	75910162	LTR/ERVL-MaLR	1256	+	190	75909971	96610
chr9	76830450	77030450	harbor1	chr9	76844169	76844561	LTR/ERVL-MaLR	2327	+	196	76844365	13915
chr9	76830450	77030450	harbor1	chr9	76872818	76873255	LTR/ERVL-MaLR	2083	+	218	76873036	42586
chr9	76830450	77030450	harbor1	chr9	76883770	76883897	LTR/ERVL-MaLR	621	+	64	76883834	53384
chr9	76830450	77030450	harbor1	chr9	76887534	76887873	LTR/ERVL-MaLR	840	+	170	76887704	57254
chr9	76830450	77030450	harbor1	chr9	76909957	76910319	LTR/ERVL-MaLR	1779	+	181	76910138	79688
chr9	76830450	77030450	harbor1	chr9	76910731	76911198	LTR/ERVL-MaLR	1503	+	234	76910965	80515
chr9	76830450	77030450	harbor1	chr9	76919783	76920267	LTR/ERVL-MaLR	1214	+	242	76920025	89575
chr9	76830450	77030450	harbor1	chr9	76921634	76921988	LTR/ERVL-MaLR	1668	+	177	76921811	91361
chr9	76830450	77030450	harbor1	chr9	76923935	76924404	LTR/ERVL-MaLR	2218	+	234	76924169	93719
chr9	42054965	42254965	harbor1	chr9	42109703	42110155	LTR/ERVL-MaLR	618	+	226	42109929	54964
chr9	42054965	42254965	harbor1	chr9	42111465	42111685	LTR/ERVL-MaLR	440	+	110	42111575	56610
chr9	42054965	42254965	harbor1	chr9	42150699	42150879	LTR/ERVL-MaLR	962	+	90	42150789	95824
chr9	115314293	115514293	harbor1	chr9	115319126	115319454	LTR/ERVL-MaLR	1309	+	164	115319290	4997
chr9	115314293	115514293	harbor1	chr9	115319455	115319818	LTR/ERVL-MaLR	2100	+	182	115319637	5344
chr9	115314293	115514293	harbor1	chr9	115319819	115319990	LTR/ERVL-MaLR	1309	+	86	115319905	5612
chr9	115314293	115514293	harbor1	chr9	115358346	115358727	LTR/ERVL-MaLR	2176	+	190	115358536	44243
chr9	115314293	115514293	harbor1	chr9	115403007	115403364	LTR/ERVL-MaLR	2293	+	178	115403185	88892
chr9	26135317	26335317	harbor1	chr9	26157325	26157682	LTR/ERVL-MaLR	2455	+	178	26157503	22186
chr9	26135317	26335317	harbor1	chr9	26157843	26158262	LTR/ERVL-MaLR	2444	+	210	26158053	22736
chr9	26135317	26335317	harbor1	chr9	26177912	26178087	LTR/ERVL-MaLR	525	+	88	26178000	42683
chr9	26135317	26335317	harbor1	chr9	26178453	26178868	LTR/ERVL-MaLR	1433	+	208	26178661	43344
chr9	26135317	26335317	harbor1	chr9	26178927	26179249	LTR/ERVL-MaLR	677	+	161	26179088	43771
chr9	26135317	26335317	harbor1	chr9	26179258	26179554	LTR/ERVL-MaLR	558	+	148	26179406	44089
chr9	26135317	26335317	harbor1	chr9	26182593	26182933	LTR/ERVL-MaLR	533	+	170	26182763	47446
chr9	26135317	26335317	harbor1	chr9	26191826	26192188	LTR/ERVL-MaLR	1859	+	181	26192007	56690
chr9	26135317	26335317	harbor1	chr9	26192505	26192884	LTR/ERVL-MaLR	2416	+	190	26192695	57378
chr9	26135317	26335317	harbor1	chr9	26193942	26194175	LTR/ERVL-MaLR	902	+	116	26194058	58741
chr9	26135317	26335317	harbor1	chr9	26232093	26232546	LTR/ERVL-MaLR	1030	+	226	26232319	97002
chr9	25089687	25289687	harbor1	chr9	25177004	25177123	LTR/ERVL-MaLR	418	+	60	25177064	87377
chr9	26046237	26246237	harbor1	chr9	26091406	26091839	LTR/ERVL-MaLR	1914	+	216	26091622	45385
chr9	26046237	26246237	harbor1	chr9	26092909	26093273	LTR/ERVL-MaLR	1651	+	182	26093091	46854
chr9	26046237	26246237	harbor1	chr9	26127612	26127804	LTR/ERVL-MaLR	700	+	96	26127708	81471
chr9	130206402	130406402	harbor1	chr9	130240712	130240818	LTR/ERVL-MaLR	613	+	53	130240765	34363
chr9	130206402	130406402	harbor1	chr9	130246815	130246936	LTR/ERVL-MaLR	1052	+	60	130246875	40473
chr9	130206402	130406402	harbor1	chr9	130247227	130247381	LTR/ERVL-MaLR	1052	+	77	130247304	40902
chr9	130206402	130406402	harbor1	chr9	130247708	130247755	LTR/ERVL-MaLR	425	+	24	130247732	41330
chr9	130206402	130406402	harbor1	chr9	130257808	130257975	LTR/ERVL-MaLR	2435	+	84	130257892	51490
chr9	130206402	130406402	harbor1	chr9	130258292	130258504	LTR/ERVL-MaLR	2435	+	106	130258398	51996
chr9	130206402	130406402	harbor1	chr9	130279740	130280150	LTR/ERVL-MaLR	2373	+	205	130279945	73543
chr9	130206402	130406402	harbor1	chr9	130280472	130280536	LTR/ERVL-MaLR	2373	+	32	130280504	74102
chr9	133507300	133707300	harbor1	chr9	133582679	133582909	LTR/ERVL-MaLR	438	+	115	133582794	75494
chr9	131229263	131429263	harbor1	chr9	131252702	131252902	LTR/ERVL-MaLR	773	+	100	131252802	23539
chr9	131229263	131429263	harbor1	chr9	131316219	131316356	LTR/ERVL-MaLR	1159	+	68	131316287	87024
chr9	131229263	131429263	harbor1	chr9	131316651	131316799	LTR/ERVL-MaLR	1159	+	74	131316725	87462
chr9	131229263	131429263	harbor1	chr9	131323497	131323820	LTR/ERVL-MaLR	1440	+	162	131323659	94396
chr9	94328521	94528521	harbor1	chr9	94357995	94358115	LTR/ERVL-MaLR	725	+	60	94358055	29534
chr9	94328521	94528521	harbor1	chr9	94384731	94385136	LTR/ERVL-MaLR	1338	+	202	94384933	56412
chr9	94328521	94528521	harbor1	chr9	94403861	94404203	LTR/ERVL-MaLR	1498	+	171	94404032	75511
chr9	83911096	84111096	harbor1	chr9	83931423	83931585	LTR/ERVL-MaLR	848	+	81	83931504	20408
chr9	83911096	84111096	harbor1	chr9	83941030	83941241	LTR/ERVL-MaLR	577	+	106	83941136	30040
chr9	83911096	84111096	harbor1	chr9	83941248	83941391	LTR/ERVL-MaLR	553	+	72	83941320	30224
chr9	83911096	84111096	harbor1	chr9	83941960	83942196	LTR/ERVL-MaLR	1001	+	118	83942078	30982
chr9	72928890	73128890	harbor1	chr9	72955773	72955867	LTR/ERVL-MaLR	1378	+	47	72955820	26930
chr9	72928890	73128890	harbor1	chr9	72956247	72956488	LTR/ERVL-MaLR	1378	+	120	72956367	27477
chr9	72928890	73128890	harbor1	chr9	72957390	72957616	LTR/ERVL-MaLR	650	+	113	72957503	28613
chr9	72928890	73128890	harbor1	chr9	73004732	73005150	LTR/ERVL-MaLR	1839	+	209	73004941	76051
chr9	135473597	135673597	harbor1	chr9	135555555	135555733	LTR/ERVL-MaLR	478	+	89	135555644	82047
chr9	108094146	108294146	harbor1	chr9	108146285	108146456	LTR/ERVL-MaLR	1882	+	86	108146371	52225
chr9	108094146	108294146	harbor1	chr9	108146762	108147068	LTR/ERVL-MaLR	1882	+	153	108146915	52769
chr9	108094146	108294146	harbor1	chr9	108154090	108154405	LTR/ERVL-MaLR	544	+	158	108154248	60102
chr9	108094146	108294146	harbor1	chr9	108169249	108169615	LTR/ERVL-MaLR	2484	+	183	108169432	75286
chr9	69667227	69867227	harbor1	chr9	69685490	69685850	LTR/ERVL-MaLR	1841	+	180	69685670	18443
chr9	69667227	69867227	harbor1	chr9	69698813	69699232	LTR/ERVL-MaLR	2264	+	210	69699023	31796
chr9	111742767	111942767	harbor1	chr9	111745406	111745773	LTR/ERVL-MaLR	2146	+	184	111745590	2823
chr9	111742767	111942767	harbor1	chr9	111807093	111807407	LTR/ERVL-MaLR	811	+	157	111807250	64483
chr9	9084854	9284854	harbor1	chr9	9140903	9141082	LTR/ERVL-MaLR	404	+	90	9140993	56139
chr9	9084854	9284854	harbor1	chr9	9176517	9176905	LTR/ERVL-MaLR	1790	+	194	9176711	91857
chr9	9084854	9284854	harbor1	chr9	9174843	9175200	LTR/ERVL-MaLR	1769	+	178	9175021	90167
chr9	5824117	6024117	harbor1	chr9	5848084	5848518	LTR/ERVL-MaLR	1871	+	217	5848301	24184
chr9	5824117	6024117	harbor1	chr9	5860846	5861090	LTR/ERVL-MaLR	1056	+	122	5860968	36851
chr9	5824117	6024117	harbor1	chr9	5876403	5876868	LTR/ERVL-MaLR	1872	+	232	5876635	52518
chr9	432916	632916	harbor1	chr9	472512	472677	LTR/ERVL-MaLR	573	+	82	472594	39678
chr9	432916	632916	harbor1	chr9	485084	485294	LTR/ERVL-MaLR	940	+	105	485189	52273
chr9	432916	632916	harbor1	chr9	485434	485590	LTR/ERVL-MaLR	940	+	78	485512	52596
chr9	432916	632916	harbor1	chr9	485898	486081	LTR/ERVL-MaLR	940	+	92	485990	53074
chr9	432916	632916	harbor1	chr9	491705	492073	LTR/ERVL-MaLR	2433	+	184	491889	58973
chr9	432916	632916	harbor1	chr9	493080	493554	LTR/ERVL-MaLR	1626	+	237	493317	60401
chr9	432916	632916	harbor1	chr9	493847	493875	LTR/ERVL-MaLR	1626	+	14	493861	60945
chr9	432916	632916	harbor1	chr9	494461	494724	LTR/ERVL-MaLR	822	+	132	494593	61677
chr9	12780629	12980629	harbor1	chr9	12800711	12800880	LTR/ERVL-MaLR	1152	+	84	12800795	20166
chr9	12780629	12980629	harbor1	chr9	12802246	12802658	LTR/ERVL-MaLR	2267	+	206	12802452	21823
chr9	12780629	12980629	harbor1	chr9	12826687	12826966	LTR/ERVL-MaLR	1013	+	140	12826827	46198
chr9	12780629	12980629	harbor1	chr9	12840025	12840385	LTR/ERVL-MaLR	1609	+	180	12840205	59576
chr9	12780629	12980629	harbor1	chr9	12842567	12842609	LTR/ERVL-MaLR	1514	+	21	12842588	61959
chr9	12780629	12980629	harbor1	chr9	12842742	12843087	LTR/ERVL-MaLR	1741	+	172	12842914	62285
chr9	74478044	74678044	harbor1	chr9	74481797	74482244	LTR/ERVL-MaLR	748	+	224	74482021	3977
chr9	37301107	37501107	harbor1	chr9	37313546	37313925	LTR/ERVL-MaLR	1854	+	190	37313736	12629
chr9	37301107	37501107	harbor1	chr9	37374810	37375174	LTR/ERVL-MaLR	1439	+	182	37374992	73885
chr9	37301107	37501107	harbor1	chr9	37382005	37382379	LTR/ERVL-MaLR	600	+	187	37382192	81085
chr9	37301107	37501107	harbor1	chr9	37392515	37392910	LTR/ERVL-MaLR	647	+	198	37392713	91606
chr9	60722568	60922568	harbor1	chr9	60761292	60761686	LTR/ERVL-MaLR	2244	+	197	60761489	38921
chr9	91546426	91746426	harbor1	chr9	91551355	91551761	LTR/ERVL-MaLR	2608	+	203	91551558	5132
chr9	91546426	91746426	harbor1	chr9	91569683	91569783	LTR/ERVL-MaLR	563	+	50	91569733	23307
chr9	91546426	91746426	harbor1	chr9	91569796	91570035	LTR/ERVL-MaLR	956	+	120	91569916	23490
chr9	91546426	91746426	harbor1	chr9	91573435	91573799	LTR/ERVL-MaLR	2371	+	182	91573617	27191
chr9	91546426	91746426	harbor1	chr9	91576266	91576665	LTR/ERVL-MaLR	1602	+	200	91576466	30040
chr9	91546426	91746426	harbor1	chr9	91578087	91578180	LTR/ERVL-MaLR	519	+	46	91578133	31707
chr9	91546426	91746426	harbor1	chr9	91582675	91582765	LTR/ERVL-MaLR	448	+	45	91582720	36294
chr9	91546426	91746426	harbor1	chr9	91597823	91598171	LTR/ERVL-MaLR	1440	+	174	91597997	51571
chr9	91546426	91746426	harbor1	chr9	91624018	91624122	LTR/ERVL-MaLR	1247	+	52	91624070	77644
chr9	91546426	91746426	harbor1	chr9	91624415	91624689	LTR/ERVL-MaLR	1247	+	137	91624552	78126
chr9	91546426	91746426	harbor1	chr9	91638817	91639007	LTR/ERVL-MaLR	1751	+	95	91638912	92486
chr9	91546426	91746426	harbor1	chr9	91639402	91639531	LTR/ERVL-MaLR	1751	+	64	91639466	93040
chr9	9991754	10191754	harbor1	chr9	10027999	10028338	LTR/ERVL-MaLR	1917	+	170	10028169	36415
chr9	9991754	10191754	harbor1	chr9	10028341	10029860	LTR/ERVL-MaLR	11020	+	760	10029101	37347
chr9	9991754	10191754	harbor1	chr9	10029862	10030206	LTR/ERVL-MaLR	1937	+	172	10030034	38280
chr9	9991754	10191754	harbor1	chr9	10037207	10037585	LTR/ERVL-MaLR	1822	+	189	10037396	45642
chr9	9991754	10191754	harbor1	chr9	10054830	10055231	LTR/ERVL-MaLR	1459	+	200	10055030	63276
chr9	9991754	10191754	harbor1	chr9	10081356	10081712	LTR/ERVL-MaLR	1500	+	178	10081534	89780
chr9	115377893	115577893	harbor1	chr9	115403007	115403364	LTR/ERVL-MaLR	2293	+	178	115403185	25292
chr9	115377893	115577893	harbor1	chr9	115422495	115422829	LTR/ERVL-MaLR	1352	+	167	115422662	44769
chr9	115377893	115577893	harbor1	chr9	115426768	115427130	LTR/ERVL-MaLR	2359	+	181	115426949	49056
chr9	115377893	115577893	harbor1	chr9	115434555	115434918	LTR/ERVL-MaLR	2153	+	182	115434737	56844
chr9	115377893	115577893	harbor1	chr9	115435034	115435153	LTR/ERVL-MaLR	435	+	60	115435094	57201
chr9	115377893	115577893	harbor1	chr9	115435196	115435417	LTR/ERVL-MaLR	621	+	110	115435306	57413
chr9	115377893	115577893	harbor1	chr9	115453818	115454169	LTR/ERVL-MaLR	2264	+	176	115453994	76101
chr9	115377893	115577893	harbor1	chr9	115460431	115460929	LTR/ERVL-MaLR	1943	+	249	115460680	82787
chr9	116109417	116309417	harbor1	chr9	116111268	116111625	LTR/ERVL-MaLR	1269	+	178	116111446	2029
chr9	116109417	116309417	harbor1	chr9	116129001	116129311	LTR/ERVL-MaLR	837	+	155	116129156	19739
chr9	20992485	21192485	harbor1	chr9	21004392	21004733	LTR/ERVL-MaLR	1203	+	170	21004562	12077
chr9	20992485	21192485	harbor1	chr9	21004738	21006132	LTR/ERVL-MaLR	3911	+	697	21005435	12950
chr9	20992485	21192485	harbor1	chr9	21006141	21006493	LTR/ERVL-MaLR	1682	+	176	21006317	13832
chr9	20992485	21192485	harbor1	chr9	21053923	21054288	LTR/ERVL-MaLR	1639	+	182	21054105	61620
chr9	20992485	21192485	harbor1	chr9	21056914	21057262	LTR/ERVL-MaLR	2060	+	174	21057088	64603
chr9	81144151	81344151	harbor1	chr9	81144770	81145243	LTR/ERVL-MaLR	1833	+	236	81145006	855
chr9	81144151	81344151	harbor1	chr9	81186621	81186951	LTR/ERVL-MaLR	1404	+	165	81186786	42635
chr9	81144151	81344151	harbor1	chr9	81187253	81187324	LTR/ERVL-MaLR	1404	+	36	81187289	43138
chr9	81144151	81344151	harbor1	chr9	81194032	81194481	LTR/ERVL-MaLR	1659	+	224	81194256	50105
chr9	81144151	81344151	harbor1	chr9	81213909	81214270	LTR/ERVL-MaLR	1417	+	180	81214089	69938
chr9	17836564	18036564	harbor1	chr9	17874028	17874436	LTR/ERVL-MaLR	1475	+	204	17874232	37668
chr9	17836564	18036564	harbor1	chr9	17885854	17886028	LTR/ERVL-MaLR	736	+	87	17885941	49377
chr9	17836564	18036564	harbor1	chr9	17886110	17886194	LTR/ERVL-MaLR	736	+	42	17886152	49588
chr9	17836564	18036564	harbor1	chr9	17886195	17886546	LTR/ERVL-MaLR	1610	+	176	17886371	49807
chr9	17836564	18036564	harbor1	chr9	17887892	17888492	LTR/ERVL-MaLR	2296	+	300	17888192	51628
chr9	63056402	63256402	harbor1	chr9	63062383	63062814	LTR/ERVL-MaLR	1061	+	216	63062599	6197
chr9	63056402	63256402	harbor1	chr9	63101819	63102286	LTR/ERVL-MaLR	1125	+	234	63102053	45651
chr9	63056402	63256402	harbor1	chr9	63110727	63111095	LTR/ERVL-MaLR	2056	+	184	63110911	54509
chr9	135900303	136100303	harbor1	chr9	135914666	135915084	LTR/ERVL-MaLR	2076	+	209	135914875	14572
chr9	135900303	136100303	harbor1	chr9	135949847	135950288	LTR/ERVL-MaLR	1231	+	220	135950067	49764
chr9	12488388	12688388	harbor1	chr9	12491664	12492018	LTR/ERVL-MaLR	2135	+	177	12491841	3453
chr9	12488388	12688388	harbor1	chr9	12505314	12505506	LTR/ERVL-MaLR	1318	+	96	12505410	17022
chr9	12488388	12688388	harbor1	chr9	12508960	12509187	LTR/ERVL-MaLR	1227	+	114	12509074	20686
chr9	12488388	12688388	harbor1	chr9	12529096	12529556	LTR/ERVL-MaLR	1601	+	230	12529326	40938
chr9	12488388	12688388	harbor1	chr9	12563297	12563951	LTR/ERVL-MaLR	1525	+	327	12563624	75236
chr9	12488388	12688388	harbor1	chr9	12564143	12564571	LTR/ERVL-MaLR	771	+	214	12564357	75969
chr9	23772158	23972158	harbor1	chr9	23791570	23791893	LTR/ERVL-MaLR	1217	+	162	23791732	19574
chr9	23772158	23972158	harbor1	chr9	23855155	23855411	LTR/ERVL-MaLR	496	+	128	23855283	83125
chr9	23772158	23972158	harbor1	chr9	23858387	23858680	LTR/ERVL-MaLR	1121	+	146	23858533	86375
chr9	103556930	103756930	harbor1	chr9	103620085	103620266	LTR/ERVL-MaLR	431	+	90	103620175	63245
chr9	103556930	103756930	harbor1	chr9	103656714	103657063	LTR/ERVL-MaLR	1719	+	174	103656888	99958
chr9	64654454	64854454	harbor1	chr9	64738654	64738745	LTR/ERVL-MaLR	401	+	46	64738700	84246
chr9	64654454	64854454	harbor1	chr9	64739632	64739774	LTR/ERVL-MaLR	609	+	71	64739703	85249
chr9	64654454	64854454	harbor1	chr9	64745136	64745741	LTR/ERVL-MaLR	1375	+	302	64745438	90984
chr9	112735163	112935163	harbor1	chr9	112739929	112740105	LTR/ERVL-MaLR	2541	+	88	112740017	4854
chr9	112735163	112935163	harbor1	chr9	112740404	112740654	LTR/ERVL-MaLR	2541	+	125	112740529	5366
chr9	14323030	14523030	harbor1	chr9	14355120	14355473	LTR/ERVL-MaLR	1985	+	176	14355296	32266
chr9	14323030	14523030	harbor1	chr9	14358577	14358750	LTR/ERVL-MaLR	530	+	86	14358663	35633
chr9	14323030	14523030	harbor1	chr9	14359168	14359646	LTR/ERVL-MaLR	1428	+	239	14359407	36377
chr9	14323030	14523030	harbor1	chr9	14390553	14390916	LTR/ERVL-MaLR	2231	+	182	14390735	67705
chr9	14323030	14523030	harbor1	chr9	14404559	14404931	LTR/ERVL-MaLR	419	+	186	14404745	81715
chr9	14323030	14523030	harbor1	chr9	14404973	14405360	LTR/ERVL-MaLR	1264	+	194	14405167	82137
chr9	14323030	14523030	harbor1	chr9	14405381	14406590	LTR/ERVL-MaLR	2322	+	604	14405985	82955
chr9	14323030	14523030	harbor1	chr9	14406591	14406976	LTR/ERVL-MaLR	961	+	192	14406783	83753
chr9	14323030	14523030	harbor1	chr9	14407026	14407158	LTR/ERVL-MaLR	430	+	66	14407092	84062
chr9	14323030	14523030	harbor1	chr9	14411706	14412196	LTR/ERVL-MaLR	1944	+	245	14411951	88921
chr9	79234517	79434517	harbor1	chr9	79258562	79258928	LTR/ERVL-MaLR	1755	+	183	79258745	24228
chr9	79234517	79434517	harbor1	chr9	79262762	79263159	LTR/ERVL-MaLR	2014	+	198	79262960	28443
chr9	79234517	79434517	harbor1	chr9	79282854	79283011	LTR/ERVL-MaLR	2013	+	78	79282932	48415
chr9	79234517	79434517	harbor1	chr9	79283334	79283568	LTR/ERVL-MaLR	2013	+	117	79283451	48934
chr9	79234517	79434517	harbor1	chr9	79287865	79288389	LTR/ERVL-MaLR	1549	+	262	79288127	53610
chr9	79234517	79434517	harbor1	chr9	79292779	79293299	LTR/ERVL-MaLR	1192	+	260	79293039	58522
chr9	79234517	79434517	harbor1	chr9	79319051	79319406	LTR/ERVL-MaLR	2111	+	178	79319229	84712
chr9	3155861	3355861	harbor1	chr9	3171271	3171794	LTR/ERVL-MaLR	1668	+	262	3171533	15672
chr9	3155861	3355861	harbor1	chr9	3176129	3176328	LTR/ERVL-MaLR	771	+	100	3176229	20368
chr9	3155861	3355861	harbor1	chr9	3188990	3189414	LTR/ERVL-MaLR	1626	+	212	3189202	33341
chr9	3155861	3355861	harbor1	chr9	3204467	3204851	LTR/ERVL-MaLR	2092	+	192	3204659	48798
chr9	3155861	3355861	harbor1	chr9	3212559	3212986	LTR/ERVL-MaLR	2442	+	214	3212773	56912
chr9	83107406	83307406	harbor1	chr9	83119657	83119818	LTR/ERVL-MaLR	1117	+	80	83119737	12331
chr9	83107406	83307406	harbor1	chr9	83120262	83120623	LTR/ERVL-MaLR	745	+	180	83120442	13036
chr9	83107406	83307406	harbor1	chr9	83125280	83125477	LTR/ERVL-MaLR	1087	+	98	83125378	17972
chr9	83107406	83307406	harbor1	chr9	83126129	83126486	LTR/ERVL-MaLR	1516	+	178	83126307	18901
chr9	83107406	83307406	harbor1	chr9	83148263	83148679	LTR/ERVL-MaLR	2289	+	208	83148471	41065
chr9	83107406	83307406	harbor1	chr9	83157288	83157639	LTR/ERVL-MaLR	1385	+	176	83157464	50058
chr9	83107406	83307406	harbor1	chr9	83159764	83160117	LTR/ERVL-MaLR	2161	+	176	83159940	52534
chr9	83107406	83307406	harbor1	chr9	83160119	83161688	LTR/ERVL-MaLR	10962	+	784	83160903	53497
chr9	83107406	83307406	harbor1	chr9	83161695	83162044	LTR/ERVL-MaLR	2151	+	174	83161869	54463
chr9	83107406	83307406	harbor1	chr9	83187422	83187691	LTR/ERVL-MaLR	615	+	134	83187556	80150
chr9	83107406	83307406	harbor1	chr9	83189061	83189433	LTR/ERVL-MaLR	2784	+	186	83189247	81841
chr9	83107406	83307406	harbor1	chr9	83131989	83132558	LTR/ERVL-MaLR	748	+	284	83132273	24867
chr9	75434788	75634788	harbor1	chr9	75477813	75478292	LTR/ERVL-MaLR	1374	+	240	75478053	43265
chr9	75434788	75634788	harbor1	chr9	75489636	75489990	LTR/ERVL-MaLR	2404	+	177	75489813	55025
chr9	75434788	75634788	harbor1	chr9	75504974	75505278	LTR/ERVL-MaLR	652	+	152	75505126	70338
chr9	75434788	75634788	harbor1	chr9	75512250	75512646	LTR/ERVL-MaLR	590	+	198	75512448	77660
chr9	75434788	75634788	harbor1	chr9	75522839	75523210	LTR/ERVL-MaLR	1456	+	186	75523025	88237
chr9	75434788	75634788	harbor1	chr9	75523628	75523985	LTR/ERVL-MaLR	2365	+	178	75523806	89018
chr9	75434788	75634788	harbor1	chr9	75523986	75525565	LTR/ERVL-MaLR	11637	+	790	75524776	89988
chr9	75434788	75634788	harbor1	chr9	75525566	75525919	LTR/ERVL-MaLR	2459	+	176	75525742	90954
chr9	41463643	41663643	harbor1	chr9	41476417	41476447	LTR/ERVL-MaLR	1388	+	15	41476432	12789
chr9	41463643	41663643	harbor1	chr9	41476448	41476800	LTR/ERVL-MaLR	2027	+	176	41476624	12981
chr9	41463643	41663643	harbor1	chr9	41476801	41477053	LTR/ERVL-MaLR	1388	+	126	41476927	13284
chr9	41463643	41663643	harbor1	chr9	41477261	41477495	LTR/ERVL-MaLR	1388	+	117	41477378	13735
chr9	41463643	41663643	harbor1	chr9	41506593	41506987	LTR/ERVL-MaLR	982	+	197	41506790	43147
chr9	41463643	41663643	harbor1	chr9	41530077	41530442	LTR/ERVL-MaLR	2005	+	182	41530259	66616
chr9	41463643	41663643	harbor1	chr9	41549002	41549349	LTR/ERVL-MaLR	1849	+	174	41549176	85533
chr9	41463643	41663643	harbor1	chr9	41549616	41549992	LTR/ERVL-MaLR	2010	+	188	41549804	86161
chr9	98084017	98284017	harbor1	chr9	98095738	98096020	LTR/ERVL-MaLR	609	+	141	98095879	11862
chr9	98084017	98284017	harbor1	chr9	98134378	98134795	LTR/ERVL-MaLR	1559	+	208	98134586	50569
chr9	98084017	98284017	harbor1	chr9	98174510	98174873	LTR/ERVL-MaLR	2382	+	182	98174692	90675
chr9	22095800	22295800	harbor1	chr9	22138949	22139175	LTR/ERVL-MaLR	1033	+	113	22139062	43262
chr9	22095800	22295800	harbor1	chr9	22139584	22139866	LTR/ERVL-MaLR	1154	+	141	22139725	43925
chr9	22095800	22295800	harbor1	chr9	22140876	22141232	LTR/ERVL-MaLR	562	+	178	22141054	45254
chr9	22095800	22295800	harbor1	chr9	22152152	22152339	LTR/ERVL-MaLR	1406	+	94	22152246	56446
chr9	22095800	22295800	harbor1	chr9	22152636	22152701	LTR/ERVL-MaLR	1406	+	32	22152668	56868
chr9	5555290	5755290	harbor1	chr9	5566336	5566722	LTR/ERVL-MaLR	1426	+	193	5566529	11239
chr9	5555290	5755290	harbor1	chr9	5592864	5593021	LTR/ERVL-MaLR	947	+	78	5592942	37652
chr9	5555290	5755290	harbor1	chr9	5606578	5606936	LTR/ERVL-MaLR	2508	+	179	5606757	51467
chr9	5555290	5755290	harbor1	chr9	5635610	5635979	LTR/ERVL-MaLR	1775	+	184	5635794	80504
chr9	32450299	32650299	harbor1	chr9	32452247	32452582	LTR/ERVL-MaLR	1662	+	168	32452415	2116
chr9	32450299	32650299	harbor1	chr9	32459941	32460296	LTR/ERVL-MaLR	2814	+	178	32460119	9820
chr9	32450299	32650299	harbor1	chr9	32468882	32469193	LTR/ERVL-MaLR	618	+	156	32469038	18739
chr9	32450299	32650299	harbor1	chr9	32469191	32469312	LTR/ERVL-MaLR	442	+	60	32469251	18952
chr9	32450299	32650299	harbor1	chr9	32472440	32472617	LTR/ERVL-MaLR	762	+	88	32472528	22229
chr9	32450299	32650299	harbor1	chr9	32474349	32474850	LTR/ERVL-MaLR	1940	+	250	32474599	24300
chr9	60723286	60923286	harbor1	chr9	60761292	60761686	LTR/ERVL-MaLR	2244	+	197	60761489	38203
chr9	74070575	74270575	harbor1	chr9	74094144	74094514	LTR/ERVL-MaLR	2083	+	185	74094329	23754
chr9	74070575	74270575	harbor1	chr9	74106120	74106522	LTR/ERVL-MaLR	1664	+	201	74106321	35746
chr9	74070575	74270575	harbor1	chr9	74138974	74139368	LTR/ERVL-MaLR	1283	+	197	74139171	68596
chr9	78184584	78384584	harbor1	chr9	78215702	78216084	LTR/ERVL-MaLR	1822	+	191	78215893	31309
chr9	78184584	78384584	harbor1	chr9	78216087	78216225	LTR/ERVL-MaLR	695	+	69	78216156	31572
chr9	78184584	78384584	harbor1	chr9	78223192	78223755	LTR/ERVL-MaLR	2431	+	282	78223474	38890
chr9	68215703	68415703	harbor1	chr9	68230328	68230670	LTR/ERVL-MaLR	2145	+	171	68230499	14796
chr9	68215703	68415703	harbor1	chr9	68230671	68232234	LTR/ERVL-MaLR	11194	+	782	68231453	15750
chr9	68215703	68415703	harbor1	chr9	68232235	68232557	LTR/ERVL-MaLR	2012	+	161	68232396	16693
chr9	68215703	68415703	harbor1	chr9	68234981	68235206	LTR/ERVL-MaLR	1290	+	112	68235093	19390
chr9	37236790	37436790	harbor1	chr9	37257757	37257947	LTR/ERVL-MaLR	1070	+	95	37257852	21062
chr9	37236790	37436790	harbor1	chr9	37313546	37313925	LTR/ERVL-MaLR	1854	+	190	37313736	76946
chr9	117301944	117501944	harbor1	chr9	117303705	117304244	LTR/ERVL-MaLR	1034	+	270	117303975	2031
chr9	117301944	117501944	harbor1	chr9	117330745	117331101	LTR/ERVL-MaLR	761	+	178	117330923	28979
chr9	117301944	117501944	harbor1	chr9	117378778	117379192	LTR/ERVL-MaLR	2356	+	207	117378985	77041
chr9	117301944	117501944	harbor1	chr9	117381317	117381755	LTR/ERVL-MaLR	2455	+	219	117381536	79592
chr9	75741255	75941255	harbor1	chr9	75747527	75748565	LTR/ERVL-MaLR	7291	+	519	75748046	6791
chr9	75741255	75941255	harbor1	chr9	75748566	75748843	LTR/ERVL-MaLR	1866	+	138	75748704	7449
chr9	75741255	75941255	harbor1	chr9	75756501	75756923	LTR/ERVL-MaLR	1119	+	211	75756712	15457
chr9	75741255	75941255	harbor1	chr9	75757227	75757258	LTR/ERVL-MaLR	1119	+	16	75757243	15988
chr9	75741255	75941255	harbor1	chr9	75763430	75763562	LTR/ERVL-MaLR	1399	+	66	75763496	22241
chr9	75741255	75941255	harbor1	chr9	75763808	75764179	LTR/ERVL-MaLR	1399	+	186	75763994	22739
chr9	103693031	103893031	harbor1	chr9	103713636	103714186	LTR/ERVL-MaLR	1758	+	275	103713911	20880
chr9	103693031	103893031	harbor1	chr9	103727716	103728075	LTR/ERVL-MaLR	2654	+	180	103727896	34865
chr9	103693031	103893031	harbor1	chr9	103767890	103768247	LTR/ERVL-MaLR	1332	+	178	103768068	75037
chr9	103693031	103893031	harbor1	chr9	103777741	103778153	LTR/ERVL-MaLR	2494	+	206	103777947	84916
chr9	103693031	103893031	harbor1	chr9	103790182	103790561	LTR/ERVL-MaLR	2093	+	190	103790372	97341
chr9	103693031	103893031	harbor1	chr9	103791206	103791595	LTR/ERVL-MaLR	2144	+	194	103791400	98369
chr9	37541398	37741398	harbor1	chr9	37542779	37542894	LTR/ERVL-MaLR	416	+	58	37542837	1439
chr9	37541398	37741398	harbor1	chr9	37559554	37559930	LTR/ERVL-MaLR	1044	+	188	37559742	18344
chr9	37541398	37741398	harbor1	chr9	37562959	37563320	LTR/ERVL-MaLR	2273	+	180	37563139	21741
chr9	37541398	37741398	harbor1	chr9	37563321	37564947	LTR/ERVL-MaLR	9938	+	813	37564134	22736
chr9	37541398	37741398	harbor1	chr9	37564948	37565302	LTR/ERVL-MaLR	2306	+	177	37565125	23727
chr9	37541398	37741398	harbor1	chr9	37580433	37580962	LTR/ERVL-MaLR	709	+	264	37580697	39299
chr9	105618764	105818764	harbor1	chr9	105642747	105643140	LTR/ERVL-MaLR	2192	+	196	105642943	24179
chr9	109821310	110021310	harbor1	chr9	109847046	109847463	LTR/ERVL-MaLR	1179	+	208	109847254	25944
chr9	109821310	110021310	harbor1	chr9	109847756	109847808	LTR/ERVL-MaLR	1179	+	26	109847782	26472
chr9	109821310	110021310	harbor1	chr9	109916892	109917407	LTR/ERVL-MaLR	2019	+	258	109917150	95840
chr9	83038004	83238004	harbor1	chr9	83039885	83040224	LTR/ERVL-MaLR	2122	+	170	83040055	2051
chr9	83038004	83238004	harbor1	chr9	83068266	83068391	LTR/ERVL-MaLR	587	+	62	83068328	30324
chr9	83038004	83238004	harbor1	chr9	83068397	83068782	LTR/ERVL-MaLR	1716	+	192	83068589	30585
chr9	83038004	83238004	harbor1	chr9	83087211	83087405	LTR/ERVL-MaLR	821	+	97	83087308	49304
chr9	83038004	83238004	harbor1	chr9	83087448	83087481	LTR/ERVL-MaLR	821	+	16	83087464	49460
chr9	83038004	83238004	harbor1	chr9	83119657	83119818	LTR/ERVL-MaLR	1117	+	80	83119737	81733
chr9	83038004	83238004	harbor1	chr9	83120262	83120623	LTR/ERVL-MaLR	745	+	180	83120442	82438
chr9	83038004	83238004	harbor1	chr9	83125280	83125477	LTR/ERVL-MaLR	1087	+	98	83125378	87374
chr9	83038004	83238004	harbor1	chr9	83126129	83126486	LTR/ERVL-MaLR	1516	+	178	83126307	88303
chr9	83038004	83238004	harbor1	chr9	83131989	83132558	LTR/ERVL-MaLR	748	+	284	83132273	94269
chr9	8915027	9115027	harbor1	chr9	9011828	9012362	LTR/ERVL-MaLR	1334	+	267	9012095	97068
chr9	5897981	6097981	harbor1	chr9	5972409	5972826	LTR/ERVL-MaLR	2243	+	208	5972617	74636
chr9	5897981	6097981	harbor1	chr9	5982364	5982747	LTR/ERVL-MaLR	2269	+	192	5982556	84575
chr9	77720294	77920294	harbor1	chr9	77785031	77785474	LTR/ERVL-MaLR	1231	+	222	77785253	64959
chr9	69483863	69683863	harbor1	chr9	69487472	69487808	LTR/ERVL-MaLR	1327	+	168	69487640	3777
chr9	69483863	69683863	harbor1	chr9	69497992	69498495	LTR/ERVL-MaLR	1455	+	252	69498244	14381
chr9	69483863	69683863	harbor1	chr9	69547881	69548474	LTR/ERVL-MaLR	2143	+	296	69548177	64314
chr9	62370764	62570764	harbor1	chr9	62371697	62371954	LTR/ERVL-MaLR	1611	+	128	62371825	1061
chr9	62370764	62570764	harbor1	chr9	62401163	62401617	LTR/ERVL-MaLR	1452	+	227	62401390	30626
chr9	62370764	62570764	harbor1	chr9	62448880	62449495	LTR/ERVL-MaLR	3363	+	308	62449188	78424
chr9	62370764	62570764	harbor1	chr9	62449496	62449866	LTR/ERVL-MaLR	1734	+	185	62449681	78917
chr9	62370764	62570764	harbor1	chr9	62470211	62470700	LTR/ERVL-MaLR	1643	+	244	62470455	99691
chr9	95957197	96157197	harbor1	chr9	95960329	95960726	LTR/ERVL-MaLR	1359	+	198	95960527	3330
chr9	95957197	96157197	harbor1	chr9	95961122	95961556	LTR/ERVL-MaLR	2016	+	217	95961339	4142
chr9	95957197	96157197	harbor1	chr9	95998306	95998841	LTR/ERVL-MaLR	1571	+	268	95998574	41377
chr9	95957197	96157197	harbor1	chr9	96038719	96039199	LTR/ERVL-MaLR	1368	+	240	96038959	81762
chr9	95957197	96157197	harbor1	chr9	96051152	96051274	LTR/ERVL-MaLR	1132	+	61	96051213	94016
chr9	95957197	96157197	harbor1	chr9	96051770	96051975	LTR/ERVL-MaLR	1132	+	102	96051872	94675
chr9	17948640	18148640	harbor1	chr9	17957600	17958024	LTR/ERVL-MaLR	1295	+	212	17957812	9172
chr9	17948640	18148640	harbor1	chr9	17980531	17980726	LTR/ERVL-MaLR	1409	+	98	17980629	31989
chr9	17948640	18148640	harbor1	chr9	17981156	17981330	LTR/ERVL-MaLR	1409	+	87	17981243	32603
chr9	17948640	18148640	harbor1	chr9	18018322	18018857	LTR/ERVL-MaLR	1213	+	268	18018590	69950
chr9	17948640	18148640	harbor1	chr9	18018863	18020121	LTR/ERVL-MaLR	5647	+	629	18019492	70852
chr9	17948640	18148640	harbor1	chr9	18020221	18020525	LTR/ERVL-MaLR	843	+	152	18020373	71733
chr9	28274486	28474486	harbor1	chr9	28325436	28325798	LTR/ERVL-MaLR	2214	+	181	28325617	51131
chr9	28274486	28474486	harbor1	chr9	28326945	28327294	LTR/ERVL-MaLR	1823	+	174	28327119	52633
chr9	28274486	28474486	harbor1	chr9	28329963	28330338	LTR/ERVL-MaLR	1274	+	188	28330151	55665
chr9	28274486	28474486	harbor1	chr9	28337369	28338528	LTR/ERVL-MaLR	7466	+	580	28337949	63463
chr9	28274486	28474486	harbor1	chr9	28338529	28338898	LTR/ERVL-MaLR	2418	+	184	28338713	64227
chr9	79489472	79689472	harbor1	chr9	79491973	79492413	LTR/ERVL-MaLR	1842	+	220	79492193	2721
chr9	79489472	79689472	harbor1	chr9	79526647	79527028	LTR/ERVL-MaLR	1778	+	190	79526837	37365
chr9	79489472	79689472	harbor1	chr9	79534930	79535269	LTR/ERVL-MaLR	843	+	170	79535100	45628
chr9	79489472	79689472	harbor1	chr9	79536121	79536504	LTR/ERVL-MaLR	1862	+	192	79536313	46841
chr9	79489472	79689472	harbor1	chr9	79537744	79538107	LTR/ERVL-MaLR	2562	+	182	79537926	48454
chr9	79489472	79689472	harbor1	chr9	79542174	79542771	LTR/ERVL-MaLR	846	+	298	79542472	53000
chr9	79489472	79689472	harbor1	chr9	79550629	79551083	LTR/ERVL-MaLR	1527	+	227	79550856	61384
chr9	79489472	79689472	harbor1	chr9	79554700	79555129	LTR/ERVL-MaLR	2293	+	214	79554914	65442
chr9	104583925	104783925	harbor1	chr9	104624091	104624441	LTR/ERVL-MaLR	2694	+	175	104624266	40341
chr9	104583925	104783925	harbor1	chr9	104624442	104626008	LTR/ERVL-MaLR	11654	+	783	104625225	41300
chr9	104583925	104783925	harbor1	chr9	104626013	104626356	LTR/ERVL-MaLR	2464	+	172	104626185	42260
chr9	20309483	20509483	harbor1	chr9	20315692	20315900	LTR/ERVL-MaLR	723	+	104	20315796	6313
chr9	20309483	20509483	harbor1	chr9	20328764	20328888	LTR/ERVL-MaLR	1474	+	62	20328826	19343
chr9	20309483	20509483	harbor1	chr9	20329184	20329530	LTR/ERVL-MaLR	1474	+	173	20329357	19874
chr9	20309483	20509483	harbor1	chr9	20334951	20335128	LTR/ERVL-MaLR	1930	+	88	20335039	25556
chr9	20309483	20509483	harbor1	chr9	20335416	20335717	LTR/ERVL-MaLR	1930	+	150	20335566	26083
chr9	20309483	20509483	harbor1	chr9	20374814	20375175	LTR/ERVL-MaLR	1557	+	180	20374994	65511
chr9	80077245	80277245	harbor1	chr9	80080894	80081447	LTR/ERVL-MaLR	2283	+	276	80081170	3925
chr9	80077245	80277245	harbor1	chr9	80085682	80086045	LTR/ERVL-MaLR	2434	+	182	80085864	8619
chr9	80077245	80277245	harbor1	chr9	80104111	80104474	LTR/ERVL-MaLR	1661	+	182	80104293	27048
chr9	80077245	80277245	harbor1	chr9	80122382	80122554	LTR/ERVL-MaLR	717	+	86	80122468	45223
chr9	80077245	80277245	harbor1	chr9	80125026	80125388	LTR/ERVL-MaLR	2369	+	181	80125207	47962
chr9	80077245	80277245	harbor1	chr9	80149595	80149971	LTR/ERVL-MaLR	2138	+	188	80149783	72538
chr9	80077245	80277245	harbor1	chr9	80153504	80153850	LTR/ERVL-MaLR	918	+	173	80153677	76432
chr9	28470617	28670617	harbor1	chr9	28509535	28509856	LTR/ERVL-MaLR	818	+	160	28509695	39078
chr9	28470617	28670617	harbor1	chr9	28521667	28522103	LTR/ERVL-MaLR	1732	+	218	28521885	51268
chr9	28470617	28670617	harbor1	chr9	28536853	28537316	LTR/ERVL-MaLR	1887	+	232	28537085	66468
chr9	69810002	70010002	harbor1	chr9	69814513	69815048	LTR/ERVL-MaLR	1118	+	268	69814781	4779
chr9	69810002	70010002	harbor1	chr9	69852700	69853060	LTR/ERVL-MaLR	2158	+	180	69852880	42878
chr9	69810002	70010002	harbor1	chr9	69864954	69865322	LTR/ERVL-MaLR	2049	+	184	69865138	55136
chr9	69810002	70010002	harbor1	chr9	69867502	69868018	LTR/ERVL-MaLR	924	+	258	69867760	57758
chr9	69810002	70010002	harbor1	chr9	69906956	69907056	LTR/ERVL-MaLR	467	+	50	69907006	97004
chr9	75592951	75792951	harbor1	chr9	75593606	75593967	LTR/ERVL-MaLR	2271	+	180	75593786	835
chr9	75592951	75792951	harbor1	chr9	75619386	75619825	LTR/ERVL-MaLR	3173	+	220	75619606	26655
chr9	75592951	75792951	harbor1	chr9	75619826	75620176	LTR/ERVL-MaLR	2755	+	175	75620001	27050
chr9	75592951	75792951	harbor1	chr9	75640242	75640754	LTR/ERVL-MaLR	2049	+	256	75640498	47547
chr9	75592951	75792951	harbor1	chr9	75655827	75656204	LTR/ERVL-MaLR	1746	+	188	75656015	63064
chr9	75592951	75792951	harbor1	chr9	75659226	75659423	LTR/ERVL-MaLR	2309	+	98	75659324	66373
chr9	75592951	75792951	harbor1	chr9	75659726	75659951	LTR/ERVL-MaLR	2309	+	112	75659838	66887
chr9	75592951	75792951	harbor1	chr9	75660091	75660237	LTR/ERVL-MaLR	521	+	73	75660164	67213
chr9	98110314	98310314	harbor1	chr9	98134378	98134795	LTR/ERVL-MaLR	1559	+	208	98134586	24272
chr9	98110314	98310314	harbor1	chr9	98174510	98174873	LTR/ERVL-MaLR	2382	+	182	98174692	64378
chr9	98110314	98310314	harbor1	chr9	98207498	98207782	LTR/ERVL-MaLR	482	+	142	98207640	97326
chr9	126953431	127153431	harbor1	chr9	126985052	126985199	LTR/ERVL-MaLR	445	+	74	126985126	31695
chr9	40293644	40493644	harbor1	chr9	40294320	40294668	LTR/ERVL-MaLR	1475	+	174	40294494	850
chr9	40293644	40493644	harbor1	chr9	40294686	40294928	LTR/ERVL-MaLR	1298	+	121	40294807	1163
chr9	40293644	40493644	harbor1	chr9	40294932	40295173	LTR/ERVL-MaLR	1144	+	120	40295052	1408
chr9	40293644	40493644	harbor1	chr9	40295174	40295547	LTR/ERVL-MaLR	1492	+	186	40295360	1716
chr9	40293644	40493644	harbor1	chr9	40295712	40295817	LTR/ERVL-MaLR	447	+	52	40295764	2120
chr9	40293644	40493644	harbor1	chr9	40296226	40296511	LTR/ERVL-MaLR	1219	+	142	40296368	2724
chr9	40293644	40493644	harbor1	chr9	40296676	40297314	LTR/ERVL-MaLR	2433	+	319	40296995	3351
chr9	40293644	40493644	harbor1	chr9	40297321	40297884	LTR/ERVL-MaLR	2498	+	282	40297603	3959
chr9	40293644	40493644	harbor1	chr9	40297886	40297992	LTR/ERVL-MaLR	432	+	53	40297939	4295
chr9	40293644	40493644	harbor1	chr9	40298160	40298505	LTR/ERVL-MaLR	1427	+	172	40298332	4688
chr9	40293644	40493644	harbor1	chr9	40298508	40298603	LTR/ERVL-MaLR	493	+	48	40298556	4912
chr9	40293644	40493644	harbor1	chr9	40298992	40299281	LTR/ERVL-MaLR	1086	+	144	40299136	5492
chr9	40293644	40493644	harbor1	chr9	40299513	40301040	LTR/ERVL-MaLR	6363	+	764	40300277	6633
chr9	40293644	40493644	harbor1	chr9	40301496	40301843	LTR/ERVL-MaLR	1363	+	174	40301670	8026
chr9	40293644	40493644	harbor1	chr9	40301844	40301939	LTR/ERVL-MaLR	569	+	48	40301892	8248
chr9	40293644	40493644	harbor1	chr9	40302340	40302607	LTR/ERVL-MaLR	1000	+	134	40302474	8830
chr9	40293644	40493644	harbor1	chr9	40302969	40303272	LTR/ERVL-MaLR	796	+	152	40303121	9477
chr9	40293644	40493644	harbor1	chr9	40305008	40305104	LTR/ERVL-MaLR	427	+	48	40305056	11412
chr9	40293644	40493644	harbor1	chr9	40305253	40305592	LTR/ERVL-MaLR	1317	+	170	40305423	11779
chr9	40293644	40493644	harbor1	chr9	40306062	40306245	LTR/ERVL-MaLR	629	+	92	40306154	12510
chr9	40293644	40493644	harbor1	chr9	40306383	40307958	LTR/ERVL-MaLR	5894	+	788	40307171	13527
chr9	40293644	40493644	harbor1	chr9	40308254	40308592	LTR/ERVL-MaLR	1398	+	169	40308423	14779
chr9	40293644	40493644	harbor1	chr9	40308595	40308690	LTR/ERVL-MaLR	472	+	48	40308643	14999
chr9	40293644	40493644	harbor1	chr9	40309079	40309368	LTR/ERVL-MaLR	1097	+	144	40309223	15579
chr9	40293644	40493644	harbor1	chr9	40309609	40311213	LTR/ERVL-MaLR	6734	+	802	40310411	16767
chr9	40293644	40493644	harbor1	chr9	40311214	40311310	LTR/ERVL-MaLR	427	+	48	40311262	17618
chr9	40293644	40493644	harbor1	chr9	40311458	40311797	LTR/ERVL-MaLR	1259	+	170	40311628	17984
chr9	40293644	40493644	harbor1	chr9	40312267	40312546	LTR/ERVL-MaLR	930	+	140	40312407	18763
chr9	40293644	40493644	harbor1	chr9	40312720	40314037	LTR/ERVL-MaLR	5050	+	658	40313378	19734
chr9	40293644	40493644	harbor1	chr9	40314034	40314149	LTR/ERVL-MaLR	626	+	58	40314092	20448
chr9	40293644	40493644	harbor1	chr9	40314150	40314247	LTR/ERVL-MaLR	459	+	48	40314198	20554
chr9	40293644	40493644	harbor1	chr9	40314297	40314397	LTR/ERVL-MaLR	415	+	50	40314347	20703
chr9	40293644	40493644	harbor1	chr9	40314396	40314732	LTR/ERVL-MaLR	1360	+	168	40314564	20920
chr9	40293644	40493644	harbor1	chr9	40314733	40314827	LTR/ERVL-MaLR	465	+	47	40314780	21136
chr9	40293644	40493644	harbor1	chr9	40315212	40315496	LTR/ERVL-MaLR	1032	+	142	40315354	21710
chr9	40293644	40493644	harbor1	chr9	40315669	40317238	LTR/ERVL-MaLR	5925	+	784	40316453	22809
chr9	40293644	40493644	harbor1	chr9	40317239	40317333	LTR/ERVL-MaLR	455	+	47	40317286	23642
chr9	40293644	40493644	harbor1	chr9	40317485	40317830	LTR/ERVL-MaLR	1365	+	172	40317657	24013
chr9	40293644	40493644	harbor1	chr9	40317831	40317925	LTR/ERVL-MaLR	504	+	47	40317878	24234
chr9	40293644	40493644	harbor1	chr9	40318312	40318566	LTR/ERVL-MaLR	1026	+	127	40318439	24795
chr9	40293644	40493644	harbor1	chr9	40318740	40320315	LTR/ERVL-MaLR	6273	+	788	40319528	25884
chr9	40293644	40493644	harbor1	chr9	40320322	40320419	LTR/ERVL-MaLR	438	+	48	40320370	26726
chr9	40293644	40493644	harbor1	chr9	40320564	40320883	LTR/ERVL-MaLR	1091	+	160	40320724	27080
chr9	40293644	40493644	harbor1	chr9	40321373	40321553	LTR/ERVL-MaLR	556	+	90	40321463	27819
chr9	40293644	40493644	harbor1	chr9	40329860	40330259	LTR/ERVL-MaLR	810	+	200	40330060	36416
chr9	40293644	40493644	harbor1	chr9	40336041	40336162	LTR/ERVL-MaLR	823	+	60	40336101	42457
chr9	40293644	40493644	harbor1	chr9	40336428	40336729	LTR/ERVL-MaLR	1305	+	150	40336578	42934
chr9	40293644	40493644	harbor1	chr9	40374755	40374886	LTR/ERVL-MaLR	408	+	66	40374821	81177
chr9	40293644	40493644	harbor1	chr9	40375104	40375465	LTR/ERVL-MaLR	2125	+	180	40375284	81640
chr9	40293644	40493644	harbor1	chr9	40381136	40381476	LTR/ERVL-MaLR	1224	+	170	40381306	87662
chr9	40293644	40493644	harbor1	chr9	40303429	40305007	LTR/ERVL-MaLR	6328	+	789	40304218	10574
chr9	86651377	86851377	harbor1	chr9	86659683	86659831	LTR/ERVL-MaLR	417	+	74	86659757	8380
chr9	86651377	86851377	harbor1	chr9	86666022	86666474	LTR/ERVL-MaLR	640	+	226	86666248	14871
chr9	86651377	86851377	harbor1	chr9	86737353	86737513	LTR/ERVL-MaLR	522	+	80	86737433	86056
chr9	86651377	86851377	harbor1	chr9	86748534	86748947	LTR/ERVL-MaLR	2013	+	206	86748740	97363
chr9	63405485	63605485	harbor1	chr9	63414676	63414767	LTR/ERVL-MaLR	401	+	46	63414722	9237
chr9	63405485	63605485	harbor1	chr9	63415649	63415794	LTR/ERVL-MaLR	623	+	72	63415721	10236
chr9	63405485	63605485	harbor1	chr9	63421149	63421754	LTR/ERVL-MaLR	1361	+	302	63421451	15966
chr9	63405485	63605485	harbor1	chr9	63443874	63444326	LTR/ERVL-MaLR	1298	+	226	63444100	38615
chr9	63405485	63605485	harbor1	chr9	63459611	63459890	LTR/ERVL-MaLR	1305	+	140	63459751	54266
chr9	63405485	63605485	harbor1	chr9	63461511	63461781	LTR/ERVL-MaLR	1033	+	135	63461646	56161
chr9	63405485	63605485	harbor1	chr9	63462081	63462322	LTR/ERVL-MaLR	1033	+	120	63462201	56716
chr9	63405485	63605485	harbor1	chr9	63465198	63465535	LTR/ERVL-MaLR	2096	+	168	63465366	59881
chr9	63405485	63605485	harbor1	chr9	63472623	63472755	LTR/ERVL-MaLR	760	+	66	63472689	67204
chr9	112259390	112459390	harbor1	chr9	112282805	112283171	LTR/ERVL-MaLR	2228	+	183	112282988	23598
chr9	112259390	112459390	harbor1	chr9	112283174	112284413	LTR/ERVL-MaLR	10097	+	620	112283794	24404
chr9	112259390	112459390	harbor1	chr9	112284726	112285057	LTR/ERVL-MaLR	10097	+	166	112284892	25502
chr9	112259390	112459390	harbor1	chr9	112285058	112285425	LTR/ERVL-MaLR	1773	+	184	112285242	25852
chr9	112259390	112459390	harbor1	chr9	112288966	112289200	LTR/ERVL-MaLR	638	+	117	112289083	29693
chr9	112259390	112459390	harbor1	chr9	112293466	112293660	LTR/ERVL-MaLR	421	+	97	112293563	34173
chr9	112259390	112459390	harbor1	chr9	112316151	112316641	LTR/ERVL-MaLR	1484	+	245	112316396	57006
chr9	112259390	112459390	harbor1	chr9	112344223	112344629	LTR/ERVL-MaLR	1285	+	203	112344426	85036
chr9	41186114	41386114	harbor1	chr9	41206325	41206729	LTR/ERVL-MaLR	2006	+	202	41206527	20413
chr9	41186114	41386114	harbor1	chr9	41210602	41211018	LTR/ERVL-MaLR	2247	+	208	41210810	24696
chr9	80110499	80310499	harbor1	chr9	80122382	80122554	LTR/ERVL-MaLR	717	+	86	80122468	11969
chr9	80110499	80310499	harbor1	chr9	80125026	80125388	LTR/ERVL-MaLR	2369	+	181	80125207	14708
chr9	80110499	80310499	harbor1	chr9	80149595	80149971	LTR/ERVL-MaLR	2138	+	188	80149783	39284
chr9	80110499	80310499	harbor1	chr9	80153504	80153850	LTR/ERVL-MaLR	918	+	173	80153677	43178
chr9	80110499	80310499	harbor1	chr9	80191585	80192020	LTR/ERVL-MaLR	1931	+	218	80191803	81304
chr9	80110499	80310499	harbor1	chr9	80195494	80195857	LTR/ERVL-MaLR	2161	+	182	80195676	85177
chr9	80110499	80310499	harbor1	chr9	80203196	80203560	LTR/ERVL-MaLR	1529	+	182	80203378	92879
chr9	2332356	2532356	harbor1	chr9	2338649	2339007	LTR/ERVL-MaLR	683	+	179	2338828	6472
chr9	2332356	2532356	harbor1	chr9	2347812	2348226	LTR/ERVL-MaLR	2249	+	207	2348019	15663
chr9	2332356	2532356	harbor1	chr9	2348227	2349033	LTR/ERVL-MaLR	4512	+	403	2348630	16274
chr9	2332356	2532356	harbor1	chr9	2378219	2378685	LTR/ERVL-MaLR	2155	+	233	2378452	46096
chr9	2332356	2532356	harbor1	chr9	2379636	2380050	LTR/ERVL-MaLR	2576	+	207	2379843	47487
chr9	2332356	2532356	harbor1	chr9	2408794	2409298	LTR/ERVL-MaLR	1459	+	252	2409046	76690
chr9	2332356	2532356	harbor1	chr9	2411484	2411838	LTR/ERVL-MaLR	975	+	177	2411661	79305
chr9	103553360	103753360	harbor1	chr9	103620085	103620266	LTR/ERVL-MaLR	431	+	90	103620175	66815
chr9	1497790	1697790	harbor1	chr9	1516843	1516962	LTR/ERVL-MaLR	747	+	60	1516903	19113
chr9	1497790	1697790	harbor1	chr9	1516958	1517091	LTR/ERVL-MaLR	1000	+	66	1517024	19234
chr9	1497790	1697790	harbor1	chr9	1523767	1524172	LTR/ERVL-MaLR	1495	+	202	1523969	26179
chr9	1497790	1697790	harbor1	chr9	1532341	1532652	LTR/ERVL-MaLR	398	+	156	1532497	34707
chr9	1497790	1697790	harbor1	chr9	1557189	1557641	LTR/ERVL-MaLR	1565	+	226	1557415	59625
chr9	1497790	1697790	harbor1	chr9	1580854	1581009	LTR/ERVL-MaLR	546	+	78	1580932	83142
chr9	1497790	1697790	harbor1	chr9	1581016	1581107	LTR/ERVL-MaLR	398	+	46	1581062	83272
chr9	3683116	3883116	harbor1	chr9	3688023	3688366	LTR/ERVL-MaLR	1204	+	172	3688195	5079
chr9	3683116	3883116	harbor1	chr9	3688677	3689041	LTR/ERVL-MaLR	1204	+	182	3688859	5743
chr9	3683116	3883116	harbor1	chr9	3689345	3690001	LTR/ERVL-MaLR	1204	+	328	3689673	6557
chr9	3683116	3883116	harbor1	chr9	3742765	3743008	LTR/ERVL-MaLR	1498	+	122	3742887	59771
chr9	3683116	3883116	harbor1	chr9	3744905	3745326	LTR/ERVL-MaLR	628	+	210	3745115	61999
chr9	89317707	89517707	harbor1	chr9	89407190	89407414	LTR/ERVL-MaLR	415	+	112	89407302	89595
chr9	89317707	89517707	harbor1	chr9	89415431	89415775	LTR/ERVL-MaLR	1948	+	172	89415603	97896
chr9	18116525	18316525	harbor1	chr9	18185085	18185317	LTR/ERVL-MaLR	661	+	116	18185201	68676
chr9	18116525	18316525	harbor1	chr9	18185300	18185560	LTR/ERVL-MaLR	986	+	130	18185430	68905
chr9	18116525	18316525	harbor1	chr9	18204155	18204525	LTR/ERVL-MaLR	2256	+	185	18204340	87815
chr9	28829925	29029925	harbor1	chr9	28848848	28848957	LTR/ERVL-MaLR	459	+	54	28848902	18977
chr9	28829925	29029925	harbor1	chr9	28910450	28910824	LTR/ERVL-MaLR	1995	+	187	28910637	80712
chr9	28829925	29029925	harbor1	chr9	28922772	28923169	LTR/ERVL-MaLR	1151	+	198	28922970	93045
chr9	135147248	135347248	harbor1	chr9	135168923	135169243	LTR/ERVL-MaLR	818	+	160	135169083	21835
chr9	135147248	135347248	harbor1	chr9	135205582	135205834	LTR/ERVL-MaLR	1256	+	126	135205708	58460
chr9	135147248	135347248	harbor1	chr9	135206841	135207034	LTR/ERVL-MaLR	1256	+	96	135206937	59689
chr9	135147248	135347248	harbor1	chr9	135211100	135211279	LTR/ERVL-MaLR	404	+	90	135211190	63942
chr9	135147248	135347248	harbor1	chr9	135215575	135215731	LTR/ERVL-MaLR	652	+	78	135215653	68405
chr9	118526340	118726340	harbor1	chr9	118526269	118526473	LTR/ERVL-MaLR	935	+	102	118526371	31
chr9	118526340	118726340	harbor1	chr9	118585664	118586045	LTR/ERVL-MaLR	1937	+	190	118585854	59514
chr9	118526340	118726340	harbor1	chr9	118587609	118587972	LTR/ERVL-MaLR	2204	+	182	118587791	61451
chr9	118526340	118726340	harbor1	chr9	118586049	118587608	LTR/ERVL-MaLR	9538	+	780	118586829	60489
chr9	123365555	123565555	harbor1	chr9	123427794	123428008	LTR/ERVL-MaLR	534	+	107	123427901	62346
chr9	29831035	30031035	harbor1	chr9	29835840	29836192	LTR/ERVL-MaLR	1946	+	176	29836016	4981
chr9	29831035	30031035	harbor1	chr9	29856302	29856678	LTR/ERVL-MaLR	1320	+	188	29856490	25455
chr9	29831035	30031035	harbor1	chr9	29930517	29930613	LTR/ERVL-MaLR	1673	+	48	29930565	99530
chr9	14132865	14332865	harbor1	chr9	14142129	14142473	LTR/ERVL-MaLR	2042	+	172	14142301	9436
chr9	40029931	40229931	harbor1	chr9	40035772	40036142	LTR/ERVL-MaLR	1120	+	185	40035957	6026
chr9	40029931	40229931	harbor1	chr9	40059936	40060273	LTR/ERVL-MaLR	1155	+	168	40060104	30173
chr9	40029931	40229931	harbor1	chr9	40097189	40097372	LTR/ERVL-MaLR	812	+	92	40097281	67350
chr9	40029931	40229931	harbor1	chr9	40097678	40097995	LTR/ERVL-MaLR	812	+	158	40097836	67905
chr9	13788704	13988704	harbor1	chr9	13791308	13791537	LTR/ERVL-MaLR	1410	+	114	13791422	2718
chr9	13788704	13988704	harbor1	chr9	13798779	13798919	LTR/ERVL-MaLR	821	+	70	13798849	10145
chr9	13788704	13988704	harbor1	chr9	13818501	13818660	LTR/ERVL-MaLR	2067	+	80	13818581	29877
chr9	13788704	13988704	harbor1	chr9	13818955	13819176	LTR/ERVL-MaLR	2067	+	110	13819065	30361
chr9	13788704	13988704	harbor1	chr9	13820271	13820669	LTR/ERVL-MaLR	1982	+	199	13820470	31766
chr9	13788704	13988704	harbor1	chr9	13820670	13822304	LTR/ERVL-MaLR	8611	+	817	13821487	32783
chr9	13788704	13988704	harbor1	chr9	13822310	13822710	LTR/ERVL-MaLR	2213	+	200	13822510	33806
chr9	13788704	13988704	harbor1	chr9	13834004	13834368	LTR/ERVL-MaLR	2084	+	182	13834186	45482
chr9	13788704	13988704	harbor1	chr9	13834369	13835947	LTR/ERVL-MaLR	10398	+	789	13835158	46454
chr9	13788704	13988704	harbor1	chr9	13835949	13836291	LTR/ERVL-MaLR	1953	+	171	13836120	47416
chr9	13788704	13988704	harbor1	chr9	13866320	13866548	LTR/ERVL-MaLR	477	+	114	13866434	77730
chr9	13788704	13988704	harbor1	chr9	13882298	13882537	LTR/ERVL-MaLR	518	+	120	13882418	93714
chr9	88967479	89167479	harbor1	chr9	89057797	89058172	LTR/ERVL-MaLR	662	+	188	89057985	90506
chr9	88967479	89167479	harbor1	chr9	89063052	89063139	LTR/ERVL-MaLR	1417	+	44	89063096	95617
chr9	88967479	89167479	harbor1	chr9	89063427	89063835	LTR/ERVL-MaLR	1417	+	204	89063631	96152
chr9	126284153	126484153	harbor1	chr9	126291213	126291308	LTR/ERVL-MaLR	487	+	48	126291261	7108
chr9	126284153	126484153	harbor1	chr9	126300577	126301067	LTR/ERVL-MaLR	1313	+	245	126300822	16669
chr9	126284153	126484153	harbor1	chr9	126301099	126301422	LTR/ERVL-MaLR	939	+	162	126301261	17108
chr9	126284153	126484153	harbor1	chr9	126309848	126310209	LTR/ERVL-MaLR	1693	+	180	126310028	25875
chr9	126284153	126484153	harbor1	chr9	126310866	126311087	LTR/ERVL-MaLR	428	+	110	126310976	26823
chr9	126284153	126484153	harbor1	chr9	126318516	126318675	LTR/ERVL-MaLR	434	+	80	126318596	34443
chr9	126284153	126484153	harbor1	chr9	126356609	126357027	LTR/ERVL-MaLR	2240	+	209	126356818	72665
chr9	10143963	10343963	harbor1	chr9	10171202	10171520	LTR/ERVL-MaLR	1545	+	159	10171361	27398
chr9	10143963	10343963	harbor1	chr9	10171823	10171860	LTR/ERVL-MaLR	1545	+	18	10171841	27878
chr9	10143963	10343963	harbor1	chr9	10195308	10195494	LTR/ERVL-MaLR	575	+	93	10195401	51438
chr9	10143963	10343963	harbor1	chr9	10196737	10197096	LTR/ERVL-MaLR	1235	+	180	10196917	52954
chr9	10143963	10343963	harbor1	chr9	10202784	10203014	LTR/ERVL-MaLR	831	+	115	10202899	58936
chr9	10143963	10343963	harbor1	chr9	10230135	10230338	LTR/ERVL-MaLR	890	+	102	10230237	86274
chr9	10143963	10343963	harbor1	chr9	10231749	10231989	LTR/ERVL-MaLR	1720	+	120	10231869	87906
chr9	10143963	10343963	harbor1	chr9	10232029	10232282	LTR/ERVL-MaLR	1720	+	126	10232155	88192
chr9	10143963	10343963	harbor1	chr9	10174154	10174558	LTR/ERVL-MaLR	2001	+	202	10174356	30393
chr9	120136111	120336111	harbor1	chr9	120139109	120139351	LTR/ERVL-MaLR	907	+	121	120139230	3119
chr9	120136111	120336111	harbor1	chr9	120139610	120139727	LTR/ERVL-MaLR	907	+	58	120139668	3557
chr9	120136111	120336111	harbor1	chr9	120141691	120141971	LTR/ERVL-MaLR	849	+	140	120141831	5720
chr9	120136111	120336111	harbor1	chr9	120142269	120142322	LTR/ERVL-MaLR	849	+	26	120142295	6184
chr9	120136111	120336111	harbor1	chr9	120148246	120148431	LTR/ERVL-MaLR	2751	+	92	120148338	12227
chr9	120136111	120336111	harbor1	chr9	120148477	120148754	LTR/ERVL-MaLR	2751	+	138	120148615	12504
chr9	120136111	120336111	harbor1	chr9	120157765	120158148	LTR/ERVL-MaLR	1163	+	192	120157957	21846
chr9	120136111	120336111	harbor1	chr9	120159649	120160096	LTR/ERVL-MaLR	2457	+	224	120159873	23762
chr9	120136111	120336111	harbor1	chr9	120169259	120169619	LTR/ERVL-MaLR	861	+	180	120169439	33328
chr9	120136111	120336111	harbor1	chr9	120184961	120185189	LTR/ERVL-MaLR	774	+	114	120185075	48964
chr9	120136111	120336111	harbor1	chr9	120211363	120211837	LTR/ERVL-MaLR	1391	+	237	120211600	75489
chr9	120136111	120336111	harbor1	chr9	120226925	120227491	LTR/ERVL-MaLR	2050	+	283	120227208	91097
chr9	120136111	120336111	harbor1	chr9	120235898	120236239	LTR/ERVL-MaLR	1528	+	170	120236068	99957
chr9	129328066	129528066	harbor1	chr9	129368553	129368916	LTR/ERVL-MaLR	806	+	182	129368735	40669
chr9	129328066	129528066	harbor1	chr9	129377264	129377494	LTR/ERVL-MaLR	737	+	115	129377379	49313
chr9	129328066	129528066	harbor1	chr9	129409548	129409586	LTR/ERVL-MaLR	753	+	19	129409567	81501
chr9	129328066	129528066	harbor1	chr9	129409897	129410233	LTR/ERVL-MaLR	753	+	168	129410065	81999
chr9	80827037	81027037	harbor1	chr9	80849657	80849912	LTR/ERVL-MaLR	781	+	128	80849785	22748
chr9	80827037	81027037	harbor1	chr9	80922996	80923138	LTR/ERVL-MaLR	1697	+	71	80923067	96030
chr9	80827037	81027037	harbor1	chr9	80923441	80923666	LTR/ERVL-MaLR	1697	+	112	80923553	96516
chr9	18426250	18626250	harbor1	chr9	18480172	18480603	LTR/ERVL-MaLR	1358	+	216	18480388	54138
chr9	9100607	9300607	harbor1	chr9	9140903	9141082	LTR/ERVL-MaLR	404	+	90	9140993	40386
chr9	9100607	9300607	harbor1	chr9	9176517	9176905	LTR/ERVL-MaLR	1790	+	194	9176711	76104
chr9	9100607	9300607	harbor1	chr9	9189828	9190005	LTR/ERVL-MaLR	559	+	88	9189916	89309
chr9	9100607	9300607	harbor1	chr9	9190057	9190245	LTR/ERVL-MaLR	1781	+	94	9190151	89544
chr9	9100607	9300607	harbor1	chr9	9190246	9190557	LTR/ERVL-MaLR	2223	+	156	9190402	89795
chr9	9100607	9300607	harbor1	chr9	9190558	9190756	LTR/ERVL-MaLR	1781	+	99	9190657	90050
chr9	9100607	9300607	harbor1	chr9	9190758	9190865	LTR/ERVL-MaLR	397	+	54	9190812	90205
chr9	9100607	9300607	harbor1	chr9	9190965	9191552	LTR/ERVL-MaLR	1940	+	294	9191259	90652
chr9	9100607	9300607	harbor1	chr9	9174843	9175200	LTR/ERVL-MaLR	1769	+	178	9175021	74414
chr9	82872493	83072493	harbor1	chr9	82925133	82925742	LTR/ERVL-MaLR	1608	+	304	82925437	52944
chr9	82872493	83072493	harbor1	chr9	82960883	82961185	LTR/ERVL-MaLR	1919	+	151	82961034	88541
chr9	82872493	83072493	harbor1	chr9	82971404	82971801	LTR/ERVL-MaLR	1631	+	198	82971602	99109
chr9	71431147	71631147	harbor1	chr9	71433191	71433558	LTR/ERVL-MaLR	2685	+	184	71433375	2228
chr9	71431147	71631147	harbor1	chr9	71435687	71435963	LTR/ERVL-MaLR	2125	+	138	71435825	4678
chr9	71431147	71631147	harbor1	chr9	71435964	71436283	LTR/ERVL-MaLR	2546	+	160	71436124	4977
chr9	71431147	71631147	harbor1	chr9	71436603	71436667	LTR/ERVL-MaLR	2546	+	32	71436635	5488
chr9	71431147	71631147	harbor1	chr9	71436668	71436887	LTR/ERVL-MaLR	2125	+	110	71436778	5631
chr9	71431147	71631147	harbor1	chr9	71507527	71507888	LTR/ERVL-MaLR	2213	+	180	71507707	76560
chr9	71431147	71631147	harbor1	chr9	71529745	71529900	LTR/ERVL-MaLR	467	+	78	71529823	98676
chr9	71431147	71631147	harbor1	chr9	71434190	71434531	LTR/ERVL-MaLR	1659	+	170	71434360	3213
chr9	115955565	116155565	harbor1	chr9	115977501	115977883	LTR/ERVL-MaLR	1508	+	191	115977692	22127
chr9	115955565	116155565	harbor1	chr9	115986933	115987260	LTR/ERVL-MaLR	1505	+	164	115987097	31532
chr9	115955565	116155565	harbor1	chr9	115987573	115987777	LTR/ERVL-MaLR	1505	+	102	115987675	32110
chr9	115955565	116155565	harbor1	chr9	115989748	115990115	LTR/ERVL-MaLR	1577	+	184	115989932	34367
chr9	115955565	116155565	harbor1	chr9	116023562	116023685	LTR/ERVL-MaLR	654	+	62	116023624	68059
chr9	115955565	116155565	harbor1	chr9	116050707	116051108	LTR/ERVL-MaLR	1458	+	200	116050907	95342
chr9	115955565	116155565	harbor1	chr9	116047815	116048326	LTR/ERVL-MaLR	1093	+	256	116048071	92506
chr9	81299449	81499449	harbor1	chr9	81317081	81317443	LTR/ERVL-MaLR	1564	+	181	81317262	17813
chr10	10162357	10362357	harbor1	chr10	10219504	10219860	LTR/ERVL-MaLR	1378	+	178	10219682	57325
chr10	10162357	10362357	harbor1	chr10	10238232	10238645	LTR/ERVL-MaLR	2069	+	206	10238438	76081
chr10	46426123	46626123	harbor1	chr10	46426576	46427086	LTR/ERVL-MaLR	854	+	255	46426831	708
chr10	46426123	46626123	harbor1	chr10	46440309	46440633	LTR/ERVL-MaLR	1180	+	162	46440471	14348
chr10	46426123	46626123	harbor1	chr10	46508558	46508676	LTR/ERVL-MaLR	677	+	59	46508617	82494
chr10	114102790	114302790	harbor1	chr10	114120238	114120605	LTR/ERVL-MaLR	2091	+	184	114120422	17632
chr10	91668655	91868655	harbor1	chr10	91674648	91674924	LTR/ERVL-MaLR	895	+	138	91674786	6131
chr10	91668655	91868655	harbor1	chr10	91678767	91679121	LTR/ERVL-MaLR	1999	+	177	91678944	10289
chr10	91668655	91868655	harbor1	chr10	91699198	91699589	LTR/ERVL-MaLR	1288	+	196	91699394	30739
chr10	91668655	91868655	harbor1	chr10	91712763	91713218	LTR/ERVL-MaLR	1740	+	228	91712991	44336
chr10	91668655	91868655	harbor1	chr10	91714561	91714939	LTR/ERVL-MaLR	2520	+	189	91714750	46095
chr10	91668655	91868655	harbor1	chr10	91728616	91728887	LTR/ERVL-MaLR	494	+	136	91728752	60097
chr10	91668655	91868655	harbor1	chr10	91729924	91730134	LTR/ERVL-MaLR	729	+	105	91730029	61374
chr10	100027665	100227665	harbor1	chr10	100086627	100086742	LTR/ERVL-MaLR	505	+	58	100086685	59020
chr10	100027665	100227665	harbor1	chr10	100087024	100087271	LTR/ERVL-MaLR	1289	+	124	100087148	59483
chr10	100027665	100227665	harbor1	chr10	100104246	100104624	LTR/ERVL-MaLR	2576	+	189	100104435	76770
chr10	31157405	31357405	harbor1	chr10	31166180	31166522	LTR/ERVL-MaLR	1312	+	171	31166351	8946
chr10	31157405	31357405	harbor1	chr10	31200375	31200890	LTR/ERVL-MaLR	1787	+	258	31200633	43228
chr10	55810898	56010898	harbor1	chr10	55839550	55839729	LTR/ERVL-MaLR	1261	+	90	55839640	28742
chr10	55810898	56010898	harbor1	chr10	55840042	55840238	LTR/ERVL-MaLR	1261	+	98	55840140	29242
chr10	55810898	56010898	harbor1	chr10	55860885	55861268	LTR/ERVL-MaLR	2058	+	192	55861077	50179
chr10	55810898	56010898	harbor1	chr10	55861271	55862888	LTR/ERVL-MaLR	10353	+	808	55862079	51181
chr10	55810898	56010898	harbor1	chr10	55862908	55863242	LTR/ERVL-MaLR	1793	+	167	55863075	52177
chr10	55810898	56010898	harbor1	chr10	55894468	55894670	LTR/ERVL-MaLR	1617	+	101	55894569	83671
chr10	79031335	79231335	harbor1	chr10	79031810	79031977	LTR/ERVL-MaLR	698	+	84	79031894	559
chr10	79031335	79231335	harbor1	chr10	79032279	79032503	LTR/ERVL-MaLR	698	+	112	79032391	1056
chr10	79031335	79231335	harbor1	chr10	79038854	79039294	LTR/ERVL-MaLR	1402	+	220	79039074	7739
chr10	98403249	98603249	harbor1	chr10	98437802	98438185	LTR/ERVL-MaLR	2188	+	192	98437994	34745
chr10	98403249	98603249	harbor1	chr10	98438188	98439782	LTR/ERVL-MaLR	11006	+	797	98438985	35736
chr10	98403249	98603249	harbor1	chr10	98439783	98440165	LTR/ERVL-MaLR	2389	+	191	98439974	36725
chr10	98403249	98603249	harbor1	chr10	98453648	98453790	LTR/ERVL-MaLR	534	+	71	98453719	50470
chr10	98403249	98603249	harbor1	chr10	98483540	98483905	LTR/ERVL-MaLR	1185	+	182	98483722	80473
chr10	100039454	100239454	harbor1	chr10	100086627	100086742	LTR/ERVL-MaLR	505	+	58	100086685	47231
chr10	100039454	100239454	harbor1	chr10	100087024	100087271	LTR/ERVL-MaLR	1289	+	124	100087148	47694
chr10	100039454	100239454	harbor1	chr10	100104246	100104624	LTR/ERVL-MaLR	2576	+	189	100104435	64981
chr10	100039454	100239454	harbor1	chr10	100130637	100131192	LTR/ERVL-MaLR	1212	+	278	100130915	91461
chr10	100039454	100239454	harbor1	chr10	100132719	100133164	LTR/ERVL-MaLR	2597	+	222	100132941	93487
chr10	100039454	100239454	harbor1	chr10	100136426	100136808	LTR/ERVL-MaLR	1476	+	191	100136617	97163
chr10	81140489	81340489	harbor1	chr10	81146128	81146562	LTR/ERVL-MaLR	1848	+	217	81146345	5856
chr10	81140489	81340489	harbor1	chr10	81165399	81165779	LTR/ERVL-MaLR	1567	+	190	81165589	25100
chr10	81140489	81340489	harbor1	chr10	81180135	81180679	LTR/ERVL-MaLR	799	+	272	81180407	39918
chr10	81140489	81340489	harbor1	chr10	81198201	81198578	LTR/ERVL-MaLR	2005	+	188	81198389	57900
chr10	81140489	81340489	harbor1	chr10	81232237	81233712	LTR/ERVL-MaLR	9550	+	738	81232975	92486
chr10	81140489	81340489	harbor1	chr10	81233713	81233836	LTR/ERVL-MaLR	632	+	62	81233775	93286
chr10	129934313	130134313	harbor1	chr10	129977628	129978237	LTR/ERVL-MaLR	1620	+	304	129977932	43619
chr10	129934313	130134313	harbor1	chr10	129979541	129979764	LTR/ERVL-MaLR	439	+	112	129979653	45340
chr10	129934313	130134313	harbor1	chr10	130001354	130001730	LTR/ERVL-MaLR	2425	+	188	130001542	67229
chr10	129934313	130134313	harbor1	chr10	130007279	130007667	LTR/ERVL-MaLR	2188	+	194	130007473	73160
chr10	129934313	130134313	harbor1	chr10	130009883	130010030	LTR/ERVL-MaLR	801	+	74	130009957	75644
chr10	129934313	130134313	harbor1	chr10	130010612	130010760	LTR/ERVL-MaLR	1004	+	74	130010686	76373
chr10	129934313	130134313	harbor1	chr10	130010764	130011072	LTR/ERVL-MaLR	914	+	154	130010918	76605
chr10	129934313	130134313	harbor1	chr10	130014292	130014647	LTR/ERVL-MaLR	597	+	178	130014470	80157
chr10	129934313	130134313	harbor1	chr10	130022055	130022484	LTR/ERVL-MaLR	1359	+	214	130022269	87956
chr10	129934313	130134313	harbor1	chr10	130025350	130025726	LTR/ERVL-MaLR	1334	+	188	130025538	91225
chr10	3224552	3424552	harbor1	chr10	3224557	3224938	LTR/ERVL-MaLR	2351	+	190	3224747	195
chr10	3224552	3424552	harbor1	chr10	3262860	3263207	LTR/ERVL-MaLR	599	+	174	3263034	38482
chr10	3224552	3424552	harbor1	chr10	3289144	3289366	LTR/ERVL-MaLR	819	+	111	3289255	64703
chr10	3224552	3424552	harbor1	chr10	3297079	3297493	LTR/ERVL-MaLR	2069	+	207	3297286	72734
chr10	3224552	3424552	harbor1	chr10	3309406	3309495	LTR/ERVL-MaLR	426	+	44	3309450	84898
chr10	3224552	3424552	harbor1	chr10	3322443	3322858	LTR/ERVL-MaLR	1836	+	208	3322651	98099
chr10	3224552	3424552	harbor1	chr10	3323566	3323713	LTR/ERVL-MaLR	562	+	74	3323640	99088
chr10	124995949	125195949	harbor1	chr10	125044990	125045339	LTR/ERVL-MaLR	858	+	174	125045164	49215
chr10	124995949	125195949	harbor1	chr10	125051714	125052089	LTR/ERVL-MaLR	1464	+	188	125051902	55953
chr10	124995949	125195949	harbor1	chr10	125054188	125054657	LTR/ERVL-MaLR	1472	+	234	125054422	58473
chr10	124995949	125195949	harbor1	chr10	125086093	125086241	LTR/ERVL-MaLR	828	+	74	125086167	90218
chr10	124995949	125195949	harbor1	chr10	125086640	125086828	LTR/ERVL-MaLR	940	+	94	125086734	90785
chr10	124995949	125195949	harbor1	chr10	125075249	125075604	LTR/ERVL-MaLR	1431	+	178	125075427	79478
chr10	33601166	33801166	harbor1	chr10	33619212	33619588	LTR/ERVL-MaLR	2271	+	188	33619400	18234
chr10	33601166	33801166	harbor1	chr10	33636918	33636986	LTR/ERVL-MaLR	1811	+	34	33636952	35786
chr10	33601166	33801166	harbor1	chr10	33637945	33638237	LTR/ERVL-MaLR	1811	+	146	33638091	36925
chr10	113654605	113854605	harbor1	chr10	113700779	113701127	LTR/ERVL-MaLR	1946	+	174	113700953	46348
chr10	86265950	86465950	harbor1	chr10	86268211	86268516	LTR/ERVL-MaLR	688	+	152	86268363	2413
chr10	86265950	86465950	harbor1	chr10	86278992	86279348	LTR/ERVL-MaLR	1479	+	178	86279170	13220
chr10	86265950	86465950	harbor1	chr10	86289659	86290167	LTR/ERVL-MaLR	929	+	254	86289913	23963
chr10	86265950	86465950	harbor1	chr10	86299939	86300321	LTR/ERVL-MaLR	974	+	191	86300130	34180
chr10	86265950	86465950	harbor1	chr10	86338154	86338348	LTR/ERVL-MaLR	554	+	97	86338251	72301
chr10	86265950	86465950	harbor1	chr10	86347372	86347790	LTR/ERVL-MaLR	854	+	209	86347581	81631
chr10	86265950	86465950	harbor1	chr10	86356380	86356719	LTR/ERVL-MaLR	617	+	170	86356550	90600
chr10	86265950	86465950	harbor1	chr10	86358349	86358476	LTR/ERVL-MaLR	2094	+	64	86358413	92463
chr10	86265950	86465950	harbor1	chr10	86358778	86359163	LTR/ERVL-MaLR	2094	+	192	86358970	93020
chr10	94017149	94217149	harbor1	chr10	94028870	94029009	LTR/ERVL-MaLR	890	+	70	94028940	11791
chr10	94017149	94217149	harbor1	chr10	94054232	94054519	LTR/ERVL-MaLR	972	+	144	94054376	37227
chr10	1929438	2129438	harbor1	chr10	1978923	1979141	LTR/ERVL-MaLR	460	+	109	1979032	49594
chr10	1929438	2129438	harbor1	chr10	1995828	1996178	LTR/ERVL-MaLR	1770	+	175	1996003	66565
chr10	1929438	2129438	harbor1	chr10	2006016	2006448	LTR/ERVL-MaLR	707	+	216	2006232	76794
chr10	1929438	2129438	harbor1	chr10	2006457	2006886	LTR/ERVL-MaLR	1813	+	214	2006671	77233
chr10	1929438	2129438	harbor1	chr10	2007172	2007409	LTR/ERVL-MaLR	1813	+	118	2007290	77852
chr10	1929438	2129438	harbor1	chr10	2007481	2007828	LTR/ERVL-MaLR	961	+	174	2007655	78217
chr10	1929438	2129438	harbor1	chr10	2007840	2008309	LTR/ERVL-MaLR	909	+	234	2008074	78636
chr10	1929438	2129438	harbor1	chr10	2013903	2014254	LTR/ERVL-MaLR	1263	+	176	2014079	84641
chr10	1929438	2129438	harbor1	chr10	2020797	2021168	LTR/ERVL-MaLR	1389	+	186	2020983	91545
chr10	88994270	89194270	harbor1	chr10	89021037	89021237	LTR/ERVL-MaLR	2460	+	100	89021137	26867
chr10	88994270	89194270	harbor1	chr10	89021538	89021726	LTR/ERVL-MaLR	2460	+	94	89021632	27362
chr10	88994270	89194270	harbor1	chr10	89022029	89022075	LTR/ERVL-MaLR	2460	+	23	89022052	27782
chr10	88994270	89194270	harbor1	chr10	89027360	89027723	LTR/ERVL-MaLR	2750	+	182	89027542	33272
chr10	88994270	89194270	harbor1	chr10	89048396	89048646	LTR/ERVL-MaLR	1324	+	125	89048521	54251
chr10	88994270	89194270	harbor1	chr10	89058622	89058893	LTR/ERVL-MaLR	471	+	136	89058758	64488
chr10	88994270	89194270	harbor1	chr10	89060415	89060835	LTR/ERVL-MaLR	2540	+	210	89060625	66355
chr10	62186273	62386273	harbor1	chr10	62192455	62192775	LTR/ERVL-MaLR	783	+	160	62192615	6342
chr10	62186273	62386273	harbor1	chr10	62254141	62254520	LTR/ERVL-MaLR	2043	+	190	62254331	68058
chr10	62186273	62386273	harbor1	chr10	62263089	62263513	LTR/ERVL-MaLR	1647	+	212	62263301	77028
chr10	62186273	62386273	harbor1	chr10	62277442	62277994	LTR/ERVL-MaLR	1381	+	276	62277718	91445
chr10	62186273	62386273	harbor1	chr10	62278049	62278307	LTR/ERVL-MaLR	554	+	129	62278178	91905
chr10	62186273	62386273	harbor1	chr10	62258972	62259329	LTR/ERVL-MaLR	2383	+	178	62259150	72877
chr10	17443424	17643424	harbor1	chr10	17455527	17455894	LTR/ERVL-MaLR	1424	+	184	17455711	12287
chr10	17443424	17643424	harbor1	chr10	17470244	17470604	LTR/ERVL-MaLR	2147	+	180	17470424	27000
chr10	17443424	17643424	harbor1	chr10	17473644	17473996	LTR/ERVL-MaLR	2034	+	176	17473820	30396
chr10	17443424	17643424	harbor1	chr10	17477356	17477515	LTR/ERVL-MaLR	670	+	80	17477436	34012
chr10	17443424	17643424	harbor1	chr10	17502334	17502912	LTR/ERVL-MaLR	1883	+	289	17502623	59199
chr10	17443424	17643424	harbor1	chr10	17502923	17503175	LTR/ERVL-MaLR	555	+	126	17503049	59625
chr10	17443424	17643424	harbor1	chr10	17503592	17503814	LTR/ERVL-MaLR	569	+	111	17503703	60279
chr10	17443424	17643424	harbor1	chr10	17507086	17507365	LTR/ERVL-MaLR	676	+	140	17507226	63802
chr10	17443424	17643424	harbor1	chr10	17507657	17507816	LTR/ERVL-MaLR	676	+	80	17507737	64313
chr10	17443424	17643424	harbor1	chr10	17519037	17519482	LTR/ERVL-MaLR	1937	+	222	17519259	75835
chr10	17443424	17643424	harbor1	chr10	17526079	17526444	LTR/ERVL-MaLR	2723	+	182	17526261	82837
chr10	17443424	17643424	harbor1	chr10	17529936	17530249	LTR/ERVL-MaLR	1272	+	156	17530092	86668
chr10	17443424	17643424	harbor1	chr10	17539444	17539844	LTR/ERVL-MaLR	2350	+	200	17539644	96220
chr10	51994090	52194090	harbor1	chr10	52011728	52012081	LTR/ERVL-MaLR	1852	+	176	52011904	17814
chr10	51994090	52194090	harbor1	chr10	52088411	52088766	LTR/ERVL-MaLR	1323	+	178	52088589	94499
chr10	113443729	113643729	harbor1	chr10	113457273	113457637	LTR/ERVL-MaLR	1102	+	182	113457455	13726
chr10	113443729	113643729	harbor1	chr10	113460850	113461224	LTR/ERVL-MaLR	2672	+	187	113461037	17308
chr10	113443729	113643729	harbor1	chr10	113487444	113487825	LTR/ERVL-MaLR	2331	+	190	113487634	43905
chr10	113443729	113643729	harbor1	chr10	113493008	113493418	LTR/ERVL-MaLR	585	+	205	113493213	49484
chr10	113443729	113643729	harbor1	chr10	113507857	113508238	LTR/ERVL-MaLR	1757	+	190	113508047	64318
chr10	61325394	61525394	harbor1	chr10	61343638	61344134	LTR/ERVL-MaLR	1742	+	248	61343886	18492
chr10	61325394	61525394	harbor1	chr10	61356973	61357342	LTR/ERVL-MaLR	2270	+	184	61357157	31763
chr10	61325394	61525394	harbor1	chr10	61421410	61421846	LTR/ERVL-MaLR	2112	+	218	61421628	96234
chr10	61325394	61525394	harbor1	chr10	61341371	61341784	LTR/ERVL-MaLR	2375	+	206	61341577	16183
chr10	9597269	9797269	harbor1	chr10	9599434	9599769	LTR/ERVL-MaLR	954	+	168	9599602	2333
chr10	9597269	9797269	harbor1	chr10	9602023	9602385	LTR/ERVL-MaLR	1876	+	181	9602204	4935
chr10	9597269	9797269	harbor1	chr10	9605306	9605617	LTR/ERVL-MaLR	459	+	156	9605462	8193
chr10	9597269	9797269	harbor1	chr10	9619746	9620099	LTR/ERVL-MaLR	2257	+	176	9619922	22653
chr10	9597269	9797269	harbor1	chr10	9620583	9620682	LTR/ERVL-MaLR	513	+	50	9620633	23364
chr10	9597269	9797269	harbor1	chr10	9653693	9654061	LTR/ERVL-MaLR	2351	+	184	9653877	56608
chr10	9597269	9797269	harbor1	chr10	9680455	9680817	LTR/ERVL-MaLR	2352	+	181	9680636	83367
chr10	9597269	9797269	harbor1	chr10	9680818	9682408	LTR/ERVL-MaLR	10784	+	795	9681613	84344
chr10	9597269	9797269	harbor1	chr10	9682409	9682779	LTR/ERVL-MaLR	2513	+	185	9682594	85325
chr10	9597269	9797269	harbor1	chr10	9693746	9693982	LTR/ERVL-MaLR	695	+	118	9693864	96595
chr10	9597269	9797269	harbor1	chr10	9696041	9696501	LTR/ERVL-MaLR	1731	+	230	9696271	99002
chr10	70151641	70351641	harbor1	chr10	70193400	70193721	LTR/ERVL-MaLR	678	+	160	70193560	41919
chr10	70151641	70351641	harbor1	chr10	70195903	70196233	LTR/ERVL-MaLR	933	+	165	70196068	44427
chr10	70151641	70351641	harbor1	chr10	70241328	70241445	LTR/ERVL-MaLR	591	+	58	70241386	89745
chr10	70151641	70351641	harbor1	chr10	70241757	70241892	LTR/ERVL-MaLR	591	+	68	70241825	90184
chr10	70151641	70351641	harbor1	chr10	70245373	70245959	LTR/ERVL-MaLR	1160	+	293	70245666	94025
chr10	70151641	70351641	harbor1	chr10	70246113	70246513	LTR/ERVL-MaLR	688	+	200	70246313	94672
chr10	117399857	117599857	harbor1	chr10	117408325	117408742	LTR/ERVL-MaLR	1380	+	208	117408533	8676
chr10	117399857	117599857	harbor1	chr10	117422699	117422826	LTR/ERVL-MaLR	452	+	64	117422763	22906
chr10	117399857	117599857	harbor1	chr10	117439042	117439539	LTR/ERVL-MaLR	1678	+	248	117439290	39433
chr10	117399857	117599857	harbor1	chr10	117439782	117439950	LTR/ERVL-MaLR	590	+	84	117439866	40009
chr10	117399857	117599857	harbor1	chr10	117443713	117444070	LTR/ERVL-MaLR	1850	+	178	117443891	44034
chr10	117399857	117599857	harbor1	chr10	117444380	117444420	LTR/ERVL-MaLR	1850	+	20	117444400	44543
chr10	117399857	117599857	harbor1	chr10	117452732	117453172	LTR/ERVL-MaLR	1348	+	220	117452952	53095
chr10	117399857	117599857	harbor1	chr10	117474635	117475006	LTR/ERVL-MaLR	1359	+	186	117474821	74964
chr10	59736820	59936820	harbor1	chr10	59755586	59756007	LTR/ERVL-MaLR	1849	+	210	59755796	18976
chr10	59736820	59936820	harbor1	chr10	59810751	59811213	LTR/ERVL-MaLR	2199	+	231	59810982	74162
chr10	59736820	59936820	harbor1	chr10	59825136	59825508	LTR/ERVL-MaLR	1860	+	186	59825322	88502
chr10	26420839	26620839	harbor1	chr10	26432634	26432986	LTR/ERVL-MaLR	2375	+	176	26432810	11971
chr10	26420839	26620839	harbor1	chr10	26520130	26520359	LTR/ERVL-MaLR	990	+	114	26520244	99405
chr10	125057009	125257009	harbor1	chr10	125086093	125086241	LTR/ERVL-MaLR	828	+	74	125086167	29158
chr10	125057009	125257009	harbor1	chr10	125086640	125086828	LTR/ERVL-MaLR	940	+	94	125086734	29725
chr10	125057009	125257009	harbor1	chr10	125075249	125075604	LTR/ERVL-MaLR	1431	+	178	125075427	18418
chr10	80545960	80745960	harbor1	chr10	80576624	80576767	LTR/ERVL-MaLR	480	+	72	80576696	30736
chr10	80545960	80745960	harbor1	chr10	80577065	80577423	LTR/ERVL-MaLR	633	+	179	80577244	31284
chr10	80545960	80745960	harbor1	chr10	80581371	80581757	LTR/ERVL-MaLR	2007	+	193	80581564	35604
chr10	80545960	80745960	harbor1	chr10	80620123	80620522	LTR/ERVL-MaLR	2165	+	200	80620323	74363
chr10	80545960	80745960	harbor1	chr10	80628192	80628539	LTR/ERVL-MaLR	1998	+	174	80628366	82406
chr10	88328642	88528642	harbor1	chr10	88333682	88334049	LTR/ERVL-MaLR	1835	+	184	88333866	5224
chr10	88328642	88528642	harbor1	chr10	88337319	88337813	LTR/ERVL-MaLR	801	+	247	88337566	8924
chr10	88328642	88528642	harbor1	chr10	88357602	88358024	LTR/ERVL-MaLR	1228	+	211	88357813	29171
chr10	88328642	88528642	harbor1	chr10	88360157	88360446	LTR/ERVL-MaLR	842	+	144	88360301	31659
chr10	88328642	88528642	harbor1	chr10	88360698	88360932	LTR/ERVL-MaLR	842	+	117	88360815	32173
chr10	88328642	88528642	harbor1	chr10	88361314	88361398	LTR/ERVL-MaLR	842	+	42	88361356	32714
chr10	88328642	88528642	harbor1	chr10	88379571	88380116	LTR/ERVL-MaLR	1374	+	272	88379843	51201
chr10	88328642	88528642	harbor1	chr10	88408326	88408635	LTR/ERVL-MaLR	801	+	154	88408480	79838
chr10	75816889	76016889	harbor1	chr10	75861715	75862170	LTR/ERVL-MaLR	1322	+	228	75861943	45054
chr10	75816889	76016889	harbor1	chr10	75908738	75909010	LTR/ERVL-MaLR	726	+	136	75908874	91985
chr10	16536708	16736708	harbor1	chr10	16537333	16537627	LTR/ERVL-MaLR	1472	+	147	16537480	772
chr10	16536708	16736708	harbor1	chr10	16537864	16538132	LTR/ERVL-MaLR	1466	+	134	16537998	1290
chr10	16536708	16736708	harbor1	chr10	16538435	16538513	LTR/ERVL-MaLR	1466	+	39	16538474	1766
chr10	16536708	16736708	harbor1	chr10	16539260	16539646	LTR/ERVL-MaLR	423	+	193	16539453	2745
chr10	16536708	16736708	harbor1	chr10	16541386	16541808	LTR/ERVL-MaLR	1603	+	211	16541597	4889
chr10	16536708	16736708	harbor1	chr10	16542472	16542815	LTR/ERVL-MaLR	1904	+	172	16542644	5936
chr10	16536708	16736708	harbor1	chr10	16546423	16546823	LTR/ERVL-MaLR	2390	+	200	16546623	9915
chr10	16536708	16736708	harbor1	chr10	16547413	16547760	LTR/ERVL-MaLR	2665	+	174	16547587	10879
chr10	16536708	16736708	harbor1	chr10	16548095	16548165	LTR/ERVL-MaLR	2665	+	35	16548130	11422
chr10	16536708	16736708	harbor1	chr10	16549967	16550283	LTR/ERVL-MaLR	1842	+	158	16550125	13417
chr10	16536708	16736708	harbor1	chr10	16550518	16550558	LTR/ERVL-MaLR	1842	+	20	16550538	13830
chr10	16536708	16736708	harbor1	chr10	16561347	16561735	LTR/ERVL-MaLR	2586	+	194	16561541	24833
chr10	16536708	16736708	harbor1	chr10	16562040	16562081	LTR/ERVL-MaLR	2586	+	20	16562060	25352
chr10	16536708	16736708	harbor1	chr10	16575874	16576220	LTR/ERVL-MaLR	2248	+	173	16576047	39339
chr10	16536708	16736708	harbor1	chr10	16596180	16596294	LTR/ERVL-MaLR	460	+	57	16596237	59529
chr10	16536708	16736708	harbor1	chr10	16598066	16598256	LTR/ERVL-MaLR	1698	+	95	16598161	61453
chr10	16536708	16736708	harbor1	chr10	16598570	16598835	LTR/ERVL-MaLR	1698	+	132	16598702	61994
chr10	16536708	16736708	harbor1	chr10	16604764	16605093	LTR/ERVL-MaLR	494	+	164	16604928	68220
chr10	16536708	16736708	harbor1	chr10	16606984	16607376	LTR/ERVL-MaLR	2394	+	196	16607180	70472
chr10	5814276	6014276	harbor1	chr10	5851780	5851922	LTR/ERVL-MaLR	697	+	71	5851851	37575
chr10	5814276	6014276	harbor1	chr10	5853443	5853575	LTR/ERVL-MaLR	520	+	66	5853509	39233
chr10	5814276	6014276	harbor1	chr10	5854229	5854464	LTR/ERVL-MaLR	728	+	118	5854347	40071
chr10	5814276	6014276	harbor1	chr10	5858854	5859257	LTR/ERVL-MaLR	475	+	202	5859056	44780
chr10	124650391	124850391	harbor1	chr10	124702736	124703048	LTR/ERVL-MaLR	2641	+	156	124702892	52501
chr10	124650391	124850391	harbor1	chr10	124703348	124703459	LTR/ERVL-MaLR	2641	+	56	124703404	53013
chr10	84080576	84280576	harbor1	chr10	84089194	84089551	LTR/ERVL-MaLR	1493	+	178	84089372	8796
chr10	84080576	84280576	harbor1	chr10	84089741	84090018	LTR/ERVL-MaLR	1531	+	138	84089879	9303
chr10	84080576	84280576	harbor1	chr10	84135248	84135664	LTR/ERVL-MaLR	2535	+	208	84135456	54880
chr10	117391959	117591959	harbor1	chr10	117392628	117392914	LTR/ERVL-MaLR	808	+	143	117392771	812
chr10	117391959	117591959	harbor1	chr10	117408325	117408742	LTR/ERVL-MaLR	1380	+	208	117408533	16574
chr10	117391959	117591959	harbor1	chr10	117422699	117422826	LTR/ERVL-MaLR	452	+	64	117422763	30804
chr10	117391959	117591959	harbor1	chr10	117439042	117439539	LTR/ERVL-MaLR	1678	+	248	117439290	47331
chr10	117391959	117591959	harbor1	chr10	117439782	117439950	LTR/ERVL-MaLR	590	+	84	117439866	47907
chr10	117391959	117591959	harbor1	chr10	117443713	117444070	LTR/ERVL-MaLR	1850	+	178	117443891	51932
chr10	117391959	117591959	harbor1	chr10	117444380	117444420	LTR/ERVL-MaLR	1850	+	20	117444400	52441
chr10	117391959	117591959	harbor1	chr10	117452732	117453172	LTR/ERVL-MaLR	1348	+	220	117452952	60993
chr10	117391959	117591959	harbor1	chr10	117474635	117475006	LTR/ERVL-MaLR	1359	+	186	117474821	82862
chr10	14752039	14952039	harbor1	chr10	14780370	14780606	LTR/ERVL-MaLR	472	+	118	14780488	28449
chr10	14752039	14952039	harbor1	chr10	14792310	14792484	LTR/ERVL-MaLR	795	+	87	14792397	40358
chr10	14752039	14952039	harbor1	chr10	14795758	14795917	LTR/ERVL-MaLR	708	+	80	14795838	43799
chr10	14752039	14952039	harbor1	chr10	14815387	14815585	LTR/ERVL-MaLR	597	+	99	14815486	63447
chr10	14752039	14952039	harbor1	chr10	14820774	14821121	LTR/ERVL-MaLR	2158	+	174	14820948	68909
chr10	14752039	14952039	harbor1	chr10	14821424	14821461	LTR/ERVL-MaLR	2158	+	18	14821442	69403
chr10	1248159	1448159	harbor1	chr10	1250236	1250743	LTR/ERVL-MaLR	2354	+	254	1250490	2331
chr10	1248159	1448159	harbor1	chr10	1251647	1252046	LTR/ERVL-MaLR	2210	+	200	1251847	3688
chr10	1248159	1448159	harbor1	chr10	1279703	1280045	LTR/ERVL-MaLR	1362	+	171	1279874	31715
chr10	1248159	1448159	harbor1	chr10	1297778	1298021	LTR/ERVL-MaLR	461	+	122	1297900	49741
chr10	77340129	77540129	harbor1	chr10	77349075	77349439	LTR/ERVL-MaLR	2217	+	182	77349257	9128
chr10	77340129	77540129	harbor1	chr10	77354949	77355304	LTR/ERVL-MaLR	2418	+	178	77355127	14998
chr10	77340129	77540129	harbor1	chr10	77355402	77355810	LTR/ERVL-MaLR	936	+	204	77355606	15477
chr10	77340129	77540129	harbor1	chr10	77356683	77357282	LTR/ERVL-MaLR	1209	+	300	77356983	16854
chr10	77340129	77540129	harbor1	chr10	77383118	77383357	LTR/ERVL-MaLR	512	+	120	77383238	43109
chr10	77340129	77540129	harbor1	chr10	77404907	77405048	LTR/ERVL-MaLR	601	+	70	77404977	64848
chr10	77340129	77540129	harbor1	chr10	77422549	77422974	LTR/ERVL-MaLR	1497	+	212	77422761	82632
chr10	50304683	50504683	harbor1	chr10	50331689	50331994	LTR/ERVL-MaLR	1334	+	152	50331841	27158
chr10	50304683	50504683	harbor1	chr10	50349533	50349892	LTR/ERVL-MaLR	2200	+	180	50349713	45030
chr10	50304683	50504683	harbor1	chr10	50349893	50351463	LTR/ERVL-MaLR	11464	+	785	50350678	45995
chr10	50304683	50504683	harbor1	chr10	50351464	50351814	LTR/ERVL-MaLR	2324	+	175	50351639	46956
chr10	50304683	50504683	harbor1	chr10	50383924	50384189	LTR/ERVL-MaLR	1256	+	132	50384056	79373
chr10	106223783	106423783	harbor1	chr10	106243571	106244070	LTR/ERVL-MaLR	1731	+	250	106243821	20038
chr10	106223783	106423783	harbor1	chr10	106278666	106279027	LTR/ERVL-MaLR	1880	+	180	106278846	55063
chr10	106223783	106423783	harbor1	chr10	106286243	106286593	LTR/ERVL-MaLR	2525	+	175	106286418	62635
chr10	106223783	106423783	harbor1	chr10	106293917	106294293	LTR/ERVL-MaLR	2031	+	188	106294105	70322
chr10	106223783	106423783	harbor1	chr10	106310587	106311003	LTR/ERVL-MaLR	2183	+	208	106310795	87012
chr10	44101592	44301592	harbor1	chr10	44102718	44103158	LTR/ERVL-MaLR	903	+	220	44102938	1346
chr10	44101592	44301592	harbor1	chr10	44120153	44120645	LTR/ERVL-MaLR	1897	+	246	44120399	18807
chr10	44101592	44301592	harbor1	chr10	44156143	44156286	LTR/ERVL-MaLR	425	+	72	44156215	54623
chr10	44101592	44301592	harbor1	chr10	44166246	44166439	LTR/ERVL-MaLR	645	+	96	44166342	64750
chr10	44101592	44301592	harbor1	chr10	44179665	44180064	LTR/ERVL-MaLR	1885	+	200	44179865	78273
chr10	44101592	44301592	harbor1	chr10	44200916	44201286	LTR/ERVL-MaLR	1731	+	185	44201101	99509
chr10	20632342	20832342	harbor1	chr10	20660489	20660885	LTR/ERVL-MaLR	907	+	198	20660687	28345
chr10	20632342	20832342	harbor1	chr10	20664149	20664568	LTR/ERVL-MaLR	2315	+	210	20664359	32017
chr10	20632342	20832342	harbor1	chr10	20668703	20669094	LTR/ERVL-MaLR	2041	+	196	20668899	36557
chr10	20632342	20832342	harbor1	chr10	20670540	20670796	LTR/ERVL-MaLR	1086	+	128	20670668	38326
chr10	20632342	20832342	harbor1	chr10	20682777	20683140	LTR/ERVL-MaLR	1748	+	182	20682959	50617
chr10	20632342	20832342	harbor1	chr10	20683663	20684024	LTR/ERVL-MaLR	2545	+	180	20683843	51501
chr10	20632342	20832342	harbor1	chr10	20706705	20707071	LTR/ERVL-MaLR	1981	+	183	20706888	74546
chr10	20632342	20832342	harbor1	chr10	20722786	20723094	LTR/ERVL-MaLR	1356	+	154	20722940	90598
chr10	20632342	20832342	harbor1	chr10	20723405	20723467	LTR/ERVL-MaLR	1356	+	31	20723436	91094
chr10	20632342	20832342	harbor1	chr10	20731604	20732013	LTR/ERVL-MaLR	1153	+	204	20731808	99466
chr10	90253430	90453430	harbor1	chr10	90263030	90263484	LTR/ERVL-MaLR	2769	+	227	90263257	9827
chr10	90253430	90453430	harbor1	chr10	90288559	90288647	LTR/ERVL-MaLR	424	+	44	90288603	35173
chr10	90253430	90453430	harbor1	chr10	90289292	90289668	LTR/ERVL-MaLR	810	+	188	90289480	36050
chr10	90253430	90453430	harbor1	chr10	90305428	90305549	LTR/ERVL-MaLR	435	+	60	90305488	52058
chr10	90253430	90453430	harbor1	chr10	90305591	90305767	LTR/ERVL-MaLR	554	+	88	90305679	52249
chr10	90253430	90453430	harbor1	chr10	90320257	90320428	LTR/ERVL-MaLR	655	+	86	90320343	66913
chr10	90253430	90453430	harbor1	chr10	90321223	90321346	LTR/ERVL-MaLR	486	+	62	90321285	67855
chr10	112096015	112296015	harbor1	chr10	112096859	112097213	LTR/ERVL-MaLR	567	+	177	112097036	1021
chr10	112096015	112296015	harbor1	chr10	112097214	112097706	LTR/ERVL-MaLR	1255	+	246	112097460	1445
chr10	112096015	112296015	harbor1	chr10	112110298	112110650	LTR/ERVL-MaLR	2737	+	176	112110474	14459
chr10	112096015	112296015	harbor1	chr10	112120123	112120389	LTR/ERVL-MaLR	497	+	133	112120256	24241
chr10	112096015	112296015	harbor1	chr10	112132577	112133005	LTR/ERVL-MaLR	2377	+	214	112132791	36776
chr10	112096015	112296015	harbor1	chr10	112138858	112139212	LTR/ERVL-MaLR	2161	+	177	112139035	43020
chr10	111343389	111543389	harbor1	chr10	111347463	111348057	LTR/ERVL-MaLR	1334	+	297	111347760	4371
chr10	111343389	111543389	harbor1	chr10	111348060	111348457	LTR/ERVL-MaLR	1412	+	198	111348258	4869
chr10	111343389	111543389	harbor1	chr10	111366403	111366635	LTR/ERVL-MaLR	426	+	116	111366519	23130
chr10	111343389	111543389	harbor1	chr10	111383590	111383942	LTR/ERVL-MaLR	2294	+	176	111383766	40377
chr10	111343389	111543389	harbor1	chr10	111394265	111394679	LTR/ERVL-MaLR	2718	+	207	111394472	51083
chr10	111343389	111543389	harbor1	chr10	111399094	111399508	LTR/ERVL-MaLR	2339	+	207	111399301	55912
chr10	111343389	111543389	harbor1	chr10	111407602	111407811	LTR/ERVL-MaLR	522	+	104	111407706	64317
chr10	111343389	111543389	harbor1	chr10	111442411	111442873	LTR/ERVL-MaLR	644	+	231	111442642	99253
chr10	95689335	95889335	harbor1	chr10	95697437	95697843	LTR/ERVL-MaLR	2461	+	203	95697640	8305
chr10	95689335	95889335	harbor1	chr10	95697846	95698672	LTR/ERVL-MaLR	3216	+	413	95698259	8924
chr10	95689335	95889335	harbor1	chr10	95698656	95698824	LTR/ERVL-MaLR	950	+	84	95698740	9405
chr10	95689335	95889335	harbor1	chr10	95716380	95716827	LTR/ERVL-MaLR	1324	+	224	95716604	27269
chr10	95689335	95889335	harbor1	chr10	95750255	95750637	LTR/ERVL-MaLR	2412	+	191	95750446	61111
chr10	95689335	95889335	harbor1	chr10	95763610	95763762	LTR/ERVL-MaLR	780	+	76	95763686	74351
chr10	95689335	95889335	harbor1	chr10	95767810	95768155	LTR/ERVL-MaLR	1705	+	172	95767982	78647
chr10	91344346	91544346	harbor1	chr10	91353130	91353500	LTR/ERVL-MaLR	2559	+	185	91353315	8969
chr10	91344346	91544346	harbor1	chr10	91376917	91377283	LTR/ERVL-MaLR	1506	+	183	91377100	32754
chr10	102842779	103042779	harbor1	chr10	102909597	102909755	LTR/ERVL-MaLR	1021	+	79	102909676	66897
chr10	102842779	103042779	harbor1	chr10	102910071	102910251	LTR/ERVL-MaLR	1021	+	90	102910161	67382
chr10	27444300	27644300	harbor1	chr10	27449078	27449214	LTR/ERVL-MaLR	606	+	68	27449146	4846
chr10	27444300	27644300	harbor1	chr10	27541823	27542273	LTR/ERVL-MaLR	596	+	225	27542048	97748
chr10	97226320	97426320	harbor1	chr10	97255246	97255308	LTR/ERVL-MaLR	2700	+	31	97255277	28957
chr10	97226320	97426320	harbor1	chr10	97255586	97256116	LTR/ERVL-MaLR	2700	+	265	97255851	29531
chr10	97226320	97426320	harbor1	chr10	97282000	97282537	LTR/ERVL-MaLR	1133	+	268	97282268	55948
chr10	97226320	97426320	harbor1	chr10	97302583	97302618	LTR/ERVL-MaLR	2249	+	18	97302601	76281
chr10	97226320	97426320	harbor1	chr10	97302925	97303058	LTR/ERVL-MaLR	2249	+	66	97302991	76671
chr10	97226320	97426320	harbor1	chr10	97303383	97303413	LTR/ERVL-MaLR	2249	+	15	97303398	77078
chr10	97226320	97426320	harbor1	chr10	97304000	97304228	LTR/ERVL-MaLR	2249	+	114	97304114	77794
chr10	97226320	97426320	harbor1	chr10	97307464	97307555	LTR/ERVL-MaLR	438	+	46	97307510	81190
chr10	114712314	114912314	harbor1	chr10	114792815	114792870	LTR/ERVL-MaLR	2908	+	28	114792843	80529
chr10	114712314	114912314	harbor1	chr10	114793178	114793518	LTR/ERVL-MaLR	2908	+	170	114793348	81034
chr10	114712314	114912314	harbor1	chr10	114808690	114809148	LTR/ERVL-MaLR	1484	+	229	114808919	96605
chr10	16446858	16646858	harbor1	chr10	16456751	16457083	LTR/ERVL-MaLR	1907	+	166	16456917	10059
chr10	16446858	16646858	harbor1	chr10	16472308	16472661	LTR/ERVL-MaLR	2449	+	176	16472484	25626
chr10	16446858	16646858	harbor1	chr10	16537333	16537627	LTR/ERVL-MaLR	1472	+	147	16537480	90622
chr10	16446858	16646858	harbor1	chr10	16537864	16538132	LTR/ERVL-MaLR	1466	+	134	16537998	91140
chr10	16446858	16646858	harbor1	chr10	16538435	16538513	LTR/ERVL-MaLR	1466	+	39	16538474	91616
chr10	16446858	16646858	harbor1	chr10	16539260	16539646	LTR/ERVL-MaLR	423	+	193	16539453	92595
chr10	16446858	16646858	harbor1	chr10	16541386	16541808	LTR/ERVL-MaLR	1603	+	211	16541597	94739
chr10	16446858	16646858	harbor1	chr10	16542472	16542815	LTR/ERVL-MaLR	1904	+	172	16542644	95786
chr10	16446858	16646858	harbor1	chr10	16546423	16546823	LTR/ERVL-MaLR	2390	+	200	16546623	99765
chr10	47330122	47530122	harbor1	chr10	47388300	47388797	LTR/ERVL-MaLR	1941	+	248	47388548	58426
chr10	85094795	85294795	harbor1	chr10	85143893	85144224	LTR/ERVL-MaLR	1572	+	166	85144059	49264
chr10	85094795	85294795	harbor1	chr10	85144229	85144583	LTR/ERVL-MaLR	2468	+	177	85144406	49611
chr10	85094795	85294795	harbor1	chr10	85162201	85162468	LTR/ERVL-MaLR	587	+	134	85162335	67540
chr10	85094795	85294795	harbor1	chr10	85174820	85175252	LTR/ERVL-MaLR	2842	+	216	85175036	80241
chr10	85094795	85294795	harbor1	chr10	85180167	85180584	LTR/ERVL-MaLR	2527	+	208	85180375	85580
chr10	70157152	70357152	harbor1	chr10	70193400	70193721	LTR/ERVL-MaLR	678	+	160	70193560	36408
chr10	70157152	70357152	harbor1	chr10	70195903	70196233	LTR/ERVL-MaLR	933	+	165	70196068	38916
chr10	70157152	70357152	harbor1	chr10	70241328	70241445	LTR/ERVL-MaLR	591	+	58	70241386	84234
chr10	70157152	70357152	harbor1	chr10	70241757	70241892	LTR/ERVL-MaLR	591	+	68	70241825	84673
chr10	70157152	70357152	harbor1	chr10	70245373	70245959	LTR/ERVL-MaLR	1160	+	293	70245666	88514
chr10	70157152	70357152	harbor1	chr10	70246113	70246513	LTR/ERVL-MaLR	688	+	200	70246313	89161
chr10	536693	736693	harbor1	chr10	545017	545159	LTR/ERVL-MaLR	1169	+	71	545088	8395
chr10	536693	736693	harbor1	chr10	545456	545696	LTR/ERVL-MaLR	1169	+	120	545576	8883
chr10	536693	736693	harbor1	chr10	557181	557447	LTR/ERVL-MaLR	736	+	133	557314	20621
chr10	536693	736693	harbor1	chr10	602389	602647	LTR/ERVL-MaLR	769	+	129	602518	65825
chr10	536693	736693	harbor1	chr10	610644	610750	LTR/ERVL-MaLR	668	+	53	610697	74004
chr10	536693	736693	harbor1	chr10	611052	611376	LTR/ERVL-MaLR	1596	+	162	611214	74521
chr10	105381625	105581625	harbor1	chr10	105387450	105387782	LTR/ERVL-MaLR	1155	+	166	105387616	5991
chr10	105381625	105581625	harbor1	chr10	105401976	105402349	LTR/ERVL-MaLR	2034	+	186	105402162	20537
chr10	105381625	105581625	harbor1	chr10	105402744	105403100	LTR/ERVL-MaLR	2110	+	178	105402922	21297
chr10	105381625	105581625	harbor1	chr10	105417789	105418136	LTR/ERVL-MaLR	2295	+	174	105417963	36338
chr10	4510517	4710517	harbor1	chr10	4541422	4541863	LTR/ERVL-MaLR	554	+	220	4541642	31125
chr10	4510517	4710517	harbor1	chr10	4582939	4583382	LTR/ERVL-MaLR	578	+	222	4583161	72644
chr10	132277624	132477624	harbor1	chr10	132298216	132298348	LTR/ERVL-MaLR	441	+	66	132298282	20658
chr10	132277624	132477624	harbor1	chr10	132298694	132299003	LTR/ERVL-MaLR	889	+	154	132298848	21224
chr10	132277624	132477624	harbor1	chr10	132299625	132299768	LTR/ERVL-MaLR	469	+	72	132299697	22073
chr10	132277624	132477624	harbor1	chr10	132325101	132325270	LTR/ERVL-MaLR	2074	+	84	132325185	47561
chr10	132277624	132477624	harbor1	chr10	132325565	132325722	LTR/ERVL-MaLR	2074	+	78	132325643	48019
chr10	132277624	132477624	harbor1	chr10	132326015	132326056	LTR/ERVL-MaLR	2074	+	20	132326035	48411
chr10	132277624	132477624	harbor1	chr10	132327070	132327419	LTR/ERVL-MaLR	2287	+	174	132327244	49620
chr10	132277624	132477624	harbor1	chr10	132371581	132371871	LTR/ERVL-MaLR	463	+	145	132371726	94102
chr10	94046067	94246067	harbor1	chr10	94054232	94054519	LTR/ERVL-MaLR	972	+	144	94054376	8309
chr10	94046067	94246067	harbor1	chr10	94118409	94118774	LTR/ERVL-MaLR	2474	+	182	94118591	72524
chr10	43997448	44197448	harbor1	chr10	44023984	44024363	LTR/ERVL-MaLR	2112	+	190	44024174	26726
chr10	43997448	44197448	harbor1	chr10	44088428	44088785	LTR/ERVL-MaLR	2245	+	178	44088606	91158
chr10	19595073	19795073	harbor1	chr10	19667408	19667836	LTR/ERVL-MaLR	2149	+	214	19667622	72549
chr10	73353531	73553531	harbor1	chr10	73398890	73399339	LTR/ERVL-MaLR	1587	+	224	73399114	45583
chr10	73353531	73553531	harbor1	chr10	73401802	73401906	LTR/ERVL-MaLR	461	+	52	73401854	48323
chr10	73353531	73553531	harbor1	chr10	73421004	73421293	LTR/ERVL-MaLR	1268	+	144	73421148	67617
chr10	18380276	18580276	harbor1	chr10	18444087	18444293	LTR/ERVL-MaLR	1210	+	103	18444190	63914
chr10	18380276	18580276	harbor1	chr10	18479517	18479889	LTR/ERVL-MaLR	1714	+	186	18479703	99427
chr10	76755875	76955875	harbor1	chr10	76774067	76774596	LTR/ERVL-MaLR	1295	+	264	76774331	18456
chr10	76755875	76955875	harbor1	chr10	76777911	76778247	LTR/ERVL-MaLR	1525	+	168	76778079	22204
chr10	76755875	76955875	harbor1	chr10	76783593	76784119	LTR/ERVL-MaLR	1302	+	263	76783856	27981
chr10	76755875	76955875	harbor1	chr10	76791337	76791670	LTR/ERVL-MaLR	1754	+	166	76791503	35628
chr10	76755875	76955875	harbor1	chr10	76795766	76796254	LTR/ERVL-MaLR	1674	+	244	76796010	40135
chr10	76755875	76955875	harbor1	chr10	76801540	76802016	LTR/ERVL-MaLR	1850	+	238	76801778	45903
chr10	76755875	76955875	harbor1	chr10	76810086	76810629	LTR/ERVL-MaLR	2649	+	272	76810358	54483
chr10	76755875	76955875	harbor1	chr10	76830988	76831403	LTR/ERVL-MaLR	2314	+	208	76831196	75321
chr10	76755875	76955875	harbor1	chr10	76839345	76839545	LTR/ERVL-MaLR	523	+	100	76839445	83570
chr10	76755875	76955875	harbor1	chr10	76839778	76840181	LTR/ERVL-MaLR	1893	+	202	76839980	84105
chr10	18818088	19018088	harbor1	chr10	18821466	18821600	LTR/ERVL-MaLR	478	+	67	18821533	3445
chr10	18818088	19018088	harbor1	chr10	18835353	18835711	LTR/ERVL-MaLR	2229	+	179	18835532	17444
chr10	18818088	19018088	harbor1	chr10	18836218	18836580	LTR/ERVL-MaLR	1432	+	181	18836399	18311
chr10	18818088	19018088	harbor1	chr10	18866598	18866965	LTR/ERVL-MaLR	2383	+	184	18866782	48694
chr10	18818088	19018088	harbor1	chr10	18892506	18892942	LTR/ERVL-MaLR	2176	+	218	18892724	74636
chr10	18818088	19018088	harbor1	chr10	18913091	18913443	LTR/ERVL-MaLR	1142	+	176	18913267	95179
chr10	54937281	55137281	harbor1	chr10	54938616	54939121	LTR/ERVL-MaLR	1346	+	252	54938868	1587
chr10	54937281	55137281	harbor1	chr10	54950279	54950644	LTR/ERVL-MaLR	2317	+	182	54950461	13180
chr10	54937281	55137281	harbor1	chr10	54965222	54965577	LTR/ERVL-MaLR	2178	+	178	54965400	28119
chr10	54937281	55137281	harbor1	chr10	54966554	54966910	LTR/ERVL-MaLR	2007	+	178	54966732	29451
chr10	54937281	55137281	harbor1	chr10	54969965	54970296	LTR/ERVL-MaLR	1376	+	166	54970131	32850
chr10	54937281	55137281	harbor1	chr10	54970298	54970524	LTR/ERVL-MaLR	584	+	113	54970411	33130
chr10	54937281	55137281	harbor1	chr10	54970790	54971158	LTR/ERVL-MaLR	1920	+	184	54970974	33693
chr10	54937281	55137281	harbor1	chr10	54971159	54971542	LTR/ERVL-MaLR	1714	+	192	54971351	34070
chr10	54937281	55137281	harbor1	chr10	54988314	54989807	LTR/ERVL-MaLR	10153	+	746	54989060	51779
chr10	54937281	55137281	harbor1	chr10	54989808	54990165	LTR/ERVL-MaLR	2125	+	178	54989986	52705
chr10	54937281	55137281	harbor1	chr10	55006633	55006884	LTR/ERVL-MaLR	1385	+	126	55006759	69478
chr10	54937281	55137281	harbor1	chr10	55006894	55007251	LTR/ERVL-MaLR	1440	+	178	55007072	69791
chr10	54937281	55137281	harbor1	chr10	55031580	55031919	LTR/ERVL-MaLR	1351	+	170	55031750	94469
chr10	54937281	55137281	harbor1	chr10	55031920	55032435	LTR/ERVL-MaLR	2212	+	258	55032178	94897
chr10	54937281	55137281	harbor1	chr10	55032571	55033792	LTR/ERVL-MaLR	3691	+	610	55033181	95900
chr10	54937281	55137281	harbor1	chr10	55035976	55036339	LTR/ERVL-MaLR	1428	+	182	55036158	98877
chr10	54937281	55137281	harbor1	chr10	55033793	55034156	LTR/ERVL-MaLR	1504	+	182	55033975	96694
chr10	37151615	37351615	harbor1	chr10	37250520	37250884	LTR/ERVL-MaLR	1709	+	182	37250702	99087
chr10	24735189	24935189	harbor1	chr10	24756234	24756742	LTR/ERVL-MaLR	1900	+	254	24756488	21299
chr10	24735189	24935189	harbor1	chr10	24760085	24760483	LTR/ERVL-MaLR	2500	+	199	24760284	25095
chr10	24735189	24935189	harbor1	chr10	24795045	24795402	LTR/ERVL-MaLR	1780	+	178	24795223	60034
chr10	89968694	90168694	harbor1	chr10	89968383	89968791	LTR/ERVL-MaLR	654	+	204	89968587	107
chr10	89968694	90168694	harbor1	chr10	89978088	89978494	LTR/ERVL-MaLR	1264	+	203	89978291	9597
chr10	89968694	90168694	harbor1	chr10	89983922	89984149	LTR/ERVL-MaLR	435	+	114	89984036	15342
chr10	89968694	90168694	harbor1	chr10	90028511	90028644	LTR/ERVL-MaLR	446	+	66	90028577	59883
chr10	89968694	90168694	harbor1	chr10	90043257	90043620	LTR/ERVL-MaLR	2672	+	182	90043439	74745
chr10	89968694	90168694	harbor1	chr10	90055483	90055869	LTR/ERVL-MaLR	1987	+	193	90055676	86982
chr10	89968694	90168694	harbor1	chr10	90057283	90057782	LTR/ERVL-MaLR	1069	+	250	90057533	88839
chr10	33743943	33943943	harbor1	chr10	33761755	33762126	LTR/ERVL-MaLR	2232	+	186	33761941	17998
chr10	93121417	93321417	harbor1	chr10	93153557	93153920	LTR/ERVL-MaLR	1880	+	182	93153739	32322
chr10	93121417	93321417	harbor1	chr10	93157591	93157950	LTR/ERVL-MaLR	2482	+	180	93157771	36354
chr10	93121417	93321417	harbor1	chr10	93158245	93158312	LTR/ERVL-MaLR	2482	+	34	93158279	36862
chr10	93121417	93321417	harbor1	chr10	93158562	93158967	LTR/ERVL-MaLR	2582	+	202	93158764	37347
chr10	93121417	93321417	harbor1	chr10	93159004	93159363	LTR/ERVL-MaLR	2424	+	180	93159184	37767
chr10	93121417	93321417	harbor1	chr10	93172324	93172666	LTR/ERVL-MaLR	1781	+	171	93172495	51078
chr10	93121417	93321417	harbor1	chr10	93195379	93195497	LTR/ERVL-MaLR	2443	+	59	93195438	74021
chr10	93121417	93321417	harbor1	chr10	93195808	93196231	LTR/ERVL-MaLR	2443	+	212	93196020	74603
chr10	93121417	93321417	harbor1	chr10	93210019	93210125	LTR/ERVL-MaLR	1571	+	53	93210072	88655
chr10	93121417	93321417	harbor1	chr10	93210424	93210796	LTR/ERVL-MaLR	1571	+	186	93210610	89193
chr10	93121417	93321417	harbor1	chr10	93220355	93220721	LTR/ERVL-MaLR	2058	+	183	93220538	99121
chr10	5390021	5590021	harbor1	chr10	5399243	5399593	LTR/ERVL-MaLR	1424	+	175	5399418	9397
chr10	5390021	5590021	harbor1	chr10	5399741	5399967	LTR/ERVL-MaLR	717	+	113	5399854	9833
chr10	5390021	5590021	harbor1	chr10	5464969	5465364	LTR/ERVL-MaLR	1966	+	198	5465167	75146
chr10	5390021	5590021	harbor1	chr10	5468159	5468663	LTR/ERVL-MaLR	1165	+	252	5468411	78390
chr10	7307930	7507930	harbor1	chr10	7322042	7322405	LTR/ERVL-MaLR	2281	+	182	7322224	14294
chr10	7307930	7507930	harbor1	chr10	7337338	7337735	LTR/ERVL-MaLR	2322	+	198	7337536	29606
chr10	7307930	7507930	harbor1	chr10	7344243	7344599	LTR/ERVL-MaLR	2295	+	178	7344421	36491
chr10	7307930	7507930	harbor1	chr10	7363050	7363354	LTR/ERVL-MaLR	2505	+	152	7363202	55272
chr10	7307930	7507930	harbor1	chr10	7363646	7363717	LTR/ERVL-MaLR	2505	+	36	7363682	55752
chr10	7307930	7507930	harbor1	chr10	7373005	7373431	LTR/ERVL-MaLR	1791	+	213	7373218	65288
chr10	102700332	102900332	harbor1	chr10	102720850	102721017	LTR/ERVL-MaLR	896	+	84	102720934	20602
chr10	50423010	50623010	harbor1	chr10	50438150	50438665	LTR/ERVL-MaLR	1269	+	258	50438408	15398
chr10	50423010	50623010	harbor1	chr10	50464199	50464443	LTR/ERVL-MaLR	1286	+	122	50464321	41311
chr10	50423010	50623010	harbor1	chr10	50464734	50464804	LTR/ERVL-MaLR	1286	+	35	50464769	41759
chr10	50423010	50623010	harbor1	chr10	50473699	50473996	LTR/ERVL-MaLR	525	+	148	50473847	50837
chr10	50423010	50623010	harbor1	chr10	50475574	50475959	LTR/ERVL-MaLR	2010	+	192	50475766	52756
chr10	50423010	50623010	harbor1	chr10	50476349	50476475	LTR/ERVL-MaLR	774	+	63	50476412	53402
chr10	50423010	50623010	harbor1	chr10	50476473	50477580	LTR/ERVL-MaLR	7670	+	554	50477027	54017
chr10	50423010	50623010	harbor1	chr10	50477581	50477969	LTR/ERVL-MaLR	2044	+	194	50477775	54765
chr10	50423010	50623010	harbor1	chr10	50514297	50514441	LTR/ERVL-MaLR	555	+	72	50514369	91359
chr10	48543230	48743230	harbor1	chr10	48550381	48550764	LTR/ERVL-MaLR	638	+	192	48550573	7343
chr10	48543230	48743230	harbor1	chr10	48553625	48553710	LTR/ERVL-MaLR	503	+	42	48553667	10437
chr10	48543230	48743230	harbor1	chr10	48559983	48560098	LTR/ERVL-MaLR	498	+	58	48560041	16811
chr10	48543230	48743230	harbor1	chr10	48574898	48575318	LTR/ERVL-MaLR	2827	+	210	48575108	31878
chr10	48543230	48743230	harbor1	chr10	48609217	48609577	LTR/ERVL-MaLR	868	+	180	48609397	66167
chr10	48543230	48743230	harbor1	chr10	48613776	48614147	LTR/ERVL-MaLR	1711	+	186	48613962	70732
chr10	48543230	48743230	harbor1	chr10	48634704	48635081	LTR/ERVL-MaLR	1702	+	188	48634892	91662
chr10	120014118	120214118	harbor1	chr10	120018140	120018505	LTR/ERVL-MaLR	2332	+	182	120018322	4204
chr10	120014118	120214118	harbor1	chr10	120028374	120028731	LTR/ERVL-MaLR	2389	+	178	120028552	14434
chr10	120014118	120214118	harbor1	chr10	120030966	120031318	LTR/ERVL-MaLR	1819	+	176	120031142	17024
chr10	120014118	120214118	harbor1	chr10	120038580	120038907	LTR/ERVL-MaLR	612	+	164	120038744	24626
chr10	120014118	120214118	harbor1	chr10	120083176	120083285	LTR/ERVL-MaLR	483	+	54	120083230	69112
chr10	120014118	120214118	harbor1	chr10	120083346	120083369	LTR/ERVL-MaLR	483	+	12	120083358	69240
chr10	120014118	120214118	harbor1	chr10	120083648	120083715	LTR/ERVL-MaLR	483	+	34	120083682	69564
chr10	120014118	120214118	harbor1	chr10	120084322	120084683	LTR/ERVL-MaLR	2359	+	180	120084502	70384
chr10	126910105	127110105	harbor1	chr10	126923735	126924046	LTR/ERVL-MaLR	1693	+	156	126923891	13786
chr10	126910105	127110105	harbor1	chr10	126928620	126928761	LTR/ERVL-MaLR	529	+	70	126928690	18585
chr10	126910105	127110105	harbor1	chr10	126926525	126926966	LTR/ERVL-MaLR	1554	+	220	126926745	16640
chr10	48615587	48815587	harbor1	chr10	48634704	48635081	LTR/ERVL-MaLR	1702	+	188	48634892	19305
chr10	48615587	48815587	harbor1	chr10	48664655	48664974	LTR/ERVL-MaLR	788	+	160	48664815	49228
chr10	48615587	48815587	harbor1	chr10	48679447	48679625	LTR/ERVL-MaLR	462	+	89	48679536	63949
chr10	48615587	48815587	harbor1	chr10	48714875	48715352	LTR/ERVL-MaLR	1701	+	238	48715113	99526
chr10	27597691	27797691	harbor1	chr10	27608796	27609250	LTR/ERVL-MaLR	1223	+	227	27609023	11332
chr10	27597691	27797691	harbor1	chr10	27612882	27613232	LTR/ERVL-MaLR	2376	+	175	27613057	15366
chr10	27597691	27797691	harbor1	chr10	27635041	27635483	LTR/ERVL-MaLR	2693	+	221	27635262	37571
chr10	27597691	27797691	harbor1	chr10	27635468	27635803	LTR/ERVL-MaLR	1555	+	168	27635636	37945
chr10	27597691	27797691	harbor1	chr10	27650783	27651187	LTR/ERVL-MaLR	2702	+	202	27650985	53294
chr10	27597691	27797691	harbor1	chr10	27690807	27691165	LTR/ERVL-MaLR	2016	+	179	27690986	93295
chr10	27597691	27797691	harbor1	chr10	27693816	27694177	LTR/ERVL-MaLR	2224	+	180	27693996	96305
chr10	114328234	114528234	harbor1	chr10	114339553	114339731	LTR/ERVL-MaLR	1835	+	89	114339642	11408
chr10	114328234	114528234	harbor1	chr10	114340026	114340048	LTR/ERVL-MaLR	1835	+	11	114340037	11803
chr10	114328234	114528234	harbor1	chr10	114340326	114340538	LTR/ERVL-MaLR	1835	+	106	114340432	12198
chr10	114328234	114528234	harbor1	chr10	114342408	114342836	LTR/ERVL-MaLR	1849	+	214	114342622	14388
chr10	114328234	114528234	harbor1	chr10	114352906	114353425	LTR/ERVL-MaLR	1534	+	260	114353166	24932
chr10	114328234	114528234	harbor1	chr10	114354619	114354909	LTR/ERVL-MaLR	558	+	145	114354764	26530
chr10	114328234	114528234	harbor1	chr10	114362243	114362700	LTR/ERVL-MaLR	1331	+	228	114362471	34237
chr10	114328234	114528234	harbor1	chr10	114418371	114418737	LTR/ERVL-MaLR	1794	+	183	114418554	90320
chr10	72521546	72721546	harbor1	chr10	72587980	72588362	LTR/ERVL-MaLR	2192	+	191	72588171	66625
chr10	27345177	27545177	harbor1	chr10	27361678	27362175	LTR/ERVL-MaLR	902	+	248	27361926	16749
chr10	27345177	27545177	harbor1	chr10	27371429	27371787	LTR/ERVL-MaLR	2024	+	179	27371608	26431
chr10	27345177	27545177	harbor1	chr10	27384715	27385058	LTR/ERVL-MaLR	2224	+	172	27384887	39710
chr10	27345177	27545177	harbor1	chr10	27386875	27387273	LTR/ERVL-MaLR	1471	+	199	27387074	41897
chr10	27345177	27545177	harbor1	chr10	27392585	27392941	LTR/ERVL-MaLR	2400	+	178	27392763	47586
chr10	27345177	27545177	harbor1	chr10	27415658	27416040	LTR/ERVL-MaLR	1857	+	191	27415849	70672
chr10	57342966	57542966	harbor1	chr10	57368425	57368850	LTR/ERVL-MaLR	441	+	212	57368637	25671
chr10	57342966	57542966	harbor1	chr10	57381151	57381377	LTR/ERVL-MaLR	1026	+	113	57381264	38298
chr10	57342966	57542966	harbor1	chr10	57402936	57403305	LTR/ERVL-MaLR	1131	+	184	57403120	60154
chr10	57342966	57542966	harbor1	chr10	57408962	57409328	LTR/ERVL-MaLR	2047	+	183	57409145	66179
chr10	57342966	57542966	harbor1	chr10	57431691	57432093	LTR/ERVL-MaLR	1664	+	201	57431892	88926
chr10	57342966	57542966	harbor1	chr10	57433239	57433674	LTR/ERVL-MaLR	2219	+	218	57433457	90491
chr10	57342966	57542966	harbor1	chr10	57360131	57360478	LTR/ERVL-MaLR	1925	+	174	57360305	17339
chr10	62567016	62767016	harbor1	chr10	62580493	62580723	LTR/ERVL-MaLR	788	+	115	62580608	13592
chr10	62567016	62767016	harbor1	chr10	62592260	62592646	LTR/ERVL-MaLR	2915	+	193	62592453	25437
chr10	62567016	62767016	harbor1	chr10	62613835	62614316	LTR/ERVL-MaLR	436	+	240	62614075	47059
chr10	62567016	62767016	harbor1	chr10	62643023	62643566	LTR/ERVL-MaLR	1632	+	272	62643295	76279
chr10	62567016	62767016	harbor1	chr10	62652678	62652966	LTR/ERVL-MaLR	832	+	144	62652822	85806
chr10	62567016	62767016	harbor1	chr10	62666285	62666738	LTR/ERVL-MaLR	1647	+	226	62666511	99495
chr10	7695061	7895061	harbor1	chr10	7696100	7696571	LTR/ERVL-MaLR	625	+	236	7696336	1275
chr10	7695061	7895061	harbor1	chr10	7756371	7756554	LTR/ERVL-MaLR	459	+	92	7756463	61402
chr10	7695061	7895061	harbor1	chr10	7772830	7773332	LTR/ERVL-MaLR	1601	+	251	7773081	78020
chr10	7695061	7895061	harbor1	chr10	7775102	7775471	LTR/ERVL-MaLR	766	+	184	7775286	80225
chr10	7695061	7895061	harbor1	chr10	7786444	7786823	LTR/ERVL-MaLR	1447	+	190	7786634	91573
chr10	73603002	73803002	harbor1	chr10	73693237	73693415	LTR/ERVL-MaLR	1888	+	89	73693326	90324
chr10	73603002	73803002	harbor1	chr10	73693716	73693936	LTR/ERVL-MaLR	1888	+	110	73693826	90824
chr10	127331303	127531303	harbor1	chr10	127374552	127374994	LTR/ERVL-MaLR	1069	+	221	127374773	43470
chr10	127331303	127531303	harbor1	chr10	127389557	127389733	LTR/ERVL-MaLR	1674	+	88	127389645	58342
chr10	127331303	127531303	harbor1	chr10	127390026	127390226	LTR/ERVL-MaLR	1674	+	100	127390126	58823
chr10	127331303	127531303	harbor1	chr10	127390370	127390758	LTR/ERVL-MaLR	2338	+	194	127390564	59261
chr10	28676298	28876298	harbor1	chr10	28691344	28691542	LTR/ERVL-MaLR	1103	+	99	28691443	15145
chr10	28676298	28876298	harbor1	chr10	28691760	28691978	LTR/ERVL-MaLR	1086	+	109	28691869	15571
chr10	28676298	28876298	harbor1	chr10	28712655	28713006	LTR/ERVL-MaLR	1802	+	176	28712831	36533
chr10	28676298	28876298	harbor1	chr10	28716706	28717069	LTR/ERVL-MaLR	1661	+	182	28716888	40590
chr10	28676298	28876298	harbor1	chr10	28727366	28727723	LTR/ERVL-MaLR	2269	+	178	28727544	51246
chr10	28676298	28876298	harbor1	chr10	28773296	28773659	LTR/ERVL-MaLR	2671	+	182	28773478	97180
chr10	28676298	28876298	harbor1	chr10	28774769	28775152	LTR/ERVL-MaLR	1915	+	192	28774961	98663
chr10	37525092	37725092	harbor1	chr10	37573884	37574547	LTR/ERVL-MaLR	2523	+	332	37574216	49124
chr10	37525092	37725092	harbor1	chr10	37574548	37574872	LTR/ERVL-MaLR	1183	+	162	37574710	49618
chr10	37525092	37725092	harbor1	chr10	37591945	37592460	LTR/ERVL-MaLR	1717	+	258	37592203	67111
chr10	37525092	37725092	harbor1	chr10	37595642	37596057	LTR/ERVL-MaLR	1905	+	208	37595850	70758
chr10	37525092	37725092	harbor1	chr10	37609519	37609822	LTR/ERVL-MaLR	1028	+	152	37609671	84579
chr10	37525092	37725092	harbor1	chr10	37620430	37620803	LTR/ERVL-MaLR	1824	+	186	37620616	95524
chr10	73401935	73601935	harbor1	chr10	73421004	73421293	LTR/ERVL-MaLR	1268	+	144	73421148	19213
chr10	73401935	73601935	harbor1	chr10	73460631	73461170	LTR/ERVL-MaLR	2763	+	270	73460901	58966
chr10	73401935	73601935	harbor1	chr10	73461467	73461782	LTR/ERVL-MaLR	2763	+	158	73461625	59690
chr10	73401935	73601935	harbor1	chr10	73461783	73462139	LTR/ERVL-MaLR	2165	+	178	73461961	60026
chr10	47883300	48083300	harbor1	chr10	47913310	47913658	LTR/ERVL-MaLR	1988	+	174	47913484	30184
chr10	47883300	48083300	harbor1	chr10	47931795	47932293	LTR/ERVL-MaLR	2347	+	249	47932044	48744
chr10	47883300	48083300	harbor1	chr10	47932522	47932691	LTR/ERVL-MaLR	1444	+	84	47932606	49306
chr10	47883300	48083300	harbor1	chr10	47932760	47932948	LTR/ERVL-MaLR	1444	+	94	47932854	49554
chr10	47883300	48083300	harbor1	chr10	47944480	47944838	LTR/ERVL-MaLR	2620	+	179	47944659	61359
chr10	47883300	48083300	harbor1	chr10	47947358	47947433	LTR/ERVL-MaLR	537	+	38	47947396	64096
chr10	47883300	48083300	harbor1	chr10	47947471	47947822	LTR/ERVL-MaLR	1790	+	176	47947647	64347
chr10	47883300	48083300	harbor1	chr10	47954987	47955345	LTR/ERVL-MaLR	2225	+	179	47955166	71866
chr10	47883300	48083300	harbor1	chr10	47959743	47960172	LTR/ERVL-MaLR	697	+	214	47959957	76657
chr10	47883300	48083300	harbor1	chr10	47979407	47980012	LTR/ERVL-MaLR	2239	+	302	47979709	96409
chr10	47883300	48083300	harbor1	chr10	47890403	47890773	LTR/ERVL-MaLR	1709	+	185	47890588	7288
chr10	751017	951017	harbor1	chr10	769702	770031	LTR/ERVL-MaLR	1549	+	164	769866	18849
chr10	751017	951017	harbor1	chr10	781747	782115	LTR/ERVL-MaLR	2734	+	184	781931	30914
chr10	751017	951017	harbor1	chr10	796040	796402	LTR/ERVL-MaLR	2563	+	181	796221	45204
chr10	751017	951017	harbor1	chr10	796403	797317	LTR/ERVL-MaLR	3318	+	457	796860	45843
chr10	125302923	125502923	harbor1	chr10	125306577	125306960	LTR/ERVL-MaLR	2278	+	192	125306769	3846
chr10	125302923	125502923	harbor1	chr10	125317982	125318163	LTR/ERVL-MaLR	839	+	90	125318072	15149
chr10	125302923	125502923	harbor1	chr10	125326464	125326922	LTR/ERVL-MaLR	821	+	229	125326693	23770
chr10	125302923	125502923	harbor1	chr10	125328046	125328411	LTR/ERVL-MaLR	2229	+	182	125328228	25305
chr10	122205118	122405118	harbor1	chr10	122206322	122206652	LTR/ERVL-MaLR	1124	+	165	122206487	1369
chr10	122205118	122405118	harbor1	chr10	122305021	122305149	LTR/ERVL-MaLR	1840	+	64	122305085	99967
chr10	86924104	87124104	harbor1	chr10	86981078	86981384	LTR/ERVL-MaLR	1875	+	153	86981231	57127
chr10	132866766	133066766	harbor1	chr10	132876388	132876560	LTR/ERVL-MaLR	488	+	86	132876474	9708
chr10	132866766	133066766	harbor1	chr10	132895712	132895924	LTR/ERVL-MaLR	921	+	106	132895818	29052
chr10	132866766	133066766	harbor1	chr10	132896297	132896469	LTR/ERVL-MaLR	540	+	86	132896383	29617
chr10	132866766	133066766	harbor1	chr10	132907659	132907998	LTR/ERVL-MaLR	1091	+	170	132907829	41063
chr10	132866766	133066766	harbor1	chr10	132921581	132921872	LTR/ERVL-MaLR	1032	+	146	132921727	54961
chr10	132866766	133066766	harbor1	chr10	132933808	132934101	LTR/ERVL-MaLR	495	+	146	132933954	67188
chr10	113263436	113463436	harbor1	chr10	113263054	113263481	LTR/ERVL-MaLR	2140	+	214	113263268	168
chr10	113263436	113463436	harbor1	chr10	113268906	113269321	LTR/ERVL-MaLR	974	+	208	113269114	5678
chr10	113263436	113463436	harbor1	chr10	113275845	113276000	LTR/ERVL-MaLR	550	+	78	113275923	12487
chr10	113263436	113463436	harbor1	chr10	113276542	113276721	LTR/ERVL-MaLR	550	+	90	113276632	13196
chr10	113263436	113463436	harbor1	chr10	113276765	113277128	LTR/ERVL-MaLR	2711	+	182	113276947	13511
chr10	113263436	113463436	harbor1	chr10	113305797	113306234	LTR/ERVL-MaLR	1044	+	218	113306015	42579
chr10	113263436	113463436	harbor1	chr10	113313885	113314423	LTR/ERVL-MaLR	1798	+	269	113314154	50718
chr10	113263436	113463436	harbor1	chr10	113323295	113323947	LTR/ERVL-MaLR	1326	+	326	113323621	60185
chr10	113263436	113463436	harbor1	chr10	113324356	113324646	LTR/ERVL-MaLR	1326	+	145	113324501	61065
chr10	113263436	113463436	harbor1	chr10	113333204	113333692	LTR/ERVL-MaLR	1647	+	244	113333448	70012
chr10	113263436	113463436	harbor1	chr10	113343490	113343978	LTR/ERVL-MaLR	2223	+	244	113343734	80298
chr10	113263436	113463436	harbor1	chr10	113353247	113353422	LTR/ERVL-MaLR	639	+	88	113353335	89899
chr10	113263436	113463436	harbor1	chr10	113353487	113353799	LTR/ERVL-MaLR	1919	+	156	113353643	90207
chr10	105525507	105725507	harbor1	chr10	105525190	105525697	LTR/ERVL-MaLR	1446	+	254	105525444	63
chr10	105525507	105725507	harbor1	chr10	105532864	105533312	LTR/ERVL-MaLR	1624	+	224	105533088	7581
chr10	105525507	105725507	harbor1	chr10	105547691	105548073	LTR/ERVL-MaLR	2269	+	191	105547882	22375
chr10	105525507	105725507	harbor1	chr10	105573923	105574282	LTR/ERVL-MaLR	2269	+	180	105574103	48596
chr10	105525507	105725507	harbor1	chr10	105614104	105614524	LTR/ERVL-MaLR	1620	+	210	105614314	88807
chr10	105525507	105725507	harbor1	chr10	105617044	105617533	LTR/ERVL-MaLR	1243	+	244	105617288	91781
chr10	127801242	128001242	harbor1	chr10	127809150	127809545	LTR/ERVL-MaLR	1957	+	198	127809348	8106
chr10	127801242	128001242	harbor1	chr10	127817506	127817903	LTR/ERVL-MaLR	893	+	198	127817704	16462
chr10	127801242	128001242	harbor1	chr10	127818089	127818440	LTR/ERVL-MaLR	1920	+	176	127818265	17023
chr10	127801242	128001242	harbor1	chr10	127831773	127832138	LTR/ERVL-MaLR	1804	+	182	127831955	30713
chr10	127801242	128001242	harbor1	chr10	127842793	127843150	LTR/ERVL-MaLR	2102	+	178	127842971	41729
chr10	127801242	128001242	harbor1	chr10	127861008	127861355	LTR/ERVL-MaLR	1452	+	174	127861182	59940
chr10	127801242	128001242	harbor1	chr10	127881499	127881974	LTR/ERVL-MaLR	578	+	238	127881737	80495
chr10	127100103	127300103	harbor1	chr10	127104935	127105298	LTR/ERVL-MaLR	2540	+	182	127105117	5014
chr10	75996392	76196392	harbor1	chr10	76016964	76017487	LTR/ERVL-MaLR	1547	+	262	76017226	20834
chr10	75996392	76196392	harbor1	chr10	76065696	76065934	LTR/ERVL-MaLR	443	+	119	76065815	69423
chr10	75996392	76196392	harbor1	chr10	76075139	76075536	LTR/ERVL-MaLR	1852	+	198	76075337	78945
chr10	84880834	85080834	harbor1	chr10	84893139	84893514	LTR/ERVL-MaLR	2613	+	188	84893327	12493
chr10	84880834	85080834	harbor1	chr10	84911634	84911990	LTR/ERVL-MaLR	2217	+	178	84911812	30978
chr10	84880834	85080834	harbor1	chr10	84942481	84942990	LTR/ERVL-MaLR	1511	+	254	84942735	61901
chr10	120030496	120230496	harbor1	chr10	120030966	120031318	LTR/ERVL-MaLR	1819	+	176	120031142	646
chr10	120030496	120230496	harbor1	chr10	120038580	120038907	LTR/ERVL-MaLR	612	+	164	120038744	8248
chr10	120030496	120230496	harbor1	chr10	120083176	120083285	LTR/ERVL-MaLR	483	+	54	120083230	52734
chr10	120030496	120230496	harbor1	chr10	120083346	120083369	LTR/ERVL-MaLR	483	+	12	120083358	52862
chr10	120030496	120230496	harbor1	chr10	120083648	120083715	LTR/ERVL-MaLR	483	+	34	120083682	53186
chr10	120030496	120230496	harbor1	chr10	120084322	120084683	LTR/ERVL-MaLR	2359	+	180	120084502	54006
chr10	120030496	120230496	harbor1	chr10	120121466	120121617	LTR/ERVL-MaLR	1475	+	76	120121542	91046
chr10	120030496	120230496	harbor1	chr10	120121922	120122344	LTR/ERVL-MaLR	1475	+	211	120122133	91637
chr10	63036774	63236774	harbor1	chr10	63120349	63120578	LTR/ERVL-MaLR	922	+	114	63120463	83689
chr10	63036774	63236774	harbor1	chr10	63121525	63121663	LTR/ERVL-MaLR	957	+	69	63121594	84820
chr10	63036774	63236774	harbor1	chr10	63129827	63130198	LTR/ERVL-MaLR	1486	+	186	63130013	93239
chr10	63036774	63236774	harbor1	chr10	63130495	63130600	LTR/ERVL-MaLR	1486	+	52	63130547	93773
chr10	99362546	99562546	harbor1	chr10	99422041	99422397	LTR/ERVL-MaLR	1789	+	178	99422219	59673
chr10	99362546	99562546	harbor1	chr10	99461020	99461367	LTR/ERVL-MaLR	1620	+	174	99461194	98648
chr10	126713630	126913630	harbor1	chr10	126715565	126715634	LTR/ERVL-MaLR	501	+	34	126715599	1969
chr10	126713630	126913630	harbor1	chr10	126716311	126716465	LTR/ERVL-MaLR	501	+	77	126716388	2758
chr10	126713630	126913630	harbor1	chr10	126717433	126717926	LTR/ERVL-MaLR	1796	+	246	126717679	4049
chr10	126713630	126913630	harbor1	chr10	126728325	126728704	LTR/ERVL-MaLR	1651	+	190	126728515	14885
chr10	126713630	126913630	harbor1	chr10	126728710	126729206	LTR/ERVL-MaLR	1828	+	248	126728958	15328
chr10	126713630	126913630	harbor1	chr10	126729394	126729830	LTR/ERVL-MaLR	914	+	218	126729612	15982
chr10	126713630	126913630	harbor1	chr10	126758688	126759082	LTR/ERVL-MaLR	737	+	197	126758885	45255
chr10	126713630	126913630	harbor1	chr10	126770855	126771253	LTR/ERVL-MaLR	2320	+	199	126771054	57424
chr10	126713630	126913630	harbor1	chr10	126774791	126775057	LTR/ERVL-MaLR	483	+	133	126774924	61294
chr10	126713630	126913630	harbor1	chr10	126780622	126780988	LTR/ERVL-MaLR	2609	+	183	126780805	67175
chr10	126713630	126913630	harbor1	chr10	126810191	126810545	LTR/ERVL-MaLR	2620	+	177	126810368	96738
chr10	91474620	91674620	harbor1	chr10	91540613	91541271	LTR/ERVL-MaLR	1943	+	329	91540942	66322
chr10	91474620	91674620	harbor1	chr10	91547700	91547899	LTR/ERVL-MaLR	526	+	100	91547800	73180
chr10	91474620	91674620	harbor1	chr10	91570191	91570595	LTR/ERVL-MaLR	2621	+	202	91570393	95773
chr10	91474620	91674620	harbor1	chr10	91570596	91570810	LTR/ERVL-MaLR	1873	+	107	91570703	96083
chr10	91474620	91674620	harbor1	chr10	91571930	91572046	LTR/ERVL-MaLR	451	+	58	91571988	97368
chr10	91474620	91674620	harbor1	chr10	91570064	91570190	LTR/ERVL-MaLR	1873	+	63	91570127	95507
chr10	62294258	62494258	harbor1	chr10	62299812	62300002	LTR/ERVL-MaLR	512	+	95	62299907	5649
chr10	62294258	62494258	harbor1	chr10	62301112	62301480	LTR/ERVL-MaLR	2619	+	184	62301296	7038
chr10	62294258	62494258	harbor1	chr10	62306174	62306519	LTR/ERVL-MaLR	1407	+	172	62306346	12088
chr10	62294258	62494258	harbor1	chr10	62309699	62310055	LTR/ERVL-MaLR	1771	+	178	62309877	15619
chr10	62294258	62494258	harbor1	chr10	62330241	62330617	LTR/ERVL-MaLR	1680	+	188	62330429	36171
chr10	62294258	62494258	harbor1	chr10	62361417	62361768	LTR/ERVL-MaLR	1871	+	176	62361593	67335
chr10	62294258	62494258	harbor1	chr10	62367161	62367538	LTR/ERVL-MaLR	1861	+	188	62367349	73091
chr10	124872982	125072982	harbor1	chr10	124952124	124952586	LTR/ERVL-MaLR	1624	+	231	124952355	79373
chr10	25852535	26052535	harbor1	chr10	25871053	25871412	LTR/ERVL-MaLR	2140	+	180	25871233	18698
chr10	25852535	26052535	harbor1	chr10	25880737	25881102	LTR/ERVL-MaLR	2166	+	182	25880919	28384
chr10	25852535	26052535	harbor1	chr10	25904870	25905230	LTR/ERVL-MaLR	2012	+	180	25905050	52515
chr10	25852535	26052535	harbor1	chr10	25905899	25906283	LTR/ERVL-MaLR	2203	+	192	25906091	53556
chr10	25852535	26052535	harbor1	chr10	25909077	25909445	LTR/ERVL-MaLR	2570	+	184	25909261	56726
chr10	25852535	26052535	harbor1	chr10	25909446	25911016	LTR/ERVL-MaLR	10029	+	785	25910231	57696
chr10	25852535	26052535	harbor1	chr10	25911017	25911376	LTR/ERVL-MaLR	2502	+	180	25911197	58662
chr10	72584277	72784277	harbor1	chr10	72587980	72588362	LTR/ERVL-MaLR	2192	+	191	72588171	3894
chr10	72584277	72784277	harbor1	chr10	72622269	72622600	LTR/ERVL-MaLR	1098	+	166	72622435	38158
chr10	72584277	72784277	harbor1	chr10	72650234	72650402	LTR/ERVL-MaLR	868	+	84	72650318	66041
chr10	72584277	72784277	harbor1	chr10	72651721	72651940	LTR/ERVL-MaLR	966	+	110	72651831	67554
chr10	46154905	46354905	harbor1	chr10	46180369	46180716	LTR/ERVL-MaLR	1164	+	174	46180543	25638
chr10	46154905	46354905	harbor1	chr10	46220643	46220997	LTR/ERVL-MaLR	1487	+	177	46220820	65915
chr10	46154905	46354905	harbor1	chr10	46235167	46235440	LTR/ERVL-MaLR	573	+	136	46235303	80398
chr10	58326758	58526758	harbor1	chr10	58330855	58331331	LTR/ERVL-MaLR	1979	+	238	58331093	4335
chr10	37665276	37865276	harbor1	chr10	37708115	37708595	LTR/ERVL-MaLR	1575	+	240	37708355	43079
chr10	37665276	37865276	harbor1	chr10	37736947	37737201	LTR/ERVL-MaLR	1803	+	127	37737074	71798
chr10	37665276	37865276	harbor1	chr10	37738715	37738824	LTR/ERVL-MaLR	1803	+	54	37738769	73493
chr10	37665276	37865276	harbor1	chr10	37749006	37749158	LTR/ERVL-MaLR	659	+	76	37749082	83806
chr10	37665276	37865276	harbor1	chr10	37748595	37748758	LTR/ERVL-MaLR	712	+	82	37748677	83401
chr11	67285670	67485670	harbor1	chr11	67328211	67328232	LTR/ERVL-MaLR	1239	+	10	67328221	42551
chr11	67285670	67485670	harbor1	chr11	67328533	67328826	LTR/ERVL-MaLR	1239	+	146	67328679	43009
chr11	67285670	67485670	harbor1	chr11	67329504	67329521	LTR/ERVL-MaLR	1239	+	8	67329512	43842
chr11	75213457	75413457	harbor1	chr11	75217178	75217590	LTR/ERVL-MaLR	1720	+	206	75217384	3927
chr11	75213457	75413457	harbor1	chr11	75233384	75233714	LTR/ERVL-MaLR	671	+	165	75233549	20092
chr11	75213457	75413457	harbor1	chr11	75282274	75282735	LTR/ERVL-MaLR	1923	+	230	75282504	69047
chr11	75213457	75413457	harbor1	chr11	75294681	75294874	LTR/ERVL-MaLR	987	+	96	75294777	81320
chr11	75213457	75413457	harbor1	chr11	75295708	75295889	LTR/ERVL-MaLR	987	+	90	75295798	82341
chr11	75213457	75413457	harbor1	chr11	75312521	75313001	LTR/ERVL-MaLR	2305	+	240	75312761	99304
chr11	14344595	14544595	harbor1	chr11	14350203	14350601	LTR/ERVL-MaLR	2485	+	199	14350402	5807
chr11	14344595	14544595	harbor1	chr11	14359978	14360165	LTR/ERVL-MaLR	731	+	94	14360072	15477
chr11	14344595	14544595	harbor1	chr11	14360218	14360391	LTR/ERVL-MaLR	524	+	86	14360304	15709
chr11	14344595	14544595	harbor1	chr11	14365400	14365526	LTR/ERVL-MaLR	1461	+	63	14365463	20868
chr11	14344595	14544595	harbor1	chr11	14366007	14366207	LTR/ERVL-MaLR	1461	+	100	14366107	21512
chr11	14344595	14544595	harbor1	chr11	14378281	14378614	LTR/ERVL-MaLR	685	+	166	14378447	33852
chr11	14344595	14544595	harbor1	chr11	14386066	14386429	LTR/ERVL-MaLR	2352	+	182	14386248	41653
chr11	14344595	14544595	harbor1	chr11	14408033	14408327	LTR/ERVL-MaLR	804	+	147	14408180	63585
chr11	14344595	14544595	harbor1	chr11	14408759	14408926	LTR/ERVL-MaLR	804	+	84	14408843	64248
chr11	14344595	14544595	harbor1	chr11	14412436	14412598	LTR/ERVL-MaLR	556	+	81	14412517	67922
chr11	14344595	14544595	harbor1	chr11	14417367	14417996	LTR/ERVL-MaLR	495	+	314	14417681	73086
chr11	125420387	125620387	harbor1	chr11	125479522	125479878	LTR/ERVL-MaLR	1824	+	178	125479700	59313
chr11	125420387	125620387	harbor1	chr11	125499671	125499815	LTR/ERVL-MaLR	667	+	72	125499743	79356
chr11	125420387	125620387	harbor1	chr11	125500121	125500370	LTR/ERVL-MaLR	919	+	124	125500245	79858
chr11	125420387	125620387	harbor1	chr11	125500372	125500869	LTR/ERVL-MaLR	2723	+	248	125500620	80233
chr11	125420387	125620387	harbor1	chr11	125500906	125501259	LTR/ERVL-MaLR	2010	+	176	125501082	80695
chr11	125420387	125620387	harbor1	chr11	125501971	125502056	LTR/ERVL-MaLR	2010	+	42	125502013	81626
chr11	125420387	125620387	harbor1	chr11	125502058	125502217	LTR/ERVL-MaLR	636	+	80	125502138	81751
chr11	125420387	125620387	harbor1	chr11	125501395	125501657	LTR/ERVL-MaLR	2010	+	131	125501526	81139
chr11	8731299	8931299	harbor1	chr11	8735025	8735510	LTR/ERVL-MaLR	979	+	242	8735267	3968
chr11	8731299	8931299	harbor1	chr11	8741546	8741889	LTR/ERVL-MaLR	1381	+	172	8741718	10419
chr11	8731299	8931299	harbor1	chr11	8742200	8742370	LTR/ERVL-MaLR	1381	+	85	8742285	10986
chr11	8731299	8931299	harbor1	chr11	8742430	8742782	LTR/ERVL-MaLR	2469	+	176	8742606	11307
chr11	8731299	8931299	harbor1	chr11	8743086	8743267	LTR/ERVL-MaLR	2469	+	90	8743176	11877
chr11	8731299	8931299	harbor1	chr11	8743561	8743742	LTR/ERVL-MaLR	2469	+	90	8743651	12352
chr11	8731299	8931299	harbor1	chr11	8744049	8744132	LTR/ERVL-MaLR	2469	+	42	8744091	12792
chr11	8731299	8931299	harbor1	chr11	8744434	8744924	LTR/ERVL-MaLR	2469	+	245	8744679	13380
chr11	8731299	8931299	harbor1	chr11	8745357	8745487	LTR/ERVL-MaLR	445	+	65	8745422	14123
chr11	8731299	8931299	harbor1	chr11	8745497	8746047	LTR/ERVL-MaLR	2124	+	275	8745772	14473
chr11	8731299	8931299	harbor1	chr11	8823439	8823800	LTR/ERVL-MaLR	2165	+	180	8823619	92320
chr11	82927284	83127284	harbor1	chr11	82958384	82958733	LTR/ERVL-MaLR	1282	+	174	82958558	31274
chr11	82927284	83127284	harbor1	chr11	83026273	83026683	LTR/ERVL-MaLR	2462	+	205	83026478	99194
chr11	31370717	31570717	harbor1	chr11	31375947	31376319	LTR/ERVL-MaLR	2033	+	186	31376133	5416
chr11	31370717	31570717	harbor1	chr11	31392591	31392709	LTR/ERVL-MaLR	1131	+	59	31392650	21933
chr11	31370717	31570717	harbor1	chr11	31392949	31393112	LTR/ERVL-MaLR	1131	+	82	31393031	22314
chr11	31370717	31570717	harbor1	chr11	31393392	31393786	LTR/ERVL-MaLR	1635	+	197	31393589	22872
chr11	40312057	40512057	harbor1	chr11	40336185	40336615	LTR/ERVL-MaLR	768	+	215	40336400	24343
chr11	40312057	40512057	harbor1	chr11	40372000	40372277	LTR/ERVL-MaLR	595	+	138	40372138	60081
chr11	40312057	40512057	harbor1	chr11	40372638	40372773	LTR/ERVL-MaLR	391	+	68	40372706	60649
chr11	40312057	40512057	harbor1	chr11	40373556	40373979	LTR/ERVL-MaLR	2044	+	212	40373768	61711
chr11	40312057	40512057	harbor1	chr11	40403993	40404380	LTR/ERVL-MaLR	561	+	194	40404187	92130
chr11	7599749	7799749	harbor1	chr11	7679099	7679183	LTR/ERVL-MaLR	416	+	42	7679141	79392
chr11	7599749	7799749	harbor1	chr11	7679372	7679740	LTR/ERVL-MaLR	2188	+	184	7679556	79807
chr11	7599749	7799749	harbor1	chr11	7680406	7680819	LTR/ERVL-MaLR	2112	+	206	7680612	80863
chr11	30093976	30293976	harbor1	chr11	30108353	30108822	LTR/ERVL-MaLR	1226	+	234	30108587	14611
chr11	30093976	30293976	harbor1	chr11	30114184	30114672	LTR/ERVL-MaLR	747	+	244	30114428	20452
chr11	30093976	30293976	harbor1	chr11	30136895	30137912	LTR/ERVL-MaLR	1878	+	508	30137403	43427
chr11	30093976	30293976	harbor1	chr11	30138202	30138418	LTR/ERVL-MaLR	1178	+	108	30138310	44334
chr11	30093976	30293976	harbor1	chr11	30186684	30186887	LTR/ERVL-MaLR	449	+	102	30186786	92810
chr11	30093976	30293976	harbor1	chr11	30186906	30187042	LTR/ERVL-MaLR	439	+	68	30186974	92998
chr11	46536539	46736539	harbor1	chr11	46558025	46558253	LTR/ERVL-MaLR	754	+	114	46558139	21600
chr11	21489651	21689651	harbor1	chr11	21520179	21520339	LTR/ERVL-MaLR	477	+	80	21520259	30608
chr11	21489651	21689651	harbor1	chr11	21546411	21546771	LTR/ERVL-MaLR	2435	+	180	21546591	56940
chr11	21489651	21689651	harbor1	chr11	21528258	21528690	LTR/ERVL-MaLR	1634	+	216	21528474	38823
chr11	112863382	113063382	harbor1	chr11	112867762	112868160	LTR/ERVL-MaLR	704	+	199	112867961	4579
chr11	112863382	113063382	harbor1	chr11	112879173	112879611	LTR/ERVL-MaLR	1737	+	219	112879392	16010
chr11	112863382	113063382	harbor1	chr11	112890812	112891150	LTR/ERVL-MaLR	481	+	169	112890981	27599
chr11	112863382	113063382	harbor1	chr11	112898357	112898906	LTR/ERVL-MaLR	1950	+	274	112898631	35249
chr11	112863382	113063382	harbor1	chr11	112906142	112906541	LTR/ERVL-MaLR	2012	+	200	112906342	42960
chr11	112863382	113063382	harbor1	chr11	112915290	112915649	LTR/ERVL-MaLR	1871	+	180	112915470	52088
chr11	112863382	113063382	harbor1	chr11	112919303	112919892	LTR/ERVL-MaLR	2448	+	294	112919597	56215
chr11	112863382	113063382	harbor1	chr11	112945703	112945995	LTR/ERVL-MaLR	791	+	146	112945849	82467
chr11	93458650	93658650	harbor1	chr11	93503087	93503125	LTR/ERVL-MaLR	1307	+	19	93503106	44456
chr11	93458650	93658650	harbor1	chr11	93530906	93531006	LTR/ERVL-MaLR	414	+	50	93530956	72306
chr11	93458650	93658650	harbor1	chr11	93531601	93531614	LTR/ERVL-MaLR	414	+	6	93531607	72957
chr11	93458650	93658650	harbor1	chr11	93532644	93532860	LTR/ERVL-MaLR	585	+	108	93532752	74102
chr11	93458650	93658650	harbor1	chr11	93545705	93546123	LTR/ERVL-MaLR	776	+	209	93545914	87264
chr11	93458650	93658650	harbor1	chr11	93503482	93503897	LTR/ERVL-MaLR	1307	+	208	93503690	45040
chr11	95474112	95674112	harbor1	chr11	95488448	95488837	LTR/ERVL-MaLR	1497	+	194	95488642	14530
chr11	95474112	95674112	harbor1	chr11	95531050	95531476	LTR/ERVL-MaLR	2374	+	213	95531263	57151
chr11	95474112	95674112	harbor1	chr11	95550923	95551282	LTR/ERVL-MaLR	1808	+	180	95551103	76991
chr11	95474112	95674112	harbor1	chr11	95560381	95560807	LTR/ERVL-MaLR	2140	+	213	95560594	86482
chr11	102350638	102550638	harbor1	chr11	102379629	102379990	LTR/ERVL-MaLR	1909	+	180	102379809	29171
chr11	102350638	102550638	harbor1	chr11	102400581	102400889	LTR/ERVL-MaLR	792	+	154	102400735	50097
chr11	102350638	102550638	harbor1	chr11	102403618	102404064	LTR/ERVL-MaLR	3017	+	223	102403841	53203
chr11	102350638	102550638	harbor1	chr11	102407446	102407906	LTR/ERVL-MaLR	2550	+	230	102407676	57038
chr11	102350638	102550638	harbor1	chr11	102423212	102423688	LTR/ERVL-MaLR	1794	+	238	102423450	72812
chr11	102350638	102550638	harbor1	chr11	102431731	102432078	LTR/ERVL-MaLR	2146	+	174	102431905	81267
chr11	102350638	102550638	harbor1	chr11	102433667	102434019	LTR/ERVL-MaLR	2243	+	176	102433843	83205
chr11	102350638	102550638	harbor1	chr11	102450238	102450387	LTR/ERVL-MaLR	545	+	74	102450312	99674
chr11	102350638	102550638	harbor1	chr11	102432082	102433664	LTR/ERVL-MaLR	11020	+	791	102432873	82235
chr11	11241036	11441036	harbor1	chr11	11241465	11241978	LTR/ERVL-MaLR	1943	+	256	11241721	685
chr11	11241036	11441036	harbor1	chr11	11267874	11268287	LTR/ERVL-MaLR	1647	+	206	11268080	27044
chr11	11241036	11441036	harbor1	chr11	11269947	11270387	LTR/ERVL-MaLR	1674	+	220	11270167	29131
chr11	11241036	11441036	harbor1	chr11	11278993	11279306	LTR/ERVL-MaLR	1189	+	156	11279149	38113
chr11	11241036	11441036	harbor1	chr11	11305005	11305293	LTR/ERVL-MaLR	388	+	144	11305149	64113
chr11	11241036	11441036	harbor1	chr11	11306732	11307217	LTR/ERVL-MaLR	1212	+	242	11306974	65938
chr11	11241036	11441036	harbor1	chr11	11308973	11309317	LTR/ERVL-MaLR	1616	+	172	11309145	68109
chr11	11241036	11441036	harbor1	chr11	11318202	11318621	LTR/ERVL-MaLR	2230	+	210	11318412	77376
chr11	11241036	11441036	harbor1	chr11	11319441	11319533	LTR/ERVL-MaLR	418	+	46	11319487	78451
chr11	11241036	11441036	harbor1	chr11	11323945	11324225	LTR/ERVL-MaLR	1236	+	140	11324085	83049
chr11	11241036	11441036	harbor1	chr11	11335523	11336007	LTR/ERVL-MaLR	1331	+	242	11335765	94729
chr11	11241036	11441036	harbor1	chr11	11304740	11304969	LTR/ERVL-MaLR	513	+	114	11304854	63818
chr11	99627574	99827574	harbor1	chr11	99658937	99659221	LTR/ERVL-MaLR	453	+	142	99659079	31505
chr11	99627574	99827574	harbor1	chr11	99663535	99663884	LTR/ERVL-MaLR	1687	+	174	99663709	36135
chr11	20530905	20730905	harbor1	chr11	20561947	20562463	LTR/ERVL-MaLR	1521	+	258	20562205	31300
chr11	20530905	20730905	harbor1	chr11	20564444	20564587	LTR/ERVL-MaLR	386	+	72	20564516	33611
chr11	20530905	20730905	harbor1	chr11	20581725	20581891	LTR/ERVL-MaLR	540	+	83	20581808	50903
chr11	20530905	20730905	harbor1	chr11	20582413	20582496	LTR/ERVL-MaLR	1097	+	42	20582455	51550
chr11	20530905	20730905	harbor1	chr11	20582778	20583056	LTR/ERVL-MaLR	1097	+	139	20582917	52012
chr11	96663549	96863549	harbor1	chr11	96685084	96685199	LTR/ERVL-MaLR	384	+	58	96685142	21593
chr11	96663549	96863549	harbor1	chr11	96711178	96711546	LTR/ERVL-MaLR	1933	+	184	96711362	47813
chr11	96663549	96863549	harbor1	chr11	96760808	96761132	LTR/ERVL-MaLR	1145	+	162	96760970	97421
chr11	122497329	122697329	harbor1	chr11	122500239	122500517	LTR/ERVL-MaLR	431	+	139	122500378	3049
chr11	122497329	122697329	harbor1	chr11	122534848	122535256	LTR/ERVL-MaLR	2557	+	204	122535052	37723
chr11	122497329	122697329	harbor1	chr11	122536863	122537276	LTR/ERVL-MaLR	2514	+	206	122537069	39740
chr11	122497329	122697329	harbor1	chr11	122583701	122584051	LTR/ERVL-MaLR	2326	+	175	122583876	86547
chr11	122497329	122697329	harbor1	chr11	122594480	122594635	LTR/ERVL-MaLR	1669	+	78	122594558	97229
chr11	122497329	122697329	harbor1	chr11	122594939	122595141	LTR/ERVL-MaLR	1669	+	101	122595040	97711
chr11	122497329	122697329	harbor1	chr11	122535257	122536859	LTR/ERVL-MaLR	9532	+	801	122536058	38729
chr11	39682468	39882468	harbor1	chr11	39683969	39684382	LTR/ERVL-MaLR	1687	+	206	39684175	1707
chr11	39682468	39882468	harbor1	chr11	39709828	39710265	LTR/ERVL-MaLR	930	+	218	39710046	27578
chr11	39682468	39882468	harbor1	chr11	39710630	39711177	LTR/ERVL-MaLR	712	+	274	39710904	28436
chr11	39682468	39882468	harbor1	chr11	39711231	39711610	LTR/ERVL-MaLR	549	+	190	39711421	28953
chr11	39682468	39882468	harbor1	chr11	39715019	39715366	LTR/ERVL-MaLR	2522	+	174	39715193	32725
chr11	39682468	39882468	harbor1	chr11	39715367	39716929	LTR/ERVL-MaLR	11447	+	781	39716148	33680
chr11	39682468	39882468	harbor1	chr11	39716931	39717286	LTR/ERVL-MaLR	2540	+	178	39717109	34641
chr11	39682468	39882468	harbor1	chr11	39742522	39742771	LTR/ERVL-MaLR	1589	+	124	39742646	60178
chr11	39682468	39882468	harbor1	chr11	39742775	39744286	LTR/ERVL-MaLR	8646	+	756	39743531	61063
chr11	39682468	39882468	harbor1	chr11	39744287	39744671	LTR/ERVL-MaLR	2104	+	192	39744479	62011
chr11	39682468	39882468	harbor1	chr11	39775056	39775106	LTR/ERVL-MaLR	394	+	25	39775081	92613
chr11	39682468	39882468	harbor1	chr11	39775107	39775481	LTR/ERVL-MaLR	2358	+	187	39775294	92826
chr11	39682468	39882468	harbor1	chr11	39775482	39775587	LTR/ERVL-MaLR	394	+	52	39775534	93066
chr11	39682468	39882468	harbor1	chr11	39776674	39777035	LTR/ERVL-MaLR	435	+	180	39776854	94386
chr11	39682468	39882468	harbor1	chr11	39781710	39782062	LTR/ERVL-MaLR	1839	+	176	39781886	99418
chr11	25792580	25992580	harbor1	chr11	25800636	25801020	LTR/ERVL-MaLR	2300	+	192	25800828	8248
chr11	25792580	25992580	harbor1	chr11	25818898	25819280	LTR/ERVL-MaLR	2269	+	191	25819089	26509
chr11	25792580	25992580	harbor1	chr11	25821193	25821611	LTR/ERVL-MaLR	2245	+	209	25821402	28822
chr11	25792580	25992580	harbor1	chr11	25821612	25822148	LTR/ERVL-MaLR	2952	+	268	25821880	29300
chr11	25792580	25992580	harbor1	chr11	25822152	25823036	LTR/ERVL-MaLR	5433	+	442	25822594	30014
chr11	25792580	25992580	harbor1	chr11	25823039	25823439	LTR/ERVL-MaLR	2317	+	200	25823239	30659
chr11	25792580	25992580	harbor1	chr11	25844027	25844102	LTR/ERVL-MaLR	970	+	38	25844065	51485
chr11	25792580	25992580	harbor1	chr11	25844103	25844461	LTR/ERVL-MaLR	2493	+	179	25844282	51702
chr11	25792580	25992580	harbor1	chr11	25844462	25844839	LTR/ERVL-MaLR	970	+	188	25844650	52070
chr11	25792580	25992580	harbor1	chr11	25856058	25856254	LTR/ERVL-MaLR	810	+	98	25856156	63576
chr11	25792580	25992580	harbor1	chr11	25881307	25881686	LTR/ERVL-MaLR	1780	+	190	25881497	88917
chr11	25792580	25992580	harbor1	chr11	25888304	25888684	LTR/ERVL-MaLR	2097	+	190	25888494	95914
chr11	47518878	47718878	harbor1	chr11	47600003	47600244	LTR/ERVL-MaLR	761	+	120	47600123	81245
chr11	47518878	47718878	harbor1	chr11	47601011	47601184	LTR/ERVL-MaLR	761	+	86	47601097	82219
chr11	47518878	47718878	harbor1	chr11	47601492	47601551	LTR/ERVL-MaLR	667	+	30	47601522	82644
chr11	47518878	47718878	harbor1	chr11	47607486	47607855	LTR/ERVL-MaLR	621	+	184	47607670	88792
chr11	97273141	97473141	harbor1	chr11	97294921	97295400	LTR/ERVL-MaLR	1342	+	240	97295161	22020
chr11	23675695	23875695	harbor1	chr11	23716640	23716873	LTR/ERVL-MaLR	1131	+	116	23716756	41061
chr11	23675695	23875695	harbor1	chr11	23716874	23717233	LTR/ERVL-MaLR	1437	+	180	23717054	41359
chr11	23675695	23875695	harbor1	chr11	23717244	23718424	LTR/ERVL-MaLR	10057	+	590	23717834	42139
chr11	23675695	23875695	harbor1	chr11	23718731	23719156	LTR/ERVL-MaLR	10057	+	212	23718943	43248
chr11	23675695	23875695	harbor1	chr11	23719157	23719549	LTR/ERVL-MaLR	1925	+	196	23719353	43658
chr11	23675695	23875695	harbor1	chr11	23739975	23740346	LTR/ERVL-MaLR	2250	+	186	23740161	64466
chr11	23675695	23875695	harbor1	chr11	23755664	23756029	LTR/ERVL-MaLR	2124	+	182	23755846	80151
chr11	23675695	23875695	harbor1	chr11	23757582	23757952	LTR/ERVL-MaLR	2060	+	185	23757767	82072
chr11	23675695	23875695	harbor1	chr11	23756054	23757581	LTR/ERVL-MaLR	9003	+	764	23756818	81123
chr11	81704916	81904916	harbor1	chr11	81729408	81729772	LTR/ERVL-MaLR	1852	+	182	81729590	24674
chr11	81704916	81904916	harbor1	chr11	81729773	81729933	LTR/ERVL-MaLR	6223	+	80	81729853	24937
chr11	81704916	81904916	harbor1	chr11	81730259	81731112	LTR/ERVL-MaLR	6223	+	426	81730685	25769
chr11	81704916	81904916	harbor1	chr11	81749573	81749956	LTR/ERVL-MaLR	1627	+	192	81749765	44849
chr11	81704916	81904916	harbor1	chr11	81791235	81791359	LTR/ERVL-MaLR	2269	+	62	81791297	86381
chr11	81704916	81904916	harbor1	chr11	81793676	81793750	LTR/ERVL-MaLR	2269	+	37	81793713	88797
chr11	81704916	81904916	harbor1	chr11	81794042	81794278	LTR/ERVL-MaLR	2269	+	118	81794160	89244
chr11	81704916	81904916	harbor1	chr11	81798898	81799335	LTR/ERVL-MaLR	2383	+	218	81799116	94200
chr11	81704916	81904916	harbor1	chr11	81799697	81800057	LTR/ERVL-MaLR	1552	+	180	81799877	94961
chr11	81704916	81904916	harbor1	chr11	81800060	81801655	LTR/ERVL-MaLR	10051	+	798	81800858	95942
chr11	81704916	81904916	harbor1	chr11	81801658	81802031	LTR/ERVL-MaLR	2004	+	186	81801844	96928
chr11	128557882	128757882	harbor1	chr11	128607700	128608056	LTR/ERVL-MaLR	824	+	178	128607878	49996
chr11	128557882	128757882	harbor1	chr11	128565091	128565469	LTR/ERVL-MaLR	1926	+	189	128565280	7398
chr11	86118253	86318253	harbor1	chr11	86129217	86129580	LTR/ERVL-MaLR	2613	+	182	86129399	11146
chr11	86118253	86318253	harbor1	chr11	86159938	86160300	LTR/ERVL-MaLR	1607	+	181	86160119	41866
chr11	86118253	86318253	harbor1	chr11	86160446	86160631	LTR/ERVL-MaLR	1607	+	92	86160538	42285
chr11	86118253	86318253	harbor1	chr11	86181123	86181558	LTR/ERVL-MaLR	1625	+	218	86181341	63088
chr11	104346183	104546183	harbor1	chr11	104347329	104347705	LTR/ERVL-MaLR	1640	+	188	104347517	1334
chr11	104346183	104546183	harbor1	chr11	104347735	104348102	LTR/ERVL-MaLR	2252	+	184	104347919	1736
chr11	104346183	104546183	harbor1	chr11	104368886	104369254	LTR/ERVL-MaLR	1679	+	184	104369070	22887
chr11	104346183	104546183	harbor1	chr11	104370461	104370836	LTR/ERVL-MaLR	1683	+	188	104370649	24466
chr11	104346183	104546183	harbor1	chr11	104392340	104392738	LTR/ERVL-MaLR	2017	+	199	104392539	46356
chr11	104346183	104546183	harbor1	chr11	104423866	104424230	LTR/ERVL-MaLR	1796	+	182	104424048	77865
chr11	10368191	10568191	harbor1	chr11	10369792	10370104	LTR/ERVL-MaLR	891	+	156	10369948	1757
chr11	10368191	10568191	harbor1	chr11	10370420	10370831	LTR/ERVL-MaLR	1067	+	206	10370626	2435
chr11	10368191	10568191	harbor1	chr11	10402569	10402951	LTR/ERVL-MaLR	965	+	191	10402760	34569
chr11	10368191	10568191	harbor1	chr11	10431407	10431634	LTR/ERVL-MaLR	550	+	114	10431521	63330
chr11	10368191	10568191	harbor1	chr11	10435607	10435788	LTR/ERVL-MaLR	1009	+	90	10435697	67506
chr11	10368191	10568191	harbor1	chr11	10437030	10437227	LTR/ERVL-MaLR	1190	+	98	10437128	68937
chr11	10368191	10568191	harbor1	chr11	10442887	10443046	LTR/ERVL-MaLR	385	+	80	10442967	74776
chr11	10368191	10568191	harbor1	chr11	10436088	10436665	LTR/ERVL-MaLR	1190	+	288	10436376	68185
chr11	58105506	58305506	harbor1	chr11	58158646	58159091	LTR/ERVL-MaLR	811	+	222	58158868	53362
chr11	58105506	58305506	harbor1	chr11	58159820	58160358	LTR/ERVL-MaLR	1454	+	269	58160089	54583
chr11	58105506	58305506	harbor1	chr11	58170534	58170893	LTR/ERVL-MaLR	2154	+	180	58170714	65208
chr11	58105506	58305506	harbor1	chr11	58173661	58174023	LTR/ERVL-MaLR	1012	+	181	58173842	68336
chr11	58105506	58305506	harbor1	chr11	58174124	58174275	LTR/ERVL-MaLR	418	+	76	58174200	68694
chr11	82239499	82439499	harbor1	chr11	82270368	82270781	LTR/ERVL-MaLR	2219	+	206	82270574	31075
chr11	82239499	82439499	harbor1	chr11	82327982	82328471	LTR/ERVL-MaLR	1211	+	244	82328226	88727
chr11	107394482	107594482	harbor1	chr11	107395046	107395412	LTR/ERVL-MaLR	2373	+	183	107395229	747
chr11	107394482	107594482	harbor1	chr11	107446006	107446184	LTR/ERVL-MaLR	604	+	89	107446095	51613
chr11	107394482	107594482	harbor1	chr11	107448610	107448940	LTR/ERVL-MaLR	1500	+	165	107448775	54293
chr11	30576231	30776231	harbor1	chr11	30597510	30598113	LTR/ERVL-MaLR	1201	+	302	30597812	21581
chr11	30576231	30776231	harbor1	chr11	30601176	30601549	LTR/ERVL-MaLR	2491	+	186	30601362	25131
chr11	30576231	30776231	harbor1	chr11	30618148	30618434	LTR/ERVL-MaLR	653	+	143	30618291	42060
chr11	30576231	30776231	harbor1	chr11	30619897	30620298	LTR/ERVL-MaLR	1322	+	200	30620097	43866
chr11	30576231	30776231	harbor1	chr11	30649758	30650118	LTR/ERVL-MaLR	2085	+	180	30649938	73707
chr11	30576231	30776231	harbor1	chr11	30665735	30666001	LTR/ERVL-MaLR	399	+	133	30665868	89637
chr11	30576231	30776231	harbor1	chr11	30671436	30671850	LTR/ERVL-MaLR	1500	+	207	30671643	95412
chr11	77853047	78053047	harbor1	chr11	77908856	77908936	LTR/ERVL-MaLR	442	+	40	77908896	55849
chr11	77853047	78053047	harbor1	chr11	77917800	77918149	LTR/ERVL-MaLR	1297	+	174	77917974	64927
chr11	77853047	78053047	harbor1	chr11	77918441	77918546	LTR/ERVL-MaLR	1297	+	52	77918493	65446
chr11	77853047	78053047	harbor1	chr11	77922683	77923037	LTR/ERVL-MaLR	902	+	177	77922860	69813
chr11	114355628	114555628	harbor1	chr11	114372244	114372479	LTR/ERVL-MaLR	1948	+	118	114372362	16734
chr11	114355628	114555628	harbor1	chr11	114372773	114372998	LTR/ERVL-MaLR	1948	+	112	114372885	17257
chr11	114355628	114555628	harbor1	chr11	114384551	114385101	LTR/ERVL-MaLR	2826	+	275	114384826	29198
chr11	114355628	114555628	harbor1	chr11	114387304	114387623	LTR/ERVL-MaLR	1242	+	160	114387464	31836
chr11	114355628	114555628	harbor1	chr11	114420285	114420677	LTR/ERVL-MaLR	1700	+	196	114420481	64853
chr11	30278673	30478673	harbor1	chr11	30290513	30290684	LTR/ERVL-MaLR	424	+	86	30290599	11926
chr11	30278673	30478673	harbor1	chr11	30318067	30318343	LTR/ERVL-MaLR	1143	+	138	30318205	39532
chr11	30278673	30478673	harbor1	chr11	30343968	30344027	LTR/ERVL-MaLR	405	+	30	30343998	65325
chr11	30278673	30478673	harbor1	chr11	30369156	30369531	LTR/ERVL-MaLR	2453	+	188	30369344	90671
chr11	30278673	30478673	harbor1	chr11	30342798	30343281	LTR/ERVL-MaLR	1089	+	242	30343040	64367
chr11	55702672	55902672	harbor1	chr11	55709217	55709633	LTR/ERVL-MaLR	2604	+	208	55709425	6753
chr11	55702672	55902672	harbor1	chr11	55732377	55732905	LTR/ERVL-MaLR	1032	+	264	55732641	29969
chr11	55702672	55902672	harbor1	chr11	55733288	55734758	LTR/ERVL-MaLR	4114	+	735	55734023	31351
chr11	55702672	55902672	harbor1	chr11	55735647	55736012	LTR/ERVL-MaLR	799	+	182	55735829	33157
chr11	55702672	55902672	harbor1	chr11	55788110	55788517	LTR/ERVL-MaLR	764	+	204	55788314	85642
chr11	76821425	77021425	harbor1	chr11	76832630	76832824	LTR/ERVL-MaLR	2140	+	97	76832727	11302
chr11	76821425	77021425	harbor1	chr11	76833121	76833331	LTR/ERVL-MaLR	2096	+	105	76833226	11801
chr11	76821425	77021425	harbor1	chr11	76834779	76835103	LTR/ERVL-MaLR	1451	+	162	76834941	13516
chr11	76821425	77021425	harbor1	chr11	76849417	76849606	LTR/ERVL-MaLR	549	+	94	76849511	28086
chr11	76821425	77021425	harbor1	chr11	76880866	76880975	LTR/ERVL-MaLR	462	+	54	76880920	59495
chr11	76821425	77021425	harbor1	chr11	76912034	76912435	LTR/ERVL-MaLR	1088	+	200	76912234	90809
chr11	92389281	92589281	harbor1	chr11	92444931	92445018	LTR/ERVL-MaLR	542	+	44	92444975	55694
chr11	92389281	92589281	harbor1	chr11	92445042	92445218	LTR/ERVL-MaLR	815	+	88	92445130	55849
chr11	92389281	92589281	harbor1	chr11	92487889	92488448	LTR/ERVL-MaLR	1330	+	280	92488169	98888
chr11	123084950	123284950	harbor1	chr11	123140791	123141173	LTR/ERVL-MaLR	1991	+	191	123140982	56032
chr11	123084950	123284950	harbor1	chr11	123141484	123141521	LTR/ERVL-MaLR	1991	+	18	123141502	56552
chr11	123084950	123284950	harbor1	chr11	123143373	123143671	LTR/ERVL-MaLR	492	+	149	123143522	58572
chr11	123084950	123284950	harbor1	chr11	123143695	123143812	LTR/ERVL-MaLR	934	+	58	123143753	58803
chr11	123084950	123284950	harbor1	chr11	123144113	123144252	LTR/ERVL-MaLR	934	+	70	123144183	59233
chr11	123084950	123284950	harbor1	chr11	123149201	123149377	LTR/ERVL-MaLR	821	+	88	123149289	64339
chr11	123084950	123284950	harbor1	chr11	123152582	123152720	LTR/ERVL-MaLR	996	+	69	123152651	67701
chr11	123084950	123284950	harbor1	chr11	123155665	123155976	LTR/ERVL-MaLR	1611	+	156	123155821	70871
chr11	123084950	123284950	harbor1	chr11	123155981	123156349	LTR/ERVL-MaLR	1322	+	184	123156165	71215
chr11	123084950	123284950	harbor1	chr11	123156361	123156568	LTR/ERVL-MaLR	1028	+	104	123156465	71515
chr11	123084950	123284950	harbor1	chr11	123180269	123180585	LTR/ERVL-MaLR	1721	+	158	123180427	95477
chr11	7398923	7598923	harbor1	chr11	7430560	7430939	LTR/ERVL-MaLR	2089	+	190	7430750	31827
chr11	7398923	7598923	harbor1	chr11	7430945	7432267	LTR/ERVL-MaLR	9155	+	661	7431606	32683
chr11	7398923	7598923	harbor1	chr11	7432639	7432952	LTR/ERVL-MaLR	9155	+	156	7432795	33872
chr11	7398923	7598923	harbor1	chr11	7432955	7433342	LTR/ERVL-MaLR	2118	+	194	7433149	34226
chr11	7398923	7598923	harbor1	chr11	7433532	7433886	LTR/ERVL-MaLR	1972	+	177	7433709	34786
chr11	7398923	7598923	harbor1	chr11	7439714	7439938	LTR/ERVL-MaLR	547	+	112	7439826	40903
chr11	7398923	7598923	harbor1	chr11	7451437	7451885	LTR/ERVL-MaLR	1145	+	224	7451661	52738
chr11	7398923	7598923	harbor1	chr11	7459594	7460024	LTR/ERVL-MaLR	1891	+	215	7459809	60886
chr11	7398923	7598923	harbor1	chr11	7477171	7477363	LTR/ERVL-MaLR	1021	+	96	7477267	78344
chr11	89310322	89510322	harbor1	chr11	89328657	89329060	LTR/ERVL-MaLR	1908	+	202	89328859	18537
chr11	89310322	89510322	harbor1	chr11	89342873	89343027	LTR/ERVL-MaLR	437	+	77	89342950	32628
chr11	14353441	14553441	harbor1	chr11	14359978	14360165	LTR/ERVL-MaLR	731	+	94	14360072	6631
chr11	14353441	14553441	harbor1	chr11	14360218	14360391	LTR/ERVL-MaLR	524	+	86	14360304	6863
chr11	14353441	14553441	harbor1	chr11	14365400	14365526	LTR/ERVL-MaLR	1461	+	63	14365463	12022
chr11	14353441	14553441	harbor1	chr11	14366007	14366207	LTR/ERVL-MaLR	1461	+	100	14366107	12666
chr11	14353441	14553441	harbor1	chr11	14378281	14378614	LTR/ERVL-MaLR	685	+	166	14378447	25006
chr11	14353441	14553441	harbor1	chr11	14386066	14386429	LTR/ERVL-MaLR	2352	+	182	14386248	32807
chr11	14353441	14553441	harbor1	chr11	14408033	14408327	LTR/ERVL-MaLR	804	+	147	14408180	54739
chr11	14353441	14553441	harbor1	chr11	14408759	14408926	LTR/ERVL-MaLR	804	+	84	14408843	55402
chr11	14353441	14553441	harbor1	chr11	14412436	14412598	LTR/ERVL-MaLR	556	+	81	14412517	59076
chr11	14353441	14553441	harbor1	chr11	14417367	14417996	LTR/ERVL-MaLR	495	+	314	14417681	64240
chr11	107310238	107510238	harbor1	chr11	107323074	107323536	LTR/ERVL-MaLR	1103	+	231	107323305	13067
chr11	107310238	107510238	harbor1	chr11	107323541	107324056	LTR/ERVL-MaLR	699	+	258	107323799	13561
chr11	107310238	107510238	harbor1	chr11	107342663	107343137	LTR/ERVL-MaLR	1847	+	237	107342900	32662
chr11	107310238	107510238	harbor1	chr11	107350307	107350661	LTR/ERVL-MaLR	1762	+	177	107350484	40246
chr11	107310238	107510238	harbor1	chr11	107351639	107351908	LTR/ERVL-MaLR	962	+	134	107351773	41535
chr11	107310238	107510238	harbor1	chr11	107390619	107390750	LTR/ERVL-MaLR	1292	+	66	107390685	80447
chr11	107310238	107510238	harbor1	chr11	107391279	107391508	LTR/ERVL-MaLR	1292	+	114	107391393	81155
chr11	107310238	107510238	harbor1	chr11	107395046	107395412	LTR/ERVL-MaLR	2373	+	183	107395229	84991
chr11	107310238	107510238	harbor1	chr11	107331295	107331730	LTR/ERVL-MaLR	2130	+	218	107331513	21275
chr11	86851045	87051045	harbor1	chr11	86866615	86867035	LTR/ERVL-MaLR	2371	+	210	86866825	15780
chr11	86851045	87051045	harbor1	chr11	86873602	86873778	LTR/ERVL-MaLR	444	+	88	86873690	22645
chr11	86851045	87051045	harbor1	chr11	86891656	86892026	LTR/ERVL-MaLR	2481	+	185	86891841	40796
chr11	86851045	87051045	harbor1	chr11	86892901	86893338	LTR/ERVL-MaLR	1605	+	218	86893119	42074
chr11	130235908	130435908	harbor1	chr11	130257271	130257710	LTR/ERVL-MaLR	1258	+	220	130257491	21583
chr11	130235908	130435908	harbor1	chr11	130289981	130290431	LTR/ERVL-MaLR	1364	+	225	130290206	54298
chr11	130235908	130435908	harbor1	chr11	130297460	130297840	LTR/ERVL-MaLR	1200	+	190	130297650	61742
chr11	2586496	2786496	harbor1	chr11	2601867	2602357	LTR/ERVL-MaLR	2308	+	245	2602112	15616
chr11	2586496	2786496	harbor1	chr11	2606299	2606703	LTR/ERVL-MaLR	2449	+	202	2606501	20005
chr11	2586496	2786496	harbor1	chr11	2607352	2607707	LTR/ERVL-MaLR	2141	+	178	2607530	21034
chr11	2586496	2786496	harbor1	chr11	2622963	2623326	LTR/ERVL-MaLR	2062	+	182	2623145	36649
chr11	108876011	109076011	harbor1	chr11	108892068	108892474	LTR/ERVL-MaLR	1901	+	203	108892271	16260
chr11	108876011	109076011	harbor1	chr11	108899650	108899832	LTR/ERVL-MaLR	2077	+	91	108899741	23730
chr11	108876011	109076011	harbor1	chr11	108900126	108900339	LTR/ERVL-MaLR	2077	+	106	108900232	24221
chr11	108876011	109076011	harbor1	chr11	108943463	108943656	LTR/ERVL-MaLR	564	+	96	108943559	67548
chr11	108876011	109076011	harbor1	chr11	108951614	108951811	LTR/ERVL-MaLR	1017	+	98	108951712	75701
chr11	108876011	109076011	harbor1	chr11	108951939	108951978	LTR/ERVL-MaLR	1017	+	20	108951959	75948
chr11	108876011	109076011	harbor1	chr11	108968204	108968660	LTR/ERVL-MaLR	1718	+	228	108968432	92421
chr11	108876011	109076011	harbor1	chr11	108970041	108970574	LTR/ERVL-MaLR	1753	+	266	108970307	94296
chr11	4313331	4513331	harbor1	chr11	4348278	4348953	LTR/ERVL-MaLR	3168	+	338	4348616	35285
chr11	4313331	4513331	harbor1	chr11	4348955	4349330	LTR/ERVL-MaLR	1700	+	188	4349143	35812
chr11	4313331	4513331	harbor1	chr11	4371423	4371597	LTR/ERVL-MaLR	460	+	87	4371510	58179
chr11	66712144	66912144	harbor1	chr11	66741120	66741488	LTR/ERVL-MaLR	2419	+	184	66741304	29160
chr11	66712144	66912144	harbor1	chr11	66769589	66769706	LTR/ERVL-MaLR	1197	+	58	66769647	57503
chr11	66712144	66912144	harbor1	chr11	66770045	66770317	LTR/ERVL-MaLR	1197	+	136	66770181	58037
chr11	66712144	66912144	harbor1	chr11	66775408	66775638	LTR/ERVL-MaLR	630	+	115	66775523	63379
chr11	13521424	13721424	harbor1	chr11	13536581	13536957	LTR/ERVL-MaLR	2652	+	188	13536769	15345
chr11	13521424	13721424	harbor1	chr11	13536960	13537380	LTR/ERVL-MaLR	10258	+	210	13537170	15746
chr11	13521424	13721424	harbor1	chr11	13537698	13538893	LTR/ERVL-MaLR	10258	+	598	13538296	16872
chr11	13521424	13721424	harbor1	chr11	13538894	13539238	LTR/ERVL-MaLR	2102	+	172	13539066	17642
chr11	13521424	13721424	harbor1	chr11	13539241	13539340	LTR/ERVL-MaLR	516	+	50	13539291	17867
chr11	13521424	13721424	harbor1	chr11	13545276	13545638	LTR/ERVL-MaLR	2043	+	181	13545457	24033
chr11	13521424	13721424	harbor1	chr11	13545639	13547216	LTR/ERVL-MaLR	11698	+	788	13546427	25003
chr11	13521424	13721424	harbor1	chr11	13547219	13547580	LTR/ERVL-MaLR	2072	+	180	13547399	25975
chr11	13521424	13721424	harbor1	chr11	13612146	13612391	LTR/ERVL-MaLR	407	+	122	13612268	90844
chr11	95476904	95676904	harbor1	chr11	95488448	95488837	LTR/ERVL-MaLR	1497	+	194	95488642	11738
chr11	95476904	95676904	harbor1	chr11	95531050	95531476	LTR/ERVL-MaLR	2374	+	213	95531263	54359
chr11	95476904	95676904	harbor1	chr11	95550923	95551282	LTR/ERVL-MaLR	1808	+	180	95551103	74199
chr11	95476904	95676904	harbor1	chr11	95560381	95560807	LTR/ERVL-MaLR	2140	+	213	95560594	83690
chr11	101981020	102181020	harbor1	chr11	102020960	102021061	LTR/ERVL-MaLR	1562	+	50	102021010	39990
chr11	101981020	102181020	harbor1	chr11	102021365	102021655	LTR/ERVL-MaLR	1562	+	145	102021510	40490
chr11	101981020	102181020	harbor1	chr11	102057651	102057787	LTR/ERVL-MaLR	390	+	68	102057719	76699
chr11	101981020	102181020	harbor1	chr11	102058083	102058267	LTR/ERVL-MaLR	450	+	92	102058175	77155
chr11	101981020	102181020	harbor1	chr11	102061950	102062311	LTR/ERVL-MaLR	1574	+	180	102062130	81110
chr11	101981020	102181020	harbor1	chr11	102062318	102062863	LTR/ERVL-MaLR	2096	+	272	102062590	81570
chr11	101981020	102181020	harbor1	chr11	102063202	102063546	LTR/ERVL-MaLR	2228	+	172	102063374	82354
chr11	101981020	102181020	harbor1	chr11	102063838	102063900	LTR/ERVL-MaLR	2228	+	31	102063869	82849
chr11	111504747	111704747	harbor1	chr11	111532281	111532722	LTR/ERVL-MaLR	1992	+	220	111532501	27754
chr11	111504747	111704747	harbor1	chr11	111562673	111562712	LTR/ERVL-MaLR	2690	+	20	111562693	57946
chr11	111504747	111704747	harbor1	chr11	111563028	111563387	LTR/ERVL-MaLR	2690	+	180	111563208	58461
chr11	111504747	111704747	harbor1	chr11	111565692	111566110	LTR/ERVL-MaLR	2541	+	209	111565901	61154
chr11	111504747	111704747	harbor1	chr11	111577836	111578193	LTR/ERVL-MaLR	2248	+	178	111578014	73267
chr11	111504747	111704747	harbor1	chr11	111578504	111578546	LTR/ERVL-MaLR	2248	+	21	111578525	73778
chr11	111504747	111704747	harbor1	chr11	111589818	111590178	LTR/ERVL-MaLR	2200	+	180	111589998	85251
chr11	127052771	127252771	harbor1	chr11	127124724	127125055	LTR/ERVL-MaLR	1483	+	166	127124890	72119
chr11	513500	713500	harbor1	chr11	570070	570270	LTR/ERVL-MaLR	538	+	100	570170	56670
chr11	513500	713500	harbor1	chr11	571196	571398	LTR/ERVL-MaLR	538	+	101	571297	57797
chr11	129394922	129594922	harbor1	chr11	129478444	129478874	LTR/ERVL-MaLR	2405	+	215	129478659	83737
chr11	129394922	129594922	harbor1	chr11	129490464	129490638	LTR/ERVL-MaLR	452	+	87	129490551	95629
chr11	129394922	129594922	harbor1	chr11	129490755	129490905	LTR/ERVL-MaLR	494	+	75	129490830	95908
chr11	121333431	121533431	harbor1	chr11	121347427	121347897	LTR/ERVL-MaLR	1747	+	235	121347662	14231
chr11	121333431	121533431	harbor1	chr11	121354314	121354394	LTR/ERVL-MaLR	421	+	40	121354354	20923
chr11	121333431	121533431	harbor1	chr11	121386037	121386533	LTR/ERVL-MaLR	1382	+	248	121386285	52854
chr11	121333431	121533431	harbor1	chr11	121398186	121398365	LTR/ERVL-MaLR	502	+	90	121398276	64845
chr11	121333431	121533431	harbor1	chr11	121399026	121399519	LTR/ERVL-MaLR	2476	+	246	121399272	65841
chr11	121333431	121533431	harbor1	chr11	121400026	121400438	LTR/ERVL-MaLR	2475	+	206	121400232	66801
chr11	121333431	121533431	harbor1	chr11	121404672	121404908	LTR/ERVL-MaLR	1559	+	118	121404790	71359
chr11	121333431	121533431	harbor1	chr11	121405500	121405753	LTR/ERVL-MaLR	1559	+	126	121405626	72195
chr11	121333431	121533431	harbor1	chr11	121424551	121424724	LTR/ERVL-MaLR	2165	+	86	121424637	91206
chr11	121333431	121533431	harbor1	chr11	121425025	121425263	LTR/ERVL-MaLR	2165	+	119	121425144	91713
chr11	121333431	121533431	harbor1	chr11	121431225	121431637	LTR/ERVL-MaLR	736	+	206	121431431	98000
chr11	24282835	24482835	harbor1	chr11	24289734	24289936	LTR/ERVL-MaLR	696	+	101	24289835	7000
chr11	24282835	24482835	harbor1	chr11	24289937	24290604	LTR/ERVL-MaLR	2222	+	334	24290271	7436
chr11	24282835	24482835	harbor1	chr11	24302092	24302424	LTR/ERVL-MaLR	2229	+	166	24302258	19423
chr11	24282835	24482835	harbor1	chr11	24302790	24302833	LTR/ERVL-MaLR	2229	+	22	24302812	19977
chr11	24282835	24482835	harbor1	chr11	24303143	24303209	LTR/ERVL-MaLR	2229	+	33	24303176	20341
chr11	24282835	24482835	harbor1	chr11	24309183	24309495	LTR/ERVL-MaLR	1727	+	156	24309339	26504
chr11	24282835	24482835	harbor1	chr11	24309496	24311113	LTR/ERVL-MaLR	10053	+	808	24310304	27469
chr11	24282835	24482835	harbor1	chr11	24311114	24311408	LTR/ERVL-MaLR	1615	+	147	24311261	28426
chr11	24282835	24482835	harbor1	chr11	24359186	24359330	LTR/ERVL-MaLR	516	+	72	24359258	76423
chr11	24282835	24482835	harbor1	chr11	24361289	24361662	LTR/ERVL-MaLR	2213	+	186	24361475	78640
chr11	24282835	24482835	harbor1	chr11	24377377	24377795	LTR/ERVL-MaLR	1781	+	209	24377586	94751
chr11	24282835	24482835	harbor1	chr11	24381380	24381746	LTR/ERVL-MaLR	2085	+	183	24381563	98728
chr11	25136854	25336854	harbor1	chr11	25205884	25206278	LTR/ERVL-MaLR	1516	+	197	25206081	69227
chr11	25136854	25336854	harbor1	chr11	25206600	25206960	LTR/ERVL-MaLR	2139	+	180	25206780	69926
chr11	25136854	25336854	harbor1	chr11	25206961	25207396	LTR/ERVL-MaLR	3102	+	218	25207179	70325
chr11	25136854	25336854	harbor1	chr11	25213766	25214118	LTR/ERVL-MaLR	1753	+	176	25213942	77088
chr11	25136854	25336854	harbor1	chr11	25220893	25221300	LTR/ERVL-MaLR	2230	+	204	25221097	84243
chr11	1044731	1244731	harbor1	chr11	1047998	1048148	LTR/ERVL-MaLR	1182	+	75	1048073	3342
chr11	1044731	1244731	harbor1	chr11	1048447	1048646	LTR/ERVL-MaLR	1182	+	100	1048547	3816
chr11	134739164	134939164	harbor1	chr11	134761063	134761270	LTR/ERVL-MaLR	780	+	104	134761167	22003
chr11	134739164	134939164	harbor1	chr11	134776458	134776861	LTR/ERVL-MaLR	1450	+	202	134776660	37496
chr11	134739164	134939164	harbor1	chr11	134807212	134807430	LTR/ERVL-MaLR	782	+	109	134807321	68157
chr11	134739164	134939164	harbor1	chr11	134818923	134819371	LTR/ERVL-MaLR	1015	+	224	134819147	79983
chr11	26893636	27093636	harbor1	chr11	26894244	26894643	LTR/ERVL-MaLR	2139	+	200	26894444	808
chr11	26893636	27093636	harbor1	chr11	26894644	26895278	LTR/ERVL-MaLR	3438	+	317	26894961	1325
chr11	26893636	27093636	harbor1	chr11	26895270	26895419	LTR/ERVL-MaLR	856	+	74	26895344	1708
chr11	26893636	27093636	harbor1	chr11	26895419	26895589	LTR/ERVL-MaLR	826	+	85	26895504	1868
chr11	26893636	27093636	harbor1	chr11	26895768	26895983	LTR/ERVL-MaLR	1343	+	108	26895876	2240
chr11	26893636	27093636	harbor1	chr11	26913333	26913749	LTR/ERVL-MaLR	2393	+	208	26913541	19905
chr11	26893636	27093636	harbor1	chr11	26913905	26914301	LTR/ERVL-MaLR	1961	+	198	26914103	20467
chr11	26893636	27093636	harbor1	chr11	26916832	26917260	LTR/ERVL-MaLR	506	+	214	26917046	23410
chr11	26893636	27093636	harbor1	chr11	26919859	26920230	LTR/ERVL-MaLR	1823	+	186	26920045	26409
chr11	26893636	27093636	harbor1	chr11	26933173	26933545	LTR/ERVL-MaLR	2304	+	186	26933359	39723
chr11	26893636	27093636	harbor1	chr11	26943891	26944244	LTR/ERVL-MaLR	1205	+	176	26944067	50431
chr11	26893636	27093636	harbor1	chr11	26956338	26956479	LTR/ERVL-MaLR	755	+	70	26956408	62772
chr11	26893636	27093636	harbor1	chr11	26958964	26959317	LTR/ERVL-MaLR	2201	+	176	26959140	65504
chr11	26893636	27093636	harbor1	chr11	26984606	26985000	LTR/ERVL-MaLR	1295	+	197	26984803	91167
chr11	26893636	27093636	harbor1	chr11	26986856	26987210	LTR/ERVL-MaLR	2117	+	177	26987033	93397
chr11	90309693	90509693	harbor1	chr11	90328428	90328776	LTR/ERVL-MaLR	1686	+	174	90328602	18909
chr11	90309693	90509693	harbor1	chr11	90333798	90334242	LTR/ERVL-MaLR	1398	+	222	90334020	24327
chr11	90309693	90509693	harbor1	chr11	90368161	90368348	LTR/ERVL-MaLR	473	+	94	90368255	58562
chr11	90309693	90509693	harbor1	chr11	90368652	90368843	LTR/ERVL-MaLR	473	+	96	90368748	59055
chr11	90309693	90509693	harbor1	chr11	90386119	90386315	LTR/ERVL-MaLR	820	+	98	90386217	76524
chr11	29062375	29262375	harbor1	chr11	29077528	29077880	LTR/ERVL-MaLR	2589	+	176	29077704	15329
chr11	29062375	29262375	harbor1	chr11	29077883	29079452	LTR/ERVL-MaLR	11386	+	784	29078667	16292
chr11	29062375	29262375	harbor1	chr11	29079453	29079808	LTR/ERVL-MaLR	2366	+	178	29079631	17256
chr11	29062375	29262375	harbor1	chr11	29106113	29106192	LTR/ERVL-MaLR	406	+	40	29106153	43778
chr11	29062375	29262375	harbor1	chr11	29106262	29106403	LTR/ERVL-MaLR	389	+	70	29106332	43957
chr11	29062375	29262375	harbor1	chr11	29106866	29107269	LTR/ERVL-MaLR	2073	+	202	29107068	44693
chr11	29062375	29262375	harbor1	chr11	29118202	29118529	LTR/ERVL-MaLR	755	+	164	29118366	55991
chr11	29062375	29262375	harbor1	chr11	29137396	29137581	LTR/ERVL-MaLR	445	+	92	29137488	75113
chr11	29062375	29262375	harbor1	chr11	29144130	29144316	LTR/ERVL-MaLR	626	+	93	29144223	81848
chr11	29062375	29262375	harbor1	chr11	29159971	29160349	LTR/ERVL-MaLR	2113	+	189	29160160	97785
chr11	118190620	118390620	harbor1	chr11	118190869	118192444	LTR/ERVL-MaLR	12432	+	788	118191657	1037
chr11	118190620	118390620	harbor1	chr11	118192445	118192491	LTR/ERVL-MaLR	2305	+	23	118192468	1848
chr11	118190620	118390620	harbor1	chr11	118192783	118193103	LTR/ERVL-MaLR	2305	+	160	118192943	2323
chr11	118190620	118390620	harbor1	chr11	118258603	118259001	LTR/ERVL-MaLR	2091	+	199	118258802	68182
chr11	75283222	75483222	harbor1	chr11	75294681	75294874	LTR/ERVL-MaLR	987	+	96	75294777	11555
chr11	75283222	75483222	harbor1	chr11	75295708	75295889	LTR/ERVL-MaLR	987	+	90	75295798	12576
chr11	75283222	75483222	harbor1	chr11	75312521	75313001	LTR/ERVL-MaLR	2305	+	240	75312761	29539
chr11	75283222	75483222	harbor1	chr11	75323129	75323311	LTR/ERVL-MaLR	755	+	91	75323220	39998
chr11	88388387	88588387	harbor1	chr11	88397378	88397791	LTR/ERVL-MaLR	2175	+	206	88397584	9197
chr11	88388387	88588387	harbor1	chr11	88407479	88407828	LTR/ERVL-MaLR	416	+	174	88407653	19266
chr11	88388387	88588387	harbor1	chr11	88417619	88418153	LTR/ERVL-MaLR	1063	+	267	88417886	29499
chr11	88388387	88588387	harbor1	chr11	88447088	88447162	LTR/ERVL-MaLR	397	+	37	88447125	58738
chr11	88388387	88588387	harbor1	chr11	88447163	88448297	LTR/ERVL-MaLR	2706	+	567	88447730	59343
chr11	88388387	88588387	harbor1	chr11	88448794	88448957	LTR/ERVL-MaLR	2706	+	82	88448876	60489
chr11	88388387	88588387	harbor1	chr11	88450443	88450680	LTR/ERVL-MaLR	2706	+	118	88450561	62174
chr11	88388387	88588387	harbor1	chr11	88450681	88451162	LTR/ERVL-MaLR	2201	+	240	88450921	62534
chr11	88388387	88588387	harbor1	chr11	88454795	88455244	LTR/ERVL-MaLR	948	+	224	88455019	66632
chr11	88388387	88588387	harbor1	chr11	88455457	88456241	LTR/ERVL-MaLR	3194	+	392	88455849	67462
chr11	88388387	88588387	harbor1	chr11	88456307	88456862	LTR/ERVL-MaLR	3194	+	278	88456585	68198
chr11	88388387	88588387	harbor1	chr11	88478847	88479097	LTR/ERVL-MaLR	1157	+	125	88478972	90585
chr11	88388387	88588387	harbor1	chr11	88456892	88457448	LTR/ERVL-MaLR	1487	+	278	88457170	68783
chr11	41359916	41559916	harbor1	chr11	41366569	41366927	LTR/ERVL-MaLR	1754	+	179	41366748	6832
chr11	41359916	41559916	harbor1	chr11	41370347	41370700	LTR/ERVL-MaLR	2278	+	176	41370523	10607
chr11	41359916	41559916	harbor1	chr11	41392582	41392921	LTR/ERVL-MaLR	970	+	170	41392752	32836
chr11	41359916	41559916	harbor1	chr11	41419208	41419511	LTR/ERVL-MaLR	580	+	152	41419360	59444
chr11	41359916	41559916	harbor1	chr11	41422447	41422706	LTR/ERVL-MaLR	877	+	130	41422577	62661
chr11	41359916	41559916	harbor1	chr11	41423853	41423946	LTR/ERVL-MaLR	593	+	46	41423899	63983
chr11	41359916	41559916	harbor1	chr11	41423931	41424062	LTR/ERVL-MaLR	750	+	66	41423997	64081
chr11	41359916	41559916	harbor1	chr11	41428980	41429359	LTR/ERVL-MaLR	2705	+	190	41429170	69254
chr11	41359916	41559916	harbor1	chr11	41440609	41440970	LTR/ERVL-MaLR	1959	+	180	41440789	80873
chr11	2565977	2765977	harbor1	chr11	2601867	2602357	LTR/ERVL-MaLR	2308	+	245	2602112	36135
chr11	2565977	2765977	harbor1	chr11	2606299	2606703	LTR/ERVL-MaLR	2449	+	202	2606501	40524
chr11	2565977	2765977	harbor1	chr11	2607352	2607707	LTR/ERVL-MaLR	2141	+	178	2607530	41553
chr11	2565977	2765977	harbor1	chr11	2622963	2623326	LTR/ERVL-MaLR	2062	+	182	2623145	57168
chr11	21236685	21436685	harbor1	chr11	21248636	21249064	LTR/ERVL-MaLR	605	+	214	21248850	12165
chr11	21236685	21436685	harbor1	chr11	21311820	21312177	LTR/ERVL-MaLR	1656	+	178	21311998	75313
chr11	21236685	21436685	harbor1	chr11	21313804	21314221	LTR/ERVL-MaLR	2233	+	208	21314012	77327
chr11	21236685	21436685	harbor1	chr11	21327005	21327183	LTR/ERVL-MaLR	2544	+	89	21327094	90409
chr11	21236685	21436685	harbor1	chr11	21327354	21327573	LTR/ERVL-MaLR	2544	+	110	21327464	90779
chr11	21236685	21436685	harbor1	chr11	21327574	21329115	LTR/ERVL-MaLR	10193	+	770	21328344	91659
chr11	21236685	21436685	harbor1	chr11	21329116	21329480	LTR/ERVL-MaLR	2475	+	182	21329298	92613
chr11	38484530	38684530	harbor1	chr11	38496598	38496828	LTR/ERVL-MaLR	515	+	115	38496713	12183
chr11	38484530	38684530	harbor1	chr11	38499856	38499998	LTR/ERVL-MaLR	809	+	71	38499927	15397
chr11	38484530	38684530	harbor1	chr11	38500008	38500228	LTR/ERVL-MaLR	958	+	110	38500118	15588
chr11	38484530	38684530	harbor1	chr11	38517362	38517725	LTR/ERVL-MaLR	1219	+	182	38517544	33014
chr11	38484530	38684530	harbor1	chr11	38531903	38532288	LTR/ERVL-MaLR	2436	+	192	38532095	47565
chr11	38484530	38684530	harbor1	chr11	38532619	38532658	LTR/ERVL-MaLR	2436	+	20	38532639	48109
chr11	38484530	38684530	harbor1	chr11	38570831	38571232	LTR/ERVL-MaLR	1487	+	200	38571031	86501
chr11	42090385	42290385	harbor1	chr11	42094058	42094425	LTR/ERVL-MaLR	2022	+	184	42094242	3857
chr11	42090385	42290385	harbor1	chr11	42094426	42095995	LTR/ERVL-MaLR	11189	+	784	42095210	4825
chr11	42090385	42290385	harbor1	chr11	42095996	42096364	LTR/ERVL-MaLR	1988	+	184	42096180	5795
chr11	42090385	42290385	harbor1	chr11	42104847	42105223	LTR/ERVL-MaLR	1763	+	188	42105035	14650
chr11	42090385	42290385	harbor1	chr11	42120304	42120668	LTR/ERVL-MaLR	2327	+	182	42120486	30101
chr11	42090385	42290385	harbor1	chr11	42131170	42131515	LTR/ERVL-MaLR	846	+	172	42131342	40957
chr11	42090385	42290385	harbor1	chr11	42131807	42131863	LTR/ERVL-MaLR	846	+	28	42131835	41450
chr11	42090385	42290385	harbor1	chr11	42140978	42141418	LTR/ERVL-MaLR	2126	+	220	42141198	50813
chr11	42090385	42290385	harbor1	chr11	42161360	42161778	LTR/ERVL-MaLR	1931	+	209	42161569	71184
chr11	42090385	42290385	harbor1	chr11	42161783	42162367	LTR/ERVL-MaLR	2677	+	292	42162075	71690
chr11	103502317	103702317	harbor1	chr11	103516411	103516672	LTR/ERVL-MaLR	718	+	130	103516541	14224
chr11	103502317	103702317	harbor1	chr11	103520388	103520736	LTR/ERVL-MaLR	1597	+	174	103520562	18245
chr11	103502317	103702317	harbor1	chr11	103521915	103522297	LTR/ERVL-MaLR	785	+	191	103522106	19789
chr11	103502317	103702317	harbor1	chr11	103566382	103566538	LTR/ERVL-MaLR	433	+	78	103566460	64143
chr11	103502317	103702317	harbor1	chr11	103567111	103567404	LTR/ERVL-MaLR	713	+	146	103567257	64940
chr11	103502317	103702317	harbor1	chr11	103579730	103580092	LTR/ERVL-MaLR	2069	+	181	103579911	77594
chr11	103502317	103702317	harbor1	chr11	103593099	103593544	LTR/ERVL-MaLR	491	+	222	103593321	91004
chr11	103502317	103702317	harbor1	chr11	103594156	103594600	LTR/ERVL-MaLR	530	+	222	103594378	92061
chr11	103502317	103702317	harbor1	chr11	103595474	103595954	LTR/ERVL-MaLR	804	+	240	103595714	93397
chr11	131460042	131660042	harbor1	chr11	131502116	131502448	LTR/ERVL-MaLR	1158	+	166	131502282	42240
chr11	131460042	131660042	harbor1	chr11	131550333	131550717	LTR/ERVL-MaLR	2107	+	192	131550525	90483
chr11	39686893	39886893	harbor1	chr11	39709828	39710265	LTR/ERVL-MaLR	930	+	218	39710046	23153
chr11	39686893	39886893	harbor1	chr11	39710630	39711177	LTR/ERVL-MaLR	712	+	274	39710904	24011
chr11	39686893	39886893	harbor1	chr11	39711231	39711610	LTR/ERVL-MaLR	549	+	190	39711421	24528
chr11	39686893	39886893	harbor1	chr11	39715019	39715366	LTR/ERVL-MaLR	2522	+	174	39715193	28300
chr11	39686893	39886893	harbor1	chr11	39715367	39716929	LTR/ERVL-MaLR	11447	+	781	39716148	29255
chr11	39686893	39886893	harbor1	chr11	39716931	39717286	LTR/ERVL-MaLR	2540	+	178	39717109	30216
chr11	39686893	39886893	harbor1	chr11	39742522	39742771	LTR/ERVL-MaLR	1589	+	124	39742646	55753
chr11	39686893	39886893	harbor1	chr11	39742775	39744286	LTR/ERVL-MaLR	8646	+	756	39743531	56638
chr11	39686893	39886893	harbor1	chr11	39744287	39744671	LTR/ERVL-MaLR	2104	+	192	39744479	57586
chr11	39686893	39886893	harbor1	chr11	39775056	39775106	LTR/ERVL-MaLR	394	+	25	39775081	88188
chr11	39686893	39886893	harbor1	chr11	39775107	39775481	LTR/ERVL-MaLR	2358	+	187	39775294	88401
chr11	39686893	39886893	harbor1	chr11	39775482	39775587	LTR/ERVL-MaLR	394	+	52	39775534	88641
chr11	39686893	39886893	harbor1	chr11	39776674	39777035	LTR/ERVL-MaLR	435	+	180	39776854	89961
chr11	39686893	39886893	harbor1	chr11	39781710	39782062	LTR/ERVL-MaLR	1839	+	176	39781886	94993
chr11	121963765	122163765	harbor1	chr11	121973062	121973485	LTR/ERVL-MaLR	1288	+	212	121973274	9509
chr11	121963765	122163765	harbor1	chr11	121993050	121993370	LTR/ERVL-MaLR	608	+	160	121993210	29445
chr11	121963765	122163765	harbor1	chr11	121993609	121993636	LTR/ERVL-MaLR	1904	+	14	121993623	29858
chr11	121963765	122163765	harbor1	chr11	121993942	121994293	LTR/ERVL-MaLR	1904	+	176	121994118	30353
chr11	121963765	122163765	harbor1	chr11	122043850	122044228	LTR/ERVL-MaLR	1796	+	189	122044039	80274
chr11	121963765	122163765	harbor1	chr11	122063101	122063306	LTR/ERVL-MaLR	1189	+	102	122063203	99438
chr11	69356778	69556778	harbor1	chr11	69369857	69370021	LTR/ERVL-MaLR	402	+	82	69369939	13161
chr11	69356778	69556778	harbor1	chr11	69373565	69373679	LTR/ERVL-MaLR	1717	+	57	69373622	16844
chr11	69356778	69556778	harbor1	chr11	69373978	69374229	LTR/ERVL-MaLR	1717	+	126	69374104	17326
chr11	69356778	69556778	harbor1	chr11	69397419	69397782	LTR/ERVL-MaLR	2176	+	182	69397601	40823
chr11	69356778	69556778	harbor1	chr11	69402979	69403337	LTR/ERVL-MaLR	2540	+	179	69403158	46380
chr11	69356778	69556778	harbor1	chr11	69413988	69414362	LTR/ERVL-MaLR	2661	+	187	69414175	57397
chr11	69356778	69556778	harbor1	chr11	69427832	69428264	LTR/ERVL-MaLR	1680	+	216	69428048	71270
chr11	69356778	69556778	harbor1	chr11	69429124	69429663	LTR/ERVL-MaLR	1955	+	270	69429394	72616
chr11	69356778	69556778	harbor1	chr11	69436503	69436823	LTR/ERVL-MaLR	1101	+	160	69436663	79885
chr11	69356778	69556778	harbor1	chr11	69439573	69439721	LTR/ERVL-MaLR	465	+	74	69439647	82869
chr11	69356778	69556778	harbor1	chr11	69439844	69440113	LTR/ERVL-MaLR	870	+	134	69439978	83200
chr11	69356778	69556778	harbor1	chr11	69452529	69452919	LTR/ERVL-MaLR	768	+	195	69452724	95946
chr11	103477047	103677047	harbor1	chr11	103484075	103484333	LTR/ERVL-MaLR	652	+	129	103484204	7157
chr11	103477047	103677047	harbor1	chr11	103516411	103516672	LTR/ERVL-MaLR	718	+	130	103516541	39494
chr11	103477047	103677047	harbor1	chr11	103520388	103520736	LTR/ERVL-MaLR	1597	+	174	103520562	43515
chr11	103477047	103677047	harbor1	chr11	103521915	103522297	LTR/ERVL-MaLR	785	+	191	103522106	45059
chr11	103477047	103677047	harbor1	chr11	103566382	103566538	LTR/ERVL-MaLR	433	+	78	103566460	89413
chr11	103477047	103677047	harbor1	chr11	103567111	103567404	LTR/ERVL-MaLR	713	+	146	103567257	90210
chr11	66138353	66338353	harbor1	chr11	66161990	66162112	LTR/ERVL-MaLR	952	+	61	66162051	23698
chr11	66138353	66338353	harbor1	chr11	66162422	66162722	LTR/ERVL-MaLR	952	+	150	66162572	24219
chr11	66138353	66338353	harbor1	chr11	66172243	66172701	LTR/ERVL-MaLR	1929	+	229	66172472	34119
chr11	6780138	6980138	harbor1	chr11	6815201	6815619	LTR/ERVL-MaLR	1930	+	209	6815410	35272
chr11	6780138	6980138	harbor1	chr11	6819807	6820074	LTR/ERVL-MaLR	1279	+	134	6819941	39803
chr11	6780138	6980138	harbor1	chr11	6847573	6847706	LTR/ERVL-MaLR	794	+	66	6847639	67501
chr11	6780138	6980138	harbor1	chr11	6849374	6849751	LTR/ERVL-MaLR	2079	+	188	6849562	69424
chr11	6780138	6980138	harbor1	chr11	6847707	6849295	LTR/ERVL-MaLR	8805	+	794	6848501	68363
chr11	123134655	123334655	harbor1	chr11	123140791	123141173	LTR/ERVL-MaLR	1991	+	191	123140982	6327
chr11	123134655	123334655	harbor1	chr11	123141484	123141521	LTR/ERVL-MaLR	1991	+	18	123141502	6847
chr11	123134655	123334655	harbor1	chr11	123143373	123143671	LTR/ERVL-MaLR	492	+	149	123143522	8867
chr11	123134655	123334655	harbor1	chr11	123143695	123143812	LTR/ERVL-MaLR	934	+	58	123143753	9098
chr11	123134655	123334655	harbor1	chr11	123144113	123144252	LTR/ERVL-MaLR	934	+	70	123144183	9528
chr11	123134655	123334655	harbor1	chr11	123149201	123149377	LTR/ERVL-MaLR	821	+	88	123149289	14634
chr11	123134655	123334655	harbor1	chr11	123152582	123152720	LTR/ERVL-MaLR	996	+	69	123152651	17996
chr11	123134655	123334655	harbor1	chr11	123155665	123155976	LTR/ERVL-MaLR	1611	+	156	123155821	21166
chr11	123134655	123334655	harbor1	chr11	123155981	123156349	LTR/ERVL-MaLR	1322	+	184	123156165	21510
chr11	123134655	123334655	harbor1	chr11	123156361	123156568	LTR/ERVL-MaLR	1028	+	104	123156465	21810
chr11	123134655	123334655	harbor1	chr11	123180269	123180585	LTR/ERVL-MaLR	1721	+	158	123180427	45772
chr11	123134655	123334655	harbor1	chr11	123222049	123222404	LTR/ERVL-MaLR	1944	+	178	123222227	87572
chr11	123134655	123334655	harbor1	chr11	123222772	123223151	LTR/ERVL-MaLR	2555	+	190	123222962	88307
chr11	123134655	123334655	harbor1	chr11	123223197	123223606	LTR/ERVL-MaLR	2726	+	204	123223401	88746
chr11	123134655	123334655	harbor1	chr11	123228945	123229279	LTR/ERVL-MaLR	1351	+	167	123229112	94457
chr11	123134655	123334655	harbor1	chr11	123232997	123233408	LTR/ERVL-MaLR	1369	+	206	123233203	98548
chr11	89538689	89738689	harbor1	chr11	89538817	89539151	LTR/ERVL-MaLR	1135	+	167	89538984	295
chr11	89538689	89738689	harbor1	chr11	89539442	89539525	LTR/ERVL-MaLR	1135	+	42	89539484	795
chr11	89538689	89738689	harbor1	chr11	89548132	89548493	LTR/ERVL-MaLR	1266	+	180	89548312	9623
chr11	89538689	89738689	harbor1	chr11	89553154	89553519	LTR/ERVL-MaLR	2053	+	182	89553336	14647
chr11	89538689	89738689	harbor1	chr11	89559935	89560450	LTR/ERVL-MaLR	933	+	258	89560193	21504
chr11	89538689	89738689	harbor1	chr11	89562810	89563184	LTR/ERVL-MaLR	2181	+	187	89562997	24308
chr11	89538689	89738689	harbor1	chr11	89589299	89589739	LTR/ERVL-MaLR	681	+	220	89589519	50830
chr11	131462723	131662723	harbor1	chr11	131502116	131502448	LTR/ERVL-MaLR	1158	+	166	131502282	39559
chr11	131462723	131662723	harbor1	chr11	131550333	131550717	LTR/ERVL-MaLR	2107	+	192	131550525	87802
chr11	94321756	94521756	harbor1	chr11	94334233	94334594	LTR/ERVL-MaLR	1344	+	180	94334413	12657
chr11	94321756	94521756	harbor1	chr11	94334807	94334837	LTR/ERVL-MaLR	1344	+	15	94334822	13066
chr11	94321756	94521756	harbor1	chr11	94365317	94365748	LTR/ERVL-MaLR	2691	+	216	94365533	43777
chr11	94321756	94521756	harbor1	chr11	94367739	94368251	LTR/ERVL-MaLR	1615	+	256	94367995	46239
chr11	94321756	94521756	harbor1	chr11	94369681	94370091	LTR/ERVL-MaLR	2474	+	205	94369886	48130
chr11	107138502	107338502	harbor1	chr11	107150068	107150424	LTR/ERVL-MaLR	461	+	178	107150246	11744
chr11	107138502	107338502	harbor1	chr11	107213724	107213889	LTR/ERVL-MaLR	548	+	82	107213806	75304
chr11	107138502	107338502	harbor1	chr11	107220275	107220813	LTR/ERVL-MaLR	1603	+	269	107220544	82042
chr11	15716278	15916278	harbor1	chr11	15733411	15733799	LTR/ERVL-MaLR	394	+	194	15733605	17327
chr11	15716278	15916278	harbor1	chr11	15742049	15742243	LTR/ERVL-MaLR	592	+	97	15742146	25868
chr11	15716278	15916278	harbor1	chr11	15746691	15747101	LTR/ERVL-MaLR	2271	+	205	15746896	30618
chr11	15716278	15916278	harbor1	chr11	15782531	15782968	LTR/ERVL-MaLR	1131	+	218	15782749	66471
chr11	15716278	15916278	harbor1	chr11	15808746	15809105	LTR/ERVL-MaLR	1784	+	180	15808926	92648
chr11	85608148	85808148	harbor1	chr11	85640577	85641048	LTR/ERVL-MaLR	1642	+	236	85640813	32665
chr11	85608148	85808148	harbor1	chr11	85670778	85671005	LTR/ERVL-MaLR	958	+	114	85670892	62744
chr11	85608148	85808148	harbor1	chr11	85680874	85681114	LTR/ERVL-MaLR	473	+	120	85680994	72846
chr11	87272884	87472884	harbor1	chr11	87281673	87281986	LTR/ERVL-MaLR	831	+	156	87281829	8945
chr11	87272884	87472884	harbor1	chr11	87310637	87310806	LTR/ERVL-MaLR	788	+	84	87310721	37837
chr11	87272884	87472884	harbor1	chr11	87327057	87327413	LTR/ERVL-MaLR	567	+	178	87327235	54351
chr11	87272884	87472884	harbor1	chr11	87333589	87333775	LTR/ERVL-MaLR	1887	+	93	87333682	60798
chr11	87272884	87472884	harbor1	chr11	87334075	87334277	LTR/ERVL-MaLR	1887	+	101	87334176	61292
chr11	96961880	97161880	harbor1	chr11	96996841	96997195	LTR/ERVL-MaLR	1596	+	177	96997018	35138
chr11	96961880	97161880	harbor1	chr11	97003461	97003951	LTR/ERVL-MaLR	1865	+	245	97003706	41826
chr11	96961880	97161880	harbor1	chr11	97036014	97036296	LTR/ERVL-MaLR	1239	+	141	97036155	74275
chr11	96961880	97161880	harbor1	chr11	97056562	97057068	LTR/ERVL-MaLR	1812	+	253	97056815	94935
chr11	83108771	83308771	harbor1	chr11	83138287	83138569	LTR/ERVL-MaLR	838	+	141	83138428	29657
chr11	83108771	83308771	harbor1	chr11	83206437	83206798	LTR/ERVL-MaLR	2214	+	180	83206617	97846
chr11	83108771	83308771	harbor1	chr11	83148551	83148832	LTR/ERVL-MaLR	630	+	140	83148691	39920
chr11	13740596	13940596	harbor1	chr11	13769055	13769303	LTR/ERVL-MaLR	544	+	124	13769179	28583
chr11	13740596	13940596	harbor1	chr11	13770378	13770939	LTR/ERVL-MaLR	786	+	280	13770658	30062
chr11	13740596	13940596	harbor1	chr11	13787313	13787688	LTR/ERVL-MaLR	2210	+	188	13787501	46905
chr11	13740596	13940596	harbor1	chr11	13789878	13790156	LTR/ERVL-MaLR	569	+	139	13790017	49421
chr11	13740596	13940596	harbor1	chr11	13791407	13791689	LTR/ERVL-MaLR	1499	+	141	13791548	50952
chr11	13740596	13940596	harbor1	chr11	13803447	13803811	LTR/ERVL-MaLR	2061	+	182	13803629	63033
chr11	13740596	13940596	harbor1	chr11	13832248	13832583	LTR/ERVL-MaLR	1308	+	168	13832416	91820
chr11	63516977	63716977	harbor1	chr11	63517601	63517761	LTR/ERVL-MaLR	1473	+	80	63517681	704
chr11	63516977	63716977	harbor1	chr11	63518054	63518266	LTR/ERVL-MaLR	1473	+	106	63518160	1183
chr11	63516977	63716977	harbor1	chr11	63520248	63520417	LTR/ERVL-MaLR	1164	+	84	63520332	3355
chr11	63516977	63716977	harbor1	chr11	63520904	63521101	LTR/ERVL-MaLR	880	+	98	63521002	4025
chr11	63516977	63716977	harbor1	chr11	63571390	63571468	LTR/ERVL-MaLR	518	+	39	63571429	54452
chr11	63516977	63716977	harbor1	chr11	63572370	63572713	LTR/ERVL-MaLR	2183	+	172	63572542	55565
chr11	63516977	63716977	harbor1	chr11	63580227	63580373	LTR/ERVL-MaLR	1743	+	73	63580300	63323
chr11	63516977	63716977	harbor1	chr11	63580681	63580842	LTR/ERVL-MaLR	1743	+	80	63580761	63784
chr11	63516977	63716977	harbor1	chr11	63581894	63582094	LTR/ERVL-MaLR	1743	+	100	63581994	65017
chr11	63516977	63716977	harbor1	chr11	63596642	63596815	LTR/ERVL-MaLR	2027	+	86	63596728	79751
chr11	63516977	63716977	harbor1	chr11	63597109	63597242	LTR/ERVL-MaLR	2027	+	66	63597175	80198
chr11	63516977	63716977	harbor1	chr11	63597546	63597612	LTR/ERVL-MaLR	2027	+	33	63597579	80602
chr11	102882022	103082022	harbor1	chr11	102893691	102893976	LTR/ERVL-MaLR	1864	+	142	102893833	11811
chr11	102882022	103082022	harbor1	chr11	102895879	102896243	LTR/ERVL-MaLR	2270	+	182	102896061	14039
chr11	102882022	103082022	harbor1	chr11	102897657	102898014	LTR/ERVL-MaLR	2220	+	178	102897835	15813
chr11	102882022	103082022	harbor1	chr11	102915408	102915589	LTR/ERVL-MaLR	1035	+	90	102915498	33476
chr11	102882022	103082022	harbor1	chr11	102917753	102918087	LTR/ERVL-MaLR	1735	+	167	102917920	35898
chr11	29448325	29648325	harbor1	chr11	29449024	29449656	LTR/ERVL-MaLR	1530	+	316	29449340	1015
chr11	29448325	29648325	harbor1	chr11	29450150	29450477	LTR/ERVL-MaLR	1030	+	164	29450314	1989
chr11	29448325	29648325	harbor1	chr11	29451946	29452097	LTR/ERVL-MaLR	421	+	76	29452022	3697
chr11	29448325	29648325	harbor1	chr11	29452159	29452246	LTR/ERVL-MaLR	409	+	44	29452203	3878
chr11	29448325	29648325	harbor1	chr11	29457449	29457825	LTR/ERVL-MaLR	2595	+	188	29457637	9312
chr11	29448325	29648325	harbor1	chr11	29472533	29472666	LTR/ERVL-MaLR	635	+	66	29472599	24274
chr11	29448325	29648325	harbor1	chr11	29473357	29473494	LTR/ERVL-MaLR	678	+	68	29473425	25100
chr11	29448325	29648325	harbor1	chr11	29473693	29473923	LTR/ERVL-MaLR	678	+	115	29473808	25483
chr11	29448325	29648325	harbor1	chr11	29489073	29489251	LTR/ERVL-MaLR	2359	+	89	29489162	40837
chr11	29448325	29648325	harbor1	chr11	29489554	29489753	LTR/ERVL-MaLR	2359	+	100	29489654	41329
chr11	29448325	29648325	harbor1	chr11	29534358	29534828	LTR/ERVL-MaLR	1616	+	235	29534593	86268
chr11	83147528	83347528	harbor1	chr11	83206437	83206798	LTR/ERVL-MaLR	2214	+	180	83206617	59089
chr11	83147528	83347528	harbor1	chr11	83148551	83148832	LTR/ERVL-MaLR	630	+	140	83148691	1163
chr11	12367641	12567641	harbor1	chr11	12409331	12409831	LTR/ERVL-MaLR	2003	+	250	12409581	41940
chr11	12367641	12567641	harbor1	chr11	12462177	12462655	LTR/ERVL-MaLR	1946	+	239	12462416	94775
chr11	12367641	12567641	harbor1	chr11	12464709	12464832	LTR/ERVL-MaLR	2624	+	62	12464771	97130
chr11	12367641	12567641	harbor1	chr11	12465180	12465451	LTR/ERVL-MaLR	2624	+	136	12465316	97675
chr11	1400822	1600822	harbor1	chr11	1477441	1477801	LTR/ERVL-MaLR	583	+	180	1477621	76799
chr11	1400822	1600822	harbor1	chr11	1497293	1497454	LTR/ERVL-MaLR	496	+	80	1497373	96551
chr11	43119223	43319223	harbor1	chr11	43128605	43128946	LTR/ERVL-MaLR	1712	+	170	43128775	9552
chr11	43119223	43319223	harbor1	chr11	43136804	43137099	LTR/ERVL-MaLR	588	+	148	43136952	17729
chr11	43119223	43319223	harbor1	chr11	43139257	43139691	LTR/ERVL-MaLR	1859	+	217	43139474	20251
chr11	43119223	43319223	harbor1	chr11	43173799	43174127	LTR/ERVL-MaLR	1778	+	164	43173963	54740
chr11	43119223	43319223	harbor1	chr11	43181261	43181749	LTR/ERVL-MaLR	2279	+	244	43181505	62282
chr11	43119223	43319223	harbor1	chr11	43183421	43183857	LTR/ERVL-MaLR	1665	+	218	43183639	64416
chr11	43119223	43319223	harbor1	chr11	43192326	43192685	LTR/ERVL-MaLR	444	+	180	43192506	73283
chr11	43119223	43319223	harbor1	chr11	43195779	43196112	LTR/ERVL-MaLR	706	+	166	43195945	76722
chr11	43119223	43319223	harbor1	chr11	43215539	43215913	LTR/ERVL-MaLR	2755	+	187	43215726	96503
chr11	43119223	43319223	harbor1	chr11	43122516	43122869	LTR/ERVL-MaLR	2059	+	176	43122692	3469
chr11	108574239	108774239	harbor1	chr11	108585281	108585638	LTR/ERVL-MaLR	1947	+	178	108585459	11220
chr11	108574239	108774239	harbor1	chr11	108602859	108603237	LTR/ERVL-MaLR	2641	+	189	108603048	28809
chr11	108574239	108774239	harbor1	chr11	108669599	108670080	LTR/ERVL-MaLR	1982	+	240	108669839	95600
chr11	95438969	95638969	harbor1	chr11	95448125	95448612	LTR/ERVL-MaLR	1146	+	244	95448369	9400
chr11	95438969	95638969	harbor1	chr11	95451873	95452191	LTR/ERVL-MaLR	1192	+	159	95452032	13063
chr11	95438969	95638969	harbor1	chr11	95456641	95456896	LTR/ERVL-MaLR	892	+	128	95456769	17800
chr11	95438969	95638969	harbor1	chr11	95465993	95466384	LTR/ERVL-MaLR	759	+	196	95466189	27220
chr11	95438969	95638969	harbor1	chr11	95488448	95488837	LTR/ERVL-MaLR	1497	+	194	95488642	49673
chr11	95438969	95638969	harbor1	chr11	95531050	95531476	LTR/ERVL-MaLR	2374	+	213	95531263	92294
chr11	88374871	88574871	harbor1	chr11	88397378	88397791	LTR/ERVL-MaLR	2175	+	206	88397584	22713
chr11	88374871	88574871	harbor1	chr11	88407479	88407828	LTR/ERVL-MaLR	416	+	174	88407653	32782
chr11	88374871	88574871	harbor1	chr11	88417619	88418153	LTR/ERVL-MaLR	1063	+	267	88417886	43015
chr11	88374871	88574871	harbor1	chr11	88447088	88447162	LTR/ERVL-MaLR	397	+	37	88447125	72254
chr11	88374871	88574871	harbor1	chr11	88447163	88448297	LTR/ERVL-MaLR	2706	+	567	88447730	72859
chr11	88374871	88574871	harbor1	chr11	88448794	88448957	LTR/ERVL-MaLR	2706	+	82	88448876	74005
chr11	88374871	88574871	harbor1	chr11	88450443	88450680	LTR/ERVL-MaLR	2706	+	118	88450561	75690
chr11	88374871	88574871	harbor1	chr11	88450681	88451162	LTR/ERVL-MaLR	2201	+	240	88450921	76050
chr11	88374871	88574871	harbor1	chr11	88454795	88455244	LTR/ERVL-MaLR	948	+	224	88455019	80148
chr11	88374871	88574871	harbor1	chr11	88455457	88456241	LTR/ERVL-MaLR	3194	+	392	88455849	80978
chr11	88374871	88574871	harbor1	chr11	88456307	88456862	LTR/ERVL-MaLR	3194	+	278	88456585	81714
chr11	88374871	88574871	harbor1	chr11	88456892	88457448	LTR/ERVL-MaLR	1487	+	278	88457170	82299
chr11	55450892	55650892	harbor1	chr11	55454336	55454685	LTR/ERVL-MaLR	1813	+	174	55454510	3618
chr11	55450892	55650892	harbor1	chr11	55513509	55513681	LTR/ERVL-MaLR	934	+	86	55513595	62703
chr11	6530607	6730607	harbor1	chr11	6565209	6565380	LTR/ERVL-MaLR	476	+	86	6565295	34688
chr11	17145391	17345391	harbor1	chr11	17145244	17145546	LTR/ERVL-MaLR	1654	+	151	17145395	4
chr11	17145391	17345391	harbor1	chr11	17172117	17172573	LTR/ERVL-MaLR	925	+	228	17172345	26954
chr11	17145391	17345391	harbor1	chr11	17173312	17173655	LTR/ERVL-MaLR	1282	+	172	17173484	28093
chr11	17145391	17345391	harbor1	chr11	17192854	17193263	LTR/ERVL-MaLR	1204	+	204	17193058	47667
chr11	17145391	17345391	harbor1	chr11	17239658	17239916	LTR/ERVL-MaLR	2103	+	129	17239787	94396
chr11	17145391	17345391	harbor1	chr11	17240225	17240396	LTR/ERVL-MaLR	2103	+	86	17240311	94920
chr11	100696789	100896789	harbor1	chr11	100786836	100786996	LTR/ERVL-MaLR	1778	+	80	100786916	90127
chr11	100696789	100896789	harbor1	chr11	100787292	100787490	LTR/ERVL-MaLR	1778	+	99	100787391	90602
chr11	108145695	108345695	harbor1	chr11	108181066	108181172	LTR/ERVL-MaLR	497	+	53	108181119	35424
chr11	108145695	108345695	harbor1	chr11	108210246	108210639	LTR/ERVL-MaLR	2216	+	196	108210442	64747
chr11	108145695	108345695	harbor1	chr11	108239038	108239377	LTR/ERVL-MaLR	1361	+	170	108239208	93513
chr11	68243792	68443792	harbor1	chr11	68244953	68245328	LTR/ERVL-MaLR	2377	+	188	68245141	1349
chr11	68243792	68443792	harbor1	chr11	68249359	68249714	LTR/ERVL-MaLR	2022	+	178	68249537	5745
chr11	68243792	68443792	harbor1	chr11	68250943	68251317	LTR/ERVL-MaLR	2617	+	187	68251130	7338
chr11	68243792	68443792	harbor1	chr11	68251897	68252217	LTR/ERVL-MaLR	1391	+	160	68252057	8265
chr11	68243792	68443792	harbor1	chr11	68252518	68252581	LTR/ERVL-MaLR	1391	+	32	68252550	8758
chr11	68243792	68443792	harbor1	chr11	68284572	68284930	LTR/ERVL-MaLR	2870	+	179	68284751	40959
chr11	68243792	68443792	harbor1	chr11	68290573	68290850	LTR/ERVL-MaLR	1018	+	138	68290711	46919
chr11	68243792	68443792	harbor1	chr11	68303267	68303496	LTR/ERVL-MaLR	8095	+	114	68303381	59589
chr11	68243792	68443792	harbor1	chr11	68305074	68305436	LTR/ERVL-MaLR	2173	+	181	68305255	61463
chr11	68243792	68443792	harbor1	chr11	68305743	68305783	LTR/ERVL-MaLR	2173	+	20	68305763	61971
chr11	68243792	68443792	harbor1	chr11	68303793	68305073	LTR/ERVL-MaLR	8095	+	640	68304433	60641
chr11	49235848	49435848	harbor1	chr11	49245467	49245872	LTR/ERVL-MaLR	768	+	202	49245669	9821
chr11	49235848	49435848	harbor1	chr11	49273424	49273786	LTR/ERVL-MaLR	2307	+	181	49273605	37757
chr11	49235848	49435848	harbor1	chr11	49276529	49276916	LTR/ERVL-MaLR	1938	+	194	49276723	40875
chr11	85649151	85849151	harbor1	chr11	85670778	85671005	LTR/ERVL-MaLR	958	+	114	85670892	21741
chr11	85649151	85849151	harbor1	chr11	85680874	85681114	LTR/ERVL-MaLR	473	+	120	85680994	31843
chr11	56611793	56811793	harbor1	chr11	56680876	56681213	LTR/ERVL-MaLR	1661	+	168	56681044	69251
chr11	9554511	9754511	harbor1	chr11	9597065	9597238	LTR/ERVL-MaLR	442	+	86	9597151	42640
chr11	9554511	9754511	harbor1	chr11	9624402	9624692	LTR/ERVL-MaLR	2893	+	145	9624547	70036
chr11	9554511	9754511	harbor1	chr11	9624829	9625216	LTR/ERVL-MaLR	2893	+	194	9625023	70512
chr11	21832342	22032342	harbor1	chr11	21835215	21835575	LTR/ERVL-MaLR	1512	+	180	21835395	3053
chr11	21832342	22032342	harbor1	chr11	21843368	21843991	LTR/ERVL-MaLR	2499	+	312	21843680	11338
chr11	21832342	22032342	harbor1	chr11	21844378	21844731	LTR/ERVL-MaLR	2042	+	176	21844554	12212
chr11	21832342	22032342	harbor1	chr11	21887767	21888234	LTR/ERVL-MaLR	1739	+	234	21888001	55659
chr11	21832342	22032342	harbor1	chr11	21910546	21910695	LTR/ERVL-MaLR	406	+	74	21910620	78278
chr11	21832342	22032342	harbor1	chr11	21912261	21912515	LTR/ERVL-MaLR	866	+	127	21912388	80046
chr11	21832342	22032342	harbor1	chr11	21915403	21915776	LTR/ERVL-MaLR	2574	+	186	21915589	83247
chr11	21832342	22032342	harbor1	chr11	21915781	21916301	LTR/ERVL-MaLR	2188	+	260	21916041	83699
chr11	21832342	22032342	harbor1	chr11	21916300	21916762	LTR/ERVL-MaLR	2755	+	231	21916531	84189
chr11	21832342	22032342	harbor1	chr11	21916763	21917138	LTR/ERVL-MaLR	2351	+	188	21916951	84609
chr11	78137720	78337720	harbor1	chr11	78180770	78181133	LTR/ERVL-MaLR	2494	+	182	78180952	43232
chr11	120980118	121180118	harbor1	chr11	121006201	121006574	LTR/ERVL-MaLR	2854	+	186	121006387	26269
chr11	62900720	63100720	harbor1	chr11	62902469	62902889	LTR/ERVL-MaLR	2018	+	210	62902679	1959
chr11	62900720	63100720	harbor1	chr11	62937525	62937893	LTR/ERVL-MaLR	2507	+	184	62937709	36989
chr11	62900720	63100720	harbor1	chr11	62961038	62961407	LTR/ERVL-MaLR	2000	+	184	62961222	60502
chr11	62900720	63100720	harbor1	chr11	62961427	62961675	LTR/ERVL-MaLR	583	+	124	62961551	60831
chr11	133897656	134097656	harbor1	chr11	133978850	133979417	LTR/ERVL-MaLR	1352	+	284	133979134	81478
chr11	76053459	76253459	harbor1	chr11	76145026	76145219	LTR/ERVL-MaLR	1307	+	96	76145122	91663
chr11	76053459	76253459	harbor1	chr11	76145451	76145684	LTR/ERVL-MaLR	1423	+	116	76145567	92108
chr11	20341874	20541874	harbor1	chr11	20356291	20356730	LTR/ERVL-MaLR	1355	+	220	20356511	14637
chr11	20341874	20541874	harbor1	chr11	20359598	20359807	LTR/ERVL-MaLR	399	+	104	20359702	17828
chr11	106664915	106864915	harbor1	chr11	106668427	106668758	LTR/ERVL-MaLR	1832	+	166	106668593	3678
chr11	106664915	106864915	harbor1	chr11	106670634	106670679	LTR/ERVL-MaLR	583	+	22	106670656	5741
chr11	106664915	106864915	harbor1	chr11	106671124	106671246	LTR/ERVL-MaLR	583	+	61	106671185	6270
chr11	106664915	106864915	harbor1	chr11	106671745	106672965	LTR/ERVL-MaLR	1784	+	610	106672355	7440
chr11	106664915	106864915	harbor1	chr11	106702796	106702872	LTR/ERVL-MaLR	1457	+	38	106702834	37919
chr11	106664915	106864915	harbor1	chr11	106703323	106703721	LTR/ERVL-MaLR	1457	+	199	106703522	38607
chr11	106664915	106864915	harbor1	chr11	106716945	106717184	LTR/ERVL-MaLR	493	+	120	106717065	52150
chr11	106664915	106864915	harbor1	chr11	106759449	106759651	LTR/ERVL-MaLR	1630	+	101	106759550	94635
chr11	106664915	106864915	harbor1	chr11	106759956	106760226	LTR/ERVL-MaLR	1630	+	135	106760091	95176
chr11	111150438	111350438	harbor1	chr11	111166562	111167011	LTR/ERVL-MaLR	597	+	224	111166786	16348
chr11	111150438	111350438	harbor1	chr11	111178355	111178766	LTR/ERVL-MaLR	2560	+	206	111178561	28123
chr11	111150438	111350438	harbor1	chr11	111182490	111182650	LTR/ERVL-MaLR	2207	+	80	111182570	32132
chr11	111150438	111350438	harbor1	chr11	111182961	111183201	LTR/ERVL-MaLR	2207	+	120	111183081	32643
chr11	111150438	111350438	harbor1	chr11	111183202	111184852	LTR/ERVL-MaLR	9996	+	825	111184027	33589
chr11	111150438	111350438	harbor1	chr11	111184853	111184978	LTR/ERVL-MaLR	588	+	62	111184915	34477
chr11	111150438	111350438	harbor1	chr11	111195636	111196085	LTR/ERVL-MaLR	1887	+	224	111195860	45422
chr11	111150438	111350438	harbor1	chr11	111199220	111199733	LTR/ERVL-MaLR	2873	+	256	111199476	49038
chr11	111150438	111350438	harbor1	chr11	111204284	111204651	LTR/ERVL-MaLR	1773	+	184	111204468	54030
chr11	111150438	111350438	harbor1	chr11	111226728	111226865	LTR/ERVL-MaLR	656	+	68	111226796	76358
chr11	105240540	105440540	harbor1	chr11	105325707	105325948	LTR/ERVL-MaLR	542	+	120	105325827	85287
chr11	105240540	105440540	harbor1	chr11	105333027	105333420	LTR/ERVL-MaLR	802	+	196	105333223	92683
chr11	56697911	56897911	harbor1	chr11	56744587	56744767	LTR/ERVL-MaLR	694	+	90	56744677	46766
chr11	56697911	56897911	harbor1	chr11	56749102	56749411	LTR/ERVL-MaLR	1215	+	154	56749256	51345
chr11	56697911	56897911	harbor1	chr11	56752261	56752727	LTR/ERVL-MaLR	1708	+	233	56752494	54583
chr11	56697911	56897911	harbor1	chr11	56761191	56761394	LTR/ERVL-MaLR	449	+	102	56761293	63382
chr11	80011438	80211438	harbor1	chr11	80020075	80020232	LTR/ERVL-MaLR	433	+	78	80020153	8715
chr11	80011438	80211438	harbor1	chr11	80061543	80061696	LTR/ERVL-MaLR	495	+	76	80061619	50181
chr11	80011438	80211438	harbor1	chr11	80071238	80071588	LTR/ERVL-MaLR	1699	+	175	80071413	59975
chr11	93730450	93930450	harbor1	chr11	93767193	93767434	LTR/ERVL-MaLR	2104	+	120	93767313	36863
chr11	93730450	93930450	harbor1	chr11	93768048	93768213	LTR/ERVL-MaLR	2104	+	82	93768130	37680
chr11	93730450	93930450	harbor1	chr11	93775724	93776007	LTR/ERVL-MaLR	1665	+	142	93775866	45416
chr11	9234763	9434763	harbor1	chr11	9244221	9244347	LTR/ERVL-MaLR	718	+	63	9244284	9521
chr11	9234763	9434763	harbor1	chr11	9269788	9270107	LTR/ERVL-MaLR	514	+	160	9269948	35185
chr11	124337303	124537303	harbor1	chr11	124354166	124354529	LTR/ERVL-MaLR	1055	+	182	124354348	17045
chr11	124337303	124537303	harbor1	chr11	124410431	124410778	LTR/ERVL-MaLR	523	+	174	124410605	73302
chr11	124337303	124537303	harbor1	chr11	124420893	124421374	LTR/ERVL-MaLR	526	+	240	124421133	83830
chr11	124337303	124537303	harbor1	chr11	124427529	124427731	LTR/ERVL-MaLR	704	+	101	124427630	90327
chr11	69096292	69296292	harbor1	chr11	69100055	69100475	LTR/ERVL-MaLR	1028	+	210	69100265	3973
chr11	69096292	69296292	harbor1	chr11	69108345	69108781	LTR/ERVL-MaLR	1072	+	218	69108563	12271
chr11	69096292	69296292	harbor1	chr11	69118757	69118792	LTR/ERVL-MaLR	1133	+	18	69118775	22483
chr11	69096292	69296292	harbor1	chr11	69119268	69119545	LTR/ERVL-MaLR	1133	+	138	69119406	23114
chr11	69096292	69296292	harbor1	chr11	69129632	69130035	LTR/ERVL-MaLR	1489	+	202	69129834	33542
chr11	69096292	69296292	harbor1	chr11	69136010	69136363	LTR/ERVL-MaLR	2370	+	176	69136186	39894
chr11	69096292	69296292	harbor1	chr11	69141729	69142100	LTR/ERVL-MaLR	2445	+	186	69141915	45623
chr11	69096292	69296292	harbor1	chr11	69143057	69143186	LTR/ERVL-MaLR	414	+	64	69143121	46829
chr11	69096292	69296292	harbor1	chr11	69161761	69162091	LTR/ERVL-MaLR	1618	+	165	69161926	65634
chr11	69096292	69296292	harbor1	chr11	69187474	69188014	LTR/ERVL-MaLR	1517	+	270	69187744	91452
chr11	69096292	69296292	harbor1	chr11	69188390	69188882	LTR/ERVL-MaLR	1905	+	246	69188636	92344
chr11	83020976	83220976	harbor1	chr11	83026273	83026683	LTR/ERVL-MaLR	2462	+	205	83026478	5502
chr11	83020976	83220976	harbor1	chr11	83030829	83031239	LTR/ERVL-MaLR	2379	+	205	83031034	10058
chr11	83020976	83220976	harbor1	chr11	83043014	83043479	LTR/ERVL-MaLR	1573	+	232	83043246	22270
chr11	83020976	83220976	harbor1	chr11	83050960	83051335	LTR/ERVL-MaLR	1051	+	188	83051148	30172
chr11	83020976	83220976	harbor1	chr11	83055603	83056004	LTR/ERVL-MaLR	2168	+	200	83055803	34827
chr11	83020976	83220976	harbor1	chr11	83096986	83097218	LTR/ERVL-MaLR	872	+	116	83097102	76126
chr11	83020976	83220976	harbor1	chr11	83097242	83097363	LTR/ERVL-MaLR	610	+	60	83097302	76326
chr11	133039330	133239330	harbor1	chr11	133049896	133050100	LTR/ERVL-MaLR	675	+	102	133049998	10668
chr11	133039330	133239330	harbor1	chr11	133052621	133053038	LTR/ERVL-MaLR	839	+	208	133052829	13499
chr11	133039330	133239330	harbor1	chr11	133090257	133091941	LTR/ERVL-MaLR	7768	+	842	133091099	51769
chr11	133039330	133239330	harbor1	chr11	133091945	133092322	LTR/ERVL-MaLR	1862	+	188	133092133	52803
chr11	133039330	133239330	harbor1	chr11	133130958	133131301	LTR/ERVL-MaLR	1633	+	172	133131130	91800
chr11	133039330	133239330	harbor1	chr11	133137964	133138377	LTR/ERVL-MaLR	1725	+	206	133138170	98840
chr11	94913229	95113229	harbor1	chr11	94935452	94935864	LTR/ERVL-MaLR	2210	+	206	94935658	22429
chr11	94913229	95113229	harbor1	chr11	94988329	94988779	LTR/ERVL-MaLR	972	+	225	94988554	75325
chr11	23719433	23919433	harbor1	chr11	23719157	23719549	LTR/ERVL-MaLR	1925	+	196	23719353	80
chr11	23719433	23919433	harbor1	chr11	23739975	23740346	LTR/ERVL-MaLR	2250	+	186	23740161	20728
chr11	23719433	23919433	harbor1	chr11	23755664	23756029	LTR/ERVL-MaLR	2124	+	182	23755846	36413
chr11	23719433	23919433	harbor1	chr11	23757582	23757952	LTR/ERVL-MaLR	2060	+	185	23757767	38334
chr11	23719433	23919433	harbor1	chr11	23756054	23757581	LTR/ERVL-MaLR	9003	+	764	23756818	37385
chr11	13485066	13685066	harbor1	chr11	13518209	13518583	LTR/ERVL-MaLR	2571	+	187	13518396	33330
chr11	13485066	13685066	harbor1	chr11	13518883	13519243	LTR/ERVL-MaLR	2322	+	180	13519063	33997
chr11	13485066	13685066	harbor1	chr11	13536581	13536957	LTR/ERVL-MaLR	2652	+	188	13536769	51703
chr11	13485066	13685066	harbor1	chr11	13536960	13537380	LTR/ERVL-MaLR	10258	+	210	13537170	52104
chr11	13485066	13685066	harbor1	chr11	13537698	13538893	LTR/ERVL-MaLR	10258	+	598	13538296	53230
chr11	13485066	13685066	harbor1	chr11	13538894	13539238	LTR/ERVL-MaLR	2102	+	172	13539066	54000
chr11	13485066	13685066	harbor1	chr11	13539241	13539340	LTR/ERVL-MaLR	516	+	50	13539291	54225
chr11	13485066	13685066	harbor1	chr11	13545276	13545638	LTR/ERVL-MaLR	2043	+	181	13545457	60391
chr11	13485066	13685066	harbor1	chr11	13545639	13547216	LTR/ERVL-MaLR	11698	+	788	13546427	61361
chr11	13485066	13685066	harbor1	chr11	13547219	13547580	LTR/ERVL-MaLR	2072	+	180	13547399	62333
chr11	43029780	43229780	harbor1	chr11	43093147	43093508	LTR/ERVL-MaLR	2272	+	180	43093327	63547
chr11	43029780	43229780	harbor1	chr11	43114109	43114529	LTR/ERVL-MaLR	832	+	210	43114319	84539
chr11	43029780	43229780	harbor1	chr11	43128605	43128946	LTR/ERVL-MaLR	1712	+	170	43128775	98995
chr11	43029780	43229780	harbor1	chr11	43106294	43106759	LTR/ERVL-MaLR	1643	+	232	43106526	76746
chr11	43029780	43229780	harbor1	chr11	43122516	43122869	LTR/ERVL-MaLR	2059	+	176	43122692	92912
chr11	89717674	89917674	harbor1	chr11	89756374	89756824	LTR/ERVL-MaLR	1202	+	225	89756599	38925
chr11	134412616	134612616	harbor1	chr11	134431839	134432250	LTR/ERVL-MaLR	2160	+	206	134432045	19429
chr11	134412616	134612616	harbor1	chr11	134461225	134461454	LTR/ERVL-MaLR	1029	+	114	134461339	48723
chr11	134412616	134612616	harbor1	chr11	134461903	134462243	LTR/ERVL-MaLR	1258	+	170	134462073	49457
chr11	134412616	134612616	harbor1	chr11	134479491	134479820	LTR/ERVL-MaLR	720	+	164	134479655	67039
chr11	134412616	134612616	harbor1	chr11	134491945	134492251	LTR/ERVL-MaLR	1004	+	153	134492098	79482
chr11	134412616	134612616	harbor1	chr11	134506308	134506691	LTR/ERVL-MaLR	403	+	192	134506500	93884
chr11	123804540	124004540	harbor1	chr11	123838298	123838505	LTR/ERVL-MaLR	777	+	104	123838402	33862
chr11	123804540	124004540	harbor1	chr11	123852295	123852567	LTR/ERVL-MaLR	1350	+	136	123852431	47891
chr11	123804540	124004540	harbor1	chr11	123852623	123854148	LTR/ERVL-MaLR	7324	+	762	123853385	48845
chr11	6773256	6973256	harbor1	chr11	6815201	6815619	LTR/ERVL-MaLR	1930	+	209	6815410	42154
chr11	6773256	6973256	harbor1	chr11	6819807	6820074	LTR/ERVL-MaLR	1279	+	134	6819941	46685
chr11	6773256	6973256	harbor1	chr11	6847573	6847706	LTR/ERVL-MaLR	794	+	66	6847639	74383
chr11	6773256	6973256	harbor1	chr11	6849374	6849751	LTR/ERVL-MaLR	2079	+	188	6849562	76306
chr11	6773256	6973256	harbor1	chr11	6847707	6849295	LTR/ERVL-MaLR	8805	+	794	6848501	75245
chr11	125974239	126174239	harbor1	chr11	125998235	125998638	LTR/ERVL-MaLR	2435	+	202	125998437	24198
chr11	125974239	126174239	harbor1	chr11	126065239	126065542	LTR/ERVL-MaLR	1530	+	152	126065391	91152
chr11	84683124	84883124	harbor1	chr11	84745177	84745588	LTR/ERVL-MaLR	2543	+	206	84745383	62259
chr11	84683124	84883124	harbor1	chr11	84769965	84770312	LTR/ERVL-MaLR	1690	+	174	84770139	87015
chr11	84683124	84883124	harbor1	chr11	84771510	84771626	LTR/ERVL-MaLR	490	+	58	84771568	88444
chr11	113337808	113537808	harbor1	chr11	113375441	113375948	LTR/ERVL-MaLR	1260	+	254	113375695	37887
chr11	113337808	113537808	harbor1	chr11	113427747	113428161	LTR/ERVL-MaLR	2155	+	207	113427954	90146
chr11	133001290	133201290	harbor1	chr11	133035622	133036054	LTR/ERVL-MaLR	1283	+	216	133035838	34548
chr11	133001290	133201290	harbor1	chr11	133049896	133050100	LTR/ERVL-MaLR	675	+	102	133049998	48708
chr11	133001290	133201290	harbor1	chr11	133052621	133053038	LTR/ERVL-MaLR	839	+	208	133052829	51539
chr11	133001290	133201290	harbor1	chr11	133090257	133091941	LTR/ERVL-MaLR	7768	+	842	133091099	89809
chr11	133001290	133201290	harbor1	chr11	133091945	133092322	LTR/ERVL-MaLR	1862	+	188	133092133	90843
chr11	19918299	20118299	harbor1	chr11	19989092	19989572	LTR/ERVL-MaLR	1668	+	240	19989332	71033
chr11	49707120	49907120	harbor1	chr11	49724706	49725185	LTR/ERVL-MaLR	1436	+	240	49724946	17826
chr11	89153096	89353096	harbor1	chr11	89186707	89187073	LTR/ERVL-MaLR	1361	+	183	89186890	33794
chr11	77855610	78055610	harbor1	chr11	77908856	77908936	LTR/ERVL-MaLR	442	+	40	77908896	53286
chr11	77855610	78055610	harbor1	chr11	77917800	77918149	LTR/ERVL-MaLR	1297	+	174	77917974	62364
chr11	77855610	78055610	harbor1	chr11	77918441	77918546	LTR/ERVL-MaLR	1297	+	52	77918493	62883
chr11	77855610	78055610	harbor1	chr11	77922683	77923037	LTR/ERVL-MaLR	902	+	177	77922860	67250
chr11	95721650	95921650	harbor1	chr11	95729451	95729833	LTR/ERVL-MaLR	1789	+	191	95729642	7992
chr11	95721650	95921650	harbor1	chr11	95744526	95744914	LTR/ERVL-MaLR	1593	+	194	95744720	23070
chr11	95721650	95921650	harbor1	chr11	95750100	95750630	LTR/ERVL-MaLR	1516	+	265	95750365	28715
chr11	95721650	95921650	harbor1	chr11	95753524	95754016	LTR/ERVL-MaLR	822	+	246	95753770	32120
chr11	95721650	95921650	harbor1	chr11	95764680	95765034	LTR/ERVL-MaLR	1789	+	177	95764857	43207
chr11	95721650	95921650	harbor1	chr11	95768453	95768950	LTR/ERVL-MaLR	2073	+	248	95768701	47051
chr11	95027815	95227815	harbor1	chr11	95028458	95028814	LTR/ERVL-MaLR	1975	+	178	95028636	821
chr11	95027815	95227815	harbor1	chr11	95029105	95029143	LTR/ERVL-MaLR	1975	+	19	95029124	1309
chr11	95027815	95227815	harbor1	chr11	95052317	95052479	LTR/ERVL-MaLR	1990	+	81	95052398	24583
chr11	95027815	95227815	harbor1	chr11	95052790	95053021	LTR/ERVL-MaLR	1990	+	116	95052906	25091
chr11	95027815	95227815	harbor1	chr11	95053024	95054669	LTR/ERVL-MaLR	9511	+	822	95053846	26031
chr11	95027815	95227815	harbor1	chr11	95054671	95055074	LTR/ERVL-MaLR	2393	+	202	95054873	27058
chr11	95027815	95227815	harbor1	chr11	95080097	95080428	LTR/ERVL-MaLR	1445	+	166	95080263	52448
chr11	40027430	40227430	harbor1	chr11	40058014	40058193	LTR/ERVL-MaLR	480	+	90	40058104	30674
chr11	40027430	40227430	harbor1	chr11	40072137	40072638	LTR/ERVL-MaLR	1936	+	250	40072387	44957
chr11	40027430	40227430	harbor1	chr11	40077349	40077666	LTR/ERVL-MaLR	1071	+	158	40077507	50077
chr11	40027430	40227430	harbor1	chr11	40079258	40079616	LTR/ERVL-MaLR	1702	+	179	40079437	52007
chr11	40027430	40227430	harbor1	chr11	40079626	40080414	LTR/ERVL-MaLR	6481	+	394	40080020	52590
chr11	40027430	40227430	harbor1	chr11	40081044	40082028	LTR/ERVL-MaLR	6481	+	492	40081536	54106
chr11	40027430	40227430	harbor1	chr11	40082030	40082418	LTR/ERVL-MaLR	1647	+	194	40082224	54794
chr11	40027430	40227430	harbor1	chr11	40086505	40087087	LTR/ERVL-MaLR	1836	+	291	40086796	59366
chr11	40027430	40227430	harbor1	chr11	40125095	40125532	LTR/ERVL-MaLR	1344	+	218	40125313	97883
chr11	17240056	17440056	harbor1	chr11	17240225	17240396	LTR/ERVL-MaLR	2103	+	86	17240311	255
chr11	17240056	17440056	harbor1	chr11	17248625	17248969	LTR/ERVL-MaLR	893	+	172	17248797	8741
chr11	118939678	119139678	harbor1	chr11	119006714	119007066	LTR/ERVL-MaLR	1952	+	176	119006890	67212
chr11	32256513	32456513	harbor1	chr11	32271256	32271624	LTR/ERVL-MaLR	1941	+	184	32271440	14927
chr11	32256513	32456513	harbor1	chr11	32276599	32277000	LTR/ERVL-MaLR	942	+	200	32276799	20286
chr11	32256513	32456513	harbor1	chr11	32281135	32281437	LTR/ERVL-MaLR	918	+	151	32281286	24773
chr11	32256513	32456513	harbor1	chr11	32281740	32281903	LTR/ERVL-MaLR	918	+	82	32281822	25309
chr11	32256513	32456513	harbor1	chr11	32288699	32289108	LTR/ERVL-MaLR	2220	+	204	32288903	32390
chr11	32256513	32456513	harbor1	chr11	32299462	32299837	LTR/ERVL-MaLR	2703	+	188	32299650	43137
chr11	32256513	32456513	harbor1	chr11	32342698	32343080	LTR/ERVL-MaLR	634	+	191	32342889	86376
chr11	32256513	32456513	harbor1	chr11	32343224	32343666	LTR/ERVL-MaLR	620	+	221	32343445	86932
chr11	129836097	130036097	harbor1	chr11	129836137	129836477	LTR/ERVL-MaLR	5235	+	170	129836307	210
chr11	129836097	130036097	harbor1	chr11	129836480	129836791	LTR/ERVL-MaLR	1498	+	156	129836636	539
chr11	74867983	75067983	harbor1	chr11	74920107	74920284	LTR/ERVL-MaLR	707	+	88	74920195	52212
chr11	74867983	75067983	harbor1	chr11	74935017	74935438	LTR/ERVL-MaLR	960	+	210	74935227	67244
chr11	74867983	75067983	harbor1	chr11	74946270	74946639	LTR/ERVL-MaLR	2313	+	184	74946454	78471
chr11	29143489	29343489	harbor1	chr11	29144130	29144316	LTR/ERVL-MaLR	626	+	93	29144223	734
chr11	29143489	29343489	harbor1	chr11	29159971	29160349	LTR/ERVL-MaLR	2113	+	189	29160160	16671
chr11	29143489	29343489	harbor1	chr11	29189875	29190120	LTR/ERVL-MaLR	605	+	122	29189997	46508
chr11	29143489	29343489	harbor1	chr11	29232846	29233238	LTR/ERVL-MaLR	2068	+	196	29233042	89553
chr11	29143489	29343489	harbor1	chr11	29240991	29241316	LTR/ERVL-MaLR	1177	+	162	29241153	97664
chr11	29143489	29343489	harbor1	chr11	29241321	29241846	LTR/ERVL-MaLR	2315	+	262	29241583	98094
chr11	29143489	29343489	harbor1	chr11	29242277	29243339	LTR/ERVL-MaLR	3817	+	531	29242808	99319
chr11	12286716	12486716	harbor1	chr11	12299936	12300012	LTR/ERVL-MaLR	2543	+	38	12299974	13258
chr11	12286716	12486716	harbor1	chr11	12300307	12300892	LTR/ERVL-MaLR	2543	+	292	12300599	13883
chr11	27679324	27879324	harbor1	chr11	27729524	27729700	LTR/ERVL-MaLR	2171	+	88	27729612	50288
chr11	27679324	27879324	harbor1	chr11	27729981	27730210	LTR/ERVL-MaLR	2171	+	114	27730095	50771
chr11	27679324	27879324	harbor1	chr11	27730283	27730800	LTR/ERVL-MaLR	1704	+	258	27730541	51217
chr11	27679324	27879324	harbor1	chr11	27744931	27745371	LTR/ERVL-MaLR	1251	+	220	27745151	65827
chr11	27679324	27879324	harbor1	chr11	27765207	27765491	LTR/ERVL-MaLR	891	+	142	27765349	86025
chr11	27679324	27879324	harbor1	chr11	27774299	27774760	LTR/ERVL-MaLR	1002	+	230	27774529	95205
chr11	9032564	9232564	harbor1	chr11	9065186	9065555	LTR/ERVL-MaLR	2424	+	184	9065370	32806
chr11	9032564	9232564	harbor1	chr11	9096469	9096759	LTR/ERVL-MaLR	441	+	145	9096614	64050
chr11	9032564	9232564	harbor1	chr11	9116319	9116633	LTR/ERVL-MaLR	740	+	157	9116476	83912
chr11	9032564	9232564	harbor1	chr11	9123970	9124098	LTR/ERVL-MaLR	768	+	64	9124034	91470
chr11	9032564	9232564	harbor1	chr11	9109266	9109624	LTR/ERVL-MaLR	2244	+	179	9109445	76881
chr11	38238782	38438782	harbor1	chr11	38254763	38254968	LTR/ERVL-MaLR	469	+	102	38254865	16083
chr11	38238782	38438782	harbor1	chr11	38255243	38255456	LTR/ERVL-MaLR	766	+	106	38255349	16567
chr11	38238782	38438782	harbor1	chr11	38261400	38261822	LTR/ERVL-MaLR	1784	+	211	38261611	22829
chr11	38238782	38438782	harbor1	chr11	38266690	38267054	LTR/ERVL-MaLR	1957	+	182	38266872	28090
chr11	38238782	38438782	harbor1	chr11	38305818	38306003	LTR/ERVL-MaLR	500	+	92	38305910	67128
chr11	38238782	38438782	harbor1	chr11	38310206	38310707	LTR/ERVL-MaLR	1356	+	250	38310456	71674
chr11	38238782	38438782	harbor1	chr11	38327078	38327439	LTR/ERVL-MaLR	2206	+	180	38327258	88476
chr11	38238782	38438782	harbor1	chr11	38331853	38332144	LTR/ERVL-MaLR	1554	+	146	38331999	93217
chr11	100456914	100656914	harbor1	chr11	100474715	100475128	LTR/ERVL-MaLR	1388	+	206	100474921	18007
chr11	100456914	100656914	harbor1	chr11	100505928	100506315	LTR/ERVL-MaLR	2238	+	194	100506122	49208
chr11	100456914	100656914	harbor1	chr11	100540379	100540481	LTR/ERVL-MaLR	518	+	51	100540430	83516
chr11	100456914	100656914	harbor1	chr11	100546957	100547360	LTR/ERVL-MaLR	2159	+	202	100547159	90245
chr11	31962740	32162740	harbor1	chr11	31996543	31996626	LTR/ERVL-MaLR	393	+	42	31996585	33845
chr11	31962740	32162740	harbor1	chr11	32038634	32038999	LTR/ERVL-MaLR	494	+	182	32038816	76076
chr11	31962740	32162740	harbor1	chr11	32046117	32046228	LTR/ERVL-MaLR	473	+	56	32046173	83433
chr11	31962740	32162740	harbor1	chr11	32046722	32047072	LTR/ERVL-MaLR	601	+	175	32046897	84157
chr11	31962740	32162740	harbor1	chr11	32053671	32054058	LTR/ERVL-MaLR	1958	+	194	32053865	91125
chr11	9018191	9218191	harbor1	chr11	9065186	9065555	LTR/ERVL-MaLR	2424	+	184	9065370	47179
chr11	9018191	9218191	harbor1	chr11	9096469	9096759	LTR/ERVL-MaLR	441	+	145	9096614	78423
chr11	9018191	9218191	harbor1	chr11	9116319	9116633	LTR/ERVL-MaLR	740	+	157	9116476	98285
chr11	9018191	9218191	harbor1	chr11	9109266	9109624	LTR/ERVL-MaLR	2244	+	179	9109445	91254
chr11	14582869	14782869	harbor1	chr11	14593925	14594259	LTR/ERVL-MaLR	681	+	167	14594092	11223
chr11	14582869	14782869	harbor1	chr11	14650463	14650659	LTR/ERVL-MaLR	708	+	98	14650561	67692
chr11	14582869	14782869	harbor1	chr11	14650760	14650998	LTR/ERVL-MaLR	1060	+	119	14650879	68010
chr11	14582869	14782869	harbor1	chr11	14681275	14681591	LTR/ERVL-MaLR	2060	+	158	14681433	98564
chr11	82087619	82287619	harbor1	chr11	82104574	82104718	LTR/ERVL-MaLR	433	+	72	82104646	17027
chr11	82087619	82287619	harbor1	chr11	82105020	82105083	LTR/ERVL-MaLR	433	+	32	82105052	17433
chr11	82087619	82287619	harbor1	chr11	82114713	82115142	LTR/ERVL-MaLR	1643	+	214	82114927	27308
chr11	82087619	82287619	harbor1	chr11	82115143	82115620	LTR/ERVL-MaLR	756	+	238	82115381	27762
chr11	82087619	82287619	harbor1	chr11	82126608	82126983	LTR/ERVL-MaLR	1545	+	188	82126796	39177
chr11	2501603	2701603	harbor1	chr11	2523972	2524192	LTR/ERVL-MaLR	627	+	110	2524082	22479
chr11	25378601	25578601	harbor1	chr11	25416691	25417034	LTR/ERVL-MaLR	2091	+	172	25416863	38262
chr11	25378601	25578601	harbor1	chr11	25443796	25444158	LTR/ERVL-MaLR	2306	+	181	25443977	65376
chr11	25378601	25578601	harbor1	chr11	25453402	25453775	LTR/ERVL-MaLR	2112	+	186	25453588	74987
chr11	25378601	25578601	harbor1	chr11	25476325	25476448	LTR/ERVL-MaLR	753	+	62	25476387	97786
chr11	100014660	100214660	harbor1	chr11	100024419	100026033	LTR/ERVL-MaLR	10371	+	807	100025226	10566
chr11	100014660	100214660	harbor1	chr11	100026034	100026403	LTR/ERVL-MaLR	1938	+	184	100026218	11558
chr11	100014660	100214660	harbor1	chr11	100112000	100112390	LTR/ERVL-MaLR	1132	+	195	100112195	97535
chr11	100014660	100214660	harbor1	chr11	100024033	100024416	LTR/ERVL-MaLR	2312	+	192	100024225	9565
chr11	134412905	134612905	harbor1	chr11	134431839	134432250	LTR/ERVL-MaLR	2160	+	206	134432045	19140
chr11	134412905	134612905	harbor1	chr11	134461225	134461454	LTR/ERVL-MaLR	1029	+	114	134461339	48434
chr11	134412905	134612905	harbor1	chr11	134461903	134462243	LTR/ERVL-MaLR	1258	+	170	134462073	49168
chr11	134412905	134612905	harbor1	chr11	134479491	134479820	LTR/ERVL-MaLR	720	+	164	134479655	66750
chr11	134412905	134612905	harbor1	chr11	134491945	134492251	LTR/ERVL-MaLR	1004	+	153	134492098	79193
chr11	134412905	134612905	harbor1	chr11	134506308	134506691	LTR/ERVL-MaLR	403	+	192	134506500	93595
chr11	62917026	63117026	harbor1	chr11	62937525	62937893	LTR/ERVL-MaLR	2507	+	184	62937709	20683
chr11	62917026	63117026	harbor1	chr11	62961038	62961407	LTR/ERVL-MaLR	2000	+	184	62961222	44196
chr11	62917026	63117026	harbor1	chr11	62961427	62961675	LTR/ERVL-MaLR	583	+	124	62961551	44525
chr11	62917026	63117026	harbor1	chr11	63003594	63003984	LTR/ERVL-MaLR	672	+	195	63003789	86763
chr11	62917026	63117026	harbor1	chr11	63005458	63005909	LTR/ERVL-MaLR	1964	+	226	63005684	88658
chr11	47771432	47971432	harbor1	chr11	47852588	47852858	LTR/ERVL-MaLR	784	+	135	47852723	81291
chr11	47771432	47971432	harbor1	chr11	47852899	47852991	LTR/ERVL-MaLR	392	+	46	47852945	81513
chr11	73337356	73537356	harbor1	chr11	73418172	73418562	LTR/ERVL-MaLR	2402	+	195	73418367	81011
chr11	103797045	103997045	harbor1	chr11	103823692	103824063	LTR/ERVL-MaLR	2009	+	186	103823878	26833
chr11	103797045	103997045	harbor1	chr11	103828425	103828792	LTR/ERVL-MaLR	1900	+	184	103828609	31564
chr11	103797045	103997045	harbor1	chr11	103828793	103830516	LTR/ERVL-MaLR	6424	+	862	103829655	32610
chr11	103797045	103997045	harbor1	chr11	103830517	103830886	LTR/ERVL-MaLR	1688	+	184	103830701	33656
chr11	103797045	103997045	harbor1	chr11	103890111	103890473	LTR/ERVL-MaLR	1691	+	181	103890292	93247
chr11	109724655	109924655	harbor1	chr11	109729017	109729344	LTR/ERVL-MaLR	1451	+	164	109729181	4526
chr11	109724655	109924655	harbor1	chr11	109730112	109730228	LTR/ERVL-MaLR	1451	+	58	109730170	5515
chr11	109724655	109924655	harbor1	chr11	109777171	109777382	LTR/ERVL-MaLR	735	+	106	109777277	52622
chr11	109724655	109924655	harbor1	chr11	109777691	109777810	LTR/ERVL-MaLR	843	+	60	109777751	53096
chr11	109724655	109924655	harbor1	chr11	109779782	109780118	LTR/ERVL-MaLR	1226	+	168	109779950	55295
chr11	109724655	109924655	harbor1	chr11	109780235	109780299	LTR/ERVL-MaLR	485	+	32	109780267	55612
chr11	109724655	109924655	harbor1	chr11	109809452	109809539	LTR/ERVL-MaLR	407	+	44	109809496	84841
chr11	109724655	109924655	harbor1	chr11	109820309	109820643	LTR/ERVL-MaLR	1148	+	167	109820476	95821
chr11	96747160	96947160	harbor1	chr11	96760808	96761132	LTR/ERVL-MaLR	1145	+	162	96760970	13810
chr11	96747160	96947160	harbor1	chr11	96767531	96767940	LTR/ERVL-MaLR	2476	+	204	96767735	20575
chr11	96747160	96947160	harbor1	chr11	96829939	96830359	LTR/ERVL-MaLR	2564	+	210	96830149	82989
chr11	96747160	96947160	harbor1	chr11	96833126	96833487	LTR/ERVL-MaLR	2164	+	180	96833306	86146
chr11	96747160	96947160	harbor1	chr11	96846103	96846660	LTR/ERVL-MaLR	962	+	278	96846381	99221
chr11	102681897	102881897	harbor1	chr11	102728440	102728785	LTR/ERVL-MaLR	1522	+	172	102728612	46715
chr11	102681897	102881897	harbor1	chr11	102768112	102768489	LTR/ERVL-MaLR	957	+	188	102768300	86403
chr11	102681897	102881897	harbor1	chr11	102778828	102779183	LTR/ERVL-MaLR	1928	+	178	102779006	97109
chr11	9135891	9335891	harbor1	chr11	9135807	9136021	LTR/ERVL-MaLR	1193	+	107	9135914	23
chr11	9135891	9335891	harbor1	chr11	9168138	9168507	LTR/ERVL-MaLR	2612	+	184	9168322	32431
chr11	9135891	9335891	harbor1	chr11	9172428	9172781	LTR/ERVL-MaLR	2053	+	176	9172604	36713
chr11	9135891	9335891	harbor1	chr11	9188044	9188388	LTR/ERVL-MaLR	2326	+	172	9188216	52325
chr11	9135891	9335891	harbor1	chr11	9188392	9189625	LTR/ERVL-MaLR	10194	+	616	9189008	53117
chr11	9135891	9335891	harbor1	chr11	9189940	9190310	LTR/ERVL-MaLR	10194	+	185	9190125	54234
chr11	9135891	9335891	harbor1	chr11	9190316	9190669	LTR/ERVL-MaLR	2497	+	176	9190492	54601
chr11	9135891	9335891	harbor1	chr11	9233452	9233895	LTR/ERVL-MaLR	1399	+	222	9233674	97783
chr11	69254265	69454265	harbor1	chr11	69256602	69257064	LTR/ERVL-MaLR	1229	+	231	69256833	2568
chr11	69254265	69454265	harbor1	chr11	69257458	69257633	LTR/ERVL-MaLR	1005	+	88	69257546	3281
chr11	69254265	69454265	harbor1	chr11	69281937	69282445	LTR/ERVL-MaLR	2276	+	254	69282191	27926
chr11	69254265	69454265	harbor1	chr11	69318558	69318957	LTR/ERVL-MaLR	2597	+	200	69318758	64493
chr11	69254265	69454265	harbor1	chr11	69342345	69342693	LTR/ERVL-MaLR	1548	+	174	69342519	88254
chr11	69254265	69454265	harbor1	chr11	69344345	69344668	LTR/ERVL-MaLR	1451	+	162	69344507	90242
chr11	123475973	123675973	harbor1	chr11	123499076	123499423	LTR/ERVL-MaLR	1186	+	174	123499250	23277
chr11	34577149	34777149	harbor1	chr11	34595895	34596248	LTR/ERVL-MaLR	1879	+	176	34596071	18922
chr11	34577149	34777149	harbor1	chr11	34671381	34671807	LTR/ERVL-MaLR	655	+	213	34671594	94445
chr11	29635974	29835974	harbor1	chr11	29650525	29650882	LTR/ERVL-MaLR	1929	+	178	29650703	14729
chr11	29635974	29835974	harbor1	chr11	29653233	29653577	LTR/ERVL-MaLR	820	+	172	29653405	17431
chr11	29635974	29835974	harbor1	chr11	29653689	29653971	LTR/ERVL-MaLR	565	+	141	29653830	17856
chr11	29635974	29835974	harbor1	chr11	29661947	29662455	LTR/ERVL-MaLR	1003	+	254	29662201	26227
chr11	29635974	29835974	harbor1	chr11	29708277	29708727	LTR/ERVL-MaLR	1544	+	225	29708502	72528
chr11	29635974	29835974	harbor1	chr11	29725421	29725740	LTR/ERVL-MaLR	995	+	160	29725581	89607
chr11	29635974	29835974	harbor1	chr11	29735255	29735697	LTR/ERVL-MaLR	1603	+	221	29735476	99502
chr11	120018880	120218880	harbor1	chr11	120037023	120037514	LTR/ERVL-MaLR	1271	+	246	120037269	18389
chr11	120018880	120218880	harbor1	chr11	120037517	120037643	LTR/ERVL-MaLR	648	+	63	120037580	18700
chr11	120018880	120218880	harbor1	chr11	120037644	120038048	LTR/ERVL-MaLR	2195	+	202	120037846	18966
chr11	120018880	120218880	harbor1	chr11	120038117	120038291	LTR/ERVL-MaLR	869	+	87	120038204	19324
chr11	120018880	120218880	harbor1	chr11	120040705	120041098	LTR/ERVL-MaLR	2089	+	196	120040901	22021
chr11	120018880	120218880	harbor1	chr11	120064215	120064368	LTR/ERVL-MaLR	823	+	76	120064291	45411
chr11	120018880	120218880	harbor1	chr11	120068110	120068300	LTR/ERVL-MaLR	402	+	95	120068205	49325
chr11	120018880	120218880	harbor1	chr11	120069038	120069509	LTR/ERVL-MaLR	1235	+	236	120069274	50394
chr11	24031109	24231109	harbor1	chr11	24035537	24037064	LTR/ERVL-MaLR	10247	+	764	24036301	5192
chr11	24031109	24231109	harbor1	chr11	24037065	24037361	LTR/ERVL-MaLR	1901	+	148	24037213	6104
chr11	24031109	24231109	harbor1	chr11	24037806	24037883	LTR/ERVL-MaLR	567	+	38	24037844	6735
chr11	24031109	24231109	harbor1	chr11	24045765	24045971	LTR/ERVL-MaLR	800	+	103	24045868	14759
chr11	24031109	24231109	harbor1	chr11	24050777	24051130	LTR/ERVL-MaLR	1447	+	176	24050953	19844
chr11	24031109	24231109	harbor1	chr11	24054592	24055033	LTR/ERVL-MaLR	905	+	220	24054812	23703
chr11	24031109	24231109	harbor1	chr11	24059524	24060192	LTR/ERVL-MaLR	2170	+	334	24059858	28749
chr11	24031109	24231109	harbor1	chr11	24087076	24087666	LTR/ERVL-MaLR	1077	+	295	24087371	56262
chr11	24031109	24231109	harbor1	chr11	24105769	24106152	LTR/ERVL-MaLR	1894	+	192	24105961	74852
chr11	24031109	24231109	harbor1	chr11	24106155	24107624	LTR/ERVL-MaLR	8677	+	734	24106889	75780
chr11	24031109	24231109	harbor1	chr11	24107625	24108008	LTR/ERVL-MaLR	1879	+	192	24107817	76708
chr11	24031109	24231109	harbor1	chr11	24128925	24129100	LTR/ERVL-MaLR	625	+	88	24129013	97904
chr11	113746120	113946120	harbor1	chr11	113756094	113756284	LTR/ERVL-MaLR	755	+	95	113756189	10069
chr11	113746120	113946120	harbor1	chr11	113765300	113765500	LTR/ERVL-MaLR	528	+	100	113765400	19280
chr11	11088926	11288926	harbor1	chr11	11089134	11089485	LTR/ERVL-MaLR	2780	+	176	11089310	384
chr11	11088926	11288926	harbor1	chr11	11104188	11104551	LTR/ERVL-MaLR	1425	+	182	11104370	15444
chr11	11088926	11288926	harbor1	chr11	11113578	11113916	LTR/ERVL-MaLR	1850	+	169	11113747	24821
chr11	11088926	11288926	harbor1	chr11	11115191	11115544	LTR/ERVL-MaLR	1694	+	176	11115367	26441
chr11	11088926	11288926	harbor1	chr11	11140270	11140639	LTR/ERVL-MaLR	2100	+	184	11140454	51528
chr11	11088926	11288926	harbor1	chr11	11175409	11175869	LTR/ERVL-MaLR	1402	+	230	11175639	86713
chr11	11088926	11288926	harbor1	chr11	11185006	11185388	LTR/ERVL-MaLR	1493	+	191	11185197	96271
chr11	11088926	11288926	harbor1	chr11	11187878	11188100	LTR/ERVL-MaLR	543	+	111	11187989	99063
chr11	128612171	128812171	harbor1	chr11	128675031	128675406	LTR/ERVL-MaLR	1696	+	188	128675219	63048
chr11	128612171	128812171	harbor1	chr11	128676218	128676570	LTR/ERVL-MaLR	2361	+	176	128676394	64223
chr11	106062763	106262763	harbor1	chr11	106159844	106160192	LTR/ERVL-MaLR	1037	+	174	106160018	97255
chr11	106062763	106262763	harbor1	chr11	106102571	106102954	LTR/ERVL-MaLR	2362	+	192	106102763	40000
chr11	97255179	97455179	harbor1	chr11	97294921	97295400	LTR/ERVL-MaLR	1342	+	240	97295161	39982
chr11	6450917	6650917	harbor1	chr11	6493597	6494002	LTR/ERVL-MaLR	716	+	202	6493799	42882
chr11	6450917	6650917	harbor1	chr11	6494011	6494033	LTR/ERVL-MaLR	1665	+	11	6494022	43105
chr11	6450917	6650917	harbor1	chr11	6494549	6495164	LTR/ERVL-MaLR	1859	+	308	6494857	43940
chr11	109175385	109375385	harbor1	chr11	109205478	109205663	LTR/ERVL-MaLR	631	+	92	109205570	30185
chr11	10446664	10646664	harbor1	chr11	10475635	10476111	LTR/ERVL-MaLR	2013	+	238	10475873	29209
chr11	10446664	10646664	harbor1	chr11	10529051	10529278	LTR/ERVL-MaLR	486	+	114	10529165	82501
chr11	80368797	80568797	harbor1	chr11	80383350	80383691	LTR/ERVL-MaLR	2312	+	170	80383520	14723
chr11	80368797	80568797	harbor1	chr11	80391200	80391822	LTR/ERVL-MaLR	2255	+	311	80391511	22714
chr11	80368797	80568797	harbor1	chr11	80403486	80403846	LTR/ERVL-MaLR	2444	+	180	80403666	34869
chr11	80368797	80568797	harbor1	chr11	80403847	80405378	LTR/ERVL-MaLR	10134	+	766	80404613	35816
chr11	80368797	80568797	harbor1	chr11	80405379	80405741	LTR/ERVL-MaLR	2348	+	181	80405560	36763
chr11	20604955	20804955	harbor1	chr11	20661395	20661664	LTR/ERVL-MaLR	419	+	134	20661529	56574
chr11	20604955	20804955	harbor1	chr11	20661894	20662194	LTR/ERVL-MaLR	520	+	150	20662044	57089
chr11	30235927	30435927	harbor1	chr11	30237804	30238177	LTR/ERVL-MaLR	1022	+	186	30237990	2063
chr11	30235927	30435927	harbor1	chr11	30238185	30238282	LTR/ERVL-MaLR	2334	+	48	30238233	2306
chr11	30235927	30435927	harbor1	chr11	30238859	30238872	LTR/ERVL-MaLR	2334	+	6	30238865	2938
chr11	30235927	30435927	harbor1	chr11	30239151	30239219	LTR/ERVL-MaLR	2334	+	34	30239185	3258
chr11	30235927	30435927	harbor1	chr11	30239424	30240485	LTR/ERVL-MaLR	2334	+	530	30239954	4027
chr11	30235927	30435927	harbor1	chr11	30240559	30240976	LTR/ERVL-MaLR	1195	+	208	30240767	4840
chr11	30235927	30435927	harbor1	chr11	30245850	30246362	LTR/ERVL-MaLR	1951	+	256	30246106	10179
chr11	30235927	30435927	harbor1	chr11	30254345	30254686	LTR/ERVL-MaLR	1581	+	170	30254515	18588
chr11	30235927	30435927	harbor1	chr11	30258474	30258864	LTR/ERVL-MaLR	1879	+	195	30258669	22742
chr11	30235927	30435927	harbor1	chr11	30260051	30260179	LTR/ERVL-MaLR	556	+	64	30260115	24188
chr11	30235927	30435927	harbor1	chr11	30290513	30290684	LTR/ERVL-MaLR	424	+	86	30290599	54672
chr11	30235927	30435927	harbor1	chr11	30318067	30318343	LTR/ERVL-MaLR	1143	+	138	30318205	82278
chr11	83901266	84101266	harbor1	chr11	83899784	83901346	LTR/ERVL-MaLR	11396	+	781	83900565	701
chr11	83901266	84101266	harbor1	chr11	83901347	83901704	LTR/ERVL-MaLR	1988	+	178	83901525	259
chr11	83901266	84101266	harbor1	chr11	83914068	83914441	LTR/ERVL-MaLR	1761	+	186	83914254	12988
chr11	83901266	84101266	harbor1	chr11	83930645	83931076	LTR/ERVL-MaLR	716	+	216	83930861	29595
chr11	83901266	84101266	harbor1	chr11	83942870	83943201	LTR/ERVL-MaLR	2142	+	166	83943036	41770
chr11	83901266	84101266	harbor1	chr11	83980054	83980442	LTR/ERVL-MaLR	1291	+	194	83980248	78982
chr11	83901266	84101266	harbor1	chr11	83991778	83992103	LTR/ERVL-MaLR	1300	+	162	83991940	90674
chr11	25241921	25441921	harbor1	chr11	25251560	25251693	LTR/ERVL-MaLR	452	+	66	25251626	9705
chr11	25241921	25441921	harbor1	chr11	25295117	25295314	LTR/ERVL-MaLR	641	+	98	25295215	53294
chr11	25241921	25441921	harbor1	chr11	25297024	25297381	LTR/ERVL-MaLR	1121	+	178	25297202	55281
chr11	25241921	25441921	harbor1	chr11	25299919	25300306	LTR/ERVL-MaLR	1941	+	194	25300113	58192
chr11	25241921	25441921	harbor1	chr11	25308609	25308861	LTR/ERVL-MaLR	1138	+	126	25308735	66814
chr11	25241921	25441921	harbor1	chr11	25308859	25309264	LTR/ERVL-MaLR	2699	+	202	25309061	67140
chr11	25241921	25441921	harbor1	chr11	25318736	25319119	LTR/ERVL-MaLR	575	+	192	25318928	77007
chr11	25241921	25441921	harbor1	chr11	25322002	25322296	LTR/ERVL-MaLR	1017	+	147	25322149	80228
chr11	25241921	25441921	harbor1	chr11	25322301	25323882	LTR/ERVL-MaLR	9428	+	790	25323091	81170
chr11	25241921	25441921	harbor1	chr11	25323885	25324254	LTR/ERVL-MaLR	2314	+	184	25324069	82148
chr11	25241921	25441921	harbor1	chr11	25332717	25332891	LTR/ERVL-MaLR	1867	+	87	25332804	90883
chr11	25241921	25441921	harbor1	chr11	25332929	25333194	LTR/ERVL-MaLR	1867	+	132	25333061	91140
chr11	4927148	5127148	harbor1	chr11	4932235	4932726	LTR/ERVL-MaLR	617	+	246	4932481	5333
chr11	4927148	5127148	harbor1	chr11	4977890	4978268	LTR/ERVL-MaLR	1857	+	189	4978079	50931
chr11	4927148	5127148	harbor1	chr11	5005829	5006216	LTR/ERVL-MaLR	2164	+	194	5006023	78875
chr11	4927148	5127148	harbor1	chr11	5006242	5006587	LTR/ERVL-MaLR	2333	+	172	5006414	79266
chr11	4927148	5127148	harbor1	chr11	5006590	5006934	LTR/ERVL-MaLR	1746	+	172	5006762	79614
chr11	5384615	5584615	harbor1	chr11	5398572	5398943	LTR/ERVL-MaLR	2187	+	186	5398758	14143
chr11	5384615	5584615	harbor1	chr11	5411566	5412090	LTR/ERVL-MaLR	1414	+	262	5411828	27213
chr11	5384615	5584615	harbor1	chr11	5456731	5457053	LTR/ERVL-MaLR	1868	+	161	5456892	72277
chr11	7813040	8013040	harbor1	chr11	7832405	7832626	LTR/ERVL-MaLR	957	+	110	7832515	19475
chr11	7813040	8013040	harbor1	chr11	7832647	7833417	LTR/ERVL-MaLR	1492	+	385	7833032	19992
chr11	7813040	8013040	harbor1	chr11	7833418	7833905	LTR/ERVL-MaLR	1871	+	244	7833662	20622
chr11	7813040	8013040	harbor1	chr11	7839339	7839508	LTR/ERVL-MaLR	1266	+	84	7839423	26383
chr11	7813040	8013040	harbor1	chr11	7839553	7839746	LTR/ERVL-MaLR	1266	+	96	7839649	26609
chr11	7813040	8013040	harbor1	chr11	7894642	7895194	LTR/ERVL-MaLR	1492	+	276	7894918	81878
chr11	75168679	75368679	harbor1	chr11	75211615	75211999	LTR/ERVL-MaLR	452	+	192	75211807	43128
chr11	75168679	75368679	harbor1	chr11	75217178	75217590	LTR/ERVL-MaLR	1720	+	206	75217384	48705
chr11	75168679	75368679	harbor1	chr11	75233384	75233714	LTR/ERVL-MaLR	671	+	165	75233549	64870
chr11	127350412	127550412	harbor1	chr11	127387378	127387897	LTR/ERVL-MaLR	1760	+	260	127387638	37226
chr11	127350412	127550412	harbor1	chr11	127394496	127394872	LTR/ERVL-MaLR	2234	+	188	127394684	44272
chr11	127350412	127550412	harbor1	chr11	127436974	127437532	LTR/ERVL-MaLR	1043	+	279	127437253	86841
chr11	127350412	127550412	harbor1	chr11	127442216	127442578	LTR/ERVL-MaLR	1778	+	181	127442397	91985
chr11	9538801	9738801	harbor1	chr11	9538774	9538837	LTR/ERVL-MaLR	408	+	32	9538806	5
chr11	9538801	9738801	harbor1	chr11	9597065	9597238	LTR/ERVL-MaLR	442	+	86	9597151	58350
chr11	9538801	9738801	harbor1	chr11	9624402	9624692	LTR/ERVL-MaLR	2893	+	145	9624547	85746
chr11	9538801	9738801	harbor1	chr11	9624829	9625216	LTR/ERVL-MaLR	2893	+	194	9625023	86222
chr11	15249896	15449896	harbor1	chr11	15257503	15257945	LTR/ERVL-MaLR	2132	+	221	15257724	7828
chr11	15249896	15449896	harbor1	chr11	15273956	15274024	LTR/ERVL-MaLR	386	+	34	15273990	24094
chr11	15249896	15449896	harbor1	chr11	15274072	15274329	LTR/ERVL-MaLR	386	+	128	15274200	24304
chr11	15249896	15449896	harbor1	chr11	15279689	15280044	LTR/ERVL-MaLR	1566	+	178	15279867	29971
chr11	15249896	15449896	harbor1	chr11	15284449	15284700	LTR/ERVL-MaLR	1542	+	126	15284575	34679
chr11	15249896	15449896	harbor1	chr11	15303879	15304366	LTR/ERVL-MaLR	1160	+	244	15304123	54227
chr11	15249896	15449896	harbor1	chr11	15308433	15308782	LTR/ERVL-MaLR	823	+	174	15308607	58711
chr11	15249896	15449896	harbor1	chr11	15312536	15313117	LTR/ERVL-MaLR	3027	+	290	15312826	62930
chr11	15249896	15449896	harbor1	chr11	15313118	15313480	LTR/ERVL-MaLR	1993	+	181	15313299	63403
chr11	15249896	15449896	harbor1	chr11	15320765	15321192	LTR/ERVL-MaLR	1684	+	214	15320979	71083
chr11	26823811	27023811	harbor1	chr11	26832661	26832835	LTR/ERVL-MaLR	638	+	87	26832748	8937
chr11	26823811	27023811	harbor1	chr11	26833117	26833338	LTR/ERVL-MaLR	638	+	110	26833227	9416
chr11	26823811	27023811	harbor1	chr11	26839520	26839605	LTR/ERVL-MaLR	544	+	42	26839562	15751
chr11	26823811	27023811	harbor1	chr11	26866246	26866530	LTR/ERVL-MaLR	593	+	142	26866388	42577
chr11	26823811	27023811	harbor1	chr11	26881366	26881852	LTR/ERVL-MaLR	2649	+	243	26881609	57798
chr11	26823811	27023811	harbor1	chr11	26881855	26882194	LTR/ERVL-MaLR	2304	+	170	26882025	58214
chr11	26823811	27023811	harbor1	chr11	26889819	26890052	LTR/ERVL-MaLR	1595	+	116	26889935	66124
chr11	26823811	27023811	harbor1	chr11	26890053	26890416	LTR/ERVL-MaLR	2503	+	182	26890235	66424
chr11	26823811	27023811	harbor1	chr11	26894244	26894643	LTR/ERVL-MaLR	2139	+	200	26894444	70633
chr11	26823811	27023811	harbor1	chr11	26894644	26895278	LTR/ERVL-MaLR	3438	+	317	26894961	71150
chr11	26823811	27023811	harbor1	chr11	26895270	26895419	LTR/ERVL-MaLR	856	+	74	26895344	71533
chr11	26823811	27023811	harbor1	chr11	26895419	26895589	LTR/ERVL-MaLR	826	+	85	26895504	71693
chr11	26823811	27023811	harbor1	chr11	26895768	26895983	LTR/ERVL-MaLR	1343	+	108	26895876	72065
chr11	26823811	27023811	harbor1	chr11	26913333	26913749	LTR/ERVL-MaLR	2393	+	208	26913541	89730
chr11	26823811	27023811	harbor1	chr11	26913905	26914301	LTR/ERVL-MaLR	1961	+	198	26914103	90292
chr11	26823811	27023811	harbor1	chr11	26916832	26917260	LTR/ERVL-MaLR	506	+	214	26917046	93235
chr11	26823811	27023811	harbor1	chr11	26919859	26920230	LTR/ERVL-MaLR	1823	+	186	26920045	96234
chr11	18238699	18438699	harbor1	chr11	18289959	18290353	LTR/ERVL-MaLR	782	+	197	18290156	51457
chr11	95914558	96114558	harbor1	chr11	95916195	95916487	LTR/ERVL-MaLR	870	+	146	95916341	1783
chr11	95914558	96114558	harbor1	chr11	95943616	95943993	LTR/ERVL-MaLR	2348	+	188	95943804	29246
chr11	95914558	96114558	harbor1	chr11	95945632	95946012	LTR/ERVL-MaLR	2234	+	190	95945822	31264
chr11	95914558	96114558	harbor1	chr11	95950120	95950321	LTR/ERVL-MaLR	1261	+	100	95950220	35662
chr11	95914558	96114558	harbor1	chr11	95950366	95950648	LTR/ERVL-MaLR	1261	+	141	95950507	35949
chr11	95914558	96114558	harbor1	chr11	95950955	95951032	LTR/ERVL-MaLR	1261	+	38	95950993	36435
chr11	95914558	96114558	harbor1	chr11	95973196	95973672	LTR/ERVL-MaLR	1412	+	238	95973434	58876
chr11	95914558	96114558	harbor1	chr11	95974105	95974450	LTR/ERVL-MaLR	1712	+	172	95974277	59719
chr11	95914558	96114558	harbor1	chr11	96004833	96005206	LTR/ERVL-MaLR	1580	+	186	96005019	90461
chr11	95914558	96114558	harbor1	chr11	95943996	95945631	LTR/ERVL-MaLR	10527	+	818	95944814	30256
chr11	88259323	88459323	harbor1	chr11	88282664	88282956	LTR/ERVL-MaLR	905	+	146	88282810	23487
chr11	88259323	88459323	harbor1	chr11	88283697	88284035	LTR/ERVL-MaLR	1612	+	169	88283866	24543
chr11	88259323	88459323	harbor1	chr11	88296674	88296833	LTR/ERVL-MaLR	504	+	80	88296754	37431
chr11	88259323	88459323	harbor1	chr11	88311597	88311966	LTR/ERVL-MaLR	1987	+	184	88311781	52458
chr11	111999346	112199346	harbor1	chr11	112068214	112068500	LTR/ERVL-MaLR	1554	+	143	112068357	69011
chr11	111999346	112199346	harbor1	chr11	112068804	112068973	LTR/ERVL-MaLR	1554	+	84	112068888	69542
chr11	111999346	112199346	harbor1	chr11	112069304	112069933	LTR/ERVL-MaLR	1554	+	314	112069618	70272
chr11	111999346	112199346	harbor1	chr11	112070108	112070322	LTR/ERVL-MaLR	512	+	107	112070215	70869
chr11	18275911	18475911	harbor1	chr11	18289959	18290353	LTR/ERVL-MaLR	782	+	197	18290156	14245
chr11	50323124	50523124	harbor1	chr11	50338332	50338643	LTR/ERVL-MaLR	1354	+	156	50338488	15364
chr11	50323124	50523124	harbor1	chr11	50338970	50339289	LTR/ERVL-MaLR	735	+	160	50339130	16006
chr11	50323124	50523124	harbor1	chr11	50339672	50339724	LTR/ERVL-MaLR	735	+	26	50339698	16574
chr11	50323124	50523124	harbor1	chr11	50343471	50343905	LTR/ERVL-MaLR	921	+	217	50343688	20564
chr11	18267351	18467351	harbor1	chr11	18289959	18290353	LTR/ERVL-MaLR	782	+	197	18290156	22805
chr11	97255639	97455639	harbor1	chr11	97294921	97295400	LTR/ERVL-MaLR	1342	+	240	97295161	39522
chr11	85876108	86076108	harbor1	chr11	85948790	85949193	LTR/ERVL-MaLR	545	+	202	85948992	72884
chr11	85876108	86076108	harbor1	chr11	85954185	85954341	LTR/ERVL-MaLR	834	+	78	85954263	78155
chr11	85876108	86076108	harbor1	chr11	85965040	85965144	LTR/ERVL-MaLR	422	+	52	85965092	88984
chr11	85876108	86076108	harbor1	chr11	85965157	85965368	LTR/ERVL-MaLR	880	+	106	85965263	89155
chr11	85876108	86076108	harbor1	chr11	85966607	85967052	LTR/ERVL-MaLR	1083	+	222	85966829	90721
chr11	101771192	101971192	harbor1	chr11	101772696	101773106	LTR/ERVL-MaLR	1920	+	205	101772901	1709
chr11	101771192	101971192	harbor1	chr11	101778345	101778714	LTR/ERVL-MaLR	2617	+	184	101778529	7337
chr11	101771192	101971192	harbor1	chr11	101778715	101780290	LTR/ERVL-MaLR	11512	+	788	101779503	8311
chr11	101771192	101971192	harbor1	chr11	101780291	101780414	LTR/ERVL-MaLR	825	+	62	101780353	9161
chr11	101771192	101971192	harbor1	chr11	101796798	101797178	LTR/ERVL-MaLR	2298	+	190	101796988	25796
chr11	101771192	101971192	harbor1	chr11	101804222	101804440	LTR/ERVL-MaLR	475	+	109	101804331	33139
chr11	101771192	101971192	harbor1	chr11	101811362	101811735	LTR/ERVL-MaLR	2423	+	186	101811548	40356
chr11	8162192	8362192	harbor1	chr11	8176883	8177252	LTR/ERVL-MaLR	480	+	184	8177067	14875
chr11	8162192	8362192	harbor1	chr11	8189455	8189803	LTR/ERVL-MaLR	663	+	174	8189629	27437
chr11	8162192	8362192	harbor1	chr11	8252408	8252943	LTR/ERVL-MaLR	1626	+	268	8252676	90484
chr11	8162192	8362192	harbor1	chr11	8255002	8255230	LTR/ERVL-MaLR	1824	+	114	8255116	92924
chr11	8162192	8362192	harbor1	chr11	8255512	8255796	LTR/ERVL-MaLR	1824	+	142	8255654	93462
chr11	8162192	8362192	harbor1	chr11	8191753	8192108	LTR/ERVL-MaLR	2289	+	178	8191931	29739
chr11	44566246	44766246	harbor1	chr11	44626507	44627013	LTR/ERVL-MaLR	1729	+	253	44626760	60514
chr11	44566246	44766246	harbor1	chr11	44660542	44660907	LTR/ERVL-MaLR	2742	+	182	44660724	94478
chr11	77809083	78009083	harbor1	chr11	77829026	77829391	LTR/ERVL-MaLR	1389	+	182	77829208	20125
chr11	77809083	78009083	harbor1	chr11	77835038	77835461	LTR/ERVL-MaLR	759	+	212	77835250	26167
chr11	77809083	78009083	harbor1	chr11	77836214	77836597	LTR/ERVL-MaLR	1523	+	192	77836406	27323
chr11	77809083	78009083	harbor1	chr11	77851493	77851887	LTR/ERVL-MaLR	2341	+	197	77851690	42607
chr11	77809083	78009083	harbor1	chr11	77908856	77908936	LTR/ERVL-MaLR	442	+	40	77908896	99813
chr11	87861723	88061723	harbor1	chr11	87865161	87865655	LTR/ERVL-MaLR	1765	+	247	87865408	3685
chr11	87861723	88061723	harbor1	chr11	87868079	87868500	LTR/ERVL-MaLR	2613	+	210	87868289	6566
chr11	87861723	88061723	harbor1	chr11	87880404	87880570	LTR/ERVL-MaLR	413	+	83	87880487	18764
chr11	87861723	88061723	harbor1	chr11	87913540	87914009	LTR/ERVL-MaLR	1532	+	234	87913774	52051
chr11	87861723	88061723	harbor1	chr11	87914013	87915201	LTR/ERVL-MaLR	5753	+	594	87914607	52884
chr11	87861723	88061723	harbor1	chr11	87915826	87916233	LTR/ERVL-MaLR	5753	+	204	87916030	54307
chr11	87861723	88061723	harbor1	chr11	87933246	87933534	LTR/ERVL-MaLR	477	+	144	87933390	71667
chr11	87861723	88061723	harbor1	chr11	87959587	87959999	LTR/ERVL-MaLR	626	+	206	87959793	98070
chr11	87861723	88061723	harbor1	chr11	87883553	87884012	LTR/ERVL-MaLR	1730	+	230	87883783	22060
chr11	87861723	88061723	harbor1	chr11	87916239	87916678	LTR/ERVL-MaLR	2249	+	220	87916459	54736
chr11	69936563	70136563	harbor1	chr11	69946305	69946484	LTR/ERVL-MaLR	1081	+	90	69946395	9832
chr11	69936563	70136563	harbor1	chr11	69946673	69946846	LTR/ERVL-MaLR	899	+	86	69946759	10196
chr11	69936563	70136563	harbor1	chr11	69960050	69960474	LTR/ERVL-MaLR	1239	+	212	69960262	23699
chr11	69936563	70136563	harbor1	chr11	69974903	69974976	LTR/ERVL-MaLR	411	+	36	69974939	38376
chr11	69936563	70136563	harbor1	chr11	69976106	69976240	LTR/ERVL-MaLR	1281	+	67	69976173	39610
chr11	69936563	70136563	harbor1	chr11	69976537	69976764	LTR/ERVL-MaLR	1281	+	114	69976651	40088
chr11	69936563	70136563	harbor1	chr11	69997585	69998006	LTR/ERVL-MaLR	2382	+	210	69997795	61232
chr11	69936563	70136563	harbor1	chr11	70022707	70023200	LTR/ERVL-MaLR	2002	+	246	70022953	86390
chr11	59287099	59487099	harbor1	chr11	59335840	59336214	LTR/ERVL-MaLR	1855	+	187	59336027	48928
chr11	104703064	104903064	harbor1	chr11	104721503	104721679	LTR/ERVL-MaLR	515	+	88	104721591	18527
chr11	104703064	104903064	harbor1	chr11	104724462	104724594	LTR/ERVL-MaLR	525	+	66	104724528	21464
chr11	104703064	104903064	harbor1	chr11	104725017	104725191	LTR/ERVL-MaLR	688	+	87	104725104	22040
chr11	104703064	104903064	harbor1	chr11	104728998	104729352	LTR/ERVL-MaLR	1909	+	177	104729175	26111
chr11	104703064	104903064	harbor1	chr11	104750959	104751464	LTR/ERVL-MaLR	750	+	252	104751211	48147
chr11	104703064	104903064	harbor1	chr11	104763746	104764097	LTR/ERVL-MaLR	1567	+	176	104763922	60858
chr11	104703064	104903064	harbor1	chr11	104779483	104779903	LTR/ERVL-MaLR	1971	+	210	104779693	76629
chr11	104703064	104903064	harbor1	chr11	104802069	104802241	LTR/ERVL-MaLR	657	+	86	104802155	99091
chr11	85906126	86106126	harbor1	chr11	85948790	85949193	LTR/ERVL-MaLR	545	+	202	85948992	42866
chr11	85906126	86106126	harbor1	chr11	85954185	85954341	LTR/ERVL-MaLR	834	+	78	85954263	48137
chr11	85906126	86106126	harbor1	chr11	85965040	85965144	LTR/ERVL-MaLR	422	+	52	85965092	58966
chr11	85906126	86106126	harbor1	chr11	85965157	85965368	LTR/ERVL-MaLR	880	+	106	85965263	59137
chr11	85906126	86106126	harbor1	chr11	85966607	85967052	LTR/ERVL-MaLR	1083	+	222	85966829	60703
chr11	104394103	104594103	harbor1	chr11	104423866	104424230	LTR/ERVL-MaLR	1796	+	182	104424048	29945
chr11	104394103	104594103	harbor1	chr11	104479736	104480094	LTR/ERVL-MaLR	1770	+	179	104479915	85812
chr11	99067646	99267646	harbor1	chr11	99067812	99068197	LTR/ERVL-MaLR	2295	+	192	99068004	358
chr11	99067646	99267646	harbor1	chr11	99077601	99077964	LTR/ERVL-MaLR	1755	+	182	99077783	10137
chr11	99067646	99267646	harbor1	chr11	99103588	99104054	LTR/ERVL-MaLR	857	+	233	99103821	36175
chr11	99067646	99267646	harbor1	chr11	99110824	99110979	LTR/ERVL-MaLR	432	+	78	99110902	43256
chr11	99067646	99267646	harbor1	chr11	99114838	99115200	LTR/ERVL-MaLR	1698	+	181	99115019	47373
chr11	99067646	99267646	harbor1	chr11	99117580	99117958	LTR/ERVL-MaLR	1523	+	189	99117769	50123
chr11	99067646	99267646	harbor1	chr11	99161554	99161743	LTR/ERVL-MaLR	507	+	94	99161648	94002
chr11	84881492	85081492	harbor1	chr11	84977020	84977212	LTR/ERVL-MaLR	412	+	96	84977116	95624
chr11	37701605	37901605	harbor1	chr11	37720031	37720628	LTR/ERVL-MaLR	1571	+	298	37720329	18724
chr11	37701605	37901605	harbor1	chr11	37732800	37733214	LTR/ERVL-MaLR	2306	+	207	37733007	31402
chr11	37701605	37901605	harbor1	chr11	37756523	37756740	LTR/ERVL-MaLR	1437	+	108	37756631	55026
chr11	37701605	37901605	harbor1	chr11	37757045	37757204	LTR/ERVL-MaLR	1437	+	80	37757125	55520
chr11	35005890	35205890	harbor1	chr11	35037915	35038022	LTR/ERVL-MaLR	385	+	54	35037969	32079
chr11	35005890	35205890	harbor1	chr11	35047926	35048278	LTR/ERVL-MaLR	2754	+	176	35048102	42212
chr11	35005890	35205890	harbor1	chr11	35048279	35049847	LTR/ERVL-MaLR	11383	+	784	35049063	43173
chr11	35005890	35205890	harbor1	chr11	35049848	35050201	LTR/ERVL-MaLR	2741	+	176	35050024	44134
chr11	35005890	35205890	harbor1	chr11	35055582	35055936	LTR/ERVL-MaLR	2168	+	177	35055759	49869
chr11	35005890	35205890	harbor1	chr11	35058775	35059021	LTR/ERVL-MaLR	1492	+	123	35058898	53008
chr11	35005890	35205890	harbor1	chr11	35078695	35079032	LTR/ERVL-MaLR	1804	+	168	35078863	72973
chr11	35005890	35205890	harbor1	chr11	35088325	35088694	LTR/ERVL-MaLR	885	+	184	35088509	82619
chr11	35005890	35205890	harbor1	chr11	35090900	35091075	LTR/ERVL-MaLR	937	+	88	35090988	85098
chr11	35005890	35205890	harbor1	chr11	35096819	35097029	LTR/ERVL-MaLR	1228	+	105	35096924	91034
chr11	130590810	130790810	harbor1	chr11	130617991	130618540	LTR/ERVL-MaLR	1446	+	274	130618265	27455
chr11	130590810	130790810	harbor1	chr11	130650989	130651427	LTR/ERVL-MaLR	607	+	219	130651208	60398
chr11	17644643	17844643	harbor1	chr11	17649280	17649771	LTR/ERVL-MaLR	2667	+	246	17649526	4883
chr11	17644643	17844643	harbor1	chr11	17670522	17670677	LTR/ERVL-MaLR	417	+	78	17670600	25957
chr11	17644643	17844643	harbor1	chr11	17671114	17671268	LTR/ERVL-MaLR	547	+	77	17671191	26548
chr11	17644643	17844643	harbor1	chr11	17692917	17693372	LTR/ERVL-MaLR	1910	+	228	17693145	48502
chr11	17644643	17844643	harbor1	chr11	17700924	17701418	LTR/ERVL-MaLR	1115	+	247	17701171	56528
chr11	17644643	17844643	harbor1	chr11	17704261	17704643	LTR/ERVL-MaLR	1835	+	191	17704452	59809
chr11	17644643	17844643	harbor1	chr11	17728484	17728860	LTR/ERVL-MaLR	2599	+	188	17728672	84029
chr11	125523757	125723757	harbor1	chr11	125525367	125525729	LTR/ERVL-MaLR	2152	+	181	125525548	1791
chr11	27928269	28128269	harbor1	chr11	27958495	27958894	LTR/ERVL-MaLR	2244	+	200	27958695	30426
chr11	27928269	28128269	harbor1	chr11	27969160	27969462	LTR/ERVL-MaLR	859	+	151	27969311	41042
chr11	27928269	28128269	harbor1	chr11	27975249	27975618	LTR/ERVL-MaLR	1893	+	184	27975433	47164
chr11	27928269	28128269	harbor1	chr11	27987439	27987833	LTR/ERVL-MaLR	518	+	197	27987636	59367
chr11	27928269	28128269	harbor1	chr11	28001064	28001426	LTR/ERVL-MaLR	2261	+	181	28001245	72976
chr11	27928269	28128269	harbor1	chr11	28001427	28002978	LTR/ERVL-MaLR	10959	+	776	28002203	73934
chr11	27928269	28128269	harbor1	chr11	28002979	28003309	LTR/ERVL-MaLR	2036	+	165	28003144	74875
chr11	20521196	20721196	harbor1	chr11	20528026	20528245	LTR/ERVL-MaLR	484	+	110	20528136	6940
chr11	20521196	20721196	harbor1	chr11	20561947	20562463	LTR/ERVL-MaLR	1521	+	258	20562205	41009
chr11	20521196	20721196	harbor1	chr11	20564444	20564587	LTR/ERVL-MaLR	386	+	72	20564516	43320
chr11	20521196	20721196	harbor1	chr11	20581725	20581891	LTR/ERVL-MaLR	540	+	83	20581808	60612
chr11	20521196	20721196	harbor1	chr11	20582413	20582496	LTR/ERVL-MaLR	1097	+	42	20582455	61259
chr11	20521196	20721196	harbor1	chr11	20582778	20583056	LTR/ERVL-MaLR	1097	+	139	20582917	61721
chr11	121428805	121628805	harbor1	chr11	121431225	121431637	LTR/ERVL-MaLR	736	+	206	121431431	2626
chr11	121428805	121628805	harbor1	chr11	121441142	121441241	LTR/ERVL-MaLR	699	+	50	121441192	12387
chr11	121428805	121628805	harbor1	chr11	121441554	121441903	LTR/ERVL-MaLR	699	+	174	121441728	12923
chr11	26448784	26648784	harbor1	chr11	26466328	26466801	LTR/ERVL-MaLR	1118	+	236	26466564	17780
chr11	26448784	26648784	harbor1	chr11	26483320	26483708	LTR/ERVL-MaLR	2174	+	194	26483514	34730
chr11	26448784	26648784	harbor1	chr11	26483709	26485210	LTR/ERVL-MaLR	7412	+	750	26484459	35675
chr11	26448784	26648784	harbor1	chr11	26485211	26485598	LTR/ERVL-MaLR	1655	+	194	26485405	36621
chr11	26448784	26648784	harbor1	chr11	26487104	26487455	LTR/ERVL-MaLR	2568	+	176	26487280	38496
chr11	26448784	26648784	harbor1	chr11	26487456	26487885	LTR/ERVL-MaLR	4168	+	214	26487670	38886
chr11	26448784	26648784	harbor1	chr11	26488192	26488399	LTR/ERVL-MaLR	4168	+	104	26488296	39512
chr11	26448784	26648784	harbor1	chr11	26489093	26490037	LTR/ERVL-MaLR	6675	+	472	26489565	40781
chr11	26448784	26648784	harbor1	chr11	26490038	26490381	LTR/ERVL-MaLR	2521	+	172	26490210	41426
chr11	106429639	106629639	harbor1	chr11	106437392	106437769	LTR/ERVL-MaLR	1993	+	188	106437580	7941
chr11	106429639	106629639	harbor1	chr11	106445989	106446317	LTR/ERVL-MaLR	1421	+	164	106446153	16514
chr11	106429639	106629639	harbor1	chr11	106450094	106450392	LTR/ERVL-MaLR	675	+	149	106450243	20604
chr11	106429639	106629639	harbor1	chr11	106465820	106466194	LTR/ERVL-MaLR	2029	+	187	106466007	36368
chr11	106429639	106629639	harbor1	chr11	106474141	106474587	LTR/ERVL-MaLR	538	+	223	106474364	44725
chr11	106429639	106629639	harbor1	chr11	106492385	106492732	LTR/ERVL-MaLR	1045	+	174	106492559	62920
chr11	106429639	106629639	harbor1	chr11	106517575	106517968	LTR/ERVL-MaLR	1156	+	196	106517771	88132
chr11	87455305	87655305	harbor1	chr11	87470912	87471276	LTR/ERVL-MaLR	2153	+	182	87471094	15789
chr11	87455305	87655305	harbor1	chr11	87478417	87478712	LTR/ERVL-MaLR	1908	+	148	87478565	23260
chr11	87455305	87655305	harbor1	chr11	87478713	87480278	LTR/ERVL-MaLR	9993	+	782	87479495	24190
chr11	87455305	87655305	harbor1	chr11	87480279	87480641	LTR/ERVL-MaLR	2442	+	181	87480460	25155
chr11	87455305	87655305	harbor1	chr11	87497181	87497377	LTR/ERVL-MaLR	1233	+	98	87497279	41974
chr11	87455305	87655305	harbor1	chr11	87500754	87500988	LTR/ERVL-MaLR	1298	+	117	87500871	45566
chr11	87455305	87655305	harbor1	chr11	87534328	87534378	LTR/ERVL-MaLR	410	+	25	87534353	79048
chr11	87455305	87655305	harbor1	chr11	87536106	87536458	LTR/ERVL-MaLR	612	+	176	87536282	80977
chr11	50035481	50235481	harbor1	chr11	50096736	50096844	LTR/ERVL-MaLR	702	+	54	50096790	61309
chr11	126081749	126281749	harbor1	chr11	126106830	126107257	LTR/ERVL-MaLR	1357	+	214	126107044	25295
chr11	126081749	126281749	harbor1	chr11	126131432	126132004	LTR/ERVL-MaLR	2216	+	286	126131718	49969
chr11	14518134	14718134	harbor1	chr11	14566465	14566809	LTR/ERVL-MaLR	385	+	172	14566637	48503
chr11	14518134	14718134	harbor1	chr11	14573818	14574498	LTR/ERVL-MaLR	3980	+	340	14574158	56024
chr11	14518134	14718134	harbor1	chr11	14574499	14574863	LTR/ERVL-MaLR	2621	+	182	14574681	56547
chr11	14518134	14718134	harbor1	chr11	14574864	14575235	LTR/ERVL-MaLR	2598	+	186	14575050	56916
chr11	14518134	14718134	harbor1	chr11	14593925	14594259	LTR/ERVL-MaLR	681	+	167	14594092	75958
chr11	74281987	74481987	harbor1	chr11	74284310	74284484	LTR/ERVL-MaLR	775	+	87	74284397	2410
chr11	74281987	74481987	harbor1	chr11	74313953	74314450	LTR/ERVL-MaLR	2564	+	248	74314201	32214
chr11	74281987	74481987	harbor1	chr11	74322597	74323079	LTR/ERVL-MaLR	1939	+	241	74322838	40851
chr11	74281987	74481987	harbor1	chr11	74323080	74323265	LTR/ERVL-MaLR	527	+	92	74323172	41185
chr11	74281987	74481987	harbor1	chr11	74323460	74323702	LTR/ERVL-MaLR	1847	+	121	74323581	41594
chr11	74281987	74481987	harbor1	chr11	74323985	74324265	LTR/ERVL-MaLR	1847	+	140	74324125	42138
chr11	74281987	74481987	harbor1	chr11	74324266	74324788	LTR/ERVL-MaLR	1939	+	261	74324527	42540
chr11	74281987	74481987	harbor1	chr11	74325570	74325882	LTR/ERVL-MaLR	1541	+	156	74325726	43739
chr11	74281987	74481987	harbor1	chr11	74354022	74354286	LTR/ERVL-MaLR	448	+	132	74354154	72167
chr11	74281987	74481987	harbor1	chr11	74381215	74381542	LTR/ERVL-MaLR	986	+	164	74381379	99392
chr11	21285364	21485364	harbor1	chr11	21311820	21312177	LTR/ERVL-MaLR	1656	+	178	21311998	26634
chr11	21285364	21485364	harbor1	chr11	21313804	21314221	LTR/ERVL-MaLR	2233	+	208	21314012	28648
chr11	21285364	21485364	harbor1	chr11	21327005	21327183	LTR/ERVL-MaLR	2544	+	89	21327094	41730
chr11	21285364	21485364	harbor1	chr11	21327354	21327573	LTR/ERVL-MaLR	2544	+	110	21327464	42100
chr11	21285364	21485364	harbor1	chr11	21327574	21329115	LTR/ERVL-MaLR	10193	+	770	21328344	42980
chr11	21285364	21485364	harbor1	chr11	21329116	21329480	LTR/ERVL-MaLR	2475	+	182	21329298	43934
chr11	21285364	21485364	harbor1	chr11	21339073	21339504	LTR/ERVL-MaLR	1341	+	216	21339289	53925
chr11	21285364	21485364	harbor1	chr11	21340466	21340620	LTR/ERVL-MaLR	1942	+	77	21340543	55179
chr11	21285364	21485364	harbor1	chr11	21340662	21340929	LTR/ERVL-MaLR	1942	+	134	21340796	55432
chr11	21285364	21485364	harbor1	chr11	21350854	21351337	LTR/ERVL-MaLR	861	+	242	21351096	65732
chr11	66437089	66637089	harbor1	chr11	66457880	66457980	LTR/ERVL-MaLR	473	+	50	66457930	20841
chr11	66437089	66637089	harbor1	chr11	66458997	66459258	LTR/ERVL-MaLR	1165	+	130	66459127	22038
chr11	66437089	66637089	harbor1	chr11	66459687	66459801	LTR/ERVL-MaLR	477	+	57	66459744	22655
chr11	66437089	66637089	harbor1	chr11	66461710	66461837	LTR/ERVL-MaLR	510	+	64	66461774	24685
chr11	66437089	66637089	harbor1	chr11	66462171	66462365	LTR/ERVL-MaLR	1606	+	97	66462268	25179
chr11	66437089	66637089	harbor1	chr11	66462676	66463213	LTR/ERVL-MaLR	1754	+	268	66462944	25855
chr11	112077533	112277533	harbor1	chr11	112152487	112152914	LTR/ERVL-MaLR	917	+	214	112152701	75168
chr11	131470084	131670084	harbor1	chr11	131502116	131502448	LTR/ERVL-MaLR	1158	+	166	131502282	32198
chr11	131470084	131670084	harbor1	chr11	131550333	131550717	LTR/ERVL-MaLR	2107	+	192	131550525	80441
chr11	78065097	78265097	harbor1	chr11	78070139	78070448	LTR/ERVL-MaLR	1619	+	154	78070293	5196
chr11	78065097	78265097	harbor1	chr11	78094310	78094482	LTR/ERVL-MaLR	1858	+	86	78094396	29299
chr11	78065097	78265097	harbor1	chr11	78094758	78095151	LTR/ERVL-MaLR	1858	+	196	78094954	29857
chr11	37039267	37239267	harbor1	chr11	37051953	37052376	LTR/ERVL-MaLR	2038	+	212	37052165	12898
chr11	37039267	37239267	harbor1	chr11	37056160	37056521	LTR/ERVL-MaLR	2119	+	180	37056340	17073
chr11	37039267	37239267	harbor1	chr11	37064360	37064773	LTR/ERVL-MaLR	2053	+	206	37064566	25299
chr11	37039267	37239267	harbor1	chr11	37094643	37094998	LTR/ERVL-MaLR	1970	+	178	37094821	55554
chr11	37039267	37239267	harbor1	chr11	37118991	37119503	LTR/ERVL-MaLR	1100	+	256	37119247	79980
chr11	37039267	37239267	harbor1	chr11	37129222	37129564	LTR/ERVL-MaLR	1949	+	171	37129393	90126
chr11	37039267	37239267	harbor1	chr11	37129565	37131108	LTR/ERVL-MaLR	10856	+	772	37130337	91070
chr11	37039267	37239267	harbor1	chr11	37131109	37131461	LTR/ERVL-MaLR	1897	+	176	37131285	92018
chr11	2393860	2593860	harbor1	chr11	2424410	2424793	LTR/ERVL-MaLR	799	+	192	2424602	30742
chr11	2393860	2593860	harbor1	chr11	2429764	2429976	LTR/ERVL-MaLR	1169	+	106	2429870	36010
chr11	2393860	2593860	harbor1	chr11	2430275	2430444	LTR/ERVL-MaLR	828	+	84	2430359	36499
chr11	2393860	2593860	harbor1	chr11	2475650	2476001	LTR/ERVL-MaLR	2058	+	176	2475826	81966
chr11	103166665	103366665	harbor1	chr11	103257007	103257384	LTR/ERVL-MaLR	1941	+	188	103257195	90530
chr11	100699795	100899795	harbor1	chr11	100786836	100786996	LTR/ERVL-MaLR	1778	+	80	100786916	87121
chr11	100699795	100899795	harbor1	chr11	100787292	100787490	LTR/ERVL-MaLR	1778	+	99	100787391	87596
chr11	21664253	21864253	harbor1	chr11	21701258	21701626	LTR/ERVL-MaLR	1108	+	184	21701442	37189
chr11	21664253	21864253	harbor1	chr11	21710320	21710406	LTR/ERVL-MaLR	884	+	43	21710363	46110
chr11	21664253	21864253	harbor1	chr11	21710846	21711201	LTR/ERVL-MaLR	884	+	178	21711024	46771
chr11	21664253	21864253	harbor1	chr11	21714977	21715049	LTR/ERVL-MaLR	2195	+	36	21715013	50760
chr11	21664253	21864253	harbor1	chr11	21715406	21715705	LTR/ERVL-MaLR	2195	+	150	21715556	51303
chr11	21664253	21864253	harbor1	chr11	21716257	21716338	LTR/ERVL-MaLR	468	+	40	21716297	52044
chr11	21664253	21864253	harbor1	chr11	21716339	21716759	LTR/ERVL-MaLR	1398	+	210	21716549	52296
chr11	21664253	21864253	harbor1	chr11	21722567	21722962	LTR/ERVL-MaLR	1960	+	198	21722765	58512
chr11	21664253	21864253	harbor1	chr11	21727061	21727507	LTR/ERVL-MaLR	2657	+	223	21727284	63031
chr11	21664253	21864253	harbor1	chr11	21762077	21762208	LTR/ERVL-MaLR	598	+	66	21762143	97890
chr11	130897120	131097120	harbor1	chr11	130922952	130923329	LTR/ERVL-MaLR	2138	+	188	130923140	26020
chr11	130897120	131097120	harbor1	chr11	130938586	130938763	LTR/ERVL-MaLR	539	+	88	130938674	41554
chr11	16089545	16289545	harbor1	chr11	16137684	16138045	LTR/ERVL-MaLR	2341	+	180	16137864	48319
chr11	16089545	16289545	harbor1	chr11	16162360	16162753	LTR/ERVL-MaLR	2241	+	196	16162556	73011
chr11	10075016	10275016	harbor1	chr11	10075427	10075813	LTR/ERVL-MaLR	2119	+	193	10075620	604
chr11	10075016	10275016	harbor1	chr11	10097003	10097387	LTR/ERVL-MaLR	1618	+	192	10097195	22179
chr11	10075016	10275016	harbor1	chr11	10112219	10112586	LTR/ERVL-MaLR	2406	+	184	10112403	37387
chr11	24871415	25071415	harbor1	chr11	24874872	24875096	LTR/ERVL-MaLR	489	+	112	24874984	3569
chr11	24871415	25071415	harbor1	chr11	24888672	24889047	LTR/ERVL-MaLR	2216	+	188	24888860	17445
chr11	24871415	25071415	harbor1	chr11	24909701	24909805	LTR/ERVL-MaLR	748	+	52	24909753	38338
chr11	24871415	25071415	harbor1	chr11	24909808	24911346	LTR/ERVL-MaLR	9544	+	769	24910577	39162
chr11	24871415	25071415	harbor1	chr11	24911347	24911711	LTR/ERVL-MaLR	1972	+	182	24911529	40114
chr11	24871415	25071415	harbor1	chr11	24956248	24956471	LTR/ERVL-MaLR	1184	+	112	24956360	84945
chr11	99426326	99626326	harbor1	chr11	99454272	99454721	LTR/ERVL-MaLR	1939	+	224	99454496	28170
chr11	99426326	99626326	harbor1	chr11	99474915	99475047	LTR/ERVL-MaLR	560	+	66	99474981	48655
chr11	99426326	99626326	harbor1	chr11	99475109	99475429	LTR/ERVL-MaLR	991	+	160	99475269	48943
chr11	99426326	99626326	harbor1	chr11	99499253	99499613	LTR/ERVL-MaLR	1667	+	180	99499433	73107
chr11	99426326	99626326	harbor1	chr11	99502308	99502695	LTR/ERVL-MaLR	2015	+	194	99502502	76176
chr11	41932777	42132777	harbor1	chr11	41949490	41949908	LTR/ERVL-MaLR	848	+	209	41949699	16922
chr11	41932777	42132777	harbor1	chr11	41987882	41988389	LTR/ERVL-MaLR	1734	+	254	41988136	55359
chr11	41932777	42132777	harbor1	chr11	42000034	42000167	LTR/ERVL-MaLR	581	+	66	42000100	67323
chr11	41932777	42132777	harbor1	chr11	42016434	42016635	LTR/ERVL-MaLR	509	+	100	42016534	83757
chr11	23453809	23653809	harbor1	chr11	23491626	23492025	LTR/ERVL-MaLR	1919	+	200	23491826	38017
chr11	23453809	23653809	harbor1	chr11	23529022	23529128	LTR/ERVL-MaLR	427	+	53	23529075	75266
chr11	23453809	23653809	harbor1	chr11	23534545	23534747	LTR/ERVL-MaLR	721	+	101	23534646	80837
chr11	23453809	23653809	harbor1	chr11	23540480	23540819	LTR/ERVL-MaLR	1103	+	170	23540650	86841
chr11	23453809	23653809	harbor1	chr11	23543673	23543770	LTR/ERVL-MaLR	465	+	48	23543721	89912
chr11	23453809	23653809	harbor1	chr11	23551564	23551954	LTR/ERVL-MaLR	1513	+	195	23551759	97950
chr11	75091837	75291837	harbor1	chr11	75136112	75136486	LTR/ERVL-MaLR	2115	+	187	75136299	44462
chr11	75091837	75291837	harbor1	chr11	75136487	75136599	LTR/ERVL-MaLR	844	+	56	75136543	44706
chr11	13371929	13571929	harbor1	chr11	13394197	13394542	LTR/ERVL-MaLR	1606	+	172	13394369	22440
chr11	13371929	13571929	harbor1	chr11	13407685	13408193	LTR/ERVL-MaLR	1834	+	254	13407939	36010
chr11	13371929	13571929	harbor1	chr11	13441838	13442061	LTR/ERVL-MaLR	449	+	112	13441950	70021
chr11	13371929	13571929	harbor1	chr11	13464812	13465161	LTR/ERVL-MaLR	1498	+	174	13464986	93057
chr11	39370326	39570326	harbor1	chr11	39420475	39420768	LTR/ERVL-MaLR	797	+	146	39420621	50295
chr11	39370326	39570326	harbor1	chr11	39434201	39434787	LTR/ERVL-MaLR	2274	+	293	39434494	64168
chr11	39370326	39570326	harbor1	chr11	39469885	39470251	LTR/ERVL-MaLR	2003	+	183	39470068	99742
chr11	2776723	2976723	harbor1	chr11	2821882	2822325	LTR/ERVL-MaLR	1514	+	222	2822104	45381
chr11	2776723	2976723	harbor1	chr11	2867045	2867420	LTR/ERVL-MaLR	1956	+	188	2867233	90510
chr11	97644035	97844035	harbor1	chr11	97659598	97659970	LTR/ERVL-MaLR	2419	+	186	97659784	15749
chr11	97644035	97844035	harbor1	chr11	97685840	97686264	LTR/ERVL-MaLR	1767	+	212	97686052	42017
chr11	97644035	97844035	harbor1	chr11	97694926	97695319	LTR/ERVL-MaLR	2366	+	196	97695122	51087
chr11	97644035	97844035	harbor1	chr11	97701736	97702155	LTR/ERVL-MaLR	795	+	210	97701946	57911
chr11	84827260	85027260	harbor1	chr11	84829134	84829392	LTR/ERVL-MaLR	623	+	129	84829263	2003
chr11	84827260	85027260	harbor1	chr11	84846616	84846829	LTR/ERVL-MaLR	388	+	106	84846722	19462
chr11	84827260	85027260	harbor1	chr11	84847134	84848211	LTR/ERVL-MaLR	3943	+	538	84847672	20412
chr11	84827260	85027260	harbor1	chr11	84848518	84848807	LTR/ERVL-MaLR	3943	+	144	84848662	21402
chr11	84827260	85027260	harbor1	chr11	84848814	84849316	LTR/ERVL-MaLR	449	+	251	84849065	21805
chr11	84827260	85027260	harbor1	chr11	84873013	84873508	LTR/ERVL-MaLR	2574	+	248	84873261	46001
chr11	101819670	102019670	harbor1	chr11	101887138	101887758	LTR/ERVL-MaLR	1992	+	310	101887448	67778
chr11	101819670	102019670	harbor1	chr11	101911063	101911094	LTR/ERVL-MaLR	2134	+	16	101911079	91409
chr11	101819670	102019670	harbor1	chr11	101911424	101911800	LTR/ERVL-MaLR	2134	+	188	101911612	91942
chr11	36393814	36593814	harbor1	chr11	36393837	36394088	LTR/ERVL-MaLR	1165	+	126	36393963	149
chr11	43874803	44074803	harbor1	chr11	43895211	43895566	LTR/ERVL-MaLR	2326	+	178	43895389	20586
chr11	43874803	44074803	harbor1	chr11	43930336	43930741	LTR/ERVL-MaLR	2292	+	202	43930538	55735
chr11	43874803	44074803	harbor1	chr11	43950892	43951721	LTR/ERVL-MaLR	2317	+	414	43951306	76503
chr11	43874803	44074803	harbor1	chr11	43952019	43952064	LTR/ERVL-MaLR	2317	+	22	43952041	77238
chr11	43874803	44074803	harbor1	chr11	43952820	43953061	LTR/ERVL-MaLR	2317	+	120	43952940	78137
chr11	43874803	44074803	harbor1	chr11	43953989	43954212	LTR/ERVL-MaLR	2317	+	112	43954101	79298
chr11	43874803	44074803	harbor1	chr11	43961327	43961539	LTR/ERVL-MaLR	458	+	106	43961433	86630
chr11	43874803	44074803	harbor1	chr11	43962161	43962844	LTR/ERVL-MaLR	1471	+	342	43962503	87700
chr11	43874803	44074803	harbor1	chr11	43974595	43974991	LTR/ERVL-MaLR	1223	+	198	43974793	99990
chr11	48191767	48391767	harbor1	chr11	48196365	48196734	LTR/ERVL-MaLR	2222	+	184	48196549	4782
chr11	48191767	48391767	harbor1	chr11	48237268	48237596	LTR/ERVL-MaLR	576	+	164	48237432	45665
chr11	48191767	48391767	harbor1	chr11	48201667	48202025	LTR/ERVL-MaLR	2691	+	179	48201846	10079
chr11	26384208	26584208	harbor1	chr11	26466328	26466801	LTR/ERVL-MaLR	1118	+	236	26466564	82356
chr11	26384208	26584208	harbor1	chr11	26483320	26483708	LTR/ERVL-MaLR	2174	+	194	26483514	99306
chr11	122003914	122203914	harbor1	chr11	122043850	122044228	LTR/ERVL-MaLR	1796	+	189	122044039	40125
chr11	122003914	122203914	harbor1	chr11	122063101	122063306	LTR/ERVL-MaLR	1189	+	102	122063203	59289
chr11	122003914	122203914	harbor1	chr11	122065536	122065912	LTR/ERVL-MaLR	2720	+	188	122065724	61810
chr11	102896820	103096820	harbor1	chr11	102897657	102898014	LTR/ERVL-MaLR	2220	+	178	102897835	1015
chr11	102896820	103096820	harbor1	chr11	102915408	102915589	LTR/ERVL-MaLR	1035	+	90	102915498	18678
chr11	102896820	103096820	harbor1	chr11	102917753	102918087	LTR/ERVL-MaLR	1735	+	167	102917920	21100
chr11	102896820	103096820	harbor1	chr11	102993373	102993739	LTR/ERVL-MaLR	1821	+	183	102993556	96736
chr11	10748739	10948739	harbor1	chr11	10790984	10791373	LTR/ERVL-MaLR	2327	+	194	10791178	42439
chr11	10748739	10948739	harbor1	chr11	10825795	10826053	LTR/ERVL-MaLR	1720	+	129	10825924	77185
chr11	10748739	10948739	harbor1	chr11	10826355	10826468	LTR/ERVL-MaLR	1720	+	56	10826411	77672
chr11	10748739	10948739	harbor1	chr11	10835059	10835543	LTR/ERVL-MaLR	1996	+	242	10835301	86562
chr11	10748739	10948739	harbor1	chr11	10843010	10843352	LTR/ERVL-MaLR	2461	+	171	10843181	94442
chr11	10748739	10948739	harbor1	chr11	10843649	10843826	LTR/ERVL-MaLR	2461	+	88	10843737	94998
chr11	43313433	43513433	harbor1	chr11	43353738	43354198	LTR/ERVL-MaLR	737	+	230	43353968	40535
chr11	43313433	43513433	harbor1	chr11	43355722	43356164	LTR/ERVL-MaLR	1847	+	221	43355943	42510
chr11	43313433	43513433	harbor1	chr11	43356165	43356661	LTR/ERVL-MaLR	1384	+	248	43356413	42980
chr11	39900897	40100897	harbor1	chr11	39920653	39921004	LTR/ERVL-MaLR	2156	+	176	39920829	19932
chr11	39900897	40100897	harbor1	chr11	39921005	39921381	LTR/ERVL-MaLR	11046	+	188	39921193	20296
chr11	39900897	40100897	harbor1	chr11	39921695	39922901	LTR/ERVL-MaLR	11046	+	603	39922298	21401
chr11	39900897	40100897	harbor1	chr11	39922902	39923256	LTR/ERVL-MaLR	2476	+	177	39923079	22182
chr11	39900897	40100897	harbor1	chr11	39925120	39925495	LTR/ERVL-MaLR	2415	+	188	39925308	24411
chr11	39900897	40100897	harbor1	chr11	39930899	39931258	LTR/ERVL-MaLR	701	+	180	39931079	30182
chr11	39900897	40100897	harbor1	chr11	39951175	39951558	LTR/ERVL-MaLR	1968	+	192	39951367	50470
chr11	39900897	40100897	harbor1	chr11	39983294	39983646	LTR/ERVL-MaLR	1735	+	176	39983470	82573
chr11	39900897	40100897	harbor1	chr11	39983951	39983988	LTR/ERVL-MaLR	1735	+	18	39983969	83072
chr11	39900897	40100897	harbor1	chr11	39990210	39990246	LTR/ERVL-MaLR	9199	+	18	39990228	89331
chr11	39900897	40100897	harbor1	chr11	39990949	39991376	LTR/ERVL-MaLR	9199	+	214	39991163	90266
chr11	39900897	40100897	harbor1	chr11	39991686	39992842	LTR/ERVL-MaLR	9199	+	578	39992264	91367
chr11	39900897	40100897	harbor1	chr11	39992843	39993250	LTR/ERVL-MaLR	2100	+	204	39993047	92150
chr11	39900897	40100897	harbor1	chr11	39996011	39996130	LTR/ERVL-MaLR	1391	+	60	39996071	95174
chr11	39900897	40100897	harbor1	chr11	39996131	39996499	LTR/ERVL-MaLR	1498	+	184	39996315	95418
chr11	39900897	40100897	harbor1	chr11	39996500	39996923	LTR/ERVL-MaLR	1391	+	212	39996712	95815
chr11	39900897	40100897	harbor1	chr11	39998557	39998693	LTR/ERVL-MaLR	717	+	68	39998625	97728
chr11	127802337	128002337	harbor1	chr11	127817317	127817659	LTR/ERVL-MaLR	1381	+	171	127817488	15151
chr11	127802337	128002337	harbor1	chr11	127874498	127874871	LTR/ERVL-MaLR	1571	+	186	127874684	72347
chr11	60363582	60563582	harbor1	chr11	60368524	60368899	LTR/ERVL-MaLR	2268	+	188	60368712	5130
chr11	60363582	60563582	harbor1	chr11	60425645	60426066	LTR/ERVL-MaLR	837	+	210	60425855	62273
chr11	60363582	60563582	harbor1	chr11	60428438	60428629	LTR/ERVL-MaLR	385	+	96	60428534	64952
chr11	101922535	102122535	harbor1	chr11	102020960	102021061	LTR/ERVL-MaLR	1562	+	50	102021010	98475
chr11	101922535	102122535	harbor1	chr11	102021365	102021655	LTR/ERVL-MaLR	1562	+	145	102021510	98975
chr11	19057301	19257301	harbor1	chr11	19083816	19084297	LTR/ERVL-MaLR	1205	+	240	19084056	26755
chr11	19057301	19257301	harbor1	chr11	19097151	19097374	LTR/ERVL-MaLR	460	+	112	19097263	39962
chr11	19057301	19257301	harbor1	chr11	19100587	19101082	LTR/ERVL-MaLR	1590	+	248	19100835	43534
chr11	19057301	19257301	harbor1	chr11	19113734	19114118	LTR/ERVL-MaLR	2495	+	192	19113926	56625
chr11	3410716	3610716	harbor1	chr11	3426593	3426745	LTR/ERVL-MaLR	1416	+	76	3426669	15953
chr11	3410716	3610716	harbor1	chr11	3427044	3427290	LTR/ERVL-MaLR	1416	+	123	3427167	16451
chr11	3410716	3610716	harbor1	chr11	3439283	3439532	LTR/ERVL-MaLR	453	+	124	3439407	28691
chr11	3410716	3610716	harbor1	chr11	3469762	3469937	LTR/ERVL-MaLR	460	+	88	3469850	59134
chr11	3410716	3610716	harbor1	chr11	3485205	3485395	LTR/ERVL-MaLR	589	+	95	3485300	74584
chr11	3410716	3610716	harbor1	chr11	3485696	3485760	LTR/ERVL-MaLR	589	+	32	3485728	75012
chr11	3410716	3610716	harbor1	chr11	3489924	3490016	LTR/ERVL-MaLR	1340	+	46	3489970	79254
chr11	3410716	3610716	harbor1	chr11	3490332	3490751	LTR/ERVL-MaLR	1340	+	210	3490542	79826
chr11	3410716	3610716	harbor1	chr11	3491347	3491613	LTR/ERVL-MaLR	1078	+	133	3491480	80764
chr11	3410716	3610716	harbor1	chr11	3491915	3492186	LTR/ERVL-MaLR	1254	+	136	3492051	81335
chr11	3410716	3610716	harbor1	chr11	3503474	3503638	LTR/ERVL-MaLR	606	+	82	3503556	92840
chr11	3410716	3610716	harbor1	chr11	3506922	3507049	LTR/ERVL-MaLR	610	+	64	3506986	96270
chr11	3410716	3610716	harbor1	chr11	3507813	3508172	LTR/ERVL-MaLR	610	+	180	3507993	97277
chr11	95758688	95958688	harbor1	chr11	95764680	95765034	LTR/ERVL-MaLR	1789	+	177	95764857	6169
chr11	95758688	95958688	harbor1	chr11	95768453	95768950	LTR/ERVL-MaLR	2073	+	248	95768701	10013
chr12	104538620	104738620	harbor1	chr12	104567711	104568036	LTR/ERVL-MaLR	1681	+	162	104567873	29253
chr12	104538620	104738620	harbor1	chr12	104613390	104613770	LTR/ERVL-MaLR	2449	+	190	104613580	74960
chr12	104538620	104738620	harbor1	chr12	104621406	104621822	LTR/ERVL-MaLR	1574	+	208	104621614	82994
chr12	19104507	19304507	harbor1	chr12	19185274	19185698	LTR/ERVL-MaLR	825	+	212	19185486	80979
chr12	100983460	101183460	harbor1	chr12	101009052	101009430	LTR/ERVL-MaLR	2172	+	189	101009241	25781
chr12	100983460	101183460	harbor1	chr12	101076119	101076477	LTR/ERVL-MaLR	1979	+	179	101076298	92838
chr12	100983460	101183460	harbor1	chr12	101082053	101082413	LTR/ERVL-MaLR	2437	+	180	101082233	98773
chr12	34153109	34353109	harbor1	chr12	34168678	34168840	LTR/ERVL-MaLR	2548	+	81	34168759	15650
chr12	34153109	34353109	harbor1	chr12	34169122	34169329	LTR/ERVL-MaLR	2548	+	104	34169226	16117
chr12	34153109	34353109	harbor1	chr12	34188602	34189006	LTR/ERVL-MaLR	652	+	202	34188804	35695
chr12	34153109	34353109	harbor1	chr12	34209824	34209983	LTR/ERVL-MaLR	1026	+	80	34209904	56795
chr12	121501181	121701181	harbor1	chr12	121501427	121501600	LTR/ERVL-MaLR	527	+	86	121501513	332
chr12	121501181	121701181	harbor1	chr12	121541943	121542317	LTR/ERVL-MaLR	1973	+	187	121542130	40949
chr12	121501181	121701181	harbor1	chr12	121542456	121542616	LTR/ERVL-MaLR	638	+	80	121542536	41355
chr12	121501181	121701181	harbor1	chr12	121555705	121555897	LTR/ERVL-MaLR	734	+	96	121555801	54620
chr12	121501181	121701181	harbor1	chr12	121556369	121556569	LTR/ERVL-MaLR	1278	+	100	121556469	55288
chr12	121501181	121701181	harbor1	chr12	121556869	121556915	LTR/ERVL-MaLR	1278	+	23	121556892	55711
chr12	121501181	121701181	harbor1	chr12	121557102	121557231	LTR/ERVL-MaLR	1376	+	64	121557166	55985
chr12	121501181	121701181	harbor1	chr12	121557540	121557832	LTR/ERVL-MaLR	1376	+	146	121557686	56505
chr12	121501181	121701181	harbor1	chr12	121567242	121567420	LTR/ERVL-MaLR	998	+	89	121567331	66150
chr12	121501181	121701181	harbor1	chr12	121567546	121567702	LTR/ERVL-MaLR	961	+	78	121567624	66443
chr12	121501181	121701181	harbor1	chr12	121568029	121568099	LTR/ERVL-MaLR	961	+	35	121568064	66883
chr12	119676439	119876439	harbor1	chr12	119682938	119683318	LTR/ERVL-MaLR	2107	+	190	119683128	6689
chr12	119676439	119876439	harbor1	chr12	119699719	119699849	LTR/ERVL-MaLR	471	+	65	119699784	23345
chr12	119676439	119876439	harbor1	chr12	119714945	119715291	LTR/ERVL-MaLR	2012	+	173	119715118	38679
chr12	68286996	68486996	harbor1	chr12	68351935	68352093	LTR/ERVL-MaLR	893	+	79	68352014	65018
chr12	68286996	68486996	harbor1	chr12	68352750	68352972	LTR/ERVL-MaLR	1226	+	111	68352861	65865
chr12	68286996	68486996	harbor1	chr12	68386758	68387076	LTR/ERVL-MaLR	1181	+	159	68386917	99921
chr12	77103330	77303330	harbor1	chr12	77110424	77110785	LTR/ERVL-MaLR	2566	+	180	77110604	7274
chr12	77103330	77303330	harbor1	chr12	77128962	77129296	LTR/ERVL-MaLR	1390	+	167	77129129	25799
chr12	77103330	77303330	harbor1	chr12	77154105	77154686	LTR/ERVL-MaLR	2118	+	290	77154395	51065
chr12	77103330	77303330	harbor1	chr12	77155386	77155701	LTR/ERVL-MaLR	503	+	158	77155544	52214
chr12	34157451	34357451	harbor1	chr12	34168678	34168840	LTR/ERVL-MaLR	2548	+	81	34168759	11308
chr12	34157451	34357451	harbor1	chr12	34169122	34169329	LTR/ERVL-MaLR	2548	+	104	34169226	11775
chr12	34157451	34357451	harbor1	chr12	34188602	34189006	LTR/ERVL-MaLR	652	+	202	34188804	31353
chr12	34157451	34357451	harbor1	chr12	34209824	34209983	LTR/ERVL-MaLR	1026	+	80	34209904	52453
chr12	99489484	99689484	harbor1	chr12	99499657	99499856	LTR/ERVL-MaLR	890	+	100	99499757	10273
chr12	99489484	99689484	harbor1	chr12	99499863	99499953	LTR/ERVL-MaLR	461	+	45	99499908	10424
chr12	99489484	99689484	harbor1	chr12	99500276	99500625	LTR/ERVL-MaLR	1111	+	174	99500450	10966
chr12	99489484	99689484	harbor1	chr12	99505002	99505380	LTR/ERVL-MaLR	751	+	189	99505191	15707
chr12	99489484	99689484	harbor1	chr12	99524315	99524582	LTR/ERVL-MaLR	1936	+	134	99524449	34965
chr12	99489484	99689484	harbor1	chr12	99524950	99525167	LTR/ERVL-MaLR	1936	+	108	99525058	35574
chr12	99489484	99689484	harbor1	chr12	99526770	99527200	LTR/ERVL-MaLR	2241	+	215	99526985	37501
chr12	99489484	99689484	harbor1	chr12	99553689	99554152	LTR/ERVL-MaLR	1151	+	232	99553921	64437
chr12	99489484	99689484	harbor1	chr12	99566499	99566861	LTR/ERVL-MaLR	1157	+	181	99566680	77196
chr12	20794026	20994026	harbor1	chr12	20842842	20843083	LTR/ERVL-MaLR	710	+	120	20842962	48936
chr12	20794026	20994026	harbor1	chr12	20847259	20847601	LTR/ERVL-MaLR	1030	+	171	20847430	53404
chr12	111484386	111684386	harbor1	chr12	111555325	111555693	LTR/ERVL-MaLR	2496	+	184	111555509	71123
chr12	61608699	61808699	harbor1	chr12	61637938	61638443	LTR/ERVL-MaLR	1511	+	252	61638190	29491
chr12	61608699	61808699	harbor1	chr12	61654027	61654121	LTR/ERVL-MaLR	534	+	47	61654074	45375
chr12	61608699	61808699	harbor1	chr12	61657593	61657976	LTR/ERVL-MaLR	2033	+	192	61657785	49086
chr12	61608699	61808699	harbor1	chr12	61673660	61673843	LTR/ERVL-MaLR	838	+	92	61673752	65053
chr12	61608699	61808699	harbor1	chr12	61681152	61681515	LTR/ERVL-MaLR	2512	+	182	61681334	72635
chr12	61608699	61808699	harbor1	chr12	61702796	61703306	LTR/ERVL-MaLR	1474	+	255	61703051	94352
chr12	38387296	38587296	harbor1	chr12	38393698	38394042	LTR/ERVL-MaLR	2179	+	172	38393870	6574
chr12	38387296	38587296	harbor1	chr12	38408168	38408577	LTR/ERVL-MaLR	1696	+	204	38408372	21076
chr12	38387296	38587296	harbor1	chr12	38410244	38410605	LTR/ERVL-MaLR	1515	+	180	38410424	23128
chr12	38387296	38587296	harbor1	chr12	38453260	38453861	LTR/ERVL-MaLR	935	+	300	38453560	66264
chr12	38387296	38587296	harbor1	chr12	38460215	38460373	LTR/ERVL-MaLR	568	+	79	38460294	72998
chr12	38387296	38587296	harbor1	chr12	38481960	38482286	LTR/ERVL-MaLR	1013	+	163	38482123	94827
chr12	85382035	85582035	harbor1	chr12	85382950	85383259	LTR/ERVL-MaLR	1735	+	154	85383104	1069
chr12	85382035	85582035	harbor1	chr12	85441078	85441430	LTR/ERVL-MaLR	1854	+	176	85441254	59219
chr12	114972331	115172331	harbor1	chr12	114995778	114995868	LTR/ERVL-MaLR	2250	+	45	114995823	23492
chr12	114972331	115172331	harbor1	chr12	114995902	114996378	LTR/ERVL-MaLR	2250	+	238	114996140	23809
chr12	114972331	115172331	harbor1	chr12	115006416	115006894	LTR/ERVL-MaLR	1136	+	239	115006655	34324
chr12	114972331	115172331	harbor1	chr12	115025220	115025672	LTR/ERVL-MaLR	1883	+	226	115025446	53115
chr12	114972331	115172331	harbor1	chr12	115026322	115026470	LTR/ERVL-MaLR	1052	+	74	115026396	54065
chr12	114972331	115172331	harbor1	chr12	115026471	115026836	LTR/ERVL-MaLR	2120	+	182	115026653	54322
chr12	114972331	115172331	harbor1	chr12	115026837	115027014	LTR/ERVL-MaLR	1052	+	88	115026925	54594
chr12	114972331	115172331	harbor1	chr12	115030887	115031135	LTR/ERVL-MaLR	634	+	124	115031011	58680
chr12	114972331	115172331	harbor1	chr12	115032346	115032874	LTR/ERVL-MaLR	1892	+	264	115032610	60279
chr12	114972331	115172331	harbor1	chr12	115037826	115038269	LTR/ERVL-MaLR	504	+	222	115038048	65717
chr12	114972331	115172331	harbor1	chr12	115063485	115063909	LTR/ERVL-MaLR	2388	+	212	115063697	91366
chr12	65031211	65231211	harbor1	chr12	65053318	65053688	LTR/ERVL-MaLR	2416	+	185	65053503	22292
chr12	65031211	65231211	harbor1	chr12	65066155	65066539	LTR/ERVL-MaLR	525	+	192	65066347	35136
chr12	110833997	111033997	harbor1	chr12	110909586	110909885	LTR/ERVL-MaLR	489	+	150	110909736	75739
chr12	5329102	5529102	harbor1	chr12	5353035	5353401	LTR/ERVL-MaLR	1362	+	183	5353218	24116
chr12	5329102	5529102	harbor1	chr12	5359162	5359437	LTR/ERVL-MaLR	780	+	138	5359300	30198
chr12	5329102	5529102	harbor1	chr12	5385989	5386469	LTR/ERVL-MaLR	873	+	240	5386229	57127
chr12	5329102	5529102	harbor1	chr12	5387328	5387710	LTR/ERVL-MaLR	2360	+	191	5387519	58417
chr12	5329102	5529102	harbor1	chr12	5394262	5394653	LTR/ERVL-MaLR	779	+	196	5394458	65356
chr12	5329102	5529102	harbor1	chr12	5418846	5419213	LTR/ERVL-MaLR	2682	+	184	5419030	89928
chr12	22561062	22761062	harbor1	chr12	22601901	22602267	LTR/ERVL-MaLR	1619	+	183	22602084	41022
chr12	22561062	22761062	harbor1	chr12	22608177	22608605	LTR/ERVL-MaLR	2528	+	214	22608391	47329
chr12	22561062	22761062	harbor1	chr12	22653962	22654261	LTR/ERVL-MaLR	1169	+	150	22654112	93050
chr12	11852236	12052236	harbor1	chr12	11941635	11942005	LTR/ERVL-MaLR	1665	+	185	11941820	89584
chr12	24591619	24791619	harbor1	chr12	24607474	24607847	LTR/ERVL-MaLR	1265	+	186	24607660	16041
chr12	24591619	24791619	harbor1	chr12	24664446	24664798	LTR/ERVL-MaLR	1520	+	176	24664622	73003
chr12	31794778	31994778	harbor1	chr12	31817216	31817426	LTR/ERVL-MaLR	685	+	105	31817321	22543
chr12	31794778	31994778	harbor1	chr12	31817503	31817619	LTR/ERVL-MaLR	503	+	58	31817561	22783
chr12	31794778	31994778	harbor1	chr12	31817941	31817979	LTR/ERVL-MaLR	503	+	19	31817960	23182
chr12	31794778	31994778	harbor1	chr12	31843693	31844029	LTR/ERVL-MaLR	2072	+	168	31843861	49083
chr12	31794778	31994778	harbor1	chr12	31892145	31892490	LTR/ERVL-MaLR	2261	+	172	31892317	97539
chr12	31794778	31994778	harbor1	chr12	31892785	31892835	LTR/ERVL-MaLR	2261	+	25	31892810	98032
chr12	101339660	101539660	harbor1	chr12	101429304	101429737	LTR/ERVL-MaLR	2763	+	216	101429520	89860
chr12	101339660	101539660	harbor1	chr12	101416775	101417161	LTR/ERVL-MaLR	2362	+	193	101416968	77308
chr12	102651203	102851203	harbor1	chr12	102656803	102657135	LTR/ERVL-MaLR	1807	+	166	102656969	5766
chr12	102651203	102851203	harbor1	chr12	102675892	102676266	LTR/ERVL-MaLR	1754	+	187	102676079	24876
chr12	102651203	102851203	harbor1	chr12	102678273	102678425	LTR/ERVL-MaLR	778	+	76	102678349	27146
chr12	102651203	102851203	harbor1	chr12	102718229	102718593	LTR/ERVL-MaLR	1714	+	182	102718411	67208
chr12	102651203	102851203	harbor1	chr12	102724843	102725368	LTR/ERVL-MaLR	2449	+	262	102725105	73902
chr12	102651203	102851203	harbor1	chr12	102731743	102732103	LTR/ERVL-MaLR	2231	+	180	102731923	80720
chr12	102651203	102851203	harbor1	chr12	102742670	102743011	LTR/ERVL-MaLR	2724	+	170	102742840	91637
chr12	102651203	102851203	harbor1	chr12	102678426	102678551	LTR/ERVL-MaLR	599	+	62	102678488	27285
chr12	13136771	13336771	harbor1	chr12	13141567	13141667	LTR/ERVL-MaLR	437	+	50	13141617	4846
chr12	13136771	13336771	harbor1	chr12	13231723	13231922	LTR/ERVL-MaLR	2350	+	100	13231823	95052
chr12	13136771	13336771	harbor1	chr12	13231923	13232277	LTR/ERVL-MaLR	2725	+	177	13232100	95329
chr12	13136771	13336771	harbor1	chr12	13232278	13232587	LTR/ERVL-MaLR	2350	+	154	13232432	95661
chr12	81370162	81570162	harbor1	chr12	81377851	81378283	LTR/ERVL-MaLR	1383	+	216	81378067	7905
chr12	81370162	81570162	harbor1	chr12	81409304	81409703	LTR/ERVL-MaLR	1596	+	200	81409504	39342
chr12	81370162	81570162	harbor1	chr12	81409903	81410255	LTR/ERVL-MaLR	1163	+	176	81410079	39917
chr12	81370162	81570162	harbor1	chr12	81410592	81411057	LTR/ERVL-MaLR	472	+	232	81410824	40662
chr12	81370162	81570162	harbor1	chr12	81422174	81422578	LTR/ERVL-MaLR	1255	+	202	81422376	52214
chr12	81370162	81570162	harbor1	chr12	81460105	81460458	LTR/ERVL-MaLR	1746	+	176	81460281	90119
chr12	81370162	81570162	harbor1	chr12	81469730	81470094	LTR/ERVL-MaLR	1443	+	182	81469912	99750
chr12	102425755	102625755	harbor1	chr12	102443124	102443600	LTR/ERVL-MaLR	960	+	238	102443362	17607
chr12	102425755	102625755	harbor1	chr12	102451761	102451980	LTR/ERVL-MaLR	1973	+	110	102451871	26116
chr12	102425755	102625755	harbor1	chr12	102452291	102452432	LTR/ERVL-MaLR	1973	+	70	102452361	26606
chr12	102425755	102625755	harbor1	chr12	102505226	102505476	LTR/ERVL-MaLR	820	+	125	102505351	79596
chr12	102425755	102625755	harbor1	chr12	102507440	102507799	LTR/ERVL-MaLR	2214	+	180	102507620	81865
chr12	102425755	102625755	harbor1	chr12	102513753	102514118	LTR/ERVL-MaLR	1848	+	182	102513935	88180
chr12	96371388	96571388	harbor1	chr12	96395615	96395992	LTR/ERVL-MaLR	1015	+	188	96395803	24415
chr12	96371388	96571388	harbor1	chr12	96441879	96442233	LTR/ERVL-MaLR	1975	+	177	96442056	70668
chr12	80764436	80964436	harbor1	chr12	80775895	80776273	LTR/ERVL-MaLR	2279	+	189	80776084	11648
chr12	80764436	80964436	harbor1	chr12	80777298	80777665	LTR/ERVL-MaLR	2595	+	184	80777482	13046
chr12	80764436	80964436	harbor1	chr12	80778023	80778485	LTR/ERVL-MaLR	1323	+	231	80778254	13818
chr12	80764436	80964436	harbor1	chr12	80799353	80799557	LTR/ERVL-MaLR	442	+	102	80799455	35019
chr12	80764436	80964436	harbor1	chr12	80806104	80806223	LTR/ERVL-MaLR	705	+	60	80806164	41728
chr12	80764436	80964436	harbor1	chr12	80837225	80837703	LTR/ERVL-MaLR	1655	+	239	80837464	73028
chr12	80764436	80964436	harbor1	chr12	80805696	80805929	LTR/ERVL-MaLR	1687	+	116	80805812	41376
chr12	16175546	16375546	harbor1	chr12	16182988	16183292	LTR/ERVL-MaLR	693	+	152	16183140	7594
chr12	16175546	16375546	harbor1	chr12	16201475	16201850	LTR/ERVL-MaLR	2339	+	188	16201663	26117
chr12	16175546	16375546	harbor1	chr12	16262645	16263010	LTR/ERVL-MaLR	2158	+	182	16262827	87281
chr12	16175546	16375546	harbor1	chr12	16263011	16264584	LTR/ERVL-MaLR	11924	+	786	16263797	88251
chr12	16175546	16375546	harbor1	chr12	16264585	16264951	LTR/ERVL-MaLR	2242	+	183	16264768	89222
chr12	16175546	16375546	harbor1	chr12	16268819	16269192	LTR/ERVL-MaLR	1555	+	186	16269005	93459
chr12	79437177	79637177	harbor1	chr12	79483346	79483750	LTR/ERVL-MaLR	1873	+	202	79483548	46371
chr12	79437177	79637177	harbor1	chr12	79535587	79535885	LTR/ERVL-MaLR	1669	+	149	79535736	98559
chr12	79437177	79637177	harbor1	chr12	79536083	79536276	LTR/ERVL-MaLR	1669	+	96	79536179	99002
chr12	12657799	12857799	harbor1	chr12	12675409	12676011	LTR/ERVL-MaLR	3277	+	301	12675710	17911
chr12	12657799	12857799	harbor1	chr12	12689615	12690196	LTR/ERVL-MaLR	1683	+	290	12689905	32106
chr12	12657799	12857799	harbor1	chr12	12738797	12739014	LTR/ERVL-MaLR	628	+	108	12738905	81106
chr12	12657799	12857799	harbor1	chr12	12743379	12743529	LTR/ERVL-MaLR	474	+	75	12743454	85655
chr12	12657799	12857799	harbor1	chr12	12743579	12744027	LTR/ERVL-MaLR	1855	+	224	12743803	86004
chr12	12657799	12857799	harbor1	chr12	12751686	12752147	LTR/ERVL-MaLR	2054	+	230	12751916	94117
chr12	95785092	95985092	harbor1	chr12	95806435	95806773	LTR/ERVL-MaLR	1590	+	169	95806604	21512
chr12	95785092	95985092	harbor1	chr12	95845222	95845601	LTR/ERVL-MaLR	1071	+	190	95845412	60320
chr12	95785092	95985092	harbor1	chr12	95846002	95846067	LTR/ERVL-MaLR	1071	+	32	95846034	60942
chr12	77027429	77227429	harbor1	chr12	77073890	77074254	LTR/ERVL-MaLR	2398	+	182	77074072	46643
chr12	77027429	77227429	harbor1	chr12	77075175	77075533	LTR/ERVL-MaLR	1090	+	179	77075354	47925
chr12	77027429	77227429	harbor1	chr12	77078283	77078661	LTR/ERVL-MaLR	1791	+	189	77078472	51043
chr12	77027429	77227429	harbor1	chr12	77110424	77110785	LTR/ERVL-MaLR	2566	+	180	77110604	83175
chr12	11896231	12096231	harbor1	chr12	11941635	11942005	LTR/ERVL-MaLR	1665	+	185	11941820	45589
chr12	11896231	12096231	harbor1	chr12	11962445	11962485	LTR/ERVL-MaLR	1346	+	20	11962465	66234
chr12	11896231	12096231	harbor1	chr12	11962778	11963139	LTR/ERVL-MaLR	1346	+	180	11962958	66727
chr12	11896231	12096231	harbor1	chr12	11968647	11969039	LTR/ERVL-MaLR	1935	+	196	11968843	72612
chr12	11896231	12096231	harbor1	chr12	11984055	11984276	LTR/ERVL-MaLR	802	+	110	11984165	87934
chr12	13928905	14128905	harbor1	chr12	13939224	13939543	LTR/ERVL-MaLR	1734	+	160	13939384	10479
chr12	13928905	14128905	harbor1	chr12	13939771	13939866	LTR/ERVL-MaLR	627	+	48	13939819	10914
chr12	13928905	14128905	harbor1	chr12	13990441	13990871	LTR/ERVL-MaLR	865	+	215	13990656	61751
chr12	13928905	14128905	harbor1	chr12	13998257	13998627	LTR/ERVL-MaLR	2456	+	185	13998442	69537
chr12	13928905	14128905	harbor1	chr12	14010267	14011619	LTR/ERVL-MaLR	2274	+	676	14010943	82038
chr12	13928905	14128905	harbor1	chr12	14011619	14011947	LTR/ERVL-MaLR	1222	+	164	14011783	82878
chr12	13928905	14128905	harbor1	chr12	14014606	14014714	LTR/ERVL-MaLR	1222	+	54	14014660	85755
chr12	32290100	32490100	harbor1	chr12	32303455	32303615	LTR/ERVL-MaLR	469	+	80	32303535	13435
chr12	51474746	51674746	harbor1	chr12	51541554	51542016	LTR/ERVL-MaLR	980	+	231	51541785	67039
chr12	51474746	51674746	harbor1	chr12	51557982	51558127	LTR/ERVL-MaLR	489	+	72	51558054	83308
chr12	25393137	25593137	harbor1	chr12	25399580	25399949	LTR/ERVL-MaLR	2380	+	184	25399764	6627
chr12	25393137	25593137	harbor1	chr12	25399951	25401523	LTR/ERVL-MaLR	11676	+	786	25400737	7600
chr12	25393137	25593137	harbor1	chr12	25401524	25401891	LTR/ERVL-MaLR	2360	+	184	25401708	8571
chr12	25393137	25593137	harbor1	chr12	25410199	25410635	LTR/ERVL-MaLR	1757	+	218	25410417	17280
chr12	25393137	25593137	harbor1	chr12	25414222	25414608	LTR/ERVL-MaLR	700	+	193	25414415	21278
chr12	25393137	25593137	harbor1	chr12	25414905	25415041	LTR/ERVL-MaLR	700	+	68	25414973	21836
chr12	25393137	25593137	harbor1	chr12	25450050	25450356	LTR/ERVL-MaLR	2149	+	153	25450203	57066
chr12	25393137	25593137	harbor1	chr12	25450357	25450711	LTR/ERVL-MaLR	2355	+	177	25450534	57397
chr12	61338506	61538506	harbor1	chr12	61369984	61370298	LTR/ERVL-MaLR	1211	+	157	61370141	31635
chr12	61338506	61538506	harbor1	chr12	61431527	61431924	LTR/ERVL-MaLR	2186	+	198	61431725	93219
chr12	55517876	55717876	harbor1	chr12	55517636	55517924	LTR/ERVL-MaLR	1892	+	144	55517780	96
chr12	55517876	55717876	harbor1	chr12	55517932	55518325	LTR/ERVL-MaLR	2586	+	196	55518128	252
chr12	55517876	55717876	harbor1	chr12	55567348	55568510	LTR/ERVL-MaLR	5885	+	581	55567929	50053
chr12	55517876	55717876	harbor1	chr12	55568511	55568920	LTR/ERVL-MaLR	2024	+	204	55568715	50839
chr12	55517876	55717876	harbor1	chr12	55617657	55618078	LTR/ERVL-MaLR	733	+	210	55617867	99991
chr12	87889665	88089665	harbor1	chr12	87896226	87896583	LTR/ERVL-MaLR	2198	+	178	87896404	6739
chr12	87889665	88089665	harbor1	chr12	87915357	87915715	LTR/ERVL-MaLR	2536	+	179	87915536	25871
chr12	87889665	88089665	harbor1	chr12	87935430	87935774	LTR/ERVL-MaLR	1839	+	172	87935602	45937
chr12	87889665	88089665	harbor1	chr12	87936152	87936550	LTR/ERVL-MaLR	10036	+	199	87936351	46686
chr12	87889665	88089665	harbor1	chr12	87936847	87938004	LTR/ERVL-MaLR	10036	+	578	87937425	47760
chr12	87889665	88089665	harbor1	chr12	87938005	87938367	LTR/ERVL-MaLR	2118	+	181	87938186	48521
chr12	87889665	88089665	harbor1	chr12	87954711	87955069	LTR/ERVL-MaLR	2016	+	179	87954890	65225
chr12	87889665	88089665	harbor1	chr12	87975522	87975667	LTR/ERVL-MaLR	544	+	72	87975594	85929
chr12	87889665	88089665	harbor1	chr12	87977588	87977971	LTR/ERVL-MaLR	1759	+	192	87977780	88115
chr12	108361043	108561043	harbor1	chr12	108384227	108385035	LTR/ERVL-MaLR	3060	+	404	108384631	23588
chr12	108361043	108561043	harbor1	chr12	108387414	108387811	LTR/ERVL-MaLR	2414	+	198	108387612	26569
chr12	108361043	108561043	harbor1	chr12	108413166	108413659	LTR/ERVL-MaLR	1642	+	246	108413412	52369
chr12	108361043	108561043	harbor1	chr12	108427722	108427776	LTR/ERVL-MaLR	1277	+	27	108427749	66706
chr12	108361043	108561043	harbor1	chr12	108428087	108428506	LTR/ERVL-MaLR	1277	+	210	108428297	67254
chr12	108361043	108561043	harbor1	chr12	108433992	108434388	LTR/ERVL-MaLR	923	+	198	108434190	73147
chr12	108361043	108561043	harbor1	chr12	108436266	108436555	LTR/ERVL-MaLR	939	+	144	108436410	75367
chr12	108361043	108561043	harbor1	chr12	108456805	108457305	LTR/ERVL-MaLR	1955	+	250	108457055	96012
chr12	5069188	5269188	harbor1	chr12	5110740	5111131	LTR/ERVL-MaLR	2434	+	196	5110936	41748
chr12	46058399	46258399	harbor1	chr12	46068182	46068570	LTR/ERVL-MaLR	2326	+	194	46068376	9977
chr12	46058399	46258399	harbor1	chr12	46134973	46135356	LTR/ERVL-MaLR	1892	+	192	46135165	76766
chr12	46058399	46258399	harbor1	chr12	46145836	46146217	LTR/ERVL-MaLR	1348	+	190	46146026	87627
chr12	46058399	46258399	harbor1	chr12	46150879	46151242	LTR/ERVL-MaLR	2388	+	182	46151061	92662
chr12	85415745	85615745	harbor1	chr12	85441078	85441430	LTR/ERVL-MaLR	1854	+	176	85441254	25509
chr12	60419568	60619568	harbor1	chr12	60432148	60432538	LTR/ERVL-MaLR	2149	+	195	60432343	12775
chr12	60419568	60619568	harbor1	chr12	60437869	60437955	LTR/ERVL-MaLR	1606	+	43	60437912	18344
chr12	60419568	60619568	harbor1	chr12	60438744	60438957	LTR/ERVL-MaLR	1606	+	106	60438850	19282
chr12	60419568	60619568	harbor1	chr12	60450440	60450818	LTR/ERVL-MaLR	1910	+	189	60450629	31061
chr12	60419568	60619568	harbor1	chr12	60466062	60466514	LTR/ERVL-MaLR	1763	+	226	60466288	46720
chr12	60419568	60619568	harbor1	chr12	60485060	60485396	LTR/ERVL-MaLR	2301	+	168	60485228	65660
chr12	124732339	124932339	harbor1	chr12	124737199	124737597	LTR/ERVL-MaLR	819	+	199	124737398	5059
chr12	124732339	124932339	harbor1	chr12	124739641	124739870	LTR/ERVL-MaLR	501	+	114	124739755	7416
chr12	124732339	124932339	harbor1	chr12	124751289	124751535	LTR/ERVL-MaLR	475	+	123	124751412	19073
chr12	124732339	124932339	harbor1	chr12	124752699	124753065	LTR/ERVL-MaLR	1099	+	183	124752882	20543
chr12	124732339	124932339	harbor1	chr12	124753581	124753898	LTR/ERVL-MaLR	1042	+	158	124753739	21400
chr12	124732339	124932339	harbor1	chr12	124757129	124757659	LTR/ERVL-MaLR	1698	+	265	124757394	25055
chr12	124732339	124932339	harbor1	chr12	124774883	124775250	LTR/ERVL-MaLR	2142	+	184	124775067	42728
chr12	124732339	124932339	harbor1	chr12	124776147	124776484	LTR/ERVL-MaLR	1185	+	168	124776315	43976
chr12	124732339	124932339	harbor1	chr12	124776779	124776807	LTR/ERVL-MaLR	1185	+	14	124776793	44454
chr12	124732339	124932339	harbor1	chr12	124786658	124786750	LTR/ERVL-MaLR	452	+	46	124786704	54365
chr12	124732339	124932339	harbor1	chr12	124788256	124788771	LTR/ERVL-MaLR	1103	+	258	124788514	56175
chr12	124732339	124932339	harbor1	chr12	124789524	124789645	LTR/ERVL-MaLR	496	+	60	124789584	57245
chr12	124732339	124932339	harbor1	chr12	124790026	124790092	LTR/ERVL-MaLR	942	+	33	124790059	57720
chr12	124732339	124932339	harbor1	chr12	124790404	124790644	LTR/ERVL-MaLR	942	+	120	124790524	58185
chr12	124732339	124932339	harbor1	chr12	124804067	124804520	LTR/ERVL-MaLR	1248	+	226	124804293	71954
chr12	124732339	124932339	harbor1	chr12	124806514	124806612	LTR/ERVL-MaLR	1411	+	49	124806563	74224
chr12	124732339	124932339	harbor1	chr12	124807224	124807586	LTR/ERVL-MaLR	1411	+	181	124807405	75066
chr12	124732339	124932339	harbor1	chr12	124812207	124812574	LTR/ERVL-MaLR	796	+	184	124812391	80052
chr12	124732339	124932339	harbor1	chr12	124813032	124813200	LTR/ERVL-MaLR	550	+	84	124813116	80777
chr12	124732339	124932339	harbor1	chr12	124813962	124814084	LTR/ERVL-MaLR	503	+	61	124814023	81684
chr12	124732339	124932339	harbor1	chr12	124829937	124830113	LTR/ERVL-MaLR	592	+	88	124830025	97686
chr12	124732339	124932339	harbor1	chr12	124813289	124813486	LTR/ERVL-MaLR	682	+	98	124813387	81048
chr12	128407263	128607263	harbor1	chr12	128407048	128407406	LTR/ERVL-MaLR	2522	+	179	128407227	36
chr12	128407263	128607263	harbor1	chr12	128412429	128412783	LTR/ERVL-MaLR	2297	+	177	128412606	5343
chr12	128407263	128607263	harbor1	chr12	128434954	128435276	LTR/ERVL-MaLR	1066	+	161	128435115	27852
chr12	128407263	128607263	harbor1	chr12	128438162	128438586	LTR/ERVL-MaLR	2434	+	212	128438374	31111
chr12	128407263	128607263	harbor1	chr12	128506610	128507180	LTR/ERVL-MaLR	631	+	285	128506895	99632
chr12	72110170	72310170	harbor1	chr12	72173901	72174187	LTR/ERVL-MaLR	702	+	143	72174044	63874
chr12	72110170	72310170	harbor1	chr12	72180577	72180988	LTR/ERVL-MaLR	625	+	206	72180783	70613
chr12	81374628	81574628	harbor1	chr12	81377851	81378283	LTR/ERVL-MaLR	1383	+	216	81378067	3439
chr12	81374628	81574628	harbor1	chr12	81409304	81409703	LTR/ERVL-MaLR	1596	+	200	81409504	34876
chr12	81374628	81574628	harbor1	chr12	81409903	81410255	LTR/ERVL-MaLR	1163	+	176	81410079	35451
chr12	81374628	81574628	harbor1	chr12	81410592	81411057	LTR/ERVL-MaLR	472	+	232	81410824	36196
chr12	81374628	81574628	harbor1	chr12	81422174	81422578	LTR/ERVL-MaLR	1255	+	202	81422376	47748
chr12	81374628	81574628	harbor1	chr12	81460105	81460458	LTR/ERVL-MaLR	1746	+	176	81460281	85653
chr12	81374628	81574628	harbor1	chr12	81469730	81470094	LTR/ERVL-MaLR	1443	+	182	81469912	95284
chr12	61965814	62165814	harbor1	chr12	62040292	62040733	LTR/ERVL-MaLR	1469	+	220	62040512	74698
chr12	61965814	62165814	harbor1	chr12	62054965	62055303	LTR/ERVL-MaLR	1873	+	169	62055134	89320
chr12	29920234	30120234	harbor1	chr12	29940339	29940785	LTR/ERVL-MaLR	1035	+	223	29940562	20328
chr12	29920234	30120234	harbor1	chr12	29973435	29973827	LTR/ERVL-MaLR	1930	+	196	29973631	53397
chr12	29920234	30120234	harbor1	chr12	29983016	29983402	LTR/ERVL-MaLR	620	+	193	29983209	62975
chr12	29920234	30120234	harbor1	chr12	29985157	29985532	LTR/ERVL-MaLR	1358	+	188	29985345	65111
chr12	29920234	30120234	harbor1	chr12	29993484	29993973	LTR/ERVL-MaLR	1796	+	244	29993728	73494
chr12	29920234	30120234	harbor1	chr12	29995209	29995631	LTR/ERVL-MaLR	1936	+	211	29995420	75186
chr12	29920234	30120234	harbor1	chr12	30002724	30003098	LTR/ERVL-MaLR	2149	+	187	30002911	82677
chr12	29920234	30120234	harbor1	chr12	30003616	30003992	LTR/ERVL-MaLR	1865	+	188	30003804	83570
chr12	29920234	30120234	harbor1	chr12	30012991	30013457	LTR/ERVL-MaLR	647	+	233	30013224	92990
chr12	29920234	30120234	harbor1	chr12	30014018	30014386	LTR/ERVL-MaLR	1664	+	184	30014202	93968
chr12	11249007	11449007	harbor1	chr12	11273836	11274098	LTR/ERVL-MaLR	934	+	131	11273967	24960
chr12	11249007	11449007	harbor1	chr12	11314449	11314705	LTR/ERVL-MaLR	751	+	128	11314577	65570
chr12	11249007	11449007	harbor1	chr12	11348384	11348592	LTR/ERVL-MaLR	918	+	104	11348488	99481
chr12	11249007	11449007	harbor1	chr12	11348652	11348887	LTR/ERVL-MaLR	918	+	118	11348770	99763
chr12	128863198	129063198	harbor1	chr12	128885898	128886275	LTR/ERVL-MaLR	2314	+	188	128886086	22888
chr12	128863198	129063198	harbor1	chr12	128928951	128929277	LTR/ERVL-MaLR	1075	+	163	128929114	65916
chr12	128863198	129063198	harbor1	chr12	128937607	128937957	LTR/ERVL-MaLR	2203	+	175	128937782	74584
chr12	128863198	129063198	harbor1	chr12	128952295	128952431	LTR/ERVL-MaLR	554	+	68	128952363	89165
chr12	67448011	67648011	harbor1	chr12	67450483	67450910	LTR/ERVL-MaLR	2601	+	214	67450697	2686
chr12	67448011	67648011	harbor1	chr12	67475741	67476104	LTR/ERVL-MaLR	853	+	182	67475923	27912
chr12	67448011	67648011	harbor1	chr12	67504407	67504827	LTR/ERVL-MaLR	2775	+	210	67504617	56606
chr12	67448011	67648011	harbor1	chr12	67505900	67506342	LTR/ERVL-MaLR	2655	+	221	67506121	58110
chr12	67448011	67648011	harbor1	chr12	67509019	67509401	LTR/ERVL-MaLR	1239	+	191	67509210	61199
chr12	67448011	67648011	harbor1	chr12	67529487	67529849	LTR/ERVL-MaLR	2293	+	181	67529668	81657
chr12	67448011	67648011	harbor1	chr12	67530655	67531018	LTR/ERVL-MaLR	2888	+	182	67530837	82826
chr12	98035455	98235455	harbor1	chr12	98056190	98056363	LTR/ERVL-MaLR	813	+	86	98056276	20821
chr12	98035455	98235455	harbor1	chr12	98059522	98059971	LTR/ERVL-MaLR	2833	+	224	98059746	24291
chr12	98035455	98235455	harbor1	chr12	98065754	98066262	LTR/ERVL-MaLR	2359	+	254	98066008	30553
chr12	98035455	98235455	harbor1	chr12	98066853	98067246	LTR/ERVL-MaLR	2323	+	196	98067049	31594
chr12	98035455	98235455	harbor1	chr12	98080098	98080536	LTR/ERVL-MaLR	1242	+	219	98080317	44862
chr12	98035455	98235455	harbor1	chr12	98083381	98083561	LTR/ERVL-MaLR	438	+	90	98083471	48016
chr12	98035455	98235455	harbor1	chr12	98092052	98092532	LTR/ERVL-MaLR	1796	+	240	98092292	56837
chr12	98035455	98235455	harbor1	chr12	98094807	98095171	LTR/ERVL-MaLR	2265	+	182	98094989	59534
chr12	98035455	98235455	harbor1	chr12	98095190	98096760	LTR/ERVL-MaLR	10855	+	785	98095975	60520
chr12	98035455	98235455	harbor1	chr12	98096765	98097124	LTR/ERVL-MaLR	2200	+	180	98096945	61490
chr12	98035455	98235455	harbor1	chr12	98112617	98112984	LTR/ERVL-MaLR	2023	+	184	98112801	77346
chr12	98035455	98235455	harbor1	chr12	98124684	98125163	LTR/ERVL-MaLR	854	+	240	98124924	89469
chr12	98035455	98235455	harbor1	chr12	98127359	98127763	LTR/ERVL-MaLR	1835	+	202	98127561	92106
chr12	98035455	98235455	harbor1	chr12	98134020	98134421	LTR/ERVL-MaLR	2681	+	200	98134220	98765
chr12	98035455	98235455	harbor1	chr12	98134422	98134784	LTR/ERVL-MaLR	2314	+	181	98134603	99148
chr12	43917586	44117586	harbor1	chr12	43966977	43967123	LTR/ERVL-MaLR	2184	+	73	43967050	49464
chr12	43917586	44117586	harbor1	chr12	43967423	43967829	LTR/ERVL-MaLR	2184	+	203	43967626	50040
chr12	43917586	44117586	harbor1	chr12	43986978	43987350	LTR/ERVL-MaLR	2015	+	186	43987164	69578
chr12	43917586	44117586	harbor1	chr12	44005686	44006058	LTR/ERVL-MaLR	2229	+	186	44005872	88286
chr12	43917586	44117586	harbor1	chr12	44007618	44007987	LTR/ERVL-MaLR	2465	+	184	44007802	90216
chr12	43917586	44117586	harbor1	chr12	44011298	44011644	LTR/ERVL-MaLR	1811	+	173	44011471	93885
chr12	90596177	90796177	harbor1	chr12	90599947	90600319	LTR/ERVL-MaLR	1988	+	186	90600133	3956
chr12	90596177	90796177	harbor1	chr12	90604186	90604400	LTR/ERVL-MaLR	1531	+	107	90604293	8116
chr12	90596177	90796177	harbor1	chr12	90604401	90604761	LTR/ERVL-MaLR	1884	+	180	90604581	8404
chr12	90596177	90796177	harbor1	chr12	90607410	90607658	LTR/ERVL-MaLR	554	+	124	90607534	11357
chr12	90596177	90796177	harbor1	chr12	90607819	90607942	LTR/ERVL-MaLR	455	+	62	90607881	11704
chr12	90596177	90796177	harbor1	chr12	90607963	90608499	LTR/ERVL-MaLR	1771	+	268	90608231	12054
chr12	90596177	90796177	harbor1	chr12	90609058	90609330	LTR/ERVL-MaLR	640	+	136	90609194	13017
chr12	90596177	90796177	harbor1	chr12	90609338	90609798	LTR/ERVL-MaLR	563	+	230	90609568	13391
chr12	90596177	90796177	harbor1	chr12	90610004	90610398	LTR/ERVL-MaLR	1301	+	197	90610201	14024
chr12	90596177	90796177	harbor1	chr12	90616665	90617065	LTR/ERVL-MaLR	1991	+	200	90616865	20688
chr12	90596177	90796177	harbor1	chr12	90651508	90651954	LTR/ERVL-MaLR	1294	+	223	90651731	55554
chr12	90596177	90796177	harbor1	chr12	90652237	90652667	LTR/ERVL-MaLR	2257	+	215	90652452	56275
chr12	90596177	90796177	harbor1	chr12	90664224	90664681	LTR/ERVL-MaLR	1441	+	228	90664452	68275
chr12	90596177	90796177	harbor1	chr12	90664902	90665268	LTR/ERVL-MaLR	2080	+	183	90665085	68908
chr12	90596177	90796177	harbor1	chr12	90669475	90669877	LTR/ERVL-MaLR	2199	+	201	90669676	73499
chr12	90596177	90796177	harbor1	chr12	90678652	90678934	LTR/ERVL-MaLR	1776	+	141	90678793	82616
chr12	44443450	44643450	harbor1	chr12	44456570	44456988	LTR/ERVL-MaLR	1999	+	209	44456779	13329
chr12	44443450	44643450	harbor1	chr12	44466669	44467087	LTR/ERVL-MaLR	2605	+	209	44466878	23428
chr12	44443450	44643450	harbor1	chr12	44467088	44468702	LTR/ERVL-MaLR	9185	+	807	44467895	24445
chr12	44443450	44643450	harbor1	chr12	44468703	44469115	LTR/ERVL-MaLR	2183	+	206	44468909	25459
chr12	44443450	44643450	harbor1	chr12	44509403	44509778	LTR/ERVL-MaLR	1584	+	188	44509591	66141
chr12	44443450	44643450	harbor1	chr12	44517446	44517578	LTR/ERVL-MaLR	723	+	66	44517512	74062
chr12	44443450	44643450	harbor1	chr12	44530458	44530988	LTR/ERVL-MaLR	1986	+	265	44530723	87273
chr12	44443450	44643450	harbor1	chr12	44532974	44533299	LTR/ERVL-MaLR	854	+	162	44533136	89686
chr12	44443450	44643450	harbor1	chr12	44542464	44542675	LTR/ERVL-MaLR	508	+	106	44542570	99120
chr12	44443450	44643450	harbor1	chr12	44542892	44543079	LTR/ERVL-MaLR	629	+	94	44542986	99536
chr12	118230630	118430630	harbor1	chr12	118288257	118288624	LTR/ERVL-MaLR	1062	+	184	118288441	57811
chr12	4973955	5173955	harbor1	chr12	5036739	5037237	LTR/ERVL-MaLR	2970	+	249	5036988	63033
chr12	130694580	130894580	harbor1	chr12	130700363	130700785	LTR/ERVL-MaLR	1024	+	211	130700574	5994
chr12	130694580	130894580	harbor1	chr12	130738661	130739005	LTR/ERVL-MaLR	978	+	172	130738833	44253
chr12	130694580	130894580	harbor1	chr12	130739270	130739366	LTR/ERVL-MaLR	978	+	48	130739318	44738
chr12	130694580	130894580	harbor1	chr12	130741148	130741481	LTR/ERVL-MaLR	2228	+	166	130741314	46734
chr12	130694580	130894580	harbor1	chr12	130746822	130747121	LTR/ERVL-MaLR	691	+	150	130746972	52392
chr12	130694580	130894580	harbor1	chr12	130757584	130757736	LTR/ERVL-MaLR	989	+	76	130757660	63080
chr12	130694580	130894580	harbor1	chr12	130770461	130770800	LTR/ERVL-MaLR	1501	+	170	130770631	76051
chr12	56771697	56971697	harbor1	chr12	56771784	56772123	LTR/ERVL-MaLR	1781	+	170	56771954	257
chr12	56771697	56971697	harbor1	chr12	56862205	56862598	LTR/ERVL-MaLR	2134	+	196	56862401	90704
chr12	56771697	56971697	harbor1	chr12	56863475	56863638	LTR/ERVL-MaLR	819	+	82	56863557	91860
chr12	56771697	56971697	harbor1	chr12	56863613	56865177	LTR/ERVL-MaLR	10327	+	782	56864395	92698
chr12	56771697	56971697	harbor1	chr12	56865178	56865450	LTR/ERVL-MaLR	1446	+	136	56865314	93617
chr13	103686728	103886728	harbor1	chr13	103686740	103686792	LTR/ERVL-MaLR	1372	+	26	103686766	38
chr13	103686728	103886728	harbor1	chr13	103699089	103699459	LTR/ERVL-MaLR	1556	+	185	103699274	12546
chr13	103686728	103886728	harbor1	chr13	103718018	103718379	LTR/ERVL-MaLR	1026	+	180	103718198	31470
chr13	103686728	103886728	harbor1	chr13	103722793	103723183	LTR/ERVL-MaLR	1828	+	195	103722988	36260
chr13	103686728	103886728	harbor1	chr13	103729038	103729460	LTR/ERVL-MaLR	1323	+	211	103729249	42521
chr13	103686728	103886728	harbor1	chr13	103760504	103760634	LTR/ERVL-MaLR	715	+	65	103760569	73841
chr13	103686728	103886728	harbor1	chr13	103760875	103761238	LTR/ERVL-MaLR	1970	+	182	103761057	74329
chr13	103686728	103886728	harbor1	chr13	103710598	103710985	LTR/ERVL-MaLR	2206	+	194	103710792	24064
chr13	47380733	47580733	harbor1	chr13	47410990	47411292	LTR/ERVL-MaLR	1613	+	151	47411141	30408
chr13	47380733	47580733	harbor1	chr13	47419845	47420338	LTR/ERVL-MaLR	612	+	246	47420091	39358
chr13	47380733	47580733	harbor1	chr13	47437131	47437492	LTR/ERVL-MaLR	2445	+	180	47437311	56578
chr13	47380733	47580733	harbor1	chr13	47431641	47432028	LTR/ERVL-MaLR	2172	+	194	47431835	51102
chr13	81517976	81717976	harbor1	chr13	81527878	81528058	LTR/ERVL-MaLR	478	+	90	81527968	9992
chr13	81517976	81717976	harbor1	chr13	81539786	81540120	LTR/ERVL-MaLR	1312	+	167	81539953	21977
chr13	81517976	81717976	harbor1	chr13	81547919	81548440	LTR/ERVL-MaLR	1109	+	260	81548179	30203
chr13	81517976	81717976	harbor1	chr13	81567662	81569055	LTR/ERVL-MaLR	2815	+	696	81568358	50382
chr13	81517976	81717976	harbor1	chr13	81569069	81569269	LTR/ERVL-MaLR	463	+	100	81569169	51193
chr13	81517976	81717976	harbor1	chr13	81598097	81598510	LTR/ERVL-MaLR	2140	+	206	81598303	80327
chr13	81517976	81717976	harbor1	chr13	81601214	81601326	LTR/ERVL-MaLR	416	+	56	81601270	83294
chr13	81517976	81717976	harbor1	chr13	81601479	81601805	LTR/ERVL-MaLR	1176	+	163	81601642	83666
chr13	81517976	81717976	harbor1	chr13	81608808	81609271	LTR/ERVL-MaLR	1248	+	232	81609040	91064
chr13	106769575	106969575	harbor1	chr13	106773749	106774202	LTR/ERVL-MaLR	1377	+	226	106773975	4400
chr13	106769575	106969575	harbor1	chr13	106776172	106776353	LTR/ERVL-MaLR	431	+	90	106776262	6687
chr13	106769575	106969575	harbor1	chr13	106798894	106799277	LTR/ERVL-MaLR	1293	+	192	106799086	29511
chr13	106769575	106969575	harbor1	chr13	106824624	106825016	LTR/ERVL-MaLR	2706	+	196	106824820	55245
chr13	106769575	106969575	harbor1	chr13	106825726	106826459	LTR/ERVL-MaLR	2706	+	366	106826092	56517
chr13	106769575	106969575	harbor1	chr13	106826462	106826621	LTR/ERVL-MaLR	634	+	80	106826542	56967
chr13	106769575	106969575	harbor1	chr13	106833692	106833974	LTR/ERVL-MaLR	940	+	141	106833833	64258
chr13	106769575	106969575	harbor1	chr13	106837835	106838008	LTR/ERVL-MaLR	1531	+	86	106837921	68346
chr13	106769575	106969575	harbor1	chr13	106838331	106838600	LTR/ERVL-MaLR	1531	+	134	106838465	68890
chr13	106769575	106969575	harbor1	chr13	106847242	106847618	LTR/ERVL-MaLR	2385	+	188	106847430	77855
chr13	106769575	106969575	harbor1	chr13	106850008	106850424	LTR/ERVL-MaLR	1365	+	208	106850216	80641
chr13	106769575	106969575	harbor1	chr13	106850728	106850777	LTR/ERVL-MaLR	1365	+	24	106850752	81177
chr13	42854879	43054879	harbor1	chr13	42856500	42856666	LTR/ERVL-MaLR	753	+	83	42856583	1704
chr13	42854879	43054879	harbor1	chr13	42859296	42859520	LTR/ERVL-MaLR	685	+	112	42859408	4529
chr13	42854879	43054879	harbor1	chr13	42862298	42862640	LTR/ERVL-MaLR	2193	+	171	42862469	7590
chr13	42854879	43054879	harbor1	chr13	42883177	42883339	LTR/ERVL-MaLR	466	+	81	42883258	28379
chr13	42854879	43054879	harbor1	chr13	42913779	42914152	LTR/ERVL-MaLR	2009	+	186	42913965	59086
chr13	42854879	43054879	harbor1	chr13	42922227	42922655	LTR/ERVL-MaLR	1542	+	214	42922441	67562
chr13	42854879	43054879	harbor1	chr13	42928700	42929004	LTR/ERVL-MaLR	973	+	152	42928852	73973
chr13	42854879	43054879	harbor1	chr13	42930908	42931191	LTR/ERVL-MaLR	683	+	142	42931050	76171
chr13	42854879	43054879	harbor1	chr13	42931505	42931663	LTR/ERVL-MaLR	683	+	79	42931584	76705
chr13	54452533	54652533	harbor1	chr13	54460682	54461215	LTR/ERVL-MaLR	1419	+	266	54460948	8415
chr13	54452533	54652533	harbor1	chr13	54461268	54461618	LTR/ERVL-MaLR	1885	+	175	54461443	8910
chr13	54452533	54652533	harbor1	chr13	54468729	54469025	LTR/ERVL-MaLR	1232	+	148	54468877	16344
chr13	54452533	54652533	harbor1	chr13	54469153	54469381	LTR/ERVL-MaLR	790	+	114	54469267	16734
chr13	54452533	54652533	harbor1	chr13	54496944	54497321	LTR/ERVL-MaLR	1755	+	188	54497132	44599
chr13	54452533	54652533	harbor1	chr13	54497322	54498937	LTR/ERVL-MaLR	10049	+	808	54498130	45597
chr13	54452533	54652533	harbor1	chr13	54498938	54499308	LTR/ERVL-MaLR	1582	+	185	54499123	46590
chr13	54452533	54652533	harbor1	chr13	54519197	54519791	LTR/ERVL-MaLR	1725	+	297	54519494	66961
chr13	50456224	50656224	harbor1	chr13	50459397	50459734	LTR/ERVL-MaLR	1357	+	168	50459565	3341
chr13	50456224	50656224	harbor1	chr13	50478048	50478365	LTR/ERVL-MaLR	1322	+	158	50478206	21982
chr13	50456224	50656224	harbor1	chr13	50548303	50548548	LTR/ERVL-MaLR	1260	+	122	50548425	92201
chr13	40336910	40536910	harbor1	chr13	40355763	40356124	LTR/ERVL-MaLR	1433	+	180	40355943	19033
chr13	40336910	40536910	harbor1	chr13	40378237	40378648	LTR/ERVL-MaLR	2330	+	206	40378443	41533
chr13	50465187	50665187	harbor1	chr13	50478048	50478365	LTR/ERVL-MaLR	1322	+	158	50478206	13019
chr13	50465187	50665187	harbor1	chr13	50548303	50548548	LTR/ERVL-MaLR	1260	+	122	50548425	83238
chr13	50465187	50665187	harbor1	chr13	50557792	50558159	LTR/ERVL-MaLR	659	+	184	50557976	92789
chr13	84171787	84371787	harbor1	chr13	84214060	84214476	LTR/ERVL-MaLR	2442	+	208	84214268	42481
chr13	84171787	84371787	harbor1	chr13	84241150	84241559	LTR/ERVL-MaLR	2210	+	204	84241354	69567
chr13	84171787	84371787	harbor1	chr13	84250992	84251517	LTR/ERVL-MaLR	777	+	262	84251254	79467
chr13	84171787	84371787	harbor1	chr13	84254929	84255051	LTR/ERVL-MaLR	619	+	61	84254990	83203
chr13	84171787	84371787	harbor1	chr13	84264647	84265002	LTR/ERVL-MaLR	1264	+	178	84264825	93038
chr13	77237996	77437996	harbor1	chr13	77271487	77271837	LTR/ERVL-MaLR	2306	+	175	77271662	33666
chr13	77237996	77437996	harbor1	chr13	77293486	77293972	LTR/ERVL-MaLR	2129	+	243	77293729	55733
chr13	77237996	77437996	harbor1	chr13	77335411	77335961	LTR/ERVL-MaLR	1225	+	275	77335686	97690
chr13	103694818	103894818	harbor1	chr13	103699089	103699459	LTR/ERVL-MaLR	1556	+	185	103699274	4456
chr13	103694818	103894818	harbor1	chr13	103718018	103718379	LTR/ERVL-MaLR	1026	+	180	103718198	23380
chr13	103694818	103894818	harbor1	chr13	103722793	103723183	LTR/ERVL-MaLR	1828	+	195	103722988	28170
chr13	103694818	103894818	harbor1	chr13	103729038	103729460	LTR/ERVL-MaLR	1323	+	211	103729249	34431
chr13	103694818	103894818	harbor1	chr13	103760504	103760634	LTR/ERVL-MaLR	715	+	65	103760569	65751
chr13	103694818	103894818	harbor1	chr13	103760875	103761238	LTR/ERVL-MaLR	1970	+	182	103761057	66239
chr13	103694818	103894818	harbor1	chr13	103710598	103710985	LTR/ERVL-MaLR	2206	+	194	103710792	15974
chr13	60240675	60440675	harbor1	chr13	60243980	60244094	LTR/ERVL-MaLR	519	+	57	60244037	3362
chr13	60240675	60440675	harbor1	chr13	60244149	60244287	LTR/ERVL-MaLR	444	+	69	60244218	3543
chr13	60240675	60440675	harbor1	chr13	60263496	60263848	LTR/ERVL-MaLR	1606	+	176	60263672	22997
chr13	60240675	60440675	harbor1	chr13	60264156	60264195	LTR/ERVL-MaLR	1606	+	20	60264176	23501
chr13	60240675	60440675	harbor1	chr13	60324423	60324936	LTR/ERVL-MaLR	2215	+	256	60324679	84004
chr13	85776756	85976756	harbor1	chr13	85778219	85778553	LTR/ERVL-MaLR	1568	+	167	85778386	1630
chr13	85776756	85976756	harbor1	chr13	85782230	85782469	LTR/ERVL-MaLR	822	+	120	85782350	5594
chr13	85776756	85976756	harbor1	chr13	85862981	85863224	LTR/ERVL-MaLR	682	+	122	85863103	86347
chr13	27585286	27785286	harbor1	chr13	27671626	27671808	LTR/ERVL-MaLR	1906	+	91	27671717	86431
chr13	27585286	27785286	harbor1	chr13	27672100	27672340	LTR/ERVL-MaLR	1906	+	120	27672220	86934
chr13	27585286	27785286	harbor1	chr13	27674941	27675363	LTR/ERVL-MaLR	2638	+	211	27675152	89866
chr13	58732314	58932314	harbor1	chr13	58734221	58734585	LTR/ERVL-MaLR	1856	+	182	58734403	2089
chr13	58732314	58932314	harbor1	chr13	58737566	58738017	LTR/ERVL-MaLR	2075	+	226	58737792	5478
chr13	58732314	58932314	harbor1	chr13	58740261	58740435	LTR/ERVL-MaLR	533	+	87	58740348	8034
chr13	58732314	58932314	harbor1	chr13	58748918	58749203	LTR/ERVL-MaLR	468	+	142	58749060	16746
chr13	58732314	58932314	harbor1	chr13	58750557	58750911	LTR/ERVL-MaLR	2780	+	177	58750734	18420
chr13	58732314	58932314	harbor1	chr13	58765871	58766243	LTR/ERVL-MaLR	2186	+	186	58766057	33743
chr13	58732314	58932314	harbor1	chr13	58791323	58791696	LTR/ERVL-MaLR	2070	+	186	58791509	59195
chr13	58732314	58932314	harbor1	chr13	58795701	58796110	LTR/ERVL-MaLR	1595	+	204	58795905	63591
chr13	58732314	58932314	harbor1	chr13	58797898	58798357	LTR/ERVL-MaLR	1181	+	230	58798128	65814
chr13	103299930	103499930	harbor1	chr13	103309346	103309525	LTR/ERVL-MaLR	434	+	90	103309436	9506
chr13	103299930	103499930	harbor1	chr13	103326441	103326710	LTR/ERVL-MaLR	664	+	134	103326575	26645
chr13	103299930	103499930	harbor1	chr13	103354848	103354885	LTR/ERVL-MaLR	1643	+	18	103354866	54936
chr13	103299930	103499930	harbor1	chr13	103355191	103355600	LTR/ERVL-MaLR	1643	+	204	103355395	55465
chr13	103299930	103499930	harbor1	chr13	103386368	103386752	LTR/ERVL-MaLR	540	+	192	103386560	86630
chr13	31887553	32087553	harbor1	chr13	31983228	31983581	LTR/ERVL-MaLR	2460	+	176	31983404	95851
chr13	31887553	32087553	harbor1	chr13	31983582	31984081	LTR/ERVL-MaLR	11734	+	250	31983832	96279
chr13	31887553	32087553	harbor1	chr13	31984381	31985455	LTR/ERVL-MaLR	11734	+	537	31984918	97365
chr13	31887553	32087553	harbor1	chr13	31985456	31985808	LTR/ERVL-MaLR	2487	+	176	31985632	98079
chr13	31069298	31269298	harbor1	chr13	31072862	31073217	LTR/ERVL-MaLR	2040	+	178	31073040	3742
chr13	31069298	31269298	harbor1	chr13	31074771	31075192	LTR/ERVL-MaLR	2318	+	210	31074981	5683
chr13	31069298	31269298	harbor1	chr13	31080589	31080992	LTR/ERVL-MaLR	1674	+	202	31080791	11493
chr13	31069298	31269298	harbor1	chr13	31126505	31126943	LTR/ERVL-MaLR	1569	+	219	31126724	57426
chr13	31069298	31269298	harbor1	chr13	31128103	31128469	LTR/ERVL-MaLR	2883	+	183	31128286	58988
chr13	31069298	31269298	harbor1	chr13	31165838	31166086	LTR/ERVL-MaLR	525	+	124	31165962	96664
chr13	57278223	57478223	harbor1	chr13	57353885	57354240	LTR/ERVL-MaLR	1565	+	178	57354063	75840
chr13	57278223	57478223	harbor1	chr13	57375951	57376462	LTR/ERVL-MaLR	770	+	256	57376207	97984
chr13	88101788	88301788	harbor1	chr13	88123520	88123920	LTR/ERVL-MaLR	1680	+	200	88123720	21932
chr13	88101788	88301788	harbor1	chr13	88126659	88127032	LTR/ERVL-MaLR	2411	+	186	88126845	25057
chr13	88101788	88301788	harbor1	chr13	88127035	88127157	LTR/ERVL-MaLR	647	+	61	88127096	25308
chr13	88101788	88301788	harbor1	chr13	88143750	88144145	LTR/ERVL-MaLR	1248	+	198	88143948	42160
chr13	88101788	88301788	harbor1	chr13	88152094	88152479	LTR/ERVL-MaLR	1769	+	192	88152286	50498
chr13	88101788	88301788	harbor1	chr13	88196071	88196325	LTR/ERVL-MaLR	1453	+	127	88196198	94410
chr13	88101788	88301788	harbor1	chr13	88196326	88196671	LTR/ERVL-MaLR	2296	+	172	88196498	94710
chr13	88101788	88301788	harbor1	chr13	88201305	88201495	LTR/ERVL-MaLR	1115	+	95	88201400	99612
chr13	107368824	107568824	harbor1	chr13	107374657	107374984	LTR/ERVL-MaLR	1693	+	164	107374821	5997
chr13	107368824	107568824	harbor1	chr13	107375852	107375923	LTR/ERVL-MaLR	1175	+	36	107375888	7064
chr13	107368824	107568824	harbor1	chr13	107375959	107376327	LTR/ERVL-MaLR	1175	+	184	107376143	7319
chr13	107368824	107568824	harbor1	chr13	107389239	107389621	LTR/ERVL-MaLR	1790	+	191	107389430	20606
chr13	107368824	107568824	harbor1	chr13	107401982	107402547	LTR/ERVL-MaLR	1221	+	282	107402264	33440
chr13	107368824	107568824	harbor1	chr13	107418221	107418440	LTR/ERVL-MaLR	670	+	110	107418331	49507
chr13	107368824	107568824	harbor1	chr13	107418425	107418531	LTR/ERVL-MaLR	466	+	53	107418478	49654
chr13	107368824	107568824	harbor1	chr13	107422604	107423112	LTR/ERVL-MaLR	1965	+	254	107422858	54034
chr13	107368824	107568824	harbor1	chr13	107454949	107455303	LTR/ERVL-MaLR	1751	+	177	107455126	86302
chr13	20762374	20962374	harbor1	chr13	20776792	20776958	LTR/ERVL-MaLR	789	+	83	20776875	14501
chr13	20762374	20962374	harbor1	chr13	20797785	20797867	LTR/ERVL-MaLR	2080	+	41	20797826	35452
chr13	20762374	20962374	harbor1	chr13	20798157	20798492	LTR/ERVL-MaLR	2080	+	168	20798325	35951
chr13	50573939	50773939	harbor1	chr13	50583350	50583426	LTR/ERVL-MaLR	488	+	38	50583388	9449
chr13	50573939	50773939	harbor1	chr13	50619206	50619557	LTR/ERVL-MaLR	1592	+	176	50619382	45443
chr13	50573939	50773939	harbor1	chr13	50648365	50648726	LTR/ERVL-MaLR	2019	+	180	50648545	74606
chr13	50573939	50773939	harbor1	chr13	50665540	50665877	LTR/ERVL-MaLR	1973	+	168	50665708	91769
chr13	50573939	50773939	harbor1	chr13	50666067	50666440	LTR/ERVL-MaLR	2547	+	186	50666253	92314
chr13	50573939	50773939	harbor1	chr13	50669635	50670057	LTR/ERVL-MaLR	2129	+	211	50669846	95907
chr13	50573939	50773939	harbor1	chr13	50642725	50643149	LTR/ERVL-MaLR	1698	+	212	50642937	68998
chr13	66871436	67071436	harbor1	chr13	66957540	66957674	LTR/ERVL-MaLR	1096	+	67	66957607	86171
chr13	66871436	67071436	harbor1	chr13	66957719	66957893	LTR/ERVL-MaLR	1096	+	87	66957806	86370
chr13	66871436	67071436	harbor1	chr13	66928486	66928845	LTR/ERVL-MaLR	1873	+	180	66928666	57230
chr13	65060734	65260734	harbor1	chr13	65078217	65078578	LTR/ERVL-MaLR	2626	+	180	65078397	17663
chr13	65060734	65260734	harbor1	chr13	65123596	65123985	LTR/ERVL-MaLR	1092	+	194	65123790	63056
chr13	65060734	65260734	harbor1	chr13	65124706	65125041	LTR/ERVL-MaLR	1013	+	168	65124874	64140
chr13	65060734	65260734	harbor1	chr13	65131537	65132001	LTR/ERVL-MaLR	1247	+	232	65131769	71035
chr13	65060734	65260734	harbor1	chr13	65134539	65135167	LTR/ERVL-MaLR	1346	+	314	65134853	74119
chr13	65060734	65260734	harbor1	chr13	65138930	65139093	LTR/ERVL-MaLR	625	+	82	65139012	78278
chr13	26706345	26906345	harbor1	chr13	26714239	26714621	LTR/ERVL-MaLR	2426	+	191	26714430	8085
chr13	26706345	26906345	harbor1	chr13	26737453	26737806	LTR/ERVL-MaLR	2220	+	176	26737629	31284
chr13	26706345	26906345	harbor1	chr13	26739381	26739720	LTR/ERVL-MaLR	2054	+	170	26739551	33206
chr13	26706345	26906345	harbor1	chr13	26765734	26766130	LTR/ERVL-MaLR	1108	+	198	26765932	59587
chr13	26706345	26906345	harbor1	chr13	26772167	26772544	LTR/ERVL-MaLR	2014	+	188	26772355	66010
chr13	26706345	26906345	harbor1	chr13	26776188	26776379	LTR/ERVL-MaLR	1138	+	96	26776284	69939
chr13	26706345	26906345	harbor1	chr13	26791691	26792038	LTR/ERVL-MaLR	2347	+	174	26791865	85520
chr13	26706345	26906345	harbor1	chr13	26737807	26739380	LTR/ERVL-MaLR	11783	+	786	26738593	32248
chr13	61797422	61997422	harbor1	chr13	61829149	61829388	LTR/ERVL-MaLR	1255	+	120	61829269	31847
chr13	61797422	61997422	harbor1	chr13	61829389	61829801	LTR/ERVL-MaLR	2383	+	206	61829595	32173
chr13	61797422	61997422	harbor1	chr13	61829802	61829949	LTR/ERVL-MaLR	1255	+	74	61829876	32454
chr13	61797422	61997422	harbor1	chr13	61852880	61853279	LTR/ERVL-MaLR	1456	+	200	61853080	55658
chr13	61797422	61997422	harbor1	chr13	61877524	61877867	LTR/ERVL-MaLR	1922	+	172	61877696	80274
chr13	61797422	61997422	harbor1	chr13	61877868	61879435	LTR/ERVL-MaLR	11198	+	784	61878652	81230
chr13	61797422	61997422	harbor1	chr13	61879438	61879778	LTR/ERVL-MaLR	2058	+	170	61879608	82186
chr13	61797422	61997422	harbor1	chr13	61889891	61890960	LTR/ERVL-MaLR	1129	+	534	61890425	93003
chr13	61797422	61997422	harbor1	chr13	61891217	61891759	LTR/ERVL-MaLR	1343	+	271	61891488	94066
chr13	61797422	61997422	harbor1	chr13	61893320	61893591	LTR/ERVL-MaLR	581	+	136	61893456	96034
chr13	61797422	61997422	harbor1	chr13	61893840	61893897	LTR/ERVL-MaLR	581	+	28	61893868	96446
chr14	86839072	87039072	harbor1	chr14	86856413	86856598	LTR/ERVL-MaLR	1660	+	92	86856505	17433
chr14	86839072	87039072	harbor1	chr14	86856599	86856899	LTR/ERVL-MaLR	1861	+	150	86856749	17677
chr14	86839072	87039072	harbor1	chr14	86857220	86857287	LTR/ERVL-MaLR	1861	+	34	86857254	18182
chr14	86839072	87039072	harbor1	chr14	86857288	86857542	LTR/ERVL-MaLR	1660	+	127	86857415	18343
chr14	86839072	87039072	harbor1	chr14	86928558	86928707	LTR/ERVL-MaLR	514	+	74	86928632	89560
chr14	45694355	45894355	harbor1	chr14	45698406	45698811	LTR/ERVL-MaLR	2027	+	202	45698608	4253
chr14	45694355	45894355	harbor1	chr14	45718853	45719068	LTR/ERVL-MaLR	441	+	108	45718961	24606
chr14	45694355	45894355	harbor1	chr14	45759675	45760063	LTR/ERVL-MaLR	1410	+	194	45759869	65514
chr14	42637430	42837430	harbor1	chr14	42648334	42648695	LTR/ERVL-MaLR	2418	+	180	42648514	11084
chr14	42637430	42837430	harbor1	chr14	42658992	42659355	LTR/ERVL-MaLR	1510	+	182	42659174	21744
chr14	42637430	42837430	harbor1	chr14	42659356	42659867	LTR/ERVL-MaLR	10416	+	256	42659612	22182
chr14	42637430	42837430	harbor1	chr14	42660470	42661573	LTR/ERVL-MaLR	10416	+	552	42661022	23592
chr14	42637430	42837430	harbor1	chr14	42661574	42661734	LTR/ERVL-MaLR	1554	+	80	42661654	24224
chr14	42637430	42837430	harbor1	chr14	42661773	42661957	LTR/ERVL-MaLR	1554	+	92	42661865	24435
chr14	42637430	42837430	harbor1	chr14	42665097	42665518	LTR/ERVL-MaLR	1300	+	210	42665307	27877
chr14	42637430	42837430	harbor1	chr14	42665836	42665896	LTR/ERVL-MaLR	1300	+	30	42665866	28436
chr14	42637430	42837430	harbor1	chr14	42711159	42711553	LTR/ERVL-MaLR	1630	+	197	42711356	73926
chr14	42637430	42837430	harbor1	chr14	42735792	42736298	LTR/ERVL-MaLR	1764	+	253	42736045	98615
chr14	50497871	50697871	harbor1	chr14	50535800	50536153	LTR/ERVL-MaLR	2216	+	176	50535976	38105
chr14	50497871	50697871	harbor1	chr14	50536458	50538033	LTR/ERVL-MaLR	11510	+	788	50537246	39375
chr14	50497871	50697871	harbor1	chr14	50538034	50538385	LTR/ERVL-MaLR	2067	+	176	50538210	40339
chr14	50497871	50697871	harbor1	chr14	50555056	50555262	LTR/ERVL-MaLR	606	+	103	50555159	57288
chr14	50497871	50697871	harbor1	chr14	50555584	50555723	LTR/ERVL-MaLR	606	+	70	50555654	57783
chr14	50497871	50697871	harbor1	chr14	50544286	50544648	LTR/ERVL-MaLR	889	+	181	50544467	46596
chr14	103224858	103424858	harbor1	chr14	103277905	103278279	LTR/ERVL-MaLR	2488	+	187	103278092	53234
chr14	103224858	103424858	harbor1	chr14	103287548	103288010	LTR/ERVL-MaLR	1368	+	231	103287779	62921
chr14	90701718	90901718	harbor1	chr14	90724366	90724794	LTR/ERVL-MaLR	2889	+	214	90724580	22862
chr14	90701718	90901718	harbor1	chr14	90791442	90791906	LTR/ERVL-MaLR	1206	+	232	90791674	89956
chr14	90701718	90901718	harbor1	chr14	90792934	90793241	LTR/ERVL-MaLR	1891	+	154	90793088	91370
chr14	90701718	90901718	harbor1	chr14	90793543	90793583	LTR/ERVL-MaLR	1891	+	20	90793563	91845
chr14	90701718	90901718	harbor1	chr14	90797954	90798378	LTR/ERVL-MaLR	776	+	212	90798166	96448
chr14	90701718	90901718	harbor1	chr14	90800340	90800529	LTR/ERVL-MaLR	2252	+	94	90800434	98716
chr14	90701718	90901718	harbor1	chr14	90800818	90800904	LTR/ERVL-MaLR	2252	+	43	90800861	99143
chr14	90701718	90901718	harbor1	chr14	90801246	90801468	LTR/ERVL-MaLR	2252	+	111	90801357	99639
chr14	90701718	90901718	harbor1	chr14	90767355	90767713	LTR/ERVL-MaLR	1503	+	179	90767534	65816
chr14	29655336	29855336	harbor1	chr14	29718143	29718503	LTR/ERVL-MaLR	2161	+	180	29718323	62987
chr14	29655336	29855336	harbor1	chr14	29751271	29751664	LTR/ERVL-MaLR	444	+	196	29751467	96131
chr14	29655336	29855336	harbor1	chr14	29751744	29751860	LTR/ERVL-MaLR	459	+	58	29751802	96466
chr14	88641441	88841441	harbor1	chr14	88704045	88704476	LTR/ERVL-MaLR	2533	+	216	88704261	62820
chr14	88641441	88841441	harbor1	chr14	88711205	88711379	LTR/ERVL-MaLR	1133	+	87	88711292	69851
chr14	95785244	95985244	harbor1	chr14	95792827	95793238	LTR/ERVL-MaLR	2266	+	206	95793033	7789
chr14	95785244	95985244	harbor1	chr14	95799758	95800136	LTR/ERVL-MaLR	2126	+	189	95799947	14703
chr14	95785244	95985244	harbor1	chr14	95802619	95802988	LTR/ERVL-MaLR	1228	+	184	95802803	17559
chr14	95785244	95985244	harbor1	chr14	95821556	95821927	LTR/ERVL-MaLR	2152	+	186	95821742	36498
chr14	95785244	95985244	harbor1	chr14	95863345	95863940	LTR/ERVL-MaLR	1557	+	298	95863643	78399
chr14	95785244	95985244	harbor1	chr14	95866047	95866596	LTR/ERVL-MaLR	1717	+	274	95866321	81077
chr14	95785244	95985244	harbor1	chr14	95829916	95830149	LTR/ERVL-MaLR	491	+	116	95830032	44788
chr14	92550386	92750386	harbor1	chr14	92590280	92590680	LTR/ERVL-MaLR	2402	+	200	92590480	40094
chr14	92550386	92750386	harbor1	chr14	92597965	92598524	LTR/ERVL-MaLR	2178	+	280	92598245	47859
chr14	92550386	92750386	harbor1	chr14	92614506	92614842	LTR/ERVL-MaLR	2099	+	168	92614674	64288
chr14	92550386	92750386	harbor1	chr14	92615141	92615181	LTR/ERVL-MaLR	2099	+	20	92615161	64775
chr14	28452872	28652872	harbor1	chr14	28461401	28461839	LTR/ERVL-MaLR	1902	+	219	28461620	8748
chr14	28452872	28652872	harbor1	chr14	28462157	28462190	LTR/ERVL-MaLR	1902	+	16	28462173	9301
chr14	28452872	28652872	harbor1	chr14	28496436	28496834	LTR/ERVL-MaLR	2237	+	199	28496635	43763
chr14	28452872	28652872	harbor1	chr14	28515400	28515785	LTR/ERVL-MaLR	2369	+	192	28515592	62720
chr14	28452872	28652872	harbor1	chr14	28521255	28521604	LTR/ERVL-MaLR	2071	+	174	28521429	68557
chr14	28452872	28652872	harbor1	chr14	28521605	28523269	LTR/ERVL-MaLR	10118	+	832	28522437	69565
chr14	28452872	28652872	harbor1	chr14	28523270	28523634	LTR/ERVL-MaLR	2366	+	182	28523452	70580
chr14	28452872	28652872	harbor1	chr14	28539160	28539523	LTR/ERVL-MaLR	2418	+	182	28539342	86470
chr14	28452872	28652872	harbor1	chr14	28541102	28541448	LTR/ERVL-MaLR	2134	+	173	28541275	88403
chr14	28452872	28652872	harbor1	chr14	28539531	28541100	LTR/ERVL-MaLR	10129	+	784	28540315	87443
chr14	47228817	47428817	harbor1	chr14	47229179	47229419	LTR/ERVL-MaLR	453	+	120	47229299	482
chr14	47228817	47428817	harbor1	chr14	47250413	47250746	LTR/ERVL-MaLR	1654	+	166	47250579	21762
chr14	47228817	47428817	harbor1	chr14	47287690	47288127	LTR/ERVL-MaLR	1512	+	218	47287908	59091
chr14	47228817	47428817	harbor1	chr14	47290130	47290494	LTR/ERVL-MaLR	1857	+	182	47290312	61495
chr14	47228817	47428817	harbor1	chr14	47319793	47320218	LTR/ERVL-MaLR	1846	+	212	47320005	91188
chr14	84416343	84616343	harbor1	chr14	84490192	84490681	LTR/ERVL-MaLR	719	+	244	84490436	74093
chr14	84416343	84616343	harbor1	chr14	84493285	84493658	LTR/ERVL-MaLR	2241	+	186	84493471	77128
chr14	84416343	84616343	harbor1	chr14	84494198	84495767	LTR/ERVL-MaLR	8761	+	784	84494982	78639
chr14	84416343	84616343	harbor1	chr14	84495785	84496091	LTR/ERVL-MaLR	2338	+	153	84495938	79595
chr14	84416343	84616343	harbor1	chr14	84496388	84496498	LTR/ERVL-MaLR	2338	+	55	84496443	80100
chr14	102116315	102316315	harbor1	chr14	102152955	102153303	LTR/ERVL-MaLR	2571	+	174	102153129	36814
chr14	102116315	102316315	harbor1	chr14	102153606	102153673	LTR/ERVL-MaLR	2571	+	34	102153640	37325
chr14	102116315	102316315	harbor1	chr14	102163032	102163345	LTR/ERVL-MaLR	1383	+	156	102163188	46873
chr14	102116315	102316315	harbor1	chr14	102163651	102163697	LTR/ERVL-MaLR	1383	+	23	102163674	47359
chr14	100289417	100489417	harbor1	chr14	100310911	100310960	LTR/ERVL-MaLR	553	+	24	100310935	21518
chr14	100289417	100489417	harbor1	chr14	100311137	100311225	LTR/ERVL-MaLR	553	+	44	100311181	21764
chr14	100289417	100489417	harbor1	chr14	100315134	100315602	LTR/ERVL-MaLR	1690	+	234	100315368	25951
chr14	100289417	100489417	harbor1	chr14	100315909	100315968	LTR/ERVL-MaLR	1690	+	30	100315939	26522
chr14	61226831	61426831	harbor1	chr14	61233542	61233900	LTR/ERVL-MaLR	2461	+	179	61233721	6890
chr14	85133911	85333911	harbor1	chr14	85165005	85165541	LTR/ERVL-MaLR	1536	+	268	85165273	31362
chr14	85133911	85333911	harbor1	chr14	85188009	85188351	LTR/ERVL-MaLR	1911	+	171	85188180	54269
chr14	85133911	85333911	harbor1	chr14	85192925	85193354	LTR/ERVL-MaLR	739	+	214	85193139	59228
chr14	85133911	85333911	harbor1	chr14	85193665	85194208	LTR/ERVL-MaLR	1581	+	272	85193937	60026
chr14	85133911	85333911	harbor1	chr14	85195040	85195457	LTR/ERVL-MaLR	2396	+	208	85195248	61337
chr14	85133911	85333911	harbor1	chr14	85213315	85213496	LTR/ERVL-MaLR	476	+	90	85213405	79494
chr14	28306415	28506415	harbor1	chr14	28391403	28391750	LTR/ERVL-MaLR	2012	+	174	28391577	85162
chr14	104232436	104432436	harbor1	chr14	104233255	104233548	LTR/ERVL-MaLR	1552	+	146	104233401	965
chr14	104232436	104432436	harbor1	chr14	104235061	104235368	LTR/ERVL-MaLR	1832	+	154	104235215	2779
chr14	104232436	104432436	harbor1	chr14	104272924	104273258	LTR/ERVL-MaLR	2110	+	167	104273091	40655
chr14	104232436	104432436	harbor1	chr14	104275861	104276045	LTR/ERVL-MaLR	582	+	92	104275953	43517
chr14	104232436	104432436	harbor1	chr14	104276341	104276505	LTR/ERVL-MaLR	582	+	82	104276423	43987
chr14	104232436	104432436	harbor1	chr14	104277301	104277529	LTR/ERVL-MaLR	441	+	114	104277415	44979
chr14	104232436	104432436	harbor1	chr14	104277640	104277853	LTR/ERVL-MaLR	418	+	106	104277746	45310
chr14	104232436	104432436	harbor1	chr14	104311240	104311671	LTR/ERVL-MaLR	1750	+	216	104311456	79020
chr14	104232436	104432436	harbor1	chr14	104328932	104329236	LTR/ERVL-MaLR	3717	+	152	104329084	96648
chr14	104232436	104432436	harbor1	chr14	104329579	104330330	LTR/ERVL-MaLR	3717	+	376	104329955	97519
chr14	104232436	104432436	harbor1	chr14	104233550	104235060	LTR/ERVL-MaLR	10715	+	755	104234305	1869
chr14	72010851	72210851	harbor1	chr14	72059603	72059959	LTR/ERVL-MaLR	1190	+	178	72059781	48930
chr14	72010851	72210851	harbor1	chr14	72061033	72061181	LTR/ERVL-MaLR	624	+	74	72061107	50256
chr14	72010851	72210851	harbor1	chr14	72078017	72078399	LTR/ERVL-MaLR	2223	+	191	72078208	67357
chr14	72010851	72210851	harbor1	chr14	72078718	72078756	LTR/ERVL-MaLR	2223	+	19	72078737	67886
chr14	72010851	72210851	harbor1	chr14	72101708	72101861	LTR/ERVL-MaLR	666	+	76	72101784	90933
chr14	84534303	84734303	harbor1	chr14	84549228	84549601	LTR/ERVL-MaLR	933	+	186	84549414	15111
chr14	84534303	84734303	harbor1	chr14	84563097	84563455	LTR/ERVL-MaLR	1818	+	179	84563276	28973
chr14	84534303	84734303	harbor1	chr14	84563457	84565132	LTR/ERVL-MaLR	8805	+	838	84564295	29992
chr14	84534303	84734303	harbor1	chr14	84565133	84565492	LTR/ERVL-MaLR	1996	+	180	84565313	31010
chr14	84534303	84734303	harbor1	chr14	84598430	84598785	LTR/ERVL-MaLR	2040	+	178	84598608	64305
chr14	84534303	84734303	harbor1	chr14	84599907	84600259	LTR/ERVL-MaLR	2000	+	176	84600083	65780
chr14	84534303	84734303	harbor1	chr14	84611535	84612041	LTR/ERVL-MaLR	1410	+	253	84611788	77485
chr14	84534303	84734303	harbor1	chr14	84612567	84612937	LTR/ERVL-MaLR	1980	+	185	84612752	78449
chr14	84534303	84734303	harbor1	chr14	84632411	84632804	LTR/ERVL-MaLR	1618	+	196	84632607	98304
chr14	56687725	56887725	harbor1	chr14	56769827	56770357	LTR/ERVL-MaLR	441	+	265	56770092	82367
chr14	79568808	79768808	harbor1	chr14	79590100	79590413	LTR/ERVL-MaLR	2043	+	156	79590256	21448
chr14	79568808	79768808	harbor1	chr14	79661866	79662213	LTR/ERVL-MaLR	2298	+	174	79662040	93232
chr14	79568808	79768808	harbor1	chr14	79576937	79577279	LTR/ERVL-MaLR	2058	+	171	79577108	8300
chr14	79998865	80198865	harbor1	chr14	80052653	80053017	LTR/ERVL-MaLR	1580	+	182	80052835	53970
chr14	79998865	80198865	harbor1	chr14	80086358	80086842	LTR/ERVL-MaLR	708	+	242	80086600	87735
chr14	22417777	22617777	harbor1	chr14	22420231	22420684	LTR/ERVL-MaLR	1971	+	226	22420457	2680
chr14	44383951	44583951	harbor1	chr14	44391499	44392065	LTR/ERVL-MaLR	533	+	283	44391782	7831
chr14	44383951	44583951	harbor1	chr14	44394494	44394784	LTR/ERVL-MaLR	1682	+	145	44394639	10688
chr14	44383951	44583951	harbor1	chr14	44394785	44394847	LTR/ERVL-MaLR	445	+	31	44394816	10865
chr14	44383951	44583951	harbor1	chr14	44398654	44399021	LTR/ERVL-MaLR	2048	+	184	44398838	14887
chr14	44383951	44583951	harbor1	chr14	44454564	44454936	LTR/ERVL-MaLR	798	+	186	44454750	70799
chr14	44383951	44583951	harbor1	chr14	44458960	44459346	LTR/ERVL-MaLR	1771	+	193	44459153	75202
chr14	75086592	75286592	harbor1	chr14	75140033	75140170	LTR/ERVL-MaLR	755	+	68	75140101	53509
chr14	75086592	75286592	harbor1	chr14	75148813	75148923	LTR/ERVL-MaLR	1908	+	55	75148868	62276
chr14	75086592	75286592	harbor1	chr14	75149216	75149521	LTR/ERVL-MaLR	1908	+	152	75149368	62776
chr14	75086592	75286592	harbor1	chr14	75170965	75171281	LTR/ERVL-MaLR	1490	+	158	75171123	84531
chr14	75086592	75286592	harbor1	chr14	75171580	75171817	LTR/ERVL-MaLR	1490	+	118	75171698	85106
chr14	39691917	39891917	harbor1	chr14	39719471	39719812	LTR/ERVL-MaLR	995	+	170	39719641	27724
chr14	39691917	39891917	harbor1	chr14	39725011	39725495	LTR/ERVL-MaLR	1728	+	242	39725253	33336
chr14	39691917	39891917	harbor1	chr14	39741897	39742258	LTR/ERVL-MaLR	2159	+	180	39742077	50160
chr14	39691917	39891917	harbor1	chr14	39765681	39766002	LTR/ERVL-MaLR	1997	+	160	39765841	73924
chr14	91191240	91391240	harbor1	chr14	91230494	91230677	LTR/ERVL-MaLR	775	+	92	91230586	39346
chr14	91191240	91391240	harbor1	chr14	91250864	91251371	LTR/ERVL-MaLR	1349	+	254	91251118	59878
chr14	91191240	91391240	harbor1	chr14	91251672	91251724	LTR/ERVL-MaLR	1349	+	26	91251698	60458
chr14	91191240	91391240	harbor1	chr14	91260449	91260491	LTR/ERVL-MaLR	1939	+	21	91260470	69230
chr14	91191240	91391240	harbor1	chr14	91260793	91261239	LTR/ERVL-MaLR	1939	+	223	91261016	69776
chr14	25037602	25237602	harbor1	chr14	25063613	25063975	LTR/ERVL-MaLR	1778	+	181	25063794	26192
chr14	25037602	25237602	harbor1	chr14	25069793	25069986	LTR/ERVL-MaLR	615	+	96	25069889	32287
chr14	25037602	25237602	harbor1	chr14	25077375	25077917	LTR/ERVL-MaLR	926	+	271	25077646	40044
chr14	25037602	25237602	harbor1	chr14	25082431	25082800	LTR/ERVL-MaLR	1982	+	184	25082615	45013
chr14	25037602	25237602	harbor1	chr14	25112599	25113041	LTR/ERVL-MaLR	713	+	221	25112820	75218
chr14	25037602	25237602	harbor1	chr14	25117567	25118083	LTR/ERVL-MaLR	1754	+	258	25117825	80223
chr14	25037602	25237602	harbor1	chr14	25127950	25128372	LTR/ERVL-MaLR	1969	+	211	25128161	90559
chr14	65752844	65952844	harbor1	chr14	65765916	65766036	LTR/ERVL-MaLR	437	+	60	65765976	13132
chr14	65752844	65952844	harbor1	chr14	65766098	65766303	LTR/ERVL-MaLR	515	+	102	65766200	13356
chr14	65752844	65952844	harbor1	chr14	65788948	65789381	LTR/ERVL-MaLR	1846	+	216	65789164	36320
chr14	65752844	65952844	harbor1	chr14	65801149	65801425	LTR/ERVL-MaLR	2107	+	138	65801287	48443
chr14	65752844	65952844	harbor1	chr14	65807529	65807839	LTR/ERVL-MaLR	619	+	155	65807684	54840
chr14	65752844	65952844	harbor1	chr14	65815053	65815154	LTR/ERVL-MaLR	448	+	50	65815103	62259
chr14	65752844	65952844	harbor1	chr14	65830195	65830549	LTR/ERVL-MaLR	2532	+	177	65830372	77528
chr14	65752844	65952844	harbor1	chr14	65834030	65834532	LTR/ERVL-MaLR	1064	+	251	65834281	81437
chr14	95003267	95203267	harbor1	chr14	95004096	95004317	LTR/ERVL-MaLR	534	+	110	95004206	939
chr14	95003267	95203267	harbor1	chr14	95004624	95004819	LTR/ERVL-MaLR	534	+	98	95004722	1455
chr14	95003267	95203267	harbor1	chr14	95021750	95022213	LTR/ERVL-MaLR	1848	+	232	95021982	18715
chr14	95003267	95203267	harbor1	chr14	95047743	95048102	LTR/ERVL-MaLR	1941	+	180	95047923	44656
chr14	95003267	95203267	harbor1	chr14	95073939	95074510	LTR/ERVL-MaLR	2519	+	286	95074225	70958
chr14	84504713	84704713	harbor1	chr14	84527846	84528261	LTR/ERVL-MaLR	1965	+	208	84528054	23341
chr14	84504713	84704713	harbor1	chr14	84549228	84549601	LTR/ERVL-MaLR	933	+	186	84549414	44701
chr14	84504713	84704713	harbor1	chr14	84563097	84563455	LTR/ERVL-MaLR	1818	+	179	84563276	58563
chr14	84504713	84704713	harbor1	chr14	84563457	84565132	LTR/ERVL-MaLR	8805	+	838	84564295	59582
chr14	84504713	84704713	harbor1	chr14	84565133	84565492	LTR/ERVL-MaLR	1996	+	180	84565313	60600
chr14	84504713	84704713	harbor1	chr14	84598430	84598785	LTR/ERVL-MaLR	2040	+	178	84598608	93895
chr14	84504713	84704713	harbor1	chr14	84599907	84600259	LTR/ERVL-MaLR	2000	+	176	84600083	95370
chr14	42419640	42619640	harbor1	chr14	42472239	42472544	LTR/ERVL-MaLR	538	+	152	42472391	52751
chr14	42419640	42619640	harbor1	chr14	42479057	42479434	LTR/ERVL-MaLR	1699	+	188	42479245	59605
chr14	42419640	42619640	harbor1	chr14	42498683	42499104	LTR/ERVL-MaLR	2091	+	210	42498893	79253
chr14	44219092	44419092	harbor1	chr14	44236942	44237317	LTR/ERVL-MaLR	2252	+	188	44237130	18038
chr14	44219092	44419092	harbor1	chr14	44248080	44248515	LTR/ERVL-MaLR	803	+	218	44248298	29206
chr14	44219092	44419092	harbor1	chr14	44264408	44264597	LTR/ERVL-MaLR	513	+	94	44264502	45410
chr14	44219092	44419092	harbor1	chr14	44267428	44267954	LTR/ERVL-MaLR	1953	+	263	44267691	48599
chr14	44219092	44419092	harbor1	chr14	44308737	44309125	LTR/ERVL-MaLR	2335	+	194	44308931	89839
chr14	44219092	44419092	harbor1	chr14	44318442	44318675	LTR/ERVL-MaLR	956	+	116	44318558	99466
chr14	44219092	44419092	harbor1	chr14	44318896	44319029	LTR/ERVL-MaLR	802	+	66	44318962	99870
chr14	50870008	51070008	harbor1	chr14	50904682	50905016	LTR/ERVL-MaLR	1781	+	167	50904849	34841
chr14	50870008	51070008	harbor1	chr14	50932254	50932483	LTR/ERVL-MaLR	579	+	114	50932368	62360
chr14	50870008	51070008	harbor1	chr14	50932503	50932657	LTR/ERVL-MaLR	489	+	77	50932580	62572
chr14	50870008	51070008	harbor1	chr14	50932665	50932831	LTR/ERVL-MaLR	492	+	83	50932748	62740
chr14	104052165	104252165	harbor1	chr14	104055119	104055501	LTR/ERVL-MaLR	495	+	191	104055310	3145
chr14	104052165	104252165	harbor1	chr14	104073924	104074299	LTR/ERVL-MaLR	983	+	188	104074112	21947
chr14	104052165	104252165	harbor1	chr14	104083565	104083934	LTR/ERVL-MaLR	1145	+	184	104083749	31584
chr14	67764800	67964800	harbor1	chr14	67852828	67853332	LTR/ERVL-MaLR	1750	+	252	67853080	88280
chr14	67764800	67964800	harbor1	chr14	67853467	67853550	LTR/ERVL-MaLR	420	+	42	67853509	88709
chr14	53528894	53728894	harbor1	chr14	53596393	53596456	LTR/ERVL-MaLR	1691	+	32	53596425	67531
chr14	53528894	53728894	harbor1	chr14	53596760	53597288	LTR/ERVL-MaLR	1691	+	264	53597024	68130
chr14	53528894	53728894	harbor1	chr14	53618383	53618964	LTR/ERVL-MaLR	1739	+	290	53618673	89779
chr14	49916153	50116153	harbor1	chr14	49936323	49936680	LTR/ERVL-MaLR	2329	+	178	49936501	20348
chr14	49916153	50116153	harbor1	chr14	49936681	49938140	LTR/ERVL-MaLR	11799	+	730	49937411	21258
chr14	49916153	50116153	harbor1	chr14	49938440	49938552	LTR/ERVL-MaLR	11799	+	56	49938496	22343
chr14	49916153	50116153	harbor1	chr14	49938553	49938732	LTR/ERVL-MaLR	1920	+	90	49938643	22490
chr14	49916153	50116153	harbor1	chr14	49939010	49939042	LTR/ERVL-MaLR	1920	+	16	49939026	22873
chr14	49916153	50116153	harbor1	chr14	49939352	49939550	LTR/ERVL-MaLR	1920	+	99	49939451	23298
chr14	49916153	50116153	harbor1	chr14	49943024	49943376	LTR/ERVL-MaLR	2394	+	176	49943200	27047
chr14	49916153	50116153	harbor1	chr14	49952713	49952823	LTR/ERVL-MaLR	522	+	55	49952768	36615
chr14	49916153	50116153	harbor1	chr14	49973904	49974101	LTR/ERVL-MaLR	1036	+	98	49974002	57849
chr14	49916153	50116153	harbor1	chr14	49974363	49974561	LTR/ERVL-MaLR	1036	+	99	49974462	58309
chr14	49916153	50116153	harbor1	chr14	49975886	49976406	LTR/ERVL-MaLR	779	+	260	49976146	59993
chr14	49916153	50116153	harbor1	chr14	49990685	49991021	LTR/ERVL-MaLR	904	+	168	49990853	74700
chr14	49916153	50116153	harbor1	chr14	49991223	49991375	LTR/ERVL-MaLR	904	+	76	49991299	75146
chr14	49916153	50116153	harbor1	chr14	50009043	50009480	LTR/ERVL-MaLR	818	+	218	50009261	93108
chr14	49916153	50116153	harbor1	chr14	50015690	50016085	LTR/ERVL-MaLR	1715	+	198	50015888	99735
chr14	70671528	70871528	harbor1	chr14	70703889	70704039	LTR/ERVL-MaLR	1550	+	75	70703964	32436
chr14	70671528	70871528	harbor1	chr14	70704344	70704545	LTR/ERVL-MaLR	1550	+	100	70704444	32916
chr14	70671528	70871528	harbor1	chr14	70747167	70747532	LTR/ERVL-MaLR	2441	+	182	70747349	75821
chr14	70671528	70871528	harbor1	chr14	70756428	70756677	LTR/ERVL-MaLR	507	+	124	70756552	85024
chr14	70671528	70871528	harbor1	chr14	70759590	70759703	LTR/ERVL-MaLR	513	+	56	70759646	88118
chr14	26240929	26440929	harbor1	chr14	26248060	26248400	LTR/ERVL-MaLR	1985	+	170	26248230	7301
chr14	26240929	26440929	harbor1	chr14	26248403	26249292	LTR/ERVL-MaLR	5894	+	444	26248847	7918
chr14	26240929	26440929	harbor1	chr14	26249293	26249356	LTR/ERVL-MaLR	482	+	32	26249325	8396
chr14	26240929	26440929	harbor1	chr14	26253238	26253510	LTR/ERVL-MaLR	574	+	136	26253374	12445
chr14	26240929	26440929	harbor1	chr14	26259634	26259720	LTR/ERVL-MaLR	568	+	43	26259677	18748
chr14	26240929	26440929	harbor1	chr14	26260180	26260197	LTR/ERVL-MaLR	1451	+	8	26260188	19259
chr14	26240929	26440929	harbor1	chr14	26261010	26261307	LTR/ERVL-MaLR	1451	+	148	26261158	20229
chr14	26240929	26440929	harbor1	chr14	26280287	26280666	LTR/ERVL-MaLR	2121	+	190	26280477	39548
chr14	26240929	26440929	harbor1	chr14	26289566	26289953	LTR/ERVL-MaLR	2108	+	194	26289760	48831
chr14	26240929	26440929	harbor1	chr14	26300928	26301379	LTR/ERVL-MaLR	1228	+	226	26301154	60225
chr14	88015852	88215852	harbor1	chr14	88030074	88030275	LTR/ERVL-MaLR	2206	+	100	88030174	14322
chr14	88015852	88215852	harbor1	chr14	88030309	88030518	LTR/ERVL-MaLR	2206	+	104	88030413	14561
chr14	88015852	88215852	harbor1	chr14	88038070	88038472	LTR/ERVL-MaLR	1117	+	201	88038271	22419
chr14	88015852	88215852	harbor1	chr14	88038516	88039286	LTR/ERVL-MaLR	1210	+	385	88038901	23049
chr14	88015852	88215852	harbor1	chr14	88039307	88039619	LTR/ERVL-MaLR	617	+	156	88039463	23611
chr14	88015852	88215852	harbor1	chr14	88069187	88069439	LTR/ERVL-MaLR	630	+	126	88069313	53461
chr14	88015852	88215852	harbor1	chr14	88069587	88070031	LTR/ERVL-MaLR	1852	+	222	88069809	53957
chr14	88015852	88215852	harbor1	chr14	88086224	88086546	LTR/ERVL-MaLR	1648	+	161	88086385	70533
chr14	88015852	88215852	harbor1	chr14	88086882	88087152	LTR/ERVL-MaLR	1648	+	135	88087017	71165
chr14	88015852	88215852	harbor1	chr14	88091300	88091381	LTR/ERVL-MaLR	542	+	40	88091340	75488
chr14	88015852	88215852	harbor1	chr14	88091382	88091735	LTR/ERVL-MaLR	2409	+	176	88091558	75706
chr14	88015852	88215852	harbor1	chr14	88091736	88091831	LTR/ERVL-MaLR	542	+	48	88091784	75932
chr14	88015852	88215852	harbor1	chr14	88093436	88093572	LTR/ERVL-MaLR	794	+	68	88093504	77652
chr14	88015852	88215852	harbor1	chr14	88097068	88097617	LTR/ERVL-MaLR	1536	+	274	88097342	81490
chr14	88015852	88215852	harbor1	chr14	88063941	88064418	LTR/ERVL-MaLR	800	+	238	88064179	48327
chr14	102697475	102897475	harbor1	chr14	102737900	102738117	LTR/ERVL-MaLR	570	+	108	102738008	40533
chr14	102697475	102897475	harbor1	chr14	102761254	102761428	LTR/ERVL-MaLR	547	+	87	102761341	63866
chr14	101402711	101602711	harbor1	chr14	101414251	101414664	LTR/ERVL-MaLR	1268	+	206	101414457	11746
chr14	101402711	101602711	harbor1	chr14	101469263	101469355	LTR/ERVL-MaLR	442	+	46	101469309	66598
chr14	101402711	101602711	harbor1	chr14	101499560	101499859	LTR/ERVL-MaLR	513	+	150	101499710	96999
chr14	101402711	101602711	harbor1	chr14	101500006	101500171	LTR/ERVL-MaLR	530	+	82	101500088	97377
chr14	101402711	101602711	harbor1	chr14	101500237	101500559	LTR/ERVL-MaLR	787	+	161	101500398	97687
chr14	55407632	55607632	harbor1	chr14	55442783	55443096	LTR/ERVL-MaLR	1418	+	156	55442939	35307
chr14	55407632	55607632	harbor1	chr14	55443122	55443437	LTR/ERVL-MaLR	2479	+	158	55443280	35648
chr14	55407632	55607632	harbor1	chr14	55443729	55444073	LTR/ERVL-MaLR	2272	+	172	55443901	36269
chr14	55407632	55607632	harbor1	chr14	55449426	55449862	LTR/ERVL-MaLR	1467	+	218	55449644	42012
chr14	55407632	55607632	harbor1	chr14	55466941	55467381	LTR/ERVL-MaLR	454	+	220	55467161	59529
chr14	55407632	55607632	harbor1	chr14	55477694	55478093	LTR/ERVL-MaLR	1400	+	200	55477894	70262
chr14	55407632	55607632	harbor1	chr14	55486198	55486428	LTR/ERVL-MaLR	655	+	115	55486313	78681
chr14	55407632	55607632	harbor1	chr14	55500649	55501010	LTR/ERVL-MaLR	1258	+	180	55500829	93197
chr14	55407632	55607632	harbor1	chr14	55502915	55503151	LTR/ERVL-MaLR	494	+	118	55503033	95401
chr14	55407632	55607632	harbor1	chr14	55503169	55503292	LTR/ERVL-MaLR	502	+	62	55503231	95599
chr14	55407632	55607632	harbor1	chr14	55504252	55504622	LTR/ERVL-MaLR	2582	+	185	55504437	96805
chr14	55407632	55607632	harbor1	chr14	55504888	55504926	LTR/ERVL-MaLR	2582	+	19	55504907	97275
chr14	48189103	48389103	harbor1	chr14	48215258	48215599	LTR/ERVL-MaLR	1205	+	170	48215428	26325
chr14	48189103	48389103	harbor1	chr14	48229888	48230194	LTR/ERVL-MaLR	1109	+	153	48230041	40938
chr14	48189103	48389103	harbor1	chr14	48232646	48233013	LTR/ERVL-MaLR	1762	+	184	48232830	43727
chr14	48189103	48389103	harbor1	chr14	48237895	48238022	LTR/ERVL-MaLR	1044	+	64	48237959	48856
chr14	48189103	48389103	harbor1	chr14	48238507	48238778	LTR/ERVL-MaLR	1044	+	136	48238643	49540
chr14	48189103	48389103	harbor1	chr14	48239080	48239524	LTR/ERVL-MaLR	1742	+	222	48239302	50199
chr14	20030960	20230960	harbor1	chr14	20071714	20071863	LTR/ERVL-MaLR	1297	+	74	20071788	40828
chr14	20030960	20230960	harbor1	chr14	20072138	20072504	LTR/ERVL-MaLR	1297	+	183	20072321	41361
chr14	101566414	101766414	harbor1	chr14	101567657	101568011	LTR/ERVL-MaLR	1689	+	177	101567834	1420
chr14	101566414	101766414	harbor1	chr14	101574500	101574912	LTR/ERVL-MaLR	2042	+	206	101574706	8292
chr14	101566414	101766414	harbor1	chr14	101576704	101576864	LTR/ERVL-MaLR	630	+	80	101576784	10370
chr14	101566414	101766414	harbor1	chr14	101576884	101577135	LTR/ERVL-MaLR	1118	+	126	101577010	10596
chr14	101566414	101766414	harbor1	chr14	101577610	101577751	LTR/ERVL-MaLR	483	+	70	101577680	11266
chr14	101566414	101766414	harbor1	chr14	101594868	101595229	LTR/ERVL-MaLR	2108	+	180	101595048	28634
chr14	101566414	101766414	harbor1	chr14	101607289	101607481	LTR/ERVL-MaLR	782	+	96	101607385	40971
chr14	101566414	101766414	harbor1	chr14	101608225	101608433	LTR/ERVL-MaLR	810	+	104	101608329	41915
chr14	101566414	101766414	harbor1	chr14	101661652	101662064	LTR/ERVL-MaLR	2211	+	206	101661858	95444
chr14	58823702	59023702	harbor1	chr14	58853027	58853634	LTR/ERVL-MaLR	1340	+	304	58853331	29629
chr14	58823702	59023702	harbor1	chr14	58861397	58861582	LTR/ERVL-MaLR	707	+	92	58861489	37787
chr14	58823702	59023702	harbor1	chr14	58861761	58861845	LTR/ERVL-MaLR	543	+	42	58861803	38101
chr14	58823702	59023702	harbor1	chr14	58861846	58862210	LTR/ERVL-MaLR	2740	+	182	58862028	38326
chr14	58823702	59023702	harbor1	chr14	58862211	58862258	LTR/ERVL-MaLR	543	+	24	58862235	38533
chr14	58823702	59023702	harbor1	chr14	58894190	58894674	LTR/ERVL-MaLR	1966	+	242	58894432	70730
chr14	58823702	59023702	harbor1	chr14	58897297	58897674	LTR/ERVL-MaLR	2000	+	188	58897485	73783
chr14	58823702	59023702	harbor1	chr14	58898380	58898735	LTR/ERVL-MaLR	2315	+	178	58898558	74856
chr14	58823702	59023702	harbor1	chr14	58901605	58901979	LTR/ERVL-MaLR	2208	+	187	58901792	78090
chr14	58823702	59023702	harbor1	chr14	58901982	58902360	LTR/ERVL-MaLR	9597	+	189	58902171	78469
chr14	58823702	59023702	harbor1	chr14	58902674	58903825	LTR/ERVL-MaLR	9597	+	576	58903250	79548
chr14	58823702	59023702	harbor1	chr14	58903826	58904198	LTR/ERVL-MaLR	2205	+	186	58904012	80310
chr14	58823702	59023702	harbor1	chr14	58913603	58913883	LTR/ERVL-MaLR	691	+	140	58913743	90041
chr14	58823702	59023702	harbor1	chr14	58917645	58918098	LTR/ERVL-MaLR	1619	+	226	58917871	94169
chr14	88339182	88539182	harbor1	chr14	88352689	88353108	LTR/ERVL-MaLR	2528	+	210	88352899	13717
chr14	88339182	88539182	harbor1	chr14	88353129	88353531	LTR/ERVL-MaLR	1113	+	201	88353330	14148
chr14	88339182	88539182	harbor1	chr14	88357763	88358134	LTR/ERVL-MaLR	1649	+	186	88357949	18767
chr14	88339182	88539182	harbor1	chr14	88360383	88360770	LTR/ERVL-MaLR	2175	+	194	88360577	21395
chr14	88339182	88539182	harbor1	chr14	88382729	88383107	LTR/ERVL-MaLR	2067	+	189	88382918	43736
chr14	88339182	88539182	harbor1	chr14	88415788	88416199	LTR/ERVL-MaLR	2258	+	206	88415994	76812
chr14	88339182	88539182	harbor1	chr14	88419875	88420066	LTR/ERVL-MaLR	545	+	96	88419971	80789
chr14	84253716	84453716	harbor1	chr14	84255162	84255597	LTR/ERVL-MaLR	1728	+	218	84255380	1664
chr14	84253716	84453716	harbor1	chr14	84263519	84263917	LTR/ERVL-MaLR	1433	+	199	84263718	10002
chr14	84253716	84453716	harbor1	chr14	84283804	84284167	LTR/ERVL-MaLR	1883	+	182	84283986	30270
chr14	84253716	84453716	harbor1	chr14	84309009	84309302	LTR/ERVL-MaLR	1274	+	146	84309155	55439
chr14	84253716	84453716	harbor1	chr14	84336511	84336894	LTR/ERVL-MaLR	1341	+	192	84336703	82987
chr14	84253716	84453716	harbor1	chr14	84347784	84348163	LTR/ERVL-MaLR	1839	+	190	84347974	94258
chr14	67363483	67563483	harbor1	chr14	67394684	67395089	LTR/ERVL-MaLR	2708	+	202	67394886	31403
chr14	67363483	67563483	harbor1	chr14	67401031	67401204	LTR/ERVL-MaLR	1765	+	86	67401117	37634
chr14	67363483	67563483	harbor1	chr14	67401544	67401762	LTR/ERVL-MaLR	1765	+	109	67401653	38170
chr14	67363483	67563483	harbor1	chr14	67405523	67405975	LTR/ERVL-MaLR	1266	+	226	67405749	42266
chr14	67363483	67563483	harbor1	chr14	67406275	67406322	LTR/ERVL-MaLR	1266	+	24	67406299	42816
chr14	67363483	67563483	harbor1	chr14	67408387	67408765	LTR/ERVL-MaLR	1521	+	189	67408576	45093
chr14	67363483	67563483	harbor1	chr14	67418434	67418678	LTR/ERVL-MaLR	487	+	122	67418556	55073
chr14	67363483	67563483	harbor1	chr14	67447719	67448098	LTR/ERVL-MaLR	785	+	190	67447909	84426
chr14	67363483	67563483	harbor1	chr14	67449635	67449815	LTR/ERVL-MaLR	2093	+	90	67449725	86242
chr14	67363483	67563483	harbor1	chr14	67450088	67450289	LTR/ERVL-MaLR	2093	+	100	67450188	86705
chr14	67363483	67563483	harbor1	chr14	67450290	67451868	LTR/ERVL-MaLR	11862	+	789	67451079	87596
chr14	67363483	67563483	harbor1	chr14	67451869	67452049	LTR/ERVL-MaLR	1922	+	90	67451959	88476
chr14	67363483	67563483	harbor1	chr14	67452347	67452541	LTR/ERVL-MaLR	1922	+	97	67452444	88961
chr14	103412962	103612962	harbor1	chr14	103422847	103423158	LTR/ERVL-MaLR	925	+	156	103423003	10041
chr14	81914270	82114270	harbor1	chr14	81943633	81943999	LTR/ERVL-MaLR	1519	+	183	81943816	29546
chr14	81914270	82114270	harbor1	chr14	81958815	81959188	LTR/ERVL-MaLR	2513	+	186	81959001	44731
chr14	81914270	82114270	harbor1	chr14	81960944	81961191	LTR/ERVL-MaLR	579	+	124	81961068	46798
chr14	81914270	82114270	harbor1	chr14	81964799	81965127	LTR/ERVL-MaLR	1753	+	164	81964963	50693
chr14	81914270	82114270	harbor1	chr14	81996173	81996545	LTR/ERVL-MaLR	428	+	186	81996359	82089
chr14	23071503	23271503	harbor1	chr14	23148129	23148234	LTR/ERVL-MaLR	2154	+	52	23148181	76678
chr14	23071503	23271503	harbor1	chr14	23148528	23148916	LTR/ERVL-MaLR	2154	+	194	23148722	77219
chr14	103499765	103699765	harbor1	chr14	103598149	103598337	LTR/ERVL-MaLR	480	+	94	103598243	98478
chr14	40223085	40423085	harbor1	chr14	40236656	40236995	LTR/ERVL-MaLR	1903	+	170	40236826	13741
chr14	40223085	40423085	harbor1	chr14	40255807	40256312	LTR/ERVL-MaLR	819	+	252	40256059	32974
chr14	40223085	40423085	harbor1	chr14	40260193	40261410	LTR/ERVL-MaLR	1180	+	608	40260801	37716
chr14	40223085	40423085	harbor1	chr14	40306769	40307137	LTR/ERVL-MaLR	1975	+	184	40306953	83868
chr14	40223085	40423085	harbor1	chr14	40307138	40308364	LTR/ERVL-MaLR	4568	+	613	40307751	84666
chr14	40223085	40423085	harbor1	chr14	40308365	40308728	LTR/ERVL-MaLR	1718	+	182	40308547	85462
chr14	40223085	40423085	harbor1	chr14	40313002	40313348	LTR/ERVL-MaLR	1648	+	173	40313175	90090
chr14	40223085	40423085	harbor1	chr14	40317471	40317818	LTR/ERVL-MaLR	2369	+	174	40317645	94560
chr14	40223085	40423085	harbor1	chr14	40318204	40318723	LTR/ERVL-MaLR	1159	+	260	40318464	95379
chr14	93944237	94144237	harbor1	chr14	93978119	93978255	LTR/ERVL-MaLR	577	+	68	93978187	33950
chr14	93944237	94144237	harbor1	chr14	93978309	93978500	LTR/ERVL-MaLR	421	+	96	93978405	34168
chr14	93944237	94144237	harbor1	chr14	94030639	94030808	LTR/ERVL-MaLR	801	+	84	94030723	86486
chr14	93944237	94144237	harbor1	chr14	94030839	94031049	LTR/ERVL-MaLR	1045	+	105	94030944	86707
chr14	57559874	57759874	harbor1	chr14	57608183	57608655	LTR/ERVL-MaLR	2339	+	236	57608419	48545
chr14	89554168	89754168	harbor1	chr14	89564636	89564818	LTR/ERVL-MaLR	2025	+	91	89564727	10559
chr14	89554168	89754168	harbor1	chr14	89565119	89565406	LTR/ERVL-MaLR	2025	+	144	89565263	11095
chr14	89554168	89754168	harbor1	chr14	89583214	89583530	LTR/ERVL-MaLR	1179	+	158	89583372	29204
chr14	89554168	89754168	harbor1	chr14	89587964	89588379	LTR/ERVL-MaLR	2912	+	208	89588172	34004
chr14	89554168	89754168	harbor1	chr14	89602988	89603417	LTR/ERVL-MaLR	980	+	214	89603202	49034
chr14	89554168	89754168	harbor1	chr14	89626506	89626897	LTR/ERVL-MaLR	2231	+	196	89626702	72534
chr14	56114935	56314935	harbor1	chr14	56154309	56154664	LTR/ERVL-MaLR	1900	+	178	56154487	39552
chr14	56114935	56314935	harbor1	chr14	56171134	56171510	LTR/ERVL-MaLR	1983	+	188	56171322	56387
chr14	56114935	56314935	harbor1	chr14	56174454	56174832	LTR/ERVL-MaLR	1823	+	189	56174643	59708
chr14	56114935	56314935	harbor1	chr14	56185898	56186526	LTR/ERVL-MaLR	2869	+	314	56186212	71277
chr14	78351073	78551073	harbor1	chr14	78380333	78380755	LTR/ERVL-MaLR	1435	+	211	78380544	29471
chr14	78351073	78551073	harbor1	chr14	78412099	78412457	LTR/ERVL-MaLR	711	+	179	78412278	61205
chr14	78351073	78551073	harbor1	chr14	78415641	78415994	LTR/ERVL-MaLR	1182	+	176	78415817	64744
chr14	78351073	78551073	harbor1	chr14	78433451	78433833	LTR/ERVL-MaLR	2076	+	191	78433642	82569
chr14	78351073	78551073	harbor1	chr14	78441620	78441807	LTR/ERVL-MaLR	670	+	94	78441714	90641
chr14	78351073	78551073	harbor1	chr14	78442305	78442570	LTR/ERVL-MaLR	1066	+	132	78442437	91364
chr14	78351073	78551073	harbor1	chr14	78413822	78414182	LTR/ERVL-MaLR	2667	+	180	78414002	62929
chr14	19244827	19444827	harbor1	chr14	19306489	19306786	LTR/ERVL-MaLR	1795	+	148	19306637	61810
chr14	100255432	100455432	harbor1	chr14	100257440	100257794	LTR/ERVL-MaLR	1691	+	177	100257617	2185
chr14	100255432	100455432	harbor1	chr14	100288831	100289265	LTR/ERVL-MaLR	1620	+	217	100289048	33616
chr14	100255432	100455432	harbor1	chr14	100310911	100310960	LTR/ERVL-MaLR	553	+	24	100310935	55503
chr14	100255432	100455432	harbor1	chr14	100311137	100311225	LTR/ERVL-MaLR	553	+	44	100311181	55749
chr14	100255432	100455432	harbor1	chr14	100315134	100315602	LTR/ERVL-MaLR	1690	+	234	100315368	59936
chr14	100255432	100455432	harbor1	chr14	100315909	100315968	LTR/ERVL-MaLR	1690	+	30	100315939	60507
chr14	54854988	55054988	harbor1	chr14	54894107	54894545	LTR/ERVL-MaLR	1605	+	219	54894326	39338
chr14	54854988	55054988	harbor1	chr14	54910756	54910988	LTR/ERVL-MaLR	444	+	116	54910872	55884
chr14	54355858	54555858	harbor1	chr14	54438729	54439141	LTR/ERVL-MaLR	1938	+	206	54438935	83077
chr14	89628980	89828980	harbor1	chr14	89655763	89656118	LTR/ERVL-MaLR	2401	+	178	89655941	26961
chr14	89628980	89828980	harbor1	chr14	89656247	89656490	LTR/ERVL-MaLR	1005	+	122	89656369	27389
chr14	89628980	89828980	harbor1	chr14	89656491	89656911	LTR/ERVL-MaLR	2921	+	210	89656701	27721
chr14	89628980	89828980	harbor1	chr14	89656912	89656976	LTR/ERVL-MaLR	1005	+	32	89656944	27964
chr14	89628980	89828980	harbor1	chr14	89665671	89666035	LTR/ERVL-MaLR	2482	+	182	89665853	36873
chr14	89628980	89828980	harbor1	chr14	89677964	89678327	LTR/ERVL-MaLR	2801	+	182	89678146	49166
chr14	89628980	89828980	harbor1	chr14	89697622	89697975	LTR/ERVL-MaLR	2453	+	176	89697798	68818
chr14	89628980	89828980	harbor1	chr14	89707478	89707804	LTR/ERVL-MaLR	1251	+	163	89707641	78661
chr14	89628980	89828980	harbor1	chr14	89720020	89720375	LTR/ERVL-MaLR	2174	+	178	89720198	91218
chr14	89628980	89828980	harbor1	chr14	89727510	89727907	LTR/ERVL-MaLR	1973	+	198	89727708	98728
chr14	98109503	98309503	harbor1	chr14	98118297	98118699	LTR/ERVL-MaLR	629	+	201	98118498	8995
chr14	98109503	98309503	harbor1	chr14	98119593	98119950	LTR/ERVL-MaLR	763	+	178	98119771	10268
chr14	98109503	98309503	harbor1	chr14	98122409	98122796	LTR/ERVL-MaLR	2207	+	194	98122603	13100
chr14	98109503	98309503	harbor1	chr14	98124104	98124468	LTR/ERVL-MaLR	1946	+	182	98124286	14783
chr14	43958480	44158480	harbor1	chr14	43991619	43991881	LTR/ERVL-MaLR	808	+	131	43991750	33270
chr14	43958480	44158480	harbor1	chr14	44004285	44004643	LTR/ERVL-MaLR	1508	+	179	44004464	45984
chr14	43958480	44158480	harbor1	chr14	44014202	44014518	LTR/ERVL-MaLR	2330	+	158	44014360	55880
chr14	43958480	44158480	harbor1	chr14	44014525	44014879	LTR/ERVL-MaLR	2040	+	177	44014702	56222
chr14	43958480	44158480	harbor1	chr14	44038607	44038958	LTR/ERVL-MaLR	1683	+	176	44038783	80303
chr14	43958480	44158480	harbor1	chr14	44038934	44039692	LTR/ERVL-MaLR	4919	+	379	44039313	80833
chr14	43958480	44158480	harbor1	chr14	44039693	44040039	LTR/ERVL-MaLR	1864	+	173	44039866	81386
chr14	43958480	44158480	harbor1	chr14	44041690	44042123	LTR/ERVL-MaLR	2207	+	216	44041906	83426
chr14	43958480	44158480	harbor1	chr14	44040040	44041682	LTR/ERVL-MaLR	6950	+	821	44040861	82381
chr14	65049969	65249969	harbor1	chr14	65085894	65086254	LTR/ERVL-MaLR	2358	+	180	65086074	36105
chr14	65049969	65249969	harbor1	chr14	65086260	65087826	LTR/ERVL-MaLR	11858	+	783	65087043	37074
chr14	65049969	65249969	harbor1	chr14	65087827	65088189	LTR/ERVL-MaLR	2421	+	181	65088008	38039
chr14	65049969	65249969	harbor1	chr14	65111420	65111640	LTR/ERVL-MaLR	1161	+	110	65111530	61561
chr14	53274795	53474795	harbor1	chr14	53309482	53309734	LTR/ERVL-MaLR	1855	+	126	53309608	34813
chr14	53274795	53474795	harbor1	chr14	53309735	53310036	LTR/ERVL-MaLR	1613	+	150	53309885	35090
chr14	53274795	53474795	harbor1	chr14	53326556	53326820	LTR/ERVL-MaLR	868	+	132	53326688	51893
chr14	53274795	53474795	harbor1	chr14	53326829	53327396	LTR/ERVL-MaLR	954	+	284	53327113	52318
chr14	53274795	53474795	harbor1	chr14	53329520	53329764	LTR/ERVL-MaLR	964	+	122	53329642	54847
chr14	53274795	53474795	harbor1	chr14	53331485	53331631	LTR/ERVL-MaLR	482	+	73	53331558	56763
chr14	53274795	53474795	harbor1	chr14	53332006	53332425	LTR/ERVL-MaLR	1177	+	210	53332216	57421
chr14	53274795	53474795	harbor1	chr14	53342903	53343178	LTR/ERVL-MaLR	570	+	138	53343041	68246
chr14	53274795	53474795	harbor1	chr14	53343479	53343559	LTR/ERVL-MaLR	570	+	40	53343519	68724
chr14	105216678	105416678	harbor1	chr14	105275718	105275919	LTR/ERVL-MaLR	783	+	100	105275818	59140
chr14	105216678	105416678	harbor1	chr14	105277619	105277716	LTR/ERVL-MaLR	425	+	48	105277667	60989
chr14	105216678	105416678	harbor1	chr14	105304607	105304627	LTR/ERVL-MaLR	1136	+	10	105304617	87939
chr14	105216678	105416678	harbor1	chr14	105304983	105305118	LTR/ERVL-MaLR	1136	+	68	105305051	88373
chr14	105216678	105416678	harbor1	chr14	105305433	105305620	LTR/ERVL-MaLR	1136	+	94	105305527	88849
chr14	68352781	68552781	harbor1	chr14	68425292	68425682	LTR/ERVL-MaLR	2009	+	195	68425487	72706
chr14	68352781	68552781	harbor1	chr14	68425685	68425935	LTR/ERVL-MaLR	1196	+	125	68425810	73029
chr14	68352781	68552781	harbor1	chr14	68426377	68427835	LTR/ERVL-MaLR	6281	+	729	68427106	74325
chr14	68352781	68552781	harbor1	chr14	68427836	68428214	LTR/ERVL-MaLR	1955	+	189	68428025	75244
chr14	68352781	68552781	harbor1	chr14	68446343	68446927	LTR/ERVL-MaLR	1291	+	292	68446635	93854
chr14	49010037	49210037	harbor1	chr14	49018325	49018639	LTR/ERVL-MaLR	605	+	157	49018482	8445
chr14	49010037	49210037	harbor1	chr14	49019773	49020321	LTR/ERVL-MaLR	1528	+	274	49020047	10010
chr14	49010037	49210037	harbor1	chr14	49025890	49026257	LTR/ERVL-MaLR	2237	+	184	49026074	16037
chr14	49010037	49210037	harbor1	chr14	49026258	49027820	LTR/ERVL-MaLR	11799	+	781	49027039	17002
chr14	49010037	49210037	harbor1	chr14	49027821	49028186	LTR/ERVL-MaLR	1977	+	182	49028003	17966
chr14	49010037	49210037	harbor1	chr14	49096157	49096492	LTR/ERVL-MaLR	870	+	168	49096325	86288
chr14	54172065	54372065	harbor1	chr14	54200912	54201303	LTR/ERVL-MaLR	863	+	196	54201108	29043
chr14	54172065	54372065	harbor1	chr14	54213012	54213570	LTR/ERVL-MaLR	1045	+	279	54213291	41226
chr14	54172065	54372065	harbor1	chr14	54266389	54266707	LTR/ERVL-MaLR	2318	+	159	54266548	94483
chr14	54172065	54372065	harbor1	chr14	54267013	54267080	LTR/ERVL-MaLR	2318	+	34	54267047	94982
chr14	99760514	99960514	harbor1	chr14	99762942	99763283	LTR/ERVL-MaLR	2278	+	170	99763112	2598
chr14	99760514	99960514	harbor1	chr14	99827176	99827305	LTR/ERVL-MaLR	752	+	64	99827240	66726
chr14	99760514	99960514	harbor1	chr14	99827474	99827837	LTR/ERVL-MaLR	1845	+	182	99827656	67142
chr14	36891476	37091476	harbor1	chr14	36911399	36911874	LTR/ERVL-MaLR	1053	+	238	36911637	20161
chr14	36891476	37091476	harbor1	chr14	36929745	36930240	LTR/ERVL-MaLR	820	+	248	36929993	38517
chr14	36891476	37091476	harbor1	chr14	36950253	36950627	LTR/ERVL-MaLR	1633	+	187	36950440	58964
chr14	36709619	36909619	harbor1	chr14	36739811	36740069	LTR/ERVL-MaLR	460	+	129	36739940	30321
chr14	36709619	36909619	harbor1	chr14	36752647	36752996	LTR/ERVL-MaLR	2428	+	174	36752821	43202
chr14	36709619	36909619	harbor1	chr14	36765002	36765481	LTR/ERVL-MaLR	865	+	240	36765242	55623
chr14	36709619	36909619	harbor1	chr14	36777362	36777830	LTR/ERVL-MaLR	1532	+	234	36777596	67977
chr14	58340777	58540777	harbor1	chr14	58416920	58417275	LTR/ERVL-MaLR	2582	+	178	58417098	76321
chr14	104887600	105087600	harbor1	chr14	104911287	104911577	LTR/ERVL-MaLR	873	+	145	104911432	23832
chr14	104887600	105087600	harbor1	chr14	104924293	104924672	LTR/ERVL-MaLR	625	+	190	104924483	36883
chr14	104887600	105087600	harbor1	chr14	104935488	104936062	LTR/ERVL-MaLR	1812	+	287	104935775	48175
chr14	75465146	75665146	harbor1	chr14	75496921	75497237	LTR/ERVL-MaLR	600	+	158	75497079	31933
chr14	75465146	75665146	harbor1	chr14	75516905	75517013	LTR/ERVL-MaLR	2306	+	54	75516959	51813
chr14	75465146	75665146	harbor1	chr14	75517257	75517307	LTR/ERVL-MaLR	2306	+	25	75517282	52136
chr14	75465146	75665146	harbor1	chr14	75517356	75517709	LTR/ERVL-MaLR	2306	+	176	75517532	52386
chr14	75465146	75665146	harbor1	chr14	75520192	75520659	LTR/ERVL-MaLR	1361	+	234	75520426	55280
chr14	75465146	75665146	harbor1	chr14	75552467	75552761	LTR/ERVL-MaLR	643	+	147	75552614	87468
chr14	43077792	43277792	harbor1	chr14	43083242	43083418	LTR/ERVL-MaLR	492	+	88	43083330	5538
chr14	43077792	43277792	harbor1	chr14	43132506	43132705	LTR/ERVL-MaLR	566	+	100	43132606	54814
chr14	43077792	43277792	harbor1	chr14	43140520	43140940	LTR/ERVL-MaLR	600	+	210	43140730	62938
chr14	43077792	43277792	harbor1	chr14	43161037	43161381	LTR/ERVL-MaLR	1091	+	172	43161209	83417
chr14	43077792	43277792	harbor1	chr14	43161860	43162253	LTR/ERVL-MaLR	1821	+	196	43162056	84264
chr14	50801765	51001765	harbor1	chr14	50819281	50819660	LTR/ERVL-MaLR	2233	+	190	50819471	17706
chr14	50801765	51001765	harbor1	chr14	50844959	50845212	LTR/ERVL-MaLR	795	+	126	50845085	43320
chr14	50801765	51001765	harbor1	chr14	50845240	50845602	LTR/ERVL-MaLR	725	+	181	50845421	43656
chr14	50801765	51001765	harbor1	chr14	50855453	50855798	LTR/ERVL-MaLR	1446	+	172	50855625	53860
chr14	60034637	60234637	harbor1	chr14	60072022	60072458	LTR/ERVL-MaLR	581	+	218	60072240	37603
chr14	60034637	60234637	harbor1	chr14	60079952	60080119	LTR/ERVL-MaLR	440	+	84	60080036	45399
chr14	60034637	60234637	harbor1	chr14	60108960	60109329	LTR/ERVL-MaLR	1503	+	184	60109144	74507
chr14	60034637	60234637	harbor1	chr14	60109330	60109427	LTR/ERVL-MaLR	656	+	48	60109378	74741
chr14	60034637	60234637	harbor1	chr14	60109741	60110844	LTR/ERVL-MaLR	2876	+	552	60110293	75656
chr14	60034637	60234637	harbor1	chr14	60110846	60111203	LTR/ERVL-MaLR	1463	+	178	60111024	76387
chr14	60034637	60234637	harbor1	chr14	60130912	60131217	LTR/ERVL-MaLR	1323	+	152	60131064	96427
chr14	102438758	102638758	harbor1	chr14	102524748	102524877	LTR/ERVL-MaLR	483	+	64	102524812	86054
chr14	47016503	47216503	harbor1	chr14	47031590	47032012	LTR/ERVL-MaLR	2510	+	211	47031801	15298
chr14	47016503	47216503	harbor1	chr14	47084556	47084946	LTR/ERVL-MaLR	1050	+	195	47084751	68248
chr14	47016503	47216503	harbor1	chr14	47090633	47091070	LTR/ERVL-MaLR	557	+	218	47090851	74348
chr14	47016503	47216503	harbor1	chr14	47091656	47091928	LTR/ERVL-MaLR	701	+	136	47091792	75289
chr14	82254737	82454737	harbor1	chr14	82254547	82254808	LTR/ERVL-MaLR	936	+	130	82254677	60
chr14	82254737	82454737	harbor1	chr14	82257460	82257967	LTR/ERVL-MaLR	2107	+	254	82257714	2977
chr14	82254737	82454737	harbor1	chr14	82276773	82276866	LTR/ERVL-MaLR	629	+	46	82276819	22082
chr14	82254737	82454737	harbor1	chr14	82277122	82278164	LTR/ERVL-MaLR	5568	+	521	82277643	22906
chr14	82254737	82454737	harbor1	chr14	82278165	82278591	LTR/ERVL-MaLR	2572	+	213	82278378	23641
chr14	82254737	82454737	harbor1	chr14	82308418	82308792	LTR/ERVL-MaLR	2326	+	187	82308605	53868
chr14	82254737	82454737	harbor1	chr14	82308793	82310332	LTR/ERVL-MaLR	9952	+	770	82309563	54826
chr14	82254737	82454737	harbor1	chr14	82310333	82310695	LTR/ERVL-MaLR	2118	+	181	82310514	55777
chr14	82254737	82454737	harbor1	chr14	82311495	82311905	LTR/ERVL-MaLR	1689	+	205	82311700	56963
chr14	82254737	82454737	harbor1	chr14	82316430	82316663	LTR/ERVL-MaLR	1048	+	116	82316546	61809
chr14	82254737	82454737	harbor1	chr14	82342023	82342429	LTR/ERVL-MaLR	2382	+	203	82342226	87489
chr14	82254737	82454737	harbor1	chr14	82329275	82329743	LTR/ERVL-MaLR	977	+	234	82329509	74772
chr14	85055988	85255988	harbor1	chr14	85056190	85056622	LTR/ERVL-MaLR	1496	+	216	85056406	418
chr14	85055988	85255988	harbor1	chr14	85070909	85071267	LTR/ERVL-MaLR	544	+	179	85071088	15100
chr14	85055988	85255988	harbor1	chr14	85071267	85071779	LTR/ERVL-MaLR	1555	+	256	85071523	15535
chr14	85055988	85255988	harbor1	chr14	85096057	85096510	LTR/ERVL-MaLR	570	+	226	85096283	40295
chr14	85055988	85255988	harbor1	chr14	85126018	85126298	LTR/ERVL-MaLR	951	+	140	85126158	70170
chr14	85055988	85255988	harbor1	chr14	85129032	85129338	LTR/ERVL-MaLR	588	+	153	85129185	73197
chr14	85055988	85255988	harbor1	chr14	85130556	85130803	LTR/ERVL-MaLR	425	+	124	85130680	74692
chr14	54877183	55077183	harbor1	chr14	54894107	54894545	LTR/ERVL-MaLR	1605	+	219	54894326	17143
chr14	54877183	55077183	harbor1	chr14	54910756	54910988	LTR/ERVL-MaLR	444	+	116	54910872	33689
chr14	43326571	43526571	harbor1	chr14	43331658	43332148	LTR/ERVL-MaLR	1385	+	245	43331903	5332
chr14	43326571	43526571	harbor1	chr14	43356703	43357112	LTR/ERVL-MaLR	1041	+	204	43356907	30336
chr14	43326571	43526571	harbor1	chr14	43388866	43389176	LTR/ERVL-MaLR	799	+	155	43389021	62450
chr14	43326571	43526571	harbor1	chr14	43389486	43389675	LTR/ERVL-MaLR	799	+	94	43389580	63009
chr14	43326571	43526571	harbor1	chr14	43394415	43394788	LTR/ERVL-MaLR	757	+	186	43394601	68030
chr14	78148357	78348357	harbor1	chr14	78198188	78198434	LTR/ERVL-MaLR	431	+	123	78198311	49954
chr14	78148357	78348357	harbor1	chr14	78233896	78234251	LTR/ERVL-MaLR	2580	+	178	78234074	85717
chr14	87110988	87310988	harbor1	chr14	87156977	87157357	LTR/ERVL-MaLR	2249	+	190	87157167	46179
chr14	87110988	87310988	harbor1	chr14	87168006	87168366	LTR/ERVL-MaLR	1566	+	180	87168186	57198
chr14	87110988	87310988	harbor1	chr14	87177295	87177699	LTR/ERVL-MaLR	2712	+	202	87177497	66509
chr14	87110988	87310988	harbor1	chr14	87193665	87194057	LTR/ERVL-MaLR	1321	+	196	87193861	82873
chr14	88552685	88752685	harbor1	chr14	88561252	88561393	LTR/ERVL-MaLR	430	+	70	88561322	8637
chr14	88552685	88752685	harbor1	chr14	88561493	88561624	LTR/ERVL-MaLR	1359	+	66	88561559	8874
chr14	88552685	88752685	harbor1	chr14	88561916	88562133	LTR/ERVL-MaLR	1359	+	108	88562024	9339
chr14	88552685	88752685	harbor1	chr14	88630808	88630992	LTR/ERVL-MaLR	550	+	92	88630900	78215
chr14	88552685	88752685	harbor1	chr14	88634023	88634393	LTR/ERVL-MaLR	1929	+	185	88634208	81523
chr14	88552685	88752685	harbor1	chr14	88635724	88636064	LTR/ERVL-MaLR	1502	+	170	88635894	83209
chr14	91172117	91372117	harbor1	chr14	91230494	91230677	LTR/ERVL-MaLR	775	+	92	91230586	58469
chr14	91172117	91372117	harbor1	chr14	91250864	91251371	LTR/ERVL-MaLR	1349	+	254	91251118	79001
chr14	91172117	91372117	harbor1	chr14	91251672	91251724	LTR/ERVL-MaLR	1349	+	26	91251698	79581
chr14	91172117	91372117	harbor1	chr14	91260449	91260491	LTR/ERVL-MaLR	1939	+	21	91260470	88353
chr14	91172117	91372117	harbor1	chr14	91260793	91261239	LTR/ERVL-MaLR	1939	+	223	91261016	88899
chr14	35461700	35661700	harbor1	chr14	35465075	35465392	LTR/ERVL-MaLR	2274	+	158	35465233	3533
chr14	35461700	35661700	harbor1	chr14	35465691	35465759	LTR/ERVL-MaLR	2274	+	34	35465725	4025
chr14	66887854	67087854	harbor1	chr14	66934357	66934837	LTR/ERVL-MaLR	481	+	240	66934597	46743
chr14	103682572	103882572	harbor1	chr14	103751523	103751870	LTR/ERVL-MaLR	1725	+	174	103751697	69125
chr14	23540240	23740240	harbor1	chr14	23601463	23601789	LTR/ERVL-MaLR	1866	+	163	23601626	61386
chr14	23540240	23740240	harbor1	chr14	23609825	23609922	LTR/ERVL-MaLR	754	+	48	23609873	69633
chr14	23540240	23740240	harbor1	chr14	23634714	23635066	LTR/ERVL-MaLR	2339	+	176	23634890	94650
chr14	23540240	23740240	harbor1	chr14	23635354	23635394	LTR/ERVL-MaLR	2339	+	20	23635374	95134
chr14	94629501	94829501	harbor1	chr14	94656024	94656298	LTR/ERVL-MaLR	871	+	137	94656161	26660
chr14	94629501	94829501	harbor1	chr14	94663225	94663386	LTR/ERVL-MaLR	909	+	80	94663305	33804
chr14	94629501	94829501	harbor1	chr14	94677719	94677922	LTR/ERVL-MaLR	542	+	102	94677821	48320
chr14	94629501	94829501	harbor1	chr14	94678081	94678233	LTR/ERVL-MaLR	496	+	76	94678157	48656
chr14	94629501	94829501	harbor1	chr14	94678550	94679078	LTR/ERVL-MaLR	1066	+	264	94678814	49313
chr14	94629501	94829501	harbor1	chr14	94693235	94693563	LTR/ERVL-MaLR	2146	+	164	94693399	63898
chr14	94629501	94829501	harbor1	chr14	94693881	94693921	LTR/ERVL-MaLR	2146	+	20	94693901	64400
chr14	56767225	56967225	harbor1	chr14	56769827	56770357	LTR/ERVL-MaLR	441	+	265	56770092	2867
chr14	56767225	56967225	harbor1	chr14	56823779	56824144	LTR/ERVL-MaLR	2028	+	182	56823961	56736
chr14	27003425	27203425	harbor1	chr14	27009556	27009974	LTR/ERVL-MaLR	1616	+	209	27009765	6340
chr14	27003425	27203425	harbor1	chr14	27011357	27011883	LTR/ERVL-MaLR	1014	+	263	27011620	8195
chr14	27003425	27203425	harbor1	chr14	27032853	27033196	LTR/ERVL-MaLR	1478	+	172	27033025	29600
chr14	27003425	27203425	harbor1	chr14	27049443	27049824	LTR/ERVL-MaLR	675	+	190	27049633	46208
chr14	27003425	27203425	harbor1	chr14	27058132	27058485	LTR/ERVL-MaLR	1347	+	176	27058308	54883
chr14	27003425	27203425	harbor1	chr14	27058792	27059182	LTR/ERVL-MaLR	1248	+	195	27058987	55562
chr14	27003425	27203425	harbor1	chr14	27089347	27089926	LTR/ERVL-MaLR	1239	+	290	27089637	86212
chr15	39807874	40007874	harbor1	chr15	39821842	39822301	LTR/ERVL-MaLR	2373	+	230	39822072	14198
chr15	39807874	40007874	harbor1	chr15	39823926	39824339	LTR/ERVL-MaLR	2669	+	206	39824132	16258
chr15	39807874	40007874	harbor1	chr15	39836207	39836598	LTR/ERVL-MaLR	2178	+	196	39836403	28529
chr15	39807874	40007874	harbor1	chr15	39841300	39841776	LTR/ERVL-MaLR	1843	+	238	39841538	33664
chr15	39807874	40007874	harbor1	chr15	39842492	39842817	LTR/ERVL-MaLR	1762	+	162	39842654	34780
chr15	39807874	40007874	harbor1	chr15	39870585	39871117	LTR/ERVL-MaLR	1927	+	266	39870851	62977
chr15	39807874	40007874	harbor1	chr15	39892444	39892907	LTR/ERVL-MaLR	1678	+	232	39892676	84802
chr15	33641088	33841088	harbor1	chr15	33675961	33676427	LTR/ERVL-MaLR	1641	+	233	33676194	35106
chr15	33641088	33841088	harbor1	chr15	33678188	33678572	LTR/ERVL-MaLR	2088	+	192	33678380	37292
chr15	33641088	33841088	harbor1	chr15	33709447	33709805	LTR/ERVL-MaLR	1630	+	179	33709626	68538
chr15	33641088	33841088	harbor1	chr15	33715899	33716288	LTR/ERVL-MaLR	2083	+	194	33716093	75005
chr15	33641088	33841088	harbor1	chr15	33720958	33721476	LTR/ERVL-MaLR	2447	+	259	33721217	80129
chr15	101782193	101982193	harbor1	chr15	101794150	101794386	LTR/ERVL-MaLR	805	+	118	101794268	12075
chr15	101782193	101982193	harbor1	chr15	101801920	101802386	LTR/ERVL-MaLR	1171	+	233	101802153	19960
chr15	101782193	101982193	harbor1	chr15	101807254	101807625	LTR/ERVL-MaLR	2285	+	186	101807440	25247
chr15	101782193	101982193	harbor1	chr15	101816093	101816561	LTR/ERVL-MaLR	1565	+	234	101816327	34134
chr15	101782193	101982193	harbor1	chr15	101857159	101857540	LTR/ERVL-MaLR	1979	+	190	101857349	75156
chr15	101782193	101982193	harbor1	chr15	101861872	101862231	LTR/ERVL-MaLR	1974	+	180	101862052	79859
chr15	101782193	101982193	harbor1	chr15	101862232	101863803	LTR/ERVL-MaLR	10842	+	786	101863018	80825
chr15	101782193	101982193	harbor1	chr15	101863804	101864161	LTR/ERVL-MaLR	1805	+	178	101863982	81789
chr15	93697932	93897932	harbor1	chr15	93700477	93700656	LTR/ERVL-MaLR	599	+	90	93700567	2635
chr15	93697932	93897932	harbor1	chr15	93700673	93701781	LTR/ERVL-MaLR	910	+	554	93701227	3295
chr15	93697932	93897932	harbor1	chr15	93703697	93703899	LTR/ERVL-MaLR	701	+	101	93703798	5866
chr15	93697932	93897932	harbor1	chr15	93703890	93703978	LTR/ERVL-MaLR	930	+	44	93703934	6002
chr15	93697932	93897932	harbor1	chr15	93704571	93704761	LTR/ERVL-MaLR	930	+	95	93704666	6734
chr15	67267631	67467631	harbor1	chr15	67270445	67270844	LTR/ERVL-MaLR	2083	+	200	67270645	3014
chr15	67267631	67467631	harbor1	chr15	67291926	67292261	LTR/ERVL-MaLR	1822	+	168	67292094	24463
chr15	67267631	67467631	harbor1	chr15	67292549	67292581	LTR/ERVL-MaLR	1822	+	16	67292565	24934
chr15	67267631	67467631	harbor1	chr15	67294297	67294752	LTR/ERVL-MaLR	601	+	228	67294525	26894
chr15	67267631	67467631	harbor1	chr15	67295213	67295726	LTR/ERVL-MaLR	1305	+	256	67295469	27838
chr15	61023704	61223704	harbor1	chr15	61045075	61045417	LTR/ERVL-MaLR	2525	+	171	61045246	21542
chr15	61023704	61223704	harbor1	chr15	61104763	61105108	LTR/ERVL-MaLR	1821	+	172	61104935	81231
chr15	91169839	91369839	harbor1	chr15	91194973	91195121	LTR/ERVL-MaLR	593	+	74	91195047	25208
chr15	52886198	53086198	harbor1	chr15	52969315	52969819	LTR/ERVL-MaLR	2397	+	252	52969567	83369
chr15	25837206	26037206	harbor1	chr15	25856124	25856479	LTR/ERVL-MaLR	2277	+	178	25856302	19096
chr15	25837206	26037206	harbor1	chr15	25901532	25901826	LTR/ERVL-MaLR	1258	+	147	25901679	64473
chr15	25837206	26037206	harbor1	chr15	25901992	25902286	LTR/ERVL-MaLR	1070	+	147	25902139	64933
chr15	25837206	26037206	harbor1	chr15	25915460	25915823	LTR/ERVL-MaLR	2268	+	182	25915642	78436
chr15	25837206	26037206	harbor1	chr15	25936743	25937141	LTR/ERVL-MaLR	2176	+	199	25936942	99736
chr15	32828153	33028153	harbor1	chr15	32842039	32842488	LTR/ERVL-MaLR	503	+	224	32842263	14110
chr15	22894596	23094596	harbor1	chr15	22899362	22899716	LTR/ERVL-MaLR	2159	+	177	22899539	4943
chr15	22894596	23094596	harbor1	chr15	22899730	22899767	LTR/ERVL-MaLR	1132	+	18	22899748	5152
chr15	22894596	23094596	harbor1	chr15	22900048	22900390	LTR/ERVL-MaLR	1132	+	171	22900219	5623
chr15	22894596	23094596	harbor1	chr15	22940236	22940724	LTR/ERVL-MaLR	827	+	244	22940480	45884
chr15	22894596	23094596	harbor1	chr15	22954183	22954348	LTR/ERVL-MaLR	698	+	82	22954265	59669
chr15	22894596	23094596	harbor1	chr15	22965904	22966066	LTR/ERVL-MaLR	2112	+	81	22965985	71389
chr15	22894596	23094596	harbor1	chr15	22966395	22966610	LTR/ERVL-MaLR	2112	+	108	22966503	71907
chr15	22894596	23094596	harbor1	chr15	22987492	22987614	LTR/ERVL-MaLR	1535	+	61	22987553	92957
chr15	22894596	23094596	harbor1	chr15	22987924	22988138	LTR/ERVL-MaLR	1535	+	107	22988031	93435
chr15	22894596	23094596	harbor1	chr15	22990584	22990714	LTR/ERVL-MaLR	699	+	65	22990649	96053
chr15	22894596	23094596	harbor1	chr15	22990715	22991074	LTR/ERVL-MaLR	730	+	180	22990895	96299
chr15	22894596	23094596	harbor1	chr15	22992556	22993108	LTR/ERVL-MaLR	2435	+	276	22992832	98236
chr15	22894596	23094596	harbor1	chr15	22993975	22994085	LTR/ERVL-MaLR	2435	+	55	22994030	99434
chr15	72036199	72236199	harbor1	chr15	72038655	72038847	LTR/ERVL-MaLR	574	+	96	72038751	2552
chr15	72036199	72236199	harbor1	chr15	72057401	72057934	LTR/ERVL-MaLR	891	+	266	72057667	21468
chr15	72036199	72236199	harbor1	chr15	72087851	72088229	LTR/ERVL-MaLR	1776	+	189	72088040	51841
chr15	72036199	72236199	harbor1	chr15	72098048	72098300	LTR/ERVL-MaLR	573	+	126	72098174	61975
chr15	72036199	72236199	harbor1	chr15	72098315	72098427	LTR/ERVL-MaLR	471	+	56	72098371	62172
chr15	49688648	49888648	harbor1	chr15	49721419	49721632	LTR/ERVL-MaLR	818	+	106	49721525	32877
chr15	49688648	49888648	harbor1	chr15	49727363	49727714	LTR/ERVL-MaLR	2066	+	176	49727539	38891
chr15	31262083	31462083	harbor1	chr15	31313656	31314192	LTR/ERVL-MaLR	2213	+	268	31313924	51841
chr15	31262083	31462083	harbor1	chr15	31320601	31320673	LTR/ERVL-MaLR	874	+	36	31320637	58554
chr15	31262083	31462083	harbor1	chr15	31321364	31321639	LTR/ERVL-MaLR	874	+	138	31321502	59419
chr15	31262083	31462083	harbor1	chr15	31322110	31322428	LTR/ERVL-MaLR	914	+	159	31322269	60186
chr15	64039475	64239475	harbor1	chr15	64106477	64106960	LTR/ERVL-MaLR	1872	+	242	64106719	67244
chr15	29624672	29824672	harbor1	chr15	29626230	29626581	LTR/ERVL-MaLR	2339	+	176	29626406	1734
chr15	29624672	29824672	harbor1	chr15	29653397	29653772	LTR/ERVL-MaLR	2556	+	188	29653585	28913
chr15	29624672	29824672	harbor1	chr15	29658058	29658439	LTR/ERVL-MaLR	2407	+	190	29658248	33576
chr15	29624672	29824672	harbor1	chr15	29660210	29660539	LTR/ERVL-MaLR	1271	+	164	29660374	35702
chr15	29624672	29824672	harbor1	chr15	29669238	29669577	LTR/ERVL-MaLR	2219	+	170	29669408	44736
chr15	29624672	29824672	harbor1	chr15	29695533	29695835	LTR/ERVL-MaLR	762	+	151	29695684	71012
chr15	29624672	29824672	harbor1	chr15	29715637	29715759	LTR/ERVL-MaLR	498	+	61	29715698	91026
chr15	29624672	29824672	harbor1	chr15	29721189	29721572	LTR/ERVL-MaLR	2281	+	192	29721381	96709
chr15	29624672	29824672	harbor1	chr15	29721575	29723203	LTR/ERVL-MaLR	11126	+	814	29722389	97717
chr15	29624672	29824672	harbor1	chr15	29723204	29723584	LTR/ERVL-MaLR	2022	+	190	29723394	98722
chr15	61209020	61409020	harbor1	chr15	61209518	61209615	LTR/ERVL-MaLR	606	+	48	61209566	546
chr15	61209020	61409020	harbor1	chr15	61209600	61209688	LTR/ERVL-MaLR	587	+	44	61209644	624
chr15	61209020	61409020	harbor1	chr15	61287626	61287992	LTR/ERVL-MaLR	2423	+	183	61287809	78789
chr15	61209020	61409020	harbor1	chr15	61305435	61305725	LTR/ERVL-MaLR	665	+	145	61305580	96560
chr15	30369470	30569470	harbor1	chr15	30369672	30370085	LTR/ERVL-MaLR	1850	+	206	30369878	408
chr15	30369470	30569470	harbor1	chr15	30418177	30418697	LTR/ERVL-MaLR	513	+	260	30418437	48967
chr15	30369470	30569470	harbor1	chr15	30443002	30443414	LTR/ERVL-MaLR	1286	+	206	30443208	73738
chr15	30369470	30569470	harbor1	chr15	30446797	30447043	LTR/ERVL-MaLR	1553	+	123	30446920	77450
chr15	30369470	30569470	harbor1	chr15	30460667	30461023	LTR/ERVL-MaLR	1630	+	178	30460845	91375
chr15	30369470	30569470	harbor1	chr15	30461285	30461535	LTR/ERVL-MaLR	764	+	125	30461410	91940
chr15	46632857	46832857	harbor1	chr15	46690525	46690688	LTR/ERVL-MaLR	1061	+	82	46690607	57750
chr15	46632857	46832857	harbor1	chr15	46690735	46690907	LTR/ERVL-MaLR	1061	+	86	46690821	57964
chr15	46632857	46832857	harbor1	chr15	46703899	46704306	LTR/ERVL-MaLR	2101	+	204	46704103	71246
chr15	46632857	46832857	harbor1	chr15	46706296	46706588	LTR/ERVL-MaLR	1259	+	146	46706442	73585
chr15	58042215	58242215	harbor1	chr15	58079868	58080028	LTR/ERVL-MaLR	564	+	80	58079948	37733
chr15	58042215	58242215	harbor1	chr15	58091769	58092016	LTR/ERVL-MaLR	525	+	124	58091893	49678
chr15	58042215	58242215	harbor1	chr15	58111714	58112153	LTR/ERVL-MaLR	1859	+	220	58111934	69719
chr15	70010239	70210239	harbor1	chr15	70021166	70021633	LTR/ERVL-MaLR	1026	+	234	70021400	11161
chr15	26215569	26415569	harbor1	chr15	26215626	26216081	LTR/ERVL-MaLR	1861	+	228	26215854	285
chr15	26215569	26415569	harbor1	chr15	26219885	26220256	LTR/ERVL-MaLR	2699	+	186	26220071	4502
chr15	26215569	26415569	harbor1	chr15	26236750	26237052	LTR/ERVL-MaLR	1687	+	151	26236901	21332
chr15	26215569	26415569	harbor1	chr15	26240697	26240880	LTR/ERVL-MaLR	2406	+	92	26240789	25220
chr15	26215569	26415569	harbor1	chr15	26241185	26241453	LTR/ERVL-MaLR	2406	+	134	26241319	25750
chr15	26215569	26415569	harbor1	chr15	26242267	26242827	LTR/ERVL-MaLR	1367	+	280	26242547	26978
chr15	26215569	26415569	harbor1	chr15	26269416	26270001	LTR/ERVL-MaLR	1018	+	292	26269708	54139
chr15	26215569	26415569	harbor1	chr15	26274684	26274900	LTR/ERVL-MaLR	664	+	108	26274792	59223
chr15	26215569	26415569	harbor1	chr15	26292707	26293079	LTR/ERVL-MaLR	1528	+	186	26292893	77324
chr15	26215569	26415569	harbor1	chr15	26305709	26306929	LTR/ERVL-MaLR	7755	+	610	26306319	90750
chr15	26215569	26415569	harbor1	chr15	26306930	26307160	LTR/ERVL-MaLR	1199	+	115	26307045	91476
chr15	26215569	26415569	harbor1	chr15	26313196	26313629	LTR/ERVL-MaLR	985	+	216	26313412	97843
chr15	96836054	97036054	harbor1	chr15	96911450	96911641	LTR/ERVL-MaLR	2055	+	96	96911546	75492
chr15	96836054	97036054	harbor1	chr15	96911947	96912165	LTR/ERVL-MaLR	2055	+	109	96912056	76002
chr15	96836054	97036054	harbor1	chr15	96923115	96923327	LTR/ERVL-MaLR	580	+	106	96923221	87167
chr15	96836054	97036054	harbor1	chr15	96932491	96932674	LTR/ERVL-MaLR	437	+	92	96932583	96529
chr15	96836054	97036054	harbor1	chr15	96932699	96932950	LTR/ERVL-MaLR	640	+	126	96932825	96771
chr15	45379160	45579160	harbor1	chr15	45399320	45399675	LTR/ERVL-MaLR	2039	+	178	45399498	20338
chr15	45379160	45579160	harbor1	chr15	45466140	45466292	LTR/ERVL-MaLR	1301	+	76	45466216	87056
chr15	45379160	45579160	harbor1	chr15	45466620	45466685	LTR/ERVL-MaLR	1301	+	32	45466652	87492
chr15	32860486	33060486	harbor1	chr15	32944930	32945083	LTR/ERVL-MaLR	618	+	76	32945006	84520
chr15	40462636	40662636	harbor1	chr15	40527497	40527926	LTR/ERVL-MaLR	2753	+	214	40527711	65075
chr15	40462636	40662636	harbor1	chr15	40529961	40530009	LTR/ERVL-MaLR	2266	+	24	40529985	67349
chr15	40462636	40662636	harbor1	chr15	40530311	40530464	LTR/ERVL-MaLR	2266	+	76	40530387	67751
chr15	40462636	40662636	harbor1	chr15	40530505	40530722	LTR/ERVL-MaLR	2266	+	108	40530613	67977
chr15	40462636	40662636	harbor1	chr15	40531010	40531047	LTR/ERVL-MaLR	2266	+	18	40531028	68392
chr15	95403544	95603544	harbor1	chr15	95427199	95427471	LTR/ERVL-MaLR	504	+	136	95427335	23791
chr15	86265597	86465597	harbor1	chr15	86285338	86285687	LTR/ERVL-MaLR	2492	+	174	86285512	19915
chr15	86265597	86465597	harbor1	chr15	86292067	86292554	LTR/ERVL-MaLR	2385	+	244	86292311	26714
chr15	86265597	86465597	harbor1	chr15	86308220	86308532	LTR/ERVL-MaLR	1317	+	156	86308376	42779
chr15	86265597	86465597	harbor1	chr15	86340318	86340709	LTR/ERVL-MaLR	946	+	196	86340514	74917
chr15	86265597	86465597	harbor1	chr15	86348840	86349285	LTR/ERVL-MaLR	1157	+	222	86349062	83465
chr15	86265597	86465597	harbor1	chr15	86354666	86355223	LTR/ERVL-MaLR	1785	+	278	86354944	89347
chr15	47804796	48004796	harbor1	chr15	47819017	47819549	LTR/ERVL-MaLR	2495	+	266	47819283	14487
chr15	47804796	48004796	harbor1	chr15	47823423	47823780	LTR/ERVL-MaLR	1860	+	178	47823601	18805
chr15	47804796	48004796	harbor1	chr15	47825459	47825885	LTR/ERVL-MaLR	2377	+	213	47825672	20876
chr15	47804796	48004796	harbor1	chr15	47829866	47830247	LTR/ERVL-MaLR	729	+	190	47830056	25260
chr15	47804796	48004796	harbor1	chr15	47840234	47840687	LTR/ERVL-MaLR	1688	+	226	47840460	35664
chr15	47804796	48004796	harbor1	chr15	47842629	47842981	LTR/ERVL-MaLR	1808	+	176	47842805	38009
chr15	47804796	48004796	harbor1	chr15	47849506	47849849	LTR/ERVL-MaLR	1380	+	172	47849678	44882
chr15	47804796	48004796	harbor1	chr15	47854033	47854483	LTR/ERVL-MaLR	558	+	225	47854258	49462
chr15	47804796	48004796	harbor1	chr15	47862818	47863249	LTR/ERVL-MaLR	739	+	216	47863034	58238
chr15	47804796	48004796	harbor1	chr15	47864211	47864573	LTR/ERVL-MaLR	2068	+	181	47864392	59596
chr15	47804796	48004796	harbor1	chr15	47865320	47865767	LTR/ERVL-MaLR	1370	+	224	47865544	60748
chr15	47804796	48004796	harbor1	chr15	47869678	47869922	LTR/ERVL-MaLR	1269	+	122	47869800	65004
chr15	47804796	48004796	harbor1	chr15	47870025	47870405	LTR/ERVL-MaLR	1941	+	190	47870215	65419
chr15	96595426	96795426	harbor1	chr15	96662137	96662344	LTR/ERVL-MaLR	705	+	104	96662241	66815
chr15	96595426	96795426	harbor1	chr15	96663637	96663832	LTR/ERVL-MaLR	1410	+	98	96663735	68309
chr15	96595426	96795426	harbor1	chr15	96664069	96664285	LTR/ERVL-MaLR	1139	+	108	96664177	68751
chr15	96595426	96795426	harbor1	chr15	96667984	96668053	LTR/ERVL-MaLR	858	+	34	96668018	72592
chr15	96595426	96795426	harbor1	chr15	96668368	96668540	LTR/ERVL-MaLR	858	+	86	96668454	73028
chr15	96595426	96795426	harbor1	chr15	96682372	96682895	LTR/ERVL-MaLR	2538	+	262	96682634	87208
chr15	86911759	87111759	harbor1	chr15	86927741	86927923	LTR/ERVL-MaLR	532	+	91	86927832	16073
chr15	86911759	87111759	harbor1	chr15	86971738	86972118	LTR/ERVL-MaLR	2135	+	190	86971928	60169
chr15	86911759	87111759	harbor1	chr15	86998081	86998632	LTR/ERVL-MaLR	1414	+	276	86998357	86598
chr15	86911759	87111759	harbor1	chr15	87008186	87008530	LTR/ERVL-MaLR	2019	+	172	87008358	96599
chr15	86911759	87111759	harbor1	chr15	87008531	87010098	LTR/ERVL-MaLR	11458	+	784	87009315	97556
chr15	86911759	87111759	harbor1	chr15	87010099	87010446	LTR/ERVL-MaLR	2092	+	174	87010273	98514
chr15	86911759	87111759	harbor1	chr15	87010973	87011359	LTR/ERVL-MaLR	878	+	193	87011166	99407
chr15	36286259	36486259	harbor1	chr15	36292340	36292648	LTR/ERVL-MaLR	448	+	154	36292494	6235
chr15	36286259	36486259	harbor1	chr15	36308015	36308209	LTR/ERVL-MaLR	538	+	97	36308112	21853
chr15	36286259	36486259	harbor1	chr15	36323906	36324478	LTR/ERVL-MaLR	809	+	286	36324192	37933
chr15	36286259	36486259	harbor1	chr15	36325225	36325718	LTR/ERVL-MaLR	2126	+	246	36325471	39212
chr15	36286259	36486259	harbor1	chr15	36344954	36345711	LTR/ERVL-MaLR	3044	+	378	36345332	59073
chr15	36286259	36486259	harbor1	chr15	36345712	36346042	LTR/ERVL-MaLR	1334	+	165	36345877	59618
chr15	36286259	36486259	harbor1	chr15	36378767	36379131	LTR/ERVL-MaLR	2612	+	182	36378949	92690
chr15	68399907	68599907	harbor1	chr15	68403260	68403619	LTR/ERVL-MaLR	2241	+	180	68403440	3533
chr15	68399907	68599907	harbor1	chr15	68411668	68412146	LTR/ERVL-MaLR	800	+	239	68411907	12000
chr15	68399907	68599907	harbor1	chr15	68476672	68477060	LTR/ERVL-MaLR	1953	+	194	68476866	76959
chr15	26646883	26846883	harbor1	chr15	26649123	26649531	LTR/ERVL-MaLR	1708	+	204	26649327	2444
chr15	26646883	26846883	harbor1	chr15	26709160	26709497	LTR/ERVL-MaLR	1916	+	168	26709328	62445
chr15	26646883	26846883	harbor1	chr15	26709817	26709883	LTR/ERVL-MaLR	1916	+	33	26709850	62967
chr15	55067203	55267203	harbor1	chr15	55084684	55085311	LTR/ERVL-MaLR	4543	+	314	55084998	17795
chr15	55067203	55267203	harbor1	chr15	55085312	55085675	LTR/ERVL-MaLR	2851	+	182	55085494	18291
chr15	55067203	55267203	harbor1	chr15	55087691	55088089	LTR/ERVL-MaLR	1140	+	199	55087890	20687
chr15	55067203	55267203	harbor1	chr15	55106236	55106629	LTR/ERVL-MaLR	2232	+	196	55106432	39229
chr15	55067203	55267203	harbor1	chr15	55106630	55107365	LTR/ERVL-MaLR	4077	+	368	55106998	39795
chr15	55067203	55267203	harbor1	chr15	55142192	55142558	LTR/ERVL-MaLR	2016	+	183	55142375	75172
chr15	55067203	55267203	harbor1	chr15	55150405	55150906	LTR/ERVL-MaLR	2376	+	250	55150655	83452
chr15	49141211	49341211	harbor1	chr15	49162500	49162980	LTR/ERVL-MaLR	596	+	240	49162740	21529
chr15	49141211	49341211	harbor1	chr15	49200353	49200776	LTR/ERVL-MaLR	1496	+	212	49200565	59354
chr15	49141211	49341211	harbor1	chr15	49219138	49219506	LTR/ERVL-MaLR	2471	+	184	49219322	78111
chr15	93593913	93793913	harbor1	chr15	93596357	93596465	LTR/ERVL-MaLR	903	+	54	93596411	2498
chr15	93593913	93793913	harbor1	chr15	93596767	93596957	LTR/ERVL-MaLR	903	+	95	93596862	2949
chr15	93593913	93793913	harbor1	chr15	93597439	93597618	LTR/ERVL-MaLR	744	+	90	93597529	3616
chr15	93593913	93793913	harbor1	chr15	93597642	93597887	LTR/ERVL-MaLR	737	+	122	93597764	3851
chr15	93593913	93793913	harbor1	chr15	93655075	93655430	LTR/ERVL-MaLR	2580	+	178	93655253	61340
chr15	93593913	93793913	harbor1	chr15	93690199	93690639	LTR/ERVL-MaLR	1880	+	220	93690419	96506
chr15	93593913	93793913	harbor1	chr15	93690742	93691088	LTR/ERVL-MaLR	942	+	173	93690915	97002
chr15	51964115	52164115	harbor1	chr15	52000999	52001355	LTR/ERVL-MaLR	1765	+	178	52001177	37062
chr15	51964115	52164115	harbor1	chr15	52038303	52038521	LTR/ERVL-MaLR	574	+	109	52038412	74297
chr15	79910115	80110115	harbor1	chr15	79988004	79988160	LTR/ERVL-MaLR	506	+	78	79988082	77967
chr15	32325787	32525787	harbor1	chr15	32338586	32338931	LTR/ERVL-MaLR	1469	+	172	32338758	12971
chr15	30790215	30990215	harbor1	chr15	30872486	30872872	LTR/ERVL-MaLR	2245	+	193	30872679	82464
chr15	30790215	30990215	harbor1	chr15	30878021	30878422	LTR/ERVL-MaLR	1445	+	200	30878221	88006
chr15	30790215	30990215	harbor1	chr15	30878499	30878727	LTR/ERVL-MaLR	1217	+	114	30878613	88398
chr15	30790215	30990215	harbor1	chr15	30885640	30885958	LTR/ERVL-MaLR	973	+	159	30885799	95584
chr15	30790215	30990215	harbor1	chr15	30886082	30886343	LTR/ERVL-MaLR	1012	+	130	30886212	95997
chr15	31697797	31897797	harbor1	chr15	31725243	31725584	LTR/ERVL-MaLR	488	+	170	31725413	27616
chr15	31697797	31897797	harbor1	chr15	31725585	31725951	LTR/ERVL-MaLR	814	+	183	31725768	27971
chr15	31697797	31897797	harbor1	chr15	31729954	31730295	LTR/ERVL-MaLR	1605	+	170	31730124	32327
chr15	31697797	31897797	harbor1	chr15	31781025	31781480	LTR/ERVL-MaLR	1277	+	228	31781253	83456
chr15	31697797	31897797	harbor1	chr15	31785882	31786274	LTR/ERVL-MaLR	2516	+	196	31786078	88281
chr15	71034183	71234183	harbor1	chr15	71040285	71040537	LTR/ERVL-MaLR	2619	+	126	71040411	6228
chr15	71034183	71234183	harbor1	chr15	71068306	71068664	LTR/ERVL-MaLR	2128	+	179	71068485	34302
chr15	71034183	71234183	harbor1	chr15	71076561	71076947	LTR/ERVL-MaLR	2062	+	193	71076754	42571
chr15	71034183	71234183	harbor1	chr15	71100102	71100647	LTR/ERVL-MaLR	1718	+	272	71100374	66191
chr15	71034183	71234183	harbor1	chr15	71131651	71132062	LTR/ERVL-MaLR	1048	+	206	71131857	97674
chr15	71034183	71234183	harbor1	chr15	71040840	71041234	LTR/ERVL-MaLR	2619	+	197	71041037	6854
chr15	100135993	100335993	harbor1	chr15	100201149	100201516	LTR/ERVL-MaLR	2269	+	184	100201333	65340
chr15	100135993	100335993	harbor1	chr15	100207017	100207423	LTR/ERVL-MaLR	1171	+	203	100207220	71227
chr15	58597968	58797968	harbor1	chr15	58630848	58631283	LTR/ERVL-MaLR	2106	+	218	58631066	33098
chr15	28147447	28347447	harbor1	chr15	28199962	28200118	LTR/ERVL-MaLR	1147	+	78	28200040	52593
chr15	28147447	28347447	harbor1	chr15	28200416	28200573	LTR/ERVL-MaLR	1147	+	78	28200494	53047
chr15	28147447	28347447	harbor1	chr15	28217600	28217985	LTR/ERVL-MaLR	845	+	192	28217792	70345
chr15	28147447	28347447	harbor1	chr15	28217986	28218397	LTR/ERVL-MaLR	1478	+	206	28218192	70745
chr15	66634386	66834386	harbor1	chr15	66642934	66643133	LTR/ERVL-MaLR	2156	+	100	66643034	8648
chr15	66634386	66834386	harbor1	chr15	66643479	66643564	LTR/ERVL-MaLR	2156	+	42	66643521	9135
chr15	66634386	66834386	harbor1	chr15	66643877	66643997	LTR/ERVL-MaLR	2156	+	60	66643937	9551
chr15	66634386	66834386	harbor1	chr15	66667848	66668294	LTR/ERVL-MaLR	2061	+	223	66668071	33685
chr15	66634386	66834386	harbor1	chr15	66668612	66668708	LTR/ERVL-MaLR	2061	+	48	66668660	34274
chr15	66634386	66834386	harbor1	chr15	66681308	66681828	LTR/ERVL-MaLR	2200	+	260	66681568	47182
chr15	66634386	66834386	harbor1	chr15	66682290	66682530	LTR/ERVL-MaLR	1140	+	120	66682410	48024
chr15	66634386	66834386	harbor1	chr15	66683041	66683283	LTR/ERVL-MaLR	1140	+	121	66683162	48776
chr15	66634386	66834386	harbor1	chr15	66684351	66684705	LTR/ERVL-MaLR	1085	+	177	66684528	50142
chr15	66634386	66834386	harbor1	chr15	66682531	66683040	LTR/ERVL-MaLR	2143	+	254	66682785	48399
chr15	70377454	70577454	harbor1	chr15	70381530	70381959	LTR/ERVL-MaLR	2054	+	214	70381744	4290
chr15	70377454	70577454	harbor1	chr15	70382141	70382242	LTR/ERVL-MaLR	659	+	50	70382191	4737
chr15	70377454	70577454	harbor1	chr15	70403899	70404485	LTR/ERVL-MaLR	561	+	293	70404192	26738
chr15	70377454	70577454	harbor1	chr15	70404547	70404693	LTR/ERVL-MaLR	1288	+	73	70404620	27166
chr15	70377454	70577454	harbor1	chr15	70404992	70405203	LTR/ERVL-MaLR	1288	+	106	70405098	27644
chr15	70377454	70577454	harbor1	chr15	70420493	70420918	LTR/ERVL-MaLR	599	+	212	70420705	43251
chr15	70377454	70577454	harbor1	chr15	70428160	70428629	LTR/ERVL-MaLR	2146	+	234	70428394	50940
chr15	70377454	70577454	harbor1	chr15	70429179	70429547	LTR/ERVL-MaLR	662	+	184	70429363	51909
chr15	70377454	70577454	harbor1	chr15	70439441	70439799	LTR/ERVL-MaLR	1083	+	179	70439620	62166
chr15	50193765	50393765	harbor1	chr15	50203671	50204018	LTR/ERVL-MaLR	1617	+	174	50203845	10080
chr15	50193765	50393765	harbor1	chr15	50287347	50287666	LTR/ERVL-MaLR	1726	+	160	50287507	93742
chr15	23390412	23590412	harbor1	chr15	23406090	23406352	LTR/ERVL-MaLR	765	+	131	23406221	15809
chr15	23390412	23590412	harbor1	chr15	23415839	23416261	LTR/ERVL-MaLR	1594	+	211	23416050	25638
chr15	23390412	23590412	harbor1	chr15	23419193	23419370	LTR/ERVL-MaLR	1777	+	88	23419281	28869
chr15	23390412	23590412	harbor1	chr15	23419659	23419955	LTR/ERVL-MaLR	1777	+	148	23419807	29395
chr15	51780928	51980928	harbor1	chr15	51847859	51848212	LTR/ERVL-MaLR	2023	+	176	51848035	67107
chr15	25595729	25795729	harbor1	chr15	25645186	25645390	LTR/ERVL-MaLR	1229	+	102	25645288	49559
chr15	88382779	88582779	harbor1	chr15	88393336	88393885	LTR/ERVL-MaLR	1973	+	274	88393610	10831
chr15	88382779	88582779	harbor1	chr15	88422935	88423038	LTR/ERVL-MaLR	1866	+	52	88422987	40208
chr15	88382779	88582779	harbor1	chr15	88423352	88423685	LTR/ERVL-MaLR	1866	+	166	88423518	40739
chr15	88382779	88582779	harbor1	chr15	88433325	88433525	LTR/ERVL-MaLR	740	+	100	88433425	50646
chr15	88382779	88582779	harbor1	chr15	88433654	88433756	LTR/ERVL-MaLR	603	+	51	88433705	50926
chr15	88382779	88582779	harbor1	chr15	88437201	88437309	LTR/ERVL-MaLR	478	+	54	88437255	54476
chr15	88382779	88582779	harbor1	chr15	88437375	88437593	LTR/ERVL-MaLR	680	+	109	88437484	54705
chr15	79950500	80150500	harbor1	chr15	79988004	79988160	LTR/ERVL-MaLR	506	+	78	79988082	37582
chr15	71486046	71686046	harbor1	chr15	71491259	71491589	LTR/ERVL-MaLR	1572	+	165	71491424	5378
chr15	71486046	71686046	harbor1	chr15	71491897	71491962	LTR/ERVL-MaLR	1572	+	32	71491929	5883
chr15	71486046	71686046	harbor1	chr15	71526955	71527320	LTR/ERVL-MaLR	2066	+	182	71527137	41091
chr15	71486046	71686046	harbor1	chr15	71528946	71529315	LTR/ERVL-MaLR	1176	+	184	71529130	43084
chr15	34133561	34333561	harbor1	chr15	34162151	34162514	LTR/ERVL-MaLR	2126	+	182	34162333	28772
chr15	34133561	34333561	harbor1	chr15	34204041	34204276	LTR/ERVL-MaLR	537	+	118	34204159	70598
chr15	59109086	59309086	harbor1	chr15	59164850	59165140	LTR/ERVL-MaLR	1364	+	145	59164995	55909
chr15	98781995	98981995	harbor1	chr15	98819306	98819647	LTR/ERVL-MaLR	1796	+	170	98819476	37481
chr15	84616295	84816295	harbor1	chr15	84684198	84684557	LTR/ERVL-MaLR	2682	+	180	84684378	68083
chr15	84616295	84816295	harbor1	chr15	84690100	84690442	LTR/ERVL-MaLR	2259	+	171	84690271	73976
chr15	61231030	61431030	harbor1	chr15	61287626	61287992	LTR/ERVL-MaLR	2423	+	183	61287809	56779
chr15	61231030	61431030	harbor1	chr15	61305435	61305725	LTR/ERVL-MaLR	665	+	145	61305580	74550
chr15	53213587	53413587	harbor1	chr15	53245732	53246094	LTR/ERVL-MaLR	2183	+	181	53245913	32326
chr15	53213587	53413587	harbor1	chr15	53304636	53305021	LTR/ERVL-MaLR	2179	+	192	53304828	91241
chr15	53213587	53413587	harbor1	chr15	53305499	53305801	LTR/ERVL-MaLR	552	+	151	53305650	92063
chr15	61327399	61527399	harbor1	chr15	61348546	61348685	LTR/ERVL-MaLR	575	+	70	61348616	21217
chr15	61327399	61527399	harbor1	chr15	61353143	61353483	LTR/ERVL-MaLR	1796	+	170	61353313	25914
chr15	61327399	61527399	harbor1	chr15	61369384	61369873	LTR/ERVL-MaLR	1621	+	244	61369628	42229
chr15	61327399	61527399	harbor1	chr15	61400165	61400474	LTR/ERVL-MaLR	1074	+	154	61400319	72920
chr15	29156941	29356941	harbor1	chr15	29170666	29170848	LTR/ERVL-MaLR	825	+	91	29170757	13816
chr15	29156941	29356941	harbor1	chr15	29171232	29171252	LTR/ERVL-MaLR	825	+	10	29171242	14301
chr15	29156941	29356941	harbor1	chr15	29240028	29240080	LTR/ERVL-MaLR	1575	+	26	29240054	83113
chr15	29156941	29356941	harbor1	chr15	29240393	29240700	LTR/ERVL-MaLR	1575	+	154	29240547	83606
chr15	53760444	53960444	harbor1	chr15	53766323	53766849	LTR/ERVL-MaLR	1712	+	263	53766586	6142
chr15	53760444	53960444	harbor1	chr15	53766984	53767405	LTR/ERVL-MaLR	499	+	210	53767194	6750
chr15	53760444	53960444	harbor1	chr15	53773780	53774148	LTR/ERVL-MaLR	759	+	184	53773964	13520
chr15	53760444	53960444	harbor1	chr15	53777369	53777467	LTR/ERVL-MaLR	421	+	49	53777418	16974
chr15	53760444	53960444	harbor1	chr15	53779590	53779957	LTR/ERVL-MaLR	2364	+	184	53779774	19330
chr15	53760444	53960444	harbor1	chr15	53803511	53803672	LTR/ERVL-MaLR	954	+	80	53803591	43147
chr15	53760444	53960444	harbor1	chr15	53803979	53804301	LTR/ERVL-MaLR	954	+	161	53804140	43696
chr15	53760444	53960444	harbor1	chr15	53842345	53842855	LTR/ERVL-MaLR	1162	+	255	53842600	82156
chr15	83247805	83447805	harbor1	chr15	83295480	83295950	LTR/ERVL-MaLR	962	+	235	83295715	47910
chr15	83247805	83447805	harbor1	chr15	83318016	83318632	LTR/ERVL-MaLR	3238	+	308	83318324	70519
chr15	83247805	83447805	harbor1	chr15	83318636	83319157	LTR/ERVL-MaLR	2904	+	260	83318896	71091
chr15	83247805	83447805	harbor1	chr15	83334963	83335321	LTR/ERVL-MaLR	2608	+	179	83335142	87337
chr15	98003761	98203761	harbor1	chr15	98005176	98005529	LTR/ERVL-MaLR	2607	+	176	98005352	1591
chr15	98003761	98203761	harbor1	chr15	98023160	98023530	LTR/ERVL-MaLR	2546	+	185	98023345	19584
chr15	98003761	98203761	harbor1	chr15	98032619	98032996	LTR/ERVL-MaLR	777	+	188	98032807	29046
chr15	98003761	98203761	harbor1	chr15	98044768	98045138	LTR/ERVL-MaLR	1327	+	185	98044953	41192
chr15	98003761	98203761	harbor1	chr15	98050368	98050710	LTR/ERVL-MaLR	1818	+	171	98050539	46778
chr15	98003761	98203761	harbor1	chr15	98052751	98053087	LTR/ERVL-MaLR	2138	+	168	98052919	49158
chr15	73429778	73629778	harbor1	chr15	73459607	73459952	LTR/ERVL-MaLR	924	+	172	73459779	30001
chr15	73429778	73629778	harbor1	chr15	73485419	73485818	LTR/ERVL-MaLR	2214	+	200	73485619	55841
chr15	73429778	73629778	harbor1	chr15	73515475	73515869	LTR/ERVL-MaLR	1611	+	197	73515672	85894
chr15	73429778	73629778	harbor1	chr15	73519105	73519482	LTR/ERVL-MaLR	2115	+	188	73519293	89515
chr15	73429778	73629778	harbor1	chr15	73482179	73482581	LTR/ERVL-MaLR	2433	+	201	73482380	52602
chr15	25522424	25722424	harbor1	chr15	25554035	25554432	LTR/ERVL-MaLR	1167	+	198	25554233	31809
chr15	25522424	25722424	harbor1	chr15	25578470	25578892	LTR/ERVL-MaLR	1832	+	211	25578681	56257
chr15	52711320	52911320	harbor1	chr15	52724457	52724819	LTR/ERVL-MaLR	2797	+	181	52724638	13318
chr15	52711320	52911320	harbor1	chr15	52727548	52727933	LTR/ERVL-MaLR	1740	+	192	52727740	16420
chr15	52711320	52911320	harbor1	chr15	52736360	52736726	LTR/ERVL-MaLR	2309	+	183	52736543	25223
chr15	52711320	52911320	harbor1	chr15	52745900	52746275	LTR/ERVL-MaLR	2268	+	188	52746088	34768
chr15	55409019	55609019	harbor1	chr15	55424098	55424423	LTR/ERVL-MaLR	1363	+	162	55424260	15241
chr15	55409019	55609019	harbor1	chr15	55435223	55435688	LTR/ERVL-MaLR	469	+	232	55435455	26436
chr15	55409019	55609019	harbor1	chr15	55437483	55437952	LTR/ERVL-MaLR	2094	+	234	55437717	28698
chr15	55409019	55609019	harbor1	chr15	55439683	55440044	LTR/ERVL-MaLR	1368	+	180	55439863	30844
chr15	55409019	55609019	harbor1	chr15	55480836	55481196	LTR/ERVL-MaLR	2063	+	180	55481016	71997
chr15	55409019	55609019	harbor1	chr15	55487843	55488008	LTR/ERVL-MaLR	517	+	82	55487925	78906
chr15	55409019	55609019	harbor1	chr15	55492974	55493293	LTR/ERVL-MaLR	1635	+	160	55493134	84115
chr15	20781726	20981726	harbor1	chr15	20851844	20852228	LTR/ERVL-MaLR	696	+	192	20852036	70310
chr16	79247025	79447025	harbor1	chr16	79248986	79249137	LTR/ERVL-MaLR	1575	+	76	79249062	2037
chr16	79247025	79447025	harbor1	chr16	79249438	79249652	LTR/ERVL-MaLR	1575	+	107	79249545	2520
chr16	79247025	79447025	harbor1	chr16	79288180	79288632	LTR/ERVL-MaLR	818	+	226	79288406	41381
chr16	79247025	79447025	harbor1	chr16	79292122	79292539	LTR/ERVL-MaLR	1430	+	208	79292330	45305
chr16	79247025	79447025	harbor1	chr16	79338864	79339057	LTR/ERVL-MaLR	738	+	96	79338960	91935
chr16	79247025	79447025	harbor1	chr16	79339359	79339619	LTR/ERVL-MaLR	738	+	130	79339489	92464
chr16	33446658	33646658	harbor1	chr16	33521884	33522258	LTR/ERVL-MaLR	2098	+	187	33522071	75413
chr16	33446658	33646658	harbor1	chr16	33525100	33525392	LTR/ERVL-MaLR	1124	+	146	33525246	78588
chr16	49582518	49782518	harbor1	chr16	49618332	49618707	LTR/ERVL-MaLR	2088	+	188	49618520	36002
chr16	49582518	49782518	harbor1	chr16	49645664	49646042	LTR/ERVL-MaLR	2692	+	189	49645853	63335
chr16	49582518	49782518	harbor1	chr16	49647366	49647863	LTR/ERVL-MaLR	2137	+	248	49647614	65096
chr16	49582518	49782518	harbor1	chr16	49647864	49648360	LTR/ERVL-MaLR	2455	+	248	49648112	65594
chr16	49582518	49782518	harbor1	chr16	49648680	49649228	LTR/ERVL-MaLR	2455	+	274	49648954	66436
chr16	16207152	16407152	harbor1	chr16	16207252	16207398	LTR/ERVL-MaLR	429	+	73	16207325	173
chr16	16207152	16407152	harbor1	chr16	16216707	16217131	LTR/ERVL-MaLR	643	+	212	16216919	9767
chr16	16207152	16407152	harbor1	chr16	16297873	16298275	LTR/ERVL-MaLR	1144	+	201	16298074	90922
chr16	84434350	84634350	harbor1	chr16	84471634	84472006	LTR/ERVL-MaLR	2653	+	186	84471820	37470
chr16	84434350	84634350	harbor1	chr16	84509608	84510030	LTR/ERVL-MaLR	1428	+	211	84509819	75469
chr16	84434350	84634350	harbor1	chr16	84518304	84518467	LTR/ERVL-MaLR	991	+	82	84518386	84036
chr16	84434350	84634350	harbor1	chr16	84518784	84519002	LTR/ERVL-MaLR	991	+	109	84518893	84543
chr16	1428558	1628558	harbor1	chr16	1490121	1490442	LTR/ERVL-MaLR	432	+	160	1490281	61723
chr16	22635333	22835333	harbor1	chr16	22637452	22637674	LTR/ERVL-MaLR	601	+	111	22637563	2230
chr16	22635333	22835333	harbor1	chr16	22639151	22639431	LTR/ERVL-MaLR	1156	+	140	22639291	3958
chr16	22635333	22835333	harbor1	chr16	22648030	22648426	LTR/ERVL-MaLR	925	+	198	22648228	12895
chr16	22635333	22835333	harbor1	chr16	22653907	22654264	LTR/ERVL-MaLR	1818	+	178	22654085	18752
chr16	22635333	22835333	harbor1	chr16	22654872	22654905	LTR/ERVL-MaLR	2102	+	16	22654888	19555
chr16	22635333	22835333	harbor1	chr16	22655208	22655570	LTR/ERVL-MaLR	2102	+	181	22655389	20056
chr16	22635333	22835333	harbor1	chr16	22657966	22658327	LTR/ERVL-MaLR	2326	+	180	22658146	22813
chr16	2684609	2884609	harbor1	chr16	2743964	2744328	LTR/ERVL-MaLR	728	+	182	2744146	59537
chr16	58982416	59182416	harbor1	chr16	59046539	59046753	LTR/ERVL-MaLR	1621	+	107	59046646	64230
chr16	58982416	59182416	harbor1	chr16	59047047	59047518	LTR/ERVL-MaLR	1621	+	236	59047283	64867
chr16	58982416	59182416	harbor1	chr16	59048715	59049184	LTR/ERVL-MaLR	1582	+	234	59048949	66533
chr16	53590684	53790684	harbor1	chr16	53594205	53594564	LTR/ERVL-MaLR	2129	+	180	53594385	3701
chr16	53590684	53790684	harbor1	chr16	53634452	53634870	LTR/ERVL-MaLR	2326	+	209	53634661	43977
chr16	53590684	53790684	harbor1	chr16	53650076	53650358	LTR/ERVL-MaLR	752	+	141	53650217	59533
chr16	75376610	75576610	harbor1	chr16	75398313	75398555	LTR/ERVL-MaLR	778	+	121	75398434	21824
chr16	75376610	75576610	harbor1	chr16	75457452	75457619	LTR/ERVL-MaLR	864	+	84	75457536	80926
chr16	75376610	75576610	harbor1	chr16	75458289	75458739	LTR/ERVL-MaLR	1708	+	225	75458514	81904
chr16	75376610	75576610	harbor1	chr16	75473204	75473318	LTR/ERVL-MaLR	477	+	57	75473261	96651
chr16	75376610	75576610	harbor1	chr16	75476151	75476269	LTR/ERVL-MaLR	1261	+	59	75476210	99600
chr16	75376610	75576610	harbor1	chr16	75399085	75399268	LTR/ERVL-MaLR	444	+	92	75399177	22567
chr16	923847	1123847	harbor1	chr16	939864	940277	LTR/ERVL-MaLR	610	+	206	940070	16223
chr16	60559730	60759730	harbor1	chr16	60591147	60591645	LTR/ERVL-MaLR	1510	+	249	60591396	31666
chr16	61287052	61487052	harbor1	chr16	61300988	61301344	LTR/ERVL-MaLR	995	+	178	61301166	14114
chr16	61287052	61487052	harbor1	chr16	61301388	61302056	LTR/ERVL-MaLR	2391	+	334	61301722	14670
chr16	61287052	61487052	harbor1	chr16	61302432	61302635	LTR/ERVL-MaLR	1984	+	102	61302534	15482
chr16	61287052	61487052	harbor1	chr16	61302926	61303139	LTR/ERVL-MaLR	1984	+	106	61303032	15980
chr16	61287052	61487052	harbor1	chr16	61303156	61303533	LTR/ERVL-MaLR	1313	+	188	61303344	16292
chr16	61287052	61487052	harbor1	chr16	61373582	61373932	LTR/ERVL-MaLR	2132	+	175	61373757	86705
chr16	61287052	61487052	harbor1	chr16	61383507	61383838	LTR/ERVL-MaLR	1388	+	166	61383673	96621
chr16	46484095	46684095	harbor1	chr16	46489398	46489814	LTR/ERVL-MaLR	919	+	208	46489606	5511
chr16	46484095	46684095	harbor1	chr16	46532581	46532951	LTR/ERVL-MaLR	2606	+	185	46532766	48671
chr16	46484095	46684095	harbor1	chr16	46535191	46535319	LTR/ERVL-MaLR	856	+	64	46535255	51160
chr16	46484095	46684095	harbor1	chr16	46549889	46550148	LTR/ERVL-MaLR	618	+	130	46550019	65924
chr16	46484095	46684095	harbor1	chr16	46576281	46576524	LTR/ERVL-MaLR	1023	+	122	46576403	92308
chr16	46484095	46684095	harbor1	chr16	46582484	46582773	LTR/ERVL-MaLR	898	+	144	46582628	98533
chr16	5114311	5314311	harbor1	chr16	5133744	5133939	LTR/ERVL-MaLR	886	+	98	5133842	19531
chr16	5114311	5314311	harbor1	chr16	5134245	5134459	LTR/ERVL-MaLR	886	+	107	5134352	20041
chr16	5114311	5314311	harbor1	chr16	5134770	5134834	LTR/ERVL-MaLR	675	+	32	5134802	20491
chr16	5114311	5314311	harbor1	chr16	5139007	5139099	LTR/ERVL-MaLR	1674	+	46	5139053	24742
chr16	5114311	5314311	harbor1	chr16	5139409	5139784	LTR/ERVL-MaLR	1674	+	188	5139597	25286
chr16	5114311	5314311	harbor1	chr16	5140378	5140644	LTR/ERVL-MaLR	991	+	133	5140511	26200
chr16	5114311	5314311	harbor1	chr16	5140952	5140966	LTR/ERVL-MaLR	938	+	7	5140959	26648
chr16	5114311	5314311	harbor1	chr16	5140973	5141219	LTR/ERVL-MaLR	1161	+	123	5141096	26785
chr16	5114311	5314311	harbor1	chr16	5151446	5151611	LTR/ERVL-MaLR	553	+	82	5151528	37217
chr16	5114311	5314311	harbor1	chr16	5155037	5155204	LTR/ERVL-MaLR	442	+	84	5155121	40810
chr16	5114311	5314311	harbor1	chr16	5158264	5158655	LTR/ERVL-MaLR	2388	+	196	5158460	44149
chr16	5114311	5314311	harbor1	chr16	5168176	5168380	LTR/ERVL-MaLR	546	+	102	5168278	53967
chr16	5114311	5314311	harbor1	chr16	5170486	5170828	LTR/ERVL-MaLR	2096	+	171	5170657	56346
chr16	5114311	5314311	harbor1	chr16	5175894	5176008	LTR/ERVL-MaLR	1878	+	57	5175951	61640
chr16	5114311	5314311	harbor1	chr16	5176300	5176630	LTR/ERVL-MaLR	1878	+	165	5176465	62154
chr16	5114311	5314311	harbor1	chr16	5191276	5191602	LTR/ERVL-MaLR	2041	+	163	5191439	77128
chr16	5114311	5314311	harbor1	chr16	5197186	5197678	LTR/ERVL-MaLR	1765	+	246	5197432	83121
chr16	5114311	5314311	harbor1	chr16	5198497	5198789	LTR/ERVL-MaLR	498	+	146	5198643	84332
chr16	5114311	5314311	harbor1	chr16	5198893	5198997	LTR/ERVL-MaLR	498	+	52	5198945	84634
chr16	5114311	5314311	harbor1	chr16	5204763	5205148	LTR/ERVL-MaLR	796	+	192	5204955	90644
chr16	5114311	5314311	harbor1	chr16	5213953	5214111	LTR/ERVL-MaLR	1672	+	79	5214032	99721
chr16	67381482	67581482	harbor1	chr16	67419704	67420186	LTR/ERVL-MaLR	2371	+	241	67419945	38463
chr16	5318934	5518934	harbor1	chr16	5319167	5319329	LTR/ERVL-MaLR	1264	+	81	5319248	314
chr16	5318934	5518934	harbor1	chr16	5328119	5328493	LTR/ERVL-MaLR	1578	+	187	5328306	9372
chr16	5318934	5518934	harbor1	chr16	5338202	5338481	LTR/ERVL-MaLR	1074	+	140	5338342	19408
chr16	5318934	5518934	harbor1	chr16	5355627	5355808	LTR/ERVL-MaLR	1956	+	90	5355717	36783
chr16	5318934	5518934	harbor1	chr16	5356104	5356388	LTR/ERVL-MaLR	1956	+	142	5356246	37312
chr16	5318934	5518934	harbor1	chr16	5357130	5357481	LTR/ERVL-MaLR	646	+	176	5357306	38372
chr16	5318934	5518934	harbor1	chr16	5370891	5370961	LTR/ERVL-MaLR	1740	+	35	5370926	51992
chr16	5318934	5518934	harbor1	chr16	5371249	5371556	LTR/ERVL-MaLR	1740	+	154	5371403	52469
chr16	5318934	5518934	harbor1	chr16	5373276	5373601	LTR/ERVL-MaLR	2070	+	162	5373438	54504
chr16	5318934	5518934	harbor1	chr16	5373904	5373931	LTR/ERVL-MaLR	2070	+	14	5373918	54984
chr16	5318934	5518934	harbor1	chr16	5374237	5374284	LTR/ERVL-MaLR	2070	+	24	5374261	55327
chr16	5318934	5518934	harbor1	chr16	5387698	5388209	LTR/ERVL-MaLR	1900	+	256	5387954	69020
chr16	5318934	5518934	harbor1	chr16	5395573	5396149	LTR/ERVL-MaLR	1200	+	288	5395861	76927
chr16	5318934	5518934	harbor1	chr16	5405216	5405571	LTR/ERVL-MaLR	2341	+	178	5405394	86460
chr16	5318934	5518934	harbor1	chr16	5411146	5411615	LTR/ERVL-MaLR	2279	+	234	5411380	92446
chr16	85575754	85775754	harbor1	chr16	85580619	85580982	LTR/ERVL-MaLR	1273	+	182	85580801	5047
chr16	85575754	85775754	harbor1	chr16	85628877	85629265	LTR/ERVL-MaLR	1863	+	194	85629071	53317
chr16	12963667	13163667	harbor1	chr16	12977036	12977207	LTR/ERVL-MaLR	495	+	86	12977122	13455
chr16	12963667	13163667	harbor1	chr16	12981645	12982016	LTR/ERVL-MaLR	2431	+	186	12981831	18164
chr16	12963667	13163667	harbor1	chr16	13008420	13008866	LTR/ERVL-MaLR	1718	+	223	13008643	44976
chr16	12963667	13163667	harbor1	chr16	13034553	13035031	LTR/ERVL-MaLR	1254	+	239	13034792	71125
chr16	12963667	13163667	harbor1	chr16	13059743	13060016	LTR/ERVL-MaLR	1528	+	136	13059879	96212
chr16	19695567	19895567	harbor1	chr16	19727883	19728249	LTR/ERVL-MaLR	1867	+	183	19728066	32499
chr16	19695567	19895567	harbor1	chr16	19728550	19728782	LTR/ERVL-MaLR	1867	+	116	19728666	33099
chr16	19695567	19895567	harbor1	chr16	19756196	19756420	LTR/ERVL-MaLR	728	+	112	19756308	60741
chr16	19695567	19895567	harbor1	chr16	19756448	19756604	LTR/ERVL-MaLR	1642	+	78	19756526	60959
chr16	19695567	19895567	harbor1	chr16	19756919	19757106	LTR/ERVL-MaLR	1642	+	94	19757013	61446
chr16	19695567	19895567	harbor1	chr16	19778810	19778919	LTR/ERVL-MaLR	648	+	54	19778864	83297
chr16	2513853	2713853	harbor1	chr16	2535558	2535998	LTR/ERVL-MaLR	1512	+	220	2535778	21925
chr16	22238360	22438360	harbor1	chr16	22282455	22282814	LTR/ERVL-MaLR	1611	+	180	22282635	44275
chr16	65480851	65680851	harbor1	chr16	65512663	65513019	LTR/ERVL-MaLR	1607	+	178	65512841	31990
chr16	65480851	65680851	harbor1	chr16	65513629	65513652	LTR/ERVL-MaLR	1607	+	12	65513641	32790
chr16	65480851	65680851	harbor1	chr16	65526836	65527304	LTR/ERVL-MaLR	1160	+	234	65527070	46219
chr16	53346291	53546291	harbor1	chr16	53380491	53380856	LTR/ERVL-MaLR	1911	+	182	53380673	34382
chr16	47592841	47792841	harbor1	chr16	47595988	47596332	LTR/ERVL-MaLR	2265	+	172	47596160	3319
chr16	76752033	76952033	harbor1	chr16	76762051	76762460	LTR/ERVL-MaLR	2218	+	204	76762255	10222
chr16	76752033	76952033	harbor1	chr16	76762471	76763664	LTR/ERVL-MaLR	5951	+	596	76763067	11034
chr16	76752033	76952033	harbor1	chr16	76763668	76763812	LTR/ERVL-MaLR	930	+	72	76763740	11707
chr16	76752033	76952033	harbor1	chr16	76764451	76764881	LTR/ERVL-MaLR	2301	+	215	76764666	12633
chr16	76752033	76952033	harbor1	chr16	76788170	76788575	LTR/ERVL-MaLR	2214	+	202	76788372	36339
chr16	76752033	76952033	harbor1	chr16	76803784	76804086	LTR/ERVL-MaLR	1372	+	151	76803935	51902
chr16	31007012	31207012	harbor1	chr16	31020202	31020340	LTR/ERVL-MaLR	1490	+	69	31020271	13259
chr16	31007012	31207012	harbor1	chr16	31020641	31020850	LTR/ERVL-MaLR	1490	+	104	31020745	13733
chr16	31007012	31207012	harbor1	chr16	31022547	31022713	LTR/ERVL-MaLR	577	+	83	31022630	15618
chr16	31007012	31207012	harbor1	chr16	31022748	31022968	LTR/ERVL-MaLR	434	+	110	31022858	15846
chr16	31007012	31207012	harbor1	chr16	31044355	31044490	LTR/ERVL-MaLR	709	+	68	31044423	37411
chr16	31007012	31207012	harbor1	chr16	31044788	31045032	LTR/ERVL-MaLR	709	+	122	31044910	37898
chr16	31007012	31207012	harbor1	chr16	31045881	31046271	LTR/ERVL-MaLR	1304	+	195	31046076	39064
chr16	31007012	31207012	harbor1	chr16	31046486	31046654	LTR/ERVL-MaLR	1304	+	84	31046570	39558
chr16	31007012	31207012	harbor1	chr16	31046951	31047195	LTR/ERVL-MaLR	1304	+	122	31047073	40061
chr16	31007012	31207012	harbor1	chr16	31048163	31048174	LTR/ERVL-MaLR	1304	+	6	31048169	41157
chr16	31007012	31207012	harbor1	chr16	31048476	31048746	LTR/ERVL-MaLR	1304	+	135	31048611	41599
chr16	31007012	31207012	harbor1	chr16	31049374	31049700	LTR/ERVL-MaLR	1304	+	163	31049537	42525
chr16	31007012	31207012	harbor1	chr16	31050075	31050435	LTR/ERVL-MaLR	1004	+	180	31050255	43243
chr16	31007012	31207012	harbor1	chr16	31055687	31055826	LTR/ERVL-MaLR	630	+	70	31055757	48745
chr16	31007012	31207012	harbor1	chr16	31071893	31072052	LTR/ERVL-MaLR	566	+	80	31071973	64961
chr16	31007012	31207012	harbor1	chr16	31096540	31096662	LTR/ERVL-MaLR	445	+	61	31096601	89589
chr16	31007012	31207012	harbor1	chr16	31098364	31098698	LTR/ERVL-MaLR	1164	+	167	31098531	91519
chr16	31007012	31207012	harbor1	chr16	31100087	31100361	LTR/ERVL-MaLR	2044	+	137	31100224	93212
chr16	31007012	31207012	harbor1	chr16	31101265	31101454	LTR/ERVL-MaLR	2044	+	94	31101359	94347
chr16	31007012	31207012	harbor1	chr16	31101767	31101789	LTR/ERVL-MaLR	2044	+	11	31101778	94766
chr16	31007012	31207012	harbor1	chr16	31101924	31101958	LTR/ERVL-MaLR	2044	+	17	31101941	94929
chr16	31007012	31207012	harbor1	chr16	31102208	31102256	LTR/ERVL-MaLR	2044	+	24	31102232	95220
chr16	46554760	46754760	harbor1	chr16	46576281	46576524	LTR/ERVL-MaLR	1023	+	122	46576403	21643
chr16	46554760	46754760	harbor1	chr16	46582484	46582773	LTR/ERVL-MaLR	898	+	144	46582628	27868
chr16	86325797	86525797	harbor1	chr16	86325625	86325839	LTR/ERVL-MaLR	555	+	107	86325732	65
chr16	86325797	86525797	harbor1	chr16	86347177	86347523	LTR/ERVL-MaLR	2158	+	173	86347350	21553
chr16	86325797	86525797	harbor1	chr16	86357656	86358202	LTR/ERVL-MaLR	1940	+	273	86357929	32132
chr16	86325797	86525797	harbor1	chr16	86398490	86398711	LTR/ERVL-MaLR	488	+	110	86398600	72803
chr16	86325797	86525797	harbor1	chr16	86400761	86400927	LTR/ERVL-MaLR	452	+	83	86400844	75047
chr16	86325797	86525797	harbor1	chr16	86406320	86406529	LTR/ERVL-MaLR	474	+	104	86406424	80627
chr16	86325797	86525797	harbor1	chr16	86411532	86411732	LTR/ERVL-MaLR	620	+	100	86411632	85835
chr16	86325797	86525797	harbor1	chr16	86412719	86413179	LTR/ERVL-MaLR	2140	+	230	86412949	87152
chr16	69470699	69670699	harbor1	chr16	69477104	69477304	LTR/ERVL-MaLR	744	+	100	69477204	6505
chr16	69470699	69670699	harbor1	chr16	69496925	69497307	LTR/ERVL-MaLR	2332	+	191	69497116	26417
chr16	69470699	69670699	harbor1	chr16	69503309	69503742	LTR/ERVL-MaLR	1678	+	216	69503525	32826
chr16	69470699	69670699	harbor1	chr16	69504060	69504112	LTR/ERVL-MaLR	1678	+	26	69504086	33387
chr16	69470699	69670699	harbor1	chr16	69554636	69554885	LTR/ERVL-MaLR	561	+	124	69554760	84061
chr16	69470699	69670699	harbor1	chr16	69555231	69555275	LTR/ERVL-MaLR	561	+	22	69555253	84554
chr16	24378321	24578321	harbor1	chr16	24420987	24421345	LTR/ERVL-MaLR	2669	+	179	24421166	42845
chr16	24378321	24578321	harbor1	chr16	24421663	24421729	LTR/ERVL-MaLR	2669	+	33	24421696	43375
chr16	24378321	24578321	harbor1	chr16	24430197	24430399	LTR/ERVL-MaLR	2118	+	101	24430298	51977
chr16	24378321	24578321	harbor1	chr16	24430688	24430923	LTR/ERVL-MaLR	2118	+	118	24430806	52485
chr16	24378321	24578321	harbor1	chr16	24437493	24437976	LTR/ERVL-MaLR	2058	+	242	24437735	59414
chr16	24378321	24578321	harbor1	chr16	24456016	24456377	LTR/ERVL-MaLR	2039	+	180	24456196	77875
chr16	24378321	24578321	harbor1	chr16	24464572	24464931	LTR/ERVL-MaLR	2845	+	180	24464752	86431
chr16	24378321	24578321	harbor1	chr16	24474096	24474302	LTR/ERVL-MaLR	491	+	103	24474199	95878
chr16	24378321	24578321	harbor1	chr16	24474303	24474788	LTR/ERVL-MaLR	2267	+	242	24474545	96224
chr16	24378321	24578321	harbor1	chr16	24474789	24474928	LTR/ERVL-MaLR	491	+	70	24474859	96538
chr16	49019945	49219945	harbor1	chr16	49028282	49028644	LTR/ERVL-MaLR	1764	+	181	49028463	8518
chr16	49019945	49219945	harbor1	chr16	49048260	49048641	LTR/ERVL-MaLR	1185	+	190	49048450	28505
chr16	49019945	49219945	harbor1	chr16	49085182	49085535	LTR/ERVL-MaLR	743	+	176	49085358	65413
chr16	49019945	49219945	harbor1	chr16	49097486	49097683	LTR/ERVL-MaLR	874	+	98	49097584	77639
chr16	49019945	49219945	harbor1	chr16	49105687	49105865	LTR/ERVL-MaLR	1335	+	89	49105776	85831
chr16	49019945	49219945	harbor1	chr16	49105899	49106070	LTR/ERVL-MaLR	1335	+	86	49105985	86040
chr16	49019945	49219945	harbor1	chr16	49107690	49108065	LTR/ERVL-MaLR	1224	+	188	49107878	87933
chr16	24195584	24395584	harbor1	chr16	24227909	24228376	LTR/ERVL-MaLR	1267	+	234	24228143	32559
chr16	24195584	24395584	harbor1	chr16	24233866	24233987	LTR/ERVL-MaLR	925	+	60	24233926	38342
chr16	24195584	24395584	harbor1	chr16	24234538	24234584	LTR/ERVL-MaLR	925	+	23	24234561	38977
chr16	24195584	24395584	harbor1	chr16	24234889	24235252	LTR/ERVL-MaLR	925	+	182	24235071	39487
chr16	24195584	24395584	harbor1	chr16	24236567	24237009	LTR/ERVL-MaLR	1226	+	221	24236788	41204
chr16	24195584	24395584	harbor1	chr16	24238880	24239065	LTR/ERVL-MaLR	2164	+	92	24238972	43388
chr16	24195584	24395584	harbor1	chr16	24239107	24239261	LTR/ERVL-MaLR	2164	+	77	24239184	43600
chr16	24195584	24395584	harbor1	chr16	24246072	24246599	LTR/ERVL-MaLR	982	+	264	24246336	50752
chr16	24195584	24395584	harbor1	chr16	24252301	24252666	LTR/ERVL-MaLR	1057	+	182	24252483	56899
chr16	24195584	24395584	harbor1	chr16	24252696	24252828	LTR/ERVL-MaLR	1057	+	66	24252762	57178
chr16	23829161	24029161	harbor1	chr16	23832103	23832292	LTR/ERVL-MaLR	1196	+	94	23832197	3036
chr16	23829161	24029161	harbor1	chr16	23832604	23832903	LTR/ERVL-MaLR	1196	+	150	23832754	3593
chr16	23829161	24029161	harbor1	chr16	23861731	23861978	LTR/ERVL-MaLR	829	+	124	23861855	32694
chr16	23829161	24029161	harbor1	chr16	23869146	23869439	LTR/ERVL-MaLR	598	+	146	23869292	40131
chr16	23829161	24029161	harbor1	chr16	23889484	23889837	LTR/ERVL-MaLR	647	+	176	23889660	60499
chr16	23829161	24029161	harbor1	chr16	23894557	23894698	LTR/ERVL-MaLR	470	+	70	23894627	65466
chr16	23829161	24029161	harbor1	chr16	23924009	23924392	LTR/ERVL-MaLR	2223	+	192	23924201	95040
chr16	84506681	84706681	harbor1	chr16	84509608	84510030	LTR/ERVL-MaLR	1428	+	211	84509819	3138
chr16	84506681	84706681	harbor1	chr16	84518304	84518467	LTR/ERVL-MaLR	991	+	82	84518386	11705
chr16	84506681	84706681	harbor1	chr16	84518784	84519002	LTR/ERVL-MaLR	991	+	109	84518893	12212
chr16	84506681	84706681	harbor1	chr16	84605391	84605881	LTR/ERVL-MaLR	2371	+	245	84605636	98955
chr16	73146230	73346230	harbor1	chr16	73159326	73159531	LTR/ERVL-MaLR	545	+	102	73159428	13198
chr16	73146230	73346230	harbor1	chr16	73200940	73201489	LTR/ERVL-MaLR	1443	+	274	73201214	54984
chr16	60761616	60961616	harbor1	chr16	60782669	60783038	LTR/ERVL-MaLR	2255	+	184	60782853	21237
chr16	60761616	60961616	harbor1	chr16	60799009	60799323	LTR/ERVL-MaLR	1571	+	157	60799166	37550
chr16	60761616	60961616	harbor1	chr16	60815644	60815776	LTR/ERVL-MaLR	476	+	66	60815710	54094
chr16	60761616	60961616	harbor1	chr16	60822473	60822919	LTR/ERVL-MaLR	999	+	223	60822696	61080
chr16	57534438	57734438	harbor1	chr16	57555206	57555500	LTR/ERVL-MaLR	1525	+	147	57555353	20915
chr16	57534438	57734438	harbor1	chr16	57555776	57556143	LTR/ERVL-MaLR	1945	+	184	57555960	21522
chr16	57534438	57734438	harbor1	chr16	57611460	57611923	LTR/ERVL-MaLR	2396	+	232	57611692	77254
chr16	54927919	55127919	harbor1	chr16	54952017	54952226	LTR/ERVL-MaLR	553	+	104	54952121	24202
chr16	54927919	55127919	harbor1	chr16	54952267	54952667	LTR/ERVL-MaLR	1403	+	200	54952467	24548
chr16	54927919	55127919	harbor1	chr16	54954340	54954715	LTR/ERVL-MaLR	606	+	188	54954528	26609
chr16	54927919	55127919	harbor1	chr16	54969833	54970215	LTR/ERVL-MaLR	969	+	191	54970024	42105
chr16	54927919	55127919	harbor1	chr16	54973736	54974118	LTR/ERVL-MaLR	1046	+	191	54973927	46008
chr16	54927919	55127919	harbor1	chr16	55021310	55021464	LTR/ERVL-MaLR	877	+	77	55021387	93468
chr16	54927919	55127919	harbor1	chr16	54951755	54951962	LTR/ERVL-MaLR	654	+	104	54951859	23940
chr16	80174265	80374265	harbor1	chr16	80176496	80176952	LTR/ERVL-MaLR	1897	+	228	80176724	2459
chr16	80174265	80374265	harbor1	chr16	80203023	80203284	LTR/ERVL-MaLR	500	+	130	80203153	28888
chr16	80174265	80374265	harbor1	chr16	80218592	80218695	LTR/ERVL-MaLR	813	+	52	80218644	44379
chr16	80174265	80374265	harbor1	chr16	80218734	80218946	LTR/ERVL-MaLR	813	+	106	80218840	44575
chr16	80174265	80374265	harbor1	chr16	80219125	80219489	LTR/ERVL-MaLR	2470	+	182	80219307	45042
chr16	80174265	80374265	harbor1	chr16	80226289	80226820	LTR/ERVL-MaLR	795	+	266	80226555	52290
chr16	80174265	80374265	harbor1	chr16	80226821	80227730	LTR/ERVL-MaLR	2048	+	454	80227275	53010
chr16	80174265	80374265	harbor1	chr16	80227898	80228311	LTR/ERVL-MaLR	1156	+	206	80228104	53839
chr16	80174265	80374265	harbor1	chr16	80256773	80257159	LTR/ERVL-MaLR	2138	+	193	80256966	82701
chr16	80174265	80374265	harbor1	chr16	80271259	80271639	LTR/ERVL-MaLR	1182	+	190	80271449	97184
chr16	80174265	80374265	harbor1	chr16	80272738	80273217	LTR/ERVL-MaLR	1656	+	240	80272978	98713
chr16	19458511	19658511	harbor1	chr16	19468452	19468837	LTR/ERVL-MaLR	2131	+	192	19468644	10133
chr16	19458511	19658511	harbor1	chr16	19469028	19469124	LTR/ERVL-MaLR	583	+	48	19469076	10565
chr16	19458511	19658511	harbor1	chr16	19481756	19482053	LTR/ERVL-MaLR	1884	+	148	19481904	23393
chr16	19458511	19658511	harbor1	chr16	19482360	19482423	LTR/ERVL-MaLR	1884	+	32	19482392	23881
chr16	19964926	20164926	harbor1	chr16	19965680	19966032	LTR/ERVL-MaLR	2389	+	176	19965856	930
chr16	19964926	20164926	harbor1	chr16	19970228	19970602	LTR/ERVL-MaLR	2283	+	187	19970415	5489
chr16	19964926	20164926	harbor1	chr16	19981429	19981537	LTR/ERVL-MaLR	532	+	54	19981483	16557
chr16	19964926	20164926	harbor1	chr16	19981866	19982264	LTR/ERVL-MaLR	1132	+	199	19982065	17139
chr16	19964926	20164926	harbor1	chr16	19992179	19992552	LTR/ERVL-MaLR	1806	+	186	19992365	27439
chr16	19964926	20164926	harbor1	chr16	19993427	19993790	LTR/ERVL-MaLR	2734	+	182	19993609	28683
chr16	19964926	20164926	harbor1	chr16	19999214	19999358	LTR/ERVL-MaLR	558	+	72	19999286	34360
chr16	19964926	20164926	harbor1	chr16	20013644	20014012	LTR/ERVL-MaLR	2594	+	184	20013828	48902
chr16	19964926	20164926	harbor1	chr16	20024098	20024461	LTR/ERVL-MaLR	2240	+	182	20024280	59354
chr16	19964926	20164926	harbor1	chr16	20039806	20040327	LTR/ERVL-MaLR	853	+	260	20040066	75140
chr16	19964926	20164926	harbor1	chr16	20062174	20062579	LTR/ERVL-MaLR	993	+	202	20062376	97450
chr16	19640207	19840207	harbor1	chr16	19727883	19728249	LTR/ERVL-MaLR	1867	+	183	19728066	87859
chr16	19640207	19840207	harbor1	chr16	19728550	19728782	LTR/ERVL-MaLR	1867	+	116	19728666	88459
chr16	11854572	12054572	harbor1	chr16	11855000	11855183	LTR/ERVL-MaLR	1428	+	92	11855092	520
chr16	11854572	12054572	harbor1	chr16	11855478	11855807	LTR/ERVL-MaLR	1428	+	164	11855642	1070
chr16	31187708	31387708	harbor1	chr16	31249615	31249834	LTR/ERVL-MaLR	918	+	110	31249725	62017
chr16	31187708	31387708	harbor1	chr16	31250733	31250985	LTR/ERVL-MaLR	918	+	126	31250859	63151
chr16	31187708	31387708	harbor1	chr16	31256445	31256930	LTR/ERVL-MaLR	1204	+	242	31256687	68979
chr16	62953994	63153994	harbor1	chr16	62955611	62956003	LTR/ERVL-MaLR	1850	+	196	62955807	1813
chr16	62953994	63153994	harbor1	chr16	62956304	62956497	LTR/ERVL-MaLR	1850	+	96	62956400	2406
chr16	62953994	63153994	harbor1	chr16	62957129	62957161	LTR/ERVL-MaLR	1850	+	16	62957145	3151
chr16	62953994	63153994	harbor1	chr16	63000965	63001345	LTR/ERVL-MaLR	2125	+	190	63001155	47161
chr16	62953994	63153994	harbor1	chr16	63001347	63002552	LTR/ERVL-MaLR	7070	+	602	63001949	47955
chr16	62953994	63153994	harbor1	chr16	63015870	63016234	LTR/ERVL-MaLR	2426	+	182	63016052	62058
chr16	74809651	75009651	harbor1	chr16	74815120	74815478	LTR/ERVL-MaLR	1415	+	179	74815299	5648
chr16	74809651	75009651	harbor1	chr16	74849586	74849961	LTR/ERVL-MaLR	1553	+	188	74849774	40123
chr16	74809651	75009651	harbor1	chr16	74857867	74857933	LTR/ERVL-MaLR	492	+	33	74857900	48249
chr16	74809651	75009651	harbor1	chr16	74858231	74858307	LTR/ERVL-MaLR	492	+	38	74858269	48618
chr16	74809651	75009651	harbor1	chr16	74864034	74864398	LTR/ERVL-MaLR	2049	+	182	74864216	54565
chr16	74809651	75009651	harbor1	chr16	74893104	74893265	LTR/ERVL-MaLR	440	+	80	74893184	83533
chr16	74809651	75009651	harbor1	chr16	74893322	74893563	LTR/ERVL-MaLR	1267	+	120	74893442	83791
chr16	74809651	75009651	harbor1	chr16	74907255	74907624	LTR/ERVL-MaLR	2209	+	184	74907439	97788
chr16	52976712	53176712	harbor1	chr16	52976749	52977191	LTR/ERVL-MaLR	1037	+	221	52976970	258
chr16	52976712	53176712	harbor1	chr16	53001098	53001553	LTR/ERVL-MaLR	1708	+	228	53001326	24614
chr16	52976712	53176712	harbor1	chr16	53028176	53028315	LTR/ERVL-MaLR	626	+	70	53028246	51534
chr16	52976712	53176712	harbor1	chr16	53028789	53028909	LTR/ERVL-MaLR	652	+	60	53028849	52137
chr16	52976712	53176712	harbor1	chr16	53073525	53073869	LTR/ERVL-MaLR	2219	+	172	53073697	96985
chr16	52976712	53176712	harbor1	chr16	53073870	53075436	LTR/ERVL-MaLR	12241	+	783	53074653	97941
chr16	52976712	53176712	harbor1	chr16	53075437	53075799	LTR/ERVL-MaLR	2321	+	181	53075618	98906
chr16	51276879	51476879	harbor1	chr16	51282486	51282870	LTR/ERVL-MaLR	768	+	192	51282678	5799
chr16	51276879	51476879	harbor1	chr16	51298637	51299129	LTR/ERVL-MaLR	1536	+	246	51298883	22004
chr16	51276879	51476879	harbor1	chr16	51309236	51309593	LTR/ERVL-MaLR	2366	+	178	51309414	32535
chr16	51276879	51476879	harbor1	chr16	51311340	51311872	LTR/ERVL-MaLR	2135	+	266	51311606	34727
chr16	51276879	51476879	harbor1	chr16	51313269	51313631	LTR/ERVL-MaLR	476	+	181	51313450	36571
chr16	51276879	51476879	harbor1	chr16	51351585	51351854	LTR/ERVL-MaLR	711	+	134	51351719	74840
chr16	51276879	51476879	harbor1	chr16	51368280	51368623	LTR/ERVL-MaLR	2141	+	172	51368452	91573
chr16	60946203	61146203	harbor1	chr16	60953135	60953325	LTR/ERVL-MaLR	1749	+	95	60953230	7027
chr16	60946203	61146203	harbor1	chr16	60953365	60953554	LTR/ERVL-MaLR	1749	+	94	60953459	7256
chr16	60946203	61146203	harbor1	chr16	60966136	60966167	LTR/ERVL-MaLR	1582	+	16	60966152	19949
chr16	60946203	61146203	harbor1	chr16	60966215	60966522	LTR/ERVL-MaLR	1582	+	154	60966369	20166
chr16	60946203	61146203	harbor1	chr16	60976119	60976280	LTR/ERVL-MaLR	616	+	80	60976199	29996
chr16	60946203	61146203	harbor1	chr16	60976360	60976547	LTR/ERVL-MaLR	453	+	94	60976454	30251
chr16	60946203	61146203	harbor1	chr16	60995557	60995977	LTR/ERVL-MaLR	802	+	210	60995767	49564
chr16	5395682	5595682	harbor1	chr16	5395573	5396149	LTR/ERVL-MaLR	1200	+	288	5395861	179
chr16	5395682	5595682	harbor1	chr16	5405216	5405571	LTR/ERVL-MaLR	2341	+	178	5405394	9712
chr16	5395682	5595682	harbor1	chr16	5411146	5411615	LTR/ERVL-MaLR	2279	+	234	5411380	15698
chr16	5395682	5595682	harbor1	chr16	5419642	5420144	LTR/ERVL-MaLR	1249	+	251	5419893	24211
chr16	5395682	5595682	harbor1	chr16	5442780	5443204	LTR/ERVL-MaLR	1141	+	212	5442992	47310
chr16	47032223	47232223	harbor1	chr16	47062590	47062724	LTR/ERVL-MaLR	2095	+	67	47062657	30434
chr16	47032223	47232223	harbor1	chr16	47063078	47063310	LTR/ERVL-MaLR	2095	+	116	47063194	30971
chr16	47032223	47232223	harbor1	chr16	47127530	47127762	LTR/ERVL-MaLR	573	+	116	47127646	95423
chr16	47954153	48154153	harbor1	chr16	48003310	48003780	LTR/ERVL-MaLR	448	+	235	48003545	49392
chr16	47954153	48154153	harbor1	chr16	48012642	48013161	LTR/ERVL-MaLR	720	+	260	48012902	58749
chr16	47954153	48154153	harbor1	chr16	48048914	48049265	LTR/ERVL-MaLR	1223	+	176	48049090	94937
chr16	52168599	52368599	harbor1	chr16	52186305	52186757	LTR/ERVL-MaLR	490	+	226	52186531	17932
chr16	52168599	52368599	harbor1	chr16	52189886	52190308	LTR/ERVL-MaLR	2679	+	211	52190097	21498
chr16	52168599	52368599	harbor1	chr16	52207752	52207898	LTR/ERVL-MaLR	2184	+	73	52207825	39226
chr16	52168599	52368599	harbor1	chr16	52208268	52208672	LTR/ERVL-MaLR	2184	+	202	52208470	39871
chr16	52168599	52368599	harbor1	chr16	52213876	52214274	LTR/ERVL-MaLR	2033	+	199	52214075	45476
chr16	52168599	52368599	harbor1	chr16	52239944	52240325	LTR/ERVL-MaLR	1847	+	190	52240134	71535
chr16	52168599	52368599	harbor1	chr16	52252777	52253192	LTR/ERVL-MaLR	471	+	208	52252985	84386
chr16	80804404	81004404	harbor1	chr16	80811187	80811588	LTR/ERVL-MaLR	1548	+	200	80811387	6983
chr16	80804404	81004404	harbor1	chr16	80826702	80827017	LTR/ERVL-MaLR	784	+	158	80826860	22456
chr16	80804404	81004404	harbor1	chr16	80831565	80831965	LTR/ERVL-MaLR	2221	+	200	80831765	27361
chr16	80804404	81004404	harbor1	chr16	80901302	80901699	LTR/ERVL-MaLR	1902	+	198	80901500	97096
chr16	16432962	16632962	harbor1	chr16	16441918	16442244	LTR/ERVL-MaLR	2435	+	163	16442081	9119
chr16	16432962	16632962	harbor1	chr16	16442847	16442888	LTR/ERVL-MaLR	2435	+	20	16442867	9905
chr16	16432962	16632962	harbor1	chr16	16455417	16455907	LTR/ERVL-MaLR	1780	+	245	16455662	22700
chr16	16432962	16632962	harbor1	chr16	16472702	16473073	LTR/ERVL-MaLR	2289	+	186	16472888	39926
chr16	16432962	16632962	harbor1	chr16	16476019	16476374	LTR/ERVL-MaLR	2100	+	178	16476197	43235
chr16	16432962	16632962	harbor1	chr16	16476860	16477210	LTR/ERVL-MaLR	1991	+	175	16477035	44073
chr16	16432962	16632962	harbor1	chr16	16478141	16478499	LTR/ERVL-MaLR	2564	+	179	16478320	45358
chr16	16432962	16632962	harbor1	chr16	16478740	16479226	LTR/ERVL-MaLR	1378	+	243	16478983	46021
chr16	16432962	16632962	harbor1	chr16	16479461	16479819	LTR/ERVL-MaLR	2230	+	179	16479640	46678
chr16	16432962	16632962	harbor1	chr16	16482475	16482900	LTR/ERVL-MaLR	1212	+	212	16482687	49725
chr16	16432962	16632962	harbor1	chr16	16484271	16484658	LTR/ERVL-MaLR	2010	+	194	16484465	51503
chr16	16432962	16632962	harbor1	chr16	16499349	16499694	LTR/ERVL-MaLR	2290	+	172	16499521	66559
chr16	16432962	16632962	harbor1	chr16	16503178	16503502	LTR/ERVL-MaLR	1615	+	162	16503340	70378
chr16	16432962	16632962	harbor1	chr16	16503503	16503851	LTR/ERVL-MaLR	2384	+	174	16503677	70715
chr16	16432962	16632962	harbor1	chr16	16503852	16504053	LTR/ERVL-MaLR	1615	+	100	16503952	70990
chr16	16432962	16632962	harbor1	chr16	16509722	16509855	LTR/ERVL-MaLR	1699	+	66	16509788	76826
chr16	16432962	16632962	harbor1	chr16	16510159	16510385	LTR/ERVL-MaLR	1699	+	113	16510272	77310
chr16	16432962	16632962	harbor1	chr16	16515822	16516303	LTR/ERVL-MaLR	1755	+	240	16516062	83100
chr16	16432962	16632962	harbor1	chr16	16516727	16516820	LTR/ERVL-MaLR	667	+	46	16516773	83811
chr16	16432962	16632962	harbor1	chr16	16517466	16517831	LTR/ERVL-MaLR	1946	+	182	16517648	84686
chr16	25660670	25860670	harbor1	chr16	25674331	25674689	LTR/ERVL-MaLR	2144	+	179	25674510	13840
chr16	25660670	25860670	harbor1	chr16	25683399	25683610	LTR/ERVL-MaLR	903	+	106	25683505	22835
chr16	25660670	25860670	harbor1	chr16	25688104	25688511	LTR/ERVL-MaLR	2614	+	204	25688308	27638
chr16	25660670	25860670	harbor1	chr16	25706656	25706846	LTR/ERVL-MaLR	719	+	95	25706751	46081
chr16	25660670	25860670	harbor1	chr16	25716277	25716548	LTR/ERVL-MaLR	829	+	136	25716413	55743
chr16	25660670	25860670	harbor1	chr16	25718482	25718656	LTR/ERVL-MaLR	480	+	87	25718569	57899
chr16	25660670	25860670	harbor1	chr16	25744634	25744990	LTR/ERVL-MaLR	2362	+	178	25744812	84142
chr16	5635414	5835414	harbor1	chr16	5687082	5687154	LTR/ERVL-MaLR	471	+	36	5687118	51704
chr16	5635414	5835414	harbor1	chr16	5692233	5692628	LTR/ERVL-MaLR	1329	+	198	5692431	57017
chr16	5635414	5835414	harbor1	chr16	5714210	5714477	LTR/ERVL-MaLR	508	+	134	5714344	78930
chr16	5635414	5835414	harbor1	chr16	5718317	5718467	LTR/ERVL-MaLR	489	+	75	5718392	82978
chr16	59935198	60135198	harbor1	chr16	59939171	59939521	LTR/ERVL-MaLR	1584	+	175	59939346	4148
chr16	59935198	60135198	harbor1	chr16	59963243	59963715	LTR/ERVL-MaLR	2118	+	236	59963479	28281
chr16	59935198	60135198	harbor1	chr16	59985323	59985694	LTR/ERVL-MaLR	1828	+	186	59985509	50311
chr16	59935198	60135198	harbor1	chr16	60000730	60001117	LTR/ERVL-MaLR	2237	+	194	60000924	65726
chr16	59935198	60135198	harbor1	chr16	60001118	60002615	LTR/ERVL-MaLR	9483	+	748	60001866	66668
chr16	59935198	60135198	harbor1	chr16	60002616	60002992	LTR/ERVL-MaLR	2419	+	188	60002804	67606
chr16	4927022	5127022	harbor1	chr16	5019384	5019486	LTR/ERVL-MaLR	455	+	51	5019435	92413
chr16	61259949	61459949	harbor1	chr16	61285967	61286129	LTR/ERVL-MaLR	529	+	81	61286048	26099
chr16	61259949	61459949	harbor1	chr16	61300988	61301344	LTR/ERVL-MaLR	995	+	178	61301166	41217
chr16	61259949	61459949	harbor1	chr16	61301388	61302056	LTR/ERVL-MaLR	2391	+	334	61301722	41773
chr16	61259949	61459949	harbor1	chr16	61302432	61302635	LTR/ERVL-MaLR	1984	+	102	61302534	42585
chr16	61259949	61459949	harbor1	chr16	61302926	61303139	LTR/ERVL-MaLR	1984	+	106	61303032	43083
chr16	61259949	61459949	harbor1	chr16	61303156	61303533	LTR/ERVL-MaLR	1313	+	188	61303344	43395
chr16	10928356	11128356	harbor1	chr16	10940164	10940326	LTR/ERVL-MaLR	841	+	81	10940245	11889
chr16	62899051	63099051	harbor1	chr16	62900238	62900608	LTR/ERVL-MaLR	2493	+	185	62900423	1372
chr16	62899051	63099051	harbor1	chr16	62955611	62956003	LTR/ERVL-MaLR	1850	+	196	62955807	56756
chr16	62899051	63099051	harbor1	chr16	62956304	62956497	LTR/ERVL-MaLR	1850	+	96	62956400	57349
chr16	62899051	63099051	harbor1	chr16	62957129	62957161	LTR/ERVL-MaLR	1850	+	16	62957145	58094
chr16	68424449	68624449	harbor1	chr16	68458730	68459300	LTR/ERVL-MaLR	824	+	285	68459015	34566
chr16	68424449	68624449	harbor1	chr16	68462945	68463287	LTR/ERVL-MaLR	1355	+	171	68463116	38667
chr16	61960995	62160995	harbor1	chr16	61971990	61972343	LTR/ERVL-MaLR	2280	+	176	61972166	11171
chr16	61960995	62160995	harbor1	chr16	62015633	62015987	LTR/ERVL-MaLR	1473	+	177	62015810	54815
chr16	61960995	62160995	harbor1	chr16	62044638	62045008	LTR/ERVL-MaLR	2598	+	185	62044823	83828
chr16	61960995	62160995	harbor1	chr16	62050864	62051116	LTR/ERVL-MaLR	1652	+	126	62050990	89995
chr16	61960995	62160995	harbor1	chr16	62052067	62052223	LTR/ERVL-MaLR	1652	+	78	62052145	91150
chr16	54947676	55147676	harbor1	chr16	54952017	54952226	LTR/ERVL-MaLR	553	+	104	54952121	4445
chr16	54947676	55147676	harbor1	chr16	54952267	54952667	LTR/ERVL-MaLR	1403	+	200	54952467	4791
chr16	54947676	55147676	harbor1	chr16	54954340	54954715	LTR/ERVL-MaLR	606	+	188	54954528	6852
chr16	54947676	55147676	harbor1	chr16	54969833	54970215	LTR/ERVL-MaLR	969	+	191	54970024	22348
chr16	54947676	55147676	harbor1	chr16	54973736	54974118	LTR/ERVL-MaLR	1046	+	191	54973927	26251
chr16	54947676	55147676	harbor1	chr16	55021310	55021464	LTR/ERVL-MaLR	877	+	77	55021387	73711
chr16	54947676	55147676	harbor1	chr16	55028375	55028587	LTR/ERVL-MaLR	1119	+	106	55028481	80805
chr16	54947676	55147676	harbor1	chr16	54951755	54951962	LTR/ERVL-MaLR	654	+	104	54951859	4183
chr16	65465354	65665354	harbor1	chr16	65512663	65513019	LTR/ERVL-MaLR	1607	+	178	65512841	47487
chr16	65465354	65665354	harbor1	chr16	65513629	65513652	LTR/ERVL-MaLR	1607	+	12	65513641	48287
chr16	65465354	65665354	harbor1	chr16	65526836	65527304	LTR/ERVL-MaLR	1160	+	234	65527070	61716
chr16	55962004	56162004	harbor1	chr16	55987817	55988220	LTR/ERVL-MaLR	1305	+	202	55988019	26015
chr16	55962004	56162004	harbor1	chr16	55991802	55992171	LTR/ERVL-MaLR	1651	+	184	55991986	29982
chr16	55962004	56162004	harbor1	chr16	56009400	56009496	LTR/ERVL-MaLR	437	+	48	56009448	47444
chr16	55962004	56162004	harbor1	chr16	56017094	56017180	LTR/ERVL-MaLR	1549	+	43	56017137	55133
chr16	55962004	56162004	harbor1	chr16	56017558	56017838	LTR/ERVL-MaLR	1549	+	140	56017698	55694
chr16	55962004	56162004	harbor1	chr16	56018617	56018952	LTR/ERVL-MaLR	1748	+	168	56018785	56781
chr16	32683894	32883894	harbor1	chr16	32707091	32707537	LTR/ERVL-MaLR	1554	+	223	32707314	23420
chr16	32683894	32883894	harbor1	chr16	32779694	32780031	LTR/ERVL-MaLR	2041	+	168	32779862	95968
chr16	28237824	28437824	harbor1	chr16	28237992	28238260	LTR/ERVL-MaLR	914	+	134	28238126	302
chr16	28237824	28437824	harbor1	chr16	28306046	28306452	LTR/ERVL-MaLR	1182	+	203	28306249	68425
chr16	28237824	28437824	harbor1	chr16	28330230	28330674	LTR/ERVL-MaLR	1570	+	222	28330452	92628
chr16	28237824	28437824	harbor1	chr16	28331012	28331103	LTR/ERVL-MaLR	1570	+	46	28331058	93234
chr16	4799741	4999741	harbor1	chr16	4894802	4895209	LTR/ERVL-MaLR	519	+	204	4895006	95265
chr16	4799741	4999741	harbor1	chr16	4898411	4898786	LTR/ERVL-MaLR	1274	+	188	4898599	98858
chr16	17201124	17401124	harbor1	chr16	17201234	17201475	LTR/ERVL-MaLR	876	+	120	17201354	230
chr16	17201124	17401124	harbor1	chr16	17201774	17201933	LTR/ERVL-MaLR	876	+	80	17201854	730
chr16	17201124	17401124	harbor1	chr16	17213015	17213407	LTR/ERVL-MaLR	2424	+	196	17213211	12087
chr16	17201124	17401124	harbor1	chr16	17214482	17214597	LTR/ERVL-MaLR	593	+	58	17214540	13416
chr16	17201124	17401124	harbor1	chr16	17214962	17215073	LTR/ERVL-MaLR	1197	+	56	17215018	13894
chr16	17201124	17401124	harbor1	chr16	17215361	17215627	LTR/ERVL-MaLR	1197	+	133	17215494	14370
chr16	17201124	17401124	harbor1	chr16	17223394	17223680	LTR/ERVL-MaLR	654	+	143	17223537	22413
chr16	17201124	17401124	harbor1	chr16	17229787	17230230	LTR/ERVL-MaLR	1444	+	222	17230009	28885
chr16	17201124	17401124	harbor1	chr16	17248022	17248373	LTR/ERVL-MaLR	2448	+	176	17248198	47074
chr16	17201124	17401124	harbor1	chr16	17262537	17262873	LTR/ERVL-MaLR	559	+	168	17262705	61581
chr16	17201124	17401124	harbor1	chr16	17288519	17288925	LTR/ERVL-MaLR	632	+	203	17288722	87598
chr16	31890645	32090645	harbor1	chr16	31891467	31891825	LTR/ERVL-MaLR	2518	+	179	31891646	1001
chr16	31890645	32090645	harbor1	chr16	31891826	31892056	LTR/ERVL-MaLR	1744	+	115	31891941	1296
chr16	31890645	32090645	harbor1	chr16	31926957	31927253	LTR/ERVL-MaLR	899	+	148	31927105	36460
chr16	31890645	32090645	harbor1	chr16	31935238	31935610	LTR/ERVL-MaLR	1668	+	186	31935424	44779
chr16	31890645	32090645	harbor1	chr16	31958508	31959124	LTR/ERVL-MaLR	3457	+	308	31958816	68171
chr16	66745289	66945289	harbor1	chr16	66804642	66804997	LTR/ERVL-MaLR	1949	+	178	66804820	59531
chr16	66745289	66945289	harbor1	chr16	66806880	66807263	LTR/ERVL-MaLR	729	+	192	66807072	61783
chr16	9665574	9865574	harbor1	chr16	9698267	9698530	LTR/ERVL-MaLR	1144	+	132	9698399	32825
chr16	9665574	9865574	harbor1	chr16	9699064	9699256	LTR/ERVL-MaLR	1144	+	96	9699160	33586
chr16	9665574	9865574	harbor1	chr16	9707858	9708240	LTR/ERVL-MaLR	2057	+	191	9708049	42475
chr16	9665574	9865574	harbor1	chr16	9714654	9715086	LTR/ERVL-MaLR	1096	+	216	9714870	49296
chr16	9665574	9865574	harbor1	chr16	9716582	9717019	LTR/ERVL-MaLR	1660	+	218	9716800	51226
chr16	9665574	9865574	harbor1	chr16	9720501	9720893	LTR/ERVL-MaLR	1218	+	196	9720697	55123
chr16	9665574	9865574	harbor1	chr16	9741712	9742259	LTR/ERVL-MaLR	2588	+	274	9741986	76412
chr16	9665574	9865574	harbor1	chr16	9752953	9753352	LTR/ERVL-MaLR	2310	+	200	9753153	87579
chr16	83493587	83693587	harbor1	chr16	83502085	83502559	LTR/ERVL-MaLR	1905	+	237	83502322	8735
chr16	83493587	83693587	harbor1	chr16	83506566	83507055	LTR/ERVL-MaLR	2133	+	244	83506810	13223
chr16	83493587	83693587	harbor1	chr16	83514214	83514361	LTR/ERVL-MaLR	1505	+	74	83514288	20701
chr16	83493587	83693587	harbor1	chr16	83514664	83514954	LTR/ERVL-MaLR	1505	+	145	83514809	21222
chr16	83493587	83693587	harbor1	chr16	83517978	83518145	LTR/ERVL-MaLR	2327	+	84	83518062	24475
chr16	83493587	83693587	harbor1	chr16	83518445	83518460	LTR/ERVL-MaLR	2327	+	8	83518453	24866
chr16	83493587	83693587	harbor1	chr16	83518771	83518985	LTR/ERVL-MaLR	2327	+	107	83518878	25291
chr16	83493587	83693587	harbor1	chr16	83531345	83531471	LTR/ERVL-MaLR	674	+	63	83531408	37821
chr16	83493587	83693587	harbor1	chr16	83531472	83531594	LTR/ERVL-MaLR	544	+	61	83531533	37946
chr16	83493587	83693587	harbor1	chr16	83531685	83531904	LTR/ERVL-MaLR	968	+	110	83531795	38208
chr16	83493587	83693587	harbor1	chr16	83531906	83532264	LTR/ERVL-MaLR	2381	+	179	83532085	38498
chr16	83493587	83693587	harbor1	chr16	83541436	83541675	LTR/ERVL-MaLR	468	+	120	83541556	47969
chr16	83493587	83693587	harbor1	chr16	83525606	83526103	LTR/ERVL-MaLR	1605	+	248	83525854	32267
chr16	14227674	14427674	harbor1	chr16	14227810	14227847	LTR/ERVL-MaLR	2479	+	18	14227828	154
chr16	14227674	14427674	harbor1	chr16	14256364	14256821	LTR/ERVL-MaLR	1634	+	228	14256592	28918
chr16	14227674	14427674	harbor1	chr16	14291811	14291902	LTR/ERVL-MaLR	501	+	46	14291857	64183
chr16	19692850	19892850	harbor1	chr16	19727883	19728249	LTR/ERVL-MaLR	1867	+	183	19728066	35216
chr16	19692850	19892850	harbor1	chr16	19728550	19728782	LTR/ERVL-MaLR	1867	+	116	19728666	35816
chr16	19692850	19892850	harbor1	chr16	19756196	19756420	LTR/ERVL-MaLR	728	+	112	19756308	63458
chr16	19692850	19892850	harbor1	chr16	19756448	19756604	LTR/ERVL-MaLR	1642	+	78	19756526	63676
chr16	19692850	19892850	harbor1	chr16	19756919	19757106	LTR/ERVL-MaLR	1642	+	94	19757013	64163
chr16	19692850	19892850	harbor1	chr16	19778810	19778919	LTR/ERVL-MaLR	648	+	54	19778864	86014
chr16	30436882	30636882	harbor1	chr16	30462910	30463058	LTR/ERVL-MaLR	793	+	74	30462984	26102
chr16	30436882	30636882	harbor1	chr16	30463302	30463466	LTR/ERVL-MaLR	989	+	82	30463384	26502
chr16	46472164	46672164	harbor1	chr16	46489398	46489814	LTR/ERVL-MaLR	919	+	208	46489606	17442
chr16	46472164	46672164	harbor1	chr16	46532581	46532951	LTR/ERVL-MaLR	2606	+	185	46532766	60602
chr16	46472164	46672164	harbor1	chr16	46535191	46535319	LTR/ERVL-MaLR	856	+	64	46535255	63091
chr16	46472164	46672164	harbor1	chr16	46549889	46550148	LTR/ERVL-MaLR	618	+	130	46550019	77855
chr16	72406897	72606897	harbor1	chr16	72481219	72481464	LTR/ERVL-MaLR	530	+	122	72481341	74444
chr16	80213897	80413897	harbor1	chr16	80218592	80218695	LTR/ERVL-MaLR	813	+	52	80218644	4747
chr16	80213897	80413897	harbor1	chr16	80218734	80218946	LTR/ERVL-MaLR	813	+	106	80218840	4943
chr16	80213897	80413897	harbor1	chr16	80219125	80219489	LTR/ERVL-MaLR	2470	+	182	80219307	5410
chr16	80213897	80413897	harbor1	chr16	80226289	80226820	LTR/ERVL-MaLR	795	+	266	80226555	12658
chr16	80213897	80413897	harbor1	chr16	80226821	80227730	LTR/ERVL-MaLR	2048	+	454	80227275	13378
chr16	80213897	80413897	harbor1	chr16	80227898	80228311	LTR/ERVL-MaLR	1156	+	206	80228104	14207
chr16	80213897	80413897	harbor1	chr16	80256773	80257159	LTR/ERVL-MaLR	2138	+	193	80256966	43069
chr16	80213897	80413897	harbor1	chr16	80271259	80271639	LTR/ERVL-MaLR	1182	+	190	80271449	57552
chr16	80213897	80413897	harbor1	chr16	80272738	80273217	LTR/ERVL-MaLR	1656	+	240	80272978	59081
chr16	80213897	80413897	harbor1	chr16	80276769	80277215	LTR/ERVL-MaLR	2029	+	223	80276992	63095
chr16	80213897	80413897	harbor1	chr16	80302864	80303209	LTR/ERVL-MaLR	2260	+	172	80303036	89139
chr16	80213897	80413897	harbor1	chr16	80308453	80308906	LTR/ERVL-MaLR	1015	+	226	80308679	94782
chr16	80213897	80413897	harbor1	chr16	80311029	80311081	LTR/ERVL-MaLR	1886	+	26	80311055	97158
chr16	80213897	80413897	harbor1	chr16	80311082	80311417	LTR/ERVL-MaLR	2503	+	168	80311250	97353
chr16	80213897	80413897	harbor1	chr16	80311418	80311827	LTR/ERVL-MaLR	1886	+	204	80311622	97725
chr16	1130710	1330710	harbor1	chr16	1178506	1178639	LTR/ERVL-MaLR	442	+	66	1178572	47862
chr16	15921037	16121037	harbor1	chr16	15937877	15938031	LTR/ERVL-MaLR	1051	+	77	15937954	16917
chr16	15921037	16121037	harbor1	chr16	15938178	15938302	LTR/ERVL-MaLR	565	+	62	15938240	17203
chr16	77628976	77828976	harbor1	chr16	77631825	77632196	LTR/ERVL-MaLR	2633	+	186	77632011	3035
chr16	77628976	77828976	harbor1	chr16	77636438	77636631	LTR/ERVL-MaLR	680	+	96	77636534	7558
chr16	77628976	77828976	harbor1	chr16	77636938	77637240	LTR/ERVL-MaLR	680	+	151	77637089	8113
chr16	77628976	77828976	harbor1	chr16	77638806	77639155	LTR/ERVL-MaLR	1817	+	174	77638980	10004
chr16	77628976	77828976	harbor1	chr16	77639603	77640103	LTR/ERVL-MaLR	2149	+	250	77639853	10877
chr16	77628976	77828976	harbor1	chr16	77648478	77648727	LTR/ERVL-MaLR	1437	+	124	77648602	19626
chr16	77628976	77828976	harbor1	chr16	77656915	77657359	LTR/ERVL-MaLR	1251	+	222	77657137	28161
chr16	77628976	77828976	harbor1	chr16	77657730	77657790	LTR/ERVL-MaLR	1251	+	30	77657760	28784
chr16	77628976	77828976	harbor1	chr16	77659019	77659144	LTR/ERVL-MaLR	719	+	62	77659081	30105
chr16	77628976	77828976	harbor1	chr16	77667103	77667520	LTR/ERVL-MaLR	2527	+	208	77667311	38335
chr16	77628976	77828976	harbor1	chr16	77670222	77670335	LTR/ERVL-MaLR	1119	+	56	77670278	41302
chr16	77628976	77828976	harbor1	chr16	77670634	77670929	LTR/ERVL-MaLR	1119	+	148	77670782	41806
chr16	77628976	77828976	harbor1	chr16	77697087	77697573	LTR/ERVL-MaLR	1900	+	243	77697330	68354
chr16	77628976	77828976	harbor1	chr16	77701733	77702107	LTR/ERVL-MaLR	1485	+	187	77701920	72944
chr16	77628976	77828976	harbor1	chr16	77702422	77702490	LTR/ERVL-MaLR	1485	+	34	77702456	73480
chr16	53312008	53512008	harbor1	chr16	53328764	53329194	LTR/ERVL-MaLR	1751	+	215	53328979	16971
chr16	53312008	53512008	harbor1	chr16	53334120	53334275	LTR/ERVL-MaLR	792	+	78	53334198	22190
chr16	53312008	53512008	harbor1	chr16	53342971	53343161	LTR/ERVL-MaLR	1904	+	95	53343066	31058
chr16	53312008	53512008	harbor1	chr16	53343489	53343501	LTR/ERVL-MaLR	1904	+	6	53343495	31487
chr16	53312008	53512008	harbor1	chr16	53343783	53344059	LTR/ERVL-MaLR	1904	+	138	53343921	31913
chr16	53312008	53512008	harbor1	chr16	53380491	53380856	LTR/ERVL-MaLR	1911	+	182	53380673	68665
chr16	23538564	23738564	harbor1	chr16	23542687	23542802	LTR/ERVL-MaLR	568	+	58	23542745	4181
chr16	23538564	23738564	harbor1	chr16	23544073	23544471	LTR/ERVL-MaLR	1234	+	199	23544272	5708
chr16	23538564	23738564	harbor1	chr16	23605725	23606033	LTR/ERVL-MaLR	1736	+	154	23605879	67315
chr16	28643972	28843972	harbor1	chr16	28702194	28702577	LTR/ERVL-MaLR	1828	+	192	28702386	58414
chr16	61363094	61563094	harbor1	chr16	61373582	61373932	LTR/ERVL-MaLR	2132	+	175	61373757	10663
chr16	61363094	61563094	harbor1	chr16	61383507	61383838	LTR/ERVL-MaLR	1388	+	166	61383673	20579
chr16	61363094	61563094	harbor1	chr16	61390152	61390374	LTR/ERVL-MaLR	696	+	111	61390263	27169
chr16	66749036	66949036	harbor1	chr16	66804642	66804997	LTR/ERVL-MaLR	1949	+	178	66804820	55784
chr16	66749036	66949036	harbor1	chr16	66806880	66807263	LTR/ERVL-MaLR	729	+	192	66807072	58036
chr16	82651258	82851258	harbor1	chr16	82692826	82693324	LTR/ERVL-MaLR	986	+	249	82693075	41817
chr16	82651258	82851258	harbor1	chr16	82714258	82714431	LTR/ERVL-MaLR	1711	+	86	82714344	63086
chr16	82651258	82851258	harbor1	chr16	82714740	82715015	LTR/ERVL-MaLR	1711	+	138	82714878	63620
chr16	82651258	82851258	harbor1	chr16	82723353	82723741	LTR/ERVL-MaLR	944	+	194	82723547	72289
chr16	7029483	7229483	harbor1	chr16	7064006	7064158	LTR/ERVL-MaLR	1802	+	76	7064082	34599
chr16	7029483	7229483	harbor1	chr16	7064468	7064700	LTR/ERVL-MaLR	1802	+	116	7064584	35101
chr16	3963550	4163550	harbor1	chr16	3994020	3994343	LTR/ERVL-MaLR	1731	+	162	3994182	30632
chr16	3963550	4163550	harbor1	chr16	3994809	3994823	LTR/ERVL-MaLR	427	+	7	3994816	31266
chr16	3963550	4163550	harbor1	chr16	4010746	4011079	LTR/ERVL-MaLR	937	+	166	4010912	47362
chr16	3963550	4163550	harbor1	chr16	4037918	4037995	LTR/ERVL-MaLR	941	+	38	4037956	74406
chr16	3963550	4163550	harbor1	chr16	4038296	4038599	LTR/ERVL-MaLR	941	+	152	4038448	74898
chr16	64346121	64546121	harbor1	chr16	64350493	64350817	LTR/ERVL-MaLR	1576	+	162	64350655	4534
chr16	64346121	64546121	harbor1	chr16	64350823	64351361	LTR/ERVL-MaLR	3379	+	269	64351092	4971
chr16	64346121	64546121	harbor1	chr16	64351629	64351900	LTR/ERVL-MaLR	3379	+	136	64351765	5644
chr16	64346121	64546121	harbor1	chr16	64351892	64352568	LTR/ERVL-MaLR	1948	+	338	64352230	6109
chr16	64346121	64546121	harbor1	chr16	64352569	64352925	LTR/ERVL-MaLR	1775	+	178	64352747	6626
chr16	64346121	64546121	harbor1	chr16	64376286	64376608	LTR/ERVL-MaLR	1552	+	161	64376447	30326
chr16	64346121	64546121	harbor1	chr16	64441731	64442226	LTR/ERVL-MaLR	911	+	248	64441979	95858
chr16	33301098	33501098	harbor1	chr16	33340168	33340426	LTR/ERVL-MaLR	1037	+	129	33340297	39199
chr16	65842735	66042735	harbor1	chr16	65853062	65853417	LTR/ERVL-MaLR	2416	+	178	65853240	10505
chr16	65842735	66042735	harbor1	chr16	65887334	65887718	LTR/ERVL-MaLR	1507	+	192	65887526	44791
chr16	65842735	66042735	harbor1	chr16	65918315	65918619	LTR/ERVL-MaLR	645	+	152	65918467	75732
chr16	65842735	66042735	harbor1	chr16	65933341	65933694	LTR/ERVL-MaLR	2331	+	176	65933517	90782
chr16	65842735	66042735	harbor1	chr16	65938965	65939466	LTR/ERVL-MaLR	2062	+	250	65939215	96480
chr16	5660407	5860407	harbor1	chr16	5687082	5687154	LTR/ERVL-MaLR	471	+	36	5687118	26711
chr16	5660407	5860407	harbor1	chr16	5692233	5692628	LTR/ERVL-MaLR	1329	+	198	5692431	32024
chr16	5660407	5860407	harbor1	chr16	5714210	5714477	LTR/ERVL-MaLR	508	+	134	5714344	53937
chr16	5660407	5860407	harbor1	chr16	5718317	5718467	LTR/ERVL-MaLR	489	+	75	5718392	57985
chr16	88520198	88720198	harbor1	chr16	88545623	88546000	LTR/ERVL-MaLR	699	+	188	88545811	25613
chr16	88520198	88720198	harbor1	chr16	88552660	88552957	LTR/ERVL-MaLR	578	+	148	88552808	32610
chr16	88520198	88720198	harbor1	chr16	88556294	88556678	LTR/ERVL-MaLR	1986	+	192	88556486	36288
chr16	88520198	88720198	harbor1	chr16	88557341	88557750	LTR/ERVL-MaLR	536	+	204	88557545	37347
chr16	55791274	55991274	harbor1	chr16	55817100	55817483	LTR/ERVL-MaLR	979	+	192	55817292	26018
chr16	55791274	55991274	harbor1	chr16	55835088	55835158	LTR/ERVL-MaLR	463	+	35	55835123	43849
chr16	55791274	55991274	harbor1	chr16	55855817	55856236	LTR/ERVL-MaLR	2983	+	210	55856027	64753
chr16	55791274	55991274	harbor1	chr16	55856705	55857008	LTR/ERVL-MaLR	948	+	152	55856857	65583
chr16	55791274	55991274	harbor1	chr16	55859968	55860327	LTR/ERVL-MaLR	2703	+	180	55860148	68874
chr16	55791274	55991274	harbor1	chr16	55869088	55869466	LTR/ERVL-MaLR	1009	+	189	55869277	78003
chr16	428632	628632	harbor1	chr16	472741	473136	LTR/ERVL-MaLR	973	+	198	472939	44307
chr16	9610192	9810192	harbor1	chr16	9624376	9624589	LTR/ERVL-MaLR	2288	+	106	9624482	14290
chr16	9610192	9810192	harbor1	chr16	9624619	9624824	LTR/ERVL-MaLR	2288	+	102	9624721	14529
chr16	9610192	9810192	harbor1	chr16	9631380	9631728	LTR/ERVL-MaLR	2130	+	174	9631554	21362
chr16	9610192	9810192	harbor1	chr16	9644288	9644552	LTR/ERVL-MaLR	629	+	132	9644420	34228
chr16	9610192	9810192	harbor1	chr16	9651098	9651536	LTR/ERVL-MaLR	1664	+	219	9651317	41125
chr16	9610192	9810192	harbor1	chr16	9698267	9698530	LTR/ERVL-MaLR	1144	+	132	9698399	88207
chr16	9610192	9810192	harbor1	chr16	9699064	9699256	LTR/ERVL-MaLR	1144	+	96	9699160	88968
chr16	9610192	9810192	harbor1	chr16	9707858	9708240	LTR/ERVL-MaLR	2057	+	191	9708049	97857
chr16	56913112	57113112	harbor1	chr16	56928414	56928714	LTR/ERVL-MaLR	1730	+	150	56928564	15452
chr16	56913112	57113112	harbor1	chr16	56929311	56929448	LTR/ERVL-MaLR	1730	+	68	56929379	16267
chr16	56913112	57113112	harbor1	chr16	56991823	56992273	LTR/ERVL-MaLR	1803	+	225	56992048	78936
chr16	82195950	82395950	harbor1	chr16	82213324	82213809	LTR/ERVL-MaLR	2157	+	242	82213566	17616
chr16	82195950	82395950	harbor1	chr16	82214332	82214708	LTR/ERVL-MaLR	2750	+	188	82214520	18570
chr16	82195950	82395950	harbor1	chr16	82222679	82223098	LTR/ERVL-MaLR	2496	+	210	82222889	26939
chr16	82195950	82395950	harbor1	chr16	82244610	82244858	LTR/ERVL-MaLR	1423	+	124	82244734	48784
chr16	82195950	82395950	harbor1	chr16	82257468	82257633	LTR/ERVL-MaLR	1277	+	82	82257550	61600
chr16	82195950	82395950	harbor1	chr16	82257951	82258175	LTR/ERVL-MaLR	1277	+	112	82258063	62113
chr16	82195950	82395950	harbor1	chr16	82260452	82260813	LTR/ERVL-MaLR	1906	+	180	82260632	64682
chr16	82195950	82395950	harbor1	chr16	82294166	82294397	LTR/ERVL-MaLR	853	+	116	82294282	98332
chr16	60501510	60701510	harbor1	chr16	60529007	60529431	LTR/ERVL-MaLR	1397	+	212	60529219	27709
chr16	60501510	60701510	harbor1	chr16	60542721	60542919	LTR/ERVL-MaLR	679	+	99	60542820	41310
chr16	60501510	60701510	harbor1	chr16	60591147	60591645	LTR/ERVL-MaLR	1510	+	249	60591396	89886
chr16	64664388	64864388	harbor1	chr16	64673557	64673980	LTR/ERVL-MaLR	1075	+	212	64673769	9381
chr16	64664388	64864388	harbor1	chr16	64695509	64695958	LTR/ERVL-MaLR	683	+	224	64695733	31345
chr16	64664388	64864388	harbor1	chr16	64707441	64707669	LTR/ERVL-MaLR	546	+	114	64707555	43167
chr16	64664388	64864388	harbor1	chr16	64707766	64707870	LTR/ERVL-MaLR	496	+	52	64707818	43430
chr16	64664388	64864388	harbor1	chr16	64708359	64708736	LTR/ERVL-MaLR	1172	+	188	64708547	44159
chr16	64664388	64864388	harbor1	chr16	64737647	64738068	LTR/ERVL-MaLR	1713	+	210	64737857	73469
chr16	53073087	53273087	harbor1	chr16	53073525	53073869	LTR/ERVL-MaLR	2219	+	172	53073697	610
chr16	53073087	53273087	harbor1	chr16	53073870	53075436	LTR/ERVL-MaLR	12241	+	783	53074653	1566
chr16	53073087	53273087	harbor1	chr16	53075437	53075799	LTR/ERVL-MaLR	2321	+	181	53075618	2531
chr16	53073087	53273087	harbor1	chr16	53078192	53078574	LTR/ERVL-MaLR	1665	+	191	53078383	5296
chr16	20653	220653	harbor1	chr16	27259	27445	LTR/ERVL-MaLR	757	+	93	27352	6699
chr16	20653	220653	harbor1	chr16	27750	27848	LTR/ERVL-MaLR	757	+	49	27799	7146
chr16	20653	220653	harbor1	chr16	28408	28525	LTR/ERVL-MaLR	608	+	58	28466	7813
chr16	20653	220653	harbor1	chr16	48425	48529	LTR/ERVL-MaLR	450	+	52	48477	27824
chr16	20653	220653	harbor1	chr16	48826	48871	LTR/ERVL-MaLR	450	+	22	48848	28195
chr16	66527450	66727450	harbor1	chr16	66530376	66530554	LTR/ERVL-MaLR	539	+	89	66530465	3015
chr16	66527450	66727450	harbor1	chr16	66533626	66533725	LTR/ERVL-MaLR	1801	+	50	66533676	6226
chr16	66527450	66727450	harbor1	chr16	66534028	66534298	LTR/ERVL-MaLR	1801	+	135	66534163	6713
chr16	66527450	66727450	harbor1	chr16	66583886	66584035	LTR/ERVL-MaLR	1382	+	74	66583960	56510
chr16	66527450	66727450	harbor1	chr16	66594043	66594425	LTR/ERVL-MaLR	1246	+	191	66594234	66784
chr16	66527450	66727450	harbor1	chr16	66584334	66584617	LTR/ERVL-MaLR	1382	+	142	66584476	57026
chr16	17878368	18078368	harbor1	chr16	17880969	17881331	LTR/ERVL-MaLR	2622	+	181	17881150	2782
chr16	17878368	18078368	harbor1	chr16	17917717	17917895	LTR/ERVL-MaLR	748	+	89	17917806	39438
chr16	17878368	18078368	harbor1	chr16	17917929	17917968	LTR/ERVL-MaLR	748	+	20	17917949	39581
chr16	17878368	18078368	harbor1	chr16	17918171	17918350	LTR/ERVL-MaLR	1011	+	90	17918261	39893
chr16	17878368	18078368	harbor1	chr16	17933377	17933748	LTR/ERVL-MaLR	2357	+	186	17933563	55195
chr16	17878368	18078368	harbor1	chr16	17959290	17959442	LTR/ERVL-MaLR	822	+	76	17959366	80998
chr16	17878368	18078368	harbor1	chr16	17959863	17960143	LTR/ERVL-MaLR	889	+	140	17960003	81635
chr16	17878368	18078368	harbor1	chr16	17960440	17960489	LTR/ERVL-MaLR	889	+	24	17960464	82096
chr16	17878368	18078368	harbor1	chr16	17967106	17967520	LTR/ERVL-MaLR	2629	+	207	17967313	88945
chr16	60532826	60732826	harbor1	chr16	60542721	60542919	LTR/ERVL-MaLR	679	+	99	60542820	9994
chr16	60532826	60732826	harbor1	chr16	60591147	60591645	LTR/ERVL-MaLR	1510	+	249	60591396	58570
chr16	84270862	84470862	harbor1	chr16	84274758	84275177	LTR/ERVL-MaLR	1288	+	210	84274968	4106
chr16	84270862	84470862	harbor1	chr16	84300505	84300687	LTR/ERVL-MaLR	1786	+	91	84300596	29734
chr16	84270862	84470862	harbor1	chr16	84301002	84301300	LTR/ERVL-MaLR	1786	+	149	84301151	30289
chr16	84270862	84470862	harbor1	chr16	84349634	84350173	LTR/ERVL-MaLR	2095	+	270	84349904	79042
chr16	63465982	63665982	harbor1	chr16	63480591	63480924	LTR/ERVL-MaLR	1598	+	166	63480757	14775
chr16	63465982	63665982	harbor1	chr16	63562576	63562981	LTR/ERVL-MaLR	1982	+	202	63562778	96796
chr16	14233975	14433975	harbor1	chr16	14256364	14256821	LTR/ERVL-MaLR	1634	+	228	14256592	22617
chr16	14233975	14433975	harbor1	chr16	14291811	14291902	LTR/ERVL-MaLR	501	+	46	14291857	57882
chr16	19150381	19350381	harbor1	chr16	19191243	19191588	LTR/ERVL-MaLR	1697	+	172	19191415	41034
chr16	19150381	19350381	harbor1	chr16	19206888	19207319	LTR/ERVL-MaLR	2628	+	216	19207104	56723
chr16	64668348	64868348	harbor1	chr16	64673557	64673980	LTR/ERVL-MaLR	1075	+	212	64673769	5421
chr16	64668348	64868348	harbor1	chr16	64695509	64695958	LTR/ERVL-MaLR	683	+	224	64695733	27385
chr16	64668348	64868348	harbor1	chr16	64707441	64707669	LTR/ERVL-MaLR	546	+	114	64707555	39207
chr16	64668348	64868348	harbor1	chr16	64707766	64707870	LTR/ERVL-MaLR	496	+	52	64707818	39470
chr16	64668348	64868348	harbor1	chr16	64708359	64708736	LTR/ERVL-MaLR	1172	+	188	64708547	40199
chr16	64668348	64868348	harbor1	chr16	64737647	64738068	LTR/ERVL-MaLR	1713	+	210	64737857	69509
chr16	13545688	13745688	harbor1	chr16	13545825	13546056	LTR/ERVL-MaLR	746	+	116	13545941	253
chr16	13545688	13745688	harbor1	chr16	13568852	13569290	LTR/ERVL-MaLR	1194	+	219	13569071	23383
chr16	13545688	13745688	harbor1	chr16	13595781	13596144	LTR/ERVL-MaLR	1428	+	182	13595963	50275
chr16	13545688	13745688	harbor1	chr16	13615358	13615599	LTR/ERVL-MaLR	782	+	120	13615478	69790
chr16	13545688	13745688	harbor1	chr16	13619322	13619685	LTR/ERVL-MaLR	2142	+	182	13619504	73816
chr16	13545688	13745688	harbor1	chr16	13633073	13633516	LTR/ERVL-MaLR	1991	+	222	13633295	87607
chr16	13545688	13745688	harbor1	chr16	13635903	13636276	LTR/ERVL-MaLR	2446	+	186	13636089	90401
chr16	13545688	13745688	harbor1	chr16	13641217	13641592	LTR/ERVL-MaLR	2029	+	188	13641405	95717
chr16	27884862	28084862	harbor1	chr16	27886840	27886943	LTR/ERVL-MaLR	1113	+	52	27886892	2030
chr16	27884862	28084862	harbor1	chr16	27887255	27887537	LTR/ERVL-MaLR	1113	+	141	27887396	2534
chr16	27884862	28084862	harbor1	chr16	27896312	27896432	LTR/ERVL-MaLR	1947	+	60	27896372	11510
chr16	27884862	28084862	harbor1	chr16	27896574	27896857	LTR/ERVL-MaLR	1947	+	142	27896716	11854
chr16	27884862	28084862	harbor1	chr16	27897164	27897291	LTR/ERVL-MaLR	1947	+	64	27897228	12366
chr16	27884862	28084862	harbor1	chr16	27907057	27907418	LTR/ERVL-MaLR	1035	+	180	27907237	22375
chr16	27884862	28084862	harbor1	chr16	27907986	27908249	LTR/ERVL-MaLR	469	+	132	27908118	23256
chr16	27884862	28084862	harbor1	chr16	27929224	27929727	LTR/ERVL-MaLR	1503	+	252	27929476	44614
chr16	27884862	28084862	harbor1	chr16	27936241	27936656	LTR/ERVL-MaLR	2480	+	208	27936449	51587
chr16	27884862	28084862	harbor1	chr16	27962149	27962599	LTR/ERVL-MaLR	1514	+	225	27962374	77512
chr16	27884862	28084862	harbor1	chr16	27982339	27982564	LTR/ERVL-MaLR	515	+	112	27982451	97589
chr16	27884862	28084862	harbor1	chr16	27982964	27983053	LTR/ERVL-MaLR	515	+	44	27983008	98146
chr16	27884862	28084862	harbor1	chr16	27983360	27983438	LTR/ERVL-MaLR	515	+	39	27983399	98537
chr16	79909712	80109712	harbor1	chr16	79941680	79942045	LTR/ERVL-MaLR	1142	+	182	79941862	32150
chr16	79909712	80109712	harbor1	chr16	79971546	79971646	LTR/ERVL-MaLR	451	+	50	79971596	61884
chr16	79909712	80109712	harbor1	chr16	79973026	79973398	LTR/ERVL-MaLR	1373	+	186	79973212	63500
chr16	79909712	80109712	harbor1	chr16	79978078	79978485	LTR/ERVL-MaLR	2371	+	204	79978282	68570
chr16	79909712	80109712	harbor1	chr16	80004166	80004672	LTR/ERVL-MaLR	1156	+	253	80004419	94707
chr16	79909712	80109712	harbor1	chr16	80008352	80008780	LTR/ERVL-MaLR	2622	+	214	80008566	98854
chr16	79909712	80109712	harbor1	chr16	80009498	80009754	LTR/ERVL-MaLR	1531	+	128	80009626	99914
chr17	16615146	16815146	harbor1	chr17	16643854	16644270	LTR/ERVL-MaLR	2167	+	208	16644062	28916
chr17	16615146	16815146	harbor1	chr17	16677432	16677562	LTR/ERVL-MaLR	617	+	65	16677497	62351
chr17	28325298	28525298	harbor1	chr17	28402783	28403274	LTR/ERVL-MaLR	1292	+	246	28403029	77731
chr17	54213243	54413243	harbor1	chr17	54214733	54214842	LTR/ERVL-MaLR	529	+	54	54214787	1544
chr17	54213243	54413243	harbor1	chr17	54226867	54227216	LTR/ERVL-MaLR	2157	+	174	54227041	13798
chr17	54213243	54413243	harbor1	chr17	54227221	54228770	LTR/ERVL-MaLR	11470	+	774	54227995	14752
chr17	54213243	54413243	harbor1	chr17	54228771	54229125	LTR/ERVL-MaLR	2323	+	177	54228948	15705
chr17	54213243	54413243	harbor1	chr17	54234704	54235096	LTR/ERVL-MaLR	1526	+	196	54234900	21657
chr17	54213243	54413243	harbor1	chr17	54244622	54245202	LTR/ERVL-MaLR	2168	+	290	54244912	31669
chr17	54213243	54413243	harbor1	chr17	54254847	54255284	LTR/ERVL-MaLR	2176	+	218	54255065	41822
chr17	54213243	54413243	harbor1	chr17	54258400	54258837	LTR/ERVL-MaLR	957	+	218	54258618	45375
chr17	54213243	54413243	harbor1	chr17	54260864	54261327	LTR/ERVL-MaLR	1380	+	232	54261096	47853
chr17	54213243	54413243	harbor1	chr17	54294493	54294839	LTR/ERVL-MaLR	2022	+	173	54294666	81423
chr17	54213243	54413243	harbor1	chr17	54306906	54307341	LTR/ERVL-MaLR	1437	+	218	54307124	93881
chr17	54213243	54413243	harbor1	chr17	54214481	54214680	LTR/ERVL-MaLR	588	+	100	54214581	1338
chr17	53704825	53904825	harbor1	chr17	53786552	53786917	LTR/ERVL-MaLR	1465	+	182	53786734	81909
chr17	7881354	8081354	harbor1	chr17	7918637	7919052	LTR/ERVL-MaLR	1049	+	208	7918845	37491
chr17	7881354	8081354	harbor1	chr17	7919967	7920026	LTR/ERVL-MaLR	1049	+	30	7919997	38643
chr17	28001894	28201894	harbor1	chr17	28010720	28011131	LTR/ERVL-MaLR	2485	+	206	28010926	9032
chr17	82409283	82609283	harbor1	chr17	82420129	82420568	LTR/ERVL-MaLR	1758	+	220	82420349	11066
chr17	82409283	82609283	harbor1	chr17	82420866	82420917	LTR/ERVL-MaLR	1758	+	26	82420892	11609
chr17	60270176	60470176	harbor1	chr17	60286227	60286513	LTR/ERVL-MaLR	931	+	143	60286370	16194
chr17	60270176	60470176	harbor1	chr17	60287606	60287727	LTR/ERVL-MaLR	931	+	60	60287666	17490
chr17	60270176	60470176	harbor1	chr17	60296210	60296647	LTR/ERVL-MaLR	1811	+	218	60296428	26252
chr17	60270176	60470176	harbor1	chr17	60352145	60352543	LTR/ERVL-MaLR	679	+	199	60352344	82168
chr17	60270176	60470176	harbor1	chr17	60353031	60353399	LTR/ERVL-MaLR	726	+	184	60353215	83039
chr17	18529767	18729767	harbor1	chr17	18555398	18555890	LTR/ERVL-MaLR	1348	+	246	18555644	25877
chr17	18529767	18729767	harbor1	chr17	18556556	18557412	LTR/ERVL-MaLR	1673	+	428	18556984	27217
chr17	18529767	18729767	harbor1	chr17	18591524	18591875	LTR/ERVL-MaLR	1862	+	176	18591700	61933
chr17	18803951	19003951	harbor1	chr17	18807124	18807491	LTR/ERVL-MaLR	1006	+	184	18807308	3357
chr17	18803951	19003951	harbor1	chr17	18807784	18807890	LTR/ERVL-MaLR	1006	+	53	18807837	3886
chr17	18803951	19003951	harbor1	chr17	18821620	18821946	LTR/ERVL-MaLR	700	+	163	18821783	17832
chr17	66329241	66529241	harbor1	chr17	66394623	66394964	LTR/ERVL-MaLR	1938	+	170	66394793	65552
chr17	66329241	66529241	harbor1	chr17	66407183	66407579	LTR/ERVL-MaLR	2369	+	198	66407381	78140
chr17	66329241	66529241	harbor1	chr17	66414136	66414541	LTR/ERVL-MaLR	2585	+	202	66414338	85097
chr17	66329241	66529241	harbor1	chr17	66426744	66426886	LTR/ERVL-MaLR	502	+	71	66426815	97574
chr17	50923982	51123982	harbor1	chr17	50994072	50994426	LTR/ERVL-MaLR	2602	+	177	50994249	70267
chr17	50923982	51123982	harbor1	chr17	51018936	51019275	LTR/ERVL-MaLR	1975	+	170	51019106	95124
chr17	50923982	51123982	harbor1	chr17	51019876	51019931	LTR/ERVL-MaLR	1975	+	28	51019904	95922
chr17	46059641	46259641	harbor1	chr17	46089954	46090383	LTR/ERVL-MaLR	1459	+	214	46090168	30527
chr17	46059641	46259641	harbor1	chr17	46117027	46117344	LTR/ERVL-MaLR	686	+	158	46117185	57544
chr17	22427487	22627487	harbor1	chr17	22470486	22470929	LTR/ERVL-MaLR	1448	+	222	22470708	43221
chr17	22427487	22627487	harbor1	chr17	22471035	22471264	LTR/ERVL-MaLR	1262	+	114	22471149	43662
chr17	22427487	22627487	harbor1	chr17	22471305	22471482	LTR/ERVL-MaLR	1262	+	88	22471393	43906
chr17	22427487	22627487	harbor1	chr17	22507366	22507629	LTR/ERVL-MaLR	1247	+	132	22507498	80011
chr17	22427487	22627487	harbor1	chr17	22507921	22508010	LTR/ERVL-MaLR	1247	+	44	22507965	80478
chr17	51323513	51523513	harbor1	chr17	51336253	51336583	LTR/ERVL-MaLR	1760	+	165	51336418	12905
chr17	51323513	51523513	harbor1	chr17	51398136	51398619	LTR/ERVL-MaLR	2395	+	242	51398378	74865
chr17	51323513	51523513	harbor1	chr17	51405702	51406050	LTR/ERVL-MaLR	2335	+	174	51405876	82363
chr17	51323513	51523513	harbor1	chr17	51411327	51411853	LTR/ERVL-MaLR	2023	+	263	51411590	88077
chr17	51323513	51523513	harbor1	chr17	51420490	51420843	LTR/ERVL-MaLR	2628	+	176	51420666	97153
chr17	51323513	51523513	harbor1	chr17	51422261	51422691	LTR/ERVL-MaLR	873	+	215	51422476	98963
chr17	76043571	76243571	harbor1	chr17	76048344	76048804	LTR/ERVL-MaLR	1586	+	230	76048574	5003
chr17	76043571	76243571	harbor1	chr17	76113023	76113135	LTR/ERVL-MaLR	1566	+	56	76113079	69508
chr17	76043571	76243571	harbor1	chr17	76113299	76113567	LTR/ERVL-MaLR	1619	+	134	76113433	69862
chr17	71872766	72072766	harbor1	chr17	71884699	71885044	LTR/ERVL-MaLR	2216	+	172	71884871	12105
chr17	71872766	72072766	harbor1	chr17	71888265	71888477	LTR/ERVL-MaLR	769	+	106	71888371	15605
chr17	71872766	72072766	harbor1	chr17	71943909	71944262	LTR/ERVL-MaLR	2071	+	176	71944085	71319
chr17	71872766	72072766	harbor1	chr17	71944263	71945828	LTR/ERVL-MaLR	12202	+	782	71945045	72279
chr17	71872766	72072766	harbor1	chr17	71945836	71946198	LTR/ERVL-MaLR	2078	+	181	71946017	73251
chr17	71872766	72072766	harbor1	chr17	71947287	71947678	LTR/ERVL-MaLR	2185	+	196	71947483	74717
chr17	71872766	72072766	harbor1	chr17	71957345	71957395	LTR/ERVL-MaLR	1424	+	25	71957370	84604
chr17	71872766	72072766	harbor1	chr17	71957709	71957912	LTR/ERVL-MaLR	1424	+	102	71957811	85045
chr17	71872766	72072766	harbor1	chr17	71967840	71968096	LTR/ERVL-MaLR	1328	+	128	71967968	95202
chr17	71872766	72072766	harbor1	chr17	71968716	71969102	LTR/ERVL-MaLR	1427	+	193	71968909	96143
chr17	71872766	72072766	harbor1	chr17	71971540	71971916	LTR/ERVL-MaLR	2141	+	188	71971728	98962
chr17	22311968	22511968	harbor1	chr17	22372887	22373271	LTR/ERVL-MaLR	1652	+	192	22373079	61111
chr17	15828419	16028419	harbor1	chr17	15856025	15856436	LTR/ERVL-MaLR	1709	+	206	15856231	27812
chr17	15828419	16028419	harbor1	chr17	15856441	15857791	LTR/ERVL-MaLR	9071	+	675	15857116	28697
chr17	64339005	64539005	harbor1	chr17	64355700	64355889	LTR/ERVL-MaLR	528	+	94	64355794	16789
chr17	64339005	64539005	harbor1	chr17	64384478	64384849	LTR/ERVL-MaLR	1414	+	186	64384664	45659
chr17	64339005	64539005	harbor1	chr17	64402821	64402979	LTR/ERVL-MaLR	1625	+	79	64402900	63895
chr17	64339005	64539005	harbor1	chr17	64403283	64403434	LTR/ERVL-MaLR	1625	+	76	64403359	64354
chr17	64339005	64539005	harbor1	chr17	64403747	64403777	LTR/ERVL-MaLR	1625	+	15	64403762	64757
chr17	64339005	64539005	harbor1	chr17	64435708	64436063	LTR/ERVL-MaLR	2347	+	178	64435886	96881
chr17	1190416	1390416	harbor1	chr17	1221112	1221596	LTR/ERVL-MaLR	1154	+	242	1221354	30938
chr17	20994147	21194147	harbor1	chr17	21005787	21006183	LTR/ERVL-MaLR	665	+	198	21005985	11838
chr17	20994147	21194147	harbor1	chr17	21069369	21069704	LTR/ERVL-MaLR	1210	+	168	21069537	75390
chr17	20994147	21194147	harbor1	chr17	21077339	21077769	LTR/ERVL-MaLR	1719	+	215	21077554	83407
chr17	35080978	35280978	harbor1	chr17	35094911	35095183	LTR/ERVL-MaLR	968	+	136	35095047	14069
chr17	35080978	35280978	harbor1	chr17	35096184	35096206	LTR/ERVL-MaLR	968	+	11	35096195	15217
chr17	35080978	35280978	harbor1	chr17	35096334	35096578	LTR/ERVL-MaLR	968	+	122	35096456	15478
chr17	35080978	35280978	harbor1	chr17	35096868	35096927	LTR/ERVL-MaLR	968	+	30	35096898	15920
chr17	35080978	35280978	harbor1	chr17	35143889	35143921	LTR/ERVL-MaLR	904	+	16	35143905	62927
chr17	35080978	35280978	harbor1	chr17	35144138	35144200	LTR/ERVL-MaLR	904	+	31	35144169	63191
chr17	35080978	35280978	harbor1	chr17	35144520	35144874	LTR/ERVL-MaLR	1032	+	177	35144697	63719
chr17	1424888	1624888	harbor1	chr17	1463282	1463812	LTR/ERVL-MaLR	1252	+	265	1463547	38659
chr17	51818734	52018734	harbor1	chr17	51827744	51828166	LTR/ERVL-MaLR	1630	+	211	51827955	9221
chr17	51818734	52018734	harbor1	chr17	51831184	51831360	LTR/ERVL-MaLR	483	+	88	51831272	12538
chr17	51818734	52018734	harbor1	chr17	51844694	51844812	LTR/ERVL-MaLR	480	+	59	51844753	26019
chr17	51818734	52018734	harbor1	chr17	51844861	51845240	LTR/ERVL-MaLR	1519	+	190	51845051	26317
chr17	51818734	52018734	harbor1	chr17	51845251	51845584	LTR/ERVL-MaLR	696	+	166	51845417	26683
chr17	51818734	52018734	harbor1	chr17	51853642	51853992	LTR/ERVL-MaLR	2219	+	175	51853817	35083
chr17	51818734	52018734	harbor1	chr17	51876961	51877340	LTR/ERVL-MaLR	701	+	190	51877151	58417
chr17	51818734	52018734	harbor1	chr17	51894635	51894790	LTR/ERVL-MaLR	922	+	78	51894713	75979
chr17	51818734	52018734	harbor1	chr17	51916361	51916711	LTR/ERVL-MaLR	2362	+	175	51916536	97802
chr17	79648872	79848872	harbor1	chr17	79651871	79652187	LTR/ERVL-MaLR	1352	+	158	79652029	3157
chr17	79648872	79848872	harbor1	chr17	79694038	79694423	LTR/ERVL-MaLR	663	+	192	79694230	45358
chr17	79648872	79848872	harbor1	chr17	79695652	79695825	LTR/ERVL-MaLR	498	+	86	79695738	46866
chr17	79648872	79848872	harbor1	chr17	79700652	79701025	LTR/ERVL-MaLR	1434	+	186	79700838	51966
chr17	79648872	79848872	harbor1	chr17	79713328	79713734	LTR/ERVL-MaLR	1331	+	203	79713531	64659
chr17	79648872	79848872	harbor1	chr17	79719594	79719859	LTR/ERVL-MaLR	645	+	132	79719726	70854
chr17	35430322	35630322	harbor1	chr17	35482196	35482347	LTR/ERVL-MaLR	1696	+	76	35482272	51950
chr17	35430322	35630322	harbor1	chr17	35483432	35483632	LTR/ERVL-MaLR	1696	+	100	35483532	53210
chr17	82924913	83124913	harbor1	chr17	82982496	82982718	LTR/ERVL-MaLR	953	+	111	82982607	57694
chr17	82924913	83124913	harbor1	chr17	82983778	82984004	LTR/ERVL-MaLR	635	+	113	82983891	58978
chr17	82924913	83124913	harbor1	chr17	82984548	82984753	LTR/ERVL-MaLR	656	+	102	82984650	59737
chr17	82924913	83124913	harbor1	chr17	82990724	82991054	LTR/ERVL-MaLR	1295	+	165	82990889	65976
chr17	82924913	83124913	harbor1	chr17	82991238	82991519	LTR/ERVL-MaLR	1598	+	140	82991378	66465
chr17	82924913	83124913	harbor1	chr17	83008566	83008867	LTR/ERVL-MaLR	552	+	150	83008716	83803
chr17	74282093	74482093	harbor1	chr17	74288505	74288616	LTR/ERVL-MaLR	574	+	56	74288561	6468
chr17	74282093	74482093	harbor1	chr17	74377215	74377308	LTR/ERVL-MaLR	504	+	46	74377261	95168
chr17	65239108	65439108	harbor1	chr17	65240193	65240561	LTR/ERVL-MaLR	2085	+	184	65240377	1269
chr17	65239108	65439108	harbor1	chr17	65241547	65241885	LTR/ERVL-MaLR	1256	+	169	65241716	2608
chr17	65239108	65439108	harbor1	chr17	65252096	65252475	LTR/ERVL-MaLR	2416	+	190	65252286	13178
chr17	65239108	65439108	harbor1	chr17	65255961	65256319	LTR/ERVL-MaLR	2085	+	179	65256140	17032
chr17	65239108	65439108	harbor1	chr17	65265949	65266365	LTR/ERVL-MaLR	2429	+	208	65266157	27049
chr17	65239108	65439108	harbor1	chr17	65268509	65268945	LTR/ERVL-MaLR	1281	+	218	65268727	29619
chr17	65239108	65439108	harbor1	chr17	65281819	65282186	LTR/ERVL-MaLR	2424	+	184	65282003	42895
chr17	65239108	65439108	harbor1	chr17	65288037	65288469	LTR/ERVL-MaLR	1977	+	216	65288253	49145
chr17	65239108	65439108	harbor1	chr17	65299516	65299754	LTR/ERVL-MaLR	2322	+	119	65299635	60527
chr17	65239108	65439108	harbor1	chr17	65300061	65300233	LTR/ERVL-MaLR	2322	+	86	65300147	61039
chr17	65239108	65439108	harbor1	chr17	65328553	65329079	LTR/ERVL-MaLR	2304	+	263	65328816	89708
chr17	65239108	65439108	harbor1	chr17	65331766	65332210	LTR/ERVL-MaLR	1791	+	222	65331988	92880
chr17	18335767	18535767	harbor1	chr17	18371384	18371607	LTR/ERVL-MaLR	785	+	112	18371496	35729
chr17	18335767	18535767	harbor1	chr17	18373925	18374357	LTR/ERVL-MaLR	1880	+	216	18374141	38374
chr17	18335767	18535767	harbor1	chr17	18391451	18391791	LTR/ERVL-MaLR	1701	+	170	18391621	55854
chr17	18335767	18535767	harbor1	chr17	18414000	18414435	LTR/ERVL-MaLR	1205	+	218	18414218	78451
chr17	18335767	18535767	harbor1	chr17	18415848	18416217	LTR/ERVL-MaLR	1739	+	184	18416032	80265
chr17	18335767	18535767	harbor1	chr17	18416512	18416575	LTR/ERVL-MaLR	1739	+	32	18416544	80777
chr17	41609907	41809907	harbor1	chr17	41640859	41640889	LTR/ERVL-MaLR	1764	+	15	41640874	30967
chr17	41609907	41809907	harbor1	chr17	41641201	41641599	LTR/ERVL-MaLR	1764	+	199	41641400	31493
chr17	41609907	41809907	harbor1	chr17	41645137	41645556	LTR/ERVL-MaLR	1884	+	210	41645347	35440
chr17	76601103	76801103	harbor1	chr17	76612837	76613042	LTR/ERVL-MaLR	503	+	102	76612939	11836
chr17	76601103	76801103	harbor1	chr17	76674610	76675127	LTR/ERVL-MaLR	1160	+	258	76674868	73765
chr17	76601103	76801103	harbor1	chr17	76697038	76697439	LTR/ERVL-MaLR	1908	+	200	76697238	96135
chr17	37824940	38024940	harbor1	chr17	37859686	37859904	LTR/ERVL-MaLR	1204	+	109	37859795	34855
chr17	37824940	38024940	harbor1	chr17	37860207	37860438	LTR/ERVL-MaLR	1204	+	116	37860323	35383
chr17	37824940	38024940	harbor1	chr17	37860439	37860893	LTR/ERVL-MaLR	2023	+	227	37860666	35726
chr17	37824940	38024940	harbor1	chr17	37886103	37886501	LTR/ERVL-MaLR	1698	+	199	37886302	61362
chr17	37824940	38024940	harbor1	chr17	37919449	37919569	LTR/ERVL-MaLR	614	+	60	37919509	94569
chr17	37824940	38024940	harbor1	chr17	37922501	37922840	LTR/ERVL-MaLR	1825	+	170	37922671	97731
chr17	21309297	21509297	harbor1	chr17	21318656	21318956	LTR/ERVL-MaLR	1179	+	150	21318806	9509
chr17	21309297	21509297	harbor1	chr17	21319251	21319301	LTR/ERVL-MaLR	1179	+	25	21319276	9979
chr17	21309297	21509297	harbor1	chr17	21326844	21327365	LTR/ERVL-MaLR	1820	+	260	21327104	17807
chr17	21309297	21509297	harbor1	chr17	21330209	21330851	LTR/ERVL-MaLR	953	+	321	21330530	21233
chr17	45160966	45360966	harbor1	chr17	45186105	45186164	LTR/ERVL-MaLR	914	+	30	45186135	25169
chr17	45160966	45360966	harbor1	chr17	45186460	45186490	LTR/ERVL-MaLR	914	+	15	45186475	25509
chr17	45160966	45360966	harbor1	chr17	45186785	45187086	LTR/ERVL-MaLR	1267	+	150	45186935	25969
chr17	82920787	83120787	harbor1	chr17	82982496	82982718	LTR/ERVL-MaLR	953	+	111	82982607	61820
chr17	82920787	83120787	harbor1	chr17	82983778	82984004	LTR/ERVL-MaLR	635	+	113	82983891	63104
chr17	82920787	83120787	harbor1	chr17	82984548	82984753	LTR/ERVL-MaLR	656	+	102	82984650	63863
chr17	82920787	83120787	harbor1	chr17	82990724	82991054	LTR/ERVL-MaLR	1295	+	165	82990889	70102
chr17	82920787	83120787	harbor1	chr17	82991238	82991519	LTR/ERVL-MaLR	1598	+	140	82991378	70591
chr17	82920787	83120787	harbor1	chr17	83008566	83008867	LTR/ERVL-MaLR	552	+	150	83008716	87929
chr17	22159431	22359431	harbor1	chr17	22181331	22181674	LTR/ERVL-MaLR	1927	+	172	22181503	22072
chr17	22159431	22359431	harbor1	chr17	22181684	22183264	LTR/ERVL-MaLR	11498	+	790	22182474	23043
chr17	22159431	22359431	harbor1	chr17	22183266	22183449	LTR/ERVL-MaLR	1227	+	92	22183358	23927
chr17	7988100	8188100	harbor1	chr17	7988322	7988684	LTR/ERVL-MaLR	765	+	181	7988503	403
chr17	7988100	8188100	harbor1	chr17	8021205	8021365	LTR/ERVL-MaLR	522	+	80	8021285	33185
chr17	7988100	8188100	harbor1	chr17	8025976	8026386	LTR/ERVL-MaLR	588	+	205	8026181	38081
chr17	7988100	8188100	harbor1	chr17	8028820	8029164	LTR/ERVL-MaLR	616	+	172	8028992	40892
chr17	7988100	8188100	harbor1	chr17	8031216	8031668	LTR/ERVL-MaLR	961	+	226	8031442	43342
chr17	82082923	82282923	harbor1	chr17	82170075	82170228	LTR/ERVL-MaLR	1422	+	76	82170151	87228
chr17	82082923	82282923	harbor1	chr17	82170536	82170769	LTR/ERVL-MaLR	1422	+	116	82170652	87729
chr17	82082923	82282923	harbor1	chr17	82180121	82180452	LTR/ERVL-MaLR	1093	+	166	82180287	97364
chr17	15867466	16067466	harbor1	chr17	15940844	15940989	LTR/ERVL-MaLR	548	+	72	15940916	73450
chr17	15867466	16067466	harbor1	chr17	15942120	15942524	LTR/ERVL-MaLR	2280	+	202	15942322	74856
chr17	62318828	62518828	harbor1	chr17	62339645	62339996	LTR/ERVL-MaLR	2754	+	176	62339821	20993
chr17	66906529	67106529	harbor1	chr17	66920935	66921396	LTR/ERVL-MaLR	1190	+	230	66921165	14636
chr17	66906529	67106529	harbor1	chr17	66921628	66921993	LTR/ERVL-MaLR	2178	+	182	66921810	15281
chr17	66906529	67106529	harbor1	chr17	66929162	66929526	LTR/ERVL-MaLR	2141	+	182	66929344	22815
chr17	66906529	67106529	harbor1	chr17	66936414	66936787	LTR/ERVL-MaLR	2729	+	186	66936600	30071
chr17	66906529	67106529	harbor1	chr17	66938098	66938452	LTR/ERVL-MaLR	2371	+	177	66938275	31746
chr17	66906529	67106529	harbor1	chr17	66941492	66941791	LTR/ERVL-MaLR	817	+	150	66941642	35113
chr17	66906529	67106529	harbor1	chr17	66989160	66989615	LTR/ERVL-MaLR	2009	+	228	66989388	82859
chr17	66906529	67106529	harbor1	chr17	67000954	67001316	LTR/ERVL-MaLR	2774	+	181	67001135	94606
chr17	67652128	67852128	harbor1	chr17	67652835	67653000	LTR/ERVL-MaLR	1687	+	82	67652917	789
chr17	67652128	67852128	harbor1	chr17	67653283	67653544	LTR/ERVL-MaLR	1687	+	130	67653413	1285
chr17	51648157	51848157	harbor1	chr17	51669854	51670189	LTR/ERVL-MaLR	2050	+	168	51670022	21865
chr17	51648157	51848157	harbor1	chr17	51677176	51677581	LTR/ERVL-MaLR	2610	+	202	51677378	29221
chr17	51648157	51848157	harbor1	chr17	51683942	51684403	LTR/ERVL-MaLR	2019	+	230	51684172	36015
chr17	51648157	51848157	harbor1	chr17	51685985	51686348	LTR/ERVL-MaLR	2300	+	182	51686167	38010
chr17	51648157	51848157	harbor1	chr17	51687857	51688378	LTR/ERVL-MaLR	2577	+	260	51688117	39960
chr17	51648157	51848157	harbor1	chr17	51690450	51690812	LTR/ERVL-MaLR	2624	+	181	51690631	42474
chr17	51648157	51848157	harbor1	chr17	51732546	51733097	LTR/ERVL-MaLR	591	+	276	51732822	84665
chr17	42394291	42594291	harbor1	chr17	42454246	42454397	LTR/ERVL-MaLR	1663	+	76	42454322	60031
chr17	42394291	42594291	harbor1	chr17	42454693	42454904	LTR/ERVL-MaLR	1663	+	106	42454799	60508
chr17	42394291	42594291	harbor1	chr17	42455522	42455590	LTR/ERVL-MaLR	1663	+	34	42455556	61265
chr17	68287479	68487479	harbor1	chr17	68311426	68311800	LTR/ERVL-MaLR	1873	+	187	68311613	24134
chr17	68287479	68487479	harbor1	chr17	68312100	68312165	LTR/ERVL-MaLR	1873	+	32	68312132	24653
chr17	68287479	68487479	harbor1	chr17	68361178	68361432	LTR/ERVL-MaLR	868	+	127	68361305	73826
chr17	36508762	36708762	harbor1	chr17	36517691	36517806	LTR/ERVL-MaLR	589	+	58	36517749	8987
chr17	70075526	70275526	harbor1	chr17	70111612	70111967	LTR/ERVL-MaLR	2066	+	178	70111790	36264
chr17	70075526	70275526	harbor1	chr17	70142429	70142780	LTR/ERVL-MaLR	1734	+	176	70142605	67079
chr17	288031	488031	harbor1	chr17	311856	312021	LTR/ERVL-MaLR	1503	+	82	311938	23907
chr17	288031	488031	harbor1	chr17	312312	312532	LTR/ERVL-MaLR	1503	+	110	312422	24391
chr17	288031	488031	harbor1	chr17	355238	355620	LTR/ERVL-MaLR	529	+	191	355429	67398
chr17	288031	488031	harbor1	chr17	371711	371857	LTR/ERVL-MaLR	666	+	73	371784	83753
chr17	288031	488031	harbor1	chr17	372502	372724	LTR/ERVL-MaLR	1120	+	111	372613	84582
chr17	50144722	50344722	harbor1	chr17	50227997	50228274	LTR/ERVL-MaLR	1947	+	138	50228135	83413
chr17	18990903	19190903	harbor1	chr17	19033199	19033577	LTR/ERVL-MaLR	1944	+	189	19033388	42485
chr17	18990903	19190903	harbor1	chr17	19037478	19037823	LTR/ERVL-MaLR	1930	+	172	19037650	46747
chr17	18990903	19190903	harbor1	chr17	19050522	19050642	LTR/ERVL-MaLR	494	+	60	19050582	59679
chr17	18990903	19190903	harbor1	chr17	19072172	19072507	LTR/ERVL-MaLR	1038	+	168	19072340	81437
chr17	18990903	19190903	harbor1	chr17	19080309	19080431	LTR/ERVL-MaLR	487	+	61	19080370	89467
chr17	36605441	36805441	harbor1	chr17	36674223	36674631	LTR/ERVL-MaLR	1199	+	204	36674427	68986
chr17	36605441	36805441	harbor1	chr17	36675078	36675175	LTR/ERVL-MaLR	1194	+	48	36675126	69685
chr17	36605441	36805441	harbor1	chr17	36667272	36667702	LTR/ERVL-MaLR	2466	+	215	36667487	62046
chr17	28390360	28590360	harbor1	chr17	28402783	28403274	LTR/ERVL-MaLR	1292	+	246	28403029	12669
chr17	28390360	28590360	harbor1	chr17	28447250	28447398	LTR/ERVL-MaLR	576	+	74	28447324	56964
chr17	28390360	28590360	harbor1	chr17	28447479	28447647	LTR/ERVL-MaLR	875	+	84	28447563	57203
chr17	40877374	41077374	harbor1	chr17	40921534	40921694	LTR/ERVL-MaLR	2451	+	80	40921614	44240
chr17	40877374	41077374	harbor1	chr17	40922002	40922211	LTR/ERVL-MaLR	2451	+	104	40922106	44732
chr17	40877374	41077374	harbor1	chr17	40948494	40948698	LTR/ERVL-MaLR	1288	+	102	40948596	71222
chr17	40877374	41077374	harbor1	chr17	40949048	40949357	LTR/ERVL-MaLR	1288	+	154	40949202	71828
chr17	40877374	41077374	harbor1	chr17	40963171	40963534	LTR/ERVL-MaLR	2140	+	182	40963353	85979
chr17	4473631	4673631	harbor1	chr17	4565515	4565718	LTR/ERVL-MaLR	561	+	102	4565617	91986
chr17	6028992	6228992	harbor1	chr17	6051076	6051459	LTR/ERVL-MaLR	1844	+	192	6051268	22276
chr17	6028992	6228992	harbor1	chr17	6066889	6067400	LTR/ERVL-MaLR	619	+	256	6067145	38153
chr17	6028992	6228992	harbor1	chr17	6124032	6124460	LTR/ERVL-MaLR	844	+	214	6124246	95254
chr17	63994936	64194936	harbor1	chr17	64032046	64032436	LTR/ERVL-MaLR	1031	+	195	64032241	37305
chr17	63994936	64194936	harbor1	chr17	64068447	64068615	LTR/ERVL-MaLR	500	+	84	64068531	73595
chr17	63994936	64194936	harbor1	chr17	64068623	64069889	LTR/ERVL-MaLR	4784	+	633	64069256	74320
chr17	63994936	64194936	harbor1	chr17	64069955	64070354	LTR/ERVL-MaLR	677	+	200	64070155	75219
chr17	33455197	33655197	harbor1	chr17	33462188	33462554	LTR/ERVL-MaLR	650	+	183	33462371	7174
chr17	33455197	33655197	harbor1	chr17	33483767	33484233	LTR/ERVL-MaLR	2182	+	233	33484000	28803
chr17	33455197	33655197	harbor1	chr17	33490418	33490775	LTR/ERVL-MaLR	2332	+	178	33490596	35399
chr17	33455197	33655197	harbor1	chr17	33499063	33499270	LTR/ERVL-MaLR	890	+	104	33499167	43970
chr17	33455197	33655197	harbor1	chr17	33499271	33499664	LTR/ERVL-MaLR	1643	+	196	33499467	44270
chr17	33455197	33655197	harbor1	chr17	33499665	33500000	LTR/ERVL-MaLR	890	+	168	33499833	44636
chr17	33455197	33655197	harbor1	chr17	33535775	33535977	LTR/ERVL-MaLR	676	+	101	33535876	80679
chr17	33455197	33655197	harbor1	chr17	33546795	33547002	LTR/ERVL-MaLR	618	+	104	33546899	91702
chr17	33455197	33655197	harbor1	chr17	33547188	33547253	LTR/ERVL-MaLR	618	+	32	33547220	92023
chr17	49314948	49514948	harbor1	chr17	49321657	49321993	LTR/ERVL-MaLR	745	+	168	49321825	6877
chr17	49314948	49514948	harbor1	chr17	49326262	49326967	LTR/ERVL-MaLR	1604	+	352	49326614	11666
chr17	49314948	49514948	harbor1	chr17	49328408	49328826	LTR/ERVL-MaLR	2489	+	209	49328617	13669
chr17	49314948	49514948	harbor1	chr17	49338296	49338607	LTR/ERVL-MaLR	841	+	156	49338452	23504
chr17	49314948	49514948	harbor1	chr17	49363687	49363847	LTR/ERVL-MaLR	2327	+	80	49363767	48819
chr17	49314948	49514948	harbor1	chr17	49364150	49364422	LTR/ERVL-MaLR	2327	+	136	49364286	49338
chr17	49314948	49514948	harbor1	chr17	49374194	49374611	LTR/ERVL-MaLR	2023	+	208	49374402	59454
chr17	49314948	49514948	harbor1	chr17	49376283	49376681	LTR/ERVL-MaLR	1651	+	199	49376482	61534
chr17	56704203	56904203	harbor1	chr17	56708759	56709188	LTR/ERVL-MaLR	1215	+	214	56708973	4770
chr17	56704203	56904203	harbor1	chr17	56712065	56712367	LTR/ERVL-MaLR	1249	+	151	56712216	8013
chr17	56704203	56904203	harbor1	chr17	56712368	56712716	LTR/ERVL-MaLR	1561	+	174	56712542	8339
chr17	56704203	56904203	harbor1	chr17	56712717	56712862	LTR/ERVL-MaLR	1249	+	72	56712789	8586
chr17	56704203	56904203	harbor1	chr17	56714796	56715197	LTR/ERVL-MaLR	2165	+	200	56714996	10793
chr17	56704203	56904203	harbor1	chr17	56721632	56721903	LTR/ERVL-MaLR	817	+	136	56721768	17565
chr17	56704203	56904203	harbor1	chr17	56731129	56731493	LTR/ERVL-MaLR	2845	+	182	56731311	27108
chr17	56704203	56904203	harbor1	chr17	56742073	56742262	LTR/ERVL-MaLR	1709	+	94	56742167	37964
chr17	56704203	56904203	harbor1	chr17	56742619	56742857	LTR/ERVL-MaLR	1709	+	119	56742738	38535
chr17	56704203	56904203	harbor1	chr17	56745761	56745940	LTR/ERVL-MaLR	2179	+	90	56745851	41648
chr17	56704203	56904203	harbor1	chr17	56746224	56746238	LTR/ERVL-MaLR	2179	+	7	56746231	42028
chr17	56704203	56904203	harbor1	chr17	56746506	56746689	LTR/ERVL-MaLR	2179	+	92	56746598	42395
chr17	56704203	56904203	harbor1	chr17	56757567	56757926	LTR/ERVL-MaLR	2836	+	180	56757747	53544
chr17	56704203	56904203	harbor1	chr17	56757927	56759482	LTR/ERVL-MaLR	12068	+	778	56758705	54502
chr17	56704203	56904203	harbor1	chr17	56759782	56759817	LTR/ERVL-MaLR	12068	+	18	56759800	55597
chr17	56704203	56904203	harbor1	chr17	56759818	56759879	LTR/ERVL-MaLR	513	+	30	56759848	55645
chr17	56704203	56904203	harbor1	chr17	56789755	56790236	LTR/ERVL-MaLR	1805	+	240	56789995	85792
chr17	56704203	56904203	harbor1	chr17	56790671	56791090	LTR/ERVL-MaLR	2914	+	210	56790881	86678
chr17	13672687	13872687	harbor1	chr17	13710974	13711339	LTR/ERVL-MaLR	1837	+	182	13711156	38469
chr17	13672687	13872687	harbor1	chr17	13730145	13730592	LTR/ERVL-MaLR	1218	+	224	13730369	57682
chr17	13672687	13872687	harbor1	chr17	13732081	13732441	LTR/ERVL-MaLR	2704	+	180	13732261	59574
chr17	13672687	13872687	harbor1	chr17	13732444	13732522	LTR/ERVL-MaLR	10090	+	39	13732483	59796
chr17	13672687	13872687	harbor1	chr17	13733001	13734489	LTR/ERVL-MaLR	10090	+	744	13733745	61058
chr17	13672687	13872687	harbor1	chr17	13734490	13734855	LTR/ERVL-MaLR	2383	+	182	13734672	61985
chr17	13672687	13872687	harbor1	chr17	13745287	13745682	LTR/ERVL-MaLR	2261	+	198	13745485	72798
chr17	76257157	76457157	harbor1	chr17	76302393	76302821	LTR/ERVL-MaLR	1391	+	214	76302607	45450
chr17	78483526	78683526	harbor1	chr17	78488662	78489048	LTR/ERVL-MaLR	1486	+	193	78488855	5329
chr17	78483526	78683526	harbor1	chr17	78510737	78511117	LTR/ERVL-MaLR	1193	+	190	78510927	27401
chr17	78483526	78683526	harbor1	chr17	78511404	78511475	LTR/ERVL-MaLR	1193	+	36	78511440	27914
chr17	78483526	78683526	harbor1	chr17	78524014	78524132	LTR/ERVL-MaLR	1648	+	59	78524073	40547
chr17	78483526	78683526	harbor1	chr17	78524438	78524676	LTR/ERVL-MaLR	1648	+	119	78524557	41031
chr17	78483526	78683526	harbor1	chr17	78549088	78549364	LTR/ERVL-MaLR	868	+	138	78549226	65700
chr17	78483526	78683526	harbor1	chr17	78550370	78550750	LTR/ERVL-MaLR	2130	+	190	78550560	67034
chr17	78483526	78683526	harbor1	chr17	78552895	78553275	LTR/ERVL-MaLR	2514	+	190	78553085	69559
chr17	78483526	78683526	harbor1	chr17	78553567	78553612	LTR/ERVL-MaLR	2514	+	22	78553589	70063
chr17	78483526	78683526	harbor1	chr17	78556297	78556520	LTR/ERVL-MaLR	1106	+	112	78556409	72883
chr17	78483526	78683526	harbor1	chr17	78566014	78566219	LTR/ERVL-MaLR	1023	+	102	78566116	82590
chr17	78483526	78683526	harbor1	chr17	78573210	78573315	LTR/ERVL-MaLR	1688	+	52	78573262	89736
chr17	78483526	78683526	harbor1	chr17	78573615	78573839	LTR/ERVL-MaLR	1688	+	112	78573727	90201
chr17	78483526	78683526	harbor1	chr17	78581610	78581735	LTR/ERVL-MaLR	1015	+	62	78581672	98146
chr17	78483526	78683526	harbor1	chr17	78582055	78582218	LTR/ERVL-MaLR	1015	+	82	78582137	98611
chr17	78483526	78683526	harbor1	chr17	78583386	78583586	LTR/ERVL-MaLR	2388	+	100	78583486	99960
chr17	1366461	1566461	harbor1	chr17	1413278	1413630	LTR/ERVL-MaLR	1169	+	176	1413454	46993
chr17	1366461	1566461	harbor1	chr17	1463282	1463812	LTR/ERVL-MaLR	1252	+	265	1463547	97086
chr17	50448896	50648896	harbor1	chr17	50489077	50489298	LTR/ERVL-MaLR	580	+	110	50489187	40291
chr17	22067008	22267008	harbor1	chr17	22098709	22099083	LTR/ERVL-MaLR	1248	+	187	22098896	31888
chr17	80386460	80586460	harbor1	chr17	80448744	80449033	LTR/ERVL-MaLR	521	+	144	80448888	62428
chr17	63920891	64120891	harbor1	chr17	63982597	63982965	LTR/ERVL-MaLR	2248	+	184	63982781	61890
chr17	71804052	72004052	harbor1	chr17	71817430	71817918	LTR/ERVL-MaLR	2157	+	244	71817674	13622
chr17	71804052	72004052	harbor1	chr17	71843247	71843672	LTR/ERVL-MaLR	698	+	212	71843459	39407
chr17	71804052	72004052	harbor1	chr17	71851678	71852054	LTR/ERVL-MaLR	2164	+	188	71851866	47814
chr17	71804052	72004052	harbor1	chr17	71861880	71862246	LTR/ERVL-MaLR	1198	+	183	71862063	58011
chr17	71804052	72004052	harbor1	chr17	71884699	71885044	LTR/ERVL-MaLR	2216	+	172	71884871	80819
chr17	71804052	72004052	harbor1	chr17	71888265	71888477	LTR/ERVL-MaLR	769	+	106	71888371	84319
chr17	31519438	31719438	harbor1	chr17	31542726	31542841	LTR/ERVL-MaLR	519	+	58	31542784	23346
chr17	31519438	31719438	harbor1	chr17	31543120	31543413	LTR/ERVL-MaLR	519	+	146	31543266	23828
chr17	31519438	31719438	harbor1	chr17	31582547	31582888	LTR/ERVL-MaLR	928	+	170	31582717	63279
chr17	31519438	31719438	harbor1	chr17	31583190	31583300	LTR/ERVL-MaLR	928	+	55	31583245	63807
chr17	31519438	31719438	harbor1	chr17	31586874	31587358	LTR/ERVL-MaLR	1016	+	242	31587116	67678
chr17	31519438	31719438	harbor1	chr17	31601165	31601466	LTR/ERVL-MaLR	1144	+	150	31601315	81877
chr17	31519438	31719438	harbor1	chr17	31612988	31613240	LTR/ERVL-MaLR	910	+	126	31613114	93676
chr17	31519438	31719438	harbor1	chr17	31613548	31613640	LTR/ERVL-MaLR	910	+	46	31613594	94156
chr17	66588735	66788735	harbor1	chr17	66630539	66630705	LTR/ERVL-MaLR	526	+	83	66630622	41887
chr17	66588735	66788735	harbor1	chr17	66630909	66631113	LTR/ERVL-MaLR	555	+	102	66631011	42276
chr17	66588735	66788735	harbor1	chr17	66677981	66678428	LTR/ERVL-MaLR	1480	+	224	66678205	89470
chr17	77654730	77854730	harbor1	chr17	77662439	77662802	LTR/ERVL-MaLR	1092	+	182	77662621	7891
chr17	77654730	77854730	harbor1	chr17	77665085	77665443	LTR/ERVL-MaLR	2143	+	179	77665264	10534
chr17	77654730	77854730	harbor1	chr17	77672399	77672869	LTR/ERVL-MaLR	1732	+	235	77672634	17904
chr17	77654730	77854730	harbor1	chr17	77683580	77684003	LTR/ERVL-MaLR	2578	+	212	77683792	29062
chr17	77654730	77854730	harbor1	chr17	77694083	77694447	LTR/ERVL-MaLR	1896	+	182	77694265	39535
chr17	77654730	77854730	harbor1	chr17	77706479	77706808	LTR/ERVL-MaLR	1380	+	164	77706643	51913
chr17	77654730	77854730	harbor1	chr17	77707207	77707576	LTR/ERVL-MaLR	2375	+	184	77707391	52661
chr17	77654730	77854730	harbor1	chr17	77711134	77711535	LTR/ERVL-MaLR	819	+	200	77711334	56604
chr17	77654730	77854730	harbor1	chr17	77712055	77712433	LTR/ERVL-MaLR	1236	+	189	77712244	57514
chr17	62239078	62439078	harbor1	chr17	62279991	62280375	LTR/ERVL-MaLR	1233	+	192	62280183	41105
chr17	62239078	62439078	harbor1	chr17	62280675	62280743	LTR/ERVL-MaLR	1233	+	34	62280709	41631
chr17	62239078	62439078	harbor1	chr17	62315734	62316202	LTR/ERVL-MaLR	1936	+	234	62315968	76890
chr17	77334167	77534167	harbor1	chr17	77346758	77347070	LTR/ERVL-MaLR	1436	+	156	77346914	12747
chr17	39862049	40062049	harbor1	chr17	39881183	39881646	LTR/ERVL-MaLR	1711	+	232	39881415	19366
chr17	51897855	52097855	harbor1	chr17	51916361	51916711	LTR/ERVL-MaLR	2362	+	175	51916536	18681
chr17	51897855	52097855	harbor1	chr17	51933131	51933639	LTR/ERVL-MaLR	2331	+	254	51933385	35530
chr17	45835176	46035176	harbor1	chr17	45843247	45843463	LTR/ERVL-MaLR	997	+	108	45843355	8179
chr17	45835176	46035176	harbor1	chr17	45854294	45854511	LTR/ERVL-MaLR	619	+	108	45854402	19226
chr17	45835176	46035176	harbor1	chr17	45855154	45855419	LTR/ERVL-MaLR	945	+	132	45855286	20110
chr17	45835176	46035176	harbor1	chr17	45871164	45871345	LTR/ERVL-MaLR	2166	+	90	45871254	36078
chr17	45835176	46035176	harbor1	chr17	45871641	45871838	LTR/ERVL-MaLR	2166	+	98	45871739	36563
chr17	45835176	46035176	harbor1	chr17	45877430	45877819	LTR/ERVL-MaLR	1403	+	194	45877624	42448
chr17	45835176	46035176	harbor1	chr17	45912239	45912712	LTR/ERVL-MaLR	1844	+	236	45912475	77299
chr17	15386660	15586660	harbor1	chr17	15388994	15389485	LTR/ERVL-MaLR	1375	+	246	15389240	2580
chr17	15386660	15586660	harbor1	chr17	15391648	15392064	LTR/ERVL-MaLR	2357	+	208	15391856	5196
chr17	15386660	15586660	harbor1	chr17	15403805	15404207	LTR/ERVL-MaLR	2267	+	201	15404006	17346
chr17	15386660	15586660	harbor1	chr17	15426838	15427127	LTR/ERVL-MaLR	1870	+	144	15426982	40322
chr17	15386660	15586660	harbor1	chr17	15451026	15451388	LTR/ERVL-MaLR	2790	+	181	15451207	64547
chr17	15386660	15586660	harbor1	chr17	15455421	15456000	LTR/ERVL-MaLR	1905	+	290	15455711	69051
chr17	15386660	15586660	harbor1	chr17	15483238	15483679	LTR/ERVL-MaLR	2117	+	220	15483458	96798
chr17	5232216	5432216	harbor1	chr17	5238749	5239029	LTR/ERVL-MaLR	1065	+	140	5238889	6673
chr17	5232216	5432216	harbor1	chr17	5241788	5242155	LTR/ERVL-MaLR	714	+	184	5241972	9756
chr17	5232216	5432216	harbor1	chr17	5242424	5242601	LTR/ERVL-MaLR	551	+	88	5242512	10296
chr17	14988060	15188060	harbor1	chr17	14998256	14998737	LTR/ERVL-MaLR	807	+	240	14998496	10436
chr17	14988060	15188060	harbor1	chr17	15001558	15001968	LTR/ERVL-MaLR	2333	+	205	15001763	13703
chr17	71323177	71523177	harbor1	chr17	71323384	71323707	LTR/ERVL-MaLR	1031	+	162	71323546	369
chr17	71323177	71523177	harbor1	chr17	71345095	71345299	LTR/ERVL-MaLR	1680	+	102	71345197	22020
chr17	71323177	71523177	harbor1	chr17	71345343	71345522	LTR/ERVL-MaLR	1680	+	90	71345433	22256
chr17	71323177	71523177	harbor1	chr17	71345526	71346953	LTR/ERVL-MaLR	5633	+	714	71346240	23063
chr17	71323177	71523177	harbor1	chr17	71347264	71347518	LTR/ERVL-MaLR	5633	+	127	71347391	24214
chr17	71323177	71523177	harbor1	chr17	71347519	71347878	LTR/ERVL-MaLR	1615	+	180	71347699	24522
chr17	60064482	60264482	harbor1	chr17	60074995	60075432	LTR/ERVL-MaLR	494	+	218	60075213	10731
chr17	60064482	60264482	harbor1	chr17	60092297	60092621	LTR/ERVL-MaLR	971	+	162	60092459	27977
chr17	60064482	60264482	harbor1	chr17	60113932	60114437	LTR/ERVL-MaLR	2206	+	252	60114184	49702
chr17	60064482	60264482	harbor1	chr17	60121948	60122152	LTR/ERVL-MaLR	823	+	102	60122050	57568
chr17	60064482	60264482	harbor1	chr17	60125502	60125841	LTR/ERVL-MaLR	1570	+	170	60125672	61190
chr17	72370762	72570762	harbor1	chr17	72373506	72373862	LTR/ERVL-MaLR	2194	+	178	72373684	2922
chr17	72370762	72570762	harbor1	chr17	72395974	72396319	LTR/ERVL-MaLR	531	+	172	72396146	25384
chr17	72370762	72570762	harbor1	chr17	72408351	72408582	LTR/ERVL-MaLR	904	+	116	72408467	37705
chr17	72370762	72570762	harbor1	chr17	72408603	72408723	LTR/ERVL-MaLR	582	+	60	72408663	37901
chr17	72370762	72570762	harbor1	chr17	72409707	72410181	LTR/ERVL-MaLR	1183	+	237	72409944	39182
chr17	72370762	72570762	harbor1	chr17	72425194	72425540	LTR/ERVL-MaLR	1769	+	173	72425367	54605
chr17	72370762	72570762	harbor1	chr17	72439523	72439874	LTR/ERVL-MaLR	2818	+	176	72439699	68937
chr17	72370762	72570762	harbor1	chr17	72454230	72454592	LTR/ERVL-MaLR	1443	+	181	72454411	83649
chr17	72370762	72570762	harbor1	chr17	72417029	72417472	LTR/ERVL-MaLR	1592	+	222	72417251	46489
chr17	60001909	60201909	harbor1	chr17	60050043	60050403	LTR/ERVL-MaLR	1870	+	180	60050223	48314
chr17	60001909	60201909	harbor1	chr17	60051863	60052410	LTR/ERVL-MaLR	2711	+	274	60052137	50228
chr17	60001909	60201909	harbor1	chr17	60053010	60053414	LTR/ERVL-MaLR	2355	+	202	60053212	51303
chr17	60001909	60201909	harbor1	chr17	60053415	60054894	LTR/ERVL-MaLR	7074	+	740	60054155	52246
chr17	60001909	60201909	harbor1	chr17	60054895	60055244	LTR/ERVL-MaLR	2023	+	174	60055069	53160
chr17	60001909	60201909	harbor1	chr17	60062736	60063073	LTR/ERVL-MaLR	2579	+	168	60062904	60995
chr17	60001909	60201909	harbor1	chr17	60074995	60075432	LTR/ERVL-MaLR	494	+	218	60075213	73304
chr17	60001909	60201909	harbor1	chr17	60092297	60092621	LTR/ERVL-MaLR	971	+	162	60092459	90550
chr17	80441794	80641794	harbor1	chr17	80448744	80449033	LTR/ERVL-MaLR	521	+	144	80448888	7094
chr17	80441794	80641794	harbor1	chr17	80503152	80503311	LTR/ERVL-MaLR	765	+	80	80503232	61438
chr17	80441794	80641794	harbor1	chr17	80524928	80525067	LTR/ERVL-MaLR	1112	+	70	80524998	83204
chr17	80441794	80641794	harbor1	chr17	80525347	80525536	LTR/ERVL-MaLR	1112	+	94	80525441	83647
chr17	80441794	80641794	harbor1	chr17	80530399	80530526	LTR/ERVL-MaLR	1542	+	64	80530463	88669
chr17	80441794	80641794	harbor1	chr17	80530836	80531130	LTR/ERVL-MaLR	1542	+	147	80530983	89189
chr17	80441794	80641794	harbor1	chr17	80531486	80531652	LTR/ERVL-MaLR	656	+	83	80531569	89775
chr17	8260718	8460718	harbor1	chr17	8272299	8272554	LTR/ERVL-MaLR	713	+	128	8272427	11709
chr17	8260718	8460718	harbor1	chr17	8331985	8332382	LTR/ERVL-MaLR	1447	+	198	8332183	71465
chr17	8260718	8460718	harbor1	chr17	8353731	8354123	LTR/ERVL-MaLR	1458	+	196	8353927	93209
chr17	70012207	70212207	harbor1	chr17	70111612	70111967	LTR/ERVL-MaLR	2066	+	178	70111790	99583
chr17	70508440	70708440	harbor1	chr17	70510384	70510582	LTR/ERVL-MaLR	887	+	99	70510483	2043
chr17	70508440	70708440	harbor1	chr17	70576557	70576909	LTR/ERVL-MaLR	2520	+	176	70576733	68293
chr17	70508440	70708440	harbor1	chr17	70580052	70580405	LTR/ERVL-MaLR	2469	+	176	70580228	71788
chr17	70508440	70708440	harbor1	chr17	70580440	70580852	LTR/ERVL-MaLR	2423	+	206	70580646	72206
chr17	4834158	5034158	harbor1	chr17	4919547	4920020	LTR/ERVL-MaLR	1396	+	236	4919783	85625
chr17	41509090	41709090	harbor1	chr17	41546533	41547020	LTR/ERVL-MaLR	2627	+	244	41546777	37687
chr17	41509090	41709090	harbor1	chr17	41555633	41555915	LTR/ERVL-MaLR	670	+	141	41555774	46684
chr17	41509090	41709090	harbor1	chr17	41563641	41563742	LTR/ERVL-MaLR	1461	+	50	41563691	54601
chr17	41509090	41709090	harbor1	chr17	41564333	41564765	LTR/ERVL-MaLR	1461	+	216	41564549	55459
chr17	41509090	41709090	harbor1	chr17	41564994	41565460	LTR/ERVL-MaLR	1487	+	233	41565227	56137
chr17	74907816	75107816	harbor1	chr17	74984416	74984895	LTR/ERVL-MaLR	2180	+	240	74984656	76840
chr17	68469331	68669331	harbor1	chr17	68488324	68488445	LTR/ERVL-MaLR	493	+	60	68488384	19053
chr17	68469331	68669331	harbor1	chr17	68488756	68488902	LTR/ERVL-MaLR	493	+	73	68488829	19498
chr17	68469331	68669331	harbor1	chr17	68494139	68494257	LTR/ERVL-MaLR	1685	+	59	68494198	24867
chr17	68469331	68669331	harbor1	chr17	68494566	68494946	LTR/ERVL-MaLR	1685	+	190	68494756	25425
chr17	68469331	68669331	harbor1	chr17	68500186	68500511	LTR/ERVL-MaLR	2229	+	162	68500348	31017
chr17	68469331	68669331	harbor1	chr17	68500817	68500858	LTR/ERVL-MaLR	2229	+	20	68500837	31506
chr17	68469331	68669331	harbor1	chr17	68553005	68553399	LTR/ERVL-MaLR	1882	+	197	68553202	83871
chr17	68469331	68669331	harbor1	chr17	68557305	68557668	LTR/ERVL-MaLR	2100	+	182	68557487	88156
chr17	68469331	68669331	harbor1	chr17	68557861	68558319	LTR/ERVL-MaLR	1087	+	229	68558090	88759
chr17	68469331	68669331	harbor1	chr17	68558335	68558718	LTR/ERVL-MaLR	2373	+	192	68558527	89196
chr17	68469331	68669331	harbor1	chr17	68559953	68560099	LTR/ERVL-MaLR	1139	+	73	68560026	90695
chr17	68469331	68669331	harbor1	chr17	68560361	68560574	LTR/ERVL-MaLR	1157	+	106	68560467	91136
chr17	68469331	68669331	harbor1	chr17	68567696	68568059	LTR/ERVL-MaLR	2223	+	182	68567878	98547
chr17	53894330	54094330	harbor1	chr17	53901064	53901444	LTR/ERVL-MaLR	2005	+	190	53901254	6924
chr17	53894330	54094330	harbor1	chr17	53901447	53902080	LTR/ERVL-MaLR	3539	+	316	53901763	7433
chr17	53894330	54094330	harbor1	chr17	53914135	53914286	LTR/ERVL-MaLR	793	+	76	53914211	19881
chr17	53894330	54094330	harbor1	chr17	53923817	53924325	LTR/ERVL-MaLR	1779	+	254	53924071	29741
chr17	53894330	54094330	harbor1	chr17	53926294	53926656	LTR/ERVL-MaLR	2359	+	181	53926475	32145
chr17	53894330	54094330	harbor1	chr17	53949502	53950058	LTR/ERVL-MaLR	481	+	278	53949780	55450
chr17	29223231	29423231	harbor1	chr17	29228292	29228422	LTR/ERVL-MaLR	490	+	65	29228357	5126
chr17	29223231	29423231	harbor1	chr17	29228721	29228803	LTR/ERVL-MaLR	490	+	41	29228762	5531
chr17	29223231	29423231	harbor1	chr17	29229088	29229270	LTR/ERVL-MaLR	1644	+	91	29229179	5948
chr17	29223231	29423231	harbor1	chr17	29229581	29229849	LTR/ERVL-MaLR	1644	+	134	29229715	6484
chr17	29223231	29423231	harbor1	chr17	29231805	29232184	LTR/ERVL-MaLR	1738	+	190	29231995	8764
chr17	29223231	29423231	harbor1	chr17	29232499	29232534	LTR/ERVL-MaLR	1738	+	18	29232517	9286
chr17	56314698	56514698	harbor1	chr17	56329727	56330074	LTR/ERVL-MaLR	1622	+	174	56329901	15203
chr17	68343436	68543436	harbor1	chr17	68361178	68361432	LTR/ERVL-MaLR	868	+	127	68361305	17869
chr17	17337177	17537177	harbor1	chr17	17396421	17396881	LTR/ERVL-MaLR	1225	+	230	17396651	59474
chr17	17337177	17537177	harbor1	chr17	17404938	17405356	LTR/ERVL-MaLR	2003	+	209	17405147	67970
chr17	17337177	17537177	harbor1	chr17	17417825	17417876	LTR/ERVL-MaLR	874	+	26	17417851	80674
chr17	17337177	17537177	harbor1	chr17	17418550	17418780	LTR/ERVL-MaLR	874	+	115	17418665	81488
chr17	17337177	17537177	harbor1	chr17	17433042	17433396	LTR/ERVL-MaLR	2212	+	177	17433219	96042
chr17	58440404	58640404	harbor1	chr17	58441584	58442115	LTR/ERVL-MaLR	1473	+	266	58441850	1446
chr17	47405517	47605517	harbor1	chr17	47467928	47468298	LTR/ERVL-MaLR	2833	+	185	47468113	62596
chr17	66298211	66498211	harbor1	chr17	66394623	66394964	LTR/ERVL-MaLR	1938	+	170	66394793	96582
chr17	74247114	74447114	harbor1	chr17	74288505	74288616	LTR/ERVL-MaLR	574	+	56	74288561	41447
chr17	35492876	35692876	harbor1	chr17	35562464	35562607	LTR/ERVL-MaLR	493	+	72	35562536	69660
chr17	35492876	35692876	harbor1	chr17	35562907	35563009	LTR/ERVL-MaLR	493	+	51	35562958	70082
chr17	35492876	35692876	harbor1	chr17	35563303	35563327	LTR/ERVL-MaLR	493	+	12	35563315	70439
chr17	35492876	35692876	harbor1	chr17	35563632	35563697	LTR/ERVL-MaLR	493	+	32	35563664	70788
chr17	67537581	67737581	harbor1	chr17	67572820	67573123	LTR/ERVL-MaLR	1075	+	152	67572972	35391
chr17	67537581	67737581	harbor1	chr17	67585349	67585520	LTR/ERVL-MaLR	1704	+	86	67585435	47854
chr17	67537581	67737581	harbor1	chr17	67585814	67586023	LTR/ERVL-MaLR	1704	+	104	67585918	48337
chr17	67537581	67737581	harbor1	chr17	67598430	67598609	LTR/ERVL-MaLR	1089	+	90	67598520	60939
chr17	67537581	67737581	harbor1	chr17	67598910	67599001	LTR/ERVL-MaLR	1089	+	46	67598956	61375
chr17	67537581	67737581	harbor1	chr17	67599036	67599047	LTR/ERVL-MaLR	1089	+	6	67599042	61461
chr17	67537581	67737581	harbor1	chr17	67599157	67599233	LTR/ERVL-MaLR	479	+	38	67599195	61614
chr17	66400066	66600066	harbor1	chr17	66407183	66407579	LTR/ERVL-MaLR	2369	+	198	66407381	7315
chr17	66400066	66600066	harbor1	chr17	66414136	66414541	LTR/ERVL-MaLR	2585	+	202	66414338	14272
chr17	66400066	66600066	harbor1	chr17	66426744	66426886	LTR/ERVL-MaLR	502	+	71	66426815	26749
chr17	66400066	66600066	harbor1	chr17	66455867	66456306	LTR/ERVL-MaLR	1781	+	220	66456087	56021
chr17	66400066	66600066	harbor1	chr17	66457515	66457881	LTR/ERVL-MaLR	2721	+	183	66457698	57632
chr17	6491932	6691932	harbor1	chr17	6572647	6573009	LTR/ERVL-MaLR	1077	+	181	6572828	80896
chr17	6491932	6691932	harbor1	chr17	6585940	6586345	LTR/ERVL-MaLR	2318	+	202	6586142	94210
chr17	6491932	6691932	harbor1	chr17	6589092	6589460	LTR/ERVL-MaLR	1830	+	184	6589276	97344
chr17	37827468	38027468	harbor1	chr17	37859686	37859904	LTR/ERVL-MaLR	1204	+	109	37859795	32327
chr17	37827468	38027468	harbor1	chr17	37860207	37860438	LTR/ERVL-MaLR	1204	+	116	37860323	32855
chr17	37827468	38027468	harbor1	chr17	37860439	37860893	LTR/ERVL-MaLR	2023	+	227	37860666	33198
chr17	37827468	38027468	harbor1	chr17	37886103	37886501	LTR/ERVL-MaLR	1698	+	199	37886302	58834
chr17	37827468	38027468	harbor1	chr17	37919449	37919569	LTR/ERVL-MaLR	614	+	60	37919509	92041
chr17	37827468	38027468	harbor1	chr17	37922501	37922840	LTR/ERVL-MaLR	1825	+	170	37922671	95203
chr17	41266533	41466533	harbor1	chr17	41269562	41269932	LTR/ERVL-MaLR	1032	+	185	41269747	3214
chr17	41266533	41466533	harbor1	chr17	41274029	41274356	LTR/ERVL-MaLR	645	+	164	41274193	7660
chr17	41266533	41466533	harbor1	chr17	41278901	41279011	LTR/ERVL-MaLR	514	+	55	41278956	12423
chr17	41266533	41466533	harbor1	chr17	41294393	41294523	LTR/ERVL-MaLR	567	+	65	41294458	27925
chr17	41266533	41466533	harbor1	chr17	41294522	41294866	LTR/ERVL-MaLR	1684	+	172	41294694	28161
chr17	41266533	41466533	harbor1	chr17	41294995	41295026	LTR/ERVL-MaLR	929	+	16	41295011	28478
chr17	41266533	41466533	harbor1	chr17	41295332	41295555	LTR/ERVL-MaLR	929	+	112	41295444	28911
chr17	41266533	41466533	harbor1	chr17	41295785	41295813	LTR/ERVL-MaLR	1521	+	14	41295799	29266
chr17	41266533	41466533	harbor1	chr17	41296107	41296464	LTR/ERVL-MaLR	1521	+	178	41296285	29752
chr17	61800855	62000855	harbor1	chr17	61834501	61834958	LTR/ERVL-MaLR	1189	+	228	61834729	33874
chr17	61800855	62000855	harbor1	chr17	61843432	61843832	LTR/ERVL-MaLR	2020	+	200	61843632	42777
chr17	55134541	55334541	harbor1	chr17	55150759	55151225	LTR/ERVL-MaLR	1577	+	233	55150992	16451
chr17	55134541	55334541	harbor1	chr17	55165643	55166010	LTR/ERVL-MaLR	1840	+	184	55165827	31286
chr17	55134541	55334541	harbor1	chr17	55171721	55171925	LTR/ERVL-MaLR	816	+	102	55171823	37282
chr17	55134541	55334541	harbor1	chr17	55220323	55220584	LTR/ERVL-MaLR	788	+	130	55220453	85912
chr17	55134541	55334541	harbor1	chr17	55232479	55232790	LTR/ERVL-MaLR	702	+	156	55232635	98094
chr17	55134541	55334541	harbor1	chr17	55232902	55233277	LTR/ERVL-MaLR	2348	+	188	55233090	98549
chr17	74981108	75181108	harbor1	chr17	74984416	74984895	LTR/ERVL-MaLR	2180	+	240	74984656	3548
chr17	50978138	51178138	harbor1	chr17	50994072	50994426	LTR/ERVL-MaLR	2602	+	177	50994249	16111
chr17	50978138	51178138	harbor1	chr17	51018936	51019275	LTR/ERVL-MaLR	1975	+	170	51019106	40968
chr17	50978138	51178138	harbor1	chr17	51019876	51019931	LTR/ERVL-MaLR	1975	+	28	51019904	41766
chr17	50978138	51178138	harbor1	chr17	51060116	51060222	LTR/ERVL-MaLR	1774	+	53	51060169	82031
chr17	50978138	51178138	harbor1	chr17	51060528	51060812	LTR/ERVL-MaLR	1774	+	142	51060670	82532
chr17	50978138	51178138	harbor1	chr17	51065639	51065877	LTR/ERVL-MaLR	735	+	119	51065758	87620
chr17	79585079	79785079	harbor1	chr17	79586035	79586525	LTR/ERVL-MaLR	1491	+	245	79586280	1201
chr17	79585079	79785079	harbor1	chr17	79623335	79623530	LTR/ERVL-MaLR	1697	+	98	79623433	38354
chr17	79585079	79785079	harbor1	chr17	79623843	79624173	LTR/ERVL-MaLR	1697	+	165	79624008	38929
chr17	79585079	79785079	harbor1	chr17	79626523	79626828	LTR/ERVL-MaLR	515	+	152	79626675	41596
chr17	79585079	79785079	harbor1	chr17	79638562	79638980	LTR/ERVL-MaLR	2565	+	209	79638771	53692
chr17	79585079	79785079	harbor1	chr17	79641674	79642080	LTR/ERVL-MaLR	2559	+	203	79641877	56798
chr17	79585079	79785079	harbor1	chr17	79651871	79652187	LTR/ERVL-MaLR	1352	+	158	79652029	66950
chr17	14162247	14362247	harbor1	chr17	14169771	14170207	LTR/ERVL-MaLR	2624	+	218	14169989	7742
chr17	14162247	14362247	harbor1	chr17	14235036	14235366	LTR/ERVL-MaLR	1596	+	165	14235201	72954
chr17	14162247	14362247	harbor1	chr17	14261056	14261182	LTR/ERVL-MaLR	553	+	63	14261119	98872
chr17	15442413	15642413	harbor1	chr17	15451026	15451388	LTR/ERVL-MaLR	2790	+	181	15451207	8794
chr17	15442413	15642413	harbor1	chr17	15455421	15456000	LTR/ERVL-MaLR	1905	+	290	15455711	13298
chr17	15442413	15642413	harbor1	chr17	15483238	15483679	LTR/ERVL-MaLR	2117	+	220	15483458	41045
chr17	15442413	15642413	harbor1	chr17	15493450	15493604	LTR/ERVL-MaLR	506	+	77	15493527	51114
chr17	15442413	15642413	harbor1	chr17	15515798	15516200	LTR/ERVL-MaLR	2302	+	201	15515999	73586
chr17	15442413	15642413	harbor1	chr17	15518825	15519183	LTR/ERVL-MaLR	1847	+	179	15519004	76591
chr17	15442413	15642413	harbor1	chr17	15535122	15535497	LTR/ERVL-MaLR	1566	+	188	15535310	92897
chr17	35240530	35440530	harbor1	chr17	35288734	35289100	LTR/ERVL-MaLR	1328	+	183	35288917	48387
chr17	35240530	35440530	harbor1	chr17	35296587	35296935	LTR/ERVL-MaLR	2651	+	174	35296761	56231
chr17	35240530	35440530	harbor1	chr17	35296936	35297636	LTR/ERVL-MaLR	5302	+	350	35297286	56756
chr17	53552486	53752486	harbor1	chr17	53561737	53562076	LTR/ERVL-MaLR	1703	+	170	53561907	9421
chr17	53552486	53752486	harbor1	chr17	53562371	53562394	LTR/ERVL-MaLR	1703	+	12	53562383	9897
chr17	53552486	53752486	harbor1	chr17	53562705	53562770	LTR/ERVL-MaLR	1703	+	32	53562737	10251
chr17	53552486	53752486	harbor1	chr17	53579998	53580520	LTR/ERVL-MaLR	2477	+	261	53580259	27773
chr17	53552486	53752486	harbor1	chr17	53581066	53581638	LTR/ERVL-MaLR	1038	+	286	53581352	28866
chr17	53552486	53752486	harbor1	chr17	53595843	53596204	LTR/ERVL-MaLR	2411	+	180	53596023	43537
chr17	70923628	71123628	harbor1	chr17	70955993	70956345	LTR/ERVL-MaLR	2154	+	176	70956169	32541
chr17	70923628	71123628	harbor1	chr17	70963577	70964001	LTR/ERVL-MaLR	1938	+	212	70963789	40161
chr17	70923628	71123628	harbor1	chr17	70992695	70993065	LTR/ERVL-MaLR	2771	+	185	70992880	69252
chr17	70923628	71123628	harbor1	chr17	70996807	70997274	LTR/ERVL-MaLR	744	+	234	70997041	73413
chr17	70923628	71123628	harbor1	chr17	71006398	71006786	LTR/ERVL-MaLR	2236	+	194	71006592	82964
chr17	61689302	61889302	harbor1	chr17	61691997	61692124	LTR/ERVL-MaLR	740	+	64	61692061	2759
chr17	61689302	61889302	harbor1	chr17	61692120	61692245	LTR/ERVL-MaLR	775	+	62	61692182	2880
chr17	61689302	61889302	harbor1	chr17	61735393	61735506	LTR/ERVL-MaLR	997	+	56	61735449	46147
chr17	61689302	61889302	harbor1	chr17	61735809	61736043	LTR/ERVL-MaLR	997	+	117	61735926	46624
chr17	61689302	61889302	harbor1	chr17	61752921	61753330	LTR/ERVL-MaLR	2386	+	204	61753125	63823
chr17	61689302	61889302	harbor1	chr17	61764871	61765205	LTR/ERVL-MaLR	1147	+	167	61765038	75736
chr17	61689302	61889302	harbor1	chr17	61768658	61769332	LTR/ERVL-MaLR	2320	+	337	61768995	79693
chr17	61689302	61889302	harbor1	chr17	61784542	61784949	LTR/ERVL-MaLR	2326	+	204	61784746	95444
chr17	68842126	69042126	harbor1	chr17	68939258	68939806	LTR/ERVL-MaLR	632	+	274	68939532	97406
chr17	19155229	19355229	harbor1	chr17	19198231	19198566	LTR/ERVL-MaLR	1038	+	168	19198399	43170
chr17	19155229	19355229	harbor1	chr17	19206491	19206613	LTR/ERVL-MaLR	487	+	61	19206552	51323
chr17	48588965	48788965	harbor1	chr17	48659118	48659480	LTR/ERVL-MaLR	2339	+	181	48659299	70334
chr17	48588965	48788965	harbor1	chr17	48669308	48669657	LTR/ERVL-MaLR	1775	+	174	48669482	80517
chr17	40838357	41038357	harbor1	chr17	40857700	40858027	LTR/ERVL-MaLR	1140	+	164	40857864	19507
chr17	40838357	41038357	harbor1	chr17	40876893	40877294	LTR/ERVL-MaLR	2407	+	200	40877093	38736
chr17	40838357	41038357	harbor1	chr17	40921534	40921694	LTR/ERVL-MaLR	2451	+	80	40921614	83257
chr17	40838357	41038357	harbor1	chr17	40922002	40922211	LTR/ERVL-MaLR	2451	+	104	40922106	83749
chr17	34956416	35156416	harbor1	chr17	34957478	34957656	LTR/ERVL-MaLR	493	+	89	34957567	1151
chr17	34956416	35156416	harbor1	chr17	34969647	34969989	LTR/ERVL-MaLR	2253	+	171	34969818	13402
chr17	57697138	57897138	harbor1	chr17	57701261	57701628	LTR/ERVL-MaLR	2083	+	184	57701445	4307
chr17	57697138	57897138	harbor1	chr17	57709895	57710255	LTR/ERVL-MaLR	2697	+	180	57710075	12937
chr17	57697138	57897138	harbor1	chr17	57720351	57720789	LTR/ERVL-MaLR	710	+	219	57720570	23432
chr17	57697138	57897138	harbor1	chr17	57746331	57746710	LTR/ERVL-MaLR	1304	+	190	57746521	49383
chr17	57697138	57897138	harbor1	chr17	57775041	57775213	LTR/ERVL-MaLR	595	+	86	57775127	77989
chr17	57697138	57897138	harbor1	chr17	57779846	57780170	LTR/ERVL-MaLR	1983	+	162	57780008	82870
chr17	57697138	57897138	harbor1	chr17	57753432	57754009	LTR/ERVL-MaLR	627	+	288	57753720	56582
chr17	41546946	41746946	harbor1	chr17	41546533	41547020	LTR/ERVL-MaLR	2627	+	244	41546777	169
chr17	41546946	41746946	harbor1	chr17	41555633	41555915	LTR/ERVL-MaLR	670	+	141	41555774	8828
chr17	41546946	41746946	harbor1	chr17	41563641	41563742	LTR/ERVL-MaLR	1461	+	50	41563691	16745
chr17	41546946	41746946	harbor1	chr17	41564333	41564765	LTR/ERVL-MaLR	1461	+	216	41564549	17603
chr17	41546946	41746946	harbor1	chr17	41564994	41565460	LTR/ERVL-MaLR	1487	+	233	41565227	18281
chr17	41546946	41746946	harbor1	chr17	41640859	41640889	LTR/ERVL-MaLR	1764	+	15	41640874	93928
chr17	41546946	41746946	harbor1	chr17	41641201	41641599	LTR/ERVL-MaLR	1764	+	199	41641400	94454
chr17	41546946	41746946	harbor1	chr17	41645137	41645556	LTR/ERVL-MaLR	1884	+	210	41645347	98401
chr17	46051927	46251927	harbor1	chr17	46089954	46090383	LTR/ERVL-MaLR	1459	+	214	46090168	38241
chr17	46051927	46251927	harbor1	chr17	46117027	46117344	LTR/ERVL-MaLR	686	+	158	46117185	65258
chr17	45782149	45982149	harbor1	chr17	45843247	45843463	LTR/ERVL-MaLR	997	+	108	45843355	61206
chr17	45782149	45982149	harbor1	chr17	45854294	45854511	LTR/ERVL-MaLR	619	+	108	45854402	72253
chr17	45782149	45982149	harbor1	chr17	45855154	45855419	LTR/ERVL-MaLR	945	+	132	45855286	73137
chr17	45782149	45982149	harbor1	chr17	45871164	45871345	LTR/ERVL-MaLR	2166	+	90	45871254	89105
chr17	45782149	45982149	harbor1	chr17	45871641	45871838	LTR/ERVL-MaLR	2166	+	98	45871739	89590
chr17	45782149	45982149	harbor1	chr17	45877430	45877819	LTR/ERVL-MaLR	1403	+	194	45877624	95475
chr17	69439185	69639185	harbor1	chr17	69475638	69475949	LTR/ERVL-MaLR	567	+	156	69475794	36609
chr17	39271552	39471552	harbor1	chr17	39325872	39326279	LTR/ERVL-MaLR	2223	+	204	39326076	54524
chr17	39271552	39471552	harbor1	chr17	39352827	39353233	LTR/ERVL-MaLR	1132	+	203	39353030	81478
chr17	39271552	39471552	harbor1	chr17	39361355	39361504	LTR/ERVL-MaLR	614	+	74	39361429	89877
chr17	39271552	39471552	harbor1	chr17	39364220	39364330	LTR/ERVL-MaLR	894	+	55	39364275	92723
chr17	39271552	39471552	harbor1	chr17	39364633	39364958	LTR/ERVL-MaLR	894	+	162	39364795	93243
chr17	36094304	36294304	harbor1	chr17	36107364	36107838	LTR/ERVL-MaLR	1884	+	237	36107601	13297
chr17	36094304	36294304	harbor1	chr17	36192376	36192609	LTR/ERVL-MaLR	540	+	116	36192492	98188
chr17	67032577	67232577	harbor1	chr17	67034822	67035305	LTR/ERVL-MaLR	2211	+	242	67035064	2487
chr17	67032577	67232577	harbor1	chr17	67035368	67035728	LTR/ERVL-MaLR	2732	+	180	67035548	2971
chr17	67032577	67232577	harbor1	chr17	67041110	67041464	LTR/ERVL-MaLR	2611	+	177	67041287	8710
chr17	67032577	67232577	harbor1	chr17	67080865	67081339	LTR/ERVL-MaLR	527	+	237	67081102	48525
chr17	67032577	67232577	harbor1	chr17	67125650	67126258	LTR/ERVL-MaLR	2931	+	304	67125954	93377
chr17	70747224	70947224	harbor1	chr17	70786600	70786815	LTR/ERVL-MaLR	622	+	108	70786708	39484
chr17	70747224	70947224	harbor1	chr17	70816983	70817326	LTR/ERVL-MaLR	2010	+	172	70817155	69931
chr17	76113394	76313394	harbor1	chr17	76113299	76113567	LTR/ERVL-MaLR	1619	+	134	76113433	39
chr17	75866579	76066579	harbor1	chr17	75885931	75886240	LTR/ERVL-MaLR	2680	+	154	75886085	19506
chr17	75866579	76066579	harbor1	chr17	75886550	75886617	LTR/ERVL-MaLR	2680	+	34	75886584	20005
chr17	69260842	69460842	harbor1	chr17	69275706	69276067	LTR/ERVL-MaLR	1274	+	180	69275886	15044
chr17	69260842	69460842	harbor1	chr17	69329861	69330215	LTR/ERVL-MaLR	1879	+	177	69330038	69196
chr17	69260842	69460842	harbor1	chr17	69332762	69333162	LTR/ERVL-MaLR	1606	+	200	69332962	72120
chr17	69260842	69460842	harbor1	chr17	69333468	69333576	LTR/ERVL-MaLR	1429	+	54	69333522	72680
chr17	69260842	69460842	harbor1	chr17	69351815	69351950	LTR/ERVL-MaLR	1296	+	68	69351883	91041
chr17	69260842	69460842	harbor1	chr17	69352235	69352454	LTR/ERVL-MaLR	1296	+	110	69352345	91503
chr17	69260842	69460842	harbor1	chr17	69358708	69359088	LTR/ERVL-MaLR	1128	+	190	69358898	98056
chr17	64548935	64748935	harbor1	chr17	64564423	64564898	LTR/ERVL-MaLR	1886	+	238	64564661	15726
chr17	64548935	64748935	harbor1	chr17	64626987	64627102	LTR/ERVL-MaLR	649	+	58	64627045	78110
chr17	64548935	64748935	harbor1	chr17	64627416	64627469	LTR/ERVL-MaLR	649	+	26	64627442	78507
chr17	64548935	64748935	harbor1	chr17	64641398	64641680	LTR/ERVL-MaLR	906	+	141	64641539	92604
chr17	32560258	32760258	harbor1	chr17	32614766	32615137	LTR/ERVL-MaLR	1320	+	186	32614952	54694
chr17	32560258	32760258	harbor1	chr17	32615143	32616038	LTR/ERVL-MaLR	2127	+	448	32615591	55333
chr17	32560258	32760258	harbor1	chr17	32616042	32616295	LTR/ERVL-MaLR	737	+	126	32616168	55910
chr17	32560258	32760258	harbor1	chr17	32616684	32616919	LTR/ERVL-MaLR	1754	+	118	32616802	56544
chr17	32560258	32760258	harbor1	chr17	32617205	32617441	LTR/ERVL-MaLR	1754	+	118	32617323	57065
chr17	32560258	32760258	harbor1	chr17	32617741	32617768	LTR/ERVL-MaLR	1754	+	14	32617755	57497
chr17	32560258	32760258	harbor1	chr17	32621696	32622054	LTR/ERVL-MaLR	1582	+	179	32621875	61617
chr17	57085617	57285617	harbor1	chr17	57124930	57125236	LTR/ERVL-MaLR	534	+	153	57125083	39466
chr17	57085617	57285617	harbor1	chr17	57143260	57143482	LTR/ERVL-MaLR	537	+	111	57143371	57754
chr17	57085617	57285617	harbor1	chr17	57151880	57152265	LTR/ERVL-MaLR	2207	+	192	57152072	66455
chr17	57085617	57285617	harbor1	chr17	57159109	57159469	LTR/ERVL-MaLR	2112	+	180	57159289	73672
chr17	57085617	57285617	harbor1	chr17	57177285	57177412	LTR/ERVL-MaLR	510	+	64	57177349	91732
chr17	56619858	56819858	harbor1	chr17	56620710	56621102	LTR/ERVL-MaLR	1561	+	196	56620906	1048
chr17	56619858	56819858	harbor1	chr17	56641820	56642339	LTR/ERVL-MaLR	2062	+	260	56642080	22222
chr17	56619858	56819858	harbor1	chr17	56652713	56653130	LTR/ERVL-MaLR	758	+	208	56652921	33063
chr17	56619858	56819858	harbor1	chr17	56658664	56659006	LTR/ERVL-MaLR	588	+	171	56658835	38977
chr17	56619858	56819858	harbor1	chr17	56685755	56686253	LTR/ERVL-MaLR	1798	+	249	56686004	66146
chr17	56619858	56819858	harbor1	chr17	56686256	56686740	LTR/ERVL-MaLR	5446	+	242	56686498	66640
chr17	56619858	56819858	harbor1	chr17	56687051	56688028	LTR/ERVL-MaLR	5446	+	488	56687539	67681
chr17	56619858	56819858	harbor1	chr17	56691451	56691760	LTR/ERVL-MaLR	501	+	154	56691605	71747
chr17	56619858	56819858	harbor1	chr17	56708759	56709188	LTR/ERVL-MaLR	1215	+	214	56708973	89115
chr17	56619858	56819858	harbor1	chr17	56712065	56712367	LTR/ERVL-MaLR	1249	+	151	56712216	92358
chr17	56619858	56819858	harbor1	chr17	56712368	56712716	LTR/ERVL-MaLR	1561	+	174	56712542	92684
chr17	56619858	56819858	harbor1	chr17	56712717	56712862	LTR/ERVL-MaLR	1249	+	72	56712789	92931
chr17	56619858	56819858	harbor1	chr17	56714796	56715197	LTR/ERVL-MaLR	2165	+	200	56714996	95138
chr17	48814031	49014031	harbor1	chr17	48882234	48882517	LTR/ERVL-MaLR	921	+	142	48882376	68345
chr17	29912854	30112854	harbor1	chr17	29953323	29953686	LTR/ERVL-MaLR	2540	+	182	29953505	40651
chr17	29912854	30112854	harbor1	chr17	29953687	29955242	LTR/ERVL-MaLR	10663	+	778	29954465	41611
chr17	29912854	30112854	harbor1	chr17	29955243	29955606	LTR/ERVL-MaLR	2625	+	182	29955425	42571
chr17	29912854	30112854	harbor1	chr17	29963736	29964176	LTR/ERVL-MaLR	2338	+	220	29963956	51102
chr17	29912854	30112854	harbor1	chr17	29967848	29967888	LTR/ERVL-MaLR	654	+	20	29967868	55014
chr17	29912854	30112854	harbor1	chr17	29968176	29968531	LTR/ERVL-MaLR	654	+	178	29968354	55500
chr17	29912854	30112854	harbor1	chr17	30004593	30004622	LTR/ERVL-MaLR	737	+	14	30004607	91753
chr17	29912854	30112854	harbor1	chr17	30004935	30005048	LTR/ERVL-MaLR	737	+	56	30004991	92137
chr17	59347672	59547672	harbor1	chr17	59444870	59445133	LTR/ERVL-MaLR	568	+	132	59445002	97330
chr17	65644230	65844230	harbor1	chr17	65665565	65665772	LTR/ERVL-MaLR	562	+	104	65665669	21439
chr17	65644230	65844230	harbor1	chr17	65688647	65688756	LTR/ERVL-MaLR	501	+	54	65688701	44471
chr17	65644230	65844230	harbor1	chr17	65693752	65694077	LTR/ERVL-MaLR	1300	+	162	65693914	49684
chr17	65644230	65844230	harbor1	chr17	65703927	65704365	LTR/ERVL-MaLR	2013	+	219	65704146	59916
chr17	65644230	65844230	harbor1	chr17	65738858	65739312	LTR/ERVL-MaLR	685	+	227	65739085	94855
chr17	64615714	64815714	harbor1	chr17	64626987	64627102	LTR/ERVL-MaLR	649	+	58	64627045	11331
chr17	64615714	64815714	harbor1	chr17	64627416	64627469	LTR/ERVL-MaLR	649	+	26	64627442	11728
chr17	64615714	64815714	harbor1	chr17	64641398	64641680	LTR/ERVL-MaLR	906	+	141	64641539	25825
chr17	64615714	64815714	harbor1	chr17	64674328	64674540	LTR/ERVL-MaLR	1356	+	106	64674434	58720
chr17	64615714	64815714	harbor1	chr17	64678697	64678848	LTR/ERVL-MaLR	1769	+	76	64678773	63059
chr17	64615714	64815714	harbor1	chr17	64679149	64679445	LTR/ERVL-MaLR	1769	+	148	64679297	63583
chr17	64615714	64815714	harbor1	chr17	64682817	64683167	LTR/ERVL-MaLR	2066	+	175	64682992	67278
chr17	64615714	64815714	harbor1	chr17	64702951	64703103	LTR/ERVL-MaLR	742	+	76	64703027	87313
chr17	34714794	34914794	harbor1	chr17	34731672	34731828	LTR/ERVL-MaLR	533	+	78	34731750	16956
chr17	34714794	34914794	harbor1	chr17	34738909	34739306	LTR/ERVL-MaLR	1106	+	198	34739107	24313
chr17	34714794	34914794	harbor1	chr17	34805030	34805448	LTR/ERVL-MaLR	931	+	209	34805239	90445
chr17	34714794	34914794	harbor1	chr17	34808309	34808497	LTR/ERVL-MaLR	2110	+	94	34808403	93609
chr17	34714794	34914794	harbor1	chr17	34809111	34809330	LTR/ERVL-MaLR	2110	+	110	34809221	94427
chr17	34714794	34914794	harbor1	chr17	34811655	34812044	LTR/ERVL-MaLR	901	+	194	34811849	97055
chr17	4311366	4511366	harbor1	chr17	4340456	4340756	LTR/ERVL-MaLR	1947	+	150	4340606	29240
chr17	4311366	4511366	harbor1	chr17	4386456	4386665	LTR/ERVL-MaLR	676	+	104	4386560	75194
chr17	4311366	4511366	harbor1	chr17	4399306	4399349	LTR/ERVL-MaLR	1581	+	22	4399328	87962
chr17	4311366	4511366	harbor1	chr17	4399649	4399997	LTR/ERVL-MaLR	1581	+	174	4399823	88457
chr17	4311366	4511366	harbor1	chr17	4401488	4401539	LTR/ERVL-MaLR	1446	+	26	4401514	90148
chr17	4311366	4511366	harbor1	chr17	4402075	4402453	LTR/ERVL-MaLR	1446	+	189	4402264	90898
chr17	4311366	4511366	harbor1	chr17	4402716	4402783	LTR/ERVL-MaLR	1446	+	34	4402750	91384
chr17	12561571	12761571	harbor1	chr17	12604444	12604604	LTR/ERVL-MaLR	1816	+	80	12604524	42953
chr17	12561571	12761571	harbor1	chr17	12604905	12605133	LTR/ERVL-MaLR	1816	+	114	12605019	43448
chr17	60332500	60532500	harbor1	chr17	60352145	60352543	LTR/ERVL-MaLR	679	+	199	60352344	19844
chr17	60332500	60532500	harbor1	chr17	60353031	60353399	LTR/ERVL-MaLR	726	+	184	60353215	20715
chr17	16410744	16610744	harbor1	chr17	16448561	16448927	LTR/ERVL-MaLR	1589	+	183	16448744	38000
chr17	16410744	16610744	harbor1	chr17	16457516	16457696	LTR/ERVL-MaLR	964	+	90	16457606	46862
chr17	16410744	16610744	harbor1	chr17	16458003	16458022	LTR/ERVL-MaLR	964	+	10	16458013	47269
chr17	16410744	16610744	harbor1	chr17	16458335	16458468	LTR/ERVL-MaLR	964	+	66	16458401	47657
chr17	16410744	16610744	harbor1	chr17	16458770	16458953	LTR/ERVL-MaLR	964	+	92	16458862	48118
chr17	16410744	16610744	harbor1	chr17	16459973	16460309	LTR/ERVL-MaLR	1740	+	168	16460141	49397
chr17	16410744	16610744	harbor1	chr17	16470991	16471409	LTR/ERVL-MaLR	629	+	209	16471200	60456
chr17	16410744	16610744	harbor1	chr17	16485236	16485595	LTR/ERVL-MaLR	1811	+	180	16485416	74672
chr17	16410744	16610744	harbor1	chr17	16504979	16505332	LTR/ERVL-MaLR	1939	+	176	16505155	94411
chr17	16410744	16610744	harbor1	chr17	16505333	16505691	LTR/ERVL-MaLR	1187	+	179	16505512	94768
chr17	51463380	51663380	harbor1	chr17	51464019	51464120	LTR/ERVL-MaLR	2046	+	50	51464069	689
chr17	51463380	51663380	harbor1	chr17	51464426	51464506	LTR/ERVL-MaLR	2046	+	40	51464466	1086
chr17	51463380	51663380	harbor1	chr17	51464803	51465019	LTR/ERVL-MaLR	2046	+	108	51464911	1531
chr17	51463380	51663380	harbor1	chr17	51474288	51474729	LTR/ERVL-MaLR	2268	+	220	51474508	11128
chr17	51463380	51663380	harbor1	chr17	51490773	51490932	LTR/ERVL-MaLR	1955	+	80	51490853	27473
chr17	51463380	51663380	harbor1	chr17	51491239	51491446	LTR/ERVL-MaLR	1955	+	104	51491343	27963
chr17	51463380	51663380	harbor1	chr17	51515827	51516206	LTR/ERVL-MaLR	1800	+	190	51516017	52637
chr17	51463380	51663380	harbor1	chr17	51533372	51533529	LTR/ERVL-MaLR	1598	+	78	51533450	70070
chr17	51463380	51663380	harbor1	chr17	51533798	51534062	LTR/ERVL-MaLR	1598	+	132	51533930	70550
chr17	51463380	51663380	harbor1	chr17	51536724	51537104	LTR/ERVL-MaLR	2368	+	190	51536914	73534
chr17	51463380	51663380	harbor1	chr17	51539047	51539371	LTR/ERVL-MaLR	2468	+	162	51539209	75829
chr17	51463380	51663380	harbor1	chr17	51545316	51545698	LTR/ERVL-MaLR	2109	+	191	51545507	82127
chr17	83003262	83203262	harbor1	chr17	83008566	83008867	LTR/ERVL-MaLR	552	+	150	83008716	5454
chr17	83003262	83203262	harbor1	chr17	83034576	83034913	LTR/ERVL-MaLR	1930	+	168	83034744	31482
chr17	83003262	83203262	harbor1	chr17	83054605	83054956	LTR/ERVL-MaLR	1703	+	176	83054781	51519
chr17	83003262	83203262	harbor1	chr17	83060465	83060830	LTR/ERVL-MaLR	2175	+	182	83060647	57385
chr17	83003262	83203262	harbor1	chr17	83061166	83061215	LTR/ERVL-MaLR	2175	+	24	83061190	57928
chr17	47784906	47984906	harbor1	chr17	47797503	47797841	LTR/ERVL-MaLR	2257	+	169	47797672	12766
chr17	40673173	40873173	harbor1	chr17	40713268	40713686	LTR/ERVL-MaLR	2481	+	209	40713477	40304
chr17	40673173	40873173	harbor1	chr17	40724450	40724820	LTR/ERVL-MaLR	2780	+	185	40724635	51462
chr17	40673173	40873173	harbor1	chr17	40725716	40726073	LTR/ERVL-MaLR	2491	+	178	40725894	52721
chr17	28224012	28424012	harbor1	chr17	28243661	28244008	LTR/ERVL-MaLR	2240	+	174	28243835	19823
chr17	28224012	28424012	harbor1	chr17	28244299	28244340	LTR/ERVL-MaLR	2240	+	20	28244319	20307
chr17	2470299	2670299	harbor1	chr17	2496665	2496984	LTR/ERVL-MaLR	1164	+	160	2496825	26526
chr17	2470299	2670299	harbor1	chr17	2556692	2557053	LTR/ERVL-MaLR	1471	+	180	2556872	86573
chr17	2470299	2670299	harbor1	chr17	2563063	2563560	LTR/ERVL-MaLR	813	+	248	2563311	93012
chr17	2470299	2670299	harbor1	chr17	2566111	2566354	LTR/ERVL-MaLR	1303	+	122	2566233	95934
chr17	2470299	2670299	harbor1	chr17	2566665	2566788	LTR/ERVL-MaLR	1303	+	62	2566727	96428
chr17	2470299	2670299	harbor1	chr17	2566778	2566962	LTR/ERVL-MaLR	686	+	92	2566870	96571
chr17	68677269	68877269	harbor1	chr17	68691244	68691330	LTR/ERVL-MaLR	551	+	43	68691287	14018
chr17	68677269	68877269	harbor1	chr17	68691369	68691541	LTR/ERVL-MaLR	551	+	86	68691455	14186
chr17	68677269	68877269	harbor1	chr17	68700943	68701203	LTR/ERVL-MaLR	1486	+	130	68701073	23804
chr17	68677269	68877269	harbor1	chr17	68701280	68701414	LTR/ERVL-MaLR	788	+	67	68701347	24078
chr17	68677269	68877269	harbor1	chr17	68703036	68703299	LTR/ERVL-MaLR	492	+	132	68703168	25899
chr17	68677269	68877269	harbor1	chr17	68754784	68755265	LTR/ERVL-MaLR	1798	+	240	68755024	77755
chr17	79997673	80197673	harbor1	chr17	80000208	80000627	LTR/ERVL-MaLR	1396	+	210	80000418	2745
chr17	79997673	80197673	harbor1	chr17	80019895	80020271	LTR/ERVL-MaLR	1312	+	188	80020083	22410
chr17	34883363	35083363	harbor1	chr17	34913296	34913479	LTR/ERVL-MaLR	672	+	92	34913388	30025
chr17	34883363	35083363	harbor1	chr17	34913784	34913996	LTR/ERVL-MaLR	672	+	106	34913890	30527
chr17	34883363	35083363	harbor1	chr17	34918770	34919132	LTR/ERVL-MaLR	2415	+	181	34918951	35588
chr17	34883363	35083363	harbor1	chr17	34919133	34920711	LTR/ERVL-MaLR	12331	+	789	34919922	36559
chr17	34883363	35083363	harbor1	chr17	34920712	34921063	LTR/ERVL-MaLR	2583	+	176	34920888	37525
chr17	34883363	35083363	harbor1	chr17	34957478	34957656	LTR/ERVL-MaLR	493	+	89	34957567	74204
chr17	34883363	35083363	harbor1	chr17	34969647	34969989	LTR/ERVL-MaLR	2253	+	171	34969818	86455
chr17	40734398	40934398	harbor1	chr17	40790581	40790940	LTR/ERVL-MaLR	2053	+	180	40790761	56363
chr17	40734398	40934398	harbor1	chr17	40805186	40805532	LTR/ERVL-MaLR	1852	+	173	40805359	70961
chr17	6251440	6451440	harbor1	chr17	6262890	6262992	LTR/ERVL-MaLR	611	+	51	6262941	11501
chr17	6251440	6451440	harbor1	chr17	6263350	6263742	LTR/ERVL-MaLR	1966	+	196	6263546	12106
chr17	6251440	6451440	harbor1	chr17	6281057	6281596	LTR/ERVL-MaLR	2595	+	270	6281327	29887
chr17	6251440	6451440	harbor1	chr17	6289715	6289870	LTR/ERVL-MaLR	1626	+	78	6289793	38353
chr17	6251440	6451440	harbor1	chr17	6290168	6290358	LTR/ERVL-MaLR	1626	+	95	6290263	38823
chr17	6251440	6451440	harbor1	chr17	6299885	6300323	LTR/ERVL-MaLR	2062	+	219	6300104	48664
chr17	6251440	6451440	harbor1	chr17	6309411	6309852	LTR/ERVL-MaLR	2155	+	220	6309631	58191
chr17	13117122	13317122	harbor1	chr17	13131314	13131714	LTR/ERVL-MaLR	708	+	200	13131514	14392
chr17	13117122	13317122	harbor1	chr17	13137825	13138200	LTR/ERVL-MaLR	2606	+	188	13138013	20891
chr17	13117122	13317122	harbor1	chr17	13138201	13139700	LTR/ERVL-MaLR	9507	+	750	13138951	21829
chr17	13117122	13317122	harbor1	chr17	13145603	13145972	LTR/ERVL-MaLR	1728	+	184	13145787	28665
chr17	13117122	13317122	harbor1	chr17	13163928	13164451	LTR/ERVL-MaLR	2107	+	262	13164190	47068
chr17	13117122	13317122	harbor1	chr17	13192385	13192734	LTR/ERVL-MaLR	2134	+	174	13192559	75437
chr17	13117122	13317122	harbor1	chr17	13214160	13214618	LTR/ERVL-MaLR	2227	+	229	13214389	97267
chr17	13117122	13317122	harbor1	chr17	13139701	13140073	LTR/ERVL-MaLR	2642	+	186	13139887	22765
chr17	9659677	9859677	harbor1	chr17	9665209	9665275	LTR/ERVL-MaLR	1677	+	33	9665242	5565
chr17	9659677	9859677	harbor1	chr17	9665648	9666073	LTR/ERVL-MaLR	1677	+	212	9665860	6183
chr17	65572253	65772253	harbor1	chr17	65580188	65580579	LTR/ERVL-MaLR	541	+	196	65580384	8131
chr17	65572253	65772253	harbor1	chr17	65623173	65623277	LTR/ERVL-MaLR	2344	+	52	65623225	50972
chr17	65572253	65772253	harbor1	chr17	65623586	65623847	LTR/ERVL-MaLR	2344	+	130	65623716	51463
chr17	65572253	65772253	harbor1	chr17	65624139	65624213	LTR/ERVL-MaLR	2344	+	37	65624176	51923
chr17	65572253	65772253	harbor1	chr17	65665565	65665772	LTR/ERVL-MaLR	562	+	104	65665669	93416
chr18	47071952	47271952	harbor1	chr18	47093961	47094353	LTR/ERVL-MaLR	1875	+	196	47094157	22205
chr18	47071952	47271952	harbor1	chr18	47095281	47095619	LTR/ERVL-MaLR	2015	+	169	47095450	23498
chr18	47071952	47271952	harbor1	chr18	47117273	47117624	LTR/ERVL-MaLR	1452	+	176	47117449	45497
chr18	47071952	47271952	harbor1	chr18	47141811	47142171	LTR/ERVL-MaLR	2477	+	180	47141991	70039
chr18	47071952	47271952	harbor1	chr18	47165789	47165946	LTR/ERVL-MaLR	739	+	78	47165867	93915
chr18	12920129	13120129	harbor1	chr18	12938487	12938822	LTR/ERVL-MaLR	1639	+	168	12938655	18526
chr18	12920129	13120129	harbor1	chr18	12939121	12939186	LTR/ERVL-MaLR	1639	+	32	12939153	19024
chr18	29311900	29511900	harbor1	chr18	29352069	29352523	LTR/ERVL-MaLR	1655	+	227	29352296	40396
chr18	29311900	29511900	harbor1	chr18	29354633	29354996	LTR/ERVL-MaLR	1957	+	182	29354815	42915
chr18	29311900	29511900	harbor1	chr18	29354997	29356349	LTR/ERVL-MaLR	7311	+	676	29355673	43773
chr18	29311900	29511900	harbor1	chr18	29362685	29363050	LTR/ERVL-MaLR	1782	+	182	29362867	50967
chr18	29311900	29511900	harbor1	chr18	29383409	29383782	LTR/ERVL-MaLR	990	+	186	29383595	71695
chr18	29311900	29511900	harbor1	chr18	29390206	29390537	LTR/ERVL-MaLR	1613	+	166	29390372	78472
chr18	29311900	29511900	harbor1	chr18	29390542	29391709	LTR/ERVL-MaLR	7395	+	584	29391126	79226
chr18	29311900	29511900	harbor1	chr18	29391710	29391830	LTR/ERVL-MaLR	753	+	60	29391770	79870
chr18	29311900	29511900	harbor1	chr18	29391833	29392184	LTR/ERVL-MaLR	1866	+	176	29392009	80109
chr18	38869184	39069184	harbor1	chr18	38897925	38898080	LTR/ERVL-MaLR	577	+	78	38898003	28819
chr18	38869184	39069184	harbor1	chr18	38898135	38898312	LTR/ERVL-MaLR	884	+	88	38898223	29039
chr18	26390349	26590349	harbor1	chr18	26399987	26400169	LTR/ERVL-MaLR	1027	+	91	26400078	9729
chr18	26390349	26590349	harbor1	chr18	26400466	26400709	LTR/ERVL-MaLR	1027	+	122	26400588	10239
chr18	26390349	26590349	harbor1	chr18	26402839	26403262	LTR/ERVL-MaLR	1917	+	212	26403051	12702
chr18	26390349	26590349	harbor1	chr18	26420610	26421024	LTR/ERVL-MaLR	2630	+	207	26420817	30468
chr18	26390349	26590349	harbor1	chr18	26454293	26454713	LTR/ERVL-MaLR	515	+	210	26454503	64154
chr18	26390349	26590349	harbor1	chr18	26470321	26470682	LTR/ERVL-MaLR	583	+	180	26470501	80152
chr18	66800942	67000942	harbor1	chr18	66806543	66806922	LTR/ERVL-MaLR	1741	+	190	66806733	5791
chr18	66800942	67000942	harbor1	chr18	66814191	66814385	LTR/ERVL-MaLR	480	+	97	66814288	13346
chr18	66800942	67000942	harbor1	chr18	66857497	66857751	LTR/ERVL-MaLR	658	+	127	66857624	56682
chr18	66800942	67000942	harbor1	chr18	66875426	66875620	LTR/ERVL-MaLR	464	+	97	66875523	74581
chr18	66800942	67000942	harbor1	chr18	66876564	66876656	LTR/ERVL-MaLR	444	+	46	66876610	75668
chr18	66800942	67000942	harbor1	chr18	66876681	66877204	LTR/ERVL-MaLR	958	+	262	66876943	76001
chr18	66800942	67000942	harbor1	chr18	66889656	66890036	LTR/ERVL-MaLR	1694	+	190	66889846	88904
chr18	68229855	68429855	harbor1	chr18	68269399	68269778	LTR/ERVL-MaLR	2349	+	190	68269589	39734
chr18	68229855	68429855	harbor1	chr18	68309370	68309698	LTR/ERVL-MaLR	1399	+	164	68309534	79679
chr18	68229855	68429855	harbor1	chr18	68309998	68310054	LTR/ERVL-MaLR	1399	+	28	68310026	80171
chr18	68229855	68429855	harbor1	chr18	68271963	68272265	LTR/ERVL-MaLR	1176	+	151	68272114	42259
chr18	33053002	33253002	harbor1	chr18	33077308	33077479	LTR/ERVL-MaLR	691	+	86	33077394	24392
chr18	33053002	33253002	harbor1	chr18	33080433	33080679	LTR/ERVL-MaLR	1112	+	123	33080556	27554
chr18	33053002	33253002	harbor1	chr18	33096983	33097523	LTR/ERVL-MaLR	1647	+	270	33097253	44251
chr18	33053002	33253002	harbor1	chr18	33106634	33107196	LTR/ERVL-MaLR	1735	+	281	33106915	53913
chr18	33053002	33253002	harbor1	chr18	33121071	33121257	LTR/ERVL-MaLR	442	+	93	33121164	68162
chr18	33053002	33253002	harbor1	chr18	33138937	33139274	LTR/ERVL-MaLR	1951	+	168	33139105	86103
chr18	33053002	33253002	harbor1	chr18	33139275	33140830	LTR/ERVL-MaLR	11552	+	778	33140053	87051
chr18	33053002	33253002	harbor1	chr18	33140831	33141191	LTR/ERVL-MaLR	2203	+	180	33141011	88009
chr18	33053002	33253002	harbor1	chr18	33141296	33141621	LTR/ERVL-MaLR	439	+	162	33141458	88456
chr18	33053002	33253002	harbor1	chr18	33146118	33146403	LTR/ERVL-MaLR	480	+	142	33146260	93258
chr18	33053002	33253002	harbor1	chr18	33146653	33147113	LTR/ERVL-MaLR	480	+	230	33146883	93881
chr18	33053002	33253002	harbor1	chr18	33148511	33148815	LTR/ERVL-MaLR	422	+	152	33148663	95661
chr18	33053002	33253002	harbor1	chr18	33152366	33152748	LTR/ERVL-MaLR	883	+	191	33152557	99555
chr18	78021010	78221010	harbor1	chr18	78037589	78037920	LTR/ERVL-MaLR	1126	+	166	78037755	16745
chr18	78021010	78221010	harbor1	chr18	78056778	78057089	LTR/ERVL-MaLR	1000	+	156	78056934	35924
chr18	78021010	78221010	harbor1	chr18	78057090	78057265	LTR/ERVL-MaLR	2111	+	88	78057178	36168
chr18	78021010	78221010	harbor1	chr18	78057550	78057919	LTR/ERVL-MaLR	2111	+	184	78057734	36724
chr18	78021010	78221010	harbor1	chr18	78057919	78057982	LTR/ERVL-MaLR	472	+	32	78057951	36941
chr18	78021010	78221010	harbor1	chr18	78103202	78103547	LTR/ERVL-MaLR	2216	+	172	78103374	82364
chr18	78021010	78221010	harbor1	chr18	78109630	78109986	LTR/ERVL-MaLR	921	+	178	78109808	88798
chr18	78021010	78221010	harbor1	chr18	78119996	78120523	LTR/ERVL-MaLR	1414	+	264	78120260	99250
chr18	78021010	78221010	harbor1	chr18	78120717	78121126	LTR/ERVL-MaLR	2626	+	204	78120921	99911
chr18	11266757	11466757	harbor1	chr18	11272607	11272968	LTR/ERVL-MaLR	2129	+	180	11272787	6030
chr18	11266757	11466757	harbor1	chr18	11281557	11281915	LTR/ERVL-MaLR	1167	+	179	11281736	14979
chr18	11266757	11466757	harbor1	chr18	11300568	11300886	LTR/ERVL-MaLR	1608	+	159	11300727	33970
chr18	11266757	11466757	harbor1	chr18	11326891	11327379	LTR/ERVL-MaLR	2522	+	244	11327135	60378
chr18	74230086	74430086	harbor1	chr18	74232182	74232275	LTR/ERVL-MaLR	2226	+	46	74232228	2142
chr18	74230086	74430086	harbor1	chr18	74232596	74232713	LTR/ERVL-MaLR	2226	+	58	74232654	2568
chr18	74230086	74430086	harbor1	chr18	74233026	74233295	LTR/ERVL-MaLR	2226	+	134	74233160	3074
chr18	74230086	74430086	harbor1	chr18	74249758	74249873	LTR/ERVL-MaLR	666	+	58	74249816	19730
chr18	74230086	74430086	harbor1	chr18	74249973	74250198	LTR/ERVL-MaLR	916	+	112	74250085	19999
chr18	74230086	74430086	harbor1	chr18	74250343	74250541	LTR/ERVL-MaLR	459	+	99	74250442	20356
chr18	74230086	74430086	harbor1	chr18	74275180	74275408	LTR/ERVL-MaLR	418	+	114	74275294	45208
chr18	74101275	74301275	harbor1	chr18	74167039	74167429	LTR/ERVL-MaLR	1729	+	195	74167234	65959
chr18	74101275	74301275	harbor1	chr18	74180115	74180558	LTR/ERVL-MaLR	1312	+	222	74180337	79062
chr18	65962324	66162324	harbor1	chr18	65980572	65980729	LTR/ERVL-MaLR	816	+	78	65980650	18326
chr18	65962324	66162324	harbor1	chr18	66002309	66002671	LTR/ERVL-MaLR	1901	+	181	66002490	40166
chr18	65962324	66162324	harbor1	chr18	66026196	66026613	LTR/ERVL-MaLR	2034	+	208	66026404	64080
chr18	49439935	49639935	harbor1	chr18	49456066	49456366	LTR/ERVL-MaLR	1123	+	150	49456216	16281
chr18	49439935	49639935	harbor1	chr18	49457655	49458127	LTR/ERVL-MaLR	1913	+	236	49457891	17956
chr18	49439935	49639935	harbor1	chr18	49466739	49466895	LTR/ERVL-MaLR	662	+	78	49466817	26882
chr18	49439935	49639935	harbor1	chr18	49467038	49467086	LTR/ERVL-MaLR	505	+	24	49467062	27127
chr18	49439935	49639935	harbor1	chr18	49473093	49473181	LTR/ERVL-MaLR	437	+	44	49473137	33202
chr18	49439935	49639935	harbor1	chr18	49473739	49474268	LTR/ERVL-MaLR	1763	+	264	49474003	34068
chr18	49439935	49639935	harbor1	chr18	49525873	49526204	LTR/ERVL-MaLR	1537	+	166	49526039	86104
chr18	38819398	39019398	harbor1	chr18	38820224	38820316	LTR/ERVL-MaLR	577	+	46	38820270	872
chr18	38819398	39019398	harbor1	chr18	38833186	38833395	LTR/ERVL-MaLR	871	+	104	38833290	13892
chr18	38819398	39019398	harbor1	chr18	38833396	38833767	LTR/ERVL-MaLR	1528	+	186	38833582	14184
chr18	38819398	39019398	harbor1	chr18	38833784	38833941	LTR/ERVL-MaLR	895	+	78	38833862	14464
chr18	38819398	39019398	harbor1	chr18	38844306	38844713	LTR/ERVL-MaLR	1768	+	204	38844510	25112
chr18	38819398	39019398	harbor1	chr18	38862914	38863296	LTR/ERVL-MaLR	1582	+	191	38863105	43707
chr18	38819398	39019398	harbor1	chr18	38863299	38864894	LTR/ERVL-MaLR	7381	+	798	38864097	44699
chr18	38819398	39019398	harbor1	chr18	38864895	38865283	LTR/ERVL-MaLR	2084	+	194	38865089	45691
chr18	38819398	39019398	harbor1	chr18	38897925	38898080	LTR/ERVL-MaLR	577	+	78	38898003	78605
chr18	38819398	39019398	harbor1	chr18	38898135	38898312	LTR/ERVL-MaLR	884	+	88	38898223	78825
chr18	32445372	32645372	harbor1	chr18	32450722	32450891	LTR/ERVL-MaLR	540	+	84	32450806	5434
chr18	32445372	32645372	harbor1	chr18	32451172	32451250	LTR/ERVL-MaLR	540	+	39	32451211	5839
chr18	32445372	32645372	harbor1	chr18	32515429	32515768	LTR/ERVL-MaLR	2044	+	170	32515599	70227
chr18	32445372	32645372	harbor1	chr18	32532123	32532447	LTR/ERVL-MaLR	786	+	162	32532285	86913
chr18	27839434	28039434	harbor1	chr18	27879674	27880069	LTR/ERVL-MaLR	1144	+	198	27879872	40438
chr18	27839434	28039434	harbor1	chr18	27937922	27938337	LTR/ERVL-MaLR	2548	+	208	27938130	98696
chr18	5545803	5745803	harbor1	chr18	5575245	5575554	LTR/ERVL-MaLR	2212	+	154	5575399	29596
chr18	5545803	5745803	harbor1	chr18	5575846	5575946	LTR/ERVL-MaLR	2212	+	50	5575896	30093
chr18	5545803	5745803	harbor1	chr18	5599443	5599861	LTR/ERVL-MaLR	2674	+	209	5599652	53849
chr18	5545803	5745803	harbor1	chr18	5641012	5641388	LTR/ERVL-MaLR	1867	+	188	5641200	95397
chr18	5545803	5745803	harbor1	chr18	5644883	5645239	LTR/ERVL-MaLR	2125	+	178	5645061	99258
chr18	56292364	56492364	harbor1	chr18	56298364	56298784	LTR/ERVL-MaLR	1547	+	210	56298574	6210
chr18	56292364	56492364	harbor1	chr18	56316487	56316863	LTR/ERVL-MaLR	557	+	188	56316675	24311
chr18	56292364	56492364	harbor1	chr18	56317696	56317852	LTR/ERVL-MaLR	414	+	78	56317774	25410
chr18	56292364	56492364	harbor1	chr18	56329606	56330020	LTR/ERVL-MaLR	1374	+	207	56329813	37449
chr18	56292364	56492364	harbor1	chr18	56330134	56330315	LTR/ERVL-MaLR	870	+	90	56330224	37860
chr18	56292364	56492364	harbor1	chr18	56335796	56336156	LTR/ERVL-MaLR	2230	+	180	56335976	43612
chr18	56292364	56492364	harbor1	chr18	56336485	56336551	LTR/ERVL-MaLR	2230	+	33	56336518	44154
chr18	56292364	56492364	harbor1	chr18	56337599	56338031	LTR/ERVL-MaLR	2530	+	216	56337815	45451
chr18	56292364	56492364	harbor1	chr18	56349500	56349855	LTR/ERVL-MaLR	2201	+	178	56349678	57314
chr18	56292364	56492364	harbor1	chr18	56358923	56359284	LTR/ERVL-MaLR	1992	+	180	56359103	66739
chr18	8952490	9152490	harbor1	chr18	8996095	8996311	LTR/ERVL-MaLR	648	+	108	8996203	43713
chr18	8952490	9152490	harbor1	chr18	8996327	8996436	LTR/ERVL-MaLR	2407	+	54	8996381	43891
chr18	8952490	9152490	harbor1	chr18	8996764	8997179	LTR/ERVL-MaLR	2407	+	208	8996972	44482
chr18	8952490	9152490	harbor1	chr18	9001248	9001559	LTR/ERVL-MaLR	1541	+	156	9001404	48914
chr18	8952490	9152490	harbor1	chr18	9001841	9001903	LTR/ERVL-MaLR	1541	+	31	9001872	49382
chr18	8952490	9152490	harbor1	chr18	9003379	9003743	LTR/ERVL-MaLR	2646	+	182	9003561	51071
chr18	8952490	9152490	harbor1	chr18	9018499	9018949	LTR/ERVL-MaLR	2133	+	225	9018724	66234
chr18	8952490	9152490	harbor1	chr18	9022311	9022711	LTR/ERVL-MaLR	783	+	200	9022511	70021
chr18	8952490	9152490	harbor1	chr18	9031802	9032410	LTR/ERVL-MaLR	7954	+	304	9032106	79616
chr18	8952490	9152490	harbor1	chr18	9032673	9033916	LTR/ERVL-MaLR	7954	+	622	9033295	80805
chr18	8952490	9152490	harbor1	chr18	9033918	9034222	LTR/ERVL-MaLR	1713	+	152	9034070	81580
chr18	8952490	9152490	harbor1	chr18	9034530	9034598	LTR/ERVL-MaLR	1713	+	34	9034564	82074
chr18	8952490	9152490	harbor1	chr18	9049819	9050180	LTR/ERVL-MaLR	1960	+	180	9049999	97509
chr18	8952490	9152490	harbor1	chr18	9050181	9051679	LTR/ERVL-MaLR	11807	+	749	9050930	98440
chr18	8952490	9152490	harbor1	chr18	9051984	9052062	LTR/ERVL-MaLR	11807	+	39	9052023	99533
chr18	8952490	9152490	harbor1	chr18	9052063	9052226	LTR/ERVL-MaLR	1146	+	82	9052145	99655
chr18	39197398	39397398	harbor1	chr18	39222715	39223278	LTR/ERVL-MaLR	963	+	282	39222997	25599
chr18	39197398	39397398	harbor1	chr18	39226929	39227270	LTR/ERVL-MaLR	2450	+	170	39227099	29701
chr18	39197398	39397398	harbor1	chr18	39227271	39228844	LTR/ERVL-MaLR	11431	+	786	39228057	30659
chr18	39197398	39397398	harbor1	chr18	39228845	39229197	LTR/ERVL-MaLR	2677	+	176	39229021	31623
chr18	39197398	39397398	harbor1	chr18	39229792	39230331	LTR/ERVL-MaLR	440	+	270	39230062	32664
chr18	39197398	39397398	harbor1	chr18	39230593	39230752	LTR/ERVL-MaLR	466	+	80	39230673	33275
chr18	39197398	39397398	harbor1	chr18	39231719	39232098	LTR/ERVL-MaLR	628	+	190	39231909	34511
chr18	39197398	39397398	harbor1	chr18	39273112	39273380	LTR/ERVL-MaLR	1366	+	134	39273246	75848
chr18	39197398	39397398	harbor1	chr18	39273381	39273765	LTR/ERVL-MaLR	1795	+	192	39273573	76175
chr18	39197398	39397398	harbor1	chr18	39273766	39273946	LTR/ERVL-MaLR	1366	+	90	39273856	76458
chr18	39197398	39397398	harbor1	chr18	39283746	39284121	LTR/ERVL-MaLR	2383	+	188	39283934	86536
chr18	39197398	39397398	harbor1	chr18	39290894	39291151	LTR/ERVL-MaLR	705	+	128	39291022	93624
chr18	8917045	9117045	harbor1	chr18	8938805	8939215	LTR/ERVL-MaLR	2281	+	205	8939010	21965
chr18	8917045	9117045	harbor1	chr18	8947298	8947342	LTR/ERVL-MaLR	2148	+	22	8947320	30275
chr18	8917045	9117045	harbor1	chr18	8947625	8948036	LTR/ERVL-MaLR	2148	+	206	8947831	30786
chr18	8917045	9117045	harbor1	chr18	8950574	8950788	LTR/ERVL-MaLR	994	+	107	8950681	33636
chr18	8917045	9117045	harbor1	chr18	8950942	8951098	LTR/ERVL-MaLR	1023	+	78	8951020	33975
chr18	8917045	9117045	harbor1	chr18	8996095	8996311	LTR/ERVL-MaLR	648	+	108	8996203	79158
chr18	8917045	9117045	harbor1	chr18	8996327	8996436	LTR/ERVL-MaLR	2407	+	54	8996381	79336
chr18	8917045	9117045	harbor1	chr18	8996764	8997179	LTR/ERVL-MaLR	2407	+	208	8996972	79927
chr18	8917045	9117045	harbor1	chr18	9001248	9001559	LTR/ERVL-MaLR	1541	+	156	9001404	84359
chr18	8917045	9117045	harbor1	chr18	9001841	9001903	LTR/ERVL-MaLR	1541	+	31	9001872	84827
chr18	8917045	9117045	harbor1	chr18	9003379	9003743	LTR/ERVL-MaLR	2646	+	182	9003561	86516
chr18	67660391	67860391	harbor1	chr18	67668793	67669175	LTR/ERVL-MaLR	1460	+	191	67668984	8593
chr18	67660391	67860391	harbor1	chr18	67691309	67691390	LTR/ERVL-MaLR	617	+	40	67691349	30958
chr18	67660391	67860391	harbor1	chr18	67700407	67700812	LTR/ERVL-MaLR	2070	+	202	67700609	40218
chr18	67660391	67860391	harbor1	chr18	67756269	67756443	LTR/ERVL-MaLR	1374	+	87	67756356	95965
chr18	67660391	67860391	harbor1	chr18	67756986	67757216	LTR/ERVL-MaLR	1374	+	115	67757101	96710
chr18	43264325	43464325	harbor1	chr18	43309651	43310000	LTR/ERVL-MaLR	628	+	174	43309825	45500
chr18	43264325	43464325	harbor1	chr18	43311188	43311653	LTR/ERVL-MaLR	1406	+	232	43311420	47095
chr18	75331863	75531863	harbor1	chr18	75351897	75352145	LTR/ERVL-MaLR	938	+	124	75352021	20158
chr18	75331863	75531863	harbor1	chr18	75352248	75352634	LTR/ERVL-MaLR	2625	+	193	75352441	20578
chr18	75331863	75531863	harbor1	chr18	75352635	75354276	LTR/ERVL-MaLR	10366	+	820	75353455	21592
chr18	75331863	75531863	harbor1	chr18	75354277	75354650	LTR/ERVL-MaLR	2632	+	186	75354463	22600
chr18	75331863	75531863	harbor1	chr18	75356915	75357171	LTR/ERVL-MaLR	1129	+	128	75357043	25180
chr18	75331863	75531863	harbor1	chr18	75368327	75368729	LTR/ERVL-MaLR	1730	+	201	75368528	36665
chr18	42729127	42929127	harbor1	chr18	42765746	42766098	LTR/ERVL-MaLR	2384	+	176	42765922	36795
chr18	42729127	42929127	harbor1	chr18	42766099	42767673	LTR/ERVL-MaLR	11269	+	787	42766886	37759
chr18	42729127	42929127	harbor1	chr18	42767674	42768027	LTR/ERVL-MaLR	2598	+	176	42767850	38723
chr18	42729127	42929127	harbor1	chr18	42768831	42769088	LTR/ERVL-MaLR	641	+	128	42768959	39832
chr18	42729127	42929127	harbor1	chr18	42791700	42792273	LTR/ERVL-MaLR	628	+	286	42791986	62859
chr18	42729127	42929127	harbor1	chr18	42812099	42812410	LTR/ERVL-MaLR	497	+	156	42812255	83128
chr18	42729127	42929127	harbor1	chr18	42820818	42821199	LTR/ERVL-MaLR	1651	+	190	42821008	91881
chr18	45955407	46155407	harbor1	chr18	45989192	45989546	LTR/ERVL-MaLR	2441	+	177	45989369	33962
chr18	45955407	46155407	harbor1	chr18	46033250	46033415	LTR/ERVL-MaLR	1846	+	82	46033332	77925
chr18	45955407	46155407	harbor1	chr18	46033717	46033994	LTR/ERVL-MaLR	1846	+	138	46033855	78448
chr18	45955407	46155407	harbor1	chr18	46047964	46048468	LTR/ERVL-MaLR	2195	+	252	46048216	92809
chr18	22524482	22724482	harbor1	chr18	22593598	22594003	LTR/ERVL-MaLR	2300	+	202	22593800	69318
chr18	43090120	43290120	harbor1	chr18	43133552	43133906	LTR/ERVL-MaLR	2660	+	177	43133729	43609
chr18	43090120	43290120	harbor1	chr18	43137380	43137701	LTR/ERVL-MaLR	1933	+	160	43137540	47420
chr18	43090120	43290120	harbor1	chr18	43181792	43182042	LTR/ERVL-MaLR	1032	+	125	43181917	91797
chr18	43090120	43290120	harbor1	chr18	43182218	43182322	LTR/ERVL-MaLR	477	+	52	43182270	92150
chr18	70185300	70385300	harbor1	chr18	70231318	70231680	LTR/ERVL-MaLR	2224	+	181	70231499	46199
chr18	70185300	70385300	harbor1	chr18	70234592	70234974	LTR/ERVL-MaLR	532	+	191	70234783	49483
chr18	70185300	70385300	harbor1	chr18	70251521	70252014	LTR/ERVL-MaLR	2041	+	246	70251767	66467
chr18	70185300	70385300	harbor1	chr18	70262423	70262783	LTR/ERVL-MaLR	2733	+	180	70262603	77303
chr18	70185300	70385300	harbor1	chr18	70262784	70263621	LTR/ERVL-MaLR	4384	+	418	70263202	77902
chr18	70185300	70385300	harbor1	chr18	70267152	70267231	LTR/ERVL-MaLR	480	+	40	70267192	81892
chr18	70185300	70385300	harbor1	chr18	70275210	70275561	LTR/ERVL-MaLR	1715	+	176	70275386	90086
chr18	70185300	70385300	harbor1	chr18	70281081	70281453	LTR/ERVL-MaLR	2392	+	186	70281267	95967
chr18	70185300	70385300	harbor1	chr18	70283297	70283476	LTR/ERVL-MaLR	721	+	90	70283387	98087
chr18	70185300	70385300	harbor1	chr18	70283782	70283848	LTR/ERVL-MaLR	721	+	33	70283815	98515
chr18	13469288	13669288	harbor1	chr18	13473875	13474287	LTR/ERVL-MaLR	2260	+	206	13474081	4793
chr18	13469288	13669288	harbor1	chr18	13523182	13523534	LTR/ERVL-MaLR	742	+	176	13523358	54070
chr18	62706206	62906206	harbor1	chr18	62708831	62708898	LTR/ERVL-MaLR	411	+	34	62708865	2659
chr18	62706206	62906206	harbor1	chr18	62755396	62755763	LTR/ERVL-MaLR	2145	+	184	62755580	49374
chr19	13229049	13429049	harbor1	chr19	13246263	13246577	LTR/ERVL-MaLR	676	+	157	13246420	17371
chr19	13229049	13429049	harbor1	chr19	13256833	13257162	LTR/ERVL-MaLR	980	+	164	13256997	27948
chr19	13229049	13429049	harbor1	chr19	13289702	13289890	LTR/ERVL-MaLR	1075	+	94	13289796	60747
chr19	13229049	13429049	harbor1	chr19	13304187	13304358	LTR/ERVL-MaLR	1499	+	86	13304273	75224
chr19	13229049	13429049	harbor1	chr19	13304633	13304909	LTR/ERVL-MaLR	1499	+	138	13304771	75722
chr19	13229049	13429049	harbor1	chr19	13314325	13314726	LTR/ERVL-MaLR	2421	+	200	13314525	85476
chr19	13229049	13429049	harbor1	chr19	13322237	13322511	LTR/ERVL-MaLR	1138	+	137	13322374	93325
chr19	28680532	28880532	harbor1	chr19	28685926	28686215	LTR/ERVL-MaLR	1019	+	144	28686070	5538
chr19	28680532	28880532	harbor1	chr19	28686525	28686579	LTR/ERVL-MaLR	1019	+	27	28686552	6020
chr19	28680532	28880532	harbor1	chr19	28691154	28691558	LTR/ERVL-MaLR	2223	+	202	28691356	10824
chr19	28680532	28880532	harbor1	chr19	28691559	28693172	LTR/ERVL-MaLR	8314	+	806	28692365	11833
chr19	28680532	28880532	harbor1	chr19	28693173	28693604	LTR/ERVL-MaLR	2024	+	216	28693389	12857
chr19	28680532	28880532	harbor1	chr19	28707083	28707467	LTR/ERVL-MaLR	1924	+	192	28707275	26743
chr19	36192082	36392082	harbor1	chr19	36207669	36208011	LTR/ERVL-MaLR	767	+	171	36207840	15758
chr19	36192082	36392082	harbor1	chr19	36240490	36240586	LTR/ERVL-MaLR	692	+	48	36240538	48456
chr19	36192082	36392082	harbor1	chr19	36240887	36241129	LTR/ERVL-MaLR	739	+	121	36241008	48926
chr19	36192082	36392082	harbor1	chr19	36252315	36252874	LTR/ERVL-MaLR	1756	+	280	36252595	60513
chr19	4597641	4797641	harbor1	chr19	4652842	4653023	LTR/ERVL-MaLR	777	+	90	4652932	55291
chr19	4597641	4797641	harbor1	chr19	4684040	4684402	LTR/ERVL-MaLR	1032	+	181	4684221	86580
chr19	37357847	37557847	harbor1	chr19	37416881	37417262	LTR/ERVL-MaLR	1625	+	190	37417071	59224
chr19	37357847	37557847	harbor1	chr19	37417549	37417612	LTR/ERVL-MaLR	1625	+	32	37417581	59734
chr19	37357847	37557847	harbor1	chr19	37429168	37429517	LTR/ERVL-MaLR	673	+	174	37429342	71495
chr19	18939928	19139928	harbor1	chr19	19008498	19008880	LTR/ERVL-MaLR	900	+	191	19008689	68761
chr19	53762314	53962314	harbor1	chr19	53806902	53807084	LTR/ERVL-MaLR	756	+	91	53806993	44679
chr19	53762314	53962314	harbor1	chr19	53807367	53807407	LTR/ERVL-MaLR	756	+	20	53807387	45073
chr19	53762314	53962314	harbor1	chr19	53825285	53825455	LTR/ERVL-MaLR	977	+	85	53825370	63056
chr19	53762314	53962314	harbor1	chr19	53825752	53825803	LTR/ERVL-MaLR	977	+	26	53825778	63464
chr19	48798436	48998436	harbor1	chr19	48857009	48857297	LTR/ERVL-MaLR	770	+	144	48857153	58717
chr19	48650862	48850862	harbor1	chr19	48651210	48651531	LTR/ERVL-MaLR	1009	+	160	48651370	508
chr19	48650862	48850862	harbor1	chr19	48656879	48657256	LTR/ERVL-MaLR	1252	+	188	48657067	6205
chr19	48650862	48850862	harbor1	chr19	48711032	48711551	LTR/ERVL-MaLR	843	+	260	48711292	60430
chr19	4655641	4855641	harbor1	chr19	4684040	4684402	LTR/ERVL-MaLR	1032	+	181	4684221	28580
chr19	4655641	4855641	harbor1	chr19	4697725	4698074	LTR/ERVL-MaLR	856	+	174	4697899	42258
chr19	4655641	4855641	harbor1	chr19	4711314	4711490	LTR/ERVL-MaLR	886	+	88	4711402	55761
chr19	4655641	4855641	harbor1	chr19	4711800	4712023	LTR/ERVL-MaLR	886	+	112	4711912	56271
chr19	20496146	20696146	harbor1	chr19	20527235	20527644	LTR/ERVL-MaLR	1526	+	204	20527439	31293
chr19	56525386	56725386	harbor1	chr19	56582580	56582940	LTR/ERVL-MaLR	1630	+	180	56582760	57374
chr19	56525386	56725386	harbor1	chr19	56588553	56588955	LTR/ERVL-MaLR	2277	+	201	56588754	63368
chr19	33576001	33776001	harbor1	chr19	33581794	33582167	LTR/ERVL-MaLR	1567	+	186	33581980	5979
chr19	33576001	33776001	harbor1	chr19	33611569	33611958	LTR/ERVL-MaLR	2356	+	194	33611763	35762
chr19	33576001	33776001	harbor1	chr19	33613993	33614354	LTR/ERVL-MaLR	2100	+	180	33614173	38172
chr19	33576001	33776001	harbor1	chr19	33626434	33626776	LTR/ERVL-MaLR	2003	+	171	33626605	50604
chr19	33576001	33776001	harbor1	chr19	33627090	33627118	LTR/ERVL-MaLR	2003	+	14	33627104	51103
chr19	33576001	33776001	harbor1	chr19	33627412	33627475	LTR/ERVL-MaLR	2003	+	32	33627444	51443
chr19	46550329	46750329	harbor1	chr19	46565627	46565983	LTR/ERVL-MaLR	2094	+	178	46565805	15476
chr19	46550329	46750329	harbor1	chr19	46573060	46573234	LTR/ERVL-MaLR	743	+	87	46573147	22818
chr19	46550329	46750329	harbor1	chr19	46574651	46574811	LTR/ERVL-MaLR	959	+	80	46574731	24402
chr19	46550329	46750329	harbor1	chr19	46576661	46576791	LTR/ERVL-MaLR	1703	+	65	46576726	26397
chr19	46550329	46750329	harbor1	chr19	46577096	46577311	LTR/ERVL-MaLR	1703	+	108	46577204	26875
chr19	46550329	46750329	harbor1	chr19	46644403	46644535	LTR/ERVL-MaLR	850	+	66	46644469	94140
chr19	42350617	42550617	harbor1	chr19	42435382	42435550	LTR/ERVL-MaLR	1671	+	84	42435466	84849
chr19	42350617	42550617	harbor1	chr19	42435846	42436068	LTR/ERVL-MaLR	1671	+	111	42435957	85340
chr19	37488524	37688524	harbor1	chr19	37491282	37491499	LTR/ERVL-MaLR	1295	+	108	37491390	2866
chr19	37488524	37688524	harbor1	chr19	37580508	37580929	LTR/ERVL-MaLR	2395	+	210	37580718	92194
chr19	37488524	37688524	harbor1	chr19	37585732	37586162	LTR/ERVL-MaLR	1788	+	215	37585947	97423
chr19	7986721	8186721	harbor1	chr19	8018250	8018319	LTR/ERVL-MaLR	1860	+	34	8018284	31563
chr19	7986721	8186721	harbor1	chr19	8018618	8018637	LTR/ERVL-MaLR	1860	+	10	8018628	31907
chr19	7986721	8186721	harbor1	chr19	8018912	8019214	LTR/ERVL-MaLR	1860	+	151	8019063	32342
chr19	7986721	8186721	harbor1	chr19	8030798	8031062	LTR/ERVL-MaLR	987	+	132	8030930	44209
chr19	7986721	8186721	harbor1	chr19	8038216	8038362	LTR/ERVL-MaLR	1659	+	73	8038289	51568
chr19	7986721	8186721	harbor1	chr19	8038654	8038891	LTR/ERVL-MaLR	1659	+	118	8038772	52051
chr19	7986721	8186721	harbor1	chr19	8075899	8076234	LTR/ERVL-MaLR	1651	+	168	8076067	89346
chr19	10157339	10357339	harbor1	chr19	10188545	10189074	LTR/ERVL-MaLR	1788	+	264	10188809	31470
chr19	10157339	10357339	harbor1	chr19	10207088	10207548	LTR/ERVL-MaLR	1487	+	230	10207318	49979
chr19	48155679	48355679	harbor1	chr19	48157855	48158237	LTR/ERVL-MaLR	2142	+	191	48158046	2367
chr19	48155679	48355679	harbor1	chr19	48159470	48159706	LTR/ERVL-MaLR	1652	+	118	48159588	3909
chr19	48155679	48355679	harbor1	chr19	48160017	48160247	LTR/ERVL-MaLR	1652	+	115	48160132	4453
chr19	48155679	48355679	harbor1	chr19	48164361	48164805	LTR/ERVL-MaLR	968	+	222	48164583	8904
chr19	48155679	48355679	harbor1	chr19	48165331	48165376	LTR/ERVL-MaLR	968	+	22	48165353	9674
chr19	48155679	48355679	harbor1	chr19	48242084	48242449	LTR/ERVL-MaLR	1950	+	182	48242266	86587
chr19	45080794	45280794	harbor1	chr19	45148825	45148862	LTR/ERVL-MaLR	911	+	18	45148843	68049
chr19	45080794	45280794	harbor1	chr19	45149172	45149549	LTR/ERVL-MaLR	911	+	188	45149360	68566
chr19	40784472	40984472	harbor1	chr19	40828200	40828416	LTR/ERVL-MaLR	1115	+	108	40828308	43836
chr19	40784472	40984472	harbor1	chr19	40840029	40840431	LTR/ERVL-MaLR	2462	+	201	40840230	55758
chr19	40784472	40984472	harbor1	chr19	40870638	40871044	LTR/ERVL-MaLR	2581	+	203	40870841	86369
chr19	18048813	18248813	harbor1	chr19	18060520	18060790	LTR/ERVL-MaLR	796	+	135	18060655	11842
chr19	43346850	43546850	harbor1	chr19	43437760	43437913	LTR/ERVL-MaLR	762	+	76	43437836	90986
chr19	4083660	4283660	harbor1	chr19	4176622	4176832	LTR/ERVL-MaLR	654	+	105	4176727	93067
chr19	35823574	36023574	harbor1	chr19	35829069	35829372	LTR/ERVL-MaLR	691	+	152	35829221	5647
chr19	57212762	57412762	harbor1	chr19	57274864	57275042	LTR/ERVL-MaLR	1149	+	89	57274953	62191
chr19	57212762	57412762	harbor1	chr19	57309513	57309668	LTR/ERVL-MaLR	1978	+	78	57309591	96829
chr19	57212762	57412762	harbor1	chr19	57309969	57310193	LTR/ERVL-MaLR	1978	+	112	57310081	97319
chr19	39734302	39934302	harbor1	chr19	39765144	39765501	LTR/ERVL-MaLR	1530	+	178	39765322	31020
chr19	39734302	39934302	harbor1	chr19	39781424	39781836	LTR/ERVL-MaLR	2506	+	206	39781630	47328
chr19	39734302	39934302	harbor1	chr19	39782227	39782570	LTR/ERVL-MaLR	2257	+	172	39782399	48097
chr19	39734302	39934302	harbor1	chr19	39809207	39809656	LTR/ERVL-MaLR	927	+	224	39809431	75129
chr19	49003460	49203460	harbor1	chr19	49077941	49078021	LTR/ERVL-MaLR	1437	+	40	49077981	74521
chr19	49003460	49203460	harbor1	chr19	49078330	49078630	LTR/ERVL-MaLR	1437	+	150	49078480	75020
chr19	49003460	49203460	harbor1	chr19	49081645	49082486	LTR/ERVL-MaLR	4272	+	420	49082065	78605
chr19	49003460	49203460	harbor1	chr19	49082792	49082880	LTR/ERVL-MaLR	4272	+	44	49082836	79376
chr19	14847645	15047645	harbor1	chr19	14918511	14918869	LTR/ERVL-MaLR	2718	+	179	14918690	71045
chr19	43816361	44016361	harbor1	chr19	43816696	43817066	LTR/ERVL-MaLR	2186	+	185	43816881	520
chr19	43816361	44016361	harbor1	chr19	43903861	43904233	LTR/ERVL-MaLR	1982	+	186	43904047	87686
chr19	43816361	44016361	harbor1	chr19	43905511	43905901	LTR/ERVL-MaLR	2293	+	195	43905706	89345
chr19	46673627	46873627	harbor1	chr19	46708155	46708308	LTR/ERVL-MaLR	1425	+	76	46708231	34604
chr19	46673627	46873627	harbor1	chr19	46708611	46708850	LTR/ERVL-MaLR	1425	+	120	46708731	35104
chr19	21039299	21239299	harbor1	chr19	21040262	21040657	LTR/ERVL-MaLR	1448	+	198	21040460	1161
chr19	21039299	21239299	harbor1	chr19	21077237	21077716	LTR/ERVL-MaLR	3090	+	240	21077477	38178
chr19	21039299	21239299	harbor1	chr19	21108360	21108751	LTR/ERVL-MaLR	1626	+	196	21108556	69257
chr19	13329899	13529899	harbor1	chr19	13340755	13340925	LTR/ERVL-MaLR	1243	+	85	13340840	10941
chr19	13329899	13529899	harbor1	chr19	13341092	13341424	LTR/ERVL-MaLR	1243	+	166	13341258	11359
chr19	13329899	13529899	harbor1	chr19	13342534	13342913	LTR/ERVL-MaLR	846	+	190	13342724	12825
chr19	13329899	13529899	harbor1	chr19	13354643	13354858	LTR/ERVL-MaLR	1799	+	108	13354751	24852
chr19	13329899	13529899	harbor1	chr19	13355174	13355442	LTR/ERVL-MaLR	1799	+	134	13355308	25409
chr19	13329899	13529899	harbor1	chr19	13397678	13397979	LTR/ERVL-MaLR	912	+	150	13397828	67929
chr19	13329899	13529899	harbor1	chr19	13398284	13398385	LTR/ERVL-MaLR	912	+	50	13398334	68435
chr19	13329899	13529899	harbor1	chr19	13401518	13401844	LTR/ERVL-MaLR	1018	+	163	13401681	71782
chr19	13329899	13529899	harbor1	chr19	13401977	13402074	LTR/ERVL-MaLR	1018	+	48	13402025	72126
chr19	13329899	13529899	harbor1	chr19	13407803	13408174	LTR/ERVL-MaLR	2204	+	186	13407989	78090
chr19	13329899	13529899	harbor1	chr19	13411288	13411632	LTR/ERVL-MaLR	2454	+	172	13411460	81561
chr19	13329899	13529899	harbor1	chr19	13420319	13420752	LTR/ERVL-MaLR	1518	+	216	13420535	90636
chr19	13329899	13529899	harbor1	chr19	13421490	13421837	LTR/ERVL-MaLR	1949	+	174	13421664	91765
chr19	6593652	6793652	harbor1	chr19	6650802	6650984	LTR/ERVL-MaLR	1365	+	91	6650893	57241
chr19	6593652	6793652	harbor1	chr19	6651297	6651492	LTR/ERVL-MaLR	1365	+	98	6651395	57743
chr19	6593652	6793652	harbor1	chr19	6680369	6680754	LTR/ERVL-MaLR	954	+	192	6680561	86909
chr19	7625760	7825760	harbor1	chr19	7716840	7717199	LTR/ERVL-MaLR	2051	+	180	7717020	91260
chr19	29730726	29930726	harbor1	chr19	29740330	29740565	LTR/ERVL-MaLR	1315	+	118	29740448	9722
chr19	29730726	29930726	harbor1	chr19	29742078	29742233	LTR/ERVL-MaLR	1012	+	78	29742156	11430
chr19	29730726	29930726	harbor1	chr19	29771548	29772044	LTR/ERVL-MaLR	1634	+	248	29771796	41070
chr19	29730726	29930726	harbor1	chr19	29778877	29779140	LTR/ERVL-MaLR	645	+	132	29779009	48283
chr19	39285635	39485635	harbor1	chr19	39299561	39299855	LTR/ERVL-MaLR	683	+	147	39299708	14073
chr19	39285635	39485635	harbor1	chr19	39301725	39302021	LTR/ERVL-MaLR	794	+	148	39301873	16238
chr19	45777478	45977478	harbor1	chr19	45837988	45838354	LTR/ERVL-MaLR	2027	+	183	45838171	60693
chr19	45777478	45977478	harbor1	chr19	45842925	45843320	LTR/ERVL-MaLR	1007	+	198	45843123	65645
chr19	42524327	42724327	harbor1	chr19	42548237	42548605	LTR/ERVL-MaLR	2343	+	184	42548421	24094
chr19	42524327	42724327	harbor1	chr19	42548957	42549073	LTR/ERVL-MaLR	1100	+	58	42549015	24688
chr19	42524327	42724327	harbor1	chr19	42549428	42549797	LTR/ERVL-MaLR	12473	+	184	42549612	25285
chr19	42524327	42724327	harbor1	chr19	42550109	42551329	LTR/ERVL-MaLR	12473	+	610	42550719	26392
chr19	42524327	42724327	harbor1	chr19	42551330	42551669	LTR/ERVL-MaLR	2147	+	170	42551500	27173
chr19	42524327	42724327	harbor1	chr19	42551670	42551994	LTR/ERVL-MaLR	1100	+	162	42551832	27505
chr19	42524327	42724327	harbor1	chr19	42579183	42579368	LTR/ERVL-MaLR	916	+	92	42579275	54948
chr19	42524327	42724327	harbor1	chr19	42549074	42549427	LTR/ERVL-MaLR	2411	+	176	42549250	24923
chr19	28378961	28578961	harbor1	chr19	28388652	28389013	LTR/ERVL-MaLR	1751	+	180	28388832	9871
chr19	28378961	28578961	harbor1	chr19	28425930	28426077	LTR/ERVL-MaLR	1463	+	74	28426004	47043
chr19	28378961	28578961	harbor1	chr19	28426378	28426661	LTR/ERVL-MaLR	1463	+	142	28426520	47559
chr19	28378961	28578961	harbor1	chr19	28473547	28473928	LTR/ERVL-MaLR	2132	+	190	28473737	94776
chr19	28378961	28578961	harbor1	chr19	28475515	28475876	LTR/ERVL-MaLR	2026	+	180	28475695	96734
chr19	39840966	40040966	harbor1	chr19	39849752	39849893	LTR/ERVL-MaLR	1129	+	70	39849822	8856
chr19	39840966	40040966	harbor1	chr19	39850200	39850387	LTR/ERVL-MaLR	1129	+	94	39850294	9328
chr19	39840966	40040966	harbor1	chr19	39866091	39866501	LTR/ERVL-MaLR	1414	+	205	39866296	25330
chr19	39840966	40040966	harbor1	chr19	39867148	39867679	LTR/ERVL-MaLR	2055	+	266	39867414	26448
chr19	39840966	40040966	harbor1	chr19	39868998	39869302	LTR/ERVL-MaLR	1525	+	152	39869150	28184
chr19	39840966	40040966	harbor1	chr19	39869908	39870073	LTR/ERVL-MaLR	1525	+	82	39869990	29024
chr19	39840966	40040966	harbor1	chr19	39886745	39887184	LTR/ERVL-MaLR	1163	+	220	39886965	45999
chr19	39840966	40040966	harbor1	chr19	39902997	39903436	LTR/ERVL-MaLR	1185	+	220	39903217	62251
chr19	39840966	40040966	harbor1	chr19	39910783	39911150	LTR/ERVL-MaLR	876	+	184	39910967	70001
chr19	39840966	40040966	harbor1	chr19	39911475	39911543	LTR/ERVL-MaLR	876	+	34	39911509	70543
chr19	39840966	40040966	harbor1	chr19	39919847	39920166	LTR/ERVL-MaLR	1334	+	160	39920007	79041
chr19	7585244	7785244	harbor1	chr19	7621885	7622262	LTR/ERVL-MaLR	1941	+	188	7622073	36829
chr19	56634216	56834216	harbor1	chr19	56665977	56666117	LTR/ERVL-MaLR	1258	+	70	56666047	31831
chr19	56634216	56834216	harbor1	chr19	56666406	56666615	LTR/ERVL-MaLR	1258	+	104	56666510	32294
chr19	56634216	56834216	harbor1	chr19	56666665	56666917	LTR/ERVL-MaLR	887	+	126	56666791	32575
chr19	56634216	56834216	harbor1	chr19	56667664	56667961	LTR/ERVL-MaLR	1404	+	148	56667812	33596
chr19	56634216	56834216	harbor1	chr19	56674615	56675025	LTR/ERVL-MaLR	1635	+	205	56674820	40604
chr19	56634216	56834216	harbor1	chr19	56678115	56678210	LTR/ERVL-MaLR	645	+	48	56678163	43947
chr19	4097554	4297554	harbor1	chr19	4176622	4176832	LTR/ERVL-MaLR	654	+	105	4176727	79173
chr19	34785756	34985756	harbor1	chr19	34809611	34809991	LTR/ERVL-MaLR	2108	+	190	34809801	24045
chr19	34785756	34985756	harbor1	chr19	34814427	34814795	LTR/ERVL-MaLR	2120	+	184	34814611	28855
chr19	34785756	34985756	harbor1	chr19	34844672	34845083	LTR/ERVL-MaLR	2369	+	206	34844878	59122
chr19	34785756	34985756	harbor1	chr19	34880344	34880708	LTR/ERVL-MaLR	2352	+	182	34880526	94770
chr19	54651349	54851349	harbor1	chr19	54662132	54662619	LTR/ERVL-MaLR	2011	+	244	54662376	11027
chr19	54651349	54851349	harbor1	chr19	54726480	54726977	LTR/ERVL-MaLR	1378	+	248	54726728	75379
chr19	54651349	54851349	harbor1	chr19	54740694	54741149	LTR/ERVL-MaLR	1287	+	228	54740922	89573
chr19	109669	309669	harbor1	chr19	169078	169318	LTR/ERVL-MaLR	1152	+	120	169198	59529
chr19	109669	309669	harbor1	chr19	171601	171877	LTR/ERVL-MaLR	1152	+	138	171739	62070
chr19	109669	309669	harbor1	chr19	175551	175960	LTR/ERVL-MaLR	1113	+	204	175755	66086
chr19	109669	309669	harbor1	chr19	179460	179949	LTR/ERVL-MaLR	1912	+	244	179704	70035
chr19	36954576	37154576	harbor1	chr19	36965105	36965303	LTR/ERVL-MaLR	927	+	99	36965204	10628
chr19	36954576	37154576	harbor1	chr19	36995898	36996066	LTR/ERVL-MaLR	751	+	84	36995982	41406
chr19	36954576	37154576	harbor1	chr19	37047192	37047567	LTR/ERVL-MaLR	1691	+	188	37047380	92804
chr19	45139543	45339543	harbor1	chr19	45148825	45148862	LTR/ERVL-MaLR	911	+	18	45148843	9300
chr19	45139543	45339543	harbor1	chr19	45149172	45149549	LTR/ERVL-MaLR	911	+	188	45149360	9817
chr19	45139543	45339543	harbor1	chr19	45201708	45201941	LTR/ERVL-MaLR	2277	+	116	45201824	62281
chr19	45139543	45339543	harbor1	chr19	45202240	45202376	LTR/ERVL-MaLR	2277	+	68	45202308	62765
chr19	45139543	45339543	harbor1	chr19	45237682	45237861	LTR/ERVL-MaLR	752	+	90	45237772	98229
chr19	48460956	48660956	harbor1	chr19	48481834	48482248	LTR/ERVL-MaLR	1288	+	207	48482041	21085
chr19	48460956	48660956	harbor1	chr19	48482250	48482694	LTR/ERVL-MaLR	2071	+	222	48482472	21516
chr19	48460956	48660956	harbor1	chr19	48524128	48524487	LTR/ERVL-MaLR	1338	+	180	48524308	63352
chr19	48460956	48660956	harbor1	chr19	48524487	48524868	LTR/ERVL-MaLR	753	+	190	48524677	63721
chr19	43209017	43409017	harbor1	chr19	43234275	43234484	LTR/ERVL-MaLR	769	+	104	43234379	25362
chr19	43209017	43409017	harbor1	chr19	43239765	43240090	LTR/ERVL-MaLR	1525	+	162	43239927	30910
chr19	43209017	43409017	harbor1	chr19	43249603	43249639	LTR/ERVL-MaLR	753	+	18	43249621	40604
chr19	43209017	43409017	harbor1	chr19	43249937	43250171	LTR/ERVL-MaLR	753	+	117	43250054	41037
chr19	43209017	43409017	harbor1	chr19	43294752	43294962	LTR/ERVL-MaLR	748	+	105	43294857	85840
chr19	44666740	44866740	harbor1	chr19	44685054	44685577	LTR/ERVL-MaLR	1218	+	262	44685316	18576
chr19	44666740	44866740	harbor1	chr19	44685875	44686071	LTR/ERVL-MaLR	1218	+	98	44685973	19233
chr19	5550087	5750087	harbor1	chr19	5585185	5585442	LTR/ERVL-MaLR	789	+	128	5585313	35226
chr19	28249187	28449187	harbor1	chr19	28253268	28253846	LTR/ERVL-MaLR	1220	+	289	28253557	4370
chr19	28249187	28449187	harbor1	chr19	28328593	28328934	LTR/ERVL-MaLR	2221	+	170	28328763	79576
chr19	28249187	28449187	harbor1	chr19	28328967	28330503	LTR/ERVL-MaLR	11042	+	768	28329735	80548
chr19	28249187	28449187	harbor1	chr19	28330504	28330858	LTR/ERVL-MaLR	2085	+	177	28330681	81494
chr19	28249187	28449187	harbor1	chr19	28339706	28340071	LTR/ERVL-MaLR	2006	+	182	28339888	90701
chr19	47807980	48007980	harbor1	chr19	47901226	47901611	LTR/ERVL-MaLR	1233	+	192	47901418	93438
chr19	3462762	3662762	harbor1	chr19	3487384	3487529	LTR/ERVL-MaLR	704	+	72	3487456	24694
chr19	3462762	3662762	harbor1	chr19	3497209	3497626	LTR/ERVL-MaLR	1278	+	208	3497417	34655
chr19	3462762	3662762	harbor1	chr19	3497931	3497971	LTR/ERVL-MaLR	1278	+	20	3497951	35189
chr19	33240282	33440282	harbor1	chr19	33283660	33283964	LTR/ERVL-MaLR	1091	+	152	33283812	43530
chr19	33240282	33440282	harbor1	chr19	33284263	33284428	LTR/ERVL-MaLR	1091	+	82	33284345	44063
chr19	33240282	33440282	harbor1	chr19	33304942	33305245	LTR/ERVL-MaLR	1021	+	152	33305094	64812
chr19	33240282	33440282	harbor1	chr19	33325956	33326425	LTR/ERVL-MaLR	1251	+	234	33326190	85908
chr19	33240282	33440282	harbor1	chr19	33308619	33309001	LTR/ERVL-MaLR	2266	+	191	33308810	68528
chr19	10967719	11167719	harbor1	chr19	11067322	11067757	LTR/ERVL-MaLR	798	+	218	11067540	99821
chr19	58290198	58490198	harbor1	chr19	58293598	58293843	LTR/ERVL-MaLR	923	+	122	58293720	3522
chr19	58290198	58490198	harbor1	chr19	58323557	58323888	LTR/ERVL-MaLR	2348	+	166	58323723	33525
chr19	58290198	58490198	harbor1	chr19	58324206	58324284	LTR/ERVL-MaLR	2348	+	39	58324245	34047
chr19	58290198	58490198	harbor1	chr19	58365165	58365396	LTR/ERVL-MaLR	689	+	116	58365281	75083
chr19	58290198	58490198	harbor1	chr19	58378659	58379068	LTR/ERVL-MaLR	1296	+	204	58378863	88665
chr19	7896920	8096920	harbor1	chr19	7950827	7950912	LTR/ERVL-MaLR	685	+	42	7950869	53949
chr19	7896920	8096920	harbor1	chr19	7951224	7951237	LTR/ERVL-MaLR	685	+	6	7951230	54310
chr19	7896920	8096920	harbor1	chr19	7951515	7951751	LTR/ERVL-MaLR	1294	+	118	7951633	54713
chr19	7896920	8096920	harbor1	chr19	7975630	7975823	LTR/ERVL-MaLR	933	+	96	7975726	78806
chr19	7896920	8096920	harbor1	chr19	7976443	7976735	LTR/ERVL-MaLR	1352	+	146	7976589	79669
chr19	12219877	12419877	harbor1	chr19	12276661	12277091	LTR/ERVL-MaLR	1918	+	215	12276876	56999
chr19	12219877	12419877	harbor1	chr19	12282082	12282261	LTR/ERVL-MaLR	688	+	90	12282172	62295
chr19	49208529	49408529	harbor1	chr19	49259374	49259734	LTR/ERVL-MaLR	1830	+	180	49259554	51025
chr19	49208529	49408529	harbor1	chr19	49287423	49287765	LTR/ERVL-MaLR	2557	+	171	49287594	79065
chr19	49208529	49408529	harbor1	chr19	49287766	49289334	LTR/ERVL-MaLR	11924	+	784	49288550	80021
chr19	49208529	49408529	harbor1	chr19	49289335	49289688	LTR/ERVL-MaLR	2569	+	176	49289511	80982
chr19	49208529	49408529	harbor1	chr19	49304991	49305309	LTR/ERVL-MaLR	759	+	159	49305150	96621
chr19	49208529	49408529	harbor1	chr19	49305620	49305810	LTR/ERVL-MaLR	759	+	95	49305715	97186
chr19	5046831	5246831	harbor1	chr19	5098581	5098936	LTR/ERVL-MaLR	1855	+	178	5098759	51928
chr19	5046831	5246831	harbor1	chr19	5099693	5099891	LTR/ERVL-MaLR	1147	+	99	5099792	52961
chr19	48766310	48966310	harbor1	chr19	48770257	48770455	LTR/ERVL-MaLR	924	+	99	48770356	4046
chr19	48766310	48966310	harbor1	chr19	48777848	48777985	LTR/ERVL-MaLR	1359	+	68	48777916	11606
chr19	48766310	48966310	harbor1	chr19	48778574	48778773	LTR/ERVL-MaLR	1359	+	100	48778674	12364
chr19	48766310	48966310	harbor1	chr19	48779085	48779211	LTR/ERVL-MaLR	1359	+	63	48779148	12838
chr19	48766310	48966310	harbor1	chr19	48857009	48857297	LTR/ERVL-MaLR	770	+	144	48857153	90843
chr19	22300256	22500256	harbor1	chr19	22305115	22305338	LTR/ERVL-MaLR	821	+	112	22305227	4971
chr19	6413236	6613236	harbor1	chr19	6434244	6434570	LTR/ERVL-MaLR	1103	+	163	6434407	21171
chr19	6413236	6613236	harbor1	chr19	6437348	6437525	LTR/ERVL-MaLR	750	+	88	6437436	24200
chr19	6413236	6613236	harbor1	chr19	6444484	6444651	LTR/ERVL-MaLR	2058	+	84	6444568	31332
chr19	6413236	6613236	harbor1	chr19	6445408	6445719	LTR/ERVL-MaLR	2058	+	156	6445564	32328
chr19	6413236	6613236	harbor1	chr19	6446730	6447192	LTR/ERVL-MaLR	2134	+	231	6446961	33725
chr19	6413236	6613236	harbor1	chr19	6452853	6453233	LTR/ERVL-MaLR	845	+	190	6453043	39807
chr19	6413236	6613236	harbor1	chr19	6491091	6491180	LTR/ERVL-MaLR	1533	+	44	6491135	77899
chr19	6413236	6613236	harbor1	chr19	6491488	6491498	LTR/ERVL-MaLR	1533	+	5	6491493	78257
chr19	6413236	6613236	harbor1	chr19	6491777	6492252	LTR/ERVL-MaLR	1533	+	238	6492015	78779
chr19	6610290	6810290	harbor1	chr19	6650802	6650984	LTR/ERVL-MaLR	1365	+	91	6650893	40603
chr19	6610290	6810290	harbor1	chr19	6651297	6651492	LTR/ERVL-MaLR	1365	+	98	6651395	41105
chr19	6610290	6810290	harbor1	chr19	6680369	6680754	LTR/ERVL-MaLR	954	+	192	6680561	70271
chr19	13266505	13466505	harbor1	chr19	13289702	13289890	LTR/ERVL-MaLR	1075	+	94	13289796	23291
chr19	13266505	13466505	harbor1	chr19	13304187	13304358	LTR/ERVL-MaLR	1499	+	86	13304273	37768
chr19	13266505	13466505	harbor1	chr19	13304633	13304909	LTR/ERVL-MaLR	1499	+	138	13304771	38266
chr19	13266505	13466505	harbor1	chr19	13314325	13314726	LTR/ERVL-MaLR	2421	+	200	13314525	48020
chr19	13266505	13466505	harbor1	chr19	13322237	13322511	LTR/ERVL-MaLR	1138	+	137	13322374	55869
chr19	13266505	13466505	harbor1	chr19	13340755	13340925	LTR/ERVL-MaLR	1243	+	85	13340840	74335
chr19	13266505	13466505	harbor1	chr19	13341092	13341424	LTR/ERVL-MaLR	1243	+	166	13341258	74753
chr19	13266505	13466505	harbor1	chr19	13342534	13342913	LTR/ERVL-MaLR	846	+	190	13342724	76219
chr19	13266505	13466505	harbor1	chr19	13354643	13354858	LTR/ERVL-MaLR	1799	+	108	13354751	88246
chr19	13266505	13466505	harbor1	chr19	13355174	13355442	LTR/ERVL-MaLR	1799	+	134	13355308	88803
chr19	6447517	6647517	harbor1	chr19	6452853	6453233	LTR/ERVL-MaLR	845	+	190	6453043	5526
chr19	6447517	6647517	harbor1	chr19	6491091	6491180	LTR/ERVL-MaLR	1533	+	44	6491135	43618
chr19	6447517	6647517	harbor1	chr19	6491488	6491498	LTR/ERVL-MaLR	1533	+	5	6491493	43976
chr19	6447517	6647517	harbor1	chr19	6491777	6492252	LTR/ERVL-MaLR	1533	+	238	6492015	44498
chr19	6447517	6647517	harbor1	chr19	6539980	6540179	LTR/ERVL-MaLR	873	+	100	6540080	92563
chr19	31597309	31797309	harbor1	chr19	31606526	31606711	LTR/ERVL-MaLR	2005	+	92	31606618	9309
chr19	31597309	31797309	harbor1	chr19	31607008	31607254	LTR/ERVL-MaLR	2005	+	123	31607131	9822
chr19	31597309	31797309	harbor1	chr19	31608588	31609078	LTR/ERVL-MaLR	1257	+	245	31608833	11524
chr19	31597309	31797309	harbor1	chr19	31641928	31642447	LTR/ERVL-MaLR	1691	+	260	31642188	44879
chr19	31597309	31797309	harbor1	chr19	31620887	31621249	LTR/ERVL-MaLR	1381	+	181	31621068	23759
chr19	18039067	18239067	harbor1	chr19	18060520	18060790	LTR/ERVL-MaLR	796	+	135	18060655	21588
chr19	43705683	43905683	harbor1	chr19	43728122	43728538	LTR/ERVL-MaLR	2683	+	208	43728330	22647
chr19	43705683	43905683	harbor1	chr19	43751468	43751875	LTR/ERVL-MaLR	968	+	204	43751672	45989
chr19	14367157	14567157	harbor1	chr19	14422531	14422902	LTR/ERVL-MaLR	1516	+	186	14422717	55560
chr19	53221612	53421612	harbor1	chr19	53273904	53274412	LTR/ERVL-MaLR	648	+	254	53274158	52546
chr19	53221612	53421612	harbor1	chr19	53307049	53307462	LTR/ERVL-MaLR	2217	+	206	53307255	85643
chr19	34470481	34670481	harbor1	chr19	34545887	34546195	LTR/ERVL-MaLR	1556	+	154	34546041	75560
chr19	34470481	34670481	harbor1	chr19	34546508	34546583	LTR/ERVL-MaLR	1556	+	38	34546546	76065
chr19	14123185	14323185	harbor1	chr19	14170923	14171315	LTR/ERVL-MaLR	2663	+	196	14171119	47934
chr19	14123185	14323185	harbor1	chr19	14178047	14178222	LTR/ERVL-MaLR	1928	+	88	14178135	54950
chr19	14123185	14323185	harbor1	chr19	14178517	14178528	LTR/ERVL-MaLR	1928	+	6	14178523	55338
chr19	14123185	14323185	harbor1	chr19	14178811	14178901	LTR/ERVL-MaLR	1928	+	45	14178856	55671
chr19	14123185	14323185	harbor1	chr19	14179511	14179624	LTR/ERVL-MaLR	1928	+	56	14179567	56382
chr19	14123185	14323185	harbor1	chr19	14179901	14179952	LTR/ERVL-MaLR	1928	+	26	14179927	56742
chr19	14123185	14323185	harbor1	chr19	14193601	14193967	LTR/ERVL-MaLR	1603	+	183	14193784	70599
chr19	14123185	14323185	harbor1	chr19	14194239	14194302	LTR/ERVL-MaLR	1603	+	32	14194271	71086
chr19	11106905	11306905	harbor1	chr19	11191543	11191781	LTR/ERVL-MaLR	745	+	119	11191662	84757
chr19	11106905	11306905	harbor1	chr19	11192084	11192190	LTR/ERVL-MaLR	745	+	53	11192137	85232
chr19	16024750	16224750	harbor1	chr19	16047738	16048075	LTR/ERVL-MaLR	2425	+	168	16047906	23156
chr19	16024750	16224750	harbor1	chr19	16048383	16048445	LTR/ERVL-MaLR	2425	+	31	16048414	23664
chr19	57996467	58196467	harbor1	chr19	58005833	58006069	LTR/ERVL-MaLR	714	+	118	58005951	9484
chr19	57996467	58196467	harbor1	chr19	58072097	58072398	LTR/ERVL-MaLR	1073	+	150	58072247	75780
chr19	57996467	58196467	harbor1	chr19	58072716	58072978	LTR/ERVL-MaLR	1444	+	131	58072847	76380
chr19	57996467	58196467	harbor1	chr19	58073652	58074064	LTR/ERVL-MaLR	2672	+	206	58073858	77391
chr19	29691537	29891537	harbor1	chr19	29740330	29740565	LTR/ERVL-MaLR	1315	+	118	29740448	48911
chr19	29691537	29891537	harbor1	chr19	29742078	29742233	LTR/ERVL-MaLR	1012	+	78	29742156	50619
chr19	29691537	29891537	harbor1	chr19	29771548	29772044	LTR/ERVL-MaLR	1634	+	248	29771796	80259
chr19	29691537	29891537	harbor1	chr19	29778877	29779140	LTR/ERVL-MaLR	645	+	132	29779009	87472
chr19	57077720	57277720	harbor1	chr19	57089669	57090046	LTR/ERVL-MaLR	1979	+	188	57089857	12137
chr19	43351328	43551328	harbor1	chr19	43437760	43437913	LTR/ERVL-MaLR	762	+	76	43437836	86508
chr19	43351328	43551328	harbor1	chr19	43451005	43451179	LTR/ERVL-MaLR	1724	+	87	43451092	99764
chr19	46374763	46574763	harbor1	chr19	46420198	46420469	LTR/ERVL-MaLR	867	+	136	46420334	45571
chr19	46374763	46574763	harbor1	chr19	46448252	46448395	LTR/ERVL-MaLR	1257	+	72	46448324	73561
chr19	46374763	46574763	harbor1	chr19	46448713	46448985	LTR/ERVL-MaLR	1257	+	136	46448849	74086
chr19	46374763	46574763	harbor1	chr19	46473788	46473981	LTR/ERVL-MaLR	946	+	96	46473884	99121
chr19	18041970	18241970	harbor1	chr19	18060520	18060790	LTR/ERVL-MaLR	796	+	135	18060655	18685
chr19	37610805	37810805	harbor1	chr19	37613782	37614143	LTR/ERVL-MaLR	1650	+	180	37613962	3157
chr19	37610805	37810805	harbor1	chr19	37617106	37617445	LTR/ERVL-MaLR	1841	+	170	37617276	6471
chr19	37610805	37810805	harbor1	chr19	37626250	37626390	LTR/ERVL-MaLR	1094	+	70	37626320	15515
chr19	37610805	37810805	harbor1	chr19	37626691	37627310	LTR/ERVL-MaLR	1604	+	310	37627001	16196
chr19	37610805	37810805	harbor1	chr19	37627944	37628502	LTR/ERVL-MaLR	1635	+	279	37628223	17418
chr19	37610805	37810805	harbor1	chr19	37647265	37647627	LTR/ERVL-MaLR	2161	+	181	37647446	36641
chr19	38892955	39092955	harbor1	chr19	38921838	38922159	LTR/ERVL-MaLR	732	+	160	38921998	29043
chr19	38892955	39092955	harbor1	chr19	38922584	38922904	LTR/ERVL-MaLR	2000	+	160	38922744	29789
chr19	38892955	39092955	harbor1	chr19	38923522	38923552	LTR/ERVL-MaLR	2000	+	15	38923537	30582
chr19	38892955	39092955	harbor1	chr19	38924152	38924163	LTR/ERVL-MaLR	2000	+	6	38924158	31203
chr19	38892955	39092955	harbor1	chr19	38924987	38925031	LTR/ERVL-MaLR	1019	+	22	38925009	32054
chr19	38892955	39092955	harbor1	chr19	38925337	38925823	LTR/ERVL-MaLR	1019	+	243	38925580	32625
chr19	38892955	39092955	harbor1	chr19	38926111	38926166	LTR/ERVL-MaLR	1019	+	28	38926139	33184
chr19	38892955	39092955	harbor1	chr19	38985342	38985548	LTR/ERVL-MaLR	1830	+	103	38985445	92490
chr19	38892955	39092955	harbor1	chr19	38985863	38986028	LTR/ERVL-MaLR	1830	+	82	38985945	92990
chr19	31518181	31718181	harbor1	chr19	31538047	31538406	LTR/ERVL-MaLR	2629	+	180	31538227	20046
chr19	31518181	31718181	harbor1	chr19	31549984	31550270	LTR/ERVL-MaLR	2011	+	143	31550127	31946
chr19	31518181	31718181	harbor1	chr19	31550645	31550712	LTR/ERVL-MaLR	2011	+	34	31550679	32498
chr19	31518181	31718181	harbor1	chr19	31566801	31566953	LTR/ERVL-MaLR	1655	+	76	31566877	48696
chr19	31518181	31718181	harbor1	chr19	31567252	31567491	LTR/ERVL-MaLR	1655	+	120	31567372	49191
chr19	31518181	31718181	harbor1	chr19	31577932	31578285	LTR/ERVL-MaLR	2192	+	176	31578108	59927
chr19	31518181	31718181	harbor1	chr19	31591025	31591388	LTR/ERVL-MaLR	1938	+	182	31591207	73026
chr19	31518181	31718181	harbor1	chr19	31606526	31606711	LTR/ERVL-MaLR	2005	+	92	31606618	88437
chr19	31518181	31718181	harbor1	chr19	31607008	31607254	LTR/ERVL-MaLR	2005	+	123	31607131	88950
chr19	31518181	31718181	harbor1	chr19	31608588	31609078	LTR/ERVL-MaLR	1257	+	245	31608833	90652
chr19	37537304	37737304	harbor1	chr19	37580508	37580929	LTR/ERVL-MaLR	2395	+	210	37580718	43414
chr19	37537304	37737304	harbor1	chr19	37585732	37586162	LTR/ERVL-MaLR	1788	+	215	37585947	48643
chr19	37537304	37737304	harbor1	chr19	37613782	37614143	LTR/ERVL-MaLR	1650	+	180	37613962	76658
chr19	37537304	37737304	harbor1	chr19	37617106	37617445	LTR/ERVL-MaLR	1841	+	170	37617276	79972
chr19	37537304	37737304	harbor1	chr19	37626250	37626390	LTR/ERVL-MaLR	1094	+	70	37626320	89016
chr19	37537304	37737304	harbor1	chr19	37626691	37627310	LTR/ERVL-MaLR	1604	+	310	37627001	89697
chr19	37537304	37737304	harbor1	chr19	37627944	37628502	LTR/ERVL-MaLR	1635	+	279	37628223	90919
chr19	5113409	5313409	harbor1	chr19	5188156	5188547	LTR/ERVL-MaLR	1773	+	196	5188352	74943
chr19	35559150	35759150	harbor1	chr19	35608431	35608660	LTR/ERVL-MaLR	672	+	114	35608545	49395
chr19	43932333	44132333	harbor1	chr19	43932868	43933148	LTR/ERVL-MaLR	843	+	140	43933008	675
chr19	43932333	44132333	harbor1	chr19	43959429	43959835	LTR/ERVL-MaLR	2446	+	203	43959632	27299
chr19	43932333	44132333	harbor1	chr19	43959836	43960999	LTR/ERVL-MaLR	5842	+	582	43960418	28085
chr19	43932333	44132333	harbor1	chr19	43982150	43982445	LTR/ERVL-MaLR	1267	+	148	43982298	49965
chr19	43932333	44132333	harbor1	chr19	43982785	43982808	LTR/ERVL-MaLR	1267	+	12	43982797	50464
chr19	43932333	44132333	harbor1	chr19	43982820	43983592	LTR/ERVL-MaLR	3319	+	386	43983206	50873
chr19	43932333	44132333	harbor1	chr19	44001024	44001303	LTR/ERVL-MaLR	1003	+	140	44001164	68831
chr19	43932333	44132333	harbor1	chr19	44016582	44016945	LTR/ERVL-MaLR	2174	+	182	44016764	84431
chr19	43932333	44132333	harbor1	chr19	44017254	44017290	LTR/ERVL-MaLR	2174	+	18	44017272	84939
chr19	5737327	5937327	harbor1	chr19	5742905	5743021	LTR/ERVL-MaLR	783	+	58	5742963	5636
chr19	30126677	30326677	harbor1	chr19	30157354	30157505	LTR/ERVL-MaLR	1996	+	76	30157430	30753
chr19	30126677	30326677	harbor1	chr19	30157798	30158057	LTR/ERVL-MaLR	1996	+	130	30157928	31251
chr19	30126677	30326677	harbor1	chr19	30164260	30164674	LTR/ERVL-MaLR	2391	+	207	30164467	37790
chr19	30126677	30326677	harbor1	chr19	30170388	30170737	LTR/ERVL-MaLR	1310	+	174	30170562	43885
chr19	30126677	30326677	harbor1	chr19	30178050	30178526	LTR/ERVL-MaLR	1067	+	238	30178288	51611
chr19	30126677	30326677	harbor1	chr19	30200738	30200876	LTR/ERVL-MaLR	856	+	69	30200807	74130
chr19	30126677	30326677	harbor1	chr19	30201150	30201498	LTR/ERVL-MaLR	856	+	174	30201324	74647
chr19	30126677	30326677	harbor1	chr19	30201800	30201959	LTR/ERVL-MaLR	856	+	80	30201880	75203
chr19	30126677	30326677	harbor1	chr19	30202057	30202318	LTR/ERVL-MaLR	749	+	130	30202187	75510
chr19	5019441	5219441	harbor1	chr19	5022946	5023211	LTR/ERVL-MaLR	941	+	132	5023078	3637
chr19	5019441	5219441	harbor1	chr19	5098581	5098936	LTR/ERVL-MaLR	1855	+	178	5098759	79318
chr19	5019441	5219441	harbor1	chr19	5099693	5099891	LTR/ERVL-MaLR	1147	+	99	5099792	80351
chr19	13606051	13806051	harbor1	chr19	13611605	13611897	LTR/ERVL-MaLR	1510	+	146	13611751	5700
chr19	13606051	13806051	harbor1	chr19	13612227	13612291	LTR/ERVL-MaLR	1510	+	32	13612259	6208
chr19	13606051	13806051	harbor1	chr19	13627975	13628186	LTR/ERVL-MaLR	1225	+	106	13628081	22030
chr19	13606051	13806051	harbor1	chr19	13628473	13628669	LTR/ERVL-MaLR	1319	+	98	13628571	22520
chr19	13606051	13806051	harbor1	chr19	13628966	13629011	LTR/ERVL-MaLR	1319	+	22	13628988	22937
chr19	13606051	13806051	harbor1	chr19	13634095	13634278	LTR/ERVL-MaLR	1687	+	92	13634187	28136
chr19	13606051	13806051	harbor1	chr19	13634596	13634634	LTR/ERVL-MaLR	1687	+	19	13634615	28564
chr19	13606051	13806051	harbor1	chr19	13634757	13634960	LTR/ERVL-MaLR	1687	+	102	13634859	28808
chr19	13606051	13806051	harbor1	chr19	13641894	13642204	LTR/ERVL-MaLR	1098	+	155	13642049	35998
chr19	13606051	13806051	harbor1	chr19	13642522	13642586	LTR/ERVL-MaLR	1098	+	32	13642554	36503
chr19	13606051	13806051	harbor1	chr19	13651573	13651829	LTR/ERVL-MaLR	1124	+	128	13651701	45650
chr19	13606051	13806051	harbor1	chr19	13662642	13663168	LTR/ERVL-MaLR	1277	+	263	13662905	56854
chr19	13606051	13806051	harbor1	chr19	13671802	13671972	LTR/ERVL-MaLR	1899	+	85	13671887	65836
chr19	13606051	13806051	harbor1	chr19	13672267	13672546	LTR/ERVL-MaLR	1899	+	140	13672407	66356
chr19	13606051	13806051	harbor1	chr19	13689274	13689576	LTR/ERVL-MaLR	743	+	151	13689425	83374
chr19	13606051	13806051	harbor1	chr19	13705367	13705510	LTR/ERVL-MaLR	728	+	72	13705439	99388
chr19	37346414	37546414	harbor1	chr19	37354609	37354998	LTR/ERVL-MaLR	1101	+	194	37354803	8389
chr19	37346414	37546414	harbor1	chr19	37416881	37417262	LTR/ERVL-MaLR	1625	+	190	37417071	70657
chr19	37346414	37546414	harbor1	chr19	37417549	37417612	LTR/ERVL-MaLR	1625	+	32	37417581	71167
chr19	37346414	37546414	harbor1	chr19	37429168	37429517	LTR/ERVL-MaLR	673	+	174	37429342	82928
chr19	5660976	5860976	harbor1	chr19	5742905	5743021	LTR/ERVL-MaLR	783	+	58	5742963	81987
chr19	43368148	43568148	harbor1	chr19	43437760	43437913	LTR/ERVL-MaLR	762	+	76	43437836	69688
chr19	43368148	43568148	harbor1	chr19	43451005	43451179	LTR/ERVL-MaLR	1724	+	87	43451092	82944
chr19	43368148	43568148	harbor1	chr19	43451487	43451502	LTR/ERVL-MaLR	1724	+	8	43451495	83347
chr19	43368148	43568148	harbor1	chr19	43451543	43451656	LTR/ERVL-MaLR	1724	+	56	43451599	83451
chr19	43368148	43568148	harbor1	chr19	43452270	43452338	LTR/ERVL-MaLR	1724	+	34	43452304	84156
chr19	34018656	34218656	harbor1	chr19	34043311	34043823	LTR/ERVL-MaLR	1218	+	256	34043567	24911
chr19	34018656	34218656	harbor1	chr19	34044442	34044647	LTR/ERVL-MaLR	953	+	102	34044544	25888
chr19	34018656	34218656	harbor1	chr19	34058877	34059278	LTR/ERVL-MaLR	1722	+	200	34059077	40421
chr19	34018656	34218656	harbor1	chr19	34066379	34066816	LTR/ERVL-MaLR	2242	+	218	34066597	47941
chr19	34018656	34218656	harbor1	chr19	34073256	34073679	LTR/ERVL-MaLR	2863	+	212	34073468	54812
chr19	34018656	34218656	harbor1	chr19	34077796	34078194	LTR/ERVL-MaLR	2301	+	199	34077995	59339
chr19	34018656	34218656	harbor1	chr19	34086772	34087136	LTR/ERVL-MaLR	2812	+	182	34086954	68298
chr19	11570956	11770956	harbor1	chr19	11632772	11634349	LTR/ERVL-MaLR	12006	+	788	11633560	62604
chr19	11570956	11770956	harbor1	chr19	11634350	11634646	LTR/ERVL-MaLR	2326	+	148	11634498	63542
chr19	11570956	11770956	harbor1	chr19	11634956	11635018	LTR/ERVL-MaLR	2326	+	31	11634987	64031
chr19	11570956	11770956	harbor1	chr19	11642691	11643001	LTR/ERVL-MaLR	1924	+	155	11642846	71890
chr19	11570956	11770956	harbor1	chr19	11655362	11655680	LTR/ERVL-MaLR	1110	+	159	11655521	84565
chr19	11570956	11770956	harbor1	chr19	11632418	11632771	LTR/ERVL-MaLR	2723	+	176	11632594	61638
chr19	17524278	17724278	harbor1	chr19	17610524	17610748	LTR/ERVL-MaLR	698	+	112	17610636	86358
chr19	17524278	17724278	harbor1	chr19	17611059	17611185	LTR/ERVL-MaLR	698	+	63	17611122	86844
chr19	17524278	17724278	harbor1	chr19	17611478	17611499	LTR/ERVL-MaLR	698	+	10	17611488	87210
chr19	5110706	5310706	harbor1	chr19	5188156	5188547	LTR/ERVL-MaLR	1773	+	196	5188352	77646
chr19	9698874	9898874	harbor1	chr19	9722453	9723056	LTR/ERVL-MaLR	1644	+	302	9722755	23881
chr19	14378182	14578182	harbor1	chr19	14422531	14422902	LTR/ERVL-MaLR	1516	+	186	14422717	44535
chr19	43688101	43888101	harbor1	chr19	43728122	43728538	LTR/ERVL-MaLR	2683	+	208	43728330	40229
chr19	43688101	43888101	harbor1	chr19	43751468	43751875	LTR/ERVL-MaLR	968	+	204	43751672	63571
chr19	30668622	30868622	harbor1	chr19	30724650	30725009	LTR/ERVL-MaLR	1387	+	180	30724830	56208
chr19	30668622	30868622	harbor1	chr19	30764403	30764794	LTR/ERVL-MaLR	2033	+	196	30764599	95977
chr19	30668622	30868622	harbor1	chr19	30752687	30752791	LTR/ERVL-MaLR	679	+	52	30752739	84117
chr19	34537840	34737840	harbor1	chr19	34545887	34546195	LTR/ERVL-MaLR	1556	+	154	34546041	8201
chr19	34537840	34737840	harbor1	chr19	34546508	34546583	LTR/ERVL-MaLR	1556	+	38	34546546	8706
chr19	16284182	16484182	harbor1	chr19	16297767	16298026	LTR/ERVL-MaLR	1090	+	130	16297897	13715
chr19	16284182	16484182	harbor1	chr19	16365250	16365538	LTR/ERVL-MaLR	1089	+	144	16365394	81212
chr19	284357	484357	harbor1	chr19	330598	330858	LTR/ERVL-MaLR	791	+	130	330728	46371
chr19	284357	484357	harbor1	chr19	358825	359184	LTR/ERVL-MaLR	1274	+	180	359005	74648
chr19	284357	484357	harbor1	chr19	359491	359541	LTR/ERVL-MaLR	1274	+	25	359516	75159
chr19	12353663	12553663	harbor1	chr19	12353683	12354102	LTR/ERVL-MaLR	1942	+	210	12353893	230
chr19	12353663	12553663	harbor1	chr19	12384555	12384967	LTR/ERVL-MaLR	1974	+	206	12384761	31098
chr19	12353663	12553663	harbor1	chr19	12394009	12394409	LTR/ERVL-MaLR	1792	+	200	12394209	40546
chr19	12353663	12553663	harbor1	chr19	12433777	12434192	LTR/ERVL-MaLR	1640	+	208	12433985	80322
chr19	34969181	35169181	harbor1	chr19	34983822	34984203	LTR/ERVL-MaLR	1109	+	190	34984012	14831
chr19	34969181	35169181	harbor1	chr19	34987241	34987343	LTR/ERVL-MaLR	1354	+	51	34987292	18111
chr19	34969181	35169181	harbor1	chr19	34987665	34988008	LTR/ERVL-MaLR	1354	+	172	34987837	18656
chr19	34969181	35169181	harbor1	chr19	35017187	35017329	LTR/ERVL-MaLR	909	+	71	35017258	48077
chr19	39450055	39650055	harbor1	chr19	39543489	39543741	LTR/ERVL-MaLR	757	+	126	39543615	93560
chr19	39450055	39650055	harbor1	chr19	39544030	39544158	LTR/ERVL-MaLR	757	+	64	39544094	94039
chr19	39450055	39650055	harbor1	chr19	39544172	39544612	LTR/ERVL-MaLR	2350	+	220	39544392	94337
chr19	39450055	39650055	harbor1	chr19	39544918	39545249	LTR/ERVL-MaLR	2350	+	166	39545084	95029
chr19	39450055	39650055	harbor1	chr19	39546544	39546713	LTR/ERVL-MaLR	757	+	84	39546628	96573
chr19	39450055	39650055	harbor1	chr19	39547162	39547281	LTR/ERVL-MaLR	757	+	60	39547222	97167
chr19	57637711	57837711	harbor1	chr19	57650013	57650230	LTR/ERVL-MaLR	1376	+	108	57650121	12410
chr19	35327531	35527531	harbor1	chr19	35378305	35378652	LTR/ERVL-MaLR	1033	+	174	35378479	50948
chr19	35327531	35527531	harbor1	chr19	35418934	35419414	LTR/ERVL-MaLR	957	+	240	35419174	91643
chr19	49704599	49904599	harbor1	chr19	49716246	49716624	LTR/ERVL-MaLR	1951	+	189	49716435	11836
chr19	49704599	49904599	harbor1	chr19	49722335	49722638	LTR/ERVL-MaLR	1718	+	152	49722487	17888
chr19	49704599	49904599	harbor1	chr19	49749461	49749615	LTR/ERVL-MaLR	724	+	77	49749538	44939
chr19	49704599	49904599	harbor1	chr19	49752406	49752605	LTR/ERVL-MaLR	867	+	100	49752506	47907
chr19	49704599	49904599	harbor1	chr19	49756657	49756777	LTR/ERVL-MaLR	1088	+	60	49756717	52118
chr19	49704599	49904599	harbor1	chr19	49757079	49757413	LTR/ERVL-MaLR	1088	+	167	49757246	52647
chr19	16466261	16666261	harbor1	chr19	16523553	16523896	LTR/ERVL-MaLR	1244	+	172	16523725	57464
chr19	16466261	16666261	harbor1	chr19	16544097	16544355	LTR/ERVL-MaLR	1451	+	129	16544226	77965
chr19	16466261	16666261	harbor1	chr19	16544670	16544861	LTR/ERVL-MaLR	1451	+	96	16544766	78505
chr19	46266753	46466753	harbor1	chr19	46289915	46290476	LTR/ERVL-MaLR	1502	+	280	46290195	23442
chr19	2037006	2237006	harbor1	chr19	2060604	2060997	LTR/ERVL-MaLR	975	+	196	2060800	23794
chr19	28061962	28261962	harbor1	chr19	28080693	28081111	LTR/ERVL-MaLR	1182	+	209	28080902	18940
chr19	28061962	28261962	harbor1	chr19	28122170	28122602	LTR/ERVL-MaLR	968	+	216	28122386	60424
chr19	28061962	28261962	harbor1	chr19	28129018	28129430	LTR/ERVL-MaLR	2640	+	206	28129224	67262
chr19	28061962	28261962	harbor1	chr19	28133038	28133616	LTR/ERVL-MaLR	1198	+	289	28133327	71365
chr19	28061962	28261962	harbor1	chr19	28152958	28153312	LTR/ERVL-MaLR	1205	+	177	28153135	91173
chr19	28061962	28261962	harbor1	chr19	28157501	28157890	LTR/ERVL-MaLR	1392	+	194	28157695	95733
chr19	12791455	12991455	harbor1	chr19	12821850	12822273	LTR/ERVL-MaLR	1246	+	212	12822062	30607
chr19	57094178	57294178	harbor1	chr19	57179740	57180097	LTR/ERVL-MaLR	1974	+	178	57179918	85740
chr19	55504323	55704323	harbor1	chr19	55534098	55534426	LTR/ERVL-MaLR	2286	+	164	55534262	29939
chr19	55504323	55704323	harbor1	chr19	55535048	55535108	LTR/ERVL-MaLR	2286	+	30	55535078	30755
chr19	55504323	55704323	harbor1	chr19	55561777	55562013	LTR/ERVL-MaLR	1171	+	118	55561895	57572
chr19	4638639	4838639	harbor1	chr19	4652842	4653023	LTR/ERVL-MaLR	777	+	90	4652932	14293
chr19	4638639	4838639	harbor1	chr19	4684040	4684402	LTR/ERVL-MaLR	1032	+	181	4684221	45582
chr19	4638639	4838639	harbor1	chr19	4697725	4698074	LTR/ERVL-MaLR	856	+	174	4697899	59260
chr19	4638639	4838639	harbor1	chr19	4711314	4711490	LTR/ERVL-MaLR	886	+	88	4711402	72763
chr19	4638639	4838639	harbor1	chr19	4711800	4712023	LTR/ERVL-MaLR	886	+	112	4711912	73273
chr19	48348209	48548209	harbor1	chr19	48353610	48353945	LTR/ERVL-MaLR	1083	+	168	48353778	5569
chr19	48306766	48506766	harbor1	chr19	48313107	48313146	LTR/ERVL-MaLR	2430	+	20	48313127	6361
chr19	48306766	48506766	harbor1	chr19	48313457	48313601	LTR/ERVL-MaLR	2430	+	72	48313529	6763
chr19	48306766	48506766	harbor1	chr19	48313909	48313960	LTR/ERVL-MaLR	2430	+	26	48313935	7169
chr19	48306766	48506766	harbor1	chr19	48314196	48314431	LTR/ERVL-MaLR	2430	+	118	48314314	7548
chr19	48306766	48506766	harbor1	chr19	48353610	48353945	LTR/ERVL-MaLR	1083	+	168	48353778	47012
chr19	34260815	34460815	harbor1	chr19	34311207	34311604	LTR/ERVL-MaLR	758	+	198	34311405	50590
chr19	34260815	34460815	harbor1	chr19	34311910	34311950	LTR/ERVL-MaLR	758	+	20	34311930	51115
chr19	51448746	51648746	harbor1	chr19	51463059	51463231	LTR/ERVL-MaLR	1502	+	86	51463145	14399
chr19	51448746	51648746	harbor1	chr19	51463536	51463742	LTR/ERVL-MaLR	1502	+	103	51463639	14893
chr19	51448746	51648746	harbor1	chr19	51492467	51492942	LTR/ERVL-MaLR	2232	+	238	51492705	43959
chr19	51448746	51648746	harbor1	chr19	51503819	51504242	LTR/ERVL-MaLR	2582	+	212	51504031	55285
chr19	51448746	51648746	harbor1	chr19	51504243	51504814	LTR/ERVL-MaLR	3419	+	286	51504529	55783
chr19	51448746	51648746	harbor1	chr19	51506078	51506576	LTR/ERVL-MaLR	2785	+	249	51506327	57581
chr19	51448746	51648746	harbor1	chr19	51506578	51506958	LTR/ERVL-MaLR	2004	+	190	51506768	58022
chr19	51448746	51648746	harbor1	chr19	51507167	51507417	LTR/ERVL-MaLR	1024	+	125	51507292	58546
chr19	51448746	51648746	harbor1	chr19	51519649	51520030	LTR/ERVL-MaLR	2234	+	190	51519839	71093
chr19	51448746	51648746	harbor1	chr19	51528517	51528700	LTR/ERVL-MaLR	2496	+	92	51528609	79863
chr19	51448746	51648746	harbor1	chr19	51529026	51529312	LTR/ERVL-MaLR	2496	+	143	51529169	80423
chr19	31793585	31993585	harbor1	chr19	31814020	31814383	LTR/ERVL-MaLR	1685	+	182	31814202	20617
chr19	41614482	41814482	harbor1	chr19	41617428	41617864	LTR/ERVL-MaLR	1374	+	218	41617646	3164
chr19	41614482	41814482	harbor1	chr19	41637247	41637416	LTR/ERVL-MaLR	1691	+	84	41637331	22849
chr19	41614482	41814482	harbor1	chr19	41637691	41637917	LTR/ERVL-MaLR	1691	+	113	41637804	23322
chr19	41614482	41814482	harbor1	chr19	41673011	41673228	LTR/ERVL-MaLR	1043	+	108	41673119	58637
chr19	41614482	41814482	harbor1	chr19	41706122	41706519	LTR/ERVL-MaLR	2368	+	198	41706320	91838
chr19	28103113	28303113	harbor1	chr19	28122170	28122602	LTR/ERVL-MaLR	968	+	216	28122386	19273
chr19	28103113	28303113	harbor1	chr19	28129018	28129430	LTR/ERVL-MaLR	2640	+	206	28129224	26111
chr19	28103113	28303113	harbor1	chr19	28133038	28133616	LTR/ERVL-MaLR	1198	+	289	28133327	30214
chr19	28103113	28303113	harbor1	chr19	28152958	28153312	LTR/ERVL-MaLR	1205	+	177	28153135	50022
chr19	28103113	28303113	harbor1	chr19	28157501	28157890	LTR/ERVL-MaLR	1392	+	194	28157695	54582
chr19	28103113	28303113	harbor1	chr19	28172627	28173037	LTR/ERVL-MaLR	2403	+	205	28172832	69719
chr19	28103113	28303113	harbor1	chr19	28175130	28175491	LTR/ERVL-MaLR	2047	+	180	28175310	72197
chr19	51429608	51629608	harbor1	chr19	51430996	51431206	LTR/ERVL-MaLR	1203	+	105	51431101	1493
chr19	51429608	51629608	harbor1	chr19	51463059	51463231	LTR/ERVL-MaLR	1502	+	86	51463145	33537
chr19	51429608	51629608	harbor1	chr19	51463536	51463742	LTR/ERVL-MaLR	1502	+	103	51463639	34031
chr19	51429608	51629608	harbor1	chr19	51492467	51492942	LTR/ERVL-MaLR	2232	+	238	51492705	63097
chr19	51429608	51629608	harbor1	chr19	51503819	51504242	LTR/ERVL-MaLR	2582	+	212	51504031	74423
chr19	51429608	51629608	harbor1	chr19	51504243	51504814	LTR/ERVL-MaLR	3419	+	286	51504529	74921
chr19	51429608	51629608	harbor1	chr19	51506078	51506576	LTR/ERVL-MaLR	2785	+	249	51506327	76719
chr19	51429608	51629608	harbor1	chr19	51506578	51506958	LTR/ERVL-MaLR	2004	+	190	51506768	77160
chr19	51429608	51629608	harbor1	chr19	51507167	51507417	LTR/ERVL-MaLR	1024	+	125	51507292	77684
chr19	51429608	51629608	harbor1	chr19	51519649	51520030	LTR/ERVL-MaLR	2234	+	190	51519839	90231
chr19	51429608	51629608	harbor1	chr19	51528517	51528700	LTR/ERVL-MaLR	2496	+	92	51528609	99001
chr19	51429608	51629608	harbor1	chr19	51529026	51529312	LTR/ERVL-MaLR	2496	+	143	51529169	99561
chr19	47378038	47578038	harbor1	chr19	47438912	47439245	LTR/ERVL-MaLR	1171	+	166	47439078	61040
chr19	47378038	47578038	harbor1	chr19	47439563	47439603	LTR/ERVL-MaLR	1171	+	20	47439583	61545
chr19	47378038	47578038	harbor1	chr19	47439644	47439655	LTR/ERVL-MaLR	1171	+	6	47439650	61612
chr19	47378038	47578038	harbor1	chr19	47439962	47440049	LTR/ERVL-MaLR	1171	+	44	47440006	61968
chr19	7419033	7619033	harbor1	chr19	7481098	7481204	LTR/ERVL-MaLR	2123	+	53	7481151	62118
chr19	7419033	7619033	harbor1	chr19	7481502	7481873	LTR/ERVL-MaLR	2123	+	186	7481688	62655
chr19	39928904	40128904	harbor1	chr19	39947859	39948216	LTR/ERVL-MaLR	1968	+	178	39948037	19133
chr19	39928904	40128904	harbor1	chr19	39992688	39993098	LTR/ERVL-MaLR	2715	+	205	39992893	63989
chr19	39928904	40128904	harbor1	chr19	39994663	39995070	LTR/ERVL-MaLR	2380	+	204	39994867	65963
chr19	39928904	40128904	harbor1	chr19	40018472	40018990	LTR/ERVL-MaLR	1778	+	259	40018731	89827
chr19	39928904	40128904	harbor1	chr19	39993099	39994662	LTR/ERVL-MaLR	9455	+	782	39993881	64977
chr19	12353459	12553459	harbor1	chr19	12353683	12354102	LTR/ERVL-MaLR	1942	+	210	12353893	434
chr19	12353459	12553459	harbor1	chr19	12384555	12384967	LTR/ERVL-MaLR	1974	+	206	12384761	31302
chr19	12353459	12553459	harbor1	chr19	12394009	12394409	LTR/ERVL-MaLR	1792	+	200	12394209	40750
chr19	12353459	12553459	harbor1	chr19	12433777	12434192	LTR/ERVL-MaLR	1640	+	208	12433985	80526
chr19	12262919	12462919	harbor1	chr19	12276661	12277091	LTR/ERVL-MaLR	1918	+	215	12276876	13957
chr19	12262919	12462919	harbor1	chr19	12282082	12282261	LTR/ERVL-MaLR	688	+	90	12282172	19253
chr19	12262919	12462919	harbor1	chr19	12323293	12323700	LTR/ERVL-MaLR	2090	+	204	12323497	60578
chr19	12262919	12462919	harbor1	chr19	12353683	12354102	LTR/ERVL-MaLR	1942	+	210	12353893	90974
chr19	46681120	46881120	harbor1	chr19	46708155	46708308	LTR/ERVL-MaLR	1425	+	76	46708231	27111
chr19	46681120	46881120	harbor1	chr19	46708611	46708850	LTR/ERVL-MaLR	1425	+	120	46708731	27611
chr19	36405428	36605428	harbor1	chr19	36426753	36427123	LTR/ERVL-MaLR	2306	+	185	36426938	21510
chr19	36405428	36605428	harbor1	chr19	36430591	36430752	LTR/ERVL-MaLR	1759	+	80	36430671	25243
chr19	36405428	36605428	harbor1	chr19	36431055	36431310	LTR/ERVL-MaLR	1759	+	128	36431183	25755
chr19	17339965	17539965	harbor1	chr19	17367848	17367888	LTR/ERVL-MaLR	1272	+	20	17367868	27903
chr19	17339965	17539965	harbor1	chr19	17368511	17368695	LTR/ERVL-MaLR	1272	+	92	17368603	28638
chr19	17339965	17539965	harbor1	chr19	17369008	17369122	LTR/ERVL-MaLR	1272	+	57	17369065	29100
chr19	40021517	40221517	harbor1	chr19	40105663	40106007	LTR/ERVL-MaLR	1684	+	172	40105835	84318
chr19	58367439	58567439	harbor1	chr19	58378659	58379068	LTR/ERVL-MaLR	1296	+	204	58378863	11424
chr19	58367439	58567439	harbor1	chr19	58429888	58430426	LTR/ERVL-MaLR	2297	+	269	58430157	62718
chr19	58367439	58567439	harbor1	chr19	58447732	58448091	LTR/ERVL-MaLR	2225	+	180	58447912	80473
chr19	58367439	58567439	harbor1	chr19	58448092	58448444	LTR/ERVL-MaLR	11447	+	176	58448268	80829
chr19	58367439	58567439	harbor1	chr19	58448751	58449956	LTR/ERVL-MaLR	11447	+	602	58449353	81914
chr19	58367439	58567439	harbor1	chr19	58449957	58450319	LTR/ERVL-MaLR	2232	+	181	58450138	82699
chr19	58367439	58567439	harbor1	chr19	58459523	58459919	LTR/ERVL-MaLR	2407	+	198	58459721	92282
chr19	45884770	46084770	harbor1	chr19	45904995	45905361	LTR/ERVL-MaLR	1373	+	183	45905178	20408
chr19	45884770	46084770	harbor1	chr19	45905674	45905739	LTR/ERVL-MaLR	1373	+	32	45905706	20936
chr19	45884770	46084770	harbor1	chr19	45923532	45923573	LTR/ERVL-MaLR	1482	+	20	45923552	38782
chr19	45884770	46084770	harbor1	chr19	45923877	45923940	LTR/ERVL-MaLR	1482	+	32	45923909	39139
chr19	45884770	46084770	harbor1	chr19	45942151	45942524	LTR/ERVL-MaLR	2604	+	186	45942337	57567
chr19	45884770	46084770	harbor1	chr19	45924243	45924479	LTR/ERVL-MaLR	1482	+	118	45924361	39591
chr19	14354986	14554986	harbor1	chr19	14422531	14422902	LTR/ERVL-MaLR	1516	+	186	14422717	67731
chr19	9176991	9376991	harbor1	chr19	9211100	9211329	LTR/ERVL-MaLR	1019	+	114	9211214	34223
chr19	54275525	54475525	harbor1	chr19	54328727	54329085	LTR/ERVL-MaLR	2024	+	179	54328906	53381
chr19	54275525	54475525	harbor1	chr19	54335159	54335491	LTR/ERVL-MaLR	1732	+	166	54335325	59800
chr19	54275525	54475525	harbor1	chr19	54335799	54335839	LTR/ERVL-MaLR	1732	+	20	54335819	60294
chr19	54275525	54475525	harbor1	chr19	54355487	54355931	LTR/ERVL-MaLR	1111	+	222	54355709	80184
chr19	54275525	54475525	harbor1	chr19	54366239	54366489	LTR/ERVL-MaLR	2488	+	125	54366364	90839
chr19	54275525	54475525	harbor1	chr19	54366788	54367046	LTR/ERVL-MaLR	2488	+	129	54366917	91392
chr19	49506855	49706855	harbor1	chr19	49508227	49508586	LTR/ERVL-MaLR	1448	+	180	49508407	1552
chr19	16594924	16794924	harbor1	chr19	16635946	16636377	LTR/ERVL-MaLR	1453	+	216	16636162	41238
chr19	16594924	16794924	harbor1	chr19	16639601	16639943	LTR/ERVL-MaLR	2024	+	171	16639772	44848
chr19	16594924	16794924	harbor1	chr19	16654305	16654467	LTR/ERVL-MaLR	670	+	81	16654386	59462
chr19	16594924	16794924	harbor1	chr19	16691900	16692251	LTR/ERVL-MaLR	1953	+	176	16692076	97152
chr19	57576147	57776147	harbor1	chr19	57587359	57587706	LTR/ERVL-MaLR	1698	+	174	57587533	11386
chr19	57576147	57776147	harbor1	chr19	57596258	57596622	LTR/ERVL-MaLR	2208	+	182	57596440	20293
chr19	57576147	57776147	harbor1	chr19	57623387	57624308	LTR/ERVL-MaLR	1993	+	460	57623847	47700
chr19	57576147	57776147	harbor1	chr19	57650013	57650230	LTR/ERVL-MaLR	1376	+	108	57650121	73974
chr19	7459237	7659237	harbor1	chr19	7481098	7481204	LTR/ERVL-MaLR	2123	+	53	7481151	21914
chr19	7459237	7659237	harbor1	chr19	7481502	7481873	LTR/ERVL-MaLR	2123	+	186	7481688	22451
chr19	14235230	14435230	harbor1	chr19	14235921	14236038	LTR/ERVL-MaLR	1538	+	58	14235979	749
chr19	14235230	14435230	harbor1	chr19	14236970	14237314	LTR/ERVL-MaLR	1538	+	172	14237142	1912
chr19	14235230	14435230	harbor1	chr19	14237702	14237881	LTR/ERVL-MaLR	1518	+	90	14237792	2562
chr19	14235230	14435230	harbor1	chr19	14238173	14238396	LTR/ERVL-MaLR	1518	+	112	14238285	3055
chr19	14235230	14435230	harbor1	chr19	14269181	14269518	LTR/ERVL-MaLR	881	+	168	14269349	34119
chr19	14235230	14435230	harbor1	chr19	14288472	14288947	LTR/ERVL-MaLR	1325	+	238	14288710	53480
chr19	14235230	14435230	harbor1	chr19	14295043	14295506	LTR/ERVL-MaLR	1185	+	232	14295275	60045
chr19	14235230	14435230	harbor1	chr19	14307988	14308244	LTR/ERVL-MaLR	769	+	128	14308116	72886
chr19	7480458	7680458	harbor1	chr19	7481098	7481204	LTR/ERVL-MaLR	2123	+	53	7481151	693
chr19	7480458	7680458	harbor1	chr19	7481502	7481873	LTR/ERVL-MaLR	2123	+	186	7481688	1230
chr19	34610698	34810698	harbor1	chr19	34695383	34695776	LTR/ERVL-MaLR	2149	+	196	34695579	84881
chr19	55315201	55515201	harbor1	chr19	55334658	55334817	LTR/ERVL-MaLR	877	+	80	55334738	19537
chr19	55315201	55515201	harbor1	chr19	55400576	55400802	LTR/ERVL-MaLR	656	+	113	55400689	85488
chr19	32092140	32292140	harbor1	chr19	32107183	32107547	LTR/ERVL-MaLR	2090	+	182	32107365	15225
chr19	49907208	50107208	harbor1	chr19	49915163	49915598	LTR/ERVL-MaLR	1707	+	218	49915381	8173
chr19	49907208	50107208	harbor1	chr19	49991647	49991942	LTR/ERVL-MaLR	905	+	148	49991795	84587
chr19	49907208	50107208	harbor1	chr19	49997729	49998190	LTR/ERVL-MaLR	1431	+	230	49997959	90751
chr19	49907208	50107208	harbor1	chr19	50003218	50003380	LTR/ERVL-MaLR	733	+	81	50003299	96091
chr19	5528359	5728359	harbor1	chr19	5585185	5585442	LTR/ERVL-MaLR	789	+	128	5585313	56954
chr19	35824158	36024158	harbor1	chr19	35829069	35829372	LTR/ERVL-MaLR	691	+	152	35829221	5063
chr19	20886452	21086452	harbor1	chr19	20920545	20920767	LTR/ERVL-MaLR	1057	+	111	20920656	34204
chr19	20886452	21086452	harbor1	chr19	20921079	20921133	LTR/ERVL-MaLR	1057	+	27	20921106	34654
chr19	20886452	21086452	harbor1	chr19	20921435	20921696	LTR/ERVL-MaLR	1057	+	130	20921565	35113
chr19	20886452	21086452	harbor1	chr19	20943206	20943597	LTR/ERVL-MaLR	1651	+	196	20943402	56950
chr19	44308673	44508673	harbor1	chr19	44333442	44333835	LTR/ERVL-MaLR	2334	+	196	44333638	24965
chr19	44308673	44508673	harbor1	chr19	44383275	44383681	LTR/ERVL-MaLR	1051	+	203	44383478	74805
chr19	44308673	44508673	harbor1	chr19	44390096	44390690	LTR/ERVL-MaLR	4469	+	297	44390393	81720
chr19	44308673	44508673	harbor1	chr19	44390691	44390874	LTR/ERVL-MaLR	2322	+	92	44390783	82110
chr19	44308673	44508673	harbor1	chr19	44391169	44391350	LTR/ERVL-MaLR	2322	+	90	44391259	82586
chr19	44308673	44508673	harbor1	chr19	44395903	44396164	LTR/ERVL-MaLR	859	+	130	44396033	87360
chr19	44308673	44508673	harbor1	chr19	44333838	44335325	LTR/ERVL-MaLR	9766	+	744	44334582	25909
chr19	15151115	15351115	harbor1	chr19	15166809	15166971	LTR/ERVL-MaLR	650	+	81	15166890	15775
chr19	15151115	15351115	harbor1	chr19	15169078	15169186	LTR/ERVL-MaLR	1305	+	54	15169132	18017
chr19	15151115	15351115	harbor1	chr19	15169231	15169409	LTR/ERVL-MaLR	1305	+	89	15169320	18205
chr19	15151115	15351115	harbor1	chr19	15169617	15169656	LTR/ERVL-MaLR	1305	+	20	15169637	18522
chr19	15151115	15351115	harbor1	chr19	15194301	15194524	LTR/ERVL-MaLR	779	+	112	15194413	43298
chr19	24149632	24349632	harbor1	chr19	24183501	24183850	LTR/ERVL-MaLR	2061	+	174	24183675	34043
chr19	32463962	32663962	harbor1	chr19	32496365	32496537	LTR/ERVL-MaLR	666	+	86	32496451	32489
chr19	32463962	32663962	harbor1	chr19	32530610	32531105	LTR/ERVL-MaLR	1012	+	248	32530858	66896
chr19	32463962	32663962	harbor1	chr19	32536424	32536670	LTR/ERVL-MaLR	1330	+	123	32536547	72585
chr19	32463962	32663962	harbor1	chr19	32542776	32542954	LTR/ERVL-MaLR	1424	+	89	32542865	78903
chr19	32463962	32663962	harbor1	chr19	32543234	32543444	LTR/ERVL-MaLR	1424	+	105	32543339	79377
chr19	32463962	32663962	harbor1	chr19	32559905	32560207	LTR/ERVL-MaLR	650	+	151	32560056	96094
chr19	48730331	48930331	harbor1	chr19	48770257	48770455	LTR/ERVL-MaLR	924	+	99	48770356	40025
chr19	48730331	48930331	harbor1	chr19	48777848	48777985	LTR/ERVL-MaLR	1359	+	68	48777916	47585
chr19	48730331	48930331	harbor1	chr19	48778574	48778773	LTR/ERVL-MaLR	1359	+	100	48778674	48343
chr19	48730331	48930331	harbor1	chr19	48779085	48779211	LTR/ERVL-MaLR	1359	+	63	48779148	48817
chr19	48042049	48242049	harbor1	chr19	48048796	48049207	LTR/ERVL-MaLR	2530	+	206	48049002	6953
chr19	48042049	48242049	harbor1	chr19	48049746	48049930	LTR/ERVL-MaLR	1209	+	92	48049838	7789
chr19	48042049	48242049	harbor1	chr19	48050220	48050260	LTR/ERVL-MaLR	1209	+	20	48050240	8191
chr19	48042049	48242049	harbor1	chr19	48050605	48050673	LTR/ERVL-MaLR	1829	+	34	48050639	8590
chr19	48042049	48242049	harbor1	chr19	48050975	48051308	LTR/ERVL-MaLR	1829	+	166	48051141	9092
chr19	48042049	48242049	harbor1	chr19	48052247	48052628	LTR/ERVL-MaLR	2125	+	190	48052437	10388
chr19	48042049	48242049	harbor1	chr19	48052632	48052796	LTR/ERVL-MaLR	883	+	82	48052714	10665
chr19	48042049	48242049	harbor1	chr19	48054614	48054843	LTR/ERVL-MaLR	2257	+	114	48054728	12679
chr19	48042049	48242049	harbor1	chr19	48062637	48062736	LTR/ERVL-MaLR	666	+	50	48062687	20638
chr19	48042049	48242049	harbor1	chr19	48064742	48064991	LTR/ERVL-MaLR	1288	+	124	48064866	22817
chr19	48042049	48242049	harbor1	chr19	48068756	48068928	LTR/ERVL-MaLR	648	+	86	48068842	26793
chr19	48042049	48242049	harbor1	chr19	48093717	48094087	LTR/ERVL-MaLR	2253	+	185	48093902	51853
chr19	48042049	48242049	harbor1	chr19	48109199	48109266	LTR/ERVL-MaLR	942	+	34	48109233	67184
chr19	48042049	48242049	harbor1	chr19	48109572	48109644	LTR/ERVL-MaLR	942	+	36	48109608	67559
chr19	48042049	48242049	harbor1	chr19	48109949	48110066	LTR/ERVL-MaLR	942	+	58	48110007	67958
chr19	48042049	48242049	harbor1	chr19	48110376	48110462	LTR/ERVL-MaLR	942	+	43	48110419	68370
chr19	48042049	48242049	harbor1	chr19	48114367	48114770	LTR/ERVL-MaLR	1656	+	202	48114569	72520
chr19	48042049	48242049	harbor1	chr19	48118235	48118534	LTR/ERVL-MaLR	2106	+	150	48118385	76336
chr19	48042049	48242049	harbor1	chr19	48054151	48054307	LTR/ERVL-MaLR	2257	+	78	48054229	12180
chr19	52711399	52911399	harbor1	chr19	52771134	52771338	LTR/ERVL-MaLR	650	+	102	52771236	59837
chr19	29164714	29364714	harbor1	chr19	29172324	29172717	LTR/ERVL-MaLR	1772	+	196	29172520	7806
chr19	29164714	29364714	harbor1	chr19	29201198	29201502	LTR/ERVL-MaLR	1587	+	152	29201350	36636
chr19	29164714	29364714	harbor1	chr19	29216168	29216292	LTR/ERVL-MaLR	793	+	62	29216230	51516
chr19	29164714	29364714	harbor1	chr19	29216656	29216920	LTR/ERVL-MaLR	793	+	132	29216788	52074
chr19	29164714	29364714	harbor1	chr19	29249245	29249623	LTR/ERVL-MaLR	2026	+	189	29249434	84720
chr19	5576792	5776792	harbor1	chr19	5585185	5585442	LTR/ERVL-MaLR	789	+	128	5585313	8521
chr19	58472624	58672624	harbor1	chr19	58520425	58520773	LTR/ERVL-MaLR	1550	+	174	58520599	47975
chr19	58472624	58672624	harbor1	chr19	58521397	58521651	LTR/ERVL-MaLR	1550	+	127	58521524	48900
chr19	36137360	36337360	harbor1	chr19	36207669	36208011	LTR/ERVL-MaLR	767	+	171	36207840	70480
chr19	4160444	4360444	harbor1	chr19	4176622	4176832	LTR/ERVL-MaLR	654	+	105	4176727	16283
chr19	365534	565534	harbor1	chr19	391593	392017	LTR/ERVL-MaLR	1186	+	212	391805	26271
chr19	365534	565534	harbor1	chr19	419289	419714	LTR/ERVL-MaLR	832	+	212	419501	53967
chr19	365534	565534	harbor1	chr19	445164	445450	LTR/ERVL-MaLR	1334	+	143	445307	79773
chr19	37681819	37881819	harbor1	chr19	37735233	37735635	LTR/ERVL-MaLR	894	+	201	37735434	53615
chr19	37681819	37881819	harbor1	chr19	37735637	37735923	LTR/ERVL-MaLR	1480	+	143	37735780	53961
chr19	37681819	37881819	harbor1	chr19	37736214	37736476	LTR/ERVL-MaLR	1480	+	131	37736345	54526
chr19	37681819	37881819	harbor1	chr19	37737667	37737880	LTR/ERVL-MaLR	666	+	106	37737773	55954
chr19	16396516	16596516	harbor1	chr19	16406841	16407157	LTR/ERVL-MaLR	1784	+	158	16406999	10483
chr19	16396516	16596516	harbor1	chr19	16413984	16414404	LTR/ERVL-MaLR	1311	+	210	16414194	17678
chr19	16396516	16596516	harbor1	chr19	16415129	16415359	LTR/ERVL-MaLR	1044	+	115	16415244	18728
chr19	16396516	16596516	harbor1	chr19	16418618	16418974	LTR/ERVL-MaLR	1752	+	178	16418796	22280
chr19	32319604	32519604	harbor1	chr19	32338666	32339047	LTR/ERVL-MaLR	2073	+	190	32338856	19252
chr19	32319604	32519604	harbor1	chr19	32417158	32417314	LTR/ERVL-MaLR	2566	+	78	32417236	97632
chr19	32319604	32519604	harbor1	chr19	32417619	32417829	LTR/ERVL-MaLR	2566	+	105	32417724	98120
chr19	56547418	56747418	harbor1	chr19	56582580	56582940	LTR/ERVL-MaLR	1630	+	180	56582760	35342
chr19	56547418	56747418	harbor1	chr19	56588553	56588955	LTR/ERVL-MaLR	2277	+	201	56588754	41336
chr19	56547418	56747418	harbor1	chr19	56629377	56629730	LTR/ERVL-MaLR	2075	+	176	56629553	82135
chr19	56547418	56747418	harbor1	chr19	56631020	56631261	LTR/ERVL-MaLR	938	+	120	56631140	83722
chr19	56547418	56747418	harbor1	chr19	56631261	56631614	LTR/ERVL-MaLR	836	+	176	56631437	84019
chr19	56547418	56747418	harbor1	chr19	56631755	56631927	LTR/ERVL-MaLR	757	+	86	56631841	84423
chr19	34655958	34855958	harbor1	chr19	34695383	34695776	LTR/ERVL-MaLR	2149	+	196	34695579	39621
chr19	11228224	11428224	harbor1	chr19	11279159	11279226	LTR/ERVL-MaLR	1227	+	34	11279193	50969
chr19	11228224	11428224	harbor1	chr19	11279533	11279753	LTR/ERVL-MaLR	1227	+	110	11279643	51419
chr19	441549	641549	harbor1	chr19	445164	445450	LTR/ERVL-MaLR	1334	+	143	445307	3758
chr19	16515608	16715608	harbor1	chr19	16523553	16523896	LTR/ERVL-MaLR	1244	+	172	16523725	8117
chr19	16515608	16715608	harbor1	chr19	16544097	16544355	LTR/ERVL-MaLR	1451	+	129	16544226	28618
chr19	16515608	16715608	harbor1	chr19	16544670	16544861	LTR/ERVL-MaLR	1451	+	96	16544766	29158
chr19	6486027	6686027	harbor1	chr19	6491091	6491180	LTR/ERVL-MaLR	1533	+	44	6491135	5108
chr19	6486027	6686027	harbor1	chr19	6491488	6491498	LTR/ERVL-MaLR	1533	+	5	6491493	5466
chr19	6486027	6686027	harbor1	chr19	6491777	6492252	LTR/ERVL-MaLR	1533	+	238	6492015	5988
chr19	6486027	6686027	harbor1	chr19	6539980	6540179	LTR/ERVL-MaLR	873	+	100	6540080	54053
chr19	6486027	6686027	harbor1	chr19	6564083	6564547	LTR/ERVL-MaLR	1614	+	232	6564315	78288
chr19	11806977	12006977	harbor1	chr19	11844380	11844687	LTR/ERVL-MaLR	873	+	154	11844534	37557
chr19	11806977	12006977	harbor1	chr19	11876827	11877136	LTR/ERVL-MaLR	1052	+	154	11876981	70004
chr19	47702616	47902616	harbor1	chr19	47775235	47775416	LTR/ERVL-MaLR	963	+	90	47775325	72709
chr19	41375986	41575986	harbor1	chr19	41449716	41450159	LTR/ERVL-MaLR	1145	+	222	41449938	73952
chr19	41375986	41575986	harbor1	chr19	41450835	41450970	LTR/ERVL-MaLR	898	+	68	41450903	74917
chr19	41375986	41575986	harbor1	chr19	41451276	41451626	LTR/ERVL-MaLR	898	+	175	41451451	75465
chr19	16230796	16430796	harbor1	chr19	16297767	16298026	LTR/ERVL-MaLR	1090	+	130	16297897	67101
chr19	23918914	24118914	harbor1	chr19	23927912	23928306	LTR/ERVL-MaLR	1392	+	197	23928109	9195
chr19	23918914	24118914	harbor1	chr19	23975859	23976210	LTR/ERVL-MaLR	2022	+	176	23976035	57121
chr19	40729410	40929410	harbor1	chr19	40771711	40771911	LTR/ERVL-MaLR	713	+	100	40771811	42401
chr19	40729410	40929410	harbor1	chr19	40828200	40828416	LTR/ERVL-MaLR	1115	+	108	40828308	98898
chr19	20918432	21118432	harbor1	chr19	20920545	20920767	LTR/ERVL-MaLR	1057	+	111	20920656	2224
chr19	20918432	21118432	harbor1	chr19	20921079	20921133	LTR/ERVL-MaLR	1057	+	27	20921106	2674
chr19	20918432	21118432	harbor1	chr19	20921435	20921696	LTR/ERVL-MaLR	1057	+	130	20921565	3133
chr19	20918432	21118432	harbor1	chr19	20943206	20943597	LTR/ERVL-MaLR	1651	+	196	20943402	24970
chr19	20918432	21118432	harbor1	chr19	21017859	21018353	LTR/ERVL-MaLR	1351	+	247	21018106	99674
chr19	12185509	12385509	harbor1	chr19	12276661	12277091	LTR/ERVL-MaLR	1918	+	215	12276876	91367
chr19	12185509	12385509	harbor1	chr19	12282082	12282261	LTR/ERVL-MaLR	688	+	90	12282172	96663
chr19	6284748	6484748	harbor1	chr19	6313063	6313106	LTR/ERVL-MaLR	677	+	22	6313085	28337
chr19	6284748	6484748	harbor1	chr19	6313418	6313655	LTR/ERVL-MaLR	677	+	118	6313536	28788
chr19	6284748	6484748	harbor1	chr19	6313710	6313968	LTR/ERVL-MaLR	652	+	129	6313839	29091
chr19	6284748	6484748	harbor1	chr19	6322672	6322829	LTR/ERVL-MaLR	1846	+	78	6322750	38002
chr19	6284748	6484748	harbor1	chr19	6323449	6323678	LTR/ERVL-MaLR	1846	+	114	6323563	38815
chr19	49709102	49909102	harbor1	chr19	49716246	49716624	LTR/ERVL-MaLR	1951	+	189	49716435	7333
chr19	49709102	49909102	harbor1	chr19	49722335	49722638	LTR/ERVL-MaLR	1718	+	152	49722487	13385
chr19	49709102	49909102	harbor1	chr19	49749461	49749615	LTR/ERVL-MaLR	724	+	77	49749538	40436
chr19	49709102	49909102	harbor1	chr19	49752406	49752605	LTR/ERVL-MaLR	867	+	100	49752506	43404
chr19	49709102	49909102	harbor1	chr19	49756657	49756777	LTR/ERVL-MaLR	1088	+	60	49756717	47615
chr19	49709102	49909102	harbor1	chr19	49757079	49757413	LTR/ERVL-MaLR	1088	+	167	49757246	48144
chr19	35249149	35449149	harbor1	chr19	35289408	35289545	LTR/ERVL-MaLR	1060	+	68	35289476	40327
chr19	35249149	35449149	harbor1	chr19	35289860	35290020	LTR/ERVL-MaLR	1060	+	80	35289940	40791
chr19	35249149	35449149	harbor1	chr19	35290333	35290399	LTR/ERVL-MaLR	1060	+	33	35290366	41217
chr19	23128007	23328007	harbor1	chr19	23128617	23129711	LTR/ERVL-MaLR	7425	+	547	23129164	1157
chr19	23128007	23328007	harbor1	chr19	23130011	23130088	LTR/ERVL-MaLR	7425	+	38	23130049	2042
chr19	23128007	23328007	harbor1	chr19	23130089	23130438	LTR/ERVL-MaLR	1962	+	174	23130263	2256
chr19	344672	544672	harbor1	chr19	358825	359184	LTR/ERVL-MaLR	1274	+	180	359005	14333
chr19	344672	544672	harbor1	chr19	359491	359541	LTR/ERVL-MaLR	1274	+	25	359516	14844
chr19	344672	544672	harbor1	chr19	391593	392017	LTR/ERVL-MaLR	1186	+	212	391805	47133
chr19	344672	544672	harbor1	chr19	419289	419714	LTR/ERVL-MaLR	832	+	212	419501	74829
chr19	2380446	2580446	harbor1	chr19	2380636	2380819	LTR/ERVL-MaLR	922	+	92	2380728	282
chr19	2380446	2580446	harbor1	chr19	2388446	2388624	LTR/ERVL-MaLR	649	+	89	2388535	8089
chr19	2380446	2580446	harbor1	chr19	2388924	2388985	LTR/ERVL-MaLR	649	+	30	2388954	8508
chr19	28803526	29003526	harbor1	chr19	28848349	28848701	LTR/ERVL-MaLR	773	+	176	28848525	44999
chr19	28803526	29003526	harbor1	chr19	28854107	28854496	LTR/ERVL-MaLR	1620	+	194	28854301	50775
chr19	28803526	29003526	harbor1	chr19	28854522	28854996	LTR/ERVL-MaLR	2229	+	237	28854759	51233
chr19	28803526	29003526	harbor1	chr19	28899578	28899967	LTR/ERVL-MaLR	1643	+	194	28899772	96246
chr19	14466793	14666793	harbor1	chr19	14486306	14486667	LTR/ERVL-MaLR	785	+	180	14486486	19693
chr19	14466793	14666793	harbor1	chr19	14489908	14490066	LTR/ERVL-MaLR	749	+	79	14489987	23194
chr19	14466793	14666793	harbor1	chr19	14506166	14506489	LTR/ERVL-MaLR	851	+	162	14506328	39535
chr19	52984537	53184537	harbor1	chr19	53064017	53064454	LTR/ERVL-MaLR	1060	+	218	53064235	79698
chr19	52984537	53184537	harbor1	chr19	53064748	53064811	LTR/ERVL-MaLR	1060	+	32	53064780	80243
chr19	52984537	53184537	harbor1	chr19	53064957	53065239	LTR/ERVL-MaLR	1369	+	141	53065098	80561
chr19	40953641	41153641	harbor1	chr19	41042129	41042383	LTR/ERVL-MaLR	1574	+	127	41042256	88615
chr19	40953641	41153641	harbor1	chr19	41042696	41042759	LTR/ERVL-MaLR	1574	+	32	41042728	89087
chr19	40953641	41153641	harbor1	chr19	41043458	41043887	LTR/ERVL-MaLR	1503	+	214	41043672	90031
chr19	40953641	41153641	harbor1	chr19	41044189	41044269	LTR/ERVL-MaLR	1503	+	40	41044229	90588
chr19	47035657	47235657	harbor1	chr19	47059057	47059180	LTR/ERVL-MaLR	704	+	62	47059119	23462
chr19	47035657	47235657	harbor1	chr19	47060393	47060446	LTR/ERVL-MaLR	704	+	26	47060419	24762
chr19	47035657	47235657	harbor1	chr19	47060760	47060826	LTR/ERVL-MaLR	704	+	33	47060793	25136
chr19	47035657	47235657	harbor1	chr19	47061353	47061465	LTR/ERVL-MaLR	849	+	56	47061409	25752
chr19	47035657	47235657	harbor1	chr19	47061737	47061817	LTR/ERVL-MaLR	849	+	40	47061777	26120
chr19	47035657	47235657	harbor1	chr19	47062125	47062396	LTR/ERVL-MaLR	849	+	136	47062261	26604
chr19	42555159	42755159	harbor1	chr19	42579183	42579368	LTR/ERVL-MaLR	916	+	92	42579275	24116
chr19	42555159	42755159	harbor1	chr19	42650550	42650621	LTR/ERVL-MaLR	1115	+	36	42650586	95427
chr19	42555159	42755159	harbor1	chr19	42650919	42651240	LTR/ERVL-MaLR	1115	+	160	42651079	95920
chr19	44197487	44397487	harbor1	chr19	44279880	44280046	LTR/ERVL-MaLR	1104	+	83	44279963	82476
chr19	44197487	44397487	harbor1	chr19	44280389	44280440	LTR/ERVL-MaLR	1104	+	26	44280415	82928
chr19	44197487	44397487	harbor1	chr19	44280485	44280664	LTR/ERVL-MaLR	1014	+	90	44280575	83088
chr19	2187399	2387399	harbor1	chr19	2234326	2234429	LTR/ERVL-MaLR	894	+	52	2234378	46979
chr19	2187399	2387399	harbor1	chr19	2235026	2235319	LTR/ERVL-MaLR	894	+	146	2235172	47773
chr19	2187399	2387399	harbor1	chr19	2277180	2277534	LTR/ERVL-MaLR	1801	+	177	2277357	89958
chr19	44398740	44598740	harbor1	chr19	44425313	44425653	LTR/ERVL-MaLR	1370	+	170	44425483	26743
chr19	44398740	44598740	harbor1	chr19	44431815	44432128	LTR/ERVL-MaLR	1191	+	156	44431971	33231
chr19	44398740	44598740	harbor1	chr19	44434015	44434052	LTR/ERVL-MaLR	2090	+	18	44434033	35293
chr19	44398740	44598740	harbor1	chr19	44434812	44435159	LTR/ERVL-MaLR	2480	+	174	44434986	36246
chr19	44398740	44598740	harbor1	chr19	44467352	44467608	LTR/ERVL-MaLR	1132	+	128	44467480	68740
chr19	44398740	44598740	harbor1	chr19	44468386	44468749	LTR/ERVL-MaLR	2653	+	182	44468568	69828
chr19	44398740	44598740	harbor1	chr19	44493548	44494081	LTR/ERVL-MaLR	1654	+	266	44493814	95074
chr19	44398740	44598740	harbor1	chr19	44433369	44433761	LTR/ERVL-MaLR	2090	+	196	44433565	34825
chr19	52917682	53117682	harbor1	chr19	52973051	52973313	LTR/ERVL-MaLR	684	+	131	52973182	55500
chr19	41544529	41744529	harbor1	chr19	41617428	41617864	LTR/ERVL-MaLR	1374	+	218	41617646	73117
chr19	41544529	41744529	harbor1	chr19	41637247	41637416	LTR/ERVL-MaLR	1691	+	84	41637331	92802
chr19	41544529	41744529	harbor1	chr19	41637691	41637917	LTR/ERVL-MaLR	1691	+	113	41637804	93275
chr19	17028593	17228593	harbor1	chr19	17053492	17053652	LTR/ERVL-MaLR	1082	+	80	17053572	24979
chr19	17028593	17228593	harbor1	chr19	17053957	17054258	LTR/ERVL-MaLR	1082	+	150	17054107	25514
chr19	17028593	17228593	harbor1	chr19	17057701	17058103	LTR/ERVL-MaLR	1395	+	201	17057902	29309
chr19	42533792	42733792	harbor1	chr19	42548237	42548605	LTR/ERVL-MaLR	2343	+	184	42548421	14629
chr19	42533792	42733792	harbor1	chr19	42548957	42549073	LTR/ERVL-MaLR	1100	+	58	42549015	15223
chr19	42533792	42733792	harbor1	chr19	42549428	42549797	LTR/ERVL-MaLR	12473	+	184	42549612	15820
chr19	42533792	42733792	harbor1	chr19	42550109	42551329	LTR/ERVL-MaLR	12473	+	610	42550719	16927
chr19	42533792	42733792	harbor1	chr19	42551330	42551669	LTR/ERVL-MaLR	2147	+	170	42551500	17708
chr19	42533792	42733792	harbor1	chr19	42551670	42551994	LTR/ERVL-MaLR	1100	+	162	42551832	18040
chr19	42533792	42733792	harbor1	chr19	42579183	42579368	LTR/ERVL-MaLR	916	+	92	42579275	45483
chr19	42533792	42733792	harbor1	chr19	42549074	42549427	LTR/ERVL-MaLR	2411	+	176	42549250	15458
chr19	33911245	34111245	harbor1	chr19	33912703	33912786	LTR/ERVL-MaLR	747	+	42	33912745	1500
chr19	33911245	34111245	harbor1	chr19	33913185	33913437	LTR/ERVL-MaLR	760	+	126	33913311	2066
chr19	33911245	34111245	harbor1	chr19	33913740	33913798	LTR/ERVL-MaLR	760	+	29	33913769	2524
chr19	33911245	34111245	harbor1	chr19	33916692	33917095	LTR/ERVL-MaLR	2121	+	202	33916894	5649
chr19	33911245	34111245	harbor1	chr19	33917500	33917861	LTR/ERVL-MaLR	2333	+	180	33917680	6435
chr19	33911245	34111245	harbor1	chr19	33919581	33919998	LTR/ERVL-MaLR	2849	+	208	33919789	8544
chr19	33911245	34111245	harbor1	chr19	33945984	33946159	LTR/ERVL-MaLR	2425	+	88	33946072	34827
chr19	33911245	34111245	harbor1	chr19	33946401	33946571	LTR/ERVL-MaLR	2425	+	85	33946486	35241
chr19	33911245	34111245	harbor1	chr19	33946880	33946945	LTR/ERVL-MaLR	2425	+	32	33946912	35667
chr19	33911245	34111245	harbor1	chr19	33952426	33952759	LTR/ERVL-MaLR	2467	+	166	33952592	41347
chr19	33911245	34111245	harbor1	chr19	33953067	33953108	LTR/ERVL-MaLR	2467	+	20	33953087	41842
chr19	33911245	34111245	harbor1	chr19	33956061	33956427	LTR/ERVL-MaLR	2404	+	183	33956244	44999
chr19	33911245	34111245	harbor1	chr19	33962424	33962804	LTR/ERVL-MaLR	2346	+	190	33962614	51369
chr19	33911245	34111245	harbor1	chr19	33972839	33973273	LTR/ERVL-MaLR	2455	+	217	33973056	61811
chr19	28255490	28455490	harbor1	chr19	28328593	28328934	LTR/ERVL-MaLR	2221	+	170	28328763	73273
chr19	28255490	28455490	harbor1	chr19	28328967	28330503	LTR/ERVL-MaLR	11042	+	768	28329735	74245
chr19	28255490	28455490	harbor1	chr19	28330504	28330858	LTR/ERVL-MaLR	2085	+	177	28330681	75191
chr19	28255490	28455490	harbor1	chr19	28339706	28340071	LTR/ERVL-MaLR	2006	+	182	28339888	84398
chr19	28255490	28455490	harbor1	chr19	28354878	28355003	LTR/ERVL-MaLR	959	+	62	28354940	99450
chr19	28255490	28455490	harbor1	chr19	28355436	28355523	LTR/ERVL-MaLR	959	+	44	28355480	99990
chr19	5861347	6061347	harbor1	chr19	5907326	5907490	LTR/ERVL-MaLR	1825	+	82	5907408	46061
chr19	5861347	6061347	harbor1	chr19	5907788	5908001	LTR/ERVL-MaLR	1825	+	106	5907894	46547
chr19	2410912	2610912	harbor1	chr19	2504180	2504463	LTR/ERVL-MaLR	710	+	142	2504322	93410
chr19	14392892	14592892	harbor1	chr19	14422531	14422902	LTR/ERVL-MaLR	1516	+	186	14422717	29825
chr19	14392892	14592892	harbor1	chr19	14486306	14486667	LTR/ERVL-MaLR	785	+	180	14486486	93594
chr19	14392892	14592892	harbor1	chr19	14489908	14490066	LTR/ERVL-MaLR	749	+	79	14489987	97095
chr19	5064780	5264780	harbor1	chr19	5098581	5098936	LTR/ERVL-MaLR	1855	+	178	5098759	33979
chr19	5064780	5264780	harbor1	chr19	5099693	5099891	LTR/ERVL-MaLR	1147	+	99	5099792	35012
chr19	34177687	34377687	harbor1	chr19	34259730	34260099	LTR/ERVL-MaLR	2405	+	184	34259914	82227
chr19	46326583	46526583	harbor1	chr19	46420198	46420469	LTR/ERVL-MaLR	867	+	136	46420334	93751
chr19	19829990	20029990	harbor1	chr19	19886419	19886817	LTR/ERVL-MaLR	1569	+	199	19886618	56628
chr19	19829990	20029990	harbor1	chr19	19928944	19929348	LTR/ERVL-MaLR	1440	+	202	19929146	99156
chr19	49979549	50179549	harbor1	chr19	49991647	49991942	LTR/ERVL-MaLR	905	+	148	49991795	12246
chr19	49979549	50179549	harbor1	chr19	49997729	49998190	LTR/ERVL-MaLR	1431	+	230	49997959	18410
chr19	49979549	50179549	harbor1	chr19	50003218	50003380	LTR/ERVL-MaLR	733	+	81	50003299	23750
chr19	49979549	50179549	harbor1	chr19	50021196	50021755	LTR/ERVL-MaLR	991	+	280	50021476	41927
chr19	49979549	50179549	harbor1	chr19	50035935	50035969	LTR/ERVL-MaLR	1647	+	17	50035952	56403
chr19	49979549	50179549	harbor1	chr19	50036256	50036314	LTR/ERVL-MaLR	1647	+	29	50036285	56736
chr19	49979549	50179549	harbor1	chr19	50053161	50053406	LTR/ERVL-MaLR	1068	+	122	50053283	73734
chr19	49979549	50179549	harbor1	chr19	50072385	50072592	LTR/ERVL-MaLR	1625	+	104	50072489	92940
chr19	49979549	50179549	harbor1	chr19	50072907	50073012	LTR/ERVL-MaLR	1625	+	52	50072959	93410
chr19	49979549	50179549	harbor1	chr19	50073321	50073388	LTR/ERVL-MaLR	1625	+	34	50073355	93806
chr19	49979549	50179549	harbor1	chr19	50036624	50036931	LTR/ERVL-MaLR	1647	+	154	50036778	57229
chr19	40976993	41176993	harbor1	chr19	41042129	41042383	LTR/ERVL-MaLR	1574	+	127	41042256	65263
chr19	40976993	41176993	harbor1	chr19	41042696	41042759	LTR/ERVL-MaLR	1574	+	32	41042728	65735
chr19	40976993	41176993	harbor1	chr19	41043458	41043887	LTR/ERVL-MaLR	1503	+	214	41043672	66679
chr19	40976993	41176993	harbor1	chr19	41044189	41044269	LTR/ERVL-MaLR	1503	+	40	41044229	67236
chr19	40976993	41176993	harbor1	chr19	41054223	41054460	LTR/ERVL-MaLR	1206	+	118	41054341	77348
chr19	40976993	41176993	harbor1	chr19	41054766	41055020	LTR/ERVL-MaLR	1206	+	127	41054893	77900
chr19	40976993	41176993	harbor1	chr19	41065020	41065405	LTR/ERVL-MaLR	1058	+	192	41065212	88219
chr19	40976993	41176993	harbor1	chr19	41065708	41065782	LTR/ERVL-MaLR	1058	+	37	41065745	88752
chr19	40976993	41176993	harbor1	chr19	41066547	41066960	LTR/ERVL-MaLR	2285	+	206	41066753	89760
chr19	7619759	7819759	harbor1	chr19	7621885	7622262	LTR/ERVL-MaLR	1941	+	188	7622073	2314
chr19	7619759	7819759	harbor1	chr19	7716840	7717199	LTR/ERVL-MaLR	2051	+	180	7717020	97261
chr19	11756239	11956239	harbor1	chr19	11760841	11761187	LTR/ERVL-MaLR	1773	+	173	11761014	4775
chr19	11756239	11956239	harbor1	chr19	11765481	11765650	LTR/ERVL-MaLR	1229	+	84	11765565	9326
chr19	11756239	11956239	harbor1	chr19	11844380	11844687	LTR/ERVL-MaLR	873	+	154	11844534	88295
chr19	41460822	41660822	harbor1	chr19	41477509	41477936	LTR/ERVL-MaLR	2139	+	214	41477723	16901
chr19	41460822	41660822	harbor1	chr19	41496723	41497140	LTR/ERVL-MaLR	2107	+	208	41496931	36109
chr19	40536226	40736226	harbor1	chr19	40631703	40632066	LTR/ERVL-MaLR	2333	+	182	40631885	95659
chr19	40536226	40736226	harbor1	chr19	40635464	40635794	LTR/ERVL-MaLR	771	+	165	40635629	99403
chr19	53162859	53362859	harbor1	chr19	53216527	53216942	LTR/ERVL-MaLR	2529	+	208	53216735	53876
chr19	58184454	58384454	harbor1	chr19	58208359	58208813	LTR/ERVL-MaLR	2040	+	227	58208586	24132
chr19	58184454	58384454	harbor1	chr19	58274211	58274644	LTR/ERVL-MaLR	2147	+	216	58274427	89973
chr19	58184454	58384454	harbor1	chr19	58283327	58283598	LTR/ERVL-MaLR	790	+	136	58283463	99009
chr19	46273520	46473520	harbor1	chr19	46289915	46290476	LTR/ERVL-MaLR	1502	+	280	46290195	16675
chr19	39593137	39793137	harbor1	chr19	39613312	39614718	LTR/ERVL-MaLR	8867	+	703	39614015	20878
chr19	39593137	39793137	harbor1	chr19	39614723	39615096	LTR/ERVL-MaLR	1905	+	186	39614909	21772
chr19	50130530	50330530	harbor1	chr19	50144990	50145480	LTR/ERVL-MaLR	1751	+	245	50145235	14705
chr19	50130530	50330530	harbor1	chr19	50152968	50153403	LTR/ERVL-MaLR	1432	+	218	50153186	22656
chr19	50130530	50330530	harbor1	chr19	50179357	50179536	LTR/ERVL-MaLR	973	+	90	50179447	48917
chr19	50130530	50330530	harbor1	chr19	50179729	50179886	LTR/ERVL-MaLR	886	+	78	50179807	49277
chr19	49678935	49878935	harbor1	chr19	49716246	49716624	LTR/ERVL-MaLR	1951	+	189	49716435	37500
chr19	49678935	49878935	harbor1	chr19	49722335	49722638	LTR/ERVL-MaLR	1718	+	152	49722487	43552
chr19	49678935	49878935	harbor1	chr19	49749461	49749615	LTR/ERVL-MaLR	724	+	77	49749538	70603
chr19	49678935	49878935	harbor1	chr19	49752406	49752605	LTR/ERVL-MaLR	867	+	100	49752506	73571
chr19	49678935	49878935	harbor1	chr19	49756657	49756777	LTR/ERVL-MaLR	1088	+	60	49756717	77782
chr19	49678935	49878935	harbor1	chr19	49757079	49757413	LTR/ERVL-MaLR	1088	+	167	49757246	78311
chr19	46184523	46384523	harbor1	chr19	46208549	46208910	LTR/ERVL-MaLR	1909	+	180	46208729	24206
chr19	46184523	46384523	harbor1	chr19	46215880	46216258	LTR/ERVL-MaLR	1915	+	189	46216069	31546
chr19	46184523	46384523	harbor1	chr19	46224231	46224595	LTR/ERVL-MaLR	1794	+	182	46224413	39890
chr19	46184523	46384523	harbor1	chr19	46235031	46235412	LTR/ERVL-MaLR	2076	+	190	46235221	50698
chr19	46184523	46384523	harbor1	chr19	46236271	46236670	LTR/ERVL-MaLR	2444	+	200	46236471	51948
chr19	46184523	46384523	harbor1	chr19	46240210	46240584	LTR/ERVL-MaLR	2182	+	187	46240397	55874
chr19	57883378	58083378	harbor1	chr19	57954751	57954915	LTR/ERVL-MaLR	660	+	82	57954833	71455
chr19	29868245	30068245	harbor1	chr19	29879080	29879459	LTR/ERVL-MaLR	716	+	190	29879270	11025
chr19	29868245	30068245	harbor1	chr19	29891628	29892108	LTR/ERVL-MaLR	673	+	240	29891868	23623
chr19	29868245	30068245	harbor1	chr19	29927186	29927261	LTR/ERVL-MaLR	917	+	38	29927224	58979
chr19	29868245	30068245	harbor1	chr19	29927875	29928155	LTR/ERVL-MaLR	917	+	140	29928015	59770
chr19	29868245	30068245	harbor1	chr19	29867900	29868312	LTR/ERVL-MaLR	1067	+	206	29868106	139
chr19	56659796	56859796	harbor1	chr19	56665977	56666117	LTR/ERVL-MaLR	1258	+	70	56666047	6251
chr19	56659796	56859796	harbor1	chr19	56666406	56666615	LTR/ERVL-MaLR	1258	+	104	56666510	6714
chr19	56659796	56859796	harbor1	chr19	56666665	56666917	LTR/ERVL-MaLR	887	+	126	56666791	6995
chr19	56659796	56859796	harbor1	chr19	56667664	56667961	LTR/ERVL-MaLR	1404	+	148	56667812	8016
chr19	56659796	56859796	harbor1	chr19	56674615	56675025	LTR/ERVL-MaLR	1635	+	205	56674820	15024
chr19	56659796	56859796	harbor1	chr19	56678115	56678210	LTR/ERVL-MaLR	645	+	48	56678163	18367
chr19	2243268	2443268	harbor1	chr19	2294064	2294475	LTR/ERVL-MaLR	1023	+	206	2294270	51002
chr19	2243268	2443268	harbor1	chr19	2295135	2295438	LTR/ERVL-MaLR	973	+	152	2295287	52019
chr19	2243268	2443268	harbor1	chr19	2304360	2304710	LTR/ERVL-MaLR	1157	+	175	2304535	61267
chr19	2243268	2443268	harbor1	chr19	2305009	2305097	LTR/ERVL-MaLR	1157	+	44	2305053	61785
chr19	2243268	2443268	harbor1	chr19	2326105	2326289	LTR/ERVL-MaLR	781	+	92	2326197	82929
chr19	2243268	2443268	harbor1	chr19	2277180	2277534	LTR/ERVL-MaLR	1801	+	177	2277357	34089
chr19	2243268	2443268	harbor1	chr19	2293735	2293770	LTR/ERVL-MaLR	1023	+	18	2293753	50485
chr19	18662068	18862068	harbor1	chr19	18722324	18722608	LTR/ERVL-MaLR	782	+	142	18722466	60398
chr19	18662068	18862068	harbor1	chr19	18726484	18726645	LTR/ERVL-MaLR	925	+	80	18726564	64496
chr19	18662068	18862068	harbor1	chr19	18727267	18727299	LTR/ERVL-MaLR	925	+	16	18727283	65215
chr19	18662068	18862068	harbor1	chr19	18727608	18727717	LTR/ERVL-MaLR	925	+	54	18727662	65594
chr19	18662068	18862068	harbor1	chr19	18728026	18728128	LTR/ERVL-MaLR	925	+	51	18728077	66009
chr19	18662068	18862068	harbor1	chr19	18732156	18732549	LTR/ERVL-MaLR	1049	+	196	18732352	70284
chr19	29969100	30169100	harbor1	chr19	30040904	30041134	LTR/ERVL-MaLR	2243	+	115	30041019	71919
chr19	29969100	30169100	harbor1	chr19	30041432	30041558	LTR/ERVL-MaLR	2243	+	63	30041495	72395
chr19	29969100	30169100	harbor1	chr19	30041559	30043107	LTR/ERVL-MaLR	11374	+	774	30042333	73233
chr19	29969100	30169100	harbor1	chr19	30043108	30043456	LTR/ERVL-MaLR	2270	+	174	30043282	74182
chr19	5712177	5912177	harbor1	chr19	5742905	5743021	LTR/ERVL-MaLR	783	+	58	5742963	30786
chr19	36253362	36453362	harbor1	chr19	36323714	36324195	LTR/ERVL-MaLR	1505	+	240	36323954	70592
chr19	36253362	36453362	harbor1	chr19	36339339	36339893	LTR/ERVL-MaLR	1756	+	277	36339616	86254
chr19	17009202	17209202	harbor1	chr19	17053492	17053652	LTR/ERVL-MaLR	1082	+	80	17053572	44370
chr19	17009202	17209202	harbor1	chr19	17053957	17054258	LTR/ERVL-MaLR	1082	+	150	17054107	44905
chr19	17009202	17209202	harbor1	chr19	17057701	17058103	LTR/ERVL-MaLR	1395	+	201	17057902	48700
chr19	41967650	42167650	harbor1	chr19	42000636	42000895	LTR/ERVL-MaLR	944	+	130	42000766	33116
chr19	41967650	42167650	harbor1	chr19	42001613	42001838	LTR/ERVL-MaLR	820	+	112	42001725	34075
chr19	41967650	42167650	harbor1	chr19	42019481	42019961	LTR/ERVL-MaLR	2540	+	240	42019721	52071
chr19	41967650	42167650	harbor1	chr19	42043937	42044312	LTR/ERVL-MaLR	2530	+	188	42044125	76475
chr19	41967650	42167650	harbor1	chr19	42063361	42063922	LTR/ERVL-MaLR	1481	+	280	42063641	95991
chr19	2849647	3049647	harbor1	chr19	2949207	2949353	LTR/ERVL-MaLR	666	+	73	2949280	99633
chr19	30699281	30899281	harbor1	chr19	30724650	30725009	LTR/ERVL-MaLR	1387	+	180	30724830	25549
chr19	30699281	30899281	harbor1	chr19	30764403	30764794	LTR/ERVL-MaLR	2033	+	196	30764599	65318
chr19	30699281	30899281	harbor1	chr19	30774470	30774980	LTR/ERVL-MaLR	814	+	255	30774725	75444
chr19	30699281	30899281	harbor1	chr19	30775340	30775772	LTR/ERVL-MaLR	2903	+	216	30775556	76275
chr19	30699281	30899281	harbor1	chr19	30785692	30786238	LTR/ERVL-MaLR	1041	+	273	30785965	86684
chr19	30699281	30899281	harbor1	chr19	30791737	30792098	LTR/ERVL-MaLR	2186	+	180	30791917	92636
chr19	30699281	30899281	harbor1	chr19	30752687	30752791	LTR/ERVL-MaLR	679	+	52	30752739	53458
chr19	38724202	38924202	harbor1	chr19	38739622	38739882	LTR/ERVL-MaLR	644	+	130	38739752	15550
chr19	11839099	12039099	harbor1	chr19	11844380	11844687	LTR/ERVL-MaLR	873	+	154	11844534	5435
chr19	11839099	12039099	harbor1	chr19	11876827	11877136	LTR/ERVL-MaLR	1052	+	154	11876981	37882
chr19	11839099	12039099	harbor1	chr19	11919597	11919913	LTR/ERVL-MaLR	994	+	158	11919755	80656
chr19	33771594	33971594	harbor1	chr19	33784881	33785392	LTR/ERVL-MaLR	2068	+	256	33785137	13543
chr19	33771594	33971594	harbor1	chr19	33787144	33787557	LTR/ERVL-MaLR	2822	+	206	33787350	15756
chr19	29762095	29962095	harbor1	chr19	29771548	29772044	LTR/ERVL-MaLR	1634	+	248	29771796	9701
chr19	29762095	29962095	harbor1	chr19	29778877	29779140	LTR/ERVL-MaLR	645	+	132	29779009	16914
chr19	35509506	35709506	harbor1	chr19	35556398	35556839	LTR/ERVL-MaLR	1311	+	220	35556618	47112
chr19	35509506	35709506	harbor1	chr19	35608431	35608660	LTR/ERVL-MaLR	672	+	114	35608545	99039
chr19	40969345	41169345	harbor1	chr19	41042129	41042383	LTR/ERVL-MaLR	1574	+	127	41042256	72911
chr19	40969345	41169345	harbor1	chr19	41042696	41042759	LTR/ERVL-MaLR	1574	+	32	41042728	73383
chr19	40969345	41169345	harbor1	chr19	41043458	41043887	LTR/ERVL-MaLR	1503	+	214	41043672	74327
chr19	40969345	41169345	harbor1	chr19	41044189	41044269	LTR/ERVL-MaLR	1503	+	40	41044229	74884
chr19	40969345	41169345	harbor1	chr19	41054223	41054460	LTR/ERVL-MaLR	1206	+	118	41054341	84996
chr19	40969345	41169345	harbor1	chr19	41054766	41055020	LTR/ERVL-MaLR	1206	+	127	41054893	85548
chr19	40969345	41169345	harbor1	chr19	41065020	41065405	LTR/ERVL-MaLR	1058	+	192	41065212	95867
chr19	40969345	41169345	harbor1	chr19	41065708	41065782	LTR/ERVL-MaLR	1058	+	37	41065745	96400
chr19	40969345	41169345	harbor1	chr19	41066547	41066960	LTR/ERVL-MaLR	2285	+	206	41066753	97408
chr19	2341299	2541299	harbor1	chr19	2380636	2380819	LTR/ERVL-MaLR	922	+	92	2380728	39429
chr19	2341299	2541299	harbor1	chr19	2388446	2388624	LTR/ERVL-MaLR	649	+	89	2388535	47236
chr19	2341299	2541299	harbor1	chr19	2388924	2388985	LTR/ERVL-MaLR	649	+	30	2388954	47655
chr19	15745880	15945880	harbor1	chr19	15773222	15773772	LTR/ERVL-MaLR	1101	+	275	15773497	27617
chr19	43584962	43784962	harbor1	chr19	43600872	43601115	LTR/ERVL-MaLR	689	+	122	43600994	16032
chr19	43584962	43784962	harbor1	chr19	43602771	43603192	LTR/ERVL-MaLR	2005	+	210	43602981	18019
chr19	43584962	43784962	harbor1	chr19	43628481	43628532	LTR/ERVL-MaLR	755	+	26	43628507	43545
chr19	43584962	43784962	harbor1	chr19	43628533	43629052	LTR/ERVL-MaLR	1442	+	260	43628793	43831
chr19	43584962	43784962	harbor1	chr19	43629053	43629384	LTR/ERVL-MaLR	840	+	166	43629219	44257
chr19	43584962	43784962	harbor1	chr19	43631455	43631875	LTR/ERVL-MaLR	1056	+	210	43631665	46703
chr19	43584962	43784962	harbor1	chr19	43644092	43644152	LTR/ERVL-MaLR	877	+	30	43644122	59160
chr19	43584962	43784962	harbor1	chr19	43644460	43644715	LTR/ERVL-MaLR	877	+	128	43644588	59626
chr19	43584962	43784962	harbor1	chr19	43655659	43655972	LTR/ERVL-MaLR	1084	+	156	43655815	70853
chr19	43584962	43784962	harbor1	chr19	43656285	43656427	LTR/ERVL-MaLR	1084	+	71	43656356	71394
chr19	43584962	43784962	harbor1	chr19	43657847	43657920	LTR/ERVL-MaLR	1990	+	36	43657883	72921
chr19	43584962	43784962	harbor1	chr19	43658055	43658476	LTR/ERVL-MaLR	1990	+	210	43658265	73303
chr19	43584962	43784962	harbor1	chr19	43677065	43677590	LTR/ERVL-MaLR	1648	+	262	43677327	92365
chr19	43584962	43784962	harbor1	chr19	43679000	43679189	LTR/ERVL-MaLR	2014	+	94	43679094	94132
chr19	43584962	43784962	harbor1	chr19	43680442	43680646	LTR/ERVL-MaLR	965	+	102	43680544	95582
chr19	43584962	43784962	harbor1	chr19	43679486	43679757	LTR/ERVL-MaLR	2014	+	136	43679622	94660
chr19	45142329	45342329	harbor1	chr19	45148825	45148862	LTR/ERVL-MaLR	911	+	18	45148843	6514
chr19	45142329	45342329	harbor1	chr19	45149172	45149549	LTR/ERVL-MaLR	911	+	188	45149360	7031
chr19	45142329	45342329	harbor1	chr19	45201708	45201941	LTR/ERVL-MaLR	2277	+	116	45201824	59495
chr19	45142329	45342329	harbor1	chr19	45202240	45202376	LTR/ERVL-MaLR	2277	+	68	45202308	59979
chr19	45142329	45342329	harbor1	chr19	45237682	45237861	LTR/ERVL-MaLR	752	+	90	45237772	95443
chr19	56430803	56630803	harbor1	chr19	56457769	56458129	LTR/ERVL-MaLR	1923	+	180	56457949	27146
chr19	56430803	56630803	harbor1	chr19	56461454	56461687	LTR/ERVL-MaLR	1106	+	116	56461570	30767
chr19	56430803	56630803	harbor1	chr19	56467233	56467379	LTR/ERVL-MaLR	792	+	73	56467306	36503
chr19	56430803	56630803	harbor1	chr19	56470962	56471362	LTR/ERVL-MaLR	2486	+	200	56471162	40359
chr19	56430803	56630803	harbor1	chr19	56471844	56472148	LTR/ERVL-MaLR	1798	+	152	56471996	41193
chr19	56430803	56630803	harbor1	chr19	56490380	56490842	LTR/ERVL-MaLR	1592	+	231	56490611	59808
chr19	56430803	56630803	harbor1	chr19	56502668	56502869	LTR/ERVL-MaLR	875	+	100	56502768	71965
chr19	56430803	56630803	harbor1	chr19	56502882	56502906	LTR/ERVL-MaLR	691	+	12	56502894	72091
chr19	56430803	56630803	harbor1	chr19	56503224	56503423	LTR/ERVL-MaLR	691	+	100	56503324	72521
chr19	56430803	56630803	harbor1	chr19	56505648	56505806	LTR/ERVL-MaLR	1033	+	79	56505727	74924
chr19	56430803	56630803	harbor1	chr19	56520530	56520798	LTR/ERVL-MaLR	1245	+	134	56520664	89861
chr19	39184071	39384071	harbor1	chr19	39217246	39217513	LTR/ERVL-MaLR	1580	+	134	39217380	33309
chr19	39184071	39384071	harbor1	chr19	39217826	39218016	LTR/ERVL-MaLR	1580	+	95	39217921	33850
chr19	39184071	39384071	harbor1	chr19	39235555	39235720	LTR/ERVL-MaLR	2538	+	82	39235637	51566
chr19	39184071	39384071	harbor1	chr19	39236011	39236254	LTR/ERVL-MaLR	2538	+	122	39236133	52062
chr19	39184071	39384071	harbor1	chr19	39253540	39253910	LTR/ERVL-MaLR	2168	+	185	39253725	69654
chr19	39184071	39384071	harbor1	chr19	39272684	39273026	LTR/ERVL-MaLR	1211	+	171	39272855	88784
chr19	84081	284081	harbor1	chr19	169078	169318	LTR/ERVL-MaLR	1152	+	120	169198	85117
chr19	84081	284081	harbor1	chr19	171601	171877	LTR/ERVL-MaLR	1152	+	138	171739	87658
chr19	84081	284081	harbor1	chr19	175551	175960	LTR/ERVL-MaLR	1113	+	204	175755	91674
chr19	84081	284081	harbor1	chr19	179460	179949	LTR/ERVL-MaLR	1912	+	244	179704	95623
chr19	30702719	30902719	harbor1	chr19	30724650	30725009	LTR/ERVL-MaLR	1387	+	180	30724830	22111
chr19	30702719	30902719	harbor1	chr19	30764403	30764794	LTR/ERVL-MaLR	2033	+	196	30764599	61880
chr19	30702719	30902719	harbor1	chr19	30774470	30774980	LTR/ERVL-MaLR	814	+	255	30774725	72006
chr19	30702719	30902719	harbor1	chr19	30775340	30775772	LTR/ERVL-MaLR	2903	+	216	30775556	72837
chr19	30702719	30902719	harbor1	chr19	30785692	30786238	LTR/ERVL-MaLR	1041	+	273	30785965	83246
chr19	30702719	30902719	harbor1	chr19	30791737	30792098	LTR/ERVL-MaLR	2186	+	180	30791917	89198
chr19	30702719	30902719	harbor1	chr19	30752687	30752791	LTR/ERVL-MaLR	679	+	52	30752739	50020
chr19	11757892	11957892	harbor1	chr19	11760841	11761187	LTR/ERVL-MaLR	1773	+	173	11761014	3122
chr19	11757892	11957892	harbor1	chr19	11765481	11765650	LTR/ERVL-MaLR	1229	+	84	11765565	7673
chr19	11757892	11957892	harbor1	chr19	11844380	11844687	LTR/ERVL-MaLR	873	+	154	11844534	86642
chr19	43776277	43976277	harbor1	chr19	43813239	43813524	LTR/ERVL-MaLR	1547	+	142	43813381	37104
chr19	43776277	43976277	harbor1	chr19	43816696	43817066	LTR/ERVL-MaLR	2186	+	185	43816881	40604
chr19	42047509	42247509	harbor1	chr19	42063361	42063922	LTR/ERVL-MaLR	1481	+	280	42063641	16132
chr19	42047509	42247509	harbor1	chr19	42101235	42101676	LTR/ERVL-MaLR	1893	+	220	42101455	53946
chr19	42047509	42247509	harbor1	chr19	42115726	42116173	LTR/ERVL-MaLR	2059	+	224	42115950	68441
chr19	42047509	42247509	harbor1	chr19	42125992	42126162	LTR/ERVL-MaLR	2212	+	85	42126077	78568
chr19	42047509	42247509	harbor1	chr19	42126469	42126682	LTR/ERVL-MaLR	2212	+	106	42126575	79066
chr19	43032942	43232942	harbor1	chr19	43048413	43048619	LTR/ERVL-MaLR	661	+	103	43048516	15574
chr19	43032942	43232942	harbor1	chr19	43060551	43060587	LTR/ERVL-MaLR	825	+	18	43060569	27627
chr19	43032942	43232942	harbor1	chr19	43060884	43061065	LTR/ERVL-MaLR	825	+	90	43060974	28032
chr19	43032942	43232942	harbor1	chr19	43109203	43109409	LTR/ERVL-MaLR	738	+	103	43109306	76364
chr19	39512570	39712570	harbor1	chr19	39543489	39543741	LTR/ERVL-MaLR	757	+	126	39543615	31045
chr19	39512570	39712570	harbor1	chr19	39544030	39544158	LTR/ERVL-MaLR	757	+	64	39544094	31524
chr19	39512570	39712570	harbor1	chr19	39544172	39544612	LTR/ERVL-MaLR	2350	+	220	39544392	31822
chr19	39512570	39712570	harbor1	chr19	39544918	39545249	LTR/ERVL-MaLR	2350	+	166	39545084	32514
chr19	39512570	39712570	harbor1	chr19	39546544	39546713	LTR/ERVL-MaLR	757	+	84	39546628	34058
chr19	39512570	39712570	harbor1	chr19	39547162	39547281	LTR/ERVL-MaLR	757	+	60	39547222	34652
chr19	39512570	39712570	harbor1	chr19	39555755	39555927	LTR/ERVL-MaLR	868	+	86	39555841	43271
chr19	7025051	7225051	harbor1	chr19	7098061	7098369	LTR/ERVL-MaLR	928	+	154	7098215	73164
chr19	11472338	11672338	harbor1	chr19	11511594	11511752	LTR/ERVL-MaLR	1767	+	79	11511673	39335
chr19	11472338	11672338	harbor1	chr19	11512353	11512571	LTR/ERVL-MaLR	1767	+	109	11512462	40124
chr19	37737411	37937411	harbor1	chr19	37737667	37737880	LTR/ERVL-MaLR	666	+	106	37737773	362
chr19	55409140	55609140	harbor1	chr19	55427361	55427533	LTR/ERVL-MaLR	984	+	86	55427447	18307
chr19	55409140	55609140	harbor1	chr19	55427831	55428006	LTR/ERVL-MaLR	984	+	88	55427919	18779
chr19	55409140	55609140	harbor1	chr19	55428317	55428375	LTR/ERVL-MaLR	984	+	29	55428346	19206
chr19	55409140	55609140	harbor1	chr19	55437030	55437246	LTR/ERVL-MaLR	655	+	108	55437138	27998
chr19	55409140	55609140	harbor1	chr19	55470039	55470321	LTR/ERVL-MaLR	1389	+	141	55470180	61040
chr19	50038465	50238465	harbor1	chr19	50053161	50053406	LTR/ERVL-MaLR	1068	+	122	50053283	14818
chr19	50038465	50238465	harbor1	chr19	50072385	50072592	LTR/ERVL-MaLR	1625	+	104	50072489	34024
chr19	50038465	50238465	harbor1	chr19	50072907	50073012	LTR/ERVL-MaLR	1625	+	52	50072959	34494
chr19	50038465	50238465	harbor1	chr19	50073321	50073388	LTR/ERVL-MaLR	1625	+	34	50073355	34890
chr19	40038073	40238073	harbor1	chr19	40105663	40106007	LTR/ERVL-MaLR	1684	+	172	40105835	67762
chr20	61370575	61570575	harbor1	chr20	61402881	61403195	LTR/ERVL-MaLR	835	+	157	61403038	32463
chr20	61370575	61570575	harbor1	chr20	61441487	61441843	LTR/ERVL-MaLR	1855	+	178	61441665	71090
chr20	61370575	61570575	harbor1	chr20	61453738	61454108	LTR/ERVL-MaLR	2766	+	185	61453923	83348
chr20	61370575	61570575	harbor1	chr20	61462920	61463278	LTR/ERVL-MaLR	2229	+	179	61463099	92524
chr20	17757330	17957330	harbor1	chr20	17757674	17758006	LTR/ERVL-MaLR	820	+	166	17757840	510
chr20	17757330	17957330	harbor1	chr20	17780106	17780222	LTR/ERVL-MaLR	1939	+	58	17780164	22834
chr20	17757330	17957330	harbor1	chr20	17780223	17780639	LTR/ERVL-MaLR	2657	+	208	17780431	23101
chr20	17757330	17957330	harbor1	chr20	17780640	17780971	LTR/ERVL-MaLR	1939	+	166	17780806	23476
chr20	17757330	17957330	harbor1	chr20	17793247	17793676	LTR/ERVL-MaLR	2073	+	214	17793461	36131
chr20	17757330	17957330	harbor1	chr20	17799541	17799867	LTR/ERVL-MaLR	1282	+	163	17799704	42374
chr20	17757330	17957330	harbor1	chr20	17802079	17802488	LTR/ERVL-MaLR	635	+	204	17802283	44953
chr20	17757330	17957330	harbor1	chr20	17803017	17803468	LTR/ERVL-MaLR	788	+	226	17803243	45913
chr20	17757330	17957330	harbor1	chr20	17815985	17816446	LTR/ERVL-MaLR	1014	+	230	17816215	58885
chr20	17757330	17957330	harbor1	chr20	17829487	17829860	LTR/ERVL-MaLR	1792	+	186	17829673	72343
chr20	64014144	64214144	harbor1	chr20	64103368	64103846	LTR/ERVL-MaLR	1357	+	239	64103607	89463
chr20	44779652	44979652	harbor1	chr20	44824224	44824801	LTR/ERVL-MaLR	1465	+	288	44824512	44860
chr20	44779652	44979652	harbor1	chr20	44833407	44833655	LTR/ERVL-MaLR	466	+	124	44833531	53879
chr20	44779652	44979652	harbor1	chr20	44854345	44854704	LTR/ERVL-MaLR	1183	+	180	44854525	74873
chr20	44779652	44979652	harbor1	chr20	44859999	44860402	LTR/ERVL-MaLR	1948	+	202	44860201	80549
chr20	44779652	44979652	harbor1	chr20	44869494	44869736	LTR/ERVL-MaLR	873	+	121	44869615	89963
chr20	44779652	44979652	harbor1	chr20	44870043	44870134	LTR/ERVL-MaLR	873	+	46	44870089	90437
chr20	44779652	44979652	harbor1	chr20	44871832	44872071	LTR/ERVL-MaLR	985	+	120	44871952	92300
chr20	30361425	30561425	harbor1	chr20	30372667	30373048	LTR/ERVL-MaLR	1954	+	190	30372857	11432
chr20	30361425	30561425	harbor1	chr20	30373307	30373712	LTR/ERVL-MaLR	2235	+	202	30373509	12084
chr20	6845781	7045781	harbor1	chr20	6852803	6853306	LTR/ERVL-MaLR	704	+	252	6853055	7274
chr20	6845781	7045781	harbor1	chr20	6868396	6868522	LTR/ERVL-MaLR	428	+	63	6868459	22678
chr20	6845781	7045781	harbor1	chr20	6922065	6922609	LTR/ERVL-MaLR	1036	+	272	6922337	76556
chr20	6845781	7045781	harbor1	chr20	6927977	6928316	LTR/ERVL-MaLR	427	+	170	6928147	82366
chr20	6845781	7045781	harbor1	chr20	6936433	6936478	LTR/ERVL-MaLR	1342	+	22	6936455	90674
chr20	6845781	7045781	harbor1	chr20	6936848	6937321	LTR/ERVL-MaLR	1342	+	236	6937084	91303
chr20	20691771	20891771	harbor1	chr20	20691800	20692189	LTR/ERVL-MaLR	2117	+	194	20691994	223
chr20	20691771	20891771	harbor1	chr20	20692518	20692953	LTR/ERVL-MaLR	557	+	218	20692736	965
chr20	20691771	20891771	harbor1	chr20	20708332	20708682	LTR/ERVL-MaLR	2422	+	175	20708507	16736
chr20	20691771	20891771	harbor1	chr20	20716067	20716504	LTR/ERVL-MaLR	1107	+	218	20716285	24514
chr20	20691771	20891771	harbor1	chr20	20744752	20745176	LTR/ERVL-MaLR	2576	+	212	20744964	53193
chr20	20691771	20891771	harbor1	chr20	20748650	20748799	LTR/ERVL-MaLR	1090	+	74	20748724	56953
chr20	20691771	20891771	harbor1	chr20	20749294	20749627	LTR/ERVL-MaLR	1090	+	166	20749460	57689
chr20	20691771	20891771	harbor1	chr20	20774567	20774700	LTR/ERVL-MaLR	518	+	66	20774633	82862
chr20	20691771	20891771	harbor1	chr20	20785548	20786035	LTR/ERVL-MaLR	1025	+	244	20785792	94021
chr20	41219839	41419839	harbor1	chr20	41219695	41220043	LTR/ERVL-MaLR	967	+	174	41219869	30
chr20	41219839	41419839	harbor1	chr20	41286745	41287082	LTR/ERVL-MaLR	1833	+	168	41286913	67074
chr20	41219839	41419839	harbor1	chr20	41302662	41302916	LTR/ERVL-MaLR	507	+	127	41302789	82950
chr20	41219839	41419839	harbor1	chr20	41287385	41287901	LTR/ERVL-MaLR	1926	+	258	41287643	67804
chr20	18831823	19031823	harbor1	chr20	18834630	18835108	LTR/ERVL-MaLR	882	+	239	18834869	3046
chr20	18831823	19031823	harbor1	chr20	18839245	18839691	LTR/ERVL-MaLR	1661	+	223	18839468	7645
chr20	18831823	19031823	harbor1	chr20	18845795	18846212	LTR/ERVL-MaLR	2762	+	208	18846003	14180
chr20	18831823	19031823	harbor1	chr20	18852278	18852610	LTR/ERVL-MaLR	1103	+	166	18852444	20621
chr20	18831823	19031823	harbor1	chr20	18858138	18858564	LTR/ERVL-MaLR	2499	+	213	18858351	26528
chr20	18831823	19031823	harbor1	chr20	18858567	18859023	LTR/ERVL-MaLR	6373	+	228	18858795	26972
chr20	18831823	19031823	harbor1	chr20	18859098	18860340	LTR/ERVL-MaLR	6373	+	621	18859719	27896
chr20	18831823	19031823	harbor1	chr20	18860356	18860765	LTR/ERVL-MaLR	2487	+	204	18860560	28737
chr20	18831823	19031823	harbor1	chr20	18881073	18881489	LTR/ERVL-MaLR	2789	+	208	18881281	49458
chr20	18831823	19031823	harbor1	chr20	18895541	18895893	LTR/ERVL-MaLR	2541	+	176	18895717	63894
chr20	18831823	19031823	harbor1	chr20	18898154	18898506	LTR/ERVL-MaLR	1943	+	176	18898330	66507
chr20	18831823	19031823	harbor1	chr20	18919095	18919510	LTR/ERVL-MaLR	2929	+	208	18919303	87480
chr20	18831823	19031823	harbor1	chr20	18919511	18919755	LTR/ERVL-MaLR	1541	+	122	18919633	87810
chr20	18831823	19031823	harbor1	chr20	18920462	18920870	LTR/ERVL-MaLR	2434	+	204	18920666	88843
chr20	18831823	19031823	harbor1	chr20	18922277	18922601	LTR/ERVL-MaLR	1173	+	162	18922439	90616
chr20	29332595	29532595	harbor1	chr20	29364054	29364216	LTR/ERVL-MaLR	2411	+	81	29364135	31540
chr20	29332595	29532595	harbor1	chr20	29364493	29364700	LTR/ERVL-MaLR	2411	+	104	29364597	32002
chr20	29332595	29532595	harbor1	chr20	29390856	29391260	LTR/ERVL-MaLR	672	+	202	29391058	58463
chr20	11155507	11355507	harbor1	chr20	11156975	11157236	LTR/ERVL-MaLR	513	+	130	11157105	1598
chr20	11155507	11355507	harbor1	chr20	11181123	11181490	LTR/ERVL-MaLR	2318	+	184	11181307	25800
chr20	11155507	11355507	harbor1	chr20	11197303	11197755	LTR/ERVL-MaLR	964	+	226	11197529	42022
chr20	11155507	11355507	harbor1	chr20	11228406	11228864	LTR/ERVL-MaLR	1061	+	229	11228635	73128
chr20	11155507	11355507	harbor1	chr20	11229635	11230111	LTR/ERVL-MaLR	979	+	238	11229873	74366
chr20	11155507	11355507	harbor1	chr20	11238895	11239270	LTR/ERVL-MaLR	1931	+	188	11239083	83576
chr20	11155507	11355507	harbor1	chr20	11252168	11252329	LTR/ERVL-MaLR	494	+	80	11252248	96741
chr20	11155507	11355507	harbor1	chr20	11254606	11254989	LTR/ERVL-MaLR	653	+	192	11254798	99291
chr20	11155507	11355507	harbor1	chr20	11255184	11255613	LTR/ERVL-MaLR	1416	+	214	11255398	99891
chr20	23158929	23358929	harbor1	chr20	23190750	23191123	LTR/ERVL-MaLR	727	+	186	23190936	32007
chr20	23158929	23358929	harbor1	chr20	23208834	23209174	LTR/ERVL-MaLR	1720	+	170	23209004	50075
chr20	23158929	23358929	harbor1	chr20	23209182	23209840	LTR/ERVL-MaLR	3038	+	329	23209511	50582
chr20	23158929	23358929	harbor1	chr20	23210081	23210464	LTR/ERVL-MaLR	1970	+	192	23210273	51344
chr20	23158929	23358929	harbor1	chr20	23210465	23210825	LTR/ERVL-MaLR	1796	+	180	23210645	51716
chr20	23158929	23358929	harbor1	chr20	23214380	23214544	LTR/ERVL-MaLR	509	+	82	23214462	55533
chr20	23158929	23358929	harbor1	chr20	23214547	23214791	LTR/ERVL-MaLR	896	+	122	23214669	55740
chr20	23158929	23358929	harbor1	chr20	23224210	23224516	LTR/ERVL-MaLR	1557	+	153	23224363	65434
chr20	23158929	23358929	harbor1	chr20	23228289	23228645	LTR/ERVL-MaLR	1988	+	178	23228467	69538
chr20	23158929	23358929	harbor1	chr20	23232154	23232635	LTR/ERVL-MaLR	1084	+	240	23232394	73465
chr20	13106023	13306023	harbor1	chr20	13174797	13175150	LTR/ERVL-MaLR	2265	+	176	13174973	68950
chr20	13106023	13306023	harbor1	chr20	13182936	13183437	LTR/ERVL-MaLR	1099	+	250	13183186	77163
chr20	13106023	13306023	harbor1	chr20	13191907	13192040	LTR/ERVL-MaLR	711	+	66	13191973	85950
chr20	58260032	58460032	harbor1	chr20	58265034	58265474	LTR/ERVL-MaLR	959	+	220	58265254	5222
chr20	58260032	58460032	harbor1	chr20	58306812	58307079	LTR/ERVL-MaLR	486	+	134	58306946	46914
chr20	24689611	24889611	harbor1	chr20	24700959	24701417	LTR/ERVL-MaLR	452	+	229	24701188	11577
chr20	24689611	24889611	harbor1	chr20	24738581	24738950	LTR/ERVL-MaLR	1610	+	184	24738765	49154
chr20	24689611	24889611	harbor1	chr20	24747807	24748179	LTR/ERVL-MaLR	1590	+	186	24747993	58382
chr20	24689611	24889611	harbor1	chr20	24753011	24753311	LTR/ERVL-MaLR	788	+	150	24753161	63550
chr20	42199979	42399979	harbor1	chr20	42213460	42213921	LTR/ERVL-MaLR	1666	+	230	42213690	13711
chr20	42199979	42399979	harbor1	chr20	42236798	42237276	LTR/ERVL-MaLR	644	+	239	42237037	37058
chr20	42199979	42399979	harbor1	chr20	42257451	42257870	LTR/ERVL-MaLR	2482	+	210	42257661	57682
chr20	42199979	42399979	harbor1	chr20	42279286	42279592	LTR/ERVL-MaLR	1664	+	153	42279439	79460
chr20	42199979	42399979	harbor1	chr20	42295712	42296071	LTR/ERVL-MaLR	2145	+	180	42295892	95913
chr20	59455789	59655789	harbor1	chr20	59458696	59458994	LTR/ERVL-MaLR	795	+	149	59458845	3056
chr20	59455789	59655789	harbor1	chr20	59459029	59459534	LTR/ERVL-MaLR	2183	+	252	59459281	3492
chr20	59455789	59655789	harbor1	chr20	59459541	59459722	LTR/ERVL-MaLR	556	+	90	59459631	3842
chr20	59455789	59655789	harbor1	chr20	59463833	59464209	LTR/ERVL-MaLR	2423	+	188	59464021	8232
chr20	59455789	59655789	harbor1	chr20	59464740	59465146	LTR/ERVL-MaLR	1967	+	203	59464943	9154
chr20	59455789	59655789	harbor1	chr20	59504298	59504853	LTR/ERVL-MaLR	1418	+	278	59504576	48787
chr20	2699012	2899012	harbor1	chr20	2761339	2761711	LTR/ERVL-MaLR	1610	+	186	2761525	62513
chr20	2699012	2899012	harbor1	chr20	2792063	2792204	LTR/ERVL-MaLR	458	+	70	2792133	93121
chr20	2699012	2899012	harbor1	chr20	2797489	2797638	LTR/ERVL-MaLR	422	+	74	2797563	98551
chr20	34758637	34958637	harbor1	chr20	34806939	34807482	LTR/ERVL-MaLR	1719	+	272	34807211	48574
chr20	34758637	34958637	harbor1	chr20	34816237	34816505	LTR/ERVL-MaLR	1341	+	134	34816371	57734
chr20	34758637	34958637	harbor1	chr20	34858030	34858388	LTR/ERVL-MaLR	1050	+	179	34858209	99572
chr20	55891299	56091299	harbor1	chr20	55892724	55893322	LTR/ERVL-MaLR	1281	+	299	55893023	1724
chr20	55891299	56091299	harbor1	chr20	55909959	55910164	LTR/ERVL-MaLR	832	+	102	55910061	18762
chr20	55891299	56091299	harbor1	chr20	55910242	55910417	LTR/ERVL-MaLR	728	+	88	55910330	19031
chr20	55891299	56091299	harbor1	chr20	55911044	55911217	LTR/ERVL-MaLR	728	+	86	55911130	19831
chr20	55891299	56091299	harbor1	chr20	55923174	55923451	LTR/ERVL-MaLR	968	+	138	55923312	32013
chr20	55891299	56091299	harbor1	chr20	55929079	55929572	LTR/ERVL-MaLR	933	+	246	55929325	38026
chr20	55891299	56091299	harbor1	chr20	55937593	55937795	LTR/ERVL-MaLR	589	+	101	55937694	46395
chr20	55891299	56091299	harbor1	chr20	55960628	55960941	LTR/ERVL-MaLR	2305	+	156	55960784	69485
chr20	55891299	56091299	harbor1	chr20	55960942	55961299	LTR/ERVL-MaLR	2291	+	178	55961120	69821
chr20	55891299	56091299	harbor1	chr20	55961300	55961347	LTR/ERVL-MaLR	2305	+	24	55961324	70025
chr20	55891299	56091299	harbor1	chr20	55962703	55962994	LTR/ERVL-MaLR	491	+	146	55962849	71550
chr20	55891299	56091299	harbor1	chr20	55963439	55963546	LTR/ERVL-MaLR	1223	+	54	55963493	72194
chr20	55891299	56091299	harbor1	chr20	55963841	55964234	LTR/ERVL-MaLR	1223	+	196	55964037	72738
chr20	55891299	56091299	harbor1	chr20	55974882	55975028	LTR/ERVL-MaLR	812	+	73	55974955	83656
chr20	55891299	56091299	harbor1	chr20	55976574	55977067	LTR/ERVL-MaLR	766	+	246	55976820	85521
chr20	55891299	56091299	harbor1	chr20	55979878	55980066	LTR/ERVL-MaLR	1701	+	94	55979972	88673
chr20	55891299	56091299	harbor1	chr20	55980495	55980866	LTR/ERVL-MaLR	1701	+	186	55980681	89382
chr20	55891299	56091299	harbor1	chr20	55982226	55982633	LTR/ERVL-MaLR	1919	+	204	55982430	91131
chr20	29366170	29566170	harbor1	chr20	29390856	29391260	LTR/ERVL-MaLR	672	+	202	29391058	24888
chr20	29366170	29566170	harbor1	chr20	29465166	29465440	LTR/ERVL-MaLR	1288	+	137	29465303	99133
chr20	52563354	52763354	harbor1	chr20	52572636	52573037	LTR/ERVL-MaLR	1710	+	200	52572836	9482
chr20	52563354	52763354	harbor1	chr20	52588199	52588446	LTR/ERVL-MaLR	551	+	124	52588323	24969
chr20	52563354	52763354	harbor1	chr20	52599410	52599489	LTR/ERVL-MaLR	587	+	40	52599450	36096
chr20	52563354	52763354	harbor1	chr20	52599758	52599965	LTR/ERVL-MaLR	587	+	104	52599862	36508
chr20	52563354	52763354	harbor1	chr20	52599974	52600145	LTR/ERVL-MaLR	738	+	86	52600060	36706
chr20	52563354	52763354	harbor1	chr20	52600183	52600213	LTR/ERVL-MaLR	738	+	15	52600198	36844
chr20	52563354	52763354	harbor1	chr20	52600247	52600409	LTR/ERVL-MaLR	419	+	81	52600328	36974
chr20	52563354	52763354	harbor1	chr20	52605089	52605243	LTR/ERVL-MaLR	1827	+	77	52605166	41812
chr20	52563354	52763354	harbor1	chr20	52605545	52605752	LTR/ERVL-MaLR	1827	+	104	52605649	42295
chr20	52563354	52763354	harbor1	chr20	52612348	52612455	LTR/ERVL-MaLR	2184	+	54	52612402	49048
chr20	52563354	52763354	harbor1	chr20	52612456	52612811	LTR/ERVL-MaLR	2258	+	178	52612634	49280
chr20	52563354	52763354	harbor1	chr20	52612812	52613284	LTR/ERVL-MaLR	2184	+	236	52613048	49694
chr20	52563354	52763354	harbor1	chr20	52613488	52613674	LTR/ERVL-MaLR	597	+	93	52613581	50227
chr20	52563354	52763354	harbor1	chr20	52614869	52614995	LTR/ERVL-MaLR	434	+	63	52614932	51578
chr20	52563354	52763354	harbor1	chr20	52621727	52621866	LTR/ERVL-MaLR	419	+	70	52621797	58443
chr20	52563354	52763354	harbor1	chr20	52621888	52622185	LTR/ERVL-MaLR	558	+	148	52622036	58682
chr20	52563354	52763354	harbor1	chr20	52629503	52629864	LTR/ERVL-MaLR	2734	+	180	52629683	66329
chr20	52563354	52763354	harbor1	chr20	52630109	52630733	LTR/ERVL-MaLR	2504	+	312	52630421	67067
chr20	52563354	52763354	harbor1	chr20	52633494	52633962	LTR/ERVL-MaLR	542	+	234	52633728	70374
chr20	52563354	52763354	harbor1	chr20	52634007	52634375	LTR/ERVL-MaLR	1716	+	184	52634191	70837
chr20	52563354	52763354	harbor1	chr20	52634668	52634737	LTR/ERVL-MaLR	1716	+	34	52634702	71348
chr20	52563354	52763354	harbor1	chr20	52635725	52636029	LTR/ERVL-MaLR	802	+	152	52635877	72523
chr20	52563354	52763354	harbor1	chr20	52636042	52636506	LTR/ERVL-MaLR	2278	+	232	52636274	72920
chr20	52563354	52763354	harbor1	chr20	52636511	52636684	LTR/ERVL-MaLR	471	+	86	52636597	73243
chr20	52563354	52763354	harbor1	chr20	52645932	52646340	LTR/ERVL-MaLR	2642	+	204	52646136	82782
chr20	52563354	52763354	harbor1	chr20	52649344	52649811	LTR/ERVL-MaLR	2392	+	234	52649578	86224
chr20	22657682	22857682	harbor1	chr20	22668094	22668388	LTR/ERVL-MaLR	870	+	147	22668241	10559
chr20	22657682	22857682	harbor1	chr20	22677127	22677575	LTR/ERVL-MaLR	2015	+	224	22677351	19669
chr20	22657682	22857682	harbor1	chr20	22701073	22701419	LTR/ERVL-MaLR	448	+	173	22701246	43564
chr20	22657682	22857682	harbor1	chr20	22746221	22746797	LTR/ERVL-MaLR	2308	+	288	22746509	88827
chr20	30197384	30397384	harbor1	chr20	30216417	30216724	LTR/ERVL-MaLR	1298	+	154	30216571	19187
chr20	30197384	30397384	harbor1	chr20	30221545	30221648	LTR/ERVL-MaLR	1272	+	52	30221597	24213
chr20	30197384	30397384	harbor1	chr20	30221965	30222334	LTR/ERVL-MaLR	1272	+	184	30222149	24765
chr20	30197384	30397384	harbor1	chr20	30246243	30246586	LTR/ERVL-MaLR	2013	+	172	30246415	49031
chr20	30197384	30397384	harbor1	chr20	30228184	30228526	LTR/ERVL-MaLR	1637	+	171	30228355	30971
chr20	35958756	36158756	harbor1	chr20	36032208	36032576	LTR/ERVL-MaLR	2490	+	184	36032392	73636
chr20	35958756	36158756	harbor1	chr20	36054352	36054702	LTR/ERVL-MaLR	2479	+	175	36054527	95771
chr20	20127999	20327999	harbor1	chr20	20134905	20135378	LTR/ERVL-MaLR	1672	+	236	20135141	7142
chr20	20127999	20327999	harbor1	chr20	20218129	20218491	LTR/ERVL-MaLR	2832	+	181	20218310	90311
chr20	20127999	20327999	harbor1	chr20	20218492	20218631	LTR/ERVL-MaLR	661	+	70	20218562	90563
chr20	58030911	58230911	harbor1	chr20	58041827	58042163	LTR/ERVL-MaLR	2121	+	168	58041995	11084
chr20	58030911	58230911	harbor1	chr20	58067747	58068152	LTR/ERVL-MaLR	750	+	202	58067949	37038
chr20	58030911	58230911	harbor1	chr20	58068446	58068505	LTR/ERVL-MaLR	750	+	30	58068476	37565
chr20	58030911	58230911	harbor1	chr20	58072488	58072899	LTR/ERVL-MaLR	1346	+	206	58072694	41783
chr20	58030911	58230911	harbor1	chr20	58076088	58076354	LTR/ERVL-MaLR	535	+	133	58076221	45310
chr20	58030911	58230911	harbor1	chr20	58076562	58076805	LTR/ERVL-MaLR	600	+	122	58076684	45773
chr20	58030911	58230911	harbor1	chr20	58088500	58088824	LTR/ERVL-MaLR	500	+	162	58088662	57751
chr20	58030911	58230911	harbor1	chr20	58092230	58092534	LTR/ERVL-MaLR	715	+	152	58092382	61471
chr20	58030911	58230911	harbor1	chr20	58107054	58107340	LTR/ERVL-MaLR	901	+	143	58107197	76286
chr20	58030911	58230911	harbor1	chr20	58107994	58108327	LTR/ERVL-MaLR	1645	+	166	58108160	77249
chr20	58030911	58230911	harbor1	chr20	58108334	58109857	LTR/ERVL-MaLR	3267	+	762	58109096	78185
chr20	58030911	58230911	harbor1	chr20	58109870	58110216	LTR/ERVL-MaLR	1418	+	173	58110043	79132
chr20	58030911	58230911	harbor1	chr20	58112918	58113340	LTR/ERVL-MaLR	1551	+	211	58113129	82218
chr20	51830911	52030911	harbor1	chr20	51894938	51895081	LTR/ERVL-MaLR	752	+	72	51895010	64099
chr20	51830911	52030911	harbor1	chr20	51902894	51903210	LTR/ERVL-MaLR	823	+	158	51903052	72141
chr20	51830911	52030911	harbor1	chr20	51903513	51903681	LTR/ERVL-MaLR	823	+	84	51903597	72686
chr20	51830911	52030911	harbor1	chr20	51926829	51927151	LTR/ERVL-MaLR	1270	+	161	51926990	96079
chr20	23018105	23218105	harbor1	chr20	23096305	23096634	LTR/ERVL-MaLR	525	+	164	23096469	78364
chr20	10417114	10617114	harbor1	chr20	10443680	10444057	LTR/ERVL-MaLR	2115	+	188	10443868	26754
chr20	10417114	10617114	harbor1	chr20	10488112	10488553	LTR/ERVL-MaLR	1751	+	220	10488332	71218
chr20	2881387	3081387	harbor1	chr20	2929520	2929542	LTR/ERVL-MaLR	1498	+	11	2929531	48144
chr20	2881387	3081387	harbor1	chr20	2929843	2930146	LTR/ERVL-MaLR	1498	+	152	2929995	48608
chr20	41546184	41746184	harbor1	chr20	41593600	41593972	LTR/ERVL-MaLR	2086	+	186	41593786	47602
chr20	41546184	41746184	harbor1	chr20	41622025	41622380	LTR/ERVL-MaLR	904	+	178	41622203	76019
chr20	41546184	41746184	harbor1	chr20	41627131	41627640	LTR/ERVL-MaLR	2239	+	254	41627385	81201
chr20	41546184	41746184	harbor1	chr20	41636559	41637042	LTR/ERVL-MaLR	2336	+	242	41636801	90617
chr20	41546184	41746184	harbor1	chr20	41645076	41645327	LTR/ERVL-MaLR	1790	+	126	41645202	99018
chr20	28637453	28837453	harbor1	chr20	28647647	28647996	LTR/ERVL-MaLR	982	+	174	28647821	10368
chr20	9402040	9602040	harbor1	chr20	9495381	9495839	LTR/ERVL-MaLR	558	+	229	9495610	93570
chr20	6569772	6769772	harbor1	chr20	6585988	6586179	LTR/ERVL-MaLR	1022	+	96	6586084	16312
chr20	6569772	6769772	harbor1	chr20	6590393	6590733	LTR/ERVL-MaLR	2245	+	170	6590563	20791
chr20	6569772	6769772	harbor1	chr20	6648712	6649287	LTR/ERVL-MaLR	1991	+	288	6649000	79228
chr20	6569772	6769772	harbor1	chr20	6661628	6662172	LTR/ERVL-MaLR	1713	+	272	6661900	92128
chr20	19356745	19556745	harbor1	chr20	19356964	19357390	LTR/ERVL-MaLR	1719	+	213	19357177	432
chr20	19356745	19556745	harbor1	chr20	19437163	19437521	LTR/ERVL-MaLR	2277	+	179	19437342	80597
chr20	19356745	19556745	harbor1	chr20	19456243	19456604	LTR/ERVL-MaLR	2042	+	180	19456423	99678
chr20	31506248	31706248	harbor1	chr20	31507750	31508082	LTR/ERVL-MaLR	1001	+	166	31507916	1668
chr20	31506248	31706248	harbor1	chr20	31508374	31508456	LTR/ERVL-MaLR	1001	+	41	31508415	2167
chr20	39446282	39646282	harbor1	chr20	39492780	39493127	LTR/ERVL-MaLR	1975	+	174	39492954	46672
chr20	39446282	39646282	harbor1	chr20	39493778	39494199	LTR/ERVL-MaLR	1006	+	210	39493988	47706
chr20	39446282	39646282	harbor1	chr20	39504826	39505177	LTR/ERVL-MaLR	2317	+	176	39505002	58720
chr20	39446282	39646282	harbor1	chr20	39539504	39539955	LTR/ERVL-MaLR	1895	+	226	39539730	93448
chr20	39446282	39646282	harbor1	chr20	39542086	39542171	LTR/ERVL-MaLR	496	+	42	39542128	95846
chr20	39446282	39646282	harbor1	chr20	39542170	39542625	LTR/ERVL-MaLR	1664	+	228	39542398	96116
chr20	19048291	19248291	harbor1	chr20	19064002	19064328	LTR/ERVL-MaLR	1706	+	163	19064165	15874
chr20	19048291	19248291	harbor1	chr20	19064329	19065898	LTR/ERVL-MaLR	11428	+	784	19065113	16822
chr20	19048291	19248291	harbor1	chr20	19065899	19066277	LTR/ERVL-MaLR	2249	+	189	19066088	17797
chr20	19048291	19248291	harbor1	chr20	19066765	19067109	LTR/ERVL-MaLR	1743	+	172	19066937	18646
chr20	19048291	19248291	harbor1	chr20	19069002	19069156	LTR/ERVL-MaLR	1666	+	77	19069079	20788
chr20	19048291	19248291	harbor1	chr20	19069464	19069672	LTR/ERVL-MaLR	1666	+	104	19069568	21277
chr20	19048291	19248291	harbor1	chr20	19078732	19079084	LTR/ERVL-MaLR	1504	+	176	19078908	30617
chr20	19048291	19248291	harbor1	chr20	19091706	19092066	LTR/ERVL-MaLR	2353	+	180	19091886	43595
chr20	19048291	19248291	harbor1	chr20	19113507	19113974	LTR/ERVL-MaLR	1269	+	234	19113741	65450
chr20	19048291	19248291	harbor1	chr20	19115070	19115471	LTR/ERVL-MaLR	1544	+	200	19115270	66979
chr20	19048291	19248291	harbor1	chr20	19134827	19135192	LTR/ERVL-MaLR	1256	+	182	19135009	86718
chr20	19048291	19248291	harbor1	chr20	19143579	19144000	LTR/ERVL-MaLR	1420	+	210	19143789	95498
chr20	19048291	19248291	harbor1	chr20	19144830	19145298	LTR/ERVL-MaLR	1911	+	234	19145064	96773
chr20	42133499	42333499	harbor1	chr20	42157311	42157338	LTR/ERVL-MaLR	1643	+	14	42157325	23826
chr20	42133499	42333499	harbor1	chr20	42157620	42158169	LTR/ERVL-MaLR	1725	+	274	42157894	24395
chr20	42133499	42333499	harbor1	chr20	42169984	42170319	LTR/ERVL-MaLR	733	+	168	42170152	36653
chr20	42133499	42333499	harbor1	chr20	42183658	42184052	LTR/ERVL-MaLR	661	+	197	42183855	50356
chr20	42133499	42333499	harbor1	chr20	42184110	42184282	LTR/ERVL-MaLR	789	+	86	42184196	50697
chr20	42133499	42333499	harbor1	chr20	42213460	42213921	LTR/ERVL-MaLR	1666	+	230	42213690	80191
chr20	34050356	34250356	harbor1	chr20	34084517	34084917	LTR/ERVL-MaLR	785	+	200	34084717	34361
chr20	34050356	34250356	harbor1	chr20	34139780	34139949	LTR/ERVL-MaLR	899	+	84	34139864	89508
chr20	34050356	34250356	harbor1	chr20	34140252	34140307	LTR/ERVL-MaLR	899	+	28	34140280	89924
chr20	59417815	59617815	harbor1	chr20	59458696	59458994	LTR/ERVL-MaLR	795	+	149	59458845	41030
chr20	59417815	59617815	harbor1	chr20	59459029	59459534	LTR/ERVL-MaLR	2183	+	252	59459281	41466
chr20	59417815	59617815	harbor1	chr20	59459541	59459722	LTR/ERVL-MaLR	556	+	90	59459631	41816
chr20	59417815	59617815	harbor1	chr20	59463833	59464209	LTR/ERVL-MaLR	2423	+	188	59464021	46206
chr20	59417815	59617815	harbor1	chr20	59464740	59465146	LTR/ERVL-MaLR	1967	+	203	59464943	47128
chr20	59417815	59617815	harbor1	chr20	59504298	59504853	LTR/ERVL-MaLR	1418	+	278	59504576	86761
chr20	14234603	14434603	harbor1	chr20	14288151	14288305	LTR/ERVL-MaLR	578	+	77	14288228	53625
chr20	14234603	14434603	harbor1	chr20	14288301	14288465	LTR/ERVL-MaLR	571	+	82	14288383	53780
chr20	38757782	38957782	harbor1	chr20	38789156	38789220	LTR/ERVL-MaLR	1304	+	32	38789188	31406
chr20	38757782	38957782	harbor1	chr20	38789221	38789318	LTR/ERVL-MaLR	1943	+	48	38789269	31487
chr20	38757782	38957782	harbor1	chr20	38789631	38789920	LTR/ERVL-MaLR	1943	+	144	38789775	31993
chr20	38757782	38957782	harbor1	chr20	38789921	38790518	LTR/ERVL-MaLR	1304	+	298	38790219	32437
chr20	38757782	38957782	harbor1	chr20	38798129	38798571	LTR/ERVL-MaLR	2608	+	221	38798350	40568
chr20	23678846	23878846	harbor1	chr20	23706230	23706430	LTR/ERVL-MaLR	487	+	100	23706330	27484
chr20	23678846	23878846	harbor1	chr20	23728324	23728703	LTR/ERVL-MaLR	599	+	190	23728514	49668
chr20	23678846	23878846	harbor1	chr20	23768851	23769051	LTR/ERVL-MaLR	445	+	100	23768951	90105
chr20	1999665	2199665	harbor1	chr20	2028640	2028905	LTR/ERVL-MaLR	521	+	132	2028772	29107
chr20	1999665	2199665	harbor1	chr20	2032655	2032863	LTR/ERVL-MaLR	538	+	104	2032759	33094
chr20	1999665	2199665	harbor1	chr20	2046535	2047066	LTR/ERVL-MaLR	1308	+	266	2046801	47136
chr20	1999665	2199665	harbor1	chr20	2051990	2052092	LTR/ERVL-MaLR	625	+	51	2052041	52376
chr20	1999665	2199665	harbor1	chr20	2065074	2065205	LTR/ERVL-MaLR	546	+	66	2065140	65475
chr20	1999665	2199665	harbor1	chr20	2098979	2099103	LTR/ERVL-MaLR	737	+	62	2099041	99376
chr20	47287166	47487166	harbor1	chr20	47293764	47294072	LTR/ERVL-MaLR	1939	+	154	47293918	6752
chr20	47287166	47487166	harbor1	chr20	47294382	47294448	LTR/ERVL-MaLR	1939	+	33	47294415	7249
chr20	47287166	47487166	harbor1	chr20	47301787	47302161	LTR/ERVL-MaLR	2716	+	187	47301974	14808
chr20	47287166	47487166	harbor1	chr20	47307012	47307164	LTR/ERVL-MaLR	778	+	76	47307088	19922
chr20	47287166	47487166	harbor1	chr20	47375398	47375486	LTR/ERVL-MaLR	858	+	44	47375442	88276
chr20	47287166	47487166	harbor1	chr20	47375784	47375879	LTR/ERVL-MaLR	858	+	48	47375832	88666
chr20	47287166	47487166	harbor1	chr20	47376176	47376266	LTR/ERVL-MaLR	601	+	45	47376221	89055
chr20	47287166	47487166	harbor1	chr20	47377202	47377493	LTR/ERVL-MaLR	1225	+	146	47377348	90182
chr20	17346552	17546552	harbor1	chr20	17375845	17376301	LTR/ERVL-MaLR	967	+	228	17376073	29521
chr20	17346552	17546552	harbor1	chr20	17379601	17380216	LTR/ERVL-MaLR	3232	+	308	17379909	33357
chr20	17346552	17546552	harbor1	chr20	17426068	17426431	LTR/ERVL-MaLR	2206	+	182	17426250	79698
chr20	17346552	17546552	harbor1	chr20	17441840	17442186	LTR/ERVL-MaLR	1889	+	173	17442013	95461
chr20	25506175	25706175	harbor1	chr20	25508974	25509339	LTR/ERVL-MaLR	986	+	182	25509156	2981
chr20	25506175	25706175	harbor1	chr20	25512420	25512594	LTR/ERVL-MaLR	884	+	87	25512507	6332
chr20	25506175	25706175	harbor1	chr20	25513581	25513962	LTR/ERVL-MaLR	2273	+	190	25513771	7596
chr20	25506175	25706175	harbor1	chr20	25513963	25515576	LTR/ERVL-MaLR	10046	+	806	25514769	8594
chr20	25506175	25706175	harbor1	chr20	25515592	25515759	LTR/ERVL-MaLR	2218	+	84	25515676	9501
chr20	25506175	25706175	harbor1	chr20	25516074	25516308	LTR/ERVL-MaLR	2218	+	117	25516191	10016
chr20	25506175	25706175	harbor1	chr20	25570230	25570639	LTR/ERVL-MaLR	2520	+	204	25570434	64259
chr20	25506175	25706175	harbor1	chr20	25597683	25598037	LTR/ERVL-MaLR	2470	+	177	25597860	91685
chr21	24631959	24831959	harbor1	chr21	24650832	24651247	LTR/ERVL-MaLR	1656	+	208	24651040	19081
chr21	24631959	24831959	harbor1	chr21	24678828	24679178	LTR/ERVL-MaLR	1379	+	175	24679003	47044
chr21	24631959	24831959	harbor1	chr21	24691938	24692267	LTR/ERVL-MaLR	984	+	164	24692102	60143
chr21	24631959	24831959	harbor1	chr21	24721269	24721669	LTR/ERVL-MaLR	1495	+	200	24721469	89510
chr21	34625073	34825073	harbor1	chr21	34683531	34683888	LTR/ERVL-MaLR	2143	+	178	34683709	58636
chr21	34625073	34825073	harbor1	chr21	34686475	34687081	LTR/ERVL-MaLR	1412	+	303	34686778	61705
chr21	34625073	34825073	harbor1	chr21	34693806	34693944	LTR/ERVL-MaLR	1102	+	69	34693875	68802
chr21	34625073	34825073	harbor1	chr21	34694279	34694298	LTR/ERVL-MaLR	1102	+	10	34694289	69216
chr21	34625073	34825073	harbor1	chr21	34694471	34694764	LTR/ERVL-MaLR	1612	+	146	34694617	69544
chr21	34625073	34825073	harbor1	chr21	34715210	34715619	LTR/ERVL-MaLR	1426	+	204	34715414	90341
chr21	16973945	17173945	harbor1	chr21	16997496	16997960	LTR/ERVL-MaLR	1458	+	232	16997728	23783
chr21	16973945	17173945	harbor1	chr21	17009582	17009939	LTR/ERVL-MaLR	2427	+	178	17009760	35815
chr21	15635602	15835602	harbor1	chr21	15647851	15648219	LTR/ERVL-MaLR	1984	+	184	15648035	12433
chr21	15635602	15835602	harbor1	chr21	15665110	15665460	LTR/ERVL-MaLR	1978	+	175	15665285	29683
chr21	15635602	15835602	harbor1	chr21	15675745	15676062	LTR/ERVL-MaLR	1391	+	158	15675903	40301
chr21	15635602	15835602	harbor1	chr21	15676696	15677165	LTR/ERVL-MaLR	883	+	234	15676930	41328
chr21	15635602	15835602	harbor1	chr21	15687193	15687553	LTR/ERVL-MaLR	1895	+	180	15687373	51771
chr21	15635602	15835602	harbor1	chr21	15702632	15703055	LTR/ERVL-MaLR	2651	+	212	15702844	67242
chr21	15635602	15835602	harbor1	chr21	15705122	15705463	LTR/ERVL-MaLR	2122	+	170	15705292	69690
chr21	15635602	15835602	harbor1	chr21	15720053	15720229	LTR/ERVL-MaLR	2193	+	88	15720141	84539
chr21	15635602	15835602	harbor1	chr21	15720552	15720809	LTR/ERVL-MaLR	2193	+	128	15720680	85078
chr21	15635602	15835602	harbor1	chr21	15725987	15726376	LTR/ERVL-MaLR	1672	+	194	15726181	90579
chr21	30498359	30698359	harbor1	chr21	30516549	30516912	LTR/ERVL-MaLR	2641	+	182	30516731	18372
chr21	30498359	30698359	harbor1	chr21	30535547	30536013	LTR/ERVL-MaLR	1451	+	233	30535780	37421
chr21	30498359	30698359	harbor1	chr21	30556700	30557019	LTR/ERVL-MaLR	614	+	160	30556860	58501
chr21	30498359	30698359	harbor1	chr21	30557028	30557146	LTR/ERVL-MaLR	443	+	59	30557087	58728
chr21	30498359	30698359	harbor1	chr21	30558895	30559211	LTR/ERVL-MaLR	1517	+	158	30559053	60694
chr21	30498359	30698359	harbor1	chr21	30559203	30559537	LTR/ERVL-MaLR	2228	+	167	30559370	61011
chr21	30498359	30698359	harbor1	chr21	30559538	30559975	LTR/ERVL-MaLR	2391	+	218	30559756	61397
chr21	30498359	30698359	harbor1	chr21	30578162	30578595	LTR/ERVL-MaLR	1470	+	216	30578378	80019
chr21	14491627	14691627	harbor1	chr21	14503057	14503588	LTR/ERVL-MaLR	1631	+	266	14503323	11696
chr21	14491627	14691627	harbor1	chr21	14535513	14535933	LTR/ERVL-MaLR	1608	+	210	14535723	44096
chr21	14491627	14691627	harbor1	chr21	14552329	14552695	LTR/ERVL-MaLR	1953	+	183	14552512	60885
chr21	14491627	14691627	harbor1	chr21	14561592	14562080	LTR/ERVL-MaLR	1807	+	244	14561836	70209
chr21	14612836	14812836	harbor1	chr21	14620192	14620551	LTR/ERVL-MaLR	1896	+	180	14620372	7536
chr21	14612836	14812836	harbor1	chr21	14663250	14663580	LTR/ERVL-MaLR	920	+	165	14663415	50579
chr21	14612836	14812836	harbor1	chr21	14670106	14670471	LTR/ERVL-MaLR	2328	+	182	14670288	57452
chr21	14612836	14812836	harbor1	chr21	14683231	14683564	LTR/ERVL-MaLR	1671	+	166	14683397	70561
chr21	14612836	14812836	harbor1	chr21	14696751	14696843	LTR/ERVL-MaLR	554	+	46	14696797	83961
chr21	14612836	14812836	harbor1	chr21	14697586	14697846	LTR/ERVL-MaLR	984	+	130	14697716	84880
chr21	20000894	20200894	harbor1	chr21	20015008	20015366	LTR/ERVL-MaLR	1757	+	179	20015187	14293
chr21	20000894	20200894	harbor1	chr21	20036415	20036780	LTR/ERVL-MaLR	2269	+	182	20036597	35703
chr21	20000894	20200894	harbor1	chr21	20038352	20038718	LTR/ERVL-MaLR	2095	+	183	20038535	37641
chr21	20000894	20200894	harbor1	chr21	20048180	20048252	LTR/ERVL-MaLR	1872	+	36	20048216	47322
chr21	20000894	20200894	harbor1	chr21	20049055	20049348	LTR/ERVL-MaLR	1872	+	146	20049201	48307
chr21	20000894	20200894	harbor1	chr21	20049349	20050846	LTR/ERVL-MaLR	8563	+	748	20050097	49203
chr21	20000894	20200894	harbor1	chr21	20050847	20050992	LTR/ERVL-MaLR	693	+	72	20050919	50025
chr21	20000894	20200894	harbor1	chr21	20058654	20058935	LTR/ERVL-MaLR	1261	+	140	20058794	57900
chr21	20000894	20200894	harbor1	chr21	20083589	20083998	LTR/ERVL-MaLR	1351	+	204	20083793	82899
chr21	20000894	20200894	harbor1	chr21	20084900	20085279	LTR/ERVL-MaLR	2309	+	190	20085090	84196
chr21	20000894	20200894	harbor1	chr21	20036781	20038351	LTR/ERVL-MaLR	11572	+	785	20037566	36672
chr21	37130125	37330125	harbor1	chr21	37206534	37206893	LTR/ERVL-MaLR	1818	+	180	37206714	76589
chr21	24448367	24648367	harbor1	chr21	24457877	24458012	LTR/ERVL-MaLR	468	+	68	24457945	9578
chr21	24448367	24648367	harbor1	chr21	24465320	24465670	LTR/ERVL-MaLR	1679	+	175	24465495	17128
chr21	24448367	24648367	harbor1	chr21	24465674	24466112	LTR/ERVL-MaLR	2281	+	219	24465893	17526
chr21	44467263	44667263	harbor1	chr21	44476117	44476460	LTR/ERVL-MaLR	1879	+	172	44476289	9026
chr21	44467263	44667263	harbor1	chr21	44543509	44543910	LTR/ERVL-MaLR	1025	+	200	44543709	76446
chr21	44467263	44667263	harbor1	chr21	44554055	44554413	LTR/ERVL-MaLR	1670	+	179	44554234	86971
chr21	42450690	42650690	harbor1	chr21	42451150	42451222	LTR/ERVL-MaLR	568	+	36	42451186	496
chr21	42450690	42650690	harbor1	chr21	42461243	42461601	LTR/ERVL-MaLR	2097	+	179	42461422	10732
chr21	42450690	42650690	harbor1	chr21	42481018	42481446	LTR/ERVL-MaLR	2546	+	214	42481232	30542
chr21	20256392	20456392	harbor1	chr21	20268312	20268725	LTR/ERVL-MaLR	1832	+	206	20268518	12126
chr21	20256392	20456392	harbor1	chr21	20274993	20275011	LTR/ERVL-MaLR	1213	+	9	20275002	18610
chr21	20256392	20456392	harbor1	chr21	20275417	20275769	LTR/ERVL-MaLR	1213	+	176	20275593	19201
chr21	20256392	20456392	harbor1	chr21	20280322	20280684	LTR/ERVL-MaLR	2357	+	181	20280503	24111
chr21	20256392	20456392	harbor1	chr21	20281292	20281595	LTR/ERVL-MaLR	700	+	152	20281444	25052
chr21	20256392	20456392	harbor1	chr21	20285635	20286017	LTR/ERVL-MaLR	1319	+	191	20285826	29434
chr21	20256392	20456392	harbor1	chr21	20286330	20286415	LTR/ERVL-MaLR	1319	+	42	20286372	29980
chr21	20256392	20456392	harbor1	chr21	20326016	20326187	LTR/ERVL-MaLR	1349	+	86	20326102	69710
chr21	20256392	20456392	harbor1	chr21	20326488	20326711	LTR/ERVL-MaLR	1349	+	112	20326600	70208
chr21	20256392	20456392	harbor1	chr21	20337821	20338140	LTR/ERVL-MaLR	528	+	160	20337981	81589
chr21	20256392	20456392	harbor1	chr21	20299488	20299835	LTR/ERVL-MaLR	1425	+	174	20299662	43270
chr21	34311097	34511097	harbor1	chr21	34314521	34314887	LTR/ERVL-MaLR	2309	+	183	34314704	3607
chr21	34311097	34511097	harbor1	chr21	34315220	34315329	LTR/ERVL-MaLR	2309	+	54	34315274	4177
chr21	34311097	34511097	harbor1	chr21	34323261	34323659	LTR/ERVL-MaLR	1889	+	199	34323460	12363
chr21	34311097	34511097	harbor1	chr21	34323888	34324385	LTR/ERVL-MaLR	1520	+	248	34324136	13039
chr21	34311097	34511097	harbor1	chr21	34352563	34352995	LTR/ERVL-MaLR	2854	+	216	34352779	41682
chr21	34311097	34511097	harbor1	chr21	34355173	34355413	LTR/ERVL-MaLR	1281	+	120	34355293	44196
chr21	34311097	34511097	harbor1	chr21	34355721	34356107	LTR/ERVL-MaLR	1306	+	193	34355914	44817
chr21	34311097	34511097	harbor1	chr21	34379970	34380327	LTR/ERVL-MaLR	1142	+	178	34380148	69051
chr21	34311097	34511097	harbor1	chr21	34393988	34394391	LTR/ERVL-MaLR	1263	+	202	34394190	83093
chr21	34311097	34511097	harbor1	chr21	34397164	34397355	LTR/ERVL-MaLR	897	+	96	34397260	86163
chr21	34311097	34511097	harbor1	chr21	34397385	34397495	LTR/ERVL-MaLR	524	+	55	34397440	86343
chr21	34311097	34511097	harbor1	chr21	34408247	34408630	LTR/ERVL-MaLR	720	+	192	34408439	97342
chr21	16792096	16992096	harbor1	chr21	16809222	16809587	LTR/ERVL-MaLR	2117	+	182	16809404	17308
chr21	16792096	16992096	harbor1	chr21	16826749	16827082	LTR/ERVL-MaLR	1605	+	166	16826915	34819
chr21	16792096	16992096	harbor1	chr21	16891366	16891841	LTR/ERVL-MaLR	1548	+	238	16891604	99508
chr21	26408972	26608972	harbor1	chr21	26413662	26414030	LTR/ERVL-MaLR	2614	+	184	26413846	4874
chr21	26408972	26608972	harbor1	chr21	26433247	26433672	LTR/ERVL-MaLR	1774	+	212	26433459	24487
chr21	26408972	26608972	harbor1	chr21	26444641	26445095	LTR/ERVL-MaLR	1783	+	227	26444868	35896
chr21	26408972	26608972	harbor1	chr21	26446357	26446652	LTR/ERVL-MaLR	1012	+	148	26446505	37533
chr21	26408972	26608972	harbor1	chr21	26463895	26464459	LTR/ERVL-MaLR	2094	+	282	26464177	55205
chr21	26408972	26608972	harbor1	chr21	26470357	26470728	LTR/ERVL-MaLR	1957	+	186	26470543	61571
chr21	26408972	26608972	harbor1	chr21	26488610	26488994	LTR/ERVL-MaLR	475	+	192	26488802	79830
chr21	26408972	26608972	harbor1	chr21	26499117	26499542	LTR/ERVL-MaLR	848	+	212	26499329	90357
chr21	39743786	39943786	harbor1	chr21	39807925	39808156	LTR/ERVL-MaLR	1421	+	116	39808041	64255
chr21	39743786	39943786	harbor1	chr21	39808157	39808591	LTR/ERVL-MaLR	2417	+	217	39808374	64588
chr21	39743786	39943786	harbor1	chr21	39814712	39815083	LTR/ERVL-MaLR	1525	+	186	39814898	71112
chr21	39743786	39943786	harbor1	chr21	39817156	39817388	LTR/ERVL-MaLR	1548	+	116	39817272	73486
chr21	39743786	39943786	harbor1	chr21	39823302	39823872	LTR/ERVL-MaLR	2239	+	285	39823587	79801
chr21	39743786	39943786	harbor1	chr21	39832611	39833041	LTR/ERVL-MaLR	1671	+	215	39832826	89040
chr21	15464659	15664659	harbor1	chr21	15464980	15465078	LTR/ERVL-MaLR	1558	+	49	15465029	370
chr21	15464659	15664659	harbor1	chr21	15465079	15465440	LTR/ERVL-MaLR	2056	+	180	15465259	600
chr21	15464659	15664659	harbor1	chr21	15465441	15465776	LTR/ERVL-MaLR	1558	+	168	15465609	950
chr21	15464659	15664659	harbor1	chr21	15505434	15505825	LTR/ERVL-MaLR	2141	+	196	15505630	40971
chr21	15464659	15664659	harbor1	chr21	15507561	15508039	LTR/ERVL-MaLR	1493	+	239	15507800	43141
chr21	15464659	15664659	harbor1	chr21	15529914	15530302	LTR/ERVL-MaLR	2064	+	194	15530108	65449
chr21	15464659	15664659	harbor1	chr21	15530773	15531138	LTR/ERVL-MaLR	1706	+	182	15530955	66296
chr21	15464659	15664659	harbor1	chr21	15536737	15536968	LTR/ERVL-MaLR	668	+	116	15536853	72194
chr21	44316983	44516983	harbor1	chr21	44415222	44415652	LTR/ERVL-MaLR	1399	+	215	44415437	98454
chr21	32838069	33038069	harbor1	chr21	32840728	32841087	LTR/ERVL-MaLR	2380	+	180	32840908	2839
chr21	32838069	33038069	harbor1	chr21	32841380	32841422	LTR/ERVL-MaLR	2380	+	21	32841401	3332
chr21	32838069	33038069	harbor1	chr21	32842477	32842742	LTR/ERVL-MaLR	1453	+	132	32842609	4540
chr21	32838069	33038069	harbor1	chr21	32869698	32870074	LTR/ERVL-MaLR	2453	+	188	32869886	31817
chr21	32838069	33038069	harbor1	chr21	32891806	32892078	LTR/ERVL-MaLR	861	+	136	32891942	53873
chr21	32838069	33038069	harbor1	chr21	32895615	32895778	LTR/ERVL-MaLR	601	+	82	32895697	57628
chr21	32838069	33038069	harbor1	chr21	32933531	32933912	LTR/ERVL-MaLR	2165	+	190	32933721	95652
chr21	32838069	33038069	harbor1	chr21	32937050	32937414	LTR/ERVL-MaLR	2757	+	182	32937232	99163
chr21	33991353	34191353	harbor1	chr21	34017454	34017731	LTR/ERVL-MaLR	598	+	138	34017592	26239
chr21	33991353	34191353	harbor1	chr21	34025447	34025881	LTR/ERVL-MaLR	1686	+	217	34025664	34311
chr21	33991353	34191353	harbor1	chr21	34030341	34030589	LTR/ERVL-MaLR	652	+	124	34030465	39112
chr21	33991353	34191353	harbor1	chr21	34033452	34033833	LTR/ERVL-MaLR	1261	+	190	34033642	42289
chr21	33991353	34191353	harbor1	chr21	34034126	34034183	LTR/ERVL-MaLR	1261	+	28	34034154	42801
chr21	33991353	34191353	harbor1	chr21	34061270	34061673	LTR/ERVL-MaLR	1798	+	202	34061472	70119
chr21	33991353	34191353	harbor1	chr21	34063880	34064229	LTR/ERVL-MaLR	681	+	174	34064054	72701
chr21	46399461	46599461	harbor1	chr21	46450076	46450446	LTR/ERVL-MaLR	2342	+	185	46450261	50800
chr21	46399461	46599461	harbor1	chr21	46450735	46450771	LTR/ERVL-MaLR	2342	+	18	46450753	51292
chr21	46399461	46599461	harbor1	chr21	46455558	46456078	LTR/ERVL-MaLR	1305	+	260	46455818	56357
chr21	46399461	46599461	harbor1	chr21	46456266	46456723	LTR/ERVL-MaLR	1961	+	228	46456494	57033
chr21	46399461	46599461	harbor1	chr21	46472033	46472359	LTR/ERVL-MaLR	1610	+	163	46472196	72735
chr21	46399461	46599461	harbor1	chr21	46492531	46492680	LTR/ERVL-MaLR	1414	+	74	46492605	93144
chr21	46399461	46599461	harbor1	chr21	46492957	46493170	LTR/ERVL-MaLR	1414	+	106	46493063	93602
chr21	44997121	45197121	harbor1	chr21	45004931	45005334	LTR/ERVL-MaLR	2063	+	202	45005133	8012
chr21	44997121	45197121	harbor1	chr21	45017374	45017604	LTR/ERVL-MaLR	615	+	115	45017489	20368
chr21	44997121	45197121	harbor1	chr21	45062664	45062820	LTR/ERVL-MaLR	977	+	78	45062742	65621
chr21	44997121	45197121	harbor1	chr21	45063118	45063182	LTR/ERVL-MaLR	977	+	32	45063150	66029
chr21	44997121	45197121	harbor1	chr21	45063371	45063497	LTR/ERVL-MaLR	687	+	63	45063434	66313
chr21	19130418	19330418	harbor1	chr21	19133832	19134485	LTR/ERVL-MaLR	1866	+	326	19134158	3740
chr21	19130418	19330418	harbor1	chr21	19154026	19154550	LTR/ERVL-MaLR	1298	+	262	19154288	23870
chr21	19130418	19330418	harbor1	chr21	19176533	19176861	LTR/ERVL-MaLR	509	+	164	19176697	46279
chr21	19130418	19330418	harbor1	chr21	19177320	19177339	LTR/ERVL-MaLR	509	+	10	19177330	46912
chr21	19130418	19330418	harbor1	chr21	19202626	19202810	LTR/ERVL-MaLR	949	+	92	19202718	72300
chr21	19130418	19330418	harbor1	chr21	19203390	19203577	LTR/ERVL-MaLR	770	+	94	19203484	73066
chr21	19130418	19330418	harbor1	chr21	19211106	19211523	LTR/ERVL-MaLR	2310	+	208	19211314	80896
chr21	19130418	19330418	harbor1	chr21	19212221	19212408	LTR/ERVL-MaLR	729	+	94	19212315	81897
chr21	19130418	19330418	harbor1	chr21	19218662	19219033	LTR/ERVL-MaLR	2568	+	186	19218848	88430
chr21	19130418	19330418	harbor1	chr21	19226682	19226859	LTR/ERVL-MaLR	679	+	88	19226770	96352
chr21	19130418	19330418	harbor1	chr21	19227243	19227439	LTR/ERVL-MaLR	1264	+	98	19227341	96923
chr21	18121982	18321982	harbor1	chr21	18146323	18146700	LTR/ERVL-MaLR	2196	+	188	18146511	24529
chr21	18121982	18321982	harbor1	chr21	18147776	18148009	LTR/ERVL-MaLR	441	+	116	18147892	25910
chr21	18121982	18321982	harbor1	chr21	18159596	18160089	LTR/ERVL-MaLR	1460	+	246	18159842	37860
chr21	18121982	18321982	harbor1	chr21	18200677	18201088	LTR/ERVL-MaLR	1416	+	206	18200883	78901
chr21	18121982	18321982	harbor1	chr21	18202291	18202683	LTR/ERVL-MaLR	981	+	196	18202487	80505
chr21	13893683	14093683	harbor1	chr21	13893742	13893985	LTR/ERVL-MaLR	983	+	122	13893864	181
chr21	13893683	14093683	harbor1	chr21	13896826	13897070	LTR/ERVL-MaLR	839	+	122	13896948	3265
chr21	13893683	14093683	harbor1	chr21	13899875	13900028	LTR/ERVL-MaLR	594	+	76	13899951	6268
chr21	13893683	14093683	harbor1	chr21	13900337	13900577	LTR/ERVL-MaLR	733	+	120	13900457	6774
chr21	13893683	14093683	harbor1	chr21	13903006	13903155	LTR/ERVL-MaLR	523	+	74	13903080	9397
chr21	13893683	14093683	harbor1	chr21	13903461	13903702	LTR/ERVL-MaLR	836	+	120	13903581	9898
chr21	13893683	14093683	harbor1	chr21	13903960	13904111	LTR/ERVL-MaLR	545	+	76	13904036	10353
chr21	13893683	14093683	harbor1	chr21	13920454	13920832	LTR/ERVL-MaLR	826	+	189	13920643	26960
chr22	10485187	10685187	harbor1	chr22	10518784	10519114	LTR/ERVL-MaLR	1234	+	165	10518949	33762
chr22	10485187	10685187	harbor1	chr22	10522244	10522328	LTR/ERVL-MaLR	1424	+	42	10522286	37099
chr22	10485187	10685187	harbor1	chr22	10522645	10522926	LTR/ERVL-MaLR	1424	+	140	10522785	37598
chr22	10485187	10685187	harbor1	chr22	10565875	10566295	LTR/ERVL-MaLR	1749	+	210	10566085	80898
chr22	10485187	10685187	harbor1	chr22	10575468	10575893	LTR/ERVL-MaLR	764	+	212	10575680	90493
chr22	10485187	10685187	harbor1	chr22	10580981	10581310	LTR/ERVL-MaLR	1984	+	164	10581145	95958
chr22	18456220	18656220	harbor1	chr22	18539769	18540099	LTR/ERVL-MaLR	693	+	165	18539934	83714
chr22	45598581	45798581	harbor1	chr22	45651287	45651684	LTR/ERVL-MaLR	1951	+	198	45651485	52904
chr22	45598581	45798581	harbor1	chr22	45651989	45652131	LTR/ERVL-MaLR	1951	+	71	45652060	53479
chr22	45598581	45798581	harbor1	chr22	45675304	45675783	LTR/ERVL-MaLR	2463	+	240	45675544	76963
chr22	45598581	45798581	harbor1	chr22	45693253	45693288	LTR/ERVL-MaLR	2115	+	18	45693271	94690
chr22	45598581	45798581	harbor1	chr22	45693659	45693953	LTR/ERVL-MaLR	2115	+	147	45693806	95225
chr22	41920564	42120564	harbor1	chr22	41965419	41965742	LTR/ERVL-MaLR	1118	+	162	41965581	45017
chr22	41920564	42120564	harbor1	chr22	41966354	41966431	LTR/ERVL-MaLR	1118	+	38	41966392	45828
chr22	22161368	22361368	harbor1	chr22	22169121	22169575	LTR/ERVL-MaLR	1135	+	227	22169348	7980
chr22	22161368	22361368	harbor1	chr22	22185821	22185940	LTR/ERVL-MaLR	582	+	60	22185881	24513
chr22	22161368	22361368	harbor1	chr22	22231435	22231777	LTR/ERVL-MaLR	1533	+	171	22231606	70238
chr22	38509582	38709582	harbor1	chr22	38510694	38510943	LTR/ERVL-MaLR	1026	+	124	38510818	1236
chr22	38509582	38709582	harbor1	chr22	38511766	38511970	LTR/ERVL-MaLR	809	+	102	38511868	2286
chr22	38509582	38709582	harbor1	chr22	38512273	38512525	LTR/ERVL-MaLR	809	+	126	38512399	2817
chr22	38509582	38709582	harbor1	chr22	38513954	38514146	LTR/ERVL-MaLR	729	+	96	38514050	4468
chr22	38509582	38709582	harbor1	chr22	38515925	38515966	LTR/ERVL-MaLR	729	+	20	38515945	6363
chr22	38509582	38709582	harbor1	chr22	38588967	38589356	LTR/ERVL-MaLR	1460	+	194	38589161	79579
chr22	38509582	38709582	harbor1	chr22	38590443	38590664	LTR/ERVL-MaLR	500	+	110	38590553	80971
chr22	38509582	38709582	harbor1	chr22	38592472	38592799	LTR/ERVL-MaLR	806	+	164	38592636	83054
chr22	44905154	45105154	harbor1	chr22	44910418	44910770	LTR/ERVL-MaLR	2253	+	176	44910594	5440
chr22	44905154	45105154	harbor1	chr22	44910771	44912352	LTR/ERVL-MaLR	12094	+	790	44911561	6407
chr22	44905154	45105154	harbor1	chr22	44912353	44912702	LTR/ERVL-MaLR	2409	+	174	44912527	7373
chr22	44905154	45105154	harbor1	chr22	44924392	44924772	LTR/ERVL-MaLR	1819	+	190	44924582	19428
chr22	44905154	45105154	harbor1	chr22	44994173	44994608	LTR/ERVL-MaLR	1477	+	218	44994391	89237
chr22	42598210	42798210	harbor1	chr22	42604817	42605113	LTR/ERVL-MaLR	1964	+	148	42604965	6755
chr22	42598210	42798210	harbor1	chr22	42605425	42605492	LTR/ERVL-MaLR	1964	+	34	42605459	7249
chr22	42598210	42798210	harbor1	chr22	42674329	42674538	LTR/ERVL-MaLR	557	+	104	42674433	76223
chr22	42598210	42798210	harbor1	chr22	42677199	42677513	LTR/ERVL-MaLR	1694	+	157	42677356	79146
chr22	42598210	42798210	harbor1	chr22	42677835	42677880	LTR/ERVL-MaLR	1694	+	22	42677857	79647
chr22	42598210	42798210	harbor1	chr22	42677881	42679477	LTR/ERVL-MaLR	10156	+	798	42678679	80469
chr22	42598210	42798210	harbor1	chr22	42679478	42679892	LTR/ERVL-MaLR	2037	+	207	42679685	81475
chr22	44176045	44376045	harbor1	chr22	44178032	44178194	LTR/ERVL-MaLR	994	+	81	44178113	2068
chr22	44176045	44376045	harbor1	chr22	44229819	44230011	LTR/ERVL-MaLR	596	+	96	44229915	53870
chr22	44176045	44376045	harbor1	chr22	44230045	44230711	LTR/ERVL-MaLR	892	+	333	44230378	54333
chr22	44176045	44376045	harbor1	chr22	44230891	44231107	LTR/ERVL-MaLR	567	+	108	44230999	54954
chr22	44176045	44376045	harbor1	chr22	44231378	44231534	LTR/ERVL-MaLR	534	+	78	44231456	55411
chr22	44176045	44376045	harbor1	chr22	44232416	44232628	LTR/ERVL-MaLR	1024	+	106	44232522	56477
chr22	44176045	44376045	harbor1	chr22	44232766	44232913	LTR/ERVL-MaLR	941	+	74	44232840	56795
chr22	44176045	44376045	harbor1	chr22	44235847	44235975	LTR/ERVL-MaLR	732	+	64	44235911	59866
chr22	44176045	44376045	harbor1	chr22	44263522	44263939	LTR/ERVL-MaLR	1412	+	208	44263730	87685
chr22	44176045	44376045	harbor1	chr22	44265116	44265677	LTR/ERVL-MaLR	1597	+	280	44265396	89351
chr22	42045353	42245353	harbor1	chr22	42096442	42096780	LTR/ERVL-MaLR	1900	+	169	42096611	51258
chr22	21385089	21585089	harbor1	chr22	21479126	21479456	LTR/ERVL-MaLR	693	+	165	21479291	94202
chr22	21431225	21631225	harbor1	chr22	21479126	21479456	LTR/ERVL-MaLR	693	+	165	21479291	48066
chr22	19759481	19959481	harbor1	chr22	19769714	19769806	LTR/ERVL-MaLR	478	+	46	19769760	10279
chr22	19759481	19959481	harbor1	chr22	19782839	19783133	LTR/ERVL-MaLR	478	+	147	19782986	23505
chr22	19759481	19959481	harbor1	chr22	19846572	19846918	LTR/ERVL-MaLR	1879	+	173	19846745	87264
chr22	15230986	15430986	harbor1	chr22	15306575	15306946	LTR/ERVL-MaLR	1982	+	186	15306761	75775
chr22	15230986	15430986	harbor1	chr22	15307019	15308156	LTR/ERVL-MaLR	6847	+	568	15307587	76601
chr22	24879023	25079023	harbor1	chr22	24978111	24978466	LTR/ERVL-MaLR	2492	+	178	24978289	99266
chr22	16104386	16304386	harbor1	chr22	16171208	16172353	LTR/ERVL-MaLR	6654	+	572	16171780	67394
chr22	16104386	16304386	harbor1	chr22	16170772	16171143	LTR/ERVL-MaLR	1952	+	186	16170958	66572
chr22	48734214	48934214	harbor1	chr22	48741490	48741849	LTR/ERVL-MaLR	1280	+	180	48741670	7456
chr22	48734214	48934214	harbor1	chr22	48749088	48749245	LTR/ERVL-MaLR	503	+	78	48749166	14952
chr22	48734214	48934214	harbor1	chr22	48781763	48782044	LTR/ERVL-MaLR	947	+	140	48781903	47689
chr22	48734214	48934214	harbor1	chr22	48784922	48785213	LTR/ERVL-MaLR	1088	+	146	48785068	50854
chr22	39592622	39792622	harbor1	chr22	39611992	39612381	LTR/ERVL-MaLR	2162	+	194	39612186	19564
chr22	27833544	28033544	harbor1	chr22	27871720	27872081	LTR/ERVL-MaLR	1817	+	180	27871900	38356
chr22	27833544	28033544	harbor1	chr22	27872394	27872457	LTR/ERVL-MaLR	1817	+	32	27872426	38882
chr22	27833544	28033544	harbor1	chr22	27891489	27891855	LTR/ERVL-MaLR	1636	+	183	27891672	58128
chr22	36652013	36852013	harbor1	chr22	36687060	36687354	LTR/ERVL-MaLR	641	+	147	36687207	35194
chr22	36652013	36852013	harbor1	chr22	36687564	36688051	LTR/ERVL-MaLR	2100	+	244	36687808	35795
chr22	36652013	36852013	harbor1	chr22	36739108	36739492	LTR/ERVL-MaLR	2458	+	192	36739300	87287
chr22	15156214	15356214	harbor1	chr22	15212695	15213162	LTR/ERVL-MaLR	1119	+	234	15212929	56715
chr22	16487907	16687907	harbor1	chr22	16511544	16511709	LTR/ERVL-MaLR	2131	+	82	16511626	23719
chr22	16487907	16687907	harbor1	chr22	16512016	16512077	LTR/ERVL-MaLR	2131	+	30	16512046	24139
chr22	16487907	16687907	harbor1	chr22	16512453	16512719	LTR/ERVL-MaLR	2131	+	133	16512586	24679
chr22	16487907	16687907	harbor1	chr22	16513795	16514247	LTR/ERVL-MaLR	1125	+	226	16514021	26114
chr22	33821349	34021349	harbor1	chr22	33822759	33823136	LTR/ERVL-MaLR	669	+	188	33822947	1598
chr22	33821349	34021349	harbor1	chr22	33833255	33833636	LTR/ERVL-MaLR	2155	+	190	33833445	12096
chr22	33821349	34021349	harbor1	chr22	33869969	33870374	LTR/ERVL-MaLR	1327	+	202	33870171	48822
chr22	33821349	34021349	harbor1	chr22	33887138	33887454	LTR/ERVL-MaLR	1529	+	158	33887296	65947
chr22	33821349	34021349	harbor1	chr22	33887756	33887805	LTR/ERVL-MaLR	1529	+	24	33887780	66431
chr22	33821349	34021349	harbor1	chr22	33900593	33900764	LTR/ERVL-MaLR	1526	+	86	33900679	79330
chr22	33821349	34021349	harbor1	chr22	33901057	33901378	LTR/ERVL-MaLR	1526	+	160	33901217	79868
chr22	33821349	34021349	harbor1	chr22	33902738	33902849	LTR/ERVL-MaLR	2180	+	56	33902794	81445
chr22	33821349	34021349	harbor1	chr22	33903145	33903415	LTR/ERVL-MaLR	2180	+	135	33903280	81931
chr22	33821349	34021349	harbor1	chr22	33904461	33904761	LTR/ERVL-MaLR	831	+	150	33904611	83262
chr22	48972287	49172287	harbor1	chr22	48999848	49000000	LTR/ERVL-MaLR	720	+	76	48999924	27637
chr22	48972287	49172287	harbor1	chr22	49000008	49000284	LTR/ERVL-MaLR	1084	+	138	49000146	27859
chr22	48972287	49172287	harbor1	chr22	49053281	49053557	LTR/ERVL-MaLR	1132	+	138	49053419	81132
chr22	48972287	49172287	harbor1	chr22	49055926	49056271	LTR/ERVL-MaLR	1351	+	172	49056098	83811
chr22	47287967	47487967	harbor1	chr22	47293919	47294299	LTR/ERVL-MaLR	1102	+	190	47294109	6142
chr22	47287967	47487967	harbor1	chr22	47306885	47307253	LTR/ERVL-MaLR	2054	+	184	47307069	19102
chr22	47287967	47487967	harbor1	chr22	47324783	47324879	LTR/ERVL-MaLR	513	+	48	47324831	36864
chr22	47287967	47487967	harbor1	chr22	47325328	47325421	LTR/ERVL-MaLR	513	+	46	47325374	37407
chr22	47287967	47487967	harbor1	chr22	47353584	47353946	LTR/ERVL-MaLR	1868	+	181	47353765	65798
chr22	47287967	47487967	harbor1	chr22	47383031	47383385	LTR/ERVL-MaLR	2001	+	177	47383208	95241
chr22	27397527	27597527	harbor1	chr22	27400302	27400685	LTR/ERVL-MaLR	885	+	192	27400494	2967
chr22	27397527	27597527	harbor1	chr22	27402929	27403299	LTR/ERVL-MaLR	987	+	185	27403114	5587
chr22	27397527	27597527	harbor1	chr22	27403702	27404088	LTR/ERVL-MaLR	2103	+	193	27403895	6368
chr22	27397527	27597527	harbor1	chr22	27425244	27425399	LTR/ERVL-MaLR	480	+	78	27425322	27795
chr22	27397527	27597527	harbor1	chr22	27431814	27432302	LTR/ERVL-MaLR	754	+	244	27432058	34531
chr22	27397527	27597527	harbor1	chr22	27450740	27451224	LTR/ERVL-MaLR	1928	+	242	27450982	53455
chr22	27397527	27597527	harbor1	chr22	27457442	27457920	LTR/ERVL-MaLR	1672	+	239	27457681	60154
chr22	42927825	43127825	harbor1	chr22	42930142	42930280	LTR/ERVL-MaLR	472	+	69	42930211	2386
chr22	42927825	43127825	harbor1	chr22	42944170	42944322	LTR/ERVL-MaLR	486	+	76	42944246	16421
chr22	42927825	43127825	harbor1	chr22	42977600	42977970	LTR/ERVL-MaLR	1841	+	185	42977785	49960
chr22	42927825	43127825	harbor1	chr22	43005818	43005954	LTR/ERVL-MaLR	700	+	68	43005886	78061
chr22	42927825	43127825	harbor1	chr22	43006098	43006316	LTR/ERVL-MaLR	801	+	109	43006207	78382
chr22	40561426	40761426	harbor1	chr22	40561735	40561986	LTR/ERVL-MaLR	1671	+	126	40561861	435
chr22	40561426	40761426	harbor1	chr22	40562234	40562491	LTR/ERVL-MaLR	1671	+	128	40562362	936
chr22	40561426	40761426	harbor1	chr22	40570079	40570293	LTR/ERVL-MaLR	1533	+	107	40570186	8760
chr22	40561426	40761426	harbor1	chr22	40570606	40570895	LTR/ERVL-MaLR	1533	+	144	40570750	9324
chr22	40561426	40761426	harbor1	chr22	40619228	40619607	LTR/ERVL-MaLR	2797	+	190	40619418	57992
chr22	40561426	40761426	harbor1	chr22	40619914	40619963	LTR/ERVL-MaLR	2797	+	24	40619938	58512
chr22	40561426	40761426	harbor1	chr22	40620574	40620899	LTR/ERVL-MaLR	2797	+	162	40620736	59310
chr22	40561426	40761426	harbor1	chr22	40621646	40622061	LTR/ERVL-MaLR	1022	+	208	40621854	60428
chr22	40561426	40761426	harbor1	chr22	40622076	40622199	LTR/ERVL-MaLR	1587	+	62	40622138	60712
chr22	40561426	40761426	harbor1	chr22	40622496	40622854	LTR/ERVL-MaLR	1587	+	179	40622675	61249
chr22	40561426	40761426	harbor1	chr22	40631926	40632291	LTR/ERVL-MaLR	1910	+	182	40632108	70682
chr22	40561426	40761426	harbor1	chr22	40640350	40640426	LTR/ERVL-MaLR	899	+	38	40640388	78962
chr22	40561426	40761426	harbor1	chr22	40641373	40641598	LTR/ERVL-MaLR	899	+	112	40641485	80059
chr22	40561426	40761426	harbor1	chr22	40641910	40642083	LTR/ERVL-MaLR	899	+	86	40641996	80570
chr22	40561426	40761426	harbor1	chr22	40655932	40656015	LTR/ERVL-MaLR	654	+	42	40655974	94548
chr22	11314317	11514317	harbor1	chr22	11320519	11320681	LTR/ERVL-MaLR	2419	+	81	11320600	6283
chr22	11314317	11514317	harbor1	chr22	11320958	11321166	LTR/ERVL-MaLR	2419	+	104	11321062	6745
chr22	11314317	11514317	harbor1	chr22	11350885	11351227	LTR/ERVL-MaLR	512	+	171	11351056	36739
chr22	33915598	34115598	harbor1	chr22	33926553	33926876	LTR/ERVL-MaLR	1534	+	162	33926715	11117
chr22	33915598	34115598	harbor1	chr22	33928838	33928988	LTR/ERVL-MaLR	563	+	75	33928913	13315
chr22	33915598	34115598	harbor1	chr22	33929166	33929283	LTR/ERVL-MaLR	479	+	58	33929224	13626
chr22	33915598	34115598	harbor1	chr22	33944161	33944417	LTR/ERVL-MaLR	980	+	128	33944289	28691
chr22	33915598	34115598	harbor1	chr22	33944728	33944913	LTR/ERVL-MaLR	980	+	92	33944820	29222
chr22	33915598	34115598	harbor1	chr22	33950499	33950744	LTR/ERVL-MaLR	1883	+	122	33950621	35023
chr22	33915598	34115598	harbor1	chr22	33951054	33951186	LTR/ERVL-MaLR	1883	+	66	33951120	35522
chr22	33915598	34115598	harbor1	chr22	33957447	33957840	LTR/ERVL-MaLR	2284	+	196	33957643	42045
chr22	33915598	34115598	harbor1	chr22	33960151	33960442	LTR/ERVL-MaLR	1958	+	146	33960297	44699
chr22	33915598	34115598	harbor1	chr22	33960970	33961086	LTR/ERVL-MaLR	1958	+	58	33961028	45430
chr22	33915598	34115598	harbor1	chr22	33994914	33995263	LTR/ERVL-MaLR	2310	+	174	33995088	79490
chr22	33915598	34115598	harbor1	chr22	33998989	33999360	LTR/ERVL-MaLR	1346	+	186	33999175	83577
chr22	25534051	25734051	harbor1	chr22	25541373	25541786	LTR/ERVL-MaLR	1031	+	206	25541579	7528
chr22	25534051	25734051	harbor1	chr22	25541951	25542474	LTR/ERVL-MaLR	724	+	262	25542213	8162
chr22	25534051	25734051	harbor1	chr22	25550471	25550551	LTR/ERVL-MaLR	1977	+	40	25550511	16460
chr22	25534051	25734051	harbor1	chr22	25550852	25551176	LTR/ERVL-MaLR	1977	+	162	25551014	16963
chr22	25534051	25734051	harbor1	chr22	25551272	25551755	LTR/ERVL-MaLR	1264	+	242	25551514	17463
chr22	25534051	25734051	harbor1	chr22	25578424	25578923	LTR/ERVL-MaLR	2016	+	250	25578674	44623
chr22	25534051	25734051	harbor1	chr22	25587623	25587985	LTR/ERVL-MaLR	2232	+	181	25587804	53753
chr22	25534051	25734051	harbor1	chr22	25608418	25608913	LTR/ERVL-MaLR	1922	+	248	25608666	74615
chr22	19641586	19841586	harbor1	chr22	19650778	19651259	LTR/ERVL-MaLR	2269	+	240	19651018	9432
chr22	19641586	19841586	harbor1	chr22	19669259	19669605	LTR/ERVL-MaLR	1463	+	173	19669432	27846
chr22	19641586	19841586	harbor1	chr22	19679084	19679437	LTR/ERVL-MaLR	1336	+	176	19679260	37674
chr22	19641586	19841586	harbor1	chr22	19693846	19694198	LTR/ERVL-MaLR	1647	+	176	19694022	52436
chr22	19641586	19841586	harbor1	chr22	19697120	19697263	LTR/ERVL-MaLR	541	+	72	19697192	55606
chr22	19641586	19841586	harbor1	chr22	19705922	19706074	LTR/ERVL-MaLR	1477	+	76	19705998	64412
chr22	19641586	19841586	harbor1	chr22	19706359	19706395	LTR/ERVL-MaLR	1477	+	18	19706377	64791
chr22	19641586	19841586	harbor1	chr22	19706711	19706933	LTR/ERVL-MaLR	1477	+	111	19706822	65236
chr22	49891300	50091300	harbor1	chr22	49945817	49945986	LTR/ERVL-MaLR	621	+	84	49945901	54601
chr22	49891300	50091300	harbor1	chr22	49988457	49988854	LTR/ERVL-MaLR	2111	+	198	49988655	97355
chr22	49891300	50091300	harbor1	chr22	49905370	49905793	LTR/ERVL-MaLR	2520	+	212	49905582	14282
chr22	18527954	18727954	harbor1	chr22	18539769	18540099	LTR/ERVL-MaLR	693	+	165	18539934	11980
chr22	32342816	32542816	harbor1	chr22	32383112	32383432	LTR/ERVL-MaLR	1140	+	160	32383272	40456
chr22	49939974	50139974	harbor1	chr22	49945817	49945986	LTR/ERVL-MaLR	621	+	84	49945901	5927
chr22	49939974	50139974	harbor1	chr22	49988457	49988854	LTR/ERVL-MaLR	2111	+	198	49988655	48681
chr22	49939974	50139974	harbor1	chr22	50019345	50019825	LTR/ERVL-MaLR	917	+	240	50019585	79611
chr22	27975529	28175529	harbor1	chr22	27986098	27986441	LTR/ERVL-MaLR	2025	+	172	27986270	10741
chr22	47982205	48182205	harbor1	chr22	47996932	47997240	LTR/ERVL-MaLR	635	+	154	47997086	14881
chr22	47982205	48182205	harbor1	chr22	48013660	48014014	LTR/ERVL-MaLR	1824	+	177	48013837	31632
chr22	47982205	48182205	harbor1	chr22	48020613	48021104	LTR/ERVL-MaLR	1289	+	246	48020859	38654
chr22	47982205	48182205	harbor1	chr22	48021105	48021162	LTR/ERVL-MaLR	3049	+	28	48021133	38928
chr22	47982205	48182205	harbor1	chr22	48022967	48023048	LTR/ERVL-MaLR	500	+	40	48023007	40802
chr22	47982205	48182205	harbor1	chr22	48026806	48027169	LTR/ERVL-MaLR	1587	+	182	48026988	44783
chr22	47982205	48182205	harbor1	chr22	48047007	48047122	LTR/ERVL-MaLR	1305	+	58	48047065	64860
chr22	47982205	48182205	harbor1	chr22	48047421	48047745	LTR/ERVL-MaLR	1305	+	162	48047583	65378
chr22	47982205	48182205	harbor1	chr22	48066825	48067305	LTR/ERVL-MaLR	1403	+	240	48067065	84860
chr22	47982205	48182205	harbor1	chr22	48079271	48079375	LTR/ERVL-MaLR	870	+	52	48079323	97118
chr22	47982205	48182205	harbor1	chr22	48079618	48079926	LTR/ERVL-MaLR	870	+	154	48079772	97567
chr22	47982205	48182205	harbor1	chr22	48021441	48022888	LTR/ERVL-MaLR	3049	+	724	48022165	39960
chr22	16504276	16704276	harbor1	chr22	16511544	16511709	LTR/ERVL-MaLR	2131	+	82	16511626	7350
chr22	16504276	16704276	harbor1	chr22	16512016	16512077	LTR/ERVL-MaLR	2131	+	30	16512046	7770
chr22	16504276	16704276	harbor1	chr22	16512453	16512719	LTR/ERVL-MaLR	2131	+	133	16512586	8310
chr22	16504276	16704276	harbor1	chr22	16513795	16514247	LTR/ERVL-MaLR	1125	+	226	16514021	9745
chr22	34074412	34274412	harbor1	chr22	34077756	34078143	LTR/ERVL-MaLR	1547	+	194	34077950	3538
chr22	34074412	34274412	harbor1	chr22	34090918	34091424	LTR/ERVL-MaLR	964	+	253	34091171	16759
chr22	34074412	34274412	harbor1	chr22	34092700	34092882	LTR/ERVL-MaLR	2116	+	91	34092791	18379
chr22	34074412	34274412	harbor1	chr22	34093174	34093362	LTR/ERVL-MaLR	2116	+	94	34093268	18856
chr22	34074412	34274412	harbor1	chr22	34093676	34093727	LTR/ERVL-MaLR	2116	+	26	34093702	19290
chr22	34074412	34274412	harbor1	chr22	34129601	34130101	LTR/ERVL-MaLR	1541	+	250	34129851	55439
chr22	34074412	34274412	harbor1	chr22	34135748	34135921	LTR/ERVL-MaLR	485	+	86	34135834	61422
chr22	34074412	34274412	harbor1	chr22	34146857	34147217	LTR/ERVL-MaLR	2613	+	180	34147037	72625
chr22	34074412	34274412	harbor1	chr22	34155039	34155357	LTR/ERVL-MaLR	809	+	159	34155198	80786
chr22	34074412	34274412	harbor1	chr22	34156493	34156935	LTR/ERVL-MaLR	1993	+	221	34156714	82302
chr22	11758260	11958260	harbor1	chr22	11836924	11837285	LTR/ERVL-MaLR	1488	+	180	11837104	78844
chrX	48410247	48610247	harbor1	chrX	48454403	48454719	LTR/ERVL-MaLR	1389	+	158	48454561	44314
chrX	48410247	48610247	harbor1	chrX	48490113	48490498	LTR/ERVL-MaLR	1659	+	192	48490305	80058
chrX	57100477	57300477	harbor1	chrX	57126704	57127133	LTR/ERVL-MaLR	1019	+	214	57126918	26441
chrX	86587315	86787315	harbor1	chrX	86604561	86605184	LTR/ERVL-MaLR	1122	+	312	86604873	17558
chrX	86587315	86787315	harbor1	chrX	86671365	86671749	LTR/ERVL-MaLR	1919	+	192	86671557	84242
chrX	86587315	86787315	harbor1	chrX	86671750	86673053	LTR/ERVL-MaLR	9739	+	652	86672402	85087
chrX	86587315	86787315	harbor1	chrX	86673366	86673700	LTR/ERVL-MaLR	9739	+	167	86673533	86218
chrX	86587315	86787315	harbor1	chrX	86673701	86674063	LTR/ERVL-MaLR	1747	+	181	86673882	86567
chrX	47619362	47819362	harbor1	chrX	47641744	47642341	LTR/ERVL-MaLR	2653	+	298	47642042	22680
chrX	47619362	47819362	harbor1	chrX	47676491	47676859	LTR/ERVL-MaLR	2469	+	184	47676675	57313
chrX	47619362	47819362	harbor1	chrX	47695491	47695832	LTR/ERVL-MaLR	1446	+	170	47695661	76299
chrX	69199112	69399112	harbor1	chrX	69209531	69209963	LTR/ERVL-MaLR	1444	+	216	69209747	10635
chrX	69199112	69399112	harbor1	chrX	69266540	69266912	LTR/ERVL-MaLR	1806	+	186	69266726	67614
chrX	69199112	69399112	harbor1	chrX	69275443	69275961	LTR/ERVL-MaLR	1147	+	259	69275702	76590
chrX	122154051	122354051	harbor1	chrX	122153015	122154618	LTR/ERVL-MaLR	9445	+	802	122153817	234
chrX	122154051	122354051	harbor1	chrX	122154621	122154996	LTR/ERVL-MaLR	2311	+	188	122154809	758
chrX	122154051	122354051	harbor1	chrX	122165410	122165547	LTR/ERVL-MaLR	685	+	68	122165478	11427
chrX	122154051	122354051	harbor1	chrX	122172923	122173286	LTR/ERVL-MaLR	1423	+	182	122173105	19054
chrX	122154051	122354051	harbor1	chrX	122183272	122183649	LTR/ERVL-MaLR	2374	+	188	122183460	29409
chrX	122154051	122354051	harbor1	chrX	122203350	122203781	LTR/ERVL-MaLR	2336	+	216	122203566	49515
chrX	8324370	8524370	harbor1	chrX	8339794	8340087	LTR/ERVL-MaLR	1425	+	146	8339940	15570
chrX	8324370	8524370	harbor1	chrX	8359194	8359534	LTR/ERVL-MaLR	1256	+	170	8359364	34994
chrX	8324370	8524370	harbor1	chrX	8386063	8386297	LTR/ERVL-MaLR	897	+	117	8386180	61810
chrX	8324370	8524370	harbor1	chrX	8387808	8388198	LTR/ERVL-MaLR	2177	+	195	8388003	63633
chrX	8324370	8524370	harbor1	chrX	8416394	8416749	LTR/ERVL-MaLR	2304	+	178	8416572	92202
chrX	8324370	8524370	harbor1	chrX	8420905	8421266	LTR/ERVL-MaLR	1505	+	180	8421085	96715
chrX	8324370	8524370	harbor1	chrX	8339316	8339481	LTR/ERVL-MaLR	1425	+	82	8339398	15028
chrX	120009773	120209773	harbor1	chrX	120032828	120033303	LTR/ERVL-MaLR	2921	+	238	120033066	23293
chrX	120009773	120209773	harbor1	chrX	120034027	120034614	LTR/ERVL-MaLR	2921	+	294	120034321	24548
chrX	120009773	120209773	harbor1	chrX	120034922	120035004	LTR/ERVL-MaLR	2921	+	41	120034963	25190
chrX	120009773	120209773	harbor1	chrX	120055325	120055701	LTR/ERVL-MaLR	2520	+	188	120055513	45740
chrX	120009773	120209773	harbor1	chrX	120069692	120070105	LTR/ERVL-MaLR	2337	+	206	120069898	60125
chrX	120009773	120209773	harbor1	chrX	120061689	120062074	LTR/ERVL-MaLR	2596	+	192	120061881	52108
chrX	96100675	96300675	harbor1	chrX	96103979	96104426	LTR/ERVL-MaLR	1067	+	224	96104203	3528
chrX	96100675	96300675	harbor1	chrX	96137297	96137668	LTR/ERVL-MaLR	2218	+	186	96137483	36808
chrX	96100675	96300675	harbor1	chrX	96158595	96158962	LTR/ERVL-MaLR	2506	+	184	96158779	58104
chrX	96100675	96300675	harbor1	chrX	96181763	96182111	LTR/ERVL-MaLR	2132	+	174	96181937	81262
chrX	12035511	12235511	harbor1	chrX	12055247	12055652	LTR/ERVL-MaLR	2366	+	202	12055449	19938
chrX	12035511	12235511	harbor1	chrX	12067852	12068366	LTR/ERVL-MaLR	2232	+	257	12068109	32598
chrX	12035511	12235511	harbor1	chrX	12082166	12082519	LTR/ERVL-MaLR	2662	+	176	12082342	46831
chrX	12035511	12235511	harbor1	chrX	12082520	12084092	LTR/ERVL-MaLR	11498	+	786	12083306	47795
chrX	12035511	12235511	harbor1	chrX	12084093	12084453	LTR/ERVL-MaLR	2761	+	180	12084273	48762
chrX	12035511	12235511	harbor1	chrX	12090086	12090508	LTR/ERVL-MaLR	2839	+	211	12090297	54786
chrX	12035511	12235511	harbor1	chrX	12112749	12113048	LTR/ERVL-MaLR	574	+	150	12112899	77388
chrX	78158611	78358611	harbor1	chrX	78175910	78176142	LTR/ERVL-MaLR	1286	+	116	78176026	17415
chrX	146405723	146605723	harbor1	chrX	146408574	146408806	LTR/ERVL-MaLR	1278	+	116	146408690	2967
chrX	146405723	146605723	harbor1	chrX	146414871	146415141	LTR/ERVL-MaLR	1059	+	135	146415006	9283
chrX	146405723	146605723	harbor1	chrX	146417142	146417509	LTR/ERVL-MaLR	2255	+	184	146417326	11603
chrX	146405723	146605723	harbor1	chrX	146474605	146475016	LTR/ERVL-MaLR	1701	+	206	146474811	69088
chrX	146405723	146605723	harbor1	chrX	146492135	146492487	LTR/ERVL-MaLR	2769	+	176	146492311	86588
chrX	146405723	146605723	harbor1	chrX	146492490	146492985	LTR/ERVL-MaLR	11010	+	248	146492738	87015
chrX	146405723	146605723	harbor1	chrX	146493299	146494394	LTR/ERVL-MaLR	11010	+	548	146493847	88124
chrX	146405723	146605723	harbor1	chrX	146494395	146494749	LTR/ERVL-MaLR	2815	+	177	146494572	88849
chrX	38326752	38526752	harbor1	chrX	38329964	38330432	LTR/ERVL-MaLR	1940	+	234	38330198	3446
chrX	38326752	38526752	harbor1	chrX	38349327	38349712	LTR/ERVL-MaLR	1795	+	192	38349519	22767
chrX	38326752	38526752	harbor1	chrX	38418565	38418926	LTR/ERVL-MaLR	2135	+	180	38418745	91993
chrX	79028734	79228734	harbor1	chrX	79047544	79047970	LTR/ERVL-MaLR	2285	+	213	79047757	19023
chrX	79028734	79228734	harbor1	chrX	79062396	79062744	LTR/ERVL-MaLR	2236	+	174	79062570	33836
chrX	88193192	88393192	harbor1	chrX	88222411	88222552	LTR/ERVL-MaLR	900	+	70	88222481	29289
chrX	88193192	88393192	harbor1	chrX	88238274	88238653	LTR/ERVL-MaLR	1929	+	190	88238464	45272
chrX	88193192	88393192	harbor1	chrX	88274479	88274640	LTR/ERVL-MaLR	881	+	80	88274559	81367
chrX	88193192	88393192	harbor1	chrX	88274641	88276271	LTR/ERVL-MaLR	10606	+	815	88275456	82264
chrX	88193192	88393192	harbor1	chrX	88276272	88276635	LTR/ERVL-MaLR	1850	+	182	88276454	83262
chrX	1393857	1593857	harbor1	chrX	1413593	1413915	LTR/ERVL-MaLR	1027	+	161	1413754	19897
chrX	1393857	1593857	harbor1	chrX	1413927	1414302	LTR/ERVL-MaLR	1184	+	188	1414115	20258
chrX	1393857	1593857	harbor1	chrX	1425941	1426292	LTR/ERVL-MaLR	1900	+	176	1426117	32260
chrX	1393857	1593857	harbor1	chrX	1427280	1427728	LTR/ERVL-MaLR	1191	+	224	1427504	33647
chrX	1393857	1593857	harbor1	chrX	1437918	1438007	LTR/ERVL-MaLR	677	+	44	1437962	44105
chrX	1393857	1593857	harbor1	chrX	1438306	1438512	LTR/ERVL-MaLR	677	+	103	1438409	44552
chrX	1393857	1593857	harbor1	chrX	1457001	1457225	LTR/ERVL-MaLR	1240	+	112	1457113	63256
chrX	1393857	1593857	harbor1	chrX	1472171	1472338	LTR/ERVL-MaLR	581	+	84	1472255	78398
chrX	1393857	1593857	harbor1	chrX	1475333	1475555	LTR/ERVL-MaLR	1013	+	111	1475444	81587
