H_chr	H_start	H_end	Harbor	TE_chr	TE_start	TE_end	TE	score	TE_strand	TE_half	TE_middle_pos	TE_dis
chr1	221568264	221768264	harbor2	chr1	221595403	221595801	LTR/ERVL	1404	-	199	221595602	27338
chr1	221568264	221768264	harbor2	chr1	221595882	221598208	LTR/ERVL	2472	-	1163	221597045	28781
chr1	221568264	221768264	harbor2	chr1	221598237	221598541	LTR/ERVL	738	-	152	221598389	30125
chr1	221568264	221768264	harbor2	chr1	221598834	221599584	LTR/ERVL	1387	-	375	221599209	30945
chr1	221568264	221768264	harbor2	chr1	221599585	221600033	LTR/ERVL	885	-	224	221599809	31545
chr1	221568264	221768264	harbor2	chr1	221637920	221638559	LTR/ERVL	947	-	320	221638240	69976
chr1	173169202	173369202	harbor2	chr1	173179254	173179478	LTR/ERVL	548	-	112	173179366	10164
chr1	173169202	173369202	harbor2	chr1	173179480	173179911	LTR/ERVL	1695	-	216	173179696	10494
chr1	173169202	173369202	harbor2	chr1	173241524	173242040	LTR/ERVL	2024	-	258	173241782	72580
chr1	173169202	173369202	harbor2	chr1	173257353	173258102	LTR/ERVL	1525	-	374	173257727	88525
chr1	173169202	173369202	harbor2	chr1	173263675	173263917	LTR/ERVL	683	-	121	173263796	94594
chr1	193404752	193604752	harbor2	chr1	193408837	193409327	LTR/ERVL	2818	-	245	193409082	4330
chr1	193404752	193604752	harbor2	chr1	193451038	193451276	LTR/ERVL	751	-	119	193451157	46405
chr1	193404752	193604752	harbor2	chr1	193451683	193451818	LTR/ERVL	522	-	68	193451751	46999
chr1	193404752	193604752	harbor2	chr1	193452114	193452631	LTR/ERVL	1470	-	258	193452372	47620
chr1	193404752	193604752	harbor2	chr1	193474153	193474270	LTR/ERVL	479	-	58	193474211	69459
chr1	204668520	204868520	harbor2	chr1	204710645	204711054	LTR/ERVL	1175	-	204	204710849	42329
chr1	204668520	204868520	harbor2	chr1	204724812	204725581	LTR/ERVL	4209	-	384	204725196	56676
chr1	204668520	204868520	harbor2	chr1	204743772	204744215	LTR/ERVL	2428	-	222	204743994	75474
chr1	242463745	242663745	harbor2	chr1	242533876	242534284	LTR/ERVL	1126	-	204	242534080	70335
chr1	245997606	246197606	harbor2	chr1	246063049	246063527	LTR/ERVL	1784	-	239	246063288	65682
chr1	244363444	244563444	harbor2	chr1	244363485	244363995	LTR/ERVL	1149	-	255	244363740	296
chr1	244363444	244563444	harbor2	chr1	244364890	244365245	LTR/ERVL	2482	-	178	244365068	1624
chr1	244363444	244563444	harbor2	chr1	244365609	244365672	LTR/ERVL	2482	-	32	244365641	2197
chr1	244363444	244563444	harbor2	chr1	244375211	244375301	LTR/ERVL	435	-	45	244375256	11812
chr1	244363444	244563444	harbor2	chr1	244390034	244390510	LTR/ERVL	2595	-	238	244390272	26828
chr1	244363444	244563444	harbor2	chr1	244390825	244391179	LTR/ERVL	11793	-	177	244391002	27558
chr1	244363444	244563444	harbor2	chr1	244391471	244392185	LTR/ERVL	11793	-	357	244391828	28384
chr1	244363444	244563444	harbor2	chr1	244392218	244392722	LTR/ERVL	11793	-	252	244392470	29026
chr1	244363444	244563444	harbor2	chr1	244393021	244393161	LTR/ERVL	11793	-	70	244393091	29647
chr1	244363444	244563444	harbor2	chr1	244393580	244394239	LTR/ERVL	11793	-	330	244393910	30466
chr1	244363444	244563444	harbor2	chr1	244396128	244396467	LTR/ERVL	1888	-	170	244396298	32854
chr1	244363444	244563444	harbor2	chr1	244396863	244397420	LTR/ERVL	3616	-	278	244397141	33697
chr1	244363444	244563444	harbor2	chr1	244397426	244397674	LTR/ERVL	1249	-	124	244397550	34106
chr1	244363444	244563444	harbor2	chr1	244398006	244398114	LTR/ERVL	789	-	54	244398060	34616
chr1	244363444	244563444	harbor2	chr1	244398431	244398541	LTR/ERVL	789	-	55	244398486	35042
chr1	244363444	244563444	harbor2	chr1	244398641	244398720	LTR/ERVL	409	-	40	244398681	35237
chr1	244363444	244563444	harbor2	chr1	244398725	244399244	LTR/ERVL	1960	-	260	244398985	35541
chr1	191744002	191944002	harbor2	chr1	191767992	191768436	LTR/ERVL	1608	-	222	191768214	24212
chr1	191744002	191944002	harbor2	chr1	191783588	191784347	LTR/ERVL	693	-	380	191783968	39966
chr1	191744002	191944002	harbor2	chr1	191786011	191786150	LTR/ERVL	548	-	70	191786081	42079
chr1	191744002	191944002	harbor2	chr1	191788833	191789531	LTR/ERVL	3027	-	349	191789182	45180
chr1	191744002	191944002	harbor2	chr1	191818217	191818733	LTR/ERVL	2395	-	258	191818475	74473
chr1	191744002	191944002	harbor2	chr1	191824917	191825061	LTR/ERVL	919	-	72	191824989	80987
chr1	191744002	191944002	harbor2	chr1	191825119	191825500	LTR/ERVL	2814	-	190	191825309	81307
chr1	191744002	191944002	harbor2	chr1	191825501	191827041	LTR/ERVL	11314	-	770	191826271	82269
chr1	191744002	191944002	harbor2	chr1	191828095	191828404	LTR/ERVL	2337	-	154	191828249	84247
chr1	191744002	191944002	harbor2	chr1	191828587	191828989	LTR/ERVL	2997	-	201	191828788	84786
chr1	207031304	207231304	harbor2	chr1	207118838	207119461	LTR/ERVL	1334	-	312	207119150	87846
chr1	207031304	207231304	harbor2	chr1	207119465	207120227	LTR/ERVL	2723	-	381	207119846	88542
chr1	207031304	207231304	harbor2	chr1	207120416	207120476	LTR/ERVL	2723	-	30	207120446	89142
chr1	228269738	228469738	harbor2	chr1	228312793	228313302	LTR/ERVL	1903	-	254	228313047	43309
chr1	228269738	228469738	harbor2	chr1	228313316	228313499	LTR/ERVL	434	-	92	228313408	43670
chr1	228269738	228469738	harbor2	chr1	228342478	228342924	LTR/ERVL	1059	-	223	228342701	72963
chr1	228269738	228469738	harbor2	chr1	228347724	228348253	LTR/ERVL	866	-	264	228347988	78250
chr1	182771213	182971213	harbor2	chr1	182817425	182818315	LTR/ERVL	4388	-	445	182817870	46657
chr1	182771213	182971213	harbor2	chr1	182845446	182846236	LTR/ERVL	3631	-	395	182845841	74628
chr1	182771213	182971213	harbor2	chr1	182868006	182868161	LTR/ERVL	812	-	78	182868084	96871
chr1	219423544	219623544	harbor2	chr1	219432839	219433267	LTR/ERVL	2302	-	214	219433053	9509
chr1	219423544	219623544	harbor2	chr1	219437672	219437726	LTR/ERVL	419	-	27	219437699	14155
chr1	219423544	219623544	harbor2	chr1	219438067	219438216	LTR/ERVL	419	-	74	219438141	14597
chr1	231931002	232131002	harbor2	chr1	231943174	231943693	LTR/ERVL	2704	-	260	231943434	12432
chr1	231931002	232131002	harbor2	chr1	231960605	231961371	LTR/ERVL	3365	-	383	231960988	29986
chr1	231931002	232131002	harbor2	chr1	231982852	231983384	LTR/ERVL	2003	-	266	231983118	52116
chr1	231931002	232131002	harbor2	chr1	231983669	231983813	LTR/ERVL	781	-	72	231983741	52739
chr1	194769394	194969394	harbor2	chr1	194773914	194774353	LTR/ERVL	1689	-	220	194774134	4740
chr1	194769394	194969394	harbor2	chr1	194827424	194827817	LTR/ERVL	1810	-	196	194827620	58226
chr1	194769394	194969394	harbor2	chr1	194828114	194828170	LTR/ERVL	1810	-	28	194828142	58748
chr1	237772572	237972572	harbor2	chr1	237792426	237792716	LTR/ERVL	602	-	145	237792571	19999
chr1	237772572	237972572	harbor2	chr1	237837262	237837933	LTR/ERVL	1048	-	336	237837598	65026
chr1	237772572	237972572	harbor2	chr1	237847806	237848118	LTR/ERVL	3880	-	156	237847962	75390
chr1	237772572	237972572	harbor2	chr1	237848451	237848964	LTR/ERVL	3880	-	256	237848707	76135
chr1	16590078	16790078	harbor2	chr1	16602708	16603074	LTR/ERVL	772	-	183	16602891	12813
chr1	16590078	16790078	harbor2	chr1	16603092	16603314	LTR/ERVL	607	-	111	16603203	13125
chr1	16590078	16790078	harbor2	chr1	16603356	16603618	LTR/ERVL	466	-	131	16603487	13409
chr1	16590078	16790078	harbor2	chr1	16666129	16666278	LTR/ERVL	488	-	74	16666203	76125
chr1	87815295	88015295	harbor2	chr1	87865954	87866012	LTR/ERVL	2768	-	29	87865983	50688
chr1	87815295	88015295	harbor2	chr1	87866071	87866540	LTR/ERVL	2768	-	234	87866305	51010
chr1	149124647	149324647	harbor2	chr1	149142491	149143045	LTR/ERVL	2071	-	277	149142768	18121
chr1	149124647	149324647	harbor2	chr1	149187701	149187920	LTR/ERVL	716	-	110	149187811	63164
chr1	187609479	187809479	harbor2	chr1	187669138	187669685	LTR/ERVL	2477	-	274	187669412	59933
chr1	187609479	187809479	harbor2	chr1	187673100	187673589	LTR/ERVL	1164	-	244	187673344	63865
chr1	240690402	240890402	harbor2	chr1	240726951	240727490	LTR/ERVL	1881	-	270	240727221	36819
chr1	224191991	224391991	harbor2	chr1	224205911	224206071	LTR/ERVL	505	-	80	224205991	14000
chr1	230709504	230909504	harbor2	chr1	230769538	230769616	LTR/ERVL	1969	-	39	230769577	60073
chr1	230709504	230909504	harbor2	chr1	230770101	230770530	LTR/ERVL	1969	-	214	230770315	60811
chr1	243259341	243459341	harbor2	chr1	243289045	243289490	LTR/ERVL	3002	-	222	243289267	29926
chr1	243259341	243459341	harbor2	chr1	243291644	243292502	LTR/ERVL	2634	-	429	243292073	32732
chr1	236818810	237018810	harbor2	chr1	236875793	236876202	LTR/ERVL	1649	-	204	236875997	57187
chr1	236818810	237018810	harbor2	chr1	236884389	236884978	LTR/ERVL	2861	-	294	236884683	65873
chr1	173238349	173438349	harbor2	chr1	173241524	173242040	LTR/ERVL	2024	-	258	173241782	3433
chr1	173238349	173438349	harbor2	chr1	173257353	173258102	LTR/ERVL	1525	-	374	173257727	19378
chr1	173238349	173438349	harbor2	chr1	173263675	173263917	LTR/ERVL	683	-	121	173263796	25447
chr1	173238349	173438349	harbor2	chr1	173274999	173275494	LTR/ERVL	916	-	248	173275247	36898
chr1	173238349	173438349	harbor2	chr1	173311239	173311873	LTR/ERVL	1116	-	317	173311556	73207
chr1	48196763	48396763	harbor2	chr1	48242695	48242920	LTR/ERVL	829	-	112	48242807	46044
chr1	48196763	48396763	harbor2	chr1	48242979	48243150	LTR/ERVL	478	-	86	48243065	46302
chr1	215226560	215426560	harbor2	chr1	215241995	215242532	LTR/ERVL	881	-	268	215242263	15703
chr1	215226560	215426560	harbor2	chr1	215248392	215248791	LTR/ERVL	1455	-	200	215248592	22032
chr1	215226560	215426560	harbor2	chr1	215248823	215249753	LTR/ERVL	3050	-	465	215249288	22728
chr1	215226560	215426560	harbor2	chr1	215249817	215250015	LTR/ERVL	3050	-	99	215249916	23356
chr1	215226560	215426560	harbor2	chr1	215250017	215250212	LTR/ERVL	530	-	98	215250115	23555
chr1	215226560	215426560	harbor2	chr1	215250678	215250722	LTR/ERVL	530	-	22	215250700	24140
chr1	215226560	215426560	harbor2	chr1	215260980	215261592	LTR/ERVL	1075	-	306	215261286	34726
chr1	215226560	215426560	harbor2	chr1	215261768	215261980	LTR/ERVL	1204	-	106	215261874	35314
chr1	215226560	215426560	harbor2	chr1	215262172	215262452	LTR/ERVL	1204	-	140	215262312	35752
chr1	215226560	215426560	harbor2	chr1	215262586	215263266	LTR/ERVL	2218	-	340	215262926	36366
chr1	215226560	215426560	harbor2	chr1	215263809	215264126	LTR/ERVL	1117	-	158	215263967	37407
chr1	215226560	215426560	harbor2	chr1	215264477	215264711	LTR/ERVL	1117	-	117	215264594	38034
chr1	215226560	215426560	harbor2	chr1	215265423	215265925	LTR/ERVL	3993	-	251	215265674	39114
chr1	215226560	215426560	harbor2	chr1	215266215	215266987	LTR/ERVL	3993	-	386	215266601	40041
chr1	215226560	215426560	harbor2	chr1	215267655	215268429	LTR/ERVL	2388	-	387	215268042	41482
chr1	215226560	215426560	harbor2	chr1	215268754	215269127	LTR/ERVL	2388	-	186	215268940	42380
chr1	215226560	215426560	harbor2	chr1	215269537	215270012	LTR/ERVL	1625	-	238	215269775	43215
chr1	215226560	215426560	harbor2	chr1	215270060	215270274	LTR/ERVL	1625	-	107	215270167	43607
chr1	215226560	215426560	harbor2	chr1	215318543	215319092	LTR/ERVL	1930	-	274	215318817	92257
chr1	164790245	164990245	harbor2	chr1	164856987	164857754	LTR/ERVL	3001	-	384	164857371	67126
chr1	164790245	164990245	harbor2	chr1	164875145	164875294	LTR/ERVL	584	-	74	164875219	84974
chr1	164790245	164990245	harbor2	chr1	164875597	164875792	LTR/ERVL	584	-	98	164875695	85450
chr1	235718422	235918422	harbor2	chr1	235805148	235805311	LTR/ERVL	678	-	82	235805230	86808
chr1	198689580	198889580	harbor2	chr1	198693911	198694467	LTR/ERVL	1786	-	278	198694189	4609
chr1	237704271	237904271	harbor2	chr1	237712011	237712524	LTR/ERVL	2090	-	256	237712267	7996
chr1	237704271	237904271	harbor2	chr1	237792426	237792716	LTR/ERVL	602	-	145	237792571	88300
chr1	237704271	237904271	harbor2	chr1	237748049	237748446	LTR/ERVL	473	-	198	237748247	43976
chr1	241981769	242181769	harbor2	chr1	242000001	242000236	LTR/ERVL	3745	-	118	242000119	18350
chr1	241981769	242181769	harbor2	chr1	242000527	242000994	LTR/ERVL	3745	-	234	242000761	18992
chr1	241981769	242181769	harbor2	chr1	242001300	242001333	LTR/ERVL	3745	-	16	242001316	19547
chr1	241981769	242181769	harbor2	chr1	242001644	242001719	LTR/ERVL	3745	-	38	242001682	19913
chr1	241981769	242181769	harbor2	chr1	242008876	242009413	LTR/ERVL	2861	-	268	242009144	27375
chr1	241981769	242181769	harbor2	chr1	242009399	242009482	LTR/ERVL	859	-	42	242009441	27672
chr1	241981769	242181769	harbor2	chr1	242009780	242010422	LTR/ERVL	859	-	321	242010101	28332
chr1	241981769	242181769	harbor2	chr1	242010414	242010531	LTR/ERVL	429	-	58	242010472	28703
chr1	241981769	242181769	harbor2	chr1	242007259	242008566	LTR/ERVL	2861	-	654	242007913	26144
chr1	220935696	221135696	harbor2	chr1	220971627	220971680	LTR/ERVL	421	-	26	220971653	35957
chr1	220935696	221135696	harbor2	chr1	220971806	220972245	LTR/ERVL	2833	-	220	220972026	36330
chr1	196228220	196428220	harbor2	chr1	196298176	196298923	LTR/ERVL	1935	-	374	196298550	70330
chr1	177610094	177810094	harbor2	chr1	177619787	177620318	LTR/ERVL	2578	-	266	177620053	9959
chr1	177610094	177810094	harbor2	chr1	177647812	177648302	LTR/ERVL	807	-	245	177648057	37963
chr1	177610094	177810094	harbor2	chr1	177700065	177700405	LTR/ERVL	1377	-	170	177700235	90141
chr1	71303832	71503832	harbor2	chr1	71308942	71309598	LTR/ERVL	1195	-	328	71309270	5438
chr1	71303832	71503832	harbor2	chr1	71332402	71332793	LTR/ERVL	6605	-	196	71332598	28766
chr1	71303832	71503832	harbor2	chr1	71332855	71334307	LTR/ERVL	6605	-	726	71333581	29749
chr1	71303832	71503832	harbor2	chr1	71334294	71334806	LTR/ERVL	2014	-	256	71334550	30718
chr1	71303832	71503832	harbor2	chr1	71344848	71345360	LTR/ERVL	1971	-	256	71345104	41272
chr1	57157366	57357366	harbor2	chr1	57207993	57208266	LTR/ERVL	696	-	136	57208129	50763
chr1	247152841	247352841	harbor2	chr1	247207142	247207513	LTR/ERVL	1353	-	186	247207328	54487
chr1	100205855	100405855	harbor2	chr1	100299633	100299838	LTR/ERVL	551	-	102	100299735	93880
chr1	100205855	100405855	harbor2	chr1	100300279	100300562	LTR/ERVL	476	-	142	100300421	94566
chr1	100205855	100405855	harbor2	chr1	100300590	100300841	LTR/ERVL	656	-	126	100300716	94861
chr1	100205855	100405855	harbor2	chr1	100300968	100301346	LTR/ERVL	926	-	189	100301157	95302
chr1	215166803	215366803	harbor2	chr1	215241995	215242532	LTR/ERVL	881	-	268	215242263	75460
chr1	215166803	215366803	harbor2	chr1	215248392	215248791	LTR/ERVL	1455	-	200	215248592	81789
chr1	215166803	215366803	harbor2	chr1	215248823	215249753	LTR/ERVL	3050	-	465	215249288	82485
chr1	215166803	215366803	harbor2	chr1	215249817	215250015	LTR/ERVL	3050	-	99	215249916	83113
chr1	215166803	215366803	harbor2	chr1	215250017	215250212	LTR/ERVL	530	-	98	215250115	83312
chr1	215166803	215366803	harbor2	chr1	215250678	215250722	LTR/ERVL	530	-	22	215250700	83897
chr1	215166803	215366803	harbor2	chr1	215260980	215261592	LTR/ERVL	1075	-	306	215261286	94483
chr1	215166803	215366803	harbor2	chr1	215261768	215261980	LTR/ERVL	1204	-	106	215261874	95071
chr1	215166803	215366803	harbor2	chr1	215262172	215262452	LTR/ERVL	1204	-	140	215262312	95509
chr1	215166803	215366803	harbor2	chr1	215262586	215263266	LTR/ERVL	2218	-	340	215262926	96123
chr1	215166803	215366803	harbor2	chr1	215263809	215264126	LTR/ERVL	1117	-	158	215263967	97164
chr1	215166803	215366803	harbor2	chr1	215264477	215264711	LTR/ERVL	1117	-	117	215264594	97791
chr1	215166803	215366803	harbor2	chr1	215265423	215265925	LTR/ERVL	3993	-	251	215265674	98871
chr1	215166803	215366803	harbor2	chr1	215266215	215266987	LTR/ERVL	3993	-	386	215266601	99798
chr1	169227112	169427112	harbor2	chr1	169325026	169325465	LTR/ERVL	1224	-	220	169325246	98134
chr1	201494641	201694641	harbor2	chr1	201579769	201580343	LTR/ERVL	3341	-	287	201580056	85415
chr1	201494641	201694641	harbor2	chr1	201582215	201582645	LTR/ERVL	982	-	215	201582430	87789
chr1	192175076	192375076	harbor2	chr1	192175791	192176257	LTR/ERVL	1946	-	233	192176024	948
chr1	192175076	192375076	harbor2	chr1	192242269	192242728	LTR/ERVL	2615	-	230	192242499	67423
chr1	231713143	231913143	harbor2	chr1	231725926	231726144	LTR/ERVL	492	-	109	231726035	12892
chr1	231713143	231913143	harbor2	chr1	231726147	231726564	LTR/ERVL	967	-	208	231726355	13212
chr1	231713143	231913143	harbor2	chr1	231808515	231809189	LTR/ERVL	4012	-	337	231808852	95709
chr1	79196825	79396825	harbor2	chr1	79224412	79224693	LTR/ERVL	555	-	140	79224552	27727
chr1	79196825	79396825	harbor2	chr1	79232128	79232278	LTR/ERVL	508	-	75	79232203	35378
chr1	79196825	79396825	harbor2	chr1	79273515	79273855	LTR/ERVL	1916	-	170	79273685	76860
chr1	79196825	79396825	harbor2	chr1	79282289	79282438	LTR/ERVL	581	-	74	79282363	85538
chr1	79196825	79396825	harbor2	chr1	79281896	79282274	LTR/ERVL	1661	-	189	79282085	85260
chr1	157348253	157548253	harbor2	chr1	157356419	157356626	LTR/ERVL	1096	-	104	157356523	8270
chr1	157348253	157548253	harbor2	chr1	157438284	157438727	LTR/ERVL	1009	-	222	157438506	90253
chr1	80833785	81033785	harbor2	chr1	80850520	80850940	LTR/ERVL	1174	-	210	80850730	16945
chr1	80833785	81033785	harbor2	chr1	80864691	80865028	LTR/ERVL	1712	-	168	80864859	31074
chr1	214163154	214363154	harbor2	chr1	214188603	214188993	LTR/ERVL	1208	-	195	214188798	25644
chr1	214163154	214363154	harbor2	chr1	214207037	214207343	LTR/ERVL	1172	-	153	214207190	44036
chr1	214163154	214363154	harbor2	chr1	214246137	214246589	LTR/ERVL	3062	-	226	214246363	83209
chr1	207298643	207498643	harbor2	chr1	207366378	207366941	LTR/ERVL	2634	-	282	207366660	68017
chr1	200909148	201109148	harbor2	chr1	200935315	200935412	LTR/ERVL	623	-	48	200935363	26215
chr1	200909148	201109148	harbor2	chr1	200936056	200936208	LTR/ERVL	582	-	76	200936132	26984
chr1	200909148	201109148	harbor2	chr1	200936506	200936568	LTR/ERVL	582	-	31	200936537	27389
chr1	191057975	191257975	harbor2	chr1	191075895	191076427	LTR/ERVL	2246	-	266	191076161	18186
chr1	234757802	234957802	harbor2	chr1	234855803	234856224	LTR/ERVL	2241	-	210	234856013	98211
chr1	156785551	156985551	harbor2	chr1	156821597	156822160	LTR/ERVL	1465	-	282	156821879	36328
chr1	156785551	156985551	harbor2	chr1	156822631	156823980	LTR/ERVL	2401	-	674	156823305	37754
chr1	156785551	156985551	harbor2	chr1	156824049	156824895	LTR/ERVL	2401	-	423	156824472	38921
chr1	156785551	156985551	harbor2	chr1	156825189	156825375	LTR/ERVL	2401	-	93	156825282	39731
chr1	186035148	186235148	harbor2	chr1	186079125	186079622	LTR/ERVL	2218	-	248	186079373	44225
chr1	146253709	146453709	harbor2	chr1	146345504	146346483	LTR/ERVL	1642	-	490	146345994	92285
chr1	146253709	146453709	harbor2	chr1	146346795	146346899	LTR/ERVL	1642	-	52	146346847	93138
chr1	230652266	230852266	harbor2	chr1	230694772	230695333	LTR/ERVL	834	-	280	230695052	42786
chr1	231406183	231606183	harbor2	chr1	231491042	231491093	LTR/ERVL	2050	-	26	231491068	84885
chr1	231406183	231606183	harbor2	chr1	231491734	231492168	LTR/ERVL	2050	-	217	231491951	85768
chr1	203652400	203852400	harbor2	chr1	203716092	203716651	LTR/ERVL	3227	-	280	203716372	63972
chr1	248412265	248612265	harbor2	chr1	248421139	248421555	LTR/ERVL	2333	-	208	248421347	9082
chr1	59486895	59686895	harbor2	chr1	59551912	59552318	LTR/ERVL	859	-	203	59552115	65220
chr1	175313757	175513757	harbor2	chr1	175403873	175404085	LTR/ERVL	568	-	106	175403979	90222
chr1	233993750	234193750	harbor2	chr1	234019393	234019746	LTR/ERVL	1845	-	176	234019569	25819
chr1	233993750	234193750	harbor2	chr1	234022219	234022643	LTR/ERVL	1774	-	212	234022431	28681
chr1	233993750	234193750	harbor2	chr1	234059524	234059600	LTR/ERVL	2698	-	38	234059562	65812
chr1	233993750	234193750	harbor2	chr1	234059699	234060059	LTR/ERVL	2698	-	180	234059879	66129
chr1	238635275	238835275	harbor2	chr1	238674380	238674604	LTR/ERVL	631	-	112	238674492	39217
chr1	238635275	238835275	harbor2	chr1	238674749	238675140	LTR/ERVL	705	-	196	238674945	39670
chr1	238635275	238835275	harbor2	chr1	238675783	238676442	LTR/ERVL	1326	-	330	238676113	40838
chr1	238635275	238835275	harbor2	chr1	238677661	238677864	LTR/ERVL	623	-	102	238677763	42488
chr1	238635275	238835275	harbor2	chr1	238712225	238712461	LTR/ERVL	724	-	118	238712343	77068
chr1	238635275	238835275	harbor2	chr1	238714005	238714350	LTR/ERVL	736	-	172	238714177	78902
chr1	219505965	219705965	harbor2	chr1	219591747	219591842	LTR/ERVL	835	-	48	219591795	85830
chr1	219505965	219705965	harbor2	chr1	219592153	219592258	LTR/ERVL	835	-	52	219592205	86240
chr1	219505965	219705965	harbor2	chr1	219593593	219593991	LTR/ERVL	522	-	199	219593792	87827
chr1	219505965	219705965	harbor2	chr1	219594021	219594348	LTR/ERVL	878	-	164	219594185	88220
chr1	246218848	246418848	harbor2	chr1	246255889	246255927	LTR/ERVL	2925	-	19	246255908	37060
chr1	246218848	246418848	harbor2	chr1	246256037	246256416	LTR/ERVL	2925	-	190	246256227	37379
chr1	204973204	205173204	harbor2	chr1	204983498	204983782	LTR/ERVL	1085	-	142	204983640	10436
chr1	204973204	205173204	harbor2	chr1	205036326	205036693	LTR/ERVL	1865	-	184	205036510	63306
chr1	231067764	231267764	harbor2	chr1	231068773	231069063	LTR/ERVL	1911	-	145	231068918	1154
chr1	231067764	231267764	harbor2	chr1	231069112	231069125	LTR/ERVL	1911	-	6	231069118	1354
chr1	231067764	231267764	harbor2	chr1	231069429	231069764	LTR/ERVL	1911	-	168	231069597	1833
chr1	231067764	231267764	harbor2	chr1	231070822	231070930	LTR/ERVL	1911	-	54	231070876	3112
chr1	231067764	231267764	harbor2	chr1	231096383	231096608	LTR/ERVL	540	-	112	231096495	28731
chr1	231067764	231267764	harbor2	chr1	231104918	231105293	LTR/ERVL	2080	-	188	231105106	37342
chr1	231067764	231267764	harbor2	chr1	231110389	231110749	LTR/ERVL	2009	-	180	231110569	42805
chr1	231067764	231267764	harbor2	chr1	231147204	231147371	LTR/ERVL	1107	-	84	231147288	79524
chr1	217022700	217222700	harbor2	chr1	217055227	217055741	LTR/ERVL	1842	-	257	217055484	32784
chr1	164775365	164975365	harbor2	chr1	164856987	164857754	LTR/ERVL	3001	-	384	164857371	82006
chr1	164775365	164975365	harbor2	chr1	164875145	164875294	LTR/ERVL	584	-	74	164875219	99854
chr1	96968652	97168652	harbor2	chr1	96989091	96989379	LTR/ERVL	599	-	144	96989235	20583
chr1	223951694	224151694	harbor2	chr1	223952967	223953119	LTR/ERVL	722	-	76	223953043	1349
chr1	223951694	224151694	harbor2	chr1	224016727	224016902	LTR/ERVL	499	-	88	224016815	65121
chr1	223951694	224151694	harbor2	chr1	224019900	224020159	LTR/ERVL	617	-	130	224020030	68336
chr1	237411472	237611472	harbor2	chr1	237435806	237435989	LTR/ERVL	432	-	92	237435898	24426
chr1	237411472	237611472	harbor2	chr1	237457410	237457809	LTR/ERVL	828	-	200	237457610	46138
chr1	237411472	237611472	harbor2	chr1	237481629	237482043	LTR/ERVL	982	-	207	237481836	70364
chr1	237411472	237611472	harbor2	chr1	237482951	237483206	LTR/ERVL	982	-	128	237483079	71607
chr1	237411472	237611472	harbor2	chr1	237494073	237494621	LTR/ERVL	2208	-	274	237494347	82875
chr1	167887707	168087707	harbor2	chr1	167968141	167968902	LTR/ERVL	2792	-	380	167968521	80814
chr1	78244959	78444959	harbor2	chr1	78321477	78321701	LTR/ERVL	929	-	112	78321589	76630
chr1	78244959	78444959	harbor2	chr1	78323770	78324194	LTR/ERVL	1118	-	212	78323982	79023
chr1	78244959	78444959	harbor2	chr1	78324273	78324599	LTR/ERVL	1195	-	163	78324436	79477
chr1	78244959	78444959	harbor2	chr1	78324799	78325862	LTR/ERVL	4079	-	532	78325331	80372
chr1	78244959	78444959	harbor2	chr1	78325858	78326208	LTR/ERVL	1621	-	175	78326033	81074
chr1	245986290	246186290	harbor2	chr1	246063049	246063527	LTR/ERVL	1784	-	239	246063288	76998
chr1	227863741	228063741	harbor2	chr1	227867198	227867275	LTR/ERVL	540	-	38	227867236	3495
chr1	227863741	228063741	harbor2	chr1	227867375	227867738	LTR/ERVL	2146	-	182	227867557	3816
chr1	227863741	228063741	harbor2	chr1	227906986	227907671	LTR/ERVL	3509	-	342	227907328	43587
chr1	174041563	174241563	harbor2	chr1	174049222	174049291	LTR/ERVL	421	-	34	174049256	7693
chr1	174041563	174241563	harbor2	chr1	174049572	174049912	LTR/ERVL	1078	-	170	174049742	8179
chr1	174041563	174241563	harbor2	chr1	174090544	174091050	LTR/ERVL	1677	-	253	174090797	49234
chr1	174041563	174241563	harbor2	chr1	174091343	174091600	LTR/ERVL	1677	-	128	174091471	49908
chr1	174041563	174241563	harbor2	chr1	174098362	174098699	LTR/ERVL	812	-	168	174098530	56967
chr1	242464051	242664051	harbor2	chr1	242533876	242534284	LTR/ERVL	1126	-	204	242534080	70029
chr1	102037395	102237395	harbor2	chr1	102040230	102040435	LTR/ERVL	755	-	102	102040332	2937
chr1	102037395	102237395	harbor2	chr1	102118319	102118517	LTR/ERVL	974	-	99	102118418	81023
chr1	246075828	246275828	harbor2	chr1	246110332	246110849	LTR/ERVL	2054	-	258	246110590	34762
chr1	171376014	171576014	harbor2	chr1	171475304	171475741	LTR/ERVL	1481	-	218	171475522	99508
chr1	220257701	220457701	harbor2	chr1	220335271	220335492	LTR/ERVL	561	-	110	220335381	77680
chr1	192298548	192498548	harbor2	chr1	192375669	192376137	LTR/ERVL	1509	-	234	192375903	77355
chr1	192298548	192498548	harbor2	chr1	192381502	192381898	LTR/ERVL	1269	-	198	192381700	83152
chr1	192298548	192498548	harbor2	chr1	192381938	192382061	LTR/ERVL	611	-	62	192382000	83452
chr1	192298548	192498548	harbor2	chr1	192387539	192388173	LTR/ERVL	2926	-	317	192387856	89308
chr1	230252696	230452696	harbor2	chr1	230271315	230272176	LTR/ERVL	2865	-	430	230271745	19049
chr1	230252696	230452696	harbor2	chr1	230347301	230347465	LTR/ERVL	683	-	82	230347383	94687
chr1	231307694	231507694	harbor2	chr1	231309416	231309533	LTR/ERVL	425	-	58	231309474	1780
chr1	231307694	231507694	harbor2	chr1	231309527	231309638	LTR/ERVL	532	-	56	231309583	1889
chr1	231307694	231507694	harbor2	chr1	231323708	231324394	LTR/ERVL	2071	-	343	231324051	16357
chr1	65904856	66104856	harbor2	chr1	65910495	65910909	LTR/ERVL	1160	-	207	65910702	5846
chr1	65904856	66104856	harbor2	chr1	65922409	65922835	LTR/ERVL	764	-	213	65922622	17766
chr1	65904856	66104856	harbor2	chr1	65929984	65930375	LTR/ERVL	2527	-	196	65930180	25324
chr1	65904856	66104856	harbor2	chr1	65946472	65947469	LTR/ERVL	2755	-	498	65946970	42114
chr1	65904856	66104856	harbor2	chr1	65947921	65948281	LTR/ERVL	2755	-	180	65948101	43245
chr1	65904856	66104856	harbor2	chr1	65948282	65948705	LTR/ERVL	2872	-	212	65948494	43638
chr1	65904856	66104856	harbor2	chr1	65948706	65950433	LTR/ERVL	2755	-	864	65949570	44714
chr1	65904856	66104856	harbor2	chr1	65950464	65950867	LTR/ERVL	1240	-	202	65950666	45810
chr1	65904856	66104856	harbor2	chr1	65945013	65946329	LTR/ERVL	2755	-	658	65945671	40815
chr1	65904856	66104856	harbor2	chr1	65927540	65929983	LTR/ERVL	19274	-	1222	65928762	23906
chr1	238453855	238653855	harbor2	chr1	238476401	238476642	LTR/ERVL	441	-	120	238476521	22666
chr1	238453855	238653855	harbor2	chr1	238476682	238476839	LTR/ERVL	551	-	78	238476760	22905
chr1	238453855	238653855	harbor2	chr1	238476858	238477670	LTR/ERVL	3886	-	406	238477264	23409
chr1	231714762	231914762	harbor2	chr1	231725926	231726144	LTR/ERVL	492	-	109	231726035	11273
chr1	231714762	231914762	harbor2	chr1	231726147	231726564	LTR/ERVL	967	-	208	231726355	11593
chr1	231714762	231914762	harbor2	chr1	231808515	231809189	LTR/ERVL	4012	-	337	231808852	94090
chr1	156051595	156251595	harbor2	chr1	156063090	156063139	LTR/ERVL	444	-	24	156063114	11519
chr1	156051595	156251595	harbor2	chr1	156063450	156063769	LTR/ERVL	659	-	160	156063610	12015
chr1	245437820	245637820	harbor2	chr1	245442403	245442658	LTR/ERVL	817	-	128	245442531	4711
chr1	245437820	245637820	harbor2	chr1	245465873	245466011	LTR/ERVL	457	-	69	245465942	28122
chr1	245437820	245637820	harbor2	chr1	245492634	245492775	LTR/ERVL	1559	-	70	245492704	54884
chr1	245437820	245637820	harbor2	chr1	245493077	245493572	LTR/ERVL	1559	-	248	245493325	55505
chr1	245437820	245637820	harbor2	chr1	245497613	245497737	LTR/ERVL	571	-	62	245497675	59855
chr1	245437820	245637820	harbor2	chr1	245507235	245507659	LTR/ERVL	1092	-	212	245507447	69627
chr1	225820739	226020739	harbor2	chr1	225915599	225916085	LTR/ERVL	2300	-	243	225915842	95103
chr1	206639002	206839002	harbor2	chr1	206661232	206661604	LTR/ERVL	1062	-	186	206661418	22416
chr1	206639002	206839002	harbor2	chr1	206661739	206661824	LTR/ERVL	1062	-	42	206661781	22779
chr1	244929432	245129432	harbor2	chr1	244990865	244991478	LTR/ERVL	2073	-	306	244991171	61739
chr1	199463082	199663082	harbor2	chr1	199480552	199481782	LTR/ERVL	1883	-	615	199481167	18085
chr1	199463082	199663082	harbor2	chr1	199481785	199482123	LTR/ERVL	817	-	169	199481954	18872
chr1	114303921	114503921	harbor2	chr1	114321191	114321712	LTR/ERVL	1901	-	260	114321451	17530
chr1	114303921	114503921	harbor2	chr1	114339673	114340057	LTR/ERVL	1409	-	192	114339865	35944
chr1	174021300	174221300	harbor2	chr1	174049222	174049291	LTR/ERVL	421	-	34	174049256	27956
chr1	174021300	174221300	harbor2	chr1	174049572	174049912	LTR/ERVL	1078	-	170	174049742	28442
chr1	174021300	174221300	harbor2	chr1	174090544	174091050	LTR/ERVL	1677	-	253	174090797	69497
chr1	174021300	174221300	harbor2	chr1	174091343	174091600	LTR/ERVL	1677	-	128	174091471	70171
chr1	174021300	174221300	harbor2	chr1	174098362	174098699	LTR/ERVL	812	-	168	174098530	77230
chr1	58553333	58753333	harbor2	chr1	58610619	58611015	LTR/ERVL	737	-	198	58610817	57484
chr1	58553333	58753333	harbor2	chr1	58643619	58643855	LTR/ERVL	778	-	118	58643737	90404
chr1	58553333	58753333	harbor2	chr1	58556319	58556776	LTR/ERVL	1632	-	228	58556547	3214
chr1	182513510	182713510	harbor2	chr1	182605581	182605897	LTR/ERVL	1079	-	158	182605739	92229
chr1	209241036	209441036	harbor2	chr1	209247684	209248136	LTR/ERVL	1956	-	226	209247910	6874
chr1	209241036	209441036	harbor2	chr1	209257641	209258331	LTR/ERVL	962	-	345	209257986	16950
chr1	209241036	209441036	harbor2	chr1	209259386	209259505	LTR/ERVL	460	-	60	209259446	18410
chr1	209241036	209441036	harbor2	chr1	209283261	209283884	LTR/ERVL	4809	-	312	209283573	42537
chr1	209241036	209441036	harbor2	chr1	209284197	209285370	LTR/ERVL	4809	-	586	209284783	43747
chr1	209241036	209441036	harbor2	chr1	209285490	209285906	LTR/ERVL	1192	-	208	209285698	44662
chr1	209241036	209441036	harbor2	chr1	209285928	209286159	LTR/ERVL	913	-	116	209286044	45008
chr1	209241036	209441036	harbor2	chr1	209301280	209301733	LTR/ERVL	1529	-	226	209301506	60470
chr1	211170860	211370860	harbor2	chr1	211182947	211183413	LTR/ERVL	2991	-	233	211183180	12320
chr1	44531845	44731845	harbor2	chr1	44553809	44554162	LTR/ERVL	1000	-	176	44553985	22140
chr1	203511550	203711550	harbor2	chr1	203611284	203611325	LTR/ERVL	3176	-	20	203611304	99754
chr1	164977481	165177481	harbor2	chr1	165004468	165004968	LTR/ERVL	2285	-	250	165004718	27237
chr1	164977481	165177481	harbor2	chr1	165044392	165045148	LTR/ERVL	3899	-	378	165044770	67289
chr1	246205223	246405223	harbor2	chr1	246255889	246255927	LTR/ERVL	2925	-	19	246255908	50685
chr1	246205223	246405223	harbor2	chr1	246256037	246256416	LTR/ERVL	2925	-	190	246256227	51004
chr1	169740664	169940664	harbor2	chr1	169741538	169741926	LTR/ERVL	1155	-	194	169741732	1068
chr1	169740664	169940664	harbor2	chr1	169755046	169755135	LTR/ERVL	426	-	44	169755090	14426
chr1	231702696	231902696	harbor2	chr1	231725926	231726144	LTR/ERVL	492	-	109	231726035	23339
chr1	231702696	231902696	harbor2	chr1	231726147	231726564	LTR/ERVL	967	-	208	231726355	23659
chr1	168053211	168253211	harbor2	chr1	168053439	168053947	LTR/ERVL	1157	-	254	168053693	482
chr1	95955950	96155950	harbor2	chr1	96048660	96049152	LTR/ERVL	2938	-	246	96048906	92956
chr1	228963634	229163634	harbor2	chr1	229047242	229047740	LTR/ERVL	2030	-	249	229047491	83857
chr1	228963634	229163634	harbor2	chr1	229060580	229060884	LTR/ERVL	1515	-	152	229060732	97098
chr1	228963634	229163634	harbor2	chr1	229061188	229061286	LTR/ERVL	1181	-	49	229061237	97603
chr1	94636503	94836503	harbor2	chr1	94688548	94689020	LTR/ERVL	1430	-	236	94688784	52281
chr1	94636503	94836503	harbor2	chr1	94715246	94715677	LTR/ERVL	1207	-	216	94715462	78959
chr1	94636503	94836503	harbor2	chr1	94728080	94728511	LTR/ERVL	846	-	216	94728296	91793
chr1	68304497	68504497	harbor2	chr1	68306675	68306775	LTR/ERVL	409	-	50	68306725	2228
chr1	68304497	68504497	harbor2	chr1	68307197	68307228	LTR/ERVL	409	-	16	68307213	2716
chr1	68304497	68504497	harbor2	chr1	68309163	68309447	LTR/ERVL	556	-	142	68309305	4808
chr1	68304497	68504497	harbor2	chr1	68309784	68310027	LTR/ERVL	3176	-	122	68309906	5409
chr1	68304497	68504497	harbor2	chr1	68310366	68312118	LTR/ERVL	3176	-	876	68311242	6745
chr1	68304497	68504497	harbor2	chr1	68312524	68312885	LTR/ERVL	3176	-	180	68312704	8207
chr1	68304497	68504497	harbor2	chr1	68364492	68365435	LTR/ERVL	2590	-	472	68364964	60467
chr1	216117544	216317544	harbor2	chr1	216201838	216201999	LTR/ERVL	656	-	80	216201918	84374
chr1	216117544	216317544	harbor2	chr1	216208488	216208616	LTR/ERVL	774	-	64	216208552	91008
chr1	216117544	216317544	harbor2	chr1	216208617	216209154	LTR/ERVL	2626	-	268	216208885	91341
chr1	216117544	216317544	harbor2	chr1	216209155	216209445	LTR/ERVL	774	-	145	216209300	91756
chr1	216117544	216317544	harbor2	chr1	216137487	216137855	LTR/ERVL	2843	-	184	216137671	20127
chr1	216087751	216287751	harbor2	chr1	216137487	216137855	LTR/ERVL	2843	-	184	216137671	49920
chr1	198256296	198456296	harbor2	chr1	198330843	198331354	LTR/ERVL	1125	-	256	198331099	74803
chr1	241404803	241604803	harbor2	chr1	241443836	241444106	LTR/ERVL	811	-	135	241443971	39168
chr1	241404803	241604803	harbor2	chr1	241450003	241450262	LTR/ERVL	2013	-	130	241450133	45330
chr1	241404803	241604803	harbor2	chr1	241450531	241450790	LTR/ERVL	2013	-	130	241450661	45858
chr1	241404803	241604803	harbor2	chr1	241455053	241455224	LTR/ERVL	979	-	86	241455139	50336
chr1	241404803	241604803	harbor2	chr1	241455231	241456515	LTR/ERVL	6179	-	642	241455873	51070
chr1	241404803	241604803	harbor2	chr1	241450793	241455070	LTR/ERVL	23542	-	2138	241452931	48128
chr1	238029745	238229745	harbor2	chr1	238111474	238111846	LTR/ERVL	740	-	186	238111660	81915
chr1	238029745	238229745	harbor2	chr1	238122472	238122972	LTR/ERVL	2340	-	250	238122722	92977
chr1	212211688	212411688	harbor2	chr1	212232283	212232732	LTR/ERVL	3637	-	224	212232507	20819
chr1	106642132	106842132	harbor2	chr1	106722131	106722252	LTR/ERVL	422	-	60	106722191	80059
chr1	106642132	106842132	harbor2	chr1	106722421	106722689	LTR/ERVL	843	-	134	106722555	80423
chr1	248058849	248258849	harbor2	chr1	248088894	248089448	LTR/ERVL	1468	-	277	248089171	30322
chr1	248058849	248258849	harbor2	chr1	248155634	248156420	LTR/ERVL	551	-	393	248156027	97178
chr1	238096011	238296011	harbor2	chr1	238111474	238111846	LTR/ERVL	740	-	186	238111660	15649
chr1	238096011	238296011	harbor2	chr1	238122472	238122972	LTR/ERVL	2340	-	250	238122722	26711
chr1	238096011	238296011	harbor2	chr1	238137897	238138043	LTR/ERVL	2201	-	73	238137970	41959
chr1	238096011	238296011	harbor2	chr1	238138044	238138424	LTR/ERVL	1726	-	190	238138234	42223
chr1	238096011	238296011	harbor2	chr1	238138425	238138928	LTR/ERVL	2201	-	252	238138677	42666
chr1	238096011	238296011	harbor2	chr1	238139008	238139105	LTR/ERVL	558	-	48	238139056	43045
chr1	238096011	238296011	harbor2	chr1	238145900	238145947	LTR/ERVL	2114	-	24	238145924	49913
chr1	238096011	238296011	harbor2	chr1	238146336	238146697	LTR/ERVL	2114	-	180	238146516	50505
chr1	238096011	238296011	harbor2	chr1	238146850	238147005	LTR/ERVL	754	-	78	238146928	50917
chr1	238096011	238296011	harbor2	chr1	238153384	238153670	LTR/ERVL	792	-	143	238153527	57516
chr1	238096011	238296011	harbor2	chr1	238153723	238153969	LTR/ERVL	792	-	123	238153846	57835
chr1	238096011	238296011	harbor2	chr1	238154965	238155366	LTR/ERVL	2043	-	200	238155165	59154
chr1	238096011	238296011	harbor2	chr1	238155832	238155921	LTR/ERVL	2043	-	44	238155876	59865
chr1	238096011	238296011	harbor2	chr1	238186808	238187250	LTR/ERVL	1677	-	221	238187029	91018
chr1	237409367	237609367	harbor2	chr1	237435806	237435989	LTR/ERVL	432	-	92	237435898	26531
chr1	237409367	237609367	harbor2	chr1	237457410	237457809	LTR/ERVL	828	-	200	237457610	48243
chr1	237409367	237609367	harbor2	chr1	237481629	237482043	LTR/ERVL	982	-	207	237481836	72469
chr1	237409367	237609367	harbor2	chr1	237482951	237483206	LTR/ERVL	982	-	128	237483079	73712
chr1	237409367	237609367	harbor2	chr1	237494073	237494621	LTR/ERVL	2208	-	274	237494347	84980
chr1	248149923	248349923	harbor2	chr1	248155634	248156420	LTR/ERVL	551	-	393	248156027	6104
chr1	248149923	248349923	harbor2	chr1	248158848	248159943	LTR/ERVL	2481	-	548	248159396	9473
chr1	248149923	248349923	harbor2	chr1	248160159	248160895	LTR/ERVL	1623	-	368	248160527	10604
chr1	248149923	248349923	harbor2	chr1	248213959	248214276	LTR/ERVL	752	-	158	248214117	64194
chr1	248149923	248349923	harbor2	chr1	248215760	248217188	LTR/ERVL	3117	-	714	248216474	66551
chr1	248149923	248349923	harbor2	chr1	248247461	248247714	LTR/ERVL	477	-	126	248247587	97664
chr1	248149923	248349923	harbor2	chr1	248217193	248218435	LTR/ERVL	3854	-	621	248217814	67891
chr1	171922557	172122557	harbor2	chr1	171964894	171965260	LTR/ERVL	2690	-	183	171965077	42520
chr1	171922557	172122557	harbor2	chr1	171965565	171966074	LTR/ERVL	2690	-	254	171965819	43262
chr1	171922557	172122557	harbor2	chr1	171991136	171991878	LTR/ERVL	3861	-	371	171991507	68950
chr1	112868264	113068264	harbor2	chr1	112889312	112889710	LTR/ERVL	1858	-	199	112889511	21247
chr1	182959835	183159835	harbor2	chr1	182995614	182995873	LTR/ERVL	865	-	130	182995744	35909
chr1	182959835	183159835	harbor2	chr1	182997297	182997703	LTR/ERVL	1427	-	203	182997500	37665
chr1	182959835	183159835	harbor2	chr1	182998289	182999240	LTR/ERVL	1427	-	476	182998765	38930
chr1	182959835	183159835	harbor2	chr1	182999453	182999980	LTR/ERVL	1280	-	264	182999717	39882
chr1	226731169	226931169	harbor2	chr1	226762670	226762829	LTR/ERVL	632	-	80	226762750	31581
chr1	243495700	243695700	harbor2	chr1	243526012	243526579	LTR/ERVL	1765	-	284	243526296	30596
chr1	223003259	223203259	harbor2	chr1	223047398	223047978	LTR/ERVL	2180	-	290	223047688	44429
chr1	218441910	218641910	harbor2	chr1	218528196	218528773	LTR/ERVL	1682	-	288	218528484	86574
chr1	191159213	191359213	harbor2	chr1	191206907	191207395	LTR/ERVL	1282	-	244	191207151	47938
chr1	196709840	196909840	harbor2	chr1	196735904	196736344	LTR/ERVL	1007	-	220	196736124	26284
chr1	96990780	97190780	harbor2	chr1	97076138	97076610	LTR/ERVL	1431	-	236	97076374	85594
chr1	220478557	220678557	harbor2	chr1	220540110	220540566	LTR/ERVL	1500	-	228	220540338	61781
chr1	220478557	220678557	harbor2	chr1	220550838	220551427	LTR/ERVL	1126	-	294	220551132	72575
chr1	220478557	220678557	harbor2	chr1	220551648	220554324	LTR/ERVL	11473	-	1338	220552986	74429
chr1	220478557	220678557	harbor2	chr1	220554542	220555214	LTR/ERVL	11473	-	336	220554878	76321
chr1	100043221	100243221	harbor2	chr1	100137144	100137201	LTR/ERVL	840	-	28	100137172	93951
chr1	100043221	100243221	harbor2	chr1	100137498	100137748	LTR/ERVL	840	-	125	100137623	94402
chr1	238231855	238431855	harbor2	chr1	238238521	238239036	LTR/ERVL	3393	-	258	238238779	6924
chr1	238231855	238431855	harbor2	chr1	238239364	238239577	LTR/ERVL	3393	-	106	238239470	7615
chr1	238231855	238431855	harbor2	chr1	238258503	238258863	LTR/ERVL	1603	-	180	238258683	26828
chr1	238231855	238431855	harbor2	chr1	238268651	238268835	LTR/ERVL	1763	-	92	238268743	36888
chr1	238231855	238431855	harbor2	chr1	238269143	238269493	LTR/ERVL	1763	-	175	238269318	37463
chr1	238231855	238431855	harbor2	chr1	238314307	238314830	LTR/ERVL	1468	-	262	238314569	82714
chr1	47995342	48195342	harbor2	chr1	48015530	48015987	LTR/ERVL	824	-	228	48015758	20416
chr1	228367517	228567517	harbor2	chr1	228383208	228383951	LTR/ERVL	3341	-	372	228383580	16063
chr1	215415829	215615829	harbor2	chr1	215416554	215416666	LTR/ERVL	417	-	56	215416610	781
chr1	215415829	215615829	harbor2	chr1	215483071	215483630	LTR/ERVL	1738	-	280	215483351	67522
chr1	215415829	215615829	harbor2	chr1	215509177	215509952	LTR/ERVL	2905	-	388	215509565	93736
chr1	89919810	90119810	harbor2	chr1	89959246	89960073	LTR/ERVL	3880	-	414	89959660	39850
chr1	218998799	219198799	harbor2	chr1	219027269	219027831	LTR/ERVL	2095	-	281	219027550	28751
chr1	218998799	219198799	harbor2	chr1	219060957	219061224	LTR/ERVL	585	-	134	219061091	62292
chr1	187686169	187886169	harbor2	chr1	187719445	187719727	LTR/ERVL	436	-	141	187719586	33417
chr1	187686169	187886169	harbor2	chr1	187722326	187722761	LTR/ERVL	883	-	218	187722544	36375
chr1	187686169	187886169	harbor2	chr1	187746415	187746827	LTR/ERVL	1646	-	206	187746621	60452
chr1	187686169	187886169	harbor2	chr1	187746831	187747352	LTR/ERVL	2057	-	260	187747091	60922
chr1	187686169	187886169	harbor2	chr1	187749028	187750060	LTR/ERVL	7111	-	516	187749544	63375
chr1	187686169	187886169	harbor2	chr1	187750354	187751298	LTR/ERVL	7111	-	472	187750826	64657
chr1	187686169	187886169	harbor2	chr1	187751407	187751808	LTR/ERVL	1435	-	200	187751607	65438
chr1	187686169	187886169	harbor2	chr1	187754128	187754515	LTR/ERVL	685	-	194	187754322	68153
chr1	187686169	187886169	harbor2	chr1	187772732	187772796	LTR/ERVL	486	-	32	187772764	86595
chr1	187686169	187886169	harbor2	chr1	187772979	187773480	LTR/ERVL	1463	-	250	187773229	87060
chr1	215256336	215456336	harbor2	chr1	215260980	215261592	LTR/ERVL	1075	-	306	215261286	4950
chr1	215256336	215456336	harbor2	chr1	215261768	215261980	LTR/ERVL	1204	-	106	215261874	5538
chr1	215256336	215456336	harbor2	chr1	215262172	215262452	LTR/ERVL	1204	-	140	215262312	5976
chr1	215256336	215456336	harbor2	chr1	215262586	215263266	LTR/ERVL	2218	-	340	215262926	6590
chr1	215256336	215456336	harbor2	chr1	215263809	215264126	LTR/ERVL	1117	-	158	215263967	7631
chr1	215256336	215456336	harbor2	chr1	215264477	215264711	LTR/ERVL	1117	-	117	215264594	8258
chr1	215256336	215456336	harbor2	chr1	215265423	215265925	LTR/ERVL	3993	-	251	215265674	9338
chr1	215256336	215456336	harbor2	chr1	215266215	215266987	LTR/ERVL	3993	-	386	215266601	10265
chr1	215256336	215456336	harbor2	chr1	215267655	215268429	LTR/ERVL	2388	-	387	215268042	11706
chr1	215256336	215456336	harbor2	chr1	215268754	215269127	LTR/ERVL	2388	-	186	215268940	12604
chr1	215256336	215456336	harbor2	chr1	215269537	215270012	LTR/ERVL	1625	-	238	215269775	13439
chr1	215256336	215456336	harbor2	chr1	215270060	215270274	LTR/ERVL	1625	-	107	215270167	13831
chr1	215256336	215456336	harbor2	chr1	215318543	215319092	LTR/ERVL	1930	-	274	215318817	62481
chr1	176849541	177049541	harbor2	chr1	176857336	176857760	LTR/ERVL	849	-	212	176857548	8007
chr1	176849541	177049541	harbor2	chr1	176869431	176869861	LTR/ERVL	742	-	215	176869646	20105
chr1	232015105	232215105	harbor2	chr1	232052099	232052551	LTR/ERVL	466	-	226	232052325	37220
chr1	232015105	232215105	harbor2	chr1	232058405	232058659	LTR/ERVL	918	-	127	232058532	43427
chr1	232015105	232215105	harbor2	chr1	232087101	232087290	LTR/ERVL	478	-	94	232087195	72090
chr1	232015105	232215105	harbor2	chr1	232097095	232097558	LTR/ERVL	981	-	232	232097327	82222
chr1	232015105	232215105	harbor2	chr1	232062855	232063329	LTR/ERVL	1245	-	237	232063092	47987
chr1	146814543	147014543	harbor2	chr1	146830418	146830816	LTR/ERVL	1691	-	199	146830617	16074
chr1	146814543	147014543	harbor2	chr1	146833523	146833928	LTR/ERVL	1456	-	202	146833725	19182
chr1	146814543	147014543	harbor2	chr1	146834234	146834315	LTR/ERVL	1456	-	40	146834274	19731
chr1	146814543	147014543	harbor2	chr1	146834615	146834825	LTR/ERVL	1456	-	105	146834720	20177
chr1	146814543	147014543	harbor2	chr1	146859818	146860065	LTR/ERVL	642	-	124	146859942	45399
chr1	146814543	147014543	harbor2	chr1	146878023	146878334	LTR/ERVL	534	-	156	146878179	63636
chr1	226058123	226258123	harbor2	chr1	226085781	226086572	LTR/ERVL	2434	-	396	226086177	28054
chr1	226058123	226258123	harbor2	chr1	226086859	226087362	LTR/ERVL	2335	-	252	226087111	28988
chr1	226058123	226258123	harbor2	chr1	226111078	226111487	LTR/ERVL	717	-	204	226111282	53159
chr1	193560790	193760790	harbor2	chr1	193601173	193601456	LTR/ERVL	666	-	142	193601315	40525
chr1	193560790	193760790	harbor2	chr1	193601769	193601903	LTR/ERVL	666	-	67	193601836	41046
chr1	193560790	193760790	harbor2	chr1	193625189	193625489	LTR/ERVL	561	-	150	193625339	64549
chr1	190556118	190756118	harbor2	chr1	190582368	190582887	LTR/ERVL	2278	-	260	190582628	26510
chr1	190556118	190756118	harbor2	chr1	190600330	190600732	LTR/ERVL	945	-	201	190600531	44413
chr1	190556118	190756118	harbor2	chr1	190607624	190607958	LTR/ERVL	828	-	167	190607791	51673
chr1	104648807	104848807	harbor2	chr1	104651397	104651643	LTR/ERVL	747	-	123	104651520	2713
chr1	104648807	104848807	harbor2	chr1	104747395	104747870	LTR/ERVL	568	-	238	104747633	98826
chr1	181855680	182055680	harbor2	chr1	181897523	181898077	LTR/ERVL	1571	-	277	181897800	42120
chr1	181855680	182055680	harbor2	chr1	181911435	181911857	LTR/ERVL	1837	-	211	181911646	55966
chr1	116163884	116363884	harbor2	chr1	116192123	116192606	LTR/ERVL	745	-	242	116192365	28481
chr1	116163884	116363884	harbor2	chr1	116218739	116219159	LTR/ERVL	1591	-	210	116218949	55065
chr1	154343451	154543451	harbor2	chr1	154389260	154389634	LTR/ERVL	1432	-	187	154389447	45996
chr1	154343451	154543451	harbor2	chr1	154390556	154390588	LTR/ERVL	1432	-	16	154390572	47121
chr1	154343451	154543451	harbor2	chr1	154390893	154390967	LTR/ERVL	1432	-	37	154390930	47479
chr1	154343451	154543451	harbor2	chr1	154391516	154391541	LTR/ERVL	1432	-	12	154391528	48077
chr1	216853558	217053558	harbor2	chr1	216935064	216935620	LTR/ERVL	3122	-	278	216935342	81784
chr1	216853558	217053558	harbor2	chr1	216935915	216936232	LTR/ERVL	3122	-	158	216936073	82515
chr1	248051005	248251005	harbor2	chr1	248088894	248089448	LTR/ERVL	1468	-	277	248089171	38166
chr1	215893309	216093309	harbor2	chr1	215983689	215984203	LTR/ERVL	1048	-	257	215983946	90637
chr1	73702043	73902043	harbor2	chr1	73714373	73714654	LTR/ERVL	482	-	140	73714513	12470
chr1	73702043	73902043	harbor2	chr1	73728284	73728642	LTR/ERVL	1042	-	179	73728463	26420
chr1	73702043	73902043	harbor2	chr1	73754287	73754608	LTR/ERVL	933	-	160	73754447	52404
chr1	73702043	73902043	harbor2	chr1	73755631	73756543	LTR/ERVL	3284	-	456	73756087	54044
chr1	73702043	73902043	harbor2	chr1	73788168	73788299	LTR/ERVL	813	-	66	73788234	86191
chr1	73702043	73902043	harbor2	chr1	73788301	73789268	LTR/ERVL	2972	-	484	73788785	86742
chr1	73702043	73902043	harbor2	chr1	73789267	73790137	LTR/ERVL	5008	-	435	73789702	87659
chr1	73702043	73902043	harbor2	chr1	73790138	73791221	LTR/ERVL	3292	-	542	73790680	88637
chr1	73702043	73902043	harbor2	chr1	73791222	73791695	LTR/ERVL	2150	-	236	73791458	89415
chr1	192878717	193078717	harbor2	chr1	192886255	192886414	LTR/ERVL	1696	-	80	192886335	7618
chr1	192878717	193078717	harbor2	chr1	192887191	192887738	LTR/ERVL	1696	-	274	192887465	8748
chr1	192878717	193078717	harbor2	chr1	192908188	192908643	LTR/ERVL	929	-	228	192908416	29699
chr1	102484159	102684159	harbor2	chr1	102484312	102484930	LTR/ERVL	1783	-	309	102484621	462
chr1	102484159	102684159	harbor2	chr1	102518368	102518740	LTR/ERVL	811	-	186	102518554	34395
chr1	102484159	102684159	harbor2	chr1	102518936	102519953	LTR/ERVL	885	-	508	102519444	35285
chr1	102484159	102684159	harbor2	chr1	102539096	102539377	LTR/ERVL	812	-	140	102539236	55077
chr1	102484159	102684159	harbor2	chr1	102556946	102557284	LTR/ERVL	2306	-	169	102557115	72956
chr1	102484159	102684159	harbor2	chr1	102557285	102557990	LTR/ERVL	5290	-	352	102557637	73478
chr1	206211439	206411439	harbor2	chr1	206291960	206292402	LTR/ERVL	561	-	221	206292181	80742
chr1	188904227	189104227	harbor2	chr1	188940601	188940786	LTR/ERVL	463	-	92	188940693	36466
chr1	188904227	189104227	harbor2	chr1	188965015	188965144	LTR/ERVL	693	-	64	188965079	60852
chr1	188904227	189104227	harbor2	chr1	188940147	188940562	LTR/ERVL	860	-	208	188940355	36128
chr1	208454815	208654815	harbor2	chr1	208489233	208489877	LTR/ERVL	1990	-	322	208489555	34740
chr1	208454815	208654815	harbor2	chr1	208523273	208523465	LTR/ERVL	730	-	96	208523369	68554
chr1	208454815	208654815	harbor2	chr1	208541333	208541824	LTR/ERVL	1542	-	246	208541579	86764
chr1	246157927	246357927	harbor2	chr1	246255889	246255927	LTR/ERVL	2925	-	19	246255908	97981
chr1	246157927	246357927	harbor2	chr1	246256037	246256416	LTR/ERVL	2925	-	190	246256227	98300
chr1	244323369	244523369	harbor2	chr1	244349073	244349467	LTR/ERVL	1214	-	197	244349270	25901
chr1	244323369	244523369	harbor2	chr1	244349983	244350317	LTR/ERVL	633	-	167	244350150	26781
chr1	244323369	244523369	harbor2	chr1	244350618	244350709	LTR/ERVL	633	-	46	244350664	27295
chr1	244323369	244523369	harbor2	chr1	244363485	244363995	LTR/ERVL	1149	-	255	244363740	40371
chr1	244323369	244523369	harbor2	chr1	244364890	244365245	LTR/ERVL	2482	-	178	244365068	41699
chr1	244323369	244523369	harbor2	chr1	244365609	244365672	LTR/ERVL	2482	-	32	244365641	42272
chr1	244323369	244523369	harbor2	chr1	244375211	244375301	LTR/ERVL	435	-	45	244375256	51887
chr1	244323369	244523369	harbor2	chr1	244390034	244390510	LTR/ERVL	2595	-	238	244390272	66903
chr1	244323369	244523369	harbor2	chr1	244390825	244391179	LTR/ERVL	11793	-	177	244391002	67633
chr1	244323369	244523369	harbor2	chr1	244391471	244392185	LTR/ERVL	11793	-	357	244391828	68459
chr1	244323369	244523369	harbor2	chr1	244392218	244392722	LTR/ERVL	11793	-	252	244392470	69101
chr1	244323369	244523369	harbor2	chr1	244393021	244393161	LTR/ERVL	11793	-	70	244393091	69722
chr1	244323369	244523369	harbor2	chr1	244393580	244394239	LTR/ERVL	11793	-	330	244393910	70541
chr1	244323369	244523369	harbor2	chr1	244396128	244396467	LTR/ERVL	1888	-	170	244396298	72929
chr1	244323369	244523369	harbor2	chr1	244396863	244397420	LTR/ERVL	3616	-	278	244397141	73772
chr1	244323369	244523369	harbor2	chr1	244397426	244397674	LTR/ERVL	1249	-	124	244397550	74181
chr1	244323369	244523369	harbor2	chr1	244398006	244398114	LTR/ERVL	789	-	54	244398060	74691
chr1	244323369	244523369	harbor2	chr1	244398431	244398541	LTR/ERVL	789	-	55	244398486	75117
chr1	244323369	244523369	harbor2	chr1	244398641	244398720	LTR/ERVL	409	-	40	244398681	75312
chr1	244323369	244523369	harbor2	chr1	244398725	244399244	LTR/ERVL	1960	-	260	244398985	75616
chr1	238340873	238540873	harbor2	chr1	238394297	238394726	LTR/ERVL	1847	-	214	238394511	53638
chr1	238340873	238540873	harbor2	chr1	238399917	238400451	LTR/ERVL	2625	-	267	238400184	59311
chr1	187375490	187575490	harbor2	chr1	187427795	187428245	LTR/ERVL	3114	-	225	187428020	52530
chr1	187375490	187575490	harbor2	chr1	187428609	187429054	LTR/ERVL	3114	-	222	187428831	53341
chr1	187375490	187575490	harbor2	chr1	187447811	187448304	LTR/ERVL	1297	-	246	187448057	72567
chr1	187375490	187575490	harbor2	chr1	187456580	187457102	LTR/ERVL	2310	-	261	187456841	81351
chr1	187375490	187575490	harbor2	chr1	187457275	187457654	LTR/ERVL	926	-	190	187457465	81975
chr1	187375490	187575490	harbor2	chr1	187457656	187458055	LTR/ERVL	1029	-	200	187457856	82366
chr1	227568675	227768675	harbor2	chr1	227583519	227584147	LTR/ERVL	1959	-	314	227583833	15158
chr1	227568675	227768675	harbor2	chr1	227616684	227616898	LTR/ERVL	1045	-	107	227616791	48116
chr1	227568675	227768675	harbor2	chr1	227622711	227622932	LTR/ERVL	926	-	110	227622821	54146
chr1	148386489	148586489	harbor2	chr1	148399090	148399177	LTR/ERVL	2628	-	44	148399134	12645
chr1	148386489	148586489	harbor2	chr1	148399317	148399672	LTR/ERVL	2628	-	178	148399495	13006
chr1	148386489	148586489	harbor2	chr1	148404159	148404534	LTR/ERVL	1120	-	188	148404347	17858
chr1	148386489	148586489	harbor2	chr1	148484032	148485003	LTR/ERVL	1659	-	486	148484518	98029
chr1	148386489	148586489	harbor2	chr1	148485316	148485419	LTR/ERVL	1659	-	52	148485368	98879
chr1	248343681	248543681	harbor2	chr1	248389514	248390234	LTR/ERVL	4239	-	360	248389874	46193
chr1	248343681	248543681	harbor2	chr1	248421139	248421555	LTR/ERVL	2333	-	208	248421347	77666
chr1	177464328	177664328	harbor2	chr1	177562712	177563023	LTR/ERVL	443	-	156	177562868	98540
chr1	231106840	231306840	harbor2	chr1	231110389	231110749	LTR/ERVL	2009	-	180	231110569	3729
chr1	231106840	231306840	harbor2	chr1	231147204	231147371	LTR/ERVL	1107	-	84	231147288	40448
chr1	231106840	231306840	harbor2	chr1	231175356	231175793	LTR/ERVL	1867	-	218	231175574	68734
chr2	224224135	224424135	harbor2	chr2	224302923	224303349	LTR/ERVL	2269	-	213	224303136	79001
chr2	188091667	188291667	harbor2	chr2	188181785	188182170	LTR/ERVL	1132	-	192	188181977	90310
chr2	241845072	242045072	harbor2	chr2	241879862	241880090	LTR/ERVL	509	-	114	241879976	34904
chr2	233589012	233789012	harbor2	chr2	233665502	233665756	LTR/ERVL	409	-	127	233665629	76617
chr2	218996117	219196117	harbor2	chr2	219037533	219037727	LTR/ERVL	592	-	97	219037630	41513
chr2	201502385	201702385	harbor2	chr2	201515030	201515202	LTR/ERVL	1020	-	86	201515116	12731
chr2	201502385	201702385	harbor2	chr2	201515468	201515595	LTR/ERVL	1020	-	64	201515532	13147
chr2	201502385	201702385	harbor2	chr2	201517184	201517475	LTR/ERVL	493	-	146	201517330	14945
chr2	201502385	201702385	harbor2	chr2	201517477	201517607	LTR/ERVL	630	-	65	201517542	15157
chr2	201502385	201702385	harbor2	chr2	201517608	201519159	LTR/ERVL	4925	-	776	201518384	15999
chr2	201502385	201702385	harbor2	chr2	201567350	201567835	LTR/ERVL	2568	-	242	201567592	65207
chr2	201502385	201702385	harbor2	chr2	201567836	201569900	LTR/ERVL	13224	-	1032	201568868	66483
chr2	201502385	201702385	harbor2	chr2	201570193	201570350	LTR/ERVL	13224	-	78	201570271	67886
chr2	148649890	148849890	harbor2	chr2	148738800	148739212	LTR/ERVL	488	-	206	148739006	89116
chr2	191063338	191263338	harbor2	chr2	191071759	191072024	LTR/ERVL	699	-	132	191071891	8553
chr2	191063338	191263338	harbor2	chr2	191083117	191083386	LTR/ERVL	973	-	134	191083251	19913
chr2	173845788	174045788	harbor2	chr2	173847576	173847727	LTR/ERVL	522	-	76	173847652	1864
chr2	96700455	96900455	harbor2	chr2	96780304	96780427	LTR/ERVL	798	-	62	96780366	79911
chr2	96700455	96900455	harbor2	chr2	96780560	96780714	LTR/ERVL	798	-	77	96780637	80182
chr2	96700455	96900455	harbor2	chr2	96781511	96781796	LTR/ERVL	798	-	142	96781653	81198
chr2	230510549	230710549	harbor2	chr2	230537290	230537622	LTR/ERVL	477	-	166	230537456	26907
chr2	230510549	230710549	harbor2	chr2	230538201	230538487	LTR/ERVL	553	-	143	230538344	27795
chr2	230510549	230710549	harbor2	chr2	230539764	230539923	LTR/ERVL	433	-	80	230539844	29295
chr2	230510549	230710549	harbor2	chr2	230569217	230569473	LTR/ERVL	614	-	128	230569345	58796
chr2	230510549	230710549	harbor2	chr2	230569991	230570375	LTR/ERVL	1150	-	192	230570183	59634
chr2	241957201	242157201	harbor2	chr2	242022570	242022884	LTR/ERVL	419	-	157	242022727	65526
chr2	123192333	123392333	harbor2	chr2	123262945	123263201	LTR/ERVL	503	-	128	123263073	70740
chr2	123192333	123392333	harbor2	chr2	123272200	123272704	LTR/ERVL	2017	-	252	123272452	80119
chr2	123192333	123392333	harbor2	chr2	123277775	123278070	LTR/ERVL	466	-	148	123277923	85590
chr2	154137434	154337434	harbor2	chr2	154168175	154168484	LTR/ERVL	1933	-	154	154168329	30895
chr2	154137434	154337434	harbor2	chr2	154169265	154169320	LTR/ERVL	1933	-	28	154169293	31859
chr2	154137434	154337434	harbor2	chr2	154169470	154169790	LTR/ERVL	940	-	160	154169630	32196
chr2	154137434	154337434	harbor2	chr2	154170134	154170381	LTR/ERVL	1632	-	124	154170258	32824
chr2	240485428	240685428	harbor2	chr2	240565546	240565713	LTR/ERVL	440	-	84	240565630	80202
chr2	228308760	228508760	harbor2	chr2	228389170	228389620	LTR/ERVL	1237	-	225	228389395	80635
chr2	189967004	190167004	harbor2	chr2	190026555	190026789	LTR/ERVL	501	-	117	190026672	59668
chr2	171353917	171553917	harbor2	chr2	171409444	171409695	LTR/ERVL	648	-	126	171409570	55653
chr2	171353917	171553917	harbor2	chr2	171409743	171409957	LTR/ERVL	971	-	107	171409850	55933
chr2	201676087	201876087	harbor2	chr2	201695504	201695667	LTR/ERVL	489	-	82	201695586	19499
chr2	229281317	229481317	harbor2	chr2	229314691	229315052	LTR/ERVL	601	-	180	229314871	33554
chr2	182581973	182781973	harbor2	chr2	182591120	182591535	LTR/ERVL	2582	-	208	182591328	9355
chr2	182581973	182781973	harbor2	chr2	182591767	182592072	LTR/ERVL	2582	-	152	182591919	9946
chr2	182581973	182781973	harbor2	chr2	182607729	182608017	LTR/ERVL	782	-	144	182607873	25900
chr2	182581973	182781973	harbor2	chr2	182630933	182631312	LTR/ERVL	1849	-	190	182631123	49150
chr2	182581973	182781973	harbor2	chr2	182631449	182631619	LTR/ERVL	1849	-	85	182631534	49561
chr2	182581973	182781973	harbor2	chr2	182652741	182653373	LTR/ERVL	454	-	316	182653057	71084
chr2	182581973	182781973	harbor2	chr2	182653419	182653825	LTR/ERVL	739	-	203	182653622	71649
chr2	182581973	182781973	harbor2	chr2	182653830	182654408	LTR/ERVL	1233	-	289	182654119	72146
chr2	182581973	182781973	harbor2	chr2	182654435	182655617	LTR/ERVL	1094	-	591	182655026	73053
chr2	182581973	182781973	harbor2	chr2	182666919	182667641	LTR/ERVL	2149	-	361	182667280	85307
chr2	182581973	182781973	harbor2	chr2	182668545	182669053	LTR/ERVL	1295	-	254	182668799	86826
chr2	168617520	168817520	harbor2	chr2	168635138	168635561	LTR/ERVL	889	-	212	168635350	17830
chr2	235579117	235779117	harbor2	chr2	235600470	235600901	LTR/ERVL	3080	-	216	235600686	21569
chr2	235579117	235779117	harbor2	chr2	235637697	235638140	LTR/ERVL	1877	-	222	235637919	58802
chr2	235579117	235779117	harbor2	chr2	235671632	235671899	LTR/ERVL	538	-	134	235671766	92649
chr2	234952307	235152307	harbor2	chr2	234984759	234985028	LTR/ERVL	553	-	134	234984893	32586
chr2	234952307	235152307	harbor2	chr2	234994765	234995166	LTR/ERVL	513	-	200	234994965	42658
chr2	234736652	234936652	harbor2	chr2	234804733	234805067	LTR/ERVL	1073	-	167	234804900	68248
chr2	234736652	234936652	harbor2	chr2	234813954	234814499	LTR/ERVL	2379	-	272	234814226	77574
chr2	234396660	234596660	harbor2	chr2	234419707	234419977	LTR/ERVL	1964	-	135	234419842	23182
chr2	234396660	234596660	harbor2	chr2	234420284	234420478	LTR/ERVL	1964	-	97	234420381	23721
chr2	188548667	188748667	harbor2	chr2	188609746	188609937	LTR/ERVL	452	-	96	188609842	61175
chr2	188548667	188748667	harbor2	chr2	188612132	188612604	LTR/ERVL	717	-	236	188612368	63701
chr2	188548667	188748667	harbor2	chr2	188620149	188620257	LTR/ERVL	403	-	54	188620203	71536
chr2	188548667	188748667	harbor2	chr2	188621919	188622233	LTR/ERVL	714	-	157	188622076	73409
chr2	188548667	188748667	harbor2	chr2	188640217	188640398	LTR/ERVL	566	-	90	188640307	91640
chr2	188548667	188748667	harbor2	chr2	188640559	188640911	LTR/ERVL	1035	-	176	188640735	92068
chr2	232266425	232466425	harbor2	chr2	232308919	232309023	LTR/ERVL	406	-	52	232308971	42546
chr2	232266425	232466425	harbor2	chr2	232309296	232309507	LTR/ERVL	985	-	106	232309402	42977
chr2	232266425	232466425	harbor2	chr2	232309712	232309881	LTR/ERVL	441	-	84	232309796	43371
chr2	213880953	214080953	harbor2	chr2	213913769	213914102	LTR/ERVL	1709	-	166	213913935	32982
chr2	213880953	214080953	harbor2	chr2	213945333	213945730	LTR/ERVL	2858	-	198	213945531	64578
chr2	213880953	214080953	harbor2	chr2	213957844	213958523	LTR/ERVL	3229	-	340	213958184	77231
chr2	213880953	214080953	harbor2	chr2	213972221	213972718	LTR/ERVL	2074	-	248	213972469	91516
chr2	134937452	135137452	harbor2	chr2	134991789	134992283	LTR/ERVL	2335	-	247	134992036	54584
chr2	199006957	199206957	harbor2	chr2	199066729	199067013	LTR/ERVL	561	-	142	199066871	59914
chr2	177353826	177553826	harbor2	chr2	177363103	177363604	LTR/ERVL	1345	-	250	177363353	9527
chr2	177353826	177553826	harbor2	chr2	177399435	177399623	LTR/ERVL	617	-	94	177399529	45703
chr2	241465292	241665292	harbor2	chr2	241482057	241482373	LTR/ERVL	486	-	158	241482215	16923
chr2	241465292	241665292	harbor2	chr2	241530561	241530972	LTR/ERVL	1401	-	206	241530767	65475
chr2	241465292	241665292	harbor2	chr2	241534024	241534254	LTR/ERVL	497	-	115	241534139	68847
chr2	241465292	241665292	harbor2	chr2	241535983	241536526	LTR/ERVL	2451	-	272	241536255	70963
chr2	57469719	57669719	harbor2	chr2	57563402	57563784	LTR/ERVL	575	-	191	57563593	93874
chr2	203777634	203977634	harbor2	chr2	203797971	203798046	LTR/ERVL	969	-	38	203798009	20375
chr2	203777634	203977634	harbor2	chr2	203798345	203798531	LTR/ERVL	969	-	93	203798438	20804
chr2	203777634	203977634	harbor2	chr2	203801858	203801989	LTR/ERVL	446	-	66	203801924	24290
chr2	203777634	203977634	harbor2	chr2	203810151	203810375	LTR/ERVL	735	-	112	203810263	32629
chr2	203777634	203977634	harbor2	chr2	203818930	203819394	LTR/ERVL	2163	-	232	203819162	41528
chr2	203777634	203977634	harbor2	chr2	203833749	203833827	LTR/ERVL	1232	-	39	203833788	56154
chr2	203777634	203977634	harbor2	chr2	203834126	203834563	LTR/ERVL	1232	-	218	203834344	56710
chr2	203777634	203977634	harbor2	chr2	203834935	203835030	LTR/ERVL	1197	-	48	203834983	57349
chr2	157174367	157374367	harbor2	chr2	157213774	157214067	LTR/ERVL	778	-	146	157213920	39553
chr2	157174367	157374367	harbor2	chr2	157214227	157214398	LTR/ERVL	1080	-	86	157214313	39946
chr2	157174367	157374367	harbor2	chr2	157255853	157256430	LTR/ERVL	2928	-	288	157256141	81774
chr2	225205974	225405974	harbor2	chr2	225213453	225213714	LTR/ERVL	1067	-	130	225213583	7609
chr2	225205974	225405974	harbor2	chr2	225288947	225289423	LTR/ERVL	1290	-	238	225289185	83211
chr2	180190418	180390418	harbor2	chr2	180203716	180204107	LTR/ERVL	572	-	196	180203912	13494
chr2	180190418	180390418	harbor2	chr2	180219073	180219335	LTR/ERVL	1164	-	131	180219204	28786
chr2	180190418	180390418	harbor2	chr2	180222691	180223269	LTR/ERVL	1205	-	289	180222980	32562
chr2	180190418	180390418	harbor2	chr2	180223296	180223612	LTR/ERVL	1236	-	158	180223454	33036
chr2	180190418	180390418	harbor2	chr2	180223691	180223968	LTR/ERVL	1196	-	138	180223829	33411
chr2	180190418	180390418	harbor2	chr2	180225699	180226739	LTR/ERVL	6675	-	520	180226219	35801
chr2	180190418	180390418	harbor2	chr2	180226979	180227863	LTR/ERVL	6675	-	442	180227421	37003
chr2	180190418	180390418	harbor2	chr2	180227884	180228087	LTR/ERVL	861	-	102	180227986	37568
chr2	180190418	180390418	harbor2	chr2	180228112	180228654	LTR/ERVL	2118	-	271	180228383	37965
chr2	180190418	180390418	harbor2	chr2	180228672	180229303	LTR/ERVL	1603	-	316	180228988	38570
chr2	180190418	180390418	harbor2	chr2	180263626	180264143	LTR/ERVL	886	-	258	180263884	73466
chr2	180190418	180390418	harbor2	chr2	180265702	180265901	LTR/ERVL	421	-	100	180265802	75384
chr2	210938248	211138248	harbor2	chr2	211017128	211017554	LTR/ERVL	805	-	213	211017341	79093
chr2	235445541	235645541	harbor2	chr2	235500747	235501183	LTR/ERVL	2391	-	218	235500965	55424
chr2	124433387	124633387	harbor2	chr2	124468129	124468678	LTR/ERVL	1491	-	274	124468403	35016
chr2	124433387	124633387	harbor2	chr2	124485713	124485923	LTR/ERVL	507	-	105	124485818	52431
chr2	124433387	124633387	harbor2	chr2	124494542	124494612	LTR/ERVL	416	-	35	124494577	61190
chr2	124433387	124633387	harbor2	chr2	124499784	124500000	LTR/ERVL	512	-	108	124499892	66505
chr2	124433387	124633387	harbor2	chr2	124500060	124500254	LTR/ERVL	826	-	97	124500157	66770
chr2	226416283	226616283	harbor2	chr2	226419339	226419631	LTR/ERVL	427	-	146	226419485	3202
chr2	226416283	226616283	harbor2	chr2	226419745	226420412	LTR/ERVL	1569	-	334	226420079	3796
chr2	226416283	226616283	harbor2	chr2	226420526	226420799	LTR/ERVL	513	-	136	226420662	4379
chr2	226416283	226616283	harbor2	chr2	226420799	226420962	LTR/ERVL	538	-	82	226420881	4598
chr2	226416283	226616283	harbor2	chr2	226421997	226422277	LTR/ERVL	902	-	140	226422137	5854
chr2	226416283	226616283	harbor2	chr2	226510896	226511281	LTR/ERVL	1334	-	192	226511088	94805
chr2	226416283	226616283	harbor2	chr2	226511284	226511686	LTR/ERVL	1338	-	201	226511485	95202
chr2	223711393	223911393	harbor2	chr2	223729901	223730402	LTR/ERVL	1540	-	250	223730151	18758
chr2	223711393	223911393	harbor2	chr2	223744281	223744881	LTR/ERVL	2227	-	300	223744581	33188
chr2	223711393	223911393	harbor2	chr2	223787754	223787963	LTR/ERVL	658	-	104	223787858	76465
chr2	223711393	223911393	harbor2	chr2	223788246	223788302	LTR/ERVL	658	-	28	223788274	76881
chr2	240927621	241127621	harbor2	chr2	240954245	240954830	LTR/ERVL	943	-	292	240954537	26916
chr2	240927621	241127621	harbor2	chr2	241017184	241017549	LTR/ERVL	1121	-	182	241017366	89745
chr2	240927621	241127621	harbor2	chr2	241017663	241017950	LTR/ERVL	2823	-	144	241017807	90186
chr2	240927621	241127621	harbor2	chr2	241018046	241019840	LTR/ERVL	2823	-	897	241018943	91322
chr2	240927621	241127621	harbor2	chr2	241020326	241020543	LTR/ERVL	767	-	108	241020434	92813
chr2	72744643	72944643	harbor2	chr2	72774669	72775500	LTR/ERVL	2572	-	416	72775085	30442
chr2	203551851	203751851	harbor2	chr2	203636694	203636977	LTR/ERVL	1305	-	142	203636836	84985
chr2	241108461	241308461	harbor2	chr2	241113593	241113715	LTR/ERVL	410	-	61	241113654	5193
chr2	205106837	205306837	harbor2	chr2	205183693	205183730	LTR/ERVL	2335	-	18	205183711	76874
chr2	205106837	205306837	harbor2	chr2	205183775	205184237	LTR/ERVL	2335	-	231	205184006	77169
chr2	238482499	238682499	harbor2	chr2	238490159	238490399	LTR/ERVL	1092	-	120	238490279	7780
chr2	222917583	223117583	harbor2	chr2	222956813	222956979	LTR/ERVL	854	-	83	222956896	39313
chr2	222917583	223117583	harbor2	chr2	223009432	223009686	LTR/ERVL	2323	-	127	223009559	91976
chr2	222917583	223117583	harbor2	chr2	223010031	223010273	LTR/ERVL	2323	-	121	223010152	92569
chr2	190765097	190965097	harbor2	chr2	190817894	190818455	LTR/ERVL	2979	-	280	190818174	53077
chr2	241859547	242059547	harbor2	chr2	241879862	241880090	LTR/ERVL	509	-	114	241879976	20429
chr2	84989646	85189646	harbor2	chr2	85058835	85059028	LTR/ERVL	640	-	96	85058931	69285
chr2	149596618	149796618	harbor2	chr2	149599565	149600094	LTR/ERVL	2639	-	264	149599829	3211
chr2	149596618	149796618	harbor2	chr2	149610969	149611089	LTR/ERVL	477	-	60	149611029	14411
chr2	149596618	149796618	harbor2	chr2	149611064	149611342	LTR/ERVL	446	-	139	149611203	14585
chr2	149596618	149796618	harbor2	chr2	149647407	149647501	LTR/ERVL	404	-	47	149647454	50836
chr2	149596618	149796618	harbor2	chr2	149678632	149678704	LTR/ERVL	2952	-	36	149678668	82050
chr2	149596618	149796618	harbor2	chr2	149678737	149679248	LTR/ERVL	2952	-	256	149678993	82375
chr2	215840333	216040333	harbor2	chr2	215848653	215849119	LTR/ERVL	2717	-	233	215848886	8553
chr2	215840333	216040333	harbor2	chr2	215857287	215857684	LTR/ERVL	1059	-	198	215857485	17152
chr2	215840333	216040333	harbor2	chr2	215862862	215863377	LTR/ERVL	2734	-	258	215863120	22787
chr2	215840333	216040333	harbor2	chr2	215872877	215873448	LTR/ERVL	2031	-	286	215873163	32830
chr2	215840333	216040333	harbor2	chr2	215880444	215880854	LTR/ERVL	1508	-	205	215880649	40316
chr2	215840333	216040333	harbor2	chr2	215932289	215932647	LTR/ERVL	1031	-	179	215932468	92135
chr2	215840333	216040333	harbor2	chr2	215939233	215939621	LTR/ERVL	735	-	194	215939427	99094
chr2	215840333	216040333	harbor2	chr2	215939678	215939893	LTR/ERVL	490	-	108	215939786	99453
chr2	233170747	233370747	harbor2	chr2	233214342	233214476	LTR/ERVL	564	-	67	233214409	43662
chr2	233170747	233370747	harbor2	chr2	233221418	233221966	LTR/ERVL	1952	-	274	233221692	50945
chr2	233170747	233370747	harbor2	chr2	233226602	233227057	LTR/ERVL	989	-	228	233226830	56083
chr2	233170747	233370747	harbor2	chr2	233232182	233232542	LTR/ERVL	777	-	180	233232362	61615
chr2	233170747	233370747	harbor2	chr2	233237306	233237528	LTR/ERVL	1880	-	111	233237417	66670
chr2	233170747	233370747	harbor2	chr2	233237916	233238135	LTR/ERVL	1880	-	110	233238026	67279
chr2	127462755	127662755	harbor2	chr2	127480000	127480681	LTR/ERVL	1429	-	340	127480340	17585
chr2	127462755	127662755	harbor2	chr2	127534386	127534798	LTR/ERVL	1860	-	206	127534592	71837
chr2	127462755	127662755	harbor2	chr2	127534809	127534977	LTR/ERVL	710	-	84	127534893	72138
chr2	127462755	127662755	harbor2	chr2	127535282	127535365	LTR/ERVL	710	-	42	127535324	72569
chr2	195318620	195518620	harbor2	chr2	195330533	195330924	LTR/ERVL	704	-	196	195330729	12109
chr2	223624939	223824939	harbor2	chr2	223638880	223639226	LTR/ERVL	670	-	173	223639053	14114
chr2	223624939	223824939	harbor2	chr2	223647145	223647560	LTR/ERVL	828	-	208	223647353	22414
chr2	223624939	223824939	harbor2	chr2	223647561	223647839	LTR/ERVL	720	-	139	223647700	22761
chr2	223624939	223824939	harbor2	chr2	223648800	223649153	LTR/ERVL	1107	-	176	223648976	24037
chr2	223624939	223824939	harbor2	chr2	223649451	223649620	LTR/ERVL	1107	-	84	223649535	24596
chr2	230038502	230238502	harbor2	chr2	230104841	230105333	LTR/ERVL	2142	-	246	230105087	66585
chr2	230038502	230238502	harbor2	chr2	230118645	230118871	LTR/ERVL	1824	-	113	230118758	80256
chr2	207938153	208138153	harbor2	chr2	207941104	207941278	LTR/ERVL	604	-	87	207941191	3038
chr2	207938153	208138153	harbor2	chr2	207943351	207943586	LTR/ERVL	856	-	118	207943469	5316
chr2	207938153	208138153	harbor2	chr2	207943896	207943993	LTR/ERVL	865	-	48	207943944	5791
chr2	207938153	208138153	harbor2	chr2	207989681	207990103	LTR/ERVL	799	-	211	207989892	51739
chr2	207938153	208138153	harbor2	chr2	208034865	208035057	LTR/ERVL	787	-	96	208034961	96808
chr2	169728161	169928161	harbor2	chr2	169779807	169779912	LTR/ERVL	519	-	52	169779859	51698
chr2	169728161	169928161	harbor2	chr2	169793146	169793420	LTR/ERVL	863	-	137	169793283	65122
chr2	54896789	55096789	harbor2	chr2	54900348	54900841	LTR/ERVL	1293	-	246	54900594	3805
chr2	54896789	55096789	harbor2	chr2	54938021	54938063	LTR/ERVL	539	-	21	54938042	41253
chr2	54896789	55096789	harbor2	chr2	54938314	54938711	LTR/ERVL	539	-	198	54938512	41723
chr2	209097031	209297031	harbor2	chr2	209099223	209099761	LTR/ERVL	2151	-	269	209099492	2461
chr2	209097031	209297031	harbor2	chr2	209110916	209111321	LTR/ERVL	739	-	202	209111118	14087
chr2	209097031	209297031	harbor2	chr2	209121395	209121464	LTR/ERVL	2776	-	34	209121429	24398
chr2	209097031	209297031	harbor2	chr2	209121513	209121882	LTR/ERVL	2776	-	184	209121697	24666
chr2	209097031	209297031	harbor2	chr2	209122564	209122968	LTR/ERVL	866	-	202	209122766	25735
chr2	238096677	238296677	harbor2	chr2	238122901	238123141	LTR/ERVL	467	-	120	238123021	26344
chr2	238096677	238296677	harbor2	chr2	238153368	238153568	LTR/ERVL	513	-	100	238153468	56791
chr2	241356121	241556121	harbor2	chr2	241391846	241392189	LTR/ERVL	947	-	172	241392018	35897
chr2	241356121	241556121	harbor2	chr2	241392198	241392403	LTR/ERVL	645	-	102	241392300	36179
chr2	199135002	199335002	harbor2	chr2	199139172	199140174	LTR/ERVL	1754	-	501	199139673	4671
chr2	199135002	199335002	harbor2	chr2	199188956	199188991	LTR/ERVL	2842	-	18	199188974	53972
chr2	199135002	199335002	harbor2	chr2	199189021	199189431	LTR/ERVL	2842	-	205	199189226	54224
chr2	199135002	199335002	harbor2	chr2	199223786	199224099	LTR/ERVL	1755	-	156	199223942	88940
chr2	199135002	199335002	harbor2	chr2	199230090	199230424	LTR/ERVL	2017	-	167	199230257	95255
chr2	199135002	199335002	harbor2	chr2	199224101	199230083	LTR/ERVL	33508	-	2991	199227092	92090
chr2	224586360	224786360	harbor2	chr2	224591360	224591854	LTR/ERVL	1345	-	247	224591607	5247
chr2	224586360	224786360	harbor2	chr2	224604592	224605044	LTR/ERVL	1210	-	226	224604818	18458
chr2	224586360	224786360	harbor2	chr2	224619052	224619315	LTR/ERVL	1488	-	132	224619184	32824
chr2	224586360	224786360	harbor2	chr2	224666611	224667135	LTR/ERVL	1708	-	262	224666873	80513
chr2	170347697	170547697	harbor2	chr2	170373303	170373537	LTR/ERVL	541	-	117	170373420	25723
chr2	170347697	170547697	harbor2	chr2	170384725	170385219	LTR/ERVL	1864	-	247	170384972	37275
chr2	170347697	170547697	harbor2	chr2	170385239	170385384	LTR/ERVL	515	-	72	170385311	37614
chr2	170347697	170547697	harbor2	chr2	170385418	170385520	LTR/ERVL	526	-	51	170385469	37772
chr2	170347697	170547697	harbor2	chr2	170397603	170397940	LTR/ERVL	3520	-	168	170397771	50074
chr2	170347697	170547697	harbor2	chr2	170398252	170398616	LTR/ERVL	3520	-	182	170398434	50737
chr2	170347697	170547697	harbor2	chr2	170398650	170398736	LTR/ERVL	460	-	43	170398693	50996
chr2	220072649	220272649	harbor2	chr2	220116084	220116660	LTR/ERVL	2220	-	288	220116372	43723
chr2	199218118	199418118	harbor2	chr2	199223786	199224099	LTR/ERVL	1755	-	156	199223942	5824
chr2	199218118	199418118	harbor2	chr2	199230090	199230424	LTR/ERVL	2017	-	167	199230257	12139
chr2	199218118	199418118	harbor2	chr2	199224101	199230083	LTR/ERVL	33508	-	2991	199227092	8974
chr2	186979665	187179665	harbor2	chr2	187062664	187062885	LTR/ERVL	740	-	110	187062774	83109
chr2	178124015	178324015	harbor2	chr2	178189306	178189481	LTR/ERVL	604	-	88	178189394	65379
chr2	178124015	178324015	harbor2	chr2	178190687	178190757	LTR/ERVL	1578	-	35	178190722	66707
chr2	178124015	178324015	harbor2	chr2	178191070	178191640	LTR/ERVL	1578	-	285	178191355	67340
chr2	178124015	178324015	harbor2	chr2	178214355	178214665	LTR/ERVL	1265	-	155	178214510	90495
chr2	178124015	178324015	harbor2	chr2	178214966	178215050	LTR/ERVL	1265	-	42	178215008	90993
chr2	130915569	131115569	harbor2	chr2	130967755	130968280	LTR/ERVL	2512	-	262	130968017	52448
chr2	130915569	131115569	harbor2	chr2	131004895	131005011	LTR/ERVL	432	-	58	131004953	89384
chr2	162794510	162994510	harbor2	chr2	162866817	162867157	LTR/ERVL	742	-	170	162866987	72477
chr2	162794510	162994510	harbor2	chr2	162867160	162867640	LTR/ERVL	1082	-	240	162867400	72890
chr2	162794510	162994510	harbor2	chr2	162876453	162876854	LTR/ERVL	1125	-	200	162876653	82143
chr2	162794510	162994510	harbor2	chr2	162856707	162857182	LTR/ERVL	1744	-	238	162856945	62435
chr2	208872417	209072417	harbor2	chr2	208927464	208928053	LTR/ERVL	1291	-	294	208927758	55341
chr2	208872417	209072417	harbor2	chr2	208969100	208969323	LTR/ERVL	877	-	112	208969212	96795
chr2	123570999	123770999	harbor2	chr2	123579430	123579605	LTR/ERVL	538	-	88	123579518	8519
chr2	219826320	220026320	harbor2	chr2	219833473	219833929	LTR/ERVL	3160	-	228	219833701	7381
chr2	219826320	220026320	harbor2	chr2	219844785	219845206	LTR/ERVL	1502	-	210	219844995	18675
chr2	219826320	220026320	harbor2	chr2	219846137	219846573	LTR/ERVL	2135	-	218	219846355	20035
chr2	219826320	220026320	harbor2	chr2	219902620	219902874	LTR/ERVL	458	-	127	219902747	76427
chr2	219826320	220026320	harbor2	chr2	219902875	219902912	LTR/ERVL	1606	-	18	219902893	76573
chr2	219826320	220026320	harbor2	chr2	219902942	219903334	LTR/ERVL	1606	-	196	219903138	76818
chr2	219826320	220026320	harbor2	chr2	219903335	219903448	LTR/ERVL	458	-	56	219903391	77071
chr2	219826320	220026320	harbor2	chr2	219920650	219921050	LTR/ERVL	1665	-	200	219920850	94530
chr2	239706336	239906336	harbor2	chr2	239709730	239710125	LTR/ERVL	1202	-	198	239709928	3592
chr2	239706336	239906336	harbor2	chr2	239783817	239783851	LTR/ERVL	1475	-	17	239783834	77498
chr2	239706336	239906336	harbor2	chr2	239783957	239784366	LTR/ERVL	1475	-	204	239784161	77825
chr2	239706336	239906336	harbor2	chr2	239786056	239786469	LTR/ERVL	1324	-	206	239786262	79926
chr2	119331641	119531641	harbor2	chr2	119338578	119338998	LTR/ERVL	2525	-	210	119338788	7147
chr2	119331641	119531641	harbor2	chr2	119400217	119400491	LTR/ERVL	1268	-	137	119400354	68713
chr2	119331641	119531641	harbor2	chr2	119401592	119401988	LTR/ERVL	1469	-	198	119401790	70149
chr2	174899698	175099698	harbor2	chr2	174929928	174930763	LTR/ERVL	4183	-	418	174930346	30648
chr2	223706650	223906650	harbor2	chr2	223729901	223730402	LTR/ERVL	1540	-	250	223730151	23501
chr2	223706650	223906650	harbor2	chr2	223744281	223744881	LTR/ERVL	2227	-	300	223744581	37931
chr2	223706650	223906650	harbor2	chr2	223787754	223787963	LTR/ERVL	658	-	104	223787858	81208
chr2	223706650	223906650	harbor2	chr2	223788246	223788302	LTR/ERVL	658	-	28	223788274	81624
chr2	141327226	141527226	harbor2	chr2	141331201	141331472	LTR/ERVL	615	-	136	141331337	4111
chr2	141327226	141527226	harbor2	chr2	141358193	141358377	LTR/ERVL	456	-	92	141358285	31059
chr2	115472111	115672111	harbor2	chr2	115524098	115524709	LTR/ERVL	1698	-	306	115524404	52293
chr2	115472111	115672111	harbor2	chr2	115524800	115524897	LTR/ERVL	523	-	48	115524848	52737
chr2	115472111	115672111	harbor2	chr2	115558131	115558283	LTR/ERVL	461	-	76	115558207	86096
chr2	228327938	228527938	harbor2	chr2	228389170	228389620	LTR/ERVL	1237	-	225	228389395	61457
chr2	228327938	228527938	harbor2	chr2	228417008	228417613	LTR/ERVL	1617	-	302	228417310	89372
chr2	133457274	133657274	harbor2	chr2	133513040	133513538	LTR/ERVL	1132	-	249	133513289	56015
chr2	142280076	142480076	harbor2	chr2	142328672	142329053	LTR/ERVL	578	-	190	142328862	48786
chr2	142280076	142480076	harbor2	chr2	142364496	142364938	LTR/ERVL	845	-	221	142364717	84641
chr2	217110449	217310449	harbor2	chr2	217129834	217130685	LTR/ERVL	2793	-	426	217130260	19811
chr2	208269806	208469806	harbor2	chr2	208280271	208282358	LTR/ERVL	8107	-	1044	208281315	11509
chr2	208269806	208469806	harbor2	chr2	208282367	208282749	LTR/ERVL	1811	-	191	208282558	12752
chr2	200856643	201056643	harbor2	chr2	200872012	200872613	LTR/ERVL	2634	-	300	200872312	15669
chr2	200856643	201056643	harbor2	chr2	200872637	200872764	LTR/ERVL	465	-	64	200872701	16058
chr2	178161413	178361413	harbor2	chr2	178189306	178189481	LTR/ERVL	604	-	88	178189394	27981
chr2	178161413	178361413	harbor2	chr2	178190687	178190757	LTR/ERVL	1578	-	35	178190722	29309
chr2	178161413	178361413	harbor2	chr2	178191070	178191640	LTR/ERVL	1578	-	285	178191355	29942
chr2	178161413	178361413	harbor2	chr2	178214355	178214665	LTR/ERVL	1265	-	155	178214510	53097
chr2	178161413	178361413	harbor2	chr2	178214966	178215050	LTR/ERVL	1265	-	42	178215008	53595
chr2	178161413	178361413	harbor2	chr2	178225951	178226132	LTR/ERVL	416	-	90	178226041	64628
chr2	230188101	230388101	harbor2	chr2	230222981	230223039	LTR/ERVL	550	-	29	230223010	34909
chr2	230188101	230388101	harbor2	chr2	230223335	230223418	LTR/ERVL	550	-	42	230223377	35276
chr2	230188101	230388101	harbor2	chr2	230236389	230236722	LTR/ERVL	1557	-	166	230236555	48454
chr2	230188101	230388101	harbor2	chr2	230281943	230282122	LTR/ERVL	444	-	90	230282033	93932
chr2	230188101	230388101	harbor2	chr2	230282747	230283703	LTR/ERVL	1237	-	478	230283225	95124
chr2	145008898	145208898	harbor2	chr2	145062483	145063005	LTR/ERVL	2274	-	261	145062744	53846
chr2	145008898	145208898	harbor2	chr2	145069401	145069881	LTR/ERVL	723	-	240	145069641	60743
chr2	145008898	145208898	harbor2	chr2	145070326	145070503	LTR/ERVL	493	-	88	145070414	61516
chr2	145008898	145208898	harbor2	chr2	145070518	145071899	LTR/ERVL	3248	-	690	145071208	62310
chr2	145008898	145208898	harbor2	chr2	145093040	145093349	LTR/ERVL	2307	-	154	145093194	84296
chr2	145008898	145208898	harbor2	chr2	145093418	145094106	LTR/ERVL	5189	-	344	145093762	84864
chr2	145008898	145208898	harbor2	chr2	145094224	145094341	LTR/ERVL	949	-	58	145094282	85384
chr2	230141723	230341723	harbor2	chr2	230142649	230143120	LTR/ERVL	810	-	236	230142885	1162
chr2	230141723	230341723	harbor2	chr2	230222981	230223039	LTR/ERVL	550	-	29	230223010	81287
chr2	230141723	230341723	harbor2	chr2	230223335	230223418	LTR/ERVL	550	-	42	230223377	81654
chr2	230141723	230341723	harbor2	chr2	230236389	230236722	LTR/ERVL	1557	-	166	230236555	94832
chr2	183753159	183953159	harbor2	chr2	183815937	183816548	LTR/ERVL	605	-	306	183816243	63084
chr2	183753159	183953159	harbor2	chr2	183827699	183827805	LTR/ERVL	937	-	53	183827752	74593
chr2	183753159	183953159	harbor2	chr2	183828180	183828476	LTR/ERVL	937	-	148	183828328	75169
chr2	183753159	183953159	harbor2	chr2	183828514	183828647	LTR/ERVL	479	-	66	183828580	75421
chr2	95570265	95770265	harbor2	chr2	95573848	95574205	LTR/ERVL	1072	-	178	95574026	3761
chr2	95570265	95770265	harbor2	chr2	95628049	95628101	LTR/ERVL	512	-	26	95628075	57810
chr2	95570265	95770265	harbor2	chr2	95628329	95628593	LTR/ERVL	808	-	132	95628461	58196
chr2	149577102	149777102	harbor2	chr2	149599565	149600094	LTR/ERVL	2639	-	264	149599829	22727
chr2	149577102	149777102	harbor2	chr2	149610969	149611089	LTR/ERVL	477	-	60	149611029	33927
chr2	149577102	149777102	harbor2	chr2	149611064	149611342	LTR/ERVL	446	-	139	149611203	34101
chr2	149577102	149777102	harbor2	chr2	149647407	149647501	LTR/ERVL	404	-	47	149647454	70352
chr2	173003780	173203780	harbor2	chr2	173057692	173058060	LTR/ERVL	945	-	184	173057876	54096
chr2	148151022	148351022	harbor2	chr2	148199032	148199342	LTR/ERVL	1247	-	155	148199187	48165
chr2	141207846	141407846	harbor2	chr2	141231396	141231616	LTR/ERVL	929	-	110	141231506	23660
chr2	217681055	217881055	harbor2	chr2	217733534	217733876	LTR/ERVL	533	-	171	217733705	52650
chr2	217681055	217881055	harbor2	chr2	217756918	217757073	LTR/ERVL	421	-	78	217756996	75941
chr2	174735903	174935903	harbor2	chr2	174795807	174796543	LTR/ERVL	2436	-	368	174796175	60272
chr2	174735903	174935903	harbor2	chr2	174813262	174813424	LTR/ERVL	727	-	81	174813343	77440
chr2	192948548	193148548	harbor2	chr2	192975941	192976447	LTR/ERVL	2598	-	253	192976194	27646
chr2	192948548	193148548	harbor2	chr2	192986242	192986530	LTR/ERVL	1159	-	144	192986386	37838
chr2	192948548	193148548	harbor2	chr2	193038459	193038602	LTR/ERVL	407	-	72	193038531	89983
chr2	239223067	239423067	harbor2	chr2	239239051	239239407	LTR/ERVL	1158	-	178	239239229	16162
chr2	239618147	239818147	harbor2	chr2	239640058	239640326	LTR/ERVL	718	-	134	239640192	22045
chr2	239618147	239818147	harbor2	chr2	239663835	239663918	LTR/ERVL	410	-	42	239663877	45730
chr2	239618147	239818147	harbor2	chr2	239709730	239710125	LTR/ERVL	1202	-	198	239709928	91781
chr2	239618147	239818147	harbor2	chr2	239665109	239665230	LTR/ERVL	506	-	60	239665169	47022
chr2	131964762	132164762	harbor2	chr2	131968699	131969190	LTR/ERVL	2578	-	246	131968945	4183
chr2	131964762	132164762	harbor2	chr2	132007025	132007635	LTR/ERVL	2024	-	305	132007330	42568
chr2	131964762	132164762	harbor2	chr2	132052563	132052955	LTR/ERVL	1642	-	196	132052759	87997
chr2	131964762	132164762	harbor2	chr2	132053343	132053755	LTR/ERVL	1386	-	206	132053549	88787
chr2	202939107	203139107	harbor2	chr2	202989454	202990064	LTR/ERVL	1400	-	305	202989759	50652
chr2	185085181	185285181	harbor2	chr2	185104223	185104421	LTR/ERVL	484	-	99	185104322	19141
chr2	185085181	185285181	harbor2	chr2	185128341	185128782	LTR/ERVL	2210	-	220	185128561	43380
chr2	225089496	225289496	harbor2	chr2	225131520	225132033	LTR/ERVL	818	-	256	225131776	42280
chr2	225089496	225289496	harbor2	chr2	225138384	225138637	LTR/ERVL	840	-	126	225138510	49014
chr2	225089496	225289496	harbor2	chr2	225139151	225139363	LTR/ERVL	840	-	106	225139257	49761
chr2	225089496	225289496	harbor2	chr2	225139593	225140061	LTR/ERVL	1508	-	234	225139827	50331
chr2	225089496	225289496	harbor2	chr2	225165973	225166369	LTR/ERVL	1166	-	198	225166171	76675
chr2	225089496	225289496	harbor2	chr2	225166367	225166711	LTR/ERVL	437	-	172	225166539	77043
chr2	225089496	225289496	harbor2	chr2	225166843	225168092	LTR/ERVL	3224	-	624	225167467	77971
chr2	225089496	225289496	harbor2	chr2	225168576	225168652	LTR/ERVL	411	-	38	225168614	79118
chr2	225089496	225289496	harbor2	chr2	225169138	225169527	LTR/ERVL	403	-	194	225169332	79836
chr2	142599861	142799861	harbor2	chr2	142636766	142636960	LTR/ERVL	1495	-	97	142636863	37002
chr2	142599861	142799861	harbor2	chr2	142637277	142637450	LTR/ERVL	1495	-	86	142637363	37502
chr2	142599861	142799861	harbor2	chr2	142651563	142652151	LTR/ERVL	3102	-	294	142651857	51996
chr2	142599861	142799861	harbor2	chr2	142673085	142673414	LTR/ERVL	1437	-	164	142673249	73388
chr2	43066399	43266399	harbor2	chr2	43118340	43118406	LTR/ERVL	1466	-	33	43118373	51974
chr2	43066399	43266399	harbor2	chr2	43118826	43118842	LTR/ERVL	1466	-	8	43118834	52435
chr2	43066399	43266399	harbor2	chr2	43118872	43119239	LTR/ERVL	1581	-	184	43119056	52657
chr2	191225204	191425204	harbor2	chr2	191306870	191306963	LTR/ERVL	1849	-	46	191306916	81712
chr2	191225204	191425204	harbor2	chr2	191307596	191308291	LTR/ERVL	1849	-	348	191307944	82740
chr2	138403142	138603142	harbor2	chr2	138424475	138424980	LTR/ERVL	1256	-	252	138424727	21585
chr2	138403142	138603142	harbor2	chr2	138493229	138493652	LTR/ERVL	1314	-	212	138493441	90299
chr2	137695810	137895810	harbor2	chr2	137745091	137745492	LTR/ERVL	1695	-	200	137745291	49481
chr2	137695810	137895810	harbor2	chr2	137772478	137772711	LTR/ERVL	1346	-	116	137772594	76784
chr2	205344147	205544147	harbor2	chr2	205347864	205348272	LTR/ERVL	1481	-	204	205348068	3921
chr2	80661486	80861486	harbor2	chr2	80661266	80661558	LTR/ERVL	568	-	146	80661412	74
chr2	80661486	80861486	harbor2	chr2	80665059	80665429	LTR/ERVL	3117	-	185	80665244	3758
chr2	80661486	80861486	harbor2	chr2	80665770	80667290	LTR/ERVL	3117	-	760	80666530	5044
chr2	80661486	80861486	harbor2	chr2	80667384	80667672	LTR/ERVL	588	-	144	80667528	6042
chr2	148756488	148956488	harbor2	chr2	148810651	148811080	LTR/ERVL	2124	-	214	148810865	54377
chr2	148756488	148956488	harbor2	chr2	148830774	148830988	LTR/ERVL	522	-	107	148830881	74393
chr2	235997299	236197299	harbor2	chr2	236078002	236078037	LTR/ERVL	900	-	18	236078020	80721
chr2	235997299	236197299	harbor2	chr2	236078075	236078478	LTR/ERVL	1107	-	202	236078277	80978
chr2	235997299	236197299	harbor2	chr2	236079865	236080299	LTR/ERVL	1398	-	217	236080082	82783
chr2	152751904	152951904	harbor2	chr2	152763221	152763754	LTR/ERVL	1715	-	266	152763487	11583
chr2	152751904	152951904	harbor2	chr2	152764693	152764843	LTR/ERVL	403	-	75	152764768	12864
chr2	152751904	152951904	harbor2	chr2	152765683	152766244	LTR/ERVL	1295	-	280	152765963	14059
chr2	152751904	152951904	harbor2	chr2	152776223	152776377	LTR/ERVL	481	-	77	152776300	24396
chr2	152751904	152951904	harbor2	chr2	152779111	152779398	LTR/ERVL	1279	-	144	152779255	27351
chr2	152751904	152951904	harbor2	chr2	152780807	152781085	LTR/ERVL	1074	-	139	152780946	29042
chr2	152751904	152951904	harbor2	chr2	152781080	152781637	LTR/ERVL	3276	-	278	152781358	29454
chr2	152751904	152951904	harbor2	chr2	152781631	152781886	LTR/ERVL	1285	-	128	152781759	29855
chr2	152751904	152951904	harbor2	chr2	152815664	152816188	LTR/ERVL	1301	-	262	152815926	64022
chr2	155578211	155778211	harbor2	chr2	155588151	155588730	LTR/ERVL	670	-	290	155588441	10230
chr2	155578211	155778211	harbor2	chr2	155588741	155589074	LTR/ERVL	726	-	166	155588907	10696
chr2	155578211	155778211	harbor2	chr2	155601882	155602019	LTR/ERVL	579	-	68	155601950	23739
chr2	155578211	155778211	harbor2	chr2	155607588	155608120	LTR/ERVL	2598	-	266	155607854	29643
chr2	155578211	155778211	harbor2	chr2	155658606	155658861	LTR/ERVL	1476	-	128	155658734	80523
chr2	178194991	178394991	harbor2	chr2	178214355	178214665	LTR/ERVL	1265	-	155	178214510	19519
chr2	178194991	178394991	harbor2	chr2	178214966	178215050	LTR/ERVL	1265	-	42	178215008	20017
chr2	178194991	178394991	harbor2	chr2	178225951	178226132	LTR/ERVL	416	-	90	178226041	31050
chr2	178194991	178394991	harbor2	chr2	178269113	178269289	LTR/ERVL	547	-	88	178269201	74210
chr3	135737425	135937425	harbor2	chr3	135744631	135745137	LTR/ERVL	1680	-	253	135744884	7459
chr3	135737425	135937425	harbor2	chr3	135810811	135811107	LTR/ERVL	1241	-	148	135810959	73534
chr3	135737425	135937425	harbor2	chr3	135831363	135831838	LTR/ERVL	1624	-	238	135831601	94176
chr3	135737425	135937425	harbor2	chr3	135831839	135832177	LTR/ERVL	1167	-	169	135832008	94583
chr3	135737425	135937425	harbor2	chr3	135832640	135832760	LTR/ERVL	1377	-	60	135832700	95275
chr3	135737425	135937425	harbor2	chr3	135833468	135833725	LTR/ERVL	1240	-	128	135833596	96171
chr3	135737425	135937425	harbor2	chr3	135833731	135834293	LTR/ERVL	2928	-	281	135834012	96587
chr3	135737425	135937425	harbor2	chr3	135834515	135834776	LTR/ERVL	2928	-	130	135834645	97220
chr3	135737425	135937425	harbor2	chr3	135834889	135835453	LTR/ERVL	1385	-	282	135835171	97746
chr3	135737425	135937425	harbor2	chr3	135835469	135835812	LTR/ERVL	1509	-	172	135835641	98216
chr3	135737425	135937425	harbor2	chr3	135836432	135836532	LTR/ERVL	1509	-	50	135836482	99057
chr3	157350228	157550228	harbor2	chr3	157365412	157366186	LTR/ERVL	2632	-	387	157365799	15571
chr3	157350228	157550228	harbor2	chr3	157394741	157395707	LTR/ERVL	5907	-	483	157395224	44996
chr3	157350228	157550228	harbor2	chr3	157397732	157398353	LTR/ERVL	5164	-	310	157398042	47814
chr3	157350228	157550228	harbor2	chr3	157398650	157398909	LTR/ERVL	5164	-	130	157398780	48552
chr3	157350228	157550228	harbor2	chr3	157398913	157398992	LTR/ERVL	440	-	40	157398953	48725
chr3	159804571	160004571	harbor2	chr3	159830713	159831374	LTR/ERVL	2523	-	330	159831043	26472
chr3	159804571	160004571	harbor2	chr3	159831903	159832072	LTR/ERVL	2523	-	84	159831987	27416
chr3	176067346	176267346	harbor2	chr3	176144854	176145282	LTR/ERVL	1214	-	214	176145068	77722
chr3	176067346	176267346	harbor2	chr3	176142121	176144743	LTR/ERVL	3343	-	1311	176143432	76086
chr3	167855307	168055307	harbor2	chr3	167891375	167891925	LTR/ERVL	2470	-	275	167891650	36343
chr3	167855307	168055307	harbor2	chr3	167906635	167906957	LTR/ERVL	1128	-	161	167906796	51489
chr3	167855307	168055307	harbor2	chr3	167907568	167907651	LTR/ERVL	1128	-	42	167907610	52303
chr3	167855307	168055307	harbor2	chr3	167934362	167934819	LTR/ERVL	2265	-	228	167934590	79283
chr3	167855307	168055307	harbor2	chr3	167938548	167938916	LTR/ERVL	1657	-	184	167938732	83425
chr3	167855307	168055307	harbor2	chr3	167939609	167939643	LTR/ERVL	2357	-	17	167939626	84319
chr3	167855307	168055307	harbor2	chr3	167939702	167940168	LTR/ERVL	2357	-	233	167939935	84628
chr3	167855307	168055307	harbor2	chr3	167943216	167943714	LTR/ERVL	1915	-	249	167943465	88158
chr3	167855307	168055307	harbor2	chr3	167944425	167944770	LTR/ERVL	492	-	172	167944597	89290
chr3	175369911	175569911	harbor2	chr3	175413643	175413894	LTR/ERVL	841	-	126	175413769	43858
chr3	175369911	175569911	harbor2	chr3	175414028	175414293	LTR/ERVL	810	-	132	175414160	44249
chr3	175369911	175569911	harbor2	chr3	175454870	175455357	LTR/ERVL	1044	-	244	175455114	85203
chr3	114928816	115128816	harbor2	chr3	114933279	114933554	LTR/ERVL	715	-	138	114933417	4601
chr3	114928816	115128816	harbor2	chr3	114936818	114937031	LTR/ERVL	754	-	106	114936924	8108
chr3	114928816	115128816	harbor2	chr3	114938912	114939151	LTR/ERVL	1159	-	120	114939032	10216
chr3	198026190	198226190	harbor2	chr3	198037075	198037243	LTR/ERVL	841	-	84	198037159	10969
chr3	198026190	198226190	harbor2	chr3	198037235	198037332	LTR/ERVL	542	-	48	198037283	11093
chr3	198026190	198226190	harbor2	chr3	198087409	198087447	LTR/ERVL	656	-	19	198087428	61238
chr3	198026190	198226190	harbor2	chr3	198087499	198087917	LTR/ERVL	1895	-	209	198087708	61518
chr3	151071040	151271040	harbor2	chr3	151072312	151072525	LTR/ERVL	657	-	106	151072418	1378
chr3	151071040	151271040	harbor2	chr3	151072991	151073209	LTR/ERVL	706	-	109	151073100	2060
chr3	151071040	151271040	harbor2	chr3	151166516	151166678	LTR/ERVL	1827	-	81	151166597	95557
chr3	151071040	151271040	harbor2	chr3	151166974	151167176	LTR/ERVL	1827	-	101	151167075	96035
chr3	138051657	138251657	harbor2	chr3	138060783	138061118	LTR/ERVL	783	-	168	138060951	9294
chr3	138051657	138251657	harbor2	chr3	138137127	138137369	LTR/ERVL	1189	-	121	138137248	85591
chr3	138051657	138251657	harbor2	chr3	138137665	138137873	LTR/ERVL	1189	-	104	138137769	86112
chr3	138051657	138251657	harbor2	chr3	138137913	138138925	LTR/ERVL	4706	-	506	138138419	86762
chr3	138051657	138251657	harbor2	chr3	138139495	138139740	LTR/ERVL	4706	-	122	138139617	87960
chr3	194279864	194479864	harbor2	chr3	194322207	194322605	LTR/ERVL	1150	-	199	194322406	42542
chr3	187273367	187473367	harbor2	chr3	187362767	187362894	LTR/ERVL	517	-	64	187362831	89464
chr3	150526410	150726410	harbor2	chr3	150596103	150596480	LTR/ERVL	634	-	188	150596291	69881
chr3	89942464	90142464	harbor2	chr3	89982428	89982578	LTR/ERVL	728	-	75	89982503	40039
chr3	89942464	90142464	harbor2	chr3	90020611	90020978	LTR/ERVL	976	-	184	90020795	78331
chr3	89942464	90142464	harbor2	chr3	90021246	90021625	LTR/ERVL	1016	-	190	90021436	78972
chr3	89942464	90142464	harbor2	chr3	90024139	90024537	LTR/ERVL	1119	-	199	90024338	81874
chr3	168263475	168463475	harbor2	chr3	168303728	168304495	LTR/ERVL	2069	-	384	168304112	40637
chr3	26115753	26315753	harbor2	chr3	26139180	26139310	LTR/ERVL	726	-	65	26139245	23492
chr3	145842706	146042706	harbor2	chr3	145867587	145867896	LTR/ERVL	1142	-	154	145867741	25035
chr3	145842706	146042706	harbor2	chr3	145868034	145868103	LTR/ERVL	431	-	34	145868068	25362
chr3	145842706	146042706	harbor2	chr3	145868416	145868641	LTR/ERVL	431	-	112	145868528	25822
chr3	145842706	146042706	harbor2	chr3	145869798	145870002	LTR/ERVL	599	-	102	145869900	27194
chr3	145842706	146042706	harbor2	chr3	145889700	145890143	LTR/ERVL	1076	-	222	145889922	47216
chr3	145842706	146042706	harbor2	chr3	145895529	145896081	LTR/ERVL	1945	-	276	145895805	53099
chr3	165833534	166033534	harbor2	chr3	165860016	165860353	LTR/ERVL	1354	-	168	165860184	26650
chr3	165833534	166033534	harbor2	chr3	165903209	165903680	LTR/ERVL	970	-	236	165903445	69911
chr3	165833534	166033534	harbor2	chr3	165903706	165903907	LTR/ERVL	477	-	100	165903806	70272
chr3	165833534	166033534	harbor2	chr3	165903958	165904168	LTR/ERVL	771	-	105	165904063	70529
chr3	165833534	166033534	harbor2	chr3	165913790	165914241	LTR/ERVL	3281	-	226	165914016	80482
chr3	165833534	166033534	harbor2	chr3	165925595	165925996	LTR/ERVL	1226	-	200	165925795	92261
chr3	174557268	174757268	harbor2	chr3	174557731	174558243	LTR/ERVL	2559	-	256	174557987	719
chr3	174557268	174757268	harbor2	chr3	174559143	174559525	LTR/ERVL	1949	-	191	174559334	2066
chr3	174557268	174757268	harbor2	chr3	174563866	174564168	LTR/ERVL	1108	-	151	174564017	6749
chr3	174557268	174757268	harbor2	chr3	174564209	174564378	LTR/ERVL	808	-	84	174564293	7025
chr3	174557268	174757268	harbor2	chr3	174586404	174586810	LTR/ERVL	1948	-	203	174586607	29339
chr3	174557268	174757268	harbor2	chr3	174597011	174597550	LTR/ERVL	2614	-	270	174597281	40013
chr3	174557268	174757268	harbor2	chr3	174641352	174641490	LTR/ERVL	594	-	69	174641421	84153
chr3	174557268	174757268	harbor2	chr3	174652004	174652265	LTR/ERVL	1136	-	130	174652134	94866
chr3	186785198	186985198	harbor2	chr3	186828248	186828733	LTR/ERVL	1327	-	242	186828490	43292
chr3	197809322	198009322	harbor2	chr3	197906522	197907751	LTR/ERVL	2469	-	614	197907136	97814
chr3	197809322	198009322	harbor2	chr3	197908922	197909169	LTR/ERVL	605	-	124	197909046	99724
chr3	115871018	116071018	harbor2	chr3	115886044	115886294	LTR/ERVL	979	-	125	115886169	15151
chr3	88889054	89089054	harbor2	chr3	88962970	88963354	LTR/ERVL	1180	-	192	88963162	74108
chr3	88889054	89089054	harbor2	chr3	88963377	88963822	LTR/ERVL	1227	-	222	88963599	74545
chr3	88889054	89089054	harbor2	chr3	88963882	88964015	LTR/ERVL	551	-	66	88963948	74894
chr3	88889054	89089054	harbor2	chr3	88964046	88964530	LTR/ERVL	1284	-	242	88964288	75234
chr3	194006829	194206829	harbor2	chr3	194084116	194084437	LTR/ERVL	1033	-	160	194084276	77447
chr3	174325597	174525597	harbor2	chr3	174330173	174330615	LTR/ERVL	1436	-	221	174330394	4797
chr3	174325597	174525597	harbor2	chr3	174333789	174333950	LTR/ERVL	644	-	80	174333869	8272
chr3	174325597	174525597	harbor2	chr3	174334066	174334478	LTR/ERVL	2088	-	206	174334272	8675
chr3	174325597	174525597	harbor2	chr3	174334506	174334814	LTR/ERVL	2088	-	154	174334660	9063
chr3	174325597	174525597	harbor2	chr3	174416345	174417021	LTR/ERVL	1306	-	338	174416683	91086
chr3	174325597	174525597	harbor2	chr3	174417213	174417903	LTR/ERVL	1265	-	345	174417558	91961
chr3	174325597	174525597	harbor2	chr3	174418359	174419014	LTR/ERVL	1113	-	328	174418687	93090
chr3	119051027	119251027	harbor2	chr3	119095488	119095937	LTR/ERVL	1537	-	224	119095712	44685
chr3	83733080	83933080	harbor2	chr3	83734657	83735218	LTR/ERVL	1880	-	280	83734937	1857
chr3	176116167	176316167	harbor2	chr3	176144854	176145282	LTR/ERVL	1214	-	214	176145068	28901
chr3	176116167	176316167	harbor2	chr3	176142121	176144743	LTR/ERVL	3343	-	1311	176143432	27265
chr3	196587820	196787820	harbor2	chr3	196607674	196607857	LTR/ERVL	468	-	92	196607766	19946
chr3	196587820	196787820	harbor2	chr3	196617269	196617368	LTR/ERVL	448	-	50	196617319	29499
chr3	196587820	196787820	harbor2	chr3	196617343	196617540	LTR/ERVL	1000	-	98	196617441	29621
chr3	196587820	196787820	harbor2	chr3	196651293	196651484	LTR/ERVL	704	-	96	196651389	63569
chr3	196587820	196787820	harbor2	chr3	196651797	196651832	LTR/ERVL	704	-	18	196651815	63995
chr3	196587820	196787820	harbor2	chr3	196682376	196682546	LTR/ERVL	455	-	85	196682461	94641
chr3	170366424	170566424	harbor2	chr3	170441800	170442231	LTR/ERVL	1453	-	216	170442016	75592
chr3	118156705	118356705	harbor2	chr3	118201512	118201976	LTR/ERVL	1009	-	232	118201744	45039
chr3	118156705	118356705	harbor2	chr3	118211221	118211657	LTR/ERVL	889	-	218	118211439	54734
chr3	197318617	197518617	harbor2	chr3	197341995	197342140	LTR/ERVL	414	-	72	197342067	23450
chr3	197318617	197518617	harbor2	chr3	197397361	197397805	LTR/ERVL	1114	-	222	197397583	78966
chr3	104312672	104512672	harbor2	chr3	104362468	104363017	LTR/ERVL	1879	-	274	104362742	50070
chr3	87852220	88052220	harbor2	chr3	87869335	87869371	LTR/ERVL	1109	-	18	87869353	17133
chr3	87852220	88052220	harbor2	chr3	87869494	87869903	LTR/ERVL	1173	-	204	87869698	17478
chr3	87852220	88052220	harbor2	chr3	87873032	87873095	LTR/ERVL	2272	-	32	87873064	20844
chr3	87852220	88052220	harbor2	chr3	87873135	87873655	LTR/ERVL	2272	-	260	87873395	21175
chr3	191350027	191550027	harbor2	chr3	191401453	191402017	LTR/ERVL	1796	-	282	191401735	51708
chr3	191350027	191550027	harbor2	chr3	191412691	191413163	LTR/ERVL	2571	-	236	191412927	62900
chr3	146521192	146721192	harbor2	chr3	146555367	146555802	LTR/ERVL	2186	-	218	146555585	34393
chr3	146521192	146721192	harbor2	chr3	146555816	146556743	LTR/ERVL	4217	-	464	146556280	35088
chr3	146521192	146721192	harbor2	chr3	146559570	146560143	LTR/ERVL	1932	-	286	146559856	38664
chr3	156431661	156631661	harbor2	chr3	156454151	156454588	LTR/ERVL	1716	-	218	156454369	22708
chr3	156431661	156631661	harbor2	chr3	156482865	156483694	LTR/ERVL	2043	-	414	156483279	51618
chr3	171116709	171316709	harbor2	chr3	171176425	171176787	LTR/ERVL	982	-	181	171176606	59897
chr3	171116709	171316709	harbor2	chr3	171183145	171183378	LTR/ERVL	553	-	116	171183261	66552
chr3	142314744	142514744	harbor2	chr3	142372332	142372752	LTR/ERVL	1611	-	210	142372542	57798
chr3	193545693	193745693	harbor2	chr3	193644208	193644629	LTR/ERVL	957	-	210	193644418	98725
chr3	187042236	187242236	harbor2	chr3	187085000	187085516	LTR/ERVL	1396	-	258	187085258	43022
chr3	187042236	187242236	harbor2	chr3	187106194	187106404	LTR/ERVL	1205	-	105	187106299	64063
chr3	187042236	187242236	harbor2	chr3	187106849	187107143	LTR/ERVL	1205	-	147	187106996	64760
chr3	187042236	187242236	harbor2	chr3	187107245	187107936	LTR/ERVL	1964	-	346	187107591	65355
chr3	187042236	187242236	harbor2	chr3	187108031	187108634	LTR/ERVL	1977	-	302	187108333	66097
chr3	187042236	187242236	harbor2	chr3	187109283	187109856	LTR/ERVL	1146	-	286	187109569	67333
chr3	187042236	187242236	harbor2	chr3	187110124	187110283	LTR/ERVL	506	-	80	187110204	67968
chr3	187042236	187242236	harbor2	chr3	187110370	187110529	LTR/ERVL	448	-	80	187110450	68214
chr3	67611370	67811370	harbor2	chr3	67612722	67613409	LTR/ERVL	3459	-	344	67613066	1696
chr3	67611370	67811370	harbor2	chr3	67629163	67629766	LTR/ERVL	1247	-	302	67629465	18095
chr3	67611370	67811370	harbor2	chr3	67663469	67663888	LTR/ERVL	587	-	210	67663679	52309
chr3	67611370	67811370	harbor2	chr3	67670136	67670537	LTR/ERVL	749	-	200	67670336	58966
chr3	141073010	141273010	harbor2	chr3	141153783	141154267	LTR/ERVL	1520	-	242	141154025	81015
chr3	159535986	159735986	harbor2	chr3	159602788	159603627	LTR/ERVL	4233	-	420	159603208	67222
chr3	159535986	159735986	harbor2	chr3	159606747	159606943	LTR/ERVL	474	-	98	159606845	70859
chr3	184956312	185156312	harbor2	chr3	185001187	185001904	LTR/ERVL	3092	-	358	185001545	45233
chr3	184956312	185156312	harbor2	chr3	185027541	185028117	LTR/ERVL	1738	-	288	185027829	71517
chr3	134613723	134813723	harbor2	chr3	134653966	134654416	LTR/ERVL	744	-	225	134654191	40468
chr3	134613723	134813723	harbor2	chr3	134667260	134667610	LTR/ERVL	538	-	175	134667435	53712
chr3	115309506	115509506	harbor2	chr3	115363950	115364493	LTR/ERVL	2520	-	272	115364222	54716
chr3	115309506	115509506	harbor2	chr3	115402467	115402828	LTR/ERVL	1220	-	180	115402647	93141
chr3	175748277	175948277	harbor2	chr3	175769773	175770177	LTR/ERVL	1856	-	202	175769975	21698
chr3	175748277	175948277	harbor2	chr3	175845687	175845735	LTR/ERVL	786	-	24	175845711	97434
chr3	175748277	175948277	harbor2	chr3	175846270	175846895	LTR/ERVL	786	-	312	175846582	98305
chr3	36333782	36533782	harbor2	chr3	36398875	36399282	LTR/ERVL	678	-	204	36399079	65297
chr3	36333782	36533782	harbor2	chr3	36406206	36406486	LTR/ERVL	757	-	140	36406346	72564
chr3	168884260	169084260	harbor2	chr3	168963469	168964017	LTR/ERVL	2225	-	274	168963743	79483
chr3	193604971	193804971	harbor2	chr3	193644208	193644629	LTR/ERVL	957	-	210	193644418	39447
chr3	50719379	50919379	harbor2	chr3	50812493	50812849	LTR/ERVL	1543	-	178	50812671	93292
chr3	110162472	110362472	harbor2	chr3	110173838	110175111	LTR/ERVL	1616	-	636	110174474	12002
chr3	110162472	110362472	harbor2	chr3	110175186	110175415	LTR/ERVL	439	-	114	110175300	12828
chr3	110162472	110362472	harbor2	chr3	110175611	110175902	LTR/ERVL	499	-	146	110175757	13285
chr3	110162472	110362472	harbor2	chr3	110193827	110194704	LTR/ERVL	1788	-	438	110194265	31793
chr3	110162472	110362472	harbor2	chr3	110223010	110223495	LTR/ERVL	1746	-	242	110223252	60780
chr3	110162472	110362472	harbor2	chr3	110238536	110239014	LTR/ERVL	2176	-	239	110238775	76303
chr3	110162472	110362472	harbor2	chr3	110239013	110239162	LTR/ERVL	578	-	74	110239087	76615
chr3	110162472	110362472	harbor2	chr3	110239132	110239303	LTR/ERVL	401	-	86	110239218	76746
chr3	110162472	110362472	harbor2	chr3	110239388	110239867	LTR/ERVL	2113	-	240	110239628	77156
chr3	110162472	110362472	harbor2	chr3	110240588	110242056	LTR/ERVL	6385	-	734	110241322	78850
chr3	110162472	110362472	harbor2	chr3	110242087	110242389	LTR/ERVL	1148	-	151	110242238	79766
chr3	110162472	110362472	harbor2	chr3	110242390	110242491	LTR/ERVL	479	-	50	110242440	79968
chr3	110162472	110362472	harbor2	chr3	110242600	110242710	LTR/ERVL	411	-	55	110242655	80183
chr3	133058622	133258622	harbor2	chr3	133081679	133082107	LTR/ERVL	1080	-	214	133081893	23271
chr3	173224997	173424997	harbor2	chr3	173225626	173226194	LTR/ERVL	2593	-	284	173225910	913
chr3	169648746	169848746	harbor2	chr3	169711913	169712369	LTR/ERVL	1827	-	228	169712141	63395
chr3	178590644	178790644	harbor2	chr3	178645393	178645815	LTR/ERVL	685	-	211	178645604	54960
chr3	193595590	193795590	harbor2	chr3	193644208	193644629	LTR/ERVL	957	-	210	193644418	48828
chr3	173403692	173603692	harbor2	chr3	173455759	173456197	LTR/ERVL	1694	-	219	173455978	52286
chr3	173403692	173603692	harbor2	chr3	173456588	173456800	LTR/ERVL	550	-	106	173456694	53002
chr3	173403692	173603692	harbor2	chr3	173456914	173457158	LTR/ERVL	437	-	122	173457036	53344
chr3	42417874	42617874	harbor2	chr3	42430820	42430985	LTR/ERVL	923	-	82	42430902	13028
chr3	149640932	149840932	harbor2	chr3	149669816	149670233	LTR/ERVL	1114	-	208	149670024	29092
chr3	149640932	149840932	harbor2	chr3	149670271	149670498	LTR/ERVL	927	-	114	149670385	29453
chr3	103056839	103256839	harbor2	chr3	103142443	103142608	LTR/ERVL	393	-	82	103142525	85686
chr3	173847773	174047773	harbor2	chr3	173904762	173905206	LTR/ERVL	997	-	222	173904984	57211
chr3	159740595	159940595	harbor2	chr3	159750438	159750626	LTR/ERVL	592	-	94	159750532	9937
chr3	159740595	159940595	harbor2	chr3	159788787	159788865	LTR/ERVL	1462	-	39	159788826	48231
chr3	159740595	159940595	harbor2	chr3	159789089	159789482	LTR/ERVL	1864	-	196	159789285	48690
chr3	159740595	159940595	harbor2	chr3	159791217	159791662	LTR/ERVL	692	-	222	159791439	50844
chr3	159740595	159940595	harbor2	chr3	159830713	159831374	LTR/ERVL	2523	-	330	159831043	90448
chr3	159740595	159940595	harbor2	chr3	159831903	159832072	LTR/ERVL	2523	-	84	159831987	91392
chr3	198057526	198257526	harbor2	chr3	198087409	198087447	LTR/ERVL	656	-	19	198087428	29902
chr3	198057526	198257526	harbor2	chr3	198087499	198087917	LTR/ERVL	1895	-	209	198087708	30182
chr3	198057526	198257526	harbor2	chr3	198146276	198146711	LTR/ERVL	1875	-	218	198146494	88968
chr3	114185871	114385871	harbor2	chr3	114224844	114224980	LTR/ERVL	649	-	68	114224912	39041
chr3	114185871	114385871	harbor2	chr3	114225165	114225298	LTR/ERVL	515	-	66	114225231	39360
chr3	110538434	110738434	harbor2	chr3	110554705	110555082	LTR/ERVL	456	-	188	110554893	16459
chr3	194544952	194744952	harbor2	chr3	194544862	194545021	LTR/ERVL	1530	-	80	194544942	10
chr3	194544952	194744952	harbor2	chr3	194545837	194546282	LTR/ERVL	1628	-	222	194546059	1107
chr3	194544952	194744952	harbor2	chr3	194564794	194565011	LTR/ERVL	1050	-	108	194564902	19950
chr3	194544952	194744952	harbor2	chr3	194565602	194565783	LTR/ERVL	1050	-	90	194565692	20740
chr3	194544952	194744952	harbor2	chr3	194565927	194566318	LTR/ERVL	6012	-	196	194566123	21171
chr3	194544952	194744952	harbor2	chr3	194566427	194567149	LTR/ERVL	6012	-	361	194566788	21836
chr3	194544952	194744952	harbor2	chr3	194567482	194567933	LTR/ERVL	2076	-	226	194567708	22756
chr3	194544952	194744952	harbor2	chr3	194568221	194568622	LTR/ERVL	1361	-	200	194568421	23469
chr3	156753933	156953933	harbor2	chr3	156776093	156776645	LTR/ERVL	1104	-	276	156776369	22436
chr3	156753933	156953933	harbor2	chr3	156808025	156808363	LTR/ERVL	796	-	169	156808194	54261
chr3	102504874	102704874	harbor2	chr3	102585751	102586080	LTR/ERVL	1705	-	164	102585915	81041
chr3	102504874	102704874	harbor2	chr3	102602947	102603103	LTR/ERVL	632	-	78	102603025	98151
chr3	174156561	174356561	harbor2	chr3	174233014	174233201	LTR/ERVL	2286	-	94	174233108	76547
chr3	174156561	174356561	harbor2	chr3	174233531	174233730	LTR/ERVL	2286	-	100	174233631	77070
chr3	109314596	109514596	harbor2	chr3	109358571	109358719	LTR/ERVL	1369	-	74	109358645	44049
chr3	109314596	109514596	harbor2	chr3	109359342	109359365	LTR/ERVL	1369	-	12	109359354	44758
chr3	109314596	109514596	harbor2	chr3	109359678	109359688	LTR/ERVL	1369	-	5	109359683	45087
chr3	109314596	109514596	harbor2	chr3	109359980	109360010	LTR/ERVL	1369	-	15	109359995	45399
chr3	109314596	109514596	harbor2	chr3	109360317	109360495	LTR/ERVL	1369	-	89	109360406	45810
chr3	109314596	109514596	harbor2	chr3	109412650	109412789	LTR/ERVL	399	-	70	109412720	98124
chr3	165847588	166047588	harbor2	chr3	165860016	165860353	LTR/ERVL	1354	-	168	165860184	12596
chr3	165847588	166047588	harbor2	chr3	165903209	165903680	LTR/ERVL	970	-	236	165903445	55857
chr3	165847588	166047588	harbor2	chr3	165903706	165903907	LTR/ERVL	477	-	100	165903806	56218
chr3	165847588	166047588	harbor2	chr3	165903958	165904168	LTR/ERVL	771	-	105	165904063	56475
chr3	165847588	166047588	harbor2	chr3	165913790	165914241	LTR/ERVL	3281	-	226	165914016	66428
chr3	165847588	166047588	harbor2	chr3	165925595	165925996	LTR/ERVL	1226	-	200	165925795	78207
chr3	189206628	189406628	harbor2	chr3	189208815	189209458	LTR/ERVL	1116	-	322	189209137	2509
chr3	150399199	150599199	harbor2	chr3	150399031	150399487	LTR/ERVL	508	-	228	150399259	60
chr3	157929982	158129982	harbor2	chr3	157949511	157949963	LTR/ERVL	2195	-	226	157949737	19755
chr3	157929982	158129982	harbor2	chr3	157950210	157950399	LTR/ERVL	659	-	94	157950304	20322
chr3	196753114	196953114	harbor2	chr3	196762879	196763552	LTR/ERVL	2282	-	336	196763215	10101
chr3	196753114	196953114	harbor2	chr3	196838022	196838291	LTR/ERVL	751	-	134	196838156	85042
chr3	196753114	196953114	harbor2	chr3	196843223	196843275	LTR/ERVL	2252	-	26	196843249	90135
chr3	196753114	196953114	harbor2	chr3	196843569	196844141	LTR/ERVL	2252	-	286	196843855	90741
chr3	196753114	196953114	harbor2	chr3	196845128	196845339	LTR/ERVL	470	-	106	196845234	92120
chr3	196753114	196953114	harbor2	chr3	196845907	196845978	LTR/ERVL	470	-	36	196845943	92829
chr3	95925212	96125212	harbor2	chr3	95929476	95930103	LTR/ERVL	2030	-	314	95929790	4578
chr3	95925212	96125212	harbor2	chr3	95953613	95954060	LTR/ERVL	952	-	224	95953837	28625
chr3	182004530	182204530	harbor2	chr3	182071407	182071599	LTR/ERVL	1100	-	96	182071503	66973
chr3	182004530	182204530	harbor2	chr3	182076722	182076935	LTR/ERVL	978	-	106	182076828	72298
chr3	168725440	168925440	harbor2	chr3	168739103	168739520	LTR/ERVL	1100	-	208	168739311	13871
chr3	168725440	168925440	harbor2	chr3	168781707	168782113	LTR/ERVL	2950	-	203	168781910	56470
chr3	168725440	168925440	harbor2	chr3	168738482	168738862	LTR/ERVL	893	-	190	168738672	13232
chr3	160681626	160881626	harbor2	chr3	160706729	160707162	LTR/ERVL	888	-	216	160706945	25319
chr3	160681626	160881626	harbor2	chr3	160738930	160739374	LTR/ERVL	1648	-	222	160739152	57526
chr3	160681626	160881626	harbor2	chr3	160748426	160748650	LTR/ERVL	582	-	112	160748538	66912
chr3	158289550	158489550	harbor2	chr3	158384468	158384911	LTR/ERVL	1179	-	222	158384690	95140
chr3	158289550	158489550	harbor2	chr3	158302130	158302336	LTR/ERVL	873	-	103	158302233	12683
chr3	124459021	124659021	harbor2	chr3	124486576	124487157	LTR/ERVL	2649	-	290	124486866	27845
chr3	124459021	124659021	harbor2	chr3	124502188	124502486	LTR/ERVL	393	-	149	124502337	43316
chr3	14648385	14848385	harbor2	chr3	14726078	14726422	LTR/ERVL	790	-	172	14726250	77865
chr3	14648385	14848385	harbor2	chr3	14731349	14731852	LTR/ERVL	2017	-	252	14731601	83216
chr3	14648385	14848385	harbor2	chr3	14745125	14745360	LTR/ERVL	513	-	118	14745243	96858
chr3	189896620	190096620	harbor2	chr3	189906631	189906669	LTR/ERVL	1701	-	19	189906650	10030
chr3	189896620	190096620	harbor2	chr3	189909094	189909503	LTR/ERVL	842	-	204	189909298	12678
chr3	189896620	190096620	harbor2	chr3	189906726	189907150	LTR/ERVL	1701	-	212	189906938	10318
chr3	150858506	151058506	harbor2	chr3	150899285	150899532	LTR/ERVL	765	-	124	150899409	40903
chr3	150858506	151058506	harbor2	chr3	150899557	150899750	LTR/ERVL	592	-	96	150899653	41147
chr3	184163860	184363860	harbor2	chr3	184196690	184196965	LTR/ERVL	724	-	138	184196828	32968
chr3	184163860	184363860	harbor2	chr3	184224068	184224115	LTR/ERVL	2580	-	24	184224092	60232
chr3	184163860	184363860	harbor2	chr3	184224166	184224645	LTR/ERVL	2580	-	240	184224406	60546
chr3	184163860	184363860	harbor2	chr3	184253054	184253208	LTR/ERVL	662	-	77	184253131	89271
chr3	127167106	127367106	harbor2	chr3	127171173	127171578	LTR/ERVL	679	-	202	127171375	4269
chr3	127167106	127367106	harbor2	chr3	127240296	127241169	LTR/ERVL	2526	-	436	127240732	73626
chr3	127167106	127367106	harbor2	chr3	127250672	127251899	LTR/ERVL	5226	-	614	127251286	84180
chr3	120593500	120793500	harbor2	chr3	120603293	120603785	LTR/ERVL	1068	-	246	120603539	10039
chr3	120593500	120793500	harbor2	chr3	120603921	120604294	LTR/ERVL	655	-	186	120604107	10607
chr3	120593500	120793500	harbor2	chr3	120604306	120604555	LTR/ERVL	506	-	124	120604430	10930
chr3	120593500	120793500	harbor2	chr3	120604717	120604969	LTR/ERVL	830	-	126	120604843	11343
chr3	120593500	120793500	harbor2	chr3	120605129	120605379	LTR/ERVL	1042	-	125	120605254	11754
chr3	120593500	120793500	harbor2	chr3	120625228	120625602	LTR/ERVL	1121	-	187	120625415	31915
chr3	120593500	120793500	harbor2	chr3	120642302	120642485	LTR/ERVL	1089	-	92	120642394	48894
chr3	120593500	120793500	harbor2	chr3	120642695	120642949	LTR/ERVL	1089	-	127	120642822	49322
chr3	13842048	14042048	harbor2	chr3	13897187	13897255	LTR/ERVL	417	-	34	13897221	55173
chr3	181335743	181535743	harbor2	chr3	181369509	181369905	LTR/ERVL	1868	-	198	181369707	33964
chr3	181335743	181535743	harbor2	chr3	181397397	181398242	LTR/ERVL	3332	-	422	181397819	62076
chr3	191945779	192145779	harbor2	chr3	191948325	191948652	LTR/ERVL	610	-	164	191948489	2710
chr3	191945779	192145779	harbor2	chr3	191962777	191963418	LTR/ERVL	1267	-	320	191963097	17318
chr3	191945779	192145779	harbor2	chr3	191976064	191976616	LTR/ERVL	2557	-	276	191976340	30561
chr3	191945779	192145779	harbor2	chr3	192032330	192032539	LTR/ERVL	838	-	104	192032434	86655
chr3	191945779	192145779	harbor2	chr3	192033285	192033678	LTR/ERVL	820	-	196	192033481	87702
chr3	137762873	137962873	harbor2	chr3	137799489	137800438	LTR/ERVL	2760	-	474	137799963	37090
chr3	137762873	137962873	harbor2	chr3	137801535	137801956	LTR/ERVL	1407	-	210	137801745	38872
chr3	137762873	137962873	harbor2	chr3	137834082	137834427	LTR/ERVL	457	-	172	137834254	71381
chr3	189000753	189200753	harbor2	chr3	189055275	189055781	LTR/ERVL	598	-	253	189055528	54775
chr3	189000753	189200753	harbor2	chr3	189063811	189064427	LTR/ERVL	1104	-	308	189064119	63366
chr3	189000753	189200753	harbor2	chr3	189080174	189080606	LTR/ERVL	761	-	216	189080390	79637
chr3	189000753	189200753	harbor2	chr3	189085902	189086353	LTR/ERVL	1397	-	226	189086128	85375
chr3	193190665	193390665	harbor2	chr3	193196052	193196581	LTR/ERVL	2635	-	264	193196316	5651
chr3	193190665	193390665	harbor2	chr3	193204722	193205171	LTR/ERVL	834	-	224	193204946	14281
chr3	193190665	193390665	harbor2	chr3	193206024	193206236	LTR/ERVL	523	-	106	193206130	15465
chr3	193190665	193390665	harbor2	chr3	193207430	193207666	LTR/ERVL	1148	-	118	193207548	16883
chr3	193190665	193390665	harbor2	chr3	193214561	193215067	LTR/ERVL	2182	-	253	193214814	24149
chr3	193190665	193390665	harbor2	chr3	193215440	193215599	LTR/ERVL	626	-	80	193215520	24855
chr3	193190665	193390665	harbor2	chr3	193216994	193217495	LTR/ERVL	1412	-	250	193217244	26579
chr3	2267694	2467694	harbor2	chr3	2329836	2330424	LTR/ERVL	2640	-	294	2330130	62436
chr3	2267694	2467694	harbor2	chr3	2330403	2330576	LTR/ERVL	606	-	86	2330489	62795
chr3	186457632	186657632	harbor2	chr3	186457753	186458086	LTR/ERVL	1349	-	166	186457919	287
chr3	186457632	186657632	harbor2	chr3	186458203	186458700	LTR/ERVL	1871	-	248	186458451	819
chr3	186457632	186657632	harbor2	chr3	186526645	186526984	LTR/ERVL	1204	-	170	186526815	69183
chr3	186457632	186657632	harbor2	chr3	186515099	186515619	LTR/ERVL	2235	-	260	186515359	57727
chr3	183074128	183274128	harbor2	chr3	183114642	183115542	LTR/ERVL	2303	-	450	183115092	40964
chr3	183074128	183274128	harbor2	chr3	183116544	183116904	LTR/ERVL	1325	-	180	183116724	42596
chr3	183074128	183274128	harbor2	chr3	183117204	183117423	LTR/ERVL	1325	-	110	183117314	43186
chr3	183074128	183274128	harbor2	chr3	183117474	183117655	LTR/ERVL	480	-	90	183117564	43436
chr3	183074128	183274128	harbor2	chr3	183117657	183118015	LTR/ERVL	1283	-	179	183117836	43708
chr3	183074128	183274128	harbor2	chr3	183165520	183165697	LTR/ERVL	1031	-	88	183165608	91480
chr3	169372861	169572861	harbor2	chr3	169438343	169438693	LTR/ERVL	668	-	175	169438518	65657
chr3	164735911	164935911	harbor2	chr3	164753656	164753865	LTR/ERVL	486	-	104	164753760	17849
chr3	164735911	164935911	harbor2	chr3	164804657	164805055	LTR/ERVL	3157	-	199	164804856	68945
chr3	164735911	164935911	harbor2	chr3	164806893	164806997	LTR/ERVL	838	-	52	164806945	71034
chr3	164735911	164935911	harbor2	chr3	164808378	164808585	LTR/ERVL	441	-	104	164808482	72571
chr3	164735911	164935911	harbor2	chr3	164812884	164813183	LTR/ERVL	517	-	150	164813034	77123
chr3	140575673	140775673	harbor2	chr3	140636436	140636856	LTR/ERVL	673	-	210	140636646	60973
chr3	144365639	144565639	harbor2	chr3	144379303	144379754	LTR/ERVL	3671	-	226	144379529	13890
chr3	144365639	144565639	harbor2	chr3	144457487	144457789	LTR/ERVL	971	-	151	144457638	91999
chr3	86763365	86963365	harbor2	chr3	86851912	86852173	LTR/ERVL	886	-	130	86852042	88677
chr3	103692844	103892844	harbor2	chr3	103729504	103729756	LTR/ERVL	492	-	126	103729630	36786
chr3	103692844	103892844	harbor2	chr3	103730955	103731400	LTR/ERVL	851	-	222	103731177	38333
chr3	103692844	103892844	harbor2	chr3	103744331	103744738	LTR/ERVL	1897	-	204	103744535	51691
chr3	103692844	103892844	harbor2	chr3	103744740	103746855	LTR/ERVL	11156	-	1058	103745798	52954
chr3	146525067	146725067	harbor2	chr3	146555367	146555802	LTR/ERVL	2186	-	218	146555585	30518
chr3	146525067	146725067	harbor2	chr3	146555816	146556743	LTR/ERVL	4217	-	464	146556280	31213
chr3	146525067	146725067	harbor2	chr3	146559570	146560143	LTR/ERVL	1932	-	286	146559856	34789
chr3	146525067	146725067	harbor2	chr3	146623808	146623981	LTR/ERVL	627	-	86	146623894	98827
chr3	176320770	176520770	harbor2	chr3	176350436	176350988	LTR/ERVL	2105	-	276	176350712	29942
chr3	176320770	176520770	harbor2	chr3	176355022	176355266	LTR/ERVL	391	-	122	176355144	34374
chr3	176320770	176520770	harbor2	chr3	176375374	176375499	LTR/ERVL	447	-	62	176375436	54666
chr3	176320770	176520770	harbor2	chr3	176381636	176381666	LTR/ERVL	1463	-	15	176381651	60881
chr3	176320770	176520770	harbor2	chr3	176381783	176382406	LTR/ERVL	1599	-	312	176382095	61325
chr3	48459347	48659347	harbor2	chr3	48492593	48492697	LTR/ERVL	666	-	52	48492645	33298
chr3	48459347	48659347	harbor2	chr3	48492732	48492860	LTR/ERVL	660	-	64	48492796	33449
chr3	64021949	64221949	harbor2	chr3	64065035	64065455	LTR/ERVL	1784	-	210	64065245	43296
chr3	64021949	64221949	harbor2	chr3	64077065	64077158	LTR/ERVL	827	-	46	64077111	55162
chr3	64021949	64221949	harbor2	chr3	64077227	64077429	LTR/ERVL	827	-	101	64077328	55379
chr3	64021949	64221949	harbor2	chr3	64077458	64077637	LTR/ERVL	469	-	90	64077548	55599
chr4	124208264	124408264	harbor2	chr4	124248024	124248274	LTR/ERVL	655	-	125	124248149	39885
chr4	124208264	124408264	harbor2	chr4	124258471	124258886	LTR/ERVL	1444	-	208	124258679	50415
chr4	124208264	124408264	harbor2	chr4	124277768	124277940	LTR/ERVL	1037	-	86	124277854	69590
chr4	177470228	177670228	harbor2	chr4	177487053	177487523	LTR/ERVL	2363	-	235	177487288	17060
chr4	177470228	177670228	harbor2	chr4	177488365	177488564	LTR/ERVL	436	-	100	177488465	18237
chr4	177470228	177670228	harbor2	chr4	177488578	177490143	LTR/ERVL	2235	-	782	177489360	19132
chr4	177470228	177670228	harbor2	chr4	177490177	177490452	LTR/ERVL	496	-	138	177490315	20087
chr4	111493042	111693042	harbor2	chr4	111503880	111504076	LTR/ERVL	614	-	98	111503978	10936
chr4	111493042	111693042	harbor2	chr4	111504776	111505033	LTR/ERVL	536	-	128	111504904	11862
chr4	111493042	111693042	harbor2	chr4	111506330	111507294	LTR/ERVL	1597	-	482	111506812	13770
chr4	111493042	111693042	harbor2	chr4	111507860	111508261	LTR/ERVL	448	-	200	111508060	15018
chr4	111493042	111693042	harbor2	chr4	111525022	111525596	LTR/ERVL	1851	-	287	111525309	32267
chr4	183412328	183612328	harbor2	chr4	183423849	183423932	LTR/ERVL	2115	-	42	183423891	11563
chr4	183412328	183612328	harbor2	chr4	183424232	183424692	LTR/ERVL	2115	-	230	183424462	12134
chr4	183412328	183612328	harbor2	chr4	183455322	183455477	LTR/ERVL	609	-	78	183455400	43072
chr4	183412328	183612328	harbor2	chr4	183492605	183493053	LTR/ERVL	2198	-	224	183492829	80501
chr4	183412328	183612328	harbor2	chr4	183494090	183494382	LTR/ERVL	621	-	146	183494236	81908
chr4	177551851	177751851	harbor2	chr4	177626101	177626645	LTR/ERVL	2016	-	272	177626373	74522
chr4	131545464	131745464	harbor2	chr4	131582965	131584533	LTR/ERVL	7361	-	784	131583749	38285
chr4	131545464	131745464	harbor2	chr4	131584548	131584915	LTR/ERVL	2290	-	184	131584732	39268
chr4	131545464	131745464	harbor2	chr4	131619536	131619810	LTR/ERVL	727	-	137	131619673	74209
chr4	144269383	144469383	harbor2	chr4	144280947	144281114	LTR/ERVL	486	-	84	144281031	11648
chr4	144269383	144469383	harbor2	chr4	144319265	144319544	LTR/ERVL	813	-	140	144319405	50022
chr4	144269383	144469383	harbor2	chr4	144319656	144320944	LTR/ERVL	3282	-	644	144320300	50917
chr4	144269383	144469383	harbor2	chr4	144321051	144321268	LTR/ERVL	1086	-	108	144321159	51776
chr4	144269383	144469383	harbor2	chr4	144321513	144321673	LTR/ERVL	1086	-	80	144321593	52210
chr4	144269383	144469383	harbor2	chr4	144328676	144328927	LTR/ERVL	1878	-	126	144328802	59419
chr4	144269383	144469383	harbor2	chr4	144329429	144329811	LTR/ERVL	1878	-	191	144329620	60237
chr4	144269383	144469383	harbor2	chr4	144329962	144330420	LTR/ERVL	955	-	229	144330191	60808
chr4	144269383	144469383	harbor2	chr4	144338408	144338762	LTR/ERVL	1048	-	177	144338585	69202
chr4	144269383	144469383	harbor2	chr4	144341607	144342039	LTR/ERVL	1050	-	216	144341823	72440
chr4	44473915	44673915	harbor2	chr4	44495249	44495696	LTR/ERVL	3062	-	224	44495473	21558
chr4	44473915	44673915	harbor2	chr4	44524156	44524624	LTR/ERVL	1411	-	234	44524390	50475
chr4	44473915	44673915	harbor2	chr4	44544738	44545231	LTR/ERVL	1004	-	246	44544984	71069
chr4	73676317	73876317	harbor2	chr4	73762434	73762886	LTR/ERVL	1740	-	226	73762660	86343
chr4	73676317	73876317	harbor2	chr4	73764648	73765183	LTR/ERVL	2248	-	268	73764916	88599
chr4	73676317	73876317	harbor2	chr4	73765184	73768896	LTR/ERVL	27344	-	1856	73767040	90723
chr4	76774114	76974114	harbor2	chr4	76783812	76784085	LTR/ERVL	1318	-	136	76783948	9834
chr4	76774114	76974114	harbor2	chr4	76784429	76784559	LTR/ERVL	507	-	65	76784494	10380
chr4	76774114	76974114	harbor2	chr4	76854343	76854501	LTR/ERVL	450	-	79	76854422	80308
chr4	173361095	173561095	harbor2	chr4	173452938	173453355	LTR/ERVL	1240	-	208	173453146	92051
chr4	170858821	171058821	harbor2	chr4	170945824	170946355	LTR/ERVL	1872	-	266	170946090	87269
chr4	182479447	182679447	harbor2	chr4	182531474	182532016	LTR/ERVL	2783	-	271	182531745	52298
chr4	188767028	188967028	harbor2	chr4	188822864	188823085	LTR/ERVL	472	-	110	188822974	55946
chr4	176958474	177158474	harbor2	chr4	176967287	176967956	LTR/ERVL	2750	-	334	176967621	9147
chr4	176958474	177158474	harbor2	chr4	176992722	176993262	LTR/ERVL	847	-	270	176992992	34518
chr4	176958474	177158474	harbor2	chr4	176993269	176994219	LTR/ERVL	759	-	475	176993744	35270
chr4	176958474	177158474	harbor2	chr4	176995160	176995513	LTR/ERVL	717	-	176	176995336	36862
chr4	176958474	177158474	harbor2	chr4	177003826	177004303	LTR/ERVL	1521	-	238	177004064	45590
chr4	176958474	177158474	harbor2	chr4	177006793	177007571	LTR/ERVL	2041	-	389	177007182	48708
chr4	176958474	177158474	harbor2	chr4	177050454	177051067	LTR/ERVL	937	-	306	177050760	92286
chr4	148612420	148812420	harbor2	chr4	148613113	148614226	LTR/ERVL	522	-	556	148613669	1249
chr4	148612420	148812420	harbor2	chr4	148635173	148635574	LTR/ERVL	906	-	200	148635373	22953
chr4	148612420	148812420	harbor2	chr4	148647913	148648567	LTR/ERVL	1986	-	327	148648240	35820
chr4	148612420	148812420	harbor2	chr4	148664699	148665590	LTR/ERVL	4796	-	446	148665145	52725
chr4	148612420	148812420	harbor2	chr4	148651964	148652466	LTR/ERVL	908	-	251	148652215	39795
chr4	178777268	178977268	harbor2	chr4	178831312	178831892	LTR/ERVL	2157	-	290	178831602	54334
chr4	60348704	60548704	harbor2	chr4	60361626	60361744	LTR/ERVL	448	-	59	60361685	12981
chr4	60348704	60548704	harbor2	chr4	60392529	60392916	LTR/ERVL	723	-	194	60392723	44019
chr4	60348704	60548704	harbor2	chr4	60400093	60400244	LTR/ERVL	615	-	76	60400169	51465
chr4	60348704	60548704	harbor2	chr4	60445639	60445845	LTR/ERVL	2389	-	103	60445742	97038
chr4	60348704	60548704	harbor2	chr4	60446303	60446621	LTR/ERVL	2389	-	159	60446462	97758
chr4	156008608	156208608	harbor2	chr4	156044585	156045054	LTR/ERVL	1870	-	234	156044819	36211
chr4	156008608	156208608	harbor2	chr4	156046760	156046999	LTR/ERVL	433	-	120	156046880	38272
chr4	146499401	146699401	harbor2	chr4	146536314	146536762	LTR/ERVL	2840	-	224	146536538	37137
chr4	146499401	146699401	harbor2	chr4	146536764	146537888	LTR/ERVL	9832	-	562	146537326	37925
chr4	146499401	146699401	harbor2	chr4	146538198	146538369	LTR/ERVL	9832	-	86	146538284	38883
chr4	146499401	146699401	harbor2	chr4	146538370	146538445	LTR/ERVL	586	-	38	146538408	39007
chr4	146499401	146699401	harbor2	chr4	146569071	146569512	LTR/ERVL	2220	-	220	146569291	69890
chr4	146499401	146699401	harbor2	chr4	146578196	146578489	LTR/ERVL	770	-	146	146578342	78941
chr4	154351076	154551076	harbor2	chr4	154420201	154420246	LTR/ERVL	2079	-	22	154420223	69147
chr4	154351076	154551076	harbor2	chr4	154420304	154420841	LTR/ERVL	2840	-	268	154420572	69496
chr4	179291754	179491754	harbor2	chr4	179299455	179299494	LTR/ERVL	2918	-	20	179299475	7721
chr4	179291754	179491754	harbor2	chr4	179299539	179299914	LTR/ERVL	2918	-	188	179299727	7973
chr4	179291754	179491754	harbor2	chr4	179299915	179300557	LTR/ERVL	5061	-	321	179300236	8482
chr4	179291754	179491754	harbor2	chr4	179324461	179325647	LTR/ERVL	6474	-	593	179325054	33300
chr4	179291754	179491754	harbor2	chr4	179325759	179325840	LTR/ERVL	1261	-	40	179325799	34045
chr4	179291754	179491754	harbor2	chr4	179325871	179326260	LTR/ERVL	1261	-	194	179326065	34311
chr4	179291754	179491754	harbor2	chr4	179390098	179390929	LTR/ERVL	3764	-	416	179390514	98760
chr4	179291754	179491754	harbor2	chr4	179390927	179392471	LTR/ERVL	5822	-	772	179391699	99945
chr4	172198149	172398149	harbor2	chr4	172251021	172251448	LTR/ERVL	1752	-	214	172251235	53086
chr4	172198149	172398149	harbor2	chr4	172268227	172268615	LTR/ERVL	1377	-	194	172268421	70272
chr4	172198149	172398149	harbor2	chr4	172270380	172270689	LTR/ERVL	1114	-	154	172270534	72385
chr4	96488286	96688286	harbor2	chr4	96525224	96526048	LTR/ERVL	3100	-	412	96525636	37350
chr4	96488286	96688286	harbor2	chr4	96570476	96570864	LTR/ERVL	1563	-	194	96570670	82384
chr4	172661969	172861969	harbor2	chr4	172700479	172700995	LTR/ERVL	917	-	258	172700737	38768
chr4	172661969	172861969	harbor2	chr4	172713163	172713222	LTR/ERVL	974	-	30	172713193	51224
chr4	172661969	172861969	harbor2	chr4	172713268	172713617	LTR/ERVL	1506	-	174	172713442	51473
chr4	172661969	172861969	harbor2	chr4	172741891	172742602	LTR/ERVL	1439	-	356	172742247	80278
chr4	172661969	172861969	harbor2	chr4	172742661	172742865	LTR/ERVL	612	-	102	172742763	80794
chr4	172661969	172861969	harbor2	chr4	172742917	172743686	LTR/ERVL	2446	-	384	172743301	81332
chr4	172661969	172861969	harbor2	chr4	172743705	172744768	LTR/ERVL	2393	-	532	172744237	82268
chr4	180487785	180687785	harbor2	chr4	180514071	180514482	LTR/ERVL	1607	-	206	180514277	26492
chr4	187685066	187885066	harbor2	chr4	187761091	187761169	LTR/ERVL	992	-	39	187761130	76064
chr4	187685066	187885066	harbor2	chr4	187761463	187761782	LTR/ERVL	1481	-	160	187761623	76557
chr4	187685066	187885066	harbor2	chr4	187761783	187762252	LTR/ERVL	2416	-	234	187762017	76951
chr4	187685066	187885066	harbor2	chr4	187762236	187764349	LTR/ERVL	11059	-	1056	187763292	78226
chr4	187685066	187885066	harbor2	chr4	187764759	187765125	LTR/ERVL	1863	-	183	187764942	79876
chr4	86720220	86920220	harbor2	chr4	86721571	86721664	LTR/ERVL	523	-	46	86721617	1397
chr4	86720220	86920220	harbor2	chr4	86778248	86778437	LTR/ERVL	1006	-	94	86778342	58122
chr4	86720220	86920220	harbor2	chr4	86779444	86779684	LTR/ERVL	715	-	120	86779564	59344
chr4	155739217	155939217	harbor2	chr4	155741208	155744359	LTR/ERVL	17865	-	1576	155742784	3567
chr4	155739217	155939217	harbor2	chr4	155744387	155744568	LTR/ERVL	1653	-	90	155744477	5260
chr4	155739217	155939217	harbor2	chr4	155744928	155745176	LTR/ERVL	1653	-	124	155745052	5835
chr4	130164162	130364162	harbor2	chr4	130228348	130231329	LTR/ERVL	9903	-	1490	130229838	65676
chr4	130164162	130364162	harbor2	chr4	130254179	130254546	LTR/ERVL	1504	-	184	130254363	90201
chr4	130164162	130364162	harbor2	chr4	130260792	130261321	LTR/ERVL	2274	-	264	130261056	96894
chr4	176514013	176714013	harbor2	chr4	176536444	176536720	LTR/ERVL	798	-	138	176536582	22569
chr4	176514013	176714013	harbor2	chr4	176536762	176537435	LTR/ERVL	1364	-	336	176537098	23085
chr4	176514013	176714013	harbor2	chr4	176537961	176538245	LTR/ERVL	594	-	142	176538103	24090
chr4	176514013	176714013	harbor2	chr4	176538523	176538832	LTR/ERVL	703	-	154	176538677	24664
chr4	176514013	176714013	harbor2	chr4	176547699	176547942	LTR/ERVL	524	-	122	176547821	33808
chr4	176514013	176714013	harbor2	chr4	176577919	176578463	LTR/ERVL	1485	-	272	176578191	64178
chr4	176514013	176714013	harbor2	chr4	176537548	176537612	LTR/ERVL	1364	-	32	176537580	23567
chr4	173641364	173841364	harbor2	chr4	173679236	173679695	LTR/ERVL	2143	-	230	173679466	38102
chr4	173641364	173841364	harbor2	chr4	173681883	173682070	LTR/ERVL	427	-	94	173681977	40613
chr4	173641364	173841364	harbor2	chr4	173685962	173686647	LTR/ERVL	1655	-	342	173686304	44940
chr4	173641364	173841364	harbor2	chr4	173728646	173728956	LTR/ERVL	1595	-	155	173728801	87437
chr4	173641364	173841364	harbor2	chr4	173738395	173738798	LTR/ERVL	970	-	202	173738597	97233
chr4	135085562	135285562	harbor2	chr4	135085466	135086015	LTR/ERVL	2029	-	274	135085740	178
chr4	135085562	135285562	harbor2	chr4	135087924	135088146	LTR/ERVL	474	-	111	135088035	2473
chr4	135085562	135285562	harbor2	chr4	135104968	135105127	LTR/ERVL	678	-	80	135105048	19486
chr4	124573540	124773540	harbor2	chr4	124653402	124653878	LTR/ERVL	1434	-	238	124653640	80100
chr4	101491315	101691315	harbor2	chr4	101510626	101511233	LTR/ERVL	1131	-	304	101510930	19615
chr4	101491315	101691315	harbor2	chr4	101516780	101517005	LTR/ERVL	760	-	112	101516892	25577
chr4	189859474	190059474	harbor2	chr4	189870643	189871503	LTR/ERVL	4885	-	430	189871073	11599
chr4	189859474	190059474	harbor2	chr4	189871513	189872014	LTR/ERVL	2704	-	250	189871763	12289
chr4	78043274	78243274	harbor2	chr4	78074735	78075130	LTR/ERVL	681	-	198	78074933	31659
chr4	73048892	73248892	harbor2	chr4	73054831	73054985	LTR/ERVL	658	-	77	73054908	6016
chr4	156528381	156728381	harbor2	chr4	156542496	156543032	LTR/ERVL	1912	-	268	156542764	14383
chr4	156528381	156728381	harbor2	chr4	156575516	156575743	LTR/ERVL	730	-	114	156575630	47249
chr4	156528381	156728381	harbor2	chr4	156575749	156575931	LTR/ERVL	637	-	91	156575840	47459
chr4	156528381	156728381	harbor2	chr4	156624799	156625101	LTR/ERVL	919	-	151	156624950	96569
chr4	156528381	156728381	harbor2	chr4	156626271	156626776	LTR/ERVL	892	-	252	156626523	98142
chr4	175451337	175651337	harbor2	chr4	175492774	175493160	LTR/ERVL	1045	-	193	175492967	41630
chr4	175451337	175651337	harbor2	chr4	175514186	175514546	LTR/ERVL	1180	-	180	175514366	63029
chr4	178715824	178915824	harbor2	chr4	178733442	178734055	LTR/ERVL	1466	-	306	178733748	17924
chr4	178715824	178915824	harbor2	chr4	178734985	178735259	LTR/ERVL	1070	-	137	178735122	19298
chr4	47831467	48031467	harbor2	chr4	47904059	47904521	LTR/ERVL	613	-	231	47904290	72823
chr4	133836634	134036634	harbor2	chr4	133865746	133865966	LTR/ERVL	959	-	110	133865856	29222
chr4	133836634	134036634	harbor2	chr4	133920742	133920884	LTR/ERVL	423	-	71	133920813	84179
chr4	133836634	134036634	harbor2	chr4	133920892	133921539	LTR/ERVL	3935	-	324	133921216	84582
chr4	133836634	134036634	harbor2	chr4	133921924	133922371	LTR/ERVL	3935	-	224	133922148	85514
chr4	147060843	147260843	harbor2	chr4	147101451	147101951	LTR/ERVL	1550	-	250	147101701	40858
chr5	169371166	169571166	harbor2	chr5	169419293	169419757	LTR/ERVL	1238	-	232	169419525	48359
chr5	124439845	124639845	harbor2	chr5	124512270	124512549	LTR/ERVL	521	-	140	124512410	72565
chr5	177328908	177528908	harbor2	chr5	177386681	177387087	LTR/ERVL	1549	-	203	177386884	57976
chr5	165170376	165370376	harbor2	chr5	165192229	165192578	LTR/ERVL	1085	-	174	165192403	22027
chr5	165170376	165370376	harbor2	chr5	165240383	165240999	LTR/ERVL	2022	-	308	165240691	70315
chr5	165170376	165370376	harbor2	chr5	165241001	165242560	LTR/ERVL	5579	-	780	165241781	71405
chr5	165170376	165370376	harbor2	chr5	165242561	165243009	LTR/ERVL	1588	-	224	165242785	72409
chr5	168449915	168649915	harbor2	chr5	168512481	168512911	LTR/ERVL	3196	-	215	168512696	62781
chr5	168449915	168649915	harbor2	chr5	168527846	168528258	LTR/ERVL	1703	-	206	168528052	78137
chr5	168449915	168649915	harbor2	chr5	168537511	168538040	LTR/ERVL	1638	-	264	168537775	87860
chr5	148136332	148336332	harbor2	chr5	148153629	148153667	LTR/ERVL	804	-	19	148153648	17316
chr5	148136332	148336332	harbor2	chr5	148153707	148153879	LTR/ERVL	804	-	86	148153793	17461
chr5	181364939	181564939	harbor2	chr5	181381698	181381832	LTR/ERVL	460	-	67	181381765	16826
chr5	181364939	181564939	harbor2	chr5	181416285	181416412	LTR/ERVL	473	-	64	181416349	51410
chr5	147475542	147675542	harbor2	chr5	147481354	147481554	LTR/ERVL	1830	-	100	147481454	5912
chr5	147475542	147675542	harbor2	chr5	147481918	147482173	LTR/ERVL	1830	-	128	147482046	6504
chr5	147475542	147675542	harbor2	chr5	147525382	147525813	LTR/ERVL	2107	-	216	147525598	50056
chr5	147475542	147675542	harbor2	chr5	147539061	147539545	LTR/ERVL	1547	-	242	147539303	63761
chr5	147475542	147675542	harbor2	chr5	147550969	147551318	LTR/ERVL	735	-	174	147551143	75601
chr5	15948365	16148365	harbor2	chr5	15961409	15961720	LTR/ERVL	1375	-	156	15961565	13200
chr5	15948365	16148365	harbor2	chr5	15961723	15961744	LTR/ERVL	449	-	10	15961733	13368
chr5	15948365	16148365	harbor2	chr5	15964417	15964446	LTR/ERVL	449	-	14	15964431	16066
chr5	15948365	16148365	harbor2	chr5	15964840	15965040	LTR/ERVL	449	-	100	15964940	16575
chr5	15948365	16148365	harbor2	chr5	15969216	15969369	LTR/ERVL	462	-	76	15969292	20927
chr5	15948365	16148365	harbor2	chr5	16026113	16026606	LTR/ERVL	2373	-	246	16026359	77994
chr5	163108959	163308959	harbor2	chr5	163208261	163209112	LTR/ERVL	4077	-	426	163208687	99728
chr5	113429064	113629064	harbor2	chr5	113495325	113495510	LTR/ERVL	713	-	92	113495417	66353
chr5	113429064	113629064	harbor2	chr5	113496040	113496249	LTR/ERVL	713	-	104	113496144	67080
chr5	113429064	113629064	harbor2	chr5	113503991	113504090	LTR/ERVL	456	-	50	113504041	74977
chr5	113429064	113629064	harbor2	chr5	113504227	113504304	LTR/ERVL	456	-	38	113504265	75201
chr5	128746720	128946720	harbor2	chr5	128785232	128785601	LTR/ERVL	2598	-	184	128785416	38696
chr5	159305169	159505169	harbor2	chr5	159307210	159307355	LTR/ERVL	706	-	72	159307282	2113
chr5	159305169	159505169	harbor2	chr5	159393811	159394325	LTR/ERVL	2245	-	257	159394068	88899
chr5	175697009	175897009	harbor2	chr5	175771445	175772408	LTR/ERVL	4749	-	482	175771927	74918
chr5	175697009	175897009	harbor2	chr5	175783687	175784146	LTR/ERVL	2343	-	230	175783917	86908
chr5	106859988	107059988	harbor2	chr5	106873494	106873895	LTR/ERVL	2150	-	200	106873694	13706
chr5	106859988	107059988	harbor2	chr5	106873897	106874885	LTR/ERVL	6063	-	494	106874391	14403
chr5	106859988	107059988	harbor2	chr5	106874902	106875097	LTR/ERVL	1174	-	98	106875000	15012
chr5	106859988	107059988	harbor2	chr5	106875097	106876033	LTR/ERVL	5774	-	468	106875565	15577
chr5	106859988	107059988	harbor2	chr5	106876032	106876559	LTR/ERVL	2084	-	264	106876296	16308
chr5	106859988	107059988	harbor2	chr5	106876584	106876978	LTR/ERVL	2052	-	197	106876781	16793
chr5	106859988	107059988	harbor2	chr5	106894954	106894997	LTR/ERVL	2125	-	22	106894976	34988
chr5	106859988	107059988	harbor2	chr5	106895024	106895525	LTR/ERVL	2125	-	250	106895274	35286
chr5	106859988	107059988	harbor2	chr5	106912744	106913136	LTR/ERVL	2910	-	196	106912940	52952
chr5	106859988	107059988	harbor2	chr5	106913137	106913291	LTR/ERVL	42812	-	77	106913214	53226
chr5	106859988	107059988	harbor2	chr5	106913551	106918989	LTR/ERVL	42812	-	2719	106916270	56282
chr5	106859988	107059988	harbor2	chr5	106918990	106919416	LTR/ERVL	3300	-	213	106919203	59215
chr5	106859988	107059988	harbor2	chr5	106926075	106926463	LTR/ERVL	2120	-	194	106926269	66281
chr5	106859988	107059988	harbor2	chr5	106927106	106927131	LTR/ERVL	2120	-	12	106927118	67130
chr5	133577924	133777924	harbor2	chr5	133656076	133656554	LTR/ERVL	2242	-	239	133656315	78391
chr5	107786803	107986803	harbor2	chr5	107790826	107791405	LTR/ERVL	2503	-	290	107791116	4313
chr5	107786803	107986803	harbor2	chr5	107837892	107838298	LTR/ERVL	558	-	203	107838095	51292
chr5	107786803	107986803	harbor2	chr5	107838320	107838439	LTR/ERVL	1321	-	60	107838380	51577
chr5	107786803	107986803	harbor2	chr5	107838761	107839169	LTR/ERVL	1321	-	204	107838965	52162
chr5	107786803	107986803	harbor2	chr5	107839956	107840530	LTR/ERVL	1306	-	287	107840243	53440
chr5	107786803	107986803	harbor2	chr5	107855008	107855481	LTR/ERVL	1747	-	236	107855244	68441
chr5	107786803	107986803	harbor2	chr5	107839154	107839613	LTR/ERVL	1381	-	230	107839384	52581
chr5	113847054	114047054	harbor2	chr5	113865965	113866144	LTR/ERVL	599	-	90	113866055	19001
chr5	113847054	114047054	harbor2	chr5	113899316	113899539	LTR/ERVL	719	-	112	113899428	52374
chr5	113847054	114047054	harbor2	chr5	113902396	113903364	LTR/ERVL	1837	-	484	113902880	55826
chr5	113847054	114047054	harbor2	chr5	113903450	113903652	LTR/ERVL	792	-	101	113903551	56497
chr5	113847054	114047054	harbor2	chr5	113919765	113920232	LTR/ERVL	2499	-	234	113919999	72945
chr5	113847054	114047054	harbor2	chr5	113936804	113937365	LTR/ERVL	2191	-	280	113937084	90030
chr5	168176684	168376684	harbor2	chr5	168222051	168222408	LTR/ERVL	414	-	178	168222229	45545
chr5	145814051	146014051	harbor2	chr5	145843441	145843638	LTR/ERVL	439	-	98	145843539	29488
chr5	145814051	146014051	harbor2	chr5	145856159	145856522	LTR/ERVL	449	-	182	145856341	42290
chr5	179633500	179833500	harbor2	chr5	179668380	179668708	LTR/ERVL	525	-	164	179668544	35044
chr5	179633500	179833500	harbor2	chr5	179668996	179669275	LTR/ERVL	600	-	140	179669136	35636
chr5	179633500	179833500	harbor2	chr5	179669410	179669547	LTR/ERVL	600	-	68	179669478	35978
chr5	179633500	179833500	harbor2	chr5	179681353	179681710	LTR/ERVL	1135	-	178	179681531	48031
chr5	172848887	173048887	harbor2	chr5	172910006	172910450	LTR/ERVL	1158	-	222	172910228	61341
chr5	152353164	152553164	harbor2	chr5	152354976	152355027	LTR/ERVL	2503	-	26	152355002	1838
chr5	152353164	152553164	harbor2	chr5	152355059	152355566	LTR/ERVL	2503	-	254	152355313	2149
chr5	152353164	152553164	harbor2	chr5	152367199	152367428	LTR/ERVL	1213	-	114	152367313	14149
chr5	152353164	152553164	harbor2	chr5	152410515	152410862	LTR/ERVL	1141	-	174	152410689	57525
chr5	176964090	177164090	harbor2	chr5	177013709	177014047	LTR/ERVL	2280	-	169	177013878	49788
chr5	176964090	177164090	harbor2	chr5	177014353	177014495	LTR/ERVL	2280	-	71	177014424	50334
chr5	149157560	149357560	harbor2	chr5	149180306	149180797	LTR/ERVL	1281	-	246	149180552	22992
chr5	149157560	149357560	harbor2	chr5	149235765	149235971	LTR/ERVL	462	-	103	149235868	78308
chr5	149157560	149357560	harbor2	chr5	149236002	149236212	LTR/ERVL	763	-	105	149236107	78547
chr5	120300361	120500361	harbor2	chr5	120345928	120346313	LTR/ERVL	1186	-	192	120346120	45759
chr5	120300361	120500361	harbor2	chr5	120347557	120347786	LTR/ERVL	467	-	114	120347671	47310
chr5	120300361	120500361	harbor2	chr5	120365539	120365780	LTR/ERVL	445	-	120	120365659	65298
chr5	120300361	120500361	harbor2	chr5	120366167	120366395	LTR/ERVL	779	-	114	120366281	65920
chr5	120300361	120500361	harbor2	chr5	120393373	120393798	LTR/ERVL	1309	-	212	120393585	93224
chr5	150591198	150791198	harbor2	chr5	150665146	150665363	LTR/ERVL	799	-	108	150665254	74056
chr5	173411990	173611990	harbor2	chr5	173413115	173413399	LTR/ERVL	749	-	142	173413257	1267
chr5	173411990	173611990	harbor2	chr5	173423641	173424112	LTR/ERVL	2480	-	236	173423877	11887
chr5	173411990	173611990	harbor2	chr5	173490676	173491073	LTR/ERVL	471	-	198	173490874	78884
chr5	173411990	173611990	harbor2	chr5	173507073	173507457	LTR/ERVL	983	-	192	173507265	95275
chr5	89493842	89693842	harbor2	chr5	89517918	89518686	LTR/ERVL	727	-	384	89518302	24460
chr5	89493842	89693842	harbor2	chr5	89518746	89519053	LTR/ERVL	459	-	154	89518900	25058
chr5	89493842	89693842	harbor2	chr5	89560991	89561524	LTR/ERVL	2397	-	266	89561257	67415
chr5	108949068	109149068	harbor2	chr5	109004940	109005136	LTR/ERVL	403	-	98	109005038	55970
chr5	108949068	109149068	harbor2	chr5	109028620	109028716	LTR/ERVL	420	-	48	109028668	79600
chr5	108949068	109149068	harbor2	chr5	109018955	109019380	LTR/ERVL	493	-	212	109019167	70099
chr5	18617846	18817846	harbor2	chr5	18623184	18623589	LTR/ERVL	1154	-	202	18623386	5540
chr5	168886675	169086675	harbor2	chr5	168888185	168888467	LTR/ERVL	506	-	141	168888326	1651
chr5	168886675	169086675	harbor2	chr5	168925201	168925341	LTR/ERVL	482	-	70	168925271	38596
chr5	168886675	169086675	harbor2	chr5	168925515	168925646	LTR/ERVL	408	-	66	168925581	38906
chr5	98852768	99052768	harbor2	chr5	98944571	98945115	LTR/ERVL	5446	-	272	98944843	92075
chr5	98852768	99052768	harbor2	chr5	98945199	98946881	LTR/ERVL	5446	-	841	98946040	93272
chr5	98852768	99052768	harbor2	chr5	98947178	98947229	LTR/ERVL	5446	-	26	98947204	94436
chr5	98852768	99052768	harbor2	chr5	98949215	98949495	LTR/ERVL	1112	-	140	98949355	96587
chr5	174393716	174593716	harbor2	chr5	174414457	174414611	LTR/ERVL	524	-	77	174414534	20818
chr5	179990546	180190546	harbor2	chr5	180050159	180050585	LTR/ERVL	1391	-	213	180050372	59826
chr5	179990546	180190546	harbor2	chr5	180088212	180089009	LTR/ERVL	4056	-	398	180088610	98064
chr5	110221772	110421772	harbor2	chr5	110288574	110289061	LTR/ERVL	1006	-	244	110288818	67046
chr5	110221772	110421772	harbor2	chr5	110315112	110315216	LTR/ERVL	3188	-	52	110315164	93392
chr5	110221772	110421772	harbor2	chr5	110315248	110315629	LTR/ERVL	3188	-	190	110315438	93666
chr5	110221772	110421772	harbor2	chr5	110315630	110316021	LTR/ERVL	2642	-	196	110315826	94054
chr5	110221772	110421772	harbor2	chr5	110316013	110317199	LTR/ERVL	9134	-	593	110316606	94834
chr5	110221772	110421772	harbor2	chr5	110317200	110317640	LTR/ERVL	3141	-	220	110317420	95648
chr5	72268943	72468943	harbor2	chr5	72350182	72350612	LTR/ERVL	1970	-	215	72350397	81454
chr5	156505983	156705983	harbor2	chr5	156567434	156567684	LTR/ERVL	1055	-	125	156567559	61576
chr5	20846176	21046176	harbor2	chr5	20882514	20882944	LTR/ERVL	1778	-	215	20882729	36553
chr5	20846176	21046176	harbor2	chr5	20882945	20883295	LTR/ERVL	864	-	175	20883120	36944
chr5	20846176	21046176	harbor2	chr5	20888259	20889081	LTR/ERVL	2852	-	411	20888670	42494
chr5	20846176	21046176	harbor2	chr5	20889060	20889409	LTR/ERVL	1186	-	174	20889234	43058
chr5	20846176	21046176	harbor2	chr5	20889676	20889950	LTR/ERVL	1218	-	137	20889813	43637
chr5	20846176	21046176	harbor2	chr5	20890024	20890139	LTR/ERVL	453	-	58	20890082	43906
chr5	20846176	21046176	harbor2	chr5	20915948	20916514	LTR/ERVL	1424	-	283	20916231	70055
chr5	20846176	21046176	harbor2	chr5	20936306	20936725	LTR/ERVL	2282	-	210	20936516	90340
chr5	160690315	160890315	harbor2	chr5	160707382	160707643	LTR/ERVL	469	-	130	160707512	17197
chr5	158192152	158392152	harbor2	chr5	158210726	158211221	LTR/ERVL	2999	-	248	158210974	18822
chr5	157990183	158190183	harbor2	chr5	158020936	158021251	LTR/ERVL	725	-	158	158021094	30911
chr5	157990183	158190183	harbor2	chr5	158043643	158043992	LTR/ERVL	1055	-	174	158043817	53634
chr5	117953165	118153165	harbor2	chr5	117986105	117986522	LTR/ERVL	1155	-	208	117986313	33148
chr5	168201309	168401309	harbor2	chr5	168222051	168222408	LTR/ERVL	414	-	178	168222229	20920
chr5	168201309	168401309	harbor2	chr5	168279113	168279315	LTR/ERVL	388	-	101	168279214	77905
chr5	125572120	125772120	harbor2	chr5	125587739	125587936	LTR/ERVL	528	-	98	125587837	15717
chr5	125572120	125772120	harbor2	chr5	125588029	125588350	LTR/ERVL	799	-	160	125588189	16069
chr5	125572120	125772120	harbor2	chr5	125588514	125588996	LTR/ERVL	536	-	241	125588755	16635
chr5	125572120	125772120	harbor2	chr5	125589092	125589264	LTR/ERVL	623	-	86	125589178	17058
chr5	125572120	125772120	harbor2	chr5	125589626	125589764	LTR/ERVL	623	-	69	125589695	17575
chr5	125572120	125772120	harbor2	chr5	125589842	125590174	LTR/ERVL	623	-	166	125590008	17888
chr5	125572120	125772120	harbor2	chr5	125596035	125596211	LTR/ERVL	417	-	88	125596123	24003
chr5	125572120	125772120	harbor2	chr5	125597434	125598169	LTR/ERVL	1708	-	368	125597802	25682
chr5	125572120	125772120	harbor2	chr5	125598318	125598384	LTR/ERVL	1472	-	33	125598351	26231
chr5	125572120	125772120	harbor2	chr5	125598554	125599447	LTR/ERVL	1472	-	446	125599000	26880
chr5	125572120	125772120	harbor2	chr5	125599933	125600336	LTR/ERVL	758	-	202	125600135	28015
chr5	125572120	125772120	harbor2	chr5	125629607	125629918	LTR/ERVL	671	-	156	125629763	57643
chr5	125569177	125769177	harbor2	chr5	125587739	125587936	LTR/ERVL	528	-	98	125587837	18660
chr5	125569177	125769177	harbor2	chr5	125588029	125588350	LTR/ERVL	799	-	160	125588189	19012
chr5	125569177	125769177	harbor2	chr5	125588514	125588996	LTR/ERVL	536	-	241	125588755	19578
chr5	125569177	125769177	harbor2	chr5	125589092	125589264	LTR/ERVL	623	-	86	125589178	20001
chr5	125569177	125769177	harbor2	chr5	125589626	125589764	LTR/ERVL	623	-	69	125589695	20518
chr5	125569177	125769177	harbor2	chr5	125589842	125590174	LTR/ERVL	623	-	166	125590008	20831
chr5	125569177	125769177	harbor2	chr5	125596035	125596211	LTR/ERVL	417	-	88	125596123	26946
chr5	125569177	125769177	harbor2	chr5	125597434	125598169	LTR/ERVL	1708	-	368	125597802	28625
chr5	125569177	125769177	harbor2	chr5	125598318	125598384	LTR/ERVL	1472	-	33	125598351	29174
chr5	125569177	125769177	harbor2	chr5	125598554	125599447	LTR/ERVL	1472	-	446	125599000	29823
chr5	125569177	125769177	harbor2	chr5	125599933	125600336	LTR/ERVL	758	-	202	125600135	30958
chr5	125569177	125769177	harbor2	chr5	125629607	125629918	LTR/ERVL	671	-	156	125629763	60586
chr5	161153651	161353651	harbor2	chr5	161174386	161174791	LTR/ERVL	1491	-	202	161174588	20937
chr5	161153651	161353651	harbor2	chr5	161185169	161185224	LTR/ERVL	5232	-	28	161185197	31546
chr5	161153651	161353651	harbor2	chr5	161193136	161193312	LTR/ERVL	729	-	88	161193224	39573
chr5	161153651	161353651	harbor2	chr5	161193296	161193349	LTR/ERVL	429	-	26	161193322	39671
chr5	161153651	161353651	harbor2	chr5	161202806	161203293	LTR/ERVL	672	-	244	161203050	49399
chr5	161153651	161353651	harbor2	chr5	161185513	161186349	LTR/ERVL	5232	-	418	161185931	32280
chr5	84681162	84881162	harbor2	chr5	84720827	84721324	LTR/ERVL	2513	-	248	84721075	39913
chr5	84681162	84881162	harbor2	chr5	84769539	84769843	LTR/ERVL	1701	-	152	84769691	88529
chr5	169590646	169790646	harbor2	chr5	169605693	169606077	LTR/ERVL	1092	-	192	169605885	15239
chr5	169590646	169790646	harbor2	chr5	169672587	169673388	LTR/ERVL	2376	-	400	169672987	82341
chr5	40398259	40598259	harbor2	chr5	40400283	40400511	LTR/ERVL	390	-	114	40400397	2138
chr5	40398259	40598259	harbor2	chr5	40430855	40431668	LTR/ERVL	2090	-	406	40431261	33002
chr5	175828877	176028877	harbor2	chr5	175858753	175858926	LTR/ERVL	476	-	86	175858839	29962
chr5	79943567	80143567	harbor2	chr5	80010587	80010901	LTR/ERVL	1207	-	157	80010744	67177
chr5	79943567	80143567	harbor2	chr5	80030999	80031415	LTR/ERVL	1911	-	208	80031207	87640
chr5	79943567	80143567	harbor2	chr5	80032393	80032927	LTR/ERVL	1975	-	267	80032660	89093
chr5	79943567	80143567	harbor2	chr5	80033316	80033483	LTR/ERVL	662	-	84	80033400	89833
chr5	157072669	157272669	harbor2	chr5	157158225	157158642	LTR/ERVL	1407	-	208	157158433	85764
chr5	101732708	101932708	harbor2	chr5	101758012	101758339	LTR/ERVL	1200	-	164	101758176	25468
chr5	101732708	101932708	harbor2	chr5	101758340	101758663	LTR/ERVL	2033	-	162	101758502	25794
chr5	101732708	101932708	harbor2	chr5	101762365	101762442	LTR/ERVL	1233	-	38	101762403	29695
chr5	101732708	101932708	harbor2	chr5	101762750	101763009	LTR/ERVL	1233	-	130	101762880	30172
chr5	101732708	101932708	harbor2	chr5	101817519	101817932	LTR/ERVL	1052	-	206	101817725	85017
chr5	101732708	101932708	harbor2	chr5	101817933	101819501	LTR/ERVL	4017	-	784	101818717	86009
chr5	101732708	101932708	harbor2	chr5	101822998	101823342	LTR/ERVL	1122	-	172	101823170	90462
chr5	101732708	101932708	harbor2	chr5	101823840	101824027	LTR/ERVL	1122	-	94	101823934	91226
chr5	101732708	101932708	harbor2	chr5	101758645	101762355	LTR/ERVL	16511	-	1855	101760500	27792
chr5	109234010	109434010	harbor2	chr5	109248100	109248258	LTR/ERVL	540	-	79	109248179	14169
chr5	109234010	109434010	harbor2	chr5	109248930	109249328	LTR/ERVL	584	-	199	109249129	15119
chr5	109234010	109434010	harbor2	chr5	109253847	109254074	LTR/ERVL	425	-	114	109253961	19951
chr5	109234010	109434010	harbor2	chr5	109254125	109254492	LTR/ERVL	823	-	184	109254309	20299
chr5	109234010	109434010	harbor2	chr5	109258752	109258974	LTR/ERVL	622	-	111	109258863	24853
chr5	109234010	109434010	harbor2	chr5	109283190	109283690	LTR/ERVL	2564	-	250	109283440	49430
chr5	109234010	109434010	harbor2	chr5	109309660	109310020	LTR/ERVL	520	-	180	109309840	75830
chr5	109234010	109434010	harbor2	chr5	109319171	109319264	LTR/ERVL	2234	-	46	109319217	85207
chr5	109234010	109434010	harbor2	chr5	109319505	109320040	LTR/ERVL	2234	-	268	109319773	85763
chr5	109234010	109434010	harbor2	chr5	109320349	109320491	LTR/ERVL	2052	-	71	109320420	86410
chr5	109234010	109434010	harbor2	chr5	109326117	109326262	LTR/ERVL	462	-	72	109326189	92179
chr5	109234010	109434010	harbor2	chr5	109248348	109248928	LTR/ERVL	816	-	290	109248638	14628
chr5	148285819	148485819	harbor2	chr5	148298971	148299641	LTR/ERVL	2392	-	335	148299306	13487
chr5	88247775	88447775	harbor2	chr5	88287741	88287791	LTR/ERVL	2263	-	25	88287766	39991
chr5	88247775	88447775	harbor2	chr5	88288283	88288748	LTR/ERVL	2263	-	232	88288515	40740
chr5	88247775	88447775	harbor2	chr5	88299617	88300028	LTR/ERVL	1316	-	206	88299823	52048
chr5	119764175	119964175	harbor2	chr5	119764569	119764994	LTR/ERVL	984	-	212	119764781	606
chr5	119764175	119964175	harbor2	chr5	119796704	119797106	LTR/ERVL	1860	-	201	119796905	32730
chr5	119764175	119964175	harbor2	chr5	119797995	119798158	LTR/ERVL	474	-	82	119798077	33902
chr5	133011623	133211623	harbor2	chr5	133042931	133043329	LTR/ERVL	2578	-	199	133043130	31507
chr5	133011623	133211623	harbor2	chr5	133072125	133072392	LTR/ERVL	2358	-	134	133072259	60636
chr5	133011623	133211623	harbor2	chr5	133072706	133072988	LTR/ERVL	2358	-	141	133072847	61224
chr5	55479545	55679545	harbor2	chr5	55497654	55497781	LTR/ERVL	477	-	64	55497718	18173
chr5	55479545	55679545	harbor2	chr5	55527581	55528051	LTR/ERVL	1186	-	235	55527816	48271
chr5	55479545	55679545	harbor2	chr5	55560913	55561440	LTR/ERVL	1854	-	264	55561177	81632
chr5	179391211	179591211	harbor2	chr5	179444879	179445252	LTR/ERVL	1739	-	186	179445065	53854
chr5	179391211	179591211	harbor2	chr5	179445741	179445813	LTR/ERVL	398	-	36	179445777	54566
chr5	179391211	179591211	harbor2	chr5	179449963	179450469	LTR/ERVL	1267	-	253	179450216	59005
chr5	180850364	181050364	harbor2	chr5	180900637	180901093	LTR/ERVL	422	-	228	180900865	50501
chr5	175794759	175994759	harbor2	chr5	175858753	175858926	LTR/ERVL	476	-	86	175858839	64080
chr5	168068816	168268816	harbor2	chr5	168095740	168096259	LTR/ERVL	2229	-	260	168096000	27184
chr5	168068816	168268816	harbor2	chr5	168105114	168105554	LTR/ERVL	2178	-	220	168105334	36518
chr5	175733812	175933812	harbor2	chr5	175771445	175772408	LTR/ERVL	4749	-	482	175771927	38115
chr5	175733812	175933812	harbor2	chr5	175783687	175784146	LTR/ERVL	2343	-	230	175783917	50105
chr5	155515478	155715478	harbor2	chr5	155543740	155544261	LTR/ERVL	1659	-	260	155544000	28522
chr5	170419457	170619457	harbor2	chr5	170486943	170487421	LTR/ERVL	1754	-	239	170487182	67725
chr5	170419457	170619457	harbor2	chr5	170492019	170492755	LTR/ERVL	3522	-	368	170492387	72930
chr5	170419457	170619457	harbor2	chr5	170493048	170493065	LTR/ERVL	585	-	8	170493056	73599
chr5	63074122	63274122	harbor2	chr5	63100897	63101368	LTR/ERVL	1709	-	236	63101133	27011
chr5	63074122	63274122	harbor2	chr5	63151494	63152034	LTR/ERVL	2541	-	270	63151764	77642
chr5	92866703	93066703	harbor2	chr5	92913945	92914134	LTR/ERVL	625	-	94	92914039	47336
chr5	176103331	176303331	harbor2	chr5	176157428	176157960	LTR/ERVL	1304	-	266	176157694	54363
chr5	158093956	158293956	harbor2	chr5	158098288	158098586	LTR/ERVL	910	-	149	158098437	4481
chr5	158093956	158293956	harbor2	chr5	158149844	158150251	LTR/ERVL	998	-	204	158150048	56092
chr5	158093956	158293956	harbor2	chr5	158158807	158159188	LTR/ERVL	1853	-	190	158158997	65041
chr5	133771609	133971609	harbor2	chr5	133779836	133780257	LTR/ERVL	634	-	210	133780046	8437
chr5	133771609	133971609	harbor2	chr5	133817333	133817831	LTR/ERVL	797	-	249	133817582	45973
chr5	133771609	133971609	harbor2	chr5	133824005	133824396	LTR/ERVL	1735	-	196	133824201	52592
chr5	133771609	133971609	harbor2	chr5	133864766	133864941	LTR/ERVL	508	-	88	133864854	93245
chr5	133771609	133971609	harbor2	chr5	133824408	133824550	LTR/ERVL	734	-	71	133824479	52870
chr5	42726834	42926834	harbor2	chr5	42727042	42727840	LTR/ERVL	2160	-	399	42727441	607
chr5	42726834	42926834	harbor2	chr5	42733582	42733812	LTR/ERVL	1019	-	115	42733697	6863
chr5	42726834	42926834	harbor2	chr5	42790505	42790932	LTR/ERVL	1801	-	214	42790719	63885
chr5	42726834	42926834	harbor2	chr5	42791029	42792675	LTR/ERVL	3117	-	823	42791852	65018
chr5	42726834	42926834	harbor2	chr5	42792738	42792913	LTR/ERVL	736	-	88	42792826	65992
chr5	42726834	42926834	harbor2	chr5	42794138	42794539	LTR/ERVL	614	-	200	42794338	67504
chr5	42726834	42926834	harbor2	chr5	42794541	42794755	LTR/ERVL	684	-	107	42794648	67814
chr5	42726834	42926834	harbor2	chr5	42796962	42797220	LTR/ERVL	588	-	129	42797091	70257
chr5	163798978	163998978	harbor2	chr5	163859142	163859527	LTR/ERVL	1218	-	192	163859334	60356
chr5	160725356	160925356	harbor2	chr5	160805785	160806261	LTR/ERVL	2245	-	238	160806023	80667
chr5	149861530	150061530	harbor2	chr5	149874118	149874853	LTR/ERVL	2918	-	368	149874486	12956
chr5	152450127	152650127	harbor2	chr5	152461850	152462242	LTR/ERVL	1244	-	196	152462046	11919
chr5	152450127	152650127	harbor2	chr5	152503159	152503555	LTR/ERVL	755	-	198	152503357	53230
chr5	152450127	152650127	harbor2	chr5	152504829	152506682	LTR/ERVL	1080	-	926	152505755	55628
chr5	179967824	180167824	harbor2	chr5	180050159	180050585	LTR/ERVL	1391	-	213	180050372	82548
chr5	165456247	165656247	harbor2	chr5	165474380	165474817	LTR/ERVL	1592	-	218	165474598	18351
chr5	82419363	82619363	harbor2	chr5	82436545	82436843	LTR/ERVL	1487	-	149	82436694	17331
chr5	82419363	82619363	harbor2	chr5	82511222	82511383	LTR/ERVL	414	-	80	82511302	91939
chr5	82419363	82619363	harbor2	chr5	82512032	82512379	LTR/ERVL	475	-	174	82512206	92843
chr5	82419363	82619363	harbor2	chr5	82513563	82514016	LTR/ERVL	630	-	226	82513789	94426
chr5	146395613	146595613	harbor2	chr5	146405457	146406020	LTR/ERVL	2323	-	282	146405739	10126
chr5	146395613	146595613	harbor2	chr5	146457549	146457775	LTR/ERVL	1090	-	113	146457662	62049
chr5	179391642	179591642	harbor2	chr5	179444879	179445252	LTR/ERVL	1739	-	186	179445065	53423
chr5	179391642	179591642	harbor2	chr5	179445741	179445813	LTR/ERVL	398	-	36	179445777	54135
chr5	179391642	179591642	harbor2	chr5	179449963	179450469	LTR/ERVL	1267	-	253	179450216	58574
chr5	122204614	122404614	harbor2	chr5	122235057	122235560	LTR/ERVL	3186	-	252	122235309	30695
chr5	122204614	122404614	harbor2	chr5	122259822	122260310	LTR/ERVL	1142	-	244	122260066	55452
chr5	180071636	180271636	harbor2	chr5	180088212	180089009	LTR/ERVL	4056	-	398	180088610	16974
chr5	65519450	65719450	harbor2	chr5	65607944	65608215	LTR/ERVL	1026	-	136	65608080	88630
chr5	65519450	65719450	harbor2	chr5	65608240	65608376	LTR/ERVL	602	-	68	65608308	88858
chr5	165437225	165637225	harbor2	chr5	165474380	165474817	LTR/ERVL	1592	-	218	165474598	37373
chr5	149384362	149584362	harbor2	chr5	149400613	149401101	LTR/ERVL	2569	-	244	149400857	16495
chr5	160248716	160448716	harbor2	chr5	160260344	160260576	LTR/ERVL	832	-	116	160260460	11744
chr5	115352520	115552520	harbor2	chr5	115437228	115437394	LTR/ERVL	684	-	83	115437311	84791
chr5	115352520	115552520	harbor2	chr5	115438287	115438346	LTR/ERVL	428	-	30	115438317	85797
chr5	173689405	173889405	harbor2	chr5	173724103	173725003	LTR/ERVL	3980	-	450	173724553	35148
chr5	173689405	173889405	harbor2	chr5	173731391	173731534	LTR/ERVL	689	-	72	173731463	42058
chr5	173689405	173889405	harbor2	chr5	173748402	173748635	LTR/ERVL	637	-	116	173748518	59113
chr5	92851329	93051329	harbor2	chr5	92913945	92914134	LTR/ERVL	625	-	94	92914039	62710
chr5	58108157	58308157	harbor2	chr5	58205489	58205745	LTR/ERVL	471	-	128	58205617	97460
chr5	118080672	118280672	harbor2	chr5	118086421	118086999	LTR/ERVL	2058	-	289	118086710	6038
chr6	169229148	169429148	harbor2	chr6	169267881	169267920	LTR/ERVL	2097	-	20	169267901	38753
chr6	169229148	169429148	harbor2	chr6	169267959	169268411	LTR/ERVL	2097	-	226	169268185	39037
chr6	169229148	169429148	harbor2	chr6	169298580	169298621	LTR/ERVL	1872	-	20	169298600	69452
chr6	169229148	169429148	harbor2	chr6	169298996	169299428	LTR/ERVL	1872	-	216	169299212	70064
chr6	29668969	29868969	harbor2	chr6	29731189	29731215	LTR/ERVL	2283	-	13	29731202	62233
chr6	29668969	29868969	harbor2	chr6	29731282	29731755	LTR/ERVL	2283	-	236	29731518	62549
chr6	29668969	29868969	harbor2	chr6	29760290	29760723	LTR/ERVL	798	-	216	29760506	91537
chr6	143029044	143229044	harbor2	chr6	143116610	143117100	LTR/ERVL	2221	-	245	143116855	87811
chr6	153903016	154103016	harbor2	chr6	153910445	153910824	LTR/ERVL	2646	-	190	153910635	7619
chr6	153903016	154103016	harbor2	chr6	153911869	153912898	LTR/ERVL	7700	-	514	153912383	9367
chr6	153903016	154103016	harbor2	chr6	153912903	153912970	LTR/ERVL	483	-	34	153912937	9921
chr6	153903016	154103016	harbor2	chr6	153941532	153942173	LTR/ERVL	2113	-	320	153941852	38836
chr6	153903016	154103016	harbor2	chr6	153945368	153945502	LTR/ERVL	437	-	67	153945435	42419
chr6	153903016	154103016	harbor2	chr6	153999006	153999045	LTR/ERVL	2837	-	20	153999026	96010
chr6	153903016	154103016	harbor2	chr6	153999089	153999463	LTR/ERVL	2837	-	187	153999276	96260
chr6	153903016	154103016	harbor2	chr6	153910827	153911870	LTR/ERVL	7513	-	522	153911349	8333
chr6	158215953	158415953	harbor2	chr6	158259611	158260314	LTR/ERVL	1981	-	352	158259963	44010
chr6	158215953	158415953	harbor2	chr6	158262296	158262489	LTR/ERVL	497	-	96	158262392	46439
chr6	153957261	154157261	harbor2	chr6	153999006	153999045	LTR/ERVL	2837	-	20	153999026	41765
chr6	153957261	154157261	harbor2	chr6	153999089	153999463	LTR/ERVL	2837	-	187	153999276	42015
chr6	153957261	154157261	harbor2	chr6	154047017	154047364	LTR/ERVL	593	-	174	154047191	89930
chr6	138057692	138257692	harbor2	chr6	138072737	138073137	LTR/ERVL	1496	-	200	138072937	15245
chr6	138057692	138257692	harbor2	chr6	138140043	138140183	LTR/ERVL	925	-	70	138140113	82421
chr6	45836312	46036312	harbor2	chr6	45868185	45868972	LTR/ERVL	3961	-	394	45868579	32267
chr6	131542373	131742373	harbor2	chr6	131633692	131634000	LTR/ERVL	1397	-	154	131633846	91473
chr6	36244557	36444557	harbor2	chr6	36304277	36304379	LTR/ERVL	470	-	51	36304328	59771
chr6	36244557	36444557	harbor2	chr6	36304652	36304832	LTR/ERVL	470	-	90	36304742	60185
chr6	36244557	36444557	harbor2	chr6	36305021	36305042	LTR/ERVL	470	-	10	36305031	60474
chr6	36244557	36444557	harbor2	chr6	36320174	36320545	LTR/ERVL	984	-	186	36320360	75803
chr6	137384853	137584853	harbor2	chr6	137454788	137454829	LTR/ERVL	2183	-	20	137454808	69955
chr6	137384853	137584853	harbor2	chr6	137454958	137455377	LTR/ERVL	2183	-	210	137455168	70315
chr6	137384853	137584853	harbor2	chr6	137467423	137467952	LTR/ERVL	1897	-	264	137467687	82834
chr6	137384853	137584853	harbor2	chr6	137478166	137478475	LTR/ERVL	1409	-	154	137478320	93467
chr6	115031139	115231139	harbor2	chr6	115046825	115047273	LTR/ERVL	980	-	224	115047049	15910
chr6	115031139	115231139	harbor2	chr6	115090823	115091283	LTR/ERVL	1271	-	230	115091053	59914
chr6	115031139	115231139	harbor2	chr6	115095764	115096269	LTR/ERVL	1190	-	252	115096016	64877
chr6	115031139	115231139	harbor2	chr6	115102430	115102836	LTR/ERVL	2724	-	203	115102633	71494
chr6	96630774	96830774	harbor2	chr6	96652062	96652427	LTR/ERVL	962	-	182	96652244	21470
chr6	96630774	96830774	harbor2	chr6	96723962	96724062	LTR/ERVL	715	-	50	96724012	93238
chr6	96630774	96830774	harbor2	chr6	96724250	96724698	LTR/ERVL	1859	-	224	96724474	93700
chr6	122138709	122338709	harbor2	chr6	122156366	122157777	LTR/ERVL	2758	-	706	122157072	18363
chr6	122138709	122338709	harbor2	chr6	122158111	122158710	LTR/ERVL	1442	-	300	122158411	19702
chr6	122138709	122338709	harbor2	chr6	122162802	122163338	LTR/ERVL	1657	-	268	122163070	24361
chr6	122138709	122338709	harbor2	chr6	122189805	122190263	LTR/ERVL	1518	-	229	122190034	51325
chr6	155204207	155404207	harbor2	chr6	155265783	155266187	LTR/ERVL	3279	-	202	155265985	61778
chr6	62201863	62401863	harbor2	chr6	62215071	62215528	LTR/ERVL	760	-	228	62215299	13436
chr6	87971843	88171843	harbor2	chr6	87981504	87981934	LTR/ERVL	1991	-	215	87981719	9876
chr6	87971843	88171843	harbor2	chr6	88010489	88010545	LTR/ERVL	1529	-	28	88010517	38674
chr6	87971843	88171843	harbor2	chr6	88010859	88011298	LTR/ERVL	1529	-	220	88011079	39236
chr6	87971843	88171843	harbor2	chr6	88019732	88020221	LTR/ERVL	2460	-	244	88019976	48133
chr6	97655208	97855208	harbor2	chr6	97723855	97724031	LTR/ERVL	446	-	88	97723943	68735
chr6	121539229	121739229	harbor2	chr6	121604339	121604611	LTR/ERVL	759	-	136	121604475	65246
chr6	121539229	121739229	harbor2	chr6	121618873	121619375	LTR/ERVL	1854	-	251	121619124	79895
chr6	121539229	121739229	harbor2	chr6	121636307	121637022	LTR/ERVL	11693	-	358	121636665	97436
chr6	121539229	121739229	harbor2	chr6	121637053	121637868	LTR/ERVL	11693	-	408	121637461	98232
chr6	121539229	121739229	harbor2	chr6	121638085	121638441	LTR/ERVL	2259	-	178	121638263	99034
chr6	139566587	139766587	harbor2	chr6	139645490	139645982	LTR/ERVL	650	-	246	139645736	79149
chr6	146843477	147043477	harbor2	chr6	146850513	146850978	LTR/ERVL	843	-	232	146850745	7268
chr6	133228895	133428895	harbor2	chr6	133269757	133270213	LTR/ERVL	2993	-	228	133269985	41090
chr6	133228895	133428895	harbor2	chr6	133270214	133272806	LTR/ERVL	20523	-	1296	133271510	42615
chr6	133228895	133428895	harbor2	chr6	133273049	133273086	LTR/ERVL	2946	-	18	133273067	44172
chr6	133228895	133428895	harbor2	chr6	133273118	133273501	LTR/ERVL	2946	-	192	133273310	44415
chr6	168571892	168771892	harbor2	chr6	168659181	168659385	LTR/ERVL	739	-	102	168659283	87391
chr6	168571892	168771892	harbor2	chr6	168660082	168660176	LTR/ERVL	412	-	47	168660129	88237
chr6	29991401	30191401	harbor2	chr6	29992645	29992837	LTR/ERVL	504	-	96	29992741	1340
chr6	29991401	30191401	harbor2	chr6	30045361	30045859	LTR/ERVL	2907	-	249	30045610	54209
chr6	29991401	30191401	harbor2	chr6	30045865	30046109	LTR/ERVL	1290	-	122	30045987	54586
chr6	29991401	30191401	harbor2	chr6	30088630	30088774	LTR/ERVL	647	-	72	30088702	97301
chr6	92285102	92485102	harbor2	chr6	92286217	92286466	LTR/ERVL	773	-	124	92286341	1239
chr6	92285102	92485102	harbor2	chr6	92381747	92382222	LTR/ERVL	1931	-	238	92381985	96883
chr6	120243317	120443317	harbor2	chr6	120273959	120274265	LTR/ERVL	572	-	153	120274112	30795
chr6	120243317	120443317	harbor2	chr6	120275411	120275659	LTR/ERVL	491	-	124	120275535	32218
chr6	120243317	120443317	harbor2	chr6	120275740	120275855	LTR/ERVL	454	-	58	120275798	32481
chr6	120243317	120443317	harbor2	chr6	120283133	120283195	LTR/ERVL	419	-	31	120283164	39847
chr6	120243317	120443317	harbor2	chr6	120287428	120287812	LTR/ERVL	1991	-	192	120287620	44303
chr6	120243317	120443317	harbor2	chr6	120324390	120324784	LTR/ERVL	560	-	197	120324587	81270
chr6	23124269	23324269	harbor2	chr6	23172455	23172834	LTR/ERVL	1152	-	190	23172645	48376
chr6	23124269	23324269	harbor2	chr6	23193742	23194237	LTR/ERVL	1590	-	248	23193990	69721
chr6	130097882	130297882	harbor2	chr6	130111085	130111488	LTR/ERVL	1284	-	202	130111287	13405
chr6	130097882	130297882	harbor2	chr6	130123939	130124342	LTR/ERVL	1275	-	202	130124141	26259
chr6	170364714	170564714	harbor2	chr6	170430663	170431676	LTR/ERVL	3386	-	506	170431169	66455
chr6	74997706	75197706	harbor2	chr6	75055141	75055584	LTR/ERVL	1248	-	222	75055363	57657
chr6	74997706	75197706	harbor2	chr6	75065482	75065968	LTR/ERVL	696	-	243	75065725	68019
chr6	94062142	94262142	harbor2	chr6	94102382	94102761	LTR/ERVL	424	-	190	94102572	40430
chr6	94062142	94262142	harbor2	chr6	94107416	94107686	LTR/ERVL	556	-	135	94107551	45409
chr6	94062142	94262142	harbor2	chr6	94107707	94108873	LTR/ERVL	2728	-	583	94108290	46148
chr6	94062142	94262142	harbor2	chr6	94109017	94109509	LTR/ERVL	1116	-	246	94109263	47121
chr6	94062142	94262142	harbor2	chr6	94110980	94111334	LTR/ERVL	903	-	177	94111157	49015
chr6	94062142	94262142	harbor2	chr6	94124174	94124554	LTR/ERVL	981	-	190	94124364	62222
chr6	80852540	81052540	harbor2	chr6	80930334	80930601	LTR/ERVL	471	-	134	80930468	77928
chr6	143585689	143785689	harbor2	chr6	143657552	143657982	LTR/ERVL	1227	-	215	143657767	72078
chr6	161305652	161505652	harbor2	chr6	161307118	161307669	LTR/ERVL	2046	-	276	161307394	1742
chr6	161305652	161505652	harbor2	chr6	161373111	161373344	LTR/ERVL	1224	-	116	161373227	67575
chr6	156328844	156528844	harbor2	chr6	156402133	156402596	LTR/ERVL	1174	-	232	156402365	73521
chr6	156328844	156528844	harbor2	chr6	156411009	156411424	LTR/ERVL	1849	-	208	156411217	82373
chr6	166679815	166879815	harbor2	chr6	166746476	166746714	LTR/ERVL	1320	-	119	166746595	66780
chr6	166679815	166879815	harbor2	chr6	166746827	166747359	LTR/ERVL	2538	-	266	166747093	67278
chr6	166679815	166879815	harbor2	chr6	166754220	166754759	LTR/ERVL	2135	-	270	166754490	74675
chr6	155518162	155718162	harbor2	chr6	155544499	155545282	LTR/ERVL	2711	-	392	155544891	26729
chr6	155518162	155718162	harbor2	chr6	155558287	155558714	LTR/ERVL	1828	-	214	155558501	40339
chr6	155518162	155718162	harbor2	chr6	155579405	155579865	LTR/ERVL	866	-	230	155579635	61473
chr6	155518162	155718162	harbor2	chr6	155579934	155580520	LTR/ERVL	1197	-	293	155580227	62065
chr6	155518162	155718162	harbor2	chr6	155595225	155595675	LTR/ERVL	995	-	225	155595450	77288
chr6	155518162	155718162	harbor2	chr6	155603706	155604216	LTR/ERVL	2780	-	255	155603961	85799
chr6	155518162	155718162	harbor2	chr6	155604217	155605077	LTR/ERVL	6817	-	430	155604647	86485
chr6	161856379	162056379	harbor2	chr6	161906614	161907110	LTR/ERVL	2701	-	248	161906862	50483
chr6	169345239	169545239	harbor2	chr6	169377904	169378306	LTR/ERVL	1805	-	201	169378105	32866
chr6	66837425	67037425	harbor2	chr6	66846341	66846626	LTR/ERVL	1334	-	142	66846483	9058
chr6	129780150	129980150	harbor2	chr6	129816499	129816824	LTR/ERVL	936	-	162	129816661	36511
chr6	168808701	169008701	harbor2	chr6	168817810	168818145	LTR/ERVL	985	-	168	168817978	9277
chr6	168808701	169008701	harbor2	chr6	168865954	168866334	LTR/ERVL	1683	-	190	168866144	57443
chr6	168808701	169008701	harbor2	chr6	168905575	168906114	LTR/ERVL	853	-	270	168905845	97144
chr6	140226038	140426038	harbor2	chr6	140324102	140324839	LTR/ERVL	2937	-	368	140324470	98432
chr6	140226038	140426038	harbor2	chr6	140246843	140247262	LTR/ERVL	1943	-	210	140247053	21015
chr6	90147112	90347112	harbor2	chr6	90150491	90150939	LTR/ERVL	1952	-	224	90150715	3603
chr6	159849420	160049420	harbor2	chr6	159865230	159866068	LTR/ERVL	1824	-	419	159865649	16229
chr6	159849420	160049420	harbor2	chr6	159866305	159866331	LTR/ERVL	1354	-	13	159866318	16898
chr6	159849420	160049420	harbor2	chr6	159915671	159915810	LTR/ERVL	520	-	70	159915741	66321
chr6	159849420	160049420	harbor2	chr6	159943241	159943431	LTR/ERVL	796	-	95	159943336	93916
chr6	159849420	160049420	harbor2	chr6	159943675	159943892	LTR/ERVL	650	-	108	159943783	94363
chr6	159849420	160049420	harbor2	chr6	159945892	159946219	LTR/ERVL	1044	-	164	159946056	96636
chr6	167670830	167870830	harbor2	chr6	167712973	167713414	LTR/ERVL	1854	-	220	167713193	42363
chr6	127770974	127970974	harbor2	chr6	127787761	127787797	LTR/ERVL	439	-	18	127787779	16805
chr6	127770974	127970974	harbor2	chr6	127787927	127788327	LTR/ERVL	907	-	200	127788127	17153
chr6	127770974	127970974	harbor2	chr6	127864778	127865428	LTR/ERVL	2772	-	325	127865103	94129
chr6	72276611	72476611	harbor2	chr6	72359059	72359464	LTR/ERVL	2395	-	202	72359261	82650
chr6	72276611	72476611	harbor2	chr6	72364614	72364801	LTR/ERVL	729	-	94	72364708	88097
chr6	72276611	72476611	harbor2	chr6	72369376	72369770	LTR/ERVL	1330	-	197	72369573	92962
chr6	72276611	72476611	harbor2	chr6	72374305	72374633	LTR/ERVL	614	-	164	72374469	97858
chr6	72276611	72476611	harbor2	chr6	72375162	72375405	LTR/ERVL	614	-	122	72375284	98673
chr6	165066872	165266872	harbor2	chr6	165132181	165132212	LTR/ERVL	960	-	16	165132197	65325
chr6	165066872	165266872	harbor2	chr6	165132261	165132566	LTR/ERVL	960	-	152	165132413	65541
chr6	165066872	165266872	harbor2	chr6	165132778	165132959	LTR/ERVL	1341	-	90	165132868	65996
chr6	165066872	165266872	harbor2	chr6	165143983	165144376	LTR/ERVL	1921	-	196	165144179	77307
chr6	165066872	165266872	harbor2	chr6	165146654	165147100	LTR/ERVL	812	-	223	165146877	80005
chr6	153121046	153321046	harbor2	chr6	153157711	153158383	LTR/ERVL	1116	-	336	153158047	37001
chr6	153121046	153321046	harbor2	chr6	153158401	153158635	LTR/ERVL	850	-	117	153158518	37472
chr6	153121046	153321046	harbor2	chr6	153159011	153159255	LTR/ERVL	850	-	122	153159133	38087
chr6	153121046	153321046	harbor2	chr6	153160322	153160692	LTR/ERVL	1018	-	185	153160507	39461
chr6	70577198	70777198	harbor2	chr6	70590762	70591219	LTR/ERVL	1848	-	228	70590990	13792
chr6	70577198	70777198	harbor2	chr6	70655139	70655608	LTR/ERVL	1845	-	234	70655373	78175
chr6	116916365	117116365	harbor2	chr6	116995307	116995802	LTR/ERVL	1996	-	248	116995555	79190
chr6	116916365	117116365	harbor2	chr6	116999283	116999523	LTR/ERVL	703	-	120	116999403	83038
chr6	116916365	117116365	harbor2	chr6	117000424	117000852	LTR/ERVL	826	-	214	117000638	84273
chr6	145015612	145215612	harbor2	chr6	145094485	145094876	LTR/ERVL	919	-	196	145094681	79069
chr6	145015612	145215612	harbor2	chr6	145094877	145094914	LTR/ERVL	1458	-	18	145094895	79283
chr6	145015612	145215612	harbor2	chr6	145094992	145095033	LTR/ERVL	1458	-	20	145095012	79400
chr6	145015612	145215612	harbor2	chr6	145095071	145095394	LTR/ERVL	1458	-	162	145095233	79621
chr6	145015612	145215612	harbor2	chr6	145095395	145095490	LTR/ERVL	919	-	48	145095443	79831
chr6	150209643	150409643	harbor2	chr6	150228234	150228775	LTR/ERVL	1990	-	270	150228504	18861
chr6	150209643	150409643	harbor2	chr6	150265356	150265395	LTR/ERVL	2367	-	20	150265376	55733
chr6	150209643	150409643	harbor2	chr6	150265444	150265807	LTR/ERVL	2367	-	182	150265626	55983
chr6	150209643	150409643	harbor2	chr6	150295104	150295198	LTR/ERVL	465	-	47	150295151	85508
chr6	150209643	150409643	harbor2	chr6	150295496	150295623	LTR/ERVL	465	-	64	150295560	85917
chr6	82153051	82353051	harbor2	chr6	82166426	82166661	LTR/ERVL	675	-	118	82166544	13493
chr6	161954446	162154446	harbor2	chr6	161977129	161977533	LTR/ERVL	1940	-	202	161977331	22885
chr6	161954446	162154446	harbor2	chr6	161977849	161977974	LTR/ERVL	1940	-	62	161977911	23465
chr6	161954446	162154446	harbor2	chr6	161980421	161980740	LTR/ERVL	710	-	160	161980581	26135
chr6	161954446	162154446	harbor2	chr6	162003153	162003555	LTR/ERVL	1739	-	201	162003354	48908
chr6	27979642	28179642	harbor2	chr6	28008239	28009114	LTR/ERVL	5002	-	438	28008677	29035
chr6	27979642	28179642	harbor2	chr6	28010143	28010507	LTR/ERVL	843	-	182	28010325	30683
chr6	27979642	28179642	harbor2	chr6	28012931	28013712	LTR/ERVL	2439	-	390	28013321	33679
chr6	27979642	28179642	harbor2	chr6	28014235	28014607	LTR/ERVL	2439	-	186	28014421	34779
chr6	104218893	104418893	harbor2	chr6	104295877	104296270	LTR/ERVL	2284	-	196	104296073	77180
chr6	104218893	104418893	harbor2	chr6	104305062	104305183	LTR/ERVL	466	-	60	104305122	86229
chr6	104218893	104418893	harbor2	chr6	104305256	104305672	LTR/ERVL	609	-	208	104305464	86571
chr6	104218893	104418893	harbor2	chr6	104316546	104317054	LTR/ERVL	1224	-	254	104316800	97907
chr6	143423242	143623242	harbor2	chr6	143457572	143458284	LTR/ERVL	1386	-	356	143457928	34686
chr6	143423242	143623242	harbor2	chr6	143460938	143461366	LTR/ERVL	1801	-	214	143461152	37910
chr6	155757033	155957033	harbor2	chr6	155798202	155798473	LTR/ERVL	1141	-	136	155798338	41305
chr6	155757033	155957033	harbor2	chr6	155798649	155798852	LTR/ERVL	1008	-	102	155798751	41718
chr6	155757033	155957033	harbor2	chr6	155799229	155799378	LTR/ERVL	1008	-	74	155799303	42270
chr6	155757033	155957033	harbor2	chr6	155854781	155854920	LTR/ERVL	547	-	70	155854851	97818
chr6	155757033	155957033	harbor2	chr6	155855811	155855965	LTR/ERVL	461	-	77	155855888	98855
chr6	113526634	113726634	harbor2	chr6	113594015	113594290	LTR/ERVL	3287	-	138	113594153	67519
chr6	113526634	113726634	harbor2	chr6	113594583	113594797	LTR/ERVL	3287	-	107	113594690	68056
chr6	162738529	162938529	harbor2	chr6	162759883	162760262	LTR/ERVL	554	-	190	162760073	21544
chr6	101029160	101229160	harbor2	chr6	101122569	101122698	LTR/ERVL	533	-	64	101122633	93473
chr6	165795412	165995412	harbor2	chr6	165859476	165859665	LTR/ERVL	1098	-	94	165859570	64158
chr6	161903771	162103771	harbor2	chr6	161977129	161977533	LTR/ERVL	1940	-	202	161977331	73560
chr6	161903771	162103771	harbor2	chr6	161977849	161977974	LTR/ERVL	1940	-	62	161977911	74140
chr6	161903771	162103771	harbor2	chr6	161980421	161980740	LTR/ERVL	710	-	160	161980581	76810
chr6	161903771	162103771	harbor2	chr6	162003153	162003555	LTR/ERVL	1739	-	201	162003354	99583
chr6	161903771	162103771	harbor2	chr6	161906614	161907110	LTR/ERVL	2701	-	248	161906862	3091
chr6	156818824	157018824	harbor2	chr6	156905283	156905545	LTR/ERVL	706	-	131	156905414	86590
chr6	166940676	167140676	harbor2	chr6	166986045	166986571	LTR/ERVL	3460	-	263	166986308	45632
chr6	166940676	167140676	harbor2	chr6	166986577	166986788	LTR/ERVL	1352	-	106	166986683	46007
chr6	166940676	167140676	harbor2	chr6	166992673	166992940	LTR/ERVL	593	-	134	166992807	52131
chr6	156583979	156783979	harbor2	chr6	156642521	156642964	LTR/ERVL	1809	-	222	156642743	58764
chr6	109930813	110130813	harbor2	chr6	109931858	109932430	LTR/ERVL	2418	-	286	109932144	1331
chr6	109930813	110130813	harbor2	chr6	109948700	109949272	LTR/ERVL	1509	-	286	109948986	18173
chr6	109930813	110130813	harbor2	chr6	109983723	109984192	LTR/ERVL	2099	-	234	109983957	53144
chr6	109930813	110130813	harbor2	chr6	110017886	110018336	LTR/ERVL	2498	-	225	110018111	87298
chr6	109930813	110130813	harbor2	chr6	110020954	110021234	LTR/ERVL	875	-	140	110021094	90281
chr6	133055704	133255704	harbor2	chr6	133102612	133102966	LTR/ERVL	1651	-	177	133102789	47085
chr6	133055704	133255704	harbor2	chr6	133113095	133113571	LTR/ERVL	1145	-	238	133113333	57629
chr6	161264527	161464527	harbor2	chr6	161307118	161307669	LTR/ERVL	2046	-	276	161307394	42867
chr6	154734902	154934902	harbor2	chr6	154782537	154783008	LTR/ERVL	2878	-	236	154782773	47871
chr6	145161065	145361065	harbor2	chr6	145187326	145188158	LTR/ERVL	3245	-	416	145187742	26677
chr6	145161065	145361065	harbor2	chr6	145188890	145189261	LTR/ERVL	1631	-	186	145189076	28011
chr6	167949845	168149845	harbor2	chr6	167995488	167995935	LTR/ERVL	1184	-	224	167995712	45867
chr6	167949845	168149845	harbor2	chr6	168005507	168005946	LTR/ERVL	3173	-	220	168005727	55882
chr6	138097019	138297019	harbor2	chr6	138140043	138140183	LTR/ERVL	925	-	70	138140113	43094
chr6	163531058	163731058	harbor2	chr6	163551195	163551409	LTR/ERVL	932	-	107	163551302	20244
chr6	112532305	112732305	harbor2	chr6	112557919	112557949	LTR/ERVL	2510	-	15	112557934	25629
chr6	112532305	112732305	harbor2	chr6	112566051	112566208	LTR/ERVL	499	-	78	112566129	33824
chr6	112532305	112732305	harbor2	chr6	112578169	112578569	LTR/ERVL	798	-	200	112578369	46064
chr6	112532305	112732305	harbor2	chr6	112591691	112592155	LTR/ERVL	1418	-	232	112591923	59618
chr6	112532305	112732305	harbor2	chr6	112558030	112558512	LTR/ERVL	2510	-	241	112558271	25966
chr6	140145928	140345928	harbor2	chr6	140179827	140180309	LTR/ERVL	961	-	241	140180068	34140
chr6	144120730	144320730	harbor2	chr6	144123012	144123343	LTR/ERVL	803	-	166	144123178	2448
chr6	144120730	144320730	harbor2	chr6	144137908	144138284	LTR/ERVL	576	-	188	144138096	17366
chr6	144120730	144320730	harbor2	chr6	144147930	144148023	LTR/ERVL	625	-	46	144147976	27246
chr6	144120730	144320730	harbor2	chr6	144157094	144157468	LTR/ERVL	1078	-	187	144157281	36551
chr6	144120730	144320730	harbor2	chr6	144175763	144175963	LTR/ERVL	465	-	100	144175863	55133
chr6	144120730	144320730	harbor2	chr6	144220439	144220642	LTR/ERVL	574	-	102	144220541	99811
chr6	144120730	144320730	harbor2	chr6	144129559	144130053	LTR/ERVL	1286	-	247	144129806	9076
chr6	164416284	164616284	harbor2	chr6	164461798	164462307	LTR/ERVL	1587	-	254	164462052	45768
chr6	164416284	164616284	harbor2	chr6	164463625	164464303	LTR/ERVL	4024	-	339	164463964	47680
chr6	164416284	164616284	harbor2	chr6	164464312	164464802	LTR/ERVL	2230	-	245	164464557	48273
chr6	164416284	164616284	harbor2	chr6	164465236	164465307	LTR/ERVL	1002	-	36	164465272	48988
chr6	164416284	164616284	harbor2	chr6	164465618	164465971	LTR/ERVL	1002	-	176	164465794	49510
chr6	164416284	164616284	harbor2	chr6	164462308	164463627	LTR/ERVL	6393	-	660	164462968	46684
chr6	65755597	65955597	harbor2	chr6	65781168	65781538	LTR/ERVL	944	-	185	65781353	25756
chr6	65755597	65955597	harbor2	chr6	65784099	65784399	LTR/ERVL	506	-	150	65784249	28652
chr6	65755597	65955597	harbor2	chr6	65784403	65784832	LTR/ERVL	1098	-	214	65784617	29020
chr6	65755597	65955597	harbor2	chr6	65805244	65805665	LTR/ERVL	1374	-	210	65805454	49857
chr6	65755597	65955597	harbor2	chr6	65819178	65819690	LTR/ERVL	1177	-	256	65819434	63837
chr6	65755597	65955597	harbor2	chr6	65845177	65845556	LTR/ERVL	468	-	190	65845367	89770
chr6	65755597	65955597	harbor2	chr6	65781630	65781802	LTR/ERVL	552	-	86	65781716	26119
chr6	86640098	86840098	harbor2	chr6	86654223	86654383	LTR/ERVL	408	-	80	86654303	14205
chr6	86640098	86840098	harbor2	chr6	86730228	86730567	LTR/ERVL	461	-	170	86730398	90300
chr6	86640098	86840098	harbor2	chr6	86739288	86740148	LTR/ERVL	4924	-	430	86739718	99620
chr6	96301735	96501735	harbor2	chr6	96314658	96314833	LTR/ERVL	742	-	88	96314746	13011
chr6	96301735	96501735	harbor2	chr6	96357554	96358143	LTR/ERVL	1126	-	294	96357848	56113
chr6	134125113	134325113	harbor2	chr6	134186061	134186131	LTR/ERVL	490	-	35	134186096	60983
chr6	134125113	134325113	harbor2	chr6	134186133	134186812	LTR/ERVL	13149	-	340	134186473	61360
chr6	134125113	134325113	harbor2	chr6	134187115	134188500	LTR/ERVL	13149	-	692	134187807	62694
chr6	157528997	157728997	harbor2	chr6	157574914	157575378	LTR/ERVL	2216	-	232	157575146	46149
chr6	161270863	161470863	harbor2	chr6	161307118	161307669	LTR/ERVL	2046	-	276	161307394	36531
chr6	158436311	158636311	harbor2	chr6	158447854	158448270	LTR/ERVL	708	-	208	158448062	11751
chr6	131451807	131651807	harbor2	chr6	131493247	131493641	LTR/ERVL	1131	-	197	131493444	41637
chr6	127992873	128192873	harbor2	chr6	128029872	128030291	LTR/ERVL	1512	-	210	128030082	37209
chr6	106442911	106642911	harbor2	chr6	106502704	106502818	LTR/ERVL	473	-	57	106502761	59850
chr6	154697768	154897768	harbor2	chr6	154782537	154783008	LTR/ERVL	2878	-	236	154782773	85005
chr6	118034344	118234344	harbor2	chr6	118067985	118068318	LTR/ERVL	1977	-	166	118068151	33807
chr6	118034344	118234344	harbor2	chr6	118100309	118101001	LTR/ERVL	1576	-	346	118100655	66311
chr6	166093247	166293247	harbor2	chr6	166179690	166179972	LTR/ERVL	909	-	141	166179831	86584
chr6	170617719	170817719	harbor2	chr6	170654024	170654144	LTR/ERVL	453	-	60	170654084	36365
chr6	152479011	152679011	harbor2	chr6	152524606	152525107	LTR/ERVL	1321	-	250	152524856	45845
chr6	152479011	152679011	harbor2	chr6	152529525	152530203	LTR/ERVL	1773	-	339	152529864	50853
chr6	152479011	152679011	harbor2	chr6	152553755	152554141	LTR/ERVL	631	-	193	152553948	74937
chr6	149360081	149560081	harbor2	chr6	149425423	149428295	LTR/ERVL	6417	-	1436	149426859	66778
chr6	149360081	149560081	harbor2	chr6	149428445	149429091	LTR/ERVL	1631	-	323	149428768	68687
chr6	149360081	149560081	harbor2	chr6	149440047	149440223	LTR/ERVL	500	-	88	149440135	80054
chr6	165728998	165928998	harbor2	chr6	165735445	165735863	LTR/ERVL	1418	-	209	165735654	6656
chr6	125081735	125281735	harbor2	chr6	125098044	125098422	LTR/ERVL	1209	-	189	125098233	16498
chr6	161292729	161492729	harbor2	chr6	161307118	161307669	LTR/ERVL	2046	-	276	161307394	14665
chr6	161292729	161492729	harbor2	chr6	161373111	161373344	LTR/ERVL	1224	-	116	161373227	80498
chr6	128827983	129027983	harbor2	chr6	128837190	128837421	LTR/ERVL	782	-	116	128837306	9323
chr6	128827983	129027983	harbor2	chr6	128837806	128838105	LTR/ERVL	782	-	150	128837956	9973
chr6	128827983	129027983	harbor2	chr6	128842407	128842835	LTR/ERVL	571	-	214	128842621	14638
chr6	128827983	129027983	harbor2	chr6	128847221	128847758	LTR/ERVL	2461	-	268	128847489	19506
chr6	128827983	129027983	harbor2	chr6	128853786	128854017	LTR/ERVL	462	-	116	128853902	25919
chr6	156566783	156766783	harbor2	chr6	156642521	156642964	LTR/ERVL	1809	-	222	156642743	75960
chr6	119577673	119777673	harbor2	chr6	119618737	119619164	LTR/ERVL	1243	-	214	119618951	41278
chr6	119577673	119777673	harbor2	chr6	119638636	119638872	LTR/ERVL	658	-	118	119638754	61081
chr6	119577673	119777673	harbor2	chr6	119646364	119646715	LTR/ERVL	909	-	176	119646540	68867
chr6	156584004	156784004	harbor2	chr6	156642521	156642964	LTR/ERVL	1809	-	222	156642743	58739
chr6	158190498	158390498	harbor2	chr6	158259611	158260314	LTR/ERVL	1981	-	352	158259963	69465
chr6	158190498	158390498	harbor2	chr6	158262296	158262489	LTR/ERVL	497	-	96	158262392	71894
chr6	121774161	121974161	harbor2	chr6	121821595	121821885	LTR/ERVL	1692	-	145	121821740	47579
chr6	121774161	121974161	harbor2	chr6	121822626	121822741	LTR/ERVL	1692	-	58	121822684	48523
chr6	121774161	121974161	harbor2	chr6	121826041	121826405	LTR/ERVL	928	-	182	121826223	52062
chr6	121774161	121974161	harbor2	chr6	121853875	121854286	LTR/ERVL	2016	-	206	121854081	79920
chr6	65337740	65537740	harbor2	chr6	65382528	65382974	LTR/ERVL	3209	-	223	65382751	45011
chr6	144827223	145027223	harbor2	chr6	144834561	144835005	LTR/ERVL	1356	-	222	144834783	7560
chr6	144827223	145027223	harbor2	chr6	144855865	144856374	LTR/ERVL	2823	-	254	144856119	28896
chr6	144827223	145027223	harbor2	chr6	144888004	144888272	LTR/ERVL	1868	-	134	144888138	60915
chr6	144827223	145027223	harbor2	chr6	144888579	144888702	LTR/ERVL	1868	-	62	144888641	61418
chr6	144827223	145027223	harbor2	chr6	144919237	144919621	LTR/ERVL	794	-	192	144919429	92206
chr6	136359282	136559282	harbor2	chr6	136446393	136446769	LTR/ERVL	2073	-	188	136446581	87299
chr6	136359282	136559282	harbor2	chr6	136445872	136446183	LTR/ERVL	926	-	156	136446028	86746
chr6	160638041	160838041	harbor2	chr6	160653888	160653966	LTR/ERVL	427	-	39	160653927	15886
chr6	160638041	160838041	harbor2	chr6	160654092	160654509	LTR/ERVL	2725	-	208	160654300	16259
chr6	160638041	160838041	harbor2	chr6	160654510	160654813	LTR/ERVL	1638	-	152	160654662	16621
chr6	160638041	160838041	harbor2	chr6	160654816	160657398	LTR/ERVL	29184	-	1291	160656107	18066
chr6	160638041	160838041	harbor2	chr6	160657697	160658830	LTR/ERVL	29184	-	566	160658263	20222
chr6	160638041	160838041	harbor2	chr6	160658928	160659200	LTR/ERVL	1642	-	136	160659064	21023
chr6	160638041	160838041	harbor2	chr6	160732359	160733195	LTR/ERVL	4230	-	418	160732777	94736
chr6	166509450	166709450	harbor2	chr6	166558159	166558528	LTR/ERVL	1382	-	184	166558343	48893
chr6	170274809	170474809	harbor2	chr6	170341984	170342151	LTR/ERVL	1270	-	84	170342068	67259
chr6	154042696	154242696	harbor2	chr6	154047017	154047364	LTR/ERVL	593	-	174	154047191	4495
chr6	154042696	154242696	harbor2	chr6	154072683	154073071	LTR/ERVL	572	-	194	154072877	30181
chr6	154042696	154242696	harbor2	chr6	154112245	154112536	LTR/ERVL	636	-	146	154112391	69695
chr6	154042696	154242696	harbor2	chr6	154112739	154112990	LTR/ERVL	850	-	126	154112865	70169
chr6	154042696	154242696	harbor2	chr6	154113361	154113921	LTR/ERVL	1459	-	280	154113641	70945
chr6	154042696	154242696	harbor2	chr6	154114457	154115125	LTR/ERVL	775	-	334	154114791	72095
chr6	154042696	154242696	harbor2	chr6	154117347	154117597	LTR/ERVL	597	-	125	154117472	74776
chr6	83769979	83969979	harbor2	chr6	83776145	83776681	LTR/ERVL	2109	-	268	83776413	6434
chr6	83769979	83969979	harbor2	chr6	83813738	83814142	LTR/ERVL	1183	-	202	83813940	43961
chr6	83769979	83969979	harbor2	chr6	83837252	83837814	LTR/ERVL	1053	-	281	83837533	67554
chr6	83769979	83969979	harbor2	chr6	83865261	83865303	LTR/ERVL	1191	-	21	83865282	95303
chr6	83769979	83969979	harbor2	chr6	83865763	83866146	LTR/ERVL	1191	-	192	83865955	95976
chr6	140557701	140757701	harbor2	chr6	140641595	140642265	LTR/ERVL	1013	-	335	140641930	84229
chr6	169362022	169562022	harbor2	chr6	169377904	169378306	LTR/ERVL	1805	-	201	169378105	16083
chr6	116240826	116440826	harbor2	chr6	116316925	116317359	LTR/ERVL	1719	-	217	116317142	76316
chr6	140105758	140305758	harbor2	chr6	140179827	140180309	LTR/ERVL	961	-	241	140180068	74310
chr7	102823324	103023324	harbor2	chr7	102844629	102845454	LTR/ERVL	3180	-	412	102845041	21717
chr7	102823324	103023324	harbor2	chr7	102875604	102876014	LTR/ERVL	1172	-	205	102875809	52485
chr7	102823324	103023324	harbor2	chr7	102887343	102887414	LTR/ERVL	1526	-	36	102887379	64055
chr7	102823324	103023324	harbor2	chr7	102887440	102887851	LTR/ERVL	1526	-	206	102887646	64322
chr7	148508704	148708704	harbor2	chr7	148575503	148575898	LTR/ERVL	674	-	198	148575701	66997
chr7	148508704	148708704	harbor2	chr7	148577896	148578172	LTR/ERVL	1007	-	138	148578034	69330
chr7	148508704	148708704	harbor2	chr7	148578478	148578986	LTR/ERVL	1007	-	254	148578732	70028
chr7	148508704	148708704	harbor2	chr7	148578996	148579309	LTR/ERVL	1189	-	156	148579152	70448
chr7	148508704	148708704	harbor2	chr7	148579673	148579927	LTR/ERVL	1189	-	127	148579800	71096
chr7	148508704	148708704	harbor2	chr7	148581086	148581532	LTR/ERVL	2900	-	223	148581309	72605
chr7	66896286	67096286	harbor2	chr7	66906390	66906836	LTR/ERVL	3229	-	223	66906613	10327
chr7	66896286	67096286	harbor2	chr7	66906837	66909329	LTR/ERVL	19171	-	1246	66908083	11797
chr7	66896286	67096286	harbor2	chr7	66909345	66909789	LTR/ERVL	3243	-	222	66909567	13281
chr7	66896286	67096286	harbor2	chr7	66910925	66911157	LTR/ERVL	490	-	116	66911041	14755
chr7	66896286	67096286	harbor2	chr7	66911763	66911853	LTR/ERVL	490	-	45	66911808	15522
chr7	66896286	67096286	harbor2	chr7	66964310	66964667	LTR/ERVL	1818	-	178	66964488	68202
chr7	66896286	67096286	harbor2	chr7	66912170	66912591	LTR/ERVL	490	-	210	66912380	16094
chr7	89648725	89848725	harbor2	chr7	89732877	89733203	LTR/ERVL	1097	-	163	89733040	84315
chr7	89648725	89848725	harbor2	chr7	89733210	89733582	LTR/ERVL	2156	-	186	89733396	84671
chr7	89648725	89848725	harbor2	chr7	89747951	89748348	LTR/ERVL	588	-	198	89748149	99424
chr7	89648725	89848725	harbor2	chr7	89734809	89735280	LTR/ERVL	2912	-	236	89735045	86320
chr7	135320164	135520164	harbor2	chr7	135333812	135334369	LTR/ERVL	2430	-	278	135334090	13926
chr7	135320164	135520164	harbor2	chr7	135341348	135341759	LTR/ERVL	1068	-	206	135341554	21390
chr7	96290428	96490428	harbor2	chr7	96333851	96334280	LTR/ERVL	1061	-	214	96334065	43637
chr7	152673224	152873224	harbor2	chr7	152766085	152766591	LTR/ERVL	2270	-	253	152766338	93114
chr7	156141128	156341128	harbor2	chr7	156190327	156191124	LTR/ERVL	1012	-	398	156190725	49597
chr7	156141128	156341128	harbor2	chr7	156191179	156191447	LTR/ERVL	547	-	134	156191313	50185
chr7	156141128	156341128	harbor2	chr7	156191453	156191724	LTR/ERVL	590	-	136	156191589	50461
chr7	156141128	156341128	harbor2	chr7	156194044	156194382	LTR/ERVL	768	-	169	156194213	53085
chr7	84029667	84229667	harbor2	chr7	84120750	84121171	LTR/ERVL	1230	-	210	84120960	91293
chr7	155116397	155316397	harbor2	chr7	155130989	155131591	LTR/ERVL	1649	-	301	155131290	14893
chr7	155116397	155316397	harbor2	chr7	155138100	155138500	LTR/ERVL	1203	-	200	155138300	21903
chr7	155116397	155316397	harbor2	chr7	155143721	155144242	LTR/ERVL	1802	-	260	155143981	27584
chr7	155116397	155316397	harbor2	chr7	155144250	155144431	LTR/ERVL	635	-	90	155144340	27943
chr7	155116397	155316397	harbor2	chr7	155153796	155154023	LTR/ERVL	476	-	114	155153910	37513
chr7	155116397	155316397	harbor2	chr7	155175790	155176445	LTR/ERVL	2242	-	328	155176118	59721
chr7	155116397	155316397	harbor2	chr7	155179557	155179727	LTR/ERVL	2771	-	85	155179642	63245
chr7	155116397	155316397	harbor2	chr7	155180039	155180318	LTR/ERVL	2771	-	140	155180179	63782
chr7	155116397	155316397	harbor2	chr7	155185871	155186474	LTR/ERVL	1156	-	302	155186173	69776
chr7	106812202	107012202	harbor2	chr7	106822680	106822781	LTR/ERVL	576	-	50	106822730	10528
chr7	106812202	107012202	harbor2	chr7	106822782	106823044	LTR/ERVL	6030	-	131	106822913	10711
chr7	106812202	107012202	harbor2	chr7	106823335	106823412	LTR/ERVL	6030	-	38	106823373	11171
chr7	106812202	107012202	harbor2	chr7	106823446	106824064	LTR/ERVL	6030	-	309	106823755	11553
chr7	101720639	101920639	harbor2	chr7	101759475	101759600	LTR/ERVL	3302	-	62	101759537	38898
chr7	101720639	101920639	harbor2	chr7	101759900	101759911	LTR/ERVL	3302	-	6	101759906	39267
chr7	101720639	101920639	harbor2	chr7	101760212	101760339	LTR/ERVL	3302	-	64	101760276	39637
chr7	101720639	101920639	harbor2	chr7	101760638	101760880	LTR/ERVL	3302	-	121	101760759	40120
chr7	101720639	101920639	harbor2	chr7	101761183	101761500	LTR/ERVL	3302	-	158	101761341	40702
chr7	101720639	101920639	harbor2	chr7	101761813	101761911	LTR/ERVL	3302	-	49	101761862	41223
chr7	101720639	101920639	harbor2	chr7	101783730	101783923	LTR/ERVL	1442	-	96	101783826	63187
chr7	101720639	101920639	harbor2	chr7	101790432	101790815	LTR/ERVL	975	-	192	101790624	69985
chr7	148288457	148488457	harbor2	chr7	148298447	148298678	LTR/ERVL	1398	-	116	148298563	10106
chr7	148288457	148488457	harbor2	chr7	148291248	148291708	LTR/ERVL	3429	-	230	148291478	3021
chr7	55231173	55431173	harbor2	chr7	55239175	55239881	LTR/ERVL	3269	-	353	55239528	8355
chr7	147003517	147203517	harbor2	chr7	147055462	147055977	LTR/ERVL	1947	-	258	147055720	52203
chr7	147003517	147203517	harbor2	chr7	147098964	147099405	LTR/ERVL	1999	-	220	147099184	95667
chr7	135866803	136066803	harbor2	chr7	135885150	135885677	LTR/ERVL	2380	-	264	135885414	18611
chr7	135866803	136066803	harbor2	chr7	135898269	135898755	LTR/ERVL	2078	-	243	135898512	31709
chr7	50551944	50751944	harbor2	chr7	50567414	50567855	LTR/ERVL	2234	-	220	50567634	15690
chr7	130801709	131001709	harbor2	chr7	130846453	130846814	LTR/ERVL	1910	-	180	130846633	44924
chr7	117603072	117803072	harbor2	chr7	117695261	117695669	LTR/ERVL	1042	-	204	117695465	92393
chr7	117603072	117803072	harbor2	chr7	117701023	117701377	LTR/ERVL	1032	-	177	117701200	98128
chr7	155300054	155500054	harbor2	chr7	155322392	155322836	LTR/ERVL	548	-	222	155322614	22560
chr7	155300054	155500054	harbor2	chr7	155356256	155356571	LTR/ERVL	1294	-	158	155356414	56360
chr7	158299142	158499142	harbor2	chr7	158388284	158388872	LTR/ERVL	1534	-	294	158388578	89436
chr7	143673511	143873511	harbor2	chr7	143701193	143701392	LTR/ERVL	518	-	100	143701293	27782
chr7	143673511	143873511	harbor2	chr7	143704214	143704676	LTR/ERVL	1217	-	231	143704445	30934
chr7	143673511	143873511	harbor2	chr7	143710096	143710240	LTR/ERVL	493	-	72	143710168	36657
chr7	150158504	150358504	harbor2	chr7	150163548	150163998	LTR/ERVL	1747	-	225	150163773	5269
chr7	150158504	150358504	harbor2	chr7	150170422	150170793	LTR/ERVL	706	-	186	150170608	12104
chr7	150158504	150358504	harbor2	chr7	150244739	150244924	LTR/ERVL	551	-	92	150244831	86327
chr7	113636993	113836993	harbor2	chr7	113646552	113647069	LTR/ERVL	2286	-	258	113646810	9817
chr7	113636993	113836993	harbor2	chr7	113696961	113697205	LTR/ERVL	898	-	122	113697083	60090
chr7	108197237	108397237	harbor2	chr7	108266886	108267315	LTR/ERVL	1261	-	214	108267100	69863
chr7	150149002	150349002	harbor2	chr7	150163548	150163998	LTR/ERVL	1747	-	225	150163773	14771
chr7	150149002	150349002	harbor2	chr7	150170422	150170793	LTR/ERVL	706	-	186	150170608	21606
chr7	150149002	150349002	harbor2	chr7	150244739	150244924	LTR/ERVL	551	-	92	150244831	95829
chr7	68941540	69141540	harbor2	chr7	69013188	69013636	LTR/ERVL	1730	-	224	69013412	71872
chr7	157089570	157289570	harbor2	chr7	157108411	157108834	LTR/ERVL	1925	-	212	157108623	19053
chr7	157089570	157289570	harbor2	chr7	157131189	157131673	LTR/ERVL	1182	-	242	157131431	41861
chr7	157089570	157289570	harbor2	chr7	157183047	157183448	LTR/ERVL	1435	-	200	157183247	93677
chr7	157089570	157289570	harbor2	chr7	157183510	157183749	LTR/ERVL	525	-	120	157183630	94060
chr7	130790798	130990798	harbor2	chr7	130846453	130846814	LTR/ERVL	1910	-	180	130846633	55835
chr7	150455077	150655077	harbor2	chr7	150458095	150458574	LTR/ERVL	1545	-	240	150458335	3258
chr7	150455077	150655077	harbor2	chr7	150458576	150461120	LTR/ERVL	15949	-	1272	150459848	4771
chr7	150455077	150655077	harbor2	chr7	150479869	150480299	LTR/ERVL	911	-	215	150480084	25007
chr7	150455077	150655077	harbor2	chr7	150480354	150480463	LTR/ERVL	497	-	54	150480408	25331
chr7	150455077	150655077	harbor2	chr7	150480993	150481067	LTR/ERVL	497	-	37	150481030	25953
chr7	138153572	138353572	harbor2	chr7	138166272	138166918	LTR/ERVL	1590	-	323	138166595	13023
chr7	138153572	138353572	harbor2	chr7	138167226	138167267	LTR/ERVL	1590	-	20	138167246	13674
chr7	138153572	138353572	harbor2	chr7	138181063	138181143	LTR/ERVL	1715	-	40	138181103	27531
chr7	138153572	138353572	harbor2	chr7	138181439	138181930	LTR/ERVL	1715	-	246	138181685	28113
chr7	143403404	143603404	harbor2	chr7	143451460	143452028	LTR/ERVL	1879	-	284	143451744	48340
chr7	123349681	123549681	harbor2	chr7	123407706	123408155	LTR/ERVL	537	-	224	123407930	58249
chr7	123349681	123549681	harbor2	chr7	123419542	123419982	LTR/ERVL	1585	-	220	123419762	70081
chr7	123349681	123549681	harbor2	chr7	123436464	123436691	LTR/ERVL	644	-	114	123436578	86897
chr7	123349681	123549681	harbor2	chr7	123437407	123438217	LTR/ERVL	3429	-	405	123437812	88131
chr7	123349681	123549681	harbor2	chr7	123438504	123438781	LTR/ERVL	3429	-	138	123438642	88961
chr7	123349681	123549681	harbor2	chr7	123438869	123439051	LTR/ERVL	676	-	91	123438960	89279
chr7	123349681	123549681	harbor2	chr7	123439055	123439734	LTR/ERVL	2001	-	340	123439395	89714
chr7	123349681	123549681	harbor2	chr7	123440024	123440401	LTR/ERVL	1003	-	188	123440212	90531
chr7	123349681	123549681	harbor2	chr7	123440376	123441560	LTR/ERVL	2750	-	592	123440968	91287
chr7	123349681	123549681	harbor2	chr7	123442319	123442393	LTR/ERVL	2750	-	37	123442356	92675
chr7	123349681	123549681	harbor2	chr7	123444470	123444836	LTR/ERVL	696	-	183	123444653	94972
chr7	123349681	123549681	harbor2	chr7	123436690	123437082	LTR/ERVL	3429	-	196	123436886	87205
chr7	153406449	153606449	harbor2	chr7	153415753	153415932	LTR/ERVL	628	-	90	153415843	9394
chr7	153406449	153606449	harbor2	chr7	153415922	153417117	LTR/ERVL	3838	-	598	153416520	10071
chr7	153406449	153606449	harbor2	chr7	153417124	153417498	LTR/ERVL	976	-	187	153417311	10862
chr7	153406449	153606449	harbor2	chr7	153484222	153484664	LTR/ERVL	3467	-	221	153484443	77994
chr7	134044141	134244141	harbor2	chr7	134076979	134077496	LTR/ERVL	2507	-	258	134077237	33096
chr7	134044141	134244141	harbor2	chr7	134079013	134079588	LTR/ERVL	896	-	288	134079301	35160
chr7	134044141	134244141	harbor2	chr7	134096409	134096951	LTR/ERVL	2159	-	271	134096680	52539
chr7	134044141	134244141	harbor2	chr7	134113052	134113201	LTR/ERVL	655	-	74	134113126	68985
chr7	105131952	105331952	harbor2	chr7	105174281	105174605	LTR/ERVL	643	-	162	105174443	42491
chr7	40787092	40987092	harbor2	chr7	40807675	40808117	LTR/ERVL	3124	-	221	40807896	20804
chr7	158360873	158560873	harbor2	chr7	158388284	158388872	LTR/ERVL	1534	-	294	158388578	27705
chr7	153442944	153642944	harbor2	chr7	153484222	153484664	LTR/ERVL	3467	-	221	153484443	41499
chr7	153442944	153642944	harbor2	chr7	153520405	153520563	LTR/ERVL	554	-	79	153520484	77540
chr7	153442944	153642944	harbor2	chr7	153534283	153534758	LTR/ERVL	2237	-	238	153534521	91577
chr7	151842393	152042393	harbor2	chr7	151872413	151872776	LTR/ERVL	663	-	182	151872595	30202
chr7	151842393	152042393	harbor2	chr7	151893413	151893748	LTR/ERVL	1034	-	168	151893581	51188
chr7	151842393	152042393	harbor2	chr7	151941720	151942041	LTR/ERVL	2034	-	160	151941880	99487
chr7	151842393	152042393	harbor2	chr7	151942336	151942421	LTR/ERVL	2034	-	42	151942378	99985
chr7	153100017	153300017	harbor2	chr7	153152315	153152694	LTR/ERVL	668	-	190	153152505	52488
chr7	153100017	153300017	harbor2	chr7	153175646	153176041	LTR/ERVL	2184	-	198	153175844	75827
chr7	153100017	153300017	harbor2	chr7	153198435	153198908	LTR/ERVL	1248	-	236	153198671	98654
chr7	156838302	157038302	harbor2	chr7	156863064	156863541	LTR/ERVL	3283	-	238	156863302	25000
chr7	156838302	157038302	harbor2	chr7	156899303	156899785	LTR/ERVL	2276	-	241	156899544	61242
chr7	156838302	157038302	harbor2	chr7	156922786	156922881	LTR/ERVL	773	-	48	156922834	84532
chr7	156838302	157038302	harbor2	chr7	156923186	156923300	LTR/ERVL	773	-	57	156923243	84941
chr7	156838302	157038302	harbor2	chr7	156923298	156923632	LTR/ERVL	1795	-	167	156923465	85163
chr7	57446033	57646033	harbor2	chr7	57508119	57508928	LTR/ERVL	3431	-	404	57508523	62490
chr7	134700347	134900347	harbor2	chr7	134733046	134733234	LTR/ERVL	540	-	94	134733140	32793
chr7	134700347	134900347	harbor2	chr7	134750216	134750401	LTR/ERVL	614	-	92	134750308	49961
chr7	130868684	131068684	harbor2	chr7	130934718	130934835	LTR/ERVL	1981	-	58	130934776	66092
chr7	130868684	131068684	harbor2	chr7	130935136	130935401	LTR/ERVL	1981	-	132	130935268	66584
chr7	78324598	78524598	harbor2	chr7	78325664	78325802	LTR/ERVL	556	-	69	78325733	1135
chr7	78324598	78524598	harbor2	chr7	78393980	78394150	LTR/ERVL	961	-	85	78394065	69467
chr7	78324598	78524598	harbor2	chr7	78394150	78394258	LTR/ERVL	630	-	54	78394204	69606
chr7	156237581	156437581	harbor2	chr7	156276793	156277342	LTR/ERVL	2078	-	274	156277067	39486
chr7	156237581	156437581	harbor2	chr7	156318756	156319344	LTR/ERVL	826	-	294	156319050	81469
chr7	143590674	143790674	harbor2	chr7	143616921	143617368	LTR/ERVL	1906	-	224	143617145	26471
chr7	143590674	143790674	harbor2	chr7	143624995	143625457	LTR/ERVL	1219	-	231	143625226	34552
chr7	143590674	143790674	harbor2	chr7	143630877	143631021	LTR/ERVL	500	-	72	143630949	40275
chr7	143590674	143790674	harbor2	chr7	143622004	143622203	LTR/ERVL	515	-	100	143622104	31430
chr7	118350414	118550414	harbor2	chr7	118361384	118361881	LTR/ERVL	2601	-	248	118361632	11218
chr7	118350414	118550414	harbor2	chr7	118368793	118369655	LTR/ERVL	2377	-	431	118369224	18810
chr7	118350414	118550414	harbor2	chr7	118369844	118370372	LTR/ERVL	915	-	264	118370108	19694
chr7	118350414	118550414	harbor2	chr7	118370758	118371009	LTR/ERVL	522	-	126	118370884	20470
chr7	118350414	118550414	harbor2	chr7	118371391	118372489	LTR/ERVL	1985	-	549	118371940	21526
chr7	118350414	118550414	harbor2	chr7	118372494	118372859	LTR/ERVL	795	-	182	118372676	22262
chr7	118350414	118550414	harbor2	chr7	118446639	118447057	LTR/ERVL	2243	-	209	118446848	96434
chr7	85894966	86094966	harbor2	chr7	85903379	85903739	LTR/ERVL	1116	-	180	85903559	8593
chr7	85894966	86094966	harbor2	chr7	85904037	85904282	LTR/ERVL	768	-	122	85904159	9193
chr7	85894966	86094966	harbor2	chr7	85904638	85904778	LTR/ERVL	768	-	70	85904708	9742
chr7	85894966	86094966	harbor2	chr7	85906236	85906751	LTR/ERVL	1079	-	258	85906494	11528
chr7	85894966	86094966	harbor2	chr7	85927039	85927580	LTR/ERVL	2166	-	270	85927309	32343
chr7	154054491	154254491	harbor2	chr7	154139062	154139594	LTR/ERVL	2716	-	266	154139328	84837
chr7	147541126	147741126	harbor2	chr7	147546651	147547094	LTR/ERVL	533	-	222	147546873	5747
chr7	147541126	147741126	harbor2	chr7	147547275	147547579	LTR/ERVL	488	-	152	147547427	6301
chr7	147541126	147741126	harbor2	chr7	147576276	147577009	LTR/ERVL	1271	-	366	147576642	35516
chr7	128242757	128442757	harbor2	chr7	128298709	128298727	LTR/ERVL	2229	-	9	128298718	55961
chr7	128242757	128442757	harbor2	chr7	128299030	128299511	LTR/ERVL	2229	-	240	128299270	56513
chr7	140143500	140343500	harbor2	chr7	140156443	140156868	LTR/ERVL	639	-	212	140156655	13155
chr7	140143500	140343500	harbor2	chr7	140209144	140209478	LTR/ERVL	995	-	167	140209311	65811
chr7	107140879	107340879	harbor2	chr7	107191827	107192350	LTR/ERVL	2421	-	262	107192089	51210
chr7	61589270	61789270	harbor2	chr7	61589116	61589508	LTR/ERVL	1592	-	196	61589312	42
chr7	61589270	61789270	harbor2	chr7	61589893	61590301	LTR/ERVL	1289	-	204	61590097	827
chr7	152905932	153105932	harbor2	chr7	152959292	152959715	LTR/ERVL	3356	-	212	152959504	53572
chr7	152905932	153105932	harbor2	chr7	152965344	152965435	LTR/ERVL	653	-	46	152965390	59458
chr7	152905932	153105932	harbor2	chr7	152997683	152998089	LTR/ERVL	564	-	203	152997886	91954
chr7	146762074	146962074	harbor2	chr7	146835693	146836048	LTR/ERVL	1103	-	178	146835871	73797
chr7	139719990	139919990	harbor2	chr7	139809108	139809146	LTR/ERVL	2504	-	19	139809127	89137
chr7	139719990	139919990	harbor2	chr7	139809369	139809952	LTR/ERVL	3158	-	292	139809661	89671
chr7	156865305	157065305	harbor2	chr7	156899303	156899785	LTR/ERVL	2276	-	241	156899544	34239
chr7	156865305	157065305	harbor2	chr7	156922786	156922881	LTR/ERVL	773	-	48	156922834	57529
chr7	156865305	157065305	harbor2	chr7	156923186	156923300	LTR/ERVL	773	-	57	156923243	57938
chr7	156865305	157065305	harbor2	chr7	156923298	156923632	LTR/ERVL	1795	-	167	156923465	58160
chr7	156401956	156601956	harbor2	chr7	156441760	156442007	LTR/ERVL	533	-	124	156441884	39928
chr7	156401956	156601956	harbor2	chr7	156462279	156462564	LTR/ERVL	719	-	142	156462421	60465
chr7	92243039	92443039	harbor2	chr7	92266268	92267003	LTR/ERVL	1577	-	368	92266636	23597
chr7	92243039	92443039	harbor2	chr7	92276451	92276548	LTR/ERVL	651	-	48	92276499	33460
chr7	92243039	92443039	harbor2	chr7	92276586	92276843	LTR/ERVL	1419	-	128	92276714	33675
chr7	92243039	92443039	harbor2	chr7	92277259	92277322	LTR/ERVL	1419	-	32	92277291	34252
chr7	92243039	92443039	harbor2	chr7	92277459	92277668	LTR/ERVL	12149	-	104	92277563	34524
chr7	92243039	92443039	harbor2	chr7	92278278	92278960	LTR/ERVL	12149	-	341	92278619	35580
chr7	92243039	92443039	harbor2	chr7	92279285	92280933	LTR/ERVL	12149	-	824	92280109	37070
chr7	92243039	92443039	harbor2	chr7	92280940	92281487	LTR/ERVL	2951	-	274	92281214	38175
chr7	143362473	143562473	harbor2	chr7	143451460	143452028	LTR/ERVL	1879	-	284	143451744	89271
chr7	156887188	157087188	harbor2	chr7	156899303	156899785	LTR/ERVL	2276	-	241	156899544	12356
chr7	156887188	157087188	harbor2	chr7	156922786	156922881	LTR/ERVL	773	-	48	156922834	35646
chr7	156887188	157087188	harbor2	chr7	156923186	156923300	LTR/ERVL	773	-	57	156923243	36055
chr7	156887188	157087188	harbor2	chr7	156923298	156923632	LTR/ERVL	1795	-	167	156923465	36277
chr7	123912276	124112276	harbor2	chr7	123930700	123931041	LTR/ERVL	1458	-	170	123930870	18594
chr7	86154760	86354760	harbor2	chr7	86163974	86164149	LTR/ERVL	808	-	88	86164062	9302
chr7	86154760	86354760	harbor2	chr7	86211046	86211176	LTR/ERVL	681	-	65	86211111	56351
chr7	86154760	86354760	harbor2	chr7	86211192	86211443	LTR/ERVL	986	-	126	86211318	56558
chr7	86154760	86354760	harbor2	chr7	86224695	86225006	LTR/ERVL	1086	-	156	86224851	70091
chr7	86154760	86354760	harbor2	chr7	86224998	86225067	LTR/ERVL	4390	-	34	86225032	70272
chr7	86154760	86354760	harbor2	chr7	86226784	86227745	LTR/ERVL	4390	-	480	86227264	72504
chr7	86154760	86354760	harbor2	chr7	86227740	86227880	LTR/ERVL	636	-	70	86227810	73050
chr7	50847315	51047315	harbor2	chr7	50880780	50881116	LTR/ERVL	972	-	168	50880948	33633
chr7	152875391	153075391	harbor2	chr7	152959292	152959715	LTR/ERVL	3356	-	212	152959504	84113
chr7	152875391	153075391	harbor2	chr7	152965344	152965435	LTR/ERVL	653	-	46	152965390	89999
chr7	46416262	46616262	harbor2	chr7	46455349	46455577	LTR/ERVL	537	-	114	46455463	39201
chr7	46416262	46616262	harbor2	chr7	46477509	46477645	LTR/ERVL	547	-	68	46477577	61315
chr7	46416262	46616262	harbor2	chr7	46503103	46503508	LTR/ERVL	2889	-	202	46503305	87043
chr7	46416262	46616262	harbor2	chr7	46514779	46515182	LTR/ERVL	872	-	202	46514981	98719
chr7	153649556	153849556	harbor2	chr7	153676520	153676741	LTR/ERVL	750	-	110	153676630	27074
chr7	153649556	153849556	harbor2	chr7	153678205	153680895	LTR/ERVL	7619	-	1345	153679550	29994
chr7	153649556	153849556	harbor2	chr7	153693720	153694273	LTR/ERVL	2033	-	276	153693996	44440
chr7	153649556	153849556	harbor2	chr7	153694375	153694430	LTR/ERVL	446	-	28	153694403	44847
chr7	153649556	153849556	harbor2	chr7	153710404	153711872	LTR/ERVL	3479	-	734	153711138	61582
chr7	153649556	153849556	harbor2	chr7	153711871	153712032	LTR/ERVL	576	-	80	153711951	62395
chr7	153649556	153849556	harbor2	chr7	153712103	153712297	LTR/ERVL	595	-	97	153712200	62644
chr7	153649556	153849556	harbor2	chr7	153731492	153731654	LTR/ERVL	501	-	81	153731573	82017
chr7	153649556	153849556	harbor2	chr7	153731710	153732058	LTR/ERVL	927	-	174	153731884	82328
chr7	68025632	68225632	harbor2	chr7	68085883	68085933	LTR/ERVL	1152	-	25	68085908	60276
chr7	68025632	68225632	harbor2	chr7	68086235	68086443	LTR/ERVL	1152	-	104	68086339	60707
chr7	68025632	68225632	harbor2	chr7	68087016	68087252	LTR/ERVL	1152	-	118	68087134	61502
chr7	68025632	68225632	harbor2	chr7	68105769	68105956	LTR/ERVL	517	-	94	68105863	80231
chr7	71830047	72030047	harbor2	chr7	71846968	71847141	LTR/ERVL	685	-	86	71847054	17007
chr7	71830047	72030047	harbor2	chr7	71847983	71848114	LTR/ERVL	554	-	66	71848049	18002
chr7	89740407	89940407	harbor2	chr7	89747951	89748348	LTR/ERVL	588	-	198	89748149	7742
chr7	89740407	89940407	harbor2	chr7	89799219	89799676	LTR/ERVL	1944	-	228	89799447	59040
chr7	89740407	89940407	harbor2	chr7	89839729	89839996	LTR/ERVL	839	-	134	89839863	99456
chr7	155265144	155465144	harbor2	chr7	155322392	155322836	LTR/ERVL	548	-	222	155322614	57470
chr7	155265144	155465144	harbor2	chr7	155356256	155356571	LTR/ERVL	1294	-	158	155356414	91270
chr7	139741525	139941525	harbor2	chr7	139809108	139809146	LTR/ERVL	2504	-	19	139809127	67602
chr7	139741525	139941525	harbor2	chr7	139809369	139809952	LTR/ERVL	3158	-	292	139809661	68136
chr7	118164179	118364179	harbor2	chr7	118172868	118173231	LTR/ERVL	627	-	182	118173050	8871
chr7	115377747	115577747	harbor2	chr7	115382786	115383095	LTR/ERVL	1131	-	154	115382940	5193
chr7	115377747	115577747	harbor2	chr7	115397413	115397863	LTR/ERVL	757	-	225	115397638	19891
chr7	115377747	115577747	harbor2	chr7	115408205	115408694	LTR/ERVL	852	-	244	115408449	30702
chr7	115377747	115577747	harbor2	chr7	115442102	115442264	LTR/ERVL	474	-	81	115442183	64436
chr7	115377747	115577747	harbor2	chr7	115454317	115454769	LTR/ERVL	1529	-	226	115454543	76796
chr7	102886072	103086072	harbor2	chr7	102887343	102887414	LTR/ERVL	1526	-	36	102887379	1307
chr7	102886072	103086072	harbor2	chr7	102887440	102887851	LTR/ERVL	1526	-	206	102887646	1574
chr7	102886072	103086072	harbor2	chr7	102982042	102982637	LTR/ERVL	3199	-	298	102982340	96268
chr7	102886072	103086072	harbor2	chr7	102982847	102983408	LTR/ERVL	6071	-	280	102983127	97055
chr7	102886072	103086072	harbor2	chr7	102983720	102984291	LTR/ERVL	6071	-	286	102984006	97934
chr7	102886072	103086072	harbor2	chr7	102984392	102984570	LTR/ERVL	566	-	89	102984481	98409
chr7	141882688	142082688	harbor2	chr7	141892018	141892183	LTR/ERVL	670	-	82	141892100	9412
chr7	141882688	142082688	harbor2	chr7	141902739	141903212	LTR/ERVL	1939	-	236	141902975	20287
chr7	141882688	142082688	harbor2	chr7	141954830	141955156	LTR/ERVL	1570	-	163	141954993	72305
chr7	80873878	81073878	harbor2	chr7	80929217	80929233	LTR/ERVL	3111	-	8	80929225	55347
chr7	80873878	81073878	harbor2	chr7	80929321	80929704	LTR/ERVL	3111	-	192	80929513	55635
chr7	80873878	81073878	harbor2	chr7	80940640	80940904	LTR/ERVL	837	-	132	80940772	66894
chr7	80873878	81073878	harbor2	chr7	80970755	80971325	LTR/ERVL	1946	-	285	80971040	97162
chr7	77726427	77926427	harbor2	chr7	77741947	77742046	LTR/ERVL	530	-	50	77741997	15570
chr7	77726427	77926427	harbor2	chr7	77742254	77742555	LTR/ERVL	2053	-	150	77742404	15977
chr7	77726427	77926427	harbor2	chr7	77742841	77743013	LTR/ERVL	2053	-	86	77742927	16500
chr7	142417687	142617687	harbor2	chr7	142427213	142427746	LTR/ERVL	1801	-	266	142427479	9792
chr7	142417687	142617687	harbor2	chr7	142452726	142453309	LTR/ERVL	1057	-	292	142453018	35331
chr7	142417687	142617687	harbor2	chr7	142471564	142472174	LTR/ERVL	1209	-	305	142471869	54182
chr7	142417687	142617687	harbor2	chr7	142489898	142490498	LTR/ERVL	1159	-	300	142490198	72511
chr7	142417687	142617687	harbor2	chr7	142509344	142509950	LTR/ERVL	1130	-	303	142509647	91960
chr7	107160237	107360237	harbor2	chr7	107191827	107192350	LTR/ERVL	2421	-	262	107192089	31852
chr7	124184453	124384453	harbor2	chr7	124186174	124186792	LTR/ERVL	1579	-	309	124186483	2030
chr7	124184453	124384453	harbor2	chr7	124193225	124193816	LTR/ERVL	2053	-	296	124193521	9068
chr7	124184453	124384453	harbor2	chr7	124254287	124254680	LTR/ERVL	1075	-	196	124254483	70030
chr7	124184453	124384453	harbor2	chr7	124263146	124263726	LTR/ERVL	2622	-	290	124263436	78983
chr7	124184453	124384453	harbor2	chr7	124277998	124278372	LTR/ERVL	1362	-	187	124278185	93732
chr7	81854431	82054431	harbor2	chr7	81931262	81931764	LTR/ERVL	1734	-	251	81931513	77082
chr7	81854431	82054431	harbor2	chr7	81931797	81932347	LTR/ERVL	575	-	275	81932072	77641
chr7	81854431	82054431	harbor2	chr7	81935695	81936050	LTR/ERVL	1049	-	178	81935873	81442
chr7	119806471	120006471	harbor2	chr7	119834350	119835129	LTR/ERVL	823	-	390	119834740	28269
chr7	119806471	120006471	harbor2	chr7	119861097	119861445	LTR/ERVL	679	-	174	119861271	54800
chr7	157417194	157617194	harbor2	chr7	157473485	157473801	LTR/ERVL	1461	-	158	157473643	56449
chr7	150098792	150298792	harbor2	chr7	150163548	150163998	LTR/ERVL	1747	-	225	150163773	64981
chr7	150098792	150298792	harbor2	chr7	150170422	150170793	LTR/ERVL	706	-	186	150170608	71816
chr7	30513750	30713750	harbor2	chr7	30552401	30552806	LTR/ERVL	2017	-	202	30552603	38853
chr7	148172927	148372927	harbor2	chr7	148180454	148180819	LTR/ERVL	1230	-	182	148180636	7709
chr7	148172927	148372927	harbor2	chr7	148194461	148194982	LTR/ERVL	2796	-	260	148194721	21794
chr7	148172927	148372927	harbor2	chr7	148199723	148200227	LTR/ERVL	3096	-	252	148199975	27048
chr7	148172927	148372927	harbor2	chr7	148240593	148241103	LTR/ERVL	2195	-	255	148240848	67921
chr7	148172927	148372927	harbor2	chr7	148251065	148251600	LTR/ERVL	1308	-	268	148251333	78406
chr7	148172927	148372927	harbor2	chr7	148261897	148262061	LTR/ERVL	740	-	82	148261979	89052
chr7	131512363	131712363	harbor2	chr7	131518859	131519348	LTR/ERVL	851	-	244	131519103	6740
chr7	131512363	131712363	harbor2	chr7	131591686	131592079	LTR/ERVL	802	-	196	131591882	79519
chr7	152683854	152883854	harbor2	chr7	152766085	152766591	LTR/ERVL	2270	-	253	152766338	82484
chr7	19468207	19668207	harbor2	chr7	19486485	19486644	LTR/ERVL	1359	-	80	19486565	18358
chr7	19468207	19668207	harbor2	chr7	19487299	19487605	LTR/ERVL	1359	-	153	19487452	19245
chr7	119531939	119731939	harbor2	chr7	119584633	119584956	LTR/ERVL	480	-	162	119584795	52856
chr7	119531939	119731939	harbor2	chr7	119604963	119605267	LTR/ERVL	877	-	152	119605115	73176
chr7	132827115	133027115	harbor2	chr7	132834457	132834916	LTR/ERVL	1295	-	230	132834687	7572
chr7	132827115	133027115	harbor2	chr7	132897784	132897819	LTR/ERVL	636	-	18	132897802	70687
chr7	132827115	133027115	harbor2	chr7	132899172	132899359	LTR/ERVL	636	-	94	132899266	72151
chr7	157050152	157250152	harbor2	chr7	157108411	157108834	LTR/ERVL	1925	-	212	157108623	58471
chr7	157050152	157250152	harbor2	chr7	157131189	157131673	LTR/ERVL	1182	-	242	157131431	81279
chr7	114034524	114234524	harbor2	chr7	114100933	114101349	LTR/ERVL	1593	-	208	114101141	66617
chr7	144050315	144250315	harbor2	chr7	144144476	144144868	LTR/ERVL	1646	-	196	144144672	94357
chr7	144050315	144250315	harbor2	chr7	144145871	144146197	LTR/ERVL	1282	-	163	144146034	95719
chr8	143390926	143590926	harbor2	chr8	143414687	143415067	LTR/ERVL	2253	-	190	143414877	23951
chr8	32835494	33035494	harbor2	chr8	32922384	32922574	LTR/ERVL	404	-	95	32922479	86985
chr8	32835494	33035494	harbor2	chr8	32922797	32923146	LTR/ERVL	853	-	174	32922971	87477
chr8	122600489	122800489	harbor2	chr8	122631755	122632125	LTR/ERVL	1946	-	185	122631940	31451
chr8	122600489	122800489	harbor2	chr8	122646231	122646607	LTR/ERVL	883	-	188	122646419	45930
chr8	122600489	122800489	harbor2	chr8	122646807	122647040	LTR/ERVL	661	-	116	122646923	46434
chr8	122600489	122800489	harbor2	chr8	122647091	122647269	LTR/ERVL	375	-	89	122647180	46691
chr8	122600489	122800489	harbor2	chr8	122649092	122649178	LTR/ERVL	412	-	43	122649135	48646
chr8	122600489	122800489	harbor2	chr8	122657798	122658085	LTR/ERVL	693	-	144	122657942	57453
chr8	122600489	122800489	harbor2	chr8	122687643	122688016	LTR/ERVL	1266	-	186	122687829	87340
chr8	132035604	132235604	harbor2	chr8	132066930	132067422	LTR/ERVL	1347	-	246	132067176	31572
chr8	132035604	132235604	harbor2	chr8	132102309	132102472	LTR/ERVL	486	-	82	132102391	66787
chr8	66731921	66931921	harbor2	chr8	66787449	66788616	LTR/ERVL	2891	-	584	66788033	56112
chr8	66731921	66931921	harbor2	chr8	66788691	66789766	LTR/ERVL	2891	-	538	66789229	57308
chr8	66731921	66931921	harbor2	chr8	66790974	66791400	LTR/ERVL	727	-	213	66791187	59266
chr8	113615636	113815636	harbor2	chr8	113713400	113713586	LTR/ERVL	393	-	93	113713493	97857
chr8	113615636	113815636	harbor2	chr8	113713684	113713872	LTR/ERVL	481	-	94	113713778	98142
chr8	113615636	113815636	harbor2	chr8	113714204	113714518	LTR/ERVL	538	-	157	113714361	98725
chr8	113615636	113815636	harbor2	chr8	113714901	113715071	LTR/ERVL	1418	-	85	113714986	99350
chr8	143901876	144101876	harbor2	chr8	143908696	143909115	LTR/ERVL	2037	-	210	143908906	7030
chr8	141820671	142020671	harbor2	chr8	141865128	141865539	LTR/ERVL	664	-	206	141865334	44663
chr8	134772848	134972848	harbor2	chr8	134783644	134784204	LTR/ERVL	2462	-	280	134783924	11076
chr8	134772848	134972848	harbor2	chr8	134864400	134864807	LTR/ERVL	2501	-	204	134864604	91756
chr8	119550816	119750816	harbor2	chr8	119641831	119642069	LTR/ERVL	775	-	119	119641950	91134
chr8	133345337	133545337	harbor2	chr8	133433795	133433906	LTR/ERVL	1402	-	56	133433851	88514
chr8	133345337	133545337	harbor2	chr8	133434085	133434431	LTR/ERVL	1402	-	173	133434258	88921
chr8	86233310	86433310	harbor2	chr8	86260562	86261010	LTR/ERVL	2497	-	224	86260786	27476
chr8	86233310	86433310	harbor2	chr8	86273758	86274201	LTR/ERVL	1405	-	222	86273980	40670
chr8	131191988	131391988	harbor2	chr8	131261787	131261920	LTR/ERVL	481	-	66	131261853	69865
chr8	131191988	131391988	harbor2	chr8	131278610	131278797	LTR/ERVL	1651	-	94	131278704	86716
chr8	131191988	131391988	harbor2	chr8	131279160	131279418	LTR/ERVL	1651	-	129	131279289	87301
chr8	131191988	131391988	harbor2	chr8	131286815	131287196	LTR/ERVL	1525	-	190	131287005	95017
chr8	140979826	141179826	harbor2	chr8	141056440	141056692	LTR/ERVL	583	-	126	141056566	76740
chr8	140979826	141179826	harbor2	chr8	141059621	141059754	LTR/ERVL	456	-	66	141059687	79861
chr8	111561014	111761014	harbor2	chr8	111595799	111596162	LTR/ERVL	1508	-	182	111595981	34967
chr8	143190853	143390853	harbor2	chr8	143280320	143280688	LTR/ERVL	821	-	184	143280504	89651
chr8	143190853	143390853	harbor2	chr8	143281228	143281417	LTR/ERVL	554	-	94	143281322	90469
chr8	129305812	129505812	harbor2	chr8	129330106	129330497	LTR/ERVL	1252	-	196	129330302	24490
chr8	129305812	129505812	harbor2	chr8	129330793	129330839	LTR/ERVL	2078	-	23	129330816	25004
chr8	129305812	129505812	harbor2	chr8	129330913	129331473	LTR/ERVL	2078	-	280	129331193	25381
chr8	129305812	129505812	harbor2	chr8	129344914	129345324	LTR/ERVL	1227	-	205	129345119	39307
chr8	129305812	129505812	harbor2	chr8	129345457	129345621	LTR/ERVL	386	-	82	129345539	39727
chr8	129305812	129505812	harbor2	chr8	129405628	129405823	LTR/ERVL	906	-	98	129405726	99914
chr8	125735247	125935247	harbor2	chr8	125811294	125811796	LTR/ERVL	743	-	251	125811545	76298
chr8	125735247	125935247	harbor2	chr8	125828590	125828826	LTR/ERVL	1064	-	118	125828708	93461
chr8	73964926	74164926	harbor2	chr8	73997592	73998337	LTR/ERVL	3275	-	372	73997964	33038
chr8	73964926	74164926	harbor2	chr8	74006874	74007342	LTR/ERVL	1837	-	234	74007108	42182
chr8	73964926	74164926	harbor2	chr8	74029097	74029338	LTR/ERVL	806	-	120	74029217	64291
chr8	73964926	74164926	harbor2	chr8	74045527	74045994	LTR/ERVL	1216	-	234	74045761	80835
chr8	73964926	74164926	harbor2	chr8	74058440	74058517	LTR/ERVL	2320	-	38	74058478	93552
chr8	73964926	74164926	harbor2	chr8	74058819	74059218	LTR/ERVL	2320	-	200	74059019	94093
chr8	122989981	123189981	harbor2	chr8	122990495	122990875	LTR/ERVL	892	-	190	122990685	704
chr8	122989981	123189981	harbor2	chr8	123082895	123083281	LTR/ERVL	578	-	193	123083088	93107
chr8	134671447	134871447	harbor2	chr8	134723301	134723657	LTR/ERVL	865	-	178	134723479	52032
chr8	134671447	134871447	harbor2	chr8	134728176	134728672	LTR/ERVL	876	-	248	134728424	56977
chr8	134671447	134871447	harbor2	chr8	134728712	134728848	LTR/ERVL	483	-	68	134728780	57333
chr8	134671447	134871447	harbor2	chr8	134745286	134745574	LTR/ERVL	610	-	144	134745430	73983
chr8	128547797	128747797	harbor2	chr8	128565706	128566086	LTR/ERVL	1880	-	190	128565896	18099
chr8	128547797	128747797	harbor2	chr8	128570665	128570762	LTR/ERVL	373	-	48	128570713	22916
chr8	111272284	111472284	harbor2	chr8	111313834	111313978	LTR/ERVL	544	-	72	111313906	41622
chr8	111272284	111472284	harbor2	chr8	111335628	111336041	LTR/ERVL	1358	-	206	111335834	63550
chr8	82662078	82862078	harbor2	chr8	82713132	82713436	LTR/ERVL	566	-	152	82713284	51206
chr8	82662078	82862078	harbor2	chr8	82741867	82742248	LTR/ERVL	970	-	190	82742057	79979
chr8	82662078	82862078	harbor2	chr8	82755088	82755373	LTR/ERVL	495	-	142	82755230	93152
chr8	113764596	113964596	harbor2	chr8	113765021	113765381	LTR/ERVL	1079	-	180	113765201	605
chr8	113764596	113964596	harbor2	chr8	113802790	113802969	LTR/ERVL	2289	-	90	113802880	38284
chr8	113764596	113964596	harbor2	chr8	113826413	113826551	LTR/ERVL	386	-	69	113826482	61886
chr8	113764596	113964596	harbor2	chr8	113826819	113827252	LTR/ERVL	870	-	216	113827035	62439
chr8	113764596	113964596	harbor2	chr8	113827284	113827878	LTR/ERVL	1421	-	297	113827581	62985
chr8	113764596	113964596	harbor2	chr8	113803131	113803527	LTR/ERVL	2289	-	198	113803329	38733
chr8	63433934	63633934	harbor2	chr8	63496361	63496903	LTR/ERVL	2026	-	271	63496632	62698
chr8	118248287	118448287	harbor2	chr8	118346617	118346922	LTR/ERVL	2807	-	152	118346769	98482
chr8	118248287	118448287	harbor2	chr8	118347229	118347483	LTR/ERVL	2807	-	127	118347356	99069
chr8	91674303	91874303	harbor2	chr8	91687966	91688759	LTR/ERVL	4046	-	396	91688362	14059
chr8	127507490	127707490	harbor2	chr8	127574729	127575051	LTR/ERVL	838	-	161	127574890	67400
chr8	127507490	127707490	harbor2	chr8	127602759	127603204	LTR/ERVL	2194	-	222	127602981	95491
chr8	127507490	127707490	harbor2	chr8	127603207	127603808	LTR/ERVL	11120	-	300	127603507	96017
chr8	127507490	127707490	harbor2	chr8	127604101	127604242	LTR/ERVL	11120	-	70	127604171	96681
chr8	127507490	127707490	harbor2	chr8	127604563	127605459	LTR/ERVL	11120	-	448	127605011	97521
chr8	127507490	127707490	harbor2	chr8	127605764	127606200	LTR/ERVL	11120	-	218	127605982	98492
chr8	143913192	144113192	harbor2	chr8	144010430	144010593	LTR/ERVL	868	-	82	144010512	97320
chr8	143913192	144113192	harbor2	chr8	144010912	144011161	LTR/ERVL	868	-	124	144011036	97844
chr8	126079079	126279079	harbor2	chr8	126089179	126089309	LTR/ERVL	382	-	65	126089244	10165
chr8	126079079	126279079	harbor2	chr8	126135871	126136524	LTR/ERVL	1673	-	326	126136197	57118
chr8	115240895	115440895	harbor2	chr8	115241242	115241617	LTR/ERVL	1261	-	188	115241430	535
chr8	115240895	115440895	harbor2	chr8	115242139	115242226	LTR/ERVL	1261	-	44	115242183	1288
chr8	115240895	115440895	harbor2	chr8	115254426	115254900	LTR/ERVL	909	-	237	115254663	13768
chr8	115240895	115440895	harbor2	chr8	115289164	115289718	LTR/ERVL	2184	-	277	115289441	48546
chr8	115240895	115440895	harbor2	chr8	115332165	115332336	LTR/ERVL	447	-	86	115332251	91356
chr8	57353890	57553890	harbor2	chr8	57396494	57396874	LTR/ERVL	535	-	190	57396684	42794
chr8	57353890	57553890	harbor2	chr8	57398971	57399418	LTR/ERVL	760	-	224	57399195	45305
chr8	57353890	57553890	harbor2	chr8	57422861	57423272	LTR/ERVL	1002	-	206	57423067	69177
chr8	120809838	121009838	harbor2	chr8	120833929	120834198	LTR/ERVL	455	-	134	120834063	24225
chr8	120809838	121009838	harbor2	chr8	120853491	120853934	LTR/ERVL	3411	-	222	120853713	43875
chr8	105772674	105972674	harbor2	chr8	105868973	105869039	LTR/ERVL	420	-	33	105869006	96332
chr8	105772674	105972674	harbor2	chr8	105869123	105869566	LTR/ERVL	2740	-	222	105869345	96671
chr8	136521926	136721926	harbor2	chr8	136522024	136522926	LTR/ERVL	6917	-	451	136522475	549
chr8	136521926	136721926	harbor2	chr8	136523058	136523662	LTR/ERVL	4482	-	302	136523360	1434
chr8	136521926	136721926	harbor2	chr8	136523856	136524241	LTR/ERVL	2765	-	192	136524048	2122
chr8	136521926	136721926	harbor2	chr8	136527091	136527521	LTR/ERVL	1358	-	215	136527306	5380
chr8	136521926	136721926	harbor2	chr8	136530002	136530211	LTR/ERVL	644	-	104	136530106	8180
chr8	136521926	136721926	harbor2	chr8	136530976	136531272	LTR/ERVL	443	-	148	136531124	9198
chr8	136521926	136721926	harbor2	chr8	136531749	136532437	LTR/ERVL	1028	-	344	136532093	10167
chr8	136521926	136721926	harbor2	chr8	136592208	136592490	LTR/ERVL	559	-	141	136592349	70423
chr8	136521926	136721926	harbor2	chr8	136606521	136606945	LTR/ERVL	958	-	212	136606733	84807
chr8	136521926	136721926	harbor2	chr8	136607027	136607332	LTR/ERVL	814	-	152	136607179	85253
chr8	136521926	136721926	harbor2	chr8	136614064	136615514	LTR/ERVL	3990	-	725	136614789	92863
chr8	143624587	143824587	harbor2	chr8	143664244	143664357	LTR/ERVL	368	-	56	143664300	39713
chr8	143624587	143824587	harbor2	chr8	143664721	143664904	LTR/ERVL	369	-	92	143664813	40226
chr8	143624587	143824587	harbor2	chr8	143665263	143665455	LTR/ERVL	379	-	96	143665359	40772
chr8	139539541	139739541	harbor2	chr8	139554094	139554335	LTR/ERVL	895	-	120	139554214	14673
chr8	139539541	139739541	harbor2	chr8	139554576	139555635	LTR/ERVL	1835	-	530	139555106	15565
chr8	139539541	139739541	harbor2	chr8	139565403	139565864	LTR/ERVL	1434	-	230	139565633	26092
chr8	139539541	139739541	harbor2	chr8	139568805	139569137	LTR/ERVL	568	-	166	139568971	29430
chr8	139539541	139739541	harbor2	chr8	139572151	139572555	LTR/ERVL	1039	-	202	139572353	32812
chr8	139539541	139739541	harbor2	chr8	139572556	139573202	LTR/ERVL	1682	-	323	139572879	33338
chr8	139539541	139739541	harbor2	chr8	139585334	139585526	LTR/ERVL	364	-	96	139585430	45889
chr8	139539541	139739541	harbor2	chr8	139590100	139590318	LTR/ERVL	462	-	109	139590209	50668
chr8	139539541	139739541	harbor2	chr8	139594783	139595196	LTR/ERVL	454	-	206	139594989	55448
chr8	139539541	139739541	harbor2	chr8	139600266	139600692	LTR/ERVL	2228	-	213	139600479	60938
chr8	141052174	141252174	harbor2	chr8	141056440	141056692	LTR/ERVL	583	-	126	141056566	4392
chr8	141052174	141252174	harbor2	chr8	141059621	141059754	LTR/ERVL	456	-	66	141059687	7513
chr8	141052174	141252174	harbor2	chr8	141081615	141082028	LTR/ERVL	3651	-	206	141081821	29647
chr8	141052174	141252174	harbor2	chr8	141082318	141082622	LTR/ERVL	3651	-	152	141082470	30296
chr8	141052174	141252174	harbor2	chr8	141083217	141083413	LTR/ERVL	3651	-	98	141083315	31141
chr8	141052174	141252174	harbor2	chr8	141099137	141099776	LTR/ERVL	2751	-	320	141099457	47283
chr8	141052174	141252174	harbor2	chr8	141100255	141100428	LTR/ERVL	2751	-	86	141100341	48167
chr8	87725827	87925827	harbor2	chr8	87772669	87772970	LTR/ERVL	575	-	150	87772819	46992
chr8	115380708	115580708	harbor2	chr8	115385171	115385230	LTR/ERVL	2746	-	30	115385201	4493
chr8	115380708	115580708	harbor2	chr8	115385319	115385805	LTR/ERVL	2746	-	243	115385562	4854
chr8	134843472	135043472	harbor2	chr8	134864400	134864807	LTR/ERVL	2501	-	204	134864604	21132
chr8	134843472	135043472	harbor2	chr8	134894815	134895497	LTR/ERVL	2161	-	341	134895156	51684
chr8	134843472	135043472	harbor2	chr8	134897046	134897842	LTR/ERVL	1658	-	398	134897444	53972
chr8	134843472	135043472	harbor2	chr8	134897842	134898065	LTR/ERVL	697	-	112	134897954	54482
chr8	134843472	135043472	harbor2	chr8	134912914	134913075	LTR/ERVL	865	-	80	134912994	69522
chr8	134843472	135043472	harbor2	chr8	134913383	134913672	LTR/ERVL	865	-	144	134913527	70055
chr8	134843472	135043472	harbor2	chr8	134941543	134941919	LTR/ERVL	607	-	188	134941731	98259
chr8	119578592	119778592	harbor2	chr8	119641831	119642069	LTR/ERVL	775	-	119	119641950	63358
chr8	127241927	127441927	harbor2	chr8	127290391	127290505	LTR/ERVL	468	-	57	127290448	48521
chr8	127241927	127441927	harbor2	chr8	127339226	127339397	LTR/ERVL	469	-	86	127339312	97385
chr8	35888755	36088755	harbor2	chr8	35906397	35906752	LTR/ERVL	1955	-	178	35906575	17820
chr8	35888755	36088755	harbor2	chr8	35906906	35907091	LTR/ERVL	631	-	92	35906998	18243
chr8	35888755	36088755	harbor2	chr8	35974215	35974662	LTR/ERVL	3247	-	224	35974439	85684
chr8	35888755	36088755	harbor2	chr8	35974778	35974903	LTR/ERVL	901	-	62	35974840	86085
chr8	35888755	36088755	harbor2	chr8	35979395	35979690	LTR/ERVL	697	-	148	35979543	90788
chr8	35888755	36088755	harbor2	chr8	35980683	35981110	LTR/ERVL	965	-	214	35980897	92142
chr8	35888755	36088755	harbor2	chr8	35981132	35981546	LTR/ERVL	1028	-	207	35981339	92584
chr8	35888755	36088755	harbor2	chr8	35978910	35979336	LTR/ERVL	1107	-	213	35979123	90368
chr8	88377779	88577779	harbor2	chr8	88409802	88409924	LTR/ERVL	611	-	61	88409863	32084
chr8	88377779	88577779	harbor2	chr8	88409927	88410141	LTR/ERVL	798	-	107	88410034	32255
chr8	88377779	88577779	harbor2	chr8	88410178	88410289	LTR/ERVL	3795	-	56	88410234	32455
chr8	88377779	88577779	harbor2	chr8	88410720	88411716	LTR/ERVL	3795	-	498	88411218	33439
chr8	88377779	88577779	harbor2	chr8	88467651	88467956	LTR/ERVL	1019	-	152	88467803	90024
chr8	126466380	126666380	harbor2	chr8	126468239	126469017	LTR/ERVL	1253	-	389	126468628	2248
chr8	126466380	126666380	harbor2	chr8	126522588	126522817	LTR/ERVL	750	-	114	126522702	56322
chr8	84922072	85122072	harbor2	chr8	84956867	84957004	LTR/ERVL	673	-	68	84956935	34863
chr8	84922072	85122072	harbor2	chr8	84969857	84970212	LTR/ERVL	1357	-	178	84970035	47963
chr8	84922072	85122072	harbor2	chr8	84970256	84971069	LTR/ERVL	2692	-	406	84970662	48590
chr8	84922072	85122072	harbor2	chr8	84991455	84991611	LTR/ERVL	600	-	78	84991533	69461
chr8	84922072	85122072	harbor2	chr8	84991617	84991977	LTR/ERVL	731	-	180	84991797	69725
chr8	84922072	85122072	harbor2	chr8	84993385	84993849	LTR/ERVL	1809	-	232	84993617	71545
chr8	123845879	124045879	harbor2	chr8	123851244	123852471	LTR/ERVL	7443	-	614	123851858	5979
chr8	123845879	124045879	harbor2	chr8	123939408	123939805	LTR/ERVL	1392	-	198	123939606	93727
chr8	68854144	69054144	harbor2	chr8	68940427	68940970	LTR/ERVL	1835	-	272	68940699	86555
chr8	121559789	121759789	harbor2	chr8	121594599	121594753	LTR/ERVL	810	-	77	121594676	34887
chr8	121559789	121759789	harbor2	chr8	121594848	121595174	LTR/ERVL	1770	-	163	121595011	35222
chr8	121559789	121759789	harbor2	chr8	121618413	121618581	LTR/ERVL	367	-	84	121618497	58708
chr8	113201809	113401809	harbor2	chr8	113233804	113233926	LTR/ERVL	402	-	61	113233865	32056
chr8	113201809	113401809	harbor2	chr8	113233948	113234182	LTR/ERVL	893	-	117	113234065	32256
chr8	113201809	113401809	harbor2	chr8	113234184	113234529	LTR/ERVL	934	-	172	113234356	32547
chr8	113201809	113401809	harbor2	chr8	113235245	113235571	LTR/ERVL	892	-	163	113235408	33599
chr8	113201809	113401809	harbor2	chr8	113236913	113237176	LTR/ERVL	747	-	132	113237045	35236
chr8	113201809	113401809	harbor2	chr8	113237216	113237794	LTR/ERVL	3891	-	289	113237505	35696
chr8	113201809	113401809	harbor2	chr8	113238094	113238755	LTR/ERVL	3891	-	330	113238424	36615
chr8	113201809	113401809	harbor2	chr8	113238755	113238852	LTR/ERVL	491	-	48	113238803	36994
chr8	142564947	142764947	harbor2	chr8	142606889	142607038	LTR/ERVL	445	-	74	142606963	42016
chr8	142564947	142764947	harbor2	chr8	142607706	142607930	LTR/ERVL	603	-	112	142607818	42871
chr8	142564947	142764947	harbor2	chr8	142631629	142631864	LTR/ERVL	630	-	118	142631747	66800
chr8	130478667	130678667	harbor2	chr8	130501749	130502216	LTR/ERVL	1898	-	234	130501983	23316
chr8	130478667	130678667	harbor2	chr8	130502615	130502705	LTR/ERVL	1898	-	45	130502660	23993
chr8	130478667	130678667	harbor2	chr8	130502978	130503124	LTR/ERVL	758	-	73	130503051	24384
chr8	130478667	130678667	harbor2	chr8	130504314	130504542	LTR/ERVL	1195	-	114	130504428	25761
chr8	130478667	130678667	harbor2	chr8	130543362	130543842	LTR/ERVL	2412	-	240	130543602	64935
chr8	130478667	130678667	harbor2	chr8	130567578	130567719	LTR/ERVL	437	-	70	130567648	88981
chr8	130478667	130678667	harbor2	chr8	130567803	130568031	LTR/ERVL	586	-	114	130567917	89250
chr8	104515804	104715804	harbor2	chr8	104603308	104603700	LTR/ERVL	2281	-	196	104603504	87700
chr8	100361852	100561852	harbor2	chr8	100436275	100436438	LTR/ERVL	406	-	82	100436357	74505
chr8	100361852	100561852	harbor2	chr8	100458620	100458744	LTR/ERVL	533	-	62	100458682	96830
chr8	109060874	109260874	harbor2	chr8	109061228	109061645	LTR/ERVL	1857	-	208	109061436	562
chr8	105483030	105683030	harbor2	chr8	105565852	105566168	LTR/ERVL	1141	-	158	105566010	82980
chr8	131178775	131378775	harbor2	chr8	131186955	131187433	LTR/ERVL	2117	-	239	131187194	8419
chr8	131178775	131378775	harbor2	chr8	131261787	131261920	LTR/ERVL	481	-	66	131261853	83078
chr8	131178775	131378775	harbor2	chr8	131278610	131278797	LTR/ERVL	1651	-	94	131278704	99929
chr8	141905435	142105435	harbor2	chr8	141950394	141950733	LTR/ERVL	564	-	170	141950564	45129
chr8	86159278	86359278	harbor2	chr8	86212502	86212906	LTR/ERVL	1609	-	202	86212704	53426
chr8	134488229	134688229	harbor2	chr8	134554963	134555517	LTR/ERVL	2911	-	277	134555240	67011
chr8	52009409	52209409	harbor2	chr8	52077562	52077839	LTR/ERVL	1049	-	138	52077700	68291
chr8	52009409	52209409	harbor2	chr8	52077864	52078088	LTR/ERVL	750	-	112	52077976	68567
chr8	135753873	135953873	harbor2	chr8	135775118	135775407	LTR/ERVL	1375	-	144	135775262	21389
chr8	135753873	135953873	harbor2	chr8	135776589	135776936	LTR/ERVL	846	-	174	135776763	22890
chr8	135753873	135953873	harbor2	chr8	135793632	135793779	LTR/ERVL	666	-	74	135793706	39833
chr8	135753873	135953873	harbor2	chr8	135806017	135806290	LTR/ERVL	953	-	136	135806153	52280
chr8	135753873	135953873	harbor2	chr8	135808983	135809187	LTR/ERVL	458	-	102	135809085	55212
chr8	135753873	135953873	harbor2	chr8	135809816	135810040	LTR/ERVL	1179	-	112	135809928	56055
chr8	135753873	135953873	harbor2	chr8	135820538	135820823	LTR/ERVL	550	-	142	135820680	66807
chr8	135753873	135953873	harbor2	chr8	135821509	135822013	LTR/ERVL	2146	-	252	135821761	67888
chr8	51331166	51531166	harbor2	chr8	51373737	51373828	LTR/ERVL	380	-	46	51373783	42617
chr8	74785289	74985289	harbor2	chr8	74790519	74790688	LTR/ERVL	2281	-	84	74790603	5314
chr8	74785289	74985289	harbor2	chr8	74790926	74791214	LTR/ERVL	2281	-	144	74791070	5781
chr8	74785289	74985289	harbor2	chr8	74791229	74791639	LTR/ERVL	2241	-	205	74791434	6145
chr8	74785289	74985289	harbor2	chr8	74801308	74801804	LTR/ERVL	1789	-	248	74801556	16267
chr8	74785289	74985289	harbor2	chr8	74879497	74880364	LTR/ERVL	5009	-	434	74879931	94642
chr8	86118807	86318807	harbor2	chr8	86212502	86212906	LTR/ERVL	1609	-	202	86212704	93897
chr8	128930423	129130423	harbor2	chr8	128969562	128970034	LTR/ERVL	1738	-	236	128969798	39375
chr8	69327043	69527043	harbor2	chr8	69377269	69378114	LTR/ERVL	5254	-	422	69377691	50648
chr8	69327043	69527043	harbor2	chr8	69415493	69416183	LTR/ERVL	3792	-	345	69415838	88795
chr8	69327043	69527043	harbor2	chr8	69425871	69426643	LTR/ERVL	1262	-	386	69426257	99214
chr8	69327043	69527043	harbor2	chr8	69426645	69426807	LTR/ERVL	366	-	81	69426726	99683
chr8	138691793	138891793	harbor2	chr8	138783258	138783688	LTR/ERVL	3075	-	215	138783473	91680
chr8	126552234	126752234	harbor2	chr8	126585446	126585853	LTR/ERVL	703	-	204	126585650	33416
chr8	126552234	126752234	harbor2	chr8	126594141	126594527	LTR/ERVL	2144	-	193	126594334	42100
chr8	126552234	126752234	harbor2	chr8	126595127	126595602	LTR/ERVL	978	-	238	126595365	43131
chr8	126552234	126752234	harbor2	chr8	126611955	126612091	LTR/ERVL	624	-	68	126612023	59789
chr8	126552234	126752234	harbor2	chr8	126612711	126613398	LTR/ERVL	2393	-	344	126613055	60821
chr8	126552234	126752234	harbor2	chr8	126646659	126647133	LTR/ERVL	1570	-	237	126646896	94662
chr8	82520946	82720946	harbor2	chr8	82559812	82560104	LTR/ERVL	984	-	146	82559958	39012
chr8	82520946	82720946	harbor2	chr8	82560696	82560791	LTR/ERVL	984	-	48	82560744	39798
chr8	82520946	82720946	harbor2	chr8	82561308	82561950	LTR/ERVL	1806	-	321	82561629	40683
chr8	82520946	82720946	harbor2	chr8	82561961	82562280	LTR/ERVL	638	-	160	82562121	41175
chr8	134294299	134494299	harbor2	chr8	134294635	134295019	LTR/ERVL	824	-	192	134294827	528
chr8	134294299	134494299	harbor2	chr8	134324544	134325047	LTR/ERVL	1163	-	252	134324796	30497
chr8	134294299	134494299	harbor2	chr8	134331515	134331795	LTR/ERVL	386	-	140	134331655	37356
chr8	134294299	134494299	harbor2	chr8	134338224	134339046	LTR/ERVL	2755	-	411	134338635	44336
chr8	134294299	134494299	harbor2	chr8	134357461	134357834	LTR/ERVL	627	-	186	134357647	63348
chr8	134294299	134494299	harbor2	chr8	134357911	134358363	LTR/ERVL	611	-	226	134358137	63838
chr8	134294299	134494299	harbor2	chr8	134358508	134358840	LTR/ERVL	571	-	166	134358674	64375
chr8	134294299	134494299	harbor2	chr8	134359617	134359935	LTR/ERVL	750	-	159	134359776	65477
chr8	144726723	144926723	harbor2	chr8	144757381	144757513	LTR/ERVL	1283	-	66	144757447	30724
chr8	144726723	144926723	harbor2	chr8	144757820	144758215	LTR/ERVL	1283	-	198	144758018	31295
chr8	144726723	144926723	harbor2	chr8	144825512	144825980	LTR/ERVL	1738	-	234	144825746	99023
chr8	142888574	143088574	harbor2	chr8	142984208	142984515	LTR/ERVL	384	-	154	142984362	95788
chr8	115704589	115904589	harbor2	chr8	115706457	115707353	LTR/ERVL	2734	-	448	115706905	2316
chr8	80707940	80907940	harbor2	chr8	80709486	80709924	LTR/ERVL	1523	-	219	80709705	1765
chr8	84834921	85034921	harbor2	chr8	84854622	84855319	LTR/ERVL	1754	-	348	84854970	20049
chr8	84834921	85034921	harbor2	chr8	84911505	84912382	LTR/ERVL	3031	-	438	84911943	77022
chr8	120940536	121140536	harbor2	chr8	120987435	120987967	LTR/ERVL	2743	-	266	120987701	47165
chr8	120940536	121140536	harbor2	chr8	120993421	120993892	LTR/ERVL	1207	-	236	120993657	53121
chr8	120940536	121140536	harbor2	chr8	121005388	121005738	LTR/ERVL	542	-	175	121005563	65027
chr8	134103965	134303965	harbor2	chr8	134108024	134108146	LTR/ERVL	437	-	61	134108085	4120
chr8	134103965	134303965	harbor2	chr8	134108177	134108401	LTR/ERVL	434	-	112	134108289	4324
chr8	142974531	143174531	harbor2	chr8	142984208	142984515	LTR/ERVL	384	-	154	142984362	9831
chr8	103975478	104175478	harbor2	chr8	103975542	103976120	LTR/ERVL	1846	-	289	103975831	353
chr8	103975478	104175478	harbor2	chr8	103977464	103977881	LTR/ERVL	1756	-	208	103977672	2194
chr8	103975478	104175478	harbor2	chr8	103977927	103978170	LTR/ERVL	548	-	122	103978049	2571
chr8	96819223	97019223	harbor2	chr8	96854622	96854881	LTR/ERVL	1321	-	130	96854752	35529
chr8	96819223	97019223	harbor2	chr8	96855031	96855277	LTR/ERVL	1545	-	123	96855154	35931
chr8	96819223	97019223	harbor2	chr8	96889472	96890004	LTR/ERVL	2211	-	266	96889738	70515
chr8	96819223	97019223	harbor2	chr8	96890005	96891692	LTR/ERVL	11866	-	844	96890849	71626
chr8	96819223	97019223	harbor2	chr8	96901619	96901723	LTR/ERVL	517	-	52	96901671	82448
chr8	133622265	133822265	harbor2	chr8	133629485	133629759	LTR/ERVL	697	-	137	133629622	7357
chr8	133622265	133822265	harbor2	chr8	133663914	133664394	LTR/ERVL	546	-	240	133664154	41889
chr8	133622265	133822265	harbor2	chr8	133671660	133671839	LTR/ERVL	892	-	90	133671750	49485
chr8	133622265	133822265	harbor2	chr8	133671865	133671949	LTR/ERVL	400	-	42	133671907	49642
chr8	104735627	104935627	harbor2	chr8	104773219	104773608	LTR/ERVL	1028	-	194	104773413	37786
chr8	104735627	104935627	harbor2	chr8	104774311	104774704	LTR/ERVL	1298	-	196	104774507	38880
chr8	104735627	104935627	harbor2	chr8	104777820	104777892	LTR/ERVL	1081	-	36	104777856	42229
chr8	104735627	104935627	harbor2	chr8	104778258	104778655	LTR/ERVL	1081	-	198	104778456	42829
chr8	104735627	104935627	harbor2	chr8	104805414	104805904	LTR/ERVL	1367	-	245	104805659	70032
chr8	104735627	104935627	harbor2	chr8	104810450	104810922	LTR/ERVL	1016	-	236	104810686	75059
chr8	104735627	104935627	harbor2	chr8	104759228	104759624	LTR/ERVL	1033	-	198	104759426	23799
chr8	129037790	129237790	harbor2	chr8	129061032	129061390	LTR/ERVL	2095	-	179	129061211	23421
chr8	110689105	110889105	harbor2	chr8	110748323	110748865	LTR/ERVL	1778	-	271	110748594	59489
chr8	110689105	110889105	harbor2	chr8	110690156	110690766	LTR/ERVL	3466	-	305	110690461	1356
chr8	115304157	115504157	harbor2	chr8	115332165	115332336	LTR/ERVL	447	-	86	115332251	28094
chr8	115304157	115504157	harbor2	chr8	115367417	115367518	LTR/ERVL	366	-	50	115367467	63310
chr8	115304157	115504157	harbor2	chr8	115367849	115367938	LTR/ERVL	366	-	44	115367893	63736
chr8	115304157	115504157	harbor2	chr8	115385171	115385230	LTR/ERVL	2746	-	30	115385201	81044
chr8	115304157	115504157	harbor2	chr8	115385319	115385805	LTR/ERVL	2746	-	243	115385562	81405
chr8	102206885	102406885	harbor2	chr8	102240576	102240716	LTR/ERVL	632	-	70	102240646	33761
chr8	102206885	102406885	harbor2	chr8	102242688	102243144	LTR/ERVL	2044	-	228	102242916	36031
chr8	102206885	102406885	harbor2	chr8	102243438	102243693	LTR/ERVL	2044	-	128	102243566	36681
chr8	118467950	118667950	harbor2	chr8	118486740	118487126	LTR/ERVL	912	-	193	118486933	18983
chr8	118467950	118667950	harbor2	chr8	118526534	118526736	LTR/ERVL	426	-	101	118526635	58685
chr8	137729452	137929452	harbor2	chr8	137750313	137750675	LTR/ERVL	1693	-	181	137750494	21042
chr8	137729452	137929452	harbor2	chr8	137750767	137750900	LTR/ERVL	1693	-	66	137750833	21381
chr8	81466757	81666757	harbor2	chr8	81468703	81469366	LTR/ERVL	2804	-	332	81469035	2278
chr8	81466757	81666757	harbor2	chr8	81515582	81515871	LTR/ERVL	581	-	144	81515726	48969
chr8	81466757	81666757	harbor2	chr8	81533083	81534670	LTR/ERVL	6773	-	794	81533877	67120
chr8	81466757	81666757	harbor2	chr8	81534956	81536266	LTR/ERVL	6773	-	655	81535611	68854
chr8	67620856	67820856	harbor2	chr8	67715058	67715377	LTR/ERVL	1154	-	160	67715218	94362
chr8	137471062	137671062	harbor2	chr8	137482743	137483217	LTR/ERVL	3042	-	237	137482980	11918
chr8	137471062	137671062	harbor2	chr8	137538532	137538652	LTR/ERVL	505	-	60	137538592	67530
chr8	137471062	137671062	harbor2	chr8	137568764	137569006	LTR/ERVL	496	-	121	137568885	97823
chr8	117277292	117477292	harbor2	chr8	117313952	117314250	LTR/ERVL	952	-	149	117314101	36809
chr8	117277292	117477292	harbor2	chr8	117323579	117323776	LTR/ERVL	573	-	98	117323677	46385
chr8	117277292	117477292	harbor2	chr8	117334537	117335052	LTR/ERVL	2877	-	258	117334795	57503
chr8	117277292	117477292	harbor2	chr8	117345318	117345713	LTR/ERVL	1253	-	198	117345516	68224
chr8	134352370	134552370	harbor2	chr8	134357461	134357834	LTR/ERVL	627	-	186	134357647	5277
chr8	134352370	134552370	harbor2	chr8	134357911	134358363	LTR/ERVL	611	-	226	134358137	5767
chr8	134352370	134552370	harbor2	chr8	134358508	134358840	LTR/ERVL	571	-	166	134358674	6304
chr8	134352370	134552370	harbor2	chr8	134359617	134359935	LTR/ERVL	750	-	159	134359776	7406
chr8	134352370	134552370	harbor2	chr8	134414641	134414850	LTR/ERVL	684	-	104	134414745	62375
chr8	134352370	134552370	harbor2	chr8	134414925	134415430	LTR/ERVL	1481	-	252	134415177	62807
chr8	134352370	134552370	harbor2	chr8	134415431	134416096	LTR/ERVL	2062	-	332	134415763	63393
chr8	134352370	134552370	harbor2	chr8	134419194	134420842	LTR/ERVL	4451	-	824	134420018	67648
chr8	134352370	134552370	harbor2	chr8	134420985	134421179	LTR/ERVL	572	-	97	134421082	68712
chr8	134352370	134552370	harbor2	chr8	134448132	134448436	LTR/ERVL	1123	-	152	134448284	95914
chr8	54811819	55011819	harbor2	chr8	54853259	54853443	LTR/ERVL	411	-	92	54853351	41532
chr8	39106270	39306270	harbor2	chr8	39113325	39113978	LTR/ERVL	1277	-	326	39113651	7381
chr8	39106270	39306270	harbor2	chr8	39114118	39114435	LTR/ERVL	952	-	158	39114276	8006
chr8	39106270	39306270	harbor2	chr8	39114482	39114678	LTR/ERVL	564	-	98	39114580	8310
chr8	39106270	39306270	harbor2	chr8	39163207	39163348	LTR/ERVL	706	-	70	39163277	57007
chr8	39106270	39306270	harbor2	chr8	39183557	39183940	LTR/ERVL	804	-	192	39183749	77479
chr8	39106270	39306270	harbor2	chr8	39184115	39184658	LTR/ERVL	910	-	272	39184387	78117
chr8	39106270	39306270	harbor2	chr8	39184753	39184981	LTR/ERVL	574	-	114	39184867	78597
chr8	39106270	39306270	harbor2	chr8	39185282	39185735	LTR/ERVL	574	-	226	39185508	79238
chr8	123005513	123205513	harbor2	chr8	123082895	123083281	LTR/ERVL	578	-	193	123083088	77575
chr8	127934366	128134366	harbor2	chr8	127979471	127979818	LTR/ERVL	1167	-	174	127979645	45279
chr8	127934366	128134366	harbor2	chr8	127994513	127995053	LTR/ERVL	2062	-	270	127994783	60417
chr8	144847302	145047302	harbor2	chr8	144904399	144905195	LTR/ERVL	2144	-	398	144904797	57495
chr8	144847302	145047302	harbor2	chr8	144910084	144910207	LTR/ERVL	385	-	62	144910146	62844
chr8	144847302	145047302	harbor2	chr8	144910213	144910601	LTR/ERVL	1701	-	194	144910407	63105
chr8	144847302	145047302	harbor2	chr8	144910618	144911035	LTR/ERVL	2845	-	208	144910826	63524
chr8	144847302	145047302	harbor2	chr8	144920891	144921163	LTR/ERVL	807	-	136	144921027	73725
chr8	144847302	145047302	harbor2	chr8	144921208	144921606	LTR/ERVL	2443	-	199	144921407	74105
chr8	131736662	131936662	harbor2	chr8	131767500	131767968	LTR/ERVL	483	-	234	131767734	31072
chr8	131736662	131936662	harbor2	chr8	131832907	131833211	LTR/ERVL	1037	-	152	131833059	96397
chr8	62207449	62407449	harbor2	chr8	62209563	62209875	LTR/ERVL	702	-	156	62209719	2270
chr8	107178472	107378472	harbor2	chr8	107182143	107182258	LTR/ERVL	457	-	58	107182201	3729
chr8	107178472	107378472	harbor2	chr8	107197030	107197547	LTR/ERVL	2808	-	258	107197288	18816
chr8	106794709	106994709	harbor2	chr8	106840452	106840507	LTR/ERVL	2983	-	28	106840480	45771
chr8	106794709	106994709	harbor2	chr8	106841191	106841638	LTR/ERVL	2983	-	224	106841415	46706
chr8	106794709	106994709	harbor2	chr8	106889233	106889763	LTR/ERVL	2711	-	265	106889498	94789
chr8	106794709	106994709	harbor2	chr8	106892621	106892769	LTR/ERVL	383	-	74	106892695	97986
chr8	118682130	118882130	harbor2	chr8	118689416	118689917	LTR/ERVL	2017	-	250	118689666	7536
chr8	118682130	118882130	harbor2	chr8	118698776	118699097	LTR/ERVL	1074	-	160	118698936	16806
chr8	118682130	118882130	harbor2	chr8	118701112	118701327	LTR/ERVL	564	-	108	118701220	19090
chr8	118682130	118882130	harbor2	chr8	118702471	118702820	LTR/ERVL	1344	-	174	118702645	20515
chr8	143928143	144128143	harbor2	chr8	144010430	144010593	LTR/ERVL	868	-	82	144010512	82369
chr8	143928143	144128143	harbor2	chr8	144010912	144011161	LTR/ERVL	868	-	124	144011036	82893
chr8	136316121	136516121	harbor2	chr8	136363027	136363352	LTR/ERVL	827	-	162	136363189	47068
chr8	136316121	136516121	harbor2	chr8	136391758	136391793	LTR/ERVL	2505	-	18	136391776	75655
chr8	136316121	136516121	harbor2	chr8	136391848	136392334	LTR/ERVL	2505	-	243	136392091	75970
chr8	111013653	111213653	harbor2	chr8	111042576	111042944	LTR/ERVL	394	-	184	111042760	29107
chr8	111013653	111213653	harbor2	chr8	111043764	111044192	LTR/ERVL	1823	-	214	111043978	30325
chr8	111013653	111213653	harbor2	chr8	111087646	111087853	LTR/ERVL	737	-	104	111087750	74097
chr8	111013653	111213653	harbor2	chr8	111095943	111096340	LTR/ERVL	1178	-	198	111096141	82488
chr8	100473971	100673971	harbor2	chr8	100568558	100568621	LTR/ERVL	384	-	32	100568590	94619
chr8	100473971	100673971	harbor2	chr8	100568628	100568779	LTR/ERVL	771	-	76	100568704	94733
chr8	100473971	100673971	harbor2	chr8	100569020	100571044	LTR/ERVL	11883	-	1012	100570032	96061
chr8	103272372	103472372	harbor2	chr8	103277175	103277363	LTR/ERVL	581	-	94	103277269	4897
chr8	103272372	103472372	harbor2	chr8	103307913	103308722	LTR/ERVL	1502	-	404	103308317	35945
chr8	103272372	103472372	harbor2	chr8	103309444	103309731	LTR/ERVL	658	-	144	103309588	37216
chr8	103825947	104025947	harbor2	chr8	103846269	103846455	LTR/ERVL	575	-	93	103846362	20415
chr8	103825947	104025947	harbor2	chr8	103846501	103846656	LTR/ERVL	623	-	78	103846579	20632
chr8	103825947	104025947	harbor2	chr8	103846811	103848598	LTR/ERVL	3570	-	894	103847705	21758
chr8	103825947	104025947	harbor2	chr8	103848770	103849300	LTR/ERVL	1087	-	265	103849035	23088
chr8	103825947	104025947	harbor2	chr8	103849302	103849799	LTR/ERVL	1227	-	248	103849550	23603
chr8	103825947	104025947	harbor2	chr8	103897037	103898641	LTR/ERVL	3828	-	802	103897839	71892
chr8	103825947	104025947	harbor2	chr8	103900437	103901274	LTR/ERVL	1816	-	418	103900855	74908
chr8	103825947	104025947	harbor2	chr8	103901267	103901527	LTR/ERVL	659	-	130	103901397	75450
chr8	115040581	115240581	harbor2	chr8	115071217	115071527	LTR/ERVL	994	-	155	115071372	30791
chr8	115040581	115240581	harbor2	chr8	115083085	115083122	LTR/ERVL	1447	-	18	115083103	42522
chr8	115040581	115240581	harbor2	chr8	115083255	115083644	LTR/ERVL	1493	-	194	115083449	42868
chr8	115040581	115240581	harbor2	chr8	115124881	115125138	LTR/ERVL	537	-	128	115125009	84428
chr8	128790441	128990441	harbor2	chr8	128792183	128792727	LTR/ERVL	1906	-	272	128792455	2014
chr8	128790441	128990441	harbor2	chr8	128830936	128831527	LTR/ERVL	471	-	296	128831232	40791
chr8	100408674	100608674	harbor2	chr8	100436275	100436438	LTR/ERVL	406	-	82	100436357	27683
chr8	100408674	100608674	harbor2	chr8	100458620	100458744	LTR/ERVL	533	-	62	100458682	50008
chr8	115668369	115868369	harbor2	chr8	115706457	115707353	LTR/ERVL	2734	-	448	115706905	38536
chr8	137894807	138094807	harbor2	chr8	137896376	137896723	LTR/ERVL	735	-	174	137896550	1743
chr8	137894807	138094807	harbor2	chr8	137914945	137915373	LTR/ERVL	1270	-	214	137915159	20352
chr8	137894807	138094807	harbor2	chr8	137922675	137923185	LTR/ERVL	1586	-	255	137922930	28123
chr8	137894807	138094807	harbor2	chr8	137924898	137924970	LTR/ERVL	367	-	36	137924934	30127
chr8	137894807	138094807	harbor2	chr8	137925606	137926366	LTR/ERVL	1082	-	380	137925986	31179
chr8	137894807	138094807	harbor2	chr8	137982462	137982791	LTR/ERVL	734	-	164	137982626	87819
chr9	107556332	107756332	harbor2	chr9	107558691	107558893	LTR/ERVL	745	-	101	107558792	2460
chr9	107556332	107756332	harbor2	chr9	107610394	107610763	LTR/ERVL	2598	-	184	107610578	54246
chr9	100258438	100458438	harbor2	chr9	100285471	100285946	LTR/ERVL	2076	-	238	100285709	27271
chr9	104470066	104670066	harbor2	chr9	104519175	104519516	LTR/ERVL	1664	-	170	104519345	49279
chr9	78920351	79120351	harbor2	chr9	78991491	78991901	LTR/ERVL	579	-	205	78991696	71345
chr9	78920351	79120351	harbor2	chr9	79017347	79017610	LTR/ERVL	614	-	132	79017479	97128
chr9	78920351	79120351	harbor2	chr9	79017971	79018538	LTR/ERVL	695	-	284	79018255	97904
chr9	90947332	91147332	harbor2	chr9	90953353	90953481	LTR/ERVL	431	-	64	90953417	6085
chr9	90947332	91147332	harbor2	chr9	90965418	90965892	LTR/ERVL	2103	-	237	90965655	18323
chr9	90947332	91147332	harbor2	chr9	90977275	90977805	LTR/ERVL	2314	-	265	90977540	30208
chr9	90947332	91147332	harbor2	chr9	90991449	90991840	LTR/ERVL	2049	-	196	90991645	44313
chr9	90947332	91147332	harbor2	chr9	90991841	90992378	LTR/ERVL	2533	-	268	90992109	44777
chr9	90947332	91147332	harbor2	chr9	90992379	90992575	LTR/ERVL	2049	-	98	90992477	45145
chr9	90947332	91147332	harbor2	chr9	91002581	91002719	LTR/ERVL	501	-	69	91002650	55318
chr9	90947332	91147332	harbor2	chr9	91002916	91003002	LTR/ERVL	501	-	43	91002959	55627
chr9	90947332	91147332	harbor2	chr9	91003008	91003810	LTR/ERVL	1959	-	401	91003409	56077
chr9	108440982	108640982	harbor2	chr9	108512550	108513071	LTR/ERVL	1411	-	260	108512810	71828
chr9	108440982	108640982	harbor2	chr9	108534830	108535290	LTR/ERVL	1742	-	230	108535060	94078
chr9	107459913	107659913	harbor2	chr9	107558691	107558893	LTR/ERVL	745	-	101	107558792	98879
chr9	134531104	134731104	harbor2	chr9	134547123	134547544	LTR/ERVL	787	-	210	134547333	16229
chr9	134531104	134731104	harbor2	chr9	134547574	134547867	LTR/ERVL	397	-	146	134547720	16616
chr9	134531104	134731104	harbor2	chr9	134578659	134578835	LTR/ERVL	657	-	88	134578747	47643
chr9	134531104	134731104	harbor2	chr9	134617232	134617389	LTR/ERVL	412	-	78	134617310	86206
chr9	133682269	133882269	harbor2	chr9	133755374	133755662	LTR/ERVL	758	-	144	133755518	73249
chr9	133682269	133882269	harbor2	chr9	133755781	133756104	LTR/ERVL	1834	-	162	133755943	73674
chr9	133682269	133882269	harbor2	chr9	133756416	133756518	LTR/ERVL	1834	-	51	133756467	74198
chr9	105459241	105659241	harbor2	chr9	105477300	105477603	LTR/ERVL	498	-	152	105477452	18211
chr9	105459241	105659241	harbor2	chr9	105514585	105515227	LTR/ERVL	1832	-	321	105514906	55665
chr9	110043025	110243025	harbor2	chr9	110130425	110131193	LTR/ERVL	2129	-	384	110130809	87784
chr9	99729583	99929583	harbor2	chr9	99799036	99799564	LTR/ERVL	2286	-	264	99799300	69717
chr9	107527226	107727226	harbor2	chr9	107558691	107558893	LTR/ERVL	745	-	101	107558792	31566
chr9	107527226	107727226	harbor2	chr9	107610394	107610763	LTR/ERVL	2598	-	184	107610578	83352
chr9	95467272	95667272	harbor2	chr9	95546674	95547155	LTR/ERVL	1763	-	240	95546914	79642
chr9	109602614	109802614	harbor2	chr9	109689563	109690004	LTR/ERVL	829	-	220	109689783	87169
chr9	114087302	114287302	harbor2	chr9	114129814	114130254	LTR/ERVL	1191	-	220	114130034	42732
chr9	114087302	114287302	harbor2	chr9	114146201	114146604	LTR/ERVL	1922	-	202	114146403	59101
chr9	114087302	114287302	harbor2	chr9	114174231	114174642	LTR/ERVL	1183	-	206	114174437	87135
chr9	89317874	89517874	harbor2	chr9	89354219	89354765	LTR/ERVL	2634	-	273	89354492	36618
chr9	80899446	81099446	harbor2	chr9	80968493	80968899	LTR/ERVL	749	-	203	80968696	69250
chr9	80899446	81099446	harbor2	chr9	80979332	80979768	LTR/ERVL	3298	-	218	80979550	80104
chr9	22411098	22611098	harbor2	chr9	22455766	22456308	LTR/ERVL	1483	-	271	22456037	44939
chr9	22411098	22611098	harbor2	chr9	22456354	22460565	LTR/ERVL	13112	-	2106	22458460	47362
chr9	22411098	22611098	harbor2	chr9	22460587	22460947	LTR/ERVL	1311	-	180	22460767	49669
chr9	22411098	22611098	harbor2	chr9	22467752	22467922	LTR/ERVL	472	-	85	22467837	56739
chr9	129272052	129472052	harbor2	chr9	129314322	129314582	LTR/ERVL	1084	-	130	129314452	42400
chr9	129272052	129472052	harbor2	chr9	129314894	129314932	LTR/ERVL	1084	-	19	129314913	42861
chr9	129272052	129472052	harbor2	chr9	129315221	129315343	LTR/ERVL	1084	-	61	129315282	43230
chr9	68782491	68982491	harbor2	chr9	68836755	68837146	LTR/ERVL	888	-	196	68836951	54460
chr9	68782491	68982491	harbor2	chr9	68851939	68852010	LTR/ERVL	824	-	36	68851975	69484
chr9	68782491	68982491	harbor2	chr9	68852246	68852649	LTR/ERVL	824	-	202	68852448	69957
chr9	120169894	120369894	harbor2	chr9	120175762	120176037	LTR/ERVL	564	-	138	120175900	6006
chr9	120169894	120369894	harbor2	chr9	120176043	120176172	LTR/ERVL	525	-	64	120176107	6213
chr9	120169894	120369894	harbor2	chr9	120183186	120183477	LTR/ERVL	977	-	146	120183332	13438
chr9	120169894	120369894	harbor2	chr9	120191598	120191704	LTR/ERVL	397	-	53	120191651	21757
chr9	120169894	120369894	harbor2	chr9	120255788	120256120	LTR/ERVL	1019	-	166	120255954	86060
chr9	134067326	134267326	harbor2	chr9	134149437	134149593	LTR/ERVL	520	-	78	134149515	82189
chr9	126834794	127034794	harbor2	chr9	126901509	126901912	LTR/ERVL	1452	-	202	126901711	66917
chr9	126834794	127034794	harbor2	chr9	126902635	126902925	LTR/ERVL	1475	-	145	126902780	67986
chr9	126834794	127034794	harbor2	chr9	126902945	126903077	LTR/ERVL	701	-	66	126903011	68217
chr9	126834794	127034794	harbor2	chr9	126903713	126904097	LTR/ERVL	1611	-	192	126903905	69111
chr9	126834794	127034794	harbor2	chr9	126904404	126904483	LTR/ERVL	1611	-	40	126904444	69650
chr9	126834794	127034794	harbor2	chr9	126906362	126906459	LTR/ERVL	1428	-	48	126906410	71616
chr9	126834794	127034794	harbor2	chr9	126906758	126907451	LTR/ERVL	1428	-	346	126907104	72310
chr9	126834794	127034794	harbor2	chr9	126907715	126907774	LTR/ERVL	1418	-	30	126907745	72951
chr9	126834794	127034794	harbor2	chr9	126908069	126908444	LTR/ERVL	1418	-	188	126908257	73463
chr9	124772609	124972609	harbor2	chr9	124789294	124789709	LTR/ERVL	1850	-	208	124789502	16893
chr9	124772609	124972609	harbor2	chr9	124793666	124793744	LTR/ERVL	868	-	39	124793705	21096
chr9	124772609	124972609	harbor2	chr9	124794057	124794417	LTR/ERVL	868	-	180	124794237	21628
chr9	124772609	124972609	harbor2	chr9	124835912	124836107	LTR/ERVL	1543	-	98	124836010	63401
chr9	124772609	124972609	harbor2	chr9	124836703	124836825	LTR/ERVL	1543	-	61	124836764	64155
chr9	124772609	124972609	harbor2	chr9	124845559	124845767	LTR/ERVL	483	-	104	124845663	73054
chr9	114816475	115016475	harbor2	chr9	114854464	114854761	LTR/ERVL	1347	-	148	114854612	38137
chr9	114816475	115016475	harbor2	chr9	114854839	114854881	LTR/ERVL	1544	-	21	114854860	38385
chr9	114816475	115016475	harbor2	chr9	114855184	114855643	LTR/ERVL	1544	-	230	114855414	38939
chr9	114816475	115016475	harbor2	chr9	114866167	114866349	LTR/ERVL	518	-	91	114866258	49783
chr9	114816475	115016475	harbor2	chr9	114898686	114898977	LTR/ERVL	558	-	146	114898832	82357
chr9	137843348	138043348	harbor2	chr9	137867146	137867499	LTR/ERVL	415	-	176	137867322	23974
chr9	137843348	138043348	harbor2	chr9	137875651	137875936	LTR/ERVL	436	-	142	137875793	32445
chr9	137843348	138043348	harbor2	chr9	137924800	137925438	LTR/ERVL	3114	-	319	137925119	81771
chr9	110852309	111052309	harbor2	chr9	110855452	110856273	LTR/ERVL	2902	-	410	110855862	3553
chr9	87077403	87277403	harbor2	chr9	87091250	87091770	LTR/ERVL	1725	-	260	87091510	14107
chr9	87077403	87277403	harbor2	chr9	87091771	87091853	LTR/ERVL	2123	-	41	87091812	14409
chr9	87077403	87277403	harbor2	chr9	87091916	87092356	LTR/ERVL	2123	-	220	87092136	14733
chr9	87077403	87277403	harbor2	chr9	87092357	87092569	LTR/ERVL	1725	-	106	87092463	15060
chr9	87077403	87277403	harbor2	chr9	87098253	87098621	LTR/ERVL	594	-	184	87098437	21034
chr9	87077403	87277403	harbor2	chr9	87107955	87108228	LTR/ERVL	591	-	136	87108091	30688
chr9	87077403	87277403	harbor2	chr9	87141583	87141960	LTR/ERVL	756	-	188	87141771	64368
chr9	87077403	87277403	harbor2	chr9	87154173	87154437	LTR/ERVL	1047	-	132	87154305	76902
chr9	87077403	87277403	harbor2	chr9	87154474	87154627	LTR/ERVL	812	-	76	87154550	77147
chr9	87077403	87277403	harbor2	chr9	87170445	87170897	LTR/ERVL	1715	-	226	87170671	93268
chr9	97740641	97940641	harbor2	chr9	97789745	97789801	LTR/ERVL	509	-	28	97789773	49132
chr9	97740641	97940641	harbor2	chr9	97790167	97790256	LTR/ERVL	509	-	44	97790211	49570
chr9	97740641	97940641	harbor2	chr9	97791430	97791875	LTR/ERVL	2355	-	222	97791652	51011
chr9	97740641	97940641	harbor2	chr9	97795470	97795884	LTR/ERVL	1637	-	207	97795677	55036
chr9	97740641	97940641	harbor2	chr9	97823072	97823480	LTR/ERVL	1513	-	204	97823276	82635
chr9	113213443	113413443	harbor2	chr9	113213863	113213934	LTR/ERVL	534	-	36	113213899	456
chr9	75984471	76184471	harbor2	chr9	75993584	75994124	LTR/ERVL	2756	-	270	75993854	9383
chr9	75984471	76184471	harbor2	chr9	76014951	76015436	LTR/ERVL	2591	-	242	76015193	30722
chr9	120189137	120389137	harbor2	chr9	120191598	120191704	LTR/ERVL	397	-	53	120191651	2514
chr9	120189137	120389137	harbor2	chr9	120255788	120256120	LTR/ERVL	1019	-	166	120255954	66817
chr9	90393530	90593530	harbor2	chr9	90418482	90419012	LTR/ERVL	1493	-	265	90418747	25217
chr9	90393530	90593530	harbor2	chr9	90419032	90419297	LTR/ERVL	736	-	132	90419164	25634
chr9	90393530	90593530	harbor2	chr9	90419335	90420216	LTR/ERVL	2540	-	440	90419775	26245
chr9	90393530	90593530	harbor2	chr9	90420208	90422125	LTR/ERVL	3343	-	958	90421166	27636
chr9	90393530	90593530	harbor2	chr9	90451243	90451282	LTR/ERVL	774	-	20	90451263	57733
chr9	90393530	90593530	harbor2	chr9	90451706	90452103	LTR/ERVL	1243	-	198	90451904	58374
chr9	95979886	96179886	harbor2	chr9	95988639	95989476	LTR/ERVL	4194	-	418	95989057	9171
chr9	95979886	96179886	harbor2	chr9	96010982	96011080	LTR/ERVL	622	-	49	96011031	31145
chr9	95979886	96179886	harbor2	chr9	96011473	96011567	LTR/ERVL	622	-	47	96011520	31634
chr9	95979886	96179886	harbor2	chr9	96042380	96042578	LTR/ERVL	510	-	99	96042479	62593
chr9	95979886	96179886	harbor2	chr9	96042685	96042875	LTR/ERVL	424	-	95	96042780	62894
chr9	95979886	96179886	harbor2	chr9	96053706	96053898	LTR/ERVL	523	-	96	96053802	73916
chr9	95979886	96179886	harbor2	chr9	96053984	96054167	LTR/ERVL	433	-	92	96054076	74190
chr9	95979886	96179886	harbor2	chr9	96072240	96072449	LTR/ERVL	483	-	104	96072344	92458
chr9	95979886	96179886	harbor2	chr9	96072458	96072716	LTR/ERVL	528	-	129	96072587	92701
chr9	129743476	129943476	harbor2	chr9	129766043	129766257	LTR/ERVL	1397	-	107	129766150	22674
chr9	129743476	129943476	harbor2	chr9	129766904	129767082	LTR/ERVL	1397	-	89	129766993	23517
chr9	129743476	129943476	harbor2	chr9	129767083	129767356	LTR/ERVL	5362	-	136	129767219	23743
chr9	129743476	129943476	harbor2	chr9	129767384	129767554	LTR/ERVL	5362	-	85	129767469	23993
chr9	129743476	129943476	harbor2	chr9	129767828	129767963	LTR/ERVL	5362	-	68	129767896	24420
chr9	129743476	129943476	harbor2	chr9	129768268	129768682	LTR/ERVL	5362	-	207	129768475	24999
chr9	129743476	129943476	harbor2	chr9	129769284	129769753	LTR/ERVL	2836	-	234	129769518	26042
chr9	129743476	129943476	harbor2	chr9	129769749	129770040	LTR/ERVL	1592	-	146	129769895	26419
chr9	129743476	129943476	harbor2	chr9	129770590	129771287	LTR/ERVL	4097	-	348	129770938	27462
chr9	23350550	23550550	harbor2	chr9	23386616	23386904	LTR/ERVL	627	-	144	23386760	36210
chr9	23350550	23550550	harbor2	chr9	23421251	23421713	LTR/ERVL	1300	-	231	23421482	70932
chr9	79065580	79265580	harbor2	chr9	79104705	79104813	LTR/ERVL	475	-	54	79104759	39179
chr9	107905849	108105849	harbor2	chr9	107911295	107911455	LTR/ERVL	476	-	80	107911375	5526
chr9	107905849	108105849	harbor2	chr9	107912275	107912774	LTR/ERVL	2077	-	250	107912525	6676
chr9	107905849	108105849	harbor2	chr9	107915195	107915520	LTR/ERVL	1974	-	162	107915357	9508
chr9	107905849	108105849	harbor2	chr9	107915811	107916008	LTR/ERVL	1974	-	98	107915909	10060
chr9	107905849	108105849	harbor2	chr9	107935116	107935561	LTR/ERVL	812	-	222	107935338	29489
chr9	79373918	79573918	harbor2	chr9	79399638	79399730	LTR/ERVL	449	-	46	79399684	25766
chr9	79373918	79573918	harbor2	chr9	79428237	79428664	LTR/ERVL	805	-	214	79428451	54533
chr9	128415043	128615043	harbor2	chr9	128503575	128503609	LTR/ERVL	1963	-	17	128503592	88549
chr9	128415043	128615043	harbor2	chr9	128503896	128504231	LTR/ERVL	1963	-	168	128504064	89021
chr9	66978643	67178643	harbor2	chr9	67066159	67066457	LTR/ERVL	617	-	149	67066308	87665
chr9	104122283	104322283	harbor2	chr9	104144332	104144558	LTR/ERVL	1302	-	113	104144445	22162
chr9	104122283	104322283	harbor2	chr9	104198154	104198596	LTR/ERVL	1586	-	221	104198375	76092
chr9	138220474	138420474	harbor2	chr9	138263447	138263746	LTR/ERVL	3619	-	150	138263597	43123
chr9	138220474	138420474	harbor2	chr9	138264053	138264362	LTR/ERVL	3619	-	154	138264207	43733
chr9	138220474	138420474	harbor2	chr9	138264657	138264915	LTR/ERVL	3619	-	129	138264786	44312
chr9	138220474	138420474	harbor2	chr9	138275170	138275470	LTR/ERVL	3603	-	150	138275320	54846
chr9	138220474	138420474	harbor2	chr9	138275774	138275843	LTR/ERVL	3603	-	34	138275808	55334
chr9	138220474	138420474	harbor2	chr9	138276151	138276656	LTR/ERVL	3603	-	252	138276403	55929
chr9	105077485	105277485	harbor2	chr9	105079102	105079787	LTR/ERVL	610	-	342	105079444	1959
chr9	105077485	105277485	harbor2	chr9	105080079	105080394	LTR/ERVL	610	-	158	105080237	2752
chr9	105077485	105277485	harbor2	chr9	105081384	105081755	LTR/ERVL	617	-	186	105081570	4085
chr9	105077485	105277485	harbor2	chr9	105089637	105090135	LTR/ERVL	911	-	249	105089886	12401
chr9	105077485	105277485	harbor2	chr9	105148653	105149003	LTR/ERVL	1050	-	175	105148828	71343
chr9	105077485	105277485	harbor2	chr9	105167003	105167348	LTR/ERVL	400	-	172	105167175	89690
chr9	105077485	105277485	harbor2	chr9	105167492	105167537	LTR/ERVL	2123	-	22	105167514	90029
chr9	105077485	105277485	harbor2	chr9	105167903	105168335	LTR/ERVL	2123	-	216	105168119	90634
chr9	105077485	105277485	harbor2	chr9	105168607	105168721	LTR/ERVL	2123	-	57	105168664	91179
chr9	112704170	112904170	harbor2	chr9	112760036	112760422	LTR/ERVL	984	-	193	112760229	56059
chr9	112704170	112904170	harbor2	chr9	112762677	112763157	LTR/ERVL	1702	-	240	112762917	58747
chr9	137297357	137497357	harbor2	chr9	137341344	137341531	LTR/ERVL	647	-	94	137341438	44081
chr9	137297357	137497357	harbor2	chr9	137342394	137342749	LTR/ERVL	1256	-	178	137342572	45215
chr9	137297357	137497357	harbor2	chr9	137343230	137343575	LTR/ERVL	1663	-	172	137343402	46045
chr9	137297357	137497357	harbor2	chr9	137344191	137344331	LTR/ERVL	1663	-	70	137344261	46904
chr9	137297357	137497357	harbor2	chr9	137357664	137357699	LTR/ERVL	2877	-	18	137357682	60325
chr9	137297357	137497357	harbor2	chr9	137357757	137358147	LTR/ERVL	2877	-	195	137357952	60595
chr9	130643387	130843387	harbor2	chr9	130688194	130688647	LTR/ERVL	2291	-	226	130688420	45033
chr9	130643387	130843387	harbor2	chr9	130688963	130688982	LTR/ERVL	2291	-	10	130688973	45586
chr9	99400652	99600652	harbor2	chr9	99401524	99401976	LTR/ERVL	2748	-	226	99401750	1098
chr9	137638837	137838837	harbor2	chr9	137680806	137681227	LTR/ERVL	1606	-	210	137681016	42179
chr9	114251538	114451538	harbor2	chr9	114314310	114314694	LTR/ERVL	1996	-	192	114314502	62964
chr9	63322269	63522269	harbor2	chr9	63350346	63350615	LTR/ERVL	1464	-	134	63350480	28211
chr9	63322269	63522269	harbor2	chr9	63351238	63351311	LTR/ERVL	1464	-	36	63351274	29005
chr9	63322269	63522269	harbor2	chr9	63359419	63359738	LTR/ERVL	473	-	160	63359579	37310
chr9	99329565	99529565	harbor2	chr9	99364875	99365025	LTR/ERVL	731	-	75	99364950	35385
chr9	99329565	99529565	harbor2	chr9	99365315	99365673	LTR/ERVL	742	-	179	99365494	35929
chr9	99329565	99529565	harbor2	chr9	99401524	99401976	LTR/ERVL	2748	-	226	99401750	72185
chr9	109704297	109904297	harbor2	chr9	109730787	109731181	LTR/ERVL	1211	-	197	109730984	26687
chr9	111560543	111760543	harbor2	chr9	111615152	111615677	LTR/ERVL	2519	-	262	111615414	54871
chr9	111560543	111760543	harbor2	chr9	111627699	111627867	LTR/ERVL	560	-	84	111627783	67240
chr9	33841818	34041818	harbor2	chr9	33883247	33883414	LTR/ERVL	830	-	84	33883331	41513
chr9	138089323	138289323	harbor2	chr9	138156183	138156288	LTR/ERVL	616	-	52	138156235	66912
chr9	90576741	90776741	harbor2	chr9	90595346	90595384	LTR/ERVL	3319	-	19	90595365	18624
chr9	90576741	90776741	harbor2	chr9	90595429	90595817	LTR/ERVL	3319	-	194	90595623	18882
chr9	90576741	90776741	harbor2	chr9	90602789	90603025	LTR/ERVL	1293	-	118	90602907	26166
chr9	62277627	62477627	harbor2	chr9	62322087	62322655	LTR/ERVL	1913	-	284	62322371	44744
chr9	62277627	62477627	harbor2	chr9	62349875	62350302	LTR/ERVL	1279	-	214	62350089	72462
chr9	62277627	62477627	harbor2	chr9	62350323	62350524	LTR/ERVL	568	-	100	62350423	72796
chr9	88732292	88932292	harbor2	chr9	88783908	88784276	LTR/ERVL	1468	-	184	88784092	51800
chr9	88732292	88932292	harbor2	chr9	88804037	88804284	LTR/ERVL	396	-	124	88804161	71869
chr9	88732292	88932292	harbor2	chr9	88820169	88820442	LTR/ERVL	682	-	136	88820305	88013
chr9	135195852	135395852	harbor2	chr9	135210417	135211043	LTR/ERVL	447	-	313	135210730	14878
chr9	135195852	135395852	harbor2	chr9	135264362	135264622	LTR/ERVL	596	-	130	135264492	68640
chr9	86121897	86321897	harbor2	chr9	86175165	86175292	LTR/ERVL	423	-	64	86175229	53332
chr9	86121897	86321897	harbor2	chr9	86176028	86176127	LTR/ERVL	485	-	50	86176078	54181
chr9	86121897	86321897	harbor2	chr9	86216021	86216161	LTR/ERVL	458	-	70	86216091	94194
chr9	133603394	133803394	harbor2	chr9	133638454	133638668	LTR/ERVL	878	-	107	133638561	35167
chr9	133603394	133803394	harbor2	chr9	133640726	133641066	LTR/ERVL	1157	-	170	133640896	37502
chr9	84229887	84429887	harbor2	chr9	84230501	84231138	LTR/ERVL	1071	-	318	84230819	932
chr9	84229887	84429887	harbor2	chr9	84235574	84235990	LTR/ERVL	1806	-	208	84235782	5895
chr9	84229887	84429887	harbor2	chr9	84238070	84238228	LTR/ERVL	395	-	79	84238149	8262
chr9	84229887	84429887	harbor2	chr9	84245279	84245662	LTR/ERVL	1843	-	192	84245471	15584
chr9	84229887	84429887	harbor2	chr9	84245805	84245920	LTR/ERVL	670	-	58	84245863	15976
chr9	108580134	108780134	harbor2	chr9	108605174	108605401	LTR/ERVL	1596	-	114	108605288	25154
chr9	108580134	108780134	harbor2	chr9	108605562	108605823	LTR/ERVL	1596	-	130	108605692	25558
chr9	108580134	108780134	harbor2	chr9	108632000	108632323	LTR/ERVL	766	-	162	108632162	52028
chr9	106149327	106349327	harbor2	chr9	106242849	106243036	LTR/ERVL	575	-	94	106242943	93616
chr9	104951871	105151871	harbor2	chr9	105042940	105043136	LTR/ERVL	1458	-	98	105043038	91167
chr9	104951871	105151871	harbor2	chr9	105043420	105043729	LTR/ERVL	1458	-	154	105043574	91703
chr9	87457687	87657687	harbor2	chr9	87469584	87469893	LTR/ERVL	1268	-	154	87469738	12051
chr9	87457687	87657687	harbor2	chr9	87469905	87470102	LTR/ERVL	745	-	98	87470003	12316
chr9	87457687	87657687	harbor2	chr9	87473573	87473848	LTR/ERVL	1966	-	138	87473711	16024
chr9	87457687	87657687	harbor2	chr9	87478172	87478561	LTR/ERVL	1285	-	194	87478366	20679
chr9	87457687	87657687	harbor2	chr9	87492901	87493283	LTR/ERVL	741	-	191	87493092	35405
chr9	87457687	87657687	harbor2	chr9	87546140	87546625	LTR/ERVL	2082	-	242	87546382	88695
chr9	87457687	87657687	harbor2	chr9	87547524	87547578	LTR/ERVL	1453	-	27	87547551	89864
chr9	87457687	87657687	harbor2	chr9	87547615	87547968	LTR/ERVL	1453	-	176	87547791	90104
chr9	87457687	87657687	harbor2	chr9	87474145	87474259	LTR/ERVL	1966	-	57	87474202	16515
chr9	115261594	115461594	harbor2	chr9	115265501	115265889	LTR/ERVL	608	-	194	115265695	4101
chr9	107698657	107898657	harbor2	chr9	107708987	107709420	LTR/ERVL	1426	-	216	107709203	10546
chr9	107698657	107898657	harbor2	chr9	107765703	107765984	LTR/ERVL	587	-	140	107765843	67186
chr9	107698657	107898657	harbor2	chr9	107792622	107792943	LTR/ERVL	1382	-	160	107792782	94125
chr9	117958419	118158419	harbor2	chr9	117958441	117958817	LTR/ERVL	691	-	188	117958629	210
chr9	117958419	118158419	harbor2	chr9	117968213	117968348	LTR/ERVL	493	-	68	117968281	9862
chr9	117958419	118158419	harbor2	chr9	118023744	118024148	LTR/ERVL	1620	-	202	118023946	65527
chr9	117958419	118158419	harbor2	chr9	118035143	118035943	LTR/ERVL	4109	-	400	118035543	77124
chr9	75534965	75734965	harbor2	chr9	75550306	75550703	LTR/ERVL	2212	-	198	75550504	15539
chr9	75534965	75734965	harbor2	chr9	75589002	75589183	LTR/ERVL	833	-	90	75589092	54127
chr9	75534965	75734965	harbor2	chr9	75600766	75601061	LTR/ERVL	531	-	148	75600914	65949
chr9	75534965	75734965	harbor2	chr9	75611703	75611968	LTR/ERVL	918	-	132	75611835	76870
chr9	80730528	80930528	harbor2	chr9	80787148	80787589	LTR/ERVL	1183	-	220	80787368	56840
chr9	80730528	80930528	harbor2	chr9	80787590	80788066	LTR/ERVL	1098	-	238	80787828	57300
chr9	134607339	134807339	harbor2	chr9	134617232	134617389	LTR/ERVL	412	-	78	134617310	9971
chr9	134607339	134807339	harbor2	chr9	134687205	134687367	LTR/ERVL	460	-	81	134687286	79947
chr9	126094804	126294804	harbor2	chr9	126148296	126148638	LTR/ERVL	938	-	171	126148467	53663
chr9	126094804	126294804	harbor2	chr9	126185868	126186330	LTR/ERVL	1224	-	231	126186099	91295
chr9	92859681	93059681	harbor2	chr9	92859701	92860307	LTR/ERVL	2739	-	303	92860004	323
chr9	93579957	93779957	harbor2	chr9	93617609	93618028	LTR/ERVL	3028	-	210	93617819	37862
chr9	116973115	117173115	harbor2	chr9	117010669	117011076	LTR/ERVL	1306	-	204	117010873	37758
chr9	112543059	112743059	harbor2	chr9	112550473	112551032	LTR/ERVL	2016	-	280	112550753	7694
chr9	118405048	118605048	harbor2	chr9	118481099	118481525	LTR/ERVL	1280	-	213	118481312	76264
chr9	138121201	138321201	harbor2	chr9	138156183	138156288	LTR/ERVL	616	-	52	138156235	35034
chr9	138121201	138321201	harbor2	chr9	138210107	138210538	LTR/ERVL	1794	-	216	138210323	89122
chr9	126344181	126544181	harbor2	chr9	126348902	126349426	LTR/ERVL	1702	-	262	126349164	4983
chr9	24234184	24434184	harbor2	chr9	24275649	24275990	LTR/ERVL	627	-	170	24275819	41635
chr9	122171411	122371411	harbor2	chr9	122176928	122177432	LTR/ERVL	1040	-	252	122177180	5769
chr9	122171411	122371411	harbor2	chr9	122178521	122178915	LTR/ERVL	1153	-	197	122178718	7307
chr9	133386044	133586044	harbor2	chr9	133439473	133440034	LTR/ERVL	1503	-	280	133439753	53709
chr9	101831259	102031259	harbor2	chr9	101840667	101841181	LTR/ERVL	3029	-	257	101840924	9665
chr9	101831259	102031259	harbor2	chr9	101847815	101848367	LTR/ERVL	2538	-	276	101848091	16832
chr9	101831259	102031259	harbor2	chr9	101886413	101886462	LTR/ERVL	2048	-	24	101886437	55178
chr9	101831259	102031259	harbor2	chr9	101886774	101887390	LTR/ERVL	2048	-	308	101887082	55823
chr9	35779188	35979188	harbor2	chr9	35831502	35831706	LTR/ERVL	709	-	102	35831604	52416
chr9	35779188	35979188	harbor2	chr9	35857659	35858092	LTR/ERVL	1014	-	216	35857875	78687
chr9	35779188	35979188	harbor2	chr9	35858391	35858441	LTR/ERVL	1014	-	25	35858416	79228
chr9	103847919	104047919	harbor2	chr9	103886928	103887500	LTR/ERVL	2261	-	286	103887214	39295
chr9	103847919	104047919	harbor2	chr9	103887940	103888375	LTR/ERVL	1453	-	218	103888158	40239
chr9	103847919	104047919	harbor2	chr9	103939440	103939834	LTR/ERVL	857	-	197	103939637	91718
chr9	103847919	104047919	harbor2	chr9	103939867	103940288	LTR/ERVL	995	-	210	103940077	92158
chr9	126572782	126772782	harbor2	chr9	126573069	126573154	LTR/ERVL	32507	-	42	126573111	329
chr9	126572782	126772782	harbor2	chr9	126573801	126573829	LTR/ERVL	32507	-	14	126573815	1033
chr9	126572782	126772782	harbor2	chr9	126574106	126574117	LTR/ERVL	32507	-	6	126574112	1330
chr9	126572782	126772782	harbor2	chr9	126574454	126575666	LTR/ERVL	32507	-	606	126575060	2278
chr9	126572782	126772782	harbor2	chr9	126575904	126575939	LTR/ERVL	32507	-	18	126575922	3140
chr9	95314538	95514538	harbor2	chr9	95344010	95344342	LTR/ERVL	4054	-	166	95344176	29638
chr9	95314538	95514538	harbor2	chr9	95344664	95345153	LTR/ERVL	4054	-	244	95344908	30370
chr9	95314538	95514538	harbor2	chr9	95412058	95412418	LTR/ERVL	972	-	180	95412238	97700
chr9	102450618	102650618	harbor2	chr9	102479277	102479880	LTR/ERVL	1770	-	302	102479579	28961
chr9	135185950	135385950	harbor2	chr9	135210417	135211043	LTR/ERVL	447	-	313	135210730	24780
chr9	135185950	135385950	harbor2	chr9	135264362	135264622	LTR/ERVL	596	-	130	135264492	78542
chr9	135477654	135677654	harbor2	chr9	135527150	135527546	LTR/ERVL	1136	-	198	135527348	49694
chr9	135477654	135677654	harbor2	chr9	135533177	135533376	LTR/ERVL	424	-	100	135533277	55623
chr9	135477654	135677654	harbor2	chr9	135536023	135536557	LTR/ERVL	623	-	267	135536290	58636
chr9	135477654	135677654	harbor2	chr9	135540293	135540914	LTR/ERVL	566	-	310	135540603	62949
chr9	125107518	125307518	harbor2	chr9	125191554	125191630	LTR/ERVL	482	-	38	125191592	84074
chr9	125107518	125307518	harbor2	chr9	125124219	125124767	LTR/ERVL	2582	-	274	125124493	16975
chr9	96569508	96769508	harbor2	chr9	96659041	96659052	LTR/ERVL	1925	-	6	96659047	89539
chr9	96569508	96769508	harbor2	chr9	96659353	96659733	LTR/ERVL	1925	-	190	96659543	90035
chr9	96569508	96769508	harbor2	chr9	96659734	96659865	LTR/ERVL	9250	-	66	96659800	90292
chr9	96569508	96769508	harbor2	chr9	96660164	96661162	LTR/ERVL	9250	-	499	96660663	91155
chr9	96569508	96769508	harbor2	chr9	96661749	96662459	LTR/ERVL	9250	-	355	96662104	92596
chr9	96569508	96769508	harbor2	chr9	96662542	96662654	LTR/ERVL	696	-	56	96662598	93090
chr9	68654845	68854845	harbor2	chr9	68689076	68689482	LTR/ERVL	1336	-	203	68689279	34434
chr9	134440292	134640292	harbor2	chr9	134485668	134485905	LTR/ERVL	534	-	118	134485786	45494
chr9	134440292	134640292	harbor2	chr9	134496807	134496992	LTR/ERVL	476	-	92	134496899	56607
chr9	117999149	118199149	harbor2	chr9	118023744	118024148	LTR/ERVL	1620	-	202	118023946	24797
chr9	117999149	118199149	harbor2	chr9	118035143	118035943	LTR/ERVL	4109	-	400	118035543	36394
chr9	117999149	118199149	harbor2	chr9	118084461	118084887	LTR/ERVL	2799	-	213	118084674	85525
chr9	117999149	118199149	harbor2	chr9	118088132	118088542	LTR/ERVL	1230	-	205	118088337	89188
chr9	117999149	118199149	harbor2	chr9	118093386	118093929	LTR/ERVL	2247	-	272	118093658	94509
chr9	117999149	118199149	harbor2	chr9	118093927	118094788	LTR/ERVL	2412	-	430	118094357	95208
chr9	117999149	118199149	harbor2	chr9	118094793	118095379	LTR/ERVL	2191	-	293	118095086	95937
chr9	105036724	105236724	harbor2	chr9	105042940	105043136	LTR/ERVL	1458	-	98	105043038	6314
chr9	105036724	105236724	harbor2	chr9	105043420	105043729	LTR/ERVL	1458	-	154	105043574	6850
chr9	105036724	105236724	harbor2	chr9	105079102	105079787	LTR/ERVL	610	-	342	105079444	42720
chr9	105036724	105236724	harbor2	chr9	105080079	105080394	LTR/ERVL	610	-	158	105080237	43513
chr9	105036724	105236724	harbor2	chr9	105081384	105081755	LTR/ERVL	617	-	186	105081570	44846
chr9	105036724	105236724	harbor2	chr9	105089637	105090135	LTR/ERVL	911	-	249	105089886	53162
chr9	65953297	66153297	harbor2	chr9	66013244	66013423	LTR/ERVL	438	-	90	66013334	60037
chr9	65953297	66153297	harbor2	chr9	66048869	66049180	LTR/ERVL	1053	-	156	66049025	95728
chr9	99796057	99996057	harbor2	chr9	99799036	99799564	LTR/ERVL	2286	-	264	99799300	3243
chr9	99796057	99996057	harbor2	chr9	99880334	99880435	LTR/ERVL	421	-	50	99880384	84327
chr9	111592584	111792584	harbor2	chr9	111615152	111615677	LTR/ERVL	2519	-	262	111615414	22830
chr9	111592584	111792584	harbor2	chr9	111627699	111627867	LTR/ERVL	560	-	84	111627783	35199
chr9	120238344	120438344	harbor2	chr9	120255788	120256120	LTR/ERVL	1019	-	166	120255954	17610
chr9	120238344	120438344	harbor2	chr9	120330675	120331000	LTR/ERVL	762	-	162	120330837	92493
chr9	120238344	120438344	harbor2	chr9	120290918	120291423	LTR/ERVL	2604	-	252	120291170	52826
chr9	126546276	126746276	harbor2	chr9	126567532	126568040	LTR/ERVL	2688	-	254	126567786	21510
chr9	126546276	126746276	harbor2	chr9	126568044	126568478	LTR/ERVL	32507	-	217	126568261	21985
chr9	126546276	126746276	harbor2	chr9	126568767	126572666	LTR/ERVL	32507	-	1950	126570717	24441
chr9	126546276	126746276	harbor2	chr9	126573069	126573154	LTR/ERVL	32507	-	42	126573111	26835
chr9	126546276	126746276	harbor2	chr9	126573801	126573829	LTR/ERVL	32507	-	14	126573815	27539
chr9	126546276	126746276	harbor2	chr9	126574106	126574117	LTR/ERVL	32507	-	6	126574112	27836
chr9	126546276	126746276	harbor2	chr9	126574454	126575666	LTR/ERVL	32507	-	606	126575060	28784
chr9	126546276	126746276	harbor2	chr9	126575904	126575939	LTR/ERVL	32507	-	18	126575922	29646
chr9	73473298	73673298	harbor2	chr9	73473460	73473841	LTR/ERVL	1458	-	190	73473650	352
chr9	73473298	73673298	harbor2	chr9	73528099	73528411	LTR/ERVL	422	-	156	73528255	54957
chr9	112736080	112936080	harbor2	chr9	112760036	112760422	LTR/ERVL	984	-	193	112760229	24149
chr9	112736080	112936080	harbor2	chr9	112762677	112763157	LTR/ERVL	1702	-	240	112762917	26837
chr9	112736080	112936080	harbor2	chr9	112834066	112834621	LTR/ERVL	2861	-	278	112834344	98264
chr9	112736080	112936080	harbor2	chr9	112834626	112834827	LTR/ERVL	1058	-	100	112834726	98646
chr9	102594210	102794210	harbor2	chr9	102607294	102607514	LTR/ERVL	2338	-	110	102607404	13194
chr9	102594210	102794210	harbor2	chr9	102607853	102608036	LTR/ERVL	2338	-	92	102607945	13735
chr9	102594210	102794210	harbor2	chr9	102642451	102642989	LTR/ERVL	1715	-	269	102642720	48510
chr9	102594210	102794210	harbor2	chr9	102655364	102655560	LTR/ERVL	712	-	98	102655462	61252
chr9	73622977	73822977	harbor2	chr9	73693369	73693798	LTR/ERVL	1410	-	214	73693583	70606
chr9	135336313	135536313	harbor2	chr9	135356798	135357025	LTR/ERVL	439	-	114	135356912	20599
chr9	135336313	135536313	harbor2	chr9	135376361	135376734	LTR/ERVL	445	-	186	135376547	40234
chr9	135336313	135536313	harbor2	chr9	135378186	135378611	LTR/ERVL	1040	-	212	135378398	42085
chr9	135336313	135536313	harbor2	chr9	135378739	135378919	LTR/ERVL	427	-	90	135378829	42516
chr9	135336313	135536313	harbor2	chr9	135379846	135380157	LTR/ERVL	801	-	156	135380002	43689
chr9	135336313	135536313	harbor2	chr9	135380203	135380544	LTR/ERVL	1128	-	170	135380373	44060
chr9	135336313	135536313	harbor2	chr9	135381644	135382106	LTR/ERVL	1648	-	231	135381875	45562
chr9	135336313	135536313	harbor2	chr9	135404484	135404699	LTR/ERVL	477	-	108	135404592	68279
chr9	135336313	135536313	harbor2	chr9	135380832	135381279	LTR/ERVL	1648	-	224	135381056	44743
chr9	85766630	85966630	harbor2	chr9	85775592	85775987	LTR/ERVL	2726	-	198	85775790	9160
chr9	85766630	85966630	harbor2	chr9	85775988	85778785	LTR/ERVL	20821	-	1398	85777386	10756
chr9	85766630	85966630	harbor2	chr9	85778776	85779132	LTR/ERVL	2742	-	178	85778954	12324
chr9	85766630	85966630	harbor2	chr9	85779133	85779176	LTR/ERVL	2705	-	22	85779155	12525
chr9	85766630	85966630	harbor2	chr9	85779266	85779684	LTR/ERVL	2705	-	209	85779475	12845
chr9	85766630	85966630	harbor2	chr9	85834396	85834931	LTR/ERVL	2484	-	268	85834664	68034
chr9	85766630	85966630	harbor2	chr9	85863933	85864165	LTR/ERVL	395	-	116	85864049	97419
chr9	95783267	95983267	harbor2	chr9	95809247	95809859	LTR/ERVL	1645	-	306	95809553	26286
chr9	95783267	95983267	harbor2	chr9	95809875	95810020	LTR/ERVL	4500	-	72	95809947	26680
chr9	95783267	95983267	harbor2	chr9	95810301	95810979	LTR/ERVL	4500	-	339	95810640	27373
chr9	95783267	95983267	harbor2	chr9	95823347	95823605	LTR/ERVL	574	-	129	95823476	40209
chr9	95783267	95983267	harbor2	chr9	95832033	95832514	LTR/ERVL	767	-	240	95832273	49006
chr9	95783267	95983267	harbor2	chr9	95834247	95834539	LTR/ERVL	793	-	146	95834393	51126
chr9	124163345	124363345	harbor2	chr9	124203429	124203614	LTR/ERVL	878	-	92	124203521	40176
chr9	124163345	124363345	harbor2	chr9	124203911	124204014	LTR/ERVL	878	-	52	124203963	40618
chr9	124163345	124363345	harbor2	chr9	124204024	124204326	LTR/ERVL	1169	-	151	124204175	40830
chr9	124163345	124363345	harbor2	chr9	124204638	124204804	LTR/ERVL	1169	-	83	124204721	41376
chr9	124163345	124363345	harbor2	chr9	124205430	124206217	LTR/ERVL	1012	-	394	124205824	42479
chr9	124163345	124363345	harbor2	chr9	124206218	124206683	LTR/ERVL	1439	-	232	124206450	43105
chr9	124163345	124363345	harbor2	chr9	124214548	124214707	LTR/ERVL	476	-	80	124214628	51283
chr9	124163345	124363345	harbor2	chr9	124219483	124219614	LTR/ERVL	496	-	66	124219549	56204
chr9	114675553	114875553	harbor2	chr9	114690272	114690604	LTR/ERVL	1387	-	166	114690438	14885
chr9	133433643	133633643	harbor2	chr9	133439473	133440034	LTR/ERVL	1503	-	280	133439753	6110
chr9	117903973	118103973	harbor2	chr9	117958441	117958817	LTR/ERVL	691	-	188	117958629	54656
chr9	117903973	118103973	harbor2	chr9	117968213	117968348	LTR/ERVL	493	-	68	117968281	64308
chr9	138282578	138482578	harbor2	chr9	138334315	138334435	LTR/ERVL	400	-	60	138334375	51797
chr9	67109652	67309652	harbor2	chr9	67187765	67187815	LTR/ERVL	1918	-	25	67187790	78138
chr9	67109652	67309652	harbor2	chr9	67187857	67188178	LTR/ERVL	1918	-	160	67188017	78365
chr9	119665161	119865161	harbor2	chr9	119667574	119668116	LTR/ERVL	1941	-	271	119667845	2684
chr9	119665161	119865161	harbor2	chr9	119760777	119761099	LTR/ERVL	1279	-	161	119760938	95777
chr9	97263539	97463539	harbor2	chr9	97300261	97300418	LTR/ERVL	5622	-	78	97300339	36800
chr9	97263539	97463539	harbor2	chr9	97300445	97301242	LTR/ERVL	5622	-	398	97300843	37304
chr9	97263539	97463539	harbor2	chr9	97301235	97301632	LTR/ERVL	2357	-	198	97301433	37894
chr9	97263539	97463539	harbor2	chr9	97301633	97301736	LTR/ERVL	552	-	52	97301685	38146
chr9	97263539	97463539	harbor2	chr9	97301740	97303303	LTR/ERVL	8225	-	782	97302522	38983
chr9	97263539	97463539	harbor2	chr9	97303304	97303836	LTR/ERVL	2869	-	266	97303570	40031
chr9	79001458	79201458	harbor2	chr9	79017347	79017610	LTR/ERVL	614	-	132	79017479	16021
chr9	79001458	79201458	harbor2	chr9	79017971	79018538	LTR/ERVL	695	-	284	79018255	16797
chr9	136478925	136678925	harbor2	chr9	136492890	136493324	LTR/ERVL	860	-	217	136493107	14182
chr9	87847032	88047032	harbor2	chr9	87873994	87874022	LTR/ERVL	2609	-	14	87874008	26976
chr9	87847032	88047032	harbor2	chr9	87874741	87875188	LTR/ERVL	2609	-	224	87874965	27933
chr9	135155490	135355490	harbor2	chr9	135172005	135172176	LTR/ERVL	447	-	86	135172091	16601
chr9	135155490	135355490	harbor2	chr9	135172870	135173062	LTR/ERVL	790	-	96	135172966	17476
chr9	135155490	135355490	harbor2	chr9	135210417	135211043	LTR/ERVL	447	-	313	135210730	55240
chr9	130773987	130973987	harbor2	chr9	130786031	130786352	LTR/ERVL	1205	-	160	130786191	12204
chr9	130773987	130973987	harbor2	chr9	130809438	130809853	LTR/ERVL	1537	-	208	130809646	35659
chr9	130773987	130973987	harbor2	chr9	130824036	130824554	LTR/ERVL	2075	-	259	130824295	50308
chr9	135154561	135354561	harbor2	chr9	135172005	135172176	LTR/ERVL	447	-	86	135172091	17530
chr9	135154561	135354561	harbor2	chr9	135172870	135173062	LTR/ERVL	790	-	96	135172966	18405
chr9	135154561	135354561	harbor2	chr9	135210417	135211043	LTR/ERVL	447	-	313	135210730	56169
chr9	124166574	124366574	harbor2	chr9	124203429	124203614	LTR/ERVL	878	-	92	124203521	36947
chr9	124166574	124366574	harbor2	chr9	124203911	124204014	LTR/ERVL	878	-	52	124203963	37389
chr9	124166574	124366574	harbor2	chr9	124204024	124204326	LTR/ERVL	1169	-	151	124204175	37601
chr9	124166574	124366574	harbor2	chr9	124204638	124204804	LTR/ERVL	1169	-	83	124204721	38147
chr9	124166574	124366574	harbor2	chr9	124205430	124206217	LTR/ERVL	1012	-	394	124205824	39250
chr9	124166574	124366574	harbor2	chr9	124206218	124206683	LTR/ERVL	1439	-	232	124206450	39876
chr9	124166574	124366574	harbor2	chr9	124214548	124214707	LTR/ERVL	476	-	80	124214628	48054
chr9	124166574	124366574	harbor2	chr9	124219483	124219614	LTR/ERVL	496	-	66	124219549	52975
chr9	86412780	86612780	harbor2	chr9	86469494	86470220	LTR/ERVL	4470	-	363	86469857	57077
chr9	101131497	101331497	harbor2	chr9	101158420	101158875	LTR/ERVL	1273	-	228	101158648	27151
chr9	101131497	101331497	harbor2	chr9	101202530	101202968	LTR/ERVL	920	-	219	101202749	71252
chr9	126275475	126475475	harbor2	chr9	126348902	126349426	LTR/ERVL	1702	-	262	126349164	73689
chr9	79981518	80181518	harbor2	chr9	79987733	79988279	LTR/ERVL	3037	-	273	79988006	6488
chr9	79981518	80181518	harbor2	chr9	80009079	80009140	LTR/ERVL	1435	-	30	80009109	27591
chr9	79981518	80181518	harbor2	chr9	80009174	80009549	LTR/ERVL	1569	-	188	80009362	27844
chr9	79981518	80181518	harbor2	chr9	80025056	80025495	LTR/ERVL	3156	-	220	80025276	43758
chr9	79981518	80181518	harbor2	chr9	80077623	80077958	LTR/ERVL	921	-	168	80077791	96273
chr9	136664701	136864701	harbor2	chr9	136721038	136721550	LTR/ERVL	1668	-	256	136721294	56593
chr9	71124876	71324876	harbor2	chr9	71142303	71142440	LTR/ERVL	545	-	68	71142371	17495
chr9	84999112	85199112	harbor2	chr9	85030290	85030464	LTR/ERVL	575	-	87	85030377	31265
chr9	84999112	85199112	harbor2	chr9	85030529	85030825	LTR/ERVL	646	-	148	85030677	31565
chr9	84999112	85199112	harbor2	chr9	85044678	85045117	LTR/ERVL	1433	-	220	85044898	45786
chr9	84999112	85199112	harbor2	chr9	85045728	85045934	LTR/ERVL	797	-	103	85045831	46719
chr9	84999112	85199112	harbor2	chr9	85049643	85049711	LTR/ERVL	702	-	34	85049677	50565
chr9	84999112	85199112	harbor2	chr9	85049997	85050156	LTR/ERVL	702	-	80	85050077	50965
chr9	84999112	85199112	harbor2	chr9	85051690	85052088	LTR/ERVL	845	-	199	85051889	52777
chr9	84999112	85199112	harbor2	chr9	85093122	85093723	LTR/ERVL	2264	-	300	85093422	94310
chr9	127315677	127515677	harbor2	chr9	127411645	127411756	LTR/ERVL	1734	-	56	127411701	96024
chr9	127315677	127515677	harbor2	chr9	127412061	127412430	LTR/ERVL	1734	-	184	127412245	96568
chr9	138195282	138395282	harbor2	chr9	138210107	138210538	LTR/ERVL	1794	-	216	138210323	15041
chr9	138195282	138395282	harbor2	chr9	138263447	138263746	LTR/ERVL	3619	-	150	138263597	68315
chr9	138195282	138395282	harbor2	chr9	138264053	138264362	LTR/ERVL	3619	-	154	138264207	68925
chr9	138195282	138395282	harbor2	chr9	138264657	138264915	LTR/ERVL	3619	-	129	138264786	69504
chr9	138195282	138395282	harbor2	chr9	138275170	138275470	LTR/ERVL	3603	-	150	138275320	80038
chr9	138195282	138395282	harbor2	chr9	138275774	138275843	LTR/ERVL	3603	-	34	138275808	80526
chr9	138195282	138395282	harbor2	chr9	138276151	138276656	LTR/ERVL	3603	-	252	138276403	81121
chr9	70361464	70561464	harbor2	chr9	70426073	70426222	LTR/ERVL	1095	-	74	70426147	64683
chr9	70361464	70561464	harbor2	chr9	70426476	70426774	LTR/ERVL	1095	-	149	70426625	65161
chr9	70361464	70561464	harbor2	chr9	70460843	70461096	LTR/ERVL	1352	-	126	70460969	99505
chr9	106990723	107190723	harbor2	chr9	107060161	107060533	LTR/ERVL	1261	-	186	107060347	69624
chr9	117466202	117666202	harbor2	chr9	117468985	117469052	LTR/ERVL	1790	-	34	117469019	2817
chr9	117466202	117666202	harbor2	chr9	117469327	117469388	LTR/ERVL	1790	-	30	117469357	3155
chr9	117466202	117666202	harbor2	chr9	117469442	117469837	LTR/ERVL	1790	-	198	117469640	3438
chr9	117466202	117666202	harbor2	chr9	117556163	117556589	LTR/ERVL	1163	-	213	117556376	90174
chr9	117466202	117666202	harbor2	chr9	117561637	117562016	LTR/ERVL	731	-	190	117561827	95625
chr9	136788307	136988307	harbor2	chr9	136807190	136807501	LTR/ERVL	445	-	156	136807346	19039
chr9	136788307	136988307	harbor2	chr9	136829847	136829986	LTR/ERVL	418	-	70	136829917	41610
chr9	120524058	120724058	harbor2	chr9	120594177	120594451	LTR/ERVL	439	-	137	120594314	70256
chr9	120524058	120724058	harbor2	chr9	120594757	120594784	LTR/ERVL	439	-	14	120594771	70713
chr9	138260083	138460083	harbor2	chr9	138263447	138263746	LTR/ERVL	3619	-	150	138263597	3514
chr9	138260083	138460083	harbor2	chr9	138264053	138264362	LTR/ERVL	3619	-	154	138264207	4124
chr9	138260083	138460083	harbor2	chr9	138264657	138264915	LTR/ERVL	3619	-	129	138264786	4703
chr9	138260083	138460083	harbor2	chr9	138275170	138275470	LTR/ERVL	3603	-	150	138275320	15237
chr9	138260083	138460083	harbor2	chr9	138275774	138275843	LTR/ERVL	3603	-	34	138275808	15725
chr9	138260083	138460083	harbor2	chr9	138276151	138276656	LTR/ERVL	3603	-	252	138276403	16320
chr9	138260083	138460083	harbor2	chr9	138334315	138334435	LTR/ERVL	400	-	60	138334375	74292
chr9	76395034	76595034	harbor2	chr9	76424255	76424491	LTR/ERVL	1157	-	118	76424373	29339
chr9	76395034	76595034	harbor2	chr9	76432135	76432188	LTR/ERVL	2163	-	26	76432161	37127
chr9	76395034	76595034	harbor2	chr9	76444706	76444880	LTR/ERVL	516	-	87	76444793	49759
chr9	76395034	76595034	harbor2	chr9	76470841	76471168	LTR/ERVL	433	-	164	76471005	75971
chr9	76395034	76595034	harbor2	chr9	76481695	76482198	LTR/ERVL	2091	-	252	76481947	86913
chr9	76395034	76595034	harbor2	chr9	76431183	76431827	LTR/ERVL	2163	-	322	76431505	36471
chr9	94223353	94423353	harbor2	chr9	94255977	94256374	LTR/ERVL	2091	-	198	94256175	32822
chr9	138223654	138423654	harbor2	chr9	138263447	138263746	LTR/ERVL	3619	-	150	138263597	39943
chr9	138223654	138423654	harbor2	chr9	138264053	138264362	LTR/ERVL	3619	-	154	138264207	40553
chr9	138223654	138423654	harbor2	chr9	138264657	138264915	LTR/ERVL	3619	-	129	138264786	41132
chr9	138223654	138423654	harbor2	chr9	138275170	138275470	LTR/ERVL	3603	-	150	138275320	51666
chr9	138223654	138423654	harbor2	chr9	138275774	138275843	LTR/ERVL	3603	-	34	138275808	52154
chr9	138223654	138423654	harbor2	chr9	138276151	138276656	LTR/ERVL	3603	-	252	138276403	52749
chr9	128762246	128962246	harbor2	chr9	128778865	128779037	LTR/ERVL	722	-	86	128778951	16705
chr9	128762246	128962246	harbor2	chr9	128781339	128781445	LTR/ERVL	637	-	53	128781392	19146
chr9	128762246	128962246	harbor2	chr9	128781948	128782130	LTR/ERVL	637	-	91	128782039	19793
chr9	128762246	128962246	harbor2	chr9	128782177	128782271	LTR/ERVL	547	-	47	128782224	19978
chr9	128762246	128962246	harbor2	chr9	128859918	128860360	LTR/ERVL	1832	-	221	128860139	97893
chr9	134964344	135164344	harbor2	chr9	135018796	135019075	LTR/ERVL	616	-	140	135018936	54592
chr9	109663871	109863871	harbor2	chr9	109689563	109690004	LTR/ERVL	829	-	220	109689783	25912
chr9	109663871	109863871	harbor2	chr9	109730787	109731181	LTR/ERVL	1211	-	197	109730984	67113
chr9	116776244	116976244	harbor2	chr9	116848655	116849504	LTR/ERVL	4542	-	424	116849079	72835
chr9	116776244	116976244	harbor2	chr9	116865098	116865188	LTR/ERVL	781	-	45	116865143	88899
chr9	116776244	116976244	harbor2	chr9	116865444	116865752	LTR/ERVL	781	-	154	116865598	89354
chr10	82387658	82587658	harbor2	chr10	82394716	82394881	LTR/ERVL	473	-	82	82394798	7140
chr10	82387658	82587658	harbor2	chr10	82414686	82415103	LTR/ERVL	1673	-	208	82414894	27236
chr10	120263406	120463406	harbor2	chr10	120263138	120263575	LTR/ERVL	939	-	218	120263356	50
chr10	120263406	120463406	harbor2	chr10	120324472	120324809	LTR/ERVL	1087	-	168	120324640	61234
chr10	120263406	120463406	harbor2	chr10	120323854	120324163	LTR/ERVL	1087	-	154	120324008	60602
chr10	127080771	127280771	harbor2	chr10	127113797	127114017	LTR/ERVL	1154	-	110	127113907	33136
chr10	123683661	123883661	harbor2	chr10	123709461	123709821	LTR/ERVL	1930	-	180	123709641	25980
chr10	123683661	123883661	harbor2	chr10	123711947	123712489	LTR/ERVL	2978	-	271	123712218	28557
chr10	123683661	123883661	harbor2	chr10	123731972	123732361	LTR/ERVL	1845	-	194	123732166	48505
chr10	123683661	123883661	harbor2	chr10	123732423	123732779	LTR/ERVL	786	-	178	123732601	48940
chr10	107628214	107828214	harbor2	chr10	107641451	107642424	LTR/ERVL	2246	-	486	107641937	13723
chr10	107628214	107828214	harbor2	chr10	107643536	107645606	LTR/ERVL	2311	-	1035	107644571	16357
chr10	107628214	107828214	harbor2	chr10	107645630	107646018	LTR/ERVL	972	-	194	107645824	17610
chr10	107628214	107828214	harbor2	chr10	107648517	107648893	LTR/ERVL	830	-	188	107648705	20491
chr10	107628214	107828214	harbor2	chr10	107668504	107668924	LTR/ERVL	1204	-	210	107668714	40500
chr10	107628214	107828214	harbor2	chr10	107642605	107643383	LTR/ERVL	2019	-	389	107642994	14780
chr10	117552498	117752498	harbor2	chr10	117572049	117572355	LTR/ERVL	1225	-	153	117572202	19704
chr10	117552498	117752498	harbor2	chr10	117578329	117578755	LTR/ERVL	1114	-	213	117578542	26044
chr10	117552498	117752498	harbor2	chr10	117590627	117591176	LTR/ERVL	2007	-	274	117590901	38403
chr10	117552498	117752498	harbor2	chr10	117595446	117595675	LTR/ERVL	688	-	114	117595560	43062
chr10	117552498	117752498	harbor2	chr10	117629634	117630164	LTR/ERVL	2590	-	265	117629899	77401
chr10	117552498	117752498	harbor2	chr10	117634533	117634844	LTR/ERVL	860	-	156	117634689	82191
chr10	123323055	123523055	harbor2	chr10	123376374	123376796	LTR/ERVL	490	-	211	123376585	53530
chr10	80510470	80710470	harbor2	chr10	80554392	80554727	LTR/ERVL	1794	-	168	80554560	44090
chr10	80510470	80710470	harbor2	chr10	80555028	80555107	LTR/ERVL	1794	-	40	80555068	44598
chr10	80510470	80710470	harbor2	chr10	80568178	80568563	LTR/ERVL	867	-	192	80568370	57900
chr10	80510470	80710470	harbor2	chr10	80589961	80590501	LTR/ERVL	2526	-	270	80590231	79761
chr10	132958917	133158917	harbor2	chr10	133001951	133002053	LTR/ERVL	1186	-	51	133002002	43085
chr10	132958917	133158917	harbor2	chr10	133002348	133002620	LTR/ERVL	1186	-	136	133002484	43567
chr10	132958917	133158917	harbor2	chr10	133003478	133003548	LTR/ERVL	1186	-	35	133003513	44596
chr10	106547378	106747378	harbor2	chr10	106550488	106551037	LTR/ERVL	2044	-	274	106550762	3384
chr10	106547378	106747378	harbor2	chr10	106555240	106555565	LTR/ERVL	1249	-	162	106555402	8024
chr10	106547378	106747378	harbor2	chr10	106608683	106608957	LTR/ERVL	1087	-	137	106608820	61442
chr10	106547378	106747378	harbor2	chr10	106613210	106613641	LTR/ERVL	1170	-	216	106613426	66048
chr10	132956164	133156164	harbor2	chr10	133001951	133002053	LTR/ERVL	1186	-	51	133002002	45838
chr10	132956164	133156164	harbor2	chr10	133002348	133002620	LTR/ERVL	1186	-	136	133002484	46320
chr10	132956164	133156164	harbor2	chr10	133003478	133003548	LTR/ERVL	1186	-	35	133003513	47349
chr10	73977799	74177799	harbor2	chr10	73979742	73979864	LTR/ERVL	570	-	61	73979803	2004
chr10	73977799	74177799	harbor2	chr10	74063838	74064338	LTR/ERVL	1930	-	250	74064088	86289
chr10	73977799	74177799	harbor2	chr10	74064311	74064411	LTR/ERVL	630	-	50	74064361	86562
chr10	132868375	133068375	harbor2	chr10	132944132	132944562	LTR/ERVL	677	-	215	132944347	75972
chr10	103635085	103835085	harbor2	chr10	103690323	103690753	LTR/ERVL	2058	-	215	103690538	55453
chr10	102366329	102566329	harbor2	chr10	102442162	102442323	LTR/ERVL	2672	-	80	102442242	75913
chr10	102366329	102566329	harbor2	chr10	102442633	102442976	LTR/ERVL	2672	-	172	102442805	76476
chr10	97943130	98143130	harbor2	chr10	97947572	97947736	LTR/ERVL	861	-	82	97947654	4524
chr10	97943130	98143130	harbor2	chr10	97959163	97959327	LTR/ERVL	2932	-	82	97959245	16115
chr10	97943130	98143130	harbor2	chr10	97971844	97972568	LTR/ERVL	4053	-	362	97972206	29076
chr10	97943130	98143130	harbor2	chr10	97983465	97984206	LTR/ERVL	1637	-	370	97983835	40705
chr10	97943130	98143130	harbor2	chr10	97959854	97960201	LTR/ERVL	2932	-	174	97960028	16898
chr10	51876603	52076603	harbor2	chr10	51927582	51927718	LTR/ERVL	532	-	68	51927650	51047
chr10	131961234	132161234	harbor2	chr10	131976263	131976569	LTR/ERVL	695	-	153	131976416	15182
chr10	131961234	132161234	harbor2	chr10	132057056	132057367	LTR/ERVL	489	-	156	132057212	95978
chr10	48972285	49172285	harbor2	chr10	48990934	48991348	LTR/ERVL	2779	-	207	48991141	18856
chr10	48972285	49172285	harbor2	chr10	48991349	48995915	LTR/ERVL	42494	-	2283	48993632	21347
chr10	48972285	49172285	harbor2	chr10	48996227	48997294	LTR/ERVL	42494	-	534	48996761	24476
chr10	48972285	49172285	harbor2	chr10	48997302	48997769	LTR/ERVL	2754	-	234	48997536	25251
chr10	48972285	49172285	harbor2	chr10	49068684	49068842	LTR/ERVL	553	-	79	49068763	96478
chr10	54670085	54870085	harbor2	chr10	54736744	54737286	LTR/ERVL	492	-	271	54737015	66930
chr10	54670085	54870085	harbor2	chr10	54746706	54746882	LTR/ERVL	853	-	88	54746794	76709
chr10	54670085	54870085	harbor2	chr10	54747036	54747326	LTR/ERVL	1120	-	145	54747181	77096
chr10	127076241	127276241	harbor2	chr10	127113797	127114017	LTR/ERVL	1154	-	110	127113907	37666
chr10	132846357	133046357	harbor2	chr10	132944132	132944562	LTR/ERVL	677	-	215	132944347	97990
chr10	129017222	129217222	harbor2	chr10	129109868	129110205	LTR/ERVL	1247	-	168	129110036	92814
chr10	95842479	96042479	harbor2	chr10	95936131	95936457	LTR/ERVL	877	-	163	95936294	93815
chr10	94359759	94559759	harbor2	chr10	94367733	94367816	LTR/ERVL	2378	-	42	94367775	8016
chr10	94359759	94559759	harbor2	chr10	94368119	94368482	LTR/ERVL	2378	-	182	94368301	8542
chr10	94359759	94559759	harbor2	chr10	94424741	94425105	LTR/ERVL	1782	-	182	94424923	65164
chr10	94359759	94559759	harbor2	chr10	94439409	94439793	LTR/ERVL	839	-	192	94439601	79842
chr10	93703293	93903293	harbor2	chr10	93801775	93802197	LTR/ERVL	1412	-	211	93801986	98693
chr10	93703293	93903293	harbor2	chr10	93802498	93802789	LTR/ERVL	856	-	146	93802644	99351
chr10	46675917	46875917	harbor2	chr10	46724714	46724998	LTR/ERVL	431	-	142	46724856	48939
chr10	46675917	46875917	harbor2	chr10	46746158	46746680	LTR/ERVL	2658	-	261	46746419	70502
chr10	46675917	46875917	harbor2	chr10	46694298	46694761	LTR/ERVL	1911	-	232	46694530	18613
chr10	117107575	117307575	harbor2	chr10	117127547	117127862	LTR/ERVL	1007	-	158	117127705	20130
chr10	117107575	117307575	harbor2	chr10	117170876	117171764	LTR/ERVL	2608	-	444	117171320	63745
chr10	117107575	117307575	harbor2	chr10	117182440	117182999	LTR/ERVL	2590	-	280	117182720	75145
chr10	117107575	117307575	harbor2	chr10	117195716	117196105	LTR/ERVL	849	-	194	117195910	88335
chr10	36389931	36589931	harbor2	chr10	36410903	36410994	LTR/ERVL	652	-	46	36410949	21018
chr10	36389931	36589931	harbor2	chr10	36411410	36411943	LTR/ERVL	801	-	266	36411676	21745
chr10	36389931	36589931	harbor2	chr10	36412083	36412387	LTR/ERVL	458	-	152	36412235	22304
chr10	36389931	36589931	harbor2	chr10	36467706	36467837	LTR/ERVL	546	-	66	36467772	77841
chr10	93744844	93944844	harbor2	chr10	93801775	93802197	LTR/ERVL	1412	-	211	93801986	57142
chr10	93744844	93944844	harbor2	chr10	93802498	93802789	LTR/ERVL	856	-	146	93802644	57800
chr10	93744844	93944844	harbor2	chr10	93826388	93826696	LTR/ERVL	741	-	154	93826542	81698
chr10	93744844	93944844	harbor2	chr10	93839707	93840210	LTR/ERVL	2569	-	252	93839959	95115
chr10	71086628	71286628	harbor2	chr10	71090662	71091091	LTR/ERVL	1045	-	214	71090876	4248
chr10	71086628	71286628	harbor2	chr10	71108417	71108693	LTR/ERVL	1387	-	138	71108555	21927
chr10	71086628	71286628	harbor2	chr10	71141729	71142314	LTR/ERVL	917	-	292	71142021	55393
chr10	71086628	71286628	harbor2	chr10	71142435	71142975	LTR/ERVL	1042	-	270	71142705	56077
chr10	71086628	71286628	harbor2	chr10	71143172	71143479	LTR/ERVL	441	-	154	71143326	56698
chr10	71086628	71286628	harbor2	chr10	71167241	71167363	LTR/ERVL	467	-	61	71167302	80674
chr10	112408909	112608909	harbor2	chr10	112423501	112423844	LTR/ERVL	597	-	172	112423673	14764
chr10	112408909	112608909	harbor2	chr10	112423978	112424285	LTR/ERVL	597	-	154	112424132	15223
chr10	112408909	112608909	harbor2	chr10	112460943	112461430	LTR/ERVL	1060	-	244	112461187	52278
chr10	107029040	107229040	harbor2	chr10	107071728	107071960	LTR/ERVL	850	-	116	107071844	42804
chr10	107029040	107229040	harbor2	chr10	107072037	107072327	LTR/ERVL	879	-	145	107072182	43142
chr10	107029040	107229040	harbor2	chr10	107105320	107105864	LTR/ERVL	2054	-	272	107105592	76552
chr10	90550312	90750312	harbor2	chr10	90555125	90555555	LTR/ERVL	1048	-	215	90555340	5028
chr10	90550312	90750312	harbor2	chr10	90575699	90576089	LTR/ERVL	860	-	195	90575894	25582
chr10	90550312	90750312	harbor2	chr10	90604944	90604983	LTR/ERVL	2049	-	20	90604964	54652
chr10	90550312	90750312	harbor2	chr10	90605043	90605416	LTR/ERVL	2049	-	186	90605229	54917
chr10	90550312	90750312	harbor2	chr10	90605417	90611050	LTR/ERVL	44021	-	2816	90608233	57921
chr10	90550312	90750312	harbor2	chr10	90611057	90611478	LTR/ERVL	3096	-	210	90611267	60955
chr10	90550312	90750312	harbor2	chr10	90628669	90629133	LTR/ERVL	2339	-	232	90628901	78589
chr10	90550312	90750312	harbor2	chr10	90632626	90633172	LTR/ERVL	1936	-	273	90632899	82587
chr10	85316891	85516891	harbor2	chr10	85363802	85364415	LTR/ERVL	1419	-	306	85364108	47217
chr10	85316891	85516891	harbor2	chr10	85401374	85401536	LTR/ERVL	666	-	81	85401455	84564
chr10	85316891	85516891	harbor2	chr10	85401551	85401663	LTR/ERVL	413	-	56	85401607	84716
chr10	92875019	93075019	harbor2	chr10	92882796	92883154	LTR/ERVL	871	-	179	92882975	7956
chr10	92875019	93075019	harbor2	chr10	92884263	92884341	LTR/ERVL	415	-	39	92884302	9283
chr10	92875019	93075019	harbor2	chr10	92892116	92892674	LTR/ERVL	2206	-	279	92892395	17376
chr10	70548916	70748916	harbor2	chr10	70592473	70592882	LTR/ERVL	1375	-	204	70592677	43761
chr10	70548916	70748916	harbor2	chr10	70633998	70634411	LTR/ERVL	1106	-	206	70634204	85288
chr10	113662521	113862521	harbor2	chr10	113666206	113666495	LTR/ERVL	559	-	144	113666350	3829
chr10	113662521	113862521	harbor2	chr10	113667241	113667702	LTR/ERVL	970	-	230	113667471	4950
chr10	113662521	113862521	harbor2	chr10	113668320	113668896	LTR/ERVL	2304	-	288	113668608	6087
chr10	113662521	113862521	harbor2	chr10	113669750	113669804	LTR/ERVL	795	-	27	113669777	7256
chr10	113662521	113862521	harbor2	chr10	113670129	113670225	LTR/ERVL	795	-	48	113670177	7656
chr10	113662521	113862521	harbor2	chr10	113670740	113671054	LTR/ERVL	943	-	157	113670897	8376
chr10	113662521	113862521	harbor2	chr10	113730072	113730528	LTR/ERVL	1183	-	228	113730300	67779
chr10	122234087	122434087	harbor2	chr10	122265574	122266130	LTR/ERVL	2883	-	278	122265852	31765
chr10	88792895	88992895	harbor2	chr10	88805754	88806148	LTR/ERVL	1271	-	197	88805951	13056
chr10	88792895	88992895	harbor2	chr10	88815915	88816316	LTR/ERVL	1498	-	200	88816115	23220
chr10	88792895	88992895	harbor2	chr10	88866157	88866594	LTR/ERVL	1599	-	218	88866375	73480
chr10	88792895	88992895	harbor2	chr10	88867986	88868026	LTR/ERVL	2849	-	20	88868006	75111
chr10	88792895	88992895	harbor2	chr10	88868057	88868444	LTR/ERVL	2849	-	194	88868251	75356
chr10	71399093	71599093	harbor2	chr10	71486756	71487014	LTR/ERVL	705	-	129	71486885	87792
chr10	62683146	62883146	harbor2	chr10	62687783	62688113	LTR/ERVL	911	-	165	62687948	4802
chr10	62683146	62883146	harbor2	chr10	62688147	62688238	LTR/ERVL	444	-	46	62688193	5047
chr10	62683146	62883146	harbor2	chr10	62688526	62688621	LTR/ERVL	444	-	48	62688574	5428
chr10	62683146	62883146	harbor2	chr10	62723265	62723745	LTR/ERVL	1383	-	240	62723505	40359
chr10	62683146	62883146	harbor2	chr10	62736243	62736706	LTR/ERVL	1258	-	232	62736475	53329
chr10	62683146	62883146	harbor2	chr10	62738222	62738527	LTR/ERVL	857	-	152	62738374	55228
chr10	62683146	62883146	harbor2	chr10	62745073	62745466	LTR/ERVL	1110	-	196	62745269	62123
chr10	119935140	120135140	harbor2	chr10	119955699	119956118	LTR/ERVL	1351	-	210	119955909	20769
chr10	119935140	120135140	harbor2	chr10	119975628	119975875	LTR/ERVL	1331	-	124	119975752	40612
chr10	119935140	120135140	harbor2	chr10	120001590	120002075	LTR/ERVL	2839	-	242	120001832	66692
chr10	119935140	120135140	harbor2	chr10	120003833	120004315	LTR/ERVL	2867	-	241	120004074	68934
chr10	101368209	101568209	harbor2	chr10	101432550	101433162	LTR/ERVL	1664	-	306	101432856	64647
chr10	61703519	61903519	harbor2	chr10	61721506	61721771	LTR/ERVL	609	-	132	61721638	18119
chr10	61703519	61903519	harbor2	chr10	61721772	61722001	LTR/ERVL	485	-	114	61721886	18367
chr10	61703519	61903519	harbor2	chr10	61722003	61722140	LTR/ERVL	580	-	68	61722071	18552
chr10	116487021	116687021	harbor2	chr10	116524568	116524882	LTR/ERVL	594	-	157	116524725	37704
chr10	111929341	112129341	harbor2	chr10	111999143	111999611	LTR/ERVL	1444	-	234	111999377	70036
chr10	111929341	112129341	harbor2	chr10	111999864	111999999	LTR/ERVL	505	-	68	111999932	70591
chr10	111929341	112129341	harbor2	chr10	112000001	112000371	LTR/ERVL	921	-	185	112000186	70845
chr10	111929341	112129341	harbor2	chr10	112012273	112013043	LTR/ERVL	4911	-	385	112012658	83317
chr10	133505207	133705207	harbor2	chr10	133539611	133539770	LTR/ERVL	1213	-	80	133539691	34484
chr10	133505207	133705207	harbor2	chr10	133544234	133544483	LTR/ERVL	785	-	124	133544358	39151
chr10	133505207	133705207	harbor2	chr10	133544946	133545757	LTR/ERVL	3477	-	406	133545352	40145
chr10	133505207	133705207	harbor2	chr10	133551810	133552151	LTR/ERVL	1558	-	170	133551980	46773
chr10	133505207	133705207	harbor2	chr10	133573960	133574082	LTR/ERVL	566	-	61	133574021	68814
chr10	51274934	51474934	harbor2	chr10	51308646	51309230	LTR/ERVL	1022	-	292	51308938	34004
chr10	108044744	108244744	harbor2	chr10	108050691	108050945	LTR/ERVL	618	-	127	108050818	6074
chr10	108044744	108244744	harbor2	chr10	108083765	108083970	LTR/ERVL	545	-	102	108083867	39123
chr10	108044744	108244744	harbor2	chr10	108084710	108084950	LTR/ERVL	467	-	120	108084830	40086
chr10	108044744	108244744	harbor2	chr10	108128767	108128827	LTR/ERVL	463	-	30	108128797	84053
chr10	108044744	108244744	harbor2	chr10	108136396	108137090	LTR/ERVL	833	-	347	108136743	91999
chr10	108044744	108244744	harbor2	chr10	108137160	108137531	LTR/ERVL	708	-	186	108137346	92602
chr10	124058875	124258875	harbor2	chr10	124100421	124100753	LTR/ERVL	1287	-	166	124100587	41712
chr10	124058875	124258875	harbor2	chr10	124101132	124101223	LTR/ERVL	1287	-	46	124101178	42303
chr10	124058875	124258875	harbor2	chr10	124104019	124104892	LTR/ERVL	4982	-	436	124104455	45580
chr10	124058875	124258875	harbor2	chr10	124139408	124139921	LTR/ERVL	1252	-	256	124139664	80789
chr10	102901169	103101169	harbor2	chr10	102994611	102994982	LTR/ERVL	581	-	186	102994797	93628
chr10	106143184	106343184	harbor2	chr10	106209125	106209267	LTR/ERVL	429	-	71	106209196	66012
chr10	106143184	106343184	harbor2	chr10	106209599	106210582	LTR/ERVL	1233	-	492	106210091	66907
chr10	106143184	106343184	harbor2	chr10	106211158	106211349	LTR/ERVL	531	-	96	106211254	68070
chr10	106143184	106343184	harbor2	chr10	106184638	106185149	LTR/ERVL	1090	-	256	106184894	41710
chr10	80861833	81061833	harbor2	chr10	80945054	80945584	LTR/ERVL	1006	-	265	80945319	83486
chr10	121155520	121355520	harbor2	chr10	121155724	121156182	LTR/ERVL	741	-	229	121155953	433
chr10	121155520	121355520	harbor2	chr10	121213285	121213606	LTR/ERVL	1081	-	160	121213445	57925
chr10	87278880	87478880	harbor2	chr10	87311432	87311813	LTR/ERVL	1074	-	190	87311622	32742
chr10	73935508	74135508	harbor2	chr10	73959640	73960269	LTR/ERVL	1819	-	314	73959954	24446
chr10	73935508	74135508	harbor2	chr10	73979742	73979864	LTR/ERVL	570	-	61	73979803	44295
chr10	105268978	105468978	harbor2	chr10	105315913	105316224	LTR/ERVL	682	-	156	105316069	47091
chr10	105268978	105468978	harbor2	chr10	105357125	105357449	LTR/ERVL	2071	-	162	105357287	88309
chr10	105268978	105468978	harbor2	chr10	105357747	105357855	LTR/ERVL	2071	-	54	105357801	88823
chr10	109564190	109764190	harbor2	chr10	109644465	109644674	LTR/ERVL	404	-	104	109644569	80379
chr10	109564190	109764190	harbor2	chr10	109644728	109644969	LTR/ERVL	583	-	120	109644848	80658
chr10	116809507	117009507	harbor2	chr10	116888350	116888923	LTR/ERVL	1262	-	286	116888636	79129
chr10	131914451	132114451	harbor2	chr10	131949242	131949385	LTR/ERVL	676	-	72	131949314	34863
chr10	131914451	132114451	harbor2	chr10	131976263	131976569	LTR/ERVL	695	-	153	131976416	61965
chr10	94435153	94635153	harbor2	chr10	94439409	94439793	LTR/ERVL	839	-	192	94439601	4448
chr10	94435153	94635153	harbor2	chr10	94479069	94479269	LTR/ERVL	402	-	100	94479169	44016
chr10	94435153	94635153	harbor2	chr10	94479974	94480644	LTR/ERVL	4372	-	335	94480309	45156
chr10	96788065	96988065	harbor2	chr10	96861381	96861531	LTR/ERVL	4084	-	75	96861456	73391
chr10	96788065	96988065	harbor2	chr10	96862566	96862836	LTR/ERVL	4084	-	135	96862701	74636
chr10	96788065	96988065	harbor2	chr10	96861832	96862267	LTR/ERVL	4084	-	218	96862050	73985
chr10	105917178	106117178	harbor2	chr10	105956153	105956501	LTR/ERVL	741	-	174	105956327	39149
chr10	105917178	106117178	harbor2	chr10	105956530	105956867	LTR/ERVL	705	-	168	105956698	39520
chr10	105917178	106117178	harbor2	chr10	105956945	105958786	LTR/ERVL	3643	-	920	105957865	40687
chr10	105917178	106117178	harbor2	chr10	105959143	105959343	LTR/ERVL	3643	-	100	105959243	42065
chr10	105917178	106117178	harbor2	chr10	105959342	105959418	LTR/ERVL	965	-	38	105959380	42202
chr10	105917178	106117178	harbor2	chr10	105959839	105960928	LTR/ERVL	1720	-	544	105960383	43205
chr10	105917178	106117178	harbor2	chr10	105961534	105961956	LTR/ERVL	1125	-	211	105961745	44567
chr10	105917178	106117178	harbor2	chr10	105984569	105985021	LTR/ERVL	960	-	226	105984795	67617
chr10	127281110	127481110	harbor2	chr10	127324657	127325259	LTR/ERVL	1458	-	301	127324958	43848
chr10	78359505	78559505	harbor2	chr10	78383710	78383975	LTR/ERVL	671	-	132	78383842	24337
chr10	78359505	78559505	harbor2	chr10	78384175	78384547	LTR/ERVL	1022	-	186	78384361	24856
chr10	78359505	78559505	harbor2	chr10	78392940	78393325	LTR/ERVL	913	-	192	78393132	33627
chr10	78359505	78559505	harbor2	chr10	78448462	78448922	LTR/ERVL	1384	-	230	78448692	89187
chr10	133351901	133551901	harbor2	chr10	133429200	133429320	LTR/ERVL	528	-	60	133429260	77359
chr10	80991778	81191778	harbor2	chr10	81012084	81012884	LTR/ERVL	3308	-	400	81012484	20706
chr10	80991778	81191778	harbor2	chr10	81065570	81066196	LTR/ERVL	1018	-	313	81065883	74105
chr10	114531574	114731574	harbor2	chr10	114593278	114593776	LTR/ERVL	2196	-	249	114593527	61953
chr10	122882476	123082476	harbor2	chr10	122928532	122928623	LTR/ERVL	627	-	46	122928578	46102
chr10	122882476	123082476	harbor2	chr10	122941340	122941784	LTR/ERVL	1332	-	222	122941562	59086
chr10	122882476	123082476	harbor2	chr10	122962489	122962932	LTR/ERVL	991	-	222	122962711	80235
chr10	108273291	108473291	harbor2	chr10	108363428	108364049	LTR/ERVL	1423	-	310	108363738	90447
chr10	122727500	122927500	harbor2	chr10	122748339	122748761	LTR/ERVL	1494	-	211	122748550	21050
chr10	94144607	94344607	harbor2	chr10	94156118	94156953	LTR/ERVL	3858	-	418	94156536	11929
chr11	115587420	115787420	harbor2	chr11	115618719	115618791	LTR/ERVL	410	-	36	115618755	31335
chr11	115587420	115787420	harbor2	chr11	115618942	115619357	LTR/ERVL	839	-	208	115619150	31730
chr11	105728734	105928734	harbor2	chr11	105732600	105732758	LTR/ERVL	622	-	79	105732679	3945
chr11	105728734	105928734	harbor2	chr11	105745684	105746030	LTR/ERVL	872	-	173	105745857	17123
chr11	105728734	105928734	harbor2	chr11	105753459	105754280	LTR/ERVL	3818	-	410	105753869	25135
chr11	105728734	105928734	harbor2	chr11	105824822	105825357	LTR/ERVL	2042	-	268	105825090	96356
chr11	105728734	105928734	harbor2	chr11	105825391	105825772	LTR/ERVL	1434	-	190	105825581	96847
chr11	105728734	105928734	harbor2	chr11	105825772	105826272	LTR/ERVL	1235	-	250	105826022	97288
chr11	105728734	105928734	harbor2	chr11	105826297	105826448	LTR/ERVL	791	-	76	105826373	97639
chr11	105728734	105928734	harbor2	chr11	105826522	105827063	LTR/ERVL	1597	-	270	105826792	98058
chr11	105728734	105928734	harbor2	chr11	105827097	105827156	LTR/ERVL	387	-	30	105827127	98393
chr11	121372315	121572315	harbor2	chr11	121413224	121413618	LTR/ERVL	1317	-	197	121413421	41106
chr11	121372315	121572315	harbor2	chr11	121434646	121435063	LTR/ERVL	921	-	208	121434854	62539
chr11	121372315	121572315	harbor2	chr11	121441975	121442352	LTR/ERVL	1882	-	188	121442163	69848
chr11	121372315	121572315	harbor2	chr11	121442978	121443387	LTR/ERVL	1882	-	204	121443182	70867
chr11	59814001	60014001	harbor2	chr11	59872492	59872762	LTR/ERVL	392	-	135	59872627	58626
chr11	131569515	131769515	harbor2	chr11	131596771	131597207	LTR/ERVL	3437	-	218	131596989	27474
chr11	106399700	106599700	harbor2	chr11	106426276	106426682	LTR/ERVL	1357	-	203	106426479	26779
chr11	95035374	95235374	harbor2	chr11	95045752	95045915	LTR/ERVL	411	-	82	95045834	10460
chr11	95035374	95235374	harbor2	chr11	95060452	95060561	LTR/ERVL	391	-	54	95060506	25132
chr11	95035374	95235374	harbor2	chr11	95072790	95073368	LTR/ERVL	1240	-	289	95073079	37705
chr11	95035374	95235374	harbor2	chr11	95105871	95106238	LTR/ERVL	562	-	184	95106055	70681
chr11	109933823	110133823	harbor2	chr11	109960436	109960956	LTR/ERVL	2455	-	260	109960696	26873
chr11	126051486	126251486	harbor2	chr11	126086170	126086631	LTR/ERVL	2156	-	230	126086400	34914
chr11	56496321	56696321	harbor2	chr11	56519295	56520794	LTR/ERVL	4221	-	750	56520045	23724
chr11	56496321	56696321	harbor2	chr11	56520809	56521230	LTR/ERVL	2065	-	210	56521019	24698
chr11	56496321	56696321	harbor2	chr11	56521231	56521291	LTR/ERVL	2382	-	30	56521261	24940
chr11	56496321	56696321	harbor2	chr11	56521319	56521802	LTR/ERVL	2382	-	242	56521561	25240
chr11	56496321	56696321	harbor2	chr11	56537073	56537563	LTR/ERVL	3041	-	245	56537318	40997
chr11	131088421	131288421	harbor2	chr11	131131490	131131891	LTR/ERVL	535	-	200	131131690	43269
chr11	131088421	131288421	harbor2	chr11	131176612	131177018	LTR/ERVL	689	-	203	131176815	88394
chr11	131088421	131288421	harbor2	chr11	131177433	131177797	LTR/ERVL	935	-	182	131177615	89194
chr11	121971062	122171062	harbor2	chr11	122029596	122030032	LTR/ERVL	1567	-	218	122029814	58752
chr11	121971062	122171062	harbor2	chr11	122033072	122033467	LTR/ERVL	1094	-	198	122033270	62208
chr11	132542821	132742821	harbor2	chr11	132620431	132621059	LTR/ERVL	1856	-	314	132620745	77924
chr11	132542821	132742821	harbor2	chr11	132633353	132633747	LTR/ERVL	631	-	197	132633550	90729
chr11	107535726	107735726	harbor2	chr11	107536433	107537083	LTR/ERVL	3068	-	325	107536758	1032
chr11	107535726	107735726	harbor2	chr11	107598123	107598546	LTR/ERVL	1679	-	212	107598335	62609
chr11	102565532	102765532	harbor2	chr11	102620813	102621350	LTR/ERVL	2525	-	268	102621081	55549
chr11	102565532	102765532	harbor2	chr11	102638378	102638573	LTR/ERVL	991	-	98	102638476	72944
chr11	102565532	102765532	harbor2	chr11	102638919	102639056	LTR/ERVL	991	-	68	102638987	73455
chr11	102565532	102765532	harbor2	chr11	102661872	102662432	LTR/ERVL	2482	-	280	102662152	96620
chr11	129616325	129816325	harbor2	chr11	129627388	129627499	LTR/ERVL	430	-	56	129627444	11119
chr11	129616325	129816325	harbor2	chr11	129627563	129627580	LTR/ERVL	4403	-	8	129627571	11246
chr11	129616325	129816325	harbor2	chr11	129629941	129630192	LTR/ERVL	4403	-	126	129630067	13742
chr11	129616325	129816325	harbor2	chr11	129630494	129631486	LTR/ERVL	4403	-	496	129630990	14665
chr11	129616325	129816325	harbor2	chr11	129631546	129632500	LTR/ERVL	4403	-	477	129632023	15698
chr11	129616325	129816325	harbor2	chr11	129632858	129633220	LTR/ERVL	4403	-	181	129633039	16714
chr11	129616325	129816325	harbor2	chr11	129633363	129633544	LTR/ERVL	4403	-	90	129633453	17128
chr11	129616325	129816325	harbor2	chr11	129638774	129638902	LTR/ERVL	398	-	64	129638838	22513
chr11	129616325	129816325	harbor2	chr11	129639063	129639274	LTR/ERVL	393	-	106	129639169	22844
chr11	91654982	91854982	harbor2	chr11	91743435	91743792	LTR/ERVL	560	-	178	91743613	88631
chr11	91654982	91854982	harbor2	chr11	91743810	91744024	LTR/ERVL	628	-	107	91743917	88935
chr11	91654982	91854982	harbor2	chr11	91744170	91745065	LTR/ERVL	1574	-	448	91744618	89636
chr11	106123776	106323776	harbor2	chr11	106135839	106136246	LTR/ERVL	999	-	204	106136043	12267
chr11	106123776	106323776	harbor2	chr11	106166703	106167054	LTR/ERVL	1263	-	176	106166879	43103
chr11	106123776	106323776	harbor2	chr11	106198572	106199138	LTR/ERVL	667	-	283	106198855	75079
chr11	106123776	106323776	harbor2	chr11	106199160	106199766	LTR/ERVL	1153	-	303	106199463	75687
chr11	106123776	106323776	harbor2	chr11	106207739	106208743	LTR/ERVL	3236	-	502	106208241	84465
chr11	106123776	106323776	harbor2	chr11	106211872	106212031	LTR/ERVL	402	-	80	106211952	88176
chr11	106123776	106323776	harbor2	chr11	106212223	106212432	LTR/ERVL	540	-	104	106212327	88551
chr11	126031673	126231673	harbor2	chr11	126086170	126086631	LTR/ERVL	2156	-	230	126086400	54727
chr11	110321497	110521497	harbor2	chr11	110349315	110349418	LTR/ERVL	386	-	52	110349367	27870
chr11	110321497	110521497	harbor2	chr11	110349667	110349916	LTR/ERVL	746	-	124	110349791	28294
chr11	110321497	110521497	harbor2	chr11	110353820	110353857	LTR/ERVL	2411	-	18	110353838	32341
chr11	110321497	110521497	harbor2	chr11	110353941	110354324	LTR/ERVL	2411	-	192	110354133	32636
chr11	133218066	133418066	harbor2	chr11	133243818	133244099	LTR/ERVL	512	-	140	133243958	25892
chr11	118530420	118730420	harbor2	chr11	118587559	118588480	LTR/ERVL	3743	-	460	118588019	57599
chr11	74498650	74698650	harbor2	chr11	74502477	74503144	LTR/ERVL	1629	-	334	74502811	4161
chr11	74498650	74698650	harbor2	chr11	74546483	74546982	LTR/ERVL	2754	-	250	74546733	48083
chr11	66306005	66506005	harbor2	chr11	66388325	66388465	LTR/ERVL	932	-	70	66388395	82390
chr11	66306005	66506005	harbor2	chr11	66388779	66388906	LTR/ERVL	932	-	64	66388843	82838
chr11	124337190	124537190	harbor2	chr11	124380470	124380939	LTR/ERVL	1359	-	234	124380704	43514
chr11	124337190	124537190	harbor2	chr11	124394318	124394789	LTR/ERVL	1297	-	236	124394554	57364
chr11	124337190	124537190	harbor2	chr11	124419704	124419753	LTR/ERVL	2573	-	24	124419728	82538
chr11	124337190	124537190	harbor2	chr11	124428422	124428854	LTR/ERVL	3283	-	216	124428638	91448
chr11	124337190	124537190	harbor2	chr11	124419788	124420275	LTR/ERVL	2573	-	244	124420032	82842
chr11	114899611	115099611	harbor2	chr11	114990297	114990756	LTR/ERVL	1074	-	230	114990527	90916
chr11	82529450	82729450	harbor2	chr11	82568834	82569284	LTR/ERVL	3407	-	225	82569059	39609
chr11	130353639	130553639	harbor2	chr11	130379064	130379520	LTR/ERVL	2287	-	228	130379292	25653
chr11	112454368	112654368	harbor2	chr11	112471337	112471771	LTR/ERVL	1244	-	217	112471554	17186
chr11	112454368	112654368	harbor2	chr11	112480061	112480383	LTR/ERVL	635	-	161	112480222	25854
chr11	112454368	112654368	harbor2	chr11	112480359	112480670	LTR/ERVL	645	-	156	112480515	26147
chr11	112454368	112654368	harbor2	chr11	112482563	112482987	LTR/ERVL	685	-	212	112482775	28407
chr11	112454368	112654368	harbor2	chr11	112495817	112496288	LTR/ERVL	2312	-	236	112496053	41685
chr11	112454368	112654368	harbor2	chr11	112542702	112542910	LTR/ERVL	643	-	104	112542806	88438
chr11	60266667	60466667	harbor2	chr11	60315920	60316388	LTR/ERVL	1847	-	234	60316154	49487
chr11	60266667	60466667	harbor2	chr11	60361568	60361902	LTR/ERVL	681	-	167	60361735	95068
chr11	89942535	90142535	harbor2	chr11	89961553	89962249	LTR/ERVL	806	-	348	89961901	19366
chr11	89942535	90142535	harbor2	chr11	90034089	90034327	LTR/ERVL	917	-	119	90034208	91673
chr11	55336962	55536962	harbor2	chr11	55353117	55353338	LTR/ERVL	480	-	110	55353227	16265
chr11	55336962	55536962	harbor2	chr11	55353912	55354542	LTR/ERVL	866	-	315	55354227	17265
chr11	55336962	55536962	harbor2	chr11	55354568	55355908	LTR/ERVL	1482	-	670	55355238	18276
chr11	55336962	55536962	harbor2	chr11	55380979	55381766	LTR/ERVL	1089	-	394	55381373	44411
chr11	55336962	55536962	harbor2	chr11	55418106	55418296	LTR/ERVL	383	-	95	55418201	81239
chr11	55336962	55536962	harbor2	chr11	55418529	55418941	LTR/ERVL	896	-	206	55418735	81773
chr11	130516266	130716266	harbor2	chr11	130559338	130559530	LTR/ERVL	629	-	96	130559434	43168
chr11	130516266	130716266	harbor2	chr11	130560080	130560101	LTR/ERVL	629	-	10	130560090	43824
chr11	130516266	130716266	harbor2	chr11	130560129	130560320	LTR/ERVL	629	-	96	130560225	43959
chr11	130516266	130716266	harbor2	chr11	130587438	130588330	LTR/ERVL	2465	-	446	130587884	71618
chr11	130516266	130716266	harbor2	chr11	130588525	130589065	LTR/ERVL	1868	-	270	130588795	72529
chr11	130516266	130716266	harbor2	chr11	130589453	130589798	LTR/ERVL	1868	-	172	130589625	73359
chr11	130516266	130716266	harbor2	chr11	130592499	130593714	LTR/ERVL	3116	-	608	130593107	76841
chr11	130516266	130716266	harbor2	chr11	130593726	130594082	LTR/ERVL	927	-	178	130593904	77638
chr11	117881882	118081882	harbor2	chr11	117957480	117958025	LTR/ERVL	2002	-	272	117957752	75870
chr11	73234538	73434538	harbor2	chr11	73277445	73277947	LTR/ERVL	2122	-	251	73277696	43158
chr11	73234538	73434538	harbor2	chr11	73287628	73287720	LTR/ERVL	438	-	46	73287674	53136
chr11	73234538	73434538	harbor2	chr11	73301068	73301226	LTR/ERVL	387	-	79	73301147	66609
chr11	103565830	103765830	harbor2	chr11	103570295	103570788	LTR/ERVL	2231	-	246	103570541	4711
chr11	103565830	103765830	harbor2	chr11	103570945	103571048	LTR/ERVL	375	-	52	103570997	5167
chr11	103565830	103765830	harbor2	chr11	103609253	103609780	LTR/ERVL	1091	-	264	103609517	43687
chr11	103565830	103765830	harbor2	chr11	103649290	103649716	LTR/ERVL	2409	-	213	103649503	83673
chr11	99147087	99347087	harbor2	chr11	99180055	99180685	LTR/ERVL	4043	-	315	99180370	33283
chr11	99147087	99347087	harbor2	chr11	99180687	99181361	LTR/ERVL	3767	-	337	99181024	33937
chr11	99147087	99347087	harbor2	chr11	99181363	99182058	LTR/ERVL	4713	-	348	99181711	34624
chr11	99147087	99347087	harbor2	chr11	99182039	99182182	LTR/ERVL	954	-	72	99182111	35024
chr11	121465489	121665489	harbor2	chr11	121500165	121500420	LTR/ERVL	714	-	128	121500293	34804
chr11	121465489	121665489	harbor2	chr11	121500674	121501060	LTR/ERVL	878	-	193	121500867	35378
chr11	133830240	134030240	harbor2	chr11	133891283	133891708	LTR/ERVL	914	-	212	133891495	61255
chr11	133830240	134030240	harbor2	chr11	133889979	133890973	LTR/ERVL	1353	-	497	133890476	60236
chr11	116593308	116793308	harbor2	chr11	116623025	116623565	LTR/ERVL	2183	-	270	116623295	29987
chr11	126495669	126695669	harbor2	chr11	126550743	126551471	LTR/ERVL	2589	-	364	126551107	55438
chr11	126495669	126695669	harbor2	chr11	126551526	126551652	LTR/ERVL	11601	-	63	126551589	55920
chr11	126495669	126695669	harbor2	chr11	126551946	126552550	LTR/ERVL	11601	-	302	126552248	56579
chr11	126495669	126695669	harbor2	chr11	126552863	126554396	LTR/ERVL	11601	-	766	126553629	57960
chr11	59250997	59450997	harbor2	chr11	59326464	59326715	LTR/ERVL	449	-	126	59326590	75593
chr11	115988127	116188127	harbor2	chr11	116000255	116001018	LTR/ERVL	2978	-	382	116000637	12510
chr11	81291438	81491438	harbor2	chr11	81330991	81331484	LTR/ERVL	1081	-	246	81331237	39799
chr11	81291438	81491438	harbor2	chr11	81388235	81388634	LTR/ERVL	2751	-	200	81388435	96997
chr11	68273088	68473088	harbor2	chr11	68277877	68277914	LTR/ERVL	2924	-	18	68277895	4807
chr11	68273088	68473088	harbor2	chr11	68278227	68278678	LTR/ERVL	2924	-	226	68278453	5365
chr11	68273088	68473088	harbor2	chr11	68278979	68279305	LTR/ERVL	2924	-	163	68279142	6054
chr11	134025000	134225000	harbor2	chr11	134054968	134055316	LTR/ERVL	731	-	174	134055142	30142
chr11	134025000	134225000	harbor2	chr11	134119457	134119782	LTR/ERVL	1407	-	162	134119619	94619
chr11	127026399	127226399	harbor2	chr11	127070163	127070301	LTR/ERVL	974	-	69	127070232	43833
chr11	127026399	127226399	harbor2	chr11	127070516	127070820	LTR/ERVL	1578	-	152	127070668	44269
chr11	127026399	127226399	harbor2	chr11	127102577	127103011	LTR/ERVL	1574	-	217	127102794	76395
chr11	44457288	44657288	harbor2	chr11	44460571	44461014	LTR/ERVL	1136	-	222	44460793	3505
chr11	44457288	44657288	harbor2	chr11	44486246	44486712	LTR/ERVL	943	-	233	44486479	29191
chr11	44457288	44657288	harbor2	chr11	44487193	44487330	LTR/ERVL	515	-	68	44487261	29973
chr11	44457288	44657288	harbor2	chr11	44525700	44526195	LTR/ERVL	1382	-	248	44525948	68660
chr11	131109189	131309189	harbor2	chr11	131131490	131131891	LTR/ERVL	535	-	200	131131690	22501
chr11	131109189	131309189	harbor2	chr11	131176612	131177018	LTR/ERVL	689	-	203	131176815	67626
chr11	131109189	131309189	harbor2	chr11	131177433	131177797	LTR/ERVL	935	-	182	131177615	68426
chr11	97400297	97600297	harbor2	chr11	97458554	97458803	LTR/ERVL	641	-	124	97458678	58381
chr11	97400297	97600297	harbor2	chr11	97462751	97462799	LTR/ERVL	1431	-	24	97462775	62478
chr11	97400297	97600297	harbor2	chr11	97465118	97465527	LTR/ERVL	1431	-	204	97465322	65025
chr11	105300891	105500891	harbor2	chr11	105353643	105354364	LTR/ERVL	1509	-	360	105354003	53112
chr11	134840767	135040767	harbor2	chr11	134842316	134842958	LTR/ERVL	944	-	321	134842637	1870
chr11	134840767	135040767	harbor2	chr11	134843183	134843486	LTR/ERVL	794	-	152	134843335	2568
chr11	134840767	135040767	harbor2	chr11	134871510	134872141	LTR/ERVL	1097	-	316	134871826	31059
chr11	134811151	135011151	harbor2	chr11	134824986	134825021	LTR/ERVL	2570	-	18	134825004	13853
chr11	134811151	135011151	harbor2	chr11	134825106	134825439	LTR/ERVL	2570	-	166	134825272	14121
chr11	134811151	135011151	harbor2	chr11	134825520	134825610	LTR/ERVL	739	-	45	134825565	14414
chr11	134811151	135011151	harbor2	chr11	134842316	134842958	LTR/ERVL	944	-	321	134842637	31486
chr11	134811151	135011151	harbor2	chr11	134843183	134843486	LTR/ERVL	794	-	152	134843335	32184
chr11	134811151	135011151	harbor2	chr11	134871510	134872141	LTR/ERVL	1097	-	316	134871826	60675
chr11	89793894	89993894	harbor2	chr11	89843616	89843749	LTR/ERVL	566	-	66	89843682	49788
chr11	89793894	89993894	harbor2	chr11	89843746	89843986	LTR/ERVL	1065	-	120	89843866	49972
chr11	89793894	89993894	harbor2	chr11	89853950	89854178	LTR/ERVL	1044	-	114	89854064	60170
chr11	84027708	84227708	harbor2	chr11	84110447	84110831	LTR/ERVL	703	-	192	84110639	82931
chr11	96982112	97182112	harbor2	chr11	96989582	96990013	LTR/ERVL	1926	-	216	96989798	7686
chr11	96982112	97182112	harbor2	chr11	97004699	97005604	LTR/ERVL	1397	-	452	97005151	23039
chr11	96982112	97182112	harbor2	chr11	97006060	97006339	LTR/ERVL	595	-	140	97006200	24088
chr11	96982112	97182112	harbor2	chr11	97007147	97007304	LTR/ERVL	367	-	78	97007225	25113
chr11	96982112	97182112	harbor2	chr11	97014956	97015709	LTR/ERVL	1831	-	376	97015332	33220
chr11	131765004	131965004	harbor2	chr11	131796164	131796675	LTR/ERVL	787	-	256	131796420	31416
chr11	131765004	131965004	harbor2	chr11	131860203	131860730	LTR/ERVL	2727	-	264	131860467	95463
chr11	101791681	101991681	harbor2	chr11	101795775	101795787	LTR/ERVL	653	-	6	101795781	4100
chr11	101791681	101991681	harbor2	chr11	101796088	101796263	LTR/ERVL	653	-	88	101796176	4495
chr11	101791681	101991681	harbor2	chr11	101796587	101796797	LTR/ERVL	1142	-	105	101796692	5011
chr11	101791681	101991681	harbor2	chr11	101797179	101797440	LTR/ERVL	1142	-	130	101797309	5628
chr11	101791681	101991681	harbor2	chr11	101797449	101798267	LTR/ERVL	1403	-	409	101797858	6177
chr11	101791681	101991681	harbor2	chr11	101798270	101798452	LTR/ERVL	380	-	91	101798361	6680
chr11	101791681	101991681	harbor2	chr11	101798956	101799147	LTR/ERVL	366	-	96	101799052	7371
chr11	101791681	101991681	harbor2	chr11	101800574	101801141	LTR/ERVL	609	-	284	101800858	9177
chr11	101791681	101991681	harbor2	chr11	101828685	101829106	LTR/ERVL	1675	-	210	101828895	37214
chr11	101791681	101991681	harbor2	chr11	101836062	101836317	LTR/ERVL	758	-	128	101836190	44509
chr11	101791681	101991681	harbor2	chr11	101839149	101839356	LTR/ERVL	412	-	104	101839253	47572
chr11	101791681	101991681	harbor2	chr11	101839410	101840877	LTR/ERVL	3613	-	734	101840144	48463
chr11	101791681	101991681	harbor2	chr11	101841026	101841574	LTR/ERVL	1454	-	274	101841300	49619
chr11	101791681	101991681	harbor2	chr11	101843585	101844136	LTR/ERVL	1030	-	276	101843861	52180
chr11	101791681	101991681	harbor2	chr11	101851282	101851516	LTR/ERVL	2300	-	117	101851399	59718
chr11	101791681	101991681	harbor2	chr11	101851867	101852479	LTR/ERVL	2300	-	306	101852173	60492
chr11	101791681	101991681	harbor2	chr11	101860532	101860946	LTR/ERVL	490	-	207	101860739	69058
chr11	101791681	101991681	harbor2	chr11	101873002	101873413	LTR/ERVL	1415	-	206	101873208	81527
chr11	101791681	101991681	harbor2	chr11	101858637	101860529	LTR/ERVL	3472	-	946	101859583	67902
chr11	131041936	131241936	harbor2	chr11	131072192	131072418	LTR/ERVL	566	-	113	131072305	30369
chr11	131041936	131241936	harbor2	chr11	131072396	131072560	LTR/ERVL	477	-	82	131072478	30542
chr11	131041936	131241936	harbor2	chr11	131073376	131074068	LTR/ERVL	729	-	346	131073722	31786
chr11	131041936	131241936	harbor2	chr11	131079207	131079767	LTR/ERVL	1649	-	280	131079487	37551
chr11	131041936	131241936	harbor2	chr11	131131490	131131891	LTR/ERVL	535	-	200	131131690	89754
chr11	134755098	134955098	harbor2	chr11	134791953	134792154	LTR/ERVL	480	-	100	134792053	36955
chr11	134755098	134955098	harbor2	chr11	134824986	134825021	LTR/ERVL	2570	-	18	134825004	69906
chr11	134755098	134955098	harbor2	chr11	134825106	134825439	LTR/ERVL	2570	-	166	134825272	70174
chr11	134755098	134955098	harbor2	chr11	134825520	134825610	LTR/ERVL	739	-	45	134825565	70467
chr11	134755098	134955098	harbor2	chr11	134842316	134842958	LTR/ERVL	944	-	321	134842637	87539
chr11	134755098	134955098	harbor2	chr11	134843183	134843486	LTR/ERVL	794	-	152	134843335	88237
chr11	130506283	130706283	harbor2	chr11	130511648	130512000	LTR/ERVL	1567	-	176	130511824	5541
chr11	130506283	130706283	harbor2	chr11	130559338	130559530	LTR/ERVL	629	-	96	130559434	53151
chr11	130506283	130706283	harbor2	chr11	130560080	130560101	LTR/ERVL	629	-	10	130560090	53807
chr11	130506283	130706283	harbor2	chr11	130560129	130560320	LTR/ERVL	629	-	96	130560225	53942
chr11	130506283	130706283	harbor2	chr11	130587438	130588330	LTR/ERVL	2465	-	446	130587884	81601
chr11	130506283	130706283	harbor2	chr11	130588525	130589065	LTR/ERVL	1868	-	270	130588795	82512
chr11	130506283	130706283	harbor2	chr11	130589453	130589798	LTR/ERVL	1868	-	172	130589625	83342
chr11	130506283	130706283	harbor2	chr11	130592499	130593714	LTR/ERVL	3116	-	608	130593107	86824
chr11	130506283	130706283	harbor2	chr11	130593726	130594082	LTR/ERVL	927	-	178	130593904	87621
chr11	132897692	133097692	harbor2	chr11	132948120	132948698	LTR/ERVL	2526	-	289	132948409	50717
chr11	130335148	130535148	harbor2	chr11	130379064	130379520	LTR/ERVL	2287	-	228	130379292	44144
chr11	24674604	24874604	harbor2	chr11	24707464	24707752	LTR/ERVL	1663	-	144	24707608	33004
chr11	24674604	24874604	harbor2	chr11	24708223	24708367	LTR/ERVL	1663	-	72	24708295	33691
chr11	24674604	24874604	harbor2	chr11	24738996	24739431	LTR/ERVL	1324	-	218	24739214	64610
chr11	24674604	24874604	harbor2	chr11	24753210	24753496	LTR/ERVL	837	-	143	24753353	78749
chr11	24674604	24874604	harbor2	chr11	24753497	24754123	LTR/ERVL	3103	-	313	24753810	79206
chr11	24674604	24874604	harbor2	chr11	24756425	24756619	LTR/ERVL	471	-	97	24756522	81918
chr11	24674604	24874604	harbor2	chr11	24756621	24757102	LTR/ERVL	2388	-	240	24756861	82257
chr11	25785849	25985849	harbor2	chr11	25797439	25798019	LTR/ERVL	1215	-	290	25797729	11880
chr11	25785849	25985849	harbor2	chr11	25798443	25798484	LTR/ERVL	2306	-	20	25798463	12614
chr11	25785849	25985849	harbor2	chr11	25798527	25799021	LTR/ERVL	2306	-	247	25798774	12925
chr11	25785849	25985849	harbor2	chr11	25801337	25801868	LTR/ERVL	2083	-	266	25801603	15754
chr11	25785849	25985849	harbor2	chr11	25858655	25859309	LTR/ERVL	2464	-	327	25858982	73133
chr11	25785849	25985849	harbor2	chr11	25788290	25788882	LTR/ERVL	1177	-	296	25788586	2737
chr11	122753206	122953206	harbor2	chr11	122836395	122836622	LTR/ERVL	550	-	114	122836509	83303
chr11	39441878	39641878	harbor2	chr11	39448156	39448351	LTR/ERVL	662	-	98	39448254	6376
chr11	39441878	39641878	harbor2	chr11	39448484	39448931	LTR/ERVL	1521	-	224	39448708	6830
chr11	39441878	39641878	harbor2	chr11	39451904	39452084	LTR/ERVL	1521	-	90	39451994	10116
chr11	129314371	129514371	harbor2	chr11	129336770	129337003	LTR/ERVL	642	-	116	129336886	22515
chr11	129314371	129514371	harbor2	chr11	129337687	129337990	LTR/ERVL	1340	-	152	129337839	23468
chr11	128841021	129041021	harbor2	chr11	128934686	128935187	LTR/ERVL	992	-	250	128934936	93915
chr11	128841021	129041021	harbor2	chr11	128909288	128909757	LTR/ERVL	1867	-	234	128909522	68501
chr11	96809802	97009802	harbor2	chr11	96825918	96826380	LTR/ERVL	1064	-	231	96826149	16347
chr11	96809802	97009802	harbor2	chr11	96847371	96847492	LTR/ERVL	395	-	60	96847431	37629
chr11	96809802	97009802	harbor2	chr11	96847485	96847794	LTR/ERVL	814	-	154	96847639	37837
chr11	96809802	97009802	harbor2	chr11	96848161	96848287	LTR/ERVL	612	-	63	96848224	38422
chr11	96809802	97009802	harbor2	chr11	96849820	96850257	LTR/ERVL	771	-	218	96850038	40236
chr11	96809802	97009802	harbor2	chr11	96865673	96867893	LTR/ERVL	11819	-	1110	96866783	56981
chr11	96809802	97009802	harbor2	chr11	96867929	96869920	LTR/ERVL	10224	-	996	96868925	59123
chr11	96809802	97009802	harbor2	chr11	96869922	96870228	LTR/ERVL	1320	-	153	96870075	60273
chr11	96809802	97009802	harbor2	chr11	96881094	96881573	LTR/ERVL	1768	-	240	96881334	71532
chr11	96809802	97009802	harbor2	chr11	96829306	96829811	LTR/ERVL	1653	-	252	96829558	19756
chr11	133566798	133766798	harbor2	chr11	133570363	133570822	LTR/ERVL	1097	-	230	133570593	3795
chr11	133566798	133766798	harbor2	chr11	133581964	133582378	LTR/ERVL	947	-	207	133582171	15373
chr11	133566798	133766798	harbor2	chr11	133594426	133595003	LTR/ERVL	2494	-	288	133594714	27916
chr11	121443829	121643829	harbor2	chr11	121500165	121500420	LTR/ERVL	714	-	128	121500293	56464
chr11	121443829	121643829	harbor2	chr11	121500674	121501060	LTR/ERVL	878	-	193	121500867	57038
chr11	134582088	134782088	harbor2	chr11	134582062	134582120	LTR/ERVL	1239	-	29	134582091	3
chr11	134582088	134782088	harbor2	chr11	134592377	134592872	LTR/ERVL	1927	-	248	134592625	10537
chr11	134227707	134427707	harbor2	chr11	134278542	134278778	LTR/ERVL	837	-	118	134278660	50953
chr11	72482129	72682129	harbor2	chr11	72538543	72538646	LTR/ERVL	1229	-	52	72538595	56466
chr11	72482129	72682129	harbor2	chr11	72538757	72539153	LTR/ERVL	1229	-	198	72538955	56826
chr11	72482129	72682129	harbor2	chr11	72541686	72542561	LTR/ERVL	1629	-	438	72542124	59995
chr11	72482129	72682129	harbor2	chr11	72543284	72545232	LTR/ERVL	2890	-	974	72544258	62129
chr11	72482129	72682129	harbor2	chr11	72552389	72552519	LTR/ERVL	647	-	65	72552454	70325
chr11	72482129	72682129	harbor2	chr11	72553785	72553973	LTR/ERVL	526	-	94	72553879	71750
chr11	72482129	72682129	harbor2	chr11	72557221	72557360	LTR/ERVL	505	-	70	72557291	75162
chr11	126050602	126250602	harbor2	chr11	126086170	126086631	LTR/ERVL	2156	-	230	126086400	35798
chr11	106969454	107169454	harbor2	chr11	107031125	107031165	LTR/ERVL	597	-	20	107031145	61691
chr11	106969454	107169454	harbor2	chr11	107031201	107031712	LTR/ERVL	2586	-	256	107031457	62003
chr11	106969454	107169454	harbor2	chr11	107054024	107054133	LTR/ERVL	580	-	54	107054078	84624
chr11	106969454	107169454	harbor2	chr11	107003781	107004197	LTR/ERVL	1819	-	208	107003989	34535
chr11	121931138	122131138	harbor2	chr11	122029596	122030032	LTR/ERVL	1567	-	218	122029814	98676
chr11	15211424	15411424	harbor2	chr11	15248768	15249263	LTR/ERVL	962	-	248	15249016	37592
chr11	133036367	133236367	harbor2	chr11	133072895	133073372	LTR/ERVL	729	-	238	133073133	36766
chr11	133036367	133236367	harbor2	chr11	133126056	133126070	LTR/ERVL	1779	-	7	133126063	89696
chr11	133036367	133236367	harbor2	chr11	133126096	133126495	LTR/ERVL	1779	-	200	133126296	89929
chr11	88796575	88996575	harbor2	chr11	88878221	88878701	LTR/ERVL	2018	-	240	88878461	81886
chr11	127080810	127280810	harbor2	chr11	127102577	127103011	LTR/ERVL	1574	-	217	127102794	21984
chr11	127080810	127280810	harbor2	chr11	127176404	127176686	LTR/ERVL	657	-	141	127176545	95735
chr11	127080810	127280810	harbor2	chr11	127177854	127178261	LTR/ERVL	801	-	204	127178058	97248
chr11	101172513	101372513	harbor2	chr11	101227893	101228038	LTR/ERVL	1565	-	72	101227965	55452
chr11	101172513	101372513	harbor2	chr11	101228349	101228636	LTR/ERVL	1565	-	144	101228493	55980
chr11	101172513	101372513	harbor2	chr11	101228644	101228832	LTR/ERVL	982	-	94	101228738	56225
chr11	101172513	101372513	harbor2	chr11	101229702	101229794	LTR/ERVL	449	-	46	101229748	57235
chr11	101172513	101372513	harbor2	chr11	101241807	101243292	LTR/ERVL	3913	-	742	101242549	70036
chr11	129936304	130136304	harbor2	chr11	130018577	130018751	LTR/ERVL	562	-	87	130018664	82360
chr11	129936304	130136304	harbor2	chr11	130019210	130019434	LTR/ERVL	917	-	112	130019322	83018
chr11	129936304	130136304	harbor2	chr11	130019727	130019895	LTR/ERVL	917	-	84	130019811	83507
chr11	92909724	93109724	harbor2	chr11	92986258	92987134	LTR/ERVL	7188	-	438	92986696	76972
chr11	92909724	93109724	harbor2	chr11	92987135	92987189	LTR/ERVL	3228	-	27	92987162	77438
chr11	92909724	93109724	harbor2	chr11	92987231	92987642	LTR/ERVL	3228	-	206	92987437	77713
chr11	92909724	93109724	harbor2	chr11	92990770	92991229	LTR/ERVL	2457	-	230	92991000	81276
chr11	92909724	93109724	harbor2	chr11	92991478	92991670	LTR/ERVL	1062	-	96	92991574	81850
chr11	92909724	93109724	harbor2	chr11	92991919	92992097	LTR/ERVL	1074	-	89	92992008	82284
chr11	108706522	108906522	harbor2	chr11	108738743	108739195	LTR/ERVL	1248	-	226	108738969	32447
chr11	108706522	108906522	harbor2	chr11	108792958	108793345	LTR/ERVL	1554	-	194	108793152	86630
chr11	131091737	131291737	harbor2	chr11	131131490	131131891	LTR/ERVL	535	-	200	131131690	39953
chr11	131091737	131291737	harbor2	chr11	131176612	131177018	LTR/ERVL	689	-	203	131176815	85078
chr11	131091737	131291737	harbor2	chr11	131177433	131177797	LTR/ERVL	935	-	182	131177615	85878
chr11	124452527	124652527	harbor2	chr11	124455160	124455723	LTR/ERVL	397	-	282	124455442	2915
chr11	124452527	124652527	harbor2	chr11	124470608	124470864	LTR/ERVL	453	-	128	124470736	18209
chr11	124452527	124652527	harbor2	chr11	124498898	124499004	LTR/ERVL	424	-	53	124498951	46424
chr11	127088018	127288018	harbor2	chr11	127102577	127103011	LTR/ERVL	1574	-	217	127102794	14776
chr11	127088018	127288018	harbor2	chr11	127176404	127176686	LTR/ERVL	657	-	141	127176545	88527
chr11	127088018	127288018	harbor2	chr11	127177854	127178261	LTR/ERVL	801	-	204	127178058	90040
chr11	128309831	128509831	harbor2	chr11	128385096	128385471	LTR/ERVL	2620	-	188	128385284	75453
chr11	127243005	127443005	harbor2	chr11	127304342	127304852	LTR/ERVL	1206	-	255	127304597	61592
chr11	63924099	64124099	harbor2	chr11	63969366	63969803	LTR/ERVL	3403	-	218	63969584	45485
chr11	127947075	128147075	harbor2	chr11	127972028	127972577	LTR/ERVL	1678	-	274	127972302	25227
chr11	127947075	128147075	harbor2	chr11	128045106	128045289	LTR/ERVL	416	-	92	128045198	98123
chr11	129162465	129362465	harbor2	chr11	129218822	129219081	LTR/ERVL	785	-	130	129218952	56487
chr11	116089504	116289504	harbor2	chr11	116090954	116091314	LTR/ERVL	595	-	180	116091134	1630
chr11	116089504	116289504	harbor2	chr11	116091315	116091589	LTR/ERVL	525	-	137	116091452	1948
chr11	116089504	116289504	harbor2	chr11	116091611	116092659	LTR/ERVL	4642	-	524	116092135	2631
chr11	116089504	116289504	harbor2	chr11	116092688	116092982	LTR/ERVL	4642	-	147	116092835	3331
chr11	116089504	116289504	harbor2	chr11	116093022	116094160	LTR/ERVL	4642	-	569	116093591	4087
chr11	116089504	116289504	harbor2	chr11	116094889	116094990	LTR/ERVL	1390	-	50	116094939	5435
chr11	116089504	116289504	harbor2	chr11	116095363	116095724	LTR/ERVL	1390	-	180	116095543	6039
chr11	116089504	116289504	harbor2	chr11	116096037	116096423	LTR/ERVL	1416	-	193	116096230	6726
chr11	116089504	116289504	harbor2	chr11	116104756	116104857	LTR/ERVL	580	-	50	116104806	15302
chr11	116089504	116289504	harbor2	chr11	116159192	116159582	LTR/ERVL	1377	-	195	116159387	69883
chr11	116089504	116289504	harbor2	chr11	116159584	116160005	LTR/ERVL	1260	-	210	116159794	70290
chr11	116089504	116289504	harbor2	chr11	116171715	116172156	LTR/ERVL	1056	-	220	116171935	82431
chr11	116089504	116289504	harbor2	chr11	116172792	116173269	LTR/ERVL	1882	-	238	116173030	83526
chr11	131592850	131792850	harbor2	chr11	131596771	131597207	LTR/ERVL	3437	-	218	131596989	4139
chr11	123004849	123204849	harbor2	chr11	123004856	123005045	LTR/ERVL	1205	-	94	123004950	101
chr11	123004849	123204849	harbor2	chr11	123005283	123005734	LTR/ERVL	1205	-	226	123005509	660
chr11	132883750	133083750	harbor2	chr11	132948120	132948698	LTR/ERVL	2526	-	289	132948409	64659
chr11	125890316	126090316	harbor2	chr11	125914609	125914741	LTR/ERVL	548	-	66	125914675	24359
chr11	125890316	126090316	harbor2	chr11	125915109	125915231	LTR/ERVL	548	-	61	125915170	24854
chr11	112904796	113104796	harbor2	chr11	112922283	112922664	LTR/ERVL	989	-	190	112922473	17677
chr11	105468020	105668020	harbor2	chr11	105478237	105478469	LTR/ERVL	807	-	116	105478353	10333
chr11	105468020	105668020	harbor2	chr11	105492293	105492554	LTR/ERVL	466	-	130	105492423	24403
chr11	105468020	105668020	harbor2	chr11	105498690	105499240	LTR/ERVL	1914	-	275	105498965	30945
chr11	134703317	134903317	harbor2	chr11	134745887	134746148	LTR/ERVL	528	-	130	134746017	42700
chr11	134703317	134903317	harbor2	chr11	134746232	134746399	LTR/ERVL	750	-	84	134746316	42999
chr11	134703317	134903317	harbor2	chr11	134746413	134746934	LTR/ERVL	2005	-	260	134746673	43356
chr11	134703317	134903317	harbor2	chr11	134791953	134792154	LTR/ERVL	480	-	100	134792053	88736
chr11	105326011	105526011	harbor2	chr11	105353643	105354364	LTR/ERVL	1509	-	360	105354003	27992
chr11	85378501	85578501	harbor2	chr11	85407535	85408001	LTR/ERVL	1237	-	233	85407768	29267
chr11	133102959	133302959	harbor2	chr11	133126056	133126070	LTR/ERVL	1779	-	7	133126063	23104
chr11	133102959	133302959	harbor2	chr11	133126096	133126495	LTR/ERVL	1779	-	200	133126296	23337
chr11	79608636	79808636	harbor2	chr11	79613432	79613860	LTR/ERVL	1960	-	214	79613646	5010
chr11	68235716	68435716	harbor2	chr11	68250496	68250566	LTR/ERVL	1662	-	35	68250531	14815
chr11	68235716	68435716	harbor2	chr11	68250621	68250942	LTR/ERVL	2391	-	160	68250781	15065
chr11	68235716	68435716	harbor2	chr11	68251318	68251479	LTR/ERVL	2391	-	80	68251398	15682
chr11	68235716	68435716	harbor2	chr11	68277877	68277914	LTR/ERVL	2924	-	18	68277895	42179
chr11	68235716	68435716	harbor2	chr11	68278227	68278678	LTR/ERVL	2924	-	226	68278453	42737
chr11	68235716	68435716	harbor2	chr11	68278979	68279305	LTR/ERVL	2924	-	163	68279142	43426
chr11	122047721	122247721	harbor2	chr11	122139052	122139539	LTR/ERVL	1327	-	244	122139296	91575
chr11	105338520	105538520	harbor2	chr11	105353643	105354364	LTR/ERVL	1509	-	360	105354003	15483
chr11	131163137	131363137	harbor2	chr11	131176612	131177018	LTR/ERVL	689	-	203	131176815	13678
chr11	131163137	131363137	harbor2	chr11	131177433	131177797	LTR/ERVL	935	-	182	131177615	14478
chr11	133854988	134054988	harbor2	chr11	133891283	133891708	LTR/ERVL	914	-	212	133891495	36507
chr11	133854988	134054988	harbor2	chr11	133889979	133890973	LTR/ERVL	1353	-	497	133890476	35488
chr11	121321596	121521596	harbor2	chr11	121330851	121331044	LTR/ERVL	385	-	96	121330947	9351
chr11	121321596	121521596	harbor2	chr11	121364449	121364899	LTR/ERVL	3260	-	225	121364674	43078
chr11	121321596	121521596	harbor2	chr11	121413224	121413618	LTR/ERVL	1317	-	197	121413421	91825
chr11	84611613	84811613	harbor2	chr11	84659696	84660315	LTR/ERVL	2163	-	310	84660006	48393
chr11	113179290	113379290	harbor2	chr11	113184951	113185079	LTR/ERVL	661	-	64	113185015	5725
chr11	113179290	113379290	harbor2	chr11	113185115	113185544	LTR/ERVL	1817	-	214	113185329	6039
chr11	125988263	126188263	harbor2	chr11	126086170	126086631	LTR/ERVL	2156	-	230	126086400	98137
chr11	78980672	79180672	harbor2	chr11	79021344	79021723	LTR/ERVL	786	-	190	79021534	40862
chr11	78980672	79180672	harbor2	chr11	79028327	79028745	LTR/ERVL	1272	-	209	79028536	47864
chr11	99089171	99289171	harbor2	chr11	99091409	99091851	LTR/ERVL	786	-	221	99091630	2459
chr11	99089171	99289171	harbor2	chr11	99113334	99113655	LTR/ERVL	842	-	160	99113494	24323
chr11	99089171	99289171	harbor2	chr11	99180055	99180685	LTR/ERVL	4043	-	315	99180370	91199
chr11	99089171	99289171	harbor2	chr11	99180687	99181361	LTR/ERVL	3767	-	337	99181024	91853
chr11	99089171	99289171	harbor2	chr11	99181363	99182058	LTR/ERVL	4713	-	348	99181711	92540
chr11	99089171	99289171	harbor2	chr11	99182039	99182182	LTR/ERVL	954	-	72	99182111	92940
chr11	89208181	89408181	harbor2	chr11	89228081	89228540	LTR/ERVL	871	-	230	89228311	20130
chr11	89208181	89408181	harbor2	chr11	89256509	89257260	LTR/ERVL	853	-	376	89256885	48704
chr11	89208181	89408181	harbor2	chr11	89303102	89303388	LTR/ERVL	955	-	143	89303245	95064
chr11	134192454	134392454	harbor2	chr11	134278542	134278778	LTR/ERVL	837	-	118	134278660	86206
chr11	122739781	122939781	harbor2	chr11	122836395	122836622	LTR/ERVL	550	-	114	122836509	96728
chr11	36643658	36843658	harbor2	chr11	36661216	36661756	LTR/ERVL	1893	-	270	36661486	17828
chr11	36643658	36843658	harbor2	chr11	36719988	36720411	LTR/ERVL	1022	-	212	36720200	76542
chr11	36643658	36843658	harbor2	chr11	36724723	36725280	LTR/ERVL	731	-	278	36725001	81343
chr11	130856728	131056728	harbor2	chr11	130928812	130928938	LTR/ERVL	734	-	63	130928875	72147
chr11	130856728	131056728	harbor2	chr11	130929605	130931426	LTR/ERVL	7087	-	910	130930515	73787
chr11	130856728	131056728	harbor2	chr11	130931407	130932496	LTR/ERVL	4720	-	544	130931951	75223
chr11	130856728	131056728	harbor2	chr11	130933002	130933437	LTR/ERVL	1185	-	218	130933220	76492
chr11	130856728	131056728	harbor2	chr11	130933512	130933976	LTR/ERVL	1720	-	232	130933744	77016
chr11	130856728	131056728	harbor2	chr11	130934454	130934777	LTR/ERVL	1837	-	162	130934616	77888
chr11	130856728	131056728	harbor2	chr11	130936965	130937408	LTR/ERVL	2199	-	222	130937187	80459
chr11	90422519	90622519	harbor2	chr11	90486509	90487266	LTR/ERVL	1660	-	378	90486887	64368
chr11	124030302	124230302	harbor2	chr11	124078105	124079025	LTR/ERVL	3871	-	460	124078565	48263
chr11	119529564	119729564	harbor2	chr11	119590383	119591118	LTR/ERVL	1965	-	368	119590751	61187
chr11	119529564	119729564	harbor2	chr11	119619125	119619324	LTR/ERVL	574	-	100	119619225	89661
chr11	119995821	120195821	harbor2	chr11	120004463	120005173	LTR/ERVL	1540	-	355	120004818	8997
chr11	119995821	120195821	harbor2	chr11	120025328	120025715	LTR/ERVL	779	-	194	120025522	29701
chr11	119995821	120195821	harbor2	chr11	120027155	120027251	LTR/ERVL	779	-	48	120027203	31382
chr11	119995821	120195821	harbor2	chr11	120064369	120064939	LTR/ERVL	1688	-	285	120064654	68833
chr11	121865952	122065952	harbor2	chr11	121877823	121878290	LTR/ERVL	1691	-	234	121878057	12105
chr11	121865952	122065952	harbor2	chr11	121902603	121903113	LTR/ERVL	2394	-	255	121902858	36906
chr11	131701632	131901632	harbor2	chr11	131728116	131728578	LTR/ERVL	2450	-	231	131728347	26715
chr11	131701632	131901632	harbor2	chr11	131728709	131728977	LTR/ERVL	1687	-	134	131728843	27211
chr11	131701632	131901632	harbor2	chr11	131796164	131796675	LTR/ERVL	787	-	256	131796420	94788
chr11	97003824	97203824	harbor2	chr11	97004699	97005604	LTR/ERVL	1397	-	452	97005151	1327
chr11	97003824	97203824	harbor2	chr11	97006060	97006339	LTR/ERVL	595	-	140	97006200	2376
chr11	97003824	97203824	harbor2	chr11	97007147	97007304	LTR/ERVL	367	-	78	97007225	3401
chr11	97003824	97203824	harbor2	chr11	97014956	97015709	LTR/ERVL	1831	-	376	97015332	11508
chr11	97003824	97203824	harbor2	chr11	97083449	97083926	LTR/ERVL	1061	-	238	97083687	79863
chr11	127804035	128004035	harbor2	chr11	127878097	127878888	LTR/ERVL	3604	-	396	127878493	74458
chr11	127804035	128004035	harbor2	chr11	127882868	127883409	LTR/ERVL	1236	-	270	127883138	79103
chr11	127804035	128004035	harbor2	chr11	127883514	127883912	LTR/ERVL	783	-	199	127883713	79678
chr11	103934155	104134155	harbor2	chr11	104025473	104025587	LTR/ERVL	398	-	57	104025530	91375
chr11	131522932	131722932	harbor2	chr11	131524656	131524851	LTR/ERVL	591	-	98	131524754	1822
chr11	131522932	131722932	harbor2	chr11	131596771	131597207	LTR/ERVL	3437	-	218	131596989	74057
chr11	131522932	131722932	harbor2	chr11	131547033	131547734	LTR/ERVL	3160	-	350	131547383	24451
chr11	124311035	124511035	harbor2	chr11	124380470	124380939	LTR/ERVL	1359	-	234	124380704	69669
chr11	124311035	124511035	harbor2	chr11	124394318	124394789	LTR/ERVL	1297	-	236	124394554	83519
chr11	94657573	94857573	harbor2	chr11	94743967	94744554	LTR/ERVL	2392	-	294	94744261	86688
chr11	94657573	94857573	harbor2	chr11	94745326	94745411	LTR/ERVL	386	-	42	94745368	87795
chr11	94657573	94857573	harbor2	chr11	94745446	94745568	LTR/ERVL	651	-	61	94745507	87934
chr11	94657573	94857573	harbor2	chr11	94748989	94749547	LTR/ERVL	3263	-	279	94749268	91695
chr11	42131070	42331070	harbor2	chr11	42141725	42142119	LTR/ERVL	422	-	197	42141922	10852
chr11	42131070	42331070	harbor2	chr11	42199089	42199244	LTR/ERVL	703	-	78	42199167	68097
chr11	42131070	42331070	harbor2	chr11	42199266	42199402	LTR/ERVL	546	-	68	42199334	68264
chr11	55164410	55364410	harbor2	chr11	55263029	55263092	LTR/ERVL	667	-	32	55263061	98651
chr11	55164410	55364410	harbor2	chr11	55263733	55264110	LTR/ERVL	998	-	188	55263921	99511
chr11	115709221	115909221	harbor2	chr11	115801320	115801901	LTR/ERVL	2078	-	290	115801610	92389
chr11	123325886	123525886	harbor2	chr11	123382669	123382790	LTR/ERVL	478	-	60	123382729	56843
chr11	123325886	123525886	harbor2	chr11	123382804	123383035	LTR/ERVL	737	-	116	123382920	57034
chr11	123646098	123846098	harbor2	chr11	123687526	123687963	LTR/ERVL	695	-	218	123687744	41646
chr11	123646098	123846098	harbor2	chr11	123742771	123743119	LTR/ERVL	1871	-	174	123742945	96847
chr11	123646098	123846098	harbor2	chr11	123743336	123743427	LTR/ERVL	570	-	46	123743382	97284
chr11	101437089	101637089	harbor2	chr11	101459154	101459343	LTR/ERVL	481	-	94	101459248	22159
chr11	101437089	101637089	harbor2	chr11	101512955	101513374	LTR/ERVL	852	-	210	101513165	76076
chr11	134735334	134935334	harbor2	chr11	134745887	134746148	LTR/ERVL	528	-	130	134746017	10683
chr11	134735334	134935334	harbor2	chr11	134746232	134746399	LTR/ERVL	750	-	84	134746316	10982
chr11	134735334	134935334	harbor2	chr11	134746413	134746934	LTR/ERVL	2005	-	260	134746673	11339
chr11	134735334	134935334	harbor2	chr11	134791953	134792154	LTR/ERVL	480	-	100	134792053	56719
chr11	134735334	134935334	harbor2	chr11	134824986	134825021	LTR/ERVL	2570	-	18	134825004	89670
chr11	134735334	134935334	harbor2	chr11	134825106	134825439	LTR/ERVL	2570	-	166	134825272	89938
chr11	134735334	134935334	harbor2	chr11	134825520	134825610	LTR/ERVL	739	-	45	134825565	90231
chr11	121975182	122175182	harbor2	chr11	122029596	122030032	LTR/ERVL	1567	-	218	122029814	54632
chr11	121975182	122175182	harbor2	chr11	122033072	122033467	LTR/ERVL	1094	-	198	122033270	58088
chr11	126764677	126964677	harbor2	chr11	126828844	126829259	LTR/ERVL	907	-	208	126829052	64375
chr11	126764677	126964677	harbor2	chr11	126861348	126861590	LTR/ERVL	760	-	121	126861469	96792
chr11	130927594	131127594	harbor2	chr11	130928812	130928938	LTR/ERVL	734	-	63	130928875	1281
chr11	130927594	131127594	harbor2	chr11	130929605	130931426	LTR/ERVL	7087	-	910	130930515	2921
chr11	130927594	131127594	harbor2	chr11	130931407	130932496	LTR/ERVL	4720	-	544	130931951	4357
chr11	130927594	131127594	harbor2	chr11	130933002	130933437	LTR/ERVL	1185	-	218	130933220	5626
chr11	130927594	131127594	harbor2	chr11	130933512	130933976	LTR/ERVL	1720	-	232	130933744	6150
chr11	130927594	131127594	harbor2	chr11	130934454	130934777	LTR/ERVL	1837	-	162	130934616	7022
chr11	130927594	131127594	harbor2	chr11	130936965	130937408	LTR/ERVL	2199	-	222	130937187	9593
chr11	130927594	131127594	harbor2	chr11	130980544	130980817	LTR/ERVL	695	-	136	130980680	53086
chr11	130927594	131127594	harbor2	chr11	130982027	130982522	LTR/ERVL	2091	-	248	130982275	54681
chr11	130927594	131127594	harbor2	chr11	131012222	131012585	LTR/ERVL	395	-	182	131012404	84810
chr11	69870248	70070248	harbor2	chr11	69932679	69932821	LTR/ERVL	430	-	71	69932750	62502
chr11	69870248	70070248	harbor2	chr11	69934704	69934855	LTR/ERVL	772	-	76	69934780	64532
chr11	69870248	70070248	harbor2	chr11	69935006	69935505	LTR/ERVL	2400	-	250	69935256	65008
chr11	69870248	70070248	harbor2	chr11	69949128	69949305	LTR/ERVL	373	-	88	69949216	78968
chr11	97897428	98097428	harbor2	chr11	97897660	97897830	LTR/ERVL	556	-	85	97897745	317
chr11	97897428	98097428	harbor2	chr11	97938910	97939078	LTR/ERVL	378	-	84	97938994	41566
chr11	57033219	57233219	harbor2	chr11	57039429	57039585	LTR/ERVL	366	-	78	57039507	6288
chr11	57033219	57233219	harbor2	chr11	57082957	57083258	LTR/ERVL	2958	-	150	57083107	49888
chr11	57033219	57233219	harbor2	chr11	57083618	57083808	LTR/ERVL	2958	-	95	57083713	50494
chr11	134702523	134902523	harbor2	chr11	134745887	134746148	LTR/ERVL	528	-	130	134746017	43494
chr11	134702523	134902523	harbor2	chr11	134746232	134746399	LTR/ERVL	750	-	84	134746316	43793
chr11	134702523	134902523	harbor2	chr11	134746413	134746934	LTR/ERVL	2005	-	260	134746673	44150
chr11	134702523	134902523	harbor2	chr11	134791953	134792154	LTR/ERVL	480	-	100	134792053	89530
chr11	106488846	106688846	harbor2	chr11	106519859	106520043	LTR/ERVL	525	-	92	106519951	31105
chr11	132208572	132408572	harbor2	chr11	132210550	132210831	LTR/ERVL	496	-	140	132210690	2118
chr11	132208572	132408572	harbor2	chr11	132213196	132213572	LTR/ERVL	1095	-	188	132213384	4812
chr11	96699014	96899014	harbor2	chr11	96698403	96700293	LTR/ERVL	4068	-	945	96699348	334
chr11	96699014	96899014	harbor2	chr11	96701565	96701699	LTR/ERVL	526	-	67	96701632	2618
chr11	96699014	96899014	harbor2	chr11	96706560	96707090	LTR/ERVL	2085	-	265	96706825	7811
chr11	96699014	96899014	harbor2	chr11	96782462	96782734	LTR/ERVL	1262	-	136	96782598	83584
chr11	96699014	96899014	harbor2	chr11	96782747	96782834	LTR/ERVL	386	-	44	96782791	83777
chr11	105217804	105417804	harbor2	chr11	105224256	105224709	LTR/ERVL	585	-	226	105224482	6678
chr11	105217804	105417804	harbor2	chr11	105240529	105240662	LTR/ERVL	504	-	66	105240595	22791
chr11	105217804	105417804	harbor2	chr11	105240664	105240998	LTR/ERVL	961	-	167	105240831	23027
chr11	105217804	105417804	harbor2	chr11	105263865	105264215	LTR/ERVL	1526	-	175	105264040	46236
chr11	76071393	76271393	harbor2	chr11	76117757	76117899	LTR/ERVL	440	-	71	76117828	46435
chr11	77900685	78100685	harbor2	chr11	77998390	77998542	LTR/ERVL	410	-	76	77998466	97781
chr11	77900685	78100685	harbor2	chr11	77998687	77999010	LTR/ERVL	1087	-	162	77998849	98164
chr11	77900685	78100685	harbor2	chr11	77999580	77999824	LTR/ERVL	497	-	122	77999702	99017
chr11	77900685	78100685	harbor2	chr11	78000005	78000351	LTR/ERVL	1406	-	173	78000178	99493
chr11	67792776	67992776	harbor2	chr11	67800556	67800885	LTR/ERVL	622	-	164	67800720	7944
chr11	67792776	67992776	harbor2	chr11	67877842	67878146	LTR/ERVL	1253	-	152	67877994	85218
chr11	67792776	67992776	harbor2	chr11	67878453	67878562	LTR/ERVL	1253	-	54	67878507	85731
chr11	92856785	93056785	harbor2	chr11	92878066	92878496	LTR/ERVL	1434	-	215	92878281	21496
chr11	92856785	93056785	harbor2	chr11	92898890	92899177	LTR/ERVL	3002	-	144	92899034	42249
chr11	92856785	93056785	harbor2	chr11	92899487	92899759	LTR/ERVL	3002	-	136	92899623	42838
chr11	92856785	93056785	harbor2	chr11	92905381	92905819	LTR/ERVL	1491	-	219	92905600	48815
chr11	50059486	50259486	harbor2	chr11	50079254	50079406	LTR/ERVL	774	-	76	50079330	19844
chr11	50059486	50259486	harbor2	chr11	50088622	50088685	LTR/ERVL	433	-	32	50088654	29168
chr11	50059486	50259486	harbor2	chr11	50088989	50089028	LTR/ERVL	433	-	20	50089009	29523
chr11	50059486	50259486	harbor2	chr11	50089317	50089401	LTR/ERVL	433	-	42	50089359	29873
chr11	50059486	50259486	harbor2	chr11	50097646	50097826	LTR/ERVL	415	-	90	50097736	38250
chr11	50059486	50259486	harbor2	chr11	50098670	50098825	LTR/ERVL	541	-	78	50098748	39262
chr11	107198782	107398782	harbor2	chr11	107218660	107218904	LTR/ERVL	465	-	122	107218782	20000
chr11	107198782	107398782	harbor2	chr11	107231914	107232353	LTR/ERVL	3361	-	220	107232134	33352
chr11	107198782	107398782	harbor2	chr11	107233289	107237787	LTR/ERVL	36490	-	2249	107235538	36756
chr11	107198782	107398782	harbor2	chr11	107237788	107238231	LTR/ERVL	3697	-	222	107238010	39228
chr11	107198782	107398782	harbor2	chr11	107239469	107239905	LTR/ERVL	893	-	218	107239687	40905
chr11	107198782	107398782	harbor2	chr11	107245599	107245920	LTR/ERVL	384	-	160	107245759	46977
chr11	107198782	107398782	harbor2	chr11	107251003	107252970	LTR/ERVL	8731	-	984	107251987	53205
chr11	107198782	107398782	harbor2	chr11	107232354	107233291	LTR/ERVL	7542	-	468	107232822	34040
chr11	119385523	119585523	harbor2	chr11	119426161	119426630	LTR/ERVL	2419	-	234	119426395	40872
chr11	119385523	119585523	harbor2	chr11	119431839	119432339	LTR/ERVL	2031	-	250	119432089	46566
chr11	81056099	81256099	harbor2	chr11	81097838	81098276	LTR/ERVL	1519	-	219	81098057	41958
chr11	128205223	128405223	harbor2	chr11	128212432	128212857	LTR/ERVL	918	-	212	128212644	7421
chr11	100744923	100944923	harbor2	chr11	100789365	100789752	LTR/ERVL	2068	-	194	100789559	44636
chr11	93509214	93709214	harbor2	chr11	93565742	93566449	LTR/ERVL	2173	-	354	93566096	56882
chr11	93509214	93709214	harbor2	chr11	93599722	93599928	LTR/ERVL	606	-	103	93599825	90611
chr11	93509214	93709214	harbor2	chr11	93606121	93606381	LTR/ERVL	1049	-	130	93606251	97037
chr11	93509214	93709214	harbor2	chr11	93606388	93609488	LTR/ERVL	19399	-	1550	93607938	98724
chr11	93509214	93709214	harbor2	chr11	93568713	93569228	LTR/ERVL	2710	-	258	93568971	59757
chr11	49734957	49934957	harbor2	chr11	49784810	49785259	LTR/ERVL	1596	-	224	49785034	50077
chr11	122022191	122222191	harbor2	chr11	122029596	122030032	LTR/ERVL	1567	-	218	122029814	7623
chr11	122022191	122222191	harbor2	chr11	122033072	122033467	LTR/ERVL	1094	-	198	122033270	11079
chr11	76838906	77038906	harbor2	chr11	76880307	76880580	LTR/ERVL	1737	-	136	76880443	41537
chr11	76838906	77038906	harbor2	chr11	76880778	76880843	LTR/ERVL	1034	-	32	76880810	41904
chr11	76838906	77038906	harbor2	chr11	76885217	76885283	LTR/ERVL	2149	-	33	76885250	46344
chr11	76838906	77038906	harbor2	chr11	76885455	76885910	LTR/ERVL	2149	-	228	76885683	46777
chr11	76838906	77038906	harbor2	chr11	76894720	76895006	LTR/ERVL	1337	-	143	76894863	55957
chr11	123675965	123875965	harbor2	chr11	123687526	123687963	LTR/ERVL	695	-	218	123687744	11779
chr11	123675965	123875965	harbor2	chr11	123742771	123743119	LTR/ERVL	1871	-	174	123742945	66980
chr11	123675965	123875965	harbor2	chr11	123743336	123743427	LTR/ERVL	570	-	46	123743382	67417
chr11	123675965	123875965	harbor2	chr11	123769840	123769893	LTR/ERVL	1461	-	26	123769866	93901
chr11	123675965	123875965	harbor2	chr11	123769932	123770236	LTR/ERVL	1461	-	152	123770084	94119
chr11	127044278	127244278	harbor2	chr11	127070163	127070301	LTR/ERVL	974	-	69	127070232	25954
chr11	127044278	127244278	harbor2	chr11	127070516	127070820	LTR/ERVL	1578	-	152	127070668	26390
chr11	127044278	127244278	harbor2	chr11	127102577	127103011	LTR/ERVL	1574	-	217	127102794	58516
chr11	129598243	129798243	harbor2	chr11	129627388	129627499	LTR/ERVL	430	-	56	129627444	29201
chr11	129598243	129798243	harbor2	chr11	129627563	129627580	LTR/ERVL	4403	-	8	129627571	29328
chr11	129598243	129798243	harbor2	chr11	129629941	129630192	LTR/ERVL	4403	-	126	129630067	31824
chr11	129598243	129798243	harbor2	chr11	129630494	129631486	LTR/ERVL	4403	-	496	129630990	32747
chr11	129598243	129798243	harbor2	chr11	129631546	129632500	LTR/ERVL	4403	-	477	129632023	33780
chr11	129598243	129798243	harbor2	chr11	129632858	129633220	LTR/ERVL	4403	-	181	129633039	34796
chr11	129598243	129798243	harbor2	chr11	129633363	129633544	LTR/ERVL	4403	-	90	129633453	35210
chr11	129598243	129798243	harbor2	chr11	129638774	129638902	LTR/ERVL	398	-	64	129638838	40595
chr11	129598243	129798243	harbor2	chr11	129639063	129639274	LTR/ERVL	393	-	106	129639169	40926
chr11	134858538	135058538	harbor2	chr11	134871510	134872141	LTR/ERVL	1097	-	316	134871826	13288
chr11	73929600	74129600	harbor2	chr11	73957783	73958194	LTR/ERVL	1162	-	206	73957989	28389
chr11	73929600	74129600	harbor2	chr11	73960912	73961004	LTR/ERVL	1498	-	46	73960958	31358
chr11	73929600	74129600	harbor2	chr11	73961308	73961774	LTR/ERVL	1498	-	233	73961541	31941
chr11	132588900	132788900	harbor2	chr11	132620431	132621059	LTR/ERVL	1856	-	314	132620745	31845
chr11	132588900	132788900	harbor2	chr11	132633353	132633747	LTR/ERVL	631	-	197	132633550	44650
chr11	123949492	124149492	harbor2	chr11	123965185	123966015	LTR/ERVL	3097	-	415	123965600	16108
chr11	123949492	124149492	harbor2	chr11	124005046	124006348	LTR/ERVL	9759	-	651	124005697	56205
chr11	133996879	134196879	harbor2	chr11	134054968	134055316	LTR/ERVL	731	-	174	134055142	58263
chr11	130492466	130692466	harbor2	chr11	130511648	130512000	LTR/ERVL	1567	-	176	130511824	19358
chr11	130492466	130692466	harbor2	chr11	130559338	130559530	LTR/ERVL	629	-	96	130559434	66968
chr11	130492466	130692466	harbor2	chr11	130560080	130560101	LTR/ERVL	629	-	10	130560090	67624
chr11	130492466	130692466	harbor2	chr11	130560129	130560320	LTR/ERVL	629	-	96	130560225	67759
chr11	130492466	130692466	harbor2	chr11	130587438	130588330	LTR/ERVL	2465	-	446	130587884	95418
chr11	130492466	130692466	harbor2	chr11	130588525	130589065	LTR/ERVL	1868	-	270	130588795	96329
chr11	130492466	130692466	harbor2	chr11	130589453	130589798	LTR/ERVL	1868	-	172	130589625	97159
chr11	57904710	58104710	harbor2	chr11	57967036	57967221	LTR/ERVL	565	-	92	57967128	62418
chr11	57904710	58104710	harbor2	chr11	57994094	57994162	LTR/ERVL	411	-	34	57994128	89418
chr11	57904710	58104710	harbor2	chr11	58000188	58000525	LTR/ERVL	1896	-	168	58000356	95646
chr11	57904710	58104710	harbor2	chr11	58000835	58000946	LTR/ERVL	1896	-	56	58000891	96181
chr11	91509517	91709517	harbor2	chr11	91517874	91517997	LTR/ERVL	521	-	62	91517936	8419
chr11	91509517	91709517	harbor2	chr11	91519173	91519610	LTR/ERVL	413	-	218	91519391	9874
chr11	91509517	91709517	harbor2	chr11	91595696	91596211	LTR/ERVL	1667	-	258	91595954	86437
chr11	91509517	91709517	harbor2	chr11	91609091	91609712	LTR/ERVL	835	-	310	91609401	99884
chr11	101939647	102139647	harbor2	chr11	101949835	101950109	LTR/ERVL	850	-	137	101949972	10325
chr11	101939647	102139647	harbor2	chr11	102024055	102024209	LTR/ERVL	546	-	77	102024132	84485
chr11	101939647	102139647	harbor2	chr11	102024234	102024431	LTR/ERVL	434	-	98	102024332	84685
chr11	132793627	132993627	harbor2	chr11	132814222	132814733	LTR/ERVL	2069	-	256	132814478	20851
chr11	132793627	132993627	harbor2	chr11	132853805	132854670	LTR/ERVL	3294	-	432	132854237	60610
chr11	133820416	134020416	harbor2	chr11	133891283	133891708	LTR/ERVL	914	-	212	133891495	71079
chr11	133820416	134020416	harbor2	chr11	133889979	133890973	LTR/ERVL	1353	-	497	133890476	70060
chr11	112134148	112334148	harbor2	chr11	112212284	112212353	LTR/ERVL	1829	-	34	112212318	78170
chr11	112134148	112334148	harbor2	chr11	112212479	112213025	LTR/ERVL	1829	-	273	112212752	78604
chr11	121472785	121672785	harbor2	chr11	121500165	121500420	LTR/ERVL	714	-	128	121500293	27508
chr11	121472785	121672785	harbor2	chr11	121500674	121501060	LTR/ERVL	878	-	193	121500867	28082
chr11	56520612	56720612	harbor2	chr11	56519295	56520794	LTR/ERVL	4221	-	750	56520045	567
chr11	56520612	56720612	harbor2	chr11	56520809	56521230	LTR/ERVL	2065	-	210	56521019	407
chr11	56520612	56720612	harbor2	chr11	56521231	56521291	LTR/ERVL	2382	-	30	56521261	649
chr11	56520612	56720612	harbor2	chr11	56521319	56521802	LTR/ERVL	2382	-	242	56521561	949
chr11	56520612	56720612	harbor2	chr11	56537073	56537563	LTR/ERVL	3041	-	245	56537318	16706
chr11	112183940	112383940	harbor2	chr11	112212284	112212353	LTR/ERVL	1829	-	34	112212318	28378
chr11	112183940	112383940	harbor2	chr11	112212479	112213025	LTR/ERVL	1829	-	273	112212752	28812
chr11	86803997	87003997	harbor2	chr11	86855197	86855278	LTR/ERVL	430	-	40	86855237	51240
chr11	86803997	87003997	harbor2	chr11	86873936	86874294	LTR/ERVL	1338	-	179	86874115	70118
chr11	86803997	87003997	harbor2	chr11	86874438	86874561	LTR/ERVL	379	-	62	86874500	70503
chr11	130816546	131016546	harbor2	chr11	130823332	130823731	LTR/ERVL	520	-	200	130823532	6986
chr11	130816546	131016546	harbor2	chr11	130839161	130839477	LTR/ERVL	861	-	158	130839319	22773
chr11	130816546	131016546	harbor2	chr11	130843147	130843657	LTR/ERVL	2723	-	255	130843402	26856
chr11	128074175	128274175	harbor2	chr11	128123769	128124294	LTR/ERVL	1841	-	262	128124031	49856
chr11	121650782	121850782	harbor2	chr11	121717098	121717167	LTR/ERVL	465	-	34	121717132	66350
chr11	121650782	121850782	harbor2	chr11	121717279	121717633	LTR/ERVL	1198	-	177	121717456	66674
chr12	119639906	119839906	harbor2	chr12	119661691	119661883	LTR/ERVL	628	-	96	119661787	21881
chr12	119639906	119839906	harbor2	chr12	119662511	119662731	LTR/ERVL	628	-	110	119662621	22715
chr12	108289208	108489208	harbor2	chr12	108302405	108302538	LTR/ERVL	521	-	66	108302471	13263
chr12	108289208	108489208	harbor2	chr12	108361584	108361898	LTR/ERVL	748	-	157	108361741	72533
chr12	108289208	108489208	harbor2	chr12	108376035	108376363	LTR/ERVL	1137	-	164	108376199	86991
chr12	108289208	108489208	harbor2	chr12	108386076	108386531	LTR/ERVL	1349	-	228	108386304	97096
chr12	108289208	108489208	harbor2	chr12	108387816	108388314	LTR/ERVL	2081	-	249	108388065	98857
chr12	114870048	115070048	harbor2	chr12	114915361	114915814	LTR/ERVL	723	-	226	114915587	45539
chr12	114870048	115070048	harbor2	chr12	114921886	114922344	LTR/ERVL	1004	-	229	114922115	52067
chr12	114870048	115070048	harbor2	chr12	114941687	114941955	LTR/ERVL	1126	-	134	114941821	71773
chr12	114870048	115070048	harbor2	chr12	114957098	114957254	LTR/ERVL	478	-	78	114957176	87128
chr12	99676176	99876176	harbor2	chr12	99746582	99746777	LTR/ERVL	478	-	98	99746680	70504
chr12	99676176	99876176	harbor2	chr12	99746790	99746997	LTR/ERVL	506	-	104	99746894	70718
chr12	32726335	32926335	harbor2	chr12	32756682	32757114	LTR/ERVL	1215	-	216	32756898	30563
chr12	53912196	54112196	harbor2	chr12	53913608	53913715	LTR/ERVL	543	-	54	53913662	1466
chr12	53912196	54112196	harbor2	chr12	53914224	53914569	LTR/ERVL	1147	-	172	53914396	2200
chr12	129287037	129487037	harbor2	chr12	129296699	129297099	LTR/ERVL	458	-	200	129296899	9862
chr12	129287037	129487037	harbor2	chr12	129303634	129304161	LTR/ERVL	2475	-	264	129303898	16861
chr12	129287037	129487037	harbor2	chr12	129310461	129310584	LTR/ERVL	485	-	62	129310523	23486
chr12	129287037	129487037	harbor2	chr12	129327155	129327322	LTR/ERVL	583	-	84	129327239	40202
chr12	129287037	129487037	harbor2	chr12	129365480	129365906	LTR/ERVL	681	-	213	129365693	78656
chr12	102232113	102432113	harbor2	chr12	102275258	102275480	LTR/ERVL	2582	-	111	102275369	43256
chr12	102232113	102432113	harbor2	chr12	102275481	102276023	LTR/ERVL	2520	-	271	102275752	43639
chr12	102232113	102432113	harbor2	chr12	102276024	102276349	LTR/ERVL	2582	-	162	102276186	44073
chr12	102232113	102432113	harbor2	chr12	102280542	102280998	LTR/ERVL	3116	-	228	102280770	48657
chr12	102232113	102432113	harbor2	chr12	102328163	102328324	LTR/ERVL	606	-	80	102328243	96130
chr12	102232113	102432113	harbor2	chr12	102328488	102328721	LTR/ERVL	485	-	116	102328604	96491
chr12	76855038	77055038	harbor2	chr12	76888885	76889216	LTR/ERVL	844	-	166	76889051	34013
chr12	76855038	77055038	harbor2	chr12	76944216	76945012	LTR/ERVL	3169	-	398	76944614	89576
chr12	114199544	114399544	harbor2	chr12	114211379	114211811	LTR/ERVL	1486	-	216	114211595	12051
chr12	114199544	114399544	harbor2	chr12	114245793	114245925	LTR/ERVL	507	-	66	114245859	46315
chr12	114199544	114399544	harbor2	chr12	114251551	114252022	LTR/ERVL	1256	-	236	114251787	52243
chr12	114199544	114399544	harbor2	chr12	114290193	114290594	LTR/ERVL	1376	-	200	114290393	90849
chr12	114199544	114399544	harbor2	chr12	114212818	114213227	LTR/ERVL	728	-	204	114213022	13478
chr12	114199544	114399544	harbor2	chr12	114245621	114245815	LTR/ERVL	662	-	97	114245718	46174
chr12	109829159	110029159	harbor2	chr12	109893474	109893901	LTR/ERVL	3938	-	214	109893688	64529
chr12	109829159	110029159	harbor2	chr12	109894789	109895160	LTR/ERVL	3938	-	186	109894975	65816
chr12	133089252	133289252	harbor2	chr12	133146278	133146428	LTR/ERVL	428	-	75	133146353	57101
chr12	133089252	133289252	harbor2	chr12	133165724	133166148	LTR/ERVL	2201	-	212	133165936	76684
chr12	116672089	116872089	harbor2	chr12	116741316	116741346	LTR/ERVL	1294	-	15	116741331	69242
chr12	116672089	116872089	harbor2	chr12	116741999	116742261	LTR/ERVL	1294	-	131	116742130	70041
chr12	116672089	116872089	harbor2	chr12	116742574	116742662	LTR/ERVL	1294	-	44	116742618	70529
chr12	60797283	60997283	harbor2	chr12	60798354	60798801	LTR/ERVL	1503	-	224	60798578	1295
chr12	60797283	60997283	harbor2	chr12	60799120	60800248	LTR/ERVL	3649	-	564	60799684	2401
chr12	60797283	60997283	harbor2	chr12	60801573	60801847	LTR/ERVL	3649	-	137	60801710	4427
chr12	60797283	60997283	harbor2	chr12	60814699	60815070	LTR/ERVL	747	-	186	60814885	17602
chr12	60797283	60997283	harbor2	chr12	60815088	60815290	LTR/ERVL	770	-	101	60815189	17906
chr12	60797283	60997283	harbor2	chr12	60815379	60815917	LTR/ERVL	612	-	269	60815648	18365
chr12	60797283	60997283	harbor2	chr12	60826085	60826540	LTR/ERVL	2343	-	228	60826313	29030
chr12	60797283	60997283	harbor2	chr12	60830977	60831193	LTR/ERVL	1037	-	108	60831085	33802
chr12	60797283	60997283	harbor2	chr12	60834797	60835125	LTR/ERVL	714	-	164	60834961	37678
chr12	60797283	60997283	harbor2	chr12	60836662	60836750	LTR/ERVL	479	-	44	60836706	39423
chr12	60797283	60997283	harbor2	chr12	60837597	60837933	LTR/ERVL	1474	-	168	60837765	40482
chr12	60797283	60997283	harbor2	chr12	60838669	60838961	LTR/ERVL	3921	-	146	60838815	41532
chr12	60797283	60997283	harbor2	chr12	60839304	60839743	LTR/ERVL	3921	-	220	60839524	42241
chr12	60797283	60997283	harbor2	chr12	60839983	60840173	LTR/ERVL	958	-	95	60840078	42795
chr12	60797283	60997283	harbor2	chr12	60800561	60801211	LTR/ERVL	3649	-	325	60800886	3603
chr12	119928213	120128213	harbor2	chr12	119942077	119942208	LTR/ERVL	956	-	66	119942143	13930
chr12	119928213	120128213	harbor2	chr12	119942488	119942535	LTR/ERVL	956	-	24	119942512	14299
chr12	119928213	120128213	harbor2	chr12	119954240	119954367	LTR/ERVL	1744	-	64	119954304	26091
chr12	119928213	120128213	harbor2	chr12	119954680	119954694	LTR/ERVL	1744	-	7	119954687	26474
chr12	119928213	120128213	harbor2	chr12	119956180	119956505	LTR/ERVL	1744	-	162	119956342	28129
chr12	119928213	120128213	harbor2	chr12	119958014	119958567	LTR/ERVL	1361	-	276	119958290	30077
chr12	119928213	120128213	harbor2	chr12	119958859	119958923	LTR/ERVL	1217	-	32	119958891	30678
chr12	119928213	120128213	harbor2	chr12	119958924	119959067	LTR/ERVL	648	-	72	119958996	30783
chr12	119928213	120128213	harbor2	chr12	119959834	119959992	LTR/ERVL	1053	-	79	119959913	31700
chr12	119928213	120128213	harbor2	chr12	119960976	119961309	LTR/ERVL	1053	-	166	119961142	32929
chr12	119928213	120128213	harbor2	chr12	119962388	119962531	LTR/ERVL	427	-	72	119962460	34247
chr12	119928213	120128213	harbor2	chr12	119962534	119962615	LTR/ERVL	910	-	40	119962574	34361
chr12	119928213	120128213	harbor2	chr12	119962919	119963128	LTR/ERVL	910	-	104	119963023	34810
chr12	119928213	120128213	harbor2	chr12	119963130	119963534	LTR/ERVL	1539	-	202	119963332	35119
chr12	105847551	106047551	harbor2	chr12	105865089	105865488	LTR/ERVL	632	-	200	105865289	17738
chr12	105847551	106047551	harbor2	chr12	105926539	105926699	LTR/ERVL	533	-	80	105926619	79068
chr12	55201276	55401276	harbor2	chr12	55222091	55222500	LTR/ERVL	697	-	204	55222295	21019
chr12	55201276	55401276	harbor2	chr12	55253167	55253493	LTR/ERVL	840	-	163	55253330	52054
chr12	55201276	55401276	harbor2	chr12	55253813	55254331	LTR/ERVL	895	-	259	55254072	52796
chr12	103345079	103545079	harbor2	chr12	103390534	103391030	LTR/ERVL	2260	-	248	103390782	45703
chr12	108697819	108897819	harbor2	chr12	108749311	108749724	LTR/ERVL	2099	-	206	108749517	51698
chr12	129723543	129923543	harbor2	chr12	129822258	129822549	LTR/ERVL	1142	-	146	129822404	98861
chr12	129723543	129923543	harbor2	chr12	129823308	129823570	LTR/ERVL	1416	-	131	129823439	99896
chr12	133073239	133273239	harbor2	chr12	133146278	133146428	LTR/ERVL	428	-	75	133146353	73114
chr12	133073239	133273239	harbor2	chr12	133165724	133166148	LTR/ERVL	2201	-	212	133165936	92697
chr12	76017268	76217268	harbor2	chr12	76023028	76023444	LTR/ERVL	913	-	208	76023236	5968
chr12	76017268	76217268	harbor2	chr12	76101699	76101861	LTR/ERVL	450	-	81	76101780	84512
chr12	118125568	118325568	harbor2	chr12	118126092	118126475	LTR/ERVL	1840	-	192	118126284	716
chr12	88392528	88592528	harbor2	chr12	88453976	88454539	LTR/ERVL	2634	-	282	88454258	61730
chr12	110756045	110956045	harbor2	chr12	110786976	110787501	LTR/ERVL	2365	-	262	110787238	31193
chr12	110756045	110956045	harbor2	chr12	110787773	110787878	LTR/ERVL	2365	-	52	110787825	31780
chr12	110756045	110956045	harbor2	chr12	110788049	110788186	LTR/ERVL	813	-	68	110788117	32072
chr12	110756045	110956045	harbor2	chr12	110788490	110788552	LTR/ERVL	813	-	31	110788521	32476
chr12	110756045	110956045	harbor2	chr12	110834699	110835035	LTR/ERVL	989	-	168	110834867	78822
chr12	110756045	110956045	harbor2	chr12	110836556	110837035	LTR/ERVL	647	-	240	110836796	80751
chr12	48565382	48765382	harbor2	chr12	48647882	48648303	LTR/ERVL	976	-	210	48648092	82710
chr12	31162790	31362790	harbor2	chr12	31214697	31215261	LTR/ERVL	1578	-	282	31214979	52189
chr12	31162790	31362790	harbor2	chr12	31245867	31246689	LTR/ERVL	2161	-	411	31246278	83488
chr12	31162790	31362790	harbor2	chr12	31249239	31249941	LTR/ERVL	1030	-	351	31249590	86800
chr12	31162790	31362790	harbor2	chr12	31249953	31250364	LTR/ERVL	1307	-	206	31250159	87369
chr12	131071658	131271658	harbor2	chr12	131073324	131073592	LTR/ERVL	695	-	134	131073458	1800
chr12	131071658	131271658	harbor2	chr12	131074009	131074253	LTR/ERVL	695	-	122	131074131	2473
chr12	131071658	131271658	harbor2	chr12	131130296	131130967	LTR/ERVL	1046	-	336	131130632	58974
chr12	108046019	108246019	harbor2	chr12	108048100	108048530	LTR/ERVL	636	-	215	108048315	2296
chr12	108046019	108246019	harbor2	chr12	108061527	108061988	LTR/ERVL	821	-	230	108061757	15738
chr12	108046019	108246019	harbor2	chr12	108112636	108112928	LTR/ERVL	621	-	146	108112782	66763
chr12	103013653	103213653	harbor2	chr12	103026429	103026851	LTR/ERVL	1457	-	211	103026640	12987
chr12	116709784	116909784	harbor2	chr12	116741316	116741346	LTR/ERVL	1294	-	15	116741331	31547
chr12	116709784	116909784	harbor2	chr12	116741999	116742261	LTR/ERVL	1294	-	131	116742130	32346
chr12	116709784	116909784	harbor2	chr12	116742574	116742662	LTR/ERVL	1294	-	44	116742618	32834
chr12	116709784	116909784	harbor2	chr12	116805307	116805464	LTR/ERVL	1937	-	78	116805385	95601
chr12	116709784	116909784	harbor2	chr12	116805774	116806022	LTR/ERVL	1937	-	124	116805898	96114
chr12	120988560	121188560	harbor2	chr12	121000475	121000811	LTR/ERVL	1529	-	168	121000643	12083
chr12	120988560	121188560	harbor2	chr12	121026376	121026569	LTR/ERVL	1279	-	96	121026472	37912
chr12	120988560	121188560	harbor2	chr12	121026869	121027081	LTR/ERVL	1279	-	106	121026975	38415
chr12	120988560	121188560	harbor2	chr12	121045346	121045473	LTR/ERVL	519	-	64	121045410	56850
chr12	129249274	129449274	harbor2	chr12	129258882	129259231	LTR/ERVL	609	-	174	129259056	9782
chr12	129249274	129449274	harbor2	chr12	129296699	129297099	LTR/ERVL	458	-	200	129296899	47625
chr12	129249274	129449274	harbor2	chr12	129303634	129304161	LTR/ERVL	2475	-	264	129303898	54624
chr12	129249274	129449274	harbor2	chr12	129310461	129310584	LTR/ERVL	485	-	62	129310523	61249
chr12	129249274	129449274	harbor2	chr12	129327155	129327322	LTR/ERVL	583	-	84	129327239	77965
chr12	119213184	119413184	harbor2	chr12	119241428	119241876	LTR/ERVL	2056	-	224	119241652	28468
chr12	119213184	119413184	harbor2	chr12	119260656	119261059	LTR/ERVL	2179	-	202	119260858	47674
chr12	119213184	119413184	harbor2	chr12	119276077	119276456	LTR/ERVL	1106	-	190	119276267	63083
chr12	119213184	119413184	harbor2	chr12	119289639	119289669	LTR/ERVL	1314	-	15	119289654	76470
chr12	119213184	119413184	harbor2	chr12	119290040	119290094	LTR/ERVL	1314	-	27	119290067	76883
chr12	119213184	119413184	harbor2	chr12	119290445	119290772	LTR/ERVL	1314	-	164	119290609	77425
chr12	119213184	119413184	harbor2	chr12	119304195	119304652	LTR/ERVL	3077	-	228	119304423	91239
chr12	119213184	119413184	harbor2	chr12	119305106	119305406	LTR/ERVL	3077	-	150	119305256	92072
chr12	117169644	117369644	harbor2	chr12	117220319	117220744	LTR/ERVL	916	-	212	117220531	50887
chr12	132951108	133151108	harbor2	chr12	132970227	132970424	LTR/ERVL	682	-	98	132970325	19217
chr12	132951108	133151108	harbor2	chr12	132996922	132997239	LTR/ERVL	1903	-	158	132997080	45972
chr12	132951108	133151108	harbor2	chr12	132997460	132997530	LTR/ERVL	483	-	35	132997495	46387
chr12	132951108	133151108	harbor2	chr12	133050044	133050437	LTR/ERVL	566	-	196	133050240	99132
chr12	66689491	66889491	harbor2	chr12	66699674	66699937	LTR/ERVL	590	-	132	66699806	10315
chr12	66689491	66889491	harbor2	chr12	66750174	66750605	LTR/ERVL	944	-	216	66750390	60899
chr12	66689491	66889491	harbor2	chr12	66754553	66754754	LTR/ERVL	492	-	100	66754653	65162
chr12	66689491	66889491	harbor2	chr12	66699252	66699320	LTR/ERVL	590	-	34	66699286	9795
chr12	103720962	103920962	harbor2	chr12	103731314	103731477	LTR/ERVL	479	-	82	103731396	10434
chr12	103720962	103920962	harbor2	chr12	103763751	103763953	LTR/ERVL	622	-	101	103763852	42890
chr12	103720962	103920962	harbor2	chr12	103765415	103765576	LTR/ERVL	618	-	80	103765495	44533
chr12	103720962	103920962	harbor2	chr12	103772532	103772950	LTR/ERVL	1210	-	209	103772741	51779
chr12	93581067	93781067	harbor2	chr12	93618978	93619400	LTR/ERVL	957	-	211	93619189	38122
chr12	93581067	93781067	harbor2	chr12	93656509	93656547	LTR/ERVL	2485	-	19	93656528	75461
chr12	93581067	93781067	harbor2	chr12	93656598	93656993	LTR/ERVL	2485	-	198	93656796	75729
chr13	44084326	44284326	harbor2	chr13	44148524	44148922	LTR/ERVL	1262	-	199	44148723	64397
chr13	44084326	44284326	harbor2	chr13	44157042	44157418	LTR/ERVL	637	-	188	44157230	72904
chr13	23277787	23477787	harbor2	chr13	23281530	23281581	LTR/ERVL	470	-	26	23281556	3769
chr13	23277787	23477787	harbor2	chr13	23281912	23282278	LTR/ERVL	470	-	183	23282095	4308
chr13	23277787	23477787	harbor2	chr13	23322211	23322631	LTR/ERVL	1991	-	210	23322421	44634
chr13	103581973	103781973	harbor2	chr13	103586898	103587296	LTR/ERVL	2862	-	199	103587097	5124
chr13	89176757	89376757	harbor2	chr13	89203613	89204112	LTR/ERVL	905	-	250	89203863	27106
chr13	89176757	89376757	harbor2	chr13	89241405	89241948	LTR/ERVL	2566	-	272	89241677	64920
chr13	89176757	89376757	harbor2	chr13	89241954	89242221	LTR/ERVL	1119	-	134	89242088	65331
chr13	89176757	89376757	harbor2	chr13	89248143	89248522	LTR/ERVL	1715	-	190	89248333	71576
chr13	89176757	89376757	harbor2	chr13	89270641	89270985	LTR/ERVL	481	-	172	89270813	94056
chr13	89176757	89376757	harbor2	chr13	89272926	89273549	LTR/ERVL	488	-	312	89273238	96481
chr13	91519719	91719719	harbor2	chr13	91521596	91522422	LTR/ERVL	4013	-	413	91522009	2290
chr13	91519719	91719719	harbor2	chr13	91609560	91609949	LTR/ERVL	1301	-	194	91609754	90035
chr13	91519719	91719719	harbor2	chr13	91618103	91618618	LTR/ERVL	1217	-	258	91618361	98642
chr13	113607187	113807187	harbor2	chr13	113614821	113615038	LTR/ERVL	454	-	108	113614929	7742
chr13	78151813	78351813	harbor2	chr13	78176123	78176326	LTR/ERVL	656	-	102	78176225	24412
chr13	78151813	78351813	harbor2	chr13	78190426	78190673	LTR/ERVL	438	-	124	78190550	38737
chr13	78151813	78351813	harbor2	chr13	78190807	78191632	LTR/ERVL	3987	-	412	78191219	39406
chr13	78151813	78351813	harbor2	chr13	78191638	78192031	LTR/ERVL	961	-	196	78191834	40021
chr13	78151813	78351813	harbor2	chr13	78192055	78192995	LTR/ERVL	829	-	470	78192525	40712
chr13	78151813	78351813	harbor2	chr13	78250871	78251241	LTR/ERVL	1403	-	185	78251056	99243
chr13	69420893	69620893	harbor2	chr13	69477133	69477503	LTR/ERVL	671	-	185	69477318	56425
chr13	69420893	69620893	harbor2	chr13	69494244	69494385	LTR/ERVL	664	-	70	69494314	73421
chr13	69420893	69620893	harbor2	chr13	69499137	69499563	LTR/ERVL	2652	-	213	69499350	78457
chr13	69420893	69620893	harbor2	chr13	69499564	69499641	LTR/ERVL	818	-	38	69499602	78709
chr13	69420893	69620893	harbor2	chr13	69499949	69500000	LTR/ERVL	818	-	26	69499975	79082
chr13	69420893	69620893	harbor2	chr13	69505453	69505526	LTR/ERVL	2770	-	36	69505489	84596
chr13	69420893	69620893	harbor2	chr13	69505580	69505954	LTR/ERVL	2770	-	187	69505767	84874
chr13	69420893	69620893	harbor2	chr13	69516285	69516594	LTR/ERVL	678	-	154	69516439	95546
chr13	69420893	69620893	harbor2	chr13	69500003	69505452	LTR/ERVL	41299	-	2724	69502727	81834
chr13	81927542	82127542	harbor2	chr13	81995359	81995848	LTR/ERVL	1479	-	244	81995603	68061
chr13	75583739	75783739	harbor2	chr13	75631451	75631802	LTR/ERVL	722	-	176	75631627	47888
chr13	75583739	75783739	harbor2	chr13	75682409	75682614	LTR/ERVL	616	-	102	75682511	98772
chr13	114250005	114450005	harbor2	chr13	114328524	114328971	LTR/ERVL	841	-	224	114328748	78743
chr13	52806569	53006569	harbor2	chr13	52834348	52834840	LTR/ERVL	2816	-	246	52834594	28025
chr13	52806569	53006569	harbor2	chr13	52839986	52840364	LTR/ERVL	1164	-	189	52840175	33606
chr13	52806569	53006569	harbor2	chr13	52870857	52871355	LTR/ERVL	1100	-	249	52871106	64537
chr13	67964874	68164874	harbor2	chr13	68029100	68029379	LTR/ERVL	431	-	140	68029240	64366
chr13	67964874	68164874	harbor2	chr13	68033107	68033231	LTR/ERVL	446	-	62	68033169	68295
chr13	67964874	68164874	harbor2	chr13	68056803	68057351	LTR/ERVL	2507	-	274	68057077	92203
chr13	67964874	68164874	harbor2	chr13	68064299	68064688	LTR/ERVL	2095	-	194	68064493	99619
chr13	64001967	64201967	harbor2	chr13	64047537	64048007	LTR/ERVL	2473	-	235	64047772	45805
chr13	64001967	64201967	harbor2	chr13	64048015	64048215	LTR/ERVL	1112	-	100	64048115	46148
chr13	64001967	64201967	harbor2	chr13	64058095	64058753	LTR/ERVL	3662	-	329	64058424	56457
chr13	64001967	64201967	harbor2	chr13	64060666	64061161	LTR/ERVL	1149	-	248	64060914	58947
chr13	64001967	64201967	harbor2	chr13	64061178	64061214	LTR/ERVL	1952	-	18	64061196	59229
chr13	64001967	64201967	harbor2	chr13	64061249	64061726	LTR/ERVL	1952	-	238	64061487	59520
chr13	85029067	85229067	harbor2	chr13	85050041	85050223	LTR/ERVL	1288	-	91	85050132	21065
chr13	85029067	85229067	harbor2	chr13	85050224	85050800	LTR/ERVL	4422	-	288	85050512	21445
chr13	85029067	85229067	harbor2	chr13	85061784	85062599	LTR/ERVL	3443	-	408	85062192	33125
chr13	80288286	80488286	harbor2	chr13	80292470	80292699	LTR/ERVL	456	-	114	80292584	4298
chr13	80288286	80488286	harbor2	chr13	80378507	80378882	LTR/ERVL	2967	-	188	80378695	90409
chr13	80288286	80488286	harbor2	chr13	80382720	80382877	LTR/ERVL	759	-	78	80382798	94512
chr13	80288286	80488286	harbor2	chr13	80379313	80379915	LTR/ERVL	2967	-	301	80379614	91328
chr13	107834376	108034376	harbor2	chr13	107898078	107898602	LTR/ERVL	2323	-	262	107898340	63964
chr13	106993100	107193100	harbor2	chr13	107028222	107028537	LTR/ERVL	1295	-	158	107028380	35280
chr13	106993100	107193100	harbor2	chr13	107034778	107035017	LTR/ERVL	455	-	120	107034898	41798
chr13	106993100	107193100	harbor2	chr13	107071010	107071468	LTR/ERVL	1491	-	229	107071239	78139
chr13	106993100	107193100	harbor2	chr13	107075555	107076116	LTR/ERVL	1809	-	280	107075835	82735
chr13	60899199	61099199	harbor2	chr13	60925742	60926146	LTR/ERVL	1249	-	202	60925944	26745
chr13	60899199	61099199	harbor2	chr13	60940870	60941234	LTR/ERVL	4875	-	182	60941052	41853
chr13	60899199	61099199	harbor2	chr13	60941901	60942389	LTR/ERVL	4875	-	244	60942145	42946
chr13	60899199	61099199	harbor2	chr13	60992253	60992464	LTR/ERVL	443	-	106	60992359	93160
chr13	60899199	61099199	harbor2	chr13	60994724	60995005	LTR/ERVL	2149	-	140	60994864	95665
chr13	60899199	61099199	harbor2	chr13	60899240	60899641	LTR/ERVL	1656	-	200	60899440	241
chr13	106353966	106553966	harbor2	chr13	106358043	106358165	LTR/ERVL	592	-	61	106358104	4138
chr13	106353966	106553966	harbor2	chr13	106358540	106358811	LTR/ERVL	592	-	136	106358676	4710
chr13	106353966	106553966	harbor2	chr13	106381016	106381496	LTR/ERVL	2550	-	240	106381256	27290
chr13	105599873	105799873	harbor2	chr13	105620065	105620487	LTR/ERVL	1087	-	211	105620276	20403
chr13	105599873	105799873	harbor2	chr13	105687292	105687713	LTR/ERVL	774	-	210	105687502	87629
chr13	31225586	31425586	harbor2	chr13	31297455	31298270	LTR/ERVL	3914	-	408	31297863	72277
chr13	31225586	31425586	harbor2	chr13	31298350	31300359	LTR/ERVL	15924	-	1004	31299354	73768
chr13	31225586	31425586	harbor2	chr13	31301108	31302313	LTR/ERVL	15924	-	602	31301710	76124
chr13	31225586	31425586	harbor2	chr13	31308371	31309237	LTR/ERVL	4625	-	433	31308804	83218
chr13	31225586	31425586	harbor2	chr13	31311088	31311227	LTR/ERVL	4217	-	70	31311158	85572
chr13	31225586	31425586	harbor2	chr13	31311669	31312349	LTR/ERVL	4498	-	340	31312009	86423
chr13	31225586	31425586	harbor2	chr13	31309238	31309984	LTR/ERVL	4217	-	373	31309611	84025
chr13	90120971	90320971	harbor2	chr13	90153311	90156051	LTR/ERVL	20215	-	1370	90154681	33710
chr13	90120971	90320971	harbor2	chr13	90156052	90156487	LTR/ERVL	3020	-	218	90156270	35299
chr13	90120971	90320971	harbor2	chr13	90182558	90183061	LTR/ERVL	1989	-	252	90182810	61839
chr13	90120971	90320971	harbor2	chr13	90183362	90183492	LTR/ERVL	1989	-	65	90183427	62456
chr13	90120971	90320971	harbor2	chr13	90188538	90189057	LTR/ERVL	1075	-	260	90188798	67827
chr13	90120971	90320971	harbor2	chr13	90205669	90206376	LTR/ERVL	3677	-	354	90206023	85052
chr13	90120971	90320971	harbor2	chr13	90206878	90207212	LTR/ERVL	558	-	167	90207045	86074
chr13	90120971	90320971	harbor2	chr13	90207291	90207462	LTR/ERVL	453	-	86	90207377	86406
chr13	90120971	90320971	harbor2	chr13	90208380	90208500	LTR/ERVL	413	-	60	90208440	87469
chr13	100673014	100873014	harbor2	chr13	100728110	100728595	LTR/ERVL	2437	-	242	100728352	55338
chr13	100673014	100873014	harbor2	chr13	100730685	100730835	LTR/ERVL	496	-	75	100730760	57746
chr13	81118593	81318593	harbor2	chr13	81139537	81139742	LTR/ERVL	470	-	102	81139639	21046
chr13	81118593	81318593	harbor2	chr13	81143087	81143259	LTR/ERVL	539	-	86	81143173	24580
chr13	81118593	81318593	harbor2	chr13	81150903	81151098	LTR/ERVL	659	-	98	81151001	32408
chr13	81118593	81318593	harbor2	chr13	81199499	81199556	LTR/ERVL	455	-	28	81199527	80934
chr13	81118593	81318593	harbor2	chr13	81199853	81199952	LTR/ERVL	455	-	50	81199903	81310
chr13	81118593	81318593	harbor2	chr13	81216450	81216916	LTR/ERVL	1003	-	233	81216683	98090
chr13	68772053	68972053	harbor2	chr13	68777926	68778259	LTR/ERVL	768	-	166	68778092	6039
chr13	68772053	68972053	harbor2	chr13	68780364	68780572	LTR/ERVL	636	-	104	68780468	8415
chr13	68772053	68972053	harbor2	chr13	68798698	68799110	LTR/ERVL	780	-	206	68798904	26851
chr13	68772053	68972053	harbor2	chr13	68806123	68806445	LTR/ERVL	438	-	161	68806284	34231
chr13	68772053	68972053	harbor2	chr13	68854061	68854565	LTR/ERVL	1475	-	252	68854313	82260
chr13	103156601	103356601	harbor2	chr13	103244229	103244579	LTR/ERVL	1487	-	175	103244404	87803
chr13	77838969	78038969	harbor2	chr13	77877071	77877335	LTR/ERVL	1777	-	132	77877203	38234
chr13	77838969	78038969	harbor2	chr13	77877679	77877816	LTR/ERVL	1777	-	68	77877747	38778
chr13	79508942	79708942	harbor2	chr13	79509628	79510078	LTR/ERVL	2739	-	225	79509853	911
chr13	79508942	79708942	harbor2	chr13	79558967	79559560	LTR/ERVL	2503	-	296	79559263	50321
chr13	79508942	79708942	harbor2	chr13	79602089	79602477	LTR/ERVL	1150	-	194	79602283	93341
chr13	31315096	31515096	harbor2	chr13	31409972	31410341	LTR/ERVL	489	-	184	31410156	95060
chr13	91843147	92043147	harbor2	chr13	91904641	91905069	LTR/ERVL	978	-	214	91904855	61708
chr13	83442445	83642445	harbor2	chr13	83487214	83487519	LTR/ERVL	462	-	152	83487366	44921
chr14	78299095	78499095	harbor2	chr14	78316938	78317243	LTR/ERVL	2069	-	152	78317090	17995
chr14	78299095	78499095	harbor2	chr14	78317610	78317773	LTR/ERVL	2069	-	82	78317692	18597
chr14	78299095	78499095	harbor2	chr14	78317774	78317905	LTR/ERVL	737	-	66	78317840	18745
chr14	78299095	78499095	harbor2	chr14	78327801	78328117	LTR/ERVL	750	-	158	78327959	28864
chr14	27330265	27530265	harbor2	chr14	27409240	27409629	LTR/ERVL	2726	-	194	27409434	79169
chr14	66927967	67127967	harbor2	chr14	66964379	66964870	LTR/ERVL	1510	-	246	66964625	36658
chr14	66927967	67127967	harbor2	chr14	67024542	67024820	LTR/ERVL	1854	-	139	67024681	96714
chr14	84404078	84604078	harbor2	chr14	84438524	84438752	LTR/ERVL	1187	-	114	84438638	34560
chr14	84404078	84604078	harbor2	chr14	84439069	84439648	LTR/ERVL	1187	-	290	84439359	35281
chr14	84404078	84604078	harbor2	chr14	84449992	84450261	LTR/ERVL	991	-	134	84450126	46048
chr14	84404078	84604078	harbor2	chr14	84450595	84450745	LTR/ERVL	564	-	75	84450670	46592
chr14	84404078	84604078	harbor2	chr14	84473362	84473651	LTR/ERVL	1154	-	144	84473506	69428
chr14	84404078	84604078	harbor2	chr14	84426740	84427234	LTR/ERVL	807	-	247	84426987	22909
chr14	100007732	100207732	harbor2	chr14	100043317	100043605	LTR/ERVL	1388	-	144	100043461	35729
chr14	100007732	100207732	harbor2	chr14	100043882	100043910	LTR/ERVL	1388	-	14	100043896	36164
chr14	100007732	100207732	harbor2	chr14	100043994	100044149	LTR/ERVL	932	-	78	100044072	36340
chr14	100007732	100207732	harbor2	chr14	100082720	100083006	LTR/ERVL	843	-	143	100082863	75131
chr14	95304695	95504695	harbor2	chr14	95373726	95374553	LTR/ERVL	4266	-	414	95374140	69445
chr14	89258789	89458789	harbor2	chr14	89319196	89319719	LTR/ERVL	2350	-	262	89319458	60669
chr14	65467609	65667609	harbor2	chr14	65501559	65501709	LTR/ERVL	561	-	75	65501634	34025
chr14	65467609	65667609	harbor2	chr14	65541231	65541785	LTR/ERVL	2468	-	277	65541508	73899
chr14	95011729	95211729	harbor2	chr14	95035428	95035919	LTR/ERVL	687	-	246	95035674	23945
chr14	95011729	95211729	harbor2	chr14	95037795	95038081	LTR/ERVL	2284	-	143	95037938	26209
chr14	95011729	95211729	harbor2	chr14	95038116	95038297	LTR/ERVL	2284	-	90	95038206	26477
chr14	95011729	95211729	harbor2	chr14	95051587	95051631	LTR/ERVL	1544	-	22	95051609	39880
chr14	95011729	95211729	harbor2	chr14	95051682	95052044	LTR/ERVL	1544	-	181	95051863	40134
chr14	95011729	95211729	harbor2	chr14	95063350	95063814	LTR/ERVL	1031	-	232	95063582	51853
chr14	103321875	103521875	harbor2	chr14	103354907	103355104	LTR/ERVL	847	-	98	103355005	33130
chr14	103321875	103521875	harbor2	chr14	103355463	103355857	LTR/ERVL	847	-	197	103355660	33785
chr14	98000416	98200416	harbor2	chr14	98053668	98053995	LTR/ERVL	1388	-	164	98053832	53416
chr14	98000416	98200416	harbor2	chr14	98059354	98059771	LTR/ERVL	935	-	208	98059562	59146
chr14	95466410	95666410	harbor2	chr14	95481615	95481737	LTR/ERVL	430	-	61	95481676	15266
chr14	77119391	77319391	harbor2	chr14	77208108	77208682	LTR/ERVL	1385	-	287	77208395	89004
chr14	95753418	95953418	harbor2	chr14	95756075	95756442	LTR/ERVL	842	-	184	95756259	2841
chr14	95753418	95953418	harbor2	chr14	95778207	95778675	LTR/ERVL	2454	-	234	95778441	25023
chr14	95753418	95953418	harbor2	chr14	95794772	95795248	LTR/ERVL	875	-	238	95795010	41592
chr14	95753418	95953418	harbor2	chr14	95809554	95809953	LTR/ERVL	1855	-	200	95809754	56336
chr14	95753418	95953418	harbor2	chr14	95841630	95842019	LTR/ERVL	939	-	194	95841824	88406
chr14	81844453	82044453	harbor2	chr14	81844100	81848542	LTR/ERVL	30815	-	2221	81846321	1868
chr14	81844453	82044453	harbor2	chr14	81848543	81849084	LTR/ERVL	1940	-	270	81848813	4360
chr14	81844453	82044453	harbor2	chr14	81870178	81870556	LTR/ERVL	2120	-	189	81870367	25914
chr14	81844453	82044453	harbor2	chr14	81870850	81871132	LTR/ERVL	2120	-	141	81870991	26538
chr14	71188843	71388843	harbor2	chr14	71201711	71202239	LTR/ERVL	3024	-	264	71201975	13132
chr14	71188843	71388843	harbor2	chr14	71202828	71203282	LTR/ERVL	1545	-	227	71203055	14212
chr14	71188843	71388843	harbor2	chr14	71259367	71259814	LTR/ERVL	1918	-	224	71259591	70748
chr14	87649716	87849716	harbor2	chr14	87653446	87653916	LTR/ERVL	2313	-	235	87653681	3965
chr14	87649716	87849716	harbor2	chr14	87684084	87684367	LTR/ERVL	1480	-	142	87684226	34510
chr14	87649716	87849716	harbor2	chr14	87689753	87689904	LTR/ERVL	551	-	76	87689829	40113
chr14	87649716	87849716	harbor2	chr14	87709609	87709804	LTR/ERVL	429	-	98	87709707	59991
chr14	87649716	87849716	harbor2	chr14	87709811	87711139	LTR/ERVL	3216	-	664	87710475	60759
chr14	87649716	87849716	harbor2	chr14	87711239	87711608	LTR/ERVL	1190	-	184	87711423	61707
chr14	87649716	87849716	harbor2	chr14	87727173	87727522	LTR/ERVL	977	-	174	87727347	77631
chr14	87649716	87849716	harbor2	chr14	87747966	87748303	LTR/ERVL	2174	-	168	87748134	98418
chr14	83320605	83520605	harbor2	chr14	83320756	83321195	LTR/ERVL	1529	-	220	83320976	371
chr14	83320605	83520605	harbor2	chr14	83331409	83331840	LTR/ERVL	2569	-	216	83331625	11020
chr14	83320605	83520605	harbor2	chr14	83372676	83373231	LTR/ERVL	2194	-	278	83372954	52349
chr14	83320605	83520605	harbor2	chr14	83395405	83395656	LTR/ERVL	787	-	126	83395531	74926
chr14	95706846	95906846	harbor2	chr14	95739390	95739703	LTR/ERVL	902	-	156	95739546	32700
chr14	95706846	95906846	harbor2	chr14	95739719	95739860	LTR/ERVL	502	-	70	95739789	32943
chr14	95706846	95906846	harbor2	chr14	95756075	95756442	LTR/ERVL	842	-	184	95756259	49413
chr14	95706846	95906846	harbor2	chr14	95778207	95778675	LTR/ERVL	2454	-	234	95778441	71595
chr14	95706846	95906846	harbor2	chr14	95794772	95795248	LTR/ERVL	875	-	238	95795010	88164
chr14	99291582	99491582	harbor2	chr14	99325296	99325730	LTR/ERVL	1668	-	217	99325513	33931
chr14	99291582	99491582	harbor2	chr14	99369852	99370011	LTR/ERVL	1007	-	80	99369932	78350
chr14	99291582	99491582	harbor2	chr14	99370322	99370566	LTR/ERVL	1007	-	122	99370444	78862
chr14	104235296	104435296	harbor2	chr14	104236555	104237039	LTR/ERVL	2029	-	242	104236797	1501
chr14	104235296	104435296	harbor2	chr14	104269810	104270273	LTR/ERVL	1273	-	232	104270042	34746
chr14	104235296	104435296	harbor2	chr14	104305174	104305557	LTR/ERVL	899	-	192	104305366	70070
chr14	104235296	104435296	harbor2	chr14	104315806	104316101	LTR/ERVL	713	-	148	104315954	80658
chr14	94883246	95083246	harbor2	chr14	94925420	94925610	LTR/ERVL	408	-	95	94925515	42269
chr14	94883246	95083246	harbor2	chr14	94946687	94947067	LTR/ERVL	606	-	190	94946877	63631
chr14	94883246	95083246	harbor2	chr14	94957575	94957731	LTR/ERVL	576	-	78	94957653	74407
chr14	94883246	95083246	harbor2	chr14	94967555	94967808	LTR/ERVL	1474	-	126	94967681	84435
chr14	94883246	95083246	harbor2	chr14	94981135	94981515	LTR/ERVL	1408	-	190	94981325	98079
chr14	104476017	104676017	harbor2	chr14	104573011	104573412	LTR/ERVL	556	-	200	104573211	97194
chr14	33576013	33776013	harbor2	chr14	33602369	33602499	LTR/ERVL	894	-	65	33602434	26421
chr14	103115900	103315900	harbor2	chr14	103141765	103142414	LTR/ERVL	3031	-	324	103142089	26189
chr14	103115900	103315900	harbor2	chr14	103142858	103143466	LTR/ERVL	3031	-	304	103143162	27262
chr14	103115900	103315900	harbor2	chr14	103145982	103146335	LTR/ERVL	931	-	176	103146158	30258
chr14	103115900	103315900	harbor2	chr14	103147088	103147362	LTR/ERVL	882	-	137	103147225	31325
chr14	103115900	103315900	harbor2	chr14	103149449	103149852	LTR/ERVL	1264	-	202	103149651	33751
chr14	103115900	103315900	harbor2	chr14	103197605	103197809	LTR/ERVL	658	-	102	103197707	81807
chr14	103115900	103315900	harbor2	chr14	103197985	103198445	LTR/ERVL	1461	-	230	103198215	82315
chr14	103115900	103315900	harbor2	chr14	103199192	103199290	LTR/ERVL	431	-	49	103199241	83341
chr14	103115900	103315900	harbor2	chr14	103212736	103212918	LTR/ERVL	542	-	91	103212827	96927
chr14	103115900	103315900	harbor2	chr14	103212931	103213965	LTR/ERVL	4100	-	517	103213448	97548
chr14	103115900	103315900	harbor2	chr14	103214274	103214436	LTR/ERVL	4100	-	81	103214355	98455
chr14	89793742	89993742	harbor2	chr14	89827005	89827303	LTR/ERVL	737	-	149	89827154	33412
chr14	89793742	89993742	harbor2	chr14	89871158	89871315	LTR/ERVL	592	-	78	89871236	77494
chr14	89793742	89993742	harbor2	chr14	89886093	89886235	LTR/ERVL	988	-	71	89886164	92422
chr14	89793742	89993742	harbor2	chr14	89886545	89886627	LTR/ERVL	988	-	41	89886586	92844
chr14	48653750	48853750	harbor2	chr14	48693401	48693598	LTR/ERVL	904	-	98	48693499	39749
chr14	48653750	48853750	harbor2	chr14	48739690	48740168	LTR/ERVL	637	-	239	48739929	86179
chr14	74156785	74356785	harbor2	chr14	74161828	74162047	LTR/ERVL	629	-	110	74161938	5153
chr14	48553100	48753100	harbor2	chr14	48595279	48595901	LTR/ERVL	2512	-	311	48595590	42490
chr14	48553100	48753100	harbor2	chr14	48623245	48623292	LTR/ERVL	1584	-	24	48623269	70169
chr14	48553100	48753100	harbor2	chr14	48623392	48623807	LTR/ERVL	1584	-	208	48623600	70500
chr14	48553100	48753100	harbor2	chr14	48643330	48643494	LTR/ERVL	515	-	82	48643412	90312
chr14	96935129	97135129	harbor2	chr14	96962189	96962668	LTR/ERVL	777	-	240	96962429	27300
chr14	76525809	76725809	harbor2	chr14	76563859	76564128	LTR/ERVL	735	-	134	76563993	38184
chr14	76525809	76725809	harbor2	chr14	76566215	76566590	LTR/ERVL	952	-	188	76566403	40594
chr14	76525809	76725809	harbor2	chr14	76572317	76572609	LTR/ERVL	1555	-	146	76572463	46654
chr14	76525809	76725809	harbor2	chr14	76572813	76572958	LTR/ERVL	989	-	72	76572885	47076
chr14	76525809	76725809	harbor2	chr14	76573261	76573336	LTR/ERVL	989	-	38	76573299	47490
chr14	76525809	76725809	harbor2	chr14	76604460	76604621	LTR/ERVL	772	-	80	76604540	78731
chr14	76525809	76725809	harbor2	chr14	76615774	76616598	LTR/ERVL	3748	-	412	76616186	90377
chr14	85272534	85472534	harbor2	chr14	85290249	85290733	LTR/ERVL	2211	-	242	85290491	17957
chr14	85272534	85472534	harbor2	chr14	85321350	85321820	LTR/ERVL	1163	-	235	85321585	49051
chr14	85272534	85472534	harbor2	chr14	85357661	85358595	LTR/ERVL	4265	-	467	85358128	85594
chr14	54251616	54451616	harbor2	chr14	54277738	54278206	LTR/ERVL	2188	-	234	54277972	26356
chr14	54251616	54451616	harbor2	chr14	54278631	54278756	LTR/ERVL	615	-	62	54278693	27077
chr14	106413444	106613444	harbor2	chr14	106466170	106466387	LTR/ERVL	565	-	108	106466278	52834
chr14	106413444	106613444	harbor2	chr14	106466391	106466993	LTR/ERVL	1109	-	301	106466692	53248
chr14	88834696	89034696	harbor2	chr14	88863193	88863724	LTR/ERVL	2594	-	266	88863459	28763
chr14	88834696	89034696	harbor2	chr14	88867963	88868206	LTR/ERVL	472	-	122	88868085	33389
chr14	88834696	89034696	harbor2	chr14	88909791	88909971	LTR/ERVL	471	-	90	88909881	75185
chr14	88834696	89034696	harbor2	chr14	88914032	88914600	LTR/ERVL	2448	-	284	88914316	79620
chr14	88834696	89034696	harbor2	chr14	88922123	88922227	LTR/ERVL	427	-	52	88922175	87479
chr14	88834696	89034696	harbor2	chr14	88922281	88922638	LTR/ERVL	1421	-	178	88922459	87763
chr14	88834696	89034696	harbor2	chr14	88866473	88866830	LTR/ERVL	1002	-	178	88866651	31955
chr14	106165461	106365461	harbor2	chr14	106207572	106207733	LTR/ERVL	619	-	80	106207652	42191
chr14	39852683	40052683	harbor2	chr14	39854648	39854927	LTR/ERVL	748	-	140	39854788	2105
chr14	39852683	40052683	harbor2	chr14	39854929	39855373	LTR/ERVL	1792	-	222	39855151	2468
chr14	39852683	40052683	harbor2	chr14	39860476	39860935	LTR/ERVL	1896	-	230	39860706	8023
chr14	39852683	40052683	harbor2	chr14	39913770	39914188	LTR/ERVL	1352	-	209	39913979	61296
chr14	79056172	79256172	harbor2	chr14	79132720	79133140	LTR/ERVL	1669	-	210	79132930	76758
chr14	86274117	86474117	harbor2	chr14	86368014	86368500	LTR/ERVL	1936	-	243	86368257	94140
chr14	87964188	88164188	harbor2	chr14	88023380	88023579	LTR/ERVL	504	-	100	88023480	59292
chr14	87964188	88164188	harbor2	chr14	88027604	88028053	LTR/ERVL	693	-	224	88027828	63640
chr14	87964188	88164188	harbor2	chr14	88028241	88029084	LTR/ERVL	560	-	422	88028663	64475
chr14	87964188	88164188	harbor2	chr14	88029720	88030073	LTR/ERVL	899	-	176	88029896	65708
chr14	87964188	88164188	harbor2	chr14	88030519	88030623	LTR/ERVL	899	-	52	88030571	66383
chr14	87964188	88164188	harbor2	chr14	88031743	88031887	LTR/ERVL	1718	-	72	88031815	67627
chr14	87964188	88164188	harbor2	chr14	88032110	88032941	LTR/ERVL	1718	-	416	88032526	68338
chr14	87964188	88164188	harbor2	chr14	88033419	88034300	LTR/ERVL	1718	-	440	88033859	69671
chr14	87964188	88164188	harbor2	chr14	88030695	88031261	LTR/ERVL	706	-	283	88030978	66790
chr14	104940505	105140505	harbor2	chr14	105024122	105024358	LTR/ERVL	888	-	118	105024240	83735
chr14	94390701	94590701	harbor2	chr14	94410510	94410807	LTR/ERVL	655	-	148	94410658	19957
chr14	94390701	94590701	harbor2	chr14	94411064	94411203	LTR/ERVL	674	-	70	94411134	20433
chr14	94390701	94590701	harbor2	chr14	94411450	94412016	LTR/ERVL	1848	-	283	94411733	21032
chr14	94390701	94590701	harbor2	chr14	94435920	94436327	LTR/ERVL	1373	-	204	94436124	45423
chr14	98483380	98683380	harbor2	chr14	98506608	98507028	LTR/ERVL	973	-	210	98506818	23438
chr14	98483380	98683380	harbor2	chr14	98548059	98548331	LTR/ERVL	1245	-	136	98548195	64815
chr14	98483380	98683380	harbor2	chr14	98548975	98549351	LTR/ERVL	1677	-	188	98549163	65783
chr14	98483380	98683380	harbor2	chr14	98576434	98576803	LTR/ERVL	1500	-	184	98576618	93238
chr14	106765419	106965419	harbor2	chr14	106792085	106793033	LTR/ERVL	2789	-	474	106792559	27140
chr14	106765419	106965419	harbor2	chr14	106793060	106793413	LTR/ERVL	1403	-	176	106793236	27817
chr14	106765419	106965419	harbor2	chr14	106832814	106833405	LTR/ERVL	1414	-	296	106833110	67691
chr14	106765419	106965419	harbor2	chr14	106833419	106834073	LTR/ERVL	3505	-	327	106833746	68327
chr14	106765419	106965419	harbor2	chr14	106853300	106853524	LTR/ERVL	491	-	112	106853412	87993
chr14	106765419	106965419	harbor2	chr14	106853531	106853890	LTR/ERVL	1167	-	180	106853711	88292
chr14	65811169	66011169	harbor2	chr14	65888150	65888326	LTR/ERVL	1386	-	88	65888238	77069
chr14	65811169	66011169	harbor2	chr14	65888610	65888995	LTR/ERVL	1970	-	192	65888802	77633
chr14	74720793	74920793	harbor2	chr14	74794530	74795378	LTR/ERVL	2780	-	424	74794954	74161
chr14	83457160	83657160	harbor2	chr14	83514703	83515100	LTR/ERVL	711	-	198	83514901	57741
chr14	83457160	83657160	harbor2	chr14	83518422	83518633	LTR/ERVL	2159	-	106	83518528	61368
chr14	83457160	83657160	harbor2	chr14	83518661	83518876	LTR/ERVL	2159	-	108	83518769	61609
chr14	83457160	83657160	harbor2	chr14	83526102	83526172	LTR/ERVL	444	-	35	83526137	68977
chr14	80222000	80422000	harbor2	chr14	80224810	80225246	LTR/ERVL	3196	-	218	80225028	3028
chr14	80222000	80422000	harbor2	chr14	80225247	80230830	LTR/ERVL	44372	-	2792	80228039	6039
chr14	80222000	80422000	harbor2	chr14	80230831	80231256	LTR/ERVL	3021	-	212	80231043	9043
chr14	80222000	80422000	harbor2	chr14	80278356	80278872	LTR/ERVL	2477	-	258	80278614	56614
chr14	55825765	56025765	harbor2	chr14	55829519	55829665	LTR/ERVL	560	-	73	55829592	3827
chr14	55825765	56025765	harbor2	chr14	55829723	55829848	LTR/ERVL	481	-	62	55829785	4020
chr14	55825765	56025765	harbor2	chr14	55834659	55835214	LTR/ERVL	3403	-	278	55834937	9172
chr14	55825765	56025765	harbor2	chr14	55922204	55922761	LTR/ERVL	2754	-	278	55922482	96717
chr14	106536935	106736935	harbor2	chr14	106567399	106567524	LTR/ERVL	668	-	62	106567461	30526
chr14	106536935	106736935	harbor2	chr14	106567527	106567782	LTR/ERVL	1491	-	128	106567655	30720
chr14	106536935	106736935	harbor2	chr14	106568095	106568164	LTR/ERVL	1491	-	34	106568129	31194
chr14	106536935	106736935	harbor2	chr14	106568208	106568555	LTR/ERVL	2053	-	174	106568382	31447
chr14	106536935	106736935	harbor2	chr14	106580854	106581208	LTR/ERVL	1103	-	177	106581031	44096
chr14	106536935	106736935	harbor2	chr14	106581509	106581644	LTR/ERVL	420	-	68	106581577	44642
chr14	83269944	83469944	harbor2	chr14	83290026	83290395	LTR/ERVL	1351	-	184	83290210	20266
chr14	83269944	83469944	harbor2	chr14	83320756	83321195	LTR/ERVL	1529	-	220	83320976	51032
chr14	83269944	83469944	harbor2	chr14	83331409	83331840	LTR/ERVL	2569	-	216	83331625	61681
chr14	83269944	83469944	harbor2	chr14	83279812	83280404	LTR/ERVL	1560	-	296	83280108	10164
chr14	96717236	96917236	harbor2	chr14	96790955	96791632	LTR/ERVL	2490	-	338	96791293	74057
chr14	96717236	96917236	harbor2	chr14	96791646	96791952	LTR/ERVL	736	-	153	96791799	74563
chr14	96717236	96917236	harbor2	chr14	96795450	96795927	LTR/ERVL	862	-	238	96795688	78452
chr14	106146599	106346599	harbor2	chr14	106207572	106207733	LTR/ERVL	619	-	80	106207652	61053
chr14	101705393	101905393	harbor2	chr14	101722417	101722759	LTR/ERVL	487	-	171	101722588	17195
chr14	104132515	104332515	harbor2	chr14	104212073	104212359	LTR/ERVL	489	-	143	104212216	79701
chr14	103901865	104101865	harbor2	chr14	103953452	103954015	LTR/ERVL	2660	-	282	103953734	51869
chr14	103901865	104101865	harbor2	chr14	103989420	103990330	LTR/ERVL	1353	-	455	103989875	88010
chr14	72289946	72489946	harbor2	chr14	72317779	72317932	LTR/ERVL	1186	-	76	72317855	27909
chr14	72289946	72489946	harbor2	chr14	72318195	72318489	LTR/ERVL	2155	-	147	72318342	28396
chr14	72289946	72489946	harbor2	chr14	72327847	72328337	LTR/ERVL	2656	-	245	72328092	38146
chr14	72289946	72489946	harbor2	chr14	72332349	72332648	LTR/ERVL	511	-	150	72332499	42553
chr14	72289946	72489946	harbor2	chr14	72363800	72363892	LTR/ERVL	599	-	46	72363846	73900
chr14	72289946	72489946	harbor2	chr14	72370299	72370631	LTR/ERVL	2082	-	166	72370465	80519
chr14	95531670	95731670	harbor2	chr14	95582728	95583135	LTR/ERVL	2878	-	204	95582932	51262
chr14	95531670	95731670	harbor2	chr14	95595885	95596329	LTR/ERVL	1411	-	222	95596107	64437
chr14	101711565	101911565	harbor2	chr14	101722417	101722759	LTR/ERVL	487	-	171	101722588	11023
chr14	33572273	33772273	harbor2	chr14	33602369	33602499	LTR/ERVL	894	-	65	33602434	30161
chr14	80432504	80632504	harbor2	chr14	80444849	80445393	LTR/ERVL	2055	-	272	80445121	12617
chr14	87842599	88042599	harbor2	chr14	87851042	87851462	LTR/ERVL	1950	-	210	87851252	8653
chr14	87842599	88042599	harbor2	chr14	87867611	87869502	LTR/ERVL	4459	-	946	87868557	25958
chr14	87842599	88042599	harbor2	chr14	87869503	87869900	LTR/ERVL	1086	-	198	87869701	27102
chr14	87842599	88042599	harbor2	chr14	87875849	87876271	LTR/ERVL	2134	-	211	87876060	33461
chr14	87842599	88042599	harbor2	chr14	87887144	87887527	LTR/ERVL	580	-	192	87887336	44737
chr14	87842599	88042599	harbor2	chr14	87921656	87921696	LTR/ERVL	1796	-	20	87921676	79077
chr14	87842599	88042599	harbor2	chr14	87921743	87921796	LTR/ERVL	1796	-	26	87921769	79170
chr14	87842599	88042599	harbor2	chr14	87922157	87922451	LTR/ERVL	1796	-	147	87922304	79705
chr14	87842599	88042599	harbor2	chr14	87867274	87867609	LTR/ERVL	1500	-	168	87867442	24843
chr14	70560515	70760515	harbor2	chr14	70612549	70613079	LTR/ERVL	2071	-	265	70612814	52299
chr14	70560515	70760515	harbor2	chr14	70631915	70632180	LTR/ERVL	506	-	132	70632047	71532
chr14	40995967	41195967	harbor2	chr14	41047029	41047164	LTR/ERVL	433	-	68	41047097	51130
chr14	62055953	62255953	harbor2	chr14	62055724	62056066	LTR/ERVL	1162	-	171	62055895	58
chr14	62055953	62255953	harbor2	chr14	62057088	62057282	LTR/ERVL	1393	-	97	62057185	1232
chr14	62055953	62255953	harbor2	chr14	62072507	62072752	LTR/ERVL	1129	-	122	62072629	16676
chr14	62055953	62255953	harbor2	chr14	62078495	62078708	LTR/ERVL	438	-	106	62078601	22648
chr14	62055953	62255953	harbor2	chr14	62085010	62085445	LTR/ERVL	910	-	218	62085228	29275
chr14	62055953	62255953	harbor2	chr14	62151346	62151861	LTR/ERVL	1021	-	258	62151604	95651
chr14	79464095	79664095	harbor2	chr14	79515111	79515547	LTR/ERVL	1269	-	218	79515329	51234
chr14	103342273	103542273	harbor2	chr14	103354907	103355104	LTR/ERVL	847	-	98	103355005	12732
chr14	103342273	103542273	harbor2	chr14	103355463	103355857	LTR/ERVL	847	-	197	103355660	13387
chr14	61704763	61904763	harbor2	chr14	61753557	61753976	LTR/ERVL	1756	-	210	61753767	49004
chr14	61704763	61904763	harbor2	chr14	61754540	61754631	LTR/ERVL	407	-	46	61754586	49823
chr14	21814439	22014439	harbor2	chr14	21824105	21824472	LTR/ERVL	1978	-	184	21824289	9850
chr14	21814439	22014439	harbor2	chr14	21833755	21834187	LTR/ERVL	1498	-	216	21833971	19532
chr14	21814439	22014439	harbor2	chr14	21834199	21834358	LTR/ERVL	675	-	80	21834279	19840
chr14	21814439	22014439	harbor2	chr14	21834432	21834634	LTR/ERVL	4346	-	101	21834533	20094
chr14	21814439	22014439	harbor2	chr14	21836524	21837351	LTR/ERVL	4346	-	414	21836938	22499
chr14	21814439	22014439	harbor2	chr14	21843620	21843991	LTR/ERVL	1092	-	186	21843806	29367
chr14	21814439	22014439	harbor2	chr14	21856130	21856180	LTR/ERVL	1257	-	25	21856155	41716
chr14	21814439	22014439	harbor2	chr14	21856589	21857005	LTR/ERVL	1257	-	208	21856797	42358
chr14	21814439	22014439	harbor2	chr14	21882195	21882649	LTR/ERVL	1720	-	227	21882422	67983
chr14	21814439	22014439	harbor2	chr14	21882651	21883395	LTR/ERVL	1714	-	372	21883023	68584
chr14	21814439	22014439	harbor2	chr14	21883407	21883912	LTR/ERVL	1715	-	252	21883659	69220
chr14	21814439	22014439	harbor2	chr14	21890615	21890980	LTR/ERVL	1120	-	182	21890797	76358
chr14	21814439	22014439	harbor2	chr14	21891532	21891602	LTR/ERVL	1120	-	35	21891567	77128
chr14	21814439	22014439	harbor2	chr14	21908919	21909387	LTR/ERVL	1376	-	234	21909153	94714
chr14	66173583	66373583	harbor2	chr14	66209279	66209367	LTR/ERVL	2383	-	44	66209323	35740
chr14	66173583	66373583	harbor2	chr14	66209414	66209735	LTR/ERVL	2383	-	160	66209574	35991
chr14	66173583	66373583	harbor2	chr14	66219113	66219851	LTR/ERVL	3760	-	369	66219482	45899
chr14	66173583	66373583	harbor2	chr14	66243306	66243764	LTR/ERVL	1417	-	229	66243535	69952
chr14	94647001	94847001	harbor2	chr14	94648085	94648326	LTR/ERVL	1490	-	120	94648205	1204
chr14	94647001	94847001	harbor2	chr14	94648986	94649213	LTR/ERVL	1416	-	114	94649100	2099
chr14	94647001	94847001	harbor2	chr14	94717036	94717355	LTR/ERVL	1469	-	160	94717196	70195
chr14	50931066	51131066	harbor2	chr14	50947801	50948196	LTR/ERVL	702	-	198	50947999	16933
chr15	87162145	87362145	harbor2	chr15	87168238	87168699	LTR/ERVL	2041	-	230	87168468	6323
chr15	87162145	87362145	harbor2	chr15	87179619	87180066	LTR/ERVL	1115	-	224	87179843	17698
chr15	93009396	93209396	harbor2	chr15	93092713	93092999	LTR/ERVL	3417	-	143	93092856	83460
chr15	93009396	93209396	harbor2	chr15	93093026	93093382	LTR/ERVL	3417	-	178	93093204	83808
chr15	93009396	93209396	harbor2	chr15	93094129	93094248	LTR/ERVL	521	-	60	93094189	84793
chr15	93009396	93209396	harbor2	chr15	93094248	93095417	LTR/ERVL	5314	-	584	93094832	85436
chr15	93009396	93209396	harbor2	chr15	93095740	93096461	LTR/ERVL	5324	-	360	93096100	86704
chr15	93009396	93209396	harbor2	chr15	93096758	93097167	LTR/ERVL	5324	-	204	93096962	87566
chr15	93009396	93209396	harbor2	chr15	93097775	93097816	LTR/ERVL	5324	-	20	93097795	88399
chr15	93009396	93209396	harbor2	chr15	93099756	93100118	LTR/ERVL	3375	-	181	93099937	90541
chr15	93009396	93209396	harbor2	chr15	93100415	93100670	LTR/ERVL	3375	-	128	93100543	91147
chr15	93009396	93209396	harbor2	chr15	93093507	93094134	LTR/ERVL	1814	-	314	93093821	84425
chr15	101253459	101453459	harbor2	chr15	101261601	101262455	LTR/ERVL	4169	-	427	101262028	8569
chr15	101253459	101453459	harbor2	chr15	101347760	101347931	LTR/ERVL	444	-	86	101347846	94387
chr15	91613666	91813666	harbor2	chr15	91621293	91621585	LTR/ERVL	679	-	146	91621439	7773
chr15	91613666	91813666	harbor2	chr15	91698484	91698825	LTR/ERVL	1564	-	170	91698654	84988
chr15	91613666	91813666	harbor2	chr15	91704222	91704565	LTR/ERVL	934	-	172	91704394	90728
chr15	91613666	91813666	harbor2	chr15	91704606	91704728	LTR/ERVL	553	-	61	91704667	91001
chr15	84950446	85150446	harbor2	chr15	85002071	85002791	LTR/ERVL	1791	-	360	85002431	51985
chr15	48254419	48454419	harbor2	chr15	48304498	48304889	LTR/ERVL	992	-	196	48304694	50275
chr15	48254419	48454419	harbor2	chr15	48318028	48318458	LTR/ERVL	569	-	215	48318243	63824
chr15	48254419	48454419	harbor2	chr15	48347708	48348117	LTR/ERVL	2386	-	204	48347912	93493
chr15	80240601	80440601	harbor2	chr15	80296384	80296980	LTR/ERVL	3497	-	298	80296682	56081
chr15	80240601	80440601	harbor2	chr15	80317757	80318078	LTR/ERVL	796	-	160	80317917	77316
chr15	80240601	80440601	harbor2	chr15	80318422	80318484	LTR/ERVL	796	-	31	80318453	77852
chr15	101231254	101431254	harbor2	chr15	101261601	101262455	LTR/ERVL	4169	-	427	101262028	30774
chr15	88189601	88389601	harbor2	chr15	88209434	88209912	LTR/ERVL	1369	-	239	88209673	20072
chr15	37765971	37965971	harbor2	chr15	37777060	37777524	LTR/ERVL	1970	-	232	37777292	11321
chr15	37765971	37965971	harbor2	chr15	37798449	37798481	LTR/ERVL	923	-	16	37798465	32494
chr15	37765971	37965971	harbor2	chr15	37797493	37798235	LTR/ERVL	1666	-	371	37797864	31893
chr15	100653583	100853583	harbor2	chr15	100751586	100751861	LTR/ERVL	2202	-	138	100751724	98141
chr15	100653583	100853583	harbor2	chr15	100752146	100752282	LTR/ERVL	2202	-	68	100752214	98631
chr15	92004002	92204002	harbor2	chr15	92005464	92005675	LTR/ERVL	417	-	106	92005570	1568
chr15	47435603	47635603	harbor2	chr15	47522774	47523226	LTR/ERVL	831	-	226	47523000	87397
chr15	90165452	90365452	harbor2	chr15	90224363	90224579	LTR/ERVL	724	-	108	90224471	59019
chr15	28086898	28286898	harbor2	chr15	28129126	28129657	LTR/ERVL	2030	-	266	28129392	42494
chr15	100727768	100927768	harbor2	chr15	100751586	100751861	LTR/ERVL	2202	-	138	100751724	23956
chr15	100727768	100927768	harbor2	chr15	100752146	100752282	LTR/ERVL	2202	-	68	100752214	24446
chr15	100727768	100927768	harbor2	chr15	100794865	100795410	LTR/ERVL	1801	-	272	100795137	67369
chr15	100727768	100927768	harbor2	chr15	100806677	100806966	LTR/ERVL	919	-	144	100806821	79053
chr15	100727768	100927768	harbor2	chr15	100807035	100807159	LTR/ERVL	31611	-	62	100807097	79329
chr15	100727768	100927768	harbor2	chr15	100811651	100814316	LTR/ERVL	31611	-	1332	100812983	85215
chr15	100727768	100927768	harbor2	chr15	100814325	100814413	LTR/ERVL	1176	-	44	100814369	86601
chr15	100727768	100927768	harbor2	chr15	100815161	100815414	LTR/ERVL	1176	-	126	100815287	87519
chr15	100727768	100927768	harbor2	chr15	100808705	100811351	LTR/ERVL	31611	-	1323	100810028	82260
chr15	83887786	84087786	harbor2	chr15	83938260	83938400	LTR/ERVL	495	-	70	83938330	50544
chr15	93240863	93440863	harbor2	chr15	93251920	93252378	LTR/ERVL	2564	-	229	93252149	11286
chr15	93990623	94190623	harbor2	chr15	94033449	94033666	LTR/ERVL	714	-	108	94033557	42934
chr15	93990623	94190623	harbor2	chr15	94034551	94034783	LTR/ERVL	636	-	116	94034667	44044
chr15	41264784	41464784	harbor2	chr15	41291778	41291947	LTR/ERVL	488	-	84	41291862	27078
chr15	88998982	89198982	harbor2	chr15	89000387	89000730	LTR/ERVL	2287	-	172	89000559	1577
chr15	88998982	89198982	harbor2	chr15	89001026	89001094	LTR/ERVL	2287	-	34	89001060	2078
chr15	88998982	89198982	harbor2	chr15	89001927	89002145	LTR/ERVL	1166	-	109	89002036	3054
chr15	88998982	89198982	harbor2	chr15	89071042	89071137	LTR/ERVL	2624	-	48	89071090	72108
chr15	88998982	89198982	harbor2	chr15	89071436	89071812	LTR/ERVL	2624	-	188	89071624	72642
chr15	27184835	27384835	harbor2	chr15	27271916	27272476	LTR/ERVL	2642	-	280	27272196	87361
chr15	31105510	31305510	harbor2	chr15	31170076	31170396	LTR/ERVL	1301	-	160	31170236	64726
chr15	95759439	95959439	harbor2	chr15	95814539	95814857	LTR/ERVL	1063	-	159	95814698	55259
chr15	95759439	95959439	harbor2	chr15	95814875	95815186	LTR/ERVL	478	-	156	95815031	55592
chr15	95759439	95959439	harbor2	chr15	95815526	95816192	LTR/ERVL	796	-	333	95815859	56420
chr15	95759439	95959439	harbor2	chr15	95816227	95816265	LTR/ERVL	727	-	19	95816246	56807
chr15	95759439	95959439	harbor2	chr15	95816465	95816820	LTR/ERVL	1193	-	178	95816643	57204
chr15	99805976	100005976	harbor2	chr15	99839303	99839662	LTR/ERVL	990	-	180	99839483	33507
chr15	99805976	100005976	harbor2	chr15	99851480	99851922	LTR/ERVL	2953	-	221	99851701	45725
chr15	99805976	100005976	harbor2	chr15	99866782	99867244	LTR/ERVL	587	-	231	99867013	61037
chr15	81593607	81793607	harbor2	chr15	81637924	81638156	LTR/ERVL	419	-	116	81638040	44433
chr15	81593607	81793607	harbor2	chr15	81638157	81638553	LTR/ERVL	945	-	198	81638355	44748
chr15	92406950	92606950	harbor2	chr15	92425498	92426028	LTR/ERVL	2227	-	265	92425763	18813
chr15	92406950	92606950	harbor2	chr15	92476436	92476594	LTR/ERVL	442	-	79	92476515	69565
chr15	92406950	92606950	harbor2	chr15	92479049	92479549	LTR/ERVL	1498	-	250	92479299	72349
chr15	92406950	92606950	harbor2	chr15	92503966	92504109	LTR/ERVL	430	-	72	92504038	97088
chr15	100205344	100405344	harbor2	chr15	100223830	100224215	LTR/ERVL	2556	-	192	100224022	18678
chr15	91885842	92085842	harbor2	chr15	91934009	91934428	LTR/ERVL	1560	-	210	91934219	48377
chr15	53092892	53292892	harbor2	chr15	53098600	53098692	LTR/ERVL	413	-	46	53098646	5754
chr15	53092892	53292892	harbor2	chr15	53174852	53175144	LTR/ERVL	573	-	146	53174998	82106
chr15	97501674	97701674	harbor2	chr15	97522730	97523346	LTR/ERVL	726	-	308	97523038	21364
chr15	97501674	97701674	harbor2	chr15	97540490	97540914	LTR/ERVL	1251	-	212	97540702	39028
chr15	97501674	97701674	harbor2	chr15	97541107	97541580	LTR/ERVL	522	-	236	97541343	39669
chr15	97501674	97701674	harbor2	chr15	97541644	97541950	LTR/ERVL	956	-	153	97541797	40123
chr15	97501674	97701674	harbor2	chr15	97546274	97546702	LTR/ERVL	1666	-	214	97546488	44814
chr15	97501674	97701674	harbor2	chr15	97546703	97546934	LTR/ERVL	797	-	116	97546819	45145
chr15	97501674	97701674	harbor2	chr15	97546919	97547410	LTR/ERVL	2121	-	246	97547165	45491
chr15	97501674	97701674	harbor2	chr15	97547796	97548375	LTR/ERVL	2121	-	290	97548086	46412
chr15	93550710	93750710	harbor2	chr15	93606026	93606537	LTR/ERVL	747	-	256	93606282	55572
chr15	93550710	93750710	harbor2	chr15	93637806	93638792	LTR/ERVL	1953	-	493	93638299	87589
chr15	93550710	93750710	harbor2	chr15	93638881	93639273	LTR/ERVL	954	-	196	93639077	88367
chr15	93550710	93750710	harbor2	chr15	93639586	93639745	LTR/ERVL	954	-	80	93639666	88956
chr15	53122743	53322743	harbor2	chr15	53174852	53175144	LTR/ERVL	573	-	146	53174998	52255
chr15	53122743	53322743	harbor2	chr15	53218054	53218368	LTR/ERVL	1134	-	157	53218211	95468
chr15	59830782	60030782	harbor2	chr15	59838760	59838902	LTR/ERVL	423	-	71	59838831	8049
chr15	59830782	60030782	harbor2	chr15	59839206	59839389	LTR/ERVL	736	-	92	59839298	8516
chr15	59830782	60030782	harbor2	chr15	59852616	59852827	LTR/ERVL	844	-	106	59852722	21940
chr15	59830782	60030782	harbor2	chr15	59853194	59853360	LTR/ERVL	844	-	83	59853277	22495
chr15	59830782	60030782	harbor2	chr15	59913058	59913834	LTR/ERVL	924	-	388	59913446	82664
chr15	80720064	80920064	harbor2	chr15	80742137	80742652	LTR/ERVL	2180	-	258	80742395	22331
chr15	80720064	80920064	harbor2	chr15	80770928	80770983	LTR/ERVL	2204	-	28	80770956	50892
chr15	80720064	80920064	harbor2	chr15	80771635	80772124	LTR/ERVL	2595	-	244	80771879	51815
chr15	80720064	80920064	harbor2	chr15	80772433	80772486	LTR/ERVL	2595	-	26	80772459	52395
chr15	79460615	79660615	harbor2	chr15	79466737	79467123	LTR/ERVL	1203	-	193	79466930	6315
chr15	79460615	79660615	harbor2	chr15	79478957	79479453	LTR/ERVL	2125	-	248	79479205	18590
chr15	79460615	79660615	harbor2	chr15	79507231	79507708	LTR/ERVL	1518	-	238	79507469	46854
chr15	79460615	79660615	harbor2	chr15	79510840	79511163	LTR/ERVL	695	-	162	79511002	50387
chr15	79460615	79660615	harbor2	chr15	79518217	79518297	LTR/ERVL	426	-	40	79518257	57642
chr15	79460615	79660615	harbor2	chr15	79518422	79518700	LTR/ERVL	834	-	139	79518561	57946
chr15	79460615	79660615	harbor2	chr15	79532676	79533136	LTR/ERVL	1659	-	230	79532906	72291
chr15	94931494	95131494	harbor2	chr15	94938357	94938422	LTR/ERVL	1563	-	32	94938389	6895
chr15	94931494	95131494	harbor2	chr15	94938477	94938963	LTR/ERVL	1928	-	243	94938720	7226
chr15	94931494	95131494	harbor2	chr15	94941172	94941705	LTR/ERVL	2014	-	266	94941438	9944
chr15	62942301	63142301	harbor2	chr15	62958413	62958863	LTR/ERVL	1288	-	225	62958638	16337
chr15	62942301	63142301	harbor2	chr15	63008455	63008723	LTR/ERVL	472	-	134	63008589	66288
chr15	94766390	94966390	harbor2	chr15	94824057	94824218	LTR/ERVL	490	-	80	94824137	57747
chr15	94766390	94966390	harbor2	chr15	94824244	94824448	LTR/ERVL	731	-	102	94824346	57956
chr15	68789987	68989987	harbor2	chr15	68867047	68867325	LTR/ERVL	1039	-	139	68867186	77199
chr15	68789987	68989987	harbor2	chr15	68867395	68867561	LTR/ERVL	669	-	83	68867478	77491
chr15	68789987	68989987	harbor2	chr15	68867937	68868304	LTR/ERVL	1065	-	184	68868121	78134
chr15	72642655	72842655	harbor2	chr15	72732638	72733173	LTR/ERVL	2622	-	268	72732906	90251
chr15	81398944	81598944	harbor2	chr15	81436402	81436867	LTR/ERVL	2101	-	232	81436634	37690
chr15	81398944	81598944	harbor2	chr15	81482934	81483379	LTR/ERVL	1705	-	222	81483156	84212
chr15	81398944	81598944	harbor2	chr15	81495562	81495676	LTR/ERVL	403	-	57	81495619	96675
chr15	81398944	81598944	harbor2	chr15	81495730	81495998	LTR/ERVL	862	-	134	81495864	96920
chr15	89265017	89465017	harbor2	chr15	89288140	89288307	LTR/ERVL	442	-	84	89288224	23207
chr15	89265017	89465017	harbor2	chr15	89352981	89353318	LTR/ERVL	1544	-	168	89353149	88132
chr15	89265017	89465017	harbor2	chr15	89353877	89354312	LTR/ERVL	1302	-	218	89354095	89078
chr15	89265017	89465017	harbor2	chr15	89354819	89355106	LTR/ERVL	1789	-	144	89354963	89946
chr15	89265017	89465017	harbor2	chr15	89355404	89355658	LTR/ERVL	1789	-	127	89355531	90514
chr15	45170595	45370595	harbor2	chr15	45178929	45179063	LTR/ERVL	453	-	67	45178996	8401
chr15	45170595	45370595	harbor2	chr15	45221155	45221523	LTR/ERVL	1513	-	184	45221339	50744
chr15	45170595	45370595	harbor2	chr15	45221822	45222056	LTR/ERVL	1513	-	117	45221939	51344
chr15	45170595	45370595	harbor2	chr15	45222055	45222360	LTR/ERVL	1260	-	152	45222207	51612
chr15	45170595	45370595	harbor2	chr15	45222367	45222490	LTR/ERVL	568	-	62	45222429	51834
chr15	45170595	45370595	harbor2	chr15	45222515	45222662	LTR/ERVL	646	-	74	45222589	51994
chr15	45170595	45370595	harbor2	chr15	45259984	45260180	LTR/ERVL	451	-	98	45260082	89487
chr15	45170595	45370595	harbor2	chr15	45260215	45260395	LTR/ERVL	624	-	90	45260305	89710
chr15	56251227	56451227	harbor2	chr15	56261375	56261435	LTR/ERVL	1596	-	30	56261405	10178
chr15	56251227	56451227	harbor2	chr15	56261729	56262294	LTR/ERVL	1596	-	282	56262011	10784
chr15	56251227	56451227	harbor2	chr15	56287272	56287375	LTR/ERVL	652	-	52	56287324	36097
chr15	56251227	56451227	harbor2	chr15	56326527	56326764	LTR/ERVL	611	-	118	56326645	75418
chr15	56251227	56451227	harbor2	chr15	56336612	56337009	LTR/ERVL	1406	-	198	56336810	85583
chr15	56251227	56451227	harbor2	chr15	56337010	56337396	LTR/ERVL	1921	-	193	56337203	85976
chr15	56251227	56451227	harbor2	chr15	56337949	56338505	LTR/ERVL	1921	-	278	56338227	87000
chr15	56251227	56451227	harbor2	chr15	56338572	56338634	LTR/ERVL	1687	-	31	56338603	87376
chr15	56251227	56451227	harbor2	chr15	56338927	56339100	LTR/ERVL	1687	-	86	56339013	87786
chr15	56251227	56451227	harbor2	chr15	56339413	56339655	LTR/ERVL	1687	-	121	56339534	88307
chr15	56251227	56451227	harbor2	chr15	56339997	56340439	LTR/ERVL	1687	-	221	56340218	88991
chr15	56251227	56451227	harbor2	chr15	56340479	56341097	LTR/ERVL	1041	-	309	56340788	89561
chr15	24352124	24552124	harbor2	chr15	24356858	24357340	LTR/ERVL	5846	-	241	24357099	4975
chr15	24352124	24552124	harbor2	chr15	24357636	24357913	LTR/ERVL	5846	-	138	24357774	5650
chr15	24352124	24552124	harbor2	chr15	24358086	24359086	LTR/ERVL	5846	-	500	24358586	6462
chr15	24352124	24552124	harbor2	chr15	24378863	24378984	LTR/ERVL	568	-	60	24378923	26799
chr15	24352124	24552124	harbor2	chr15	24395125	24395319	LTR/ERVL	809	-	97	24395222	43098
chr15	24352124	24552124	harbor2	chr15	24396006	24396211	LTR/ERVL	911	-	102	24396108	43984
chr15	24352124	24552124	harbor2	chr15	24411091	24411573	LTR/ERVL	6564	-	241	24411332	59208
chr15	24352124	24552124	harbor2	chr15	24411875	24412152	LTR/ERVL	6564	-	138	24412013	59889
chr15	24352124	24552124	harbor2	chr15	24412325	24413327	LTR/ERVL	6564	-	501	24412826	60702
chr15	24352124	24552124	harbor2	chr15	24447752	24448085	LTR/ERVL	1637	-	166	24447918	95794
chr15	81361556	81561556	harbor2	chr15	81436402	81436867	LTR/ERVL	2101	-	232	81436634	75078
chr15	101768345	101968345	harbor2	chr15	101808003	101808592	LTR/ERVL	1304	-	294	101808297	39952
chr15	87002504	87202504	harbor2	chr15	87032135	87032179	LTR/ERVL	1214	-	22	87032157	29653
chr15	87002504	87202504	harbor2	chr15	87032259	87032645	LTR/ERVL	1214	-	193	87032452	29948
chr15	87002504	87202504	harbor2	chr15	87068996	87069318	LTR/ERVL	788	-	161	87069157	66653
chr15	87002504	87202504	harbor2	chr15	87070285	87070363	LTR/ERVL	412	-	39	87070324	67820
chr15	87002504	87202504	harbor2	chr15	87085389	87085690	LTR/ERVL	1553	-	150	87085539	83035
chr15	100662622	100862622	harbor2	chr15	100751586	100751861	LTR/ERVL	2202	-	138	100751724	89102
chr15	100662622	100862622	harbor2	chr15	100752146	100752282	LTR/ERVL	2202	-	68	100752214	89592
chr15	97826731	98026731	harbor2	chr15	97857260	97857582	LTR/ERVL	965	-	161	97857421	30690
chr15	29537359	29737359	harbor2	chr15	29581384	29581564	LTR/ERVL	916	-	90	29581474	44115
chr15	29537359	29737359	harbor2	chr15	29607758	29607798	LTR/ERVL	3228	-	20	29607778	70419
chr15	29537359	29737359	harbor2	chr15	29607867	29608255	LTR/ERVL	3228	-	194	29608061	70702
chr15	29537359	29737359	harbor2	chr15	29616722	29616792	LTR/ERVL	2705	-	35	29616757	79398
chr15	29537359	29737359	harbor2	chr15	29617087	29617537	LTR/ERVL	2705	-	225	29617312	79953
chr15	29537359	29737359	harbor2	chr15	29620011	29620484	LTR/ERVL	834	-	236	29620247	82888
chr15	29537359	29737359	harbor2	chr15	29634443	29634923	LTR/ERVL	2208	-	240	29634683	97324
chr15	29537359	29737359	harbor2	chr15	29635143	29635384	LTR/ERVL	1956	-	120	29635263	97904
chr15	43272832	43472832	harbor2	chr15	43327106	43327205	LTR/ERVL	1470	-	50	43327156	54324
chr15	43272832	43472832	harbor2	chr15	43327392	43327743	LTR/ERVL	1470	-	176	43327568	54736
chr15	62345191	62545191	harbor2	chr15	62365195	62365314	LTR/ERVL	1150	-	60	62365255	20064
chr15	62345191	62545191	harbor2	chr15	62365653	62365895	LTR/ERVL	1150	-	121	62365774	20583
chr15	62345191	62545191	harbor2	chr15	62366184	62366334	LTR/ERVL	442	-	75	62366259	21068
chr15	62345191	62545191	harbor2	chr15	62371198	62371709	LTR/ERVL	3180	-	256	62371454	26263
chr15	62345191	62545191	harbor2	chr15	62371712	62371911	LTR/ERVL	1137	-	100	62371812	26621
chr15	62345191	62545191	harbor2	chr15	62380488	62380642	LTR/ERVL	481	-	77	62380565	35374
chr15	62345191	62545191	harbor2	chr15	62380950	62381243	LTR/ERVL	481	-	146	62381096	35905
chr15	62345191	62545191	harbor2	chr15	62441557	62441716	LTR/ERVL	903	-	80	62441637	96446
chr15	97589673	97789673	harbor2	chr15	97662022	97662441	LTR/ERVL	1199	-	210	97662232	72559
chr15	97589673	97789673	harbor2	chr15	97684495	97684705	LTR/ERVL	581	-	105	97684600	94927
chr15	71726991	71926991	harbor2	chr15	71738453	71738967	LTR/ERVL	1570	-	257	71738710	11719
chr15	71726991	71926991	harbor2	chr15	71742110	71742547	LTR/ERVL	669	-	218	71742328	15337
chr15	38657418	38857418	harbor2	chr15	38677201	38677410	LTR/ERVL	3740	-	104	38677305	19887
chr15	38657418	38857418	harbor2	chr15	38677699	38678359	LTR/ERVL	3740	-	330	38678029	20611
chr15	38657418	38857418	harbor2	chr15	38679262	38680158	LTR/ERVL	3740	-	448	38679710	22292
chr15	38657418	38857418	harbor2	chr15	38680175	38680290	LTR/ERVL	583	-	58	38680233	22815
chr15	38657418	38857418	harbor2	chr15	38729655	38730180	LTR/ERVL	2493	-	262	38729917	72499
chr15	38657418	38857418	harbor2	chr15	38732610	38732939	LTR/ERVL	1051	-	164	38732774	75356
chr15	42912197	43112197	harbor2	chr15	42962163	42962491	LTR/ERVL	1364	-	164	42962327	50130
chr15	42912197	43112197	harbor2	chr15	42962790	42962983	LTR/ERVL	1364	-	96	42962886	50689
chr15	92157688	92357688	harbor2	chr15	92228871	92229379	LTR/ERVL	1876	-	254	92229125	71437
chr15	95663697	95863697	harbor2	chr15	95749543	95749888	LTR/ERVL	1197	-	172	95749715	86018
chr16	63775723	63975723	harbor2	chr16	63777350	63777833	LTR/ERVL	1056	-	242	63777592	1869
chr16	63775723	63975723	harbor2	chr16	63817958	63818446	LTR/ERVL	1298	-	244	63818202	42479
chr16	59423603	59623603	harbor2	chr16	59459521	59459915	LTR/ERVL	1050	-	197	59459718	36115
chr16	59981922	60181922	harbor2	chr16	60005008	60005188	LTR/ERVL	855	-	90	60005098	23176
chr16	59981922	60181922	harbor2	chr16	60026172	60026686	LTR/ERVL	2329	-	257	60026429	44507
chr16	69635357	69835357	harbor2	chr16	69671164	69671364	LTR/ERVL	1145	-	100	69671264	35907
chr16	69635357	69835357	harbor2	chr16	69671669	69672125	LTR/ERVL	1145	-	228	69671897	36540
chr16	69635357	69835357	harbor2	chr16	69732154	69732603	LTR/ERVL	2272	-	224	69732378	97021
chr16	65634977	65834977	harbor2	chr16	65685893	65686222	LTR/ERVL	810	-	164	65686057	51080
chr16	80957734	81157734	harbor2	chr16	80970281	80970435	LTR/ERVL	478	-	77	80970358	12624
chr16	80957734	81157734	harbor2	chr16	81033913	81034596	LTR/ERVL	3820	-	342	81034255	76521
chr16	72018677	72218677	harbor2	chr16	72091362	72091526	LTR/ERVL	509	-	82	72091444	72767
chr16	72018677	72218677	harbor2	chr16	72111411	72112102	LTR/ERVL	1047	-	346	72111757	93080
chr16	88097597	88297597	harbor2	chr16	88166912	88167050	LTR/ERVL	574	-	69	88166981	69384
chr16	88097597	88297597	harbor2	chr16	88167361	88167541	LTR/ERVL	574	-	90	88167451	69854
chr16	88097597	88297597	harbor2	chr16	88174966	88175272	LTR/ERVL	761	-	153	88175119	77522
chr16	61910127	62110127	harbor2	chr16	61970573	61970785	LTR/ERVL	4361	-	106	61970679	60552
chr16	61910127	62110127	harbor2	chr16	61971276	61971883	LTR/ERVL	4361	-	304	61971580	61453
chr16	71456392	71656392	harbor2	chr16	71470849	71471330	LTR/ERVL	1544	-	240	71471089	14697
chr16	71456392	71656392	harbor2	chr16	71535721	71535895	LTR/ERVL	696	-	87	71535808	79416
chr16	71456392	71656392	harbor2	chr16	71535999	71536356	LTR/ERVL	1144	-	178	71536177	79785
chr16	67517891	67717891	harbor2	chr16	67573669	67573750	LTR/ERVL	1622	-	40	67573709	55818
chr16	67517891	67717891	harbor2	chr16	67574041	67574340	LTR/ERVL	1622	-	150	67574191	56300
chr16	59318626	59518626	harbor2	chr16	59380903	59381373	LTR/ERVL	1227	-	235	59381138	62512
chr16	59318626	59518626	harbor2	chr16	59385009	59385416	LTR/ERVL	926	-	204	59385213	66587
chr16	59318626	59518626	harbor2	chr16	59385463	59385488	LTR/ERVL	926	-	12	59385475	66849
chr16	59318626	59518626	harbor2	chr16	59397044	59397557	LTR/ERVL	1931	-	256	59397300	78674
chr16	77979567	78179567	harbor2	chr16	77983244	77983405	LTR/ERVL	555	-	80	77983324	3757
chr16	77979567	78179567	harbor2	chr16	78007922	78008042	LTR/ERVL	483	-	60	78007982	28415
chr16	85121858	85321858	harbor2	chr16	85157829	85158242	LTR/ERVL	658	-	206	85158035	36177
chr16	82027492	82227492	harbor2	chr16	82038682	82039094	LTR/ERVL	530	-	206	82038888	11396
chr16	82027492	82227492	harbor2	chr16	82044647	82044810	LTR/ERVL	650	-	82	82044729	17237
chr16	82027492	82227492	harbor2	chr16	82117616	82117910	LTR/ERVL	710	-	147	82117763	90271
chr16	78408728	78608728	harbor2	chr16	78411806	78411994	LTR/ERVL	525	-	94	78411900	3172
chr16	71065314	71265314	harbor2	chr16	71153430	71153741	LTR/ERVL	508	-	156	71153586	88272
chr16	71065314	71265314	harbor2	chr16	71157700	71158182	LTR/ERVL	1563	-	241	71157941	92627
chr16	64408304	64608304	harbor2	chr16	64459866	64460104	LTR/ERVL	971	-	119	64459985	51681
chr16	65998073	66198073	harbor2	chr16	66024253	66024567	LTR/ERVL	967	-	157	66024410	26337
chr16	65998073	66198073	harbor2	chr16	66024911	66025231	LTR/ERVL	675	-	160	66025071	26998
chr16	65998073	66198073	harbor2	chr16	66037698	66038219	LTR/ERVL	2916	-	260	66037958	39885
chr16	65998073	66198073	harbor2	chr16	66051633	66052075	LTR/ERVL	3583	-	221	66051854	53781
chr16	78803735	79003735	harbor2	chr16	78817901	78818224	LTR/ERVL	1020	-	162	78818063	14328
chr16	78803735	79003735	harbor2	chr16	78829133	78829556	LTR/ERVL	1284	-	212	78829345	25610
chr16	78803735	79003735	harbor2	chr16	78862508	78862943	LTR/ERVL	1519	-	218	78862726	58991
chr16	84115383	84315383	harbor2	chr16	84166848	84167661	LTR/ERVL	3026	-	406	84167254	51871
chr16	79780805	79980805	harbor2	chr16	79835885	79836288	LTR/ERVL	830	-	202	79836087	55282
chr16	26625893	26825893	harbor2	chr16	26643594	26643886	LTR/ERVL	1035	-	146	26643740	17847
chr16	26625893	26825893	harbor2	chr16	26682914	26683350	LTR/ERVL	3160	-	218	26683132	57239
chr16	83337720	83537720	harbor2	chr16	83349459	83349581	LTR/ERVL	718	-	61	83349520	11800
chr16	83337720	83537720	harbor2	chr16	83349900	83350148	LTR/ERVL	718	-	124	83350024	12304
chr16	83337720	83537720	harbor2	chr16	83364703	83364816	LTR/ERVL	1352	-	56	83364759	27039
chr16	83337720	83537720	harbor2	chr16	83365088	83365498	LTR/ERVL	1352	-	205	83365293	27573
chr16	83337720	83537720	harbor2	chr16	83409026	83409469	LTR/ERVL	1069	-	222	83409248	71528
chr16	83337720	83537720	harbor2	chr16	83420590	83421050	LTR/ERVL	1441	-	230	83420820	83100
chr16	79477727	79677727	harbor2	chr16	79494605	79495162	LTR/ERVL	2296	-	278	79494883	17156
chr16	79477727	79677727	harbor2	chr16	79495484	79495580	LTR/ERVL	531	-	48	79495532	17805
chr16	82121723	82321723	harbor2	chr16	82145486	82146146	LTR/ERVL	1126	-	330	82145816	24093
chr16	82121723	82321723	harbor2	chr16	82146789	82147234	LTR/ERVL	1043	-	222	82147011	25288
chr16	82121723	82321723	harbor2	chr16	82147373	82147578	LTR/ERVL	647	-	102	82147475	25752
chr16	82121723	82321723	harbor2	chr16	82161579	82161827	LTR/ERVL	618	-	124	82161703	39980
chr16	89926180	90126180	harbor2	chr16	89991913	89992339	LTR/ERVL	1058	-	213	89992126	65946
chr16	31190682	31390682	harbor2	chr16	31229130	31229271	LTR/ERVL	462	-	70	31229200	38518
chr16	31190682	31390682	harbor2	chr16	31268845	31268890	LTR/ERVL	908	-	22	31268867	78185
chr16	31190682	31390682	harbor2	chr16	31269590	31270022	LTR/ERVL	908	-	216	31269806	79124
chr16	31190682	31390682	harbor2	chr16	31274035	31274585	LTR/ERVL	3217	-	275	31274310	83628
chr16	31190682	31390682	harbor2	chr16	31274919	31275032	LTR/ERVL	3217	-	56	31274975	84293
chr16	54737480	54937480	harbor2	chr16	54748966	54749326	LTR/ERVL	1510	-	180	54749146	11666
chr16	54737480	54937480	harbor2	chr16	54797188	54797709	LTR/ERVL	2986	-	260	54797448	59968
chr16	54737480	54937480	harbor2	chr16	54806021	54806153	LTR/ERVL	674	-	66	54806087	68607
chr16	54737480	54937480	harbor2	chr16	54809350	54809542	LTR/ERVL	787	-	96	54809446	71966
chr16	35383973	35583973	harbor2	chr16	35430201	35430522	LTR/ERVL	1116	-	160	35430361	46388
chr16	35383973	35583973	harbor2	chr16	35430948	35431253	LTR/ERVL	1183	-	152	35431100	47127
chr16	35383973	35583973	harbor2	chr16	35445423	35445714	LTR/ERVL	1032	-	146	35445569	61596
chr16	90150802	90350802	harbor2	chr16	90160173	90160473	LTR/ERVL	3584	-	150	90160323	9521
chr16	90150802	90350802	harbor2	chr16	90160777	90160846	LTR/ERVL	3584	-	34	90160811	10009
chr16	90150802	90350802	harbor2	chr16	90161154	90161659	LTR/ERVL	3584	-	252	90161406	10604
chr16	81099703	81299703	harbor2	chr16	81170245	81170609	LTR/ERVL	717	-	182	81170427	70724
chr16	81099703	81299703	harbor2	chr16	81179968	81180044	LTR/ERVL	524	-	38	81180006	80303
chr16	81099703	81299703	harbor2	chr16	81180643	81180866	LTR/ERVL	524	-	112	81180755	81052
chr16	86915111	87115111	harbor2	chr16	86916352	86916739	LTR/ERVL	798	-	194	86916546	1435
chr16	32790008	32990008	harbor2	chr16	32813177	32813387	LTR/ERVL	462	-	105	32813282	23274
chr16	32790008	32990008	harbor2	chr16	32826972	32827364	LTR/ERVL	1634	-	196	32827168	37160
chr16	32790008	32990008	harbor2	chr16	32827749	32828163	LTR/ERVL	1377	-	207	32827956	37948
chr16	82809848	83009848	harbor2	chr16	82845030	82845484	LTR/ERVL	1216	-	227	82845257	35409
chr16	82809848	83009848	harbor2	chr16	82856749	82857005	LTR/ERVL	902	-	128	82856877	47029
chr16	82809848	83009848	harbor2	chr16	82881257	82881662	LTR/ERVL	1452	-	202	82881459	71611
chr16	82809848	83009848	harbor2	chr16	82896245	82896276	LTR/ERVL	1441	-	16	82896261	86413
chr16	82809848	83009848	harbor2	chr16	82896595	82896770	LTR/ERVL	1441	-	88	82896683	86835
chr16	82809848	83009848	harbor2	chr16	82897080	82897345	LTR/ERVL	1441	-	132	82897212	87364
chr16	82809848	83009848	harbor2	chr16	82898918	82899095	LTR/ERVL	621	-	88	82899006	89158
chr16	82809848	83009848	harbor2	chr16	82837390	82837981	LTR/ERVL	2526	-	296	82837686	27838
chr16	77233015	77433015	harbor2	chr16	77245536	77245847	LTR/ERVL	734	-	156	77245692	12677
chr16	61985022	62185022	harbor2	chr16	62067976	62068340	LTR/ERVL	1606	-	182	62068158	83136
chr16	77040685	77240685	harbor2	chr16	77076596	77076648	LTR/ERVL	709	-	26	77076622	35937
chr16	77040685	77240685	harbor2	chr16	77076954	77077249	LTR/ERVL	709	-	148	77077102	36417
chr16	77040685	77240685	harbor2	chr16	77083776	77084177	LTR/ERVL	817	-	200	77083976	43291
chr16	77040685	77240685	harbor2	chr16	77105627	77105936	LTR/ERVL	1072	-	154	77105781	65096
chr16	88792349	88992349	harbor2	chr16	88850739	88850968	LTR/ERVL	503	-	114	88850853	58504
chr16	73596734	73796734	harbor2	chr16	73652019	73652388	LTR/ERVL	1082	-	184	73652203	55469
chr16	73596734	73796734	harbor2	chr16	73696026	73696331	LTR/ERVL	416	-	152	73696178	99444
chr16	87844570	88044570	harbor2	chr16	87925197	87925563	LTR/ERVL	1297	-	183	87925380	80810
chr16	87844570	88044570	harbor2	chr16	87940000	87940357	LTR/ERVL	1835	-	178	87940178	95608
chr16	59094115	59294115	harbor2	chr16	59107416	59107830	LTR/ERVL	1494	-	207	59107623	13508
chr16	59094115	59294115	harbor2	chr16	59119458	59120155	LTR/ERVL	3373	-	348	59119806	25691
chr16	59094115	59294115	harbor2	chr16	59120156	59120611	LTR/ERVL	3475	-	228	59120384	26269
chr16	59094115	59294115	harbor2	chr16	59120612	59120993	LTR/ERVL	3373	-	190	59120802	26687
chr16	59094115	59294115	harbor2	chr16	59136278	59136399	LTR/ERVL	692	-	60	59136338	42223
chr16	59094115	59294115	harbor2	chr16	59159300	59159765	LTR/ERVL	905	-	232	59159532	65417
chr16	59094115	59294115	harbor2	chr16	59192664	59192955	LTR/ERVL	844	-	146	59192810	98695
chr16	46913511	47113511	harbor2	chr16	46996277	46996340	LTR/ERVL	948	-	32	46996309	82798
chr16	46913511	47113511	harbor2	chr16	46996376	46996530	LTR/ERVL	948	-	77	46996453	82942
chr16	46913511	47113511	harbor2	chr16	46996549	46996662	LTR/ERVL	576	-	56	46996605	83094
chr16	46591299	46791299	harbor2	chr16	46634716	46635119	LTR/ERVL	1857	-	202	46634918	43619
chr16	47571920	47771920	harbor2	chr16	47613116	47613577	LTR/ERVL	1555	-	230	47613346	41426
chr16	31761548	31961548	harbor2	chr16	31802695	31802823	LTR/ERVL	509	-	64	31802759	41211
chr16	83339658	83539658	harbor2	chr16	83349459	83349581	LTR/ERVL	718	-	61	83349520	9862
chr16	83339658	83539658	harbor2	chr16	83349900	83350148	LTR/ERVL	718	-	124	83350024	10366
chr16	83339658	83539658	harbor2	chr16	83364703	83364816	LTR/ERVL	1352	-	56	83364759	25101
chr16	83339658	83539658	harbor2	chr16	83365088	83365498	LTR/ERVL	1352	-	205	83365293	25635
chr16	83339658	83539658	harbor2	chr16	83409026	83409469	LTR/ERVL	1069	-	222	83409248	69590
chr16	83339658	83539658	harbor2	chr16	83420590	83421050	LTR/ERVL	1441	-	230	83420820	81162
chr16	58256115	58456115	harbor2	chr16	58287262	58287739	LTR/ERVL	1100	-	238	58287500	31385
chr16	66191418	66391418	harbor2	chr16	66220610	66221059	LTR/ERVL	1085	-	224	66220834	29416
chr16	66191418	66391418	harbor2	chr16	66222831	66223253	LTR/ERVL	859	-	211	66223042	31624
chr16	66191418	66391418	harbor2	chr16	66225449	66225592	LTR/ERVL	481	-	72	66225521	34103
chr16	66191418	66391418	harbor2	chr16	66239265	66239727	LTR/ERVL	2427	-	231	66239496	48078
chr16	66191418	66391418	harbor2	chr16	66253422	66253499	LTR/ERVL	1736	-	38	66253460	62042
chr16	66191418	66391418	harbor2	chr16	66253996	66254420	LTR/ERVL	1736	-	212	66254208	62790
chr16	66191418	66391418	harbor2	chr16	66262177	66262380	LTR/ERVL	693	-	102	66262279	70861
chr16	66191418	66391418	harbor2	chr16	66272851	66273144	LTR/ERVL	1028	-	146	66272997	81579
chr16	66191418	66391418	harbor2	chr16	66273690	66273938	LTR/ERVL	499	-	124	66273814	82396
chr16	86330724	86530724	harbor2	chr16	86353782	86354200	LTR/ERVL	604	-	209	86353991	23267
chr16	86330724	86530724	harbor2	chr16	86395468	86395802	LTR/ERVL	887	-	167	86395635	64911
chr16	86330724	86530724	harbor2	chr16	86416821	86417310	LTR/ERVL	535	-	244	86417065	86341
chr16	86330724	86530724	harbor2	chr16	86430125	86430610	LTR/ERVL	770	-	242	86430367	99643
chr16	68523578	68723578	harbor2	chr16	68570906	68571315	LTR/ERVL	2504	-	204	68571110	47532
chr16	68523578	68723578	harbor2	chr16	68621897	68622168	LTR/ERVL	1436	-	136	68622033	98455
chr16	82390386	82590386	harbor2	chr16	82462161	82462323	LTR/ERVL	502	-	81	82462242	71856
chr16	82390386	82590386	harbor2	chr16	82486783	82487114	LTR/ERVL	717	-	166	82486949	96563
chr16	82390386	82590386	harbor2	chr16	82487853	82488221	LTR/ERVL	931	-	184	82488037	97651
chr16	25298540	25498540	harbor2	chr16	25311492	25311697	LTR/ERVL	1368	-	102	25311594	13054
chr16	25298540	25498540	harbor2	chr16	25312688	25312728	LTR/ERVL	3186	-	20	25312708	14168
chr16	25298540	25498540	harbor2	chr16	25312770	25313178	LTR/ERVL	3186	-	204	25312974	14434
chr16	25298540	25498540	harbor2	chr16	25317634	25317907	LTR/ERVL	949	-	136	25317770	19230
chr16	25298540	25498540	harbor2	chr16	25317908	25318116	LTR/ERVL	641	-	104	25318012	19472
chr16	25298540	25498540	harbor2	chr16	25363753	25364121	LTR/ERVL	758	-	184	25363937	65397
chr16	25298540	25498540	harbor2	chr16	25388561	25388940	LTR/ERVL	760	-	190	25388751	90211
chr16	25298540	25498540	harbor2	chr16	25393769	25394225	LTR/ERVL	1953	-	228	25393997	95457
chr16	69514404	69714404	harbor2	chr16	69594727	69595174	LTR/ERVL	3563	-	224	69594951	80547
chr16	86568627	86768627	harbor2	chr16	86584134	86584332	LTR/ERVL	441	-	99	86584233	15606
chr16	86568627	86768627	harbor2	chr16	86598199	86598277	LTR/ERVL	618	-	39	86598238	29611
chr16	86568627	86768627	harbor2	chr16	86610659	86611006	LTR/ERVL	829	-	174	86610833	42206
chr16	86568627	86768627	harbor2	chr16	86639708	86640092	LTR/ERVL	594	-	192	86639900	71273
chr16	75954982	76154982	harbor2	chr16	76018733	76019250	LTR/ERVL	1615	-	258	76018991	64009
chr16	85146889	85346889	harbor2	chr16	85157829	85158242	LTR/ERVL	658	-	206	85158035	11146
chr16	87491220	87691220	harbor2	chr16	87533555	87533863	LTR/ERVL	2840	-	154	87533709	42489
chr16	87491220	87691220	harbor2	chr16	87534161	87534620	LTR/ERVL	2840	-	230	87534391	43171
chr16	87491220	87691220	harbor2	chr16	87535035	87535169	LTR/ERVL	2840	-	67	87535102	43882
chr16	87491220	87691220	harbor2	chr16	87542038	87542415	LTR/ERVL	963	-	188	87542226	51006
chr16	87491220	87691220	harbor2	chr16	87564686	87565056	LTR/ERVL	1455	-	185	87564871	73651
chr16	76557931	76757931	harbor2	chr16	76561884	76562284	LTR/ERVL	1213	-	200	76562084	4153
chr16	76557931	76757931	harbor2	chr16	76562782	76564017	LTR/ERVL	2692	-	618	76563400	5469
chr16	76557931	76757931	harbor2	chr16	76564149	76565124	LTR/ERVL	1983	-	488	76564637	6706
chr16	76557931	76757931	harbor2	chr16	76566795	76567201	LTR/ERVL	1452	-	203	76566998	9067
chr16	80277714	80477714	harbor2	chr16	80312997	80313423	LTR/ERVL	888	-	213	80313210	35496
chr16	80277714	80477714	harbor2	chr16	80330811	80331136	LTR/ERVL	513	-	162	80330973	53259
chr16	80277714	80477714	harbor2	chr16	80340019	80340404	LTR/ERVL	934	-	192	80340211	62497
chr16	86563655	86763655	harbor2	chr16	86584134	86584332	LTR/ERVL	441	-	99	86584233	20578
chr16	86563655	86763655	harbor2	chr16	86598199	86598277	LTR/ERVL	618	-	39	86598238	34583
chr16	86563655	86763655	harbor2	chr16	86610659	86611006	LTR/ERVL	829	-	174	86610833	47178
chr16	86563655	86763655	harbor2	chr16	86639708	86640092	LTR/ERVL	594	-	192	86639900	76245
chr16	63498290	63698290	harbor2	chr16	63567569	63567664	LTR/ERVL	508	-	48	63567617	69327
chr16	82162045	82362045	harbor2	chr16	82224458	82224944	LTR/ERVL	2280	-	243	82224701	62656
chr16	82162045	82362045	harbor2	chr16	82235256	82235573	LTR/ERVL	883	-	158	82235414	73369
chr16	82162045	82362045	harbor2	chr16	82248598	82248938	LTR/ERVL	1149	-	170	82248768	86723
chr16	82162045	82362045	harbor2	chr16	82249320	82249768	LTR/ERVL	1460	-	224	82249544	87499
chr16	69563004	69763004	harbor2	chr16	69594727	69595174	LTR/ERVL	3563	-	224	69594951	31947
chr16	6116683	6316683	harbor2	chr16	6167518	6168320	LTR/ERVL	1846	-	401	6167919	51236
chr16	84868900	85068900	harbor2	chr16	84916201	84916607	LTR/ERVL	2425	-	203	84916404	47504
chr16	75930159	76130159	harbor2	chr16	76018733	76019250	LTR/ERVL	1615	-	258	76018991	88832
chr16	65738546	65938546	harbor2	chr16	65789494	65789902	LTR/ERVL	1118	-	204	65789698	51152
chr16	65738546	65938546	harbor2	chr16	65821756	65822159	LTR/ERVL	1245	-	202	65821958	83412
chr16	51333094	51533094	harbor2	chr16	51349923	51350383	LTR/ERVL	1911	-	230	51350153	17059
chr16	51333094	51533094	harbor2	chr16	51401611	51402204	LTR/ERVL	1404	-	296	51401907	68813
chr16	77095281	77295281	harbor2	chr16	77105627	77105936	LTR/ERVL	1072	-	154	77105781	10500
chr16	77095281	77295281	harbor2	chr16	77165772	77166343	LTR/ERVL	1743	-	286	77166058	70777
chr16	69755848	69955848	harbor2	chr16	69853151	69853602	LTR/ERVL	674	-	226	69853377	97529
chr16	72170467	72370467	harbor2	chr16	72207680	72207710	LTR/ERVL	2417	-	15	72207695	37228
chr16	72170467	72370467	harbor2	chr16	72207743	72208235	LTR/ERVL	2417	-	246	72207989	37522
chr16	87496326	87696326	harbor2	chr16	87533555	87533863	LTR/ERVL	2840	-	154	87533709	37383
chr16	87496326	87696326	harbor2	chr16	87534161	87534620	LTR/ERVL	2840	-	230	87534391	38065
chr16	87496326	87696326	harbor2	chr16	87535035	87535169	LTR/ERVL	2840	-	67	87535102	38776
chr16	87496326	87696326	harbor2	chr16	87542038	87542415	LTR/ERVL	963	-	188	87542226	45900
chr16	87496326	87696326	harbor2	chr16	87564686	87565056	LTR/ERVL	1455	-	185	87564871	68545
chr16	71109605	71309605	harbor2	chr16	71153430	71153741	LTR/ERVL	508	-	156	71153586	43981
chr16	71109605	71309605	harbor2	chr16	71157700	71158182	LTR/ERVL	1563	-	241	71157941	48336
chr16	74100956	74300956	harbor2	chr16	74117676	74118034	LTR/ERVL	795	-	179	74117855	16899
chr16	74100956	74300956	harbor2	chr16	74121794	74122161	LTR/ERVL	2732	-	184	74121978	21022
chr16	74100956	74300956	harbor2	chr16	74141838	74142166	LTR/ERVL	954	-	164	74142002	41046
chr16	82692956	82892956	harbor2	chr16	82718001	82718297	LTR/ERVL	1433	-	148	82718149	25193
chr16	82692956	82892956	harbor2	chr16	82734572	82734953	LTR/ERVL	918	-	190	82734762	41806
chr16	82692956	82892956	harbor2	chr16	82772281	82772385	LTR/ERVL	760	-	52	82772333	79377
chr16	82692956	82892956	harbor2	chr16	82771676	82772076	LTR/ERVL	760	-	200	82771876	78920
chr16	50372999	50572999	harbor2	chr16	50396541	50397080	LTR/ERVL	2162	-	270	50396811	23812
chr16	50372999	50572999	harbor2	chr16	50397752	50397939	LTR/ERVL	751	-	94	50397846	24847
chr16	50372999	50572999	harbor2	chr16	50400158	50400267	LTR/ERVL	1226	-	54	50400212	27213
chr16	50372999	50572999	harbor2	chr16	50400468	50400783	LTR/ERVL	1226	-	158	50400626	27627
chr16	50372999	50572999	harbor2	chr16	50430759	50431407	LTR/ERVL	1248	-	324	50431083	58084
chr16	50372999	50572999	harbor2	chr16	50431638	50431869	LTR/ERVL	793	-	116	50431754	58755
chr16	50372999	50572999	harbor2	chr16	50431873	50432135	LTR/ERVL	1416	-	131	50432004	59005
chr16	50372999	50572999	harbor2	chr16	50432498	50432656	LTR/ERVL	1416	-	79	50432577	59578
chr16	50372999	50572999	harbor2	chr16	50447646	50448099	LTR/ERVL	1258	-	226	50447872	74873
chr16	50372999	50572999	harbor2	chr16	50456254	50456567	LTR/ERVL	967	-	156	50456410	83411
chr16	89708488	89908488	harbor2	chr16	89756707	89756980	LTR/ERVL	1446	-	136	89756843	48355
chr16	89708488	89908488	harbor2	chr16	89757260	89757384	LTR/ERVL	1446	-	62	89757322	48834
chr16	58265278	58465278	harbor2	chr16	58287262	58287739	LTR/ERVL	1100	-	238	58287500	22222
chr16	23718324	23918324	harbor2	chr16	23743514	23744095	LTR/ERVL	4470	-	290	23743804	25480
chr16	23718324	23918324	harbor2	chr16	23769435	23769933	LTR/ERVL	1289	-	249	23769684	51360
chr16	23718324	23918324	harbor2	chr16	23770253	23770376	LTR/ERVL	1289	-	62	23770315	51991
chr16	23718324	23918324	harbor2	chr16	23791458	23791475	LTR/ERVL	5272	-	8	23791466	73142
chr16	23718324	23918324	harbor2	chr16	23791792	23792647	LTR/ERVL	5272	-	428	23792220	73896
chr16	23718324	23918324	harbor2	chr16	23792958	23793189	LTR/ERVL	5272	-	116	23793074	74750
chr16	23718324	23918324	harbor2	chr16	23794553	23794623	LTR/ERVL	474	-	35	23794588	76264
chr16	82708028	82908028	harbor2	chr16	82718001	82718297	LTR/ERVL	1433	-	148	82718149	10121
chr16	82708028	82908028	harbor2	chr16	82734572	82734953	LTR/ERVL	918	-	190	82734762	26734
chr16	82708028	82908028	harbor2	chr16	82772281	82772385	LTR/ERVL	760	-	52	82772333	64305
chr16	82708028	82908028	harbor2	chr16	82801851	82802223	LTR/ERVL	647	-	186	82802037	94009
chr16	82708028	82908028	harbor2	chr16	82771676	82772076	LTR/ERVL	760	-	200	82771876	63848
chr16	46560948	46760948	harbor2	chr16	46634716	46635119	LTR/ERVL	1857	-	202	46634918	73970
chr16	79818624	80018624	harbor2	chr16	79835885	79836288	LTR/ERVL	830	-	202	79836087	17463
chr16	74031077	74231077	harbor2	chr16	74070042	74070413	LTR/ERVL	701	-	186	74070228	39151
chr16	74031077	74231077	harbor2	chr16	74092319	74092691	LTR/ERVL	1793	-	186	74092505	61428
chr16	74031077	74231077	harbor2	chr16	74117676	74118034	LTR/ERVL	795	-	179	74117855	86778
chr16	74031077	74231077	harbor2	chr16	74121794	74122161	LTR/ERVL	2732	-	184	74121978	90901
chr16	85229595	85429595	harbor2	chr16	85307377	85307926	LTR/ERVL	2004	-	274	85307651	78056
chr16	52888577	53088577	harbor2	chr16	52897471	52897711	LTR/ERVL	571	-	120	52897591	9014
chr16	52888577	53088577	harbor2	chr16	52916110	52917245	LTR/ERVL	3162	-	568	52916678	28101
chr16	52888577	53088577	harbor2	chr16	52917928	52918140	LTR/ERVL	3162	-	106	52918034	29457
chr16	52888577	53088577	harbor2	chr16	52927722	52927763	LTR/ERVL	2375	-	20	52927742	39165
chr16	52888577	53088577	harbor2	chr16	52928058	52928670	LTR/ERVL	2375	-	306	52928364	39787
chr16	52888577	53088577	harbor2	chr16	52952366	52952921	LTR/ERVL	1172	-	278	52952644	64067
chr16	52888577	53088577	harbor2	chr16	52953184	52953462	LTR/ERVL	794	-	139	52953323	64746
chr16	52888577	53088577	harbor2	chr16	52953465	52953839	LTR/ERVL	1035	-	187	52953652	65075
chr16	85121673	85321673	harbor2	chr16	85157829	85158242	LTR/ERVL	658	-	206	85158035	36362
chr16	6696030	6896030	harbor2	chr16	6701159	6701330	LTR/ERVL	973	-	86	6701245	5215
chr16	6696030	6896030	harbor2	chr16	6713911	6713966	LTR/ERVL	790	-	28	6713939	17909
chr16	6696030	6896030	harbor2	chr16	6714323	6714571	LTR/ERVL	790	-	124	6714447	18417
chr16	6696030	6896030	harbor2	chr16	6700938	6701125	LTR/ERVL	973	-	94	6701032	5002
chr16	54836627	55036627	harbor2	chr16	54844034	54844094	LTR/ERVL	1082	-	30	54844064	7437
chr16	54836627	55036627	harbor2	chr16	54844392	54844611	LTR/ERVL	1082	-	110	54844502	7875
chr16	54836627	55036627	harbor2	chr16	54845140	54845264	LTR/ERVL	1082	-	62	54845202	8575
chr16	71122421	71322421	harbor2	chr16	71153430	71153741	LTR/ERVL	508	-	156	71153586	31165
chr16	71122421	71322421	harbor2	chr16	71157700	71158182	LTR/ERVL	1563	-	241	71157941	35520
chr16	77385178	77585178	harbor2	chr16	77449596	77449888	LTR/ERVL	709	-	146	77449742	64564
chr16	77385178	77585178	harbor2	chr16	77450199	77450339	LTR/ERVL	709	-	70	77450269	65091
chr16	86341082	86541082	harbor2	chr16	86353782	86354200	LTR/ERVL	604	-	209	86353991	12909
chr16	86341082	86541082	harbor2	chr16	86395468	86395802	LTR/ERVL	887	-	167	86395635	54553
chr16	86341082	86541082	harbor2	chr16	86416821	86417310	LTR/ERVL	535	-	244	86417065	75983
chr16	86341082	86541082	harbor2	chr16	86430125	86430610	LTR/ERVL	770	-	242	86430367	89285
chr16	86341082	86541082	harbor2	chr16	86438292	86438555	LTR/ERVL	835	-	132	86438424	97342
chr16	79041513	79241513	harbor2	chr16	79099808	79100220	LTR/ERVL	1244	-	206	79100014	58501
chr16	79041513	79241513	harbor2	chr16	79113212	79113451	LTR/ERVL	756	-	120	79113332	71819
chr16	79041513	79241513	harbor2	chr16	79119771	79119924	LTR/ERVL	876	-	76	79119847	78334
chr16	79041513	79241513	harbor2	chr16	79120014	79120340	LTR/ERVL	1678	-	163	79120177	78664
chr16	57965578	58165578	harbor2	chr16	58010321	58011242	LTR/ERVL	3133	-	460	58010781	45203
chr16	63994079	64194079	harbor2	chr16	64019251	64019396	LTR/ERVL	466	-	72	64019323	25244
chr16	87723209	87923209	harbor2	chr16	87727021	87727171	LTR/ERVL	516	-	75	87727096	3887
chr16	85065400	85265400	harbor2	chr16	85157829	85158242	LTR/ERVL	658	-	206	85158035	92635
chr16	46406922	46606922	harbor2	chr16	46424217	46424837	LTR/ERVL	1999	-	310	46424527	17605
chr16	46406922	46606922	harbor2	chr16	46441404	46441792	LTR/ERVL	1485	-	194	46441598	34676
chr16	46406922	46606922	harbor2	chr16	46442178	46442592	LTR/ERVL	1404	-	207	46442385	35463
chr16	66890862	67090862	harbor2	chr16	66961892	66962365	LTR/ERVL	1600	-	236	66962128	71266
chr16	57990228	58190228	harbor2	chr16	58010321	58011242	LTR/ERVL	3133	-	460	58010781	20553
chr16	57990228	58190228	harbor2	chr16	58083630	58084034	LTR/ERVL	699	-	202	58083832	93604
chr16	76182751	76382751	harbor2	chr16	76207258	76207832	LTR/ERVL	2089	-	287	76207545	24794
chr16	88238107	88438107	harbor2	chr16	88321231	88321356	LTR/ERVL	653	-	62	88321293	83186
chr16	48371303	48571303	harbor2	chr16	48437020	48437499	LTR/ERVL	1335	-	240	48437260	65957
chr16	53519992	53719992	harbor2	chr16	53577294	53577661	LTR/ERVL	2653	-	184	53577478	57486
chr16	53519992	53719992	harbor2	chr16	53578255	53579374	LTR/ERVL	2653	-	560	53578815	58823
chr16	53519992	53719992	harbor2	chr16	53590656	53590955	LTR/ERVL	1086	-	150	53590806	70814
chr16	64686632	64886632	harbor2	chr16	64713043	64713872	LTR/ERVL	3714	-	414	64713457	26825
chr16	64686632	64886632	harbor2	chr16	64734193	64734546	LTR/ERVL	915	-	176	64734369	47737
chr16	64686632	64886632	harbor2	chr16	64734741	64734810	LTR/ERVL	422	-	34	64734775	48143
chr16	64686632	64886632	harbor2	chr16	64761879	64761927	LTR/ERVL	759	-	24	64761903	75271
chr16	64686632	64886632	harbor2	chr16	64762211	64762567	LTR/ERVL	759	-	178	64762389	75757
chr16	75088438	75288438	harbor2	chr16	75173343	75173429	LTR/ERVL	529	-	43	75173386	84948
chr16	75088438	75288438	harbor2	chr16	75173458	75173713	LTR/ERVL	420	-	128	75173586	85148
chr16	52878735	53078735	harbor2	chr16	52883099	52883554	LTR/ERVL	759	-	228	52883327	4592
chr16	52878735	53078735	harbor2	chr16	52897471	52897711	LTR/ERVL	571	-	120	52897591	18856
chr16	52878735	53078735	harbor2	chr16	52916110	52917245	LTR/ERVL	3162	-	568	52916678	37943
chr16	52878735	53078735	harbor2	chr16	52917928	52918140	LTR/ERVL	3162	-	106	52918034	39299
chr16	52878735	53078735	harbor2	chr16	52927722	52927763	LTR/ERVL	2375	-	20	52927742	49007
chr16	52878735	53078735	harbor2	chr16	52928058	52928670	LTR/ERVL	2375	-	306	52928364	49629
chr16	52878735	53078735	harbor2	chr16	52952366	52952921	LTR/ERVL	1172	-	278	52952644	73909
chr16	52878735	53078735	harbor2	chr16	52953184	52953462	LTR/ERVL	794	-	139	52953323	74588
chr16	52878735	53078735	harbor2	chr16	52953465	52953839	LTR/ERVL	1035	-	187	52953652	74917
chr16	27297383	27497383	harbor2	chr16	27302842	27303020	LTR/ERVL	458	-	89	27302931	5548
chr16	27297383	27497383	harbor2	chr16	27341531	27341720	LTR/ERVL	595	-	94	27341625	44242
chr16	27297383	27497383	harbor2	chr16	27364897	27365010	LTR/ERVL	1212	-	56	27364953	67570
chr16	27297383	27497383	harbor2	chr16	27365554	27365748	LTR/ERVL	1212	-	97	27365651	68268
chr16	21024074	21224074	harbor2	chr16	21113354	21113446	LTR/ERVL	689	-	46	21113400	89326
chr16	79162423	79362423	harbor2	chr16	79195181	79195562	LTR/ERVL	1019	-	190	79195371	32948
chr16	53287027	53487027	harbor2	chr16	53289553	53289991	LTR/ERVL	2263	-	219	53289772	2745
chr16	53287027	53487027	harbor2	chr16	53290281	53290508	LTR/ERVL	2263	-	114	53290395	3368
chr16	53287027	53487027	harbor2	chr16	53290795	53290812	LTR/ERVL	2263	-	8	53290803	3776
chr16	89722392	89922392	harbor2	chr16	89756707	89756980	LTR/ERVL	1446	-	136	89756843	34451
chr16	89722392	89922392	harbor2	chr16	89757260	89757384	LTR/ERVL	1446	-	62	89757322	34930
chr16	87087078	87287078	harbor2	chr16	87107613	87108088	LTR/ERVL	1424	-	238	87107851	20773
chr16	87087078	87287078	harbor2	chr16	87138139	87138241	LTR/ERVL	425	-	51	87138190	51112
chr16	73948379	74148379	harbor2	chr16	74014105	74014329	LTR/ERVL	469	-	112	74014217	65838
chr16	73948379	74148379	harbor2	chr16	74015329	74017223	LTR/ERVL	2556	-	947	74016276	67897
chr16	73688791	73888791	harbor2	chr16	73696026	73696331	LTR/ERVL	416	-	152	73696178	7387
chr16	73688791	73888791	harbor2	chr16	73704621	73704895	LTR/ERVL	1287	-	137	73704758	15967
chr16	73688791	73888791	harbor2	chr16	73705295	73705503	LTR/ERVL	1287	-	104	73705399	16608
chr16	73688791	73888791	harbor2	chr16	73767829	73768366	LTR/ERVL	1120	-	268	73768097	79306
chr16	73688791	73888791	harbor2	chr16	73787913	73788374	LTR/ERVL	1330	-	230	73788143	99352
chr16	57629550	57829550	harbor2	chr16	57692970	57693298	LTR/ERVL	1351	-	164	57693134	63584
chr16	62980467	63180467	harbor2	chr16	63003731	63004174	LTR/ERVL	3104	-	222	63003953	23486
chr16	62980467	63180467	harbor2	chr16	63011119	63011588	LTR/ERVL	992	-	234	63011353	30886
chr16	76655957	76855957	harbor2	chr16	76674938	76675675	LTR/ERVL	2695	-	368	76675306	19349
chr16	76655957	76855957	harbor2	chr16	76682710	76683379	LTR/ERVL	1460	-	334	76683044	27087
chr16	76655957	76855957	harbor2	chr16	76696806	76697267	LTR/ERVL	2358	-	230	76697036	41079
chr16	83180032	83380032	harbor2	chr16	83191417	83191458	LTR/ERVL	3235	-	20	83191437	11405
chr16	83180032	83380032	harbor2	chr16	83191506	83191530	LTR/ERVL	3235	-	12	83191518	11486
chr16	83180032	83380032	harbor2	chr16	83191558	83191963	LTR/ERVL	3235	-	202	83191760	11728
chr16	83180032	83380032	harbor2	chr16	83209014	83209454	LTR/ERVL	2452	-	220	83209234	29202
chr16	83180032	83380032	harbor2	chr16	83223637	83223819	LTR/ERVL	471	-	91	83223728	43696
chr16	83180032	83380032	harbor2	chr16	83244577	83245108	LTR/ERVL	2535	-	266	83244843	64811
chr16	23273193	23473193	harbor2	chr16	23283660	23284122	LTR/ERVL	1434	-	231	23283891	10698
chr16	23273193	23473193	harbor2	chr16	23284430	23284495	LTR/ERVL	1434	-	32	23284462	11269
chr16	23273193	23473193	harbor2	chr16	23309339	23309385	LTR/ERVL	3280	-	23	23309362	36169
chr16	23273193	23473193	harbor2	chr16	23309452	23309844	LTR/ERVL	3280	-	196	23309648	36455
chr16	23273193	23473193	harbor2	chr16	23333257	23333498	LTR/ERVL	448	-	120	23333377	60184
chr16	23273193	23473193	harbor2	chr16	23355956	23356234	LTR/ERVL	659	-	139	23356095	82902
chr16	71515898	71715898	harbor2	chr16	71535721	71535895	LTR/ERVL	696	-	87	71535808	19910
chr16	71515898	71715898	harbor2	chr16	71535999	71536356	LTR/ERVL	1144	-	178	71536177	20279
chr17	78082558	78282558	harbor2	chr17	78110984	78111251	LTR/ERVL	848	-	134	78111118	28560
chr17	64396792	64596792	harbor2	chr17	64471108	64471617	LTR/ERVL	802	-	254	64471362	74570
chr17	82526221	82726221	harbor2	chr17	82600249	82600635	LTR/ERVL	1445	-	193	82600442	74221
chr17	34234218	34434218	harbor2	chr17	34239856	34240343	LTR/ERVL	2564	-	244	34240100	5882
chr17	34234218	34434218	harbor2	chr17	34290528	34290866	LTR/ERVL	943	-	169	34290697	56479
chr17	34234218	34434218	harbor2	chr17	34298454	34299385	LTR/ERVL	1828	-	466	34298920	64702
chr17	34234218	34434218	harbor2	chr17	34299387	34299671	LTR/ERVL	741	-	142	34299529	65311
chr17	34234218	34434218	harbor2	chr17	34290871	34292439	LTR/ERVL	4099	-	784	34291655	57437
chr17	37304798	37504798	harbor2	chr17	37315353	37316131	LTR/ERVL	3476	-	389	37315742	10944
chr17	77593117	77793117	harbor2	chr17	77612681	77613229	LTR/ERVL	698	-	274	77612955	19838
chr17	77593117	77793117	harbor2	chr17	77651529	77652455	LTR/ERVL	3565	-	463	77651992	58875
chr17	77620535	77820535	harbor2	chr17	77651529	77652455	LTR/ERVL	3565	-	463	77651992	31457
chr17	77620535	77820535	harbor2	chr17	77719384	77719614	LTR/ERVL	582	-	115	77719499	98964
chr17	51588346	51788346	harbor2	chr17	51611743	51612045	LTR/ERVL	919	-	151	51611894	23548
chr17	65289511	65489511	harbor2	chr17	65358322	65358414	LTR/ERVL	1239	-	46	65358368	68857
chr17	65289511	65489511	harbor2	chr17	65358838	65358968	LTR/ERVL	1239	-	65	65358903	69392
chr17	65289511	65489511	harbor2	chr17	65358969	65359349	LTR/ERVL	2595	-	190	65359159	69648
chr17	65289511	65489511	harbor2	chr17	65359654	65359832	LTR/ERVL	2595	-	89	65359743	70232
chr17	77347578	77547578	harbor2	chr17	77393065	77393329	LTR/ERVL	523	-	132	77393197	45619
chr17	48571708	48771708	harbor2	chr17	48654724	48654763	LTR/ERVL	2010	-	20	48654744	83036
chr17	48571708	48771708	harbor2	chr17	48654799	48655200	LTR/ERVL	2010	-	200	48654999	83291
chr17	48571708	48771708	harbor2	chr17	48656028	48656409	LTR/ERVL	1321	-	190	48656218	84510
chr17	48571708	48771708	harbor2	chr17	48656410	48657523	LTR/ERVL	6678	-	556	48656966	85258
chr17	48571708	48771708	harbor2	chr17	48657530	48657698	LTR/ERVL	1808	-	84	48657614	85906
chr17	48571708	48771708	harbor2	chr17	48658003	48658296	LTR/ERVL	1808	-	146	48658149	86441
chr17	48571708	48771708	harbor2	chr17	48658777	48659048	LTR/ERVL	1415	-	136	48658913	87205
chr17	48571708	48771708	harbor2	chr17	48659481	48660151	LTR/ERVL	2811	-	335	48659816	88108
chr17	48571708	48771708	harbor2	chr17	48660153	48660306	LTR/ERVL	1436	-	76	48660229	88521
chr17	48571708	48771708	harbor2	chr17	48660598	48660845	LTR/ERVL	1436	-	124	48660722	89014
chr17	48571708	48771708	harbor2	chr17	48661284	48661425	LTR/ERVL	973	-	70	48661354	89646
chr17	48571708	48771708	harbor2	chr17	48661455	48661577	LTR/ERVL	973	-	61	48661516	89808
chr17	48571708	48771708	harbor2	chr17	48663084	48663269	LTR/ERVL	618	-	92	48663176	91468
chr17	48571708	48771708	harbor2	chr17	48663294	48663786	LTR/ERVL	2134	-	246	48663540	91832
chr17	48571708	48771708	harbor2	chr17	48663791	48664136	LTR/ERVL	1131	-	172	48663963	92255
chr17	48571708	48771708	harbor2	chr17	48664431	48664543	LTR/ERVL	1131	-	56	48664487	92779
chr17	76834271	77034271	harbor2	chr17	76845167	76845355	LTR/ERVL	1254	-	94	76845261	10990
chr17	76834271	77034271	harbor2	chr17	76845667	76845833	LTR/ERVL	1254	-	83	76845750	11479
chr17	76834271	77034271	harbor2	chr17	76865615	76866063	LTR/ERVL	1045	-	224	76865839	31568
chr17	76834271	77034271	harbor2	chr17	76892524	76893075	LTR/ERVL	1860	-	276	76892800	58529
chr17	76760535	76960535	harbor2	chr17	76770496	76770935	LTR/ERVL	1669	-	220	76770716	10181
chr17	76760535	76960535	harbor2	chr17	76771056	76771359	LTR/ERVL	1669	-	152	76771208	10673
chr17	76760535	76960535	harbor2	chr17	76786443	76786808	LTR/ERVL	1617	-	182	76786625	26090
chr17	76760535	76960535	harbor2	chr17	76796466	76796620	LTR/ERVL	1978	-	77	76796543	36008
chr17	76760535	76960535	harbor2	chr17	76797747	76797890	LTR/ERVL	1978	-	72	76797819	37284
chr17	76760535	76960535	harbor2	chr17	76798188	76798651	LTR/ERVL	1978	-	232	76798420	37885
chr17	76760535	76960535	harbor2	chr17	76832042	76832588	LTR/ERVL	1985	-	273	76832315	71780
chr17	76760535	76960535	harbor2	chr17	76845167	76845355	LTR/ERVL	1254	-	94	76845261	84726
chr17	76760535	76960535	harbor2	chr17	76845667	76845833	LTR/ERVL	1254	-	83	76845750	85215
chr17	80750530	80950530	harbor2	chr17	80796159	80796324	LTR/ERVL	1097	-	82	80796241	45711
chr17	79966667	80166667	harbor2	chr17	80052144	80052581	LTR/ERVL	3493	-	218	80052362	85695
chr17	81860631	82060631	harbor2	chr17	81900926	81901457	LTR/ERVL	1913	-	266	81901192	40561
chr17	60875080	61075080	harbor2	chr17	60971017	60971281	LTR/ERVL	907	-	132	60971149	96069
chr17	60875080	61075080	harbor2	chr17	60971488	60971958	LTR/ERVL	1382	-	235	60971723	96643
chr17	69570299	69770299	harbor2	chr17	69619386	69620049	LTR/ERVL	1443	-	332	69619718	49419
chr17	69570299	69770299	harbor2	chr17	69622860	69623280	LTR/ERVL	888	-	210	69623070	52771
chr17	69570299	69770299	harbor2	chr17	69640866	69641241	LTR/ERVL	1941	-	188	69641054	70755
chr17	43326201	43526201	harbor2	chr17	43385368	43385819	LTR/ERVL	1352	-	226	43385594	59393
chr17	43326201	43526201	harbor2	chr17	43410624	43410889	LTR/ERVL	670	-	132	43410756	84555
chr17	77433200	77633200	harbor2	chr17	77461671	77462029	LTR/ERVL	1389	-	179	77461850	28650
chr17	77433200	77633200	harbor2	chr17	77463280	77463351	LTR/ERVL	826	-	36	77463316	30116
chr17	77433200	77633200	harbor2	chr17	77464500	77464601	LTR/ERVL	826	-	50	77464550	31350
chr17	77433200	77633200	harbor2	chr17	77464892	77464915	LTR/ERVL	826	-	12	77464904	31704
chr17	77433200	77633200	harbor2	chr17	77521363	77521552	LTR/ERVL	803	-	94	77521457	88257
chr17	77433200	77633200	harbor2	chr17	77523731	77524125	LTR/ERVL	2507	-	197	77523928	90728
chr17	77433200	77633200	harbor2	chr17	77524418	77524522	LTR/ERVL	2507	-	52	77524470	91270
chr17	79630539	79830539	harbor2	chr17	79672444	79672815	LTR/ERVL	705	-	186	79672630	42091
chr17	80793881	80993881	harbor2	chr17	80796159	80796324	LTR/ERVL	1097	-	82	80796241	2360
chr17	82848275	83048275	harbor2	chr17	82906895	82907260	LTR/ERVL	1092	-	182	82907077	58802
chr17	66938402	67138402	harbor2	chr17	66942342	66942678	LTR/ERVL	1008	-	168	66942510	4108
chr17	66938402	67138402	harbor2	chr17	66987442	66987846	LTR/ERVL	1586	-	202	66987644	49242
chr17	66938402	67138402	harbor2	chr17	67012453	67012832	LTR/ERVL	832	-	190	67012643	74241
chr17	66938402	67138402	harbor2	chr17	67019898	67020173	LTR/ERVL	979	-	138	67020036	81634
chr17	73828804	74028804	harbor2	chr17	73884818	73885027	LTR/ERVL	860	-	104	73884922	56118
chr17	70979984	71179984	harbor2	chr17	71017631	71017854	LTR/ERVL	982	-	112	71017743	37759
chr17	82688326	82888326	harbor2	chr17	82766660	82767197	LTR/ERVL	2192	-	268	82766928	78602
chr17	71356408	71556408	harbor2	chr17	71375652	71376175	LTR/ERVL	1830	-	262	71375914	19506
chr17	71356408	71556408	harbor2	chr17	71386116	71386467	LTR/ERVL	725	-	176	71386292	29884
chr17	71356408	71556408	harbor2	chr17	71448339	71448836	LTR/ERVL	2038	-	248	71448587	92179
chr17	44309104	44509104	harbor2	chr17	44387073	44387234	LTR/ERVL	582	-	80	44387153	78049
chr17	74137052	74337052	harbor2	chr17	74145939	74146124	LTR/ERVL	590	-	92	74146031	8979
chr17	74137052	74337052	harbor2	chr17	74152378	74152654	LTR/ERVL	752	-	138	74152516	15464
chr17	74137052	74337052	harbor2	chr17	74225505	74225666	LTR/ERVL	521	-	80	74225585	88533
chr17	53511252	53711252	harbor2	chr17	53606341	53606464	LTR/ERVL	643	-	62	53606403	95151
chr17	53511252	53711252	harbor2	chr17	53606771	53606841	LTR/ERVL	643	-	35	53606806	95554
chr17	45855500	46055500	harbor2	chr17	45877830	45878131	LTR/ERVL	1286	-	150	45877980	22480
chr17	45855500	46055500	harbor2	chr17	45881546	45882228	LTR/ERVL	6392	-	341	45881887	26387
chr17	45855500	46055500	harbor2	chr17	45882534	45883810	LTR/ERVL	6392	-	638	45883172	27672
chr17	45855500	46055500	harbor2	chr17	45884018	45884333	LTR/ERVL	1298	-	158	45884176	28676
chr17	45855500	46055500	harbor2	chr17	45884644	45884810	LTR/ERVL	1298	-	83	45884727	29227
chr17	45855500	46055500	harbor2	chr17	45884811	45885271	LTR/ERVL	1094	-	230	45885041	29541
chr17	45855500	46055500	harbor2	chr17	45885474	45885914	LTR/ERVL	1478	-	220	45885694	30194
chr17	45855500	46055500	harbor2	chr17	45886225	45886363	LTR/ERVL	1478	-	69	45886294	30794
chr17	45855500	46055500	harbor2	chr17	45886389	45886874	LTR/ERVL	1410	-	242	45886631	31131
chr17	45855500	46055500	harbor2	chr17	45886906	45887030	LTR/ERVL	2154	-	62	45886968	31468
chr17	45855500	46055500	harbor2	chr17	45887348	45887567	LTR/ERVL	2154	-	110	45887458	31958
chr17	45855500	46055500	harbor2	chr17	45887895	45888222	LTR/ERVL	2154	-	164	45888059	32559
chr17	45855500	46055500	harbor2	chr17	45888276	45888431	LTR/ERVL	932	-	78	45888354	32854
chr17	45855500	46055500	harbor2	chr17	45888791	45888812	LTR/ERVL	897	-	10	45888801	33301
chr17	45855500	46055500	harbor2	chr17	45889495	45889856	LTR/ERVL	1031	-	180	45889675	34175
chr17	45570687	45770687	harbor2	chr17	45592160	45592363	LTR/ERVL	755	-	102	45592262	21575
chr17	45570687	45770687	harbor2	chr17	45595171	45595598	LTR/ERVL	3555	-	214	45595385	24698
chr17	45570687	45770687	harbor2	chr17	45631040	45631664	LTR/ERVL	1181	-	312	45631352	60665
chr17	45570687	45770687	harbor2	chr17	45631972	45632041	LTR/ERVL	1181	-	34	45632006	61319
chr17	52958646	53158646	harbor2	chr17	52974470	52974799	LTR/ERVL	1585	-	164	52974634	15988
chr17	52958646	53158646	harbor2	chr17	53025554	53025972	LTR/ERVL	1445	-	209	53025763	67117
chr17	73944461	74144461	harbor2	chr17	73948082	73948541	LTR/ERVL	1290	-	230	73948312	3851
chr17	73944461	74144461	harbor2	chr17	73988097	73988497	LTR/ERVL	1629	-	200	73988297	43836
chr17	73944461	74144461	harbor2	chr17	73999781	73999999	LTR/ERVL	1162	-	109	73999890	55429
chr17	73944461	74144461	harbor2	chr17	74000006	74000592	LTR/ERVL	2174	-	293	74000299	55838
chr17	73944461	74144461	harbor2	chr17	74000570	74000768	LTR/ERVL	838	-	99	74000669	56208
chr17	73944461	74144461	harbor2	chr17	74035434	74035801	LTR/ERVL	1399	-	184	74035618	91157
chr17	65419756	65619756	harbor2	chr17	65460109	65460515	LTR/ERVL	652	-	203	65460312	40556
chr17	35723883	35923883	harbor2	chr17	35805020	35805392	LTR/ERVL	520	-	186	35805206	81323
chr17	56826994	57026994	harbor2	chr17	56876664	56877131	LTR/ERVL	1906	-	234	56876898	49904
chr17	56826994	57026994	harbor2	chr17	56887680	56888380	LTR/ERVL	1452	-	350	56888030	61036
chr17	45308827	45508827	harbor2	chr17	45322425	45322470	LTR/ERVL	937	-	22	45322447	13620
chr17	45308827	45508827	harbor2	chr17	45322609	45322624	LTR/ERVL	937	-	8	45322617	13790
chr17	45308827	45508827	harbor2	chr17	45322937	45323335	LTR/ERVL	937	-	199	45323136	14309
chr17	45308827	45508827	harbor2	chr17	45334645	45335055	LTR/ERVL	1978	-	205	45334850	26023
chr17	74216489	74416489	harbor2	chr17	74225505	74225666	LTR/ERVL	521	-	80	74225585	9096
chr17	73842588	74042588	harbor2	chr17	73884818	73885027	LTR/ERVL	860	-	104	73884922	42334
chr17	53827955	54027955	harbor2	chr17	53850237	53850661	LTR/ERVL	812	-	212	53850449	22494
chr17	53827955	54027955	harbor2	chr17	53881004	53881492	LTR/ERVL	2753	-	244	53881248	53293
chr17	67269928	67469928	harbor2	chr17	67302474	67302629	LTR/ERVL	568	-	78	67302552	32624
chr17	67269928	67469928	harbor2	chr17	67302953	67303005	LTR/ERVL	568	-	26	67302979	33051
chr17	67269928	67469928	harbor2	chr17	67323658	67323785	LTR/ERVL	1761	-	64	67323722	53794
chr17	67269928	67469928	harbor2	chr17	67324083	67324718	LTR/ERVL	1761	-	318	67324401	54473
chr17	67269928	67469928	harbor2	chr17	67325222	67325386	LTR/ERVL	2775	-	82	67325304	55376
chr17	67269928	67469928	harbor2	chr17	67325694	67326198	LTR/ERVL	2968	-	252	67325946	56018
chr17	67269928	67469928	harbor2	chr17	67326507	67326845	LTR/ERVL	2968	-	169	67326676	56748
chr17	67269928	67469928	harbor2	chr17	67327772	67327940	LTR/ERVL	2968	-	84	67327856	57928
chr17	67269928	67469928	harbor2	chr17	67328798	67329141	LTR/ERVL	2968	-	172	67328970	59042
chr17	67269928	67469928	harbor2	chr17	67329439	67329797	LTR/ERVL	2968	-	179	67329618	59690
chr17	67269928	67469928	harbor2	chr17	67330130	67330168	LTR/ERVL	2968	-	19	67330149	60221
chr17	67269928	67469928	harbor2	chr17	67333083	67333266	LTR/ERVL	724	-	92	67333175	63247
chr17	67269928	67469928	harbor2	chr17	67333298	67333698	LTR/ERVL	1109	-	200	67333498	63570
chr17	73735688	73935688	harbor2	chr17	73745183	73745379	LTR/ERVL	849	-	98	73745281	9593
chr17	73735688	73935688	harbor2	chr17	73790962	73791459	LTR/ERVL	945	-	248	73791210	55522
chr17	70347428	70547428	harbor2	chr17	70368362	70368746	LTR/ERVL	1150	-	192	70368554	21126
chr17	70347428	70547428	harbor2	chr17	70380610	70380881	LTR/ERVL	599	-	136	70380746	33318
chr17	70347428	70547428	harbor2	chr17	70420703	70421128	LTR/ERVL	501	-	212	70420915	73487
chr17	70347428	70547428	harbor2	chr17	70421194	70421495	LTR/ERVL	663	-	150	70421344	73916
chr17	70347428	70547428	harbor2	chr17	70422146	70422512	LTR/ERVL	1028	-	183	70422329	74901
chr17	70347428	70547428	harbor2	chr17	70369122	70369300	LTR/ERVL	1105	-	89	70369211	21783
chr17	67280404	67480404	harbor2	chr17	67302474	67302629	LTR/ERVL	568	-	78	67302552	22148
chr17	67280404	67480404	harbor2	chr17	67302953	67303005	LTR/ERVL	568	-	26	67302979	22575
chr17	67280404	67480404	harbor2	chr17	67323658	67323785	LTR/ERVL	1761	-	64	67323722	43318
chr17	67280404	67480404	harbor2	chr17	67324083	67324718	LTR/ERVL	1761	-	318	67324401	43997
chr17	67280404	67480404	harbor2	chr17	67325222	67325386	LTR/ERVL	2775	-	82	67325304	44900
chr17	67280404	67480404	harbor2	chr17	67325694	67326198	LTR/ERVL	2968	-	252	67325946	45542
chr17	67280404	67480404	harbor2	chr17	67326507	67326845	LTR/ERVL	2968	-	169	67326676	46272
chr17	67280404	67480404	harbor2	chr17	67327772	67327940	LTR/ERVL	2968	-	84	67327856	47452
chr17	67280404	67480404	harbor2	chr17	67328798	67329141	LTR/ERVL	2968	-	172	67328970	48566
chr17	67280404	67480404	harbor2	chr17	67329439	67329797	LTR/ERVL	2968	-	179	67329618	49214
chr17	67280404	67480404	harbor2	chr17	67330130	67330168	LTR/ERVL	2968	-	19	67330149	49745
chr17	67280404	67480404	harbor2	chr17	67333083	67333266	LTR/ERVL	724	-	92	67333175	52771
chr17	67280404	67480404	harbor2	chr17	67333298	67333698	LTR/ERVL	1109	-	200	67333498	53094
chr17	70362518	70562518	harbor2	chr17	70368362	70368746	LTR/ERVL	1150	-	192	70368554	6036
chr17	70362518	70562518	harbor2	chr17	70380610	70380881	LTR/ERVL	599	-	136	70380746	18228
chr17	70362518	70562518	harbor2	chr17	70420703	70421128	LTR/ERVL	501	-	212	70420915	58397
chr17	70362518	70562518	harbor2	chr17	70421194	70421495	LTR/ERVL	663	-	150	70421344	58826
chr17	70362518	70562518	harbor2	chr17	70422146	70422512	LTR/ERVL	1028	-	183	70422329	59811
chr17	70362518	70562518	harbor2	chr17	70457391	70457925	LTR/ERVL	2432	-	267	70457658	95140
chr17	70362518	70562518	harbor2	chr17	70369122	70369300	LTR/ERVL	1105	-	89	70369211	6693
chr17	51248948	51448948	harbor2	chr17	51276821	51277026	LTR/ERVL	1129	-	102	51276923	27975
chr17	51248948	51448948	harbor2	chr17	51288670	51289185	LTR/ERVL	3063	-	258	51288928	39980
chr17	51248948	51448948	harbor2	chr17	51289507	51289559	LTR/ERVL	3063	-	26	51289533	40585
chr17	51248948	51448948	harbor2	chr17	51311558	51311597	LTR/ERVL	3522	-	20	51311578	62630
chr17	51248948	51448948	harbor2	chr17	51311645	51312038	LTR/ERVL	3522	-	196	51311841	62893
chr17	51248948	51448948	harbor2	chr17	51334044	51334247	LTR/ERVL	1046	-	102	51334146	85198
chr17	20648337	20848337	harbor2	chr17	20668812	20669383	LTR/ERVL	808	-	286	20669098	20761
chr17	82672847	82872847	harbor2	chr17	82766660	82767197	LTR/ERVL	2192	-	268	82766928	94081
chr17	67681893	67881893	harbor2	chr17	67780330	67780411	LTR/ERVL	796	-	40	67780370	98477
chr17	67681893	67881893	harbor2	chr17	67780710	67780771	LTR/ERVL	796	-	30	67780740	98847
chr17	69627362	69827362	harbor2	chr17	69640866	69641241	LTR/ERVL	1941	-	188	69641054	13692
chr17	69627362	69827362	harbor2	chr17	69701170	69701715	LTR/ERVL	1931	-	272	69701442	74080
chr17	69627362	69827362	harbor2	chr17	69702652	69702697	LTR/ERVL	1792	-	22	69702674	75312
chr17	69627362	69827362	harbor2	chr17	69702733	69703152	LTR/ERVL	1792	-	210	69702943	75581
chr17	69627362	69827362	harbor2	chr17	69705624	69706411	LTR/ERVL	538	-	394	69706018	78656
chr17	69627362	69827362	harbor2	chr17	69706835	69707086	LTR/ERVL	681	-	126	69706961	79599
chr17	73773488	73973488	harbor2	chr17	73790962	73791459	LTR/ERVL	945	-	248	73791210	17722
chr17	67847044	68047044	harbor2	chr17	67850855	67851450	LTR/ERVL	4430	-	298	67851153	4109
chr17	72760985	72960985	harbor2	chr17	72792056	72792539	LTR/ERVL	1903	-	242	72792298	31313
chr17	36052860	36252860	harbor2	chr17	36122086	36122528	LTR/ERVL	3597	-	221	36122307	69447
chr17	36052860	36252860	harbor2	chr17	36133586	36134012	LTR/ERVL	715	-	213	36133799	80939
chr17	36052860	36252860	harbor2	chr17	36135852	36136377	LTR/ERVL	2068	-	262	36136114	83254
chr17	64411574	64611574	harbor2	chr17	64471108	64471617	LTR/ERVL	802	-	254	64471362	59788
chr17	40643156	40843156	harbor2	chr17	40715215	40715510	LTR/ERVL	862	-	148	40715363	72207
chr17	40643156	40843156	harbor2	chr17	40741672	40742057	LTR/ERVL	1239	-	192	40741864	98708
chr17	54002434	54202434	harbor2	chr17	54004195	54004663	LTR/ERVL	1290	-	234	54004429	1995
chr17	54002434	54202434	harbor2	chr17	54015699	54016223	LTR/ERVL	1955	-	262	54015961	13527
chr17	54002434	54202434	harbor2	chr17	54092395	54092649	LTR/ERVL	743	-	127	54092522	90088
chr17	37316079	37516079	harbor2	chr17	37315353	37316131	LTR/ERVL	3476	-	389	37315742	337
chr17	69966224	70166224	harbor2	chr17	69990862	69991547	LTR/ERVL	3716	-	342	69991204	24980
chr17	69966224	70166224	harbor2	chr17	70018112	70018633	LTR/ERVL	918	-	260	70018372	52148
chr17	53405240	53605240	harbor2	chr17	53440796	53441216	LTR/ERVL	2768	-	210	53441006	35766
chr17	69162284	69362284	harbor2	chr17	69237066	69237623	LTR/ERVL	1225	-	278	69237344	75060
chr17	69162284	69362284	harbor2	chr17	69239639	69240333	LTR/ERVL	2829	-	347	69239986	77702
chr17	69162284	69362284	harbor2	chr17	69238373	69239006	LTR/ERVL	2829	-	316	69238689	76405
chr17	21620843	21820843	harbor2	chr17	21696874	21697251	LTR/ERVL	788	-	188	21697062	76219
chr17	81950879	82150879	harbor2	chr17	81990742	81991062	LTR/ERVL	760	-	160	81990902	40023
chr17	70069375	70269375	harbor2	chr17	70079027	70079495	LTR/ERVL	2123	-	234	70079261	9886
chr17	70069375	70269375	harbor2	chr17	70083741	70084292	LTR/ERVL	1135	-	276	70084017	14642
chr17	70069375	70269375	harbor2	chr17	70092455	70092489	LTR/ERVL	2163	-	17	70092472	23097
chr17	70069375	70269375	harbor2	chr17	70092618	70093062	LTR/ERVL	2163	-	222	70092840	23465
chr17	68893890	69093890	harbor2	chr17	68961830	68961877	LTR/ERVL	2125	-	24	68961854	67964
chr17	68893890	69093890	harbor2	chr17	68961993	68962433	LTR/ERVL	2125	-	220	68962213	68323
chr17	42457674	42657674	harbor2	chr17	42545093	42545483	LTR/ERVL	1858	-	195	42545288	87614
chr17	42457674	42657674	harbor2	chr17	42545829	42546390	LTR/ERVL	2464	-	280	42546109	88435
chr17	42457674	42657674	harbor2	chr17	42552017	42552560	LTR/ERVL	2475	-	272	42552289	94615
chr17	40950820	41150820	harbor2	chr17	40987167	40987425	LTR/ERVL	916	-	129	40987296	36476
chr17	40950820	41150820	harbor2	chr17	41018408	41018744	LTR/ERVL	547	-	168	41018576	67756
chr17	40950820	41150820	harbor2	chr17	41019582	41019918	LTR/ERVL	1073	-	168	41019750	68930
chr17	40950820	41150820	harbor2	chr17	41020103	41021229	LTR/ERVL	3228	-	563	41020666	69846
chr17	40950820	41150820	harbor2	chr17	41022469	41022886	LTR/ERVL	1034	-	208	41022677	71857
chr17	40950820	41150820	harbor2	chr17	41023732	41024430	LTR/ERVL	1034	-	349	41024081	73261
chr17	40950820	41150820	harbor2	chr17	41024646	41024861	LTR/ERVL	578	-	108	41024754	73934
chr17	40950820	41150820	harbor2	chr17	41039110	41039977	LTR/ERVL	2529	-	434	41039544	88724
chr17	71680333	71880333	harbor2	chr17	71680696	71681110	LTR/ERVL	1075	-	207	71680903	570
chr17	71680333	71880333	harbor2	chr17	71698786	71698883	LTR/ERVL	513	-	48	71698834	18501
chr17	71680333	71880333	harbor2	chr17	71698889	71699100	LTR/ERVL	1147	-	106	71698995	18662
chr17	71680333	71880333	harbor2	chr17	71779351	71779752	LTR/ERVL	1361	-	200	71779551	99218
chr17	27938244	28138244	harbor2	chr17	27953945	27954155	LTR/ERVL	643	-	105	27954050	15806
chr17	52647184	52847184	harbor2	chr17	52649865	52650056	LTR/ERVL	895	-	96	52649961	2777
chr17	52647184	52847184	harbor2	chr17	52650087	52650344	LTR/ERVL	895	-	128	52650215	3031
chr17	52647184	52847184	harbor2	chr17	52692373	52692777	LTR/ERVL	756	-	202	52692575	45391
chr17	52647184	52847184	harbor2	chr17	52704925	52705887	LTR/ERVL	1465	-	481	52705406	58222
chr17	52647184	52847184	harbor2	chr17	52730561	52730975	LTR/ERVL	566	-	207	52730768	83584
chr17	52647184	52847184	harbor2	chr17	52741738	52742227	LTR/ERVL	1631	-	244	52741982	94798
chr17	82921146	83121146	harbor2	chr17	82980316	82980982	LTR/ERVL	2652	-	333	82980649	59503
chr17	76537788	76737788	harbor2	chr17	76588647	76589061	LTR/ERVL	2400	-	207	76588854	51066
chr17	76537788	76737788	harbor2	chr17	76589365	76589423	LTR/ERVL	2400	-	29	76589394	51606
chr17	73956592	74156592	harbor2	chr17	73988097	73988497	LTR/ERVL	1629	-	200	73988297	31705
chr17	73956592	74156592	harbor2	chr17	73999781	73999999	LTR/ERVL	1162	-	109	73999890	43298
chr17	73956592	74156592	harbor2	chr17	74000006	74000592	LTR/ERVL	2174	-	293	74000299	43707
chr17	73956592	74156592	harbor2	chr17	74000570	74000768	LTR/ERVL	838	-	99	74000669	44077
chr17	73956592	74156592	harbor2	chr17	74035434	74035801	LTR/ERVL	1399	-	184	74035618	79026
chr17	71540782	71740782	harbor2	chr17	71562854	71563259	LTR/ERVL	1675	-	202	71563056	22274
chr17	72791413	72991413	harbor2	chr17	72792056	72792539	LTR/ERVL	1903	-	242	72792298	885
chr17	72791413	72991413	harbor2	chr17	72878655	72879479	LTR/ERVL	3832	-	412	72879067	87654
chr17	82622227	82822227	harbor2	chr17	82637358	82637769	LTR/ERVL	2106	-	206	82637564	15337
chr17	82848727	83048727	harbor2	chr17	82906895	82907260	LTR/ERVL	1092	-	182	82907077	58350
chr17	50633840	50833840	harbor2	chr17	50731875	50732309	LTR/ERVL	2560	-	217	50732092	98252
chr17	66967525	67167525	harbor2	chr17	66987442	66987846	LTR/ERVL	1586	-	202	66987644	20119
chr17	66967525	67167525	harbor2	chr17	67012453	67012832	LTR/ERVL	832	-	190	67012643	45118
chr17	66967525	67167525	harbor2	chr17	67019898	67020173	LTR/ERVL	979	-	138	67020036	52511
chr17	66967525	67167525	harbor2	chr17	67038684	67039276	LTR/ERVL	3531	-	296	67038980	71455
chr17	82504233	82704233	harbor2	chr17	82600249	82600635	LTR/ERVL	1445	-	193	82600442	96209
chr17	82563756	82763756	harbor2	chr17	82600249	82600635	LTR/ERVL	1445	-	193	82600442	36686
chr17	82563756	82763756	harbor2	chr17	82637358	82637769	LTR/ERVL	2106	-	206	82637564	73808
chr17	58174345	58374345	harbor2	chr17	58225756	58225920	LTR/ERVL	550	-	82	58225838	51493
chr17	58174345	58374345	harbor2	chr17	58244439	58244846	LTR/ERVL	782	-	204	58244643	70298
chr17	57321430	57521430	harbor2	chr17	57350819	57351260	LTR/ERVL	914	-	220	57351039	29609
chr17	57321430	57521430	harbor2	chr17	57373456	57373879	LTR/ERVL	620	-	212	57373668	52238
chr17	50302361	50502361	harbor2	chr17	50311790	50311905	LTR/ERVL	790	-	58	50311848	9487
chr17	50302361	50502361	harbor2	chr17	50312207	50312549	LTR/ERVL	790	-	171	50312378	10017
chr17	50302361	50502361	harbor2	chr17	50313126	50313400	LTR/ERVL	661	-	137	50313263	10902
chr17	50302361	50502361	harbor2	chr17	50323235	50323405	LTR/ERVL	507	-	85	50323320	20959
chr17	50302361	50502361	harbor2	chr17	50324661	50325025	LTR/ERVL	1155	-	182	50324843	22482
chr17	50302361	50502361	harbor2	chr17	50376278	50376427	LTR/ERVL	1191	-	74	50376352	73991
chr17	50302361	50502361	harbor2	chr17	50376631	50376888	LTR/ERVL	1191	-	128	50376759	74398
chr17	58492305	58692305	harbor2	chr17	58558152	58558590	LTR/ERVL	865	-	219	58558371	66066
chr17	46143862	46343862	harbor2	chr17	46242737	46242951	LTR/ERVL	1140	-	107	46242844	98982
chr17	81924026	82124026	harbor2	chr17	81990742	81991062	LTR/ERVL	760	-	160	81990902	66876
chr17	79861909	80061909	harbor2	chr17	79900715	79900825	LTR/ERVL	571	-	55	79900770	38861
chr17	79861909	80061909	harbor2	chr17	79901129	79901401	LTR/ERVL	571	-	136	79901265	39356
chr17	79861909	80061909	harbor2	chr17	79901460	79901494	LTR/ERVL	1897	-	17	79901477	39568
chr17	79861909	80061909	harbor2	chr17	79901934	79902799	LTR/ERVL	1897	-	432	79902366	40457
chr17	79861909	80061909	harbor2	chr17	79903871	79904073	LTR/ERVL	1361	-	101	79903972	42063
chr17	79861909	80061909	harbor2	chr17	79906010	79906563	LTR/ERVL	667	-	276	79906286	44377
chr17	79861909	80061909	harbor2	chr17	79904359	79904803	LTR/ERVL	1376	-	222	79904581	42672
chr17	72820192	73020192	harbor2	chr17	72878655	72879479	LTR/ERVL	3832	-	412	72879067	58875
chr17	76766442	76966442	harbor2	chr17	76770496	76770935	LTR/ERVL	1669	-	220	76770716	4274
chr17	76766442	76966442	harbor2	chr17	76771056	76771359	LTR/ERVL	1669	-	152	76771208	4766
chr17	76766442	76966442	harbor2	chr17	76786443	76786808	LTR/ERVL	1617	-	182	76786625	20183
chr17	76766442	76966442	harbor2	chr17	76796466	76796620	LTR/ERVL	1978	-	77	76796543	30101
chr17	76766442	76966442	harbor2	chr17	76797747	76797890	LTR/ERVL	1978	-	72	76797819	31377
chr17	76766442	76966442	harbor2	chr17	76798188	76798651	LTR/ERVL	1978	-	232	76798420	31978
chr17	76766442	76966442	harbor2	chr17	76832042	76832588	LTR/ERVL	1985	-	273	76832315	65873
chr17	76766442	76966442	harbor2	chr17	76845167	76845355	LTR/ERVL	1254	-	94	76845261	78819
chr17	76766442	76966442	harbor2	chr17	76845667	76845833	LTR/ERVL	1254	-	83	76845750	79308
chr17	76766442	76966442	harbor2	chr17	76865615	76866063	LTR/ERVL	1045	-	224	76865839	99397
chr17	79060569	79260569	harbor2	chr17	79063952	79064344	LTR/ERVL	1377	-	196	79064148	3579
chr17	63915538	64115538	harbor2	chr17	63995558	63995849	LTR/ERVL	799	-	146	63995704	80166
chr17	49960885	50160885	harbor2	chr17	50048377	50048788	LTR/ERVL	2269	-	206	50048583	87698
chr17	49960885	50160885	harbor2	chr17	50052575	50052964	LTR/ERVL	2128	-	194	50052769	91884
chr18	57174368	57374368	harbor2	chr18	57192992	57193534	LTR/ERVL	1746	-	271	57193263	18895
chr18	57174368	57374368	harbor2	chr18	57195688	57196069	LTR/ERVL	1851	-	190	57195878	21510
chr18	57174368	57374368	harbor2	chr18	57206786	57207174	LTR/ERVL	1236	-	194	57206980	32612
chr18	57174368	57374368	harbor2	chr18	57221611	57222070	LTR/ERVL	1277	-	230	57221841	47473
chr18	57174368	57374368	harbor2	chr18	57240125	57240506	LTR/ERVL	1109	-	190	57240315	65947
chr18	66966485	67166485	harbor2	chr18	66989927	66990335	LTR/ERVL	832	-	204	66990131	23646
chr18	66966485	67166485	harbor2	chr18	66990345	66990850	LTR/ERVL	1223	-	252	66990597	24112
chr18	66966485	67166485	harbor2	chr18	66990882	66991186	LTR/ERVL	424	-	152	66991034	24549
chr18	66966485	67166485	harbor2	chr18	67030193	67030227	LTR/ERVL	848	-	17	67030210	63725
chr18	66966485	67166485	harbor2	chr18	67030282	67030604	LTR/ERVL	1321	-	161	67030443	63958
chr18	62249951	62449951	harbor2	chr18	62293213	62293647	LTR/ERVL	1967	-	217	62293430	43479
chr18	63193890	63393890	harbor2	chr18	63208920	63209365	LTR/ERVL	2887	-	222	63209142	15252
chr18	76133957	76333957	harbor2	chr18	76179721	76180243	LTR/ERVL	2003	-	261	76179982	46025
chr18	76133957	76333957	harbor2	chr18	76181619	76182615	LTR/ERVL	2463	-	498	76182117	48160
chr18	61209030	61409030	harbor2	chr18	61208814	61209241	LTR/ERVL	753	-	214	61209028	2
chr18	61209030	61409030	harbor2	chr18	61225046	61225709	LTR/ERVL	3175	-	332	61225378	16348
chr18	61209030	61409030	harbor2	chr18	61242288	61242734	LTR/ERVL	1171	-	223	61242511	33481
chr18	61209030	61409030	harbor2	chr18	61246604	61247018	LTR/ERVL	1009	-	207	61246811	37781
chr18	61209030	61409030	harbor2	chr18	61278956	61279503	LTR/ERVL	563	-	274	61279230	70200
chr18	44214395	44414395	harbor2	chr18	44295805	44296151	LTR/ERVL	779	-	173	44295978	81583
chr18	61459745	61659745	harbor2	chr18	61535517	61536011	LTR/ERVL	1570	-	247	61535764	76019
chr18	61459745	61659745	harbor2	chr18	61542346	61542619	LTR/ERVL	1116	-	136	61542482	82737
chr18	61459745	61659745	harbor2	chr18	61543040	61543141	LTR/ERVL	1116	-	50	61543090	83345
chr18	61459745	61659745	harbor2	chr18	61557065	61557246	LTR/ERVL	602	-	90	61557155	97410
chr18	35912189	36112189	harbor2	chr18	35938991	35939492	LTR/ERVL	1236	-	250	35939241	27052
chr18	72462255	72662255	harbor2	chr18	72492345	72492597	LTR/ERVL	816	-	126	72492471	30216
chr18	68176797	68376797	harbor2	chr18	68183184	68183485	LTR/ERVL	1078	-	150	68183334	6537
chr18	68176797	68376797	harbor2	chr18	68183492	68183629	LTR/ERVL	3734	-	68	68183560	6763
chr18	68176797	68376797	harbor2	chr18	68183904	68183994	LTR/ERVL	3734	-	45	68183949	7152
chr18	68176797	68376797	harbor2	chr18	68184355	68185169	LTR/ERVL	3734	-	407	68184762	7965
chr18	68176797	68376797	harbor2	chr18	68232715	68233900	LTR/ERVL	759	-	592	68233307	56510
chr18	68176797	68376797	harbor2	chr18	68234971	68235412	LTR/ERVL	666	-	220	68235191	58394
chr18	58692434	58892434	harbor2	chr18	58744927	58745386	LTR/ERVL	754	-	230	58745157	52723
chr18	58692434	58892434	harbor2	chr18	58757227	58757764	LTR/ERVL	2382	-	268	58757495	65061
chr18	63952609	64152609	harbor2	chr18	64003559	64003980	LTR/ERVL	1305	-	210	64003769	51160
chr18	78570793	78770793	harbor2	chr18	78618617	78618858	LTR/ERVL	595	-	120	78618737	47944
chr18	70671600	70871600	harbor2	chr18	70675139	70675741	LTR/ERVL	1434	-	301	70675440	3840
chr18	78010560	78210560	harbor2	chr18	78017943	78018392	LTR/ERVL	727	-	224	78018167	7607
chr18	23454328	23654328	harbor2	chr18	23460740	23461221	LTR/ERVL	1614	-	240	23460980	6652
chr18	23454328	23654328	harbor2	chr18	23494912	23495243	LTR/ERVL	1772	-	166	23495078	40750
chr18	77221540	77421540	harbor2	chr18	77223309	77223591	LTR/ERVL	1437	-	141	77223450	1910
chr18	43872668	44072668	harbor2	chr18	43879756	43880169	LTR/ERVL	1548	-	206	43879962	7294
chr18	43872668	44072668	harbor2	chr18	43920393	43920716	LTR/ERVL	667	-	162	43920555	47887
chr18	43872668	44072668	harbor2	chr18	43931472	43931729	LTR/ERVL	1197	-	128	43931600	58932
chr18	43872668	44072668	harbor2	chr18	43931719	43931847	LTR/ERVL	517	-	64	43931783	59115
chr18	71884762	72084762	harbor2	chr18	71887922	71888484	LTR/ERVL	1630	-	281	71888203	3441
chr18	71884762	72084762	harbor2	chr18	71915203	71915492	LTR/ERVL	1060	-	144	71915347	30585
chr18	71884762	72084762	harbor2	chr18	71916049	71916205	LTR/ERVL	651	-	78	71916127	31365
chr18	71884762	72084762	harbor2	chr18	71960483	71961610	LTR/ERVL	2222	-	564	71961047	76285
chr18	71884762	72084762	harbor2	chr18	71961714	71961859	LTR/ERVL	434	-	72	71961786	77024
chr18	71884762	72084762	harbor2	chr18	71977693	71978117	LTR/ERVL	693	-	212	71977905	93143
chr18	52636695	52836695	harbor2	chr18	52646324	52647105	LTR/ERVL	2079	-	390	52646714	10019
chr18	52636695	52836695	harbor2	chr18	52735383	52735889	LTR/ERVL	2023	-	253	52735636	98941
chr18	52636695	52836695	harbor2	chr18	52674127	52674589	LTR/ERVL	1708	-	231	52674358	37663
chr18	80037360	80237360	harbor2	chr18	80064592	80064760	LTR/ERVL	795	-	84	80064676	27316
chr18	80037360	80237360	harbor2	chr18	80124309	80124794	LTR/ERVL	2677	-	242	80124551	87191
chr18	80037360	80237360	harbor2	chr18	80124960	80125040	LTR/ERVL	557	-	40	80125000	87640
chr18	71190502	71390502	harbor2	chr18	71190711	71190955	LTR/ERVL	440	-	122	71190833	331
chr18	71190502	71390502	harbor2	chr18	71199087	71199547	LTR/ERVL	1027	-	230	71199317	8815
chr18	71190502	71390502	harbor2	chr18	71199617	71200405	LTR/ERVL	3502	-	394	71200011	9509
chr18	71190502	71390502	harbor2	chr18	71200704	71201128	LTR/ERVL	3502	-	212	71200916	10414
chr18	71190502	71390502	harbor2	chr18	71245745	71246315	LTR/ERVL	1306	-	285	71246030	55528
chr18	71190502	71390502	harbor2	chr18	71265826	71266382	LTR/ERVL	2094	-	278	71266104	75602
chr18	50245482	50445482	harbor2	chr18	50301798	50301883	LTR/ERVL	848	-	42	50301840	56358
chr18	50245482	50445482	harbor2	chr18	50302010	50302105	LTR/ERVL	848	-	48	50302058	56576
chr18	50245482	50445482	harbor2	chr18	50302620	50303307	LTR/ERVL	3296	-	344	50302964	57482
chr18	50245482	50445482	harbor2	chr18	50311725	50312155	LTR/ERVL	2755	-	215	50311940	66458
chr18	50245482	50445482	harbor2	chr18	50312460	50312594	LTR/ERVL	2755	-	67	50312527	67045
chr18	80141935	80341935	harbor2	chr18	80151307	80151598	LTR/ERVL	606	-	146	80151453	9518
chr18	48857021	49057021	harbor2	chr18	48886231	48886387	LTR/ERVL	604	-	78	48886309	29288
chr18	48857021	49057021	harbor2	chr18	48886723	48886922	LTR/ERVL	604	-	100	48886823	29802
chr18	66334253	66534253	harbor2	chr18	66367596	66367941	LTR/ERVL	920	-	172	66367768	33515
chr18	66334253	66534253	harbor2	chr18	66425854	66426079	LTR/ERVL	601	-	112	66425966	91713
chr18	66334253	66534253	harbor2	chr18	66404059	66404473	LTR/ERVL	1016	-	207	66404266	70013
chr18	69492678	69692678	harbor2	chr18	69567727	69568396	LTR/ERVL	1693	-	334	69568061	75383
chr18	77652346	77852346	harbor2	chr18	77658500	77658686	LTR/ERVL	501	-	93	77658593	6247
chr18	77652346	77852346	harbor2	chr18	77659263	77659638	LTR/ERVL	806	-	188	77659451	7105
chr18	77652346	77852346	harbor2	chr18	77708659	77709138	LTR/ERVL	1733	-	240	77708899	56553
chr19	34503634	34703634	harbor2	chr19	34548863	34549273	LTR/ERVL	2508	-	205	34549068	45434
chr19	34503634	34703634	harbor2	chr19	34561596	34561770	LTR/ERVL	905	-	87	34561683	58049
chr19	34503634	34703634	harbor2	chr19	34562136	34562189	LTR/ERVL	905	-	26	34562162	58528
chr19	46561870	46761870	harbor2	chr19	46592318	46592480	LTR/ERVL	2548	-	81	46592399	30529
chr19	46561870	46761870	harbor2	chr19	46592779	46593143	LTR/ERVL	2548	-	182	46592961	31091
chr19	48736803	48936803	harbor2	chr19	48783490	48783644	LTR/ERVL	918	-	77	48783567	46764
chr19	19825687	20025687	harbor2	chr19	19832504	19833153	LTR/ERVL	4221	-	324	19832828	7141
chr19	19825687	20025687	harbor2	chr19	19862527	19863080	LTR/ERVL	4179	-	276	19862803	37116
chr19	19825687	20025687	harbor2	chr19	19863079	19863393	LTR/ERVL	2333	-	157	19863236	37549
chr19	19825687	20025687	harbor2	chr19	19863401	19863596	LTR/ERVL	3502	-	98	19863499	37812
chr19	19825687	20025687	harbor2	chr19	19863625	19864026	LTR/ERVL	3502	-	200	19863825	38138
chr19	31523344	31723344	harbor2	chr19	31556190	31556628	LTR/ERVL	1341	-	219	31556409	33065
chr19	50741324	50941324	harbor2	chr19	50789210	50789287	LTR/ERVL	898	-	38	50789248	47924
chr19	50741324	50941324	harbor2	chr19	50789583	50790000	LTR/ERVL	898	-	208	50789791	48467
chr19	50741324	50941324	harbor2	chr19	50814666	50815150	LTR/ERVL	1492	-	242	50814908	73584
chr19	36843405	37043405	harbor2	chr19	36863319	36863947	LTR/ERVL	1056	-	314	36863633	20228
chr19	36843405	37043405	harbor2	chr19	36864077	36864245	LTR/ERVL	1169	-	84	36864161	20756
chr19	36843405	37043405	harbor2	chr19	36864544	36864665	LTR/ERVL	1169	-	60	36864604	21199
chr19	36843405	37043405	harbor2	chr19	36864898	36865358	LTR/ERVL	1402	-	230	36865128	21723
chr19	36843405	37043405	harbor2	chr19	36869042	36869526	LTR/ERVL	1135	-	242	36869284	25879
chr19	36843405	37043405	harbor2	chr19	36883870	36884064	LTR/ERVL	1348	-	97	36883967	40562
chr19	36843405	37043405	harbor2	chr19	36884358	36884875	LTR/ERVL	1348	-	258	36884616	41211
chr19	21377882	21577882	harbor2	chr19	21419331	21419756	LTR/ERVL	2952	-	212	21419543	41661
chr19	46287890	46487890	harbor2	chr19	46322168	46322429	LTR/ERVL	3429	-	130	46322298	34408
chr19	46287890	46487890	harbor2	chr19	46322740	46323043	LTR/ERVL	3429	-	152	46322892	35002
chr19	46287890	46487890	harbor2	chr19	46323349	46323620	LTR/ERVL	3429	-	136	46323485	35595
chr19	46287890	46487890	harbor2	chr19	46327572	46328361	LTR/ERVL	1858	-	394	46327966	40076
chr19	46287890	46487890	harbor2	chr19	46357348	46358181	LTR/ERVL	4192	-	416	46357764	69874
chr19	46287890	46487890	harbor2	chr19	46358279	46358567	LTR/ERVL	1629	-	144	46358423	70533
chr19	46287890	46487890	harbor2	chr19	46366945	46367379	LTR/ERVL	2180	-	217	46367162	79272
chr19	57475227	57675227	harbor2	chr19	57532234	57532641	LTR/ERVL	1874	-	204	57532438	57211
chr19	49891845	50091845	harbor2	chr19	49981844	49982212	LTR/ERVL	1675	-	184	49982028	90183
chr19	58310378	58510378	harbor2	chr19	58321969	58322436	LTR/ERVL	1781	-	234	58322203	11825
chr19	11219245	11419245	harbor2	chr19	11318947	11319317	LTR/ERVL	2009	-	185	11319132	99887
chr19	56725937	56925937	harbor2	chr19	56767561	56767767	LTR/ERVL	768	-	103	56767664	41727
chr19	54764526	54964526	harbor2	chr19	54765468	54765837	LTR/ERVL	1563	-	184	54765652	1126
chr19	54764526	54964526	harbor2	chr19	54766280	54766372	LTR/ERVL	1563	-	46	54766326	1800
chr19	54764526	54964526	harbor2	chr19	54781929	54782282	LTR/ERVL	1553	-	176	54782105	17579
chr19	54764526	54964526	harbor2	chr19	54782725	54782817	LTR/ERVL	1553	-	46	54782771	18245
chr19	54764526	54964526	harbor2	chr19	54812120	54812489	LTR/ERVL	1633	-	184	54812304	47778
chr19	54764526	54964526	harbor2	chr19	54812928	54812996	LTR/ERVL	1633	-	34	54812962	48436
chr19	54764526	54964526	harbor2	chr19	54828367	54828723	LTR/ERVL	1557	-	178	54828545	64019
chr19	54764526	54964526	harbor2	chr19	54829164	54829245	LTR/ERVL	1557	-	40	54829204	64678
chr19	54764526	54964526	harbor2	chr19	54846188	54846544	LTR/ERVL	1536	-	178	54846366	81840
chr19	54764526	54964526	harbor2	chr19	54846987	54847055	LTR/ERVL	1536	-	34	54847021	82495
chr19	54764526	54964526	harbor2	chr19	54862380	54862749	LTR/ERVL	1285	-	184	54862564	98038
chr19	55214824	55414824	harbor2	chr19	55260360	55260571	LTR/ERVL	1211	-	106	55260466	45642
chr19	57383039	57583039	harbor2	chr19	57396593	57396943	LTR/ERVL	853	-	175	57396768	13729
chr19	57383039	57583039	harbor2	chr19	57417137	57417462	LTR/ERVL	764	-	162	57417299	34260
chr19	57383039	57583039	harbor2	chr19	57441413	57441754	LTR/ERVL	677	-	170	57441583	58544
chr19	57383039	57583039	harbor2	chr19	57467791	57468154	LTR/ERVL	855	-	182	57467973	84934
chr19	52409424	52609424	harbor2	chr19	52419687	52419969	LTR/ERVL	1304	-	141	52419828	10404
chr19	52409424	52609424	harbor2	chr19	52420710	52420785	LTR/ERVL	1304	-	38	52420748	11324
chr19	52409424	52609424	harbor2	chr19	52426316	52426818	LTR/ERVL	1527	-	251	52426567	17143
chr19	52409424	52609424	harbor2	chr19	52426825	52427178	LTR/ERVL	1909	-	176	52427001	17577
chr19	52409424	52609424	harbor2	chr19	52454215	52454626	LTR/ERVL	1707	-	206	52454421	44997
chr19	55398315	55598315	harbor2	chr19	55399470	55399759	LTR/ERVL	1013	-	144	55399614	1299
chr19	55398315	55598315	harbor2	chr19	55471098	55471552	LTR/ERVL	1003	-	227	55471325	73010
chr19	55398315	55598315	harbor2	chr19	55495559	55495752	LTR/ERVL	2355	-	96	55495655	97340
chr19	55398315	55598315	harbor2	chr19	55496031	55496389	LTR/ERVL	2355	-	179	55496210	97895
chr19	52344950	52544950	harbor2	chr19	52355463	52356180	LTR/ERVL	2442	-	358	52355821	10871
chr19	52344950	52544950	harbor2	chr19	52356839	52357234	LTR/ERVL	1672	-	198	52357037	12087
chr19	52344950	52544950	harbor2	chr19	52357823	52358035	LTR/ERVL	1672	-	106	52357929	12979
chr19	52344950	52544950	harbor2	chr19	52359580	52360392	LTR/ERVL	2938	-	406	52359986	15036
chr19	52344950	52544950	harbor2	chr19	52368422	52368633	LTR/ERVL	698	-	106	52368528	23578
chr19	52344950	52544950	harbor2	chr19	52377335	52377831	LTR/ERVL	1687	-	248	52377583	32633
chr19	52344950	52544950	harbor2	chr19	52377968	52378237	LTR/ERVL	939	-	134	52378102	33152
chr19	52344950	52544950	harbor2	chr19	52391859	52392091	LTR/ERVL	794	-	116	52391975	47025
chr19	52344950	52544950	harbor2	chr19	52395480	52395929	LTR/ERVL	1776	-	224	52395704	50754
chr19	52344950	52544950	harbor2	chr19	52396270	52396615	LTR/ERVL	1963	-	172	52396442	51492
chr19	52344950	52544950	harbor2	chr19	52419687	52419969	LTR/ERVL	1304	-	141	52419828	74878
chr19	52344950	52544950	harbor2	chr19	52420710	52420785	LTR/ERVL	1304	-	38	52420748	75798
chr19	52344950	52544950	harbor2	chr19	52426316	52426818	LTR/ERVL	1527	-	251	52426567	81617
chr19	52344950	52544950	harbor2	chr19	52426825	52427178	LTR/ERVL	1909	-	176	52427001	82051
chr19	56918896	57118896	harbor2	chr19	56954698	56955028	LTR/ERVL	1462	-	165	56954863	35967
chr19	56918896	57118896	harbor2	chr19	56971448	56971696	LTR/ERVL	1252	-	124	56971572	52676
chr19	36180404	36380404	harbor2	chr19	36246503	36247019	LTR/ERVL	2784	-	258	36246761	66357
chr19	36180404	36380404	harbor2	chr19	36248473	36248804	LTR/ERVL	4087	-	166	36248639	68235
chr19	36180404	36380404	harbor2	chr19	36249088	36249117	LTR/ERVL	4087	-	14	36249102	68698
chr19	36180404	36380404	harbor2	chr19	36249411	36249919	LTR/ERVL	4087	-	254	36249665	69261
chr19	58201656	58401656	harbor2	chr19	58239500	58239616	LTR/ERVL	1206	-	58	58239558	37902
chr19	58201656	58401656	harbor2	chr19	58239915	58240247	LTR/ERVL	1206	-	166	58240081	38425
chr19	58201656	58401656	harbor2	chr19	58286286	58286803	LTR/ERVL	2170	-	258	58286544	84888
chr19	48534724	48734724	harbor2	chr19	48584131	48584319	LTR/ERVL	616	-	94	48584225	49501
chr19	48534724	48734724	harbor2	chr19	48584317	48584591	LTR/ERVL	991	-	137	48584454	49730
chr19	44797164	44997164	harbor2	chr19	44815561	44815722	LTR/ERVL	1244	-	80	44815641	18477
chr19	44797164	44997164	harbor2	chr19	44816334	44816586	LTR/ERVL	1244	-	126	44816460	19296
chr19	44797164	44997164	harbor2	chr19	44824867	44825199	LTR/ERVL	3259	-	166	44825033	27869
chr19	44797164	44997164	harbor2	chr19	44825653	44826070	LTR/ERVL	3259	-	208	44825861	28697
chr19	44797164	44997164	harbor2	chr19	44826203	44826359	LTR/ERVL	3259	-	78	44826281	29117
chr19	46322935	46522935	harbor2	chr19	46322740	46323043	LTR/ERVL	3429	-	152	46322892	43
chr19	46322935	46522935	harbor2	chr19	46323349	46323620	LTR/ERVL	3429	-	136	46323485	550
chr19	46322935	46522935	harbor2	chr19	46327572	46328361	LTR/ERVL	1858	-	394	46327966	5031
chr19	46322935	46522935	harbor2	chr19	46357348	46358181	LTR/ERVL	4192	-	416	46357764	34829
chr19	46322935	46522935	harbor2	chr19	46358279	46358567	LTR/ERVL	1629	-	144	46358423	35488
chr19	46322935	46522935	harbor2	chr19	46366945	46367379	LTR/ERVL	2180	-	217	46367162	44227
chr19	46322935	46522935	harbor2	chr19	46391844	46392174	LTR/ERVL	1175	-	165	46392009	69074
chr19	43375396	43575396	harbor2	chr19	43448856	43449113	LTR/ERVL	651	-	128	43448984	73588
chr19	36688196	36888196	harbor2	chr19	36769684	36770416	LTR/ERVL	4235	-	366	36770050	81854
chr19	36688196	36888196	harbor2	chr19	36770736	36770825	LTR/ERVL	4235	-	44	36770780	82584
chr19	56291581	56491581	harbor2	chr19	56374167	56375241	LTR/ERVL	2339	-	537	56374704	83123
chr19	56170944	56370944	harbor2	chr19	56252323	56252644	LTR/ERVL	1214	-	160	56252483	81539
chr19	9984618	10184618	harbor2	chr19	10045181	10045670	LTR/ERVL	1104	-	244	10045425	60807
chr19	51850070	52050070	harbor2	chr19	51898134	51898630	LTR/ERVL	2123	-	248	51898382	48312
chr19	51850070	52050070	harbor2	chr19	51898941	51899198	LTR/ERVL	2123	-	128	51899069	48999
chr19	51850070	52050070	harbor2	chr19	51900863	51901346	LTR/ERVL	2428	-	242	51901105	51035
chr19	51850070	52050070	harbor2	chr19	51902266	51902509	LTR/ERVL	3116	-	122	51902388	52318
chr19	51850070	52050070	harbor2	chr19	51903038	51903516	LTR/ERVL	3116	-	239	51903277	53207
chr19	56152636	56352636	harbor2	chr19	56155129	56155597	LTR/ERVL	1035	-	234	56155363	2727
chr19	56152636	56352636	harbor2	chr19	56155720	56156518	LTR/ERVL	2158	-	399	56156119	3483
chr19	56152636	56352636	harbor2	chr19	56252323	56252644	LTR/ERVL	1214	-	160	56252483	99847
chr19	46508923	46708923	harbor2	chr19	46592318	46592480	LTR/ERVL	2548	-	81	46592399	83476
chr19	46508923	46708923	harbor2	chr19	46592779	46593143	LTR/ERVL	2548	-	182	46592961	84038
chr19	56699623	56899623	harbor2	chr19	56767561	56767767	LTR/ERVL	768	-	103	56767664	68041
chr19	51886429	52086429	harbor2	chr19	51898134	51898630	LTR/ERVL	2123	-	248	51898382	11953
chr19	51886429	52086429	harbor2	chr19	51898941	51899198	LTR/ERVL	2123	-	128	51899069	12640
chr19	51886429	52086429	harbor2	chr19	51900863	51901346	LTR/ERVL	2428	-	242	51901105	14676
chr19	51886429	52086429	harbor2	chr19	51902266	51902509	LTR/ERVL	3116	-	122	51902388	15959
chr19	51886429	52086429	harbor2	chr19	51903038	51903516	LTR/ERVL	3116	-	239	51903277	16848
chr19	46135097	46335097	harbor2	chr19	46141067	46141272	LTR/ERVL	881	-	102	46141169	6072
chr19	46135097	46335097	harbor2	chr19	46180520	46181084	LTR/ERVL	1861	-	282	46180802	45705
chr19	46135097	46335097	harbor2	chr19	46207900	46208129	LTR/ERVL	1159	-	114	46208014	72917
chr19	46135097	46335097	harbor2	chr19	46208259	46208480	LTR/ERVL	808	-	110	46208369	73272
chr19	46135097	46335097	harbor2	chr19	46210397	46210857	LTR/ERVL	3269	-	230	46210627	75530
chr19	46135097	46335097	harbor2	chr19	46223709	46224164	LTR/ERVL	2097	-	228	46223937	88840
chr19	39553475	39753475	harbor2	chr19	39625939	39626292	LTR/ERVL	1199	-	176	39626115	72640
chr19	56690921	56890921	harbor2	chr19	56767561	56767767	LTR/ERVL	768	-	103	56767664	76743
chr19	54741866	54941866	harbor2	chr19	54750653	54751009	LTR/ERVL	1437	-	178	54750831	8965
chr19	54741866	54941866	harbor2	chr19	54751452	54751520	LTR/ERVL	1437	-	34	54751486	9620
chr19	54741866	54941866	harbor2	chr19	54765468	54765837	LTR/ERVL	1563	-	184	54765652	23786
chr19	54741866	54941866	harbor2	chr19	54766280	54766372	LTR/ERVL	1563	-	46	54766326	24460
chr19	54741866	54941866	harbor2	chr19	54781929	54782282	LTR/ERVL	1553	-	176	54782105	40239
chr19	54741866	54941866	harbor2	chr19	54782725	54782817	LTR/ERVL	1553	-	46	54782771	40905
chr19	54741866	54941866	harbor2	chr19	54812120	54812489	LTR/ERVL	1633	-	184	54812304	70438
chr19	54741866	54941866	harbor2	chr19	54812928	54812996	LTR/ERVL	1633	-	34	54812962	71096
chr19	54741866	54941866	harbor2	chr19	54828367	54828723	LTR/ERVL	1557	-	178	54828545	86679
chr19	54741866	54941866	harbor2	chr19	54829164	54829245	LTR/ERVL	1557	-	40	54829204	87338
chr19	43675817	43875817	harbor2	chr19	43726744	43727066	LTR/ERVL	1682	-	161	43726905	51088
chr19	41692773	41892773	harbor2	chr19	41726501	41726771	LTR/ERVL	977	-	135	41726636	33863
chr19	41692773	41892773	harbor2	chr19	41765449	41765867	LTR/ERVL	1147	-	209	41765658	72885
chr19	51278932	51478932	harbor2	chr19	51280249	51280758	LTR/ERVL	2535	-	254	51280503	1571
chr19	51278932	51478932	harbor2	chr19	51298566	51298748	LTR/ERVL	868	-	91	51298657	19725
chr19	51278932	51478932	harbor2	chr19	51302963	51303348	LTR/ERVL	2269	-	192	51303155	24223
chr19	51278932	51478932	harbor2	chr19	51303434	51303972	LTR/ERVL	12862	-	269	51303703	24771
chr19	51278932	51478932	harbor2	chr19	51304262	51304357	LTR/ERVL	12862	-	48	51304310	25378
chr19	51278932	51478932	harbor2	chr19	51305080	51306967	LTR/ERVL	12862	-	944	51306024	27092
chr19	51278932	51478932	harbor2	chr19	51307119	51307471	LTR/ERVL	1627	-	176	51307295	28363
chr19	51278932	51478932	harbor2	chr19	51307491	51308215	LTR/ERVL	3627	-	362	51307853	28921
chr19	52154315	52354315	harbor2	chr19	52183045	52183425	LTR/ERVL	965	-	190	52183235	28920
chr19	52154315	52354315	harbor2	chr19	52184055	52184137	LTR/ERVL	965	-	41	52184096	29781
chr19	52154315	52354315	harbor2	chr19	52192748	52192897	LTR/ERVL	760	-	74	52192822	38507
chr19	52154315	52354315	harbor2	chr19	52195319	52196142	LTR/ERVL	3558	-	412	52195731	41416
chr19	52154315	52354315	harbor2	chr19	52198420	52198690	LTR/ERVL	1649	-	135	52198555	44240
chr19	52154315	52354315	harbor2	chr19	52203553	52204062	LTR/ERVL	2525	-	254	52203807	49492
chr19	52154315	52354315	harbor2	chr19	52239514	52239916	LTR/ERVL	1446	-	201	52239715	85400
chr19	52154315	52354315	harbor2	chr19	52246901	52247402	LTR/ERVL	1772	-	250	52247151	92836
chr19	52154315	52354315	harbor2	chr19	52248038	52248449	LTR/ERVL	1214	-	206	52248244	93929
chr19	52154315	52354315	harbor2	chr19	52253844	52254159	LTR/ERVL	1564	-	158	52254002	99687
chr19	33187056	33387056	harbor2	chr19	33286754	33287216	LTR/ERVL	990	-	231	33286985	99929
chr19	57291441	57491441	harbor2	chr19	57334046	57334554	LTR/ERVL	1821	-	254	57334300	42859
chr19	57291441	57491441	harbor2	chr19	57371256	57371645	LTR/ERVL	831	-	194	57371450	80009
chr19	57291441	57491441	harbor2	chr19	57380611	57381067	LTR/ERVL	2378	-	228	57380839	89398
chr19	48724323	48924323	harbor2	chr19	48783490	48783644	LTR/ERVL	918	-	77	48783567	59244
chr19	57001592	57201592	harbor2	chr19	57049892	57050174	LTR/ERVL	1101	-	141	57050033	48441
chr19	57001592	57201592	harbor2	chr19	57050395	57050796	LTR/ERVL	2156	-	200	57050595	49003
chr19	57001592	57201592	harbor2	chr19	57082211	57082245	LTR/ERVL	795	-	17	57082228	80636
chr19	57001592	57201592	harbor2	chr19	57082275	57082629	LTR/ERVL	1206	-	177	57082452	80860
chr19	46984664	47184664	harbor2	chr19	47057903	47057938	LTR/ERVL	1468	-	18	47057921	73257
chr19	46984664	47184664	harbor2	chr19	47058542	47059055	LTR/ERVL	1468	-	256	47058798	74134
chr19	34206756	34406756	harbor2	chr19	34236323	34236764	LTR/ERVL	2217	-	220	34236543	29787
chr19	53742947	53942947	harbor2	chr19	53830774	53831034	LTR/ERVL	694	-	130	53830904	87957
chr19	56682102	56882102	harbor2	chr19	56767561	56767767	LTR/ERVL	768	-	103	56767664	85562
chr19	9747502	9947502	harbor2	chr19	9805229	9805373	LTR/ERVL	1183	-	72	9805301	57799
chr19	9747502	9947502	harbor2	chr19	9805985	9806076	LTR/ERVL	1183	-	46	9806031	58529
chr19	9747502	9947502	harbor2	chr19	9823763	9823999	LTR/ERVL	1228	-	118	9823881	76379
chr19	39466462	39666462	harbor2	chr19	39533404	39533833	LTR/ERVL	761	-	214	39533618	67156
chr19	53773422	53973422	harbor2	chr19	53830774	53831034	LTR/ERVL	694	-	130	53830904	57482
chr19	50727908	50927908	harbor2	chr19	50789210	50789287	LTR/ERVL	898	-	38	50789248	61340
chr19	50727908	50927908	harbor2	chr19	50789583	50790000	LTR/ERVL	898	-	208	50789791	61883
chr19	50727908	50927908	harbor2	chr19	50814666	50815150	LTR/ERVL	1492	-	242	50814908	87000
chr19	57619136	57819136	harbor2	chr19	57705367	57705477	LTR/ERVL	2129	-	55	57705422	86286
chr19	57619136	57819136	harbor2	chr19	57705774	57706150	LTR/ERVL	2129	-	188	57705962	86826
chr19	57619136	57819136	harbor2	chr19	57711988	57712466	LTR/ERVL	1747	-	239	57712227	93091
chr19	57619136	57819136	harbor2	chr19	57716980	57717471	LTR/ERVL	1589	-	246	57717226	98090
chr19	53480079	53680079	harbor2	chr19	53517646	53517816	LTR/ERVL	809	-	85	53517731	37652
chr19	53480079	53680079	harbor2	chr19	53517837	53517945	LTR/ERVL	4528	-	54	53517891	37812
chr19	53480079	53680079	harbor2	chr19	53518531	53519102	LTR/ERVL	4528	-	286	53518817	38738
chr19	53480079	53680079	harbor2	chr19	53557629	53557680	LTR/ERVL	2918	-	26	53557655	77576
chr19	53480079	53680079	harbor2	chr19	53557978	53558807	LTR/ERVL	2918	-	414	53558392	78313
chr19	53480079	53680079	harbor2	chr19	53565992	53566274	LTR/ERVL	1064	-	141	53566133	86054
chr19	53480079	53680079	harbor2	chr19	53567443	53567565	LTR/ERVL	2355	-	61	53567504	87425
chr19	53480079	53680079	harbor2	chr19	53567860	53567968	LTR/ERVL	2355	-	54	53567914	87835
chr19	53480079	53680079	harbor2	chr19	53568261	53568674	LTR/ERVL	2355	-	206	53568467	88388
chr19	40973208	41173208	harbor2	chr19	41069061	41069459	LTR/ERVL	1990	-	199	41069260	96052
chr19	50240946	50440946	harbor2	chr19	50263653	50263775	LTR/ERVL	3379	-	61	50263714	22768
chr19	50240946	50440946	harbor2	chr19	50264084	50264568	LTR/ERVL	3379	-	242	50264326	23380
chr19	50240946	50440946	harbor2	chr19	50269488	50269944	LTR/ERVL	1817	-	228	50269716	28770
chr19	50240946	50440946	harbor2	chr19	50297969	50298326	LTR/ERVL	1391	-	178	50298147	57201
chr19	29358554	29558554	harbor2	chr19	29373309	29373758	LTR/ERVL	1048	-	224	29373533	14979
chr19	37287172	37487172	harbor2	chr19	37307135	37307571	LTR/ERVL	1662	-	218	37307353	20181
chr19	40124877	40324877	harbor2	chr19	40133618	40133822	LTR/ERVL	759	-	102	40133720	8843
chr19	40124877	40324877	harbor2	chr19	40155756	40155928	LTR/ERVL	818	-	86	40155842	30965
chr19	40124877	40324877	harbor2	chr19	40155917	40156017	LTR/ERVL	773	-	50	40155967	31090
chr19	40124877	40324877	harbor2	chr19	40156114	40156263	LTR/ERVL	773	-	74	40156188	31311
chr19	40124877	40324877	harbor2	chr19	40209779	40209849	LTR/ERVL	2276	-	35	40209814	84937
chr19	40124877	40324877	harbor2	chr19	40210296	40210418	LTR/ERVL	2276	-	61	40210357	85480
chr19	40124877	40324877	harbor2	chr19	40210715	40211033	LTR/ERVL	2276	-	159	40210874	85997
chr19	35550217	35750217	harbor2	chr19	35601593	35601634	LTR/ERVL	1472	-	20	35601613	51396
chr19	35550217	35750217	harbor2	chr19	35601933	35602229	LTR/ERVL	1472	-	148	35602081	51864
chr19	56323840	56523840	harbor2	chr19	56374167	56375241	LTR/ERVL	2339	-	537	56374704	50864
chr19	52132950	52332950	harbor2	chr19	52183045	52183425	LTR/ERVL	965	-	190	52183235	50285
chr19	52132950	52332950	harbor2	chr19	52184055	52184137	LTR/ERVL	965	-	41	52184096	51146
chr19	52132950	52332950	harbor2	chr19	52192748	52192897	LTR/ERVL	760	-	74	52192822	59872
chr19	52132950	52332950	harbor2	chr19	52195319	52196142	LTR/ERVL	3558	-	412	52195731	62781
chr19	52132950	52332950	harbor2	chr19	52198420	52198690	LTR/ERVL	1649	-	135	52198555	65605
chr19	52132950	52332950	harbor2	chr19	52203553	52204062	LTR/ERVL	2525	-	254	52203807	70857
chr19	41556522	41756522	harbor2	chr19	41580225	41581024	LTR/ERVL	3430	-	400	41580625	24103
chr19	41556522	41756522	harbor2	chr19	41611104	41611758	LTR/ERVL	3339	-	327	41611431	54909
chr19	41556522	41756522	harbor2	chr19	41613546	41613946	LTR/ERVL	1994	-	200	41613746	57224
chr19	41825589	42025589	harbor2	chr19	41852981	41853071	LTR/ERVL	2090	-	45	41853026	27437
chr19	41825589	42025589	harbor2	chr19	41853204	41853882	LTR/ERVL	2090	-	339	41853543	27954
chr19	46765405	46965405	harbor2	chr19	46827335	46827439	LTR/ERVL	651	-	52	46827387	61982
chr19	51596495	51796495	harbor2	chr19	51649701	51649741	LTR/ERVL	2256	-	20	51649721	53226
chr19	51596495	51796495	harbor2	chr19	51649773	51650208	LTR/ERVL	2256	-	218	51649991	53496
chr19	53737426	53937426	harbor2	chr19	53830774	53831034	LTR/ERVL	694	-	130	53830904	93478
chr19	32459460	32659460	harbor2	chr19	32539009	32539128	LTR/ERVL	798	-	60	32539069	79609
chr19	32459460	32659460	harbor2	chr19	32539267	32539345	LTR/ERVL	798	-	39	32539306	79846
chr19	32459460	32659460	harbor2	chr19	32539570	32539990	LTR/ERVL	2284	-	210	32539780	80320
chr19	32459460	32659460	harbor2	chr19	32540668	32540771	LTR/ERVL	2284	-	52	32540720	81260
chr19	50822301	51022301	harbor2	chr19	50848635	50848877	LTR/ERVL	1158	-	121	50848756	26455
chr19	50822301	51022301	harbor2	chr19	50848986	50849287	LTR/ERVL	1718	-	150	50849136	26835
chr19	50822301	51022301	harbor2	chr19	50849586	50849806	LTR/ERVL	1718	-	110	50849696	27395
chr19	50822301	51022301	harbor2	chr19	50850470	50851070	LTR/ERVL	1307	-	300	50850770	28469
chr19	50822301	51022301	harbor2	chr19	50860690	50861303	LTR/ERVL	2420	-	306	50860996	38695
chr19	50822301	51022301	harbor2	chr19	50861469	50861928	LTR/ERVL	1467	-	230	50861699	39398
chr19	50822301	51022301	harbor2	chr19	50867771	50868012	LTR/ERVL	1095	-	120	50867891	45590
chr19	50822301	51022301	harbor2	chr19	50868117	50868704	LTR/ERVL	2072	-	294	50868411	46110
chr19	50822301	51022301	harbor2	chr19	50869266	50869850	LTR/ERVL	1177	-	292	50869558	47257
chr19	50822301	51022301	harbor2	chr19	50879352	50879485	LTR/ERVL	665	-	66	50879418	57117
chr19	50822301	51022301	harbor2	chr19	50879484	50879925	LTR/ERVL	1768	-	220	50879704	57403
chr19	50822301	51022301	harbor2	chr19	50880079	50880520	LTR/ERVL	1592	-	220	50880299	57998
chr19	50822301	51022301	harbor2	chr19	50884342	50884647	LTR/ERVL	1020	-	152	50884494	62193
chr19	50822301	51022301	harbor2	chr19	50889740	50890300	LTR/ERVL	1261	-	280	50890020	67719
chr19	48173744	48373744	harbor2	chr19	48192696	48192838	LTR/ERVL	863	-	71	48192767	19023
chr19	48173744	48373744	harbor2	chr19	48192880	48193065	LTR/ERVL	975	-	92	48192972	19228
chr19	55358494	55558494	harbor2	chr19	55399470	55399759	LTR/ERVL	1013	-	144	55399614	41120
chr19	43895827	44095827	harbor2	chr19	43896002	43896283	LTR/ERVL	1082	-	140	43896142	315
chr19	43895827	44095827	harbor2	chr19	43953274	43953734	LTR/ERVL	2475	-	230	43953504	57677
chr19	43895827	44095827	harbor2	chr19	43954178	43955876	LTR/ERVL	8032	-	849	43955027	59200
chr19	43895827	44095827	harbor2	chr19	43955872	43956823	LTR/ERVL	5196	-	476	43956348	60521
chr19	43895827	44095827	harbor2	chr19	43957596	43957807	LTR/ERVL	5196	-	106	43957702	61875
chr19	43895827	44095827	harbor2	chr19	43959033	43959428	LTR/ERVL	1592	-	198	43959231	63404
chr19	43895827	44095827	harbor2	chr19	43977844	43978367	LTR/ERVL	1949	-	262	43978106	82279
chr19	43895827	44095827	harbor2	chr19	43994418	43995107	LTR/ERVL	1450	-	344	43994762	98935
chr19	43895827	44095827	harbor2	chr19	43990696	43991105	LTR/ERVL	1320	-	204	43990900	95073
chr19	41603206	41803206	harbor2	chr19	41611104	41611758	LTR/ERVL	3339	-	327	41611431	8225
chr19	41603206	41803206	harbor2	chr19	41613546	41613946	LTR/ERVL	1994	-	200	41613746	10540
chr19	56076726	56276726	harbor2	chr19	56155129	56155597	LTR/ERVL	1035	-	234	56155363	78637
chr19	56076726	56276726	harbor2	chr19	56155720	56156518	LTR/ERVL	2158	-	399	56156119	79393
chr19	31758897	31958897	harbor2	chr19	31797114	31797550	LTR/ERVL	1179	-	218	31797332	38435
chr19	29315906	29515906	harbor2	chr19	29373309	29373758	LTR/ERVL	1048	-	224	29373533	57627
chr19	30938672	31138672	harbor2	chr19	30996296	30996645	LTR/ERVL	781	-	174	30996470	57798
chr19	30938672	31138672	harbor2	chr19	31008734	31008974	LTR/ERVL	693	-	120	31008854	70182
chr19	30938672	31138672	harbor2	chr19	31015791	31016113	LTR/ERVL	857	-	161	31015952	77280
chr19	39447518	39647518	harbor2	chr19	39533404	39533833	LTR/ERVL	761	-	214	39533618	86100
chr19	41349234	41549234	harbor2	chr19	41429081	41429586	LTR/ERVL	1188	-	252	41429333	80099
chr19	41349234	41549234	harbor2	chr19	41448943	41449143	LTR/ERVL	761	-	100	41449043	99809
chr19	56512581	56712581	harbor2	chr19	56545522	56545795	LTR/ERVL	901	-	136	56545658	33077
chr19	56512581	56712581	harbor2	chr19	56611458	56611615	LTR/ERVL	632	-	78	56611536	98955
chr19	42019338	42219338	harbor2	chr19	42029596	42029880	LTR/ERVL	1036	-	142	42029738	10400
chr19	42019338	42219338	harbor2	chr19	42030857	42031584	LTR/ERVL	3018	-	364	42031221	11883
chr19	43317526	43517526	harbor2	chr19	43337552	43337965	LTR/ERVL	1291	-	206	43337758	20232
chr19	45191375	45391375	harbor2	chr19	45197852	45198281	LTR/ERVL	1106	-	214	45198066	6691
chr19	53171747	53371747	harbor2	chr19	53198374	53198714	LTR/ERVL	3628	-	170	53198544	26797
chr19	53171747	53371747	harbor2	chr19	53199224	53199761	LTR/ERVL	3628	-	268	53199492	27745
chr19	48696657	48896657	harbor2	chr19	48783490	48783644	LTR/ERVL	918	-	77	48783567	86910
chr19	34168847	34368847	harbor2	chr19	34236323	34236764	LTR/ERVL	2217	-	220	34236543	67696
chr19	52102372	52302372	harbor2	chr19	52183045	52183425	LTR/ERVL	965	-	190	52183235	80863
chr19	52102372	52302372	harbor2	chr19	52184055	52184137	LTR/ERVL	965	-	41	52184096	81724
chr19	52102372	52302372	harbor2	chr19	52192748	52192897	LTR/ERVL	760	-	74	52192822	90450
chr19	52102372	52302372	harbor2	chr19	52195319	52196142	LTR/ERVL	3558	-	412	52195731	93359
chr19	52102372	52302372	harbor2	chr19	52198420	52198690	LTR/ERVL	1649	-	135	52198555	96183
chr19	47391365	47591365	harbor2	chr19	47392201	47392336	LTR/ERVL	665	-	68	47392269	904
chr19	52430626	52630626	harbor2	chr19	52454215	52454626	LTR/ERVL	1707	-	206	52454421	23795
chr19	57823575	58023575	harbor2	chr19	57830622	57830742	LTR/ERVL	1079	-	60	57830682	7107
chr19	57823575	58023575	harbor2	chr19	57831319	57831392	LTR/ERVL	1079	-	36	57831355	7780
chr19	57823575	58023575	harbor2	chr19	57832005	57832077	LTR/ERVL	1079	-	36	57832041	8466
chr19	57823575	58023575	harbor2	chr19	57877750	57877883	LTR/ERVL	1117	-	66	57877816	54241
chr19	57823575	58023575	harbor2	chr19	57878189	57878461	LTR/ERVL	1117	-	136	57878325	54750
chr19	57823575	58023575	harbor2	chr19	57912937	57913213	LTR/ERVL	976	-	138	57913075	89500
chr19	57823575	58023575	harbor2	chr19	57921510	57921584	LTR/ERVL	1048	-	37	57921547	97972
chr19	57823575	58023575	harbor2	chr19	57921887	57922017	LTR/ERVL	1048	-	65	57921952	98377
chr19	56753361	56953361	harbor2	chr19	56767561	56767767	LTR/ERVL	768	-	103	56767664	14303
chr19	32971289	33171289	harbor2	chr19	33029693	33030135	LTR/ERVL	2334	-	221	33029914	58625
chr19	32971289	33171289	harbor2	chr19	33030768	33031194	LTR/ERVL	1984	-	213	33030981	59692
chr19	32971289	33171289	harbor2	chr19	33031683	33031717	LTR/ERVL	1984	-	17	33031700	60411
chr19	32971289	33171289	harbor2	chr19	33032317	33032609	LTR/ERVL	1984	-	146	33032463	61174
chr19	58442532	58642532	harbor2	chr19	58497164	58497583	LTR/ERVL	2522	-	210	58497374	54842
chr19	28452276	28652276	harbor2	chr19	28457371	28457641	LTR/ERVL	794	-	135	28457506	5230
chr19	28452276	28652276	harbor2	chr19	28537201	28537642	LTR/ERVL	1837	-	220	28537421	85145
chr19	33452479	33652479	harbor2	chr19	33545357	33545639	LTR/ERVL	1117	-	141	33545498	93019
chr19	50752524	50952524	harbor2	chr19	50789210	50789287	LTR/ERVL	898	-	38	50789248	36724
chr19	50752524	50952524	harbor2	chr19	50789583	50790000	LTR/ERVL	898	-	208	50789791	37267
chr19	50752524	50952524	harbor2	chr19	50814666	50815150	LTR/ERVL	1492	-	242	50814908	62384
chr19	50752524	50952524	harbor2	chr19	50848635	50848877	LTR/ERVL	1158	-	121	50848756	96232
chr19	50752524	50952524	harbor2	chr19	50848986	50849287	LTR/ERVL	1718	-	150	50849136	96612
chr19	50752524	50952524	harbor2	chr19	50849586	50849806	LTR/ERVL	1718	-	110	50849696	97172
chr19	50752524	50952524	harbor2	chr19	50850470	50851070	LTR/ERVL	1307	-	300	50850770	98246
chr19	57875476	58075476	harbor2	chr19	57877750	57877883	LTR/ERVL	1117	-	66	57877816	2340
chr19	57875476	58075476	harbor2	chr19	57878189	57878461	LTR/ERVL	1117	-	136	57878325	2849
chr19	57875476	58075476	harbor2	chr19	57912937	57913213	LTR/ERVL	976	-	138	57913075	37599
chr19	57875476	58075476	harbor2	chr19	57921510	57921584	LTR/ERVL	1048	-	37	57921547	46071
chr19	57875476	58075476	harbor2	chr19	57921887	57922017	LTR/ERVL	1048	-	65	57921952	46476
chr19	57875476	58075476	harbor2	chr19	57931882	57932372	LTR/ERVL	1622	-	245	57932127	56651
chr19	57875476	58075476	harbor2	chr19	57944863	57944913	LTR/ERVL	1980	-	25	57944888	69412
chr19	57875476	58075476	harbor2	chr19	57945194	57945609	LTR/ERVL	1980	-	208	57945402	69926
chr19	53741217	53941217	harbor2	chr19	53830774	53831034	LTR/ERVL	694	-	130	53830904	89687
chr19	44347879	44547879	harbor2	chr19	44380788	44381246	LTR/ERVL	1568	-	229	44381017	33138
chr19	44347879	44547879	harbor2	chr19	44382573	44383017	LTR/ERVL	779	-	222	44382795	34916
chr19	44347879	44547879	harbor2	chr19	44399698	44400131	LTR/ERVL	1105	-	216	44399914	52035
chr19	44347879	44547879	harbor2	chr19	44408265	44408851	LTR/ERVL	2322	-	293	44408558	60679
chr19	44347879	44547879	harbor2	chr19	44414537	44414985	LTR/ERVL	1603	-	224	44414761	66882
chr19	44347879	44547879	harbor2	chr19	44418076	44418479	LTR/ERVL	1957	-	202	44418278	70399
chr19	44347879	44547879	harbor2	chr19	44418506	44418670	LTR/ERVL	893	-	82	44418588	70709
chr19	44347879	44547879	harbor2	chr19	44435267	44435697	LTR/ERVL	2243	-	215	44435482	87603
chr19	28563907	28763907	harbor2	chr19	28579571	28579874	LTR/ERVL	860	-	152	28579723	15816
chr19	44029636	44229636	harbor2	chr19	44030368	44031065	LTR/ERVL	1878	-	348	44030716	1080
chr19	44029636	44229636	harbor2	chr19	44057804	44058258	LTR/ERVL	2154	-	227	44058031	28395
chr19	44029636	44229636	harbor2	chr19	44058265	44060090	LTR/ERVL	5957	-	912	44059177	29541
chr19	44029636	44229636	harbor2	chr19	44064571	44065266	LTR/ERVL	1917	-	348	44064919	35283
chr19	44029636	44229636	harbor2	chr19	44104315	44104665	LTR/ERVL	1907	-	175	44104490	74854
chr19	44029636	44229636	harbor2	chr19	44104962	44105295	LTR/ERVL	1907	-	166	44105128	75492
chr19	44029636	44229636	harbor2	chr19	44129223	44129894	LTR/ERVL	1608	-	336	44129559	99923
chr19	34080621	34280621	harbor2	chr19	34085515	34085691	LTR/ERVL	1045	-	88	34085603	4982
chr19	34080621	34280621	harbor2	chr19	34085995	34086090	LTR/ERVL	1045	-	48	34086043	5422
chr19	50776081	50976081	harbor2	chr19	50789210	50789287	LTR/ERVL	898	-	38	50789248	13167
chr19	50776081	50976081	harbor2	chr19	50789583	50790000	LTR/ERVL	898	-	208	50789791	13710
chr19	50776081	50976081	harbor2	chr19	50814666	50815150	LTR/ERVL	1492	-	242	50814908	38827
chr19	50776081	50976081	harbor2	chr19	50848635	50848877	LTR/ERVL	1158	-	121	50848756	72675
chr19	50776081	50976081	harbor2	chr19	50848986	50849287	LTR/ERVL	1718	-	150	50849136	73055
chr19	50776081	50976081	harbor2	chr19	50849586	50849806	LTR/ERVL	1718	-	110	50849696	73615
chr19	50776081	50976081	harbor2	chr19	50850470	50851070	LTR/ERVL	1307	-	300	50850770	74689
chr19	50776081	50976081	harbor2	chr19	50860690	50861303	LTR/ERVL	2420	-	306	50860996	84915
chr19	50776081	50976081	harbor2	chr19	50861469	50861928	LTR/ERVL	1467	-	230	50861699	85618
chr19	50776081	50976081	harbor2	chr19	50867771	50868012	LTR/ERVL	1095	-	120	50867891	91810
chr19	50776081	50976081	harbor2	chr19	50868117	50868704	LTR/ERVL	2072	-	294	50868411	92330
chr19	50776081	50976081	harbor2	chr19	50869266	50869850	LTR/ERVL	1177	-	292	50869558	93477
chr19	50254588	50454588	harbor2	chr19	50263653	50263775	LTR/ERVL	3379	-	61	50263714	9126
chr19	50254588	50454588	harbor2	chr19	50264084	50264568	LTR/ERVL	3379	-	242	50264326	9738
chr19	50254588	50454588	harbor2	chr19	50269488	50269944	LTR/ERVL	1817	-	228	50269716	15128
chr19	50254588	50454588	harbor2	chr19	50297969	50298326	LTR/ERVL	1391	-	178	50298147	43559
chr19	52322596	52522596	harbor2	chr19	52337924	52338365	LTR/ERVL	1913	-	220	52338144	15548
chr19	52322596	52522596	harbor2	chr19	52355463	52356180	LTR/ERVL	2442	-	358	52355821	33225
chr19	52322596	52522596	harbor2	chr19	52356839	52357234	LTR/ERVL	1672	-	198	52357037	34441
chr19	52322596	52522596	harbor2	chr19	52357823	52358035	LTR/ERVL	1672	-	106	52357929	35333
chr19	52322596	52522596	harbor2	chr19	52359580	52360392	LTR/ERVL	2938	-	406	52359986	37390
chr19	52322596	52522596	harbor2	chr19	52368422	52368633	LTR/ERVL	698	-	106	52368528	45932
chr19	52322596	52522596	harbor2	chr19	52377335	52377831	LTR/ERVL	1687	-	248	52377583	54987
chr19	52322596	52522596	harbor2	chr19	52377968	52378237	LTR/ERVL	939	-	134	52378102	55506
chr19	52322596	52522596	harbor2	chr19	52391859	52392091	LTR/ERVL	794	-	116	52391975	69379
chr19	52322596	52522596	harbor2	chr19	52395480	52395929	LTR/ERVL	1776	-	224	52395704	73108
chr19	52322596	52522596	harbor2	chr19	52396270	52396615	LTR/ERVL	1963	-	172	52396442	73846
chr19	52322596	52522596	harbor2	chr19	52419687	52419969	LTR/ERVL	1304	-	141	52419828	97232
chr19	52322596	52522596	harbor2	chr19	52420710	52420785	LTR/ERVL	1304	-	38	52420748	98152
chr19	53163353	53363353	harbor2	chr19	53198374	53198714	LTR/ERVL	3628	-	170	53198544	35191
chr19	53163353	53363353	harbor2	chr19	53199224	53199761	LTR/ERVL	3628	-	268	53199492	36139
chr19	33507401	33707401	harbor2	chr19	33545357	33545639	LTR/ERVL	1117	-	141	33545498	38097
chr19	33507401	33707401	harbor2	chr19	33582740	33583239	LTR/ERVL	2973	-	250	33582990	75589
chr19	54369734	54569734	harbor2	chr19	54407688	54408152	LTR/ERVL	2722	-	232	54407920	38186
chr19	56752259	56952259	harbor2	chr19	56767561	56767767	LTR/ERVL	768	-	103	56767664	15405
chr19	45571822	45771822	harbor2	chr19	45606954	45607277	LTR/ERVL	628	-	162	45607116	35294
chr19	33310342	33510342	harbor2	chr19	33339186	33339641	LTR/ERVL	1397	-	228	33339414	29072
chr19	57896331	58096331	harbor2	chr19	57912937	57913213	LTR/ERVL	976	-	138	57913075	16744
chr19	57896331	58096331	harbor2	chr19	57921510	57921584	LTR/ERVL	1048	-	37	57921547	25216
chr19	57896331	58096331	harbor2	chr19	57921887	57922017	LTR/ERVL	1048	-	65	57921952	25621
chr19	57896331	58096331	harbor2	chr19	57931882	57932372	LTR/ERVL	1622	-	245	57932127	35796
chr19	57896331	58096331	harbor2	chr19	57944863	57944913	LTR/ERVL	1980	-	25	57944888	48557
chr19	57896331	58096331	harbor2	chr19	57945194	57945609	LTR/ERVL	1980	-	208	57945402	49071
chr19	55659254	55859254	harbor2	chr19	55719021	55719205	LTR/ERVL	920	-	92	55719113	59859
chr19	55659254	55859254	harbor2	chr19	55727826	55728294	LTR/ERVL	2650	-	234	55728060	68806
chr19	55659254	55859254	harbor2	chr19	55728600	55728699	LTR/ERVL	2650	-	50	55728650	69396
chr19	57442269	57642269	harbor2	chr19	57467791	57468154	LTR/ERVL	855	-	182	57467973	25704
chr19	57442269	57642269	harbor2	chr19	57532234	57532641	LTR/ERVL	1874	-	204	57532438	90169
chr19	41953954	42153954	harbor2	chr19	42029596	42029880	LTR/ERVL	1036	-	142	42029738	75784
chr19	41953954	42153954	harbor2	chr19	42030857	42031584	LTR/ERVL	3018	-	364	42031221	77267
chr19	54372168	54572168	harbor2	chr19	54407688	54408152	LTR/ERVL	2722	-	232	54407920	35752
chr19	46042636	46242636	harbor2	chr19	46042584	46042782	LTR/ERVL	707	-	99	46042683	47
chr19	46042636	46242636	harbor2	chr19	46042795	46043049	LTR/ERVL	885	-	127	46042922	286
chr19	46042636	46242636	harbor2	chr19	46072485	46072878	LTR/ERVL	1164	-	196	46072681	30045
chr19	46042636	46242636	harbor2	chr19	46074417	46074865	LTR/ERVL	2887	-	224	46074641	32005
chr19	46042636	46242636	harbor2	chr19	46141067	46141272	LTR/ERVL	881	-	102	46141169	98533
chr19	49549947	49749947	harbor2	chr19	49559070	49559291	LTR/ERVL	1178	-	110	49559180	9233
chr19	41189303	41389303	harbor2	chr19	41248921	41249189	LTR/ERVL	1414	-	134	41249055	59752
chr19	41189303	41389303	harbor2	chr19	41249776	41250000	LTR/ERVL	1414	-	112	41249888	60585
chr19	57134153	57334153	harbor2	chr19	57194409	57194829	LTR/ERVL	3161	-	210	57194619	60466
chr19	57134153	57334153	harbor2	chr19	57203110	57203446	LTR/ERVL	1335	-	168	57203278	69125
chr19	57134153	57334153	harbor2	chr19	57210277	57210779	LTR/ERVL	885	-	251	57210528	76375
chr19	57134153	57334153	harbor2	chr19	57221409	57221940	LTR/ERVL	1720	-	266	57221675	87522
chr19	57134153	57334153	harbor2	chr19	57223198	57223445	LTR/ERVL	685	-	124	57223322	89169
chr19	57134153	57334153	harbor2	chr19	57227087	57227268	LTR/ERVL	1803	-	90	57227177	93024
chr19	57134153	57334153	harbor2	chr19	57227591	57227981	LTR/ERVL	1803	-	195	57227786	93633
chr19	57134153	57334153	harbor2	chr19	57195090	57199946	LTR/ERVL	38964	-	2428	57197518	63365
chr19	56750148	56950148	harbor2	chr19	56767561	56767767	LTR/ERVL	768	-	103	56767664	17516
chr19	58441921	58641921	harbor2	chr19	58497164	58497583	LTR/ERVL	2522	-	210	58497374	55453
chr19	28490522	28690522	harbor2	chr19	28537201	28537642	LTR/ERVL	1837	-	220	28537421	46899
chr19	28490522	28690522	harbor2	chr19	28579571	28579874	LTR/ERVL	860	-	152	28579723	89201
chr19	58232447	58432447	harbor2	chr19	58239500	58239616	LTR/ERVL	1206	-	58	58239558	7111
chr19	58232447	58432447	harbor2	chr19	58239915	58240247	LTR/ERVL	1206	-	166	58240081	7634
chr19	58232447	58432447	harbor2	chr19	58286286	58286803	LTR/ERVL	2170	-	258	58286544	54097
chr19	58232447	58432447	harbor2	chr19	58321969	58322436	LTR/ERVL	1781	-	234	58322203	89756
chr19	23749556	23949556	harbor2	chr19	23841572	23841921	LTR/ERVL	1171	-	174	23841746	92190
chr19	58473552	58673552	harbor2	chr19	58497164	58497583	LTR/ERVL	2522	-	210	58497374	23822
chr19	56463868	56663868	harbor2	chr19	56467383	56468116	LTR/ERVL	3856	-	366	56467749	3881
chr19	56463868	56663868	harbor2	chr19	56480667	56481173	LTR/ERVL	2122	-	253	56480920	17052
chr19	56463868	56663868	harbor2	chr19	56498105	56498267	LTR/ERVL	863	-	81	56498186	34318
chr19	56463868	56663868	harbor2	chr19	56545522	56545795	LTR/ERVL	901	-	136	56545658	81790
chr19	34019104	34219104	harbor2	chr19	34025635	34025889	LTR/ERVL	736	-	127	34025762	6658
chr19	34019104	34219104	harbor2	chr19	34043824	34044419	LTR/ERVL	3091	-	298	34044122	25018
chr19	34019104	34219104	harbor2	chr19	34045314	34045420	LTR/ERVL	798	-	53	34045367	26263
chr19	34019104	34219104	harbor2	chr19	34085515	34085691	LTR/ERVL	1045	-	88	34085603	66499
chr19	34019104	34219104	harbor2	chr19	34085995	34086090	LTR/ERVL	1045	-	48	34086043	66939
chr19	33724703	33924703	harbor2	chr19	33730643	33731177	LTR/ERVL	1853	-	267	33730910	6207
chr19	33724703	33924703	harbor2	chr19	33732890	33733229	LTR/ERVL	751	-	170	33733060	8357
chr19	33724703	33924703	harbor2	chr19	33741349	33742252	LTR/ERVL	2893	-	452	33741801	17098
chr19	33724703	33924703	harbor2	chr19	33742649	33743293	LTR/ERVL	2893	-	322	33742971	18268
chr19	33724703	33924703	harbor2	chr19	33743601	33743781	LTR/ERVL	2893	-	90	33743691	18988
chr19	33724703	33924703	harbor2	chr19	33744091	33744505	LTR/ERVL	2893	-	207	33744298	19595
chr19	33724703	33924703	harbor2	chr19	33745260	33745523	LTR/ERVL	779	-	132	33745392	20689
chr19	33724703	33924703	harbor2	chr19	33745543	33745865	LTR/ERVL	654	-	161	33745704	21001
chr19	32291118	32491118	harbor2	chr19	32313275	32314126	LTR/ERVL	1729	-	426	32313701	22583
chr19	21480106	21680106	harbor2	chr19	21563665	21563992	LTR/ERVL	884	-	164	21563829	83723
chr19	19996623	20196623	harbor2	chr19	20051128	20051375	LTR/ERVL	660	-	124	20051252	54629
chr19	19996623	20196623	harbor2	chr19	20072474	20072580	LTR/ERVL	3414	-	53	20072527	75904
chr19	19996623	20196623	harbor2	chr19	20072866	20073398	LTR/ERVL	3414	-	266	20073132	76509
chr19	19996623	20196623	harbor2	chr19	20073400	20074994	LTR/ERVL	11112	-	797	20074197	77574
chr19	19996623	20196623	harbor2	chr19	20074975	20075095	LTR/ERVL	831	-	60	20075035	78412
chr19	19996623	20196623	harbor2	chr19	20075435	20075696	LTR/ERVL	1971	-	130	20075565	78942
chr19	19996623	20196623	harbor2	chr19	20075953	20076071	LTR/ERVL	880	-	59	20076012	79389
chr19	19996623	20196623	harbor2	chr19	20076072	20076393	LTR/ERVL	2338	-	160	20076232	79609
chr19	19996623	20196623	harbor2	chr19	20076394	20076629	LTR/ERVL	2918	-	118	20076512	79889
chr19	19996623	20196623	harbor2	chr19	20076941	20077125	LTR/ERVL	2918	-	92	20077033	80410
chr19	44367548	44567548	harbor2	chr19	44380788	44381246	LTR/ERVL	1568	-	229	44381017	13469
chr19	44367548	44567548	harbor2	chr19	44382573	44383017	LTR/ERVL	779	-	222	44382795	15247
chr19	44367548	44567548	harbor2	chr19	44399698	44400131	LTR/ERVL	1105	-	216	44399914	32366
chr19	44367548	44567548	harbor2	chr19	44408265	44408851	LTR/ERVL	2322	-	293	44408558	41010
chr19	44367548	44567548	harbor2	chr19	44414537	44414985	LTR/ERVL	1603	-	224	44414761	47213
chr19	44367548	44567548	harbor2	chr19	44418076	44418479	LTR/ERVL	1957	-	202	44418278	50730
chr19	44367548	44567548	harbor2	chr19	44418506	44418670	LTR/ERVL	893	-	82	44418588	51040
chr19	44367548	44567548	harbor2	chr19	44435267	44435697	LTR/ERVL	2243	-	215	44435482	67934
chr19	44367548	44567548	harbor2	chr19	44462719	44463137	LTR/ERVL	1301	-	209	44462928	95380
chr19	44367548	44567548	harbor2	chr19	44464656	44465065	LTR/ERVL	1626	-	204	44464860	97312
chr19	56157717	56357717	harbor2	chr19	56252323	56252644	LTR/ERVL	1214	-	160	56252483	94766
chr19	40813464	41013464	harbor2	chr19	40903532	40904000	LTR/ERVL	859	-	234	40903766	90302
chr19	21692080	21892080	harbor2	chr19	21758963	21759304	LTR/ERVL	826	-	170	21759133	67053
chr19	51190757	51390757	harbor2	chr19	51235791	51235876	LTR/ERVL	2916	-	42	51235833	45076
chr19	51190757	51390757	harbor2	chr19	51236174	51236627	LTR/ERVL	2916	-	226	51236400	45643
chr19	51190757	51390757	harbor2	chr19	51280249	51280758	LTR/ERVL	2535	-	254	51280503	89746
chr19	57640488	57840488	harbor2	chr19	57705367	57705477	LTR/ERVL	2129	-	55	57705422	64934
chr19	57640488	57840488	harbor2	chr19	57705774	57706150	LTR/ERVL	2129	-	188	57705962	65474
chr19	57640488	57840488	harbor2	chr19	57711988	57712466	LTR/ERVL	1747	-	239	57712227	71739
chr19	57640488	57840488	harbor2	chr19	57716980	57717471	LTR/ERVL	1589	-	246	57717226	76738
chr19	44396233	44596233	harbor2	chr19	44399698	44400131	LTR/ERVL	1105	-	216	44399914	3681
chr19	44396233	44596233	harbor2	chr19	44408265	44408851	LTR/ERVL	2322	-	293	44408558	12325
chr19	44396233	44596233	harbor2	chr19	44414537	44414985	LTR/ERVL	1603	-	224	44414761	18528
chr19	44396233	44596233	harbor2	chr19	44418076	44418479	LTR/ERVL	1957	-	202	44418278	22045
chr19	44396233	44596233	harbor2	chr19	44418506	44418670	LTR/ERVL	893	-	82	44418588	22355
chr19	44396233	44596233	harbor2	chr19	44435267	44435697	LTR/ERVL	2243	-	215	44435482	39249
chr19	44396233	44596233	harbor2	chr19	44462719	44463137	LTR/ERVL	1301	-	209	44462928	66695
chr19	44396233	44596233	harbor2	chr19	44464656	44465065	LTR/ERVL	1626	-	204	44464860	68627
chr19	51903102	52103102	harbor2	chr19	51903038	51903516	LTR/ERVL	3116	-	239	51903277	175
chr19	46532058	46732058	harbor2	chr19	46592318	46592480	LTR/ERVL	2548	-	81	46592399	60341
chr19	46532058	46732058	harbor2	chr19	46592779	46593143	LTR/ERVL	2548	-	182	46592961	60903
chr19	46758662	46958662	harbor2	chr19	46827335	46827439	LTR/ERVL	651	-	52	46827387	68725
chr19	37746256	37946256	harbor2	chr19	37785672	37786139	LTR/ERVL	668	-	234	37785906	39650
chr19	37746256	37946256	harbor2	chr19	37799447	37799993	LTR/ERVL	2755	-	273	37799720	53464
chr19	37746256	37946256	harbor2	chr19	37804419	37804823	LTR/ERVL	1394	-	202	37804621	58365
chr19	37746256	37946256	harbor2	chr19	37807869	37808445	LTR/ERVL	1766	-	288	37808157	61901
chr19	37746256	37946256	harbor2	chr19	37812053	37812514	LTR/ERVL	1647	-	230	37812283	66027
chr19	55663040	55863040	harbor2	chr19	55719021	55719205	LTR/ERVL	920	-	92	55719113	56073
chr19	55663040	55863040	harbor2	chr19	55727826	55728294	LTR/ERVL	2650	-	234	55728060	65020
chr19	55663040	55863040	harbor2	chr19	55728600	55728699	LTR/ERVL	2650	-	50	55728650	65610
chr19	53141792	53341792	harbor2	chr19	53155921	53156116	LTR/ERVL	726	-	98	53156019	14227
chr19	53141792	53341792	harbor2	chr19	53156420	53156584	LTR/ERVL	726	-	82	53156502	14710
chr19	53141792	53341792	harbor2	chr19	53198374	53198714	LTR/ERVL	3628	-	170	53198544	56752
chr19	53141792	53341792	harbor2	chr19	53199224	53199761	LTR/ERVL	3628	-	268	53199492	57700
chr19	56390023	56590023	harbor2	chr19	56456271	56456558	LTR/ERVL	837	-	144	56456415	66392
chr19	56390023	56590023	harbor2	chr19	56467383	56468116	LTR/ERVL	3856	-	366	56467749	77726
chr19	56390023	56590023	harbor2	chr19	56480667	56481173	LTR/ERVL	2122	-	253	56480920	90897
chr19	57344739	57544739	harbor2	chr19	57371256	57371645	LTR/ERVL	831	-	194	57371450	26711
chr19	57344739	57544739	harbor2	chr19	57380611	57381067	LTR/ERVL	2378	-	228	57380839	36100
chr19	57344739	57544739	harbor2	chr19	57396593	57396943	LTR/ERVL	853	-	175	57396768	52029
chr19	57344739	57544739	harbor2	chr19	57417137	57417462	LTR/ERVL	764	-	162	57417299	72560
chr19	57344739	57544739	harbor2	chr19	57441413	57441754	LTR/ERVL	677	-	170	57441583	96844
chr19	35306692	35506692	harbor2	chr19	35309141	35309462	LTR/ERVL	1949	-	160	35309301	2609
chr19	35306692	35506692	harbor2	chr19	35309580	35309758	LTR/ERVL	1949	-	89	35309669	2977
chr19	35306692	35506692	harbor2	chr19	35393430	35393844	LTR/ERVL	1267	-	207	35393637	86945
chr19	55204935	55404935	harbor2	chr19	55260360	55260571	LTR/ERVL	1211	-	106	55260466	55531
chr19	33667896	33867896	harbor2	chr19	33712209	33712685	LTR/ERVL	2472	-	238	33712447	44551
chr19	33667896	33867896	harbor2	chr19	33730643	33731177	LTR/ERVL	1853	-	267	33730910	63014
chr19	33667896	33867896	harbor2	chr19	33732890	33733229	LTR/ERVL	751	-	170	33733060	65164
chr19	33667896	33867896	harbor2	chr19	33741349	33742252	LTR/ERVL	2893	-	452	33741801	73905
chr19	33667896	33867896	harbor2	chr19	33742649	33743293	LTR/ERVL	2893	-	322	33742971	75075
chr19	33667896	33867896	harbor2	chr19	33743601	33743781	LTR/ERVL	2893	-	90	33743691	75795
chr19	33667896	33867896	harbor2	chr19	33744091	33744505	LTR/ERVL	2893	-	207	33744298	76402
chr19	33667896	33867896	harbor2	chr19	33745260	33745523	LTR/ERVL	779	-	132	33745392	77496
chr19	33667896	33867896	harbor2	chr19	33745543	33745865	LTR/ERVL	654	-	161	33745704	77808
chr19	51060666	51260666	harbor2	chr19	51070279	51070838	LTR/ERVL	3112	-	280	51070559	9893
chr19	51060666	51260666	harbor2	chr19	51114137	51114367	LTR/ERVL	805	-	115	51114252	53586
chr19	57130888	57330888	harbor2	chr19	57131942	57132171	LTR/ERVL	2522	-	114	57132056	1168
chr19	57130888	57330888	harbor2	chr19	57132748	57133025	LTR/ERVL	2522	-	138	57132886	1998
chr19	57130888	57330888	harbor2	chr19	57194409	57194829	LTR/ERVL	3161	-	210	57194619	63731
chr19	57130888	57330888	harbor2	chr19	57203110	57203446	LTR/ERVL	1335	-	168	57203278	72390
chr19	57130888	57330888	harbor2	chr19	57210277	57210779	LTR/ERVL	885	-	251	57210528	79640
chr19	57130888	57330888	harbor2	chr19	57221409	57221940	LTR/ERVL	1720	-	266	57221675	90787
chr19	57130888	57330888	harbor2	chr19	57223198	57223445	LTR/ERVL	685	-	124	57223322	92434
chr19	57130888	57330888	harbor2	chr19	57227087	57227268	LTR/ERVL	1803	-	90	57227177	96289
chr19	57130888	57330888	harbor2	chr19	57227591	57227981	LTR/ERVL	1803	-	195	57227786	96898
chr19	57130888	57330888	harbor2	chr19	57195090	57199946	LTR/ERVL	38964	-	2428	57197518	66630
chr19	53429313	53629313	harbor2	chr19	53517646	53517816	LTR/ERVL	809	-	85	53517731	88418
chr19	53429313	53629313	harbor2	chr19	53517837	53517945	LTR/ERVL	4528	-	54	53517891	88578
chr19	53429313	53629313	harbor2	chr19	53518531	53519102	LTR/ERVL	4528	-	286	53518817	89504
chr19	36312737	36512737	harbor2	chr19	36364136	36364623	LTR/ERVL	2729	-	244	36364380	51643
chr19	47243493	47443493	harbor2	chr19	47263271	47263531	LTR/ERVL	1052	-	130	47263401	19908
chr19	57141588	57341588	harbor2	chr19	57194409	57194829	LTR/ERVL	3161	-	210	57194619	53031
chr19	57141588	57341588	harbor2	chr19	57203110	57203446	LTR/ERVL	1335	-	168	57203278	61690
chr19	57141588	57341588	harbor2	chr19	57210277	57210779	LTR/ERVL	885	-	251	57210528	68940
chr19	57141588	57341588	harbor2	chr19	57221409	57221940	LTR/ERVL	1720	-	266	57221675	80087
chr19	57141588	57341588	harbor2	chr19	57223198	57223445	LTR/ERVL	685	-	124	57223322	81734
chr19	57141588	57341588	harbor2	chr19	57227087	57227268	LTR/ERVL	1803	-	90	57227177	85589
chr19	57141588	57341588	harbor2	chr19	57227591	57227981	LTR/ERVL	1803	-	195	57227786	86198
chr19	57141588	57341588	harbor2	chr19	57195090	57199946	LTR/ERVL	38964	-	2428	57197518	55930
chr19	39526331	39726331	harbor2	chr19	39533404	39533833	LTR/ERVL	761	-	214	39533618	7287
chr19	39526331	39726331	harbor2	chr19	39625939	39626292	LTR/ERVL	1199	-	176	39626115	99784
chr19	56759212	56959212	harbor2	chr19	56767561	56767767	LTR/ERVL	768	-	103	56767664	8452
chr19	56215990	56415990	harbor2	chr19	56252323	56252644	LTR/ERVL	1214	-	160	56252483	36493
chr19	56215990	56415990	harbor2	chr19	56278517	56279176	LTR/ERVL	3456	-	330	56278847	62857
chr19	45987649	46187649	harbor2	chr19	46042584	46042782	LTR/ERVL	707	-	99	46042683	55034
chr19	45987649	46187649	harbor2	chr19	46042795	46043049	LTR/ERVL	885	-	127	46042922	55273
chr19	45987649	46187649	harbor2	chr19	46072485	46072878	LTR/ERVL	1164	-	196	46072681	85032
chr19	45987649	46187649	harbor2	chr19	46074417	46074865	LTR/ERVL	2887	-	224	46074641	86992
chr19	40193138	40393138	harbor2	chr19	40209779	40209849	LTR/ERVL	2276	-	35	40209814	16676
chr19	40193138	40393138	harbor2	chr19	40210296	40210418	LTR/ERVL	2276	-	61	40210357	17219
chr19	40193138	40393138	harbor2	chr19	40210715	40211033	LTR/ERVL	2276	-	159	40210874	17736
chr19	58422926	58622926	harbor2	chr19	58497164	58497583	LTR/ERVL	2522	-	210	58497374	74448
chr19	56278732	56478732	harbor2	chr19	56374167	56375241	LTR/ERVL	2339	-	537	56374704	95972
chr19	56278732	56478732	harbor2	chr19	56278517	56279176	LTR/ERVL	3456	-	330	56278847	115
chr19	50725881	50925881	harbor2	chr19	50789210	50789287	LTR/ERVL	898	-	38	50789248	63367
chr19	50725881	50925881	harbor2	chr19	50789583	50790000	LTR/ERVL	898	-	208	50789791	63910
chr19	50725881	50925881	harbor2	chr19	50814666	50815150	LTR/ERVL	1492	-	242	50814908	89027
chr19	52322232	52522232	harbor2	chr19	52337924	52338365	LTR/ERVL	1913	-	220	52338144	15912
chr19	52322232	52522232	harbor2	chr19	52355463	52356180	LTR/ERVL	2442	-	358	52355821	33589
chr19	52322232	52522232	harbor2	chr19	52356839	52357234	LTR/ERVL	1672	-	198	52357037	34805
chr19	52322232	52522232	harbor2	chr19	52357823	52358035	LTR/ERVL	1672	-	106	52357929	35697
chr19	52322232	52522232	harbor2	chr19	52359580	52360392	LTR/ERVL	2938	-	406	52359986	37754
chr19	52322232	52522232	harbor2	chr19	52368422	52368633	LTR/ERVL	698	-	106	52368528	46296
chr19	52322232	52522232	harbor2	chr19	52377335	52377831	LTR/ERVL	1687	-	248	52377583	55351
chr19	52322232	52522232	harbor2	chr19	52377968	52378237	LTR/ERVL	939	-	134	52378102	55870
chr19	52322232	52522232	harbor2	chr19	52391859	52392091	LTR/ERVL	794	-	116	52391975	69743
chr19	52322232	52522232	harbor2	chr19	52395480	52395929	LTR/ERVL	1776	-	224	52395704	73472
chr19	52322232	52522232	harbor2	chr19	52396270	52396615	LTR/ERVL	1963	-	172	52396442	74210
chr19	52322232	52522232	harbor2	chr19	52419687	52419969	LTR/ERVL	1304	-	141	52419828	97596
chr19	52322232	52522232	harbor2	chr19	52420710	52420785	LTR/ERVL	1304	-	38	52420748	98516
chr19	37677600	37877600	harbor2	chr19	37736477	37736832	LTR/ERVL	719	-	178	37736655	59055
chr19	37677600	37877600	harbor2	chr19	37744135	37744455	LTR/ERVL	1179	-	160	37744295	66695
chr19	28370618	28570618	harbor2	chr19	28395288	28395343	LTR/ERVL	632	-	28	28395316	24698
chr19	28370618	28570618	harbor2	chr19	28395607	28395661	LTR/ERVL	632	-	27	28395634	25016
chr19	28370618	28570618	harbor2	chr19	28395961	28395971	LTR/ERVL	632	-	5	28395966	25348
chr19	28370618	28570618	harbor2	chr19	28396261	28396356	LTR/ERVL	632	-	48	28396309	25691
chr19	28370618	28570618	harbor2	chr19	28396840	28396949	LTR/ERVL	632	-	54	28396894	26276
chr19	28370618	28570618	harbor2	chr19	28457371	28457641	LTR/ERVL	794	-	135	28457506	86888
chr19	58429014	58629014	harbor2	chr19	58497164	58497583	LTR/ERVL	2522	-	210	58497374	68360
chr19	57508503	57708503	harbor2	chr19	57532234	57532641	LTR/ERVL	1874	-	204	57532438	23935
chr19	58010871	58210871	harbor2	chr19	58041120	58041549	LTR/ERVL	945	-	214	58041334	30463
chr19	53417854	53617854	harbor2	chr19	53517646	53517816	LTR/ERVL	809	-	85	53517731	99877
chr19	51476617	51676617	harbor2	chr19	51549190	51549853	LTR/ERVL	2771	-	332	51549522	72905
chr19	51476617	51676617	harbor2	chr19	51559140	51559644	LTR/ERVL	1596	-	252	51559392	82775
chr19	12149379	12349379	harbor2	chr19	12172268	12172543	LTR/ERVL	1150	-	138	12172406	23027
chr19	12149379	12349379	harbor2	chr19	12172577	12172731	LTR/ERVL	1187	-	77	12172654	23275
chr19	12149379	12349379	harbor2	chr19	12173028	12173228	LTR/ERVL	1187	-	100	12173128	23749
chr19	12149379	12349379	harbor2	chr19	12209601	12210070	LTR/ERVL	1655	-	234	12209835	60456
chr19	39528945	39728945	harbor2	chr19	39533404	39533833	LTR/ERVL	761	-	214	39533618	4673
chr19	39528945	39728945	harbor2	chr19	39625939	39626292	LTR/ERVL	1199	-	176	39626115	97170
chr19	54810043	55010043	harbor2	chr19	54812120	54812489	LTR/ERVL	1633	-	184	54812304	2261
chr19	54810043	55010043	harbor2	chr19	54812928	54812996	LTR/ERVL	1633	-	34	54812962	2919
chr19	54810043	55010043	harbor2	chr19	54828367	54828723	LTR/ERVL	1557	-	178	54828545	18502
chr19	54810043	55010043	harbor2	chr19	54829164	54829245	LTR/ERVL	1557	-	40	54829204	19161
chr19	54810043	55010043	harbor2	chr19	54846188	54846544	LTR/ERVL	1536	-	178	54846366	36323
chr19	54810043	55010043	harbor2	chr19	54846987	54847055	LTR/ERVL	1536	-	34	54847021	36978
chr19	54810043	55010043	harbor2	chr19	54862380	54862749	LTR/ERVL	1285	-	184	54862564	52521
chr19	54810043	55010043	harbor2	chr19	54870998	54871221	LTR/ERVL	1510	-	112	54871110	61067
chr19	54810043	55010043	harbor2	chr19	54871524	54871794	LTR/ERVL	1510	-	135	54871659	61616
chr19	41118521	41318521	harbor2	chr19	41159008	41159471	LTR/ERVL	1785	-	232	41159240	40719
chr19	53751230	53951230	harbor2	chr19	53830774	53831034	LTR/ERVL	694	-	130	53830904	79674
chr19	56170235	56370235	harbor2	chr19	56252323	56252644	LTR/ERVL	1214	-	160	56252483	82248
chr19	55321292	55521292	harbor2	chr19	55399470	55399759	LTR/ERVL	1013	-	144	55399614	78322
chr19	39241078	39441078	harbor2	chr19	39276146	39276218	LTR/ERVL	1645	-	36	39276182	35104
chr19	39241078	39441078	harbor2	chr19	39276521	39276804	LTR/ERVL	1645	-	142	39276663	35585
chr19	39241078	39441078	harbor2	chr19	39277088	39277133	LTR/ERVL	1645	-	22	39277110	36032
chr19	39241078	39441078	harbor2	chr19	39294569	39294763	LTR/ERVL	2246	-	97	39294666	53588
chr19	39241078	39441078	harbor2	chr19	39295059	39295362	LTR/ERVL	2246	-	152	39295211	54133
chr19	36448508	36648508	harbor2	chr19	36541024	36541187	LTR/ERVL	644	-	82	36541106	92598
chr19	52018240	52218240	harbor2	chr19	52020122	52020908	LTR/ERVL	1539	-	393	52020515	2275
chr19	52018240	52218240	harbor2	chr19	52022610	52022911	LTR/ERVL	1471	-	150	52022760	4520
chr19	52018240	52218240	harbor2	chr19	52058163	52058506	LTR/ERVL	1162	-	172	52058335	40095
chr19	33122410	33322410	harbor2	chr19	33184040	33184532	LTR/ERVL	3070	-	246	33184286	61876
chr19	33122410	33322410	harbor2	chr19	33184819	33184926	LTR/ERVL	3070	-	54	33184873	62463
chr19	43935900	44135900	harbor2	chr19	43953274	43953734	LTR/ERVL	2475	-	230	43953504	17604
chr19	43935900	44135900	harbor2	chr19	43954178	43955876	LTR/ERVL	8032	-	849	43955027	19127
chr19	43935900	44135900	harbor2	chr19	43955872	43956823	LTR/ERVL	5196	-	476	43956348	20448
chr19	43935900	44135900	harbor2	chr19	43957596	43957807	LTR/ERVL	5196	-	106	43957702	21802
chr19	43935900	44135900	harbor2	chr19	43959033	43959428	LTR/ERVL	1592	-	198	43959231	23331
chr19	43935900	44135900	harbor2	chr19	43977844	43978367	LTR/ERVL	1949	-	262	43978106	42206
chr19	43935900	44135900	harbor2	chr19	43994418	43995107	LTR/ERVL	1450	-	344	43994762	58862
chr19	43935900	44135900	harbor2	chr19	44007551	44007897	LTR/ERVL	1101	-	173	44007724	71824
chr19	43935900	44135900	harbor2	chr19	44007901	44008357	LTR/ERVL	1403	-	228	44008129	72229
chr19	43935900	44135900	harbor2	chr19	44030368	44031065	LTR/ERVL	1878	-	348	44030716	94816
chr19	43935900	44135900	harbor2	chr19	43990696	43991105	LTR/ERVL	1320	-	204	43990900	55000
chr19	56652163	56852163	harbor2	chr19	56652169	56652372	LTR/ERVL	806	-	102	56652271	108
chr19	56652163	56852163	harbor2	chr19	56652673	56652854	LTR/ERVL	806	-	90	56652763	600
chr19	56652163	56852163	harbor2	chr19	56669126	56669517	LTR/ERVL	1251	-	196	56669322	17159
chr19	56652163	56852163	harbor2	chr19	56670191	56670322	LTR/ERVL	703	-	66	56670257	18094
chr19	56652163	56852163	harbor2	chr19	56680094	56680437	LTR/ERVL	1671	-	172	56680266	28103
chr19	19668269	19868269	harbor2	chr19	19696483	19696721	LTR/ERVL	908	-	119	19696602	28333
chr19	19668269	19868269	harbor2	chr19	19697737	19697921	LTR/ERVL	664	-	92	19697829	29560
chr19	19668269	19868269	harbor2	chr19	19700625	19701232	LTR/ERVL	4939	-	304	19700929	32660
chr19	19668269	19868269	harbor2	chr19	19703682	19704042	LTR/ERVL	985	-	180	19703862	35593
chr19	19668269	19868269	harbor2	chr19	19704166	19704211	LTR/ERVL	776	-	22	19704188	35919
chr19	19668269	19868269	harbor2	chr19	19704526	19704585	LTR/ERVL	776	-	30	19704556	36287
chr19	19668269	19868269	harbor2	chr19	19704882	19705126	LTR/ERVL	776	-	122	19705004	36735
chr19	19668269	19868269	harbor2	chr19	19716104	19716276	LTR/ERVL	669	-	86	19716190	47921
chr19	19668269	19868269	harbor2	chr19	19716588	19716643	LTR/ERVL	669	-	28	19716616	48347
chr19	19668269	19868269	harbor2	chr19	19716981	19717734	LTR/ERVL	2082	-	376	19717357	49088
chr19	19668269	19868269	harbor2	chr19	19677131	19677522	LTR/ERVL	1358	-	196	19677327	9058
chr19	44777051	44977051	harbor2	chr19	44815561	44815722	LTR/ERVL	1244	-	80	44815641	38590
chr19	44777051	44977051	harbor2	chr19	44816334	44816586	LTR/ERVL	1244	-	126	44816460	39409
chr19	44777051	44977051	harbor2	chr19	44824867	44825199	LTR/ERVL	3259	-	166	44825033	47982
chr19	44777051	44977051	harbor2	chr19	44825653	44826070	LTR/ERVL	3259	-	208	44825861	48810
chr19	44777051	44977051	harbor2	chr19	44826203	44826359	LTR/ERVL	3259	-	78	44826281	49230
chr19	53429210	53629210	harbor2	chr19	53517646	53517816	LTR/ERVL	809	-	85	53517731	88521
chr19	53429210	53629210	harbor2	chr19	53517837	53517945	LTR/ERVL	4528	-	54	53517891	88681
chr19	53429210	53629210	harbor2	chr19	53518531	53519102	LTR/ERVL	4528	-	286	53518817	89607
chr19	58278737	58478737	harbor2	chr19	58286286	58286803	LTR/ERVL	2170	-	258	58286544	7807
chr19	58278737	58478737	harbor2	chr19	58321969	58322436	LTR/ERVL	1781	-	234	58322203	43466
chr19	55639439	55839439	harbor2	chr19	55719021	55719205	LTR/ERVL	920	-	92	55719113	79674
chr19	55639439	55839439	harbor2	chr19	55727826	55728294	LTR/ERVL	2650	-	234	55728060	88621
chr19	55639439	55839439	harbor2	chr19	55728600	55728699	LTR/ERVL	2650	-	50	55728650	89211
chr19	41394003	41594003	harbor2	chr19	41429081	41429586	LTR/ERVL	1188	-	252	41429333	35330
chr19	41394003	41594003	harbor2	chr19	41448943	41449143	LTR/ERVL	761	-	100	41449043	55040
chr19	41394003	41594003	harbor2	chr19	41454090	41454486	LTR/ERVL	944	-	198	41454288	60285
chr19	41394003	41594003	harbor2	chr19	41454487	41454633	LTR/ERVL	804	-	73	41454560	60557
chr19	41394003	41594003	harbor2	chr19	41457331	41457753	LTR/ERVL	1911	-	211	41457542	63539
chr19	31146417	31346417	harbor2	chr19	31173729	31173808	LTR/ERVL	2352	-	40	31173769	27352
chr19	31146417	31346417	harbor2	chr19	31174098	31174553	LTR/ERVL	2352	-	228	31174326	27909
chr19	31146417	31346417	harbor2	chr19	31179067	31179544	LTR/ERVL	1553	-	238	31179305	32888
chr19	31146417	31346417	harbor2	chr19	31242181	31242529	LTR/ERVL	2028	-	174	31242355	95938
chr19	31146417	31346417	harbor2	chr19	31242823	31243111	LTR/ERVL	1785	-	144	31242967	96550
chr19	46986184	47186184	harbor2	chr19	47057903	47057938	LTR/ERVL	1468	-	18	47057921	71737
chr19	46986184	47186184	harbor2	chr19	47058542	47059055	LTR/ERVL	1468	-	256	47058798	72614
chr19	22554563	22754563	harbor2	chr19	22615502	22615514	LTR/ERVL	1504	-	6	22615508	60945
chr19	22554563	22754563	harbor2	chr19	22615689	22615903	LTR/ERVL	1207	-	107	22615796	61233
chr19	57708296	57908296	harbor2	chr19	57711988	57712466	LTR/ERVL	1747	-	239	57712227	3931
chr19	57708296	57908296	harbor2	chr19	57716980	57717471	LTR/ERVL	1589	-	246	57717226	8930
chr19	57708296	57908296	harbor2	chr19	57772294	57773081	LTR/ERVL	3408	-	394	57772688	64392
chr19	57708296	57908296	harbor2	chr19	57788145	57788331	LTR/ERVL	850	-	93	57788238	79942
chr19	58397546	58597546	harbor2	chr19	58497164	58497583	LTR/ERVL	2522	-	210	58497374	99828
chr19	51544154	51744154	harbor2	chr19	51549190	51549853	LTR/ERVL	2771	-	332	51549522	5368
chr19	51544154	51744154	harbor2	chr19	51559140	51559644	LTR/ERVL	1596	-	252	51559392	15238
chr20	52642017	52842017	harbor2	chr20	52643906	52644310	LTR/ERVL	918	-	202	52644108	2091
chr20	52642017	52842017	harbor2	chr20	52647137	52647469	LTR/ERVL	1237	-	166	52647303	5286
chr20	52642017	52842017	harbor2	chr20	52652479	52653258	LTR/ERVL	3173	-	390	52652869	10852
chr20	52642017	52842017	harbor2	chr20	52669327	52669805	LTR/ERVL	1239	-	239	52669566	27549
chr20	52642017	52842017	harbor2	chr20	52707014	52707199	LTR/ERVL	633	-	92	52707106	65089
chr20	52642017	52842017	harbor2	chr20	52707511	52707905	LTR/ERVL	2050	-	197	52707708	65691
chr20	52642017	52842017	harbor2	chr20	52720756	52721222	LTR/ERVL	2552	-	233	52720989	78972
chr20	41845147	42045147	harbor2	chr20	41851985	41852683	LTR/ERVL	2100	-	349	41852334	7187
chr20	41845147	42045147	harbor2	chr20	41856161	41856417	LTR/ERVL	897	-	128	41856289	11142
chr20	41845147	42045147	harbor2	chr20	41863237	41863343	LTR/ERVL	595	-	53	41863290	18143
chr20	41845147	42045147	harbor2	chr20	41863669	41863833	LTR/ERVL	494	-	82	41863751	18604
chr20	21252737	21452737	harbor2	chr20	21267084	21267301	LTR/ERVL	904	-	108	21267192	14455
chr20	21252737	21452737	harbor2	chr20	21298478	21298668	LTR/ERVL	885	-	95	21298573	45836
chr20	21252737	21452737	harbor2	chr20	21298670	21298757	LTR/ERVL	649	-	44	21298714	45977
chr20	21252737	21452737	harbor2	chr20	21299915	21300213	LTR/ERVL	1215	-	149	21300064	47327
chr20	21252737	21452737	harbor2	chr20	21314785	21315315	LTR/ERVL	2192	-	265	21315050	62313
chr20	21252737	21452737	harbor2	chr20	21298741	21299907	LTR/ERVL	6537	-	583	21299324	46587
chr20	29008928	29208928	harbor2	chr20	29015806	29016253	LTR/ERVL	1028	-	224	29016030	7102
chr20	55854961	56054961	harbor2	chr20	55923483	55923579	LTR/ERVL	689	-	48	55923531	68570
chr20	9231254	9431254	harbor2	chr20	9239609	9240154	LTR/ERVL	2000	-	272	9239881	8627
chr20	9231254	9431254	harbor2	chr20	9319385	9319885	LTR/ERVL	2604	-	250	9319635	88381
chr20	54025090	54225090	harbor2	chr20	54087700	54087876	LTR/ERVL	429	-	88	54087788	62698
chr20	59328909	59528909	harbor2	chr20	59329129	59329649	LTR/ERVL	1271	-	260	59329389	480
chr20	59328909	59528909	harbor2	chr20	59345677	59346002	LTR/ERVL	1539	-	162	59345839	16930
chr20	59328909	59528909	harbor2	chr20	59349844	59350281	LTR/ERVL	1282	-	218	59350062	21153
chr20	59328909	59528909	harbor2	chr20	59367431	59367862	LTR/ERVL	1489	-	216	59367647	38738
chr20	59328909	59528909	harbor2	chr20	59367916	59368173	LTR/ERVL	672	-	128	59368044	39135
chr20	59328909	59528909	harbor2	chr20	59368276	59369987	LTR/ERVL	4701	-	856	59369132	40223
chr20	59328909	59528909	harbor2	chr20	59389667	59389940	LTR/ERVL	385	-	136	59389803	60894
chr20	40031136	40231136	harbor2	chr20	40050774	40051221	LTR/ERVL	778	-	224	40050998	19862
chr20	50298758	50498758	harbor2	chr20	50317621	50318058	LTR/ERVL	1121	-	218	50317839	19081
chr20	50298758	50498758	harbor2	chr20	50326475	50326763	LTR/ERVL	1571	-	144	50326619	27861
chr20	50298758	50498758	harbor2	chr20	50327393	50327488	LTR/ERVL	1571	-	48	50327441	28683
chr20	50298758	50498758	harbor2	chr20	50332261	50332594	LTR/ERVL	1170	-	166	50332427	33669
chr20	55079476	55279476	harbor2	chr20	55100079	55100639	LTR/ERVL	1875	-	280	55100359	20883
chr20	55079476	55279476	harbor2	chr20	55152057	55152146	LTR/ERVL	410	-	44	55152101	72625
chr20	55079476	55279476	harbor2	chr20	55159990	55160529	LTR/ERVL	2240	-	270	55160260	80784
chr20	55079476	55279476	harbor2	chr20	55173723	55173912	LTR/ERVL	477	-	94	55173817	94341
chr20	56259557	56459557	harbor2	chr20	56282293	56282653	LTR/ERVL	2056	-	180	56282473	22916
chr20	56259557	56459557	harbor2	chr20	56301075	56301336	LTR/ERVL	882	-	130	56301205	41648
chr20	56259557	56459557	harbor2	chr20	56306847	56307124	LTR/ERVL	852	-	138	56306985	47428
chr20	17242425	17442425	harbor2	chr20	17266591	17266978	LTR/ERVL	804	-	194	17266785	24360
chr20	17242425	17442425	harbor2	chr20	17286831	17287254	LTR/ERVL	2273	-	212	17287043	44618
chr20	17242425	17442425	harbor2	chr20	17320482	17320729	LTR/ERVL	832	-	124	17320606	78181
chr20	61706775	61906775	harbor2	chr20	61794222	61794643	LTR/ERVL	988	-	210	61794432	87657
chr20	58103543	58303543	harbor2	chr20	58125071	58125343	LTR/ERVL	651	-	136	58125207	21664
chr20	58103543	58303543	harbor2	chr20	58126739	58127039	LTR/ERVL	701	-	150	58126889	23346
chr20	58103543	58303543	harbor2	chr20	58178653	58178912	LTR/ERVL	486	-	130	58178783	75240
chr20	59406879	59606879	harbor2	chr20	59433568	59433747	LTR/ERVL	605	-	90	59433658	26779
chr20	59406879	59606879	harbor2	chr20	59441536	59441926	LTR/ERVL	540	-	195	59441731	34852
chr20	59406879	59606879	harbor2	chr20	59445849	59446327	LTR/ERVL	623	-	239	59446088	39209
chr20	59406879	59606879	harbor2	chr20	59488631	59488778	LTR/ERVL	752	-	74	59488705	81826
chr20	59406879	59606879	harbor2	chr20	59488777	59489030	LTR/ERVL	1304	-	126	59488903	82024
chr20	40863435	41063435	harbor2	chr20	40892467	40892915	LTR/ERVL	972	-	224	40892691	29256
chr20	40863435	41063435	harbor2	chr20	40906397	40906558	LTR/ERVL	2824	-	80	40906477	43042
chr20	40863435	41063435	harbor2	chr20	40906864	40907002	LTR/ERVL	2824	-	69	40906933	43498
chr20	40863435	41063435	harbor2	chr20	40907035	40907651	LTR/ERVL	2824	-	308	40907343	43908
chr20	40863435	41063435	harbor2	chr20	40955124	40955541	LTR/ERVL	1074	-	208	40955332	91897
chr20	31619816	31819816	harbor2	chr20	31645992	31646205	LTR/ERVL	1425	-	106	31646098	26282
chr20	31619816	31819816	harbor2	chr20	31646206	31646317	LTR/ERVL	2331	-	56	31646262	26446
chr20	31619816	31819816	harbor2	chr20	31646918	31647522	LTR/ERVL	2331	-	302	31647220	27404
chr20	31619816	31819816	harbor2	chr20	31647523	31647620	LTR/ERVL	1425	-	48	31647571	27755
chr20	31619816	31819816	harbor2	chr20	31647621	31647984	LTR/ERVL	1851	-	182	31647803	27987
chr20	31619816	31819816	harbor2	chr20	31648288	31648468	LTR/ERVL	1851	-	90	31648378	28562
chr20	31619816	31819816	harbor2	chr20	31648773	31648796	LTR/ERVL	1851	-	12	31648785	28969
chr20	31619816	31819816	harbor2	chr20	31648798	31648969	LTR/ERVL	806	-	86	31648884	29068
chr20	30106296	30306296	harbor2	chr20	30175403	30175858	LTR/ERVL	1325	-	228	30175631	69335
chr20	59375210	59575210	harbor2	chr20	59389667	59389940	LTR/ERVL	385	-	136	59389803	14593
chr20	59375210	59575210	harbor2	chr20	59433568	59433747	LTR/ERVL	605	-	90	59433658	58448
chr20	59375210	59575210	harbor2	chr20	59441536	59441926	LTR/ERVL	540	-	195	59441731	66521
chr20	59375210	59575210	harbor2	chr20	59445849	59446327	LTR/ERVL	623	-	239	59446088	70878
chr20	53300081	53500081	harbor2	chr20	53337071	53337371	LTR/ERVL	1118	-	150	53337221	37140
chr20	54928924	55128924	harbor2	chr20	54940264	54940430	LTR/ERVL	965	-	83	54940347	11423
chr20	54928924	55128924	harbor2	chr20	54940626	54940750	LTR/ERVL	965	-	62	54940688	11764
chr20	54928924	55128924	harbor2	chr20	54954578	54954920	LTR/ERVL	1682	-	171	54954749	25825
chr20	54928924	55128924	harbor2	chr20	54970878	54971417	LTR/ERVL	1960	-	270	54971148	42224
chr20	54928924	55128924	harbor2	chr20	54973635	54974146	LTR/ERVL	1718	-	256	54973891	44967
chr20	54928924	55128924	harbor2	chr20	54983329	54983570	LTR/ERVL	425	-	120	54983449	54525
chr20	54928924	55128924	harbor2	chr20	54984800	54985026	LTR/ERVL	599	-	113	54984913	55989
chr20	55416796	55616796	harbor2	chr20	55417578	55417709	LTR/ERVL	804	-	66	55417644	848
chr20	55416796	55616796	harbor2	chr20	55447467	55447757	LTR/ERVL	1003	-	145	55447612	30816
chr20	55416796	55616796	harbor2	chr20	55447758	55448008	LTR/ERVL	717	-	125	55447883	31087
chr20	52428002	52628002	harbor2	chr20	52456909	52456947	LTR/ERVL	1306	-	19	52456928	28926
chr20	52428002	52628002	harbor2	chr20	52457006	52457336	LTR/ERVL	1306	-	165	52457171	29169
chr20	52428002	52628002	harbor2	chr20	52467021	52467549	LTR/ERVL	4151	-	264	52467285	39283
chr20	52428002	52628002	harbor2	chr20	52468032	52468329	LTR/ERVL	4151	-	148	52468180	40178
chr20	52428002	52628002	harbor2	chr20	52469064	52469527	LTR/ERVL	1583	-	232	52469296	41294
chr20	52428002	52628002	harbor2	chr20	52515716	52515891	LTR/ERVL	495	-	88	52515804	87802
chr20	52428002	52628002	harbor2	chr20	52516126	52516414	LTR/ERVL	771	-	144	52516270	88268
chr20	59725068	59925068	harbor2	chr20	59725551	59725839	LTR/ERVL	571	-	144	59725695	627
chr20	59725068	59925068	harbor2	chr20	59824039	59824275	LTR/ERVL	662	-	118	59824157	99089
chr20	19608705	19808705	harbor2	chr20	19610529	19610987	LTR/ERVL	1471	-	229	19610758	2053
chr20	19608705	19808705	harbor2	chr20	19616063	19616389	LTR/ERVL	501	-	163	19616226	7521
chr20	19608705	19808705	harbor2	chr20	19699582	19699896	LTR/ERVL	625	-	157	19699739	91034
chr20	56242069	56442069	harbor2	chr20	56244005	56244527	LTR/ERVL	1298	-	261	56244266	2197
chr20	56242069	56442069	harbor2	chr20	56282293	56282653	LTR/ERVL	2056	-	180	56282473	40404
chr20	56242069	56442069	harbor2	chr20	56301075	56301336	LTR/ERVL	882	-	130	56301205	59136
chr20	56242069	56442069	harbor2	chr20	56306847	56307124	LTR/ERVL	852	-	138	56306985	64916
chr20	60436802	60636802	harbor2	chr20	60487727	60488268	LTR/ERVL	2196	-	270	60487997	51195
chr20	60436802	60636802	harbor2	chr20	60488498	60489039	LTR/ERVL	1860	-	270	60488768	51966
chr20	60436802	60636802	harbor2	chr20	60535033	60535480	LTR/ERVL	1012	-	224	60535257	98455
chr20	60147519	60347519	harbor2	chr20	60183673	60184113	LTR/ERVL	960	-	220	60183893	36374
chr20	59459940	59659940	harbor2	chr20	59488631	59488778	LTR/ERVL	752	-	74	59488705	28765
chr20	59459940	59659940	harbor2	chr20	59488777	59489030	LTR/ERVL	1304	-	126	59488903	28963
chr20	57440146	57640146	harbor2	chr20	57538468	57538828	LTR/ERVL	990	-	180	57538648	98502
chr20	63005041	63205041	harbor2	chr20	63047948	63048437	LTR/ERVL	1353	-	244	63048192	43151
chr20	58505673	58705673	harbor2	chr20	58534718	58535111	LTR/ERVL	1420	-	196	58534914	29241
chr20	58505673	58705673	harbor2	chr20	58577247	58577502	LTR/ERVL	472	-	128	58577375	71702
chr20	34271011	34471011	harbor2	chr20	34272239	34272604	LTR/ERVL	3578	-	182	34272421	1410
chr20	34271011	34471011	harbor2	chr20	34272860	34273221	LTR/ERVL	3578	-	180	34273040	2029
chr20	34271011	34471011	harbor2	chr20	34276319	34276690	LTR/ERVL	884	-	186	34276505	5494
chr20	34271011	34471011	harbor2	chr20	34345100	34345658	LTR/ERVL	2556	-	279	34345379	74368
chr20	34271011	34471011	harbor2	chr20	34345952	34346142	LTR/ERVL	2556	-	95	34346047	75036
chr20	54747847	54947847	harbor2	chr20	54779316	54779760	LTR/ERVL	1492	-	222	54779538	31691
chr20	54747847	54947847	harbor2	chr20	54804554	54804975	LTR/ERVL	1125	-	210	54804764	56917
chr20	54747847	54947847	harbor2	chr20	54819551	54819818	LTR/ERVL	1327	-	134	54819685	71838
chr20	54747847	54947847	harbor2	chr20	54823125	54823521	LTR/ERVL	550	-	198	54823323	75476
chr20	54747847	54947847	harbor2	chr20	54826096	54826580	LTR/ERVL	1159	-	242	54826338	78491
chr20	54747847	54947847	harbor2	chr20	54846148	54846668	LTR/ERVL	2007	-	260	54846408	98561
chr20	7139137	7339137	harbor2	chr20	7170445	7170798	LTR/ERVL	1027	-	176	7170621	31484
chr20	7139137	7339137	harbor2	chr20	7203487	7203798	LTR/ERVL	1345	-	156	7203643	64506
chr20	21690466	21890466	harbor2	chr20	21694506	21694838	LTR/ERVL	674	-	166	21694672	4206
chr20	56682454	56882454	harbor2	chr20	56689755	56690134	LTR/ERVL	908	-	190	56689945	7491
chr20	56682454	56882454	harbor2	chr20	56695406	56695639	LTR/ERVL	1566	-	116	56695522	13068
chr20	56682454	56882454	harbor2	chr20	56695949	56696061	LTR/ERVL	1566	-	56	56696005	13551
chr20	45302503	45502503	harbor2	chr20	45397739	45397975	LTR/ERVL	1045	-	118	45397857	95354
chr20	45302503	45502503	harbor2	chr20	45398099	45398290	LTR/ERVL	1045	-	96	45398195	95692
chr20	46294024	46494024	harbor2	chr20	46325737	46326109	LTR/ERVL	1552	-	186	46325923	31899
chr20	52165656	52365656	harbor2	chr20	52223950	52224162	LTR/ERVL	538	-	106	52224056	58400
chr20	52165656	52365656	harbor2	chr20	52240781	52241174	LTR/ERVL	1657	-	196	52240977	75321
chr20	52165656	52365656	harbor2	chr20	52246900	52247061	LTR/ERVL	843	-	80	52246980	81324
chr20	52165656	52365656	harbor2	chr20	52249038	52249186	LTR/ERVL	640	-	74	52249112	83456
chr20	57764562	57964562	harbor2	chr20	57815364	57815759	LTR/ERVL	1486	-	198	57815562	51000
chr20	57764562	57964562	harbor2	chr20	57830455	57830851	LTR/ERVL	1321	-	198	57830653	66091
chr20	57764562	57964562	harbor2	chr20	57843821	57843933	LTR/ERVL	488	-	56	57843877	79315
chr20	41551960	41751960	harbor2	chr20	41621329	41621734	LTR/ERVL	528	-	202	41621531	69571
chr20	13172221	13372221	harbor2	chr20	13205784	13206133	LTR/ERVL	484	-	174	13205958	33737
chr20	13172221	13372221	harbor2	chr20	13207367	13207858	LTR/ERVL	1968	-	246	13207613	35392
chr20	42562055	42762055	harbor2	chr20	42631421	42631757	LTR/ERVL	1037	-	168	42631589	69534
chr20	42562055	42762055	harbor2	chr20	42632820	42632920	LTR/ERVL	419	-	50	42632870	70815
chr20	42562055	42762055	harbor2	chr20	42639706	42639800	LTR/ERVL	390	-	47	42639753	77698
chr20	39073199	39273199	harbor2	chr20	39083108	39083517	LTR/ERVL	956	-	204	39083312	10113
chr20	39073199	39273199	harbor2	chr20	39147998	39148174	LTR/ERVL	467	-	88	39148086	74887
chr20	53451293	53651293	harbor2	chr20	53497212	53497701	LTR/ERVL	1500	-	244	53497456	46163
chr20	57905744	58105744	harbor2	chr20	57911526	57911959	LTR/ERVL	2120	-	216	57911742	5998
chr20	57905744	58105744	harbor2	chr20	57918630	57918816	LTR/ERVL	512	-	93	57918723	12979
chr20	57905744	58105744	harbor2	chr20	57932630	57933464	LTR/ERVL	3544	-	417	57933047	27303
chr20	57905744	58105744	harbor2	chr20	57945976	57946148	LTR/ERVL	549	-	86	57946062	40318
chr20	57905744	58105744	harbor2	chr20	57954461	57955046	LTR/ERVL	2264	-	292	57954753	49009
chr20	39498304	39698304	harbor2	chr20	39504722	39504825	LTR/ERVL	1156	-	52	39504774	6470
chr20	39498304	39698304	harbor2	chr20	39505178	39505433	LTR/ERVL	1156	-	128	39505306	7002
chr20	46969313	47169313	harbor2	chr20	47029222	47029791	LTR/ERVL	1552	-	284	47029506	60193
chr20	39920556	40120556	harbor2	chr20	39964052	39964933	LTR/ERVL	3550	-	440	39964492	43936
chr20	59560138	59760138	harbor2	chr20	59561836	59562139	LTR/ERVL	766	-	152	59561988	1850
chr20	59560138	59760138	harbor2	chr20	59641302	59641713	LTR/ERVL	1870	-	206	59641508	81370
chr20	59560138	59760138	harbor2	chr20	59651783	59651827	LTR/ERVL	1696	-	22	59651805	91667
chr20	59560138	59760138	harbor2	chr20	59651881	59652256	LTR/ERVL	1696	-	188	59652069	91931
chr20	59042868	59242868	harbor2	chr20	59136274	59136427	LTR/ERVL	437	-	76	59136350	93482
chr20	19458647	19658647	harbor2	chr20	19479474	19479779	LTR/ERVL	864	-	152	19479626	20979
chr20	19458647	19658647	harbor2	chr20	19494871	19495263	LTR/ERVL	983	-	196	19495067	36420
chr20	19458647	19658647	harbor2	chr20	19505461	19505852	LTR/ERVL	1278	-	196	19505657	47010
chr20	19458647	19658647	harbor2	chr20	19525318	19525640	LTR/ERVL	647	-	161	19525479	66832
chr21	46462306	46662306	harbor2	chr21	46510008	46510458	LTR/ERVL	3537	-	225	46510233	47927
chr21	46462306	46662306	harbor2	chr21	46544280	46544697	LTR/ERVL	1926	-	208	46544488	82182
chr21	25455653	25655653	harbor2	chr21	25514731	25514770	LTR/ERVL	2175	-	20	25514751	59098
chr21	25455653	25655653	harbor2	chr21	25514820	25515344	LTR/ERVL	2175	-	262	25515082	59429
chr21	25455653	25655653	harbor2	chr21	25548004	25548301	LTR/ERVL	1035	-	148	25548152	92499
chr21	23714425	23914425	harbor2	chr21	23725772	23726093	LTR/ERVL	528	-	160	23725932	11507
chr21	23714425	23914425	harbor2	chr21	23751700	23752073	LTR/ERVL	638	-	186	23751886	37461
chr21	23714425	23914425	harbor2	chr21	23752078	23752849	LTR/ERVL	1671	-	386	23752464	38039
chr21	23714425	23914425	harbor2	chr21	23773259	23773767	LTR/ERVL	1758	-	254	23773513	59088
chr21	27894491	28094491	harbor2	chr21	27930266	27930664	LTR/ERVL	622	-	199	27930465	35974
chr21	27894491	28094491	harbor2	chr21	27980990	27981249	LTR/ERVL	754	-	130	27981120	86629
chr21	27894491	28094491	harbor2	chr21	27989863	27990210	LTR/ERVL	541	-	174	27990037	95546
chr21	14196599	14396599	harbor2	chr21	14221669	14221938	LTR/ERVL	1259	-	134	14221803	25204
chr21	14196599	14396599	harbor2	chr21	14257456	14257844	LTR/ERVL	674	-	194	14257650	61051
chr21	14196599	14396599	harbor2	chr21	14288782	14289271	LTR/ERVL	2066	-	244	14289026	92427
chr21	38042328	38242328	harbor2	chr21	38090457	38090556	LTR/ERVL	536	-	50	38090507	48179
chr21	38042328	38242328	harbor2	chr21	38120215	38120578	LTR/ERVL	2035	-	182	38120397	78069
chr21	38042328	38242328	harbor2	chr21	38120890	38120935	LTR/ERVL	2035	-	22	38120912	78584
chr21	38042328	38242328	harbor2	chr21	38121047	38121183	LTR/ERVL	677	-	68	38121115	78787
chr21	38042328	38242328	harbor2	chr21	38122874	38123341	LTR/ERVL	2359	-	234	38123108	80780
chr21	38042328	38242328	harbor2	chr21	38126328	38126594	LTR/ERVL	982	-	133	38126461	84133
chr21	38042328	38242328	harbor2	chr21	38127702	38127751	LTR/ERVL	2025	-	24	38127726	85398
chr21	38042328	38242328	harbor2	chr21	38128117	38128463	LTR/ERVL	2025	-	173	38128290	85962
chr21	38042328	38242328	harbor2	chr21	38133789	38134153	LTR/ERVL	1652	-	182	38133971	91643
chr21	44097865	44297865	harbor2	chr21	44139444	44139748	LTR/ERVL	1099	-	152	44139596	41731
chr21	44097865	44297865	harbor2	chr21	44139755	44139952	LTR/ERVL	674	-	98	44139853	41988
chr21	39994405	40194405	harbor2	chr21	40008572	40008844	LTR/ERVL	885	-	136	40008708	14303
chr21	39994405	40194405	harbor2	chr21	40009260	40009481	LTR/ERVL	981	-	110	40009370	14965
chr21	42905253	43105253	harbor2	chr21	42964571	42964988	LTR/ERVL	1555	-	208	42964779	59526
chr21	35407864	35607864	harbor2	chr21	35419812	35419887	LTR/ERVL	2175	-	38	35419850	11986
chr21	35407864	35607864	harbor2	chr21	35420006	35420361	LTR/ERVL	2175	-	178	35420184	12320
chr21	35407864	35607864	harbor2	chr21	35432194	35434234	LTR/ERVL	16147	-	1020	35433214	25350
chr21	35407864	35607864	harbor2	chr21	35434248	35434686	LTR/ERVL	3624	-	219	35434467	26603
chr21	35407864	35607864	harbor2	chr21	35449340	35449653	LTR/ERVL	1448	-	156	35449496	41632
chr21	35407864	35607864	harbor2	chr21	35490968	35491389	LTR/ERVL	709	-	210	35491178	83314
chr21	46607339	46807339	harbor2	chr21	46610398	46610864	LTR/ERVL	662	-	233	46610631	3292
chr21	46607339	46807339	harbor2	chr21	46627668	46628090	LTR/ERVL	2424	-	211	46627879	20540
chr21	45980230	46180230	harbor2	chr21	46068020	46068104	LTR/ERVL	547	-	42	46068062	87832
chr21	44002399	44202399	harbor2	chr21	44084548	44085323	LTR/ERVL	2431	-	388	44084936	82537
chr21	15637369	15837369	harbor2	chr21	15641630	15641865	LTR/ERVL	649	-	118	15641748	4379
chr21	15637369	15837369	harbor2	chr21	15641886	15642236	LTR/ERVL	951	-	175	15642061	4692
chr21	15637369	15837369	harbor2	chr21	15663497	15664121	LTR/ERVL	507	-	312	15663809	26440
chr21	15637369	15837369	harbor2	chr21	15678872	15679197	LTR/ERVL	1648	-	162	15679034	41665
chr21	15637369	15837369	harbor2	chr21	15724243	15724285	LTR/ERVL	1100	-	21	15724264	86895
chr21	15637369	15837369	harbor2	chr21	15724886	15725348	LTR/ERVL	1100	-	231	15725117	87748
chr21	43695506	43895506	harbor2	chr21	43710827	43710969	LTR/ERVL	794	-	71	43710898	15392
chr21	43695506	43895506	harbor2	chr21	43763523	43763602	LTR/ERVL	1633	-	40	43763563	68057
chr21	43695506	43895506	harbor2	chr21	43763913	43764239	LTR/ERVL	1633	-	163	43764076	68570
chr21	30123654	30323654	harbor2	chr21	30160398	30160673	LTR/ERVL	700	-	138	30160536	36882
chr21	19251643	19451643	harbor2	chr21	19276714	19277489	LTR/ERVL	2662	-	388	19277102	25459
chr21	19251643	19451643	harbor2	chr21	19277474	19277668	LTR/ERVL	724	-	97	19277571	25928
chr21	19251643	19451643	harbor2	chr21	19324558	19324620	LTR/ERVL	1590	-	31	19324589	72946
chr21	19251643	19451643	harbor2	chr21	19324668	19325112	LTR/ERVL	1590	-	222	19324890	73247
chr21	31895891	32095891	harbor2	chr21	31990197	31990517	LTR/ERVL	2210	-	160	31990357	94466
chr21	31895891	32095891	harbor2	chr21	31990836	31990945	LTR/ERVL	2210	-	54	31990890	94999
chr21	40003845	40203845	harbor2	chr21	40008572	40008844	LTR/ERVL	885	-	136	40008708	4863
chr21	40003845	40203845	harbor2	chr21	40009260	40009481	LTR/ERVL	981	-	110	40009370	5525
chr21	37284892	37484892	harbor2	chr21	37290988	37291064	LTR/ERVL	2476	-	38	37291026	6134
chr21	37284892	37484892	harbor2	chr21	37291360	37291492	LTR/ERVL	2476	-	66	37291426	6534
chr21	37284892	37484892	harbor2	chr21	37291800	37292212	LTR/ERVL	2476	-	206	37292006	7114
chr21	37284892	37484892	harbor2	chr21	37304335	37304813	LTR/ERVL	1659	-	239	37304574	19682
chr21	37284892	37484892	harbor2	chr21	37305161	37305217	LTR/ERVL	1659	-	28	37305189	20297
chr21	27489168	27689168	harbor2	chr21	27578969	27579287	LTR/ERVL	687	-	159	27579128	89960
chr21	34437425	34637425	harbor2	chr21	34502899	34503729	LTR/ERVL	4470	-	415	34503314	65889
chr21	33373883	33573883	harbor2	chr21	33375513	33375614	LTR/ERVL	578	-	50	33375563	1680
chr21	33373883	33573883	harbor2	chr21	33398718	33398878	LTR/ERVL	522	-	80	33398798	24915
chr21	33373883	33573883	harbor2	chr21	33429466	33429856	LTR/ERVL	2063	-	195	33429661	55778
chr21	33373883	33573883	harbor2	chr21	33430160	33430255	LTR/ERVL	2063	-	48	33430208	56325
chr21	45621915	45821915	harbor2	chr21	45632432	45633131	LTR/ERVL	1118	-	350	45632782	10867
chr21	45621915	45821915	harbor2	chr21	45713797	45714091	LTR/ERVL	610	-	147	45713944	92029
chr21	42070245	42270245	harbor2	chr21	42102758	42103264	LTR/ERVL	2666	-	253	42103011	32766
chr21	42070245	42270245	harbor2	chr21	42154268	42154847	LTR/ERVL	2240	-	290	42154558	84313
chr21	24427357	24627357	harbor2	chr21	24448879	24449142	LTR/ERVL	626	-	132	24449011	21654
chr21	24427357	24627357	harbor2	chr21	24470754	24471075	LTR/ERVL	915	-	160	24470914	43557
chr21	24427357	24627357	harbor2	chr21	24491839	24492235	LTR/ERVL	1030	-	198	24492037	64680
chr21	24427357	24627357	harbor2	chr21	24492236	24492384	LTR/ERVL	680	-	74	24492310	64953
chr21	24427357	24627357	harbor2	chr21	24493244	24493428	LTR/ERVL	736	-	92	24493336	65979
chr21	24427357	24627357	harbor2	chr21	24493730	24494812	LTR/ERVL	4419	-	541	24494271	66914
chr21	28196245	28396245	harbor2	chr21	28217652	28218106	LTR/ERVL	3014	-	227	28217879	21634
chr21	28196245	28396245	harbor2	chr21	28218109	28220163	LTR/ERVL	16073	-	1027	28219136	22891
chr21	28196245	28396245	harbor2	chr21	28220165	28220519	LTR/ERVL	2230	-	177	28220342	24097
chr21	28196245	28396245	harbor2	chr21	28264081	28264473	LTR/ERVL	1972	-	196	28264277	68032
chr21	28196245	28396245	harbor2	chr21	28291102	28291645	LTR/ERVL	2078	-	272	28291374	95129
chr21	28196245	28396245	harbor2	chr21	28294711	28294958	LTR/ERVL	625	-	124	28294835	98590
chr21	44022851	44222851	harbor2	chr21	44084548	44085323	LTR/ERVL	2431	-	388	44084936	62085
chr21	35936216	36136216	harbor2	chr21	35958040	35958366	LTR/ERVL	1125	-	163	35958203	21987
chr21	35936216	36136216	harbor2	chr21	35962624	35962748	LTR/ERVL	510	-	62	35962686	26470
chr21	35936216	36136216	harbor2	chr21	35962982	35963692	LTR/ERVL	1242	-	355	35963337	27121
chr21	35936216	36136216	harbor2	chr21	35964780	35965113	LTR/ERVL	1051	-	166	35964946	28730
chr21	35936216	36136216	harbor2	chr21	35965410	35965743	LTR/ERVL	1051	-	166	35965576	29360
chr21	19688838	19888838	harbor2	chr21	19697895	19699019	LTR/ERVL	1416	-	562	19698457	9619
chr21	19688838	19888838	harbor2	chr21	19720671	19721097	LTR/ERVL	1752	-	213	19720884	32046
chr21	19688838	19888838	harbor2	chr21	19762455	19762813	LTR/ERVL	1781	-	179	19762634	73796
chr21	46192664	46392664	harbor2	chr21	46232779	46233576	LTR/ERVL	3228	-	398	46233177	40513
chr22	22144665	22344665	harbor2	chr22	22199376	22199796	LTR/ERVL	533	-	210	22199586	54921
chr22	22144665	22344665	harbor2	chr22	22224581	22225054	LTR/ERVL	1207	-	236	22224817	80152
chr22	22144665	22344665	harbor2	chr22	22225079	22225277	LTR/ERVL	732	-	99	22225178	80513
chr22	22144665	22344665	harbor2	chr22	22225275	22225439	LTR/ERVL	650	-	82	22225357	80692
chr22	22144665	22344665	harbor2	chr22	22225798	22226044	LTR/ERVL	662	-	123	22225921	81256
chr22	45858944	46058944	harbor2	chr22	45897922	45898190	LTR/ERVL	730	-	134	45898056	39112
chr22	45858944	46058944	harbor2	chr22	45858598	45859216	LTR/ERVL	3138	-	309	45858907	37
chr22	30051312	30251312	harbor2	chr22	30054442	30055057	LTR/ERVL	2995	-	308	30054750	3438
chr22	41222840	41422840	harbor2	chr22	41296719	41296928	LTR/ERVL	2000	-	104	41296823	73983
chr22	41222840	41422840	harbor2	chr22	41297229	41297488	LTR/ERVL	2000	-	130	41297359	74519
chr22	15742458	15942458	harbor2	chr22	15839543	15839736	LTR/ERVL	448	-	96	15839639	97181
chr22	43484664	43684664	harbor2	chr22	43511663	43512049	LTR/ERVL	728	-	193	43511856	27192
chr22	43484664	43684664	harbor2	chr22	43512210	43512737	LTR/ERVL	470	-	264	43512474	27810
chr22	33344060	33544060	harbor2	chr22	33343809	33344230	LTR/ERVL	3192	-	210	33344019	41
chr22	33344060	33544060	harbor2	chr22	33378599	33379118	LTR/ERVL	1934	-	260	33378859	34799
chr22	33344060	33544060	harbor2	chr22	33379752	33379969	LTR/ERVL	588	-	108	33379860	35800
chr22	41672984	41872984	harbor2	chr22	41706828	41706908	LTR/ERVL	1510	-	40	41706868	33884
chr22	41672984	41872984	harbor2	chr22	41707217	41707926	LTR/ERVL	1510	-	354	41707571	34587
chr22	41672984	41872984	harbor2	chr22	41708236	41708400	LTR/ERVL	678	-	82	41708318	35334
chr22	41672984	41872984	harbor2	chr22	41709579	41709946	LTR/ERVL	3277	-	184	41709763	36779
chr22	41672984	41872984	harbor2	chr22	41710365	41711168	LTR/ERVL	3277	-	402	41710767	37783
chr22	41672984	41872984	harbor2	chr22	41711415	41711531	LTR/ERVL	568	-	58	41711473	38489
chr22	41672984	41872984	harbor2	chr22	41727605	41727982	LTR/ERVL	2203	-	188	41727793	54809
chr22	41672984	41872984	harbor2	chr22	41728219	41728375	LTR/ERVL	911	-	78	41728297	55313
chr22	30286519	30486519	harbor2	chr22	30371018	30371286	LTR/ERVL	516	-	134	30371152	84633
chr22	24011935	24211935	harbor2	chr22	24037628	24038272	LTR/ERVL	2977	-	322	24037950	26015
chr22	24011935	24211935	harbor2	chr22	24046620	24047167	LTR/ERVL	3256	-	274	24046894	34959
chr22	16440141	16640141	harbor2	chr22	16456407	16456968	LTR/ERVL	1942	-	280	16456687	16546
chr22	39612263	39812263	harbor2	chr22	39699322	39699570	LTR/ERVL	1216	-	124	39699446	87183
chr22	26689098	26889098	harbor2	chr22	26690363	26690452	LTR/ERVL	1204	-	44	26690407	1309
chr22	26689098	26889098	harbor2	chr22	26691035	26691427	LTR/ERVL	1204	-	196	26691231	2133
chr22	26689098	26889098	harbor2	chr22	26711102	26711565	LTR/ERVL	1524	-	232	26711334	22236
chr22	26689098	26889098	harbor2	chr22	26713655	26714128	LTR/ERVL	699	-	236	26713891	24793
chr22	26689098	26889098	harbor2	chr22	26720296	26720489	LTR/ERVL	1069	-	96	26720392	31294
chr22	26689098	26889098	harbor2	chr22	26720795	26721005	LTR/ERVL	1069	-	105	26720900	31802
chr22	26689098	26889098	harbor2	chr22	26730429	26731000	LTR/ERVL	2724	-	286	26730715	41617
chr22	26689098	26889098	harbor2	chr22	26773873	26774303	LTR/ERVL	1073	-	215	26774088	84990
chr22	36925262	37125262	harbor2	chr22	36967018	36967250	LTR/ERVL	669	-	116	36967134	41872
chr22	36925262	37125262	harbor2	chr22	36971692	36972484	LTR/ERVL	1364	-	396	36972088	46826
chr22	36925262	37125262	harbor2	chr22	36972721	36973150	LTR/ERVL	1364	-	214	36972935	47673
chr22	40053222	40253222	harbor2	chr22	40060555	40061097	LTR/ERVL	2469	-	271	40060826	7604
chr22	40053222	40253222	harbor2	chr22	40067392	40067943	LTR/ERVL	2516	-	276	40067668	14446
chr22	40053222	40253222	harbor2	chr22	40120651	40121132	LTR/ERVL	1083	-	240	40120891	67669
chr22	40053222	40253222	harbor2	chr22	40122478	40122656	LTR/ERVL	475	-	89	40122567	69345
chr22	40053222	40253222	harbor2	chr22	40123484	40123642	LTR/ERVL	527	-	79	40123563	70341
chr22	26898866	27098866	harbor2	chr22	26960165	26960614	LTR/ERVL	845	-	224	26960389	61523
chr22	36396017	36596017	harbor2	chr22	36433672	36433877	LTR/ERVL	466	-	102	36433774	37757
chr22	46294727	46494727	harbor2	chr22	46341935	46342472	LTR/ERVL	2605	-	268	46342203	47476
chr22	47353666	47553666	harbor2	chr22	47402831	47403129	LTR/ERVL	774	-	149	47402980	49314
chr22	36831013	37031013	harbor2	chr22	36853275	36853825	LTR/ERVL	694	-	275	36853550	22537
chr22	36831013	37031013	harbor2	chr22	36885353	36885836	LTR/ERVL	896	-	242	36885595	54582
chr22	36831013	37031013	harbor2	chr22	36886050	36886355	LTR/ERVL	553	-	152	36886202	55189
chr22	45293483	45493483	harbor2	chr22	45312065	45312391	LTR/ERVL	3970	-	163	45312228	18745
chr22	45293483	45493483	harbor2	chr22	45312676	45313189	LTR/ERVL	3970	-	256	45312932	19449
chr22	33839738	34039738	harbor2	chr22	33926472	33926552	LTR/ERVL	555	-	40	33926512	86774
chr22	33839738	34039738	harbor2	chr22	33926877	33926992	LTR/ERVL	555	-	58	33926935	87197
chr22	45680331	45880331	harbor2	chr22	45703541	45704058	LTR/ERVL	1993	-	258	45703799	23468
chr22	46904972	47104972	harbor2	chr22	46992143	46992609	LTR/ERVL	1590	-	233	46992376	87404
chr22	40785163	40985163	harbor2	chr22	40791301	40791518	LTR/ERVL	514	-	108	40791409	6246
chr22	36706475	36906475	harbor2	chr22	36788024	36788431	LTR/ERVL	790	-	204	36788228	81753
chr22	33500920	33700920	harbor2	chr22	33534647	33534967	LTR/ERVL	679	-	160	33534807	33887
chr22	33500920	33700920	harbor2	chr22	33562869	33563019	LTR/ERVL	686	-	75	33562944	62024
chr22	33500920	33700920	harbor2	chr22	33563059	33563256	LTR/ERVL	449	-	98	33563157	62237
chr22	33500920	33700920	harbor2	chr22	33567942	33568409	LTR/ERVL	836	-	234	33568176	67256
chr22	33859825	34059825	harbor2	chr22	33926472	33926552	LTR/ERVL	555	-	40	33926512	66687
chr22	33859825	34059825	harbor2	chr22	33926877	33926992	LTR/ERVL	555	-	58	33926935	67110
chr22	33859825	34059825	harbor2	chr22	33951250	33951701	LTR/ERVL	3611	-	226	33951476	91651
chr22	26773233	26973233	harbor2	chr22	26773873	26774303	LTR/ERVL	1073	-	215	26774088	855
chr22	42455184	42655184	harbor2	chr22	42468542	42468641	LTR/ERVL	930	-	50	42468592	13408
chr22	42455184	42655184	harbor2	chr22	42468914	42469191	LTR/ERVL	930	-	138	42469052	13868
chr22	42455184	42655184	harbor2	chr22	42520724	42521006	LTR/ERVL	454	-	141	42520865	65681
chr22	42455184	42655184	harbor2	chr22	42528075	42528271	LTR/ERVL	1032	-	98	42528173	72989
chr22	42455184	42655184	harbor2	chr22	42543013	42543049	LTR/ERVL	1229	-	18	42543031	87847
chr22	42455184	42655184	harbor2	chr22	42543091	42543289	LTR/ERVL	1229	-	99	42543190	88006
chr22	42455184	42655184	harbor2	chr22	42543601	42543714	LTR/ERVL	1229	-	56	42543657	88473
chr22	42455184	42655184	harbor2	chr22	42550754	42551343	LTR/ERVL	1583	-	294	42551048	95864
chr22	42455184	42655184	harbor2	chr22	42551467	42551534	LTR/ERVL	739	-	34	42551501	96317
chr22	42455184	42655184	harbor2	chr22	42552522	42552604	LTR/ERVL	739	-	41	42552563	97379
chr22	19222695	19422695	harbor2	chr22	19277678	19278155	LTR/ERVL	2301	-	238	19277916	55221
chr22	19222695	19422695	harbor2	chr22	19293991	19294698	LTR/ERVL	1078	-	354	19294345	71650
chr22	19222695	19422695	harbor2	chr22	19307009	19307117	LTR/ERVL	575	-	54	19307063	84368
chr22	50080690	50280690	harbor2	chr22	50121173	50121743	LTR/ERVL	1984	-	285	50121458	40768
chr22	49875513	50075513	harbor2	chr22	49930842	49931023	LTR/ERVL	549	-	90	49930932	55419
chr22	49875513	50075513	harbor2	chr22	49931029	49931425	LTR/ERVL	1329	-	198	49931227	55714
chr22	49875513	50075513	harbor2	chr22	49931720	49932288	LTR/ERVL	1329	-	284	49932004	56491
chr22	49875513	50075513	harbor2	chr22	49933205	49933439	LTR/ERVL	1329	-	117	49933322	57809
chr22	20826285	21026285	harbor2	chr22	20855501	20855984	LTR/ERVL	1393	-	242	20855743	29458
chr22	20826285	21026285	harbor2	chr22	20865617	20866162	LTR/ERVL	2492	-	272	20865889	39604
chr22	38826857	39026857	harbor2	chr22	38847641	38848046	LTR/ERVL	1701	-	202	38847843	20986
chr22	38826857	39026857	harbor2	chr22	38848049	38848264	LTR/ERVL	652	-	108	38848157	21300
chr22	38826857	39026857	harbor2	chr22	38879276	38879464	LTR/ERVL	692	-	94	38879370	52513
chr22	38826857	39026857	harbor2	chr22	38914868	38914927	LTR/ERVL	3223	-	30	38914898	88041
chr22	38826857	39026857	harbor2	chr22	38915222	38916192	LTR/ERVL	3223	-	485	38915707	88850
chr22	26873842	27073842	harbor2	chr22	26890883	26891180	LTR/ERVL	778	-	148	26891031	17189
chr22	26873842	27073842	harbor2	chr22	26891321	26891617	LTR/ERVL	707	-	148	26891469	17627
chr22	26873842	27073842	harbor2	chr22	26960165	26960614	LTR/ERVL	845	-	224	26960389	86547
chr22	29070614	29270614	harbor2	chr22	29118757	29119059	LTR/ERVL	968	-	151	29118908	48294
chr22	29070614	29270614	harbor2	chr22	29119198	29119621	LTR/ERVL	1385	-	212	29119410	48796
chr22	49869458	50069458	harbor2	chr22	49930842	49931023	LTR/ERVL	549	-	90	49930932	61474
chr22	49869458	50069458	harbor2	chr22	49931029	49931425	LTR/ERVL	1329	-	198	49931227	61769
chr22	49869458	50069458	harbor2	chr22	49931720	49932288	LTR/ERVL	1329	-	284	49932004	62546
chr22	49869458	50069458	harbor2	chr22	49933205	49933439	LTR/ERVL	1329	-	117	49933322	63864
chr22	21519592	21719592	harbor2	chr22	21602706	21602799	LTR/ERVL	458	-	46	21602752	83160
chr22	21519592	21719592	harbor2	chr22	21602805	21602914	LTR/ERVL	418	-	54	21602859	83267
chr22	40849498	41049498	harbor2	chr22	40887102	40887358	LTR/ERVL	1758	-	128	40887230	37732
chr22	40849498	41049498	harbor2	chr22	40887694	40887835	LTR/ERVL	1758	-	70	40887764	38266
chr22	40849498	41049498	harbor2	chr22	40894582	40895034	LTR/ERVL	422	-	226	40894808	45310
chr22	40849498	41049498	harbor2	chr22	40902699	40903069	LTR/ERVL	1675	-	185	40902884	53386
chr22	40849498	41049498	harbor2	chr22	40920433	40920519	LTR/ERVL	474	-	43	40920476	70978
chr22	40849498	41049498	harbor2	chr22	40920522	40920786	LTR/ERVL	1580	-	132	40920654	71156
chr22	40849498	41049498	harbor2	chr22	40921092	40921194	LTR/ERVL	1580	-	51	40921143	71645
chr22	40849498	41049498	harbor2	chr22	40921199	40921335	LTR/ERVL	675	-	68	40921267	71769
chrX	133993859	134193859	harbor2	chrX	134012664	134013082	LTR/ERVL	1560	-	209	134012873	19014
chrX	133993859	134193859	harbor2	chrX	134064030	134064061	LTR/ERVL	833	-	16	134064046	70187
chrX	133993859	134193859	harbor2	chrX	134064788	134065123	LTR/ERVL	833	-	168	134064956	71097
chrX	138746055	138946055	harbor2	chrX	138822414	138822641	LTR/ERVL	692	-	114	138822528	76473
chrX	152507675	152707675	harbor2	chrX	152534356	152534916	LTR/ERVL	1731	-	280	152534636	26961
chrX	152507675	152707675	harbor2	chrX	152540391	152540867	LTR/ERVL	1278	-	238	152540629	32954
chrX	152507675	152707675	harbor2	chrX	152576027	152576272	LTR/ERVL	752	-	122	152576149	68474
chrX	152507675	152707675	harbor2	chrX	152600704	152600972	LTR/ERVL	817	-	134	152600838	93163
chrX	147541478	147741478	harbor2	chrX	147560378	147560830	LTR/ERVL	3478	-	226	147560604	19126
chrX	147541478	147741478	harbor2	chrX	147582875	147583319	LTR/ERVL	1708	-	222	147583097	41619
chrX	147541478	147741478	harbor2	chrX	147631227	147631575	LTR/ERVL	566	-	174	147631401	89923
chrX	152799737	152999737	harbor2	chrX	152817442	152817943	LTR/ERVL	3218	-	250	152817692	17955
chrX	152799737	152999737	harbor2	chrX	152852259	152852592	LTR/ERVL	1450	-	166	152852425	52688
chrX	91266562	91466562	harbor2	chrX	91272857	91273329	LTR/ERVL	1297	-	236	91273093	6531
chrX	91266562	91466562	harbor2	chrX	91273593	91274915	LTR/ERVL	3391	-	661	91274254	7692
chrX	91266562	91466562	harbor2	chrX	91314165	91314717	LTR/ERVL	1948	-	276	91314441	47879
chrX	154663780	154863780	harbor2	chrX	154752202	154752458	LTR/ERVL	848	-	128	154752330	88550
chrX	154663780	154863780	harbor2	chrX	154752611	154753704	LTR/ERVL	2861	-	546	154753157	89377
chrX	154663780	154863780	harbor2	chrX	154761195	154761467	LTR/ERVL	788	-	136	154761331	97551
chrX	154663780	154863780	harbor2	chrX	154761757	154762137	LTR/ERVL	778	-	190	154761947	98167
chrX	155834425	156034425	harbor2	chrX	155929827	155930326	LTR/ERVL	2305	-	250	155930077	95652
chrX	154874720	155074720	harbor2	chrX	154891494	154891883	LTR/ERVL	846	-	194	154891688	16968
chrX	154874720	155074720	harbor2	chrX	154891883	154892175	LTR/ERVL	543	-	146	154892029	17309
chrX	154874720	155074720	harbor2	chrX	154895154	154895308	LTR/ERVL	615	-	77	154895231	20511
chrX	155059601	155259601	harbor2	chrX	155145698	155146417	LTR/ERVL	2034	-	360	155146058	86457
chrX	155059601	155259601	harbor2	chrX	155146592	155146717	LTR/ERVL	445	-	62	155146654	87053
chrX	151019982	151219982	harbor2	chrX	151037492	151037871	LTR/ERVL	1342	-	190	151037682	17700
chrX	151019982	151219982	harbor2	chrX	151054068	151054151	LTR/ERVL	474	-	42	151054110	34128
chrX	151019982	151219982	harbor2	chrX	151070536	151070898	LTR/ERVL	956	-	181	151070717	50735
chrX	151019982	151219982	harbor2	chrX	151085954	151086011	LTR/ERVL	507	-	28	151085982	66000
chrX	151019982	151219982	harbor2	chrX	151095732	151096268	LTR/ERVL	2066	-	268	151096000	76018
chrX	151019982	151219982	harbor2	chrX	151103545	151103906	LTR/ERVL	1009	-	180	151103725	83743
