H_chr	H_start	H_end	Harbor	TE_chr	TE_start	TE_end	TE	score	TE_strand	TE_half	TE_middle_pos	TE_dis
chr1	234473588	234673588	harbor1	chr1	234493128	234493658	LTR/ERV1	4075	+	265	234493393	19805
chr1	234473588	234673588	harbor1	chr1	234519604	234519820	LTR/ERV1	1175	+	108	234519712	46124
chr1	234473588	234673588	harbor1	chr1	234519808	234519906	LTR/ERV1	1441	+	49	234519857	46269
chr1	234473588	234673588	harbor1	chr1	234520196	234520410	LTR/ERV1	1441	+	107	234520303	46715
chr1	217328960	217528960	harbor1	chr1	217372556	217374145	LTR/ERV1	7072	+	794	217373350	44390
chr1	161699396	161899396	harbor1	chr1	161730974	161731831	LTR/ERV1	5345	+	428	161731402	32006
chr1	161699396	161899396	harbor1	chr1	161735335	161735807	LTR/ERV1	921	+	236	161735571	36175
chr1	161699396	161899396	harbor1	chr1	161736122	161736419	LTR/ERV1	921	+	148	161736270	36874
chr1	161699396	161899396	harbor1	chr1	161747608	161748209	LTR/ERV1	4280	+	300	161747908	48512
chr1	161699396	161899396	harbor1	chr1	161748984	161749282	LTR/ERV1	998	+	149	161749133	49737
chr1	232034265	232234265	harbor1	chr1	232118115	232118565	LTR/ERV1	3595	+	225	232118340	84075
chr1	232034265	232234265	harbor1	chr1	232118568	232121599	LTR/ERV1	19510	+	1516	232120084	85819
chr1	232034265	232234265	harbor1	chr1	232121579	232121728	LTR/ERV1	938	+	74	232121653	87388
chr1	232034265	232234265	harbor1	chr1	232121719	232122222	LTR/ERV1	3167	+	252	232121971	87706
chr1	232034265	232234265	harbor1	chr1	232122225	232122886	LTR/ERV1	4086	+	330	232122555	88290
chr1	232034265	232234265	harbor1	chr1	232122888	232123116	LTR/ERV1	1248	+	114	232123002	88737
chr1	232034265	232234265	harbor1	chr1	232123117	232123494	LTR/ERV1	2445	+	188	232123305	89040
chr1	232034265	232234265	harbor1	chr1	232123495	232123945	LTR/ERV1	3542	+	225	232123720	89455
chr1	232034265	232234265	harbor1	chr1	232130893	232131345	LTR/ERV1	2718	+	226	232131119	96854
chr1	187934296	188134296	harbor1	chr1	188009900	188010346	LTR/ERV1	1518	+	223	188010123	75827
chr1	79114311	79314311	harbor1	chr1	79190454	79190613	LTR/ERV1	1074	+	80	79190534	76223
chr1	79114311	79314311	harbor1	chr1	79190613	79191087	LTR/ERV1	3005	+	237	79190850	76539
chr1	232202979	232402979	harbor1	chr1	232222617	232222863	LTR/ERV1	1449	+	123	232222740	19761
chr1	232202979	232402979	harbor1	chr1	232223170	232223599	LTR/ERV1	2583	+	214	232223384	20405
chr1	232202979	232402979	harbor1	chr1	232225250	232226012	LTR/ERV1	4347	+	381	232225631	22652
chr1	232202979	232402979	harbor1	chr1	232241319	232241437	LTR/ERV1	471	+	59	232241378	38399
chr1	232202979	232402979	harbor1	chr1	232243316	232243617	LTR/ERV1	1370	+	150	232243466	40487
chr1	232202979	232402979	harbor1	chr1	232279172	232279664	LTR/ERV1	2993	+	246	232279418	76439
chr1	244268148	244468148	harbor1	chr1	244303080	244303826	LTR/ERV1	4024	+	373	244303453	35305
chr1	244268148	244468148	harbor1	chr1	244303827	244305613	LTR/ERV1	6633	+	893	244304720	36572
chr1	244268148	244468148	harbor1	chr1	244305610	244306784	LTR/ERV1	6124	+	587	244306197	38049
chr1	244268148	244468148	harbor1	chr1	244350717	244351134	LTR/ERV1	3046	+	208	244350925	82777
chr1	178962333	179162333	harbor1	chr1	178975540	178976346	LTR/ERV1	6027	+	403	178975943	13610
chr1	222698793	222898793	harbor1	chr1	222794722	222796505	LTR/ERV1	8628	+	892	222795614	96821
chr1	104841676	105041676	harbor1	chr1	104932396	104932910	LTR/ERV1	1732	+	257	104932653	90977
chr1	104841676	105041676	harbor1	chr1	104932930	104934204	LTR/ERV1	7033	+	637	104933567	91891
chr1	94585470	94785470	harbor1	chr1	94607163	94607459	LTR/ERV1	1311	+	148	94607311	21841
chr1	94585470	94785470	harbor1	chr1	94612981	94613534	LTR/ERV1	4550	+	276	94613257	27787
chr1	94585470	94785470	harbor1	chr1	94626690	94626916	LTR/ERV1	443	+	113	94626803	41333
chr1	94585470	94785470	harbor1	chr1	94659428	94659892	LTR/ERV1	2668	+	232	94659660	74190
chr1	94585470	94785470	harbor1	chr1	94660244	94660299	LTR/ERV1	2668	+	28	94660272	74802
chr1	94585470	94785470	harbor1	chr1	94667658	94668351	LTR/ERV1	4061	+	346	94668004	82534
chr1	94585470	94785470	harbor1	chr1	94617474	94618106	LTR/ERV1	4464	+	316	94617790	32320
chr1	181147469	181347469	harbor1	chr1	181172219	181172926	LTR/ERV1	2839	+	354	181172573	25104
chr1	181147469	181347469	harbor1	chr1	181174727	181174850	LTR/ERV1	3896	+	62	181174789	27320
chr1	181147469	181347469	harbor1	chr1	181181592	181182325	LTR/ERV1	4067	+	366	181181958	34489
chr1	181147469	181347469	harbor1	chr1	181173937	181174423	LTR/ERV1	3896	+	243	181174180	26711
chr1	89226195	89426195	harbor1	chr1	89259882	89259995	LTR/ERV1	513	+	56	89259938	33743
chr1	89226195	89426195	harbor1	chr1	89304849	89305058	LTR/ERV1	871	+	104	89304953	78758
chr1	12798687	12998687	harbor1	chr1	12797641	12799270	LTR/ERV1	6306	+	814	12798455	232
chr1	12798687	12998687	harbor1	chr1	12832378	12832947	LTR/ERV1	2765	+	284	12832662	33975
chr1	12798687	12998687	harbor1	chr1	12833081	12833210	LTR/ERV1	518	+	64	12833145	34458
chr1	12798687	12998687	harbor1	chr1	12833431	12833724	LTR/ERV1	994	+	146	12833577	34890
chr1	12798687	12998687	harbor1	chr1	12845491	12845703	LTR/ERV1	679	+	106	12845597	46910
chr1	12798687	12998687	harbor1	chr1	12845850	12846143	LTR/ERV1	1108	+	146	12845996	47309
chr1	12798687	12998687	harbor1	chr1	12846200	12846277	LTR/ERV1	401	+	38	12846238	47551
chr1	12798687	12998687	harbor1	chr1	12849704	12850277	LTR/ERV1	2950	+	286	12849990	51303
chr1	12798687	12998687	harbor1	chr1	12850413	12850627	LTR/ERV1	428	+	107	12850520	51833
chr1	12798687	12998687	harbor1	chr1	12863362	12865024	LTR/ERV1	6383	+	831	12864193	65506
chr1	12798687	12998687	harbor1	chr1	12887162	12887731	LTR/ERV1	2890	+	284	12887446	88759
chr1	12798687	12998687	harbor1	chr1	12887865	12887994	LTR/ERV1	518	+	64	12887929	89242
chr1	12798687	12998687	harbor1	chr1	12888215	12888507	LTR/ERV1	970	+	146	12888361	89674
chr1	12798687	12998687	harbor1	chr1	12844778	12845355	LTR/ERV1	2954	+	288	12845066	46379
chr1	8241903	8441903	harbor1	chr1	8249893	8250469	LTR/ERV1	3230	+	288	8250181	8278
chr1	8241903	8441903	harbor1	chr1	8303481	8303582	LTR/ERV1	400	+	50	8303531	61628
chr1	59479253	59679253	harbor1	chr1	59523851	59525435	LTR/ERV1	8516	+	792	59524643	45390
chr1	105798872	105998872	harbor1	chr1	105850968	105851566	LTR/ERV1	3919	+	299	105851267	52395
chr1	105798872	105998872	harbor1	chr1	105855634	105856113	LTR/ERV1	3072	+	240	105855874	57002
chr1	105798872	105998872	harbor1	chr1	105866210	105866644	LTR/ERV1	1329	+	217	105866427	67555
chr1	109248550	109448550	harbor1	chr1	109284063	109284687	LTR/ERV1	4509	+	312	109284375	35825
chr1	109248550	109448550	harbor1	chr1	109284688	109284801	LTR/ERV1	2946	+	56	109284744	36194
chr1	109248550	109448550	harbor1	chr1	109285102	109285503	LTR/ERV1	2946	+	200	109285302	36752
chr1	109248550	109448550	harbor1	chr1	109285737	109285932	LTR/ERV1	1740	+	98	109285835	37285
chr1	109248550	109448550	harbor1	chr1	109286245	109286286	LTR/ERV1	1740	+	20	109286265	37715
chr1	109248550	109448550	harbor1	chr1	109286575	109286599	LTR/ERV1	1740	+	12	109286587	38037
chr1	109248550	109448550	harbor1	chr1	109287134	109287233	LTR/ERV1	1740	+	50	109287184	38634
chr1	109248550	109448550	harbor1	chr1	109287920	109288222	LTR/ERV1	3435	+	151	109288071	39521
chr1	109248550	109448550	harbor1	chr1	109288522	109288792	LTR/ERV1	3435	+	135	109288657	40107
chr1	215718321	215918321	harbor1	chr1	215773026	215773476	LTR/ERV1	3313	+	225	215773251	54930
chr1	215718321	215918321	harbor1	chr1	215773553	215773698	LTR/ERV1	3313	+	72	215773625	55304
chr1	215718321	215918321	harbor1	chr1	215811017	215811625	LTR/ERV1	1062	+	304	215811321	93000
chr1	215718321	215918321	harbor1	chr1	215811936	215811981	LTR/ERV1	885	+	22	215811958	93637
chr1	215718321	215918321	harbor1	chr1	215812284	215812449	LTR/ERV1	885	+	82	215812366	94045
chr1	111130357	111330357	harbor1	chr1	111215037	111215653	LTR/ERV1	2833	+	308	111215345	84988
chr1	219270043	219470043	harbor1	chr1	219290274	219290792	LTR/ERV1	2972	+	259	219290533	20490
chr1	237802493	238002493	harbor1	chr1	237868753	237869412	LTR/ERV1	3510	+	330	237869083	66590
chr1	25981437	26181437	harbor1	chr1	26050971	26051020	LTR/ERV1	3041	+	24	26050995	69558
chr1	25981437	26181437	harbor1	chr1	26078312	26079032	LTR/ERV1	3381	+	360	26078672	97235
chr1	25981437	26181437	harbor1	chr1	26050119	26050664	LTR/ERV1	3041	+	272	26050391	68954
chr1	176134461	176334461	harbor1	chr1	176220287	176220801	LTR/ERV1	3251	+	257	176220544	86083
chr1	176134461	176334461	harbor1	chr1	176221180	176221286	LTR/ERV1	761	+	53	176221233	86772
chr1	176134461	176334461	harbor1	chr1	176224110	176224403	LTR/ERV1	1247	+	146	176224256	89795
chr1	176134461	176334461	harbor1	chr1	176224612	176224779	LTR/ERV1	981	+	84	176224696	90235
chr1	176134461	176334461	harbor1	chr1	176225593	176226163	LTR/ERV1	4221	+	285	176225878	91417
chr1	176134461	176334461	harbor1	chr1	176226465	176226601	LTR/ERV1	4221	+	68	176226533	92072
chr1	230352990	230552990	harbor1	chr1	230390306	230390510	LTR/ERV1	405	+	102	230390408	37418
chr1	171264660	171464660	harbor1	chr1	171286991	171287079	LTR/ERV1	452	+	44	171287035	22375
chr1	171264660	171464660	harbor1	chr1	171287053	171287355	LTR/ERV1	1217	+	151	171287204	22544
chr1	171264660	171464660	harbor1	chr1	171288815	171289221	LTR/ERV1	1801	+	203	171289018	24358
chr1	171264660	171464660	harbor1	chr1	171304883	171305418	LTR/ERV1	3742	+	268	171305151	40491
chr1	171264660	171464660	harbor1	chr1	171305441	171310983	LTR/ERV1	37020	+	2771	171308212	43552
chr1	171264660	171464660	harbor1	chr1	171312403	171312917	LTR/ERV1	3957	+	257	171312660	48000
chr1	171264660	171464660	harbor1	chr1	171356969	171357230	LTR/ERV1	664	+	130	171357099	92439
chr1	171264660	171464660	harbor1	chr1	171310984	171312402	LTR/ERV1	11056	+	709	171311693	47033
chr1	195409037	195609037	harbor1	chr1	195469944	195470208	LTR/ERV1	731	+	132	195470076	61039
chr1	195409037	195609037	harbor1	chr1	195507607	195508053	LTR/ERV1	2306	+	223	195507830	98793
chr1	198379030	198579030	harbor1	chr1	198404668	198405408	LTR/ERV1	5103	+	370	198405038	26008
chr1	119147098	119347098	harbor1	chr1	119171364	119172711	LTR/ERV1	10415	+	674	119172038	24940
chr1	119147098	119347098	harbor1	chr1	119178885	119180391	LTR/ERV1	12366	+	753	119179638	32540
chr1	119147098	119347098	harbor1	chr1	119172712	119178883	LTR/ERV1	52458	+	3086	119175798	28700
chr1	80621502	80821502	harbor1	chr1	80632283	80633040	LTR/ERV1	4621	+	378	80632661	11159
chr1	80621502	80821502	harbor1	chr1	80633351	80633497	LTR/ERV1	795	+	73	80633424	11922
chr1	80621502	80821502	harbor1	chr1	80633760	80633915	LTR/ERV1	887	+	78	80633838	12336
chr1	80621502	80821502	harbor1	chr1	80633916	80634533	LTR/ERV1	2450	+	308	80634224	12722
chr1	80621502	80821502	harbor1	chr1	80634564	80638316	LTR/ERV1	24300	+	1876	80636440	14938
chr1	80621502	80821502	harbor1	chr1	80638317	80638648	LTR/ERV1	1443	+	166	80638483	16981
chr1	239265468	239465468	harbor1	chr1	239312519	239313424	LTR/ERV1	658	+	452	239312971	47503
chr1	114302945	114502945	harbor1	chr1	114358451	114359144	LTR/ERV1	3768	+	346	114358797	55852
chr1	114302945	114502945	harbor1	chr1	114359517	114359744	LTR/ERV1	3768	+	114	114359631	56686
chr1	114302945	114502945	harbor1	chr1	114359736	114359830	LTR/ERV1	641	+	47	114359783	56838
chr1	114302945	114502945	harbor1	chr1	114359820	114360102	LTR/ERV1	1775	+	141	114359961	57016
chr1	114302945	114502945	harbor1	chr1	114360884	114361336	LTR/ERV1	3184	+	226	114361110	58165
chr1	114302945	114502945	harbor1	chr1	114361342	114361426	LTR/ERV1	3340	+	42	114361384	58439
chr1	114302945	114502945	harbor1	chr1	114361733	114362172	LTR/ERV1	3340	+	220	114361953	59008
chr1	114302945	114502945	harbor1	chr1	114362475	114362960	LTR/ERV1	3340	+	242	114362717	59772
chr1	114302945	114502945	harbor1	chr1	114369593	114370997	LTR/ERV1	11983	+	702	114370295	67350
chr1	114302945	114502945	harbor1	chr1	114371295	114371373	LTR/ERV1	11983	+	39	114371334	68389
chr1	114302945	114502945	harbor1	chr1	114371614	114371823	LTR/ERV1	11983	+	104	114371718	68773
chr1	114302945	114502945	harbor1	chr1	114372116	114373929	LTR/ERV1	17330	+	906	114373022	70077
chr1	114302945	114502945	harbor1	chr1	114374218	114374768	LTR/ERV1	17330	+	275	114374493	71548
chr1	114302945	114502945	harbor1	chr1	114375058	114375071	LTR/ERV1	17330	+	6	114375064	72119
chr1	114302945	114502945	harbor1	chr1	114375359	114376008	LTR/ERV1	17330	+	324	114375683	72738
chr1	114302945	114502945	harbor1	chr1	114376024	114376478	LTR/ERV1	3237	+	227	114376251	73306
chr1	114302945	114502945	harbor1	chr1	114378736	114379196	LTR/ERV1	475	+	230	114378966	76021
chr1	114302945	114502945	harbor1	chr1	114379215	114379342	LTR/ERV1	1186	+	64	114379279	76334
chr1	114302945	114502945	harbor1	chr1	114379984	114380421	LTR/ERV1	1186	+	218	114380202	77257
chr1	114302945	114502945	harbor1	chr1	114360099	114360697	LTR/ERV1	3753	+	299	114360398	57453
chr1	114302945	114502945	harbor1	chr1	114376592	114378631	LTR/ERV1	9301	+	1020	114377612	74667
chr1	79262110	79462110	harbor1	chr1	79269499	79270456	LTR/ERV1	5221	+	478	79269977	7867
chr1	79262110	79462110	harbor1	chr1	79276953	79277502	LTR/ERV1	4484	+	274	79277227	15117
chr1	79262110	79462110	harbor1	chr1	79277807	79278124	LTR/ERV1	4471	+	158	79277965	15855
chr1	79262110	79462110	harbor1	chr1	79288877	79289351	LTR/ERV1	723	+	237	79289114	27004
chr1	79262110	79462110	harbor1	chr1	79315752	79315864	LTR/ERV1	420	+	56	79315808	53698
chr1	87353233	87553233	harbor1	chr1	87430880	87431457	LTR/ERV1	3986	+	288	87431168	77935
chr1	57087097	57287097	harbor1	chr1	57087954	57088059	LTR/ERV1	2582	+	52	57088006	909
chr1	57087097	57287097	harbor1	chr1	57088371	57088829	LTR/ERV1	2582	+	229	57088600	1503
chr1	57087097	57287097	harbor1	chr1	57169522	57169984	LTR/ERV1	2870	+	231	57169753	82656
chr1	57087097	57287097	harbor1	chr1	57170299	57170344	LTR/ERV1	2870	+	22	57170321	83224
chr1	57087097	57287097	harbor1	chr1	57176870	57177467	LTR/ERV1	2677	+	298	57177168	90071
chr1	38246	238246	harbor1	chr1	91678	92110	LTR/ERV1	883	+	216	91894	53648
chr1	38246	238246	harbor1	chr1	115577	115714	LTR/ERV1	478	+	68	115645	77399
chr1	38246	238246	harbor1	chr1	115789	116069	LTR/ERV1	824	+	140	115929	77683
chr1	51095933	51295933	harbor1	chr1	51100434	51100885	LTR/ERV1	3193	+	226	51100660	4727
chr1	51095933	51295933	harbor1	chr1	51101197	51101283	LTR/ERV1	3193	+	43	51101240	5307
chr1	51095933	51295933	harbor1	chr1	51177918	51178610	LTR/ERV1	4575	+	346	51178264	82331
chr1	184683952	184883952	harbor1	chr1	184695873	184696303	LTR/ERV1	1715	+	215	184696088	12136
chr1	184683952	184883952	harbor1	chr1	184696309	184696511	LTR/ERV1	556	+	101	184696410	12458
chr1	184683952	184883952	harbor1	chr1	184771101	184771597	LTR/ERV1	2820	+	248	184771349	87397
chr1	184683952	184883952	harbor1	chr1	184774184	184774776	LTR/ERV1	2986	+	296	184774480	90528
chr1	186598105	186798105	harbor1	chr1	186610918	186611728	LTR/ERV1	4898	+	405	186611323	13218
chr1	186598105	186798105	harbor1	chr1	186633330	186634034	LTR/ERV1	4474	+	352	186633682	35577
chr1	186598105	186798105	harbor1	chr1	186644989	186645424	LTR/ERV1	1021	+	218	186645207	47102
chr1	186598105	186798105	harbor1	chr1	186651748	186652243	LTR/ERV1	2826	+	248	186651996	53891
chr1	186598105	186798105	harbor1	chr1	186652413	186652466	LTR/ERV1	2826	+	26	186652439	54334
chr1	186598105	186798105	harbor1	chr1	186652776	186652905	LTR/ERV1	2826	+	64	186652840	54735
chr1	18254878	18454878	harbor1	chr1	18261312	18261649	LTR/ERV1	1970	+	168	18261480	6602
chr1	65858547	66058547	harbor1	chr1	65908578	65908732	LTR/ERV1	469	+	77	65908655	50108
chr1	65858547	66058547	harbor1	chr1	65908762	65909023	LTR/ERV1	538	+	130	65908892	50345
chr1	65858547	66058547	harbor1	chr1	65909051	65909194	LTR/ERV1	498	+	72	65909123	50576
chr1	70933892	71133892	harbor1	chr1	70985888	70986407	LTR/ERV1	3699	+	260	70986148	52256
chr1	248431237	248631237	harbor1	chr1	248444493	248445214	LTR/ERV1	2542	+	360	248444853	13616
chr1	248431237	248631237	harbor1	chr1	248477397	248477863	LTR/ERV1	2334	+	233	248477630	46393
chr1	248431237	248631237	harbor1	chr1	248512952	248513061	LTR/ERV1	476	+	54	248513006	81769
chr1	210507012	210707012	harbor1	chr1	210554785	210555206	LTR/ERV1	728	+	210	210554995	47983
chr1	210507012	210707012	harbor1	chr1	210566340	210567162	LTR/ERV1	5832	+	411	210566751	59739
chr1	202402460	202602460	harbor1	chr1	202483356	202483472	LTR/ERV1	430	+	58	202483414	80954
chr1	17904948	18104948	harbor1	chr1	17910768	17910952	LTR/ERV1	2462	+	92	17910860	5912
chr1	17904948	18104948	harbor1	chr1	17911254	17911510	LTR/ERV1	2462	+	128	17911382	6434
chr1	17904948	18104948	harbor1	chr1	17911680	17911734	LTR/ERV1	399	+	27	17911707	6759
chr1	17904948	18104948	harbor1	chr1	17915359	17915802	LTR/ERV1	3155	+	222	17915581	10633
chr1	119129690	119329690	harbor1	chr1	119171364	119172711	LTR/ERV1	10415	+	674	119172038	42348
chr1	119129690	119329690	harbor1	chr1	119178885	119180391	LTR/ERV1	12366	+	753	119179638	49948
chr1	119129690	119329690	harbor1	chr1	119172712	119178883	LTR/ERV1	52458	+	3086	119175798	46108
chr1	31393087	31593087	harbor1	chr1	31392466	31393110	LTR/ERV1	3808	+	322	31392788	299
chr1	31393087	31593087	harbor1	chr1	31457949	31458568	LTR/ERV1	3524	+	310	31458259	65172
chr1	31393087	31593087	harbor1	chr1	31458573	31459037	LTR/ERV1	2616	+	232	31458805	65718
chr1	31393087	31593087	harbor1	chr1	31459063	31459083	LTR/ERV1	2616	+	10	31459073	65986
chr1	31393087	31593087	harbor1	chr1	31459371	31466684	LTR/ERV1	34543	+	3656	31463027	69940
chr1	31393087	31593087	harbor1	chr1	31466685	31467319	LTR/ERV1	3709	+	317	31467002	73915
chr1	21172560	21372560	harbor1	chr1	21190400	21190817	LTR/ERV1	3013	+	208	21190608	18048
chr1	202066985	202266985	harbor1	chr1	202080896	202081185	LTR/ERV1	1377	+	144	202081040	14055
chr1	202066985	202266985	harbor1	chr1	202081488	202081672	LTR/ERV1	1377	+	92	202081580	14595
chr1	202066985	202266985	harbor1	chr1	202090234	202090360	LTR/ERV1	894	+	63	202090297	23312
chr1	202066985	202266985	harbor1	chr1	202090963	202091055	LTR/ERV1	483	+	46	202091009	24024
chr1	147613982	147813982	harbor1	chr1	147671886	147672520	LTR/ERV1	4104	+	317	147672203	58221
chr1	195780808	195980808	harbor1	chr1	195790529	195792091	LTR/ERV1	6965	+	781	195791310	10502
chr1	195119095	195319095	harbor1	chr1	195136936	195137349	LTR/ERV1	1764	+	206	195137142	18047
chr1	195119095	195319095	harbor1	chr1	195138233	195141547	LTR/ERV1	26253	+	1657	195139890	20795
chr1	195119095	195319095	harbor1	chr1	195141548	195141777	LTR/ERV1	1601	+	114	195141662	22567
chr1	195119095	195319095	harbor1	chr1	195159717	195160250	LTR/ERV1	3613	+	266	195159983	40888
chr1	195119095	195319095	harbor1	chr1	195218187	195219154	LTR/ERV1	4366	+	484	195218671	99576
chr1	177703164	177903164	harbor1	chr1	177735658	177735833	LTR/ERV1	578	+	88	177735746	32582
chr1	240619405	240819405	harbor1	chr1	240650299	240650843	LTR/ERV1	3689	+	272	240650571	31166
chr1	148079546	148279546	harbor1	chr1	148131078	148131743	LTR/ERV1	4864	+	332	148131410	51864
chr1	148079546	148279546	harbor1	chr1	148155783	148156403	LTR/ERV1	3584	+	310	148156093	76547
chr1	169323770	169523770	harbor1	chr1	169364613	169365400	LTR/ERV1	4046	+	394	169365007	41237
chr1	196966759	197166759	harbor1	chr1	197012984	197014279	LTR/ERV1	4520	+	648	197013632	46873
chr1	196966759	197166759	harbor1	chr1	197014563	197015240	LTR/ERV1	4043	+	338	197014901	48142
chr1	196966759	197166759	harbor1	chr1	197015847	197016066	LTR/ERV1	405	+	110	197015957	49198
chr1	218695033	218895033	harbor1	chr1	218710176	218710868	LTR/ERV1	1104	+	346	218710522	15489
chr1	86107127	86307127	harbor1	chr1	86110386	86112054	LTR/ERV1	8650	+	834	86111220	4093
chr1	195929356	196129356	harbor1	chr1	195954464	195955283	LTR/ERV1	4455	+	410	195954874	25518
chr1	195929356	196129356	harbor1	chr1	196024678	196025125	LTR/ERV1	926	+	224	196024902	95546
chr1	195929356	196129356	harbor1	chr1	196025495	196025763	LTR/ERV1	507	+	134	196025629	96273
chr1	195929356	196129356	harbor1	chr1	196026572	196026757	LTR/ERV1	427	+	92	196026664	97308
chr1	195929356	196129356	harbor1	chr1	196026817	196027068	LTR/ERV1	625	+	126	196026943	97587
chr1	50312631	50512631	harbor1	chr1	50350444	50351193	LTR/ERV1	4899	+	374	50350818	38187
chr1	50312631	50512631	harbor1	chr1	50393719	50394218	LTR/ERV1	2132	+	250	50393969	81338
chr1	48208172	48408172	harbor1	chr1	48250700	48251041	LTR/ERV1	2107	+	170	48250870	42698
chr1	57674615	57874615	harbor1	chr1	57691091	57691796	LTR/ERV1	4504	+	352	57691443	16828
chr1	57674615	57874615	harbor1	chr1	57691797	57692318	LTR/ERV1	3904	+	260	57692057	17442
chr1	57674615	57874615	harbor1	chr1	57692319	57692678	LTR/ERV1	1246	+	180	57692499	17884
chr1	57674615	57874615	harbor1	chr1	57692675	57693284	LTR/ERV1	4918	+	304	57692979	18364
chr1	57674615	57874615	harbor1	chr1	57693285	57693900	LTR/ERV1	3514	+	308	57693593	18978
chr1	57674615	57874615	harbor1	chr1	57725174	57725585	LTR/ERV1	799	+	206	57725380	50765
chr1	57674615	57874615	harbor1	chr1	57743132	57743560	LTR/ERV1	3338	+	214	57743346	68731
chr1	88994811	89194811	harbor1	chr1	89004767	89005234	LTR/ERV1	3806	+	234	89005001	10190
chr1	88994811	89194811	harbor1	chr1	89048082	89048835	LTR/ERV1	5595	+	376	89048458	53647
chr1	88994811	89194811	harbor1	chr1	89049147	89049432	LTR/ERV1	5595	+	142	89049289	54478
chr1	88994811	89194811	harbor1	chr1	89049433	89049754	LTR/ERV1	1438	+	160	89049593	54782
chr1	88994811	89194811	harbor1	chr1	89049989	89050423	LTR/ERV1	1066	+	217	89050206	55395
chr1	234926773	235126773	harbor1	chr1	234942986	234943461	LTR/ERV1	3443	+	238	234943224	16451
chr1	234926773	235126773	harbor1	chr1	234985850	234985933	LTR/ERV1	2289	+	42	234985892	59119
chr1	234926773	235126773	harbor1	chr1	234986547	234987003	LTR/ERV1	2289	+	228	234986775	60002
chr1	165787383	165987383	harbor1	chr1	165800379	165800799	LTR/ERV1	3311	+	210	165800589	13206
chr1	165787383	165987383	harbor1	chr1	165883727	165883800	LTR/ERV1	621	+	36	165883763	96380
chr1	98296871	98496871	harbor1	chr1	98359149	98359596	LTR/ERV1	2221	+	224	98359373	62502
chr1	110937911	111137911	harbor1	chr1	110994064	110994355	LTR/ERV1	493	+	146	110994210	56299
chr1	110937911	111137911	harbor1	chr1	111003992	111004294	LTR/ERV1	669	+	151	111004143	66232
chr1	110937911	111137911	harbor1	chr1	111004953	111005001	LTR/ERV1	817	+	24	111004977	67066
chr1	110937911	111137911	harbor1	chr1	111005135	111005520	LTR/ERV1	817	+	192	111005327	67416
chr1	110937911	111137911	harbor1	chr1	111005990	111006106	LTR/ERV1	435	+	58	111006048	68137
chr1	110937911	111137911	harbor1	chr1	111006118	111006601	LTR/ERV1	1607	+	242	111006360	68449
chr1	110937911	111137911	harbor1	chr1	111006602	111007074	LTR/ERV1	687	+	236	111006838	68927
chr1	110937911	111137911	harbor1	chr1	111027825	111028434	LTR/ERV1	3250	+	304	111028129	90218
chr1	110937911	111137911	harbor1	chr1	111028533	111028670	LTR/ERV1	650	+	68	111028601	90690
chr1	110937911	111137911	harbor1	chr1	111028742	111029578	LTR/ERV1	4111	+	418	111029160	91249
chr1	110937911	111137911	harbor1	chr1	111029578	111030582	LTR/ERV1	6440	+	502	111030080	92169
chr1	110937911	111137911	harbor1	chr1	111030576	111030716	LTR/ERV1	789	+	70	111030646	92735
chr1	110937911	111137911	harbor1	chr1	111030749	111031364	LTR/ERV1	4055	+	308	111031057	93146
chr1	110937911	111137911	harbor1	chr1	111031350	111031955	LTR/ERV1	3865	+	302	111031652	93741
chr1	110937911	111137911	harbor1	chr1	111032099	111032293	LTR/ERV1	788	+	97	111032196	94285
chr1	110937911	111137911	harbor1	chr1	111032629	111032847	LTR/ERV1	1270	+	109	111032738	94827
chr1	110937911	111137911	harbor1	chr1	111032848	111033434	LTR/ERV1	2276	+	293	111033141	95230
chr1	146999194	147199194	harbor1	chr1	147081362	147081776	LTR/ERV1	820	+	207	147081569	82375
chr1	146999194	147199194	harbor1	chr1	147095111	147095371	LTR/ERV1	574	+	130	147095241	96047
chr1	221487667	221687667	harbor1	chr1	221493304	221493768	LTR/ERV1	660	+	232	221493536	5869
chr1	199229925	199429925	harbor1	chr1	199269959	199270584	LTR/ERV1	2952	+	312	199270271	40346
chr1	199229925	199429925	harbor1	chr1	199297219	199297599	LTR/ERV1	561	+	190	199297409	67484
chr1	199229925	199429925	harbor1	chr1	199310605	199311236	LTR/ERV1	4185	+	316	199310921	80996
chr1	98857149	99057149	harbor1	chr1	98873455	98874107	LTR/ERV1	3197	+	326	98873781	16632
chr1	98857149	99057149	harbor1	chr1	98874442	98874950	LTR/ERV1	1051	+	254	98874696	17547
chr1	86533816	86733816	harbor1	chr1	86587362	86587465	LTR/ERV1	445	+	52	86587414	53598
chr1	86533816	86733816	harbor1	chr1	86587532	86587726	LTR/ERV1	753	+	97	86587629	53813
chr1	86533816	86733816	harbor1	chr1	86593371	86594060	LTR/ERV1	4774	+	344	86593715	59899
chr1	86533816	86733816	harbor1	chr1	86596307	86596764	LTR/ERV1	2573	+	228	86596535	62719
chr1	86533816	86733816	harbor1	chr1	86621605	86622313	LTR/ERV1	5161	+	354	86621959	88143
chr1	199266646	199466646	harbor1	chr1	199269959	199270584	LTR/ERV1	2952	+	312	199270271	3625
chr1	199266646	199466646	harbor1	chr1	199297219	199297599	LTR/ERV1	561	+	190	199297409	30763
chr1	199266646	199466646	harbor1	chr1	199310605	199311236	LTR/ERV1	4185	+	316	199310921	44275
chr1	115090116	115290116	harbor1	chr1	115117405	115117989	LTR/ERV1	3177	+	292	115117697	27581
chr1	61929150	62129150	harbor1	chr1	61974620	61974720	LTR/ERV1	762	+	50	61974670	45520
chr1	49901335	50101335	harbor1	chr1	49951266	49951728	LTR/ERV1	2220	+	231	49951497	50162
chr1	49901335	50101335	harbor1	chr1	49982187	49983652	LTR/ERV1	6820	+	732	49982919	81584
chr1	49901335	50101335	harbor1	chr1	49983835	49984725	LTR/ERV1	5479	+	445	49984280	82945
chr1	234318168	234518168	harbor1	chr1	234345664	234345764	LTR/ERV1	696	+	50	234345714	27546
chr1	234318168	234518168	harbor1	chr1	234345854	234346256	LTR/ERV1	1908	+	201	234346055	27887
chr1	234318168	234518168	harbor1	chr1	234408246	234408931	LTR/ERV1	4948	+	342	234408588	90420
chr1	179729439	179929439	harbor1	chr1	179766051	179766675	LTR/ERV1	4241	+	312	179766363	36924
chr1	105195212	105395212	harbor1	chr1	105195186	105195221	LTR/ERV1	1254	+	18	105195204	8
chr1	105195212	105395212	harbor1	chr1	105198531	105198877	LTR/ERV1	2254	+	173	105198704	3492
chr1	105195212	105395212	harbor1	chr1	105217128	105217609	LTR/ERV1	621	+	240	105217368	22156
chr1	207459715	207659715	harbor1	chr1	207508769	207509058	LTR/ERV1	1791	+	144	207508913	49198
chr1	49680967	49880967	harbor1	chr1	49720959	49721451	LTR/ERV1	3516	+	246	49721205	40238
chr1	49680967	49880967	harbor1	chr1	49722840	49723279	LTR/ERV1	1062	+	220	49723060	42093
chr1	49680967	49880967	harbor1	chr1	49729809	49730858	LTR/ERV1	3856	+	524	49730333	49366
chr1	176660658	176860658	harbor1	chr1	176713350	176713470	LTR/ERV1	486	+	60	176713410	52752
chr1	176660658	176860658	harbor1	chr1	176713658	176713798	LTR/ERV1	614	+	70	176713728	53070
chr1	176660658	176860658	harbor1	chr1	176713826	176714139	LTR/ERV1	1394	+	156	176713982	53324
chr1	176660658	176860658	harbor1	chr1	176714145	176714284	LTR/ERV1	422	+	70	176714215	53557
chr1	176660658	176860658	harbor1	chr1	176714389	176716227	LTR/ERV1	11121	+	919	176715308	54650
chr1	176660658	176860658	harbor1	chr1	176716546	176716599	LTR/ERV1	11121	+	26	176716572	55914
chr1	176660658	176860658	harbor1	chr1	176716911	176717150	LTR/ERV1	11121	+	120	176717031	56373
chr1	176660658	176860658	harbor1	chr1	176717153	176717678	LTR/ERV1	2012	+	262	176717415	56757
chr1	244459010	244659010	harbor1	chr1	244453502	244459080	LTR/ERV1	42460	+	2789	244456291	2719
chr1	244459010	244659010	harbor1	chr1	244459377	244459994	LTR/ERV1	42460	+	308	244459685	675
chr1	244459010	244659010	harbor1	chr1	244460009	244460586	LTR/ERV1	4191	+	288	244460297	1287
chr1	150471267	150671267	harbor1	chr1	150531155	150531212	LTR/ERV1	2485	+	28	150531183	59916
chr1	150471267	150671267	harbor1	chr1	150531490	150531932	LTR/ERV1	2485	+	221	150531711	60444
chr1	150471267	150671267	harbor1	chr1	150532207	150532247	LTR/ERV1	2485	+	20	150532227	60960
chr1	55316616	55516616	harbor1	chr1	55326874	55326963	LTR/ERV1	505	+	44	55326918	10302
chr1	55316616	55516616	harbor1	chr1	55327078	55327626	LTR/ERV1	1374	+	274	55327352	10736
chr1	55316616	55516616	harbor1	chr1	55412010	55412320	LTR/ERV1	1335	+	155	55412165	95549
chr1	103976521	104176521	harbor1	chr1	104004480	104004969	LTR/ERV1	1891	+	244	104004724	28203
chr1	108162342	108362342	harbor1	chr1	108216812	108216955	LTR/ERV1	406	+	72	108216884	54542
chr1	108162342	108362342	harbor1	chr1	108216138	108216768	LTR/ERV1	1324	+	315	108216453	54111
chr1	110012496	110212496	harbor1	chr1	110033278	110033410	LTR/ERV1	1533	+	66	110033344	20848
chr1	110012496	110212496	harbor1	chr1	110033780	110034089	LTR/ERV1	1533	+	154	110033934	21438
chr1	198218231	198418231	harbor1	chr1	198226799	198226869	LTR/ERV1	484	+	35	198226834	8603
chr1	31466198	31666198	harbor1	chr1	31459371	31466684	LTR/ERV1	34543	+	3656	31463027	3171
chr1	31466198	31666198	harbor1	chr1	31466685	31467319	LTR/ERV1	3709	+	317	31467002	804
chr1	31466198	31666198	harbor1	chr1	31499098	31499747	LTR/ERV1	4515	+	324	31499422	33224
chr1	31466198	31666198	harbor1	chr1	31500551	31500616	LTR/ERV1	406	+	32	31500583	34385
chr1	8856868	9056868	harbor1	chr1	8890363	8890566	LTR/ERV1	1513	+	102	8890465	33597
chr1	8856868	9056868	harbor1	chr1	8891763	8891915	LTR/ERV1	447	+	76	8891839	34971
chr1	8856868	9056868	harbor1	chr1	8892220	8892746	LTR/ERV1	3543	+	263	8892483	35615
chr1	8856868	9056868	harbor1	chr1	8893354	8893407	LTR/ERV1	3543	+	26	8893380	36512
chr1	8856868	9056868	harbor1	chr1	8895020	8895109	LTR/ERV1	606	+	44	8895064	38196
chr1	8856868	9056868	harbor1	chr1	8898308	8899114	LTR/ERV1	6195	+	403	8898711	41843
chr1	8856868	9056868	harbor1	chr1	8912768	8912866	LTR/ERV1	408	+	49	8912817	55949
chr1	8856868	9056868	harbor1	chr1	8921052	8921231	LTR/ERV1	613	+	90	8921142	64274
chr1	8856868	9056868	harbor1	chr1	8921232	8924068	LTR/ERV1	17789	+	1418	8922650	65782
chr1	8856868	9056868	harbor1	chr1	8924338	8925978	LTR/ERV1	17789	+	820	8925158	68290
chr1	8856868	9056868	harbor1	chr1	8926497	8927320	LTR/ERV1	2443	+	412	8926909	70041
chr1	8856868	9056868	harbor1	chr1	8927489	8927668	LTR/ERV1	671	+	90	8927579	70711
chr1	8856868	9056868	harbor1	chr1	8938289	8938749	LTR/ERV1	3536	+	230	8938519	81651
chr1	8856868	9056868	harbor1	chr1	8939345	8939497	LTR/ERV1	3536	+	76	8939421	82553
chr1	8856868	9056868	harbor1	chr1	8939983	8940137	LTR/ERV1	924	+	77	8940060	83192
chr1	8856868	9056868	harbor1	chr1	8953731	8954173	LTR/ERV1	4094	+	221	8953952	97084
chr1	8856868	9056868	harbor1	chr1	8954465	8954588	LTR/ERV1	4094	+	62	8954527	97659
chr1	8856868	9056868	harbor1	chr1	8895877	8898307	LTR/ERV1	19583	+	1215	8897092	40224
chr1	193475728	193675728	harbor1	chr1	193489156	193489299	LTR/ERV1	408	+	72	193489228	13500
chr1	193475728	193675728	harbor1	chr1	193490073	193490400	LTR/ERV1	563	+	164	193490237	14509
chr1	193475728	193675728	harbor1	chr1	193526032	193526421	LTR/ERV1	1436	+	194	193526226	50498
chr1	193475728	193675728	harbor1	chr1	193555551	193556022	LTR/ERV1	2491	+	236	193555787	80059
chr1	91655636	91855636	harbor1	chr1	91706159	91706797	LTR/ERV1	4527	+	319	91706478	50842
chr1	66360768	66560768	harbor1	chr1	66426443	66426635	LTR/ERV1	1576	+	96	66426539	65771
chr1	66360768	66560768	harbor1	chr1	66447585	66448484	LTR/ERV1	5379	+	450	66448035	87267
chr1	49172083	49372083	harbor1	chr1	49269323	49269899	LTR/ERV1	3361	+	288	49269611	97528
chr1	49172083	49372083	harbor1	chr1	49269902	49271516	LTR/ERV1	30640	+	807	49270709	98626
chr1	163412508	163612508	harbor1	chr1	163501406	163501952	LTR/ERV1	2464	+	273	163501679	89171
chr1	175893864	176093864	harbor1	chr1	175893849	175894177	LTR/ERV1	2588	+	164	175894013	149
chr1	175893864	176093864	harbor1	chr1	175901830	175902591	LTR/ERV1	5106	+	380	175902210	8346
chr1	175893864	176093864	harbor1	chr1	175921501	175921881	LTR/ERV1	2580	+	190	175921691	27827
chr1	175893864	176093864	harbor1	chr1	175922595	175922825	LTR/ERV1	1377	+	115	175922710	28846
chr1	175893864	176093864	harbor1	chr1	175922826	175923476	LTR/ERV1	3794	+	325	175923151	29287
chr1	175893864	176093864	harbor1	chr1	175923797	175924336	LTR/ERV1	3794	+	270	175924067	30203
chr1	175893864	176093864	harbor1	chr1	175924509	175926156	LTR/ERV1	4611	+	824	175925333	31469
chr1	175893864	176093864	harbor1	chr1	175927452	175928985	LTR/ERV1	15914	+	766	175928218	34354
chr1	175893864	176093864	harbor1	chr1	175929248	175929324	LTR/ERV1	15914	+	38	175929286	35422
chr1	175893864	176093864	harbor1	chr1	175929622	175930337	LTR/ERV1	15914	+	358	175929980	36116
chr1	175893864	176093864	harbor1	chr1	175930638	175930988	LTR/ERV1	15914	+	175	175930813	36949
chr1	175893864	176093864	harbor1	chr1	175931653	175932798	LTR/ERV1	15914	+	572	175932225	38361
chr1	175893864	176093864	harbor1	chr1	175932817	175933025	LTR/ERV1	2357	+	104	175932921	39057
chr1	175893864	176093864	harbor1	chr1	175933323	175933478	LTR/ERV1	2357	+	78	175933401	39537
chr1	175893864	176093864	harbor1	chr1	175936802	175937460	LTR/ERV1	3771	+	329	175937131	43267
chr1	175893864	176093864	harbor1	chr1	175962130	175962720	LTR/ERV1	1641	+	295	175962425	68561
chr1	175893864	176093864	harbor1	chr1	175969310	175969675	LTR/ERV1	1356	+	182	175969492	75628
chr1	175893864	176093864	harbor1	chr1	175898298	175899092	LTR/ERV1	4913	+	397	175898695	4831
chr1	102971453	103171453	harbor1	chr1	102987772	102988505	LTR/ERV1	3033	+	366	102988138	16685
chr1	117850570	118050570	harbor1	chr1	117911507	117911589	LTR/ERV1	452	+	41	117911548	60978
chr1	59514821	59714821	harbor1	chr1	59523851	59525435	LTR/ERV1	8516	+	792	59524643	9822
chr1	26059916	26259916	harbor1	chr1	26078312	26079032	LTR/ERV1	3381	+	360	26078672	18756
chr1	26059916	26259916	harbor1	chr1	26093339	26093914	LTR/ERV1	4731	+	288	26093627	33711
chr1	26059916	26259916	harbor1	chr1	26132547	26133017	LTR/ERV1	2741	+	235	26132782	72866
chr1	227402611	227602611	harbor1	chr1	227499424	227499610	LTR/ERV1	830	+	93	227499517	96906
chr1	227402611	227602611	harbor1	chr1	227500566	227503796	LTR/ERV1	12933	+	1615	227502181	99570
chr1	60147330	60347330	harbor1	chr1	60172913	60173271	LTR/ERV1	1632	+	179	60173092	25762
chr1	107817780	108017780	harbor1	chr1	107830408	107830758	LTR/ERV1	2338	+	175	107830583	12803
chr1	107817780	108017780	harbor1	chr1	107865697	107866343	LTR/ERV1	3958	+	323	107866020	48240
chr1	92885729	93085729	harbor1	chr1	92909330	92909644	LTR/ERV1	440	+	157	92909487	23758
chr1	184758351	184958351	harbor1	chr1	184771101	184771597	LTR/ERV1	2820	+	248	184771349	12998
chr1	184758351	184958351	harbor1	chr1	184774184	184774776	LTR/ERV1	2986	+	296	184774480	16129
chr1	184758351	184958351	harbor1	chr1	184787921	184788162	LTR/ERV1	537	+	120	184788041	29690
chr1	184758351	184958351	harbor1	chr1	184810447	184810857	LTR/ERV1	2655	+	205	184810652	52301
chr1	184758351	184958351	harbor1	chr1	184810858	184811494	LTR/ERV1	4341	+	318	184811176	52825
chr1	184758351	184958351	harbor1	chr1	184811791	184811825	LTR/ERV1	4341	+	17	184811808	53457
chr1	184758351	184958351	harbor1	chr1	184811820	184812560	LTR/ERV1	3500	+	370	184812190	53839
chr1	184758351	184958351	harbor1	chr1	184812556	184812915	LTR/ERV1	2162	+	180	184812736	54385
chr1	184758351	184958351	harbor1	chr1	184812919	184814707	LTR/ERV1	5463	+	894	184813813	55462
chr1	184758351	184958351	harbor1	chr1	184814711	184816860	LTR/ERV1	15745	+	1074	184815785	57434
chr1	184758351	184958351	harbor1	chr1	184817716	184818145	LTR/ERV1	3055	+	214	184817930	59579
chr1	205904320	206104320	harbor1	chr1	205990052	205990777	LTR/ERV1	1379	+	362	205990414	86094
chr1	205904320	206104320	harbor1	chr1	205991071	205991403	LTR/ERV1	1379	+	166	205991237	86917
chr1	50806559	51006559	harbor1	chr1	50873507	50873904	LTR/ERV1	1112	+	198	50873705	67146
chr1	50806559	51006559	harbor1	chr1	50877785	50878228	LTR/ERV1	2127	+	222	50878007	71448
chr1	51097160	51297160	harbor1	chr1	51100434	51100885	LTR/ERV1	3193	+	226	51100660	3500
chr1	51097160	51297160	harbor1	chr1	51101197	51101283	LTR/ERV1	3193	+	43	51101240	4080
chr1	51097160	51297160	harbor1	chr1	51177918	51178610	LTR/ERV1	4575	+	346	51178264	81104
chr1	187132721	187332721	harbor1	chr1	187200970	187201016	LTR/ERV1	576	+	23	187200993	68272
chr1	187132721	187332721	harbor1	chr1	187201320	187201423	LTR/ERV1	576	+	52	187201372	68651
chr1	5448447	5648447	harbor1	chr1	5451158	5451454	LTR/ERV1	1231	+	148	5451306	2859
chr1	5448447	5648447	harbor1	chr1	5451750	5452086	LTR/ERV1	1606	+	168	5451918	3471
chr1	5448447	5648447	harbor1	chr1	5518245	5518649	LTR/ERV1	2384	+	202	5518447	70000
chr1	146538911	146738911	harbor1	chr1	146540707	146541435	LTR/ERV1	4438	+	364	146541071	2160
chr1	144643139	144843139	harbor1	chr1	144653239	144653648	LTR/ERV1	791	+	204	144653443	10304
chr1	144643139	144843139	harbor1	chr1	144657814	144658099	LTR/ERV1	1003	+	142	144657956	14817
chr1	91130897	91330897	harbor1	chr1	91165685	91166007	LTR/ERV1	536	+	161	91165846	34949
chr1	91130897	91330897	harbor1	chr1	91179132	91180502	LTR/ERV1	11568	+	685	91179817	48920
chr1	91130897	91330897	harbor1	chr1	91180526	91180815	LTR/ERV1	2400	+	144	91180670	49773
chr1	91130897	91330897	harbor1	chr1	91180816	91181141	LTR/ERV1	2860	+	162	91180978	50081
chr1	91130897	91330897	harbor1	chr1	91203966	91204043	LTR/ERV1	1089	+	38	91204004	73107
chr1	91130897	91330897	harbor1	chr1	91204371	91204487	LTR/ERV1	1089	+	58	91204429	73532
chr1	91130897	91330897	harbor1	chr1	91204901	91205155	LTR/ERV1	1089	+	127	91205028	74131
chr1	91130897	91330897	harbor1	chr1	91205158	91205216	LTR/ERV1	736	+	29	91205187	74290
chr1	91130897	91330897	harbor1	chr1	91205881	91205996	LTR/ERV1	736	+	58	91205939	75042
chr1	91130897	91330897	harbor1	chr1	91206006	91206128	LTR/ERV1	794	+	61	91206067	75170
chr1	91130897	91330897	harbor1	chr1	91206129	91206267	LTR/ERV1	730	+	69	91206198	75301
chr1	91130897	91330897	harbor1	chr1	91206392	91206530	LTR/ERV1	1075	+	69	91206461	75564
chr1	91130897	91330897	harbor1	chr1	91211503	91211583	LTR/ERV1	526	+	40	91211543	80646
chr1	91130897	91330897	harbor1	chr1	91217111	91217602	LTR/ERV1	2778	+	246	91217357	86460
chr1	91130897	91330897	harbor1	chr1	91221403	91221843	LTR/ERV1	1828	+	220	91221623	90726
chr1	91130897	91330897	harbor1	chr1	91221869	91222238	LTR/ERV1	1880	+	184	91222053	91156
chr1	91130897	91330897	harbor1	chr1	91222240	91222326	LTR/ERV1	431	+	43	91222283	91386
chr1	91130897	91330897	harbor1	chr1	91222317	91224248	LTR/ERV1	10290	+	966	91223283	92386
chr1	91130897	91330897	harbor1	chr1	91224251	91224610	LTR/ERV1	2460	+	180	91224431	93534
chr1	91130897	91330897	harbor1	chr1	91224611	91224737	LTR/ERV1	650	+	63	91224674	93777
chr1	91130897	91330897	harbor1	chr1	91224743	91225619	LTR/ERV1	2473	+	438	91225181	94284
chr1	91130897	91330897	harbor1	chr1	91225621	91225665	LTR/ERV1	1723	+	22	91225643	94746
chr1	91130897	91330897	harbor1	chr1	91226259	91226989	LTR/ERV1	2895	+	365	91226624	95727
chr1	91130897	91330897	harbor1	chr1	91226990	91227042	LTR/ERV1	1723	+	26	91227016	96119
chr1	91130897	91330897	harbor1	chr1	91230331	91230670	LTR/ERV1	1076	+	170	91230501	99604
chr1	91130897	91330897	harbor1	chr1	91230684	91230753	LTR/ERV1	4945	+	34	91230718	99821
chr1	91130897	91330897	harbor1	chr1	91225975	91226258	LTR/ERV1	1723	+	142	91226117	95220
chr1	184789190	184989190	harbor1	chr1	184810447	184810857	LTR/ERV1	2655	+	205	184810652	21462
chr1	184789190	184989190	harbor1	chr1	184810858	184811494	LTR/ERV1	4341	+	318	184811176	21986
chr1	184789190	184989190	harbor1	chr1	184811791	184811825	LTR/ERV1	4341	+	17	184811808	22618
chr1	184789190	184989190	harbor1	chr1	184811820	184812560	LTR/ERV1	3500	+	370	184812190	23000
chr1	184789190	184989190	harbor1	chr1	184812556	184812915	LTR/ERV1	2162	+	180	184812736	23546
chr1	184789190	184989190	harbor1	chr1	184812919	184814707	LTR/ERV1	5463	+	894	184813813	24623
chr1	184789190	184989190	harbor1	chr1	184814711	184816860	LTR/ERV1	15745	+	1074	184815785	26595
chr1	184789190	184989190	harbor1	chr1	184817716	184818145	LTR/ERV1	3055	+	214	184817930	28740
chr1	184789190	184989190	harbor1	chr1	184873327	184873893	LTR/ERV1	2778	+	283	184873610	84420
chr1	228153397	228353397	harbor1	chr1	228163692	228164148	LTR/ERV1	1809	+	228	228163920	10523
chr1	228153397	228353397	harbor1	chr1	228181339	228181578	LTR/ERV1	772	+	120	228181459	28062
chr1	234880125	235080125	harbor1	chr1	234942986	234943461	LTR/ERV1	3443	+	238	234943224	63099
chr1	246725797	246925797	harbor1	chr1	246813214	246813608	LTR/ERV1	2671	+	197	246813411	87614
chr1	163245512	163445512	harbor1	chr1	163275862	163276002	LTR/ERV1	3125	+	70	163275932	30420
chr1	163245512	163445512	harbor1	chr1	163276293	163276828	LTR/ERV1	3125	+	268	163276561	31049
chr1	163245512	163445512	harbor1	chr1	163276830	163277447	LTR/ERV1	3906	+	308	163277138	31626
chr1	163245512	163445512	harbor1	chr1	163289760	163290380	LTR/ERV1	4166	+	310	163290070	44558
chr1	163245512	163445512	harbor1	chr1	163291236	163291947	LTR/ERV1	3670	+	356	163291592	46080
chr1	163245512	163445512	harbor1	chr1	163296002	163296693	LTR/ERV1	2481	+	346	163296348	50836
chr1	163245512	163445512	harbor1	chr1	163296774	163297053	LTR/ERV1	2115	+	140	163296914	51402
chr1	163245512	163445512	harbor1	chr1	163297502	163297783	LTR/ERV1	2115	+	140	163297642	52130
chr1	57953272	58153272	harbor1	chr1	57996917	57997589	LTR/ERV1	3601	+	336	57997253	43981
chr1	147973195	148173195	harbor1	chr1	148027603	148028013	LTR/ERV1	3913	+	205	148027808	54613
chr1	147973195	148173195	harbor1	chr1	148028302	148028501	LTR/ERV1	3913	+	100	148028402	55207
chr1	147973195	148173195	harbor1	chr1	148028494	148029054	LTR/ERV1	3051	+	280	148028774	55579
chr1	147973195	148173195	harbor1	chr1	148030871	148030961	LTR/ERV1	528	+	45	148030916	57721
chr1	147973195	148173195	harbor1	chr1	148030962	148031405	LTR/ERV1	2534	+	222	148031184	57989
chr1	147973195	148173195	harbor1	chr1	148034689	148035218	LTR/ERV1	1018	+	264	148034953	61758
chr1	147973195	148173195	harbor1	chr1	148036220	148036943	LTR/ERV1	2118	+	362	148036582	63387
chr1	147973195	148173195	harbor1	chr1	148053602	148054212	LTR/ERV1	2579	+	305	148053907	80712
chr1	147973195	148173195	harbor1	chr1	148029237	148030871	LTR/ERV1	6184	+	817	148030054	56859
chr1	20233635	20433635	harbor1	chr1	20237420	20238338	LTR/ERV1	5911	+	459	20237879	4244
chr1	20233635	20433635	harbor1	chr1	20238978	20239181	LTR/ERV1	4562	+	102	20239080	5445
chr1	20233635	20433635	harbor1	chr1	20239476	20239578	LTR/ERV1	4562	+	51	20239527	5892
chr1	20233635	20433635	harbor1	chr1	20239878	20240438	LTR/ERV1	4562	+	280	20240158	6523
chr1	20233635	20433635	harbor1	chr1	20248244	20248564	LTR/ERV1	4195	+	160	20248404	14769
chr1	20233635	20433635	harbor1	chr1	20248777	20249026	LTR/ERV1	4195	+	124	20248901	15266
chr1	176884080	177084080	harbor1	chr1	176940149	176940694	LTR/ERV1	2766	+	272	176940421	56341
chr1	176884080	177084080	harbor1	chr1	176942523	176942820	LTR/ERV1	3556	+	148	176942671	58591
chr1	176884080	177084080	harbor1	chr1	176942867	176943038	LTR/ERV1	3556	+	86	176942953	58873
chr1	180386978	180586978	harbor1	chr1	180434021	180434717	LTR/ERV1	4084	+	348	180434369	47391
chr1	180386978	180586978	harbor1	chr1	180436976	180437143	LTR/ERV1	937	+	84	180437060	50082
chr1	86515139	86715139	harbor1	chr1	86587362	86587465	LTR/ERV1	445	+	52	86587414	72275
chr1	86515139	86715139	harbor1	chr1	86587532	86587726	LTR/ERV1	753	+	97	86587629	72490
chr1	86515139	86715139	harbor1	chr1	86593371	86594060	LTR/ERV1	4774	+	344	86593715	78576
chr1	86515139	86715139	harbor1	chr1	86596307	86596764	LTR/ERV1	2573	+	228	86596535	81396
chr1	12327930	12527930	harbor1	chr1	12381476	12381885	LTR/ERV1	2886	+	204	12381680	53750
chr1	29824900	30024900	harbor1	chr1	29840950	29841669	LTR/ERV1	4365	+	360	29841310	16410
chr1	29824900	30024900	harbor1	chr1	29862542	29862834	LTR/ERV1	946	+	146	29862688	37788
chr1	29824900	30024900	harbor1	chr1	29868642	29869196	LTR/ERV1	3324	+	277	29868919	44019
chr1	29824900	30024900	harbor1	chr1	29875536	29876081	LTR/ERV1	3205	+	272	29875808	50908
chr1	29824900	30024900	harbor1	chr1	29876498	29877261	LTR/ERV1	2474	+	382	29876880	51980
chr1	29824900	30024900	harbor1	chr1	29880535	29880635	LTR/ERV1	644	+	50	29880585	55685
chr1	29824900	30024900	harbor1	chr1	29880633	29880898	LTR/ERV1	1427	+	132	29880765	55865
chr1	29824900	30024900	harbor1	chr1	29881208	29881391	LTR/ERV1	1427	+	92	29881300	56400
chr1	29824900	30024900	harbor1	chr1	29883499	29883971	LTR/ERV1	2712	+	236	29883735	58835
chr1	29824900	30024900	harbor1	chr1	29885048	29885247	LTR/ERV1	698	+	100	29885148	60248
chr1	29824900	30024900	harbor1	chr1	29885341	29886710	LTR/ERV1	7335	+	684	29886025	61125
chr1	29824900	30024900	harbor1	chr1	29886708	29886940	LTR/ERV1	1683	+	116	29886824	61924
chr1	29824900	30024900	harbor1	chr1	29886940	29887180	LTR/ERV1	1205	+	120	29887060	62160
chr1	29824900	30024900	harbor1	chr1	29887232	29887477	LTR/ERV1	8722	+	122	29887354	62454
chr1	29824900	30024900	harbor1	chr1	29888053	29888843	LTR/ERV1	12237	+	395	29888448	63548
chr1	29824900	30024900	harbor1	chr1	29888891	29889857	LTR/ERV1	12237	+	483	29889374	64474
chr1	29824900	30024900	harbor1	chr1	29889871	29890340	LTR/ERV1	2403	+	234	29890105	65205
chr1	29824900	30024900	harbor1	chr1	29883986	29884910	LTR/ERV1	3121	+	462	29884448	59548
chr1	91339465	91539465	harbor1	chr1	91342273	91342762	LTR/ERV1	1164	+	244	91342517	3052
chr1	91339465	91539465	harbor1	chr1	91345660	91346137	LTR/ERV1	2227	+	238	91345898	6433
chr1	93356745	93556745	harbor1	chr1	93400812	93401166	LTR/ERV1	1100	+	177	93400989	44244
chr1	93356745	93556745	harbor1	chr1	93426248	93428047	LTR/ERV1	8156	+	900	93427148	70403
chr1	64621335	64821335	harbor1	chr1	64700272	64700616	LTR/ERV1	1937	+	172	64700444	79109
chr1	21729520	21929520	harbor1	chr1	21789463	21789492	LTR/ERV1	3134	+	14	21789477	59957
chr1	21729520	21929520	harbor1	chr1	21789793	21790371	LTR/ERV1	3134	+	289	21790082	60562
chr1	227797032	227997032	harbor1	chr1	227798792	227799379	LTR/ERV1	3301	+	294	227799086	2054
chr1	227797032	227997032	harbor1	chr1	227856848	227857038	LTR/ERV1	2794	+	95	227856943	59911
chr1	227797032	227997032	harbor1	chr1	227857373	227857658	LTR/ERV1	2794	+	142	227857515	60483
chr1	20683133	20883133	harbor1	chr1	20705458	20705892	LTR/ERV1	1919	+	217	20705675	22542
chr1	20683133	20883133	harbor1	chr1	20762465	20762909	LTR/ERV1	2133	+	222	20762687	79554
chr1	210239567	210439567	harbor1	chr1	210278527	210279028	LTR/ERV1	3755	+	250	210278777	39210
chr1	210239567	210439567	harbor1	chr1	210280364	210280930	LTR/ERV1	3935	+	283	210280647	41080
chr1	210239567	210439567	harbor1	chr1	210297688	210298236	LTR/ERV1	4393	+	274	210297962	58395
chr1	30310228	30510228	harbor1	chr1	30310421	30310960	LTR/ERV1	2700	+	270	30310691	463
chr1	30310228	30510228	harbor1	chr1	30345678	30346169	LTR/ERV1	3242	+	246	30345924	35696
chr1	146020882	146220882	harbor1	chr1	146047816	146048414	LTR/ERV1	4190	+	299	146048115	27233
chr1	146020882	146220882	harbor1	chr1	146054453	146054818	LTR/ERV1	2081	+	182	146054635	33753
chr1	75520638	75720638	harbor1	chr1	75533429	75533820	LTR/ERV1	1771	+	196	75533625	12987
chr1	186798454	186998454	harbor1	chr1	186847938	186848474	LTR/ERV1	1182	+	268	186848206	49752
chr1	186798454	186998454	harbor1	chr1	186848559	186848684	LTR/ERV1	442	+	62	186848621	50167
chr1	84880410	85080410	harbor1	chr1	84883877	84884436	LTR/ERV1	2338	+	280	84884157	3747
chr1	84880410	85080410	harbor1	chr1	84902683	84903447	LTR/ERV1	5504	+	382	84903065	22655
chr1	84880410	85080410	harbor1	chr1	84907847	84908256	LTR/ERV1	643	+	204	84908051	27641
chr1	84880410	85080410	harbor1	chr1	84957333	84957634	LTR/ERV1	941	+	150	84957483	77073
chr1	84880410	85080410	harbor1	chr1	84968753	84968992	LTR/ERV1	1631	+	120	84968873	88463
chr1	143779381	143979381	harbor1	chr1	143779533	143779873	LTR/ERV1	2062	+	170	143779703	322
chr1	143779381	143979381	harbor1	chr1	143782683	143783581	LTR/ERV1	4876	+	449	143783132	3751
chr1	143779381	143979381	harbor1	chr1	143796520	143797134	LTR/ERV1	3093	+	307	143796827	17446
chr1	143779381	143979381	harbor1	chr1	143832116	143832659	LTR/ERV1	2479	+	272	143832388	53007
chr1	143779381	143979381	harbor1	chr1	143865932	143866537	LTR/ERV1	3346	+	302	143866234	86853
chr1	143779381	143979381	harbor1	chr1	143869283	143869705	LTR/ERV1	1376	+	211	143869494	90113
chr1	183261703	183461703	harbor1	chr1	183272947	183273317	LTR/ERV1	2413	+	185	183273132	11429
chr1	183261703	183461703	harbor1	chr1	183346413	183346852	LTR/ERV1	2596	+	220	183346633	84930
chr1	15800460	16000460	harbor1	chr1	15802123	15802583	LTR/ERV1	3159	+	230	15802353	1893
chr1	151380398	151580398	harbor1	chr1	151396597	151396722	LTR/ERV1	883	+	62	151396659	16261
chr1	151380398	151580398	harbor1	chr1	151397883	151398189	LTR/ERV1	1411	+	153	151398036	17638
chr1	5715142	5915142	harbor1	chr1	5742494	5742729	LTR/ERV1	1433	+	118	5742612	27470
chr1	5715142	5915142	harbor1	chr1	5781862	5782457	LTR/ERV1	4573	+	298	5782160	67018
chr1	169640374	169840374	harbor1	chr1	169661034	169662412	LTR/ERV1	10742	+	689	169661723	21349
chr1	169640374	169840374	harbor1	chr1	169662413	169667757	LTR/ERV1	44518	+	2672	169665085	24711
chr1	169640374	169840374	harbor1	chr1	169667754	169668000	LTR/ERV1	1973	+	123	169667877	27503
chr1	169640374	169840374	harbor1	chr1	169668005	169669410	LTR/ERV1	9163	+	702	169668707	28333
chr1	169640374	169840374	harbor1	chr1	169683070	169683479	LTR/ERV1	2176	+	204	169683274	42900
chr1	169640374	169840374	harbor1	chr1	169683480	169686281	LTR/ERV1	12960	+	1400	169684880	44506
chr1	169640374	169840374	harbor1	chr1	169686280	169686382	LTR/ERV1	530	+	51	169686331	45957
chr1	169640374	169840374	harbor1	chr1	169686379	169686874	LTR/ERV1	3333	+	248	169686627	46253
chr1	169640374	169840374	harbor1	chr1	169686866	169687291	LTR/ERV1	2127	+	212	169687078	46704
chr1	169640374	169840374	harbor1	chr1	169687285	169687626	LTR/ERV1	3534	+	170	169687455	47081
chr1	169640374	169840374	harbor1	chr1	169687627	169688095	LTR/ERV1	3461	+	234	169687861	47487
chr1	169640374	169840374	harbor1	chr1	169688096	169688314	LTR/ERV1	3534	+	109	169688205	47831
chr1	169640374	169840374	harbor1	chr1	169688315	169688724	LTR/ERV1	2181	+	204	169688519	48145
chr1	169640374	169840374	harbor1	chr1	169719631	169720348	LTR/ERV1	4064	+	358	169719989	79615
chr1	169640374	169840374	harbor1	chr1	169737515	169737967	LTR/ERV1	1489	+	226	169737741	97367
chr1	74821167	75021167	harbor1	chr1	74891639	74891756	LTR/ERV1	538	+	58	74891697	70530
chr1	111776442	111976442	harbor1	chr1	111815343	111815794	LTR/ERV1	1774	+	226	111815569	39127
chr1	111776442	111976442	harbor1	chr1	111824548	111825025	LTR/ERV1	2883	+	238	111824786	48344
chr1	111776442	111976442	harbor1	chr1	111835352	111835970	LTR/ERV1	4442	+	309	111835661	59219
chr1	200599653	200799653	harbor1	chr1	200614713	200614790	LTR/ERV1	431	+	38	200614751	15098
chr1	200599653	200799653	harbor1	chr1	200668416	200669128	LTR/ERV1	5128	+	356	200668772	69119
chr1	62586261	62786261	harbor1	chr1	62669707	62671255	LTR/ERV1	11757	+	774	62670481	84220
chr1	73772867	73972867	harbor1	chr1	73834473	73834957	LTR/ERV1	1217	+	242	73834715	61848
chr1	105994443	106194443	harbor1	chr1	106025935	106026393	LTR/ERV1	1040	+	229	106026164	31721
chr1	8176042	8376042	harbor1	chr1	8223260	8223283	LTR/ERV1	2492	+	12	8223272	47230
chr1	8176042	8376042	harbor1	chr1	8223601	8224049	LTR/ERV1	2492	+	224	8223825	47783
chr1	8176042	8376042	harbor1	chr1	8224354	8224455	LTR/ERV1	2492	+	50	8224404	48362
chr1	8176042	8376042	harbor1	chr1	8249893	8250469	LTR/ERV1	3230	+	288	8250181	74139
chr1	238425333	238625333	harbor1	chr1	238444542	238445414	LTR/ERV1	5022	+	436	238444978	19645
chr1	238425333	238625333	harbor1	chr1	238515927	238516574	LTR/ERV1	3963	+	324	238516251	90918
chr1	238425333	238625333	harbor1	chr1	238516849	238517006	LTR/ERV1	3963	+	78	238516927	91594
chr1	211077993	211277993	harbor1	chr1	211166125	211166538	LTR/ERV1	1332	+	206	211166331	88338
chr1	211077993	211277993	harbor1	chr1	211175165	211175687	LTR/ERV1	2549	+	261	211175426	97433
chr1	211077993	211277993	harbor1	chr1	211176798	211177214	LTR/ERV1	2859	+	208	211177006	99013
chr1	79018502	79218502	harbor1	chr1	79112712	79113135	LTR/ERV1	2614	+	212	79112924	94422
chr1	240566678	240766678	harbor1	chr1	240604793	240605307	LTR/ERV1	3970	+	257	240605050	38372
chr1	240566678	240766678	harbor1	chr1	240650299	240650843	LTR/ERV1	3689	+	272	240650571	83893
chr1	180571269	180771269	harbor1	chr1	180576353	180576757	LTR/ERV1	2696	+	202	180576555	5286
chr1	180571269	180771269	harbor1	chr1	180579561	180580029	LTR/ERV1	1763	+	234	180579795	8526
chr1	180571269	180771269	harbor1	chr1	180587859	180588405	LTR/ERV1	1971	+	273	180588132	16863
chr1	226469013	226669013	harbor1	chr1	226485417	226485608	LTR/ERV1	964	+	96	226485513	16500
chr1	243644433	243844433	harbor1	chr1	243692169	243692450	LTR/ERV1	1190	+	140	243692309	47876
chr1	243644433	243844433	harbor1	chr1	243692748	243692908	LTR/ERV1	1190	+	80	243692828	48395
chr1	243644433	243844433	harbor1	chr1	243720910	243721620	LTR/ERV1	3557	+	355	243721265	76832
chr1	243644433	243844433	harbor1	chr1	243729965	243731137	LTR/ERV1	5430	+	586	243730551	86118
chr1	243644433	243844433	harbor1	chr1	243732219	243732405	LTR/ERV1	716	+	93	243732312	87879
chr2	61372449	61572449	harbor1	chr2	61444660	61444922	LTR/ERV1	1657	+	131	61444791	72342
chr2	77655199	77855199	harbor1	chr2	77660186	77660646	LTR/ERV1	3443	+	230	77660416	5217
chr2	77655199	77855199	harbor1	chr2	77692949	77693123	LTR/ERV1	606	+	87	77693036	37837
chr2	77655199	77855199	harbor1	chr2	77693116	77693361	LTR/ERV1	897	+	122	77693238	38039
chr2	77655199	77855199	harbor1	chr2	77713340	77713912	LTR/ERV1	2886	+	286	77713626	58427
chr2	77655199	77855199	harbor1	chr2	77737533	77737979	LTR/ERV1	2366	+	223	77737756	82557
chr2	77655199	77855199	harbor1	chr2	77747452	77747675	LTR/ERV1	1442	+	112	77747564	92365
chr2	227169988	227369988	harbor1	chr2	227208034	227208761	LTR/ERV1	3209	+	364	227208398	38410
chr2	46424731	46624731	harbor1	chr2	46505449	46505882	LTR/ERV1	2927	+	216	46505665	80934
chr2	167134294	167334294	harbor1	chr2	167152101	167152575	LTR/ERV1	702	+	237	167152338	18044
chr2	46774189	46974189	harbor1	chr2	46838082	46838433	LTR/ERV1	616	+	176	46838258	64069
chr2	46774189	46974189	harbor1	chr2	46852657	46853068	LTR/ERV1	2313	+	206	46852863	78674
chr2	51912419	52112419	harbor1	chr2	52006430	52006616	LTR/ERV1	5074	+	93	52006523	94104
chr2	51912419	52112419	harbor1	chr2	52006617	52008014	LTR/ERV1	9360	+	698	52007315	94896
chr2	51912419	52112419	harbor1	chr2	52008015	52008589	LTR/ERV1	5074	+	287	52008302	95883
chr2	12008144	12208144	harbor1	chr2	12018715	12019141	LTR/ERV1	3025	+	213	12018928	10784
chr2	12008144	12208144	harbor1	chr2	12020892	12021389	LTR/ERV1	3411	+	248	12021140	12996
chr2	12008144	12208144	harbor1	chr2	12083869	12084495	LTR/ERV1	4775	+	313	12084182	76038
chr2	12008144	12208144	harbor1	chr2	12087117	12087534	LTR/ERV1	2402	+	208	12087325	79181
chr2	228757478	228957478	harbor1	chr2	228774104	228774722	LTR/ERV1	3258	+	309	228774413	16935
chr2	228757478	228957478	harbor1	chr2	228777881	228778457	LTR/ERV1	3425	+	288	228778169	20691
chr2	228757478	228957478	harbor1	chr2	228821287	228821956	LTR/ERV1	3522	+	334	228821621	64143
chr2	196739891	196939891	harbor1	chr2	196760275	196761041	LTR/ERV1	3865	+	383	196760658	20767
chr2	42983160	43183160	harbor1	chr2	42983160	42983744	LTR/ERV1	3496	+	292	42983452	292
chr2	151693818	151893818	harbor1	chr2	151714103	151714648	LTR/ERV1	1792	+	272	151714375	20557
chr2	97342203	97542203	harbor1	chr2	97351549	97351899	LTR/ERV1	2641	+	175	97351724	9521
chr2	97342203	97542203	harbor1	chr2	97352282	97352470	LTR/ERV1	1023	+	94	97352376	10173
chr2	97342203	97542203	harbor1	chr2	97352977	97353411	LTR/ERV1	692	+	217	97353194	10991
chr2	97342203	97542203	harbor1	chr2	97356489	97357053	LTR/ERV1	3166	+	282	97356771	14568
chr2	97342203	97542203	harbor1	chr2	97363744	97364186	LTR/ERV1	2721	+	221	97363965	21762
chr2	97342203	97542203	harbor1	chr2	97402469	97402671	LTR/ERV1	555	+	101	97402570	60367
chr2	123804371	124004371	harbor1	chr2	123820112	123820696	LTR/ERV1	1567	+	292	123820404	16033
chr2	182098878	182298878	harbor1	chr2	182106140	182106737	LTR/ERV1	4720	+	298	182106438	7560
chr2	182098878	182298878	harbor1	chr2	182106772	182106969	LTR/ERV1	4720	+	98	182106870	7992
chr2	182098878	182298878	harbor1	chr2	182167051	182167710	LTR/ERV1	3596	+	330	182167381	68503
chr2	228621887	228821887	harbor1	chr2	228622882	228623317	LTR/ERV1	2512	+	218	228623100	1213
chr2	228621887	228821887	harbor1	chr2	228640946	228641289	LTR/ERV1	537	+	172	228641118	19231
chr2	108179000	108379000	harbor1	chr2	108182442	108182953	LTR/ERV1	957	+	256	108182698	3698
chr2	108179000	108379000	harbor1	chr2	108200604	108200956	LTR/ERV1	2822	+	176	108200780	21780
chr2	108179000	108379000	harbor1	chr2	108201256	108201427	LTR/ERV1	2822	+	86	108201342	22342
chr2	108179000	108379000	harbor1	chr2	108209471	108209919	LTR/ERV1	2015	+	224	108209695	30695
chr2	108179000	108379000	harbor1	chr2	108219998	108220088	LTR/ERV1	412	+	45	108220043	41043
chr2	108179000	108379000	harbor1	chr2	108224219	108225197	LTR/ERV1	3606	+	489	108224708	45708
chr2	108179000	108379000	harbor1	chr2	108226648	108227315	LTR/ERV1	2159	+	334	108226982	47982
chr2	108179000	108379000	harbor1	chr2	108229423	108229719	LTR/ERV1	494	+	148	108229571	50571
chr2	108179000	108379000	harbor1	chr2	108236505	108237207	LTR/ERV1	3337	+	351	108236856	57856
chr2	108179000	108379000	harbor1	chr2	108243155	108243349	LTR/ERV1	1962	+	97	108243252	64252
chr2	108179000	108379000	harbor1	chr2	108243646	108243892	LTR/ERV1	1962	+	123	108243769	64769
chr2	108179000	108379000	harbor1	chr2	108267940	108268275	LTR/ERV1	1368	+	168	108268108	89108
chr2	108179000	108379000	harbor1	chr2	108199873	108200304	LTR/ERV1	2237	+	216	108200089	21089
chr2	183461566	183661566	harbor1	chr2	183467500	183467920	LTR/ERV1	1371	+	210	183467710	6144
chr2	183461566	183661566	harbor1	chr2	183529906	183530354	LTR/ERV1	3636	+	224	183530130	68564
chr2	16903119	17103119	harbor1	chr2	16922429	16922494	LTR/ERV1	445	+	32	16922461	19342
chr2	16903119	17103119	harbor1	chr2	16922834	16923282	LTR/ERV1	688	+	224	16923058	19939
chr2	16903119	17103119	harbor1	chr2	16923703	16923986	LTR/ERV1	586	+	142	16923845	20726
chr2	16903119	17103119	harbor1	chr2	16941129	16941460	LTR/ERV1	1866	+	166	16941295	38176
chr2	129595732	129795732	harbor1	chr2	129616102	129616516	LTR/ERV1	2108	+	207	129616309	20577
chr2	129595732	129795732	harbor1	chr2	129637584	129637653	LTR/ERV1	482	+	34	129637618	41886
chr2	129595732	129795732	harbor1	chr2	129638215	129638236	LTR/ERV1	482	+	10	129638225	42493
chr2	189955639	190155639	harbor1	chr2	190048196	190048543	LTR/ERV1	1242	+	174	190048370	92731
chr2	189955639	190155639	harbor1	chr2	190048604	190048749	LTR/ERV1	447	+	72	190048676	93037
chr2	22832731	23032731	harbor1	chr2	22873567	22873970	LTR/ERV1	649	+	202	22873769	41038
chr2	144650612	144850612	harbor1	chr2	144745282	144746130	LTR/ERV1	5099	+	424	144745706	95094
chr2	35774564	35974564	harbor1	chr2	35791239	35791466	LTR/ERV1	1406	+	114	35791353	16789
chr2	35774564	35974564	harbor1	chr2	35791469	35791772	LTR/ERV1	1329	+	152	35791621	17057
chr2	35774564	35974564	harbor1	chr2	35816480	35816629	LTR/ERV1	947	+	74	35816554	41990
chr2	35774564	35974564	harbor1	chr2	35816620	35817123	LTR/ERV1	3204	+	252	35816872	42308
chr2	35774564	35974564	harbor1	chr2	35817123	35817782	LTR/ERV1	4211	+	330	35817453	42889
chr2	35774564	35974564	harbor1	chr2	35817785	35818000	LTR/ERV1	1280	+	108	35817893	43329
chr2	35774564	35974564	harbor1	chr2	35818001	35818372	LTR/ERV1	2172	+	186	35818187	43623
chr2	35774564	35974564	harbor1	chr2	35818373	35818777	LTR/ERV1	2648	+	202	35818575	44011
chr2	35774564	35974564	harbor1	chr2	35821546	35822230	LTR/ERV1	3452	+	342	35821888	47324
chr2	35774564	35974564	harbor1	chr2	35823362	35823871	LTR/ERV1	2189	+	254	35823616	49052
chr2	35774564	35974564	harbor1	chr2	35814097	35816482	LTR/ERV1	14661	+	1192	35815289	40725
chr2	228468482	228668482	harbor1	chr2	228471261	228471954	LTR/ERV1	3257	+	346	228471607	3125
chr2	228468482	228668482	harbor1	chr2	228517212	228517850	LTR/ERV1	1912	+	319	228517531	49049
chr2	228468482	228668482	harbor1	chr2	228531413	228531862	LTR/ERV1	3128	+	224	228531637	63155
chr2	228468482	228668482	harbor1	chr2	228531864	228532371	LTR/ERV1	2540	+	254	228532118	63636
chr2	228468482	228668482	harbor1	chr2	228532563	228532855	LTR/ERV1	1175	+	146	228532709	64227
chr2	228468482	228668482	harbor1	chr2	228532926	228533458	LTR/ERV1	5742	+	266	228533192	64710
chr2	228468482	228668482	harbor1	chr2	228533496	228533901	LTR/ERV1	5742	+	202	228533698	65216
chr2	228468482	228668482	harbor1	chr2	228533932	228533973	LTR/ERV1	2999	+	20	228533952	65470
chr2	228468482	228668482	harbor1	chr2	228534284	228534773	LTR/ERV1	2999	+	244	228534528	66046
chr2	228468482	228668482	harbor1	chr2	228534999	228535315	LTR/ERV1	1785	+	158	228535157	66675
chr2	228468482	228668482	harbor1	chr2	228535443	228535661	LTR/ERV1	811	+	109	228535552	67070
chr2	228468482	228668482	harbor1	chr2	228535640	228538278	LTR/ERV1	15688	+	1319	228536959	68477
chr2	228468482	228668482	harbor1	chr2	228538287	228538750	LTR/ERV1	3349	+	232	228538519	70037
chr2	228468482	228668482	harbor1	chr2	228546971	228547175	LTR/ERV1	1474	+	102	228547073	78591
chr2	228468482	228668482	harbor1	chr2	228547592	228547721	LTR/ERV1	1474	+	64	228547656	79174
chr2	228468482	228668482	harbor1	chr2	228556788	228557072	LTR/ERV1	816	+	142	228556930	88448
chr2	31347144	31547144	harbor1	chr2	31402025	31402441	LTR/ERV1	2341	+	208	31402233	55089
chr2	31347144	31547144	harbor1	chr2	31406953	31407714	LTR/ERV1	1013	+	380	31407333	60189
chr2	31347144	31547144	harbor1	chr2	31407713	31407896	LTR/ERV1	564	+	92	31407805	60661
chr2	18775325	18975325	harbor1	chr2	18774916	18775528	LTR/ERV1	2944	+	306	18775222	103
chr2	89259574	89459574	harbor1	chr2	89291386	89291605	LTR/ERV1	1367	+	110	89291496	31922
chr2	89259574	89459574	harbor1	chr2	89291811	89292271	LTR/ERV1	2496	+	230	89292041	32467
chr2	89259574	89459574	harbor1	chr2	89306215	89306682	LTR/ERV1	2984	+	234	89306449	46875
chr2	89259574	89459574	harbor1	chr2	89325221	89325375	LTR/ERV1	456	+	77	89325298	65724
chr2	94770133	94970133	harbor1	chr2	94804407	94804818	LTR/ERV1	2210	+	206	94804613	34480
chr2	94770133	94970133	harbor1	chr2	94805373	94805736	LTR/ERV1	1129	+	182	94805555	35422
chr2	169953247	170153247	harbor1	chr2	170048173	170048678	LTR/ERV1	2713	+	252	170048425	95178
chr2	180103780	180303780	harbor1	chr2	180123261	180123794	LTR/ERV1	571	+	266	180123527	19747
chr2	77170951	77370951	harbor1	chr2	77176746	77177281	LTR/ERV1	2188	+	268	77177014	6063
chr2	34598659	34798659	harbor1	chr2	34603934	34604023	LTR/ERV1	406	+	44	34603978	5319
chr2	34598659	34798659	harbor1	chr2	34604193	34604658	LTR/ERV1	2480	+	232	34604425	5766
chr2	34598659	34798659	harbor1	chr2	34606043	34606083	LTR/ERV1	836	+	20	34606063	7404
chr2	34598659	34798659	harbor1	chr2	34606388	34606551	LTR/ERV1	836	+	82	34606470	7811
chr2	34598659	34798659	harbor1	chr2	34677193	34677662	LTR/ERV1	3763	+	234	34677427	78768
chr2	34598659	34798659	harbor1	chr2	34677663	34678040	LTR/ERV1	2712	+	188	34677851	79192
chr2	34598659	34798659	harbor1	chr2	34678036	34678131	LTR/ERV1	733	+	48	34678084	79425
chr2	34598659	34798659	harbor1	chr2	34687650	34688107	LTR/ERV1	859	+	228	34687878	89219
chr2	34598659	34798659	harbor1	chr2	34694558	34694892	LTR/ERV1	2149	+	167	34694725	96066
chr2	34598659	34798659	harbor1	chr2	34694923	34696877	LTR/ERV1	11837	+	977	34695900	97241
chr2	217859532	218059532	harbor1	chr2	217873443	217873815	LTR/ERV1	569	+	186	217873629	14097
chr2	217859532	218059532	harbor1	chr2	217874128	217874283	LTR/ERV1	597	+	78	217874206	14674
chr2	30065287	30265287	harbor1	chr2	30087249	30087313	LTR/ERV1	414	+	32	30087281	21994
chr2	30065287	30265287	harbor1	chr2	30088358	30088885	LTR/ERV1	3261	+	264	30088622	23335
chr2	30065287	30265287	harbor1	chr2	30089198	30089362	LTR/ERV1	3261	+	82	30089280	23993
chr2	30065287	30265287	harbor1	chr2	30091771	30092134	LTR/ERV1	3985	+	182	30091953	26666
chr2	30065287	30265287	harbor1	chr2	30092443	30092889	LTR/ERV1	3985	+	223	30092666	27379
chr2	30065287	30265287	harbor1	chr2	30098349	30098742	LTR/ERV1	2551	+	196	30098545	33258
chr2	30065287	30265287	harbor1	chr2	30114638	30115078	LTR/ERV1	1249	+	220	30114858	49571
chr2	30065287	30265287	harbor1	chr2	30139088	30139518	LTR/ERV1	2922	+	215	30139303	74016
chr2	30065287	30265287	harbor1	chr2	30162231	30163174	LTR/ERV1	5191	+	472	30162703	97416
chr2	197297994	197497994	harbor1	chr2	197365173	197365588	LTR/ERV1	1998	+	208	197365381	67387
chr2	197297994	197497994	harbor1	chr2	197365890	197366043	LTR/ERV1	1998	+	76	197365966	67972
chr2	197297994	197497994	harbor1	chr2	197370399	197371766	LTR/ERV1	9807	+	684	197371083	73089
chr2	233118757	233318757	harbor1	chr2	233218387	233218564	LTR/ERV1	948	+	88	233218475	99718
chr2	171238831	171438831	harbor1	chr2	171255696	171255912	LTR/ERV1	3230	+	108	171255804	16973
chr2	171238831	171438831	harbor1	chr2	171256221	171256712	LTR/ERV1	3230	+	246	171256467	17636
chr2	171238831	171438831	harbor1	chr2	171260680	171261284	LTR/ERV1	1730	+	302	171260982	22151
chr2	171238831	171438831	harbor1	chr2	171266957	171267101	LTR/ERV1	897	+	72	171267029	28198
chr2	171238831	171438831	harbor1	chr2	171267229	171267772	LTR/ERV1	971	+	272	171267501	28670
chr2	171238831	171438831	harbor1	chr2	171245168	171245895	LTR/ERV1	4800	+	364	171245532	6701
chr2	127777920	127977920	harbor1	chr2	127812658	127813086	LTR/ERV1	3402	+	214	127812872	34952
chr2	127777920	127977920	harbor1	chr2	127818051	127818714	LTR/ERV1	3843	+	332	127818383	40463
chr2	127777920	127977920	harbor1	chr2	127818736	127819742	LTR/ERV1	6142	+	503	127819239	41319
chr2	127777920	127977920	harbor1	chr2	127820039	127822528	LTR/ERV1	13130	+	1244	127821283	43363
chr2	127777920	127977920	harbor1	chr2	127822523	127823289	LTR/ERV1	5665	+	383	127822906	44986
chr2	127777920	127977920	harbor1	chr2	127825109	127825357	LTR/ERV1	1484	+	124	127825233	47313
chr2	127777920	127977920	harbor1	chr2	127825361	127825835	LTR/ERV1	3729	+	237	127825598	47678
chr2	127777920	127977920	harbor1	chr2	127826127	127826295	LTR/ERV1	3729	+	84	127826211	48291
chr2	127777920	127977920	harbor1	chr2	127857370	127857798	LTR/ERV1	1982	+	214	127857584	79664
chr2	22667688	22867688	harbor1	chr2	22673502	22674126	LTR/ERV1	4526	+	312	22673814	6126
chr2	22667688	22867688	harbor1	chr2	22678375	22678957	LTR/ERV1	3296	+	291	22678666	10978
chr2	22667688	22867688	harbor1	chr2	22761919	22762350	LTR/ERV1	2040	+	216	22762135	94447
chr2	3731648	3931648	harbor1	chr2	3739222	3740035	LTR/ERV1	5805	+	406	3739628	7980
chr2	3731648	3931648	harbor1	chr2	3741467	3741604	LTR/ERV1	969	+	68	3741535	9887
chr2	61144459	61344459	harbor1	chr2	61208100	61208534	LTR/ERV1	2667	+	217	61208317	63858
chr2	110650625	110850625	harbor1	chr2	110679297	110679797	LTR/ERV1	3804	+	250	110679547	28922
chr2	110650625	110850625	harbor1	chr2	110687734	110687964	LTR/ERV1	1111	+	115	110687849	37224
chr2	110650625	110850625	harbor1	chr2	110687965	110688615	LTR/ERV1	2090	+	325	110688290	37665
chr2	110650625	110850625	harbor1	chr2	110688620	110688994	LTR/ERV1	2133	+	187	110688807	38182
chr2	110650625	110850625	harbor1	chr2	110691825	110692262	LTR/ERV1	3061	+	218	110692043	41418
chr2	110650625	110850625	harbor1	chr2	110692979	110693092	LTR/ERV1	527	+	56	110693035	42410
chr2	110650625	110850625	harbor1	chr2	110693087	110693294	LTR/ERV1	587	+	104	110693191	42566
chr2	110650625	110850625	harbor1	chr2	110695086	110695647	LTR/ERV1	3915	+	280	110695366	44741
chr2	110650625	110850625	harbor1	chr2	110714821	110715220	LTR/ERV1	3135	+	200	110715021	64396
chr2	110650625	110850625	harbor1	chr2	110746666	110747279	LTR/ERV1	4724	+	306	110746972	96347
chr2	162356072	162556072	harbor1	chr2	162414834	162415148	LTR/ERV1	1174	+	157	162414991	58919
chr2	162356072	162556072	harbor1	chr2	162415235	162415318	LTR/ERV1	401	+	42	162415277	59205
chr2	19182034	19382034	harbor1	chr2	19272207	19272560	LTR/ERV1	1973	+	176	19272383	90349
chr2	34046236	34246236	harbor1	chr2	34130601	34131286	LTR/ERV1	1206	+	342	34130943	84707
chr2	34046236	34246236	harbor1	chr2	34133937	34134116	LTR/ERV1	434	+	90	34134027	87791
chr2	34046236	34246236	harbor1	chr2	34134686	34135155	LTR/ERV1	1816	+	234	34134920	88684
chr2	188891338	189091338	harbor1	chr2	188949035	188949749	LTR/ERV1	1906	+	357	188949392	58054
chr2	188891338	189091338	harbor1	chr2	188890824	188891970	LTR/ERV1	7345	+	573	188891397	59
chr2	179578651	179778651	harbor1	chr2	179620014	179620404	LTR/ERV1	1958	+	195	179620209	41558
chr2	169077780	169277780	harbor1	chr2	169112308	169112761	LTR/ERV1	1448	+	226	169112534	34754
chr2	169077780	169277780	harbor1	chr2	169133783	169133945	LTR/ERV1	1003	+	81	169133864	56084
chr2	169077780	169277780	harbor1	chr2	169133940	169134089	LTR/ERV1	941	+	74	169134014	56234
chr2	169077780	169277780	harbor1	chr2	169134080	169135790	LTR/ERV1	7918	+	855	169134935	57155
chr2	169077780	169277780	harbor1	chr2	169135792	169136011	LTR/ERV1	1511	+	110	169135902	58122
chr2	169077780	169277780	harbor1	chr2	169136012	169136392	LTR/ERV1	2451	+	190	169136202	58422
chr2	169077780	169277780	harbor1	chr2	169136393	169136806	LTR/ERV1	3114	+	206	169136599	58819
chr2	199086750	199286750	harbor1	chr2	199141237	199142096	LTR/ERV1	3008	+	430	199141667	54917
chr2	199086750	199286750	harbor1	chr2	199179365	199179814	LTR/ERV1	3140	+	224	199179589	92839
chr2	199086750	199286750	harbor1	chr2	199182766	199182913	LTR/ERV1	876	+	74	199182840	96090
chr2	199086750	199286750	harbor1	chr2	199182906	199184631	LTR/ERV1	8553	+	862	199183768	97018
chr2	199086750	199286750	harbor1	chr2	199184636	199184851	LTR/ERV1	1374	+	108	199184744	97994
chr2	199086750	199286750	harbor1	chr2	199184850	199185230	LTR/ERV1	2440	+	190	199185040	98290
chr2	199086750	199286750	harbor1	chr2	199185231	199185671	LTR/ERV1	3202	+	220	199185451	98701
chr2	199086750	199286750	harbor1	chr2	199179817	199182786	LTR/ERV1	20761	+	1484	199181301	94551
chr2	190575386	190775386	harbor1	chr2	190613076	190613261	LTR/ERV1	518	+	92	190613168	37782
chr2	190597983	190797983	harbor1	chr2	190613076	190613261	LTR/ERV1	518	+	92	190613168	15185
chr2	15138323	15338323	harbor1	chr2	15148575	15149050	LTR/ERV1	1726	+	238	15148813	10490
chr2	15138323	15338323	harbor1	chr2	15149423	15149479	LTR/ERV1	1726	+	28	15149451	11128
chr2	15138323	15338323	harbor1	chr2	15149762	15149932	LTR/ERV1	1726	+	85	15149847	11524
chr2	15138323	15338323	harbor1	chr2	15150087	15150249	LTR/ERV1	1726	+	81	15150168	11845
chr2	15138323	15338323	harbor1	chr2	15150237	15150600	LTR/ERV1	1896	+	182	15150419	12096
chr2	15138323	15338323	harbor1	chr2	15151147	15151843	LTR/ERV1	2241	+	348	15151495	13172
chr2	15138323	15338323	harbor1	chr2	15152146	15152354	LTR/ERV1	2241	+	104	15152250	13927
chr2	15138323	15338323	harbor1	chr2	15152355	15152728	LTR/ERV1	2006	+	186	15152541	14218
chr2	15138323	15338323	harbor1	chr2	15195519	15196232	LTR/ERV1	3884	+	356	15195875	57552
chr2	45233566	45433566	harbor1	chr2	45264517	45265008	LTR/ERV1	1766	+	246	45264763	31197
chr2	170846863	171046863	harbor1	chr2	170870051	170870154	LTR/ERV1	496	+	52	170870103	23240
chr2	170846863	171046863	harbor1	chr2	170914014	170914442	LTR/ERV1	2909	+	214	170914228	67365
chr2	170846863	171046863	harbor1	chr2	170915906	170915962	LTR/ERV1	2909	+	28	170915934	69071
chr2	170846863	171046863	harbor1	chr2	170916959	170916996	LTR/ERV1	2909	+	18	170916977	70114
chr2	54040615	54240615	harbor1	chr2	54044836	54045431	LTR/ERV1	4168	+	298	54045134	4519
chr2	54040615	54240615	harbor1	chr2	54087779	54088350	LTR/ERV1	910	+	286	54088065	47450
chr2	54040615	54240615	harbor1	chr2	54088492	54088870	LTR/ERV1	1082	+	189	54088681	48066
chr2	54040615	54240615	harbor1	chr2	54110680	54111295	LTR/ERV1	558	+	308	54110988	70373
chr2	18220720	18420720	harbor1	chr2	18248056	18248257	LTR/ERV1	494	+	100	18248156	27436
chr2	18220720	18420720	harbor1	chr2	18257289	18258492	LTR/ERV1	3724	+	602	18257891	37171
chr2	18220720	18420720	harbor1	chr2	18258558	18259031	LTR/ERV1	3724	+	236	18258794	38074
chr2	18220720	18420720	harbor1	chr2	18259040	18259504	LTR/ERV1	1077	+	232	18259272	38552
chr2	228586400	228786400	harbor1	chr2	228614290	228614358	LTR/ERV1	1161	+	34	228614324	27924
chr2	228586400	228786400	harbor1	chr2	228614665	228614810	LTR/ERV1	1161	+	72	228614737	28337
chr2	228586400	228786400	harbor1	chr2	228622882	228623317	LTR/ERV1	2512	+	218	228623100	36700
chr2	228586400	228786400	harbor1	chr2	228640946	228641289	LTR/ERV1	537	+	172	228641118	54718
chr2	24166311	24366311	harbor1	chr2	24222284	24222657	LTR/ERV1	2513	+	186	24222470	56159
chr2	24166311	24366311	harbor1	chr2	24222973	24223042	LTR/ERV1	2464	+	34	24223007	56696
chr2	54060360	54260360	harbor1	chr2	54087779	54088350	LTR/ERV1	910	+	286	54088065	27705
chr2	54060360	54260360	harbor1	chr2	54088492	54088870	LTR/ERV1	1082	+	189	54088681	28321
chr2	54060360	54260360	harbor1	chr2	54110680	54111295	LTR/ERV1	558	+	308	54110988	50628
chr2	200956	400956	harbor1	chr2	205052	205659	LTR/ERV1	3688	+	304	205356	4400
chr2	200956	400956	harbor1	chr2	253204	253830	LTR/ERV1	4691	+	313	253517	52561
chr2	200956	400956	harbor1	chr2	254593	255160	LTR/ERV1	2119	+	284	254877	53921
chr2	200956	400956	harbor1	chr2	257374	257786	LTR/ERV1	2938	+	206	257580	56624
chr2	200956	400956	harbor1	chr2	269636	269758	LTR/ERV1	668	+	61	269697	68741
chr2	200956	400956	harbor1	chr2	269817	270040	LTR/ERV1	759	+	112	269929	68973
chr2	131845912	132045912	harbor1	chr2	131925748	131926437	LTR/ERV1	3672	+	344	131926092	80180
chr2	130227564	130427564	harbor1	chr2	130255837	130256127	LTR/ERV1	658	+	145	130255982	28418
chr2	6687245	6887245	harbor1	chr2	6748230	6749121	LTR/ERV1	4989	+	446	6748676	61431
chr2	180469937	180669937	harbor1	chr2	180511717	180512800	LTR/ERV1	1539	+	542	180512259	42322
chr2	99244365	99444365	harbor1	chr2	99266312	99267825	LTR/ERV1	9536	+	756	99267068	22703
chr2	99244365	99444365	harbor1	chr2	99267827	99268296	LTR/ERV1	3900	+	234	99268061	23696
chr2	99244365	99444365	harbor1	chr2	99284964	99285080	LTR/ERV1	2987	+	58	99285022	40657
chr2	99244365	99444365	harbor1	chr2	99285397	99285830	LTR/ERV1	2987	+	216	99285613	41248
chr2	97693356	97893356	harbor1	chr2	97753054	97753581	LTR/ERV1	2170	+	264	97753318	59962
chr2	95595556	95795556	harbor1	chr2	95608447	95608827	LTR/ERV1	2191	+	190	95608637	13081
chr2	95595556	95795556	harbor1	chr2	95609725	95610199	LTR/ERV1	1837	+	237	95609962	14406
chr2	129152349	129352349	harbor1	chr2	129199492	129199951	LTR/ERV1	2624	+	230	129199722	47373
chr2	48912957	49112957	harbor1	chr2	48930981	48931342	LTR/ERV1	787	+	180	48931161	18204
chr2	48912957	49112957	harbor1	chr2	48954131	48954748	LTR/ERV1	3457	+	308	48954439	41482
chr2	48912957	49112957	harbor1	chr2	49000557	49000822	LTR/ERV1	572	+	132	49000689	87732
chr2	22174284	22374284	harbor1	chr2	22186161	22187554	LTR/ERV1	9471	+	696	22186857	12573
chr2	164279231	164479231	harbor1	chr2	164295826	164296258	LTR/ERV1	3054	+	216	164296042	16811
chr2	164279231	164479231	harbor1	chr2	164299245	164299394	LTR/ERV1	949	+	74	164299319	20088
chr2	164279231	164479231	harbor1	chr2	164299385	164299903	LTR/ERV1	3325	+	259	164299644	20413
chr2	164279231	164479231	harbor1	chr2	164299888	164300541	LTR/ERV1	4089	+	326	164300214	20983
chr2	164279231	164479231	harbor1	chr2	164300539	164300759	LTR/ERV1	1314	+	110	164300649	21418
chr2	164279231	164479231	harbor1	chr2	164300760	164301137	LTR/ERV1	2544	+	188	164300948	21717
chr2	164279231	164479231	harbor1	chr2	164301138	164301566	LTR/ERV1	3209	+	214	164301352	22121
chr2	164279231	164479231	harbor1	chr2	164296261	164299250	LTR/ERV1	20070	+	1494	164297755	18524
chr2	234043830	234243830	harbor1	chr2	234136486	234137075	LTR/ERV1	2762	+	294	234136780	92950
chr2	29534903	29734903	harbor1	chr2	29539362	29540019	LTR/ERV1	11068	+	328	29539690	4787
chr2	29534903	29734903	harbor1	chr2	29541591	29541627	LTR/ERV1	11068	+	18	29541609	6706
chr2	29534903	29734903	harbor1	chr2	29541628	29542190	LTR/ERV1	3288	+	281	29541909	7006
chr2	29534903	29734903	harbor1	chr2	29554659	29555215	LTR/ERV1	4286	+	278	29554937	20034
chr2	29534903	29734903	harbor1	chr2	29563614	29564189	LTR/ERV1	2493	+	288	29563902	28999
chr2	29534903	29734903	harbor1	chr2	29590408	29590789	LTR/ERV1	2494	+	190	29590598	55695
chr2	29534903	29734903	harbor1	chr2	29591101	29591197	LTR/ERV1	2494	+	48	29591149	56246
chr2	29534903	29734903	harbor1	chr2	29614539	29614977	LTR/ERV1	1914	+	219	29614758	79855
chr2	29534903	29734903	harbor1	chr2	29616492	29617175	LTR/ERV1	3554	+	342	29616834	81931
chr2	29534903	29734903	harbor1	chr2	29617558	29617823	LTR/ERV1	729	+	132	29617690	82787
chr2	29534903	29734903	harbor1	chr2	29540071	29541312	LTR/ERV1	11068	+	620	29540691	5788
chr2	141435450	141635450	harbor1	chr2	141499917	141500000	LTR/ERV1	602	+	42	141499959	64509
chr2	141435450	141635450	harbor1	chr2	141500001	141500475	LTR/ERV1	2071	+	237	141500238	64788
chr2	141435450	141635450	harbor1	chr2	141475466	141476235	LTR/ERV1	4509	+	384	141475850	40400
chr2	133740922	133940922	harbor1	chr2	133824690	133825193	LTR/ERV1	2739	+	252	133824942	84020
chr2	65955052	66155052	harbor1	chr2	65990195	65990650	LTR/ERV1	1545	+	228	65990423	35371
chr2	65955052	66155052	harbor1	chr2	65996600	65996732	LTR/ERV1	541	+	66	65996666	41614
chr2	113883993	114083993	harbor1	chr2	113967060	113967505	LTR/ERV1	1908	+	222	113967282	83289
chr2	201166303	201366303	harbor1	chr2	201174804	201175306	LTR/ERV1	2356	+	251	201175055	8752
chr2	201166303	201366303	harbor1	chr2	201177931	201178155	LTR/ERV1	5555	+	112	201178043	11740
chr2	201166303	201366303	harbor1	chr2	201220163	201220740	LTR/ERV1	3958	+	288	201220451	54148
chr2	201166303	201366303	harbor1	chr2	201221304	201221701	LTR/ERV1	2766	+	198	201221502	55199
chr2	201166303	201366303	harbor1	chr2	201178664	201179480	LTR/ERV1	5555	+	408	201179072	12769
chr2	138166622	138366622	harbor1	chr2	138237136	138237162	LTR/ERV1	3916	+	13	138237149	70527
chr2	138166622	138366622	harbor1	chr2	138237190	138237317	LTR/ERV1	3916	+	64	138237254	70632
chr2	138166622	138366622	harbor1	chr2	138237626	138238177	LTR/ERV1	3916	+	276	138237902	71280
chr2	138166622	138366622	harbor1	chr2	138250081	138250574	LTR/ERV1	3219	+	246	138250327	83705
chr2	138166622	138366622	harbor1	chr2	138253833	138254629	LTR/ERV1	5846	+	398	138254231	87609
chr2	123327493	123527493	harbor1	chr2	123398082	123398234	LTR/ERV1	721	+	76	123398158	70665
chr2	123327493	123527493	harbor1	chr2	123407080	123407440	LTR/ERV1	1526	+	180	123407260	79767
chr2	123327493	123527493	harbor1	chr2	123410483	123410983	LTR/ERV1	2713	+	250	123410733	83240
chr2	123327493	123527493	harbor1	chr2	123411247	123411459	LTR/ERV1	2713	+	106	123411353	83860
chr2	195349835	195549835	harbor1	chr2	195437926	195438771	LTR/ERV1	5001	+	422	195438348	88513
chr2	195349835	195549835	harbor1	chr2	195438773	195439088	LTR/ERV1	1793	+	158	195438931	89096
chr2	132720014	132920014	harbor1	chr2	132757709	132758226	LTR/ERV1	1675	+	258	132757967	37953
chr2	149035773	149235773	harbor1	chr2	149035343	149035839	LTR/ERV1	3981	+	248	149035591	182
chr2	128404235	128604235	harbor1	chr2	128435048	128435088	LTR/ERV1	912	+	20	128435068	30833
chr2	128404235	128604235	harbor1	chr2	128435311	128435552	LTR/ERV1	912	+	120	128435431	31196
chr2	128404235	128604235	harbor1	chr2	128466004	128466346	LTR/ERV1	1186	+	171	128466175	61940
chr2	128404235	128604235	harbor1	chr2	128467822	128468185	LTR/ERV1	1612	+	182	128468004	63769
chr2	128404235	128604235	harbor1	chr2	128489985	128490438	LTR/ERV1	2791	+	226	128490211	85976
chr2	128404235	128604235	harbor1	chr2	128502163	128502748	LTR/ERV1	4525	+	292	128502455	98220
chr2	44192465	44392465	harbor1	chr2	44245451	44245993	LTR/ERV1	1305	+	271	44245722	53257
chr2	66207082	66407082	harbor1	chr2	66243889	66244336	LTR/ERV1	3372	+	224	66244113	37031
chr2	66207082	66407082	harbor1	chr2	66244339	66247342	LTR/ERV1	18760	+	1502	66245841	38759
chr2	66207082	66407082	harbor1	chr2	66247322	66247471	LTR/ERV1	909	+	74	66247396	40314
chr2	66207082	66407082	harbor1	chr2	66247471	66247963	LTR/ERV1	3135	+	246	66247717	40635
chr2	66207082	66407082	harbor1	chr2	66247966	66248626	LTR/ERV1	3939	+	330	66248296	41214
chr2	66207082	66407082	harbor1	chr2	66248628	66248777	LTR/ERV1	949	+	74	66248702	41620
chr2	66207082	66407082	harbor1	chr2	66248779	66249096	LTR/ERV1	2115	+	158	66248937	41855
chr2	66207082	66407082	harbor1	chr2	66249097	66249502	LTR/ERV1	2867	+	202	66249299	42217
chr2	91802178	92002178	harbor1	chr2	91812061	91812909	LTR/ERV1	3886	+	424	91812485	10307
chr2	194419706	194619706	harbor1	chr2	194471446	194471740	LTR/ERV1	919	+	147	194471593	51887
chr2	194419706	194619706	harbor1	chr2	194502313	194502772	LTR/ERV1	3554	+	230	194502543	82837
chr2	211076998	211276998	harbor1	chr2	211109392	211109584	LTR/ERV1	462	+	96	211109488	32490
chr2	211076998	211276998	harbor1	chr2	211144543	211145277	LTR/ERV1	3813	+	367	211144910	67912
chr2	131786528	131986528	harbor1	chr2	131793962	131794295	LTR/ERV1	941	+	166	131794128	7600
chr2	131786528	131986528	harbor1	chr2	131794632	131794955	LTR/ERV1	782	+	162	131794794	8266
chr2	54761079	54961079	harbor1	chr2	54818277	54818621	LTR/ERV1	1199	+	172	54818449	57370
chr2	229966213	230166213	harbor1	chr2	229992955	229993351	LTR/ERV1	3076	+	198	229993153	26940
chr2	229966213	230166213	harbor1	chr2	230022710	230023049	LTR/ERV1	1189	+	170	230022880	56667
chr2	229966213	230166213	harbor1	chr2	230054261	230054715	LTR/ERV1	3031	+	227	230054488	88275
chr2	197312438	197512438	harbor1	chr2	197365173	197365588	LTR/ERV1	1998	+	208	197365381	52943
chr2	197312438	197512438	harbor1	chr2	197365890	197366043	LTR/ERV1	1998	+	76	197365966	53528
chr2	197312438	197512438	harbor1	chr2	197370399	197371766	LTR/ERV1	9807	+	684	197371083	58645
chr2	90077554	90277554	harbor1	chr2	90081359	90081581	LTR/ERV1	579	+	111	90081470	3916
chr2	90077554	90277554	harbor1	chr2	90089091	90089520	LTR/ERV1	1907	+	214	90089305	11751
chr2	90077554	90277554	harbor1	chr2	90098830	90099033	LTR/ERV1	689	+	102	90098932	21378
chr2	90077554	90277554	harbor1	chr2	90110234	90110673	LTR/ERV1	1300	+	220	90110454	32900
chr2	90077554	90277554	harbor1	chr2	90110766	90111868	LTR/ERV1	6553	+	551	90111317	33763
chr2	90077554	90277554	harbor1	chr2	90112187	90112637	LTR/ERV1	6553	+	225	90112412	34858
chr2	90077554	90277554	harbor1	chr2	90152926	90153198	LTR/ERV1	664	+	136	90153062	75508
chr2	90077554	90277554	harbor1	chr2	90158194	90158626	LTR/ERV1	629	+	216	90158410	80856
chr2	90077554	90277554	harbor1	chr2	90167923	90168373	LTR/ERV1	1122	+	225	90168148	90594
chr2	90077554	90277554	harbor1	chr2	90168556	90169563	LTR/ERV1	3395	+	504	90169060	91506
chr2	62279677	62479677	harbor1	chr2	62291205	62291946	LTR/ERV1	4597	+	370	62291575	11898
chr2	62279677	62479677	harbor1	chr2	62295120	62295281	LTR/ERV1	523	+	80	62295200	15523
chr2	62279677	62479677	harbor1	chr2	62295780	62295975	LTR/ERV1	423	+	98	62295878	16201
chr2	62279677	62479677	harbor1	chr2	62322749	62323179	LTR/ERV1	1182	+	215	62322964	43287
chr2	62279677	62479677	harbor1	chr2	62328614	62328661	LTR/ERV1	2575	+	24	62328638	48961
chr2	62279677	62479677	harbor1	chr2	62328955	62329420	LTR/ERV1	2575	+	232	62329187	49510
chr2	62279677	62479677	harbor1	chr2	62343170	62343727	LTR/ERV1	3716	+	278	62343448	63771
chr2	62279677	62479677	harbor1	chr2	62347306	62347350	LTR/ERV1	3657	+	22	62347328	67651
chr2	62279677	62479677	harbor1	chr2	62347982	62348267	LTR/ERV1	3657	+	142	62348124	68447
chr2	62279677	62479677	harbor1	chr2	62348406	62348805	LTR/ERV1	3657	+	200	62348606	68929
chr2	62279677	62479677	harbor1	chr2	62349402	62349465	LTR/ERV1	2759	+	32	62349434	69757
chr2	62279677	62479677	harbor1	chr2	62349764	62350201	LTR/ERV1	2759	+	218	62349982	70305
chr2	140778440	140978440	harbor1	chr2	140791805	140792354	LTR/ERV1	2565	+	274	140792079	13639
chr2	140778440	140978440	harbor1	chr2	140833879	140834231	LTR/ERV1	1689	+	176	140834055	55615
chr2	140778440	140978440	harbor1	chr2	140834538	140834694	LTR/ERV1	1689	+	78	140834616	56176
chr2	140778440	140978440	harbor1	chr2	140835069	140835527	LTR/ERV1	1342	+	229	140835298	56858
chr2	140778440	140978440	harbor1	chr2	140835839	140835998	LTR/ERV1	1342	+	80	140835919	57479
chr2	140778440	140978440	harbor1	chr2	140868880	140869422	LTR/ERV1	3225	+	271	140869151	90711
chr2	140778440	140978440	harbor1	chr2	140869865	140870596	LTR/ERV1	2957	+	366	140870231	91791
chr2	140778440	140978440	harbor1	chr2	140871729	140872360	LTR/ERV1	8959	+	316	140872045	93605
chr2	140778440	140978440	harbor1	chr2	140872389	140873346	LTR/ERV1	8959	+	478	140872867	94427
chr2	140778440	140978440	harbor1	chr2	140873605	140874495	LTR/ERV1	4049	+	445	140874050	95610
chr2	140778440	140978440	harbor1	chr2	140874495	140874736	LTR/ERV1	15927	+	120	140874615	96175
chr2	140778440	140978440	harbor1	chr2	140875036	140877490	LTR/ERV1	15927	+	1227	140876263	97823
chr2	140778440	140978440	harbor1	chr2	140877498	140877948	LTR/ERV1	2848	+	225	140877723	99283
chr2	140778440	140978440	harbor1	chr2	140853105	140853499	LTR/ERV1	588	+	197	140853302	74862
chr2	87028414	87228414	harbor1	chr2	87039336	87039555	LTR/ERV1	1083	+	110	87039446	11032
chr2	87028414	87228414	harbor1	chr2	87039873	87042637	LTR/ERV1	10419	+	1382	87041255	12841
chr2	87028414	87228414	harbor1	chr2	87042795	87043095	LTR/ERV1	1798	+	150	87042945	14531
chr2	87028414	87228414	harbor1	chr2	87043096	87043487	LTR/ERV1	1451	+	196	87043292	14878
chr2	122163960	122363960	harbor1	chr2	122179554	122180059	LTR/ERV1	2367	+	252	122179806	15846
chr2	122163960	122363960	harbor1	chr2	122251042	122252251	LTR/ERV1	3329	+	604	122251646	87686
chr2	122163960	122363960	harbor1	chr2	122254359	122256008	LTR/ERV1	4516	+	824	122255183	91223
chr2	122163960	122363960	harbor1	chr2	122256019	122256315	LTR/ERV1	1439	+	148	122256167	92207
chr2	116212458	116412458	harbor1	chr2	116267878	116268161	LTR/ERV1	1711	+	142	116268020	55562
chr2	116212458	116412458	harbor1	chr2	116268162	116268807	LTR/ERV1	1904	+	322	116268484	56026
chr2	116212458	116412458	harbor1	chr2	116268811	116268885	LTR/ERV1	1198	+	37	116268848	56390
chr2	116212458	116412458	harbor1	chr2	116269173	116269346	LTR/ERV1	1198	+	86	116269259	56801
chr2	116212458	116412458	harbor1	chr2	116282415	116282568	LTR/ERV1	832	+	76	116282491	70033
chr2	116212458	116412458	harbor1	chr2	116282584	116282859	LTR/ERV1	1891	+	138	116282722	70264
chr2	116212458	116412458	harbor1	chr2	116282843	116287186	LTR/ERV1	33321	+	2172	116285015	72557
chr2	116212458	116412458	harbor1	chr2	116287186	116288173	LTR/ERV1	7769	+	494	116287680	75222
chr2	116212458	116412458	harbor1	chr2	116289071	116289138	LTR/ERV1	7769	+	34	116289105	76647
chr2	116212458	116412458	harbor1	chr2	116289139	116289614	LTR/ERV1	3346	+	238	116289377	76919
chr2	33575951	33775951	harbor1	chr2	33608550	33609165	LTR/ERV1	2604	+	308	33608858	32907
chr2	33575951	33775951	harbor1	chr2	33609714	33609879	LTR/ERV1	2523	+	82	33609796	33845
chr2	33575951	33775951	harbor1	chr2	33610370	33610648	LTR/ERV1	2523	+	139	33610509	34558
chr2	33575951	33775951	harbor1	chr2	33611429	33611700	LTR/ERV1	2523	+	136	33611565	35614
chr2	33575951	33775951	harbor1	chr2	33611701	33616900	LTR/ERV1	27111	+	2600	33614301	38350
chr2	33575951	33775951	harbor1	chr2	33617569	33618234	LTR/ERV1	23853	+	332	33617901	41950
chr2	33575951	33775951	harbor1	chr2	33624396	33624900	LTR/ERV1	2775	+	252	33624648	48697
chr2	33575951	33775951	harbor1	chr2	33640328	33640511	LTR/ERV1	2706	+	92	33640420	64469
chr2	33575951	33775951	harbor1	chr2	33640821	33641217	LTR/ERV1	2706	+	198	33641019	65068
chr2	33575951	33775951	harbor1	chr2	33645411	33645670	LTR/ERV1	1140	+	130	33645541	69590
chr2	33575951	33775951	harbor1	chr2	33647808	33647914	LTR/ERV1	2297	+	53	33647861	71910
chr2	33575951	33775951	harbor1	chr2	33648239	33648573	LTR/ERV1	2297	+	167	33648406	72455
chr2	33575951	33775951	harbor1	chr2	33653820	33654496	LTR/ERV1	2913	+	338	33654158	78207
chr2	33575951	33775951	harbor1	chr2	33654565	33655893	LTR/ERV1	6953	+	664	33655229	79278
chr2	33575951	33775951	harbor1	chr2	33656064	33656150	LTR/ERV1	498	+	43	33656107	80156
chr2	33575951	33775951	harbor1	chr2	33656151	33656448	LTR/ERV1	2533	+	148	33656299	80348
chr2	33575951	33775951	harbor1	chr2	33656858	33657420	LTR/ERV1	2781	+	281	33657139	81188
chr2	33575951	33775951	harbor1	chr2	33657422	33657924	LTR/ERV1	3443	+	251	33657673	81722
chr2	33575951	33775951	harbor1	chr2	33657925	33658629	LTR/ERV1	5418	+	352	33658277	82326
chr2	33575951	33775951	harbor1	chr2	33658782	33659984	LTR/ERV1	9640	+	601	33659383	83432
chr2	33575951	33775951	harbor1	chr2	33659977	33661923	LTR/ERV1	29770	+	973	33660950	84999
chr2	33575951	33775951	harbor1	chr2	33662221	33663834	LTR/ERV1	29770	+	806	33663027	87076
chr2	33575951	33775951	harbor1	chr2	33663856	33664146	LTR/ERV1	2367	+	145	33664001	88050
chr2	33575951	33775951	harbor1	chr2	33664147	33664455	LTR/ERV1	2452	+	154	33664301	88350
chr2	33575951	33775951	harbor1	chr2	33664461	33666453	LTR/ERV1	10742	+	996	33665457	89506
chr2	33575951	33775951	harbor1	chr2	33666455	33667128	LTR/ERV1	2887	+	336	33666791	90840
chr2	53326180	53526180	harbor1	chr2	53326168	53326841	LTR/ERV1	3582	+	336	53326504	324
chr2	53326180	53526180	harbor1	chr2	53356266	53357752	LTR/ERV1	8664	+	743	53357009	30829
chr2	53326180	53526180	harbor1	chr2	53391067	53391543	LTR/ERV1	3210	+	238	53391305	65125
chr2	53326180	53526180	harbor1	chr2	53397767	53398175	LTR/ERV1	1975	+	204	53397971	71791
chr2	19174725	19374725	harbor1	chr2	19272207	19272560	LTR/ERV1	1973	+	176	19272383	97658
chr2	222343506	222543506	harbor1	chr2	222393066	222393403	LTR/ERV1	2401	+	168	222393234	49728
chr2	222343506	222543506	harbor1	chr2	222413266	222416199	LTR/ERV1	13741	+	1466	222414732	71226
chr2	222343506	222543506	harbor1	chr2	222416200	222416636	LTR/ERV1	2877	+	218	222416418	72912
chr2	137692291	137892291	harbor1	chr2	137715624	137717059	LTR/ERV1	9576	+	718	137716342	24051
chr2	137692291	137892291	harbor1	chr2	137779216	137779997	LTR/ERV1	4315	+	390	137779606	87315
chr2	137692291	137892291	harbor1	chr2	137780060	137781260	LTR/ERV1	9849	+	600	137780660	88369
chr2	137692291	137892291	harbor1	chr2	137781673	137782451	LTR/ERV1	9849	+	389	137782062	89771
chr2	137692291	137892291	harbor1	chr2	137782500	137783148	LTR/ERV1	9849	+	324	137782824	90533
chr2	137692291	137892291	harbor1	chr2	137783489	137784407	LTR/ERV1	9163	+	459	137783948	91657
chr2	137692291	137892291	harbor1	chr2	137784443	137786436	LTR/ERV1	9163	+	996	137785439	93148
chr2	137692291	137892291	harbor1	chr2	137786439	137786813	LTR/ERV1	4093	+	187	137786626	94335
chr2	137692291	137892291	harbor1	chr2	137787230	137787607	LTR/ERV1	4093	+	188	137787418	95127
chr2	86859648	87059648	harbor1	chr2	86868506	86868789	LTR/ERV1	766	+	142	86868648	9000
chr3	121881931	122081931	harbor1	chr3	121971942	121972580	LTR/ERV1	3976	+	319	121972261	90330
chr3	121881931	122081931	harbor1	chr3	121972945	121973049	LTR/ERV1	2747	+	52	121972997	91066
chr3	121881931	122081931	harbor1	chr3	121973559	121974090	LTR/ERV1	2747	+	266	121973825	91894
chr3	121430729	121630729	harbor1	chr3	121512187	121512762	LTR/ERV1	2857	+	288	121512475	81746
chr3	64425570	64625570	harbor1	chr3	64491281	64491869	LTR/ERV1	2594	+	294	64491575	66005
chr3	36826635	37026635	harbor1	chr3	36901127	36901697	LTR/ERV1	2066	+	285	36901412	74777
chr3	36826635	37026635	harbor1	chr3	36920887	36921432	LTR/ERV1	3077	+	272	36921159	94524
chr3	36826635	37026635	harbor1	chr3	36922882	36923256	LTR/ERV1	2433	+	187	36923069	96434
chr3	36826635	37026635	harbor1	chr3	36923556	36923610	LTR/ERV1	2433	+	27	36923583	96948
chr3	36826635	37026635	harbor1	chr3	36923611	36925588	LTR/ERV1	17956	+	988	36924599	97964
chr3	36826635	37026635	harbor1	chr3	36925884	36927301	LTR/ERV1	17956	+	708	36926592	99957
chr3	136705744	136905744	harbor1	chr3	136756225	136756433	LTR/ERV1	1667	+	104	136756329	50585
chr3	136705744	136905744	harbor1	chr3	136756746	136757141	LTR/ERV1	1667	+	198	136756944	51200
chr3	136705744	136905744	harbor1	chr3	136757432	136757501	LTR/ERV1	1667	+	34	136757466	51722
chr3	136705744	136905744	harbor1	chr3	136804202	136804484	LTR/ERV1	1908	+	141	136804343	98599
chr3	113017192	113217192	harbor1	chr3	113037950	113038395	LTR/ERV1	1718	+	222	113038172	20980
chr3	44953778	45153778	harbor1	chr3	45049288	45049827	LTR/ERV1	2037	+	270	45049558	95780
chr3	184080515	184280515	harbor1	chr3	184080968	184082481	LTR/ERV1	7421	+	756	184081724	1209
chr3	184080515	184280515	harbor1	chr3	184085291	184085823	LTR/ERV1	3443	+	266	184085557	5042
chr3	184080515	184280515	harbor1	chr3	184110171	184110701	LTR/ERV1	3953	+	265	184110436	29921
chr3	98266368	98466368	harbor1	chr3	98274402	98275441	LTR/ERV1	4834	+	520	98274922	8554
chr3	98266368	98466368	harbor1	chr3	98275972	98276238	LTR/ERV1	723	+	133	98276105	9737
chr3	98266368	98466368	harbor1	chr3	98281724	98282635	LTR/ERV1	5609	+	456	98282180	15812
chr3	98266368	98466368	harbor1	chr3	98324886	98325528	LTR/ERV1	3697	+	321	98325207	58839
chr3	98266368	98466368	harbor1	chr3	98326514	98327194	LTR/ERV1	3387	+	340	98326854	60486
chr3	134198894	134398894	harbor1	chr3	134199773	134200560	LTR/ERV1	5607	+	394	134200167	1273
chr3	19736976	19936976	harbor1	chr3	19740794	19741436	LTR/ERV1	4430	+	321	19741115	4139
chr3	19736976	19936976	harbor1	chr3	19811795	19812222	LTR/ERV1	2587	+	214	19812009	75033
chr3	142775137	142975137	harbor1	chr3	142866707	142867333	LTR/ERV1	3026	+	313	142867020	91883
chr3	142775137	142975137	harbor1	chr3	142868276	142868389	LTR/ERV1	926	+	56	142868332	93195
chr3	142775137	142975137	harbor1	chr3	142868926	142869009	LTR/ERV1	5175	+	42	142868968	93831
chr3	142775137	142975137	harbor1	chr3	142869312	142869978	LTR/ERV1	5175	+	333	142869645	94508
chr3	142775137	142975137	harbor1	chr3	142868390	142868924	LTR/ERV1	3571	+	267	142868657	93520
chr3	31383156	31583156	harbor1	chr3	31408872	31409180	LTR/ERV1	1649	+	154	31409026	25870
chr3	31383156	31583156	harbor1	chr3	31436470	31437092	LTR/ERV1	1767	+	311	31436781	53625
chr3	4541244	4741244	harbor1	chr3	4606057	4606173	LTR/ERV1	428	+	58	4606115	64871
chr3	106078245	106278245	harbor1	chr3	106098071	106098522	LTR/ERV1	2312	+	226	106098297	20052
chr3	106078245	106278245	harbor1	chr3	106148445	106150038	LTR/ERV1	11551	+	796	106149241	70996
chr3	160200097	160400097	harbor1	chr3	160252106	160252281	LTR/ERV1	4566	+	88	160252194	52097
chr3	160200097	160400097	harbor1	chr3	160252880	160253964	LTR/ERV1	4566	+	542	160253422	53325
chr3	160200097	160400097	harbor1	chr3	160254106	160254300	LTR/ERV1	1112	+	97	160254203	54106
chr3	160200097	160400097	harbor1	chr3	160278040	160278652	LTR/ERV1	3127	+	306	160278346	78249
chr3	160200097	160400097	harbor1	chr3	160281092	160281420	LTR/ERV1	2610	+	164	160281256	81159
chr3	160200097	160400097	harbor1	chr3	160281421	160281995	LTR/ERV1	3489	+	287	160281708	81611
chr3	160200097	160400097	harbor1	chr3	160282298	160282338	LTR/ERV1	3489	+	20	160282318	82221
chr3	26266349	26466349	harbor1	chr3	26271937	26272581	LTR/ERV1	3585	+	322	26272259	5910
chr3	26266349	26466349	harbor1	chr3	26285650	26286265	LTR/ERV1	1292	+	308	26285958	19609
chr3	26266349	26466349	harbor1	chr3	26286379	26287243	LTR/ERV1	3963	+	432	26286811	20462
chr3	26266349	26466349	harbor1	chr3	26288508	26289055	LTR/ERV1	1973	+	274	26288782	22433
chr3	26266349	26466349	harbor1	chr3	26308500	26309044	LTR/ERV1	1686	+	272	26308772	42423
chr3	26266349	26466349	harbor1	chr3	26309078	26309499	LTR/ERV1	2421	+	210	26309288	42939
chr3	26266349	26466349	harbor1	chr3	26309548	26310060	LTR/ERV1	3071	+	256	26309804	43455
chr3	26266349	26466349	harbor1	chr3	26310075	26310351	LTR/ERV1	1453	+	138	26310213	43864
chr3	26266349	26466349	harbor1	chr3	26312487	26313295	LTR/ERV1	4702	+	404	26312891	46542
chr3	81156579	81356579	harbor1	chr3	81180688	81181393	LTR/ERV1	4968	+	352	81181040	24461
chr3	81156579	81356579	harbor1	chr3	81181589	81181803	LTR/ERV1	1493	+	107	81181696	25117
chr3	174414129	174614129	harbor1	chr3	174435866	174436107	LTR/ERV1	1403	+	120	174435986	21857
chr3	174414129	174614129	harbor1	chr3	174436406	174436621	LTR/ERV1	1175	+	108	174436514	22385
chr3	33052218	33252218	harbor1	chr3	33069091	33069107	LTR/ERV1	1466	+	8	33069099	16881
chr3	33052218	33252218	harbor1	chr3	33069413	33069811	LTR/ERV1	1466	+	199	33069612	17394
chr3	33052218	33252218	harbor1	chr3	33070199	33070274	LTR/ERV1	1466	+	38	33070237	18019
chr3	33052218	33252218	harbor1	chr3	33071575	33072079	LTR/ERV1	1488	+	252	33071827	19609
chr3	107906777	108106777	harbor1	chr3	107914700	107914998	LTR/ERV1	1339	+	149	107914849	8072
chr3	107906777	108106777	harbor1	chr3	107954931	107955394	LTR/ERV1	2953	+	232	107955163	48386
chr3	107906777	108106777	harbor1	chr3	107955510	107955907	LTR/ERV1	572	+	198	107955708	48931
chr3	107906777	108106777	harbor1	chr3	108004049	108004862	LTR/ERV1	4649	+	406	108004455	97678
chr3	127647504	127847504	harbor1	chr3	127732958	127733510	LTR/ERV1	4033	+	276	127733234	85730
chr3	55748133	55948133	harbor1	chr3	55749424	55749938	LTR/ERV1	3758	+	257	55749681	1548
chr3	55748133	55948133	harbor1	chr3	55793383	55793595	LTR/ERV1	562	+	106	55793489	45356
chr3	53951915	54151915	harbor1	chr3	53966634	53967050	LTR/ERV1	4355	+	208	53966842	14927
chr3	53951915	54151915	harbor1	chr3	53967346	53967726	LTR/ERV1	4355	+	190	53967536	15621
chr3	179313521	179513521	harbor1	chr3	179346365	179346705	LTR/ERV1	1891	+	170	179346535	33014
chr3	179313521	179513521	harbor1	chr3	179352353	179352753	LTR/ERV1	1124	+	200	179352553	39032
chr3	179313521	179513521	harbor1	chr3	179393012	179393211	LTR/ERV1	761	+	100	179393112	79591
chr3	3401031	3601031	harbor1	chr3	3437747	3438226	LTR/ERV1	1740	+	240	3437987	36956
chr3	101301235	101501235	harbor1	chr3	101383289	101384826	LTR/ERV1	7086	+	768	101384057	82822
chr3	16257206	16457206	harbor1	chr3	16274084	16274168	LTR/ERV1	417	+	42	16274126	16920
chr3	179336704	179536704	harbor1	chr3	179346365	179346705	LTR/ERV1	1891	+	170	179346535	9831
chr3	179336704	179536704	harbor1	chr3	179352353	179352753	LTR/ERV1	1124	+	200	179352553	15849
chr3	179336704	179536704	harbor1	chr3	179393012	179393211	LTR/ERV1	761	+	100	179393112	56408
chr3	44866996	45066996	harbor1	chr3	44935145	44935294	LTR/ERV1	1029	+	74	44935219	68223
chr3	44866996	45066996	harbor1	chr3	44935561	44935759	LTR/ERV1	1029	+	99	44935660	68664
chr3	40779167	40979167	harbor1	chr3	40867713	40868075	LTR/ERV1	544	+	181	40867894	88727
chr3	40779167	40979167	harbor1	chr3	40868215	40868510	LTR/ERV1	451	+	148	40868363	89196
chr3	67883853	68083853	harbor1	chr3	67888104	67888803	LTR/ERV1	4785	+	350	67888454	4601
chr3	67883853	68083853	harbor1	chr3	67915388	67915584	LTR/ERV1	431	+	98	67915486	31633
chr3	106016667	106216667	harbor1	chr3	106071856	106072286	LTR/ERV1	2928	+	215	106072071	55404
chr3	106016667	106216667	harbor1	chr3	106098071	106098522	LTR/ERV1	2312	+	226	106098297	81630
chr3	89849106	90049106	harbor1	chr3	89927459	89928085	LTR/ERV1	2865	+	313	89927772	78666
chr3	89849106	90049106	harbor1	chr3	89932243	89932700	LTR/ERV1	2191	+	228	89932471	83365
chr3	89849106	90049106	harbor1	chr3	89933965	89934555	LTR/ERV1	6361	+	295	89934260	85154
chr3	89849106	90049106	harbor1	chr3	89934586	89935101	LTR/ERV1	6361	+	258	89934844	85738
chr3	89849106	90049106	harbor1	chr3	89935408	89935838	LTR/ERV1	6361	+	215	89935623	86517
chr3	89849106	90049106	harbor1	chr3	89936156	89936666	LTR/ERV1	6361	+	255	89936411	87305
chr3	184050779	184250779	harbor1	chr3	184068990	184069402	LTR/ERV1	2338	+	206	184069196	18417
chr3	184050779	184250779	harbor1	chr3	184069697	184069893	LTR/ERV1	2338	+	98	184069795	19016
chr3	184050779	184250779	harbor1	chr3	184080968	184082481	LTR/ERV1	7421	+	756	184081724	30945
chr3	184050779	184250779	harbor1	chr3	184085291	184085823	LTR/ERV1	3443	+	266	184085557	34778
chr3	184050779	184250779	harbor1	chr3	184110171	184110701	LTR/ERV1	3953	+	265	184110436	59657
chr3	56997560	57197560	harbor1	chr3	57012710	57014338	LTR/ERV1	9806	+	814	57013524	15964
chr3	163025215	163225215	harbor1	chr3	163073066	163074359	LTR/ERV1	3640	+	646	163073712	48497
chr3	106660709	106860709	harbor1	chr3	106674699	106674986	LTR/ERV1	1704	+	144	106674843	14134
chr3	75159465	75359465	harbor1	chr3	75195058	75195496	LTR/ERV1	1172	+	219	75195277	35812
chr3	75159465	75359465	harbor1	chr3	75195612	75196077	LTR/ERV1	3021	+	232	75195844	36379
chr3	75159465	75359465	harbor1	chr3	75208660	75209168	LTR/ERV1	2353	+	254	75208914	49449
chr3	75159465	75359465	harbor1	chr3	75209186	75209517	LTR/ERV1	2187	+	166	75209352	49887
chr3	75159465	75359465	harbor1	chr3	75220300	75220996	LTR/ERV1	907	+	348	75220648	61183
chr3	75159465	75359465	harbor1	chr3	75241513	75241914	LTR/ERV1	2617	+	200	75241713	82248
chr3	75159465	75359465	harbor1	chr3	75256350	75256712	LTR/ERV1	1033	+	181	75256531	97066
chr3	75159465	75359465	harbor1	chr3	75256944	75257084	LTR/ERV1	734	+	70	75257014	97549
chr3	75159465	75359465	harbor1	chr3	75257429	75257463	LTR/ERV1	734	+	17	75257446	97981
chr3	122878729	123078729	harbor1	chr3	122932350	122932809	LTR/ERV1	3457	+	230	122932580	53851
chr3	122878729	123078729	harbor1	chr3	122949381	122950079	LTR/ERV1	2888	+	349	122949730	71001
chr3	122878729	123078729	harbor1	chr3	122896021	122896495	LTR/ERV1	2120	+	237	122896258	17529
chr3	41436348	41636348	harbor1	chr3	41481347	41481545	LTR/ERV1	3109	+	99	41481446	45098
chr3	41436348	41636348	harbor1	chr3	41481856	41482190	LTR/ERV1	3109	+	167	41482023	45675
chr3	82953271	83153271	harbor1	chr3	82981810	82982386	LTR/ERV1	1744	+	288	82982098	28827
chr3	82953271	83153271	harbor1	chr3	82983041	82983210	LTR/ERV1	844	+	84	82983125	29854
chr3	82953271	83153271	harbor1	chr3	83039651	83040228	LTR/ERV1	2306	+	288	83039939	86668
chr3	96290901	96490901	harbor1	chr3	96297546	96298171	LTR/ERV1	3980	+	312	96297858	6957
chr3	96290901	96490901	harbor1	chr3	96298172	96301189	LTR/ERV1	15357	+	1508	96299680	8779
chr3	96290901	96490901	harbor1	chr3	96301161	96302534	LTR/ERV1	10481	+	686	96301847	10946
chr3	96290901	96490901	harbor1	chr3	96302535	96303023	LTR/ERV1	2905	+	244	96302779	11878
chr3	96290901	96490901	harbor1	chr3	96331501	96332164	LTR/ERV1	4035	+	332	96331833	40932
chr3	96290901	96490901	harbor1	chr3	96332857	96333485	LTR/ERV1	2733	+	314	96333171	42270
chr3	96290901	96490901	harbor1	chr3	96333492	96333923	LTR/ERV1	1439	+	216	96333708	42807
chr3	96290901	96490901	harbor1	chr3	96334153	96337006	LTR/ERV1	6588	+	1426	96335579	44678
chr3	96290901	96490901	harbor1	chr3	96337589	96337771	LTR/ERV1	536	+	91	96337680	46779
chr3	96290901	96490901	harbor1	chr3	96340089	96340481	LTR/ERV1	1047	+	196	96340285	49384
chr3	96290901	96490901	harbor1	chr3	96340482	96341061	LTR/ERV1	1667	+	290	96340772	49871
chr3	2717033	2917033	harbor1	chr3	2785741	2786550	LTR/ERV1	4116	+	404	2786145	69112
chr3	27665091	27865091	harbor1	chr3	27754998	27755203	LTR/ERV1	409	+	102	27755100	90009
chr3	27665091	27865091	harbor1	chr3	27755834	27756421	LTR/ERV1	746	+	294	27756128	91037
chr3	67547228	67747228	harbor1	chr3	67573580	67573907	LTR/ERV1	1854	+	164	67573744	26516
chr3	418916	618916	harbor1	chr3	488679	489049	LTR/ERV1	2127	+	185	488864	69948
chr3	96030611	96230611	harbor1	chr3	96077172	96077263	LTR/ERV1	530	+	46	96077218	46607
chr3	96030611	96230611	harbor1	chr3	96078195	96078490	LTR/ERV1	761	+	148	96078343	47732
chr3	96030611	96230611	harbor1	chr3	96078655	96079302	LTR/ERV1	971	+	324	96078979	48368
chr3	96030611	96230611	harbor1	chr3	96081804	96082511	LTR/ERV1	1650	+	354	96082158	51547
chr3	96030611	96230611	harbor1	chr3	96082944	96083047	LTR/ERV1	484	+	52	96082996	52385
chr3	96030611	96230611	harbor1	chr3	96083346	96083415	LTR/ERV1	484	+	34	96083380	52769
chr3	96030611	96230611	harbor1	chr3	96083422	96083979	LTR/ERV1	2351	+	278	96083700	53089
chr3	96030611	96230611	harbor1	chr3	96083976	96084676	LTR/ERV1	2750	+	350	96084326	53715
chr3	96030611	96230611	harbor1	chr3	96085631	96086015	LTR/ERV1	879	+	192	96085823	55212
chr3	96030611	96230611	harbor1	chr3	96086016	96086433	LTR/ERV1	2316	+	208	96086224	55613
chr3	96030611	96230611	harbor1	chr3	96097663	96097958	LTR/ERV1	534	+	148	96097811	67200
chr3	41917133	42117133	harbor1	chr3	41940030	41940446	LTR/ERV1	2215	+	208	41940238	23105
chr3	41917133	42117133	harbor1	chr3	41955956	41956533	LTR/ERV1	1449	+	288	41956244	39111
chr3	41917133	42117133	harbor1	chr3	41962834	41963122	LTR/ERV1	1619	+	144	41962978	45845
chr3	41917133	42117133	harbor1	chr3	41963489	41963801	LTR/ERV1	2214	+	156	41963645	46512
chr3	41917133	42117133	harbor1	chr3	41964436	41964583	LTR/ERV1	1424	+	74	41964510	47377
chr3	41917133	42117133	harbor1	chr3	41964584	41965016	LTR/ERV1	3425	+	216	41964800	47667
chr3	41917133	42117133	harbor1	chr3	41965017	41965130	LTR/ERV1	1424	+	56	41965073	47940
chr3	41917133	42117133	harbor1	chr3	41966105	41966549	LTR/ERV1	4466	+	222	41966327	49194
chr3	41917133	42117133	harbor1	chr3	41966850	41967056	LTR/ERV1	4466	+	103	41966953	49820
chr3	157550891	157750891	harbor1	chr3	157553430	157553785	LTR/ERV1	1619	+	178	157553608	2717
chr3	157550891	157750891	harbor1	chr3	157629950	157630530	LTR/ERV1	639	+	290	157630240	79349
chr3	154526806	154726806	harbor1	chr3	154573073	154573517	LTR/ERV1	1061	+	222	154573295	46489
chr3	60961928	61161928	harbor1	chr3	61049708	61050235	LTR/ERV1	1348	+	264	61049972	88044
chr3	185750754	185950754	harbor1	chr3	185786306	185786737	LTR/ERV1	2412	+	216	185786522	35768
chr3	60952855	61152855	harbor1	chr3	60952549	60953063	LTR/ERV1	1925	+	257	60952806	49
chr3	60952855	61152855	harbor1	chr3	61049708	61050235	LTR/ERV1	1348	+	264	61049972	97117
chr3	74724536	74924536	harbor1	chr3	74739099	74739579	LTR/ERV1	2958	+	240	74739339	14803
chr3	47840406	48040406	harbor1	chr3	47842069	47842718	LTR/ERV1	1956	+	324	47842393	1987
chr3	47840406	48040406	harbor1	chr3	47887023	47888693	LTR/ERV1	10271	+	835	47887858	47452
chr3	47840406	48040406	harbor1	chr3	47921315	47921387	LTR/ERV1	498	+	36	47921351	80945
chr3	47840406	48040406	harbor1	chr3	47921380	47921737	LTR/ERV1	1625	+	178	47921558	81152
chr3	82523275	82723275	harbor1	chr3	82553043	82553452	LTR/ERV1	1762	+	204	82553247	29972
chr3	82523275	82723275	harbor1	chr3	82566470	82567609	LTR/ERV1	3642	+	570	82567040	43765
chr3	82523275	82723275	harbor1	chr3	82574777	82574869	LTR/ERV1	639	+	46	82574823	51548
chr3	82523275	82723275	harbor1	chr3	82591869	82592038	LTR/ERV1	1046	+	84	82591953	68678
chr3	82523275	82723275	harbor1	chr3	82592582	82593061	LTR/ERV1	2820	+	240	82592822	69547
chr3	82523275	82723275	harbor1	chr3	82593062	82593537	LTR/ERV1	3047	+	238	82593300	70025
chr3	82523275	82723275	harbor1	chr3	82593538	82593552	LTR/ERV1	2820	+	7	82593545	70270
chr3	82523275	82723275	harbor1	chr3	82596820	82597228	LTR/ERV1	1863	+	204	82597024	73749
chr3	145027111	145227111	harbor1	chr3	145046411	145046772	LTR/ERV1	558	+	180	145046591	19480
chr3	145027111	145227111	harbor1	chr3	145070765	145071210	LTR/ERV1	2199	+	222	145070987	43876
chr3	145027111	145227111	harbor1	chr3	145089457	145089538	LTR/ERV1	516	+	40	145089497	62386
chr3	145027111	145227111	harbor1	chr3	145089557	145089738	LTR/ERV1	903	+	90	145089647	62536
chr3	145027111	145227111	harbor1	chr3	145094479	145095020	LTR/ERV1	2146	+	270	145094749	67638
chr3	145027111	145227111	harbor1	chr3	145113191	145113470	LTR/ERV1	2117	+	140	145113331	86220
chr3	145027111	145227111	harbor1	chr3	145113473	145116387	LTR/ERV1	15609	+	1457	145114930	87819
chr3	145027111	145227111	harbor1	chr3	145116382	145116524	LTR/ERV1	787	+	71	145116453	89342
chr3	145027111	145227111	harbor1	chr3	145116516	145116899	LTR/ERV1	2400	+	192	145116708	89597
chr3	43064910	43264910	harbor1	chr3	43139529	43139999	LTR/ERV1	487	+	235	43139764	74854
chr3	153192567	153392567	harbor1	chr3	153268512	153269329	LTR/ERV1	4020	+	408	153268920	76353
chr3	153192567	153392567	harbor1	chr3	153281229	153282423	LTR/ERV1	7625	+	597	153281826	89259
chr3	72691028	72891028	harbor1	chr3	72696923	72697160	LTR/ERV1	1513	+	118	72697041	6013
chr3	21898228	22098228	harbor1	chr3	21911998	21912373	LTR/ERV1	1002	+	188	21912186	13958
chr3	21898228	22098228	harbor1	chr3	21993858	21994202	LTR/ERV1	516	+	172	21994030	95802
chr3	21898228	22098228	harbor1	chr3	21997942	21998417	LTR/ERV1	2770	+	238	21998180	99952
chr3	196814748	197014748	harbor1	chr3	196846988	196847039	LTR/ERV1	698	+	26	196847014	32266
chr3	196814748	197014748	harbor1	chr3	196847309	196847680	LTR/ERV1	2808	+	186	196847495	32747
chr3	196814748	197014748	harbor1	chr3	196847973	196848085	LTR/ERV1	2808	+	56	196848029	33281
chr3	196814748	197014748	harbor1	chr3	196848094	196848188	LTR/ERV1	936	+	47	196848141	33393
chr3	196814748	197014748	harbor1	chr3	196848501	196848609	LTR/ERV1	936	+	54	196848555	33807
chr3	196814748	197014748	harbor1	chr3	196849101	196849302	LTR/ERV1	1336	+	100	196849201	34453
chr3	196814748	197014748	harbor1	chr3	196849303	196849797	LTR/ERV1	3129	+	247	196849550	34802
chr3	193841912	194041912	harbor1	chr3	193885276	193885449	LTR/ERV1	4132	+	86	193885362	43450
chr3	193841912	194041912	harbor1	chr3	193885762	193886306	LTR/ERV1	4132	+	272	193886034	44122
chr3	101479486	101679486	harbor1	chr3	101516983	101517016	LTR/ERV1	1281	+	16	101516999	37513
chr3	101479486	101679486	harbor1	chr3	101517315	101517764	LTR/ERV1	1281	+	224	101517539	38053
chr3	101479486	101679486	harbor1	chr3	101529290	101529722	LTR/ERV1	2303	+	216	101529506	50020
chr3	101479486	101679486	harbor1	chr3	101543938	101544485	LTR/ERV1	2391	+	274	101544212	64726
chr3	101479486	101679486	harbor1	chr3	101547289	101548001	LTR/ERV1	3750	+	356	101547645	68159
chr3	101479486	101679486	harbor1	chr3	101549568	101549734	LTR/ERV1	2379	+	83	101549651	70165
chr3	101479486	101679486	harbor1	chr3	101550356	101550606	LTR/ERV1	2379	+	125	101550481	70995
chr3	101479486	101679486	harbor1	chr3	101554853	101555117	LTR/ERV1	1565	+	132	101554985	75499
chr3	101479486	101679486	harbor1	chr3	101555734	101555969	LTR/ERV1	2217	+	118	101555852	76366
chr3	101479486	101679486	harbor1	chr3	101556262	101556389	LTR/ERV1	2383	+	64	101556326	76840
chr3	101479486	101679486	harbor1	chr3	101556416	101556634	LTR/ERV1	2383	+	109	101556525	77039
chr3	101479486	101679486	harbor1	chr3	101571093	101571326	LTR/ERV1	1364	+	116	101571209	91723
chr3	101479486	101679486	harbor1	chr3	101571512	101571582	LTR/ERV1	449	+	35	101571547	92061
chr3	101479486	101679486	harbor1	chr3	101571743	101571991	LTR/ERV1	752	+	124	101571867	92381
chr3	101479486	101679486	harbor1	chr3	101571964	101572055	LTR/ERV1	413	+	46	101572010	92524
chr3	101479486	101679486	harbor1	chr3	101531539	101532285	LTR/ERV1	2362	+	373	101531912	52426
chr3	150873907	151073907	harbor1	chr3	150943160	150943999	LTR/ERV1	3700	+	420	150943580	69673
chr3	150873907	151073907	harbor1	chr3	150968833	150969019	LTR/ERV1	859	+	93	150968926	95019
chr3	75738447	75938447	harbor1	chr3	75770986	75771462	LTR/ERV1	2403	+	238	75771224	32777
chr3	75738447	75938447	harbor1	chr3	75771603	75772849	LTR/ERV1	4352	+	623	75772226	33779
chr3	75738447	75938447	harbor1	chr3	75772850	75773740	LTR/ERV1	4370	+	445	75773295	34848
chr3	75738447	75938447	harbor1	chr3	75774068	75774610	LTR/ERV1	11209	+	271	75774339	35892
chr3	75738447	75938447	harbor1	chr3	75774919	75774969	LTR/ERV1	11209	+	25	75774944	36497
chr3	75738447	75938447	harbor1	chr3	75775260	75775573	LTR/ERV1	11209	+	156	75775416	36969
chr3	75738447	75938447	harbor1	chr3	75776820	75777229	LTR/ERV1	2466	+	204	75777024	38577
chr3	75738447	75938447	harbor1	chr3	75780299	75780412	LTR/ERV1	2833	+	56	75780355	41908
chr3	75738447	75938447	harbor1	chr3	75780700	75781073	LTR/ERV1	2833	+	186	75780886	42439
chr3	75738447	75938447	harbor1	chr3	75781074	75781472	LTR/ERV1	2382	+	199	75781273	42826
chr3	75738447	75938447	harbor1	chr3	75781557	75782119	LTR/ERV1	3857	+	281	75781838	43391
chr3	75738447	75938447	harbor1	chr3	75786831	75787170	LTR/ERV1	886	+	170	75787001	48554
chr3	75738447	75938447	harbor1	chr3	75814570	75815072	LTR/ERV1	1931	+	251	75814821	76374
chr3	75738447	75938447	harbor1	chr3	75775871	75776820	LTR/ERV1	11209	+	474	75776345	37898
chr3	184835222	185035222	harbor1	chr3	184911683	184912262	LTR/ERV1	2694	+	290	184911973	76751
chr3	94170260	94370260	harbor1	chr3	94182265	94182698	LTR/ERV1	2503	+	216	94182481	12221
chr3	94170260	94370260	harbor1	chr3	94221970	94222574	LTR/ERV1	2696	+	302	94222272	52012
chr3	94170260	94370260	harbor1	chr3	94252257	94252920	LTR/ERV1	2781	+	332	94252589	82329
chr3	94170260	94370260	harbor1	chr3	94258517	94258869	LTR/ERV1	459	+	176	94258693	88433
chr3	94170260	94370260	harbor1	chr3	94259200	94259423	LTR/ERV1	459	+	112	94259312	89052
chr3	94170260	94370260	harbor1	chr3	94259424	94259986	LTR/ERV1	3481	+	281	94259705	89445
chr3	94170260	94370260	harbor1	chr3	94259987	94260494	LTR/ERV1	459	+	254	94260241	89981
chr3	159359790	159559790	harbor1	chr3	159389821	159390224	LTR/ERV1	417	+	202	159390023	30233
chr3	132896540	133096540	harbor1	chr3	132923997	132924478	LTR/ERV1	2757	+	240	132924237	27697
chr3	132896540	133096540	harbor1	chr3	132976721	132976766	LTR/ERV1	2200	+	22	132976743	80203
chr3	132896540	133096540	harbor1	chr3	132977075	132977506	LTR/ERV1	2200	+	216	132977291	80751
chr3	132896540	133096540	harbor1	chr3	132978980	132979528	LTR/ERV1	4261	+	274	132979254	82714
chr3	196375920	196575920	harbor1	chr3	196444917	196445080	LTR/ERV1	3016	+	82	196444999	69079
chr3	196375920	196575920	harbor1	chr3	196445392	196445628	LTR/ERV1	3016	+	118	196445510	69590
chr3	196375920	196575920	harbor1	chr3	196445929	196446166	LTR/ERV1	3016	+	118	196446047	70127
chr3	110166084	110366084	harbor1	chr3	110175913	110176251	LTR/ERV1	831	+	169	110176082	9998
chr3	110166084	110366084	harbor1	chr3	110227431	110227874	LTR/ERV1	2459	+	222	110227653	61569
chr3	144681807	144881807	harbor1	chr3	144703917	144704364	LTR/ERV1	407	+	224	144704141	22334
chr3	144681807	144881807	harbor1	chr3	144734358	144734453	LTR/ERV1	465	+	48	144734406	52599
chr3	144681807	144881807	harbor1	chr3	144747103	144747529	LTR/ERV1	1492	+	213	144747316	65509
chr3	144681807	144881807	harbor1	chr3	144749629	144751211	LTR/ERV1	11109	+	791	144750420	68613
chr3	144681807	144881807	harbor1	chr3	144756712	144758239	LTR/ERV1	8782	+	764	144757476	75669
chr3	178121989	178321989	harbor1	chr3	178127330	178127668	LTR/ERV1	1658	+	169	178127499	5510
chr3	178121989	178321989	harbor1	chr3	178129900	178130025	LTR/ERV1	856	+	62	178129962	7973
chr3	178121989	178321989	harbor1	chr3	178159007	178159595	LTR/ERV1	2114	+	294	178159301	37312
chr3	178121989	178321989	harbor1	chr3	178207403	178207808	LTR/ERV1	2654	+	202	178207605	85616
chr3	178121989	178321989	harbor1	chr3	178212497	178214246	LTR/ERV1	7980	+	874	178213371	91382
chr3	178121989	178321989	harbor1	chr3	178214247	178214658	LTR/ERV1	2774	+	206	178214453	92464
chr3	178121989	178321989	harbor1	chr3	178207963	178212510	LTR/ERV1	24345	+	2274	178210237	88248
chr3	151518943	151718943	harbor1	chr3	151555665	151556178	LTR/ERV1	3257	+	256	151555921	36978
chr3	151518943	151718943	harbor1	chr3	151560050	151560567	LTR/ERV1	2740	+	258	151560308	41365
chr3	151518943	151718943	harbor1	chr3	151561979	151562527	LTR/ERV1	3858	+	274	151562253	43310
chr3	151518943	151718943	harbor1	chr3	151576530	151577041	LTR/ERV1	2510	+	256	151576786	57843
chr3	118264899	118464899	harbor1	chr3	118269497	118270895	LTR/ERV1	9216	+	699	118270196	5297
chr3	117409893	117609893	harbor1	chr3	117484017	117484153	LTR/ERV1	965	+	68	117484085	74192
chr3	117409893	117609893	harbor1	chr3	117501816	117502445	LTR/ERV1	2776	+	314	117502130	92237
chr3	65007705	65207705	harbor1	chr3	65041180	65041615	LTR/ERV1	1311	+	218	65041398	33693
chr3	65007705	65207705	harbor1	chr3	65092280	65092963	LTR/ERV1	5313	+	342	65092622	84917
chr3	143604669	143804669	harbor1	chr3	143642351	143642492	LTR/ERV1	646	+	70	143642421	37752
chr3	143604669	143804669	harbor1	chr3	143691392	143691924	LTR/ERV1	2660	+	266	143691658	86989
chr3	13169611	13369611	harbor1	chr3	13178804	13179249	LTR/ERV1	2603	+	222	13179026	9415
chr3	13169611	13369611	harbor1	chr3	13179573	13180974	LTR/ERV1	10961	+	700	13180273	10662
chr3	77208102	77408102	harbor1	chr3	77247847	77248764	LTR/ERV1	4245	+	458	77248305	40203
chr3	57200723	57400723	harbor1	chr3	57299914	57300266	LTR/ERV1	2205	+	176	57300090	99367
chr3	189250636	189450636	harbor1	chr3	189332351	189332440	LTR/ERV1	3056	+	44	189332395	81759
chr3	189250636	189450636	harbor1	chr3	189332731	189333106	LTR/ERV1	3060	+	188	189332919	82283
chr3	189250636	189450636	harbor1	chr3	189333397	189333477	LTR/ERV1	3060	+	40	189333437	82801
chr3	53164761	53364761	harbor1	chr3	53201152	53201529	LTR/ERV1	2488	+	188	53201340	36579
chr3	53164761	53364761	harbor1	chr3	53201828	53201929	LTR/ERV1	2488	+	50	53201878	37117
chr3	53164761	53364761	harbor1	chr3	53258272	53258393	LTR/ERV1	663	+	60	53258332	93571
chr3	53164761	53364761	harbor1	chr3	53258551	53258669	LTR/ERV1	689	+	59	53258610	93849
chr3	16004685	16204685	harbor1	chr3	16077140	16077935	LTR/ERV1	6306	+	398	16077538	72853
chr3	16004685	16204685	harbor1	chr3	16101148	16101350	LTR/ERV1	1280	+	101	16101249	96564
chr3	16004685	16204685	harbor1	chr3	16101890	16102376	LTR/ERV1	2847	+	243	16102133	97448
chr3	60987691	61187691	harbor1	chr3	61049708	61050235	LTR/ERV1	1348	+	264	61049972	62281
chr3	74771499	74971499	harbor1	chr3	74825023	74825504	LTR/ERV1	4057	+	240	74825263	53764
chr3	74771499	74971499	harbor1	chr3	74826393	74827362	LTR/ERV1	6622	+	484	74826877	55378
chr3	74771499	74971499	harbor1	chr3	74827362	74830895	LTR/ERV1	24613	+	1766	74829128	57629
chr3	74771499	74971499	harbor1	chr3	74830896	74831316	LTR/ERV1	3081	+	210	74831106	59607
chr3	74771499	74971499	harbor1	chr3	74825505	74826406	LTR/ERV1	6598	+	450	74825955	54456
chr3	4142876	4342876	harbor1	chr3	4205015	4205444	LTR/ERV1	3260	+	214	4205229	62353
chr3	173250937	173450937	harbor1	chr3	173269966	173270656	LTR/ERV1	2833	+	345	173270311	19374
chr3	173250937	173450937	harbor1	chr3	173270972	173271434	LTR/ERV1	2252	+	231	173271203	20266
chr3	173250937	173450937	harbor1	chr3	173271962	173272253	LTR/ERV1	1756	+	146	173272108	21171
chr3	173250937	173450937	harbor1	chr3	173274055	173274398	LTR/ERV1	2950	+	172	173274227	23290
chr3	173250937	173450937	harbor1	chr3	173274708	173274782	LTR/ERV1	2950	+	37	173274745	23808
chr3	173250937	173450937	harbor1	chr3	173278496	173278756	LTR/ERV1	1902	+	130	173278626	27689
chr3	173250937	173450937	harbor1	chr3	173278752	173281509	LTR/ERV1	19870	+	1378	173280130	29193
chr3	173250937	173450937	harbor1	chr3	173281515	173281973	LTR/ERV1	2837	+	229	173281744	30807
chr3	173250937	173450937	harbor1	chr3	173282625	173282744	LTR/ERV1	453	+	60	173282685	31748
chr3	173250937	173450937	harbor1	chr3	173274783	173278491	LTR/ERV1	18632	+	1854	173276637	25700
chr3	187294463	187494463	harbor1	chr3	187324107	187324426	LTR/ERV1	1572	+	160	187324267	29804
chr3	187294463	187494463	harbor1	chr3	187384304	187385001	LTR/ERV1	4086	+	348	187384652	90189
chr3	69596038	69796038	harbor1	chr3	69650554	69651013	LTR/ERV1	2606	+	230	69650784	54746
chr3	69596038	69796038	harbor1	chr3	69660494	69661717	LTR/ERV1	5994	+	612	69661106	65068
chr3	69596038	69796038	harbor1	chr3	69677274	69678929	LTR/ERV1	10732	+	828	69678102	82064
chr3	73821318	74021318	harbor1	chr3	73866617	73867340	LTR/ERV1	3182	+	362	73866979	45661
chr3	11750120	11950120	harbor1	chr3	11839536	11840236	LTR/ERV1	4459	+	350	11839886	89766
chr3	11750120	11950120	harbor1	chr3	11840535	11840621	LTR/ERV1	4459	+	43	11840578	90458
chr3	171925249	172125249	harbor1	chr3	172018276	172018397	LTR/ERV1	550	+	60	172018336	93087
chr3	68757710	68957710	harbor1	chr3	68770753	68771538	LTR/ERV1	4644	+	392	68771145	13435
chr3	1112153	1312153	harbor1	chr3	1139311	1139577	LTR/ERV1	946	+	133	1139444	27291
chr3	1112153	1312153	harbor1	chr3	1140042	1140171	LTR/ERV1	421	+	64	1140106	27953
chr3	110642818	110842818	harbor1	chr3	110652448	110653119	LTR/ERV1	4156	+	336	110652784	9966
chr3	110642818	110842818	harbor1	chr3	110684062	110684327	LTR/ERV1	1359	+	132	110684194	41376
chr3	110642818	110842818	harbor1	chr3	110729999	110730349	LTR/ERV1	1793	+	175	110730174	87356
chr3	711551	911551	harbor1	chr3	726947	727132	LTR/ERV1	557	+	92	727039	15488
chr3	711551	911551	harbor1	chr3	781355	781717	LTR/ERV1	1176	+	181	781536	69985
chr3	26310250	26510250	harbor1	chr3	26310075	26310351	LTR/ERV1	1453	+	138	26310213	37
chr3	26310250	26510250	harbor1	chr3	26312487	26313295	LTR/ERV1	4702	+	404	26312891	2641
chr3	67392911	67592911	harbor1	chr3	67489742	67490180	LTR/ERV1	2407	+	219	67489961	97050
chr3	887525	1087525	harbor1	chr3	906755	907147	LTR/ERV1	2326	+	196	906951	19426
chr3	887525	1087525	harbor1	chr3	912687	913263	LTR/ERV1	2396	+	288	912975	25450
chr3	887525	1087525	harbor1	chr3	913575	914042	LTR/ERV1	3307	+	234	913809	26284
chr3	887525	1087525	harbor1	chr3	972146	972548	LTR/ERV1	2078	+	201	972347	84822
chr3	178605179	178805179	harbor1	chr3	178647162	178647238	LTR/ERV1	468	+	38	178647200	42021
chr3	98264038	98464038	harbor1	chr3	98274402	98275441	LTR/ERV1	4834	+	520	98274922	10884
chr3	98264038	98464038	harbor1	chr3	98275972	98276238	LTR/ERV1	723	+	133	98276105	12067
chr3	98264038	98464038	harbor1	chr3	98281724	98282635	LTR/ERV1	5609	+	456	98282180	18142
chr3	98264038	98464038	harbor1	chr3	98324886	98325528	LTR/ERV1	3697	+	321	98325207	61169
chr3	98264038	98464038	harbor1	chr3	98326514	98327194	LTR/ERV1	3387	+	340	98326854	62816
chr3	38198972	38398972	harbor1	chr3	38279870	38280392	LTR/ERV1	3311	+	261	38280131	81159
chr3	5500909	5700909	harbor1	chr3	5503836	5504533	LTR/ERV1	3929	+	348	5504184	3275
chr3	11132145	11332145	harbor1	chr3	11131821	11132301	LTR/ERV1	4174	+	240	11132061	84
chr3	39123872	39323872	harbor1	chr3	39165916	39165986	LTR/ERV1	509	+	35	39165951	42079
chr3	39123872	39323872	harbor1	chr3	39206110	39206404	LTR/ERV1	409	+	147	39206257	82385
chr3	39123872	39323872	harbor1	chr3	39208415	39208984	LTR/ERV1	2586	+	284	39208699	84827
chr3	39123872	39323872	harbor1	chr3	39210200	39210591	LTR/ERV1	1271	+	196	39210396	86524
chr3	20205653	20405653	harbor1	chr3	20264539	20265510	LTR/ERV1	4085	+	486	20265025	59372
chr3	20205653	20405653	harbor1	chr3	20269429	20270231	LTR/ERV1	4803	+	401	20269830	64177
chr3	20205653	20405653	harbor1	chr3	20270232	20274945	LTR/ERV1	23608	+	2356	20272588	66935
chr3	20205653	20405653	harbor1	chr3	20274960	20275730	LTR/ERV1	5949	+	385	20275345	69692
chr3	20205653	20405653	harbor1	chr3	20275732	20276443	LTR/ERV1	5565	+	356	20276088	70435
chr4	105310844	105510844	harbor1	chr4	105359065	105359791	LTR/ERV1	5274	+	363	105359428	48584
chr4	177096803	177296803	harbor1	chr4	177114706	177115016	LTR/ERV1	1562	+	155	177114861	18058
chr4	177096803	177296803	harbor1	chr4	177191615	177192038	LTR/ERV1	1772	+	212	177191827	95024
chr4	125200706	125400706	harbor1	chr4	125203944	125204726	LTR/ERV1	4052	+	391	125204335	3629
chr4	125200706	125400706	harbor1	chr4	125280778	125282134	LTR/ERV1	6585	+	678	125281456	80750
chr4	160586564	160786564	harbor1	chr4	160662152	160662828	LTR/ERV1	4925	+	338	160662490	75926
chr4	160586564	160786564	harbor1	chr4	160662830	160665772	LTR/ERV1	22861	+	1471	160664301	77737
chr4	160586564	160786564	harbor1	chr4	160665772	160667337	LTR/ERV1	12235	+	782	160666554	79990
chr4	160586564	160786564	harbor1	chr4	160667338	160668045	LTR/ERV1	5023	+	354	160667692	81128
chr4	126541171	126741171	harbor1	chr4	126546205	126546658	LTR/ERV1	3583	+	226	126546431	5260
chr4	20868970	21068970	harbor1	chr4	20885109	20885699	LTR/ERV1	3274	+	295	20885404	16434
chr4	20868970	21068970	harbor1	chr4	20903443	20903823	LTR/ERV1	2896	+	190	20903633	34663
chr4	20868970	21068970	harbor1	chr4	20925230	20925722	LTR/ERV1	3223	+	246	20925476	56506
chr4	66835405	67035405	harbor1	chr4	66859987	66861313	LTR/ERV1	8970	+	663	66860650	25245
chr4	151923984	152123984	harbor1	chr4	152013069	152013817	LTR/ERV1	4306	+	374	152013443	89459
chr4	151923984	152123984	harbor1	chr4	152018465	152018667	LTR/ERV1	634	+	101	152018566	94582
chr4	151923984	152123984	harbor1	chr4	152018694	152019048	LTR/ERV1	1327	+	177	152018871	94887
chr4	170178744	170378744	harbor1	chr4	170226428	170226711	LTR/ERV1	1518	+	142	170226570	47826
chr4	170178744	170378744	harbor1	chr4	170259990	170260728	LTR/ERV1	581	+	369	170260359	81615
chr4	170178744	170378744	harbor1	chr4	170270700	170271218	LTR/ERV1	3007	+	259	170270959	92215
chr4	172711870	172911870	harbor1	chr4	172772275	172772572	LTR/ERV1	1006	+	148	172772423	60553
chr4	172711870	172911870	harbor1	chr4	172802173	172802513	LTR/ERV1	4564	+	170	172802343	90473
chr4	172711870	172911870	harbor1	chr4	172802814	172803171	LTR/ERV1	4564	+	178	172802992	91122
chr4	131743652	131943652	harbor1	chr4	131793781	131794649	LTR/ERV1	4527	+	434	131794215	50563
chr4	131743652	131943652	harbor1	chr4	131812414	131812712	LTR/ERV1	1203	+	149	131812563	68911
chr4	131743652	131943652	harbor1	chr4	131822604	131822851	LTR/ERV1	602	+	124	131822728	79076
chr4	156022177	156222177	harbor1	chr4	156045433	156045766	LTR/ERV1	1852	+	166	156045599	23422
chr4	178428790	178628790	harbor1	chr4	178523513	178523917	LTR/ERV1	1383	+	202	178523715	94925
chr4	122335521	122535521	harbor1	chr4	122377231	122377705	LTR/ERV1	1950	+	237	122377468	41947
chr4	19930301	20130301	harbor1	chr4	19945651	19946380	LTR/ERV1	3807	+	364	19946015	15714
chr4	19930301	20130301	harbor1	chr4	20004931	20005052	LTR/ERV1	954	+	60	20004991	74690
chr4	19930301	20130301	harbor1	chr4	20003832	20004930	LTR/ERV1	6569	+	549	20004381	74080
chr4	88098907	88298907	harbor1	chr4	88141669	88141729	LTR/ERV1	439	+	30	88141699	42792
chr4	88098907	88298907	harbor1	chr4	88166466	88166566	LTR/ERV1	531	+	50	88166516	67609
chr4	88098907	88298907	harbor1	chr4	88170134	88170795	LTR/ERV1	3728	+	330	88170464	71557
chr4	177635805	177835805	harbor1	chr4	177650101	177650526	LTR/ERV1	2348	+	212	177650313	14508
chr4	177635805	177835805	harbor1	chr4	177657717	177657970	LTR/ERV1	2617	+	126	177657843	22038
chr4	177635805	177835805	harbor1	chr4	177658324	177658624	LTR/ERV1	2617	+	150	177658474	22669
chr4	177635805	177835805	harbor1	chr4	177658907	177659001	LTR/ERV1	2617	+	47	177658954	23149
chr4	177635805	177835805	harbor1	chr4	177663579	177663829	LTR/ERV1	3686	+	125	177663704	27899
chr4	177635805	177835805	harbor1	chr4	177664378	177664832	LTR/ERV1	3686	+	227	177664605	28800
chr4	46122644	46322644	harbor1	chr4	46164686	46165187	LTR/ERV1	2487	+	250	46164936	42292
chr4	46122644	46322644	harbor1	chr4	46171288	46171868	LTR/ERV1	2604	+	290	46171578	48934
chr4	46122644	46322644	harbor1	chr4	46196221	46196543	LTR/ERV1	1639	+	161	46196382	73738
chr4	31585939	31785939	harbor1	chr4	31604349	31604642	LTR/ERV1	1004	+	146	31604495	18556
chr4	31585939	31785939	harbor1	chr4	31604922	31610156	LTR/ERV1	25909	+	2617	31607539	21600
chr4	31585939	31785939	harbor1	chr4	31611808	31612073	LTR/ERV1	893	+	132	31611940	26001
chr4	31585939	31785939	harbor1	chr4	31612141	31612525	LTR/ERV1	892	+	192	31612333	26394
chr4	31585939	31785939	harbor1	chr4	31652356	31653047	LTR/ERV1	2423	+	346	31652702	66763
chr4	31585939	31785939	harbor1	chr4	31604643	31604908	LTR/ERV1	1405	+	132	31604775	18836
chr4	11304743	11504743	harbor1	chr4	11332556	11333180	LTR/ERV1	1420	+	312	11332868	28125
chr4	11304743	11504743	harbor1	chr4	11375077	11375536	LTR/ERV1	4021	+	230	11375307	70564
chr4	175698119	175898119	harbor1	chr4	175706670	175707301	LTR/ERV1	4255	+	316	175706986	8867
chr4	175698119	175898119	harbor1	chr4	175711621	175711921	LTR/ERV1	1327	+	150	175711771	13652
chr4	175698119	175898119	harbor1	chr4	175722284	175722649	LTR/ERV1	975	+	182	175722466	24347
chr4	107802869	108002869	harbor1	chr4	107883818	107884506	LTR/ERV1	4459	+	344	107884162	81293
chr4	107802869	108002869	harbor1	chr4	107884512	107884951	LTR/ERV1	3203	+	220	107884732	81863
chr4	107802869	108002869	harbor1	chr4	107888943	107889177	LTR/ERV1	1278	+	117	107889060	86191
chr4	69505296	69705296	harbor1	chr4	69519505	69519916	LTR/ERV1	1939	+	206	69519711	14415
chr4	69505296	69705296	harbor1	chr4	69520293	69521778	LTR/ERV1	3848	+	742	69521035	15739
chr4	69505296	69705296	harbor1	chr4	69546069	69546701	LTR/ERV1	1081	+	316	69546385	41089
chr4	69505296	69705296	harbor1	chr4	69548878	69549378	LTR/ERV1	2402	+	250	69549128	43832
chr4	13891379	14091379	harbor1	chr4	13900040	13900421	LTR/ERV1	2496	+	190	13900230	8851
chr4	13891379	14091379	harbor1	chr4	13944052	13944612	LTR/ERV1	3801	+	280	13944332	52953
chr4	13891379	14091379	harbor1	chr4	13950283	13951011	LTR/ERV1	3564	+	364	13950647	59268
chr4	13891379	14091379	harbor1	chr4	13971146	13971687	LTR/ERV1	3191	+	270	13971416	80037
chr4	13891379	14091379	harbor1	chr4	13973175	13973941	LTR/ERV1	4852	+	383	13973558	82179
chr4	173217660	173417660	harbor1	chr4	173246120	173246368	LTR/ERV1	762	+	124	173246244	28584
chr4	168722666	168922666	harbor1	chr4	168766268	168766343	LTR/ERV1	508	+	38	168766306	43640
chr4	189712793	189912793	harbor1	chr4	189718614	189719076	LTR/ERV1	3951	+	231	189718845	6052
chr4	65681722	65881722	harbor1	chr4	65741735	65742945	LTR/ERV1	6523	+	605	65742340	60618
chr4	65681722	65881722	harbor1	chr4	65743055	65743824	LTR/ERV1	6523	+	384	65743439	61717
chr4	65681722	65881722	harbor1	chr4	65743821	65744214	LTR/ERV1	2380	+	196	65744017	62295
chr4	65681722	65881722	harbor1	chr4	65744219	65744722	LTR/ERV1	3157	+	252	65744471	62749
chr4	65681722	65881722	harbor1	chr4	65780590	65781021	LTR/ERV1	904	+	216	65780806	99084
chr4	63496157	63696157	harbor1	chr4	63582467	63582842	LTR/ERV1	1090	+	188	63582655	86498
chr4	4658971	4858971	harbor1	chr4	4664567	4664994	LTR/ERV1	1588	+	214	4664781	5810
chr4	4658971	4858971	harbor1	chr4	4669782	4669877	LTR/ERV1	4221	+	48	4669830	10859
chr4	4658971	4858971	harbor1	chr4	4670181	4670726	LTR/ERV1	4221	+	272	4670453	11482
chr4	4658971	4858971	harbor1	chr4	4684971	4685072	LTR/ERV1	1255	+	50	4685021	26050
chr4	4658971	4858971	harbor1	chr4	4685368	4685765	LTR/ERV1	1255	+	198	4685566	26595
chr4	187661498	187861498	harbor1	chr4	187662401	187662715	LTR/ERV1	1078	+	157	187662558	1060
chr4	187661498	187861498	harbor1	chr4	187685051	187685110	LTR/ERV1	438	+	30	187685081	23583
chr4	187661498	187861498	harbor1	chr4	187701799	187702369	LTR/ERV1	2333	+	285	187702084	40586
chr4	187661498	187861498	harbor1	chr4	187707043	187707293	LTR/ERV1	738	+	125	187707168	45670
chr4	187661498	187861498	harbor1	chr4	187707438	187707661	LTR/ERV1	604	+	112	187707550	46052
chr4	187661498	187861498	harbor1	chr4	187662291	187662401	LTR/ERV1	525	+	55	187662346	848
chr4	18905232	19105232	harbor1	chr4	18980566	18981055	LTR/ERV1	2759	+	244	18980810	75578
chr4	18905232	19105232	harbor1	chr4	18987287	18988015	LTR/ERV1	4729	+	364	18987651	82419
chr4	18905232	19105232	harbor1	chr4	18991695	18992204	LTR/ERV1	1929	+	254	18991949	86717
chr4	18905232	19105232	harbor1	chr4	18992497	18992859	LTR/ERV1	1782	+	181	18992678	87446
chr4	18905232	19105232	harbor1	chr4	18998987	18999387	LTR/ERV1	3293	+	200	18999187	93955
chr4	18905232	19105232	harbor1	chr4	18999692	18999954	LTR/ERV1	3293	+	131	18999823	94591
chr4	62886403	63086403	harbor1	chr4	62971017	62971771	LTR/ERV1	4897	+	377	62971394	84991
chr4	62886403	63086403	harbor1	chr4	62971776	62972498	LTR/ERV1	5004	+	361	62972137	85734
chr4	62886403	63086403	harbor1	chr4	62972767	62973703	LTR/ERV1	6882	+	468	62973235	86832
chr4	62886403	63086403	harbor1	chr4	62973704	62974409	LTR/ERV1	4977	+	352	62974056	87653
chr4	62886403	63086403	harbor1	chr4	62974410	62974946	LTR/ERV1	6882	+	268	62974678	88275
chr4	62886403	63086403	harbor1	chr4	62974941	62976605	LTR/ERV1	13159	+	832	62975773	89370
chr4	62886403	63086403	harbor1	chr4	62976576	62976717	LTR/ERV1	1062	+	70	62976646	90243
chr4	62886403	63086403	harbor1	chr4	62976711	62977002	LTR/ERV1	2255	+	146	62976857	90454
chr4	62886403	63086403	harbor1	chr4	62977003	62977760	LTR/ERV1	4908	+	378	62977381	90978
chr4	62886403	63086403	harbor1	chr4	62896779	62898530	LTR/ERV1	6774	+	876	62897655	11252
chr4	162016648	162216648	harbor1	chr4	162054556	162055226	LTR/ERV1	3165	+	335	162054891	38243
chr4	162016648	162216648	harbor1	chr4	162103704	162104464	LTR/ERV1	5888	+	380	162104084	87436
chr4	129823031	130023031	harbor1	chr4	129899683	129899780	LTR/ERV1	758	+	48	129899731	76700
chr4	129823031	130023031	harbor1	chr4	129900238	129900452	LTR/ERV1	758	+	107	129900345	77314
chr4	129823031	130023031	harbor1	chr4	129900458	129901613	LTR/ERV1	4629	+	578	129901036	78005
chr4	129823031	130023031	harbor1	chr4	129901727	129902423	LTR/ERV1	1347	+	348	129902075	79044
chr4	129823031	130023031	harbor1	chr4	129902451	129902855	LTR/ERV1	1347	+	202	129902653	79622
chr4	132808712	133008712	harbor1	chr4	132809181	132809953	LTR/ERV1	4452	+	386	132809567	855
chr4	132808712	133008712	harbor1	chr4	132882300	132882799	LTR/ERV1	3600	+	250	132882550	73838
chr4	132808712	133008712	harbor1	chr4	132882800	132883518	LTR/ERV1	5459	+	359	132883159	74447
chr4	132808712	133008712	harbor1	chr4	132883679	132884944	LTR/ERV1	9516	+	632	132884311	75599
chr4	132808712	133008712	harbor1	chr4	132884937	132888341	LTR/ERV1	27377	+	1702	132886639	77927
chr4	132808712	133008712	harbor1	chr4	132888333	132888495	LTR/ERV1	1274	+	81	132888414	79702
chr4	132808712	133008712	harbor1	chr4	132888522	132888812	LTR/ERV1	2306	+	145	132888667	79955
chr4	132808712	133008712	harbor1	chr4	132888813	132889138	LTR/ERV1	2322	+	162	132888975	80263
chr4	97724477	97924477	harbor1	chr4	97754109	97754541	LTR/ERV1	2176	+	216	97754325	29848
chr4	97724477	97924477	harbor1	chr4	97823518	97823672	LTR/ERV1	1095	+	77	97823595	99118
chr4	97724477	97924477	harbor1	chr4	97823673	97824301	LTR/ERV1	4091	+	314	97823987	99510
chr4	28878407	29078407	harbor1	chr4	28886554	28886781	LTR/ERV1	921	+	114	28886668	8261
chr4	28878407	29078407	harbor1	chr4	28887503	28887705	LTR/ERV1	921	+	101	28887604	9197
chr4	28878407	29078407	harbor1	chr4	28907661	28908245	LTR/ERV1	2804	+	292	28907953	29546
chr4	28878407	29078407	harbor1	chr4	28961346	28961964	LTR/ERV1	2761	+	309	28961655	83248
chr4	22139271	22339271	harbor1	chr4	22191095	22191879	LTR/ERV1	5505	+	392	22191487	52216
chr4	22139271	22339271	harbor1	chr4	22193107	22193186	LTR/ERV1	489	+	40	22193147	53876
chr4	22139271	22339271	harbor1	chr4	22194645	22195219	LTR/ERV1	4027	+	287	22194932	55661
chr5	102401648	102601648	harbor1	chr5	102407052	102407538	LTR/ERV1	2446	+	243	102407295	5647
chr5	102401648	102601648	harbor1	chr5	102411580	102412398	LTR/ERV1	5274	+	409	102411989	10341
chr5	102401648	102601648	harbor1	chr5	102497588	102498319	LTR/ERV1	2892	+	366	102497954	96306
chr5	176001735	176201735	harbor1	chr5	176001295	176001739	LTR/ERV1	2638	+	222	176001517	218
chr5	176001735	176201735	harbor1	chr5	176005648	176005913	LTR/ERV1	1419	+	132	176005780	4045
chr5	176001735	176201735	harbor1	chr5	176009705	176010480	LTR/ERV1	4751	+	388	176010093	8358
chr5	176001735	176201735	harbor1	chr5	176088499	176088611	LTR/ERV1	515	+	56	176088555	86820
chr5	87020004	87220004	harbor1	chr5	87022218	87022913	LTR/ERV1	3955	+	348	87022566	2562
chr5	156808738	157008738	harbor1	chr5	156817975	156818616	LTR/ERV1	3656	+	320	156818295	9557
chr5	156808738	157008738	harbor1	chr5	156820949	156821436	LTR/ERV1	3351	+	244	156821193	12455
chr5	156808738	157008738	harbor1	chr5	156821763	156821861	LTR/ERV1	3351	+	49	156821812	13074
chr5	156808738	157008738	harbor1	chr5	156822133	156822200	LTR/ERV1	3351	+	34	156822167	13429
chr5	156808738	157008738	harbor1	chr5	156883446	156883958	LTR/ERV1	2611	+	256	156883702	74964
chr5	24363764	24563764	harbor1	chr5	24387043	24387584	LTR/ERV1	3977	+	270	24387313	23549
chr5	24363764	24563764	harbor1	chr5	24387586	24391797	LTR/ERV1	31502	+	2106	24389692	25928
chr5	24363764	24563764	harbor1	chr5	24398200	24399883	LTR/ERV1	6511	+	842	24399042	35278
chr5	24363764	24563764	harbor1	chr5	24399898	24400666	LTR/ERV1	6214	+	384	24400282	36518
chr5	24363764	24563764	harbor1	chr5	24400671	24401071	LTR/ERV1	2412	+	200	24400871	37107
chr5	24363764	24563764	harbor1	chr5	24426900	24426979	LTR/ERV1	510	+	40	24426940	63176
chr5	24363764	24563764	harbor1	chr5	24427016	24427320	LTR/ERV1	1050	+	152	24427168	63404
chr5	84051850	84251850	harbor1	chr5	84069676	84070524	LTR/ERV1	4514	+	424	84070100	18250
chr5	112317505	112517505	harbor1	chr5	112323354	112323756	LTR/ERV1	900	+	201	112323555	6050
chr5	112317505	112517505	harbor1	chr5	112333925	112334860	LTR/ERV1	4560	+	468	112334393	16888
chr5	112317505	112517505	harbor1	chr5	112389295	112389802	LTR/ERV1	2610	+	254	112389549	72044
chr5	100339448	100539448	harbor1	chr5	100354439	100355430	LTR/ERV1	5846	+	496	100354935	15487
chr5	100339448	100539448	harbor1	chr5	100357982	100358167	LTR/ERV1	880	+	92	100358074	18626
chr5	100339448	100539448	harbor1	chr5	100358477	100358824	LTR/ERV1	880	+	174	100358651	19203
chr5	100339448	100539448	harbor1	chr5	100419142	100419482	LTR/ERV1	2178	+	170	100419312	79864
chr5	100339448	100539448	harbor1	chr5	100419483	100423586	LTR/ERV1	23767	+	2052	100421535	82087
chr5	100339448	100539448	harbor1	chr5	100423591	100423772	LTR/ERV1	4796	+	90	100423681	84233
chr5	100339448	100539448	harbor1	chr5	100424080	100424672	LTR/ERV1	4796	+	296	100424376	84928
chr5	100339448	100539448	harbor1	chr5	100425350	100425773	LTR/ERV1	2748	+	212	100425562	86114
chr5	6345858	6545858	harbor1	chr5	6389098	6389485	LTR/ERV1	2271	+	194	6389292	43434
chr5	6345858	6545858	harbor1	chr5	6389578	6389944	LTR/ERV1	1608	+	183	6389761	43903
chr5	130434211	130634211	harbor1	chr5	130440744	130441223	LTR/ERV1	1589	+	240	130440984	6773
chr5	139530349	139730349	harbor1	chr5	139528350	139531085	LTR/ERV1	16635	+	1368	139529718	631
chr5	139530349	139730349	harbor1	chr5	139531087	139531564	LTR/ERV1	4117	+	238	139531325	976
chr5	139530349	139730349	harbor1	chr5	139549171	139550957	LTR/ERV1	9510	+	893	139550064	19715
chr5	154863813	155063813	harbor1	chr5	154878606	154878876	LTR/ERV1	1413	+	135	154878741	14928
chr5	154863813	155063813	harbor1	chr5	154878878	154880799	LTR/ERV1	8872	+	960	154879838	16025
chr5	154863813	155063813	harbor1	chr5	154880767	154881768	LTR/ERV1	23975	+	500	154881267	17454
chr5	154863813	155063813	harbor1	chr5	154882070	154883928	LTR/ERV1	23975	+	929	154882999	19186
chr5	154863813	155063813	harbor1	chr5	154884234	154885639	LTR/ERV1	23975	+	702	154884936	21123
chr5	154863813	155063813	harbor1	chr5	154885868	154886149	LTR/ERV1	1507	+	140	154886008	22195
chr5	154863813	155063813	harbor1	chr5	154929957	154930450	LTR/ERV1	3431	+	246	154930203	66390
chr5	92028988	92228988	harbor1	chr5	92033463	92033826	LTR/ERV1	1397	+	182	92033645	4657
chr5	92028988	92228988	harbor1	chr5	92060345	92060902	LTR/ERV1	4060	+	278	92060623	31635
chr5	172476219	172676219	harbor1	chr5	172531166	172531920	LTR/ERV1	1665	+	377	172531543	55324
chr5	131106664	131306664	harbor1	chr5	131127855	131127968	LTR/ERV1	632	+	56	131127911	21247
chr5	131106664	131306664	harbor1	chr5	131139618	131140054	LTR/ERV1	2602	+	218	131139836	33172
chr5	131106664	131306664	harbor1	chr5	131151076	131151591	LTR/ERV1	3355	+	258	131151334	44670
chr5	131106664	131306664	harbor1	chr5	131151905	131152016	LTR/ERV1	3355	+	56	131151961	45297
chr5	131106664	131306664	harbor1	chr5	131169340	131169529	LTR/ERV1	481	+	94	131169434	62770
chr5	6088382	6288382	harbor1	chr5	6088651	6089193	LTR/ERV1	3463	+	271	6088922	540
chr5	6088382	6288382	harbor1	chr5	6094046	6094668	LTR/ERV1	4472	+	311	6094357	5975
chr5	6088382	6288382	harbor1	chr5	6120217	6120594	LTR/ERV1	1938	+	188	6120405	32023
chr5	179517171	179717171	harbor1	chr5	179612749	179613289	LTR/ERV1	3308	+	270	179613019	95848
chr5	35507357	35707357	harbor1	chr5	35507748	35508532	LTR/ERV1	5254	+	392	35508140	783
chr5	35507357	35707357	harbor1	chr5	35515307	35515993	LTR/ERV1	4138	+	343	35515650	8293
chr5	35507357	35707357	harbor1	chr5	35531445	35532992	LTR/ERV1	11375	+	774	35532219	24862
chr5	75214570	75414570	harbor1	chr5	75232728	75233047	LTR/ERV1	1544	+	160	75232888	18318
chr5	75214570	75414570	harbor1	chr5	75233363	75233534	LTR/ERV1	1544	+	86	75233449	18879
chr5	75214570	75414570	harbor1	chr5	75261967	75262428	LTR/ERV1	3001	+	230	75262197	47627
chr5	75214570	75414570	harbor1	chr5	75285193	75285328	LTR/ERV1	3230	+	68	75285261	70691
chr5	75214570	75414570	harbor1	chr5	75285608	75285927	LTR/ERV1	3230	+	160	75285768	71198
chr5	75214570	75414570	harbor1	chr5	75285931	75286516	LTR/ERV1	3145	+	292	75286223	71653
chr5	75214570	75414570	harbor1	chr5	75286732	75286932	LTR/ERV1	1241	+	100	75286832	72262
chr5	75214570	75414570	harbor1	chr5	75286968	75286999	LTR/ERV1	1241	+	16	75286984	72414
chr5	75214570	75414570	harbor1	chr5	75293709	75294577	LTR/ERV1	4189	+	434	75294143	79573
chr5	75214570	75414570	harbor1	chr5	75294872	75295116	LTR/ERV1	2430	+	122	75294994	80424
chr5	75214570	75414570	harbor1	chr5	75295357	75296278	LTR/ERV1	4310	+	460	75295817	81247
chr5	75214570	75414570	harbor1	chr5	75296278	75296414	LTR/ERV1	12321	+	68	75296346	81776
chr5	75214570	75414570	harbor1	chr5	75296710	75299182	LTR/ERV1	12321	+	1236	75297946	83376
chr5	75214570	75414570	harbor1	chr5	75299192	75299636	LTR/ERV1	3511	+	222	75299414	84844
chr5	75214570	75414570	harbor1	chr5	75302184	75302558	LTR/ERV1	1959	+	187	75302371	87801
chr5	75214570	75414570	harbor1	chr5	75302983	75304454	LTR/ERV1	5011	+	736	75303719	89149
chr5	75214570	75414570	harbor1	chr5	75304455	75304944	LTR/ERV1	3545	+	244	75304699	90129
chr5	75214570	75414570	harbor1	chr5	75304958	75306428	LTR/ERV1	9739	+	735	75305693	91123
chr5	75214570	75414570	harbor1	chr5	75306429	75306523	LTR/ERV1	560	+	47	75306476	91906
chr5	75214570	75414570	harbor1	chr5	75306895	75307157	LTR/ERV1	1455	+	131	75307026	92456
chr5	148271112	148471112	harbor1	chr5	148296066	148296226	LTR/ERV1	1165	+	80	148296146	25034
chr5	98051787	98251787	harbor1	chr5	98080083	98082484	LTR/ERV1	15036	+	1200	98081283	29496
chr5	98051787	98251787	harbor1	chr5	98082454	98082612	LTR/ERV1	950	+	79	98082533	30746
chr5	98051787	98251787	harbor1	chr5	98082603	98084329	LTR/ERV1	8309	+	863	98083466	31679
chr5	98051787	98251787	harbor1	chr5	98084331	98084542	LTR/ERV1	1254	+	106	98084437	32650
chr5	98051787	98251787	harbor1	chr5	98084543	98084914	LTR/ERV1	2388	+	186	98084729	32942
chr5	98051787	98251787	harbor1	chr5	98084915	98085315	LTR/ERV1	2631	+	200	98085115	33328
chr5	98051787	98251787	harbor1	chr5	98088434	98088567	LTR/ERV1	682	+	66	98088500	36713
chr5	98051787	98251787	harbor1	chr5	98088569	98088779	LTR/ERV1	1361	+	105	98088674	36887
chr5	106164471	106364471	harbor1	chr5	106172930	106173331	LTR/ERV1	2087	+	200	106173130	8659
chr5	106164471	106364471	harbor1	chr5	106190562	106190984	LTR/ERV1	1518	+	211	106190773	26302
chr5	106164471	106364471	harbor1	chr5	106190982	106191066	LTR/ERV1	422	+	42	106191024	26553
chr5	106164471	106364471	harbor1	chr5	106246079	106247392	LTR/ERV1	8541	+	656	106246735	82264
chr5	38750889	38950889	harbor1	chr5	38821724	38822987	LTR/ERV1	9161	+	632	38822356	71467
chr5	38750889	38950889	harbor1	chr5	38829462	38829986	LTR/ERV1	1963	+	262	38829724	78835
chr5	38750889	38950889	harbor1	chr5	38831358	38831806	LTR/ERV1	2730	+	224	38831582	80693
chr5	38750889	38950889	harbor1	chr5	38841029	38841063	LTR/ERV1	2183	+	17	38841046	90157
chr5	38750889	38950889	harbor1	chr5	38841342	38841805	LTR/ERV1	2183	+	232	38841574	90685
chr5	51331814	51531814	harbor1	chr5	51368655	51369261	LTR/ERV1	2648	+	303	51368958	37144
chr5	51331814	51531814	harbor1	chr5	51402932	51403075	LTR/ERV1	1199	+	72	51403004	71190
chr5	81728658	81928658	harbor1	chr5	81775373	81775545	LTR/ERV1	539	+	86	81775459	46801
chr5	81728658	81928658	harbor1	chr5	81823540	81824809	LTR/ERV1	8924	+	634	81824174	95516
chr5	57939556	58139556	harbor1	chr5	57985553	57985889	LTR/ERV1	4434	+	168	57985721	46165
chr5	57939556	58139556	harbor1	chr5	57985964	57986821	LTR/ERV1	4434	+	428	57986392	46836
chr5	57939556	58139556	harbor1	chr5	57986847	57987313	LTR/ERV1	2387	+	233	57987080	47524
chr5	57939556	58139556	harbor1	chr5	57987314	57987901	LTR/ERV1	2117	+	294	57987608	48052
chr5	57939556	58139556	harbor1	chr5	57987904	57988325	LTR/ERV1	780	+	210	57988114	48558
chr5	57939556	58139556	harbor1	chr5	57988634	57988730	LTR/ERV1	780	+	48	57988682	49126
chr5	15825385	16025385	harbor1	chr5	15834120	15834516	LTR/ERV1	695	+	198	15834318	8933
chr5	177041941	177241941	harbor1	chr5	177076314	177076759	LTR/ERV1	3105	+	222	177076536	34595
chr5	177041941	177241941	harbor1	chr5	177077065	177077095	LTR/ERV1	3105	+	15	177077080	35139
chr5	63320095	63520095	harbor1	chr5	63324421	63324870	LTR/ERV1	3529	+	224	63324645	4550
chr5	63320095	63520095	harbor1	chr5	63325180	63325414	LTR/ERV1	3529	+	117	63325297	5202
chr5	63320095	63520095	harbor1	chr5	63415103	63415398	LTR/ERV1	418	+	148	63415251	95156
chr5	63320095	63520095	harbor1	chr5	63415382	63415511	LTR/ERV1	475	+	64	63415446	95351
chr5	63320095	63520095	harbor1	chr5	63323837	63324269	LTR/ERV1	2435	+	216	63324053	3958
chr5	126257657	126457657	harbor1	chr5	126265376	126266300	LTR/ERV1	4298	+	462	126265838	8181
chr5	80966518	81166518	harbor1	chr5	81006609	81007240	LTR/ERV1	1693	+	316	81006925	40407
chr5	156356183	156556183	harbor1	chr5	156360035	156360245	LTR/ERV1	4751	+	105	156360140	3957
chr5	156356183	156556183	harbor1	chr5	156360528	156361270	LTR/ERV1	4751	+	371	156360899	4716
chr5	51003529	51203529	harbor1	chr5	51099310	51099945	LTR/ERV1	4377	+	318	51099628	96099
chr5	51003529	51203529	harbor1	chr5	51100704	51101134	LTR/ERV1	2476	+	215	51100919	97390
chr5	27969438	28169438	harbor1	chr5	28011639	28012278	LTR/ERV1	3875	+	320	28011959	42521
chr5	27969438	28169438	harbor1	chr5	28012374	28012667	LTR/ERV1	1301	+	146	28012520	43082
chr5	27969438	28169438	harbor1	chr5	28012686	28013516	LTR/ERV1	5861	+	415	28013101	43663
chr5	27969438	28169438	harbor1	chr5	28013557	28014607	LTR/ERV1	5861	+	525	28014082	44644
chr5	27969438	28169438	harbor1	chr5	28014606	28014803	LTR/ERV1	671	+	98	28014704	45266
chr5	27969438	28169438	harbor1	chr5	28015011	28015406	LTR/ERV1	2279	+	198	28015209	45771
chr5	27969438	28169438	harbor1	chr5	28047131	28049060	LTR/ERV1	11253	+	964	28048095	78657
chr5	27969438	28169438	harbor1	chr5	28050902	28050988	LTR/ERV1	572	+	43	28050945	81507
chr5	27969438	28169438	harbor1	chr5	28050989	28051250	LTR/ERV1	1401	+	130	28051119	81681
chr5	27969438	28169438	harbor1	chr5	28051320	28051836	LTR/ERV1	3257	+	258	28051578	82140
chr5	27969438	28169438	harbor1	chr5	28051838	28052299	LTR/ERV1	3601	+	230	28052068	82630
chr5	27969438	28169438	harbor1	chr5	28049040	28050905	LTR/ERV1	6637	+	932	28049972	80534
chr5	21019770	21219770	harbor1	chr5	21070202	21070537	LTR/ERV1	3613	+	168	21070370	50600
chr5	21019770	21219770	harbor1	chr5	21070838	21071194	LTR/ERV1	3613	+	178	21071016	51246
chr5	21019770	21219770	harbor1	chr5	21082137	21082273	LTR/ERV1	819	+	68	21082205	62435
chr5	21019770	21219770	harbor1	chr5	21083208	21083739	LTR/ERV1	3597	+	266	21083474	63704
chr5	21019770	21219770	harbor1	chr5	21086685	21087287	LTR/ERV1	3354	+	301	21086986	67216
chr5	21019770	21219770	harbor1	chr5	21087692	21087928	LTR/ERV1	1055	+	118	21087810	68040
chr5	21019770	21219770	harbor1	chr5	21114633	21114890	LTR/ERV1	1149	+	128	21114761	94991
chr5	159682223	159882223	harbor1	chr5	159702263	159702470	LTR/ERV1	573	+	104	159702367	20144
chr5	159682223	159882223	harbor1	chr5	159730353	159730796	LTR/ERV1	2793	+	222	159730575	48352
chr5	177840343	178040343	harbor1	chr5	177857543	177858127	LTR/ERV1	3551	+	292	177857835	17492
chr5	177840343	178040343	harbor1	chr5	177859403	177859891	LTR/ERV1	2194	+	244	177859647	19304
chr5	177840343	178040343	harbor1	chr5	177899619	177900429	LTR/ERV1	4342	+	405	177900024	59681
chr5	177840343	178040343	harbor1	chr5	177938596	177938886	LTR/ERV1	1058	+	145	177938741	98398
chr5	34075711	34275711	harbor1	chr5	34093535	34094029	LTR/ERV1	1898	+	247	34093782	18071
chr5	134072270	134272270	harbor1	chr5	134153510	134153560	LTR/ERV1	416	+	25	134153535	81265
chr5	118198519	118398519	harbor1	chr5	118206083	118206560	LTR/ERV1	1577	+	238	118206321	7802
chr5	90365978	90565978	harbor1	chr5	90457136	90457685	LTR/ERV1	2418	+	274	90457410	91432
chr5	93230318	93430318	harbor1	chr5	93327206	93327653	LTR/ERV1	524	+	224	93327430	97112
chr5	93230318	93430318	harbor1	chr5	93327854	93328249	LTR/ERV1	1001	+	198	93328052	97734
chr5	106464090	106664090	harbor1	chr5	106510833	106511629	LTR/ERV1	5532	+	398	106511231	47141
chr5	106464090	106664090	harbor1	chr5	106563183	106563280	LTR/ERV1	632	+	48	106563231	99141
chr5	34345128	34545128	harbor1	chr5	34411973	34412404	LTR/ERV1	3021	+	216	34412189	67061
chr5	34345128	34545128	harbor1	chr5	34412409	34412706	LTR/ERV1	1457	+	148	34412557	67429
chr5	34345128	34545128	harbor1	chr5	34413543	34414026	LTR/ERV1	3047	+	242	34413785	68657
chr5	34345128	34545128	harbor1	chr5	34414335	34414578	LTR/ERV1	3047	+	122	34414457	69329
chr5	34345128	34545128	harbor1	chr5	34414663	34415099	LTR/ERV1	2829	+	218	34414881	69753
chr5	34345128	34545128	harbor1	chr5	34415103	34415599	LTR/ERV1	2521	+	248	34415351	70223
chr5	34345128	34545128	harbor1	chr5	34415636	34416291	LTR/ERV1	3604	+	328	34415964	70836
chr5	34345128	34545128	harbor1	chr5	34416312	34416553	LTR/ERV1	1304	+	120	34416432	71304
chr5	34345128	34545128	harbor1	chr5	34416570	34417270	LTR/ERV1	4033	+	350	34416920	71792
chr5	34345128	34545128	harbor1	chr5	34417499	34417690	LTR/ERV1	2582	+	96	34417595	72467
chr5	34345128	34545128	harbor1	chr5	34417982	34418333	LTR/ERV1	2582	+	176	34418158	73030
chr5	34345128	34545128	harbor1	chr5	34418322	34419913	LTR/ERV1	14693	+	796	34419118	73990
chr5	34345128	34545128	harbor1	chr5	34420204	34420525	LTR/ERV1	14693	+	160	34420364	75236
chr5	34345128	34545128	harbor1	chr5	34420814	34421365	LTR/ERV1	14693	+	276	34421090	75962
chr5	34345128	34545128	harbor1	chr5	34422240	34422414	LTR/ERV1	14693	+	87	34422327	77199
chr5	34345128	34545128	harbor1	chr5	34422875	34423135	LTR/ERV1	1017	+	130	34423005	77877
chr5	34345128	34545128	harbor1	chr5	34423135	34424953	LTR/ERV1	10767	+	909	34424044	78916
chr5	34345128	34545128	harbor1	chr5	34425245	34425825	LTR/ERV1	10767	+	290	34425535	80407
chr5	34345128	34545128	harbor1	chr5	34426140	34426406	LTR/ERV1	1460	+	133	34426273	81145
chr5	34345128	34545128	harbor1	chr5	34428305	34428746	LTR/ERV1	1749	+	220	34428525	83397
chr5	34345128	34545128	harbor1	chr5	34434923	34435265	LTR/ERV1	1841	+	171	34435094	89966
chr5	34345128	34545128	harbor1	chr5	34441024	34441349	LTR/ERV1	1177	+	162	34441186	96058
chr5	34345128	34545128	harbor1	chr5	34422425	34422874	LTR/ERV1	2761	+	224	34422649	77521
chr5	19260739	19460739	harbor1	chr5	19264753	19265184	LTR/ERV1	2824	+	216	19264969	4230
chr5	19260739	19460739	harbor1	chr5	19279047	19279619	LTR/ERV1	2843	+	286	19279333	18594
chr5	19260739	19460739	harbor1	chr5	19287562	19288987	LTR/ERV1	9757	+	712	19288274	27535
chr5	19260739	19460739	harbor1	chr5	19321326	19321728	LTR/ERV1	1085	+	201	19321527	60788
chr5	39975426	40175426	harbor1	chr5	40059385	40060098	LTR/ERV1	4556	+	356	40059741	84315
chr5	26961213	27161213	harbor1	chr5	27013061	27013420	LTR/ERV1	1620	+	180	27013241	52028
chr5	26961213	27161213	harbor1	chr5	27013956	27014437	LTR/ERV1	467	+	240	27014196	52983
chr5	39576991	39776991	harbor1	chr5	39586131	39586956	LTR/ERV1	4618	+	412	39586543	9552
chr5	39576991	39776991	harbor1	chr5	39612296	39612364	LTR/ERV1	426	+	34	39612330	35339
chr5	39576991	39776991	harbor1	chr5	39612365	39612872	LTR/ERV1	875	+	254	39612619	35628
chr5	39576991	39776991	harbor1	chr5	39613207	39613477	LTR/ERV1	996	+	135	39613342	36351
chr5	39576991	39776991	harbor1	chr5	39619463	39619694	LTR/ERV1	1356	+	116	39619579	42588
chr5	39576991	39776991	harbor1	chr5	39641558	39642141	LTR/ERV1	1510	+	292	39641850	64859
chr5	39576991	39776991	harbor1	chr5	39642201	39642997	LTR/ERV1	1765	+	398	39642599	65608
chr5	39576991	39776991	harbor1	chr5	39644837	39645151	LTR/ERV1	1574	+	157	39644994	68003
chr5	39576991	39776991	harbor1	chr5	39645158	39645273	LTR/ERV1	501	+	58	39645216	68225
chr5	39576991	39776991	harbor1	chr5	39653791	39654591	LTR/ERV1	5343	+	400	39654191	77200
chr5	39576991	39776991	harbor1	chr5	39654591	39654776	LTR/ERV1	1340	+	92	39654683	77692
chr5	39576991	39776991	harbor1	chr5	39654770	39654976	LTR/ERV1	1357	+	103	39654873	77882
chr5	39576991	39776991	harbor1	chr5	39654977	39655491	LTR/ERV1	2426	+	257	39655234	78243
chr5	39576991	39776991	harbor1	chr5	39660923	39661382	LTR/ERV1	1699	+	230	39661153	84162
chr5	39576991	39776991	harbor1	chr5	39664257	39664501	LTR/ERV1	2783	+	122	39664379	87388
chr5	39576991	39776991	harbor1	chr5	39674268	39674738	LTR/ERV1	630	+	235	39674503	97512
chr5	39576991	39776991	harbor1	chr5	39664762	39665861	LTR/ERV1	3648	+	550	39665312	88321
chr5	161166282	161366282	harbor1	chr5	161240264	161240377	LTR/ERV1	568	+	56	161240320	74038
chr5	161166282	161366282	harbor1	chr5	161240378	161243513	LTR/ERV1	18087	+	1568	161241946	75664
chr5	161166282	161366282	harbor1	chr5	161243504	161245212	LTR/ERV1	7331	+	854	161244358	78076
chr5	161166282	161366282	harbor1	chr5	161245210	161245433	LTR/ERV1	1328	+	112	161245322	79040
chr5	161166282	161366282	harbor1	chr5	161245434	161245804	LTR/ERV1	2189	+	185	161245619	79337
chr5	161166282	161366282	harbor1	chr5	161245805	161246200	LTR/ERV1	2463	+	198	161246003	79721
chr5	161166282	161366282	harbor1	chr5	161248409	161248819	LTR/ERV1	2405	+	205	161248614	82332
chr5	161166282	161366282	harbor1	chr5	161254002	161254229	LTR/ERV1	1276	+	114	161254116	87834
chr5	161166282	161366282	harbor1	chr5	161254230	161254606	LTR/ERV1	2199	+	188	161254418	88136
chr5	161166282	161366282	harbor1	chr5	161254607	161255013	LTR/ERV1	2453	+	203	161254810	88528
chr5	161166282	161366282	harbor1	chr5	161248822	161254004	LTR/ERV1	29479	+	2591	161251413	85131
chr5	62346101	62546101	harbor1	chr5	62431277	62431383	LTR/ERV1	668	+	53	62431330	85229
chr5	62346101	62546101	harbor1	chr5	62431501	62431659	LTR/ERV1	1802	+	79	62431580	85479
chr5	62346101	62546101	harbor1	chr5	62431973	62432184	LTR/ERV1	1802	+	106	62432079	85978
chr5	144231643	144431643	harbor1	chr5	144297584	144298319	LTR/ERV1	5649	+	368	144297952	66309
chr5	99064949	99264949	harbor1	chr5	99129810	99129951	LTR/ERV1	500	+	70	99129880	64931
chr5	99064949	99264949	harbor1	chr5	99130079	99130297	LTR/ERV1	449	+	109	99130188	65239
chr5	27385663	27585663	harbor1	chr5	27462888	27463283	LTR/ERV1	2367	+	198	27463086	77423
chr5	27385663	27585663	harbor1	chr5	27472074	27472487	LTR/ERV1	2201	+	206	27472280	86617
chr5	27385663	27585663	harbor1	chr5	27472488	27472711	LTR/ERV1	747	+	112	27472600	86937
chr5	27385663	27585663	harbor1	chr5	27477543	27477973	LTR/ERV1	2295	+	215	27477758	92095
chr5	27385663	27585663	harbor1	chr5	27472715	27477542	LTR/ERV1	26855	+	2414	27475129	89466
chr5	90266077	90466077	harbor1	chr5	90343586	90344052	LTR/ERV1	3667	+	233	90343819	77742
chr5	98366037	98566037	harbor1	chr5	98434516	98434953	LTR/ERV1	2437	+	218	98434734	68697
chr5	98366037	98566037	harbor1	chr5	98436399	98439564	LTR/ERV1	17376	+	1582	98437981	71944
chr5	98366037	98566037	harbor1	chr5	98439560	98439993	LTR/ERV1	2352	+	216	98439776	73739
chr5	98366037	98566037	harbor1	chr5	98440045	98440584	LTR/ERV1	3302	+	270	98440315	74278
chr5	98366037	98566037	harbor1	chr5	98440895	98441337	LTR/ERV1	2421	+	221	98441116	75079
chr5	98366037	98566037	harbor1	chr5	98434955	98436084	LTR/ERV1	17376	+	564	98435519	69482
chr5	54259303	54459303	harbor1	chr5	54345137	54345563	LTR/ERV1	2843	+	213	54345350	86047
chr5	54259303	54459303	harbor1	chr5	54345826	54346602	LTR/ERV1	4637	+	388	54346214	86911
chr5	54259303	54459303	harbor1	chr5	54346604	54346755	LTR/ERV1	911	+	76	54346680	87377
chr5	54259303	54459303	harbor1	chr5	54346784	54347895	LTR/ERV1	16824	+	556	54347340	88037
chr5	54259303	54459303	harbor1	chr5	54348189	54351143	LTR/ERV1	16824	+	1477	54349666	90363
chr5	54259303	54459303	harbor1	chr5	54351144	54351586	LTR/ERV1	2828	+	221	54351365	92062
chr5	54259303	54459303	harbor1	chr5	54345565	54345827	LTR/ERV1	1648	+	131	54345696	86393
chr5	179569916	179769916	harbor1	chr5	179612749	179613289	LTR/ERV1	3308	+	270	179613019	43103
chr5	160590546	160790546	harbor1	chr5	160644566	160644835	LTR/ERV1	1717	+	134	160644700	54154
chr5	160590546	160790546	harbor1	chr5	160645135	160645205	LTR/ERV1	1717	+	35	160645170	54624
chr5	160590546	160790546	harbor1	chr5	160650308	160650929	LTR/ERV1	4516	+	310	160650618	60072
chr5	160590546	160790546	harbor1	chr5	160688204	160688316	LTR/ERV1	794	+	56	160688260	97714
chr5	130263508	130463508	harbor1	chr5	130317152	130317816	LTR/ERV1	5051	+	332	130317484	53976
chr5	130263508	130463508	harbor1	chr5	130325090	130325578	LTR/ERV1	3063	+	244	130325334	61826
chr5	175260696	175460696	harbor1	chr5	175293630	175293687	LTR/ERV1	418	+	28	175293658	32962
chr5	175260696	175460696	harbor1	chr5	175293690	175293788	LTR/ERV1	525	+	49	175293739	33043
chr5	175260696	175460696	harbor1	chr5	175337305	175337724	LTR/ERV1	1971	+	210	175337515	76819
chr5	130639908	130839908	harbor1	chr5	130638376	130641822	LTR/ERV1	35303	+	1723	130640099	191
chr5	130639908	130839908	harbor1	chr5	130641824	130642483	LTR/ERV1	5186	+	330	130642154	2246
chr5	130639908	130839908	harbor1	chr5	130723485	130724123	LTR/ERV1	3169	+	319	130723804	83896
chr5	136868045	137068045	harbor1	chr5	136939806	136940045	LTR/ERV1	1189	+	120	136939926	71881
chr5	136868045	137068045	harbor1	chr5	136940035	136940357	LTR/ERV1	1531	+	161	136940196	72151
chr5	89797764	89997764	harbor1	chr5	89863639	89864137	LTR/ERV1	1981	+	249	89863888	66124
chr5	20894218	21094218	harbor1	chr5	20922932	20923574	LTR/ERV1	3653	+	321	20923253	29035
chr5	20894218	21094218	harbor1	chr5	20954370	20954859	LTR/ERV1	3118	+	244	20954614	60396
chr5	7298465	7498465	harbor1	chr5	7309421	7310139	LTR/ERV1	2421	+	359	7309780	11315
chr5	7298465	7498465	harbor1	chr5	7351315	7351947	LTR/ERV1	3000	+	316	7351631	53166
chr5	7298465	7498465	harbor1	chr5	7364529	7365044	LTR/ERV1	2843	+	258	7364787	66322
chr5	158243711	158443711	harbor1	chr5	158267069	158267459	LTR/ERV1	1885	+	195	158267264	23553
chr5	102528933	102728933	harbor1	chr5	102542903	102543286	LTR/ERV1	943	+	192	102543095	14162
chr5	102528933	102728933	harbor1	chr5	102543586	102543752	LTR/ERV1	943	+	83	102543669	14736
chr5	57285825	57485825	harbor1	chr5	57296036	57296722	LTR/ERV1	4430	+	343	57296379	10554
chr5	57285825	57485825	harbor1	chr5	57303908	57304025	LTR/ERV1	583	+	58	57303966	18141
chr5	17419368	17619368	harbor1	chr5	17443213	17443982	LTR/ERV1	5175	+	384	17443597	24229
chr5	9885825	10085825	harbor1	chr5	9925238	9925991	LTR/ERV1	5553	+	376	9925614	39789
chr5	9885825	10085825	harbor1	chr5	9951997	9952565	LTR/ERV1	3973	+	284	9952281	66456
chr5	9885825	10085825	harbor1	chr5	9962425	9962479	LTR/ERV1	4257	+	27	9962452	76627
chr5	9885825	10085825	harbor1	chr5	9961375	9962059	LTR/ERV1	4257	+	342	9961717	75892
chr5	149108535	149308535	harbor1	chr5	149187554	149188085	LTR/ERV1	3376	+	266	149187820	79285
chr5	159930021	160130021	harbor1	chr5	159940169	159940669	LTR/ERV1	2859	+	250	159940419	10398
chr5	120292448	120492448	harbor1	chr5	120367961	120368490	LTR/ERV1	1295	+	264	120368225	75777
chr5	120292448	120492448	harbor1	chr5	120368496	120369730	LTR/ERV1	7449	+	617	120369113	76665
chr5	38370025	38570025	harbor1	chr5	38442755	38442983	LTR/ERV1	1445	+	114	38442869	72844
chr5	38370025	38570025	harbor1	chr5	38443279	38443346	LTR/ERV1	1445	+	34	38443313	73288
chr5	119672351	119872351	harbor1	chr5	119704182	119704926	LTR/ERV1	5273	+	372	119704554	32203
chr5	119672351	119872351	harbor1	chr5	119751150	119751953	LTR/ERV1	5889	+	402	119751552	79201
chr5	119672351	119872351	harbor1	chr5	119754886	119755373	LTR/ERV1	3925	+	244	119755130	82779
chr5	35245409	35445409	harbor1	chr5	35304753	35305403	LTR/ERV1	1377	+	325	35305078	59669
chr5	35245409	35445409	harbor1	chr5	35336287	35336665	LTR/ERV1	1058	+	189	35336476	91067
chr5	26799773	26999773	harbor1	chr5	26807337	26807811	LTR/ERV1	1651	+	237	26807574	7801
chr5	26799773	26999773	harbor1	chr5	26807806	26808236	LTR/ERV1	2274	+	215	26808021	8248
chr5	26799773	26999773	harbor1	chr5	26852497	26853070	LTR/ERV1	3923	+	286	26852783	53010
chr5	129142095	129342095	harbor1	chr5	129176377	129176961	LTR/ERV1	3064	+	292	129176669	34574
chr5	39583943	39783943	harbor1	chr5	39586131	39586956	LTR/ERV1	4618	+	412	39586543	2600
chr5	39583943	39783943	harbor1	chr5	39612296	39612364	LTR/ERV1	426	+	34	39612330	28387
chr5	39583943	39783943	harbor1	chr5	39612365	39612872	LTR/ERV1	875	+	254	39612619	28676
chr5	39583943	39783943	harbor1	chr5	39613207	39613477	LTR/ERV1	996	+	135	39613342	29399
chr5	39583943	39783943	harbor1	chr5	39619463	39619694	LTR/ERV1	1356	+	116	39619579	35636
chr5	39583943	39783943	harbor1	chr5	39641558	39642141	LTR/ERV1	1510	+	292	39641850	57907
chr5	39583943	39783943	harbor1	chr5	39642201	39642997	LTR/ERV1	1765	+	398	39642599	58656
chr5	39583943	39783943	harbor1	chr5	39644837	39645151	LTR/ERV1	1574	+	157	39644994	61051
chr5	39583943	39783943	harbor1	chr5	39645158	39645273	LTR/ERV1	501	+	58	39645216	61273
chr5	39583943	39783943	harbor1	chr5	39653791	39654591	LTR/ERV1	5343	+	400	39654191	70248
chr5	39583943	39783943	harbor1	chr5	39654591	39654776	LTR/ERV1	1340	+	92	39654683	70740
chr5	39583943	39783943	harbor1	chr5	39654770	39654976	LTR/ERV1	1357	+	103	39654873	70930
chr5	39583943	39783943	harbor1	chr5	39654977	39655491	LTR/ERV1	2426	+	257	39655234	71291
chr5	39583943	39783943	harbor1	chr5	39660923	39661382	LTR/ERV1	1699	+	230	39661153	77210
chr5	39583943	39783943	harbor1	chr5	39664257	39664501	LTR/ERV1	2783	+	122	39664379	80436
chr5	39583943	39783943	harbor1	chr5	39674268	39674738	LTR/ERV1	630	+	235	39674503	90560
chr5	39583943	39783943	harbor1	chr5	39677383	39677612	LTR/ERV1	486	+	114	39677497	93554
chr5	39583943	39783943	harbor1	chr5	39664762	39665861	LTR/ERV1	3648	+	550	39665312	81369
chr5	116615102	116815102	harbor1	chr5	116660687	116662139	LTR/ERV1	3691	+	726	116661413	46311
chr5	116615102	116815102	harbor1	chr5	116686040	116686462	LTR/ERV1	2594	+	211	116686251	71149
chr5	116615102	116815102	harbor1	chr5	116704677	116705151	LTR/ERV1	1833	+	237	116704914	89812
chr5	116615102	116815102	harbor1	chr5	116705154	116709055	LTR/ERV1	27874	+	1950	116707104	92002
chr5	116615102	116815102	harbor1	chr5	116709055	116709165	LTR/ERV1	627	+	55	116709110	94008
chr5	116615102	116815102	harbor1	chr5	116709169	116709645	LTR/ERV1	2310	+	238	116709407	94305
chr5	32621055	32821055	harbor1	chr5	32623425	32623828	LTR/ERV1	2756	+	202	32623627	2572
chr5	32621055	32821055	harbor1	chr5	32653513	32653978	LTR/ERV1	2816	+	232	32653745	32690
chr5	32621055	32821055	harbor1	chr5	32669742	32669815	LTR/ERV1	2131	+	36	32669778	48723
chr5	32621055	32821055	harbor1	chr5	32670112	32670385	LTR/ERV1	2131	+	136	32670248	49193
chr5	149838695	150038695	harbor1	chr5	149887557	149888026	LTR/ERV1	3487	+	234	149887791	49096
chr5	149838695	150038695	harbor1	chr5	149888194	149888801	LTR/ERV1	1406	+	304	149888498	49803
chr5	149838695	150038695	harbor1	chr5	149889099	149889418	LTR/ERV1	1406	+	160	149889259	50564
chr5	149838695	150038695	harbor1	chr5	149889936	149889957	LTR/ERV1	3795	+	10	149889946	51251
chr5	149838695	150038695	harbor1	chr5	149890257	149891187	LTR/ERV1	3795	+	465	149890722	52027
chr5	149838695	150038695	harbor1	chr5	149891482	149891519	LTR/ERV1	3795	+	18	149891500	52805
chr5	149838695	150038695	harbor1	chr5	149891824	149892030	LTR/ERV1	3795	+	103	149891927	53232
chr5	149838695	150038695	harbor1	chr5	149892385	149892471	LTR/ERV1	417	+	43	149892428	53733
chr5	149838695	150038695	harbor1	chr5	149892807	149893427	LTR/ERV1	2757	+	310	149893117	54422
chr5	149838695	150038695	harbor1	chr5	149910682	149910867	LTR/ERV1	1967	+	92	149910774	72079
chr5	149838695	150038695	harbor1	chr5	149911180	149911504	LTR/ERV1	1967	+	162	149911342	72647
chr5	149838695	150038695	harbor1	chr5	149914413	149914930	LTR/ERV1	1976	+	258	149914671	75976
chr5	149838695	150038695	harbor1	chr5	149915669	149915972	LTR/ERV1	1673	+	152	149915821	77126
chr5	149838695	150038695	harbor1	chr5	149916139	149916295	LTR/ERV1	885	+	78	149916217	77522
chr5	149838695	150038695	harbor1	chr5	149917185	149917269	LTR/ERV1	434	+	42	149917227	78532
chr5	149838695	150038695	harbor1	chr5	149922831	149923206	LTR/ERV1	1675	+	188	149923019	84324
chr5	62575511	62775511	harbor1	chr5	62660704	62661499	LTR/ERV1	5121	+	398	62661102	85591
chr5	40293280	40493280	harbor1	chr5	40354032	40355602	LTR/ERV1	7738	+	785	40354817	61537
chr5	114009195	114209195	harbor1	chr5	114016808	114017534	LTR/ERV1	3041	+	363	114017171	7976
chr6	7574554	7774554	harbor1	chr6	7624762	7625214	LTR/ERV1	2593	+	226	7624988	50434
chr6	7574554	7774554	harbor1	chr6	7668248	7668579	LTR/ERV1	460	+	166	7668414	93860
chr6	164486733	164686733	harbor1	chr6	164548633	164548958	LTR/ERV1	2148	+	162	164548795	62062
chr6	164486733	164686733	harbor1	chr6	164551098	164551169	LTR/ERV1	540	+	36	164551134	64401
chr6	164486733	164686733	harbor1	chr6	164567716	164568070	LTR/ERV1	1174	+	177	164567893	81160
chr6	164486733	164686733	harbor1	chr6	164569599	164569866	LTR/ERV1	1589	+	134	164569733	83000
chr6	164486733	164686733	harbor1	chr6	164570282	164570361	LTR/ERV1	1589	+	40	164570322	83589
chr6	20161315	20361315	harbor1	chr6	20197243	20197862	LTR/ERV1	4026	+	310	20197553	36238
chr6	20161315	20361315	harbor1	chr6	20198866	20199262	LTR/ERV1	2517	+	198	20199064	37749
chr6	20161315	20361315	harbor1	chr6	20203665	20204085	LTR/ERV1	1568	+	210	20203875	42560
chr6	20161315	20361315	harbor1	chr6	20221498	20221517	LTR/ERV1	1531	+	10	20221508	60193
chr6	20161315	20361315	harbor1	chr6	20221717	20221921	LTR/ERV1	1531	+	102	20221819	60504
chr6	20161315	20361315	harbor1	chr6	20237696	20238304	LTR/ERV1	3210	+	304	20238000	76685
chr6	20161315	20361315	harbor1	chr6	20238883	20240103	LTR/ERV1	7422	+	610	20239493	78178
chr6	20161315	20361315	harbor1	chr6	20259390	20260762	LTR/ERV1	8830	+	686	20260076	98761
chr6	20161315	20361315	harbor1	chr6	20233038	20234557	LTR/ERV1	7850	+	760	20233798	72483
chr6	126482795	126682795	harbor1	chr6	126545438	126546008	LTR/ERV1	3449	+	285	126545723	62928
chr6	109606384	109806384	harbor1	chr6	109653952	109654206	LTR/ERV1	1029	+	127	109654079	47695
chr6	42900419	43100419	harbor1	chr6	42954338	42954909	LTR/ERV1	4582	+	286	42954624	54205
chr6	33260055	33460055	harbor1	chr6	33345910	33347070	LTR/ERV1	7164	+	580	33346490	86435
chr6	33260055	33460055	harbor1	chr6	33347071	33348908	LTR/ERV1	11525	+	918	33347989	87934
chr6	33260055	33460055	harbor1	chr6	33348906	33350808	LTR/ERV1	13294	+	951	33349857	89802
chr6	33260055	33460055	harbor1	chr6	33351202	33351416	LTR/ERV1	1305	+	107	33351309	91254
chr6	33260055	33460055	harbor1	chr6	33351417	33351803	LTR/ERV1	2757	+	193	33351610	91555
chr6	92262488	92462488	harbor1	chr6	92321388	92321417	LTR/ERV1	684	+	14	92321402	58914
chr6	92262488	92462488	harbor1	chr6	92321726	92321982	LTR/ERV1	684	+	128	92321854	59366
chr6	159931637	160131637	harbor1	chr6	159948100	159948904	LTR/ERV1	2267	+	402	159948502	16865
chr6	159931637	160131637	harbor1	chr6	159949023	159949112	LTR/ERV1	2015	+	44	159949067	17430
chr6	159931637	160131637	harbor1	chr6	159949115	159949238	LTR/ERV1	748	+	62	159949177	17540
chr6	159931637	160131637	harbor1	chr6	159949242	159949361	LTR/ERV1	643	+	60	159949302	17665
chr6	159931637	160131637	harbor1	chr6	159949364	159949617	LTR/ERV1	1548	+	126	159949490	17853
chr6	159931637	160131637	harbor1	chr6	159949621	159949709	LTR/ERV1	2251	+	44	159949665	18028
chr6	159931637	160131637	harbor1	chr6	159949742	159949791	LTR/ERV1	2251	+	24	159949766	18129
chr6	159931637	160131637	harbor1	chr6	159950091	159950782	LTR/ERV1	2251	+	346	159950437	18800
chr6	159931637	160131637	harbor1	chr6	159951084	159951126	LTR/ERV1	1504	+	21	159951105	19468
chr6	159931637	160131637	harbor1	chr6	159951125	159951397	LTR/ERV1	1455	+	136	159951261	19624
chr6	159931637	160131637	harbor1	chr6	159951398	159951505	LTR/ERV1	487	+	54	159951452	19815
chr6	159931637	160131637	harbor1	chr6	159966826	159967224	LTR/ERV1	1204	+	199	159967025	35388
chr6	4441046	4641046	harbor1	chr6	4466835	4467229	LTR/ERV1	907	+	197	4467032	25986
chr6	4441046	4641046	harbor1	chr6	4471248	4471793	LTR/ERV1	3482	+	272	4471520	30474
chr6	4441046	4641046	harbor1	chr6	4487538	4488088	LTR/ERV1	3083	+	275	4487813	46767
chr6	121853841	122053841	harbor1	chr6	121866815	121867174	LTR/ERV1	516	+	180	121866995	13154
chr6	67977629	68177629	harbor1	chr6	67986755	67987201	LTR/ERV1	1402	+	223	67986978	9349
chr6	67977629	68177629	harbor1	chr6	68070059	68070457	LTR/ERV1	2539	+	199	68070258	92629
chr6	36532897	36732897	harbor1	chr6	36610557	36610936	LTR/ERV1	1025	+	190	36610747	77850
chr6	25776004	25976004	harbor1	chr6	25786647	25787029	LTR/ERV1	756	+	191	25786838	10834
chr6	25776004	25976004	harbor1	chr6	25787446	25788051	LTR/ERV1	3162	+	302	25787748	11744
chr6	25776004	25976004	harbor1	chr6	25791995	25792346	LTR/ERV1	1593	+	176	25792171	16167
chr6	25776004	25976004	harbor1	chr6	25792442	25792545	LTR/ERV1	733	+	52	25792494	16490
chr6	25776004	25976004	harbor1	chr6	25792546	25792643	LTR/ERV1	540	+	48	25792594	16590
chr6	25776004	25976004	harbor1	chr6	25793874	25794319	LTR/ERV1	2002	+	222	25794096	18092
chr6	25776004	25976004	harbor1	chr6	25815407	25816091	LTR/ERV1	1276	+	342	25815749	39745
chr6	26316125	26516125	harbor1	chr6	26316528	26316921	LTR/ERV1	2262	+	196	26316724	599
chr6	26316125	26516125	harbor1	chr6	26317183	26317281	LTR/ERV1	2262	+	49	26317232	1107
chr6	26316125	26516125	harbor1	chr6	26336287	26336722	LTR/ERV1	1155	+	218	26336505	20380
chr6	26316125	26516125	harbor1	chr6	26343462	26344323	LTR/ERV1	604	+	430	26343892	27767
chr6	26316125	26516125	harbor1	chr6	26344633	26344951	LTR/ERV1	604	+	159	26344792	28667
chr6	26316125	26516125	harbor1	chr6	26345593	26345910	LTR/ERV1	565	+	158	26345751	29626
chr6	26316125	26516125	harbor1	chr6	26346383	26346913	LTR/ERV1	1767	+	265	26346648	30523
chr6	26316125	26516125	harbor1	chr6	26346962	26347315	LTR/ERV1	1732	+	176	26347138	31013
chr6	26316125	26516125	harbor1	chr6	26347576	26348046	LTR/ERV1	2832	+	235	26347811	31686
chr6	26316125	26516125	harbor1	chr6	26356226	26356490	LTR/ERV1	1362	+	132	26356358	40233
chr6	120948150	121148150	harbor1	chr6	120976007	120976471	LTR/ERV1	1152	+	232	120976239	28089
chr6	120948150	121148150	harbor1	chr6	120996426	120996516	LTR/ERV1	531	+	45	120996471	48321
chr6	116620103	116820103	harbor1	chr6	116679167	116679608	LTR/ERV1	3709	+	220	116679387	59284
chr6	116620103	116820103	harbor1	chr6	116679888	116679995	LTR/ERV1	3709	+	54	116679942	59839
chr6	63082852	63282852	harbor1	chr6	63098610	63099177	LTR/ERV1	3819	+	284	63098894	16042
chr6	63082852	63282852	harbor1	chr6	63099795	63099918	LTR/ERV1	3819	+	62	63099857	17005
chr6	63082852	63282852	harbor1	chr6	63154520	63154935	LTR/ERV1	1401	+	208	63154728	71876
chr6	86439643	86639643	harbor1	chr6	86458455	86458852	LTR/ERV1	2548	+	198	86458653	19010
chr6	86439643	86639643	harbor1	chr6	86460183	86460587	LTR/ERV1	1233	+	202	86460385	20742
chr6	86439643	86639643	harbor1	chr6	86470202	86470303	LTR/ERV1	594	+	50	86470252	30609
chr6	86439643	86639643	harbor1	chr6	86470308	86471379	LTR/ERV1	6186	+	536	86470844	31201
chr6	86439643	86639643	harbor1	chr6	86471528	86471922	LTR/ERV1	4089	+	197	86471725	32082
chr6	86439643	86639643	harbor1	chr6	86471923	86472573	LTR/ERV1	3596	+	325	86472248	32605
chr6	86439643	86639643	harbor1	chr6	86472574	86473013	LTR/ERV1	4089	+	220	86472794	33151
chr6	86439643	86639643	harbor1	chr6	86473027	86473550	LTR/ERV1	3828	+	262	86473289	33646
chr6	86439643	86639643	harbor1	chr6	86476962	86481136	LTR/ERV1	29612	+	2087	86479049	39406
chr6	86439643	86639643	harbor1	chr6	86481137	86481664	LTR/ERV1	3762	+	264	86481401	41758
chr6	86439643	86639643	harbor1	chr6	86481665	86482167	LTR/ERV1	2098	+	251	86481916	42273
chr6	86439643	86639643	harbor1	chr6	86482309	86483094	LTR/ERV1	19474	+	392	86482701	43058
chr6	86439643	86639643	harbor1	chr6	86483421	86486073	LTR/ERV1	19474	+	1326	86484747	45104
chr6	86439643	86639643	harbor1	chr6	86486074	86486433	LTR/ERV1	1934	+	180	86486254	46611
chr6	86439643	86639643	harbor1	chr6	86512186	86512817	LTR/ERV1	4520	+	316	86512502	72859
chr6	86439643	86639643	harbor1	chr6	86457984	86458454	LTR/ERV1	707	+	235	86458219	18576
chr6	86439643	86639643	harbor1	chr6	86473554	86476967	LTR/ERV1	23633	+	1706	86475260	35617
chr6	135031307	135231307	harbor1	chr6	135062319	135062346	LTR/ERV1	3375	+	14	135062333	31026
chr6	135031307	135231307	harbor1	chr6	135062638	135063194	LTR/ERV1	3375	+	278	135062916	31609
chr6	135031307	135231307	harbor1	chr6	135063896	135064468	LTR/ERV1	3543	+	286	135064182	32875
chr6	64986850	65186850	harbor1	chr6	64999407	65000000	LTR/ERV1	3117	+	296	64999703	12853
chr6	64986850	65186850	harbor1	chr6	65000001	65000273	LTR/ERV1	1656	+	136	65000137	13287
chr6	64986850	65186850	harbor1	chr6	65004992	65005494	LTR/ERV1	3800	+	251	65005243	18393
chr6	64986850	65186850	harbor1	chr6	65005495	65011330	LTR/ERV1	40662	+	2918	65008413	21563
chr6	64986850	65186850	harbor1	chr6	65011350	65011641	LTR/ERV1	2290	+	146	65011496	24646
chr6	64986850	65186850	harbor1	chr6	65017564	65018045	LTR/ERV1	1098	+	240	65017804	30954
chr6	64986850	65186850	harbor1	chr6	65011642	65011967	LTR/ERV1	2678	+	162	65011804	24954
chr6	18038607	18238607	harbor1	chr6	18042557	18042888	LTR/ERV1	1564	+	166	18042723	4116
chr6	18038607	18238607	harbor1	chr6	18042882	18043068	LTR/ERV1	1251	+	93	18042975	4368
chr6	18038607	18238607	harbor1	chr6	18089550	18090195	LTR/ERV1	4555	+	322	18089872	51265
chr6	18038607	18238607	harbor1	chr6	18087497	18088038	LTR/ERV1	864	+	270	18087767	49160
chr6	70313575	70513575	harbor1	chr6	70347748	70348203	LTR/ERV1	2862	+	228	70347976	34401
chr6	70313575	70513575	harbor1	chr6	70380503	70381266	LTR/ERV1	2869	+	382	70380885	67310
chr6	70313575	70513575	harbor1	chr6	70394626	70395013	LTR/ERV1	2930	+	194	70394820	81245
chr6	7526584	7726584	harbor1	chr6	7624762	7625214	LTR/ERV1	2593	+	226	7624988	98404
chr6	39730097	39930097	harbor1	chr6	39751768	39752109	LTR/ERV1	2593	+	170	39751938	21841
chr6	39730097	39930097	harbor1	chr6	39752212	39752527	LTR/ERV1	2463	+	158	39752370	22273
chr6	39730097	39930097	harbor1	chr6	39752532	39752673	LTR/ERV1	1884	+	70	39752602	22505
chr6	39730097	39930097	harbor1	chr6	39753001	39753205	LTR/ERV1	1884	+	102	39753103	23006
chr6	39730097	39930097	harbor1	chr6	39760863	39761128	LTR/ERV1	1224	+	132	39760995	30898
chr6	86563747	86763747	harbor1	chr6	86631077	86631418	LTR/ERV1	1162	+	170	86631247	67500
chr6	109763746	109963746	harbor1	chr6	109767369	109767588	LTR/ERV1	902	+	110	109767479	3733
chr6	109763746	109963746	harbor1	chr6	109767888	109768276	LTR/ERV1	902	+	194	109768082	4336
chr6	109763746	109963746	harbor1	chr6	109852909	109853390	LTR/ERV1	1517	+	240	109853149	89403
chr6	109763746	109963746	harbor1	chr6	109855549	109855697	LTR/ERV1	732	+	74	109855623	91877
chr6	109763746	109963746	harbor1	chr6	109861848	109862231	LTR/ERV1	1836	+	192	109862040	98294
chr6	154505258	154705258	harbor1	chr6	154540948	154541110	LTR/ERV1	481	+	81	154541029	35771
chr6	94080583	94280583	harbor1	chr6	94172775	94173346	LTR/ERV1	3168	+	286	94173061	92478
chr6	51569033	51769033	harbor1	chr6	51598212	51599451	LTR/ERV1	7120	+	620	51598832	29799
chr6	51569033	51769033	harbor1	chr6	51637611	51637623	LTR/ERV1	768	+	6	51637617	68584
chr6	51569033	51769033	harbor1	chr6	51637921	51638342	LTR/ERV1	768	+	210	51638131	69098
chr6	149647378	149847378	harbor1	chr6	149709067	149709668	LTR/ERV1	5325	+	300	149709367	61989
chr6	149647378	149847378	harbor1	chr6	149709974	149710321	LTR/ERV1	5325	+	174	149710148	62770
chr6	152402005	152602005	harbor1	chr6	152418057	152418442	LTR/ERV1	1387	+	192	152418249	16244
chr6	152402005	152602005	harbor1	chr6	152418838	152419139	LTR/ERV1	1187	+	150	152418988	16983
chr6	152402005	152602005	harbor1	chr6	152420001	152420337	LTR/ERV1	11206	+	168	152420169	18164
chr6	152402005	152602005	harbor1	chr6	152420631	152421671	LTR/ERV1	11206	+	520	152421151	19146
chr6	152402005	152602005	harbor1	chr6	152422006	152422497	LTR/ERV1	11206	+	246	152422252	20247
chr6	152402005	152602005	harbor1	chr6	152422805	152422892	LTR/ERV1	11206	+	44	152422849	20844
chr6	152402005	152602005	harbor1	chr6	152422893	152423412	LTR/ERV1	2422	+	260	152423153	21148
chr6	152402005	152602005	harbor1	chr6	152490339	152490744	LTR/ERV1	1858	+	202	152490541	88536
chr6	152402005	152602005	harbor1	chr6	152490745	152491147	LTR/ERV1	1603	+	201	152490946	88941
chr6	152402005	152602005	harbor1	chr6	152491151	152491325	LTR/ERV1	439	+	87	152491238	89233
chr6	152402005	152602005	harbor1	chr6	152491384	152495382	LTR/ERV1	21904	+	1999	152493383	91378
chr6	152402005	152602005	harbor1	chr6	152495358	152495439	LTR/ERV1	1830	+	40	152495398	93393
chr6	152402005	152602005	harbor1	chr6	152495440	152495968	LTR/ERV1	3632	+	264	152495704	93699
chr6	152402005	152602005	harbor1	chr6	152495969	152496185	LTR/ERV1	1830	+	108	152496077	94072
chr6	152402005	152602005	harbor1	chr6	152496236	152496751	LTR/ERV1	3331	+	258	152496494	94489
chr6	152402005	152602005	harbor1	chr6	152496752	152497169	LTR/ERV1	1909	+	208	152496960	94955
chr6	62572607	62772607	harbor1	chr6	62585932	62586380	LTR/ERV1	2830	+	224	62586156	13549
chr6	62572607	62772607	harbor1	chr6	62588207	62591328	LTR/ERV1	24390	+	1560	62589767	17160
chr6	62572607	62772607	harbor1	chr6	62591329	62591724	LTR/ERV1	2619	+	198	62591527	18920
chr6	62572607	62772607	harbor1	chr6	62617019	62617903	LTR/ERV1	4587	+	442	62617461	44854
chr6	62572607	62772607	harbor1	chr6	62634212	62634368	LTR/ERV1	1011	+	78	62634290	61683
chr6	62572607	62772607	harbor1	chr6	62644851	62645106	LTR/ERV1	2908	+	128	62644979	72372
chr6	62572607	62772607	harbor1	chr6	62647381	62647789	LTR/ERV1	2908	+	204	62647585	74978
chr6	62572607	62772607	harbor1	chr6	62586383	62588219	LTR/ERV1	12631	+	918	62587301	14694
chr6	17125487	17325487	harbor1	chr6	17182828	17183594	LTR/ERV1	4287	+	383	17183211	57724
chr6	17125487	17325487	harbor1	chr6	17185667	17186270	LTR/ERV1	3020	+	302	17185969	60482
chr6	17125487	17325487	harbor1	chr6	17200446	17201745	LTR/ERV1	5881	+	650	17201096	75609
chr6	17125487	17325487	harbor1	chr6	17222127	17222217	LTR/ERV1	2182	+	45	17222172	96685
chr6	17125487	17325487	harbor1	chr6	17222572	17222689	LTR/ERV1	2553	+	58	17222630	97143
chr6	17125487	17325487	harbor1	chr6	17222906	17223040	LTR/ERV1	2553	+	67	17222973	97486
chr6	17125487	17325487	harbor1	chr6	17223337	17223455	LTR/ERV1	2553	+	59	17223396	97909
chr6	46871561	47071561	harbor1	chr6	46912678	46913127	LTR/ERV1	2970	+	224	46912902	41341
chr6	46871561	47071561	harbor1	chr6	46957953	46958214	LTR/ERV1	772	+	130	46958083	86522
chr6	23922124	24122124	harbor1	chr6	23979225	23979616	LTR/ERV1	1539	+	196	23979421	57297
chr6	150473108	150673108	harbor1	chr6	150508726	150509300	LTR/ERV1	2979	+	287	150509013	35905
chr6	150473108	150673108	harbor1	chr6	150509304	150509528	LTR/ERV1	1149	+	112	150509416	36308
chr6	150473108	150673108	harbor1	chr6	150526228	150526867	LTR/ERV1	3319	+	320	150526548	53440
chr6	150473108	150673108	harbor1	chr6	150545156	150545517	LTR/ERV1	1941	+	180	150545336	72228
chr6	150473108	150673108	harbor1	chr6	150548404	150548499	LTR/ERV1	432	+	48	150548452	75344
chr6	150473108	150673108	harbor1	chr6	150548544	150548902	LTR/ERV1	657	+	179	150548723	75615
chr6	77437407	77637407	harbor1	chr6	77473930	77474459	LTR/ERV1	2413	+	264	77474194	36787
chr6	77437407	77637407	harbor1	chr6	77474642	77475220	LTR/ERV1	1424	+	289	77474931	37524
chr6	77437407	77637407	harbor1	chr6	77475254	77476903	LTR/ERV1	4153	+	824	77476078	38671
chr6	77437407	77637407	harbor1	chr6	77477216	77478135	LTR/ERV1	4038	+	460	77477676	40269
chr6	77437407	77637407	harbor1	chr6	77478136	77478226	LTR/ERV1	665	+	45	77478181	40774
chr6	77437407	77637407	harbor1	chr6	77478229	77478755	LTR/ERV1	2577	+	263	77478492	41085
chr6	77437407	77637407	harbor1	chr6	77514495	77515198	LTR/ERV1	3943	+	352	77514847	77440
chr6	77437407	77637407	harbor1	chr6	77532221	77532684	LTR/ERV1	2319	+	232	77532453	95046
chr6	152414955	152614955	harbor1	chr6	152418057	152418442	LTR/ERV1	1387	+	192	152418249	3294
chr6	152414955	152614955	harbor1	chr6	152418838	152419139	LTR/ERV1	1187	+	150	152418988	4033
chr6	152414955	152614955	harbor1	chr6	152420001	152420337	LTR/ERV1	11206	+	168	152420169	5214
chr6	152414955	152614955	harbor1	chr6	152420631	152421671	LTR/ERV1	11206	+	520	152421151	6196
chr6	152414955	152614955	harbor1	chr6	152422006	152422497	LTR/ERV1	11206	+	246	152422252	7297
chr6	152414955	152614955	harbor1	chr6	152422805	152422892	LTR/ERV1	11206	+	44	152422849	7894
chr6	152414955	152614955	harbor1	chr6	152422893	152423412	LTR/ERV1	2422	+	260	152423153	8198
chr6	152414955	152614955	harbor1	chr6	152490339	152490744	LTR/ERV1	1858	+	202	152490541	75586
chr6	152414955	152614955	harbor1	chr6	152490745	152491147	LTR/ERV1	1603	+	201	152490946	75991
chr6	152414955	152614955	harbor1	chr6	152491151	152491325	LTR/ERV1	439	+	87	152491238	76283
chr6	152414955	152614955	harbor1	chr6	152491384	152495382	LTR/ERV1	21904	+	1999	152493383	78428
chr6	152414955	152614955	harbor1	chr6	152495358	152495439	LTR/ERV1	1830	+	40	152495398	80443
chr6	152414955	152614955	harbor1	chr6	152495440	152495968	LTR/ERV1	3632	+	264	152495704	80749
chr6	152414955	152614955	harbor1	chr6	152495969	152496185	LTR/ERV1	1830	+	108	152496077	81122
chr6	152414955	152614955	harbor1	chr6	152496236	152496751	LTR/ERV1	3331	+	258	152496494	81539
chr6	152414955	152614955	harbor1	chr6	152496752	152497169	LTR/ERV1	1909	+	208	152496960	82005
chr6	45845126	46045126	harbor1	chr6	45927402	45927905	LTR/ERV1	3276	+	252	45927654	82528
chr6	153304996	153504996	harbor1	chr6	153325665	153326059	LTR/ERV1	2067	+	197	153325862	20866
chr6	153304996	153504996	harbor1	chr6	153352801	153353142	LTR/ERV1	2124	+	170	153352971	47975
chr6	153304996	153504996	harbor1	chr6	153353143	153353777	LTR/ERV1	2292	+	317	153353460	48464
chr6	153304996	153504996	harbor1	chr6	153354613	153356809	LTR/ERV1	16937	+	1098	153355711	50715
chr6	153304996	153504996	harbor1	chr6	153357118	153357541	LTR/ERV1	16937	+	212	153357330	52334
chr6	153304996	153504996	harbor1	chr6	153357542	153357875	LTR/ERV1	1607	+	166	153357708	52712
chr6	153304996	153504996	harbor1	chr6	153353894	153354618	LTR/ERV1	4415	+	362	153354256	49260
chr6	158258918	158458918	harbor1	chr6	158343885	158344350	LTR/ERV1	3892	+	232	158344117	85199
chr6	49492327	49692327	harbor1	chr6	49557436	49557884	LTR/ERV1	1954	+	224	49557660	65333
chr6	49492327	49692327	harbor1	chr6	49558203	49558272	LTR/ERV1	1954	+	34	49558237	65910
chr6	49492327	49692327	harbor1	chr6	49564328	49564844	LTR/ERV1	1274	+	258	49564586	72259
chr6	49492327	49692327	harbor1	chr6	49576212	49576405	LTR/ERV1	2917	+	96	49576308	83981
chr6	49492327	49692327	harbor1	chr6	49576634	49577104	LTR/ERV1	2917	+	235	49576869	84542
chr6	49492327	49692327	harbor1	chr6	49580226	49580915	LTR/ERV1	3567	+	344	49580570	88243
chr6	49492327	49692327	harbor1	chr6	49588481	49588854	LTR/ERV1	2566	+	186	49588667	96340
chr6	49492327	49692327	harbor1	chr6	49589245	49589588	LTR/ERV1	2566	+	172	49589417	97090
chr6	17858844	18058844	harbor1	chr6	17901427	17901759	LTR/ERV1	1707	+	166	17901593	42749
chr6	17858844	18058844	harbor1	chr6	17939473	17939770	LTR/ERV1	2329	+	148	17939621	80777
chr6	17858844	18058844	harbor1	chr6	17940067	17940131	LTR/ERV1	2329	+	32	17940099	81255
chr6	62118920	62318920	harbor1	chr6	62148486	62149159	LTR/ERV1	2028	+	336	62148822	29902
chr6	51541284	51741284	harbor1	chr6	51598212	51599451	LTR/ERV1	7120	+	620	51598832	57548
chr6	51541284	51741284	harbor1	chr6	51637611	51637623	LTR/ERV1	768	+	6	51637617	96333
chr6	51541284	51741284	harbor1	chr6	51637921	51638342	LTR/ERV1	768	+	210	51638131	96847
chr6	56356147	56556147	harbor1	chr6	56425444	56425710	LTR/ERV1	996	+	133	56425577	69430
chr6	14854122	15054122	harbor1	chr6	14870266	14870745	LTR/ERV1	2522	+	240	14870506	16384
chr6	14854122	15054122	harbor1	chr6	14915810	14917153	LTR/ERV1	7683	+	672	14916482	62360
chr6	14854122	15054122	harbor1	chr6	14934780	14935213	LTR/ERV1	1212	+	216	14934996	80874
chr6	14854122	15054122	harbor1	chr6	14942552	14942813	LTR/ERV1	835	+	130	14942682	88560
chr6	153802596	154002596	harbor1	chr6	153821384	153822198	LTR/ERV1	4732	+	407	153821791	19195
chr6	153802596	154002596	harbor1	chr6	153858501	153858978	LTR/ERV1	2036	+	238	153858739	56143
chr6	153802596	154002596	harbor1	chr6	153873944	153874255	LTR/ERV1	646	+	156	153874100	71504
chr6	153802596	154002596	harbor1	chr6	153882686	153882874	LTR/ERV1	835	+	94	153882780	80184
chr6	153802596	154002596	harbor1	chr6	153882922	153883804	LTR/ERV1	3710	+	441	153883363	80767
chr6	153802596	154002596	harbor1	chr6	153884158	153884575	LTR/ERV1	1275	+	208	153884366	81770
chr6	153802596	154002596	harbor1	chr6	153884581	153884926	LTR/ERV1	1439	+	172	153884753	82157
chr6	153802596	154002596	harbor1	chr6	153887970	153888071	LTR/ERV1	450	+	50	153888020	85424
chr6	153802596	154002596	harbor1	chr6	153888076	153889009	LTR/ERV1	14060	+	466	153888542	85946
chr6	153802596	154002596	harbor1	chr6	153889060	153890910	LTR/ERV1	14060	+	925	153889985	87389
chr6	153802596	154002596	harbor1	chr6	153890911	153891049	LTR/ERV1	744	+	69	153890980	88384
chr6	153802596	154002596	harbor1	chr6	153891356	153891491	LTR/ERV1	744	+	68	153891424	88828
chr6	153802596	154002596	harbor1	chr6	153891492	153891634	LTR/ERV1	617	+	71	153891563	88967
chr6	153802596	154002596	harbor1	chr6	153891639	153892049	LTR/ERV1	2190	+	205	153891844	89248
chr6	153802596	154002596	harbor1	chr6	153894037	153894514	LTR/ERV1	1538	+	238	153894275	91679
chr6	153802596	154002596	harbor1	chr6	153899035	153899487	LTR/ERV1	2763	+	226	153899261	96665
chr6	89472274	89672274	harbor1	chr6	89491811	89492154	LTR/ERV1	1317	+	172	89491983	19709
chr6	101408010	101608010	harbor1	chr6	101467947	101468322	LTR/ERV1	548	+	188	101468135	60125
chr6	158827230	159027230	harbor1	chr6	158867981	158868379	LTR/ERV1	2585	+	199	158868180	40950
chr6	158827230	159027230	harbor1	chr6	158906980	158907548	LTR/ERV1	1531	+	284	158907264	80034
chr6	158827230	159027230	harbor1	chr6	158914089	158914492	LTR/ERV1	1396	+	202	158914291	87061
chr6	158827230	159027230	harbor1	chr6	158919998	158920683	LTR/ERV1	5251	+	342	158920340	93110
chr6	158827230	159027230	harbor1	chr6	158907748	158908419	LTR/ERV1	4303	+	336	158908084	80854
chr6	31058960	31258960	harbor1	chr6	31070641	31070933	LTR/ERV1	799	+	146	31070787	11827
chr6	31058960	31258960	harbor1	chr6	31070974	31071403	LTR/ERV1	757	+	214	31071188	12228
chr6	31058960	31258960	harbor1	chr6	31091141	31091464	LTR/ERV1	1881	+	162	31091303	32343
chr6	31058960	31258960	harbor1	chr6	31097601	31097829	LTR/ERV1	4483	+	114	31097715	38755
chr6	31058960	31258960	harbor1	chr6	31096801	31097290	LTR/ERV1	4483	+	244	31097045	38085
chr6	107052290	107252290	harbor1	chr6	107078820	107079662	LTR/ERV1	3824	+	421	107079241	26951
chr6	107052290	107252290	harbor1	chr6	107084325	107085379	LTR/ERV1	5353	+	527	107084852	32562
chr6	76715932	76915932	harbor1	chr6	76742668	76743404	LTR/ERV1	2637	+	368	76743036	27104
chr6	76715932	76915932	harbor1	chr6	76770021	76770031	LTR/ERV1	2963	+	5	76770026	54094
chr6	76715932	76915932	harbor1	chr6	76770517	76771005	LTR/ERV1	2963	+	244	76770761	54829
chr6	76715932	76915932	harbor1	chr6	76809797	76810596	LTR/ERV1	5233	+	400	76810197	94265
chr6	123106710	123306710	harbor1	chr6	123111726	123112232	LTR/ERV1	3321	+	253	123111979	5269
chr6	123106710	123306710	harbor1	chr6	123201786	123203402	LTR/ERV1	8966	+	808	123202594	95884
chr6	54638971	54838971	harbor1	chr6	54666411	54667103	LTR/ERV1	3682	+	346	54666757	27786
chr6	54638971	54838971	harbor1	chr6	54667542	54668028	LTR/ERV1	2512	+	243	54667785	28814
chr6	54638971	54838971	harbor1	chr6	54688681	54689242	LTR/ERV1	2958	+	280	54688961	49990
chr6	54638971	54838971	harbor1	chr6	54689586	54690249	LTR/ERV1	3160	+	332	54689918	50947
chr6	67837123	68037123	harbor1	chr6	67855376	67855612	LTR/ERV1	800	+	118	67855494	18371
chr6	67837123	68037123	harbor1	chr6	67856204	67856410	LTR/ERV1	781	+	103	67856307	19184
chr6	67837123	68037123	harbor1	chr6	67862987	67864449	LTR/ERV1	6283	+	731	67863718	26595
chr6	67837123	68037123	harbor1	chr6	67864452	67865005	LTR/ERV1	1790	+	276	67864728	27605
chr6	67837123	68037123	harbor1	chr6	67879083	67879506	LTR/ERV1	1241	+	212	67879295	42172
chr6	104129804	104329804	harbor1	chr6	104139095	104139550	LTR/ERV1	2709	+	228	104139323	9519
chr6	104129804	104329804	harbor1	chr6	104145388	104145985	LTR/ERV1	4102	+	298	104145686	15882
chr6	104129804	104329804	harbor1	chr6	104185749	104186723	LTR/ERV1	5215	+	487	104186236	56432
chr6	157157173	157357173	harbor1	chr6	157242984	157243525	LTR/ERV1	1914	+	270	157243254	86081
chr6	133795859	133995859	harbor1	chr6	133867754	133868072	LTR/ERV1	2295	+	159	133867913	72054
chr6	16321069	16521069	harbor1	chr6	16346700	16348123	LTR/ERV1	9602	+	712	16347412	26343
chr6	16321069	16521069	harbor1	chr6	16358571	16359832	LTR/ERV1	9013	+	630	16359201	38132
chr6	16321069	16521069	harbor1	chr6	16406470	16407056	LTR/ERV1	4864	+	293	16406763	85694
chr6	136687181	136887181	harbor1	chr6	136771318	136771795	LTR/ERV1	2379	+	238	136771556	84375
chr6	136687181	136887181	harbor1	chr6	136780179	136780563	LTR/ERV1	620	+	192	136780371	93190
chr6	30139090	30339090	harbor1	chr6	30216600	30217155	LTR/ERV1	1316	+	278	30216878	77788
chr6	40584416	40784416	harbor1	chr6	40679880	40680573	LTR/ERV1	3160	+	346	40680226	95810
chr6	62971758	63171758	harbor1	chr6	62980138	62980565	LTR/ERV1	2171	+	214	62980352	8594
chr6	62971758	63171758	harbor1	chr6	62980566	62980691	LTR/ERV1	1977	+	62	62980628	8870
chr6	62971758	63171758	harbor1	chr6	63005488	63005877	LTR/ERV1	1921	+	194	63005682	33924
chr6	62971758	63171758	harbor1	chr6	63005886	63006351	LTR/ERV1	2794	+	232	63006118	34360
chr6	62971758	63171758	harbor1	chr6	63006401	63008723	LTR/ERV1	13838	+	1161	63007562	35804
chr6	62971758	63171758	harbor1	chr6	63008721	63010425	LTR/ERV1	7920	+	852	63009573	37815
chr6	62971758	63171758	harbor1	chr6	63010430	63010649	LTR/ERV1	1435	+	110	63010540	38782
chr6	62971758	63171758	harbor1	chr6	63010654	63011039	LTR/ERV1	2439	+	192	63010846	39088
chr6	62971758	63171758	harbor1	chr6	63011040	63011448	LTR/ERV1	2250	+	204	63011244	39486
chr6	62971758	63171758	harbor1	chr6	62979778	62980137	LTR/ERV1	1977	+	180	62979958	8200
chr6	80717104	80917104	harbor1	chr6	80719949	80721199	LTR/ERV1	4129	+	625	80720574	3470
chr6	80717104	80917104	harbor1	chr6	80751356	80751711	LTR/ERV1	841	+	178	80751534	34430
chr6	82061012	82261012	harbor1	chr6	82094263	82094578	LTR/ERV1	657	+	158	82094421	33409
chr6	82061012	82261012	harbor1	chr6	82094980	82095084	LTR/ERV1	657	+	52	82095032	34020
chr6	49235875	49435875	harbor1	chr6	49258813	49259191	LTR/ERV1	2423	+	189	49259002	23127
chr6	49235875	49435875	harbor1	chr6	49267526	49268132	LTR/ERV1	3439	+	303	49267829	31954
chr6	49235875	49435875	harbor1	chr6	49275260	49276510	LTR/ERV1	7888	+	625	49275885	40010
chr6	94591099	94791099	harbor1	chr6	94591346	94591465	LTR/ERV1	900	+	60	94591406	307
chr6	94591099	94791099	harbor1	chr6	94632835	94633310	LTR/ERV1	2170	+	238	94633073	41974
chr6	94591099	94791099	harbor1	chr6	94639547	94640291	LTR/ERV1	4179	+	372	94639919	48820
chr6	94591099	94791099	harbor1	chr6	94646925	94647370	LTR/ERV1	1433	+	222	94647147	56048
chr6	10559409	10759409	harbor1	chr6	10565340	10565765	LTR/ERV1	2385	+	212	10565552	6143
chr6	10559409	10759409	harbor1	chr6	10575556	10576054	LTR/ERV1	3312	+	249	10575805	16396
chr6	129617422	129817422	harbor1	chr6	129637505	129637897	LTR/ERV1	2609	+	196	129637701	20279
chr6	118119946	118319946	harbor1	chr6	118208744	118209375	LTR/ERV1	3554	+	316	118209060	89114
chr6	124262984	124462984	harbor1	chr6	124291387	124291973	LTR/ERV1	1290	+	293	124291680	28696
chr6	170682777	170882777	harbor1	chr6	170693476	170693619	LTR/ERV1	3600	+	72	170693548	10771
chr6	170682777	170882777	harbor1	chr6	170693740	170694041	LTR/ERV1	3600	+	150	170693890	11113
chr6	170682777	170882777	harbor1	chr6	170694341	170694654	LTR/ERV1	3600	+	156	170694497	11720
chr6	170682777	170882777	harbor1	chr6	170698732	170699176	LTR/ERV1	1374	+	222	170698954	16177
chr6	170682777	170882777	harbor1	chr6	170719385	170719997	LTR/ERV1	3327	+	306	170719691	36914
chr6	170682777	170882777	harbor1	chr6	170735075	170735866	LTR/ERV1	4242	+	396	170735471	52694
chr6	77132138	77332138	harbor1	chr6	77143777	77144279	LTR/ERV1	884	+	251	77144028	11890
chr6	54744822	54944822	harbor1	chr6	54778117	54778361	LTR/ERV1	2850	+	122	54778239	33417
chr6	54744822	54944822	harbor1	chr6	54778731	54778988	LTR/ERV1	2850	+	128	54778859	34037
chr6	98437313	98637313	harbor1	chr6	98477180	98477675	LTR/ERV1	3540	+	248	98477428	40115
chr6	14268936	14468936	harbor1	chr6	14271878	14272673	LTR/ERV1	4976	+	398	14272276	3340
chr6	14268936	14468936	harbor1	chr6	14358983	14359288	LTR/ERV1	1202	+	152	14359135	90199
chr6	14268936	14468936	harbor1	chr6	14359658	14359939	LTR/ERV1	1627	+	140	14359798	90862
chr6	14268936	14468936	harbor1	chr6	14364097	14364648	LTR/ERV1	1603	+	276	14364373	95437
chr6	61765722	61965722	harbor1	chr6	61847168	61847800	LTR/ERV1	2977	+	316	61847484	81762
chr6	61765722	61965722	harbor1	chr6	61848939	61849361	LTR/ERV1	737	+	211	61849150	83428
chr6	121930625	122130625	harbor1	chr6	121992197	121992474	LTR/ERV1	2469	+	138	121992335	61710
chr6	121930625	122130625	harbor1	chr6	121992538	121992770	LTR/ERV1	2469	+	116	121992654	62029
chr6	49667690	49867690	harbor1	chr6	49715752	49716906	LTR/ERV1	6723	+	577	49716329	48639
chr6	49667690	49867690	harbor1	chr6	49716978	49717179	LTR/ERV1	1120	+	100	49717078	49388
chr6	49667690	49867690	harbor1	chr6	49722595	49722811	LTR/ERV1	1483	+	108	49722703	55013
chr6	49667690	49867690	harbor1	chr6	49723457	49724041	LTR/ERV1	3450	+	292	49723749	56059
chr6	15922776	16122776	harbor1	chr6	15960045	15960920	LTR/ERV1	4331	+	438	15960483	37707
chr6	15922776	16122776	harbor1	chr6	15989722	15990301	LTR/ERV1	2840	+	290	15990012	67236
chr6	15922776	16122776	harbor1	chr6	16019753	16020362	LTR/ERV1	4095	+	304	16020057	97281
chr6	149029854	149229854	harbor1	chr6	149113147	149113893	LTR/ERV1	4273	+	373	149113520	83666
chr6	152447208	152647208	harbor1	chr6	152490339	152490744	LTR/ERV1	1858	+	202	152490541	43333
chr6	152447208	152647208	harbor1	chr6	152490745	152491147	LTR/ERV1	1603	+	201	152490946	43738
chr6	152447208	152647208	harbor1	chr6	152491151	152491325	LTR/ERV1	439	+	87	152491238	44030
chr6	152447208	152647208	harbor1	chr6	152491384	152495382	LTR/ERV1	21904	+	1999	152493383	46175
chr6	152447208	152647208	harbor1	chr6	152495358	152495439	LTR/ERV1	1830	+	40	152495398	48190
chr6	152447208	152647208	harbor1	chr6	152495440	152495968	LTR/ERV1	3632	+	264	152495704	48496
chr6	152447208	152647208	harbor1	chr6	152495969	152496185	LTR/ERV1	1830	+	108	152496077	48869
chr6	152447208	152647208	harbor1	chr6	152496236	152496751	LTR/ERV1	3331	+	258	152496494	49286
chr6	152447208	152647208	harbor1	chr6	152496752	152497169	LTR/ERV1	1909	+	208	152496960	49752
chr6	87397046	87597046	harbor1	chr6	87469783	87470293	LTR/ERV1	2234	+	255	87470038	72992
chr6	87397046	87597046	harbor1	chr6	87470704	87470785	LTR/ERV1	2234	+	40	87470744	73698
chr6	67687777	67887777	harbor1	chr6	67688158	67688428	LTR/ERV1	1608	+	135	67688293	516
chr6	67687777	67887777	harbor1	chr6	67688813	67691097	LTR/ERV1	13177	+	1142	67689955	2178
chr6	67687777	67887777	harbor1	chr6	67691098	67691660	LTR/ERV1	2748	+	281	67691379	3602
chr6	67687777	67887777	harbor1	chr6	67722169	67722864	LTR/ERV1	5793	+	348	67722517	34740
chr6	67687777	67887777	harbor1	chr6	67722868	67724397	LTR/ERV1	10660	+	764	67723632	35855
chr6	110621265	110821265	harbor1	chr6	110678691	110679027	LTR/ERV1	1563	+	168	110678859	57594
chr6	110621265	110821265	harbor1	chr6	110679644	110679727	LTR/ERV1	1563	+	42	110679686	58421
chr6	100328098	100528098	harbor1	chr6	100415696	100416261	LTR/ERV1	4552	+	282	100415978	87880
chr6	102495215	102695215	harbor1	chr6	102495289	102495529	LTR/ERV1	561	+	120	102495409	194
chr6	102495215	102695215	harbor1	chr6	102495809	102496821	LTR/ERV1	975	+	506	102496315	1100
chr6	102495215	102695215	harbor1	chr6	102499639	102499731	LTR/ERV1	507	+	46	102499685	4470
chr6	102495215	102695215	harbor1	chr6	102500261	102500641	LTR/ERV1	2059	+	190	102500451	5236
chr6	102495215	102695215	harbor1	chr6	102581411	102582974	LTR/ERV1	6648	+	782	102582193	86978
chr6	113826200	114026200	harbor1	chr6	113831619	113832188	LTR/ERV1	3702	+	284	113831903	5703
chr6	113826200	114026200	harbor1	chr6	113893860	113894284	LTR/ERV1	1087	+	212	113894072	67872
chr6	166497020	166697020	harbor1	chr6	166515717	166516191	LTR/ERV1	3444	+	237	166515954	18934
chr6	166497020	166697020	harbor1	chr6	166555188	166555696	LTR/ERV1	2515	+	254	166555442	58422
chr6	22345476	22545476	harbor1	chr6	22370432	22370632	LTR/ERV1	1255	+	100	22370532	25056
chr6	22345476	22545476	harbor1	chr6	22370716	22370873	LTR/ERV1	764	+	78	22370794	25318
chr6	22345476	22545476	harbor1	chr6	22370882	22372718	LTR/ERV1	11969	+	918	22371800	26324
chr6	22345476	22545476	harbor1	chr6	22373106	22373912	LTR/ERV1	11969	+	403	22373509	28033
chr6	22345476	22545476	harbor1	chr6	22373912	22376175	LTR/ERV1	13687	+	1132	22375044	29568
chr6	22345476	22545476	harbor1	chr6	22378498	22378822	LTR/ERV1	2022	+	162	22378660	33184
chr6	22345476	22545476	harbor1	chr6	22378824	22379334	LTR/ERV1	3060	+	255	22379079	33603
chr6	22345476	22545476	harbor1	chr6	22442448	22442747	LTR/ERV1	935	+	150	22442598	97122
chr6	69606676	69806676	harbor1	chr6	69616648	69617430	LTR/ERV1	5209	+	391	69617039	10363
chr6	69606676	69806676	harbor1	chr6	69622823	69623369	LTR/ERV1	3298	+	273	69623096	16420
chr6	69606676	69806676	harbor1	chr6	69651767	69652274	LTR/ERV1	2436	+	254	69652021	45345
chr6	132544741	132744741	harbor1	chr6	132611678	132612006	LTR/ERV1	1028	+	164	132611842	67101
chr6	8421512	8621512	harbor1	chr6	8495568	8495710	LTR/ERV1	514	+	71	8495639	74127
chr6	8421512	8621512	harbor1	chr6	8498546	8498893	LTR/ERV1	1981	+	174	8498720	77208
chr6	125553650	125753650	harbor1	chr6	125644269	125645697	LTR/ERV1	10310	+	714	125644983	91333
chr6	125553650	125753650	harbor1	chr6	125652303	125652825	LTR/ERV1	2719	+	261	125652564	98914
chr6	166289202	166489202	harbor1	chr6	166295017	166295592	LTR/ERV1	4157	+	288	166295305	6103
chr6	166289202	166489202	harbor1	chr6	166314936	166316261	LTR/ERV1	10914	+	662	166315598	26396
chr6	166289202	166489202	harbor1	chr6	166316241	166316382	LTR/ERV1	1134	+	70	166316311	27109
chr6	166289202	166489202	harbor1	chr6	166351977	166352362	LTR/ERV1	1374	+	192	166352169	62967
chr6	166289202	166489202	harbor1	chr6	166353470	166353597	LTR/ERV1	705	+	64	166353534	64332
chr6	166289202	166489202	harbor1	chr6	166313897	166314952	LTR/ERV1	7722	+	528	166314425	25223
chr7	80221462	80421462	harbor1	chr7	80317461	80317919	LTR/ERV1	1540	+	229	80317690	96228
chr7	80221462	80421462	harbor1	chr7	80317971	80318123	LTR/ERV1	620	+	76	80318047	96585
chr7	80221462	80421462	harbor1	chr7	80318548	80320511	LTR/ERV1	4303	+	982	80319530	98068
chr7	80221462	80421462	harbor1	chr7	80320818	80320835	LTR/ERV1	1991	+	8	80320826	99364
chr7	80221462	80421462	harbor1	chr7	80320969	80321024	LTR/ERV1	1991	+	28	80320997	99535
chr7	80221462	80421462	harbor1	chr7	80321000	80321392	LTR/ERV1	1780	+	196	80321196	99734
chr7	133378143	133578143	harbor1	chr7	133406974	133407457	LTR/ERV1	1812	+	242	133407216	29073
chr7	133378143	133578143	harbor1	chr7	133423617	133424574	LTR/ERV1	5672	+	478	133424095	45952
chr7	133378143	133578143	harbor1	chr7	133425219	133425286	LTR/ERV1	2228	+	34	133425253	47110
chr7	133378143	133578143	harbor1	chr7	133425586	133426124	LTR/ERV1	2493	+	269	133425855	47712
chr7	133378143	133578143	harbor1	chr7	133440465	133441028	LTR/ERV1	3580	+	282	133440747	62604
chr7	56277253	56477253	harbor1	chr7	56343506	56343847	LTR/ERV1	1162	+	170	56343676	66423
chr7	51161352	51361352	harbor1	chr7	51168904	51169486	LTR/ERV1	4038	+	291	51169195	7843
chr7	51161352	51361352	harbor1	chr7	51174512	51174880	LTR/ERV1	1070	+	184	51174696	13344
chr7	51161352	51361352	harbor1	chr7	51176033	51176399	LTR/ERV1	1508	+	183	51176216	14864
chr7	51161352	51361352	harbor1	chr7	51176431	51176616	LTR/ERV1	1508	+	92	51176523	15171
chr7	51161352	51361352	harbor1	chr7	51176597	51177492	LTR/ERV1	4677	+	448	51177045	15693
chr7	51161352	51361352	harbor1	chr7	51177819	51177862	LTR/ERV1	4677	+	22	51177841	16489
chr7	51161352	51361352	harbor1	chr7	51178182	51178625	LTR/ERV1	6066	+	222	51178404	17052
chr7	51161352	51361352	harbor1	chr7	51178909	51179246	LTR/ERV1	6066	+	168	51179077	17725
chr7	51161352	51361352	harbor1	chr7	51179506	51181236	LTR/ERV1	6260	+	865	51180371	19019
chr7	51161352	51361352	harbor1	chr7	51181252	51181695	LTR/ERV1	1136	+	222	51181474	20122
chr7	51161352	51361352	harbor1	chr7	51238533	51238594	LTR/ERV1	479	+	30	51238563	77211
chr7	51161352	51361352	harbor1	chr7	51239133	51239702	LTR/ERV1	3641	+	284	51239417	78065
chr7	51161352	51361352	harbor1	chr7	51241871	51242482	LTR/ERV1	4376	+	306	51242177	80825
chr7	122423496	122623496	harbor1	chr7	122473050	122473441	LTR/ERV1	2850	+	196	122473246	49750
chr7	54222229	54422229	harbor1	chr7	54279980	54280270	LTR/ERV1	1375	+	145	54280125	57896
chr7	43428129	43628129	harbor1	chr7	43490042	43490431	LTR/ERV1	1422	+	194	43490236	62107
chr7	51057207	51257207	harbor1	chr7	51104825	51105281	LTR/ERV1	3419	+	228	51105053	47846
chr7	72417129	72617129	harbor1	chr7	72419567	72420143	LTR/ERV1	3895	+	288	72419855	2726
chr7	55859347	56059347	harbor1	chr7	55872917	55873049	LTR/ERV1	2883	+	66	55872983	13636
chr7	55859347	56059347	harbor1	chr7	55873363	55873784	LTR/ERV1	2883	+	210	55873573	14226
chr7	55859347	56059347	harbor1	chr7	55874119	55874204	LTR/ERV1	2883	+	42	55874161	14814
chr7	55859347	56059347	harbor1	chr7	55905640	55905821	LTR/ERV1	1880	+	90	55905730	46383
chr7	55859347	56059347	harbor1	chr7	55906119	55906259	LTR/ERV1	1880	+	70	55906189	46842
chr7	55859347	56059347	harbor1	chr7	55906724	55906925	LTR/ERV1	638	+	100	55906824	47477
chr7	55859347	56059347	harbor1	chr7	55906903	55907198	LTR/ERV1	1039	+	148	55907051	47704
chr7	55859347	56059347	harbor1	chr7	55907196	55907415	LTR/ERV1	871	+	110	55907306	47959
chr7	55859347	56059347	harbor1	chr7	55937488	55937619	LTR/ERV1	836	+	66	55937554	78207
chr7	55859347	56059347	harbor1	chr7	55938235	55938363	LTR/ERV1	836	+	64	55938299	78952
chr7	55859347	56059347	harbor1	chr7	55868882	55869730	LTR/ERV1	7018	+	424	55869306	9959
chr7	105424269	105624269	harbor1	chr7	105453022	105453358	LTR/ERV1	1612	+	168	105453190	28921
chr7	105424269	105624269	harbor1	chr7	105514637	105514796	LTR/ERV1	1340	+	80	105514717	90448
chr7	105424269	105624269	harbor1	chr7	105515094	105515466	LTR/ERV1	1340	+	186	105515280	91011
chr7	14407201	14607201	harbor1	chr7	14420813	14421359	LTR/ERV1	2107	+	273	14421086	13885
chr7	14407201	14607201	harbor1	chr7	14446812	14447406	LTR/ERV1	3315	+	297	14447109	39908
chr7	82707805	82907805	harbor1	chr7	82715937	82716386	LTR/ERV1	752	+	224	82716161	8356
chr7	82707805	82907805	harbor1	chr7	82716747	82716766	LTR/ERV1	473	+	10	82716757	8952
chr7	82707805	82907805	harbor1	chr7	82718084	82718609	LTR/ERV1	1326	+	262	82718346	10541
chr7	82707805	82907805	harbor1	chr7	82723473	82723707	LTR/ERV1	2217	+	117	82723590	15785
chr7	82707805	82907805	harbor1	chr7	82744367	82744523	LTR/ERV1	693	+	78	82744445	36640
chr7	82707805	82907805	harbor1	chr7	82744517	82744704	LTR/ERV1	466	+	94	82744611	36806
chr7	82707805	82907805	harbor1	chr7	82749486	82749682	LTR/ERV1	752	+	98	82749584	41779
chr7	82707805	82907805	harbor1	chr7	82722533	82722891	LTR/ERV1	2217	+	179	82722712	14907
chr7	72785443	72985443	harbor1	chr7	72794645	72794815	LTR/ERV1	473	+	85	72794730	9287
chr7	72785443	72985443	harbor1	chr7	72795120	72795201	LTR/ERV1	473	+	40	72795160	9717
chr7	72785443	72985443	harbor1	chr7	72820876	72820970	LTR/ERV1	2010	+	47	72820923	35480
chr7	72785443	72985443	harbor1	chr7	72821274	72821619	LTR/ERV1	2010	+	172	72821446	36003
chr7	72785443	72985443	harbor1	chr7	72850899	72851370	LTR/ERV1	2438	+	236	72851135	65692
chr7	72785443	72985443	harbor1	chr7	72875216	72875398	LTR/ERV1	2233	+	91	72875307	89864
chr7	72785443	72985443	harbor1	chr7	72875708	72875955	LTR/ERV1	2233	+	124	72875832	90389
chr7	72785443	72985443	harbor1	chr7	72876281	72876380	LTR/ERV1	2233	+	50	72876331	90888
chr7	72785443	72985443	harbor1	chr7	72876684	72876821	LTR/ERV1	2233	+	68	72876752	91309
chr7	72785443	72985443	harbor1	chr7	72877265	72877905	LTR/ERV1	4205	+	320	72877585	92142
chr7	72785443	72985443	harbor1	chr7	72878166	72878474	LTR/ERV1	4205	+	154	72878320	92877
chr7	139560079	139760079	harbor1	chr7	139573875	139573994	LTR/ERV1	577	+	60	139573935	13856
chr7	139560079	139760079	harbor1	chr7	139574390	139574753	LTR/ERV1	918	+	182	139574572	14493
chr7	139560079	139760079	harbor1	chr7	139599801	139600234	LTR/ERV1	2599	+	216	139600017	39938
chr7	139560079	139760079	harbor1	chr7	139610709	139611183	LTR/ERV1	2351	+	237	139610946	50867
chr7	54261434	54461434	harbor1	chr7	54352799	54353065	LTR/ERV1	1362	+	133	54352932	91498
chr7	54261434	54461434	harbor1	chr7	54353134	54353359	LTR/ERV1	929	+	112	54353246	91812
chr7	54261434	54461434	harbor1	chr7	54279980	54280270	LTR/ERV1	1375	+	145	54280125	18691
chr7	53666169	53866169	harbor1	chr7	53715977	53716594	LTR/ERV1	2438	+	308	53716285	50116
chr7	80070013	80270013	harbor1	chr7	80099780	80100167	LTR/ERV1	1119	+	194	80099974	29961
chr7	80070013	80270013	harbor1	chr7	80113666	80114300	LTR/ERV1	4614	+	317	80113983	43970
chr7	27595592	27795592	harbor1	chr7	27626996	27627546	LTR/ERV1	1516	+	275	27627271	31679
chr7	27595592	27795592	harbor1	chr7	27639959	27640248	LTR/ERV1	1891	+	144	27640103	44511
chr7	27595592	27795592	harbor1	chr7	27640551	27640690	LTR/ERV1	1891	+	70	27640621	45029
chr7	85661732	85861732	harbor1	chr7	85672272	85673002	LTR/ERV1	5224	+	365	85672637	10905
chr7	85661732	85861732	harbor1	chr7	85683735	85684512	LTR/ERV1	6098	+	388	85684123	22391
chr7	85661732	85861732	harbor1	chr7	85703805	85704339	LTR/ERV1	3437	+	267	85704072	42340
chr7	134998339	135198339	harbor1	chr7	135077678	135077741	LTR/ERV1	442	+	32	135077710	79371
chr7	29054835	29254835	harbor1	chr7	29089463	29089857	LTR/ERV1	2250	+	197	29089660	34825
chr7	29054835	29254835	harbor1	chr7	29090163	29090238	LTR/ERV1	2250	+	38	29090201	35366
chr7	29054835	29254835	harbor1	chr7	29127532	29128072	LTR/ERV1	1800	+	270	29127802	72967
chr7	29054835	29254835	harbor1	chr7	29128249	29128407	LTR/ERV1	563	+	79	29128328	73493
chr7	86558972	86758972	harbor1	chr7	86621815	86622252	LTR/ERV1	2265	+	218	86622033	63061
chr7	113615979	113815979	harbor1	chr7	113616689	113617302	LTR/ERV1	2950	+	306	113616995	1016
chr7	113615979	113815979	harbor1	chr7	113621712	113621877	LTR/ERV1	1066	+	82	113621794	5815
chr7	113615979	113815979	harbor1	chr7	113649979	113650453	LTR/ERV1	2874	+	237	113650216	34237
chr7	113615979	113815979	harbor1	chr7	113683112	113683647	LTR/ERV1	2703	+	268	113683380	67401
chr7	113615979	113815979	harbor1	chr7	113683656	113684192	LTR/ERV1	4277	+	268	113683924	67945
chr7	113615979	113815979	harbor1	chr7	113685143	113685239	LTR/ERV1	4277	+	48	113685191	69212
chr7	113615979	113815979	harbor1	chr7	113685679	113685839	LTR/ERV1	854	+	80	113685759	69780
chr7	35659459	35859459	harbor1	chr7	35696139	35696264	LTR/ERV1	898	+	62	35696201	36742
chr7	35659459	35859459	harbor1	chr7	35696265	35697017	LTR/ERV1	5788	+	376	35696641	37182
chr7	35659459	35859459	harbor1	chr7	35724532	35725204	LTR/ERV1	4306	+	336	35724868	65409
chr7	35659459	35859459	harbor1	chr7	35725351	35725467	LTR/ERV1	687	+	58	35725409	65950
chr7	149281048	149481048	harbor1	chr7	149319536	149319965	LTR/ERV1	2079	+	214	149319750	38702
chr7	149281048	149481048	harbor1	chr7	149320018	149320296	LTR/ERV1	910	+	139	149320157	39109
chr7	149281048	149481048	harbor1	chr7	149322283	149322845	LTR/ERV1	1955	+	281	149322564	41516
chr7	149281048	149481048	harbor1	chr7	149323292	149323584	LTR/ERV1	1626	+	146	149323438	42390
chr7	149281048	149481048	harbor1	chr7	149323885	149323904	LTR/ERV1	1626	+	10	149323895	42847
chr7	149281048	149481048	harbor1	chr7	149323913	149324081	LTR/ERV1	2239	+	84	149323997	42949
chr7	149281048	149481048	harbor1	chr7	149324390	149326119	LTR/ERV1	5633	+	864	149325254	44206
chr7	149281048	149481048	harbor1	chr7	149326421	149327060	LTR/ERV1	5633	+	320	149326741	45693
chr7	149281048	149481048	harbor1	chr7	149327365	149327679	LTR/ERV1	5633	+	157	149327522	46474
chr7	149281048	149481048	harbor1	chr7	149327847	149327898	LTR/ERV1	1912	+	26	149327873	46825
chr7	149281048	149481048	harbor1	chr7	149328211	149328287	LTR/ERV1	1912	+	38	149328249	47201
chr7	149281048	149481048	harbor1	chr7	149328576	149328904	LTR/ERV1	1912	+	164	149328740	47692
chr7	149281048	149481048	harbor1	chr7	149368439	149368536	LTR/ERV1	638	+	48	149368487	87439
chr7	149281048	149481048	harbor1	chr7	149369608	149369927	LTR/ERV1	1965	+	160	149369768	88720
chr7	8868392	9068392	harbor1	chr7	8952442	8952583	LTR/ERV1	613	+	70	8952512	84120
chr7	32922647	33122647	harbor1	chr7	32930678	32931224	LTR/ERV1	3046	+	273	32930951	8304
chr7	32922647	33122647	harbor1	chr7	32933419	32933584	LTR/ERV1	2469	+	82	32933501	10854
chr7	32922647	33122647	harbor1	chr7	32933881	32934169	LTR/ERV1	2469	+	144	32934025	11378
chr7	32922647	33122647	harbor1	chr7	32934753	32934835	LTR/ERV1	2469	+	41	32934794	12147
chr7	32922647	33122647	harbor1	chr7	32937348	32937465	LTR/ERV1	611	+	58	32937406	14759
chr7	32922647	33122647	harbor1	chr7	32937731	32938354	LTR/ERV1	1099	+	312	32938043	15396
chr7	32922647	33122647	harbor1	chr7	32938351	32938417	LTR/ERV1	3972	+	33	32938384	15737
chr7	32922647	33122647	harbor1	chr7	32938725	32939736	LTR/ERV1	3972	+	506	32939231	16584
chr7	32922647	33122647	harbor1	chr7	32941291	32941447	LTR/ERV1	566	+	78	32941369	18722
chr7	32922647	33122647	harbor1	chr7	32941627	32942100	LTR/ERV1	1750	+	236	32941863	19216
chr7	32922647	33122647	harbor1	chr7	32948034	32948757	LTR/ERV1	4160	+	362	32948396	25749
chr7	140789845	140989845	harbor1	chr7	140839348	140839448	LTR/ERV1	2657	+	50	140839398	49553
chr7	140789845	140989845	harbor1	chr7	140839760	140840215	LTR/ERV1	2657	+	228	140839988	50143
chr7	140789845	140989845	harbor1	chr7	140844051	140844245	LTR/ERV1	1504	+	97	140844148	54303
chr7	16966674	17166674	harbor1	chr7	17065545	17066306	LTR/ERV1	4899	+	380	17065925	99251
chr7	34633287	34833287	harbor1	chr7	34654825	34655262	LTR/ERV1	3201	+	218	34655043	21756
chr7	34633287	34833287	harbor1	chr7	34701122	34701658	LTR/ERV1	824	+	268	34701390	68103
chr7	52809442	53009442	harbor1	chr7	52846771	52847215	LTR/ERV1	1917	+	222	52846993	37551
chr7	52809442	53009442	harbor1	chr7	52906350	52906772	LTR/ERV1	2115	+	211	52906561	97119
chr7	17440744	17640744	harbor1	chr7	17494318	17495058	LTR/ERV1	4183	+	370	17494688	53944
chr7	135577470	135777470	harbor1	chr7	135659794	135659985	LTR/ERV1	984	+	96	135659890	82420
chr7	135577470	135777470	harbor1	chr7	135661509	135661981	LTR/ERV1	1927	+	236	135661745	84275
chr7	43593935	43793935	harbor1	chr7	43666199	43669213	LTR/ERV1	14382	+	1507	43667706	73771
chr7	43593935	43793935	harbor1	chr7	43669214	43669761	LTR/ERV1	3401	+	274	43669488	75553
chr7	109403398	109603398	harbor1	chr7	109425815	109426512	LTR/ERV1	4044	+	348	109426163	22765
chr7	109403398	109603398	harbor1	chr7	109451801	109452562	LTR/ERV1	5678	+	380	109452181	48783
chr7	5082343	5282343	harbor1	chr7	5168109	5168184	LTR/ERV1	517	+	38	5168147	85804
chr7	131671793	131871793	harbor1	chr7	131763090	131763539	LTR/ERV1	2753	+	224	131763314	91521
chr7	71259016	71459016	harbor1	chr7	71283791	71284249	LTR/ERV1	2826	+	229	71284020	25004
chr7	71259016	71459016	harbor1	chr7	71311901	71312354	LTR/ERV1	2298	+	226	71312127	53111
chr7	71259016	71459016	harbor1	chr7	71357733	71358217	LTR/ERV1	3706	+	242	71357975	98959
chr7	10094706	10294706	harbor1	chr7	10138347	10138826	LTR/ERV1	2924	+	240	10138587	43881
chr7	10094706	10294706	harbor1	chr7	10147189	10147415	LTR/ERV1	839	+	113	10147302	52596
chr7	10094706	10294706	harbor1	chr7	10147906	10148534	LTR/ERV1	3266	+	314	10148220	53514
chr7	10094706	10294706	harbor1	chr7	10156827	10157309	LTR/ERV1	2621	+	241	10157068	62362
chr7	10094706	10294706	harbor1	chr7	10186879	10187257	LTR/ERV1	1389	+	189	10187068	92362
chr7	10094706	10294706	harbor1	chr7	10190218	10190758	LTR/ERV1	1123	+	270	10190488	95782
chr7	10094706	10294706	harbor1	chr7	10191308	10191406	LTR/ERV1	1123	+	49	10191357	96651
chr7	10094706	10294706	harbor1	chr7	10190759	10191307	LTR/ERV1	2897	+	274	10191033	96327
chr7	143314552	143514552	harbor1	chr7	143370361	143370905	LTR/ERV1	3628	+	272	143370633	56081
chr7	143314552	143514552	harbor1	chr7	143412490	143413043	LTR/ERV1	4263	+	276	143412766	98214
chr7	96347015	96547015	harbor1	chr7	96357426	96357717	LTR/ERV1	2113	+	146	96357572	10557
chr7	96347015	96547015	harbor1	chr7	96358055	96358185	LTR/ERV1	2113	+	65	96358120	11105
chr7	96347015	96547015	harbor1	chr7	96391455	96391849	LTR/ERV1	796	+	197	96391652	44637
chr7	96347015	96547015	harbor1	chr7	96411800	96411869	LTR/ERV1	470	+	34	96411834	64819
chr7	152961614	153161614	harbor1	chr7	152967777	152968442	LTR/ERV1	4219	+	332	152968109	6495
chr7	152961614	153161614	harbor1	chr7	152968449	152969013	LTR/ERV1	2173	+	282	152968731	7117
chr7	152961614	153161614	harbor1	chr7	152970356	152970813	LTR/ERV1	2561	+	228	152970584	8970
chr7	152961614	153161614	harbor1	chr7	152982293	152982383	LTR/ERV1	716	+	45	152982338	20724
chr7	152961614	153161614	harbor1	chr7	152988769	152989285	LTR/ERV1	2462	+	258	152989027	27413
chr7	152961614	153161614	harbor1	chr7	152989908	152990416	LTR/ERV1	3203	+	254	152990162	28548
chr7	152961614	153161614	harbor1	chr7	152991048	152991352	LTR/ERV1	888	+	152	152991200	29586
chr7	152961614	153161614	harbor1	chr7	152992559	152992802	LTR/ERV1	1010	+	122	152992681	31067
chr7	152961614	153161614	harbor1	chr7	153004799	153004980	LTR/ERV1	3850	+	90	153004889	43275
chr7	152961614	153161614	harbor1	chr7	153005279	153005820	LTR/ERV1	3850	+	270	153005549	43935
chr7	152961614	153161614	harbor1	chr7	153019685	153020164	LTR/ERV1	3491	+	240	153019925	58311
chr7	152971739	153171739	harbor1	chr7	152982293	152982383	LTR/ERV1	716	+	45	152982338	10599
chr7	152971739	153171739	harbor1	chr7	152988769	152989285	LTR/ERV1	2462	+	258	152989027	17288
chr7	152971739	153171739	harbor1	chr7	152989908	152990416	LTR/ERV1	3203	+	254	152990162	18423
chr7	152971739	153171739	harbor1	chr7	152991048	152991352	LTR/ERV1	888	+	152	152991200	19461
chr7	152971739	153171739	harbor1	chr7	152992559	152992802	LTR/ERV1	1010	+	122	152992681	20942
chr7	152971739	153171739	harbor1	chr7	153004799	153004980	LTR/ERV1	3850	+	90	153004889	33150
chr7	152971739	153171739	harbor1	chr7	153005279	153005820	LTR/ERV1	3850	+	270	153005549	33810
chr7	152971739	153171739	harbor1	chr7	153019685	153020164	LTR/ERV1	3491	+	240	153019925	48186
chr7	17015978	17215978	harbor1	chr7	17065545	17066306	LTR/ERV1	4899	+	380	17065925	49947
chr7	17015978	17215978	harbor1	chr7	17106411	17106879	LTR/ERV1	3344	+	234	17106645	90667
chr7	17015978	17215978	harbor1	chr7	17106883	17107384	LTR/ERV1	2537	+	250	17107133	91155
chr7	17015978	17215978	harbor1	chr7	17107611	17107965	LTR/ERV1	1366	+	177	17107788	91810
chr7	17015978	17215978	harbor1	chr7	17107984	17108364	LTR/ERV1	2555	+	190	17108174	92196
chr7	17015978	17215978	harbor1	chr7	17108437	17108598	LTR/ERV1	1112	+	80	17108517	92539
chr7	17015978	17215978	harbor1	chr7	17108620	17108837	LTR/ERV1	1432	+	108	17108728	92750
chr7	17015978	17215978	harbor1	chr7	17109003	17109196	LTR/ERV1	1387	+	96	17109099	93121
chr7	17015978	17215978	harbor1	chr7	17109196	17111602	LTR/ERV1	14851	+	1203	17110399	94421
chr7	17015978	17215978	harbor1	chr7	17111617	17112069	LTR/ERV1	2996	+	226	17111843	95865
chr7	109973179	110173179	harbor1	chr7	109981786	109982467	LTR/ERV1	2506	+	340	109982126	8947
chr7	109973179	110173179	harbor1	chr7	110010174	110010787	LTR/ERV1	2536	+	306	110010480	37301
chr7	109973179	110173179	harbor1	chr7	110050811	110051030	LTR/ERV1	519	+	110	110050921	77742
chr7	128556838	128756838	harbor1	chr7	128600991	128601093	LTR/ERV1	836	+	51	128601042	44204
chr7	143343613	143543613	harbor1	chr7	143370361	143370905	LTR/ERV1	3628	+	272	143370633	27020
chr7	143343613	143543613	harbor1	chr7	143412490	143413043	LTR/ERV1	4263	+	276	143412766	69153
chr7	14511279	14711279	harbor1	chr7	14555559	14556118	LTR/ERV1	3784	+	280	14555839	44560
chr7	14511279	14711279	harbor1	chr7	14593684	14594136	LTR/ERV1	1893	+	226	14593910	82631
chr7	10029424	10229424	harbor1	chr7	10078462	10080009	LTR/ERV1	7088	+	774	10079236	49812
chr7	10029424	10229424	harbor1	chr7	10080264	10080810	LTR/ERV1	3310	+	273	10080537	51113
chr7	10029424	10229424	harbor1	chr7	10086281	10086643	LTR/ERV1	1067	+	181	10086462	57038
chr7	10029424	10229424	harbor1	chr7	10086953	10087061	LTR/ERV1	1067	+	54	10087007	57583
chr7	10029424	10229424	harbor1	chr7	10088434	10088624	LTR/ERV1	528	+	95	10088529	59105
chr7	143421541	143621541	harbor1	chr7	143469181	143469565	LTR/ERV1	721	+	192	143469373	47832
chr7	143421541	143621541	harbor1	chr7	143469586	143469609	LTR/ERV1	629	+	12	143469598	48057
chr7	143421541	143621541	harbor1	chr7	143469983	143470308	LTR/ERV1	629	+	162	143470145	48604
chr7	143421541	143621541	harbor1	chr7	143500468	143500913	LTR/ERV1	651	+	222	143500690	79149
chr7	136613422	136813422	harbor1	chr7	136629172	136629866	LTR/ERV1	4720	+	347	136629519	16097
chr7	55897764	56097764	harbor1	chr7	55905640	55905821	LTR/ERV1	1880	+	90	55905730	7966
chr7	55897764	56097764	harbor1	chr7	55906119	55906259	LTR/ERV1	1880	+	70	55906189	8425
chr7	55897764	56097764	harbor1	chr7	55906724	55906925	LTR/ERV1	638	+	100	55906824	9060
chr7	55897764	56097764	harbor1	chr7	55906903	55907198	LTR/ERV1	1039	+	148	55907051	9287
chr7	55897764	56097764	harbor1	chr7	55907196	55907415	LTR/ERV1	871	+	110	55907306	9542
chr7	55897764	56097764	harbor1	chr7	55937488	55937619	LTR/ERV1	836	+	66	55937554	39790
chr7	55897764	56097764	harbor1	chr7	55938235	55938363	LTR/ERV1	836	+	64	55938299	40535
chr7	78748616	78948616	harbor1	chr7	78784225	78784914	LTR/ERV1	3975	+	344	78784569	35953
chr7	16437792	16637792	harbor1	chr7	16501689	16502649	LTR/ERV1	6267	+	480	16502169	64377
chr7	16437792	16637792	harbor1	chr7	16512106	16512555	LTR/ERV1	3069	+	224	16512330	74538
chr7	71873048	72073048	harbor1	chr7	71878449	71879186	LTR/ERV1	866	+	368	71878817	5769
chr7	71873048	72073048	harbor1	chr7	71884584	71885150	LTR/ERV1	5043	+	283	71884867	11819
chr7	71873048	72073048	harbor1	chr7	71885452	71885637	LTR/ERV1	5043	+	92	71885544	12496
chr7	71873048	72073048	harbor1	chr7	71900697	71901160	LTR/ERV1	2384	+	232	71900929	27881
chr7	71873048	72073048	harbor1	chr7	71932944	71933560	LTR/ERV1	3732	+	308	71933252	60204
chr7	71873048	72073048	harbor1	chr7	71939718	71940021	LTR/ERV1	1468	+	152	71939870	66822
chr7	71873048	72073048	harbor1	chr7	71942758	71943216	LTR/ERV1	3130	+	229	71942987	69939
chr7	71873048	72073048	harbor1	chr7	71949186	71949383	LTR/ERV1	2570	+	98	71949284	76236
chr7	71873048	72073048	harbor1	chr7	71949680	71949765	LTR/ERV1	2570	+	42	71949722	76674
chr7	71873048	72073048	harbor1	chr7	71950062	71950180	LTR/ERV1	2570	+	59	71950121	77073
chr7	12935701	13135701	harbor1	chr7	13016128	13016941	LTR/ERV1	4798	+	406	13016534	80833
chr7	131762901	131962901	harbor1	chr7	131763090	131763539	LTR/ERV1	2753	+	224	131763314	413
chr7	131762901	131962901	harbor1	chr7	131773758	131774506	LTR/ERV1	5591	+	374	131774132	11231
chr7	126104294	126304294	harbor1	chr7	126108019	126108646	LTR/ERV1	2971	+	314	126108333	4039
chr7	126104294	126304294	harbor1	chr7	126141114	126141489	LTR/ERV1	1855	+	188	126141302	37008
chr7	126104294	126304294	harbor1	chr7	126160241	126160410	LTR/ERV1	707	+	84	126160325	56031
chr7	126104294	126304294	harbor1	chr7	126162935	126163159	LTR/ERV1	994	+	112	126163047	58753
chr7	126104294	126304294	harbor1	chr7	126156256	126156980	LTR/ERV1	3183	+	362	126156618	52324
chr7	56573122	56773122	harbor1	chr7	56584151	56584743	LTR/ERV1	2762	+	296	56584447	11325
chr7	56573122	56773122	harbor1	chr7	56608502	56608854	LTR/ERV1	1208	+	176	56608678	35556
chr7	56573122	56773122	harbor1	chr7	56620420	56620848	LTR/ERV1	2390	+	214	56620634	47512
chr7	56573122	56773122	harbor1	chr7	56620866	56620990	LTR/ERV1	598	+	62	56620928	47806
chr7	56573122	56773122	harbor1	chr7	56621052	56621627	LTR/ERV1	2409	+	288	56621340	48218
chr7	56573122	56773122	harbor1	chr7	56621628	56621895	LTR/ERV1	1687	+	134	56621762	48640
chr7	56573122	56773122	harbor1	chr7	56625643	56626030	LTR/ERV1	1758	+	194	56625837	52715
chr7	56573122	56773122	harbor1	chr7	56621891	56625632	LTR/ERV1	14360	+	1870	56623761	50639
chr7	125559893	125759893	harbor1	chr7	125563549	125564348	LTR/ERV1	4663	+	400	125563949	4056
chr7	125559893	125759893	harbor1	chr7	125578911	125579958	LTR/ERV1	2512	+	524	125579435	19542
chr7	50023522	50223522	harbor1	chr7	50026580	50027249	LTR/ERV1	3053	+	334	50026914	3392
chr7	50023522	50223522	harbor1	chr7	50032847	50033678	LTR/ERV1	6428	+	416	50033263	9741
chr7	50023522	50223522	harbor1	chr7	50033993	50034895	LTR/ERV1	6428	+	451	50034444	10922
chr7	50023522	50223522	harbor1	chr7	50056667	50056903	LTR/ERV1	3943	+	118	50056785	33263
chr7	50023522	50223522	harbor1	chr7	50057205	50057542	LTR/ERV1	3943	+	168	50057373	33851
chr7	50023522	50223522	harbor1	chr7	50061642	50061785	LTR/ERV1	1054	+	72	50061714	38192
chr7	50023522	50223522	harbor1	chr7	50093877	50094404	LTR/ERV1	2729	+	264	50094141	70619
chr7	50023522	50223522	harbor1	chr7	50120918	50121276	LTR/ERV1	503	+	179	50121097	97575
chr7	50023522	50223522	harbor1	chr7	50121277	50121645	LTR/ERV1	1572	+	184	50121461	97939
chr7	50023522	50223522	harbor1	chr7	50121956	50121969	LTR/ERV1	1572	+	6	50121962	98440
chr7	50023522	50223522	harbor1	chr7	50117988	50119381	LTR/ERV1	1995	+	696	50118684	95162
chr7	146302425	146502425	harbor1	chr7	146357135	146357399	LTR/ERV1	1257	+	132	146357267	54842
chr7	146302425	146502425	harbor1	chr7	146358381	146358515	LTR/ERV1	586	+	67	146358448	56023
chr7	92337078	92537078	harbor1	chr7	92427340	92427828	LTR/ERV1	607	+	244	92427584	90506
chr7	117642717	117842717	harbor1	chr7	117670213	117670878	LTR/ERV1	3211	+	332	117670545	27828
chr7	117642717	117842717	harbor1	chr7	117673016	117673858	LTR/ERV1	4554	+	421	117673437	30720
chr7	13570164	13770164	harbor1	chr7	13656006	13656555	LTR/ERV1	2908	+	274	13656280	86116
chr7	141375456	141575456	harbor1	chr7	141427993	141428165	LTR/ERV1	1038	+	86	141428079	52623
chr7	141375456	141575456	harbor1	chr7	141428408	141428957	LTR/ERV1	3206	+	274	141428682	53226
chr7	76088133	76288133	harbor1	chr7	76186116	76186200	LTR/ERV1	674	+	42	76186158	98025
chr7	76088133	76288133	harbor1	chr7	76186510	76186698	LTR/ERV1	996	+	94	76186604	98471
chr7	76088133	76288133	harbor1	chr7	76187006	76187092	LTR/ERV1	996	+	43	76187049	98916
chr7	24460441	24660441	harbor1	chr7	24496791	24497408	LTR/ERV1	3464	+	308	24497099	36658
chr7	6042369	6242369	harbor1	chr7	6062240	6062660	LTR/ERV1	1453	+	210	6062450	20081
chr7	64208631	64408631	harbor1	chr7	64238101	64238400	LTR/ERV1	855	+	150	64238251	29620
chr7	64208631	64408631	harbor1	chr7	64238688	64238747	LTR/ERV1	855	+	30	64238718	30087
chr7	57225578	57425578	harbor1	chr7	57255799	57256206	LTR/ERV1	1779	+	204	57256003	30425
chr7	57225578	57425578	harbor1	chr7	57256544	57256583	LTR/ERV1	1779	+	20	57256564	30986
chr7	57225578	57425578	harbor1	chr7	57281727	57282269	LTR/ERV1	4214	+	271	57281998	56420
chr7	57225578	57425578	harbor1	chr7	57302275	57302449	LTR/ERV1	828	+	87	57302362	76784
chr7	157002323	157202323	harbor1	chr7	157093058	157093714	LTR/ERV1	4475	+	328	157093386	91063
chr7	157002323	157202323	harbor1	chr7	157094294	157094461	LTR/ERV1	4475	+	84	157094378	92055
chr7	157002323	157202323	harbor1	chr7	157094908	157095214	LTR/ERV1	1132	+	153	157095061	92738
chr7	157002323	157202323	harbor1	chr7	157095400	157095471	LTR/ERV1	898	+	36	157095436	93113
chr7	157002323	157202323	harbor1	chr7	157095776	157095877	LTR/ERV1	898	+	50	157095826	93503
chr7	157002323	157202323	harbor1	chr7	157099219	157099760	LTR/ERV1	1907	+	270	157099489	97166
chr7	29128320	29328320	harbor1	chr7	29128249	29128407	LTR/ERV1	563	+	79	29128328	8
chr7	107869765	108069765	harbor1	chr7	107887806	107889482	LTR/ERV1	8890	+	838	107888644	18879
chr7	131725459	131925459	harbor1	chr7	131763090	131763539	LTR/ERV1	2753	+	224	131763314	37855
chr7	131725459	131925459	harbor1	chr7	131773758	131774506	LTR/ERV1	5591	+	374	131774132	48673
chr7	97007562	97207562	harbor1	chr7	97034159	97035909	LTR/ERV1	8967	+	875	97035034	27472
chr7	97007562	97207562	harbor1	chr7	97074408	97075197	LTR/ERV1	6341	+	394	97074802	67240
chr7	97007562	97207562	harbor1	chr7	97079413	97080059	LTR/ERV1	1701	+	323	97079736	72174
chr7	119204774	119404774	harbor1	chr7	119250919	119251391	LTR/ERV1	2133	+	236	119251155	46381
chr7	77949647	78149647	harbor1	chr7	77959116	77959646	LTR/ERV1	3204	+	265	77959381	9734
chr7	77949647	78149647	harbor1	chr7	77959955	77959996	LTR/ERV1	3204	+	20	77959975	10328
chr7	77949647	78149647	harbor1	chr7	77962024	77962358	LTR/ERV1	1605	+	167	77962191	12544
chr7	77949647	78149647	harbor1	chr7	77979308	77979823	LTR/ERV1	670	+	258	77979566	29919
chr7	77949647	78149647	harbor1	chr7	78008722	78008990	LTR/ERV1	1213	+	134	78008856	59209
chr7	77949647	78149647	harbor1	chr7	78008983	78009094	LTR/ERV1	510	+	56	78009039	59392
chr7	77949647	78149647	harbor1	chr7	78009135	78009223	LTR/ERV1	530	+	44	78009179	59532
chr7	77949647	78149647	harbor1	chr7	78009216	78009245	LTR/ERV1	1693	+	14	78009230	59583
chr7	77949647	78149647	harbor1	chr7	78009553	78009783	LTR/ERV1	1693	+	115	78009668	60021
chr7	77949647	78149647	harbor1	chr7	78010086	78010162	LTR/ERV1	1693	+	38	78010124	60477
chr7	77949647	78149647	harbor1	chr7	78010155	78011277	LTR/ERV1	7044	+	561	78010716	61069
chr7	77949647	78149647	harbor1	chr7	78011291	78011685	LTR/ERV1	2533	+	197	78011488	61841
chr7	77949647	78149647	harbor1	chr7	78011686	78011911	LTR/ERV1	1250	+	112	78011798	62151
chr7	77949647	78149647	harbor1	chr7	78011902	78012080	LTR/ERV1	889	+	89	78011991	62344
chr7	47433673	47633673	harbor1	chr7	47461422	47461574	LTR/ERV1	1098	+	76	47461498	27825
chr7	47433673	47633673	harbor1	chr7	47531686	47532767	LTR/ERV1	5386	+	540	47532226	98553
chr7	96292171	96492171	harbor1	chr7	96357426	96357717	LTR/ERV1	2113	+	146	96357572	65401
chr7	96292171	96492171	harbor1	chr7	96358055	96358185	LTR/ERV1	2113	+	65	96358120	65949
chr7	96292171	96492171	harbor1	chr7	96391455	96391849	LTR/ERV1	796	+	197	96391652	99481
chr7	24450005	24650005	harbor1	chr7	24496791	24497408	LTR/ERV1	3464	+	308	24497099	47094
chr7	48058805	48258805	harbor1	chr7	48074154	48074861	LTR/ERV1	4101	+	354	48074508	15703
chr7	48058805	48258805	harbor1	chr7	48077476	48078094	LTR/ERV1	4262	+	309	48077785	18980
chr7	48058805	48258805	harbor1	chr7	48078399	48078539	LTR/ERV1	4262	+	70	48078469	19664
chr7	48058805	48258805	harbor1	chr7	48083793	48084121	LTR/ERV1	5872	+	164	48083957	25152
chr7	48058805	48258805	harbor1	chr7	48084422	48084888	LTR/ERV1	5872	+	233	48084655	25850
chr7	48058805	48258805	harbor1	chr7	48085505	48085914	LTR/ERV1	1214	+	204	48085709	26904
chr7	48058805	48258805	harbor1	chr7	48086310	48086427	LTR/ERV1	696	+	58	48086368	27563
chr7	48058805	48258805	harbor1	chr7	48087457	48087697	LTR/ERV1	1604	+	120	48087577	28772
chr7	48058805	48258805	harbor1	chr7	48088010	48088059	LTR/ERV1	1604	+	24	48088034	29229
chr7	48058805	48258805	harbor1	chr7	48118639	48118962	LTR/ERV1	526	+	162	48118801	59996
chr7	48058805	48258805	harbor1	chr7	48119468	48119805	LTR/ERV1	2019	+	168	48119636	60831
chr7	48058805	48258805	harbor1	chr7	48120105	48120568	LTR/ERV1	2019	+	232	48120337	61532
chr7	48058805	48258805	harbor1	chr7	48121082	48121414	LTR/ERV1	2019	+	166	48121248	62443
chr7	48058805	48258805	harbor1	chr7	48127616	48128487	LTR/ERV1	2178	+	436	48128052	69247
chr7	48058805	48258805	harbor1	chr7	48133030	48133457	LTR/ERV1	3012	+	214	48133244	74439
chr7	48058805	48258805	harbor1	chr7	48133726	48133969	LTR/ERV1	3012	+	122	48133848	75043
chr7	48058805	48258805	harbor1	chr7	48144751	48144828	LTR/ERV1	628	+	38	48144789	85984
chr7	48058805	48258805	harbor1	chr7	48145205	48146033	LTR/ERV1	5461	+	414	48145619	86814
chr7	48058805	48258805	harbor1	chr7	48086745	48087376	LTR/ERV1	3697	+	316	48087061	28256
chr7	96132442	96332442	harbor1	chr7	96137894	96137970	LTR/ERV1	460	+	38	96137932	5490
chr7	96132442	96332442	harbor1	chr7	96228538	96229925	LTR/ERV1	8595	+	694	96229232	96790
chr7	84683775	84883775	harbor1	chr7	84729285	84729426	LTR/ERV1	902	+	70	84729355	45580
chr7	84683775	84883775	harbor1	chr7	84729516	84729780	LTR/ERV1	1518	+	132	84729648	45873
chr7	84683775	84883775	harbor1	chr7	84760991	84761350	LTR/ERV1	1034	+	180	84761171	77396
chr7	53309170	53509170	harbor1	chr7	53326582	53327123	LTR/ERV1	2321	+	270	53326852	17682
chr7	53309170	53509170	harbor1	chr7	53336881	53337326	LTR/ERV1	2945	+	222	53337103	27933
chr7	53309170	53509170	harbor1	chr7	53337330	53337591	LTR/ERV1	10115	+	130	53337460	28290
chr7	53309170	53509170	harbor1	chr7	53337644	53339654	LTR/ERV1	10115	+	1005	53338649	29479
chr7	53309170	53509170	harbor1	chr7	53339933	53340612	LTR/ERV1	3028	+	340	53340273	31103
chr7	53309170	53509170	harbor1	chr7	53340604	53343263	LTR/ERV1	15147	+	1330	53341934	32764
chr7	53309170	53509170	harbor1	chr7	53343271	53343720	LTR/ERV1	3323	+	224	53343495	34325
chr7	53309170	53509170	harbor1	chr7	53385759	53386290	LTR/ERV1	3790	+	266	53386025	76855
chr7	53309170	53509170	harbor1	chr7	53389114	53389535	LTR/ERV1	972	+	210	53389324	80154
chr7	64026064	64226064	harbor1	chr7	64058675	64058950	LTR/ERV1	2631	+	138	64058813	32749
chr7	64026064	64226064	harbor1	chr7	64059242	64059579	LTR/ERV1	2631	+	168	64059410	33346
chr7	64026064	64226064	harbor1	chr7	64059737	64059966	LTR/ERV1	773	+	114	64059851	33787
chr7	64026064	64226064	harbor1	chr7	64060008	64060598	LTR/ERV1	2004	+	295	64060303	34239
chr7	64026064	64226064	harbor1	chr7	64123017	64123269	LTR/ERV1	461	+	126	64123143	97079
chr7	64026064	64226064	harbor1	chr7	64125731	64126079	LTR/ERV1	1956	+	174	64125905	99841
chr7	113236368	113436368	harbor1	chr7	113291069	113292572	LTR/ERV1	3888	+	752	113291821	55453
chr7	122566879	122766879	harbor1	chr7	122623360	122623812	LTR/ERV1	930	+	226	122623586	56707
chr7	561737	761737	harbor1	chr7	623342	623814	LTR/ERV1	1973	+	236	623578	61841
chr7	130527703	130727703	harbor1	chr7	130595643	130595830	LTR/ERV1	1179	+	94	130595737	68034
chr7	130527703	130727703	harbor1	chr7	130596648	130596725	LTR/ERV1	443	+	38	130596686	68983
chr7	130527703	130727703	harbor1	chr7	130597261	130597970	LTR/ERV1	814	+	354	130597615	69912
chr7	130527703	130727703	harbor1	chr7	130598120	130598518	LTR/ERV1	786	+	199	130598319	70616
chr7	130527703	130727703	harbor1	chr7	130598710	130599186	LTR/ERV1	1153	+	238	130598948	71245
chr7	130527703	130727703	harbor1	chr7	130599193	130599638	LTR/ERV1	2517	+	222	130599415	71712
chr7	130527703	130727703	harbor1	chr7	130626243	130626364	LTR/ERV1	870	+	60	130626303	98600
chr7	130527703	130727703	harbor1	chr7	130626553	130626691	LTR/ERV1	1057	+	69	130626622	98919
chr7	130527703	130727703	harbor1	chr7	130627212	130627649	LTR/ERV1	2558	+	218	130627430	99727
chr7	141415075	141615075	harbor1	chr7	141427993	141428165	LTR/ERV1	1038	+	86	141428079	13004
chr7	141415075	141615075	harbor1	chr7	141428408	141428957	LTR/ERV1	3206	+	274	141428682	13607
chr7	11177442	11377442	harbor1	chr7	11191955	11192285	LTR/ERV1	1852	+	165	11192120	14678
chr7	11177442	11377442	harbor1	chr7	11193019	11193694	LTR/ERV1	2447	+	338	11193357	15915
chr7	11177442	11377442	harbor1	chr7	11193736	11197496	LTR/ERV1	24069	+	1880	11195616	18174
chr7	11177442	11377442	harbor1	chr7	11197497	11197826	LTR/ERV1	1765	+	164	11197661	20219
chr7	11177442	11377442	harbor1	chr7	11233365	11233666	LTR/ERV1	790	+	150	11233515	56073
chr7	11177442	11377442	harbor1	chr7	11270248	11270794	LTR/ERV1	2199	+	273	11270521	93079
chr7	11257789	11457789	harbor1	chr7	11270248	11270794	LTR/ERV1	2199	+	273	11270521	12732
chr7	11257789	11457789	harbor1	chr7	11298048	11298655	LTR/ERV1	4318	+	304	11298352	40563
chr7	31049012	31249012	harbor1	chr7	31121913	31122562	LTR/ERV1	1886	+	324	31122237	73225
chr7	63875748	64075748	harbor1	chr7	63965437	63965777	LTR/ERV1	1341	+	170	63965607	89859
chr7	45157333	45357333	harbor1	chr7	45222488	45222932	LTR/ERV1	2604	+	222	45222710	65377
chr7	45157333	45357333	harbor1	chr7	45223502	45223781	LTR/ERV1	1707	+	140	45223642	66309
chr7	45157333	45357333	harbor1	chr7	45238789	45239478	LTR/ERV1	880	+	344	45239133	81800
chr7	45157333	45357333	harbor1	chr7	45236212	45236637	LTR/ERV1	2669	+	212	45236424	79091
chr7	13933401	14133401	harbor1	chr7	14001310	14001420	LTR/ERV1	536	+	55	14001365	67964
chr7	13933401	14133401	harbor1	chr7	14001448	14001664	LTR/ERV1	797	+	108	14001556	68155
chr7	13933401	14133401	harbor1	chr7	14004389	14004852	LTR/ERV1	1691	+	232	14004621	71220
chr7	13933401	14133401	harbor1	chr7	14005271	14005897	LTR/ERV1	3108	+	313	14005584	72183
chr7	79022695	79222695	harbor1	chr7	79050841	79051407	LTR/ERV1	1810	+	283	79051124	28429
chr8	83500485	83700485	harbor1	chr8	83514474	83514991	LTR/ERV1	1838	+	258	83514732	14247
chr8	83500485	83700485	harbor1	chr8	83532119	83532611	LTR/ERV1	3062	+	246	83532365	31880
chr8	83500485	83700485	harbor1	chr8	83543715	83544154	LTR/ERV1	2456	+	220	83543935	43450
chr8	83500485	83700485	harbor1	chr8	83544178	83545417	LTR/ERV1	4335	+	620	83544798	44313
chr8	83500485	83700485	harbor1	chr8	83545974	83547212	LTR/ERV1	7040	+	619	83546593	46108
chr8	83500485	83700485	harbor1	chr8	83547203	83549680	LTR/ERV1	10694	+	1238	83548441	47956
chr8	83500485	83700485	harbor1	chr8	83549674	83550229	LTR/ERV1	3370	+	278	83549952	49467
chr8	83500485	83700485	harbor1	chr8	83550230	83550668	LTR/ERV1	2155	+	219	83550449	49964
chr8	137967819	138167819	harbor1	chr8	137967590	137968168	LTR/ERV1	3131	+	289	137967879	60
chr8	137967819	138167819	harbor1	chr8	137968206	137968427	LTR/ERV1	1070	+	110	137968316	497
chr8	137967819	138167819	harbor1	chr8	137968586	137969011	LTR/ERV1	2408	+	212	137968798	979
chr8	137967819	138167819	harbor1	chr8	137972150	137972387	LTR/ERV1	1316	+	118	137972268	4449
chr8	137967819	138167819	harbor1	chr8	137989057	137989768	LTR/ERV1	4755	+	356	137989413	21594
chr8	137967819	138167819	harbor1	chr8	137989771	137992203	LTR/ERV1	17865	+	1216	137990987	23168
chr8	16027209	16227209	harbor1	chr8	16052002	16052267	LTR/ERV1	574	+	132	16052134	24925
chr8	16027209	16227209	harbor1	chr8	16097493	16098125	LTR/ERV1	4366	+	316	16097809	70600
chr8	16027209	16227209	harbor1	chr8	16098636	16099082	LTR/ERV1	2417	+	223	16098859	71650
chr8	16027209	16227209	harbor1	chr8	16099082	16099806	LTR/ERV1	3848	+	362	16099444	72235
chr8	16027209	16227209	harbor1	chr8	16099821	16100104	LTR/ERV1	1486	+	142	16099963	72754
chr8	16027209	16227209	harbor1	chr8	16100288	16100661	LTR/ERV1	802	+	186	16100474	73265
chr8	85385352	85585352	harbor1	chr8	85431389	85431935	LTR/ERV1	4145	+	273	85431662	46310
chr8	118770668	118970668	harbor1	chr8	118788025	118788640	LTR/ERV1	3985	+	308	118788333	17665
chr8	118770668	118970668	harbor1	chr8	118862304	118862456	LTR/ERV1	639	+	76	118862380	91712
chr8	118770668	118970668	harbor1	chr8	118862765	118862940	LTR/ERV1	639	+	88	118862853	92185
chr8	23198604	23398604	harbor1	chr8	23238824	23239043	LTR/ERV1	3307	+	110	23238934	40330
chr8	23198604	23398604	harbor1	chr8	23239482	23239693	LTR/ERV1	3307	+	106	23239588	40984
chr8	23198604	23398604	harbor1	chr8	23239992	23240047	LTR/ERV1	3307	+	28	23240020	41416
chr8	23198604	23398604	harbor1	chr8	23240050	23240415	LTR/ERV1	4610	+	182	23240232	41628
chr8	23198604	23398604	harbor1	chr8	23240453	23240854	LTR/ERV1	4610	+	200	23240653	42049
chr8	23198604	23398604	harbor1	chr8	23241153	23241367	LTR/ERV1	4610	+	107	23241260	42656
chr8	23198604	23398604	harbor1	chr8	23241663	23241727	LTR/ERV1	4610	+	32	23241695	43091
chr8	23198604	23398604	harbor1	chr8	23242019	23243200	LTR/ERV1	6358	+	590	23242609	44005
chr8	23198604	23398604	harbor1	chr8	23243552	23243732	LTR/ERV1	585	+	90	23243642	45038
chr8	23198604	23398604	harbor1	chr8	23263991	23264106	LTR/ERV1	512	+	58	23264049	65445
chr8	23198604	23398604	harbor1	chr8	23264147	23264806	LTR/ERV1	2033	+	330	23264477	65873
chr8	23198604	23398604	harbor1	chr8	23268330	23268616	LTR/ERV1	1644	+	143	23268473	69869
chr8	23198604	23398604	harbor1	chr8	23271936	23273171	LTR/ERV1	7916	+	618	23272554	73950
chr8	81524994	81724994	harbor1	chr8	81594819	81595205	LTR/ERV1	2370	+	193	81595012	70018
chr8	81524994	81724994	harbor1	chr8	81595503	81595762	LTR/ERV1	2370	+	130	81595633	70639
chr8	81524994	81724994	harbor1	chr8	81600205	81600853	LTR/ERV1	2207	+	324	81600529	75535
chr8	81524994	81724994	harbor1	chr8	81619112	81619522	LTR/ERV1	1071	+	205	81619317	94323
chr8	21177035	21377035	harbor1	chr8	21184111	21184214	LTR/ERV1	390	+	52	21184163	7128
chr8	21177035	21377035	harbor1	chr8	21185469	21185838	LTR/ERV1	420	+	184	21185653	8618
chr8	21177035	21377035	harbor1	chr8	21189747	21189914	LTR/ERV1	449	+	84	21189831	12796
chr8	21177035	21377035	harbor1	chr8	21208671	21209296	LTR/ERV1	3203	+	312	21208983	31948
chr8	21177035	21377035	harbor1	chr8	21220334	21220573	LTR/ERV1	1113	+	120	21220454	43419
chr8	128040241	128240241	harbor1	chr8	128100640	128101309	LTR/ERV1	3119	+	334	128100974	60733
chr8	128040241	128240241	harbor1	chr8	128101310	128101514	LTR/ERV1	873	+	102	128101412	61171
chr8	128040241	128240241	harbor1	chr8	128119476	128119532	LTR/ERV1	416	+	28	128119504	79263
chr8	58390169	58590169	harbor1	chr8	58451746	58452191	LTR/ERV1	2937	+	222	58451968	61799
chr8	58390169	58590169	harbor1	chr8	58453221	58453671	LTR/ERV1	3579	+	225	58453446	63277
chr8	58390169	58590169	harbor1	chr8	58462138	58462432	LTR/ERV1	4702	+	147	58462285	72116
chr8	58390169	58590169	harbor1	chr8	58462722	58462995	LTR/ERV1	4702	+	136	58462858	72689
chr8	58390169	58590169	harbor1	chr8	58465588	58466022	LTR/ERV1	2358	+	217	58465805	75636
chr8	114341972	114541972	harbor1	chr8	114341934	114342619	LTR/ERV1	3752	+	342	114342276	304
chr8	114341972	114541972	harbor1	chr8	114385975	114387220	LTR/ERV1	7233	+	622	114386597	44625
chr8	114341972	114541972	harbor1	chr8	114434920	114435067	LTR/ERV1	435	+	74	114434994	93022
chr8	114341972	114541972	harbor1	chr8	114435079	114435246	LTR/ERV1	512	+	84	114435163	93191
chr8	114341972	114541972	harbor1	chr8	114435708	114435824	LTR/ERV1	544	+	58	114435766	93794
chr8	142056466	142256466	harbor1	chr8	142138245	142138799	LTR/ERV1	2321	+	277	142138522	82056
chr8	81327795	81527795	harbor1	chr8	81425113	81425526	LTR/ERV1	1229	+	206	81425319	97524
chr8	98789680	98989680	harbor1	chr8	98799232	98800413	LTR/ERV1	9340	+	590	98799822	10142
chr8	98789680	98989680	harbor1	chr8	98800415	98801780	LTR/ERV1	9403	+	682	98801097	11417
chr8	98789680	98989680	harbor1	chr8	98833977	98834375	LTR/ERV1	1702	+	199	98834176	44496
chr8	98789680	98989680	harbor1	chr8	98878312	98878813	LTR/ERV1	3471	+	250	98878562	88882
chr8	103204177	103404177	harbor1	chr8	103227251	103227934	LTR/ERV1	3304	+	342	103227593	23416
chr8	73742143	73942143	harbor1	chr8	73821865	73821965	LTR/ERV1	881	+	50	73821915	79772
chr8	73742143	73942143	harbor1	chr8	73821988	73822277	LTR/ERV1	2414	+	144	73822132	79989
chr8	73742143	73942143	harbor1	chr8	73822278	73822603	LTR/ERV1	2737	+	162	73822440	80297
chr8	73742143	73942143	harbor1	chr8	73838813	73839150	LTR/ERV1	2367	+	168	73838981	96838
chr8	48423010	48623010	harbor1	chr8	48452107	48452402	LTR/ERV1	982	+	148	48452255	29245
chr8	48423010	48623010	harbor1	chr8	48453027	48453237	LTR/ERV1	395	+	105	48453132	30122
chr8	48423010	48623010	harbor1	chr8	48472595	48473146	LTR/ERV1	1741	+	276	48472871	49861
chr8	48423010	48623010	harbor1	chr8	48497233	48497321	LTR/ERV1	651	+	44	48497277	74267
chr8	48423010	48623010	harbor1	chr8	48507051	48507883	LTR/ERV1	6109	+	416	48507467	84457
chr8	48423010	48623010	harbor1	chr8	48496480	48497023	LTR/ERV1	651	+	272	48496752	73742
chr8	106900940	107100940	harbor1	chr8	106949990	106951020	LTR/ERV1	4935	+	515	106950505	49565
chr8	106900940	107100940	harbor1	chr8	106977913	106978086	LTR/ERV1	586	+	86	106977999	77059
chr8	106900940	107100940	harbor1	chr8	106996915	106997294	LTR/ERV1	901	+	190	106997105	96165
chr8	106900940	107100940	harbor1	chr8	106998644	106998981	LTR/ERV1	1372	+	168	106998812	97872
chr8	106900940	107100940	harbor1	chr8	107000278	107000367	LTR/ERV1	413	+	44	107000322	99382
chr8	106900940	107100940	harbor1	chr8	107000451	107000622	LTR/ERV1	1043	+	86	107000537	99597
chr8	55565230	55765230	harbor1	chr8	55565686	55566426	LTR/ERV1	2494	+	370	55566056	826
chr8	55565230	55765230	harbor1	chr8	55607506	55608236	LTR/ERV1	4671	+	365	55607871	42641
chr8	55565230	55765230	harbor1	chr8	55623506	55624055	LTR/ERV1	1846	+	274	55623780	58550
chr8	11392644	11592644	harbor1	chr8	11413246	11413774	LTR/ERV1	2669	+	264	11413510	20866
chr8	11392644	11592644	harbor1	chr8	11425535	11426456	LTR/ERV1	4918	+	460	11425995	33351
chr8	68603363	68803363	harbor1	chr8	68645860	68646192	LTR/ERV1	982	+	166	68646026	42663
chr8	68603363	68803363	harbor1	chr8	68662902	68663441	LTR/ERV1	2116	+	270	68663172	59809
chr8	68603363	68803363	harbor1	chr8	68670145	68670858	LTR/ERV1	3135	+	356	68670501	67138
chr8	113848735	114048735	harbor1	chr8	113859097	113859514	LTR/ERV1	2404	+	208	113859305	10570
chr8	113848735	114048735	harbor1	chr8	113859607	113860140	LTR/ERV1	2956	+	266	113859873	11138
chr8	113848735	114048735	harbor1	chr8	113883100	113883658	LTR/ERV1	972	+	279	113883379	34644
chr8	113848735	114048735	harbor1	chr8	113883765	113883800	LTR/ERV1	972	+	18	113883783	35048
chr8	113848735	114048735	harbor1	chr8	113885860	113886102	LTR/ERV1	587	+	121	113885981	37246
chr8	113848735	114048735	harbor1	chr8	113914857	113915558	LTR/ERV1	4117	+	350	113915207	66472
chr8	113848735	114048735	harbor1	chr8	113885131	113885422	LTR/ERV1	486	+	146	113885277	36542
chr8	134315803	134515803	harbor1	chr8	134378093	134378503	LTR/ERV1	4345	+	205	134378298	62495
chr8	134315803	134515803	harbor1	chr8	134379373	134379675	LTR/ERV1	4345	+	151	134379524	63721
chr8	58927460	59127460	harbor1	chr8	58946892	58947594	LTR/ERV1	1427	+	351	58947243	19783
chr8	48025655	48225655	harbor1	chr8	48080671	48081312	LTR/ERV1	3044	+	320	48080991	55336
chr8	15069056	15269056	harbor1	chr8	15073832	15074378	LTR/ERV1	2266	+	273	15074105	5049
chr8	15069056	15269056	harbor1	chr8	15077886	15078147	LTR/ERV1	1984	+	130	15078016	8960
chr8	15069056	15269056	harbor1	chr8	15078177	15078289	LTR/ERV1	1984	+	56	15078233	9177
chr8	15069056	15269056	harbor1	chr8	15111054	15111619	LTR/ERV1	2953	+	282	15111336	42280
chr8	15069056	15269056	harbor1	chr8	15111916	15112040	LTR/ERV1	2951	+	62	15111978	42922
chr8	15069056	15269056	harbor1	chr8	15128585	15129152	LTR/ERV1	1563	+	284	15128869	59813
chr8	15069056	15269056	harbor1	chr8	15163869	15164193	LTR/ERV1	1649	+	162	15164031	94975
chr8	15069056	15269056	harbor1	chr8	15164194	15164919	LTR/ERV1	2536	+	362	15164556	95500
chr8	15069056	15269056	harbor1	chr8	15164947	15165009	LTR/ERV1	643	+	31	15164978	95922
chr8	15069056	15269056	harbor1	chr8	15165286	15166235	LTR/ERV1	14226	+	474	15165760	96704
chr8	15069056	15269056	harbor1	chr8	15166548	15169263	LTR/ERV1	19490	+	1358	15167906	98850
chr8	70895821	71095821	harbor1	chr8	70915715	70916369	LTR/ERV1	1656	+	327	70916042	20221
chr8	117704130	117904130	harbor1	chr8	117708338	117708779	LTR/ERV1	3099	+	220	117708558	4428
chr8	90770215	90970215	harbor1	chr8	90852422	90853383	LTR/ERV1	6418	+	480	90852902	82687
chr8	58521591	58721591	harbor1	chr8	58614135	58614789	LTR/ERV1	4667	+	327	58614462	92871
chr8	58521591	58721591	harbor1	chr8	58523449	58523827	LTR/ERV1	1187	+	189	58523638	2047
chr8	51485876	51685876	harbor1	chr8	51512494	51512936	LTR/ERV1	2676	+	221	51512715	26839
chr8	51485876	51685876	harbor1	chr8	51542142	51542332	LTR/ERV1	518	+	95	51542237	56361
chr8	90115395	90315395	harbor1	chr8	90205517	90205834	LTR/ERV1	2139	+	158	90205675	90280
chr8	90115395	90315395	harbor1	chr8	90205975	90206117	LTR/ERV1	899	+	71	90206046	90651
chr8	90115395	90315395	harbor1	chr8	90206118	90206546	LTR/ERV1	2973	+	214	90206332	90937
chr8	134597448	134797448	harbor1	chr8	134689045	134689442	LTR/ERV1	1653	+	198	134689243	91795
chr8	7323207	7523207	harbor1	chr8	7358690	7359285	LTR/ERV1	4524	+	298	7358988	35781
chr8	7323207	7523207	harbor1	chr8	7367211	7367888	LTR/ERV1	4217	+	338	7367549	44342
chr8	7323207	7523207	harbor1	chr8	7402290	7402740	LTR/ERV1	3336	+	225	7402515	79308
chr8	7323207	7523207	harbor1	chr8	7405830	7405974	LTR/ERV1	777	+	72	7405902	82695
chr8	7323207	7523207	harbor1	chr8	7405974	7406464	LTR/ERV1	3417	+	245	7406219	83012
chr8	7323207	7523207	harbor1	chr8	7406467	7407126	LTR/ERV1	4190	+	330	7406797	83590
chr8	7323207	7523207	harbor1	chr8	7407128	7407343	LTR/ERV1	1383	+	108	7407236	84029
chr8	7323207	7523207	harbor1	chr8	7407342	7407721	LTR/ERV1	2596	+	190	7407532	84325
chr8	7323207	7523207	harbor1	chr8	7407722	7408174	LTR/ERV1	3424	+	226	7407948	84741
chr8	7323207	7523207	harbor1	chr8	7402743	7405835	LTR/ERV1	20285	+	1546	7404289	81082
chr8	67057064	67257064	harbor1	chr8	67068664	67069215	LTR/ERV1	2269	+	276	67068940	11876
chr8	136524334	136724334	harbor1	chr8	136534055	136534473	LTR/ERV1	4395	+	209	136534264	9930
chr8	136524334	136724334	harbor1	chr8	136534766	136535221	LTR/ERV1	4395	+	228	136534994	10660
chr8	136524334	136724334	harbor1	chr8	136535743	136536508	LTR/ERV1	5528	+	382	136536125	11791
chr8	87036681	87236681	harbor1	chr8	87075298	87075758	LTR/ERV1	2016	+	230	87075528	38847
chr8	87036681	87236681	harbor1	chr8	87082040	87082447	LTR/ERV1	2324	+	204	87082244	45563
chr8	87036681	87236681	harbor1	chr8	87082998	87083581	LTR/ERV1	5507	+	292	87083290	46609
chr8	87036681	87236681	harbor1	chr8	87083888	87084086	LTR/ERV1	5507	+	99	87083987	47306
chr8	87036681	87236681	harbor1	chr8	87127779	87128501	LTR/ERV1	3880	+	361	87128140	91459
chr8	1780587	1980587	harbor1	chr8	1800810	1801297	LTR/ERV1	2448	+	244	1801054	20467
chr8	1780587	1980587	harbor1	chr8	1801298	1801747	LTR/ERV1	3643	+	224	1801522	20935
chr8	1780587	1980587	harbor1	chr8	1801748	1801858	LTR/ERV1	796	+	55	1801803	21216
chr8	1780587	1980587	harbor1	chr8	1802613	1802686	LTR/ERV1	628	+	36	1802649	22062
chr8	1780587	1980587	harbor1	chr8	1802856	1803183	LTR/ERV1	1843	+	164	1803020	22433
chr8	1780587	1980587	harbor1	chr8	1803847	1803903	LTR/ERV1	438	+	28	1803875	23288
chr8	1780587	1980587	harbor1	chr8	1802143	1802362	LTR/ERV1	1113	+	110	1802253	21666
chr8	12301956	12501956	harbor1	chr8	12307562	12307821	LTR/ERV1	1436	+	130	12307692	5736
chr8	12301956	12501956	harbor1	chr8	12308114	12308540	LTR/ERV1	1436	+	213	12308327	6371
chr8	12301956	12501956	harbor1	chr8	12309020	12309084	LTR/ERV1	411	+	32	12309052	7096
chr8	12301956	12501956	harbor1	chr8	12334838	12335844	LTR/ERV1	6340	+	503	12335341	33385
chr8	131790789	131990789	harbor1	chr8	131820155	131820417	LTR/ERV1	1646	+	131	131820286	29497
chr8	131790789	131990789	harbor1	chr8	131820418	131822606	LTR/ERV1	15141	+	1094	131821512	30723
chr8	131790789	131990789	harbor1	chr8	131822586	131823437	LTR/ERV1	5901	+	426	131823012	32223
chr8	131790789	131990789	harbor1	chr8	131823440	131824101	LTR/ERV1	4687	+	330	131823770	32981
chr8	131790789	131990789	harbor1	chr8	131824103	131824318	LTR/ERV1	1431	+	108	131824211	33422
chr8	131790789	131990789	harbor1	chr8	131824319	131824695	LTR/ERV1	2513	+	188	131824507	33718
chr8	131790789	131990789	harbor1	chr8	131824696	131825105	LTR/ERV1	3159	+	204	131824900	34111
chr8	131790789	131990789	harbor1	chr8	131875308	131875998	LTR/ERV1	3325	+	345	131875653	84864
chr8	107858652	108058652	harbor1	chr8	107915261	107915755	LTR/ERV1	2619	+	247	107915508	56856
chr8	107858652	108058652	harbor1	chr8	107915756	107915931	LTR/ERV1	953	+	88	107915844	57192
chr8	107858652	108058652	harbor1	chr8	107915901	107917203	LTR/ERV1	13965	+	651	107916552	57900
chr8	107858652	108058652	harbor1	chr8	107917459	107918929	LTR/ERV1	13965	+	735	107918194	59542
chr8	107858652	108058652	harbor1	chr8	107919021	107919264	LTR/ERV1	1421	+	122	107919143	60491
chr8	107858652	108058652	harbor1	chr8	107919265	107919820	LTR/ERV1	3945	+	278	107919543	60891
chr8	115522799	115722799	harbor1	chr8	115522176	115523118	LTR/ERV1	2425	+	471	115522647	152
chr8	26423286	26623286	harbor1	chr8	26459070	26459366	LTR/ERV1	3133	+	148	26459218	35932
chr8	26423286	26623286	harbor1	chr8	26459687	26459938	LTR/ERV1	3133	+	126	26459813	36527
chr8	74216027	74416027	harbor1	chr8	74299312	74299679	LTR/ERV1	2403	+	184	74299496	83469
chr8	8556075	8756075	harbor1	chr8	8570795	8571143	LTR/ERV1	1437	+	174	8570969	14894
chr8	8556075	8756075	harbor1	chr8	8576223	8576608	LTR/ERV1	412	+	192	8576415	20340
chr8	8556075	8756075	harbor1	chr8	8578368	8578696	LTR/ERV1	692	+	164	8578532	22457
chr8	8556075	8756075	harbor1	chr8	8579003	8579168	LTR/ERV1	692	+	82	8579085	23010
chr8	8556075	8756075	harbor1	chr8	8616375	8616600	LTR/ERV1	2870	+	112	8616487	60412
chr8	8556075	8756075	harbor1	chr8	8616916	8617296	LTR/ERV1	2870	+	190	8617106	61031
chr8	8556075	8756075	harbor1	chr8	8637149	8637782	LTR/ERV1	3681	+	316	8637465	81390
chr8	8556075	8756075	harbor1	chr8	8639668	8640086	LTR/ERV1	2905	+	209	8639877	83802
chr8	69917784	70117784	harbor1	chr8	69951329	69951715	LTR/ERV1	2368	+	193	69951522	33738
chr8	69917784	70117784	harbor1	chr8	69990234	69990737	LTR/ERV1	2604	+	252	69990486	72702
chr8	59798501	59998501	harbor1	chr8	59799257	59799612	LTR/ERV1	2362	+	178	59799435	934
chr8	59798501	59998501	harbor1	chr8	59799613	59799683	LTR/ERV1	492	+	35	59799648	1147
chr8	59798501	59998501	harbor1	chr8	59826006	59826823	LTR/ERV1	5124	+	408	59826414	27913
chr8	111980213	112180213	harbor1	chr8	112050616	112050809	LTR/ERV1	413	+	96	112050712	70499
chr8	90269173	90469173	harbor1	chr8	90278690	90278716	LTR/ERV1	3834	+	13	90278703	9530
chr8	90269173	90469173	harbor1	chr8	90279012	90279695	LTR/ERV1	3834	+	342	90279354	10181
chr8	90269173	90469173	harbor1	chr8	90283481	90284266	LTR/ERV1	4362	+	392	90283873	14700
chr8	90269173	90469173	harbor1	chr8	90285123	90285197	LTR/ERV1	399	+	37	90285160	15987
chr8	83533030	83733030	harbor1	chr8	83543715	83544154	LTR/ERV1	2456	+	220	83543935	10905
chr8	83533030	83733030	harbor1	chr8	83544178	83545417	LTR/ERV1	4335	+	620	83544798	11768
chr8	83533030	83733030	harbor1	chr8	83545974	83547212	LTR/ERV1	7040	+	619	83546593	13563
chr8	83533030	83733030	harbor1	chr8	83547203	83549680	LTR/ERV1	10694	+	1238	83548441	15411
chr8	83533030	83733030	harbor1	chr8	83549674	83550229	LTR/ERV1	3370	+	278	83549952	16922
chr8	83533030	83733030	harbor1	chr8	83550230	83550668	LTR/ERV1	2155	+	219	83550449	17419
chr8	21352920	21552920	harbor1	chr8	21391427	21392074	LTR/ERV1	4410	+	324	21391751	38831
chr8	23042871	23242871	harbor1	chr8	23049150	23049771	LTR/ERV1	4817	+	310	23049460	6589
chr8	23042871	23242871	harbor1	chr8	23049895	23050791	LTR/ERV1	5716	+	448	23050343	7472
chr8	23042871	23242871	harbor1	chr8	23051067	23051547	LTR/ERV1	3286	+	240	23051307	8436
chr8	23042871	23242871	harbor1	chr8	23052060	23052285	LTR/ERV1	20797	+	112	23052172	9301
chr8	23042871	23242871	harbor1	chr8	23052586	23055435	LTR/ERV1	20797	+	1424	23054010	11139
chr8	23042871	23242871	harbor1	chr8	23055436	23056094	LTR/ERV1	4889	+	329	23055765	12894
chr8	23042871	23242871	harbor1	chr8	23061012	23061427	LTR/ERV1	1696	+	208	23061220	18349
chr8	23042871	23242871	harbor1	chr8	23090139	23090218	LTR/ERV1	556	+	40	23090179	47308
chr8	23042871	23242871	harbor1	chr8	23090218	23090304	LTR/ERV1	519	+	43	23090261	47390
chr8	23042871	23242871	harbor1	chr8	23090307	23090820	LTR/ERV1	2192	+	256	23090563	47692
chr8	23042871	23242871	harbor1	chr8	23090823	23091386	LTR/ERV1	1762	+	282	23091105	48234
chr8	23042871	23242871	harbor1	chr8	23091397	23091469	LTR/ERV1	430	+	36	23091433	48562
chr8	23042871	23242871	harbor1	chr8	23126719	23127377	LTR/ERV1	4362	+	329	23127048	84177
chr8	23042871	23242871	harbor1	chr8	23127686	23127740	LTR/ERV1	4362	+	27	23127713	84842
chr8	23042871	23242871	harbor1	chr8	23133014	23133087	LTR/ERV1	2497	+	36	23133050	90179
chr8	23042871	23242871	harbor1	chr8	23133088	23133427	LTR/ERV1	3317	+	170	23133258	90387
chr8	23042871	23242871	harbor1	chr8	23133734	23133869	LTR/ERV1	3317	+	68	23133802	90931
chr8	23042871	23242871	harbor1	chr8	23133870	23134142	LTR/ERV1	2497	+	136	23134006	91135
chr8	23042871	23242871	harbor1	chr8	23134441	23134530	LTR/ERV1	2497	+	44	23134485	91614
chr8	104722753	104922753	harbor1	chr8	104736408	104736843	LTR/ERV1	4291	+	218	104736626	13873
chr8	104722753	104922753	harbor1	chr8	104737141	104737258	LTR/ERV1	4291	+	58	104737199	14446
chr8	104722753	104922753	harbor1	chr8	104772088	104772603	LTR/ERV1	821	+	258	104772346	49593
chr8	16111660	16311660	harbor1	chr8	16197765	16198200	LTR/ERV1	2650	+	218	16197983	86323
chr8	16111660	16311660	harbor1	chr8	16198433	16198789	LTR/ERV1	1552	+	178	16198611	86951
chr8	82150746	82350746	harbor1	chr8	82160240	82160973	LTR/ERV1	3204	+	366	82160606	9860
chr8	82150746	82350746	harbor1	chr8	82232502	82233031	LTR/ERV1	3842	+	264	82232766	82020
chr8	82150746	82350746	harbor1	chr8	82233340	82233420	LTR/ERV1	3842	+	40	82233380	82634
chr8	31111004	31311004	harbor1	chr8	31176943	31177294	LTR/ERV1	2657	+	176	31177119	66115
chr8	31111004	31311004	harbor1	chr8	31177333	31177532	LTR/ERV1	2657	+	100	31177433	66429
chr8	31111004	31311004	harbor1	chr8	31204245	31204528	LTR/ERV1	747	+	142	31204387	93383
chr8	31111004	31311004	harbor1	chr8	31209993	31210454	LTR/ERV1	2501	+	230	31210223	99219
chr8	23005759	23205759	harbor1	chr8	23049150	23049771	LTR/ERV1	4817	+	310	23049460	43701
chr8	23005759	23205759	harbor1	chr8	23049895	23050791	LTR/ERV1	5716	+	448	23050343	44584
chr8	23005759	23205759	harbor1	chr8	23051067	23051547	LTR/ERV1	3286	+	240	23051307	45548
chr8	23005759	23205759	harbor1	chr8	23052060	23052285	LTR/ERV1	20797	+	112	23052172	46413
chr8	23005759	23205759	harbor1	chr8	23052586	23055435	LTR/ERV1	20797	+	1424	23054010	48251
chr8	23005759	23205759	harbor1	chr8	23055436	23056094	LTR/ERV1	4889	+	329	23055765	50006
chr8	23005759	23205759	harbor1	chr8	23061012	23061427	LTR/ERV1	1696	+	208	23061220	55461
chr8	23005759	23205759	harbor1	chr8	23090139	23090218	LTR/ERV1	556	+	40	23090179	84420
chr8	23005759	23205759	harbor1	chr8	23090218	23090304	LTR/ERV1	519	+	43	23090261	84502
chr8	23005759	23205759	harbor1	chr8	23090307	23090820	LTR/ERV1	2192	+	256	23090563	84804
chr8	23005759	23205759	harbor1	chr8	23090823	23091386	LTR/ERV1	1762	+	282	23091105	85346
chr8	23005759	23205759	harbor1	chr8	23091397	23091469	LTR/ERV1	430	+	36	23091433	85674
chr8	53614207	53814207	harbor1	chr8	53615756	53616177	LTR/ERV1	2434	+	210	53615966	1759
chr8	53614207	53814207	harbor1	chr8	53665810	53666045	LTR/ERV1	813	+	118	53665928	51721
chr8	53614207	53814207	harbor1	chr8	53679153	53679617	LTR/ERV1	2927	+	232	53679385	65178
chr8	104614186	104814186	harbor1	chr8	104654868	104655148	LTR/ERV1	1654	+	140	104655008	40822
chr8	104614186	104814186	harbor1	chr8	104655209	104655545	LTR/ERV1	1156	+	168	104655377	41191
chr8	104614186	104814186	harbor1	chr8	104667105	104667677	LTR/ERV1	3490	+	286	104667391	53205
chr8	104614186	104814186	harbor1	chr8	104704265	104704640	LTR/ERV1	1817	+	188	104704453	90267
chr8	110217538	110417538	harbor1	chr8	110219996	110220430	LTR/ERV1	1476	+	217	110220213	2675
chr8	110217538	110417538	harbor1	chr8	110220459	110220589	LTR/ERV1	545	+	65	110220524	2986
chr8	110217538	110417538	harbor1	chr8	110227889	110228380	LTR/ERV1	2877	+	246	110228135	10597
chr8	110217538	110417538	harbor1	chr8	110244206	110244817	LTR/ERV1	3600	+	306	110244512	26974
chr8	110217538	110417538	harbor1	chr8	110246890	110247023	LTR/ERV1	788	+	66	110246956	29418
chr8	19249016	19449016	harbor1	chr8	19251831	19252452	LTR/ERV1	3300	+	310	19252141	3125
chr8	33265657	33465657	harbor1	chr8	33266407	33266789	LTR/ERV1	547	+	191	33266598	941
chr8	33265657	33465657	harbor1	chr8	33267216	33267614	LTR/ERV1	1276	+	199	33267415	1758
chr8	33265657	33465657	harbor1	chr8	33296289	33296869	LTR/ERV1	3007	+	290	33296579	30922
chr8	33265657	33465657	harbor1	chr8	33317010	33317782	LTR/ERV1	4290	+	386	33317396	51739
chr8	19354063	19554063	harbor1	chr8	19424970	19425060	LTR/ERV1	747	+	45	19425015	70952
chr8	19354063	19554063	harbor1	chr8	19425364	19425766	LTR/ERV1	1306	+	201	19425565	71502
chr8	46327788	46527788	harbor1	chr8	46331553	46333092	LTR/ERV1	11044	+	770	46332323	4535
chr8	85534795	85734795	harbor1	chr8	85587882	85588684	LTR/ERV1	3035	+	401	85588283	53488
chr8	85534795	85734795	harbor1	chr8	85611508	85611982	LTR/ERV1	2821	+	237	85611745	76950
chr8	85534795	85734795	harbor1	chr8	85589777	85590483	LTR/ERV1	4265	+	353	85590130	55335
chr8	26909540	27109540	harbor1	chr8	26950493	26950897	LTR/ERV1	2213	+	202	26950695	41155
chr8	26909540	27109540	harbor1	chr8	26970264	26970794	LTR/ERV1	3317	+	265	26970529	60989
chr8	26909540	27109540	harbor1	chr8	26972608	26973410	LTR/ERV1	4467	+	401	26973009	63469
chr8	26909540	27109540	harbor1	chr8	26979930	26980501	LTR/ERV1	3385	+	286	26980216	70676
chr8	26909540	27109540	harbor1	chr8	26981880	26982203	LTR/ERV1	1660	+	162	26982042	72502
chr8	26909540	27109540	harbor1	chr8	26999064	26999735	LTR/ERV1	3150	+	336	26999400	89860
chr8	49483682	49683682	harbor1	chr8	49534438	49535190	LTR/ERV1	3262	+	376	49534814	51132
chr8	49483682	49683682	harbor1	chr8	49541945	49542252	LTR/ERV1	913	+	154	49542099	58417
chr8	49483682	49683682	harbor1	chr8	49552632	49553061	LTR/ERV1	2203	+	214	49552846	69164
chr8	49483682	49683682	harbor1	chr8	49582098	49582459	LTR/ERV1	402	+	180	49582278	98596
chr8	49483682	49683682	harbor1	chr8	49582699	49584296	LTR/ERV1	6310	+	798	49583497	99815
chr8	85439998	85639998	harbor1	chr8	85489922	85490353	LTR/ERV1	3280	+	216	85490138	50140
chr8	85439998	85639998	harbor1	chr8	85492083	85492568	LTR/ERV1	3444	+	242	85492325	52327
chr8	37120774	37320774	harbor1	chr8	37185682	37186013	LTR/ERV1	1858	+	166	37185848	65074
chr8	68169996	68369996	harbor1	chr8	68264043	68264455	LTR/ERV1	1452	+	206	68264249	94253
chr8	136668758	136868758	harbor1	chr8	136685198	136685528	LTR/ERV1	1065	+	165	136685363	16605
chr8	136668758	136868758	harbor1	chr8	136685578	136685772	LTR/ERV1	432	+	97	136685675	16917
chr8	136668758	136868758	harbor1	chr8	136686974	136687321	LTR/ERV1	2135	+	174	136687148	18390
chr8	136668758	136868758	harbor1	chr8	136730687	136731300	LTR/ERV1	2576	+	306	136730993	62235
chr8	136668758	136868758	harbor1	chr8	136735707	136736110	LTR/ERV1	607	+	202	136735909	67151
chr8	16034162	16234162	harbor1	chr8	16052002	16052267	LTR/ERV1	574	+	132	16052134	17972
chr8	16034162	16234162	harbor1	chr8	16097493	16098125	LTR/ERV1	4366	+	316	16097809	63647
chr8	16034162	16234162	harbor1	chr8	16098636	16099082	LTR/ERV1	2417	+	223	16098859	64697
chr8	16034162	16234162	harbor1	chr8	16099082	16099806	LTR/ERV1	3848	+	362	16099444	65282
chr8	16034162	16234162	harbor1	chr8	16099821	16100104	LTR/ERV1	1486	+	142	16099963	65801
chr8	16034162	16234162	harbor1	chr8	16100288	16100661	LTR/ERV1	802	+	186	16100474	66312
chr8	83257043	83457043	harbor1	chr8	83290170	83291467	LTR/ERV1	8446	+	648	83290818	33775
chr8	83257043	83457043	harbor1	chr8	83298301	83299015	LTR/ERV1	2545	+	357	83298658	41615
chr8	83257043	83457043	harbor1	chr8	83300457	83301213	LTR/ERV1	5011	+	378	83300835	43792
chr8	83257043	83457043	harbor1	chr8	83317861	83318353	LTR/ERV1	3039	+	246	83318107	61064
chr8	52855177	53055177	harbor1	chr8	52858615	52858848	LTR/ERV1	1397	+	116	52858731	3554
chr8	52855177	53055177	harbor1	chr8	52858950	52859671	LTR/ERV1	1568	+	360	52859310	4133
chr8	52855177	53055177	harbor1	chr8	52859682	52860526	LTR/ERV1	2746	+	422	52860104	4927
chr8	52855177	53055177	harbor1	chr8	52860554	52860875	LTR/ERV1	1249	+	160	52860714	5537
chr8	52855177	53055177	harbor1	chr8	52860864	52861299	LTR/ERV1	726	+	218	52861082	5905
chr8	52855177	53055177	harbor1	chr8	52861597	52861756	LTR/ERV1	726	+	80	52861677	6500
chr8	52855177	53055177	harbor1	chr8	52864418	52865269	LTR/ERV1	2240	+	426	52864844	9667
chr8	52855177	53055177	harbor1	chr8	52865266	52865871	LTR/ERV1	2228	+	302	52865568	10391
chr8	52855177	53055177	harbor1	chr8	52865874	52866320	LTR/ERV1	2481	+	223	52866097	10920
chr8	52855177	53055177	harbor1	chr8	52909845	52910392	LTR/ERV1	3105	+	274	52910119	54942
chr8	52855177	53055177	harbor1	chr8	52924986	52925316	LTR/ERV1	1839	+	165	52925151	69974
chr8	52855177	53055177	harbor1	chr8	52950548	52950631	LTR/ERV1	2213	+	42	52950590	95413
chr8	52855177	53055177	harbor1	chr8	52950941	52951355	LTR/ERV1	2213	+	207	52951148	95971
chr8	52855177	53055177	harbor1	chr8	52953641	52955122	LTR/ERV1	10023	+	740	52954381	99204
chr8	60843045	61043045	harbor1	chr8	60935096	60935727	LTR/ERV1	4679	+	316	60935412	92367
chr8	17128020	17328020	harbor1	chr8	17171807	17172363	LTR/ERV1	4586	+	278	17172085	44065
chr8	80657735	80857735	harbor1	chr8	80742570	80742863	LTR/ERV1	2193	+	146	80742716	84981
chr8	80657735	80857735	harbor1	chr8	80742865	80743192	LTR/ERV1	2510	+	164	80743029	85294
chr8	80657735	80857735	harbor1	chr8	80739716	80742545	LTR/ERV1	22639	+	1414	80741130	83395
chr8	120989963	121189963	harbor1	chr8	121019535	121019710	LTR/ERV1	527	+	88	121019623	29660
chr8	120989963	121189963	harbor1	chr8	121069528	121069756	LTR/ERV1	3500	+	114	121069642	79679
chr8	120989963	121189963	harbor1	chr8	121070014	121070538	LTR/ERV1	3500	+	262	121070276	80313
chr8	120989963	121189963	harbor1	chr8	121082712	121083417	LTR/ERV1	3656	+	352	121083064	93101
chr8	60909043	61109043	harbor1	chr8	60935096	60935727	LTR/ERV1	4679	+	316	60935412	26369
chr8	60909043	61109043	harbor1	chr8	60972221	60972955	LTR/ERV1	3271	+	367	60972588	63545
chr8	9764499	9964499	harbor1	chr8	9790746	9790863	LTR/ERV1	3237	+	58	9790804	26305
chr8	9764499	9964499	harbor1	chr8	9791164	9791647	LTR/ERV1	3237	+	242	9791406	26907
chr8	9764499	9964499	harbor1	chr8	9791949	9791984	LTR/ERV1	3237	+	18	9791967	27468
chr8	9764499	9964499	harbor1	chr8	9802983	9803343	LTR/ERV1	2067	+	180	9803163	38664
chr8	9764499	9964499	harbor1	chr8	9803344	9803615	LTR/ERV1	1838	+	136	9803480	38981
chr8	9764499	9964499	harbor1	chr8	9803886	9804103	LTR/ERV1	1838	+	108	9803994	39495
chr8	9764499	9964499	harbor1	chr8	9804131	9806952	LTR/ERV1	15289	+	1410	9805541	41042
chr8	9764499	9964499	harbor1	chr8	9806941	9808096	LTR/ERV1	6400	+	578	9807519	43020
chr8	9764499	9964499	harbor1	chr8	9808097	9808385	LTR/ERV1	1263	+	144	9808241	43742
chr8	9764499	9964499	harbor1	chr8	9808379	9808930	LTR/ERV1	3413	+	276	9808655	44156
chr8	9764499	9964499	harbor1	chr8	9808931	9809297	LTR/ERV1	2128	+	183	9809114	44615
chr8	40558086	40758086	harbor1	chr8	40558720	40559678	LTR/ERV1	4746	+	479	40559199	1113
chr8	40558086	40758086	harbor1	chr8	40560530	40561014	LTR/ERV1	1182	+	242	40560772	2686
chr8	40558086	40758086	harbor1	chr8	40584213	40584634	LTR/ERV1	617	+	210	40584423	26337
chr8	40558086	40758086	harbor1	chr8	40584934	40584975	LTR/ERV1	617	+	20	40584954	26868
chr8	40558086	40758086	harbor1	chr8	40583022	40583462	LTR/ERV1	802	+	220	40583242	25156
chr8	74213481	74413481	harbor1	chr8	74299312	74299679	LTR/ERV1	2403	+	184	74299496	86015
chr8	123733076	123933076	harbor1	chr8	123792714	123793155	LTR/ERV1	1623	+	220	123792934	59858
chr8	16588671	16788671	harbor1	chr8	16601853	16602659	LTR/ERV1	4789	+	403	16602256	13585
chr8	16588671	16788671	harbor1	chr8	16621758	16622150	LTR/ERV1	2295	+	196	16621954	33283
chr8	16588671	16788671	harbor1	chr8	16636976	16637294	LTR/ERV1	1081	+	159	16637135	48464
chr8	93278036	93478036	harbor1	chr8	93345868	93346104	LTR/ERV1	1684	+	118	93345986	67950
chr8	108006118	108206118	harbor1	chr8	108015444	108015879	LTR/ERV1	1387	+	218	108015662	9544
chr8	140371756	140571756	harbor1	chr8	140433762	140434263	LTR/ERV1	1650	+	250	140434012	62256
chr8	140371756	140571756	harbor1	chr8	140465771	140465904	LTR/ERV1	541	+	66	140465837	94081
chr8	140371756	140571756	harbor1	chr8	140466120	140466426	LTR/ERV1	1581	+	153	140466273	94517
chr8	110552374	110752374	harbor1	chr8	110603653	110604172	LTR/ERV1	2023	+	260	110603913	51539
chr8	110552374	110752374	harbor1	chr8	110632987	110633164	LTR/ERV1	1037	+	88	110633075	80701
chr8	90717347	90917347	harbor1	chr8	90761050	90761388	LTR/ERV1	2004	+	169	90761219	43872
chr8	94226773	94426773	harbor1	chr8	94255938	94256433	LTR/ERV1	1876	+	248	94256186	29413
chr8	94226773	94426773	harbor1	chr8	94321284	94321560	LTR/ERV1	1353	+	138	94321422	94649
chr8	94226773	94426773	harbor1	chr8	94321929	94322058	LTR/ERV1	1353	+	64	94321993	95220
chr8	94226773	94426773	harbor1	chr8	94322075	94322340	LTR/ERV1	789	+	132	94322207	95434
chr8	70478501	70678501	harbor1	chr8	70535304	70535921	LTR/ERV1	2156	+	308	70535612	57111
chr8	70478501	70678501	harbor1	chr8	70576665	70578200	LTR/ERV1	5681	+	768	70577433	98932
chr8	58649064	58849064	harbor1	chr8	58662960	58663034	LTR/ERV1	471	+	37	58662997	13933
chr8	58649064	58849064	harbor1	chr8	58663038	58663204	LTR/ERV1	2423	+	83	58663121	14057
chr8	58649064	58849064	harbor1	chr8	58663509	58664053	LTR/ERV1	2423	+	272	58663781	14717
chr8	58649064	58849064	harbor1	chr8	58672818	58673261	LTR/ERV1	993	+	222	58673040	23976
chr8	58649064	58849064	harbor1	chr8	58683537	58683992	LTR/ERV1	2046	+	228	58683765	34701
chr8	58649064	58849064	harbor1	chr8	58690858	58691318	LTR/ERV1	3606	+	230	58691088	42024
chr8	58649064	58849064	harbor1	chr8	58691319	58691665	LTR/ERV1	2440	+	173	58691492	42428
chr8	58649064	58849064	harbor1	chr8	58691700	58691782	LTR/ERV1	623	+	41	58691741	42677
chr8	58649064	58849064	harbor1	chr8	58692084	58692141	LTR/ERV1	623	+	28	58692112	43048
chr8	58649064	58849064	harbor1	chr8	58692137	58693316	LTR/ERV1	8176	+	590	58692727	43663
chr8	58649064	58849064	harbor1	chr8	58693296	58698410	LTR/ERV1	38193	+	2557	58695853	46789
chr8	58649064	58849064	harbor1	chr8	58698411	58698872	LTR/ERV1	3619	+	230	58698641	49577
chr8	109104133	109304133	harbor1	chr8	109201731	109201864	LTR/ERV1	864	+	66	109201797	97664
chr8	69324859	69524859	harbor1	chr8	69339005	69339447	LTR/ERV1	707	+	221	69339226	14367
chr8	69324859	69524859	harbor1	chr8	69360961	69361238	LTR/ERV1	1974	+	138	69361099	36240
chr8	69324859	69524859	harbor1	chr8	69361827	69362134	LTR/ERV1	1974	+	154	69361981	37122
chr8	69324859	69524859	harbor1	chr8	69368501	69368729	LTR/ERV1	1461	+	114	69368615	43756
chr8	86499090	86699090	harbor1	chr8	86571654	86572059	LTR/ERV1	1550	+	202	86571856	72766
chr8	100735781	100935781	harbor1	chr8	100764850	100764882	LTR/ERV1	2575	+	16	100764866	29085
chr8	100735781	100935781	harbor1	chr8	100765189	100765506	LTR/ERV1	2575	+	158	100765347	29566
chr8	100735781	100935781	harbor1	chr8	100765776	100765836	LTR/ERV1	1118	+	30	100765806	30025
chr8	100735781	100935781	harbor1	chr8	100766131	100766253	LTR/ERV1	1118	+	61	100766192	30411
chr8	100735781	100935781	harbor1	chr8	100812916	100813533	LTR/ERV1	3268	+	308	100813224	77443
chr8	100735781	100935781	harbor1	chr8	100828590	100829215	LTR/ERV1	4552	+	312	100828902	93121
chr8	100735781	100935781	harbor1	chr8	100832788	100832881	LTR/ERV1	749	+	46	100832834	97053
chr8	100735781	100935781	harbor1	chr8	100832882	100833569	LTR/ERV1	3804	+	344	100833226	97445
chr8	100735781	100935781	harbor1	chr8	100833570	100833623	LTR/ERV1	2901	+	26	100833596	97815
chr8	100735781	100935781	harbor1	chr8	100834198	100834230	LTR/ERV1	2901	+	16	100834214	98433
chr8	100735781	100935781	harbor1	chr8	100834888	100835250	LTR/ERV1	2901	+	181	100835069	99288
chr8	93578948	93778948	harbor1	chr8	93637991	93638477	LTR/ERV1	1856	+	243	93638234	59286
chr8	93578948	93778948	harbor1	chr8	93638706	93638881	LTR/ERV1	1856	+	88	93638794	59846
chr8	93578948	93778948	harbor1	chr8	93653949	93654054	LTR/ERV1	470	+	52	93654001	75053
chr8	93578948	93778948	harbor1	chr8	93663506	93663662	LTR/ERV1	1019	+	78	93663584	84636
chr8	30072251	30272251	harbor1	chr8	30087970	30089243	LTR/ERV1	7820	+	636	30088606	16355
chr8	30072251	30272251	harbor1	chr8	30089803	30089917	LTR/ERV1	444	+	57	30089860	17609
chr8	30072251	30272251	harbor1	chr8	30089929	30090078	LTR/ERV1	648	+	74	30090003	17752
chr8	30072251	30272251	harbor1	chr8	30090520	30090799	LTR/ERV1	1852	+	140	30090660	18409
chr8	30072251	30272251	harbor1	chr8	30133818	30134143	LTR/ERV1	2074	+	162	30133980	61729
chr8	30072251	30272251	harbor1	chr8	30134452	30134538	LTR/ERV1	2074	+	43	30134495	62244
chr8	30072251	30272251	harbor1	chr8	30134848	30134869	LTR/ERV1	2074	+	10	30134858	62607
chr8	30072251	30272251	harbor1	chr8	30135192	30135241	LTR/ERV1	2074	+	24	30135216	62965
chr8	30072251	30272251	harbor1	chr8	30137592	30138312	LTR/ERV1	4106	+	360	30137952	65701
chr8	84972957	85172957	harbor1	chr8	85021860	85022591	LTR/ERV1	3365	+	366	85022226	49269
chr8	84972957	85172957	harbor1	chr8	85062831	85063238	LTR/ERV1	2623	+	204	85063035	90078
chr8	84972957	85172957	harbor1	chr8	85066506	85068174	LTR/ERV1	8782	+	834	85067340	94383
chr8	84972957	85172957	harbor1	chr8	85068176	85068378	LTR/ERV1	1198	+	101	85068277	95320
chr8	84972957	85172957	harbor1	chr8	85068377	85068745	LTR/ERV1	2053	+	184	85068561	95604
chr8	84972957	85172957	harbor1	chr8	85068746	85069153	LTR/ERV1	2629	+	204	85068950	95993
chr8	84972957	85172957	harbor1	chr8	85063241	85066515	LTR/ERV1	20547	+	1637	85064878	91921
chr8	95747443	95947443	harbor1	chr8	95823457	95825131	LTR/ERV1	10718	+	837	95824294	76851
chr9	97128163	97328163	harbor1	chr9	97168253	97168681	LTR/ERV1	2208	+	214	97168467	40304
chr9	97128163	97328163	harbor1	chr9	97169241	97170034	LTR/ERV1	2006	+	396	97169637	41474
chr9	97128163	97328163	harbor1	chr9	97173753	97174077	LTR/ERV1	1921	+	162	97173915	45752
chr9	97128163	97328163	harbor1	chr9	97214494	97214965	LTR/ERV1	3092	+	236	97214730	86567
chr9	97128163	97328163	harbor1	chr9	97214968	97216579	LTR/ERV1	9076	+	806	97215774	87611
chr9	97128163	97328163	harbor1	chr9	97216576	97218235	LTR/ERV1	11089	+	830	97217406	89243
chr9	97128163	97328163	harbor1	chr9	97218230	97218379	LTR/ERV1	894	+	74	97218304	90141
chr9	97128163	97328163	harbor1	chr9	97218384	97218523	LTR/ERV1	879	+	70	97218454	90291
chr9	97128163	97328163	harbor1	chr9	97218526	97218932	LTR/ERV1	2486	+	203	97218729	90566
chr9	97128163	97328163	harbor1	chr9	97218934	97219151	LTR/ERV1	1286	+	108	97219042	90879
chr9	97128163	97328163	harbor1	chr9	97219152	97219532	LTR/ERV1	2358	+	190	97219342	91179
chr9	97128163	97328163	harbor1	chr9	97219533	97220014	LTR/ERV1	3194	+	240	97219773	91610
chr9	35497155	35697155	harbor1	chr9	35574734	35575281	LTR/ERV1	2418	+	274	35575008	77853
chr9	35497155	35697155	harbor1	chr9	35575289	35578908	LTR/ERV1	8143	+	1810	35577099	79944
chr9	35497155	35697155	harbor1	chr9	35585371	35586072	LTR/ERV1	4379	+	350	35585721	88566
chr9	33990465	34190465	harbor1	chr9	34058248	34058394	LTR/ERV1	928	+	73	34058321	67856
chr9	33990465	34190465	harbor1	chr9	34084953	34085184	LTR/ERV1	1577	+	116	34085069	94604
chr9	118082244	118282244	harbor1	chr9	118120151	118120431	LTR/ERV1	1178	+	140	118120291	38047
chr9	77843322	78043322	harbor1	chr9	77893076	77893693	LTR/ERV1	4217	+	308	77893384	50062
chr9	27520084	27720084	harbor1	chr9	27574673	27575119	LTR/ERV1	2195	+	223	27574896	54812
chr9	27520084	27720084	harbor1	chr9	27586645	27587040	LTR/ERV1	2451	+	198	27586843	66759
chr9	27520084	27720084	harbor1	chr9	27595712	27596163	LTR/ERV1	2108	+	226	27595938	75854
chr9	27520084	27720084	harbor1	chr9	27603026	27603543	LTR/ERV1	3058	+	258	27603284	83200
chr9	30111802	30311802	harbor1	chr9	30140223	30140633	LTR/ERV1	1593	+	205	30140428	28626
chr9	30111802	30311802	harbor1	chr9	30140625	30140817	LTR/ERV1	942	+	96	30140721	28919
chr9	125661246	125861246	harbor1	chr9	125665419	125665632	LTR/ERV1	1665	+	106	125665525	4279
chr9	125661246	125861246	harbor1	chr9	125696478	125696876	LTR/ERV1	1986	+	199	125696677	35431
chr9	26899847	27099847	harbor1	chr9	26949309	26949517	LTR/ERV1	840	+	104	26949413	49566
chr9	26899847	27099847	harbor1	chr9	26950674	26950782	LTR/ERV1	572	+	54	26950728	50881
chr9	26899847	27099847	harbor1	chr9	26953963	26954144	LTR/ERV1	883	+	90	26954053	54206
chr9	26899847	27099847	harbor1	chr9	26954190	26954532	LTR/ERV1	1990	+	171	26954361	54514
chr9	85829151	86029151	harbor1	chr9	85880935	85881367	LTR/ERV1	2341	+	216	85881151	52000
chr9	85829151	86029151	harbor1	chr9	85881368	85881817	LTR/ERV1	1926	+	224	85881592	52441
chr9	85829151	86029151	harbor1	chr9	85881877	85884099	LTR/ERV1	11799	+	1111	85882988	53837
chr9	85829151	86029151	harbor1	chr9	85884093	85884510	LTR/ERV1	2573	+	208	85884301	55150
chr9	85829151	86029151	harbor1	chr9	85923959	85924241	LTR/ERV1	1305	+	141	85924100	94949
chr9	9456564	9656564	harbor1	chr9	9463732	9464226	LTR/ERV1	2767	+	247	9463979	7415
chr9	9456564	9656564	harbor1	chr9	9495239	9496128	LTR/ERV1	4341	+	444	9495683	39119
chr9	9456564	9656564	harbor1	chr9	9503662	9504146	LTR/ERV1	2104	+	242	9503904	47340
chr9	9456564	9656564	harbor1	chr9	9509283	9509763	LTR/ERV1	2829	+	240	9509523	52959
chr9	9456564	9656564	harbor1	chr9	9546930	9547389	LTR/ERV1	1720	+	230	9547160	90596
chr9	98539418	98739418	harbor1	chr9	98638453	98639093	LTR/ERV1	4917	+	320	98638773	99355
chr9	83145654	83345654	harbor1	chr9	83214810	83215573	LTR/ERV1	4589	+	382	83215192	69538
chr9	83145654	83345654	harbor1	chr9	83238996	83239597	LTR/ERV1	3249	+	300	83239296	93642
chr9	34210263	34410263	harbor1	chr9	34291814	34292540	LTR/ERV1	2250	+	363	34292177	81914
chr9	113974093	114174093	harbor1	chr9	114070191	114070609	LTR/ERV1	1329	+	209	114070400	96307
chr9	113974093	114174093	harbor1	chr9	114071014	114072608	LTR/ERV1	8514	+	797	114071811	97718
chr9	96822423	97022423	harbor1	chr9	96894354	96894706	LTR/ERV1	2048	+	176	96894530	72107
chr9	96822423	97022423	harbor1	chr9	96905057	96905578	LTR/ERV1	4881	+	260	96905317	82894
chr9	96822423	97022423	harbor1	chr9	96905884	96906006	LTR/ERV1	4881	+	61	96905945	83522
chr9	96822423	97022423	harbor1	chr9	96908588	96909120	LTR/ERV1	1679	+	266	96908854	86431
chr9	27086639	27286639	harbor1	chr9	27092473	27093900	LTR/ERV1	9659	+	714	27093187	6548
chr9	69968562	70168562	harbor1	chr9	70015526	70015997	LTR/ERV1	1427	+	236	70015762	47200
chr9	69968562	70168562	harbor1	chr9	70027762	70027917	LTR/ERV1	584	+	78	70027840	59278
chr9	78024731	78224731	harbor1	chr9	78066954	78067398	LTR/ERV1	3087	+	222	78067176	42445
chr9	38729526	38929526	harbor1	chr9	38762569	38763247	LTR/ERV1	3699	+	339	38762908	33382
chr9	38729526	38929526	harbor1	chr9	38813952	38814504	LTR/ERV1	3525	+	276	38814228	84702
chr9	38729526	38929526	harbor1	chr9	38825838	38826630	LTR/ERV1	4215	+	396	38826234	96708
chr9	83176166	83376166	harbor1	chr9	83214810	83215573	LTR/ERV1	4589	+	382	83215192	39026
chr9	83176166	83376166	harbor1	chr9	83238996	83239597	LTR/ERV1	3249	+	300	83239296	63130
chr9	106506364	106706364	harbor1	chr9	106534433	106534895	LTR/ERV1	2753	+	231	106534664	28300
chr9	41529270	41729270	harbor1	chr9	41528626	41530076	LTR/ERV1	17134	+	725	41529351	81
chr9	41529270	41729270	harbor1	chr9	41530443	41532903	LTR/ERV1	17134	+	1230	41531673	2403
chr9	41529270	41729270	harbor1	chr9	41532929	41533198	LTR/ERV1	17134	+	134	41533063	3793
chr9	41529270	41729270	harbor1	chr9	41533813	41533990	LTR/ERV1	2633	+	88	41533901	4631
chr9	41529270	41729270	harbor1	chr9	41534224	41534674	LTR/ERV1	2127	+	225	41534449	5179
chr9	41529270	41729270	harbor1	chr9	41544590	41545003	LTR/ERV1	2507	+	206	41544796	15526
chr9	41529270	41729270	harbor1	chr9	41533202	41533521	LTR/ERV1	2633	+	160	41533362	4092
chr9	4843494	5043494	harbor1	chr9	4886929	4887563	LTR/ERV1	5132	+	317	4887246	43752
chr9	62624773	62824773	harbor1	chr9	62686251	62686788	LTR/ERV1	2637	+	268	62686519	61746
chr9	62624773	62824773	harbor1	chr9	62717485	62717896	LTR/ERV1	2544	+	206	62717691	92918
chr9	61829865	62029865	harbor1	chr9	61851399	61851992	LTR/ERV1	3483	+	296	61851695	21830
chr9	62331003	62531003	harbor1	chr9	62331742	62332154	LTR/ERV1	2544	+	206	62331948	945
chr9	62331003	62531003	harbor1	chr9	62390639	62391179	LTR/ERV1	3021	+	270	62390909	59906
chr9	62331003	62531003	harbor1	chr9	62398711	62398971	LTR/ERV1	749	+	130	62398841	67838
chr9	62331003	62531003	harbor1	chr9	62399253	62399546	LTR/ERV1	1299	+	146	62399399	68396
chr9	40553523	40753523	harbor1	chr9	40618928	40619155	LTR/ERV1	667	+	114	40619042	65519
chr9	9337465	9537465	harbor1	chr9	9392886	9393193	LTR/ERV1	1459	+	154	9393040	55575
chr9	131594814	131794814	harbor1	chr9	131688524	131688649	LTR/ERV1	671	+	62	131688586	93772
chr9	131594814	131794814	harbor1	chr9	131688926	131689007	LTR/ERV1	671	+	40	131688966	94152
chr9	131594814	131794814	harbor1	chr9	131689422	131689539	LTR/ERV1	1101	+	58	131689480	94666
chr9	131594814	131794814	harbor1	chr9	131689838	131690514	LTR/ERV1	1101	+	338	131690176	95362
chr9	131594814	131794814	harbor1	chr9	131690920	131692762	LTR/ERV1	2583	+	921	131691841	97027
chr9	131594814	131794814	harbor1	chr9	131692813	131693302	LTR/ERV1	2364	+	244	131693057	98243
chr9	131594814	131794814	harbor1	chr9	131693303	131693729	LTR/ERV1	2446	+	213	131693516	98702
chr9	122630502	122830502	harbor1	chr9	122669762	122670342	LTR/ERV1	2655	+	290	122670052	39550
chr9	122630502	122830502	harbor1	chr9	122671500	122672422	LTR/ERV1	5386	+	461	122671961	41459
chr9	79808333	80008333	harbor1	chr9	79858634	79859011	LTR/ERV1	1426	+	188	79858822	50489
chr9	100628232	100828232	harbor1	chr9	100650992	100651562	LTR/ERV1	2786	+	285	100651277	23045
chr9	100628232	100828232	harbor1	chr9	100666798	100668461	LTR/ERV1	7869	+	832	100667630	39398
chr9	100628232	100828232	harbor1	chr9	100688779	100689236	LTR/ERV1	3867	+	228	100689007	60775
chr9	137812511	138012511	harbor1	chr9	137843940	137845115	LTR/ERV1	1809	+	588	137844528	32017
chr9	137812511	138012511	harbor1	chr9	137846428	137849606	LTR/ERV1	12168	+	1589	137848017	35506
chr9	137812511	138012511	harbor1	chr9	137849593	137850032	LTR/ERV1	2356	+	220	137849813	37302
chr9	137812511	138012511	harbor1	chr9	137850033	137850465	LTR/ERV1	3455	+	216	137850249	37738
chr9	73017556	73217556	harbor1	chr9	73065096	73065838	LTR/ERV1	5309	+	371	73065467	47911
chr9	73017556	73217556	harbor1	chr9	73078298	73078708	LTR/ERV1	1002	+	205	73078503	60947
chr9	73017556	73217556	harbor1	chr9	73097574	73098263	LTR/ERV1	619	+	344	73097918	80362
chr9	82084965	82284965	harbor1	chr9	82098633	82099142	LTR/ERV1	3449	+	254	82098887	13922
chr9	82084965	82284965	harbor1	chr9	82164108	82164255	LTR/ERV1	408	+	74	82164182	79217
chr9	62690974	62890974	harbor1	chr9	62717485	62717896	LTR/ERV1	2544	+	206	62717691	26717
chr9	62690974	62890974	harbor1	chr9	62731189	62731673	LTR/ERV1	2815	+	242	62731431	40457
chr9	62690974	62890974	harbor1	chr9	62743641	62743972	LTR/ERV1	2080	+	166	62743807	52833
chr9	39958162	40158162	harbor1	chr9	40010514	40010916	LTR/ERV1	1906	+	201	40010715	52553
chr9	39958162	40158162	harbor1	chr9	40010921	40011350	LTR/ERV1	1570	+	214	40011135	52973
chr9	39958162	40158162	harbor1	chr9	40033107	40033510	LTR/ERV1	1201	+	202	40033309	75147
chr9	39958162	40158162	harbor1	chr9	40056429	40056759	LTR/ERV1	526	+	165	40056594	98432
chr9	28683761	28883761	harbor1	chr9	28746963	28747725	LTR/ERV1	4331	+	381	28747344	63583
chr9	28683761	28883761	harbor1	chr9	28761757	28762085	LTR/ERV1	1958	+	164	28761921	78160
chr9	28683761	28883761	harbor1	chr9	28762336	28762865	LTR/ERV1	2046	+	264	28762600	78839
chr9	6052672	6252672	harbor1	chr9	6072992	6073794	LTR/ERV1	5197	+	401	6073393	20721
chr9	6052672	6252672	harbor1	chr9	6074046	6074391	LTR/ERV1	1317	+	172	6074218	21546
chr9	6052672	6252672	harbor1	chr9	6074680	6074755	LTR/ERV1	1317	+	38	6074718	22046
chr9	6052672	6252672	harbor1	chr9	6078708	6079215	LTR/ERV1	3734	+	254	6078962	26290
chr9	6052672	6252672	harbor1	chr9	6079232	6080313	LTR/ERV1	1869	+	540	6079772	27100
chr9	6052672	6252672	harbor1	chr9	6080644	6087331	LTR/ERV1	37184	+	3344	6083988	31316
chr9	6052672	6252672	harbor1	chr9	6087348	6087859	LTR/ERV1	3768	+	256	6087604	34932
chr9	6052672	6252672	harbor1	chr9	6097244	6097822	LTR/ERV1	3687	+	289	6097533	44861
chr9	6052672	6252672	harbor1	chr9	6111893	6112338	LTR/ERV1	1742	+	222	6112115	59443
chr9	6052672	6252672	harbor1	chr9	6113966	6115532	LTR/ERV1	8178	+	783	6114749	62077
chr9	6052672	6252672	harbor1	chr9	6149376	6149763	LTR/ERV1	2733	+	194	6149570	96898
chr9	24894640	25094640	harbor1	chr9	24897315	24897538	LTR/ERV1	4917	+	112	24897427	2787
chr9	24894640	25094640	harbor1	chr9	24897831	24898483	LTR/ERV1	4917	+	326	24898157	3517
chr9	24894640	25094640	harbor1	chr9	24907971	24908493	LTR/ERV1	2551	+	261	24908232	13592
chr9	24894640	25094640	harbor1	chr9	24908800	24909254	LTR/ERV1	1305	+	227	24909027	14387
chr9	128936395	129136395	harbor1	chr9	129031609	129032095	LTR/ERV1	5101	+	243	129031852	95457
chr9	128936395	129136395	harbor1	chr9	129032422	129032861	LTR/ERV1	5101	+	220	129032642	96247
chr9	14444199	14644199	harbor1	chr9	14450291	14450772	LTR/ERV1	585	+	240	14450531	6332
chr9	103036626	103236626	harbor1	chr9	103125250	103125801	LTR/ERV1	1893	+	276	103125526	88900
chr9	103036626	103236626	harbor1	chr9	103134712	103135080	LTR/ERV1	1908	+	184	103134896	98270
chr9	103036626	103236626	harbor1	chr9	103102957	103104550	LTR/ERV1	7473	+	796	103103753	67127
chr9	25682491	25882491	harbor1	chr9	25694201	25694440	LTR/ERV1	840	+	120	25694321	11830
chr9	25682491	25882491	harbor1	chr9	25696256	25696729	LTR/ERV1	1870	+	236	25696492	14001
chr9	25682491	25882491	harbor1	chr9	25734816	25735326	LTR/ERV1	1135	+	255	25735071	52580
chr9	25682491	25882491	harbor1	chr9	25735848	25736444	LTR/ERV1	864	+	298	25736146	53655
chr9	25682491	25882491	harbor1	chr9	25736860	25737386	LTR/ERV1	3118	+	263	25737123	54632
chr9	60806891	61006891	harbor1	chr9	60859565	60860069	LTR/ERV1	3618	+	252	60859817	52926
chr9	60806891	61006891	harbor1	chr9	60863069	60863640	LTR/ERV1	3773	+	286	60863355	56464
chr9	60806891	61006891	harbor1	chr9	60879782	60880221	LTR/ERV1	1951	+	220	60880002	73111
chr9	60806891	61006891	harbor1	chr9	60887675	60888077	LTR/ERV1	1320	+	201	60887876	80985
chr9	11654478	11854478	harbor1	chr9	11705613	11706234	LTR/ERV1	3922	+	310	11705923	51445
chr9	39190497	39390497	harbor1	chr9	39201606	39202272	LTR/ERV1	3676	+	333	39201939	11442
chr9	138167107	138367107	harbor1	chr9	138171763	138171936	LTR/ERV1	825	+	86	138171849	4742
chr9	138167107	138367107	harbor1	chr9	138172385	138172667	LTR/ERV1	6159	+	141	138172526	5419
chr9	138167107	138367107	harbor1	chr9	138173319	138174909	LTR/ERV1	6159	+	795	138174114	7007
chr9	138167107	138367107	harbor1	chr9	138214093	138214685	LTR/ERV1	4660	+	296	138214389	47282
chr9	138167107	138367107	harbor1	chr9	138225185	138225371	LTR/ERV1	643	+	93	138225278	58171
chr9	138167107	138367107	harbor1	chr9	138235080	138235585	LTR/ERV1	895	+	252	138235332	68225
chr9	88014892	88214892	harbor1	chr9	88020430	88020667	LTR/ERV1	1046	+	118	88020548	5656
chr9	88014892	88214892	harbor1	chr9	88041190	88041532	LTR/ERV1	2328	+	171	88041361	26469
chr9	88014892	88214892	harbor1	chr9	88045102	88045466	LTR/ERV1	5726	+	182	88045284	30392
chr9	88014892	88214892	harbor1	chr9	88045780	88046324	LTR/ERV1	5726	+	272	88046052	31160
chr9	88014892	88214892	harbor1	chr9	88046395	88046536	LTR/ERV1	1044	+	70	88046465	31573
chr9	88014892	88214892	harbor1	chr9	88046526	88046657	LTR/ERV1	1050	+	66	88046592	31700
chr9	88014892	88214892	harbor1	chr9	88053867	88054178	LTR/ERV1	1639	+	156	88054023	39131
chr9	88014892	88214892	harbor1	chr9	88090246	88090706	LTR/ERV1	1703	+	230	88090476	75584
chr9	88014892	88214892	harbor1	chr9	88092867	88093188	LTR/ERV1	1034	+	160	88093027	78135
chr9	88014892	88214892	harbor1	chr9	88108773	88109220	LTR/ERV1	2766	+	224	88108997	94105
chr9	37467661	37667661	harbor1	chr9	37468861	37469075	LTR/ERV1	740	+	107	37468968	1307
chr9	37467661	37667661	harbor1	chr9	37469550	37469640	LTR/ERV1	407	+	45	37469595	1934
chr9	37467661	37667661	harbor1	chr9	37471357	37471648	LTR/ERV1	512	+	146	37471503	3842
chr9	103581082	103781082	harbor1	chr9	103586119	103587090	LTR/ERV1	4979	+	486	103586605	5523
chr9	103581082	103781082	harbor1	chr9	103598837	103599655	LTR/ERV1	4777	+	409	103599246	18164
chr9	103581082	103781082	harbor1	chr9	103601115	103601581	LTR/ERV1	2235	+	233	103601348	20266
chr9	103581082	103781082	harbor1	chr9	103635990	103636796	LTR/ERV1	3769	+	403	103636393	55311
chr9	123097805	123297805	harbor1	chr9	123141911	123142110	LTR/ERV1	1596	+	100	123142011	44206
chr9	123097805	123297805	harbor1	chr9	123142501	123142794	LTR/ERV1	1596	+	146	123142647	44842
chr9	11961896	12161896	harbor1	chr9	11963512	11963928	LTR/ERV1	1503	+	208	11963720	1824
chr9	11961896	12161896	harbor1	chr9	11966856	11967300	LTR/ERV1	2510	+	222	11967078	5182
chr9	11961896	12161896	harbor1	chr9	12045820	12046627	LTR/ERV1	4529	+	404	12046224	84328
chr9	11961896	12161896	harbor1	chr9	12054152	12054629	LTR/ERV1	3106	+	238	12054390	92494
chr9	11961896	12161896	harbor1	chr9	12042021	12042448	LTR/ERV1	1804	+	214	12042235	80339
chr9	73012635	73212635	harbor1	chr9	73016838	73017278	LTR/ERV1	2213	+	220	73017058	4423
chr9	73012635	73212635	harbor1	chr9	73065096	73065838	LTR/ERV1	5309	+	371	73065467	52832
chr9	73012635	73212635	harbor1	chr9	73078298	73078708	LTR/ERV1	1002	+	205	73078503	65868
chr9	73012635	73212635	harbor1	chr9	73097574	73098263	LTR/ERV1	619	+	344	73097918	85283
chr9	86770401	86970401	harbor1	chr9	86817974	86819486	LTR/ERV1	6453	+	756	86818730	48329
chr9	29175045	29375045	harbor1	chr9	29229859	29230282	LTR/ERV1	3190	+	212	29230071	55026
chr9	29175045	29375045	harbor1	chr9	29230567	29230731	LTR/ERV1	3190	+	82	29230649	55604
chr9	136977174	137177174	harbor1	chr9	136989213	136989739	LTR/ERV1	2313	+	263	136989476	12302
chr9	136977174	137177174	harbor1	chr9	137058489	137058981	LTR/ERV1	3276	+	246	137058735	81561
chr9	136977174	137177174	harbor1	chr9	137075103	137075645	LTR/ERV1	3968	+	271	137075374	98200
chr9	89403176	89603176	harbor1	chr9	89434363	89434546	LTR/ERV1	856	+	92	89434455	31279
chr9	89403176	89603176	harbor1	chr9	89459923	89460480	LTR/ERV1	1333	+	278	89460201	57025
chr9	9337706	9537706	harbor1	chr9	9392886	9393193	LTR/ERV1	1459	+	154	9393040	55334
chr9	14428652	14628652	harbor1	chr9	14450291	14450772	LTR/ERV1	585	+	240	14450531	21879
chr9	88022901	88222901	harbor1	chr9	88041190	88041532	LTR/ERV1	2328	+	171	88041361	18460
chr9	88022901	88222901	harbor1	chr9	88045102	88045466	LTR/ERV1	5726	+	182	88045284	22383
chr9	88022901	88222901	harbor1	chr9	88045780	88046324	LTR/ERV1	5726	+	272	88046052	23151
chr9	88022901	88222901	harbor1	chr9	88046395	88046536	LTR/ERV1	1044	+	70	88046465	23564
chr9	88022901	88222901	harbor1	chr9	88046526	88046657	LTR/ERV1	1050	+	66	88046592	23691
chr9	88022901	88222901	harbor1	chr9	88053867	88054178	LTR/ERV1	1639	+	156	88054023	31122
chr9	88022901	88222901	harbor1	chr9	88090246	88090706	LTR/ERV1	1703	+	230	88090476	67575
chr9	88022901	88222901	harbor1	chr9	88092867	88093188	LTR/ERV1	1034	+	160	88093027	70126
chr9	88022901	88222901	harbor1	chr9	88108773	88109220	LTR/ERV1	2766	+	224	88108997	86096
chr9	21391629	21591629	harbor1	chr9	21434849	21435067	LTR/ERV1	990	+	109	21434958	43329
chr9	21391629	21591629	harbor1	chr9	21435459	21435551	LTR/ERV1	500	+	46	21435505	43876
chr9	21391629	21591629	harbor1	chr9	21446795	21447802	LTR/ERV1	1734	+	504	21447299	55670
chr9	21391629	21591629	harbor1	chr9	21447914	21448131	LTR/ERV1	898	+	108	21448022	56393
chr9	21391629	21591629	harbor1	chr9	21450914	21451402	LTR/ERV1	2870	+	244	21451158	59529
chr9	21391629	21591629	harbor1	chr9	21446129	21446794	LTR/ERV1	3372	+	332	21446461	54832
chr9	22488892	22688892	harbor1	chr9	22515131	22515646	LTR/ERV1	1043	+	258	22515389	26497
chr9	42553068	42753068	harbor1	chr9	42583169	42583709	LTR/ERV1	3241	+	270	42583439	30371
chr9	42553068	42753068	harbor1	chr9	42591241	42591501	LTR/ERV1	839	+	130	42591371	38303
chr9	42553068	42753068	harbor1	chr9	42591783	42592076	LTR/ERV1	1411	+	146	42591929	38861
chr9	42553068	42753068	harbor1	chr9	42598402	42598658	LTR/ERV1	450	+	128	42598530	45462
chr9	63121576	63321576	harbor1	chr9	63160688	63161274	LTR/ERV1	2101	+	293	63160981	39405
chr9	61153035	61353035	harbor1	chr9	61155706	61156145	LTR/ERV1	1917	+	220	61155926	2891
chr9	61153035	61353035	harbor1	chr9	61163587	61163989	LTR/ERV1	1304	+	201	61163788	10753
chr9	133838877	134038877	harbor1	chr9	133900329	133900766	LTR/ERV1	1830	+	218	133900547	61670
chr9	133838877	134038877	harbor1	chr9	133901100	133901155	LTR/ERV1	603	+	28	133901128	62251
chr9	130786765	130986765	harbor1	chr9	130817152	130817741	LTR/ERV1	5154	+	294	130817446	30681
chr9	37572989	37772989	harbor1	chr9	37621242	37621771	LTR/ERV1	1651	+	264	37621506	48517
chr9	90063687	90263687	harbor1	chr9	90080801	90081265	LTR/ERV1	2982	+	232	90081033	17346
chr9	90063687	90263687	harbor1	chr9	90145748	90145908	LTR/ERV1	481	+	80	90145828	82141
chr9	90063687	90263687	harbor1	chr9	90160864	90161307	LTR/ERV1	2845	+	222	90161086	97399
chr9	84566430	84766430	harbor1	chr9	84659305	84659772	LTR/ERV1	2042	+	234	84659539	93109
chr9	38182405	38382405	harbor1	chr9	38183492	38183705	LTR/ERV1	781	+	106	38183598	1193
chr9	38182405	38382405	harbor1	chr9	38186846	38187374	LTR/ERV1	4021	+	264	38187110	4705
chr9	38182405	38382405	harbor1	chr9	38194086	38194329	LTR/ERV1	1933	+	122	38194208	11803
chr9	38182405	38382405	harbor1	chr9	38194611	38195017	LTR/ERV1	2951	+	203	38194814	12409
chr9	38182405	38382405	harbor1	chr9	38195119	38195337	LTR/ERV1	3587	+	109	38195228	12823
chr9	38182405	38382405	harbor1	chr9	38195641	38196004	LTR/ERV1	3587	+	182	38195823	13418
chr9	38182405	38382405	harbor1	chr9	38196141	38196292	LTR/ERV1	820	+	76	38196217	13812
chr9	38182405	38382405	harbor1	chr9	38252730	38253283	LTR/ERV1	4377	+	276	38253006	70601
chr9	80956482	81156482	harbor1	chr9	80961594	80961933	LTR/ERV1	1717	+	170	80961764	5282
chr9	80956482	81156482	harbor1	chr9	80974418	80975118	LTR/ERV1	4833	+	350	80974768	18286
chr9	80956482	81156482	harbor1	chr9	80978757	80979208	LTR/ERV1	2552	+	226	80978983	22501
chr9	80956482	81156482	harbor1	chr9	81009084	81009481	LTR/ERV1	2549	+	198	81009282	52800
chr9	80956482	81156482	harbor1	chr9	81009484	81012425	LTR/ERV1	16695	+	1470	81010954	54472
chr9	80956482	81156482	harbor1	chr9	81012405	81012553	LTR/ERV1	1000	+	74	81012479	55997
chr9	80956482	81156482	harbor1	chr9	81012544	81014276	LTR/ERV1	8379	+	866	81013410	56928
chr9	80956482	81156482	harbor1	chr9	81014257	81014493	LTR/ERV1	1399	+	118	81014375	57893
chr9	80956482	81156482	harbor1	chr9	81014492	81014871	LTR/ERV1	2397	+	190	81014682	58200
chr9	80956482	81156482	harbor1	chr9	81014872	81015281	LTR/ERV1	2264	+	204	81015076	58594
chr9	80956482	81156482	harbor1	chr9	81032232	81032620	LTR/ERV1	1967	+	194	81032426	75944
chr9	70026245	70226245	harbor1	chr9	70027762	70027917	LTR/ERV1	584	+	78	70027840	1595
chr9	104724134	104924134	harbor1	chr9	104750431	104750816	LTR/ERV1	2357	+	192	104750623	26489
chr9	37780766	37980766	harbor1	chr9	37788331	37788525	LTR/ERV1	612	+	97	37788428	7662
chr9	86403068	86603068	harbor1	chr9	86436545	86437093	LTR/ERV1	2565	+	274	86436819	33751
chr9	86403068	86603068	harbor1	chr9	86438038	86438511	LTR/ERV1	3458	+	236	86438274	35206
chr9	86403068	86603068	harbor1	chr9	86460103	86460537	LTR/ERV1	3039	+	217	86460320	57252
chr9	86403068	86603068	harbor1	chr9	86467768	86468286	LTR/ERV1	2129	+	259	86468027	64959
chr9	86403068	86603068	harbor1	chr9	86488199	86489103	LTR/ERV1	4899	+	452	86488651	85583
chr9	126255986	126455986	harbor1	chr9	126303897	126304056	LTR/ERV1	922	+	80	126303977	47991
chr9	40994530	41194530	harbor1	chr9	41014608	41015312	LTR/ERV1	730	+	352	41014960	20430
chr9	71363821	71563821	harbor1	chr9	71420400	71420511	LTR/ERV1	673	+	56	71420456	56635
chr9	71363821	71563821	harbor1	chr9	71421019	71421032	LTR/ERV1	2190	+	6	71421025	57204
chr9	71363821	71563821	harbor1	chr9	71421383	71421592	LTR/ERV1	2190	+	104	71421487	57666
chr9	71363821	71563821	harbor1	chr9	71421912	71422187	LTR/ERV1	2190	+	138	71422050	58229
chr9	71363821	71563821	harbor1	chr9	71423720	71423903	LTR/ERV1	917	+	92	71423812	59991
chr9	34052079	34252079	harbor1	chr9	34058248	34058394	LTR/ERV1	928	+	73	34058321	6242
chr9	34052079	34252079	harbor1	chr9	34084953	34085184	LTR/ERV1	1577	+	116	34085069	32990
chr9	34052079	34252079	harbor1	chr9	34120373	34120388	LTR/ERV1	2142	+	8	34120381	68302
chr9	34052079	34252079	harbor1	chr9	34120697	34120871	LTR/ERV1	2142	+	87	34120784	68705
chr9	34052079	34252079	harbor1	chr9	34121180	34121538	LTR/ERV1	2142	+	179	34121359	69280
chr9	34052079	34252079	harbor1	chr9	34129143	34129525	LTR/ERV1	1882	+	191	34129334	77255
chr9	131544738	131744738	harbor1	chr9	131547214	131547620	LTR/ERV1	2739	+	203	131547417	2679
chr9	131544738	131744738	harbor1	chr9	131547623	131548091	LTR/ERV1	2736	+	234	131547857	3119
chr9	131544738	131744738	harbor1	chr9	131548147	131548718	LTR/ERV1	11658	+	286	131548433	3695
chr9	131544738	131744738	harbor1	chr9	131548809	131550487	LTR/ERV1	11658	+	839	131549648	4910
chr9	131544738	131744738	harbor1	chr9	131550467	131550615	LTR/ERV1	820	+	74	131550541	5803
chr9	131544738	131744738	harbor1	chr9	131550618	131550789	LTR/ERV1	1000	+	86	131550704	5966
chr9	131544738	131744738	harbor1	chr9	131550807	131550930	LTR/ERV1	2235	+	62	131550869	6131
chr9	131544738	131744738	harbor1	chr9	131551242	131551528	LTR/ERV1	2235	+	143	131551385	6647
chr9	131544738	131744738	harbor1	chr9	131551529	131551936	LTR/ERV1	2872	+	204	131551733	6995
chr9	104665042	104865042	harbor1	chr9	104700328	104700847	LTR/ERV1	3360	+	260	104700588	35546
chr9	104665042	104865042	harbor1	chr9	104750431	104750816	LTR/ERV1	2357	+	192	104750623	85581
chr9	76422465	76622465	harbor1	chr9	76432666	76433782	LTR/ERV1	6066	+	558	76433224	10759
chr9	76422465	76622465	harbor1	chr9	76437166	76437718	LTR/ERV1	4218	+	276	76437442	14977
chr9	76422465	76622465	harbor1	chr9	76449024	76449045	LTR/ERV1	447	+	10	76449034	26569
chr9	76422465	76622465	harbor1	chr9	76449323	76449766	LTR/ERV1	912	+	222	76449545	27080
chr9	76422465	76622465	harbor1	chr9	76450115	76450374	LTR/ERV1	759	+	130	76450245	27780
chr9	76422465	76622465	harbor1	chr9	76457856	76458097	LTR/ERV1	448	+	120	76457976	35511
chr9	76422465	76622465	harbor1	chr9	76469231	76469990	LTR/ERV1	6368	+	380	76469611	47146
chr9	76422465	76622465	harbor1	chr9	76477879	76478576	LTR/ERV1	4784	+	348	76478227	55762
chr9	74105381	74305381	harbor1	chr9	74203027	74203175	LTR/ERV1	723	+	74	74203101	97720
chr9	40638818	40838818	harbor1	chr9	40668461	40668791	LTR/ERV1	1789	+	165	40668626	29808
chr9	40638818	40838818	harbor1	chr9	40668776	40668999	LTR/ERV1	871	+	112	40668888	30070
chr9	40638818	40838818	harbor1	chr9	40669188	40669618	LTR/ERV1	1710	+	215	40669403	30585
chr9	40638818	40838818	harbor1	chr9	40670939	40670962	LTR/ERV1	1537	+	12	40670951	32133
chr9	40638818	40838818	harbor1	chr9	40671238	40671619	LTR/ERV1	1537	+	190	40671428	32610
chr9	40638818	40838818	harbor1	chr9	40688147	40689518	LTR/ERV1	6765	+	686	40688833	50015
chr9	77275183	77475183	harbor1	chr9	77341217	77341336	LTR/ERV1	854	+	60	77341277	66094
chr9	101557101	101757101	harbor1	chr9	101579582	101580333	LTR/ERV1	4646	+	376	101579958	22857
chr9	98081996	98281996	harbor1	chr9	98089096	98089175	LTR/ERV1	2797	+	40	98089136	7140
chr9	98081996	98281996	harbor1	chr9	98089477	98089992	LTR/ERV1	2797	+	258	98089735	7739
chr9	98081996	98281996	harbor1	chr9	98092586	98092981	LTR/ERV1	2732	+	198	98092784	10788
chr9	98081996	98281996	harbor1	chr9	98102082	98102410	LTR/ERV1	860	+	164	98102246	20250
chr9	98081996	98281996	harbor1	chr9	98111494	98111657	LTR/ERV1	2427	+	82	98111576	29580
chr9	98081996	98281996	harbor1	chr9	98111958	98112518	LTR/ERV1	7670	+	280	98112238	30242
chr9	98081996	98281996	harbor1	chr9	98112820	98112831	LTR/ERV1	7670	+	6	98112826	30830
chr9	98081996	98281996	harbor1	chr9	98113141	98113357	LTR/ERV1	7670	+	108	98113249	31253
chr9	98081996	98281996	harbor1	chr9	98113655	98114337	LTR/ERV1	7670	+	341	98113996	32000
chr9	98081996	98281996	harbor1	chr9	98114622	98115070	LTR/ERV1	7670	+	224	98114846	32850
chr9	98081996	98281996	harbor1	chr9	98115683	98115852	LTR/ERV1	7670	+	84	98115767	33771
chr9	98081996	98281996	harbor1	chr9	98116034	98116046	LTR/ERV1	2433	+	6	98116040	34044
chr9	98081996	98281996	harbor1	chr9	98116323	98116554	LTR/ERV1	2433	+	116	98116439	34443
chr9	98081996	98281996	harbor1	chr9	98116864	98117141	LTR/ERV1	2433	+	138	98117002	35006
chr9	98081996	98281996	harbor1	chr9	98117595	98117804	LTR/ERV1	875	+	104	98117699	35703
chr9	80517341	80717341	harbor1	chr9	80557299	80557484	LTR/ERV1	1003	+	92	80557391	40050
chr9	80517341	80717341	harbor1	chr9	80557976	80558536	LTR/ERV1	1003	+	280	80558256	40915
chr9	87337117	87537117	harbor1	chr9	87393020	87393552	LTR/ERV1	2471	+	266	87393286	56169
chr9	87337117	87537117	harbor1	chr9	87395479	87395817	LTR/ERV1	2033	+	169	87395648	58531
chr9	87337117	87537117	harbor1	chr9	87406825	87407430	LTR/ERV1	3254	+	302	87407127	70010
chr9	87337117	87537117	harbor1	chr9	87410694	87411146	LTR/ERV1	3623	+	226	87410920	73803
chr9	87337117	87537117	harbor1	chr9	87411149	87414340	LTR/ERV1	17538	+	1596	87412745	75628
chr9	87337117	87537117	harbor1	chr9	87414320	87414469	LTR/ERV1	990	+	74	87414394	77277
chr9	87337117	87537117	harbor1	chr9	87414460	87414962	LTR/ERV1	3386	+	251	87414711	77594
chr9	87337117	87537117	harbor1	chr9	87414968	87415629	LTR/ERV1	4506	+	330	87415298	78181
chr9	87337117	87537117	harbor1	chr9	87415631	87415846	LTR/ERV1	1439	+	108	87415739	78622
chr9	87337117	87537117	harbor1	chr9	87415845	87416224	LTR/ERV1	2567	+	190	87416035	78918
chr9	87337117	87537117	harbor1	chr9	87416225	87416706	LTR/ERV1	3377	+	240	87416465	79348
chr9	87337117	87537117	harbor1	chr9	87423024	87423375	LTR/ERV1	2086	+	176	87423200	86083
chr9	71005723	71205723	harbor1	chr9	71025639	71025762	LTR/ERV1	769	+	62	71025701	19978
chr9	71005723	71205723	harbor1	chr9	71058675	71059006	LTR/ERV1	1522	+	166	71058841	53118
chr9	19514673	19714673	harbor1	chr9	19600959	19601579	LTR/ERV1	3812	+	310	19601269	86596
chr9	22492977	22692977	harbor1	chr9	22515131	22515646	LTR/ERV1	1043	+	258	22515389	22412
chr9	95712097	95912097	harbor1	chr9	95718967	95719341	LTR/ERV1	2549	+	187	95719154	7057
chr9	95712097	95912097	harbor1	chr9	95729664	95730177	LTR/ERV1	2736	+	256	95729920	17823
chr9	95712097	95912097	harbor1	chr9	95774295	95774822	LTR/ERV1	2844	+	264	95774559	62462
chr9	95712097	95912097	harbor1	chr9	95803912	95804450	LTR/ERV1	3398	+	269	95804181	92084
chr9	103338140	103538140	harbor1	chr9	103373564	103374205	LTR/ERV1	3798	+	320	103373884	35744
chr9	33552175	33752175	harbor1	chr9	33604964	33605305	LTR/ERV1	1492	+	170	33605134	52959
chr9	33552175	33752175	harbor1	chr9	33605381	33605413	LTR/ERV1	1492	+	16	33605397	53222
chr9	33552175	33752175	harbor1	chr9	33647554	33648271	LTR/ERV1	4663	+	358	33647912	95737
chr9	66297178	66497178	harbor1	chr9	66332634	66333090	LTR/ERV1	2932	+	228	66332862	35684
chr9	66297178	66497178	harbor1	chr9	66364006	66364144	LTR/ERV1	727	+	69	66364075	66897
chr9	65148555	65348555	harbor1	chr9	65227641	65227868	LTR/ERV1	667	+	114	65227755	79200
chr9	93887463	94087463	harbor1	chr9	93892623	93893067	LTR/ERV1	2214	+	222	93892845	5382
chr9	93887463	94087463	harbor1	chr9	93939631	93940151	LTR/ERV1	4095	+	260	93939891	52428
chr9	93887463	94087463	harbor1	chr9	93986196	93986771	LTR/ERV1	2913	+	288	93986484	99021
chr9	21362181	21562181	harbor1	chr9	21434849	21435067	LTR/ERV1	990	+	109	21434958	72777
chr9	21362181	21562181	harbor1	chr9	21435459	21435551	LTR/ERV1	500	+	46	21435505	73324
chr9	21362181	21562181	harbor1	chr9	21446795	21447802	LTR/ERV1	1734	+	504	21447299	85118
chr9	21362181	21562181	harbor1	chr9	21447914	21448131	LTR/ERV1	898	+	108	21448022	85841
chr9	21362181	21562181	harbor1	chr9	21450914	21451402	LTR/ERV1	2870	+	244	21451158	88977
chr9	21362181	21562181	harbor1	chr9	21446129	21446794	LTR/ERV1	3372	+	332	21446461	84280
chr9	71815207	72015207	harbor1	chr9	71822521	71822905	LTR/ERV1	1450	+	192	71822713	7506
chr9	71815207	72015207	harbor1	chr9	71823173	71823495	LTR/ERV1	1450	+	161	71823334	8127
chr9	71815207	72015207	harbor1	chr9	71835465	71835709	LTR/ERV1	1146	+	122	71835587	20380
chr9	124069006	124269006	harbor1	chr9	124142186	124142299	LTR/ERV1	4064	+	56	124142242	73236
chr9	124069006	124269006	harbor1	chr9	124143029	124143461	LTR/ERV1	3499	+	216	124143245	74239
chr9	124069006	124269006	harbor1	chr9	124143582	124144014	LTR/ERV1	3487	+	216	124143798	74792
chr9	124069006	124269006	harbor1	chr9	124145344	124145439	LTR/ERV1	4933	+	48	124145392	76386
chr9	124069006	124269006	harbor1	chr9	124145748	124146378	LTR/ERV1	4933	+	315	124146063	77057
chr9	124069006	124269006	harbor1	chr9	124141085	124141574	LTR/ERV1	4064	+	244	124141329	72323
chr9	26128453	26328453	harbor1	chr9	26151820	26151898	LTR/ERV1	570	+	39	26151859	23406
chr9	26128453	26328453	harbor1	chr9	26164374	26165154	LTR/ERV1	4484	+	390	26164764	36311
chr9	67564572	67764572	harbor1	chr9	67590933	67591215	LTR/ERV1	1514	+	141	67591074	26502
chr9	67564572	67764572	harbor1	chr9	67591283	67591612	LTR/ERV1	1189	+	164	67591447	26875
chr9	67564572	67764572	harbor1	chr9	67599163	67599637	LTR/ERV1	3778	+	237	67599400	34828
chr9	67564572	67764572	harbor1	chr9	67599945	67600079	LTR/ERV1	3778	+	67	67600012	35440
chr9	67564572	67764572	harbor1	chr9	67605572	67605963	LTR/ERV1	2733	+	196	67605768	41196
chr9	67564572	67764572	harbor1	chr9	67605953	67606066	LTR/ERV1	730	+	56	67606009	41437
chr9	67564572	67764572	harbor1	chr9	67634633	67634862	LTR/ERV1	2788	+	114	67634747	70175
chr9	67564572	67764572	harbor1	chr9	67635191	67635587	LTR/ERV1	2788	+	198	67635389	70817
chr9	67564572	67764572	harbor1	chr9	67646453	67646935	LTR/ERV1	837	+	241	67646694	82122
chr9	67564572	67764572	harbor1	chr9	67662511	67662838	LTR/ERV1	1411	+	164	67662675	98103
chr9	30571757	30771757	harbor1	chr9	30574386	30574908	LTR/ERV1	1481	+	261	30574647	2890
chr9	30571757	30771757	harbor1	chr9	30574922	30576073	LTR/ERV1	5279	+	576	30575498	3741
chr9	30571757	30771757	harbor1	chr9	30629265	30629869	LTR/ERV1	3299	+	302	30629567	57810
chr9	30571757	30771757	harbor1	chr9	30639381	30639763	LTR/ERV1	1056	+	191	30639572	67815
chr9	30571757	30771757	harbor1	chr9	30670289	30670583	LTR/ERV1	1022	+	147	30670436	98679
chr9	100749114	100949114	harbor1	chr9	100813798	100814930	LTR/ERV1	3979	+	566	100814364	65250
chr9	100749114	100949114	harbor1	chr9	100836649	100837405	LTR/ERV1	4021	+	378	100837027	87913
chr9	6225801	6425801	harbor1	chr9	6239097	6239749	LTR/ERV1	1433	+	326	6239423	13622
chr9	11499007	11699007	harbor1	chr9	11499007	11499772	LTR/ERV1	3820	+	382	11499389	382
chr9	11499007	11699007	harbor1	chr9	11500097	11500466	LTR/ERV1	2205	+	184	11500281	1274
chr9	11499007	11699007	harbor1	chr9	11525464	11526087	LTR/ERV1	1328	+	312	11525776	26769
chr9	11499007	11699007	harbor1	chr9	11501235	11501578	LTR/ERV1	1188	+	172	11501407	2400
chr9	11499007	11699007	harbor1	chr9	11549220	11550773	LTR/ERV1	6824	+	776	11549996	50989
chr9	115316730	115516730	harbor1	chr9	115379427	115380031	LTR/ERV1	2562	+	302	115379729	62999
chr9	115316730	115516730	harbor1	chr9	115381593	115382584	LTR/ERV1	4319	+	496	115382089	65359
chr9	115316730	115516730	harbor1	chr9	115382638	115383290	LTR/ERV1	3816	+	326	115382964	66234
chr9	115316730	115516730	harbor1	chr9	115383299	115383429	LTR/ERV1	688	+	65	115383364	66634
chr9	115316730	115516730	harbor1	chr9	115383798	115384978	LTR/ERV1	2371	+	590	115384388	67658
chr9	115316730	115516730	harbor1	chr9	115384977	115385178	LTR/ERV1	1220	+	100	115385077	68347
chr9	115316730	115516730	harbor1	chr9	115385180	115386402	LTR/ERV1	7245	+	611	115385791	69061
chr9	128502440	128702440	harbor1	chr9	128509557	128509649	LTR/ERV1	501	+	46	128509603	7163
chr9	90208311	90408311	harbor1	chr9	90236848	90237719	LTR/ERV1	5701	+	436	90237284	28973
chr9	90208311	90408311	harbor1	chr9	90253004	90253640	LTR/ERV1	2739	+	318	90253322	45011
chr9	90208311	90408311	harbor1	chr9	90289255	90290045	LTR/ERV1	5270	+	395	90289650	81339
chr9	90208311	90408311	harbor1	chr9	90223643	90227704	LTR/ERV1	29461	+	2030	90225673	17362
chr9	41240632	41440632	harbor1	chr9	41246016	41246544	LTR/ERV1	2226	+	264	41246280	5648
chr9	41240632	41440632	harbor1	chr9	41284562	41285046	LTR/ERV1	1371	+	242	41284804	44172
chr9	41240632	41440632	harbor1	chr9	41339845	41340162	LTR/ERV1	818	+	158	41340003	99371
chr9	111316148	111516148	harbor1	chr9	111336413	111337855	LTR/ERV1	11430	+	721	111337134	20986
chr9	111316148	111516148	harbor1	chr9	111337856	111338179	LTR/ERV1	2565	+	162	111338018	21870
chr9	111316148	111516148	harbor1	chr9	111348840	111349316	LTR/ERV1	2376	+	238	111349078	32930
chr9	36546922	36746922	harbor1	chr9	36571908	36572273	LTR/ERV1	1540	+	182	36572090	25168
chr9	36546922	36746922	harbor1	chr9	36626054	36626675	LTR/ERV1	4658	+	310	36626364	79442
chr9	36546922	36746922	harbor1	chr9	36626987	36627023	LTR/ERV1	4658	+	18	36627005	80083
chr9	8477014	8677014	harbor1	chr9	8560961	8561676	LTR/ERV1	2803	+	358	8561319	84305
chr9	133282205	133482205	harbor1	chr9	133302961	133303099	LTR/ERV1	935	+	69	133303030	20825
chr9	133162608	133362608	harbor1	chr9	133222149	133222445	LTR/ERV1	2410	+	148	133222297	59689
chr9	133162608	133362608	harbor1	chr9	133222740	133223068	LTR/ERV1	2410	+	164	133222904	60296
chr9	133162608	133362608	harbor1	chr9	133249112	133249735	LTR/ERV1	2345	+	312	133249424	86816
chr9	35464954	35664954	harbor1	chr9	35483050	35483195	LTR/ERV1	870	+	72	35483122	18168
chr9	35464954	35664954	harbor1	chr9	35483495	35483812	LTR/ERV1	870	+	158	35483653	18699
chr9	35464954	35664954	harbor1	chr9	35486239	35486337	LTR/ERV1	499	+	49	35486288	21334
chr9	35464954	35664954	harbor1	chr9	35486613	35486662	LTR/ERV1	499	+	24	35486637	21683
chr9	133890793	134090793	harbor1	chr9	133900329	133900766	LTR/ERV1	1830	+	218	133900547	9754
chr9	133890793	134090793	harbor1	chr9	133901100	133901155	LTR/ERV1	603	+	28	133901128	10335
chr9	65716215	65916215	harbor1	chr9	65765230	65766078	LTR/ERV1	3913	+	424	65765654	49439
chr9	91234380	91434380	harbor1	chr9	91261914	91262137	LTR/ERV1	653	+	112	91262026	27646
chr9	91234380	91434380	harbor1	chr9	91314576	91314929	LTR/ERV1	4041	+	176	91314752	80372
chr9	91234380	91434380	harbor1	chr9	91315239	91315599	LTR/ERV1	4041	+	180	91315419	81039
chr9	91234380	91434380	harbor1	chr9	91318285	91318978	LTR/ERV1	4114	+	346	91318631	84251
chr9	91234380	91434380	harbor1	chr9	91319352	91320055	LTR/ERV1	3672	+	352	91319704	85324
chr9	91234380	91434380	harbor1	chr9	91320266	91320689	LTR/ERV1	2996	+	212	91320478	86098
chr9	91234380	91434380	harbor1	chr9	91327216	91328114	LTR/ERV1	3181	+	449	91327665	93285
chr9	100686419	100886419	harbor1	chr9	100688779	100689236	LTR/ERV1	3867	+	228	100689007	2588
chr9	109986587	110186587	harbor1	chr9	110062766	110063281	LTR/ERV1	3642	+	258	110063024	76437
chr9	69343718	69543718	harbor1	chr9	69347465	69347830	LTR/ERV1	738	+	182	69347647	3929
chr9	69343718	69543718	harbor1	chr9	69401946	69402192	LTR/ERV1	1175	+	123	69402069	58351
chr9	69343718	69543718	harbor1	chr9	69423836	69423901	LTR/ERV1	1132	+	32	69423868	80150
chr9	69343718	69543718	harbor1	chr9	69424205	69424413	LTR/ERV1	1132	+	104	69424309	80591
chr9	69343718	69543718	harbor1	chr9	69402486	69402731	LTR/ERV1	1175	+	122	69402608	58890
chr9	84448714	84648714	harbor1	chr9	84450321	84451097	LTR/ERV1	4326	+	388	84450709	1995
chr9	84448714	84648714	harbor1	chr9	84522209	84522840	LTR/ERV1	4818	+	316	84522525	73811
chr9	60909824	61109824	harbor1	chr9	60957931	60958098	LTR/ERV1	1028	+	84	60958015	48191
chr9	60909824	61109824	harbor1	chr9	60962090	60962444	LTR/ERV1	1972	+	177	60962267	52443
chr9	60909824	61109824	harbor1	chr9	60982393	60982689	LTR/ERV1	3723	+	148	60982541	72717
chr9	60909824	61109824	harbor1	chr9	60983005	60983348	LTR/ERV1	3723	+	172	60983177	73353
chr9	60909824	61109824	harbor1	chr9	60983918	60984126	LTR/ERV1	1152	+	104	60984022	74198
chr9	13629385	13829385	harbor1	chr9	13729058	13729489	LTR/ERV1	410	+	216	13729274	99889
chr9	76511411	76711411	harbor1	chr9	76534848	76535276	LTR/ERV1	2596	+	214	76535062	23651
chr9	76511411	76711411	harbor1	chr9	76542149	76542783	LTR/ERV1	3401	+	317	76542466	31055
chr9	76511411	76711411	harbor1	chr9	76545256	76545642	LTR/ERV1	2686	+	193	76545449	34038
chr9	76511411	76711411	harbor1	chr9	76559416	76559459	LTR/ERV1	1053	+	22	76559438	48027
chr9	76511411	76711411	harbor1	chr9	76559674	76560076	LTR/ERV1	1053	+	201	76559875	48464
chr9	76511411	76711411	harbor1	chr9	76606032	76606259	LTR/ERV1	524	+	114	76606146	94735
chr9	3979551	4179551	harbor1	chr9	4041628	4042151	LTR/ERV1	3090	+	262	4041890	62339
chr9	40317669	40517669	harbor1	chr9	40328882	40329272	LTR/ERV1	1494	+	195	40329077	11408
chr9	40317669	40517669	harbor1	chr9	40359962	40360121	LTR/ERV1	492	+	80	40360042	42373
chr9	40317669	40517669	harbor1	chr9	40397643	40398032	LTR/ERV1	424	+	194	40397837	80168
chr9	81571714	81771714	harbor1	chr9	81603342	81603719	LTR/ERV1	2166	+	188	81603530	31816
chr9	81571714	81771714	harbor1	chr9	81604030	81604216	LTR/ERV1	2166	+	93	81604123	32409
chr9	126244659	126444659	harbor1	chr9	126303897	126304056	LTR/ERV1	922	+	80	126303977	59318
chr9	133275748	133475748	harbor1	chr9	133277809	133277942	LTR/ERV1	480	+	66	133277875	2127
chr9	133275748	133475748	harbor1	chr9	133278002	133278275	LTR/ERV1	521	+	136	133278138	2390
chr9	133275748	133475748	harbor1	chr9	133302961	133303099	LTR/ERV1	935	+	69	133303030	27282
chr9	42814263	43014263	harbor1	chr9	42840624	42841012	LTR/ERV1	1367	+	194	42840818	26555
chr9	106434740	106634740	harbor1	chr9	106534433	106534895	LTR/ERV1	2753	+	231	106534664	99924
chr9	71323909	71523909	harbor1	chr9	71420400	71420511	LTR/ERV1	673	+	56	71420456	96547
chr9	71323909	71523909	harbor1	chr9	71421019	71421032	LTR/ERV1	2190	+	6	71421025	97116
chr9	71323909	71523909	harbor1	chr9	71421383	71421592	LTR/ERV1	2190	+	104	71421487	97578
chr9	71323909	71523909	harbor1	chr9	71421912	71422187	LTR/ERV1	2190	+	138	71422050	98141
chr9	71323909	71523909	harbor1	chr9	71423720	71423903	LTR/ERV1	917	+	92	71423812	99903
chr9	89878800	90078800	harbor1	chr9	89970144	89970377	LTR/ERV1	1467	+	116	89970260	91460
chr9	89878800	90078800	harbor1	chr9	89970537	89970843	LTR/ERV1	1836	+	153	89970690	91890
chr9	105025159	105225159	harbor1	chr9	105052976	105053440	LTR/ERV1	3654	+	232	105053208	28049
chr9	105025159	105225159	harbor1	chr9	105053738	105053900	LTR/ERV1	3654	+	81	105053819	28660
chr9	105025159	105225159	harbor1	chr9	105054268	105054434	LTR/ERV1	447	+	83	105054351	29192
chr9	105025159	105225159	harbor1	chr9	105055371	105055431	LTR/ERV1	724	+	30	105055401	30242
chr9	105025159	105225159	harbor1	chr9	105055769	105056483	LTR/ERV1	3132	+	357	105056126	30967
chr9	105025159	105225159	harbor1	chr9	105056794	105056952	LTR/ERV1	3098	+	79	105056873	31714
chr9	105025159	105225159	harbor1	chr9	105057316	105057795	LTR/ERV1	1618	+	240	105057556	32397
chr9	105025159	105225159	harbor1	chr9	105057793	105057882	LTR/ERV1	1408	+	44	105057837	32678
chr9	105025159	105225159	harbor1	chr9	105058201	105058424	LTR/ERV1	1408	+	112	105058313	33154
chr9	105025159	105225159	harbor1	chr9	105058428	105058665	LTR/ERV1	1349	+	118	105058546	33387
chr9	105025159	105225159	harbor1	chr9	105058710	105058778	LTR/ERV1	426	+	34	105058744	33585
chr9	105025159	105225159	harbor1	chr9	105059083	105059334	LTR/ERV1	426	+	126	105059209	34050
chr9	105025159	105225159	harbor1	chr9	105059339	105059547	LTR/ERV1	1171	+	104	105059443	34284
chr9	105025159	105225159	harbor1	chr9	105059718	105059862	LTR/ERV1	2217	+	72	105059790	34631
chr9	105025159	105225159	harbor1	chr9	105060171	105060241	LTR/ERV1	2217	+	35	105060206	35047
chr9	105025159	105225159	harbor1	chr9	105060554	105060754	LTR/ERV1	2217	+	100	105060654	35495
chr9	105025159	105225159	harbor1	chr9	105080400	105080593	LTR/ERV1	3875	+	96	105080496	55337
chr9	105025159	105225159	harbor1	chr9	105080888	105081354	LTR/ERV1	3875	+	233	105081121	55962
chr9	105025159	105225159	harbor1	chr9	105084375	105084712	LTR/ERV1	1754	+	168	105084543	59384
chr9	73838518	74038518	harbor1	chr9	73871622	73872214	LTR/ERV1	2917	+	296	73871918	33400
chr9	73838518	74038518	harbor1	chr9	73872215	73872986	LTR/ERV1	2668	+	386	73872601	34083
chr9	73838518	74038518	harbor1	chr9	73872987	73873065	LTR/ERV1	2917	+	39	73873026	34508
chr9	111042351	111242351	harbor1	chr9	111044936	111045008	LTR/ERV1	493	+	36	111044972	2621
chr9	111042351	111242351	harbor1	chr9	111045010	111045628	LTR/ERV1	4035	+	309	111045319	2968
chr9	70000999	70200999	harbor1	chr9	70015526	70015997	LTR/ERV1	1427	+	236	70015762	14763
chr9	70000999	70200999	harbor1	chr9	70027762	70027917	LTR/ERV1	584	+	78	70027840	26841
chr9	9937719	10137719	harbor1	chr9	9989179	9989994	LTR/ERV1	4760	+	408	9989587	51868
chr9	9937719	10137719	harbor1	chr9	9990098	9990546	LTR/ERV1	1473	+	224	9990322	52603
chr9	9937719	10137719	harbor1	chr9	9997607	9998065	LTR/ERV1	2140	+	229	9997836	60117
chr9	9937719	10137719	harbor1	chr9	9998157	9998518	LTR/ERV1	2609	+	180	9998337	60618
chr9	9937719	10137719	harbor1	chr9	9998522	9998671	LTR/ERV1	676	+	74	9998596	60877
chr9	9937719	10137719	harbor1	chr9	9998675	9999079	LTR/ERV1	2579	+	202	9998877	61158
chr9	9937719	10137719	harbor1	chr9	9999067	9999840	LTR/ERV1	3476	+	386	9999453	61734
chr9	9937719	10137719	harbor1	chr9	9999832	10000000	LTR/ERV1	816	+	84	9999916	62197
chr9	9937719	10137719	harbor1	chr9	10000332	10000585	LTR/ERV1	1355	+	126	10000458	62739
chr9	9937719	10137719	harbor1	chr9	10000586	10001203	LTR/ERV1	2998	+	308	10000894	63175
chr9	9937719	10137719	harbor1	chr9	10008095	10008783	LTR/ERV1	2016	+	344	10008439	70720
chr9	9937719	10137719	harbor1	chr9	10025910	10026578	LTR/ERV1	657	+	334	10026244	88525
chr9	41131706	41331706	harbor1	chr9	41143046	41143483	LTR/ERV1	840	+	218	41143264	11558
chr9	41131706	41331706	harbor1	chr9	41193349	41193618	LTR/ERV1	887	+	134	41193483	61777
chr9	41131706	41331706	harbor1	chr9	41193884	41193974	LTR/ERV1	887	+	45	41193929	62223
chr9	41131706	41331706	harbor1	chr9	41193975	41194102	LTR/ERV1	433	+	64	41194039	62333
chr9	41131706	41331706	harbor1	chr9	41194104	41194414	LTR/ERV1	999	+	155	41194259	62553
chr9	12860986	13060986	harbor1	chr9	12927085	12927678	LTR/ERV1	2597	+	296	12927381	66395
chr9	12860986	13060986	harbor1	chr9	12948345	12948825	LTR/ERV1	3195	+	240	12948585	87599
chr9	12860986	13060986	harbor1	chr9	12948828	12951746	LTR/ERV1	16595	+	1459	12950287	89301
chr9	12860986	13060986	harbor1	chr9	12951741	12951888	LTR/ERV1	856	+	74	12951815	90829
chr9	12860986	13060986	harbor1	chr9	12951879	12952383	LTR/ERV1	3326	+	252	12952131	91145
chr9	12860986	13060986	harbor1	chr9	12952386	12953048	LTR/ERV1	4299	+	331	12952717	91731
chr9	12860986	13060986	harbor1	chr9	12953046	12953274	LTR/ERV1	1350	+	114	12953160	92174
chr9	12860986	13060986	harbor1	chr9	12953273	12953647	LTR/ERV1	2316	+	187	12953460	92474
chr9	12860986	13060986	harbor1	chr9	12953648	12954128	LTR/ERV1	3212	+	240	12953888	92902
chr9	133832200	134032200	harbor1	chr9	133835075	133835245	LTR/ERV1	855	+	85	133835160	2960
chr9	133832200	134032200	harbor1	chr9	133900329	133900766	LTR/ERV1	1830	+	218	133900547	68347
chr9	133832200	134032200	harbor1	chr9	133901100	133901155	LTR/ERV1	603	+	28	133901128	68928
chr9	134939772	135139772	harbor1	chr9	134998371	134998701	LTR/ERV1	1639	+	165	134998536	58764
chr9	134939772	135139772	harbor1	chr9	134998755	135000000	LTR/ERV1	5649	+	622	134999377	59605
chr9	134939772	135139772	harbor1	chr9	135000002	135001206	LTR/ERV1	3162	+	602	135000604	60832
chr9	134939772	135139772	harbor1	chr9	135014645	135014906	LTR/ERV1	574	+	130	135014775	75003
chr9	134939772	135139772	harbor1	chr9	135028444	135028762	LTR/ERV1	3682	+	159	135028603	88831
chr9	134939772	135139772	harbor1	chr9	135029058	135029319	LTR/ERV1	3682	+	130	135029188	89416
chr9	85697984	85897984	harbor1	chr9	85745784	85746395	LTR/ERV1	3050	+	306	85746090	48106
chr9	70021680	70221680	harbor1	chr9	70027762	70027917	LTR/ERV1	584	+	78	70027840	6160
chr9	16021054	16221054	harbor1	chr9	16119410	16119786	LTR/ERV1	1602	+	188	16119598	98544
chr9	136752273	136952273	harbor1	chr9	136765407	136765561	LTR/ERV1	2117	+	77	136765484	13211
chr9	136752273	136952273	harbor1	chr9	136765848	136766131	LTR/ERV1	2117	+	142	136765990	13717
chr9	136752273	136952273	harbor1	chr9	136771072	136771180	LTR/ERV1	634	+	54	136771126	18853
chr9	10781845	10981845	harbor1	chr9	10790179	10791707	LTR/ERV1	6299	+	764	10790943	9098
chr9	10781845	10981845	harbor1	chr9	10834230	10834780	LTR/ERV1	1408	+	275	10834505	52660
chr9	10781845	10981845	harbor1	chr9	10835786	10837078	LTR/ERV1	8151	+	646	10836432	54587
chr9	75138945	75338945	harbor1	chr9	75170261	75170406	LTR/ERV1	2249	+	72	75170333	31388
chr9	75138945	75338945	harbor1	chr9	75170810	75171327	LTR/ERV1	4537	+	258	75171068	32123
chr9	75138945	75338945	harbor1	chr9	75171628	75171844	LTR/ERV1	4537	+	108	75171736	32791
chr9	75138945	75338945	harbor1	chr9	75213942	75214422	LTR/ERV1	1762	+	240	75214182	75237
chr9	75138945	75338945	harbor1	chr9	75169623	75169946	LTR/ERV1	2249	+	162	75169785	30840
chr9	37615157	37815157	harbor1	chr9	37621242	37621771	LTR/ERV1	1651	+	264	37621506	6349
chr9	87928835	88128835	harbor1	chr9	87993778	87994175	LTR/ERV1	2624	+	198	87993976	65141
chr9	87928835	88128835	harbor1	chr9	88020430	88020667	LTR/ERV1	1046	+	118	88020548	91713
chr10	3508070	3708070	harbor1	chr10	3510573	3511199	LTR/ERV1	1394	+	313	3510886	2816
chr10	57229440	57429440	harbor1	chr10	57246851	57247622	LTR/ERV1	4116	+	386	57247237	17797
chr10	57229440	57429440	harbor1	chr10	57249656	57250920	LTR/ERV1	7424	+	632	57250288	20848
chr10	57229440	57429440	harbor1	chr10	57253806	57254365	LTR/ERV1	1784	+	280	57254086	24646
chr10	57229440	57429440	harbor1	chr10	57261381	57261843	LTR/ERV1	2630	+	231	57261612	32172
chr10	57229440	57429440	harbor1	chr10	57266449	57266658	LTR/ERV1	841	+	104	57266553	37113
chr10	57229440	57429440	harbor1	chr10	57267151	57267346	LTR/ERV1	487	+	98	57267249	37809
chr10	57229440	57429440	harbor1	chr10	57321340	57322667	LTR/ERV1	8408	+	664	57322004	92564
chr10	121733822	121933822	harbor1	chr10	121768406	121768858	LTR/ERV1	2085	+	226	121768632	34810
chr10	99327912	99527912	harbor1	chr10	99399024	99399488	LTR/ERV1	3065	+	232	99399256	71344
chr10	99327912	99527912	harbor1	chr10	99399790	99399884	LTR/ERV1	3065	+	47	99399837	71925
chr10	92851216	93051216	harbor1	chr10	92897442	92898037	LTR/ERV1	4278	+	298	92897740	46524
chr10	92851216	93051216	harbor1	chr10	92916022	92916228	LTR/ERV1	1095	+	103	92916125	64909
chr10	92851216	93051216	harbor1	chr10	92916531	92916810	LTR/ERV1	1095	+	140	92916671	65455
chr10	127799946	127999946	harbor1	chr10	127808521	127809104	LTR/ERV1	2647	+	292	127808813	8867
chr10	127799946	127999946	harbor1	chr10	127820667	127821064	LTR/ERV1	1077	+	198	127820865	20919
chr10	127799946	127999946	harbor1	chr10	127822208	127822926	LTR/ERV1	3640	+	359	127822567	22621
chr10	127799946	127999946	harbor1	chr10	127824202	127824295	LTR/ERV1	496	+	46	127824248	24302
chr10	127799946	127999946	harbor1	chr10	127824920	127825005	LTR/ERV1	496	+	42	127824962	25016
chr10	127799946	127999946	harbor1	chr10	127825004	127825103	LTR/ERV1	566	+	50	127825054	25108
chr10	127799946	127999946	harbor1	chr10	127825432	127825691	LTR/ERV1	1271	+	130	127825562	25616
chr10	127799946	127999946	harbor1	chr10	127832422	127832851	LTR/ERV1	2131	+	214	127832636	32690
chr10	127799946	127999946	harbor1	chr10	127863225	127863702	LTR/ERV1	1663	+	238	127863463	63517
chr10	127799946	127999946	harbor1	chr10	127863968	127864547	LTR/ERV1	2441	+	290	127864258	64312
chr10	38102355	38302355	harbor1	chr10	38125676	38125749	LTR/ERV1	1241	+	36	38125712	23357
chr10	38102355	38302355	harbor1	chr10	38126129	38126545	LTR/ERV1	1241	+	208	38126337	23982
chr10	38102355	38302355	harbor1	chr10	38129563	38129626	LTR/ERV1	454	+	32	38129595	27240
chr10	38102355	38302355	harbor1	chr10	38163553	38163998	LTR/ERV1	2711	+	222	38163775	61420
chr10	46058347	46258347	harbor1	chr10	46105142	46105657	LTR/ERV1	3878	+	258	46105400	47053
chr10	26640835	26840835	harbor1	chr10	26655335	26655427	LTR/ERV1	609	+	46	26655381	14546
chr10	128835066	129035066	harbor1	chr10	128933634	128934029	LTR/ERV1	1792	+	198	128933832	98766
chr10	70845790	71045790	harbor1	chr10	70861460	70862907	LTR/ERV1	10476	+	724	70862184	16394
chr10	94882607	95082607	harbor1	chr10	94915641	94916072	LTR/ERV1	1994	+	216	94915857	33250
chr10	94882607	95082607	harbor1	chr10	94954082	94954585	LTR/ERV1	1403	+	252	94954334	71727
chr10	133010203	133210203	harbor1	chr10	133035078	133035826	LTR/ERV1	5445	+	374	133035452	25249
chr10	133010203	133210203	harbor1	chr10	133036708	133037112	LTR/ERV1	3477	+	202	133036910	26707
chr10	133010203	133210203	harbor1	chr10	133037439	133037872	LTR/ERV1	3477	+	216	133037655	27452
chr10	80950148	81150148	harbor1	chr10	80951504	80952143	LTR/ERV1	3135	+	320	80951824	1676
chr10	80950148	81150148	harbor1	chr10	80966667	80967211	LTR/ERV1	4523	+	272	80966939	16791
chr10	80950148	81150148	harbor1	chr10	80967751	80967842	LTR/ERV1	4523	+	46	80967797	17649
chr10	55481441	55681441	harbor1	chr10	55517832	55518348	LTR/ERV1	1976	+	258	55518090	36649
chr10	55481441	55681441	harbor1	chr10	55518374	55518812	LTR/ERV1	3807	+	219	55518593	37152
chr10	55481441	55681441	harbor1	chr10	55519122	55519255	LTR/ERV1	3807	+	66	55519188	37747
chr10	33341233	33541233	harbor1	chr10	33365851	33366417	LTR/ERV1	3678	+	283	33366134	24901
chr10	105601717	105801717	harbor1	chr10	105608048	105608479	LTR/ERV1	1845	+	216	105608264	6547
chr10	105601717	105801717	harbor1	chr10	105642684	105643157	LTR/ERV1	2187	+	236	105642920	41203
chr10	105601717	105801717	harbor1	chr10	105643330	105643467	LTR/ERV1	1072	+	68	105643398	41681
chr10	105601717	105801717	harbor1	chr10	105647258	105647914	LTR/ERV1	3750	+	328	105647586	45869
chr10	105601717	105801717	harbor1	chr10	105675359	105675905	LTR/ERV1	2320	+	273	105675632	73915
chr10	105601717	105801717	harbor1	chr10	105681240	105681413	LTR/ERV1	1222	+	86	105681326	79609
chr10	105601717	105801717	harbor1	chr10	105688205	105688520	LTR/ERV1	1056	+	158	105688363	86646
chr10	37068050	37268050	harbor1	chr10	37108133	37108526	LTR/ERV1	1632	+	196	37108329	40279
chr10	37068050	37268050	harbor1	chr10	37075946	37077056	LTR/ERV1	7034	+	555	37076501	8451
chr10	47002079	47202079	harbor1	chr10	47063705	47063909	LTR/ERV1	1342	+	102	47063807	61728
chr10	47002079	47202079	harbor1	chr10	47082298	47082989	LTR/ERV1	4565	+	346	47082644	80565
chr10	47002079	47202079	harbor1	chr10	47095766	47096242	LTR/ERV1	2635	+	238	47096004	93925
chr10	66347624	66547624	harbor1	chr10	66391394	66391847	LTR/ERV1	633	+	226	66391620	43996
chr10	66347624	66547624	harbor1	chr10	66402561	66403300	LTR/ERV1	3808	+	370	66402931	55307
chr10	66347624	66547624	harbor1	chr10	66403651	66403692	LTR/ERV1	3808	+	20	66403671	56047
chr10	66347624	66547624	harbor1	chr10	66423401	66423880	LTR/ERV1	3438	+	240	66423641	76017
chr10	66347624	66547624	harbor1	chr10	66403740	66404433	LTR/ERV1	3005	+	346	66404086	56462
chr10	44826456	45026456	harbor1	chr10	44878986	44879560	LTR/ERV1	2623	+	287	44879273	52817
chr10	44826456	45026456	harbor1	chr10	44897119	44897536	LTR/ERV1	1465	+	208	44897327	70871
chr10	80892211	81092211	harbor1	chr10	80896897	80897389	LTR/ERV1	3126	+	246	80897143	4932
chr10	80892211	81092211	harbor1	chr10	80945683	80946085	LTR/ERV1	2413	+	201	80945884	53673
chr10	80892211	81092211	harbor1	chr10	80946609	80947008	LTR/ERV1	1571	+	200	80946809	54598
chr10	80892211	81092211	harbor1	chr10	80948748	80949110	LTR/ERV1	1760	+	181	80948929	56718
chr10	80892211	81092211	harbor1	chr10	80951504	80952143	LTR/ERV1	3135	+	320	80951824	59613
chr10	80892211	81092211	harbor1	chr10	80966667	80967211	LTR/ERV1	4523	+	272	80966939	74728
chr10	80892211	81092211	harbor1	chr10	80967751	80967842	LTR/ERV1	4523	+	46	80967797	75586
chr10	80892211	81092211	harbor1	chr10	80920220	80920827	LTR/ERV1	4387	+	304	80920524	28313
chr10	58955136	59155136	harbor1	chr10	58960537	58961176	LTR/ERV1	3663	+	320	58960857	5721
chr10	58955136	59155136	harbor1	chr10	58974286	58974601	LTR/ERV1	5753	+	158	58974444	19308
chr10	58955136	59155136	harbor1	chr10	58974909	58975498	LTR/ERV1	5753	+	294	58975203	20067
chr10	58955136	59155136	harbor1	chr10	59025874	59026695	LTR/ERV1	4514	+	410	59026284	71148
chr10	90578406	90778406	harbor1	chr10	90617523	90617704	LTR/ERV1	627	+	90	90617613	39207
chr10	90578406	90778406	harbor1	chr10	90652051	90652451	LTR/ERV1	2302	+	200	90652251	73845
chr10	16371146	16571146	harbor1	chr10	16388840	16388893	LTR/ERV1	904	+	26	16388866	17720
chr10	16371146	16571146	harbor1	chr10	16389192	16389533	LTR/ERV1	904	+	170	16389362	18216
chr10	16371146	16571146	harbor1	chr10	16417247	16417923	LTR/ERV1	5333	+	338	16417585	46439
chr10	16371146	16571146	harbor1	chr10	16435664	16436346	LTR/ERV1	2926	+	341	16436005	64859
chr10	84430319	84630319	harbor1	chr10	84467545	84467660	LTR/ERV1	433	+	58	84467603	37284
chr10	84430319	84630319	harbor1	chr10	84525091	84525370	LTR/ERV1	1988	+	140	84525231	94912
chr10	4535391	4735391	harbor1	chr10	4548828	4548913	LTR/ERV1	2277	+	42	4548870	13479
chr10	4535391	4735391	harbor1	chr10	4549226	4549645	LTR/ERV1	2277	+	210	4549436	14045
chr10	4535391	4735391	harbor1	chr10	4602566	4603474	LTR/ERV1	4950	+	454	4603020	67629
chr10	4535391	4735391	harbor1	chr10	4632850	4633141	LTR/ERV1	1267	+	146	4632996	97605
chr10	2277970	2477970	harbor1	chr10	2279950	2280351	LTR/ERV1	1198	+	200	2280150	2180
chr10	2277970	2477970	harbor1	chr10	2315911	2316600	LTR/ERV1	4801	+	344	2316255	38285
chr10	115914653	116114653	harbor1	chr10	115974147	115974234	LTR/ERV1	622	+	44	115974191	59538
chr10	115914653	116114653	harbor1	chr10	115974209	115974530	LTR/ERV1	1394	+	160	115974369	59716
chr10	12859258	13059258	harbor1	chr10	12877311	12877468	LTR/ERV1	435	+	78	12877389	18131
chr10	12859258	13059258	harbor1	chr10	12877471	12877738	LTR/ERV1	1202	+	134	12877605	18347
chr10	12859258	13059258	harbor1	chr10	12940965	12941493	LTR/ERV1	3670	+	264	12941229	81971
chr10	12859258	13059258	harbor1	chr10	12941758	12942089	LTR/ERV1	935	+	166	12941924	82666
chr10	12859258	13059258	harbor1	chr10	12942112	12942324	LTR/ERV1	868	+	106	12942218	82960
chr10	12859258	13059258	harbor1	chr10	12942325	12942958	LTR/ERV1	3996	+	316	12942641	83383
chr10	12859258	13059258	harbor1	chr10	12942959	12943148	LTR/ERV1	868	+	94	12943053	83795
chr10	12859258	13059258	harbor1	chr10	12943248	12943359	LTR/ERV1	592	+	56	12943304	84046
chr10	12859258	13059258	harbor1	chr10	12943360	12943944	LTR/ERV1	3799	+	292	12943652	84394
chr10	12859258	13059258	harbor1	chr10	12943945	12944695	LTR/ERV1	4768	+	375	12944320	85062
chr10	12859258	13059258	harbor1	chr10	12944864	12944973	LTR/ERV1	461	+	54	12944918	85660
chr10	12859258	13059258	harbor1	chr10	12945051	12945813	LTR/ERV1	1340	+	381	12945432	86174
chr10	12859258	13059258	harbor1	chr10	12945910	12946335	LTR/ERV1	1147	+	212	12946122	86864
chr10	12859258	13059258	harbor1	chr10	12946341	12946689	LTR/ERV1	1995	+	174	12946515	87257
chr10	12859258	13059258	harbor1	chr10	12956649	12956722	LTR/ERV1	557	+	36	12956685	97427
chr10	12859258	13059258	harbor1	chr10	12956777	12957405	LTR/ERV1	2073	+	314	12957091	97833
chr10	54972701	55172701	harbor1	chr10	54977148	54977795	LTR/ERV1	3291	+	324	54977472	4771
chr10	54972701	55172701	harbor1	chr10	54978448	54978981	LTR/ERV1	2427	+	266	54978714	6013
chr10	54972701	55172701	harbor1	chr10	54984096	54984556	LTR/ERV1	1813	+	230	54984326	11625
chr10	54972701	55172701	harbor1	chr10	54984845	54985038	LTR/ERV1	1813	+	96	54984941	12240
chr10	54972701	55172701	harbor1	chr10	54995559	54996086	LTR/ERV1	2738	+	264	54995823	23122
chr10	54972701	55172701	harbor1	chr10	54996087	54996828	LTR/ERV1	9588	+	370	54996457	23756
chr10	54972701	55172701	harbor1	chr10	54997126	54998181	LTR/ERV1	9588	+	528	54997654	24953
chr10	54972701	55172701	harbor1	chr10	54998170	54998308	LTR/ERV1	697	+	69	54998239	25538
chr10	54972701	55172701	harbor1	chr10	54998502	54999530	LTR/ERV1	5879	+	514	54999016	26315
chr10	54972701	55172701	harbor1	chr10	54999531	54999676	LTR/ERV1	569	+	72	54999603	26902
chr10	54972701	55172701	harbor1	chr10	55001855	55002968	LTR/ERV1	3947	+	556	55002411	29710
chr10	54972701	55172701	harbor1	chr10	55002969	55004248	LTR/ERV1	7710	+	640	55003609	30908
chr10	54972701	55172701	harbor1	chr10	55004338	55004818	LTR/ERV1	2731	+	240	55004578	31877
chr10	54972701	55172701	harbor1	chr10	55020586	55021165	LTR/ERV1	2688	+	290	55020876	48175
chr10	54972701	55172701	harbor1	chr10	55000867	55001854	LTR/ERV1	4955	+	494	55001361	28660
chr10	70607001	70807001	harbor1	chr10	70621158	70621275	LTR/ERV1	2177	+	58	70621216	14215
chr10	70607001	70807001	harbor1	chr10	70621578	70621906	LTR/ERV1	2177	+	164	70621742	14741
chr10	70607001	70807001	harbor1	chr10	70622086	70622183	LTR/ERV1	3071	+	48	70622134	15133
chr10	70607001	70807001	harbor1	chr10	70622488	70622501	LTR/ERV1	3071	+	6	70622494	15493
chr10	70607001	70807001	harbor1	chr10	70622502	70623541	LTR/ERV1	5352	+	520	70623022	16021
chr10	70607001	70807001	harbor1	chr10	70623542	70623758	LTR/ERV1	3071	+	108	70623650	16649
chr10	70607001	70807001	harbor1	chr10	70624059	70624201	LTR/ERV1	3071	+	71	70624130	17129
chr10	70607001	70807001	harbor1	chr10	70625399	70625492	LTR/ERV1	3071	+	46	70625445	18444
chr10	70607001	70807001	harbor1	chr10	70625493	70625517	LTR/ERV1	1920	+	12	70625505	18504
chr10	70607001	70807001	harbor1	chr10	70625824	70626932	LTR/ERV1	2048	+	554	70626378	19377
chr10	70607001	70807001	harbor1	chr10	70638480	70638598	LTR/ERV1	543	+	59	70638539	31538
chr10	70607001	70807001	harbor1	chr10	70667318	70667726	LTR/ERV1	1752	+	204	70667522	60521
chr10	70607001	70807001	harbor1	chr10	70668680	70668837	LTR/ERV1	905	+	78	70668758	61757
chr10	113930500	114130500	harbor1	chr10	114029916	114030036	LTR/ERV1	425	+	60	114029976	99476
chr10	44669959	44869959	harbor1	chr10	44743618	44744019	LTR/ERV1	2345	+	200	44743818	73859
chr10	65830703	66030703	harbor1	chr10	65854228	65854362	LTR/ERV1	542	+	67	65854295	23592
chr10	65830703	66030703	harbor1	chr10	65854688	65854774	LTR/ERV1	542	+	43	65854731	24028
chr10	65830703	66030703	harbor1	chr10	65861274	65861682	LTR/ERV1	1815	+	204	65861478	30775
chr10	65830703	66030703	harbor1	chr10	65885795	65886207	LTR/ERV1	3137	+	206	65886001	55298
chr10	65830703	66030703	harbor1	chr10	65886503	65886558	LTR/ERV1	3137	+	28	65886531	55828
chr10	65830703	66030703	harbor1	chr10	65891814	65892279	LTR/ERV1	1785	+	232	65892046	61343
chr10	65830703	66030703	harbor1	chr10	65903191	65903978	LTR/ERV1	4652	+	394	65903585	72882
chr10	66550771	66750771	harbor1	chr10	66563533	66564130	LTR/ERV1	3699	+	298	66563831	13060
chr10	94360469	94560469	harbor1	chr10	94380230	94380459	LTR/ERV1	1204	+	114	94380344	19875
chr10	94360469	94560469	harbor1	chr10	94380463	94381020	LTR/ERV1	3047	+	278	94380741	20272
chr10	94360469	94560469	harbor1	chr10	94381010	94381144	LTR/ERV1	1241	+	67	94381077	20608
chr10	94360469	94560469	harbor1	chr10	94381453	94381639	LTR/ERV1	1241	+	93	94381546	21077
chr10	94360469	94560469	harbor1	chr10	94382335	94382455	LTR/ERV1	700	+	60	94382395	21926
chr10	94360469	94560469	harbor1	chr10	94382530	94382802	LTR/ERV1	801	+	136	94382666	22197
chr10	94360469	94560469	harbor1	chr10	94382784	94383361	LTR/ERV1	1195	+	288	94383072	22603
chr10	94360469	94560469	harbor1	chr10	94383538	94383859	LTR/ERV1	1598	+	160	94383698	23229
chr10	94360469	94560469	harbor1	chr10	94384176	94384484	LTR/ERV1	1598	+	154	94384330	23861
chr10	94360469	94560469	harbor1	chr10	94384486	94384948	LTR/ERV1	3984	+	231	94384717	24248
chr10	94360469	94560469	harbor1	chr10	94384949	94387397	LTR/ERV1	30134	+	1224	94386173	25704
chr10	94360469	94560469	harbor1	chr10	94392146	94392604	LTR/ERV1	4104	+	229	94392375	31906
chr10	94360469	94560469	harbor1	chr10	94392605	94393096	LTR/ERV1	2157	+	246	94392851	32382
chr10	94360469	94560469	harbor1	chr10	94393093	94393308	LTR/ERV1	3358	+	108	94393201	32732
chr10	94360469	94560469	harbor1	chr10	94393602	94393683	LTR/ERV1	3358	+	40	94393642	33173
chr10	94360469	94560469	harbor1	chr10	94394002	94394117	LTR/ERV1	3358	+	58	94394060	33591
chr10	94360469	94560469	harbor1	chr10	94394425	94394730	LTR/ERV1	3358	+	152	94394577	34108
chr10	94360469	94560469	harbor1	chr10	94396099	94396262	LTR/ERV1	3358	+	82	94396181	35712
chr10	94360469	94560469	harbor1	chr10	94396568	94396741	LTR/ERV1	3358	+	86	94396654	36185
chr10	94360469	94560469	harbor1	chr10	94387699	94392145	LTR/ERV1	36857	+	2223	94389922	29453
chr10	85877975	86077975	harbor1	chr10	85895730	85896003	LTR/ERV1	484	+	136	85895866	17891
chr10	21128533	21328533	harbor1	chr10	21179097	21179679	LTR/ERV1	3868	+	291	21179388	50855
chr10	21128533	21328533	harbor1	chr10	21197507	21198100	LTR/ERV1	3263	+	296	21197803	69270
chr10	72079204	72279204	harbor1	chr10	72103679	72104096	LTR/ERV1	1206	+	208	72103887	24683
chr10	72079204	72279204	harbor1	chr10	72104887	72105500	LTR/ERV1	2616	+	306	72105193	25989
chr10	72079204	72279204	harbor1	chr10	72107741	72108054	LTR/ERV1	3477	+	156	72107897	28693
chr10	72079204	72279204	harbor1	chr10	72108377	72108656	LTR/ERV1	3477	+	140	72108517	29313
chr10	72079204	72279204	harbor1	chr10	72136177	72137059	LTR/ERV1	6147	+	441	72136618	57414
chr10	2206875	2406875	harbor1	chr10	2207442	2208112	LTR/ERV1	3194	+	335	2207777	902
chr10	2206875	2406875	harbor1	chr10	2214855	2215183	LTR/ERV1	697	+	164	2215019	8144
chr10	2206875	2406875	harbor1	chr10	2279950	2280351	LTR/ERV1	1198	+	200	2280150	73275
chr10	61833023	62033023	harbor1	chr10	61867462	61869125	LTR/ERV1	11540	+	832	61868294	35271
chr10	2700043	2900043	harbor1	chr10	2760695	2761269	LTR/ERV1	3953	+	287	2760982	60939
chr10	17548283	17748283	harbor1	chr10	17584991	17585409	LTR/ERV1	2891	+	209	17585200	36917
chr10	17548283	17748283	harbor1	chr10	17586851	17587112	LTR/ERV1	1027	+	130	17586981	38698
chr10	17548283	17748283	harbor1	chr10	17587317	17587772	LTR/ERV1	3602	+	228	17587545	39262
chr10	17548283	17748283	harbor1	chr10	17587809	17588158	LTR/ERV1	2244	+	174	17587983	39700
chr10	17548283	17748283	harbor1	chr10	17618420	17618565	LTR/ERV1	876	+	72	17618492	70209
chr10	17548283	17748283	harbor1	chr10	17563576	17564010	LTR/ERV1	1535	+	217	17563793	15510
chr10	109629992	109829992	harbor1	chr10	109632462	109633334	LTR/ERV1	5172	+	436	109632898	2906
chr10	109629992	109829992	harbor1	chr10	109633575	109634464	LTR/ERV1	3375	+	444	109634019	4027
chr10	109629992	109829992	harbor1	chr10	109634464	109636055	LTR/ERV1	10260	+	796	109635260	5268
chr10	109629992	109829992	harbor1	chr10	109636348	109636611	LTR/ERV1	10260	+	132	109636480	6488
chr10	109629992	109829992	harbor1	chr10	109636604	109637277	LTR/ERV1	4070	+	336	109636940	6948
chr10	109629992	109829992	harbor1	chr10	109637286	109637707	LTR/ERV1	3038	+	210	109637496	7504
chr10	109629992	109829992	harbor1	chr10	109638001	109638039	LTR/ERV1	3038	+	19	109638020	8028
chr10	109629992	109829992	harbor1	chr10	109639947	109640089	LTR/ERV1	860	+	71	109640018	10026
chr10	109629992	109829992	harbor1	chr10	109662998	109664886	LTR/ERV1	5542	+	944	109663942	33950
chr10	109629992	109829992	harbor1	chr10	109699120	109699684	LTR/ERV1	1929	+	282	109699402	69410
chr10	109629992	109829992	harbor1	chr10	109699723	109700622	LTR/ERV1	4660	+	450	109700173	70181
chr10	109629992	109829992	harbor1	chr10	109713909	109713959	LTR/ERV1	1168	+	25	109713934	83942
chr10	109629992	109829992	harbor1	chr10	109714022	109714186	LTR/ERV1	1168	+	82	109714104	84112
chr10	109629992	109829992	harbor1	chr10	109714188	109714518	LTR/ERV1	1593	+	165	109714353	84361
chr10	87637865	87837865	harbor1	chr10	87651019	87651648	LTR/ERV1	4382	+	314	87651333	13468
chr10	133483463	133683463	harbor1	chr10	133540001	133540633	LTR/ERV1	1098	+	316	133540317	56854
chr10	133483463	133683463	harbor1	chr10	133543132	133543705	LTR/ERV1	2770	+	286	133543418	59955
chr10	133483463	133683463	harbor1	chr10	133560793	133561247	LTR/ERV1	2426	+	227	133561020	77557
chr10	133483463	133683463	harbor1	chr10	133561251	133562261	LTR/ERV1	3688	+	505	133561756	78293
chr10	133483463	133683463	harbor1	chr10	133562317	133562870	LTR/ERV1	2376	+	276	133562593	79130
chr10	123840460	124040460	harbor1	chr10	123901594	123902005	LTR/ERV1	1838	+	206	123901800	61340
chr10	22146803	22346803	harbor1	chr10	22166092	22166590	LTR/ERV1	1949	+	249	22166341	19538
chr10	88362743	88562743	harbor1	chr10	88366490	88367040	LTR/ERV1	1503	+	275	88366765	4022
chr10	88362743	88562743	harbor1	chr10	88378262	88378924	LTR/ERV1	3427	+	331	88378593	15850
chr10	33057814	33257814	harbor1	chr10	33058435	33058553	LTR/ERV1	896	+	59	33058494	680
chr10	33057814	33257814	harbor1	chr10	33065182	33065568	LTR/ERV1	2324	+	193	33065375	7561
chr10	33057814	33257814	harbor1	chr10	33071910	33072818	LTR/ERV1	5411	+	454	33072364	14550
chr10	33057814	33257814	harbor1	chr10	33106373	33107148	LTR/ERV1	3032	+	388	33106761	48947
chr10	33057814	33257814	harbor1	chr10	33134505	33134931	LTR/ERV1	2320	+	213	33134718	76904
chr10	33057814	33257814	harbor1	chr10	33152187	33152425	LTR/ERV1	883	+	119	33152306	94492
chr10	33057814	33257814	harbor1	chr10	33152595	33152915	LTR/ERV1	506	+	160	33152755	94941
chr10	10727550	10927550	harbor1	chr10	10732218	10732520	LTR/ERV1	1035	+	151	10732369	4819
chr10	10727550	10927550	harbor1	chr10	10732824	10732873	LTR/ERV1	1035	+	24	10732848	5298
chr10	2232974	2432974	harbor1	chr10	2279950	2280351	LTR/ERV1	1198	+	200	2280150	47176
chr10	2232974	2432974	harbor1	chr10	2315911	2316600	LTR/ERV1	4801	+	344	2316255	83281
chr10	55965608	56165608	harbor1	chr10	55971512	55971900	LTR/ERV1	2444	+	194	55971706	6098
chr10	55965608	56165608	harbor1	chr10	55971901	55974615	LTR/ERV1	13938	+	1357	55973258	7650
chr10	55965608	56165608	harbor1	chr10	55974595	55975196	LTR/ERV1	3302	+	300	55974895	9287
chr10	55965608	56165608	harbor1	chr10	55975187	55975838	LTR/ERV1	3872	+	326	55975513	9905
chr10	55965608	56165608	harbor1	chr10	55975839	55976087	LTR/ERV1	1326	+	124	55975963	10355
chr10	55965608	56165608	harbor1	chr10	55976393	55976757	LTR/ERV1	2004	+	182	55976575	10967
chr10	55965608	56165608	harbor1	chr10	55976758	55977006	LTR/ERV1	1526	+	124	55976882	11274
chr10	55965608	56165608	harbor1	chr10	55977006	55977895	LTR/ERV1	4992	+	444	55977450	11842
chr10	55965608	56165608	harbor1	chr10	55977889	55978206	LTR/ERV1	1385	+	158	55978047	12439
chr10	55965608	56165608	harbor1	chr10	55978282	55978521	LTR/ERV1	1235	+	120	55978402	12794
chr10	55965608	56165608	harbor1	chr10	55979243	55979833	LTR/ERV1	2923	+	295	55979538	13930
chr10	55965608	56165608	harbor1	chr10	56051740	56052487	LTR/ERV1	4902	+	374	56052114	86506
chr10	61514543	61714543	harbor1	chr10	61541360	61541656	LTR/ERV1	628	+	148	61541508	26965
chr10	61514543	61714543	harbor1	chr10	61543550	61544277	LTR/ERV1	739	+	364	61543914	29371
chr10	61514543	61714543	harbor1	chr10	61545503	61546312	LTR/ERV1	762	+	404	61545907	31364
chr10	61514543	61714543	harbor1	chr10	61548516	61548895	LTR/ERV1	574	+	190	61548706	34163
chr10	16675252	16875252	harbor1	chr10	16682211	16682535	LTR/ERV1	3725	+	162	16682373	7121
chr10	16675252	16875252	harbor1	chr10	16682573	16682779	LTR/ERV1	3725	+	103	16682676	7424
chr10	62855526	63055526	harbor1	chr10	62901755	62902173	LTR/ERV1	2511	+	209	62901964	46438
chr10	62855526	63055526	harbor1	chr10	62902499	62902653	LTR/ERV1	2511	+	77	62902576	47050
chr10	62855526	63055526	harbor1	chr10	62922110	62922858	LTR/ERV1	3937	+	374	62922484	66958
chr10	66356921	66556921	harbor1	chr10	66391394	66391847	LTR/ERV1	633	+	226	66391620	34699
chr10	66356921	66556921	harbor1	chr10	66402561	66403300	LTR/ERV1	3808	+	370	66402931	46010
chr10	66356921	66556921	harbor1	chr10	66403651	66403692	LTR/ERV1	3808	+	20	66403671	46750
chr10	66356921	66556921	harbor1	chr10	66423401	66423880	LTR/ERV1	3438	+	240	66423641	66720
chr10	66356921	66556921	harbor1	chr10	66452380	66452933	LTR/ERV1	2441	+	276	66452656	95735
chr10	66356921	66556921	harbor1	chr10	66453237	66453395	LTR/ERV1	2441	+	79	66453316	96395
chr10	66356921	66556921	harbor1	chr10	66455411	66455858	LTR/ERV1	1572	+	224	66455635	98714
chr10	66356921	66556921	harbor1	chr10	66403740	66404433	LTR/ERV1	3005	+	346	66404086	47165
chr10	86533680	86733680	harbor1	chr10	86537386	86537934	LTR/ERV1	3131	+	274	86537660	3980
chr10	86533680	86733680	harbor1	chr10	86538757	86538918	LTR/ERV1	3131	+	80	86538837	5157
chr10	86533680	86733680	harbor1	chr10	86570557	86570766	LTR/ERV1	2994	+	104	86570661	36981
chr10	86533680	86733680	harbor1	chr10	86571048	86571383	LTR/ERV1	2994	+	168	86571216	37536
chr10	86533680	86733680	harbor1	chr10	86599838	86600175	LTR/ERV1	2146	+	168	86600006	66326
chr10	86533680	86733680	harbor1	chr10	86611712	86612444	LTR/ERV1	5748	+	366	86612078	78398
chr10	70602202	70802202	harbor1	chr10	70621158	70621275	LTR/ERV1	2177	+	58	70621216	19014
chr10	70602202	70802202	harbor1	chr10	70621578	70621906	LTR/ERV1	2177	+	164	70621742	19540
chr10	70602202	70802202	harbor1	chr10	70622086	70622183	LTR/ERV1	3071	+	48	70622134	19932
chr10	70602202	70802202	harbor1	chr10	70622488	70622501	LTR/ERV1	3071	+	6	70622494	20292
chr10	70602202	70802202	harbor1	chr10	70622502	70623541	LTR/ERV1	5352	+	520	70623022	20820
chr10	70602202	70802202	harbor1	chr10	70623542	70623758	LTR/ERV1	3071	+	108	70623650	21448
chr10	70602202	70802202	harbor1	chr10	70624059	70624201	LTR/ERV1	3071	+	71	70624130	21928
chr10	70602202	70802202	harbor1	chr10	70625399	70625492	LTR/ERV1	3071	+	46	70625445	23243
chr10	70602202	70802202	harbor1	chr10	70625493	70625517	LTR/ERV1	1920	+	12	70625505	23303
chr10	70602202	70802202	harbor1	chr10	70625824	70626932	LTR/ERV1	2048	+	554	70626378	24176
chr10	70602202	70802202	harbor1	chr10	70638480	70638598	LTR/ERV1	543	+	59	70638539	36337
chr10	70602202	70802202	harbor1	chr10	70667318	70667726	LTR/ERV1	1752	+	204	70667522	65320
chr10	70602202	70802202	harbor1	chr10	70668680	70668837	LTR/ERV1	905	+	78	70668758	66556
chr10	7027630	7227630	harbor1	chr10	7041886	7042342	LTR/ERV1	2399	+	228	7042114	14484
chr10	96343815	96543815	harbor1	chr10	96439383	96439530	LTR/ERV1	964	+	74	96439457	95642
chr10	66114582	66314582	harbor1	chr10	66202239	66202599	LTR/ERV1	2227	+	180	66202419	87837
chr10	93046375	93246375	harbor1	chr10	93127950	93128412	LTR/ERV1	3737	+	231	93128181	81806
chr10	93046375	93246375	harbor1	chr10	93144275	93144904	LTR/ERV1	3250	+	314	93144589	98214
chr10	42857502	43057502	harbor1	chr10	42917944	42918291	LTR/ERV1	1530	+	174	42918118	60616
chr10	125761307	125961307	harbor1	chr10	125783909	125784364	LTR/ERV1	2104	+	228	125784137	22830
chr10	125761307	125961307	harbor1	chr10	125800149	125800388	LTR/ERV1	1591	+	120	125800269	38962
chr10	125761307	125961307	harbor1	chr10	125800397	125800549	LTR/ERV1	1643	+	76	125800473	39166
chr10	125761307	125961307	harbor1	chr10	125800869	125800998	LTR/ERV1	1643	+	64	125800933	39626
chr10	125761307	125961307	harbor1	chr10	125818902	125818983	LTR/ERV1	1165	+	40	125818942	57635
chr10	125761307	125961307	harbor1	chr10	125819282	125819423	LTR/ERV1	1165	+	70	125819352	58045
chr10	125761307	125961307	harbor1	chr10	125819427	125819771	LTR/ERV1	1893	+	172	125819599	58292
chr10	125761307	125961307	harbor1	chr10	125851593	125851779	LTR/ERV1	1429	+	93	125851686	90379
chr10	63861160	64061160	harbor1	chr10	63910196	63910273	LTR/ERV1	429	+	38	63910234	49074
chr10	5145841	5345841	harbor1	chr10	5152404	5152588	LTR/ERV1	997	+	92	5152496	6655
chr10	5145841	5345841	harbor1	chr10	5152745	5152844	LTR/ERV1	486	+	50	5152795	6954
chr10	5145841	5345841	harbor1	chr10	5163884	5164475	LTR/ERV1	2652	+	296	5164180	18339
chr10	5145841	5345841	harbor1	chr10	5164479	5166195	LTR/ERV1	8809	+	858	5165337	19496
chr10	5145841	5345841	harbor1	chr10	5167787	5168024	LTR/ERV1	709	+	118	5167905	22064
chr10	5145841	5345841	harbor1	chr10	5168025	5169104	LTR/ERV1	4772	+	540	5168565	22724
chr10	5145841	5345841	harbor1	chr10	5173516	5173619	LTR/ERV1	488	+	52	5173568	27727
chr10	5145841	5345841	harbor1	chr10	5173612	5174968	LTR/ERV1	5634	+	678	5174290	28449
chr10	5145841	5345841	harbor1	chr10	5181140	5182627	LTR/ERV1	11582	+	744	5181884	36043
chr10	5145841	5345841	harbor1	chr10	5182923	5183683	LTR/ERV1	11582	+	380	5183303	37462
chr10	5145841	5345841	harbor1	chr10	5183741	5184422	LTR/ERV1	2400	+	340	5184081	38240
chr10	5145841	5345841	harbor1	chr10	5199284	5200128	LTR/ERV1	4998	+	422	5199706	53865
chr10	12734315	12934315	harbor1	chr10	12765477	12765613	LTR/ERV1	639	+	68	12765545	31230
chr10	12734315	12934315	harbor1	chr10	12766698	12766751	LTR/ERV1	639	+	26	12766724	32409
chr10	58614528	58814528	harbor1	chr10	58649173	58649310	LTR/ERV1	549	+	68	58649241	34713
chr10	58614528	58814528	harbor1	chr10	58649339	58649704	LTR/ERV1	676	+	182	58649521	34993
chr10	58614528	58814528	harbor1	chr10	58650286	58650446	LTR/ERV1	435	+	80	58650366	35838
chr10	84041375	84241375	harbor1	chr10	84043336	84043525	LTR/ERV1	451	+	94	84043430	2055
chr10	84041375	84241375	harbor1	chr10	84043589	84043833	LTR/ERV1	821	+	122	84043711	2336
chr10	84041375	84241375	harbor1	chr10	84050868	84051586	LTR/ERV1	3421	+	359	84051227	9852
chr10	84041375	84241375	harbor1	chr10	84058888	84059524	LTR/ERV1	4749	+	318	84059206	17831
chr10	84041375	84241375	harbor1	chr10	84105940	84106054	LTR/ERV1	453	+	57	84105997	64622
chr10	84041375	84241375	harbor1	chr10	84108445	84108910	LTR/ERV1	3701	+	232	84108677	67302
chr10	84041375	84241375	harbor1	chr10	84116732	84117193	LTR/ERV1	3684	+	230	84116962	75587
chr10	84041375	84241375	harbor1	chr10	84117221	84117695	LTR/ERV1	3257	+	237	84117458	76083
chr10	84041375	84241375	harbor1	chr10	84108911	84116727	LTR/ERV1	52152	+	3908	84112819	71444
chr10	96344057	96544057	harbor1	chr10	96439383	96439530	LTR/ERV1	964	+	74	96439457	95400
chr10	37704662	37904662	harbor1	chr10	37731177	37731439	LTR/ERV1	1441	+	131	37731308	26646
chr10	37704662	37904662	harbor1	chr10	37731439	37732309	LTR/ERV1	2852	+	435	37731874	27212
chr10	37704662	37904662	harbor1	chr10	37737202	37738714	LTR/ERV1	9943	+	756	37737958	33296
chr10	37704662	37904662	harbor1	chr10	37777084	37777540	LTR/ERV1	2510	+	228	37777312	72650
chr10	62152369	62352369	harbor1	chr10	62153290	62153815	LTR/ERV1	720	+	262	62153552	1183
chr10	62152369	62352369	harbor1	chr10	62225016	62225541	LTR/ERV1	2275	+	262	62225278	72909
chr11	60226180	60426180	harbor1	chr11	60253977	60255097	LTR/ERV1	6392	+	560	60254537	28357
chr11	60226180	60426180	harbor1	chr11	60256045	60256653	LTR/ERV1	2691	+	304	60256349	30169
chr11	60226180	60426180	harbor1	chr11	60260790	60261291	LTR/ERV1	3160	+	250	60261040	34860
chr11	60226180	60426180	harbor1	chr11	60318009	60318333	LTR/ERV1	1200	+	162	60318171	91991
chr11	102694834	102894834	harbor1	chr11	102723285	102723361	LTR/ERV1	403	+	38	102723323	28489
chr11	60863688	61063688	harbor1	chr11	60864005	60864561	LTR/ERV1	3972	+	278	60864283	595
chr11	60863688	61063688	harbor1	chr11	60892624	60892746	LTR/ERV1	445	+	61	60892685	28997
chr11	60863688	61063688	harbor1	chr11	60892763	60893008	LTR/ERV1	614	+	122	60892885	29197
chr11	60863688	61063688	harbor1	chr11	60897457	60897616	LTR/ERV1	493	+	80	60897537	33849
chr11	60863688	61063688	harbor1	chr11	60909360	60909706	LTR/ERV1	3104	+	173	60909533	45845
chr11	60863688	61063688	harbor1	chr11	60910061	60910233	LTR/ERV1	3104	+	86	60910147	46459
chr11	26954770	27154770	harbor1	chr11	27019480	27020615	LTR/ERV1	1452	+	568	27020048	65278
chr11	129127716	129327716	harbor1	chr11	129147536	129147862	LTR/ERV1	795	+	163	129147699	19983
chr11	129127716	129327716	harbor1	chr11	129180864	129180981	LTR/ERV1	434	+	58	129180922	53206
chr11	129127716	129327716	harbor1	chr11	129181267	129181662	LTR/ERV1	1256	+	198	129181465	53749
chr11	83377643	83577643	harbor1	chr11	83419135	83419545	LTR/ERV1	2690	+	205	83419340	41697
chr11	83377643	83577643	harbor1	chr11	83419548	83422346	LTR/ERV1	16801	+	1399	83420947	43304
chr11	83377643	83577643	harbor1	chr11	83422347	83422726	LTR/ERV1	2601	+	190	83422537	44894
chr11	83377643	83577643	harbor1	chr11	83422731	83423064	LTR/ERV1	2100	+	166	83422897	45254
chr11	83377643	83577643	harbor1	chr11	83423063	83423141	LTR/ERV1	505	+	39	83423102	45459
chr11	83377643	83577643	harbor1	chr11	83423142	83423556	LTR/ERV1	2385	+	207	83423349	45706
chr11	83377643	83577643	harbor1	chr11	83423617	83424314	LTR/ERV1	2564	+	348	83423965	46322
chr11	83377643	83577643	harbor1	chr11	83425674	83426138	LTR/ERV1	931	+	232	83425906	48263
chr11	83377643	83577643	harbor1	chr11	83430185	83430602	LTR/ERV1	3252	+	208	83430393	52750
chr11	83377643	83577643	harbor1	chr11	83436577	83436821	LTR/ERV1	1826	+	122	83436699	59056
chr11	8047767	8247767	harbor1	chr11	8138548	8139126	LTR/ERV1	4488	+	289	8138837	91070
chr11	8047767	8247767	harbor1	chr11	8146949	8147393	LTR/ERV1	2992	+	222	8147171	99404
chr11	89813429	90013429	harbor1	chr11	89859824	89859917	LTR/ERV1	775	+	46	89859870	46441
chr11	124429546	124629546	harbor1	chr11	124432047	124432200	LTR/ERV1	466	+	76	124432123	2577
chr11	124429546	124629546	harbor1	chr11	124459334	124459981	LTR/ERV1	4150	+	324	124459658	30112
chr11	40561735	40761735	harbor1	chr11	40591659	40592080	LTR/ERV1	2548	+	210	40591869	30134
chr11	40561735	40761735	harbor1	chr11	40607229	40608018	LTR/ERV1	4655	+	394	40607623	45888
chr11	40561735	40761735	harbor1	chr11	40650170	40650625	LTR/ERV1	1585	+	228	40650398	88663
chr11	40561735	40761735	harbor1	chr11	40651604	40652010	LTR/ERV1	1289	+	203	40651807	90072
chr11	40561735	40761735	harbor1	chr11	40657401	40657860	LTR/ERV1	3101	+	230	40657631	95896
chr11	40561735	40761735	harbor1	chr11	40658853	40660449	LTR/ERV1	7127	+	798	40659651	97916
chr11	59982016	60182016	harbor1	chr11	60079190	60079427	LTR/ERV1	528	+	118	60079308	97292
chr11	93898200	94098200	harbor1	chr11	93943427	93943818	LTR/ERV1	1491	+	196	93943623	45423
chr11	93898200	94098200	harbor1	chr11	93991422	93991797	LTR/ERV1	2163	+	188	93991610	93410
chr11	93898200	94098200	harbor1	chr11	93992108	93992238	LTR/ERV1	2163	+	65	93992173	93973
chr11	93898200	94098200	harbor1	chr11	93993416	93993462	LTR/ERV1	1237	+	23	93993439	95239
chr11	93898200	94098200	harbor1	chr11	93993736	93994220	LTR/ERV1	3664	+	242	93993978	95778
chr11	93898200	94098200	harbor1	chr11	93995368	93995683	LTR/ERV1	1693	+	158	93995526	97326
chr11	93898200	94098200	harbor1	chr11	93995877	93996585	LTR/ERV1	3305	+	354	93996231	98031
chr11	93898200	94098200	harbor1	chr11	93996582	93996981	LTR/ERV1	1780	+	200	93996782	98582
chr11	93898200	94098200	harbor1	chr11	93997278	93997527	LTR/ERV1	1780	+	124	93997402	99202
chr11	93898200	94098200	harbor1	chr11	93994260	93995078	LTR/ERV1	3664	+	409	93994669	96469
chr11	42015526	42215526	harbor1	chr11	42064352	42064893	LTR/ERV1	3575	+	270	42064622	49096
chr11	42015526	42215526	harbor1	chr11	42065981	42066792	LTR/ERV1	5133	+	406	42066387	50861
chr11	42015526	42215526	harbor1	chr11	42084145	42084653	LTR/ERV1	1321	+	254	42084399	68873
chr11	108888658	109088658	harbor1	chr11	108912609	108912981	LTR/ERV1	1521	+	186	108912795	24137
chr11	113402843	113602843	harbor1	chr11	113451230	113451481	LTR/ERV1	825	+	126	113451356	48513
chr11	113402843	113602843	harbor1	chr11	113451773	113451895	LTR/ERV1	825	+	61	113451834	48991
chr11	131294832	131494832	harbor1	chr11	131325756	131326142	LTR/ERV1	1122	+	193	131325949	31117
chr11	131294832	131494832	harbor1	chr11	131330983	131331886	LTR/ERV1	5190	+	452	131331435	36603
chr11	84505330	84705330	harbor1	chr11	84588549	84588760	LTR/ERV1	1584	+	106	84588655	83325
chr11	84505330	84705330	harbor1	chr11	84588765	84588980	LTR/ERV1	1405	+	108	84588873	83543
chr11	124885391	125085391	harbor1	chr11	124928525	124928981	LTR/ERV1	3290	+	228	124928753	43362
chr11	34784774	34984774	harbor1	chr11	34871299	34871898	LTR/ERV1	3575	+	300	34871599	86825
chr11	34784774	34984774	harbor1	chr11	34874730	34875209	LTR/ERV1	5229	+	240	34874970	90196
chr11	34784774	34984774	harbor1	chr11	34875558	34875857	LTR/ERV1	5229	+	150	34875708	90934
chr11	85135178	85335178	harbor1	chr11	85165300	85165723	LTR/ERV1	1348	+	212	85165512	30334
chr11	85135178	85335178	harbor1	chr11	85167397	85167860	LTR/ERV1	1483	+	232	85167629	32451
chr11	85135178	85335178	harbor1	chr11	85215419	85215906	LTR/ERV1	1999	+	244	85215663	80485
chr11	90873344	91073344	harbor1	chr11	90885235	90885634	LTR/ERV1	1096	+	200	90885435	12091
chr11	90873344	91073344	harbor1	chr11	90923318	90923868	LTR/ERV1	3917	+	275	90923593	50249
chr11	90873344	91073344	harbor1	chr11	90928569	90928798	LTR/ERV1	1333	+	114	90928683	55339
chr11	90873344	91073344	harbor1	chr11	90928914	90930600	LTR/ERV1	5568	+	843	90929757	56413
chr11	90873344	91073344	harbor1	chr11	90954298	90954876	LTR/ERV1	1808	+	289	90954587	81243
chr11	90873344	91073344	harbor1	chr11	90955675	90955970	LTR/ERV1	1527	+	148	90955823	82479
chr11	90873344	91073344	harbor1	chr11	90930601	90931530	LTR/ERV1	5514	+	464	90931065	57721
chr11	83651331	83851331	harbor1	chr11	83730391	83730886	LTR/ERV1	2905	+	248	83730639	79308
chr11	74014923	74214923	harbor1	chr11	74084578	74084710	LTR/ERV1	630	+	66	74084644	69721
chr11	113761117	113961117	harbor1	chr11	113775582	113776094	LTR/ERV1	2656	+	256	113775838	14721
chr11	122520816	122720816	harbor1	chr11	122546527	122547025	LTR/ERV1	3275	+	249	122546776	25960
chr11	122520816	122720816	harbor1	chr11	122555154	122555602	LTR/ERV1	3630	+	224	122555378	34562
chr11	122520816	122720816	harbor1	chr11	122556641	122557789	LTR/ERV1	7088	+	574	122557215	36399
chr11	122520816	122720816	harbor1	chr11	122579996	122580501	LTR/ERV1	3972	+	252	122580248	59432
chr11	122520816	122720816	harbor1	chr11	122606246	122606799	LTR/ERV1	1039	+	276	122606522	85706
chr11	122520816	122720816	harbor1	chr11	122547028	122555153	LTR/ERV1	29824	+	4062	122551090	30274
chr11	63142196	63342196	harbor1	chr11	63141418	63142348	LTR/ERV1	6759	+	465	63141883	313
chr11	63142196	63342196	harbor1	chr11	63142349	63142914	LTR/ERV1	4057	+	282	63142631	435
chr11	63142196	63342196	harbor1	chr11	63157495	63158204	LTR/ERV1	4410	+	354	63157849	15653
chr11	63142196	63342196	harbor1	chr11	63199420	63200016	LTR/ERV1	4188	+	298	63199718	57522
chr11	63142196	63342196	harbor1	chr11	63207574	63208064	LTR/ERV1	3173	+	245	63207819	65623
chr11	63142196	63342196	harbor1	chr11	63212818	63213961	LTR/ERV1	7894	+	572	63213390	71194
chr11	63142196	63342196	harbor1	chr11	63213959	63214395	LTR/ERV1	2695	+	218	63214177	71981
chr11	63142196	63342196	harbor1	chr11	63214396	63214886	LTR/ERV1	3551	+	245	63214641	72445
chr11	63142196	63342196	harbor1	chr11	63208065	63211587	LTR/ERV1	20184	+	1761	63209826	67630
chr11	87531156	87731156	harbor1	chr11	87531405	87531841	LTR/ERV1	2281	+	218	87531623	467
chr11	87531156	87731156	harbor1	chr11	87531834	87531916	LTR/ERV1	403	+	41	87531875	719
chr11	87531156	87731156	harbor1	chr11	87531909	87532162	LTR/ERV1	1020	+	126	87532035	879
chr11	87531156	87731156	harbor1	chr11	87532165	87532620	LTR/ERV1	2311	+	228	87532393	1237
chr11	87531156	87731156	harbor1	chr11	87532653	87532833	LTR/ERV1	814	+	90	87532743	1587
chr11	87531156	87731156	harbor1	chr11	87532832	87533876	LTR/ERV1	2400	+	522	87533354	2198
chr11	87531156	87731156	harbor1	chr11	87533912	87534104	LTR/ERV1	1537	+	96	87534008	2852
chr11	87531156	87731156	harbor1	chr11	87534494	87534822	LTR/ERV1	1327	+	164	87534658	3502
chr11	87531156	87731156	harbor1	chr11	87534801	87536029	LTR/ERV1	4305	+	614	87535415	4259
chr11	87531156	87731156	harbor1	chr11	87558032	87558212	LTR/ERV1	760	+	90	87558122	26966
chr11	87531156	87731156	harbor1	chr11	87558210	87558291	LTR/ERV1	1325	+	40	87558250	27094
chr11	87531156	87731156	harbor1	chr11	87558650	87558918	LTR/ERV1	1325	+	134	87558784	27628
chr11	87531156	87731156	harbor1	chr11	87584385	87584869	LTR/ERV1	778	+	242	87584627	53471
chr11	87531156	87731156	harbor1	chr11	87612976	87612993	LTR/ERV1	1206	+	8	87612984	81828
chr11	87531156	87731156	harbor1	chr11	87613344	87613654	LTR/ERV1	1206	+	155	87613499	82343
chr11	125658338	125858338	harbor1	chr11	125685330	125685868	LTR/ERV1	3680	+	269	125685599	27261
chr11	125658338	125858338	harbor1	chr11	125686072	125686497	LTR/ERV1	1184	+	212	125686284	27946
chr11	86048710	86248710	harbor1	chr11	86053168	86053524	LTR/ERV1	1895	+	178	86053346	4636
chr11	86048710	86248710	harbor1	chr11	86077341	86077506	LTR/ERV1	515	+	82	86077423	28713
chr11	103799422	103999422	harbor1	chr11	103848328	103848875	LTR/ERV1	4136	+	274	103848602	49180
chr11	15504865	15704865	harbor1	chr11	15560741	15562134	LTR/ERV1	9328	+	696	15561437	56572
chr11	64519292	64719292	harbor1	chr11	64526916	64527256	LTR/ERV1	1265	+	170	64527086	7794
chr11	64519292	64719292	harbor1	chr11	64535574	64535671	LTR/ERV1	555	+	48	64535622	16330
chr11	26323792	26523792	harbor1	chr11	26338179	26338958	LTR/ERV1	5854	+	390	26338569	14777
chr11	6062012	6262012	harbor1	chr11	6079694	6079958	LTR/ERV1	2199	+	132	6079826	17814
chr11	6062012	6262012	harbor1	chr11	6080262	6080511	LTR/ERV1	2199	+	124	6080386	18374
chr11	4361447	4561447	harbor1	chr11	4452317	4452923	LTR/ERV1	3858	+	303	4452620	91173
chr11	4361447	4561447	harbor1	chr11	4452924	4453530	LTR/ERV1	2713	+	303	4453227	91780
chr11	4361447	4561447	harbor1	chr11	4453849	4454009	LTR/ERV1	2713	+	80	4453929	92482
chr11	4361447	4561447	harbor1	chr11	4454050	4454594	LTR/ERV1	1340	+	272	4454322	92875
chr11	4361447	4561447	harbor1	chr11	4454595	4459434	LTR/ERV1	24374	+	2420	4457015	95568
chr11	79761023	79961023	harbor1	chr11	79846556	79847324	LTR/ERV1	3350	+	384	79846940	85917
chr11	133712620	133912620	harbor1	chr11	133782166	133783649	LTR/ERV1	10847	+	742	133782908	70288
chr11	9362549	9562549	harbor1	chr11	9364994	9365144	LTR/ERV1	2489	+	75	9365069	2520
chr11	9362549	9562549	harbor1	chr11	9365750	9366023	LTR/ERV1	2489	+	136	9365886	3337
chr11	9362549	9562549	harbor1	chr11	9378575	9378668	LTR/ERV1	4920	+	46	9378621	16072
chr11	9362549	9562549	harbor1	chr11	9378975	9379760	LTR/ERV1	4920	+	392	9379367	16818
chr11	110918049	111118049	harbor1	chr11	110962325	110962400	LTR/ERV1	459	+	38	110962363	44314
chr11	110918049	111118049	harbor1	chr11	110962555	110962829	LTR/ERV1	930	+	137	110962692	44643
chr11	1771470	1971470	harbor1	chr11	1807307	1807524	LTR/ERV1	812	+	108	1807415	35945
chr11	1771470	1971470	harbor1	chr11	1807506	1807700	LTR/ERV1	749	+	97	1807603	36133
chr11	98690736	98890736	harbor1	chr11	98733037	98733287	LTR/ERV1	2010	+	125	98733162	42426
chr11	98690736	98890736	harbor1	chr11	98733888	98733989	LTR/ERV1	2010	+	50	98733938	43202
chr11	98690736	98890736	harbor1	chr11	98733997	98734082	LTR/ERV1	383	+	42	98734039	43303
chr11	98690736	98890736	harbor1	chr11	98758549	98758874	LTR/ERV1	1510	+	162	98758711	67975
chr11	98690736	98890736	harbor1	chr11	98758875	98759593	LTR/ERV1	3114	+	359	98759234	68498
chr11	98690736	98890736	harbor1	chr11	98759587	98761479	LTR/ERV1	23164	+	946	98760533	69797
chr11	98690736	98890736	harbor1	chr11	98761562	98761892	LTR/ERV1	23164	+	165	98761727	70991
chr11	98690736	98890736	harbor1	chr11	98762197	98762382	LTR/ERV1	23164	+	92	98762289	71553
chr11	98690736	98890736	harbor1	chr11	98763975	98765283	LTR/ERV1	23164	+	654	98764629	73893
chr11	98690736	98890736	harbor1	chr11	98765287	98765618	LTR/ERV1	1828	+	166	98765453	74717
chr11	37779393	37979393	harbor1	chr11	37817417	37817658	LTR/ERV1	444	+	120	37817537	38144
chr11	37779393	37979393	harbor1	chr11	37817981	37818119	LTR/ERV1	444	+	69	37818050	38657
chr11	37779393	37979393	harbor1	chr11	37841216	37841849	LTR/ERV1	4223	+	316	37841532	62139
chr11	37779393	37979393	harbor1	chr11	37853377	37853751	LTR/ERV1	2065	+	187	37853564	74171
chr11	50114551	50314551	harbor1	chr11	50208034	50208857	LTR/ERV1	4174	+	412	50208446	93895
chr11	50114551	50314551	harbor1	chr11	50183089	50184666	LTR/ERV1	11473	+	788	50183877	69326
chr11	5614605	5814605	harbor1	chr11	5621614	5622059	LTR/ERV1	3128	+	222	5621836	7231
chr11	5614605	5814605	harbor1	chr11	5657976	5658537	LTR/ERV1	2966	+	280	5658256	43651
chr11	5614605	5814605	harbor1	chr11	5659158	5659352	LTR/ERV1	1141	+	97	5659255	44650
chr11	5614605	5814605	harbor1	chr11	5682463	5682764	LTR/ERV1	2045	+	150	5682613	68008
chr11	5614605	5814605	harbor1	chr11	5682765	5684181	LTR/ERV1	9548	+	708	5683473	68868
chr11	5614605	5814605	harbor1	chr11	5684182	5684428	LTR/ERV1	2045	+	123	5684305	69700
chr11	134025975	134225975	harbor1	chr11	134061687	134062381	LTR/ERV1	3889	+	347	134062034	36059
chr11	35947292	36147292	harbor1	chr11	35963184	35963637	LTR/ERV1	1908	+	226	35963410	16118
chr11	35947292	36147292	harbor1	chr11	36026447	36027076	LTR/ERV1	4575	+	314	36026761	79469
chr11	60942901	61142901	harbor1	chr11	61040001	61040524	LTR/ERV1	2290	+	262	61040263	97362
chr11	60942901	61142901	harbor1	chr11	61040825	61040956	LTR/ERV1	2290	+	66	61040891	97990
chr11	106840786	107040786	harbor1	chr11	106860985	106861213	LTR/ERV1	524	+	114	106861099	20313
chr11	106840786	107040786	harbor1	chr11	106905632	106905776	LTR/ERV1	842	+	72	106905704	64918
chr11	106840786	107040786	harbor1	chr11	106907087	106907349	LTR/ERV1	1454	+	131	106907218	66432
chr11	35290323	35490323	harbor1	chr11	35297054	35297516	LTR/ERV1	2475	+	231	35297285	6962
chr11	35290323	35490323	harbor1	chr11	35343111	35343692	LTR/ERV1	4027	+	290	35343401	53078
chr11	39722455	39922455	harbor1	chr11	39728780	39729360	LTR/ERV1	3210	+	290	39729070	6615
chr11	39722455	39922455	harbor1	chr11	39732539	39733146	LTR/ERV1	2831	+	304	39732843	10388
chr11	39722455	39922455	harbor1	chr11	39734126	39734557	LTR/ERV1	3391	+	216	39734342	11887
chr11	39722455	39922455	harbor1	chr11	39734558	39739803	LTR/ERV1	15405	+	2622	39737180	14725
chr11	39722455	39922455	harbor1	chr11	39739801	39740067	LTR/ERV1	1460	+	133	39739934	17479
chr11	39722455	39922455	harbor1	chr11	39740061	39740631	LTR/ERV1	3525	+	285	39740346	17891
chr11	39722455	39922455	harbor1	chr11	39740632	39741063	LTR/ERV1	3303	+	216	39740848	18393
chr11	91833360	92033360	harbor1	chr11	91876140	91876887	LTR/ERV1	5068	+	374	91876514	43154
chr11	132945827	133145827	harbor1	chr11	133006114	133006433	LTR/ERV1	1787	+	160	133006274	60447
chr11	132945827	133145827	harbor1	chr11	133013847	133014413	LTR/ERV1	3432	+	283	133014130	68303
chr11	109697390	109897390	harbor1	chr11	109729345	109730111	LTR/ERV1	4055	+	383	109729728	32338
chr11	109697390	109897390	harbor1	chr11	109750193	109750507	LTR/ERV1	643	+	157	109750350	52960
chr11	21942774	22142774	harbor1	chr11	21963053	21963368	LTR/ERV1	765	+	158	21963211	20437
chr11	21942774	22142774	harbor1	chr11	21991071	21991262	LTR/ERV1	563	+	96	21991167	48393
chr11	21942774	22142774	harbor1	chr11	21991444	21992441	LTR/ERV1	3127	+	498	21991942	49168
chr11	21942774	22142774	harbor1	chr11	22003336	22004049	LTR/ERV1	4234	+	356	22003692	60918
chr11	11274763	11474763	harbor1	chr11	11318728	11319094	LTR/ERV1	1381	+	183	11318911	44148
chr11	8091342	8291342	harbor1	chr11	8138548	8139126	LTR/ERV1	4488	+	289	8138837	47495
chr11	8091342	8291342	harbor1	chr11	8146949	8147393	LTR/ERV1	2992	+	222	8147171	55829
chr11	8091342	8291342	harbor1	chr11	8149645	8150308	LTR/ERV1	2399	+	332	8149977	58635
chr11	8091342	8291342	harbor1	chr11	8156965	8157563	LTR/ERV1	3260	+	299	8157264	65922
chr11	78075169	78275169	harbor1	chr11	78080836	78081299	LTR/ERV1	3328	+	232	78081068	5899
chr11	78075169	78275169	harbor1	chr11	78081300	78085065	LTR/ERV1	9528	+	1882	78083182	8013
chr11	78075169	78275169	harbor1	chr11	78085062	78085581	LTR/ERV1	2845	+	260	78085322	10153
chr11	78075169	78275169	harbor1	chr11	78086563	78087032	LTR/ERV1	3422	+	234	78086797	11628
chr11	134397082	134597082	harbor1	chr11	134455415	134456036	LTR/ERV1	3399	+	310	134455725	58643
chr11	6930849	7130849	harbor1	chr11	6989760	6990235	LTR/ERV1	2742	+	238	6989998	59149
chr11	6930849	7130849	harbor1	chr11	6992804	6993343	LTR/ERV1	3031	+	270	6993074	62225
chr11	84149456	84349456	harbor1	chr11	84208040	84208125	LTR/ERV1	423	+	42	84208082	58626
chr11	84149456	84349456	harbor1	chr11	84208195	84208341	LTR/ERV1	905	+	73	84208268	58812
chr11	84149456	84349456	harbor1	chr11	84233116	84233263	LTR/ERV1	3623	+	74	84233190	83734
chr11	84149456	84349456	harbor1	chr11	84233264	84233895	LTR/ERV1	3502	+	316	84233580	84124
chr11	84149456	84349456	harbor1	chr11	84233896	84234439	LTR/ERV1	3623	+	272	84234168	84712
chr11	84149456	84349456	harbor1	chr11	84234531	84235393	LTR/ERV1	5341	+	431	84234962	85506
chr11	127926238	128126238	harbor1	chr11	127939304	127939717	LTR/ERV1	949	+	206	127939510	13272
chr11	102136086	102336086	harbor1	chr11	102207860	102208460	LTR/ERV1	3594	+	300	102208160	72074
chr11	849791	1049791	harbor1	chr11	920445	920554	LTR/ERV1	402	+	54	920499	70708
chr11	102018360	102218360	harbor1	chr11	102028327	102029238	LTR/ERV1	3248	+	456	102028783	10423
chr11	4432239	4632239	harbor1	chr11	4452317	4452923	LTR/ERV1	3858	+	303	4452620	20381
chr11	4432239	4632239	harbor1	chr11	4452924	4453530	LTR/ERV1	2713	+	303	4453227	20988
chr11	4432239	4632239	harbor1	chr11	4453849	4454009	LTR/ERV1	2713	+	80	4453929	21690
chr11	4432239	4632239	harbor1	chr11	4454050	4454594	LTR/ERV1	1340	+	272	4454322	22083
chr11	4432239	4632239	harbor1	chr11	4461474	4464244	LTR/ERV1	9560	+	1385	4462859	30620
chr11	4432239	4632239	harbor1	chr11	4464536	4464789	LTR/ERV1	1343	+	126	4464662	32423
chr11	4432239	4632239	harbor1	chr11	4465378	4466035	LTR/ERV1	3570	+	328	4465706	33467
chr11	4432239	4632239	harbor1	chr11	4454595	4459434	LTR/ERV1	24374	+	2420	4457015	24776
chr11	120132849	120332849	harbor1	chr11	120143502	120143980	LTR/ERV1	3823	+	239	120143741	10892
chr11	5434156	5634156	harbor1	chr11	5448867	5449012	LTR/ERV1	479	+	72	5448939	14783
chr11	5434156	5634156	harbor1	chr11	5500425	5500944	LTR/ERV1	663	+	260	5500685	66529
chr11	6379093	6579093	harbor1	chr11	6381300	6381487	LTR/ERV1	971	+	94	6381394	2301
chr11	6379093	6579093	harbor1	chr11	6381813	6381976	LTR/ERV1	2856	+	82	6381895	2802
chr11	6379093	6579093	harbor1	chr11	6382302	6382353	LTR/ERV1	2856	+	26	6382328	3235
chr11	6379093	6579093	harbor1	chr11	6382660	6383021	LTR/ERV1	2856	+	180	6382840	3747
chr11	6379093	6579093	harbor1	chr11	6383031	6383185	LTR/ERV1	3068	+	77	6383108	4015
chr11	6379093	6579093	harbor1	chr11	6383467	6384051	LTR/ERV1	3068	+	292	6383759	4666
chr11	6379093	6579093	harbor1	chr11	6385786	6386064	LTR/ERV1	2397	+	139	6385925	6832
chr11	6379093	6579093	harbor1	chr11	6387502	6387668	LTR/ERV1	2397	+	83	6387585	8492
chr11	6379093	6579093	harbor1	chr11	6387827	6387965	LTR/ERV1	1030	+	69	6387896	8803
chr11	6379093	6579093	harbor1	chr11	6388152	6388456	LTR/ERV1	2030	+	152	6388304	9211
chr11	84048144	84248144	harbor1	chr11	84084578	84085055	LTR/ERV1	1401	+	238	84084816	36672
chr11	84048144	84248144	harbor1	chr11	84097169	84097629	LTR/ERV1	1952	+	230	84097399	49255
chr11	113495299	113695299	harbor1	chr11	113554394	113555012	LTR/ERV1	3074	+	309	113554703	59404
chr11	113495299	113695299	harbor1	chr11	113563058	113563445	LTR/ERV1	1187	+	194	113563252	67953
chr11	97457021	97657021	harbor1	chr11	97461124	97461830	LTR/ERV1	2547	+	353	97461477	4456
chr11	97457021	97657021	harbor1	chr11	97461808	97462342	LTR/ERV1	2408	+	267	97462075	5054
chr11	97457021	97657021	harbor1	chr11	97507713	97508148	LTR/ERV1	942	+	218	97507931	50910
chr11	97457021	97657021	harbor1	chr11	97508754	97509213	LTR/ERV1	1161	+	230	97508984	51963
chr11	97457021	97657021	harbor1	chr11	97509460	97509630	LTR/ERV1	457	+	85	97509545	52524
chr11	97457021	97657021	harbor1	chr11	97509690	97511586	LTR/ERV1	6058	+	948	97510638	53617
chr11	97457021	97657021	harbor1	chr11	97523004	97523191	LTR/ERV1	591	+	94	97523098	66077
chr11	97457021	97657021	harbor1	chr11	97536982	97538131	LTR/ERV1	5113	+	574	97537556	80535
chr11	94548482	94748482	harbor1	chr11	94558365	94558915	LTR/ERV1	3825	+	275	94558640	10158
chr11	94548482	94748482	harbor1	chr11	94639949	94640291	LTR/ERV1	2049	+	171	94640120	91638
chr11	94548482	94748482	harbor1	chr11	94641601	94642009	LTR/ERV1	3071	+	204	94641805	93323
chr11	94548482	94748482	harbor1	chr11	94642012	94645008	LTR/ERV1	20422	+	1498	94643510	95028
chr11	94548482	94748482	harbor1	chr11	94645003	94645150	LTR/ERV1	935	+	74	94645077	96595
chr11	94548482	94748482	harbor1	chr11	94645141	94645643	LTR/ERV1	3442	+	251	94645392	96910
chr11	94548482	94748482	harbor1	chr11	94645646	94646308	LTR/ERV1	4411	+	331	94645977	97495
chr11	94548482	94748482	harbor1	chr11	94646310	94646526	LTR/ERV1	1430	+	108	94646418	97936
chr11	94548482	94748482	harbor1	chr11	94646527	94646848	LTR/ERV1	2035	+	160	94646687	98205
chr11	94548482	94748482	harbor1	chr11	94646903	94647311	LTR/ERV1	3140	+	204	94647107	98625
chr11	56981616	57181616	harbor1	chr11	57049548	57050048	LTR/ERV1	1066	+	250	57049798	68182
chr11	102325619	102525619	harbor1	chr11	102343329	102343757	LTR/ERV1	1891	+	214	102343543	17924
chr11	123171173	123371173	harbor1	chr11	123212670	123212784	LTR/ERV1	1439	+	57	123212727	41554
chr11	123171173	123371173	harbor1	chr11	123213284	123213660	LTR/ERV1	1439	+	188	123213472	42299
chr11	123171173	123371173	harbor1	chr11	123218497	123219129	LTR/ERV1	4588	+	316	123218813	47640
chr11	96721950	96921950	harbor1	chr11	96746481	96747252	LTR/ERV1	4822	+	386	96746867	24917
chr11	13766004	13966004	harbor1	chr11	13777427	13777761	LTR/ERV1	2178	+	167	13777594	11590
chr11	13766004	13966004	harbor1	chr11	13805400	13805544	LTR/ERV1	935	+	72	13805472	39468
chr11	13766004	13966004	harbor1	chr11	13816862	13817103	LTR/ERV1	1182	+	120	13816982	50978
chr11	13766004	13966004	harbor1	chr11	13817410	13817589	LTR/ERV1	1182	+	90	13817500	51496
chr11	41175039	41375039	harbor1	chr11	41187096	41187916	LTR/ERV1	4601	+	410	41187506	12467
chr11	41175039	41375039	harbor1	chr11	41274485	41274873	LTR/ERV1	2372	+	194	41274679	99640
chr11	114599772	114799772	harbor1	chr11	114673646	114674009	LTR/ERV1	2352	+	182	114673828	74056
chr11	19303881	19503881	harbor1	chr11	19360075	19360517	LTR/ERV1	2158	+	221	19360296	56415
chr11	28677570	28877570	harbor1	chr11	28683375	28683824	LTR/ERV1	1063	+	224	28683599	6029
chr11	28677570	28877570	harbor1	chr11	28722296	28722885	LTR/ERV1	2353	+	294	28722590	45020
chr11	28677570	28877570	harbor1	chr11	28729023	28729687	LTR/ERV1	3940	+	332	28729355	51785
chr11	84432990	84632990	harbor1	chr11	84471158	84471372	LTR/ERV1	531	+	107	84471265	38275
chr11	84432990	84632990	harbor1	chr11	84471785	84472650	LTR/ERV1	3831	+	432	84472217	39227
chr11	78537505	78737505	harbor1	chr11	78550036	78550526	LTR/ERV1	1948	+	245	78550281	12776
chr11	78537505	78737505	harbor1	chr11	78552476	78552920	LTR/ERV1	3013	+	222	78552698	15193
chr11	78537505	78737505	harbor1	chr11	78556420	78556728	LTR/ERV1	936	+	154	78556574	19069
chr11	78537505	78737505	harbor1	chr11	78594538	78595266	LTR/ERV1	3178	+	364	78594902	57397
chr11	78537505	78737505	harbor1	chr11	78595574	78596153	LTR/ERV1	2671	+	290	78595864	58359
chr11	78537505	78737505	harbor1	chr11	78605423	78606226	LTR/ERV1	4888	+	402	78605825	68320
chr11	16886980	17086980	harbor1	chr11	16888976	16889407	LTR/ERV1	3134	+	216	16889192	2212
chr11	35168072	35368072	harbor1	chr11	35267724	35268186	LTR/ERV1	3360	+	231	35267955	99883
chr11	72763215	72963215	harbor1	chr11	72794542	72795081	LTR/ERV1	3090	+	270	72794812	31597
chr11	72763215	72963215	harbor1	chr11	72795386	72795500	LTR/ERV1	3090	+	57	72795443	32228
chr11	72763215	72963215	harbor1	chr11	72796914	72797041	LTR/ERV1	582	+	64	72796978	33763
chr11	72763215	72963215	harbor1	chr11	72797363	72797387	LTR/ERV1	1719	+	12	72797375	34160
chr11	72763215	72963215	harbor1	chr11	72797699	72798096	LTR/ERV1	1719	+	198	72797897	34682
chr11	68873156	69073156	harbor1	chr11	68870796	68873979	LTR/ERV1	10457	+	1592	68872388	768
chr11	68873156	69073156	harbor1	chr11	68873982	68874582	LTR/ERV1	3443	+	300	68874282	1126
chr11	106662535	106862535	harbor1	chr11	106670680	106671123	LTR/ERV1	1576	+	222	106670902	8367
chr11	48211786	48411786	harbor1	chr11	48228736	48230442	LTR/ERV1	9861	+	853	48229589	17803
chr11	48211786	48411786	harbor1	chr11	48291080	48291363	LTR/ERV1	936	+	142	48291222	79436
chr11	48211786	48411786	harbor1	chr11	48291368	48291868	LTR/ERV1	2899	+	250	48291618	79832
chr11	48211786	48411786	harbor1	chr11	48291871	48292432	LTR/ERV1	1988	+	280	48292151	80365
chr11	48211786	48411786	harbor1	chr11	48297812	48297868	LTR/ERV1	425	+	28	48297840	86054
chr11	18246976	18446976	harbor1	chr11	18313220	18313509	LTR/ERV1	1534	+	144	18313364	66388
chr11	18246976	18446976	harbor1	chr11	18314566	18314688	LTR/ERV1	744	+	61	18314627	67651
chr11	18246976	18446976	harbor1	chr11	18314998	18315018	LTR/ERV1	744	+	10	18315008	68032
chr11	18246976	18446976	harbor1	chr11	18315151	18315333	LTR/ERV1	1183	+	91	18315242	68266
chr11	18246976	18446976	harbor1	chr11	18315643	18315863	LTR/ERV1	1183	+	110	18315753	68777
chr11	18246976	18446976	harbor1	chr11	18316331	18316419	LTR/ERV1	456	+	44	18316375	69399
chr11	40033670	40233670	harbor1	chr11	40035127	40035915	LTR/ERV1	5409	+	394	40035521	1851
chr11	40033670	40233670	harbor1	chr11	40080415	40081043	LTR/ERV1	4245	+	314	40080729	47059
chr11	40033670	40233670	harbor1	chr11	40099468	40099818	LTR/ERV1	1468	+	175	40099643	65973
chr11	40033670	40233670	harbor1	chr11	40099828	40100434	LTR/ERV1	2072	+	303	40100131	66461
chr11	40033670	40233670	harbor1	chr11	40100822	40101731	LTR/ERV1	6638	+	454	40101276	67606
chr11	40033670	40233670	harbor1	chr11	40102032	40102417	LTR/ERV1	6638	+	192	40102224	68554
chr11	40033670	40233670	harbor1	chr11	40102801	40105251	LTR/ERV1	17096	+	1225	40104026	70356
chr11	40033670	40233670	harbor1	chr11	40105252	40105610	LTR/ERV1	1518	+	179	40105431	71761
chr11	40033670	40233670	harbor1	chr11	40121942	40122241	LTR/ERV1	850	+	150	40122092	88422
chr11	40033670	40233670	harbor1	chr11	40122533	40122657	LTR/ERV1	850	+	62	40122595	88925
chr11	109271394	109471394	harbor1	chr11	109340500	109341172	LTR/ERV1	2170	+	336	109340836	69442
chr11	34135549	34335549	harbor1	chr11	34216817	34217293	LTR/ERV1	2636	+	238	34217055	81506
chr11	125561816	125761816	harbor1	chr11	125560616	125562427	LTR/ERV1	29257	+	906	125561522	294
chr11	125561816	125761816	harbor1	chr11	125562463	125562850	LTR/ERV1	2785	+	194	125562657	841
chr11	125561816	125761816	harbor1	chr11	125562851	125563247	LTR/ERV1	1874	+	198	125563049	1233
chr11	125561816	125761816	harbor1	chr11	125563551	125563655	LTR/ERV1	4035	+	52	125563603	1787
chr11	125561816	125761816	harbor1	chr11	125563956	125564490	LTR/ERV1	4035	+	267	125564223	2407
chr11	114646701	114846701	harbor1	chr11	114673646	114674009	LTR/ERV1	2352	+	182	114673828	27127
chr11	74398236	74598236	harbor1	chr11	74480688	74480700	LTR/ERV1	749	+	6	74480694	82458
chr11	74398236	74598236	harbor1	chr11	74481012	74481122	LTR/ERV1	749	+	55	74481067	82831
chr11	37450447	37650447	harbor1	chr11	37505485	37506368	LTR/ERV1	4961	+	442	37505927	55480
chr11	37450447	37650447	harbor1	chr11	37507182	37507268	LTR/ERV1	595	+	43	37507225	56778
chr11	37450447	37650447	harbor1	chr11	37507414	37507968	LTR/ERV1	1798	+	277	37507691	57244
chr11	90314172	90514172	harbor1	chr11	90319815	90320526	LTR/ERV1	4415	+	356	90320171	5999
chr11	90314172	90514172	harbor1	chr11	90320675	90321395	LTR/ERV1	3732	+	360	90321035	6863
chr11	90314172	90514172	harbor1	chr11	90326509	90326688	LTR/ERV1	1035	+	90	90326599	12427
chr11	90314172	90514172	harbor1	chr11	90326689	90326991	LTR/ERV1	1833	+	151	90326840	12668
chr11	90314172	90514172	harbor1	chr11	90332280	90332726	LTR/ERV1	2224	+	223	90332503	18331
chr11	134654003	134854003	harbor1	chr11	134731735	134731939	LTR/ERV1	1980	+	102	134731837	77834
chr11	134654003	134854003	harbor1	chr11	134731940	134732379	LTR/ERV1	1001	+	220	134732160	78157
chr11	134654003	134854003	harbor1	chr11	134732380	134732409	LTR/ERV1	1980	+	14	134732394	78391
chr11	134654003	134854003	harbor1	chr11	134733294	134733675	LTR/ERV1	1980	+	190	134733484	79481
chr11	134654003	134854003	harbor1	chr11	134751563	134752085	LTR/ERV1	1557	+	261	134751824	97821
chr11	98385961	98585961	harbor1	chr11	98402410	98402782	LTR/ERV1	1805	+	186	98402596	16635
chr11	98385961	98585961	harbor1	chr11	98466756	98467093	LTR/ERV1	1390	+	168	98466924	80963
chr11	98385961	98585961	harbor1	chr11	98418340	98418765	LTR/ERV1	2022	+	212	98418552	32591
chr11	114266400	114466400	harbor1	chr11	114362239	114362502	LTR/ERV1	1208	+	132	114362371	95971
chr11	114266400	114466400	harbor1	chr11	114362655	114362974	LTR/ERV1	1426	+	160	114362815	96415
chr11	18988272	19188272	harbor1	chr11	19073794	19074435	LTR/ERV1	4521	+	320	19074114	85842
chr11	80386549	80586549	harbor1	chr11	80448484	80449203	LTR/ERV1	3360	+	360	80448844	62295
chr11	80386549	80586549	harbor1	chr11	80475192	80475317	LTR/ERV1	406	+	62	80475254	88705
chr11	63605429	63805429	harbor1	chr11	63615441	63615664	LTR/ERV1	984	+	112	63615553	10124
chr11	63605429	63805429	harbor1	chr11	63616562	63616667	LTR/ERV1	590	+	52	63616614	11185
chr11	63605429	63805429	harbor1	chr11	63617529	63617591	LTR/ERV1	408	+	31	63617560	12131
chr11	63605429	63805429	harbor1	chr11	63618561	63618624	LTR/ERV1	414	+	32	63618593	13164
chr11	36630898	36830898	harbor1	chr11	36665205	36665825	LTR/ERV1	3500	+	310	36665515	34617
chr11	36630898	36830898	harbor1	chr11	36665871	36665928	LTR/ERV1	400	+	28	36665899	35001
chr11	36630898	36830898	harbor1	chr11	36665932	36667226	LTR/ERV1	6693	+	647	36666579	35681
chr11	36630898	36830898	harbor1	chr11	36667697	36668022	LTR/ERV1	3467	+	162	36667859	36961
chr11	36630898	36830898	harbor1	chr11	36668446	36669411	LTR/ERV1	12042	+	482	36668928	38030
chr11	36630898	36830898	harbor1	chr11	36669696	36670656	LTR/ERV1	17383	+	480	36670176	39278
chr11	36630898	36830898	harbor1	chr11	36670958	36672349	LTR/ERV1	17383	+	696	36671654	40756
chr11	36630898	36830898	harbor1	chr11	36672663	36672826	LTR/ERV1	17383	+	82	36672745	41847
chr11	36630898	36830898	harbor1	chr11	36673097	36673388	LTR/ERV1	1353	+	146	36673243	42345
chr11	36630898	36830898	harbor1	chr11	36680088	36680681	LTR/ERV1	3376	+	296	36680384	49486
chr11	36630898	36830898	harbor1	chr11	36697098	36697688	LTR/ERV1	1132	+	295	36697393	66495
chr11	36630898	36830898	harbor1	chr11	36667226	36667397	LTR/ERV1	3467	+	86	36667312	36414
chr11	37489073	37689073	harbor1	chr11	37505485	37506368	LTR/ERV1	4961	+	442	37505927	16854
chr11	37489073	37689073	harbor1	chr11	37507182	37507268	LTR/ERV1	595	+	43	37507225	18152
chr11	37489073	37689073	harbor1	chr11	37507414	37507968	LTR/ERV1	1798	+	277	37507691	18618
chr11	98620187	98820187	harbor1	chr11	98626498	98626908	LTR/ERV1	1709	+	205	98626703	6516
chr11	98620187	98820187	harbor1	chr11	98632973	98633525	LTR/ERV1	3653	+	276	98633249	13062
chr11	110643052	110843052	harbor1	chr11	110689597	110689814	LTR/ERV1	1263	+	108	110689705	46653
chr11	110643052	110843052	harbor1	chr11	110689804	110689959	LTR/ERV1	851	+	78	110689882	46830
chr11	84178595	84378595	harbor1	chr11	84208040	84208125	LTR/ERV1	423	+	42	84208082	29487
chr11	84178595	84378595	harbor1	chr11	84208195	84208341	LTR/ERV1	905	+	73	84208268	29673
chr11	84178595	84378595	harbor1	chr11	84233116	84233263	LTR/ERV1	3623	+	74	84233190	54595
chr11	84178595	84378595	harbor1	chr11	84233264	84233895	LTR/ERV1	3502	+	316	84233580	54985
chr11	84178595	84378595	harbor1	chr11	84233896	84234439	LTR/ERV1	3623	+	272	84234168	55573
chr11	84178595	84378595	harbor1	chr11	84234531	84235393	LTR/ERV1	5341	+	431	84234962	56367
chr11	62873055	63073055	harbor1	chr11	62955622	62956171	LTR/ERV1	1816	+	274	62955896	82841
chr11	62873055	63073055	harbor1	chr11	62968686	62968910	LTR/ERV1	425	+	112	62968798	95743
chr11	62873055	63073055	harbor1	chr11	62969049	62969236	LTR/ERV1	740	+	94	62969143	96088
chr11	13709405	13909405	harbor1	chr11	13760125	13760381	LTR/ERV1	400	+	128	13760253	50848
chr11	13709405	13909405	harbor1	chr11	13777427	13777761	LTR/ERV1	2178	+	167	13777594	68189
chr11	13709405	13909405	harbor1	chr11	13805400	13805544	LTR/ERV1	935	+	72	13805472	96067
chr11	101980041	102180041	harbor1	chr11	102028327	102029238	LTR/ERV1	3248	+	456	102028783	48742
chr11	49909564	50109564	harbor1	chr11	49994472	49995074	LTR/ERV1	3596	+	301	49994773	85209
chr11	49909564	50109564	harbor1	chr11	49995075	49996782	LTR/ERV1	4277	+	854	49995929	86365
chr11	49909564	50109564	harbor1	chr11	49996787	49997481	LTR/ERV1	6997	+	347	49997134	87570
chr11	49909564	50109564	harbor1	chr11	49998147	50000000	LTR/ERV1	8082	+	926	49999073	89509
chr11	49909564	50109564	harbor1	chr11	50000001	50000344	LTR/ERV1	1838	+	172	50000173	90609
chr11	49909564	50109564	harbor1	chr11	50000337	50001037	LTR/ERV1	3242	+	350	50000687	91123
chr11	49909564	50109564	harbor1	chr11	50001040	50001675	LTR/ERV1	3853	+	318	50001358	91794
chr11	41881756	42081756	harbor1	chr11	41894242	41894487	LTR/ERV1	1019	+	122	41894364	12608
chr11	41881756	42081756	harbor1	chr11	41901984	41902409	LTR/ERV1	1974	+	212	41902196	20440
chr11	41881756	42081756	harbor1	chr11	41902432	41904282	LTR/ERV1	5600	+	925	41903357	21601
chr11	41881756	42081756	harbor1	chr11	41904433	41905461	LTR/ERV1	4610	+	514	41904947	23191
chr11	41881756	42081756	harbor1	chr11	41905773	41908554	LTR/ERV1	13325	+	1390	41907163	25407
chr11	41881756	42081756	harbor1	chr11	41978959	41979496	LTR/ERV1	3250	+	268	41979227	97471
chr11	63034940	63234940	harbor1	chr11	63069921	63070061	LTR/ERV1	449	+	70	63069991	35051
chr11	94540157	94740157	harbor1	chr11	94558365	94558915	LTR/ERV1	3825	+	275	94558640	18483
chr11	94540157	94740157	harbor1	chr11	94639949	94640291	LTR/ERV1	2049	+	171	94640120	99963
chr11	95640727	95840727	harbor1	chr11	95651051	95651530	LTR/ERV1	758	+	240	95651291	10564
chr11	95640727	95840727	harbor1	chr11	95659162	95659626	LTR/ERV1	1139	+	232	95659394	18667
chr11	95640727	95840727	harbor1	chr11	95659987	95660388	LTR/ERV1	1422	+	200	95660187	19460
chr11	95640727	95840727	harbor1	chr11	95660862	95661160	LTR/ERV1	405	+	149	95661011	20284
chr11	68560914	68760914	harbor1	chr11	68622705	68623198	LTR/ERV1	2927	+	246	68622951	62037
chr11	68560914	68760914	harbor1	chr11	68623202	68625053	LTR/ERV1	9184	+	926	68624128	63214
chr11	68560914	68760914	harbor1	chr11	68626029	68632349	LTR/ERV1	26901	+	3160	68629189	68275
chr11	68560914	68760914	harbor1	chr11	68633778	68634170	LTR/ERV1	2702	+	196	68633974	73060
chr11	68560914	68760914	harbor1	chr11	68634173	68637122	LTR/ERV1	19387	+	1474	68635647	74733
chr11	68560914	68760914	harbor1	chr11	68637102	68637246	LTR/ERV1	806	+	72	68637174	76260
chr11	68560914	68760914	harbor1	chr11	68637237	68637739	LTR/ERV1	3320	+	251	68637488	76574
chr11	68560914	68760914	harbor1	chr11	68637742	68638398	LTR/ERV1	4282	+	328	68638070	77156
chr11	68560914	68760914	harbor1	chr11	68638400	68638616	LTR/ERV1	1362	+	108	68638508	77594
chr11	68560914	68760914	harbor1	chr11	68638615	68638994	LTR/ERV1	2425	+	190	68638805	77891
chr11	68560914	68760914	harbor1	chr11	68638995	68639439	LTR/ERV1	3273	+	222	68639217	78303
chr11	68560914	68760914	harbor1	chr11	68632350	68632796	LTR/ERV1	3392	+	223	68632573	71659
chr11	61272269	61472269	harbor1	chr11	61370940	61371035	LTR/ERV1	840	+	48	61370988	98719
chr11	61272269	61472269	harbor1	chr11	61371333	61371583	LTR/ERV1	840	+	125	61371458	99189
chr11	79845632	80045632	harbor1	chr11	79846556	79847324	LTR/ERV1	3350	+	384	79846940	1308
chr11	79845632	80045632	harbor1	chr11	79900995	79901449	LTR/ERV1	2954	+	227	79901222	55590
chr11	79845632	80045632	harbor1	chr11	79901893	79902271	LTR/ERV1	2122	+	189	79902082	56450
chr11	79845632	80045632	harbor1	chr11	79905851	79906535	LTR/ERV1	4111	+	342	79906193	60561
chr11	17129953	17329953	harbor1	chr11	17162444	17162830	LTR/ERV1	2388	+	193	17162637	32684
chr11	17129953	17329953	harbor1	chr11	17226874	17227022	LTR/ERV1	587	+	74	17226948	96995
chr11	107483785	107683785	harbor1	chr11	107497423	107498081	LTR/ERV1	5231	+	329	107497752	13967
chr11	107483785	107683785	harbor1	chr11	107522929	107523051	LTR/ERV1	559	+	61	107522990	39205
chr11	107483785	107683785	harbor1	chr11	107535935	107536319	LTR/ERV1	2366	+	192	107536127	52342
chr11	107483785	107683785	harbor1	chr11	107566035	107566523	LTR/ERV1	3408	+	244	107566279	82494
chr11	107483785	107683785	harbor1	chr11	107576747	107577473	LTR/ERV1	3465	+	363	107577110	93325
chr11	194336	394336	harbor1	chr11	288358	288617	LTR/ERV1	942	+	130	288488	94152
chr11	194336	394336	harbor1	chr11	288668	288794	LTR/ERV1	408	+	63	288731	94395
chr11	24246450	24446450	harbor1	chr11	24298668	24298864	LTR/ERV1	377	+	98	24298766	52316
chr11	24246450	24446450	harbor1	chr11	24299955	24300243	LTR/ERV1	945	+	144	24300099	53649
chr11	24246450	24446450	harbor1	chr11	24301402	24301761	LTR/ERV1	774	+	180	24301582	55132
chr11	24246450	24446450	harbor1	chr11	24338546	24339311	LTR/ERV1	4829	+	382	24338928	92478
chr11	82001205	82201205	harbor1	chr11	82025408	82025858	LTR/ERV1	3261	+	225	82025633	24428
chr11	82001205	82201205	harbor1	chr11	82025861	82028641	LTR/ERV1	14040	+	1390	82027251	26046
chr11	82001205	82201205	harbor1	chr11	82028621	82028767	LTR/ERV1	801	+	73	82028694	27489
chr11	82001205	82201205	harbor1	chr11	82028758	82029256	LTR/ERV1	3353	+	249	82029007	27802
chr11	82001205	82201205	harbor1	chr11	82029259	82029449	LTR/ERV1	1317	+	95	82029354	28149
chr11	82001205	82201205	harbor1	chr11	82029434	82030287	LTR/ERV1	6196	+	426	82029860	28655
chr11	82001205	82201205	harbor1	chr11	82030291	82030558	LTR/ERV1	1688	+	134	82030425	29220
chr11	82001205	82201205	harbor1	chr11	82030559	82031014	LTR/ERV1	3185	+	228	82030787	29582
chr11	82001205	82201205	harbor1	chr11	82045365	82045570	LTR/ERV1	1048	+	102	82045467	44262
chr11	82001205	82201205	harbor1	chr11	82054358	82054708	LTR/ERV1	1706	+	175	82054533	53328
chr11	82001205	82201205	harbor1	chr11	82073988	82074405	LTR/ERV1	1272	+	208	82074196	72991
chr11	82001205	82201205	harbor1	chr11	82078219	82078569	LTR/ERV1	1902	+	175	82078394	77189
chr11	126443381	126643381	harbor1	chr11	126483007	126483452	LTR/ERV1	1629	+	222	126483229	39848
chr11	105964603	106164603	harbor1	chr11	106014001	106014435	LTR/ERV1	2203	+	217	106014218	49615
chr11	105964603	106164603	harbor1	chr11	106063072	106063463	LTR/ERV1	1520	+	196	106063268	98665
chr11	41351237	41551237	harbor1	chr11	41427670	41428123	LTR/ERV1	3093	+	226	41427896	76659
chr11	124200099	124400099	harbor1	chr11	124200413	124200524	LTR/ERV1	4330	+	56	124200469	370
chr11	124200099	124400099	harbor1	chr11	124200819	124201397	LTR/ERV1	4330	+	289	124201108	1009
chr11	14357795	14557795	harbor1	chr11	14385072	14385498	LTR/ERV1	2659	+	213	14385285	27490
chr11	41158449	41358449	harbor1	chr11	41187096	41187916	LTR/ERV1	4601	+	410	41187506	29057
chr11	81399451	81599451	harbor1	chr11	81415650	81416015	LTR/ERV1	800	+	182	81415832	16381
chr11	81399451	81599451	harbor1	chr11	81495630	81496185	LTR/ERV1	3937	+	278	81495908	96457
chr11	81399451	81599451	harbor1	chr11	81497858	81498310	LTR/ERV1	2689	+	226	81498084	98633
chr11	81399451	81599451	harbor1	chr11	81498311	81499004	LTR/ERV1	3551	+	346	81498657	99206
chr11	81399451	81599451	harbor1	chr11	81499128	81499657	LTR/ERV1	2672	+	264	81499392	99941
chr11	81399451	81599451	harbor1	chr11	81428231	81428657	LTR/ERV1	1980	+	213	81428444	28993
chr11	92876848	93076848	harbor1	chr11	92935344	92935860	LTR/ERV1	2933	+	258	92935602	58754
chr11	92876848	93076848	harbor1	chr11	92936492	92936909	LTR/ERV1	1866	+	208	92936700	59852
chr11	92876848	93076848	harbor1	chr11	92939233	92939569	LTR/ERV1	1258	+	168	92939401	62553
chr11	2955364	3155364	harbor1	chr11	3022039	3022567	LTR/ERV1	1867	+	264	3022303	66939
chr11	2955364	3155364	harbor1	chr11	3048670	3048816	LTR/ERV1	510	+	73	3048743	93379
chr11	2955364	3155364	harbor1	chr11	3048855	3049086	LTR/ERV1	384	+	116	3048971	93607
chr11	2955364	3155364	harbor1	chr11	3049283	3049417	LTR/ERV1	470	+	67	3049350	93986
chr11	133798185	133998185	harbor1	chr11	133845587	133845751	LTR/ERV1	1040	+	82	133845669	47484
chr11	133798185	133998185	harbor1	chr11	133845774	133846303	LTR/ERV1	3568	+	264	133846038	47853
chr11	133798185	133998185	harbor1	chr11	133893179	133893538	LTR/ERV1	430	+	180	133893359	95174
chr11	109044882	109244882	harbor1	chr11	109094160	109094318	LTR/ERV1	1048	+	79	109094239	49357
chr11	37017026	37217026	harbor1	chr11	37026374	37027018	LTR/ERV1	3281	+	322	37026696	9670
chr11	37017026	37217026	harbor1	chr11	37049274	37049983	LTR/ERV1	4016	+	354	37049628	32602
chr11	37017026	37217026	harbor1	chr11	37099016	37099385	LTR/ERV1	813	+	184	37099200	82174
chr11	88961781	89161781	harbor1	chr11	88972018	88972454	LTR/ERV1	2996	+	218	88972236	10455
chr11	67631216	67831216	harbor1	chr11	67650224	67650359	LTR/ERV1	818	+	68	67650292	19076
chr11	67631216	67831216	harbor1	chr11	67650342	67650477	LTR/ERV1	634	+	68	67650410	19194
chr11	67631216	67831216	harbor1	chr11	67654639	67655012	LTR/ERV1	2308	+	186	67654825	23609
chr11	67631216	67831216	harbor1	chr11	67655330	67655813	LTR/ERV1	2308	+	242	67655572	24356
chr11	67631216	67831216	harbor1	chr11	67656135	67656610	LTR/ERV1	2308	+	238	67656373	25157
chr11	67631216	67831216	harbor1	chr11	67656907	67657000	LTR/ERV1	2308	+	46	67656953	25737
chr11	67631216	67831216	harbor1	chr11	67657303	67657600	LTR/ERV1	2308	+	148	67657451	26235
chr11	67631216	67831216	harbor1	chr11	67657618	67658123	LTR/ERV1	2849	+	252	67657870	26654
chr11	67631216	67831216	harbor1	chr11	67658431	67658508	LTR/ERV1	2849	+	38	67658469	27253
chr11	67631216	67831216	harbor1	chr11	67658801	67658883	LTR/ERV1	2849	+	41	67658842	27626
chr11	67631216	67831216	harbor1	chr11	67660202	67660335	LTR/ERV1	950	+	66	67660268	29052
chr11	67631216	67831216	harbor1	chr11	67660336	67660711	LTR/ERV1	4792	+	188	67660524	29308
chr11	67631216	67831216	harbor1	chr11	67661017	67661408	LTR/ERV1	4792	+	196	67661213	29997
chr11	67631216	67831216	harbor1	chr11	67661409	67661572	LTR/ERV1	950	+	82	67661491	30275
chr11	67631216	67831216	harbor1	chr11	67661882	67661952	LTR/ERV1	485	+	35	67661917	30701
chr11	67631216	67831216	harbor1	chr11	67671456	67671548	LTR/ERV1	2491	+	46	67671502	40286
chr11	67631216	67831216	harbor1	chr11	67671837	67672042	LTR/ERV1	2491	+	102	67671939	40723
chr11	67631216	67831216	harbor1	chr11	67672089	67672102	LTR/ERV1	2491	+	6	67672095	40879
chr11	67631216	67831216	harbor1	chr11	67672136	67672148	LTR/ERV1	2491	+	6	67672142	40926
chr11	67631216	67831216	harbor1	chr11	67672453	67672592	LTR/ERV1	2491	+	70	67672523	41307
chr11	67631216	67831216	harbor1	chr11	67672891	67672901	LTR/ERV1	2491	+	5	67672896	41680
chr11	67631216	67831216	harbor1	chr11	67673210	67673262	LTR/ERV1	2491	+	26	67673236	42020
chr11	67631216	67831216	harbor1	chr11	67679749	67680033	LTR/ERV1	5734	+	142	67679891	48675
chr11	67631216	67831216	harbor1	chr11	67680323	67680436	LTR/ERV1	5734	+	56	67680379	49163
chr11	67631216	67831216	harbor1	chr11	67680717	67681056	LTR/ERV1	5734	+	170	67680887	49671
chr11	67631216	67831216	harbor1	chr11	67681431	67681786	LTR/ERV1	5734	+	178	67681609	50393
chr11	67631216	67831216	harbor1	chr11	67682661	67682690	LTR/ERV1	5734	+	14	67682675	51459
chr11	67631216	67831216	harbor1	chr11	67683286	67683497	LTR/ERV1	1305	+	106	67683392	52176
chr11	67631216	67831216	harbor1	chr11	67683501	67683767	LTR/ERV1	1602	+	133	67683634	52418
chr11	67631216	67831216	harbor1	chr11	67689255	67689689	LTR/ERV1	2032	+	217	67689472	58256
chr11	40704413	40904413	harbor1	chr11	40724897	40725174	LTR/ERV1	1690	+	138	40725035	20622
chr11	40704413	40904413	harbor1	chr11	40725175	40725224	LTR/ERV1	1831	+	24	40725199	20786
chr11	40704413	40904413	harbor1	chr11	40725538	40725927	LTR/ERV1	1831	+	194	40725732	21319
chr11	126890418	127090418	harbor1	chr11	126943907	126944388	LTR/ERV1	1224	+	240	126944147	53729
chr11	82739646	82939646	harbor1	chr11	82755896	82756179	LTR/ERV1	526	+	142	82756038	16392
chr11	82739646	82939646	harbor1	chr11	82756225	82756357	LTR/ERV1	526	+	66	82756291	16645
chr11	82739646	82939646	harbor1	chr11	82763150	82763552	LTR/ERV1	2379	+	201	82763351	23705
chr11	82739646	82939646	harbor1	chr11	82767082	82767305	LTR/ERV1	760	+	112	82767194	27548
chr11	82739646	82939646	harbor1	chr11	82767313	82767515	LTR/ERV1	1075	+	101	82767414	27768
chr11	82739646	82939646	harbor1	chr11	82782186	82782640	LTR/ERV1	2115	+	227	82782413	42767
chr11	98760137	98960137	harbor1	chr11	98759587	98761479	LTR/ERV1	23164	+	946	98760533	396
chr11	98760137	98960137	harbor1	chr11	98761562	98761892	LTR/ERV1	23164	+	165	98761727	1590
chr11	98760137	98960137	harbor1	chr11	98762197	98762382	LTR/ERV1	23164	+	92	98762289	2152
chr11	98760137	98960137	harbor1	chr11	98763975	98765283	LTR/ERV1	23164	+	654	98764629	4492
chr11	98760137	98960137	harbor1	chr11	98765287	98765618	LTR/ERV1	1828	+	166	98765453	5316
chr11	98760137	98960137	harbor1	chr11	98824611	98824915	LTR/ERV1	875	+	152	98824763	64626
chr11	98760137	98960137	harbor1	chr11	98848824	98849256	LTR/ERV1	2590	+	216	98849040	88903
chr11	98760137	98960137	harbor1	chr11	98851792	98852090	LTR/ERV1	3424	+	149	98851941	91804
chr11	98760137	98960137	harbor1	chr11	98852378	98852700	LTR/ERV1	3424	+	161	98852539	92402
chr11	82892704	83092704	harbor1	chr11	82908540	82908994	LTR/ERV1	2196	+	227	82908767	16063
chr11	82892704	83092704	harbor1	chr11	82909532	82909592	LTR/ERV1	2196	+	30	82909562	16858
chr11	82892704	83092704	harbor1	chr11	82970492	82971932	LTR/ERV1	8381	+	720	82971212	78508
chr11	91655753	91855753	harbor1	chr11	91673307	91673815	LTR/ERV1	1513	+	254	91673561	17808
chr11	91655753	91855753	harbor1	chr11	91748890	91749660	LTR/ERV1	3338	+	385	91749275	93522
chr11	68926071	69126071	harbor1	chr11	68974983	68975259	LTR/ERV1	2480	+	138	68975121	49050
chr11	68926071	69126071	harbor1	chr11	68975549	68975698	LTR/ERV1	2480	+	74	68975623	49552
chr11	68926071	69126071	harbor1	chr11	68976000	68976088	LTR/ERV1	2480	+	44	68976044	49973
chr11	68926071	69126071	harbor1	chr11	68993017	68993385	LTR/ERV1	1348	+	184	68993201	67130
chr11	56543486	56743486	harbor1	chr11	56545711	56546168	LTR/ERV1	1570	+	228	56545939	2453
chr11	56543486	56743486	harbor1	chr11	56546921	56547729	LTR/ERV1	4761	+	404	56547325	3839
chr11	56543486	56743486	harbor1	chr11	56575099	56575666	LTR/ERV1	2673	+	284	56575383	31897
chr11	56543486	56743486	harbor1	chr11	56583524	56584049	LTR/ERV1	2206	+	262	56583786	40300
chr11	91650522	91850522	harbor1	chr11	91673307	91673815	LTR/ERV1	1513	+	254	91673561	23039
chr11	91650522	91850522	harbor1	chr11	91748890	91749660	LTR/ERV1	3338	+	385	91749275	98753
chr11	29016135	29216135	harbor1	chr11	29025156	29025508	LTR/ERV1	1463	+	176	29025332	9197
chr11	71108475	71308475	harbor1	chr11	71149125	71149637	LTR/ERV1	1035	+	256	71149381	40906
chr11	71108475	71308475	harbor1	chr11	71160994	71161903	LTR/ERV1	5954	+	454	71161448	52973
chr11	101124449	101324449	harbor1	chr11	101175298	101176089	LTR/ERV1	5086	+	396	101175694	51245
chr11	101124449	101324449	harbor1	chr11	101199825	101200017	LTR/ERV1	1207	+	96	101199921	75472
chr11	42031622	42231622	harbor1	chr11	42064352	42064893	LTR/ERV1	3575	+	270	42064622	33000
chr11	42031622	42231622	harbor1	chr11	42065981	42066792	LTR/ERV1	5133	+	406	42066387	34765
chr11	42031622	42231622	harbor1	chr11	42084145	42084653	LTR/ERV1	1321	+	254	42084399	52777
chr11	42031622	42231622	harbor1	chr11	42120989	42121098	LTR/ERV1	948	+	54	42121043	89421
chr11	42031622	42231622	harbor1	chr11	42123976	42124125	LTR/ERV1	985	+	74	42124050	92428
chr11	42031622	42231622	harbor1	chr11	42124116	42124277	LTR/ERV1	1026	+	80	42124196	92574
chr11	42031622	42231622	harbor1	chr11	42124270	42124880	LTR/ERV1	4629	+	305	42124575	92953
chr11	42031622	42231622	harbor1	chr11	42124881	42125302	LTR/ERV1	3579	+	210	42125091	93469
chr11	42031622	42231622	harbor1	chr11	42121099	42123996	LTR/ERV1	15712	+	1448	42122547	90925
chr11	81910066	82110066	harbor1	chr11	81923252	81923687	LTR/ERV1	1547	+	218	81923470	13404
chr11	81910066	82110066	harbor1	chr11	81951192	81951689	LTR/ERV1	2559	+	248	81951440	41374
chr11	81910066	82110066	harbor1	chr11	81951691	81952088	LTR/ERV1	2756	+	198	81951889	41823
chr11	81910066	82110066	harbor1	chr11	81953215	81953978	LTR/ERV1	5582	+	382	81953597	43531
chr11	81910066	82110066	harbor1	chr11	81953967	81956221	LTR/ERV1	14615	+	1127	81955094	45028
chr11	81910066	82110066	harbor1	chr11	81956216	81956336	LTR/ERV1	673	+	60	81956276	46210
chr11	81910066	82110066	harbor1	chr11	81956338	81956834	LTR/ERV1	2683	+	248	81956586	46520
chr11	81910066	82110066	harbor1	chr11	81974761	81975026	LTR/ERV1	827	+	132	81974893	64827
chr11	81910066	82110066	harbor1	chr11	81987291	81987653	LTR/ERV1	722	+	181	81987472	77406
chr11	81910066	82110066	harbor1	chr11	81987870	81988329	LTR/ERV1	2257	+	230	81988100	78034
chr11	81910066	82110066	harbor1	chr11	81992346	81992542	LTR/ERV1	4751	+	98	81992444	82378
chr11	81910066	82110066	harbor1	chr11	81992844	81993484	LTR/ERV1	4751	+	320	81993164	83098
chr11	81910066	82110066	harbor1	chr11	81952069	81953226	LTR/ERV1	8143	+	578	81952647	42581
chr11	37292385	37492385	harbor1	chr11	37301804	37302267	LTR/ERV1	2144	+	232	37302036	9651
chr11	37292385	37492385	harbor1	chr11	37355254	37355514	LTR/ERV1	408	+	130	37355384	62999
chr11	37292385	37492385	harbor1	chr11	37385261	37385561	LTR/ERV1	684	+	150	37385411	93026
chr11	37292385	37492385	harbor1	chr11	37386523	37386733	LTR/ERV1	718	+	105	37386628	94243
chr11	37189641	37389641	harbor1	chr11	37276906	37276985	LTR/ERV1	1438	+	40	37276946	87305
chr11	37189641	37389641	harbor1	chr11	37277022	37277517	LTR/ERV1	1438	+	248	37277270	87629
chr11	76156563	76356563	harbor1	chr11	76249788	76251515	LTR/ERV1	6552	+	864	76250652	94089
chr11	70522453	70722453	harbor1	chr11	70526009	70526755	LTR/ERV1	3212	+	373	70526382	3929
chr11	70522453	70722453	harbor1	chr11	70546877	70547255	LTR/ERV1	1098	+	189	70547066	24613
chr11	70522453	70722453	harbor1	chr11	70594042	70594140	LTR/ERV1	538	+	49	70594091	71638
chr11	88572653	88772653	harbor1	chr11	88584895	88585371	LTR/ERV1	1019	+	238	88585133	12480
chr11	88572653	88772653	harbor1	chr11	88587590	88588024	LTR/ERV1	796	+	217	88587807	15154
chr11	88572653	88772653	harbor1	chr11	88671009	88671475	LTR/ERV1	2374	+	233	88671242	98589
chr11	122314695	122514695	harbor1	chr11	122411244	122411820	LTR/ERV1	2509	+	288	122411532	96837
chr11	122314695	122514695	harbor1	chr11	122411824	122412827	LTR/ERV1	3233	+	502	122412326	97631
chr11	122314695	122514695	harbor1	chr11	122412894	122413643	LTR/ERV1	3233	+	374	122413268	98573
chr11	122314695	122514695	harbor1	chr11	122413707	122413832	LTR/ERV1	472	+	62	122413769	99074
chr11	122314695	122514695	harbor1	chr11	122413831	122413971	LTR/ERV1	380	+	70	122413901	99206
chr11	122314695	122514695	harbor1	chr11	122413972	122414210	LTR/ERV1	720	+	119	122414091	99396
chr11	122314695	122514695	harbor1	chr11	122414211	122414649	LTR/ERV1	1345	+	219	122414430	99735
chr11	109497366	109697366	harbor1	chr11	109540398	109540689	LTR/ERV1	1319	+	146	109540544	43178
chr11	109497366	109697366	harbor1	chr11	109544321	109544673	LTR/ERV1	1941	+	176	109544497	47131
chr11	109497366	109697366	harbor1	chr11	109544985	109545109	LTR/ERV1	1941	+	62	109545047	47681
chr11	134706957	134906957	harbor1	chr11	134731735	134731939	LTR/ERV1	1980	+	102	134731837	24880
chr11	134706957	134906957	harbor1	chr11	134731940	134732379	LTR/ERV1	1001	+	220	134732160	25203
chr11	134706957	134906957	harbor1	chr11	134732380	134732409	LTR/ERV1	1980	+	14	134732394	25437
chr11	134706957	134906957	harbor1	chr11	134733294	134733675	LTR/ERV1	1980	+	190	134733484	26527
chr11	134706957	134906957	harbor1	chr11	134751563	134752085	LTR/ERV1	1557	+	261	134751824	44867
chr11	13101526	13301526	harbor1	chr11	13108720	13109325	LTR/ERV1	3250	+	302	13109022	7496
chr11	13101526	13301526	harbor1	chr11	13148274	13148774	LTR/ERV1	728	+	250	13148524	46998
chr11	66456185	66656185	harbor1	chr11	66456417	66456568	LTR/ERV1	1029	+	76	66456493	308
chr11	66456185	66656185	harbor1	chr11	66457141	66457456	LTR/ERV1	2523	+	158	66457299	1114
chr11	66456185	66656185	harbor1	chr11	66457768	66457879	LTR/ERV1	2523	+	56	66457824	1639
chr11	133574343	133774343	harbor1	chr11	133626775	133627185	LTR/ERV1	2943	+	205	133626980	52637
chr11	133574343	133774343	harbor1	chr11	133630189	133631036	LTR/ERV1	5832	+	424	133630613	56270
chr11	133574343	133774343	harbor1	chr11	133631040	133631702	LTR/ERV1	4492	+	331	133631371	57028
chr11	133574343	133774343	harbor1	chr11	133631704	133631919	LTR/ERV1	1342	+	108	133631812	57469
chr11	133574343	133774343	harbor1	chr11	133631913	133632296	LTR/ERV1	2464	+	192	133632105	57762
chr11	133574343	133774343	harbor1	chr11	133632297	133632692	LTR/ERV1	2781	+	198	133632495	58152
chr11	133574343	133774343	harbor1	chr11	133627188	133630194	LTR/ERV1	19540	+	1503	133628691	54348
chr11	38037663	38237663	harbor1	chr11	38055478	38056150	LTR/ERV1	4075	+	336	38055814	18151
chr11	38037663	38237663	harbor1	chr11	38111067	38111975	LTR/ERV1	4062	+	454	38111521	73858
chr11	38037663	38237663	harbor1	chr11	38111976	38114907	LTR/ERV1	23275	+	1466	38113442	75779
chr11	38037663	38237663	harbor1	chr11	38114907	38115878	LTR/ERV1	6694	+	486	38115393	77730
chr11	38037663	38237663	harbor1	chr11	38115892	38116662	LTR/ERV1	6450	+	385	38116277	78614
chr11	38037663	38237663	harbor1	chr11	38116663	38117548	LTR/ERV1	4193	+	442	38117105	79442
chr11	3465407	3665407	harbor1	chr11	3507050	3507092	LTR/ERV1	2930	+	21	3507071	41664
chr11	3465407	3665407	harbor1	chr11	3507376	3507812	LTR/ERV1	2930	+	218	3507594	42187
chr11	39344920	39544920	harbor1	chr11	39371257	39371437	LTR/ERV1	426	+	90	39371347	26427
chr11	39344920	39544920	harbor1	chr11	39372579	39372765	LTR/ERV1	1167	+	93	39372672	27752
chr11	39344920	39544920	harbor1	chr11	39372753	39372833	LTR/ERV1	572	+	40	39372793	27873
chr11	39344920	39544920	harbor1	chr11	39373204	39373451	LTR/ERV1	1845	+	124	39373328	28408
chr11	39344920	39544920	harbor1	chr11	39373744	39373952	LTR/ERV1	1845	+	104	39373848	28928
chr11	39344920	39544920	harbor1	chr11	39443900	39444336	LTR/ERV1	1919	+	218	39444118	99198
chr11	104034148	104234148	harbor1	chr11	104122012	104122681	LTR/ERV1	4155	+	334	104122346	88198
chr11	80660109	80860109	harbor1	chr11	80697915	80697982	LTR/ERV1	483	+	34	80697949	37840
chr11	80660109	80860109	harbor1	chr11	80700042	80700400	LTR/ERV1	1878	+	179	80700221	40112
chr11	80660109	80860109	harbor1	chr11	80723391	80723809	LTR/ERV1	1531	+	209	80723600	63491
chr11	80660109	80860109	harbor1	chr11	80742878	80743271	LTR/ERV1	967	+	196	80743074	82965
chr11	80660109	80860109	harbor1	chr11	80743636	80743739	LTR/ERV1	967	+	52	80743688	83579
chr11	93561657	93761657	harbor1	chr11	93595771	93595966	LTR/ERV1	4062	+	98	93595869	34212
chr11	93561657	93761657	harbor1	chr11	93596269	93596691	LTR/ERV1	4062	+	211	93596480	34823
chr11	93561657	93761657	harbor1	chr11	93621611	93622168	LTR/ERV1	4198	+	278	93621889	60232
chr11	93561657	93761657	harbor1	chr11	93624407	93624876	LTR/ERV1	3605	+	234	93624641	62984
chr11	93561657	93761657	harbor1	chr11	93627970	93628142	LTR/ERV1	1256	+	86	93628056	66399
chr11	93561657	93761657	harbor1	chr11	93628139	93628573	LTR/ERV1	2450	+	217	93628356	66699
chr11	78879808	79079808	harbor1	chr11	78937583	78937967	LTR/ERV1	2101	+	192	78937775	57967
chr11	123783886	123983886	harbor1	chr11	123783900	123784548	LTR/ERV1	3403	+	324	123784224	338
chr11	123783886	123983886	harbor1	chr11	123786964	123787236	LTR/ERV1	966	+	136	123787100	3214
chr11	123783886	123983886	harbor1	chr11	123791762	123792001	LTR/ERV1	1235	+	120	123791882	7996
chr11	123783886	123983886	harbor1	chr11	123871994	123872090	LTR/ERV1	649	+	48	123872042	88156
chr11	123783886	123983886	harbor1	chr11	123872628	123872975	LTR/ERV1	2637	+	174	123872802	88916
chr11	123783886	123983886	harbor1	chr11	123876426	123876861	LTR/ERV1	3060	+	218	123876644	92758
chr11	118761380	118961380	harbor1	chr11	118792811	118793159	LTR/ERV1	1669	+	174	118792985	31605
chr12	21974672	22174672	harbor1	chr12	22030116	22030943	LTR/ERV1	4850	+	414	22030530	55858
chr12	21974672	22174672	harbor1	chr12	22031210	22031715	LTR/ERV1	2924	+	252	22031462	56790
chr12	21974672	22174672	harbor1	chr12	22048373	22048879	LTR/ERV1	1326	+	253	22048626	73954
chr12	94480564	94680564	harbor1	chr12	94490980	94491346	LTR/ERV1	1289	+	183	94491163	10599
chr12	94480564	94680564	harbor1	chr12	94494114	94494789	LTR/ERV1	3068	+	338	94494452	13888
chr12	94480564	94680564	harbor1	chr12	94495165	94495798	LTR/ERV1	4817	+	316	94495481	14917
chr12	94480564	94680564	harbor1	chr12	94496201	94496747	LTR/ERV1	1388	+	273	94496474	15910
chr12	94480564	94680564	harbor1	chr12	94498915	94499003	LTR/ERV1	2530	+	44	94498959	18395
chr12	94480564	94680564	harbor1	chr12	94499285	94499703	LTR/ERV1	2530	+	209	94499494	18930
chr12	5048950	5248950	harbor1	chr12	5132945	5133294	LTR/ERV1	948	+	174	5133119	84169
chr12	16244172	16444172	harbor1	chr12	16297033	16297104	LTR/ERV1	3721	+	36	16297069	52897
chr12	16244172	16444172	harbor1	chr12	16297378	16297988	LTR/ERV1	3721	+	305	16297683	53511
chr12	32739466	32939466	harbor1	chr12	32779395	32779633	LTR/ERV1	1228	+	119	32779514	40048
chr12	32739466	32939466	harbor1	chr12	32779632	32779916	LTR/ERV1	1485	+	142	32779774	40308
chr12	114095397	114295397	harbor1	chr12	114174401	114174776	LTR/ERV1	1572	+	188	114174589	79192
chr12	114095397	114295397	harbor1	chr12	114175296	114175557	LTR/ERV1	689	+	130	114175426	80029
chr12	114095397	114295397	harbor1	chr12	114175732	114176009	LTR/ERV1	878	+	138	114175870	80473
chr12	114095397	114295397	harbor1	chr12	114176035	114177504	LTR/ERV1	6159	+	734	114176769	81372
chr12	114095397	114295397	harbor1	chr12	114177503	114178943	LTR/ERV1	8074	+	720	114178223	82826
chr12	114095397	114295397	harbor1	chr12	114179106	114179228	LTR/ERV1	474	+	61	114179167	83770
chr12	114095397	114295397	harbor1	chr12	114179229	114179646	LTR/ERV1	1250	+	208	114179437	84040
chr12	31094007	31294007	harbor1	chr12	31117417	31117564	LTR/ERV1	820	+	74	31117491	23484
chr12	31094007	31294007	harbor1	chr12	31118894	31119042	LTR/ERV1	859	+	74	31118968	24961
chr12	31094007	31294007	harbor1	chr12	31120539	31120678	LTR/ERV1	841	+	70	31120609	26602
chr12	31094007	31294007	harbor1	chr12	31121136	31121738	LTR/ERV1	3899	+	301	31121437	27430
chr12	31094007	31294007	harbor1	chr12	31123028	31123626	LTR/ERV1	3934	+	299	31123327	29320
chr12	31094007	31294007	harbor1	chr12	31150595	31151047	LTR/ERV1	3831	+	226	31150821	56814
chr12	31094007	31294007	harbor1	chr12	31151356	31151639	LTR/ERV1	3831	+	142	31151498	57491
chr12	3323047	3523047	harbor1	chr12	3335871	3336274	LTR/ERV1	1096	+	202	3336073	13026
chr12	74971811	75171811	harbor1	chr12	75017497	75017564	LTR/ERV1	505	+	34	75017531	45720
chr12	95402324	95602324	harbor1	chr12	95467908	95468345	LTR/ERV1	1398	+	218	95468126	65802
chr12	131564005	131764005	harbor1	chr12	131584549	131585044	LTR/ERV1	2493	+	248	131584797	20792
chr12	131564005	131764005	harbor1	chr12	131585787	131586104	LTR/ERV1	1077	+	158	131585945	21940
chr12	131564005	131764005	harbor1	chr12	131586527	131587990	LTR/ERV1	6427	+	732	131587259	23254
chr12	131564005	131764005	harbor1	chr12	131613721	131614161	LTR/ERV1	1901	+	220	131613941	49936
chr12	131564005	131764005	harbor1	chr12	131614295	131614535	LTR/ERV1	5112	+	120	131614415	50410
chr12	131564005	131764005	harbor1	chr12	131614805	131615447	LTR/ERV1	5112	+	321	131615126	51121
chr12	131564005	131764005	harbor1	chr12	131615554	131616064	LTR/ERV1	1327	+	255	131615809	51804
chr12	131564005	131764005	harbor1	chr12	131625308	131625810	LTR/ERV1	4120	+	251	131625559	61554
chr12	131564005	131764005	harbor1	chr12	131658511	131658921	LTR/ERV1	731	+	205	131658716	94711
chr12	131564005	131764005	harbor1	chr12	131659232	131659325	LTR/ERV1	731	+	46	131659278	95273
chr12	60476615	60676615	harbor1	chr12	60517375	60517606	LTR/ERV1	729	+	116	60517491	40876
chr12	60476615	60676615	harbor1	chr12	60517657	60517946	LTR/ERV1	1386	+	144	60517801	41186
chr12	60476615	60676615	harbor1	chr12	60539591	60540007	LTR/ERV1	2514	+	208	60539799	63184
chr12	60476615	60676615	harbor1	chr12	60576360	60576507	LTR/ERV1	505	+	74	60576434	99819
chr12	7460836	7660836	harbor1	chr12	7540201	7540434	LTR/ERV1	960	+	116	7540317	79481
chr12	7460836	7660836	harbor1	chr12	7540570	7540797	LTR/ERV1	901	+	114	7540684	79848
chr12	7460836	7660836	harbor1	chr12	7542102	7542597	LTR/ERV1	2529	+	248	7542350	81514
chr12	5847612	6047612	harbor1	chr12	5924535	5924938	LTR/ERV1	2356	+	202	5924737	77125
chr12	43246758	43446758	harbor1	chr12	43256816	43257269	LTR/ERV1	1404	+	226	43257042	10284
chr12	43246758	43446758	harbor1	chr12	43301923	43302246	LTR/ERV1	1393	+	162	43302085	55327
chr12	43246758	43446758	harbor1	chr12	43310541	43310960	LTR/ERV1	1396	+	210	43310751	63993
chr12	43246758	43446758	harbor1	chr12	43310961	43311581	LTR/ERV1	3912	+	310	43311271	64513
chr12	43246758	43446758	harbor1	chr12	43311582	43311629	LTR/ERV1	1396	+	24	43311606	64848
chr12	43246758	43446758	harbor1	chr12	43311846	43312271	LTR/ERV1	3030	+	212	43312058	65300
chr12	43246758	43446758	harbor1	chr12	43312588	43312635	LTR/ERV1	3030	+	24	43312612	65854
chr12	43246758	43446758	harbor1	chr12	43314057	43314566	LTR/ERV1	2303	+	254	43314311	67553
chr12	43246758	43446758	harbor1	chr12	43341676	43342304	LTR/ERV1	4606	+	314	43341990	95232
chr12	68968222	69168222	harbor1	chr12	68982958	68983353	LTR/ERV1	2840	+	198	68983156	14934
chr12	68968222	69168222	harbor1	chr12	68983354	68984611	LTR/ERV1	8789	+	628	68983982	15760
chr12	68968222	69168222	harbor1	chr12	68984604	68985396	LTR/ERV1	12862	+	396	68985000	16778
chr12	68968222	69168222	harbor1	chr12	68985699	68986658	LTR/ERV1	30022	+	480	68986179	17957
chr12	68968222	69168222	harbor1	chr12	68986919	68987403	LTR/ERV1	30022	+	242	68987161	18939
chr12	68968222	69168222	harbor1	chr12	68987712	68990710	LTR/ERV1	30022	+	1499	68989211	20989
chr12	68968222	69168222	harbor1	chr12	68997893	68997990	LTR/ERV1	711	+	48	68997941	29719
chr12	68968222	69168222	harbor1	chr12	68997991	68998388	LTR/ERV1	2894	+	198	68998189	29967
chr12	68968222	69168222	harbor1	chr12	68999033	68999707	LTR/ERV1	5060	+	337	68999370	31148
chr12	68968222	69168222	harbor1	chr12	69006047	69006664	LTR/ERV1	3663	+	308	69006355	38133
chr12	68968222	69168222	harbor1	chr12	69012051	69012386	LTR/ERV1	981	+	168	69012219	43997
chr12	68968222	69168222	harbor1	chr12	69012387	69012638	LTR/ERV1	771	+	126	69012513	44291
chr12	68968222	69168222	harbor1	chr12	69013391	69013617	LTR/ERV1	1013	+	113	69013504	45282
chr12	68968222	69168222	harbor1	chr12	69013972	69014257	LTR/ERV1	1863	+	142	69014114	45892
chr12	68968222	69168222	harbor1	chr12	69014289	69014651	LTR/ERV1	1382	+	181	69014470	46248
chr12	68968222	69168222	harbor1	chr12	69009265	69009729	LTR/ERV1	2174	+	232	69009497	41275
chr12	81240188	81440188	harbor1	chr12	81330081	81330539	LTR/ERV1	2317	+	229	81330310	90122
chr12	128985440	129185440	harbor1	chr12	128993314	128993491	LTR/ERV1	1316	+	88	128993402	7962
chr12	128985440	129185440	harbor1	chr12	128993792	128994151	LTR/ERV1	1316	+	180	128993972	8532
chr12	128985440	129185440	harbor1	chr12	128995005	128995311	LTR/ERV1	2024	+	153	128995158	9718
chr12	128985440	129185440	harbor1	chr12	129017890	129017963	LTR/ERV1	453	+	36	129017926	32486
chr12	128985440	129185440	harbor1	chr12	129017964	129018042	LTR/ERV1	531	+	39	129018003	32563
chr12	128985440	129185440	harbor1	chr12	129018043	129018119	LTR/ERV1	506	+	38	129018081	32641
chr12	128985440	129185440	harbor1	chr12	129018120	129018198	LTR/ERV1	531	+	39	129018159	32719
chr12	128985440	129185440	harbor1	chr12	129018199	129018277	LTR/ERV1	531	+	39	129018238	32798
chr12	128985440	129185440	harbor1	chr12	129018278	129018356	LTR/ERV1	520	+	39	129018317	32877
chr12	128985440	129185440	harbor1	chr12	129018357	129018939	LTR/ERV1	3428	+	291	129018648	33208
chr12	74192503	74392503	harbor1	chr12	74203895	74204612	LTR/ERV1	1734	+	358	74204253	11750
chr12	74192503	74392503	harbor1	chr12	74216981	74217566	LTR/ERV1	1480	+	292	74217273	24770
chr12	74192503	74392503	harbor1	chr12	74217569	74218564	LTR/ERV1	3802	+	498	74218067	25564
chr12	74192503	74392503	harbor1	chr12	74220505	74221233	LTR/ERV1	1413	+	364	74220869	28366
chr12	74192503	74392503	harbor1	chr12	74221562	74222033	LTR/ERV1	1332	+	236	74221798	29295
chr12	74192503	74392503	harbor1	chr12	74222078	74222447	LTR/ERV1	4634	+	184	74222262	29759
chr12	74192503	74392503	harbor1	chr12	74222882	74223553	LTR/ERV1	4634	+	336	74223218	30715
chr12	74192503	74392503	harbor1	chr12	74223550	74223894	LTR/ERV1	984	+	172	74223722	31219
chr12	74192503	74392503	harbor1	chr12	74223898	74223994	LTR/ERV1	487	+	48	74223946	31443
chr12	74192503	74392503	harbor1	chr12	74224179	74224773	LTR/ERV1	1037	+	297	74224476	31973
chr12	74192503	74392503	harbor1	chr12	74264309	74264745	LTR/ERV1	3101	+	218	74264527	72024
chr12	74192503	74392503	harbor1	chr12	74272589	74273021	LTR/ERV1	3349	+	216	74272805	80302
chr12	74192503	74392503	harbor1	chr12	74264746	74272588	LTR/ERV1	65164	+	3921	74268667	76164
chr12	38249101	38449101	harbor1	chr12	38259327	38260034	LTR/ERV1	5064	+	354	38259681	10580
chr12	38249101	38449101	harbor1	chr12	38313302	38313709	LTR/ERV1	2069	+	204	38313506	64405
chr12	59480829	59680829	harbor1	chr12	59493587	59493989	LTR/ERV1	671	+	201	59493788	12959
chr12	59480829	59680829	harbor1	chr12	59497622	59497782	LTR/ERV1	788	+	80	59497702	16873
chr12	59480829	59680829	harbor1	chr12	59499400	59499926	LTR/ERV1	1988	+	263	59499663	18834
chr12	59480829	59680829	harbor1	chr12	59505245	59505705	LTR/ERV1	2056	+	230	59505475	24646
chr12	12316099	12516099	harbor1	chr12	12319208	12319280	LTR/ERV1	1208	+	36	12319244	3145
chr12	12316099	12516099	harbor1	chr12	12319593	12319784	LTR/ERV1	1208	+	96	12319689	3590
chr12	128058448	128258448	harbor1	chr12	128079858	128079940	LTR/ERV1	487	+	41	128079899	21451
chr12	128058448	128258448	harbor1	chr12	128080118	128080896	LTR/ERV1	4541	+	389	128080507	22059
chr12	128058448	128258448	harbor1	chr12	128082203	128082887	LTR/ERV1	5334	+	342	128082545	24097
chr12	128058448	128258448	harbor1	chr12	128092449	128092863	LTR/ERV1	1286	+	207	128092656	34208
chr12	128058448	128258448	harbor1	chr12	128137741	128138070	LTR/ERV1	1299	+	164	128137905	79457
chr12	94056979	94256979	harbor1	chr12	94112571	94113375	LTR/ERV1	5370	+	402	94112973	55994
chr12	65208481	65408481	harbor1	chr12	65265341	65265552	LTR/ERV1	901	+	106	65265447	56966
chr12	65208481	65408481	harbor1	chr12	65265864	65265930	LTR/ERV1	901	+	33	65265897	57416
chr12	65208481	65408481	harbor1	chr12	65265915	65266100	LTR/ERV1	947	+	92	65266007	57526
chr12	32406090	32606090	harbor1	chr12	32413679	32413832	LTR/ERV1	991	+	76	32413755	7665
chr12	32406090	32606090	harbor1	chr12	32472107	32473651	LTR/ERV1	10791	+	772	32472879	66789
chr12	95882915	96082915	harbor1	chr12	95968951	95969741	LTR/ERV1	9500	+	395	95969346	86431
chr12	95882915	96082915	harbor1	chr12	95970005	95970637	LTR/ERV1	9500	+	316	95970321	87406
chr12	10368295	10568295	harbor1	chr12	10367932	10368398	LTR/ERV1	3196	+	233	10368165	130
chr12	10368295	10568295	harbor1	chr12	10371503	10371737	LTR/ERV1	478	+	117	10371620	3325
chr12	10368295	10568295	harbor1	chr12	10371741	10372258	LTR/ERV1	4025	+	258	10371999	3704
chr12	10368295	10568295	harbor1	chr12	10457626	10458248	LTR/ERV1	3555	+	311	10457937	89642
chr12	10368295	10568295	harbor1	chr12	10369013	10371485	LTR/ERV1	4917	+	1236	10370249	1954
chr12	124871176	125071176	harbor1	chr12	124919340	124920129	LTR/ERV1	3575	+	394	124919734	48558
chr12	124871176	125071176	harbor1	chr12	124936822	124937194	LTR/ERV1	1582	+	186	124937008	65832
chr12	124871176	125071176	harbor1	chr12	124937514	124938486	LTR/ERV1	3949	+	486	124938000	66824
chr12	124871176	125071176	harbor1	chr12	124938490	124938971	LTR/ERV1	1753	+	240	124938730	67554
chr12	109820035	110020035	harbor1	chr12	109881110	109881661	LTR/ERV1	1533	+	276	109881386	61351
chr12	109820035	110020035	harbor1	chr12	109901364	109901927	LTR/ERV1	2836	+	282	109901646	81611
chr12	16131282	16331282	harbor1	chr12	16144678	16144852	LTR/ERV1	2272	+	87	16144765	13483
chr12	16131282	16331282	harbor1	chr12	16145159	16145742	LTR/ERV1	2272	+	292	16145451	14169
chr12	116802124	117002124	harbor1	chr12	116889002	116889421	LTR/ERV1	2408	+	210	116889212	87088
chr12	116802124	117002124	harbor1	chr12	116892874	116893325	LTR/ERV1	3048	+	226	116893100	90976
chr12	6654406	6854406	harbor1	chr12	6708123	6709483	LTR/ERV1	8558	+	680	6708803	54397
chr12	6654406	6854406	harbor1	chr12	6715853	6717297	LTR/ERV1	8842	+	722	6716575	62169
chr12	109413647	109613647	harbor1	chr12	109470592	109471099	LTR/ERV1	2082	+	254	109470846	57199
chr12	109413647	109613647	harbor1	chr12	109506727	109507090	LTR/ERV1	1638	+	182	109506909	93262
chr12	131823977	132023977	harbor1	chr12	131881042	131881130	LTR/ERV1	1062	+	44	131881086	57109
chr12	131823977	132023977	harbor1	chr12	131881452	131881540	LTR/ERV1	1062	+	44	131881496	57519
chr12	1	136307	harbor1	chr12	63945	64407	LTR/ERV1	3781	+	231	64176	64175
chr13	49047700	49247700	harbor1	chr13	49055313	49055904	LTR/ERV1	3588	+	296	49055609	7909
chr13	49047700	49247700	harbor1	chr13	49056201	49056224	LTR/ERV1	2563	+	12	49056213	8513
chr13	102769710	102969710	harbor1	chr13	102775051	102775447	LTR/ERV1	1494	+	198	102775249	5539
chr13	102769710	102969710	harbor1	chr13	102776189	102776397	LTR/ERV1	1021	+	104	102776293	6583
chr13	102769710	102969710	harbor1	chr13	102780162	102780772	LTR/ERV1	4911	+	305	102780467	10757
chr13	35662478	35862478	harbor1	chr13	35739760	35740006	LTR/ERV1	2714	+	123	35739883	77405
chr13	35662478	35862478	harbor1	chr13	35740365	35740778	LTR/ERV1	2714	+	206	35740571	78093
chr13	35662478	35862478	harbor1	chr13	35741075	35741123	LTR/ERV1	2714	+	24	35741099	78621
chr13	35662478	35862478	harbor1	chr13	35742326	35742857	LTR/ERV1	2178	+	266	35742592	80114
chr13	35662478	35862478	harbor1	chr13	35743660	35743834	LTR/ERV1	1305	+	87	35743747	81269
chr13	35662478	35862478	harbor1	chr13	35744385	35744478	LTR/ERV1	1305	+	46	35744431	81953
chr13	35662478	35862478	harbor1	chr13	35744515	35744869	LTR/ERV1	1601	+	177	35744692	82214
chr13	35662478	35862478	harbor1	chr13	35746432	35746571	LTR/ERV1	445	+	70	35746502	84024
chr13	35662478	35862478	harbor1	chr13	35757380	35757944	LTR/ERV1	2676	+	282	35757662	95184
chr13	35662478	35862478	harbor1	chr13	35758872	35759434	LTR/ERV1	2872	+	281	35759153	96675
chr13	80515001	80715001	harbor1	chr13	80527971	80528659	LTR/ERV1	4501	+	344	80528315	13314
chr13	113208809	113408809	harbor1	chr13	113272597	113273118	LTR/ERV1	2522	+	260	113272857	64048
chr13	113208809	113408809	harbor1	chr13	113289365	113289732	LTR/ERV1	989	+	184	113289549	80740
chr13	113208809	113408809	harbor1	chr13	113290122	113290258	LTR/ERV1	989	+	68	113290190	81381
chr13	113208809	113408809	harbor1	chr13	113292005	113292364	LTR/ERV1	1596	+	180	113292185	83376
chr13	113208809	113408809	harbor1	chr13	113292365	113292820	LTR/ERV1	2494	+	228	113292593	83784
chr13	113208809	113408809	harbor1	chr13	113292821	113292894	LTR/ERV1	1596	+	36	113292857	84048
chr13	113208809	113408809	harbor1	chr13	113293795	113294365	LTR/ERV1	2949	+	285	113294080	85271
chr13	69735301	69935301	harbor1	chr13	69741600	69742141	LTR/ERV1	1363	+	270	69741870	6569
chr13	69735301	69935301	harbor1	chr13	69763691	69763962	LTR/ERV1	754	+	136	69763827	28526
chr13	69735301	69935301	harbor1	chr13	69763963	69764102	LTR/ERV1	613	+	70	69764033	28732
chr13	69735301	69935301	harbor1	chr13	69764104	69764459	LTR/ERV1	1519	+	178	69764282	28981
chr13	69735301	69935301	harbor1	chr13	69769407	69770414	LTR/ERV1	3479	+	504	69769911	34610
chr13	69735301	69935301	harbor1	chr13	69802424	69802886	LTR/ERV1	3595	+	231	69802655	67354
chr13	69735301	69935301	harbor1	chr13	69761548	69763690	LTR/ERV1	12452	+	1071	69762619	27318
chr13	35447407	35647407	harbor1	chr13	35468154	35468750	LTR/ERV1	2600	+	298	35468452	21045
chr13	51279069	51479069	harbor1	chr13	51304539	51305091	LTR/ERV1	4380	+	276	51304815	25746
chr13	51279069	51479069	harbor1	chr13	51309363	51309661	LTR/ERV1	2032	+	149	51309512	30443
chr13	51279069	51479069	harbor1	chr13	51309957	51310068	LTR/ERV1	2032	+	56	51310013	30944
chr13	108040563	108240563	harbor1	chr13	108041835	108042370	LTR/ERV1	3904	+	268	108042103	1540
chr13	108040563	108240563	harbor1	chr13	108067616	108067797	LTR/ERV1	1546	+	90	108067706	27143
chr13	108040563	108240563	harbor1	chr13	108068101	108068241	LTR/ERV1	1546	+	70	108068171	27608
chr13	108040563	108240563	harbor1	chr13	108084435	108084881	LTR/ERV1	3074	+	223	108084658	44095
chr13	108040563	108240563	harbor1	chr13	108097851	108098478	LTR/ERV1	3306	+	314	108098165	57602
chr13	108040563	108240563	harbor1	chr13	108120215	108120862	LTR/ERV1	4037	+	324	108120539	79976
chr13	108040563	108240563	harbor1	chr13	108124031	108124617	LTR/ERV1	3822	+	293	108124324	83761
chr13	108040563	108240563	harbor1	chr13	108068709	108069218	LTR/ERV1	3724	+	254	108068963	28400
chr13	108040563	108240563	harbor1	chr13	108085060	108085500	LTR/ERV1	2409	+	220	108085280	44717
chr13	92008256	92208256	harbor1	chr13	92030681	92031000	LTR/ERV1	1420	+	160	92030841	22585
chr13	92008256	92208256	harbor1	chr13	92052916	92053280	LTR/ERV1	570	+	182	92053098	44842
chr13	92008256	92208256	harbor1	chr13	92076548	92077317	LTR/ERV1	5397	+	384	92076932	68676
chr13	26637409	26837409	harbor1	chr13	26657093	26657592	LTR/ERV1	891	+	250	26657343	19934
chr13	26637409	26837409	harbor1	chr13	26697968	26698553	LTR/ERV1	3633	+	292	26698260	60851
chr13	26637409	26837409	harbor1	chr13	26733253	26733807	LTR/ERV1	3180	+	277	26733530	96121
chr13	58607680	58807680	harbor1	chr13	58610608	58610829	LTR/ERV1	4524	+	110	58610718	3038
chr13	58607680	58807680	harbor1	chr13	58611120	58611792	LTR/ERV1	4524	+	336	58611456	3776
chr13	58607680	58807680	harbor1	chr13	58682456	58682954	LTR/ERV1	3867	+	249	58682705	75025
chr13	58607680	58807680	harbor1	chr13	58683775	58683901	LTR/ERV1	3867	+	63	58683838	76158
chr13	58607680	58807680	harbor1	chr13	58687808	58688325	LTR/ERV1	3675	+	258	58688066	80386
chr13	25574448	25774448	harbor1	chr13	25658271	25658355	LTR/ERV1	987	+	42	25658313	83865
chr13	25574448	25774448	harbor1	chr13	25658654	25658942	LTR/ERV1	987	+	144	25658798	84350
chr13	76633960	76833960	harbor1	chr13	76661528	76661611	LTR/ERV1	484	+	42	76661570	27610
chr13	76633960	76833960	harbor1	chr13	76673784	76674062	LTR/ERV1	1000	+	139	76673923	39963
chr13	34855318	35055318	harbor1	chr13	34866722	34867279	LTR/ERV1	1118	+	278	34867000	11682
chr13	34855318	35055318	harbor1	chr13	34903661	34904041	LTR/ERV1	1277	+	190	34903851	48533
chr13	102768648	102968648	harbor1	chr13	102775051	102775447	LTR/ERV1	1494	+	198	102775249	6601
chr13	102768648	102968648	harbor1	chr13	102776189	102776397	LTR/ERV1	1021	+	104	102776293	7645
chr13	102768648	102968648	harbor1	chr13	102780162	102780772	LTR/ERV1	4911	+	305	102780467	11819
chr13	62084606	62284606	harbor1	chr13	62085189	62085638	LTR/ERV1	1910	+	224	62085413	807
chr13	62084606	62284606	harbor1	chr13	62099586	62100493	LTR/ERV1	4868	+	454	62100040	15434
chr13	62084606	62284606	harbor1	chr13	62105461	62106605	LTR/ERV1	3839	+	572	62106033	21427
chr13	62084606	62284606	harbor1	chr13	62115189	62116025	LTR/ERV1	5050	+	418	62115607	31001
chr13	62084606	62284606	harbor1	chr13	62116125	62116705	LTR/ERV1	1410	+	290	62116415	31809
chr13	62084606	62284606	harbor1	chr13	62130597	62130927	LTR/ERV1	2448	+	165	62130762	46156
chr13	62084606	62284606	harbor1	chr13	62131306	62131510	LTR/ERV1	2448	+	102	62131408	46802
chr13	62084606	62284606	harbor1	chr13	62131514	62131748	LTR/ERV1	2253	+	117	62131631	47025
chr13	62084606	62284606	harbor1	chr13	62131749	62132166	LTR/ERV1	2147	+	208	62131957	47351
chr13	62084606	62284606	harbor1	chr13	62132167	62132924	LTR/ERV1	6653	+	378	62132545	47939
chr13	62084606	62284606	harbor1	chr13	62132968	62134677	LTR/ERV1	6653	+	854	62133822	49216
chr13	62084606	62284606	harbor1	chr13	62135278	62135768	LTR/ERV1	2895	+	245	62135523	50917
chr13	62084606	62284606	harbor1	chr13	62135763	62137460	LTR/ERV1	6074	+	848	62136611	52005
chr13	62084606	62284606	harbor1	chr13	62137461	62138400	LTR/ERV1	2730	+	470	62137931	53325
chr13	62084606	62284606	harbor1	chr13	62138405	62139266	LTR/ERV1	4651	+	430	62138835	54229
chr13	62084606	62284606	harbor1	chr13	62139353	62139857	LTR/ERV1	2442	+	252	62139605	54999
chr13	62084606	62284606	harbor1	chr13	62148958	62149453	LTR/ERV1	3625	+	248	62149206	64600
chr13	62084606	62284606	harbor1	chr13	62149474	62151194	LTR/ERV1	6413	+	860	62150334	65728
chr13	62084606	62284606	harbor1	chr13	62152283	62153620	LTR/ERV1	21735	+	668	62152951	68345
chr13	62084606	62284606	harbor1	chr13	62153942	62156146	LTR/ERV1	21735	+	1102	62155044	70438
chr13	62084606	62284606	harbor1	chr13	62156145	62157767	LTR/ERV1	12386	+	811	62156956	72350
chr13	62084606	62284606	harbor1	chr13	62157768	62158242	LTR/ERV1	3340	+	237	62158005	73399
chr13	62084606	62284606	harbor1	chr13	62159376	62159580	LTR/ERV1	661	+	102	62159478	74872
chr13	62084606	62284606	harbor1	chr13	62159566	62159962	LTR/ERV1	1592	+	198	62159764	75158
chr13	62084606	62284606	harbor1	chr13	62160008	62160089	LTR/ERV1	483	+	40	62160048	75442
chr13	62084606	62284606	harbor1	chr13	62160600	62160865	LTR/ERV1	1661	+	132	62160732	76126
chr13	62084606	62284606	harbor1	chr13	62161162	62161311	LTR/ERV1	1661	+	74	62161236	76630
chr13	62084606	62284606	harbor1	chr13	62167612	62169337	LTR/ERV1	6854	+	862	62168474	83868
chr13	25295822	25495822	harbor1	chr13	25359666	25360128	LTR/ERV1	4069	+	231	25359897	64075
chr13	25295822	25495822	harbor1	chr13	25392225	25392794	LTR/ERV1	3439	+	284	25392509	96687
chr13	25295822	25495822	harbor1	chr13	25394615	25395206	LTR/ERV1	2334	+	296	25394911	99089
chr13	81955327	82155327	harbor1	chr13	81977688	81978247	LTR/ERV1	3341	+	280	81977968	22641
chr13	81955327	82155327	harbor1	chr13	81987715	81988115	LTR/ERV1	1399	+	200	81987915	32588
chr13	46299481	46499481	harbor1	chr13	46392055	46392807	LTR/ERV1	5604	+	376	46392431	92950
chr13	20319218	20519218	harbor1	chr13	20324423	20324667	LTR/ERV1	2552	+	122	20324545	5327
chr13	20319218	20519218	harbor1	chr13	20324965	20325537	LTR/ERV1	2786	+	286	20325251	6033
chr13	20319218	20519218	harbor1	chr13	20325752	20326536	LTR/ERV1	4570	+	392	20326144	6926
chr13	20319218	20519218	harbor1	chr13	20343718	20344310	LTR/ERV1	3312	+	296	20344014	24796
chr13	20319218	20519218	harbor1	chr13	20359933	20360425	LTR/ERV1	2682	+	246	20360179	40961
chr13	20319218	20519218	harbor1	chr13	20374977	20375424	LTR/ERV1	2239	+	224	20375201	55983
chr13	77680175	77880175	harbor1	chr13	77768136	77768727	LTR/ERV1	3480	+	296	77768432	88257
chr13	86692386	86892386	harbor1	chr13	86743020	86743383	LTR/ERV1	1431	+	182	86743202	50816
chr13	86692386	86892386	harbor1	chr13	86743684	86743900	LTR/ERV1	1431	+	108	86743792	51406
chr13	86692386	86892386	harbor1	chr13	86790906	86791417	LTR/ERV1	1988	+	256	86791162	98776
chr13	62205568	62405568	harbor1	chr13	62207423	62207910	LTR/ERV1	2947	+	244	62207667	2099
chr13	62205568	62405568	harbor1	chr13	62246597	62247034	LTR/ERV1	633	+	218	62246815	41247
chr13	62205568	62405568	harbor1	chr13	62251102	62251371	LTR/ERV1	1795	+	134	62251236	45668
chr13	62205568	62405568	harbor1	chr13	62287571	62287739	LTR/ERV1	600	+	84	62287655	82087
chr13	59984783	60184783	harbor1	chr13	60001904	60002189	LTR/ERV1	514	+	142	60002046	17263
chr13	41378341	41578341	harbor1	chr13	41393663	41394078	LTR/ERV1	2765	+	208	41393871	15530
chr13	41378341	41578341	harbor1	chr13	41455722	41455916	LTR/ERV1	1185	+	97	41455819	77478
chr13	41378341	41578341	harbor1	chr13	41455997	41456435	LTR/ERV1	3148	+	219	41456216	77875
chr13	85492790	85692790	harbor1	chr13	85498909	85499463	LTR/ERV1	4069	+	277	85499186	6396
chr13	85492790	85692790	harbor1	chr13	85501370	85502099	LTR/ERV1	4005	+	364	85501734	8944
chr13	85492790	85692790	harbor1	chr13	85515649	85516099	LTR/ERV1	2310	+	225	85515874	23084
chr13	85492790	85692790	harbor1	chr13	85543046	85543440	LTR/ERV1	2473	+	197	85543243	50453
chr13	85492790	85692790	harbor1	chr13	85581372	85581877	LTR/ERV1	1624	+	252	85581624	88834
chr13	85492790	85692790	harbor1	chr13	85585753	85585890	LTR/ERV1	652	+	68	85585821	93031
chr13	85492790	85692790	harbor1	chr13	85586946	85587161	LTR/ERV1	652	+	108	85587054	94264
chr13	85492790	85692790	harbor1	chr13	85507694	85509295	LTR/ERV1	7393	+	800	85508494	15704
chr13	87894965	88094965	harbor1	chr13	87912130	87912889	LTR/ERV1	4171	+	380	87912510	17545
chr13	87894965	88094965	harbor1	chr13	87917685	87917792	LTR/ERV1	1436	+	54	87917739	22774
chr13	87894965	88094965	harbor1	chr13	87918106	87918525	LTR/ERV1	1436	+	210	87918316	23351
chr13	87894965	88094965	harbor1	chr13	87922174	87922662	LTR/ERV1	1429	+	244	87922418	27453
chr13	87894965	88094965	harbor1	chr13	87983550	87984027	LTR/ERV1	2681	+	238	87983788	88823
chr13	87894965	88094965	harbor1	chr13	87984031	87984403	LTR/ERV1	1324	+	186	87984217	89252
chr13	87894965	88094965	harbor1	chr13	87985157	87985420	LTR/ERV1	955	+	132	87985289	90324
chr13	87894965	88094965	harbor1	chr13	87985681	87985950	LTR/ERV1	1308	+	134	87985815	90850
chr13	87894965	88094965	harbor1	chr13	87986087	87989833	LTR/ERV1	12671	+	1873	87987960	92995
chr13	87894965	88094965	harbor1	chr13	87990142	87990452	LTR/ERV1	1467	+	155	87990297	95332
chr13	87894965	88094965	harbor1	chr13	87990477	87990935	LTR/ERV1	2446	+	229	87990706	95741
chr13	81302912	81502912	harbor1	chr13	81304524	81304939	LTR/ERV1	2789	+	208	81304732	1820
chr13	81302912	81502912	harbor1	chr13	81306982	81307750	LTR/ERV1	2838	+	384	81307366	4454
chr13	81302912	81502912	harbor1	chr13	81318942	81319915	LTR/ERV1	6017	+	486	81319428	16516
chr13	81302912	81502912	harbor1	chr13	81330333	81331281	LTR/ERV1	3177	+	474	81330807	27895
chr13	81302912	81502912	harbor1	chr13	81353797	81354222	LTR/ERV1	2578	+	212	81354009	51097
chr13	81302912	81502912	harbor1	chr13	81383356	81384005	LTR/ERV1	2986	+	324	81383680	80768
chr13	81302912	81502912	harbor1	chr13	81388715	81388897	LTR/ERV1	481	+	91	81388806	85894
chr13	81302912	81502912	harbor1	chr13	81389040	81389259	LTR/ERV1	494	+	110	81389150	86238
chr13	81302912	81502912	harbor1	chr13	81390288	81390624	LTR/ERV1	996	+	168	81390456	87544
chr13	81302912	81502912	harbor1	chr13	81392687	81393242	LTR/ERV1	3116	+	278	81392965	90053
chr13	81302912	81502912	harbor1	chr13	81394712	81394957	LTR/ERV1	1429	+	122	81394834	91922
chr13	81302912	81502912	harbor1	chr13	81396217	81396931	LTR/ERV1	3605	+	357	81396574	93662
chr13	72836662	73036662	harbor1	chr13	72851059	72852651	LTR/ERV1	7245	+	796	72851855	15193
chr13	58719302	58919302	harbor1	chr13	58726800	58727262	LTR/ERV1	3193	+	231	58727031	7729
chr13	58719302	58919302	harbor1	chr13	58773221	58774427	LTR/ERV1	7063	+	603	58773824	54522
chr13	97794457	97994457	harbor1	chr13	97826570	97827173	LTR/ERV1	4160	+	302	97826872	32415
chr13	97794457	97994457	harbor1	chr13	97867353	97868066	LTR/ERV1	4823	+	356	97867709	73252
chr13	97794457	97994457	harbor1	chr13	97875888	97876493	LTR/ERV1	3223	+	302	97876190	81733
chr13	97794457	97994457	harbor1	chr13	97880754	97881344	LTR/ERV1	3287	+	295	97881049	86592
chr13	61189938	61389938	harbor1	chr13	61205682	61206083	LTR/ERV1	2570	+	200	61205882	15944
chr13	61189938	61389938	harbor1	chr13	61206086	61206458	LTR/ERV1	2781	+	186	61206272	16334
chr13	61189938	61389938	harbor1	chr13	61206453	61210287	LTR/ERV1	23090	+	1917	61208370	18432
chr13	61189938	61389938	harbor1	chr13	61210289	61210504	LTR/ERV1	1432	+	108	61210397	20459
chr13	61189938	61389938	harbor1	chr13	61210877	61211279	LTR/ERV1	2449	+	201	61211078	21140
chr13	61189938	61389938	harbor1	chr13	61279524	61279953	LTR/ERV1	1654	+	214	61279738	89800
chr13	61189938	61389938	harbor1	chr13	61210498	61210876	LTR/ERV1	2318	+	189	61210687	20749
chr13	48058307	48258307	harbor1	chr13	48056767	48059812	LTR/ERV1	19631	+	1522	48058289	18
chr13	48058307	48258307	harbor1	chr13	48059792	48060624	LTR/ERV1	5675	+	416	48060208	1901
chr13	48058307	48258307	harbor1	chr13	48060627	48061289	LTR/ERV1	4623	+	331	48060958	2651
chr13	48058307	48258307	harbor1	chr13	48061291	48061506	LTR/ERV1	1431	+	108	48061399	3092
chr13	48058307	48258307	harbor1	chr13	48061507	48061883	LTR/ERV1	2438	+	188	48061695	3388
chr13	48058307	48258307	harbor1	chr13	48061884	48062289	LTR/ERV1	2926	+	202	48062086	3779
chr13	48058307	48258307	harbor1	chr13	48066639	48067063	LTR/ERV1	2399	+	212	48066851	8544
chr13	48058307	48258307	harbor1	chr13	48067068	48067306	LTR/ERV1	951	+	119	48067187	8880
chr13	48058307	48258307	harbor1	chr13	48067286	48067798	LTR/ERV1	3058	+	256	48067542	9235
chr13	48058307	48258307	harbor1	chr13	48071757	48072351	LTR/ERV1	28874	+	297	48072054	13747
chr13	48058307	48258307	harbor1	chr13	48072370	48072767	LTR/ERV1	2065	+	198	48072568	14261
chr13	48058307	48258307	harbor1	chr13	48156554	48156906	LTR/ERV1	1739	+	176	48156730	98423
chr13	48058307	48258307	harbor1	chr13	48067799	48071465	LTR/ERV1	28874	+	1833	48069632	11325
chr13	29080377	29280377	harbor1	chr13	29092069	29092785	LTR/ERV1	4146	+	358	29092427	12050
chr13	97265963	97465963	harbor1	chr13	97289760	97290194	LTR/ERV1	2787	+	217	97289977	24014
chr14	73038878	73238878	harbor1	chr14	73127576	73128039	LTR/ERV1	3446	+	232	73127808	88930
chr14	23247661	23447661	harbor1	chr14	23254931	23255341	LTR/ERV1	2142	+	205	23255136	7475
chr14	23247661	23447661	harbor1	chr14	23287055	23287232	LTR/ERV1	2655	+	88	23287143	39482
chr14	23247661	23447661	harbor1	chr14	23287556	23287803	LTR/ERV1	2655	+	124	23287680	40019
chr14	23247661	23447661	harbor1	chr14	23288108	23288181	LTR/ERV1	2655	+	36	23288144	40483
chr14	23247661	23447661	harbor1	chr14	23288519	23288533	LTR/ERV1	2655	+	7	23288526	40865
chr14	23247661	23447661	harbor1	chr14	23335106	23335298	LTR/ERV1	3242	+	96	23335202	87541
chr14	23247661	23447661	harbor1	chr14	23335608	23336013	LTR/ERV1	3242	+	202	23335810	88149
chr14	23247661	23447661	harbor1	chr14	23336017	23336610	LTR/ERV1	2732	+	296	23336313	88652
chr14	23247661	23447661	harbor1	chr14	23336725	23337068	LTR/ERV1	1412	+	172	23336897	89236
chr14	23247661	23447661	harbor1	chr14	23337068	23337151	LTR/ERV1	8277	+	42	23337110	89449
chr14	23247661	23447661	harbor1	chr14	23337443	23338858	LTR/ERV1	8277	+	708	23338151	90490
chr14	23247661	23447661	harbor1	chr14	23339242	23339848	LTR/ERV1	6551	+	303	23339545	91884
chr14	23247661	23447661	harbor1	chr14	23340220	23341898	LTR/ERV1	8904	+	839	23341059	93398
chr14	23247661	23447661	harbor1	chr14	23342173	23342277	LTR/ERV1	8904	+	52	23342225	94564
chr14	23247661	23447661	harbor1	chr14	23342380	23343346	LTR/ERV1	8904	+	483	23342863	95202
chr14	23247661	23447661	harbor1	chr14	23343319	23343860	LTR/ERV1	6522	+	270	23343589	95928
chr14	23247661	23447661	harbor1	chr14	23344140	23344650	LTR/ERV1	6522	+	255	23344395	96734
chr14	23247661	23447661	harbor1	chr14	23344651	23345236	LTR/ERV1	3406	+	292	23344943	97282
chr14	69846416	70046416	harbor1	chr14	69867723	69868433	LTR/ERV1	4052	+	355	69868078	21662
chr14	69846416	70046416	harbor1	chr14	69871869	69872139	LTR/ERV1	1417	+	135	69872004	25588
chr14	58959527	59159527	harbor1	chr14	58964526	58965128	LTR/ERV1	2918	+	301	58964827	5300
chr14	58959527	59159527	harbor1	chr14	58967213	58967773	LTR/ERV1	3465	+	280	58967493	7966
chr14	80997544	81197544	harbor1	chr14	81074996	81075383	LTR/ERV1	2016	+	194	81075190	77646
chr14	80997544	81197544	harbor1	chr14	81081957	81082598	LTR/ERV1	4492	+	320	81082277	84733
chr14	20830302	21030302	harbor1	chr14	20840749	20840844	LTR/ERV1	470	+	48	20840797	10495
chr14	20830302	21030302	harbor1	chr14	20877039	20877619	LTR/ERV1	1601	+	290	20877329	47027
chr14	20830302	21030302	harbor1	chr14	20892420	20892669	LTR/ERV1	999	+	124	20892544	62242
chr14	20830302	21030302	harbor1	chr14	20895325	20895769	LTR/ERV1	2508	+	222	20895547	65245
chr14	20830302	21030302	harbor1	chr14	20920513	20920612	LTR/ERV1	928	+	50	20920563	90261
chr14	20830302	21030302	harbor1	chr14	20920948	20921236	LTR/ERV1	928	+	144	20921092	90790
chr14	20830302	21030302	harbor1	chr14	20923900	20924352	LTR/ERV1	2641	+	226	20924126	93824
chr14	98224347	98424347	harbor1	chr14	98256307	98257220	LTR/ERV1	4956	+	456	98256763	32416
chr14	66936800	67136800	harbor1	chr14	67025876	67026075	LTR/ERV1	722	+	100	67025976	89176
chr14	55828373	56028373	harbor1	chr14	55831318	55831940	LTR/ERV1	4416	+	311	55831629	3256
chr14	55828373	56028373	harbor1	chr14	55833828	55834334	LTR/ERV1	3727	+	253	55834081	5708
chr14	55828373	56028373	harbor1	chr14	55839339	55840661	LTR/ERV1	5830	+	661	55840000	11627
chr14	80691491	80891491	harbor1	chr14	80718967	80719462	LTR/ERV1	2636	+	248	80719215	27724
chr14	80691491	80891491	harbor1	chr14	80772067	80772826	LTR/ERV1	4109	+	380	80772447	80956
chr14	97698129	97898129	harbor1	chr14	97776262	97776814	LTR/ERV1	2323	+	276	97776538	78409
chr14	76600498	76800498	harbor1	chr14	76656393	76656547	LTR/ERV1	606	+	77	76656470	55972
chr14	76600498	76800498	harbor1	chr14	76656603	76656745	LTR/ERV1	1091	+	71	76656674	56176
chr14	76600498	76800498	harbor1	chr14	76656845	76657043	LTR/ERV1	1416	+	99	76656944	56446
chr14	76600498	76800498	harbor1	chr14	76657044	76657448	LTR/ERV1	2913	+	202	76657246	56748
chr14	76600498	76800498	harbor1	chr14	76679282	76679690	LTR/ERV1	3650	+	204	76679486	78988
chr14	76600498	76800498	harbor1	chr14	76679691	76680242	LTR/ERV1	4412	+	276	76679967	79469
chr14	76600498	76800498	harbor1	chr14	76680243	76680361	LTR/ERV1	3650	+	59	76680302	79804
chr14	76600498	76800498	harbor1	chr14	76680715	76681194	LTR/ERV1	3284	+	240	76680955	80457
chr14	76600498	76800498	harbor1	chr14	76687591	76688292	LTR/ERV1	4284	+	350	76687941	87443
chr14	76600498	76800498	harbor1	chr14	76696217	76696802	LTR/ERV1	3309	+	292	76696509	96011
chr14	76600498	76800498	harbor1	chr14	76699077	76699955	LTR/ERV1	5769	+	439	76699516	99018
chr14	19605217	19805217	harbor1	chr14	19694595	19695473	LTR/ERV1	2004	+	439	19695034	89817
chr14	19605217	19805217	harbor1	chr14	19695481	19695693	LTR/ERV1	688	+	106	19695587	90370
chr14	44071563	44271563	harbor1	chr14	44090514	44090726	LTR/ERV1	492	+	106	44090620	19057
chr14	44071563	44271563	harbor1	chr14	44090953	44091246	LTR/ERV1	2432	+	146	44091099	19536
chr14	44071563	44271563	harbor1	chr14	44091546	44092395	LTR/ERV1	2432	+	424	44091970	20407
chr14	44071563	44271563	harbor1	chr14	44092644	44092979	LTR/ERV1	663	+	168	44092812	21249
chr14	44071563	44271563	harbor1	chr14	44108720	44109099	LTR/ERV1	2346	+	190	44108910	37347
chr14	87095251	87295251	harbor1	chr14	87102522	87102619	LTR/ERV1	626	+	48	87102570	7319
chr14	87095251	87295251	harbor1	chr14	87102810	87103373	LTR/ERV1	1233	+	282	87103092	7841
chr14	87095251	87295251	harbor1	chr14	87113255	87113631	LTR/ERV1	2417	+	188	87113443	18192
chr14	87095251	87295251	harbor1	chr14	87117591	87118753	LTR/ERV1	24674	+	581	87118172	22921
chr14	87095251	87295251	harbor1	chr14	87119058	87119841	LTR/ERV1	19740	+	392	87119450	24199
chr14	87095251	87295251	harbor1	chr14	87119845	87120216	LTR/ERV1	2488	+	186	87120031	24780
chr14	87095251	87295251	harbor1	chr14	87149944	87150445	LTR/ERV1	1905	+	250	87150194	54943
chr14	87095251	87295251	harbor1	chr14	87154781	87155209	LTR/ERV1	3742	+	214	87154995	59744
chr14	87095251	87295251	harbor1	chr14	87155518	87155746	LTR/ERV1	3742	+	114	87155632	60381
chr14	87095251	87295251	harbor1	chr14	87183770	87184145	LTR/ERV1	1510	+	188	87183958	88707
chr14	87095251	87295251	harbor1	chr14	87113632	87117555	LTR/ERV1	24674	+	1962	87115594	20343
chr14	34236100	34436100	harbor1	chr14	34257406	34258003	LTR/ERV1	2487	+	298	34257704	21604
chr14	34236100	34436100	harbor1	chr14	34297741	34298390	LTR/ERV1	1519	+	324	34298065	61965
chr14	34236100	34436100	harbor1	chr14	34332196	34332572	LTR/ERV1	1685	+	188	34332384	96284
chr14	34236100	34436100	harbor1	chr14	34332599	34333254	LTR/ERV1	3022	+	328	34332927	96827
chr14	53693796	53893796	harbor1	chr14	53773664	53773882	LTR/ERV1	546	+	109	53773773	79977
chr14	53693796	53893796	harbor1	chr14	53773933	53774063	LTR/ERV1	525	+	65	53773998	80202
chr14	53693796	53893796	harbor1	chr14	53774273	53774434	LTR/ERV1	525	+	80	53774353	80557
chr14	62376126	62576126	harbor1	chr14	62442653	62443356	LTR/ERV1	4346	+	352	62443005	66879
chr14	62376126	62576126	harbor1	chr14	62445551	62445961	LTR/ERV1	2570	+	205	62445756	69630
chr14	62376126	62576126	harbor1	chr14	62445975	62446077	LTR/ERV1	636	+	51	62446026	69900
chr14	62376126	62576126	harbor1	chr14	62448475	62448559	LTR/ERV1	481	+	42	62448517	72391
chr14	62376126	62576126	harbor1	chr14	62451019	62451125	LTR/ERV1	2246	+	53	62451072	74946
chr14	62376126	62576126	harbor1	chr14	62451167	62451623	LTR/ERV1	2246	+	228	62451395	75269
chr14	85865398	86065398	harbor1	chr14	85934518	85934812	LTR/ERV1	854	+	147	85934665	69267
chr14	85865398	86065398	harbor1	chr14	85937181	85937429	LTR/ERV1	4270	+	124	85937305	71907
chr14	85865398	86065398	harbor1	chr14	85937749	85938148	LTR/ERV1	4270	+	200	85937949	72551
chr14	46248771	46448771	harbor1	chr14	46256190	46256593	LTR/ERV1	1051	+	202	46256392	7621
chr14	46248771	46448771	harbor1	chr14	46287847	46287964	LTR/ERV1	529	+	58	46287905	39134
chr14	46248771	46448771	harbor1	chr14	46289073	46289631	LTR/ERV1	529	+	279	46289352	40581
chr14	46248771	46448771	harbor1	chr14	46320854	46321408	LTR/ERV1	4343	+	277	46321131	72360
chr14	46248771	46448771	harbor1	chr14	46322018	46322281	LTR/ERV1	1183	+	132	46322150	73379
chr14	46248771	46448771	harbor1	chr14	46337988	46338433	LTR/ERV1	2290	+	222	46338210	89439
chr14	78806683	79006683	harbor1	chr14	78819635	78820073	LTR/ERV1	2586	+	219	78819854	13171
chr14	78806683	79006683	harbor1	chr14	78867609	78867911	LTR/ERV1	1133	+	151	78867760	61077
chr14	39794968	39994968	harbor1	chr14	39808373	39809040	LTR/ERV1	3526	+	334	39808707	13739
chr14	39794968	39994968	harbor1	chr14	39841118	39841491	LTR/ERV1	2240	+	186	39841304	46336
chr14	39794968	39994968	harbor1	chr14	39849160	39849669	LTR/ERV1	3101	+	254	39849414	54446
chr14	65202260	65402260	harbor1	chr14	65202775	65203462	LTR/ERV1	5394	+	344	65203119	859
chr14	65202260	65402260	harbor1	chr14	65210075	65210535	LTR/ERV1	2168	+	230	65210305	8045
chr14	65202260	65402260	harbor1	chr14	65258367	65258795	LTR/ERV1	3545	+	214	65258581	56321
chr14	65202260	65402260	harbor1	chr14	65259107	65259273	LTR/ERV1	3545	+	83	65259190	56930
chr14	65202260	65402260	harbor1	chr14	65301902	65302341	LTR/ERV1	1946	+	220	65302122	99862
chr14	61209798	61409798	harbor1	chr14	61235877	61236095	LTR/ERV1	1378	+	109	61235986	26188
chr14	61209798	61409798	harbor1	chr14	61236238	61236429	LTR/ERV1	4099	+	96	61236334	26536
chr14	61209798	61409798	harbor1	chr14	61236736	61237106	LTR/ERV1	4099	+	185	61236921	27123
chr14	61209798	61409798	harbor1	chr14	61237260	61237928	LTR/ERV1	4032	+	334	61237594	27796
chr14	61209798	61409798	harbor1	chr14	61300586	61301215	LTR/ERV1	3665	+	314	61300900	91102
chr14	43152444	43352444	harbor1	chr14	43184397	43185029	LTR/ERV1	3842	+	316	43184713	32269
chr14	43152444	43352444	harbor1	chr14	43245728	43246539	LTR/ERV1	5813	+	406	43246134	93690
chr14	43152444	43352444	harbor1	chr14	43246540	43246685	LTR/ERV1	795	+	72	43246612	94168
chr14	48626883	48826883	harbor1	chr14	48629557	48629947	LTR/ERV1	1493	+	195	48629752	2869
chr14	104464333	104664333	harbor1	chr14	104528698	104528945	LTR/ERV1	2230	+	124	104528822	64489
chr14	104464333	104664333	harbor1	chr14	104529239	104529466	LTR/ERV1	2230	+	114	104529353	65020
chr14	104464333	104664333	harbor1	chr14	104531689	104532137	LTR/ERV1	2715	+	224	104531913	67580
chr14	104464333	104664333	harbor1	chr14	104534640	104535038	LTR/ERV1	1790	+	199	104534839	70506
chr14	58767942	58967942	harbor1	chr14	58833756	58835200	LTR/ERV1	9032	+	722	58834478	66536
chr14	27153934	27353934	harbor1	chr14	27163641	27164500	LTR/ERV1	4379	+	430	27164071	10137
chr14	27153934	27353934	harbor1	chr14	27196657	27196738	LTR/ERV1	535	+	40	27196697	42763
chr14	27153934	27353934	harbor1	chr14	27219107	27219229	LTR/ERV1	2922	+	61	27219168	65234
chr14	27153934	27353934	harbor1	chr14	27219571	27219998	LTR/ERV1	2922	+	214	27219785	65851
chr14	23829601	24029601	harbor1	chr14	23830614	23831005	LTR/ERV1	1141	+	196	23830810	1209
chr14	23829601	24029601	harbor1	chr14	23840405	23841424	LTR/ERV1	3240	+	510	23840915	11314
chr14	23829601	24029601	harbor1	chr14	23849134	23851206	LTR/ERV1	7492	+	1036	23850170	20569
chr14	23829601	24029601	harbor1	chr14	23852934	23853700	LTR/ERV1	1582	+	383	23853317	23716
chr14	23829601	24029601	harbor1	chr14	23854002	23854139	LTR/ERV1	1582	+	68	23854070	24469
chr14	23829601	24029601	harbor1	chr14	23855972	23856841	LTR/ERV1	3387	+	434	23856406	26805
chr14	23829601	24029601	harbor1	chr14	23857150	23857269	LTR/ERV1	3387	+	60	23857210	27609
chr14	23829601	24029601	harbor1	chr14	23857265	23857728	LTR/ERV1	1732	+	232	23857497	27896
chr14	23829601	24029601	harbor1	chr14	23857729	23857834	LTR/ERV1	2384	+	52	23857781	28180
chr14	23829601	24029601	harbor1	chr14	23858131	23858500	LTR/ERV1	2384	+	184	23858315	28714
chr14	23829601	24029601	harbor1	chr14	23891574	23893122	LTR/ERV1	10968	+	774	23892348	62747
chr14	23829601	24029601	harbor1	chr14	23895071	23895332	LTR/ERV1	798	+	130	23895201	65600
chr14	23829601	24029601	harbor1	chr14	23854318	23855666	LTR/ERV1	4982	+	674	23854992	25391
chr14	28274284	28474284	harbor1	chr14	28274368	28274971	LTR/ERV1	1915	+	302	28274670	386
chr14	28274284	28474284	harbor1	chr14	28300811	28301556	LTR/ERV1	2027	+	372	28301183	26899
chr14	28274284	28474284	harbor1	chr14	28349284	28349359	LTR/ERV1	937	+	38	28349322	75038
chr14	28274284	28474284	harbor1	chr14	28349663	28349829	LTR/ERV1	937	+	83	28349746	75462
chr14	28274284	28474284	harbor1	chr14	28365108	28365900	LTR/ERV1	4402	+	396	28365504	91220
chr14	33843256	34043256	harbor1	chr14	33868119	33868269	LTR/ERV1	1092	+	75	33868194	24938
chr14	33843256	34043256	harbor1	chr14	33868357	33869165	LTR/ERV1	5058	+	404	33868761	25505
chr14	33843256	34043256	harbor1	chr14	33869164	33870027	LTR/ERV1	13116	+	432	33869596	26340
chr14	33843256	34043256	harbor1	chr14	33870340	33873986	LTR/ERV1	13324	+	1823	33872163	28907
chr14	33843256	34043256	harbor1	chr14	33873987	33874435	LTR/ERV1	3433	+	224	33874211	30955
chr14	33843256	34043256	harbor1	chr14	33884410	33884934	LTR/ERV1	2860	+	262	33884672	41416
chr14	33843256	34043256	harbor1	chr14	33900783	33901129	LTR/ERV1	9642	+	173	33900956	57700
chr14	33843256	34043256	harbor1	chr14	33901431	33902749	LTR/ERV1	9642	+	659	33902090	58834
chr14	62591670	62791670	harbor1	chr14	62652215	62652334	LTR/ERV1	1172	+	60	62652275	60605
chr14	62591670	62791670	harbor1	chr14	62652691	62652951	LTR/ERV1	1172	+	130	62652821	61151
chr14	62591670	62791670	harbor1	chr14	62657401	62658255	LTR/ERV1	5299	+	427	62657828	66158
chr14	78292435	78492435	harbor1	chr14	78371031	78371819	LTR/ERV1	3048	+	394	78371425	78990
chr14	85195821	85395821	harbor1	chr14	85204263	85205198	LTR/ERV1	5771	+	468	85204731	8910
chr14	85195821	85395821	harbor1	chr14	85223533	85224236	LTR/ERV1	1760	+	352	85223885	28064
chr14	85195821	85395821	harbor1	chr14	85226167	85226803	LTR/ERV1	3022	+	318	85226485	30664
chr14	85195821	85395821	harbor1	chr14	85294667	85295156	LTR/ERV1	1185	+	244	85294911	99090
chr14	103994577	104194577	harbor1	chr14	104003324	104003506	LTR/ERV1	1200	+	91	104003415	8838
chr14	94024715	94224715	harbor1	chr14	94094087	94094460	LTR/ERV1	2588	+	186	94094273	69558
chr14	94024715	94224715	harbor1	chr14	94094515	94094596	LTR/ERV1	500	+	40	94094555	69840
chr14	94024715	94224715	harbor1	chr14	94094572	94094813	LTR/ERV1	944	+	120	94094692	69977
chr14	94024715	94224715	harbor1	chr14	94094817	94095026	LTR/ERV1	1536	+	104	94094921	70206
chr14	90600642	90800642	harbor1	chr14	90617088	90617471	LTR/ERV1	785	+	192	90617280	16638
chr14	106541148	106741148	harbor1	chr14	106545833	106546211	LTR/ERV1	970	+	189	106546022	4874
chr14	106541148	106741148	harbor1	chr14	106546457	106546887	LTR/ERV1	1516	+	215	106546672	5524
chr14	106541148	106741148	harbor1	chr14	106547083	106547546	LTR/ERV1	1373	+	232	106547315	6167
chr14	106541148	106741148	harbor1	chr14	106547623	106547911	LTR/ERV1	688	+	144	106547767	6619
chr14	106541148	106741148	harbor1	chr14	106548062	106548232	LTR/ERV1	515	+	85	106548147	6999
chr14	106541148	106741148	harbor1	chr14	106560258	106560446	LTR/ERV1	662	+	94	106560352	19204
chr14	106541148	106741148	harbor1	chr14	106560761	106561258	LTR/ERV1	1277	+	248	106561009	19861
chr14	106541148	106741148	harbor1	chr14	106561541	106561796	LTR/ERV1	1277	+	128	106561669	20521
chr14	106541148	106741148	harbor1	chr14	106579497	106579623	LTR/ERV1	425	+	63	106579560	38412
chr14	106541148	106741148	harbor1	chr14	106594611	106594801	LTR/ERV1	1014	+	95	106594706	53558
chr14	106541148	106741148	harbor1	chr14	106594909	106595477	LTR/ERV1	2446	+	284	106595193	54045
chr14	106541148	106741148	harbor1	chr14	106595757	106595999	LTR/ERV1	480	+	121	106595878	54730
chr14	106541148	106741148	harbor1	chr14	106596326	106596783	LTR/ERV1	1456	+	228	106596554	55406
chr14	106541148	106741148	harbor1	chr14	106597080	106597383	LTR/ERV1	1456	+	152	106597232	56084
chr14	106541148	106741148	harbor1	chr14	106609455	106609612	LTR/ERV1	582	+	78	106609533	68385
chr14	106541148	106741148	harbor1	chr14	106612942	106613137	LTR/ERV1	479	+	98	106613040	71892
chr14	106541148	106741148	harbor1	chr14	106613214	106613562	LTR/ERV1	543	+	174	106613388	72240
chr14	106541148	106741148	harbor1	chr14	106614812	106615289	LTR/ERV1	805	+	238	106615050	73902
chr14	106541148	106741148	harbor1	chr14	106635080	106635259	LTR/ERV1	600	+	90	106635170	94022
chr14	90075941	90275941	harbor1	chr14	90170005	90170135	LTR/ERV1	772	+	65	90170070	94129
chr14	40228223	40428223	harbor1	chr14	40242584	40243302	LTR/ERV1	2305	+	359	40242943	14720
chr14	82776454	82976454	harbor1	chr14	82805356	82805549	LTR/ERV1	605	+	96	82805452	28998
chr14	82776454	82976454	harbor1	chr14	82805788	82806133	LTR/ERV1	520	+	172	82805960	29506
chr14	82776454	82976454	harbor1	chr14	82872780	82873105	LTR/ERV1	1694	+	162	82872942	96488
chr14	82776454	82976454	harbor1	chr14	82870214	82872779	LTR/ERV1	15866	+	1282	82871496	95042
chr14	33283992	33483992	harbor1	chr14	33366114	33366266	LTR/ERV1	1092	+	76	33366190	82198
chr14	106754933	106954933	harbor1	chr14	106766075	106766627	LTR/ERV1	2674	+	276	106766351	11418
chr14	106754933	106954933	harbor1	chr14	106813137	106814166	LTR/ERV1	3203	+	514	106813651	58718
chr14	106754933	106954933	harbor1	chr14	106821740	106822260	LTR/ERV1	610	+	260	106822000	67067
chr14	82787450	82987450	harbor1	chr14	82805356	82805549	LTR/ERV1	605	+	96	82805452	18002
chr14	82787450	82987450	harbor1	chr14	82805788	82806133	LTR/ERV1	520	+	172	82805960	18510
chr14	82787450	82987450	harbor1	chr14	82872780	82873105	LTR/ERV1	1694	+	162	82872942	85492
chr14	82787450	82987450	harbor1	chr14	82870214	82872779	LTR/ERV1	15866	+	1282	82871496	84046
chr14	83489044	83689044	harbor1	chr14	83501953	83502383	LTR/ERV1	2798	+	215	83502168	13124
chr14	83489044	83689044	harbor1	chr14	83533646	83534161	LTR/ERV1	2178	+	258	83533904	44860
chr14	83489044	83689044	harbor1	chr14	83556407	83556962	LTR/ERV1	3071	+	278	83556685	67641
chr14	83489044	83689044	harbor1	chr14	83572454	83572733	LTR/ERV1	775	+	140	83572594	83550
chr14	105609416	105809416	harbor1	chr14	105609924	105610740	LTR/ERV1	4450	+	408	105610332	916
chr14	105609416	105809416	harbor1	chr14	105614125	105614230	LTR/ERV1	875	+	52	105614177	4761
chr14	105609416	105809416	harbor1	chr14	105614562	105614861	LTR/ERV1	875	+	150	105614712	5296
chr14	105609416	105809416	harbor1	chr14	105615503	105615632	LTR/ERV1	448	+	64	105615567	6151
chr14	105609416	105809416	harbor1	chr14	105615664	105615974	LTR/ERV1	1107	+	155	105615819	6403
chr14	105609416	105809416	harbor1	chr14	105618879	105619519	LTR/ERV1	1326	+	320	105619199	9783
chr14	105609416	105809416	harbor1	chr14	105633541	105633665	LTR/ERV1	864	+	62	105633603	24187
chr14	105609416	105809416	harbor1	chr14	105633997	105634295	LTR/ERV1	864	+	149	105634146	24730
chr14	105609416	105809416	harbor1	chr14	105634937	105635068	LTR/ERV1	436	+	66	105635003	25587
chr14	105609416	105809416	harbor1	chr14	105635100	105635410	LTR/ERV1	1094	+	155	105635255	25839
chr14	105609416	105809416	harbor1	chr14	105638125	105638753	LTR/ERV1	1324	+	314	105638439	29023
chr14	105609416	105809416	harbor1	chr14	105655563	105656381	LTR/ERV1	4606	+	409	105655972	46556
chr14	105609416	105809416	harbor1	chr14	105661787	105662415	LTR/ERV1	1274	+	314	105662101	52685
chr14	105609416	105809416	harbor1	chr14	105670159	105670264	LTR/ERV1	521	+	52	105670211	60795
chr14	105609416	105809416	harbor1	chr14	105670871	105671017	LTR/ERV1	521	+	73	105670944	61528
chr14	105609416	105809416	harbor1	chr14	105676204	105676717	LTR/ERV1	2589	+	256	105676460	67044
chr14	105609416	105809416	harbor1	chr14	105677155	105677505	LTR/ERV1	1954	+	175	105677330	67914
chr14	105609416	105809416	harbor1	chr14	105676726	105676831	LTR/ERV1	1954	+	52	105676778	67362
chr14	21555755	21755755	harbor1	chr14	21589320	21589878	LTR/ERV1	3209	+	279	21589599	33844
chr14	70986147	71186147	harbor1	chr14	70990145	70990258	LTR/ERV1	645	+	56	70990201	4054
chr14	92702515	92902515	harbor1	chr14	92737178	92737764	LTR/ERV1	2498	+	293	92737471	34956
chr14	92702515	92902515	harbor1	chr14	92741929	92742258	LTR/ERV1	796	+	164	92742093	39578
chr14	92702515	92902515	harbor1	chr14	92744222	92744593	LTR/ERV1	1187	+	186	92744408	41893
chr14	92702515	92902515	harbor1	chr14	92749018	92749477	LTR/ERV1	913	+	230	92749248	46733
chr14	92702515	92902515	harbor1	chr14	92750089	92750739	LTR/ERV1	5002	+	325	92750414	47899
chr14	92702515	92902515	harbor1	chr14	92751014	92751119	LTR/ERV1	5002	+	52	92751066	48551
chr14	92702515	92902515	harbor1	chr14	92759739	92760205	LTR/ERV1	3078	+	233	92759972	57457
chr14	92702515	92902515	harbor1	chr14	92760206	92763541	LTR/ERV1	10581	+	1668	92761874	59359
chr14	92702515	92902515	harbor1	chr14	92784773	92785003	LTR/ERV1	2709	+	115	92784888	82373
chr14	92702515	92902515	harbor1	chr14	92785300	92785551	LTR/ERV1	2709	+	126	92785426	82911
chr14	92702515	92902515	harbor1	chr14	92786293	92786623	LTR/ERV1	2709	+	165	92786458	83943
chr14	55779991	55979991	harbor1	chr14	55791522	55791905	LTR/ERV1	2475	+	192	55791714	11723
chr14	55779991	55979991	harbor1	chr14	55792202	55792346	LTR/ERV1	2475	+	72	55792274	12283
chr14	55779991	55979991	harbor1	chr14	55800421	55801088	LTR/ERV1	3067	+	334	55800755	20764
chr14	55779991	55979991	harbor1	chr14	55801257	55801469	LTR/ERV1	3106	+	106	55801363	21372
chr14	55779991	55979991	harbor1	chr14	55801829	55802331	LTR/ERV1	3106	+	251	55802080	22089
chr14	55779991	55979991	harbor1	chr14	55823541	55824090	LTR/ERV1	1564	+	274	55823815	43824
chr14	55779991	55979991	harbor1	chr14	55831318	55831940	LTR/ERV1	4416	+	311	55831629	51638
chr14	55779991	55979991	harbor1	chr14	55833828	55834334	LTR/ERV1	3727	+	253	55834081	54090
chr14	55779991	55979991	harbor1	chr14	55839339	55840661	LTR/ERV1	5830	+	661	55840000	60009
chr14	64981559	65181559	harbor1	chr14	64997127	64997608	LTR/ERV1	2292	+	240	64997367	15808
chr14	39690311	39890311	harbor1	chr14	39733123	39733889	LTR/ERV1	1856	+	383	39733506	43195
chr14	39690311	39890311	harbor1	chr14	39766851	39767048	LTR/ERV1	495	+	98	39766949	76638
chr14	81911155	82111155	harbor1	chr14	81950765	81951288	LTR/ERV1	1886	+	262	81951027	39872
chr14	81911155	82111155	harbor1	chr14	81966954	81967589	LTR/ERV1	3172	+	318	81967272	56117
chr14	79910170	80110170	harbor1	chr14	79917327	79917862	LTR/ERV1	1960	+	268	79917595	7425
chr14	79910170	80110170	harbor1	chr14	79929712	79930397	LTR/ERV1	4575	+	342	79930054	19884
chr14	79910170	80110170	harbor1	chr14	79971334	79971583	LTR/ERV1	480	+	124	79971458	61288
chr14	79910170	80110170	harbor1	chr14	79971644	79971859	LTR/ERV1	494	+	108	79971752	61582
chr14	79910170	80110170	harbor1	chr14	79974550	79974997	LTR/ERV1	2661	+	224	79974774	64604
chr14	37832955	38032955	harbor1	chr14	37896887	37897218	LTR/ERV1	1600	+	166	37897053	64098
chr14	37832955	38032955	harbor1	chr14	37912168	37912450	LTR/ERV1	705	+	141	37912309	79354
chr14	37832955	38032955	harbor1	chr14	37914168	37914913	LTR/ERV1	12680	+	372	37914540	81585
chr14	37832955	38032955	harbor1	chr14	37915199	37916609	LTR/ERV1	12680	+	705	37915904	82949
chr14	37832955	38032955	harbor1	chr14	37912451	37913726	LTR/ERV1	12680	+	638	37913089	80134
chr14	44080478	44280478	harbor1	chr14	44090514	44090726	LTR/ERV1	492	+	106	44090620	10142
chr14	44080478	44280478	harbor1	chr14	44090953	44091246	LTR/ERV1	2432	+	146	44091099	10621
chr14	44080478	44280478	harbor1	chr14	44091546	44092395	LTR/ERV1	2432	+	424	44091970	11492
chr14	44080478	44280478	harbor1	chr14	44092644	44092979	LTR/ERV1	663	+	168	44092812	12334
chr14	44080478	44280478	harbor1	chr14	44108720	44109099	LTR/ERV1	2346	+	190	44108910	28432
chr14	101701807	101901807	harbor1	chr14	101704168	101704655	LTR/ERV1	2938	+	244	101704412	2605
chr14	101701807	101901807	harbor1	chr14	101721191	101721544	LTR/ERV1	2345	+	176	101721367	19560
chr14	101701807	101901807	harbor1	chr14	101735363	101735805	LTR/ERV1	1475	+	221	101735584	33777
chr14	101701807	101901807	harbor1	chr14	101753909	101754408	LTR/ERV1	3775	+	250	101754159	52352
chr14	40659762	40859762	harbor1	chr14	40669704	40670402	LTR/ERV1	2677	+	349	40670053	10291
chr14	40659762	40859762	harbor1	chr14	40671691	40672074	LTR/ERV1	1116	+	192	40671883	12121
chr14	40659762	40859762	harbor1	chr14	40696614	40697187	LTR/ERV1	3052	+	286	40696900	37138
chr14	40659762	40859762	harbor1	chr14	40699643	40700334	LTR/ERV1	4213	+	346	40699989	40227
chr14	40659762	40859762	harbor1	chr14	40722254	40722801	LTR/ERV1	3789	+	274	40722528	62766
chr14	40659762	40859762	harbor1	chr14	40734317	40734786	LTR/ERV1	1349	+	234	40734551	74789
chr14	40659762	40859762	harbor1	chr14	40734879	40735142	LTR/ERV1	436	+	132	40735011	75249
chr14	40659762	40859762	harbor1	chr14	40746253	40746709	LTR/ERV1	995	+	228	40746481	86719
chr14	40659762	40859762	harbor1	chr14	40757279	40757869	LTR/ERV1	1395	+	295	40757574	97812
chr14	46754588	46954588	harbor1	chr14	46783905	46784000	LTR/ERV1	428	+	48	46783953	29365
chr14	46754588	46954588	harbor1	chr14	46819242	46819579	LTR/ERV1	1547	+	168	46819410	64822
chr14	46754588	46954588	harbor1	chr14	46820238	46820708	LTR/ERV1	2508	+	235	46820473	65885
chr14	59281012	59481012	harbor1	chr14	59280890	59281506	LTR/ERV1	1351	+	308	59281198	186
chr14	59281012	59481012	harbor1	chr14	59307143	59307458	LTR/ERV1	658	+	158	59307301	26289
chr14	104285791	104485791	harbor1	chr14	104304402	104304986	LTR/ERV1	941	+	292	104304694	18903
chr15	28613423	28813423	harbor1	chr15	28692132	28692607	LTR/ERV1	2456	+	238	28692370	78947
chr15	92553602	92753602	harbor1	chr15	92566464	92566688	LTR/ERV1	4017	+	112	92566576	12974
chr15	92553602	92753602	harbor1	chr15	92567092	92567629	LTR/ERV1	4017	+	268	92567360	13758
chr15	92553602	92753602	harbor1	chr15	92646445	92647034	LTR/ERV1	3075	+	294	92646739	93137
chr15	92553602	92753602	harbor1	chr15	92647427	92648313	LTR/ERV1	5216	+	443	92647870	94268
chr15	63247604	63447604	harbor1	chr15	63343807	63344438	LTR/ERV1	2439	+	316	63344123	96519
chr15	28494160	28694160	harbor1	chr15	28512450	28512752	LTR/ERV1	1697	+	151	28512601	18441
chr15	86967639	87167639	harbor1	chr15	87041969	87043066	LTR/ERV1	7508	+	548	87042517	74878
chr15	86967639	87167639	harbor1	chr15	87043046	87043899	LTR/ERV1	5792	+	426	87043472	75833
chr15	86967639	87167639	harbor1	chr15	87043902	87044488	LTR/ERV1	2763	+	293	87044195	76556
chr15	86967639	87167639	harbor1	chr15	87044532	87044736	LTR/ERV1	1383	+	102	87044634	76995
chr15	86967639	87167639	harbor1	chr15	87044737	87045106	LTR/ERV1	2207	+	184	87044921	77282
chr15	86967639	87167639	harbor1	chr15	87045107	87045508	LTR/ERV1	2572	+	200	87045307	77668
chr15	36549110	36749110	harbor1	chr15	36632260	36632579	LTR/ERV1	1161	+	160	36632420	83310
chr15	36549110	36749110	harbor1	chr15	36632578	36632745	LTR/ERV1	456	+	84	36632662	83552
chr15	27528623	27728623	harbor1	chr15	27532296	27532428	LTR/ERV1	739	+	66	27532362	3739
chr15	27528623	27728623	harbor1	chr15	27544144	27544541	LTR/ERV1	2300	+	198	27544342	15719
chr15	27528623	27728623	harbor1	chr15	27551222	27551814	LTR/ERV1	1176	+	296	27551518	22895
chr15	27528623	27728623	harbor1	chr15	27575302	27575735	LTR/ERV1	1576	+	216	27575518	46895
chr15	26562414	26762414	harbor1	chr15	26606847	26607274	LTR/ERV1	2927	+	214	26607061	44647
chr15	26562414	26762414	harbor1	chr15	26609860	26610409	LTR/ERV1	2497	+	274	26610134	47720
chr15	26562414	26762414	harbor1	chr15	26610435	26610820	LTR/ERV1	1245	+	192	26610627	48213
chr15	26562414	26762414	harbor1	chr15	26610818	26611565	LTR/ERV1	4141	+	374	26611192	48778
chr15	26562414	26762414	harbor1	chr15	26611565	26612095	LTR/ERV1	3125	+	265	26611830	49416
chr15	26562414	26762414	harbor1	chr15	26633427	26633987	LTR/ERV1	4625	+	280	26633707	71293
chr15	26562414	26762414	harbor1	chr15	26650501	26651375	LTR/ERV1	4138	+	437	26650938	88524
chr15	26562414	26762414	harbor1	chr15	26651622	26652431	LTR/ERV1	2765	+	404	26652026	89612
chr15	26562414	26762414	harbor1	chr15	26652969	26653703	LTR/ERV1	3144	+	367	26653336	90922
chr15	26562414	26762414	harbor1	chr15	26657699	26658444	LTR/ERV1	2575	+	372	26658071	95657
chr15	30893670	31093670	harbor1	chr15	30945982	30946234	LTR/ERV1	620	+	126	30946108	52438
chr15	68051711	68251711	harbor1	chr15	68050568	68052011	LTR/ERV1	2818	+	722	68051290	421
chr15	68051711	68251711	harbor1	chr15	68052012	68052511	LTR/ERV1	1875	+	250	68052262	551
chr15	62403359	62603359	harbor1	chr15	62420586	62421221	LTR/ERV1	4918	+	318	62420904	17545
chr15	26632141	26832141	harbor1	chr15	26633427	26633987	LTR/ERV1	4625	+	280	26633707	1566
chr15	26632141	26832141	harbor1	chr15	26650501	26651375	LTR/ERV1	4138	+	437	26650938	18797
chr15	26632141	26832141	harbor1	chr15	26651622	26652431	LTR/ERV1	2765	+	404	26652026	19885
chr15	26632141	26832141	harbor1	chr15	26652969	26653703	LTR/ERV1	3144	+	367	26653336	21195
chr15	26632141	26832141	harbor1	chr15	26657699	26658444	LTR/ERV1	2575	+	372	26658071	25930
chr15	26632141	26832141	harbor1	chr15	26672141	26672672	LTR/ERV1	769	+	266	26672407	40266
chr15	26632141	26832141	harbor1	chr15	26719883	26720337	LTR/ERV1	3401	+	227	26720110	87969
chr15	26632141	26832141	harbor1	chr15	26721175	26721686	LTR/ERV1	2985	+	256	26721431	89290
chr15	26632141	26832141	harbor1	chr15	26724266	26724978	LTR/ERV1	4114	+	356	26724622	92481
chr15	55071191	55271191	harbor1	chr15	55088143	55088457	LTR/ERV1	671	+	157	55088300	17109
chr15	55071191	55271191	harbor1	chr15	55115425	55115774	LTR/ERV1	642	+	174	55115599	44408
chr15	55071191	55271191	harbor1	chr15	55116639	55116905	LTR/ERV1	569	+	133	55116772	45581
chr15	97143696	97343696	harbor1	chr15	97224091	97225091	LTR/ERV1	3865	+	500	97224591	80895
chr15	97143696	97343696	harbor1	chr15	97234024	97234482	LTR/ERV1	2766	+	229	97234253	90557
chr15	97143696	97343696	harbor1	chr15	97173033	97173632	LTR/ERV1	3399	+	300	97173333	29637
chr15	55360600	55560600	harbor1	chr15	55390815	55391119	LTR/ERV1	613	+	152	55390967	30367
chr15	55360600	55560600	harbor1	chr15	55391416	55391546	LTR/ERV1	613	+	65	55391481	30881
chr15	55360600	55560600	harbor1	chr15	55393706	55394067	LTR/ERV1	2763	+	180	55393886	33286
chr15	55360600	55560600	harbor1	chr15	55394648	55395152	LTR/ERV1	3374	+	252	55394900	34300
chr15	55360600	55560600	harbor1	chr15	55424524	55424591	LTR/ERV1	1710	+	34	55424558	63958
chr15	55360600	55560600	harbor1	chr15	55425165	55425485	LTR/ERV1	1710	+	160	55425325	64725
chr15	55360600	55560600	harbor1	chr15	55426728	55426933	LTR/ERV1	994	+	102	55426830	66230
chr15	55360600	55560600	harbor1	chr15	55428836	55428938	LTR/ERV1	994	+	51	55428887	68287
chr15	28071869	28271869	harbor1	chr15	28082045	28082484	LTR/ERV1	2763	+	220	28082265	10396
chr15	38985749	39185749	harbor1	chr15	39082348	39082841	LTR/ERV1	587	+	246	39082594	96845
chr15	47728354	47928354	harbor1	chr15	47780202	47780744	LTR/ERV1	3515	+	271	47780473	52119
chr15	34596325	34796325	harbor1	chr15	34655382	34655515	LTR/ERV1	686	+	66	34655448	59123
chr15	34596325	34796325	harbor1	chr15	34656194	34656851	LTR/ERV1	4217	+	328	34656522	60197
chr15	39785612	39985612	harbor1	chr15	39846207	39846376	LTR/ERV1	1285	+	84	39846291	60679
chr15	23868324	24068324	harbor1	chr15	23873342	23874096	LTR/ERV1	5316	+	377	23873719	5395
chr15	23868324	24068324	harbor1	chr15	23962442	23962990	LTR/ERV1	2799	+	274	23962716	94392
chr15	46132878	46332878	harbor1	chr15	46143170	46143423	LTR/ERV1	1217	+	126	46143296	10418
chr15	46132878	46332878	harbor1	chr15	46143441	46143587	LTR/ERV1	558	+	73	46143514	10636
chr15	46132878	46332878	harbor1	chr15	46143583	46145342	LTR/ERV1	5760	+	880	46144463	11585
chr15	46132878	46332878	harbor1	chr15	46145340	46145491	LTR/ERV1	993	+	76	46145416	12538
chr15	46132878	46332878	harbor1	chr15	46145479	46145785	LTR/ERV1	1503	+	153	46145632	12754
chr15	46132878	46332878	harbor1	chr15	46145787	46147365	LTR/ERV1	7764	+	789	46146576	13698
chr15	46132878	46332878	harbor1	chr15	46190976	46191434	LTR/ERV1	2514	+	229	46191205	58327
chr15	46132878	46332878	harbor1	chr15	46208816	46209203	LTR/ERV1	2092	+	194	46209010	76132
chr15	46132878	46332878	harbor1	chr15	46209549	46209709	LTR/ERV1	1001	+	80	46209629	76751
chr15	71703398	71903398	harbor1	chr15	71801954	71802411	LTR/ERV1	2600	+	228	71802182	98784
chr15	92875520	93075520	harbor1	chr15	92915724	92916340	LTR/ERV1	3634	+	308	92916032	40512
chr15	20770586	20970586	harbor1	chr15	20788809	20789401	LTR/ERV1	2319	+	296	20789105	18519
chr15	20770586	20970586	harbor1	chr15	20848871	20849359	LTR/ERV1	1462	+	244	20849115	78529
chr15	72836684	73036684	harbor1	chr15	72876311	72876839	LTR/ERV1	3213	+	264	72876575	39891
chr15	72836684	73036684	harbor1	chr15	72923317	72923690	LTR/ERV1	682	+	186	72923503	86819
chr15	93792469	93992469	harbor1	chr15	93857047	93857369	LTR/ERV1	777	+	161	93857208	64739
chr15	66396819	66596819	harbor1	chr15	66467255	66467489	LTR/ERV1	1500	+	117	66467372	70553
chr15	66856183	67056183	harbor1	chr15	66857645	66857938	LTR/ERV1	1452	+	146	66857791	1608
chr15	66856183	67056183	harbor1	chr15	66866485	66867037	LTR/ERV1	3642	+	276	66866761	10578
chr15	66856183	67056183	harbor1	chr15	66929065	66929396	LTR/ERV1	991	+	166	66929231	73048
chr15	66856183	67056183	harbor1	chr15	66950003	66950404	LTR/ERV1	2590	+	200	66950203	94020
chr15	66856183	67056183	harbor1	chr15	66927956	66928667	LTR/ERV1	3450	+	356	66928312	72129
chr15	95865605	96065605	harbor1	chr15	95964618	95965094	LTR/ERV1	1832	+	238	95964856	99251
chr15	30823857	31023857	harbor1	chr15	30860655	30860816	LTR/ERV1	651	+	80	30860735	36878
chr15	30823857	31023857	harbor1	chr15	30883574	30885113	LTR/ERV1	10826	+	770	30884344	60487
chr15	32530656	32730656	harbor1	chr15	32542796	32543112	LTR/ERV1	775	+	158	32542954	12298
chr15	70875822	71075822	harbor1	chr15	70916609	70918399	LTR/ERV1	8075	+	895	70917504	41682
chr15	46161745	46361745	harbor1	chr15	46190976	46191434	LTR/ERV1	2514	+	229	46191205	29460
chr15	46161745	46361745	harbor1	chr15	46208816	46209203	LTR/ERV1	2092	+	194	46209010	47265
chr15	46161745	46361745	harbor1	chr15	46209549	46209709	LTR/ERV1	1001	+	80	46209629	47884
chr15	46161745	46361745	harbor1	chr15	46248007	46248442	LTR/ERV1	2005	+	218	46248225	86480
chr15	79028865	79228865	harbor1	chr15	79096963	79097499	LTR/ERV1	3370	+	268	79097231	68366
chr15	90266358	90466358	harbor1	chr15	90322748	90323174	LTR/ERV1	2431	+	213	90322961	56603
chr15	90266358	90466358	harbor1	chr15	90324703	90324816	LTR/ERV1	630	+	56	90324759	58401
chr15	90266358	90466358	harbor1	chr15	90325111	90325165	LTR/ERV1	630	+	27	90325138	58780
chr15	21277014	21477014	harbor1	chr15	21357899	21358491	LTR/ERV1	2302	+	296	21358195	81181
chr15	91482213	91682213	harbor1	chr15	91524210	91524769	LTR/ERV1	4276	+	280	91524490	42277
chr15	28470624	28670624	harbor1	chr15	28512450	28512752	LTR/ERV1	1697	+	151	28512601	41977
chr15	82691116	82891116	harbor1	chr15	82702377	82702774	LTR/ERV1	2688	+	198	82702575	11459
chr15	82691116	82891116	harbor1	chr15	82702777	82705672	LTR/ERV1	14129	+	1448	82704225	13109
chr15	82691116	82891116	harbor1	chr15	82705652	82706246	LTR/ERV1	3599	+	297	82705949	14833
chr15	82691116	82891116	harbor1	chr15	82707423	82707642	LTR/ERV1	1363	+	110	82707533	16417
chr15	82691116	82891116	harbor1	chr15	82707643	82708025	LTR/ERV1	2245	+	191	82707834	16718
chr15	82691116	82891116	harbor1	chr15	82708026	82708400	LTR/ERV1	2369	+	187	82708213	17097
chr15	82691116	82891116	harbor1	chr15	82732791	82733437	LTR/ERV1	3729	+	323	82733114	41998
chr15	82691116	82891116	harbor1	chr15	82764134	82764492	LTR/ERV1	2196	+	179	82764313	73197
chr15	82691116	82891116	harbor1	chr15	82764778	82764855	LTR/ERV1	2196	+	38	82764816	73700
chr15	82691116	82891116	harbor1	chr15	82706240	82707421	LTR/ERV1	7902	+	590	82706830	15714
chr15	59594460	59794460	harbor1	chr15	59602468	59602669	LTR/ERV1	2207	+	100	59602568	8108
chr15	59594460	59794460	harbor1	chr15	59603222	59603613	LTR/ERV1	2207	+	196	59603418	8958
chr15	59594460	59794460	harbor1	chr15	59603956	59604116	LTR/ERV1	2207	+	80	59604036	9576
chr15	59594460	59794460	harbor1	chr15	59605040	59605435	LTR/ERV1	2139	+	198	59605238	10778
chr15	59594460	59794460	harbor1	chr15	59608980	59609756	LTR/ERV1	5716	+	388	59609368	14908
chr15	82905903	83105903	harbor1	chr15	82908311	82908724	LTR/ERV1	1319	+	206	82908517	2614
chr15	70642856	70842856	harbor1	chr15	70670051	70670664	LTR/ERV1	3218	+	306	70670357	27501
chr16	58140733	58340733	harbor1	chr16	58203985	58204442	LTR/ERV1	1517	+	228	58204213	63480
chr16	58140733	58340733	harbor1	chr16	58207538	58207612	LTR/ERV1	508	+	37	58207575	66842
chr16	58140733	58340733	harbor1	chr16	58213413	58213886	LTR/ERV1	1489	+	236	58213649	72916
chr16	13887673	14087673	harbor1	chr16	13953583	13953866	LTR/ERV1	480	+	142	13953725	66052
chr16	13887673	14087673	harbor1	chr16	13954163	13954194	LTR/ERV1	480	+	16	13954179	66506
chr16	47307011	47507011	harbor1	chr16	47370155	47370525	LTR/ERV1	1995	+	185	47370340	63329
chr16	47307011	47507011	harbor1	chr16	47370519	47370891	LTR/ERV1	890	+	186	47370705	63694
chr16	47307011	47507011	harbor1	chr16	47374075	47374253	LTR/ERV1	720	+	89	47374164	67153
chr16	47307011	47507011	harbor1	chr16	47388690	47389168	LTR/ERV1	3864	+	239	47388929	81918
chr16	77929189	78129189	harbor1	chr16	77991615	77992161	LTR/ERV1	3146	+	273	77991888	62699
chr16	77929189	78129189	harbor1	chr16	77993763	77994073	LTR/ERV1	3564	+	155	77993918	64729
chr16	77929189	78129189	harbor1	chr16	77994380	77994632	LTR/ERV1	3564	+	126	77994506	65317
chr16	77929189	78129189	harbor1	chr16	77995872	77996334	LTR/ERV1	1538	+	231	77996103	66914
chr16	77929189	78129189	harbor1	chr16	78000301	78000813	LTR/ERV1	3138	+	256	78000557	71368
chr16	51923230	52123230	harbor1	chr16	51997752	51998414	LTR/ERV1	4752	+	331	51998083	74853
chr16	76193814	76393814	harbor1	chr16	76217564	76218190	LTR/ERV1	2384	+	313	76217877	24063
chr16	76193814	76393814	harbor1	chr16	76223614	76224155	LTR/ERV1	1927	+	270	76223884	30070
chr16	19370081	19570081	harbor1	chr16	19389764	19389850	LTR/ERV1	2226	+	43	19389807	19726
chr16	19370081	19570081	harbor1	chr16	19390158	19390565	LTR/ERV1	2226	+	204	19390362	20281
chr16	19370081	19570081	harbor1	chr16	19393178	19393473	LTR/ERV1	1668	+	148	19393326	23245
chr16	61723498	61923498	harbor1	chr16	61813434	61813781	LTR/ERV1	1702	+	174	61813608	90110
chr16	24359459	24559459	harbor1	chr16	24377213	24377820	LTR/ERV1	4525	+	304	24377517	18058
chr16	24359459	24559459	harbor1	chr16	24378113	24378196	LTR/ERV1	4525	+	42	24378155	18696
chr16	24359459	24559459	harbor1	chr16	24378502	24378578	LTR/ERV1	4525	+	38	24378540	19081
chr16	24359459	24559459	harbor1	chr16	24378827	24379387	LTR/ERV1	2556	+	280	24379107	19648
chr16	24359459	24559459	harbor1	chr16	24380509	24380718	LTR/ERV1	3526	+	104	24380613	21154
chr16	24359459	24559459	harbor1	chr16	24381327	24381589	LTR/ERV1	3526	+	131	24381458	21999
chr16	24359459	24559459	harbor1	chr16	24382086	24382210	LTR/ERV1	3526	+	62	24382148	22689
chr16	24359459	24559459	harbor1	chr16	24385256	24385901	LTR/ERV1	4203	+	322	24385578	26119
chr16	24359459	24559459	harbor1	chr16	24388712	24388799	LTR/ERV1	2016	+	44	24388756	29297
chr16	24359459	24559459	harbor1	chr16	24388800	24389458	LTR/ERV1	4354	+	329	24389129	29670
chr16	24359459	24559459	harbor1	chr16	24389459	24389715	LTR/ERV1	2016	+	128	24389587	30128
chr16	24359459	24559459	harbor1	chr16	24389927	24390215	LTR/ERV1	2075	+	144	24390071	30612
chr16	24359459	24559459	harbor1	chr16	24390510	24390674	LTR/ERV1	2075	+	82	24390592	31133
chr16	24359459	24559459	harbor1	chr16	24406342	24406909	LTR/ERV1	3667	+	284	24406626	47167
chr16	24359459	24559459	harbor1	chr16	24416359	24416731	LTR/ERV1	1800	+	186	24416545	57086
chr16	24359459	24559459	harbor1	chr16	24417549	24417712	LTR/ERV1	853	+	82	24417631	58172
chr16	24359459	24559459	harbor1	chr16	24418118	24418665	LTR/ERV1	2619	+	274	24418392	58933
chr16	24359459	24559459	harbor1	chr16	24418666	24419282	LTR/ERV1	1475	+	308	24418974	59515
chr16	24359459	24559459	harbor1	chr16	24423831	24424211	LTR/ERV1	2135	+	190	24424021	64562
chr16	24359459	24559459	harbor1	chr16	24434580	24435001	LTR/ERV1	1189	+	210	24434790	75331
chr16	24359459	24559459	harbor1	chr16	24436399	24436966	LTR/ERV1	3681	+	284	24436683	77224
chr16	24359459	24559459	harbor1	chr16	24440499	24440766	LTR/ERV1	3200	+	134	24440633	81174
chr16	24359459	24559459	harbor1	chr16	24441070	24441207	LTR/ERV1	3200	+	68	24441138	81679
chr16	24359459	24559459	harbor1	chr16	24441504	24441641	LTR/ERV1	3200	+	68	24441572	82113
chr16	24359459	24559459	harbor1	chr16	24444435	24444526	LTR/ERV1	756	+	46	24444481	85022
chr16	24359459	24559459	harbor1	chr16	24444827	24444839	LTR/ERV1	756	+	6	24444833	85374
chr16	24359459	24559459	harbor1	chr16	24445119	24445135	LTR/ERV1	756	+	8	24445127	85668
chr16	24359459	24559459	harbor1	chr16	24445168	24445364	LTR/ERV1	993	+	98	24445266	85807
chr16	24359459	24559459	harbor1	chr16	24445405	24445740	LTR/ERV1	1242	+	168	24445573	86114
chr16	24049670	24249670	harbor1	chr16	24078967	24079320	LTR/ERV1	2435	+	176	24079143	29473
chr16	33878584	34078584	harbor1	chr16	33941767	33941940	LTR/ERV1	449	+	86	33941853	63269
chr16	7793838	7993838	harbor1	chr16	7813784	7814430	LTR/ERV1	4236	+	323	7814107	20269
chr16	7793838	7993838	harbor1	chr16	7814737	7815094	LTR/ERV1	2462	+	178	7814915	21077
chr16	7793838	7993838	harbor1	chr16	7816566	7818242	LTR/ERV1	18047	+	838	7817404	23566
chr16	7793838	7993838	harbor1	chr16	7818233	7818735	LTR/ERV1	3531	+	251	7818484	24646
chr16	7793838	7993838	harbor1	chr16	7818738	7819396	LTR/ERV1	3134	+	329	7819067	25229
chr16	7793838	7993838	harbor1	chr16	7819398	7819613	LTR/ERV1	1394	+	108	7819506	25668
chr16	7793838	7993838	harbor1	chr16	7819614	7819989	LTR/ERV1	2233	+	188	7819802	25964
chr16	7793838	7993838	harbor1	chr16	7819990	7820397	LTR/ERV1	2957	+	204	7820194	26356
chr16	7793838	7993838	harbor1	chr16	7822511	7823055	LTR/ERV1	4404	+	272	7822783	28945
chr16	7793838	7993838	harbor1	chr16	7815097	7816507	LTR/ERV1	18047	+	705	7815802	21964
chr16	8221279	8421279	harbor1	chr16	8259739	8260464	LTR/ERV1	3268	+	362	8260101	38822
chr16	55614412	55814412	harbor1	chr16	55628434	55629137	LTR/ERV1	4222	+	352	55628786	14374
chr16	55614412	55814412	harbor1	chr16	55629138	55629197	LTR/ERV1	436	+	30	55629168	14756
chr16	55614412	55814412	harbor1	chr16	55629199	55629458	LTR/ERV1	1243	+	130	55629329	14917
chr16	55614412	55814412	harbor1	chr16	55629464	55631171	LTR/ERV1	6521	+	854	55630318	15906
chr16	55614412	55814412	harbor1	chr16	55631169	55634537	LTR/ERV1	18291	+	1684	55632853	18441
chr16	55614412	55814412	harbor1	chr16	55634518	55634855	LTR/ERV1	2422	+	168	55634686	20274
chr16	55614412	55814412	harbor1	chr16	55634856	55635551	LTR/ERV1	4494	+	348	55635204	20792
chr16	58889190	59089190	harbor1	chr16	58908453	58909193	LTR/ERV1	4424	+	370	58908823	19633
chr16	58889190	59089190	harbor1	chr16	58960381	58961020	LTR/ERV1	3934	+	320	58960701	71511
chr16	26607425	26807425	harbor1	chr16	26606871	26607501	LTR/ERV1	4383	+	315	26607186	239
chr16	26607425	26807425	harbor1	chr16	26627120	26627216	LTR/ERV1	2212	+	48	26627168	19743
chr16	26607425	26807425	harbor1	chr16	26627516	26628110	LTR/ERV1	2212	+	297	26627813	20388
chr16	26607425	26807425	harbor1	chr16	26701658	26702511	LTR/ERV1	4320	+	426	26702084	94659
chr16	66592226	66792226	harbor1	chr16	66678460	66678824	LTR/ERV1	1278	+	182	66678642	86416
chr16	75951932	76151932	harbor1	chr16	75987513	75987593	LTR/ERV1	554	+	40	75987553	35621
chr16	75951932	76151932	harbor1	chr16	76026643	76027441	LTR/ERV1	4484	+	399	76027042	75110
chr16	62074492	62274492	harbor1	chr16	62087044	62087770	LTR/ERV1	3135	+	363	62087407	12915
chr16	34390514	34590514	harbor1	chr16	34440458	34440959	LTR/ERV1	2647	+	250	34440708	50194
chr16	34390514	34590514	harbor1	chr16	34467953	34468283	LTR/ERV1	1821	+	165	34468118	77604
chr16	34390514	34590514	harbor1	chr16	34468268	34468491	LTR/ERV1	791	+	112	34468380	77866
chr16	34390514	34590514	harbor1	chr16	34468679	34469109	LTR/ERV1	1669	+	215	34468894	78380
chr16	34390514	34590514	harbor1	chr16	34470417	34470448	LTR/ERV1	1450	+	16	34470433	79919
chr16	34390514	34590514	harbor1	chr16	34470726	34471098	LTR/ERV1	1450	+	186	34470912	80398
chr16	51684505	51884505	harbor1	chr16	51683837	51684613	LTR/ERV1	4369	+	388	51684225	280
chr16	51684505	51884505	harbor1	chr16	51742054	51742315	LTR/ERV1	1583	+	130	51742184	57679
chr16	51684505	51884505	harbor1	chr16	51773041	51773778	LTR/ERV1	3880	+	368	51773409	88904
chr16	32537041	32737041	harbor1	chr16	32603942	32604054	LTR/ERV1	465	+	56	32603998	66957
chr16	58305647	58505647	harbor1	chr16	58307595	58307993	LTR/ERV1	2376	+	199	58307794	2147
chr16	58305647	58505647	harbor1	chr16	58308003	58308173	LTR/ERV1	29390	+	85	58308088	2441
chr16	58305647	58505647	harbor1	chr16	58308473	58309105	LTR/ERV1	29390	+	316	58308789	3142
chr16	58305647	58505647	harbor1	chr16	58309439	58309520	LTR/ERV1	29390	+	40	58309479	3832
chr16	58305647	58505647	harbor1	chr16	58309828	58309889	LTR/ERV1	29390	+	30	58309858	4211
chr16	58305647	58505647	harbor1	chr16	58312743	58313165	LTR/ERV1	29390	+	211	58312954	7307
chr16	58305647	58505647	harbor1	chr16	58313531	58314900	LTR/ERV1	29390	+	684	58314215	8568
chr16	58305647	58505647	harbor1	chr16	58314952	58315280	LTR/ERV1	1802	+	164	58315116	9469
chr16	58305647	58505647	harbor1	chr16	58315659	58315845	LTR/ERV1	2295	+	93	58315752	10105
chr16	58305647	58505647	harbor1	chr16	58316142	58316368	LTR/ERV1	2295	+	113	58316255	10608
chr16	58305647	58505647	harbor1	chr16	58316369	58316742	LTR/ERV1	3151	+	186	58316555	10908
chr16	58305647	58505647	harbor1	chr16	58317040	58317295	LTR/ERV1	3151	+	128	58317168	11521
chr16	58305647	58505647	harbor1	chr16	58310186	58312189	LTR/ERV1	29390	+	1002	58311188	5541
chr16	4602401	4802401	harbor1	chr16	4677197	4677312	LTR/ERV1	609	+	58	4677255	74854
chr16	74245451	74445451	harbor1	chr16	74271185	74271649	LTR/ERV1	761	+	232	74271417	25966
chr16	74245451	74445451	harbor1	chr16	74279988	74280507	LTR/ERV1	4233	+	260	74280248	34797
chr16	74245451	74445451	harbor1	chr16	74283282	74283673	LTR/ERV1	1795	+	196	74283478	38027
chr16	74245451	74445451	harbor1	chr16	74283801	74284109	LTR/ERV1	1754	+	154	74283955	38504
chr16	74245451	74445451	harbor1	chr16	74322111	74322749	LTR/ERV1	3494	+	319	74322430	76979
chr16	3958529	4158529	harbor1	chr16	4026830	4027367	LTR/ERV1	1877	+	268	4027098	68569
chr16	75969728	76169728	harbor1	chr16	75987513	75987593	LTR/ERV1	554	+	40	75987553	17825
chr16	75969728	76169728	harbor1	chr16	76026643	76027441	LTR/ERV1	4484	+	399	76027042	57314
chr16	85019393	85219393	harbor1	chr16	85108898	85109128	LTR/ERV1	655	+	115	85109013	89620
chr16	85019393	85219393	harbor1	chr16	85109248	85109518	LTR/ERV1	1069	+	135	85109383	89990
chr16	85019393	85219393	harbor1	chr16	85109785	85109873	LTR/ERV1	1069	+	44	85109829	90436
chr16	59927608	60127608	harbor1	chr16	59947705	59948314	LTR/ERV1	2011	+	304	59948009	20401
chr16	9452859	9652859	harbor1	chr16	9454112	9454694	LTR/ERV1	3790	+	291	9454403	1544
chr16	80429872	80629872	harbor1	chr16	80488180	80488597	LTR/ERV1	944	+	208	80488388	58516
chr16	80429872	80629872	harbor1	chr16	80500780	80501234	LTR/ERV1	1562	+	227	80501007	71135
chr16	29589503	29789503	harbor1	chr16	29603627	29603822	LTR/ERV1	1202	+	98	29603725	14222
chr16	29589503	29789503	harbor1	chr16	29604080	29604095	LTR/ERV1	1202	+	8	29604088	14585
chr16	29589503	29789503	harbor1	chr16	29604086	29604204	LTR/ERV1	675	+	59	29604145	14642
chr16	29589503	29789503	harbor1	chr16	29604603	29604860	LTR/ERV1	1227	+	128	29604731	15228
chr16	19224920	19424920	harbor1	chr16	19237368	19237822	LTR/ERV1	2566	+	227	19237595	12675
chr16	19224920	19424920	harbor1	chr16	19311574	19311997	LTR/ERV1	693	+	212	19311786	86866
chr16	19224920	19424920	harbor1	chr16	19312841	19313266	LTR/ERV1	2687	+	212	19313053	88133
chr16	82759528	82959528	harbor1	chr16	82790905	82790956	LTR/ERV1	5197	+	26	82790931	31403
chr16	82759528	82959528	harbor1	chr16	82791260	82791979	LTR/ERV1	5197	+	360	82791620	32092
chr16	66163207	66363207	harbor1	chr16	66179986	66180441	LTR/ERV1	2629	+	228	66180214	17007
chr16	66163207	66363207	harbor1	chr16	66249436	66249863	LTR/ERV1	1310	+	214	66249650	86443
chr16	66163207	66363207	harbor1	chr16	66174601	66175218	LTR/ERV1	3091	+	308	66174909	11702
chr16	9322201	9522201	harbor1	chr16	9411145	9411752	LTR/ERV1	2844	+	304	9411449	89248
chr16	30057177	30257177	harbor1	chr16	30096876	30097207	LTR/ERV1	1422	+	166	30097042	39865
chr16	30057177	30257177	harbor1	chr16	30099417	30099721	LTR/ERV1	13918	+	152	30099569	42392
chr16	30057177	30257177	harbor1	chr16	30100063	30101001	LTR/ERV1	13918	+	469	30100532	43355
chr16	30057177	30257177	harbor1	chr16	30101276	30102246	LTR/ERV1	13918	+	485	30101761	44584
chr16	30057177	30257177	harbor1	chr16	30102244	30103835	LTR/ERV1	10306	+	796	30103040	45863
chr16	30057177	30257177	harbor1	chr16	30103884	30104167	LTR/ERV1	1304	+	142	30104026	46849
chr16	30057177	30257177	harbor1	chr16	30132198	30132434	LTR/ERV1	3720	+	118	30132316	75139
chr16	30057177	30257177	harbor1	chr16	30132743	30133180	LTR/ERV1	3720	+	218	30132961	75784
chr16	30057177	30257177	harbor1	chr16	30097209	30099040	LTR/ERV1	11309	+	916	30098125	40948
chr16	80420143	80620143	harbor1	chr16	80488180	80488597	LTR/ERV1	944	+	208	80488388	68245
chr16	80420143	80620143	harbor1	chr16	80500780	80501234	LTR/ERV1	1562	+	227	80501007	80864
chr16	15917384	16117384	harbor1	chr16	15940362	15940530	LTR/ERV1	878	+	84	15940446	23062
chr16	15917384	16117384	harbor1	chr16	15940841	15940981	LTR/ERV1	878	+	70	15940911	23527
chr16	16986656	17186656	harbor1	chr16	17018567	17019051	LTR/ERV1	2886	+	242	17018809	32153
chr16	24345382	24545382	harbor1	chr16	24377213	24377820	LTR/ERV1	4525	+	304	24377517	32135
chr16	24345382	24545382	harbor1	chr16	24378113	24378196	LTR/ERV1	4525	+	42	24378155	32773
chr16	24345382	24545382	harbor1	chr16	24378502	24378578	LTR/ERV1	4525	+	38	24378540	33158
chr16	24345382	24545382	harbor1	chr16	24378827	24379387	LTR/ERV1	2556	+	280	24379107	33725
chr16	24345382	24545382	harbor1	chr16	24380509	24380718	LTR/ERV1	3526	+	104	24380613	35231
chr16	24345382	24545382	harbor1	chr16	24381327	24381589	LTR/ERV1	3526	+	131	24381458	36076
chr16	24345382	24545382	harbor1	chr16	24382086	24382210	LTR/ERV1	3526	+	62	24382148	36766
chr16	24345382	24545382	harbor1	chr16	24385256	24385901	LTR/ERV1	4203	+	322	24385578	40196
chr16	24345382	24545382	harbor1	chr16	24388712	24388799	LTR/ERV1	2016	+	44	24388756	43374
chr16	24345382	24545382	harbor1	chr16	24388800	24389458	LTR/ERV1	4354	+	329	24389129	43747
chr16	24345382	24545382	harbor1	chr16	24389459	24389715	LTR/ERV1	2016	+	128	24389587	44205
chr16	24345382	24545382	harbor1	chr16	24389927	24390215	LTR/ERV1	2075	+	144	24390071	44689
chr16	24345382	24545382	harbor1	chr16	24390510	24390674	LTR/ERV1	2075	+	82	24390592	45210
chr16	24345382	24545382	harbor1	chr16	24406342	24406909	LTR/ERV1	3667	+	284	24406626	61244
chr16	24345382	24545382	harbor1	chr16	24416359	24416731	LTR/ERV1	1800	+	186	24416545	71163
chr16	24345382	24545382	harbor1	chr16	24417549	24417712	LTR/ERV1	853	+	82	24417631	72249
chr16	24345382	24545382	harbor1	chr16	24418118	24418665	LTR/ERV1	2619	+	274	24418392	73010
chr16	24345382	24545382	harbor1	chr16	24418666	24419282	LTR/ERV1	1475	+	308	24418974	73592
chr16	24345382	24545382	harbor1	chr16	24423831	24424211	LTR/ERV1	2135	+	190	24424021	78639
chr16	24345382	24545382	harbor1	chr16	24434580	24435001	LTR/ERV1	1189	+	210	24434790	89408
chr16	24345382	24545382	harbor1	chr16	24436399	24436966	LTR/ERV1	3681	+	284	24436683	91301
chr16	24345382	24545382	harbor1	chr16	24440499	24440766	LTR/ERV1	3200	+	134	24440633	95251
chr16	24345382	24545382	harbor1	chr16	24441070	24441207	LTR/ERV1	3200	+	68	24441138	95756
chr16	24345382	24545382	harbor1	chr16	24441504	24441641	LTR/ERV1	3200	+	68	24441572	96190
chr16	24345382	24545382	harbor1	chr16	24444435	24444526	LTR/ERV1	756	+	46	24444481	99099
chr16	24345382	24545382	harbor1	chr16	24444827	24444839	LTR/ERV1	756	+	6	24444833	99451
chr16	24345382	24545382	harbor1	chr16	24445119	24445135	LTR/ERV1	756	+	8	24445127	99745
chr16	24345382	24545382	harbor1	chr16	24445168	24445364	LTR/ERV1	993	+	98	24445266	99884
chr16	25959518	26159518	harbor1	chr16	26051860	26051912	LTR/ERV1	1835	+	26	26051886	92368
chr16	25959518	26159518	harbor1	chr16	26051964	26052379	LTR/ERV1	2466	+	208	26052172	92654
chr16	25959518	26159518	harbor1	chr16	26052668	26052767	LTR/ERV1	2466	+	50	26052718	93200
chr16	81663464	81863464	harbor1	chr16	81727780	81728048	LTR/ERV1	885	+	134	81727914	64450
chr16	81663464	81863464	harbor1	chr16	81728987	81729293	LTR/ERV1	1706	+	153	81729140	65676
chr16	66181324	66381324	harbor1	chr16	66249436	66249863	LTR/ERV1	1310	+	214	66249650	68326
chr16	48686600	48886600	harbor1	chr16	48712458	48712866	LTR/ERV1	2335	+	204	48712662	26062
chr16	89972999	90172999	harbor1	chr16	90048473	90048817	LTR/ERV1	1452	+	172	90048645	75646
chr16	89972999	90172999	harbor1	chr16	90050760	90050913	LTR/ERV1	802	+	76	90050836	77837
chr16	89972999	90172999	harbor1	chr16	90056422	90056523	LTR/ERV1	697	+	50	90056472	83473
chr16	30148552	30348552	harbor1	chr16	30234690	30235119	LTR/ERV1	1633	+	214	30234904	86352
chr16	30148552	30348552	harbor1	chr16	30247681	30248170	LTR/ERV1	1679	+	244	30247925	99373
chr16	30148552	30348552	harbor1	chr16	30248174	30248203	LTR/ERV1	949	+	14	30248188	99636
chr16	62422319	62622319	harbor1	chr16	62424593	62425356	LTR/ERV1	3416	+	382	62424975	2656
chr16	62422319	62622319	harbor1	chr16	62445042	62445798	LTR/ERV1	5798	+	378	62445420	23101
chr16	62422319	62622319	harbor1	chr16	62448791	62449377	LTR/ERV1	1843	+	293	62449084	26765
chr16	62422319	62622319	harbor1	chr16	62454367	62454844	LTR/ERV1	2055	+	238	62454605	32286
chr16	62422319	62622319	harbor1	chr16	62455242	62455325	LTR/ERV1	2055	+	42	62455284	32965
chr16	62422319	62622319	harbor1	chr16	62477576	62478097	LTR/ERV1	1639	+	260	62477836	55517
chr16	62422319	62622319	harbor1	chr16	62478101	62479342	LTR/ERV1	7081	+	620	62478721	56402
chr16	62422319	62622319	harbor1	chr16	62479349	62479594	LTR/ERV1	1719	+	122	62479471	57152
chr16	62422319	62622319	harbor1	chr16	62480220	62481046	LTR/ERV1	4754	+	413	62480633	58314
chr16	62422319	62622319	harbor1	chr16	62481017	62481511	LTR/ERV1	1969	+	247	62481264	58945
chr16	62422319	62622319	harbor1	chr16	62481537	62481787	LTR/ERV1	1392	+	125	62481662	59343
chr16	62422319	62622319	harbor1	chr16	62520826	62521069	LTR/ERV1	569	+	122	62520948	98629
chr16	62422319	62622319	harbor1	chr16	62521068	62521223	LTR/ERV1	524	+	78	62521146	98827
chr16	62422319	62622319	harbor1	chr16	62521224	62521441	LTR/ERV1	1706	+	108	62521332	99013
chr16	61956355	62156355	harbor1	chr16	61970786	61971275	LTR/ERV1	3537	+	244	61971030	14675
chr16	46942874	47142874	harbor1	chr16	46993744	46994051	LTR/ERV1	1956	+	154	46993898	51024
chr16	31762241	31962241	harbor1	chr16	31848236	31848873	LTR/ERV1	4579	+	318	31848554	86313
chr16	31762241	31962241	harbor1	chr16	31848887	31849554	LTR/ERV1	2266	+	334	31849221	86980
chr16	31762241	31962241	harbor1	chr16	31850018	31850266	LTR/ERV1	1203	+	124	31850142	87901
chr16	31762241	31962241	harbor1	chr16	31850239	31850382	LTR/ERV1	610	+	72	31850311	88070
chr16	31762241	31962241	harbor1	chr16	31850804	31851322	LTR/ERV1	2227	+	259	31851063	88822
chr16	31762241	31962241	harbor1	chr16	31851325	31851932	LTR/ERV1	2945	+	304	31851629	89388
chr16	31762241	31962241	harbor1	chr16	31852025	31852659	LTR/ERV1	3908	+	317	31852342	90101
chr16	85258191	85458191	harbor1	chr16	85304797	85305067	LTR/ERV1	499	+	135	85304932	46741
chr16	85258191	85458191	harbor1	chr16	85334688	85335208	LTR/ERV1	2615	+	260	85334948	76757
chr16	23715962	23915962	harbor1	chr16	23790034	23790179	LTR/ERV1	2301	+	72	23790106	74144
chr16	23715962	23915962	harbor1	chr16	23790479	23790751	LTR/ERV1	2301	+	136	23790615	74653
chr16	23715962	23915962	harbor1	chr16	23790925	23791062	LTR/ERV1	798	+	68	23790993	75031
chr16	23715962	23915962	harbor1	chr16	23794767	23795158	LTR/ERV1	3951	+	196	23794963	79001
chr16	23715962	23915962	harbor1	chr16	23795467	23795864	LTR/ERV1	3951	+	198	23795665	79703
chr16	54977151	55177151	harbor1	chr16	54979597	54979977	LTR/ERV1	1368	+	190	54979787	2636
chr16	51637790	51837790	harbor1	chr16	51681096	51681705	LTR/ERV1	3583	+	304	51681400	43610
chr16	51637790	51837790	harbor1	chr16	51683837	51684613	LTR/ERV1	4369	+	388	51684225	46435
chr16	62985236	63185236	harbor1	chr16	62988067	62988549	LTR/ERV1	1440	+	241	62988308	3072
chr16	62985236	63185236	harbor1	chr16	63000833	63000964	LTR/ERV1	933	+	66	63000899	15663
chr16	62985236	63185236	harbor1	chr16	63033301	63034024	LTR/ERV1	3952	+	362	63033663	48427
chr16	61054666	61254666	harbor1	chr16	61108573	61108952	LTR/ERV1	1616	+	190	61108763	54097
chr16	61054666	61254666	harbor1	chr16	61109825	61110319	LTR/ERV1	2984	+	247	61110072	55406
chr16	12630057	12830057	harbor1	chr16	12679716	12680401	LTR/ERV1	3206	+	342	12680058	50001
chr16	12630057	12830057	harbor1	chr16	12695218	12695256	LTR/ERV1	1903	+	19	12695237	65180
chr16	12630057	12830057	harbor1	chr16	12695571	12695911	LTR/ERV1	1903	+	170	12695741	65684
chr16	5519386	5719386	harbor1	chr16	5557686	5558495	LTR/ERV1	4594	+	404	5558090	38704
chr16	5519386	5719386	harbor1	chr16	5583225	5583646	LTR/ERV1	2690	+	210	5583435	64049
chr16	5519386	5719386	harbor1	chr16	5592901	5593064	LTR/ERV1	4062	+	82	5592983	73597
chr16	5519386	5719386	harbor1	chr16	5593503	5593898	LTR/ERV1	4062	+	198	5593701	74315
chr16	29310903	29510903	harbor1	chr16	29393187	29393616	LTR/ERV1	1602	+	214	29393401	82498
chr16	29310903	29510903	harbor1	chr16	29405914	29406402	LTR/ERV1	1716	+	244	29406158	95255
chr16	29310903	29510903	harbor1	chr16	29406406	29406435	LTR/ERV1	911	+	14	29406420	95517
chr16	29310903	29510903	harbor1	chr16	29406729	29406960	LTR/ERV1	911	+	116	29406845	95942
chr16	57775662	57975662	harbor1	chr16	57822932	57823513	LTR/ERV1	4029	+	290	57823222	47560
chr16	15183001	15383001	harbor1	chr16	15227344	15227430	LTR/ERV1	566	+	43	15227387	44386
chr16	15183001	15383001	harbor1	chr16	15227743	15227955	LTR/ERV1	566	+	106	15227849	44848
chr16	10693662	10893662	harbor1	chr16	10781720	10781850	LTR/ERV1	2437	+	65	10781785	88123
chr16	10693662	10893662	harbor1	chr16	10782162	10782471	LTR/ERV1	2437	+	154	10782316	88654
chr16	10693662	10893662	harbor1	chr16	10787205	10787857	LTR/ERV1	3365	+	326	10787531	93869
chr16	10693662	10893662	harbor1	chr16	10791342	10791608	LTR/ERV1	3204	+	133	10791475	97813
chr16	10693662	10893662	harbor1	chr16	10791901	10792301	LTR/ERV1	3204	+	200	10792101	98439
chr16	25616178	25816178	harbor1	chr16	25627003	25627152	LTR/ERV1	1061	+	74	25627077	10899
chr16	25616178	25816178	harbor1	chr16	25627235	25627262	LTR/ERV1	2775	+	14	25627249	11071
chr16	25616178	25816178	harbor1	chr16	25627684	25628100	LTR/ERV1	2775	+	208	25627892	11714
chr16	62149162	62349162	harbor1	chr16	62186553	62187001	LTR/ERV1	2688	+	224	62186777	37615
chr16	62149162	62349162	harbor1	chr16	62187647	62188023	LTR/ERV1	2688	+	188	62187835	38673
chr16	62149162	62349162	harbor1	chr16	62225791	62226261	LTR/ERV1	1988	+	235	62226026	76864
chr16	62149162	62349162	harbor1	chr16	62230208	62230854	LTR/ERV1	3838	+	323	62230531	81369
chr16	62149162	62349162	harbor1	chr16	62240845	62241304	LTR/ERV1	2971	+	230	62241075	91913
chr16	79103533	79303533	harbor1	chr16	79141009	79141479	LTR/ERV1	3640	+	235	79141244	37711
chr16	15572848	15772848	harbor1	chr16	15593245	15593393	LTR/ERV1	554	+	74	15593319	20471
chr16	15572848	15772848	harbor1	chr16	15599803	15600079	LTR/ERV1	752	+	138	15599941	27093
chr16	81726050	81926050	harbor1	chr16	81727780	81728048	LTR/ERV1	885	+	134	81727914	1864
chr16	81726050	81926050	harbor1	chr16	81728987	81729293	LTR/ERV1	1706	+	153	81729140	3090
chr16	31793772	31993772	harbor1	chr16	31848236	31848873	LTR/ERV1	4579	+	318	31848554	54782
chr16	31793772	31993772	harbor1	chr16	31848887	31849554	LTR/ERV1	2266	+	334	31849221	55449
chr16	31793772	31993772	harbor1	chr16	31850018	31850266	LTR/ERV1	1203	+	124	31850142	56370
chr16	31793772	31993772	harbor1	chr16	31850239	31850382	LTR/ERV1	610	+	72	31850311	56539
chr16	31793772	31993772	harbor1	chr16	31850804	31851322	LTR/ERV1	2227	+	259	31851063	57291
chr16	31793772	31993772	harbor1	chr16	31851325	31851932	LTR/ERV1	2945	+	304	31851629	57857
chr16	31793772	31993772	harbor1	chr16	31852025	31852659	LTR/ERV1	3908	+	317	31852342	58570
chr16	31793772	31993772	harbor1	chr16	31878859	31879958	LTR/ERV1	3137	+	550	31879409	85637
chr16	18584927	18784927	harbor1	chr16	18627854	18628400	LTR/ERV1	2554	+	273	18628127	43200
chr16	50726345	50926345	harbor1	chr16	50813885	50814518	LTR/ERV1	4547	+	316	50814201	87856
chr16	17359444	17559444	harbor1	chr16	17390511	17390753	LTR/ERV1	3457	+	121	17390632	31188
chr16	17359444	17559444	harbor1	chr16	17391068	17391570	LTR/ERV1	3457	+	251	17391319	31875
chr16	17359444	17559444	harbor1	chr16	17392581	17393213	LTR/ERV1	2498	+	316	17392897	33453
chr16	69948732	70148732	harbor1	chr16	69966278	69966665	LTR/ERV1	1921	+	194	69966472	17740
chr16	69948732	70148732	harbor1	chr16	69966978	69966994	LTR/ERV1	1921	+	8	69966986	18254
chr16	69948732	70148732	harbor1	chr16	69985618	69986049	LTR/ERV1	1691	+	216	69985834	37102
chr16	69948732	70148732	harbor1	chr16	69998300	69998825	LTR/ERV1	1629	+	262	69998562	49830
chr16	69948732	70148732	harbor1	chr16	69999117	69999344	LTR/ERV1	825	+	114	69999231	50499
chr16	69948732	70148732	harbor1	chr16	70002892	70003236	LTR/ERV1	2053	+	172	70003064	54332
chr16	69948732	70148732	harbor1	chr16	70003601	70003612	LTR/ERV1	2053	+	6	70003607	54875
chr16	69948732	70148732	harbor1	chr16	70004009	70004443	LTR/ERV1	4258	+	217	70004226	55494
chr16	69948732	70148732	harbor1	chr16	70004741	70004864	LTR/ERV1	4258	+	62	70004803	56071
chr16	69948732	70148732	harbor1	chr16	70012790	70013603	LTR/ERV1	5208	+	406	70013196	64464
chr16	71702800	71902800	harbor1	chr16	71708060	71708207	LTR/ERV1	783	+	74	71708134	5334
chr16	71702800	71902800	harbor1	chr16	71708208	71708575	LTR/ERV1	2040	+	184	71708392	5592
chr16	66707306	66907306	harbor1	chr16	66752168	66752399	LTR/ERV1	736	+	116	66752284	44978
chr16	54735970	54935970	harbor1	chr16	54829644	54831075	LTR/ERV1	10546	+	716	54830360	94390
chr16	26860412	27060412	harbor1	chr16	26875033	26875442	LTR/ERV1	2181	+	204	26875237	14825
chr16	26860412	27060412	harbor1	chr16	26875625	26875693	LTR/ERV1	446	+	34	26875659	15247
chr16	26860412	27060412	harbor1	chr16	26898144	26898565	LTR/ERV1	2828	+	210	26898354	37942
chr16	26860412	27060412	harbor1	chr16	26898766	26898845	LTR/ERV1	2828	+	40	26898806	38394
chr16	16507035	16707035	harbor1	chr16	16539951	16540673	LTR/ERV1	3224	+	361	16540312	33277
chr16	61075152	61275152	harbor1	chr16	61108573	61108952	LTR/ERV1	1616	+	190	61108763	33611
chr16	61075152	61275152	harbor1	chr16	61109825	61110319	LTR/ERV1	2984	+	247	61110072	34920
chr16	18237448	18437448	harbor1	chr16	18271487	18271924	LTR/ERV1	2915	+	218	18271705	34257
chr16	18237448	18437448	harbor1	chr16	18288737	18289440	LTR/ERV1	4915	+	352	18289089	51641
chr16	18237448	18437448	harbor1	chr16	18327355	18327786	LTR/ERV1	1737	+	216	18327571	90123
chr16	4234615	4434615	harbor1	chr16	4243707	4243879	LTR/ERV1	938	+	86	4243793	9178
chr16	4234615	4434615	harbor1	chr16	4243927	4244053	LTR/ERV1	920	+	63	4243990	9375
chr16	4234615	4434615	harbor1	chr16	4244104	4244303	LTR/ERV1	1195	+	100	4244204	9589
chr16	4234615	4434615	harbor1	chr16	4244304	4244803	LTR/ERV1	2704	+	250	4244554	9939
chr16	68018215	68218215	harbor1	chr16	68030178	68030307	LTR/ERV1	632	+	64	68030242	12027
chr16	68018215	68218215	harbor1	chr16	68031050	68031171	LTR/ERV1	1526	+	60	68031110	12895
chr16	68018215	68218215	harbor1	chr16	68031463	68031662	LTR/ERV1	1526	+	100	68031563	13348
chr16	86458047	86658047	harbor1	chr16	86553262	86554406	LTR/ERV1	6839	+	572	86553834	95787
chr16	19828706	20028706	harbor1	chr16	19905282	19905441	LTR/ERV1	571	+	80	19905362	76656
chr16	19828706	20028706	harbor1	chr16	19906842	19907298	LTR/ERV1	3110	+	228	19907070	78364
chr16	6513760	6713760	harbor1	chr16	6559817	6560171	LTR/ERV1	626	+	177	6559994	46234
chr16	20627857	20827857	harbor1	chr16	20639815	20640452	LTR/ERV1	1996	+	318	20640133	12276
chr16	20627857	20827857	harbor1	chr16	20641190	20641354	LTR/ERV1	789	+	82	20641272	13415
chr16	20627857	20827857	harbor1	chr16	20642834	20643009	LTR/ERV1	1251	+	88	20642922	15065
chr16	20627857	20827857	harbor1	chr16	20644142	20644538	LTR/ERV1	5044	+	198	20644340	16483
chr16	20627857	20827857	harbor1	chr16	20644580	20644949	LTR/ERV1	5044	+	184	20644764	16907
chr16	20627857	20827857	harbor1	chr16	20644952	20645425	LTR/ERV1	3923	+	236	20645188	17331
chr16	20627857	20827857	harbor1	chr16	20645409	20646856	LTR/ERV1	10809	+	724	20646133	18276
chr16	20627857	20827857	harbor1	chr16	20648153	20648399	LTR/ERV1	1242	+	123	20648276	20419
chr16	20627857	20827857	harbor1	chr16	20648400	20648978	LTR/ERV1	3185	+	289	20648689	20832
chr16	20627857	20827857	harbor1	chr16	20648980	20649147	LTR/ERV1	967	+	84	20649064	21207
chr16	20627857	20827857	harbor1	chr16	20649160	20649175	LTR/ERV1	5584	+	8	20649168	21311
chr16	20627857	20827857	harbor1	chr16	20649201	20649945	LTR/ERV1	5584	+	372	20649573	21716
chr16	20627857	20827857	harbor1	chr16	20649946	20651048	LTR/ERV1	6820	+	551	20650497	22640
chr16	20627857	20827857	harbor1	chr16	20651057	20651346	LTR/ERV1	2430	+	144	20651201	23344
chr16	20627857	20827857	harbor1	chr16	20651652	20652551	LTR/ERV1	3075	+	450	20652102	24245
chr16	20627857	20827857	harbor1	chr16	20655409	20655655	LTR/ERV1	4018	+	123	20655532	27675
chr16	20627857	20827857	harbor1	chr16	20655960	20656614	LTR/ERV1	4018	+	327	20656287	28430
chr16	20627857	20827857	harbor1	chr16	20656621	20657282	LTR/ERV1	3482	+	330	20656951	29094
chr16	20627857	20827857	harbor1	chr16	20658486	20658596	LTR/ERV1	731	+	55	20658541	30684
chr16	20627857	20827857	harbor1	chr16	20659400	20660157	LTR/ERV1	5661	+	378	20659778	31921
chr16	20627857	20827857	harbor1	chr16	20674104	20674608	LTR/ERV1	3832	+	252	20674356	46499
chr16	20627857	20827857	harbor1	chr16	20674609	20676244	LTR/ERV1	7807	+	818	20675427	47570
chr16	20627857	20827857	harbor1	chr16	20676895	20677481	LTR/ERV1	2764	+	293	20677188	49331
chr16	20627857	20827857	harbor1	chr16	20677538	20678011	LTR/ERV1	24245	+	236	20677774	49917
chr16	20627857	20827857	harbor1	chr16	20678044	20681722	LTR/ERV1	24245	+	1839	20679883	52026
chr16	20627857	20827857	harbor1	chr16	20681723	20682215	LTR/ERV1	4418	+	246	20681969	54112
chr16	20627857	20827857	harbor1	chr16	20693842	20694430	LTR/ERV1	4744	+	294	20694136	66279
chr16	20627857	20827857	harbor1	chr16	20676237	20676920	LTR/ERV1	2662	+	342	20676579	48722
chr16	11368435	11568435	harbor1	chr16	11418224	11418617	LTR/ERV1	2765	+	196	11418420	49985
chr16	11368435	11568435	harbor1	chr16	11418613	11418686	LTR/ERV1	510	+	36	11418649	50214
chr16	55756540	55956540	harbor1	chr16	55804147	55804428	LTR/ERV1	4301	+	140	55804287	47747
chr16	55756540	55956540	harbor1	chr16	55805115	55805734	LTR/ERV1	4301	+	310	55805425	48885
chr16	55756540	55956540	harbor1	chr16	55811496	55811954	LTR/ERV1	1235	+	229	55811725	55185
chr16	55756540	55956540	harbor1	chr16	55812086	55812185	LTR/ERV1	461	+	50	55812136	55596
chr16	5125381	5325381	harbor1	chr16	5155555	5155705	LTR/ERV1	2607	+	75	5155630	30249
chr16	5125381	5325381	harbor1	chr16	5156077	5156427	LTR/ERV1	2607	+	175	5156252	30871
chr16	5125381	5325381	harbor1	chr16	5180478	5180954	LTR/ERV1	3279	+	238	5180716	55335
chr16	5125381	5325381	harbor1	chr16	5214112	5214581	LTR/ERV1	3859	+	234	5214346	88965
chr16	5125381	5325381	harbor1	chr16	5177020	5177557	LTR/ERV1	3425	+	268	5177288	51907
chr16	7783580	7983580	harbor1	chr16	7813784	7814430	LTR/ERV1	4236	+	323	7814107	30527
chr16	7783580	7983580	harbor1	chr16	7814737	7815094	LTR/ERV1	2462	+	178	7814915	31335
chr16	7783580	7983580	harbor1	chr16	7816566	7818242	LTR/ERV1	18047	+	838	7817404	33824
chr16	7783580	7983580	harbor1	chr16	7818233	7818735	LTR/ERV1	3531	+	251	7818484	34904
chr16	7783580	7983580	harbor1	chr16	7818738	7819396	LTR/ERV1	3134	+	329	7819067	35487
chr16	7783580	7983580	harbor1	chr16	7819398	7819613	LTR/ERV1	1394	+	108	7819506	35926
chr16	7783580	7983580	harbor1	chr16	7819614	7819989	LTR/ERV1	2233	+	188	7819802	36222
chr16	7783580	7983580	harbor1	chr16	7819990	7820397	LTR/ERV1	2957	+	204	7820194	36614
chr16	7783580	7983580	harbor1	chr16	7822511	7823055	LTR/ERV1	4404	+	272	7822783	39203
chr16	7783580	7983580	harbor1	chr16	7815097	7816507	LTR/ERV1	18047	+	705	7815802	32222
chr16	75453914	75653914	harbor1	chr16	75473475	75473620	LTR/ERV1	531	+	72	75473547	19633
chr16	75453914	75653914	harbor1	chr16	75473634	75473890	LTR/ERV1	689	+	128	75473762	19848
chr16	75453914	75653914	harbor1	chr16	75474195	75474237	LTR/ERV1	689	+	21	75474216	20302
chr16	75453914	75653914	harbor1	chr16	75475226	75475273	LTR/ERV1	689	+	24	75475250	21336
chr16	75453914	75653914	harbor1	chr16	75525231	75525376	LTR/ERV1	541	+	72	75525303	71389
chr16	28590347	28790347	harbor1	chr16	28598226	28598739	LTR/ERV1	2675	+	256	28598482	8135
chr16	28590347	28790347	harbor1	chr16	28599048	28599113	LTR/ERV1	2675	+	32	28599080	8733
chr16	28590347	28790347	harbor1	chr16	28602566	28603092	LTR/ERV1	2774	+	263	28602829	12482
chr16	28590347	28790347	harbor1	chr16	28603424	28603469	LTR/ERV1	2774	+	22	28603446	13099
chr16	28590347	28790347	harbor1	chr16	28611220	28611733	LTR/ERV1	2735	+	256	28611476	21129
chr16	28590347	28790347	harbor1	chr16	28612042	28612107	LTR/ERV1	2618	+	32	28612074	21727
chr16	28590347	28790347	harbor1	chr16	28621844	28622338	LTR/ERV1	2829	+	247	28622091	31744
chr16	18477944	18677944	harbor1	chr16	18486560	18486988	LTR/ERV1	2843	+	214	18486774	8830
chr16	18477944	18677944	harbor1	chr16	18544398	18544763	LTR/ERV1	1891	+	182	18544580	66636
chr16	31259753	31459753	harbor1	chr16	31346082	31346527	LTR/ERV1	1984	+	222	31346304	86551
chr16	31259753	31459753	harbor1	chr16	31347048	31347309	LTR/ERV1	3471	+	130	31347178	87425
chr16	31259753	31459753	harbor1	chr16	31347695	31348058	LTR/ERV1	3471	+	182	31347877	88124
chr16	29345942	29545942	harbor1	chr16	29393187	29393616	LTR/ERV1	1602	+	214	29393401	47459
chr16	29345942	29545942	harbor1	chr16	29405914	29406402	LTR/ERV1	1716	+	244	29406158	60216
chr16	29345942	29545942	harbor1	chr16	29406406	29406435	LTR/ERV1	911	+	14	29406420	60478
chr16	29345942	29545942	harbor1	chr16	29406729	29406960	LTR/ERV1	911	+	116	29406845	60903
chr16	29345942	29545942	harbor1	chr16	29411960	29412305	LTR/ERV1	2066	+	172	29412132	66190
chr16	29345942	29545942	harbor1	chr16	29413083	29413517	LTR/ERV1	4149	+	217	29413300	67358
chr16	29345942	29545942	harbor1	chr16	29413814	29413937	LTR/ERV1	4149	+	62	29413876	67934
chr16	29345942	29545942	harbor1	chr16	29417705	29418264	LTR/ERV1	3854	+	280	29417985	72043
chr16	29345942	29545942	harbor1	chr16	29418265	29418713	LTR/ERV1	3532	+	224	29418489	72547
chr16	29345942	29545942	harbor1	chr16	29418895	29419348	LTR/ERV1	3644	+	226	29419121	73179
chr17	71898852	72098852	harbor1	chr17	71915949	71916718	LTR/ERV1	5405	+	384	71916333	17481
chr17	71898852	72098852	harbor1	chr17	71949825	71950176	LTR/ERV1	2584	+	176	71950001	51149
chr17	37527918	37727918	harbor1	chr17	37536731	37537177	LTR/ERV1	657	+	223	37536954	9036
chr17	6933584	7133584	harbor1	chr17	6941231	6941577	LTR/ERV1	1520	+	173	6941404	7820
chr17	6933584	7133584	harbor1	chr17	6942016	6942393	LTR/ERV1	1934	+	188	6942204	8620
chr17	6933584	7133584	harbor1	chr17	6942631	6942922	LTR/ERV1	1683	+	146	6942777	9193
chr17	6933584	7133584	harbor1	chr17	6942924	6943085	LTR/ERV1	942	+	80	6943004	9420
chr17	6933584	7133584	harbor1	chr17	6947859	6948288	LTR/ERV1	2360	+	214	6948073	14489
chr17	6933584	7133584	harbor1	chr17	6952574	6952641	LTR/ERV1	557	+	34	6952608	19024
chr17	6933584	7133584	harbor1	chr17	6978152	6978191	LTR/ERV1	953	+	20	6978172	44588
chr17	6933584	7133584	harbor1	chr17	6978501	6978849	LTR/ERV1	953	+	174	6978675	45091
chr17	6933584	7133584	harbor1	chr17	6992866	6992954	LTR/ERV1	4015	+	44	6992910	59326
chr17	6933584	7133584	harbor1	chr17	6993255	6993504	LTR/ERV1	4015	+	124	6993379	59795
chr17	6933584	7133584	harbor1	chr17	6993802	6994143	LTR/ERV1	4015	+	170	6993972	60388
chr17	36112097	36312097	harbor1	chr17	36116346	36116461	LTR/ERV1	801	+	58	36116404	4307
chr17	36112097	36312097	harbor1	chr17	36205021	36205508	LTR/ERV1	2598	+	244	36205265	93168
chr17	12440074	12640074	harbor1	chr17	12465424	12465902	LTR/ERV1	2176	+	239	12465663	25589
chr17	12440074	12640074	harbor1	chr17	12521152	12521426	LTR/ERV1	1862	+	137	12521289	81215
chr17	72962286	73162286	harbor1	chr17	73055338	73055429	LTR/ERV1	862	+	46	73055384	93098
chr17	72962286	73162286	harbor1	chr17	73055758	73056013	LTR/ERV1	862	+	128	73055886	93600
chr17	72962286	73162286	harbor1	chr17	73058024	73058175	LTR/ERV1	490	+	76	73058100	95814
chr17	72962286	73162286	harbor1	chr17	73058920	73059385	LTR/ERV1	4637	+	232	73059152	96866
chr17	72962286	73162286	harbor1	chr17	73059670	73059928	LTR/ERV1	4637	+	129	73059799	97513
chr17	72962286	73162286	harbor1	chr17	73060241	73061081	LTR/ERV1	4637	+	420	73060661	98375
chr17	72962286	73162286	harbor1	chr17	73061373	73061713	LTR/ERV1	4637	+	170	73061543	99257
chr17	72962286	73162286	harbor1	chr17	73062017	73062177	LTR/ERV1	4637	+	80	73062097	99811
chr17	31549001	31749001	harbor1	chr17	31632087	31632458	LTR/ERV1	2595	+	186	31632273	83272
chr17	31549001	31749001	harbor1	chr17	31639566	31639732	LTR/ERV1	820	+	83	31639649	90648
chr17	31549001	31749001	harbor1	chr17	31640037	31640047	LTR/ERV1	820	+	5	31640042	91041
chr17	31549001	31749001	harbor1	chr17	31640347	31640370	LTR/ERV1	820	+	12	31640359	91358
chr17	31549001	31749001	harbor1	chr17	31640662	31640829	LTR/ERV1	820	+	84	31640746	91745
chr17	31549001	31749001	harbor1	chr17	31641457	31642123	LTR/ERV1	3685	+	333	31641790	92789
chr17	31549001	31749001	harbor1	chr17	31642476	31642987	LTR/ERV1	3874	+	256	31642732	93731
chr17	31549001	31749001	harbor1	chr17	31643138	31643759	LTR/ERV1	4052	+	310	31643448	94447
chr17	31549001	31749001	harbor1	chr17	31643891	31644014	LTR/ERV1	1003	+	62	31643953	94952
chr17	31549001	31749001	harbor1	chr17	31647361	31647571	LTR/ERV1	1334	+	105	31647466	98465
chr17	81156109	81356109	harbor1	chr17	81234841	81235306	LTR/ERV1	1836	+	232	81235073	78964
chr17	81156109	81356109	harbor1	chr17	81238279	81238616	LTR/ERV1	1076	+	168	81238447	82338
chr17	33785461	33985461	harbor1	chr17	33872516	33873256	LTR/ERV1	4090	+	370	33872886	87425
chr17	9397947	9597947	harbor1	chr17	9416228	9416374	LTR/ERV1	4355	+	73	9416301	18354
chr17	9397947	9597947	harbor1	chr17	9416667	9417278	LTR/ERV1	4355	+	306	9416973	19026
chr17	69596742	69796742	harbor1	chr17	69606425	69606802	LTR/ERV1	1648	+	188	69606613	9871
chr17	6359288	6559288	harbor1	chr17	6424169	6424551	LTR/ERV1	1601	+	191	6424360	65072
chr17	6359288	6559288	harbor1	chr17	6424865	6424978	LTR/ERV1	691	+	56	6424921	65633
chr17	6359288	6559288	harbor1	chr17	6437379	6438009	LTR/ERV1	2831	+	315	6437694	78406
chr17	29943389	30143389	harbor1	chr17	30005563	30006235	LTR/ERV1	1842	+	336	30005899	62510
chr17	29943389	30143389	harbor1	chr17	30032374	30032876	LTR/ERV1	1919	+	251	30032625	89236
chr17	29943389	30143389	harbor1	chr17	30038700	30038843	LTR/ERV1	696	+	72	30038772	95383
chr17	29943389	30143389	harbor1	chr17	30038846	30039093	LTR/ERV1	1314	+	124	30038970	95581
chr17	29943389	30143389	harbor1	chr17	30039082	30040536	LTR/ERV1	5410	+	727	30039809	96420
chr17	29943389	30143389	harbor1	chr17	30040783	30041175	LTR/ERV1	1950	+	196	30040979	97590
chr17	71732756	71932756	harbor1	chr17	71739698	71740208	LTR/ERV1	2191	+	255	71739953	7197
chr17	71732756	71932756	harbor1	chr17	71824829	71825301	LTR/ERV1	944	+	236	71825065	92309
chr17	22271651	22471651	harbor1	chr17	22286288	22287016	LTR/ERV1	1655	+	364	22286652	15001
chr17	22271651	22471651	harbor1	chr17	22322715	22322944	LTR/ERV1	769	+	114	22322829	51178
chr17	22271651	22471651	harbor1	chr17	22323257	22323724	LTR/ERV1	2042	+	234	22323491	51840
chr17	22271651	22471651	harbor1	chr17	22334565	22335046	LTR/ERV1	839	+	240	22334805	63154
chr17	22271651	22471651	harbor1	chr17	22358073	22358414	LTR/ERV1	1421	+	170	22358243	86592
chr17	69894440	70094440	harbor1	chr17	69903486	69903995	LTR/ERV1	2591	+	254	69903740	9300
chr17	69894440	70094440	harbor1	chr17	69943013	69943373	LTR/ERV1	823	+	180	69943193	48753
chr17	61497291	61697291	harbor1	chr17	61524371	61524839	LTR/ERV1	2778	+	234	61524605	27314
chr17	8708227	8908227	harbor1	chr17	8710171	8710569	LTR/ERV1	2377	+	199	8710370	2143
chr17	8708227	8908227	harbor1	chr17	8720358	8720516	LTR/ERV1	634	+	79	8720437	12210
chr17	8708227	8908227	harbor1	chr17	8720827	8720910	LTR/ERV1	634	+	42	8720869	12642
chr17	8708227	8908227	harbor1	chr17	8768472	8768979	LTR/ERV1	3935	+	254	8768726	60499
chr17	54145149	54345149	harbor1	chr17	54160615	54160929	LTR/ERV1	833	+	157	54160772	15623
chr17	54145149	54345149	harbor1	chr17	54216226	54216847	LTR/ERV1	3041	+	310	54216536	71387
chr17	35179891	35379891	harbor1	chr17	35217122	35217527	LTR/ERV1	2103	+	202	35217324	37433
chr17	35179891	35379891	harbor1	chr17	35246965	35247415	LTR/ERV1	1957	+	225	35247190	67299
chr17	35179891	35379891	harbor1	chr17	35247420	35248505	LTR/ERV1	7910	+	542	35247962	68071
chr17	35179891	35379891	harbor1	chr17	35248552	35250377	LTR/ERV1	7910	+	912	35249464	69573
chr17	35179891	35379891	harbor1	chr17	35250674	35251386	LTR/ERV1	3247	+	356	35251030	71139
chr17	75572234	75772234	harbor1	chr17	75580825	75581711	LTR/ERV1	5179	+	443	75581268	9034
chr17	75572234	75772234	harbor1	chr17	75581717	75581756	LTR/ERV1	859	+	20	75581737	9503
chr17	75572234	75772234	harbor1	chr17	75582051	75582212	LTR/ERV1	859	+	80	75582131	9897
chr17	75572234	75772234	harbor1	chr17	75582509	75582555	LTR/ERV1	859	+	23	75582532	10298
chr17	53787733	53987733	harbor1	chr17	53790309	53790693	LTR/ERV1	2370	+	192	53790501	2768
chr17	53787733	53987733	harbor1	chr17	53791600	53792118	LTR/ERV1	1915	+	259	53791859	4126
chr17	53787733	53987733	harbor1	chr17	53792127	53793360	LTR/ERV1	7154	+	616	53792743	5010
chr17	53984220	54184220	harbor1	chr17	53993524	53993961	LTR/ERV1	1126	+	218	53993742	9522
chr17	53984220	54184220	harbor1	chr17	54017240	54017811	LTR/ERV1	2924	+	286	54017526	33306
chr17	53984220	54184220	harbor1	chr17	54057734	54058045	LTR/ERV1	1062	+	156	54057890	73670
chr17	45854010	46054010	harbor1	chr17	45867960	45868643	LTR/ERV1	4947	+	342	45868302	14292
chr17	392407	592407	harbor1	chr17	427050	427220	LTR/ERV1	705	+	85	427135	34728
chr17	392407	592407	harbor1	chr17	428169	428184	LTR/ERV1	787	+	8	428177	35770
chr17	392407	592407	harbor1	chr17	428486	428648	LTR/ERV1	787	+	81	428567	36160
chr17	70902390	71102390	harbor1	chr17	70980024	70980369	LTR/ERV1	1141	+	172	70980196	77806
chr17	70902390	71102390	harbor1	chr17	70987030	70987531	LTR/ERV1	1116	+	250	70987280	84890
chr17	63352799	63552799	harbor1	chr17	63434746	63434977	LTR/ERV1	1410	+	116	63434862	82063
chr17	7106342	7306342	harbor1	chr17	7141592	7142210	LTR/ERV1	3031	+	309	7141901	35559
chr17	7106342	7306342	harbor1	chr17	7142993	7143113	LTR/ERV1	3031	+	60	7143053	36711
chr17	7106342	7306342	harbor1	chr17	7145245	7145267	LTR/ERV1	1219	+	11	7145256	38914
chr17	7106342	7306342	harbor1	chr17	7145590	7146005	LTR/ERV1	1779	+	208	7145798	39456
chr17	55569191	55769191	harbor1	chr17	55570003	55570796	LTR/ERV1	4152	+	396	55570399	1208
chr17	5177369	5377369	harbor1	chr17	5190695	5191220	LTR/ERV1	2127	+	262	5190957	13588
chr17	5177369	5377369	harbor1	chr17	5230963	5231077	LTR/ERV1	2004	+	57	5231020	53651
chr17	5177369	5377369	harbor1	chr17	5231387	5231772	LTR/ERV1	2004	+	192	5231579	54210
chr17	5177369	5377369	harbor1	chr17	5232074	5232121	LTR/ERV1	2004	+	24	5232098	54729
chr17	5177369	5377369	harbor1	chr17	5239873	5240064	LTR/ERV1	897	+	96	5239969	62600
chr17	5177369	5377369	harbor1	chr17	5241258	5241581	LTR/ERV1	1157	+	162	5241420	64051
chr17	5177369	5377369	harbor1	chr17	5246113	5246281	LTR/ERV1	4494	+	84	5246197	68828
chr17	5177369	5377369	harbor1	chr17	5246613	5247027	LTR/ERV1	4494	+	207	5246820	69451
chr17	5177369	5377369	harbor1	chr17	5247336	5247504	LTR/ERV1	4494	+	84	5247420	70051
chr17	5177369	5377369	harbor1	chr17	5271960	5272650	LTR/ERV1	5250	+	345	5272305	94936
chr17	15603045	15803045	harbor1	chr17	15643110	15643706	LTR/ERV1	3059	+	298	15643408	40363
chr17	15603045	15803045	harbor1	chr17	15654436	15654920	LTR/ERV1	3273	+	242	15654678	51633
chr17	55405051	55605051	harbor1	chr17	55430645	55431300	LTR/ERV1	3228	+	328	55430973	25922
chr17	55405051	55605051	harbor1	chr17	55439507	55439809	LTR/ERV1	1083	+	151	55439658	34607
chr17	55405051	55605051	harbor1	chr17	55440174	55440313	LTR/ERV1	679	+	70	55440244	35193
chr17	55405051	55605051	harbor1	chr17	55458351	55459213	LTR/ERV1	4224	+	431	55458782	53731
chr17	55405051	55605051	harbor1	chr17	55467773	55468176	LTR/ERV1	2150	+	202	55467975	62924
chr17	55405051	55605051	harbor1	chr17	55468177	55468582	LTR/ERV1	972	+	202	55468379	63328
chr17	55405051	55605051	harbor1	chr17	55468671	55469697	LTR/ERV1	16145	+	513	55469184	64133
chr17	55405051	55605051	harbor1	chr17	55470002	55472590	LTR/ERV1	16145	+	1294	55471296	66245
chr17	55405051	55605051	harbor1	chr17	55472897	55473789	LTR/ERV1	4895	+	446	55473343	68292
chr17	55405051	55605051	harbor1	chr17	55473790	55474233	LTR/ERV1	3603	+	222	55474012	68961
chr17	55405051	55605051	harbor1	chr17	55474234	55475092	LTR/ERV1	7105	+	429	55474663	69612
chr17	55405051	55605051	harbor1	chr17	55475099	55475548	LTR/ERV1	2572	+	224	55475323	70272
chr17	55405051	55605051	harbor1	chr17	55475519	55476078	LTR/ERV1	3807	+	280	55475799	70748
chr17	55405051	55605051	harbor1	chr17	55476079	55476512	LTR/ERV1	2395	+	216	55476295	71244
chr17	54331164	54531164	harbor1	chr17	54331197	54332400	LTR/ERV1	5308	+	602	54331799	635
chr17	54331164	54531164	harbor1	chr17	54332401	54332778	LTR/ERV1	2797	+	188	54332589	1425
chr17	54331164	54531164	harbor1	chr17	54344891	54345531	LTR/ERV1	3981	+	320	54345211	14047
chr17	54331164	54531164	harbor1	chr17	54348686	54349053	LTR/ERV1	2214	+	184	54348870	17706
chr17	54331164	54531164	harbor1	chr17	54349507	54350086	LTR/ERV1	2411	+	290	54349797	18633
chr17	54331164	54531164	harbor1	chr17	54368877	54369287	LTR/ERV1	2820	+	205	54369082	37918
chr17	54331164	54531164	harbor1	chr17	54388791	54389835	LTR/ERV1	4704	+	522	54389313	58149
chr17	54331164	54531164	harbor1	chr17	54411779	54415851	LTR/ERV1	13468	+	2036	54413815	82651
chr17	54331164	54531164	harbor1	chr17	54415840	54416395	LTR/ERV1	3304	+	278	54416118	84954
chr17	54331164	54531164	harbor1	chr17	54416396	54416802	LTR/ERV1	2278	+	203	54416599	85435
chr17	54331164	54531164	harbor1	chr17	54345638	54346137	LTR/ERV1	3119	+	250	54345888	14724
chr17	47067017	47267017	harbor1	chr17	47071024	47071190	LTR/ERV1	1195	+	83	47071107	4090
chr17	47067017	47267017	harbor1	chr17	47102000	47102172	LTR/ERV1	2761	+	86	47102086	35069
chr17	47067017	47267017	harbor1	chr17	47102479	47102714	LTR/ERV1	2761	+	118	47102597	35580
chr17	47067017	47267017	harbor1	chr17	47103005	47103108	LTR/ERV1	2761	+	52	47103057	36040
chr17	47067017	47267017	harbor1	chr17	47113898	47114306	LTR/ERV1	1012	+	204	47114102	47085
chr17	46278017	46478017	harbor1	chr17	46363617	46364162	LTR/ERV1	1566	+	272	46363889	85872
chr17	12639588	12839588	harbor1	chr17	12719540	12719570	LTR/ERV1	4333	+	15	12719555	79967
chr17	12639588	12839588	harbor1	chr17	12719889	12720491	LTR/ERV1	4333	+	301	12720190	80602
chr17	42082318	42282318	harbor1	chr17	42083110	42083196	LTR/ERV1	574	+	43	42083153	835
chr17	42082318	42282318	harbor1	chr17	42083524	42083707	LTR/ERV1	1355	+	92	42083616	1298
chr17	42082318	42282318	harbor1	chr17	42084019	42084069	LTR/ERV1	1355	+	25	42084044	1726
chr17	42082318	42282318	harbor1	chr17	42084356	42084476	LTR/ERV1	1355	+	60	42084416	2098
chr17	42082318	42282318	harbor1	chr17	42087438	42087643	LTR/ERV1	1078	+	102	42087540	5222
chr17	42082318	42282318	harbor1	chr17	42087759	42088059	LTR/ERV1	830	+	150	42087909	5591
chr17	27311050	27511050	harbor1	chr17	27349026	27349273	LTR/ERV1	558	+	124	27349150	38100
chr17	27311050	27511050	harbor1	chr17	27349583	27349897	LTR/ERV1	859	+	157	27349740	38690
chr17	27311050	27511050	harbor1	chr17	27376103	27376154	LTR/ERV1	4004	+	26	27376129	65079
chr17	27311050	27511050	harbor1	chr17	27376450	27376887	LTR/ERV1	4004	+	218	27376668	65618
chr17	27311050	27511050	harbor1	chr17	27377195	27377435	LTR/ERV1	4004	+	120	27377315	66265
chr17	72984408	73184408	harbor1	chr17	73055338	73055429	LTR/ERV1	862	+	46	73055384	70976
chr17	72984408	73184408	harbor1	chr17	73055758	73056013	LTR/ERV1	862	+	128	73055886	71478
chr17	72984408	73184408	harbor1	chr17	73058024	73058175	LTR/ERV1	490	+	76	73058100	73692
chr17	72984408	73184408	harbor1	chr17	73058920	73059385	LTR/ERV1	4637	+	232	73059152	74744
chr17	72984408	73184408	harbor1	chr17	73059670	73059928	LTR/ERV1	4637	+	129	73059799	75391
chr17	72984408	73184408	harbor1	chr17	73060241	73061081	LTR/ERV1	4637	+	420	73060661	76253
chr17	72984408	73184408	harbor1	chr17	73061373	73061713	LTR/ERV1	4637	+	170	73061543	77135
chr17	72984408	73184408	harbor1	chr17	73062017	73062177	LTR/ERV1	4637	+	80	73062097	77689
chr17	72984408	73184408	harbor1	chr17	73062479	73062679	LTR/ERV1	4637	+	100	73062579	78171
chr17	72984408	73184408	harbor1	chr17	73063057	73063466	LTR/ERV1	1262	+	204	73063261	78853
chr17	71541085	71741085	harbor1	chr17	71577902	71578704	LTR/ERV1	3158	+	401	71578303	37218
chr17	71541085	71741085	harbor1	chr17	71580881	71581276	LTR/ERV1	2308	+	198	71581079	39994
chr17	15502708	15702708	harbor1	chr17	15505516	15506856	LTR/ERV1	9174	+	670	15506186	3478
chr17	15502708	15702708	harbor1	chr17	15526930	15527239	LTR/ERV1	1542	+	154	15527084	24376
chr17	15502708	15702708	harbor1	chr17	15561728	15562221	LTR/ERV1	3857	+	246	15561974	59266
chr17	15502708	15702708	harbor1	chr17	15562517	15562562	LTR/ERV1	3857	+	22	15562539	59831
chr17	62933694	63133694	harbor1	chr17	62976580	62977193	LTR/ERV1	4368	+	306	62976886	43192
chr17	62933694	63133694	harbor1	chr17	62996215	62996636	LTR/ERV1	3058	+	210	62996425	62731
chr17	68656542	68856542	harbor1	chr17	68732251	68732949	LTR/ERV1	4361	+	349	68732600	76058
chr17	68656542	68856542	harbor1	chr17	68733722	68734473	LTR/ERV1	2676	+	376	68734098	77556
chr17	68656542	68856542	harbor1	chr17	68740647	68741466	LTR/ERV1	5485	+	410	68741057	84515
chr17	68656542	68856542	harbor1	chr17	68742526	68743118	LTR/ERV1	3255	+	296	68742822	86280
chr17	68656542	68856542	harbor1	chr17	68744895	68745706	LTR/ERV1	5778	+	406	68745301	88759
chr17	31677766	31877766	harbor1	chr17	31725040	31725550	LTR/ERV1	3073	+	255	31725295	47529
chr17	31677766	31877766	harbor1	chr17	31731597	31732520	LTR/ERV1	5543	+	462	31732059	54293
chr17	31677766	31877766	harbor1	chr17	31762039	31762862	LTR/ERV1	6598	+	412	31762451	84685
chr17	31677766	31877766	harbor1	chr17	31771335	31772128	LTR/ERV1	5161	+	396	31771731	93965
chr17	31677766	31877766	harbor1	chr17	31762863	31771334	LTR/ERV1	70012	+	4236	31767099	89333
chr17	70890380	71090380	harbor1	chr17	70980024	70980369	LTR/ERV1	1141	+	172	70980196	89816
chr17	70890380	71090380	harbor1	chr17	70987030	70987531	LTR/ERV1	1116	+	250	70987280	96900
chr17	20244798	20444798	harbor1	chr17	20319725	20319966	LTR/ERV1	1480	+	120	20319845	75047
chr17	9276099	9476099	harbor1	chr17	9307666	9307995	LTR/ERV1	1377	+	164	9307830	31731
chr17	9276099	9476099	harbor1	chr17	9314740	9314820	LTR/ERV1	488	+	40	9314780	38681
chr17	9276099	9476099	harbor1	chr17	9315181	9315733	LTR/ERV1	1989	+	276	9315457	39358
chr17	9276099	9476099	harbor1	chr17	9316035	9316087	LTR/ERV1	1989	+	26	9316061	39962
chr17	9276099	9476099	harbor1	chr17	9334846	9335363	LTR/ERV1	3178	+	258	9335104	59005
chr17	46705895	46905895	harbor1	chr17	46804688	46805128	LTR/ERV1	2665	+	220	46804908	99013
chr17	45716242	45916242	harbor1	chr17	45773253	45773790	LTR/ERV1	2735	+	268	45773521	57279
chr17	78419396	78619396	harbor1	chr17	78508123	78508608	LTR/ERV1	1976	+	242	78508365	88969
chr17	78419396	78619396	harbor1	chr17	78512467	78512659	LTR/ERV1	1471	+	96	78512563	93167
chr17	78419396	78619396	harbor1	chr17	78512968	78513053	LTR/ERV1	1471	+	42	78513010	93614
chr17	78419396	78619396	harbor1	chr17	78513056	78513435	LTR/ERV1	2383	+	190	78513246	93850
chr17	78419396	78619396	harbor1	chr17	78513735	78513833	LTR/ERV1	537	+	49	78513784	94388
chr17	22327966	22527966	harbor1	chr17	22334565	22335046	LTR/ERV1	839	+	240	22334805	6839
chr17	22327966	22527966	harbor1	chr17	22358073	22358414	LTR/ERV1	1421	+	170	22358243	30277
chr17	22327966	22527966	harbor1	chr17	22413355	22413511	LTR/ERV1	837	+	78	22413433	85467
chr17	22327966	22527966	harbor1	chr17	22413502	22414044	LTR/ERV1	2981	+	271	22413773	85807
chr17	22327966	22527966	harbor1	chr17	22414392	22414526	LTR/ERV1	2981	+	67	22414459	86493
chr17	22327966	22527966	harbor1	chr17	22417097	22418095	LTR/ERV1	3643	+	499	22417596	89630
chr17	22327966	22527966	harbor1	chr17	22418096	22418670	LTR/ERV1	3048	+	287	22418383	90417
chr17	22327966	22527966	harbor1	chr17	22418960	22419421	LTR/ERV1	3093	+	230	22419190	91224
chr17	22327966	22527966	harbor1	chr17	22420186	22420631	LTR/ERV1	1463	+	222	22420408	92442
chr17	22327966	22527966	harbor1	chr17	22413145	22413350	LTR/ERV1	860	+	102	22413247	85281
chr17	22320892	22520892	harbor1	chr17	22322715	22322944	LTR/ERV1	769	+	114	22322829	1937
chr17	22320892	22520892	harbor1	chr17	22323257	22323724	LTR/ERV1	2042	+	234	22323491	2599
chr17	22320892	22520892	harbor1	chr17	22334565	22335046	LTR/ERV1	839	+	240	22334805	13913
chr17	22320892	22520892	harbor1	chr17	22358073	22358414	LTR/ERV1	1421	+	170	22358243	37351
chr17	22320892	22520892	harbor1	chr17	22413355	22413511	LTR/ERV1	837	+	78	22413433	92541
chr17	22320892	22520892	harbor1	chr17	22413502	22414044	LTR/ERV1	2981	+	271	22413773	92881
chr17	22320892	22520892	harbor1	chr17	22414392	22414526	LTR/ERV1	2981	+	67	22414459	93567
chr17	22320892	22520892	harbor1	chr17	22417097	22418095	LTR/ERV1	3643	+	499	22417596	96704
chr17	22320892	22520892	harbor1	chr17	22418096	22418670	LTR/ERV1	3048	+	287	22418383	97491
chr17	22320892	22520892	harbor1	chr17	22418960	22419421	LTR/ERV1	3093	+	230	22419190	98298
chr17	22320892	22520892	harbor1	chr17	22420186	22420631	LTR/ERV1	1463	+	222	22420408	99516
chr17	22320892	22520892	harbor1	chr17	22413145	22413350	LTR/ERV1	860	+	102	22413247	92355
chr17	46789698	46989698	harbor1	chr17	46804688	46805128	LTR/ERV1	2665	+	220	46804908	15210
chr17	46789698	46989698	harbor1	chr17	46886366	46886763	LTR/ERV1	669	+	198	46886564	96866
chr17	67333299	67533299	harbor1	chr17	67333998	67334456	LTR/ERV1	4516	+	229	67334227	928
chr17	67333299	67533299	harbor1	chr17	67334783	67335010	LTR/ERV1	4516	+	114	67334897	1598
chr17	67333299	67533299	harbor1	chr17	67385097	67385692	LTR/ERV1	3304	+	298	67385395	52096
chr17	67333299	67533299	harbor1	chr17	67424815	67425185	LTR/ERV1	1724	+	185	67425000	91701
chr17	4530503	4730503	harbor1	chr17	4626892	4627465	LTR/ERV1	2500	+	286	4627178	96675
chr17	52205190	52405190	harbor1	chr17	52254627	52254719	LTR/ERV1	560	+	46	52254673	49483
chr17	52205190	52405190	harbor1	chr17	52255037	52255494	LTR/ERV1	3621	+	228	52255265	50075
chr17	52205190	52405190	harbor1	chr17	52255803	52257546	LTR/ERV1	4088	+	872	52256675	51485
chr17	22106778	22306778	harbor1	chr17	22139111	22139503	LTR/ERV1	1387	+	196	22139307	32529
chr17	22106778	22306778	harbor1	chr17	22141833	22142551	LTR/ERV1	3893	+	359	22142192	35414
chr17	22106778	22306778	harbor1	chr17	22194161	22194610	LTR/ERV1	1274	+	224	22194385	87607
chr17	22106778	22306778	harbor1	chr17	22118341	22118605	LTR/ERV1	921	+	132	22118473	11695
chr17	32501399	32701399	harbor1	chr17	32559282	32559696	LTR/ERV1	2299	+	207	32559489	58090
chr17	13074191	13274191	harbor1	chr17	13091293	13091316	LTR/ERV1	2287	+	12	13091305	17114
chr17	13074191	13274191	harbor1	chr17	13091614	13091900	LTR/ERV1	2287	+	143	13091757	17566
chr17	13074191	13274191	harbor1	chr17	13092228	13092494	LTR/ERV1	2287	+	133	13092361	18170
chr17	13074191	13274191	harbor1	chr17	13093779	13094315	LTR/ERV1	3404	+	268	13094047	19856
chr17	13074191	13274191	harbor1	chr17	13101914	13102290	LTR/ERV1	1920	+	188	13102102	27911
chr17	13074191	13274191	harbor1	chr17	13102344	13102558	LTR/ERV1	620	+	107	13102451	28260
chr17	13074191	13274191	harbor1	chr17	13109993	13110257	LTR/ERV1	1175	+	132	13110125	35934
chr17	13074191	13274191	harbor1	chr17	13170446	13172117	LTR/ERV1	3319	+	836	13171282	97091
chr17	13074191	13274191	harbor1	chr17	13172102	13174179	LTR/ERV1	11615	+	1038	13173140	98949
chr17	7486706	7686706	harbor1	chr17	7532328	7532759	LTR/ERV1	5191	+	216	7532544	45838
chr17	7486706	7686706	harbor1	chr17	7533046	7533291	LTR/ERV1	5191	+	122	7533168	46462
chr17	7486706	7686706	harbor1	chr17	7533493	7533541	LTR/ERV1	3182	+	24	7533517	46811
chr17	7486706	7686706	harbor1	chr17	7533854	7534348	LTR/ERV1	3182	+	247	7534101	47395
chr17	7486706	7686706	harbor1	chr17	7537191	7537664	LTR/ERV1	912	+	236	7537427	50721
chr17	7486706	7686706	harbor1	chr17	7538473	7539076	LTR/ERV1	2673	+	302	7538775	52069
chr17	29811746	30011746	harbor1	chr17	29837433	29839428	LTR/ERV1	7775	+	998	29838431	26685
chr17	29811746	30011746	harbor1	chr17	29847631	29848136	LTR/ERV1	3431	+	252	29847883	36137
chr17	29811746	30011746	harbor1	chr17	29905394	29906221	LTR/ERV1	2982	+	414	29905808	94062
chr17	69182244	69382244	harbor1	chr17	69187021	69187556	LTR/ERV1	3297	+	268	69187289	5045
chr17	7498373	7698373	harbor1	chr17	7532328	7532759	LTR/ERV1	5191	+	216	7532544	34171
chr17	7498373	7698373	harbor1	chr17	7533046	7533291	LTR/ERV1	5191	+	122	7533168	34795
chr17	7498373	7698373	harbor1	chr17	7533493	7533541	LTR/ERV1	3182	+	24	7533517	35144
chr17	7498373	7698373	harbor1	chr17	7533854	7534348	LTR/ERV1	3182	+	247	7534101	35728
chr17	7498373	7698373	harbor1	chr17	7537191	7537664	LTR/ERV1	912	+	236	7537427	39054
chr17	7498373	7698373	harbor1	chr17	7538473	7539076	LTR/ERV1	2673	+	302	7538775	40402
chr17	58301854	58501854	harbor1	chr17	58397688	58398125	LTR/ERV1	3231	+	218	58397906	96052
chr17	9056494	9256494	harbor1	chr17	9151743	9152261	LTR/ERV1	3589	+	259	9152002	95508
chr17	40003806	40203806	harbor1	chr17	40010751	40011682	LTR/ERV1	6706	+	466	40011217	7411
chr17	40003806	40203806	harbor1	chr17	40012165	40012756	LTR/ERV1	4343	+	296	40012461	8655
chr17	7384956	7584956	harbor1	chr17	7452497	7452740	LTR/ERV1	1266	+	122	7452619	67663
chr17	22167281	22367281	harbor1	chr17	22194161	22194610	LTR/ERV1	1274	+	224	22194385	27104
chr17	22167281	22367281	harbor1	chr17	22213022	22213635	LTR/ERV1	4224	+	306	22213328	46047
chr17	22167281	22367281	harbor1	chr17	22226804	22227135	LTR/ERV1	3087	+	166	22226970	59689
chr17	22167281	22367281	harbor1	chr17	22227434	22227707	LTR/ERV1	3087	+	136	22227570	60289
chr17	19786486	19986486	harbor1	chr17	19881591	19881759	LTR/ERV1	3351	+	84	19881675	95189
chr17	19786486	19986486	harbor1	chr17	19882306	19882688	LTR/ERV1	3351	+	191	19882497	96011
chr17	19786486	19986486	harbor1	chr17	19882988	19883042	LTR/ERV1	3351	+	27	19883015	96529
chr17	66139623	66339623	harbor1	chr17	66230240	66230633	LTR/ERV1	1516	+	196	66230436	90813
chr17	70909182	71109182	harbor1	chr17	70980024	70980369	LTR/ERV1	1141	+	172	70980196	71014
chr17	70909182	71109182	harbor1	chr17	70987030	70987531	LTR/ERV1	1116	+	250	70987280	78098
chr17	43941403	44141403	harbor1	chr17	43945255	43945490	LTR/ERV1	1431	+	118	43945373	3970
chr17	43941403	44141403	harbor1	chr17	43945632	43945923	LTR/ERV1	2420	+	146	43945778	4375
chr17	43941403	44141403	harbor1	chr17	43946028	43946153	LTR/ERV1	2420	+	62	43946090	4687
chr17	14493502	14693502	harbor1	chr17	14525845	14526551	LTR/ERV1	3479	+	353	14526198	32696
chr17	14493502	14693502	harbor1	chr17	14554150	14554771	LTR/ERV1	797	+	310	14554460	60958
chr17	3650975	3850975	harbor1	chr17	3702049	3702797	LTR/ERV1	4969	+	374	3702423	51448
chr17	76309489	76509489	harbor1	chr17	76357115	76357552	LTR/ERV1	2700	+	218	76357333	47844
chr17	76309489	76509489	harbor1	chr17	76363203	76363462	LTR/ERV1	2360	+	130	76363333	53844
chr17	76309489	76509489	harbor1	chr17	76364055	76364172	LTR/ERV1	2360	+	58	76364113	54624
chr17	76309489	76509489	harbor1	chr17	76364474	76364899	LTR/ERV1	2473	+	212	76364686	55197
chr17	44521766	44721766	harbor1	chr17	44527782	44529218	LTR/ERV1	9960	+	718	44528500	6734
chr17	44521766	44721766	harbor1	chr17	44531845	44531864	LTR/ERV1	1331	+	10	44531855	10089
chr17	44521766	44721766	harbor1	chr17	44532164	44532458	LTR/ERV1	1331	+	147	44532311	10545
chr17	44521766	44721766	harbor1	chr17	44568044	44569479	LTR/ERV1	9357	+	718	44568762	46996
chr17	44521766	44721766	harbor1	chr17	44531676	44531797	LTR/ERV1	518	+	60	44531736	9970
chr17	68119573	68319573	harbor1	chr17	68179674	68181122	LTR/ERV1	9439	+	724	68180398	60825
chr17	68119573	68319573	harbor1	chr17	68207675	68209028	LTR/ERV1	9367	+	676	68208351	88778
chr17	69142312	69342312	harbor1	chr17	69187021	69187556	LTR/ERV1	3297	+	268	69187289	44977
chr17	27130008	27330008	harbor1	chr17	27131639	27132042	LTR/ERV1	1272	+	202	27131841	1833
chr17	29820474	30020474	harbor1	chr17	29837433	29839428	LTR/ERV1	7775	+	998	29838431	17957
chr17	29820474	30020474	harbor1	chr17	29847631	29848136	LTR/ERV1	3431	+	252	29847883	27409
chr17	29820474	30020474	harbor1	chr17	29905394	29906221	LTR/ERV1	2982	+	414	29905808	85334
chr17	16215482	16415482	harbor1	chr17	16259702	16260838	LTR/ERV1	5169	+	568	16260270	44788
chr17	16215482	16415482	harbor1	chr17	16261137	16261365	LTR/ERV1	5169	+	114	16261251	45769
chr17	16215482	16415482	harbor1	chr17	16284379	16284961	LTR/ERV1	3923	+	291	16284670	69188
chr17	40904185	41104185	harbor1	chr17	40986266	40986652	LTR/ERV1	2317	+	193	40986459	82274
chr17	54447618	54647618	harbor1	chr17	54452401	54452844	LTR/ERV1	2625	+	222	54452623	5005
chr17	54447618	54647618	harbor1	chr17	54452845	54453507	LTR/ERV1	3682	+	331	54453176	5558
chr17	54447618	54647618	harbor1	chr17	54453496	54454149	LTR/ERV1	3309	+	326	54453822	6204
chr17	54447618	54647618	harbor1	chr17	54454207	54454310	LTR/ERV1	2609	+	52	54454259	6641
chr17	54447618	54647618	harbor1	chr17	54454605	54454772	LTR/ERV1	2609	+	84	54454689	7071
chr17	54447618	54647618	harbor1	chr17	54454798	54456799	LTR/ERV1	7068	+	1000	54455798	8180
chr17	54447618	54647618	harbor1	chr17	54456799	54456948	LTR/ERV1	859	+	74	54456873	9255
chr17	54447618	54647618	harbor1	chr17	54457089	54457723	LTR/ERV1	4237	+	317	54457406	9788
chr17	54447618	54647618	harbor1	chr17	54457725	54458151	LTR/ERV1	2495	+	213	54457938	10320
chr17	54447618	54647618	harbor1	chr17	54459343	54459645	LTR/ERV1	1235	+	151	54459494	11876
chr17	54447618	54647618	harbor1	chr17	54459988	54460412	LTR/ERV1	1923	+	212	54460200	12582
chr17	54447618	54647618	harbor1	chr17	54504391	54504746	LTR/ERV1	896	+	178	54504569	56951
chr17	54447618	54647618	harbor1	chr17	54505041	54505162	LTR/ERV1	609	+	60	54505101	57483
chr17	54447618	54647618	harbor1	chr17	54505486	54505650	LTR/ERV1	609	+	82	54505568	57950
chr17	54447618	54647618	harbor1	chr17	54522803	54523221	LTR/ERV1	987	+	209	54523012	75394
chr17	54447618	54647618	harbor1	chr17	54525265	54525824	LTR/ERV1	1893	+	280	54525545	77927
chr17	54447618	54647618	harbor1	chr17	54528186	54528719	LTR/ERV1	1757	+	266	54528452	80834
chr17	5886404	6086404	harbor1	chr17	5895213	5895762	LTR/ERV1	3785	+	274	5895487	9083
chr17	5886404	6086404	harbor1	chr17	5952603	5953090	LTR/ERV1	1044	+	244	5952847	66443
chr17	5886404	6086404	harbor1	chr17	5953384	5953477	LTR/ERV1	1044	+	46	5953430	67026
chr17	73000928	73200928	harbor1	chr17	73055338	73055429	LTR/ERV1	862	+	46	73055384	54456
chr17	73000928	73200928	harbor1	chr17	73055758	73056013	LTR/ERV1	862	+	128	73055886	54958
chr17	73000928	73200928	harbor1	chr17	73058024	73058175	LTR/ERV1	490	+	76	73058100	57172
chr17	73000928	73200928	harbor1	chr17	73058920	73059385	LTR/ERV1	4637	+	232	73059152	58224
chr17	73000928	73200928	harbor1	chr17	73059670	73059928	LTR/ERV1	4637	+	129	73059799	58871
chr17	73000928	73200928	harbor1	chr17	73060241	73061081	LTR/ERV1	4637	+	420	73060661	59733
chr17	73000928	73200928	harbor1	chr17	73061373	73061713	LTR/ERV1	4637	+	170	73061543	60615
chr17	73000928	73200928	harbor1	chr17	73062017	73062177	LTR/ERV1	4637	+	80	73062097	61169
chr17	73000928	73200928	harbor1	chr17	73062479	73062679	LTR/ERV1	4637	+	100	73062579	61651
chr17	73000928	73200928	harbor1	chr17	73063057	73063466	LTR/ERV1	1262	+	204	73063261	62333
chr17	73000928	73200928	harbor1	chr17	73097932	73098157	LTR/ERV1	3544	+	112	73098044	97116
chr17	73000928	73200928	harbor1	chr17	73098467	73098755	LTR/ERV1	3544	+	144	73098611	97683
chr17	73000928	73200928	harbor1	chr17	73099040	73099093	LTR/ERV1	3544	+	26	73099066	98138
chr17	73000928	73200928	harbor1	chr17	73099284	73099387	LTR/ERV1	822	+	52	73099336	98408
chr17	71324586	71524586	harbor1	chr17	71341184	71341737	LTR/ERV1	3919	+	276	71341460	16874
chr17	76921341	77121341	harbor1	chr17	76967385	76967604	LTR/ERV1	873	+	110	76967495	46154
chr17	76921341	77121341	harbor1	chr17	76970286	76970780	LTR/ERV1	3209	+	247	76970533	49192
chr17	76921341	77121341	harbor1	chr17	76974584	76975510	LTR/ERV1	3402	+	463	76975047	53706
chr17	76921341	77121341	harbor1	chr17	76995670	76996131	LTR/ERV1	2463	+	230	76995900	74559
chr17	76921341	77121341	harbor1	chr17	76996419	76996559	LTR/ERV1	2463	+	70	76996489	75148
chr17	76921341	77121341	harbor1	chr17	76997213	76997607	LTR/ERV1	1755	+	197	76997410	76069
chr17	76921341	77121341	harbor1	chr17	76997603	76997706	LTR/ERV1	671	+	52	76997655	76314
chr17	76921341	77121341	harbor1	chr17	76998001	76998088	LTR/ERV1	671	+	44	76998045	76704
chr17	76921341	77121341	harbor1	chr17	76998337	76998647	LTR/ERV1	523	+	155	76998492	77151
chr17	76921341	77121341	harbor1	chr17	77003854	77004200	LTR/ERV1	2805	+	173	77004027	82686
chr17	76921341	77121341	harbor1	chr17	77004526	77004609	LTR/ERV1	2805	+	42	77004568	83227
chr17	76921341	77121341	harbor1	chr17	77004908	77005045	LTR/ERV1	2805	+	68	77004976	83635
chr17	55457165	55657165	harbor1	chr17	55458351	55459213	LTR/ERV1	4224	+	431	55458782	1617
chr17	55457165	55657165	harbor1	chr17	55467773	55468176	LTR/ERV1	2150	+	202	55467975	10810
chr17	55457165	55657165	harbor1	chr17	55468177	55468582	LTR/ERV1	972	+	202	55468379	11214
chr17	55457165	55657165	harbor1	chr17	55468671	55469697	LTR/ERV1	16145	+	513	55469184	12019
chr17	55457165	55657165	harbor1	chr17	55470002	55472590	LTR/ERV1	16145	+	1294	55471296	14131
chr17	55457165	55657165	harbor1	chr17	55472897	55473789	LTR/ERV1	4895	+	446	55473343	16178
chr17	55457165	55657165	harbor1	chr17	55473790	55474233	LTR/ERV1	3603	+	222	55474012	16847
chr17	55457165	55657165	harbor1	chr17	55474234	55475092	LTR/ERV1	7105	+	429	55474663	17498
chr17	55457165	55657165	harbor1	chr17	55475099	55475548	LTR/ERV1	2572	+	224	55475323	18158
chr17	55457165	55657165	harbor1	chr17	55475519	55476078	LTR/ERV1	3807	+	280	55475799	18634
chr17	55457165	55657165	harbor1	chr17	55476079	55476512	LTR/ERV1	2395	+	216	55476295	19130
chr17	41135877	41335877	harbor1	chr17	41141372	41141786	LTR/ERV1	2462	+	207	41141579	5702
chr17	41135877	41335877	harbor1	chr17	41141925	41142034	LTR/ERV1	587	+	54	41141979	6102
chr17	41135877	41335877	harbor1	chr17	41153835	41154380	LTR/ERV1	3792	+	272	41154107	18230
chr17	76177263	76377263	harbor1	chr17	76177146	76178643	LTR/ERV1	6180	+	748	76177894	631
chr17	76177263	76377263	harbor1	chr17	76195772	76196222	LTR/ERV1	2248	+	225	76195997	18734
chr17	47383409	47583409	harbor1	chr17	47470453	47470542	LTR/ERV1	1469	+	44	47470497	87088
chr17	47383409	47583409	harbor1	chr17	47470850	47471109	LTR/ERV1	1469	+	130	47470980	87571
chr17	22527676	22727676	harbor1	chr17	22542068	22542217	LTR/ERV1	804	+	74	22542142	14466
chr17	22527676	22727676	harbor1	chr17	22583988	22584314	LTR/ERV1	1177	+	163	22584151	56475
chr17	22527676	22727676	harbor1	chr17	22584362	22584551	LTR/ERV1	574	+	94	22584456	56780
chr17	22527676	22727676	harbor1	chr17	22586912	22587320	LTR/ERV1	2089	+	204	22587116	59440
chr17	22527676	22727676	harbor1	chr17	22615831	22616294	LTR/ERV1	2904	+	232	22616063	88387
chr17	60226045	60426045	harbor1	chr17	60284729	60285093	LTR/ERV1	1389	+	182	60284911	58866
chr17	60226045	60426045	harbor1	chr17	60286514	60286867	LTR/ERV1	3255	+	176	60286690	60645
chr17	60226045	60426045	harbor1	chr17	60287153	60287605	LTR/ERV1	3255	+	226	60287379	61334
chr17	60226045	60426045	harbor1	chr17	60290028	60290347	LTR/ERV1	992	+	160	60290188	64143
chr17	60226045	60426045	harbor1	chr17	60296817	60297116	LTR/ERV1	4185	+	150	60296967	70922
chr17	60226045	60426045	harbor1	chr17	60297398	60297436	LTR/ERV1	4185	+	19	60297417	71372
chr17	60226045	60426045	harbor1	chr17	60297733	60298427	LTR/ERV1	4185	+	347	60298080	72035
chr17	60226045	60426045	harbor1	chr17	60307641	60308462	LTR/ERV1	4595	+	410	60308051	82006
chr17	9532773	9732773	harbor1	chr17	9573044	9573680	LTR/ERV1	4137	+	318	9573362	40589
chr17	12513426	12713426	harbor1	chr17	12521152	12521426	LTR/ERV1	1862	+	137	12521289	7863
chr17	12513426	12713426	harbor1	chr17	12581499	12582307	LTR/ERV1	4500	+	404	12581903	68477
chr17	56826075	57026075	harbor1	chr17	56831791	56831870	LTR/ERV1	564	+	40	56831831	5756
chr17	56826075	57026075	harbor1	chr17	56831871	56831942	LTR/ERV1	2084	+	36	56831907	5832
chr17	56826075	57026075	harbor1	chr17	56832246	56832821	LTR/ERV1	2084	+	288	56832534	6459
chr17	56826075	57026075	harbor1	chr17	56871280	56871394	LTR/ERV1	736	+	57	56871337	45262
chr17	56826075	57026075	harbor1	chr17	56924092	56924777	LTR/ERV1	2265	+	342	56924434	98359
chr17	56826075	57026075	harbor1	chr17	56925170	56925579	LTR/ERV1	3032	+	204	56925374	99299
chr17	56826075	57026075	harbor1	chr17	56925889	56925937	LTR/ERV1	3032	+	24	56925913	99838
chr17	9740100	9940100	harbor1	chr17	9785372	9785916	LTR/ERV1	666	+	272	9785644	45544
chr17	9740100	9940100	harbor1	chr17	9805861	9806386	LTR/ERV1	2711	+	262	9806123	66023
chr17	37244261	37444261	harbor1	chr17	37332949	37336355	LTR/ERV1	28681	+	1703	37334652	90391
chr17	37244261	37444261	harbor1	chr17	37336356	37336681	LTR/ERV1	2701	+	162	37336518	92257
chr17	37244261	37444261	harbor1	chr17	37322445	37323295	LTR/ERV1	4899	+	425	37322870	78609
chr18	42738455	42938455	harbor1	chr18	42737853	42740052	LTR/ERV1	14531	+	1100	42738953	498
chr18	42738455	42938455	harbor1	chr18	42740047	42740194	LTR/ERV1	872	+	74	42740121	1666
chr18	42738455	42938455	harbor1	chr18	42740194	42740687	LTR/ERV1	3302	+	246	42740440	1985
chr18	42738455	42938455	harbor1	chr18	42740690	42741353	LTR/ERV1	4326	+	332	42741022	2567
chr18	42738455	42938455	harbor1	chr18	42741355	42741570	LTR/ERV1	1317	+	108	42741463	3008
chr18	42738455	42938455	harbor1	chr18	42741571	42741944	LTR/ERV1	2274	+	186	42741757	3302
chr18	42738455	42938455	harbor1	chr18	42741945	42742345	LTR/ERV1	2707	+	200	42742145	3690
chr18	42738455	42938455	harbor1	chr18	42743802	42744300	LTR/ERV1	3320	+	249	42744051	5596
chr18	42738455	42938455	harbor1	chr18	42779102	42779597	LTR/ERV1	2125	+	248	42779350	40895
chr18	42738455	42938455	harbor1	chr18	42795066	42796475	LTR/ERV1	9848	+	704	42795770	57315
chr18	42738455	42938455	harbor1	chr18	42796581	42796690	LTR/ERV1	629	+	54	42796635	58180
chr18	42738455	42938455	harbor1	chr18	42825786	42826165	LTR/ERV1	1176	+	190	42825976	87521
chr18	35210360	35410360	harbor1	chr18	35216028	35216409	LTR/ERV1	2250	+	190	35216218	5858
chr18	35210360	35410360	harbor1	chr18	35216413	35219184	LTR/ERV1	14338	+	1386	35217799	7439
chr18	35210360	35410360	harbor1	chr18	35219164	35220022	LTR/ERV1	5542	+	429	35219593	9233
chr18	35210360	35410360	harbor1	chr18	35220025	35220204	LTR/ERV1	1203	+	90	35220115	9755
chr18	35210360	35410360	harbor1	chr18	35220204	35222109	LTR/ERV1	12599	+	952	35221156	10796
chr18	35210360	35410360	harbor1	chr18	35222110	35222512	LTR/ERV1	2766	+	201	35222311	11951
chr18	35210360	35410360	harbor1	chr18	35304602	35305051	LTR/ERV1	2980	+	224	35304826	94466
chr18	41901500	42101500	harbor1	chr18	41908954	41909038	LTR/ERV1	657	+	42	41908996	7496
chr18	41901500	42101500	harbor1	chr18	41909350	41909857	LTR/ERV1	657	+	254	41909604	8104
chr18	41901500	42101500	harbor1	chr18	41910692	41910827	LTR/ERV1	567	+	68	41910760	9260
chr18	41901500	42101500	harbor1	chr18	41939252	41939419	LTR/ERV1	556	+	84	41939336	37836
chr18	54461882	54661882	harbor1	chr18	54493482	54493976	LTR/ERV1	2098	+	247	54493729	31847
chr18	54461882	54661882	harbor1	chr18	54530336	54530768	LTR/ERV1	2805	+	216	54530552	68670
chr18	50337984	50537984	harbor1	chr18	50339152	50339310	LTR/ERV1	785	+	79	50339231	1247
chr18	50337984	50537984	harbor1	chr18	50373186	50373585	LTR/ERV1	2794	+	200	50373386	35402
chr18	50337984	50537984	harbor1	chr18	50373955	50374589	LTR/ERV1	4569	+	317	50374272	36288
chr18	50337984	50537984	harbor1	chr18	50396325	50396653	LTR/ERV1	2297	+	164	50396489	58505
chr18	50337984	50537984	harbor1	chr18	50397983	50398683	LTR/ERV1	5259	+	350	50398333	60349
chr18	50337984	50537984	harbor1	chr18	50400451	50401006	LTR/ERV1	4484	+	278	50400729	62745
chr18	50337984	50537984	harbor1	chr18	50401009	50404194	LTR/ERV1	14382	+	1592	50402601	64617
chr18	50337984	50537984	harbor1	chr18	50405172	50405278	LTR/ERV1	14382	+	53	50405225	67241
chr18	50337984	50537984	harbor1	chr18	50405272	50407886	LTR/ERV1	9966	+	1307	50406579	68595
chr18	50337984	50537984	harbor1	chr18	50407878	50408166	LTR/ERV1	1794	+	144	50408022	70038
chr18	50337984	50537984	harbor1	chr18	50408167	50408730	LTR/ERV1	4556	+	282	50408449	70465
chr18	50337984	50537984	harbor1	chr18	50425162	50425634	LTR/ERV1	2767	+	236	50425398	87414
chr18	50337984	50537984	harbor1	chr18	50429696	50430124	LTR/ERV1	2506	+	214	50429910	91926
chr18	42234288	42434288	harbor1	chr18	42320880	42321589	LTR/ERV1	4262	+	354	42321234	86946
chr18	42234288	42434288	harbor1	chr18	42325081	42325431	LTR/ERV1	1583	+	175	42325256	90968
chr18	42234288	42434288	harbor1	chr18	42325558	42325831	LTR/ERV1	1253	+	136	42325694	91406
chr18	42234288	42434288	harbor1	chr18	42327507	42327941	LTR/ERV1	2871	+	217	42327724	93436
chr18	42234288	42434288	harbor1	chr18	42331471	42331901	LTR/ERV1	2916	+	215	42331686	97398
chr18	27078795	27278795	harbor1	chr18	27131174	27131267	LTR/ERV1	1423	+	46	27131220	52425
chr18	27078795	27278795	harbor1	chr18	27131582	27132169	LTR/ERV1	1505	+	294	27131876	53081
chr18	7806814	8006814	harbor1	chr18	7814840	7814989	LTR/ERV1	985	+	74	7814914	8100
chr18	7806814	8006814	harbor1	chr18	7819120	7819885	LTR/ERV1	4298	+	382	7819502	12688
chr18	7806814	8006814	harbor1	chr18	7814982	7815401	LTR/ERV1	2284	+	210	7815192	8378
chr18	21516089	21716089	harbor1	chr18	21588373	21588444	LTR/ERV1	533	+	36	21588409	72320
chr18	27730688	27930688	harbor1	chr18	27732156	27732684	LTR/ERV1	2363	+	264	27732420	1732
chr18	27730688	27930688	harbor1	chr18	27785892	27786225	LTR/ERV1	614	+	166	27786058	55370
chr18	27730688	27930688	harbor1	chr18	27797165	27797498	LTR/ERV1	975	+	166	27797331	66643
chr18	27730688	27930688	harbor1	chr18	27797500	27799513	LTR/ERV1	3850	+	1006	27798506	67818
chr18	27730688	27930688	harbor1	chr18	27799894	27800302	LTR/ERV1	5610	+	204	27800098	69410
chr18	27730688	27930688	harbor1	chr18	27800482	27801829	LTR/ERV1	5610	+	674	27801156	70468
chr18	27730688	27930688	harbor1	chr18	27817694	27818130	LTR/ERV1	1293	+	218	27817912	87224
chr18	27730688	27930688	harbor1	chr18	27803586	27803870	LTR/ERV1	805	+	142	27803728	73040
chr18	80045975	80245975	harbor1	chr18	80095983	80096243	LTR/ERV1	772	+	130	80096113	50138
chr18	80045975	80245975	harbor1	chr18	80096553	80097127	LTR/ERV1	931	+	287	80096840	50865
chr18	80045975	80245975	harbor1	chr18	80098921	80099081	LTR/ERV1	7936	+	80	80099001	53026
chr18	80045975	80245975	harbor1	chr18	80099735	80100811	LTR/ERV1	7936	+	538	80100273	54298
chr18	80045975	80245975	harbor1	chr18	80101948	80102920	LTR/ERV1	7936	+	486	80102434	56459
chr18	80045975	80245975	harbor1	chr18	80103263	80104029	LTR/ERV1	3582	+	383	80103646	57671
chr18	80045975	80245975	harbor1	chr18	80104097	80104282	LTR/ERV1	680	+	92	80104189	58214
chr18	80045975	80245975	harbor1	chr18	80101170	80101592	LTR/ERV1	7936	+	211	80101381	55406
chr18	35931463	36131463	harbor1	chr18	35985589	35985982	LTR/ERV1	2297	+	196	35985785	54322
chr18	77509509	77709509	harbor1	chr18	77590226	77590340	LTR/ERV1	659	+	57	77590283	80774
chr18	77509509	77709509	harbor1	chr18	77590652	77591021	LTR/ERV1	1918	+	184	77590836	81327
chr18	77509509	77709509	harbor1	chr18	77591842	77592100	LTR/ERV1	1133	+	129	77591971	82462
chr18	77509509	77709509	harbor1	chr18	77598848	77599017	LTR/ERV1	837	+	84	77598932	89423
chr18	77509509	77709509	harbor1	chr18	77608907	77610081	LTR/ERV1	6269	+	587	77609494	99985
chr18	2500231	2700231	harbor1	chr18	2574663	2574796	LTR/ERV1	509	+	66	2574729	74498
chr18	7142668	7342668	harbor1	chr18	7173638	7174004	LTR/ERV1	1323	+	183	7173821	31153
chr18	7142668	7342668	harbor1	chr18	7200207	7200660	LTR/ERV1	2147	+	226	7200433	57765
chr18	54700461	54900461	harbor1	chr18	54709965	54710658	LTR/ERV1	4321	+	346	54710311	9850
chr18	54700461	54900461	harbor1	chr18	54759532	54760302	LTR/ERV1	4296	+	385	54759917	59456
chr18	54700461	54900461	harbor1	chr18	54791512	54792335	LTR/ERV1	4887	+	412	54791924	91463
chr18	46854643	47054643	harbor1	chr18	46868193	46868774	LTR/ERV1	3554	+	290	46868483	13840
chr18	46854643	47054643	harbor1	chr18	46868777	46870333	LTR/ERV1	30365	+	778	46869555	14912
chr18	46854643	47054643	harbor1	chr18	46877000	46877281	LTR/ERV1	30365	+	140	46877140	22497
chr18	46854643	47054643	harbor1	chr18	46877298	46877872	LTR/ERV1	3489	+	287	46877585	22942
chr18	46854643	47054643	harbor1	chr18	46943261	46943796	LTR/ERV1	4130	+	268	46943529	88886
chr18	46854643	47054643	harbor1	chr18	46944149	46944255	LTR/ERV1	648	+	53	46944202	89559
chr18	46854643	47054643	harbor1	chr18	46945070	46945245	LTR/ERV1	757	+	88	46945158	90515
chr18	46854643	47054643	harbor1	chr18	46870645	46876697	LTR/ERV1	30365	+	3026	46873671	19028
chr18	49904717	50104717	harbor1	chr18	49913607	49914367	LTR/ERV1	4591	+	380	49913987	9270
chr18	49904717	50104717	harbor1	chr18	49924964	49925547	LTR/ERV1	3035	+	292	49925256	20539
chr18	49904717	50104717	harbor1	chr18	49969513	49969639	LTR/ERV1	924	+	63	49969576	64859
chr19	28445798	28645798	harbor1	chr19	28445470	28446407	LTR/ERV1	10303	+	468	28445938	140
chr19	28445798	28645798	harbor1	chr19	28446408	28447026	LTR/ERV1	4007	+	309	28446717	919
chr19	28445798	28645798	harbor1	chr19	28447027	28448940	LTR/ERV1	10303	+	956	28447983	2185
chr19	28445798	28645798	harbor1	chr19	28449246	28449610	LTR/ERV1	10303	+	182	28449428	3630
chr19	28445798	28645798	harbor1	chr19	28449583	28450049	LTR/ERV1	1930	+	233	28449816	4018
chr19	28445798	28645798	harbor1	chr19	28450072	28450451	LTR/ERV1	1924	+	190	28450262	4464
chr19	28445798	28645798	harbor1	chr19	28450452	28451183	LTR/ERV1	2909	+	366	28450818	5020
chr19	28445798	28645798	harbor1	chr19	28451182	28452052	LTR/ERV1	6079	+	435	28451617	5819
chr19	28445798	28645798	harbor1	chr19	28452053	28452186	LTR/ERV1	660	+	66	28452119	6321
chr19	28445798	28645798	harbor1	chr19	28452204	28452264	LTR/ERV1	2298	+	30	28452234	6436
chr19	28445798	28645798	harbor1	chr19	28452546	28452827	LTR/ERV1	2298	+	140	28452686	6888
chr19	28445798	28645798	harbor1	chr19	28452828	28453464	LTR/ERV1	3128	+	318	28453146	7348
chr19	28445798	28645798	harbor1	chr19	28458180	28458663	LTR/ERV1	1548	+	242	28458422	12624
chr19	28445798	28645798	harbor1	chr19	28482092	28482610	LTR/ERV1	1607	+	259	28482351	36553
chr19	28445798	28645798	harbor1	chr19	28508471	28508545	LTR/ERV1	1682	+	37	28508508	62710
chr19	28445798	28645798	harbor1	chr19	28522096	28522646	LTR/ERV1	4387	+	275	28522371	76573
chr19	28445798	28645798	harbor1	chr19	28525251	28525579	LTR/ERV1	12670	+	164	28525415	79617
chr19	28445798	28645798	harbor1	chr19	28525895	28528650	LTR/ERV1	12670	+	1378	28527273	81475
chr19	28445798	28645798	harbor1	chr19	28528651	28529205	LTR/ERV1	4370	+	277	28528928	83130
chr19	28445798	28645798	harbor1	chr19	28458672	28459194	LTR/ERV1	2845	+	261	28458933	13135
chr19	28445798	28645798	harbor1	chr19	28507715	28508187	LTR/ERV1	1682	+	236	28507951	62153
chr19	28445798	28645798	harbor1	chr19	28522669	28524913	LTR/ERV1	6845	+	1122	28523791	77993
chr19	40775839	40975839	harbor1	chr19	40833689	40834138	LTR/ERV1	3069	+	224	40833913	58074
chr19	40775839	40975839	harbor1	chr19	40864582	40865031	LTR/ERV1	3008	+	224	40864806	88967
chr19	37863097	38063097	harbor1	chr19	37869758	37870204	LTR/ERV1	2912	+	223	37869981	6884
chr19	37863097	38063097	harbor1	chr19	37875203	37875330	LTR/ERV1	716	+	64	37875267	12170
chr19	37863097	38063097	harbor1	chr19	37875331	37875680	LTR/ERV1	1826	+	174	37875505	12408
chr19	13154689	13354689	harbor1	chr19	13201929	13201973	LTR/ERV1	630	+	22	13201951	47262
chr19	13154689	13354689	harbor1	chr19	13202349	13202400	LTR/ERV1	630	+	26	13202375	47686
chr19	13154689	13354689	harbor1	chr19	13202708	13202785	LTR/ERV1	630	+	38	13202746	48057
chr19	7060625	7260625	harbor1	chr19	7092315	7092804	LTR/ERV1	3472	+	244	7092559	31934
chr19	7060625	7260625	harbor1	chr19	7094818	7095317	LTR/ERV1	3653	+	250	7095068	34443
chr19	7060625	7260625	harbor1	chr19	7099778	7100154	LTR/ERV1	2542	+	188	7099966	39341
chr19	7060625	7260625	harbor1	chr19	7100975	7100985	LTR/ERV1	2542	+	5	7100980	40355
chr19	7060625	7260625	harbor1	chr19	7101030	7101223	LTR/ERV1	2542	+	96	7101126	40501
chr19	7060625	7260625	harbor1	chr19	7101530	7101626	LTR/ERV1	809	+	48	7101578	40953
chr19	7060625	7260625	harbor1	chr19	7119990	7120438	LTR/ERV1	3256	+	224	7120214	59589
chr19	24141806	24341806	harbor1	chr19	24147145	24147514	LTR/ERV1	2032	+	184	24147329	5523
chr19	24141806	24341806	harbor1	chr19	24153707	24153990	LTR/ERV1	1180	+	142	24153849	12043
chr19	6655068	6855068	harbor1	chr19	6675340	6675890	LTR/ERV1	3396	+	275	6675615	20547
chr19	6655068	6855068	harbor1	chr19	6676192	6676374	LTR/ERV1	3396	+	91	6676283	21215
chr19	6655068	6855068	harbor1	chr19	6701189	6701523	LTR/ERV1	1124	+	167	6701356	46288
chr19	14273712	14473712	harbor1	chr19	14275958	14276392	LTR/ERV1	2510	+	217	14276175	2463
chr19	14273712	14473712	harbor1	chr19	14277452	14278954	LTR/ERV1	10213	+	751	14278203	4491
chr19	14273712	14473712	harbor1	chr19	14284314	14284456	LTR/ERV1	2640	+	71	14284385	10673
chr19	14273712	14473712	harbor1	chr19	14284758	14284808	LTR/ERV1	2640	+	25	14284783	11071
chr19	14273712	14473712	harbor1	chr19	14285108	14285395	LTR/ERV1	2640	+	144	14285252	11540
chr19	14273712	14473712	harbor1	chr19	14285706	14285844	LTR/ERV1	2640	+	69	14285775	12063
chr19	14273712	14473712	harbor1	chr19	14300047	14300105	LTR/ERV1	1946	+	29	14300076	26364
chr19	14273712	14473712	harbor1	chr19	14300406	14300418	LTR/ERV1	1946	+	6	14300412	26700
chr19	14273712	14473712	harbor1	chr19	14300461	14300800	LTR/ERV1	1946	+	170	14300631	26919
chr19	14273712	14473712	harbor1	chr19	14301398	14301433	LTR/ERV1	1946	+	18	14301416	27704
chr19	14273712	14473712	harbor1	chr19	14343706	14344066	LTR/ERV1	2857	+	180	14343886	70174
chr19	14273712	14473712	harbor1	chr19	14344361	14344527	LTR/ERV1	2857	+	83	14344444	70732
chr19	37808839	38008839	harbor1	chr19	37869758	37870204	LTR/ERV1	2912	+	223	37869981	61142
chr19	37808839	38008839	harbor1	chr19	37875203	37875330	LTR/ERV1	716	+	64	37875267	66428
chr19	37808839	38008839	harbor1	chr19	37875331	37875680	LTR/ERV1	1826	+	174	37875505	66666
chr19	438737	638737	harbor1	chr19	487753	488211	LTR/ERV1	3643	+	229	487982	49245
chr19	438737	638737	harbor1	chr19	504984	505370	LTR/ERV1	1805	+	193	505177	66440
chr19	24146249	24346249	harbor1	chr19	24147145	24147514	LTR/ERV1	2032	+	184	24147329	1080
chr19	24146249	24346249	harbor1	chr19	24153707	24153990	LTR/ERV1	1180	+	142	24153849	7600
chr19	37626247	37826247	harbor1	chr19	37687834	37687958	LTR/ERV1	715	+	62	37687896	61649
chr19	37626247	37826247	harbor1	chr19	37701253	37701730	LTR/ERV1	3312	+	238	37701491	75244
chr19	37626247	37826247	harbor1	chr19	37718571	37719001	LTR/ERV1	2037	+	215	37718786	92539
chr19	21858667	22058667	harbor1	chr19	21858511	21862805	LTR/ERV1	19504	+	2147	21860658	1991
chr19	21858667	22058667	harbor1	chr19	21862806	21863239	LTR/ERV1	2255	+	216	21863022	4355
chr19	21858667	22058667	harbor1	chr19	21863291	21863833	LTR/ERV1	3581	+	271	21863562	4895
chr19	21858667	22058667	harbor1	chr19	21867026	21867391	LTR/ERV1	2199	+	182	21867208	8541
chr19	21858667	22058667	harbor1	chr19	21913473	21914096	LTR/ERV1	3312	+	312	21913785	55118
chr19	21858667	22058667	harbor1	chr19	21918587	21919010	LTR/ERV1	2943	+	212	21918799	60132
chr19	21858667	22058667	harbor1	chr19	21944823	21945428	LTR/ERV1	3326	+	302	21945125	86458
chr19	21858667	22058667	harbor1	chr19	21945796	21946630	LTR/ERV1	5098	+	417	21946213	87546
chr19	21858667	22058667	harbor1	chr19	21946631	21950488	LTR/ERV1	19794	+	1928	21948559	89892
chr19	21858667	22058667	harbor1	chr19	21950795	21951669	LTR/ERV1	19794	+	437	21951232	92565
chr19	21858667	22058667	harbor1	chr19	21956973	21957037	LTR/ERV1	7352	+	32	21957005	98338
chr19	21858667	22058667	harbor1	chr19	21957337	21957837	LTR/ERV1	7352	+	250	21957587	98920
chr19	21858667	22058667	harbor1	chr19	21958157	21958834	LTR/ERV1	7352	+	338	21958495	99828
chr19	35210497	35410497	harbor1	chr19	35214946	35215467	LTR/ERV1	3923	+	260	35215206	4709
chr19	35210497	35410497	harbor1	chr19	35220609	35221116	LTR/ERV1	3036	+	254	35220863	10366
chr19	42845860	43045860	harbor1	chr19	42851138	42851909	LTR/ERV1	1941	+	386	42851524	5664
chr19	42845860	43045860	harbor1	chr19	42875095	42875873	LTR/ERV1	1979	+	389	42875484	29624
chr19	42845860	43045860	harbor1	chr19	42894918	42895289	LTR/ERV1	2026	+	186	42895104	49244
chr19	42845860	43045860	harbor1	chr19	42895377	42895683	LTR/ERV1	1406	+	153	42895530	49670
chr19	42845860	43045860	harbor1	chr19	42896606	42896812	LTR/ERV1	1179	+	103	42896709	50849
chr19	42845860	43045860	harbor1	chr19	42896816	42897064	LTR/ERV1	667	+	124	42896940	51080
chr19	42845860	43045860	harbor1	chr19	42897609	42897812	LTR/ERV1	785	+	102	42897711	51851
chr19	42845860	43045860	harbor1	chr19	42913660	42914091	LTR/ERV1	1673	+	216	42913876	68016
chr19	42845860	43045860	harbor1	chr19	42932565	42933266	LTR/ERV1	2014	+	350	42932915	87055
chr19	42845860	43045860	harbor1	chr19	42933309	42933371	LTR/ERV1	2014	+	31	42933340	87480
chr19	38724921	38924921	harbor1	chr19	38750493	38753013	LTR/ERV1	15638	+	1260	38751753	26832
chr19	38724921	38924921	harbor1	chr19	38753008	38753155	LTR/ERV1	825	+	74	38753082	28161
chr19	38724921	38924921	harbor1	chr19	38753146	38753648	LTR/ERV1	3220	+	251	38753397	28476
chr19	38724921	38924921	harbor1	chr19	38753651	38754296	LTR/ERV1	2602	+	322	38753973	29052
chr19	38724921	38924921	harbor1	chr19	38754298	38754514	LTR/ERV1	1211	+	108	38754406	29485
chr19	38724921	38924921	harbor1	chr19	38754515	38754888	LTR/ERV1	2246	+	186	38754701	29780
chr19	38724921	38924921	harbor1	chr19	38754889	38755295	LTR/ERV1	2713	+	203	38755092	30171
chr19	38724921	38924921	harbor1	chr19	38759648	38759886	LTR/ERV1	1102	+	119	38759767	34846
chr19	38724921	38924921	harbor1	chr19	38793391	38793705	LTR/ERV1	2148	+	157	38793548	68627
chr19	38724921	38924921	harbor1	chr19	38821337	38823305	LTR/ERV1	9317	+	984	38822321	97400
chr19	56325301	56525301	harbor1	chr19	56344065	56344295	LTR/ERV1	1178	+	115	56344180	18879
chr19	56325301	56525301	harbor1	chr19	56347586	56348341	LTR/ERV1	5032	+	378	56347964	22663
chr19	56325301	56525301	harbor1	chr19	56348345	56348486	LTR/ERV1	810	+	70	56348415	23114
chr19	56325301	56525301	harbor1	chr19	56348486	56349132	LTR/ERV1	4272	+	323	56348809	23508
chr19	56325301	56525301	harbor1	chr19	56349118	56349414	LTR/ERV1	3819	+	148	56349266	23965
chr19	56325301	56525301	harbor1	chr19	56349732	56350178	LTR/ERV1	3819	+	223	56349955	24654
chr19	56325301	56525301	harbor1	chr19	56350283	56350455	LTR/ERV1	684	+	86	56350369	25068
chr19	56325301	56525301	harbor1	chr19	56350888	56351094	LTR/ERV1	1129	+	103	56350991	25690
chr19	56325301	56525301	harbor1	chr19	56351095	56351719	LTR/ERV1	2830	+	312	56351407	26106
chr19	56325301	56525301	harbor1	chr19	56365170	56365411	LTR/ERV1	1343	+	120	56365290	39989
chr19	56325301	56525301	harbor1	chr19	56366464	56366808	LTR/ERV1	2088	+	172	56366636	41335
chr19	56325301	56525301	harbor1	chr19	56371246	56371881	LTR/ERV1	4799	+	318	56371564	46263
chr19	56325301	56525301	harbor1	chr19	56398731	56399240	LTR/ERV1	1873	+	254	56398985	73684
chr19	56325301	56525301	harbor1	chr19	56400216	56400746	LTR/ERV1	2905	+	265	56400481	75180
chr19	56325301	56525301	harbor1	chr19	56400973	56401001	LTR/ERV1	3929	+	14	56400987	75686
chr19	56325301	56525301	harbor1	chr19	56401308	56401884	LTR/ERV1	3929	+	288	56401596	76295
chr19	56325301	56525301	harbor1	chr19	56401924	56402228	LTR/ERV1	1609	+	152	56402076	76775
chr19	12494676	12694676	harbor1	chr19	12496123	12496352	LTR/ERV1	1395	+	114	12496237	1561
chr19	12494676	12694676	harbor1	chr19	12510592	12511170	LTR/ERV1	1777	+	289	12510881	16205
chr19	12494676	12694676	harbor1	chr19	12546273	12546446	LTR/ERV1	1272	+	86	12546359	51683
chr19	12494676	12694676	harbor1	chr19	12546749	12547087	LTR/ERV1	1272	+	169	12546918	52242
chr19	12494676	12694676	harbor1	chr19	12547347	12547479	LTR/ERV1	1272	+	66	12547413	52737
chr19	12494676	12694676	harbor1	chr19	12571024	12571238	LTR/ERV1	1638	+	107	12571131	76455
chr19	12494676	12694676	harbor1	chr19	12571531	12571733	LTR/ERV1	1638	+	101	12571632	76956
chr19	12494676	12694676	harbor1	chr19	12571734	12572096	LTR/ERV1	2166	+	181	12571915	77239
chr19	12494676	12694676	harbor1	chr19	12572767	12572934	LTR/ERV1	979	+	84	12572851	78175
chr19	52389046	52589046	harbor1	chr19	52484546	52484943	LTR/ERV1	2680	+	198	52484744	95698
chr19	52143326	52343326	harbor1	chr19	52146518	52147147	LTR/ERV1	3515	+	314	52146832	3506
chr19	52143326	52343326	harbor1	chr19	52147163	52147565	LTR/ERV1	2598	+	201	52147364	4038
chr19	52143326	52343326	harbor1	chr19	52147866	52147969	LTR/ERV1	2598	+	52	52147918	4592
chr19	52143326	52343326	harbor1	chr19	52148062	52148503	LTR/ERV1	1657	+	220	52148282	4956
chr19	52143326	52343326	harbor1	chr19	52148502	52148700	LTR/ERV1	6690	+	99	52148601	5275
chr19	52143326	52343326	harbor1	chr19	52148995	52150045	LTR/ERV1	6690	+	525	52149520	6194
chr19	52143326	52343326	harbor1	chr19	52150658	52150874	LTR/ERV1	7496	+	108	52150766	7440
chr19	52143326	52343326	harbor1	chr19	52151171	52152215	LTR/ERV1	7496	+	522	52151693	8367
chr19	52143326	52343326	harbor1	chr19	52178038	52178348	LTR/ERV1	2107	+	155	52178193	34867
chr19	52143326	52343326	harbor1	chr19	52178653	52178713	LTR/ERV1	2107	+	30	52178683	35357
chr19	13676657	13876657	harbor1	chr19	13716848	13716871	LTR/ERV1	716	+	12	13716860	40203
chr19	13676657	13876657	harbor1	chr19	13717006	13717211	LTR/ERV1	716	+	102	13717108	40451
chr19	13676657	13876657	harbor1	chr19	13729858	13730250	LTR/ERV1	1943	+	196	13730054	53397
chr19	13676657	13876657	harbor1	chr19	13741768	13742293	LTR/ERV1	2461	+	262	13742030	65373
chr19	54201927	54401927	harbor1	chr19	54245125	54245535	LTR/ERV1	2621	+	205	54245330	43403
chr19	46019123	46219123	harbor1	chr19	46032062	46033848	LTR/ERV1	8350	+	893	46032955	13832
chr19	46019123	46219123	harbor1	chr19	46036206	46037217	LTR/ERV1	2837	+	506	46036712	17589
chr19	46019123	46219123	harbor1	chr19	46079791	46080252	LTR/ERV1	836	+	230	46080021	60898
chr19	46019123	46219123	harbor1	chr19	46080408	46080481	LTR/ERV1	836	+	36	46080444	61321
chr19	46019123	46219123	harbor1	chr19	46109975	46110374	LTR/ERV1	961	+	200	46110175	91052
chr19	46019123	46219123	harbor1	chr19	46113920	46114459	LTR/ERV1	2727	+	270	46114190	95067
chr19	41571189	41771189	harbor1	chr19	41639975	41640224	LTR/ERV1	1063	+	124	41640099	68910
chr19	52526500	52726500	harbor1	chr19	52534242	52534575	LTR/ERV1	1369	+	166	52534408	7908
chr19	52526500	52726500	harbor1	chr19	52565332	52565989	LTR/ERV1	3216	+	328	52565660	39160
chr19	52526500	52726500	harbor1	chr19	52566700	52566957	LTR/ERV1	1967	+	128	52566828	40328
chr19	52526500	52726500	harbor1	chr19	52567252	52567416	LTR/ERV1	1967	+	82	52567334	40834
chr19	52526500	52726500	harbor1	chr19	52568439	52568781	LTR/ERV1	1609	+	171	52568610	42110
chr19	52526500	52726500	harbor1	chr19	52568783	52569217	LTR/ERV1	1544	+	217	52569000	42500
chr19	52526500	52726500	harbor1	chr19	52599207	52599321	LTR/ERV1	1722	+	57	52599264	72764
chr19	52526500	52726500	harbor1	chr19	52599322	52599790	LTR/ERV1	2142	+	234	52599556	73056
chr19	52526500	52726500	harbor1	chr19	52599791	52600214	LTR/ERV1	1722	+	212	52600003	73503
chr19	52526500	52726500	harbor1	chr19	52605724	52606009	LTR/ERV1	1471	+	142	52605866	79366
chr19	52526500	52726500	harbor1	chr19	52620684	52621112	LTR/ERV1	2642	+	214	52620898	94398
chr19	52526500	52726500	harbor1	chr19	52621127	52625394	LTR/ERV1	15573	+	2134	52623261	96761
chr19	52526500	52726500	harbor1	chr19	52625393	52626863	LTR/ERV1	8555	+	735	52626128	99628
chr19	34554775	34754775	harbor1	chr19	34637742	34638149	LTR/ERV1	1032	+	204	34637946	83171
chr19	34554775	34754775	harbor1	chr19	34638533	34639079	LTR/ERV1	1878	+	273	34638806	84031
chr19	34554775	34754775	harbor1	chr19	34641139	34641480	LTR/ERV1	916	+	170	34641309	86534
chr19	34554775	34754775	harbor1	chr19	34641877	34642006	LTR/ERV1	775	+	64	34641941	87166
chr19	34554775	34754775	harbor1	chr19	34642009	34642184	LTR/ERV1	950	+	88	34642097	87322
chr19	34554775	34754775	harbor1	chr19	34654506	34654961	LTR/ERV1	2054	+	228	34654734	99959
chr19	38936056	39136056	harbor1	chr19	38950611	38950795	LTR/ERV1	1806	+	92	38950703	14647
chr19	38936056	39136056	harbor1	chr19	38951090	38951200	LTR/ERV1	1806	+	55	38951145	15089
chr19	38936056	39136056	harbor1	chr19	38951477	38951647	LTR/ERV1	947	+	85	38951562	15506
chr19	38936056	39136056	harbor1	chr19	38952247	38952294	LTR/ERV1	947	+	24	38952271	16215
chr19	38936056	39136056	harbor1	chr19	38979964	38980181	LTR/ERV1	6192	+	108	38980072	44016
chr19	38936056	39136056	harbor1	chr19	38980490	38981380	LTR/ERV1	6192	+	445	38980935	44879
chr19	38936056	39136056	harbor1	chr19	38994369	38994435	LTR/ERV1	2462	+	33	38994402	58346
chr19	38936056	39136056	harbor1	chr19	38994744	38994927	LTR/ERV1	2462	+	92	38994836	58780
chr19	38936056	39136056	harbor1	chr19	38995238	38995609	LTR/ERV1	2462	+	186	38995424	59368
chr19	38936056	39136056	harbor1	chr19	39010477	39010955	LTR/ERV1	2281	+	239	39010716	74660
chr19	38936056	39136056	harbor1	chr19	39033501	39033905	LTR/ERV1	2522	+	202	39033703	97647
chr19	38936056	39136056	harbor1	chr19	39034195	39034256	LTR/ERV1	2522	+	30	39034225	98169
chr19	33921327	34121327	harbor1	chr19	33977051	33977594	LTR/ERV1	4559	+	272	33977323	55996
chr19	33921327	34121327	harbor1	chr19	33993589	33993834	LTR/ERV1	1367	+	122	33993711	72384
chr19	33921327	34121327	harbor1	chr19	33993833	33994111	LTR/ERV1	1478	+	139	33993972	72645
chr19	28035407	28235407	harbor1	chr19	28068296	28068816	LTR/ERV1	1515	+	260	28068556	33149
chr19	28035407	28235407	harbor1	chr19	28068816	28069565	LTR/ERV1	4308	+	374	28069190	33783
chr19	28035407	28235407	harbor1	chr19	28069878	28070626	LTR/ERV1	4308	+	374	28070252	34845
chr19	28035407	28235407	harbor1	chr19	28070627	28070830	LTR/ERV1	816	+	102	28070729	35322
chr19	28035407	28235407	harbor1	chr19	28071134	28071575	LTR/ERV1	1484	+	220	28071354	35947
chr19	28035407	28235407	harbor1	chr19	28078404	28078880	LTR/ERV1	1696	+	238	28078642	43235
chr19	28035407	28235407	harbor1	chr19	28093627	28094502	LTR/ERV1	4995	+	438	28094065	58658
chr19	28035407	28235407	harbor1	chr19	28118147	28118443	LTR/ERV1	1212	+	148	28118295	82888
chr19	28035407	28235407	harbor1	chr19	28098328	28098764	LTR/ERV1	2302	+	218	28098546	63139
chr19	36376642	36576642	harbor1	chr19	36404187	36404883	LTR/ERV1	1745	+	348	36404535	27893
chr19	36376642	36576642	harbor1	chr19	36429282	36429465	LTR/ERV1	2700	+	92	36429374	52732
chr19	36376642	36576642	harbor1	chr19	36429752	36429972	LTR/ERV1	2700	+	110	36429862	53220
chr19	36376642	36576642	harbor1	chr19	36430279	36430333	LTR/ERV1	2700	+	27	36430306	53664
chr19	36376642	36576642	harbor1	chr19	36436486	36436832	LTR/ERV1	1729	+	173	36436659	60017
chr19	36376642	36576642	harbor1	chr19	36437441	36437634	LTR/ERV1	1729	+	96	36437537	60895
chr19	14975828	15175828	harbor1	chr19	14994650	14994747	LTR/ERV1	699	+	48	14994698	18870
chr19	14975828	15175828	harbor1	chr19	14996953	14997485	LTR/ERV1	3089	+	266	14997219	21391
chr19	14975828	15175828	harbor1	chr19	14998065	14998258	LTR/ERV1	5299	+	96	14998161	22333
chr19	14975828	15175828	harbor1	chr19	14998571	14998855	LTR/ERV1	5299	+	142	14998713	22885
chr19	14975828	15175828	harbor1	chr19	14999178	14999603	LTR/ERV1	5299	+	212	14999390	23562
chr19	50805796	51005796	harbor1	chr19	50865709	50866507	LTR/ERV1	1828	+	399	50866108	60312
chr19	29189802	29389802	harbor1	chr19	29221029	29221515	LTR/ERV1	1730	+	243	29221272	31470
chr19	34889044	35089044	harbor1	chr19	34918017	34918709	LTR/ERV1	3290	+	346	34918363	29319
chr19	34889044	35089044	harbor1	chr19	34966123	34966310	LTR/ERV1	3109	+	94	34966217	77173
chr19	34889044	35089044	harbor1	chr19	34966607	34967152	LTR/ERV1	3109	+	272	34966879	77835
chr19	34889044	35089044	harbor1	chr19	34967511	34968306	LTR/ERV1	4738	+	398	34967909	78865
chr19	34889044	35089044	harbor1	chr19	34975949	34976185	LTR/ERV1	3703	+	118	34976067	87023
chr19	34889044	35089044	harbor1	chr19	34976493	34976857	LTR/ERV1	3703	+	182	34976675	87631
chr19	12433200	12633200	harbor1	chr19	12440152	12440636	LTR/ERV1	844	+	242	12440394	7194
chr19	12433200	12633200	harbor1	chr19	12459798	12460179	LTR/ERV1	1025	+	190	12459988	26788
chr19	12433200	12633200	harbor1	chr19	12460468	12460594	LTR/ERV1	1025	+	63	12460531	27331
chr19	12433200	12633200	harbor1	chr19	12496123	12496352	LTR/ERV1	1395	+	114	12496237	63037
chr19	12433200	12633200	harbor1	chr19	12510592	12511170	LTR/ERV1	1777	+	289	12510881	77681
chr19	34737978	34937978	harbor1	chr19	34786107	34786470	LTR/ERV1	1318	+	182	34786289	48311
chr19	34737978	34937978	harbor1	chr19	34804735	34805158	LTR/ERV1	2720	+	212	34804947	66969
chr19	34737978	34937978	harbor1	chr19	34806468	34806952	LTR/ERV1	829	+	242	34806710	68732
chr19	34737978	34937978	harbor1	chr19	34808265	34808418	LTR/ERV1	3588	+	76	34808341	70363
chr19	34737978	34937978	harbor1	chr19	34808622	34809052	LTR/ERV1	3588	+	215	34808837	70859
chr19	34737978	34937978	harbor1	chr19	34834559	34835036	LTR/ERV1	2716	+	238	34834797	96819
chr19	34737978	34937978	harbor1	chr19	34835969	34836397	LTR/ERV1	1945	+	214	34836183	98205
chr19	34654273	34854273	harbor1	chr19	34654506	34654961	LTR/ERV1	2054	+	228	34654734	461
chr19	34654273	34854273	harbor1	chr19	34655092	34655711	LTR/ERV1	4059	+	310	34655402	1129
chr19	34654273	34854273	harbor1	chr19	34667499	34667760	LTR/ERV1	1761	+	130	34667629	13356
chr19	34654273	34854273	harbor1	chr19	34675409	34675656	LTR/ERV1	3588	+	124	34675533	21260
chr19	34654273	34854273	harbor1	chr19	34676297	34676685	LTR/ERV1	3588	+	194	34676491	22218
chr19	34654273	34854273	harbor1	chr19	34680680	34681063	LTR/ERV1	1675	+	192	34680872	26599
chr19	34654273	34854273	harbor1	chr19	34711195	34711494	LTR/ERV1	1762	+	150	34711345	57072
chr19	34654273	34854273	harbor1	chr19	34711792	34712390	LTR/ERV1	3845	+	299	34712091	57818
chr19	34654273	34854273	harbor1	chr19	34712488	34712828	LTR/ERV1	1458	+	170	34712658	58385
chr19	34654273	34854273	harbor1	chr19	34712819	34713511	LTR/ERV1	3215	+	346	34713165	58892
chr19	34654273	34854273	harbor1	chr19	34721933	34722488	LTR/ERV1	3933	+	278	34722211	67938
chr19	34654273	34854273	harbor1	chr19	34722491	34722849	LTR/ERV1	2717	+	179	34722670	68397
chr19	34654273	34854273	harbor1	chr19	34722924	34723282	LTR/ERV1	2717	+	179	34723103	68830
chr19	34654273	34854273	harbor1	chr19	34723306	34725034	LTR/ERV1	9265	+	864	34724170	69897
chr19	34654273	34854273	harbor1	chr19	34725029	34727233	LTR/ERV1	13400	+	1102	34726131	71858
chr19	34654273	34854273	harbor1	chr19	34727234	34727787	LTR/ERV1	3849	+	276	34727510	73237
chr19	34654273	34854273	harbor1	chr19	34736902	34737275	LTR/ERV1	1642	+	186	34737088	82815
chr19	34654273	34854273	harbor1	chr19	34668011	34669231	LTR/ERV1	8236	+	610	34668621	14348
chr19	35796805	35996805	harbor1	chr19	35881206	35881656	LTR/ERV1	3329	+	225	35881431	84626
chr19	28530660	28730660	harbor1	chr19	28550751	28551157	LTR/ERV1	5058	+	203	28550954	20294
chr19	28530660	28730660	harbor1	chr19	28551451	28551918	LTR/ERV1	5058	+	234	28551685	21025
chr19	28530660	28730660	harbor1	chr19	28582762	28583191	LTR/ERV1	2343	+	214	28582976	52316
chr19	28530660	28730660	harbor1	chr19	28603020	28603116	LTR/ERV1	2238	+	48	28603068	72408
chr19	28530660	28730660	harbor1	chr19	28603427	28603861	LTR/ERV1	2238	+	217	28603644	72984
chr19	28530660	28730660	harbor1	chr19	28606630	28606838	LTR/ERV1	1522	+	104	28606734	76074
chr19	28530660	28730660	harbor1	chr19	28606839	28607227	LTR/ERV1	2582	+	194	28607033	76373
chr19	28530660	28730660	harbor1	chr19	28607468	28613524	LTR/ERV1	33644	+	3028	28610496	79836
chr19	28530660	28730660	harbor1	chr19	28613571	28614817	LTR/ERV1	25947	+	623	28614194	83534
chr19	28530660	28730660	harbor1	chr19	28614818	28615273	LTR/ERV1	1527	+	228	28615046	84386
chr19	50968686	51168686	harbor1	chr19	50994477	50994888	LTR/ERV1	1704	+	206	50994683	25997
chr19	50968686	51168686	harbor1	chr19	51038361	51038531	LTR/ERV1	773	+	85	51038446	69760
chr19	50968686	51168686	harbor1	chr19	51038942	51039165	LTR/ERV1	947	+	112	51039054	70368
chr19	50968686	51168686	harbor1	chr19	51039459	51039483	LTR/ERV1	947	+	12	51039471	70785
chr19	50968686	51168686	harbor1	chr19	51045509	51045958	LTR/ERV1	2905	+	224	51045733	77047
chr19	50968686	51168686	harbor1	chr19	51048557	51048992	LTR/ERV1	1609	+	218	51048775	80089
chr19	46808015	47008015	harbor1	chr19	46821460	46822578	LTR/ERV1	6468	+	559	46822019	14004
chr19	33867792	34067792	harbor1	chr19	33915957	33916174	LTR/ERV1	1229	+	108	33916065	48273
chr19	33867792	34067792	harbor1	chr19	33914612	33915037	LTR/ERV1	2592	+	212	33914824	47032
chr19	5837695	6037695	harbor1	chr19	5846884	5847087	LTR/ERV1	3505	+	102	5846986	9291
chr19	5837695	6037695	harbor1	chr19	5847389	5847625	LTR/ERV1	3505	+	118	5847507	9812
chr19	5837695	6037695	harbor1	chr19	5849489	5849778	LTR/ERV1	1579	+	144	5849633	11938
chr19	5837695	6037695	harbor1	chr19	5849779	5850207	LTR/ERV1	3398	+	214	5849993	12298
chr19	5837695	6037695	harbor1	chr19	5851940	5852530	LTR/ERV1	2794	+	295	5852235	14540
chr19	5837695	6037695	harbor1	chr19	5852531	5852959	LTR/ERV1	986	+	214	5852745	15050
chr19	5837695	6037695	harbor1	chr19	5852991	5853278	LTR/ERV1	16329	+	144	5853135	15440
chr19	5837695	6037695	harbor1	chr19	5853577	5854713	LTR/ERV1	16329	+	568	5854145	16450
chr19	5837695	6037695	harbor1	chr19	5855010	5857198	LTR/ERV1	16329	+	1094	5856104	18409
chr19	5837695	6037695	harbor1	chr19	5857252	5857653	LTR/ERV1	2209	+	200	5857452	19757
chr19	5837695	6037695	harbor1	chr19	5857833	5858275	LTR/ERV1	2676	+	221	5858054	20359
chr19	5837695	6037695	harbor1	chr19	5847626	5849489	LTR/ERV1	7406	+	932	5848558	10863
chr19	8304944	8504944	harbor1	chr19	8375578	8377025	LTR/ERV1	10025	+	724	8376302	71358
chr19	8304944	8504944	harbor1	chr19	8379161	8379914	LTR/ERV1	5267	+	376	8379537	74593
chr19	8304944	8504944	harbor1	chr19	8379915	8385620	LTR/ERV1	40221	+	2852	8382767	77823
chr19	8304944	8504944	harbor1	chr19	8385635	8386395	LTR/ERV1	6003	+	380	8386015	81071
chr19	8304944	8504944	harbor1	chr19	8386396	8387101	LTR/ERV1	4651	+	352	8386748	81804
chr19	8304944	8504944	harbor1	chr19	8387118	8387378	LTR/ERV1	2289	+	130	8387248	82304
chr19	8304944	8504944	harbor1	chr19	8387659	8387679	LTR/ERV1	2289	+	10	8387669	82725
chr19	8304944	8504944	harbor1	chr19	8388000	8388185	LTR/ERV1	2289	+	92	8388092	83148
chr19	56196735	56396735	harbor1	chr19	56219093	56219680	LTR/ERV1	2968	+	294	56219387	22652
chr19	56196735	56396735	harbor1	chr19	56234419	56234436	LTR/ERV1	1460	+	8	56234427	37692
chr19	56196735	56396735	harbor1	chr19	56234437	56234919	LTR/ERV1	4184	+	241	56234678	37943
chr19	56196735	56396735	harbor1	chr19	56234920	56237271	LTR/ERV1	1833	+	1176	56236096	39361
chr19	56196735	56396735	harbor1	chr19	56271143	56271403	LTR/ERV1	1451	+	130	56271273	74538
chr19	32762850	32962850	harbor1	chr19	32855233	32855418	LTR/ERV1	3013	+	92	32855325	92475
chr19	32762850	32962850	harbor1	chr19	32855721	32855985	LTR/ERV1	3013	+	132	32855853	93003
chr19	56142821	56342821	harbor1	chr19	56219093	56219680	LTR/ERV1	2968	+	294	56219387	76566
chr19	56142821	56342821	harbor1	chr19	56234419	56234436	LTR/ERV1	1460	+	8	56234427	91606
chr19	56142821	56342821	harbor1	chr19	56234437	56234919	LTR/ERV1	4184	+	241	56234678	91857
chr19	56142821	56342821	harbor1	chr19	56234920	56237271	LTR/ERV1	1833	+	1176	56236096	93275
chr19	22455404	22655404	harbor1	chr19	22458366	22459766	LTR/ERV1	8648	+	700	22459066	3662
chr19	22455404	22655404	harbor1	chr19	22491805	22492480	LTR/ERV1	2346	+	338	22492143	36739
chr19	22455404	22655404	harbor1	chr19	22492482	22493206	LTR/ERV1	19862	+	362	22492844	37440
chr19	22455404	22655404	harbor1	chr19	22493236	22493625	LTR/ERV1	19862	+	194	22493430	38026
chr19	22455404	22655404	harbor1	chr19	22495924	22496596	LTR/ERV1	1806	+	336	22496260	40856
chr19	22455404	22655404	harbor1	chr19	22520277	22520622	LTR/ERV1	970	+	172	22520449	65045
chr19	22455404	22655404	harbor1	chr19	22522537	22522924	LTR/ERV1	2686	+	194	22522731	67327
chr19	22455404	22655404	harbor1	chr19	22524807	22525369	LTR/ERV1	3200	+	281	22525088	69684
chr19	22455404	22655404	harbor1	chr19	22525370	22525854	LTR/ERV1	1682	+	242	22525612	70208
chr19	22455404	22655404	harbor1	chr19	22525974	22527538	LTR/ERV1	7032	+	782	22526756	71352
chr19	22455404	22655404	harbor1	chr19	22528201	22528317	LTR/ERV1	733	+	58	22528259	72855
chr19	22455404	22655404	harbor1	chr19	22528308	22531549	LTR/ERV1	15614	+	1620	22529928	74524
chr19	22455404	22655404	harbor1	chr19	22531552	22531806	LTR/ERV1	1118	+	127	22531679	76275
chr19	22455404	22655404	harbor1	chr19	22493944	22495923	LTR/ERV1	19862	+	990	22494934	39530
chr19	22455404	22655404	harbor1	chr19	22527798	22528208	LTR/ERV1	1465	+	205	22528003	72599
chr19	17675571	17875571	harbor1	chr19	17711404	17711647	LTR/ERV1	3466	+	122	17711526	35955
chr19	17675571	17875571	harbor1	chr19	17711960	17712138	LTR/ERV1	3466	+	89	17712049	36478
chr19	17675571	17875571	harbor1	chr19	17712451	17712672	LTR/ERV1	3466	+	110	17712561	36990
chr19	53303709	53503709	harbor1	chr19	53304653	53305198	LTR/ERV1	3122	+	272	53304925	1216
chr19	53303709	53503709	harbor1	chr19	53328221	53328870	LTR/ERV1	3482	+	324	53328545	24836
chr19	53303709	53503709	harbor1	chr19	53331137	53331381	LTR/ERV1	1548	+	122	53331259	27550
chr19	53303709	53503709	harbor1	chr19	53331766	53331827	LTR/ERV1	926	+	30	53331796	28087
chr19	53303709	53503709	harbor1	chr19	53332138	53332294	LTR/ERV1	926	+	78	53332216	28507
chr19	53303709	53503709	harbor1	chr19	53356553	53356647	LTR/ERV1	776	+	47	53356600	52891
chr19	53303709	53503709	harbor1	chr19	53356955	53357109	LTR/ERV1	776	+	77	53357032	53323
chr19	53303709	53503709	harbor1	chr19	53357808	53357982	LTR/ERV1	1269	+	87	53357895	54186
chr19	53303709	53503709	harbor1	chr19	53358908	53359094	LTR/ERV1	1018	+	93	53359001	55292
chr19	53303709	53503709	harbor1	chr19	53386868	53386992	LTR/ERV1	3147	+	62	53386930	83221
chr19	53303709	53503709	harbor1	chr19	53387288	53387546	LTR/ERV1	3147	+	129	53387417	83708
chr19	53303709	53503709	harbor1	chr19	53387853	53388147	LTR/ERV1	3147	+	147	53388000	84291
chr19	53303709	53503709	harbor1	chr19	53389035	53389242	LTR/ERV1	1374	+	104	53389139	85430
chr19	53303709	53503709	harbor1	chr19	53389335	53389605	LTR/ERV1	1374	+	135	53389470	85761
chr19	53303709	53503709	harbor1	chr19	53392391	53392558	LTR/ERV1	809	+	84	53392475	88766
chr19	53303709	53503709	harbor1	chr19	53392534	53392646	LTR/ERV1	661	+	56	53392590	88881
chr19	53303709	53503709	harbor1	chr19	53392647	53392715	LTR/ERV1	1924	+	34	53392681	88972
chr19	53303709	53503709	harbor1	chr19	53393243	53393610	LTR/ERV1	1924	+	184	53393427	89718
chr19	53303709	53503709	harbor1	chr19	53393612	53394055	LTR/ERV1	1638	+	222	53393834	90125
chr19	56394621	56594621	harbor1	chr19	56398731	56399240	LTR/ERV1	1873	+	254	56398985	4364
chr19	56394621	56594621	harbor1	chr19	56400216	56400746	LTR/ERV1	2905	+	265	56400481	5860
chr19	56394621	56594621	harbor1	chr19	56400973	56401001	LTR/ERV1	3929	+	14	56400987	6366
chr19	56394621	56594621	harbor1	chr19	56401308	56401884	LTR/ERV1	3929	+	288	56401596	6975
chr19	56394621	56594621	harbor1	chr19	56401924	56402228	LTR/ERV1	1609	+	152	56402076	7455
chr19	56394621	56594621	harbor1	chr19	56466899	56467062	LTR/ERV1	1054	+	82	56466981	72360
chr19	56394621	56594621	harbor1	chr19	56468269	56468678	LTR/ERV1	2259	+	204	56468473	73852
chr19	21255982	21455982	harbor1	chr19	21253332	21258893	LTR/ERV1	34990	+	2780	21256112	130
chr19	21255982	21455982	harbor1	chr19	21262035	21263005	LTR/ERV1	7723	+	485	21262520	6538
chr19	21255982	21455982	harbor1	chr19	21262999	21263789	LTR/ERV1	5440	+	395	21263394	7412
chr19	21255982	21455982	harbor1	chr19	21263790	21264283	LTR/ERV1	3588	+	246	21264036	8054
chr19	21255982	21455982	harbor1	chr19	21268037	21268486	LTR/ERV1	2834	+	224	21268261	12279
chr19	21255982	21455982	harbor1	chr19	21268553	21268850	LTR/ERV1	2587	+	148	21268701	12719
chr19	21255982	21455982	harbor1	chr19	21269159	21269416	LTR/ERV1	2587	+	128	21269287	13305
chr19	21255982	21455982	harbor1	chr19	21328502	21328624	LTR/ERV1	808	+	61	21328563	72581
chr19	21255982	21455982	harbor1	chr19	21328634	21328856	LTR/ERV1	1244	+	111	21328745	72763
chr19	53393358	53593358	harbor1	chr19	53393243	53393610	LTR/ERV1	1924	+	184	53393427	69
chr19	53393358	53593358	harbor1	chr19	53393612	53394055	LTR/ERV1	1638	+	222	53393834	476
chr19	53393358	53593358	harbor1	chr19	53413823	53413936	LTR/ERV1	696	+	56	53413879	20521
chr19	53393358	53593358	harbor1	chr19	53430116	53430444	LTR/ERV1	1620	+	164	53430280	36922
chr19	53393358	53593358	harbor1	chr19	53430446	53430887	LTR/ERV1	1745	+	220	53430666	37308
chr19	53393358	53593358	harbor1	chr19	53461059	53461618	LTR/ERV1	2798	+	280	53461339	67981
chr19	53393358	53593358	harbor1	chr19	53462003	53462209	LTR/ERV1	1041	+	103	53462106	68748
chr19	53393358	53593358	harbor1	chr19	53462303	53462392	LTR/ERV1	1338	+	44	53462347	68989
chr19	53393358	53593358	harbor1	chr19	53462697	53462898	LTR/ERV1	1338	+	100	53462797	69439
chr19	53393358	53593358	harbor1	chr19	53465033	53465246	LTR/ERV1	1226	+	106	53465139	71781
chr19	53393358	53593358	harbor1	chr19	53465247	53465316	LTR/ERV1	1823	+	34	53465281	71923
chr19	53393358	53593358	harbor1	chr19	53465845	53466211	LTR/ERV1	1823	+	183	53466028	72670
chr19	53393358	53593358	harbor1	chr19	53466213	53466651	LTR/ERV1	1719	+	219	53466432	73074
chr19	33332835	33532835	harbor1	chr19	33336556	33336682	LTR/ERV1	629	+	63	33336619	3784
chr19	13614302	13814302	harbor1	chr19	13640980	13641341	LTR/ERV1	1356	+	180	13641160	26858
chr19	13614302	13814302	harbor1	chr19	13652628	13653297	LTR/ERV1	4183	+	334	13652962	38660
chr19	13614302	13814302	harbor1	chr19	13654281	13654590	LTR/ERV1	3971	+	154	13654435	40133
chr19	13614302	13814302	harbor1	chr19	13655075	13655243	LTR/ERV1	3971	+	84	13655159	40857
chr19	13614302	13814302	harbor1	chr19	13655540	13655703	LTR/ERV1	3971	+	82	13655622	41320
chr19	13614302	13814302	harbor1	chr19	13664595	13664758	LTR/ERV1	1298	+	82	13664677	50375
chr19	13614302	13814302	harbor1	chr19	13665149	13665275	LTR/ERV1	936	+	63	13665212	50910
chr19	37696421	37896421	harbor1	chr19	37701253	37701730	LTR/ERV1	3312	+	238	37701491	5070
chr19	37696421	37896421	harbor1	chr19	37718571	37719001	LTR/ERV1	2037	+	215	37718786	22365
chr19	37696421	37896421	harbor1	chr19	37756047	37756780	LTR/ERV1	1148	+	366	37756413	59992
chr19	37696421	37896421	harbor1	chr19	37761313	37761953	LTR/ERV1	3960	+	320	37761633	65212
chr19	37696421	37896421	harbor1	chr19	37766321	37766748	LTR/ERV1	1207	+	214	37766535	70114
chr19	37696421	37896421	harbor1	chr19	37766856	37767233	LTR/ERV1	2338	+	188	37767044	70623
chr19	37696421	37896421	harbor1	chr19	37767532	37767687	LTR/ERV1	2338	+	78	37767610	71189
chr19	37696421	37896421	harbor1	chr19	37795386	37795563	LTR/ERV1	768	+	88	37795474	99053
chr19	20823878	21023878	harbor1	chr19	20852165	20852256	LTR/ERV1	729	+	46	20852211	28333
chr19	20823878	21023878	harbor1	chr19	20857639	20858139	LTR/ERV1	3874	+	250	20857889	34011
chr19	20823878	21023878	harbor1	chr19	20858142	20858955	LTR/ERV1	3068	+	406	20858548	34670
chr19	20823878	21023878	harbor1	chr19	20859475	20859647	LTR/ERV1	1379	+	86	20859561	35683
chr19	20823878	21023878	harbor1	chr19	20860011	20862513	LTR/ERV1	8917	+	1251	20861262	37384
chr19	20823878	21023878	harbor1	chr19	20916370	20917391	LTR/ERV1	7852	+	510	20916880	93002
chr19	20823878	21023878	harbor1	chr19	20917728	20918331	LTR/ERV1	7852	+	302	20918030	94152
chr19	20823878	21023878	harbor1	chr19	20918641	20918722	LTR/ERV1	7852	+	40	20918681	94803
chr19	20823878	21023878	harbor1	chr19	20918733	20919132	LTR/ERV1	1730	+	200	20918933	95055
chr19	22500253	22700253	harbor1	chr19	22520277	22520622	LTR/ERV1	970	+	172	22520449	20196
chr19	22500253	22700253	harbor1	chr19	22522537	22522924	LTR/ERV1	2686	+	194	22522731	22478
chr19	22500253	22700253	harbor1	chr19	22524807	22525369	LTR/ERV1	3200	+	281	22525088	24835
chr19	22500253	22700253	harbor1	chr19	22525370	22525854	LTR/ERV1	1682	+	242	22525612	25359
chr19	22500253	22700253	harbor1	chr19	22525974	22527538	LTR/ERV1	7032	+	782	22526756	26503
chr19	22500253	22700253	harbor1	chr19	22528201	22528317	LTR/ERV1	733	+	58	22528259	28006
chr19	22500253	22700253	harbor1	chr19	22528308	22531549	LTR/ERV1	15614	+	1620	22529928	29675
chr19	22500253	22700253	harbor1	chr19	22531552	22531806	LTR/ERV1	1118	+	127	22531679	31426
chr19	22500253	22700253	harbor1	chr19	22568270	22568751	LTR/ERV1	3257	+	240	22568510	68257
chr19	22500253	22700253	harbor1	chr19	22568754	22571662	LTR/ERV1	16544	+	1454	22570208	69955
chr19	22500253	22700253	harbor1	chr19	22571642	22571787	LTR/ERV1	946	+	72	22571714	71461
chr19	22500253	22700253	harbor1	chr19	22571778	22574165	LTR/ERV1	14681	+	1194	22572972	72719
chr19	22500253	22700253	harbor1	chr19	22574166	22574537	LTR/ERV1	2665	+	186	22574352	74099
chr19	22500253	22700253	harbor1	chr19	22574538	22575020	LTR/ERV1	3248	+	241	22574779	74526
chr19	22500253	22700253	harbor1	chr19	22527798	22528208	LTR/ERV1	1465	+	205	22528003	27750
chr19	32079229	32279229	harbor1	chr19	32099290	32099349	LTR/ERV1	2249	+	30	32099320	20091
chr19	32079229	32279229	harbor1	chr19	32099917	32100279	LTR/ERV1	2249	+	181	32100098	20869
chr19	33481664	33681664	harbor1	chr19	33502387	33502922	LTR/ERV1	1519	+	268	33502655	20991
chr19	33481664	33681664	harbor1	chr19	33532438	33532567	LTR/ERV1	822	+	64	33532502	50838
chr19	33481664	33681664	harbor1	chr19	33539093	33539182	LTR/ERV1	1281	+	44	33539137	57473
chr19	33481664	33681664	harbor1	chr19	33539489	33539755	LTR/ERV1	1281	+	133	33539622	57958
chr19	33481664	33681664	harbor1	chr19	33540068	33540248	LTR/ERV1	1281	+	90	33540158	58494
chr19	33481664	33681664	harbor1	chr19	33540530	33540576	LTR/ERV1	1281	+	23	33540553	58889
chr19	33481664	33681664	harbor1	chr19	33568542	33569199	LTR/ERV1	2870	+	328	33568870	87206
chr19	33481664	33681664	harbor1	chr19	33569386	33569928	LTR/ERV1	4155	+	271	33569657	87993
chr19	22745920	22945920	harbor1	chr19	22745900	22747882	LTR/ERV1	15016	+	991	22746891	971
chr19	22745920	22945920	harbor1	chr19	22747866	22751434	LTR/ERV1	29389	+	1784	22749650	3730
chr19	22745920	22945920	harbor1	chr19	22751458	22751748	LTR/ERV1	2437	+	145	22751603	5683
chr19	22745920	22945920	harbor1	chr19	22751749	22752074	LTR/ERV1	2814	+	162	22751911	5991
chr19	22745920	22945920	harbor1	chr19	22779059	22779243	LTR/ERV1	1030	+	92	22779151	33231
chr19	22745920	22945920	harbor1	chr19	22779554	22779931	LTR/ERV1	1030	+	188	22779742	33822
chr19	22745920	22945920	harbor1	chr19	22782231	22782354	LTR/ERV1	2606	+	62	22782293	36373
chr19	22745920	22945920	harbor1	chr19	22782968	22782997	LTR/ERV1	2606	+	14	22782982	37062
chr19	22745920	22945920	harbor1	chr19	22783300	22783661	LTR/ERV1	2606	+	180	22783480	37560
chr19	22745920	22945920	harbor1	chr19	22796932	22797553	LTR/ERV1	2985	+	310	22797242	51322
chr19	22745920	22945920	harbor1	chr19	22826751	22827425	LTR/ERV1	6394	+	337	22827088	81168
chr19	22745920	22945920	harbor1	chr19	22827742	22827792	LTR/ERV1	6394	+	25	22827767	81847
chr19	22745920	22945920	harbor1	chr19	22828101	22828372	LTR/ERV1	6394	+	136	22828237	82317
chr19	22745920	22945920	harbor1	chr19	22828673	22828890	LTR/ERV1	6394	+	108	22828781	82861
chr19	22745920	22945920	harbor1	chr19	22829194	22829289	LTR/ERV1	6394	+	48	22829242	83322
chr19	22745920	22945920	harbor1	chr19	22829585	22829677	LTR/ERV1	6394	+	46	22829631	83711
chr19	22745920	22945920	harbor1	chr19	22829678	22830051	LTR/ERV1	1239	+	186	22829864	83944
chr19	22745920	22945920	harbor1	chr19	22841108	22842000	LTR/ERV1	4196	+	446	22841554	95634
chr19	22745920	22945920	harbor1	chr19	22842307	22842667	LTR/ERV1	4196	+	180	22842487	96567
chr19	34931680	35131680	harbor1	chr19	34966123	34966310	LTR/ERV1	3109	+	94	34966217	34537
chr19	34931680	35131680	harbor1	chr19	34966607	34967152	LTR/ERV1	3109	+	272	34966879	35199
chr19	34931680	35131680	harbor1	chr19	34967511	34968306	LTR/ERV1	4738	+	398	34967909	36229
chr19	34931680	35131680	harbor1	chr19	34975949	34976185	LTR/ERV1	3703	+	118	34976067	44387
chr19	34931680	35131680	harbor1	chr19	34976493	34976857	LTR/ERV1	3703	+	182	34976675	44995
chr19	27766934	27966934	harbor1	chr19	27823712	27824159	LTR/ERV1	875	+	224	27823936	57002
chr19	27766934	27966934	harbor1	chr19	27840872	27840981	LTR/ERV1	2810	+	54	27840926	73992
chr19	27766934	27966934	harbor1	chr19	27841275	27841619	LTR/ERV1	2810	+	172	27841447	74513
chr19	50999784	51199784	harbor1	chr19	51038361	51038531	LTR/ERV1	773	+	85	51038446	38662
chr19	50999784	51199784	harbor1	chr19	51038942	51039165	LTR/ERV1	947	+	112	51039054	39270
chr19	50999784	51199784	harbor1	chr19	51039459	51039483	LTR/ERV1	947	+	12	51039471	39687
chr19	50999784	51199784	harbor1	chr19	51045509	51045958	LTR/ERV1	2905	+	224	51045733	45949
chr19	50999784	51199784	harbor1	chr19	51048557	51048992	LTR/ERV1	1609	+	218	51048775	48991
chr19	6679456	6879456	harbor1	chr19	6701189	6701523	LTR/ERV1	1124	+	167	6701356	21900
chr19	29242996	29442996	harbor1	chr19	29294975	29295626	LTR/ERV1	4041	+	326	29295301	52305
chr19	36439830	36639830	harbor1	chr19	36507441	36507490	LTR/ERV1	790	+	24	36507465	67635
chr19	36439830	36639830	harbor1	chr19	36507789	36507985	LTR/ERV1	790	+	98	36507887	68057
chr19	36439830	36639830	harbor1	chr19	36508300	36508509	LTR/ERV1	1055	+	104	36508404	68574
chr19	36439830	36639830	harbor1	chr19	36509799	36509913	LTR/ERV1	1055	+	57	36509856	70026
chr19	33752191	33952191	harbor1	chr19	33840867	33841279	LTR/ERV1	2271	+	206	33841073	88882
chr19	33752191	33952191	harbor1	chr19	33841613	33841699	LTR/ERV1	2271	+	43	33841656	89465
chr19	32259246	32459246	harbor1	chr19	32264113	32264660	LTR/ERV1	4623	+	274	32264387	5141
chr19	20918264	21118264	harbor1	chr19	20917728	20918331	LTR/ERV1	7852	+	302	20918030	234
chr19	20918264	21118264	harbor1	chr19	20918641	20918722	LTR/ERV1	7852	+	40	20918681	417
chr19	20918264	21118264	harbor1	chr19	20918733	20919132	LTR/ERV1	1730	+	200	20918933	669
chr19	20918264	21118264	harbor1	chr19	21002382	21002840	LTR/ERV1	3625	+	229	21002611	84347
chr19	20918264	21118264	harbor1	chr19	21005405	21007280	LTR/ERV1	23942	+	938	21006343	88079
chr19	20918264	21118264	harbor1	chr19	21007353	21007741	LTR/ERV1	2607	+	194	21007547	89283
chr19	20918264	21118264	harbor1	chr19	21008919	21009375	LTR/ERV1	3336	+	228	21009147	90883
chr19	20918264	21118264	harbor1	chr19	21009366	21010125	LTR/ERV1	5525	+	380	21009746	91482
chr19	20918264	21118264	harbor1	chr19	21010127	21010589	LTR/ERV1	3200	+	231	21010358	92094
chr19	20918264	21118264	harbor1	chr19	21012263	21012602	LTR/ERV1	12221	+	170	21012433	94169
chr19	20918264	21118264	harbor1	chr19	21012892	21012926	LTR/ERV1	12221	+	17	21012909	94645
chr19	20918264	21118264	harbor1	chr19	21012969	21013055	LTR/ERV1	12221	+	43	21013012	94748
chr19	20918264	21118264	harbor1	chr19	21013334	21013543	LTR/ERV1	12221	+	104	21013438	95174
chr19	20918264	21118264	harbor1	chr19	21013843	21014302	LTR/ERV1	12221	+	230	21014073	95809
chr19	20918264	21118264	harbor1	chr19	21014611	21015426	LTR/ERV1	12221	+	408	21015019	96755
chr19	20918264	21118264	harbor1	chr19	21015726	21016414	LTR/ERV1	12221	+	344	21016070	97806
chr19	20918264	21118264	harbor1	chr19	21016415	21016807	LTR/ERV1	1680	+	196	21016611	98347
chr19	20918264	21118264	harbor1	chr19	21002841	21005098	LTR/ERV1	23942	+	1128	21003969	85705
chr19	28409130	28609130	harbor1	chr19	28423644	28424111	LTR/ERV1	2484	+	234	28423878	14748
chr19	28409130	28609130	harbor1	chr19	28429264	28429653	LTR/ERV1	2360	+	194	28429458	20328
chr19	28409130	28609130	harbor1	chr19	28429941	28430084	LTR/ERV1	2360	+	72	28430013	20883
chr19	28409130	28609130	harbor1	chr19	28444762	28445468	LTR/ERV1	3247	+	353	28445115	35985
chr19	28409130	28609130	harbor1	chr19	28445470	28446407	LTR/ERV1	10303	+	468	28445938	36808
chr19	28409130	28609130	harbor1	chr19	28446408	28447026	LTR/ERV1	4007	+	309	28446717	37587
chr19	28409130	28609130	harbor1	chr19	28447027	28448940	LTR/ERV1	10303	+	956	28447983	38853
chr19	28409130	28609130	harbor1	chr19	28449246	28449610	LTR/ERV1	10303	+	182	28449428	40298
chr19	28409130	28609130	harbor1	chr19	28449583	28450049	LTR/ERV1	1930	+	233	28449816	40686
chr19	28409130	28609130	harbor1	chr19	28450072	28450451	LTR/ERV1	1924	+	190	28450262	41132
chr19	28409130	28609130	harbor1	chr19	28450452	28451183	LTR/ERV1	2909	+	366	28450818	41688
chr19	28409130	28609130	harbor1	chr19	28451182	28452052	LTR/ERV1	6079	+	435	28451617	42487
chr19	28409130	28609130	harbor1	chr19	28452053	28452186	LTR/ERV1	660	+	66	28452119	42989
chr19	28409130	28609130	harbor1	chr19	28452204	28452264	LTR/ERV1	2298	+	30	28452234	43104
chr19	28409130	28609130	harbor1	chr19	28452546	28452827	LTR/ERV1	2298	+	140	28452686	43556
chr19	28409130	28609130	harbor1	chr19	28452828	28453464	LTR/ERV1	3128	+	318	28453146	44016
chr19	28409130	28609130	harbor1	chr19	28458180	28458663	LTR/ERV1	1548	+	242	28458422	49292
chr19	28409130	28609130	harbor1	chr19	28482092	28482610	LTR/ERV1	1607	+	259	28482351	73221
chr19	28409130	28609130	harbor1	chr19	28508471	28508545	LTR/ERV1	1682	+	37	28508508	99378
chr19	28409130	28609130	harbor1	chr19	28458672	28459194	LTR/ERV1	2845	+	261	28458933	49803
chr19	28409130	28609130	harbor1	chr19	28507715	28508187	LTR/ERV1	1682	+	236	28507951	98821
chr19	22947411	23147411	harbor1	chr19	22944439	22948325	LTR/ERV1	28988	+	1943	22946382	1029
chr19	22947411	23147411	harbor1	chr19	22948632	22949508	LTR/ERV1	28988	+	438	22949070	1659
chr19	22947411	23147411	harbor1	chr19	22955673	22956157	LTR/ERV1	6348	+	242	22955915	8504
chr19	22947411	23147411	harbor1	chr19	22956452	22957017	LTR/ERV1	6348	+	282	22956734	9323
chr19	22947411	23147411	harbor1	chr19	22957414	22958561	LTR/ERV1	7613	+	574	22957988	10577
chr19	22947411	23147411	harbor1	chr19	22998759	22999251	LTR/ERV1	1189	+	246	22999005	51594
chr19	22947411	23147411	harbor1	chr19	23001898	23002033	LTR/ERV1	2934	+	68	23001966	54555
chr19	22947411	23147411	harbor1	chr19	23002322	23002672	LTR/ERV1	2934	+	175	23002497	55086
chr19	22947411	23147411	harbor1	chr19	23026164	23026320	LTR/ERV1	898	+	78	23026242	78831
chr19	22947411	23147411	harbor1	chr19	23032880	23033268	LTR/ERV1	2513	+	194	23033074	85663
chr19	22947411	23147411	harbor1	chr19	23039891	23040320	LTR/ERV1	1983	+	214	23040105	92694
chr19	22947411	23147411	harbor1	chr19	23043128	23043263	LTR/ERV1	934	+	68	23043196	95785
chr19	42950171	43150171	harbor1	chr19	42952278	42952494	LTR/ERV1	1190	+	108	42952386	2215
chr19	42950171	43150171	harbor1	chr19	42970632	42971176	LTR/ERV1	4681	+	272	42970904	20733
chr19	42950171	43150171	harbor1	chr19	42971608	42972146	LTR/ERV1	3988	+	269	42971877	21706
chr19	42950171	43150171	harbor1	chr19	42972192	42972761	LTR/ERV1	2808	+	284	42972476	22305
chr19	42950171	43150171	harbor1	chr19	42999231	42999586	LTR/ERV1	2113	+	178	42999409	49238
chr19	42950171	43150171	harbor1	chr19	42999694	43000000	LTR/ERV1	1557	+	153	42999847	49676
chr19	42950171	43150171	harbor1	chr19	43000937	43001144	LTR/ERV1	1200	+	104	43001041	50870
chr19	42950171	43150171	harbor1	chr19	43001935	43002146	LTR/ERV1	728	+	106	43002041	51870
chr19	42950171	43150171	harbor1	chr19	43021891	43022651	LTR/ERV1	1949	+	380	43022271	72100
chr19	42950171	43150171	harbor1	chr19	43043134	43043878	LTR/ERV1	3568	+	372	43043506	93335
chr19	42950171	43150171	harbor1	chr19	43045234	43045311	LTR/ERV1	3536	+	38	43045272	95101
chr19	42950171	43150171	harbor1	chr19	43045982	43046858	LTR/ERV1	3536	+	438	43046420	96249
chr19	30168394	30368394	harbor1	chr19	30176414	30177006	LTR/ERV1	3284	+	296	30176710	8316
chr19	49521314	49721314	harbor1	chr19	49579292	49579734	LTR/ERV1	2218	+	221	49579513	58199
chr19	21071426	21271426	harbor1	chr19	21128499	21128747	LTR/ERV1	1787	+	124	21128623	57197
chr19	21071426	21271426	harbor1	chr19	21128748	21129271	LTR/ERV1	4117	+	262	21129010	57584
chr19	21071426	21271426	harbor1	chr19	21129272	21129347	LTR/ERV1	1787	+	38	21129310	57884
chr19	21071426	21271426	harbor1	chr19	21130752	21131084	LTR/ERV1	1891	+	166	21130918	59492
chr19	21071426	21271426	harbor1	chr19	21138943	21139245	LTR/ERV1	1395	+	151	21139094	67668
chr19	21071426	21271426	harbor1	chr19	21135258	21135420	LTR/ERV1	857	+	81	21135339	63913
chr19	6810243	7010243	harbor1	chr19	6865590	6865697	LTR/ERV1	704	+	54	6865644	55401
chr19	6810243	7010243	harbor1	chr19	6884868	6884964	LTR/ERV1	3774	+	48	6884916	74673
chr19	6810243	7010243	harbor1	chr19	6885272	6885724	LTR/ERV1	3774	+	226	6885498	75255
chr19	6810243	7010243	harbor1	chr19	6886037	6886074	LTR/ERV1	3774	+	18	6886055	75812
chr19	6810243	7010243	harbor1	chr19	6886414	6886488	LTR/ERV1	3774	+	37	6886451	76208
chr19	29137626	29337626	harbor1	chr19	29138758	29139495	LTR/ERV1	2209	+	368	29139126	1500
chr19	29137626	29337626	harbor1	chr19	29144350	29145032	LTR/ERV1	3005	+	341	29144691	7065
chr19	29137626	29337626	harbor1	chr19	29221029	29221515	LTR/ERV1	1730	+	243	29221272	83646
chr19	8751329	8951329	harbor1	chr19	8795405	8795622	LTR/ERV1	1157	+	108	8795513	44184
chr19	8751329	8951329	harbor1	chr19	8802135	8802274	LTR/ERV1	1007	+	70	8802205	50876
chr19	8751329	8951329	harbor1	chr19	8828059	8828680	LTR/ERV1	3795	+	310	8828369	77040
chr19	8751329	8951329	harbor1	chr19	8829273	8829443	LTR/ERV1	3795	+	85	8829358	78029
chr19	7849944	8049944	harbor1	chr19	7949063	7949297	LTR/ERV1	1345	+	117	7949180	99236
chr19	8618587	8818587	harbor1	chr19	8632301	8632713	LTR/ERV1	3987	+	206	8632507	13920
chr19	8618587	8818587	harbor1	chr19	8633322	8633440	LTR/ERV1	3987	+	59	8633381	14794
chr19	8618587	8818587	harbor1	chr19	8705014	8705035	LTR/ERV1	748	+	10	8705024	86437
chr19	8618587	8818587	harbor1	chr19	8705783	8705909	LTR/ERV1	748	+	63	8705846	87259
chr19	8618587	8818587	harbor1	chr19	8706002	8706284	LTR/ERV1	1558	+	141	8706143	87556
chr19	21992273	22192273	harbor1	chr19	22005853	22006355	LTR/ERV1	1085	+	251	22006104	13831
chr19	21992273	22192273	harbor1	chr19	22009332	22009467	LTR/ERV1	2827	+	68	22009400	17127
chr19	21992273	22192273	harbor1	chr19	22009765	22009903	LTR/ERV1	2827	+	69	22009834	17561
chr19	21992273	22192273	harbor1	chr19	22010213	22010440	LTR/ERV1	2827	+	114	22010327	18054
chr19	21992273	22192273	harbor1	chr19	22036807	22037060	LTR/ERV1	1399	+	126	22036933	44660
chr19	21992273	22192273	harbor1	chr19	22037388	22038057	LTR/ERV1	8617	+	334	22037722	45449
chr19	21992273	22192273	harbor1	chr19	22038357	22038852	LTR/ERV1	8617	+	248	22038605	46332
chr19	21992273	22192273	harbor1	chr19	22039150	22039424	LTR/ERV1	8617	+	137	22039287	47014
chr19	21992273	22192273	harbor1	chr19	22066559	22067554	LTR/ERV1	7553	+	498	22067057	74784
chr19	21992273	22192273	harbor1	chr19	22067860	22068327	LTR/ERV1	7553	+	234	22068094	75821
chr19	12552889	12752889	harbor1	chr19	12571024	12571238	LTR/ERV1	1638	+	107	12571131	18242
chr19	12552889	12752889	harbor1	chr19	12571531	12571733	LTR/ERV1	1638	+	101	12571632	18743
chr19	12552889	12752889	harbor1	chr19	12571734	12572096	LTR/ERV1	2166	+	181	12571915	19026
chr19	12552889	12752889	harbor1	chr19	12572767	12572934	LTR/ERV1	979	+	84	12572851	19962
chr19	12552889	12752889	harbor1	chr19	12598247	12598381	LTR/ERV1	1014	+	67	12598314	45425
chr19	12552889	12752889	harbor1	chr19	12598674	12598706	LTR/ERV1	1014	+	16	12598690	45801
chr19	12552889	12752889	harbor1	chr19	12600390	12600836	LTR/ERV1	8960	+	223	12600613	47724
chr19	12552889	12752889	harbor1	chr19	12599175	12600080	LTR/ERV1	8960	+	452	12599627	46738
chr19	9449408	9649408	harbor1	chr19	9486374	9486457	LTR/ERV1	4468	+	42	9486416	37008
chr19	9449408	9649408	harbor1	chr19	9486770	9487326	LTR/ERV1	4468	+	278	9487048	37640
chr19	9449408	9649408	harbor1	chr19	9539343	9539771	LTR/ERV1	2639	+	214	9539557	90149
chr19	9449408	9649408	harbor1	chr19	9539772	9540293	LTR/ERV1	1132	+	260	9540032	90624
chr19	9449408	9649408	harbor1	chr19	9540272	9540733	LTR/ERV1	19374	+	230	9540502	91094
chr19	9449408	9649408	harbor1	chr19	9541890	9546922	LTR/ERV1	19374	+	2516	9544406	94998
chr19	9449408	9649408	harbor1	chr19	9547144	9547647	LTR/ERV1	2982	+	252	9547396	97988
chr19	9449408	9649408	harbor1	chr19	9547648	9549316	LTR/ERV1	9639	+	834	9548482	99074
chr19	35066767	35266767	harbor1	chr19	35072592	35072837	LTR/ERV1	1880	+	122	35072714	5947
chr19	35066767	35266767	harbor1	chr19	35072838	35072967	LTR/ERV1	1343	+	64	35072902	6135
chr19	35066767	35266767	harbor1	chr19	35073279	35073370	LTR/ERV1	1343	+	46	35073325	6558
chr19	42426741	42626741	harbor1	chr19	42459939	42460310	LTR/ERV1	2195	+	186	42460125	33384
chr19	42426741	42626741	harbor1	chr19	42480616	42481046	LTR/ERV1	2065	+	215	42480831	54090
chr19	43394710	43594710	harbor1	chr19	43398839	43399046	LTR/ERV1	727	+	104	43398943	4233
chr19	43394710	43594710	harbor1	chr19	43412858	43413225	LTR/ERV1	3515	+	184	43413042	18332
chr19	43394710	43594710	harbor1	chr19	43413512	43413640	LTR/ERV1	3515	+	64	43413576	18866
chr19	43394710	43594710	harbor1	chr19	43420392	43420770	LTR/ERV1	3166	+	189	43420581	25871
chr19	43394710	43594710	harbor1	chr19	43421062	43421267	LTR/ERV1	3166	+	102	43421164	26454
chr19	43394710	43594710	harbor1	chr19	43421574	43421703	LTR/ERV1	3166	+	64	43421638	26928
chr19	43394710	43594710	harbor1	chr19	43423697	43423960	LTR/ERV1	3171	+	132	43423829	29119
chr19	43394710	43594710	harbor1	chr19	43424291	43424425	LTR/ERV1	3171	+	67	43424358	29648
chr19	43394710	43594710	harbor1	chr19	43424714	43424896	LTR/ERV1	3171	+	91	43424805	30095
chr19	43394710	43594710	harbor1	chr19	43425932	43426466	LTR/ERV1	3406	+	267	43426199	31489
chr19	43394710	43594710	harbor1	chr19	43445526	43445937	LTR/ERV1	1299	+	206	43445732	51022
chr19	43394710	43594710	harbor1	chr19	43448280	43448528	LTR/ERV1	1344	+	124	43448404	53694
chr19	43394710	43594710	harbor1	chr19	43467912	43468218	LTR/ERV1	1742	+	153	43468065	73355
chr19	43394710	43594710	harbor1	chr19	43468506	43468636	LTR/ERV1	1742	+	65	43468571	73861
chr19	43259801	43459801	harbor1	chr19	43265001	43265754	LTR/ERV1	2025	+	376	43265377	5576
chr19	43259801	43459801	harbor1	chr19	43292340	43293204	LTR/ERV1	3452	+	432	43292772	32971
chr19	43259801	43459801	harbor1	chr19	43300415	43301151	LTR/ERV1	2080	+	368	43300783	40982
chr19	43259801	43459801	harbor1	chr19	43314012	43314473	LTR/ERV1	3590	+	230	43314242	54441
chr19	43259801	43459801	harbor1	chr19	43318788	43319039	LTR/ERV1	1376	+	126	43318914	59113
chr19	43259801	43459801	harbor1	chr19	43319559	43319767	LTR/ERV1	1376	+	104	43319663	59862
chr19	43259801	43459801	harbor1	chr19	43319768	43320299	LTR/ERV1	4054	+	266	43320034	60233
chr19	43259801	43459801	harbor1	chr19	43320611	43320801	LTR/ERV1	4054	+	95	43320706	60905
chr19	43259801	43459801	harbor1	chr19	43321400	43323080	LTR/ERV1	4434	+	840	43322240	62439
chr19	43259801	43459801	harbor1	chr19	43338339	43338847	LTR/ERV1	1585	+	254	43338593	78792
chr19	43259801	43459801	harbor1	chr19	43286222	43286970	LTR/ERV1	3640	+	374	43286596	26795
chr19	34694532	34894532	harbor1	chr19	34711195	34711494	LTR/ERV1	1762	+	150	34711345	16813
chr19	34694532	34894532	harbor1	chr19	34711792	34712390	LTR/ERV1	3845	+	299	34712091	17559
chr19	34694532	34894532	harbor1	chr19	34712488	34712828	LTR/ERV1	1458	+	170	34712658	18126
chr19	34694532	34894532	harbor1	chr19	34712819	34713511	LTR/ERV1	3215	+	346	34713165	18633
chr19	34694532	34894532	harbor1	chr19	34721933	34722488	LTR/ERV1	3933	+	278	34722211	27679
chr19	34694532	34894532	harbor1	chr19	34722491	34722849	LTR/ERV1	2717	+	179	34722670	28138
chr19	34694532	34894532	harbor1	chr19	34722924	34723282	LTR/ERV1	2717	+	179	34723103	28571
chr19	34694532	34894532	harbor1	chr19	34723306	34725034	LTR/ERV1	9265	+	864	34724170	29638
chr19	34694532	34894532	harbor1	chr19	34725029	34727233	LTR/ERV1	13400	+	1102	34726131	31599
chr19	34694532	34894532	harbor1	chr19	34727234	34727787	LTR/ERV1	3849	+	276	34727510	32978
chr19	34694532	34894532	harbor1	chr19	34736902	34737275	LTR/ERV1	1642	+	186	34737088	42556
chr19	34694532	34894532	harbor1	chr19	34786107	34786470	LTR/ERV1	1318	+	182	34786289	91757
chr19	21100068	21300068	harbor1	chr19	21128499	21128747	LTR/ERV1	1787	+	124	21128623	28555
chr19	21100068	21300068	harbor1	chr19	21128748	21129271	LTR/ERV1	4117	+	262	21129010	28942
chr19	21100068	21300068	harbor1	chr19	21129272	21129347	LTR/ERV1	1787	+	38	21129310	29242
chr19	21100068	21300068	harbor1	chr19	21130752	21131084	LTR/ERV1	1891	+	166	21130918	30850
chr19	21100068	21300068	harbor1	chr19	21138943	21139245	LTR/ERV1	1395	+	151	21139094	39026
chr19	21100068	21300068	harbor1	chr19	21135258	21135420	LTR/ERV1	857	+	81	21135339	35271
chr19	52253216	52453216	harbor1	chr19	52266412	52267001	LTR/ERV1	2263	+	294	52266706	13490
chr19	34483331	34683331	harbor1	chr19	34514096	34514494	LTR/ERV1	2704	+	199	34514295	30964
chr19	34483331	34683331	harbor1	chr19	34514497	34517397	LTR/ERV1	14251	+	1450	34515947	32616
chr19	34483331	34683331	harbor1	chr19	34517392	34517613	LTR/ERV1	1282	+	110	34517502	34171
chr19	21804489	22004489	harbor1	chr19	21838770	21838902	LTR/ERV1	849	+	66	21838836	34347
chr19	21804489	22004489	harbor1	chr19	21858084	21858510	LTR/ERV1	2176	+	213	21858297	53808
chr19	21804489	22004489	harbor1	chr19	21858511	21862805	LTR/ERV1	19504	+	2147	21860658	56169
chr19	21804489	22004489	harbor1	chr19	21862806	21863239	LTR/ERV1	2255	+	216	21863022	58533
chr19	21804489	22004489	harbor1	chr19	21863291	21863833	LTR/ERV1	3581	+	271	21863562	59073
chr19	21804489	22004489	harbor1	chr19	21867026	21867391	LTR/ERV1	2199	+	182	21867208	62719
chr19	11985587	12185587	harbor1	chr19	11991714	11991852	LTR/ERV1	2193	+	69	11991783	6196
chr19	11985587	12185587	harbor1	chr19	11992151	11992462	LTR/ERV1	2193	+	156	11992307	6720
chr19	11985587	12185587	harbor1	chr19	11999595	12000000	LTR/ERV1	1971	+	202	11999797	14210
chr19	11985587	12185587	harbor1	chr19	12000001	12000401	LTR/ERV1	2683	+	200	12000201	14614
chr19	11985587	12185587	harbor1	chr19	12004473	12004665	LTR/ERV1	1327	+	96	12004569	18982
chr19	11985587	12185587	harbor1	chr19	12011169	12011516	LTR/ERV1	1603	+	174	12011343	25756
chr19	11985587	12185587	harbor1	chr19	12011517	12011591	LTR/ERV1	892	+	37	12011554	25967
chr19	11985587	12185587	harbor1	chr19	12011890	12012014	LTR/ERV1	892	+	62	12011952	26365
chr19	11985587	12185587	harbor1	chr19	12014038	12014178	LTR/ERV1	648	+	70	12014108	28521
chr19	11985587	12185587	harbor1	chr19	12034437	12034600	LTR/ERV1	816	+	82	12034519	48932
chr19	11985587	12185587	harbor1	chr19	12034680	12035024	LTR/ERV1	850	+	172	12034852	49265
chr19	11985587	12185587	harbor1	chr19	12050464	12050811	LTR/ERV1	1847	+	174	12050638	65051
chr19	11985587	12185587	harbor1	chr19	12051991	12052319	LTR/ERV1	821	+	164	12052155	66568
chr19	11985587	12185587	harbor1	chr19	12053312	12053549	LTR/ERV1	799	+	118	12053430	67843
chr19	11985587	12185587	harbor1	chr19	12054741	12054969	LTR/ERV1	814	+	114	12054855	69268
chr19	11985587	12185587	harbor1	chr19	12060744	12061205	LTR/ERV1	3688	+	230	12060974	75387
chr19	11985587	12185587	harbor1	chr19	12062184	12062345	LTR/ERV1	630	+	80	12062264	76677
chr19	11985587	12185587	harbor1	chr19	12062346	12062360	LTR/ERV1	1045	+	7	12062353	76766
chr19	11985587	12185587	harbor1	chr19	12062668	12062923	LTR/ERV1	1045	+	128	12062796	77209
chr19	11985587	12185587	harbor1	chr19	12062951	12062975	LTR/ERV1	1045	+	12	12062963	77376
chr19	11985587	12185587	harbor1	chr19	12063282	12063344	LTR/ERV1	1045	+	31	12063313	77726
chr19	11985587	12185587	harbor1	chr19	12041986	12042403	LTR/ERV1	1918	+	208	12042194	56607
chr19	41158657	41358657	harbor1	chr19	41185988	41186050	LTR/ERV1	2796	+	31	41186019	27362
chr19	41158657	41358657	harbor1	chr19	41186355	41186573	LTR/ERV1	2796	+	109	41186464	27807
chr19	41158657	41358657	harbor1	chr19	41186574	41186970	LTR/ERV1	2759	+	198	41186772	28115
chr19	41158657	41358657	harbor1	chr19	41186971	41187187	LTR/ERV1	2796	+	108	41187079	28422
chr19	41158657	41358657	harbor1	chr19	41188013	41188071	LTR/ERV1	2796	+	29	41188042	29385
chr19	42758176	42958176	harbor1	chr19	42761116	42761820	LTR/ERV1	1848	+	352	42761468	3292
chr19	42758176	42958176	harbor1	chr19	42761853	42761886	LTR/ERV1	1848	+	16	42761869	3693
chr19	42758176	42958176	harbor1	chr19	42788486	42789229	LTR/ERV1	3654	+	372	42788858	30682
chr19	42758176	42958176	harbor1	chr19	42795997	42796879	LTR/ERV1	4377	+	441	42796438	38262
chr19	42758176	42958176	harbor1	chr19	42828460	42828817	LTR/ERV1	2151	+	178	42828638	70462
chr19	42758176	42958176	harbor1	chr19	42828925	42829240	LTR/ERV1	1588	+	158	42829083	70907
chr19	42758176	42958176	harbor1	chr19	42830174	42830375	LTR/ERV1	1168	+	100	42830274	72098
chr19	42758176	42958176	harbor1	chr19	42830379	42830633	LTR/ERV1	628	+	127	42830506	72330
chr19	42758176	42958176	harbor1	chr19	42831173	42831384	LTR/ERV1	737	+	106	42831279	73103
chr19	42758176	42958176	harbor1	chr19	42851138	42851909	LTR/ERV1	1941	+	386	42851524	93348
chr19	42758176	42958176	harbor1	chr19	42794720	42795331	LTR/ERV1	4377	+	306	42795026	36850
chr19	56362587	56562587	harbor1	chr19	56365170	56365411	LTR/ERV1	1343	+	120	56365290	2703
chr19	56362587	56562587	harbor1	chr19	56366464	56366808	LTR/ERV1	2088	+	172	56366636	4049
chr19	56362587	56562587	harbor1	chr19	56371246	56371881	LTR/ERV1	4799	+	318	56371564	8977
chr19	56362587	56562587	harbor1	chr19	56398731	56399240	LTR/ERV1	1873	+	254	56398985	36398
chr19	56362587	56562587	harbor1	chr19	56400216	56400746	LTR/ERV1	2905	+	265	56400481	37894
chr19	56362587	56562587	harbor1	chr19	56400973	56401001	LTR/ERV1	3929	+	14	56400987	38400
chr19	56362587	56562587	harbor1	chr19	56401308	56401884	LTR/ERV1	3929	+	288	56401596	39009
chr19	56362587	56562587	harbor1	chr19	56401924	56402228	LTR/ERV1	1609	+	152	56402076	39489
chr19	52923772	53123772	harbor1	chr19	52923622	52924121	LTR/ERV1	3706	+	250	52923872	100
chr19	52923772	53123772	harbor1	chr19	52956727	52957204	LTR/ERV1	3400	+	238	52956965	33193
chr19	52923772	53123772	harbor1	chr19	52957205	52957363	LTR/ERV1	1106	+	79	52957284	33512
chr19	52923772	53123772	harbor1	chr19	52957363	52960571	LTR/ERV1	22418	+	1604	52958967	35195
chr19	52923772	53123772	harbor1	chr19	52960545	52962193	LTR/ERV1	11115	+	824	52961369	37597
chr19	52923772	53123772	harbor1	chr19	52962265	52962469	LTR/ERV1	1017	+	102	52962367	38595
chr19	52923772	53123772	harbor1	chr19	52996655	52996796	LTR/ERV1	723	+	70	52996725	72953
chr19	52923772	53123772	harbor1	chr19	52999313	52999581	LTR/ERV1	1835	+	134	52999447	75675
chr19	52923772	53123772	harbor1	chr19	53007252	53007672	LTR/ERV1	946	+	210	53007462	83690
chr19	52923772	53123772	harbor1	chr19	53007847	53008093	LTR/ERV1	786	+	123	53007970	84198
chr19	52923772	53123772	harbor1	chr19	53009302	53011424	LTR/ERV1	4715	+	1061	53010363	86591
chr19	52923772	53123772	harbor1	chr19	53011452	53011898	LTR/ERV1	658	+	223	53011675	87903
chr19	52923772	53123772	harbor1	chr19	53012627	53012881	LTR/ERV1	640	+	127	53012754	88982
chr19	52923772	53123772	harbor1	chr19	53015008	53015566	LTR/ERV1	988	+	279	53015287	91515
chr19	52923772	53123772	harbor1	chr19	53016034	53016299	LTR/ERV1	767	+	132	53016166	92394
chr19	52923772	53123772	harbor1	chr19	53016604	53016684	LTR/ERV1	767	+	40	53016644	92872
chr19	7722928	7922928	harbor1	chr19	7748833	7749280	LTR/ERV1	3196	+	224	7749057	26129
chr19	7722928	7922928	harbor1	chr19	7750163	7750275	LTR/ERV1	3196	+	56	7750219	27291
chr19	7722928	7922928	harbor1	chr19	7751539	7752014	LTR/ERV1	2015	+	238	7751777	28849
chr19	7722928	7922928	harbor1	chr19	7752319	7752448	LTR/ERV1	2015	+	64	7752383	29455
chr19	7722928	7922928	harbor1	chr19	7769596	7770016	LTR/ERV1	2227	+	210	7769806	46878
chr19	57180036	57380036	harbor1	chr19	57181546	57181759	LTR/ERV1	4102	+	106	57181652	1616
chr19	57180036	57380036	harbor1	chr19	57182059	57182439	LTR/ERV1	4102	+	190	57182249	2213
chr19	57180036	57380036	harbor1	chr19	57187710	57187815	LTR/ERV1	726	+	52	57187762	7726
chr19	57180036	57380036	harbor1	chr19	57187817	57188147	LTR/ERV1	1898	+	165	57187982	7946
chr19	57180036	57380036	harbor1	chr19	57188349	57188639	LTR/ERV1	1333	+	145	57188494	8458
chr19	57180036	57380036	harbor1	chr19	57188802	57188920	LTR/ERV1	3128	+	59	57188861	8825
chr19	57180036	57380036	harbor1	chr19	57189229	57189661	LTR/ERV1	3128	+	216	57189445	9409
chr19	57180036	57380036	harbor1	chr19	57189954	57190017	LTR/ERV1	3128	+	32	57189986	9950
chr19	57180036	57380036	harbor1	chr19	57190020	57190109	LTR/ERV1	666	+	44	57190064	10028
chr19	57180036	57380036	harbor1	chr19	57190110	57190615	LTR/ERV1	2897	+	252	57190362	10326
chr19	57180036	57380036	harbor1	chr19	57241087	57241457	LTR/ERV1	1473	+	185	57241272	61236
chr19	57180036	57380036	harbor1	chr19	57267561	57268198	LTR/ERV1	3377	+	318	57267879	87843
chr19	57180036	57380036	harbor1	chr19	57268501	57268611	LTR/ERV1	3377	+	55	57268556	88520
chr19	42603773	42803773	harbor1	chr19	42609481	42609664	LTR/ERV1	879	+	92	42609573	5800
chr19	42603773	42803773	harbor1	chr19	42611305	42611501	LTR/ERV1	909	+	98	42611403	7630
chr19	42603773	42803773	harbor1	chr19	42611522	42611750	LTR/ERV1	1047	+	114	42611636	7863
chr19	42603773	42803773	harbor1	chr19	42611755	42612515	LTR/ERV1	5914	+	380	42612135	8362
chr19	42603773	42803773	harbor1	chr19	42612519	42613554	LTR/ERV1	2333	+	518	42613037	9264
chr19	42603773	42803773	harbor1	chr19	42613563	42614256	LTR/ERV1	4404	+	346	42613909	10136
chr19	42603773	42803773	harbor1	chr19	42615261	42616246	LTR/ERV1	4005	+	492	42615753	11980
chr19	42603773	42803773	harbor1	chr19	42616234	42616524	LTR/ERV1	5155	+	145	42616379	12606
chr19	42603773	42803773	harbor1	chr19	42616812	42617616	LTR/ERV1	6022	+	402	42617214	13441
chr19	42603773	42803773	harbor1	chr19	42618150	42619169	LTR/ERV1	6202	+	510	42618660	14887
chr19	42603773	42803773	harbor1	chr19	42627732	42628219	LTR/ERV1	3056	+	244	42627976	24203
chr19	42603773	42803773	harbor1	chr19	42628220	42628887	LTR/ERV1	4382	+	334	42628554	24781
chr19	42603773	42803773	harbor1	chr19	42628963	42629723	LTR/ERV1	4035	+	380	42629343	25570
chr19	42603773	42803773	harbor1	chr19	42645342	42645722	LTR/ERV1	954	+	190	42645532	41759
chr19	42603773	42803773	harbor1	chr19	42645731	42645924	LTR/ERV1	917	+	96	42645827	42054
chr19	42603773	42803773	harbor1	chr19	42671747	42673263	LTR/ERV1	6998	+	758	42672505	68732
chr19	42603773	42803773	harbor1	chr19	42674141	42674621	LTR/ERV1	2371	+	240	42674381	70608
chr19	42603773	42803773	harbor1	chr19	42674629	42674832	LTR/ERV1	746	+	102	42674731	70958
chr19	42603773	42803773	harbor1	chr19	42698714	42698902	LTR/ERV1	689	+	94	42698808	95035
chr19	42603773	42803773	harbor1	chr19	42699557	42699915	LTR/ERV1	1647	+	179	42699736	95963
chr19	42603773	42803773	harbor1	chr19	42699936	42700423	LTR/ERV1	2347	+	244	42700180	96407
chr19	42603773	42803773	harbor1	chr19	42700736	42700798	LTR/ERV1	2347	+	31	42700767	96994
chr19	42603773	42803773	harbor1	chr19	42700796	42701204	LTR/ERV1	1648	+	204	42701000	97227
chr19	42603773	42803773	harbor1	chr19	42701302	42701488	LTR/ERV1	971	+	93	42701395	97622
chr19	42603773	42803773	harbor1	chr19	42701807	42702108	LTR/ERV1	1656	+	150	42701957	98184
chr19	42603773	42803773	harbor1	chr19	42614575	42614940	LTR/ERV1	4005	+	182	42614757	10984
chr19	53241691	53441691	harbor1	chr19	53304653	53305198	LTR/ERV1	3122	+	272	53304925	63234
chr19	53241691	53441691	harbor1	chr19	53328221	53328870	LTR/ERV1	3482	+	324	53328545	86854
chr19	53241691	53441691	harbor1	chr19	53331137	53331381	LTR/ERV1	1548	+	122	53331259	89568
chr19	53241691	53441691	harbor1	chr19	53331766	53331827	LTR/ERV1	926	+	30	53331796	90105
chr19	53241691	53441691	harbor1	chr19	53332138	53332294	LTR/ERV1	926	+	78	53332216	90525
chr19	18873847	19073847	harbor1	chr19	18875562	18875727	LTR/ERV1	882	+	82	18875644	1797
chr19	18873847	19073847	harbor1	chr19	18917279	18917364	LTR/ERV1	3754	+	42	18917321	43474
chr19	18873847	19073847	harbor1	chr19	18917663	18917908	LTR/ERV1	3754	+	122	18917785	43938
chr19	18873847	19073847	harbor1	chr19	18918218	18918469	LTR/ERV1	3754	+	126	18918344	44497
chr19	18873847	19073847	harbor1	chr19	18964494	18964584	LTR/ERV1	3890	+	45	18964539	90692
chr19	18873847	19073847	harbor1	chr19	18965183	18965194	LTR/ERV1	3890	+	6	18965189	91342
chr19	18873847	19073847	harbor1	chr19	18965507	18965709	LTR/ERV1	3890	+	101	18965608	91761
chr19	18873847	19073847	harbor1	chr19	18965977	18966043	LTR/ERV1	3890	+	33	18966010	92163
chr19	18873847	19073847	harbor1	chr19	18966345	18966703	LTR/ERV1	3890	+	179	18966524	92677
chr19	22031557	22231557	harbor1	chr19	22036807	22037060	LTR/ERV1	1399	+	126	22036933	5376
chr19	22031557	22231557	harbor1	chr19	22037388	22038057	LTR/ERV1	8617	+	334	22037722	6165
chr19	22031557	22231557	harbor1	chr19	22038357	22038852	LTR/ERV1	8617	+	248	22038605	7048
chr19	22031557	22231557	harbor1	chr19	22039150	22039424	LTR/ERV1	8617	+	137	22039287	7730
chr19	22031557	22231557	harbor1	chr19	22066559	22067554	LTR/ERV1	7553	+	498	22067057	35500
chr19	22031557	22231557	harbor1	chr19	22067860	22068327	LTR/ERV1	7553	+	234	22068094	36537
chr19	36730255	36930255	harbor1	chr19	36771716	36772043	LTR/ERV1	1396	+	164	36771880	41625
chr19	51641907	51841907	harbor1	chr19	51676237	51677080	LTR/ERV1	6035	+	422	51676659	34752
chr19	51641907	51841907	harbor1	chr19	51681564	51681935	LTR/ERV1	2172	+	186	51681750	39843
chr19	51641907	51841907	harbor1	chr19	51658603	51658863	LTR/ERV1	1033	+	130	51658733	16826
chr19	6570303	6770303	harbor1	chr19	6573454	6573784	LTR/ERV1	2697	+	165	6573619	3316
chr19	6570303	6770303	harbor1	chr19	6574425	6574608	LTR/ERV1	2697	+	92	6574517	4214
chr19	6570303	6770303	harbor1	chr19	6574614	6576096	LTR/ERV1	5930	+	741	6575355	5052
chr19	6570303	6770303	harbor1	chr19	6576074	6576299	LTR/ERV1	1348	+	112	6576186	5883
chr19	6570303	6770303	harbor1	chr19	6576348	6576888	LTR/ERV1	3459	+	270	6576618	6315
chr19	6570303	6770303	harbor1	chr19	6576889	6577300	LTR/ERV1	2327	+	206	6577095	6792
chr19	6570303	6770303	harbor1	chr19	6597048	6597508	LTR/ERV1	3633	+	230	6597278	26975
chr19	6570303	6770303	harbor1	chr19	6597509	6597892	LTR/ERV1	2901	+	192	6597701	27398
chr19	6570303	6770303	harbor1	chr19	6597886	6598689	LTR/ERV1	5771	+	402	6598288	27985
chr19	6570303	6770303	harbor1	chr19	6598673	6599985	LTR/ERV1	8875	+	656	6599329	29026
chr19	6570303	6770303	harbor1	chr19	6600098	6601666	LTR/ERV1	12103	+	784	6600882	30579
chr19	6570303	6770303	harbor1	chr19	6601667	6601787	LTR/ERV1	1004	+	60	6601727	31424
chr19	6570303	6770303	harbor1	chr19	6601786	6602002	LTR/ERV1	1464	+	108	6601894	31591
chr19	6570303	6770303	harbor1	chr19	6602206	6602480	LTR/ERV1	2790	+	137	6602343	32040
chr19	6570303	6770303	harbor1	chr19	6603249	6603373	LTR/ERV1	2790	+	62	6603311	33008
chr19	6570303	6770303	harbor1	chr19	6652619	6653124	LTR/ERV1	2914	+	252	6652871	82568
chr19	6570303	6770303	harbor1	chr19	6653756	6653903	LTR/ERV1	2914	+	74	6653830	83527
chr19	6570303	6770303	harbor1	chr19	6602745	6602943	LTR/ERV1	2790	+	99	6602844	32541
chr19	49352417	49552417	harbor1	chr19	49368647	49369242	LTR/ERV1	3346	+	298	49368945	16528
chr19	46561691	46761691	harbor1	chr19	46587668	46588412	LTR/ERV1	3984	+	372	46588040	26349
chr19	32584354	32784354	harbor1	chr19	32637511	32639028	LTR/ERV1	7304	+	758	32638269	53915
chr19	49576415	49776415	harbor1	chr19	49579292	49579734	LTR/ERV1	2218	+	221	49579513	3098
chr19	41982887	42182887	harbor1	chr19	42020458	42020881	LTR/ERV1	3466	+	212	42020670	37783
chr19	43008731	43208731	harbor1	chr19	43021891	43022651	LTR/ERV1	1949	+	380	43022271	13540
chr19	43008731	43208731	harbor1	chr19	43043134	43043878	LTR/ERV1	3568	+	372	43043506	34775
chr19	43008731	43208731	harbor1	chr19	43045234	43045311	LTR/ERV1	3536	+	38	43045272	36541
chr19	43008731	43208731	harbor1	chr19	43045982	43046858	LTR/ERV1	3536	+	438	43046420	37689
chr19	43008731	43208731	harbor1	chr19	43057400	43057608	LTR/ERV1	1133	+	104	43057504	48773
chr19	43008731	43208731	harbor1	chr19	43058396	43058607	LTR/ERV1	715	+	106	43058502	49771
chr19	43008731	43208731	harbor1	chr19	43078081	43078833	LTR/ERV1	1986	+	376	43078457	69726
chr19	43008731	43208731	harbor1	chr19	43099221	43099966	LTR/ERV1	3564	+	372	43099593	90862
chr19	43008731	43208731	harbor1	chr19	43105492	43106099	LTR/ERV1	3988	+	304	43105796	97065
chr19	43008731	43208731	harbor1	chr19	43106771	43107647	LTR/ERV1	3988	+	438	43107209	98478
chr19	18481957	18681957	harbor1	chr19	18577268	18577575	LTR/ERV1	1065	+	154	18577422	95465
chr19	18481957	18681957	harbor1	chr19	18577591	18578035	LTR/ERV1	1497	+	222	18577813	95856
chr19	18481957	18681957	harbor1	chr19	18578706	18581619	LTR/ERV1	23217	+	1456	18580162	98205
chr19	47917667	48117667	harbor1	chr19	47919471	47919542	LTR/ERV1	771	+	36	47919507	1840
chr19	47917667	48117667	harbor1	chr19	47919850	47919928	LTR/ERV1	771	+	39	47919889	2222
chr19	47917667	48117667	harbor1	chr19	47924821	47924892	LTR/ERV1	761	+	36	47924857	7190
chr19	47917667	48117667	harbor1	chr19	47925200	47925278	LTR/ERV1	761	+	39	47925239	7572
chr19	47917667	48117667	harbor1	chr19	47929862	47929933	LTR/ERV1	835	+	36	47929898	12231
chr19	47917667	48117667	harbor1	chr19	47930250	47930328	LTR/ERV1	835	+	39	47930289	12622
chr19	47917667	48117667	harbor1	chr19	47935223	47935294	LTR/ERV1	771	+	36	47935259	17592
chr19	47917667	48117667	harbor1	chr19	47935601	47935679	LTR/ERV1	771	+	39	47935640	17973
chr19	47917667	48117667	harbor1	chr19	47940587	47940658	LTR/ERV1	835	+	36	47940623	22956
chr19	47917667	48117667	harbor1	chr19	47940990	47941068	LTR/ERV1	835	+	39	47941029	23362
chr19	47917667	48117667	harbor1	chr19	47945965	47946036	LTR/ERV1	823	+	36	47946001	28334
chr19	47917667	48117667	harbor1	chr19	47946348	47946426	LTR/ERV1	823	+	39	47946387	28720
chr19	47917667	48117667	harbor1	chr19	47951338	47951409	LTR/ERV1	823	+	36	47951374	33707
chr19	47917667	48117667	harbor1	chr19	47951736	47951814	LTR/ERV1	823	+	39	47951775	34108
chr19	47917667	48117667	harbor1	chr19	47956726	47956797	LTR/ERV1	823	+	36	47956762	39095
chr19	47917667	48117667	harbor1	chr19	47957119	47957197	LTR/ERV1	823	+	39	47957158	39491
chr19	47917667	48117667	harbor1	chr19	47998447	47998508	LTR/ERV1	865	+	30	47998477	80810
chr19	47917667	48117667	harbor1	chr19	47998807	47998967	LTR/ERV1	865	+	80	47998887	81220
chr19	29551748	29751748	harbor1	chr19	29625466	29625895	LTR/ERV1	5013	+	214	29625680	73932
chr19	29551748	29751748	harbor1	chr19	29626192	29626418	LTR/ERV1	5013	+	113	29626305	74557
chr19	29551748	29751748	harbor1	chr19	29643732	29643909	LTR/ERV1	4470	+	88	29643820	92072
chr19	29551748	29751748	harbor1	chr19	29644213	29644573	LTR/ERV1	4470	+	180	29644393	92645
chr19	29551748	29751748	harbor1	chr19	29644878	29644997	LTR/ERV1	4470	+	60	29644938	93190
chr19	48215829	48415829	harbor1	chr19	48254703	48255085	LTR/ERV1	2155	+	191	48254894	39065
chr19	48215829	48415829	harbor1	chr19	48255380	48255425	LTR/ERV1	2155	+	22	48255402	39573
chr19	48215829	48415829	harbor1	chr19	48265292	48265679	LTR/ERV1	3047	+	194	48265486	49657
chr19	48215829	48415829	harbor1	chr19	48269717	48270187	LTR/ERV1	3891	+	235	48269952	54123
chr19	48215829	48415829	harbor1	chr19	48304646	48304887	LTR/ERV1	1389	+	120	48304766	88937
chr19	48215829	48415829	harbor1	chr19	48308622	48309692	LTR/ERV1	5066	+	535	48309157	93328
chr19	39765492	39965492	harbor1	chr19	39768270	39768586	LTR/ERV1	1963	+	158	39768428	2936
chr19	39765492	39965492	harbor1	chr19	39772200	39772648	LTR/ERV1	1562	+	224	39772424	6932
chr19	58241878	58441878	harbor1	chr19	58274863	58275354	LTR/ERV1	1720	+	246	58275109	33231
chr19	58241878	58441878	harbor1	chr19	58277944	58278458	LTR/ERV1	3638	+	257	58278201	36323
chr19	21279489	21479489	harbor1	chr19	21328502	21328624	LTR/ERV1	808	+	61	21328563	49074
chr19	21279489	21479489	harbor1	chr19	21328634	21328856	LTR/ERV1	1244	+	111	21328745	49256
chr19	56915880	57115880	harbor1	chr19	56959786	56959996	LTR/ERV1	1221	+	105	56959891	44011
chr19	56915880	57115880	harbor1	chr19	56960307	56960324	LTR/ERV1	1221	+	8	56960315	44435
chr19	56915880	57115880	harbor1	chr19	56995438	56995691	LTR/ERV1	1405	+	126	56995564	79684
chr19	56915880	57115880	harbor1	chr19	56996449	56996810	LTR/ERV1	1939	+	180	56996629	80749
chr19	33784851	33984851	harbor1	chr19	33840867	33841279	LTR/ERV1	2271	+	206	33841073	56222
chr19	33784851	33984851	harbor1	chr19	33841613	33841699	LTR/ERV1	2271	+	43	33841656	56805
chr19	14581376	14781376	harbor1	chr19	14634733	14635086	LTR/ERV1	3069	+	176	14634909	53533
chr19	14581376	14781376	harbor1	chr19	14635712	14635994	LTR/ERV1	3069	+	141	14635853	54477
chr19	14581376	14781376	harbor1	chr19	14636577	14636812	LTR/ERV1	2764	+	118	14636695	55319
chr19	14581376	14781376	harbor1	chr19	14637124	14637393	LTR/ERV1	2764	+	134	14637258	55882
chr19	14581376	14781376	harbor1	chr19	14637829	14637919	LTR/ERV1	646	+	45	14637874	56498
chr19	14581376	14781376	harbor1	chr19	14639718	14639812	LTR/ERV1	745	+	47	14639765	58389
chr19	14581376	14781376	harbor1	chr19	14640244	14640295	LTR/ERV1	1525	+	26	14640270	58894
chr19	14581376	14781376	harbor1	chr19	14640591	14640652	LTR/ERV1	1525	+	30	14640621	59245
chr19	14581376	14781376	harbor1	chr19	14641010	14641319	LTR/ERV1	1525	+	154	14641164	59788
chr19	14581376	14781376	harbor1	chr19	14680258	14680678	LTR/ERV1	2532	+	210	14680468	99092
chr19	38926373	39126373	harbor1	chr19	38950611	38950795	LTR/ERV1	1806	+	92	38950703	24330
chr19	38926373	39126373	harbor1	chr19	38951090	38951200	LTR/ERV1	1806	+	55	38951145	24772
chr19	38926373	39126373	harbor1	chr19	38951477	38951647	LTR/ERV1	947	+	85	38951562	25189
chr19	38926373	39126373	harbor1	chr19	38952247	38952294	LTR/ERV1	947	+	24	38952271	25898
chr19	38926373	39126373	harbor1	chr19	38979964	38980181	LTR/ERV1	6192	+	108	38980072	53699
chr19	38926373	39126373	harbor1	chr19	38980490	38981380	LTR/ERV1	6192	+	445	38980935	54562
chr19	38926373	39126373	harbor1	chr19	38994369	38994435	LTR/ERV1	2462	+	33	38994402	68029
chr19	38926373	39126373	harbor1	chr19	38994744	38994927	LTR/ERV1	2462	+	92	38994836	68463
chr19	38926373	39126373	harbor1	chr19	38995238	38995609	LTR/ERV1	2462	+	186	38995424	69051
chr19	38926373	39126373	harbor1	chr19	39010477	39010955	LTR/ERV1	2281	+	239	39010716	84343
chr19	31963613	32163613	harbor1	chr19	32050042	32050596	LTR/ERV1	4321	+	277	32050319	86706
chr19	13757844	13957844	harbor1	chr19	13783629	13783860	LTR/ERV1	789	+	116	13783745	25901
chr19	13975376	14175376	harbor1	chr19	14009261	14009418	LTR/ERV1	3338	+	78	14009339	33963
chr19	13975376	14175376	harbor1	chr19	14010049	14010300	LTR/ERV1	3338	+	126	14010175	34799
chr19	13975376	14175376	harbor1	chr19	14010598	14010679	LTR/ERV1	3338	+	40	14010638	35262
chr19	13975376	14175376	harbor1	chr19	14010983	14011054	LTR/ERV1	3338	+	36	14011019	35643
chr19	29273097	29473097	harbor1	chr19	29294975	29295626	LTR/ERV1	4041	+	326	29295301	22204
chr19	29273097	29473097	harbor1	chr19	29371225	29371642	LTR/ERV1	1447	+	208	29371433	98336
chr19	8808705	9008705	harbor1	chr19	8828059	8828680	LTR/ERV1	3795	+	310	8828369	19664
chr19	8808705	9008705	harbor1	chr19	8829273	8829443	LTR/ERV1	3795	+	85	8829358	20653
chr19	6080964	6280964	harbor1	chr19	6128273	6128693	LTR/ERV1	1460	+	210	6128483	47519
chr19	13200607	13400607	harbor1	chr19	13201929	13201973	LTR/ERV1	630	+	22	13201951	1344
chr19	13200607	13400607	harbor1	chr19	13202349	13202400	LTR/ERV1	630	+	26	13202375	1768
chr19	13200607	13400607	harbor1	chr19	13202708	13202785	LTR/ERV1	630	+	38	13202746	2139
chr19	40147367	40347367	harbor1	chr19	40166965	40167230	LTR/ERV1	2048	+	132	40167097	19730
chr19	40147367	40347367	harbor1	chr19	40167543	40167669	LTR/ERV1	1942	+	63	40167606	20239
chr19	40147367	40347367	harbor1	chr19	40176587	40176743	LTR/ERV1	3414	+	78	40176665	29298
chr19	40147367	40347367	harbor1	chr19	40177052	40177739	LTR/ERV1	3414	+	344	40177396	30029
chr19	33998189	34198189	harbor1	chr19	34027826	34028086	LTR/ERV1	1614	+	130	34027956	29767
chr19	33998189	34198189	harbor1	chr19	34028386	34028396	LTR/ERV1	1614	+	5	34028391	30202
chr19	33998189	34198189	harbor1	chr19	34028692	34028878	LTR/ERV1	1614	+	93	34028785	30596
chr19	33998189	34198189	harbor1	chr19	34031011	34031279	LTR/ERV1	1468	+	134	34031145	32956
chr19	33998189	34198189	harbor1	chr19	34074257	34074372	LTR/ERV1	634	+	58	34074315	76126
chr19	33998189	34198189	harbor1	chr19	34075700	34076456	LTR/ERV1	4213	+	378	34076078	77889
chr19	34733123	34933123	harbor1	chr19	34736902	34737275	LTR/ERV1	1642	+	186	34737088	3965
chr19	34733123	34933123	harbor1	chr19	34786107	34786470	LTR/ERV1	1318	+	182	34786289	53166
chr19	34733123	34933123	harbor1	chr19	34804735	34805158	LTR/ERV1	2720	+	212	34804947	71824
chr19	34733123	34933123	harbor1	chr19	34806468	34806952	LTR/ERV1	829	+	242	34806710	73587
chr19	34733123	34933123	harbor1	chr19	34808265	34808418	LTR/ERV1	3588	+	76	34808341	75218
chr19	34733123	34933123	harbor1	chr19	34808622	34809052	LTR/ERV1	3588	+	215	34808837	75714
chr19	15971985	16171985	harbor1	chr19	15975418	15976052	LTR/ERV1	3816	+	317	15975735	3750
chr19	15971985	16171985	harbor1	chr19	15978069	15978543	LTR/ERV1	3500	+	237	15978306	6321
chr19	15971985	16171985	harbor1	chr19	16005175	16005385	LTR/ERV1	2946	+	105	16005280	33295
chr19	15971985	16171985	harbor1	chr19	16005688	16006315	LTR/ERV1	2946	+	314	16006002	34017
chr19	15971985	16171985	harbor1	chr19	16006975	16007038	LTR/ERV1	1295	+	32	16007007	35022
chr19	15971985	16171985	harbor1	chr19	16007351	16007618	LTR/ERV1	1295	+	134	16007485	35500
chr19	15971985	16171985	harbor1	chr19	16007991	16008236	LTR/ERV1	1407	+	122	16008113	36128
chr19	15971985	16171985	harbor1	chr19	16008234	16008360	LTR/ERV1	1384	+	63	16008297	36312
chr19	15971985	16171985	harbor1	chr19	16008653	16008728	LTR/ERV1	1384	+	38	16008691	36706
chr19	15971985	16171985	harbor1	chr19	16009048	16009326	LTR/ERV1	1384	+	139	16009187	37202
chr19	15971985	16171985	harbor1	chr19	16009328	16009444	LTR/ERV1	1243	+	58	16009386	37401
chr19	15971985	16171985	harbor1	chr19	16009742	16010084	LTR/ERV1	1243	+	171	16009913	37928
chr19	15971985	16171985	harbor1	chr19	16010659	16011099	LTR/ERV1	3913	+	220	16010879	38894
chr19	15971985	16171985	harbor1	chr19	16011410	16012267	LTR/ERV1	3913	+	428	16011838	39853
chr19	15971985	16171985	harbor1	chr19	16051493	16051976	LTR/ERV1	2808	+	242	16051735	79750
chr19	21336014	21536014	harbor1	chr19	21389642	21390352	LTR/ERV1	4203	+	355	21389997	53983
chr19	35045426	35245426	harbor1	chr19	35072592	35072837	LTR/ERV1	1880	+	122	35072714	27288
chr19	35045426	35245426	harbor1	chr19	35072838	35072967	LTR/ERV1	1343	+	64	35072902	27476
chr19	35045426	35245426	harbor1	chr19	35073279	35073370	LTR/ERV1	1343	+	46	35073325	27899
chr19	43201469	43401469	harbor1	chr19	43201101	43201872	LTR/ERV1	3302	+	386	43201487	18
chr19	43201469	43401469	harbor1	chr19	43224334	43225081	LTR/ERV1	3562	+	374	43224708	23239
chr19	43201469	43401469	harbor1	chr19	43230571	43231183	LTR/ERV1	4163	+	306	43230877	29408
chr19	43201469	43401469	harbor1	chr19	43231850	43232724	LTR/ERV1	4163	+	437	43232287	30818
chr19	43201469	43401469	harbor1	chr19	43265001	43265754	LTR/ERV1	2025	+	376	43265377	63908
chr19	43201469	43401469	harbor1	chr19	43292340	43293204	LTR/ERV1	3452	+	432	43292772	91303
chr19	43201469	43401469	harbor1	chr19	43300415	43301151	LTR/ERV1	2080	+	368	43300783	99314
chr19	43201469	43401469	harbor1	chr19	43286222	43286970	LTR/ERV1	3640	+	374	43286596	85127
chr19	15514843	15714843	harbor1	chr19	15516197	15516655	LTR/ERV1	3339	+	229	15516426	1583
chr19	15514843	15714843	harbor1	chr19	15583013	15583221	LTR/ERV1	935	+	104	15583117	68274
chr19	42597396	42797396	harbor1	chr19	42609481	42609664	LTR/ERV1	879	+	92	42609573	12177
chr19	42597396	42797396	harbor1	chr19	42611305	42611501	LTR/ERV1	909	+	98	42611403	14007
chr19	42597396	42797396	harbor1	chr19	42611522	42611750	LTR/ERV1	1047	+	114	42611636	14240
chr19	42597396	42797396	harbor1	chr19	42611755	42612515	LTR/ERV1	5914	+	380	42612135	14739
chr19	42597396	42797396	harbor1	chr19	42612519	42613554	LTR/ERV1	2333	+	518	42613037	15641
chr19	42597396	42797396	harbor1	chr19	42613563	42614256	LTR/ERV1	4404	+	346	42613909	16513
chr19	42597396	42797396	harbor1	chr19	42615261	42616246	LTR/ERV1	4005	+	492	42615753	18357
chr19	42597396	42797396	harbor1	chr19	42616234	42616524	LTR/ERV1	5155	+	145	42616379	18983
chr19	42597396	42797396	harbor1	chr19	42616812	42617616	LTR/ERV1	6022	+	402	42617214	19818
chr19	42597396	42797396	harbor1	chr19	42618150	42619169	LTR/ERV1	6202	+	510	42618660	21264
chr19	42597396	42797396	harbor1	chr19	42627732	42628219	LTR/ERV1	3056	+	244	42627976	30580
chr19	42597396	42797396	harbor1	chr19	42628220	42628887	LTR/ERV1	4382	+	334	42628554	31158
chr19	42597396	42797396	harbor1	chr19	42628963	42629723	LTR/ERV1	4035	+	380	42629343	31947
chr19	42597396	42797396	harbor1	chr19	42645342	42645722	LTR/ERV1	954	+	190	42645532	48136
chr19	42597396	42797396	harbor1	chr19	42645731	42645924	LTR/ERV1	917	+	96	42645827	48431
chr19	42597396	42797396	harbor1	chr19	42671747	42673263	LTR/ERV1	6998	+	758	42672505	75109
chr19	42597396	42797396	harbor1	chr19	42674141	42674621	LTR/ERV1	2371	+	240	42674381	76985
chr19	42597396	42797396	harbor1	chr19	42674629	42674832	LTR/ERV1	746	+	102	42674731	77335
chr19	42597396	42797396	harbor1	chr19	42614575	42614940	LTR/ERV1	4005	+	182	42614757	17361
chr19	39573345	39773345	harbor1	chr19	39670958	39671394	LTR/ERV1	2150	+	218	39671176	97831
chr19	39573345	39773345	harbor1	chr19	39671694	39671863	LTR/ERV1	975	+	84	39671778	98433
chr19	39573345	39773345	harbor1	chr19	39671948	39672111	LTR/ERV1	862	+	82	39672030	98685
chr19	39573345	39773345	harbor1	chr19	39672138	39673008	LTR/ERV1	4569	+	435	39672573	99228
chr19	9288968	9488968	harbor1	chr19	9301560	9301738	LTR/ERV1	818	+	89	9301649	12681
chr19	9288968	9488968	harbor1	chr19	9323409	9324010	LTR/ERV1	3249	+	300	9323709	34741
chr19	9288968	9488968	harbor1	chr19	9321217	9322843	LTR/ERV1	9314	+	813	9322030	33062
chr19	32960105	33160105	harbor1	chr19	32996345	32996866	LTR/ERV1	2647	+	260	32996605	36500
chr19	32960105	33160105	harbor1	chr19	33035599	33035834	LTR/ERV1	1861	+	118	33035717	75612
chr19	32960105	33160105	harbor1	chr19	33036146	33036186	LTR/ERV1	1861	+	20	33036166	76061
chr19	32960105	33160105	harbor1	chr19	33036456	33037857	LTR/ERV1	10276	+	700	33037156	77051
chr19	43442362	43642362	harbor1	chr19	43445526	43445937	LTR/ERV1	1299	+	206	43445732	3370
chr19	43442362	43642362	harbor1	chr19	43448280	43448528	LTR/ERV1	1344	+	124	43448404	6042
chr19	43442362	43642362	harbor1	chr19	43467912	43468218	LTR/ERV1	1742	+	153	43468065	25703
chr19	43442362	43642362	harbor1	chr19	43468506	43468636	LTR/ERV1	1742	+	65	43468571	26209
chr19	43442362	43642362	harbor1	chr19	43528344	43528498	LTR/ERV1	698	+	77	43528421	86059
chr19	8639289	8839289	harbor1	chr19	8705014	8705035	LTR/ERV1	748	+	10	8705024	65735
chr19	8639289	8839289	harbor1	chr19	8705783	8705909	LTR/ERV1	748	+	63	8705846	66557
chr19	8639289	8839289	harbor1	chr19	8706002	8706284	LTR/ERV1	1558	+	141	8706143	66854
chr19	39420354	39620354	harbor1	chr19	39493404	39493821	LTR/ERV1	2601	+	208	39493612	73258
chr19	23513088	23713088	harbor1	chr19	23520080	23520214	LTR/ERV1	811	+	67	23520147	7059
chr19	23513088	23713088	harbor1	chr19	23549493	23549907	LTR/ERV1	2143	+	207	23549700	36612
chr19	23513088	23713088	harbor1	chr19	23549908	23550417	LTR/ERV1	1076	+	254	23550162	37074
chr19	23513088	23713088	harbor1	chr19	23550441	23553364	LTR/ERV1	15718	+	1462	23551903	38815
chr19	23513088	23713088	harbor1	chr19	23553332	23553878	LTR/ERV1	2239	+	273	23553605	40517
chr19	23513088	23713088	harbor1	chr19	23553855	23554044	LTR/ERV1	1189	+	94	23553949	40861
chr19	23513088	23713088	harbor1	chr19	23554096	23554632	LTR/ERV1	3442	+	268	23554364	41276
chr19	23513088	23713088	harbor1	chr19	23554633	23555054	LTR/ERV1	2129	+	210	23554843	41755
chr19	23513088	23713088	harbor1	chr19	23568981	23569385	LTR/ERV1	1762	+	202	23569183	56095
chr19	23513088	23713088	harbor1	chr19	23569671	23569701	LTR/ERV1	1762	+	15	23569686	56598
chr19	23513088	23713088	harbor1	chr19	23570966	23571436	LTR/ERV1	1587	+	235	23571201	58113
chr19	23513088	23713088	harbor1	chr19	23579430	23579624	LTR/ERV1	1397	+	97	23579527	66439
chr19	23513088	23713088	harbor1	chr19	23579926	23580222	LTR/ERV1	1397	+	148	23580074	66986
chr19	38911780	39111780	harbor1	chr19	38950611	38950795	LTR/ERV1	1806	+	92	38950703	38923
chr19	38911780	39111780	harbor1	chr19	38951090	38951200	LTR/ERV1	1806	+	55	38951145	39365
chr19	38911780	39111780	harbor1	chr19	38951477	38951647	LTR/ERV1	947	+	85	38951562	39782
chr19	38911780	39111780	harbor1	chr19	38952247	38952294	LTR/ERV1	947	+	24	38952271	40491
chr19	38911780	39111780	harbor1	chr19	38979964	38980181	LTR/ERV1	6192	+	108	38980072	68292
chr19	38911780	39111780	harbor1	chr19	38980490	38981380	LTR/ERV1	6192	+	445	38980935	69155
chr19	38911780	39111780	harbor1	chr19	38994369	38994435	LTR/ERV1	2462	+	33	38994402	82622
chr19	38911780	39111780	harbor1	chr19	38994744	38994927	LTR/ERV1	2462	+	92	38994836	83056
chr19	38911780	39111780	harbor1	chr19	38995238	38995609	LTR/ERV1	2462	+	186	38995424	83644
chr19	38911780	39111780	harbor1	chr19	39010477	39010955	LTR/ERV1	2281	+	239	39010716	98936
chr19	2951870	3151870	harbor1	chr19	2953014	2953324	LTR/ERV1	849	+	155	2953169	1299
chr19	2951870	3151870	harbor1	chr19	2954232	2954585	LTR/ERV1	2373	+	176	2954408	2538
chr19	2951870	3151870	harbor1	chr19	2966067	2966125	LTR/ERV1	1465	+	29	2966096	14226
chr19	2951870	3151870	harbor1	chr19	2966732	2966825	LTR/ERV1	1465	+	46	2966778	14908
chr19	2951870	3151870	harbor1	chr19	2967137	2967166	LTR/ERV1	1465	+	14	2967151	15281
chr19	2951870	3151870	harbor1	chr19	2967763	2967826	LTR/ERV1	1465	+	32	2967795	15925
chr19	2951870	3151870	harbor1	chr19	2968134	2968340	LTR/ERV1	1465	+	103	2968237	16367
chr19	2951870	3151870	harbor1	chr19	2969520	2969561	LTR/ERV1	973	+	20	2969540	17670
chr19	2951870	3151870	harbor1	chr19	2969866	2969899	LTR/ERV1	973	+	16	2969882	18012
chr19	2951870	3151870	harbor1	chr19	2970209	2970350	LTR/ERV1	973	+	70	2970279	18409
chr19	54249566	54449566	harbor1	chr19	54316849	54317278	LTR/ERV1	2154	+	214	54317063	67497
chr19	54249566	54449566	harbor1	chr19	54317577	54317651	LTR/ERV1	2154	+	37	54317614	68048
chr19	54249566	54449566	harbor1	chr19	54317652	54318217	LTR/ERV1	1267	+	282	54317934	68368
chr19	28418004	28618004	harbor1	chr19	28423644	28424111	LTR/ERV1	2484	+	234	28423878	5874
chr19	28418004	28618004	harbor1	chr19	28429264	28429653	LTR/ERV1	2360	+	194	28429458	11454
chr19	28418004	28618004	harbor1	chr19	28429941	28430084	LTR/ERV1	2360	+	72	28430013	12009
chr19	28418004	28618004	harbor1	chr19	28444762	28445468	LTR/ERV1	3247	+	353	28445115	27111
chr19	28418004	28618004	harbor1	chr19	28445470	28446407	LTR/ERV1	10303	+	468	28445938	27934
chr19	28418004	28618004	harbor1	chr19	28446408	28447026	LTR/ERV1	4007	+	309	28446717	28713
chr19	28418004	28618004	harbor1	chr19	28447027	28448940	LTR/ERV1	10303	+	956	28447983	29979
chr19	28418004	28618004	harbor1	chr19	28449246	28449610	LTR/ERV1	10303	+	182	28449428	31424
chr19	28418004	28618004	harbor1	chr19	28449583	28450049	LTR/ERV1	1930	+	233	28449816	31812
chr19	28418004	28618004	harbor1	chr19	28450072	28450451	LTR/ERV1	1924	+	190	28450262	32258
chr19	28418004	28618004	harbor1	chr19	28450452	28451183	LTR/ERV1	2909	+	366	28450818	32814
chr19	28418004	28618004	harbor1	chr19	28451182	28452052	LTR/ERV1	6079	+	435	28451617	33613
chr19	28418004	28618004	harbor1	chr19	28452053	28452186	LTR/ERV1	660	+	66	28452119	34115
chr19	28418004	28618004	harbor1	chr19	28452204	28452264	LTR/ERV1	2298	+	30	28452234	34230
chr19	28418004	28618004	harbor1	chr19	28452546	28452827	LTR/ERV1	2298	+	140	28452686	34682
chr19	28418004	28618004	harbor1	chr19	28452828	28453464	LTR/ERV1	3128	+	318	28453146	35142
chr19	28418004	28618004	harbor1	chr19	28458180	28458663	LTR/ERV1	1548	+	242	28458422	40418
chr19	28418004	28618004	harbor1	chr19	28482092	28482610	LTR/ERV1	1607	+	259	28482351	64347
chr19	28418004	28618004	harbor1	chr19	28508471	28508545	LTR/ERV1	1682	+	37	28508508	90504
chr19	28418004	28618004	harbor1	chr19	28458672	28459194	LTR/ERV1	2845	+	261	28458933	40929
chr19	28418004	28618004	harbor1	chr19	28507715	28508187	LTR/ERV1	1682	+	236	28507951	89947
chr19	49692461	49892461	harbor1	chr19	49718672	49718801	LTR/ERV1	1603	+	64	49718736	26275
chr19	49692461	49892461	harbor1	chr19	49719110	49719414	LTR/ERV1	1603	+	152	49719262	26801
chr19	49692461	49892461	harbor1	chr19	49720688	49720863	LTR/ERV1	654	+	88	49720776	28315
chr19	49692461	49892461	harbor1	chr19	49722055	49722327	LTR/ERV1	1301	+	136	49722191	29730
chr19	49692461	49892461	harbor1	chr19	49724251	49724442	LTR/ERV1	911	+	96	49724347	31886
chr19	49692461	49892461	harbor1	chr19	49727163	49727741	LTR/ERV1	3887	+	289	49727452	34991
chr19	49692461	49892461	harbor1	chr19	49727742	49728063	LTR/ERV1	2039	+	160	49727902	35441
chr19	49692461	49892461	harbor1	chr19	49728379	49728810	LTR/ERV1	1746	+	216	49728595	36134
chr19	41567792	41767792	harbor1	chr19	41639975	41640224	LTR/ERV1	1063	+	124	41640099	72307
chr19	41617577	41817577	harbor1	chr19	41639975	41640224	LTR/ERV1	1063	+	124	41640099	22522
chr19	13917557	14117557	harbor1	chr19	14009261	14009418	LTR/ERV1	3338	+	78	14009339	91782
chr19	13917557	14117557	harbor1	chr19	14010049	14010300	LTR/ERV1	3338	+	126	14010175	92618
chr19	13917557	14117557	harbor1	chr19	14010598	14010679	LTR/ERV1	3338	+	40	14010638	93081
chr19	13917557	14117557	harbor1	chr19	14010983	14011054	LTR/ERV1	3338	+	36	14011019	93462
chr19	35022231	35222231	harbor1	chr19	35072592	35072837	LTR/ERV1	1880	+	122	35072714	50483
chr19	35022231	35222231	harbor1	chr19	35072838	35072967	LTR/ERV1	1343	+	64	35072902	50671
chr19	35022231	35222231	harbor1	chr19	35073279	35073370	LTR/ERV1	1343	+	46	35073325	51094
chr19	42004847	42204847	harbor1	chr19	42020458	42020881	LTR/ERV1	3466	+	212	42020670	15823
chr19	7477180	7677180	harbor1	chr19	7489637	7489849	LTR/ERV1	1034	+	106	7489743	12563
chr19	7477180	7677180	harbor1	chr19	7490158	7490308	LTR/ERV1	639	+	75	7490233	13053
chr19	7477180	7677180	harbor1	chr19	7494663	7494972	LTR/ERV1	1506	+	154	7494817	17637
chr19	52221263	52421263	harbor1	chr19	52266412	52267001	LTR/ERV1	2263	+	294	52266706	45443
chr19	47792511	47992511	harbor1	chr19	47892220	47892697	LTR/ERV1	944	+	238	47892458	99947
chr19	55887288	56087288	harbor1	chr19	55937793	55938330	LTR/ERV1	4044	+	268	55938061	50773
chr19	15572366	15772366	harbor1	chr19	15583013	15583221	LTR/ERV1	935	+	104	15583117	10751
chr19	6210428	6410428	harbor1	chr19	6285805	6287690	LTR/ERV1	7881	+	942	6286747	76319
chr19	6210428	6410428	harbor1	chr19	6287691	6288167	LTR/ERV1	3142	+	238	6287929	77501
chr19	6210428	6410428	harbor1	chr19	6288322	6288366	LTR/ERV1	3142	+	22	6288344	77916
chr19	6210428	6410428	harbor1	chr19	6288648	6288740	LTR/ERV1	3142	+	46	6288694	78266
chr19	6210428	6410428	harbor1	chr19	6288862	6289357	LTR/ERV1	9058	+	248	6289110	78682
chr19	6210428	6410428	harbor1	chr19	6289655	6289846	LTR/ERV1	9058	+	96	6289751	79323
chr19	6210428	6410428	harbor1	chr19	6290460	6291235	LTR/ERV1	9058	+	388	6290848	80420
chr19	6210428	6410428	harbor1	chr19	6291798	6292476	LTR/ERV1	4085	+	339	6292137	81709
chr19	6210428	6410428	harbor1	chr19	6292791	6292960	LTR/ERV1	4085	+	84	6292875	82447
chr19	6210428	6410428	harbor1	chr19	6293022	6293177	LTR/ERV1	795	+	78	6293100	82672
chr19	6210428	6410428	harbor1	chr19	6293180	6293246	LTR/ERV1	2144	+	33	6293213	82785
chr19	6210428	6410428	harbor1	chr19	6293545	6293574	LTR/ERV1	2144	+	14	6293559	83131
chr19	6210428	6410428	harbor1	chr19	6293883	6294319	LTR/ERV1	5269	+	218	6294101	83673
chr19	6210428	6410428	harbor1	chr19	6294652	6295406	LTR/ERV1	5269	+	377	6295029	84601
chr19	6210428	6410428	harbor1	chr19	6295708	6296211	LTR/ERV1	5269	+	252	6295960	85532
chr19	6210428	6410428	harbor1	chr19	6296522	6296744	LTR/ERV1	2325	+	111	6296633	86205
chr19	6210428	6410428	harbor1	chr19	6296800	6296959	LTR/ERV1	1247	+	80	6296880	86452
chr19	6210428	6410428	harbor1	chr19	6297254	6297305	LTR/ERV1	1247	+	26	6297280	86852
chr19	6210428	6410428	harbor1	chr19	6297320	6298831	LTR/ERV1	7198	+	756	6298076	87648
chr19	54022377	54222377	harbor1	chr19	54037997	54038539	LTR/ERV1	3433	+	271	54038268	15891
chr19	54022377	54222377	harbor1	chr19	54088792	54088941	LTR/ERV1	753	+	74	54088866	66489
chr19	46010944	46210944	harbor1	chr19	46032062	46033848	LTR/ERV1	8350	+	893	46032955	22011
chr19	46010944	46210944	harbor1	chr19	46036206	46037217	LTR/ERV1	2837	+	506	46036712	25768
chr19	46010944	46210944	harbor1	chr19	46079791	46080252	LTR/ERV1	836	+	230	46080021	69077
chr19	46010944	46210944	harbor1	chr19	46080408	46080481	LTR/ERV1	836	+	36	46080444	69500
chr19	46010944	46210944	harbor1	chr19	46109975	46110374	LTR/ERV1	961	+	200	46110175	99231
chr19	56370133	56570133	harbor1	chr19	56371246	56371881	LTR/ERV1	4799	+	318	56371564	1431
chr19	56370133	56570133	harbor1	chr19	56398731	56399240	LTR/ERV1	1873	+	254	56398985	28852
chr19	56370133	56570133	harbor1	chr19	56400216	56400746	LTR/ERV1	2905	+	265	56400481	30348
chr19	56370133	56570133	harbor1	chr19	56400973	56401001	LTR/ERV1	3929	+	14	56400987	30854
chr19	56370133	56570133	harbor1	chr19	56401308	56401884	LTR/ERV1	3929	+	288	56401596	31463
chr19	56370133	56570133	harbor1	chr19	56401924	56402228	LTR/ERV1	1609	+	152	56402076	31943
chr19	56370133	56570133	harbor1	chr19	56466899	56467062	LTR/ERV1	1054	+	82	56466981	96848
chr19	56370133	56570133	harbor1	chr19	56468269	56468678	LTR/ERV1	2259	+	204	56468473	98340
chr19	28651332	28851332	harbor1	chr19	28742104	28744022	LTR/ERV1	5618	+	959	28743063	91731
chr19	28651332	28851332	harbor1	chr19	28744038	28744511	LTR/ERV1	2093	+	236	28744274	92942
chr19	28651332	28851332	harbor1	chr19	28744509	28744753	LTR/ERV1	814	+	122	28744631	93299
chr19	28651332	28851332	harbor1	chr19	28744777	28745399	LTR/ERV1	1793	+	311	28745088	93756
chr19	54840869	55040869	harbor1	chr19	54916015	54916212	LTR/ERV1	1216	+	98	54916113	75244
chr19	53316204	53516204	harbor1	chr19	53328221	53328870	LTR/ERV1	3482	+	324	53328545	12341
chr19	53316204	53516204	harbor1	chr19	53331137	53331381	LTR/ERV1	1548	+	122	53331259	15055
chr19	53316204	53516204	harbor1	chr19	53331766	53331827	LTR/ERV1	926	+	30	53331796	15592
chr19	53316204	53516204	harbor1	chr19	53332138	53332294	LTR/ERV1	926	+	78	53332216	16012
chr19	53316204	53516204	harbor1	chr19	53356553	53356647	LTR/ERV1	776	+	47	53356600	40396
chr19	53316204	53516204	harbor1	chr19	53356955	53357109	LTR/ERV1	776	+	77	53357032	40828
chr19	53316204	53516204	harbor1	chr19	53357808	53357982	LTR/ERV1	1269	+	87	53357895	41691
chr19	53316204	53516204	harbor1	chr19	53358908	53359094	LTR/ERV1	1018	+	93	53359001	42797
chr19	53316204	53516204	harbor1	chr19	53386868	53386992	LTR/ERV1	3147	+	62	53386930	70726
chr19	53316204	53516204	harbor1	chr19	53387288	53387546	LTR/ERV1	3147	+	129	53387417	71213
chr19	53316204	53516204	harbor1	chr19	53387853	53388147	LTR/ERV1	3147	+	147	53388000	71796
chr19	53316204	53516204	harbor1	chr19	53389035	53389242	LTR/ERV1	1374	+	104	53389139	72935
chr19	53316204	53516204	harbor1	chr19	53389335	53389605	LTR/ERV1	1374	+	135	53389470	73266
chr19	53316204	53516204	harbor1	chr19	53392391	53392558	LTR/ERV1	809	+	84	53392475	76271
chr19	53316204	53516204	harbor1	chr19	53392534	53392646	LTR/ERV1	661	+	56	53392590	76386
chr19	53316204	53516204	harbor1	chr19	53392647	53392715	LTR/ERV1	1924	+	34	53392681	76477
chr19	53316204	53516204	harbor1	chr19	53393243	53393610	LTR/ERV1	1924	+	184	53393427	77223
chr19	53316204	53516204	harbor1	chr19	53393612	53394055	LTR/ERV1	1638	+	222	53393834	77630
chr19	53316204	53516204	harbor1	chr19	53413823	53413936	LTR/ERV1	696	+	56	53413879	97675
chr19	8935483	9135483	harbor1	chr19	8995644	8996019	LTR/ERV1	2072	+	188	8995832	60349
chr19	8935483	9135483	harbor1	chr19	9003082	9003201	LTR/ERV1	3837	+	60	9003142	67659
chr19	8935483	9135483	harbor1	chr19	9003513	9003845	LTR/ERV1	3837	+	166	9003679	68196
chr19	8935483	9135483	harbor1	chr19	9004153	9004458	LTR/ERV1	3837	+	152	9004305	68822
chr19	36324180	36524180	harbor1	chr19	36404187	36404883	LTR/ERV1	1745	+	348	36404535	80355
chr19	37397279	37597279	harbor1	chr19	37434586	37435014	LTR/ERV1	3427	+	214	37434800	37521
chr19	20788795	20988795	harbor1	chr19	20852165	20852256	LTR/ERV1	729	+	46	20852211	63416
chr19	20788795	20988795	harbor1	chr19	20857639	20858139	LTR/ERV1	3874	+	250	20857889	69094
chr19	20788795	20988795	harbor1	chr19	20858142	20858955	LTR/ERV1	3068	+	406	20858548	69753
chr19	20788795	20988795	harbor1	chr19	20859475	20859647	LTR/ERV1	1379	+	86	20859561	70766
chr19	20788795	20988795	harbor1	chr19	20860011	20862513	LTR/ERV1	8917	+	1251	20861262	72467
chr19	5675194	5875194	harbor1	chr19	5675497	5675810	LTR/ERV1	1837	+	156	5675653	459
chr19	38677511	38877511	harbor1	chr19	38689885	38690646	LTR/ERV1	5273	+	380	38690265	12754
chr19	38677511	38877511	harbor1	chr19	38750493	38753013	LTR/ERV1	15638	+	1260	38751753	74242
chr19	38677511	38877511	harbor1	chr19	38753008	38753155	LTR/ERV1	825	+	74	38753082	75571
chr19	38677511	38877511	harbor1	chr19	38753146	38753648	LTR/ERV1	3220	+	251	38753397	75886
chr19	38677511	38877511	harbor1	chr19	38753651	38754296	LTR/ERV1	2602	+	322	38753973	76462
chr19	38677511	38877511	harbor1	chr19	38754298	38754514	LTR/ERV1	1211	+	108	38754406	76895
chr19	38677511	38877511	harbor1	chr19	38754515	38754888	LTR/ERV1	2246	+	186	38754701	77190
chr19	38677511	38877511	harbor1	chr19	38754889	38755295	LTR/ERV1	2713	+	203	38755092	77581
chr19	38677511	38877511	harbor1	chr19	38759648	38759886	LTR/ERV1	1102	+	119	38759767	82256
chr19	58502411	58702411	harbor1	chr19	58528021	58528377	LTR/ERV1	2543	+	178	58528199	25788
chr19	52122439	52322439	harbor1	chr19	52141845	52142566	LTR/ERV1	4095	+	360	52142205	19766
chr19	52122439	52322439	harbor1	chr19	52146518	52147147	LTR/ERV1	3515	+	314	52146832	24393
chr19	52122439	52322439	harbor1	chr19	52147163	52147565	LTR/ERV1	2598	+	201	52147364	24925
chr19	52122439	52322439	harbor1	chr19	52147866	52147969	LTR/ERV1	2598	+	52	52147918	25479
chr19	52122439	52322439	harbor1	chr19	52148062	52148503	LTR/ERV1	1657	+	220	52148282	25843
chr19	52122439	52322439	harbor1	chr19	52148502	52148700	LTR/ERV1	6690	+	99	52148601	26162
chr19	52122439	52322439	harbor1	chr19	52148995	52150045	LTR/ERV1	6690	+	525	52149520	27081
chr19	52122439	52322439	harbor1	chr19	52150658	52150874	LTR/ERV1	7496	+	108	52150766	28327
chr19	52122439	52322439	harbor1	chr19	52151171	52152215	LTR/ERV1	7496	+	522	52151693	29254
chr19	52122439	52322439	harbor1	chr19	52178038	52178348	LTR/ERV1	2107	+	155	52178193	55754
chr19	52122439	52322439	harbor1	chr19	52178653	52178713	LTR/ERV1	2107	+	30	52178683	56244
chr19	28012743	28212743	harbor1	chr19	28014541	28014992	LTR/ERV1	2183	+	226	28014767	2024
chr19	28012743	28212743	harbor1	chr19	28025875	28026264	LTR/ERV1	1810	+	194	28026069	13326
chr19	28012743	28212743	harbor1	chr19	28027008	28027026	LTR/ERV1	1810	+	9	28027017	14274
chr19	28012743	28212743	harbor1	chr19	28027612	28027747	LTR/ERV1	703	+	68	28027680	14937
chr19	28012743	28212743	harbor1	chr19	28027972	28028344	LTR/ERV1	2800	+	186	28028158	15415
chr19	28012743	28212743	harbor1	chr19	28028379	28028542	LTR/ERV1	2800	+	82	28028461	15718
chr19	28012743	28212743	harbor1	chr19	28028976	28029596	LTR/ERV1	4476	+	310	28029286	16543
chr19	28012743	28212743	harbor1	chr19	28033059	28033681	LTR/ERV1	2100	+	311	28033370	20627
chr19	28012743	28212743	harbor1	chr19	28068296	28068816	LTR/ERV1	1515	+	260	28068556	55813
chr19	28012743	28212743	harbor1	chr19	28068816	28069565	LTR/ERV1	4308	+	374	28069190	56447
chr19	28012743	28212743	harbor1	chr19	28069878	28070626	LTR/ERV1	4308	+	374	28070252	57509
chr19	28012743	28212743	harbor1	chr19	28070627	28070830	LTR/ERV1	816	+	102	28070729	57986
chr19	28012743	28212743	harbor1	chr19	28071134	28071575	LTR/ERV1	1484	+	220	28071354	58611
chr19	28012743	28212743	harbor1	chr19	28078404	28078880	LTR/ERV1	1696	+	238	28078642	65899
chr19	28012743	28212743	harbor1	chr19	28093627	28094502	LTR/ERV1	4995	+	438	28094065	81322
chr19	28012743	28212743	harbor1	chr19	28098328	28098764	LTR/ERV1	2302	+	218	28098546	85803
chr19	11736611	11936611	harbor1	chr19	11738025	11738525	LTR/ERV1	1004	+	250	11738275	1664
chr19	11736611	11936611	harbor1	chr19	11741933	11742494	LTR/ERV1	5354	+	280	11742213	5602
chr19	11736611	11936611	harbor1	chr19	11742804	11743392	LTR/ERV1	5354	+	294	11743098	6487
chr19	11736611	11936611	harbor1	chr19	11743723	11743896	LTR/ERV1	5354	+	86	11743809	7198
chr19	11736611	11936611	harbor1	chr19	11744013	11744151	LTR/ERV1	663	+	69	11744082	7471
chr19	11736611	11936611	harbor1	chr19	11794168	11794683	LTR/ERV1	3799	+	258	11794426	57815
chr19	33238845	33438845	harbor1	chr19	33336556	33336682	LTR/ERV1	629	+	63	33336619	97774
chr19	32512019	32712019	harbor1	chr19	32532240	32532481	LTR/ERV1	659	+	120	32532360	20341
chr19	32512019	32712019	harbor1	chr19	32558683	32559148	LTR/ERV1	2043	+	232	32558915	46896
chr19	32512019	32712019	harbor1	chr19	32571408	32573114	LTR/ERV1	10526	+	853	32572261	60242
chr19	32512019	32712019	harbor1	chr19	32573284	32573766	LTR/ERV1	2775	+	241	32573525	61506
chr19	93271	293271	harbor1	chr19	177648	177928	LTR/ERV1	821	+	140	177788	84517
chr19	49526081	49726081	harbor1	chr19	49579292	49579734	LTR/ERV1	2218	+	221	49579513	53432
chr19	8977792	9177792	harbor1	chr19	8995644	8996019	LTR/ERV1	2072	+	188	8995832	18040
chr19	8977792	9177792	harbor1	chr19	9003082	9003201	LTR/ERV1	3837	+	60	9003142	25350
chr19	8977792	9177792	harbor1	chr19	9003513	9003845	LTR/ERV1	3837	+	166	9003679	25887
chr19	8977792	9177792	harbor1	chr19	9004153	9004458	LTR/ERV1	3837	+	152	9004305	26513
chr19	8977792	9177792	harbor1	chr19	9044513	9044699	LTR/ERV1	1224	+	93	9044606	66814
chr19	8977792	9177792	harbor1	chr19	9053595	9054271	LTR/ERV1	4409	+	338	9053933	76141
chr19	8977792	9177792	harbor1	chr19	9059311	9059590	LTR/ERV1	1778	+	140	9059451	81659
chr19	8977792	9177792	harbor1	chr19	9059894	9059907	LTR/ERV1	1778	+	6	9059900	82108
chr19	8977792	9177792	harbor1	chr19	9060852	9061034	LTR/ERV1	1778	+	91	9060943	83151
chr19	8977792	9177792	harbor1	chr19	9071193	9071534	LTR/ERV1	1587	+	170	9071363	93571
chr19	11660679	11860679	harbor1	chr19	11686867	11687687	LTR/ERV1	4854	+	410	11687277	26598
chr19	11660679	11860679	harbor1	chr19	11687688	11687964	LTR/ERV1	1258	+	138	11687826	27147
chr19	11660679	11860679	harbor1	chr19	11688476	11688653	LTR/ERV1	2306	+	88	11688564	27885
chr19	11660679	11860679	harbor1	chr19	11688952	11689254	LTR/ERV1	2306	+	151	11689103	28424
chr19	11660679	11860679	harbor1	chr19	11692277	11692462	LTR/ERV1	1406	+	92	11692369	31690
chr19	11660679	11860679	harbor1	chr19	11697763	11698062	LTR/ERV1	3900	+	150	11697913	37234
chr19	11660679	11860679	harbor1	chr19	11698357	11698692	LTR/ERV1	3900	+	168	11698525	37846
chr19	11660679	11860679	harbor1	chr19	11705138	11705440	LTR/ERV1	1370	+	151	11705289	44610
chr19	11660679	11860679	harbor1	chr19	11705572	11705885	LTR/ERV1	1190	+	156	11705728	45049
chr19	11660679	11860679	harbor1	chr19	11733885	11733952	LTR/ERV1	1082	+	34	11733919	73240
chr19	11660679	11860679	harbor1	chr19	11734271	11734543	LTR/ERV1	1082	+	136	11734407	73728
chr19	11660679	11860679	harbor1	chr19	11734834	11734992	LTR/ERV1	1082	+	79	11734913	74234
chr19	11660679	11860679	harbor1	chr19	11735305	11735425	LTR/ERV1	1082	+	60	11735365	74686
chr19	11660679	11860679	harbor1	chr19	11738025	11738525	LTR/ERV1	1004	+	250	11738275	77596
chr19	11660679	11860679	harbor1	chr19	11741933	11742494	LTR/ERV1	5354	+	280	11742213	81534
chr19	11660679	11860679	harbor1	chr19	11742804	11743392	LTR/ERV1	5354	+	294	11743098	82419
chr19	11660679	11860679	harbor1	chr19	11743723	11743896	LTR/ERV1	5354	+	86	11743809	83130
chr19	11660679	11860679	harbor1	chr19	11744013	11744151	LTR/ERV1	663	+	69	11744082	83403
chr19	56017306	56217306	harbor1	chr19	56078017	56078243	LTR/ERV1	1152	+	113	56078130	60824
chr19	5543445	5743445	harbor1	chr19	5548576	5549016	LTR/ERV1	3815	+	220	5548796	5351
chr19	5543445	5743445	harbor1	chr19	5549017	5551892	LTR/ERV1	15423	+	1438	5550455	7010
chr19	5543445	5743445	harbor1	chr19	5551872	5552016	LTR/ERV1	835	+	72	5551944	8499
chr19	5543445	5743445	harbor1	chr19	5552007	5552168	LTR/ERV1	1037	+	80	5552087	8642
chr19	5543445	5743445	harbor1	chr19	5552161	5552771	LTR/ERV1	4429	+	305	5552466	9021
chr19	5543445	5743445	harbor1	chr19	5552772	5553212	LTR/ERV1	3809	+	220	5552992	9547
chr19	13485073	13685073	harbor1	chr19	13537390	13538014	LTR/ERV1	3470	+	312	13537702	52629
chr19	30078968	30278968	harbor1	chr19	30100149	30100590	LTR/ERV1	1849	+	220	30100369	21401
chr19	30078968	30278968	harbor1	chr19	30160052	30160580	LTR/ERV1	2946	+	264	30160316	81348
chr19	30078968	30278968	harbor1	chr19	30176414	30177006	LTR/ERV1	3284	+	296	30176710	97742
chr19	57906972	58106972	harbor1	chr19	57915507	57916213	LTR/ERV1	3085	+	353	57915860	8888
chr19	57906972	58106972	harbor1	chr19	57917557	57917966	LTR/ERV1	2932	+	204	57917761	10789
chr19	57906972	58106972	harbor1	chr19	57918246	57918301	LTR/ERV1	2932	+	28	57918274	11302
chr19	57906972	58106972	harbor1	chr19	57918767	57919313	LTR/ERV1	4278	+	273	57919040	12068
chr19	57906972	58106972	harbor1	chr19	57919621	57919669	LTR/ERV1	4278	+	24	57919645	12673
chr19	57906972	58106972	harbor1	chr19	57970090	57970535	LTR/ERV1	2480	+	222	57970312	63340
chr19	57906972	58106972	harbor1	chr19	58005243	58005785	LTR/ERV1	2473	+	271	58005514	98542
chr19	54467829	54667829	harbor1	chr19	54544989	54545455	LTR/ERV1	1656	+	233	54545222	77393
chr19	54467829	54667829	harbor1	chr19	54545769	54546070	LTR/ERV1	1656	+	150	54545919	78090
chr19	29633896	29833896	harbor1	chr19	29643732	29643909	LTR/ERV1	4470	+	88	29643820	9924
chr19	29633896	29833896	harbor1	chr19	29644213	29644573	LTR/ERV1	4470	+	180	29644393	10497
chr19	29633896	29833896	harbor1	chr19	29644878	29644997	LTR/ERV1	4470	+	60	29644938	11042
chr19	29633896	29833896	harbor1	chr19	29712459	29712851	LTR/ERV1	1363	+	196	29712655	78759
chr19	29633896	29833896	harbor1	chr19	29727319	29727514	LTR/ERV1	4955	+	98	29727417	93521
chr19	29633896	29833896	harbor1	chr19	29727807	29728549	LTR/ERV1	4955	+	371	29728178	94282
chr19	20941815	21141815	harbor1	chr19	21002382	21002840	LTR/ERV1	3625	+	229	21002611	60796
chr19	20941815	21141815	harbor1	chr19	21005405	21007280	LTR/ERV1	23942	+	938	21006343	64528
chr19	20941815	21141815	harbor1	chr19	21007353	21007741	LTR/ERV1	2607	+	194	21007547	65732
chr19	20941815	21141815	harbor1	chr19	21008919	21009375	LTR/ERV1	3336	+	228	21009147	67332
chr19	20941815	21141815	harbor1	chr19	21009366	21010125	LTR/ERV1	5525	+	380	21009746	67931
chr19	20941815	21141815	harbor1	chr19	21010127	21010589	LTR/ERV1	3200	+	231	21010358	68543
chr19	20941815	21141815	harbor1	chr19	21012263	21012602	LTR/ERV1	12221	+	170	21012433	70618
chr19	20941815	21141815	harbor1	chr19	21012892	21012926	LTR/ERV1	12221	+	17	21012909	71094
chr19	20941815	21141815	harbor1	chr19	21012969	21013055	LTR/ERV1	12221	+	43	21013012	71197
chr19	20941815	21141815	harbor1	chr19	21013334	21013543	LTR/ERV1	12221	+	104	21013438	71623
chr19	20941815	21141815	harbor1	chr19	21013843	21014302	LTR/ERV1	12221	+	230	21014073	72258
chr19	20941815	21141815	harbor1	chr19	21014611	21015426	LTR/ERV1	12221	+	408	21015019	73204
chr19	20941815	21141815	harbor1	chr19	21015726	21016414	LTR/ERV1	12221	+	344	21016070	74255
chr19	20941815	21141815	harbor1	chr19	21016415	21016807	LTR/ERV1	1680	+	196	21016611	74796
chr19	20941815	21141815	harbor1	chr19	21002841	21005098	LTR/ERV1	23942	+	1128	21003969	62154
chr19	52111875	52311875	harbor1	chr19	52141845	52142566	LTR/ERV1	4095	+	360	52142205	30330
chr19	52111875	52311875	harbor1	chr19	52146518	52147147	LTR/ERV1	3515	+	314	52146832	34957
chr19	52111875	52311875	harbor1	chr19	52147163	52147565	LTR/ERV1	2598	+	201	52147364	35489
chr19	52111875	52311875	harbor1	chr19	52147866	52147969	LTR/ERV1	2598	+	52	52147918	36043
chr19	52111875	52311875	harbor1	chr19	52148062	52148503	LTR/ERV1	1657	+	220	52148282	36407
chr19	52111875	52311875	harbor1	chr19	52148502	52148700	LTR/ERV1	6690	+	99	52148601	36726
chr19	52111875	52311875	harbor1	chr19	52148995	52150045	LTR/ERV1	6690	+	525	52149520	37645
chr19	52111875	52311875	harbor1	chr19	52150658	52150874	LTR/ERV1	7496	+	108	52150766	38891
chr19	52111875	52311875	harbor1	chr19	52151171	52152215	LTR/ERV1	7496	+	522	52151693	39818
chr19	52111875	52311875	harbor1	chr19	52178038	52178348	LTR/ERV1	2107	+	155	52178193	66318
chr19	52111875	52311875	harbor1	chr19	52178653	52178713	LTR/ERV1	2107	+	30	52178683	66808
chr19	35290969	35490969	harbor1	chr19	35376179	35376584	LTR/ERV1	1887	+	202	35376381	85412
chr19	35290969	35490969	harbor1	chr19	35376900	35376975	LTR/ERV1	1887	+	38	35376938	85969
chr19	35290969	35490969	harbor1	chr19	35382450	35382947	LTR/ERV1	4161	+	248	35382698	91729
chr19	35290969	35490969	harbor1	chr19	35388427	35389187	LTR/ERV1	4980	+	380	35388807	97838
chr19	21522910	21722910	harbor1	chr19	21522910	21523790	LTR/ERV1	8329	+	440	21523350	440
chr19	21522910	21722910	harbor1	chr19	21526423	21526456	LTR/ERV1	1725	+	16	21526439	3529
chr19	21522910	21722910	harbor1	chr19	21526536	21526777	LTR/ERV1	1725	+	120	21526656	3746
chr19	21522910	21722910	harbor1	chr19	21564031	21564202	LTR/ERV1	1557	+	86	21564117	41207
chr19	21522910	21722910	harbor1	chr19	21564499	21564833	LTR/ERV1	1557	+	167	21564666	41756
chr19	21522910	21722910	harbor1	chr19	21567548	21567771	LTR/ERV1	1338	+	112	21567660	44750
chr19	21522910	21722910	harbor1	chr19	21600010	21600298	LTR/ERV1	1167	+	144	21600154	77244
chr19	21522910	21722910	harbor1	chr19	21600604	21600847	LTR/ERV1	1167	+	122	21600726	77816
chr19	21522910	21722910	harbor1	chr19	21602858	21603332	LTR/ERV1	3123	+	237	21603095	80185
chr19	21522910	21722910	harbor1	chr19	21603333	21604513	LTR/ERV1	5262	+	590	21603923	81013
chr19	21522910	21722910	harbor1	chr19	21604583	21605497	LTR/ERV1	2954	+	457	21605040	82130
chr19	21522910	21722910	harbor1	chr19	21605812	21606203	LTR/ERV1	2954	+	196	21606008	83098
chr19	21522910	21722910	harbor1	chr19	21607478	21609470	LTR/ERV1	11326	+	996	21608474	85564
chr19	21522910	21722910	harbor1	chr19	21609777	21610466	LTR/ERV1	11326	+	344	21610121	87211
chr19	21522910	21722910	harbor1	chr19	21612186	21612649	LTR/ERV1	2949	+	232	21612418	89508
chr19	21522910	21722910	harbor1	chr19	21615544	21615833	LTR/ERV1	1773	+	144	21615688	92778
chr19	21522910	21722910	harbor1	chr19	21616131	21616264	LTR/ERV1	1773	+	66	21616197	93287
chr19	21522910	21722910	harbor1	chr19	21619922	21620223	LTR/ERV1	1456	+	150	21620072	97162
chr19	21522910	21722910	harbor1	chr19	21621241	21621295	LTR/ERV1	1456	+	27	21621268	98358
chr19	21522910	21722910	harbor1	chr19	21610460	21612185	LTR/ERV1	12444	+	862	21611322	88412
chr19	53592477	53792477	harbor1	chr19	53639480	53639740	LTR/ERV1	991	+	130	53639610	47133
chr19	53592477	53792477	harbor1	chr19	53643595	53643649	LTR/ERV1	1491	+	27	53643622	51145
chr19	53592477	53792477	harbor1	chr19	53643953	53644374	LTR/ERV1	1491	+	210	53644163	51686
chr19	53592477	53792477	harbor1	chr19	53649590	53649702	LTR/ERV1	2538	+	56	53649646	57169
chr19	53592477	53792477	harbor1	chr19	53650003	53650321	LTR/ERV1	2538	+	159	53650162	57685
chr19	53592477	53792477	harbor1	chr19	53650784	53651296	LTR/ERV1	3603	+	256	53651040	58563
chr19	53592477	53792477	harbor1	chr19	53651601	53651695	LTR/ERV1	3603	+	47	53651648	59171
chr19	53592477	53792477	harbor1	chr19	53652325	53652499	LTR/ERV1	1305	+	87	53652412	59935
chr19	53592477	53792477	harbor1	chr19	53652492	53653225	LTR/ERV1	3119	+	366	53652858	60381
chr19	53592477	53792477	harbor1	chr19	53654339	53654487	LTR/ERV1	877	+	74	53654413	61936
chr19	53592477	53792477	harbor1	chr19	53654477	53654950	LTR/ERV1	1827	+	236	53654713	62236
chr19	53592477	53792477	harbor1	chr19	53655149	53655634	LTR/ERV1	1706	+	242	53655391	62914
chr19	30095508	30295508	harbor1	chr19	30100149	30100590	LTR/ERV1	1849	+	220	30100369	4861
chr19	30095508	30295508	harbor1	chr19	30160052	30160580	LTR/ERV1	2946	+	264	30160316	64808
chr19	30095508	30295508	harbor1	chr19	30176414	30177006	LTR/ERV1	3284	+	296	30176710	81202
chr19	6409173	6609173	harbor1	chr19	6492582	6492758	LTR/ERV1	3902	+	88	6492670	83497
chr19	6409173	6609173	harbor1	chr19	6493102	6493352	LTR/ERV1	3902	+	125	6493227	84054
chr19	6409173	6609173	harbor1	chr19	6493962	6494076	LTR/ERV1	3902	+	57	6494019	84846
chr19	6409173	6609173	harbor1	chr19	6505812	6506242	LTR/ERV1	3400	+	215	6506027	96854
chr20	37100629	37300629	harbor1	chr20	37134477	37134900	LTR/ERV1	2491	+	212	37134689	34060
chr20	63290085	63490085	harbor1	chr20	63340798	63341527	LTR/ERV1	5318	+	364	63341162	51077
chr20	63290085	63490085	harbor1	chr20	63379320	63380837	LTR/ERV1	5897	+	758	63380078	89993
chr20	14587768	14787768	harbor1	chr20	14631079	14631488	LTR/ERV1	1512	+	204	14631283	43515
chr20	14587768	14787768	harbor1	chr20	14631798	14631839	LTR/ERV1	1512	+	20	14631818	44050
chr20	9510451	9710451	harbor1	chr20	9549603	9550055	LTR/ERV1	2690	+	226	9549829	39378
chr20	9510451	9710451	harbor1	chr20	9594346	9594839	LTR/ERV1	3173	+	246	9594592	84141
chr20	745667	945667	harbor1	chr20	755228	755269	LTR/ERV1	4536	+	20	755248	9581
chr20	745667	945667	harbor1	chr20	755567	756208	LTR/ERV1	4536	+	320	755887	10220
chr20	745667	945667	harbor1	chr20	757784	758241	LTR/ERV1	2992	+	228	758012	12345
chr20	745667	945667	harbor1	chr20	758533	758720	LTR/ERV1	2992	+	94	758627	12960
chr20	745667	945667	harbor1	chr20	764580	765159	LTR/ERV1	2727	+	290	764870	19203
chr20	745667	945667	harbor1	chr20	766428	766795	LTR/ERV1	2254	+	184	766612	20945
chr20	745667	945667	harbor1	chr20	777771	778009	LTR/ERV1	2762	+	119	777890	32223
chr20	745667	945667	harbor1	chr20	778304	778606	LTR/ERV1	2762	+	151	778455	32788
chr20	745667	945667	harbor1	chr20	778881	779339	LTR/ERV1	5128	+	229	779110	33443
chr20	745667	945667	harbor1	chr20	779636	779869	LTR/ERV1	5128	+	116	779752	34085
chr20	745667	945667	harbor1	chr20	782252	782607	LTR/ERV1	8914	+	178	782430	36763
chr20	745667	945667	harbor1	chr20	782915	783751	LTR/ERV1	8914	+	418	783333	37666
chr20	745667	945667	harbor1	chr20	783752	784230	LTR/ERV1	3567	+	239	783991	38324
chr20	745667	945667	harbor1	chr20	790733	790907	LTR/ERV1	1185	+	87	790820	45153
chr20	745667	945667	harbor1	chr20	791046	791249	LTR/ERV1	1360	+	102	791148	45481
chr20	745667	945667	harbor1	chr20	791251	791457	LTR/ERV1	1713	+	103	791354	45687
chr20	745667	945667	harbor1	chr20	791515	791618	LTR/ERV1	817	+	52	791567	45900
chr20	745667	945667	harbor1	chr20	791619	791796	LTR/ERV1	1327	+	88	791707	46040
chr20	745667	945667	harbor1	chr20	791798	792307	LTR/ERV1	4033	+	254	792052	46385
chr20	745667	945667	harbor1	chr20	792308	799151	LTR/ERV1	64914	+	3422	795730	50063
chr20	745667	945667	harbor1	chr20	799462	800388	LTR/ERV1	64914	+	463	799925	54258
chr20	745667	945667	harbor1	chr20	800389	800945	LTR/ERV1	3736	+	278	800667	55000
chr20	745667	945667	harbor1	chr20	801091	801385	LTR/ERV1	1264	+	147	801238	55571
chr20	745667	945667	harbor1	chr20	801387	801570	LTR/ERV1	3973	+	92	801479	55812
chr20	745667	945667	harbor1	chr20	801905	802323	LTR/ERV1	3973	+	209	802114	56447
chr20	745667	945667	harbor1	chr20	804432	804639	LTR/ERV1	16791	+	104	804536	58869
chr20	745667	945667	harbor1	chr20	804852	807226	LTR/ERV1	16791	+	1187	806039	60372
chr20	745667	945667	harbor1	chr20	807534	807551	LTR/ERV1	16791	+	8	807542	61875
chr20	745667	945667	harbor1	chr20	807851	809815	LTR/ERV1	16791	+	982	808833	63166
chr20	745667	945667	harbor1	chr20	809817	810435	LTR/ERV1	3154	+	309	810126	64459
chr20	745667	945667	harbor1	chr20	810435	810734	LTR/ERV1	2368	+	150	810585	64918
chr20	745667	945667	harbor1	chr20	811040	811109	LTR/ERV1	2368	+	34	811074	65407
chr20	745667	945667	harbor1	chr20	813200	813847	LTR/ERV1	4329	+	324	813524	67857
chr20	745667	945667	harbor1	chr20	802729	803311	LTR/ERV1	5054	+	291	803020	57353
chr20	12831940	13031940	harbor1	chr20	12857582	12858349	LTR/ERV1	4768	+	384	12857966	26026
chr20	12831940	13031940	harbor1	chr20	12909736	12909983	LTR/ERV1	1189	+	124	12909860	77920
chr20	12831940	13031940	harbor1	chr20	12913178	12913555	LTR/ERV1	963	+	188	12913366	81426
chr20	12831940	13031940	harbor1	chr20	12913619	12913806	LTR/ERV1	405	+	94	12913713	81773
chr20	12831940	13031940	harbor1	chr20	12919289	12919666	LTR/ERV1	1039	+	188	12919477	87537
chr20	12831940	13031940	harbor1	chr20	12926359	12926922	LTR/ERV1	3973	+	282	12926641	94701
chr20	12831940	13031940	harbor1	chr20	12910282	12910734	LTR/ERV1	1606	+	226	12910508	78568
chr20	59911549	60111549	harbor1	chr20	59923953	59924461	LTR/ERV1	2799	+	254	59924207	12658
chr20	59911549	60111549	harbor1	chr20	59960353	59960394	LTR/ERV1	2438	+	20	59960373	48824
chr20	59911549	60111549	harbor1	chr20	59960422	59960827	LTR/ERV1	2438	+	202	59960624	49075
chr20	47896679	48096679	harbor1	chr20	47917525	47917961	LTR/ERV1	2427	+	218	47917743	21064
chr20	47896679	48096679	harbor1	chr20	47927991	47928429	LTR/ERV1	2182	+	219	47928210	31531
chr20	47896679	48096679	harbor1	chr20	47935900	47936210	LTR/ERV1	1261	+	155	47936055	39376
chr20	25075738	25275738	harbor1	chr20	25103055	25103500	LTR/ERV1	2683	+	222	25103277	27539
chr20	63189484	63389484	harbor1	chr20	63229165	63229502	LTR/ERV1	573	+	168	63229333	39849
chr20	63189484	63389484	harbor1	chr20	63229783	63230235	LTR/ERV1	2383	+	226	63230009	40525
chr20	295379	495379	harbor1	chr20	305100	305916	LTR/ERV1	5349	+	408	305508	10129
chr20	54499841	54699841	harbor1	chr20	54529989	54530280	LTR/ERV1	933	+	146	54530135	30294
chr20	54499841	54699841	harbor1	chr20	54530287	54530821	LTR/ERV1	2936	+	267	54530554	30713
chr20	35099396	35299396	harbor1	chr20	35100753	35100893	LTR/ERV1	1667	+	70	35100823	1427
chr20	35099396	35299396	harbor1	chr20	35101202	35101397	LTR/ERV1	1667	+	98	35101300	1904
chr20	35099396	35299396	harbor1	chr20	35156034	35156358	LTR/ERV1	1095	+	162	35156196	56800
chr20	35099396	35299396	harbor1	chr20	35156662	35156783	LTR/ERV1	1095	+	60	35156722	57326
chr20	35796677	35996677	harbor1	chr20	35809840	35809920	LTR/ERV1	2397	+	40	35809880	13203
chr20	35796677	35996677	harbor1	chr20	35810230	35810539	LTR/ERV1	2397	+	154	35810384	13707
chr20	40892260	41092260	harbor1	chr20	40911159	40912388	LTR/ERV1	7144	+	614	40911773	19513
chr20	16775678	16975678	harbor1	chr20	16806520	16806701	LTR/ERV1	2762	+	90	16806610	30932
chr20	16775678	16975678	harbor1	chr20	16806957	16807366	LTR/ERV1	2762	+	204	16807161	31483
chr20	52274212	52474212	harbor1	chr20	52302060	52302612	LTR/ERV1	4390	+	276	52302336	28124
chr20	55794425	55994425	harbor1	chr20	55830720	55831079	LTR/ERV1	1317	+	180	55830900	36475
chr20	45243742	45443742	harbor1	chr20	45330967	45331125	LTR/ERV1	1163	+	79	45331046	87304
chr20	45243742	45443742	harbor1	chr20	45331126	45331215	LTR/ERV1	529	+	44	45331170	87428
chr20	45243742	45443742	harbor1	chr20	45331212	45331425	LTR/ERV1	1562	+	106	45331318	87576
chr20	45243742	45443742	harbor1	chr20	45331426	45331964	LTR/ERV1	3707	+	269	45331695	87953
chr20	16418786	16618786	harbor1	chr20	16418302	16418997	LTR/ERV1	3868	+	348	16418650	136
chr20	16418786	16618786	harbor1	chr20	16462629	16463311	LTR/ERV1	3858	+	341	16462970	44184
chr20	6221885	6421885	harbor1	chr20	6284945	6285335	LTR/ERV1	2117	+	195	6285140	63255
chr20	24471337	24671337	harbor1	chr20	24563271	24563607	LTR/ERV1	3099	+	168	24563439	92102
chr20	24471337	24671337	harbor1	chr20	24563903	24564074	LTR/ERV1	3099	+	86	24563989	92652
chr20	53958343	54158343	harbor1	chr20	53973857	53974414	LTR/ERV1	3506	+	278	53974135	15792
chr20	53958343	54158343	harbor1	chr20	54045479	54045903	LTR/ERV1	1747	+	212	54045691	87348
chr20	53958343	54158343	harbor1	chr20	54001166	54001868	LTR/ERV1	2626	+	351	54001517	43174
chr20	28492254	28692254	harbor1	chr20	28570212	28570428	LTR/ERV1	1251	+	108	28570320	78066
chr20	28492254	28692254	harbor1	chr20	28570428	28570687	LTR/ERV1	1794	+	130	28570558	78304
chr20	55856912	56056912	harbor1	chr20	55918801	55919346	LTR/ERV1	3855	+	272	55919073	62161
chr20	30631167	30831167	harbor1	chr20	30671168	30671579	LTR/ERV1	2251	+	206	30671374	40207
chr20	30631167	30831167	harbor1	chr20	30672183	30672469	LTR/ERV1	849	+	143	30672326	41159
chr20	48401914	48601914	harbor1	chr20	48411994	48412482	LTR/ERV1	2295	+	244	48412238	10324
chr20	48401914	48601914	harbor1	chr20	48433040	48433890	LTR/ERV1	4241	+	425	48433465	31551
chr20	48401914	48601914	harbor1	chr20	48445229	48445278	LTR/ERV1	2524	+	24	48445253	43339
chr20	48401914	48601914	harbor1	chr20	48445584	48446058	LTR/ERV1	2524	+	237	48445821	43907
chr20	10030518	10230518	harbor1	chr20	10031499	10032925	LTR/ERV1	10062	+	713	10032212	1694
chr20	10030518	10230518	harbor1	chr20	10059110	10059303	LTR/ERV1	666	+	96	10059206	28688
chr20	10030518	10230518	harbor1	chr20	10088900	10089179	LTR/ERV1	1059	+	140	10089040	58522
chr20	52379422	52579422	harbor1	chr20	52408224	52408663	LTR/ERV1	1401	+	220	52408444	29022
chr20	50997772	51197772	harbor1	chr20	51093339	51093967	LTR/ERV1	4478	+	314	51093653	95881
chr20	58248545	58448545	harbor1	chr20	58248938	58249287	LTR/ERV1	1212	+	174	58249112	567
chr20	36003339	36203339	harbor1	chr20	36062372	36062843	LTR/ERV1	2829	+	236	36062608	59269
chr20	36003339	36203339	harbor1	chr20	36083265	36083722	LTR/ERV1	3733	+	228	36083493	80154
chr20	36003339	36203339	harbor1	chr20	36083985	36084137	LTR/ERV1	3733	+	76	36084061	80722
chr20	54215015	54415015	harbor1	chr20	54255489	54255646	LTR/ERV1	568	+	78	54255567	40552
chr20	54215015	54415015	harbor1	chr20	54290234	54290531	LTR/ERV1	496	+	148	54290382	75367
chr20	54215015	54415015	harbor1	chr20	54290686	54291302	LTR/ERV1	4246	+	308	54290994	75979
chr20	54215015	54415015	harbor1	chr20	54303879	54304255	LTR/ERV1	1381	+	188	54304067	89052
chr20	54215015	54415015	harbor1	chr20	54304545	54304734	LTR/ERV1	1381	+	94	54304639	89624
chr20	21489436	21689436	harbor1	chr20	21541003	21541231	LTR/ERV1	501	+	114	21541117	51681
chr20	44313649	44513649	harbor1	chr20	44319907	44320312	LTR/ERV1	1537	+	202	44320109	6460
chr20	889859	1089859	harbor1	chr20	896877	897229	LTR/ERV1	1747	+	176	897053	7194
chr20	889859	1089859	harbor1	chr20	897230	897637	LTR/ERV1	1087	+	204	897434	7575
chr20	889859	1089859	harbor1	chr20	897725	898335	LTR/ERV1	7996	+	305	898030	8171
chr20	889859	1089859	harbor1	chr20	898379	899251	LTR/ERV1	7996	+	436	898815	8956
chr20	889859	1089859	harbor1	chr20	899553	899631	LTR/ERV1	7996	+	39	899592	9733
chr20	889859	1089859	harbor1	chr20	899632	899958	LTR/ERV1	2050	+	163	899795	9936
chr20	889859	1089859	harbor1	chr20	899948	900142	LTR/ERV1	1209	+	97	900045	10186
chr20	889859	1089859	harbor1	chr20	900143	900599	LTR/ERV1	3272	+	228	900371	10512
chr20	889859	1089859	harbor1	chr20	901226	901599	LTR/ERV1	2199	+	186	901412	11553
chr20	889859	1089859	harbor1	chr20	969379	969775	LTR/ERV1	852	+	198	969577	79718
chr20	889859	1089859	harbor1	chr20	969781	969902	LTR/ERV1	419	+	60	969841	79982
chr20	889859	1089859	harbor1	chr20	986319	986737	LTR/ERV1	649	+	209	986528	96669
chr20	889859	1089859	harbor1	chr20	900654	901225	LTR/ERV1	3322	+	286	900940	11081
chr20	16978792	17178792	harbor1	chr20	17010230	17010478	LTR/ERV1	713	+	124	17010354	31562
chr20	16978792	17178792	harbor1	chr20	17010478	17010815	LTR/ERV1	795	+	168	17010646	31854
chr20	16978792	17178792	harbor1	chr20	17068778	17069603	LTR/ERV1	1295	+	412	17069190	90398
chr20	4199183	4399183	harbor1	chr20	4206448	4206881	LTR/ERV1	2606	+	216	4206664	7481
chr20	4199183	4399183	harbor1	chr20	4218676	4219190	LTR/ERV1	4273	+	257	4218933	19750
chr20	4199183	4399183	harbor1	chr20	4219489	4219613	LTR/ERV1	4273	+	62	4219551	20368
chr20	4199183	4399183	harbor1	chr20	4222445	4222959	LTR/ERV1	3077	+	257	4222702	23519
chr20	52133261	52333261	harbor1	chr20	52143471	52143539	LTR/ERV1	1022	+	34	52143505	10244
chr20	52133261	52333261	harbor1	chr20	52143850	52144159	LTR/ERV1	1022	+	154	52144004	10743
chr20	4288513	4488513	harbor1	chr20	4311866	4312427	LTR/ERV1	4157	+	280	4312146	23633
chr20	4288513	4488513	harbor1	chr20	4324298	4324484	LTR/ERV1	788	+	93	4324391	35878
chr20	4288513	4488513	harbor1	chr20	4372653	4372856	LTR/ERV1	755	+	102	4372755	84242
chr20	4288513	4488513	harbor1	chr20	4373951	4374447	LTR/ERV1	3083	+	248	4374199	85686
chr20	43649659	43849659	harbor1	chr20	43657021	43657179	LTR/ERV1	1013	+	79	43657100	7441
chr20	43649659	43849659	harbor1	chr20	43736836	43737294	LTR/ERV1	2239	+	229	43737065	87406
chr20	10985608	11185608	harbor1	chr20	11015436	11016068	LTR/ERV1	4118	+	316	11015752	30144
chr20	54634082	54834082	harbor1	chr20	54634956	54635788	LTR/ERV1	5707	+	416	54635372	1290
chr20	54634082	54834082	harbor1	chr20	54636105	54636821	LTR/ERV1	3655	+	358	54636463	2381
chr20	54634082	54834082	harbor1	chr20	54659779	54660127	LTR/ERV1	2819	+	174	54659953	25871
chr20	54634082	54834082	harbor1	chr20	54660427	54660614	LTR/ERV1	2819	+	94	54660521	26439
chr20	34388387	34588387	harbor1	chr20	34393013	34393190	LTR/ERV1	600	+	88	34393101	4714
chr20	24247870	24447870	harbor1	chr20	24308635	24309265	LTR/ERV1	4586	+	315	24308950	61080
chr20	38278937	38478937	harbor1	chr20	38282731	38283318	LTR/ERV1	3403	+	294	38283025	4088
chr20	41770379	41970379	harbor1	chr20	41828640	41828761	LTR/ERV1	679	+	60	41828700	58321
chr20	41770379	41970379	harbor1	chr20	41828740	41829125	LTR/ERV1	1874	+	192	41828932	58553
chr20	41770379	41970379	harbor1	chr20	41829125	41829218	LTR/ERV1	478	+	46	41829171	58792
chr20	4764491	4964491	harbor1	chr20	4771924	4772422	LTR/ERV1	3439	+	249	4772173	7682
chr20	15172802	15372802	harbor1	chr20	15175731	15177273	LTR/ERV1	7434	+	771	15176502	3700
chr20	15172802	15372802	harbor1	chr20	15267705	15268047	LTR/ERV1	1602	+	171	15267876	95074
chr20	53598138	53798138	harbor1	chr20	53669392	53669500	LTR/ERV1	459	+	54	53669446	71308
chr20	52368674	52568674	harbor1	chr20	52408224	52408663	LTR/ERV1	1401	+	220	52408444	39770
chr21	15538027	15738027	harbor1	chr21	15557404	15557828	LTR/ERV1	1764	+	212	15557616	19589
chr21	15538027	15738027	harbor1	chr21	15557829	15558458	LTR/ERV1	3032	+	314	15558143	20116
chr21	15538027	15738027	harbor1	chr21	15558459	15558574	LTR/ERV1	1764	+	58	15558517	20490
chr21	15538027	15738027	harbor1	chr21	15587116	15587469	LTR/ERV1	1444	+	176	15587292	49265
chr21	15538027	15738027	harbor1	chr21	15587779	15587928	LTR/ERV1	1444	+	74	15587853	49826
chr21	15538027	15738027	harbor1	chr21	15593320	15593690	LTR/ERV1	884	+	185	15593505	55478
chr21	15699057	15899057	harbor1	chr21	15724286	15724885	LTR/ERV1	2013	+	300	15724586	25529
chr21	15699057	15899057	harbor1	chr21	15738675	15739131	LTR/ERV1	3399	+	228	15738903	39846
chr21	15699057	15899057	harbor1	chr21	15761273	15761976	LTR/ERV1	4487	+	352	15761625	62568
chr21	8927204	9127204	harbor1	chr21	9025617	9025950	LTR/ERV1	972	+	166	9025783	98579
chr21	8927204	9127204	harbor1	chr21	9026313	9026608	LTR/ERV1	810	+	148	9026461	99257
chr21	22522653	22722653	harbor1	chr21	22545618	22545700	LTR/ERV1	2280	+	41	22545659	23006
chr21	22522653	22722653	harbor1	chr21	22545993	22546369	LTR/ERV1	2280	+	188	22546181	23528
chr21	22522653	22722653	harbor1	chr21	22561250	22562334	LTR/ERV1	3777	+	542	22561792	39139
chr21	22522653	22722653	harbor1	chr21	22578177	22578357	LTR/ERV1	3847	+	90	22578267	55614
chr21	22522653	22722653	harbor1	chr21	22578659	22579092	LTR/ERV1	3847	+	216	22578875	56222
chr21	22522653	22722653	harbor1	chr21	22579401	22579578	LTR/ERV1	3847	+	88	22579489	56836
chr21	22522653	22722653	harbor1	chr21	22585547	22586021	LTR/ERV1	2893	+	237	22585784	63131
chr21	22522653	22722653	harbor1	chr21	22597633	22599018	LTR/ERV1	7056	+	692	22598325	75672
chr21	22522653	22722653	harbor1	chr21	22599020	22599143	LTR/ERV1	910	+	62	22599082	76429
chr21	22522653	22722653	harbor1	chr21	22600942	22601613	LTR/ERV1	4873	+	336	22601278	78625
chr21	22522653	22722653	harbor1	chr21	22609122	22609373	LTR/ERV1	1233	+	126	22609248	86595
chr21	36005838	36205838	harbor1	chr21	36062045	36062462	LTR/ERV1	2459	+	208	36062253	56415
chr21	36005838	36205838	harbor1	chr21	36062470	36062530	LTR/ERV1	2032	+	30	36062500	56662
chr21	36005838	36205838	harbor1	chr21	36062836	36063279	LTR/ERV1	2032	+	222	36063058	57220
chr21	36005838	36205838	harbor1	chr21	36063280	36063428	LTR/ERV1	1068	+	74	36063354	57516
chr21	36005838	36205838	harbor1	chr21	36063425	36063822	LTR/ERV1	2885	+	198	36063623	57785
chr21	36005838	36205838	harbor1	chr21	36063823	36064210	LTR/ERV1	1697	+	194	36064017	58179
chr21	36005838	36205838	harbor1	chr21	36064211	36064667	LTR/ERV1	2903	+	228	36064439	58601
chr21	36005838	36205838	harbor1	chr21	36064958	36064986	LTR/ERV1	2903	+	14	36064972	59134
chr21	36005838	36205838	harbor1	chr21	36065021	36065247	LTR/ERV1	2268	+	113	36065134	59296
chr21	36005838	36205838	harbor1	chr21	36065555	36065899	LTR/ERV1	2268	+	172	36065727	59889
chr21	36005838	36205838	harbor1	chr21	36068472	36068514	LTR/ERV1	2549	+	21	36068493	62655
chr21	36005838	36205838	harbor1	chr21	36068840	36069277	LTR/ERV1	2549	+	218	36069058	63220
chr21	36005838	36205838	harbor1	chr21	36080275	36080811	LTR/ERV1	884	+	268	36080543	74705
chr21	36005838	36205838	harbor1	chr21	36081289	36081546	LTR/ERV1	571	+	128	36081417	75579
chr21	36005838	36205838	harbor1	chr21	36081893	36082016	LTR/ERV1	571	+	62	36081955	76117
chr21	36005838	36205838	harbor1	chr21	36091259	36091820	LTR/ERV1	3221	+	280	36091539	85701
chr21	36005838	36205838	harbor1	chr21	36091914	36092252	LTR/ERV1	547	+	169	36092083	86245
chr21	36005838	36205838	harbor1	chr21	36092789	36092919	LTR/ERV1	730	+	65	36092854	87016
chr21	36005838	36205838	harbor1	chr21	36092923	36093094	LTR/ERV1	1443	+	86	36093009	87171
chr21	36005838	36205838	harbor1	chr21	36093413	36093591	LTR/ERV1	1443	+	89	36093502	87664
chr21	36005838	36205838	harbor1	chr21	36094096	36094511	LTR/ERV1	2404	+	208	36094304	88466
chr21	36005838	36205838	harbor1	chr21	36094821	36095029	LTR/ERV1	2404	+	104	36094925	89087
chr21	36005838	36205838	harbor1	chr21	36095033	36095296	LTR/ERV1	1932	+	132	36095165	89327
chr21	36005838	36205838	harbor1	chr21	36095300	36095430	LTR/ERV1	651	+	65	36095365	89527
chr21	36005838	36205838	harbor1	chr21	36095723	36095835	LTR/ERV1	651	+	56	36095779	89941
chr21	36005838	36205838	harbor1	chr21	36096495	36096847	LTR/ERV1	2986	+	176	36096671	90833
chr21	36005838	36205838	harbor1	chr21	36096848	36097344	LTR/ERV1	2779	+	248	36097096	91258
chr21	36005838	36205838	harbor1	chr21	36097642	36097784	LTR/ERV1	2779	+	71	36097713	91875
chr21	36005838	36205838	harbor1	chr21	36097785	36098036	LTR/ERV1	2986	+	126	36097911	92073
chr21	36005838	36205838	harbor1	chr21	36098211	36099320	LTR/ERV1	8632	+	554	36098765	92927
chr21	36005838	36205838	harbor1	chr21	36101087	36101433	LTR/ERV1	2116	+	173	36101260	95422
chr21	36005838	36205838	harbor1	chr21	36101427	36102508	LTR/ERV1	14593	+	540	36101967	96129
chr21	36005838	36205838	harbor1	chr21	36102802	36104237	LTR/ERV1	14593	+	718	36103520	97682
chr21	36005838	36205838	harbor1	chr21	36104268	36104752	LTR/ERV1	3523	+	242	36104510	98672
chr21	36005838	36205838	harbor1	chr21	36093592	36094095	LTR/ERV1	2723	+	252	36093844	88006
chr21	37348637	37548637	harbor1	chr21	37375874	37376113	LTR/ERV1	1230	+	120	37375994	27357
chr21	31951876	32151876	harbor1	chr21	32037664	32038233	LTR/ERV1	3292	+	284	32037948	86072
chr21	46571871	46771871	harbor1	chr21	46593747	46594010	LTR/ERV1	3044	+	132	46593879	22008
chr21	46571871	46771871	harbor1	chr21	46594303	46594662	LTR/ERV1	3044	+	180	46594483	22612
chr21	34627057	34827057	harbor1	chr21	34641199	34641807	LTR/ERV1	4139	+	304	34641503	14446
chr21	42874945	43074945	harbor1	chr21	42916378	42916741	LTR/ERV1	2394	+	182	42916560	41615
chr21	42874945	43074945	harbor1	chr21	42925878	42925960	LTR/ERV1	517	+	41	42925919	50974
chr21	42874945	43074945	harbor1	chr21	42928247	42928276	LTR/ERV1	2254	+	14	42928261	53316
chr21	42874945	43074945	harbor1	chr21	42928587	42928847	LTR/ERV1	2254	+	130	42928717	53772
chr21	42874945	43074945	harbor1	chr21	42929156	42929169	LTR/ERV1	2254	+	6	42929162	54217
chr21	42874945	43074945	harbor1	chr21	42929522	42929628	LTR/ERV1	2254	+	53	42929575	54630
chr21	42874945	43074945	harbor1	chr21	42929915	42929955	LTR/ERV1	2254	+	20	42929935	54990
chr21	42874945	43074945	harbor1	chr21	42930400	42930512	LTR/ERV1	2254	+	56	42930456	55511
chr21	42874945	43074945	harbor1	chr21	42931407	42931649	LTR/ERV1	1046	+	121	42931528	56583
chr21	42874945	43074945	harbor1	chr21	42931964	42932430	LTR/ERV1	2668	+	233	42932197	57252
chr21	42874945	43074945	harbor1	chr21	42932431	42932814	LTR/ERV1	2854	+	192	42932623	57678
chr21	42874945	43074945	harbor1	chr21	42932808	42933394	LTR/ERV1	4395	+	293	42933101	58156
chr21	42874945	43074945	harbor1	chr21	42933380	42933699	LTR/ERV1	2305	+	160	42933540	58595
chr21	42874945	43074945	harbor1	chr21	42933692	42935701	LTR/ERV1	13067	+	1004	42934696	59751
chr21	42874945	43074945	harbor1	chr21	42935862	42936444	LTR/ERV1	3942	+	291	42936153	61208
chr21	42874945	43074945	harbor1	chr21	42936445	42937000	LTR/ERV1	4769	+	278	42936723	61778
chr21	42874945	43074945	harbor1	chr21	42937001	42937075	LTR/ERV1	3942	+	37	42937038	62093
chr21	42874945	43074945	harbor1	chr21	42937076	42937545	LTR/ERV1	2808	+	234	42937310	62365
chr21	42874945	43074945	harbor1	chr21	42937596	42938069	LTR/ERV1	3511	+	236	42937832	62887
chr21	42874945	43074945	harbor1	chr21	42941242	42941432	LTR/ERV1	1391	+	95	42941337	66392
chr21	42874945	43074945	harbor1	chr21	42956871	42957321	LTR/ERV1	1518	+	225	42957096	82151
chr21	42874945	43074945	harbor1	chr21	42957615	42957886	LTR/ERV1	1141	+	136	42957751	82806
chr21	42874945	43074945	harbor1	chr21	42958167	42958326	LTR/ERV1	2006	+	80	42958247	83302
chr21	42874945	43074945	harbor1	chr21	42958618	42958630	LTR/ERV1	2006	+	6	42958624	83679
chr21	42874945	43074945	harbor1	chr21	42958913	42959238	LTR/ERV1	2006	+	162	42959075	84130
chr21	42874945	43074945	harbor1	chr21	42959356	42959403	LTR/ERV1	1407	+	24	42959380	84435
chr21	42874945	43074945	harbor1	chr21	42959721	42960016	LTR/ERV1	1407	+	148	42959869	84924
chr21	42874945	43074945	harbor1	chr21	42962273	42962464	LTR/ERV1	632	+	96	42962369	87424
chr21	42874945	43074945	harbor1	chr21	42969321	42969845	LTR/ERV1	2447	+	262	42969583	94638
chr21	42874945	43074945	harbor1	chr21	42971099	42971776	LTR/ERV1	3871	+	338	42971437	96492
chr21	42874945	43074945	harbor1	chr21	42942247	42942734	LTR/ERV1	2752	+	244	42942491	67546
chr21	10112149	10312149	harbor1	chr21	10139112	10139701	LTR/ERV1	3474	+	294	10139406	27257
chr21	10112149	10312149	harbor1	chr21	10150080	10150649	LTR/ERV1	3264	+	284	10150364	38215
chr21	10112149	10312149	harbor1	chr21	10153026	10153238	LTR/ERV1	487	+	106	10153132	40983
chr21	10112149	10312149	harbor1	chr21	10153409	10153872	LTR/ERV1	2096	+	232	10153641	41492
chr21	10112149	10312149	harbor1	chr21	10155406	10155899	LTR/ERV1	3527	+	246	10155652	43503
chr21	13179579	13379579	harbor1	chr21	13200212	13200876	LTR/ERV1	2640	+	332	13200544	20965
chr21	13179579	13379579	harbor1	chr21	13231918	13232020	LTR/ERV1	661	+	51	13231969	52390
chr21	16346567	16546567	harbor1	chr21	16351864	16352561	LTR/ERV1	4292	+	348	16352212	5645
chr21	28917077	29117077	harbor1	chr21	28922427	28922920	LTR/ERV1	2623	+	246	28922673	5596
chr21	28917077	29117077	harbor1	chr21	29000001	29001393	LTR/ERV1	9852	+	696	29000697	83620
chr21	5626133	5826133	harbor1	chr21	5722599	5723077	LTR/ERV1	1777	+	239	5722838	96705
chr21	30089444	30289444	harbor1	chr21	30143777	30143966	LTR/ERV1	3899	+	94	30143871	54427
chr21	30089444	30289444	harbor1	chr21	30144258	30144630	LTR/ERV1	3899	+	186	30144444	55000
chr21	30089444	30289444	harbor1	chr21	30144829	30145420	LTR/ERV1	2977	+	296	30145125	55681
chr21	30089444	30289444	harbor1	chr21	30183485	30183754	LTR/ERV1	1004	+	134	30183619	94175
chr21	7545659	7745659	harbor1	chr21	7551876	7552310	LTR/ERV1	673	+	217	7552093	6434
chr21	7545659	7745659	harbor1	chr21	7567712	7568096	LTR/ERV1	2214	+	192	7567904	22245
chr21	7545659	7745659	harbor1	chr21	7568097	7568538	LTR/ERV1	3070	+	220	7568317	22658
chr21	7545659	7745659	harbor1	chr21	7569458	7570071	LTR/ERV1	2376	+	306	7569764	24105
chr21	7545659	7745659	harbor1	chr21	7570149	7570744	LTR/ERV1	2817	+	298	7570447	24788
chr21	7545659	7745659	harbor1	chr21	7570788	7573235	LTR/ERV1	9948	+	1224	7572012	26353
chr21	7545659	7745659	harbor1	chr21	7573233	7574819	LTR/ERV1	9861	+	793	7574026	28367
chr21	7545659	7745659	harbor1	chr21	7574820	7575291	LTR/ERV1	2896	+	236	7575056	29397
chr21	7545659	7745659	harbor1	chr21	7590456	7591715	LTR/ERV1	8143	+	630	7591086	45427
chr21	7545659	7745659	harbor1	chr21	7568539	7569468	LTR/ERV1	2754	+	464	7569003	23344
chr21	24459332	24659332	harbor1	chr21	24509556	24509779	LTR/ERV1	1361	+	112	24509668	50336
chr21	28827894	29027894	harbor1	chr21	28922427	28922920	LTR/ERV1	2623	+	246	28922673	94779
chr21	39047235	39247235	harbor1	chr21	39102224	39102458	LTR/ERV1	2930	+	117	39102341	55106
chr21	39047235	39247235	harbor1	chr21	39102750	39103293	LTR/ERV1	2930	+	272	39103022	55787
chr21	26791196	26991196	harbor1	chr21	26854437	26855185	LTR/ERV1	6131	+	374	26854811	63615
chr21	26791196	26991196	harbor1	chr21	26855186	26857100	LTR/ERV1	14725	+	957	26856143	64947
chr21	26791196	26991196	harbor1	chr21	26857097	26860723	LTR/ERV1	30680	+	1813	26858910	67714
chr21	26791196	26991196	harbor1	chr21	26860715	26861271	LTR/ERV1	4526	+	278	26860993	69797
chr21	26791196	26991196	harbor1	chr21	26861272	26862006	LTR/ERV1	6291	+	367	26861639	70443
chr21	26791196	26991196	harbor1	chr21	26866488	26867041	LTR/ERV1	3241	+	276	26866764	75568
chr21	39405883	39605883	harbor1	chr21	39430576	39430915	LTR/ERV1	1134	+	170	39430746	24863
chr21	39405883	39605883	harbor1	chr21	39448913	39449344	LTR/ERV1	1632	+	216	39449129	43246
chr21	39405883	39605883	harbor1	chr21	39468738	39468872	LTR/ERV1	880	+	67	39468805	62922
chr21	26760630	26960630	harbor1	chr21	26762867	26763317	LTR/ERV1	3066	+	225	26763092	2462
chr21	26760630	26960630	harbor1	chr21	26854437	26855185	LTR/ERV1	6131	+	374	26854811	94181
chr21	26760630	26960630	harbor1	chr21	26855186	26857100	LTR/ERV1	14725	+	957	26856143	95513
chr21	26760630	26960630	harbor1	chr21	26857097	26860723	LTR/ERV1	30680	+	1813	26858910	98280
chr21	13248638	13448638	harbor1	chr21	13306844	13306924	LTR/ERV1	571	+	40	13306884	58246
chr22	38474943	38674943	harbor1	chr22	38507809	38507930	LTR/ERV1	448	+	60	38507869	32926
chr22	38474943	38674943	harbor1	chr22	38514147	38514246	LTR/ERV1	3852	+	50	38514197	39254
chr22	38474943	38674943	harbor1	chr22	38514273	38514286	LTR/ERV1	3852	+	6	38514279	39336
chr22	38474943	38674943	harbor1	chr22	38514532	38514970	LTR/ERV1	3852	+	219	38514751	39808
chr22	38474943	38674943	harbor1	chr22	38515166	38515195	LTR/ERV1	3852	+	14	38515180	40237
chr22	38474943	38674943	harbor1	chr22	38515503	38515517	LTR/ERV1	3852	+	7	38515510	40567
chr22	38474943	38674943	harbor1	chr22	38515803	38515924	LTR/ERV1	3852	+	60	38515863	40920
chr22	38474943	38674943	harbor1	chr22	38540844	38541291	LTR/ERV1	5095	+	224	38541068	66125
chr22	38474943	38674943	harbor1	chr22	38541558	38541780	LTR/ERV1	5095	+	111	38541669	66726
chr22	38474943	38674943	harbor1	chr22	38543539	38544072	LTR/ERV1	3087	+	266	38543805	68862
chr22	38474943	38674943	harbor1	chr22	38544208	38544626	LTR/ERV1	3283	+	209	38544417	69474
chr22	38474943	38674943	harbor1	chr22	38544931	38544986	LTR/ERV1	3283	+	28	38544959	70016
chr22	38474943	38674943	harbor1	chr22	38565252	38565727	LTR/ERV1	3080	+	238	38565490	90547
chr22	24972654	25172654	harbor1	chr22	25007523	25007913	LTR/ERV1	2881	+	195	25007718	35064
chr22	24972654	25172654	harbor1	chr22	25008227	25008335	LTR/ERV1	2881	+	54	25008281	35627
chr22	34960747	35160747	harbor1	chr22	34999080	34999306	LTR/ERV1	492	+	113	34999193	38446
chr22	48834009	49034009	harbor1	chr22	48866699	48867010	LTR/ERV1	1349	+	156	48866855	32846
chr22	48834009	49034009	harbor1	chr22	48883894	48884378	LTR/ERV1	1722	+	242	48884136	50127
chr22	23536621	23736621	harbor1	chr22	23587765	23588047	LTR/ERV1	928	+	141	23587906	51285
chr22	23536621	23736621	harbor1	chr22	23617314	23617450	LTR/ERV1	786	+	68	23617382	80761
chr22	23536621	23736621	harbor1	chr22	23621082	23621631	LTR/ERV1	3955	+	274	23621356	84735
chr22	23536621	23736621	harbor1	chr22	23621933	23622044	LTR/ERV1	3955	+	56	23621989	85368
chr22	23536621	23736621	harbor1	chr22	23625343	23625934	LTR/ERV1	4168	+	296	23625639	89018
chr22	25044341	25244341	harbor1	chr22	25122154	25122665	LTR/ERV1	2229	+	256	25122410	78069
chr22	35207759	35407759	harbor1	chr22	35223807	35224246	LTR/ERV1	2675	+	220	35224027	16268
chr22	35207759	35407759	harbor1	chr22	35226911	35227085	LTR/ERV1	446	+	87	35226998	19239
chr22	35207759	35407759	harbor1	chr22	35227631	35228005	LTR/ERV1	2430	+	187	35227818	20059
chr22	35207759	35407759	harbor1	chr22	35229479	35229750	LTR/ERV1	704	+	136	35229615	21856
chr22	35207759	35407759	harbor1	chr22	35240334	35241003	LTR/ERV1	4861	+	334	35240668	32909
chr22	35207759	35407759	harbor1	chr22	35244388	35244971	LTR/ERV1	4408	+	292	35244680	36921
chr22	15522096	15722096	harbor1	chr22	15600894	15601072	LTR/ERV1	1457	+	89	15600983	78887
chr22	15522096	15722096	harbor1	chr22	15601378	15601563	LTR/ERV1	1457	+	92	15601470	79374
chr22	15522096	15722096	harbor1	chr22	15602637	15602770	LTR/ERV1	656	+	66	15602703	80607
chr22	45007269	45207269	harbor1	chr22	45052613	45052990	LTR/ERV1	2646	+	188	45052801	45532
chr22	45007269	45207269	harbor1	chr22	45086612	45086804	LTR/ERV1	4618	+	96	45086708	79439
chr22	45007269	45207269	harbor1	chr22	45087106	45087283	LTR/ERV1	4618	+	88	45087194	79925
chr22	45007269	45207269	harbor1	chr22	45087592	45088166	LTR/ERV1	4618	+	287	45087879	80610
chr22	45007269	45207269	harbor1	chr22	45088477	45088529	LTR/ERV1	4618	+	26	45088503	81234
chr22	22178314	22378314	harbor1	chr22	22234817	22234844	LTR/ERV1	4226	+	14	22234831	56517
chr22	22178314	22378314	harbor1	chr22	22235155	22235747	LTR/ERV1	4226	+	296	22235451	57137
chr22	44965786	45165786	harbor1	chr22	45052613	45052990	LTR/ERV1	2646	+	188	45052801	87015
chr22	10820773	11020773	harbor1	chr22	10866421	10867012	LTR/ERV1	3337	+	296	10866717	45944
chr22	29139843	29339843	harbor1	chr22	29168806	29169240	LTR/ERV1	3024	+	217	29169023	29180
chr22	29139843	29339843	harbor1	chr22	29169538	29169596	LTR/ERV1	3024	+	29	29169567	29724
chr22	30277412	30477412	harbor1	chr22	30353337	30353831	LTR/ERV1	4030	+	247	30353584	76172
chr22	11831464	12031464	harbor1	chr22	11928496	11929057	LTR/ERV1	2406	+	280	11928776	97312
chr22	11831464	12031464	harbor1	chr22	11929064	11929173	LTR/ERV1	437	+	54	11929118	97654
chr22	11831464	12031464	harbor1	chr22	11929276	11929483	LTR/ERV1	647	+	104	11929380	97916
chr22	20139571	20339571	harbor1	chr22	20190091	20190153	LTR/ERV1	5194	+	31	20190122	50551
chr22	20139571	20339571	harbor1	chr22	20190453	20191190	LTR/ERV1	5194	+	368	20190821	51250
chr22	20139571	20339571	harbor1	chr22	20235521	20236321	LTR/ERV1	4676	+	400	20235921	96350
chr22	30590009	30790009	harbor1	chr22	30596679	30598399	LTR/ERV1	9582	+	860	30597539	7530
chr22	25698935	25898935	harbor1	chr22	25752687	25753930	LTR/ERV1	6002	+	622	25753309	54374
chr22	20550945	20750945	harbor1	chr22	20617294	20617360	LTR/ERV1	446	+	33	20617327	66382
chr22	30404053	30604053	harbor1	chr22	30451475	30451571	LTR/ERV1	446	+	48	30451523	47470
chr22	30404053	30604053	harbor1	chr22	30451572	30451707	LTR/ERV1	2623	+	68	30451640	47587
chr22	30404053	30604053	harbor1	chr22	30452022	30452238	LTR/ERV1	2623	+	108	30452130	48077
chr22	30404053	30604053	harbor1	chr22	30452523	30452701	LTR/ERV1	2623	+	89	30452612	48559
chr22	30404053	30604053	harbor1	chr22	30453017	30453102	LTR/ERV1	2623	+	42	30453059	49006
chr22	30404053	30604053	harbor1	chr22	30476210	30476420	LTR/ERV1	1082	+	105	30476315	72262
chr22	30404053	30604053	harbor1	chr22	30476704	30477426	LTR/ERV1	4221	+	361	30477065	73012
chr22	30404053	30604053	harbor1	chr22	30478511	30479321	LTR/ERV1	4349	+	405	30478916	74863
chr22	11541410	11741410	harbor1	chr22	11554379	11554552	LTR/ERV1	923	+	86	11554465	13055
chr22	11541410	11741410	harbor1	chr22	11555751	11555907	LTR/ERV1	1190	+	78	11555829	14419
chr22	11541410	11741410	harbor1	chr22	11556859	11559600	LTR/ERV1	11845	+	1370	11558229	16819
chr22	11541410	11741410	harbor1	chr22	11560249	11561848	LTR/ERV1	11845	+	800	11561049	19639
chr22	11541410	11741410	harbor1	chr22	11617619	11617748	LTR/ERV1	476	+	64	11617683	76273
chr22	31102681	31302681	harbor1	chr22	31149662	31150390	LTR/ERV1	3495	+	364	31150026	47345
chr22	21647382	21847382	harbor1	chr22	21668144	21668344	LTR/ERV1	1364	+	100	21668244	20862
chr22	21647382	21847382	harbor1	chr22	21668657	21668714	LTR/ERV1	1364	+	28	21668685	21303
chr22	34654208	34854208	harbor1	chr22	34709706	34710346	LTR/ERV1	4084	+	320	34710026	55818
chr22	12703536	12903536	harbor1	chr22	12798121	12798597	LTR/ERV1	2391	+	238	12798359	94823
chr22	12703536	12903536	harbor1	chr22	12798738	12799244	LTR/ERV1	1809	+	253	12798991	95455
chr22	12703536	12903536	harbor1	chr22	12799260	12799999	LTR/ERV1	4103	+	370	12799630	96094
chr22	12703536	12903536	harbor1	chr22	12800000	12800658	LTR/ERV1	4255	+	329	12800329	96793
chr22	12703536	12903536	harbor1	chr22	12800657	12800915	LTR/ERV1	1322	+	129	12800786	97250
chr22	16657817	16857817	harbor1	chr22	16689285	16689549	LTR/ERV1	657	+	132	16689417	31600
chr22	34650226	34850226	harbor1	chr22	34709706	34710346	LTR/ERV1	4084	+	320	34710026	59800
chr22	44513119	44713119	harbor1	chr22	44516392	44516603	LTR/ERV1	1575	+	106	44516498	3379
chr22	44513119	44713119	harbor1	chr22	44516908	44517115	LTR/ERV1	1575	+	104	44517012	3893
chr22	50585978	50785978	harbor1	chr22	50629174	50629747	LTR/ERV1	3385	+	286	50629460	43482
chr22	50585978	50785978	harbor1	chr22	50629748	50630240	LTR/ERV1	5558	+	246	50629994	44016
chr22	50585978	50785978	harbor1	chr22	50630681	50630839	LTR/ERV1	5558	+	79	50630760	44782
chr22	50585978	50785978	harbor1	chr22	50631939	50632669	LTR/ERV1	5558	+	365	50632304	46326
chr22	50585978	50785978	harbor1	chr22	50633139	50634597	LTR/ERV1	8828	+	729	50633868	47890
chr22	50585978	50785978	harbor1	chr22	50634716	50635080	LTR/ERV1	3623	+	182	50634898	48920
chr22	50585978	50785978	harbor1	chr22	50635371	50635671	LTR/ERV1	3623	+	150	50635521	49543
chr22	50585978	50785978	harbor1	chr22	50635842	50635941	LTR/ERV1	1820	+	50	50635892	49914
chr22	50585978	50785978	harbor1	chr22	50636309	50636899	LTR/ERV1	1960	+	295	50636604	50626
chr22	50585978	50785978	harbor1	chr22	50637194	50637231	LTR/ERV1	1960	+	18	50637212	51234
chr22	50585978	50785978	harbor1	chr22	50637363	50637580	LTR/ERV1	1117	+	108	50637471	51493
chr22	50585978	50785978	harbor1	chr22	50637907	50638201	LTR/ERV1	1640	+	147	50638054	52076
chr22	50585978	50785978	harbor1	chr22	50638435	50639031	LTR/ERV1	3894	+	298	50638733	52755
chr22	50585978	50785978	harbor1	chr22	50639312	50639466	LTR/ERV1	3894	+	77	50639389	53411
chr22	50585978	50785978	harbor1	chr22	50639467	50639507	LTR/ERV1	3415	+	20	50639487	53509
chr22	50585978	50785978	harbor1	chr22	50639810	50640345	LTR/ERV1	3415	+	268	50640078	54100
chr22	50585978	50785978	harbor1	chr22	50643141	50643234	LTR/ERV1	542	+	46	50643187	57209
chr22	50585978	50785978	harbor1	chr22	50644614	50644917	LTR/ERV1	1471	+	152	50644766	58788
chr22	50585978	50785978	harbor1	chr22	50645106	50645497	LTR/ERV1	2617	+	196	50645302	59324
chr22	50585978	50785978	harbor1	chr22	50645501	50645910	LTR/ERV1	2649	+	204	50645705	59727
chr22	50585978	50785978	harbor1	chr22	50646180	50646302	LTR/ERV1	972	+	61	50646241	60263
chr22	50585978	50785978	harbor1	chr22	50646610	50646851	LTR/ERV1	972	+	120	50646730	60752
chr22	50585978	50785978	harbor1	chr22	50646848	50647018	LTR/ERV1	1054	+	85	50646933	60955
chr22	50585978	50785978	harbor1	chr22	50647143	50647218	LTR/ERV1	1982	+	38	50647181	61203
chr22	50585978	50785978	harbor1	chr22	50647531	50647881	LTR/ERV1	1982	+	175	50647706	61728
chr22	50585978	50785978	harbor1	chr22	50648121	50648256	LTR/ERV1	3859	+	68	50648189	62211
chr22	50585978	50785978	harbor1	chr22	50648547	50649038	LTR/ERV1	3859	+	246	50648793	62815
chr22	50585978	50785978	harbor1	chr22	50649332	50649625	LTR/ERV1	3859	+	146	50649478	63500
chr22	50585978	50785978	harbor1	chr22	50649625	50650658	LTR/ERV1	5709	+	516	50650141	64163
chr22	50585978	50785978	harbor1	chr22	50650878	50650906	LTR/ERV1	4960	+	14	50650892	64914
chr22	50585978	50785978	harbor1	chr22	50651222	50651508	LTR/ERV1	4960	+	143	50651365	65387
chr22	50585978	50785978	harbor1	chr22	50651812	50651969	LTR/ERV1	4960	+	78	50651890	65912
chr22	50585978	50785978	harbor1	chr22	50652280	50652675	LTR/ERV1	4960	+	198	50652478	66500
chr22	50585978	50785978	harbor1	chr22	50652686	50653154	LTR/ERV1	3568	+	234	50652920	66942
chr22	16649737	16849737	harbor1	chr22	16689285	16689549	LTR/ERV1	657	+	132	16689417	39680
chrX	104453727	104653727	harbor1	chrX	104463199	104463320	LTR/ERV1	3082	+	60	104463259	9532
chrX	104453727	104653727	harbor1	chrX	104463352	104463749	LTR/ERV1	3082	+	198	104463550	9823
chrX	83312689	83512689	harbor1	chrX	83380134	83380725	LTR/ERV1	3327	+	296	83380430	67741
chrX	83312689	83512689	harbor1	chrX	83383134	83383719	LTR/ERV1	2005	+	292	83383426	70737
chrX	83312689	83512689	harbor1	chrX	83389419	83393501	LTR/ERV1	19915	+	2041	83391460	78771
chrX	83312689	83512689	harbor1	chrX	83393502	83394095	LTR/ERV1	3821	+	296	83393798	81109
chrX	51152241	51352241	harbor1	chrX	51169271	51169827	LTR/ERV1	2693	+	278	51169549	17308
chrX	51152241	51352241	harbor1	chrX	51169829	51170566	LTR/ERV1	3628	+	368	51170197	17956
chrX	51152241	51352241	harbor1	chrX	51170708	51170911	LTR/ERV1	2268	+	102	51170810	18569
chrX	51152241	51352241	harbor1	chrX	51171463	51171784	LTR/ERV1	2268	+	160	51171623	19382
chrX	51152241	51352241	harbor1	chrX	51171795	51172380	LTR/ERV1	1508	+	292	51172087	19846
chrX	51152241	51352241	harbor1	chrX	51172367	51172911	LTR/ERV1	1779	+	272	51172639	20398
chrX	96090398	96290398	harbor1	chrX	96163104	96163244	LTR/ERV1	848	+	70	96163174	72776
chrX	96090398	96290398	harbor1	chrX	96164467	96164480	LTR/ERV1	1008	+	6	96164473	74075
chrX	96090398	96290398	harbor1	chrX	96164481	96165016	LTR/ERV1	2857	+	268	96164749	74351
chrX	96090398	96290398	harbor1	chrX	96165017	96165198	LTR/ERV1	1008	+	90	96165107	74709
chrX	96090398	96290398	harbor1	chrX	96181245	96181763	LTR/ERV1	1570	+	259	96181504	91106
chrX	96090398	96290398	harbor1	chrX	96182777	96183443	LTR/ERV1	2016	+	333	96183110	92712
chrX	138945206	139145206	harbor1	chrX	139029140	139029707	LTR/ERV1	3209	+	284	139029424	84218
chrX	120441822	120641822	harbor1	chrX	120491616	120491888	LTR/ERV1	1823	+	136	120491752	49930
chrX	120441822	120641822	harbor1	chrX	120492025	120492337	LTR/ERV1	3822	+	156	120492181	50359
chrX	120441822	120641822	harbor1	chrX	120492647	120492779	LTR/ERV1	3822	+	66	120492713	50891
chrX	120441822	120641822	harbor1	chrX	120493067	120493252	LTR/ERV1	3822	+	92	120493159	51337
chrX	120441822	120641822	harbor1	chrX	120511434	120511479	LTR/ERV1	800	+	22	120511456	69634
chrX	120441822	120641822	harbor1	chrX	120512002	120512108	LTR/ERV1	800	+	53	120512055	70233
chrX	120441822	120641822	harbor1	chrX	120512201	120512445	LTR/ERV1	972	+	122	120512323	70501
chrX	120441822	120641822	harbor1	chrX	120512492	120512740	LTR/ERV1	972	+	124	120512616	70794
chrX	120441822	120641822	harbor1	chrX	120512742	120513043	LTR/ERV1	3035	+	150	120512892	71070
chrX	120441822	120641822	harbor1	chrX	120513325	120513512	LTR/ERV1	3035	+	94	120513419	71597
chrX	120441822	120641822	harbor1	chrX	120513814	120513892	LTR/ERV1	3035	+	39	120513853	72031
chrX	120441822	120641822	harbor1	chrX	120513941	120514472	LTR/ERV1	2656	+	266	120514207	72385
chrX	120441822	120641822	harbor1	chrX	120514626	120514959	LTR/ERV1	1862	+	166	120514792	72970
chrX	120441822	120641822	harbor1	chrX	120515557	120515895	LTR/ERV1	1862	+	169	120515726	73904
chrX	141870043	142070043	harbor1	chrX	141934685	141934927	LTR/ERV1	924	+	121	141934806	64763
chrX	141870043	142070043	harbor1	chrX	141934906	141934956	LTR/ERV1	28128	+	25	141934931	64888
chrX	141870043	142070043	harbor1	chrX	141935268	141939406	LTR/ERV1	28128	+	2069	141937337	67294
chrX	141870043	142070043	harbor1	chrX	141934262	141934684	LTR/ERV1	3257	+	211	141934473	64430
chrX	15810184	16010184	harbor1	chrX	15882701	15883107	LTR/ERV1	2655	+	203	15882904	72720
chrX	15810184	16010184	harbor1	chrX	15883558	15883999	LTR/ERV1	1317	+	220	15883778	73594
chrX	15810184	16010184	harbor1	chrX	15909575	15910140	LTR/ERV1	2306	+	282	15909857	99673
chrX	154546018	154746018	harbor1	chrX	154597533	154597855	LTR/ERV1	1618	+	161	154597694	51676
chrX	154546018	154746018	harbor1	chrX	154616046	154616351	LTR/ERV1	1368	+	152	154616198	70180
chrX	154546018	154746018	harbor1	chrX	154634733	154635341	LTR/ERV1	1863	+	304	154635037	89019
chrX	153929940	154129940	harbor1	chrX	153940490	153940858	LTR/ERV1	4293	+	184	153940674	10734
chrX	153929940	154129940	harbor1	chrX	153941167	153941344	LTR/ERV1	4293	+	88	153941255	11315
chrX	153929940	154129940	harbor1	chrX	153996143	153996548	LTR/ERV1	2456	+	202	153996345	66405
chrX	153929940	154129940	harbor1	chrX	153999855	153999962	LTR/ERV1	616	+	54	153999909	69969
chrX	83114404	83314404	harbor1	chrX	83159722	83160006	LTR/ERV1	1078	+	142	83159864	45460
chrX	83114404	83314404	harbor1	chrX	83160050	83160213	LTR/ERV1	528	+	82	83160132	45728
chrX	83114404	83314404	harbor1	chrX	83161078	83162234	LTR/ERV1	3280	+	578	83161656	47252
chrX	83114404	83314404	harbor1	chrX	83162521	83163671	LTR/ERV1	3280	+	575	83163096	48692
chrX	83114404	83314404	harbor1	chrX	83163671	83163843	LTR/ERV1	867	+	86	83163757	49353
chrX	83114404	83314404	harbor1	chrX	83163882	83163969	LTR/ERV1	769	+	44	83163926	49522
chrX	83114404	83314404	harbor1	chrX	83164285	83164550	LTR/ERV1	769	+	132	83164417	50013
chrX	83114404	83314404	harbor1	chrX	83164696	83165080	LTR/ERV1	1467	+	192	83164888	50484
chrX	83114404	83314404	harbor1	chrX	83171900	83171981	LTR/ERV1	546	+	40	83171940	57536
chrX	83114404	83314404	harbor1	chrX	83171982	83172447	LTR/ERV1	1873	+	232	83172214	57810
chrX	3494403	3694403	harbor1	chrX	3509228	3509609	LTR/ERV1	1946	+	190	3509418	15015
chrX	3494403	3694403	harbor1	chrX	3532706	3533311	LTR/ERV1	3751	+	302	3533008	38605
chrX	3494403	3694403	harbor1	chrX	3537902	3538044	LTR/ERV1	869	+	71	3537973	43570
chrX	3494403	3694403	harbor1	chrX	3550237	3550633	LTR/ERV1	2661	+	198	3550435	56032
chrX	3494403	3694403	harbor1	chrX	3550876	3550981	LTR/ERV1	2661	+	52	3550928	56525
chrX	3494403	3694403	harbor1	chrX	3570811	3571438	LTR/ERV1	4513	+	314	3571125	76722
chrX	3494403	3694403	harbor1	chrX	3584196	3584299	LTR/ERV1	539	+	52	3584248	89845
chrX	3494403	3694403	harbor1	chrX	3591300	3591596	LTR/ERV1	2121	+	148	3591448	97045
chrX	3494403	3694403	harbor1	chrX	3587738	3588120	LTR/ERV1	2180	+	191	3587929	93526
chrX	93138540	93338540	harbor1	chrX	93149102	93149759	LTR/ERV1	2985	+	328	93149430	10890
chrX	93138540	93338540	harbor1	chrX	93174412	93175742	LTR/ERV1	6775	+	665	93175077	36537
chrX	93138540	93338540	harbor1	chrX	93176452	93177804	LTR/ERV1	6639	+	676	93177128	38588
chrX	93138540	93338540	harbor1	chrX	93177821	93178505	LTR/ERV1	3747	+	342	93178163	39623
chrX	93138540	93338540	harbor1	chrX	93178505	93178668	LTR/ERV1	780	+	82	93178587	40047
chrX	93138540	93338540	harbor1	chrX	93178671	93179323	LTR/ERV1	2272	+	326	93178997	40457
chrX	93138540	93338540	harbor1	chrX	93179316	93180916	LTR/ERV1	4494	+	800	93180116	41576
chrX	93138540	93338540	harbor1	chrX	93180919	93181129	LTR/ERV1	1298	+	105	93181024	42484
chrX	93138540	93338540	harbor1	chrX	93181130	93182450	LTR/ERV1	6419	+	660	93181790	43250
chrX	93138540	93338540	harbor1	chrX	93235549	93236375	LTR/ERV1	5520	+	413	93235962	97422
chrX	93138540	93338540	harbor1	chrX	93236879	93239185	LTR/ERV1	19481	+	1153	93238032	99492
chrX	93138540	93338540	harbor1	chrX	93175743	93176302	LTR/ERV1	3378	+	280	93176023	37483
