H_chr	H_start	H_end	Harbor	TE_chr	TE_start	TE_end	TE	score	TE_strand	TE_half	TE_middle_pos	TE_dis
chr1	238791763	238991763	harbor2	chr1	238838187	238838361	LTR/ERVL-MaLR	1004	-	87	238838274	46511
chr1	238791763	238991763	harbor2	chr1	238838392	238838545	LTR/ERVL-MaLR	1004	-	76	238838468	46705
chr1	238791763	238991763	harbor2	chr1	238841537	238841915	LTR/ERVL-MaLR	650	-	189	238841726	49963
chr1	238791763	238991763	harbor2	chr1	238880463	238880719	LTR/ERVL-MaLR	472	-	128	238880591	88828
chr1	85236785	85436785	harbor2	chr1	85247963	85248330	LTR/ERVL-MaLR	2278	-	184	85248147	11362
chr1	85236785	85436785	harbor2	chr1	85248331	85249900	LTR/ERVL-MaLR	11829	-	784	85249115	12330
chr1	85236785	85436785	harbor2	chr1	85249901	85250258	LTR/ERVL-MaLR	2057	-	178	85250079	13294
chr1	85236785	85436785	harbor2	chr1	85281233	85281606	LTR/ERVL-MaLR	1775	-	186	85281419	44634
chr1	85236785	85436785	harbor2	chr1	85281911	85281986	LTR/ERVL-MaLR	1775	-	38	85281949	45164
chr1	85236785	85436785	harbor2	chr1	85286131	85286457	LTR/ERVL-MaLR	1708	-	163	85286294	49509
chr1	85236785	85436785	harbor2	chr1	85303769	85304107	LTR/ERVL-MaLR	851	-	169	85303938	67153
chr1	83434866	83634866	harbor2	chr1	83461709	83462070	LTR/ERVL-MaLR	2099	-	180	83461889	27023
chr1	83434866	83634866	harbor2	chr1	83478618	83478992	LTR/ERVL-MaLR	1850	-	187	83478805	43939
chr1	83434866	83634866	harbor2	chr1	83479125	83479488	LTR/ERVL-MaLR	1892	-	182	83479307	44441
chr1	83434866	83634866	harbor2	chr1	83494522	83494877	LTR/ERVL-MaLR	1666	-	178	83494700	59834
chr1	83434866	83634866	harbor2	chr1	83510749	83511101	LTR/ERVL-MaLR	553	-	176	83510925	76059
chr1	83434866	83634866	harbor2	chr1	83514703	83514899	LTR/ERVL-MaLR	1089	-	98	83514801	79935
chr1	83434866	83634866	harbor2	chr1	83515087	83515262	LTR/ERVL-MaLR	983	-	88	83515175	80309
chr1	83434866	83634866	harbor2	chr1	83515941	83516159	LTR/ERVL-MaLR	489	-	109	83516050	81184
chr1	83434866	83634866	harbor2	chr1	83519710	83520164	LTR/ERVL-MaLR	1512	-	227	83519937	85071
chr1	83434866	83634866	harbor2	chr1	83520177	83520622	LTR/ERVL-MaLR	1494	-	222	83520399	85533
chr1	223639212	223839212	harbor2	chr1	223673335	223673691	LTR/ERVL-MaLR	2043	-	178	223673513	34301
chr1	223639212	223839212	harbor2	chr1	223675299	223675644	LTR/ERVL-MaLR	1221	-	172	223675471	36259
chr1	223639212	223839212	harbor2	chr1	223675946	223676287	LTR/ERVL-MaLR	2294	-	170	223676116	36904
chr1	223639212	223839212	harbor2	chr1	223678792	223679294	LTR/ERVL-MaLR	1719	-	251	223679043	39831
chr1	223639212	223839212	harbor2	chr1	223679906	223680145	LTR/ERVL-MaLR	560	-	120	223680026	40814
chr1	223639212	223839212	harbor2	chr1	223728131	223728631	LTR/ERVL-MaLR	978	-	250	223728381	89169
chr1	223639212	223839212	harbor2	chr1	223673692	223675295	LTR/ERVL-MaLR	10675	-	802	223674494	35282
chr1	181675233	181875233	harbor2	chr1	181682537	181682962	LTR/ERVL-MaLR	2743	-	212	181682749	7516
chr1	181675233	181875233	harbor2	chr1	181774394	181774671	LTR/ERVL-MaLR	765	-	138	181774532	99299
chr1	181675233	181875233	harbor2	chr1	181774850	181774963	LTR/ERVL-MaLR	449	-	56	181774906	99673
chr1	178027537	178227537	harbor2	chr1	178068855	178069402	LTR/ERVL-MaLR	1669	-	274	178069129	41592
chr1	178027537	178227537	harbor2	chr1	178073000	178073367	LTR/ERVL-MaLR	2207	-	184	178073184	45647
chr1	178027537	178227537	harbor2	chr1	178125375	178125533	LTR/ERVL-MaLR	990	-	79	178125454	97917
chr1	179174585	179374585	harbor2	chr1	179211946	179212295	LTR/ERVL-MaLR	1918	-	174	179212120	37535
chr1	179174585	179374585	harbor2	chr1	179234983	179235111	LTR/ERVL-MaLR	616	-	64	179235047	60462
chr1	179174585	179374585	harbor2	chr1	179258426	179258662	LTR/ERVL-MaLR	843	-	118	179258544	83959
chr1	179174585	179374585	harbor2	chr1	179267247	179267371	LTR/ERVL-MaLR	655	-	62	179267309	92724
chr1	179174585	179374585	harbor2	chr1	179267674	179267720	LTR/ERVL-MaLR	655	-	23	179267697	93112
chr1	179174585	179374585	harbor2	chr1	179269284	179269454	LTR/ERVL-MaLR	716	-	85	179269369	94784
chr1	179174585	179374585	harbor2	chr1	179269587	179269943	LTR/ERVL-MaLR	921	-	178	179269765	95180
chr1	237881455	238081455	harbor2	chr1	237896892	237897391	LTR/ERVL-MaLR	1501	-	250	237897142	15687
chr1	237881455	238081455	harbor2	chr1	237934091	237934271	LTR/ERVL-MaLR	2321	-	90	237934181	52726
chr1	237881455	238081455	harbor2	chr1	237934761	237934960	LTR/ERVL-MaLR	2321	-	100	237934861	53406
chr1	237881455	238081455	harbor2	chr1	237965696	237965991	LTR/ERVL-MaLR	416	-	148	237965844	84389
chr1	247524244	247724244	harbor2	chr1	247559621	247560007	LTR/ERVL-MaLR	2078	-	193	247559814	35570
chr1	247524244	247724244	harbor2	chr1	247577699	247577930	LTR/ERVL-MaLR	984	-	116	247577815	53571
chr1	213652921	213852921	harbor2	chr1	213693472	213694106	LTR/ERVL-MaLR	657	-	317	213693789	40868
chr1	213652921	213852921	harbor2	chr1	213694318	213694557	LTR/ERVL-MaLR	538	-	120	213694438	41517
chr1	213652921	213852921	harbor2	chr1	213723292	213723673	LTR/ERVL-MaLR	2062	-	190	213723482	70561
chr1	213652921	213852921	harbor2	chr1	213736135	213736665	LTR/ERVL-MaLR	1378	-	265	213736400	83479
chr1	107497052	107697052	harbor2	chr1	107550388	107550739	LTR/ERVL-MaLR	2348	-	176	107550564	53512
chr1	107497052	107697052	harbor2	chr1	107559720	107560108	LTR/ERVL-MaLR	1182	-	194	107559914	62862
chr1	113830100	114030100	harbor2	chr1	113890700	113890958	LTR/ERVL-MaLR	689	-	129	113890829	60729
chr1	248710745	248910745	harbor2	chr1	248749398	248749763	LTR/ERVL-MaLR	1483	-	182	248749580	38835
chr1	248710745	248910745	harbor2	chr1	248778528	248778825	LTR/ERVL-MaLR	1852	-	148	248778676	67931
chr1	248710745	248910745	harbor2	chr1	248778822	248779329	LTR/ERVL-MaLR	3493	-	254	248779076	68331
chr1	248710745	248910745	harbor2	chr1	248779331	248779685	LTR/ERVL-MaLR	1721	-	177	248779508	68763
chr1	248710745	248910745	harbor2	chr1	248786161	248786541	LTR/ERVL-MaLR	490	-	190	248786351	75606
chr1	248710745	248910745	harbor2	chr1	248801645	248801814	LTR/ERVL-MaLR	1096	-	84	248801729	90984
chr1	209361823	209561823	harbor2	chr1	209371288	209371704	LTR/ERVL-MaLR	1200	-	208	209371496	9673
chr1	209361823	209561823	harbor2	chr1	209393754	209394282	LTR/ERVL-MaLR	1321	-	264	209394018	32195
chr1	218223925	218423925	harbor2	chr1	218248840	218249199	LTR/ERVL-MaLR	1872	-	180	218249020	25095
chr1	218223925	218423925	harbor2	chr1	218267150	218267523	LTR/ERVL-MaLR	2061	-	186	218267336	43411
chr1	240507613	240707613	harbor2	chr1	240525427	240525497	LTR/ERVL-MaLR	2109	-	35	240525462	17849
chr1	240507613	240707613	harbor2	chr1	240525777	240526225	LTR/ERVL-MaLR	2109	-	224	240526001	18388
chr1	240507613	240707613	harbor2	chr1	240543252	240543607	LTR/ERVL-MaLR	2192	-	178	240543430	35817
chr1	240507613	240707613	harbor2	chr1	240603855	240604289	LTR/ERVL-MaLR	2027	-	217	240604072	96459
chr1	248280982	248480982	harbor2	chr1	248334328	248334664	LTR/ERVL-MaLR	1842	-	168	248334496	53514
chr1	248280982	248480982	harbor2	chr1	248352864	248353095	LTR/ERVL-MaLR	630	-	116	248352980	71998
chr1	23715438	23915438	harbor2	chr1	23719378	23719789	LTR/ERVL-MaLR	1873	-	206	23719584	4146
chr1	23715438	23915438	harbor2	chr1	23719906	23720011	LTR/ERVL-MaLR	1873	-	52	23719958	4520
chr1	23715438	23915438	harbor2	chr1	23768866	23769247	LTR/ERVL-MaLR	689	-	190	23769056	53618
chr1	57565137	57765137	harbor2	chr1	57572655	57573062	LTR/ERVL-MaLR	2347	-	204	57572859	7722
chr1	57565137	57765137	harbor2	chr1	57581862	57582139	LTR/ERVL-MaLR	1747	-	138	57582000	16863
chr1	57565137	57765137	harbor2	chr1	57582140	57582497	LTR/ERVL-MaLR	1881	-	178	57582318	17181
chr1	57565137	57765137	harbor2	chr1	57582498	57582596	LTR/ERVL-MaLR	1747	-	49	57582547	17410
chr1	57565137	57765137	harbor2	chr1	57590014	57590297	LTR/ERVL-MaLR	1514	-	142	57590156	25019
chr1	57565137	57765137	harbor2	chr1	57590631	57590735	LTR/ERVL-MaLR	1514	-	52	57590683	25546
chr1	57565137	57765137	harbor2	chr1	57592706	57593012	LTR/ERVL-MaLR	926	-	153	57592859	27722
chr1	57565137	57765137	harbor2	chr1	57610534	57610880	LTR/ERVL-MaLR	2038	-	173	57610707	45570
chr1	57565137	57765137	harbor2	chr1	57626566	57626927	LTR/ERVL-MaLR	1942	-	180	57626746	61609
chr1	57565137	57765137	harbor2	chr1	57662996	57663377	LTR/ERVL-MaLR	2258	-	190	57663186	98049
chr1	174449313	174649313	harbor2	chr1	174522599	174522993	LTR/ERVL-MaLR	2600	-	197	174522796	73483
chr1	170157294	170357294	harbor2	chr1	170201521	170201900	LTR/ERVL-MaLR	1418	-	190	170201711	44417
chr1	170157294	170357294	harbor2	chr1	170209299	170209808	LTR/ERVL-MaLR	777	-	254	170209553	52259
chr1	170157294	170357294	harbor2	chr1	170223972	170224332	LTR/ERVL-MaLR	2293	-	180	170224152	66858
chr1	239853196	240053196	harbor2	chr1	239934219	239934439	LTR/ERVL-MaLR	507	-	110	239934329	81133
chr1	239853196	240053196	harbor2	chr1	239942795	239943180	LTR/ERVL-MaLR	2455	-	192	239942987	89791
chr1	239853196	240053196	harbor2	chr1	239943181	239943482	LTR/ERVL-MaLR	1778	-	150	239943331	90135
chr1	239853196	240053196	harbor2	chr1	239946995	239947476	LTR/ERVL-MaLR	594	-	240	239947235	94039
chr1	239853196	240053196	harbor2	chr1	239947766	239947970	LTR/ERVL-MaLR	411	-	102	239947868	94672
chr1	239853196	240053196	harbor2	chr1	239943484	239944914	LTR/ERVL-MaLR	9347	-	715	239944199	91003
chr1	194213516	194413516	harbor2	chr1	194250316	194250690	LTR/ERVL-MaLR	2250	-	187	194250503	36987
chr1	194213516	194413516	harbor2	chr1	194278727	194279137	LTR/ERVL-MaLR	653	-	205	194278932	65416
chr1	153694467	153894467	harbor2	chr1	153789769	153790210	LTR/ERVL-MaLR	1281	-	220	153789989	95522
chr1	153694467	153894467	harbor2	chr1	153791996	153792235	LTR/ERVL-MaLR	672	-	120	153792116	97649
chr1	245342135	245542135	harbor2	chr1	245348362	245348718	LTR/ERVL-MaLR	1880	-	178	245348540	6405
chr1	245342135	245542135	harbor2	chr1	245368589	245368850	LTR/ERVL-MaLR	755	-	130	245368719	26584
chr1	245342135	245542135	harbor2	chr1	245376626	245376678	LTR/ERVL-MaLR	863	-	26	245376652	34517
chr1	245342135	245542135	harbor2	chr1	245377215	245377487	LTR/ERVL-MaLR	863	-	136	245377351	35216
chr1	239353691	239553691	harbor2	chr1	239365129	239365495	LTR/ERVL-MaLR	2441	-	183	239365312	11621
chr1	239353691	239553691	harbor2	chr1	239382667	239383004	LTR/ERVL-MaLR	2013	-	168	239382835	29144
chr1	239353691	239553691	harbor2	chr1	239394160	239394575	LTR/ERVL-MaLR	1190	-	208	239394368	40677
chr1	172903948	173103948	harbor2	chr1	172942611	172942991	LTR/ERVL-MaLR	1361	-	190	172942801	38853
chr1	172903948	173103948	harbor2	chr1	172950937	172951103	LTR/ERVL-MaLR	570	-	83	172951020	47072
chr1	172903948	173103948	harbor2	chr1	172951954	172952275	LTR/ERVL-MaLR	790	-	160	172952114	48166
chr1	235595329	235795329	harbor2	chr1	235604353	235604779	LTR/ERVL-MaLR	1529	-	213	235604566	9237
chr1	235595329	235795329	harbor2	chr1	235612486	235612535	LTR/ERVL-MaLR	1601	-	24	235612510	17181
chr1	235595329	235795329	harbor2	chr1	235612823	235613146	LTR/ERVL-MaLR	1601	-	162	235612985	17656
chr1	235595329	235795329	harbor2	chr1	235638254	235638484	LTR/ERVL-MaLR	1951	-	115	235638369	43040
chr1	235595329	235795329	harbor2	chr1	235639030	235639279	LTR/ERVL-MaLR	1951	-	124	235639154	43825
chr1	223533943	223733943	harbor2	chr1	223537962	223538327	LTR/ERVL-MaLR	2129	-	182	223538144	4201
chr1	118918529	119118529	harbor2	chr1	119015225	119015604	LTR/ERVL-MaLR	1971	-	190	119015415	96886
chr1	168838826	169038826	harbor2	chr1	168870280	168870559	LTR/ERVL-MaLR	425	-	140	168870420	31594
chr1	168838826	169038826	harbor2	chr1	168899705	168900271	LTR/ERVL-MaLR	849	-	283	168899988	61162
chr1	231655327	231855327	harbor2	chr1	231685311	231685441	LTR/ERVL-MaLR	1027	-	65	231685376	30049
chr1	231655327	231855327	harbor2	chr1	231687235	231687586	LTR/ERVL-MaLR	2463	-	176	231687411	32084
chr1	231655327	231855327	harbor2	chr1	231701005	231701356	LTR/ERVL-MaLR	2643	-	176	231701181	45854
chr1	231655327	231855327	harbor2	chr1	231710511	231710899	LTR/ERVL-MaLR	2184	-	194	231710705	55378
chr1	231655327	231855327	harbor2	chr1	231714802	231714981	LTR/ERVL-MaLR	586	-	90	231714892	59565
chr1	231655327	231855327	harbor2	chr1	231752176	231752599	LTR/ERVL-MaLR	2901	-	212	231752388	97061
chr1	231655327	231855327	harbor2	chr1	231752600	231754223	LTR/ERVL-MaLR	10128	-	812	231753412	98085
chr1	231655327	231855327	harbor2	chr1	231754224	231754637	LTR/ERVL-MaLR	2848	-	206	231754430	99103
chr1	231655327	231855327	harbor2	chr1	231685767	231687234	LTR/ERVL-MaLR	11334	-	734	231686501	31174
chr1	88435331	88635331	harbor2	chr1	88469194	88469643	LTR/ERVL-MaLR	643	-	224	88469418	34087
chr1	88435331	88635331	harbor2	chr1	88480129	88480486	LTR/ERVL-MaLR	2112	-	178	88480307	44976
chr1	88435331	88635331	harbor2	chr1	88493315	88493873	LTR/ERVL-MaLR	1827	-	279	88493594	58263
chr1	88435331	88635331	harbor2	chr1	88513264	88513637	LTR/ERVL-MaLR	2371	-	186	88513450	78119
chr1	88435331	88635331	harbor2	chr1	88533729	88534222	LTR/ERVL-MaLR	1098	-	246	88533975	98644
chr1	195067331	195267331	harbor2	chr1	195081508	195081886	LTR/ERVL-MaLR	2010	-	189	195081697	14366
chr1	195067331	195267331	harbor2	chr1	195082944	195083383	LTR/ERVL-MaLR	2386	-	220	195083164	15833
chr1	195067331	195267331	harbor2	chr1	195104745	195106208	LTR/ERVL-MaLR	7926	-	732	195105477	38146
chr1	195067331	195267331	harbor2	chr1	195106217	195106615	LTR/ERVL-MaLR	1609	-	199	195106416	39085
chr1	195067331	195267331	harbor2	chr1	195127574	195127958	LTR/ERVL-MaLR	2037	-	192	195127766	60435
chr1	195067331	195267331	harbor2	chr1	195127959	195129568	LTR/ERVL-MaLR	9636	-	804	195128763	61432
chr1	195067331	195267331	harbor2	chr1	195129571	195129943	LTR/ERVL-MaLR	1952	-	186	195129757	62426
chr1	195067331	195267331	harbor2	chr1	195133136	195133458	LTR/ERVL-MaLR	814	-	161	195133297	65966
chr1	87888360	88088360	harbor2	chr1	87906919	87907412	LTR/ERVL-MaLR	1613	-	246	87907165	18805
chr1	240711816	240911816	harbor2	chr1	240767586	240767957	LTR/ERVL-MaLR	1808	-	186	240767772	55956
chr1	240711816	240911816	harbor2	chr1	240777560	240777855	LTR/ERVL-MaLR	1612	-	148	240777708	65892
chr1	240711816	240911816	harbor2	chr1	240778193	240778310	LTR/ERVL-MaLR	520	-	58	240778251	66435
chr1	247566504	247766504	harbor2	chr1	247577699	247577930	LTR/ERVL-MaLR	984	-	116	247577815	11311
chr1	181095157	181295157	harbor2	chr1	181095281	181095593	LTR/ERVL-MaLR	1369	-	156	181095437	280
chr1	181095157	181295157	harbor2	chr1	181103572	181103858	LTR/ERVL-MaLR	991	-	143	181103715	8558
chr1	181095157	181295157	harbor2	chr1	181150167	181150583	LTR/ERVL-MaLR	1856	-	208	181150375	55218
chr1	181095157	181295157	harbor2	chr1	181163065	181163435	LTR/ERVL-MaLR	1619	-	185	181163250	68093
chr1	181095157	181295157	harbor2	chr1	181164841	181165210	LTR/ERVL-MaLR	2269	-	184	181165025	69868
chr1	187534147	187734147	harbor2	chr1	187551454	187551840	LTR/ERVL-MaLR	1901	-	193	187551647	17500
chr1	187534147	187734147	harbor2	chr1	187552199	187552553	LTR/ERVL-MaLR	2041	-	177	187552376	18229
chr1	187534147	187734147	harbor2	chr1	187587474	187587847	LTR/ERVL-MaLR	1554	-	186	187587660	53513
chr1	187534147	187734147	harbor2	chr1	187596849	187597331	LTR/ERVL-MaLR	2825	-	241	187597090	62943
chr1	187534147	187734147	harbor2	chr1	187615023	187615398	LTR/ERVL-MaLR	2561	-	188	187615211	81064
chr1	187534147	187734147	harbor2	chr1	187596473	187596844	LTR/ERVL-MaLR	2230	-	186	187596659	62512
chr1	232152947	232352947	harbor2	chr1	232161965	232162346	LTR/ERVL-MaLR	2179	-	190	232162155	9208
chr1	232152947	232352947	harbor2	chr1	232162951	232163313	LTR/ERVL-MaLR	2770	-	181	232163132	10185
chr1	232152947	232352947	harbor2	chr1	232166328	232166719	LTR/ERVL-MaLR	1100	-	196	232166524	13577
chr1	232152947	232352947	harbor2	chr1	232167626	232167657	LTR/ERVL-MaLR	2140	-	16	232167642	14695
chr1	232152947	232352947	harbor2	chr1	232167962	232168468	LTR/ERVL-MaLR	2140	-	253	232168215	15268
chr1	232152947	232352947	harbor2	chr1	232169122	232169424	LTR/ERVL-MaLR	2140	-	151	232169273	16326
chr1	232152947	232352947	harbor2	chr1	232169440	232169789	LTR/ERVL-MaLR	675	-	174	232169614	16667
chr1	232152947	232352947	harbor2	chr1	232235416	232235737	LTR/ERVL-MaLR	1528	-	160	232235576	82629
chr1	232152947	232352947	harbor2	chr1	232245552	232245985	LTR/ERVL-MaLR	2586	-	216	232245768	92821
chr1	167129795	167329795	harbor2	chr1	167156157	167156542	LTR/ERVL-MaLR	1833	-	192	167156349	26554
chr1	167129795	167329795	harbor2	chr1	167159895	167160296	LTR/ERVL-MaLR	1565	-	200	167160095	30300
chr1	167129795	167329795	harbor2	chr1	167176241	167176604	LTR/ERVL-MaLR	1854	-	182	167176423	46628
chr1	167129795	167329795	harbor2	chr1	167176609	167178031	LTR/ERVL-MaLR	4225	-	711	167177320	47525
chr1	167129795	167329795	harbor2	chr1	167178036	167178391	LTR/ERVL-MaLR	1538	-	178	167178214	48419
chr1	167129795	167329795	harbor2	chr1	167182380	167182663	LTR/ERVL-MaLR	897	-	142	167182522	52727
chr1	167129795	167329795	harbor2	chr1	167182666	167183139	LTR/ERVL-MaLR	1813	-	236	167182902	53107
chr1	167129795	167329795	harbor2	chr1	167186445	167186758	LTR/ERVL-MaLR	1364	-	156	167186601	56806
chr1	167129795	167329795	harbor2	chr1	167197986	167198321	LTR/ERVL-MaLR	685	-	168	167198154	68359
chr1	167129795	167329795	harbor2	chr1	167208464	167208908	LTR/ERVL-MaLR	2252	-	222	167208686	78891
chr1	167129795	167329795	harbor2	chr1	167216339	167216435	LTR/ERVL-MaLR	483	-	48	167216387	86592
chr1	167129795	167329795	harbor2	chr1	167216692	167216815	LTR/ERVL-MaLR	483	-	62	167216754	86959
chr1	185028550	185228550	harbor2	chr1	185028400	185028783	LTR/ERVL-MaLR	2443	-	192	185028592	42
chr1	185028550	185228550	harbor2	chr1	185063566	185064093	LTR/ERVL-MaLR	2127	-	264	185063830	35280
chr1	185028550	185228550	harbor2	chr1	185075485	185075854	LTR/ERVL-MaLR	1880	-	184	185075669	47119
chr1	185028550	185228550	harbor2	chr1	185087157	185087503	LTR/ERVL-MaLR	1755	-	173	185087330	58780
chr1	185028550	185228550	harbor2	chr1	185108725	185108950	LTR/ERVL-MaLR	1664	-	112	185108837	80287
chr1	185028550	185228550	harbor2	chr1	185109255	185109467	LTR/ERVL-MaLR	1664	-	106	185109361	80811
chr1	185028550	185228550	harbor2	chr1	185109472	185110649	LTR/ERVL-MaLR	2199	-	588	185110060	81510
chr1	185028550	185228550	harbor2	chr1	185111163	185111418	LTR/ERVL-MaLR	1171	-	128	185111291	82741
chr1	238308423	238508423	harbor2	chr1	238312254	238312590	LTR/ERVL-MaLR	1302	-	168	238312422	3999
chr1	238308423	238508423	harbor2	chr1	238332706	238333375	LTR/ERVL-MaLR	1937	-	334	238333040	24617
chr1	238308423	238508423	harbor2	chr1	238333418	238333686	LTR/ERVL-MaLR	711	-	134	238333552	25129
chr1	238308423	238508423	harbor2	chr1	238346464	238346825	LTR/ERVL-MaLR	1976	-	180	238346644	38221
chr1	238308423	238508423	harbor2	chr1	238356326	238356697	LTR/ERVL-MaLR	1780	-	186	238356512	48089
chr1	238308423	238508423	harbor2	chr1	238369633	238369990	LTR/ERVL-MaLR	2486	-	178	238369811	61388
chr1	238308423	238508423	harbor2	chr1	238401581	238401989	LTR/ERVL-MaLR	2470	-	204	238401785	93362
chr1	232561820	232761820	harbor2	chr1	232598511	232598855	LTR/ERVL-MaLR	1854	-	172	232598683	36863
chr1	232561820	232761820	harbor2	chr1	232643915	232644268	LTR/ERVL-MaLR	2415	-	176	232644091	82271
chr1	232561820	232761820	harbor2	chr1	232648479	232649006	LTR/ERVL-MaLR	1985	-	264	232648743	86923
chr1	239828801	240028801	harbor2	chr1	239846910	239847230	LTR/ERVL-MaLR	541	-	160	239847070	18269
chr1	235282553	235482553	harbor2	chr1	235357540	235357682	LTR/ERVL-MaLR	485	-	71	235357611	75058
chr1	235282553	235482553	harbor2	chr1	235357771	235357941	LTR/ERVL-MaLR	709	-	85	235357856	75303
chr1	245311543	245511543	harbor2	chr1	245348362	245348718	LTR/ERVL-MaLR	1880	-	178	245348540	36997
chr1	245311543	245511543	harbor2	chr1	245368589	245368850	LTR/ERVL-MaLR	755	-	130	245368719	57176
chr1	245311543	245511543	harbor2	chr1	245376626	245376678	LTR/ERVL-MaLR	863	-	26	245376652	65109
chr1	245311543	245511543	harbor2	chr1	245377215	245377487	LTR/ERVL-MaLR	863	-	136	245377351	65808
chr1	212945932	213145932	harbor2	chr1	212983234	212983619	LTR/ERVL-MaLR	1575	-	192	212983426	37494
chr1	212945932	213145932	harbor2	chr1	212985741	212986039	LTR/ERVL-MaLR	904	-	149	212985890	39958
chr1	212945932	213145932	harbor2	chr1	213034843	213035247	LTR/ERVL-MaLR	2066	-	202	213035045	89113
chr1	212945932	213145932	harbor2	chr1	213035558	213035605	LTR/ERVL-MaLR	2066	-	24	213035582	89650
chr1	212945932	213145932	harbor2	chr1	213041369	213041592	LTR/ERVL-MaLR	1075	-	112	213041481	95549
chr1	86465300	86665300	harbor2	chr1	86483819	86484179	LTR/ERVL-MaLR	2093	-	180	86483999	18699
chr1	86465300	86665300	harbor2	chr1	86485856	86486017	LTR/ERVL-MaLR	2078	-	80	86485936	20636
chr1	86465300	86665300	harbor2	chr1	86486043	86486246	LTR/ERVL-MaLR	2078	-	102	86486145	20845
chr1	86465300	86665300	harbor2	chr1	86524720	86525175	LTR/ERVL-MaLR	1931	-	228	86524948	59648
chr1	86465300	86665300	harbor2	chr1	86558497	86558866	LTR/ERVL-MaLR	2510	-	184	86558681	93381
chr1	146585524	146785524	harbor2	chr1	146586874	146587231	LTR/ERVL-MaLR	2252	-	178	146587052	1528
chr1	146585524	146785524	harbor2	chr1	146595413	146595792	LTR/ERVL-MaLR	2381	-	190	146595603	10079
chr1	146585524	146785524	harbor2	chr1	146607333	146607457	LTR/ERVL-MaLR	649	-	62	146607395	21871
chr1	146585524	146785524	harbor2	chr1	146609787	146610274	LTR/ERVL-MaLR	1800	-	244	146610031	24507
chr1	146585524	146785524	harbor2	chr1	146611433	146611738	LTR/ERVL-MaLR	1397	-	152	146611585	26061
chr1	146585524	146785524	harbor2	chr1	146629809	146630308	LTR/ERVL-MaLR	1601	-	250	146630059	44535
chr1	146585524	146785524	harbor2	chr1	146631770	146632118	LTR/ERVL-MaLR	1238	-	174	146631944	46420
chr1	146585524	146785524	harbor2	chr1	146672953	146673526	LTR/ERVL-MaLR	1984	-	286	146673239	87715
chr1	172255479	172455479	harbor2	chr1	172263450	172263804	LTR/ERVL-MaLR	2690	-	177	172263627	8148
chr1	172255479	172455479	harbor2	chr1	172332175	172332309	LTR/ERVL-MaLR	1323	-	67	172332242	76763
chr1	172255479	172455479	harbor2	chr1	172332609	172332856	LTR/ERVL-MaLR	1323	-	124	172332733	77254
chr1	218261884	218461884	harbor2	chr1	218267150	218267523	LTR/ERVL-MaLR	2061	-	186	218267336	5452
chr1	194452348	194652348	harbor2	chr1	194453267	194453670	LTR/ERVL-MaLR	1622	-	202	194453469	1121
chr1	194452348	194652348	harbor2	chr1	194454897	194455186	LTR/ERVL-MaLR	1822	-	144	194455041	2693
chr1	194452348	194652348	harbor2	chr1	194455187	194456771	LTR/ERVL-MaLR	10510	-	792	194455979	3631
chr1	194452348	194652348	harbor2	chr1	194456772	194457111	LTR/ERVL-MaLR	2476	-	170	194456942	4594
chr1	194452348	194652348	harbor2	chr1	194492387	194492618	LTR/ERVL-MaLR	1552	-	116	194492503	40155
chr1	194452348	194652348	harbor2	chr1	194494970	194495173	LTR/ERVL-MaLR	917	-	102	194495072	42724
chr1	194452348	194652348	harbor2	chr1	194495174	194495869	LTR/ERVL-MaLR	4459	-	348	194495522	43174
chr1	194452348	194652348	harbor2	chr1	194495884	194496564	LTR/ERVL-MaLR	4203	-	340	194496224	43876
chr1	194452348	194652348	harbor2	chr1	194496565	194496949	LTR/ERVL-MaLR	1990	-	192	194496757	44409
chr1	194452348	194652348	harbor2	chr1	194501638	194502017	LTR/ERVL-MaLR	492	-	190	194501828	49480
chr1	194452348	194652348	harbor2	chr1	194538513	194538859	LTR/ERVL-MaLR	1501	-	173	194538686	86338
chr1	245832758	246032758	harbor2	chr1	245844439	245844747	LTR/ERVL-MaLR	437	-	154	245844593	11835
chr1	245832758	246032758	harbor2	chr1	245903732	245904066	LTR/ERVL-MaLR	2087	-	167	245903899	71141
chr1	245832758	246032758	harbor2	chr1	245925916	245926264	LTR/ERVL-MaLR	826	-	174	245926090	93332
chr1	241559101	241759101	harbor2	chr1	241567192	241567559	LTR/ERVL-MaLR	2080	-	184	241567376	8275
chr1	241559101	241759101	harbor2	chr1	241578746	241579107	LTR/ERVL-MaLR	2166	-	180	241578926	19825
chr1	241559101	241759101	harbor2	chr1	241602478	241602863	LTR/ERVL-MaLR	840	-	192	241602670	43569
chr1	115597040	115797040	harbor2	chr1	115616013	115616373	LTR/ERVL-MaLR	2257	-	180	115616193	19153
chr1	115597040	115797040	harbor2	chr1	115657696	115658102	LTR/ERVL-MaLR	2466	-	203	115657899	60859
chr1	115597040	115797040	harbor2	chr1	115668539	115668995	LTR/ERVL-MaLR	617	-	228	115668767	71727
chr1	115597040	115797040	harbor2	chr1	115673340	115673594	LTR/ERVL-MaLR	1047	-	127	115673467	76427
chr1	115597040	115797040	harbor2	chr1	115673888	115674028	LTR/ERVL-MaLR	1047	-	70	115673958	76918
chr1	247598332	247798332	harbor2	chr1	247693802	247694295	LTR/ERVL-MaLR	1521	-	246	247694048	95716
chr1	238790332	238990332	harbor2	chr1	238838187	238838361	LTR/ERVL-MaLR	1004	-	87	238838274	47942
chr1	238790332	238990332	harbor2	chr1	238838392	238838545	LTR/ERVL-MaLR	1004	-	76	238838468	48136
chr1	238790332	238990332	harbor2	chr1	238841537	238841915	LTR/ERVL-MaLR	650	-	189	238841726	51394
chr1	238790332	238990332	harbor2	chr1	238880463	238880719	LTR/ERVL-MaLR	472	-	128	238880591	90259
chr1	231376587	231576587	harbor2	chr1	231417001	231417101	LTR/ERVL-MaLR	479	-	50	231417051	40464
chr1	231376587	231576587	harbor2	chr1	231428126	231428164	LTR/ERVL-MaLR	1849	-	19	231428145	51558
chr1	231376587	231576587	harbor2	chr1	231428422	231428773	LTR/ERVL-MaLR	1849	-	176	231428598	52011
chr1	231376587	231576587	harbor2	chr1	231428774	231429277	LTR/ERVL-MaLR	8884	-	252	231429026	52439
chr1	231376587	231576587	harbor2	chr1	231429576	231429923	LTR/ERVL-MaLR	8884	-	174	231429750	53163
chr1	231376587	231576587	harbor2	chr1	231431340	231431859	LTR/ERVL-MaLR	8884	-	260	231431600	55013
chr1	231376587	231576587	harbor2	chr1	231442694	231443060	LTR/ERVL-MaLR	1661	-	183	231442877	66290
chr1	231376587	231576587	harbor2	chr1	231474156	231474569	LTR/ERVL-MaLR	2479	-	206	231474362	97775
chr1	195444360	195644360	harbor2	chr1	195462432	195462787	LTR/ERVL-MaLR	2052	-	178	195462610	18250
chr1	195444360	195644360	harbor2	chr1	195536516	195536656	LTR/ERVL-MaLR	427	-	70	195536586	92226
chr1	189033366	189233366	harbor2	chr1	189090229	189090543	LTR/ERVL-MaLR	890	-	157	189090386	57020
chr1	189033366	189233366	harbor2	chr1	189111593	189112126	LTR/ERVL-MaLR	1290	-	266	189111859	78493
chr1	189033366	189233366	harbor2	chr1	189127364	189127730	LTR/ERVL-MaLR	1981	-	183	189127547	94181
chr1	214928069	215128069	harbor2	chr1	214951014	214951320	LTR/ERVL-MaLR	518	-	153	214951167	23098
chr1	214928069	215128069	harbor2	chr1	214954125	214954516	LTR/ERVL-MaLR	2254	-	196	214954321	26252
chr1	214928069	215128069	harbor2	chr1	214966929	214967349	LTR/ERVL-MaLR	1907	-	210	214967139	39070
chr1	214928069	215128069	harbor2	chr1	214958062	214958394	LTR/ERVL-MaLR	1541	-	166	214958228	30159
chr1	185008672	185208672	harbor2	chr1	185016766	185017024	LTR/ERVL-MaLR	1379	-	129	185016895	8223
chr1	185008672	185208672	harbor2	chr1	185022299	185022662	LTR/ERVL-MaLR	1757	-	182	185022481	13809
chr1	185008672	185208672	harbor2	chr1	185026134	185026489	LTR/ERVL-MaLR	2023	-	178	185026312	17640
chr1	185008672	185208672	harbor2	chr1	185026490	185026792	LTR/ERVL-MaLR	10686	-	151	185026641	17969
chr1	185008672	185208672	harbor2	chr1	185027094	185028399	LTR/ERVL-MaLR	10686	-	652	185027746	19074
chr1	185008672	185208672	harbor2	chr1	185028400	185028783	LTR/ERVL-MaLR	2443	-	192	185028592	19920
chr1	185008672	185208672	harbor2	chr1	185063566	185064093	LTR/ERVL-MaLR	2127	-	264	185063830	55158
chr1	185008672	185208672	harbor2	chr1	185075485	185075854	LTR/ERVL-MaLR	1880	-	184	185075669	66997
chr1	185008672	185208672	harbor2	chr1	185087157	185087503	LTR/ERVL-MaLR	1755	-	173	185087330	78658
chr1	240618957	240818957	harbor2	chr1	240621767	240622216	LTR/ERVL-MaLR	1546	-	224	240621991	3034
chr1	240618957	240818957	harbor2	chr1	240634508	240634868	LTR/ERVL-MaLR	2229	-	180	240634688	15731
chr1	240618957	240818957	harbor2	chr1	240658113	240658621	LTR/ERVL-MaLR	1904	-	254	240658367	39410
chr1	172897804	173097804	harbor2	chr1	172942611	172942991	LTR/ERVL-MaLR	1361	-	190	172942801	44997
chr1	172897804	173097804	harbor2	chr1	172950937	172951103	LTR/ERVL-MaLR	570	-	83	172951020	53216
chr1	172897804	173097804	harbor2	chr1	172951954	172952275	LTR/ERVL-MaLR	790	-	160	172952114	54310
chr1	158483257	158683257	harbor2	chr1	158483575	158483935	LTR/ERVL-MaLR	872	-	180	158483755	498
chr1	158483257	158683257	harbor2	chr1	158483933	158484760	LTR/ERVL-MaLR	1450	-	414	158484347	1090
chr1	158483257	158683257	harbor2	chr1	158485084	158485451	LTR/ERVL-MaLR	1450	-	184	158485268	2011
chr1	158483257	158683257	harbor2	chr1	158485452	158485912	LTR/ERVL-MaLR	1193	-	230	158485682	2425
chr1	158483257	158683257	harbor2	chr1	158500450	158500844	LTR/ERVL-MaLR	2148	-	197	158500647	17390
chr1	158483257	158683257	harbor2	chr1	158500851	158501891	LTR/ERVL-MaLR	8185	-	520	158501371	18114
chr1	158483257	158683257	harbor2	chr1	158502203	158502807	LTR/ERVL-MaLR	8185	-	302	158502505	19248
chr1	158483257	158683257	harbor2	chr1	158502810	158503223	LTR/ERVL-MaLR	2293	-	206	158503016	19759
chr1	158483257	158683257	harbor2	chr1	158504272	158504703	LTR/ERVL-MaLR	2731	-	216	158504488	21231
chr1	158483257	158683257	harbor2	chr1	158541673	158542072	LTR/ERVL-MaLR	2363	-	200	158541873	58616
chr1	158483257	158683257	harbor2	chr1	158545865	158546317	LTR/ERVL-MaLR	1041	-	226	158546091	62834
chr1	158483257	158683257	harbor2	chr1	158572284	158572731	LTR/ERVL-MaLR	532	-	224	158572508	89251
chr1	173330502	173530502	harbor2	chr1	173354884	173355390	LTR/ERVL-MaLR	2410	-	253	173355137	24635
chr1	173330502	173530502	harbor2	chr1	173414101	173414483	LTR/ERVL-MaLR	1583	-	191	173414292	83790
chr1	173330502	173530502	harbor2	chr1	173423795	173424198	LTR/ERVL-MaLR	1725	-	202	173423997	93495
chr1	245948405	246148405	harbor2	chr1	245963942	245964356	LTR/ERVL-MaLR	2285	-	207	245964149	15744
chr1	245948405	246148405	harbor2	chr1	245991399	245991788	LTR/ERVL-MaLR	1231	-	194	245991593	43188
chr1	245948405	246148405	harbor2	chr1	245992274	245992428	LTR/ERVL-MaLR	589	-	77	245992351	43946
chr1	186195385	186395385	harbor2	chr1	186197632	186198003	LTR/ERVL-MaLR	1742	-	186	186197818	2433
chr1	186195385	186395385	harbor2	chr1	186204791	186205157	LTR/ERVL-MaLR	1724	-	183	186204974	9589
chr1	186195385	186395385	harbor2	chr1	186244220	186244594	LTR/ERVL-MaLR	2320	-	187	186244407	49022
chr1	186195385	186395385	harbor2	chr1	186244598	186245242	LTR/ERVL-MaLR	9611	-	322	186244920	49535
chr1	186195385	186395385	harbor2	chr1	186245837	186246747	LTR/ERVL-MaLR	9611	-	455	186246292	50907
chr1	186195385	186395385	harbor2	chr1	186246748	186247123	LTR/ERVL-MaLR	2400	-	188	186246936	51551
chr1	186195385	186395385	harbor2	chr1	186248640	186248996	LTR/ERVL-MaLR	2102	-	178	186248818	53433
chr1	186195385	186395385	harbor2	chr1	186248999	186250573	LTR/ERVL-MaLR	11768	-	787	186249786	54401
chr1	186195385	186395385	harbor2	chr1	186250575	186250931	LTR/ERVL-MaLR	2165	-	178	186250753	55368
chr1	186195385	186395385	harbor2	chr1	186266003	186266440	LTR/ERVL-MaLR	847	-	218	186266221	70836
chr1	186195385	186395385	harbor2	chr1	186274011	186274296	LTR/ERVL-MaLR	1527	-	142	186274153	78768
chr1	186195385	186395385	harbor2	chr1	186283710	186284053	LTR/ERVL-MaLR	711	-	172	186283882	88497
chr1	186195385	186395385	harbor2	chr1	186284246	186284616	LTR/ERVL-MaLR	1492	-	185	186284431	89046
chr1	186195385	186395385	harbor2	chr1	186294223	186294515	LTR/ERVL-MaLR	485	-	146	186294369	98984
chr1	36439499	36639499	harbor2	chr1	36509123	36509341	LTR/ERVL-MaLR	1245	-	109	36509232	69733
chr1	36439499	36639499	harbor2	chr1	36509772	36509912	LTR/ERVL-MaLR	853	-	70	36509842	70343
chr1	36439499	36639499	harbor2	chr1	36512260	36512426	LTR/ERVL-MaLR	425	-	83	36512343	72844
chr1	114944279	115144279	harbor2	chr1	114952410	114952758	LTR/ERVL-MaLR	2497	-	174	114952584	8305
chr1	114944279	115144279	harbor2	chr1	114952864	114953227	LTR/ERVL-MaLR	1523	-	182	114953046	8767
chr1	114944279	115144279	harbor2	chr1	114997842	114998184	LTR/ERVL-MaLR	899	-	171	114998013	53734
chr1	114944279	115144279	harbor2	chr1	115020869	115021417	LTR/ERVL-MaLR	2002	-	274	115021143	76864
chr1	114944279	115144279	harbor2	chr1	115024797	115025235	LTR/ERVL-MaLR	2007	-	219	115025016	80737
chr1	202037199	202237199	harbor2	chr1	202060121	202060200	LTR/ERVL-MaLR	1429	-	40	202060161	22962
chr1	202037199	202237199	harbor2	chr1	202060789	202061117	LTR/ERVL-MaLR	1429	-	164	202060953	23754
chr1	40086215	40286215	harbor2	chr1	40140063	40140501	LTR/ERVL-MaLR	1523	-	219	40140282	54067
chr1	66780247	66980247	harbor2	chr1	66792156	66792336	LTR/ERVL-MaLR	895	-	90	66792246	11999
chr1	66780247	66980247	harbor2	chr1	66804231	66804541	LTR/ERVL-MaLR	1487	-	155	66804386	24139
chr1	66780247	66980247	harbor2	chr1	66848027	66848511	LTR/ERVL-MaLR	1840	-	242	66848269	68022
chr1	66780247	66980247	harbor2	chr1	66866789	66867161	LTR/ERVL-MaLR	1637	-	186	66866975	86728
chr1	230019583	230219583	harbor2	chr1	230023869	230024150	LTR/ERVL-MaLR	1976	-	140	230024009	4426
chr1	230019583	230219583	harbor2	chr1	230024584	230024646	LTR/ERVL-MaLR	1976	-	31	230024615	5032
chr1	230019583	230219583	harbor2	chr1	230046988	230047385	LTR/ERVL-MaLR	2111	-	198	230047186	27603
chr1	230019583	230219583	harbor2	chr1	230111948	230112197	LTR/ERVL-MaLR	482	-	124	230112072	92489
chr1	246220510	246420510	harbor2	chr1	246229540	246229853	LTR/ERVL-MaLR	798	-	156	246229696	9186
chr1	173501886	173701886	harbor2	chr1	173545888	173546151	LTR/ERVL-MaLR	687	-	132	173546020	44134
chr1	173501886	173701886	harbor2	chr1	173578545	173578972	LTR/ERVL-MaLR	2072	-	214	173578759	76873
chr1	186336020	186536020	harbor2	chr1	186424512	186425068	LTR/ERVL-MaLR	922	-	278	186424790	88770
chr1	186336020	186536020	harbor2	chr1	186425069	186426038	LTR/ERVL-MaLR	1362	-	484	186425553	89533
chr1	186336020	186536020	harbor2	chr1	186426225	186426684	LTR/ERVL-MaLR	813	-	230	186426455	90435
chr1	186336020	186536020	harbor2	chr1	186384078	186384470	LTR/ERVL-MaLR	1688	-	196	186384274	48254
chr1	95391895	95591895	harbor2	chr1	95414819	95414903	LTR/ERVL-MaLR	439	-	42	95414861	22966
chr1	95391895	95591895	harbor2	chr1	95415150	95415499	LTR/ERVL-MaLR	1601	-	174	95415324	23429
chr1	95391895	95591895	harbor2	chr1	95417743	95418107	LTR/ERVL-MaLR	2778	-	182	95417925	26030
chr1	95391895	95591895	harbor2	chr1	95424674	95425064	LTR/ERVL-MaLR	2254	-	195	95424869	32974
chr1	95391895	95591895	harbor2	chr1	95425365	95425403	LTR/ERVL-MaLR	2254	-	19	95425384	33489
chr1	95391895	95591895	harbor2	chr1	95462781	95463146	LTR/ERVL-MaLR	1703	-	182	95462963	71068
chr1	95391895	95591895	harbor2	chr1	95491362	95491719	LTR/ERVL-MaLR	2089	-	178	95491540	99645
chr1	172655810	172855810	harbor2	chr1	172718296	172718848	LTR/ERVL-MaLR	425	-	276	172718572	62762
chr1	172655810	172855810	harbor2	chr1	172728738	172729098	LTR/ERVL-MaLR	2580	-	180	172728918	73108
chr1	181809342	182009342	harbor2	chr1	181814582	181814937	LTR/ERVL-MaLR	1338	-	178	181814760	5418
chr1	181809342	182009342	harbor2	chr1	181818965	181819477	LTR/ERVL-MaLR	1781	-	256	181819221	9879
chr1	181809342	182009342	harbor2	chr1	181864257	181864657	LTR/ERVL-MaLR	2280	-	200	181864457	55115
chr1	181809342	182009342	harbor2	chr1	181868301	181868721	LTR/ERVL-MaLR	2400	-	210	181868511	59169
chr1	245851156	246051156	harbor2	chr1	245903732	245904066	LTR/ERVL-MaLR	2087	-	167	245903899	52743
chr1	245851156	246051156	harbor2	chr1	245925916	245926264	LTR/ERVL-MaLR	826	-	174	245926090	74934
chr1	176185069	176385069	harbor2	chr1	176216766	176217001	LTR/ERVL-MaLR	427	-	118	176216884	31815
chr1	176185069	176385069	harbor2	chr1	176271119	176271322	LTR/ERVL-MaLR	608	-	102	176271221	86152
chr1	176185069	176385069	harbor2	chr1	176277490	176277762	LTR/ERVL-MaLR	592	-	136	176277626	92557
chr1	176185069	176385069	harbor2	chr1	176279030	176279426	LTR/ERVL-MaLR	2041	-	198	176279228	94159
chr1	120271097	120471097	harbor2	chr1	120299698	120300193	LTR/ERVL-MaLR	1164	-	248	120299946	28849
chr1	222805769	223005769	harbor2	chr1	222854214	222854569	LTR/ERVL-MaLR	2067	-	178	222854392	48623
chr1	222805769	223005769	harbor2	chr1	222877206	222877566	LTR/ERVL-MaLR	2127	-	180	222877386	71617
chr1	222805769	223005769	harbor2	chr1	222890620	222891083	LTR/ERVL-MaLR	3083	-	232	222890852	85083
chr1	144379811	144579811	harbor2	chr1	144385013	144385375	LTR/ERVL-MaLR	2277	-	181	144385194	5383
chr1	144379811	144579811	harbor2	chr1	144388835	144389182	LTR/ERVL-MaLR	1891	-	174	144389009	9198
chr1	144379811	144579811	harbor2	chr1	144409162	144409524	LTR/ERVL-MaLR	1297	-	181	144409343	29532
chr1	144379811	144579811	harbor2	chr1	144410192	144410335	LTR/ERVL-MaLR	916	-	72	144410264	30453
chr1	144379811	144579811	harbor2	chr1	144457372	144457480	LTR/ERVL-MaLR	417	-	54	144457426	77615
chr1	152050291	152250291	harbor2	chr1	152094747	152095116	LTR/ERVL-MaLR	2586	-	184	152094931	44640
chr1	152050291	152250291	harbor2	chr1	152097042	152097406	LTR/ERVL-MaLR	1559	-	182	152097224	46933
chr1	152050291	152250291	harbor2	chr1	152104467	152104864	LTR/ERVL-MaLR	2224	-	198	152104665	54374
chr1	152050291	152250291	harbor2	chr1	152146552	152146970	LTR/ERVL-MaLR	2530	-	209	152146761	96470
chr1	152050291	152250291	harbor2	chr1	152146971	152147204	LTR/ERVL-MaLR	9085	-	116	152147087	96796
chr1	152050291	152250291	harbor2	chr1	152147542	152148949	LTR/ERVL-MaLR	9085	-	704	152148246	97955
chr1	152050291	152250291	harbor2	chr1	152148950	152149371	LTR/ERVL-MaLR	2256	-	210	152149160	98869
chr1	229758380	229958380	harbor2	chr1	229758530	229758795	LTR/ERVL-MaLR	634	-	132	229758662	282
chr1	229758380	229958380	harbor2	chr1	229759691	229759862	LTR/ERVL-MaLR	486	-	86	229759777	1397
chr1	229758380	229958380	harbor2	chr1	229759916	229760088	LTR/ERVL-MaLR	658	-	86	229760002	1622
chr1	229758380	229958380	harbor2	chr1	229761196	229761430	LTR/ERVL-MaLR	504	-	117	229761313	2933
chr1	229758380	229958380	harbor2	chr1	229761764	229761893	LTR/ERVL-MaLR	504	-	64	229761828	3448
chr1	229758380	229958380	harbor2	chr1	229779488	229779875	LTR/ERVL-MaLR	551	-	194	229779682	21302
chr1	229758380	229958380	harbor2	chr1	229784397	229784831	LTR/ERVL-MaLR	2462	-	217	229784614	26234
chr1	229758380	229958380	harbor2	chr1	229801750	229802097	LTR/ERVL-MaLR	1857	-	174	229801924	43544
chr1	231146247	231346247	harbor2	chr1	231150345	231150414	LTR/ERVL-MaLR	2287	-	34	231150379	4132
chr1	231146247	231346247	harbor2	chr1	231150701	231151042	LTR/ERVL-MaLR	2287	-	170	231150871	4624
chr1	231146247	231346247	harbor2	chr1	231151043	231152695	LTR/ERVL-MaLR	9954	-	826	231151869	5622
chr1	231146247	231346247	harbor2	chr1	231152696	231153185	LTR/ERVL-MaLR	1902	-	244	231152940	6693
chr1	231146247	231346247	harbor2	chr1	231179041	231179487	LTR/ERVL-MaLR	1898	-	223	231179264	33017
chr1	231146247	231346247	harbor2	chr1	231186360	231186764	LTR/ERVL-MaLR	1684	-	202	231186562	40315
chr1	231146247	231346247	harbor2	chr1	231189516	231189852	LTR/ERVL-MaLR	1659	-	168	231189684	43437
chr1	231146247	231346247	harbor2	chr1	231193584	231194005	LTR/ERVL-MaLR	2203	-	210	231193794	47547
chr1	191437176	191637176	harbor2	chr1	191456835	191457209	LTR/ERVL-MaLR	1822	-	187	191457022	19846
chr1	191437176	191637176	harbor2	chr1	191488522	191489220	LTR/ERVL-MaLR	612	-	349	191488871	51695
chr1	191437176	191637176	harbor2	chr1	191489221	191489566	LTR/ERVL-MaLR	2061	-	172	191489393	52217
chr1	191437176	191637176	harbor2	chr1	191489567	191489650	LTR/ERVL-MaLR	612	-	42	191489609	52433
chr1	191437176	191637176	harbor2	chr1	191490710	191491114	LTR/ERVL-MaLR	518	-	202	191490912	53736
chr1	191437176	191637176	harbor2	chr1	191491139	191491523	LTR/ERVL-MaLR	671	-	192	191491331	54155
chr1	191437176	191637176	harbor2	chr1	191515939	191516360	LTR/ERVL-MaLR	1977	-	210	191516149	78973
chr1	191437176	191637176	harbor2	chr1	191536291	191536644	LTR/ERVL-MaLR	583	-	176	191536467	99291
chr1	187440259	187640259	harbor2	chr1	187451299	187451798	LTR/ERVL-MaLR	572	-	250	187451549	11290
chr1	187440259	187640259	harbor2	chr1	187487624	187487955	LTR/ERVL-MaLR	1849	-	166	187487790	47531
chr1	187440259	187640259	harbor2	chr1	187496816	187497225	LTR/ERVL-MaLR	2419	-	204	187497020	56761
chr1	187440259	187640259	harbor2	chr1	187502418	187502736	LTR/ERVL-MaLR	667	-	159	187502577	62318
chr1	187440259	187640259	harbor2	chr1	187530275	187530653	LTR/ERVL-MaLR	2164	-	189	187530464	90205
chr1	244095961	244295961	harbor2	chr1	244131988	244132399	LTR/ERVL-MaLR	2576	-	206	244132194	36233
chr1	244095961	244295961	harbor2	chr1	244134563	244134732	LTR/ERVL-MaLR	714	-	84	244134647	38686
chr1	244095961	244295961	harbor2	chr1	244188595	244188908	LTR/ERVL-MaLR	582	-	156	244188751	92790
chr1	145599117	145799117	harbor2	chr1	145602953	145603253	LTR/ERVL-MaLR	1361	-	150	145603103	3986
chr1	154425596	154625596	harbor2	chr1	154506064	154506379	LTR/ERVL-MaLR	1412	-	158	154506222	80626
chr1	154425596	154625596	harbor2	chr1	154506694	154506804	LTR/ERVL-MaLR	448	-	55	154506749	81153
chr1	104619708	104819708	harbor2	chr1	104632528	104632941	LTR/ERVL-MaLR	1827	-	206	104632734	13026
chr1	104619708	104819708	harbor2	chr1	104688896	104689246	LTR/ERVL-MaLR	2149	-	175	104689071	69363
chr1	104619708	104819708	harbor2	chr1	104704503	104704857	LTR/ERVL-MaLR	2149	-	177	104704680	84972
chr1	198328657	198528657	harbor2	chr1	198336605	198337021	LTR/ERVL-MaLR	1873	-	208	198336813	8156
chr1	198328657	198528657	harbor2	chr1	198349689	198349868	LTR/ERVL-MaLR	765	-	90	198349779	21122
chr1	198328657	198528657	harbor2	chr1	198377475	198378047	LTR/ERVL-MaLR	2191	-	286	198377761	49104
chr1	198328657	198528657	harbor2	chr1	198413935	198414240	LTR/ERVL-MaLR	1071	-	152	198414087	85430
chr1	198328657	198528657	harbor2	chr1	198414320	198414427	LTR/ERVL-MaLR	1071	-	54	198414374	85717
chr1	198328657	198528657	harbor2	chr1	198425393	198425760	LTR/ERVL-MaLR	499	-	184	198425577	96920
chr1	198328657	198528657	harbor2	chr1	198426049	198426459	LTR/ERVL-MaLR	920	-	205	198426254	97597
chr1	198328657	198528657	harbor2	chr1	198426677	198427186	LTR/ERVL-MaLR	691	-	254	198426931	98274
chr1	230857768	231057768	harbor2	chr1	230871130	230871479	LTR/ERVL-MaLR	1265	-	174	230871304	13536
chr1	230857768	231057768	harbor2	chr1	230889648	230890018	LTR/ERVL-MaLR	1809	-	185	230889833	32065
chr1	230857768	231057768	harbor2	chr1	230895756	230896186	LTR/ERVL-MaLR	2573	-	215	230895971	38203
chr1	230857768	231057768	harbor2	chr1	230919273	230919540	LTR/ERVL-MaLR	836	-	134	230919407	61639
chr1	247451404	247651404	harbor2	chr1	247480027	247480212	LTR/ERVL-MaLR	971	-	92	247480119	28715
chr1	247451404	247651404	harbor2	chr1	247503657	247503978	LTR/ERVL-MaLR	743	-	160	247503817	52413
chr1	247451404	247651404	harbor2	chr1	247515505	247515853	LTR/ERVL-MaLR	1918	-	174	247515679	64275
chr1	143899942	144099942	harbor2	chr1	143917948	143918015	LTR/ERVL-MaLR	1872	-	34	143917982	18040
chr1	143899942	144099942	harbor2	chr1	143918313	143918749	LTR/ERVL-MaLR	1872	-	218	143918531	18589
chr1	143899942	144099942	harbor2	chr1	143922453	143922892	LTR/ERVL-MaLR	557	-	220	143922673	22731
chr1	143899942	144099942	harbor2	chr1	143990438	143990825	LTR/ERVL-MaLR	2288	-	194	143990632	90690
chr1	164322431	164522431	harbor2	chr1	164371866	164372258	LTR/ERVL-MaLR	1380	-	196	164372062	49631
chr1	164322431	164522431	harbor2	chr1	164374133	164374540	LTR/ERVL-MaLR	561	-	204	164374337	51906
chr1	164322431	164522431	harbor2	chr1	164387944	164388307	LTR/ERVL-MaLR	779	-	182	164388126	65695
chr1	164322431	164522431	harbor2	chr1	164418617	164418956	LTR/ERVL-MaLR	1727	-	170	164418787	96356
chr1	237384465	237584465	harbor2	chr1	237394776	237395143	LTR/ERVL-MaLR	2120	-	184	237394960	10495
chr1	237384465	237584465	harbor2	chr1	237423813	237424179	LTR/ERVL-MaLR	1876	-	183	237423996	39531
chr1	237384465	237584465	harbor2	chr1	237436066	237436287	LTR/ERVL-MaLR	1098	-	110	237436176	51711
chr1	64527261	64727261	harbor2	chr1	64578474	64578991	LTR/ERVL-MaLR	1768	-	258	64578732	51471
chr1	64527261	64727261	harbor2	chr1	64583609	64583968	LTR/ERVL-MaLR	2532	-	180	64583789	56528
chr1	64527261	64727261	harbor2	chr1	64609857	64610234	LTR/ERVL-MaLR	2792	-	188	64610045	82784
chr1	64527261	64727261	harbor2	chr1	64610235	64611847	LTR/ERVL-MaLR	10895	-	806	64611041	83780
chr1	64527261	64727261	harbor2	chr1	64611848	64612206	LTR/ERVL-MaLR	1711	-	179	64612027	84766
chr1	248423421	248623421	harbor2	chr1	248480641	248480846	LTR/ERVL-MaLR	808	-	102	248480743	57322
chr1	248423421	248623421	harbor2	chr1	248511007	248511143	LTR/ERVL-MaLR	582	-	68	248511075	87654
chr1	248423421	248623421	harbor2	chr1	248513067	248513228	LTR/ERVL-MaLR	816	-	80	248513147	89726
chr1	239570054	239770054	harbor2	chr1	239632819	239632974	LTR/ERVL-MaLR	2001	-	78	239632897	62843
chr1	239570054	239770054	harbor2	chr1	239633270	239633492	LTR/ERVL-MaLR	2001	-	111	239633381	63327
chr1	181805898	182005898	harbor2	chr1	181814582	181814937	LTR/ERVL-MaLR	1338	-	178	181814760	8862
chr1	181805898	182005898	harbor2	chr1	181818965	181819477	LTR/ERVL-MaLR	1781	-	256	181819221	13323
chr1	181805898	182005898	harbor2	chr1	181864257	181864657	LTR/ERVL-MaLR	2280	-	200	181864457	58559
chr1	181805898	182005898	harbor2	chr1	181868301	181868721	LTR/ERVL-MaLR	2400	-	210	181868511	62613
chr1	200611413	200811413	harbor2	chr1	200693034	200693246	LTR/ERVL-MaLR	663	-	106	200693140	81727
chr1	200611413	200811413	harbor2	chr1	200699841	200700316	LTR/ERVL-MaLR	1806	-	238	200700079	88666
chr1	200611413	200811413	harbor2	chr1	200700608	200700632	LTR/ERVL-MaLR	1806	-	12	200700620	89207
chr1	44370169	44570169	harbor2	chr1	44384030	44384367	LTR/ERVL-MaLR	1339	-	168	44384198	14029
chr1	247557914	247757914	harbor2	chr1	247559621	247560007	LTR/ERVL-MaLR	2078	-	193	247559814	1900
chr1	247557914	247757914	harbor2	chr1	247577699	247577930	LTR/ERVL-MaLR	984	-	116	247577815	19901
chr1	189882304	190082304	harbor2	chr1	189905232	189905555	LTR/ERVL-MaLR	1777	-	162	189905394	23090
chr1	189882304	190082304	harbor2	chr1	189905578	189905778	LTR/ERVL-MaLR	1302	-	100	189905678	23374
chr1	189882304	190082304	harbor2	chr1	189905791	189906232	LTR/ERVL-MaLR	2403	-	220	189906011	23707
chr1	189882304	190082304	harbor2	chr1	189906235	189906600	LTR/ERVL-MaLR	2230	-	182	189906417	24113
chr1	189882304	190082304	harbor2	chr1	189933515	189933865	LTR/ERVL-MaLR	1348	-	175	189933690	51386
chr1	189882304	190082304	harbor2	chr1	189937462	189937525	LTR/ERVL-MaLR	577	-	32	189937494	55190
chr1	189882304	190082304	harbor2	chr1	189937828	189938020	LTR/ERVL-MaLR	577	-	96	189937924	55620
chr1	189882304	190082304	harbor2	chr1	189938271	189938564	LTR/ERVL-MaLR	577	-	146	189938417	56113
chr1	189882304	190082304	harbor2	chr1	189939051	189939422	LTR/ERVL-MaLR	1169	-	186	189939237	56933
chr1	189882304	190082304	harbor2	chr1	189939939	189940438	LTR/ERVL-MaLR	1354	-	250	189940189	57885
chr1	189882304	190082304	harbor2	chr1	189948466	189948889	LTR/ERVL-MaLR	1796	-	212	189948678	66374
chr1	189882304	190082304	harbor2	chr1	189949599	189949932	LTR/ERVL-MaLR	1308	-	166	189949765	67461
chr1	189882304	190082304	harbor2	chr1	189962216	189962787	LTR/ERVL-MaLR	1393	-	286	189962502	80198
chr1	189882304	190082304	harbor2	chr1	189976479	189976830	LTR/ERVL-MaLR	1889	-	176	189976655	94351
chr1	189882304	190082304	harbor2	chr1	189976831	189978404	LTR/ERVL-MaLR	11031	-	786	189977617	95313
chr1	189882304	190082304	harbor2	chr1	189978405	189978756	LTR/ERVL-MaLR	1949	-	176	189978581	96277
chr1	200225745	200425745	harbor2	chr1	200278786	200279113	LTR/ERVL-MaLR	2149	-	164	200278950	53205
chr1	200225745	200425745	harbor2	chr1	200281217	200281572	LTR/ERVL-MaLR	2724	-	178	200281395	55650
chr1	200225745	200425745	harbor2	chr1	200290224	200290549	LTR/ERVL-MaLR	565	-	162	200290386	64641
chr1	200225745	200425745	harbor2	chr1	200295962	200296306	LTR/ERVL-MaLR	1636	-	172	200296134	70389
chr1	243095345	243295345	harbor2	chr1	243102917	243103048	LTR/ERVL-MaLR	435	-	66	243102983	7638
chr1	243095345	243295345	harbor2	chr1	243117415	243117770	LTR/ERVL-MaLR	2101	-	178	243117593	22248
chr1	227636128	227836128	harbor2	chr1	227709565	227709835	LTR/ERVL-MaLR	907	-	135	227709700	73572
chr1	144244969	144444969	harbor2	chr1	144257953	144258287	LTR/ERVL-MaLR	1050	-	167	144258120	13151
chr1	144244969	144444969	harbor2	chr1	144266147	144266698	LTR/ERVL-MaLR	2601	-	276	144266423	21454
chr1	144244969	144444969	harbor2	chr1	144266705	144266987	LTR/ERVL-MaLR	1170	-	141	144266846	21877
chr1	144244969	144444969	harbor2	chr1	144314804	144315020	LTR/ERVL-MaLR	1504	-	108	144314912	69943
chr1	185836540	186036540	harbor2	chr1	185865120	185865449	LTR/ERVL-MaLR	838	-	164	185865284	28744
chr1	185836540	186036540	harbor2	chr1	185916748	185917025	LTR/ERVL-MaLR	438	-	138	185916886	80346
chr1	242473934	242673934	harbor2	chr1	242492643	242493007	LTR/ERVL-MaLR	1637	-	182	242492825	18891
chr1	242473934	242673934	harbor2	chr1	242499686	242500000	LTR/ERVL-MaLR	1300	-	157	242499843	25909
chr1	242473934	242673934	harbor2	chr1	242500001	242500219	LTR/ERVL-MaLR	758	-	109	242500110	26176
chr1	242473934	242673934	harbor2	chr1	242570700	242571147	LTR/ERVL-MaLR	2504	-	224	242570924	96990
chr1	55998891	56198891	harbor2	chr1	56020964	56021170	LTR/ERVL-MaLR	1253	-	103	56021067	22176
chr1	55998891	56198891	harbor2	chr1	56021453	56021593	LTR/ERVL-MaLR	1017	-	70	56021523	22632
chr1	55998891	56198891	harbor2	chr1	56021594	56023166	LTR/ERVL-MaLR	12031	-	786	56022380	23489
chr1	55998891	56198891	harbor2	chr1	56023169	56023515	LTR/ERVL-MaLR	2207	-	173	56023342	24451
chr1	55998891	56198891	harbor2	chr1	56036734	56036873	LTR/ERVL-MaLR	422	-	70	56036804	37913
chr1	55998891	56198891	harbor2	chr1	56039408	56039763	LTR/ERVL-MaLR	1748	-	178	56039586	40695
chr1	55998891	56198891	harbor2	chr1	56039769	56040137	LTR/ERVL-MaLR	1944	-	184	56039953	41062
chr1	55998891	56198891	harbor2	chr1	56040302	56041576	LTR/ERVL-MaLR	4895	-	637	56040939	42048
chr1	55998891	56198891	harbor2	chr1	56041580	56041931	LTR/ERVL-MaLR	1600	-	176	56041756	42865
chr1	55998891	56198891	harbor2	chr1	56056920	56057302	LTR/ERVL-MaLR	893	-	191	56057111	58220
chr1	55998891	56198891	harbor2	chr1	56069827	56070031	LTR/ERVL-MaLR	435	-	102	56069929	71038
chr1	55998891	56198891	harbor2	chr1	56096254	56096674	LTR/ERVL-MaLR	1312	-	210	56096464	97573
chr1	231806707	232006707	harbor2	chr1	231820551	231820936	LTR/ERVL-MaLR	861	-	192	231820743	14036
chr1	231806707	232006707	harbor2	chr1	231822645	231823057	LTR/ERVL-MaLR	2577	-	206	231822851	16144
chr1	231806707	232006707	harbor2	chr1	231839631	231840033	LTR/ERVL-MaLR	2264	-	201	231839832	33125
chr1	231806707	232006707	harbor2	chr1	231847031	231847421	LTR/ERVL-MaLR	2109	-	195	231847226	40519
chr1	231806707	232006707	harbor2	chr1	231859262	231859625	LTR/ERVL-MaLR	2274	-	182	231859444	52737
chr1	231806707	232006707	harbor2	chr1	231869425	231869807	LTR/ERVL-MaLR	1987	-	191	231869616	62909
chr1	231806707	232006707	harbor2	chr1	231881221	231881631	LTR/ERVL-MaLR	1777	-	205	231881426	74719
chr1	231806707	232006707	harbor2	chr1	231885877	231886245	LTR/ERVL-MaLR	1764	-	184	231886061	79354
chr1	231806707	232006707	harbor2	chr1	231902625	231902722	LTR/ERVL-MaLR	417	-	48	231902673	95966
chr1	231806707	232006707	harbor2	chr1	231903229	231903375	LTR/ERVL-MaLR	587	-	73	231903302	96595
chr1	231806707	232006707	harbor2	chr1	231904165	231904302	LTR/ERVL-MaLR	417	-	68	231904233	97526
chr1	229400048	229600048	harbor2	chr1	229401808	229402236	LTR/ERVL-MaLR	1824	-	214	229402022	1974
chr1	200258718	200458718	harbor2	chr1	200278786	200279113	LTR/ERVL-MaLR	2149	-	164	200278950	20232
chr1	200258718	200458718	harbor2	chr1	200281217	200281572	LTR/ERVL-MaLR	2724	-	178	200281395	22677
chr1	200258718	200458718	harbor2	chr1	200290224	200290549	LTR/ERVL-MaLR	565	-	162	200290386	31668
chr1	200258718	200458718	harbor2	chr1	200295962	200296306	LTR/ERVL-MaLR	1636	-	172	200296134	37416
chr1	200258718	200458718	harbor2	chr1	200331082	200331314	LTR/ERVL-MaLR	405	-	116	200331198	72480
chr1	200258718	200458718	harbor2	chr1	200342210	200342257	LTR/ERVL-MaLR	719	-	24	200342234	83516
chr1	200258718	200458718	harbor2	chr1	200342546	200342919	LTR/ERVL-MaLR	815	-	186	200342732	84014
chr1	247094582	247294582	harbor2	chr1	247149781	247150152	LTR/ERVL-MaLR	1428	-	186	247149967	55385
chr1	247094582	247294582	harbor2	chr1	247173409	247173828	LTR/ERVL-MaLR	1643	-	210	247173619	79037
chr1	242606595	242806595	harbor2	chr1	242607794	242608171	LTR/ERVL-MaLR	2510	-	188	242607982	1387
chr1	242606595	242806595	harbor2	chr1	242614504	242614869	LTR/ERVL-MaLR	1378	-	182	242614686	8091
chr1	242606595	242806595	harbor2	chr1	242638432	242638921	LTR/ERVL-MaLR	2061	-	244	242638676	32081
chr1	143745955	143945955	harbor2	chr1	143748870	143749256	LTR/ERVL-MaLR	2217	-	193	143749063	3108
chr1	143745955	143945955	harbor2	chr1	143794578	143794808	LTR/ERVL-MaLR	1118	-	115	143794693	48738
chr1	143745955	143945955	harbor2	chr1	143832870	143833002	LTR/ERVL-MaLR	559	-	66	143832936	86981
chr1	143745955	143945955	harbor2	chr1	143834549	143834911	LTR/ERVL-MaLR	1995	-	181	143834730	88775
chr1	143745955	143945955	harbor2	chr1	143802325	143802697	LTR/ERVL-MaLR	1713	-	186	143802511	56556
chr1	225024407	225224407	harbor2	chr1	225027430	225027810	LTR/ERVL-MaLR	1985	-	190	225027620	3213
chr1	225024407	225224407	harbor2	chr1	225052778	225053241	LTR/ERVL-MaLR	1202	-	232	225053010	28603
chr1	225024407	225224407	harbor2	chr1	225071602	225071966	LTR/ERVL-MaLR	2519	-	182	225071784	47377
chr1	225024407	225224407	harbor2	chr1	225087085	225087457	LTR/ERVL-MaLR	1664	-	186	225087271	62864
chr1	221903777	222103777	harbor2	chr1	221906229	221906298	LTR/ERVL-MaLR	2245	-	34	221906263	2486
chr1	221903777	222103777	harbor2	chr1	221906615	221906986	LTR/ERVL-MaLR	2245	-	186	221906801	3024
chr1	107408456	107608456	harbor2	chr1	107441532	107441745	LTR/ERVL-MaLR	878	-	106	107441638	33182
chr1	107408456	107608456	harbor2	chr1	107474549	107474928	LTR/ERVL-MaLR	1444	-	190	107474739	66283
chr1	82768688	82968688	harbor2	chr1	82784183	82784538	LTR/ERVL-MaLR	1953	-	178	82784361	15673
chr1	82768688	82968688	harbor2	chr1	82798406	82798441	LTR/ERVL-MaLR	1463	-	18	82798424	29736
chr1	82768688	82968688	harbor2	chr1	82798442	82798803	LTR/ERVL-MaLR	2282	-	180	82798622	29934
chr1	82768688	82968688	harbor2	chr1	82798804	82799128	LTR/ERVL-MaLR	1463	-	162	82798966	30278
chr1	82768688	82968688	harbor2	chr1	82814036	82814411	LTR/ERVL-MaLR	1728	-	188	82814224	45536
chr1	82768688	82968688	harbor2	chr1	82851106	82851472	LTR/ERVL-MaLR	1615	-	183	82851289	82601
chr1	82768688	82968688	harbor2	chr1	82851473	82853029	LTR/ERVL-MaLR	3319	-	778	82852251	83563
chr1	82768688	82968688	harbor2	chr1	82853033	82853406	LTR/ERVL-MaLR	1788	-	186	82853219	84531
chr1	164842370	165042370	harbor2	chr1	164923763	164923927	LTR/ERVL-MaLR	639	-	82	164923845	81475
chr1	164842370	165042370	harbor2	chr1	164923993	164924010	LTR/ERVL-MaLR	786	-	8	164924001	81631
chr1	164842370	165042370	harbor2	chr1	164924319	164924482	LTR/ERVL-MaLR	786	-	82	164924401	82031
chr1	243746763	243946763	harbor2	chr1	243782264	243782628	LTR/ERVL-MaLR	1439	-	182	243782446	35683
chr1	243746763	243946763	harbor2	chr1	243814711	243814819	LTR/ERVL-MaLR	539	-	54	243814765	68002
chr1	243746763	243946763	harbor2	chr1	243814817	243814937	LTR/ERVL-MaLR	410	-	60	243814877	68114
chr1	243746763	243946763	harbor2	chr1	243814993	243815608	LTR/ERVL-MaLR	2209	-	308	243815301	68538
chr1	243746763	243946763	harbor2	chr1	243815928	243816151	LTR/ERVL-MaLR	700	-	112	243816040	69277
chr1	243746763	243946763	harbor2	chr1	243832937	243832977	LTR/ERVL-MaLR	2028	-	20	243832957	86194
chr1	243746763	243946763	harbor2	chr1	243833275	243833602	LTR/ERVL-MaLR	2028	-	164	243833439	86676
chr1	229011022	229211022	harbor2	chr1	229018838	229019207	LTR/ERVL-MaLR	2040	-	184	229019022	8000
chr1	229011022	229211022	harbor2	chr1	229071936	229072046	LTR/ERVL-MaLR	1401	-	55	229071991	60969
chr1	229011022	229211022	harbor2	chr1	229072083	229072255	LTR/ERVL-MaLR	1401	-	86	229072169	61147
chr1	229011022	229211022	harbor2	chr1	229096000	229096429	LTR/ERVL-MaLR	1376	-	214	229096214	85192
chr1	229011022	229211022	harbor2	chr1	229110138	229110249	LTR/ERVL-MaLR	429	-	56	229110194	99172
chr1	215210141	215410141	harbor2	chr1	215214087	215214464	LTR/ERVL-MaLR	2129	-	188	215214275	4134
chr1	215210141	215410141	harbor2	chr1	215219174	215219243	LTR/ERVL-MaLR	412	-	34	215219208	9067
chr1	215210141	215410141	harbor2	chr1	215221852	215222248	LTR/ERVL-MaLR	2196	-	198	215222050	11909
chr1	215210141	215410141	harbor2	chr1	215231703	215232065	LTR/ERVL-MaLR	2669	-	181	215231884	21743
chr1	215210141	215410141	harbor2	chr1	215245782	215246239	LTR/ERVL-MaLR	1997	-	228	215246010	35869
chr1	215210141	215410141	harbor2	chr1	215247692	215247976	LTR/ERVL-MaLR	1451	-	142	215247834	37693
chr1	215210141	215410141	harbor2	chr1	215248244	215248391	LTR/ERVL-MaLR	1451	-	74	215248318	38177
chr1	215210141	215410141	harbor2	chr1	215278267	215278463	LTR/ERVL-MaLR	638	-	98	215278365	68224
chr1	215210141	215410141	harbor2	chr1	215279017	215279197	LTR/ERVL-MaLR	719	-	90	215279107	68966
chr1	244372121	244572121	harbor2	chr1	244381945	244382078	LTR/ERVL-MaLR	590	-	66	244382011	9890
chr1	192413260	192613260	harbor2	chr1	192423686	192423820	LTR/ERVL-MaLR	591	-	67	192423753	10493
chr1	192413260	192613260	harbor2	chr1	192434745	192434983	LTR/ERVL-MaLR	493	-	119	192434864	21604
chr1	192413260	192613260	harbor2	chr1	192457361	192457738	LTR/ERVL-MaLR	1641	-	188	192457549	44289
chr1	192413260	192613260	harbor2	chr1	192497855	192498142	LTR/ERVL-MaLR	1875	-	144	192497999	84739
chr1	192413260	192613260	harbor2	chr1	192499628	192499706	LTR/ERVL-MaLR	1875	-	39	192499667	86407
chr1	184898608	185098608	harbor2	chr1	184936433	184936896	LTR/ERVL-MaLR	1048	-	232	184936665	38057
chr1	184898608	185098608	harbor2	chr1	184968722	184969215	LTR/ERVL-MaLR	1391	-	246	184968968	70360
chr1	184898608	185098608	harbor2	chr1	184969267	184969692	LTR/ERVL-MaLR	698	-	212	184969479	70871
chr1	184898608	185098608	harbor2	chr1	184969832	184969883	LTR/ERVL-MaLR	698	-	26	184969858	71250
chr1	184898608	185098608	harbor2	chr1	184970190	184970240	LTR/ERVL-MaLR	698	-	25	184970215	71607
chr1	79255836	79455836	harbor2	chr1	79320124	79320306	LTR/ERVL-MaLR	921	-	91	79320215	64379
chr1	79255836	79455836	harbor2	chr1	79339468	79339799	LTR/ERVL-MaLR	648	-	166	79339634	83798
chr1	79255836	79455836	harbor2	chr1	79348998	79349360	LTR/ERVL-MaLR	972	-	181	79349179	93343
chr1	79255836	79455836	harbor2	chr1	79349626	79349705	LTR/ERVL-MaLR	972	-	40	79349666	93830
chr1	79255836	79455836	harbor2	chr1	79353535	79353727	LTR/ERVL-MaLR	532	-	96	79353631	97795
chr1	188638641	188838641	harbor2	chr1	188664935	188665003	LTR/ERVL-MaLR	413	-	34	188664969	26328
chr1	188638641	188838641	harbor2	chr1	188702818	188703227	LTR/ERVL-MaLR	1911	-	204	188703022	64381
chr1	188638641	188838641	harbor2	chr1	188703284	188704235	LTR/ERVL-MaLR	2592	-	476	188703760	65119
chr1	188638641	188838641	harbor2	chr1	188704450	188705101	LTR/ERVL-MaLR	2189	-	326	188704776	66135
chr1	188638641	188838641	harbor2	chr1	188705104	188705530	LTR/ERVL-MaLR	1847	-	213	188705317	66676
chr1	188638641	188838641	harbor2	chr1	188706140	188706459	LTR/ERVL-MaLR	945	-	160	188706300	67659
chr1	188638641	188838641	harbor2	chr1	188711967	188712415	LTR/ERVL-MaLR	1206	-	224	188712191	73550
chr1	188638641	188838641	harbor2	chr1	188714993	188715392	LTR/ERVL-MaLR	2218	-	200	188715193	76552
chr1	188638641	188838641	harbor2	chr1	188732437	188732807	LTR/ERVL-MaLR	2084	-	185	188732622	93981
chr1	188638641	188838641	harbor2	chr1	188735583	188736045	LTR/ERVL-MaLR	1488	-	231	188735814	97173
chr1	183793100	183993100	harbor2	chr1	183801606	183802029	LTR/ERVL-MaLR	2459	-	212	183801818	8718
chr1	185988450	186188450	harbor2	chr1	186019071	186019235	LTR/ERVL-MaLR	435	-	82	186019153	30703
chr1	185988450	186188450	harbor2	chr1	186028514	186028725	LTR/ERVL-MaLR	552	-	106	186028620	40170
chr1	185988450	186188450	harbor2	chr1	186029032	186029243	LTR/ERVL-MaLR	552	-	106	186029138	40688
chr1	185988450	186188450	harbor2	chr1	186036238	186036576	LTR/ERVL-MaLR	1839	-	169	186036407	47957
chr1	185988450	186188450	harbor2	chr1	186061141	186061528	LTR/ERVL-MaLR	2229	-	194	186061335	72885
chr1	185988450	186188450	harbor2	chr1	186078382	186078882	LTR/ERVL-MaLR	1224	-	250	186078632	90182
chr1	185988450	186188450	harbor2	chr1	186082218	186082650	LTR/ERVL-MaLR	885	-	216	186082434	93984
chr1	185988450	186188450	harbor2	chr1	186085220	186085594	LTR/ERVL-MaLR	1147	-	187	186085407	96957
chr1	217624939	217824939	harbor2	chr1	217639636	217639930	LTR/ERVL-MaLR	844	-	147	217639783	14844
chr1	217624939	217824939	harbor2	chr1	217657792	217658140	LTR/ERVL-MaLR	2048	-	174	217657966	33027
chr1	217624939	217824939	harbor2	chr1	217709203	217709719	LTR/ERVL-MaLR	2096	-	258	217709461	84522
chr1	222989637	223189637	harbor2	chr1	223001526	223001849	LTR/ERVL-MaLR	1638	-	162	223001688	12051
chr1	222989637	223189637	harbor2	chr1	223017619	223017966	LTR/ERVL-MaLR	2760	-	174	223017793	28156
chr1	222989637	223189637	harbor2	chr1	223021886	223022257	LTR/ERVL-MaLR	530	-	186	223022072	32435
chr1	222989637	223189637	harbor2	chr1	223046495	223046863	LTR/ERVL-MaLR	2663	-	184	223046679	57042
chr1	222989637	223189637	harbor2	chr1	223072194	223072567	LTR/ERVL-MaLR	916	-	186	223072380	82743
chr1	222989637	223189637	harbor2	chr1	223083172	223083565	LTR/ERVL-MaLR	1306	-	196	223083368	93731
chr1	144233986	144433986	harbor2	chr1	144257953	144258287	LTR/ERVL-MaLR	1050	-	167	144258120	24134
chr1	144233986	144433986	harbor2	chr1	144266147	144266698	LTR/ERVL-MaLR	2601	-	276	144266423	32437
chr1	144233986	144433986	harbor2	chr1	144266705	144266987	LTR/ERVL-MaLR	1170	-	141	144266846	32860
chr1	144233986	144433986	harbor2	chr1	144314804	144315020	LTR/ERVL-MaLR	1504	-	108	144314912	80926
chr1	55932620	56132620	harbor2	chr1	55933053	55933407	LTR/ERVL-MaLR	2328	-	177	55933230	610
chr1	55932620	56132620	harbor2	chr1	55933408	55934975	LTR/ERVL-MaLR	11545	-	784	55934192	1572
chr1	55932620	56132620	harbor2	chr1	55934976	55935331	LTR/ERVL-MaLR	2344	-	178	55935154	2534
chr1	55932620	56132620	harbor2	chr1	55935975	55936329	LTR/ERVL-MaLR	1954	-	177	55936152	3532
chr1	55932620	56132620	harbor2	chr1	55940439	55940828	LTR/ERVL-MaLR	1908	-	194	55940633	8013
chr1	55932620	56132620	harbor2	chr1	55962445	55962873	LTR/ERVL-MaLR	1586	-	214	55962659	30039
chr1	55932620	56132620	harbor2	chr1	55963094	55963293	LTR/ERVL-MaLR	425	-	100	55963194	30574
chr1	55932620	56132620	harbor2	chr1	55992002	55992316	LTR/ERVL-MaLR	2047	-	157	55992159	59539
chr1	55932620	56132620	harbor2	chr1	55995430	55995792	LTR/ERVL-MaLR	1015	-	181	55995611	62991
chr1	55932620	56132620	harbor2	chr1	56020964	56021170	LTR/ERVL-MaLR	1253	-	103	56021067	88447
chr1	55932620	56132620	harbor2	chr1	56021453	56021593	LTR/ERVL-MaLR	1017	-	70	56021523	88903
chr1	55932620	56132620	harbor2	chr1	56021594	56023166	LTR/ERVL-MaLR	12031	-	786	56022380	89760
chr1	55932620	56132620	harbor2	chr1	56023169	56023515	LTR/ERVL-MaLR	2207	-	173	56023342	90722
chr1	237003724	237203724	harbor2	chr1	237065695	237066080	LTR/ERVL-MaLR	2409	-	192	237065887	62163
chr1	237003724	237203724	harbor2	chr1	237086096	237086471	LTR/ERVL-MaLR	2268	-	188	237086284	82560
chr1	237003724	237203724	harbor2	chr1	237089884	237090247	LTR/ERVL-MaLR	2450	-	182	237090066	86342
chr1	232677111	232877111	harbor2	chr1	232699334	232699507	LTR/ERVL-MaLR	437	-	86	232699420	22309
chr1	232677111	232877111	harbor2	chr1	232712591	232712909	LTR/ERVL-MaLR	1399	-	159	232712750	35639
chr1	232677111	232877111	harbor2	chr1	232737279	232737664	LTR/ERVL-MaLR	1384	-	192	232737471	60360
chr1	232677111	232877111	harbor2	chr1	232747472	232747651	LTR/ERVL-MaLR	798	-	90	232747562	70451
chr1	232677111	232877111	harbor2	chr1	232747868	232748111	LTR/ERVL-MaLR	789	-	122	232747990	70879
chr1	205885743	206085743	harbor2	chr1	205908032	205908291	LTR/ERVL-MaLR	1380	-	130	205908162	22419
chr1	205885743	206085743	harbor2	chr1	205908708	205908769	LTR/ERVL-MaLR	407	-	30	205908738	22995
chr1	69841007	70041007	harbor2	chr1	69841037	69841486	LTR/ERVL-MaLR	1027	-	224	69841261	254
chr1	69841007	70041007	harbor2	chr1	69868680	69869116	LTR/ERVL-MaLR	1955	-	218	69868898	27891
chr1	69841007	70041007	harbor2	chr1	69930628	69930995	LTR/ERVL-MaLR	2091	-	184	69930812	89805
chr1	235623434	235823434	harbor2	chr1	235638254	235638484	LTR/ERVL-MaLR	1951	-	115	235638369	14935
chr1	235623434	235823434	harbor2	chr1	235639030	235639279	LTR/ERVL-MaLR	1951	-	124	235639154	15720
chr1	242274026	242474026	harbor2	chr1	242344802	242345151	LTR/ERVL-MaLR	2553	-	174	242344976	70950
chr1	113179548	113379548	harbor2	chr1	113200491	113200809	LTR/ERVL-MaLR	2133	-	159	113200650	21102
chr1	113179548	113379548	harbor2	chr1	113205962	113206032	LTR/ERVL-MaLR	545	-	35	113205997	26449
chr1	113179548	113379548	harbor2	chr1	113213904	113214288	LTR/ERVL-MaLR	2070	-	192	113214096	34548
chr1	113179548	113379548	harbor2	chr1	113214291	113215912	LTR/ERVL-MaLR	9100	-	810	113215101	35553
chr1	113179548	113379548	harbor2	chr1	113215913	113216307	LTR/ERVL-MaLR	2520	-	197	113216110	36562
chr1	113179548	113379548	harbor2	chr1	113238507	113238930	LTR/ERVL-MaLR	591	-	212	113238719	59171
chr1	113179548	113379548	harbor2	chr1	113242154	113242225	LTR/ERVL-MaLR	1172	-	36	113242190	62642
chr1	113179548	113379548	harbor2	chr1	113242364	113242855	LTR/ERVL-MaLR	1810	-	246	113242610	63062
chr1	113179548	113379548	harbor2	chr1	113196828	113197289	LTR/ERVL-MaLR	1418	-	230	113197058	17510
chr1	113179548	113379548	harbor2	chr1	113213424	113213489	LTR/ERVL-MaLR	426	-	32	113213456	33908
chr1	187470261	187670261	harbor2	chr1	187487624	187487955	LTR/ERVL-MaLR	1849	-	166	187487790	17529
chr1	187470261	187670261	harbor2	chr1	187496816	187497225	LTR/ERVL-MaLR	2419	-	204	187497020	26759
chr1	187470261	187670261	harbor2	chr1	187502418	187502736	LTR/ERVL-MaLR	667	-	159	187502577	32316
chr1	187470261	187670261	harbor2	chr1	187530275	187530653	LTR/ERVL-MaLR	2164	-	189	187530464	60203
chr1	187470261	187670261	harbor2	chr1	187551454	187551840	LTR/ERVL-MaLR	1901	-	193	187551647	81386
chr1	187470261	187670261	harbor2	chr1	187552199	187552553	LTR/ERVL-MaLR	2041	-	177	187552376	82115
chr1	248023155	248223155	harbor2	chr1	248110482	248110803	LTR/ERVL-MaLR	1590	-	160	248110642	87487
chr1	230339685	230539685	harbor2	chr1	230398199	230398571	LTR/ERVL-MaLR	2183	-	186	230398385	58700
chr1	230339685	230539685	harbor2	chr1	230437411	230437832	LTR/ERVL-MaLR	1884	-	210	230437621	97936
chr1	168291066	168491066	harbor2	chr1	168307210	168307588	LTR/ERVL-MaLR	1850	-	189	168307399	16333
chr1	168291066	168491066	harbor2	chr1	168323825	168324105	LTR/ERVL-MaLR	1393	-	140	168323965	32899
chr1	168291066	168491066	harbor2	chr1	168324993	168325537	LTR/ERVL-MaLR	2122	-	272	168325265	34199
chr1	168291066	168491066	harbor2	chr1	168327869	168328255	LTR/ERVL-MaLR	563	-	193	168328062	36996
chr1	168291066	168491066	harbor2	chr1	168336716	168337055	LTR/ERVL-MaLR	2398	-	170	168336886	45820
chr1	168291066	168491066	harbor2	chr1	168337056	168338640	LTR/ERVL-MaLR	11790	-	792	168337848	46782
chr1	168291066	168491066	harbor2	chr1	168338641	168338994	LTR/ERVL-MaLR	2701	-	176	168338817	47751
chr1	168291066	168491066	harbor2	chr1	168370870	168371010	LTR/ERVL-MaLR	421	-	70	168370940	79874
chr1	168291066	168491066	harbor2	chr1	168371709	168371845	LTR/ERVL-MaLR	575	-	68	168371777	80711
chr1	168291066	168491066	harbor2	chr1	168386141	168386249	LTR/ERVL-MaLR	410	-	54	168386195	95129
chr1	168291066	168491066	harbor2	chr1	168296304	168296661	LTR/ERVL-MaLR	2333	-	178	168296482	5416
chr1	238677994	238877994	harbor2	chr1	238714432	238714576	LTR/ERVL-MaLR	408	-	72	238714504	36510
chr1	238677994	238877994	harbor2	chr1	238720466	238720814	LTR/ERVL-MaLR	2291	-	174	238720640	42646
chr1	238677994	238877994	harbor2	chr1	238750061	238750342	LTR/ERVL-MaLR	479	-	140	238750201	72207
chr1	238677994	238877994	harbor2	chr1	238760631	238760994	LTR/ERVL-MaLR	2106	-	182	238760813	82819
chr1	238677994	238877994	harbor2	chr1	238769034	238769231	LTR/ERVL-MaLR	530	-	98	238769132	91138
chr1	118109234	118309234	harbor2	chr1	118127216	118127628	LTR/ERVL-MaLR	2336	-	206	118127422	18188
chr1	118109234	118309234	harbor2	chr1	118177126	118177502	LTR/ERVL-MaLR	1909	-	188	118177314	68080
chr1	118109234	118309234	harbor2	chr1	118202058	118202418	LTR/ERVL-MaLR	2105	-	180	118202238	93004
chr1	222839275	223039275	harbor2	chr1	222854214	222854569	LTR/ERVL-MaLR	2067	-	178	222854392	15117
chr1	222839275	223039275	harbor2	chr1	222877206	222877566	LTR/ERVL-MaLR	2127	-	180	222877386	38111
chr1	222839275	223039275	harbor2	chr1	222890620	222891083	LTR/ERVL-MaLR	3083	-	232	222890852	51577
chr1	199810339	200010339	harbor2	chr1	199875913	199876274	LTR/ERVL-MaLR	2090	-	180	199876093	65754
chr1	226120827	226320827	harbor2	chr1	226194516	226194734	LTR/ERVL-MaLR	2211	-	109	226194625	73798
chr1	226120827	226320827	harbor2	chr1	226195019	226195173	LTR/ERVL-MaLR	2211	-	77	226195096	74269
chr1	121235311	121435311	harbor2	chr1	121277551	121277733	LTR/ERVL-MaLR	629	-	91	121277642	42331
chr1	121235311	121435311	harbor2	chr1	121292638	121292919	LTR/ERVL-MaLR	1060	-	140	121292778	57467
chr1	121235311	121435311	harbor2	chr1	121300158	121300573	LTR/ERVL-MaLR	2610	-	208	121300366	65055
chr1	121235311	121435311	harbor2	chr1	121304365	121304795	LTR/ERVL-MaLR	1498	-	215	121304580	69269
chr1	165052531	165252531	harbor2	chr1	165081179	165081604	LTR/ERVL-MaLR	2854	-	212	165081391	28860
chr1	165052531	165252531	harbor2	chr1	165081975	165082069	LTR/ERVL-MaLR	591	-	47	165082022	29491
chr1	165052531	165252531	harbor2	chr1	165082063	165082165	LTR/ERVL-MaLR	628	-	51	165082114	29583
chr1	165052531	165252531	harbor2	chr1	165082311	165082581	LTR/ERVL-MaLR	937	-	135	165082446	29915
chr1	165052531	165252531	harbor2	chr1	165112134	165112586	LTR/ERVL-MaLR	1621	-	226	165112360	59829
chr1	165052531	165252531	harbor2	chr1	165149377	165149622	LTR/ERVL-MaLR	1314	-	122	165149499	96968
chr1	228917927	229117927	harbor2	chr1	228931198	228931546	LTR/ERVL-MaLR	1989	-	174	228931372	13445
chr1	228917927	229117927	harbor2	chr1	228933064	228933490	LTR/ERVL-MaLR	1794	-	213	228933277	15350
chr1	228917927	229117927	harbor2	chr1	228945737	228946182	LTR/ERVL-MaLR	2794	-	222	228945959	28032
chr1	228917927	229117927	harbor2	chr1	228985432	228985824	LTR/ERVL-MaLR	2014	-	196	228985628	67701
chr1	228917927	229117927	harbor2	chr1	229002017	229002433	LTR/ERVL-MaLR	2363	-	208	229002225	84298
chr1	228917927	229117927	harbor2	chr1	229002779	229003134	LTR/ERVL-MaLR	1886	-	178	229002957	85030
chr1	228917927	229117927	harbor2	chr1	228999135	228999365	LTR/ERVL-MaLR	418	-	115	228999250	81323
chr1	222526275	222726275	harbor2	chr1	222535404	222535784	LTR/ERVL-MaLR	1322	-	190	222535594	9319
chr1	222526275	222726275	harbor2	chr1	222548718	222548828	LTR/ERVL-MaLR	1456	-	55	222548773	22498
chr1	222526275	222726275	harbor2	chr1	222549127	222549382	LTR/ERVL-MaLR	1456	-	128	222549255	22980
chr1	222526275	222726275	harbor2	chr1	222552898	222553340	LTR/ERVL-MaLR	2394	-	221	222553119	26844
chr1	222526275	222726275	harbor2	chr1	222606666	222607031	LTR/ERVL-MaLR	2197	-	182	222606848	80573
chr1	222526275	222726275	harbor2	chr1	222607032	222607148	LTR/ERVL-MaLR	10916	-	58	222607090	80815
chr1	222526275	222726275	harbor2	chr1	222607446	222608422	LTR/ERVL-MaLR	10916	-	488	222607934	81659
chr1	222526275	222726275	harbor2	chr1	222608729	222609190	LTR/ERVL-MaLR	10916	-	230	222608959	82684
chr1	222526275	222726275	harbor2	chr1	222609191	222609552	LTR/ERVL-MaLR	2369	-	180	222609371	83096
chr1	152136836	152336836	harbor2	chr1	152146552	152146970	LTR/ERVL-MaLR	2530	-	209	152146761	9925
chr1	152136836	152336836	harbor2	chr1	152146971	152147204	LTR/ERVL-MaLR	9085	-	116	152147087	10251
chr1	152136836	152336836	harbor2	chr1	152147542	152148949	LTR/ERVL-MaLR	9085	-	704	152148246	11410
chr1	152136836	152336836	harbor2	chr1	152148950	152149371	LTR/ERVL-MaLR	2256	-	210	152149160	12324
chr1	163043195	163243195	harbor2	chr1	163052859	163053228	LTR/ERVL-MaLR	1414	-	184	163053043	9848
chr1	163043195	163243195	harbor2	chr1	163055528	163055938	LTR/ERVL-MaLR	2415	-	205	163055733	12538
chr1	163043195	163243195	harbor2	chr1	163097613	163097894	LTR/ERVL-MaLR	846	-	140	163097753	54558
chr1	163043195	163243195	harbor2	chr1	163108535	163108885	LTR/ERVL-MaLR	2675	-	175	163108710	65515
chr1	163043195	163243195	harbor2	chr1	163108888	163110429	LTR/ERVL-MaLR	10973	-	770	163109658	66463
chr1	163043195	163243195	harbor2	chr1	163110430	163110764	LTR/ERVL-MaLR	2249	-	167	163110597	67402
chr1	163043195	163243195	harbor2	chr1	163115761	163116195	LTR/ERVL-MaLR	1527	-	217	163115978	72783
chr1	217184339	217384339	harbor2	chr1	217188339	217188434	LTR/ERVL-MaLR	455	-	48	217188387	4048
chr1	217184339	217384339	harbor2	chr1	217188610	217188723	LTR/ERVL-MaLR	415	-	56	217188666	4327
chr1	217184339	217384339	harbor2	chr1	217190527	217190661	LTR/ERVL-MaLR	588	-	67	217190594	6255
chr1	217184339	217384339	harbor2	chr1	217190800	217191227	LTR/ERVL-MaLR	2928	-	214	217191014	6675
chr1	217184339	217384339	harbor2	chr1	217243385	217243785	LTR/ERVL-MaLR	794	-	200	217243585	59246
chr1	217184339	217384339	harbor2	chr1	217247966	217248222	LTR/ERVL-MaLR	626	-	128	217248094	63755
chr1	217184339	217384339	harbor2	chr1	217253124	217253694	LTR/ERVL-MaLR	2291	-	285	217253409	69070
chr1	182524918	182724918	harbor2	chr1	182527970	182528326	LTR/ERVL-MaLR	2163	-	178	182528148	3230
chr1	182524918	182724918	harbor2	chr1	182528328	182528750	LTR/ERVL-MaLR	2731	-	211	182528539	3621
chr1	182524918	182724918	harbor2	chr1	182528771	182529126	LTR/ERVL-MaLR	2040	-	178	182528949	4031
chr1	182524918	182724918	harbor2	chr1	182536585	182536926	LTR/ERVL-MaLR	2263	-	170	182536755	11837
chr1	182524918	182724918	harbor2	chr1	182552618	182552902	LTR/ERVL-MaLR	1585	-	142	182552760	27842
chr1	182524918	182724918	harbor2	chr1	182553203	182553299	LTR/ERVL-MaLR	1585	-	48	182553251	28333
chr1	182524918	182724918	harbor2	chr1	182558363	182558955	LTR/ERVL-MaLR	2349	-	296	182558659	33741
chr1	182524918	182724918	harbor2	chr1	182572555	182572801	LTR/ERVL-MaLR	1038	-	123	182572678	47760
chr1	204675813	204875813	harbor2	chr1	204722318	204722674	LTR/ERVL-MaLR	1736	-	178	204722496	46683
chr1	204675813	204875813	harbor2	chr1	204747582	204747985	LTR/ERVL-MaLR	870	-	202	204747784	71971
chr1	204675813	204875813	harbor2	chr1	204760442	204760604	LTR/ERVL-MaLR	719	-	81	204760523	84710
chr1	204675813	204875813	harbor2	chr1	204760841	204761182	LTR/ERVL-MaLR	687	-	170	204761011	85198
chr1	204675813	204875813	harbor2	chr1	204762249	204762804	LTR/ERVL-MaLR	2218	-	278	204762527	86714
chr1	204675813	204875813	harbor2	chr1	204770385	204770758	LTR/ERVL-MaLR	2233	-	186	204770571	94758
chr1	239182052	239382052	harbor2	chr1	239208385	239208586	LTR/ERVL-MaLR	1186	-	100	239208485	26433
chr1	239182052	239382052	harbor2	chr1	239262531	239262918	LTR/ERVL-MaLR	1652	-	194	239262725	80673
chr1	239182052	239382052	harbor2	chr1	239262971	239263073	LTR/ERVL-MaLR	534	-	51	239263022	80970
chr1	212511727	212711727	harbor2	chr1	212525127	212525402	LTR/ERVL-MaLR	514	-	138	212525265	13538
chr1	212511727	212711727	harbor2	chr1	212562794	212563186	LTR/ERVL-MaLR	1755	-	196	212562990	51263
chr1	220330149	220530149	harbor2	chr1	220331389	220331811	LTR/ERVL-MaLR	1054	-	211	220331600	1451
chr1	220330149	220530149	harbor2	chr1	220342484	220342548	LTR/ERVL-MaLR	1006	-	32	220342516	12367
chr1	220330149	220530149	harbor2	chr1	220342853	220343267	LTR/ERVL-MaLR	1006	-	207	220343060	12911
chr1	220330149	220530149	harbor2	chr1	220343873	220344119	LTR/ERVL-MaLR	978	-	123	220343996	13847
chr1	220330149	220530149	harbor2	chr1	220367068	220367411	LTR/ERVL-MaLR	1332	-	172	220367240	37091
chr1	220330149	220530149	harbor2	chr1	220373613	220373983	LTR/ERVL-MaLR	1741	-	185	220373798	43649
chr1	220330149	220530149	harbor2	chr1	220390166	220390518	LTR/ERVL-MaLR	1399	-	176	220390342	60193
chr1	56836709	57036709	harbor2	chr1	56838722	56838921	LTR/ERVL-MaLR	692	-	100	56838822	2113
chr1	56836709	57036709	harbor2	chr1	56839792	56840042	LTR/ERVL-MaLR	730	-	125	56839917	3208
chr1	56836709	57036709	harbor2	chr1	56840055	56840303	LTR/ERVL-MaLR	991	-	124	56840179	3470
chr1	56836709	57036709	harbor2	chr1	56846566	56846917	LTR/ERVL-MaLR	2379	-	176	56846742	10033
chr1	56836709	57036709	harbor2	chr1	56846918	56848475	LTR/ERVL-MaLR	12040	-	778	56847696	10987
chr1	56836709	57036709	harbor2	chr1	56848477	56848830	LTR/ERVL-MaLR	2524	-	176	56848653	11944
chr1	56836709	57036709	harbor2	chr1	56860966	56861105	LTR/ERVL-MaLR	892	-	70	56861036	24327
chr1	56836709	57036709	harbor2	chr1	56861303	56861577	LTR/ERVL-MaLR	1292	-	137	56861440	24731
chr1	56836709	57036709	harbor2	chr1	56865228	56865576	LTR/ERVL-MaLR	2204	-	174	56865402	28693
chr1	56836709	57036709	harbor2	chr1	56870108	56870265	LTR/ERVL-MaLR	744	-	78	56870186	33477
chr1	56836709	57036709	harbor2	chr1	56870349	56870659	LTR/ERVL-MaLR	714	-	155	56870504	33795
chr1	56836709	57036709	harbor2	chr1	56874138	56874422	LTR/ERVL-MaLR	510	-	142	56874280	37571
chr1	56836709	57036709	harbor2	chr1	56877947	56878333	LTR/ERVL-MaLR	2420	-	193	56878140	41431
chr1	56836709	57036709	harbor2	chr1	56912887	56913330	LTR/ERVL-MaLR	1955	-	222	56913109	76400
chr1	56836709	57036709	harbor2	chr1	56918370	56918728	LTR/ERVL-MaLR	2236	-	179	56918549	81840
chr1	149009529	149209529	harbor2	chr1	149099264	149099372	LTR/ERVL-MaLR	417	-	54	149099318	89789
chr1	231835838	232035838	harbor2	chr1	231839631	231840033	LTR/ERVL-MaLR	2264	-	201	231839832	3994
chr1	231835838	232035838	harbor2	chr1	231847031	231847421	LTR/ERVL-MaLR	2109	-	195	231847226	11388
chr1	231835838	232035838	harbor2	chr1	231859262	231859625	LTR/ERVL-MaLR	2274	-	182	231859444	23606
chr1	231835838	232035838	harbor2	chr1	231869425	231869807	LTR/ERVL-MaLR	1987	-	191	231869616	33778
chr1	231835838	232035838	harbor2	chr1	231881221	231881631	LTR/ERVL-MaLR	1777	-	205	231881426	45588
chr1	231835838	232035838	harbor2	chr1	231885877	231886245	LTR/ERVL-MaLR	1764	-	184	231886061	50223
chr1	231835838	232035838	harbor2	chr1	231902625	231902722	LTR/ERVL-MaLR	417	-	48	231902673	66835
chr1	231835838	232035838	harbor2	chr1	231903229	231903375	LTR/ERVL-MaLR	587	-	73	231903302	67464
chr1	231835838	232035838	harbor2	chr1	231904165	231904302	LTR/ERVL-MaLR	417	-	68	231904233	68395
chr1	231835838	232035838	harbor2	chr1	231913939	231914345	LTR/ERVL-MaLR	704	-	203	231914142	78304
chr1	231835838	232035838	harbor2	chr1	231915117	231915501	LTR/ERVL-MaLR	726	-	192	231915309	79471
chr1	231835838	232035838	harbor2	chr1	231915808	231915865	LTR/ERVL-MaLR	726	-	28	231915836	79998
chr1	197571289	197771289	harbor2	chr1	197630198	197630550	LTR/ERVL-MaLR	1561	-	176	197630374	59085
chr1	149979090	150179090	harbor2	chr1	150026104	150026342	LTR/ERVL-MaLR	918	-	119	150026223	47133
chr1	246966034	247166034	harbor2	chr1	246967613	246967994	LTR/ERVL-MaLR	2272	-	190	246967803	1769
chr1	246966034	247166034	harbor2	chr1	246967995	246969626	LTR/ERVL-MaLR	11192	-	816	246968811	2777
chr1	246966034	247166034	harbor2	chr1	246969627	246970003	LTR/ERVL-MaLR	2176	-	188	246969815	3781
chr1	246966034	247166034	harbor2	chr1	247046857	247047395	LTR/ERVL-MaLR	3645	-	269	247047126	81092
chr1	246966034	247166034	harbor2	chr1	247047396	247047560	LTR/ERVL-MaLR	1111	-	82	247047478	81444
chr1	246966034	247166034	harbor2	chr1	247047561	247048596	LTR/ERVL-MaLR	7011	-	518	247048079	82045
chr1	246966034	247166034	harbor2	chr1	247048599	247048898	LTR/ERVL-MaLR	1732	-	150	247048749	82715
chr1	214138646	214338646	harbor2	chr1	214169748	214170073	LTR/ERVL-MaLR	1582	-	162	214169910	31264
chr1	214138646	214338646	harbor2	chr1	214174212	214175415	LTR/ERVL-MaLR	1279	-	602	214174814	36168
chr1	214138646	214338646	harbor2	chr1	214203749	214204112	LTR/ERVL-MaLR	2481	-	182	214203931	65285
chr1	11234036	11434036	harbor2	chr1	11304086	11304264	LTR/ERVL-MaLR	585	-	89	11304175	70139
chr1	11234036	11434036	harbor2	chr1	11312788	11312959	LTR/ERVL-MaLR	628	-	86	11312874	78838
chr1	11234036	11434036	harbor2	chr1	11318216	11318328	LTR/ERVL-MaLR	461	-	56	11318272	84236
chr1	11234036	11434036	harbor2	chr1	11318618	11318676	LTR/ERVL-MaLR	461	-	29	11318647	84611
chr1	175381369	175581369	harbor2	chr1	175382549	175382621	LTR/ERVL-MaLR	2182	-	36	175382585	1216
chr1	175381369	175581369	harbor2	chr1	175382922	175383304	LTR/ERVL-MaLR	2182	-	191	175383113	1744
chr1	175381369	175581369	harbor2	chr1	175411401	175411865	LTR/ERVL-MaLR	2054	-	232	175411633	30264
chr1	175381369	175581369	harbor2	chr1	175463406	175463871	LTR/ERVL-MaLR	921	-	232	175463638	82269
chr1	240276024	240476024	harbor2	chr1	240297747	240298105	LTR/ERVL-MaLR	1772	-	179	240297926	21902
chr1	240276024	240476024	harbor2	chr1	240358456	240358831	LTR/ERVL-MaLR	2251	-	188	240358644	82620
chr1	209472166	209672166	harbor2	chr1	209472001	209472322	LTR/ERVL-MaLR	1909	-	160	209472161	5
chr1	209472166	209672166	harbor2	chr1	209491460	209491904	LTR/ERVL-MaLR	1799	-	222	209491682	19516
chr1	209472166	209672166	harbor2	chr1	209492355	209492426	LTR/ERVL-MaLR	1799	-	36	209492391	20225
chr1	209472166	209672166	harbor2	chr1	209495042	209495361	LTR/ERVL-MaLR	1602	-	160	209495202	23036
chr1	209472166	209672166	harbor2	chr1	209497683	209498096	LTR/ERVL-MaLR	2455	-	206	209497889	25723
chr1	209472166	209672166	harbor2	chr1	209532905	209533229	LTR/ERVL-MaLR	1136	-	162	209533067	60901
chr1	209472166	209672166	harbor2	chr1	209533267	209533369	LTR/ERVL-MaLR	443	-	51	209533318	61152
chr1	209472166	209672166	harbor2	chr1	209536093	209536317	LTR/ERVL-MaLR	421	-	112	209536205	64039
chr1	209472166	209672166	harbor2	chr1	209546660	209547124	LTR/ERVL-MaLR	1324	-	232	209546892	74726
chr1	209472166	209672166	harbor2	chr1	209554239	209554557	LTR/ERVL-MaLR	1212	-	159	209554398	82232
chr1	209472166	209672166	harbor2	chr1	209566829	209567200	LTR/ERVL-MaLR	2218	-	186	209567015	94849
chr1	209472166	209672166	harbor2	chr1	209570624	209571095	LTR/ERVL-MaLR	2840	-	236	209570860	98694
chr1	209472166	209672166	harbor2	chr1	209567579	209567919	LTR/ERVL-MaLR	753	-	170	209567749	95583
chr1	185353866	185553866	harbor2	chr1	185355871	185356141	LTR/ERVL-MaLR	801	-	135	185356006	2140
chr1	185353866	185553866	harbor2	chr1	185389437	185389756	LTR/ERVL-MaLR	1238	-	160	185389597	35731
chr1	185353866	185553866	harbor2	chr1	185407084	185407133	LTR/ERVL-MaLR	2221	-	24	185407108	53242
chr1	185353866	185553866	harbor2	chr1	185407435	185407804	LTR/ERVL-MaLR	2221	-	184	185407619	53753
chr1	185353866	185553866	harbor2	chr1	185415571	185416025	LTR/ERVL-MaLR	1142	-	227	185415798	61932
chr1	185353866	185553866	harbor2	chr1	185427688	185428143	LTR/ERVL-MaLR	1506	-	228	185427916	74050
chr1	185353866	185553866	harbor2	chr1	185432654	185432770	LTR/ERVL-MaLR	1238	-	58	185432712	78846
chr1	185353866	185553866	harbor2	chr1	185433049	185433408	LTR/ERVL-MaLR	1238	-	180	185433229	79363
chr1	185353866	185553866	harbor2	chr1	185445921	185446315	LTR/ERVL-MaLR	1669	-	197	185446118	92252
chr1	185353866	185553866	harbor2	chr1	185400924	185401453	LTR/ERVL-MaLR	1032	-	264	185401188	47322
chr1	82002432	82202432	harbor2	chr1	82024994	82025294	LTR/ERVL-MaLR	1670	-	150	82025144	22712
chr1	82002432	82202432	harbor2	chr1	82043230	82043689	LTR/ERVL-MaLR	1651	-	230	82043460	41028
chr1	82002432	82202432	harbor2	chr1	82080445	82080772	LTR/ERVL-MaLR	1590	-	164	82080609	78177
chr1	82002432	82202432	harbor2	chr1	82082326	82082784	LTR/ERVL-MaLR	1571	-	229	82082555	80123
chr1	82002432	82202432	harbor2	chr1	82083299	82083403	LTR/ERVL-MaLR	1571	-	52	82083351	80919
chr1	82002432	82202432	harbor2	chr1	82088995	82089302	LTR/ERVL-MaLR	902	-	154	82089149	86717
chr1	242317646	242517646	harbor2	chr1	242344802	242345151	LTR/ERVL-MaLR	2553	-	174	242344976	27330
chr1	242317646	242517646	harbor2	chr1	242385828	242386290	LTR/ERVL-MaLR	1328	-	231	242386059	68413
chr1	154661658	154861658	harbor2	chr1	154689088	154689467	LTR/ERVL-MaLR	1528	-	190	154689278	27620
chr1	154661658	154861658	harbor2	chr1	154694615	154694845	LTR/ERVL-MaLR	572	-	115	154694730	33072
chr1	195485655	195685655	harbor2	chr1	195536516	195536656	LTR/ERVL-MaLR	427	-	70	195536586	50931
chr1	218443782	218643782	harbor2	chr1	218449614	218449969	LTR/ERVL-MaLR	1732	-	178	218449792	6010
chr1	218443782	218643782	harbor2	chr1	218450301	218450720	LTR/ERVL-MaLR	1860	-	210	218450511	6729
chr1	218443782	218643782	harbor2	chr1	218477023	218477401	LTR/ERVL-MaLR	1741	-	189	218477212	33430
chr1	218443782	218643782	harbor2	chr1	218503953	218504301	LTR/ERVL-MaLR	2320	-	174	218504127	60345
chr1	218443782	218643782	harbor2	chr1	218508614	218508971	LTR/ERVL-MaLR	1835	-	178	218508792	65010
chr1	77186693	77386693	harbor2	chr1	77221120	77221325	LTR/ERVL-MaLR	2003	-	102	77221222	34529
chr1	77186693	77386693	harbor2	chr1	77221624	77221805	LTR/ERVL-MaLR	2003	-	90	77221714	35021
chr1	77186693	77386693	harbor2	chr1	77221806	77223304	LTR/ERVL-MaLR	9083	-	749	77222555	35862
chr1	77186693	77386693	harbor2	chr1	77223305	77223673	LTR/ERVL-MaLR	2374	-	184	77223489	36796
chr1	77186693	77386693	harbor2	chr1	77224742	77225139	LTR/ERVL-MaLR	2389	-	198	77224940	38247
chr1	77186693	77386693	harbor2	chr1	77232297	77232540	LTR/ERVL-MaLR	509	-	122	77232419	45726
chr1	77186693	77386693	harbor2	chr1	77232554	77232712	LTR/ERVL-MaLR	483	-	79	77232633	45940
chr1	77186693	77386693	harbor2	chr1	77236735	77237088	LTR/ERVL-MaLR	1981	-	176	77236911	50218
chr1	77186693	77386693	harbor2	chr1	77242914	77243284	LTR/ERVL-MaLR	1833	-	185	77243099	56406
chr1	228952988	229152988	harbor2	chr1	228985432	228985824	LTR/ERVL-MaLR	2014	-	196	228985628	32640
chr1	228952988	229152988	harbor2	chr1	229002017	229002433	LTR/ERVL-MaLR	2363	-	208	229002225	49237
chr1	228952988	229152988	harbor2	chr1	229002779	229003134	LTR/ERVL-MaLR	1886	-	178	229002957	49969
chr1	228952988	229152988	harbor2	chr1	229018838	229019207	LTR/ERVL-MaLR	2040	-	184	229019022	66034
chr1	228952988	229152988	harbor2	chr1	228999135	228999365	LTR/ERVL-MaLR	418	-	115	228999250	46262
chr1	114527150	114727150	harbor2	chr1	114551372	114551531	LTR/ERVL-MaLR	942	-	80	114551452	24302
chr1	114527150	114727150	harbor2	chr1	114552288	114552677	LTR/ERVL-MaLR	1557	-	194	114552482	25332
chr1	114527150	114727150	harbor2	chr1	114559539	114559730	LTR/ERVL-MaLR	529	-	96	114559635	32485
chr1	114527150	114727150	harbor2	chr1	114561896	114562186	LTR/ERVL-MaLR	908	-	145	114562041	34891
chr1	114527150	114727150	harbor2	chr1	114563992	114564158	LTR/ERVL-MaLR	883	-	83	114564075	36925
chr1	114527150	114727150	harbor2	chr1	114616531	114616572	LTR/ERVL-MaLR	2611	-	20	114616551	89401
chr1	114527150	114727150	harbor2	chr1	114616865	114617185	LTR/ERVL-MaLR	2611	-	160	114617025	89875
chr1	241599865	241799865	harbor2	chr1	241602478	241602863	LTR/ERVL-MaLR	840	-	192	241602670	2805
chr1	241599865	241799865	harbor2	chr1	241662153	241662539	LTR/ERVL-MaLR	1266	-	193	241662346	62481
chr1	241599865	241799865	harbor2	chr1	241698811	241699185	LTR/ERVL-MaLR	2548	-	187	241698998	99133
chr1	233840834	234040834	harbor2	chr1	233884365	233884749	LTR/ERVL-MaLR	1978	-	192	233884557	43723
chr1	233840834	234040834	harbor2	chr1	233887363	233888178	LTR/ERVL-MaLR	1745	-	408	233887771	46937
chr1	233840834	234040834	harbor2	chr1	233888201	233888393	LTR/ERVL-MaLR	676	-	96	233888297	47463
chr1	233840834	234040834	harbor2	chr1	233888752	233888777	LTR/ERVL-MaLR	612	-	12	233888764	47930
chr1	233840834	234040834	harbor2	chr1	233889077	233889435	LTR/ERVL-MaLR	2233	-	179	233889256	48422
chr1	233840834	234040834	harbor2	chr1	233892990	233893369	LTR/ERVL-MaLR	1969	-	190	233893180	52346
chr1	233840834	234040834	harbor2	chr1	233915608	233915965	LTR/ERVL-MaLR	2391	-	178	233915786	74952
chr1	234983094	235183094	harbor2	chr1	234990278	234990699	LTR/ERVL-MaLR	1708	-	210	234990488	7394
chr1	234983094	235183094	harbor2	chr1	235003211	235003287	LTR/ERVL-MaLR	2676	-	38	235003249	20155
chr1	234983094	235183094	harbor2	chr1	235003603	235003949	LTR/ERVL-MaLR	2676	-	173	235003776	20682
chr1	234983094	235183094	harbor2	chr1	235007838	235008191	LTR/ERVL-MaLR	1080	-	176	235008014	24920
chr1	234983094	235183094	harbor2	chr1	235008730	235009098	LTR/ERVL-MaLR	2463	-	184	235008914	25820
chr1	234983094	235183094	harbor2	chr1	235018105	235018649	LTR/ERVL-MaLR	2423	-	272	235018377	35283
chr1	234983094	235183094	harbor2	chr1	235026526	235026596	LTR/ERVL-MaLR	1777	-	35	235026561	43467
chr1	234983094	235183094	harbor2	chr1	235026912	235027254	LTR/ERVL-MaLR	1777	-	171	235027083	43989
chr1	234983094	235183094	harbor2	chr1	235027534	235027961	LTR/ERVL-MaLR	2623	-	214	235027748	44654
chr1	234983094	235183094	harbor2	chr1	235042628	235042972	LTR/ERVL-MaLR	1611	-	172	235042800	59706
chr1	234983094	235183094	harbor2	chr1	235055305	235055617	LTR/ERVL-MaLR	1252	-	156	235055461	72367
chr1	234983094	235183094	harbor2	chr1	235055940	235056041	LTR/ERVL-MaLR	509	-	50	235055990	72896
chr1	195388103	195588103	harbor2	chr1	195413702	195414056	LTR/ERVL-MaLR	1407	-	177	195413879	25776
chr1	195388103	195588103	harbor2	chr1	195417049	195417503	LTR/ERVL-MaLR	1529	-	227	195417276	29173
chr1	195388103	195588103	harbor2	chr1	195417547	195417792	LTR/ERVL-MaLR	490	-	122	195417669	29566
chr1	195388103	195588103	harbor2	chr1	195438645	195439001	LTR/ERVL-MaLR	2123	-	178	195438823	50720
chr1	195388103	195588103	harbor2	chr1	195439002	195440586	LTR/ERVL-MaLR	9040	-	792	195439794	51691
chr1	195388103	195588103	harbor2	chr1	195440589	195440951	LTR/ERVL-MaLR	2203	-	181	195440770	52667
chr1	195388103	195588103	harbor2	chr1	195462432	195462787	LTR/ERVL-MaLR	2052	-	178	195462610	74507
chr1	213635920	213835920	harbor2	chr1	213693472	213694106	LTR/ERVL-MaLR	657	-	317	213693789	57869
chr1	213635920	213835920	harbor2	chr1	213694318	213694557	LTR/ERVL-MaLR	538	-	120	213694438	58518
chr1	213635920	213835920	harbor2	chr1	213723292	213723673	LTR/ERVL-MaLR	2062	-	190	213723482	87562
chr1	210268422	210468422	harbor2	chr1	210268297	210268516	LTR/ERVL-MaLR	1675	-	110	210268407	15
chr1	210268422	210468422	harbor2	chr1	210268832	210269193	LTR/ERVL-MaLR	1675	-	180	210269012	590
chr1	210268422	210468422	harbor2	chr1	210275980	210276098	LTR/ERVL-MaLR	1491	-	59	210276039	7617
chr1	210268422	210468422	harbor2	chr1	210276386	210276400	LTR/ERVL-MaLR	1491	-	7	210276393	7971
chr1	210268422	210468422	harbor2	chr1	210276635	210276783	LTR/ERVL-MaLR	1560	-	74	210276709	8287
chr1	210268422	210468422	harbor2	chr1	210277131	210277314	LTR/ERVL-MaLR	1560	-	92	210277223	8801
chr1	210268422	210468422	harbor2	chr1	210308956	210309266	LTR/ERVL-MaLR	1429	-	155	210309111	40689
chr1	210268422	210468422	harbor2	chr1	210349472	210349651	LTR/ERVL-MaLR	512	-	90	210349562	81140
chr1	210268422	210468422	harbor2	chr1	210351566	210351925	LTR/ERVL-MaLR	758	-	180	210351746	83324
chr1	210268422	210468422	harbor2	chr1	210337369	210337823	LTR/ERVL-MaLR	2042	-	227	210337596	69174
chr1	222861826	223061826	harbor2	chr1	222877206	222877566	LTR/ERVL-MaLR	2127	-	180	222877386	15560
chr1	222861826	223061826	harbor2	chr1	222890620	222891083	LTR/ERVL-MaLR	3083	-	232	222890852	29026
chr1	222861826	223061826	harbor2	chr1	222939504	222939540	LTR/ERVL-MaLR	2175	-	18	222939522	77696
chr1	222861826	223061826	harbor2	chr1	222940152	222940506	LTR/ERVL-MaLR	2175	-	177	222940329	78503
chr1	154807861	155007861	harbor2	chr1	154883166	154883530	LTR/ERVL-MaLR	786	-	182	154883348	75487
chr1	154807861	155007861	harbor2	chr1	154883832	154883938	LTR/ERVL-MaLR	786	-	53	154883885	76024
chr1	154807861	155007861	harbor2	chr1	154890739	154890801	LTR/ERVL-MaLR	844	-	31	154890770	82909
chr1	154807861	155007861	harbor2	chr1	154891096	154891206	LTR/ERVL-MaLR	844	-	55	154891151	83290
chr1	154807861	155007861	harbor2	chr1	154904524	154904738	LTR/ERVL-MaLR	1132	-	107	154904631	96770
chr1	179360560	179560560	harbor2	chr1	179387175	179387544	LTR/ERVL-MaLR	1425	-	184	179387359	26799
chr1	217358436	217558436	harbor2	chr1	217404496	217404842	LTR/ERVL-MaLR	1875	-	173	217404669	46233
chr1	243691294	243891294	harbor2	chr1	243719535	243719933	LTR/ERVL-MaLR	763	-	199	243719734	28440
chr1	243691294	243891294	harbor2	chr1	243782264	243782628	LTR/ERVL-MaLR	1439	-	182	243782446	91152
chr1	172094351	172294351	harbor2	chr1	172099180	172099580	LTR/ERVL-MaLR	849	-	200	172099380	5029
chr1	172094351	172294351	harbor2	chr1	172100632	172101081	LTR/ERVL-MaLR	944	-	224	172100856	6505
chr1	172094351	172294351	harbor2	chr1	172120088	172120448	LTR/ERVL-MaLR	2456	-	180	172120268	25917
chr1	172094351	172294351	harbor2	chr1	172129445	172129810	LTR/ERVL-MaLR	2231	-	182	172129627	35276
chr1	172094351	172294351	harbor2	chr1	172189630	172190011	LTR/ERVL-MaLR	2253	-	190	172189820	95469
chr1	181779497	181979497	harbor2	chr1	181796261	181796549	LTR/ERVL-MaLR	993	-	144	181796405	16908
chr1	181779497	181979497	harbor2	chr1	181814582	181814937	LTR/ERVL-MaLR	1338	-	178	181814760	35263
chr1	181779497	181979497	harbor2	chr1	181818965	181819477	LTR/ERVL-MaLR	1781	-	256	181819221	39724
chr1	181779497	181979497	harbor2	chr1	181864257	181864657	LTR/ERVL-MaLR	2280	-	200	181864457	84960
chr1	181779497	181979497	harbor2	chr1	181868301	181868721	LTR/ERVL-MaLR	2400	-	210	181868511	89014
chr1	166299022	166499022	harbor2	chr1	166304208	166304821	LTR/ERVL-MaLR	2538	-	306	166304514	5492
chr1	166299022	166499022	harbor2	chr1	166306770	166307111	LTR/ERVL-MaLR	700	-	170	166306940	7918
chr1	166299022	166499022	harbor2	chr1	166324717	166325199	LTR/ERVL-MaLR	1841	-	241	166324958	25936
chr1	166299022	166499022	harbor2	chr1	166365100	166365334	LTR/ERVL-MaLR	465	-	117	166365217	66195
chr1	209242541	209442541	harbor2	chr1	209287647	209287849	LTR/ERVL-MaLR	453	-	101	209287748	45207
chr1	209242541	209442541	harbor2	chr1	209317898	209318267	LTR/ERVL-MaLR	1967	-	184	209318082	75541
chr1	209242541	209442541	harbor2	chr1	209320872	209321027	LTR/ERVL-MaLR	700	-	78	209320950	78409
chr1	209242541	209442541	harbor2	chr1	209331160	209331512	LTR/ERVL-MaLR	432	-	176	209331336	88795
chr1	242733648	242933648	harbor2	chr1	242741061	242741241	LTR/ERVL-MaLR	689	-	90	242741151	7503
chr1	242733648	242933648	harbor2	chr1	242776374	242776797	LTR/ERVL-MaLR	2735	-	212	242776586	42938
chr1	242733648	242933648	harbor2	chr1	242789965	242790322	LTR/ERVL-MaLR	2265	-	178	242790143	56495
chr1	242733648	242933648	harbor2	chr1	242791604	242791760	LTR/ERVL-MaLR	520	-	78	242791682	58034
chr1	242733648	242933648	harbor2	chr1	242792154	242792605	LTR/ERVL-MaLR	1792	-	226	242792380	58732
chr1	242733648	242933648	harbor2	chr1	242803267	242803624	LTR/ERVL-MaLR	1690	-	178	242803445	69797
chr1	152389453	152589453	harbor2	chr1	152407673	152408121	LTR/ERVL-MaLR	1296	-	224	152407897	18444
chr1	152389453	152589453	harbor2	chr1	152474520	152474858	LTR/ERVL-MaLR	2065	-	169	152474689	85236
chr1	152389453	152589453	harbor2	chr1	152475992	152477484	LTR/ERVL-MaLR	9419	-	746	152476738	87285
chr1	152389453	152589453	harbor2	chr1	152477870	152478243	LTR/ERVL-MaLR	2581	-	186	152478056	88603
chr1	228011027	228211027	harbor2	chr1	228016637	228017029	LTR/ERVL-MaLR	2080	-	196	228016833	5806
chr1	228011027	228211027	harbor2	chr1	228047597	228047992	LTR/ERVL-MaLR	2289	-	198	228047795	36768
chr1	228011027	228211027	harbor2	chr1	228051455	228051669	LTR/ERVL-MaLR	1260	-	107	228051562	40535
chr1	228011027	228211027	harbor2	chr1	228051670	228052060	LTR/ERVL-MaLR	2196	-	195	228051865	40838
chr1	228011027	228211027	harbor2	chr1	228052061	228052180	LTR/ERVL-MaLR	1260	-	60	228052121	41094
chr1	228011027	228211027	harbor2	chr1	228075823	228076202	LTR/ERVL-MaLR	501	-	190	228076013	64986
chr1	247508419	247708419	harbor2	chr1	247515505	247515853	LTR/ERVL-MaLR	1918	-	174	247515679	7260
chr1	247508419	247708419	harbor2	chr1	247559621	247560007	LTR/ERVL-MaLR	2078	-	193	247559814	51395
chr1	247508419	247708419	harbor2	chr1	247577699	247577930	LTR/ERVL-MaLR	984	-	116	247577815	69396
chr1	178440239	178640239	harbor2	chr1	178441782	178442209	LTR/ERVL-MaLR	2344	-	214	178441996	1757
chr1	178440239	178640239	harbor2	chr1	178523688	178524154	LTR/ERVL-MaLR	2020	-	233	178523921	83682
chr1	178440239	178640239	harbor2	chr1	178525563	178525908	LTR/ERVL-MaLR	1689	-	172	178525735	85496
chr1	225893835	226093835	harbor2	chr1	225931390	225931922	LTR/ERVL-MaLR	2897	-	266	225931656	37821
chr1	225893835	226093835	harbor2	chr1	225956180	225956476	LTR/ERVL-MaLR	1514	-	148	225956328	62493
chr1	89454558	89654558	harbor2	chr1	89479858	89480213	LTR/ERVL-MaLR	1811	-	178	89480036	25478
chr1	89454558	89654558	harbor2	chr1	89480214	89481779	LTR/ERVL-MaLR	11527	-	782	89480996	26438
chr1	89454558	89654558	harbor2	chr1	89481780	89482083	LTR/ERVL-MaLR	1124	-	152	89481932	27374
chr1	89454558	89654558	harbor2	chr1	89490446	89490803	LTR/ERVL-MaLR	2176	-	178	89490624	36066
chr1	89454558	89654558	harbor2	chr1	89490804	89490981	LTR/ERVL-MaLR	1238	-	88	89490892	36334
chr1	89454558	89654558	harbor2	chr1	89513631	89514039	LTR/ERVL-MaLR	2403	-	204	89513835	59277
chr1	89454558	89654558	harbor2	chr1	89528557	89529001	LTR/ERVL-MaLR	1048	-	222	89528779	74221
chr1	162654864	162854864	harbor2	chr1	162668384	162668771	LTR/ERVL-MaLR	1216	-	194	162668578	13714
chr1	162654864	162854864	harbor2	chr1	162681486	162681845	LTR/ERVL-MaLR	1938	-	180	162681666	26802
chr1	162654864	162854864	harbor2	chr1	162704467	162704809	LTR/ERVL-MaLR	1959	-	171	162704638	49774
chr1	162654864	162854864	harbor2	chr1	162719858	162720155	LTR/ERVL-MaLR	560	-	148	162720006	65142
chr1	162654864	162854864	harbor2	chr1	162742698	162743054	LTR/ERVL-MaLR	2747	-	178	162742876	88012
chr1	162654864	162854864	harbor2	chr1	162742248	162742691	LTR/ERVL-MaLR	2265	-	222	162742470	87606
chr1	224736203	224936203	harbor2	chr1	224742426	224742821	LTR/ERVL-MaLR	2402	-	198	224742624	6421
chr1	224736203	224936203	harbor2	chr1	224753489	224753912	LTR/ERVL-MaLR	1475	-	212	224753701	17498
chr1	224736203	224936203	harbor2	chr1	224779338	224779734	LTR/ERVL-MaLR	2333	-	198	224779536	43333
chr1	224736203	224936203	harbor2	chr1	224787996	224788279	LTR/ERVL-MaLR	763	-	142	224788138	51935
chr1	224736203	224936203	harbor2	chr1	224815821	224816215	LTR/ERVL-MaLR	2181	-	197	224816018	79815
chr1	224736203	224936203	harbor2	chr1	224820503	224820761	LTR/ERVL-MaLR	892	-	129	224820632	84429
chr1	117258018	117458018	harbor2	chr1	117257722	117258094	LTR/ERVL-MaLR	2474	-	186	117257908	110
chr1	117258018	117458018	harbor2	chr1	117258095	117259623	LTR/ERVL-MaLR	10341	-	764	117258859	841
chr1	117258018	117458018	harbor2	chr1	117259624	117259993	LTR/ERVL-MaLR	2511	-	184	117259808	1790
chr1	117258018	117458018	harbor2	chr1	117265670	117266151	LTR/ERVL-MaLR	1475	-	240	117265910	7892
chr1	117258018	117458018	harbor2	chr1	117281057	117281301	LTR/ERVL-MaLR	1091	-	122	117281179	23161
chr1	117258018	117458018	harbor2	chr1	117281438	117281546	LTR/ERVL-MaLR	742	-	54	117281492	23474
chr1	117258018	117458018	harbor2	chr1	117281888	117281953	LTR/ERVL-MaLR	742	-	32	117281920	23902
chr1	117258018	117458018	harbor2	chr1	117323262	117323881	LTR/ERVL-MaLR	797	-	310	117323572	65554
chr1	245138876	245338876	harbor2	chr1	245170482	245170844	LTR/ERVL-MaLR	1973	-	181	245170663	31787
chr1	245138876	245338876	harbor2	chr1	245189750	245190082	LTR/ERVL-MaLR	2065	-	166	245189916	51040
chr1	245138876	245338876	harbor2	chr1	245190087	245190251	LTR/ERVL-MaLR	1115	-	82	245190169	51293
chr1	241857430	242057430	harbor2	chr1	241867170	241867528	LTR/ERVL-MaLR	2086	-	179	241867349	9919
chr1	241857430	242057430	harbor2	chr1	241883253	241883584	LTR/ERVL-MaLR	1337	-	166	241883419	25989
chr1	241857430	242057430	harbor2	chr1	241914688	241914731	LTR/ERVL-MaLR	2543	-	22	241914710	57280
chr1	241857430	242057430	harbor2	chr1	241915033	241915422	LTR/ERVL-MaLR	2543	-	194	241915227	57797
chr1	211504587	211704587	harbor2	chr1	211540859	211541225	LTR/ERVL-MaLR	2154	-	183	211541042	36455
chr1	211504587	211704587	harbor2	chr1	211556181	211556291	LTR/ERVL-MaLR	731	-	55	211556236	51649
chr1	211504587	211704587	harbor2	chr1	211556424	211556531	LTR/ERVL-MaLR	767	-	54	211556478	51891
chr1	211504587	211704587	harbor2	chr1	211556523	211556683	LTR/ERVL-MaLR	841	-	80	211556603	52016
chr1	211504587	211704587	harbor2	chr1	211567279	211567447	LTR/ERVL-MaLR	803	-	84	211567363	62776
chr1	233384298	233584298	harbor2	chr1	233393113	233393414	LTR/ERVL-MaLR	1100	-	150	233393263	8965
chr1	233384298	233584298	harbor2	chr1	233423347	233423812	LTR/ERVL-MaLR	2065	-	232	233423579	39281
chr1	233384298	233584298	harbor2	chr1	233438049	233438407	LTR/ERVL-MaLR	2044	-	179	233438228	53930
chr1	233384298	233584298	harbor2	chr1	233450682	233451046	LTR/ERVL-MaLR	2701	-	182	233450864	66566
chr1	233384298	233584298	harbor2	chr1	233478350	233478720	LTR/ERVL-MaLR	2291	-	185	233478535	94237
chr1	247170079	247370079	harbor2	chr1	247173409	247173828	LTR/ERVL-MaLR	1643	-	210	247173619	3540
chr1	247170079	247370079	harbor2	chr1	247212131	247212594	LTR/ERVL-MaLR	1352	-	232	247212363	42284
chr1	247170079	247370079	harbor2	chr1	247227580	247227947	LTR/ERVL-MaLR	2040	-	184	247227764	57685
chr1	247170079	247370079	harbor2	chr1	247269314	247270372	LTR/ERVL-MaLR	6219	-	529	247269843	99764
chr1	96665744	96865744	harbor2	chr1	96670953	96671267	LTR/ERVL-MaLR	1751	-	157	96671110	5366
chr1	96665744	96865744	harbor2	chr1	96694230	96694728	LTR/ERVL-MaLR	1181	-	249	96694479	28735
chr1	96665744	96865744	harbor2	chr1	96710047	96710353	LTR/ERVL-MaLR	666	-	153	96710200	44456
chr1	96665744	96865744	harbor2	chr1	96733056	96733329	LTR/ERVL-MaLR	760	-	136	96733192	67448
chr1	96665744	96865744	harbor2	chr1	96740176	96740564	LTR/ERVL-MaLR	1326	-	194	96740370	74626
chr1	96665744	96865744	harbor2	chr1	96759788	96760141	LTR/ERVL-MaLR	1965	-	176	96759964	94220
chr1	184456653	184656653	harbor2	chr1	184482052	184482438	LTR/ERVL-MaLR	706	-	193	184482245	25592
chr1	184456653	184656653	harbor2	chr1	184502111	184502458	LTR/ERVL-MaLR	1550	-	174	184502285	45632
chr1	184456653	184656653	harbor2	chr1	184511642	184512007	LTR/ERVL-MaLR	2109	-	182	184511824	55171
chr1	184456653	184656653	harbor2	chr1	184536229	184536540	LTR/ERVL-MaLR	728	-	156	184536385	79732
chr1	184456653	184656653	harbor2	chr1	184544629	184545174	LTR/ERVL-MaLR	1865	-	272	184544901	88248
chr1	184456653	184656653	harbor2	chr1	184516457	184516831	LTR/ERVL-MaLR	1956	-	187	184516644	59991
chr1	232793852	232993852	harbor2	chr1	232816129	232816489	LTR/ERVL-MaLR	1314	-	180	232816309	22457
chr1	232793852	232993852	harbor2	chr1	232816744	232817135	LTR/ERVL-MaLR	2137	-	196	232816940	23088
chr1	232793852	232993852	harbor2	chr1	232825979	232826418	LTR/ERVL-MaLR	994	-	220	232826199	32347
chr1	232793852	232993852	harbor2	chr1	232831552	232832001	LTR/ERVL-MaLR	1451	-	224	232831776	37924
chr1	232793852	232993852	harbor2	chr1	232841596	232841973	LTR/ERVL-MaLR	2447	-	188	232841784	47932
chr1	232793852	232993852	harbor2	chr1	232892997	232893170	LTR/ERVL-MaLR	527	-	86	232893083	99231
chr1	239494288	239694288	harbor2	chr1	239533244	239533454	LTR/ERVL-MaLR	2448	-	105	239533349	39061
chr1	239494288	239694288	harbor2	chr1	239533759	239533931	LTR/ERVL-MaLR	2448	-	86	239533845	39557
chr1	239494288	239694288	harbor2	chr1	239537206	239537574	LTR/ERVL-MaLR	1814	-	184	239537390	43102
chr1	239494288	239694288	harbor2	chr1	239548895	239549246	LTR/ERVL-MaLR	2321	-	176	239549071	54783
chr1	239494288	239694288	harbor2	chr1	239564836	239565297	LTR/ERVL-MaLR	1389	-	230	239565066	70778
chr1	99234566	99434566	harbor2	chr1	99241546	99241655	LTR/ERVL-MaLR	622	-	54	99241600	7034
chr1	99234566	99434566	harbor2	chr1	99312744	99312840	LTR/ERVL-MaLR	446	-	48	99312792	78226
chr1	99234566	99434566	harbor2	chr1	99312923	99313069	LTR/ERVL-MaLR	446	-	73	99312996	78430
chr1	238228258	238428258	harbor2	chr1	238267407	238267524	LTR/ERVL-MaLR	404	-	58	238267465	39207
chr1	238228258	238428258	harbor2	chr1	238303564	238303791	LTR/ERVL-MaLR	2110	-	114	238303678	75420
chr1	238228258	238428258	harbor2	chr1	238304106	238304241	LTR/ERVL-MaLR	2110	-	68	238304174	75916
chr1	238228258	238428258	harbor2	chr1	238312254	238312590	LTR/ERVL-MaLR	1302	-	168	238312422	84164
chr1	179563681	179763681	harbor2	chr1	179613459	179613812	LTR/ERVL-MaLR	1587	-	176	179613635	49954
chr1	179563681	179763681	harbor2	chr1	179638836	179639012	LTR/ERVL-MaLR	703	-	88	179638924	75243
chr1	203442744	203642744	harbor2	chr1	203443954	203444443	LTR/ERVL-MaLR	1606	-	244	203444198	1454
chr1	203442744	203642744	harbor2	chr1	203539898	203540350	LTR/ERVL-MaLR	761	-	226	203540124	97380
chr1	194175854	194375854	harbor2	chr1	194180361	194180737	LTR/ERVL-MaLR	1854	-	188	194180549	4695
chr1	194175854	194375854	harbor2	chr1	194194381	194194517	LTR/ERVL-MaLR	548	-	68	194194449	18595
chr1	194175854	194375854	harbor2	chr1	194194879	194194945	LTR/ERVL-MaLR	548	-	33	194194912	19058
chr1	194175854	194375854	harbor2	chr1	194195480	194195945	LTR/ERVL-MaLR	1095	-	232	194195712	19858
chr1	194175854	194375854	harbor2	chr1	194196219	194196498	LTR/ERVL-MaLR	673	-	140	194196359	20505
chr1	194175854	194375854	harbor2	chr1	194196697	194197157	LTR/ERVL-MaLR	633	-	230	194196927	21073
chr1	194175854	194375854	harbor2	chr1	194202785	194203049	LTR/ERVL-MaLR	545	-	132	194202917	27063
chr1	194175854	194375854	harbor2	chr1	194250316	194250690	LTR/ERVL-MaLR	2250	-	187	194250503	74649
chr1	212450520	212650520	harbor2	chr1	212465933	212466010	LTR/ERVL-MaLR	1454	-	38	212465971	15451
chr1	212450520	212650520	harbor2	chr1	212466304	212466669	LTR/ERVL-MaLR	1454	-	182	212466486	15966
chr1	212450520	212650520	harbor2	chr1	212478475	212478603	LTR/ERVL-MaLR	407	-	64	212478539	28019
chr1	212450520	212650520	harbor2	chr1	212496820	212497202	LTR/ERVL-MaLR	1965	-	191	212497011	46491
chr1	212450520	212650520	harbor2	chr1	212525127	212525402	LTR/ERVL-MaLR	514	-	138	212525265	74745
chr1	246967665	247167665	harbor2	chr1	246967613	246967994	LTR/ERVL-MaLR	2272	-	190	246967803	138
chr1	246967665	247167665	harbor2	chr1	246967995	246969626	LTR/ERVL-MaLR	11192	-	816	246968811	1146
chr1	246967665	247167665	harbor2	chr1	246969627	246970003	LTR/ERVL-MaLR	2176	-	188	246969815	2150
chr1	246967665	247167665	harbor2	chr1	247046857	247047395	LTR/ERVL-MaLR	3645	-	269	247047126	79461
chr1	246967665	247167665	harbor2	chr1	247047396	247047560	LTR/ERVL-MaLR	1111	-	82	247047478	79813
chr1	246967665	247167665	harbor2	chr1	247047561	247048596	LTR/ERVL-MaLR	7011	-	518	247048079	80414
chr1	246967665	247167665	harbor2	chr1	247048599	247048898	LTR/ERVL-MaLR	1732	-	150	247048749	81084
chr1	188506341	188706341	harbor2	chr1	188528294	188528757	LTR/ERVL-MaLR	990	-	232	188528526	22185
chr1	188506341	188706341	harbor2	chr1	188545031	188545440	LTR/ERVL-MaLR	1543	-	204	188545235	38894
chr1	188506341	188706341	harbor2	chr1	188603252	188603614	LTR/ERVL-MaLR	1204	-	181	188603433	97092
chr1	179335867	179535867	harbor2	chr1	179387175	179387544	LTR/ERVL-MaLR	1425	-	184	179387359	51492
chr1	248110700	248310700	harbor2	chr1	248110482	248110803	LTR/ERVL-MaLR	1590	-	160	248110642	58
chr1	248110700	248310700	harbor2	chr1	248144086	248144485	LTR/ERVL-MaLR	1666	-	200	248144286	33586
chr1	248110700	248310700	harbor2	chr1	248178934	248179369	LTR/ERVL-MaLR	1442	-	218	248179152	68452
chr1	248110700	248310700	harbor2	chr1	248202025	248202424	LTR/ERVL-MaLR	1639	-	200	248202225	91525
chr1	49622486	49822486	harbor2	chr1	49636161	49636510	LTR/ERVL-MaLR	1508	-	174	49636335	13849
chr1	49622486	49822486	harbor2	chr1	49691980	49692138	LTR/ERVL-MaLR	947	-	79	49692059	69573
chr1	157563162	157763162	harbor2	chr1	157614913	157615259	LTR/ERVL-MaLR	1908	-	173	157615086	51924
chr1	157563162	157763162	harbor2	chr1	157617515	157617933	LTR/ERVL-MaLR	1342	-	209	157617724	54562
chr1	157563162	157763162	harbor2	chr1	157628841	157629198	LTR/ERVL-MaLR	2096	-	178	157629019	65857
chr1	221589718	221789718	harbor2	chr1	221636406	221636714	LTR/ERVL-MaLR	1824	-	154	221636560	46842
chr1	221589718	221789718	harbor2	chr1	221638567	221638926	LTR/ERVL-MaLR	2180	-	180	221638747	49029
chr1	221589718	221789718	harbor2	chr1	221646905	221647272	LTR/ERVL-MaLR	1176	-	184	221647089	57371
chr1	248262190	248462190	harbor2	chr1	248334328	248334664	LTR/ERVL-MaLR	1842	-	168	248334496	72306
chr1	248262190	248462190	harbor2	chr1	248352864	248353095	LTR/ERVL-MaLR	630	-	116	248352980	90790
chr1	105246022	105446022	harbor2	chr1	105276419	105276833	LTR/ERVL-MaLR	2162	-	207	105276626	30604
chr1	105246022	105446022	harbor2	chr1	105281651	105282008	LTR/ERVL-MaLR	994	-	178	105281829	35807
chr1	105246022	105446022	harbor2	chr1	105334128	105334417	LTR/ERVL-MaLR	691	-	144	105334272	88250
chr1	239745667	239945667	harbor2	chr1	239753289	239753674	LTR/ERVL-MaLR	2150	-	192	239753481	7814
chr1	239745667	239945667	harbor2	chr1	239773328	239773880	LTR/ERVL-MaLR	602	-	276	239773604	27937
chr1	239745667	239945667	harbor2	chr1	239776668	239777044	LTR/ERVL-MaLR	2878	-	188	239776856	31189
chr1	239745667	239945667	harbor2	chr1	239788911	239789332	LTR/ERVL-MaLR	743	-	210	239789121	43454
chr1	239745667	239945667	harbor2	chr1	239789394	239789823	LTR/ERVL-MaLR	2852	-	214	239789608	43941
chr1	239745667	239945667	harbor2	chr1	239818010	239818396	LTR/ERVL-MaLR	1433	-	193	239818203	72536
chr1	185598605	185798605	harbor2	chr1	185621873	185622286	LTR/ERVL-MaLR	2159	-	206	185622079	23474
chr1	185598605	185798605	harbor2	chr1	185633407	185633761	LTR/ERVL-MaLR	674	-	177	185633584	34979
chr1	185598605	185798605	harbor2	chr1	185660004	185660306	LTR/ERVL-MaLR	1889	-	151	185660155	61550
chr1	185598605	185798605	harbor2	chr1	185660348	185660575	LTR/ERVL-MaLR	1889	-	114	185660462	61857
chr1	185598605	185798605	harbor2	chr1	185666043	185666496	LTR/ERVL-MaLR	1955	-	226	185666269	67664
chr1	185598605	185798605	harbor2	chr1	185672896	185673243	LTR/ERVL-MaLR	1324	-	174	185673070	74465
chr1	185598605	185798605	harbor2	chr1	185683575	185683757	LTR/ERVL-MaLR	1050	-	91	185683666	85061
chr1	89252704	89452704	harbor2	chr1	89257093	89257453	LTR/ERVL-MaLR	2303	-	180	89257273	4569
chr1	89252704	89452704	harbor2	chr1	89257769	89257944	LTR/ERVL-MaLR	917	-	88	89257857	5153
chr1	89252704	89452704	harbor2	chr1	89282003	89282345	LTR/ERVL-MaLR	2060	-	171	89282174	29470
chr1	89252704	89452704	harbor2	chr1	89285504	89285950	LTR/ERVL-MaLR	1409	-	223	89285727	33023
chr1	89252704	89452704	harbor2	chr1	89288515	89288912	LTR/ERVL-MaLR	1715	-	198	89288713	36009
chr1	89252704	89452704	harbor2	chr1	89289003	89289572	LTR/ERVL-MaLR	2293	-	284	89289287	36583
chr1	89252704	89452704	harbor2	chr1	89293129	89293488	LTR/ERVL-MaLR	2614	-	180	89293309	40605
chr1	89252704	89452704	harbor2	chr1	89334120	89334471	LTR/ERVL-MaLR	1991	-	176	89334296	81592
chr1	195283504	195483504	harbor2	chr1	195311651	195312026	LTR/ERVL-MaLR	1296	-	188	195311839	28335
chr1	195283504	195483504	harbor2	chr1	195360829	195361207	LTR/ERVL-MaLR	2010	-	189	195361018	77514
chr1	237289486	237489486	harbor2	chr1	237337829	237338063	LTR/ERVL-MaLR	1094	-	117	237337946	48460
chr1	237289486	237489486	harbor2	chr1	237377984	237378298	LTR/ERVL-MaLR	1833	-	157	237378141	88655
chr1	237289486	237489486	harbor2	chr1	237289342	237289715	LTR/ERVL-MaLR	2727	-	186	237289528	42
chr1	246336560	246536560	harbor2	chr1	246346422	246346790	LTR/ERVL-MaLR	2189	-	184	246346606	10046
chr1	246336560	246536560	harbor2	chr1	246407484	246407559	LTR/ERVL-MaLR	1371	-	38	246407522	70962
chr1	246336560	246536560	harbor2	chr1	246407869	246408207	LTR/ERVL-MaLR	1371	-	169	246408038	71478
chr1	233721456	233921456	harbor2	chr1	233771663	233771774	LTR/ERVL-MaLR	757	-	56	233771719	50263
chr1	233721456	233921456	harbor2	chr1	233773094	233773512	LTR/ERVL-MaLR	2404	-	209	233773303	51847
chr1	233721456	233921456	harbor2	chr1	233775046	233775467	LTR/ERVL-MaLR	2761	-	210	233775256	53800
chr1	233721456	233921456	harbor2	chr1	233795755	233795983	LTR/ERVL-MaLR	861	-	114	233795869	74413
chr1	233721456	233921456	harbor2	chr1	233813367	233813764	LTR/ERVL-MaLR	2112	-	198	233813565	92109
chr1	173880763	174080763	harbor2	chr1	173894216	173894578	LTR/ERVL-MaLR	960	-	181	173894397	13634
chr1	164499090	164699090	harbor2	chr1	164517201	164517720	LTR/ERVL-MaLR	1370	-	260	164517461	18371
chr1	164499090	164699090	harbor2	chr1	164529657	164530055	LTR/ERVL-MaLR	2304	-	199	164529856	30766
chr1	164499090	164699090	harbor2	chr1	164545012	164545388	LTR/ERVL-MaLR	529	-	188	164545200	46110
chr1	164499090	164699090	harbor2	chr1	164550181	164550534	LTR/ERVL-MaLR	2245	-	176	164550357	51267
chr1	164499090	164699090	harbor2	chr1	164550535	164551684	LTR/ERVL-MaLR	11741	-	574	164551109	52019
chr1	164499090	164699090	harbor2	chr1	164551990	164552422	LTR/ERVL-MaLR	11741	-	216	164552206	53116
chr1	164499090	164699090	harbor2	chr1	164553015	164553364	LTR/ERVL-MaLR	2342	-	174	164553189	54099
chr1	164499090	164699090	harbor2	chr1	164597913	164598243	LTR/ERVL-MaLR	1144	-	165	164598078	98988
chr1	60647439	60847439	harbor2	chr1	60647687	60648074	LTR/ERVL-MaLR	2016	-	194	60647881	442
chr1	60647439	60847439	harbor2	chr1	60650816	60651008	LTR/ERVL-MaLR	416	-	96	60650912	3473
chr1	60647439	60847439	harbor2	chr1	60652075	60652452	LTR/ERVL-MaLR	1920	-	188	60652263	4824
chr1	60647439	60847439	harbor2	chr1	60652859	60653324	LTR/ERVL-MaLR	2112	-	232	60653091	5652
chr1	60647439	60847439	harbor2	chr1	60656699	60657085	LTR/ERVL-MaLR	2054	-	193	60656892	9453
chr1	60647439	60847439	harbor2	chr1	60666181	60666503	LTR/ERVL-MaLR	1032	-	161	60666342	18903
chr1	60647439	60847439	harbor2	chr1	60694901	60695322	LTR/ERVL-MaLR	2239	-	210	60695111	47672
chr1	228655786	228855786	harbor2	chr1	228718345	228718458	LTR/ERVL-MaLR	566	-	56	228718401	62615
chr1	228655786	228855786	harbor2	chr1	228748921	228749089	LTR/ERVL-MaLR	891	-	84	228749005	93219
chr1	228655786	228855786	harbor2	chr1	228750797	228751197	LTR/ERVL-MaLR	1532	-	200	228750997	95211
chr1	210578299	210778299	harbor2	chr1	210587154	210587519	LTR/ERVL-MaLR	2790	-	182	210587336	9037
chr1	210578299	210778299	harbor2	chr1	210608655	210608843	LTR/ERVL-MaLR	1288	-	94	210608749	30450
chr1	210578299	210778299	harbor2	chr1	210608852	210609152	LTR/ERVL-MaLR	1740	-	150	210609002	30703
chr1	210578299	210778299	harbor2	chr1	210629488	210629834	LTR/ERVL-MaLR	2118	-	173	210629661	51362
chr1	210578299	210778299	harbor2	chr1	210630141	210630336	LTR/ERVL-MaLR	2118	-	98	210630239	51940
chr1	210578299	210778299	harbor2	chr1	210647000	210647395	LTR/ERVL-MaLR	1193	-	198	210647198	68899
chr1	107255502	107455502	harbor2	chr1	107266245	107266610	LTR/ERVL-MaLR	1729	-	182	107266427	10925
chr1	107255502	107455502	harbor2	chr1	107282771	107283133	LTR/ERVL-MaLR	2241	-	181	107282952	27450
chr1	107255502	107455502	harbor2	chr1	107351272	107351652	LTR/ERVL-MaLR	2029	-	190	107351462	95960
chr1	107255502	107455502	harbor2	chr1	107351653	107352367	LTR/ERVL-MaLR	5085	-	357	107352010	96508
chr1	107255502	107455502	harbor2	chr1	107352365	107352508	LTR/ERVL-MaLR	848	-	72	107352437	96935
chr1	107255502	107455502	harbor2	chr1	107352500	107352697	LTR/ERVL-MaLR	1250	-	98	107352598	97096
chr1	107255502	107455502	harbor2	chr1	107352800	107353700	LTR/ERVL-MaLR	4846	-	450	107353250	97748
chr1	107255502	107455502	harbor2	chr1	107353701	107354090	LTR/ERVL-MaLR	2145	-	194	107353895	98393
chr1	107255502	107455502	harbor2	chr1	107347641	107348019	LTR/ERVL-MaLR	2540	-	189	107347830	92328
chr1	223277474	223477474	harbor2	chr1	223372737	223373125	LTR/ERVL-MaLR	2375	-	194	223372931	95457
chr1	223277474	223477474	harbor2	chr1	223374045	223374481	LTR/ERVL-MaLR	703	-	218	223374263	96789
chr1	195908743	196108743	harbor2	chr1	195911980	195912322	LTR/ERVL-MaLR	974	-	171	195912151	3408
chr1	195908743	196108743	harbor2	chr1	195912718	195912890	LTR/ERVL-MaLR	974	-	86	195912804	4061
chr1	195908743	196108743	harbor2	chr1	195932927	195933227	LTR/ERVL-MaLR	926	-	150	195933077	24334
chr1	195908743	196108743	harbor2	chr1	195933304	195933532	LTR/ERVL-MaLR	454	-	114	195933418	24675
chr1	112300492	112500492	harbor2	chr1	112335196	112335555	LTR/ERVL-MaLR	1351	-	180	112335376	34884
chr1	112300492	112500492	harbor2	chr1	112345602	112346147	LTR/ERVL-MaLR	1594	-	272	112345874	45382
chr1	112300492	112500492	harbor2	chr1	112352417	112352740	LTR/ERVL-MaLR	1851	-	162	112352579	52087
chr1	112300492	112500492	harbor2	chr1	112353131	112353325	LTR/ERVL-MaLR	1851	-	97	112353228	52736
chr1	112300492	112500492	harbor2	chr1	112373333	112373699	LTR/ERVL-MaLR	2217	-	183	112373516	73024
chr1	159319332	159519332	harbor2	chr1	159339625	159339999	LTR/ERVL-MaLR	1463	-	187	159339812	20480
chr1	159319332	159519332	harbor2	chr1	159384356	159384724	LTR/ERVL-MaLR	2324	-	184	159384540	65208
chr1	180741127	180941127	harbor2	chr1	180745944	180746053	LTR/ERVL-MaLR	694	-	54	180745998	4871
chr1	180741127	180941127	harbor2	chr1	180770213	180770572	LTR/ERVL-MaLR	1059	-	180	180770393	29266
chr1	180741127	180941127	harbor2	chr1	180774777	180775147	LTR/ERVL-MaLR	1799	-	185	180774962	33835
chr1	180741127	180941127	harbor2	chr1	180782303	180782757	LTR/ERVL-MaLR	951	-	227	180782530	41403
chr1	189833316	190033316	harbor2	chr1	189858380	189858791	LTR/ERVL-MaLR	2312	-	206	189858586	25270
chr1	189833316	190033316	harbor2	chr1	189875297	189875747	LTR/ERVL-MaLR	534	-	225	189875522	42206
chr1	189833316	190033316	harbor2	chr1	189905232	189905555	LTR/ERVL-MaLR	1777	-	162	189905394	72078
chr1	189833316	190033316	harbor2	chr1	189905578	189905778	LTR/ERVL-MaLR	1302	-	100	189905678	72362
chr1	189833316	190033316	harbor2	chr1	189905791	189906232	LTR/ERVL-MaLR	2403	-	220	189906011	72695
chr1	189833316	190033316	harbor2	chr1	189906235	189906600	LTR/ERVL-MaLR	2230	-	182	189906417	73101
chr1	107967690	108167690	harbor2	chr1	108010087	108010227	LTR/ERVL-MaLR	478	-	70	108010157	42467
chr1	107967690	108167690	harbor2	chr1	108065994	108066329	LTR/ERVL-MaLR	984	-	168	108066162	98472
chr1	107967690	108167690	harbor2	chr1	108067077	108067526	LTR/ERVL-MaLR	1420	-	224	108067301	99611
chr1	74840426	75040426	harbor2	chr1	74846367	74846819	LTR/ERVL-MaLR	2322	-	226	74846593	6167
chr1	74840426	75040426	harbor2	chr1	74860076	74860430	LTR/ERVL-MaLR	1764	-	177	74860253	19827
chr1	74840426	75040426	harbor2	chr1	74860431	74860557	LTR/ERVL-MaLR	915	-	63	74860494	20068
chr1	74840426	75040426	harbor2	chr1	74861712	74862519	LTR/ERVL-MaLR	5293	-	404	74862116	21690
chr1	74840426	75040426	harbor2	chr1	74867475	74867946	LTR/ERVL-MaLR	1515	-	236	74867711	27285
chr1	74840426	75040426	harbor2	chr1	74912920	74913278	LTR/ERVL-MaLR	2095	-	179	74913099	72673
chr1	74840426	75040426	harbor2	chr1	74913279	74914893	LTR/ERVL-MaLR	11573	-	807	74914086	73660
chr1	74840426	75040426	harbor2	chr1	74914894	74915253	LTR/ERVL-MaLR	2094	-	180	74915074	74648
chr1	190603115	190803115	harbor2	chr1	190615119	190615472	LTR/ERVL-MaLR	1947	-	176	190615295	12180
chr1	190603115	190803115	harbor2	chr1	190615473	190616855	LTR/ERVL-MaLR	9435	-	691	190616164	13049
chr1	190603115	190803115	harbor2	chr1	190616854	190617213	LTR/ERVL-MaLR	2000	-	180	190617034	13919
chr1	190603115	190803115	harbor2	chr1	190621499	190621923	LTR/ERVL-MaLR	1405	-	212	190621711	18596
chr1	190603115	190803115	harbor2	chr1	190681132	190681614	LTR/ERVL-MaLR	1233	-	241	190681373	78258
chr1	195565940	195765940	harbor2	chr1	195600933	195601286	LTR/ERVL-MaLR	2429	-	176	195601109	35169
chr1	195565940	195765940	harbor2	chr1	195608882	195609358	LTR/ERVL-MaLR	1332	-	238	195609120	43180
chr1	195565940	195765940	harbor2	chr1	195642602	195642964	LTR/ERVL-MaLR	2088	-	181	195642783	76843
chr1	195565940	195765940	harbor2	chr1	195642974	195644557	LTR/ERVL-MaLR	10832	-	792	195643766	77826
chr1	195565940	195765940	harbor2	chr1	195644562	195644917	LTR/ERVL-MaLR	1865	-	178	195644740	78800
chr1	195565940	195765940	harbor2	chr1	195644918	195645045	LTR/ERVL-MaLR	553	-	64	195644982	79042
chr1	233891345	234091345	harbor2	chr1	233892990	233893369	LTR/ERVL-MaLR	1969	-	190	233893180	1835
chr1	233891345	234091345	harbor2	chr1	233915608	233915965	LTR/ERVL-MaLR	2391	-	178	233915786	24441
chr1	233891345	234091345	harbor2	chr1	233957472	233957532	LTR/ERVL-MaLR	422	-	30	233957502	66157
chr1	233891345	234091345	harbor2	chr1	233957826	233957969	LTR/ERVL-MaLR	422	-	72	233957898	66553
chr1	233891345	234091345	harbor2	chr1	233967948	233968349	LTR/ERVL-MaLR	1757	-	200	233968148	76803
chr1	233891345	234091345	harbor2	chr1	233968995	233969090	LTR/ERVL-MaLR	536	-	48	233969043	77698
chr1	103213189	103413189	harbor2	chr1	103237567	103237970	LTR/ERVL-MaLR	2032	-	202	103237769	24580
chr1	103213189	103413189	harbor2	chr1	103275821	103276033	LTR/ERVL-MaLR	732	-	106	103275927	62738
chr1	103213189	103413189	harbor2	chr1	103291589	103291923	LTR/ERVL-MaLR	1799	-	167	103291756	78567
chr1	103213189	103413189	harbor2	chr1	103251581	103252026	LTR/ERVL-MaLR	1838	-	222	103251803	38614
chr1	103213189	103413189	harbor2	chr1	103300874	103301269	LTR/ERVL-MaLR	2076	-	198	103301072	87883
chr1	86535022	86735022	harbor2	chr1	86558497	86558866	LTR/ERVL-MaLR	2510	-	184	86558681	23659
chr1	86535022	86735022	harbor2	chr1	86592462	86592852	LTR/ERVL-MaLR	2195	-	195	86592657	57635
chr1	86535022	86735022	harbor2	chr1	86592853	86593370	LTR/ERVL-MaLR	2464	-	258	86593111	58089
chr1	86535022	86735022	harbor2	chr1	86594061	86594757	LTR/ERVL-MaLR	5771	-	348	86594409	59387
chr1	86535022	86735022	harbor2	chr1	86595061	86595526	LTR/ERVL-MaLR	5771	-	232	86595293	60271
chr1	86535022	86735022	harbor2	chr1	86595531	86595926	LTR/ERVL-MaLR	1868	-	198	86595729	60707
chr1	86535022	86735022	harbor2	chr1	86603468	86603893	LTR/ERVL-MaLR	2147	-	212	86603680	68658
chr1	86535022	86735022	harbor2	chr1	86616945	86617305	LTR/ERVL-MaLR	1916	-	180	86617125	82103
chr1	203341510	203541510	harbor2	chr1	203357122	203357508	LTR/ERVL-MaLR	2429	-	193	203357315	15805
chr1	203341510	203541510	harbor2	chr1	203365820	203366246	LTR/ERVL-MaLR	1625	-	213	203366033	24523
chr1	203341510	203541510	harbor2	chr1	203419064	203419614	LTR/ERVL-MaLR	810	-	275	203419339	77829
chr1	203341510	203541510	harbor2	chr1	203424272	203424536	LTR/ERVL-MaLR	667	-	132	203424404	82894
chr1	230695390	230895390	harbor2	chr1	230696409	230696821	LTR/ERVL-MaLR	1209	-	206	230696615	1225
chr1	230695390	230895390	harbor2	chr1	230745437	230745805	LTR/ERVL-MaLR	1873	-	184	230745621	50231
chr1	230695390	230895390	harbor2	chr1	230766673	230766965	LTR/ERVL-MaLR	1688	-	146	230766819	71429
chr1	230695390	230895390	harbor2	chr1	230775338	230775636	LTR/ERVL-MaLR	1436	-	149	230775487	80097
chr1	230695390	230895390	harbor2	chr1	230775935	230776034	LTR/ERVL-MaLR	1436	-	50	230775985	80595
chr1	230695390	230895390	harbor2	chr1	230776035	230776402	LTR/ERVL-MaLR	2149	-	184	230776219	80829
chr1	230695390	230895390	harbor2	chr1	230776403	230776547	LTR/ERVL-MaLR	1436	-	72	230776475	81085
chr1	230695390	230895390	harbor2	chr1	230776551	230776774	LTR/ERVL-MaLR	641	-	112	230776663	81273
chr1	230695390	230895390	harbor2	chr1	230779319	230779568	LTR/ERVL-MaLR	491	-	124	230779443	84053
chr1	172160997	172360997	harbor2	chr1	172189630	172190011	LTR/ERVL-MaLR	2253	-	190	172189820	28823
chr1	172160997	172360997	harbor2	chr1	172245852	172246237	LTR/ERVL-MaLR	1984	-	192	172246044	85047
chr1	213588315	213788315	harbor2	chr1	213588599	213588677	LTR/ERVL-MaLR	729	-	39	213588638	323
chr1	213588315	213788315	harbor2	chr1	213619015	213619483	LTR/ERVL-MaLR	1081	-	234	213619249	30934
chr1	213588315	213788315	harbor2	chr1	213620130	213620652	LTR/ERVL-MaLR	1924	-	261	213620391	32076
chr1	213588315	213788315	harbor2	chr1	213624738	213624938	LTR/ERVL-MaLR	1283	-	100	213624838	36523
chr1	239280898	239480898	harbor2	chr1	239285353	239285716	LTR/ERVL-MaLR	2135	-	182	239285535	4637
chr1	239280898	239480898	harbor2	chr1	239325145	239325550	LTR/ERVL-MaLR	669	-	202	239325347	44449
chr1	239280898	239480898	harbor2	chr1	239333869	239334219	LTR/ERVL-MaLR	2019	-	175	239334044	53146
chr1	239280898	239480898	harbor2	chr1	239352218	239352323	LTR/ERVL-MaLR	504	-	52	239352270	71372
chr1	239280898	239480898	harbor2	chr1	239365129	239365495	LTR/ERVL-MaLR	2441	-	183	239365312	84414
chr1	239280898	239480898	harbor2	chr1	239337125	239337517	LTR/ERVL-MaLR	792	-	196	239337321	56423
chr1	93624306	93824306	harbor2	chr1	93630961	93631409	LTR/ERVL-MaLR	1843	-	224	93631185	6879
chr1	93624306	93824306	harbor2	chr1	93710753	93711273	LTR/ERVL-MaLR	1970	-	260	93711013	86707
chr1	93624306	93824306	harbor2	chr1	93711385	93711654	LTR/ERVL-MaLR	1081	-	134	93711519	87213
chr1	241742348	241942348	harbor2	chr1	241748296	241748621	LTR/ERVL-MaLR	1025	-	162	241748458	6110
chr1	241742348	241942348	harbor2	chr1	241785197	241785557	LTR/ERVL-MaLR	1881	-	180	241785377	43029
chr1	241742348	241942348	harbor2	chr1	241790790	241791003	LTR/ERVL-MaLR	1161	-	106	241790896	48548
chr1	241742348	241942348	harbor2	chr1	241791304	241791390	LTR/ERVL-MaLR	1161	-	43	241791347	48999
chr1	241742348	241942348	harbor2	chr1	241791694	241791881	LTR/ERVL-MaLR	1161	-	94	241791788	49440
chr1	241742348	241942348	harbor2	chr1	241802947	241803136	LTR/ERVL-MaLR	602	-	94	241803041	60693
chr1	241742348	241942348	harbor2	chr1	241826209	241826610	LTR/ERVL-MaLR	2244	-	200	241826409	84061
chr1	241742348	241942348	harbor2	chr1	241840308	241840676	LTR/ERVL-MaLR	1491	-	184	241840492	98144
chr1	111666864	111866864	harbor2	chr1	111675752	111676074	LTR/ERVL-MaLR	1523	-	161	111675913	9049
chr1	111666864	111866864	harbor2	chr1	111676367	111676408	LTR/ERVL-MaLR	1523	-	20	111676387	9523
chr1	111666864	111866864	harbor2	chr1	111677381	111677921	LTR/ERVL-MaLR	1624	-	270	111677651	10787
chr1	111666864	111866864	harbor2	chr1	111700214	111700600	LTR/ERVL-MaLR	2217	-	193	111700407	33543
chr1	190209876	190409876	harbor2	chr1	190238871	190239232	LTR/ERVL-MaLR	1743	-	180	190239051	29175
chr1	107412770	107612770	harbor2	chr1	107441532	107441745	LTR/ERVL-MaLR	878	-	106	107441638	28868
chr1	107412770	107612770	harbor2	chr1	107474549	107474928	LTR/ERVL-MaLR	1444	-	190	107474739	61969
chr1	174343199	174543199	harbor2	chr1	174399584	174399950	LTR/ERVL-MaLR	2274	-	183	174399767	56568
chr1	220423985	220623985	harbor2	chr1	220496015	220496394	LTR/ERVL-MaLR	2007	-	190	220496205	72220
chr1	187655702	187855702	harbor2	chr1	187659205	187659310	LTR/ERVL-MaLR	797	-	52	187659257	3555
chr1	187655702	187855702	harbor2	chr1	187666810	187667147	LTR/ERVL-MaLR	1596	-	168	187666978	11276
chr1	187655702	187855702	harbor2	chr1	187688742	187689225	LTR/ERVL-MaLR	1489	-	242	187688984	33282
chr1	187655702	187855702	harbor2	chr1	187731968	187732340	LTR/ERVL-MaLR	1804	-	186	187732154	76452
chr1	187655702	187855702	harbor2	chr1	187735891	187736252	LTR/ERVL-MaLR	2102	-	180	187736071	80369
chr1	187655702	187855702	harbor2	chr1	187736253	187737802	LTR/ERVL-MaLR	10774	-	774	187737027	81325
chr1	187655702	187855702	harbor2	chr1	187737803	187738161	LTR/ERVL-MaLR	2148	-	179	187737982	82280
chr1	187655702	187855702	harbor2	chr1	187744631	187745182	LTR/ERVL-MaLR	1745	-	276	187744907	89205
chr1	187655702	187855702	harbor2	chr1	187754530	187754784	LTR/ERVL-MaLR	1309	-	127	187754657	98955
chr1	232760383	232960383	harbor2	chr1	232779221	232779282	LTR/ERVL-MaLR	1369	-	30	232779251	18868
chr1	232760383	232960383	harbor2	chr1	232779729	232780060	LTR/ERVL-MaLR	1369	-	166	232779895	19512
chr1	232760383	232960383	harbor2	chr1	232789105	232789450	LTR/ERVL-MaLR	1961	-	172	232789277	28894
chr1	232760383	232960383	harbor2	chr1	232816129	232816489	LTR/ERVL-MaLR	1314	-	180	232816309	55926
chr1	232760383	232960383	harbor2	chr1	232816744	232817135	LTR/ERVL-MaLR	2137	-	196	232816940	56557
chr1	232760383	232960383	harbor2	chr1	232825979	232826418	LTR/ERVL-MaLR	994	-	220	232826199	65816
chr1	232760383	232960383	harbor2	chr1	232831552	232832001	LTR/ERVL-MaLR	1451	-	224	232831776	71393
chr1	232760383	232960383	harbor2	chr1	232841596	232841973	LTR/ERVL-MaLR	2447	-	188	232841784	81401
chr1	223133189	223333189	harbor2	chr1	223193774	223193823	LTR/ERVL-MaLR	1309	-	24	223193798	60609
chr1	223133189	223333189	harbor2	chr1	223194113	223194473	LTR/ERVL-MaLR	1309	-	180	223194293	61104
chr1	223133189	223333189	harbor2	chr1	223195728	223196186	LTR/ERVL-MaLR	2535	-	229	223195957	62768
chr1	223133189	223333189	harbor2	chr1	223205022	223205372	LTR/ERVL-MaLR	1515	-	175	223205197	72008
chr1	170865001	171065001	harbor2	chr1	170891169	170891407	LTR/ERVL-MaLR	470	-	119	170891288	26287
chr1	170865001	171065001	harbor2	chr1	170931065	170931362	LTR/ERVL-MaLR	1500	-	148	170931213	66212
chr1	170865001	171065001	harbor2	chr1	170931364	170932906	LTR/ERVL-MaLR	8785	-	771	170932135	67134
chr1	170865001	171065001	harbor2	chr1	170932907	170933110	LTR/ERVL-MaLR	1102	-	102	170933009	68008
chr1	242712003	242912003	harbor2	chr1	242741061	242741241	LTR/ERVL-MaLR	689	-	90	242741151	29148
chr1	242712003	242912003	harbor2	chr1	242776374	242776797	LTR/ERVL-MaLR	2735	-	212	242776586	64583
chr1	242712003	242912003	harbor2	chr1	242789965	242790322	LTR/ERVL-MaLR	2265	-	178	242790143	78140
chr1	242712003	242912003	harbor2	chr1	242791604	242791760	LTR/ERVL-MaLR	520	-	78	242791682	79679
chr1	242712003	242912003	harbor2	chr1	242792154	242792605	LTR/ERVL-MaLR	1792	-	226	242792380	80377
chr1	242712003	242912003	harbor2	chr1	242803267	242803624	LTR/ERVL-MaLR	1690	-	178	242803445	91442
chr1	186265567	186465567	harbor2	chr1	186266003	186266440	LTR/ERVL-MaLR	847	-	218	186266221	654
chr1	186265567	186465567	harbor2	chr1	186274011	186274296	LTR/ERVL-MaLR	1527	-	142	186274153	8586
chr1	186265567	186465567	harbor2	chr1	186283710	186284053	LTR/ERVL-MaLR	711	-	172	186283882	18315
chr1	186265567	186465567	harbor2	chr1	186284246	186284616	LTR/ERVL-MaLR	1492	-	185	186284431	18864
chr1	186265567	186465567	harbor2	chr1	186294223	186294515	LTR/ERVL-MaLR	485	-	146	186294369	28802
chr1	236078850	236278850	harbor2	chr1	236087732	236087978	LTR/ERVL-MaLR	1790	-	123	236087855	9005
chr1	236078850	236278850	harbor2	chr1	236088281	236088429	LTR/ERVL-MaLR	1790	-	74	236088355	9505
chr1	236078850	236278850	harbor2	chr1	236113664	236114116	LTR/ERVL-MaLR	1849	-	226	236113890	35040
chr1	43831152	44031152	harbor2	chr1	43839634	43840016	LTR/ERVL-MaLR	2567	-	191	43839825	8673
chr1	43831152	44031152	harbor2	chr1	43840324	43840381	LTR/ERVL-MaLR	2567	-	28	43840352	9200
chr1	43831152	44031152	harbor2	chr1	43840382	43840495	LTR/ERVL-MaLR	671	-	56	43840438	9286
chr1	43831152	44031152	harbor2	chr1	43840807	43842332	LTR/ERVL-MaLR	9322	-	762	43841569	10417
chr1	43831152	44031152	harbor2	chr1	43867143	43867306	LTR/ERVL-MaLR	1261	-	82	43867225	36073
chr1	43831152	44031152	harbor2	chr1	43877994	43878300	LTR/ERVL-MaLR	842	-	153	43878147	46995
chr1	43831152	44031152	harbor2	chr1	43923401	43923615	LTR/ERVL-MaLR	2130	-	107	43923508	92356
chr1	43831152	44031152	harbor2	chr1	43923915	43924070	LTR/ERVL-MaLR	2130	-	78	43923993	92841
chr2	221107524	221307524	harbor2	chr2	221107211	221107580	LTR/ERVL-MaLR	2263	-	184	221107395	129
chr2	221107524	221307524	harbor2	chr2	221108255	221108648	LTR/ERVL-MaLR	1933	-	196	221108451	927
chr2	221107524	221307524	harbor2	chr2	221118061	221118245	LTR/ERVL-MaLR	851	-	92	221118153	10629
chr2	221107524	221307524	harbor2	chr2	221141885	221142318	LTR/ERVL-MaLR	1556	-	216	221142101	34577
chr2	221107524	221307524	harbor2	chr2	221150240	221150344	LTR/ERVL-MaLR	1539	-	52	221150292	42768
chr2	221107524	221307524	harbor2	chr2	221150652	221150937	LTR/ERVL-MaLR	1539	-	142	221150794	43270
chr2	221107524	221307524	harbor2	chr2	221179476	221179896	LTR/ERVL-MaLR	822	-	210	221179686	72162
chr2	221107524	221307524	harbor2	chr2	221188592	221188961	LTR/ERVL-MaLR	998	-	184	221188776	81252
chr2	221107524	221307524	harbor2	chr2	221118435	221118585	LTR/ERVL-MaLR	588	-	75	221118510	10986
chr2	241306636	241506636	harbor2	chr2	241376071	241376410	LTR/ERVL-MaLR	518	-	170	241376241	69605
chr2	177555837	177755837	harbor2	chr2	177560124	177560357	LTR/ERVL-MaLR	1590	-	116	177560240	4403
chr2	177555837	177755837	harbor2	chr2	177583000	177583351	LTR/ERVL-MaLR	1165	-	176	177583176	27339
chr2	177555837	177755837	harbor2	chr2	177593497	177593572	LTR/ERVL-MaLR	446	-	38	177593535	37698
chr2	177555837	177755837	harbor2	chr2	177608536	177608914	LTR/ERVL-MaLR	667	-	189	177608725	52888
chr2	202732409	202932409	harbor2	chr2	202744153	202744544	LTR/ERVL-MaLR	2002	-	196	202744349	11940
chr2	202732409	202932409	harbor2	chr2	202749945	202750232	LTR/ERVL-MaLR	921	-	144	202750089	17680
chr2	202732409	202932409	harbor2	chr2	202750535	202750626	LTR/ERVL-MaLR	921	-	46	202750581	18172
chr2	202732409	202932409	harbor2	chr2	202754546	202754606	LTR/ERVL-MaLR	1778	-	30	202754576	22167
chr2	202732409	202932409	harbor2	chr2	202754908	202755163	LTR/ERVL-MaLR	1778	-	128	202755036	22627
chr2	202732409	202932409	harbor2	chr2	202813415	202813643	LTR/ERVL-MaLR	1492	-	114	202813529	81120
chr2	210034896	210234896	harbor2	chr2	210045912	210046241	LTR/ERVL-MaLR	1629	-	164	210046076	11180
chr2	210034896	210234896	harbor2	chr2	210046248	210046783	LTR/ERVL-MaLR	2376	-	268	210046516	11620
chr2	210034896	210234896	harbor2	chr2	210046804	210047605	LTR/ERVL-MaLR	3130	-	400	210047204	12308
chr2	210034896	210234896	harbor2	chr2	210068590	210069513	LTR/ERVL-MaLR	4044	-	462	210069052	34156
chr2	210034896	210234896	harbor2	chr2	210069514	210069706	LTR/ERVL-MaLR	760	-	96	210069610	34714
chr2	210034896	210234896	harbor2	chr2	210070135	210070221	LTR/ERVL-MaLR	739	-	43	210070178	35282
chr2	210034896	210234896	harbor2	chr2	210070530	210070649	LTR/ERVL-MaLR	739	-	60	210070590	35694
chr2	210034896	210234896	harbor2	chr2	210070650	210070878	LTR/ERVL-MaLR	1764	-	114	210070764	35868
chr2	210034896	210234896	harbor2	chr2	210071144	210071253	LTR/ERVL-MaLR	1764	-	54	210071198	36302
chr2	210034896	210234896	harbor2	chr2	210071569	210071745	LTR/ERVL-MaLR	1764	-	88	210071657	36761
chr2	210034896	210234896	harbor2	chr2	210071746	210071827	LTR/ERVL-MaLR	739	-	40	210071786	36890
chr2	210034896	210234896	harbor2	chr2	210109550	210109761	LTR/ERVL-MaLR	486	-	106	210109656	74760
chr2	210034896	210234896	harbor2	chr2	210109838	210110260	LTR/ERVL-MaLR	864	-	211	210110049	75153
chr2	240695085	240895085	harbor2	chr2	240696270	240696635	LTR/ERVL-MaLR	610	-	182	240696452	1367
chr2	240695085	240895085	harbor2	chr2	240708449	240708815	LTR/ERVL-MaLR	2387	-	183	240708632	13547
chr2	196527741	196727741	harbor2	chr2	196548652	196549058	LTR/ERVL-MaLR	1992	-	203	196548855	21114
chr2	196527741	196727741	harbor2	chr2	196555150	196555511	LTR/ERVL-MaLR	1742	-	180	196555330	27589
chr2	196527741	196727741	harbor2	chr2	196575630	196576046	LTR/ERVL-MaLR	2398	-	208	196575838	48097
chr2	196527741	196727741	harbor2	chr2	196608527	196608899	LTR/ERVL-MaLR	1858	-	186	196608713	80972
chr2	196527741	196727741	harbor2	chr2	196609588	196609684	LTR/ERVL-MaLR	1858	-	48	196609636	81895
chr2	196527741	196727741	harbor2	chr2	196610690	196611060	LTR/ERVL-MaLR	2495	-	185	196610875	83134
chr2	196527741	196727741	harbor2	chr2	196622355	196622764	LTR/ERVL-MaLR	1444	-	204	196622559	94818
chr2	165989780	166189780	harbor2	chr2	166025059	166025656	LTR/ERVL-MaLR	1702	-	298	166025357	35577
chr2	97098765	97298765	harbor2	chr2	97102057	97102392	LTR/ERVL-MaLR	1409	-	168	97102225	3460
chr2	97098765	97298765	harbor2	chr2	97109852	97110245	LTR/ERVL-MaLR	2080	-	196	97110048	11283
chr2	225496683	225696683	harbor2	chr2	225504141	225504464	LTR/ERVL-MaLR	1564	-	162	225504303	7620
chr2	225496683	225696683	harbor2	chr2	225514385	225514699	LTR/ERVL-MaLR	1016	-	157	225514542	17859
chr2	225496683	225696683	harbor2	chr2	225527292	225527484	LTR/ERVL-MaLR	802	-	96	225527388	30705
chr2	225496683	225696683	harbor2	chr2	225527517	225527658	LTR/ERVL-MaLR	1067	-	70	225527587	30904
chr2	225496683	225696683	harbor2	chr2	225527947	225528155	LTR/ERVL-MaLR	1067	-	104	225528051	31368
chr2	225496683	225696683	harbor2	chr2	225537327	225537671	LTR/ERVL-MaLR	2197	-	172	225537499	40816
chr2	225496683	225696683	harbor2	chr2	225537672	225538753	LTR/ERVL-MaLR	7827	-	540	225538212	41529
chr2	225496683	225696683	harbor2	chr2	225539780	225540285	LTR/ERVL-MaLR	3508	-	252	225540032	43349
chr2	225496683	225696683	harbor2	chr2	225540286	225540630	LTR/ERVL-MaLR	2038	-	172	225540458	43775
chr2	225496683	225696683	harbor2	chr2	225556355	225556674	LTR/ERVL-MaLR	596	-	160	225556515	59832
chr2	225496683	225696683	harbor2	chr2	225570368	225570727	LTR/ERVL-MaLR	2136	-	180	225570548	73865
chr2	225496683	225696683	harbor2	chr2	225570728	225572294	LTR/ERVL-MaLR	10452	-	783	225571511	74828
chr2	225496683	225696683	harbor2	chr2	225572295	225572653	LTR/ERVL-MaLR	2118	-	179	225572474	75791
chr2	225496683	225696683	harbor2	chr2	225573176	225573246	LTR/ERVL-MaLR	802	-	35	225573211	76528
chr2	225496683	225696683	harbor2	chr2	225573550	225573956	LTR/ERVL-MaLR	802	-	203	225573753	77070
chr2	225496683	225696683	harbor2	chr2	225578859	225579023	LTR/ERVL-MaLR	496	-	82	225578941	82258
chr2	225496683	225696683	harbor2	chr2	225579105	225579295	LTR/ERVL-MaLR	807	-	95	225579200	82517
chr2	225496683	225696683	harbor2	chr2	225586849	225587218	LTR/ERVL-MaLR	2207	-	184	225587033	90350
chr2	225496683	225696683	harbor2	chr2	225558208	225558748	LTR/ERVL-MaLR	1329	-	270	225558478	61795
chr2	225496683	225696683	harbor2	chr2	225574002	225575356	LTR/ERVL-MaLR	3397	-	677	225574679	77996
chr2	56279915	56479915	harbor2	chr2	56332274	56332590	LTR/ERVL-MaLR	1392	-	158	56332432	52517
chr2	56279915	56479915	harbor2	chr2	56335414	56335604	LTR/ERVL-MaLR	1105	-	95	56335509	55594
chr2	56279915	56479915	harbor2	chr2	56335900	56336049	LTR/ERVL-MaLR	1105	-	74	56335974	56059
chr2	218241789	218441789	harbor2	chr2	218294281	218294498	LTR/ERVL-MaLR	1697	-	108	218294389	52600
chr2	218241789	218441789	harbor2	chr2	218294778	218294933	LTR/ERVL-MaLR	1697	-	78	218294856	53067
chr2	218241789	218441789	harbor2	chr2	218309603	218309650	LTR/ERVL-MaLR	643	-	24	218309627	67838
chr2	218241789	218441789	harbor2	chr2	218309957	218310179	LTR/ERVL-MaLR	643	-	111	218310068	68279
chr2	155997332	156197332	harbor2	chr2	155999883	155999992	LTR/ERVL-MaLR	595	-	54	155999937	2605
chr2	155997332	156197332	harbor2	chr2	156000001	156000360	LTR/ERVL-MaLR	1427	-	180	156000181	2849
chr2	155997332	156197332	harbor2	chr2	156009563	156009911	LTR/ERVL-MaLR	2222	-	174	156009737	12405
chr2	155997332	156197332	harbor2	chr2	156016178	156016539	LTR/ERVL-MaLR	1615	-	180	156016358	19026
chr2	155997332	156197332	harbor2	chr2	156051295	156051633	LTR/ERVL-MaLR	2453	-	169	156051464	54132
chr2	155997332	156197332	harbor2	chr2	156055179	156055607	LTR/ERVL-MaLR	2256	-	214	156055393	58061
chr2	155997332	156197332	harbor2	chr2	156087090	156087393	LTR/ERVL-MaLR	1311	-	152	156087242	89910
chr2	178988765	179188765	harbor2	chr2	178993231	178993585	LTR/ERVL-MaLR	2149	-	177	178993408	4643
chr2	178988765	179188765	harbor2	chr2	178993586	178995150	LTR/ERVL-MaLR	11262	-	782	178994368	5603
chr2	178988765	179188765	harbor2	chr2	179035422	179035880	LTR/ERVL-MaLR	1501	-	229	179035651	46886
chr2	178988765	179188765	harbor2	chr2	179081694	179082068	LTR/ERVL-MaLR	2716	-	187	179081881	93116
chr2	178988765	179188765	harbor2	chr2	179082069	179083607	LTR/ERVL-MaLR	10429	-	769	179082838	94073
chr2	178988765	179188765	harbor2	chr2	179083608	179083981	LTR/ERVL-MaLR	2774	-	186	179083794	95029
chr2	178988765	179188765	harbor2	chr2	178995151	178995502	LTR/ERVL-MaLR	1988	-	176	178995327	6562
chr2	122889025	123089025	harbor2	chr2	122907417	122907868	LTR/ERVL-MaLR	975	-	226	122907643	18618
chr2	122889025	123089025	harbor2	chr2	122926165	122926742	LTR/ERVL-MaLR	1743	-	288	122926453	37428
chr2	122889025	123089025	harbor2	chr2	122969122	122969466	LTR/ERVL-MaLR	1617	-	172	122969294	80269
chr2	164507673	164707673	harbor2	chr2	164517022	164517382	LTR/ERVL-MaLR	2339	-	180	164517202	9529
chr2	164507673	164707673	harbor2	chr2	164530062	164530453	LTR/ERVL-MaLR	2205	-	196	164530258	22585
chr2	164507673	164707673	harbor2	chr2	164551822	164552240	LTR/ERVL-MaLR	2302	-	209	164552031	44358
chr2	164507673	164707673	harbor2	chr2	164589351	164589755	LTR/ERVL-MaLR	2104	-	202	164589553	81880
chr2	164507673	164707673	harbor2	chr2	164589779	164590133	LTR/ERVL-MaLR	1434	-	177	164589956	82283
chr2	164507673	164707673	harbor2	chr2	164598905	164599411	LTR/ERVL-MaLR	1399	-	253	164599158	91485
chr2	237819401	238019401	harbor2	chr2	237834572	237834966	LTR/ERVL-MaLR	1555	-	197	237834769	15368
chr2	222658626	222858626	harbor2	chr2	222666447	222666822	LTR/ERVL-MaLR	1724	-	188	222666635	8009
chr2	222658626	222858626	harbor2	chr2	222688620	222689010	LTR/ERVL-MaLR	2045	-	195	222688815	30189
chr2	222658626	222858626	harbor2	chr2	222693477	222693837	LTR/ERVL-MaLR	2303	-	180	222693657	35031
chr2	222658626	222858626	harbor2	chr2	222719793	222720122	LTR/ERVL-MaLR	2301	-	164	222719957	61331
chr2	222658626	222858626	harbor2	chr2	222720123	222721631	LTR/ERVL-MaLR	10780	-	754	222720877	62251
chr2	222658626	222858626	harbor2	chr2	222721632	222721992	LTR/ERVL-MaLR	2602	-	180	222721812	63186
chr2	222658626	222858626	harbor2	chr2	222729174	222729249	LTR/ERVL-MaLR	925	-	38	222729212	70586
chr2	222658626	222858626	harbor2	chr2	222729561	222729911	LTR/ERVL-MaLR	925	-	175	222729736	71110
chr2	222658626	222858626	harbor2	chr2	222730223	222730253	LTR/ERVL-MaLR	925	-	15	222730238	71612
chr2	222658626	222858626	harbor2	chr2	222730624	222730996	LTR/ERVL-MaLR	876	-	186	222730810	72184
chr2	222658626	222858626	harbor2	chr2	222739574	222739643	LTR/ERVL-MaLR	2789	-	34	222739608	80982
chr2	222658626	222858626	harbor2	chr2	222739956	222740329	LTR/ERVL-MaLR	2789	-	186	222740142	81516
chr2	97102137	97302137	harbor2	chr2	97102057	97102392	LTR/ERVL-MaLR	1409	-	168	97102225	88
chr2	97102137	97302137	harbor2	chr2	97109852	97110245	LTR/ERVL-MaLR	2080	-	196	97110048	7911
chr2	193872606	194072606	harbor2	chr2	193882932	193883295	LTR/ERVL-MaLR	1989	-	182	193883114	10508
chr2	193872606	194072606	harbor2	chr2	193921448	193921703	LTR/ERVL-MaLR	722	-	128	193921576	48970
chr2	193872606	194072606	harbor2	chr2	193970950	193971303	LTR/ERVL-MaLR	2190	-	176	193971126	98520
chr2	193872606	194072606	harbor2	chr2	193969975	193970404	LTR/ERVL-MaLR	1863	-	214	193970189	97583
chr2	232512730	232712730	harbor2	chr2	232515579	232516018	LTR/ERVL-MaLR	1859	-	220	232515799	3069
chr2	223424772	223624772	harbor2	chr2	223464695	223465200	LTR/ERVL-MaLR	2109	-	252	223464947	40175
chr2	223424772	223624772	harbor2	chr2	223466908	223467309	LTR/ERVL-MaLR	1864	-	200	223467108	42336
chr2	223424772	223624772	harbor2	chr2	223468269	223468631	LTR/ERVL-MaLR	2667	-	181	223468450	43678
chr2	223424772	223624772	harbor2	chr2	223472803	223473167	LTR/ERVL-MaLR	2373	-	182	223472985	48213
chr2	223424772	223624772	harbor2	chr2	223478041	223478169	LTR/ERVL-MaLR	697	-	64	223478105	53333
chr2	223424772	223624772	harbor2	chr2	223490699	223491028	LTR/ERVL-MaLR	835	-	164	223490863	66091
chr2	223424772	223624772	harbor2	chr2	223491463	223491831	LTR/ERVL-MaLR	1041	-	184	223491647	66875
chr2	223424772	223624772	harbor2	chr2	223491843	223492382	LTR/ERVL-MaLR	1932	-	270	223492113	67341
chr2	223424772	223624772	harbor2	chr2	223503666	223504162	LTR/ERVL-MaLR	1180	-	248	223503914	79142
chr2	223424772	223624772	harbor2	chr2	223514311	223514726	LTR/ERVL-MaLR	2571	-	208	223514519	89747
chr2	220630416	220830416	harbor2	chr2	220675686	220676096	LTR/ERVL-MaLR	2424	-	205	220675891	45475
chr2	220630416	220830416	harbor2	chr2	220687311	220687710	LTR/ERVL-MaLR	723	-	200	220687511	57095
chr2	220630416	220830416	harbor2	chr2	220687735	220688076	LTR/ERVL-MaLR	1721	-	170	220687905	57489
chr2	220630416	220830416	harbor2	chr2	220688345	220689396	LTR/ERVL-MaLR	1721	-	526	220688871	58455
chr2	220630416	220830416	harbor2	chr2	220689397	220689729	LTR/ERVL-MaLR	820	-	166	220689563	59147
chr2	220630416	220830416	harbor2	chr2	220710503	220711020	LTR/ERVL-MaLR	826	-	258	220710761	80345
chr2	220630416	220830416	harbor2	chr2	220715259	220715621	LTR/ERVL-MaLR	1919	-	181	220715440	85024
chr2	220630416	220830416	harbor2	chr2	220715622	220717200	LTR/ERVL-MaLR	11065	-	789	220716411	85995
chr2	220630416	220830416	harbor2	chr2	220717201	220717563	LTR/ERVL-MaLR	1939	-	181	220717382	86966
chr2	147463212	147663212	harbor2	chr2	147467226	147467636	LTR/ERVL-MaLR	1264	-	205	147467431	4219
chr2	147463212	147663212	harbor2	chr2	147475675	147476027	LTR/ERVL-MaLR	2240	-	176	147475851	12639
chr2	147463212	147663212	harbor2	chr2	147509872	147510226	LTR/ERVL-MaLR	1689	-	177	147510049	46837
chr2	147463212	147663212	harbor2	chr2	147518034	147518472	LTR/ERVL-MaLR	1998	-	219	147518253	55041
chr2	147463212	147663212	harbor2	chr2	147528115	147528446	LTR/ERVL-MaLR	1731	-	166	147528281	65069
chr2	147463212	147663212	harbor2	chr2	147529461	147529948	LTR/ERVL-MaLR	1183	-	244	147529705	66493
chr2	147463212	147663212	harbor2	chr2	147533486	147533839	LTR/ERVL-MaLR	2087	-	176	147533662	70450
chr2	147463212	147663212	harbor2	chr2	147543572	147544123	LTR/ERVL-MaLR	1852	-	276	147543848	80636
chr2	147463212	147663212	harbor2	chr2	147547230	147547538	LTR/ERVL-MaLR	931	-	154	147547384	84172
chr2	136938450	137138450	harbor2	chr2	136971938	136972147	LTR/ERVL-MaLR	516	-	104	136972042	33592
chr2	136938450	137138450	harbor2	chr2	137009465	137009824	LTR/ERVL-MaLR	2083	-	180	137009645	71195
chr2	136938450	137138450	harbor2	chr2	137025902	137026766	LTR/ERVL-MaLR	2284	-	432	137026334	87884
chr2	136938450	137138450	harbor2	chr2	137026876	137027158	LTR/ERVL-MaLR	700	-	141	137027017	88567
chr2	136938450	137138450	harbor2	chr2	137027196	137027632	LTR/ERVL-MaLR	611	-	218	137027414	88964
chr2	136938450	137138450	harbor2	chr2	137033260	137033586	LTR/ERVL-MaLR	1396	-	163	137033423	94973
chr2	223319760	223519760	harbor2	chr2	223366569	223367029	LTR/ERVL-MaLR	622	-	230	223366799	47039
chr2	223319760	223519760	harbor2	chr2	223390495	223390891	LTR/ERVL-MaLR	2164	-	198	223390693	70933
chr2	227707502	227907502	harbor2	chr2	227752270	227752382	LTR/ERVL-MaLR	1103	-	56	227752326	44824
chr2	227707502	227907502	harbor2	chr2	227753429	227753514	LTR/ERVL-MaLR	1103	-	42	227753471	45969
chr2	227707502	227907502	harbor2	chr2	227754003	227754174	LTR/ERVL-MaLR	801	-	86	227754089	46587
chr2	227707502	227907502	harbor2	chr2	227769527	227769917	LTR/ERVL-MaLR	1831	-	195	227769722	62220
chr2	227707502	227907502	harbor2	chr2	227770220	227770320	LTR/ERVL-MaLR	1831	-	50	227770270	62768
chr2	227707502	227907502	harbor2	chr2	227777201	227777555	LTR/ERVL-MaLR	1132	-	177	227777378	69876
chr2	241492394	241692394	harbor2	chr2	241514391	241514693	LTR/ERVL-MaLR	911	-	151	241514542	22148
chr2	241492394	241692394	harbor2	chr2	241514694	241515053	LTR/ERVL-MaLR	1531	-	180	241514874	22480
chr2	241492394	241692394	harbor2	chr2	241515054	241515275	LTR/ERVL-MaLR	911	-	110	241515164	22770
chr2	241492394	241692394	harbor2	chr2	241526509	241526867	LTR/ERVL-MaLR	1784	-	179	241526688	34294
chr2	241492394	241692394	harbor2	chr2	241544695	241545219	LTR/ERVL-MaLR	1403	-	262	241544957	52563
chr2	241492394	241692394	harbor2	chr2	241553452	241553785	LTR/ERVL-MaLR	1466	-	166	241553618	61224
chr2	112346919	112546919	harbor2	chr2	112359369	112359716	LTR/ERVL-MaLR	1738	-	174	112359543	12624
chr2	112346919	112546919	harbor2	chr2	112371948	112372424	LTR/ERVL-MaLR	1320	-	238	112372186	25267
chr2	112346919	112546919	harbor2	chr2	112438325	112438590	LTR/ERVL-MaLR	1358	-	132	112438457	91538
chr2	81089887	81289887	harbor2	chr2	81144803	81145152	LTR/ERVL-MaLR	2613	-	174	81144977	55090
chr2	81089887	81289887	harbor2	chr2	81145154	81146743	LTR/ERVL-MaLR	11266	-	794	81145948	56061
chr2	81089887	81289887	harbor2	chr2	81146744	81147099	LTR/ERVL-MaLR	2448	-	178	81146922	57035
chr2	81089887	81289887	harbor2	chr2	81167838	81168227	LTR/ERVL-MaLR	1259	-	194	81168032	78145
chr2	81089887	81289887	harbor2	chr2	81189110	81189496	LTR/ERVL-MaLR	1824	-	193	81189303	99416
chr2	81089887	81289887	harbor2	chr2	81189609	81189931	LTR/ERVL-MaLR	1142	-	161	81189770	99883
chr2	241879709	242079709	harbor2	chr2	241887729	241888218	LTR/ERVL-MaLR	606	-	244	241887973	8264
chr2	241879709	242079709	harbor2	chr2	241924652	241924859	LTR/ERVL-MaLR	532	-	104	241924756	45047
chr2	241879709	242079709	harbor2	chr2	241942915	241943507	LTR/ERVL-MaLR	1599	-	296	241943211	63502
chr2	241879709	242079709	harbor2	chr2	241951702	241952198	LTR/ERVL-MaLR	574	-	248	241951950	72241
chr2	241879709	242079709	harbor2	chr2	241957123	241957348	LTR/ERVL-MaLR	1214	-	112	241957235	77526
chr2	241879709	242079709	harbor2	chr2	241957356	241957657	LTR/ERVL-MaLR	1170	-	150	241957506	77797
chr2	241879709	242079709	harbor2	chr2	241957671	241958051	LTR/ERVL-MaLR	1105	-	190	241957861	78152
chr2	241879709	242079709	harbor2	chr2	241958052	241958277	LTR/ERVL-MaLR	2407	-	112	241958164	78455
chr2	241879709	242079709	harbor2	chr2	241958580	241958726	LTR/ERVL-MaLR	2407	-	73	241958653	78944
chr2	241879709	242079709	harbor2	chr2	241958727	241958771	LTR/ERVL-MaLR	1105	-	22	241958749	79040
chr2	241879709	242079709	harbor2	chr2	241972966	241973306	LTR/ERVL-MaLR	1132	-	170	241973136	93427
chr2	241879709	242079709	harbor2	chr2	241978631	241978950	LTR/ERVL-MaLR	1254	-	160	241978791	99082
chr2	180184112	180384112	harbor2	chr2	180184431	180184841	LTR/ERVL-MaLR	2228	-	205	180184636	524
chr2	180184112	180384112	harbor2	chr2	180243670	180244018	LTR/ERVL-MaLR	2035	-	174	180243844	59732
chr2	180184112	180384112	harbor2	chr2	180251697	180252079	LTR/ERVL-MaLR	1380	-	191	180251888	67776
chr2	235560770	235760770	harbor2	chr2	235566771	235567028	LTR/ERVL-MaLR	820	-	128	235566899	6129
chr2	235560770	235760770	harbor2	chr2	235568636	235569104	LTR/ERVL-MaLR	1609	-	234	235568870	8100
chr2	235560770	235760770	harbor2	chr2	235570871	235571292	LTR/ERVL-MaLR	2456	-	210	235571081	10311
chr2	235560770	235760770	harbor2	chr2	235601108	235601263	LTR/ERVL-MaLR	587	-	78	235601186	40416
chr2	235560770	235760770	harbor2	chr2	235601358	235601698	LTR/ERVL-MaLR	2213	-	170	235601528	40758
chr2	235560770	235760770	harbor2	chr2	235610312	235610669	LTR/ERVL-MaLR	1541	-	178	235610490	49720
chr2	235560770	235760770	harbor2	chr2	235645537	235645774	LTR/ERVL-MaLR	518	-	118	235645655	84885
chr2	235560770	235760770	harbor2	chr2	235585109	235585553	LTR/ERVL-MaLR	1520	-	222	235585331	24561
chr2	120693471	120893471	harbor2	chr2	120713536	120713993	LTR/ERVL-MaLR	2432	-	228	120713764	20293
chr2	120693471	120893471	harbor2	chr2	120717514	120717787	LTR/ERVL-MaLR	1975	-	136	120717650	24179
chr2	120693471	120893471	harbor2	chr2	120718097	120718406	LTR/ERVL-MaLR	1975	-	154	120718251	24780
chr2	120693471	120893471	harbor2	chr2	120724183	120724549	LTR/ERVL-MaLR	1964	-	183	120724366	30895
chr2	120693471	120893471	harbor2	chr2	120725952	120726309	LTR/ERVL-MaLR	957	-	178	120726130	32659
chr2	240881252	241081252	harbor2	chr2	240886004	240886372	LTR/ERVL-MaLR	1795	-	184	240886188	4936
chr2	240881252	241081252	harbor2	chr2	240946483	240946729	LTR/ERVL-MaLR	713	-	123	240946606	65354
chr2	52119616	52319616	harbor2	chr2	52136937	52137435	LTR/ERVL-MaLR	1393	-	249	52137186	17570
chr2	52119616	52319616	harbor2	chr2	52150802	52151153	LTR/ERVL-MaLR	2253	-	176	52150978	31362
chr2	52119616	52319616	harbor2	chr2	52172358	52172720	LTR/ERVL-MaLR	2442	-	181	52172539	52923
chr2	52119616	52319616	harbor2	chr2	52200316	52200733	LTR/ERVL-MaLR	2067	-	208	52200524	80908
chr2	52119616	52319616	harbor2	chr2	52203937	52204373	LTR/ERVL-MaLR	2102	-	218	52204155	84539
chr2	52119616	52319616	harbor2	chr2	52214043	52214277	LTR/ERVL-MaLR	2201	-	117	52214160	94544
chr2	52119616	52319616	harbor2	chr2	52214549	52214755	LTR/ERVL-MaLR	2201	-	103	52214652	95036
chr2	202646408	202846408	harbor2	chr2	202664824	202665172	LTR/ERVL-MaLR	1406	-	174	202664998	18590
chr2	202646408	202846408	harbor2	chr2	202665340	202665601	LTR/ERVL-MaLR	721	-	130	202665470	19062
chr2	202646408	202846408	harbor2	chr2	202665889	202665941	LTR/ERVL-MaLR	721	-	26	202665915	19507
chr2	202646408	202846408	harbor2	chr2	202744153	202744544	LTR/ERVL-MaLR	2002	-	196	202744349	97941
chr2	145992020	146192020	harbor2	chr2	145992278	145992676	LTR/ERVL-MaLR	1927	-	199	145992477	457
chr2	145992020	146192020	harbor2	chr2	146003005	146003185	LTR/ERVL-MaLR	947	-	90	146003095	11075
chr2	145992020	146192020	harbor2	chr2	146003907	146004148	LTR/ERVL-MaLR	947	-	120	146004027	12007
chr2	145992020	146192020	harbor2	chr2	146019810	146020181	LTR/ERVL-MaLR	2613	-	186	146019996	27976
chr2	145992020	146192020	harbor2	chr2	146063370	146064930	LTR/ERVL-MaLR	11472	-	780	146064150	72130
chr2	145992020	146192020	harbor2	chr2	146064931	146065297	LTR/ERVL-MaLR	1960	-	183	146065114	73094
chr2	145992020	146192020	harbor2	chr2	146083412	146083921	LTR/ERVL-MaLR	1257	-	254	146083666	91646
chr2	145992020	146192020	harbor2	chr2	146085400	146086581	LTR/ERVL-MaLR	4209	-	590	146085990	93970
chr2	145992020	146192020	harbor2	chr2	146086879	146087105	LTR/ERVL-MaLR	4209	-	113	146086992	94972
chr2	145992020	146192020	harbor2	chr2	146087115	146087679	LTR/ERVL-MaLR	1317	-	282	146087397	95377
chr2	145992020	146192020	harbor2	chr2	146063031	146063368	LTR/ERVL-MaLR	1989	-	168	146063199	71179
chr2	241889807	242089807	harbor2	chr2	241924652	241924859	LTR/ERVL-MaLR	532	-	104	241924756	34949
chr2	241889807	242089807	harbor2	chr2	241942915	241943507	LTR/ERVL-MaLR	1599	-	296	241943211	53404
chr2	241889807	242089807	harbor2	chr2	241951702	241952198	LTR/ERVL-MaLR	574	-	248	241951950	62143
chr2	241889807	242089807	harbor2	chr2	241957123	241957348	LTR/ERVL-MaLR	1214	-	112	241957235	67428
chr2	241889807	242089807	harbor2	chr2	241957356	241957657	LTR/ERVL-MaLR	1170	-	150	241957506	67699
chr2	241889807	242089807	harbor2	chr2	241957671	241958051	LTR/ERVL-MaLR	1105	-	190	241957861	68054
chr2	241889807	242089807	harbor2	chr2	241958052	241958277	LTR/ERVL-MaLR	2407	-	112	241958164	68357
chr2	241889807	242089807	harbor2	chr2	241958580	241958726	LTR/ERVL-MaLR	2407	-	73	241958653	68846
chr2	241889807	242089807	harbor2	chr2	241958727	241958771	LTR/ERVL-MaLR	1105	-	22	241958749	68942
chr2	241889807	242089807	harbor2	chr2	241972966	241973306	LTR/ERVL-MaLR	1132	-	170	241973136	83329
chr2	241889807	242089807	harbor2	chr2	241978631	241978950	LTR/ERVL-MaLR	1254	-	160	241978791	88984
chr2	241889807	242089807	harbor2	chr2	241980704	241981067	LTR/ERVL-MaLR	1699	-	182	241980886	91079
chr2	202710707	202910707	harbor2	chr2	202744153	202744544	LTR/ERVL-MaLR	2002	-	196	202744349	33642
chr2	202710707	202910707	harbor2	chr2	202749945	202750232	LTR/ERVL-MaLR	921	-	144	202750089	39382
chr2	202710707	202910707	harbor2	chr2	202750535	202750626	LTR/ERVL-MaLR	921	-	46	202750581	39874
chr2	202710707	202910707	harbor2	chr2	202754546	202754606	LTR/ERVL-MaLR	1778	-	30	202754576	43869
chr2	202710707	202910707	harbor2	chr2	202754908	202755163	LTR/ERVL-MaLR	1778	-	128	202755036	44329
chr2	237488705	237688705	harbor2	chr2	237494860	237495398	LTR/ERVL-MaLR	1377	-	269	237495129	6424
chr2	237488705	237688705	harbor2	chr2	237557782	237558194	LTR/ERVL-MaLR	1726	-	206	237557988	69283
chr2	237488705	237688705	harbor2	chr2	237568805	237569175	LTR/ERVL-MaLR	1597	-	185	237568990	80285
chr2	237488705	237688705	harbor2	chr2	237579286	237579685	LTR/ERVL-MaLR	1507	-	200	237579486	90781
chr2	237488705	237688705	harbor2	chr2	237535037	237535424	LTR/ERVL-MaLR	2308	-	194	237535231	46526
chr2	159410390	159610390	harbor2	chr2	159465014	159465435	LTR/ERVL-MaLR	1605	-	210	159465224	54834
chr2	233823818	234023818	harbor2	chr2	233834774	233835136	LTR/ERVL-MaLR	1004	-	181	233834955	11137
chr2	233823818	234023818	harbor2	chr2	233858542	233858784	LTR/ERVL-MaLR	1560	-	121	233858663	34845
chr2	233823818	234023818	harbor2	chr2	233859066	233859245	LTR/ERVL-MaLR	1560	-	90	233859156	35338
chr2	233823818	234023818	harbor2	chr2	233860668	233861048	LTR/ERVL-MaLR	1601	-	190	233860858	37040
chr2	233823818	234023818	harbor2	chr2	233892342	233892711	LTR/ERVL-MaLR	2281	-	184	233892526	68708
chr2	233823818	234023818	harbor2	chr2	233893325	233893771	LTR/ERVL-MaLR	1764	-	223	233893548	69730
chr2	233823818	234023818	harbor2	chr2	233898236	233898700	LTR/ERVL-MaLR	2829	-	232	233898468	74650
chr2	233823818	234023818	harbor2	chr2	233904508	233904985	LTR/ERVL-MaLR	1921	-	238	233904746	80928
chr2	186901366	187101366	harbor2	chr2	186916521	186916921	LTR/ERVL-MaLR	2098	-	200	186916721	15355
chr2	186901366	187101366	harbor2	chr2	186941970	186942243	LTR/ERVL-MaLR	618	-	136	186942106	40740
chr2	186901366	187101366	harbor2	chr2	186949866	186950319	LTR/ERVL-MaLR	775	-	226	186950092	48726
chr2	217657933	217857933	harbor2	chr2	217669660	217670023	LTR/ERVL-MaLR	1705	-	182	217669842	11909
chr2	217657933	217857933	harbor2	chr2	217705972	217706203	LTR/ERVL-MaLR	443	-	116	217706088	48155
chr2	217657933	217857933	harbor2	chr2	217719854	217720193	LTR/ERVL-MaLR	1468	-	170	217720024	62091
chr2	217657933	217857933	harbor2	chr2	217726787	217726902	LTR/ERVL-MaLR	779	-	58	217726845	68912
chr2	217657933	217857933	harbor2	chr2	217731232	217731560	LTR/ERVL-MaLR	1471	-	164	217731396	73463
chr2	217657933	217857933	harbor2	chr2	217734624	217734997	LTR/ERVL-MaLR	2465	-	186	217734810	76877
chr2	217657933	217857933	harbor2	chr2	217745154	217745677	LTR/ERVL-MaLR	2498	-	262	217745416	87483
chr2	210481910	210681910	harbor2	chr2	210499896	210500000	LTR/ERVL-MaLR	518	-	52	210499948	18038
chr2	210481910	210681910	harbor2	chr2	210500001	210500263	LTR/ERVL-MaLR	1510	-	131	210500132	18222
chr2	210481910	210681910	harbor2	chr2	210501883	210502239	LTR/ERVL-MaLR	1960	-	178	210502061	20151
chr2	210481910	210681910	harbor2	chr2	210500266	210501880	LTR/ERVL-MaLR	10959	-	807	210501073	19163
chr2	181460396	181660396	harbor2	chr2	181516264	181516446	LTR/ERVL-MaLR	421	-	91	181516355	55959
chr2	137853701	138053701	harbor2	chr2	137862668	137863061	LTR/ERVL-MaLR	2082	-	196	137862864	9163
chr2	137853701	138053701	harbor2	chr2	137877813	137878218	LTR/ERVL-MaLR	2021	-	202	137878015	24314
chr2	137853701	138053701	harbor2	chr2	137927759	137928102	LTR/ERVL-MaLR	1436	-	172	137927931	74230
chr2	137853701	138053701	harbor2	chr2	137928400	137928445	LTR/ERVL-MaLR	1436	-	22	137928422	74721
chr2	137853701	138053701	harbor2	chr2	137931802	137932164	LTR/ERVL-MaLR	1164	-	181	137931983	78282
chr2	137853701	138053701	harbor2	chr2	137937011	137937268	LTR/ERVL-MaLR	726	-	128	137937139	83438
chr2	137853701	138053701	harbor2	chr2	137940423	137940786	LTR/ERVL-MaLR	1883	-	182	137940605	86904
chr2	137853701	138053701	harbor2	chr2	137945639	137945865	LTR/ERVL-MaLR	1239	-	113	137945752	92051
chr2	137853701	138053701	harbor2	chr2	137936740	137936938	LTR/ERVL-MaLR	935	-	99	137936839	83138
chr2	236432858	236632858	harbor2	chr2	236435438	236435773	LTR/ERVL-MaLR	1778	-	168	236435606	2748
chr2	236432858	236632858	harbor2	chr2	236463698	236464227	LTR/ERVL-MaLR	1875	-	264	236463962	31104
chr2	236432858	236632858	harbor2	chr2	236466419	236466834	LTR/ERVL-MaLR	2757	-	208	236466627	33769
chr2	236432858	236632858	harbor2	chr2	236492991	236493343	LTR/ERVL-MaLR	2793	-	176	236493167	60309
chr2	236432858	236632858	harbor2	chr2	236500653	236500703	LTR/ERVL-MaLR	2340	-	25	236500678	67820
chr2	236432858	236632858	harbor2	chr2	236500997	236501348	LTR/ERVL-MaLR	2340	-	176	236501173	68315
chr2	236432858	236632858	harbor2	chr2	236510084	236510341	LTR/ERVL-MaLR	605	-	128	236510212	77354
chr2	236432858	236632858	harbor2	chr2	236522709	236523165	LTR/ERVL-MaLR	1731	-	228	236522937	90079
chr2	236432858	236632858	harbor2	chr2	236524487	236524815	LTR/ERVL-MaLR	1246	-	164	236524651	91793
chr2	236432858	236632858	harbor2	chr2	236524825	236524960	LTR/ERVL-MaLR	528	-	68	236524893	92035
chr2	236432858	236632858	harbor2	chr2	236528987	236529339	LTR/ERVL-MaLR	2252	-	176	236529163	96305
chr2	149786890	149986890	harbor2	chr2	149823260	149823601	LTR/ERVL-MaLR	1882	-	170	149823430	36540
chr2	149786890	149986890	harbor2	chr2	149829708	149829878	LTR/ERVL-MaLR	431	-	85	149829793	42903
chr2	149786890	149986890	harbor2	chr2	149832489	149832676	LTR/ERVL-MaLR	539	-	94	149832583	45693
chr2	149786890	149986890	harbor2	chr2	149844916	149845119	LTR/ERVL-MaLR	1337	-	102	149845018	58128
chr2	149786890	149986890	harbor2	chr2	149845151	149845341	LTR/ERVL-MaLR	1337	-	95	149845246	58356
chr2	149786890	149986890	harbor2	chr2	149861015	149861397	LTR/ERVL-MaLR	2018	-	191	149861206	74316
chr2	135120686	135320686	harbor2	chr2	135193850	135193922	LTR/ERVL-MaLR	2515	-	36	135193886	73200
chr2	135120686	135320686	harbor2	chr2	135194210	135194559	LTR/ERVL-MaLR	2515	-	174	135194384	73698
chr2	57815971	58015971	harbor2	chr2	57821111	57821482	LTR/ERVL-MaLR	976	-	186	57821297	5326
chr2	57815971	58015971	harbor2	chr2	57855279	57855713	LTR/ERVL-MaLR	1956	-	217	57855496	39525
chr2	57815971	58015971	harbor2	chr2	57855714	57856153	LTR/ERVL-MaLR	3140	-	220	57855934	39963
chr2	57815971	58015971	harbor2	chr2	57856165	57856539	LTR/ERVL-MaLR	2278	-	187	57856352	40381
chr2	138171787	138371787	harbor2	chr2	138204025	138204382	LTR/ERVL-MaLR	2122	-	178	138204203	32416
chr2	138171787	138371787	harbor2	chr2	138204383	138205951	LTR/ERVL-MaLR	11126	-	784	138205167	33380
chr2	138171787	138371787	harbor2	chr2	138205952	138206310	LTR/ERVL-MaLR	2242	-	179	138206131	34344
chr2	138171787	138371787	harbor2	chr2	138263141	138263308	LTR/ERVL-MaLR	867	-	84	138263225	91438
chr2	235784638	235984638	harbor2	chr2	235797188	235797698	LTR/ERVL-MaLR	599	-	255	235797443	12805
chr2	235784638	235984638	harbor2	chr2	235815188	235815523	LTR/ERVL-MaLR	1061	-	168	235815356	30718
chr2	235784638	235984638	harbor2	chr2	235866621	235867005	LTR/ERVL-MaLR	2077	-	192	235866813	82175
chr2	235784638	235984638	harbor2	chr2	235869240	235869302	LTR/ERVL-MaLR	477	-	31	235869271	84633
chr2	235784638	235984638	harbor2	chr2	235869618	235869700	LTR/ERVL-MaLR	477	-	41	235869659	85021
chr2	235784638	235984638	harbor2	chr2	235870112	235870366	LTR/ERVL-MaLR	1304	-	127	235870239	85601
chr2	235784638	235984638	harbor2	chr2	235870641	235871613	LTR/ERVL-MaLR	1764	-	486	235871127	86489
chr2	241796204	241996204	harbor2	chr2	241798276	241798652	LTR/ERVL-MaLR	1135	-	188	241798464	2260
chr2	241796204	241996204	harbor2	chr2	241818819	241819144	LTR/ERVL-MaLR	1083	-	162	241818981	22777
chr2	241796204	241996204	harbor2	chr2	241887729	241888218	LTR/ERVL-MaLR	606	-	244	241887973	91769
chr2	218191633	218391633	harbor2	chr2	218205487	218205560	LTR/ERVL-MaLR	1349	-	36	218205523	13890
chr2	218191633	218391633	harbor2	chr2	218205842	218206192	LTR/ERVL-MaLR	1349	-	175	218206017	14384
chr2	218191633	218391633	harbor2	chr2	218232354	218232546	LTR/ERVL-MaLR	1472	-	96	218232450	40817
chr2	218191633	218391633	harbor2	chr2	218232876	218233014	LTR/ERVL-MaLR	1472	-	69	218232945	41312
chr2	218191633	218391633	harbor2	chr2	218233365	218233411	LTR/ERVL-MaLR	1472	-	23	218233388	41755
chr2	141996710	142196710	harbor2	chr2	142065699	142066092	LTR/ERVL-MaLR	793	-	196	142065895	69185
chr2	141996710	142196710	harbor2	chr2	142066086	142066820	LTR/ERVL-MaLR	2208	-	367	142066453	69743
chr2	141996710	142196710	harbor2	chr2	142066822	142067328	LTR/ERVL-MaLR	1909	-	253	142067075	70365
chr2	141996710	142196710	harbor2	chr2	142093893	142094247	LTR/ERVL-MaLR	1673	-	177	142094070	97360
chr2	141996710	142196710	harbor2	chr2	142065163	142065695	LTR/ERVL-MaLR	1496	-	266	142065429	68719
chr2	205978205	206178205	harbor2	chr2	205992601	205992867	LTR/ERVL-MaLR	1212	-	133	205992734	14529
chr2	205978205	206178205	harbor2	chr2	205979576	205979933	LTR/ERVL-MaLR	1722	-	178	205979754	1549
chr2	214472167	214672167	harbor2	chr2	214471899	214472255	LTR/ERVL-MaLR	418	-	178	214472077	90
chr2	214472167	214672167	harbor2	chr2	214473298	214473670	LTR/ERVL-MaLR	714	-	186	214473484	1317
chr2	214472167	214672167	harbor2	chr2	214480461	214480831	LTR/ERVL-MaLR	794	-	185	214480646	8479
chr2	214472167	214672167	harbor2	chr2	214483838	214484285	LTR/ERVL-MaLR	1760	-	224	214484062	11895
chr2	214472167	214672167	harbor2	chr2	214488634	214489023	LTR/ERVL-MaLR	2195	-	194	214488828	16661
chr2	214472167	214672167	harbor2	chr2	214489700	214490060	LTR/ERVL-MaLR	676	-	180	214489880	17713
chr2	214472167	214672167	harbor2	chr2	214493309	214493793	LTR/ERVL-MaLR	961	-	242	214493551	21384
chr2	214472167	214672167	harbor2	chr2	214497896	214498155	LTR/ERVL-MaLR	480	-	130	214498026	25859
chr2	214472167	214672167	harbor2	chr2	214500293	214500771	LTR/ERVL-MaLR	511	-	239	214500532	28365
chr2	214472167	214672167	harbor2	chr2	214548885	214549336	LTR/ERVL-MaLR	1779	-	226	214549111	76944
chr2	214472167	214672167	harbor2	chr2	214557113	214557467	LTR/ERVL-MaLR	1960	-	177	214557290	85123
chr2	214472167	214672167	harbor2	chr2	214568415	214568723	LTR/ERVL-MaLR	2267	-	154	214568569	96402
chr2	239677790	239877790	harbor2	chr2	239712495	239712765	LTR/ERVL-MaLR	703	-	135	239712630	34840
chr2	239677790	239877790	harbor2	chr2	239734158	239734522	LTR/ERVL-MaLR	2658	-	182	239734340	56550
chr2	239677790	239877790	harbor2	chr2	239760628	239761114	LTR/ERVL-MaLR	991	-	243	239760871	83081
chr2	239677790	239877790	harbor2	chr2	239774420	239774811	LTR/ERVL-MaLR	1194	-	196	239774616	96826
chr2	148935040	149135040	harbor2	chr2	148984395	148984758	LTR/ERVL-MaLR	1071	-	182	148984577	49537
chr2	148935040	149135040	harbor2	chr2	149013124	149013575	LTR/ERVL-MaLR	617	-	226	149013350	78310
chr2	148935040	149135040	harbor2	chr2	149030226	149030589	LTR/ERVL-MaLR	1661	-	182	149030408	95368
chr2	189661820	189861820	harbor2	chr2	189703893	189704026	LTR/ERVL-MaLR	785	-	66	189703959	42139
chr2	147424710	147624710	harbor2	chr2	147434488	147434852	LTR/ERVL-MaLR	1962	-	182	147434670	9960
chr2	147424710	147624710	harbor2	chr2	147467226	147467636	LTR/ERVL-MaLR	1264	-	205	147467431	42721
chr2	147424710	147624710	harbor2	chr2	147475675	147476027	LTR/ERVL-MaLR	2240	-	176	147475851	51141
chr2	147424710	147624710	harbor2	chr2	147509872	147510226	LTR/ERVL-MaLR	1689	-	177	147510049	85339
chr2	147424710	147624710	harbor2	chr2	147518034	147518472	LTR/ERVL-MaLR	1998	-	219	147518253	93543
chr2	148810158	149010158	harbor2	chr2	148834893	148835358	LTR/ERVL-MaLR	1385	-	232	148835125	24967
chr2	148810158	149010158	harbor2	chr2	148852900	148853257	LTR/ERVL-MaLR	2063	-	178	148853078	42920
chr2	148810158	149010158	harbor2	chr2	148858813	148859158	LTR/ERVL-MaLR	1308	-	172	148858985	48827
chr2	148810158	149010158	harbor2	chr2	148895645	148895845	LTR/ERVL-MaLR	1532	-	100	148895745	85587
chr2	148810158	149010158	harbor2	chr2	148895881	148896086	LTR/ERVL-MaLR	1532	-	102	148895983	85825
chr2	148810158	149010158	harbor2	chr2	148905726	148906083	LTR/ERVL-MaLR	2460	-	178	148905904	95746
chr2	219568824	219768824	harbor2	chr2	219625682	219625956	LTR/ERVL-MaLR	1627	-	137	219625819	56995
chr2	219568824	219768824	harbor2	chr2	219626243	219626400	LTR/ERVL-MaLR	1627	-	78	219626321	57497
chr2	219568824	219768824	harbor2	chr2	219654793	219655197	LTR/ERVL-MaLR	2279	-	202	219654995	86171
chr2	219568824	219768824	harbor2	chr2	219663845	219664198	LTR/ERVL-MaLR	2812	-	176	219664021	95197
chr2	219568824	219768824	harbor2	chr2	219660031	219660346	LTR/ERVL-MaLR	1979	-	158	219660189	91365
chr2	84614207	84814207	harbor2	chr2	84638683	84639098	LTR/ERVL-MaLR	2228	-	208	84638891	24684
chr2	84614207	84814207	harbor2	chr2	84672543	84672901	LTR/ERVL-MaLR	1966	-	179	84672722	58515
chr2	84614207	84814207	harbor2	chr2	84689463	84689776	LTR/ERVL-MaLR	956	-	156	84689619	75412
chr2	84614207	84814207	harbor2	chr2	84701438	84701857	LTR/ERVL-MaLR	2915	-	210	84701648	87441
chr2	231366305	231566305	harbor2	chr2	231375038	231375235	LTR/ERVL-MaLR	536	-	98	231375136	8831
chr2	231366305	231566305	harbor2	chr2	231386692	231387284	LTR/ERVL-MaLR	2282	-	296	231386988	20683
chr2	231366305	231566305	harbor2	chr2	231422143	231422467	LTR/ERVL-MaLR	2041	-	162	231422305	56000
chr2	160728722	160928722	harbor2	chr2	160731453	160731951	LTR/ERVL-MaLR	1504	-	249	160731702	2980
chr2	160728722	160928722	harbor2	chr2	160735514	160735851	LTR/ERVL-MaLR	910	-	168	160735682	6960
chr2	160728722	160928722	harbor2	chr2	160774416	160774777	LTR/ERVL-MaLR	1730	-	180	160774596	45874
chr2	160728722	160928722	harbor2	chr2	160792857	160793224	LTR/ERVL-MaLR	1585	-	184	160793041	64319
chr2	160728722	160928722	harbor2	chr2	160805807	160806145	LTR/ERVL-MaLR	1971	-	169	160805976	77254
chr2	160728722	160928722	harbor2	chr2	160806146	160807698	LTR/ERVL-MaLR	9115	-	776	160806922	78200
chr2	160728722	160928722	harbor2	chr2	160820732	160821116	LTR/ERVL-MaLR	1219	-	192	160820924	92202
chr2	240839077	241039077	harbor2	chr2	240849133	240849508	LTR/ERVL-MaLR	2366	-	188	240849321	10244
chr2	240839077	241039077	harbor2	chr2	240851909	240852160	LTR/ERVL-MaLR	1312	-	126	240852035	12958
chr2	240839077	241039077	harbor2	chr2	240886004	240886372	LTR/ERVL-MaLR	1795	-	184	240886188	47111
chr2	229992265	230192265	harbor2	chr2	229992652	229992954	LTR/ERVL-MaLR	1479	-	151	229992803	538
chr2	229992265	230192265	harbor2	chr2	229993353	229993557	LTR/ERVL-MaLR	775	-	102	229993455	1190
chr2	229992265	230192265	harbor2	chr2	230069523	230070036	LTR/ERVL-MaLR	2109	-	256	230069779	77514
chr2	229992265	230192265	harbor2	chr2	230076591	230076952	LTR/ERVL-MaLR	2308	-	180	230076771	84506
chr2	229992265	230192265	harbor2	chr2	230087277	230087344	LTR/ERVL-MaLR	1163	-	34	230087311	95046
chr2	229992265	230192265	harbor2	chr2	230087638	230088087	LTR/ERVL-MaLR	1163	-	224	230087862	95597
chr2	229992265	230192265	harbor2	chr2	230088836	230089239	LTR/ERVL-MaLR	1723	-	202	230089038	96773
chr2	210737037	210937037	harbor2	chr2	210758257	210758642	LTR/ERVL-MaLR	1666	-	192	210758449	21412
chr2	210737037	210937037	harbor2	chr2	210758648	210758945	LTR/ERVL-MaLR	1661	-	148	210758796	21759
chr2	210737037	210937037	harbor2	chr2	210762400	210763733	LTR/ERVL-MaLR	7866	-	666	210763066	26029
chr2	210737037	210937037	harbor2	chr2	210776120	210776484	LTR/ERVL-MaLR	706	-	182	210776302	39265
chr2	210737037	210937037	harbor2	chr2	210818471	210818865	LTR/ERVL-MaLR	895	-	197	210818668	81631
chr2	210737037	210937037	harbor2	chr2	210832591	210832990	LTR/ERVL-MaLR	2037	-	200	210832791	95754
chr2	210737037	210937037	harbor2	chr2	210763734	210764143	LTR/ERVL-MaLR	1983	-	204	210763938	26901
chr2	226580562	226780562	harbor2	chr2	226609335	226609799	LTR/ERVL-MaLR	978	-	232	226609567	29005
chr2	226580562	226780562	harbor2	chr2	226616182	226616756	LTR/ERVL-MaLR	2128	-	287	226616469	35907
chr2	226580562	226780562	harbor2	chr2	226624672	226624750	LTR/ERVL-MaLR	2367	-	39	226624711	44149
chr2	226580562	226780562	harbor2	chr2	226625024	226625357	LTR/ERVL-MaLR	2367	-	166	226625190	44628
chr2	226580562	226780562	harbor2	chr2	226625358	226625716	LTR/ERVL-MaLR	2193	-	179	226625537	44975
chr2	226580562	226780562	harbor2	chr2	226625717	226625744	LTR/ERVL-MaLR	2367	-	14	226625731	45169
chr2	226580562	226780562	harbor2	chr2	226629386	226629756	LTR/ERVL-MaLR	1252	-	185	226629571	49009
chr2	226580562	226780562	harbor2	chr2	226635360	226636065	LTR/ERVL-MaLR	775	-	352	226635712	55150
chr2	226580562	226780562	harbor2	chr2	226653037	226653537	LTR/ERVL-MaLR	1794	-	250	226653287	72725
chr2	226580562	226780562	harbor2	chr2	226662912	226663289	LTR/ERVL-MaLR	1574	-	188	226663100	82538
chr2	226580562	226780562	harbor2	chr2	226663540	226663896	LTR/ERVL-MaLR	714	-	178	226663718	83156
chr2	226580562	226780562	harbor2	chr2	226669728	226670321	LTR/ERVL-MaLR	2196	-	296	226670024	89462
chr2	226580562	226780562	harbor2	chr2	226676429	226676843	LTR/ERVL-MaLR	441	-	207	226676636	96074
chr2	239957143	240157143	harbor2	chr2	239962608	239963034	LTR/ERVL-MaLR	1902	-	213	239962821	5678
chr2	239957143	240157143	harbor2	chr2	240040390	240040584	LTR/ERVL-MaLR	836	-	97	240040487	83344
chr2	223784150	223984150	harbor2	chr2	223848911	223849265	LTR/ERVL-MaLR	2344	-	177	223849088	64938
chr2	223784150	223984150	harbor2	chr2	223862981	223863203	LTR/ERVL-MaLR	1355	-	111	223863092	78942
chr2	223784150	223984150	harbor2	chr2	223867983	223868463	LTR/ERVL-MaLR	1139	-	240	223868223	84073
chr2	165142667	165342667	harbor2	chr2	165205888	165206352	LTR/ERVL-MaLR	1305	-	232	165206120	63453
chr2	165142667	165342667	harbor2	chr2	165217179	165217719	LTR/ERVL-MaLR	1244	-	270	165217449	74782
chr2	165142667	165342667	harbor2	chr2	165221124	165221737	LTR/ERVL-MaLR	582	-	306	165221430	78763
chr2	165142667	165342667	harbor2	chr2	165223739	165223888	LTR/ERVL-MaLR	966	-	74	165223813	81146
chr2	165142667	165342667	harbor2	chr2	165223899	165224317	LTR/ERVL-MaLR	2143	-	209	165224108	81441
chr2	165142667	165342667	harbor2	chr2	165230501	165230748	LTR/ERVL-MaLR	562	-	124	165230625	87958
chr2	185544649	185744649	harbor2	chr2	185601811	185602176	LTR/ERVL-MaLR	1951	-	182	185601993	57344
chr2	185544649	185744649	harbor2	chr2	185613278	185613637	LTR/ERVL-MaLR	2173	-	180	185613458	68809
chr2	185544649	185744649	harbor2	chr2	185642192	185642563	LTR/ERVL-MaLR	1382	-	186	185642378	97729
chr2	241398629	241598629	harbor2	chr2	241412176	241412384	LTR/ERVL-MaLR	1340	-	104	241412280	13651
chr2	242054892	242254892	harbor2	chr2	242110811	242110947	LTR/ERVL-MaLR	593	-	68	242110879	55987
chr2	242054892	242254892	harbor2	chr2	242133488	242133977	LTR/ERVL-MaLR	1857	-	244	242133732	78840
chr2	242054892	242254892	harbor2	chr2	242137487	242137896	LTR/ERVL-MaLR	1135	-	204	242137691	82799
chr2	242054892	242254892	harbor2	chr2	242143815	242144114	LTR/ERVL-MaLR	1083	-	150	242143965	89073
chr2	242054892	242254892	harbor2	chr2	242147381	242147399	LTR/ERVL-MaLR	2167	-	9	242147390	92498
chr2	242054892	242254892	harbor2	chr2	242147434	242147683	LTR/ERVL-MaLR	2167	-	124	242147558	92666
chr2	242054892	242254892	harbor2	chr2	242147978	242148126	LTR/ERVL-MaLR	2167	-	74	242148052	93160
chr2	242054892	242254892	harbor2	chr2	242153650	242153779	LTR/ERVL-MaLR	636	-	64	242153714	98822
chr2	232235480	232435480	harbor2	chr2	232236405	232236629	LTR/ERVL-MaLR	496	-	112	232236517	1037
chr2	232235480	232435480	harbor2	chr2	232247279	232247609	LTR/ERVL-MaLR	1109	-	165	232247444	11964
chr2	232235480	232435480	harbor2	chr2	232294111	232294315	LTR/ERVL-MaLR	469	-	102	232294213	58733
chr2	232235480	232435480	harbor2	chr2	232313691	232314054	LTR/ERVL-MaLR	2419	-	182	232313873	78393
chr2	105815027	106015027	harbor2	chr2	105826033	105826399	LTR/ERVL-MaLR	1988	-	183	105826216	11189
chr2	105140289	105340289	harbor2	chr2	105146225	105146579	LTR/ERVL-MaLR	1622	-	177	105146402	6113
chr2	105140289	105340289	harbor2	chr2	105171188	105171538	LTR/ERVL-MaLR	2760	-	175	105171363	31074
chr2	105140289	105340289	harbor2	chr2	105171540	105171845	LTR/ERVL-MaLR	12168	-	152	105171692	31403
chr2	105140289	105340289	harbor2	chr2	105172152	105173430	LTR/ERVL-MaLR	12168	-	639	105172791	32502
chr2	105140289	105340289	harbor2	chr2	105173432	105173785	LTR/ERVL-MaLR	2696	-	176	105173608	33319
chr2	105140289	105340289	harbor2	chr2	105177839	105178165	LTR/ERVL-MaLR	1015	-	163	105178002	37713
chr2	105140289	105340289	harbor2	chr2	105196152	105196524	LTR/ERVL-MaLR	1807	-	186	105196338	56049
chr2	105140289	105340289	harbor2	chr2	105202210	105202389	LTR/ERVL-MaLR	1917	-	90	105202300	62011
chr2	105140289	105340289	harbor2	chr2	105202429	105202619	LTR/ERVL-MaLR	1917	-	95	105202524	62235
chr2	105140289	105340289	harbor2	chr2	105229263	105229626	LTR/ERVL-MaLR	2133	-	182	105229445	89156
chr2	44174058	44374058	harbor2	chr2	44247886	44248328	LTR/ERVL-MaLR	530	-	221	44248107	74049
chr2	44174058	44374058	harbor2	chr2	44255572	44255795	LTR/ERVL-MaLR	2369	-	112	44255684	81626
chr2	44174058	44374058	harbor2	chr2	44256114	44256310	LTR/ERVL-MaLR	2369	-	98	44256212	82154
chr2	51098790	51298790	harbor2	chr2	51145290	51145641	LTR/ERVL-MaLR	1434	-	176	51145466	46676
chr2	157785407	157985407	harbor2	chr2	157853181	157853542	LTR/ERVL-MaLR	1624	-	180	157853361	67954
chr2	228036581	228236581	harbor2	chr2	228051676	228052024	LTR/ERVL-MaLR	1469	-	174	228051850	15269
chr2	228036581	228236581	harbor2	chr2	228052960	228053275	LTR/ERVL-MaLR	940	-	158	228053118	16537
chr2	228036581	228236581	harbor2	chr2	228074298	228074658	LTR/ERVL-MaLR	2039	-	180	228074478	37897
chr2	187778446	187978446	harbor2	chr2	187795929	187796343	LTR/ERVL-MaLR	2269	-	207	187796136	17690
chr2	187778446	187978446	harbor2	chr2	187849512	187849731	LTR/ERVL-MaLR	448	-	110	187849622	71176
chr2	146007713	146207713	harbor2	chr2	146019810	146020181	LTR/ERVL-MaLR	2613	-	186	146019996	12283
chr2	146007713	146207713	harbor2	chr2	146063370	146064930	LTR/ERVL-MaLR	11472	-	780	146064150	56437
chr2	146007713	146207713	harbor2	chr2	146064931	146065297	LTR/ERVL-MaLR	1960	-	183	146065114	57401
chr2	146007713	146207713	harbor2	chr2	146083412	146083921	LTR/ERVL-MaLR	1257	-	254	146083666	75953
chr2	146007713	146207713	harbor2	chr2	146085400	146086581	LTR/ERVL-MaLR	4209	-	590	146085990	78277
chr2	146007713	146207713	harbor2	chr2	146086879	146087105	LTR/ERVL-MaLR	4209	-	113	146086992	79279
chr2	146007713	146207713	harbor2	chr2	146087115	146087679	LTR/ERVL-MaLR	1317	-	282	146087397	79684
chr2	146007713	146207713	harbor2	chr2	146093153	146093520	LTR/ERVL-MaLR	1661	-	184	146093337	85624
chr2	146007713	146207713	harbor2	chr2	146093521	146095153	LTR/ERVL-MaLR	9985	-	816	146094337	86624
chr2	146007713	146207713	harbor2	chr2	146095154	146095509	LTR/ERVL-MaLR	983	-	178	146095332	87619
chr2	146007713	146207713	harbor2	chr2	146063031	146063368	LTR/ERVL-MaLR	1989	-	168	146063199	55486
chr2	222285873	222485873	harbor2	chr2	222342375	222342731	LTR/ERVL-MaLR	2566	-	178	222342553	56680
chr2	222285873	222485873	harbor2	chr2	222354518	222354878	LTR/ERVL-MaLR	1986	-	180	222354698	68825
chr2	222285873	222485873	harbor2	chr2	222354994	222355379	LTR/ERVL-MaLR	2341	-	192	222355186	69313
chr2	222285873	222485873	harbor2	chr2	222364399	222364498	LTR/ERVL-MaLR	472	-	50	222364449	78576
chr2	222285873	222485873	harbor2	chr2	222364514	222364803	LTR/ERVL-MaLR	811	-	144	222364658	78785
chr2	222285873	222485873	harbor2	chr2	222369338	222369759	LTR/ERVL-MaLR	2727	-	210	222369548	83675
chr2	222285873	222485873	harbor2	chr2	222383548	222383913	LTR/ERVL-MaLR	1321	-	182	222383730	97857
chr2	222830527	223030527	harbor2	chr2	222843051	222843319	LTR/ERVL-MaLR	497	-	134	222843185	12658
chr2	222830527	223030527	harbor2	chr2	222856548	222856616	LTR/ERVL-MaLR	501	-	34	222856582	26055
chr2	222830527	223030527	harbor2	chr2	222884334	222884772	LTR/ERVL-MaLR	1193	-	219	222884553	54026
chr2	152681588	152881588	harbor2	chr2	152737471	152737834	LTR/ERVL-MaLR	2459	-	182	152737653	56065
chr2	152681588	152881588	harbor2	chr2	152737835	152738986	LTR/ERVL-MaLR	10309	-	576	152738411	56823
chr2	152681588	152881588	harbor2	chr2	152739285	152739716	LTR/ERVL-MaLR	10309	-	216	152739501	57913
chr2	152681588	152881588	harbor2	chr2	152739717	152740080	LTR/ERVL-MaLR	2501	-	182	152739899	58311
chr2	152681588	152881588	harbor2	chr2	152767964	152768317	LTR/ERVL-MaLR	2416	-	176	152768140	86552
chr2	152681588	152881588	harbor2	chr2	152780257	152780629	LTR/ERVL-MaLR	2273	-	186	152780443	98855
chr2	157980377	158180377	harbor2	chr2	157988043	157988201	LTR/ERVL-MaLR	564	-	79	157988122	7745
chr2	157980377	158180377	harbor2	chr2	157993651	157994049	LTR/ERVL-MaLR	2072	-	199	157993850	13473
chr2	157980377	158180377	harbor2	chr2	157994085	157994516	LTR/ERVL-MaLR	2075	-	216	157994301	13924
chr2	157980377	158180377	harbor2	chr2	158026734	158027080	LTR/ERVL-MaLR	2407	-	173	158026907	46530
chr2	157980377	158180377	harbor2	chr2	158027088	158028655	LTR/ERVL-MaLR	12171	-	784	158027872	47495
chr2	157980377	158180377	harbor2	chr2	158028656	158028953	LTR/ERVL-MaLR	2034	-	148	158028804	48427
chr2	157980377	158180377	harbor2	chr2	158037411	158037877	LTR/ERVL-MaLR	2359	-	233	158037644	57267
chr2	157980377	158180377	harbor2	chr2	158055032	158055447	LTR/ERVL-MaLR	2651	-	208	158055240	74863
chr2	157980377	158180377	harbor2	chr2	158069750	158070017	LTR/ERVL-MaLR	1170	-	134	158069884	89507
chr2	157980377	158180377	harbor2	chr2	157990836	157991219	LTR/ERVL-MaLR	1766	-	192	157991028	10651
chr2	157980377	158180377	harbor2	chr2	158056430	158056884	LTR/ERVL-MaLR	1541	-	227	158056657	76280
chr2	193976037	194176037	harbor2	chr2	193985948	193986429	LTR/ERVL-MaLR	720	-	240	193986188	10151
chr2	193976037	194176037	harbor2	chr2	193986438	193986490	LTR/ERVL-MaLR	1297	-	26	193986464	10427
chr2	193976037	194176037	harbor2	chr2	193986845	193987322	LTR/ERVL-MaLR	1297	-	238	193987083	11046
chr2	193976037	194176037	harbor2	chr2	193987499	193987849	LTR/ERVL-MaLR	874	-	175	193987674	11637
chr2	193976037	194176037	harbor2	chr2	194003494	194003756	LTR/ERVL-MaLR	1688	-	131	194003625	27588
chr2	193976037	194176037	harbor2	chr2	194008372	194008734	LTR/ERVL-MaLR	2071	-	181	194008553	32516
chr2	193976037	194176037	harbor2	chr2	194026089	194026455	LTR/ERVL-MaLR	2054	-	183	194026272	50235
chr2	193976037	194176037	harbor2	chr2	194057990	194058276	LTR/ERVL-MaLR	426	-	143	194058133	82096
chr2	193976037	194176037	harbor2	chr2	194064621	194064997	LTR/ERVL-MaLR	2124	-	188	194064809	88772
chr2	104548284	104748284	harbor2	chr2	104549444	104549521	LTR/ERVL-MaLR	545	-	38	104549482	1198
chr2	104548284	104748284	harbor2	chr2	104549525	104550019	LTR/ERVL-MaLR	1774	-	247	104549772	1488
chr2	104548284	104748284	harbor2	chr2	104550013	104550552	LTR/ERVL-MaLR	2229	-	270	104550283	1999
chr2	104548284	104748284	harbor2	chr2	104550553	104550944	LTR/ERVL-MaLR	1974	-	196	104550749	2465
chr2	104548284	104748284	harbor2	chr2	104578052	104578455	LTR/ERVL-MaLR	1162	-	202	104578254	29970
chr2	104548284	104748284	harbor2	chr2	104612048	104612364	LTR/ERVL-MaLR	1340	-	158	104612206	63922
chr2	104548284	104748284	harbor2	chr2	104614113	104614545	LTR/ERVL-MaLR	613	-	216	104614329	66045
chr2	104548284	104748284	harbor2	chr2	104631463	104631855	LTR/ERVL-MaLR	2085	-	196	104631659	83375
chr2	104548284	104748284	harbor2	chr2	104631856	104632171	LTR/ERVL-MaLR	838	-	158	104632014	83730
chr2	104548284	104748284	harbor2	chr2	104578885	104579262	LTR/ERVL-MaLR	1479	-	188	104579073	30789
chr2	97552791	97752791	harbor2	chr2	97606252	97606696	LTR/ERVL-MaLR	1307	-	222	97606474	53683
chr2	97552791	97752791	harbor2	chr2	97611694	97611873	LTR/ERVL-MaLR	499	-	90	97611784	58993
chr2	97552791	97752791	harbor2	chr2	97614158	97614546	LTR/ERVL-MaLR	898	-	194	97614352	61561
chr2	59195522	59395522	harbor2	chr2	59210089	59210337	LTR/ERVL-MaLR	2034	-	124	59210213	14691
chr2	59195522	59395522	harbor2	chr2	59210629	59210804	LTR/ERVL-MaLR	2034	-	88	59210717	15195
chr2	59195522	59395522	harbor2	chr2	59215642	59215993	LTR/ERVL-MaLR	1982	-	176	59215818	20296
chr2	59195522	59395522	harbor2	chr2	59229580	59229968	LTR/ERVL-MaLR	1762	-	194	59229774	34252
chr2	59195522	59395522	harbor2	chr2	59235522	59235970	LTR/ERVL-MaLR	1704	-	224	59235746	40224
chr2	175156201	175356201	harbor2	chr2	175170563	175170913	LTR/ERVL-MaLR	2591	-	175	175170738	14537
chr2	175156201	175356201	harbor2	chr2	175238177	175238521	LTR/ERVL-MaLR	2006	-	172	175238349	82148
chr2	175156201	175356201	harbor2	chr2	175238522	175240087	LTR/ERVL-MaLR	11662	-	782	175239304	83103
chr2	175156201	175356201	harbor2	chr2	175240088	175240409	LTR/ERVL-MaLR	1917	-	160	175240248	84047
chr2	203944036	204144036	harbor2	chr2	203950085	203950545	LTR/ERVL-MaLR	1808	-	230	203950315	6279
chr2	203944036	204144036	harbor2	chr2	203971280	203971732	LTR/ERVL-MaLR	1516	-	226	203971506	27470
chr2	203944036	204144036	harbor2	chr2	203982187	203982541	LTR/ERVL-MaLR	2131	-	177	203982364	38328
chr2	203944036	204144036	harbor2	chr2	204001909	204002388	LTR/ERVL-MaLR	1909	-	240	204002149	58113
chr2	203944036	204144036	harbor2	chr2	204006701	204007061	LTR/ERVL-MaLR	2194	-	180	204006881	62845
chr2	203944036	204144036	harbor2	chr2	204016892	204017274	LTR/ERVL-MaLR	1879	-	191	204017083	73047
chr2	203944036	204144036	harbor2	chr2	204020109	204020537	LTR/ERVL-MaLR	753	-	214	204020323	76287
chr2	203944036	204144036	harbor2	chr2	204025985	204026418	LTR/ERVL-MaLR	1564	-	216	204026201	82165
chr2	51298428	51498428	harbor2	chr2	51342387	51342885	LTR/ERVL-MaLR	1415	-	249	51342636	44208
chr2	230087964	230287964	harbor2	chr2	230087638	230088087	LTR/ERVL-MaLR	1163	-	224	230087862	102
chr2	230087964	230287964	harbor2	chr2	230088836	230089239	LTR/ERVL-MaLR	1723	-	202	230089038	1074
chr2	230087964	230287964	harbor2	chr2	230124099	230124345	LTR/ERVL-MaLR	530	-	123	230124222	36258
chr2	230087964	230287964	harbor2	chr2	230131370	230131775	LTR/ERVL-MaLR	1757	-	202	230131572	43608
chr2	230087964	230287964	harbor2	chr2	230132892	230133258	LTR/ERVL-MaLR	2209	-	183	230133075	45111
chr2	230087964	230287964	harbor2	chr2	230133259	230133872	LTR/ERVL-MaLR	4597	-	306	230133565	45601
chr2	230087964	230287964	harbor2	chr2	230139178	230139260	LTR/ERVL-MaLR	1267	-	41	230139219	51255
chr2	230087964	230287964	harbor2	chr2	230139568	230139858	LTR/ERVL-MaLR	1267	-	145	230139713	51749
chr2	230087964	230287964	harbor2	chr2	230142226	230142333	LTR/ERVL-MaLR	1267	-	54	230142280	54316
chr2	230087964	230287964	harbor2	chr2	230147979	230148442	LTR/ERVL-MaLR	741	-	232	230148211	60247
chr2	230087964	230287964	harbor2	chr2	230153301	230153925	LTR/ERVL-MaLR	2332	-	312	230153613	65649
chr2	230087964	230287964	harbor2	chr2	230184802	230184868	LTR/ERVL-MaLR	819	-	33	230184835	96871
chr2	230087964	230287964	harbor2	chr2	230185056	230185310	LTR/ERVL-MaLR	819	-	127	230185183	97219
chr2	161814416	162014416	harbor2	chr2	161829699	161830062	LTR/ERVL-MaLR	2198	-	182	161829881	15465
chr2	161814416	162014416	harbor2	chr2	161853171	161853556	LTR/ERVL-MaLR	697	-	192	161853363	38947
chr2	161814416	162014416	harbor2	chr2	161883528	161884011	LTR/ERVL-MaLR	990	-	242	161883770	69354
chr2	161814416	162014416	harbor2	chr2	161892875	161893245	LTR/ERVL-MaLR	726	-	185	161893060	78644
chr2	230019281	230219281	harbor2	chr2	230069523	230070036	LTR/ERVL-MaLR	2109	-	256	230069779	50498
chr2	230019281	230219281	harbor2	chr2	230076591	230076952	LTR/ERVL-MaLR	2308	-	180	230076771	57490
chr2	230019281	230219281	harbor2	chr2	230087277	230087344	LTR/ERVL-MaLR	1163	-	34	230087311	68030
chr2	230019281	230219281	harbor2	chr2	230087638	230088087	LTR/ERVL-MaLR	1163	-	224	230087862	68581
chr2	230019281	230219281	harbor2	chr2	230088836	230089239	LTR/ERVL-MaLR	1723	-	202	230089038	69757
chr2	190193282	190393282	harbor2	chr2	190196849	190197196	LTR/ERVL-MaLR	1410	-	174	190197023	3741
chr2	190193282	190393282	harbor2	chr2	190255877	190256234	LTR/ERVL-MaLR	1969	-	178	190256055	62773
chr2	190193282	190393282	harbor2	chr2	190257605	190257943	LTR/ERVL-MaLR	1049	-	169	190257774	64492
chr2	190193282	190393282	harbor2	chr2	190278949	190279337	LTR/ERVL-MaLR	1805	-	194	190279143	85861
chr2	190193282	190393282	harbor2	chr2	190279338	190279533	LTR/ERVL-MaLR	1151	-	98	190279436	86154
chr2	190193282	190393282	harbor2	chr2	190280124	190280330	LTR/ERVL-MaLR	1151	-	103	190280227	86945
chr2	190193282	190393282	harbor2	chr2	190281111	190282222	LTR/ERVL-MaLR	3492	-	556	190281667	88385
chr2	190193282	190393282	harbor2	chr2	190282225	190282644	LTR/ERVL-MaLR	1250	-	210	190282435	89153
chr2	103518357	103718357	harbor2	chr2	103546590	103546678	LTR/ERVL-MaLR	475	-	44	103546634	28277
chr2	103518357	103718357	harbor2	chr2	103557782	103558137	LTR/ERVL-MaLR	1304	-	178	103557960	39603
chr2	103518357	103718357	harbor2	chr2	103561252	103561472	LTR/ERVL-MaLR	1242	-	110	103561362	43005
chr2	103518357	103718357	harbor2	chr2	103561488	103563104	LTR/ERVL-MaLR	9009	-	808	103562296	43939
chr2	103518357	103718357	harbor2	chr2	103570269	103570580	LTR/ERVL-MaLR	1091	-	156	103570425	52068
chr2	103518357	103718357	harbor2	chr2	103570679	103570773	LTR/ERVL-MaLR	425	-	47	103570726	52369
chr2	103518357	103718357	harbor2	chr2	103601607	103602816	LTR/ERVL-MaLR	1913	-	604	103602211	83854
chr2	103518357	103718357	harbor2	chr2	103563105	103563471	LTR/ERVL-MaLR	2019	-	183	103563288	44931
chr2	202602746	202802746	harbor2	chr2	202664824	202665172	LTR/ERVL-MaLR	1406	-	174	202664998	62252
chr2	202602746	202802746	harbor2	chr2	202665340	202665601	LTR/ERVL-MaLR	721	-	130	202665470	62724
chr2	202602746	202802746	harbor2	chr2	202665889	202665941	LTR/ERVL-MaLR	721	-	26	202665915	63169
chr2	137187473	137387473	harbor2	chr2	137239754	137240123	LTR/ERVL-MaLR	1465	-	184	137239938	52465
chr2	137187473	137387473	harbor2	chr2	137256829	137257211	LTR/ERVL-MaLR	2122	-	191	137257020	69547
chr2	237983261	238183261	harbor2	chr2	238006010	238006410	LTR/ERVL-MaLR	2171	-	200	238006210	22949
chr2	237983261	238183261	harbor2	chr2	238021136	238021308	LTR/ERVL-MaLR	633	-	86	238021222	37961
chr2	237983261	238183261	harbor2	chr2	238066745	238067107	LTR/ERVL-MaLR	2595	-	181	238066926	83665
chr2	206576457	206776457	harbor2	chr2	206626947	206627272	LTR/ERVL-MaLR	557	-	162	206627109	50652
chr2	57652558	57852558	harbor2	chr2	57704055	57704254	LTR/ERVL-MaLR	685	-	100	57704155	51597
chr2	57652558	57852558	harbor2	chr2	57704684	57704990	LTR/ERVL-MaLR	421	-	153	57704837	52279
chr2	57652558	57852558	harbor2	chr2	57717745	57718152	LTR/ERVL-MaLR	2023	-	204	57717949	65391
chr2	57652558	57852558	harbor2	chr2	57728681	57729092	LTR/ERVL-MaLR	966	-	206	57728887	76329
chr2	57652558	57852558	harbor2	chr2	57734487	57734855	LTR/ERVL-MaLR	2047	-	184	57734671	82113
chr2	88717162	88917162	harbor2	chr2	88725292	88725761	LTR/ERVL-MaLR	2178	-	234	88725526	8364
chr2	196066688	196266688	harbor2	chr2	196103692	196104300	LTR/ERVL-MaLR	960	-	304	196103996	37308
chr2	196066688	196266688	harbor2	chr2	196108087	196108442	LTR/ERVL-MaLR	2209	-	178	196108265	41577
chr2	235327843	235527843	harbor2	chr2	235346647	235346993	LTR/ERVL-MaLR	1875	-	173	235346820	18977
chr2	235327843	235527843	harbor2	chr2	235358418	235358885	LTR/ERVL-MaLR	966	-	234	235358652	30809
chr2	235327843	235527843	harbor2	chr2	235376235	235376356	LTR/ERVL-MaLR	691	-	60	235376295	48452
chr2	235327843	235527843	harbor2	chr2	235389747	235390116	LTR/ERVL-MaLR	1203	-	184	235389931	62088
chr2	235327843	235527843	harbor2	chr2	235390118	235390551	LTR/ERVL-MaLR	1614	-	216	235390334	62491
chr2	235327843	235527843	harbor2	chr2	235410938	235411073	LTR/ERVL-MaLR	445	-	68	235411006	83163
chr2	168187282	168387282	harbor2	chr2	168282337	168282708	LTR/ERVL-MaLR	461	-	186	168282523	95241
chr2	213500804	213700804	harbor2	chr2	213506680	213506969	LTR/ERVL-MaLR	445	-	144	213506824	6020
chr2	213500804	213700804	harbor2	chr2	213562442	213562645	LTR/ERVL-MaLR	1081	-	102	213562544	61740
chr2	213500804	213700804	harbor2	chr2	213562800	213563053	LTR/ERVL-MaLR	1277	-	126	213562926	62122
chr2	213500804	213700804	harbor2	chr2	213563357	213563730	LTR/ERVL-MaLR	1488	-	186	213563543	62739
chr2	213500804	213700804	harbor2	chr2	213586201	213586522	LTR/ERVL-MaLR	1342	-	160	213586361	85557
chr2	213500804	213700804	harbor2	chr2	213586524	213587857	LTR/ERVL-MaLR	3677	-	666	213587190	86386
chr2	241415096	241615096	harbor2	chr2	241514391	241514693	LTR/ERVL-MaLR	911	-	151	241514542	99446
chr2	241415096	241615096	harbor2	chr2	241514694	241515053	LTR/ERVL-MaLR	1531	-	180	241514874	99778
chr2	180370491	180570491	harbor2	chr2	180378150	180378235	LTR/ERVL-MaLR	1301	-	42	180378192	7701
chr2	180370491	180570491	harbor2	chr2	180378548	180378896	LTR/ERVL-MaLR	1301	-	174	180378722	8231
chr2	180370491	180570491	harbor2	chr2	180428421	180429432	LTR/ERVL-MaLR	3721	-	506	180428927	58436
chr2	180370491	180570491	harbor2	chr2	180429433	180429805	LTR/ERVL-MaLR	2741	-	186	180429619	59128
chr2	180370491	180570491	harbor2	chr2	180441971	180442306	LTR/ERVL-MaLR	1506	-	168	180442139	71648
chr2	180370491	180570491	harbor2	chr2	180465120	180465490	LTR/ERVL-MaLR	1517	-	185	180465305	94814
chr2	133096679	133296679	harbor2	chr2	133110766	133111159	LTR/ERVL-MaLR	1355	-	196	133110962	14283
chr2	133096679	133296679	harbor2	chr2	133148540	133148905	LTR/ERVL-MaLR	1770	-	182	133148722	52043
chr2	133096679	133296679	harbor2	chr2	133160069	133160409	LTR/ERVL-MaLR	1001	-	170	133160239	63560
chr2	75235873	75435873	harbor2	chr2	75277936	75278303	LTR/ERVL-MaLR	735	-	184	75278120	42247
chr2	75235873	75435873	harbor2	chr2	75289832	75290032	LTR/ERVL-MaLR	550	-	100	75289932	54059
chr2	75235873	75435873	harbor2	chr2	75290797	75291294	LTR/ERVL-MaLR	1209	-	248	75291045	55172
chr2	75235873	75435873	harbor2	chr2	75296724	75297125	LTR/ERVL-MaLR	1980	-	200	75296924	61051
chr2	75235873	75435873	harbor2	chr2	75297434	75297523	LTR/ERVL-MaLR	1980	-	44	75297478	61605
chr2	75235873	75435873	harbor2	chr2	75298324	75298692	LTR/ERVL-MaLR	1475	-	184	75298508	62635
chr2	157121547	157321547	harbor2	chr2	157131608	157132004	LTR/ERVL-MaLR	1644	-	198	157131806	10259
chr2	157121547	157321547	harbor2	chr2	157162321	157162814	LTR/ERVL-MaLR	1254	-	246	157162567	41020
chr2	157121547	157321547	harbor2	chr2	157168493	157168851	LTR/ERVL-MaLR	722	-	179	157168672	47125
chr2	157121547	157321547	harbor2	chr2	157171763	157171992	LTR/ERVL-MaLR	468	-	114	157171877	50330
chr2	157121547	157321547	harbor2	chr2	157200789	157201139	LTR/ERVL-MaLR	1264	-	175	157200964	79417
chr2	157121547	157321547	harbor2	chr2	157218612	157218809	LTR/ERVL-MaLR	931	-	98	157218710	97163
chr2	227430707	227630707	harbor2	chr2	227430997	227431413	LTR/ERVL-MaLR	2496	-	208	227431205	498
chr2	227430707	227630707	harbor2	chr2	227431414	227431562	LTR/ERVL-MaLR	577	-	74	227431488	781
chr2	227430707	227630707	harbor2	chr2	227431537	227432446	LTR/ERVL-MaLR	7952	-	454	227431991	1284
chr2	227430707	227630707	harbor2	chr2	227432697	227433403	LTR/ERVL-MaLR	7952	-	353	227433050	2343
chr2	227430707	227630707	harbor2	chr2	227433404	227433787	LTR/ERVL-MaLR	2255	-	192	227433596	2889
chr2	227430707	227630707	harbor2	chr2	227434099	227434155	LTR/ERVL-MaLR	2255	-	28	227434127	3420
chr2	227430707	227630707	harbor2	chr2	227444220	227444395	LTR/ERVL-MaLR	479	-	88	227444308	13601
chr2	227430707	227630707	harbor2	chr2	227460743	227461170	LTR/ERVL-MaLR	1527	-	214	227460957	30250
chr2	214070347	214270347	harbor2	chr2	214102473	214102650	LTR/ERVL-MaLR	638	-	88	214102561	32214
chr2	214070347	214270347	harbor2	chr2	214103356	214103463	LTR/ERVL-MaLR	638	-	54	214103410	33063
chr2	214070347	214270347	harbor2	chr2	214118400	214118767	LTR/ERVL-MaLR	2348	-	184	214118584	48237
chr2	214070347	214270347	harbor2	chr2	214135884	214136294	LTR/ERVL-MaLR	1822	-	205	214136089	65742
chr2	168000046	168200046	harbor2	chr2	168067848	168068210	LTR/ERVL-MaLR	2364	-	181	168068029	67983
chr2	168000046	168200046	harbor2	chr2	168093241	168093589	LTR/ERVL-MaLR	2379	-	174	168093415	93369
chr2	189621028	189821028	harbor2	chr2	189639748	189640114	LTR/ERVL-MaLR	2169	-	183	189639931	18903
chr2	189621028	189821028	harbor2	chr2	189703893	189704026	LTR/ERVL-MaLR	785	-	66	189703959	82931
chr2	126761804	126961804	harbor2	chr2	126768040	126768396	LTR/ERVL-MaLR	2088	-	178	126768218	6414
chr2	126761804	126961804	harbor2	chr2	126769748	126769975	LTR/ERVL-MaLR	716	-	114	126769862	8058
chr2	126761804	126961804	harbor2	chr2	126772341	126772760	LTR/ERVL-MaLR	2554	-	210	126772551	10747
chr2	126761804	126961804	harbor2	chr2	126807138	126807499	LTR/ERVL-MaLR	1563	-	180	126807318	45514
chr2	126761804	126961804	harbor2	chr2	126817135	126817302	LTR/ERVL-MaLR	584	-	84	126817219	55415
chr2	126761804	126961804	harbor2	chr2	126843044	126843586	LTR/ERVL-MaLR	1646	-	271	126843315	81511
chr2	126761804	126961804	harbor2	chr2	126846798	126847179	LTR/ERVL-MaLR	2074	-	190	126846988	85184
chr2	126761804	126961804	harbor2	chr2	126847950	126848161	LTR/ERVL-MaLR	1285	-	106	126848056	86252
chr2	126761804	126961804	harbor2	chr2	126848480	126848629	LTR/ERVL-MaLR	1285	-	74	126848554	86750
chr2	139749468	139949468	harbor2	chr2	139750327	139750799	LTR/ERVL-MaLR	1302	-	236	139750563	1095
chr2	139749468	139949468	harbor2	chr2	139750950	139751299	LTR/ERVL-MaLR	1557	-	174	139751124	1656
chr2	139749468	139949468	harbor2	chr2	139751905	139752029	LTR/ERVL-MaLR	456	-	62	139751967	2499
chr2	139749468	139949468	harbor2	chr2	139783997	139784368	LTR/ERVL-MaLR	1856	-	186	139784183	34715
chr2	139749468	139949468	harbor2	chr2	139784550	139784938	LTR/ERVL-MaLR	1419	-	194	139784744	35276
chr2	139749468	139949468	harbor2	chr2	139807105	139807449	LTR/ERVL-MaLR	2112	-	172	139807277	57809
chr2	139749468	139949468	harbor2	chr2	139833625	139834052	LTR/ERVL-MaLR	1544	-	214	139833839	84371
chr2	139749468	139949468	harbor2	chr2	139771789	139772226	LTR/ERVL-MaLR	807	-	218	139772007	22539
chr2	231714500	231914500	harbor2	chr2	231720298	231720502	LTR/ERVL-MaLR	806	-	102	231720400	5900
chr2	231714500	231914500	harbor2	chr2	231722292	231722359	LTR/ERVL-MaLR	1737	-	34	231722326	7826
chr2	231714500	231914500	harbor2	chr2	231722670	231723010	LTR/ERVL-MaLR	1605	-	170	231722840	8340
chr2	231714500	231914500	harbor2	chr2	231813215	231813423	LTR/ERVL-MaLR	1898	-	104	231813319	98819
chr2	231714500	231914500	harbor2	chr2	231813709	231813907	LTR/ERVL-MaLR	1898	-	99	231813808	99308
chr2	195308671	195508671	harbor2	chr2	195312655	195313063	LTR/ERVL-MaLR	2250	-	204	195312859	4188
chr2	195308671	195508671	harbor2	chr2	195343865	195343995	LTR/ERVL-MaLR	845	-	65	195343930	35259
chr2	195308671	195508671	harbor2	chr2	195345431	195345809	LTR/ERVL-MaLR	1483	-	189	195345620	36949
chr2	195308671	195508671	harbor2	chr2	195361350	195361884	LTR/ERVL-MaLR	1423	-	267	195361617	52946
chr2	195308671	195508671	harbor2	chr2	195384229	195384620	LTR/ERVL-MaLR	2395	-	196	195384425	75754
chr2	134986039	135186039	harbor2	chr2	135049806	135049883	LTR/ERVL-MaLR	2124	-	38	135049844	63805
chr2	134986039	135186039	harbor2	chr2	135050173	135050485	LTR/ERVL-MaLR	2124	-	156	135050329	64290
chr2	30538778	30738778	harbor2	chr2	30551522	30552066	LTR/ERVL-MaLR	1289	-	272	30551794	13016
chr2	30538778	30738778	harbor2	chr2	30561308	30561609	LTR/ERVL-MaLR	467	-	150	30561458	22680
chr2	30538778	30738778	harbor2	chr2	30585904	30585969	LTR/ERVL-MaLR	1215	-	32	30585936	47158
chr2	30538778	30738778	harbor2	chr2	30586263	30586591	LTR/ERVL-MaLR	1215	-	164	30586427	47649
chr2	30538778	30738778	harbor2	chr2	30620717	30620955	LTR/ERVL-MaLR	803	-	119	30620836	82058
chr2	30538778	30738778	harbor2	chr2	30620982	30621119	LTR/ERVL-MaLR	465	-	68	30621050	82272
chr2	30538778	30738778	harbor2	chr2	30629968	30630350	LTR/ERVL-MaLR	1614	-	191	30630159	91381
chr2	30538778	30738778	harbor2	chr2	30631243	30631391	LTR/ERVL-MaLR	483	-	74	30631317	92539
chr2	232958026	233158026	harbor2	chr2	233000002	233000129	LTR/ERVL-MaLR	1024	-	64	233000066	42040
chr2	232958026	233158026	harbor2	chr2	233000397	233000470	LTR/ERVL-MaLR	1024	-	36	233000433	42407
chr2	232958026	233158026	harbor2	chr2	233000783	233000886	LTR/ERVL-MaLR	1024	-	52	233000835	42809
chr2	232958026	233158026	harbor2	chr2	233014008	233014545	LTR/ERVL-MaLR	1692	-	268	233014276	56250
chr2	232958026	233158026	harbor2	chr2	233018228	233018529	LTR/ERVL-MaLR	2144	-	150	233018378	60352
chr2	232958026	233158026	harbor2	chr2	233018835	233018926	LTR/ERVL-MaLR	2144	-	46	233018881	60855
chr2	232958026	233158026	harbor2	chr2	233027232	233027388	LTR/ERVL-MaLR	1420	-	78	233027310	69284
chr2	232958026	233158026	harbor2	chr2	233027845	233028046	LTR/ERVL-MaLR	1420	-	100	233027945	69919
chr2	232958026	233158026	harbor2	chr2	233036404	233036755	LTR/ERVL-MaLR	1084	-	176	233036580	78554
chr2	232958026	233158026	harbor2	chr2	233037050	233037137	LTR/ERVL-MaLR	1084	-	44	233037094	79068
chr2	224376401	224576401	harbor2	chr2	224406719	224407083	LTR/ERVL-MaLR	2499	-	182	224406901	30500
chr2	224376401	224576401	harbor2	chr2	224457438	224457768	LTR/ERVL-MaLR	1622	-	165	224457603	81202
chr2	224376401	224576401	harbor2	chr2	224464319	224464666	LTR/ERVL-MaLR	1778	-	174	224464493	88092
chr2	234544632	234744632	harbor2	chr2	234555464	234555658	LTR/ERVL-MaLR	574	-	97	234555561	10929
chr2	234544632	234744632	harbor2	chr2	234557629	234557782	LTR/ERVL-MaLR	920	-	76	234557705	13073
chr2	234544632	234744632	harbor2	chr2	234570168	234570429	LTR/ERVL-MaLR	608	-	130	234570298	25666
chr2	234544632	234744632	harbor2	chr2	234573723	234574046	LTR/ERVL-MaLR	2274	-	162	234573885	29253
chr2	234544632	234744632	harbor2	chr2	234577248	234577652	LTR/ERVL-MaLR	2233	-	202	234577450	32818
chr2	234544632	234744632	harbor2	chr2	234582178	234582646	LTR/ERVL-MaLR	1783	-	234	234582412	37780
chr2	234544632	234744632	harbor2	chr2	234588904	234589329	LTR/ERVL-MaLR	2845	-	212	234589116	44484
chr2	80662229	80862229	harbor2	chr2	80684512	80684981	LTR/ERVL-MaLR	1986	-	234	80684746	22517
chr2	80662229	80862229	harbor2	chr2	80698714	80699075	LTR/ERVL-MaLR	1953	-	180	80698894	36665
chr2	80662229	80862229	harbor2	chr2	80713023	80713499	LTR/ERVL-MaLR	1972	-	238	80713261	51032
chr2	80662229	80862229	harbor2	chr2	80731708	80731884	LTR/ERVL-MaLR	1241	-	88	80731796	69567
chr2	80662229	80862229	harbor2	chr2	80731885	80732229	LTR/ERVL-MaLR	1872	-	172	80732057	69828
chr2	240955978	241155978	harbor2	chr2	241029210	241029569	LTR/ERVL-MaLR	1943	-	180	241029390	73412
chr2	206379093	206579093	harbor2	chr2	206404598	206404872	LTR/ERVL-MaLR	569	-	137	206404735	25642
chr2	206379093	206579093	harbor2	chr2	206417467	206417707	LTR/ERVL-MaLR	773	-	120	206417587	38494
chr2	206379093	206579093	harbor2	chr2	206418125	206418393	LTR/ERVL-MaLR	773	-	134	206418259	39166
chr2	206379093	206579093	harbor2	chr2	206418413	206418969	LTR/ERVL-MaLR	1740	-	278	206418691	39598
chr2	206379093	206579093	harbor2	chr2	206420322	206420922	LTR/ERVL-MaLR	1216	-	300	206420622	41529
chr2	206379093	206579093	harbor2	chr2	206421246	206421517	LTR/ERVL-MaLR	1069	-	136	206421382	42289
chr2	206379093	206579093	harbor2	chr2	206421522	206421790	LTR/ERVL-MaLR	492	-	134	206421656	42563
chr2	206379093	206579093	harbor2	chr2	206422084	206422316	LTR/ERVL-MaLR	492	-	116	206422200	43107
chr2	206379093	206579093	harbor2	chr2	206423073	206423483	LTR/ERVL-MaLR	1243	-	205	206423278	44185
chr2	206379093	206579093	harbor2	chr2	206454097	206454471	LTR/ERVL-MaLR	2111	-	187	206454284	75191
chr2	206379093	206579093	harbor2	chr2	206456056	206456437	LTR/ERVL-MaLR	2288	-	190	206456246	77153
chr2	206379093	206579093	harbor2	chr2	206456452	206456570	LTR/ERVL-MaLR	629	-	59	206456511	77418
chr2	206379093	206579093	harbor2	chr2	206466671	206467142	LTR/ERVL-MaLR	1898	-	236	206466907	87814
chr2	206379093	206579093	harbor2	chr2	206467146	206468741	LTR/ERVL-MaLR	10132	-	798	206467944	88851
chr2	206379093	206579093	harbor2	chr2	206468742	206469157	LTR/ERVL-MaLR	2510	-	208	206468950	89857
chr2	206379093	206579093	harbor2	chr2	206454472	206456055	LTR/ERVL-MaLR	11392	-	792	206455264	76171
chr2	180930014	181130014	harbor2	chr2	180947004	180947381	LTR/ERVL-MaLR	1407	-	188	180947192	17178
chr2	180930014	181130014	harbor2	chr2	180951282	180951746	LTR/ERVL-MaLR	687	-	232	180951514	21500
chr2	180930014	181130014	harbor2	chr2	180962459	180962567	LTR/ERVL-MaLR	1245	-	54	180962513	32499
chr2	180930014	181130014	harbor2	chr2	180962614	180962814	LTR/ERVL-MaLR	1245	-	100	180962714	32700
chr2	180930014	181130014	harbor2	chr2	180966555	180966845	LTR/ERVL-MaLR	1046	-	145	180966700	36686
chr2	180930014	181130014	harbor2	chr2	181005046	181005275	LTR/ERVL-MaLR	574	-	114	181005160	75146
chr2	180930014	181130014	harbor2	chr2	181011144	181011521	LTR/ERVL-MaLR	706	-	188	181011332	81318
chr2	180930014	181130014	harbor2	chr2	181013211	181013595	LTR/ERVL-MaLR	1824	-	192	181013403	83389
chr2	180930014	181130014	harbor2	chr2	181013714	181013926	LTR/ERVL-MaLR	724	-	106	181013820	83806
chr2	180930014	181130014	harbor2	chr2	181020094	181020508	LTR/ERVL-MaLR	1454	-	207	181020301	90287
chr2	180930014	181130014	harbor2	chr2	180961001	180961537	LTR/ERVL-MaLR	1873	-	268	180961269	31255
chr2	238977811	239177811	harbor2	chr2	238979634	238980207	LTR/ERVL-MaLR	1246	-	286	238979920	2109
chr2	238977811	239177811	harbor2	chr2	239000164	239000520	LTR/ERVL-MaLR	2037	-	178	239000342	22531
chr2	238977811	239177811	harbor2	chr2	239006652	239007096	LTR/ERVL-MaLR	1146	-	222	239006874	29063
chr2	238977811	239177811	harbor2	chr2	239023991	239024357	LTR/ERVL-MaLR	2262	-	183	239024174	46363
chr2	239663856	239863856	harbor2	chr2	239712495	239712765	LTR/ERVL-MaLR	703	-	135	239712630	48774
chr2	239663856	239863856	harbor2	chr2	239734158	239734522	LTR/ERVL-MaLR	2658	-	182	239734340	70484
chr2	239663856	239863856	harbor2	chr2	239760628	239761114	LTR/ERVL-MaLR	991	-	243	239760871	97015
chr2	241792644	241992644	harbor2	chr2	241798276	241798652	LTR/ERVL-MaLR	1135	-	188	241798464	5820
chr2	241792644	241992644	harbor2	chr2	241818819	241819144	LTR/ERVL-MaLR	1083	-	162	241818981	26337
chr2	241792644	241992644	harbor2	chr2	241887729	241888218	LTR/ERVL-MaLR	606	-	244	241887973	95329
chr2	124783512	124983512	harbor2	chr2	124805652	124806049	LTR/ERVL-MaLR	1303	-	198	124805850	22338
chr2	124783512	124983512	harbor2	chr2	124810141	124810617	LTR/ERVL-MaLR	882	-	238	124810379	26867
chr2	124783512	124983512	harbor2	chr2	124816126	124816473	LTR/ERVL-MaLR	1089	-	174	124816300	32788
chr2	124783512	124983512	harbor2	chr2	124816777	124816807	LTR/ERVL-MaLR	1089	-	15	124816792	33280
chr2	124783512	124983512	harbor2	chr2	124872996	124873412	LTR/ERVL-MaLR	2584	-	208	124873204	89692
chr2	124783512	124983512	harbor2	chr2	124882705	124883051	LTR/ERVL-MaLR	1837	-	173	124882878	99366
chr2	142012740	142212740	harbor2	chr2	142065699	142066092	LTR/ERVL-MaLR	793	-	196	142065895	53155
chr2	142012740	142212740	harbor2	chr2	142066086	142066820	LTR/ERVL-MaLR	2208	-	367	142066453	53713
chr2	142012740	142212740	harbor2	chr2	142066822	142067328	LTR/ERVL-MaLR	1909	-	253	142067075	54335
chr2	142012740	142212740	harbor2	chr2	142093893	142094247	LTR/ERVL-MaLR	1673	-	177	142094070	81330
chr2	142012740	142212740	harbor2	chr2	142065163	142065695	LTR/ERVL-MaLR	1496	-	266	142065429	52689
chr2	229326559	229526559	harbor2	chr2	229404205	229404570	LTR/ERVL-MaLR	2319	-	182	229404387	77828
chr2	229326559	229526559	harbor2	chr2	229424408	229424766	LTR/ERVL-MaLR	1589	-	179	229424587	98028
chr2	128375405	128575405	harbor2	chr2	128376738	128377102	LTR/ERVL-MaLR	1304	-	182	128376920	1515
chr2	128375405	128575405	harbor2	chr2	128386391	128386731	LTR/ERVL-MaLR	2233	-	170	128386561	11156
chr2	128375405	128575405	harbor2	chr2	128387019	128387147	LTR/ERVL-MaLR	2233	-	64	128387083	11678
chr2	128375405	128575405	harbor2	chr2	128389034	128389392	LTR/ERVL-MaLR	1574	-	179	128389213	13808
chr2	128375405	128575405	harbor2	chr2	128414325	128414763	LTR/ERVL-MaLR	1155	-	219	128414544	39139
chr2	128375405	128575405	harbor2	chr2	128422931	128423379	LTR/ERVL-MaLR	1404	-	224	128423155	47750
chr2	128375405	128575405	harbor2	chr2	128423673	128423852	LTR/ERVL-MaLR	1404	-	90	128423763	48358
chr2	128375405	128575405	harbor2	chr2	128462992	128463181	LTR/ERVL-MaLR	776	-	94	128463086	87681
chr2	47234697	47434697	harbor2	chr2	47246797	47247019	LTR/ERVL-MaLR	438	-	111	47246908	12211
chr2	47234697	47434697	harbor2	chr2	47282294	47282594	LTR/ERVL-MaLR	832	-	150	47282444	47747
chr2	47234697	47434697	harbor2	chr2	47283057	47283217	LTR/ERVL-MaLR	832	-	80	47283137	48440
chr2	47234697	47434697	harbor2	chr2	47286248	47286448	LTR/ERVL-MaLR	1567	-	100	47286348	51651
chr2	47234697	47434697	harbor2	chr2	47286780	47286940	LTR/ERVL-MaLR	1567	-	80	47286860	52163
chr2	47234697	47434697	harbor2	chr2	47287243	47287400	LTR/ERVL-MaLR	723	-	78	47287321	52624
chr2	47234697	47434697	harbor2	chr2	47316085	47316541	LTR/ERVL-MaLR	1494	-	228	47316313	81616
chr2	154370036	154570036	harbor2	chr2	154380670	154381182	LTR/ERVL-MaLR	1543	-	256	154380926	10890
chr2	154370036	154570036	harbor2	chr2	154391077	154391309	LTR/ERVL-MaLR	431	-	116	154391193	21157
chr2	154370036	154570036	harbor2	chr2	154399284	154399729	LTR/ERVL-MaLR	1487	-	222	154399506	29470
chr2	154370036	154570036	harbor2	chr2	154416164	154416520	LTR/ERVL-MaLR	1604	-	178	154416342	46306
chr2	154370036	154570036	harbor2	chr2	154425947	154426337	LTR/ERVL-MaLR	1745	-	195	154426142	56106
chr2	154370036	154570036	harbor2	chr2	154426364	154426490	LTR/ERVL-MaLR	498	-	63	154426427	56391
chr2	154370036	154570036	harbor2	chr2	154432449	154432891	LTR/ERVL-MaLR	1577	-	221	154432670	62634
chr2	154370036	154570036	harbor2	chr2	154464585	154465045	LTR/ERVL-MaLR	1426	-	230	154464815	94779
chr2	154370036	154570036	harbor2	chr2	154369708	154370158	LTR/ERVL-MaLR	778	-	225	154369933	103
chr2	178129470	178329470	harbor2	chr2	178147738	178148025	LTR/ERVL-MaLR	815	-	144	178147882	18412
chr2	178129470	178329470	harbor2	chr2	178149534	178149649	LTR/ERVL-MaLR	519	-	58	178149592	20122
chr2	178129470	178329470	harbor2	chr2	178153622	178153978	LTR/ERVL-MaLR	1936	-	178	178153800	24330
chr2	178129470	178329470	harbor2	chr2	178153979	178155562	LTR/ERVL-MaLR	11997	-	792	178154771	25301
chr2	178129470	178329470	harbor2	chr2	178155565	178155916	LTR/ERVL-MaLR	2079	-	176	178155741	26271
chr2	178129470	178329470	harbor2	chr2	178158220	178158606	LTR/ERVL-MaLR	1471	-	193	178158413	28943
chr2	178129470	178329470	harbor2	chr2	178164333	178164401	LTR/ERVL-MaLR	955	-	34	178164367	34897
chr2	178129470	178329470	harbor2	chr2	178164402	178164825	LTR/ERVL-MaLR	2496	-	212	178164614	35144
chr2	178129470	178329470	harbor2	chr2	178164826	178164978	LTR/ERVL-MaLR	955	-	76	178164902	35432
chr2	178129470	178329470	harbor2	chr2	178207155	178207533	LTR/ERVL-MaLR	663	-	189	178207344	77874
chr2	178129470	178329470	harbor2	chr2	178225567	178225926	LTR/ERVL-MaLR	2208	-	180	178225747	96277
chr2	178129470	178329470	harbor2	chr2	178228913	178229279	LTR/ERVL-MaLR	1361	-	183	178229096	99626
chr2	223873712	224073712	harbor2	chr2	223939448	223939808	LTR/ERVL-MaLR	2123	-	180	223939628	65916
chr2	223873712	224073712	harbor2	chr2	223954343	223954877	LTR/ERVL-MaLR	2165	-	267	223954610	80898
chr2	227299710	227499710	harbor2	chr2	227339255	227339802	LTR/ERVL-MaLR	1732	-	274	227339529	39819
chr2	227299710	227499710	harbor2	chr2	227380425	227380639	LTR/ERVL-MaLR	523	-	107	227380532	80822
chr2	227299710	227499710	harbor2	chr2	227395174	227395543	LTR/ERVL-MaLR	2261	-	184	227395358	95648
chr2	127310590	127510590	harbor2	chr2	127382879	127383274	LTR/ERVL-MaLR	2363	-	198	127383077	72487
chr2	127310590	127510590	harbor2	chr2	127389924	127390351	LTR/ERVL-MaLR	1783	-	214	127390138	79548
chr2	127310590	127510590	harbor2	chr2	127390659	127390845	LTR/ERVL-MaLR	1783	-	93	127390752	80162
chr2	127310590	127510590	harbor2	chr2	127392856	127393231	LTR/ERVL-MaLR	1786	-	188	127393044	82454
chr2	127310590	127510590	harbor2	chr2	127404878	127405319	LTR/ERVL-MaLR	581	-	220	127405098	94508
chr2	169791976	169991976	harbor2	chr2	169793688	169794054	LTR/ERVL-MaLR	802	-	183	169793871	1895
chr2	169791976	169991976	harbor2	chr2	169794091	169794461	LTR/ERVL-MaLR	1457	-	185	169794276	2300
chr2	169791976	169991976	harbor2	chr2	169797596	169797946	LTR/ERVL-MaLR	1794	-	175	169797771	5795
chr2	169791976	169991976	harbor2	chr2	169837156	169837197	LTR/ERVL-MaLR	2187	-	20	169837176	45200
chr2	169791976	169991976	harbor2	chr2	169837497	169837823	LTR/ERVL-MaLR	2187	-	163	169837660	45684
chr2	169791976	169991976	harbor2	chr2	169838288	169838387	LTR/ERVL-MaLR	764	-	50	169838338	46362
chr2	169791976	169991976	harbor2	chr2	169838449	169838645	LTR/ERVL-MaLR	764	-	98	169838547	46571
chr2	169791976	169991976	harbor2	chr2	169838658	169838902	LTR/ERVL-MaLR	6104	-	122	169838780	46804
chr2	169791976	169991976	harbor2	chr2	169839668	169839867	LTR/ERVL-MaLR	6104	-	100	169839768	47792
chr2	169791976	169991976	harbor2	chr2	169840413	169841348	LTR/ERVL-MaLR	6104	-	468	169840881	48905
chr2	169791976	169991976	harbor2	chr2	169842855	169843177	LTR/ERVL-MaLR	6104	-	161	169843016	51040
chr2	169791976	169991976	harbor2	chr2	169843178	169843572	LTR/ERVL-MaLR	1431	-	197	169843375	51399
chr2	169791976	169991976	harbor2	chr2	169858024	169858307	LTR/ERVL-MaLR	1202	-	142	169858166	66190
chr2	169791976	169991976	harbor2	chr2	169883033	169883560	LTR/ERVL-MaLR	1034	-	264	169883297	91321
chr2	44089780	44289780	harbor2	chr2	44092406	44092668	LTR/ERVL-MaLR	805	-	131	44092537	2757
chr2	44089780	44289780	harbor2	chr2	44139921	44140169	LTR/ERVL-MaLR	1181	-	124	44140045	50265
chr2	44089780	44289780	harbor2	chr2	44141263	44141456	LTR/ERVL-MaLR	613	-	96	44141359	51579
chr2	44089780	44289780	harbor2	chr2	44141586	44141755	LTR/ERVL-MaLR	613	-	84	44141670	51890
chr2	44089780	44289780	harbor2	chr2	44156092	44156606	LTR/ERVL-MaLR	987	-	257	44156349	66569
chr2	44089780	44289780	harbor2	chr2	44160780	44160832	LTR/ERVL-MaLR	1087	-	26	44160806	71026
chr2	44089780	44289780	harbor2	chr2	44161120	44161358	LTR/ERVL-MaLR	1087	-	119	44161239	71459
chr2	44089780	44289780	harbor2	chr2	44161681	44161914	LTR/ERVL-MaLR	713	-	116	44161797	72017
chr2	206423268	206623268	harbor2	chr2	206423073	206423483	LTR/ERVL-MaLR	1243	-	205	206423278	10
chr2	206423268	206623268	harbor2	chr2	206454097	206454471	LTR/ERVL-MaLR	2111	-	187	206454284	31016
chr2	206423268	206623268	harbor2	chr2	206456056	206456437	LTR/ERVL-MaLR	2288	-	190	206456246	32978
chr2	206423268	206623268	harbor2	chr2	206456452	206456570	LTR/ERVL-MaLR	629	-	59	206456511	33243
chr2	206423268	206623268	harbor2	chr2	206466671	206467142	LTR/ERVL-MaLR	1898	-	236	206466907	43639
chr2	206423268	206623268	harbor2	chr2	206467146	206468741	LTR/ERVL-MaLR	10132	-	798	206467944	44676
chr2	206423268	206623268	harbor2	chr2	206468742	206469157	LTR/ERVL-MaLR	2510	-	208	206468950	45682
chr2	206423268	206623268	harbor2	chr2	206492457	206492690	LTR/ERVL-MaLR	1317	-	116	206492573	69305
chr2	206423268	206623268	harbor2	chr2	206492734	206492847	LTR/ERVL-MaLR	1317	-	56	206492790	69522
chr2	206423268	206623268	harbor2	chr2	206505377	206505757	LTR/ERVL-MaLR	2107	-	190	206505567	82299
chr2	206423268	206623268	harbor2	chr2	206516386	206516743	LTR/ERVL-MaLR	1717	-	178	206516564	93296
chr2	206423268	206623268	harbor2	chr2	206454472	206456055	LTR/ERVL-MaLR	11392	-	792	206455264	31996
chr2	153479060	153679060	harbor2	chr2	153493862	153493982	LTR/ERVL-MaLR	589	-	60	153493922	14862
chr2	153479060	153679060	harbor2	chr2	153531140	153531537	LTR/ERVL-MaLR	2258	-	198	153531338	52278
chr2	153479060	153679060	harbor2	chr2	153531543	153532886	LTR/ERVL-MaLR	7029	-	672	153532215	53155
chr2	153479060	153679060	harbor2	chr2	153545070	153545530	LTR/ERVL-MaLR	552	-	230	153545300	66240
chr2	160773273	160973273	harbor2	chr2	160774416	160774777	LTR/ERVL-MaLR	1730	-	180	160774596	1323
chr2	160773273	160973273	harbor2	chr2	160792857	160793224	LTR/ERVL-MaLR	1585	-	184	160793041	19768
chr2	160773273	160973273	harbor2	chr2	160805807	160806145	LTR/ERVL-MaLR	1971	-	169	160805976	32703
chr2	160773273	160973273	harbor2	chr2	160806146	160807698	LTR/ERVL-MaLR	9115	-	776	160806922	33649
chr2	160773273	160973273	harbor2	chr2	160820732	160821116	LTR/ERVL-MaLR	1219	-	192	160820924	47651
chr2	225368080	225568080	harbor2	chr2	225379017	225379558	LTR/ERVL-MaLR	1130	-	270	225379287	11207
chr2	225368080	225568080	harbor2	chr2	225432677	225433068	LTR/ERVL-MaLR	654	-	196	225432873	64793
chr2	225368080	225568080	harbor2	chr2	225436221	225436668	LTR/ERVL-MaLR	2506	-	224	225436445	68365
chr2	225368080	225568080	harbor2	chr2	225439857	225440168	LTR/ERVL-MaLR	1780	-	156	225440013	71933
chr2	225368080	225568080	harbor2	chr2	225441449	225441804	LTR/ERVL-MaLR	1968	-	178	225441627	73547
chr2	225368080	225568080	harbor2	chr2	225442488	225442583	LTR/ERVL-MaLR	2232	-	48	225442536	74456
chr2	225368080	225568080	harbor2	chr2	225442877	225443181	LTR/ERVL-MaLR	2232	-	152	225443029	74949
chr2	234594479	234794479	harbor2	chr2	234658570	234658933	LTR/ERVL-MaLR	1862	-	182	234658752	64273
chr2	168486188	168686188	harbor2	chr2	168527459	168527730	LTR/ERVL-MaLR	1781	-	136	168527595	41407
chr2	168486188	168686188	harbor2	chr2	168528022	168528175	LTR/ERVL-MaLR	1781	-	76	168528098	41910
chr2	168486188	168686188	harbor2	chr2	168540298	168540423	LTR/ERVL-MaLR	859	-	62	168540360	54172
chr2	168486188	168686188	harbor2	chr2	168540896	168541308	LTR/ERVL-MaLR	2132	-	206	168541102	54914
chr2	168486188	168686188	harbor2	chr2	168559311	168559693	LTR/ERVL-MaLR	1262	-	191	168559502	73314
chr2	168486188	168686188	harbor2	chr2	168559995	168560326	LTR/ERVL-MaLR	1880	-	166	168560161	73973
chr2	168486188	168686188	harbor2	chr2	168569048	168569376	LTR/ERVL-MaLR	1218	-	164	168569212	83024
chr2	168486188	168686188	harbor2	chr2	168575235	168575595	LTR/ERVL-MaLR	1709	-	180	168575415	89227
chr2	42626650	42826650	harbor2	chr2	42634298	42634643	LTR/ERVL-MaLR	1988	-	172	42634470	7820
chr2	42626650	42826650	harbor2	chr2	42674000	42674303	LTR/ERVL-MaLR	476	-	152	42674152	47502
chr2	239854614	240054614	harbor2	chr2	239854654	239855005	LTR/ERVL-MaLR	2232	-	176	239854830	216
chr2	239854614	240054614	harbor2	chr2	239855785	239855891	LTR/ERVL-MaLR	2232	-	53	239855838	1224
chr2	239854614	240054614	harbor2	chr2	239878654	239878987	LTR/ERVL-MaLR	1566	-	166	239878820	24206
chr2	239854614	240054614	harbor2	chr2	239879731	239880044	LTR/ERVL-MaLR	1566	-	156	239879887	25273
chr2	239854614	240054614	harbor2	chr2	239893403	239893764	LTR/ERVL-MaLR	1730	-	180	239893583	38969
chr2	239854614	240054614	harbor2	chr2	239904789	239905115	LTR/ERVL-MaLR	596	-	163	239904952	50338
chr2	239854614	240054614	harbor2	chr2	239916568	239916883	LTR/ERVL-MaLR	755	-	158	239916726	62112
chr2	239854614	240054614	harbor2	chr2	239926775	239927135	LTR/ERVL-MaLR	2708	-	180	239926955	72341
chr2	102468938	102668938	harbor2	chr2	102490242	102490648	LTR/ERVL-MaLR	1864	-	203	102490445	21507
chr2	102468938	102668938	harbor2	chr2	102490766	102490970	LTR/ERVL-MaLR	665	-	102	102490868	21930
chr2	102468938	102668938	harbor2	chr2	102491354	102491694	LTR/ERVL-MaLR	2511	-	170	102491524	22586
chr2	102468938	102668938	harbor2	chr2	102491697	102493301	LTR/ERVL-MaLR	10924	-	802	102492499	23561
chr2	102468938	102668938	harbor2	chr2	102493302	102493665	LTR/ERVL-MaLR	2626	-	182	102493484	24546
chr2	102468938	102668938	harbor2	chr2	102509052	102509518	LTR/ERVL-MaLR	1630	-	233	102509285	40347
chr2	102468938	102668938	harbor2	chr2	102509519	102510138	LTR/ERVL-MaLR	1382	-	310	102509829	40891
chr2	102468938	102668938	harbor2	chr2	102562535	102562911	LTR/ERVL-MaLR	2607	-	188	102562723	93785
chr2	124335582	124535582	harbor2	chr2	124343745	124344187	LTR/ERVL-MaLR	2015	-	221	124343966	8384
chr2	124335582	124535582	harbor2	chr2	124344194	124344487	LTR/ERVL-MaLR	1987	-	146	124344340	8758
chr2	124335582	124535582	harbor2	chr2	124344778	124344938	LTR/ERVL-MaLR	1987	-	80	124344858	9276
chr2	124335582	124535582	harbor2	chr2	124367233	124367575	LTR/ERVL-MaLR	2351	-	171	124367404	31822
chr2	124335582	124535582	harbor2	chr2	124397217	124397549	LTR/ERVL-MaLR	1281	-	166	124397383	61801
chr2	124335582	124535582	harbor2	chr2	124403718	124404080	LTR/ERVL-MaLR	2569	-	181	124403899	68317
chr2	231248904	231448904	harbor2	chr2	231263264	231263625	LTR/ERVL-MaLR	1442	-	180	231263444	14540
chr2	231248904	231448904	harbor2	chr2	231283373	231283430	LTR/ERVL-MaLR	520	-	28	231283401	34497
chr2	231248904	231448904	harbor2	chr2	231284022	231284038	LTR/ERVL-MaLR	520	-	8	231284030	35126
chr2	231248904	231448904	harbor2	chr2	231284381	231284799	LTR/ERVL-MaLR	1136	-	209	231284590	35686
chr2	231248904	231448904	harbor2	chr2	231287211	231287416	LTR/ERVL-MaLR	567	-	102	231287313	38409
chr2	231248904	231448904	harbor2	chr2	231290362	231290566	LTR/ERVL-MaLR	601	-	102	231290464	41560
chr2	231248904	231448904	harbor2	chr2	231312035	231312473	LTR/ERVL-MaLR	994	-	219	231312254	63350
chr2	231248904	231448904	harbor2	chr2	231334204	231334606	LTR/ERVL-MaLR	878	-	201	231334405	85501
chr3	33635352	33835352	harbor2	chr3	33726529	33727010	LTR/ERVL-MaLR	1944	-	240	33726769	91417
chr3	33635352	33835352	harbor2	chr3	33732417	33732837	LTR/ERVL-MaLR	2904	-	210	33732627	97275
chr3	180017578	180217578	harbor2	chr3	180077475	180077662	LTR/ERVL-MaLR	2047	-	94	180077569	59991
chr3	180017578	180217578	harbor2	chr3	180077708	180077896	LTR/ERVL-MaLR	2047	-	94	180077802	60224
chr3	180017578	180217578	harbor2	chr3	180077897	180079482	LTR/ERVL-MaLR	10958	-	792	180078689	61111
chr3	180017578	180217578	harbor2	chr3	180079483	180079858	LTR/ERVL-MaLR	1868	-	188	180079671	62093
chr3	180017578	180217578	harbor2	chr3	180081511	180081911	LTR/ERVL-MaLR	1764	-	200	180081711	64133
chr3	180017578	180217578	harbor2	chr3	180098930	180099297	LTR/ERVL-MaLR	1519	-	184	180099114	81536
chr3	180017578	180217578	harbor2	chr3	180060088	180060395	LTR/ERVL-MaLR	1152	-	154	180060242	42664
chr3	156896875	157096875	harbor2	chr3	156956022	156956238	LTR/ERVL-MaLR	438	-	108	156956130	59255
chr3	156896875	157096875	harbor2	chr3	156982179	156982552	LTR/ERVL-MaLR	738	-	186	156982365	85490
chr3	196354449	196554449	harbor2	chr3	196367770	196367928	LTR/ERVL-MaLR	402	-	79	196367849	13400
chr3	196354449	196554449	harbor2	chr3	196440783	196441172	LTR/ERVL-MaLR	582	-	194	196440977	86528
chr3	123706681	123906681	harbor2	chr3	123747984	123748397	LTR/ERVL-MaLR	2736	-	206	123748190	41509
chr3	5573316	5773316	harbor2	chr3	5579925	5580472	LTR/ERVL-MaLR	504	-	274	5580199	6883
chr3	5573316	5773316	harbor2	chr3	5597084	5597263	LTR/ERVL-MaLR	873	-	90	5597174	23858
chr3	5573316	5773316	harbor2	chr3	5609038	5609390	LTR/ERVL-MaLR	2473	-	176	5609214	35898
chr3	5573316	5773316	harbor2	chr3	5621082	5621435	LTR/ERVL-MaLR	1694	-	176	5621258	47942
chr3	5573316	5773316	harbor2	chr3	5637072	5637466	LTR/ERVL-MaLR	1785	-	197	5637269	63953
chr3	5573316	5773316	harbor2	chr3	5658149	5658572	LTR/ERVL-MaLR	1823	-	212	5658361	85045
chr3	5573316	5773316	harbor2	chr3	5661852	5662096	LTR/ERVL-MaLR	2120	-	122	5661974	88658
chr3	5573316	5773316	harbor2	chr3	5662413	5662595	LTR/ERVL-MaLR	2120	-	91	5662504	89188
chr3	5573316	5773316	harbor2	chr3	5664360	5664752	LTR/ERVL-MaLR	1873	-	196	5664556	91240
chr3	5573316	5773316	harbor2	chr3	5666254	5666629	LTR/ERVL-MaLR	1574	-	188	5666442	93126
chr3	194522490	194722490	harbor2	chr3	194545166	194545376	LTR/ERVL-MaLR	1767	-	105	194545271	22781
chr3	194522490	194722490	harbor2	chr3	194545685	194545836	LTR/ERVL-MaLR	1767	-	76	194545761	23271
chr3	194522490	194722490	harbor2	chr3	194605377	194605723	LTR/ERVL-MaLR	2288	-	173	194605550	83060
chr3	171469667	171669667	harbor2	chr3	171500902	171500982	LTR/ERVL-MaLR	2105	-	40	171500942	31275
chr3	171469667	171669667	harbor2	chr3	171501283	171501670	LTR/ERVL-MaLR	2105	-	194	171501477	31810
chr3	171469667	171669667	harbor2	chr3	171504514	171504904	LTR/ERVL-MaLR	1186	-	195	171504709	35042
chr3	171469667	171669667	harbor2	chr3	171536976	171537369	LTR/ERVL-MaLR	1876	-	196	171537172	67505
chr3	171469667	171669667	harbor2	chr3	171554078	171554279	LTR/ERVL-MaLR	582	-	100	171554178	84511
chr3	153893189	154093189	harbor2	chr3	153956562	153956762	LTR/ERVL-MaLR	700	-	100	153956662	63473
chr3	153893189	154093189	harbor2	chr3	153968233	153968600	LTR/ERVL-MaLR	2289	-	184	153968417	75228
chr3	153893189	154093189	harbor2	chr3	153968601	153968709	LTR/ERVL-MaLR	749	-	54	153968655	75466
chr3	140218809	140418809	harbor2	chr3	140226672	140227017	LTR/ERVL-MaLR	1928	-	172	140226844	8035
chr3	140218809	140418809	harbor2	chr3	140227018	140228594	LTR/ERVL-MaLR	11646	-	788	140227806	8997
chr3	140218809	140418809	harbor2	chr3	140228595	140228945	LTR/ERVL-MaLR	2267	-	175	140228770	9961
chr3	140218809	140418809	harbor2	chr3	140271440	140271749	LTR/ERVL-MaLR	1766	-	154	140271594	52785
chr3	140218809	140418809	harbor2	chr3	140294338	140294553	LTR/ERVL-MaLR	609	-	108	140294446	75637
chr3	140218809	140418809	harbor2	chr3	140294706	140295072	LTR/ERVL-MaLR	1480	-	183	140294889	76080
chr3	140218809	140418809	harbor2	chr3	140304293	140304656	LTR/ERVL-MaLR	1788	-	182	140304475	85666
chr3	164467295	164667295	harbor2	chr3	164478734	164478896	LTR/ERVL-MaLR	520	-	81	164478815	11520
chr3	164467295	164667295	harbor2	chr3	164503541	164503901	LTR/ERVL-MaLR	1180	-	180	164503721	36426
chr3	164467295	164667295	harbor2	chr3	164528688	164528848	LTR/ERVL-MaLR	589	-	80	164528768	61473
chr3	164467295	164667295	harbor2	chr3	164529657	164529943	LTR/ERVL-MaLR	768	-	143	164529800	62505
chr3	164467295	164667295	harbor2	chr3	164559232	164559590	LTR/ERVL-MaLR	2037	-	179	164559411	92116
chr3	173703845	173903845	harbor2	chr3	173709096	173709399	LTR/ERVL-MaLR	630	-	152	173709248	5403
chr3	173703845	173903845	harbor2	chr3	173725601	173725986	LTR/ERVL-MaLR	1508	-	192	173725793	21948
chr3	139111427	139311427	harbor2	chr3	139127195	139127605	LTR/ERVL-MaLR	740	-	205	139127400	15973
chr3	139111427	139311427	harbor2	chr3	139187608	139187782	LTR/ERVL-MaLR	612	-	87	139187695	76268
chr3	139111427	139311427	harbor2	chr3	139187845	139188022	LTR/ERVL-MaLR	528	-	88	139187933	76506
chr3	139111427	139311427	harbor2	chr3	139200259	139200617	LTR/ERVL-MaLR	498	-	179	139200438	89011
chr3	192055168	192255168	harbor2	chr3	192055491	192055588	LTR/ERVL-MaLR	431	-	48	192055539	371
chr3	192055168	192255168	harbor2	chr3	192055784	192056153	LTR/ERVL-MaLR	710	-	184	192055968	800
chr3	192055168	192255168	harbor2	chr3	192108749	192109197	LTR/ERVL-MaLR	1670	-	224	192108973	53805
chr3	147763687	147963687	harbor2	chr3	147771666	147771831	LTR/ERVL-MaLR	709	-	82	147771748	8061
chr3	147763687	147963687	harbor2	chr3	147791898	147792255	LTR/ERVL-MaLR	1750	-	178	147792076	28389
chr3	147763687	147963687	harbor2	chr3	147815375	147815687	LTR/ERVL-MaLR	1347	-	156	147815531	51844
chr3	147763687	147963687	harbor2	chr3	147837330	147837667	LTR/ERVL-MaLR	1048	-	168	147837498	73811
chr3	147763687	147963687	harbor2	chr3	147839490	147839827	LTR/ERVL-MaLR	1485	-	168	147839658	75971
chr3	147763687	147963687	harbor2	chr3	147839983	147840330	LTR/ERVL-MaLR	585	-	174	147840157	76470
chr3	147763687	147963687	harbor2	chr3	147842786	147843017	LTR/ERVL-MaLR	698	-	116	147842902	79215
chr3	147763687	147963687	harbor2	chr3	147857255	147857659	LTR/ERVL-MaLR	2251	-	202	147857457	93770
chr3	147763687	147963687	harbor2	chr3	147857663	147859300	LTR/ERVL-MaLR	8527	-	818	147858481	94794
chr3	147763687	147963687	harbor2	chr3	147859301	147859732	LTR/ERVL-MaLR	1892	-	216	147859517	95830
chr3	147763687	147963687	harbor2	chr3	147862548	147862916	LTR/ERVL-MaLR	2406	-	184	147862732	99045
chr3	135581877	135781877	harbor2	chr3	135595096	135595476	LTR/ERVL-MaLR	1781	-	190	135595286	13409
chr3	135581877	135781877	harbor2	chr3	135618809	135618920	LTR/ERVL-MaLR	531	-	56	135618865	36988
chr3	135581877	135781877	harbor2	chr3	135618918	135619104	LTR/ERVL-MaLR	764	-	93	135619011	37134
chr3	135581877	135781877	harbor2	chr3	135619530	135619881	LTR/ERVL-MaLR	955	-	176	135619706	37829
chr3	135581877	135781877	harbor2	chr3	135631070	135631365	LTR/ERVL-MaLR	428	-	148	135631218	49341
chr3	135581877	135781877	harbor2	chr3	135652378	135652953	LTR/ERVL-MaLR	2432	-	288	135652666	70789
chr3	135581877	135781877	harbor2	chr3	135669243	135669693	LTR/ERVL-MaLR	1584	-	225	135669468	87591
chr3	135581877	135781877	harbor2	chr3	135673711	135674051	LTR/ERVL-MaLR	1266	-	170	135673881	92004
chr3	183346138	183546138	harbor2	chr3	183353404	183353783	LTR/ERVL-MaLR	2275	-	190	183353594	7456
chr3	183346138	183546138	harbor2	chr3	183397162	183397569	LTR/ERVL-MaLR	1951	-	204	183397366	51228
chr3	183346138	183546138	harbor2	chr3	183417695	183417925	LTR/ERVL-MaLR	1961	-	115	183417810	71672
chr3	183346138	183546138	harbor2	chr3	183418211	183418368	LTR/ERVL-MaLR	1961	-	78	183418289	72151
chr3	183346138	183546138	harbor2	chr3	183419892	183420279	LTR/ERVL-MaLR	11876	-	194	183420086	73948
chr3	183346138	183546138	harbor2	chr3	183420280	183420319	LTR/ERVL-MaLR	2013	-	20	183420300	74162
chr3	183346138	183546138	harbor2	chr3	183420613	183420952	LTR/ERVL-MaLR	2013	-	170	183420783	74645
chr3	183346138	183546138	harbor2	chr3	183440556	183440788	LTR/ERVL-MaLR	2358	-	116	183440672	94534
chr3	183346138	183546138	harbor2	chr3	183441088	183441271	LTR/ERVL-MaLR	2358	-	92	183441180	95042
chr3	183346138	183546138	harbor2	chr3	183441544	183441622	LTR/ERVL-MaLR	618	-	39	183441583	95445
chr3	183346138	183546138	harbor2	chr3	183418369	183419590	LTR/ERVL-MaLR	11876	-	610	183418979	72841
chr3	174518543	174718543	harbor2	chr3	174525238	174525646	LTR/ERVL-MaLR	2237	-	204	174525442	6899
chr3	174518543	174718543	harbor2	chr3	174528611	174528942	LTR/ERVL-MaLR	1937	-	166	174528777	10234
chr3	174518543	174718543	harbor2	chr3	174528943	174530501	LTR/ERVL-MaLR	10503	-	779	174529722	11179
chr3	174518543	174718543	harbor2	chr3	174530502	174530821	LTR/ERVL-MaLR	1735	-	160	174530662	12119
chr3	174518543	174718543	harbor2	chr3	174534408	174534577	LTR/ERVL-MaLR	480	-	84	174534492	15949
chr3	174518543	174718543	harbor2	chr3	174559530	174559889	LTR/ERVL-MaLR	1624	-	180	174559710	41167
chr3	174518543	174718543	harbor2	chr3	174573468	174573901	LTR/ERVL-MaLR	2038	-	216	174573684	55141
chr3	174518543	174718543	harbor2	chr3	174600574	174600949	LTR/ERVL-MaLR	2015	-	188	174600762	82219
chr3	174518543	174718543	harbor2	chr3	174554795	174555143	LTR/ERVL-MaLR	1675	-	174	174554969	36426
chr3	194142880	194342880	harbor2	chr3	194172038	194172395	LTR/ERVL-MaLR	1334	-	178	194172216	29336
chr3	194142880	194342880	harbor2	chr3	194190993	194191311	LTR/ERVL-MaLR	569	-	159	194191152	48272
chr3	194142880	194342880	harbor2	chr3	194191641	194191732	LTR/ERVL-MaLR	411	-	46	194191687	48807
chr3	194360080	194560080	harbor2	chr3	194386219	194386595	LTR/ERVL-MaLR	1385	-	188	194386407	26327
chr3	194222210	194422210	harbor2	chr3	194247880	194248376	LTR/ERVL-MaLR	1599	-	248	194248128	25918
chr3	194222210	194422210	harbor2	chr3	194248848	194249196	LTR/ERVL-MaLR	651	-	174	194249022	26812
chr3	194222210	194422210	harbor2	chr3	194283670	194284031	LTR/ERVL-MaLR	2193	-	180	194283850	61640
chr3	194222210	194422210	harbor2	chr3	194284077	194284294	LTR/ERVL-MaLR	2193	-	108	194284185	61975
chr3	194222210	194422210	harbor2	chr3	194288442	194288623	LTR/ERVL-MaLR	1121	-	90	194288532	66322
chr3	194222210	194422210	harbor2	chr3	194317570	194317991	LTR/ERVL-MaLR	2441	-	210	194317780	95570
chr3	194222210	194422210	harbor2	chr3	194318006	194319571	LTR/ERVL-MaLR	8465	-	782	194318788	96578
chr3	194222210	194422210	harbor2	chr3	194319572	194319990	LTR/ERVL-MaLR	2660	-	209	194319781	97571
chr3	172082388	172282388	harbor2	chr3	172133834	172134050	LTR/ERVL-MaLR	528	-	108	172133942	51554
chr3	172082388	172282388	harbor2	chr3	172134053	172134233	LTR/ERVL-MaLR	933	-	90	172134143	51755
chr3	172082388	172282388	harbor2	chr3	172142754	172143125	LTR/ERVL-MaLR	1640	-	186	172142940	60552
chr3	172082388	172282388	harbor2	chr3	172143971	172144384	LTR/ERVL-MaLR	2310	-	206	172144177	61789
chr3	186415162	186615162	harbor2	chr3	186432200	186432579	LTR/ERVL-MaLR	977	-	190	186432390	17228
chr3	186415162	186615162	harbor2	chr3	186442685	186443057	LTR/ERVL-MaLR	1623	-	186	186442871	27709
chr3	186415162	186615162	harbor2	chr3	186451455	186451696	LTR/ERVL-MaLR	1334	-	120	186451575	36413
chr3	186415162	186615162	harbor2	chr3	186452003	186452114	LTR/ERVL-MaLR	1334	-	56	186452059	36897
chr3	178257860	178457860	harbor2	chr3	178288117	178288492	LTR/ERVL-MaLR	1886	-	188	178288305	30445
chr3	178257860	178457860	harbor2	chr3	178329402	178329779	LTR/ERVL-MaLR	1420	-	188	178329590	71730
chr3	178257860	178457860	harbor2	chr3	178346046	178346401	LTR/ERVL-MaLR	1382	-	178	178346224	88364
chr3	192576347	192776347	harbor2	chr3	192632747	192633033	LTR/ERVL-MaLR	1482	-	143	192632890	56543
chr3	192576347	192776347	harbor2	chr3	192633346	192633482	LTR/ERVL-MaLR	1482	-	68	192633414	57067
chr3	184220229	184420229	harbor2	chr3	184267283	184267639	LTR/ERVL-MaLR	2384	-	178	184267461	47232
chr3	141850124	142050124	harbor2	chr3	141858377	141858593	LTR/ERVL-MaLR	575	-	108	141858485	8361
chr3	141850124	142050124	harbor2	chr3	141888527	141888609	LTR/ERVL-MaLR	2047	-	41	141888568	38444
chr3	141850124	142050124	harbor2	chr3	141888973	141889265	LTR/ERVL-MaLR	2047	-	146	141889119	38995
chr3	188837705	189037705	harbor2	chr3	188849218	188849356	LTR/ERVL-MaLR	528	-	69	188849287	11582
chr3	188837705	189037705	harbor2	chr3	188851798	188851880	LTR/ERVL-MaLR	410	-	41	188851839	14134
chr3	188837705	189037705	harbor2	chr3	188852190	188852240	LTR/ERVL-MaLR	410	-	25	188852215	14510
chr3	188837705	189037705	harbor2	chr3	188853163	188853328	LTR/ERVL-MaLR	465	-	82	188853245	15540
chr3	188837705	189037705	harbor2	chr3	188907855	188908220	LTR/ERVL-MaLR	1463	-	182	188908037	70332
chr3	188837705	189037705	harbor2	chr3	188912545	188912957	LTR/ERVL-MaLR	2545	-	206	188912751	75046
chr3	186166894	186366894	harbor2	chr3	186172860	186173264	LTR/ERVL-MaLR	1982	-	202	186173062	6168
chr3	81839121	82039121	harbor2	chr3	81842034	81842382	LTR/ERVL-MaLR	1692	-	174	81842208	3087
chr3	81839121	82039121	harbor2	chr3	81854662	81854884	LTR/ERVL-MaLR	1084	-	111	81854773	15652
chr3	81839121	82039121	harbor2	chr3	81855026	81855158	LTR/ERVL-MaLR	672	-	66	81855092	15971
chr3	81839121	82039121	harbor2	chr3	81870396	81870845	LTR/ERVL-MaLR	1920	-	224	81870620	31499
chr3	81839121	82039121	harbor2	chr3	81876772	81877142	LTR/ERVL-MaLR	1434	-	185	81876957	37836
chr3	81839121	82039121	harbor2	chr3	81896327	81896681	LTR/ERVL-MaLR	2303	-	177	81896504	57383
chr3	81839121	82039121	harbor2	chr3	81900209	81900574	LTR/ERVL-MaLR	2273	-	182	81900391	61270
chr3	81839121	82039121	harbor2	chr3	81911424	81911878	LTR/ERVL-MaLR	2212	-	227	81911651	72530
chr3	81839121	82039121	harbor2	chr3	81927548	81927910	LTR/ERVL-MaLR	1727	-	181	81927729	88608
chr3	108581324	108781324	harbor2	chr3	108608822	108609203	LTR/ERVL-MaLR	2107	-	190	108609012	27688
chr3	108581324	108781324	harbor2	chr3	108671903	108672261	LTR/ERVL-MaLR	1870	-	179	108672082	90758
chr3	160272170	160472170	harbor2	chr3	160340327	160340884	LTR/ERVL-MaLR	2308	-	278	160340605	68435
chr3	189932515	190132515	harbor2	chr3	189976250	189976592	LTR/ERVL-MaLR	2148	-	171	189976421	43906
chr3	189932515	190132515	harbor2	chr3	190023313	190023692	LTR/ERVL-MaLR	2015	-	190	190023503	90988
chr3	185462160	185662160	harbor2	chr3	185464709	185464985	LTR/ERVL-MaLR	1819	-	138	185464847	2687
chr3	185462160	185662160	harbor2	chr3	185465276	185465357	LTR/ERVL-MaLR	1819	-	40	185465316	3156
chr3	185462160	185662160	harbor2	chr3	185467464	185467502	LTR/ERVL-MaLR	2741	-	19	185467483	5323
chr3	185462160	185662160	harbor2	chr3	185467804	185468198	LTR/ERVL-MaLR	2741	-	197	185468001	5841
chr3	185462160	185662160	harbor2	chr3	185477727	185478087	LTR/ERVL-MaLR	1442	-	180	185477907	15747
chr3	185462160	185662160	harbor2	chr3	185479667	185480068	LTR/ERVL-MaLR	1490	-	200	185479867	17707
chr3	185462160	185662160	harbor2	chr3	185480641	185481019	LTR/ERVL-MaLR	2224	-	189	185480830	18670
chr3	129158473	129358473	harbor2	chr3	129235350	129235504	LTR/ERVL-MaLR	721	-	77	129235427	76954
chr3	176316278	176516278	harbor2	chr3	176318449	176318737	LTR/ERVL-MaLR	1580	-	144	176318593	2315
chr3	176316278	176516278	harbor2	chr3	176341947	176342306	LTR/ERVL-MaLR	1409	-	180	176342127	25849
chr3	176316278	176516278	harbor2	chr3	176356358	176356747	LTR/ERVL-MaLR	2094	-	194	176356552	40274
chr3	176316278	176516278	harbor2	chr3	176375501	176375727	LTR/ERVL-MaLR	894	-	113	176375614	59336
chr3	176316278	176516278	harbor2	chr3	176403509	176403877	LTR/ERVL-MaLR	494	-	184	176403693	87415
chr3	192730605	192930605	harbor2	chr3	192807853	192808251	LTR/ERVL-MaLR	734	-	199	192808052	77447
chr3	177696616	177896616	harbor2	chr3	177742943	177743307	LTR/ERVL-MaLR	2127	-	182	177743125	46509
chr3	177696616	177896616	harbor2	chr3	177755908	177756063	LTR/ERVL-MaLR	398	-	78	177755986	59370
chr3	177696616	177896616	harbor2	chr3	177756841	177757238	LTR/ERVL-MaLR	2371	-	198	177757039	60423
chr3	177696616	177896616	harbor2	chr3	177757239	177758870	LTR/ERVL-MaLR	9063	-	816	177758055	61439
chr3	177696616	177896616	harbor2	chr3	177758875	177759092	LTR/ERVL-MaLR	2363	-	108	177758983	62367
chr3	177696616	177896616	harbor2	chr3	177759723	177759912	LTR/ERVL-MaLR	2363	-	94	177759817	63201
chr3	177696616	177896616	harbor2	chr3	177768071	177768417	LTR/ERVL-MaLR	1359	-	173	177768244	71628
chr3	177696616	177896616	harbor2	chr3	177768407	177769708	LTR/ERVL-MaLR	3743	-	650	177769057	72441
chr3	177696616	177896616	harbor2	chr3	177769711	177770123	LTR/ERVL-MaLR	1606	-	206	177769917	73301
chr3	124312167	124512167	harbor2	chr3	124314513	124314674	LTR/ERVL-MaLR	1468	-	80	124314593	2426
chr3	124312167	124512167	harbor2	chr3	124314951	124315134	LTR/ERVL-MaLR	1468	-	92	124315043	2876
chr3	124312167	124512167	harbor2	chr3	124332906	124333278	LTR/ERVL-MaLR	2572	-	186	124333092	20925
chr3	124312167	124512167	harbor2	chr3	124373425	124373880	LTR/ERVL-MaLR	2241	-	228	124373653	61486
chr3	124312167	124512167	harbor2	chr3	124383293	124383770	LTR/ERVL-MaLR	2325	-	238	124383531	71364
chr3	147066064	147266064	harbor2	chr3	147134242	147134604	LTR/ERVL-MaLR	2522	-	181	147134423	68359
chr3	147066064	147266064	harbor2	chr3	147134605	147136270	LTR/ERVL-MaLR	8865	-	832	147135437	69373
chr3	147066064	147266064	harbor2	chr3	147136271	147136621	LTR/ERVL-MaLR	2432	-	175	147136446	70382
chr3	147066064	147266064	harbor2	chr3	147159136	147159563	LTR/ERVL-MaLR	2307	-	214	147159350	93286
chr3	147066064	147266064	harbor2	chr3	147165471	147165917	LTR/ERVL-MaLR	1738	-	223	147165694	99630
chr3	42690649	42890649	harbor2	chr3	42713767	42714347	LTR/ERVL-MaLR	2616	-	290	42714057	23408
chr3	42690649	42890649	harbor2	chr3	42717638	42717904	LTR/ERVL-MaLR	1114	-	133	42717771	27122
chr3	42690649	42890649	harbor2	chr3	42723237	42723541	LTR/ERVL-MaLR	1397	-	152	42723389	32740
chr3	188719330	188919330	harbor2	chr3	188730672	188731145	LTR/ERVL-MaLR	1685	-	236	188730908	11578
chr3	188719330	188919330	harbor2	chr3	188749919	188750270	LTR/ERVL-MaLR	1353	-	176	188750095	30765
chr3	188719330	188919330	harbor2	chr3	188774579	188774943	LTR/ERVL-MaLR	1435	-	182	188774761	55431
chr3	188719330	188919330	harbor2	chr3	188781391	188781606	LTR/ERVL-MaLR	1733	-	108	188781499	62169
chr3	188719330	188919330	harbor2	chr3	188781910	188782025	LTR/ERVL-MaLR	1733	-	58	188781968	62638
chr3	188719330	188919330	harbor2	chr3	188795254	188795684	LTR/ERVL-MaLR	598	-	215	188795469	76139
chr3	184718575	184918575	harbor2	chr3	184814134	184814290	LTR/ERVL-MaLR	417	-	78	184814212	95637
chr3	69567932	69767932	harbor2	chr3	69581380	69581761	LTR/ERVL-MaLR	916	-	190	69581570	13638
chr3	69567932	69767932	harbor2	chr3	69604358	69604711	LTR/ERVL-MaLR	438	-	176	69604534	36602
chr3	69567932	69767932	harbor2	chr3	69618512	69618841	LTR/ERVL-MaLR	1029	-	164	69618676	50744
chr3	69567932	69767932	harbor2	chr3	69661866	69662060	LTR/ERVL-MaLR	412	-	97	69661963	94031
chr3	164181606	164381606	harbor2	chr3	164181022	164182654	LTR/ERVL-MaLR	8760	-	816	164181838	232
chr3	164181606	164381606	harbor2	chr3	164182655	164183027	LTR/ERVL-MaLR	2215	-	186	164182841	1235
chr3	164181606	164381606	harbor2	chr3	164184590	164184953	LTR/ERVL-MaLR	1470	-	182	164184772	3166
chr3	164181606	164381606	harbor2	chr3	164203725	164204083	LTR/ERVL-MaLR	829	-	179	164203904	22298
chr3	164181606	164381606	harbor2	chr3	164267603	164267968	LTR/ERVL-MaLR	2350	-	182	164267785	86179
chr3	164181606	164381606	harbor2	chr3	164277007	164277275	LTR/ERVL-MaLR	1639	-	134	164277141	95535
chr3	164181606	164381606	harbor2	chr3	164277908	164278031	LTR/ERVL-MaLR	1639	-	62	164277970	96364
chr3	164181606	164381606	harbor2	chr3	164183028	164184589	LTR/ERVL-MaLR	10068	-	780	164183808	2202
chr3	130418039	130618039	harbor2	chr3	130476043	130476414	LTR/ERVL-MaLR	1344	-	186	130476229	58190
chr3	130418039	130618039	harbor2	chr3	130495809	130496025	LTR/ERVL-MaLR	2295	-	108	130495917	77878
chr3	130418039	130618039	harbor2	chr3	130496333	130496543	LTR/ERVL-MaLR	2295	-	105	130496438	78399
chr3	182748486	182948486	harbor2	chr3	182768743	182768965	LTR/ERVL-MaLR	1167	-	111	182768854	20368
chr3	182748486	182948486	harbor2	chr3	182769239	182769362	LTR/ERVL-MaLR	699	-	62	182769301	20815
chr3	195325420	195525420	harbor2	chr3	195357734	195358110	LTR/ERVL-MaLR	2519	-	188	195357922	32502
chr3	195325420	195525420	harbor2	chr3	195405364	195405404	LTR/ERVL-MaLR	2325	-	20	195405384	79964
chr3	195325420	195525420	harbor2	chr3	195405700	195406070	LTR/ERVL-MaLR	2325	-	185	195405885	80465
chr3	99641127	99841127	harbor2	chr3	99662599	99662911	LTR/ERVL-MaLR	1570	-	156	99662755	21628
chr3	99641127	99841127	harbor2	chr3	99668887	99669091	LTR/ERVL-MaLR	947	-	102	99668989	27862
chr3	99641127	99841127	harbor2	chr3	99688180	99688662	LTR/ERVL-MaLR	2417	-	241	99688421	47294
chr3	99641127	99841127	harbor2	chr3	99732293	99732671	LTR/ERVL-MaLR	2854	-	189	99732482	91355
chr3	99641127	99841127	harbor2	chr3	99732672	99733118	LTR/ERVL-MaLR	3162	-	223	99732895	91768
chr3	99641127	99841127	harbor2	chr3	99739244	99740338	LTR/ERVL-MaLR	7552	-	547	99739791	98664
chr3	99641127	99841127	harbor2	chr3	99740339	99740712	LTR/ERVL-MaLR	2718	-	186	99740525	99398
chr3	100682571	100882571	harbor2	chr3	100705447	100705836	LTR/ERVL-MaLR	2133	-	194	100705641	23070
chr3	100682571	100882571	harbor2	chr3	100715225	100715466	LTR/ERVL-MaLR	745	-	120	100715345	32774
chr3	100682571	100882571	harbor2	chr3	100740164	100740569	LTR/ERVL-MaLR	966	-	202	100740366	57795
chr3	187821813	188021813	harbor2	chr3	187900488	187900935	LTR/ERVL-MaLR	1311	-	224	187900712	78899
chr3	187821813	188021813	harbor2	chr3	187903826	187904189	LTR/ERVL-MaLR	1147	-	182	187904008	82195
chr3	142894737	143094737	harbor2	chr3	142899501	142899726	LTR/ERVL-MaLR	1854	-	112	142899613	4876
chr3	142894737	143094737	harbor2	chr3	142900025	142900172	LTR/ERVL-MaLR	1854	-	74	142900099	5362
chr3	142894737	143094737	harbor2	chr3	142908025	142908568	LTR/ERVL-MaLR	1069	-	272	142908297	13560
chr3	142894737	143094737	harbor2	chr3	142914702	142915056	LTR/ERVL-MaLR	2117	-	177	142914879	20142
chr3	142894737	143094737	harbor2	chr3	142915459	142915822	LTR/ERVL-MaLR	2319	-	182	142915641	20904
chr3	142894737	143094737	harbor2	chr3	142927312	142927690	LTR/ERVL-MaLR	1918	-	189	142927501	32764
chr3	142894737	143094737	harbor2	chr3	142981115	142981467	LTR/ERVL-MaLR	1447	-	176	142981291	86554
chr3	142894737	143094737	harbor2	chr3	142987668	142988251	LTR/ERVL-MaLR	2659	-	292	142987960	93223
chr3	129172198	129372198	harbor2	chr3	129235350	129235504	LTR/ERVL-MaLR	721	-	77	129235427	63229
chr3	129172198	129372198	harbor2	chr3	129269775	129270250	LTR/ERVL-MaLR	1853	-	238	129270013	97815
chr3	78376820	78576820	harbor2	chr3	78381091	78381451	LTR/ERVL-MaLR	1516	-	180	78381271	4451
chr3	78376820	78576820	harbor2	chr3	78386689	78387036	LTR/ERVL-MaLR	1836	-	174	78386863	10043
chr3	78376820	78576820	harbor2	chr3	78387039	78388588	LTR/ERVL-MaLR	11286	-	774	78387813	10993
chr3	78376820	78576820	harbor2	chr3	78388589	78388945	LTR/ERVL-MaLR	2109	-	178	78388767	11947
chr3	78376820	78576820	harbor2	chr3	78403547	78403622	LTR/ERVL-MaLR	1630	-	38	78403585	26765
chr3	78376820	78576820	harbor2	chr3	78403886	78404446	LTR/ERVL-MaLR	1630	-	280	78404166	27346
chr3	78376820	78576820	harbor2	chr3	78437326	78437707	LTR/ERVL-MaLR	1215	-	190	78437516	60696
chr3	78376820	78576820	harbor2	chr3	78450633	78451040	LTR/ERVL-MaLR	2447	-	204	78450837	74017
chr3	78376820	78576820	harbor2	chr3	78458562	78458893	LTR/ERVL-MaLR	1656	-	166	78458728	81908
chr3	105980377	106180377	harbor2	chr3	105998765	105998784	LTR/ERVL-MaLR	451	-	10	105998775	18398
chr3	105980377	106180377	harbor2	chr3	105998817	105999164	LTR/ERVL-MaLR	1798	-	174	105998991	18614
chr3	105980377	106180377	harbor2	chr3	106002665	106003019	LTR/ERVL-MaLR	685	-	177	106002842	22465
chr3	105980377	106180377	harbor2	chr3	106035680	106036082	LTR/ERVL-MaLR	1555	-	201	106035881	55504
chr3	105980377	106180377	harbor2	chr3	106039464	106040516	LTR/ERVL-MaLR	3026	-	526	106039990	59613
chr3	105980377	106180377	harbor2	chr3	106040517	106041114	LTR/ERVL-MaLR	1667	-	298	106040815	60438
chr3	105980377	106180377	harbor2	chr3	106045125	106045527	LTR/ERVL-MaLR	2431	-	201	106045326	64949
chr3	105980377	106180377	harbor2	chr3	106076594	106076784	LTR/ERVL-MaLR	1814	-	95	106076689	96312
chr3	105980377	106180377	harbor2	chr3	106076834	106077070	LTR/ERVL-MaLR	1814	-	118	106076952	96575
chr3	132431302	132631302	harbor2	chr3	132519815	132520144	LTR/ERVL-MaLR	1779	-	164	132519979	88677
chr3	132710912	132910912	harbor2	chr3	132737764	132738148	LTR/ERVL-MaLR	2001	-	192	132737956	27044
chr3	132710912	132910912	harbor2	chr3	132791773	132792182	LTR/ERVL-MaLR	1149	-	204	132791977	81065
chr3	132710912	132910912	harbor2	chr3	132793685	132794106	LTR/ERVL-MaLR	2002	-	210	132793895	82983
chr3	174820738	175020738	harbor2	chr3	174827219	174827714	LTR/ERVL-MaLR	1457	-	248	174827467	6729
chr3	174820738	175020738	harbor2	chr3	174876802	174877186	LTR/ERVL-MaLR	1328	-	192	174876994	56256
chr3	174820738	175020738	harbor2	chr3	174880732	174881186	LTR/ERVL-MaLR	1321	-	227	174880959	60221
chr3	174820738	175020738	harbor2	chr3	174918405	174918874	LTR/ERVL-MaLR	1097	-	234	174918639	97901
chr3	196556187	196756187	harbor2	chr3	196627807	196627922	LTR/ERVL-MaLR	479	-	58	196627865	71678
chr3	196556187	196756187	harbor2	chr3	196642243	196642590	LTR/ERVL-MaLR	1220	-	174	196642417	86230
chr3	168078660	168278660	harbor2	chr3	168111641	168111993	LTR/ERVL-MaLR	1491	-	176	168111817	33157
chr3	168078660	168278660	harbor2	chr3	168121430	168121909	LTR/ERVL-MaLR	1800	-	240	168121670	43010
chr3	168078660	168278660	harbor2	chr3	168141585	168141983	LTR/ERVL-MaLR	1548	-	199	168141784	63124
chr3	168078660	168278660	harbor2	chr3	168143541	168143610	LTR/ERVL-MaLR	2319	-	34	168143575	64915
chr3	168078660	168278660	harbor2	chr3	168143879	168144210	LTR/ERVL-MaLR	2319	-	166	168144045	65385
chr3	168078660	168278660	harbor2	chr3	168170178	168170571	LTR/ERVL-MaLR	1935	-	196	168170374	91714
chr3	168078660	168278660	harbor2	chr3	168173385	168173794	LTR/ERVL-MaLR	2458	-	204	168173589	94929
chr3	168078660	168278660	harbor2	chr3	168173799	168175407	LTR/ERVL-MaLR	10201	-	804	168174603	95943
chr3	168078660	168278660	harbor2	chr3	168175408	168175820	LTR/ERVL-MaLR	2592	-	206	168175614	96954
chr3	143551626	143751626	harbor2	chr3	143634980	143635435	LTR/ERVL-MaLR	1013	-	228	143635208	83582
chr3	174853697	175053697	harbor2	chr3	174876802	174877186	LTR/ERVL-MaLR	1328	-	192	174876994	23297
chr3	174853697	175053697	harbor2	chr3	174880732	174881186	LTR/ERVL-MaLR	1321	-	227	174880959	27262
chr3	174853697	175053697	harbor2	chr3	174918405	174918874	LTR/ERVL-MaLR	1097	-	234	174918639	64942
chr3	174853697	175053697	harbor2	chr3	174948552	174948830	LTR/ERVL-MaLR	1928	-	139	174948691	94994
chr3	174853697	175053697	harbor2	chr3	174948831	174949225	LTR/ERVL-MaLR	1777	-	197	174949028	95331
chr3	174853697	175053697	harbor2	chr3	174949226	174949495	LTR/ERVL-MaLR	1928	-	134	174949360	95663
chr3	120526005	120726005	harbor2	chr3	120546018	120546421	LTR/ERVL-MaLR	2751	-	202	120546220	20215
chr3	57304370	57504370	harbor2	chr3	57389329	57389763	LTR/ERVL-MaLR	1214	-	217	57389546	85176
chr3	170382953	170582953	harbor2	chr3	170397386	170397450	LTR/ERVL-MaLR	809	-	32	170397418	14465
chr3	170382953	170582953	harbor2	chr3	170397628	170398044	LTR/ERVL-MaLR	809	-	208	170397836	14883
chr3	194974835	195174835	harbor2	chr3	194979250	194979642	LTR/ERVL-MaLR	2192	-	196	194979446	4611
chr3	194974835	195174835	harbor2	chr3	194981831	194982257	LTR/ERVL-MaLR	1629	-	213	194982044	7209
chr3	194974835	195174835	harbor2	chr3	194988910	194989257	LTR/ERVL-MaLR	475	-	174	194989084	14249
chr3	194974835	195174835	harbor2	chr3	194989316	194989750	LTR/ERVL-MaLR	881	-	217	194989533	14698
chr3	194974835	195174835	harbor2	chr3	195009385	195009466	LTR/ERVL-MaLR	871	-	40	195009425	34590
chr3	194974835	195174835	harbor2	chr3	195009928	195010281	LTR/ERVL-MaLR	871	-	176	195010104	35269
chr3	194974835	195174835	harbor2	chr3	195027247	195027645	LTR/ERVL-MaLR	1612	-	199	195027446	52611
chr3	194974835	195174835	harbor2	chr3	195028292	195028410	LTR/ERVL-MaLR	1612	-	59	195028351	53516
chr3	174984077	175184077	harbor2	chr3	174988484	174988848	LTR/ERVL-MaLR	1932	-	182	174988666	4589
chr3	174984077	175184077	harbor2	chr3	174988849	174989271	LTR/ERVL-MaLR	2424	-	211	174989060	4983
chr3	174984077	175184077	harbor2	chr3	174989272	174989332	LTR/ERVL-MaLR	1932	-	30	174989302	5225
chr3	174984077	175184077	harbor2	chr3	174993706	174994153	LTR/ERVL-MaLR	1520	-	224	174993930	9853
chr3	174984077	175184077	harbor2	chr3	175046855	175047207	LTR/ERVL-MaLR	1894	-	176	175047031	62954
chr3	174984077	175184077	harbor2	chr3	175051237	175051762	LTR/ERVL-MaLR	1360	-	262	175051499	67422
chr3	80379818	80579818	harbor2	chr3	80392641	80392663	LTR/ERVL-MaLR	862	-	11	80392652	12834
chr3	80379818	80579818	harbor2	chr3	80393179	80393623	LTR/ERVL-MaLR	862	-	222	80393401	13583
chr3	80379818	80579818	harbor2	chr3	80411198	80411584	LTR/ERVL-MaLR	1802	-	193	80411391	31573
chr3	80379818	80579818	harbor2	chr3	80421088	80421573	LTR/ERVL-MaLR	2153	-	242	80421330	41512
chr3	80379818	80579818	harbor2	chr3	80421583	80421935	LTR/ERVL-MaLR	791	-	176	80421759	41941
chr3	80379818	80579818	harbor2	chr3	80423482	80423844	LTR/ERVL-MaLR	1682	-	181	80423663	43845
chr3	80379818	80579818	harbor2	chr3	80443765	80443956	LTR/ERVL-MaLR	646	-	96	80443861	64043
chr3	94364214	94564214	harbor2	chr3	94374308	94374756	LTR/ERVL-MaLR	2119	-	224	94374532	10318
chr3	94364214	94564214	harbor2	chr3	94399391	94399775	LTR/ERVL-MaLR	1606	-	192	94399583	35369
chr3	196530737	196730737	harbor2	chr3	196627807	196627922	LTR/ERVL-MaLR	479	-	58	196627865	97128
chr3	115744367	115944367	harbor2	chr3	115787094	115787489	LTR/ERVL-MaLR	1952	-	198	115787292	42925
chr3	115744367	115944367	harbor2	chr3	115787953	115788201	LTR/ERVL-MaLR	818	-	124	115788077	43710
chr3	176893865	177093865	harbor2	chr3	176896188	176896694	LTR/ERVL-MaLR	751	-	253	176896441	2576
chr3	176893865	177093865	harbor2	chr3	176900092	176900562	LTR/ERVL-MaLR	1819	-	235	176900327	6462
chr3	176893865	177093865	harbor2	chr3	176902607	176903151	LTR/ERVL-MaLR	998	-	272	176902879	9014
chr3	176893865	177093865	harbor2	chr3	176906417	176906675	LTR/ERVL-MaLR	432	-	129	176906546	12681
chr3	176893865	177093865	harbor2	chr3	176949968	176950344	LTR/ERVL-MaLR	2082	-	188	176950156	56291
chr3	176893865	177093865	harbor2	chr3	176953723	176953927	LTR/ERVL-MaLR	438	-	102	176953825	59960
chr3	176893865	177093865	harbor2	chr3	176958845	176959121	LTR/ERVL-MaLR	557	-	138	176958983	65118
chr3	176893865	177093865	harbor2	chr3	176971564	176971852	LTR/ERVL-MaLR	656	-	144	176971708	77843
chr3	176893865	177093865	harbor2	chr3	176985398	176986697	LTR/ERVL-MaLR	2627	-	650	176986048	92183
chr3	176893865	177093865	harbor2	chr3	176990873	176991029	LTR/ERVL-MaLR	775	-	78	176990951	97086
chr3	176893865	177093865	harbor2	chr3	176991506	176991793	LTR/ERVL-MaLR	1189	-	144	176991650	97785
chr3	176893865	177093865	harbor2	chr3	176992104	176992165	LTR/ERVL-MaLR	1189	-	30	176992134	98269
chr3	191475634	191675634	harbor2	chr3	191506359	191506724	LTR/ERVL-MaLR	2522	-	182	191506541	30907
chr3	191475634	191675634	harbor2	chr3	191521175	191521743	LTR/ERVL-MaLR	1868	-	284	191521459	45825
chr3	191475634	191675634	harbor2	chr3	191536044	191536470	LTR/ERVL-MaLR	2725	-	213	191536257	60623
chr3	191475634	191675634	harbor2	chr3	191546281	191546644	LTR/ERVL-MaLR	2162	-	182	191546463	70829
chr3	191475634	191675634	harbor2	chr3	191546645	191548226	LTR/ERVL-MaLR	11563	-	790	191547435	71801
chr3	191475634	191675634	harbor2	chr3	191548229	191548595	LTR/ERVL-MaLR	2312	-	183	191548412	72778
chr3	191475634	191675634	harbor2	chr3	191559802	191560005	LTR/ERVL-MaLR	1295	-	102	191559904	84270
chr3	191475634	191675634	harbor2	chr3	191560881	191561278	LTR/ERVL-MaLR	2165	-	198	191561079	85445
chr3	191475634	191675634	harbor2	chr3	191568116	191568527	LTR/ERVL-MaLR	1938	-	206	191568322	92688
chr3	182201849	182401849	harbor2	chr3	182215167	182215539	LTR/ERVL-MaLR	1494	-	186	182215353	13504
chr3	182201849	182401849	harbor2	chr3	182216197	182216570	LTR/ERVL-MaLR	2077	-	186	182216383	14534
chr3	182201849	182401849	harbor2	chr3	182225933	182226448	LTR/ERVL-MaLR	2199	-	258	182226191	24342
chr3	182201849	182401849	harbor2	chr3	182295710	182296052	LTR/ERVL-MaLR	1707	-	171	182295881	94032
chr3	182201849	182401849	harbor2	chr3	182296909	182297088	LTR/ERVL-MaLR	391	-	90	182296999	95150
chr3	182201849	182401849	harbor2	chr3	182297121	182297412	LTR/ERVL-MaLR	709	-	146	182297267	95418
chr3	161835301	162035301	harbor2	chr3	161858371	161858899	LTR/ERVL-MaLR	1687	-	264	161858635	23334
chr3	161835301	162035301	harbor2	chr3	161887607	161887981	LTR/ERVL-MaLR	1896	-	187	161887794	52493
chr3	161835301	162035301	harbor2	chr3	161927578	161927667	LTR/ERVL-MaLR	424	-	44	161927622	92321
chr3	161835301	162035301	harbor2	chr3	161927711	161927856	LTR/ERVL-MaLR	662	-	72	161927783	92482
chr3	183857819	184057819	harbor2	chr3	183878209	183878443	LTR/ERVL-MaLR	687	-	117	183878326	20507
chr3	164740484	164940484	harbor2	chr3	164740337	164740558	LTR/ERVL-MaLR	1378	-	110	164740447	37
chr3	164740484	164940484	harbor2	chr3	164740559	164740999	LTR/ERVL-MaLR	2089	-	220	164740779	295
chr3	164740484	164940484	harbor2	chr3	164741213	164741308	LTR/ERVL-MaLR	575	-	48	164741261	777
chr3	164740484	164940484	harbor2	chr3	164779836	164780318	LTR/ERVL-MaLR	474	-	241	164780077	39593
chr3	164740484	164940484	harbor2	chr3	164801339	164801682	LTR/ERVL-MaLR	2513	-	172	164801511	61027
chr3	164740484	164940484	harbor2	chr3	164802234	164802666	LTR/ERVL-MaLR	898	-	216	164802450	61966
chr3	168274428	168474428	harbor2	chr3	168319112	168319467	LTR/ERVL-MaLR	1977	-	178	168319290	44862
chr3	131694563	131894563	harbor2	chr3	131707117	131707344	LTR/ERVL-MaLR	610	-	114	131707231	12668
chr3	131694563	131894563	harbor2	chr3	131707389	131707542	LTR/ERVL-MaLR	617	-	76	131707465	12902
chr3	131694563	131894563	harbor2	chr3	131749835	131750198	LTR/ERVL-MaLR	881	-	182	131750017	55454
chr3	137000372	137200372	harbor2	chr3	137045400	137045761	LTR/ERVL-MaLR	2217	-	180	137045580	45208
chr3	137000372	137200372	harbor2	chr3	137063184	137063735	LTR/ERVL-MaLR	1455	-	276	137063460	63088
chr3	137000372	137200372	harbor2	chr3	137074005	137074365	LTR/ERVL-MaLR	1439	-	180	137074185	73813
chr3	137000372	137200372	harbor2	chr3	137085307	137085531	LTR/ERVL-MaLR	740	-	112	137085419	85047
chr3	137000372	137200372	harbor2	chr3	137089373	137089644	LTR/ERVL-MaLR	1345	-	136	137089509	89137
chr3	192528866	192728866	harbor2	chr3	192529582	192529922	LTR/ERVL-MaLR	2107	-	170	192529752	886
chr3	192528866	192728866	harbor2	chr3	192567499	192567735	LTR/ERVL-MaLR	1166	-	118	192567617	38751
chr3	192528866	192728866	harbor2	chr3	192568132	192568309	LTR/ERVL-MaLR	1166	-	88	192568220	39354
chr3	192528866	192728866	harbor2	chr3	192569235	192569611	LTR/ERVL-MaLR	452	-	188	192569423	40557
chr3	192528866	192728866	harbor2	chr3	192528040	192529581	LTR/ERVL-MaLR	11102	-	770	192528810	56
chr3	190749329	190949329	harbor2	chr3	190750188	190750415	LTR/ERVL-MaLR	939	-	114	190750302	973
chr3	190749329	190949329	harbor2	chr3	190751510	190751747	LTR/ERVL-MaLR	1038	-	118	190751628	2299
chr3	190749329	190949329	harbor2	chr3	190751801	190752118	LTR/ERVL-MaLR	1147	-	158	190751959	2630
chr3	190749329	190949329	harbor2	chr3	190759750	190760557	LTR/ERVL-MaLR	1722	-	404	190760154	10825
chr3	190749329	190949329	harbor2	chr3	190760564	190761045	LTR/ERVL-MaLR	1509	-	240	190760804	11475
chr3	190749329	190949329	harbor2	chr3	190766796	190767218	LTR/ERVL-MaLR	2093	-	211	190767007	17678
chr3	190749329	190949329	harbor2	chr3	190789017	190789338	LTR/ERVL-MaLR	1308	-	160	190789177	39848
chr3	190749329	190949329	harbor2	chr3	190800615	190800741	LTR/ERVL-MaLR	848	-	63	190800678	51349
chr3	190749329	190949329	harbor2	chr3	190820559	190820967	LTR/ERVL-MaLR	963	-	204	190820763	71434
chr3	102827992	103027992	harbor2	chr3	102846916	102847311	LTR/ERVL-MaLR	2153	-	198	102847114	19122
chr3	102827992	103027992	harbor2	chr3	102847312	102848413	LTR/ERVL-MaLR	8351	-	550	102847862	19870
chr3	102827992	103027992	harbor2	chr3	102848450	102848629	LTR/ERVL-MaLR	8351	-	90	102848540	20548
chr3	102827992	103027992	harbor2	chr3	102848855	102849204	LTR/ERVL-MaLR	2348	-	174	102849029	21037
chr3	102827992	103027992	harbor2	chr3	102849206	102849600	LTR/ERVL-MaLR	1867	-	197	102849403	21411
chr3	102827992	103027992	harbor2	chr3	102854087	102854433	LTR/ERVL-MaLR	2446	-	173	102854260	26268
chr3	102827992	103027992	harbor2	chr3	102854434	102856008	LTR/ERVL-MaLR	11198	-	787	102855221	27229
chr3	102827992	103027992	harbor2	chr3	102856009	102856353	LTR/ERVL-MaLR	2655	-	172	102856181	28189
chr3	102827992	103027992	harbor2	chr3	102859021	102859382	LTR/ERVL-MaLR	2238	-	180	102859201	31209
chr3	102827992	103027992	harbor2	chr3	102859383	102860958	LTR/ERVL-MaLR	11360	-	788	102860171	32179
chr3	102827992	103027992	harbor2	chr3	102908845	102909218	LTR/ERVL-MaLR	2000	-	186	102909031	81039
chr3	154678789	154878789	harbor2	chr3	154693137	154693594	LTR/ERVL-MaLR	847	-	228	154693365	14576
chr3	154678789	154878789	harbor2	chr3	154725308	154725777	LTR/ERVL-MaLR	2019	-	234	154725542	46753
chr3	154678789	154878789	harbor2	chr3	154746703	154747118	LTR/ERVL-MaLR	2104	-	208	154746911	68122
chr3	158296989	158496989	harbor2	chr3	158330831	158331207	LTR/ERVL-MaLR	2076	-	188	158331019	34030
chr3	158296989	158496989	harbor2	chr3	158350474	158350612	LTR/ERVL-MaLR	802	-	69	158350543	53554
chr3	186762604	186962604	harbor2	chr3	186808165	186808533	LTR/ERVL-MaLR	1635	-	184	186808349	45745
chr3	186762604	186962604	harbor2	chr3	186816296	186816684	LTR/ERVL-MaLR	2032	-	194	186816490	53886
chr3	186762604	186962604	harbor2	chr3	186832655	186832919	LTR/ERVL-MaLR	587	-	132	186832787	70183
chr3	186762604	186962604	harbor2	chr3	186851835	186852021	LTR/ERVL-MaLR	1882	-	93	186851928	89324
chr3	186762604	186962604	harbor2	chr3	186852052	186852223	LTR/ERVL-MaLR	1882	-	86	186852138	89534
chr3	160693021	160893021	harbor2	chr3	160709793	160710168	LTR/ERVL-MaLR	972	-	188	160709981	16960
chr3	160693021	160893021	harbor2	chr3	160730846	160731139	LTR/ERVL-MaLR	939	-	146	160730992	37971
chr3	160693021	160893021	harbor2	chr3	160731991	160732118	LTR/ERVL-MaLR	614	-	64	160732055	39034
chr3	160693021	160893021	harbor2	chr3	160735042	160735290	LTR/ERVL-MaLR	607	-	124	160735166	42145
chr3	160693021	160893021	harbor2	chr3	160761672	160762019	LTR/ERVL-MaLR	2087	-	174	160761846	68825
chr3	160693021	160893021	harbor2	chr3	160768902	160769260	LTR/ERVL-MaLR	873	-	179	160769081	76060
chr3	174196473	174396473	harbor2	chr3	174212656	174213155	LTR/ERVL-MaLR	1620	-	250	174212906	16433
chr3	174196473	174396473	harbor2	chr3	174216956	174217357	LTR/ERVL-MaLR	1224	-	200	174217156	20683
chr3	174196473	174396473	harbor2	chr3	174217359	174217716	LTR/ERVL-MaLR	1261	-	178	174217537	21064
chr3	174196473	174396473	harbor2	chr3	174221631	174222078	LTR/ERVL-MaLR	1201	-	224	174221855	25382
chr3	174196473	174396473	harbor2	chr3	174267128	174267307	LTR/ERVL-MaLR	1068	-	90	174267218	70745
chr3	174196473	174396473	harbor2	chr3	174267315	174267441	LTR/ERVL-MaLR	747	-	63	174267378	70905
chr3	148710126	148910126	harbor2	chr3	148769890	148770129	LTR/ERVL-MaLR	751	-	120	148770010	59884
chr3	152101744	152301744	harbor2	chr3	152107246	152107810	LTR/ERVL-MaLR	991	-	282	152107528	5784
chr3	152101744	152301744	harbor2	chr3	152113188	152113593	LTR/ERVL-MaLR	2496	-	202	152113390	11646
chr3	152101744	152301744	harbor2	chr3	152169734	152170101	LTR/ERVL-MaLR	1605	-	184	152169918	68174
chr3	152101744	152301744	harbor2	chr3	152176941	152177300	LTR/ERVL-MaLR	1099	-	180	152177121	75377
chr3	152101744	152301744	harbor2	chr3	152181872	152182141	LTR/ERVL-MaLR	739	-	134	152182006	80262
chr3	152101744	152301744	harbor2	chr3	152190634	152191034	LTR/ERVL-MaLR	667	-	200	152190834	89090
chr3	158265521	158465521	harbor2	chr3	158330831	158331207	LTR/ERVL-MaLR	2076	-	188	158331019	65498
chr3	158265521	158465521	harbor2	chr3	158350474	158350612	LTR/ERVL-MaLR	802	-	69	158350543	85022
chr3	191224515	191424515	harbor2	chr3	191240503	191241019	LTR/ERVL-MaLR	1929	-	258	191240761	16246
chr3	191224515	191424515	harbor2	chr3	191246218	191246310	LTR/ERVL-MaLR	396	-	46	191246264	21749
chr3	191224515	191424515	harbor2	chr3	191246780	191247083	LTR/ERVL-MaLR	821	-	152	191246932	22417
chr3	191224515	191424515	harbor2	chr3	191317927	191318154	LTR/ERVL-MaLR	659	-	114	191318041	93526
chr3	186683583	186883583	harbor2	chr3	186683236	186684373	LTR/ERVL-MaLR	11422	-	568	186683804	221
chr3	186683583	186883583	harbor2	chr3	186684631	186684662	LTR/ERVL-MaLR	11422	-	16	186684647	1064
chr3	186683583	186883583	harbor2	chr3	186684972	186685356	LTR/ERVL-MaLR	11422	-	192	186685164	1581
chr3	186683583	186883583	harbor2	chr3	186685357	186685700	LTR/ERVL-MaLR	1949	-	172	186685529	1946
chr3	186683583	186883583	harbor2	chr3	186694638	186694981	LTR/ERVL-MaLR	1311	-	172	186694810	11227
chr3	186683583	186883583	harbor2	chr3	186710719	186711096	LTR/ERVL-MaLR	1421	-	188	186710907	27324
chr3	99962278	100162278	harbor2	chr3	99994640	99994979	LTR/ERVL-MaLR	2359	-	170	99994810	32532
chr3	99962278	100162278	harbor2	chr3	99994980	99996546	LTR/ERVL-MaLR	11827	-	783	99995763	33485
chr3	99962278	100162278	harbor2	chr3	99996547	99996899	LTR/ERVL-MaLR	2587	-	176	99996723	34445
chr3	99962278	100162278	harbor2	chr3	100053206	100053604	LTR/ERVL-MaLR	1828	-	199	100053405	91127
chr3	153492172	153692172	harbor2	chr3	153517637	153517991	LTR/ERVL-MaLR	1986	-	177	153517814	25642
chr3	153492172	153692172	harbor2	chr3	153522939	153523303	LTR/ERVL-MaLR	2759	-	182	153523121	30949
chr3	153492172	153692172	harbor2	chr3	153523367	153523663	LTR/ERVL-MaLR	1717	-	148	153523515	31343
chr3	153492172	153692172	harbor2	chr3	153561848	153562387	LTR/ERVL-MaLR	1727	-	270	153562118	69946
chr3	153492172	153692172	harbor2	chr3	153568384	153568802	LTR/ERVL-MaLR	699	-	209	153568593	76421
chr3	153492172	153692172	harbor2	chr3	153575406	153575766	LTR/ERVL-MaLR	1630	-	180	153575586	83414
chr3	153492172	153692172	harbor2	chr3	153517992	153519179	LTR/ERVL-MaLR	8684	-	594	153518586	26414
chr3	168478026	168678026	harbor2	chr3	168480122	168480559	LTR/ERVL-MaLR	1633	-	218	168480340	2314
chr3	168478026	168678026	harbor2	chr3	168488209	168488548	LTR/ERVL-MaLR	1188	-	170	168488379	10353
chr3	168478026	168678026	harbor2	chr3	168518644	168519015	LTR/ERVL-MaLR	2694	-	186	168518830	40804
chr3	168478026	168678026	harbor2	chr3	168529630	168530000	LTR/ERVL-MaLR	2416	-	185	168529815	51789
chr3	168478026	168678026	harbor2	chr3	168545620	168546139	LTR/ERVL-MaLR	1168	-	260	168545880	67854
chr3	168478026	168678026	harbor2	chr3	168553466	168553830	LTR/ERVL-MaLR	1703	-	182	168553648	75622
chr3	112286983	112486983	harbor2	chr3	112314028	112314402	LTR/ERVL-MaLR	2264	-	187	112314215	27232
chr3	112286983	112486983	harbor2	chr3	112351706	112352093	LTR/ERVL-MaLR	1998	-	194	112351900	64917
chr3	112286983	112486983	harbor2	chr3	112354645	112355125	LTR/ERVL-MaLR	2151	-	240	112354885	67902
chr3	55468506	55668506	harbor2	chr3	55505082	55505454	LTR/ERVL-MaLR	2353	-	186	55505268	36762
chr3	55468506	55668506	harbor2	chr3	55543738	55544105	LTR/ERVL-MaLR	594	-	184	55543922	75416
chr3	191566193	191766193	harbor2	chr3	191568116	191568527	LTR/ERVL-MaLR	1938	-	206	191568322	2129
chr3	191566193	191766193	harbor2	chr3	191590152	191590593	LTR/ERVL-MaLR	671	-	220	191590372	24179
chr3	191566193	191766193	harbor2	chr3	191601691	191602065	LTR/ERVL-MaLR	1217	-	187	191601878	35685
chr3	191566193	191766193	harbor2	chr3	191624386	191624868	LTR/ERVL-MaLR	754	-	241	191624627	58434
chr3	191566193	191766193	harbor2	chr3	191648862	191649178	LTR/ERVL-MaLR	1126	-	158	191649020	82827
chr3	191566193	191766193	harbor2	chr3	191649180	191649419	LTR/ERVL-MaLR	1556	-	120	191649300	83107
chr3	191566193	191766193	harbor2	chr3	191650128	191650213	LTR/ERVL-MaLR	1556	-	42	191650170	83977
chr3	191566193	191766193	harbor2	chr3	191650216	191651780	LTR/ERVL-MaLR	11017	-	782	191650998	84805
chr3	191566193	191766193	harbor2	chr3	191651781	191652143	LTR/ERVL-MaLR	1934	-	181	191651962	85769
chr3	191566193	191766193	harbor2	chr3	191652144	191652398	LTR/ERVL-MaLR	644	-	127	191652271	86078
chr3	193740598	193940598	harbor2	chr3	193749167	193749519	LTR/ERVL-MaLR	1954	-	176	193749343	8745
chr3	193740598	193940598	harbor2	chr3	193758597	193758806	LTR/ERVL-MaLR	1393	-	104	193758701	18103
chr3	193740598	193940598	harbor2	chr3	193759106	193759213	LTR/ERVL-MaLR	1393	-	54	193759160	18562
chr3	193740598	193940598	harbor2	chr3	193763133	193763380	LTR/ERVL-MaLR	1040	-	124	193763257	22659
chr3	193740598	193940598	harbor2	chr3	193763434	193763560	LTR/ERVL-MaLR	512	-	63	193763497	22899
chr3	193740598	193940598	harbor2	chr3	193808163	193808613	LTR/ERVL-MaLR	2165	-	225	193808388	67790
chr3	193740598	193940598	harbor2	chr3	193836835	193837204	LTR/ERVL-MaLR	1142	-	184	193837019	96421
chr3	183141577	183341577	harbor2	chr3	183167041	183167160	LTR/ERVL-MaLR	1635	-	60	183167101	25524
chr3	183141577	183341577	harbor2	chr3	183167473	183167686	LTR/ERVL-MaLR	1635	-	106	183167579	26002
chr3	183141577	183341577	harbor2	chr3	183167687	183168045	LTR/ERVL-MaLR	2541	-	179	183167866	26289
chr3	183141577	183341577	harbor2	chr3	183168046	183169473	LTR/ERVL-MaLR	10423	-	714	183168760	27183
chr3	183141577	183341577	harbor2	chr3	183169474	183169827	LTR/ERVL-MaLR	3030	-	176	183169650	28073
chr3	54757702	54957702	harbor2	chr3	54774193	54774589	LTR/ERVL-MaLR	2121	-	198	54774391	16689
chr3	54757702	54957702	harbor2	chr3	54778053	54778304	LTR/ERVL-MaLR	968	-	126	54778179	20477
chr3	54757702	54957702	harbor2	chr3	54792390	54792970	LTR/ERVL-MaLR	1845	-	290	54792680	34978
chr3	54757702	54957702	harbor2	chr3	54837536	54837974	LTR/ERVL-MaLR	1640	-	219	54837755	80053
chr3	54757702	54957702	harbor2	chr3	54771273	54771864	LTR/ERVL-MaLR	1669	-	296	54771569	13867
chr3	102198228	102398228	harbor2	chr3	102211325	102211679	LTR/ERVL-MaLR	2193	-	177	102211502	13274
chr3	102198228	102398228	harbor2	chr3	102211680	102213158	LTR/ERVL-MaLR	8632	-	739	102212419	14191
chr3	102198228	102398228	harbor2	chr3	102213159	102213523	LTR/ERVL-MaLR	2290	-	182	102213341	15113
chr3	102198228	102398228	harbor2	chr3	102226693	102227148	LTR/ERVL-MaLR	1811	-	228	102226921	28693
chr3	102198228	102398228	harbor2	chr3	102241434	102241838	LTR/ERVL-MaLR	1384	-	202	102241636	43408
chr3	102198228	102398228	harbor2	chr3	102249037	102249410	LTR/ERVL-MaLR	1394	-	186	102249223	50995
chr3	102198228	102398228	harbor2	chr3	102270572	102270637	LTR/ERVL-MaLR	1948	-	32	102270604	72376
chr3	102198228	102398228	harbor2	chr3	102271161	102271487	LTR/ERVL-MaLR	1948	-	163	102271324	73096
chr3	102198228	102398228	harbor2	chr3	102278799	102279226	LTR/ERVL-MaLR	2757	-	214	102279013	80785
chr3	167211957	167411957	harbor2	chr3	167239794	167240160	LTR/ERVL-MaLR	2495	-	183	167239977	28020
chr3	167211957	167411957	harbor2	chr3	167309266	167310421	LTR/ERVL-MaLR	7970	-	578	167309844	97887
chr3	167211957	167411957	harbor2	chr3	167310426	167310775	LTR/ERVL-MaLR	1952	-	174	167310600	98643
chr3	194784824	194984824	harbor2	chr3	194859256	194859664	LTR/ERVL-MaLR	2345	-	204	194859460	74636
chr3	194784824	194984824	harbor2	chr3	194867336	194867543	LTR/ERVL-MaLR	439	-	104	194867440	82616
chr3	194784824	194984824	harbor2	chr3	194869993	194870389	LTR/ERVL-MaLR	1335	-	198	194870191	85367
chr3	194784824	194984824	harbor2	chr3	194883587	194883781	LTR/ERVL-MaLR	406	-	97	194883684	98860
chr3	185694572	185894572	harbor2	chr3	185705593	185705940	LTR/ERVL-MaLR	1959	-	174	185705767	11195
chr3	191353355	191553355	harbor2	chr3	191361384	191361811	LTR/ERVL-MaLR	1838	-	214	191361598	8243
chr3	191353355	191553355	harbor2	chr3	191404456	191404855	LTR/ERVL-MaLR	1950	-	200	191404656	51301
chr3	191353355	191553355	harbor2	chr3	191404858	191406482	LTR/ERVL-MaLR	8450	-	812	191405670	52315
chr3	191353355	191553355	harbor2	chr3	191406486	191406880	LTR/ERVL-MaLR	2149	-	197	191406683	53328
chr3	191353355	191553355	harbor2	chr3	191415053	191415134	LTR/ERVL-MaLR	2378	-	40	191415093	61738
chr3	191353355	191553355	harbor2	chr3	191415422	191415776	LTR/ERVL-MaLR	2378	-	177	191415599	62244
chr3	191353355	191553355	harbor2	chr3	191432152	191432490	LTR/ERVL-MaLR	1592	-	169	191432321	78966
chr3	183736683	183936683	harbor2	chr3	183748065	183748167	LTR/ERVL-MaLR	557	-	51	183748116	11433
chr3	183736683	183936683	harbor2	chr3	183768149	183768510	LTR/ERVL-MaLR	1050	-	180	183768329	31646
chr3	179215299	179415299	harbor2	chr3	179299653	179300222	LTR/ERVL-MaLR	1348	-	284	179299937	84638
chr3	115318936	115518936	harbor2	chr3	115326006	115326573	LTR/ERVL-MaLR	1994	-	284	115326290	7354
chr3	115318936	115518936	harbor2	chr3	115360387	115360601	LTR/ERVL-MaLR	459	-	107	115360494	41558
chr3	115318936	115518936	harbor2	chr3	115361505	115361923	LTR/ERVL-MaLR	2150	-	209	115361714	42778
chr3	115318936	115518936	harbor2	chr3	115380068	115380496	LTR/ERVL-MaLR	2065	-	214	115380282	61346
chr3	115318936	115518936	harbor2	chr3	115414539	115414713	LTR/ERVL-MaLR	628	-	87	115414626	95690
chr3	115318936	115518936	harbor2	chr3	115415132	115415305	LTR/ERVL-MaLR	901	-	86	115415218	96282
chr3	193212525	193412525	harbor2	chr3	193227752	193227914	LTR/ERVL-MaLR	413	-	81	193227833	15308
chr3	193212525	193412525	harbor2	chr3	193244560	193245009	LTR/ERVL-MaLR	2558	-	224	193244784	32259
chr3	193212525	193412525	harbor2	chr3	193251990	193252381	LTR/ERVL-MaLR	2153	-	196	193252186	39661
chr3	193212525	193412525	harbor2	chr3	193304743	193305084	LTR/ERVL-MaLR	1775	-	170	193304913	92388
chr3	196863918	197063918	harbor2	chr3	196956213	196956597	LTR/ERVL-MaLR	2197	-	192	196956405	92487
chr3	196863918	197063918	harbor2	chr3	196961708	196961771	LTR/ERVL-MaLR	686	-	32	196961740	97822
chr3	196863918	197063918	harbor2	chr3	196963516	196963731	LTR/ERVL-MaLR	686	-	108	196963624	99706
chr3	173957326	174157326	harbor2	chr3	173995113	173995612	LTR/ERVL-MaLR	685	-	250	173995363	38037
chr3	173957326	174157326	harbor2	chr3	174008196	174008315	LTR/ERVL-MaLR	419	-	60	174008256	50930
chr3	173957326	174157326	harbor2	chr3	174008970	174009320	LTR/ERVL-MaLR	1506	-	175	174009145	51819
chr3	173957326	174157326	harbor2	chr3	174015234	174015595	LTR/ERVL-MaLR	1419	-	180	174015414	58088
chr3	173957326	174157326	harbor2	chr3	174042882	174043245	LTR/ERVL-MaLR	2247	-	182	174043064	85738
chr3	173957326	174157326	harbor2	chr3	174043246	174044710	LTR/ERVL-MaLR	9975	-	732	174043978	86652
chr3	173957326	174157326	harbor2	chr3	174045065	174045167	LTR/ERVL-MaLR	9975	-	51	174045116	87790
chr3	173957326	174157326	harbor2	chr3	174045168	174045556	LTR/ERVL-MaLR	2048	-	194	174045362	88036
chr3	177055350	177255350	harbor2	chr3	177075020	177075483	LTR/ERVL-MaLR	1348	-	232	177075252	19902
chr3	177055350	177255350	harbor2	chr3	177075792	177075938	LTR/ERVL-MaLR	1605	-	73	177075865	20515
chr3	177055350	177255350	harbor2	chr3	177075939	177076300	LTR/ERVL-MaLR	1262	-	180	177076119	20769
chr3	177055350	177255350	harbor2	chr3	177076301	177076561	LTR/ERVL-MaLR	1605	-	130	177076431	21081
chr3	177055350	177255350	harbor2	chr3	177147577	177147834	LTR/ERVL-MaLR	409	-	128	177147705	92355
chr3	140441782	140641782	harbor2	chr3	140454564	140454892	LTR/ERVL-MaLR	1222	-	164	140454728	12946
chr3	140441782	140641782	harbor2	chr3	140462830	140463047	LTR/ERVL-MaLR	680	-	108	140462938	21156
chr3	140441782	140641782	harbor2	chr3	140468890	140469240	LTR/ERVL-MaLR	1430	-	175	140469065	27283
chr3	140441782	140641782	harbor2	chr3	140502831	140503246	LTR/ERVL-MaLR	2014	-	208	140503039	61257
chr3	140441782	140641782	harbor2	chr3	140503594	140503652	LTR/ERVL-MaLR	2014	-	29	140503623	61841
chr3	140441782	140641782	harbor2	chr3	140520266	140520637	LTR/ERVL-MaLR	2205	-	186	140520452	78670
chr3	140441782	140641782	harbor2	chr3	140534469	140534834	LTR/ERVL-MaLR	880	-	182	140534651	92869
chr3	140441782	140641782	harbor2	chr3	140535151	140535378	LTR/ERVL-MaLR	457	-	114	140535265	93483
chr3	197434790	197634790	harbor2	chr3	197447574	197447644	LTR/ERVL-MaLR	489	-	35	197447609	12819
chr3	197434790	197634790	harbor2	chr3	197449831	197450178	LTR/ERVL-MaLR	1815	-	174	197450005	15215
chr3	197434790	197634790	harbor2	chr3	197451620	197451791	LTR/ERVL-MaLR	575	-	86	197451706	16916
chr3	197434790	197634790	harbor2	chr3	197470783	197471186	LTR/ERVL-MaLR	2299	-	202	197470985	36195
chr3	197434790	197634790	harbor2	chr3	197480239	197480632	LTR/ERVL-MaLR	1320	-	196	197480435	45645
chr3	197434790	197634790	harbor2	chr3	197501407	197501876	LTR/ERVL-MaLR	1384	-	234	197501641	66851
chr3	196729397	196929397	harbor2	chr3	196780270	196780620	LTR/ERVL-MaLR	2324	-	175	196780445	51048
chr3	196729397	196929397	harbor2	chr3	196785638	196785959	LTR/ERVL-MaLR	2052	-	160	196785798	56401
chr3	75603633	75803633	harbor2	chr3	75615110	75615233	LTR/ERVL-MaLR	452	-	62	75615172	11539
chr3	75603633	75803633	harbor2	chr3	75689314	75689718	LTR/ERVL-MaLR	630	-	202	75689516	85883
chr3	153486213	153686213	harbor2	chr3	153517637	153517991	LTR/ERVL-MaLR	1986	-	177	153517814	31601
chr3	153486213	153686213	harbor2	chr3	153522939	153523303	LTR/ERVL-MaLR	2759	-	182	153523121	36908
chr3	153486213	153686213	harbor2	chr3	153523367	153523663	LTR/ERVL-MaLR	1717	-	148	153523515	37302
chr3	153486213	153686213	harbor2	chr3	153561848	153562387	LTR/ERVL-MaLR	1727	-	270	153562118	75905
chr3	153486213	153686213	harbor2	chr3	153568384	153568802	LTR/ERVL-MaLR	699	-	209	153568593	82380
chr3	153486213	153686213	harbor2	chr3	153575406	153575766	LTR/ERVL-MaLR	1630	-	180	153575586	89373
chr3	153486213	153686213	harbor2	chr3	153517992	153519179	LTR/ERVL-MaLR	8684	-	594	153518586	32373
chr3	141044228	141244228	harbor2	chr3	141048787	141049314	LTR/ERVL-MaLR	2258	-	264	141049051	4823
chr3	141044228	141244228	harbor2	chr3	141059215	141059281	LTR/ERVL-MaLR	601	-	33	141059248	15020
chr3	141044228	141244228	harbor2	chr3	141059282	141059692	LTR/ERVL-MaLR	2398	-	205	141059487	15259
chr3	141044228	141244228	harbor2	chr3	141059693	141059736	LTR/ERVL-MaLR	601	-	22	141059715	15487
chr3	141044228	141244228	harbor2	chr3	141085246	141085652	LTR/ERVL-MaLR	1277	-	203	141085449	41221
chr3	141044228	141244228	harbor2	chr3	141107002	141107246	LTR/ERVL-MaLR	524	-	122	141107124	62896
chr3	141044228	141244228	harbor2	chr3	141110487	141110872	LTR/ERVL-MaLR	1336	-	192	141110679	66451
chr3	141044228	141244228	harbor2	chr3	141098801	141099170	LTR/ERVL-MaLR	1450	-	184	141098985	54757
chr3	156031316	156231316	harbor2	chr3	156050344	156050442	LTR/ERVL-MaLR	439	-	49	156050393	19077
chr3	156031316	156231316	harbor2	chr3	156097514	156098018	LTR/ERVL-MaLR	951	-	252	156097766	66450
chr3	156031316	156231316	harbor2	chr3	156118076	156118549	LTR/ERVL-MaLR	778	-	236	156118312	86996
chr3	75993788	76193788	harbor2	chr3	76000050	76000131	LTR/ERVL-MaLR	453	-	40	76000090	6302
chr3	75993788	76193788	harbor2	chr3	76004419	76004769	LTR/ERVL-MaLR	1604	-	175	76004594	10806
chr3	75993788	76193788	harbor2	chr3	76033588	76034102	LTR/ERVL-MaLR	755	-	257	76033845	40057
chr3	75993788	76193788	harbor2	chr3	76054956	76055306	LTR/ERVL-MaLR	2506	-	175	76055131	61343
chr3	75993788	76193788	harbor2	chr3	76061675	76062184	LTR/ERVL-MaLR	1565	-	254	76061929	68141
chr3	75993788	76193788	harbor2	chr3	76086061	76086432	LTR/ERVL-MaLR	2327	-	186	76086247	92459
chr3	80137271	80337271	harbor2	chr3	80160797	80160842	LTR/ERVL-MaLR	405	-	22	80160819	23548
chr3	80137271	80337271	harbor2	chr3	80161126	80161638	LTR/ERVL-MaLR	405	-	256	80161382	24111
chr3	80137271	80337271	harbor2	chr3	80168780	80169144	LTR/ERVL-MaLR	2438	-	182	80168962	31691
chr3	80137271	80337271	harbor2	chr3	80176615	80176961	LTR/ERVL-MaLR	656	-	173	80176788	39517
chr3	80137271	80337271	harbor2	chr3	80177350	80177723	LTR/ERVL-MaLR	1983	-	186	80177536	40265
chr3	80137271	80337271	harbor2	chr3	80192099	80192464	LTR/ERVL-MaLR	1264	-	182	80192281	55010
chr3	80137271	80337271	harbor2	chr3	80195175	80195537	LTR/ERVL-MaLR	1781	-	181	80195356	58085
chr3	80137271	80337271	harbor2	chr3	80209962	80210168	LTR/ERVL-MaLR	522	-	103	80210065	72794
chr3	80137271	80337271	harbor2	chr3	80236331	80236803	LTR/ERVL-MaLR	1567	-	236	80236567	99296
chr3	138422083	138622083	harbor2	chr3	138431502	138431936	LTR/ERVL-MaLR	1683	-	217	138431719	9636
chr3	138422083	138622083	harbor2	chr3	138436151	138436482	LTR/ERVL-MaLR	1653	-	166	138436317	14234
chr3	138422083	138622083	harbor2	chr3	138466699	138467075	LTR/ERVL-MaLR	1925	-	188	138466887	44804
chr3	176377798	176577798	harbor2	chr3	176403509	176403877	LTR/ERVL-MaLR	494	-	184	176403693	25895
chr3	176377798	176577798	harbor2	chr3	176470533	176470984	LTR/ERVL-MaLR	1462	-	226	176470759	92961
chr3	122991355	123191355	harbor2	chr3	123056285	123056724	LTR/ERVL-MaLR	2259	-	220	123056505	65150
chr3	122991355	123191355	harbor2	chr3	123057030	123057158	LTR/ERVL-MaLR	2259	-	64	123057094	65739
chr3	122991355	123191355	harbor2	chr3	123061627	123062023	LTR/ERVL-MaLR	2609	-	198	123061825	70470
chr3	122991355	123191355	harbor2	chr3	123063638	123064030	LTR/ERVL-MaLR	2067	-	196	123063834	72479
chr3	122991355	123191355	harbor2	chr3	123069447	123069806	LTR/ERVL-MaLR	1426	-	180	123069627	78272
chr3	122991355	123191355	harbor2	chr3	123080758	123081147	LTR/ERVL-MaLR	1005	-	194	123080952	89597
chr3	108963622	109163622	harbor2	chr3	109048542	109048947	LTR/ERVL-MaLR	2166	-	202	109048744	85122
chr3	108963622	109163622	harbor2	chr3	109050240	109050605	LTR/ERVL-MaLR	1764	-	182	109050422	86800
chr3	184217654	184417654	harbor2	chr3	184267283	184267639	LTR/ERVL-MaLR	2384	-	178	184267461	49807
chr3	192575339	192775339	harbor2	chr3	192632747	192633033	LTR/ERVL-MaLR	1482	-	143	192632890	57551
chr3	192575339	192775339	harbor2	chr3	192633346	192633482	LTR/ERVL-MaLR	1482	-	68	192633414	58075
chr3	153547307	153747307	harbor2	chr3	153561848	153562387	LTR/ERVL-MaLR	1727	-	270	153562118	14811
chr3	153547307	153747307	harbor2	chr3	153568384	153568802	LTR/ERVL-MaLR	699	-	209	153568593	21286
chr3	153547307	153747307	harbor2	chr3	153575406	153575766	LTR/ERVL-MaLR	1630	-	180	153575586	28279
chr3	153547307	153747307	harbor2	chr3	153638099	153638274	LTR/ERVL-MaLR	817	-	88	153638187	90880
chr3	161595064	161795064	harbor2	chr3	161602098	161602461	LTR/ERVL-MaLR	1909	-	182	161602280	7216
chr3	161595064	161795064	harbor2	chr3	161613938	161614359	LTR/ERVL-MaLR	2345	-	210	161614148	19084
chr3	161595064	161795064	harbor2	chr3	161614394	161615410	LTR/ERVL-MaLR	2747	-	508	161614902	19838
chr3	161595064	161795064	harbor2	chr3	161615448	161615894	LTR/ERVL-MaLR	2747	-	223	161615671	20607
chr3	161595064	161795064	harbor2	chr3	161627492	161627853	LTR/ERVL-MaLR	2340	-	180	161627672	32608
chr3	161595064	161795064	harbor2	chr3	161648035	161648567	LTR/ERVL-MaLR	1091	-	266	161648301	53237
chr3	161595064	161795064	harbor2	chr3	161672544	161672932	LTR/ERVL-MaLR	768	-	194	161672738	77674
chr3	161595064	161795064	harbor2	chr3	161691603	161691992	LTR/ERVL-MaLR	1003	-	194	161691797	96733
chr3	161595064	161795064	harbor2	chr3	161693392	161693940	LTR/ERVL-MaLR	1765	-	274	161693666	98602
chr3	161595064	161795064	harbor2	chr3	161611389	161611878	LTR/ERVL-MaLR	2170	-	244	161611633	16569
chr3	158946320	159146320	harbor2	chr3	158958536	158958919	LTR/ERVL-MaLR	2096	-	192	158958728	12408
chr3	158946320	159146320	harbor2	chr3	158959855	158960315	LTR/ERVL-MaLR	2725	-	230	158960085	13765
chr3	158946320	159146320	harbor2	chr3	158965817	158966235	LTR/ERVL-MaLR	868	-	209	158966026	19706
chr3	158946320	159146320	harbor2	chr3	158979572	158979719	LTR/ERVL-MaLR	403	-	74	158979646	33326
chr3	158946320	159146320	harbor2	chr3	158980313	158980618	LTR/ERVL-MaLR	525	-	152	158980465	34145
chr3	158946320	159146320	harbor2	chr3	158981164	158981577	LTR/ERVL-MaLR	2397	-	206	158981370	35050
chr3	158946320	159146320	harbor2	chr3	158997363	158997859	LTR/ERVL-MaLR	1256	-	248	158997611	51291
chr3	172633074	172833074	harbor2	chr3	172718052	172718379	LTR/ERVL-MaLR	1098	-	164	172718216	85142
chr3	88682413	88882413	harbor2	chr3	88691121	88691477	LTR/ERVL-MaLR	2134	-	178	88691299	8886
chr3	88682413	88882413	harbor2	chr3	88727337	88727629	LTR/ERVL-MaLR	1401	-	146	88727483	45070
chr3	88682413	88882413	harbor2	chr3	88727873	88728453	LTR/ERVL-MaLR	1401	-	290	88728163	45750
chr3	88682413	88882413	harbor2	chr3	88728482	88728867	LTR/ERVL-MaLR	581	-	192	88728674	46261
chr3	88682413	88882413	harbor2	chr3	88743386	88743583	LTR/ERVL-MaLR	591	-	98	88743484	61071
chr3	88682413	88882413	harbor2	chr3	88759661	88760142	LTR/ERVL-MaLR	2071	-	240	88759901	77488
chr3	88682413	88882413	harbor2	chr3	88773783	88774126	LTR/ERVL-MaLR	801	-	172	88773955	91542
chr3	88682413	88882413	harbor2	chr3	88779567	88779940	LTR/ERVL-MaLR	1868	-	186	88779753	97340
chr3	88682413	88882413	harbor2	chr3	88779941	88781439	LTR/ERVL-MaLR	9348	-	749	88780690	98277
chr3	88682413	88882413	harbor2	chr3	88781440	88781810	LTR/ERVL-MaLR	1862	-	185	88781625	99212
chr3	147777992	147977992	harbor2	chr3	147791898	147792255	LTR/ERVL-MaLR	1750	-	178	147792076	14084
chr3	147777992	147977992	harbor2	chr3	147815375	147815687	LTR/ERVL-MaLR	1347	-	156	147815531	37539
chr3	147777992	147977992	harbor2	chr3	147837330	147837667	LTR/ERVL-MaLR	1048	-	168	147837498	59506
chr3	147777992	147977992	harbor2	chr3	147839490	147839827	LTR/ERVL-MaLR	1485	-	168	147839658	61666
chr3	147777992	147977992	harbor2	chr3	147839983	147840330	LTR/ERVL-MaLR	585	-	174	147840157	62165
chr3	147777992	147977992	harbor2	chr3	147842786	147843017	LTR/ERVL-MaLR	698	-	116	147842902	64910
chr3	147777992	147977992	harbor2	chr3	147857255	147857659	LTR/ERVL-MaLR	2251	-	202	147857457	79465
chr3	147777992	147977992	harbor2	chr3	147857663	147859300	LTR/ERVL-MaLR	8527	-	818	147858481	80489
chr3	147777992	147977992	harbor2	chr3	147859301	147859732	LTR/ERVL-MaLR	1892	-	216	147859517	81525
chr3	147777992	147977992	harbor2	chr3	147862548	147862916	LTR/ERVL-MaLR	2406	-	184	147862732	84740
chr3	145058469	145258469	harbor2	chr3	145060344	145060699	LTR/ERVL-MaLR	1948	-	178	145060522	2053
chr3	145058469	145258469	harbor2	chr3	145060700	145062290	LTR/ERVL-MaLR	11070	-	795	145061495	3026
chr3	145058469	145258469	harbor2	chr3	145062291	145062643	LTR/ERVL-MaLR	1934	-	176	145062467	3998
chr3	145058469	145258469	harbor2	chr3	145072319	145072656	LTR/ERVL-MaLR	2556	-	168	145072487	14018
chr3	145058469	145258469	harbor2	chr3	145072657	145074222	LTR/ERVL-MaLR	11062	-	782	145073439	14970
chr3	145058469	145258469	harbor2	chr3	145074223	145074565	LTR/ERVL-MaLR	2432	-	171	145074394	15925
chr3	145058469	145258469	harbor2	chr3	145078271	145078605	LTR/ERVL-MaLR	610	-	167	145078438	19969
chr3	145058469	145258469	harbor2	chr3	145087059	145087420	LTR/ERVL-MaLR	1513	-	180	145087239	28770
chr3	145058469	145258469	harbor2	chr3	145088940	145089312	LTR/ERVL-MaLR	1241	-	186	145089126	30657
chr3	145058469	145258469	harbor2	chr3	145101263	145101568	LTR/ERVL-MaLR	522	-	152	145101415	42946
chr3	145058469	145258469	harbor2	chr3	145103712	145103868	LTR/ERVL-MaLR	489	-	78	145103790	45321
chr3	145058469	145258469	harbor2	chr3	145118652	145119002	LTR/ERVL-MaLR	1621	-	175	145118827	60358
chr3	145058469	145258469	harbor2	chr3	145144155	145144474	LTR/ERVL-MaLR	489	-	160	145144315	85846
chr3	145058469	145258469	harbor2	chr3	145155011	145155414	LTR/ERVL-MaLR	2305	-	202	145155213	96744
chr3	146673254	146873254	harbor2	chr3	146676142	146676281	LTR/ERVL-MaLR	570	-	70	146676212	2958
chr3	146673254	146873254	harbor2	chr3	146677166	146677532	LTR/ERVL-MaLR	2028	-	183	146677349	4095
chr3	146673254	146873254	harbor2	chr3	146684438	146684800	LTR/ERVL-MaLR	2509	-	181	146684619	11365
chr3	146673254	146873254	harbor2	chr3	146686057	146686373	LTR/ERVL-MaLR	10782	-	158	146686215	12961
chr3	146673254	146873254	harbor2	chr3	146686374	146686727	LTR/ERVL-MaLR	2558	-	176	146686550	13296
chr3	146673254	146873254	harbor2	chr3	146698138	146698535	LTR/ERVL-MaLR	2176	-	198	146698336	25082
chr3	146673254	146873254	harbor2	chr3	146699619	146699694	LTR/ERVL-MaLR	518	-	38	146699657	26403
chr3	146673254	146873254	harbor2	chr3	146700251	146700555	LTR/ERVL-MaLR	2077	-	152	146700403	27149
chr3	146673254	146873254	harbor2	chr3	146736362	146736454	LTR/ERVL-MaLR	548	-	46	146736408	63154
chr3	146673254	146873254	harbor2	chr3	146754103	146754455	LTR/ERVL-MaLR	2668	-	176	146754279	81025
chr3	146673254	146873254	harbor2	chr3	146760584	146761004	LTR/ERVL-MaLR	1771	-	210	146760794	87540
chr3	146673254	146873254	harbor2	chr3	146761506	146761901	LTR/ERVL-MaLR	1313	-	198	146761704	88450
chr3	146673254	146873254	harbor2	chr3	146684801	146686016	LTR/ERVL-MaLR	10782	-	608	146685409	12155
chr3	197960514	198160514	harbor2	chr3	197971158	197971500	LTR/ERVL-MaLR	2150	-	171	197971329	10815
chr3	197960514	198160514	harbor2	chr3	198032449	198032834	LTR/ERVL-MaLR	2038	-	192	198032641	72127
chr3	197960514	198160514	harbor2	chr3	198045245	198045570	LTR/ERVL-MaLR	1746	-	162	198045407	84893
chr3	197960514	198160514	harbor2	chr3	198048109	198048293	LTR/ERVL-MaLR	539	-	92	198048201	87687
chr3	197960514	198160514	harbor2	chr3	198048667	198048773	LTR/ERVL-MaLR	488	-	53	198048720	88206
chr3	197960514	198160514	harbor2	chr3	198048780	198049118	LTR/ERVL-MaLR	1327	-	169	198048949	88435
chr3	197960514	198160514	harbor2	chr3	198049115	198049218	LTR/ERVL-MaLR	396	-	52	198049167	88653
chr3	197960514	198160514	harbor2	chr3	198049264	198049362	LTR/ERVL-MaLR	445	-	49	198049313	88799
chr3	197960514	198160514	harbor2	chr3	198051674	198051966	LTR/ERVL-MaLR	6254	-	146	198051820	91306
chr3	197960514	198160514	harbor2	chr3	198049363	198050671	LTR/ERVL-MaLR	6254	-	654	198050017	89503
chr3	169725217	169925217	harbor2	chr3	169756648	169756989	LTR/ERVL-MaLR	2538	-	170	169756818	31601
chr3	190773709	190973709	harbor2	chr3	190789017	190789338	LTR/ERVL-MaLR	1308	-	160	190789177	15468
chr3	190773709	190973709	harbor2	chr3	190800615	190800741	LTR/ERVL-MaLR	848	-	63	190800678	26969
chr3	190773709	190973709	harbor2	chr3	190820559	190820967	LTR/ERVL-MaLR	963	-	204	190820763	47054
chr3	197488270	197688270	harbor2	chr3	197501407	197501876	LTR/ERVL-MaLR	1384	-	234	197501641	13371
chr3	197488270	197688270	harbor2	chr3	197534865	197535205	LTR/ERVL-MaLR	2005	-	170	197535035	46765
chr3	149425678	149625678	harbor2	chr3	149428429	149428811	LTR/ERVL-MaLR	2069	-	191	149428620	2942
chr3	149425678	149625678	harbor2	chr3	149435912	149436148	LTR/ERVL-MaLR	1387	-	118	149436030	10352
chr3	149425678	149625678	harbor2	chr3	149436644	149436860	LTR/ERVL-MaLR	1244	-	108	149436752	11074
chr3	149425678	149625678	harbor2	chr3	149450817	149451229	LTR/ERVL-MaLR	2446	-	206	149451023	25345
chr3	149425678	149625678	harbor2	chr3	149451233	149451452	LTR/ERVL-MaLR	10056	-	110	149451343	25665
chr3	149425678	149625678	harbor2	chr3	149451756	149453184	LTR/ERVL-MaLR	10056	-	714	149452470	26792
chr3	149425678	149625678	harbor2	chr3	149453185	149453263	LTR/ERVL-MaLR	601	-	39	149453224	27546
chr3	149425678	149625678	harbor2	chr3	149453270	149453495	LTR/ERVL-MaLR	1380	-	112	149453382	27704
chr3	149425678	149625678	harbor2	chr3	149453664	149453897	LTR/ERVL-MaLR	452	-	116	149453780	28102
chr3	149425678	149625678	harbor2	chr3	149458096	149458456	LTR/ERVL-MaLR	2247	-	180	149458276	32598
chr3	149106754	149306754	harbor2	chr3	149113503	149113893	LTR/ERVL-MaLR	2036	-	195	149113698	6944
chr3	170681530	170881530	harbor2	chr3	170693011	170693429	LTR/ERVL-MaLR	507	-	209	170693220	11690
chr3	170681530	170881530	harbor2	chr3	170699248	170699657	LTR/ERVL-MaLR	1610	-	204	170699452	17922
chr3	170681530	170881530	harbor2	chr3	170699688	170700064	LTR/ERVL-MaLR	2642	-	188	170699876	18346
chr3	170681530	170881530	harbor2	chr3	170703172	170703567	LTR/ERVL-MaLR	1492	-	198	170703370	21840
chr3	170681530	170881530	harbor2	chr3	170715378	170715734	LTR/ERVL-MaLR	2416	-	178	170715556	34026
chr3	170681530	170881530	harbor2	chr3	170729913	170730116	LTR/ERVL-MaLR	516	-	102	170730015	48485
chr3	170681530	170881530	harbor2	chr3	170734912	170735167	LTR/ERVL-MaLR	877	-	128	170735040	53510
chr3	170681530	170881530	harbor2	chr3	170740313	170740705	LTR/ERVL-MaLR	2107	-	196	170740509	58979
chr3	170681530	170881530	harbor2	chr3	170744281	170744635	LTR/ERVL-MaLR	2343	-	177	170744458	62928
chr3	197108554	197308554	harbor2	chr3	197205703	197206124	LTR/ERVL-MaLR	935	-	210	197205913	97359
chr3	78311001	78511001	harbor2	chr3	78316405	78316765	LTR/ERVL-MaLR	2479	-	180	78316585	5584
chr3	78311001	78511001	harbor2	chr3	78381091	78381451	LTR/ERVL-MaLR	1516	-	180	78381271	70270
chr3	78311001	78511001	harbor2	chr3	78386689	78387036	LTR/ERVL-MaLR	1836	-	174	78386863	75862
chr3	78311001	78511001	harbor2	chr3	78387039	78388588	LTR/ERVL-MaLR	11286	-	774	78387813	76812
chr3	78311001	78511001	harbor2	chr3	78388589	78388945	LTR/ERVL-MaLR	2109	-	178	78388767	77766
chr3	78311001	78511001	harbor2	chr3	78403547	78403622	LTR/ERVL-MaLR	1630	-	38	78403585	92584
chr3	78311001	78511001	harbor2	chr3	78403886	78404446	LTR/ERVL-MaLR	1630	-	280	78404166	93165
chr3	78311001	78511001	harbor2	chr3	78331717	78332072	LTR/ERVL-MaLR	1447	-	178	78331895	20894
chr3	166610478	166810478	harbor2	chr3	166612806	166613169	LTR/ERVL-MaLR	2431	-	182	166612988	2510
chr3	166610478	166810478	harbor2	chr3	166613170	166614510	LTR/ERVL-MaLR	8651	-	670	166613840	3362
chr3	166610478	166810478	harbor2	chr3	166636432	166636807	LTR/ERVL-MaLR	1507	-	188	166636620	26142
chr3	166610478	166810478	harbor2	chr3	166652778	166653110	LTR/ERVL-MaLR	1607	-	166	166652944	42466
chr3	166610478	166810478	harbor2	chr3	166664602	166664968	LTR/ERVL-MaLR	2014	-	183	166664785	54307
chr3	166610478	166810478	harbor2	chr3	166666704	166666905	LTR/ERVL-MaLR	660	-	100	166666804	56326
chr3	166610478	166810478	harbor2	chr3	166676017	166676380	LTR/ERVL-MaLR	2313	-	182	166676199	65721
chr3	166610478	166810478	harbor2	chr3	166676381	166677526	LTR/ERVL-MaLR	9317	-	572	166676953	66475
chr3	166610478	166810478	harbor2	chr3	166677828	166678284	LTR/ERVL-MaLR	9317	-	228	166678056	67578
chr3	166610478	166810478	harbor2	chr3	166678285	166678648	LTR/ERVL-MaLR	2427	-	182	166678467	67989
chr3	166610478	166810478	harbor2	chr3	166690148	166690369	LTR/ERVL-MaLR	1172	-	110	166690258	79780
chr3	166610478	166810478	harbor2	chr3	166691965	166692157	LTR/ERVL-MaLR	397	-	96	166692061	81583
chr3	166610478	166810478	harbor2	chr3	166709920	166710276	LTR/ERVL-MaLR	2033	-	178	166710098	99620
chr3	112209896	112409896	harbor2	chr3	112258348	112258426	LTR/ERVL-MaLR	2021	-	39	112258387	48491
chr3	112209896	112409896	harbor2	chr3	112258760	112259101	LTR/ERVL-MaLR	2021	-	170	112258930	49034
chr3	146856426	147056426	harbor2	chr3	146857398	146857778	LTR/ERVL-MaLR	1682	-	190	146857588	1162
chr3	146856426	147056426	harbor2	chr3	146892085	146892497	LTR/ERVL-MaLR	1927	-	206	146892291	35865
chr3	146856426	147056426	harbor2	chr3	146906008	146906349	LTR/ERVL-MaLR	1743	-	170	146906178	49752
chr3	146856426	147056426	harbor2	chr3	146919300	146919753	LTR/ERVL-MaLR	1385	-	226	146919526	63100
chr4	179410745	179610745	harbor2	chr4	179446589	179446882	LTR/ERVL-MaLR	1734	-	146	179446735	35990
chr4	179410745	179610745	harbor2	chr4	179447175	179447361	LTR/ERVL-MaLR	1734	-	93	179447268	36523
chr4	179410745	179610745	harbor2	chr4	179447362	179447801	LTR/ERVL-MaLR	1553	-	220	179447582	36837
chr4	179410745	179610745	harbor2	chr4	179491474	179491686	LTR/ERVL-MaLR	477	-	106	179491580	80835
chr4	179410745	179610745	harbor2	chr4	179494385	179494647	LTR/ERVL-MaLR	1344	-	131	179494516	83771
chr4	179410745	179610745	harbor2	chr4	179494949	179495171	LTR/ERVL-MaLR	1344	-	111	179495060	84315
chr4	179410745	179610745	harbor2	chr4	179496358	179496705	LTR/ERVL-MaLR	2209	-	174	179496532	85787
chr4	179410745	179610745	harbor2	chr4	179496877	179497457	LTR/ERVL-MaLR	728	-	290	179497167	86422
chr4	179410745	179610745	harbor2	chr4	179501559	179501966	LTR/ERVL-MaLR	2183	-	204	179501763	91018
chr4	57528894	57728894	harbor2	chr4	57530051	57530232	LTR/ERVL-MaLR	532	-	90	57530141	1247
chr4	57528894	57728894	harbor2	chr4	57572000	57572387	LTR/ERVL-MaLR	2186	-	194	57572194	43300
chr4	57528894	57728894	harbor2	chr4	57577312	57577669	LTR/ERVL-MaLR	526	-	178	57577490	48596
chr4	57528894	57728894	harbor2	chr4	57578357	57578374	LTR/ERVL-MaLR	1387	-	8	57578365	49471
chr4	57528894	57728894	harbor2	chr4	57578957	57579309	LTR/ERVL-MaLR	1387	-	176	57579133	50239
chr4	57528894	57728894	harbor2	chr4	57584474	57584914	LTR/ERVL-MaLR	2110	-	220	57584694	55800
chr4	57528894	57728894	harbor2	chr4	57585308	57585429	LTR/ERVL-MaLR	436	-	60	57585368	56474
chr4	57528894	57728894	harbor2	chr4	57585435	57585708	LTR/ERVL-MaLR	830	-	136	57585571	56677
chr4	57528894	57728894	harbor2	chr4	57585718	57586172	LTR/ERVL-MaLR	1806	-	227	57585945	57051
chr4	57528894	57728894	harbor2	chr4	57596129	57596375	LTR/ERVL-MaLR	670	-	123	57596252	67358
chr4	57528894	57728894	harbor2	chr4	57601400	57601632	LTR/ERVL-MaLR	486	-	116	57601516	72622
chr4	185854361	186054361	harbor2	chr4	185856699	185857067	LTR/ERVL-MaLR	1822	-	184	185856883	2522
chr4	185854361	186054361	harbor2	chr4	185933362	185933839	LTR/ERVL-MaLR	2179	-	238	185933600	79239
chr4	121875958	122075958	harbor2	chr4	121953943	121954334	LTR/ERVL-MaLR	2463	-	196	121954139	78181
chr4	121875958	122075958	harbor2	chr4	121955219	121955586	LTR/ERVL-MaLR	2271	-	184	121955403	79445
chr4	121875958	122075958	harbor2	chr4	121960042	121960483	LTR/ERVL-MaLR	2242	-	220	121960262	84304
chr4	121875958	122075958	harbor2	chr4	121963937	121964295	LTR/ERVL-MaLR	2166	-	179	121964116	88158
chr4	151867175	152067175	harbor2	chr4	151881732	151882105	LTR/ERVL-MaLR	1668	-	186	151881918	14743
chr4	151867175	152067175	harbor2	chr4	151887837	151888343	LTR/ERVL-MaLR	1390	-	253	151888090	20915
chr4	151867175	152067175	harbor2	chr4	151898319	151898731	LTR/ERVL-MaLR	2744	-	206	151898525	31350
chr4	151867175	152067175	harbor2	chr4	151925891	151926381	LTR/ERVL-MaLR	786	-	245	151926136	58961
chr4	151867175	152067175	harbor2	chr4	151941302	151941516	LTR/ERVL-MaLR	625	-	107	151941409	74234
chr4	151867175	152067175	harbor2	chr4	151942999	151943364	LTR/ERVL-MaLR	1200	-	182	151943181	76006
chr4	151867175	152067175	harbor2	chr4	151958450	151958829	LTR/ERVL-MaLR	1846	-	190	151958640	91465
chr4	161905581	162105581	harbor2	chr4	161948910	161949380	LTR/ERVL-MaLR	2144	-	235	161949145	43564
chr4	119055749	119255749	harbor2	chr4	119071340	119071703	LTR/ERVL-MaLR	1436	-	182	119071522	15773
chr4	119055749	119255749	harbor2	chr4	119142907	119143183	LTR/ERVL-MaLR	1046	-	138	119143045	87296
chr4	119055749	119255749	harbor2	chr4	119143494	119143548	LTR/ERVL-MaLR	1046	-	27	119143521	87772
chr4	119055749	119255749	harbor2	chr4	119154899	119155298	LTR/ERVL-MaLR	2200	-	200	119155099	99350
chr4	109287094	109487094	harbor2	chr4	109321293	109321638	LTR/ERVL-MaLR	1247	-	172	109321465	34371
chr4	109287094	109487094	harbor2	chr4	109322672	109324271	LTR/ERVL-MaLR	11694	-	800	109323472	36378
chr4	109287094	109487094	harbor2	chr4	109324272	109324634	LTR/ERVL-MaLR	1985	-	181	109324453	37359
chr4	109287094	109487094	harbor2	chr4	109327394	109327921	LTR/ERVL-MaLR	2645	-	264	109327658	40564
chr4	109287094	109487094	harbor2	chr4	109381395	109381544	LTR/ERVL-MaLR	450	-	74	109381469	94375
chr4	134530249	134730249	harbor2	chr4	134537718	134538067	LTR/ERVL-MaLR	1915	-	174	134537892	7643
chr4	134530249	134730249	harbor2	chr4	134549556	134549917	LTR/ERVL-MaLR	1105	-	180	134549736	19487
chr4	134530249	134730249	harbor2	chr4	134567451	134567701	LTR/ERVL-MaLR	445	-	125	134567576	37327
chr4	134530249	134730249	harbor2	chr4	134579708	134579935	LTR/ERVL-MaLR	571	-	114	134579822	49573
chr4	134530249	134730249	harbor2	chr4	134579986	134580234	LTR/ERVL-MaLR	647	-	124	134580110	49861
chr4	134530249	134730249	harbor2	chr4	134620713	134621089	LTR/ERVL-MaLR	1333	-	188	134620901	90652
chr4	184766898	184966898	harbor2	chr4	184827486	184827848	LTR/ERVL-MaLR	1361	-	181	184827667	60769
chr4	184766898	184966898	harbor2	chr4	184828156	184828208	LTR/ERVL-MaLR	1361	-	26	184828182	61284
chr4	184766898	184966898	harbor2	chr4	184833103	184833479	LTR/ERVL-MaLR	903	-	188	184833291	66393
chr4	184766898	184966898	harbor2	chr4	184848467	184848562	LTR/ERVL-MaLR	494	-	48	184848515	81617
chr4	184766898	184966898	harbor2	chr4	184848644	184848907	LTR/ERVL-MaLR	859	-	132	184848776	81878
chr4	184766898	184966898	harbor2	chr4	184855539	184855766	LTR/ERVL-MaLR	465	-	114	184855653	88755
chr4	187310816	187510816	harbor2	chr4	187326575	187326939	LTR/ERVL-MaLR	2112	-	182	187326757	15941
chr4	187310816	187510816	harbor2	chr4	187373220	187373591	LTR/ERVL-MaLR	1856	-	186	187373406	62590
chr4	187310816	187510816	harbor2	chr4	187380134	187380612	LTR/ERVL-MaLR	480	-	239	187380373	69557
chr4	187310816	187510816	harbor2	chr4	187391216	187391682	LTR/ERVL-MaLR	1548	-	233	187391449	80633
chr4	174823700	175023700	harbor2	chr4	174841132	174841534	LTR/ERVL-MaLR	2329	-	201	174841333	17633
chr4	174823700	175023700	harbor2	chr4	174861781	174862162	LTR/ERVL-MaLR	2299	-	190	174861971	38271
chr4	174823700	175023700	harbor2	chr4	174872355	174872781	LTR/ERVL-MaLR	650	-	213	174872568	48868
chr4	174823700	175023700	harbor2	chr4	174876691	174877179	LTR/ERVL-MaLR	1580	-	244	174876935	53235
chr4	174823700	175023700	harbor2	chr4	174896817	174897266	LTR/ERVL-MaLR	1640	-	224	174897041	73341
chr4	174823700	175023700	harbor2	chr4	174919361	174919940	LTR/ERVL-MaLR	2007	-	290	174919651	95951
chr4	165172284	165372284	harbor2	chr4	165187063	165187408	LTR/ERVL-MaLR	2143	-	172	165187235	14951
chr4	165172284	165372284	harbor2	chr4	165187409	165188985	LTR/ERVL-MaLR	11749	-	788	165188197	15913
chr4	165172284	165372284	harbor2	chr4	165188986	165189329	LTR/ERVL-MaLR	2154	-	172	165189158	16874
chr4	152082577	152282577	harbor2	chr4	152086613	152087018	LTR/ERVL-MaLR	973	-	202	152086815	4238
chr4	152082577	152282577	harbor2	chr4	152095834	152096077	LTR/ERVL-MaLR	515	-	122	152095956	13379
chr4	152082577	152282577	harbor2	chr4	152144554	152144907	LTR/ERVL-MaLR	2556	-	176	152144730	62153
chr4	152082577	152282577	harbor2	chr4	152144908	152146471	LTR/ERVL-MaLR	11772	-	782	152145690	63113
chr4	152082577	152282577	harbor2	chr4	152146473	152146825	LTR/ERVL-MaLR	2788	-	176	152146649	64072
chr4	152082577	152282577	harbor2	chr4	152149984	152150322	LTR/ERVL-MaLR	1436	-	169	152150153	67576
chr4	141789647	141989647	harbor2	chr4	141792706	141793099	LTR/ERVL-MaLR	913	-	196	141792902	3255
chr4	141789647	141989647	harbor2	chr4	141801061	141801395	LTR/ERVL-MaLR	1344	-	167	141801228	11581
chr4	141789647	141989647	harbor2	chr4	141851956	141852335	LTR/ERVL-MaLR	1612	-	190	141852146	62499
chr4	141789647	141989647	harbor2	chr4	141871334	141871696	LTR/ERVL-MaLR	1523	-	181	141871515	81868
chr4	141789647	141989647	harbor2	chr4	141871697	141873319	LTR/ERVL-MaLR	11036	-	811	141872508	82861
chr4	141789647	141989647	harbor2	chr4	141873320	141873685	LTR/ERVL-MaLR	1814	-	182	141873502	83855
chr4	185453674	185653674	harbor2	chr4	185538866	185539230	LTR/ERVL-MaLR	1857	-	182	185539048	85374
chr4	185453674	185653674	harbor2	chr4	185544683	185544769	LTR/ERVL-MaLR	473	-	43	185544726	91052
chr4	185453674	185653674	harbor2	chr4	185546880	185547047	LTR/ERVL-MaLR	714	-	84	185546964	93290
chr4	185453674	185653674	harbor2	chr4	185549743	185550136	LTR/ERVL-MaLR	2490	-	196	185549939	96265
chr4	58027995	58227995	harbor2	chr4	58037834	58038229	LTR/ERVL-MaLR	475	-	198	58038032	10037
chr4	58027995	58227995	harbor2	chr4	58054469	58054686	LTR/ERVL-MaLR	1388	-	108	58054577	26582
chr4	58027995	58227995	harbor2	chr4	58054920	58055087	LTR/ERVL-MaLR	1072	-	84	58055004	27009
chr4	58027995	58227995	harbor2	chr4	58055088	58055418	LTR/ERVL-MaLR	2228	-	165	58055253	27258
chr4	58027995	58227995	harbor2	chr4	58055603	58056008	LTR/ERVL-MaLR	2922	-	202	58055805	27810
chr4	58027995	58227995	harbor2	chr4	58056011	58056373	LTR/ERVL-MaLR	2527	-	181	58056192	28197
chr4	58027995	58227995	harbor2	chr4	58072132	58072713	LTR/ERVL-MaLR	1187	-	290	58072422	44427
chr4	58027995	58227995	harbor2	chr4	58085781	58085916	LTR/ERVL-MaLR	571	-	68	58085849	57854
chr4	58027995	58227995	harbor2	chr4	58095185	58095566	LTR/ERVL-MaLR	2017	-	190	58095375	67380
chr4	58027995	58227995	harbor2	chr4	58112689	58112890	LTR/ERVL-MaLR	1795	-	100	58112789	84794
chr4	58027995	58227995	harbor2	chr4	58113230	58113414	LTR/ERVL-MaLR	1795	-	92	58113322	85327
chr4	58027995	58227995	harbor2	chr4	58115116	58115352	LTR/ERVL-MaLR	472	-	118	58115234	87239
chr4	179089414	179289414	harbor2	chr4	179099499	179099866	LTR/ERVL-MaLR	1909	-	184	179099683	10269
chr4	179089414	179289414	harbor2	chr4	179109713	179109803	LTR/ERVL-MaLR	422	-	45	179109758	20344
chr4	179089414	179289414	harbor2	chr4	179110857	179111366	LTR/ERVL-MaLR	1704	-	254	179111111	21697
chr4	179089414	179289414	harbor2	chr4	179111844	179112254	LTR/ERVL-MaLR	2185	-	205	179112049	22635
chr4	179089414	179289414	harbor2	chr4	179123230	179123667	LTR/ERVL-MaLR	646	-	218	179123448	34034
chr4	179089414	179289414	harbor2	chr4	179124619	179124645	LTR/ERVL-MaLR	559	-	13	179124632	35218
chr4	154344083	154544083	harbor2	chr4	154345874	154346218	LTR/ERVL-MaLR	1566	-	172	154346046	1963
chr4	154344083	154544083	harbor2	chr4	154371555	154371982	LTR/ERVL-MaLR	2576	-	214	154371769	27686
chr4	154344083	154544083	harbor2	chr4	154394466	154395064	LTR/ERVL-MaLR	929	-	299	154394765	50682
chr4	154344083	154544083	harbor2	chr4	154402497	154402651	LTR/ERVL-MaLR	1024	-	77	154402574	58491
chr4	177039932	177239932	harbor2	chr4	177041195	177041719	LTR/ERVL-MaLR	919	-	262	177041457	1525
chr4	177039932	177239932	harbor2	chr4	177063152	177063523	LTR/ERVL-MaLR	2513	-	186	177063338	23406
chr4	177039932	177239932	harbor2	chr4	177063621	177063677	LTR/ERVL-MaLR	419	-	28	177063649	23717
chr4	177039932	177239932	harbor2	chr4	177111174	177111542	LTR/ERVL-MaLR	2366	-	184	177111358	71426
chr4	177039932	177239932	harbor2	chr4	177111544	177112900	LTR/ERVL-MaLR	8981	-	678	177112222	72290
chr4	177039932	177239932	harbor2	chr4	177112897	177113033	LTR/ERVL-MaLR	951	-	68	177112965	73033
chr4	177039932	177239932	harbor2	chr4	177115043	177115408	LTR/ERVL-MaLR	2281	-	182	177115225	75293
chr4	130510100	130710100	harbor2	chr4	130522979	130523341	LTR/ERVL-MaLR	2049	-	181	130523160	13060
chr4	130510100	130710100	harbor2	chr4	130523343	130524620	LTR/ERVL-MaLR	8533	-	638	130523981	13881
chr4	130510100	130710100	harbor2	chr4	130524941	130525243	LTR/ERVL-MaLR	8533	-	151	130525092	14992
chr4	130510100	130710100	harbor2	chr4	130525247	130525626	LTR/ERVL-MaLR	1903	-	190	130525437	15337
chr4	130510100	130710100	harbor2	chr4	130548275	130548831	LTR/ERVL-MaLR	1446	-	278	130548553	38453
chr4	130510100	130710100	harbor2	chr4	130551728	130552298	LTR/ERVL-MaLR	1390	-	285	130552013	41913
chr4	130510100	130710100	harbor2	chr4	130583741	130584099	LTR/ERVL-MaLR	1050	-	179	130583920	73820
chr4	130510100	130710100	harbor2	chr4	130594929	130595275	LTR/ERVL-MaLR	1691	-	173	130595102	85002
chr4	130510100	130710100	harbor2	chr4	130531024	130531384	LTR/ERVL-MaLR	2017	-	180	130531204	21104
chr4	133138494	133338494	harbor2	chr4	133212637	133213001	LTR/ERVL-MaLR	2348	-	182	133212819	74325
chr4	168612068	168812068	harbor2	chr4	168638515	168638858	LTR/ERVL-MaLR	1937	-	172	168638687	26619
chr4	168612068	168812068	harbor2	chr4	168707228	168707746	LTR/ERVL-MaLR	1587	-	259	168707487	95419
chr4	187333683	187533683	harbor2	chr4	187373220	187373591	LTR/ERVL-MaLR	1856	-	186	187373406	39723
chr4	187333683	187533683	harbor2	chr4	187380134	187380612	LTR/ERVL-MaLR	480	-	239	187380373	46690
chr4	187333683	187533683	harbor2	chr4	187391216	187391682	LTR/ERVL-MaLR	1548	-	233	187391449	57766
chr4	187333683	187533683	harbor2	chr4	187411702	187412284	LTR/ERVL-MaLR	1677	-	291	187411993	78310
chr4	187333683	187533683	harbor2	chr4	187414715	187414902	LTR/ERVL-MaLR	454	-	94	187414809	81126
chr4	187333683	187533683	harbor2	chr4	187428899	187429287	LTR/ERVL-MaLR	2157	-	194	187429093	95410
chr4	137402808	137602808	harbor2	chr4	137473705	137474090	LTR/ERVL-MaLR	1557	-	192	137473897	71089
chr4	137402808	137602808	harbor2	chr4	137490454	137490911	LTR/ERVL-MaLR	1192	-	228	137490682	87874
chr4	137402808	137602808	harbor2	chr4	137495144	137495249	LTR/ERVL-MaLR	850	-	52	137495196	92388
chr4	137402808	137602808	harbor2	chr4	137494355	137494777	LTR/ERVL-MaLR	850	-	211	137494566	91758
chr4	33356515	33556515	harbor2	chr4	33358445	33358862	LTR/ERVL-MaLR	588	-	208	33358653	2138
chr4	33356515	33556515	harbor2	chr4	33367242	33367651	LTR/ERVL-MaLR	1923	-	204	33367446	10931
chr4	189886700	190086700	harbor2	chr4	189887331	189887691	LTR/ERVL-MaLR	2191	-	180	189887511	811
chr4	189886700	190086700	harbor2	chr4	189887692	189889211	LTR/ERVL-MaLR	9850	-	760	189888452	1752
chr4	189886700	190086700	harbor2	chr4	189889212	189889588	LTR/ERVL-MaLR	2741	-	188	189889400	2700
chr4	189886700	190086700	harbor2	chr4	189932218	189932360	LTR/ERVL-MaLR	822	-	71	189932289	45589
chr4	189886700	190086700	harbor2	chr4	189932361	189932509	LTR/ERVL-MaLR	777	-	74	189932435	45735
chr4	153043869	153243869	harbor2	chr4	153051758	153052132	LTR/ERVL-MaLR	2782	-	187	153051945	8076
chr4	153043869	153243869	harbor2	chr4	153067916	153068298	LTR/ERVL-MaLR	1959	-	191	153068107	24238
chr4	153043869	153243869	harbor2	chr4	153071311	153071654	LTR/ERVL-MaLR	2299	-	172	153071483	27614
chr4	153043869	153243869	harbor2	chr4	153073770	153074121	LTR/ERVL-MaLR	2315	-	176	153073946	30077
chr4	153043869	153243869	harbor2	chr4	153079099	153079627	LTR/ERVL-MaLR	1013	-	264	153079363	35494
chr4	153043869	153243869	harbor2	chr4	153081336	153081702	LTR/ERVL-MaLR	1018	-	183	153081519	37650
chr4	153043869	153243869	harbor2	chr4	153090341	153090728	LTR/ERVL-MaLR	1806	-	194	153090535	46666
chr4	153043869	153243869	harbor2	chr4	153091555	153091670	LTR/ERVL-MaLR	1472	-	58	153091613	47744
chr4	153043869	153243869	harbor2	chr4	153093320	153093466	LTR/ERVL-MaLR	415	-	73	153093393	49524
chr4	153043869	153243869	harbor2	chr4	153112782	153113211	LTR/ERVL-MaLR	1211	-	214	153112996	69127
chr4	153043869	153243869	harbor2	chr4	153091972	153092323	LTR/ERVL-MaLR	1472	-	176	153092148	48279
chr4	159996176	160196176	harbor2	chr4	160000620	160001015	LTR/ERVL-MaLR	1515	-	198	160000818	4642
chr4	159996176	160196176	harbor2	chr4	160029158	160029487	LTR/ERVL-MaLR	2177	-	164	160029322	33146
chr4	159996176	160196176	harbor2	chr4	160035426	160035785	LTR/ERVL-MaLR	772	-	180	160035606	39430
chr4	159996176	160196176	harbor2	chr4	160042181	160042520	LTR/ERVL-MaLR	2542	-	170	160042351	46175
chr4	159996176	160196176	harbor2	chr4	160042521	160044094	LTR/ERVL-MaLR	11359	-	786	160043307	47131
chr4	159996176	160196176	harbor2	chr4	160044095	160044443	LTR/ERVL-MaLR	2524	-	174	160044269	48093
chr4	159996176	160196176	harbor2	chr4	160052896	160053146	LTR/ERVL-MaLR	1112	-	125	160053021	56845
chr4	159996176	160196176	harbor2	chr4	160062799	160063452	LTR/ERVL-MaLR	1310	-	326	160063125	66949
chr4	159996176	160196176	harbor2	chr4	160067273	160067683	LTR/ERVL-MaLR	673	-	205	160067478	71302
chr4	159996176	160196176	harbor2	chr4	160084490	160084853	LTR/ERVL-MaLR	1567	-	182	160084672	88496
chr4	159996176	160196176	harbor2	chr4	160085292	160085664	LTR/ERVL-MaLR	2056	-	186	160085478	89302
chr4	159996176	160196176	harbor2	chr4	160085665	160087261	LTR/ERVL-MaLR	10684	-	798	160086463	90287
chr4	159996176	160196176	harbor2	chr4	160087262	160087633	LTR/ERVL-MaLR	2117	-	186	160087448	91272
chr4	159996176	160196176	harbor2	chr4	160092447	160092846	LTR/ERVL-MaLR	1858	-	200	160092647	96471
chr4	109647825	109847825	harbor2	chr4	109651979	109652290	LTR/ERVL-MaLR	1407	-	156	109652135	4310
chr4	109647825	109847825	harbor2	chr4	109652417	109652770	LTR/ERVL-MaLR	1033	-	176	109652593	4768
chr4	109647825	109847825	harbor2	chr4	109676490	109676659	LTR/ERVL-MaLR	1045	-	84	109676574	28749
chr4	188424485	188624485	harbor2	chr4	188454860	188455154	LTR/ERVL-MaLR	1095	-	147	188455007	30522
chr4	140506263	140706263	harbor2	chr4	140577516	140577850	LTR/ERVL-MaLR	1730	-	167	140577683	71420
chr4	140506263	140706263	harbor2	chr4	140603833	140604200	LTR/ERVL-MaLR	2615	-	184	140604017	97754
chr4	122072547	122272547	harbor2	chr4	122073798	122073974	LTR/ERVL-MaLR	1098	-	88	122073886	1339
chr4	122072547	122272547	harbor2	chr4	122096091	122096465	LTR/ERVL-MaLR	2094	-	187	122096278	23731
chr4	122072547	122272547	harbor2	chr4	122101614	122102062	LTR/ERVL-MaLR	855	-	224	122101838	29291
chr4	122072547	122272547	harbor2	chr4	122102779	122103255	LTR/ERVL-MaLR	1301	-	238	122103017	30470
chr4	122072547	122272547	harbor2	chr4	122103305	122103610	LTR/ERVL-MaLR	663	-	152	122103457	30910
chr4	122072547	122272547	harbor2	chr4	122157161	122157344	LTR/ERVL-MaLR	968	-	92	122157253	84706
chr4	122072547	122272547	harbor2	chr4	122157681	122157754	LTR/ERVL-MaLR	968	-	36	122157717	85170
chr4	124972812	125172812	harbor2	chr4	124980260	124980777	LTR/ERVL-MaLR	1667	-	258	124980518	7706
chr4	124972812	125172812	harbor2	chr4	125028413	125028775	LTR/ERVL-MaLR	2236	-	181	125028594	55782
chr4	124972812	125172812	harbor2	chr4	125036201	125036561	LTR/ERVL-MaLR	1739	-	180	125036381	63569
chr4	133716663	133916663	harbor2	chr4	133743377	133743793	LTR/ERVL-MaLR	1977	-	208	133743585	26922
chr4	133716663	133916663	harbor2	chr4	133753951	133754300	LTR/ERVL-MaLR	1373	-	174	133754125	37462
chr4	133716663	133916663	harbor2	chr4	133754301	133754750	LTR/ERVL-MaLR	2384	-	224	133754525	37862
chr4	133716663	133916663	harbor2	chr4	133755601	133755907	LTR/ERVL-MaLR	1188	-	153	133755754	39091
chr4	133716663	133916663	harbor2	chr4	133770725	133771089	LTR/ERVL-MaLR	1974	-	182	133770907	54244
chr4	133716663	133916663	harbor2	chr4	133771090	133772652	LTR/ERVL-MaLR	10960	-	781	133771871	55208
chr4	133716663	133916663	harbor2	chr4	133772654	133773013	LTR/ERVL-MaLR	1972	-	180	133772834	56171
chr4	133716663	133916663	harbor2	chr4	133801884	133802228	LTR/ERVL-MaLR	1842	-	172	133802056	85393
chr4	178886762	179086762	harbor2	chr4	178978082	178978399	LTR/ERVL-MaLR	579	-	158	178978240	91478
chr4	154671835	154871835	harbor2	chr4	154674253	154674452	LTR/ERVL-MaLR	432	-	100	154674353	2518
chr4	154671835	154871835	harbor2	chr4	154769904	154770266	LTR/ERVL-MaLR	2090	-	181	154770085	98250
chr4	130299544	130499544	harbor2	chr4	130301238	130301580	LTR/ERVL-MaLR	577	-	171	130301409	1865
chr4	130299544	130499544	harbor2	chr4	130302133	130302691	LTR/ERVL-MaLR	1267	-	279	130302412	2868
chr4	130299544	130499544	harbor2	chr4	130311388	130311847	LTR/ERVL-MaLR	2141	-	230	130311618	12074
chr4	130299544	130499544	harbor2	chr4	130327885	130328273	LTR/ERVL-MaLR	1296	-	194	130328079	28535
chr4	130299544	130499544	harbor2	chr4	130334206	130334565	LTR/ERVL-MaLR	714	-	180	130334386	34842
chr4	130299544	130499544	harbor2	chr4	130335290	130335391	LTR/ERVL-MaLR	714	-	50	130335340	35796
chr4	130299544	130499544	harbor2	chr4	130340433	130340837	LTR/ERVL-MaLR	1203	-	202	130340635	41091
chr4	130299544	130499544	harbor2	chr4	130386748	130387050	LTR/ERVL-MaLR	797	-	151	130386899	87355
chr4	130299544	130499544	harbor2	chr4	130301636	130302080	LTR/ERVL-MaLR	2401	-	222	130301858	2314
chr4	180151781	180351781	harbor2	chr4	180188966	180189344	LTR/ERVL-MaLR	2347	-	189	180189155	37374
chr4	180151781	180351781	harbor2	chr4	180211025	180211307	LTR/ERVL-MaLR	830	-	141	180211166	59385
chr4	180151781	180351781	harbor2	chr4	180231842	180231919	LTR/ERVL-MaLR	428	-	38	180231880	80099
chr4	189291574	189491574	harbor2	chr4	189313066	189313471	LTR/ERVL-MaLR	2000	-	202	189313268	21694
chr4	189291574	189491574	harbor2	chr4	189313472	189314409	LTR/ERVL-MaLR	4117	-	468	189313940	22366
chr4	189291574	189491574	harbor2	chr4	189314883	189315465	LTR/ERVL-MaLR	3537	-	291	189315174	23600
chr4	189291574	189491574	harbor2	chr4	189315976	189316155	LTR/ERVL-MaLR	3537	-	90	189316066	24492
chr4	189291574	189491574	harbor2	chr4	189316156	189316587	LTR/ERVL-MaLR	2055	-	216	189316372	24798
chr4	189291574	189491574	harbor2	chr4	189333916	189334363	LTR/ERVL-MaLR	2252	-	224	189334140	42566
chr4	189291574	189491574	harbor2	chr4	189364836	189365191	LTR/ERVL-MaLR	1340	-	178	189365014	73440
chr4	189291574	189491574	harbor2	chr4	189371451	189371673	LTR/ERVL-MaLR	938	-	111	189371562	79988
chr4	189291574	189491574	harbor2	chr4	189376980	189377469	LTR/ERVL-MaLR	568	-	244	189377224	85650
chr4	189291574	189491574	harbor2	chr4	189389292	189389638	LTR/ERVL-MaLR	1375	-	173	189389465	97891
chr4	189291574	189491574	harbor2	chr4	189389637	189389988	LTR/ERVL-MaLR	2138	-	176	189389813	98239
chr4	177051446	177251446	harbor2	chr4	177063152	177063523	LTR/ERVL-MaLR	2513	-	186	177063338	11892
chr4	177051446	177251446	harbor2	chr4	177063621	177063677	LTR/ERVL-MaLR	419	-	28	177063649	12203
chr4	177051446	177251446	harbor2	chr4	177111174	177111542	LTR/ERVL-MaLR	2366	-	184	177111358	59912
chr4	177051446	177251446	harbor2	chr4	177111544	177112900	LTR/ERVL-MaLR	8981	-	678	177112222	60776
chr4	177051446	177251446	harbor2	chr4	177112897	177113033	LTR/ERVL-MaLR	951	-	68	177112965	61519
chr4	177051446	177251446	harbor2	chr4	177115043	177115408	LTR/ERVL-MaLR	2281	-	182	177115225	63779
chr4	184244382	184444382	harbor2	chr4	184294918	184295277	LTR/ERVL-MaLR	1424	-	180	184295098	50716
chr4	184244382	184444382	harbor2	chr4	184315785	184316079	LTR/ERVL-MaLR	498	-	147	184315932	71550
chr4	184244382	184444382	harbor2	chr4	184316600	184316760	LTR/ERVL-MaLR	714	-	80	184316680	72298
chr4	184244382	184444382	harbor2	chr4	184333474	184333705	LTR/ERVL-MaLR	2537	-	116	184333590	89208
chr4	184244382	184444382	harbor2	chr4	184334004	184334201	LTR/ERVL-MaLR	2537	-	98	184334102	89720
chr4	184244382	184444382	harbor2	chr4	184341790	184342273	LTR/ERVL-MaLR	780	-	242	184342032	97650
chr4	134128954	134328954	harbor2	chr4	134152418	134152630	LTR/ERVL-MaLR	707	-	106	134152524	23570
chr4	134128954	134328954	harbor2	chr4	134152621	134152718	LTR/ERVL-MaLR	474	-	48	134152669	23715
chr4	134128954	134328954	harbor2	chr4	134152725	134153146	LTR/ERVL-MaLR	2208	-	210	134152935	23981
chr4	134128954	134328954	harbor2	chr4	134170393	134170816	LTR/ERVL-MaLR	2494	-	212	134170605	41651
chr4	141559591	141759591	harbor2	chr4	141644584	141645508	LTR/ERVL-MaLR	1969	-	462	141645046	85455
chr4	141559591	141759591	harbor2	chr4	141645607	141646159	LTR/ERVL-MaLR	1055	-	276	141645883	86292
chr4	161542686	161742686	harbor2	chr4	161573832	161574280	LTR/ERVL-MaLR	1628	-	224	161574056	31370
chr4	88944871	89144871	harbor2	chr4	88956561	88956853	LTR/ERVL-MaLR	1186	-	146	88956707	11836
chr4	88944871	89144871	harbor2	chr4	88959701	88959835	LTR/ERVL-MaLR	941	-	67	88959768	14897
chr4	88944871	89144871	harbor2	chr4	89026466	89026820	LTR/ERVL-MaLR	2272	-	177	89026643	81772
chr4	101613330	101813330	harbor2	chr4	101655128	101655626	LTR/ERVL-MaLR	1321	-	249	101655377	42047
chr4	101613330	101813330	harbor2	chr4	101663037	101663317	LTR/ERVL-MaLR	1047	-	140	101663177	49847
chr4	101613330	101813330	harbor2	chr4	101700738	101700832	LTR/ERVL-MaLR	528	-	47	101700785	87455
chr4	101613330	101813330	harbor2	chr4	101700828	101701088	LTR/ERVL-MaLR	927	-	130	101700958	87628
chr4	101613330	101813330	harbor2	chr4	101707582	101707974	LTR/ERVL-MaLR	1042	-	196	101707778	94448
chr4	101613330	101813330	harbor2	chr4	101662584	101662740	LTR/ERVL-MaLR	1047	-	78	101662662	49332
chr4	63396685	63596685	harbor2	chr4	63419511	63419769	LTR/ERVL-MaLR	971	-	129	63419640	22955
chr4	63396685	63596685	harbor2	chr4	63445145	63445501	LTR/ERVL-MaLR	2141	-	178	63445323	48638
chr4	63396685	63596685	harbor2	chr4	63445502	63447202	LTR/ERVL-MaLR	9773	-	850	63446352	49667
chr4	63396685	63596685	harbor2	chr4	63447203	63447539	LTR/ERVL-MaLR	2003	-	168	63447371	50686
chr4	63396685	63596685	harbor2	chr4	63459400	63459752	LTR/ERVL-MaLR	1311	-	176	63459576	62891
chr4	63396685	63596685	harbor2	chr4	63459852	63461471	LTR/ERVL-MaLR	10237	-	810	63460662	63977
chr4	63396685	63596685	harbor2	chr4	63461472	63461831	LTR/ERVL-MaLR	1648	-	180	63461652	64967
chr4	63396685	63596685	harbor2	chr4	63463778	63464155	LTR/ERVL-MaLR	1882	-	188	63463966	67281
chr4	63396685	63596685	harbor2	chr4	63464156	63465758	LTR/ERVL-MaLR	9463	-	801	63464957	68272
chr4	63396685	63596685	harbor2	chr4	63465763	63466123	LTR/ERVL-MaLR	1938	-	180	63465943	69258
chr4	104273120	104473120	harbor2	chr4	104282265	104282696	LTR/ERVL-MaLR	599	-	216	104282481	9361
chr4	104273120	104473120	harbor2	chr4	104282732	104282978	LTR/ERVL-MaLR	511	-	123	104282855	9735
chr4	104273120	104473120	harbor2	chr4	104290825	104291308	LTR/ERVL-MaLR	1659	-	242	104291067	17947
chr4	104273120	104473120	harbor2	chr4	104309073	104309343	LTR/ERVL-MaLR	1475	-	135	104309208	36088
chr4	104273120	104473120	harbor2	chr4	104371271	104371662	LTR/ERVL-MaLR	2051	-	196	104371467	98347
chr4	53120112	53320112	harbor2	chr4	53151708	53152082	LTR/ERVL-MaLR	2066	-	187	53151895	31783
chr4	53120112	53320112	harbor2	chr4	53152592	53154164	LTR/ERVL-MaLR	8035	-	786	53153378	33266
chr4	53120112	53320112	harbor2	chr4	53154166	53154577	LTR/ERVL-MaLR	2451	-	206	53154372	34260
chr4	53120112	53320112	harbor2	chr4	53189423	53189733	LTR/ERVL-MaLR	1274	-	155	53189578	69466
chr4	53120112	53320112	harbor2	chr4	53199759	53200169	LTR/ERVL-MaLR	860	-	205	53199964	79852
chr4	53120112	53320112	harbor2	chr4	53206874	53207277	LTR/ERVL-MaLR	1980	-	202	53207076	86964
chr4	101155520	101355520	harbor2	chr4	101183179	101183465	LTR/ERVL-MaLR	713	-	143	101183322	27802
chr4	164512770	164712770	harbor2	chr4	164539590	164539980	LTR/ERVL-MaLR	1895	-	195	164539785	27015
chr4	164512770	164712770	harbor2	chr4	164539982	164541337	LTR/ERVL-MaLR	11294	-	678	164540660	27890
chr4	164512770	164712770	harbor2	chr4	164541630	164541898	LTR/ERVL-MaLR	11294	-	134	164541764	28994
chr4	164512770	164712770	harbor2	chr4	164541899	164542265	LTR/ERVL-MaLR	1494	-	183	164542082	29312
chr4	63650230	63850230	harbor2	chr4	63671395	63671542	LTR/ERVL-MaLR	557	-	74	63671469	21239
chr4	63650230	63850230	harbor2	chr4	63691130	63691499	LTR/ERVL-MaLR	2085	-	184	63691314	41084
chr4	63650230	63850230	harbor2	chr4	63703691	63704118	LTR/ERVL-MaLR	1347	-	214	63703905	53675
chr4	63650230	63850230	harbor2	chr4	63713914	63714335	LTR/ERVL-MaLR	2255	-	210	63714124	63894
chr4	63650230	63850230	harbor2	chr4	63714429	63715538	LTR/ERVL-MaLR	5933	-	554	63714983	64753
chr4	63650230	63850230	harbor2	chr4	63715539	63715959	LTR/ERVL-MaLR	2161	-	210	63715749	65519
chr4	63650230	63850230	harbor2	chr4	63721127	63721547	LTR/ERVL-MaLR	2433	-	210	63721337	71107
chr4	63650230	63850230	harbor2	chr4	63724263	63724774	LTR/ERVL-MaLR	1808	-	256	63724519	74289
chr4	95534468	95734468	harbor2	chr4	95553565	95553961	LTR/ERVL-MaLR	667	-	198	95553763	19295
chr4	95534468	95734468	harbor2	chr4	95623572	95624116	LTR/ERVL-MaLR	2130	-	272	95623844	89376
chr4	95534468	95734468	harbor2	chr4	95630492	95630865	LTR/ERVL-MaLR	659	-	186	95630678	96210
chr4	70954344	71154344	harbor2	chr4	71044676	71045025	LTR/ERVL-MaLR	1325	-	174	71044850	90506
chr4	70954344	71154344	harbor2	chr4	71052289	71052666	LTR/ERVL-MaLR	1572	-	188	71052477	98133
chr4	156590058	156790058	harbor2	chr4	156617376	156617920	LTR/ERVL-MaLR	844	-	272	156617648	27590
chr4	156590058	156790058	harbor2	chr4	156627039	156627401	LTR/ERVL-MaLR	483	-	181	156627220	37162
chr4	156590058	156790058	harbor2	chr4	156628128	156628484	LTR/ERVL-MaLR	2122	-	178	156628306	38248
chr4	156590058	156790058	harbor2	chr4	156667309	156667657	LTR/ERVL-MaLR	1479	-	174	156667483	77425
chr4	156590058	156790058	harbor2	chr4	156668224	156668546	LTR/ERVL-MaLR	776	-	161	156668385	78327
chr4	152967717	153167717	harbor2	chr4	153010180	153010575	LTR/ERVL-MaLR	2249	-	198	153010378	42661
chr4	152967717	153167717	harbor2	chr4	153010576	153012183	LTR/ERVL-MaLR	8987	-	804	153011380	43663
chr4	152967717	153167717	harbor2	chr4	153012184	153012564	LTR/ERVL-MaLR	1853	-	190	153012374	44657
chr4	152967717	153167717	harbor2	chr4	153013444	153013919	LTR/ERVL-MaLR	780	-	238	153013682	45965
chr4	152967717	153167717	harbor2	chr4	153015877	153016338	LTR/ERVL-MaLR	1387	-	230	153016107	48390
chr4	152967717	153167717	harbor2	chr4	153018151	153018495	LTR/ERVL-MaLR	2085	-	172	153018323	50606
chr4	152967717	153167717	harbor2	chr4	153027402	153027823	LTR/ERVL-MaLR	2450	-	210	153027612	59895
chr4	152967717	153167717	harbor2	chr4	153027824	153029383	LTR/ERVL-MaLR	8295	-	780	153028604	60887
chr4	152967717	153167717	harbor2	chr4	153029385	153029790	LTR/ERVL-MaLR	2317	-	202	153029587	61870
chr4	152967717	153167717	harbor2	chr4	153040756	153041149	LTR/ERVL-MaLR	1989	-	196	153040952	73235
chr4	152967717	153167717	harbor2	chr4	153051758	153052132	LTR/ERVL-MaLR	2782	-	187	153051945	84228
chr4	178411078	178611078	harbor2	chr4	178423578	178424344	LTR/ERVL-MaLR	3372	-	383	178423961	12883
chr4	178411078	178611078	harbor2	chr4	178424347	178424703	LTR/ERVL-MaLR	1613	-	178	178424525	13447
chr4	178411078	178611078	harbor2	chr4	178425347	178425776	LTR/ERVL-MaLR	1706	-	214	178425561	14483
chr4	178411078	178611078	harbor2	chr4	178454723	178455353	LTR/ERVL-MaLR	707	-	315	178455038	43960
chr4	178411078	178611078	harbor2	chr4	178455400	178455797	LTR/ERVL-MaLR	1104	-	198	178455598	44520
chr4	178411078	178611078	harbor2	chr4	178459581	178460191	LTR/ERVL-MaLR	2020	-	305	178459886	48808
chr4	178411078	178611078	harbor2	chr4	178505316	178505529	LTR/ERVL-MaLR	579	-	106	178505422	94344
chr4	178411078	178611078	harbor2	chr4	178505546	178506961	LTR/ERVL-MaLR	4693	-	708	178506254	95176
chr4	178411078	178611078	harbor2	chr4	178506966	178507268	LTR/ERVL-MaLR	994	-	151	178507117	96039
chr5	181073602	181273602	harbor2	chr5	181095916	181096294	LTR/ERVL-MaLR	2169	-	189	181096105	22503
chr5	181073602	181273602	harbor2	chr5	181118645	181118837	LTR/ERVL-MaLR	1059	-	96	181118741	45139
chr5	82401398	82601398	harbor2	chr5	82404590	82404973	LTR/ERVL-MaLR	2273	-	192	82404782	3384
chr5	82401398	82601398	harbor2	chr5	82416779	82417149	LTR/ERVL-MaLR	2121	-	185	82416964	15566
chr5	82401398	82601398	harbor2	chr5	82424945	82425233	LTR/ERVL-MaLR	2311	-	144	82425089	23691
chr5	82401398	82601398	harbor2	chr5	82425528	82425720	LTR/ERVL-MaLR	2311	-	96	82425624	24226
chr5	82401398	82601398	harbor2	chr5	82478422	82478627	LTR/ERVL-MaLR	1626	-	102	82478524	77126
chr5	82401398	82601398	harbor2	chr5	82478657	82478800	LTR/ERVL-MaLR	1626	-	72	82478729	77331
chr5	82401398	82601398	harbor2	chr5	82494321	82494675	LTR/ERVL-MaLR	1179	-	177	82494498	93100
chr5	31458572	31658572	harbor2	chr5	31537738	31538167	LTR/ERVL-MaLR	1001	-	214	31537952	79380
chr5	31458572	31658572	harbor2	chr5	31546525	31546871	LTR/ERVL-MaLR	2267	-	173	31546698	88126
chr5	31458572	31658572	harbor2	chr5	31546872	31548019	LTR/ERVL-MaLR	12223	-	574	31547446	88874
chr5	31458572	31658572	harbor2	chr5	31548315	31548729	LTR/ERVL-MaLR	12223	-	207	31548522	89950
chr5	31458572	31658572	harbor2	chr5	31548730	31548938	LTR/ERVL-MaLR	2257	-	104	31548834	90262
chr5	31458572	31658572	harbor2	chr5	31549241	31549397	LTR/ERVL-MaLR	2257	-	78	31549319	90747
chr5	161766411	161966411	harbor2	chr5	161780317	161780671	LTR/ERVL-MaLR	1989	-	177	161780494	14083
chr5	161766411	161966411	harbor2	chr5	161863252	161863660	LTR/ERVL-MaLR	2185	-	204	161863456	97045
chr5	145988895	146188895	harbor2	chr5	145992478	145992830	LTR/ERVL-MaLR	2565	-	176	145992654	3759
chr5	145988895	146188895	harbor2	chr5	145992831	145994406	LTR/ERVL-MaLR	12574	-	788	145993619	4724
chr5	145988895	146188895	harbor2	chr5	145994408	145994747	LTR/ERVL-MaLR	2553	-	170	145994578	5683
chr5	145988895	146188895	harbor2	chr5	145995022	145995285	LTR/ERVL-MaLR	570	-	132	145995154	6259
chr5	145988895	146188895	harbor2	chr5	146006708	146007066	LTR/ERVL-MaLR	842	-	179	146006887	17992
chr5	145988895	146188895	harbor2	chr5	146083116	146083555	LTR/ERVL-MaLR	1523	-	220	146083336	94441
chr5	145988895	146188895	harbor2	chr5	146087690	146088126	LTR/ERVL-MaLR	1990	-	218	146087908	99013
chr5	86694312	86894312	harbor2	chr5	86706978	86707326	LTR/ERVL-MaLR	2501	-	174	86707152	12840
chr5	86694312	86894312	harbor2	chr5	86722437	86722838	LTR/ERVL-MaLR	2134	-	200	86722637	28325
chr5	86694312	86894312	harbor2	chr5	86740654	86741110	LTR/ERVL-MaLR	1769	-	228	86740882	46570
chr5	86694312	86894312	harbor2	chr5	86748760	86749205	LTR/ERVL-MaLR	1078	-	222	86748982	54670
chr5	86694312	86894312	harbor2	chr5	86768735	86769649	LTR/ERVL-MaLR	5029	-	457	86769192	74880
chr5	86694312	86894312	harbor2	chr5	86783225	86783612	LTR/ERVL-MaLR	1226	-	194	86783419	89107
chr5	86694312	86894312	harbor2	chr5	86769650	86770063	LTR/ERVL-MaLR	2530	-	206	86769856	75544
chr5	177002174	177202174	harbor2	chr5	177036009	177036109	LTR/ERVL-MaLR	527	-	50	177036059	33885
chr5	177002174	177202174	harbor2	chr5	177036210	177036325	LTR/ERVL-MaLR	446	-	58	177036268	34094
chr5	177002174	177202174	harbor2	chr5	177068306	177068817	LTR/ERVL-MaLR	1482	-	256	177068562	66388
chr5	177002174	177202174	harbor2	chr5	177077508	177077809	LTR/ERVL-MaLR	850	-	150	177077658	75484
chr5	105934595	106134595	harbor2	chr5	105943165	105943190	LTR/ERVL-MaLR	783	-	12	105943177	8582
chr5	105934595	106134595	harbor2	chr5	105944068	105944357	LTR/ERVL-MaLR	783	-	144	105944212	9617
chr5	105934595	106134595	harbor2	chr5	105944425	105944552	LTR/ERVL-MaLR	473	-	64	105944489	9894
chr5	105934595	106134595	harbor2	chr5	105944907	105944942	LTR/ERVL-MaLR	473	-	18	105944925	10330
chr5	105934595	106134595	harbor2	chr5	105950739	105951123	LTR/ERVL-MaLR	721	-	192	105950931	16336
chr5	105934595	106134595	harbor2	chr5	105960969	105961322	LTR/ERVL-MaLR	1175	-	176	105961145	26550
chr5	105934595	106134595	harbor2	chr5	106007280	106007751	LTR/ERVL-MaLR	1386	-	236	106007516	72921
chr5	105934595	106134595	harbor2	chr5	106007771	106008609	LTR/ERVL-MaLR	1496	-	419	106008190	73595
chr5	105934595	106134595	harbor2	chr5	106012237	106012456	LTR/ERVL-MaLR	1518	-	110	106012347	77752
chr5	105934595	106134595	harbor2	chr5	106012457	106012824	LTR/ERVL-MaLR	2120	-	184	106012641	78046
chr5	105934595	106134595	harbor2	chr5	106031020	106031361	LTR/ERVL-MaLR	2402	-	170	106031190	96595
chr5	105934595	106134595	harbor2	chr5	106031362	106032923	LTR/ERVL-MaLR	11258	-	780	106032142	97547
chr5	105934595	106134595	harbor2	chr5	106032927	106033053	LTR/ERVL-MaLR	2317	-	63	106032990	98395
chr5	105934595	106134595	harbor2	chr5	106033349	106033588	LTR/ERVL-MaLR	2317	-	120	106033469	98874
chr5	159589011	159789011	harbor2	chr5	159590865	159591217	LTR/ERVL-MaLR	2140	-	176	159591041	2030
chr5	159589011	159789011	harbor2	chr5	159592038	159592415	LTR/ERVL-MaLR	485	-	188	159592226	3215
chr5	159589011	159789011	harbor2	chr5	159595603	159595967	LTR/ERVL-MaLR	2533	-	182	159595785	6774
chr5	159589011	159789011	harbor2	chr5	159599202	159599605	LTR/ERVL-MaLR	2205	-	202	159599404	10393
chr5	159589011	159789011	harbor2	chr5	159599617	159601261	LTR/ERVL-MaLR	9877	-	822	159600439	11428
chr5	159589011	159789011	harbor2	chr5	159601262	159601676	LTR/ERVL-MaLR	2168	-	207	159601469	12458
chr5	159589011	159789011	harbor2	chr5	159613761	159613920	LTR/ERVL-MaLR	485	-	80	159613841	24830
chr5	159589011	159789011	harbor2	chr5	159614277	159614440	LTR/ERVL-MaLR	485	-	82	159614359	25348
chr5	159589011	159789011	harbor2	chr5	159616705	159617293	LTR/ERVL-MaLR	1407	-	294	159616999	27988
chr5	159589011	159789011	harbor2	chr5	159631581	159631982	LTR/ERVL-MaLR	2340	-	200	159631781	42770
chr5	159589011	159789011	harbor2	chr5	159638972	159639353	LTR/ERVL-MaLR	910	-	190	159639162	50151
chr5	159589011	159789011	harbor2	chr5	159639783	159640002	LTR/ERVL-MaLR	910	-	110	159639893	50882
chr5	159589011	159789011	harbor2	chr5	159662770	159662995	LTR/ERVL-MaLR	2562	-	112	159662882	73871
chr5	159589011	159789011	harbor2	chr5	159663342	159663538	LTR/ERVL-MaLR	2562	-	98	159663440	74429
chr5	159589011	159789011	harbor2	chr5	159673950	159674328	LTR/ERVL-MaLR	784	-	189	159674139	85128
chr5	159589011	159789011	harbor2	chr5	159675277	159675832	LTR/ERVL-MaLR	913	-	278	159675555	86544
chr5	159589011	159789011	harbor2	chr5	159677993	159678409	LTR/ERVL-MaLR	2722	-	208	159678201	89190
chr5	159589011	159789011	harbor2	chr5	159681319	159682345	LTR/ERVL-MaLR	9154	-	513	159681832	92821
chr5	159589011	159789011	harbor2	chr5	159682346	159682773	LTR/ERVL-MaLR	2436	-	214	159682560	93549
chr5	159589011	159789011	harbor2	chr5	159678410	159679016	LTR/ERVL-MaLR	9154	-	303	159678713	89702
chr5	118836607	119036607	harbor2	chr5	118881542	118881906	LTR/ERVL-MaLR	1829	-	182	118881724	45117
chr5	118836607	119036607	harbor2	chr5	118883475	118883828	LTR/ERVL-MaLR	1894	-	176	118883651	47044
chr5	118836607	119036607	harbor2	chr5	118909952	118910703	LTR/ERVL-MaLR	4129	-	376	118910328	73721
chr5	118836607	119036607	harbor2	chr5	118910707	118911062	LTR/ERVL-MaLR	1686	-	178	118910885	74278
chr5	118836607	119036607	harbor2	chr5	118912244	118912363	LTR/ERVL-MaLR	405	-	60	118912304	75697
chr5	118836607	119036607	harbor2	chr5	118917474	118917689	LTR/ERVL-MaLR	2058	-	108	118917582	80975
chr5	118836607	119036607	harbor2	chr5	118917973	118918126	LTR/ERVL-MaLR	2058	-	76	118918049	81442
chr5	118836607	119036607	harbor2	chr5	118926932	118927294	LTR/ERVL-MaLR	761	-	181	118927113	90506
chr5	118836607	119036607	harbor2	chr5	118881907	118883474	LTR/ERVL-MaLR	10528	-	784	118882691	46084
chr5	142828247	143028247	harbor2	chr5	142834454	142834907	LTR/ERVL-MaLR	877	-	226	142834680	6433
chr5	142828247	143028247	harbor2	chr5	142839931	142840129	LTR/ERVL-MaLR	767	-	99	142840030	11783
chr5	142828247	143028247	harbor2	chr5	142856534	142856567	LTR/ERVL-MaLR	1839	-	16	142856550	28303
chr5	142828247	143028247	harbor2	chr5	142856895	142857277	LTR/ERVL-MaLR	1839	-	191	142857086	28839
chr5	142828247	143028247	harbor2	chr5	142898849	142899287	LTR/ERVL-MaLR	1762	-	219	142899068	70821
chr5	142828247	143028247	harbor2	chr5	142908179	142908788	LTR/ERVL-MaLR	1271	-	304	142908483	80236
chr5	177904189	178104189	harbor2	chr5	177920155	177920438	LTR/ERVL-MaLR	924	-	142	177920297	16108
chr5	177904189	178104189	harbor2	chr5	177968633	177969013	LTR/ERVL-MaLR	1150	-	190	177968823	64634
chr5	177904189	178104189	harbor2	chr5	177997483	177997859	LTR/ERVL-MaLR	1959	-	188	177997671	93482
chr5	167891917	168091917	harbor2	chr5	167914168	167914578	LTR/ERVL-MaLR	1909	-	205	167914373	22456
chr5	167891917	168091917	harbor2	chr5	167914579	167915044	LTR/ERVL-MaLR	2055	-	232	167914811	22894
chr5	167891917	168091917	harbor2	chr5	167915045	167915123	LTR/ERVL-MaLR	1909	-	39	167915084	23167
chr5	167891917	168091917	harbor2	chr5	167962538	167962906	LTR/ERVL-MaLR	2555	-	184	167962722	70805
chr5	167891917	168091917	harbor2	chr5	167969725	167969907	LTR/ERVL-MaLR	409	-	91	167969816	77899
chr5	159756297	159956297	harbor2	chr5	159767443	159767913	LTR/ERVL-MaLR	2450	-	235	159767678	11381
chr5	159756297	159956297	harbor2	chr5	159782016	159782419	LTR/ERVL-MaLR	1342	-	202	159782218	25921
chr5	159756297	159956297	harbor2	chr5	159800639	159800965	LTR/ERVL-MaLR	1027	-	163	159800802	44505
chr5	159756297	159956297	harbor2	chr5	159810199	159810529	LTR/ERVL-MaLR	1064	-	165	159810364	54067
chr5	159756297	159956297	harbor2	chr5	159823484	159823845	LTR/ERVL-MaLR	1042	-	180	159823664	67367
chr5	159756297	159956297	harbor2	chr5	159824953	159825045	LTR/ERVL-MaLR	424	-	46	159824999	68702
chr5	159756297	159956297	harbor2	chr5	159827030	159827324	LTR/ERVL-MaLR	1768	-	147	159827177	70880
chr5	159756297	159956297	harbor2	chr5	159827636	159827805	LTR/ERVL-MaLR	1768	-	84	159827720	71423
chr5	159756297	159956297	harbor2	chr5	159830993	159831555	LTR/ERVL-MaLR	491	-	281	159831274	74977
chr5	159756297	159956297	harbor2	chr5	159839976	159840309	LTR/ERVL-MaLR	477	-	166	159840142	83845
chr5	180973011	181173011	harbor2	chr5	181063788	181064006	LTR/ERVL-MaLR	1049	-	109	181063897	90886
chr5	180973011	181173011	harbor2	chr5	181064140	181064159	LTR/ERVL-MaLR	1049	-	10	181064150	91139
chr5	180973011	181173011	harbor2	chr5	181064452	181064621	LTR/ERVL-MaLR	1049	-	84	181064536	91525
chr5	61111041	61311041	harbor2	chr5	61124800	61125143	LTR/ERVL-MaLR	1807	-	172	61124972	13931
chr5	61111041	61311041	harbor2	chr5	61205536	61205897	LTR/ERVL-MaLR	2219	-	180	61205716	94675
chr5	61111041	61311041	harbor2	chr5	61205898	61207456	LTR/ERVL-MaLR	11984	-	779	61206677	95636
chr5	61111041	61311041	harbor2	chr5	61207457	61207819	LTR/ERVL-MaLR	2282	-	181	61207638	96597
chr5	163637416	163837416	harbor2	chr5	163641499	163641686	LTR/ERVL-MaLR	833	-	94	163641593	4177
chr5	163637416	163837416	harbor2	chr5	163641793	163641976	LTR/ERVL-MaLR	763	-	92	163641885	4469
chr5	163637416	163837416	harbor2	chr5	163657493	163657914	LTR/ERVL-MaLR	1295	-	210	163657703	20287
chr5	163637416	163837416	harbor2	chr5	163658261	163658741	LTR/ERVL-MaLR	456	-	240	163658501	21085
chr5	163637416	163837416	harbor2	chr5	163734578	163734931	LTR/ERVL-MaLR	1831	-	176	163734754	97338
chr5	126826315	127026315	harbor2	chr5	126833921	126834173	LTR/ERVL-MaLR	933	-	126	126834047	7732
chr5	126826315	127026315	harbor2	chr5	126834459	126834581	LTR/ERVL-MaLR	547	-	61	126834520	8205
chr5	175697246	175897246	harbor2	chr5	175701296	175701811	LTR/ERVL-MaLR	1065	-	258	175701554	4308
chr5	175697246	175897246	harbor2	chr5	175725609	175725965	LTR/ERVL-MaLR	2643	-	178	175725787	28541
chr5	175697246	175897246	harbor2	chr5	175727489	175727985	LTR/ERVL-MaLR	1600	-	248	175727737	30491
chr5	175697246	175897246	harbor2	chr5	175732054	175732448	LTR/ERVL-MaLR	997	-	197	175732251	35005
chr5	175697246	175897246	harbor2	chr5	175733353	175733805	LTR/ERVL-MaLR	1998	-	226	175733579	36333
chr5	175697246	175897246	harbor2	chr5	175743077	175743490	LTR/ERVL-MaLR	2410	-	206	175743283	46037
chr5	175697246	175897246	harbor2	chr5	175765850	175766237	LTR/ERVL-MaLR	2343	-	194	175766044	68798
chr5	175697246	175897246	harbor2	chr5	175766238	175767318	LTR/ERVL-MaLR	10769	-	540	175766778	69532
chr5	175697246	175897246	harbor2	chr5	175767627	175768168	LTR/ERVL-MaLR	10769	-	270	175767897	70651
chr5	175697246	175897246	harbor2	chr5	175768169	175768571	LTR/ERVL-MaLR	2431	-	201	175768370	71124
chr5	175697246	175897246	harbor2	chr5	175779481	175779698	LTR/ERVL-MaLR	985	-	108	175779589	82343
chr5	175697246	175897246	harbor2	chr5	175780122	175780468	LTR/ERVL-MaLR	985	-	173	175780295	83049
chr5	175697246	175897246	harbor2	chr5	175781074	175781424	LTR/ERVL-MaLR	664	-	175	175781249	84003
chr5	175697246	175897246	harbor2	chr5	175785007	175785166	LTR/ERVL-MaLR	411	-	80	175785087	87841
chr5	144213599	144413599	harbor2	chr5	144242548	144242950	LTR/ERVL-MaLR	1925	-	201	144242749	29150
chr5	144213599	144413599	harbor2	chr5	144263722	144264096	LTR/ERVL-MaLR	1487	-	187	144263909	50310
chr5	144213599	144413599	harbor2	chr5	144279469	144279843	LTR/ERVL-MaLR	1809	-	187	144279656	66057
chr5	144213599	144413599	harbor2	chr5	144283851	144284356	LTR/ERVL-MaLR	540	-	252	144284103	70504
chr5	144213599	144413599	harbor2	chr5	144297280	144297418	LTR/ERVL-MaLR	399	-	69	144297349	83750
chr5	169999990	170199990	harbor2	chr5	170026898	170027159	LTR/ERVL-MaLR	662	-	130	170027028	27038
chr5	169999990	170199990	harbor2	chr5	170065497	170065857	LTR/ERVL-MaLR	2176	-	180	170065677	65687
chr5	169999990	170199990	harbor2	chr5	170091906	170092400	LTR/ERVL-MaLR	1795	-	247	170092153	92163
chr5	169999990	170199990	harbor2	chr5	170099070	170099549	LTR/ERVL-MaLR	1728	-	240	170099310	99320
chr5	150220775	150420775	harbor2	chr5	150318110	150318466	LTR/ERVL-MaLR	1926	-	178	150318288	97513
chr5	20852635	21052635	harbor2	chr5	20852532	20852886	LTR/ERVL-MaLR	1371	-	177	20852709	74
chr5	20852635	21052635	harbor2	chr5	20856127	20856317	LTR/ERVL-MaLR	888	-	95	20856222	3587
chr5	20852635	21052635	harbor2	chr5	20856432	20856568	LTR/ERVL-MaLR	888	-	68	20856500	3865
chr5	20852635	21052635	harbor2	chr5	20867330	20867696	LTR/ERVL-MaLR	1485	-	183	20867513	14878
chr5	20852635	21052635	harbor2	chr5	20887813	20888224	LTR/ERVL-MaLR	2645	-	206	20888019	35384
chr5	20852635	21052635	harbor2	chr5	20903076	20903498	LTR/ERVL-MaLR	1973	-	211	20903287	50652
chr5	20852635	21052635	harbor2	chr5	20903923	20904332	LTR/ERVL-MaLR	2127	-	204	20904127	51492
chr5	20852635	21052635	harbor2	chr5	20904333	20905623	LTR/ERVL-MaLR	8351	-	645	20904978	52343
chr5	20852635	21052635	harbor2	chr5	20906278	20906574	LTR/ERVL-MaLR	1554	-	148	20906426	53791
chr5	20852635	21052635	harbor2	chr5	20909061	20909159	LTR/ERVL-MaLR	618	-	49	20909110	56475
chr5	20852635	21052635	harbor2	chr5	20913848	20914194	LTR/ERVL-MaLR	1743	-	173	20914021	61386
chr5	20852635	21052635	harbor2	chr5	20915746	20915947	LTR/ERVL-MaLR	1188	-	100	20915846	63211
chr5	20852635	21052635	harbor2	chr5	20916517	20916679	LTR/ERVL-MaLR	838	-	81	20916598	63963
chr5	20852635	21052635	harbor2	chr5	20905915	20906269	LTR/ERVL-MaLR	8351	-	177	20906092	53457
chr5	20852635	21052635	harbor2	chr5	20922029	20922408	LTR/ERVL-MaLR	1763	-	190	20922219	69584
chr5	52189204	52389204	harbor2	chr5	52207665	52208021	LTR/ERVL-MaLR	1506	-	178	52207843	18639
chr5	52189204	52389204	harbor2	chr5	52235263	52235721	LTR/ERVL-MaLR	1883	-	229	52235492	46288
chr5	52189204	52389204	harbor2	chr5	52252112	52252297	LTR/ERVL-MaLR	1634	-	92	52252204	63000
chr5	52189204	52389204	harbor2	chr5	52252334	52252515	LTR/ERVL-MaLR	1634	-	90	52252424	63220
chr5	101369248	101569248	harbor2	chr5	101381971	101382444	LTR/ERVL-MaLR	3413	-	236	101382207	12959
chr5	101369248	101569248	harbor2	chr5	101382446	101382803	LTR/ERVL-MaLR	2081	-	178	101382624	13376
chr5	101369248	101569248	harbor2	chr5	101389114	101389445	LTR/ERVL-MaLR	1152	-	166	101389280	20032
chr5	101369248	101569248	harbor2	chr5	101413306	101413659	LTR/ERVL-MaLR	2077	-	176	101413482	44234
chr5	101369248	101569248	harbor2	chr5	101416973	101417331	LTR/ERVL-MaLR	1911	-	179	101417152	47904
chr5	101369248	101569248	harbor2	chr5	101437365	101437849	LTR/ERVL-MaLR	632	-	242	101437607	68359
chr5	94575234	94775234	harbor2	chr5	94591699	94592059	LTR/ERVL-MaLR	2550	-	180	94591879	16645
chr5	94575234	94775234	harbor2	chr5	94592060	94592383	LTR/ERVL-MaLR	2422	-	162	94592222	16988
chr5	94575234	94775234	harbor2	chr5	94594894	94596000	LTR/ERVL-MaLR	7099	-	553	94595447	20213
chr5	94575234	94775234	harbor2	chr5	94606782	94607036	LTR/ERVL-MaLR	1284	-	127	94606909	31675
chr5	94575234	94775234	harbor2	chr5	94607649	94608160	LTR/ERVL-MaLR	1770	-	256	94607905	32671
chr5	40531462	40731462	harbor2	chr5	40531847	40532196	LTR/ERVL-MaLR	2076	-	174	40532021	559
chr5	40531462	40731462	harbor2	chr5	40540885	40541281	LTR/ERVL-MaLR	1496	-	198	40541083	9621
chr5	40531462	40731462	harbor2	chr5	40553083	40553302	LTR/ERVL-MaLR	464	-	110	40553193	21731
chr5	40531462	40731462	harbor2	chr5	40553603	40553786	LTR/ERVL-MaLR	464	-	92	40553695	22233
chr5	40531462	40731462	harbor2	chr5	40603856	40604209	LTR/ERVL-MaLR	2693	-	176	40604032	72570
chr5	40531462	40731462	harbor2	chr5	40611039	40611402	LTR/ERVL-MaLR	2113	-	182	40611221	79759
chr5	40531462	40731462	harbor2	chr5	40599287	40599571	LTR/ERVL-MaLR	1142	-	142	40599429	67967
chr5	102909710	103109710	harbor2	chr5	102946957	102947409	LTR/ERVL-MaLR	2037	-	226	102947183	37473
chr5	102909710	103109710	harbor2	chr5	102998878	102999175	LTR/ERVL-MaLR	1948	-	148	102999026	89316
chr5	102909710	103109710	harbor2	chr5	102999168	103000000	LTR/ERVL-MaLR	5445	-	416	102999584	89874
chr5	102909710	103109710	harbor2	chr5	103000002	103000548	LTR/ERVL-MaLR	3525	-	273	103000275	90565
chr5	102909710	103109710	harbor2	chr5	103000549	103000905	LTR/ERVL-MaLR	2430	-	178	103000727	91017
chr5	102909710	103109710	harbor2	chr5	103005367	103005732	LTR/ERVL-MaLR	1558	-	182	103005549	95839
chr5	138841551	139041551	harbor2	chr5	138936164	138936545	LTR/ERVL-MaLR	1083	-	190	138936354	94803
chr5	171824318	172024318	harbor2	chr5	171839135	171839359	LTR/ERVL-MaLR	1547	-	112	171839247	14929
chr5	171824318	172024318	harbor2	chr5	171840062	171840400	LTR/ERVL-MaLR	1547	-	169	171840231	15913
chr5	171824318	172024318	harbor2	chr5	171841386	171841745	LTR/ERVL-MaLR	1859	-	180	171841566	17248
chr5	104905028	105105028	harbor2	chr5	104905003	104905440	LTR/ERVL-MaLR	396	-	218	104905221	193
chr5	104905028	105105028	harbor2	chr5	104905751	104905836	LTR/ERVL-MaLR	396	-	42	104905793	765
chr5	104905028	105105028	harbor2	chr5	104917448	104917992	LTR/ERVL-MaLR	1798	-	272	104917720	12692
chr5	104905028	105105028	harbor2	chr5	104979179	104979604	LTR/ERVL-MaLR	1275	-	212	104979391	74363
chr5	104905028	105105028	harbor2	chr5	104979620	104979923	LTR/ERVL-MaLR	1399	-	152	104979772	74744
chr5	104905028	105105028	harbor2	chr5	104987717	104988062	LTR/ERVL-MaLR	944	-	172	104987889	82861
chr5	104905028	105105028	harbor2	chr5	104992489	104993095	LTR/ERVL-MaLR	2597	-	303	104992792	87764
chr5	133835261	134035261	harbor2	chr5	133838294	133838963	LTR/ERVL-MaLR	994	-	334	133838628	3367
chr5	133835261	134035261	harbor2	chr5	133843038	133843421	LTR/ERVL-MaLR	1668	-	192	133843230	7969
chr5	133835261	134035261	harbor2	chr5	133843430	133843571	LTR/ERVL-MaLR	598	-	70	133843500	8239
chr5	133835261	134035261	harbor2	chr5	133859779	133860065	LTR/ERVL-MaLR	2311	-	143	133859922	24661
chr5	133835261	134035261	harbor2	chr5	133860363	133860550	LTR/ERVL-MaLR	2311	-	94	133860457	25196
chr5	133835261	134035261	harbor2	chr5	133879146	133879574	LTR/ERVL-MaLR	1789	-	214	133879360	44099
chr5	133835261	134035261	harbor2	chr5	133894975	133895460	LTR/ERVL-MaLR	1356	-	242	133895217	59956
chr5	133835261	134035261	harbor2	chr5	133915947	133916157	LTR/ERVL-MaLR	589	-	105	133916052	80791
chr5	133835261	134035261	harbor2	chr5	133920001	133920330	LTR/ERVL-MaLR	957	-	164	133920165	84904
chr5	133835261	134035261	harbor2	chr5	133924246	133924617	LTR/ERVL-MaLR	741	-	186	133924432	89171
chr5	133835261	134035261	harbor2	chr5	133926037	133926406	LTR/ERVL-MaLR	1474	-	184	133926221	90960
chr5	133835261	134035261	harbor2	chr5	133929479	133929833	LTR/ERVL-MaLR	878	-	177	133929656	94395
chr5	122360405	122560405	harbor2	chr5	122448265	122448354	LTR/ERVL-MaLR	505	-	44	122448309	87904
chr5	168783581	168983581	harbor2	chr5	168827198	168827711	LTR/ERVL-MaLR	1299	-	256	168827454	43873
chr5	168783581	168983581	harbor2	chr5	168870947	168871384	LTR/ERVL-MaLR	1561	-	218	168871165	87584
chr5	45181799	45381799	harbor2	chr5	45205186	45205518	LTR/ERVL-MaLR	1459	-	166	45205352	23553
chr5	45181799	45381799	harbor2	chr5	45219129	45219518	LTR/ERVL-MaLR	1915	-	194	45219323	37524
chr5	45181799	45381799	harbor2	chr5	45226728	45227227	LTR/ERVL-MaLR	1071	-	250	45226978	45179
chr5	45181799	45381799	harbor2	chr5	45232106	45232445	LTR/ERVL-MaLR	2504	-	170	45232276	50477
chr5	45181799	45381799	harbor2	chr5	45232446	45234022	LTR/ERVL-MaLR	10927	-	788	45233234	51435
chr5	45181799	45381799	harbor2	chr5	45234024	45234377	LTR/ERVL-MaLR	2660	-	176	45234200	52401
chr5	173442534	173642534	harbor2	chr5	173447194	173447527	LTR/ERVL-MaLR	1242	-	166	173447360	4826
chr5	173442534	173642534	harbor2	chr5	173452629	173452843	LTR/ERVL-MaLR	609	-	107	173452736	10202
chr5	173442534	173642534	harbor2	chr5	173459966	173460139	LTR/ERVL-MaLR	556	-	86	173460052	17518
chr5	173442534	173642534	harbor2	chr5	173460355	173460689	LTR/ERVL-MaLR	949	-	167	173460522	17988
chr5	173442534	173642534	harbor2	chr5	173492229	173492646	LTR/ERVL-MaLR	1901	-	208	173492437	49903
chr5	173442534	173642534	harbor2	chr5	173493912	173494288	LTR/ERVL-MaLR	1540	-	188	173494100	51566
chr5	173442534	173642534	harbor2	chr5	173494505	173494823	LTR/ERVL-MaLR	1149	-	159	173494664	52130
chr5	173442534	173642534	harbor2	chr5	173516791	173516944	LTR/ERVL-MaLR	443	-	76	173516867	74333
chr5	173442534	173642534	harbor2	chr5	173517164	173517184	LTR/ERVL-MaLR	443	-	10	173517174	74640
chr5	173442534	173642534	harbor2	chr5	173517190	173517329	LTR/ERVL-MaLR	950	-	70	173517260	74726
chr5	173442534	173642534	harbor2	chr5	173490137	173490482	LTR/ERVL-MaLR	2089	-	172	173490309	47775
chr5	156503327	156703327	harbor2	chr5	156552900	156553311	LTR/ERVL-MaLR	2309	-	206	156553106	49779
chr5	156503327	156703327	harbor2	chr5	156597278	156597629	LTR/ERVL-MaLR	2200	-	176	156597454	94127
chr5	149064585	149264585	harbor2	chr5	149086534	149086617	LTR/ERVL-MaLR	446	-	42	149086576	21991
chr5	149064585	149264585	harbor2	chr5	149112827	149113209	LTR/ERVL-MaLR	2045	-	191	149113018	48433
chr5	149064585	149264585	harbor2	chr5	149151016	149151425	LTR/ERVL-MaLR	1745	-	204	149151220	86635
chr5	149064585	149264585	harbor2	chr5	149163402	149163761	LTR/ERVL-MaLR	2273	-	180	149163582	98997
chr5	127471103	127671103	harbor2	chr5	127481288	127481481	LTR/ERVL-MaLR	962	-	96	127481384	10281
chr5	127471103	127671103	harbor2	chr5	127483146	127483268	LTR/ERVL-MaLR	781	-	61	127483207	12104
chr5	164357347	164557347	harbor2	chr5	164371278	164371642	LTR/ERVL-MaLR	2100	-	182	164371460	14113
chr5	139313290	139513290	harbor2	chr5	139406975	139407462	LTR/ERVL-MaLR	1441	-	244	139407219	93929
chr5	139313290	139513290	harbor2	chr5	139408235	139408292	LTR/ERVL-MaLR	505	-	28	139408263	94973
chr5	139313290	139513290	harbor2	chr5	139408579	139408692	LTR/ERVL-MaLR	505	-	56	139408635	95345
chr5	167911709	168111709	harbor2	chr5	167914168	167914578	LTR/ERVL-MaLR	1909	-	205	167914373	2664
chr5	167911709	168111709	harbor2	chr5	167914579	167915044	LTR/ERVL-MaLR	2055	-	232	167914811	3102
chr5	167911709	168111709	harbor2	chr5	167915045	167915123	LTR/ERVL-MaLR	1909	-	39	167915084	3375
chr5	167911709	168111709	harbor2	chr5	167962538	167962906	LTR/ERVL-MaLR	2555	-	184	167962722	51013
chr5	167911709	168111709	harbor2	chr5	167969725	167969907	LTR/ERVL-MaLR	409	-	91	167969816	58107
chr5	70086314	70286314	harbor2	chr5	70138283	70138466	LTR/ERVL-MaLR	480	-	92	70138375	52061
chr5	70086314	70286314	harbor2	chr5	70138483	70138721	LTR/ERVL-MaLR	656	-	119	70138602	52288
chr5	70086314	70286314	harbor2	chr5	70138724	70138896	LTR/ERVL-MaLR	826	-	86	70138810	52496
chr5	70086314	70286314	harbor2	chr5	70139306	70139600	LTR/ERVL-MaLR	983	-	147	70139453	53139
chr5	70086314	70286314	harbor2	chr5	70146191	70146588	LTR/ERVL-MaLR	1572	-	198	70146389	60075
chr5	70086314	70286314	harbor2	chr5	70149748	70150116	LTR/ERVL-MaLR	2121	-	184	70149932	63618
chr5	70086314	70286314	harbor2	chr5	70158935	70159313	LTR/ERVL-MaLR	2166	-	189	70159124	72810
chr5	70086314	70286314	harbor2	chr5	70159314	70160810	LTR/ERVL-MaLR	8635	-	748	70160062	73748
chr5	70086314	70286314	harbor2	chr5	70160813	70161183	LTR/ERVL-MaLR	2128	-	185	70160998	74684
chr5	70086314	70286314	harbor2	chr5	70164754	70165120	LTR/ERVL-MaLR	2016	-	183	70164937	78623
chr5	70086314	70286314	harbor2	chr5	70165656	70166095	LTR/ERVL-MaLR	1272	-	220	70165876	79562
chr5	70086314	70286314	harbor2	chr5	70171003	70171376	LTR/ERVL-MaLR	1826	-	186	70171189	84875
chr5	95518556	95718556	harbor2	chr5	95576781	95577087	LTR/ERVL-MaLR	502	-	153	95576934	58378
chr5	95518556	95718556	harbor2	chr5	95579253	95579573	LTR/ERVL-MaLR	1746	-	160	95579413	60857
chr5	118920277	119120277	harbor2	chr5	118926932	118927294	LTR/ERVL-MaLR	761	-	181	118927113	6836
chr5	118920277	119120277	harbor2	chr5	119001746	119002197	LTR/ERVL-MaLR	1134	-	226	119001972	81695
chr5	118920277	119120277	harbor2	chr5	119007993	119008391	LTR/ERVL-MaLR	1754	-	199	119008192	87915
chr5	162608921	162808921	harbor2	chr5	162617689	162618021	LTR/ERVL-MaLR	1352	-	166	162617855	8934
chr5	162608921	162808921	harbor2	chr5	162618306	162618500	LTR/ERVL-MaLR	1352	-	97	162618403	9482
chr5	162608921	162808921	harbor2	chr5	162633070	162633453	LTR/ERVL-MaLR	2263	-	192	162633262	24341
chr5	162608921	162808921	harbor2	chr5	162633454	162635090	LTR/ERVL-MaLR	10115	-	818	162634272	25351
chr5	162608921	162808921	harbor2	chr5	162635091	162635466	LTR/ERVL-MaLR	2027	-	188	162635279	26358
chr5	162608921	162808921	harbor2	chr5	162638952	162639132	LTR/ERVL-MaLR	541	-	90	162639042	30121
chr5	162608921	162808921	harbor2	chr5	162654513	162654724	LTR/ERVL-MaLR	411	-	106	162654619	45698
chr5	162608921	162808921	harbor2	chr5	162654740	162655044	LTR/ERVL-MaLR	633	-	152	162654892	45971
chr5	162608921	162808921	harbor2	chr5	162665969	162666299	LTR/ERVL-MaLR	1129	-	165	162666134	57213
chr5	162608921	162808921	harbor2	chr5	162682120	162682169	LTR/ERVL-MaLR	508	-	24	162682144	73223
chr5	162608921	162808921	harbor2	chr5	162682170	162682559	LTR/ERVL-MaLR	1951	-	194	162682364	73443
chr5	162608921	162808921	harbor2	chr5	162682560	162682839	LTR/ERVL-MaLR	508	-	140	162682700	73779
chr5	124542505	124742505	harbor2	chr5	124564231	124564594	LTR/ERVL-MaLR	699	-	182	124564413	21908
chr5	124542505	124742505	harbor2	chr5	124584670	124584792	LTR/ERVL-MaLR	519	-	61	124584731	42226
chr5	124542505	124742505	harbor2	chr5	124617580	124618109	LTR/ERVL-MaLR	828	-	264	124617844	75339
chr5	160658958	160858958	harbor2	chr5	160716617	160716890	LTR/ERVL-MaLR	727	-	136	160716753	57795
chr5	160658958	160858958	harbor2	chr5	160718420	160718871	LTR/ERVL-MaLR	2690	-	226	160718646	59688
chr5	160658958	160858958	harbor2	chr5	160755014	160755373	LTR/ERVL-MaLR	1909	-	180	160755194	96236
chr5	114127597	114327597	harbor2	chr5	114126624	114128168	LTR/ERVL-MaLR	10367	-	772	114127396	201
chr5	114127597	114327597	harbor2	chr5	114128169	114128546	LTR/ERVL-MaLR	2377	-	188	114128357	760
chr5	114127597	114327597	harbor2	chr5	114128547	114128615	LTR/ERVL-MaLR	1179	-	34	114128581	984
chr5	114127597	114327597	harbor2	chr5	114179057	114179422	LTR/ERVL-MaLR	1429	-	182	114179239	51642
chr5	153729797	153929797	harbor2	chr5	153742385	153742981	LTR/ERVL-MaLR	1937	-	298	153742683	12886
chr5	153729797	153929797	harbor2	chr5	153743254	153743858	LTR/ERVL-MaLR	2179	-	302	153743556	13759
chr5	153729797	153929797	harbor2	chr5	153749325	153749742	LTR/ERVL-MaLR	2926	-	208	153749533	19736
chr5	153729797	153929797	harbor2	chr5	153827897	153828423	LTR/ERVL-MaLR	1463	-	263	153828160	98363
chr5	153729797	153929797	harbor2	chr5	153747060	153747475	LTR/ERVL-MaLR	2563	-	208	153747268	17471
chr5	125025909	125225909	harbor2	chr5	125033008	125033485	LTR/ERVL-MaLR	2001	-	238	125033246	7337
chr5	125025909	125225909	harbor2	chr5	125038953	125039345	LTR/ERVL-MaLR	1659	-	196	125039149	13240
chr5	125025909	125225909	harbor2	chr5	125072218	125072543	LTR/ERVL-MaLR	870	-	162	125072380	46471
chr5	125025909	125225909	harbor2	chr5	125090561	125090911	LTR/ERVL-MaLR	1344	-	175	125090736	64827
chr5	125025909	125225909	harbor2	chr5	125117291	125117755	LTR/ERVL-MaLR	1047	-	232	125117523	91614
chr5	137063624	137263624	harbor2	chr5	137092795	137093189	LTR/ERVL-MaLR	2200	-	197	137092992	29368
chr5	137063624	137263624	harbor2	chr5	137147372	137147773	LTR/ERVL-MaLR	1381	-	200	137147572	83948
chr5	137063624	137263624	harbor2	chr5	137158901	137159126	LTR/ERVL-MaLR	456	-	112	137159013	95389
chr5	55075675	55275675	harbor2	chr5	55114532	55114964	LTR/ERVL-MaLR	925	-	216	55114748	39073
chr5	55075675	55275675	harbor2	chr5	55155966	55156317	LTR/ERVL-MaLR	2383	-	176	55156142	80467
chr5	152085270	152285270	harbor2	chr5	152096538	152096677	LTR/ERVL-MaLR	707	-	70	152096608	11338
chr5	152085270	152285270	harbor2	chr5	152096806	152097042	LTR/ERVL-MaLR	707	-	118	152096924	11654
chr5	152085270	152285270	harbor2	chr5	152106293	152106638	LTR/ERVL-MaLR	586	-	172	152106465	21195
chr5	152085270	152285270	harbor2	chr5	152114798	152115313	LTR/ERVL-MaLR	796	-	258	152115056	29786
chr5	152085270	152285270	harbor2	chr5	152130849	152131110	LTR/ERVL-MaLR	1572	-	130	152130979	45709
chr5	152085270	152285270	harbor2	chr5	152131259	152131382	LTR/ERVL-MaLR	515	-	62	152131321	46051
chr5	152085270	152285270	harbor2	chr5	152131383	152131700	LTR/ERVL-MaLR	6924	-	158	152131541	46271
chr5	152085270	152285270	harbor2	chr5	152132009	152133400	LTR/ERVL-MaLR	6924	-	696	152132705	47435
chr5	152085270	152285270	harbor2	chr5	152133401	152133759	LTR/ERVL-MaLR	1274	-	179	152133580	48310
chr5	152085270	152285270	harbor2	chr5	152140502	152140596	LTR/ERVL-MaLR	399	-	47	152140549	55279
chr5	152085270	152285270	harbor2	chr5	152147322	152147522	LTR/ERVL-MaLR	487	-	100	152147422	62152
chr5	152085270	152285270	harbor2	chr5	152147575	152147713	LTR/ERVL-MaLR	418	-	69	152147644	62374
chr5	152085270	152285270	harbor2	chr5	152160991	152161495	LTR/ERVL-MaLR	2147	-	252	152161243	75973
chr5	152085270	152285270	harbor2	chr5	152179054	152179432	LTR/ERVL-MaLR	1823	-	189	152179243	93973
chr5	152085270	152285270	harbor2	chr5	152179439	152181024	LTR/ERVL-MaLR	10403	-	792	152180231	94961
chr5	152085270	152285270	harbor2	chr5	152181028	152181386	LTR/ERVL-MaLR	2029	-	179	152181207	95937
chr5	152085270	152285270	harbor2	chr5	152183140	152183395	LTR/ERVL-MaLR	448	-	128	152183268	97998
chr5	151857548	152057548	harbor2	chr5	151955157	151955540	LTR/ERVL-MaLR	780	-	192	151955349	97801
chr5	114120565	114320565	harbor2	chr5	114125534	114125622	LTR/ERVL-MaLR	1179	-	44	114125578	5013
chr5	114120565	114320565	harbor2	chr5	114125623	114125984	LTR/ERVL-MaLR	2129	-	180	114125803	5238
chr5	114120565	114320565	harbor2	chr5	114125985	114126246	LTR/ERVL-MaLR	1179	-	130	114126115	5550
chr5	114120565	114320565	harbor2	chr5	114126247	114126623	LTR/ERVL-MaLR	2528	-	188	114126435	5870
chr5	114120565	114320565	harbor2	chr5	114126624	114128168	LTR/ERVL-MaLR	10367	-	772	114127396	6831
chr5	114120565	114320565	harbor2	chr5	114128169	114128546	LTR/ERVL-MaLR	2377	-	188	114128357	7792
chr5	114120565	114320565	harbor2	chr5	114128547	114128615	LTR/ERVL-MaLR	1179	-	34	114128581	8016
chr5	114120565	114320565	harbor2	chr5	114179057	114179422	LTR/ERVL-MaLR	1429	-	182	114179239	58674
chr5	171176720	171376720	harbor2	chr5	171193481	171193937	LTR/ERVL-MaLR	1746	-	228	171193709	16989
chr5	126460969	126660969	harbor2	chr5	126495778	126495977	LTR/ERVL-MaLR	469	-	100	126495878	34909
chr5	126460969	126660969	harbor2	chr5	126507111	126507523	LTR/ERVL-MaLR	2409	-	206	126507317	46348
chr5	126460969	126660969	harbor2	chr5	126510504	126510887	LTR/ERVL-MaLR	2255	-	192	126510696	49727
chr5	180587314	180787314	harbor2	chr5	180594502	180594792	LTR/ERVL-MaLR	548	-	145	180594647	7333
chr5	180587314	180787314	harbor2	chr5	180598954	180599237	LTR/ERVL-MaLR	1366	-	142	180599096	11782
chr5	180587314	180787314	harbor2	chr5	180652793	180653083	LTR/ERVL-MaLR	458	-	145	180652938	65624
chr5	136458615	136658615	harbor2	chr5	136523707	136524112	LTR/ERVL-MaLR	2293	-	202	136523909	65294
chr5	136458615	136658615	harbor2	chr5	136529558	136529725	LTR/ERVL-MaLR	943	-	84	136529642	71027
chr5	136458615	136658615	harbor2	chr5	136530395	136530799	LTR/ERVL-MaLR	2474	-	202	136530597	71982
chr5	136458615	136658615	harbor2	chr5	136527745	136528193	LTR/ERVL-MaLR	894	-	224	136527969	69354
chr5	123064590	123264590	harbor2	chr5	123065787	123066152	LTR/ERVL-MaLR	2426	-	182	123065969	1379
chr5	123064590	123264590	harbor2	chr5	123076439	123076849	LTR/ERVL-MaLR	2404	-	205	123076644	12054
chr5	165094344	165294344	harbor2	chr5	165096551	165096902	LTR/ERVL-MaLR	2552	-	176	165096727	2383
chr5	165094344	165294344	harbor2	chr5	165096903	165098452	LTR/ERVL-MaLR	10834	-	774	165097677	3333
chr5	165094344	165294344	harbor2	chr5	165098453	165098795	LTR/ERVL-MaLR	2384	-	171	165098624	4280
chr5	165094344	165294344	harbor2	chr5	165099445	165100763	LTR/ERVL-MaLR	7605	-	659	165100104	5760
chr5	165094344	165294344	harbor2	chr5	165100764	165101126	LTR/ERVL-MaLR	2444	-	181	165100945	6601
chr5	165094344	165294344	harbor2	chr5	165117148	165117563	LTR/ERVL-MaLR	2480	-	208	165117356	23012
chr5	165094344	165294344	harbor2	chr5	165136502	165136857	LTR/ERVL-MaLR	1431	-	178	165136680	42336
chr5	165094344	165294344	harbor2	chr5	165160972	165161123	LTR/ERVL-MaLR	427	-	76	165161048	66704
chr5	165094344	165294344	harbor2	chr5	165185909	165186100	LTR/ERVL-MaLR	396	-	96	165186005	91661
chr5	118015574	118215574	harbor2	chr5	118080035	118080413	LTR/ERVL-MaLR	2102	-	189	118080224	64650
chr5	118015574	118215574	harbor2	chr5	118087256	118087788	LTR/ERVL-MaLR	2168	-	266	118087522	71948
chr5	118015574	118215574	harbor2	chr5	118104277	118104652	LTR/ERVL-MaLR	536	-	188	118104465	88891
chr5	118015574	118215574	harbor2	chr5	118104647	118105384	LTR/ERVL-MaLR	2522	-	368	118105015	89441
chr5	118015574	118215574	harbor2	chr5	118105417	118105962	LTR/ERVL-MaLR	2274	-	272	118105689	90115
chr5	118015574	118215574	harbor2	chr5	118105972	118106429	LTR/ERVL-MaLR	879	-	228	118106200	90626
chr5	77920231	78120231	harbor2	chr5	77921345	77921778	LTR/ERVL-MaLR	1344	-	216	77921561	1330
chr5	77920231	78120231	harbor2	chr5	77922445	77922527	LTR/ERVL-MaLR	1344	-	41	77922486	2255
chr5	77920231	78120231	harbor2	chr5	77923635	77924178	LTR/ERVL-MaLR	1152	-	272	77923907	3676
chr5	77920231	78120231	harbor2	chr5	77933069	77933620	LTR/ERVL-MaLR	892	-	276	77933345	13114
chr5	77920231	78120231	harbor2	chr5	77966696	77967080	LTR/ERVL-MaLR	2237	-	192	77966888	46657
chr5	77920231	78120231	harbor2	chr5	77981705	77982207	LTR/ERVL-MaLR	1987	-	251	77981956	61725
chr5	148006738	148206738	harbor2	chr5	148008873	148009242	LTR/ERVL-MaLR	2163	-	184	148009057	2319
chr5	148006738	148206738	harbor2	chr5	148057551	148057954	LTR/ERVL-MaLR	1836	-	202	148057753	51015
chr5	174853857	175053857	harbor2	chr5	174856406	174856833	LTR/ERVL-MaLR	2285	-	214	174856620	2763
chr5	174853857	175053857	harbor2	chr5	174932144	174932315	LTR/ERVL-MaLR	394	-	86	174932230	78373
chr5	174853857	175053857	harbor2	chr5	174932472	174932631	LTR/ERVL-MaLR	872	-	80	174932552	78695
chr5	174853857	175053857	harbor2	chr5	174932793	174933026	LTR/ERVL-MaLR	879	-	116	174932909	79052
chr5	174853857	175053857	harbor2	chr5	174933564	174934046	LTR/ERVL-MaLR	606	-	241	174933805	79948
chr5	174853857	175053857	harbor2	chr5	174944659	174945030	LTR/ERVL-MaLR	1328	-	186	174944845	90988
chr5	161804975	162004975	harbor2	chr5	161863252	161863660	LTR/ERVL-MaLR	2185	-	204	161863456	58481
chr5	151143263	151343263	harbor2	chr5	151200965	151201311	LTR/ERVL-MaLR	697	-	173	151201138	57875
chr5	151143263	151343263	harbor2	chr5	151217455	151217833	LTR/ERVL-MaLR	1744	-	189	151217644	74381
chr5	151143263	151343263	harbor2	chr5	151228230	151228635	LTR/ERVL-MaLR	968	-	202	151228432	85169
chr5	168449687	168649687	harbor2	chr5	168457946	168458152	LTR/ERVL-MaLR	467	-	103	168458049	8362
chr5	168449687	168649687	harbor2	chr5	168463098	168463517	LTR/ERVL-MaLR	1328	-	210	168463308	13621
chr5	168449687	168649687	harbor2	chr5	168463654	168464086	LTR/ERVL-MaLR	1426	-	216	168463870	14183
chr5	168449687	168649687	harbor2	chr5	168478188	168478367	LTR/ERVL-MaLR	1594	-	90	168478278	28591
chr5	168449687	168649687	harbor2	chr5	168478671	168478790	LTR/ERVL-MaLR	1594	-	60	168478731	29044
chr5	168449687	168649687	harbor2	chr5	168497533	168497661	LTR/ERVL-MaLR	739	-	64	168497597	47910
chr5	168449687	168649687	harbor2	chr5	168511244	168511524	LTR/ERVL-MaLR	1567	-	140	168511384	61697
chr5	168449687	168649687	harbor2	chr5	168533479	168533879	LTR/ERVL-MaLR	1350	-	200	168533679	83992
chr5	168449687	168649687	harbor2	chr5	168538702	168539026	LTR/ERVL-MaLR	777	-	162	168538864	89177
chr5	168449687	168649687	harbor2	chr5	168539027	168539448	LTR/ERVL-MaLR	827	-	210	168539237	89550
chr5	126152987	126352987	harbor2	chr5	126159042	126159417	LTR/ERVL-MaLR	2201	-	188	126159230	6243
chr5	126152987	126352987	harbor2	chr5	126178526	126178895	LTR/ERVL-MaLR	739	-	184	126178710	25723
chr5	126152987	126352987	harbor2	chr5	126180898	126181364	LTR/ERVL-MaLR	418	-	233	126181131	28144
chr5	126152987	126352987	harbor2	chr5	126186529	126186967	LTR/ERVL-MaLR	1697	-	219	126186748	33761
chr5	126152987	126352987	harbor2	chr5	126208901	126209285	LTR/ERVL-MaLR	991	-	192	126209093	56106
chr5	126152987	126352987	harbor2	chr5	126215547	126215710	LTR/ERVL-MaLR	408	-	82	126215629	62642
chr5	126152987	126352987	harbor2	chr5	126245712	126246065	LTR/ERVL-MaLR	2144	-	176	126245888	92901
chr5	126152987	126352987	harbor2	chr5	126250321	126250386	LTR/ERVL-MaLR	891	-	32	126250353	97366
chr5	126152987	126352987	harbor2	chr5	126250699	126250947	LTR/ERVL-MaLR	891	-	124	126250823	97836
chr5	126152987	126352987	harbor2	chr5	126251276	126251413	LTR/ERVL-MaLR	614	-	68	126251344	98357
chr5	140701344	140901344	harbor2	chr5	140702947	140703229	LTR/ERVL-MaLR	1490	-	141	140703088	1744
chr5	140701344	140901344	harbor2	chr5	140703534	140703776	LTR/ERVL-MaLR	1490	-	121	140703655	2311
chr5	140701344	140901344	harbor2	chr5	140766448	140766821	LTR/ERVL-MaLR	1901	-	186	140766634	65290
chr5	140701344	140901344	harbor2	chr5	140768936	140769357	LTR/ERVL-MaLR	1387	-	210	140769146	67802
chr5	140701344	140901344	harbor2	chr5	140791960	140792386	LTR/ERVL-MaLR	956	-	213	140792173	90829
chr5	61047037	61247037	harbor2	chr5	61053355	61053740	LTR/ERVL-MaLR	978	-	192	61053547	6510
chr5	61047037	61247037	harbor2	chr5	61074786	61075108	LTR/ERVL-MaLR	2049	-	161	61074947	27910
chr5	61047037	61247037	harbor2	chr5	61087853	61088412	LTR/ERVL-MaLR	1226	-	280	61088133	41096
chr5	61047037	61247037	harbor2	chr5	61124800	61125143	LTR/ERVL-MaLR	1807	-	172	61124972	77935
chr5	116550415	116750415	harbor2	chr5	116585116	116585508	LTR/ERVL-MaLR	1152	-	196	116585312	34897
chr5	116550415	116750415	harbor2	chr5	116600208	116600647	LTR/ERVL-MaLR	1562	-	220	116600428	50013
chr5	116550415	116750415	harbor2	chr5	116607821	116608149	LTR/ERVL-MaLR	3070	-	164	116607985	57570
chr5	116550415	116750415	harbor2	chr5	116608458	116608560	LTR/ERVL-MaLR	3070	-	51	116608509	58094
chr5	116550415	116750415	harbor2	chr5	116609290	116609669	LTR/ERVL-MaLR	725	-	190	116609480	59065
chr5	116550415	116750415	harbor2	chr5	116635130	116635344	LTR/ERVL-MaLR	1219	-	107	116635237	84822
chr5	116550415	116750415	harbor2	chr5	116635657	116635757	LTR/ERVL-MaLR	1219	-	50	116635707	85292
chr5	116550415	116750415	harbor2	chr5	116636124	116636492	LTR/ERVL-MaLR	2368	-	184	116636308	85893
chr5	116550415	116750415	harbor2	chr5	116636493	116636900	LTR/ERVL-MaLR	3280	-	204	116636697	86282
chr5	71982624	72182624	harbor2	chr5	71986709	71987086	LTR/ERVL-MaLR	1693	-	188	71986897	4273
chr5	71982624	72182624	harbor2	chr5	72014954	72015410	LTR/ERVL-MaLR	820	-	228	72015182	32558
chr5	71982624	72182624	harbor2	chr5	72033361	72033540	LTR/ERVL-MaLR	429	-	90	72033451	50827
chr5	71982624	72182624	harbor2	chr5	72041712	72042075	LTR/ERVL-MaLR	1652	-	182	72041894	59270
chr5	71982624	72182624	harbor2	chr5	72049288	72049491	LTR/ERVL-MaLR	405	-	102	72049390	66766
chr5	71982624	72182624	harbor2	chr5	72050999	72051411	LTR/ERVL-MaLR	2666	-	206	72051205	68581
chr5	71982624	72182624	harbor2	chr5	72056850	72057302	LTR/ERVL-MaLR	1225	-	226	72057076	74452
chr5	71982624	72182624	harbor2	chr5	72057354	72057595	LTR/ERVL-MaLR	720	-	120	72057474	74850
chr5	71982624	72182624	harbor2	chr5	72057627	72057971	LTR/ERVL-MaLR	1014	-	172	72057799	75175
chr5	111847443	112047443	harbor2	chr5	111847133	111847494	LTR/ERVL-MaLR	1208	-	180	111847313	130
chr5	111847443	112047443	harbor2	chr5	111863771	111864065	LTR/ERVL-MaLR	1016	-	147	111863918	16475
chr5	111847443	112047443	harbor2	chr5	111867186	111867602	LTR/ERVL-MaLR	785	-	208	111867394	19951
chr5	111847443	112047443	harbor2	chr5	111873273	111873838	LTR/ERVL-MaLR	1875	-	282	111873555	26112
chr5	111847443	112047443	harbor2	chr5	111878219	111878588	LTR/ERVL-MaLR	1941	-	184	111878403	30960
chr5	111847443	112047443	harbor2	chr5	111879636	111880020	LTR/ERVL-MaLR	1206	-	192	111879828	32385
chr5	111847443	112047443	harbor2	chr5	111880309	111880715	LTR/ERVL-MaLR	1578	-	203	111880512	33069
chr5	111847443	112047443	harbor2	chr5	111888240	111888625	LTR/ERVL-MaLR	2231	-	192	111888432	40989
chr5	111847443	112047443	harbor2	chr5	111889069	111889485	LTR/ERVL-MaLR	2247	-	208	111889277	41834
chr5	111847443	112047443	harbor2	chr5	111889488	111889686	LTR/ERVL-MaLR	8487	-	99	111889587	42144
chr5	111847443	112047443	harbor2	chr5	111890107	111891537	LTR/ERVL-MaLR	8487	-	715	111890822	43379
chr5	111847443	112047443	harbor2	chr5	111891538	111891949	LTR/ERVL-MaLR	2345	-	206	111891744	44301
chr5	111847443	112047443	harbor2	chr5	111935822	111936151	LTR/ERVL-MaLR	1837	-	164	111935986	88543
chr5	111847443	112047443	harbor2	chr5	111936526	111936648	LTR/ERVL-MaLR	1837	-	61	111936587	89144
chr5	111847443	112047443	harbor2	chr5	111941297	111941655	LTR/ERVL-MaLR	1707	-	179	111941476	94033
chr5	111847443	112047443	harbor2	chr5	111945591	111946064	LTR/ERVL-MaLR	727	-	236	111945827	98384
chr5	83878015	84078015	harbor2	chr5	83943835	83944134	LTR/ERVL-MaLR	436	-	150	83943985	65970
chr5	90721858	90921858	harbor2	chr5	90731063	90731448	LTR/ERVL-MaLR	1950	-	192	90731255	9397
chr5	90721858	90921858	harbor2	chr5	90762745	90763176	LTR/ERVL-MaLR	696	-	216	90762961	41103
chr5	90721858	90921858	harbor2	chr5	90770049	90770410	LTR/ERVL-MaLR	2620	-	180	90770229	48371
chr5	90721858	90921858	harbor2	chr5	90777001	90777373	LTR/ERVL-MaLR	2097	-	186	90777187	55329
chr5	155389242	155589242	harbor2	chr5	155397535	155397940	LTR/ERVL-MaLR	2224	-	202	155397737	8495
chr5	155389242	155589242	harbor2	chr5	155412220	155412394	LTR/ERVL-MaLR	450	-	87	155412307	23065
chr5	155389242	155589242	harbor2	chr5	155415756	155416056	LTR/ERVL-MaLR	394	-	150	155415906	26664
chr5	155389242	155589242	harbor2	chr5	155418158	155418569	LTR/ERVL-MaLR	1496	-	206	155418364	29122
chr5	155389242	155589242	harbor2	chr5	155421700	155422151	LTR/ERVL-MaLR	929	-	226	155421926	32684
chr5	155389242	155589242	harbor2	chr5	155439374	155439714	LTR/ERVL-MaLR	456	-	170	155439544	50302
chr5	155389242	155589242	harbor2	chr5	155448506	155448905	LTR/ERVL-MaLR	2322	-	200	155448706	59464
chr5	155389242	155589242	harbor2	chr5	155448906	155450509	LTR/ERVL-MaLR	8545	-	802	155449708	60466
chr5	155389242	155589242	harbor2	chr5	155450510	155450920	LTR/ERVL-MaLR	2463	-	205	155450715	61473
chr5	155389242	155589242	harbor2	chr5	155454241	155454490	LTR/ERVL-MaLR	565	-	124	155454365	65123
chr5	155389242	155589242	harbor2	chr5	155464074	155464332	LTR/ERVL-MaLR	637	-	129	155464203	74961
chr5	144690452	144890452	harbor2	chr5	144773473	144773686	LTR/ERVL-MaLR	423	-	106	144773579	83127
chr5	147461876	147661876	harbor2	chr5	147467740	147468110	LTR/ERVL-MaLR	1765	-	185	147467925	6049
chr5	147461876	147661876	harbor2	chr5	147471495	147471658	LTR/ERVL-MaLR	463	-	82	147471577	9701
chr5	147461876	147661876	harbor2	chr5	147482736	147483101	LTR/ERVL-MaLR	2222	-	182	147482918	21042
chr5	147461876	147661876	harbor2	chr5	147501973	147502298	LTR/ERVL-MaLR	1516	-	162	147502135	40259
chr5	160319745	160519745	harbor2	chr5	160384935	160385287	LTR/ERVL-MaLR	1460	-	176	160385111	65366
chr5	160319745	160519745	harbor2	chr5	160386125	160386632	LTR/ERVL-MaLR	2343	-	254	160386379	66634
chr5	124424350	124624350	harbor2	chr5	124442169	124442527	LTR/ERVL-MaLR	2051	-	179	124442348	17998
chr5	124424350	124624350	harbor2	chr5	124453665	124454022	LTR/ERVL-MaLR	1137	-	178	124453843	29493
chr5	124424350	124624350	harbor2	chr5	124472633	124473162	LTR/ERVL-MaLR	1551	-	264	124472897	48547
chr5	124424350	124624350	harbor2	chr5	124488155	124488508	LTR/ERVL-MaLR	2689	-	176	124488331	63981
chr5	124424350	124624350	harbor2	chr5	124488509	124490089	LTR/ERVL-MaLR	11370	-	790	124489299	64949
chr5	124424350	124624350	harbor2	chr5	124490090	124490444	LTR/ERVL-MaLR	2758	-	177	124490267	65917
chr5	124424350	124624350	harbor2	chr5	124492965	124493418	LTR/ERVL-MaLR	486	-	226	124493191	68841
chr5	124424350	124624350	harbor2	chr5	124509883	124510199	LTR/ERVL-MaLR	690	-	158	124510041	85691
chr5	124424350	124624350	harbor2	chr5	124510399	124510532	LTR/ERVL-MaLR	400	-	66	124510465	86115
chr5	162483327	162683327	harbor2	chr5	162516538	162516917	LTR/ERVL-MaLR	2030	-	190	162516728	33401
chr5	162483327	162683327	harbor2	chr5	162569701	162570109	LTR/ERVL-MaLR	2353	-	204	162569905	86578
chr5	91971377	92171377	harbor2	chr5	91994450	91994797	LTR/ERVL-MaLR	1041	-	174	91994624	23247
chr5	91971377	92171377	harbor2	chr5	92025259	92025810	LTR/ERVL-MaLR	1800	-	276	92025535	54158
chr5	91971377	92171377	harbor2	chr5	92034467	92034974	LTR/ERVL-MaLR	1842	-	254	92034721	63344
chr5	91971377	92171377	harbor2	chr5	92041326	92041807	LTR/ERVL-MaLR	1901	-	240	92041566	70189
chr5	91971377	92171377	harbor2	chr5	92070830	92071075	LTR/ERVL-MaLR	742	-	122	92070952	99575
chr5	144809963	145009963	harbor2	chr5	144832073	144832196	LTR/ERVL-MaLR	422	-	62	144832135	22172
chr5	144809963	145009963	harbor2	chr5	144833329	144833469	LTR/ERVL-MaLR	884	-	70	144833399	23436
chr5	144809963	145009963	harbor2	chr5	144876546	144876914	LTR/ERVL-MaLR	2089	-	184	144876730	66767
chr5	144809963	145009963	harbor2	chr5	144900209	144900695	LTR/ERVL-MaLR	984	-	243	144900452	90489
chr5	144809963	145009963	harbor2	chr5	144902079	144902627	LTR/ERVL-MaLR	930	-	274	144902353	92390
chr5	167263623	167463623	harbor2	chr5	167291858	167292221	LTR/ERVL-MaLR	2711	-	182	167292040	28417
chr5	167263623	167463623	harbor2	chr5	167335017	167335438	LTR/ERVL-MaLR	2358	-	210	167335227	71604
chr5	167263623	167463623	harbor2	chr5	167338323	167338669	LTR/ERVL-MaLR	747	-	173	167338496	74873
chr5	167263623	167463623	harbor2	chr5	167338682	167339032	LTR/ERVL-MaLR	955	-	175	167338857	75234
chr5	167263623	167463623	harbor2	chr5	167339033	167339342	LTR/ERVL-MaLR	1576	-	154	167339187	75564
chr5	167263623	167463623	harbor2	chr5	167339374	167339660	LTR/ERVL-MaLR	1860	-	143	167339517	75894
chr5	167263623	167463623	harbor2	chr5	167340021	167340326	LTR/ERVL-MaLR	1860	-	152	167340173	76550
chr5	167263623	167463623	harbor2	chr5	167340338	167340682	LTR/ERVL-MaLR	1177	-	172	167340510	76887
chr5	178983177	179183177	harbor2	chr5	178998837	178999200	LTR/ERVL-MaLR	899	-	182	178999019	15842
chr5	178983177	179183177	harbor2	chr5	179002054	179002437	LTR/ERVL-MaLR	2088	-	192	179002246	19069
chr5	178983177	179183177	harbor2	chr5	179017280	179017397	LTR/ERVL-MaLR	473	-	58	179017338	34161
chr5	178983177	179183177	harbor2	chr5	179037530	179037995	LTR/ERVL-MaLR	418	-	232	179037762	54585
chr5	178983177	179183177	harbor2	chr5	179067061	179067560	LTR/ERVL-MaLR	1465	-	250	179067311	84134
chr5	178983177	179183177	harbor2	chr5	179068734	179069072	LTR/ERVL-MaLR	1604	-	169	179068903	85726
chr5	178983177	179183177	harbor2	chr5	179075873	179076163	LTR/ERVL-MaLR	1444	-	145	179076018	92841
chr5	166197600	166397600	harbor2	chr5	166213515	166213742	LTR/ERVL-MaLR	1422	-	114	166213629	16029
chr5	166197600	166397600	harbor2	chr5	166214037	166214213	LTR/ERVL-MaLR	1422	-	88	166214125	16525
chr5	166197600	166397600	harbor2	chr5	166219187	166219261	LTR/ERVL-MaLR	443	-	37	166219224	21624
chr5	166197600	166397600	harbor2	chr5	166220563	166220837	LTR/ERVL-MaLR	1407	-	137	166220700	23100
chr5	166197600	166397600	harbor2	chr5	166272481	166272827	LTR/ERVL-MaLR	1657	-	173	166272654	75054
chr5	166197600	166397600	harbor2	chr5	166274401	166274839	LTR/ERVL-MaLR	2234	-	219	166274620	77020
chr5	166197600	166397600	harbor2	chr5	166280702	166280891	LTR/ERVL-MaLR	941	-	94	166280796	83196
chr5	166197600	166397600	harbor2	chr5	166290359	166290765	LTR/ERVL-MaLR	1039	-	203	166290562	92962
chr5	166197600	166397600	harbor2	chr5	166292175	166292541	LTR/ERVL-MaLR	1554	-	183	166292358	94758
chr5	109027941	109227941	harbor2	chr5	109049141	109049572	LTR/ERVL-MaLR	1766	-	216	109049357	21416
chr5	109027941	109227941	harbor2	chr5	109052662	109052832	LTR/ERVL-MaLR	419	-	85	109052747	24806
chr5	109027941	109227941	harbor2	chr5	109072702	109073159	LTR/ERVL-MaLR	1626	-	228	109072930	44989
chr5	109027941	109227941	harbor2	chr5	109086775	109087138	LTR/ERVL-MaLR	1989	-	182	109086957	59016
chr5	109027941	109227941	harbor2	chr5	109111549	109111899	LTR/ERVL-MaLR	1694	-	175	109111724	83783
chr5	97130270	97330270	harbor2	chr5	97144822	97145166	LTR/ERVL-MaLR	2706	-	172	97144994	14724
chr5	97130270	97330270	harbor2	chr5	97145467	97145504	LTR/ERVL-MaLR	2706	-	18	97145485	15215
chr5	97130270	97330270	harbor2	chr5	97186166	97186635	LTR/ERVL-MaLR	1161	-	234	97186400	56130
chr5	97130270	97330270	harbor2	chr5	97201298	97201660	LTR/ERVL-MaLR	2122	-	181	97201479	71209
chr5	97130270	97330270	harbor2	chr5	97227790	97228144	LTR/ERVL-MaLR	1809	-	177	97227967	97697
chr5	180036602	180236602	harbor2	chr5	180049996	180050124	LTR/ERVL-MaLR	805	-	64	180050060	13458
chr5	180036602	180236602	harbor2	chr5	180061396	180061838	LTR/ERVL-MaLR	1465	-	221	180061617	25015
chr5	180036602	180236602	harbor2	chr5	180061840	180062055	LTR/ERVL-MaLR	1960	-	108	180061948	25346
chr5	180036602	180236602	harbor2	chr5	180062360	180062516	LTR/ERVL-MaLR	1960	-	78	180062438	25836
chr5	180036602	180236602	harbor2	chr5	180083642	180084063	LTR/ERVL-MaLR	593	-	210	180083852	47250
chr5	169119782	169319782	harbor2	chr5	169201733	169201867	LTR/ERVL-MaLR	445	-	67	169201800	82018
chr5	38740800	38940800	harbor2	chr5	38741249	38741502	LTR/ERVL-MaLR	586	-	126	38741375	575
chr5	38740800	38940800	harbor2	chr5	38741736	38741945	LTR/ERVL-MaLR	632	-	104	38741840	1040
chr5	38740800	38940800	harbor2	chr5	38742641	38742715	LTR/ERVL-MaLR	632	-	37	38742678	1878
chr5	38740800	38940800	harbor2	chr5	38743775	38743885	LTR/ERVL-MaLR	412	-	55	38743830	3030
chr5	38740800	38940800	harbor2	chr5	38789764	38789957	LTR/ERVL-MaLR	483	-	96	38789860	49060
chr5	38740800	38940800	harbor2	chr5	38790548	38790725	LTR/ERVL-MaLR	533	-	88	38790636	49836
chr5	38740800	38940800	harbor2	chr5	38794097	38794446	LTR/ERVL-MaLR	2082	-	174	38794271	53471
chr5	38740800	38940800	harbor2	chr5	38801924	38802445	LTR/ERVL-MaLR	1562	-	260	38802184	61384
chr5	38740800	38940800	harbor2	chr5	38803576	38804045	LTR/ERVL-MaLR	1249	-	234	38803810	63010
chr5	150859961	151059961	harbor2	chr5	150861890	150862442	LTR/ERVL-MaLR	1566	-	276	150862166	2205
chr5	150859961	151059961	harbor2	chr5	150889167	150889525	LTR/ERVL-MaLR	2360	-	179	150889346	29385
chr5	150859961	151059961	harbor2	chr5	150906834	150907441	LTR/ERVL-MaLR	1911	-	304	150907138	47177
chr5	150859961	151059961	harbor2	chr5	150908767	150909287	LTR/ERVL-MaLR	1526	-	260	150909027	49066
chr5	150859961	151059961	harbor2	chr5	150909472	150909862	LTR/ERVL-MaLR	2167	-	195	150909667	49706
chr5	150859961	151059961	harbor2	chr5	150957419	150957559	LTR/ERVL-MaLR	661	-	70	150957489	97528
chr5	179805175	180005175	harbor2	chr5	179814446	179814753	LTR/ERVL-MaLR	457	-	154	179814600	9425
chr5	151692759	151892759	harbor2	chr5	151692881	151693045	LTR/ERVL-MaLR	2160	-	82	151692963	204
chr5	151692759	151892759	harbor2	chr5	151693354	151693670	LTR/ERVL-MaLR	2160	-	158	151693512	753
chr5	151692759	151892759	harbor2	chr5	151695099	151695450	LTR/ERVL-MaLR	1662	-	176	151695275	2516
chr5	151692759	151892759	harbor2	chr5	151707750	151707934	LTR/ERVL-MaLR	428	-	92	151707842	15083
chr5	151692759	151892759	harbor2	chr5	151731258	151731408	LTR/ERVL-MaLR	806	-	75	151731333	38574
chr5	151692759	151892759	harbor2	chr5	151731570	151731894	LTR/ERVL-MaLR	806	-	162	151731732	38973
chr5	151692759	151892759	harbor2	chr5	151759149	151759257	LTR/ERVL-MaLR	420	-	54	151759203	66444
chr5	151692759	151892759	harbor2	chr5	151762849	151763032	LTR/ERVL-MaLR	517	-	92	151762941	70182
chr5	53423315	53623315	harbor2	chr5	53474496	53474652	LTR/ERVL-MaLR	860	-	78	53474574	51259
chr5	53423315	53623315	harbor2	chr5	53507010	53507389	LTR/ERVL-MaLR	2054	-	190	53507200	83885
chr5	53423315	53623315	harbor2	chr5	53507390	53508496	LTR/ERVL-MaLR	9743	-	553	53507943	84628
chr5	53423315	53623315	harbor2	chr5	53508815	53509274	LTR/ERVL-MaLR	9743	-	230	53509045	85730
chr5	53423315	53623315	harbor2	chr5	53509275	53509658	LTR/ERVL-MaLR	1698	-	192	53509467	86152
chr5	53423315	53623315	harbor2	chr5	53515204	53515756	LTR/ERVL-MaLR	2605	-	276	53515480	92165
chr5	53423315	53623315	harbor2	chr5	53516116	53516145	LTR/ERVL-MaLR	2605	-	14	53516130	92815
chr5	53423315	53623315	harbor2	chr5	53519018	53519395	LTR/ERVL-MaLR	1890	-	188	53519206	95891
chr5	53423315	53623315	harbor2	chr5	53521296	53521672	LTR/ERVL-MaLR	2557	-	188	53521484	98169
chr5	161360024	161560024	harbor2	chr5	161398367	161398619	LTR/ERVL-MaLR	465	-	126	161398493	38469
chr5	161360024	161560024	harbor2	chr5	161398928	161399128	LTR/ERVL-MaLR	399	-	100	161399028	39004
chr5	155149715	155349715	harbor2	chr5	155154548	155154854	LTR/ERVL-MaLR	497	-	153	155154701	4986
chr5	155149715	155349715	harbor2	chr5	155165200	155165347	LTR/ERVL-MaLR	443	-	74	155165274	15559
chr5	155149715	155349715	harbor2	chr5	155165648	155166113	LTR/ERVL-MaLR	870	-	232	155165880	16165
chr5	155149715	155349715	harbor2	chr5	155191483	155191856	LTR/ERVL-MaLR	1769	-	186	155191669	41954
chr5	155149715	155349715	harbor2	chr5	155195415	155195576	LTR/ERVL-MaLR	495	-	80	155195495	45780
chr5	155149715	155349715	harbor2	chr5	155244105	155244482	LTR/ERVL-MaLR	2630	-	188	155244293	94578
chr5	120151233	120351233	harbor2	chr5	120154699	120155221	LTR/ERVL-MaLR	1363	-	261	120154960	3727
chr5	120151233	120351233	harbor2	chr5	120156881	120157525	LTR/ERVL-MaLR	1505	-	322	120157203	5970
chr5	120151233	120351233	harbor2	chr5	120157583	120157765	LTR/ERVL-MaLR	629	-	91	120157674	6441
chr5	120151233	120351233	harbor2	chr5	120204747	120205098	LTR/ERVL-MaLR	2314	-	176	120204923	53690
chr5	120151233	120351233	harbor2	chr5	120242479	120242735	LTR/ERVL-MaLR	447	-	128	120242607	91374
chr5	120151233	120351233	harbor2	chr5	120225551	120225918	LTR/ERVL-MaLR	2421	-	184	120225735	74502
chr5	112815799	113015799	harbor2	chr5	112849764	112850033	LTR/ERVL-MaLR	502	-	134	112849898	34099
chr5	57931646	58131646	harbor2	chr5	57939869	57940463	LTR/ERVL-MaLR	967	-	297	57940166	8520
chr5	57931646	58131646	harbor2	chr5	57981269	57981615	LTR/ERVL-MaLR	1447	-	173	57981442	49796
chr5	57931646	58131646	harbor2	chr5	58001373	58001803	LTR/ERVL-MaLR	1584	-	215	58001588	69942
chr5	173476958	173676958	harbor2	chr5	173492229	173492646	LTR/ERVL-MaLR	1901	-	208	173492437	15479
chr5	173476958	173676958	harbor2	chr5	173493912	173494288	LTR/ERVL-MaLR	1540	-	188	173494100	17142
chr5	173476958	173676958	harbor2	chr5	173494505	173494823	LTR/ERVL-MaLR	1149	-	159	173494664	17706
chr5	173476958	173676958	harbor2	chr5	173516791	173516944	LTR/ERVL-MaLR	443	-	76	173516867	39909
chr5	173476958	173676958	harbor2	chr5	173517164	173517184	LTR/ERVL-MaLR	443	-	10	173517174	40216
chr5	173476958	173676958	harbor2	chr5	173517190	173517329	LTR/ERVL-MaLR	950	-	70	173517260	40302
chr5	173476958	173676958	harbor2	chr5	173557782	173557861	LTR/ERVL-MaLR	598	-	40	173557822	80864
chr5	173476958	173676958	harbor2	chr5	173558162	173558266	LTR/ERVL-MaLR	598	-	52	173558214	81256
chr5	173476958	173676958	harbor2	chr5	173568740	173568968	LTR/ERVL-MaLR	678	-	114	173568854	91896
chr5	173476958	173676958	harbor2	chr5	173576309	173576789	LTR/ERVL-MaLR	1753	-	240	173576549	99591
chr5	173476958	173676958	harbor2	chr5	173490137	173490482	LTR/ERVL-MaLR	2089	-	172	173490309	13351
chr5	113969908	114169908	harbor2	chr5	114011568	114011861	LTR/ERVL-MaLR	1854	-	146	114011714	41806
chr5	113969908	114169908	harbor2	chr5	114019864	114019930	LTR/ERVL-MaLR	409	-	33	114019897	49989
chr5	113969908	114169908	harbor2	chr5	114031040	114031401	LTR/ERVL-MaLR	1895	-	180	114031220	61312
chr5	113969908	114169908	harbor2	chr5	114047587	114047985	LTR/ERVL-MaLR	730	-	199	114047786	77878
chr5	113969908	114169908	harbor2	chr5	114051213	114051468	LTR/ERVL-MaLR	583	-	128	114051341	81433
chr5	173217071	173417071	harbor2	chr5	173252632	173252982	LTR/ERVL-MaLR	1990	-	175	173252807	35736
chr5	173217071	173417071	harbor2	chr5	173272907	173273213	LTR/ERVL-MaLR	456	-	153	173273060	55989
chr5	177855315	178055315	harbor2	chr5	177893884	177894187	LTR/ERVL-MaLR	949	-	152	177894036	38721
chr5	177855315	178055315	harbor2	chr5	177920155	177920438	LTR/ERVL-MaLR	924	-	142	177920297	64982
chr6	154853193	155053193	harbor2	chr6	154888219	154888614	LTR/ERVL-MaLR	2629	-	198	154888417	35224
chr6	147752902	147952902	harbor2	chr6	147772454	147772880	LTR/ERVL-MaLR	1938	-	213	147772667	19765
chr6	147752902	147952902	harbor2	chr6	147773428	147773766	LTR/ERVL-MaLR	1513	-	169	147773597	20695
chr6	147752902	147952902	harbor2	chr6	147773774	147773847	LTR/ERVL-MaLR	989	-	36	147773810	20908
chr6	147752902	147952902	harbor2	chr6	147774142	147774299	LTR/ERVL-MaLR	989	-	78	147774220	21318
chr6	134559762	134759762	harbor2	chr6	134607876	134608258	LTR/ERVL-MaLR	2266	-	191	134608067	48305
chr6	134559762	134759762	harbor2	chr6	134613439	134613676	LTR/ERVL-MaLR	1303	-	118	134613557	53795
chr6	134559762	134759762	harbor2	chr6	134614186	134614337	LTR/ERVL-MaLR	1303	-	76	134614262	54500
chr6	134559762	134759762	harbor2	chr6	134646985	134647323	LTR/ERVL-MaLR	734	-	169	134647154	87392
chr6	32911606	33111606	harbor2	chr6	32985615	32985878	LTR/ERVL-MaLR	1627	-	132	32985747	74141
chr6	117391994	117591994	harbor2	chr6	117442359	117442707	LTR/ERVL-MaLR	2155	-	174	117442533	50539
chr6	117391994	117591994	harbor2	chr6	117463577	117463942	LTR/ERVL-MaLR	2173	-	182	117463759	71765
chr6	117391994	117591994	harbor2	chr6	117479747	117479807	LTR/ERVL-MaLR	414	-	30	117479777	87783
chr6	117391994	117591994	harbor2	chr6	117489045	117489447	LTR/ERVL-MaLR	2330	-	201	117489246	97252
chr6	64360058	64560058	harbor2	chr6	64386242	64386600	LTR/ERVL-MaLR	2283	-	179	64386421	26363
chr6	64360058	64560058	harbor2	chr6	64419144	64419257	LTR/ERVL-MaLR	732	-	56	64419200	59142
chr6	64360058	64560058	harbor2	chr6	64419239	64419373	LTR/ERVL-MaLR	951	-	67	64419306	59248
chr6	64360058	64560058	harbor2	chr6	64419374	64421050	LTR/ERVL-MaLR	9073	-	838	64420212	60154
chr6	64360058	64560058	harbor2	chr6	64421051	64421424	LTR/ERVL-MaLR	2290	-	186	64421237	61179
chr6	64360058	64560058	harbor2	chr6	64431194	64431453	LTR/ERVL-MaLR	1043	-	130	64431324	71266
chr6	64360058	64560058	harbor2	chr6	64445476	64445726	LTR/ERVL-MaLR	442	-	125	64445601	85543
chr6	146996369	147196369	harbor2	chr6	147017906	147018327	LTR/ERVL-MaLR	1654	-	210	147018116	21747
chr6	146996369	147196369	harbor2	chr6	147070494	147070707	LTR/ERVL-MaLR	2733	-	106	147070600	74231
chr6	146996369	147196369	harbor2	chr6	147071014	147071174	LTR/ERVL-MaLR	2733	-	80	147071094	74725
chr6	169805082	170005082	harbor2	chr6	169830705	169830923	LTR/ERVL-MaLR	1043	-	109	169830814	25732
chr6	169805082	170005082	harbor2	chr6	169851494	169851958	LTR/ERVL-MaLR	1824	-	232	169851726	46644
chr6	169805082	170005082	harbor2	chr6	169885209	169885569	LTR/ERVL-MaLR	1988	-	180	169885389	80307
chr6	157449195	157649195	harbor2	chr6	157469479	157469861	LTR/ERVL-MaLR	1081	-	191	157469670	20475
chr6	157449195	157649195	harbor2	chr6	157503016	157503259	LTR/ERVL-MaLR	451	-	122	157503138	53943
chr6	157449195	157649195	harbor2	chr6	157508926	157509297	LTR/ERVL-MaLR	1044	-	186	157509112	59917
chr6	157449195	157649195	harbor2	chr6	157521383	157521720	LTR/ERVL-MaLR	1742	-	168	157521551	72356
chr6	157449195	157649195	harbor2	chr6	157524882	157525152	LTR/ERVL-MaLR	2078	-	135	157525017	75822
chr6	157449195	157649195	harbor2	chr6	157525466	157525699	LTR/ERVL-MaLR	2078	-	116	157525582	76387
chr6	157449195	157649195	harbor2	chr6	157499205	157499561	LTR/ERVL-MaLR	1441	-	178	157499383	50188
chr6	167018813	167218813	harbor2	chr6	167078177	167078489	LTR/ERVL-MaLR	1773	-	156	167078333	59520
chr6	167018813	167218813	harbor2	chr6	167103856	167104100	LTR/ERVL-MaLR	834	-	122	167103978	85165
chr6	167018813	167218813	harbor2	chr6	167104207	167104371	LTR/ERVL-MaLR	750	-	82	167104289	85476
chr6	161278062	161478062	harbor2	chr6	161281173	161281557	LTR/ERVL-MaLR	1424	-	192	161281365	3303
chr6	161278062	161478062	harbor2	chr6	161300814	161300982	LTR/ERVL-MaLR	1778	-	84	161300898	22836
chr6	161278062	161478062	harbor2	chr6	161304413	161304715	LTR/ERVL-MaLR	1218	-	151	161304564	26502
chr6	161278062	161478062	harbor2	chr6	161300261	161300508	LTR/ERVL-MaLR	1778	-	124	161300385	22323
chr6	147994489	148194489	harbor2	chr6	148016578	148016942	LTR/ERVL-MaLR	2728	-	182	148016760	22271
chr6	147994489	148194489	harbor2	chr6	148020732	148021297	LTR/ERVL-MaLR	810	-	282	148021014	26525
chr6	147994489	148194489	harbor2	chr6	148031389	148031806	LTR/ERVL-MaLR	1962	-	208	148031597	37108
chr6	147994489	148194489	harbor2	chr6	148035079	148035434	LTR/ERVL-MaLR	2100	-	178	148035257	40768
chr6	147994489	148194489	harbor2	chr6	148041947	148042290	LTR/ERVL-MaLR	1807	-	172	148042119	47630
chr6	147994489	148194489	harbor2	chr6	148054302	148054811	LTR/ERVL-MaLR	792	-	254	148054556	60067
chr6	147994489	148194489	harbor2	chr6	148054812	148055032	LTR/ERVL-MaLR	719	-	110	148054922	60433
chr6	147994489	148194489	harbor2	chr6	148055493	148056187	LTR/ERVL-MaLR	1683	-	347	148055840	61351
chr6	147994489	148194489	harbor2	chr6	148059188	148059529	LTR/ERVL-MaLR	2027	-	170	148059358	64869
chr6	147994489	148194489	harbor2	chr6	148059530	148060990	LTR/ERVL-MaLR	8584	-	730	148060260	65771
chr6	147994489	148194489	harbor2	chr6	148060991	148061347	LTR/ERVL-MaLR	2319	-	178	148061169	66680
chr6	147994489	148194489	harbor2	chr6	148065693	148066061	LTR/ERVL-MaLR	1396	-	184	148065877	71388
chr6	147994489	148194489	harbor2	chr6	148092814	148093167	LTR/ERVL-MaLR	1658	-	176	148092990	98501
chr6	126158213	126358213	harbor2	chr6	126159606	126159864	LTR/ERVL-MaLR	766	-	129	126159735	1522
chr6	126158213	126358213	harbor2	chr6	126160019	126160246	LTR/ERVL-MaLR	733	-	114	126160133	1920
chr6	126158213	126358213	harbor2	chr6	126185679	126186039	LTR/ERVL-MaLR	2174	-	180	126185859	27646
chr6	126158213	126358213	harbor2	chr6	126219906	126220267	LTR/ERVL-MaLR	722	-	180	126220086	61873
chr6	126158213	126358213	harbor2	chr6	126233219	126233660	LTR/ERVL-MaLR	909	-	220	126233439	75226
chr6	126158213	126358213	harbor2	chr6	126252033	126252598	LTR/ERVL-MaLR	1687	-	282	126252315	94102
chr6	126158213	126358213	harbor2	chr6	126255865	126256346	LTR/ERVL-MaLR	1970	-	240	126256105	97892
chr6	126158213	126358213	harbor2	chr6	126256347	126256851	LTR/ERVL-MaLR	2297	-	252	126256599	98386
chr6	126158213	126358213	harbor2	chr6	126257186	126257278	LTR/ERVL-MaLR	2297	-	46	126257232	99019
chr6	160805082	161005082	harbor2	chr6	160805376	160805730	LTR/ERVL-MaLR	2043	-	177	160805553	471
chr6	160805082	161005082	harbor2	chr6	160880241	160880615	LTR/ERVL-MaLR	2154	-	187	160880428	75346
chr6	160076132	160276132	harbor2	chr6	160115311	160115465	LTR/ERVL-MaLR	938	-	77	160115388	39256
chr6	160076132	160276132	harbor2	chr6	160117339	160117799	LTR/ERVL-MaLR	500	-	230	160117569	41437
chr6	168167081	168367081	harbor2	chr6	168167105	168167444	LTR/ERVL-MaLR	1848	-	170	168167275	194
chr6	168167081	168367081	harbor2	chr6	168185396	168185768	LTR/ERVL-MaLR	2003	-	186	168185582	18501
chr6	168167081	168367081	harbor2	chr6	168185769	168187269	LTR/ERVL-MaLR	9711	-	750	168186519	19438
chr6	168167081	168367081	harbor2	chr6	168187270	168187644	LTR/ERVL-MaLR	1938	-	187	168187457	20376
chr6	168167081	168367081	harbor2	chr6	168202377	168202485	LTR/ERVL-MaLR	471	-	54	168202431	35350
chr6	168167081	168367081	harbor2	chr6	168223835	168224277	LTR/ERVL-MaLR	788	-	221	168224056	56975
chr6	126662571	126862571	harbor2	chr6	126667040	126667585	LTR/ERVL-MaLR	1978	-	272	126667312	4741
chr6	126662571	126862571	harbor2	chr6	126694455	126694859	LTR/ERVL-MaLR	2081	-	202	126694657	32086
chr6	126662571	126862571	harbor2	chr6	126700761	126701112	LTR/ERVL-MaLR	1980	-	176	126700937	38366
chr6	126662571	126862571	harbor2	chr6	126725527	126726056	LTR/ERVL-MaLR	1077	-	264	126725791	63220
chr6	126662571	126862571	harbor2	chr6	126745492	126745867	LTR/ERVL-MaLR	2227	-	188	126745680	83109
chr6	126662571	126862571	harbor2	chr6	126747470	126747839	LTR/ERVL-MaLR	2291	-	184	126747654	85083
chr6	126662571	126862571	harbor2	chr6	126755683	126756043	LTR/ERVL-MaLR	1867	-	180	126755863	93292
chr6	126662571	126862571	harbor2	chr6	126756044	126756659	LTR/ERVL-MaLR	4111	-	308	126756352	93781
chr6	126662571	126862571	harbor2	chr6	126756968	126757375	LTR/ERVL-MaLR	2814	-	204	126757172	94601
chr6	126662571	126862571	harbor2	chr6	126757377	126757737	LTR/ERVL-MaLR	1746	-	180	126757557	94986
chr6	126662571	126862571	harbor2	chr6	126760167	126760353	LTR/ERVL-MaLR	539	-	93	126760260	97689
chr6	126662571	126862571	harbor2	chr6	126745868	126747468	LTR/ERVL-MaLR	9874	-	800	126746668	84097
chr6	136668064	136868064	harbor2	chr6	136677485	136677708	LTR/ERVL-MaLR	576	-	112	136677597	9533
chr6	136668064	136868064	harbor2	chr6	136731278	136731461	LTR/ERVL-MaLR	592	-	92	136731370	63306
chr6	136668064	136868064	harbor2	chr6	136731488	136731654	LTR/ERVL-MaLR	611	-	83	136731571	63507
chr6	109862555	110062555	harbor2	chr6	109897031	109897207	LTR/ERVL-MaLR	711	-	88	109897119	34564
chr6	109862555	110062555	harbor2	chr6	109909717	109910103	LTR/ERVL-MaLR	1072	-	193	109909910	47355
chr6	109862555	110062555	harbor2	chr6	109918700	109919060	LTR/ERVL-MaLR	1502	-	180	109918880	56325
chr6	109862555	110062555	harbor2	chr6	109935344	109935721	LTR/ERVL-MaLR	2862	-	188	109935532	72977
chr6	109862555	110062555	harbor2	chr6	109935814	109936279	LTR/ERVL-MaLR	802	-	232	109936046	73491
chr6	109862555	110062555	harbor2	chr6	109939787	109940148	LTR/ERVL-MaLR	642	-	180	109939967	77412
chr6	109862555	110062555	harbor2	chr6	109955346	109955706	LTR/ERVL-MaLR	2228	-	180	109955526	92971
chr6	156251792	156451792	harbor2	chr6	156266049	156266412	LTR/ERVL-MaLR	2206	-	182	156266231	14439
chr6	156251792	156451792	harbor2	chr6	156293535	156293919	LTR/ERVL-MaLR	2215	-	192	156293727	41935
chr6	156251792	156451792	harbor2	chr6	156303541	156303791	LTR/ERVL-MaLR	1906	-	125	156303666	51874
chr6	156251792	156451792	harbor2	chr6	156304088	156304269	LTR/ERVL-MaLR	1906	-	90	156304178	52386
chr6	156251792	156451792	harbor2	chr6	156311274	156311448	LTR/ERVL-MaLR	780	-	87	156311361	59569
chr6	156251792	156451792	harbor2	chr6	156311520	156311708	LTR/ERVL-MaLR	568	-	94	156311614	59822
chr6	156251792	156451792	harbor2	chr6	156317945	156318310	LTR/ERVL-MaLR	2099	-	182	156318127	66335
chr6	141482985	141682985	harbor2	chr6	141489534	141489891	LTR/ERVL-MaLR	1530	-	178	141489712	6727
chr6	141482985	141682985	harbor2	chr6	141500554	141500909	LTR/ERVL-MaLR	2440	-	178	141500732	17747
chr6	141482985	141682985	harbor2	chr6	141500920	141501169	LTR/ERVL-MaLR	1638	-	124	141501044	18059
chr6	141482985	141682985	harbor2	chr6	141503304	141503616	LTR/ERVL-MaLR	698	-	156	141503460	20475
chr6	141482985	141682985	harbor2	chr6	141503616	141504378	LTR/ERVL-MaLR	1495	-	381	141503997	21012
chr6	141482985	141682985	harbor2	chr6	141504379	141504723	LTR/ERVL-MaLR	2077	-	172	141504551	21566
chr6	141482985	141682985	harbor2	chr6	141504725	141506297	LTR/ERVL-MaLR	11184	-	786	141505511	22526
chr6	141482985	141682985	harbor2	chr6	141506298	141506643	LTR/ERVL-MaLR	1943	-	172	141506470	23485
chr6	141482985	141682985	harbor2	chr6	141506644	141507296	LTR/ERVL-MaLR	1495	-	326	141506970	23985
chr6	141482985	141682985	harbor2	chr6	141507314	141507709	LTR/ERVL-MaLR	661	-	198	141507512	24527
chr6	141482985	141682985	harbor2	chr6	141507721	141508260	LTR/ERVL-MaLR	1062	-	270	141507991	25006
chr6	141482985	141682985	harbor2	chr6	141523292	141523484	LTR/ERVL-MaLR	1171	-	96	141523388	40403
chr6	141482985	141682985	harbor2	chr6	141527782	141528331	LTR/ERVL-MaLR	1829	-	274	141528056	45071
chr6	141482985	141682985	harbor2	chr6	141548556	141548977	LTR/ERVL-MaLR	2559	-	210	141548766	65781
chr6	137792133	137992133	harbor2	chr6	137797813	137798209	LTR/ERVL-MaLR	2641	-	198	137798011	5878
chr6	137792133	137992133	harbor2	chr6	137798461	137798878	LTR/ERVL-MaLR	1085	-	208	137798669	6536
chr6	137792133	137992133	harbor2	chr6	137801673	137802092	LTR/ERVL-MaLR	832	-	210	137801883	9750
chr6	137792133	137992133	harbor2	chr6	137833478	137833801	LTR/ERVL-MaLR	2341	-	162	137833640	41507
chr6	137792133	137992133	harbor2	chr6	137834497	137834637	LTR/ERVL-MaLR	2341	-	70	137834567	42434
chr6	64803152	65003152	harbor2	chr6	64839591	64839982	LTR/ERVL-MaLR	1720	-	196	64839787	36635
chr6	64803152	65003152	harbor2	chr6	64849479	64849818	LTR/ERVL-MaLR	1180	-	170	64849649	46497
chr6	64803152	65003152	harbor2	chr6	64849911	64850002	LTR/ERVL-MaLR	417	-	46	64849957	46805
chr6	64803152	65003152	harbor2	chr6	64873050	64873395	LTR/ERVL-MaLR	2067	-	172	64873222	70070
chr6	92717677	92917677	harbor2	chr6	92722439	92722907	LTR/ERVL-MaLR	1550	-	234	92722673	4996
chr6	92717677	92917677	harbor2	chr6	92739451	92739834	LTR/ERVL-MaLR	1976	-	192	92739643	21966
chr6	92717677	92917677	harbor2	chr6	92771720	92771996	LTR/ERVL-MaLR	1817	-	138	92771858	54181
chr6	92717677	92917677	harbor2	chr6	92782768	92783085	LTR/ERVL-MaLR	646	-	158	92782926	65249
chr6	92717677	92917677	harbor2	chr6	92782441	92782619	LTR/ERVL-MaLR	839	-	89	92782530	64853
chr6	168080923	168280923	harbor2	chr6	168092888	168093246	LTR/ERVL-MaLR	2538	-	179	168093067	12144
chr6	168080923	168280923	harbor2	chr6	168108632	168109076	LTR/ERVL-MaLR	1643	-	222	168108854	27931
chr6	168080923	168280923	harbor2	chr6	168135344	168135639	LTR/ERVL-MaLR	1479	-	148	168135492	54569
chr6	168080923	168280923	harbor2	chr6	168135939	168136026	LTR/ERVL-MaLR	1479	-	44	168135983	55060
chr6	168080923	168280923	harbor2	chr6	168167105	168167444	LTR/ERVL-MaLR	1848	-	170	168167275	86352
chr6	164838514	165038514	harbor2	chr6	164863874	164863918	LTR/ERVL-MaLR	2146	-	22	164863896	25382
chr6	164838514	165038514	harbor2	chr6	164864231	164864571	LTR/ERVL-MaLR	2146	-	170	164864401	25887
chr6	164838514	165038514	harbor2	chr6	164873069	164873378	LTR/ERVL-MaLR	662	-	154	164873223	34709
chr6	164838514	165038514	harbor2	chr6	164873395	164873669	LTR/ERVL-MaLR	656	-	137	164873532	35018
chr6	164838514	165038514	harbor2	chr6	164877129	164877492	LTR/ERVL-MaLR	1560	-	182	164877311	38797
chr6	164838514	165038514	harbor2	chr6	164882916	164883334	LTR/ERVL-MaLR	1424	-	209	164883125	44611
chr6	164838514	165038514	harbor2	chr6	164886901	164887252	LTR/ERVL-MaLR	2496	-	176	164887077	48563
chr6	164838514	165038514	harbor2	chr6	164904747	164905109	LTR/ERVL-MaLR	2577	-	181	164904928	66414
chr6	143322697	143522697	harbor2	chr6	143336454	143336635	LTR/ERVL-MaLR	763	-	90	143336544	13847
chr6	143322697	143522697	harbor2	chr6	143336637	143337436	LTR/ERVL-MaLR	1795	-	400	143337037	14340
chr6	143322697	143522697	harbor2	chr6	143345939	143346489	LTR/ERVL-MaLR	1433	-	275	143346214	23517
chr6	143322697	143522697	harbor2	chr6	143382741	143383102	LTR/ERVL-MaLR	1858	-	180	143382921	60224
chr6	143322697	143522697	harbor2	chr6	143391583	143391766	LTR/ERVL-MaLR	2094	-	92	143391675	68978
chr6	143322697	143522697	harbor2	chr6	143392160	143392231	LTR/ERVL-MaLR	2094	-	36	143392196	69499
chr6	143322697	143522697	harbor2	chr6	143392537	143392717	LTR/ERVL-MaLR	2094	-	90	143392627	69930
chr6	170559918	170759918	harbor2	chr6	170599335	170599773	LTR/ERVL-MaLR	1652	-	219	170599554	39636
chr6	170559918	170759918	harbor2	chr6	170617157	170617646	LTR/ERVL-MaLR	1896	-	244	170617401	57483
chr6	170559918	170759918	harbor2	chr6	170621157	170621566	LTR/ERVL-MaLR	1130	-	204	170621361	61443
chr6	170559918	170759918	harbor2	chr6	170625244	170625520	LTR/ERVL-MaLR	1123	-	138	170625382	65464
chr6	170559918	170759918	harbor2	chr6	170627801	170628040	LTR/ERVL-MaLR	1123	-	120	170627921	68003
chr6	151326930	151526930	harbor2	chr6	151395407	151395791	LTR/ERVL-MaLR	751	-	192	151395599	68669
chr6	151326930	151526930	harbor2	chr6	151412571	151412992	LTR/ERVL-MaLR	2629	-	210	151412781	85851
chr6	117397691	117597691	harbor2	chr6	117442359	117442707	LTR/ERVL-MaLR	2155	-	174	117442533	44842
chr6	117397691	117597691	harbor2	chr6	117463577	117463942	LTR/ERVL-MaLR	2173	-	182	117463759	66068
chr6	117397691	117597691	harbor2	chr6	117479747	117479807	LTR/ERVL-MaLR	414	-	30	117479777	82086
chr6	117397691	117597691	harbor2	chr6	117489045	117489447	LTR/ERVL-MaLR	2330	-	201	117489246	91555
chr6	137038447	137238447	harbor2	chr6	137092495	137092731	LTR/ERVL-MaLR	2189	-	118	137092613	54166
chr6	137038447	137238447	harbor2	chr6	137093012	137093229	LTR/ERVL-MaLR	2189	-	108	137093120	54673
chr6	137038447	137238447	harbor2	chr6	137093672	137094091	LTR/ERVL-MaLR	2514	-	210	137093882	55435
chr6	137038447	137238447	harbor2	chr6	137105400	137106104	LTR/ERVL-MaLR	1450	-	352	137105752	67305
chr6	137038447	137238447	harbor2	chr6	137111606	137111916	LTR/ERVL-MaLR	904	-	155	137111761	73314
chr6	137038447	137238447	harbor2	chr6	137112338	137112487	LTR/ERVL-MaLR	574	-	74	137112412	73965
chr6	137038447	137238447	harbor2	chr6	137125075	137125426	LTR/ERVL-MaLR	1636	-	176	137125251	86804
chr6	137038447	137238447	harbor2	chr6	137126784	137127142	LTR/ERVL-MaLR	629	-	179	137126963	88516
chr6	137038447	137238447	harbor2	chr6	137131104	137131412	LTR/ERVL-MaLR	652	-	154	137131258	92811
chr6	125615891	125815891	harbor2	chr6	125625545	125625961	LTR/ERVL-MaLR	2805	-	208	125625753	9862
chr6	125615891	125815891	harbor2	chr6	125669302	125669547	LTR/ERVL-MaLR	746	-	122	125669424	53533
chr6	125615891	125815891	harbor2	chr6	125712862	125713219	LTR/ERVL-MaLR	2095	-	178	125713040	97149
chr6	170009053	170209053	harbor2	chr6	170013373	170013703	LTR/ERVL-MaLR	867	-	165	170013538	4485
chr6	170009053	170209053	harbor2	chr6	170035837	170036872	LTR/ERVL-MaLR	6785	-	518	170036355	27302
chr6	170009053	170209053	harbor2	chr6	170036873	170037255	LTR/ERVL-MaLR	1729	-	191	170037064	28011
chr6	170009053	170209053	harbor2	chr6	170075240	170075422	LTR/ERVL-MaLR	551	-	91	170075331	66278
chr6	170009053	170209053	harbor2	chr6	170075579	170075728	LTR/ERVL-MaLR	621	-	74	170075653	66600
chr6	170009053	170209053	harbor2	chr6	170077585	170077747	LTR/ERVL-MaLR	1328	-	81	170077666	68613
chr6	170009053	170209053	harbor2	chr6	170078052	170078221	LTR/ERVL-MaLR	1328	-	84	170078136	69083
chr6	142768397	142968397	harbor2	chr6	142802247	142802440	LTR/ERVL-MaLR	849	-	96	142802343	33946
chr6	142768397	142968397	harbor2	chr6	142814881	142815247	LTR/ERVL-MaLR	1764	-	183	142815064	46667
chr6	116415250	116615250	harbor2	chr6	116415881	116416326	LTR/ERVL-MaLR	1707	-	222	116416103	853
chr6	169444309	169644309	harbor2	chr6	169462988	169463405	LTR/ERVL-MaLR	1359	-	208	169463196	18887
chr6	169444309	169644309	harbor2	chr6	169466266	169466636	LTR/ERVL-MaLR	2877	-	185	169466451	22142
chr6	169444309	169644309	harbor2	chr6	169466637	169466763	LTR/ERVL-MaLR	901	-	63	169466700	22391
chr6	169444309	169644309	harbor2	chr6	169466764	169468324	LTR/ERVL-MaLR	10680	-	780	169467544	23235
chr6	169444309	169644309	harbor2	chr6	169468324	169468648	LTR/ERVL-MaLR	2133	-	162	169468486	24177
chr6	169444309	169644309	harbor2	chr6	169468735	169469106	LTR/ERVL-MaLR	1303	-	186	169468921	24612
chr6	169444309	169644309	harbor2	chr6	169469121	169470442	LTR/ERVL-MaLR	3523	-	660	169469781	25472
chr6	169444309	169644309	harbor2	chr6	169470443	169470838	LTR/ERVL-MaLR	1020	-	198	169470641	26332
chr6	169444309	169644309	harbor2	chr6	169471747	169472085	LTR/ERVL-MaLR	1780	-	169	169471916	27607
chr6	169444309	169644309	harbor2	chr6	169502407	169502682	LTR/ERVL-MaLR	858	-	138	169502545	58236
chr6	169444309	169644309	harbor2	chr6	169513015	169513109	LTR/ERVL-MaLR	476	-	47	169513062	68753
chr6	169444309	169644309	harbor2	chr6	169513154	169513456	LTR/ERVL-MaLR	823	-	151	169513305	68996
chr6	169444309	169644309	harbor2	chr6	169517962	169519300	LTR/ERVL-MaLR	7302	-	669	169518631	74322
chr6	169444309	169644309	harbor2	chr6	169519301	169519709	LTR/ERVL-MaLR	2146	-	204	169519505	75196
chr6	160075488	160275488	harbor2	chr6	160115311	160115465	LTR/ERVL-MaLR	938	-	77	160115388	39900
chr6	160075488	160275488	harbor2	chr6	160117339	160117799	LTR/ERVL-MaLR	500	-	230	160117569	42081
chr6	166757498	166957498	harbor2	chr6	166809922	166810293	LTR/ERVL-MaLR	2359	-	186	166810108	52610
chr6	166757498	166957498	harbor2	chr6	166813460	166813767	LTR/ERVL-MaLR	1158	-	154	166813614	56116
chr6	166757498	166957498	harbor2	chr6	166825547	166825875	LTR/ERVL-MaLR	1897	-	164	166825711	68213
chr6	120198271	120398271	harbor2	chr6	120215591	120216049	LTR/ERVL-MaLR	1471	-	229	120215820	17549
chr6	120198271	120398271	harbor2	chr6	120222943	120223152	LTR/ERVL-MaLR	621	-	104	120223047	24776
chr6	120198271	120398271	harbor2	chr6	120227189	120227574	LTR/ERVL-MaLR	1759	-	192	120227381	29110
chr6	120198271	120398271	harbor2	chr6	120227575	120229073	LTR/ERVL-MaLR	9257	-	749	120228324	30053
chr6	120198271	120398271	harbor2	chr6	120229074	120229460	LTR/ERVL-MaLR	1636	-	193	120229267	30996
chr6	120198271	120398271	harbor2	chr6	120235854	120236271	LTR/ERVL-MaLR	1726	-	208	120236062	37791
chr6	120198271	120398271	harbor2	chr6	120260892	120261295	LTR/ERVL-MaLR	491	-	202	120261094	62823
chr6	120198271	120398271	harbor2	chr6	120272141	120272523	LTR/ERVL-MaLR	1617	-	191	120272332	74061
chr6	120198271	120398271	harbor2	chr6	120272525	120273171	LTR/ERVL-MaLR	2253	-	323	120272848	74577
chr6	120198271	120398271	harbor2	chr6	120273166	120273476	LTR/ERVL-MaLR	828	-	155	120273321	75050
chr6	120198271	120398271	harbor2	chr6	120283204	120283562	LTR/ERVL-MaLR	2122	-	179	120283383	85112
chr6	166596510	166796510	harbor2	chr6	166611575	166611773	LTR/ERVL-MaLR	525	-	99	166611674	15164
chr6	166596510	166796510	harbor2	chr6	166614714	166615008	LTR/ERVL-MaLR	800	-	147	166614861	18351
chr6	138742411	138942411	harbor2	chr6	138748404	138748589	LTR/ERVL-MaLR	2117	-	92	138748496	6085
chr6	138742411	138942411	harbor2	chr6	138748896	138749202	LTR/ERVL-MaLR	2117	-	153	138749049	6638
chr6	138742411	138942411	harbor2	chr6	138749553	138749571	LTR/ERVL-MaLR	2117	-	9	138749562	7151
chr6	138742411	138942411	harbor2	chr6	138759566	138759916	LTR/ERVL-MaLR	2387	-	175	138759741	17330
chr6	138742411	138942411	harbor2	chr6	138785984	138786342	LTR/ERVL-MaLR	1972	-	179	138786163	43752
chr6	138742411	138942411	harbor2	chr6	138800774	138801159	LTR/ERVL-MaLR	2076	-	192	138800966	58555
chr6	138742411	138942411	harbor2	chr6	138805442	138805972	LTR/ERVL-MaLR	1176	-	265	138805707	63296
chr6	138742411	138942411	harbor2	chr6	138805982	138806221	LTR/ERVL-MaLR	842	-	120	138806102	63691
chr6	138742411	138942411	harbor2	chr6	138806207	138806445	LTR/ERVL-MaLR	1029	-	119	138806326	63915
chr6	138742411	138942411	harbor2	chr6	138807290	138807635	LTR/ERVL-MaLR	978	-	172	138807462	65051
chr6	138742411	138942411	harbor2	chr6	138807643	138807775	LTR/ERVL-MaLR	717	-	66	138807709	65298
chr6	138742411	138942411	harbor2	chr6	138832863	138833227	LTR/ERVL-MaLR	2042	-	182	138833045	90634
chr6	125604701	125804701	harbor2	chr6	125625545	125625961	LTR/ERVL-MaLR	2805	-	208	125625753	21052
chr6	125604701	125804701	harbor2	chr6	125669302	125669547	LTR/ERVL-MaLR	746	-	122	125669424	64723
chr6	143926713	144126713	harbor2	chr6	143988605	143988956	LTR/ERVL-MaLR	1261	-	176	143988781	62068
chr6	143926713	144126713	harbor2	chr6	144013483	144013949	LTR/ERVL-MaLR	963	-	233	144013716	87003
chr6	121407771	121607771	harbor2	chr6	121424781	121425160	LTR/ERVL-MaLR	2176	-	190	121424971	17200
chr6	131478144	131678144	harbor2	chr6	131486967	131487307	LTR/ERVL-MaLR	1699	-	170	131487137	8993
chr6	131478144	131678144	harbor2	chr6	131489009	131489049	LTR/ERVL-MaLR	2147	-	20	131489029	10885
chr6	131478144	131678144	harbor2	chr6	131489660	131490004	LTR/ERVL-MaLR	2147	-	172	131489832	11688
chr6	131478144	131678144	harbor2	chr6	131494448	131494767	LTR/ERVL-MaLR	924	-	160	131494608	16464
chr6	131478144	131678144	harbor2	chr6	131494960	131495076	LTR/ERVL-MaLR	448	-	58	131495018	16874
chr6	131478144	131678144	harbor2	chr6	131497519	131497869	LTR/ERVL-MaLR	2004	-	175	131497694	19550
chr6	131478144	131678144	harbor2	chr6	131522230	131522308	LTR/ERVL-MaLR	870	-	39	131522269	44125
chr6	131478144	131678144	harbor2	chr6	131523080	131523374	LTR/ERVL-MaLR	870	-	147	131523227	45083
chr6	158458891	158658891	harbor2	chr6	158468665	158469014	LTR/ERVL-MaLR	1876	-	174	158468839	9948
chr6	158458891	158658891	harbor2	chr6	158531611	158532110	LTR/ERVL-MaLR	455	-	250	158531861	72970
chr6	158458891	158658891	harbor2	chr6	158543433	158543842	LTR/ERVL-MaLR	1640	-	204	158543637	84746
chr6	156640321	156840321	harbor2	chr6	156641371	156641780	LTR/ERVL-MaLR	2344	-	204	156641575	1254
chr6	156640321	156840321	harbor2	chr6	156642082	156642209	LTR/ERVL-MaLR	2344	-	64	156642146	1825
chr6	156640321	156840321	harbor2	chr6	156642210	156642364	LTR/ERVL-MaLR	880	-	77	156642287	1966
chr6	156640321	156840321	harbor2	chr6	156678674	156679149	LTR/ERVL-MaLR	696	-	238	156678912	38591
chr6	156640321	156840321	harbor2	chr6	156679210	156679995	LTR/ERVL-MaLR	3447	-	392	156679602	39281
chr6	156640321	156840321	harbor2	chr6	156679975	156680139	LTR/ERVL-MaLR	583	-	82	156680057	39736
chr6	156640321	156840321	harbor2	chr6	156680233	156680333	LTR/ERVL-MaLR	427	-	50	156680283	39962
chr6	156640321	156840321	harbor2	chr6	156680409	156680627	LTR/ERVL-MaLR	564	-	109	156680518	40197
chr6	156640321	156840321	harbor2	chr6	156684654	156685110	LTR/ERVL-MaLR	687	-	228	156684882	44561
chr6	156640321	156840321	harbor2	chr6	156692263	156692670	LTR/ERVL-MaLR	1881	-	204	156692467	52146
chr6	156640321	156840321	harbor2	chr6	156723678	156724015	LTR/ERVL-MaLR	2252	-	168	156723846	83525
chr6	156640321	156840321	harbor2	chr6	156724603	156724647	LTR/ERVL-MaLR	2252	-	22	156724625	84304
chr6	156640321	156840321	harbor2	chr6	156738426	156738720	LTR/ERVL-MaLR	904	-	147	156738573	98252
chr6	156640321	156840321	harbor2	chr6	156739013	156739066	LTR/ERVL-MaLR	792	-	26	156739039	98718
chr6	156640321	156840321	harbor2	chr6	156739673	156739759	LTR/ERVL-MaLR	792	-	43	156739716	99395
chr6	104354913	104554913	harbor2	chr6	104403292	104403543	LTR/ERVL-MaLR	1040	-	126	104403418	48505
chr6	104354913	104554913	harbor2	chr6	104404312	104404710	LTR/ERVL-MaLR	1272	-	199	104404511	49598
chr6	104354913	104554913	harbor2	chr6	104419925	104420103	LTR/ERVL-MaLR	490	-	89	104420014	65101
chr6	104354913	104554913	harbor2	chr6	104424757	104424907	LTR/ERVL-MaLR	542	-	75	104424832	69919
chr6	104354913	104554913	harbor2	chr6	104426984	104427293	LTR/ERVL-MaLR	617	-	154	104427138	72225
chr6	104354913	104554913	harbor2	chr6	104427310	104427774	LTR/ERVL-MaLR	2512	-	232	104427542	72629
chr6	104354913	104554913	harbor2	chr6	104428034	104428776	LTR/ERVL-MaLR	2512	-	371	104428405	73492
chr6	170375891	170575891	harbor2	chr6	170407452	170407869	LTR/ERVL-MaLR	667	-	208	170407660	31769
chr6	170170303	170370303	harbor2	chr6	170174859	170175093	LTR/ERVL-MaLR	461	-	117	170174976	4673
chr6	170170303	170370303	harbor2	chr6	170201448	170201812	LTR/ERVL-MaLR	1628	-	182	170201630	31327
chr6	169299841	169499841	harbor2	chr6	169311741	169312094	LTR/ERVL-MaLR	2803	-	176	169311917	12076
chr6	169299841	169499841	harbor2	chr6	169323482	169324313	LTR/ERVL-MaLR	3211	-	416	169323898	24057
chr6	169299841	169499841	harbor2	chr6	169324317	169324678	LTR/ERVL-MaLR	2112	-	180	169324497	24656
chr6	169299841	169499841	harbor2	chr6	169382082	169382421	LTR/ERVL-MaLR	896	-	170	169382252	82411
chr6	138272525	138472525	harbor2	chr6	138297689	138298165	LTR/ERVL-MaLR	1025	-	238	138297927	25402
chr6	138272525	138472525	harbor2	chr6	138314034	138314424	LTR/ERVL-MaLR	1837	-	195	138314229	41704
chr6	138272525	138472525	harbor2	chr6	138314430	138314773	LTR/ERVL-MaLR	1625	-	172	138314602	42077
chr6	138272525	138472525	harbor2	chr6	138321825	138322001	LTR/ERVL-MaLR	1056	-	88	138321913	49388
chr6	138272525	138472525	harbor2	chr6	138322299	138322458	LTR/ERVL-MaLR	1002	-	80	138322379	49854
chr6	138272525	138472525	harbor2	chr6	138328323	138328689	LTR/ERVL-MaLR	1925	-	183	138328506	55981
chr6	120178455	120378455	harbor2	chr6	120215591	120216049	LTR/ERVL-MaLR	1471	-	229	120215820	37365
chr6	120178455	120378455	harbor2	chr6	120222943	120223152	LTR/ERVL-MaLR	621	-	104	120223047	44592
chr6	120178455	120378455	harbor2	chr6	120227189	120227574	LTR/ERVL-MaLR	1759	-	192	120227381	48926
chr6	120178455	120378455	harbor2	chr6	120227575	120229073	LTR/ERVL-MaLR	9257	-	749	120228324	49869
chr6	120178455	120378455	harbor2	chr6	120229074	120229460	LTR/ERVL-MaLR	1636	-	193	120229267	50812
chr6	120178455	120378455	harbor2	chr6	120235854	120236271	LTR/ERVL-MaLR	1726	-	208	120236062	57607
chr6	120178455	120378455	harbor2	chr6	120260892	120261295	LTR/ERVL-MaLR	491	-	202	120261094	82639
chr6	120178455	120378455	harbor2	chr6	120272141	120272523	LTR/ERVL-MaLR	1617	-	191	120272332	93877
chr6	120178455	120378455	harbor2	chr6	120272525	120273171	LTR/ERVL-MaLR	2253	-	323	120272848	94393
chr6	120178455	120378455	harbor2	chr6	120273166	120273476	LTR/ERVL-MaLR	828	-	155	120273321	94866
chr6	163858386	164058386	harbor2	chr6	163874389	163874745	LTR/ERVL-MaLR	2211	-	178	163874567	16181
chr6	163858386	164058386	harbor2	chr6	163878713	163879262	LTR/ERVL-MaLR	1911	-	274	163878987	20601
chr6	163858386	164058386	harbor2	chr6	163921953	163922313	LTR/ERVL-MaLR	2434	-	180	163922133	63747
chr6	163858386	164058386	harbor2	chr6	163939069	163939428	LTR/ERVL-MaLR	1669	-	180	163939249	80863
chr6	162897383	163097383	harbor2	chr6	162903361	162903719	LTR/ERVL-MaLR	2246	-	179	162903540	6157
chr6	162897383	163097383	harbor2	chr6	162933708	162933983	LTR/ERVL-MaLR	1905	-	138	162933846	36463
chr6	162897383	163097383	harbor2	chr6	162934290	162934449	LTR/ERVL-MaLR	1905	-	80	162934370	36987
chr6	162897383	163097383	harbor2	chr6	162935947	162936307	LTR/ERVL-MaLR	2103	-	180	162936127	38744
chr6	162897383	163097383	harbor2	chr6	162956450	162956894	LTR/ERVL-MaLR	1001	-	222	162956672	59289
chr6	162897383	163097383	harbor2	chr6	162960741	162961054	LTR/ERVL-MaLR	541	-	156	162960897	63514
chr6	162897383	163097383	harbor2	chr6	162965309	162965661	LTR/ERVL-MaLR	1800	-	176	162965485	68102
chr6	52232936	52432936	harbor2	chr6	52300618	52301012	LTR/ERVL-MaLR	1809	-	197	52300815	67879
chr6	52232936	52432936	harbor2	chr6	52301553	52301666	LTR/ERVL-MaLR	728	-	56	52301609	68673
chr6	167637920	167837920	harbor2	chr6	167674896	167675265	LTR/ERVL-MaLR	2762	-	184	167675080	37160
chr6	167637920	167837920	harbor2	chr6	167684309	167684690	LTR/ERVL-MaLR	2409	-	190	167684499	46579
chr6	140734169	140934169	harbor2	chr6	140737950	140738308	LTR/ERVL-MaLR	1925	-	179	140738129	3960
chr6	140734169	140934169	harbor2	chr6	140740878	140741221	LTR/ERVL-MaLR	1306	-	172	140741050	6881
chr6	140734169	140934169	harbor2	chr6	140760797	140761176	LTR/ERVL-MaLR	1382	-	190	140760987	26818
chr6	140734169	140934169	harbor2	chr6	140763493	140763958	LTR/ERVL-MaLR	1345	-	232	140763725	29556
chr6	140734169	140934169	harbor2	chr6	140771918	140772316	LTR/ERVL-MaLR	2300	-	199	140772117	37948
chr6	140734169	140934169	harbor2	chr6	140794805	140795163	LTR/ERVL-MaLR	2297	-	179	140794984	60815
chr6	140734169	140934169	harbor2	chr6	140809815	140810090	LTR/ERVL-MaLR	2249	-	138	140809953	75784
chr6	140734169	140934169	harbor2	chr6	140810397	140810583	LTR/ERVL-MaLR	2249	-	93	140810490	76321
chr6	140734169	140934169	harbor2	chr6	140825718	140826101	LTR/ERVL-MaLR	2057	-	192	140825910	91741
chr6	132518305	132718305	harbor2	chr6	132554453	132554807	LTR/ERVL-MaLR	1757	-	177	132554630	36325
chr6	132518305	132718305	harbor2	chr6	132583407	132583732	LTR/ERVL-MaLR	511	-	162	132583569	65264
chr6	160819102	161019102	harbor2	chr6	160880241	160880615	LTR/ERVL-MaLR	2154	-	187	160880428	61326
chr6	165866052	166066052	harbor2	chr6	165879390	165879550	LTR/ERVL-MaLR	432	-	80	165879470	13418
chr6	165866052	166066052	harbor2	chr6	165885180	165885534	LTR/ERVL-MaLR	1995	-	177	165885357	19305
chr6	165866052	166066052	harbor2	chr6	165943939	165944303	LTR/ERVL-MaLR	2549	-	182	165944121	78069
chr6	100687550	100887550	harbor2	chr6	100764729	100764867	LTR/ERVL-MaLR	554	-	69	100764798	77248
chr6	117141258	117341258	harbor2	chr6	117141992	117142261	LTR/ERVL-MaLR	852	-	134	117142126	868
chr6	117141258	117341258	harbor2	chr6	117144700	117145171	LTR/ERVL-MaLR	1984	-	236	117144936	3678
chr6	117141258	117341258	harbor2	chr6	117145170	117145223	LTR/ERVL-MaLR	454	-	26	117145196	3938
chr6	117141258	117341258	harbor2	chr6	117146797	117147173	LTR/ERVL-MaLR	2398	-	188	117146985	5727
chr6	117141258	117341258	harbor2	chr6	117149646	117150018	LTR/ERVL-MaLR	2229	-	186	117149832	8574
chr6	117141258	117341258	harbor2	chr6	117150019	117151588	LTR/ERVL-MaLR	12075	-	784	117150803	9545
chr6	117141258	117341258	harbor2	chr6	117151589	117151958	LTR/ERVL-MaLR	2063	-	184	117151773	10515
chr6	117141258	117341258	harbor2	chr6	117152672	117153055	LTR/ERVL-MaLR	2076	-	192	117152864	11606
chr6	117141258	117341258	harbor2	chr6	117158996	117159443	LTR/ERVL-MaLR	1871	-	224	117159220	17962
chr6	117141258	117341258	harbor2	chr6	117211708	117212104	LTR/ERVL-MaLR	2107	-	198	117211906	70648
chr6	117141258	117341258	harbor2	chr6	117216771	117217162	LTR/ERVL-MaLR	2338	-	196	117216967	75709
chr6	117141258	117341258	harbor2	chr6	117218006	117218308	LTR/ERVL-MaLR	1198	-	151	117218157	76899
chr6	117141258	117341258	harbor2	chr6	117226114	117226492	LTR/ERVL-MaLR	1488	-	189	117226303	85045
chr6	117141258	117341258	harbor2	chr6	117229473	117229717	LTR/ERVL-MaLR	2138	-	122	117229595	88337
chr6	117141258	117341258	harbor2	chr6	117230155	117230352	LTR/ERVL-MaLR	2138	-	98	117230253	88995
chr6	117141258	117341258	harbor2	chr6	117230353	117231223	LTR/ERVL-MaLR	5422	-	435	117230788	89530
chr6	117141258	117341258	harbor2	chr6	117231287	117231707	LTR/ERVL-MaLR	2388	-	210	117231497	90239
chr6	117141258	117341258	harbor2	chr6	117145224	117146796	LTR/ERVL-MaLR	9948	-	786	117146010	4752
chr6	133039814	133239814	harbor2	chr6	133077668	133078158	LTR/ERVL-MaLR	930	-	245	133077913	38099
chr6	133039814	133239814	harbor2	chr6	133092726	133093081	LTR/ERVL-MaLR	2274	-	178	133092904	53090
chr6	133039814	133239814	harbor2	chr6	133093385	133093538	LTR/ERVL-MaLR	2274	-	76	133093461	53647
chr6	133039814	133239814	harbor2	chr6	133112681	133113008	LTR/ERVL-MaLR	432	-	164	133112845	73031
chr6	40958407	41158407	harbor2	chr6	40987827	40988400	LTR/ERVL-MaLR	1388	-	286	40988113	29706
chr6	40958407	41158407	harbor2	chr6	41002443	41002641	LTR/ERVL-MaLR	448	-	99	41002542	44135
chr6	40958407	41158407	harbor2	chr6	41012316	41012674	LTR/ERVL-MaLR	2301	-	179	41012495	54088
chr6	40958407	41158407	harbor2	chr6	41018259	41018732	LTR/ERVL-MaLR	437	-	236	41018495	60088
chr6	40958407	41158407	harbor2	chr6	41020917	41021286	LTR/ERVL-MaLR	1953	-	184	41021101	62694
chr6	40958407	41158407	harbor2	chr6	41023588	41023863	LTR/ERVL-MaLR	1272	-	138	41023726	65319
chr6	40958407	41158407	harbor2	chr6	41008986	41009399	LTR/ERVL-MaLR	1044	-	206	41009192	50785
chr6	154028228	154228228	harbor2	chr6	154047780	154048126	LTR/ERVL-MaLR	1831	-	173	154047953	19725
chr6	154028228	154228228	harbor2	chr6	154094394	154094895	LTR/ERVL-MaLR	1701	-	250	154094644	66416
chr6	154669208	154869208	harbor2	chr6	154702674	154702716	LTR/ERVL-MaLR	844	-	21	154702695	33487
chr6	154669208	154869208	harbor2	chr6	154703026	154703195	LTR/ERVL-MaLR	844	-	84	154703110	33902
chr6	154669208	154869208	harbor2	chr6	154716359	154716566	LTR/ERVL-MaLR	2487	-	104	154716463	47255
chr6	154669208	154869208	harbor2	chr6	154716879	154717102	LTR/ERVL-MaLR	2487	-	112	154716991	47783
chr6	154669208	154869208	harbor2	chr6	154726279	154726671	LTR/ERVL-MaLR	2162	-	196	154726475	57267
chr6	154669208	154869208	harbor2	chr6	154762127	154762446	LTR/ERVL-MaLR	1397	-	160	154762287	93079
chr6	154669208	154869208	harbor2	chr6	154762486	154762619	LTR/ERVL-MaLR	595	-	66	154762552	93344
chr6	32827818	33027818	harbor2	chr6	32866800	32866904	LTR/ERVL-MaLR	485	-	52	32866852	39034
chr6	99849662	100049662	harbor2	chr6	99868861	99869252	LTR/ERVL-MaLR	2167	-	196	99869057	19395
chr6	99849662	100049662	harbor2	chr6	99898666	99898984	LTR/ERVL-MaLR	1031	-	159	99898825	49163
chr6	99849662	100049662	harbor2	chr6	99913376	99913802	LTR/ERVL-MaLR	830	-	213	99913589	63927
chr6	99849662	100049662	harbor2	chr6	99942135	99942591	LTR/ERVL-MaLR	1973	-	228	99942363	92701
chr6	136112426	136312426	harbor2	chr6	136130696	136131053	LTR/ERVL-MaLR	2238	-	178	136130874	18448
chr6	136112426	136312426	harbor2	chr6	136162169	136162539	LTR/ERVL-MaLR	2445	-	185	136162354	49928
chr6	136112426	136312426	harbor2	chr6	136162540	136164061	LTR/ERVL-MaLR	9773	-	760	136163300	50874
chr6	136112426	136312426	harbor2	chr6	136164068	136164439	LTR/ERVL-MaLR	2683	-	186	136164254	51828
chr6	136112426	136312426	harbor2	chr6	136165479	136165950	LTR/ERVL-MaLR	1141	-	236	136165715	53289
chr6	136112426	136312426	harbor2	chr6	136166358	136166774	LTR/ERVL-MaLR	2703	-	208	136166566	54140
chr6	136112426	136312426	harbor2	chr6	136170579	136170976	LTR/ERVL-MaLR	2168	-	198	136170777	58351
chr6	136112426	136312426	harbor2	chr6	136202101	136202486	LTR/ERVL-MaLR	1355	-	192	136202293	89867
chr6	136112426	136312426	harbor2	chr6	136208319	136208659	LTR/ERVL-MaLR	2290	-	170	136208489	96063
chr6	136112426	136312426	harbor2	chr6	136209854	136210235	LTR/ERVL-MaLR	2398	-	190	136210044	97618
chr6	71396240	71596240	harbor2	chr6	71449260	71449669	LTR/ERVL-MaLR	2323	-	204	71449464	53224
chr6	71396240	71596240	harbor2	chr6	71456232	71456599	LTR/ERVL-MaLR	1972	-	184	71456416	60176
chr6	71396240	71596240	harbor2	chr6	71459143	71459528	LTR/ERVL-MaLR	704	-	192	71459335	63095
chr6	71396240	71596240	harbor2	chr6	71482995	71483240	LTR/ERVL-MaLR	943	-	122	71483117	86877
chr6	71396240	71596240	harbor2	chr6	71484442	71484648	LTR/ERVL-MaLR	1796	-	103	71484545	88305
chr6	71396240	71596240	harbor2	chr6	71485165	71485342	LTR/ERVL-MaLR	1796	-	88	71485253	89013
chr6	71396240	71596240	harbor2	chr6	71485382	71485479	LTR/ERVL-MaLR	1102	-	48	71485430	89190
chr6	71396240	71596240	harbor2	chr6	71485775	71485852	LTR/ERVL-MaLR	1102	-	38	71485813	89573
chr6	71396240	71596240	harbor2	chr6	71486198	71486447	LTR/ERVL-MaLR	1102	-	124	71486322	90082
chr6	71396240	71596240	harbor2	chr6	71486544	71486797	LTR/ERVL-MaLR	735	-	126	71486670	90430
chr6	151647523	151847523	harbor2	chr6	151652194	151652603	LTR/ERVL-MaLR	2313	-	204	151652398	4875
chr6	151647523	151847523	harbor2	chr6	151668053	151668277	LTR/ERVL-MaLR	1988	-	112	151668165	20642
chr6	151647523	151847523	harbor2	chr6	151668583	151668732	LTR/ERVL-MaLR	1988	-	74	151668657	21134
chr6	151647523	151847523	harbor2	chr6	151680044	151680191	LTR/ERVL-MaLR	1506	-	74	151680118	32595
chr6	151647523	151847523	harbor2	chr6	151680500	151680709	LTR/ERVL-MaLR	1506	-	104	151680604	33081
chr6	151647523	151847523	harbor2	chr6	151687075	151687346	LTR/ERVL-MaLR	705	-	136	151687211	39688
chr6	169166830	169366830	harbor2	chr6	169179238	169179591	LTR/ERVL-MaLR	2236	-	176	169179414	12584
chr6	169166830	169366830	harbor2	chr6	169179592	169180756	LTR/ERVL-MaLR	8572	-	582	169180174	13344
chr6	169166830	169366830	harbor2	chr6	169182179	169182607	LTR/ERVL-MaLR	3295	-	214	169182393	15563
chr6	169166830	169366830	harbor2	chr6	169182608	169182961	LTR/ERVL-MaLR	2346	-	176	169182784	15954
chr6	169166830	169366830	harbor2	chr6	169202364	169202775	LTR/ERVL-MaLR	2665	-	206	169202570	35740
chr6	121739027	121939027	harbor2	chr6	121749667	121750217	LTR/ERVL-MaLR	1372	-	275	121749942	10915
chr6	121739027	121939027	harbor2	chr6	121778072	121778453	LTR/ERVL-MaLR	1227	-	190	121778262	39235
chr6	121739027	121939027	harbor2	chr6	121780290	121780788	LTR/ERVL-MaLR	1634	-	249	121780539	41512
chr6	121739027	121939027	harbor2	chr6	121815804	121815889	LTR/ERVL-MaLR	1790	-	42	121815846	76819
chr6	121739027	121939027	harbor2	chr6	121816463	121816755	LTR/ERVL-MaLR	1790	-	146	121816609	77582
chr6	121739027	121939027	harbor2	chr6	121831709	121832083	LTR/ERVL-MaLR	2808	-	187	121831896	92869
chr6	101347768	101547768	harbor2	chr6	101378739	101379114	LTR/ERVL-MaLR	1752	-	188	101378927	31159
chr6	101347768	101547768	harbor2	chr6	101385173	101385585	LTR/ERVL-MaLR	1432	-	206	101385379	37611
chr6	101347768	101547768	harbor2	chr6	101414700	101414892	LTR/ERVL-MaLR	507	-	96	101414796	67028
chr6	101347768	101547768	harbor2	chr6	101416974	101417329	LTR/ERVL-MaLR	2581	-	178	101417152	69384
chr6	23470817	23670817	harbor2	chr6	23474154	23474349	LTR/ERVL-MaLR	504	-	98	23474252	3435
chr6	23470817	23670817	harbor2	chr6	23533251	23533728	LTR/ERVL-MaLR	869	-	238	23533489	62672
chr6	23470817	23670817	harbor2	chr6	23537305	23537667	LTR/ERVL-MaLR	1736	-	181	23537486	66669
chr6	23470817	23670817	harbor2	chr6	23540171	23540542	LTR/ERVL-MaLR	2085	-	186	23540357	69540
chr6	23470817	23670817	harbor2	chr6	23553563	23553941	LTR/ERVL-MaLR	2359	-	189	23553752	82935
chr6	23470817	23670817	harbor2	chr6	23553942	23555452	LTR/ERVL-MaLR	9529	-	755	23554697	83880
chr6	23470817	23670817	harbor2	chr6	23555453	23555818	LTR/ERVL-MaLR	1731	-	182	23555635	84818
chr6	136670815	136870815	harbor2	chr6	136677485	136677708	LTR/ERVL-MaLR	576	-	112	136677597	6782
chr6	136670815	136870815	harbor2	chr6	136731278	136731461	LTR/ERVL-MaLR	592	-	92	136731370	60555
chr6	136670815	136870815	harbor2	chr6	136731488	136731654	LTR/ERVL-MaLR	611	-	83	136731571	60756
chr6	152706295	152906295	harbor2	chr6	152719934	152720408	LTR/ERVL-MaLR	1502	-	237	152720171	13876
chr6	152706295	152906295	harbor2	chr6	152759867	152760301	LTR/ERVL-MaLR	937	-	217	152760084	53789
chr6	152706295	152906295	harbor2	chr6	152761686	152762112	LTR/ERVL-MaLR	1803	-	213	152761899	55604
chr6	152706295	152906295	harbor2	chr6	152762512	152762819	LTR/ERVL-MaLR	2093	-	154	152762666	56371
chr6	152706295	152906295	harbor2	chr6	152764451	152764823	LTR/ERVL-MaLR	2118	-	186	152764637	58342
chr6	152706295	152906295	harbor2	chr6	152785711	152786076	LTR/ERVL-MaLR	2533	-	182	152785893	79598
chr6	152706295	152906295	harbor2	chr6	152796405	152796741	LTR/ERVL-MaLR	1465	-	168	152796573	90278
chr6	54323020	54523020	harbor2	chr6	54324129	54324544	LTR/ERVL-MaLR	739	-	208	54324337	1317
chr6	54323020	54523020	harbor2	chr6	54339162	54339522	LTR/ERVL-MaLR	621	-	180	54339342	16322
chr6	54323020	54523020	harbor2	chr6	54348429	54348776	LTR/ERVL-MaLR	1290	-	174	54348603	25583
chr6	54323020	54523020	harbor2	chr6	54361263	54361636	LTR/ERVL-MaLR	1934	-	186	54361449	38429
chr6	54323020	54523020	harbor2	chr6	54365299	54365667	LTR/ERVL-MaLR	556	-	184	54365483	42463
chr6	54323020	54523020	harbor2	chr6	54367741	54368083	LTR/ERVL-MaLR	1540	-	171	54367912	44892
chr6	54323020	54523020	harbor2	chr6	54386237	54386615	LTR/ERVL-MaLR	1437	-	189	54386426	63406
chr6	54323020	54523020	harbor2	chr6	54416618	54416885	LTR/ERVL-MaLR	618	-	134	54416752	93732
chr6	140311037	140511037	harbor2	chr6	140312011	140312390	LTR/ERVL-MaLR	1805	-	190	140312201	1164
chr6	140311037	140511037	harbor2	chr6	140314039	140314421	LTR/ERVL-MaLR	1918	-	191	140314230	3193
chr6	140311037	140511037	harbor2	chr6	140322454	140322853	LTR/ERVL-MaLR	506	-	200	140322654	11617
chr6	140311037	140511037	harbor2	chr6	140355136	140355925	LTR/ERVL-MaLR	1665	-	394	140355530	44493
chr6	140311037	140511037	harbor2	chr6	140384215	140384588	LTR/ERVL-MaLR	1837	-	186	140384401	73364
chr6	140311037	140511037	harbor2	chr6	140384590	140386219	LTR/ERVL-MaLR	10638	-	814	140385404	74367
chr6	140311037	140511037	harbor2	chr6	140386220	140386585	LTR/ERVL-MaLR	1653	-	182	140386402	75365
chr6	140311037	140511037	harbor2	chr6	140389250	140389626	LTR/ERVL-MaLR	2146	-	188	140389438	78401
chr6	140311037	140511037	harbor2	chr6	140312392	140314038	LTR/ERVL-MaLR	10303	-	823	140313215	2178
chr6	82833365	83033365	harbor2	chr6	82833723	82833866	LTR/ERVL-MaLR	2429	-	72	82833795	430
chr6	82833365	83033365	harbor2	chr6	82834403	82834797	LTR/ERVL-MaLR	2050	-	197	82834600	1235
chr6	82833365	83033365	harbor2	chr6	82880752	82881110	LTR/ERVL-MaLR	1693	-	179	82880931	47566
chr6	145366836	145566836	harbor2	chr6	145374814	145375141	LTR/ERVL-MaLR	869	-	164	145374978	8142
chr6	145366836	145566836	harbor2	chr6	145383305	145383710	LTR/ERVL-MaLR	2311	-	202	145383507	16671
chr6	145366836	145566836	harbor2	chr6	145408686	145409003	LTR/ERVL-MaLR	1555	-	158	145408844	42008
chr6	145366836	145566836	harbor2	chr6	145409581	145410097	LTR/ERVL-MaLR	1247	-	258	145409839	43003
chr6	145366836	145566836	harbor2	chr6	145420689	145421067	LTR/ERVL-MaLR	1623	-	189	145420878	54042
chr6	145366836	145566836	harbor2	chr6	145440074	145440422	LTR/ERVL-MaLR	1796	-	174	145440248	73412
chr6	145366836	145566836	harbor2	chr6	145441890	145442314	LTR/ERVL-MaLR	11606	-	212	145442102	75266
chr6	145366836	145566836	harbor2	chr6	145442316	145442669	LTR/ERVL-MaLR	1732	-	176	145442492	75656
chr6	145366836	145566836	harbor2	chr6	145440430	145441583	LTR/ERVL-MaLR	11606	-	576	145441006	74170
chr6	141947491	142147491	harbor2	chr6	141958668	141959065	LTR/ERVL-MaLR	2026	-	198	141958866	11375
chr6	141947491	142147491	harbor2	chr6	141966050	141966407	LTR/ERVL-MaLR	1899	-	178	141966228	18737
chr6	141947491	142147491	harbor2	chr6	141967977	141968335	LTR/ERVL-MaLR	1850	-	179	141968156	20665
chr6	141947491	142147491	harbor2	chr6	142002811	142003172	LTR/ERVL-MaLR	2075	-	180	142002991	55500
chr6	141947491	142147491	harbor2	chr6	141966410	141967976	LTR/ERVL-MaLR	11736	-	783	141967193	19702
chr6	163623889	163823889	harbor2	chr6	163626339	163626463	LTR/ERVL-MaLR	835	-	62	163626401	2512
chr6	163623889	163823889	harbor2	chr6	163633074	163633380	LTR/ERVL-MaLR	2280	-	153	163633227	9338
chr6	163623889	163823889	harbor2	chr6	163633742	163633971	LTR/ERVL-MaLR	2280	-	114	163633856	9967
chr6	163623889	163823889	harbor2	chr6	163643772	163644191	LTR/ERVL-MaLR	1038	-	210	163643982	20093
chr6	163623889	163823889	harbor2	chr6	163644348	163644630	LTR/ERVL-MaLR	776	-	141	163644489	20600
chr6	163623889	163823889	harbor2	chr6	163659879	163660319	LTR/ERVL-MaLR	832	-	220	163660099	36210
chr6	163623889	163823889	harbor2	chr6	163660488	163661129	LTR/ERVL-MaLR	1511	-	320	163660808	36919
chr6	163623889	163823889	harbor2	chr6	163673748	163674172	LTR/ERVL-MaLR	2877	-	212	163673960	50071
chr6	163623889	163823889	harbor2	chr6	163699350	163699779	LTR/ERVL-MaLR	1838	-	214	163699564	75675
chr6	163623889	163823889	harbor2	chr6	163703053	163703298	LTR/ERVL-MaLR	690	-	122	163703175	79286
chr6	163623889	163823889	harbor2	chr6	163703409	163704012	LTR/ERVL-MaLR	1765	-	302	163703711	79822
chr6	163623889	163823889	harbor2	chr6	163704023	163704156	LTR/ERVL-MaLR	865	-	66	163704089	80200
chr6	163623889	163823889	harbor2	chr6	163704529	163704819	LTR/ERVL-MaLR	865	-	145	163704674	80785
chr6	163623889	163823889	harbor2	chr6	163717875	163718332	LTR/ERVL-MaLR	1378	-	228	163718103	94214
chr6	163623889	163823889	harbor2	chr6	163720615	163720994	LTR/ERVL-MaLR	660	-	190	163720805	96916
chr6	139086959	139286959	harbor2	chr6	139091425	139091670	LTR/ERVL-MaLR	681	-	122	139091547	4588
chr6	139086959	139286959	harbor2	chr6	139106927	139107363	LTR/ERVL-MaLR	2220	-	218	139107145	20186
chr6	139086959	139286959	harbor2	chr6	139126369	139126504	LTR/ERVL-MaLR	1298	-	68	139126437	39478
chr6	139086959	139286959	harbor2	chr6	139126691	139126759	LTR/ERVL-MaLR	1298	-	34	139126725	39766
chr6	139086959	139286959	harbor2	chr6	139127179	139127414	LTR/ERVL-MaLR	1298	-	118	139127297	40338
chr6	139086959	139286959	harbor2	chr6	139141506	139141750	LTR/ERVL-MaLR	961	-	122	139141628	54669
chr6	139086959	139286959	harbor2	chr6	139142226	139142328	LTR/ERVL-MaLR	715	-	51	139142277	55318
chr6	139086959	139286959	harbor2	chr6	139169553	139169910	LTR/ERVL-MaLR	917	-	178	139169731	82772
chr6	134063581	134263581	harbor2	chr6	134070643	134071069	LTR/ERVL-MaLR	1479	-	213	134070856	7275
chr6	134063581	134263581	harbor2	chr6	134071447	134071459	LTR/ERVL-MaLR	1479	-	6	134071453	7872
chr6	134063581	134263581	harbor2	chr6	134072601	134073007	LTR/ERVL-MaLR	1624	-	203	134072804	9223
chr6	134063581	134263581	harbor2	chr6	134076137	134076606	LTR/ERVL-MaLR	936	-	234	134076371	12790
chr6	134063581	134263581	harbor2	chr6	134077158	134077246	LTR/ERVL-MaLR	506	-	44	134077202	13621
chr6	134063581	134263581	harbor2	chr6	134090081	134090423	LTR/ERVL-MaLR	2240	-	171	134090252	26671
chr6	134063581	134263581	harbor2	chr6	134107041	134107653	LTR/ERVL-MaLR	2502	-	306	134107347	43766
chr6	134063581	134263581	harbor2	chr6	134108477	134108820	LTR/ERVL-MaLR	2279	-	172	134108649	45068
chr6	134063581	134263581	harbor2	chr6	134111733	134112115	LTR/ERVL-MaLR	1225	-	191	134111924	48343
chr6	134063581	134263581	harbor2	chr6	134119674	134120028	LTR/ERVL-MaLR	1596	-	177	134119851	56270
chr6	134063581	134263581	harbor2	chr6	134146732	134146898	LTR/ERVL-MaLR	1073	-	83	134146815	83234
chr6	134063581	134263581	harbor2	chr6	134146895	134147247	LTR/ERVL-MaLR	2091	-	176	134147071	83490
chr6	78471644	78671644	harbor2	chr6	78477603	78477783	LTR/ERVL-MaLR	1354	-	90	78477693	6049
chr6	78471644	78671644	harbor2	chr6	78478766	78478907	LTR/ERVL-MaLR	1354	-	70	78478836	7192
chr6	78471644	78671644	harbor2	chr6	78480644	78480757	LTR/ERVL-MaLR	602	-	56	78480700	9056
chr6	78471644	78671644	harbor2	chr6	78494297	78494635	LTR/ERVL-MaLR	1393	-	169	78494466	22822
chr6	78471644	78671644	harbor2	chr6	78555258	78555622	LTR/ERVL-MaLR	1780	-	182	78555440	83796
chr6	78471644	78671644	harbor2	chr6	78555623	78557229	LTR/ERVL-MaLR	10678	-	803	78556426	84782
chr6	78471644	78671644	harbor2	chr6	78557234	78557614	LTR/ERVL-MaLR	1866	-	190	78557424	85780
chr6	78471644	78671644	harbor2	chr6	78568977	78569054	LTR/ERVL-MaLR	8808	-	38	78569015	97371
chr6	78471644	78671644	harbor2	chr6	78569354	78570925	LTR/ERVL-MaLR	8808	-	786	78570140	98496
chr6	78471644	78671644	harbor2	chr6	78478908	78480395	LTR/ERVL-MaLR	5508	-	744	78479652	8008
chr6	113261684	113461684	harbor2	chr6	113273479	113273899	LTR/ERVL-MaLR	2124	-	210	113273689	12005
chr6	113261684	113461684	harbor2	chr6	113277426	113277901	LTR/ERVL-MaLR	736	-	238	113277664	15980
chr6	113261684	113461684	harbor2	chr6	113286937	113287329	LTR/ERVL-MaLR	2082	-	196	113287133	25449
chr6	113261684	113461684	harbor2	chr6	113322208	113322758	LTR/ERVL-MaLR	911	-	275	113322483	60799
chr6	113261684	113461684	harbor2	chr6	113359114	113359474	LTR/ERVL-MaLR	2116	-	180	113359294	97610
chr6	162923589	163123589	harbor2	chr6	162933708	162933983	LTR/ERVL-MaLR	1905	-	138	162933846	10257
chr6	162923589	163123589	harbor2	chr6	162934290	162934449	LTR/ERVL-MaLR	1905	-	80	162934370	10781
chr6	162923589	163123589	harbor2	chr6	162935947	162936307	LTR/ERVL-MaLR	2103	-	180	162936127	12538
chr6	162923589	163123589	harbor2	chr6	162956450	162956894	LTR/ERVL-MaLR	1001	-	222	162956672	33083
chr6	162923589	163123589	harbor2	chr6	162960741	162961054	LTR/ERVL-MaLR	541	-	156	162960897	37308
chr6	162923589	163123589	harbor2	chr6	162965309	162965661	LTR/ERVL-MaLR	1800	-	176	162965485	41896
chr6	162923589	163123589	harbor2	chr6	163004296	163004683	LTR/ERVL-MaLR	2292	-	194	163004490	80901
chr6	131091366	131291366	harbor2	chr6	131108204	131108556	LTR/ERVL-MaLR	2619	-	176	131108380	17014
chr6	131091366	131291366	harbor2	chr6	131108913	131109197	LTR/ERVL-MaLR	785	-	142	131109055	17689
chr6	131091366	131291366	harbor2	chr6	131177206	131177659	LTR/ERVL-MaLR	1695	-	226	131177432	86066
chr6	131091366	131291366	harbor2	chr6	131186525	131186923	LTR/ERVL-MaLR	1945	-	199	131186724	95358
chr6	140810647	141010647	harbor2	chr6	140825718	140826101	LTR/ERVL-MaLR	2057	-	192	140825910	15263
chr6	140810647	141010647	harbor2	chr6	140842906	140843335	LTR/ERVL-MaLR	2347	-	214	140843120	32473
chr6	140810647	141010647	harbor2	chr6	140843440	140843829	LTR/ERVL-MaLR	1691	-	194	140843634	32987
chr6	140810647	141010647	harbor2	chr6	140885234	140885591	LTR/ERVL-MaLR	2163	-	178	140885412	74765
chr6	146555565	146755565	harbor2	chr6	146565611	146565986	LTR/ERVL-MaLR	2203	-	188	146565799	10234
chr6	146555565	146755565	harbor2	chr6	146582595	146582964	LTR/ERVL-MaLR	1402	-	184	146582779	27214
chr6	146555565	146755565	harbor2	chr6	146587098	146587233	LTR/ERVL-MaLR	414	-	68	146587166	31601
chr6	146555565	146755565	harbor2	chr6	146587234	146587379	LTR/ERVL-MaLR	584	-	72	146587306	31741
chr6	146555565	146755565	harbor2	chr6	146602517	146602656	LTR/ERVL-MaLR	1329	-	70	146602587	47022
chr6	146555565	146755565	harbor2	chr6	146602956	146603180	LTR/ERVL-MaLR	1329	-	112	146603068	47503
chr6	146555565	146755565	harbor2	chr6	146614677	146614907	LTR/ERVL-MaLR	2432	-	115	146614792	59227
chr6	146555565	146755565	harbor2	chr6	146615201	146615400	LTR/ERVL-MaLR	2432	-	100	146615301	59736
chr6	146555565	146755565	harbor2	chr6	146622176	146622409	LTR/ERVL-MaLR	960	-	116	146622292	66727
chr6	146555565	146755565	harbor2	chr6	146632040	146632552	LTR/ERVL-MaLR	1871	-	256	146632296	76731
chr6	146555565	146755565	harbor2	chr6	146648354	146648734	LTR/ERVL-MaLR	2037	-	190	146648544	92979
chr6	73313950	73513950	harbor2	chr6	73366202	73366251	LTR/ERVL-MaLR	406	-	24	73366226	52276
chr6	73313950	73513950	harbor2	chr6	73318361	73318718	LTR/ERVL-MaLR	2068	-	178	73318539	4589
chr6	154264818	154464818	harbor2	chr6	154306940	154307061	LTR/ERVL-MaLR	570	-	60	154307000	42182
chr6	154264818	154464818	harbor2	chr6	154307061	154307134	LTR/ERVL-MaLR	719	-	36	154307097	42279
chr6	154264818	154464818	harbor2	chr6	154307504	154307589	LTR/ERVL-MaLR	719	-	42	154307546	42728
chr6	154264818	154464818	harbor2	chr6	154346525	154346881	LTR/ERVL-MaLR	2276	-	178	154346703	81885
chr6	154264818	154464818	harbor2	chr6	154360427	154360817	LTR/ERVL-MaLR	2324	-	195	154360622	95804
chr6	135040120	135240120	harbor2	chr6	135049089	135049438	LTR/ERVL-MaLR	1841	-	174	135049263	9143
chr6	135040120	135240120	harbor2	chr6	135071078	135071398	LTR/ERVL-MaLR	1315	-	160	135071238	31118
chr6	128975435	129175435	harbor2	chr6	128979962	128980085	LTR/ERVL-MaLR	567	-	62	128980024	4589
chr6	128975435	129175435	harbor2	chr6	128989730	128990043	LTR/ERVL-MaLR	1419	-	156	128989886	14451
chr6	128975435	129175435	harbor2	chr6	129046260	129046623	LTR/ERVL-MaLR	2557	-	182	129046442	71007
chr6	128975435	129175435	harbor2	chr6	129068298	129068658	LTR/ERVL-MaLR	2145	-	180	129068478	93043
chr6	154031366	154231366	harbor2	chr6	154047780	154048126	LTR/ERVL-MaLR	1831	-	173	154047953	16587
chr6	154031366	154231366	harbor2	chr6	154094394	154094895	LTR/ERVL-MaLR	1701	-	250	154094644	63278
chr6	99309516	99509516	harbor2	chr6	99361395	99361765	LTR/ERVL-MaLR	1043	-	185	99361580	52064
chr6	138174642	138374642	harbor2	chr6	138253337	138253752	LTR/ERVL-MaLR	1834	-	208	138253545	78903
chr6	109200460	109400460	harbor2	chr6	109202092	109202445	LTR/ERVL-MaLR	2030	-	176	109202268	1808
chr6	109200460	109400460	harbor2	chr6	109205387	109205740	LTR/ERVL-MaLR	1747	-	176	109205563	5103
chr6	109200460	109400460	harbor2	chr6	109225168	109225648	LTR/ERVL-MaLR	1084	-	240	109225408	24948
chr6	109200460	109400460	harbor2	chr6	109238355	109238780	LTR/ERVL-MaLR	1729	-	212	109238567	38107
chr6	109200460	109400460	harbor2	chr6	109268045	109268125	LTR/ERVL-MaLR	1516	-	40	109268085	67625
chr6	109200460	109400460	harbor2	chr6	109269198	109269475	LTR/ERVL-MaLR	1516	-	138	109269336	68876
chr6	109200460	109400460	harbor2	chr6	109280919	109281301	LTR/ERVL-MaLR	1370	-	191	109281110	80650
chr6	141204771	141404771	harbor2	chr6	141220153	141220521	LTR/ERVL-MaLR	1740	-	184	141220337	15566
chr6	141204771	141404771	harbor2	chr6	141220524	141222125	LTR/ERVL-MaLR	10241	-	800	141221324	16553
chr6	141204771	141404771	harbor2	chr6	141222127	141222492	LTR/ERVL-MaLR	2094	-	182	141222309	17538
chr6	141204771	141404771	harbor2	chr6	141226153	141226526	LTR/ERVL-MaLR	2250	-	186	141226339	21568
chr6	141204771	141404771	harbor2	chr6	141226569	141226961	LTR/ERVL-MaLR	2093	-	196	141226765	21994
chr6	141204771	141404771	harbor2	chr6	141276308	141276496	LTR/ERVL-MaLR	738	-	94	141276402	71631
chr6	141204771	141404771	harbor2	chr6	141278261	141278474	LTR/ERVL-MaLR	751	-	106	141278367	73596
chr6	141204771	141404771	harbor2	chr6	141279024	141279230	LTR/ERVL-MaLR	851	-	103	141279127	74356
chr6	141204771	141404771	harbor2	chr6	141295731	141296131	LTR/ERVL-MaLR	2189	-	200	141295931	91160
chr6	141204771	141404771	harbor2	chr6	141297228	141297574	LTR/ERVL-MaLR	1029	-	173	141297401	92630
chr6	151078002	151278002	harbor2	chr6	151078389	151078842	LTR/ERVL-MaLR	1312	-	226	151078615	613
chr6	151078002	151278002	harbor2	chr6	151080622	151080893	LTR/ERVL-MaLR	1440	-	136	151080758	2756
chr6	151078002	151278002	harbor2	chr6	151093670	151093738	LTR/ERVL-MaLR	1461	-	34	151093704	15702
chr6	151078002	151278002	harbor2	chr6	151121811	151122376	LTR/ERVL-MaLR	1242	-	282	151122093	44091
chr6	151078002	151278002	harbor2	chr6	151135047	151135333	LTR/ERVL-MaLR	737	-	143	151135190	57188
chr6	151078002	151278002	harbor2	chr6	151146289	151146379	LTR/ERVL-MaLR	1448	-	45	151146334	68332
chr6	151078002	151278002	harbor2	chr6	151146675	151147032	LTR/ERVL-MaLR	1448	-	178	151146853	68851
chr6	151078002	151278002	harbor2	chr6	151148113	151148546	LTR/ERVL-MaLR	1388	-	216	151148329	70327
chr6	151078002	151278002	harbor2	chr6	151164489	151164681	LTR/ERVL-MaLR	543	-	96	151164585	86583
chr6	151078002	151278002	harbor2	chr6	151093017	151093405	LTR/ERVL-MaLR	1461	-	194	151093211	15209
chr6	163383938	163583938	harbor2	chr6	163399222	163399365	LTR/ERVL-MaLR	495	-	72	163399294	15356
chr6	163383938	163583938	harbor2	chr6	163473143	163473467	LTR/ERVL-MaLR	773	-	162	163473305	89367
chr6	160511069	160711069	harbor2	chr6	160548889	160549277	LTR/ERVL-MaLR	2367	-	194	160549083	38014
chr6	154991087	155191087	harbor2	chr6	155083880	155084075	LTR/ERVL-MaLR	541	-	98	155083978	92891
chr6	133797457	133997457	harbor2	chr6	133812650	133813037	LTR/ERVL-MaLR	2400	-	194	133812844	15387
chr6	133797457	133997457	harbor2	chr6	133818264	133818619	LTR/ERVL-MaLR	2178	-	178	133818442	20985
chr6	133797457	133997457	harbor2	chr6	133821322	133821787	LTR/ERVL-MaLR	824	-	232	133821554	24097
chr6	133797457	133997457	harbor2	chr6	133823435	133823813	LTR/ERVL-MaLR	1960	-	189	133823624	26167
chr6	133797457	133997457	harbor2	chr6	133839771	133840153	LTR/ERVL-MaLR	1206	-	191	133839962	42505
chr6	133797457	133997457	harbor2	chr6	133866057	133866416	LTR/ERVL-MaLR	2476	-	180	133866237	68780
chr6	133797457	133997457	harbor2	chr6	133866419	133866798	LTR/ERVL-MaLR	2248	-	190	133866609	69152
chr6	133797457	133997457	harbor2	chr6	133824443	133824819	LTR/ERVL-MaLR	660	-	188	133824631	27174
chr6	158748514	158948514	harbor2	chr6	158837165	158837572	LTR/ERVL-MaLR	1686	-	204	158837369	88855
chr6	158748514	158948514	harbor2	chr6	158846719	158846821	LTR/ERVL-MaLR	578	-	51	158846770	98256
chr6	158748514	158948514	harbor2	chr6	158846954	158847268	LTR/ERVL-MaLR	1060	-	157	158847111	98597
chr6	40351030	40551030	harbor2	chr6	40367656	40368028	LTR/ERVL-MaLR	2325	-	186	40367842	16812
chr6	40351030	40551030	harbor2	chr6	40369306	40369682	LTR/ERVL-MaLR	2539	-	188	40369494	18464
chr6	40351030	40551030	harbor2	chr6	40376832	40377307	LTR/ERVL-MaLR	2117	-	238	40377070	26040
chr6	40351030	40551030	harbor2	chr6	40408820	40409137	LTR/ERVL-MaLR	954	-	158	40408978	57948
chr6	54952777	55152777	harbor2	chr6	54981687	54982356	LTR/ERVL-MaLR	2244	-	334	54982021	29244
chr6	54952777	55152777	harbor2	chr6	54987044	54987467	LTR/ERVL-MaLR	2375	-	212	54987256	34479
chr6	54952777	55152777	harbor2	chr6	54989147	54989520	LTR/ERVL-MaLR	2531	-	186	54989333	36556
chr6	54952777	55152777	harbor2	chr6	55000067	55000275	LTR/ERVL-MaLR	1399	-	104	55000171	47394
chr6	54952777	55152777	harbor2	chr6	55000305	55000455	LTR/ERVL-MaLR	1399	-	75	55000380	47603
chr6	54952777	55152777	harbor2	chr6	55011108	55011474	LTR/ERVL-MaLR	1472	-	183	55011291	58514
chr6	54952777	55152777	harbor2	chr6	55038770	55038999	LTR/ERVL-MaLR	549	-	114	55038884	86107
chr6	54952777	55152777	harbor2	chr6	55039792	55039937	LTR/ERVL-MaLR	549	-	72	55039864	87087
chr6	158289474	158489474	harbor2	chr6	158310093	158310317	LTR/ERVL-MaLR	1361	-	112	158310205	20731
chr6	158289474	158489474	harbor2	chr6	158310550	158310731	LTR/ERVL-MaLR	1098	-	90	158310640	21166
chr6	158289474	158489474	harbor2	chr6	158315162	158315476	LTR/ERVL-MaLR	1523	-	157	158315319	25845
chr6	158289474	158489474	harbor2	chr6	158315623	158315982	LTR/ERVL-MaLR	2205	-	180	158315803	26329
chr6	158289474	158489474	harbor2	chr6	158316616	158316987	LTR/ERVL-MaLR	1794	-	186	158316802	27328
chr6	158289474	158489474	harbor2	chr6	158376146	158376669	LTR/ERVL-MaLR	722	-	262	158376408	86934
chr6	158289474	158489474	harbor2	chr6	158377826	158378319	LTR/ERVL-MaLR	1798	-	246	158378072	88598
chr6	96721693	96921693	harbor2	chr6	96726466	96726779	LTR/ERVL-MaLR	713	-	156	96726622	4929
chr6	96721693	96921693	harbor2	chr6	96755147	96755500	LTR/ERVL-MaLR	2281	-	176	96755323	33630
chr6	96721693	96921693	harbor2	chr6	96805131	96805493	LTR/ERVL-MaLR	1983	-	181	96805312	83619
chr6	120058674	120258674	harbor2	chr6	120059696	120060098	LTR/ERVL-MaLR	1995	-	201	120059897	1223
chr6	120058674	120258674	harbor2	chr6	120061403	120061610	LTR/ERVL-MaLR	2174	-	104	120061507	2833
chr6	120058674	120258674	harbor2	chr6	120106469	120106823	LTR/ERVL-MaLR	1445	-	177	120106646	47972
chr6	120058674	120258674	harbor2	chr6	120126339	120126633	LTR/ERVL-MaLR	1119	-	147	120126486	67812
chr6	120058674	120258674	harbor2	chr6	120139836	120140204	LTR/ERVL-MaLR	1072	-	184	120140020	81346
chr6	120058674	120258674	harbor2	chr6	120061917	120062077	LTR/ERVL-MaLR	2174	-	80	120061997	3323
chr6	159816175	160016175	harbor2	chr6	159823915	159824265	LTR/ERVL-MaLR	1576	-	175	159824090	7915
chr6	159816175	160016175	harbor2	chr6	159826539	159826960	LTR/ERVL-MaLR	2315	-	210	159826749	10574
chr6	159816175	160016175	harbor2	chr6	159827657	159827694	LTR/ERVL-MaLR	1812	-	18	159827675	11500
chr6	159816175	160016175	harbor2	chr6	159828002	159828329	LTR/ERVL-MaLR	1812	-	164	159828166	11991
chr6	159816175	160016175	harbor2	chr6	159829664	159830175	LTR/ERVL-MaLR	1797	-	256	159829920	13745
chr6	159816175	160016175	harbor2	chr6	159862586	159863073	LTR/ERVL-MaLR	1323	-	244	159862830	46655
chr6	159816175	160016175	harbor2	chr6	159879097	159879135	LTR/ERVL-MaLR	2313	-	19	159879116	62941
chr6	159816175	160016175	harbor2	chr6	159879446	159879678	LTR/ERVL-MaLR	2313	-	116	159879562	63387
chr6	159816175	160016175	harbor2	chr6	159879884	159880042	LTR/ERVL-MaLR	2313	-	79	159879963	63788
chr6	159816175	160016175	harbor2	chr6	159900909	159901302	LTR/ERVL-MaLR	1762	-	196	159901105	84930
chr6	104888556	105088556	harbor2	chr6	104926762	104926890	LTR/ERVL-MaLR	533	-	64	104926826	38270
chr6	104888556	105088556	harbor2	chr6	104927228	104927318	LTR/ERVL-MaLR	420	-	45	104927273	38717
chr6	104888556	105088556	harbor2	chr6	104927617	104927731	LTR/ERVL-MaLR	420	-	57	104927674	39118
chr6	104888556	105088556	harbor2	chr6	104927909	104928674	LTR/ERVL-MaLR	1827	-	382	104928291	39735
chr6	157056258	157256258	harbor2	chr6	157106245	157106533	LTR/ERVL-MaLR	763	-	144	157106389	50131
chr6	157056258	157256258	harbor2	chr6	157106550	157106691	LTR/ERVL-MaLR	641	-	70	157106620	50362
chr6	157056258	157256258	harbor2	chr6	157113342	157113732	LTR/ERVL-MaLR	2054	-	195	157113537	57279
chr6	81507147	81707147	harbor2	chr6	81535551	81535867	LTR/ERVL-MaLR	1619	-	158	81535709	28562
chr6	81507147	81707147	harbor2	chr6	81535868	81537469	LTR/ERVL-MaLR	11057	-	800	81536668	29521
chr6	81507147	81707147	harbor2	chr6	81537473	81537832	LTR/ERVL-MaLR	2103	-	180	81537653	30506
chr6	81507147	81707147	harbor2	chr6	81554591	81555085	LTR/ERVL-MaLR	752	-	247	81554838	47691
chr6	81507147	81707147	harbor2	chr6	81585684	81586037	LTR/ERVL-MaLR	2232	-	176	81585860	78713
chr6	81507147	81707147	harbor2	chr6	81586038	81586235	LTR/ERVL-MaLR	1417	-	98	81586136	78989
chr6	81507147	81707147	harbor2	chr6	81586219	81586618	LTR/ERVL-MaLR	2914	-	200	81586419	79272
chr6	81507147	81707147	harbor2	chr6	81586619	81586970	LTR/ERVL-MaLR	2100	-	176	81586795	79648
chr6	53214744	53414744	harbor2	chr6	53240518	53240827	LTR/ERVL-MaLR	2124	-	154	53240672	25928
chr6	53214744	53414744	harbor2	chr6	53241633	53241847	LTR/ERVL-MaLR	2124	-	107	53241740	26996
chr6	53214744	53414744	harbor2	chr6	53241926	53242042	LTR/ERVL-MaLR	437	-	58	53241984	27240
chr6	53214744	53414744	harbor2	chr6	53244210	53244561	LTR/ERVL-MaLR	839	-	176	53244386	29642
chr6	53214744	53414744	harbor2	chr6	53245844	53246016	LTR/ERVL-MaLR	856	-	86	53245930	31186
chr6	112807492	113007492	harbor2	chr6	112842534	112842981	LTR/ERVL-MaLR	2099	-	224	112842758	35266
chr6	112807492	113007492	harbor2	chr6	112846541	112846597	LTR/ERVL-MaLR	611	-	28	112846569	39077
chr6	112807492	113007492	harbor2	chr6	112846710	112847018	LTR/ERVL-MaLR	611	-	154	112846864	39372
chr6	112807492	113007492	harbor2	chr6	112848991	112849154	LTR/ERVL-MaLR	687	-	82	112849073	41581
chr6	112807492	113007492	harbor2	chr6	112849230	112849871	LTR/ERVL-MaLR	1533	-	320	112849550	42058
chr6	112807492	113007492	harbor2	chr6	112887493	112887726	LTR/ERVL-MaLR	2253	-	116	112887609	80117
chr6	112807492	113007492	harbor2	chr6	112888026	112888222	LTR/ERVL-MaLR	2253	-	98	112888124	80632
chr6	112807492	113007492	harbor2	chr6	112897233	112897388	LTR/ERVL-MaLR	2023	-	78	112897311	89819
chr6	112807492	113007492	harbor2	chr6	112897389	112897740	LTR/ERVL-MaLR	1626	-	176	112897565	90073
chr6	112807492	113007492	harbor2	chr6	112897741	112897971	LTR/ERVL-MaLR	2023	-	115	112897856	90364
chr6	138118626	138318626	harbor2	chr6	138128081	138128518	LTR/ERVL-MaLR	1681	-	218	138128299	9673
chr6	138118626	138318626	harbor2	chr6	138130146	138130532	LTR/ERVL-MaLR	2396	-	193	138130339	11713
chr6	138118626	138318626	harbor2	chr6	138130533	138130950	LTR/ERVL-MaLR	2707	-	208	138130741	12115
chr6	138118626	138318626	harbor2	chr6	138170794	138171168	LTR/ERVL-MaLR	1988	-	187	138170981	52355
chr6	164323621	164523621	harbor2	chr6	164365338	164365793	LTR/ERVL-MaLR	1750	-	228	164365566	41945
chr6	164323621	164523621	harbor2	chr6	164366086	164366246	LTR/ERVL-MaLR	893	-	80	164366166	42545
chr6	164323621	164523621	harbor2	chr6	164367951	164368395	LTR/ERVL-MaLR	618	-	222	164368173	44552
chr6	167436237	167636237	harbor2	chr6	167438440	167438909	LTR/ERVL-MaLR	1043	-	234	167438674	2437
chr6	167436237	167636237	harbor2	chr6	167451581	167451946	LTR/ERVL-MaLR	1395	-	182	167451763	15526
chr6	167436237	167636237	harbor2	chr6	167462887	167463377	LTR/ERVL-MaLR	989	-	245	167463132	26895
chr6	167436237	167636237	harbor2	chr6	167472471	167472650	LTR/ERVL-MaLR	1619	-	90	167472561	36324
chr6	167436237	167636237	harbor2	chr6	167472651	167472987	LTR/ERVL-MaLR	2080	-	168	167472819	36582
chr6	167436237	167636237	harbor2	chr6	167472988	167473171	LTR/ERVL-MaLR	1619	-	92	167473080	36843
chr6	167436237	167636237	harbor2	chr6	167477854	167477963	LTR/ERVL-MaLR	426	-	54	167477908	41671
chr6	167436237	167636237	harbor2	chr6	167491103	167491510	LTR/ERVL-MaLR	1384	-	204	167491307	55070
chr6	150052694	150252694	harbor2	chr6	150059542	150059655	LTR/ERVL-MaLR	475	-	56	150059598	6904
chr6	150052694	150252694	harbor2	chr6	150089580	150089943	LTR/ERVL-MaLR	1461	-	182	150089762	37068
chr6	150052694	150252694	harbor2	chr6	150124266	150124631	LTR/ERVL-MaLR	2009	-	182	150124448	71754
chr6	150052694	150252694	harbor2	chr6	150129223	150129263	LTR/ERVL-MaLR	1996	-	20	150129243	76549
chr6	150052694	150252694	harbor2	chr6	150129551	150129878	LTR/ERVL-MaLR	1996	-	164	150129715	77021
chr6	150052694	150252694	harbor2	chr6	150130596	150130760	LTR/ERVL-MaLR	685	-	82	150130678	77984
chr6	150052694	150252694	harbor2	chr6	150136123	150136471	LTR/ERVL-MaLR	1494	-	174	150136297	83603
chr6	142190375	142390375	harbor2	chr6	142212581	142212941	LTR/ERVL-MaLR	1689	-	180	142212761	22386
chr6	142190375	142390375	harbor2	chr6	142214383	142214594	LTR/ERVL-MaLR	944	-	106	142214489	24114
chr6	142190375	142390375	harbor2	chr6	142227226	142227511	LTR/ERVL-MaLR	1710	-	142	142227368	36993
chr6	142190375	142390375	harbor2	chr6	142237851	142238081	LTR/ERVL-MaLR	507	-	115	142237966	47591
chr6	142190375	142390375	harbor2	chr6	142277274	142277628	LTR/ERVL-MaLR	1587	-	177	142277451	87076
chr6	142190375	142390375	harbor2	chr6	142278107	142278483	LTR/ERVL-MaLR	2561	-	188	142278295	87920
chr6	142190375	142390375	harbor2	chr6	142212942	142214389	LTR/ERVL-MaLR	9514	-	724	142213666	23291
chr6	160064466	160264466	harbor2	chr6	160115311	160115465	LTR/ERVL-MaLR	938	-	77	160115388	50922
chr6	160064466	160264466	harbor2	chr6	160117339	160117799	LTR/ERVL-MaLR	500	-	230	160117569	53103
chr6	145395459	145595459	harbor2	chr6	145408686	145409003	LTR/ERVL-MaLR	1555	-	158	145408844	13385
chr6	145395459	145595459	harbor2	chr6	145409581	145410097	LTR/ERVL-MaLR	1247	-	258	145409839	14380
chr6	145395459	145595459	harbor2	chr6	145420689	145421067	LTR/ERVL-MaLR	1623	-	189	145420878	25419
chr6	145395459	145595459	harbor2	chr6	145440074	145440422	LTR/ERVL-MaLR	1796	-	174	145440248	44789
chr6	145395459	145595459	harbor2	chr6	145441890	145442314	LTR/ERVL-MaLR	11606	-	212	145442102	46643
chr6	145395459	145595459	harbor2	chr6	145442316	145442669	LTR/ERVL-MaLR	1732	-	176	145442492	47033
chr6	145395459	145595459	harbor2	chr6	145468995	145469373	LTR/ERVL-MaLR	2588	-	189	145469184	73725
chr6	145395459	145595459	harbor2	chr6	145480127	145480473	LTR/ERVL-MaLR	1233	-	173	145480300	84841
chr6	145395459	145595459	harbor2	chr6	145485695	145486051	LTR/ERVL-MaLR	2240	-	178	145485873	90414
chr6	145395459	145595459	harbor2	chr6	145440430	145441583	LTR/ERVL-MaLR	11606	-	576	145441006	45547
chr6	133063806	133263806	harbor2	chr6	133077668	133078158	LTR/ERVL-MaLR	930	-	245	133077913	14107
chr6	133063806	133263806	harbor2	chr6	133092726	133093081	LTR/ERVL-MaLR	2274	-	178	133092904	29098
chr6	133063806	133263806	harbor2	chr6	133093385	133093538	LTR/ERVL-MaLR	2274	-	76	133093461	29655
chr6	133063806	133263806	harbor2	chr6	133112681	133113008	LTR/ERVL-MaLR	432	-	164	133112845	49039
chr6	46453536	46653536	harbor2	chr6	46528030	46528439	LTR/ERVL-MaLR	1479	-	204	46528234	74698
chr6	123604277	123804277	harbor2	chr6	123618143	123618604	LTR/ERVL-MaLR	1683	-	230	123618373	14096
chr6	123604277	123804277	harbor2	chr6	123619165	123619714	LTR/ERVL-MaLR	2099	-	274	123619439	15162
chr6	123604277	123804277	harbor2	chr6	123642942	123643185	LTR/ERVL-MaLR	463	-	122	123643064	38787
chr6	123604277	123804277	harbor2	chr6	123647166	123647525	LTR/ERVL-MaLR	2351	-	180	123647346	43069
chr6	123604277	123804277	harbor2	chr6	123647951	123648282	LTR/ERVL-MaLR	1504	-	166	123648117	43840
chr6	123604277	123804277	harbor2	chr6	123673439	123673897	LTR/ERVL-MaLR	1930	-	229	123673668	69391
chr6	123604277	123804277	harbor2	chr6	123673898	123674262	LTR/ERVL-MaLR	1983	-	182	123674080	69803
chr6	123604277	123804277	harbor2	chr6	123674263	123675843	LTR/ERVL-MaLR	11703	-	790	123675053	70776
chr6	123604277	123804277	harbor2	chr6	123675847	123676210	LTR/ERVL-MaLR	2053	-	182	123676029	71752
chr6	123604277	123804277	harbor2	chr6	123679387	123679792	LTR/ERVL-MaLR	880	-	202	123679589	75312
chr6	123604277	123804277	harbor2	chr6	123703119	123703511	LTR/ERVL-MaLR	1989	-	196	123703315	99038
chr6	123604277	123804277	harbor2	chr6	123666072	123666435	LTR/ERVL-MaLR	2566	-	182	123666254	61977
chr6	167655624	167855624	harbor2	chr6	167674896	167675265	LTR/ERVL-MaLR	2762	-	184	167675080	19456
chr6	167655624	167855624	harbor2	chr6	167684309	167684690	LTR/ERVL-MaLR	2409	-	190	167684499	28875
chr6	167655624	167855624	harbor2	chr6	167752265	167752618	LTR/ERVL-MaLR	2505	-	176	167752441	96817
chr6	167655624	167855624	harbor2	chr6	167752619	167754202	LTR/ERVL-MaLR	12273	-	792	167753411	97787
chr6	167655624	167855624	harbor2	chr6	167754203	167754547	LTR/ERVL-MaLR	2663	-	172	167754375	98751
chr6	163561697	163761697	harbor2	chr6	163579125	163579549	LTR/ERVL-MaLR	1385	-	212	163579337	17640
chr6	163561697	163761697	harbor2	chr6	163594865	163595245	LTR/ERVL-MaLR	781	-	190	163595055	33358
chr6	163561697	163761697	harbor2	chr6	163601462	163601935	LTR/ERVL-MaLR	1811	-	236	163601698	40001
chr6	163561697	163761697	harbor2	chr6	163619527	163619902	LTR/ERVL-MaLR	1790	-	188	163619715	58018
chr6	163561697	163761697	harbor2	chr6	163626339	163626463	LTR/ERVL-MaLR	835	-	62	163626401	64704
chr6	163561697	163761697	harbor2	chr6	163633074	163633380	LTR/ERVL-MaLR	2280	-	153	163633227	71530
chr6	163561697	163761697	harbor2	chr6	163633742	163633971	LTR/ERVL-MaLR	2280	-	114	163633856	72159
chr6	163561697	163761697	harbor2	chr6	163643772	163644191	LTR/ERVL-MaLR	1038	-	210	163643982	82285
chr6	163561697	163761697	harbor2	chr6	163644348	163644630	LTR/ERVL-MaLR	776	-	141	163644489	82792
chr6	163561697	163761697	harbor2	chr6	163659879	163660319	LTR/ERVL-MaLR	832	-	220	163660099	98402
chr6	163561697	163761697	harbor2	chr6	163660488	163661129	LTR/ERVL-MaLR	1511	-	320	163660808	99111
chr6	105165346	105365346	harbor2	chr6	105210280	105210662	LTR/ERVL-MaLR	553	-	191	105210471	45125
chr6	105165346	105365346	harbor2	chr6	105226475	105226747	LTR/ERVL-MaLR	561	-	136	105226611	61265
chr6	144464360	144664360	harbor2	chr6	144530109	144530476	LTR/ERVL-MaLR	1599	-	184	144530293	65933
chr6	144464360	144664360	harbor2	chr6	144532261	144532621	LTR/ERVL-MaLR	2541	-	180	144532441	68081
chr6	144464360	144664360	harbor2	chr6	144555211	144555434	LTR/ERVL-MaLR	1629	-	112	144555323	90963
chr6	144464360	144664360	harbor2	chr6	144555693	144555848	LTR/ERVL-MaLR	1629	-	78	144555771	91411
chr6	160396511	160596511	harbor2	chr6	160414499	160414870	LTR/ERVL-MaLR	2816	-	186	160414685	18174
chr6	160396511	160596511	harbor2	chr6	160438705	160439055	LTR/ERVL-MaLR	675	-	175	160438880	42369
chr6	160396511	160596511	harbor2	chr6	160446337	160446687	LTR/ERVL-MaLR	2084	-	175	160446512	50001
chr6	160396511	160596511	harbor2	chr6	160468291	160468679	LTR/ERVL-MaLR	2313	-	194	160468485	71974
chr6	160396511	160596511	harbor2	chr6	160431809	160432292	LTR/ERVL-MaLR	543	-	242	160432051	35540
chr6	158267681	158467681	harbor2	chr6	158268432	158268574	LTR/ERVL-MaLR	896	-	71	158268503	822
chr6	158267681	158467681	harbor2	chr6	158268573	158268673	LTR/ERVL-MaLR	696	-	50	158268623	942
chr6	158267681	158467681	harbor2	chr6	158310093	158310317	LTR/ERVL-MaLR	1361	-	112	158310205	42524
chr6	158267681	158467681	harbor2	chr6	158310550	158310731	LTR/ERVL-MaLR	1098	-	90	158310640	42959
chr6	158267681	158467681	harbor2	chr6	158315162	158315476	LTR/ERVL-MaLR	1523	-	157	158315319	47638
chr6	158267681	158467681	harbor2	chr6	158315623	158315982	LTR/ERVL-MaLR	2205	-	180	158315803	48122
chr6	158267681	158467681	harbor2	chr6	158316616	158316987	LTR/ERVL-MaLR	1794	-	186	158316802	49121
chr6	109809641	110009641	harbor2	chr6	109809767	109810196	LTR/ERVL-MaLR	937	-	214	109809981	340
chr6	109809641	110009641	harbor2	chr6	109819055	109819329	LTR/ERVL-MaLR	850	-	137	109819192	9551
chr6	109809641	110009641	harbor2	chr6	109897031	109897207	LTR/ERVL-MaLR	711	-	88	109897119	87478
chr6	123724269	123924269	harbor2	chr6	123731145	123731375	LTR/ERVL-MaLR	1040	-	115	123731260	6991
chr6	123724269	123924269	harbor2	chr6	123755451	123755845	LTR/ERVL-MaLR	1875	-	197	123755648	31379
chr6	123724269	123924269	harbor2	chr6	123760339	123760380	LTR/ERVL-MaLR	2158	-	20	123760359	36090
chr6	123724269	123924269	harbor2	chr6	123760692	123761033	LTR/ERVL-MaLR	2158	-	170	123760862	36593
chr6	123724269	123924269	harbor2	chr6	123787091	123787248	LTR/ERVL-MaLR	923	-	78	123787169	62900
chr6	123724269	123924269	harbor2	chr6	123792876	123793351	LTR/ERVL-MaLR	1407	-	238	123793114	68845
chr6	163221141	163421141	harbor2	chr6	163227074	163227471	LTR/ERVL-MaLR	1878	-	198	163227272	6131
chr6	163221141	163421141	harbor2	chr6	163236724	163237105	LTR/ERVL-MaLR	2365	-	190	163236914	15773
chr6	163221141	163421141	harbor2	chr6	163256780	163257233	LTR/ERVL-MaLR	1472	-	226	163257006	35865
chr6	163221141	163421141	harbor2	chr6	163280529	163280914	LTR/ERVL-MaLR	1312	-	192	163280721	59580
chr6	132759691	132959691	harbor2	chr6	132779724	132780080	LTR/ERVL-MaLR	2349	-	178	132779902	20211
chr6	132759691	132959691	harbor2	chr6	132801556	132802010	LTR/ERVL-MaLR	1537	-	227	132801783	42092
chr6	132759691	132959691	harbor2	chr6	132802688	132803027	LTR/ERVL-MaLR	508	-	170	132802858	43167
chr6	125733260	125933260	harbor2	chr6	125801496	125801930	LTR/ERVL-MaLR	1572	-	217	125801713	68453
chr6	125733260	125933260	harbor2	chr6	125826727	125826915	LTR/ERVL-MaLR	1992	-	94	125826821	93561
chr6	125733260	125933260	harbor2	chr6	125827217	125827429	LTR/ERVL-MaLR	1992	-	106	125827323	94063
chr6	71937132	72137132	harbor2	chr6	71937152	71937272	LTR/ERVL-MaLR	975	-	60	71937212	80
chr6	71937132	72137132	harbor2	chr6	71937553	71937816	LTR/ERVL-MaLR	975	-	132	71937685	553
chr6	71937132	72137132	harbor2	chr6	71937819	71939472	LTR/ERVL-MaLR	6419	-	826	71938645	1513
chr6	71937132	72137132	harbor2	chr6	71939477	71939830	LTR/ERVL-MaLR	1269	-	176	71939653	2521
chr6	71937132	72137132	harbor2	chr6	71952945	71952976	LTR/ERVL-MaLR	425	-	16	71952961	15829
chr6	71937132	72137132	harbor2	chr6	71953289	71953392	LTR/ERVL-MaLR	425	-	52	71953341	16209
chr6	71937132	72137132	harbor2	chr6	71971559	71971901	LTR/ERVL-MaLR	2160	-	171	71971730	34598
chr6	71937132	72137132	harbor2	chr6	71987216	71987579	LTR/ERVL-MaLR	1483	-	182	71987398	50266
chr6	71937132	72137132	harbor2	chr6	71995565	71995796	LTR/ERVL-MaLR	708	-	116	71995681	58549
chr6	71937132	72137132	harbor2	chr6	71996078	71996241	LTR/ERVL-MaLR	708	-	82	71996160	59028
chr6	71937132	72137132	harbor2	chr6	72005912	72006283	LTR/ERVL-MaLR	1405	-	186	72006098	68966
chr6	71937132	72137132	harbor2	chr6	72014017	72014384	LTR/ERVL-MaLR	2552	-	184	72014201	77069
chr6	71937132	72137132	harbor2	chr6	72021590	72022073	LTR/ERVL-MaLR	908	-	242	72021832	84700
chr6	71937132	72137132	harbor2	chr6	72025649	72026183	LTR/ERVL-MaLR	1861	-	267	72025916	88784
chr6	44714436	44914436	harbor2	chr6	44795345	44795519	LTR/ERVL-MaLR	555	-	87	44795432	80996
chr6	44714436	44914436	harbor2	chr6	44795572	44795734	LTR/ERVL-MaLR	931	-	81	44795653	81217
chr6	44714436	44914436	harbor2	chr6	44812082	44812620	LTR/ERVL-MaLR	1962	-	269	44812351	97915
chr6	61443781	61643781	harbor2	chr6	61525396	61525782	LTR/ERVL-MaLR	1082	-	193	61525589	81808
chr6	61443781	61643781	harbor2	chr6	61540381	61540641	LTR/ERVL-MaLR	660	-	130	61540511	96730
chr6	168029120	168229120	harbor2	chr6	168092888	168093246	LTR/ERVL-MaLR	2538	-	179	168093067	63947
chr6	168029120	168229120	harbor2	chr6	168108632	168109076	LTR/ERVL-MaLR	1643	-	222	168108854	79734
chr6	98349827	98549827	harbor2	chr6	98359703	98359854	LTR/ERVL-MaLR	478	-	76	98359779	9952
chr6	98349827	98549827	harbor2	chr6	98360323	98360872	LTR/ERVL-MaLR	846	-	274	98360597	10770
chr6	98349827	98549827	harbor2	chr6	98409784	98410143	LTR/ERVL-MaLR	1719	-	180	98409964	60137
chr6	98349827	98549827	harbor2	chr6	98433192	98433519	LTR/ERVL-MaLR	695	-	164	98433356	83529
chr6	98349827	98549827	harbor2	chr6	98436898	98437251	LTR/ERVL-MaLR	2748	-	176	98437074	87247
chr6	50335995	50535995	harbor2	chr6	50418287	50418665	LTR/ERVL-MaLR	1909	-	189	50418476	82481
chr6	50335995	50535995	harbor2	chr6	50428585	50428961	LTR/ERVL-MaLR	1229	-	188	50428773	92778
chr6	156748774	156948774	harbor2	chr6	156769857	156769983	LTR/ERVL-MaLR	418	-	63	156769920	21146
chr6	156748774	156948774	harbor2	chr6	156804421	156804779	LTR/ERVL-MaLR	2278	-	179	156804600	55826
chr6	156748774	156948774	harbor2	chr6	156811427	156811825	LTR/ERVL-MaLR	1170	-	199	156811626	62852
chr6	156748774	156948774	harbor2	chr6	156839144	156839498	LTR/ERVL-MaLR	1175	-	177	156839321	90547
chr6	156748774	156948774	harbor2	chr6	156810851	156811388	LTR/ERVL-MaLR	1579	-	268	156811119	62345
chr6	170632755	170832755	harbor2	chr6	170679756	170679774	LTR/ERVL-MaLR	2262	-	9	170679765	47010
chr6	170632755	170832755	harbor2	chr6	170679813	170680063	LTR/ERVL-MaLR	2262	-	125	170679938	47183
chr6	170632755	170832755	harbor2	chr6	170680356	170680504	LTR/ERVL-MaLR	2262	-	74	170680430	47675
chr6	170632755	170832755	harbor2	chr6	170685922	170686205	LTR/ERVL-MaLR	649	-	142	170686064	53309
chr6	170632755	170832755	harbor2	chr6	170697322	170697385	LTR/ERVL-MaLR	596	-	32	170697354	64599
chr6	170632755	170832755	harbor2	chr6	170697708	170697753	LTR/ERVL-MaLR	596	-	22	170697730	64975
chr6	170632755	170832755	harbor2	chr6	170703320	170703782	LTR/ERVL-MaLR	1767	-	231	170703551	70796
chr6	170632755	170832755	harbor2	chr6	170707418	170707589	LTR/ERVL-MaLR	494	-	86	170707504	74749
chr7	143347054	143547054	harbor2	chr7	143420682	143421040	LTR/ERVL-MaLR	2483	-	179	143420861	73807
chr7	143347054	143547054	harbor2	chr7	143439333	143439683	LTR/ERVL-MaLR	1526	-	175	143439508	92454
chr7	34074399	34274399	harbor2	chr7	34101958	34102378	LTR/ERVL-MaLR	526	-	210	34102168	27769
chr7	81272803	81472803	harbor2	chr7	81289960	81290343	LTR/ERVL-MaLR	1915	-	192	81290152	17349
chr7	81272803	81472803	harbor2	chr7	81290694	81290870	LTR/ERVL-MaLR	555	-	88	81290782	17979
chr7	81272803	81472803	harbor2	chr7	81292818	81293366	LTR/ERVL-MaLR	1000	-	274	81293092	20289
chr7	81272803	81472803	harbor2	chr7	81297508	81297894	LTR/ERVL-MaLR	882	-	193	81297701	24898
chr7	81272803	81472803	harbor2	chr7	81320038	81320523	LTR/ERVL-MaLR	1574	-	242	81320280	47477
chr7	81272803	81472803	harbor2	chr7	81336133	81336491	LTR/ERVL-MaLR	2377	-	179	81336312	63509
chr7	84310437	84510437	harbor2	chr7	84321568	84321603	LTR/ERVL-MaLR	1845	-	18	84321586	11149
chr7	84310437	84510437	harbor2	chr7	84321903	84322256	LTR/ERVL-MaLR	1845	-	176	84322079	11642
chr7	84310437	84510437	harbor2	chr7	84380583	84381075	LTR/ERVL-MaLR	1393	-	246	84380829	70392
chr7	84310437	84510437	harbor2	chr7	84384892	84385064	LTR/ERVL-MaLR	906	-	86	84384978	74541
chr7	84310437	84510437	harbor2	chr7	84385103	84385437	LTR/ERVL-MaLR	906	-	167	84385270	74833
chr7	84310437	84510437	harbor2	chr7	84385783	84386102	LTR/ERVL-MaLR	592	-	160	84385943	75506
chr7	138641220	138841220	harbor2	chr7	138676276	138676613	LTR/ERVL-MaLR	1387	-	168	138676444	35224
chr7	80303039	80503039	harbor2	chr7	80309314	80309722	LTR/ERVL-MaLR	2172	-	204	80309518	6479
chr7	80303039	80503039	harbor2	chr7	80391410	80391776	LTR/ERVL-MaLR	2063	-	183	80391593	88554
chr7	141088105	141288105	harbor2	chr7	141104595	141104961	LTR/ERVL-MaLR	2026	-	183	141104778	16673
chr7	141088105	141288105	harbor2	chr7	141108819	141109182	LTR/ERVL-MaLR	2190	-	182	141109001	20896
chr7	141088105	141288105	harbor2	chr7	141111060	141111414	LTR/ERVL-MaLR	2507	-	177	141111237	23132
chr7	141088105	141288105	harbor2	chr7	141156950	141157290	LTR/ERVL-MaLR	483	-	170	141157120	69015
chr7	141088105	141288105	harbor2	chr7	141162995	141163482	LTR/ERVL-MaLR	1056	-	244	141163239	75134
chr7	141088105	141288105	harbor2	chr7	141164650	141164987	LTR/ERVL-MaLR	787	-	168	141164818	76713
chr7	141088105	141288105	harbor2	chr7	141165945	141166120	LTR/ERVL-MaLR	462	-	88	141166033	77928
chr7	141088105	141288105	harbor2	chr7	141147942	141148384	LTR/ERVL-MaLR	2361	-	221	141148163	60058
chr7	130462702	130662702	harbor2	chr7	130515143	130515533	LTR/ERVL-MaLR	2310	-	195	130515338	52636
chr7	154865854	155065854	harbor2	chr7	154888726	154889096	LTR/ERVL-MaLR	2339	-	185	154888911	23057
chr7	154865854	155065854	harbor2	chr7	154896660	154897041	LTR/ERVL-MaLR	1279	-	190	154896850	30996
chr7	154865854	155065854	harbor2	chr7	154905867	154906266	LTR/ERVL-MaLR	832	-	200	154906067	40213
chr7	154865854	155065854	harbor2	chr7	154914780	154915095	LTR/ERVL-MaLR	1111	-	158	154914938	49084
chr7	154865854	155065854	harbor2	chr7	154919726	154920147	LTR/ERVL-MaLR	2256	-	210	154919936	54082
chr7	154865854	155065854	harbor2	chr7	154933458	154933824	LTR/ERVL-MaLR	2543	-	183	154933641	67787
chr7	154865854	155065854	harbor2	chr7	154933831	154935462	LTR/ERVL-MaLR	9262	-	816	154934647	68793
chr7	154865854	155065854	harbor2	chr7	154935465	154935838	LTR/ERVL-MaLR	2262	-	186	154935651	69797
chr7	154865854	155065854	harbor2	chr7	154939970	154940378	LTR/ERVL-MaLR	998	-	204	154940174	74320
chr7	154865854	155065854	harbor2	chr7	154940719	154940759	LTR/ERVL-MaLR	998	-	20	154940739	74885
chr7	134833240	135033240	harbor2	chr7	134844623	134845013	LTR/ERVL-MaLR	1906	-	195	134844818	11578
chr7	134833240	135033240	harbor2	chr7	134851520	134851907	LTR/ERVL-MaLR	622	-	194	134851714	18474
chr7	134833240	135033240	harbor2	chr7	134862798	134863159	LTR/ERVL-MaLR	1196	-	180	134862978	29738
chr7	134833240	135033240	harbor2	chr7	134901541	134902003	LTR/ERVL-MaLR	1442	-	231	134901772	68532
chr7	134833240	135033240	harbor2	chr7	134902827	134902919	LTR/ERVL-MaLR	1675	-	46	134902873	69633
chr7	134833240	135033240	harbor2	chr7	134903478	134903872	LTR/ERVL-MaLR	1675	-	197	134903675	70435
chr7	134833240	135033240	harbor2	chr7	134925432	134925790	LTR/ERVL-MaLR	1841	-	179	134925611	92371
chr7	134833240	135033240	harbor2	chr7	134889105	134889537	LTR/ERVL-MaLR	1617	-	216	134889321	56081
chr7	145365013	145565013	harbor2	chr7	145370004	145370338	LTR/ERVL-MaLR	909	-	167	145370171	5158
chr7	145365013	145565013	harbor2	chr7	145370590	145370739	LTR/ERVL-MaLR	629	-	74	145370664	5651
chr7	145365013	145565013	harbor2	chr7	145377332	145377745	LTR/ERVL-MaLR	2351	-	206	145377538	12525
chr7	145365013	145565013	harbor2	chr7	145380392	145380771	LTR/ERVL-MaLR	2256	-	190	145380582	15569
chr7	145365013	145565013	harbor2	chr7	145396867	145397244	LTR/ERVL-MaLR	2483	-	188	145397055	32042
chr7	145365013	145565013	harbor2	chr7	145411730	145412091	LTR/ERVL-MaLR	2388	-	180	145411910	46897
chr7	145365013	145565013	harbor2	chr7	145429858	145430215	LTR/ERVL-MaLR	2091	-	178	145430036	65023
chr7	145365013	145565013	harbor2	chr7	145443956	145444172	LTR/ERVL-MaLR	1677	-	108	145444064	79051
chr7	145365013	145565013	harbor2	chr7	145444485	145444638	LTR/ERVL-MaLR	1677	-	76	145444561	79548
chr7	153923444	154123444	harbor2	chr7	153928083	153928199	LTR/ERVL-MaLR	1662	-	58	153928141	4697
chr7	153923444	154123444	harbor2	chr7	153928538	153928767	LTR/ERVL-MaLR	1662	-	114	153928652	5208
chr7	153923444	154123444	harbor2	chr7	153947207	153947399	LTR/ERVL-MaLR	521	-	96	153947303	23859
chr7	153923444	154123444	harbor2	chr7	153947970	153948162	LTR/ERVL-MaLR	921	-	96	153948066	24622
chr7	153923444	154123444	harbor2	chr7	153991858	153992193	LTR/ERVL-MaLR	1464	-	168	153992026	68582
chr7	153923444	154123444	harbor2	chr7	154003513	154004015	LTR/ERVL-MaLR	507	-	251	154003764	80320
chr7	154231077	154431077	harbor2	chr7	154247909	154248268	LTR/ERVL-MaLR	1853	-	180	154248089	17012
chr7	154231077	154431077	harbor2	chr7	154253741	154254128	LTR/ERVL-MaLR	1571	-	194	154253935	22858
chr7	154231077	154431077	harbor2	chr7	154268262	154268613	LTR/ERVL-MaLR	1722	-	176	154268438	37361
chr7	154231077	154431077	harbor2	chr7	154297594	154297795	LTR/ERVL-MaLR	597	-	100	154297694	66617
chr7	125789340	125989340	harbor2	chr7	125810121	125810481	LTR/ERVL-MaLR	1912	-	180	125810301	20961
chr7	125789340	125989340	harbor2	chr7	125829151	125830022	LTR/ERVL-MaLR	5031	-	436	125829587	40247
chr7	125789340	125989340	harbor2	chr7	125830026	125830368	LTR/ERVL-MaLR	2122	-	171	125830197	40857
chr7	125789340	125989340	harbor2	chr7	125857138	125857205	LTR/ERVL-MaLR	601	-	34	125857172	67832
chr7	125789340	125989340	harbor2	chr7	125857500	125857699	LTR/ERVL-MaLR	601	-	100	125857600	68260
chr7	125789340	125989340	harbor2	chr7	125857750	125857915	LTR/ERVL-MaLR	601	-	82	125857832	68492
chr7	125789340	125989340	harbor2	chr7	125869912	125870287	LTR/ERVL-MaLR	1790	-	188	125870100	80760
chr7	148575030	148775030	harbor2	chr7	148579310	148579672	LTR/ERVL-MaLR	2430	-	181	148579491	4461
chr7	148575030	148775030	harbor2	chr7	148585258	148585825	LTR/ERVL-MaLR	982	-	284	148585542	10512
chr7	148575030	148775030	harbor2	chr7	148596392	148596757	LTR/ERVL-MaLR	2070	-	182	148596574	21544
chr7	148575030	148775030	harbor2	chr7	148616228	148616611	LTR/ERVL-MaLR	1999	-	192	148616420	41390
chr7	148575030	148775030	harbor2	chr7	148616612	148616916	LTR/ERVL-MaLR	1806	-	152	148616764	41734
chr7	148575030	148775030	harbor2	chr7	148618173	148618542	LTR/ERVL-MaLR	2591	-	184	148618357	43327
chr7	148575030	148775030	harbor2	chr7	148639097	148639453	LTR/ERVL-MaLR	2893	-	178	148639275	64245
chr7	148575030	148775030	harbor2	chr7	148639794	148640188	LTR/ERVL-MaLR	2269	-	197	148639991	64961
chr7	148575030	148775030	harbor2	chr7	148656492	148656723	LTR/ERVL-MaLR	606	-	116	148656608	81578
chr7	148575030	148775030	harbor2	chr7	148671715	148671936	LTR/ERVL-MaLR	1358	-	110	148671825	96795
chr7	148575030	148775030	harbor2	chr7	148672301	148672566	LTR/ERVL-MaLR	950	-	132	148672433	97403
chr7	68075046	68275046	harbor2	chr7	68077241	68077487	LTR/ERVL-MaLR	2172	-	123	68077364	2318
chr7	68075046	68275046	harbor2	chr7	68077791	68077933	LTR/ERVL-MaLR	2172	-	71	68077862	2816
chr7	68075046	68275046	harbor2	chr7	68081122	68081341	LTR/ERVL-MaLR	2341	-	110	68081232	6186
chr7	68075046	68275046	harbor2	chr7	68081649	68081846	LTR/ERVL-MaLR	2341	-	98	68081747	6701
chr7	68075046	68275046	harbor2	chr7	68086444	68087015	LTR/ERVL-MaLR	2193	-	286	68086730	11684
chr7	68075046	68275046	harbor2	chr7	68092305	68092386	LTR/ERVL-MaLR	1733	-	40	68092345	17299
chr7	68075046	68275046	harbor2	chr7	68109735	68110096	LTR/ERVL-MaLR	2273	-	180	68109915	34869
chr7	68075046	68275046	harbor2	chr7	68111302	68111470	LTR/ERVL-MaLR	2016	-	84	68111386	36340
chr7	68075046	68275046	harbor2	chr7	68112009	68112160	LTR/ERVL-MaLR	2045	-	76	68112085	37039
chr7	68075046	68275046	harbor2	chr7	68112459	68112669	LTR/ERVL-MaLR	2045	-	105	68112564	37518
chr7	68075046	68275046	harbor2	chr7	68127648	68128013	LTR/ERVL-MaLR	2922	-	182	68127830	52784
chr7	68075046	68275046	harbor2	chr7	68130100	68130173	LTR/ERVL-MaLR	539	-	36	68130136	55090
chr7	68075046	68275046	harbor2	chr7	68141923	68142284	LTR/ERVL-MaLR	697	-	180	68142103	67057
chr7	68075046	68275046	harbor2	chr7	68142589	68142752	LTR/ERVL-MaLR	548	-	82	68142671	67625
chr7	68075046	68275046	harbor2	chr7	68142752	68143020	LTR/ERVL-MaLR	471	-	134	68142886	67840
chr7	68075046	68275046	harbor2	chr7	68143045	68143290	LTR/ERVL-MaLR	1815	-	122	68143167	68121
chr7	68075046	68275046	harbor2	chr7	68144054	68144298	LTR/ERVL-MaLR	1815	-	122	68144176	69130
chr7	68075046	68275046	harbor2	chr7	68159493	68159852	LTR/ERVL-MaLR	1972	-	180	68159673	84627
chr7	68075046	68275046	harbor2	chr7	68091629	68092001	LTR/ERVL-MaLR	1733	-	186	68091815	16769
chr7	130145931	130345931	harbor2	chr7	130207192	130207521	LTR/ERVL-MaLR	1444	-	164	130207356	61425
chr7	130145931	130345931	harbor2	chr7	130231229	130231524	LTR/ERVL-MaLR	2338	-	148	130231377	85446
chr7	130145931	130345931	harbor2	chr7	130232477	130232564	LTR/ERVL-MaLR	2338	-	44	130232521	86590
chr7	153623871	153823871	harbor2	chr7	153646393	153646775	LTR/ERVL-MaLR	758	-	191	153646584	22713
chr7	153623871	153823871	harbor2	chr7	153652030	153652382	LTR/ERVL-MaLR	2319	-	176	153652206	28335
chr7	153623871	153823871	harbor2	chr7	153670705	153671057	LTR/ERVL-MaLR	1869	-	176	153670881	47010
chr7	153623871	153823871	harbor2	chr7	153684803	153685240	LTR/ERVL-MaLR	1842	-	218	153685021	61150
chr7	153623871	153823871	harbor2	chr7	153690682	153691034	LTR/ERVL-MaLR	2613	-	176	153690858	66987
chr7	153623871	153823871	harbor2	chr7	153721474	153721837	LTR/ERVL-MaLR	1821	-	182	153721656	97785
chr7	157962921	158162921	harbor2	chr7	157966967	157967037	LTR/ERVL-MaLR	691	-	35	157967002	4081
chr7	157962921	158162921	harbor2	chr7	157967310	157967415	LTR/ERVL-MaLR	691	-	52	157967362	4441
chr7	157962921	158162921	harbor2	chr7	158006930	158007265	LTR/ERVL-MaLR	1063	-	168	158007098	44177
chr7	157962921	158162921	harbor2	chr7	158060451	158060670	LTR/ERVL-MaLR	594	-	110	158060561	97640
chr7	150351971	150551971	harbor2	chr7	150413442	150413649	LTR/ERVL-MaLR	515	-	104	150413546	61575
chr7	145473053	145673053	harbor2	chr7	145494672	145494735	LTR/ERVL-MaLR	461	-	32	145494704	21651
chr7	145473053	145673053	harbor2	chr7	145494736	145495090	LTR/ERVL-MaLR	2136	-	177	145494913	21860
chr7	145473053	145673053	harbor2	chr7	145495091	145495152	LTR/ERVL-MaLR	461	-	30	145495121	22068
chr7	145473053	145673053	harbor2	chr7	145508142	145508649	LTR/ERVL-MaLR	676	-	254	145508396	35343
chr7	145473053	145673053	harbor2	chr7	145517485	145517837	LTR/ERVL-MaLR	2009	-	176	145517661	44608
chr7	145473053	145673053	harbor2	chr7	145523130	145523223	LTR/ERVL-MaLR	622	-	46	145523176	50123
chr7	145473053	145673053	harbor2	chr7	145567957	145568543	LTR/ERVL-MaLR	1573	-	293	145568250	95197
chr7	145473053	145673053	harbor2	chr7	145571397	145571814	LTR/ERVL-MaLR	2364	-	208	145571605	98552
chr7	123244286	123444286	harbor2	chr7	123250347	123250677	LTR/ERVL-MaLR	2413	-	165	123250512	6226
chr7	123244286	123444286	harbor2	chr7	123263397	123263930	LTR/ERVL-MaLR	2298	-	266	123263663	19377
chr7	123244286	123444286	harbor2	chr7	123268915	123269356	LTR/ERVL-MaLR	1229	-	220	123269135	24849
chr7	123244286	123444286	harbor2	chr7	123321607	123321995	LTR/ERVL-MaLR	2196	-	194	123321801	77515
chr7	123244286	123444286	harbor2	chr7	123336325	123336692	LTR/ERVL-MaLR	2407	-	184	123336509	92223
chr7	36761576	36961576	harbor2	chr7	36769314	36769635	LTR/ERVL-MaLR	1360	-	160	36769474	7898
chr7	36761576	36961576	harbor2	chr7	36774616	36774785	LTR/ERVL-MaLR	666	-	84	36774700	13124
chr7	36761576	36961576	harbor2	chr7	36777065	36777367	LTR/ERVL-MaLR	438	-	151	36777216	15640
chr7	36761576	36961576	harbor2	chr7	36778430	36778648	LTR/ERVL-MaLR	989	-	109	36778539	16963
chr7	36761576	36961576	harbor2	chr7	36837201	36837530	LTR/ERVL-MaLR	1771	-	164	36837365	75789
chr7	36761576	36961576	harbor2	chr7	36765494	36765909	LTR/ERVL-MaLR	1303	-	208	36765702	4126
chr7	108085840	108285840	harbor2	chr7	108137223	108137425	LTR/ERVL-MaLR	1189	-	101	108137324	51484
chr7	108085840	108285840	harbor2	chr7	108137446	108137672	LTR/ERVL-MaLR	732	-	113	108137559	51719
chr7	108085840	108285840	harbor2	chr7	108139018	108139413	LTR/ERVL-MaLR	1313	-	198	108139216	53376
chr7	154433924	154633924	harbor2	chr7	154466362	154466723	LTR/ERVL-MaLR	1118	-	180	154466542	32618
chr7	154433924	154633924	harbor2	chr7	154466771	154467272	LTR/ERVL-MaLR	2126	-	250	154467021	33097
chr7	154433924	154633924	harbor2	chr7	154467655	154467980	LTR/ERVL-MaLR	2126	-	162	154467817	33893
chr7	154433924	154633924	harbor2	chr7	154508289	154508744	LTR/ERVL-MaLR	1086	-	228	154508517	74593
chr7	154433924	154633924	harbor2	chr7	154520131	154520447	LTR/ERVL-MaLR	525	-	158	154520289	86365
chr7	81767718	81967718	harbor2	chr7	81849154	81849528	LTR/ERVL-MaLR	2014	-	187	81849341	81623
chr7	81767718	81967718	harbor2	chr7	81853302	81853702	LTR/ERVL-MaLR	1492	-	200	81853502	85784
chr7	155564555	155764555	harbor2	chr7	155567525	155567648	LTR/ERVL-MaLR	635	-	62	155567587	3032
chr7	155564555	155764555	harbor2	chr7	155587532	155587973	LTR/ERVL-MaLR	1586	-	220	155587752	23197
chr7	155564555	155764555	harbor2	chr7	155609993	155610350	LTR/ERVL-MaLR	1455	-	178	155610171	45616
chr7	155564555	155764555	harbor2	chr7	155625254	155625547	LTR/ERVL-MaLR	741	-	146	155625400	60845
chr7	155564555	155764555	harbor2	chr7	155638773	155639111	LTR/ERVL-MaLR	1922	-	169	155638942	74387
chr7	155564555	155764555	harbor2	chr7	155653233	155653345	LTR/ERVL-MaLR	641	-	56	155653289	88734
chr7	155564555	155764555	harbor2	chr7	155659740	155660082	LTR/ERVL-MaLR	1251	-	171	155659911	95356
chr7	155564555	155764555	harbor2	chr7	155660370	155660453	LTR/ERVL-MaLR	1251	-	42	155660412	95857
chr7	155564555	155764555	harbor2	chr7	155663246	155663657	LTR/ERVL-MaLR	2052	-	206	155663452	98897
chr7	143199672	143399672	harbor2	chr7	143213542	143213887	LTR/ERVL-MaLR	2190	-	172	143213714	14042
chr7	143199672	143399672	harbor2	chr7	143234708	143234781	LTR/ERVL-MaLR	502	-	36	143234744	35072
chr7	143199672	143399672	harbor2	chr7	143235108	143235191	LTR/ERVL-MaLR	565	-	42	143235150	35478
chr7	143199672	143399672	harbor2	chr7	143253583	143253994	LTR/ERVL-MaLR	2491	-	206	143253789	54117
chr7	153604371	153804371	harbor2	chr7	153622767	153623008	LTR/ERVL-MaLR	774	-	120	153622887	18516
chr7	153604371	153804371	harbor2	chr7	153646393	153646775	LTR/ERVL-MaLR	758	-	191	153646584	42213
chr7	153604371	153804371	harbor2	chr7	153652030	153652382	LTR/ERVL-MaLR	2319	-	176	153652206	47835
chr7	153604371	153804371	harbor2	chr7	153670705	153671057	LTR/ERVL-MaLR	1869	-	176	153670881	66510
chr7	153604371	153804371	harbor2	chr7	153684803	153685240	LTR/ERVL-MaLR	1842	-	218	153685021	80650
chr7	153604371	153804371	harbor2	chr7	153690682	153691034	LTR/ERVL-MaLR	2613	-	176	153690858	86487
chr7	134825766	135025766	harbor2	chr7	134844623	134845013	LTR/ERVL-MaLR	1906	-	195	134844818	19052
chr7	134825766	135025766	harbor2	chr7	134851520	134851907	LTR/ERVL-MaLR	622	-	194	134851714	25948
chr7	134825766	135025766	harbor2	chr7	134862798	134863159	LTR/ERVL-MaLR	1196	-	180	134862978	37212
chr7	134825766	135025766	harbor2	chr7	134901541	134902003	LTR/ERVL-MaLR	1442	-	231	134901772	76006
chr7	134825766	135025766	harbor2	chr7	134902827	134902919	LTR/ERVL-MaLR	1675	-	46	134902873	77107
chr7	134825766	135025766	harbor2	chr7	134903478	134903872	LTR/ERVL-MaLR	1675	-	197	134903675	77909
chr7	134825766	135025766	harbor2	chr7	134925432	134925790	LTR/ERVL-MaLR	1841	-	179	134925611	99845
chr7	134825766	135025766	harbor2	chr7	134889105	134889537	LTR/ERVL-MaLR	1617	-	216	134889321	63555
chr7	138354244	138554244	harbor2	chr7	138377394	138377753	LTR/ERVL-MaLR	2193	-	180	138377574	23330
chr7	138354244	138554244	harbor2	chr7	138379553	138379883	LTR/ERVL-MaLR	1777	-	165	138379718	25474
chr7	138354244	138554244	harbor2	chr7	138398626	138398888	LTR/ERVL-MaLR	1322	-	131	138398757	44513
chr7	138354244	138554244	harbor2	chr7	138399089	138399164	LTR/ERVL-MaLR	516	-	38	138399127	44883
chr7	138354244	138554244	harbor2	chr7	138399463	138399498	LTR/ERVL-MaLR	516	-	18	138399481	45237
chr7	138354244	138554244	harbor2	chr7	138413775	138413819	LTR/ERVL-MaLR	1315	-	22	138413797	59553
chr7	138354244	138554244	harbor2	chr7	138414008	138414255	LTR/ERVL-MaLR	1315	-	124	138414132	59888
chr7	138354244	138554244	harbor2	chr7	138414551	138414698	LTR/ERVL-MaLR	1315	-	74	138414625	60381
chr7	138354244	138554244	harbor2	chr7	138438260	138438431	LTR/ERVL-MaLR	717	-	86	138438346	84102
chr7	151590692	151790692	harbor2	chr7	151666095	151666166	LTR/ERVL-MaLR	1304	-	36	151666131	75439
chr7	151590692	151790692	harbor2	chr7	151666520	151666742	LTR/ERVL-MaLR	1304	-	111	151666631	75939
chr7	39285867	39485867	harbor2	chr7	39300498	39300917	LTR/ERVL-MaLR	2075	-	210	39300708	14841
chr7	126327114	126527114	harbor2	chr7	126348033	126348354	LTR/ERVL-MaLR	1323	-	160	126348193	21079
chr7	126327114	126527114	harbor2	chr7	126351937	126352156	LTR/ERVL-MaLR	988	-	110	126352047	24933
chr7	126327114	126527114	harbor2	chr7	126352308	126352462	LTR/ERVL-MaLR	565	-	77	126352385	25271
chr7	126327114	126527114	harbor2	chr7	126352604	126353063	LTR/ERVL-MaLR	1423	-	230	126352834	25720
chr7	126327114	126527114	harbor2	chr7	126376897	126377178	LTR/ERVL-MaLR	1158	-	140	126377037	49923
chr7	126327114	126527114	harbor2	chr7	126377219	126377414	LTR/ERVL-MaLR	1158	-	98	126377317	50203
chr7	126327114	126527114	harbor2	chr7	126380350	126380514	LTR/ERVL-MaLR	562	-	82	126380432	53318
chr7	79360313	79560313	harbor2	chr7	79440697	79441274	LTR/ERVL-MaLR	1171	-	288	79440985	80672
chr7	158413458	158613458	harbor2	chr7	158449952	158450326	LTR/ERVL-MaLR	670	-	187	158450139	36681
chr7	127673361	127873361	harbor2	chr7	127754386	127754594	LTR/ERVL-MaLR	656	-	104	127754490	81129
chr7	127673361	127873361	harbor2	chr7	127762209	127762612	LTR/ERVL-MaLR	1768	-	202	127762411	89050
chr7	133216138	133416138	harbor2	chr7	133219338	133219608	LTR/ERVL-MaLR	1193	-	135	133219473	3335
chr7	133216138	133416138	harbor2	chr7	133223533	133223886	LTR/ERVL-MaLR	2525	-	176	133223709	7571
chr7	133216138	133416138	harbor2	chr7	133226659	133227022	LTR/ERVL-MaLR	2729	-	182	133226841	10703
chr7	133216138	133416138	harbor2	chr7	133227960	133228208	LTR/ERVL-MaLR	2228	-	124	133228084	11946
chr7	133216138	133416138	harbor2	chr7	133228517	133228706	LTR/ERVL-MaLR	2228	-	94	133228611	12473
chr7	133216138	133416138	harbor2	chr7	133266013	133266396	LTR/ERVL-MaLR	1351	-	192	133266205	50067
chr7	133216138	133416138	harbor2	chr7	133274324	133274456	LTR/ERVL-MaLR	522	-	66	133274390	58252
chr7	133216138	133416138	harbor2	chr7	133310471	133310607	LTR/ERVL-MaLR	461	-	68	133310539	94401
chr7	154982640	155182640	harbor2	chr7	155008677	155008893	LTR/ERVL-MaLR	449	-	108	155008785	26145
chr7	154982640	155182640	harbor2	chr7	155043390	155043734	LTR/ERVL-MaLR	2350	-	172	155043562	60922
chr7	154982640	155182640	harbor2	chr7	155065033	155065444	LTR/ERVL-MaLR	1623	-	206	155065239	82599
chr7	154982640	155182640	harbor2	chr7	155068028	155068422	LTR/ERVL-MaLR	1678	-	197	155068225	85585
chr7	71270501	71470501	harbor2	chr7	71278273	71278516	LTR/ERVL-MaLR	574	-	122	71278395	7894
chr7	71270501	71470501	harbor2	chr7	71278522	71278879	LTR/ERVL-MaLR	2376	-	178	71278700	8199
chr7	71270501	71470501	harbor2	chr7	71279258	71279475	LTR/ERVL-MaLR	1510	-	108	71279366	8865
chr7	71270501	71470501	harbor2	chr7	71279483	71279659	LTR/ERVL-MaLR	735	-	88	71279571	9070
chr7	71270501	71470501	harbor2	chr7	71280500	71280671	LTR/ERVL-MaLR	548	-	86	71280586	10085
chr7	71270501	71470501	harbor2	chr7	71312470	71312827	LTR/ERVL-MaLR	1477	-	178	71312648	42147
chr7	71270501	71470501	harbor2	chr7	71327199	71327556	LTR/ERVL-MaLR	2260	-	178	71327377	56876
chr7	71270501	71470501	harbor2	chr7	71329466	71329851	LTR/ERVL-MaLR	2154	-	192	71329658	59157
chr7	71270501	71470501	harbor2	chr7	71342079	71342489	LTR/ERVL-MaLR	2423	-	205	71342284	71783
chr7	71270501	71470501	harbor2	chr7	71353800	71354212	LTR/ERVL-MaLR	2521	-	206	71354006	83505
chr7	71270501	71470501	harbor2	chr7	71356349	71356764	LTR/ERVL-MaLR	1902	-	208	71356557	86056
chr7	71270501	71470501	harbor2	chr7	71359134	71359568	LTR/ERVL-MaLR	1669	-	217	71359351	88850
chr7	143873197	144073197	harbor2	chr7	143903167	143903656	LTR/ERVL-MaLR	2109	-	244	143903411	30214
chr7	143873197	144073197	harbor2	chr7	143903657	143904023	LTR/ERVL-MaLR	2171	-	183	143903840	30643
chr7	143873197	144073197	harbor2	chr7	143904024	143904057	LTR/ERVL-MaLR	2109	-	16	143904040	30843
chr7	143873197	144073197	harbor2	chr7	143914840	143915366	LTR/ERVL-MaLR	695	-	263	143915103	41906
chr7	143873197	144073197	harbor2	chr7	143942910	143943037	LTR/ERVL-MaLR	650	-	64	143942974	69777
chr7	143873197	144073197	harbor2	chr7	143950166	143950407	LTR/ERVL-MaLR	2135	-	120	143950286	77089
chr7	143873197	144073197	harbor2	chr7	143950729	143950741	LTR/ERVL-MaLR	2135	-	6	143950735	77538
chr7	143873197	144073197	harbor2	chr7	143951053	143951249	LTR/ERVL-MaLR	2135	-	98	143951151	77954
chr7	143873197	144073197	harbor2	chr7	143965343	143965817	LTR/ERVL-MaLR	877	-	237	143965580	92383
chr7	69591430	69791430	harbor2	chr7	69628489	69628858	LTR/ERVL-MaLR	2213	-	184	69628673	37243
chr7	69591430	69791430	harbor2	chr7	69642836	69643408	LTR/ERVL-MaLR	1547	-	286	69643122	51692
chr7	69591430	69791430	harbor2	chr7	69647684	69648122	LTR/ERVL-MaLR	1987	-	219	69647903	56473
chr7	69591430	69791430	harbor2	chr7	69666959	69667320	LTR/ERVL-MaLR	2186	-	180	69667139	75709
chr7	140576854	140776854	harbor2	chr7	140675449	140675738	LTR/ERVL-MaLR	439	-	144	140675593	98739
chr7	140576854	140776854	harbor2	chr7	140676045	140676383	LTR/ERVL-MaLR	2073	-	169	140676214	99360
chr7	74886891	75086891	harbor2	chr7	74923044	74923242	LTR/ERVL-MaLR	1369	-	99	74923143	36252
chr7	74886891	75086891	harbor2	chr7	74927857	74927928	LTR/ERVL-MaLR	2435	-	36	74927893	41002
chr7	74886891	75086891	harbor2	chr7	74928232	74928572	LTR/ERVL-MaLR	2435	-	170	74928402	41511
chr7	74886891	75086891	harbor2	chr7	74928884	74928927	LTR/ERVL-MaLR	2435	-	22	74928906	42015
chr7	74886891	75086891	harbor2	chr7	74953002	74953391	LTR/ERVL-MaLR	2146	-	194	74953196	66305
chr7	74886891	75086891	harbor2	chr7	74959359	74959737	LTR/ERVL-MaLR	489	-	189	74959548	72657
chr7	74886891	75086891	harbor2	chr7	74971559	74971680	LTR/ERVL-MaLR	456	-	60	74971619	84728
chr7	155152888	155352888	harbor2	chr7	155158421	155158713	LTR/ERVL-MaLR	837	-	146	155158567	5679
chr7	155152888	155352888	harbor2	chr7	155158714	155159068	LTR/ERVL-MaLR	1722	-	177	155158891	6003
chr7	155152888	155352888	harbor2	chr7	155206325	155206544	LTR/ERVL-MaLR	1822	-	110	155206435	53547
chr7	155152888	155352888	harbor2	chr7	155206545	155206954	LTR/ERVL-MaLR	2088	-	204	155206749	53861
chr7	155152888	155352888	harbor2	chr7	155206955	155207101	LTR/ERVL-MaLR	1822	-	73	155207028	54140
chr7	155152888	155352888	harbor2	chr7	155211522	155211877	LTR/ERVL-MaLR	1046	-	178	155211700	58812
chr7	155152888	155352888	harbor2	chr7	155216073	155216188	LTR/ERVL-MaLR	618	-	58	155216131	63243
chr7	155152888	155352888	harbor2	chr7	155220723	155220911	LTR/ERVL-MaLR	1013	-	94	155220817	67929
chr7	155152888	155352888	harbor2	chr7	155229003	155229359	LTR/ERVL-MaLR	743	-	178	155229181	76293
chr7	155152888	155352888	harbor2	chr7	155245700	155246071	LTR/ERVL-MaLR	2627	-	186	155245886	92998
chr7	155152888	155352888	harbor2	chr7	155248733	155248852	LTR/ERVL-MaLR	1404	-	60	155248793	95905
chr7	155152888	155352888	harbor2	chr7	155248853	155249204	LTR/ERVL-MaLR	2285	-	176	155249029	96141
chr7	155152888	155352888	harbor2	chr7	155249205	155249435	LTR/ERVL-MaLR	1404	-	115	155249320	96432
chr7	134775112	134975112	harbor2	chr7	134791761	134792083	LTR/ERVL-MaLR	2063	-	161	134791922	16810
chr7	134775112	134975112	harbor2	chr7	134792103	134792276	LTR/ERVL-MaLR	1489	-	86	134792189	17077
chr7	134775112	134975112	harbor2	chr7	134792592	134792766	LTR/ERVL-MaLR	1489	-	87	134792679	17567
chr7	134775112	134975112	harbor2	chr7	134844623	134845013	LTR/ERVL-MaLR	1906	-	195	134844818	69706
chr7	134775112	134975112	harbor2	chr7	134851520	134851907	LTR/ERVL-MaLR	622	-	194	134851714	76602
chr7	134775112	134975112	harbor2	chr7	134862798	134863159	LTR/ERVL-MaLR	1196	-	180	134862978	87866
chr7	108250940	108450940	harbor2	chr7	108295324	108295677	LTR/ERVL-MaLR	1816	-	176	108295500	44560
chr7	108250940	108450940	harbor2	chr7	108321255	108321601	LTR/ERVL-MaLR	1289	-	173	108321428	70488
chr7	134860919	135060919	harbor2	chr7	134862798	134863159	LTR/ERVL-MaLR	1196	-	180	134862978	2059
chr7	134860919	135060919	harbor2	chr7	134901541	134902003	LTR/ERVL-MaLR	1442	-	231	134901772	40853
chr7	134860919	135060919	harbor2	chr7	134902827	134902919	LTR/ERVL-MaLR	1675	-	46	134902873	41954
chr7	134860919	135060919	harbor2	chr7	134903478	134903872	LTR/ERVL-MaLR	1675	-	197	134903675	42756
chr7	134860919	135060919	harbor2	chr7	134925432	134925790	LTR/ERVL-MaLR	1841	-	179	134925611	64692
chr7	134860919	135060919	harbor2	chr7	134950633	134950673	LTR/ERVL-MaLR	1609	-	20	134950653	89734
chr7	134860919	135060919	harbor2	chr7	134950963	134951237	LTR/ERVL-MaLR	1609	-	137	134951100	90181
chr7	134860919	135060919	harbor2	chr7	134955414	134955790	LTR/ERVL-MaLR	1814	-	188	134955602	94683
chr7	134860919	135060919	harbor2	chr7	134889105	134889537	LTR/ERVL-MaLR	1617	-	216	134889321	28402
chr7	142468918	142668918	harbor2	chr7	142536570	142536977	LTR/ERVL-MaLR	1908	-	204	142536774	67856
chr7	142468918	142668918	harbor2	chr7	142558862	142559359	LTR/ERVL-MaLR	1982	-	248	142559110	90192
chr7	142468918	142668918	harbor2	chr7	142562173	142562667	LTR/ERVL-MaLR	1877	-	247	142562420	93502
chr7	78904852	79104852	harbor2	chr7	78929364	78929853	LTR/ERVL-MaLR	2004	-	244	78929608	24756
chr7	78904852	79104852	harbor2	chr7	78951296	78951641	LTR/ERVL-MaLR	2118	-	172	78951468	46616
chr7	52522581	52722581	harbor2	chr7	52568289	52568654	LTR/ERVL-MaLR	1095	-	182	52568471	45890
chr7	52522581	52722581	harbor2	chr7	52610322	52610706	LTR/ERVL-MaLR	1924	-	192	52610514	87933
chr7	52522581	52722581	harbor2	chr7	52610736	52611127	LTR/ERVL-MaLR	1810	-	196	52610932	88351
chr7	52522581	52722581	harbor2	chr7	52611328	52612223	LTR/ERVL-MaLR	3864	-	448	52611776	89195
chr7	52522581	52722581	harbor2	chr7	52612229	52612605	LTR/ERVL-MaLR	1989	-	188	52612417	89836
chr7	129165780	129365780	harbor2	chr7	129172862	129173186	LTR/ERVL-MaLR	1754	-	162	129173024	7244
chr7	129165780	129365780	harbor2	chr7	129173493	129173620	LTR/ERVL-MaLR	1754	-	64	129173557	7777
chr7	129165780	129365780	harbor2	chr7	129174022	129174088	LTR/ERVL-MaLR	1957	-	33	129174055	8275
chr7	129165780	129365780	harbor2	chr7	129174391	129174821	LTR/ERVL-MaLR	1957	-	215	129174606	8826
chr7	129165780	129365780	harbor2	chr7	129186369	129186413	LTR/ERVL-MaLR	2584	-	22	129186391	20611
chr7	129165780	129365780	harbor2	chr7	129186731	129187103	LTR/ERVL-MaLR	2584	-	186	129186917	21137
chr7	129165780	129365780	harbor2	chr7	129244397	129244766	LTR/ERVL-MaLR	2091	-	184	129244581	78801
chr7	129165780	129365780	harbor2	chr7	129263129	129263405	LTR/ERVL-MaLR	752	-	138	129263267	97487
chr7	129165780	129365780	harbor2	chr7	129265119	129265302	LTR/ERVL-MaLR	558	-	92	129265211	99431
chr7	129165780	129365780	harbor2	chr7	129171091	129171539	LTR/ERVL-MaLR	2024	-	224	129171315	5535
chr7	138511604	138711604	harbor2	chr7	138511590	138511764	LTR/ERVL-MaLR	2505	-	87	138511677	73
chr7	138511604	138711604	harbor2	chr7	138511765	138513369	LTR/ERVL-MaLR	8600	-	802	138512567	963
chr7	138511604	138711604	harbor2	chr7	138513373	138513748	LTR/ERVL-MaLR	2269	-	188	138513561	1957
chr7	158572102	158772102	harbor2	chr7	158595570	158595980	LTR/ERVL-MaLR	2348	-	205	158595775	23673
chr7	158572102	158772102	harbor2	chr7	158629989	158630275	LTR/ERVL-MaLR	725	-	143	158630132	58030
chr7	149475710	149675710	harbor2	chr7	149506236	149506669	LTR/ERVL-MaLR	1499	-	216	149506452	30742
chr7	149475710	149675710	harbor2	chr7	149522298	149522764	LTR/ERVL-MaLR	1747	-	233	149522531	46821
chr7	106542437	106742437	harbor2	chr7	106566259	106566708	LTR/ERVL-MaLR	1586	-	224	106566483	24046
chr7	106542437	106742437	harbor2	chr7	106583805	106584176	LTR/ERVL-MaLR	2081	-	186	106583991	41554
chr7	106542437	106742437	harbor2	chr7	106598615	106598802	LTR/ERVL-MaLR	569	-	94	106598709	56272
chr7	106542437	106742437	harbor2	chr7	106598920	106599041	LTR/ERVL-MaLR	553	-	60	106598980	56543
chr7	106542437	106742437	harbor2	chr7	106603118	106603551	LTR/ERVL-MaLR	2243	-	216	106603334	60897
chr7	106542437	106742437	harbor2	chr7	106608756	106609319	LTR/ERVL-MaLR	1631	-	282	106609038	66601
chr7	106542437	106742437	harbor2	chr7	106630391	106630715	LTR/ERVL-MaLR	1016	-	162	106630553	88116
chr7	106542437	106742437	harbor2	chr7	106632746	106632967	LTR/ERVL-MaLR	939	-	110	106632856	90419
chr7	100501569	100701569	harbor2	chr7	100505033	100505247	LTR/ERVL-MaLR	450	-	107	100505140	3571
chr7	100501569	100701569	harbor2	chr7	100509278	100509733	LTR/ERVL-MaLR	1445	-	228	100509506	7937
chr7	100501569	100701569	harbor2	chr7	100591938	100591978	LTR/ERVL-MaLR	1924	-	20	100591958	90389
chr7	100501569	100701569	harbor2	chr7	100592272	100592576	LTR/ERVL-MaLR	1924	-	152	100592424	90855
chr7	106548645	106748645	harbor2	chr7	106566259	106566708	LTR/ERVL-MaLR	1586	-	224	106566483	17838
chr7	106548645	106748645	harbor2	chr7	106583805	106584176	LTR/ERVL-MaLR	2081	-	186	106583991	35346
chr7	106548645	106748645	harbor2	chr7	106598615	106598802	LTR/ERVL-MaLR	569	-	94	106598709	50064
chr7	106548645	106748645	harbor2	chr7	106598920	106599041	LTR/ERVL-MaLR	553	-	60	106598980	50335
chr7	106548645	106748645	harbor2	chr7	106603118	106603551	LTR/ERVL-MaLR	2243	-	216	106603334	54689
chr7	106548645	106748645	harbor2	chr7	106608756	106609319	LTR/ERVL-MaLR	1631	-	282	106609038	60393
chr7	106548645	106748645	harbor2	chr7	106630391	106630715	LTR/ERVL-MaLR	1016	-	162	106630553	81908
chr7	106548645	106748645	harbor2	chr7	106632746	106632967	LTR/ERVL-MaLR	939	-	110	106632856	84211
chr7	82671931	82871931	harbor2	chr7	82676482	82676779	LTR/ERVL-MaLR	803	-	148	82676630	4699
chr7	82671931	82871931	harbor2	chr7	82684034	82684386	LTR/ERVL-MaLR	1659	-	176	82684210	12279
chr7	82671931	82871931	harbor2	chr7	82716387	82716746	LTR/ERVL-MaLR	2612	-	180	82716567	44636
chr7	82671931	82871931	harbor2	chr7	82719598	82719957	LTR/ERVL-MaLR	2678	-	180	82719778	47847
chr7	82671931	82871931	harbor2	chr7	82719958	82720808	LTR/ERVL-MaLR	6179	-	425	82720383	48452
chr7	34222224	34422224	harbor2	chr7	34281412	34281546	LTR/ERVL-MaLR	667	-	67	34281479	59255
chr7	34222224	34422224	harbor2	chr7	34281547	34283032	LTR/ERVL-MaLR	8955	-	742	34282289	60065
chr7	34222224	34422224	harbor2	chr7	34283035	34283391	LTR/ERVL-MaLR	2033	-	178	34283213	60989
chr7	34222224	34422224	harbor2	chr7	34289465	34289827	LTR/ERVL-MaLR	2492	-	181	34289646	67422
chr7	34222224	34422224	harbor2	chr7	34309100	34309143	LTR/ERVL-MaLR	531	-	22	34309122	86898
chr7	34222224	34422224	harbor2	chr7	34310189	34310349	LTR/ERVL-MaLR	531	-	80	34310269	88045
chr7	158539820	158739820	harbor2	chr7	158551067	158551386	LTR/ERVL-MaLR	772	-	160	158551227	11407
chr7	158539820	158739820	harbor2	chr7	158562081	158562439	LTR/ERVL-MaLR	1124	-	179	158562260	22440
chr7	158539820	158739820	harbor2	chr7	158595570	158595980	LTR/ERVL-MaLR	2348	-	205	158595775	55955
chr7	158539820	158739820	harbor2	chr7	158629989	158630275	LTR/ERVL-MaLR	725	-	143	158630132	90312
chr7	154941378	155141378	harbor2	chr7	155008677	155008893	LTR/ERVL-MaLR	449	-	108	155008785	67407
chr7	132637756	132837756	harbor2	chr7	132641204	132641582	LTR/ERVL-MaLR	1874	-	189	132641393	3637
chr7	132637756	132837756	harbor2	chr7	132658036	132658419	LTR/ERVL-MaLR	2610	-	192	132658228	20472
chr7	132637756	132837756	harbor2	chr7	132668767	132669181	LTR/ERVL-MaLR	2619	-	207	132668974	31218
chr7	132637756	132837756	harbor2	chr7	132680542	132680634	LTR/ERVL-MaLR	433	-	46	132680588	42832
chr7	132637756	132837756	harbor2	chr7	132680674	132680851	LTR/ERVL-MaLR	485	-	88	132680762	43006
chr7	132637756	132837756	harbor2	chr7	132701885	132702226	LTR/ERVL-MaLR	454	-	170	132702055	64299
chr7	132637756	132837756	harbor2	chr7	132721285	132721398	LTR/ERVL-MaLR	544	-	56	132721341	83585
chr7	132637756	132837756	harbor2	chr7	132721690	132721884	LTR/ERVL-MaLR	544	-	97	132721787	84031
chr7	132637756	132837756	harbor2	chr7	132725401	132725451	LTR/ERVL-MaLR	2120	-	25	132725426	87670
chr7	132637756	132837756	harbor2	chr7	132725747	132726117	LTR/ERVL-MaLR	2120	-	185	132725932	88176
chr7	100198211	100398211	harbor2	chr7	100212981	100213310	LTR/ERVL-MaLR	1328	-	164	100213145	14934
chr7	100198211	100398211	harbor2	chr7	100234701	100235082	LTR/ERVL-MaLR	2378	-	190	100234891	36680
chr7	100198211	100398211	harbor2	chr7	100264829	100265261	LTR/ERVL-MaLR	1512	-	216	100265045	66834
chr7	100198211	100398211	harbor2	chr7	100275997	100276314	LTR/ERVL-MaLR	816	-	158	100276155	77944
chr7	100198211	100398211	harbor2	chr7	100276780	100276844	LTR/ERVL-MaLR	588	-	32	100276812	78601
chr7	100198211	100398211	harbor2	chr7	100277242	100277348	LTR/ERVL-MaLR	588	-	53	100277295	79084
chr7	100198211	100398211	harbor2	chr7	100290367	100290541	LTR/ERVL-MaLR	1439	-	87	100290454	92243
chr7	100198211	100398211	harbor2	chr7	100291600	100291790	LTR/ERVL-MaLR	1439	-	95	100291695	93484
chr7	118603187	118803187	harbor2	chr7	118603113	118603556	LTR/ERVL-MaLR	628	-	222	118603335	148
chr7	118603187	118803187	harbor2	chr7	118607692	118608064	LTR/ERVL-MaLR	2675	-	186	118607878	4691
chr7	118603187	118803187	harbor2	chr7	118624080	118624437	LTR/ERVL-MaLR	1046	-	178	118624258	21071
chr7	118603187	118803187	harbor2	chr7	118653766	118654155	LTR/ERVL-MaLR	1035	-	194	118653960	50773
chr7	118603187	118803187	harbor2	chr7	118664067	118664448	LTR/ERVL-MaLR	1759	-	190	118664257	61070
chr7	118603187	118803187	harbor2	chr7	118683139	118683513	LTR/ERVL-MaLR	2646	-	187	118683326	80139
chr7	131757430	131957430	harbor2	chr7	131765126	131765490	LTR/ERVL-MaLR	1286	-	182	131765308	7878
chr7	131757430	131957430	harbor2	chr7	131767385	131767793	LTR/ERVL-MaLR	2843	-	204	131767589	10159
chr7	131757430	131957430	harbor2	chr7	131772780	131773012	LTR/ERVL-MaLR	618	-	116	131772896	15466
chr7	131757430	131957430	harbor2	chr7	131776703	131776794	LTR/ERVL-MaLR	1105	-	46	131776749	19319
chr7	131757430	131957430	harbor2	chr7	131776856	131777024	LTR/ERVL-MaLR	610	-	84	131776940	19510
chr7	131757430	131957430	harbor2	chr7	131813239	131813461	LTR/ERVL-MaLR	476	-	111	131813350	55920
chr7	131757430	131957430	harbor2	chr7	131831067	131831442	LTR/ERVL-MaLR	2040	-	188	131831255	73825
chr7	131757430	131957430	harbor2	chr7	131831791	131831881	LTR/ERVL-MaLR	2040	-	45	131831836	74406
chr7	131757430	131957430	harbor2	chr7	131850241	131850552	LTR/ERVL-MaLR	1464	-	156	131850397	92967
chr7	131757430	131957430	harbor2	chr7	131850848	131851064	LTR/ERVL-MaLR	1464	-	108	131850956	93526
chr7	131757430	131957430	harbor2	chr7	131776438	131776652	LTR/ERVL-MaLR	1105	-	107	131776545	19115
chr7	123584971	123784971	harbor2	chr7	123620095	123620357	LTR/ERVL-MaLR	588	-	131	123620226	35255
chr7	107757520	107957520	harbor2	chr7	107810675	107811118	LTR/ERVL-MaLR	1713	-	222	107810897	53377
chr7	107757520	107957520	harbor2	chr7	107811198	107811584	LTR/ERVL-MaLR	2230	-	193	107811391	53871
chr7	107757520	107957520	harbor2	chr7	107811887	107812004	LTR/ERVL-MaLR	2230	-	58	107811945	54425
chr7	107757520	107957520	harbor2	chr7	107831968	107832401	LTR/ERVL-MaLR	2673	-	216	107832184	74664
chr7	107757520	107957520	harbor2	chr7	107846361	107846795	LTR/ERVL-MaLR	1703	-	217	107846578	89058
chr7	52607078	52807078	harbor2	chr7	52610322	52610706	LTR/ERVL-MaLR	1924	-	192	52610514	3436
chr7	52607078	52807078	harbor2	chr7	52610736	52611127	LTR/ERVL-MaLR	1810	-	196	52610932	3854
chr7	52607078	52807078	harbor2	chr7	52611328	52612223	LTR/ERVL-MaLR	3864	-	448	52611776	4698
chr7	52607078	52807078	harbor2	chr7	52612229	52612605	LTR/ERVL-MaLR	1989	-	188	52612417	5339
chr7	52607078	52807078	harbor2	chr7	52634974	52635570	LTR/ERVL-MaLR	2294	-	298	52635272	28194
chr7	52607078	52807078	harbor2	chr7	52676577	52676870	LTR/ERVL-MaLR	1594	-	146	52676723	69645
chr7	52607078	52807078	harbor2	chr7	52678309	52678721	LTR/ERVL-MaLR	1861	-	206	52678515	71437
chr7	140197844	140397844	harbor2	chr7	140225686	140225968	LTR/ERVL-MaLR	2392	-	141	140225827	27983
chr7	140197844	140397844	harbor2	chr7	140226293	140226424	LTR/ERVL-MaLR	2392	-	66	140226359	28515
chr7	140197844	140397844	harbor2	chr7	140246477	140246917	LTR/ERVL-MaLR	1439	-	220	140246697	48853
chr7	140197844	140397844	harbor2	chr7	140261174	140261559	LTR/ERVL-MaLR	2200	-	192	140261366	63522
chr7	140197844	140397844	harbor2	chr7	140267388	140267541	LTR/ERVL-MaLR	853	-	76	140267464	69620
chr7	140197844	140397844	harbor2	chr7	140278074	140278216	LTR/ERVL-MaLR	1553	-	71	140278145	80301
chr7	140197844	140397844	harbor2	chr7	140278528	140278832	LTR/ERVL-MaLR	1553	-	152	140278680	80836
chr7	93751187	93951187	harbor2	chr7	93768949	93769299	LTR/ERVL-MaLR	2507	-	175	93769124	17937
chr7	93751187	93951187	harbor2	chr7	93784430	93784915	LTR/ERVL-MaLR	1859	-	242	93784672	33485
chr7	93751187	93951187	harbor2	chr7	93819217	93819594	LTR/ERVL-MaLR	2076	-	188	93819405	68218
chr7	77126223	77326223	harbor2	chr7	77137878	77138100	LTR/ERVL-MaLR	678	-	111	77137989	11766
chr7	77126223	77326223	harbor2	chr7	77140316	77140681	LTR/ERVL-MaLR	1142	-	182	77140498	14275
chr7	77126223	77326223	harbor2	chr7	77150963	77151315	LTR/ERVL-MaLR	1300	-	176	77151139	24916
chr7	77126223	77326223	harbor2	chr7	77209017	77210642	LTR/ERVL-MaLR	11518	-	812	77209829	83606
chr7	77126223	77326223	harbor2	chr7	77210643	77211023	LTR/ERVL-MaLR	2086	-	190	77210833	84610
chr7	77126223	77326223	harbor2	chr7	77220854	77221264	LTR/ERVL-MaLR	2458	-	205	77221059	94836
chr7	77126223	77326223	harbor2	chr7	77224094	77224614	LTR/ERVL-MaLR	1996	-	260	77224354	98131
chr7	124578158	124778158	harbor2	chr7	124622923	124623335	LTR/ERVL-MaLR	1743	-	206	124623129	44971
chr7	124578158	124778158	harbor2	chr7	124632449	124632855	LTR/ERVL-MaLR	2434	-	203	124632652	54494
chr7	124578158	124778158	harbor2	chr7	124638820	124639267	LTR/ERVL-MaLR	1721	-	224	124639044	60886
chr7	124578158	124778158	harbor2	chr7	124652802	124653230	LTR/ERVL-MaLR	1286	-	214	124653016	74858
chr7	123062364	123262364	harbor2	chr7	123101181	123101600	LTR/ERVL-MaLR	2491	-	210	123101391	39027
chr7	123062364	123262364	harbor2	chr7	123110933	123111550	LTR/ERVL-MaLR	1894	-	308	123111241	48877
chr7	41910497	42110497	harbor2	chr7	41912288	41912481	LTR/ERVL-MaLR	475	-	96	41912384	1887
chr7	41910497	42110497	harbor2	chr7	41938405	41938782	LTR/ERVL-MaLR	1604	-	188	41938593	28096
chr7	118192898	118392898	harbor2	chr7	118202590	118202768	LTR/ERVL-MaLR	461	-	89	118202679	9781
chr7	118192898	118392898	harbor2	chr7	118215396	118215795	LTR/ERVL-MaLR	2017	-	200	118215596	22698
chr7	118192898	118392898	harbor2	chr7	118245774	118246256	LTR/ERVL-MaLR	2132	-	241	118246015	53117
chr7	118192898	118392898	harbor2	chr7	118246485	118246600	LTR/ERVL-MaLR	516	-	58	118246543	53645
chr7	152712452	152912452	harbor2	chr7	152721994	152722147	LTR/ERVL-MaLR	1063	-	76	152722070	9618
chr7	152712452	152912452	harbor2	chr7	152743616	152743879	LTR/ERVL-MaLR	1680	-	132	152743748	31296
chr7	152712452	152912452	harbor2	chr7	152744473	152744632	LTR/ERVL-MaLR	1680	-	80	152744553	32101
chr7	152712452	152912452	harbor2	chr7	152752824	152752906	LTR/ERVL-MaLR	1869	-	41	152752865	40413
chr7	152712452	152912452	harbor2	chr7	152753198	152753506	LTR/ERVL-MaLR	1869	-	154	152753352	40900
chr7	152712452	152912452	harbor2	chr7	152755729	152755907	LTR/ERVL-MaLR	998	-	89	152755818	43366
chr7	152712452	152912452	harbor2	chr7	152765788	152765971	LTR/ERVL-MaLR	925	-	92	152765880	53428
chr7	152712452	152912452	harbor2	chr7	152784581	152784954	LTR/ERVL-MaLR	1323	-	186	152784767	72315
chr7	152712452	152912452	harbor2	chr7	152806420	152806844	LTR/ERVL-MaLR	615	-	212	152806632	94180
chr7	155044992	155244992	harbor2	chr7	155065033	155065444	LTR/ERVL-MaLR	1623	-	206	155065239	20247
chr7	155044992	155244992	harbor2	chr7	155068028	155068422	LTR/ERVL-MaLR	1678	-	197	155068225	23233
chr7	155044992	155244992	harbor2	chr7	155097663	155097972	LTR/ERVL-MaLR	1389	-	154	155097817	52825
chr7	155044992	155244992	harbor2	chr7	155101590	155101920	LTR/ERVL-MaLR	1465	-	165	155101755	56763
chr7	155044992	155244992	harbor2	chr7	155102215	155102379	LTR/ERVL-MaLR	1465	-	82	155102297	57305
chr7	155044992	155244992	harbor2	chr7	155102753	155102967	LTR/ERVL-MaLR	435	-	107	155102860	57868
chr7	155044992	155244992	harbor2	chr7	155115711	155116071	LTR/ERVL-MaLR	2437	-	180	155115891	70899
chr7	155044992	155244992	harbor2	chr7	155144795	155145148	LTR/ERVL-MaLR	1854	-	176	155144971	99979
chr7	88569015	88769015	harbor2	chr7	88613412	88613808	LTR/ERVL-MaLR	2205	-	198	88613610	44595
chr7	87868850	88068850	harbor2	chr7	87887498	87887869	LTR/ERVL-MaLR	2220	-	186	87887684	18834
chr7	69877572	70077572	harbor2	chr7	69879974	69880357	LTR/ERVL-MaLR	2340	-	192	69880166	2594
chr7	69877572	70077572	harbor2	chr7	69887988	69888028	LTR/ERVL-MaLR	1850	-	20	69888008	10436
chr7	69877572	70077572	harbor2	chr7	69888160	69888540	LTR/ERVL-MaLR	1850	-	190	69888350	10778
chr7	69877572	70077572	harbor2	chr7	69888573	69888593	LTR/ERVL-MaLR	1632	-	10	69888583	11011
chr7	69877572	70077572	harbor2	chr7	69888870	69888923	LTR/ERVL-MaLR	1632	-	26	69888896	11324
chr7	69877572	70077572	harbor2	chr7	69897275	69897548	LTR/ERVL-MaLR	1406	-	136	69897411	19839
chr7	69877572	70077572	harbor2	chr7	69910926	69911105	LTR/ERVL-MaLR	2128	-	90	69911016	33444
chr7	69877572	70077572	harbor2	chr7	69910419	69910619	LTR/ERVL-MaLR	2128	-	100	69910519	32947
chr7	125428773	125628773	harbor2	chr7	125484204	125484602	LTR/ERVL-MaLR	2348	-	199	125484403	55630
chr7	125428773	125628773	harbor2	chr7	125500892	125501267	LTR/ERVL-MaLR	2290	-	188	125501080	72307
chr7	125428773	125628773	harbor2	chr7	125525060	125525380	LTR/ERVL-MaLR	2072	-	160	125525220	96447
chr7	93960603	94160603	harbor2	chr7	93982579	93982746	LTR/ERVL-MaLR	793	-	84	93982663	22060
chr7	93960603	94160603	harbor2	chr7	93983965	93984395	LTR/ERVL-MaLR	1680	-	215	93984180	23577
chr7	93960603	94160603	harbor2	chr7	94033950	94034391	LTR/ERVL-MaLR	866	-	220	94034170	73567
chr7	93960603	94160603	harbor2	chr7	94056568	94056699	LTR/ERVL-MaLR	843	-	66	94056634	96031
chr7	93960603	94160603	harbor2	chr7	94056913	94057305	LTR/ERVL-MaLR	843	-	196	94057109	96506
chr7	147695910	147895910	harbor2	chr7	147741864	147742219	LTR/ERVL-MaLR	2275	-	178	147742042	46132
chr7	147695910	147895910	harbor2	chr7	147744555	147744945	LTR/ERVL-MaLR	1565	-	195	147744750	48840
chr7	147695910	147895910	harbor2	chr7	147748457	147748657	LTR/ERVL-MaLR	490	-	100	147748557	52647
chr7	147695910	147895910	harbor2	chr7	147782367	147782734	LTR/ERVL-MaLR	1785	-	184	147782551	86641
chr7	147695910	147895910	harbor2	chr7	147783477	147783604	LTR/ERVL-MaLR	2353	-	64	147783541	87631
chr7	147695910	147895910	harbor2	chr7	147783968	147784295	LTR/ERVL-MaLR	2353	-	164	147784132	88222
chr7	108176499	108376499	harbor2	chr7	108199358	108199881	LTR/ERVL-MaLR	2275	-	262	108199620	23121
chr7	141565929	141765929	harbor2	chr7	141592118	141592618	LTR/ERVL-MaLR	1960	-	250	141592368	26439
chr7	116815448	117015448	harbor2	chr7	116833708	116833749	LTR/ERVL-MaLR	701	-	20	116833728	18280
chr7	116815448	117015448	harbor2	chr7	116834048	116834174	LTR/ERVL-MaLR	701	-	63	116834111	18663
chr7	153413820	153613820	harbor2	chr7	153430482	153430580	LTR/ERVL-MaLR	485	-	49	153430531	16711
chr7	153413820	153613820	harbor2	chr7	153432154	153432410	LTR/ERVL-MaLR	1476	-	128	153432282	18462
chr7	153413820	153613820	harbor2	chr7	153432789	153432930	LTR/ERVL-MaLR	1476	-	70	153432859	19039
chr7	153413820	153613820	harbor2	chr7	153441752	153441875	LTR/ERVL-MaLR	642	-	62	153441814	27994
chr7	153413820	153613820	harbor2	chr7	153463421	153463762	LTR/ERVL-MaLR	1189	-	170	153463591	49771
chr7	153413820	153613820	harbor2	chr7	153473439	153473657	LTR/ERVL-MaLR	594	-	109	153473548	59728
chr7	153413820	153613820	harbor2	chr7	153497313	153497667	LTR/ERVL-MaLR	1987	-	177	153497490	83670
chr7	44413868	44613868	harbor2	chr7	44478877	44479233	LTR/ERVL-MaLR	2541	-	178	44479055	65187
chr7	44413868	44613868	harbor2	chr7	44497442	44497809	LTR/ERVL-MaLR	1093	-	184	44497626	83758
chr7	44413868	44613868	harbor2	chr7	44497811	44498241	LTR/ERVL-MaLR	1710	-	215	44498026	84158
chr7	44413868	44613868	harbor2	chr7	44498371	44498626	LTR/ERVL-MaLR	1169	-	128	44498499	84631
chr7	44413868	44613868	harbor2	chr7	44506946	44507300	LTR/ERVL-MaLR	2353	-	177	44507123	93255
chr7	44413868	44613868	harbor2	chr7	44498629	44499026	LTR/ERVL-MaLR	1966	-	198	44498827	84959
chr7	158614052	158814052	harbor2	chr7	158629989	158630275	LTR/ERVL-MaLR	725	-	143	158630132	16080
chr7	93289258	93489258	harbor2	chr7	93295128	93295485	LTR/ERVL-MaLR	1687	-	178	93295306	6048
chr7	93289258	93489258	harbor2	chr7	93312934	93313217	LTR/ERVL-MaLR	557	-	142	93313076	23818
chr7	93289258	93489258	harbor2	chr7	93332089	93332483	LTR/ERVL-MaLR	1650	-	197	93332286	43028
chr7	93289258	93489258	harbor2	chr7	93351419	93351775	LTR/ERVL-MaLR	1751	-	178	93351597	62339
chr7	93289258	93489258	harbor2	chr7	93369367	93369546	LTR/ERVL-MaLR	953	-	90	93369457	80199
chr7	93289258	93489258	harbor2	chr7	93371506	93371711	LTR/ERVL-MaLR	1148	-	102	93371608	82350
chr7	93289258	93489258	harbor2	chr7	93373294	93373668	LTR/ERVL-MaLR	1995	-	187	93373481	84223
chr7	93289258	93489258	harbor2	chr7	93371712	93373293	LTR/ERVL-MaLR	12031	-	790	93372502	83244
chr7	136576774	136776774	harbor2	chr7	136619778	136620128	LTR/ERVL-MaLR	2378	-	175	136619953	43179
chr7	136576774	136776774	harbor2	chr7	136636539	136636728	LTR/ERVL-MaLR	685	-	94	136636633	59859
chr7	136576774	136776774	harbor2	chr7	136636880	136637012	LTR/ERVL-MaLR	751	-	66	136636946	60172
chr7	136576774	136776774	harbor2	chr7	136640035	136640460	LTR/ERVL-MaLR	2389	-	212	136640247	63473
chr7	136576774	136776774	harbor2	chr7	136648655	136648907	LTR/ERVL-MaLR	1331	-	126	136648781	72007
chr7	136576774	136776774	harbor2	chr7	136651568	136651929	LTR/ERVL-MaLR	2035	-	180	136651748	74974
chr7	147815470	148015470	harbor2	chr7	147815162	147815744	LTR/ERVL-MaLR	2404	-	291	147815453	17
chr7	147815470	148015470	harbor2	chr7	147830138	147830509	LTR/ERVL-MaLR	1640	-	186	147830324	14854
chr7	147815470	148015470	harbor2	chr7	147837106	147837463	LTR/ERVL-MaLR	2528	-	178	147837284	21814
chr7	147815470	148015470	harbor2	chr7	147837464	147838887	LTR/ERVL-MaLR	9071	-	712	147838176	22706
chr7	147815470	148015470	harbor2	chr7	147873286	147873649	LTR/ERVL-MaLR	2734	-	182	147873468	57998
chr7	147815470	148015470	harbor2	chr7	147873650	147875184	LTR/ERVL-MaLR	10758	-	767	147874417	58947
chr7	147815470	148015470	harbor2	chr7	147875185	147875545	LTR/ERVL-MaLR	2559	-	180	147875365	59895
chr7	147815470	148015470	harbor2	chr7	147910519	147910875	LTR/ERVL-MaLR	2280	-	178	147910697	95227
chr7	130015509	130215509	harbor2	chr7	130067359	130067794	LTR/ERVL-MaLR	2226	-	218	130067577	52068
chr7	130015509	130215509	harbor2	chr7	130104549	130104954	LTR/ERVL-MaLR	2695	-	202	130104751	89242
chr7	154047004	154247004	harbor2	chr7	154097603	154098043	LTR/ERVL-MaLR	673	-	220	154097823	50819
chr7	154047004	154247004	harbor2	chr7	154098419	154098456	LTR/ERVL-MaLR	626	-	18	154098437	51433
chr7	30230387	30430387	harbor2	chr7	30236723	30237198	LTR/ERVL-MaLR	1450	-	238	30236961	6574
chr7	30230387	30430387	harbor2	chr7	30244237	30244562	LTR/ERVL-MaLR	1549	-	162	30244399	14012
chr7	30230387	30430387	harbor2	chr7	30277136	30277631	LTR/ERVL-MaLR	2139	-	248	30277384	46997
chr7	30230387	30430387	harbor2	chr7	30290273	30290511	LTR/ERVL-MaLR	689	-	119	30290392	60005
chr7	30230387	30430387	harbor2	chr7	30290602	30290714	LTR/ERVL-MaLR	555	-	56	30290658	60271
chr7	30230387	30430387	harbor2	chr7	30261060	30261420	LTR/ERVL-MaLR	1683	-	180	30261240	30853
chr7	145234781	145434781	harbor2	chr7	145244978	145245354	LTR/ERVL-MaLR	2123	-	188	145245166	10385
chr7	145234781	145434781	harbor2	chr7	145284559	145284907	LTR/ERVL-MaLR	1964	-	174	145284733	49952
chr7	145234781	145434781	harbor2	chr7	145299750	145300105	LTR/ERVL-MaLR	2541	-	178	145299928	65147
chr7	145234781	145434781	harbor2	chr7	145332051	145332498	LTR/ERVL-MaLR	2100	-	224	145332275	97494
chr7	79231160	79431160	harbor2	chr7	79264639	79265093	LTR/ERVL-MaLR	1911	-	227	79264866	33706
chr7	144886029	145086029	harbor2	chr7	144926880	144927238	LTR/ERVL-MaLR	2343	-	179	144927059	41030
chr7	144886029	145086029	harbor2	chr7	144936070	144936264	LTR/ERVL-MaLR	554	-	97	144936167	50138
chr7	144886029	145086029	harbor2	chr7	144944350	144944606	LTR/ERVL-MaLR	766	-	128	144944478	58449
chr7	144886029	145086029	harbor2	chr7	144946636	144947002	LTR/ERVL-MaLR	2206	-	183	144946819	60790
chr7	144886029	145086029	harbor2	chr7	144952559	144952693	LTR/ERVL-MaLR	763	-	67	144952626	66597
chr7	144886029	145086029	harbor2	chr7	144952695	144954274	LTR/ERVL-MaLR	8955	-	790	144953485	67456
chr7	144886029	145086029	harbor2	chr7	144954295	144954713	LTR/ERVL-MaLR	2364	-	209	144954504	68475
chr7	81882661	82082661	harbor2	chr7	81904405	81904726	LTR/ERVL-MaLR	1483	-	160	81904565	21904
chr7	81882661	82082661	harbor2	chr7	81907110	81907480	LTR/ERVL-MaLR	1956	-	185	81907295	24634
chr7	81882661	82082661	harbor2	chr7	81907481	81908222	LTR/ERVL-MaLR	4667	-	370	81907851	25190
chr7	145991526	146191526	harbor2	chr7	146072953	146073361	LTR/ERVL-MaLR	1381	-	204	146073157	81631
chr7	145991526	146191526	harbor2	chr7	146073671	146073784	LTR/ERVL-MaLR	634	-	56	146073727	82201
chr7	145991526	146191526	harbor2	chr7	146073800	146073901	LTR/ERVL-MaLR	1148	-	50	146073850	82324
chr7	145991526	146191526	harbor2	chr7	146074686	146074897	LTR/ERVL-MaLR	1148	-	106	146074792	83266
chr7	154853224	155053224	harbor2	chr7	154888726	154889096	LTR/ERVL-MaLR	2339	-	185	154888911	35687
chr7	154853224	155053224	harbor2	chr7	154896660	154897041	LTR/ERVL-MaLR	1279	-	190	154896850	43626
chr7	154853224	155053224	harbor2	chr7	154905867	154906266	LTR/ERVL-MaLR	832	-	200	154906067	52843
chr7	154853224	155053224	harbor2	chr7	154914780	154915095	LTR/ERVL-MaLR	1111	-	158	154914938	61714
chr7	154853224	155053224	harbor2	chr7	154919726	154920147	LTR/ERVL-MaLR	2256	-	210	154919936	66712
chr7	154853224	155053224	harbor2	chr7	154933458	154933824	LTR/ERVL-MaLR	2543	-	183	154933641	80417
chr7	154853224	155053224	harbor2	chr7	154933831	154935462	LTR/ERVL-MaLR	9262	-	816	154934647	81423
chr7	154853224	155053224	harbor2	chr7	154935465	154935838	LTR/ERVL-MaLR	2262	-	186	154935651	82427
chr7	154853224	155053224	harbor2	chr7	154939970	154940378	LTR/ERVL-MaLR	998	-	204	154940174	86950
chr7	154853224	155053224	harbor2	chr7	154940719	154940759	LTR/ERVL-MaLR	998	-	20	154940739	87515
chr8	106208465	106408465	harbor2	chr8	106219904	106220187	LTR/ERVL-MaLR	889	-	142	106220046	11581
chr8	106208465	106408465	harbor2	chr8	106222794	106223210	LTR/ERVL-MaLR	611	-	208	106223002	14537
chr8	106208465	106408465	harbor2	chr8	106254386	106254737	LTR/ERVL-MaLR	1866	-	176	106254562	46097
chr8	106208465	106408465	harbor2	chr8	106280253	106280519	LTR/ERVL-MaLR	1164	-	133	106280386	71921
chr8	106208465	106408465	harbor2	chr8	106291663	106292030	LTR/ERVL-MaLR	2382	-	184	106291847	83382
chr8	106208465	106408465	harbor2	chr8	106293550	106293932	LTR/ERVL-MaLR	1605	-	191	106293741	85276
chr8	106208465	106408465	harbor2	chr8	106294424	106294802	LTR/ERVL-MaLR	2078	-	189	106294613	86148
chr8	106208465	106408465	harbor2	chr8	106298174	106298524	LTR/ERVL-MaLR	2482	-	175	106298349	89884
chr8	106208465	106408465	harbor2	chr8	106299021	106299328	LTR/ERVL-MaLR	654	-	154	106299175	90710
chr8	118930682	119130682	harbor2	chr8	118944118	118944546	LTR/ERVL-MaLR	635	-	214	118944332	13650
chr8	118930682	119130682	harbor2	chr8	118955934	118956299	LTR/ERVL-MaLR	1599	-	182	118956116	25434
chr8	118930682	119130682	harbor2	chr8	118965216	118965376	LTR/ERVL-MaLR	480	-	80	118965296	34614
chr8	118930682	119130682	harbor2	chr8	118972765	118973131	LTR/ERVL-MaLR	2597	-	183	118972948	42266
chr8	118930682	119130682	harbor2	chr8	118973207	118973730	LTR/ERVL-MaLR	1893	-	262	118973469	42787
chr8	118930682	119130682	harbor2	chr8	118979807	118980182	LTR/ERVL-MaLR	1296	-	188	118979995	49313
chr8	118930682	119130682	harbor2	chr8	118984729	118985099	LTR/ERVL-MaLR	2136	-	185	118984914	54232
chr8	118930682	119130682	harbor2	chr8	118993137	118993357	LTR/ERVL-MaLR	1916	-	110	118993247	62565
chr8	118930682	119130682	harbor2	chr8	118993655	118993861	LTR/ERVL-MaLR	1916	-	103	118993758	63076
chr8	118930682	119130682	harbor2	chr8	119028338	119028691	LTR/ERVL-MaLR	2675	-	176	119028514	97832
chr8	118930682	119130682	harbor2	chr8	118996661	118997083	LTR/ERVL-MaLR	2397	-	211	118996872	66190
chr8	59520608	59720608	harbor2	chr8	59549880	59550050	LTR/ERVL-MaLR	963	-	85	59549965	29357
chr8	59520608	59720608	harbor2	chr8	59550856	59551173	LTR/ERVL-MaLR	761	-	158	59551014	30406
chr8	108165434	108365434	harbor2	chr8	108184664	108184765	LTR/ERVL-MaLR	372	-	50	108184714	19280
chr8	108165434	108365434	harbor2	chr8	108185164	108185189	LTR/ERVL-MaLR	372	-	12	108185176	19742
chr8	64779174	64979174	harbor2	chr8	64781312	64781833	LTR/ERVL-MaLR	1570	-	260	64781572	2398
chr8	64779174	64979174	harbor2	chr8	64785779	64786153	LTR/ERVL-MaLR	2364	-	187	64785966	6792
chr8	64779174	64979174	harbor2	chr8	64786154	64787740	LTR/ERVL-MaLR	9929	-	793	64786947	7773
chr8	64779174	64979174	harbor2	chr8	64787745	64788109	LTR/ERVL-MaLR	2147	-	182	64787927	8753
chr8	64779174	64979174	harbor2	chr8	64794381	64794748	LTR/ERVL-MaLR	2191	-	184	64794565	15391
chr8	64779174	64979174	harbor2	chr8	64813544	64813972	LTR/ERVL-MaLR	1411	-	214	64813758	34584
chr8	64779174	64979174	harbor2	chr8	64824205	64824391	LTR/ERVL-MaLR	746	-	93	64824298	45124
chr8	126848017	127048017	harbor2	chr8	126867593	126867729	LTR/ERVL-MaLR	1562	-	68	126867661	19644
chr8	126848017	127048017	harbor2	chr8	126868033	126868312	LTR/ERVL-MaLR	1562	-	140	126868173	20156
chr8	143800055	144000055	harbor2	chr8	143899718	143900011	LTR/ERVL-MaLR	494	-	146	143899864	99809
chr8	119941684	120141684	harbor2	chr8	119943247	119943619	LTR/ERVL-MaLR	2283	-	186	119943433	1749
chr8	119941684	120141684	harbor2	chr8	119958063	119958479	LTR/ERVL-MaLR	764	-	208	119958271	16587
chr8	119941684	120141684	harbor2	chr8	119958483	119958502	LTR/ERVL-MaLR	489	-	10	119958493	16809
chr8	119941684	120141684	harbor2	chr8	119958808	119958958	LTR/ERVL-MaLR	539	-	75	119958883	17199
chr8	119941684	120141684	harbor2	chr8	119963868	119964225	LTR/ERVL-MaLR	1013	-	178	119964046	22362
chr8	119941684	120141684	harbor2	chr8	120015386	120015539	LTR/ERVL-MaLR	1082	-	76	120015462	73778
chr8	119941684	120141684	harbor2	chr8	120016136	120016292	LTR/ERVL-MaLR	1082	-	78	120016214	74530
chr8	119941684	120141684	harbor2	chr8	120016913	120016957	LTR/ERVL-MaLR	980	-	22	120016935	75251
chr8	119941684	120141684	harbor2	chr8	120022970	120023230	LTR/ERVL-MaLR	885	-	130	120023100	81416
chr8	119941684	120141684	harbor2	chr8	120023719	120023957	LTR/ERVL-MaLR	1123	-	119	120023838	82154
chr8	119941684	120141684	harbor2	chr8	120024265	120024383	LTR/ERVL-MaLR	1123	-	59	120024324	82640
chr8	119941684	120141684	harbor2	chr8	120024859	120024947	LTR/ERVL-MaLR	1123	-	44	120024903	83219
chr8	92854671	93054671	harbor2	chr8	92863823	92864077	LTR/ERVL-MaLR	483	-	127	92863950	9279
chr8	92854671	93054671	harbor2	chr8	92877466	92877791	LTR/ERVL-MaLR	1626	-	162	92877628	22957
chr8	122251802	122451802	harbor2	chr8	122260887	122261308	LTR/ERVL-MaLR	2536	-	210	122261097	9295
chr8	122251802	122451802	harbor2	chr8	122265011	122265368	LTR/ERVL-MaLR	2398	-	178	122265189	13387
chr8	122251802	122451802	harbor2	chr8	122267083	122267164	LTR/ERVL-MaLR	942	-	40	122267123	15321
chr8	122251802	122451802	harbor2	chr8	122267165	122267537	LTR/ERVL-MaLR	2291	-	186	122267351	15549
chr8	122251802	122451802	harbor2	chr8	122267538	122267686	LTR/ERVL-MaLR	942	-	74	122267612	15810
chr8	122251802	122451802	harbor2	chr8	122284056	122284453	LTR/ERVL-MaLR	1058	-	198	122284254	32452
chr8	122251802	122451802	harbor2	chr8	122287183	122287539	LTR/ERVL-MaLR	2717	-	178	122287361	35559
chr8	122251802	122451802	harbor2	chr8	122293523	122293886	LTR/ERVL-MaLR	2652	-	182	122293705	41903
chr8	122251802	122451802	harbor2	chr8	122293887	122295417	LTR/ERVL-MaLR	10244	-	765	122294652	42850
chr8	122251802	122451802	harbor2	chr8	122295418	122295779	LTR/ERVL-MaLR	2639	-	180	122295598	43796
chr8	122251802	122451802	harbor2	chr8	122307216	122307336	LTR/ERVL-MaLR	904	-	60	122307276	55474
chr8	108904432	109104432	harbor2	chr8	108946115	108946480	LTR/ERVL-MaLR	2222	-	182	108946297	41865
chr8	108904432	109104432	harbor2	chr8	108965735	108965939	LTR/ERVL-MaLR	855	-	102	108965837	61405
chr8	108904432	109104432	harbor2	chr8	108980056	108980228	LTR/ERVL-MaLR	459	-	86	108980142	75710
chr8	108904432	109104432	harbor2	chr8	109000051	109000435	LTR/ERVL-MaLR	1979	-	192	109000243	95811
chr8	136811473	137011473	harbor2	chr8	136850642	136851012	LTR/ERVL-MaLR	2139	-	185	136850827	39354
chr8	136811473	137011473	harbor2	chr8	136855594	136855830	LTR/ERVL-MaLR	750	-	118	136855712	44239
chr8	136811473	137011473	harbor2	chr8	136896703	136896909	LTR/ERVL-MaLR	410	-	103	136896806	85333
chr8	83658035	83858035	harbor2	chr8	83662579	83662802	LTR/ERVL-MaLR	687	-	112	83662691	4656
chr8	83658035	83858035	harbor2	chr8	83664062	83664264	LTR/ERVL-MaLR	436	-	101	83664163	6128
chr8	83658035	83858035	harbor2	chr8	83739693	83740136	LTR/ERVL-MaLR	1564	-	222	83739915	81880
chr8	83658035	83858035	harbor2	chr8	83740138	83741432	LTR/ERVL-MaLR	4825	-	647	83740785	82750
chr8	138789940	138989940	harbor2	chr8	138790092	138790423	LTR/ERVL-MaLR	2006	-	166	138790258	318
chr8	60394043	60594043	harbor2	chr8	60410102	60410484	LTR/ERVL-MaLR	1881	-	191	60410293	16250
chr8	60394043	60594043	harbor2	chr8	60411229	60411601	LTR/ERVL-MaLR	1842	-	186	60411415	17372
chr8	60394043	60594043	harbor2	chr8	60479078	60479433	LTR/ERVL-MaLR	970	-	178	60479256	85213
chr8	60394043	60594043	harbor2	chr8	60489989	60490367	LTR/ERVL-MaLR	2313	-	189	60490178	96135
chr8	59244790	59444790	harbor2	chr8	59246040	59246547	LTR/ERVL-MaLR	862	-	254	59246294	1504
chr8	59244790	59444790	harbor2	chr8	59246798	59247007	LTR/ERVL-MaLR	386	-	104	59246902	2112
chr8	59244790	59444790	harbor2	chr8	59287196	59287652	LTR/ERVL-MaLR	1008	-	228	59287424	42634
chr8	59244790	59444790	harbor2	chr8	59290369	59290752	LTR/ERVL-MaLR	1855	-	192	59290561	45771
chr8	59244790	59444790	harbor2	chr8	59336288	59336702	LTR/ERVL-MaLR	1409	-	207	59336495	91705
chr8	131612658	131812658	harbor2	chr8	131643292	131643629	LTR/ERVL-MaLR	854	-	168	131643460	30802
chr8	131612658	131812658	harbor2	chr8	131655623	131656017	LTR/ERVL-MaLR	2025	-	197	131655820	43162
chr8	131612658	131812658	harbor2	chr8	131665191	131665567	LTR/ERVL-MaLR	2281	-	188	131665379	52721
chr8	131612658	131812658	harbor2	chr8	131665569	131665990	LTR/ERVL-MaLR	2409	-	210	131665779	53121
chr8	131612658	131812658	harbor2	chr8	131668547	131668941	LTR/ERVL-MaLR	1243	-	197	131668744	56086
chr8	131612658	131812658	harbor2	chr8	131692745	131693164	LTR/ERVL-MaLR	2378	-	210	131692955	80297
chr8	131612658	131812658	harbor2	chr8	131693165	131693472	LTR/ERVL-MaLR	8927	-	154	131693319	80661
chr8	131612658	131812658	harbor2	chr8	131695141	131695557	LTR/ERVL-MaLR	2000	-	208	131695349	82691
chr8	131612658	131812658	harbor2	chr8	131697585	131697745	LTR/ERVL-MaLR	527	-	80	131697665	85007
chr8	131612658	131812658	harbor2	chr8	131700100	131700335	LTR/ERVL-MaLR	423	-	118	131700218	87560
chr8	131612658	131812658	harbor2	chr8	131700377	131700620	LTR/ERVL-MaLR	867	-	122	131700499	87841
chr8	131612658	131812658	harbor2	chr8	131703076	131703170	LTR/ERVL-MaLR	376	-	47	131703123	90465
chr8	131612658	131812658	harbor2	chr8	131706640	131706776	LTR/ERVL-MaLR	434	-	68	131706708	94050
chr8	131612658	131812658	harbor2	chr8	131693758	131695140	LTR/ERVL-MaLR	8927	-	691	131694449	81791
chr8	111913913	112113913	harbor2	chr8	111915995	111916372	LTR/ERVL-MaLR	1398	-	188	111916183	2270
chr8	111913913	112113913	harbor2	chr8	111916386	111916814	LTR/ERVL-MaLR	2013	-	214	111916600	2687
chr8	111913913	112113913	harbor2	chr8	111917301	111918582	LTR/ERVL-MaLR	3632	-	640	111917941	4028
chr8	111913913	112113913	harbor2	chr8	111918590	111918948	LTR/ERVL-MaLR	1532	-	179	111918769	4856
chr8	111913913	112113913	harbor2	chr8	111925616	111925687	LTR/ERVL-MaLR	1756	-	36	111925652	11739
chr8	111913913	112113913	harbor2	chr8	111925983	111926295	LTR/ERVL-MaLR	1756	-	156	111926139	12226
chr8	111913913	112113913	harbor2	chr8	111971031	111971413	LTR/ERVL-MaLR	1937	-	191	111971222	57309
chr8	111913913	112113913	harbor2	chr8	111984650	111984845	LTR/ERVL-MaLR	909	-	98	111984748	70835
chr8	111913913	112113913	harbor2	chr8	111993291	111993647	LTR/ERVL-MaLR	1379	-	178	111993469	79556
chr8	124440870	124640870	harbor2	chr8	124535685	124536027	LTR/ERVL-MaLR	1401	-	171	124535856	94986
chr8	115792420	115992420	harbor2	chr8	115823138	115823505	LTR/ERVL-MaLR	2364	-	184	115823322	30902
chr8	115792420	115992420	harbor2	chr8	115830637	115831970	LTR/ERVL-MaLR	2702	-	666	115831303	38883
chr8	115792420	115992420	harbor2	chr8	115831973	115832466	LTR/ERVL-MaLR	799	-	246	115832219	39799
chr8	115792420	115992420	harbor2	chr8	115843463	115843935	LTR/ERVL-MaLR	557	-	236	115843699	51279
chr8	115792420	115992420	harbor2	chr8	115845032	115845403	LTR/ERVL-MaLR	2467	-	186	115845218	52798
chr8	90219208	90419208	harbor2	chr8	90236835	90237248	LTR/ERVL-MaLR	554	-	206	90237041	17833
chr8	90219208	90419208	harbor2	chr8	90244494	90245038	LTR/ERVL-MaLR	1983	-	272	90244766	25558
chr8	90219208	90419208	harbor2	chr8	90252701	90253053	LTR/ERVL-MaLR	1363	-	176	90252877	33669
chr8	90219208	90419208	harbor2	chr8	90296876	90297239	LTR/ERVL-MaLR	2224	-	182	90297058	77850
chr8	125999393	126199393	harbor2	chr8	126001032	126001452	LTR/ERVL-MaLR	2132	-	210	126001242	1849
chr8	125999393	126199393	harbor2	chr8	126007149	126007503	LTR/ERVL-MaLR	2559	-	177	126007326	7933
chr8	125999393	126199393	harbor2	chr8	126056099	126056520	LTR/ERVL-MaLR	2381	-	210	126056309	56916
chr8	125999393	126199393	harbor2	chr8	126070411	126070800	LTR/ERVL-MaLR	1943	-	194	126070605	71212
chr8	125999393	126199393	harbor2	chr8	126074336	126074625	LTR/ERVL-MaLR	1018	-	144	126074480	75087
chr8	119461796	119661796	harbor2	chr8	119500871	119501154	LTR/ERVL-MaLR	696	-	142	119501013	39217
chr8	119461796	119661796	harbor2	chr8	119501552	119501845	LTR/ERVL-MaLR	696	-	146	119501698	39902
chr8	119461796	119661796	harbor2	chr8	119536217	119536575	LTR/ERVL-MaLR	439	-	179	119536396	74600
chr8	109646305	109846305	harbor2	chr8	109719256	109719587	LTR/ERVL-MaLR	429	-	166	109719422	73117
chr8	109646305	109846305	harbor2	chr8	109721393	109721738	LTR/ERVL-MaLR	2027	-	172	109721565	75260
chr8	139336514	139536514	harbor2	chr8	139348080	139348238	LTR/ERVL-MaLR	408	-	79	139348159	11645
chr8	139336514	139536514	harbor2	chr8	139364898	139365435	LTR/ERVL-MaLR	1757	-	268	139365166	28652
chr8	139336514	139536514	harbor2	chr8	139372152	139372621	LTR/ERVL-MaLR	1639	-	234	139372386	35872
chr8	139336514	139536514	harbor2	chr8	139413807	139414326	LTR/ERVL-MaLR	924	-	260	139414067	77553
chr8	139336514	139536514	harbor2	chr8	139430059	139430424	LTR/ERVL-MaLR	1588	-	182	139430241	93727
chr8	139336514	139536514	harbor2	chr8	139435792	139435931	LTR/ERVL-MaLR	434	-	70	139435862	99348
chr8	129740478	129940478	harbor2	chr8	129769390	129769773	LTR/ERVL-MaLR	1643	-	192	129769582	29104
chr8	129740478	129940478	harbor2	chr8	129797720	129797930	LTR/ERVL-MaLR	1222	-	105	129797825	57347
chr8	129740478	129940478	harbor2	chr8	129797931	129799560	LTR/ERVL-MaLR	11024	-	814	129798745	58267
chr8	129740478	129940478	harbor2	chr8	129799561	129799937	LTR/ERVL-MaLR	2380	-	188	129799749	59271
chr8	129740478	129940478	harbor2	chr8	129825299	129825672	LTR/ERVL-MaLR	1606	-	186	129825485	85007
chr8	129740478	129940478	harbor2	chr8	129827391	129827765	LTR/ERVL-MaLR	2238	-	187	129827578	87100
chr8	129740478	129940478	harbor2	chr8	129829771	129830125	LTR/ERVL-MaLR	2479	-	177	129829948	89470
chr8	129740478	129940478	harbor2	chr8	129830126	129831649	LTR/ERVL-MaLR	12045	-	762	129830888	90410
chr8	129740478	129940478	harbor2	chr8	129831650	129832001	LTR/ERVL-MaLR	2405	-	176	129831826	91348
chr8	129740478	129940478	harbor2	chr8	129840098	129840542	LTR/ERVL-MaLR	1618	-	222	129840320	99842
chr8	129740478	129940478	harbor2	chr8	129744477	129744906	LTR/ERVL-MaLR	517	-	214	129744691	4213
chr8	34234136	34434136	harbor2	chr8	34238551	34238932	LTR/ERVL-MaLR	2041	-	190	34238741	4605
chr8	34234136	34434136	harbor2	chr8	34241416	34241795	LTR/ERVL-MaLR	1384	-	190	34241606	7470
chr8	34234136	34434136	harbor2	chr8	34242762	34242944	LTR/ERVL-MaLR	658	-	91	34242853	8717
chr8	34234136	34434136	harbor2	chr8	34306094	34306542	LTR/ERVL-MaLR	2011	-	224	34306318	72182
chr8	34234136	34434136	harbor2	chr8	34316563	34317020	LTR/ERVL-MaLR	1587	-	228	34316791	82655
chr8	34234136	34434136	harbor2	chr8	34320828	34321129	LTR/ERVL-MaLR	1052	-	150	34320978	86842
chr8	34234136	34434136	harbor2	chr8	34321184	34321211	LTR/ERVL-MaLR	575	-	14	34321198	87062
chr8	34234136	34434136	harbor2	chr8	34321605	34321734	LTR/ERVL-MaLR	575	-	64	34321669	87533
chr8	83279564	83479564	harbor2	chr8	83329328	83329683	LTR/ERVL-MaLR	2020	-	178	83329506	49942
chr8	83279564	83479564	harbor2	chr8	83329684	83331196	LTR/ERVL-MaLR	9428	-	756	83330440	50876
chr8	83279564	83479564	harbor2	chr8	83331201	83331560	LTR/ERVL-MaLR	2200	-	180	83331381	51817
chr8	134602053	134802053	harbor2	chr8	134661981	134662339	LTR/ERVL-MaLR	2080	-	179	134662160	60107
chr8	66791204	66991204	harbor2	chr8	66809796	66810141	LTR/ERVL-MaLR	1276	-	172	66809968	18764
chr8	52847118	53047118	harbor2	chr8	52876693	52877078	LTR/ERVL-MaLR	2317	-	192	52876885	29767
chr8	52847118	53047118	harbor2	chr8	52882589	52882688	LTR/ERVL-MaLR	1864	-	50	52882639	35521
chr8	52847118	53047118	harbor2	chr8	52882970	52883290	LTR/ERVL-MaLR	1864	-	160	52883130	36012
chr8	52847118	53047118	harbor2	chr8	52883291	52884658	LTR/ERVL-MaLR	6855	-	684	52883975	36857
chr8	52847118	53047118	harbor2	chr8	52884661	52884849	LTR/ERVL-MaLR	1990	-	94	52884755	37637
chr8	52847118	53047118	harbor2	chr8	52884927	52885116	LTR/ERVL-MaLR	1990	-	94	52885021	37903
chr8	52847118	53047118	harbor2	chr8	52897127	52897575	LTR/ERVL-MaLR	1949	-	224	52897351	50233
chr8	52847118	53047118	harbor2	chr8	52897965	52898496	LTR/ERVL-MaLR	925	-	266	52898231	51113
chr8	52847118	53047118	harbor2	chr8	52900999	52901041	LTR/ERVL-MaLR	562	-	21	52901020	53902
chr8	52847118	53047118	harbor2	chr8	52901462	52901675	LTR/ERVL-MaLR	562	-	106	52901568	54450
chr8	52847118	53047118	harbor2	chr8	52904224	52904529	LTR/ERVL-MaLR	674	-	152	52904376	57258
chr8	52847118	53047118	harbor2	chr8	52933738	52934071	LTR/ERVL-MaLR	1667	-	166	52933904	86786
chr8	52847118	53047118	harbor2	chr8	52934070	52934439	LTR/ERVL-MaLR	2091	-	184	52934254	87136
chr8	52847118	53047118	harbor2	chr8	52934721	52934981	LTR/ERVL-MaLR	2091	-	130	52934851	87733
chr8	52847118	53047118	harbor2	chr8	52935000	52935146	LTR/ERVL-MaLR	784	-	73	52935073	87955
chr8	121120761	121320761	harbor2	chr8	121120585	121121012	LTR/ERVL-MaLR	3028	-	214	121120799	38
chr8	121120761	121320761	harbor2	chr8	121151603	121152024	LTR/ERVL-MaLR	1350	-	210	121151813	31052
chr8	121120761	121320761	harbor2	chr8	121155954	121156075	LTR/ERVL-MaLR	689	-	60	121156014	35253
chr8	121120761	121320761	harbor2	chr8	121161931	121162398	LTR/ERVL-MaLR	842	-	234	121162165	41404
chr8	121120761	121320761	harbor2	chr8	121173449	121173808	LTR/ERVL-MaLR	2563	-	180	121173629	52868
chr8	121120761	121320761	harbor2	chr8	121179583	121180024	LTR/ERVL-MaLR	1093	-	220	121179803	59042
chr8	121120761	121320761	harbor2	chr8	121193144	121193494	LTR/ERVL-MaLR	2128	-	175	121193319	72558
chr8	121120761	121320761	harbor2	chr8	121216455	121216632	LTR/ERVL-MaLR	1719	-	88	121216543	95782
chr8	121120761	121320761	harbor2	chr8	121216669	121216859	LTR/ERVL-MaLR	1719	-	95	121216764	96003
chr8	121120761	121320761	harbor2	chr8	121218283	121218648	LTR/ERVL-MaLR	2120	-	182	121218465	97704
chr8	121120761	121320761	harbor2	chr8	121218654	121220213	LTR/ERVL-MaLR	9999	-	780	121219434	98673
chr8	121120761	121320761	harbor2	chr8	121220214	121220574	LTR/ERVL-MaLR	1934	-	180	121220394	99633
chr8	104256930	104456930	harbor2	chr8	104269905	104270274	LTR/ERVL-MaLR	2263	-	184	104270089	13159
chr8	104256930	104456930	harbor2	chr8	104271997	104272148	LTR/ERVL-MaLR	431	-	76	104272073	15143
chr8	104256930	104456930	harbor2	chr8	104279077	104279465	LTR/ERVL-MaLR	2287	-	194	104279271	22341
chr8	104256930	104456930	harbor2	chr8	104279892	104280096	LTR/ERVL-MaLR	541	-	102	104279994	23064
chr8	104256930	104456930	harbor2	chr8	104304264	104304663	LTR/ERVL-MaLR	1951	-	200	104304464	47534
chr8	104256930	104456930	harbor2	chr8	104305680	104306106	LTR/ERVL-MaLR	1667	-	213	104305893	48963
chr8	104256930	104456930	harbor2	chr8	104306423	104306464	LTR/ERVL-MaLR	1667	-	20	104306443	49513
chr8	104256930	104456930	harbor2	chr8	104307840	104308196	LTR/ERVL-MaLR	2296	-	178	104308018	51088
chr8	104256930	104456930	harbor2	chr8	104319670	104320110	LTR/ERVL-MaLR	2535	-	220	104319890	62960
chr8	104256930	104456930	harbor2	chr8	104335986	104336202	LTR/ERVL-MaLR	493	-	108	104336094	79164
chr8	104256930	104456930	harbor2	chr8	104348217	104348471	LTR/ERVL-MaLR	948	-	127	104348344	91414
chr8	104256930	104456930	harbor2	chr8	104349781	104350221	LTR/ERVL-MaLR	1205	-	220	104350001	93071
chr8	104199899	104399899	harbor2	chr8	104202483	104202845	LTR/ERVL-MaLR	1754	-	181	104202664	2765
chr8	104199899	104399899	harbor2	chr8	104229588	104229938	LTR/ERVL-MaLR	438	-	175	104229763	29864
chr8	104199899	104399899	harbor2	chr8	104232428	104232944	LTR/ERVL-MaLR	1264	-	258	104232686	32787
chr8	104199899	104399899	harbor2	chr8	104233145	104234001	LTR/ERVL-MaLR	1891	-	428	104233573	33674
chr8	104199899	104399899	harbor2	chr8	104237279	104237548	LTR/ERVL-MaLR	570	-	134	104237413	37514
chr8	104199899	104399899	harbor2	chr8	104239714	104240296	LTR/ERVL-MaLR	2007	-	291	104240005	40106
chr8	104199899	104399899	harbor2	chr8	104247194	104247574	LTR/ERVL-MaLR	1860	-	190	104247384	47485
chr8	104199899	104399899	harbor2	chr8	104269905	104270274	LTR/ERVL-MaLR	2263	-	184	104270089	70190
chr8	104199899	104399899	harbor2	chr8	104271997	104272148	LTR/ERVL-MaLR	431	-	76	104272073	72174
chr8	104199899	104399899	harbor2	chr8	104279077	104279465	LTR/ERVL-MaLR	2287	-	194	104279271	79372
chr8	104199899	104399899	harbor2	chr8	104279892	104280096	LTR/ERVL-MaLR	541	-	102	104279994	80095
chr8	138332511	138532511	harbor2	chr8	138357928	138358273	LTR/ERVL-MaLR	2228	-	172	138358100	25589
chr8	138332511	138532511	harbor2	chr8	138377352	138377670	LTR/ERVL-MaLR	1242	-	159	138377511	45000
chr8	138332511	138532511	harbor2	chr8	138392904	138393268	LTR/ERVL-MaLR	2521	-	182	138393086	60575
chr8	138332511	138532511	harbor2	chr8	138408534	138408893	LTR/ERVL-MaLR	2062	-	180	138408714	76203
chr8	138332511	138532511	harbor2	chr8	138430363	138430801	LTR/ERVL-MaLR	594	-	219	138430582	98071
chr8	138332511	138532511	harbor2	chr8	138431379	138431437	LTR/ERVL-MaLR	500	-	29	138431408	98897
chr8	138332511	138532511	harbor2	chr8	138431653	138432180	LTR/ERVL-MaLR	500	-	264	138431917	99406
chr8	135665959	135865959	harbor2	chr8	135674712	135675163	LTR/ERVL-MaLR	858	-	226	135674938	8979
chr8	135665959	135865959	harbor2	chr8	135694520	135694871	LTR/ERVL-MaLR	2054	-	176	135694696	28737
chr8	135665959	135865959	harbor2	chr8	135714575	135714963	LTR/ERVL-MaLR	2066	-	194	135714769	48810
chr8	135665959	135865959	harbor2	chr8	135718390	135718750	LTR/ERVL-MaLR	2587	-	180	135718570	52611
chr8	135665959	135865959	harbor2	chr8	135722019	135722447	LTR/ERVL-MaLR	1525	-	214	135722233	56274
chr8	135665959	135865959	harbor2	chr8	135728722	135728902	LTR/ERVL-MaLR	449	-	90	135728812	62853
chr8	135665959	135865959	harbor2	chr8	135731947	135732400	LTR/ERVL-MaLR	1459	-	226	135732173	66214
chr8	135665959	135865959	harbor2	chr8	135740064	135740397	LTR/ERVL-MaLR	1802	-	166	135740230	74271
chr8	135665959	135865959	harbor2	chr8	135740600	135741148	LTR/ERVL-MaLR	975	-	274	135740874	74915
chr8	135665959	135865959	harbor2	chr8	135745169	135745528	LTR/ERVL-MaLR	918	-	180	135745349	79390
chr8	135665959	135865959	harbor2	chr8	135748898	135749032	LTR/ERVL-MaLR	393	-	67	135748965	83006
chr8	135665959	135865959	harbor2	chr8	135758252	135758617	LTR/ERVL-MaLR	1186	-	182	135758434	92475
chr8	137010071	137210071	harbor2	chr8	137012145	137012518	LTR/ERVL-MaLR	2572	-	186	137012331	2260
chr8	137010071	137210071	harbor2	chr8	137012519	137013221	LTR/ERVL-MaLR	4595	-	351	137012870	2799
chr8	137010071	137210071	harbor2	chr8	137024228	137024759	LTR/ERVL-MaLR	897	-	266	137024494	14423
chr8	137010071	137210071	harbor2	chr8	137025985	137026178	LTR/ERVL-MaLR	1176	-	96	137026081	16010
chr8	137010071	137210071	harbor2	chr8	137026593	137026730	LTR/ERVL-MaLR	945	-	68	137026661	16590
chr8	137010071	137210071	harbor2	chr8	137028924	137029337	LTR/ERVL-MaLR	2031	-	206	137029130	19059
chr8	137010071	137210071	harbor2	chr8	137030075	137030474	LTR/ERVL-MaLR	779	-	200	137030275	20204
chr8	137010071	137210071	harbor2	chr8	137046041	137046408	LTR/ERVL-MaLR	1987	-	184	137046225	36154
chr8	137010071	137210071	harbor2	chr8	137047291	137047661	LTR/ERVL-MaLR	2558	-	185	137047476	37405
chr8	137010071	137210071	harbor2	chr8	137047664	137048025	LTR/ERVL-MaLR	2200	-	180	137047844	37773
chr8	137010071	137210071	harbor2	chr8	137068003	137068361	LTR/ERVL-MaLR	430	-	179	137068182	58111
chr8	137010071	137210071	harbor2	chr8	137070219	137070658	LTR/ERVL-MaLR	1365	-	220	137070439	60368
chr8	137010071	137210071	harbor2	chr8	137079952	137080254	LTR/ERVL-MaLR	1243	-	151	137080103	70032
chr8	137010071	137210071	harbor2	chr8	137102924	137103169	LTR/ERVL-MaLR	724	-	122	137103046	92975
chr8	137010071	137210071	harbor2	chr8	137103194	137103420	LTR/ERVL-MaLR	985	-	113	137103307	93236
chr8	137010071	137210071	harbor2	chr8	137103568	137103701	LTR/ERVL-MaLR	508	-	66	137103634	93563
chr8	21130615	21330615	harbor2	chr8	21136692	21137138	LTR/ERVL-MaLR	1918	-	223	21136915	6300
chr8	21130615	21330615	harbor2	chr8	21174092	21174369	LTR/ERVL-MaLR	1373	-	138	21174230	43615
chr8	21130615	21330615	harbor2	chr8	21194296	21194657	LTR/ERVL-MaLR	1760	-	180	21194476	63861
chr8	21130615	21330615	harbor2	chr8	21200692	21201169	LTR/ERVL-MaLR	736	-	238	21200930	70315
chr8	143066382	143266382	harbor2	chr8	143069959	143070339	LTR/ERVL-MaLR	1923	-	190	143070149	3767
chr8	143066382	143266382	harbor2	chr8	143099664	143100015	LTR/ERVL-MaLR	2291	-	176	143099840	33458
chr8	143066382	143266382	harbor2	chr8	143120861	143121201	LTR/ERVL-MaLR	1359	-	170	143121031	54649
chr8	131591598	131791598	harbor2	chr8	131593136	131593362	LTR/ERVL-MaLR	836	-	113	131593249	1651
chr8	131591598	131791598	harbor2	chr8	131607196	131607402	LTR/ERVL-MaLR	2132	-	103	131607299	15701
chr8	131591598	131791598	harbor2	chr8	131608184	131608346	LTR/ERVL-MaLR	2132	-	81	131608265	16667
chr8	131591598	131791598	harbor2	chr8	131611263	131611675	LTR/ERVL-MaLR	2346	-	206	131611469	19871
chr8	131591598	131791598	harbor2	chr8	131643292	131643629	LTR/ERVL-MaLR	854	-	168	131643460	51862
chr8	131591598	131791598	harbor2	chr8	131655623	131656017	LTR/ERVL-MaLR	2025	-	197	131655820	64222
chr8	131591598	131791598	harbor2	chr8	131665191	131665567	LTR/ERVL-MaLR	2281	-	188	131665379	73781
chr8	131591598	131791598	harbor2	chr8	131665569	131665990	LTR/ERVL-MaLR	2409	-	210	131665779	74181
chr8	131591598	131791598	harbor2	chr8	131668547	131668941	LTR/ERVL-MaLR	1243	-	197	131668744	77146
chr8	76612256	76812256	harbor2	chr8	76625028	76625414	LTR/ERVL-MaLR	2576	-	193	76625221	12965
chr8	76612256	76812256	harbor2	chr8	76661233	76661582	LTR/ERVL-MaLR	1750	-	174	76661407	49151
chr8	109192330	109392330	harbor2	chr8	109194546	109194765	LTR/ERVL-MaLR	1612	-	110	109194656	2326
chr8	109192330	109392330	harbor2	chr8	109194785	109195554	LTR/ERVL-MaLR	5224	-	384	109195169	2839
chr8	109192330	109392330	harbor2	chr8	109195557	109195903	LTR/ERVL-MaLR	1949	-	173	109195730	3400
chr8	109192330	109392330	harbor2	chr8	109197072	109197503	LTR/ERVL-MaLR	2638	-	216	109197288	4958
chr8	109192330	109392330	harbor2	chr8	109237366	109237898	LTR/ERVL-MaLR	636	-	266	109237632	45302
chr8	109192330	109392330	harbor2	chr8	109239138	109239587	LTR/ERVL-MaLR	1257	-	224	109239362	47032
chr8	127348380	127548380	harbor2	chr8	127349174	127349671	LTR/ERVL-MaLR	1589	-	248	127349422	1042
chr8	127348380	127548380	harbor2	chr8	127360189	127360564	LTR/ERVL-MaLR	2176	-	188	127360377	11997
chr8	127348380	127548380	harbor2	chr8	127372307	127372791	LTR/ERVL-MaLR	1490	-	242	127372549	24169
chr8	127348380	127548380	harbor2	chr8	127388581	127389072	LTR/ERVL-MaLR	1024	-	246	127388827	40447
chr8	127348380	127548380	harbor2	chr8	127412314	127412814	LTR/ERVL-MaLR	997	-	250	127412564	64184
chr8	127348380	127548380	harbor2	chr8	127420740	127421005	LTR/ERVL-MaLR	552	-	132	127420872	72492
chr8	127348380	127548380	harbor2	chr8	127446007	127446127	LTR/ERVL-MaLR	539	-	60	127446067	97687
chr8	107925272	108125272	harbor2	chr8	107993621	107994028	LTR/ERVL-MaLR	1116	-	204	107993825	68553
chr8	111967363	112167363	harbor2	chr8	111971031	111971413	LTR/ERVL-MaLR	1937	-	191	111971222	3859
chr8	111967363	112167363	harbor2	chr8	111984650	111984845	LTR/ERVL-MaLR	909	-	98	111984748	17385
chr8	111967363	112167363	harbor2	chr8	111993291	111993647	LTR/ERVL-MaLR	1379	-	178	111993469	26106
chr8	111967363	112167363	harbor2	chr8	112060671	112061141	LTR/ERVL-MaLR	1637	-	235	112060906	93543
chr8	132968794	133168794	harbor2	chr8	132976158	132976482	LTR/ERVL-MaLR	1246	-	162	132976320	7526
chr8	132968794	133168794	harbor2	chr8	132977457	132977826	LTR/ERVL-MaLR	2308	-	184	132977641	8847
chr8	132968794	133168794	harbor2	chr8	132978021	132978446	LTR/ERVL-MaLR	2550	-	212	132978233	9439
chr8	132968794	133168794	harbor2	chr8	133000834	133001250	LTR/ERVL-MaLR	1739	-	208	133001042	32248
chr8	132968794	133168794	harbor2	chr8	133018122	133018465	LTR/ERVL-MaLR	1172	-	172	133018294	49500
chr8	132968794	133168794	harbor2	chr8	132988900	132989266	LTR/ERVL-MaLR	2269	-	183	132989083	20289
chr8	132968794	133168794	harbor2	chr8	133021514	133021865	LTR/ERVL-MaLR	1836	-	176	133021690	52896
chr8	63312357	63512357	harbor2	chr8	63334613	63335137	LTR/ERVL-MaLR	1069	-	262	63334875	22518
chr8	63312357	63512357	harbor2	chr8	63401680	63402104	LTR/ERVL-MaLR	598	-	212	63401892	89535
chr8	85537303	85737303	harbor2	chr8	85553434	85553770	LTR/ERVL-MaLR	1090	-	168	85553602	16299
chr8	85537303	85737303	harbor2	chr8	85565302	85565659	LTR/ERVL-MaLR	1664	-	178	85565480	28177
chr8	85537303	85737303	harbor2	chr8	85602586	85602724	LTR/ERVL-MaLR	1410	-	69	85602655	65352
chr8	85537303	85737303	harbor2	chr8	85602725	85603136	LTR/ERVL-MaLR	2667	-	206	85602931	65628
chr8	85537303	85737303	harbor2	chr8	85603137	85603635	LTR/ERVL-MaLR	1410	-	249	85603386	66083
chr8	85537303	85737303	harbor2	chr8	85621835	85622270	LTR/ERVL-MaLR	2183	-	218	85622053	84750
chr8	105947177	106147177	harbor2	chr8	106017449	106017821	LTR/ERVL-MaLR	2225	-	186	106017635	70458
chr8	39910805	40110805	harbor2	chr8	39954452	39954649	LTR/ERVL-MaLR	1760	-	98	39954550	43745
chr8	39910805	40110805	harbor2	chr8	39954957	39955148	LTR/ERVL-MaLR	1760	-	96	39955053	44248
chr8	39910805	40110805	harbor2	chr8	39988989	39989340	LTR/ERVL-MaLR	2018	-	176	39989165	78360
chr8	39910805	40110805	harbor2	chr8	40007690	40008045	LTR/ERVL-MaLR	2444	-	178	40007868	97063
chr8	39910805	40110805	harbor2	chr8	40008346	40008587	LTR/ERVL-MaLR	2444	-	120	40008466	97661
chr8	40368612	40568612	harbor2	chr8	40385278	40385684	LTR/ERVL-MaLR	714	-	203	40385481	16869
chr8	40368612	40568612	harbor2	chr8	40387141	40387588	LTR/ERVL-MaLR	1774	-	224	40387365	18753
chr8	40368612	40568612	harbor2	chr8	40387638	40387972	LTR/ERVL-MaLR	719	-	167	40387805	19193
chr8	40368612	40568612	harbor2	chr8	40387980	40388100	LTR/ERVL-MaLR	903	-	60	40388040	19428
chr8	40368612	40568612	harbor2	chr8	40388654	40389027	LTR/ERVL-MaLR	895	-	186	40388840	20228
chr8	40368612	40568612	harbor2	chr8	40393544	40393965	LTR/ERVL-MaLR	920	-	210	40393754	25142
chr8	40368612	40568612	harbor2	chr8	40400307	40400660	LTR/ERVL-MaLR	1163	-	176	40400483	31871
chr8	40368612	40568612	harbor2	chr8	40402088	40402203	LTR/ERVL-MaLR	521	-	58	40402146	33534
chr8	40368612	40568612	harbor2	chr8	40402300	40402703	LTR/ERVL-MaLR	2199	-	202	40402502	33890
chr8	40368612	40568612	harbor2	chr8	40441494	40441942	LTR/ERVL-MaLR	1139	-	224	40441718	73106
chr8	40368612	40568612	harbor2	chr8	40452986	40453527	LTR/ERVL-MaLR	718	-	270	40453256	84644
chr8	40368612	40568612	harbor2	chr8	40386253	40386844	LTR/ERVL-MaLR	1774	-	296	40386549	17937
chr8	128058087	128258087	harbor2	chr8	128070630	128070946	LTR/ERVL-MaLR	538	-	158	128070788	12701
chr8	128058087	128258087	harbor2	chr8	128089167	128089569	LTR/ERVL-MaLR	1567	-	201	128089368	31281
chr8	128058087	128258087	harbor2	chr8	128110296	128110417	LTR/ERVL-MaLR	634	-	60	128110356	52269
chr8	128058087	128258087	harbor2	chr8	128111701	128111900	LTR/ERVL-MaLR	551	-	100	128111801	53714
chr8	128058087	128258087	harbor2	chr8	128136556	128136865	LTR/ERVL-MaLR	479	-	154	128136710	78623
chr8	128058087	128258087	harbor2	chr8	128147022	128147591	LTR/ERVL-MaLR	2117	-	284	128147306	89219
chr8	128058087	128258087	harbor2	chr8	128154304	128154519	LTR/ERVL-MaLR	2306	-	108	128154412	96325
chr8	128058087	128258087	harbor2	chr8	128154825	128155006	LTR/ERVL-MaLR	2306	-	90	128154915	96828
chr8	86639356	86839356	harbor2	chr8	86735407	86735861	LTR/ERVL-MaLR	1884	-	227	86735634	96278
chr8	2430297	2630297	harbor2	chr8	2443219	2443355	LTR/ERVL-MaLR	661	-	68	2443287	12990
chr8	2430297	2630297	harbor2	chr8	2447228	2447585	LTR/ERVL-MaLR	2181	-	178	2447406	17109
chr8	2430297	2630297	harbor2	chr8	2476025	2476275	LTR/ERVL-MaLR	1493	-	125	2476150	45853
chr8	2430297	2630297	harbor2	chr8	2476571	2476742	LTR/ERVL-MaLR	1493	-	86	2476657	46360
chr8	2430297	2630297	harbor2	chr8	2489786	2489840	LTR/ERVL-MaLR	2194	-	27	2489813	59516
chr8	2430297	2630297	harbor2	chr8	2490159	2490481	LTR/ERVL-MaLR	2194	-	161	2490320	60023
chr8	38776023	38976023	harbor2	chr8	38777811	38777983	LTR/ERVL-MaLR	678	-	86	38777897	1874
chr8	38776023	38976023	harbor2	chr8	38789964	38790412	LTR/ERVL-MaLR	1696	-	224	38790188	14165
chr8	38776023	38976023	harbor2	chr8	38802585	38802988	LTR/ERVL-MaLR	2264	-	202	38802787	26764
chr8	38776023	38976023	harbor2	chr8	38827671	38828081	LTR/ERVL-MaLR	2167	-	205	38827876	51853
chr8	38776023	38976023	harbor2	chr8	38834024	38834501	LTR/ERVL-MaLR	2105	-	238	38834262	58239
chr8	38776023	38976023	harbor2	chr8	38840312	38840626	LTR/ERVL-MaLR	1083	-	157	38840469	64446
chr8	38776023	38976023	harbor2	chr8	38796842	38797325	LTR/ERVL-MaLR	2210	-	242	38797084	21061
chr8	83716537	83916537	harbor2	chr8	83739693	83740136	LTR/ERVL-MaLR	1564	-	222	83739915	23378
chr8	83716537	83916537	harbor2	chr8	83740138	83741432	LTR/ERVL-MaLR	4825	-	647	83740785	24248
chr8	83716537	83916537	harbor2	chr8	83758323	83758670	LTR/ERVL-MaLR	1435	-	174	83758497	41960
chr8	83716537	83916537	harbor2	chr8	83771922	83772043	LTR/ERVL-MaLR	373	-	60	83771982	55445
chr8	83716537	83916537	harbor2	chr8	83800027	83800383	LTR/ERVL-MaLR	2153	-	178	83800205	83668
chr8	103245934	103445934	harbor2	chr8	103253584	103254027	LTR/ERVL-MaLR	752	-	222	103253806	7872
chr8	103245934	103445934	harbor2	chr8	103310967	103311079	LTR/ERVL-MaLR	415	-	56	103311023	65089
chr8	103245934	103445934	harbor2	chr8	103338343	103338681	LTR/ERVL-MaLR	2220	-	169	103338512	92578
chr8	143741575	143941575	harbor2	chr8	143744134	143744333	LTR/ERVL-MaLR	562	-	100	143744234	2659
chr8	143741575	143941575	harbor2	chr8	143754255	143754616	LTR/ERVL-MaLR	1470	-	180	143754435	12860
chr8	143741575	143941575	harbor2	chr8	143754926	143755106	LTR/ERVL-MaLR	1470	-	90	143755016	13441
chr8	143741575	143941575	harbor2	chr8	143784134	143784160	LTR/ERVL-MaLR	825	-	13	143784147	42572
chr8	143741575	143941575	harbor2	chr8	143784540	143784728	LTR/ERVL-MaLR	825	-	94	143784634	43059
chr8	143741575	143941575	harbor2	chr8	143784750	143784892	LTR/ERVL-MaLR	448	-	71	143784821	43246
chr8	123036703	123236703	harbor2	chr8	123068737	123069102	LTR/ERVL-MaLR	2051	-	182	123068919	32216
chr8	123036703	123236703	harbor2	chr8	123081593	123081950	LTR/ERVL-MaLR	2100	-	178	123081771	45068
chr8	123036703	123236703	harbor2	chr8	123099727	123100109	LTR/ERVL-MaLR	1740	-	191	123099918	63215
chr8	123036703	123236703	harbor2	chr8	123108690	123109068	LTR/ERVL-MaLR	2275	-	189	123108879	72176
chr8	123036703	123236703	harbor2	chr8	123115486	123115989	LTR/ERVL-MaLR	2076	-	252	123115738	79035
chr8	65537470	65737470	harbor2	chr8	65554985	65555443	LTR/ERVL-MaLR	1897	-	229	65555214	17744
chr8	65537470	65737470	harbor2	chr8	65581438	65581791	LTR/ERVL-MaLR	2853	-	176	65581614	44144
chr8	65537470	65737470	harbor2	chr8	65587535	65587908	LTR/ERVL-MaLR	1439	-	186	65587721	50251
chr8	131166543	131366543	harbor2	chr8	131209016	131209402	LTR/ERVL-MaLR	1396	-	193	131209209	42666
chr8	131166543	131366543	harbor2	chr8	131217168	131217657	LTR/ERVL-MaLR	1139	-	244	131217412	50869
chr8	131166543	131366543	harbor2	chr8	131217719	131218090	LTR/ERVL-MaLR	988	-	186	131217905	51362
chr8	131166543	131366543	harbor2	chr8	131226660	131227009	LTR/ERVL-MaLR	2372	-	174	131226834	60291
chr8	131166543	131366543	harbor2	chr8	131231173	131231510	LTR/ERVL-MaLR	547	-	168	131231341	64798
chr8	131166543	131366543	harbor2	chr8	131259304	131259684	LTR/ERVL-MaLR	2225	-	190	131259494	92951
chr8	78564748	78764748	harbor2	chr8	78575824	78576202	LTR/ERVL-MaLR	1584	-	189	78576013	11265
chr8	78564748	78764748	harbor2	chr8	78582220	78582580	LTR/ERVL-MaLR	2054	-	180	78582400	17652
chr8	78564748	78764748	harbor2	chr8	78659558	78659785	LTR/ERVL-MaLR	612	-	114	78659672	94924
chr8	128928583	129128583	harbor2	chr8	128958999	128959459	LTR/ERVL-MaLR	760	-	230	128959229	30646
chr8	128928583	129128583	harbor2	chr8	128959632	128960012	LTR/ERVL-MaLR	2075	-	190	128959822	31239
chr8	128928583	129128583	harbor2	chr8	128965825	128966199	LTR/ERVL-MaLR	2506	-	187	128966012	37429
chr8	128928583	129128583	harbor2	chr8	128989484	128989944	LTR/ERVL-MaLR	1845	-	230	128989714	61131
chr8	53435652	53635652	harbor2	chr8	53450987	53451357	LTR/ERVL-MaLR	1727	-	185	53451172	15520
chr8	53435652	53635652	harbor2	chr8	53491339	53491763	LTR/ERVL-MaLR	961	-	212	53491551	55899
chr8	53435652	53635652	harbor2	chr8	53515520	53515939	LTR/ERVL-MaLR	1608	-	210	53515730	80078
chr8	31978400	32178400	harbor2	chr8	32021167	32021609	LTR/ERVL-MaLR	2494	-	221	32021388	42988
chr8	97173533	97373533	harbor2	chr8	97189220	97189604	LTR/ERVL-MaLR	2286	-	192	97189412	15879
chr8	97173533	97373533	harbor2	chr8	97206709	97207097	LTR/ERVL-MaLR	2066	-	194	97206903	33370
chr8	97173533	97373533	harbor2	chr8	97211268	97211629	LTR/ERVL-MaLR	2251	-	180	97211448	37915
chr8	97173533	97373533	harbor2	chr8	97218092	97218464	LTR/ERVL-MaLR	2189	-	186	97218278	44745
chr8	97173533	97373533	harbor2	chr8	97228135	97228496	LTR/ERVL-MaLR	2175	-	180	97228315	54782
chr8	97173533	97373533	harbor2	chr8	97235811	97236351	LTR/ERVL-MaLR	1128	-	270	97236081	62548
chr8	97173533	97373533	harbor2	chr8	97236358	97237721	LTR/ERVL-MaLR	4853	-	682	97237040	63507
chr8	97173533	97373533	harbor2	chr8	97237755	97238196	LTR/ERVL-MaLR	1099	-	220	97237975	64442
chr8	97173533	97373533	harbor2	chr8	97239820	97240265	LTR/ERVL-MaLR	1410	-	222	97240042	66509
chr8	97173533	97373533	harbor2	chr8	97241245	97241613	LTR/ERVL-MaLR	1689	-	184	97241429	67896
chr8	97173533	97373533	harbor2	chr8	97246332	97246587	LTR/ERVL-MaLR	419	-	128	97246460	72927
chr8	97173533	97373533	harbor2	chr8	97248218	97248474	LTR/ERVL-MaLR	427	-	128	97248346	74813
chr8	97173533	97373533	harbor2	chr8	97256883	97257214	LTR/ERVL-MaLR	877	-	166	97257049	83516
chr8	122992816	123192816	harbor2	chr8	123006913	123007372	LTR/ERVL-MaLR	1420	-	230	123007143	14327
chr8	122992816	123192816	harbor2	chr8	123068737	123069102	LTR/ERVL-MaLR	2051	-	182	123068919	76103
chr8	122992816	123192816	harbor2	chr8	123081593	123081950	LTR/ERVL-MaLR	2100	-	178	123081771	88955
chr8	144913422	145113422	harbor2	chr8	144940694	144941064	LTR/ERVL-MaLR	1633	-	185	144940879	27457
chr8	144913422	145113422	harbor2	chr8	145007158	145007323	LTR/ERVL-MaLR	646	-	82	145007240	93818
chr8	122624213	122824213	harbor2	chr8	122624229	122624421	LTR/ERVL-MaLR	1165	-	96	122624325	112
chr8	122624213	122824213	harbor2	chr8	122624743	122624901	LTR/ERVL-MaLR	1165	-	79	122624822	609
chr8	122624213	122824213	harbor2	chr8	122627999	122628395	LTR/ERVL-MaLR	697	-	198	122628197	3984
chr8	122624213	122824213	harbor2	chr8	122630652	122631001	LTR/ERVL-MaLR	1423	-	174	122630826	6613
chr8	122624213	122824213	harbor2	chr8	122631602	122631742	LTR/ERVL-MaLR	762	-	70	122631672	7459
chr8	122624213	122824213	harbor2	chr8	122632126	122632343	LTR/ERVL-MaLR	832	-	108	122632234	8021
chr8	122624213	122824213	harbor2	chr8	122660184	122660541	LTR/ERVL-MaLR	980	-	178	122660362	36149
chr8	122624213	122824213	harbor2	chr8	122660542	122660745	LTR/ERVL-MaLR	663	-	102	122660644	36431
chr8	122624213	122824213	harbor2	chr8	122674962	122675187	LTR/ERVL-MaLR	421	-	112	122675074	50861
chr8	122624213	122824213	harbor2	chr8	122690071	122690482	LTR/ERVL-MaLR	672	-	206	122690277	66064
chr8	122624213	122824213	harbor2	chr8	122691300	122691608	LTR/ERVL-MaLR	888	-	154	122691454	67241
chr8	122624213	122824213	harbor2	chr8	122700226	122700323	LTR/ERVL-MaLR	498	-	48	122700274	76061
chr8	122624213	122824213	harbor2	chr8	122702291	122702791	LTR/ERVL-MaLR	2284	-	250	122702541	78328
chr8	122624213	122824213	harbor2	chr8	122707749	122708095	LTR/ERVL-MaLR	2026	-	173	122707922	83709
chr8	122624213	122824213	harbor2	chr8	122709517	122709800	LTR/ERVL-MaLR	2672	-	142	122709659	85446
chr8	122624213	122824213	harbor2	chr8	122710127	122710349	LTR/ERVL-MaLR	2672	-	111	122710238	86025
chr8	122624213	122824213	harbor2	chr8	122710853	122711038	LTR/ERVL-MaLR	869	-	92	122710945	86732
chr8	122624213	122824213	harbor2	chr8	122713920	122714177	LTR/ERVL-MaLR	1125	-	128	122714048	89835
chr8	131606213	131806213	harbor2	chr8	131607196	131607402	LTR/ERVL-MaLR	2132	-	103	131607299	1086
chr8	131606213	131806213	harbor2	chr8	131608184	131608346	LTR/ERVL-MaLR	2132	-	81	131608265	2052
chr8	131606213	131806213	harbor2	chr8	131611263	131611675	LTR/ERVL-MaLR	2346	-	206	131611469	5256
chr8	131606213	131806213	harbor2	chr8	131643292	131643629	LTR/ERVL-MaLR	854	-	168	131643460	37247
chr8	131606213	131806213	harbor2	chr8	131655623	131656017	LTR/ERVL-MaLR	2025	-	197	131655820	49607
chr8	131606213	131806213	harbor2	chr8	131665191	131665567	LTR/ERVL-MaLR	2281	-	188	131665379	59166
chr8	131606213	131806213	harbor2	chr8	131665569	131665990	LTR/ERVL-MaLR	2409	-	210	131665779	59566
chr8	131606213	131806213	harbor2	chr8	131668547	131668941	LTR/ERVL-MaLR	1243	-	197	131668744	62531
chr8	131606213	131806213	harbor2	chr8	131692745	131693164	LTR/ERVL-MaLR	2378	-	210	131692955	86742
chr8	131606213	131806213	harbor2	chr8	131693165	131693472	LTR/ERVL-MaLR	8927	-	154	131693319	87106
chr8	131606213	131806213	harbor2	chr8	131695141	131695557	LTR/ERVL-MaLR	2000	-	208	131695349	89136
chr8	131606213	131806213	harbor2	chr8	131697585	131697745	LTR/ERVL-MaLR	527	-	80	131697665	91452
chr8	131606213	131806213	harbor2	chr8	131700100	131700335	LTR/ERVL-MaLR	423	-	118	131700218	94005
chr8	131606213	131806213	harbor2	chr8	131700377	131700620	LTR/ERVL-MaLR	867	-	122	131700499	94286
chr8	131606213	131806213	harbor2	chr8	131703076	131703170	LTR/ERVL-MaLR	376	-	47	131703123	96910
chr8	131606213	131806213	harbor2	chr8	131693758	131695140	LTR/ERVL-MaLR	8927	-	691	131694449	88236
chr8	118419566	118619566	harbor2	chr8	118479282	118479629	LTR/ERVL-MaLR	2101	-	174	118479456	59890
chr8	118419566	118619566	harbor2	chr8	118490682	118490939	LTR/ERVL-MaLR	541	-	128	118490810	71244
chr8	118419566	118619566	harbor2	chr8	118499010	118499371	LTR/ERVL-MaLR	478	-	180	118499190	79624
chr8	118419566	118619566	harbor2	chr8	118517977	118518199	LTR/ERVL-MaLR	599	-	111	118518088	98522
chr8	113712483	113912483	harbor2	chr8	113715072	113715434	LTR/ERVL-MaLR	2154	-	181	113715253	2770
chr8	113712483	113912483	harbor2	chr8	113734931	113735314	LTR/ERVL-MaLR	1471	-	192	113735123	22640
chr8	113712483	113912483	harbor2	chr8	113763117	113763485	LTR/ERVL-MaLR	1655	-	184	113763301	50818
chr8	113712483	113912483	harbor2	chr8	113785288	113785769	LTR/ERVL-MaLR	939	-	240	113785528	73045
chr8	113712483	113912483	harbor2	chr8	113797646	113798000	LTR/ERVL-MaLR	2347	-	177	113797823	85340
chr8	85482121	85682121	harbor2	chr8	85498961	85499359	LTR/ERVL-MaLR	1225	-	199	85499160	17039
chr8	85482121	85682121	harbor2	chr8	85516395	85516865	LTR/ERVL-MaLR	2020	-	235	85516630	34509
chr8	85482121	85682121	harbor2	chr8	85535197	85535668	LTR/ERVL-MaLR	1506	-	236	85535433	53312
chr8	85482121	85682121	harbor2	chr8	85553434	85553770	LTR/ERVL-MaLR	1090	-	168	85553602	71481
chr8	85482121	85682121	harbor2	chr8	85565302	85565659	LTR/ERVL-MaLR	1664	-	178	85565480	83359
chr8	115793057	115993057	harbor2	chr8	115823138	115823505	LTR/ERVL-MaLR	2364	-	184	115823322	30265
chr8	115793057	115993057	harbor2	chr8	115830637	115831970	LTR/ERVL-MaLR	2702	-	666	115831303	38246
chr8	115793057	115993057	harbor2	chr8	115831973	115832466	LTR/ERVL-MaLR	799	-	246	115832219	39162
chr8	115793057	115993057	harbor2	chr8	115843463	115843935	LTR/ERVL-MaLR	557	-	236	115843699	50642
chr8	115793057	115993057	harbor2	chr8	115845032	115845403	LTR/ERVL-MaLR	2467	-	186	115845218	52161
chr8	137851357	138051357	harbor2	chr8	137858184	137858532	LTR/ERVL-MaLR	1981	-	174	137858358	7001
chr8	137851357	138051357	harbor2	chr8	137892490	137892826	LTR/ERVL-MaLR	524	-	168	137892658	41301
chr8	137851357	138051357	harbor2	chr8	137892878	137893125	LTR/ERVL-MaLR	446	-	124	137893002	41645
chr8	137851357	138051357	harbor2	chr8	137893386	137894618	LTR/ERVL-MaLR	1650	-	616	137894002	42645
chr8	137851357	138051357	harbor2	chr8	137894619	137895154	LTR/ERVL-MaLR	399	-	268	137894887	43530
chr8	137851357	138051357	harbor2	chr8	137907191	137907667	LTR/ERVL-MaLR	1024	-	238	137907429	56072
chr8	137851357	138051357	harbor2	chr8	137911921	137912287	LTR/ERVL-MaLR	2198	-	183	137912104	60747
chr8	137851357	138051357	harbor2	chr8	137912288	137913838	LTR/ERVL-MaLR	11310	-	775	137913063	61706
chr8	137851357	138051357	harbor2	chr8	137913839	137914206	LTR/ERVL-MaLR	2155	-	184	137914023	62666
chr8	137851357	138051357	harbor2	chr8	137923230	137923592	LTR/ERVL-MaLR	2434	-	181	137923411	72054
chr8	137851357	138051357	harbor2	chr8	137949609	137949958	LTR/ERVL-MaLR	1800	-	174	137949783	98426
chr8	87673781	87873781	harbor2	chr8	87705222	87705605	LTR/ERVL-MaLR	2135	-	192	87705414	31633
chr8	87673781	87873781	harbor2	chr8	87705607	87707182	LTR/ERVL-MaLR	9728	-	788	87706395	32614
chr8	87673781	87873781	harbor2	chr8	87707185	87707409	LTR/ERVL-MaLR	1865	-	112	87707297	33516
chr8	87673781	87873781	harbor2	chr8	87707708	87707914	LTR/ERVL-MaLR	1865	-	103	87707811	34030
chr8	87673781	87873781	harbor2	chr8	87725464	87725832	LTR/ERVL-MaLR	1825	-	184	87725648	51867
chr8	87673781	87873781	harbor2	chr8	87755568	87755932	LTR/ERVL-MaLR	2620	-	182	87755750	81969
chr8	87673781	87873781	harbor2	chr8	87767999	87768341	LTR/ERVL-MaLR	2085	-	171	87768170	94389
chr8	133694195	133894195	harbor2	chr8	133697718	133697913	LTR/ERVL-MaLR	879	-	98	133697816	3621
chr8	133694195	133894195	harbor2	chr8	133698215	133698485	LTR/ERVL-MaLR	879	-	135	133698350	4155
chr8	133694195	133894195	harbor2	chr8	133712760	133712816	LTR/ERVL-MaLR	434	-	28	133712788	18593
chr8	133694195	133894195	harbor2	chr8	133712997	133713321	LTR/ERVL-MaLR	434	-	162	133713159	18964
chr8	133694195	133894195	harbor2	chr8	133727128	133727580	LTR/ERVL-MaLR	1973	-	226	133727354	33159
chr8	133694195	133894195	harbor2	chr8	133753015	133753166	LTR/ERVL-MaLR	1368	-	76	133753091	58896
chr8	133694195	133894195	harbor2	chr8	133753167	133753528	LTR/ERVL-MaLR	2033	-	180	133753347	59152
chr8	133694195	133894195	harbor2	chr8	133753529	133753814	LTR/ERVL-MaLR	1368	-	142	133753671	59476
chr8	133694195	133894195	harbor2	chr8	133759081	133759344	LTR/ERVL-MaLR	747	-	132	133759213	65018
chr8	133694195	133894195	harbor2	chr8	133789077	133789629	LTR/ERVL-MaLR	1147	-	276	133789353	95158
chr8	133694195	133894195	harbor2	chr8	133793314	133793419	LTR/ERVL-MaLR	412	-	52	133793366	99171
chr8	133694195	133894195	harbor2	chr8	133793872	133794219	LTR/ERVL-MaLR	656	-	174	133794046	99851
chr8	28051271	28251271	harbor2	chr8	28113602	28113919	LTR/ERVL-MaLR	906	-	158	28113760	62489
chr8	28051271	28251271	harbor2	chr8	28114312	28114713	LTR/ERVL-MaLR	2379	-	200	28114512	63241
chr8	81433329	81633329	harbor2	chr8	81454132	81454327	LTR/ERVL-MaLR	591	-	98	81454230	20901
chr8	81433329	81633329	harbor2	chr8	81517334	81517418	LTR/ERVL-MaLR	495	-	42	81517376	84047
chr8	81433329	81633329	harbor2	chr8	81519036	81519375	LTR/ERVL-MaLR	2186	-	170	81519206	85877
chr8	13813751	14013751	harbor2	chr8	13817911	13818112	LTR/ERVL-MaLR	960	-	100	13818011	4260
chr8	13813751	14013751	harbor2	chr8	13818424	13818621	LTR/ERVL-MaLR	960	-	98	13818522	4771
chr8	13813751	14013751	harbor2	chr8	13818632	13820330	LTR/ERVL-MaLR	4933	-	849	13819481	5730
chr8	13813751	14013751	harbor2	chr8	13820837	13821259	LTR/ERVL-MaLR	1406	-	211	13821048	7297
chr8	13813751	14013751	harbor2	chr8	13828925	13829109	LTR/ERVL-MaLR	485	-	92	13829017	15266
chr8	13813751	14013751	harbor2	chr8	13840776	13841188	LTR/ERVL-MaLR	985	-	206	13840982	27231
chr8	69729267	69929267	harbor2	chr8	69761188	69761617	LTR/ERVL-MaLR	1770	-	214	69761402	32135
chr8	69729267	69929267	harbor2	chr8	69768450	69768830	LTR/ERVL-MaLR	1221	-	190	69768640	39373
chr8	69729267	69929267	harbor2	chr8	69794718	69795142	LTR/ERVL-MaLR	2635	-	212	69794930	65663
chr8	69729267	69929267	harbor2	chr8	69796620	69797053	LTR/ERVL-MaLR	8410	-	216	69796836	67569
chr8	69729267	69929267	harbor2	chr8	69798170	69798288	LTR/ERVL-MaLR	778	-	59	69798229	68962
chr8	69729267	69929267	harbor2	chr8	69798289	69798714	LTR/ERVL-MaLR	2697	-	212	69798501	69234
chr8	69729267	69929267	harbor2	chr8	69799540	69799904	LTR/ERVL-MaLR	2494	-	182	69799722	70455
chr8	69729267	69929267	harbor2	chr8	69800628	69800998	LTR/ERVL-MaLR	749	-	185	69800813	71546
chr8	69729267	69929267	harbor2	chr8	69795144	69796331	LTR/ERVL-MaLR	8410	-	594	69795738	66471
chr8	141717402	141917402	harbor2	chr8	141763854	141764294	LTR/ERVL-MaLR	1194	-	220	141764074	46672
chr8	141717402	141917402	harbor2	chr8	141767524	141767968	LTR/ERVL-MaLR	1431	-	222	141767746	50344
chr8	141717402	141917402	harbor2	chr8	141771743	141772113	LTR/ERVL-MaLR	1573	-	185	141771928	54526
chr8	141717402	141917402	harbor2	chr8	141774176	141774677	LTR/ERVL-MaLR	838	-	250	141774426	57024
chr8	141717402	141917402	harbor2	chr8	141807140	141807451	LTR/ERVL-MaLR	992	-	156	141807296	89894
chr8	141717402	141917402	harbor2	chr8	141803196	141803535	LTR/ERVL-MaLR	1220	-	170	141803366	85964
chr8	137187072	137387072	harbor2	chr8	137187741	137187928	LTR/ERVL-MaLR	476	-	94	137187835	763
chr8	137187072	137387072	harbor2	chr8	137210173	137210308	LTR/ERVL-MaLR	764	-	68	137210241	23169
chr8	137187072	137387072	harbor2	chr8	137238756	137238898	LTR/ERVL-MaLR	919	-	71	137238827	51755
chr8	137187072	137387072	harbor2	chr8	137255914	137256327	LTR/ERVL-MaLR	1733	-	206	137256120	69048
chr8	137187072	137387072	harbor2	chr8	137277700	137278086	LTR/ERVL-MaLR	1816	-	193	137277893	90821
chr8	136759594	136959594	harbor2	chr8	136768897	136769246	LTR/ERVL-MaLR	2540	-	174	136769071	9477
chr8	136759594	136959594	harbor2	chr8	136769247	136770824	LTR/ERVL-MaLR	11268	-	788	136770035	10441
chr8	136759594	136959594	harbor2	chr8	136770826	136771119	LTR/ERVL-MaLR	2130	-	146	136770972	11378
chr8	136759594	136959594	harbor2	chr8	136850642	136851012	LTR/ERVL-MaLR	2139	-	185	136850827	91233
chr8	136759594	136959594	harbor2	chr8	136855594	136855830	LTR/ERVL-MaLR	750	-	118	136855712	96118
chr8	136759594	136959594	harbor2	chr8	136773476	136774018	LTR/ERVL-MaLR	1268	-	271	136773747	14153
chr8	133392409	133592409	harbor2	chr8	133396812	133396926	LTR/ERVL-MaLR	783	-	57	133396869	4460
chr8	133392409	133592409	harbor2	chr8	133397247	133397597	LTR/ERVL-MaLR	783	-	175	133397422	5013
chr8	133392409	133592409	harbor2	chr8	133397683	133398193	LTR/ERVL-MaLR	2259	-	255	133397938	5529
chr8	133392409	133592409	harbor2	chr8	133401410	133401922	LTR/ERVL-MaLR	1327	-	256	133401666	9257
chr8	133392409	133592409	harbor2	chr8	133405039	133405214	LTR/ERVL-MaLR	397	-	88	133405127	12718
chr8	133392409	133592409	harbor2	chr8	133410179	133410534	LTR/ERVL-MaLR	1904	-	178	133410357	17948
chr8	133392409	133592409	harbor2	chr8	133413728	133413953	LTR/ERVL-MaLR	717	-	112	133413840	21431
chr8	133392409	133592409	harbor2	chr8	133414107	133414274	LTR/ERVL-MaLR	778	-	84	133414191	21782
chr8	133392409	133592409	harbor2	chr8	133429775	133430209	LTR/ERVL-MaLR	2106	-	217	133429992	37583
chr8	133392409	133592409	harbor2	chr8	133430937	133431072	LTR/ERVL-MaLR	923	-	68	133431005	38596
chr8	133392409	133592409	harbor2	chr8	133431105	133431265	LTR/ERVL-MaLR	923	-	80	133431185	38776
chr8	133392409	133592409	harbor2	chr8	133445767	133446268	LTR/ERVL-MaLR	1249	-	250	133446017	53608
chr8	133392409	133592409	harbor2	chr8	133451891	133452237	LTR/ERVL-MaLR	1204	-	173	133452064	59655
chr8	133392409	133592409	harbor2	chr8	133472361	133472481	LTR/ERVL-MaLR	849	-	60	133472421	80012
chr8	124291924	124491924	harbor2	chr8	124345663	124345730	LTR/ERVL-MaLR	1940	-	34	124345697	53773
chr8	124291924	124491924	harbor2	chr8	124346045	124346352	LTR/ERVL-MaLR	1940	-	154	124346199	54275
chr8	124291924	124491924	harbor2	chr8	124375116	124375616	LTR/ERVL-MaLR	1207	-	250	124375366	83442
chr8	124291924	124491924	harbor2	chr8	124387817	124388017	LTR/ERVL-MaLR	927	-	100	124387917	95993
chr8	131538625	131738625	harbor2	chr8	131539851	131540246	LTR/ERVL-MaLR	1893	-	198	131540049	1424
chr8	131538625	131738625	harbor2	chr8	131583833	131584180	LTR/ERVL-MaLR	1863	-	174	131584007	45382
chr8	131538625	131738625	harbor2	chr8	131593136	131593362	LTR/ERVL-MaLR	836	-	113	131593249	54624
chr8	131538625	131738625	harbor2	chr8	131607196	131607402	LTR/ERVL-MaLR	2132	-	103	131607299	68674
chr8	131538625	131738625	harbor2	chr8	131608184	131608346	LTR/ERVL-MaLR	2132	-	81	131608265	69640
chr8	131538625	131738625	harbor2	chr8	131611263	131611675	LTR/ERVL-MaLR	2346	-	206	131611469	72844
chr8	137994976	138194976	harbor2	chr8	138004311	138004661	LTR/ERVL-MaLR	2001	-	175	138004486	9510
chr8	137994976	138194976	harbor2	chr8	138010520	138010907	LTR/ERVL-MaLR	1395	-	194	138010714	15738
chr8	137994976	138194976	harbor2	chr8	138022976	138023347	LTR/ERVL-MaLR	1828	-	186	138023162	28186
chr8	137994976	138194976	harbor2	chr8	138032397	138032714	LTR/ERVL-MaLR	1564	-	158	138032555	37579
chr8	137994976	138194976	harbor2	chr8	138092861	138094065	LTR/ERVL-MaLR	7801	-	602	138093463	98487
chr8	137994976	138194976	harbor2	chr8	138094088	138094317	LTR/ERVL-MaLR	720	-	114	138094202	99226
chr8	127955550	128155550	harbor2	chr8	127964494	127964750	LTR/ERVL-MaLR	962	-	128	127964622	9072
chr8	127955550	128155550	harbor2	chr8	128001667	128002009	LTR/ERVL-MaLR	2039	-	171	128001838	46288
chr8	127955550	128155550	harbor2	chr8	128002401	128002837	LTR/ERVL-MaLR	1776	-	218	128002619	47069
chr8	127955550	128155550	harbor2	chr8	128003829	128004200	LTR/ERVL-MaLR	1335	-	186	128004015	48465
chr8	127955550	128155550	harbor2	chr8	128015403	128015494	LTR/ERVL-MaLR	407	-	46	128015449	59899
chr8	127955550	128155550	harbor2	chr8	128015791	128015910	LTR/ERVL-MaLR	407	-	60	128015851	60301
chr8	104586968	104786968	harbor2	chr8	104601348	104601706	LTR/ERVL-MaLR	1819	-	179	104601527	14559
chr8	104586968	104786968	harbor2	chr8	104625942	104626062	LTR/ERVL-MaLR	1461	-	60	104626002	39034
chr8	104586968	104786968	harbor2	chr8	104626371	104626729	LTR/ERVL-MaLR	1461	-	179	104626550	39582
chr8	104586968	104786968	harbor2	chr8	104636770	104636825	LTR/ERVL-MaLR	427	-	28	104636798	49830
chr8	104586968	104786968	harbor2	chr8	104636827	104636985	LTR/ERVL-MaLR	998	-	79	104636906	49938
chr8	104586968	104786968	harbor2	chr8	104652875	104653203	LTR/ERVL-MaLR	1216	-	164	104653039	66071
chr8	104586968	104786968	harbor2	chr8	104657859	104658238	LTR/ERVL-MaLR	2056	-	190	104658049	71081
chr8	104586968	104786968	harbor2	chr8	104669512	104669790	LTR/ERVL-MaLR	625	-	139	104669651	82683
chr8	104586968	104786968	harbor2	chr8	104676112	104676639	LTR/ERVL-MaLR	1688	-	264	104676376	89408
chr8	104586968	104786968	harbor2	chr8	104683680	104684045	LTR/ERVL-MaLR	1990	-	182	104683862	96894
chr8	104586968	104786968	harbor2	chr8	104684637	104684853	LTR/ERVL-MaLR	1657	-	108	104684745	97777
chr8	104586968	104786968	harbor2	chr8	104684999	104685121	LTR/ERVL-MaLR	1657	-	61	104685060	98092
chr8	74276742	74476742	harbor2	chr8	74347810	74348259	LTR/ERVL-MaLR	911	-	224	74348034	71292
chr8	141165071	141365071	harbor2	chr8	141192871	141193260	LTR/ERVL-MaLR	700	-	194	141193065	27994
chr8	141165071	141365071	harbor2	chr8	141193261	141193599	LTR/ERVL-MaLR	947	-	169	141193430	28359
chr8	141165071	141365071	harbor2	chr8	141246250	141246674	LTR/ERVL-MaLR	526	-	212	141246462	81391
chr8	141691577	141891577	harbor2	chr8	141699701	141700237	LTR/ERVL-MaLR	1079	-	268	141699969	8392
chr8	141691577	141891577	harbor2	chr8	141763854	141764294	LTR/ERVL-MaLR	1194	-	220	141764074	72497
chr8	141691577	141891577	harbor2	chr8	141767524	141767968	LTR/ERVL-MaLR	1431	-	222	141767746	76169
chr8	141691577	141891577	harbor2	chr8	141771743	141772113	LTR/ERVL-MaLR	1573	-	185	141771928	80351
chr8	141691577	141891577	harbor2	chr8	141774176	141774677	LTR/ERVL-MaLR	838	-	250	141774426	82849
chr8	136365675	136565675	harbor2	chr8	136377125	136377489	LTR/ERVL-MaLR	2028	-	182	136377307	11632
chr8	136365675	136565675	harbor2	chr8	136386669	136387039	LTR/ERVL-MaLR	2011	-	185	136386854	21179
chr8	136365675	136565675	harbor2	chr8	136409366	136409797	LTR/ERVL-MaLR	1638	-	216	136409582	43907
chr8	136365675	136565675	harbor2	chr8	136420426	136420508	LTR/ERVL-MaLR	467	-	41	136420467	54792
chr8	136365675	136565675	harbor2	chr8	136422932	136423056	LTR/ERVL-MaLR	510	-	62	136422994	57319
chr8	136365675	136565675	harbor2	chr8	136448069	136448451	LTR/ERVL-MaLR	1669	-	191	136448260	82585
chr8	136365675	136565675	harbor2	chr8	136463007	136463490	LTR/ERVL-MaLR	1247	-	242	136463249	97574
chr8	136365675	136565675	harbor2	chr8	136462022	136462411	LTR/ERVL-MaLR	1644	-	194	136462216	96541
chr8	134687359	134887359	harbor2	chr8	134743989	134744295	LTR/ERVL-MaLR	2409	-	153	134744142	56783
chr8	134687359	134887359	harbor2	chr8	134744596	134744727	LTR/ERVL-MaLR	2409	-	66	134744662	57303
chr8	134687359	134887359	harbor2	chr8	134745028	134745258	LTR/ERVL-MaLR	2409	-	115	134745143	57784
chr8	134687359	134887359	harbor2	chr8	134749281	134749627	LTR/ERVL-MaLR	1929	-	173	134749454	62095
chr8	134687359	134887359	harbor2	chr8	134752572	134752963	LTR/ERVL-MaLR	1555	-	196	134752768	65409
chr8	134687359	134887359	harbor2	chr8	134768419	134768771	LTR/ERVL-MaLR	2227	-	176	134768595	81236
chr8	134687359	134887359	harbor2	chr8	134768772	134768890	LTR/ERVL-MaLR	11749	-	59	134768831	81472
chr8	134687359	134887359	harbor2	chr8	134769175	134770262	LTR/ERVL-MaLR	11749	-	544	134769719	82360
chr8	134687359	134887359	harbor2	chr8	134771334	134771752	LTR/ERVL-MaLR	11749	-	209	134771543	84184
chr8	134687359	134887359	harbor2	chr8	134771753	134772104	LTR/ERVL-MaLR	2180	-	176	134771929	84570
chr8	134687359	134887359	harbor2	chr8	134725267	134725684	LTR/ERVL-MaLR	2479	-	208	134725475	38116
chr8	76504478	76704478	harbor2	chr8	76505135	76505520	LTR/ERVL-MaLR	2015	-	192	76505327	849
chr8	76504478	76704478	harbor2	chr8	76507829	76508049	LTR/ERVL-MaLR	1530	-	110	76507939	3461
chr8	76504478	76704478	harbor2	chr8	76508341	76508478	LTR/ERVL-MaLR	1530	-	68	76508409	3931
chr8	76504478	76704478	harbor2	chr8	76539048	76539226	LTR/ERVL-MaLR	460	-	89	76539137	34659
chr8	76504478	76704478	harbor2	chr8	76539256	76539609	LTR/ERVL-MaLR	2484	-	176	76539432	34954
chr8	76504478	76704478	harbor2	chr8	76548495	76548861	LTR/ERVL-MaLR	1363	-	183	76548678	44200
chr8	76504478	76704478	harbor2	chr8	76548866	76550500	LTR/ERVL-MaLR	8378	-	817	76549683	45205
chr8	76504478	76704478	harbor2	chr8	76550503	76550908	LTR/ERVL-MaLR	2036	-	202	76550705	46227
chr8	76504478	76704478	harbor2	chr8	76552823	76553164	LTR/ERVL-MaLR	1499	-	170	76552993	48515
chr8	76504478	76704478	harbor2	chr8	76572111	76572473	LTR/ERVL-MaLR	1869	-	181	76572292	67814
chr8	76504478	76704478	harbor2	chr8	76592840	76593207	LTR/ERVL-MaLR	1521	-	184	76593024	88546
chr8	41896222	42096222	harbor2	chr8	41906014	41906401	LTR/ERVL-MaLR	753	-	194	41906208	9986
chr8	41896222	42096222	harbor2	chr8	41908838	41909200	LTR/ERVL-MaLR	1680	-	181	41909019	12797
chr8	83506021	83706021	harbor2	chr8	83553094	83553538	LTR/ERVL-MaLR	2147	-	222	83553316	47295
chr8	83506021	83706021	harbor2	chr8	83553546	83553919	LTR/ERVL-MaLR	2619	-	186	83553732	47711
chr8	83506021	83706021	harbor2	chr8	83557830	83558027	LTR/ERVL-MaLR	596	-	98	83557928	51907
chr8	81163964	81363964	harbor2	chr8	81175026	81175346	LTR/ERVL-MaLR	570	-	160	81175186	11222
chr8	81163964	81363964	harbor2	chr8	81175386	81175788	LTR/ERVL-MaLR	2146	-	201	81175587	11623
chr8	81163964	81363964	harbor2	chr8	81175798	81177407	LTR/ERVL-MaLR	9691	-	804	81176602	12638
chr8	81163964	81363964	harbor2	chr8	81177408	81177781	LTR/ERVL-MaLR	1818	-	186	81177594	13630
chr8	81163964	81363964	harbor2	chr8	81180484	81180910	LTR/ERVL-MaLR	1829	-	213	81180697	16733
chr8	81163964	81363964	harbor2	chr8	81181153	81181242	LTR/ERVL-MaLR	597	-	44	81181197	17233
chr8	81163964	81363964	harbor2	chr8	81182192	81182600	LTR/ERVL-MaLR	1719	-	204	81182396	18432
chr8	81163964	81363964	harbor2	chr8	81228306	81228702	LTR/ERVL-MaLR	1940	-	198	81228504	64540
chr8	81163964	81363964	harbor2	chr8	81238298	81238649	LTR/ERVL-MaLR	1736	-	176	81238474	74510
chr8	111603804	111803804	harbor2	chr8	111608504	111608588	LTR/ERVL-MaLR	1168	-	42	111608546	4742
chr8	111603804	111803804	harbor2	chr8	111608868	111609163	LTR/ERVL-MaLR	1168	-	148	111609016	5212
chr8	111603804	111803804	harbor2	chr8	111623344	111623419	LTR/ERVL-MaLR	876	-	38	111623382	19578
chr8	111603804	111803804	harbor2	chr8	111623726	111623849	LTR/ERVL-MaLR	876	-	62	111623788	19984
chr8	111603804	111803804	harbor2	chr8	111625028	111625277	LTR/ERVL-MaLR	1315	-	124	111625152	21348
chr8	111603804	111803804	harbor2	chr8	111641966	111642329	LTR/ERVL-MaLR	1944	-	182	111642148	38344
chr8	111603804	111803804	harbor2	chr8	111668053	111668388	LTR/ERVL-MaLR	1036	-	168	111668221	64417
chr8	111603804	111803804	harbor2	chr8	111678976	111679212	LTR/ERVL-MaLR	599	-	118	111679094	75290
chr8	111603804	111803804	harbor2	chr8	111679736	111679788	LTR/ERVL-MaLR	378	-	26	111679762	75958
chr8	114326662	114526662	harbor2	chr8	114328540	114328968	LTR/ERVL-MaLR	778	-	214	114328754	2092
chr8	114326662	114526662	harbor2	chr8	114329246	114329662	LTR/ERVL-MaLR	2537	-	208	114329454	2792
chr8	114326662	114526662	harbor2	chr8	114405907	114406581	LTR/ERVL-MaLR	3632	-	337	114406244	79582
chr8	114326662	114526662	harbor2	chr8	114406582	114406953	LTR/ERVL-MaLR	2639	-	186	114406768	80106
chr8	114326662	114526662	harbor2	chr8	114414619	114414980	LTR/ERVL-MaLR	2459	-	180	114414799	88137
chr8	114326662	114526662	harbor2	chr8	114414981	114415940	LTR/ERVL-MaLR	6235	-	480	114415461	88799
chr8	108471765	108671765	harbor2	chr8	108538655	108538790	LTR/ERVL-MaLR	997	-	68	108538723	66958
chr8	108471765	108671765	harbor2	chr8	108539139	108539389	LTR/ERVL-MaLR	997	-	125	108539264	67499
chr8	108471765	108671765	harbor2	chr8	108545927	108545988	LTR/ERVL-MaLR	781	-	30	108545957	74192
chr8	108471765	108671765	harbor2	chr8	108546268	108546379	LTR/ERVL-MaLR	781	-	56	108546324	74559
chr8	88834263	89034263	harbor2	chr8	88837118	88837479	LTR/ERVL-MaLR	2259	-	180	88837298	3035
chr8	88834263	89034263	harbor2	chr8	88838947	88839234	LTR/ERVL-MaLR	1468	-	144	88839091	4828
chr8	88834263	89034263	harbor2	chr8	88839375	88839734	LTR/ERVL-MaLR	2231	-	180	88839555	5292
chr8	88834263	89034263	harbor2	chr8	88862157	88862547	LTR/ERVL-MaLR	2245	-	195	88862352	28089
chr8	88834263	89034263	harbor2	chr8	88866102	88866343	LTR/ERVL-MaLR	1339	-	120	88866222	31959
chr8	138107804	138307804	harbor2	chr8	138108910	138109093	LTR/ERVL-MaLR	652	-	92	138109002	1198
chr8	138107804	138307804	harbor2	chr8	138199575	138199950	LTR/ERVL-MaLR	1922	-	188	138199763	91959
chr8	71526168	71726168	harbor2	chr8	71526429	71526918	LTR/ERVL-MaLR	2298	-	244	71526673	505
chr8	75409963	75609963	harbor2	chr8	75418004	75418371	LTR/ERVL-MaLR	1770	-	184	75418188	8225
chr8	75409963	75609963	harbor2	chr8	75449017	75449207	LTR/ERVL-MaLR	391	-	95	75449112	39149
chr8	75409963	75609963	harbor2	chr8	75451897	75452148	LTR/ERVL-MaLR	518	-	126	75452023	42060
chr8	75409963	75609963	harbor2	chr8	75461109	75461599	LTR/ERVL-MaLR	2149	-	245	75461354	51391
chr8	75409963	75609963	harbor2	chr8	75469230	75469341	LTR/ERVL-MaLR	378	-	56	75469286	59323
chr8	75409963	75609963	harbor2	chr8	75487760	75488129	LTR/ERVL-MaLR	2762	-	184	75487944	77981
chr8	139099057	139299057	harbor2	chr8	139102974	139103334	LTR/ERVL-MaLR	2110	-	180	139103154	4097
chr8	139099057	139299057	harbor2	chr8	139188181	139188396	LTR/ERVL-MaLR	1233	-	108	139188289	89232
chr8	139099057	139299057	harbor2	chr8	139189989	139190376	LTR/ERVL-MaLR	1911	-	194	139190183	91126
chr8	110040239	110240239	harbor2	chr8	110058794	110059245	LTR/ERVL-MaLR	1411	-	226	110059020	18781
chr8	110040239	110240239	harbor2	chr8	110059246	110059347	LTR/ERVL-MaLR	370	-	50	110059296	19057
chr8	110040239	110240239	harbor2	chr8	110059379	110059525	LTR/ERVL-MaLR	514	-	73	110059452	19213
chr8	110040239	110240239	harbor2	chr8	110074698	110074894	LTR/ERVL-MaLR	840	-	98	110074796	34557
chr8	110040239	110240239	harbor2	chr8	110089253	110089625	LTR/ERVL-MaLR	2474	-	186	110089439	49200
chr8	144791189	144991189	harbor2	chr8	144837928	144838363	LTR/ERVL-MaLR	1701	-	218	144838146	46957
chr8	144791189	144991189	harbor2	chr8	144854011	144854164	LTR/ERVL-MaLR	878	-	76	144854087	62898
chr8	144791189	144991189	harbor2	chr8	144856005	144856122	LTR/ERVL-MaLR	393	-	58	144856063	64874
chr8	107602859	107802859	harbor2	chr8	107639058	107639520	LTR/ERVL-MaLR	1811	-	231	107639289	36430
chr8	107602859	107802859	harbor2	chr8	107678872	107679329	LTR/ERVL-MaLR	1580	-	228	107679100	76241
chr8	136067400	136267400	harbor2	chr8	136069933	136070117	LTR/ERVL-MaLR	431	-	92	136070025	2625
chr8	136067400	136267400	harbor2	chr8	136125085	136125247	LTR/ERVL-MaLR	462	-	81	136125166	57766
chr8	136067400	136267400	harbor2	chr8	136125903	136126344	LTR/ERVL-MaLR	438	-	220	136126123	58723
chr8	136067400	136267400	harbor2	chr8	136127805	136128105	LTR/ERVL-MaLR	1799	-	150	136127955	60555
chr8	136067400	136267400	harbor2	chr8	136128103	136128435	LTR/ERVL-MaLR	1053	-	166	136128269	60869
chr8	136067400	136267400	harbor2	chr8	136128740	136128901	LTR/ERVL-MaLR	1053	-	80	136128820	61420
chr8	136067400	136267400	harbor2	chr8	136152100	136152484	LTR/ERVL-MaLR	2131	-	192	136152292	84892
chr8	136067400	136267400	harbor2	chr8	136165798	136166092	LTR/ERVL-MaLR	941	-	147	136165945	98545
chr8	136067400	136267400	harbor2	chr8	136166061	136166256	LTR/ERVL-MaLR	592	-	98	136166159	98759
chr8	136067400	136267400	harbor2	chr8	136166575	136167048	LTR/ERVL-MaLR	820	-	236	136166811	99411
chr8	128332732	128532732	harbor2	chr8	128351421	128351579	LTR/ERVL-MaLR	755	-	79	128351500	18768
chr8	128332732	128532732	harbor2	chr8	128372316	128372658	LTR/ERVL-MaLR	1607	-	171	128372487	39755
chr8	128332732	128532732	harbor2	chr8	128393721	128394172	LTR/ERVL-MaLR	1145	-	226	128393947	61215
chr8	128332732	128532732	harbor2	chr8	128400425	128400611	LTR/ERVL-MaLR	396	-	93	128400518	67786
chr8	128332732	128532732	harbor2	chr8	128406204	128406516	LTR/ERVL-MaLR	585	-	156	128406360	73628
chr8	105143614	105343614	harbor2	chr8	105152052	105152223	LTR/ERVL-MaLR	547	-	86	105152138	8524
chr8	105143614	105343614	harbor2	chr8	105155317	105155560	LTR/ERVL-MaLR	556	-	122	105155439	11825
chr8	105143614	105343614	harbor2	chr8	105155597	105155885	LTR/ERVL-MaLR	556	-	144	105155741	12127
chr8	105143614	105343614	harbor2	chr8	105156153	105156703	LTR/ERVL-MaLR	1628	-	275	105156428	12814
chr8	105143614	105343614	harbor2	chr8	105241187	105241658	LTR/ERVL-MaLR	642	-	236	105241423	97809
chr8	128154020	128354020	harbor2	chr8	128154304	128154519	LTR/ERVL-MaLR	2306	-	108	128154412	392
chr8	128154020	128354020	harbor2	chr8	128154825	128155006	LTR/ERVL-MaLR	2306	-	90	128154915	895
chr8	128154020	128354020	harbor2	chr8	128161264	128161587	LTR/ERVL-MaLR	928	-	162	128161426	7406
chr8	128154020	128354020	harbor2	chr8	128165512	128166059	LTR/ERVL-MaLR	1575	-	274	128165786	11766
chr8	128154020	128354020	harbor2	chr8	128202776	128203127	LTR/ERVL-MaLR	828	-	176	128202952	48932
chr8	128154020	128354020	harbor2	chr8	128209108	128209354	LTR/ERVL-MaLR	2658	-	123	128209231	55211
chr8	128154020	128354020	harbor2	chr8	128209667	128209872	LTR/ERVL-MaLR	2658	-	102	128209769	55749
chr8	128154020	128354020	harbor2	chr8	128233122	128233462	LTR/ERVL-MaLR	1884	-	170	128233292	79272
chr8	85107879	85307879	harbor2	chr8	85162077	85162434	LTR/ERVL-MaLR	2288	-	178	85162255	54376
chr8	85107879	85307879	harbor2	chr8	85171670	85172071	LTR/ERVL-MaLR	1854	-	200	85171870	63991
chr8	142958020	143158020	harbor2	chr8	142957723	142958098	LTR/ERVL-MaLR	2295	-	188	142957911	109
chr8	142958020	143158020	harbor2	chr8	143037114	143037290	LTR/ERVL-MaLR	667	-	88	143037202	79182
chr8	125487789	125687789	harbor2	chr8	125496341	125496728	LTR/ERVL-MaLR	611	-	194	125496535	8746
chr8	125487789	125687789	harbor2	chr8	125504221	125504293	LTR/ERVL-MaLR	460	-	36	125504257	16468
chr8	125487789	125687789	harbor2	chr8	125504575	125504827	LTR/ERVL-MaLR	460	-	126	125504701	16912
chr8	125487789	125687789	harbor2	chr8	125521172	125521535	LTR/ERVL-MaLR	1114	-	182	125521354	33565
chr8	125487789	125687789	harbor2	chr8	125532403	125532822	LTR/ERVL-MaLR	2090	-	210	125532613	44824
chr8	125487789	125687789	harbor2	chr8	125533203	125533358	LTR/ERVL-MaLR	2090	-	78	125533281	45492
chr8	125487789	125687789	harbor2	chr8	125536589	125536844	LTR/ERVL-MaLR	721	-	128	125536717	48928
chr8	125487789	125687789	harbor2	chr8	125537009	125537377	LTR/ERVL-MaLR	2657	-	184	125537193	49404
chr8	125487789	125687789	harbor2	chr8	125538091	125538291	LTR/ERVL-MaLR	604	-	100	125538191	50402
chr8	125487789	125687789	harbor2	chr8	125548949	125549323	LTR/ERVL-MaLR	2074	-	187	125549136	61347
chr8	125487789	125687789	harbor2	chr8	125558866	125559251	LTR/ERVL-MaLR	719	-	192	125559058	71269
chr8	125487789	125687789	harbor2	chr8	125564225	125564693	LTR/ERVL-MaLR	881	-	234	125564459	76670
chr8	125487789	125687789	harbor2	chr8	125572012	125572479	LTR/ERVL-MaLR	1085	-	234	125572246	84457
chr8	125487789	125687789	harbor2	chr8	125580953	125581376	LTR/ERVL-MaLR	2479	-	212	125581165	93376
chr8	36351779	36551779	harbor2	chr8	36351413	36351809	LTR/ERVL-MaLR	2246	-	198	36351611	168
chr8	36351779	36551779	harbor2	chr8	36366260	36366473	LTR/ERVL-MaLR	625	-	106	36366366	14587
chr8	36351779	36551779	harbor2	chr8	36388250	36388518	LTR/ERVL-MaLR	775	-	134	36388384	36605
chr8	36351779	36551779	harbor2	chr8	36394636	36394817	LTR/ERVL-MaLR	676	-	90	36394726	42947
chr8	36351779	36551779	harbor2	chr8	36405467	36405613	LTR/ERVL-MaLR	466	-	73	36405540	53761
chr8	36351779	36551779	harbor2	chr8	36405895	36406020	LTR/ERVL-MaLR	471	-	62	36405957	54178
chr8	36351779	36551779	harbor2	chr8	36423833	36424041	LTR/ERVL-MaLR	633	-	104	36423937	72158
chr8	36351779	36551779	harbor2	chr8	36424070	36424153	LTR/ERVL-MaLR	425	-	42	36424112	72333
chr8	36351779	36551779	harbor2	chr8	36426799	36427066	LTR/ERVL-MaLR	1151	-	134	36426933	75154
chr8	36351779	36551779	harbor2	chr8	36430722	36431108	LTR/ERVL-MaLR	2213	-	193	36430915	79136
chr8	36351779	36551779	harbor2	chr8	36433111	36433399	LTR/ERVL-MaLR	803	-	144	36433255	81476
chr8	36351779	36551779	harbor2	chr8	36444908	36445148	LTR/ERVL-MaLR	1942	-	120	36445028	93249
chr8	36351779	36551779	harbor2	chr8	36446232	36446383	LTR/ERVL-MaLR	1942	-	76	36446308	94529
chr8	126352903	126552903	harbor2	chr8	126367986	126368348	LTR/ERVL-MaLR	2613	-	181	126368167	15264
chr8	126352903	126552903	harbor2	chr8	126413184	126413325	LTR/ERVL-MaLR	953	-	70	126413254	60351
chr8	126352903	126552903	harbor2	chr8	126414863	126414978	LTR/ERVL-MaLR	582	-	58	126414921	62018
chr8	126352903	126552903	harbor2	chr8	126428162	126428839	LTR/ERVL-MaLR	1494	-	338	126428500	75597
chr8	126352903	126552903	harbor2	chr8	126447372	126447791	LTR/ERVL-MaLR	2292	-	210	126447582	94679
chr8	52480106	52680106	harbor2	chr8	52519476	52519881	LTR/ERVL-MaLR	1351	-	202	52519678	39572
chr8	52480106	52680106	harbor2	chr8	52550525	52550985	LTR/ERVL-MaLR	1890	-	230	52550755	70649
chr8	52480106	52680106	harbor2	chr8	52558794	52559218	LTR/ERVL-MaLR	2422	-	212	52559006	78900
chr8	52480106	52680106	harbor2	chr8	52526993	52527413	LTR/ERVL-MaLR	2755	-	210	52527203	47097
chr8	86888747	87088747	harbor2	chr8	86894814	86895197	LTR/ERVL-MaLR	1457	-	192	86895006	6259
chr8	86888747	87088747	harbor2	chr8	86901521	86901831	LTR/ERVL-MaLR	474	-	155	86901676	12929
chr8	86888747	87088747	harbor2	chr8	86921443	86921802	LTR/ERVL-MaLR	2033	-	180	86921623	32876
chr8	86888747	87088747	harbor2	chr8	86937010	86937372	LTR/ERVL-MaLR	2562	-	181	86937191	48444
chr8	86888747	87088747	harbor2	chr8	86937373	86937542	LTR/ERVL-MaLR	1244	-	84	86937457	48710
chr8	86888747	87088747	harbor2	chr8	86937533	86938395	LTR/ERVL-MaLR	5479	-	431	86937964	49217
chr8	86888747	87088747	harbor2	chr8	86938403	86938766	LTR/ERVL-MaLR	2547	-	182	86938585	49838
chr8	86888747	87088747	harbor2	chr8	86942273	86942647	LTR/ERVL-MaLR	1185	-	187	86942460	53713
chr8	86888747	87088747	harbor2	chr8	86971084	86971442	LTR/ERVL-MaLR	1777	-	179	86971263	82516
chr8	103088136	103288136	harbor2	chr8	103108388	103108720	LTR/ERVL-MaLR	1880	-	166	103108554	20418
chr8	103088136	103288136	harbor2	chr8	103113631	103114035	LTR/ERVL-MaLR	837	-	202	103113833	25697
chr8	103088136	103288136	harbor2	chr8	103125843	103126210	LTR/ERVL-MaLR	2767	-	184	103126027	37891
chr8	103088136	103288136	harbor2	chr8	103149956	103150315	LTR/ERVL-MaLR	2607	-	180	103150136	62000
chr8	103088136	103288136	harbor2	chr8	103162410	103162749	LTR/ERVL-MaLR	1122	-	170	103162580	74444
chr8	103088136	103288136	harbor2	chr8	103174746	103174909	LTR/ERVL-MaLR	466	-	82	103174828	86692
chr8	103088136	103288136	harbor2	chr8	103182753	103182909	LTR/ERVL-MaLR	401	-	78	103182831	94695
chr8	103088136	103288136	harbor2	chr8	103182930	103183130	LTR/ERVL-MaLR	482	-	100	103183030	94894
chr8	103088136	103288136	harbor2	chr8	103183872	103184363	LTR/ERVL-MaLR	1685	-	246	103184118	95982
chr8	91339462	91539462	harbor2	chr8	91384037	91384554	LTR/ERVL-MaLR	2194	-	258	91384295	44833
chr8	91339462	91539462	harbor2	chr8	91398798	91399156	LTR/ERVL-MaLR	1065	-	179	91398977	59515
chr8	91339462	91539462	harbor2	chr8	91399159	91399607	LTR/ERVL-MaLR	1862	-	224	91399383	59921
chr8	91339462	91539462	harbor2	chr8	91399752	91399907	LTR/ERVL-MaLR	476	-	78	91399830	60368
chr8	91339462	91539462	harbor2	chr8	91399901	91400581	LTR/ERVL-MaLR	2645	-	340	91400241	60779
chr8	91339462	91539462	harbor2	chr8	91400586	91400962	LTR/ERVL-MaLR	1530	-	188	91400774	61312
chr8	91339462	91539462	harbor2	chr8	91406926	91407325	LTR/ERVL-MaLR	720	-	200	91407126	67664
chr8	91339462	91539462	harbor2	chr8	91407365	91407691	LTR/ERVL-MaLR	934	-	163	91407528	68066
chr8	91339462	91539462	harbor2	chr8	91408225	91409160	LTR/ERVL-MaLR	2460	-	468	91408693	69231
chr8	91339462	91539462	harbor2	chr8	91409465	91409603	LTR/ERVL-MaLR	2460	-	69	91409534	70072
chr8	91339462	91539462	harbor2	chr8	91409604	91409772	LTR/ERVL-MaLR	509	-	84	91409688	70226
chr8	91339462	91539462	harbor2	chr8	91409850	91410046	LTR/ERVL-MaLR	561	-	98	91409948	70486
chr8	91339462	91539462	harbor2	chr8	91422614	91422967	LTR/ERVL-MaLR	1991	-	176	91422790	83328
chr8	141085042	141285042	harbor2	chr8	141100528	141100766	LTR/ERVL-MaLR	654	-	119	141100647	15605
chr8	141085042	141285042	harbor2	chr8	141115804	141116098	LTR/ERVL-MaLR	847	-	147	141115951	30909
chr8	111306703	111506703	harbor2	chr8	111307600	111308052	LTR/ERVL-MaLR	2512	-	226	111307826	1123
chr8	111306703	111506703	harbor2	chr8	111322240	111322612	LTR/ERVL-MaLR	2678	-	186	111322426	15723
chr8	111306703	111506703	harbor2	chr8	111363681	111363761	LTR/ERVL-MaLR	612	-	40	111363721	57018
chr8	111306703	111506703	harbor2	chr8	111363751	111363819	LTR/ERVL-MaLR	478	-	34	111363785	57082
chr8	111306703	111506703	harbor2	chr8	111363823	111365402	LTR/ERVL-MaLR	10789	-	790	111364613	57910
chr8	111306703	111506703	harbor2	chr8	111365403	111365758	LTR/ERVL-MaLR	2290	-	178	111365581	58878
chr8	111306703	111506703	harbor2	chr8	111367043	111367402	LTR/ERVL-MaLR	1162	-	180	111367223	60520
chr8	137803723	138003723	harbor2	chr8	137830693	137831046	LTR/ERVL-MaLR	1345	-	176	137830869	27146
chr8	137803723	138003723	harbor2	chr8	137858184	137858532	LTR/ERVL-MaLR	1981	-	174	137858358	54635
chr8	137803723	138003723	harbor2	chr8	137892490	137892826	LTR/ERVL-MaLR	524	-	168	137892658	88935
chr8	137803723	138003723	harbor2	chr8	137892878	137893125	LTR/ERVL-MaLR	446	-	124	137893002	89279
chr8	137803723	138003723	harbor2	chr8	137893386	137894618	LTR/ERVL-MaLR	1650	-	616	137894002	90279
chr8	137803723	138003723	harbor2	chr8	137894619	137895154	LTR/ERVL-MaLR	399	-	268	137894887	91164
chr8	137504807	137704807	harbor2	chr8	137522667	137522820	LTR/ERVL-MaLR	382	-	76	137522743	17936
chr8	137504807	137704807	harbor2	chr8	137523490	137523724	LTR/ERVL-MaLR	507	-	117	137523607	18800
chr8	137504807	137704807	harbor2	chr8	137523725	137523884	LTR/ERVL-MaLR	411	-	80	137523805	18998
chr8	137504807	137704807	harbor2	chr8	137526162	137526289	LTR/ERVL-MaLR	374	-	64	137526226	21419
chr8	137504807	137704807	harbor2	chr8	137526287	137526621	LTR/ERVL-MaLR	649	-	167	137526454	21647
chr8	137504807	137704807	harbor2	chr8	137594159	137594432	LTR/ERVL-MaLR	694	-	136	137594295	89488
chr8	123991439	124191439	harbor2	chr8	124014773	124015317	LTR/ERVL-MaLR	2236	-	272	124015045	23606
chr8	123991439	124191439	harbor2	chr8	124020889	124021262	LTR/ERVL-MaLR	2241	-	186	124021075	29636
chr8	123991439	124191439	harbor2	chr8	124040546	124040955	LTR/ERVL-MaLR	2517	-	204	124040750	49311
chr8	123991439	124191439	harbor2	chr8	124050588	124050922	LTR/ERVL-MaLR	1329	-	167	124050755	59316
chr8	123991439	124191439	harbor2	chr8	124055695	124056222	LTR/ERVL-MaLR	2381	-	264	124055959	64520
chr8	123991439	124191439	harbor2	chr8	124071661	124072029	LTR/ERVL-MaLR	1455	-	184	124071845	80406
chr8	123991439	124191439	harbor2	chr8	124078848	124079324	LTR/ERVL-MaLR	1763	-	238	124079086	87647
chr8	123991439	124191439	harbor2	chr8	124026824	124027259	LTR/ERVL-MaLR	1970	-	218	124027042	35603
chr8	127526900	127726900	harbor2	chr8	127530014	127530462	LTR/ERVL-MaLR	1268	-	224	127530238	3338
chr8	127526900	127726900	harbor2	chr8	127557507	127557781	LTR/ERVL-MaLR	1414	-	137	127557644	30744
chr8	127526900	127726900	harbor2	chr8	127558236	127558488	LTR/ERVL-MaLR	953	-	126	127558362	31462
chr8	127526900	127726900	harbor2	chr8	127564305	127564646	LTR/ERVL-MaLR	1486	-	170	127564475	37575
chr8	127526900	127726900	harbor2	chr8	127581283	127581751	LTR/ERVL-MaLR	1171	-	234	127581517	54617
chr8	127526900	127726900	harbor2	chr8	127584192	127584566	LTR/ERVL-MaLR	2549	-	187	127584379	57479
chr8	127526900	127726900	harbor2	chr8	127595876	127595959	LTR/ERVL-MaLR	1037	-	42	127595918	69018
chr8	127526900	127726900	harbor2	chr8	127596251	127596541	LTR/ERVL-MaLR	1037	-	145	127596396	69496
chr8	127526900	127726900	harbor2	chr8	127609338	127609855	LTR/ERVL-MaLR	1931	-	258	127609596	82696
chr8	117481186	117681186	harbor2	chr8	117500001	117500375	LTR/ERVL-MaLR	1594	-	187	117500188	19002
chr8	117481186	117681186	harbor2	chr8	117512240	117512450	LTR/ERVL-MaLR	705	-	105	117512345	31159
chr8	117481186	117681186	harbor2	chr8	117515220	117515445	LTR/ERVL-MaLR	638	-	112	117515332	34146
chr8	117481186	117681186	harbor2	chr8	117515757	117515773	LTR/ERVL-MaLR	638	-	8	117515765	34579
chr8	117481186	117681186	harbor2	chr8	117550386	117550789	LTR/ERVL-MaLR	975	-	202	117550588	69402
chr8	117481186	117681186	harbor2	chr8	117568400	117568755	LTR/ERVL-MaLR	2016	-	178	117568578	87392
chr8	140131467	140331467	harbor2	chr8	140151350	140151726	LTR/ERVL-MaLR	1362	-	188	140151538	20071
chr8	90682712	90882712	harbor2	chr8	90687938	90688193	LTR/ERVL-MaLR	1208	-	128	90688066	5354
chr8	90682712	90882712	harbor2	chr8	90712326	90712878	LTR/ERVL-MaLR	542	-	276	90712602	29890
chr8	90682712	90882712	harbor2	chr8	90738815	90739177	LTR/ERVL-MaLR	1496	-	181	90738996	56284
chr8	90682712	90882712	harbor2	chr8	90740444	90740802	LTR/ERVL-MaLR	1749	-	179	90740623	57911
chr8	90682712	90882712	harbor2	chr8	90767648	90768038	LTR/ERVL-MaLR	1487	-	195	90767843	85131
chr8	90682712	90882712	harbor2	chr8	90774789	90775142	LTR/ERVL-MaLR	2341	-	176	90774965	92253
chr8	32317202	32517202	harbor2	chr8	32320360	32320739	LTR/ERVL-MaLR	2252	-	190	32320550	3348
chr8	32317202	32517202	harbor2	chr8	32385395	32385800	LTR/ERVL-MaLR	2389	-	202	32385597	68395
chr8	32317202	32517202	harbor2	chr8	32396829	32397046	LTR/ERVL-MaLR	911	-	108	32396937	79735
chr8	121579772	121779772	harbor2	chr8	121579515	121579871	LTR/ERVL-MaLR	2220	-	178	121579693	79
chr8	121579772	121779772	harbor2	chr8	121581938	121582259	LTR/ERVL-MaLR	1385	-	160	121582098	2326
chr8	121579772	121779772	harbor2	chr8	121582558	121582690	LTR/ERVL-MaLR	1385	-	66	121582624	2852
chr8	121579772	121779772	harbor2	chr8	121662836	121663258	LTR/ERVL-MaLR	2760	-	211	121663047	83275
chr8	87552542	87752542	harbor2	chr8	87571532	87572049	LTR/ERVL-MaLR	1672	-	258	87571790	19248
chr8	87552542	87752542	harbor2	chr8	87614559	87614766	LTR/ERVL-MaLR	860	-	104	87614663	62121
chr8	87552542	87752542	harbor2	chr8	87588499	87588993	LTR/ERVL-MaLR	1300	-	247	87588746	36204
chr8	118380376	118580376	harbor2	chr8	118380835	118380945	LTR/ERVL-MaLR	368	-	55	118380890	514
chr8	118380376	118580376	harbor2	chr8	118386095	118386562	LTR/ERVL-MaLR	1255	-	234	118386329	5953
chr8	118380376	118580376	harbor2	chr8	118479282	118479629	LTR/ERVL-MaLR	2101	-	174	118479456	99080
chr8	144088260	144288260	harbor2	chr8	144134323	144134491	LTR/ERVL-MaLR	742	-	84	144134407	46147
chr8	144088260	144288260	harbor2	chr8	144134470	144134563	LTR/ERVL-MaLR	434	-	46	144134516	46256
chr8	144088260	144288260	harbor2	chr8	144160458	144160584	LTR/ERVL-MaLR	532	-	63	144160521	72261
chr8	144088260	144288260	harbor2	chr8	144160812	144161348	LTR/ERVL-MaLR	1811	-	268	144161080	72820
chr8	144088260	144288260	harbor2	chr8	144164767	144164981	LTR/ERVL-MaLR	1200	-	107	144164874	76614
chr8	144088260	144288260	harbor2	chr8	144166179	144166293	LTR/ERVL-MaLR	1200	-	57	144166236	77976
chr8	123887206	124087206	harbor2	chr8	123925144	123925610	LTR/ERVL-MaLR	786	-	233	123925377	38171
chr8	123887206	124087206	harbor2	chr8	123942423	123942851	LTR/ERVL-MaLR	1200	-	214	123942637	55431
chr8	123887206	124087206	harbor2	chr8	123960525	123960877	LTR/ERVL-MaLR	556	-	176	123960701	73495
chr8	123887206	124087206	harbor2	chr8	123963825	123964192	LTR/ERVL-MaLR	988	-	184	123964009	76803
chr8	123887206	124087206	harbor2	chr8	123982575	123983102	LTR/ERVL-MaLR	2431	-	264	123982839	95633
chr8	139226797	139426797	harbor2	chr8	139235929	139236149	LTR/ERVL-MaLR	800	-	110	139236039	9242
chr8	139226797	139426797	harbor2	chr8	139242711	139243123	LTR/ERVL-MaLR	2172	-	206	139242917	16120
chr8	139226797	139426797	harbor2	chr8	139244991	139245053	LTR/ERVL-MaLR	2136	-	31	139245022	18225
chr8	139226797	139426797	harbor2	chr8	139245341	139245690	LTR/ERVL-MaLR	2136	-	174	139245515	18718
chr8	139226797	139426797	harbor2	chr8	139280416	139280743	LTR/ERVL-MaLR	1664	-	164	139280580	53783
chr8	139226797	139426797	harbor2	chr8	139289586	139289777	LTR/ERVL-MaLR	2350	-	96	139289682	62885
chr8	139226797	139426797	harbor2	chr8	139290079	139290264	LTR/ERVL-MaLR	2350	-	92	139290171	63374
chr8	139226797	139426797	harbor2	chr8	139311930	139312395	LTR/ERVL-MaLR	820	-	232	139312162	85365
chr8	57062066	57262066	harbor2	chr8	57107782	57108315	LTR/ERVL-MaLR	1030	-	266	57108048	45982
chr8	57062066	57262066	harbor2	chr8	57149028	57149406	LTR/ERVL-MaLR	1427	-	189	57149217	87151
chr8	66072721	66272721	harbor2	chr8	66087041	66087408	LTR/ERVL-MaLR	1989	-	184	66087225	14504
chr8	66072721	66272721	harbor2	chr8	66087409	66089016	LTR/ERVL-MaLR	11477	-	804	66088213	15492
chr8	66072721	66272721	harbor2	chr8	66089017	66089370	LTR/ERVL-MaLR	1962	-	176	66089193	16472
chr8	66072721	66272721	harbor2	chr8	66096029	66096398	LTR/ERVL-MaLR	2321	-	184	66096213	23492
chr8	66072721	66272721	harbor2	chr8	66108184	66108587	LTR/ERVL-MaLR	2178	-	202	66108386	35665
chr8	52715336	52915336	harbor2	chr8	52749068	52749239	LTR/ERVL-MaLR	545	-	86	52749154	33818
chr8	52715336	52915336	harbor2	chr8	52802319	52802670	LTR/ERVL-MaLR	1089	-	176	52802495	87159
chr8	52715336	52915336	harbor2	chr8	52803088	52803110	LTR/ERVL-MaLR	752	-	11	52803099	87763
chr8	52715336	52915336	harbor2	chr8	52803425	52803564	LTR/ERVL-MaLR	752	-	70	52803495	88159
chr8	67819923	68019923	harbor2	chr8	67834826	67834996	LTR/ERVL-MaLR	983	-	85	67834911	14988
chr8	67819923	68019923	harbor2	chr8	67841247	67841600	LTR/ERVL-MaLR	1822	-	176	67841423	21500
chr8	67819923	68019923	harbor2	chr8	67869757	67870140	LTR/ERVL-MaLR	1304	-	192	67869949	50026
chr8	67819923	68019923	harbor2	chr8	67893471	67893822	LTR/ERVL-MaLR	2295	-	176	67893647	73724
chr8	58758424	58958424	harbor2	chr8	58764070	58764584	LTR/ERVL-MaLR	1935	-	257	58764327	5903
chr8	58758424	58958424	harbor2	chr8	58768954	58769358	LTR/ERVL-MaLR	1877	-	202	58769156	10732
chr8	58758424	58958424	harbor2	chr8	58769366	58769726	LTR/ERVL-MaLR	1132	-	180	58769546	11122
chr8	135624091	135824091	harbor2	chr8	135639591	135639951	LTR/ERVL-MaLR	1415	-	180	135639771	15680
chr8	135624091	135824091	harbor2	chr8	135660219	135660486	LTR/ERVL-MaLR	1272	-	134	135660353	36262
chr8	135624091	135824091	harbor2	chr8	135660584	135660667	LTR/ERVL-MaLR	510	-	42	135660626	36535
chr8	135624091	135824091	harbor2	chr8	135660673	135661978	LTR/ERVL-MaLR	3826	-	652	135661325	37234
chr8	135624091	135824091	harbor2	chr8	135661981	135662282	LTR/ERVL-MaLR	1562	-	150	135662131	38040
chr8	135624091	135824091	harbor2	chr8	135662279	135662694	LTR/ERVL-MaLR	1274	-	208	135662487	38396
chr8	135624091	135824091	harbor2	chr8	135674712	135675163	LTR/ERVL-MaLR	858	-	226	135674938	50847
chr8	135624091	135824091	harbor2	chr8	135694520	135694871	LTR/ERVL-MaLR	2054	-	176	135694696	70605
chr8	135624091	135824091	harbor2	chr8	135714575	135714963	LTR/ERVL-MaLR	2066	-	194	135714769	90678
chr8	135624091	135824091	harbor2	chr8	135718390	135718750	LTR/ERVL-MaLR	2587	-	180	135718570	94479
chr8	135624091	135824091	harbor2	chr8	135722019	135722447	LTR/ERVL-MaLR	1525	-	214	135722233	98142
chr8	134503652	134703652	harbor2	chr8	134579252	134579602	LTR/ERVL-MaLR	2066	-	175	134579427	75775
chr8	94861883	95061883	harbor2	chr8	94920246	94920513	LTR/ERVL-MaLR	1046	-	134	94920380	58497
chr8	94861883	95061883	harbor2	chr8	94921064	94921549	LTR/ERVL-MaLR	1028	-	242	94921306	59423
chr8	94861883	95061883	harbor2	chr8	94955195	94955544	LTR/ERVL-MaLR	1630	-	174	94955369	93486
chr8	94861883	95061883	harbor2	chr8	94958208	94958522	LTR/ERVL-MaLR	2037	-	157	94958365	96482
chr8	94861883	95061883	harbor2	chr8	94958811	94958890	LTR/ERVL-MaLR	2037	-	40	94958851	96968
chr8	120068491	120268491	harbor2	chr8	120076842	120077222	LTR/ERVL-MaLR	1567	-	190	120077032	8541
chr8	120068491	120268491	harbor2	chr8	120089307	120089487	LTR/ERVL-MaLR	476	-	90	120089397	20906
chr8	120068491	120268491	harbor2	chr8	120115253	120115419	LTR/ERVL-MaLR	688	-	83	120115336	46845
chr8	126045451	126245451	harbor2	chr8	126056099	126056520	LTR/ERVL-MaLR	2381	-	210	126056309	10858
chr8	126045451	126245451	harbor2	chr8	126070411	126070800	LTR/ERVL-MaLR	1943	-	194	126070605	25154
chr8	126045451	126245451	harbor2	chr8	126074336	126074625	LTR/ERVL-MaLR	1018	-	144	126074480	29029
chr8	126045451	126245451	harbor2	chr8	126109835	126110095	LTR/ERVL-MaLR	1240	-	130	126109965	64514
chr8	126045451	126245451	harbor2	chr8	126111103	126111309	LTR/ERVL-MaLR	593	-	103	126111206	65755
chr8	126045451	126245451	harbor2	chr8	126121220	126121521	LTR/ERVL-MaLR	1584	-	150	126121370	75919
chr8	126045451	126245451	harbor2	chr8	126123842	126124009	LTR/ERVL-MaLR	521	-	84	126123926	78475
chr8	126045451	126245451	harbor2	chr8	126134951	126135400	LTR/ERVL-MaLR	1209	-	224	126135175	89724
chr8	126045451	126245451	harbor2	chr8	126137578	126137955	LTR/ERVL-MaLR	1771	-	188	126137766	92315
chr8	126045451	126245451	harbor2	chr8	126140202	126140628	LTR/ERVL-MaLR	1280	-	213	126140415	94964
chr8	138799288	138999288	harbor2	chr8	138897837	138898183	LTR/ERVL-MaLR	1994	-	173	138898010	98722
chr8	102781874	102981874	harbor2	chr8	102787511	102787739	LTR/ERVL-MaLR	691	-	114	102787625	5751
chr8	144318364	144518364	harbor2	chr8	144366305	144366584	LTR/ERVL-MaLR	1506	-	140	144366445	48081
chr8	144318364	144518364	harbor2	chr8	144366879	144366957	LTR/ERVL-MaLR	1506	-	39	144366918	48554
chr8	144318364	144518364	harbor2	chr8	144370798	144371124	LTR/ERVL-MaLR	741	-	163	144370961	52597
chr8	144318364	144518364	harbor2	chr8	144371437	144371472	LTR/ERVL-MaLR	505	-	18	144371455	53091
chr8	135352639	135552639	harbor2	chr8	135359113	135359583	LTR/ERVL-MaLR	1850	-	235	135359348	6709
chr8	135352639	135552639	harbor2	chr8	135363403	135363469	LTR/ERVL-MaLR	1411	-	33	135363436	10797
chr8	135352639	135552639	harbor2	chr8	135363771	135364182	LTR/ERVL-MaLR	1411	-	206	135363977	11338
chr8	135352639	135552639	harbor2	chr8	135366617	135367001	LTR/ERVL-MaLR	1742	-	192	135366809	14170
chr8	135352639	135552639	harbor2	chr8	135375889	135376346	LTR/ERVL-MaLR	1614	-	228	135376117	23478
chr8	135352639	135552639	harbor2	chr8	135402103	135402489	LTR/ERVL-MaLR	1412	-	193	135402296	49657
chr8	135352639	135552639	harbor2	chr8	135424491	135424685	LTR/ERVL-MaLR	421	-	97	135424588	71949
chr8	135352639	135552639	harbor2	chr8	135424686	135425084	LTR/ERVL-MaLR	2170	-	199	135424885	72246
chr8	135352639	135552639	harbor2	chr8	135428483	135428862	LTR/ERVL-MaLR	1701	-	190	135428673	76034
chr8	135352639	135552639	harbor2	chr8	135441578	135441950	LTR/ERVL-MaLR	2376	-	186	135441764	89125
chr8	138099717	138299717	harbor2	chr8	138100090	138100451	LTR/ERVL-MaLR	2210	-	180	138100270	553
chr8	138099717	138299717	harbor2	chr8	138108910	138109093	LTR/ERVL-MaLR	652	-	92	138109002	9285
chr8	127597199	127797199	harbor2	chr8	127609338	127609855	LTR/ERVL-MaLR	1931	-	258	127609596	12397
chr8	127597199	127797199	harbor2	chr8	127627682	127628228	LTR/ERVL-MaLR	860	-	273	127627955	30756
chr8	127597199	127797199	harbor2	chr8	127629693	127630086	LTR/ERVL-MaLR	707	-	196	127629889	32690
chr8	127597199	127797199	harbor2	chr8	127635475	127635830	LTR/ERVL-MaLR	503	-	178	127635653	38454
chr8	127597199	127797199	harbor2	chr8	127674392	127674760	LTR/ERVL-MaLR	1511	-	184	127674576	77377
chr8	127597199	127797199	harbor2	chr8	127675051	127675175	LTR/ERVL-MaLR	1511	-	62	127675113	77914
chr8	127597199	127797199	harbor2	chr8	127689115	127689616	LTR/ERVL-MaLR	2187	-	250	127689365	92166
chr8	114873710	115073710	harbor2	chr8	114874631	114874779	LTR/ERVL-MaLR	974	-	74	114874705	995
chr8	114873710	115073710	harbor2	chr8	114875237	114875400	LTR/ERVL-MaLR	832	-	82	114875319	1609
chr8	114873710	115073710	harbor2	chr8	114937898	114938550	LTR/ERVL-MaLR	1838	-	326	114938224	64514
chr8	114873710	115073710	harbor2	chr8	114954122	114954457	LTR/ERVL-MaLR	1895	-	168	114954290	80580
chr8	114873710	115073710	harbor2	chr8	114960703	114961048	LTR/ERVL-MaLR	1677	-	172	114960875	87165
chr8	122708832	122908832	harbor2	chr8	122709517	122709800	LTR/ERVL-MaLR	2672	-	142	122709659	827
chr8	122708832	122908832	harbor2	chr8	122710127	122710349	LTR/ERVL-MaLR	2672	-	111	122710238	1406
chr8	122708832	122908832	harbor2	chr8	122710853	122711038	LTR/ERVL-MaLR	869	-	92	122710945	2113
chr8	122708832	122908832	harbor2	chr8	122713920	122714177	LTR/ERVL-MaLR	1125	-	128	122714048	5216
chr8	122708832	122908832	harbor2	chr8	122735043	122735374	LTR/ERVL-MaLR	1102	-	166	122735209	26377
chr8	122708832	122908832	harbor2	chr8	122735375	122735721	LTR/ERVL-MaLR	1608	-	173	122735548	26716
chr8	122708832	122908832	harbor2	chr8	122735722	122735791	LTR/ERVL-MaLR	1102	-	34	122735756	26924
chr8	122708832	122908832	harbor2	chr8	122753953	122754318	LTR/ERVL-MaLR	2183	-	182	122754135	45303
chr8	122708832	122908832	harbor2	chr8	122771142	122771348	LTR/ERVL-MaLR	1064	-	103	122771245	62413
chr8	122708832	122908832	harbor2	chr8	122771550	122771782	LTR/ERVL-MaLR	1279	-	116	122771666	62834
chr8	122708832	122908832	harbor2	chr8	122772180	122772710	LTR/ERVL-MaLR	2112	-	265	122772445	63613
chr8	122708832	122908832	harbor2	chr8	122774171	122774777	LTR/ERVL-MaLR	2347	-	303	122774474	65642
chr8	122708832	122908832	harbor2	chr8	122775369	122775593	LTR/ERVL-MaLR	992	-	112	122775481	66649
chr8	122708832	122908832	harbor2	chr8	122776277	122776404	LTR/ERVL-MaLR	713	-	64	122776341	67509
chr8	122708832	122908832	harbor2	chr8	122777902	122778338	LTR/ERVL-MaLR	709	-	218	122778120	69288
chr8	122708832	122908832	harbor2	chr8	122808250	122808624	LTR/ERVL-MaLR	2832	-	187	122808437	99605
chr8	122708832	122908832	harbor2	chr8	122748717	122749073	LTR/ERVL-MaLR	1976	-	178	122748895	40063
chr8	109628355	109828355	harbor2	chr8	109719256	109719587	LTR/ERVL-MaLR	429	-	166	109719422	91067
chr8	109628355	109828355	harbor2	chr8	109721393	109721738	LTR/ERVL-MaLR	2027	-	172	109721565	93210
chr8	124087151	124287151	harbor2	chr8	124092616	124092852	LTR/ERVL-MaLR	2608	-	118	124092734	5583
chr8	124087151	124287151	harbor2	chr8	124093123	124093316	LTR/ERVL-MaLR	2608	-	96	124093219	6068
chr8	124087151	124287151	harbor2	chr8	124125317	124125678	LTR/ERVL-MaLR	1627	-	180	124125497	38346
chr8	124087151	124287151	harbor2	chr8	124125988	124126151	LTR/ERVL-MaLR	660	-	82	124126070	38919
chr8	124087151	124287151	harbor2	chr8	124128816	124128948	LTR/ERVL-MaLR	461	-	66	124128882	41731
chr8	124087151	124287151	harbor2	chr8	124135506	124135848	LTR/ERVL-MaLR	1804	-	171	124135677	48526
chr8	124087151	124287151	harbor2	chr8	124137009	124137163	LTR/ERVL-MaLR	461	-	77	124137086	49935
chr8	124087151	124287151	harbor2	chr8	124139520	124139897	LTR/ERVL-MaLR	2206	-	188	124139708	52557
chr8	124087151	124287151	harbor2	chr8	124171345	124171724	LTR/ERVL-MaLR	1614	-	190	124171535	84384
chr8	132921795	133121795	harbor2	chr8	132922582	132922938	LTR/ERVL-MaLR	2137	-	178	132922760	965
chr8	132921795	133121795	harbor2	chr8	132930988	132931378	LTR/ERVL-MaLR	2196	-	195	132931183	9388
chr8	132921795	133121795	harbor2	chr8	132949214	132949544	LTR/ERVL-MaLR	809	-	165	132949379	27584
chr8	132921795	133121795	harbor2	chr8	132976158	132976482	LTR/ERVL-MaLR	1246	-	162	132976320	54525
chr8	132921795	133121795	harbor2	chr8	132977457	132977826	LTR/ERVL-MaLR	2308	-	184	132977641	55846
chr8	132921795	133121795	harbor2	chr8	132978021	132978446	LTR/ERVL-MaLR	2550	-	212	132978233	56438
chr8	132921795	133121795	harbor2	chr8	133000834	133001250	LTR/ERVL-MaLR	1739	-	208	133001042	79247
chr8	132921795	133121795	harbor2	chr8	133018122	133018465	LTR/ERVL-MaLR	1172	-	172	133018294	96499
chr8	132921795	133121795	harbor2	chr8	132988900	132989266	LTR/ERVL-MaLR	2269	-	183	132989083	67288
chr8	132921795	133121795	harbor2	chr8	133021514	133021865	LTR/ERVL-MaLR	1836	-	176	133021690	99895
chr8	144907691	145107691	harbor2	chr8	144940694	144941064	LTR/ERVL-MaLR	1633	-	185	144940879	33188
chr8	144907691	145107691	harbor2	chr8	145007158	145007323	LTR/ERVL-MaLR	646	-	82	145007240	99549
chr8	99874130	100074130	harbor2	chr8	99900621	99901104	LTR/ERVL-MaLR	1609	-	242	99900863	26733
chr8	99874130	100074130	harbor2	chr8	99911648	99911930	LTR/ERVL-MaLR	1372	-	141	99911789	37659
chr8	99874130	100074130	harbor2	chr8	99917119	99917481	LTR/ERVL-MaLR	2132	-	181	99917300	43170
chr8	99874130	100074130	harbor2	chr8	99921441	99921592	LTR/ERVL-MaLR	501	-	76	99921517	47387
chr8	99874130	100074130	harbor2	chr8	99950830	99951744	LTR/ERVL-MaLR	2742	-	457	99951287	77157
chr8	99874130	100074130	harbor2	chr8	99952047	99952171	LTR/ERVL-MaLR	2742	-	62	99952109	77979
chr8	99874130	100074130	harbor2	chr8	99952178	99952646	LTR/ERVL-MaLR	574	-	234	99952412	78282
chr8	139109057	139309057	harbor2	chr8	139188181	139188396	LTR/ERVL-MaLR	1233	-	108	139188289	79232
chr8	139109057	139309057	harbor2	chr8	139189989	139190376	LTR/ERVL-MaLR	1911	-	194	139190183	81126
chr8	139109057	139309057	harbor2	chr8	139200449	139200852	LTR/ERVL-MaLR	449	-	202	139200651	91594
chr8	139109057	139309057	harbor2	chr8	139201135	139201589	LTR/ERVL-MaLR	1335	-	227	139201362	92305
chr8	139109057	139309057	harbor2	chr8	139202304	139202716	LTR/ERVL-MaLR	2333	-	206	139202510	93453
chr8	139109057	139309057	harbor2	chr8	139207676	139208037	LTR/ERVL-MaLR	2248	-	180	139207856	98799
chr8	139721502	139921502	harbor2	chr8	139722063	139722557	LTR/ERVL-MaLR	1850	-	247	139722310	808
chr8	139721502	139921502	harbor2	chr8	139760698	139760944	LTR/ERVL-MaLR	1200	-	123	139760821	39319
chr8	139721502	139921502	harbor2	chr8	139798771	139799009	LTR/ERVL-MaLR	1002	-	119	139798890	77388
chr8	139721502	139921502	harbor2	chr8	139799252	139799415	LTR/ERVL-MaLR	518	-	82	139799334	77832
chr8	105677264	105877264	harbor2	chr8	105682672	105682791	LTR/ERVL-MaLR	596	-	60	105682732	5468
chr8	105677264	105877264	harbor2	chr8	105682890	105683224	LTR/ERVL-MaLR	1658	-	167	105683057	5793
chr8	105677264	105877264	harbor2	chr8	105707976	105708065	LTR/ERVL-MaLR	442	-	44	105708020	30756
chr8	105677264	105877264	harbor2	chr8	105710175	105710487	LTR/ERVL-MaLR	667	-	156	105710331	33067
chr8	105677264	105877264	harbor2	chr8	105728289	105728607	LTR/ERVL-MaLR	790	-	159	105728448	51184
chr8	115413793	115613793	harbor2	chr8	115436128	115436507	LTR/ERVL-MaLR	497	-	190	115436318	22525
chr8	115413793	115613793	harbor2	chr8	115471155	115471533	LTR/ERVL-MaLR	2389	-	189	115471344	57551
chr8	115413793	115613793	harbor2	chr8	115471534	115473128	LTR/ERVL-MaLR	10448	-	797	115472331	58538
chr8	115413793	115613793	harbor2	chr8	115473131	115473507	LTR/ERVL-MaLR	2563	-	188	115473319	59526
chr9	6839634	7039634	harbor2	chr9	6863319	6863514	LTR/ERVL-MaLR	2295	-	98	6863417	23783
chr9	6839634	7039634	harbor2	chr9	6863813	6864027	LTR/ERVL-MaLR	2295	-	107	6863920	24286
chr9	6839634	7039634	harbor2	chr9	6895136	6895467	LTR/ERVL-MaLR	922	-	166	6895302	55668
chr9	61772198	61972198	harbor2	chr9	61828344	61828708	LTR/ERVL-MaLR	2005	-	182	61828526	56328
chr9	61772198	61972198	harbor2	chr9	61828709	61829818	LTR/ERVL-MaLR	7212	-	554	61829263	57065
chr9	61772198	61972198	harbor2	chr9	61848388	61848888	LTR/ERVL-MaLR	1110	-	250	61848638	76440
chr9	133995964	134195964	harbor2	chr9	134008595	134009216	LTR/ERVL-MaLR	772	-	310	134008905	12941
chr9	133995964	134195964	harbor2	chr9	134093827	134094218	LTR/ERVL-MaLR	2174	-	196	134094023	98059
chr9	129171771	129371771	harbor2	chr9	129206854	129207273	LTR/ERVL-MaLR	3037	-	210	129207064	35293
chr9	129171771	129371771	harbor2	chr9	129259333	129259829	LTR/ERVL-MaLR	2167	-	248	129259581	87810
chr9	129171771	129371771	harbor2	chr9	129263440	129263848	LTR/ERVL-MaLR	2023	-	204	129263644	91873
chr9	129171771	129371771	harbor2	chr9	129271242	129271629	LTR/ERVL-MaLR	1385	-	194	129271436	99665
chr9	127519830	127719830	harbor2	chr9	127616421	127616922	LTR/ERVL-MaLR	1797	-	250	127616671	96841
chr9	87800991	88000991	harbor2	chr9	87814178	87814271	LTR/ERVL-MaLR	462	-	46	87814224	13233
chr9	87800991	88000991	harbor2	chr9	87814404	87814537	LTR/ERVL-MaLR	402	-	66	87814470	13479
chr9	87800991	88000991	harbor2	chr9	87847646	87848009	LTR/ERVL-MaLR	2370	-	182	87847828	46837
chr9	87800991	88000991	harbor2	chr9	87849392	87849676	LTR/ERVL-MaLR	528	-	142	87849534	48543
chr9	87800991	88000991	harbor2	chr9	87867615	87867761	LTR/ERVL-MaLR	405	-	73	87867688	66697
chr9	126283861	126483861	harbor2	chr9	126303471	126303805	LTR/ERVL-MaLR	871	-	167	126303638	19777
chr9	126283861	126483861	harbor2	chr9	126306848	126307236	LTR/ERVL-MaLR	2286	-	194	126307042	23181
chr9	126283861	126483861	harbor2	chr9	126311170	126311211	LTR/ERVL-MaLR	2713	-	20	126311190	27329
chr9	126283861	126483861	harbor2	chr9	126311515	126311914	LTR/ERVL-MaLR	2713	-	200	126311715	27854
chr9	126283861	126483861	harbor2	chr9	126312419	126312780	LTR/ERVL-MaLR	967	-	180	126312599	28738
chr9	126283861	126483861	harbor2	chr9	126344664	126345030	LTR/ERVL-MaLR	1790	-	183	126344847	60986
chr9	126283861	126483861	harbor2	chr9	126350488	126350817	LTR/ERVL-MaLR	1865	-	164	126350652	66791
chr9	86395629	86595629	harbor2	chr9	86421571	86421686	LTR/ERVL-MaLR	884	-	58	86421629	26000
chr9	86395629	86595629	harbor2	chr9	86421678	86421872	LTR/ERVL-MaLR	939	-	97	86421775	26146
chr9	86395629	86595629	harbor2	chr9	86431165	86431525	LTR/ERVL-MaLR	1565	-	180	86431345	35716
chr9	86395629	86595629	harbor2	chr9	86451586	86451983	LTR/ERVL-MaLR	2030	-	198	86451784	56155
chr9	86395629	86595629	harbor2	chr9	86453001	86453402	LTR/ERVL-MaLR	2018	-	200	86453201	57572
chr9	86395629	86595629	harbor2	chr9	86485282	86485650	LTR/ERVL-MaLR	737	-	184	86485466	89837
chr9	134006116	134206116	harbor2	chr9	134008595	134009216	LTR/ERVL-MaLR	772	-	310	134008905	2789
chr9	134006116	134206116	harbor2	chr9	134093827	134094218	LTR/ERVL-MaLR	2174	-	196	134094023	87907
chr9	131975283	132175283	harbor2	chr9	132022641	132023002	LTR/ERVL-MaLR	2128	-	180	132022821	47538
chr9	62693597	62893597	harbor2	chr9	62702937	62703286	LTR/ERVL-MaLR	1470	-	174	62703111	9514
chr9	62693597	62893597	harbor2	chr9	62704419	62704701	LTR/ERVL-MaLR	777	-	141	62704560	10963
chr9	62693597	62893597	harbor2	chr9	62709847	62709914	LTR/ERVL-MaLR	436	-	34	62709881	16284
chr9	62693597	62893597	harbor2	chr9	62711540	62711844	LTR/ERVL-MaLR	1526	-	152	62711692	18095
chr9	62693597	62893597	harbor2	chr9	62741361	62741479	LTR/ERVL-MaLR	398	-	59	62741420	47823
chr9	89188340	89388340	harbor2	chr9	89190983	89191337	LTR/ERVL-MaLR	878	-	177	89191160	2820
chr9	89188340	89388340	harbor2	chr9	89196595	89196997	LTR/ERVL-MaLR	2542	-	201	89196796	8456
chr9	89188340	89388340	harbor2	chr9	89203144	89203394	LTR/ERVL-MaLR	1463	-	125	89203269	14929
chr9	89188340	89388340	harbor2	chr9	89208967	89209221	LTR/ERVL-MaLR	1859	-	127	89209094	20754
chr9	89188340	89388340	harbor2	chr9	89210752	89210857	LTR/ERVL-MaLR	1859	-	52	89210804	22464
chr9	89188340	89388340	harbor2	chr9	89224214	89224578	LTR/ERVL-MaLR	1730	-	182	89224396	36056
chr9	89188340	89388340	harbor2	chr9	89224793	89225224	LTR/ERVL-MaLR	836	-	216	89225009	36669
chr9	89188340	89388340	harbor2	chr9	89237898	89237994	LTR/ERVL-MaLR	410	-	48	89237946	49606
chr9	89188340	89388340	harbor2	chr9	89244677	89245002	LTR/ERVL-MaLR	610	-	162	89244839	56499
chr9	89188340	89388340	harbor2	chr9	89252232	89252308	LTR/ERVL-MaLR	431	-	38	89252270	63930
chr9	89188340	89388340	harbor2	chr9	89274977	89275334	LTR/ERVL-MaLR	2187	-	178	89275155	86815
chr9	89188340	89388340	harbor2	chr9	89276863	89277220	LTR/ERVL-MaLR	2121	-	178	89277041	88701
chr9	89188340	89388340	harbor2	chr9	89194446	89194810	LTR/ERVL-MaLR	2124	-	182	89194628	6288
chr9	89188340	89388340	harbor2	chr9	89275335	89276862	LTR/ERVL-MaLR	11275	-	764	89276099	87759
chr9	118317055	118517055	harbor2	chr9	118339495	118339848	LTR/ERVL-MaLR	477	-	176	118339671	22616
chr9	118317055	118517055	harbor2	chr9	118340598	118341055	LTR/ERVL-MaLR	1008	-	228	118340826	23771
chr9	118317055	118517055	harbor2	chr9	118367413	118367788	LTR/ERVL-MaLR	1682	-	188	118367601	50546
chr9	118317055	118517055	harbor2	chr9	118367866	118368286	LTR/ERVL-MaLR	1873	-	210	118368076	51021
chr9	118317055	118517055	harbor2	chr9	118375935	118376040	LTR/ERVL-MaLR	473	-	52	118375987	58932
chr9	118317055	118517055	harbor2	chr9	118376653	118376923	LTR/ERVL-MaLR	625	-	135	118376788	59733
chr9	118317055	118517055	harbor2	chr9	118409518	118409682	LTR/ERVL-MaLR	1516	-	82	118409600	92545
chr9	118317055	118517055	harbor2	chr9	118409683	118410070	LTR/ERVL-MaLR	1799	-	194	118409877	92822
chr9	118317055	118517055	harbor2	chr9	118410071	118410286	LTR/ERVL-MaLR	1516	-	108	118410179	93124
chr9	105638242	105838242	harbor2	chr9	105653763	105653921	LTR/ERVL-MaLR	488	-	79	105653842	15600
chr9	105638242	105838242	harbor2	chr9	105654201	105654368	LTR/ERVL-MaLR	488	-	84	105654285	16043
chr9	117913215	118113215	harbor2	chr9	117932911	117933262	LTR/ERVL-MaLR	1199	-	176	117933087	19872
chr9	117913215	118113215	harbor2	chr9	117968915	117969288	LTR/ERVL-MaLR	2022	-	186	117969101	55886
chr9	117913215	118113215	harbor2	chr9	117989013	117989336	LTR/ERVL-MaLR	1481	-	162	117989175	75960
chr9	117913215	118113215	harbor2	chr9	118011467	118011698	LTR/ERVL-MaLR	526	-	116	118011583	98368
chr9	133245008	133445008	harbor2	chr9	133286921	133287096	LTR/ERVL-MaLR	866	-	88	133287009	42001
chr9	91365178	91565178	harbor2	chr9	91369370	91369606	LTR/ERVL-MaLR	1237	-	118	91369488	4310
chr9	91365178	91565178	harbor2	chr9	91371700	91371849	LTR/ERVL-MaLR	651	-	74	91371774	6596
chr9	91365178	91565178	harbor2	chr9	91374016	91374171	LTR/ERVL-MaLR	1891	-	78	91374094	8916
chr9	91365178	91565178	harbor2	chr9	91435924	91436295	LTR/ERVL-MaLR	916	-	186	91436110	70932
chr9	91365178	91565178	harbor2	chr9	91436622	91436823	LTR/ERVL-MaLR	916	-	100	91436722	71544
chr9	91365178	91565178	harbor2	chr9	91448198	91448630	LTR/ERVL-MaLR	1693	-	216	91448414	83236
chr9	91365178	91565178	harbor2	chr9	91452974	91453389	LTR/ERVL-MaLR	2151	-	208	91453182	88004
chr9	91365178	91565178	harbor2	chr9	91461425	91461806	LTR/ERVL-MaLR	863	-	190	91461615	96437
chr9	91365178	91565178	harbor2	chr9	91373512	91373710	LTR/ERVL-MaLR	1891	-	99	91373611	8433
chr9	117135775	117335775	harbor2	chr9	117143602	117143937	LTR/ERVL-MaLR	942	-	168	117143770	7995
chr9	117135775	117335775	harbor2	chr9	117230165	117230602	LTR/ERVL-MaLR	1148	-	218	117230383	94608
chr9	106084886	106284886	harbor2	chr9	106092076	106092477	LTR/ERVL-MaLR	1380	-	200	106092276	7390
chr9	106084886	106284886	harbor2	chr9	106125615	106125824	LTR/ERVL-MaLR	508	-	104	106125719	40833
chr9	106084886	106284886	harbor2	chr9	106126975	106127226	LTR/ERVL-MaLR	501	-	126	106127101	42215
chr9	106084886	106284886	harbor2	chr9	106158576	106158779	LTR/ERVL-MaLR	847	-	102	106158678	73792
chr9	106084886	106284886	harbor2	chr9	106159084	106159189	LTR/ERVL-MaLR	847	-	52	106159136	74250
chr9	138245892	138445892	harbor2	chr9	138301168	138301577	LTR/ERVL-MaLR	1022	-	204	138301372	55480
chr9	138245892	138445892	harbor2	chr9	138305250	138305526	LTR/ERVL-MaLR	969	-	138	138305388	59496
chr9	138245892	138445892	harbor2	chr9	138307809	138308049	LTR/ERVL-MaLR	969	-	120	138307929	62037
chr9	138245892	138445892	harbor2	chr9	138248138	138248565	LTR/ERVL-MaLR	1427	-	214	138248352	2460
chr9	138245892	138445892	harbor2	chr9	138297179	138297668	LTR/ERVL-MaLR	1737	-	244	138297423	51531
chr9	95420410	95620410	harbor2	chr9	95435193	95435397	LTR/ERVL-MaLR	565	-	102	95435295	14885
chr9	79996081	80196081	harbor2	chr9	80029924	80030347	LTR/ERVL-MaLR	858	-	212	80030136	34055
chr9	79996081	80196081	harbor2	chr9	80031836	80032214	LTR/ERVL-MaLR	2172	-	189	80032025	35944
chr9	79996081	80196081	harbor2	chr9	80032215	80033800	LTR/ERVL-MaLR	8290	-	792	80033007	36926
chr9	79996081	80196081	harbor2	chr9	80033801	80034214	LTR/ERVL-MaLR	2290	-	206	80034007	37926
chr9	79996081	80196081	harbor2	chr9	80059996	80060507	LTR/ERVL-MaLR	1598	-	256	80060252	64171
chr9	128614084	128814084	harbor2	chr9	128619269	128619768	LTR/ERVL-MaLR	1220	-	250	128619519	5435
chr9	100513280	100713280	harbor2	chr9	100544222	100544590	LTR/ERVL-MaLR	2478	-	184	100544406	31126
chr9	100513280	100713280	harbor2	chr9	100544591	100546150	LTR/ERVL-MaLR	10886	-	780	100545371	32091
chr9	100513280	100713280	harbor2	chr9	100546152	100546523	LTR/ERVL-MaLR	2214	-	186	100546338	33058
chr9	100513280	100713280	harbor2	chr9	100549069	100549451	LTR/ERVL-MaLR	1977	-	191	100549260	35980
chr9	100513280	100713280	harbor2	chr9	100567771	100568136	LTR/ERVL-MaLR	2257	-	182	100567953	54673
chr9	100513280	100713280	harbor2	chr9	100612289	100612649	LTR/ERVL-MaLR	2201	-	180	100612469	99189
chr9	111301942	111501942	harbor2	chr9	111302340	111302474	LTR/ERVL-MaLR	1163	-	67	111302407	465
chr9	111301942	111501942	harbor2	chr9	111302786	111302875	LTR/ERVL-MaLR	1163	-	44	111302830	888
chr9	111301942	111501942	harbor2	chr9	111303363	111303482	LTR/ERVL-MaLR	722	-	60	111303423	1481
chr9	98767974	98967974	harbor2	chr9	98799498	98799602	LTR/ERVL-MaLR	419	-	52	98799550	31576
chr9	98767974	98967974	harbor2	chr9	98799741	98799818	LTR/ERVL-MaLR	391	-	38	98799779	31805
chr9	98767974	98967974	harbor2	chr9	98813939	98814103	LTR/ERVL-MaLR	503	-	82	98814021	46047
chr9	98767974	98967974	harbor2	chr9	98814200	98814329	LTR/ERVL-MaLR	409	-	64	98814264	46290
chr9	98767974	98967974	harbor2	chr9	98818770	98819181	LTR/ERVL-MaLR	2016	-	206	98818976	51002
chr9	98767974	98967974	harbor2	chr9	98824185	98824544	LTR/ERVL-MaLR	614	-	180	98824365	56391
chr9	98767974	98967974	harbor2	chr9	98856009	98856530	LTR/ERVL-MaLR	2081	-	260	98856269	88295
chr9	98767974	98967974	harbor2	chr9	98856536	98857537	LTR/ERVL-MaLR	3664	-	500	98857036	89062
chr9	98767974	98967974	harbor2	chr9	98857573	98857674	LTR/ERVL-MaLR	3664	-	50	98857623	89649
chr9	98767974	98967974	harbor2	chr9	98859310	98859427	LTR/ERVL-MaLR	671	-	58	98859368	91394
chr9	98767974	98967974	harbor2	chr9	98859664	98859780	LTR/ERVL-MaLR	671	-	58	98859722	91748
chr9	98767974	98967974	harbor2	chr9	98859781	98860039	LTR/ERVL-MaLR	1220	-	129	98859910	91936
chr9	134492700	134692700	harbor2	chr9	134512191	134512596	LTR/ERVL-MaLR	1270	-	202	134512393	19693
chr9	134492700	134692700	harbor2	chr9	134530361	134530830	LTR/ERVL-MaLR	1409	-	234	134530595	37895
chr9	134492700	134692700	harbor2	chr9	134535187	134535599	LTR/ERVL-MaLR	1338	-	206	134535393	42693
chr9	134492700	134692700	harbor2	chr9	134542039	134542378	LTR/ERVL-MaLR	2160	-	170	134542209	49509
chr9	134492700	134692700	harbor2	chr9	134548305	134548707	LTR/ERVL-MaLR	1836	-	201	134548506	55806
chr9	134492700	134692700	harbor2	chr9	134566902	134567448	LTR/ERVL-MaLR	1771	-	273	134567175	74475
chr9	134492700	134692700	harbor2	chr9	134571507	134571965	LTR/ERVL-MaLR	1567	-	229	134571736	79036
chr9	78322709	78522709	harbor2	chr9	78326648	78326955	LTR/ERVL-MaLR	1051	-	154	78326802	4093
chr9	78322709	78522709	harbor2	chr9	78327261	78327415	LTR/ERVL-MaLR	1051	-	77	78327338	4629
chr9	78322709	78522709	harbor2	chr9	78350102	78350278	LTR/ERVL-MaLR	1340	-	88	78350190	27481
chr9	78322709	78522709	harbor2	chr9	78350594	78350748	LTR/ERVL-MaLR	1340	-	77	78350671	27962
chr9	78322709	78522709	harbor2	chr9	78358676	78359019	LTR/ERVL-MaLR	1546	-	172	78358848	36139
chr9	78322709	78522709	harbor2	chr9	78359786	78360123	LTR/ERVL-MaLR	1845	-	168	78359954	37245
chr9	78322709	78522709	harbor2	chr9	78363270	78363892	LTR/ERVL-MaLR	2385	-	311	78363581	40872
chr9	78322709	78522709	harbor2	chr9	78398712	78399108	LTR/ERVL-MaLR	663	-	198	78398910	76201
chr9	78322709	78522709	harbor2	chr9	78400005	78400347	LTR/ERVL-MaLR	1785	-	171	78400176	77467
chr9	78322709	78522709	harbor2	chr9	78417411	78417782	LTR/ERVL-MaLR	1185	-	186	78417597	94888
chr9	116929359	117129359	harbor2	chr9	116944856	116945285	LTR/ERVL-MaLR	911	-	214	116945070	15711
chr9	116929359	117129359	harbor2	chr9	116945821	116946212	LTR/ERVL-MaLR	1992	-	196	116946017	16658
chr9	116929359	117129359	harbor2	chr9	116969854	116970293	LTR/ERVL-MaLR	1089	-	220	116970074	40715
chr9	116929359	117129359	harbor2	chr9	117009783	117009987	LTR/ERVL-MaLR	480	-	102	117009885	80526
chr9	71242022	71442022	harbor2	chr9	71297364	71297734	LTR/ERVL-MaLR	2370	-	185	71297549	55527
chr9	82614346	82814346	harbor2	chr9	82615819	82616193	LTR/ERVL-MaLR	1944	-	187	82616006	1660
chr9	82614346	82814346	harbor2	chr9	82617137	82617554	LTR/ERVL-MaLR	2175	-	208	82617345	2999
chr9	82614346	82814346	harbor2	chr9	82660300	82660927	LTR/ERVL-MaLR	1578	-	314	82660614	46268
chr9	82614346	82814346	harbor2	chr9	82679578	82679964	LTR/ERVL-MaLR	1179	-	193	82679771	65425
chr9	82614346	82814346	harbor2	chr9	82684692	82685062	LTR/ERVL-MaLR	2302	-	185	82684877	70531
chr9	82614346	82814346	harbor2	chr9	82685141	82686675	LTR/ERVL-MaLR	9863	-	767	82685908	71562
chr9	82614346	82814346	harbor2	chr9	82686676	82687049	LTR/ERVL-MaLR	2304	-	186	82686862	72516
chr9	131307406	131507406	harbor2	chr9	131310109	131310256	LTR/ERVL-MaLR	599	-	74	131310183	2777
chr9	131307406	131507406	harbor2	chr9	131310564	131310678	LTR/ERVL-MaLR	599	-	57	131310621	3215
chr9	131307406	131507406	harbor2	chr9	131391141	131391587	LTR/ERVL-MaLR	1798	-	223	131391364	83958
chr9	83965099	84165099	harbor2	chr9	83996667	83996885	LTR/ERVL-MaLR	1216	-	109	83996776	31677
chr9	83965099	84165099	harbor2	chr9	83997606	83997763	LTR/ERVL-MaLR	847	-	78	83997684	32585
chr9	83965099	84165099	harbor2	chr9	84020533	84020883	LTR/ERVL-MaLR	1353	-	175	84020708	55609
chr9	83965099	84165099	harbor2	chr9	84057135	84057215	LTR/ERVL-MaLR	666	-	40	84057175	92076
chr9	83965099	84165099	harbor2	chr9	84057498	84057843	LTR/ERVL-MaLR	666	-	172	84057670	92571
chr9	83965099	84165099	harbor2	chr9	84060642	84061062	LTR/ERVL-MaLR	2296	-	210	84060852	95753
chr9	83965099	84165099	harbor2	chr9	84064435	84064817	LTR/ERVL-MaLR	1184	-	191	84064626	99527
chr9	110082390	110282390	harbor2	chr9	110092627	110093088	LTR/ERVL-MaLR	1125	-	230	110092857	10467
chr9	110082390	110282390	harbor2	chr9	110094380	110094786	LTR/ERVL-MaLR	2584	-	203	110094583	12193
chr9	110082390	110282390	harbor2	chr9	110114038	110114481	LTR/ERVL-MaLR	2110	-	222	110114260	31870
chr9	110082390	110282390	harbor2	chr9	110117529	110117848	LTR/ERVL-MaLR	1137	-	160	110117689	35299
chr9	110082390	110282390	harbor2	chr9	110123189	110123580	LTR/ERVL-MaLR	1493	-	196	110123385	40995
chr9	110082390	110282390	harbor2	chr9	110150326	110150684	LTR/ERVL-MaLR	1643	-	179	110150505	68115
chr9	110082390	110282390	harbor2	chr9	110166879	110167239	LTR/ERVL-MaLR	2534	-	180	110167059	84669
chr9	131756660	131956660	harbor2	chr9	131767948	131768170	LTR/ERVL-MaLR	862	-	111	131768059	11399
chr9	131756660	131956660	harbor2	chr9	131768595	131768771	LTR/ERVL-MaLR	788	-	88	131768683	12023
chr9	131756660	131956660	harbor2	chr9	131795349	131795732	LTR/ERVL-MaLR	1337	-	192	131795541	38881
chr9	131756660	131956660	harbor2	chr9	131795733	131795949	LTR/ERVL-MaLR	1285	-	108	131795841	39181
chr9	131756660	131956660	harbor2	chr9	131796226	131796252	LTR/ERVL-MaLR	1285	-	13	131796239	39579
chr9	131756660	131956660	harbor2	chr9	131796450	131796560	LTR/ERVL-MaLR	550	-	55	131796505	39845
chr9	131756660	131956660	harbor2	chr9	131802264	131802553	LTR/ERVL-MaLR	849	-	144	131802408	45748
chr9	131756660	131956660	harbor2	chr9	131802716	131803185	LTR/ERVL-MaLR	633	-	234	131802950	46290
chr9	131756660	131956660	harbor2	chr9	131824673	131824886	LTR/ERVL-MaLR	447	-	106	131824779	68119
chr9	131756660	131956660	harbor2	chr9	131825726	131825820	LTR/ERVL-MaLR	736	-	47	131825773	69113
chr9	131756660	131956660	harbor2	chr9	131826131	131826396	LTR/ERVL-MaLR	736	-	132	131826263	69603
chr9	131756660	131956660	harbor2	chr9	131831280	131831473	LTR/ERVL-MaLR	568	-	96	131831376	74716
chr9	131756660	131956660	harbor2	chr9	131846417	131846887	LTR/ERVL-MaLR	1404	-	235	131846652	89992
chr9	105279905	105479905	harbor2	chr9	105313303	105313587	LTR/ERVL-MaLR	980	-	142	105313445	33540
chr9	105279905	105479905	harbor2	chr9	105316807	105317260	LTR/ERVL-MaLR	1194	-	226	105317033	37128
chr9	105279905	105479905	harbor2	chr9	105325364	105325760	LTR/ERVL-MaLR	2058	-	198	105325562	45657
chr9	105279905	105479905	harbor2	chr9	105369166	105369562	LTR/ERVL-MaLR	2023	-	198	105369364	89459
chr9	105279905	105479905	harbor2	chr9	105373602	105374066	LTR/ERVL-MaLR	676	-	232	105373834	93929
chr9	137398030	137598030	harbor2	chr9	137399599	137399756	LTR/ERVL-MaLR	2681	-	78	137399677	1647
chr9	137398030	137598030	harbor2	chr9	137400054	137400249	LTR/ERVL-MaLR	2681	-	98	137400152	2122
chr9	137398030	137598030	harbor2	chr9	137400250	137400483	LTR/ERVL-MaLR	11849	-	116	137400366	2336
chr9	137398030	137598030	harbor2	chr9	137400779	137401147	LTR/ERVL-MaLR	11849	-	184	137400963	2933
chr9	137398030	137598030	harbor2	chr9	137401455	137402013	LTR/ERVL-MaLR	11849	-	279	137401734	3704
chr9	137398030	137598030	harbor2	chr9	137402314	137402737	LTR/ERVL-MaLR	11849	-	212	137402526	4496
chr9	137398030	137598030	harbor2	chr9	137402738	137403086	LTR/ERVL-MaLR	2525	-	174	137402912	4882
chr9	137398030	137598030	harbor2	chr9	137404058	137404261	LTR/ERVL-MaLR	915	-	102	137404160	6130
chr9	137398030	137598030	harbor2	chr9	137472972	137473260	LTR/ERVL-MaLR	1954	-	144	137473116	75086
chr9	39693318	39893318	harbor2	chr9	39709493	39709887	LTR/ERVL-MaLR	2244	-	197	39709690	16372
chr9	39693318	39893318	harbor2	chr9	39741360	39741462	LTR/ERVL-MaLR	441	-	51	39741411	48093
chr9	39693318	39893318	harbor2	chr9	39757100	39757475	LTR/ERVL-MaLR	2887	-	188	39757288	63970
chr9	39693318	39893318	harbor2	chr9	39769213	39769263	LTR/ERVL-MaLR	1815	-	25	39769238	75920
chr9	39693318	39893318	harbor2	chr9	39769554	39769877	LTR/ERVL-MaLR	1815	-	162	39769716	76398
chr9	39693318	39893318	harbor2	chr9	39769880	39771484	LTR/ERVL-MaLR	10976	-	802	39770682	77364
chr9	39693318	39893318	harbor2	chr9	39771485	39771859	LTR/ERVL-MaLR	1829	-	187	39771672	78354
chr9	109700567	109900567	harbor2	chr9	109748693	109749081	LTR/ERVL-MaLR	2655	-	194	109748887	48320
chr9	109700567	109900567	harbor2	chr9	109754548	109754897	LTR/ERVL-MaLR	1709	-	174	109754722	54155
chr9	109700567	109900567	harbor2	chr9	109763555	109764055	LTR/ERVL-MaLR	945	-	250	109763805	63238
chr9	109700567	109900567	harbor2	chr9	109767349	109767417	LTR/ERVL-MaLR	393	-	34	109767383	66816
chr9	109700567	109900567	harbor2	chr9	109785459	109785803	LTR/ERVL-MaLR	2360	-	172	109785631	85064
chr9	109700567	109900567	harbor2	chr9	109796524	109796900	LTR/ERVL-MaLR	2235	-	188	109796712	96145
chr9	109700567	109900567	harbor2	chr9	109797921	109798312	LTR/ERVL-MaLR	1750	-	196	109798117	97550
chr9	117891421	118091421	harbor2	chr9	117900507	117901058	LTR/ERVL-MaLR	1497	-	276	117900783	9362
chr9	117891421	118091421	harbor2	chr9	117902768	117902984	LTR/ERVL-MaLR	1986	-	108	117902876	11455
chr9	117891421	118091421	harbor2	chr9	117903291	117903466	LTR/ERVL-MaLR	1986	-	88	117903379	11958
chr9	117891421	118091421	harbor2	chr9	117911213	117911555	LTR/ERVL-MaLR	1375	-	171	117911384	19963
chr9	117891421	118091421	harbor2	chr9	117932911	117933262	LTR/ERVL-MaLR	1199	-	176	117933087	41666
chr9	117891421	118091421	harbor2	chr9	117968915	117969288	LTR/ERVL-MaLR	2022	-	186	117969101	77680
chr9	117891421	118091421	harbor2	chr9	117989013	117989336	LTR/ERVL-MaLR	1481	-	162	117989175	97754
chr9	113500555	113700555	harbor2	chr9	113557113	113557337	LTR/ERVL-MaLR	477	-	112	113557225	56670
chr9	113500555	113700555	harbor2	chr9	113557360	113557580	LTR/ERVL-MaLR	687	-	110	113557470	56915
chr9	109676786	109876786	harbor2	chr9	109748693	109749081	LTR/ERVL-MaLR	2655	-	194	109748887	72101
chr9	109676786	109876786	harbor2	chr9	109754548	109754897	LTR/ERVL-MaLR	1709	-	174	109754722	77936
chr9	109676786	109876786	harbor2	chr9	109763555	109764055	LTR/ERVL-MaLR	945	-	250	109763805	87019
chr9	109676786	109876786	harbor2	chr9	109767349	109767417	LTR/ERVL-MaLR	393	-	34	109767383	90597
chr9	96802644	97002644	harbor2	chr9	96812387	96812783	LTR/ERVL-MaLR	1841	-	198	96812585	9941
chr9	96802644	97002644	harbor2	chr9	96899497	96899617	LTR/ERVL-MaLR	712	-	60	96899557	96913
chr9	108938793	109138793	harbor2	chr9	109002079	109002410	LTR/ERVL-MaLR	1805	-	166	109002245	63452
chr9	109871215	110071215	harbor2	chr9	109892073	109892508	LTR/ERVL-MaLR	1347	-	218	109892291	21076
chr9	109871215	110071215	harbor2	chr9	109895704	109895912	LTR/ERVL-MaLR	2698	-	104	109895808	24593
chr9	109871215	110071215	harbor2	chr9	109896213	109896373	LTR/ERVL-MaLR	2698	-	80	109896293	25078
chr9	109871215	110071215	harbor2	chr9	109913679	109913751	LTR/ERVL-MaLR	971	-	36	109913715	42500
chr9	109871215	110071215	harbor2	chr9	109914056	109914483	LTR/ERVL-MaLR	971	-	214	109914270	43055
chr9	109871215	110071215	harbor2	chr9	109916742	109916891	LTR/ERVL-MaLR	646	-	74	109916816	45601
chr9	109871215	110071215	harbor2	chr9	109917408	109917479	LTR/ERVL-MaLR	646	-	36	109917444	46229
chr9	109871215	110071215	harbor2	chr9	109917794	109918016	LTR/ERVL-MaLR	646	-	111	109917905	46690
chr9	109871215	110071215	harbor2	chr9	109966950	109967411	LTR/ERVL-MaLR	870	-	230	109967180	95965
chr9	109871215	110071215	harbor2	chr9	109967709	109967773	LTR/ERVL-MaLR	870	-	32	109967741	96526
chr9	109871215	110071215	harbor2	chr9	109919832	109920268	LTR/ERVL-MaLR	531	-	218	109920050	48835
chr9	135723557	135923557	harbor2	chr9	135739936	135740251	LTR/ERVL-MaLR	1671	-	158	135740094	16537
chr9	135723557	135923557	harbor2	chr9	135763452	135763791	LTR/ERVL-MaLR	477	-	170	135763622	40065
chr9	135723557	135923557	harbor2	chr9	135801119	135801575	LTR/ERVL-MaLR	1050	-	228	135801347	77790
chr9	70329039	70529039	harbor2	chr9	70328165	70329766	LTR/ERVL-MaLR	10636	-	800	70328965	74
chr9	70329039	70529039	harbor2	chr9	70329767	70330132	LTR/ERVL-MaLR	1868	-	182	70329949	910
chr9	70329039	70529039	harbor2	chr9	70336825	70337174	LTR/ERVL-MaLR	2375	-	174	70336999	7960
chr9	119355842	119555842	harbor2	chr9	119380497	119380716	LTR/ERVL-MaLR	597	-	110	119380607	24765
chr9	119355842	119555842	harbor2	chr9	119413304	119413596	LTR/ERVL-MaLR	2303	-	146	119413450	57608
chr9	119355842	119555842	harbor2	chr9	119414045	119414169	LTR/ERVL-MaLR	2303	-	62	119414107	58265
chr9	119355842	119555842	harbor2	chr9	119418432	119418903	LTR/ERVL-MaLR	670	-	236	119418668	62826
chr9	119355842	119555842	harbor2	chr9	119437502	119437988	LTR/ERVL-MaLR	1648	-	243	119437745	81903
chr9	119355842	119555842	harbor2	chr9	119450877	119451350	LTR/ERVL-MaLR	1851	-	236	119451113	95271
chr9	119355842	119555842	harbor2	chr9	119453932	119454340	LTR/ERVL-MaLR	2342	-	204	119454136	98294
chr9	110881716	111081716	harbor2	chr9	110900052	110900297	LTR/ERVL-MaLR	1287	-	122	110900174	18458
chr9	110881716	111081716	harbor2	chr9	110901380	110901733	LTR/ERVL-MaLR	2609	-	176	110901556	19840
chr9	110881716	111081716	harbor2	chr9	110914217	110914581	LTR/ERVL-MaLR	2392	-	182	110914399	32683
chr9	110881716	111081716	harbor2	chr9	110945571	110946051	LTR/ERVL-MaLR	2100	-	240	110945811	64095
chr9	110881716	111081716	harbor2	chr9	110961263	110961338	LTR/ERVL-MaLR	2443	-	38	110961301	79585
chr9	110881716	111081716	harbor2	chr9	110961648	110961951	LTR/ERVL-MaLR	2443	-	152	110961800	80084
chr9	30589911	30789911	harbor2	chr9	30599381	30599744	LTR/ERVL-MaLR	1969	-	182	30599563	9652
chr9	30589911	30789911	harbor2	chr9	30599745	30601313	LTR/ERVL-MaLR	10911	-	784	30600529	10618
chr9	30589911	30789911	harbor2	chr9	30601314	30601678	LTR/ERVL-MaLR	1881	-	182	30601496	11585
chr9	30589911	30789911	harbor2	chr9	30645644	30646019	LTR/ERVL-MaLR	1493	-	188	30645832	55921
chr9	30589911	30789911	harbor2	chr9	30683078	30683346	LTR/ERVL-MaLR	1124	-	134	30683212	93301
chr9	30589911	30789911	harbor2	chr9	30685688	30686100	LTR/ERVL-MaLR	1099	-	206	30685894	95983
chr9	30589911	30789911	harbor2	chr9	30688364	30688614	LTR/ERVL-MaLR	1172	-	125	30688489	98578
chr9	30589911	30789911	harbor2	chr9	30687213	30687396	LTR/ERVL-MaLR	505	-	92	30687305	97394
chr9	89725639	89925639	harbor2	chr9	89726333	89726381	LTR/ERVL-MaLR	2412	-	24	89726357	718
chr9	89725639	89925639	harbor2	chr9	89726687	89727000	LTR/ERVL-MaLR	2412	-	156	89726843	1204
chr9	89725639	89925639	harbor2	chr9	89735916	89736518	LTR/ERVL-MaLR	1576	-	301	89736217	10578
chr9	89725639	89925639	harbor2	chr9	89744883	89745260	LTR/ERVL-MaLR	591	-	188	89745071	19432
chr9	89725639	89925639	harbor2	chr9	89750904	89750986	LTR/ERVL-MaLR	406	-	41	89750945	25306
chr9	89725639	89925639	harbor2	chr9	89750999	89751295	LTR/ERVL-MaLR	701	-	148	89751147	25508
chr9	89725639	89925639	harbor2	chr9	89757645	89757958	LTR/ERVL-MaLR	716	-	156	89757801	32162
chr9	89725639	89925639	harbor2	chr9	89789772	89789973	LTR/ERVL-MaLR	665	-	100	89789872	64233
chr9	89725639	89925639	harbor2	chr9	89816137	89816320	LTR/ERVL-MaLR	719	-	92	89816229	90590
chr9	81297213	81497213	harbor2	chr9	81305193	81305432	LTR/ERVL-MaLR	645	-	120	81305313	8100
chr9	81297213	81497213	harbor2	chr9	81341441	81341800	LTR/ERVL-MaLR	2307	-	180	81341621	44408
chr9	81297213	81497213	harbor2	chr9	81382696	81383061	LTR/ERVL-MaLR	2446	-	182	81382878	85665
chr9	81297213	81497213	harbor2	chr9	81392217	81392821	LTR/ERVL-MaLR	2161	-	302	81392519	95306
chr9	110833765	111033765	harbor2	chr9	110855224	110855397	LTR/ERVL-MaLR	757	-	86	110855310	21545
chr9	110833765	111033765	harbor2	chr9	110900052	110900297	LTR/ERVL-MaLR	1287	-	122	110900174	66409
chr9	110833765	111033765	harbor2	chr9	110901380	110901733	LTR/ERVL-MaLR	2609	-	176	110901556	67791
chr9	110833765	111033765	harbor2	chr9	110914217	110914581	LTR/ERVL-MaLR	2392	-	182	110914399	80634
chr9	108970538	109170538	harbor2	chr9	109002079	109002410	LTR/ERVL-MaLR	1805	-	166	109002245	31707
chr9	108970538	109170538	harbor2	chr9	109042223	109042388	LTR/ERVL-MaLR	709	-	82	109042305	71767
chr9	108970538	109170538	harbor2	chr9	109042488	109042646	LTR/ERVL-MaLR	709	-	79	109042567	72029
chr9	93396182	93596182	harbor2	chr9	93413315	93413727	LTR/ERVL-MaLR	2585	-	206	93413521	17339
chr9	133701992	133901992	harbor2	chr9	133720482	133720841	LTR/ERVL-MaLR	2537	-	180	133720662	18670
chr9	133701992	133901992	harbor2	chr9	133753202	133753639	LTR/ERVL-MaLR	2235	-	218	133753420	51428
chr9	118973349	119173349	harbor2	chr9	118977517	118977896	LTR/ERVL-MaLR	773	-	190	118977707	4358
chr9	118973349	119173349	harbor2	chr9	118983590	118983993	LTR/ERVL-MaLR	2318	-	202	118983792	10443
chr9	118973349	119173349	harbor2	chr9	118987997	118988201	LTR/ERVL-MaLR	647	-	102	118988099	14750
chr9	118973349	119173349	harbor2	chr9	118994742	118995231	LTR/ERVL-MaLR	1435	-	244	118994986	21637
chr9	118973349	119173349	harbor2	chr9	119007170	119007531	LTR/ERVL-MaLR	2471	-	180	119007350	34001
chr9	118973349	119173349	harbor2	chr9	119010200	119010576	LTR/ERVL-MaLR	1559	-	188	119010388	37039
chr9	118973349	119173349	harbor2	chr9	119023205	119023428	LTR/ERVL-MaLR	1902	-	112	119023317	49968
chr9	118973349	119173349	harbor2	chr9	119023691	119023878	LTR/ERVL-MaLR	1902	-	94	119023785	50436
chr9	118973349	119173349	harbor2	chr9	119034006	119034073	LTR/ERVL-MaLR	397	-	34	119034040	60691
chr9	118973349	119173349	harbor2	chr9	119034293	119034578	LTR/ERVL-MaLR	1103	-	142	119034435	61086
chr9	118973349	119173349	harbor2	chr9	119051740	119051925	LTR/ERVL-MaLR	531	-	92	119051832	78483
chr9	118973349	119173349	harbor2	chr9	119056085	119056442	LTR/ERVL-MaLR	2146	-	178	119056263	82914
chr9	132918176	133118176	harbor2	chr9	132956668	132957201	LTR/ERVL-MaLR	1815	-	266	132956934	38758
chr9	132918176	133118176	harbor2	chr9	132958271	132958688	LTR/ERVL-MaLR	2829	-	208	132958479	40303
chr9	132918176	133118176	harbor2	chr9	132959569	132960016	LTR/ERVL-MaLR	1724	-	224	132959793	41617
chr9	132918176	133118176	harbor2	chr9	132986077	132986562	LTR/ERVL-MaLR	1083	-	242	132986319	68143
chr9	132918176	133118176	harbor2	chr9	132991929	132992308	LTR/ERVL-MaLR	1674	-	190	132992119	73943
chr9	132918176	133118176	harbor2	chr9	133014209	133014760	LTR/ERVL-MaLR	2035	-	276	133014485	96309
chr9	123100604	123300604	harbor2	chr9	123157513	123157877	LTR/ERVL-MaLR	2470	-	182	123157695	57091
chr9	85284733	85484733	harbor2	chr9	85286236	85286392	LTR/ERVL-MaLR	412	-	78	85286314	1581
chr9	85284733	85484733	harbor2	chr9	85297790	85298183	LTR/ERVL-MaLR	1158	-	196	85297986	13253
chr9	85284733	85484733	harbor2	chr9	85298529	85298603	LTR/ERVL-MaLR	916	-	37	85298566	13833
chr9	85284733	85484733	harbor2	chr9	85306901	85307503	LTR/ERVL-MaLR	2576	-	301	85307202	22469
chr9	85284733	85484733	harbor2	chr9	85330781	85331246	LTR/ERVL-MaLR	2041	-	232	85331013	46280
chr9	85284733	85484733	harbor2	chr9	85338333	85338891	LTR/ERVL-MaLR	1234	-	279	85338612	53879
chr9	85284733	85484733	harbor2	chr9	85347152	85347414	LTR/ERVL-MaLR	449	-	131	85347283	62550
chr9	85284733	85484733	harbor2	chr9	85351779	85351847	LTR/ERVL-MaLR	2057	-	34	85351813	67080
chr9	85284733	85484733	harbor2	chr9	85352147	85352477	LTR/ERVL-MaLR	2057	-	165	85352312	67579
chr9	85284733	85484733	harbor2	chr9	85352483	85353495	LTR/ERVL-MaLR	4907	-	506	85352989	68256
chr9	85284733	85484733	harbor2	chr9	85359394	85359752	LTR/ERVL-MaLR	1842	-	179	85359573	74840
chr9	85284733	85484733	harbor2	chr9	85381911	85382105	LTR/ERVL-MaLR	632	-	97	85382008	97275
chr9	122240584	122440584	harbor2	chr9	122274303	122274374	LTR/ERVL-MaLR	482	-	36	122274339	33755
chr9	95871047	96071047	harbor2	chr9	95881837	95882381	LTR/ERVL-MaLR	1911	-	272	95882109	11062
chr9	95871047	96071047	harbor2	chr9	95956488	95956857	LTR/ERVL-MaLR	2340	-	184	95956672	85625
chr9	95871047	96071047	harbor2	chr9	95961720	95962073	LTR/ERVL-MaLR	2207	-	176	95961896	90849
chr9	65639509	65839509	harbor2	chr9	65654364	65654780	LTR/ERVL-MaLR	2247	-	208	65654572	15063
chr9	65639509	65839509	harbor2	chr9	65658651	65659054	LTR/ERVL-MaLR	2005	-	202	65658853	19344
chr9	132717881	132917881	harbor2	chr9	132720816	132721011	LTR/ERVL-MaLR	1319	-	98	132720914	3033
chr9	132717881	132917881	harbor2	chr9	132771793	132772149	LTR/ERVL-MaLR	2548	-	178	132771971	54090
chr9	132717881	132917881	harbor2	chr9	132788249	132788463	LTR/ERVL-MaLR	516	-	107	132788356	70475
chr9	132717881	132917881	harbor2	chr9	132789647	132790007	LTR/ERVL-MaLR	938	-	180	132789827	71946
chr9	132717881	132917881	harbor2	chr9	132791054	132791423	LTR/ERVL-MaLR	2346	-	184	132791238	73357
chr9	132717881	132917881	harbor2	chr9	132793071	132793382	LTR/ERVL-MaLR	1620	-	156	132793227	75346
chr9	132717881	132917881	harbor2	chr9	132802932	132803280	LTR/ERVL-MaLR	2678	-	174	132803106	85225
chr9	101924713	102124713	harbor2	chr9	101959205	101959556	LTR/ERVL-MaLR	2302	-	176	101959381	34668
chr9	101924713	102124713	harbor2	chr9	101969834	101970217	LTR/ERVL-MaLR	707	-	192	101970026	45313
chr9	101924713	102124713	harbor2	chr9	101978325	101978809	LTR/ERVL-MaLR	1791	-	242	101978567	53854
chr9	132123633	132323633	harbor2	chr9	132132719	132132778	LTR/ERVL-MaLR	719	-	30	132132749	9116
chr9	132123633	132323633	harbor2	chr9	132133076	132133193	LTR/ERVL-MaLR	719	-	58	132133134	9501
chr9	132123633	132323633	harbor2	chr9	132193736	132194139	LTR/ERVL-MaLR	1813	-	202	132193938	70305
chr9	132123633	132323633	harbor2	chr9	132207239	132207675	LTR/ERVL-MaLR	1343	-	218	132207457	83824
chr9	72414895	72614895	harbor2	chr9	72421077	72421410	LTR/ERVL-MaLR	1580	-	166	72421243	6348
chr9	72414895	72614895	harbor2	chr9	72421717	72421797	LTR/ERVL-MaLR	1580	-	40	72421757	6862
chr9	72414895	72614895	harbor2	chr9	72435043	72435509	LTR/ERVL-MaLR	1033	-	233	72435276	20381
chr9	72414895	72614895	harbor2	chr9	72436371	72436493	LTR/ERVL-MaLR	561	-	61	72436432	21537
chr9	72414895	72614895	harbor2	chr9	72483178	72483677	LTR/ERVL-MaLR	1362	-	250	72483428	68533
chr9	72414895	72614895	harbor2	chr9	72506250	72506666	LTR/ERVL-MaLR	2146	-	208	72506458	91563
chr9	137938083	138138083	harbor2	chr9	137979126	137979616	LTR/ERVL-MaLR	1109	-	245	137979371	41288
chr9	137938083	138138083	harbor2	chr9	137979617	137980495	LTR/ERVL-MaLR	3490	-	439	137980056	41973
chr9	137938083	138138083	harbor2	chr9	137981260	137981476	LTR/ERVL-MaLR	1984	-	108	137981368	43285
chr9	137938083	138138083	harbor2	chr9	137981779	137982055	LTR/ERVL-MaLR	1984	-	138	137981917	43834
chr9	137938083	138138083	harbor2	chr9	137982056	137982589	LTR/ERVL-MaLR	1684	-	266	137982322	44239
chr9	137938083	138138083	harbor2	chr9	138033567	138033921	LTR/ERVL-MaLR	2524	-	177	138033744	95661
chr9	129780568	129980568	harbor2	chr9	129798173	129798336	LTR/ERVL-MaLR	1186	-	82	129798255	17687
chr9	129780568	129980568	harbor2	chr9	129798921	129799033	LTR/ERVL-MaLR	1186	-	56	129798977	18409
chr9	129780568	129980568	harbor2	chr9	129841097	129841480	LTR/ERVL-MaLR	2346	-	192	129841289	60721
chr9	129780568	129980568	harbor2	chr9	129855498	129855798	LTR/ERVL-MaLR	548	-	150	129855648	75080
chr9	118238513	118438513	harbor2	chr9	118241918	118242290	LTR/ERVL-MaLR	2195	-	186	118242104	3591
chr9	118238513	118438513	harbor2	chr9	118243884	118244213	LTR/ERVL-MaLR	1176	-	164	118244048	5535
chr9	118238513	118438513	harbor2	chr9	118246528	118246725	LTR/ERVL-MaLR	930	-	98	118246626	8113
chr9	118238513	118438513	harbor2	chr9	118248311	118248453	LTR/ERVL-MaLR	512	-	71	118248382	9869
chr9	118238513	118438513	harbor2	chr9	118290040	118290437	LTR/ERVL-MaLR	2017	-	198	118290238	51725
chr9	118238513	118438513	harbor2	chr9	118312842	118313224	LTR/ERVL-MaLR	2232	-	191	118313033	74520
chr9	118238513	118438513	harbor2	chr9	118242291	118243883	LTR/ERVL-MaLR	9796	-	796	118243087	4574
chr9	100451892	100651892	harbor2	chr9	100500001	100500129	LTR/ERVL-MaLR	403	-	64	100500065	48173
chr9	100451892	100651892	harbor2	chr9	100544222	100544590	LTR/ERVL-MaLR	2478	-	184	100544406	92514
chr9	100451892	100651892	harbor2	chr9	100544591	100546150	LTR/ERVL-MaLR	10886	-	780	100545371	93479
chr9	100451892	100651892	harbor2	chr9	100546152	100546523	LTR/ERVL-MaLR	2214	-	186	100546338	94446
chr9	100451892	100651892	harbor2	chr9	100549069	100549451	LTR/ERVL-MaLR	1977	-	191	100549260	97368
chr9	82999737	83199737	harbor2	chr9	83026314	83026686	LTR/ERVL-MaLR	2118	-	186	83026500	26763
chr9	82999737	83199737	harbor2	chr9	83065183	83065650	LTR/ERVL-MaLR	928	-	234	83065417	65680
chr9	82999737	83199737	harbor2	chr9	83071782	83072054	LTR/ERVL-MaLR	735	-	136	83071918	72181
chr9	82999737	83199737	harbor2	chr9	83079469	83079651	LTR/ERVL-MaLR	851	-	91	83079560	79823
chr9	82999737	83199737	harbor2	chr9	83086445	83087011	LTR/ERVL-MaLR	1596	-	283	83086728	86991
chr9	82999737	83199737	harbor2	chr9	83098572	83098929	LTR/ERVL-MaLR	2051	-	178	83098750	99013
chr9	80770302	80970302	harbor2	chr9	80831092	80831275	LTR/ERVL-MaLR	929	-	92	80831184	60882
chr9	80770302	80970302	harbor2	chr9	80839593	80839991	LTR/ERVL-MaLR	1733	-	199	80839792	69490
chr9	80770302	80970302	harbor2	chr9	80849034	80849518	LTR/ERVL-MaLR	1713	-	242	80849276	78974
chr9	119725011	119925011	harbor2	chr9	119769094	119769492	LTR/ERVL-MaLR	733	-	199	119769293	44282
chr9	119725011	119925011	harbor2	chr9	119781220	119781629	LTR/ERVL-MaLR	550	-	204	119781424	56413
chr9	119725011	119925011	harbor2	chr9	119799248	119799720	LTR/ERVL-MaLR	2465	-	236	119799484	74473
chr9	119725011	119925011	harbor2	chr9	119808699	119808926	LTR/ERVL-MaLR	738	-	114	119808813	83802
chr9	131897088	132097088	harbor2	chr9	131903085	131903449	LTR/ERVL-MaLR	2328	-	182	131903267	6179
chr9	110419906	110619906	harbor2	chr9	110489281	110489644	LTR/ERVL-MaLR	2820	-	182	110489463	69557
chr9	110419906	110619906	harbor2	chr9	110493385	110493451	LTR/ERVL-MaLR	1574	-	33	110493418	73512
chr9	110419906	110619906	harbor2	chr9	110493760	110494229	LTR/ERVL-MaLR	1574	-	234	110493994	74088
chr9	132781938	132981938	harbor2	chr9	132788249	132788463	LTR/ERVL-MaLR	516	-	107	132788356	6418
chr9	132781938	132981938	harbor2	chr9	132789647	132790007	LTR/ERVL-MaLR	938	-	180	132789827	7889
chr9	132781938	132981938	harbor2	chr9	132791054	132791423	LTR/ERVL-MaLR	2346	-	184	132791238	9300
chr9	132781938	132981938	harbor2	chr9	132793071	132793382	LTR/ERVL-MaLR	1620	-	156	132793227	11289
chr9	132781938	132981938	harbor2	chr9	132802932	132803280	LTR/ERVL-MaLR	2678	-	174	132803106	21168
chr9	132781938	132981938	harbor2	chr9	132840118	132840219	LTR/ERVL-MaLR	613	-	50	132840168	58230
chr9	132781938	132981938	harbor2	chr9	132842597	132843108	LTR/ERVL-MaLR	1279	-	256	132842853	60915
chr9	118479280	118679280	harbor2	chr9	118519658	118520037	LTR/ERVL-MaLR	2244	-	190	118519848	40568
chr9	118479280	118679280	harbor2	chr9	118523416	118523642	LTR/ERVL-MaLR	525	-	113	118523529	44249
chr9	118479280	118679280	harbor2	chr9	118535336	118535442	LTR/ERVL-MaLR	457	-	53	118535389	56109
chr9	118479280	118679280	harbor2	chr9	118535443	118535865	LTR/ERVL-MaLR	1538	-	211	118535654	56374
chr9	118479280	118679280	harbor2	chr9	118535866	118535987	LTR/ERVL-MaLR	457	-	60	118535926	56646
chr9	118479280	118679280	harbor2	chr9	118545638	118546018	LTR/ERVL-MaLR	2724	-	190	118545828	66548
chr9	115984281	116184281	harbor2	chr9	116002665	116003135	LTR/ERVL-MaLR	735	-	235	116002900	18619
chr9	115984281	116184281	harbor2	chr9	116003440	116003498	LTR/ERVL-MaLR	735	-	29	116003469	19188
chr9	115984281	116184281	harbor2	chr9	116012892	116013332	LTR/ERVL-MaLR	1726	-	220	116013112	28831
chr9	115984281	116184281	harbor2	chr9	116023774	116023858	LTR/ERVL-MaLR	595	-	42	116023816	39535
chr9	115984281	116184281	harbor2	chr9	116026149	116026439	LTR/ERVL-MaLR	764	-	145	116026294	42013
chr9	115984281	116184281	harbor2	chr9	116048784	116049322	LTR/ERVL-MaLR	1726	-	269	116049053	64772
chr9	115984281	116184281	harbor2	chr9	116061424	116061801	LTR/ERVL-MaLR	2099	-	188	116061612	77331
chr9	115984281	116184281	harbor2	chr9	116080820	116081175	LTR/ERVL-MaLR	1217	-	178	116080998	96717
chr9	115984281	116184281	harbor2	chr9	116083671	116083855	LTR/ERVL-MaLR	758	-	92	116083763	99482
chr9	123011150	123211150	harbor2	chr9	123014581	123014658	LTR/ERVL-MaLR	557	-	38	123014619	3469
chr9	123011150	123211150	harbor2	chr9	123014743	123015070	LTR/ERVL-MaLR	2189	-	164	123014907	3757
chr9	123011150	123211150	harbor2	chr9	123074807	123075054	LTR/ERVL-MaLR	718	-	124	123074931	63781
chr9	137747387	137947387	harbor2	chr9	137778740	137779142	LTR/ERVL-MaLR	2351	-	201	137778941	31554
chr9	137747387	137947387	harbor2	chr9	137784025	137784193	LTR/ERVL-MaLR	822	-	84	137784109	36722
chr9	137747387	137947387	harbor2	chr9	137803904	137804245	LTR/ERVL-MaLR	1651	-	170	137804074	56687
chr9	137747387	137947387	harbor2	chr9	137825020	137825179	LTR/ERVL-MaLR	444	-	80	137825100	77713
chr9	137747387	137947387	harbor2	chr9	137826481	137826647	LTR/ERVL-MaLR	583	-	83	137826564	79177
chr9	137747387	137947387	harbor2	chr9	137830881	137831215	LTR/ERVL-MaLR	1566	-	167	137831048	83661
chr9	67049230	67249230	harbor2	chr9	67077281	67077733	LTR/ERVL-MaLR	627	-	226	67077507	28277
chr9	27383537	27583537	harbor2	chr9	27448318	27448678	LTR/ERVL-MaLR	2346	-	180	27448498	64961
chr9	27383537	27583537	harbor2	chr9	27464638	27464992	LTR/ERVL-MaLR	2987	-	177	27464815	81278
chr9	27383537	27583537	harbor2	chr9	27464993	27466544	LTR/ERVL-MaLR	12573	-	776	27465769	82232
chr9	27383537	27583537	harbor2	chr9	27466545	27466899	LTR/ERVL-MaLR	2907	-	177	27466722	83185
chr9	27383537	27583537	harbor2	chr9	27476182	27476646	LTR/ERVL-MaLR	2482	-	232	27476414	92877
chr9	27383537	27583537	harbor2	chr9	27479074	27479454	LTR/ERVL-MaLR	1825	-	190	27479264	95727
chr9	135144890	135344890	harbor2	chr9	135146382	135146728	LTR/ERVL-MaLR	541	-	173	135146555	1665
chr9	135144890	135344890	harbor2	chr9	135150589	135151070	LTR/ERVL-MaLR	1185	-	240	135150829	5939
chr9	135144890	135344890	harbor2	chr9	135173740	135173960	LTR/ERVL-MaLR	1429	-	110	135173850	28960
chr9	135144890	135344890	harbor2	chr9	135173999	135174221	LTR/ERVL-MaLR	1429	-	111	135174110	29220
chr9	135144890	135344890	harbor2	chr9	135191003	135191314	LTR/ERVL-MaLR	894	-	156	135191159	46269
chr9	135144890	135344890	harbor2	chr9	135200312	135200676	LTR/ERVL-MaLR	2624	-	182	135200494	55604
chr9	135144890	135344890	harbor2	chr9	135204452	135205027	LTR/ERVL-MaLR	1590	-	288	135204740	59850
chr9	135144890	135344890	harbor2	chr9	135234695	135235072	LTR/ERVL-MaLR	1846	-	188	135234883	89993
chr9	135144890	135344890	harbor2	chr9	135236802	135236920	LTR/ERVL-MaLR	516	-	59	135236861	91971
chr9	135144890	135344890	harbor2	chr9	135236921	135237074	LTR/ERVL-MaLR	651	-	76	135236997	92107
chr9	106369535	106569535	harbor2	chr9	106370759	106371007	LTR/ERVL-MaLR	1132	-	124	106370883	1348
chr9	106369535	106569535	harbor2	chr9	106371024	106371363	LTR/ERVL-MaLR	1709	-	170	106371194	1659
chr9	106369535	106569535	harbor2	chr9	106374556	106375143	LTR/ERVL-MaLR	1619	-	294	106374850	5315
chr9	106369535	106569535	harbor2	chr9	106421298	106421630	LTR/ERVL-MaLR	1004	-	166	106421464	51929
chr9	106369535	106569535	harbor2	chr9	106453753	106454202	LTR/ERVL-MaLR	1787	-	224	106453977	84442
chr9	108547897	108747897	harbor2	chr9	108585866	108586341	LTR/ERVL-MaLR	609	-	238	108586104	38207
chr9	108547897	108747897	harbor2	chr9	108593494	108593878	LTR/ERVL-MaLR	2404	-	192	108593686	45789
chr9	108547897	108747897	harbor2	chr9	108639758	108640012	LTR/ERVL-MaLR	439	-	127	108639885	91988
chr9	108547897	108747897	harbor2	chr9	108646092	108646591	LTR/ERVL-MaLR	1014	-	250	108646342	98445
chr9	131317066	131517066	harbor2	chr9	131391141	131391587	LTR/ERVL-MaLR	1798	-	223	131391364	74298
chr9	125652003	125852003	harbor2	chr9	125711960	125712232	LTR/ERVL-MaLR	484	-	136	125712096	60093
chr9	125652003	125852003	harbor2	chr9	125732810	125733053	LTR/ERVL-MaLR	445	-	122	125732932	80929
chr9	125652003	125852003	harbor2	chr9	125734895	125735283	LTR/ERVL-MaLR	2601	-	194	125735089	83086
chr9	125652003	125852003	harbor2	chr9	125738780	125739071	LTR/ERVL-MaLR	678	-	146	125738926	86923
chr9	96849184	97049184	harbor2	chr9	96899497	96899617	LTR/ERVL-MaLR	712	-	60	96899557	50373
chr9	96849184	97049184	harbor2	chr9	96934727	96935080	LTR/ERVL-MaLR	969	-	176	96934903	85719
chr9	137682195	137882195	harbor2	chr9	137695458	137695924	LTR/ERVL-MaLR	432	-	233	137695691	13496
chr9	137682195	137882195	harbor2	chr9	137700841	137701229	LTR/ERVL-MaLR	2005	-	194	137701035	18840
chr9	137682195	137882195	harbor2	chr9	137701230	137701271	LTR/ERVL-MaLR	9345	-	20	137701250	19055
chr9	137682195	137882195	harbor2	chr9	137702199	137703857	LTR/ERVL-MaLR	9345	-	829	137703028	20833
chr9	137682195	137882195	harbor2	chr9	137703858	137704236	LTR/ERVL-MaLR	1960	-	189	137704047	21852
chr9	137682195	137882195	harbor2	chr9	137778740	137779142	LTR/ERVL-MaLR	2351	-	201	137778941	96746
chr9	121279757	121479757	harbor2	chr9	121375579	121376001	LTR/ERVL-MaLR	1996	-	211	121375790	96033
chr9	134624061	134824061	harbor2	chr9	134628420	134628846	LTR/ERVL-MaLR	810	-	213	134628633	4572
chr9	134624061	134824061	harbor2	chr9	134630153	134630497	LTR/ERVL-MaLR	646	-	172	134630325	6264
chr9	134624061	134824061	harbor2	chr9	134675533	134676028	LTR/ERVL-MaLR	1189	-	248	134675781	51720
chr9	134624061	134824061	harbor2	chr9	134689486	134689749	LTR/ERVL-MaLR	547	-	132	134689618	65557
chr9	134624061	134824061	harbor2	chr9	134708807	134709161	LTR/ERVL-MaLR	492	-	177	134708984	84923
chr9	95515073	95715073	harbor2	chr9	95522257	95522442	LTR/ERVL-MaLR	2036	-	92	95522349	7276
chr9	95515073	95715073	harbor2	chr9	95522754	95522934	LTR/ERVL-MaLR	2036	-	90	95522844	7771
chr9	95515073	95715073	harbor2	chr9	95527325	95527764	LTR/ERVL-MaLR	2026	-	220	95527545	12472
chr9	95515073	95715073	harbor2	chr9	95531041	95531437	LTR/ERVL-MaLR	667	-	198	95531239	16166
chr9	95515073	95715073	harbor2	chr9	95577648	95577847	LTR/ERVL-MaLR	438	-	100	95577748	62675
chr9	95515073	95715073	harbor2	chr9	95596351	95596647	LTR/ERVL-MaLR	564	-	148	95596499	81426
chr9	95515073	95715073	harbor2	chr9	95612261	95612447	LTR/ERVL-MaLR	537	-	93	95612354	97281
chr9	109883190	110083190	harbor2	chr9	109892073	109892508	LTR/ERVL-MaLR	1347	-	218	109892291	9101
chr9	109883190	110083190	harbor2	chr9	109895704	109895912	LTR/ERVL-MaLR	2698	-	104	109895808	12618
chr9	109883190	110083190	harbor2	chr9	109896213	109896373	LTR/ERVL-MaLR	2698	-	80	109896293	13103
chr9	109883190	110083190	harbor2	chr9	109913679	109913751	LTR/ERVL-MaLR	971	-	36	109913715	30525
chr9	109883190	110083190	harbor2	chr9	109914056	109914483	LTR/ERVL-MaLR	971	-	214	109914270	31080
chr9	109883190	110083190	harbor2	chr9	109916742	109916891	LTR/ERVL-MaLR	646	-	74	109916816	33626
chr9	109883190	110083190	harbor2	chr9	109917408	109917479	LTR/ERVL-MaLR	646	-	36	109917444	34254
chr9	109883190	110083190	harbor2	chr9	109917794	109918016	LTR/ERVL-MaLR	646	-	111	109917905	34715
chr9	109883190	110083190	harbor2	chr9	109966950	109967411	LTR/ERVL-MaLR	870	-	230	109967180	83990
chr9	109883190	110083190	harbor2	chr9	109967709	109967773	LTR/ERVL-MaLR	870	-	32	109967741	84551
chr9	109883190	110083190	harbor2	chr9	109973362	109973627	LTR/ERVL-MaLR	887	-	132	109973494	90304
chr9	109883190	110083190	harbor2	chr9	109977593	109977810	LTR/ERVL-MaLR	431	-	108	109977701	94511
chr9	109883190	110083190	harbor2	chr9	109919832	109920268	LTR/ERVL-MaLR	531	-	218	109920050	36860
chr9	87208935	87408935	harbor2	chr9	87221275	87221513	LTR/ERVL-MaLR	1917	-	119	87221394	12459
chr9	87208935	87408935	harbor2	chr9	87221785	87222002	LTR/ERVL-MaLR	1917	-	108	87221893	12958
chr9	87208935	87408935	harbor2	chr9	87225911	87226325	LTR/ERVL-MaLR	2273	-	207	87226118	17183
chr9	87208935	87408935	harbor2	chr9	87248335	87248736	LTR/ERVL-MaLR	1003	-	200	87248535	39600
chr9	87208935	87408935	harbor2	chr9	87253352	87253692	LTR/ERVL-MaLR	2031	-	170	87253522	44587
chr9	87208935	87408935	harbor2	chr9	87287420	87287804	LTR/ERVL-MaLR	617	-	192	87287612	78677
chr9	87208935	87408935	harbor2	chr9	87291570	87291723	LTR/ERVL-MaLR	456	-	76	87291646	82711
chr9	105919668	106119668	harbor2	chr9	105921134	105921670	LTR/ERVL-MaLR	864	-	268	105921402	1734
chr9	105919668	106119668	harbor2	chr9	105929292	105929751	LTR/ERVL-MaLR	764	-	230	105929522	9854
chr9	105919668	106119668	harbor2	chr9	105931879	105932391	LTR/ERVL-MaLR	1530	-	256	105932135	12467
chr9	105919668	106119668	harbor2	chr9	105942230	105942649	LTR/ERVL-MaLR	780	-	210	105942440	22772
chr9	105919668	106119668	harbor2	chr9	105955497	105955511	LTR/ERVL-MaLR	1223	-	7	105955504	35836
chr9	105919668	106119668	harbor2	chr9	105957778	105958175	LTR/ERVL-MaLR	2183	-	198	105957976	38308
chr9	105919668	106119668	harbor2	chr9	106014690	106015072	LTR/ERVL-MaLR	1362	-	191	106014881	95213
chr9	105919668	106119668	harbor2	chr9	105955127	105955447	LTR/ERVL-MaLR	1223	-	160	105955287	35619
chr9	121723821	121923821	harbor2	chr9	121778003	121778363	LTR/ERVL-MaLR	1319	-	180	121778183	54362
chr9	132997285	133197285	harbor2	chr9	133014209	133014760	LTR/ERVL-MaLR	2035	-	276	133014485	17200
chr9	132997285	133197285	harbor2	chr9	133023773	133024103	LTR/ERVL-MaLR	1516	-	165	133023938	26653
chr9	132997285	133197285	harbor2	chr9	133024706	133024827	LTR/ERVL-MaLR	425	-	60	133024766	27481
chr9	132997285	133197285	harbor2	chr9	133026382	133026736	LTR/ERVL-MaLR	1491	-	177	133026559	29274
chr9	38175548	38375548	harbor2	chr9	38179326	38179704	LTR/ERVL-MaLR	1748	-	189	38179515	3967
chr9	38175548	38375548	harbor2	chr9	38182282	38182661	LTR/ERVL-MaLR	1798	-	190	38182472	6924
chr9	38175548	38375548	harbor2	chr9	38184027	38184427	LTR/ERVL-MaLR	2444	-	200	38184227	8679
chr9	38175548	38375548	harbor2	chr9	38188308	38188567	LTR/ERVL-MaLR	407	-	130	38188438	12890
chr9	38175548	38375548	harbor2	chr9	38191246	38191617	LTR/ERVL-MaLR	1675	-	186	38191432	15884
chr9	38175548	38375548	harbor2	chr9	38199394	38199781	LTR/ERVL-MaLR	549	-	194	38199588	24040
chr9	38175548	38375548	harbor2	chr9	38205131	38205593	LTR/ERVL-MaLR	1690	-	231	38205362	29814
chr9	38175548	38375548	harbor2	chr9	38209451	38209522	LTR/ERVL-MaLR	2399	-	36	38209487	33939
chr9	38175548	38375548	harbor2	chr9	38209778	38210162	LTR/ERVL-MaLR	2399	-	192	38209970	34422
chr9	38175548	38375548	harbor2	chr9	38238380	38238805	LTR/ERVL-MaLR	2531	-	212	38238592	63044
chr9	38175548	38375548	harbor2	chr9	38255673	38256020	LTR/ERVL-MaLR	1782	-	174	38255847	80299
chr9	38175548	38375548	harbor2	chr9	38258387	38258642	LTR/ERVL-MaLR	1253	-	128	38258515	82967
chr9	38175548	38375548	harbor2	chr9	38261817	38262171	LTR/ERVL-MaLR	2244	-	177	38261994	86446
chr9	38175548	38375548	harbor2	chr9	38274176	38274417	LTR/ERVL-MaLR	904	-	120	38274296	98748
chr9	38175548	38375548	harbor2	chr9	38207331	38207856	LTR/ERVL-MaLR	2050	-	262	38207593	32045
chr9	133252237	133452237	harbor2	chr9	133286921	133287096	LTR/ERVL-MaLR	866	-	88	133287009	34772
chr9	122012853	122212853	harbor2	chr9	122026942	122027341	LTR/ERVL-MaLR	2650	-	200	122027142	14289
chr9	122012853	122212853	harbor2	chr9	122059628	122060239	LTR/ERVL-MaLR	1649	-	306	122059934	47081
chr9	122012853	122212853	harbor2	chr9	122060894	122061351	LTR/ERVL-MaLR	2007	-	228	122061122	48269
chr9	122012853	122212853	harbor2	chr9	122066736	122067099	LTR/ERVL-MaLR	2404	-	182	122066918	54065
chr9	122012853	122212853	harbor2	chr9	122105724	122105765	LTR/ERVL-MaLR	2483	-	20	122105744	92891
chr9	122012853	122212853	harbor2	chr9	122106069	122106415	LTR/ERVL-MaLR	2483	-	173	122106242	93389
chr9	124870898	125070898	harbor2	chr9	124912934	124913288	LTR/ERVL-MaLR	2016	-	177	124913111	42213
chr9	124870898	125070898	harbor2	chr9	124932658	124933018	LTR/ERVL-MaLR	2183	-	180	124932838	61940
chr9	99499498	99699498	harbor2	chr9	99544397	99544747	LTR/ERVL-MaLR	1403	-	175	99544572	45074
chr9	99499498	99699498	harbor2	chr9	99544748	99545770	LTR/ERVL-MaLR	2842	-	511	99545259	45761
chr9	99499498	99699498	harbor2	chr9	99551533	99551707	LTR/ERVL-MaLR	636	-	87	99551620	52122
chr9	99499498	99699498	harbor2	chr9	99553863	99554259	LTR/ERVL-MaLR	1853	-	198	99554061	54563
chr9	99499498	99699498	harbor2	chr9	99563871	99564376	LTR/ERVL-MaLR	2009	-	252	99564123	64625
chr9	99499498	99699498	harbor2	chr9	99568379	99568538	LTR/ERVL-MaLR	431	-	80	99568459	68961
chr9	99499498	99699498	harbor2	chr9	99590310	99590651	LTR/ERVL-MaLR	1155	-	170	99590480	90982
chr9	137776208	137976208	harbor2	chr9	137778740	137779142	LTR/ERVL-MaLR	2351	-	201	137778941	2733
chr9	137776208	137976208	harbor2	chr9	137784025	137784193	LTR/ERVL-MaLR	822	-	84	137784109	7901
chr9	137776208	137976208	harbor2	chr9	137803904	137804245	LTR/ERVL-MaLR	1651	-	170	137804074	27866
chr9	137776208	137976208	harbor2	chr9	137825020	137825179	LTR/ERVL-MaLR	444	-	80	137825100	48892
chr9	137776208	137976208	harbor2	chr9	137826481	137826647	LTR/ERVL-MaLR	583	-	83	137826564	50356
chr9	137776208	137976208	harbor2	chr9	137830881	137831215	LTR/ERVL-MaLR	1566	-	167	137831048	54840
chr9	130565910	130765910	harbor2	chr9	130646421	130646639	LTR/ERVL-MaLR	1909	-	109	130646530	80620
chr9	130565910	130765910	harbor2	chr9	130646948	130647109	LTR/ERVL-MaLR	1909	-	80	130647028	81118
chr9	137417974	137617974	harbor2	chr9	137472972	137473260	LTR/ERVL-MaLR	1954	-	144	137473116	55142
chr9	106473733	106673733	harbor2	chr9	106486442	106486786	LTR/ERVL-MaLR	1234	-	172	106486614	12881
chr9	106473733	106673733	harbor2	chr9	106505592	106506073	LTR/ERVL-MaLR	1719	-	240	106505832	32099
chr9	106473733	106673733	harbor2	chr9	106513698	106514060	LTR/ERVL-MaLR	1410	-	181	106513879	40146
chr9	97573307	97773307	harbor2	chr9	97573481	97573978	LTR/ERVL-MaLR	1778	-	248	97573729	422
chr9	83832502	84032502	harbor2	chr9	83926852	83926909	LTR/ERVL-MaLR	1421	-	28	83926880	94378
chr9	83832502	84032502	harbor2	chr9	83927205	83927681	LTR/ERVL-MaLR	1421	-	238	83927443	94941
chr9	90836569	91036569	harbor2	chr9	90880646	90881151	LTR/ERVL-MaLR	615	-	252	90880898	44329
chr9	90836569	91036569	harbor2	chr9	90910071	90910365	LTR/ERVL-MaLR	765	-	147	90910218	73649
chr9	136688634	136888634	harbor2	chr9	136701795	136701986	LTR/ERVL-MaLR	437	-	96	136701891	13257
chr9	136688634	136888634	harbor2	chr9	136703722	136703904	LTR/ERVL-MaLR	1117	-	91	136703813	15179
chr9	136688634	136888634	harbor2	chr9	136704207	136704300	LTR/ERVL-MaLR	1117	-	46	136704253	15619
chr9	136688634	136888634	harbor2	chr9	136704301	136704506	LTR/ERVL-MaLR	1039	-	102	136704403	15769
chr9	136688634	136888634	harbor2	chr9	136731571	136731871	LTR/ERVL-MaLR	1249	-	150	136731721	43087
chr9	136688634	136888634	harbor2	chr9	136751810	136752192	LTR/ERVL-MaLR	2261	-	191	136752001	63367
chr9	130476862	130676862	harbor2	chr9	130508255	130508521	LTR/ERVL-MaLR	964	-	133	130508388	31526
chr9	130476862	130676862	harbor2	chr9	130508813	130508830	LTR/ERVL-MaLR	964	-	8	130508821	31959
chr9	130476862	130676862	harbor2	chr9	130522091	130522429	LTR/ERVL-MaLR	1875	-	169	130522260	45398
chr9	130476862	130676862	harbor2	chr9	130529611	130529713	LTR/ERVL-MaLR	527	-	51	130529662	52800
chr9	130476862	130676862	harbor2	chr9	130529822	130530035	LTR/ERVL-MaLR	771	-	106	130529928	53066
chr9	130476862	130676862	harbor2	chr9	130530340	130530538	LTR/ERVL-MaLR	771	-	99	130530439	53577
chr9	130476862	130676862	harbor2	chr9	130530666	130530698	LTR/ERVL-MaLR	550	-	16	130530682	53820
chr9	130476862	130676862	harbor2	chr9	130554992	130555493	LTR/ERVL-MaLR	1906	-	250	130555242	78380
chr9	130476862	130676862	harbor2	chr9	130562545	130562901	LTR/ERVL-MaLR	2636	-	178	130562723	85861
chr9	96658218	96858218	harbor2	chr9	96669191	96669512	LTR/ERVL-MaLR	1984	-	160	96669351	11133
chr9	96658218	96858218	harbor2	chr9	96669806	96669886	LTR/ERVL-MaLR	1984	-	40	96669846	11628
chr9	96658218	96858218	harbor2	chr9	96670400	96670461	LTR/ERVL-MaLR	1984	-	30	96670430	12212
chr9	96658218	96858218	harbor2	chr9	96722636	96723048	LTR/ERVL-MaLR	2595	-	206	96722842	64624
chr9	96658218	96858218	harbor2	chr9	96740198	96740598	LTR/ERVL-MaLR	2356	-	200	96740398	82180
chr9	115159525	115359525	harbor2	chr9	115165480	115165578	LTR/ERVL-MaLR	495	-	49	115165529	6004
chr9	115159525	115359525	harbor2	chr9	115167578	115167676	LTR/ERVL-MaLR	726	-	49	115167627	8102
chr9	115159525	115359525	harbor2	chr9	115167975	115168156	LTR/ERVL-MaLR	726	-	90	115168065	8540
chr9	115159525	115359525	harbor2	chr9	115169904	115170313	LTR/ERVL-MaLR	1112	-	204	115170108	10583
chr9	115159525	115359525	harbor2	chr9	115204676	115205128	LTR/ERVL-MaLR	697	-	226	115204902	45377
chr9	115159525	115359525	harbor2	chr9	115206593	115206997	LTR/ERVL-MaLR	1421	-	202	115206795	47270
chr9	115159525	115359525	harbor2	chr9	115242205	115242310	LTR/ERVL-MaLR	445	-	52	115242257	82732
chr9	115159525	115359525	harbor2	chr9	115243707	115244078	LTR/ERVL-MaLR	2453	-	186	115243893	84368
chr9	115159525	115359525	harbor2	chr9	115253253	115253382	LTR/ERVL-MaLR	536	-	64	115253317	93792
chr9	115159525	115359525	harbor2	chr9	115253504	115253624	LTR/ERVL-MaLR	500	-	60	115253564	94039
chr9	115159525	115359525	harbor2	chr9	115256363	115256760	LTR/ERVL-MaLR	2448	-	198	115256561	97036
chr9	115159525	115359525	harbor2	chr9	115244904	115245307	LTR/ERVL-MaLR	568	-	202	115245106	85581
chr9	119589567	119789567	harbor2	chr9	119600191	119600649	LTR/ERVL-MaLR	1691	-	229	119600420	10853
chr9	119589567	119789567	harbor2	chr9	119615859	119615985	LTR/ERVL-MaLR	414	-	63	119615922	26355
chr9	119589567	119789567	harbor2	chr9	119615986	119616551	LTR/ERVL-MaLR	984	-	282	119616268	26701
chr9	119589567	119789567	harbor2	chr9	119616552	119616643	LTR/ERVL-MaLR	414	-	46	119616598	27031
chr9	119589567	119789567	harbor2	chr9	119628349	119628890	LTR/ERVL-MaLR	2248	-	270	119628619	39052
chr9	119589567	119789567	harbor2	chr9	119685000	119685342	LTR/ERVL-MaLR	1161	-	171	119685171	95604
chr9	137386946	137586946	harbor2	chr9	137399599	137399756	LTR/ERVL-MaLR	2681	-	78	137399677	12731
chr9	137386946	137586946	harbor2	chr9	137400054	137400249	LTR/ERVL-MaLR	2681	-	98	137400152	13206
chr9	137386946	137586946	harbor2	chr9	137400250	137400483	LTR/ERVL-MaLR	11849	-	116	137400366	13420
chr9	137386946	137586946	harbor2	chr9	137400779	137401147	LTR/ERVL-MaLR	11849	-	184	137400963	14017
chr9	137386946	137586946	harbor2	chr9	137401455	137402013	LTR/ERVL-MaLR	11849	-	279	137401734	14788
chr9	137386946	137586946	harbor2	chr9	137402314	137402737	LTR/ERVL-MaLR	11849	-	212	137402526	15580
chr9	137386946	137586946	harbor2	chr9	137402738	137403086	LTR/ERVL-MaLR	2525	-	174	137402912	15966
chr9	137386946	137586946	harbor2	chr9	137404058	137404261	LTR/ERVL-MaLR	915	-	102	137404160	17214
chr9	137386946	137586946	harbor2	chr9	137472972	137473260	LTR/ERVL-MaLR	1954	-	144	137473116	86170
chr9	103440023	103640023	harbor2	chr9	103463035	103463400	LTR/ERVL-MaLR	2375	-	182	103463217	23194
chr9	103440023	103640023	harbor2	chr9	103464980	103465341	LTR/ERVL-MaLR	2252	-	180	103465160	25137
chr9	103440023	103640023	harbor2	chr9	103472830	103473081	LTR/ERVL-MaLR	633	-	126	103472956	32933
chr9	103440023	103640023	harbor2	chr9	103473600	103473828	LTR/ERVL-MaLR	658	-	114	103473714	33691
chr9	103440023	103640023	harbor2	chr9	103473842	103474781	LTR/ERVL-MaLR	1023	-	470	103474312	34289
chr9	103440023	103640023	harbor2	chr9	103499699	103500000	LTR/ERVL-MaLR	1546	-	150	103499849	59826
chr9	103440023	103640023	harbor2	chr9	103500005	103500071	LTR/ERVL-MaLR	416	-	33	103500038	60015
chr9	103440023	103640023	harbor2	chr9	103502271	103502420	LTR/ERVL-MaLR	1606	-	74	103502345	62322
chr9	103440023	103640023	harbor2	chr9	103503184	103504271	LTR/ERVL-MaLR	1990	-	544	103503728	63705
chr9	103440023	103640023	harbor2	chr9	103507038	103507250	LTR/ERVL-MaLR	854	-	106	103507144	67121
chr9	103440023	103640023	harbor2	chr9	103463403	103464978	LTR/ERVL-MaLR	9606	-	788	103464191	24168
chr9	118149696	118349696	harbor2	chr9	118150913	118151378	LTR/ERVL-MaLR	668	-	232	118151145	1449
chr9	118149696	118349696	harbor2	chr9	118151584	118151967	LTR/ERVL-MaLR	447	-	192	118151776	2080
chr9	118149696	118349696	harbor2	chr9	118174408	118174735	LTR/ERVL-MaLR	718	-	164	118174572	24876
chr9	118149696	118349696	harbor2	chr9	118178174	118178552	LTR/ERVL-MaLR	2262	-	189	118178363	28667
chr9	118149696	118349696	harbor2	chr9	118224570	118225155	LTR/ERVL-MaLR	1707	-	292	118224862	75166
chr9	118149696	118349696	harbor2	chr9	118234415	118234893	LTR/ERVL-MaLR	1571	-	239	118234654	84958
chr9	118149696	118349696	harbor2	chr9	118241918	118242290	LTR/ERVL-MaLR	2195	-	186	118242104	92408
chr9	118149696	118349696	harbor2	chr9	118243884	118244213	LTR/ERVL-MaLR	1176	-	164	118244048	94352
chr9	118149696	118349696	harbor2	chr9	118246528	118246725	LTR/ERVL-MaLR	930	-	98	118246626	96930
chr9	118149696	118349696	harbor2	chr9	118248311	118248453	LTR/ERVL-MaLR	512	-	71	118248382	98686
chr9	118149696	118349696	harbor2	chr9	118177714	118177878	LTR/ERVL-MaLR	2262	-	82	118177796	28100
chr9	118149696	118349696	harbor2	chr9	118242291	118243883	LTR/ERVL-MaLR	9796	-	796	118243087	93391
chr9	113484107	113684107	harbor2	chr9	113557113	113557337	LTR/ERVL-MaLR	477	-	112	113557225	73118
chr9	113484107	113684107	harbor2	chr9	113557360	113557580	LTR/ERVL-MaLR	687	-	110	113557470	73363
chr9	81221419	81421419	harbor2	chr9	81275048	81275426	LTR/ERVL-MaLR	2285	-	189	81275237	53818
chr9	81221419	81421419	harbor2	chr9	81305193	81305432	LTR/ERVL-MaLR	645	-	120	81305313	83894
chr9	24092785	24292785	harbor2	chr9	24092976	24093460	LTR/ERVL-MaLR	719	-	242	24093218	433
chr9	24092785	24292785	harbor2	chr9	24156035	24156181	LTR/ERVL-MaLR	781	-	73	24156108	63323
chr9	24092785	24292785	harbor2	chr9	24161345	24161740	LTR/ERVL-MaLR	2053	-	198	24161543	68758
chr9	24092785	24292785	harbor2	chr9	24170299	24170654	LTR/ERVL-MaLR	1841	-	178	24170477	77692
chr9	24092785	24292785	harbor2	chr9	24179497	24179857	LTR/ERVL-MaLR	2075	-	180	24179677	86892
chr9	24092785	24292785	harbor2	chr9	24179858	24181394	LTR/ERVL-MaLR	9886	-	768	24180626	87841
chr9	24092785	24292785	harbor2	chr9	24185960	24186418	LTR/ERVL-MaLR	1837	-	229	24186189	93404
chr9	24092785	24292785	harbor2	chr9	24192421	24192742	LTR/ERVL-MaLR	1121	-	160	24192581	99796
chr9	5662104	5862104	harbor2	chr9	5667834	5667930	LTR/ERVL-MaLR	659	-	48	5667882	5778
chr9	5662104	5862104	harbor2	chr9	5667931	5668303	LTR/ERVL-MaLR	2529	-	186	5668117	6013
chr9	5662104	5862104	harbor2	chr9	5702279	5702530	LTR/ERVL-MaLR	1890	-	126	5702405	40301
chr9	5662104	5862104	harbor2	chr9	5702839	5703015	LTR/ERVL-MaLR	1890	-	88	5702927	40823
chr9	5662104	5862104	harbor2	chr9	5703020	5703369	LTR/ERVL-MaLR	2332	-	174	5703194	41090
chr9	5662104	5862104	harbor2	chr9	5709075	5709245	LTR/ERVL-MaLR	737	-	85	5709160	47056
chr9	124230962	124430962	harbor2	chr9	124231205	124231621	LTR/ERVL-MaLR	1220	-	208	124231413	451
chr9	124230962	124430962	harbor2	chr9	124282057	124282438	LTR/ERVL-MaLR	912	-	190	124282247	51285
chr9	137756776	137956776	harbor2	chr9	137778740	137779142	LTR/ERVL-MaLR	2351	-	201	137778941	22165
chr9	137756776	137956776	harbor2	chr9	137784025	137784193	LTR/ERVL-MaLR	822	-	84	137784109	27333
chr9	137756776	137956776	harbor2	chr9	137803904	137804245	LTR/ERVL-MaLR	1651	-	170	137804074	47298
chr9	137756776	137956776	harbor2	chr9	137825020	137825179	LTR/ERVL-MaLR	444	-	80	137825100	68324
chr9	137756776	137956776	harbor2	chr9	137826481	137826647	LTR/ERVL-MaLR	583	-	83	137826564	69788
chr9	137756776	137956776	harbor2	chr9	137830881	137831215	LTR/ERVL-MaLR	1566	-	167	137831048	74272
chr9	98713448	98913448	harbor2	chr9	98718225	98718544	LTR/ERVL-MaLR	1806	-	160	98718385	4937
chr9	98713448	98913448	harbor2	chr9	98718844	98718891	LTR/ERVL-MaLR	1806	-	24	98718868	5420
chr9	98713448	98913448	harbor2	chr9	98722083	98722203	LTR/ERVL-MaLR	455	-	60	98722143	8695
chr9	98713448	98913448	harbor2	chr9	98799498	98799602	LTR/ERVL-MaLR	419	-	52	98799550	86102
chr9	98713448	98913448	harbor2	chr9	98799741	98799818	LTR/ERVL-MaLR	391	-	38	98799779	86331
chr9	85857890	86057890	harbor2	chr9	85873649	85873718	LTR/ERVL-MaLR	1912	-	34	85873683	15793
chr9	85857890	86057890	harbor2	chr9	85874028	85874376	LTR/ERVL-MaLR	1912	-	174	85874202	16312
chr9	85857890	86057890	harbor2	chr9	85891251	85891613	LTR/ERVL-MaLR	2730	-	181	85891432	33542
chr9	85857890	86057890	harbor2	chr9	85900565	85900860	LTR/ERVL-MaLR	1219	-	148	85900713	42823
chr9	85857890	86057890	harbor2	chr9	85903617	85903801	LTR/ERVL-MaLR	643	-	92	85903709	45819
chr9	85857890	86057890	harbor2	chr9	85922606	85922775	LTR/ERVL-MaLR	1051	-	84	85922690	64800
chr9	85857890	86057890	harbor2	chr9	85956754	85957031	LTR/ERVL-MaLR	1582	-	138	85956892	99002
chr9	85857890	86057890	harbor2	chr9	85957457	85957634	LTR/ERVL-MaLR	1582	-	88	85957545	99655
chr9	76208649	76408649	harbor2	chr9	76231023	76231395	LTR/ERVL-MaLR	2489	-	186	76231209	22560
chr9	76208649	76408649	harbor2	chr9	76253933	76254234	LTR/ERVL-MaLR	1244	-	150	76254083	45434
chr9	76208649	76408649	harbor2	chr9	76271507	76271555	LTR/ERVL-MaLR	1612	-	24	76271531	62882
chr9	76208649	76408649	harbor2	chr9	76271684	76272042	LTR/ERVL-MaLR	1612	-	179	76271863	63214
chr9	76208649	76408649	harbor2	chr9	76274749	76275096	LTR/ERVL-MaLR	1448	-	174	76274923	66274
chr9	98441531	98641531	harbor2	chr9	98442617	98443058	LTR/ERVL-MaLR	2393	-	220	98442837	1306
chr9	98441531	98641531	harbor2	chr9	98461655	98462074	LTR/ERVL-MaLR	2474	-	210	98461865	20334
chr9	98441531	98641531	harbor2	chr9	98466748	98467195	LTR/ERVL-MaLR	1439	-	224	98466972	25441
chr9	98441531	98641531	harbor2	chr9	98468989	98469105	LTR/ERVL-MaLR	825	-	58	98469047	27516
chr9	98441531	98641531	harbor2	chr9	98469106	98469476	LTR/ERVL-MaLR	1871	-	185	98469291	27760
chr9	98441531	98641531	harbor2	chr9	98469477	98469734	LTR/ERVL-MaLR	825	-	128	98469605	28074
chr9	98441531	98641531	harbor2	chr9	98470234	98470597	LTR/ERVL-MaLR	2091	-	182	98470416	28885
chr9	98441531	98641531	harbor2	chr9	98503625	98503820	LTR/ERVL-MaLR	1023	-	98	98503723	62192
chr9	128197107	128397107	harbor2	chr9	128283605	128283842	LTR/ERVL-MaLR	906	-	118	128283723	86616
chr9	128197107	128397107	harbor2	chr9	128284003	128284015	LTR/ERVL-MaLR	906	-	6	128284009	86902
chr9	128197107	128397107	harbor2	chr9	128284309	128284449	LTR/ERVL-MaLR	906	-	70	128284379	87272
chr9	122322318	122522318	harbor2	chr9	122358458	122358808	LTR/ERVL-MaLR	2454	-	175	122358633	36315
chr9	122322318	122522318	harbor2	chr9	122388557	122388974	LTR/ERVL-MaLR	1704	-	208	122388765	66447
chr9	122322318	122522318	harbor2	chr9	122396776	122397263	LTR/ERVL-MaLR	1337	-	244	122397020	74702
chr9	86988386	87188386	harbor2	chr9	87023782	87023828	LTR/ERVL-MaLR	2473	-	23	87023805	35419
chr9	86988386	87188386	harbor2	chr9	87024139	87024527	LTR/ERVL-MaLR	2473	-	194	87024333	35947
chr9	86988386	87188386	harbor2	chr9	87053124	87053345	LTR/ERVL-MaLR	913	-	110	87053234	64848
chr9	86988386	87188386	harbor2	chr9	87053374	87053548	LTR/ERVL-MaLR	596	-	87	87053461	65075
chr9	86988386	87188386	harbor2	chr9	87054322	87054654	LTR/ERVL-MaLR	1783	-	166	87054488	66102
chr9	86988386	87188386	harbor2	chr9	87056240	87056615	LTR/ERVL-MaLR	2421	-	188	87056428	68042
chr9	86988386	87188386	harbor2	chr9	87071316	87071669	LTR/ERVL-MaLR	2453	-	176	87071492	83106
chr9	86988386	87188386	harbor2	chr9	87081543	87081706	LTR/ERVL-MaLR	572	-	82	87081625	93239
chr9	86988386	87188386	harbor2	chr9	87015194	87015562	LTR/ERVL-MaLR	2685	-	184	87015378	26992
chr9	78032699	78232699	harbor2	chr9	78044818	78045129	LTR/ERVL-MaLR	901	-	156	78044974	12275
chr9	78032699	78232699	harbor2	chr9	78066184	78066953	LTR/ERVL-MaLR	5687	-	384	78066568	33869
chr9	78032699	78232699	harbor2	chr9	78067399	78067573	LTR/ERVL-MaLR	5687	-	87	78067486	34787
chr9	78032699	78232699	harbor2	chr9	78067574	78067943	LTR/ERVL-MaLR	1851	-	184	78067758	35059
chr9	27491305	27691305	harbor2	chr9	27504737	27505179	LTR/ERVL-MaLR	2143	-	221	27504958	13653
chr9	27491305	27691305	harbor2	chr9	27538044	27538074	LTR/ERVL-MaLR	741	-	15	27538059	46754
chr9	27491305	27691305	harbor2	chr9	27538546	27538845	LTR/ERVL-MaLR	741	-	150	27538696	47391
chr9	27491305	27691305	harbor2	chr9	27575335	27575731	LTR/ERVL-MaLR	2058	-	198	27575533	84228
chr9	27491305	27691305	harbor2	chr9	27575732	27576553	LTR/ERVL-MaLR	9285	-	410	27576142	84837
chr9	27491305	27691305	harbor2	chr9	27577263	27577420	LTR/ERVL-MaLR	9285	-	78	27577341	86036
chr9	27491305	27691305	harbor2	chr9	27578075	27578718	LTR/ERVL-MaLR	9285	-	322	27578397	87092
chr9	27491305	27691305	harbor2	chr9	27578719	27579132	LTR/ERVL-MaLR	2594	-	206	27578925	87620
chr9	75773390	75973390	harbor2	chr9	75794362	75794755	LTR/ERVL-MaLR	1750	-	196	75794558	21168
chr9	75773390	75973390	harbor2	chr9	75806594	75806887	LTR/ERVL-MaLR	396	-	146	75806740	33350
chr9	75773390	75973390	harbor2	chr9	75811849	75812080	LTR/ERVL-MaLR	924	-	116	75811965	38575
chr9	75773390	75973390	harbor2	chr9	75815126	75815465	LTR/ERVL-MaLR	1965	-	170	75815296	41906
chr9	75773390	75973390	harbor2	chr9	75828099	75828457	LTR/ERVL-MaLR	2499	-	179	75828278	54888
chr9	75773390	75973390	harbor2	chr9	75844286	75844478	LTR/ERVL-MaLR	760	-	96	75844382	70992
chr9	75773390	75973390	harbor2	chr9	75844503	75844652	LTR/ERVL-MaLR	752	-	74	75844577	71187
chr9	133970410	134170410	harbor2	chr9	134008595	134009216	LTR/ERVL-MaLR	772	-	310	134008905	38495
chr9	117613313	117813313	harbor2	chr9	117619864	117620313	LTR/ERVL-MaLR	2609	-	224	117620088	6775
chr9	117613313	117813313	harbor2	chr9	117637303	117637487	LTR/ERVL-MaLR	425	-	92	117637395	24082
chr9	117613313	117813313	harbor2	chr9	117647793	117648324	LTR/ERVL-MaLR	1700	-	266	117648059	34746
chr9	117613313	117813313	harbor2	chr9	117663259	117663629	LTR/ERVL-MaLR	2361	-	185	117663444	50131
chr9	117613313	117813313	harbor2	chr9	117664317	117664491	LTR/ERVL-MaLR	946	-	87	117664404	51091
chr9	137952595	138152595	harbor2	chr9	137979126	137979616	LTR/ERVL-MaLR	1109	-	245	137979371	26776
chr9	137952595	138152595	harbor2	chr9	137979617	137980495	LTR/ERVL-MaLR	3490	-	439	137980056	27461
chr9	137952595	138152595	harbor2	chr9	137981260	137981476	LTR/ERVL-MaLR	1984	-	108	137981368	28773
chr9	137952595	138152595	harbor2	chr9	137981779	137982055	LTR/ERVL-MaLR	1984	-	138	137981917	29322
chr9	137952595	138152595	harbor2	chr9	137982056	137982589	LTR/ERVL-MaLR	1684	-	266	137982322	29727
chr9	137952595	138152595	harbor2	chr9	138033567	138033921	LTR/ERVL-MaLR	2524	-	177	138033744	81149
chr9	69606659	69806659	harbor2	chr9	69607124	69607486	LTR/ERVL-MaLR	2652	-	181	69607305	646
chr9	69606659	69806659	harbor2	chr9	69692529	69692952	LTR/ERVL-MaLR	2346	-	212	69692741	86082
chr9	69606659	69806659	harbor2	chr9	69697708	69697792	LTR/ERVL-MaLR	563	-	42	69697750	91091
chr9	128028605	128228605	harbor2	chr9	128048776	128048853	LTR/ERVL-MaLR	421	-	38	128048814	20209
chr9	128028605	128228605	harbor2	chr9	128048916	128049023	LTR/ERVL-MaLR	462	-	54	128048970	20365
chr9	128028605	128228605	harbor2	chr9	128050150	128050239	LTR/ERVL-MaLR	462	-	44	128050194	21589
chr9	115743197	115943197	harbor2	chr9	115747205	115747538	LTR/ERVL-MaLR	1230	-	166	115747371	4174
chr9	115743197	115943197	harbor2	chr9	115762744	115763004	LTR/ERVL-MaLR	1359	-	130	115762874	19677
chr9	115743197	115943197	harbor2	chr9	115763373	115763491	LTR/ERVL-MaLR	1359	-	59	115763432	20235
chr9	115743197	115943197	harbor2	chr9	115809104	115809310	LTR/ERVL-MaLR	759	-	103	115809207	66010
chr9	115743197	115943197	harbor2	chr9	115809308	115809529	LTR/ERVL-MaLR	605	-	110	115809418	66221
chr9	115743197	115943197	harbor2	chr9	115835743	115836215	LTR/ERVL-MaLR	1290	-	236	115835979	92782
chr9	121870900	122070900	harbor2	chr9	121892285	121892632	LTR/ERVL-MaLR	1960	-	174	121892459	21559
chr9	121870900	122070900	harbor2	chr9	121908727	121908982	LTR/ERVL-MaLR	1522	-	128	121908855	37955
chr9	121870900	122070900	harbor2	chr9	121926784	121927157	LTR/ERVL-MaLR	1315	-	186	121926970	56070
chr9	121870900	122070900	harbor2	chr9	121965211	121965577	LTR/ERVL-MaLR	2073	-	183	121965394	94494
chr9	112086015	112286015	harbor2	chr9	112123098	112123510	LTR/ERVL-MaLR	2470	-	206	112123304	37289
chr9	112086015	112286015	harbor2	chr9	112167757	112168117	LTR/ERVL-MaLR	2186	-	180	112167937	81922
chr9	86930419	87130419	harbor2	chr9	86950475	86950840	LTR/ERVL-MaLR	2475	-	182	86950657	20238
chr9	86930419	87130419	harbor2	chr9	86951885	86952262	LTR/ERVL-MaLR	2057	-	188	86952073	21654
chr9	86930419	87130419	harbor2	chr9	86980357	86980828	LTR/ERVL-MaLR	1675	-	236	86980593	50174
chr9	86930419	87130419	harbor2	chr9	87023782	87023828	LTR/ERVL-MaLR	2473	-	23	87023805	93386
chr9	86930419	87130419	harbor2	chr9	87024139	87024527	LTR/ERVL-MaLR	2473	-	194	87024333	93914
chr9	86930419	87130419	harbor2	chr9	87015194	87015562	LTR/ERVL-MaLR	2685	-	184	87015378	84959
chr9	115326097	115526097	harbor2	chr9	115336774	115337253	LTR/ERVL-MaLR	1607	-	240	115337014	10917
chr9	115326097	115526097	harbor2	chr9	115346891	115347066	LTR/ERVL-MaLR	1224	-	88	115346979	20882
chr9	115326097	115526097	harbor2	chr9	115347071	115347375	LTR/ERVL-MaLR	11920	-	152	115347223	21126
chr9	115326097	115526097	harbor2	chr9	115347709	115348987	LTR/ERVL-MaLR	11920	-	639	115348348	22251
chr9	115326097	115526097	harbor2	chr9	115348989	115349354	LTR/ERVL-MaLR	2321	-	182	115349171	23074
chr9	115326097	115526097	harbor2	chr9	115370587	115371009	LTR/ERVL-MaLR	897	-	211	115370798	44701
chr9	115326097	115526097	harbor2	chr9	115371950	115372338	LTR/ERVL-MaLR	1476	-	194	115372144	46047
chr9	115326097	115526097	harbor2	chr9	115380236	115381237	LTR/ERVL-MaLR	7148	-	500	115380736	54639
chr9	115326097	115526097	harbor2	chr9	115381238	115381592	LTR/ERVL-MaLR	2938	-	177	115381415	55318
chr9	115326097	115526097	harbor2	chr9	115400289	115400659	LTR/ERVL-MaLR	1477	-	185	115400474	74377
chr9	115326097	115526097	harbor2	chr9	115411393	115411530	LTR/ERVL-MaLR	402	-	68	115411461	85364
chr9	115326097	115526097	harbor2	chr9	115424069	115424429	LTR/ERVL-MaLR	1987	-	180	115424249	98152
chr9	115326097	115526097	harbor2	chr9	115375952	115376330	LTR/ERVL-MaLR	2510	-	189	115376141	50044
chr9	115326097	115526097	harbor2	chr9	115424441	115426019	LTR/ERVL-MaLR	9778	-	789	115425230	99133
chr9	75239177	75439177	harbor2	chr9	75288631	75288712	LTR/ERVL-MaLR	428	-	40	75288671	49494
chr9	75239177	75439177	harbor2	chr9	75291963	75292318	LTR/ERVL-MaLR	2185	-	178	75292141	52964
chr9	75239177	75439177	harbor2	chr9	75292319	75293885	LTR/ERVL-MaLR	11601	-	783	75293102	53925
chr9	75239177	75439177	harbor2	chr9	75293886	75294238	LTR/ERVL-MaLR	2352	-	176	75294062	54885
chr9	75239177	75439177	harbor2	chr9	75296887	75297201	LTR/ERVL-MaLR	1776	-	157	75297044	57867
chr9	75239177	75439177	harbor2	chr9	75298320	75298397	LTR/ERVL-MaLR	462	-	38	75298358	59181
chr9	75239177	75439177	harbor2	chr9	75320082	75320525	LTR/ERVL-MaLR	1918	-	222	75320304	81127
chr9	116662037	116862037	harbor2	chr9	116745823	116746083	LTR/ERVL-MaLR	1615	-	130	116745953	83916
chr9	116662037	116862037	harbor2	chr9	116746386	116746639	LTR/ERVL-MaLR	1615	-	126	116746512	84475
chr9	103861232	104061232	harbor2	chr9	103871675	103872159	LTR/ERVL-MaLR	701	-	242	103871917	10685
chr9	103861232	104061232	harbor2	chr9	103877601	103877926	LTR/ERVL-MaLR	1430	-	162	103877763	16531
chr9	103861232	104061232	harbor2	chr9	103882388	103882891	LTR/ERVL-MaLR	1504	-	252	103882640	21408
chr9	103861232	104061232	harbor2	chr9	103946586	103946999	LTR/ERVL-MaLR	2139	-	206	103946792	85560
chr9	75844880	76044880	harbor2	chr9	75873710	75874090	LTR/ERVL-MaLR	2308	-	190	75873900	29020
chr9	75844880	76044880	harbor2	chr9	75898461	75898684	LTR/ERVL-MaLR	489	-	112	75898573	53693
chr9	75844880	76044880	harbor2	chr9	75911765	75911997	LTR/ERVL-MaLR	421	-	116	75911881	67001
chr9	75844880	76044880	harbor2	chr9	75923642	75924141	LTR/ERVL-MaLR	2284	-	250	75923892	79012
chr9	75844880	76044880	harbor2	chr9	75929649	75929861	LTR/ERVL-MaLR	2278	-	106	75929755	84875
chr9	75844880	76044880	harbor2	chr9	75930162	75930319	LTR/ERVL-MaLR	2278	-	78	75930240	85360
chr9	84618937	84818937	harbor2	chr9	84623570	84623933	LTR/ERVL-MaLR	789	-	182	84623752	4815
chr9	84618937	84818937	harbor2	chr9	84660050	84660290	LTR/ERVL-MaLR	500	-	120	84660170	41233
chr9	84618937	84818937	harbor2	chr9	84682953	84683087	LTR/ERVL-MaLR	641	-	67	84683020	64083
chr9	84618937	84818937	harbor2	chr9	84701195	84701661	LTR/ERVL-MaLR	619	-	233	84701428	82491
chr9	61698262	61898262	harbor2	chr9	61709260	61709604	LTR/ERVL-MaLR	1912	-	172	61709432	11170
chr9	61698262	61898262	harbor2	chr9	61726158	61726500	LTR/ERVL-MaLR	1657	-	171	61726329	28067
chr9	61698262	61898262	harbor2	chr9	61732469	61732823	LTR/ERVL-MaLR	1330	-	177	61732646	34384
chr9	61698262	61898262	harbor2	chr9	61733172	61733275	LTR/ERVL-MaLR	1330	-	52	61733224	34962
chr9	69687220	69887220	harbor2	chr9	69692529	69692952	LTR/ERVL-MaLR	2346	-	212	69692741	5521
chr9	69687220	69887220	harbor2	chr9	69697708	69697792	LTR/ERVL-MaLR	563	-	42	69697750	10530
chr9	69687220	69887220	harbor2	chr9	69768845	69769175	LTR/ERVL-MaLR	622	-	165	69769010	81790
chr9	69687220	69887220	harbor2	chr9	69769374	69769754	LTR/ERVL-MaLR	2285	-	190	69769564	82344
chr9	85458883	85658883	harbor2	chr9	85500001	85500156	LTR/ERVL-MaLR	865	-	78	85500079	41196
chr9	85458883	85658883	harbor2	chr9	85503050	85503425	LTR/ERVL-MaLR	760	-	188	85503238	44355
chr9	85458883	85658883	harbor2	chr9	85503426	85503659	LTR/ERVL-MaLR	2331	-	116	85503542	44659
chr9	85458883	85658883	harbor2	chr9	85503974	85504153	LTR/ERVL-MaLR	2331	-	90	85504064	45181
chr9	85458883	85658883	harbor2	chr9	85504154	85504188	LTR/ERVL-MaLR	760	-	17	85504171	45288
chr9	85458883	85658883	harbor2	chr9	85504450	85504555	LTR/ERVL-MaLR	547	-	52	85504502	45619
chr9	85458883	85658883	harbor2	chr9	85510512	85510865	LTR/ERVL-MaLR	742	-	176	85510688	51805
chr9	85458883	85658883	harbor2	chr9	85523143	85523643	LTR/ERVL-MaLR	814	-	250	85523393	64510
chr9	85458883	85658883	harbor2	chr9	85530662	85531202	LTR/ERVL-MaLR	1135	-	270	85530932	72049
chr9	85458883	85658883	harbor2	chr9	85531509	85531541	LTR/ERVL-MaLR	557	-	16	85531525	72642
chr9	85458883	85658883	harbor2	chr9	85532852	85533247	LTR/ERVL-MaLR	646	-	198	85533050	74167
chr9	116733952	116933952	harbor2	chr9	116745823	116746083	LTR/ERVL-MaLR	1615	-	130	116745953	12001
chr9	116733952	116933952	harbor2	chr9	116746386	116746639	LTR/ERVL-MaLR	1615	-	126	116746512	12560
chr9	116733952	116933952	harbor2	chr9	116829421	116829792	LTR/ERVL-MaLR	2270	-	186	116829607	95655
chr9	28376405	28576405	harbor2	chr9	28430680	28431029	LTR/ERVL-MaLR	1528	-	174	28430854	54449
chr9	28376405	28576405	harbor2	chr9	28431072	28431266	LTR/ERVL-MaLR	1528	-	97	28431169	54764
chr9	28376405	28576405	harbor2	chr9	28471142	28471571	LTR/ERVL-MaLR	1255	-	214	28471356	94951
chr9	41043103	41243103	harbor2	chr9	41060012	41060277	LTR/ERVL-MaLR	918	-	132	41060144	17041
chr9	133570776	133770776	harbor2	chr9	133624448	133624831	LTR/ERVL-MaLR	2354	-	192	133624640	53864
chr9	133570776	133770776	harbor2	chr9	133624834	133626626	LTR/ERVL-MaLR	11273	-	896	133625730	54954
chr9	133570776	133770776	harbor2	chr9	133626628	133626890	LTR/ERVL-MaLR	1284	-	131	133626759	55983
chr9	133570776	133770776	harbor2	chr9	133626891	133627247	LTR/ERVL-MaLR	2543	-	178	133627069	56293
chr9	133570776	133770776	harbor2	chr9	133630572	133630998	LTR/ERVL-MaLR	1329	-	213	133630785	60009
chr9	134373509	134573509	harbor2	chr9	134421143	134421572	LTR/ERVL-MaLR	1328	-	214	134421357	47848
chr9	134373509	134573509	harbor2	chr9	134423534	134423622	LTR/ERVL-MaLR	401	-	44	134423578	50069
chr9	134373509	134573509	harbor2	chr9	134450681	134450988	LTR/ERVL-MaLR	1272	-	154	134450835	77326
chr9	134373509	134573509	harbor2	chr9	134461511	134461912	LTR/ERVL-MaLR	1175	-	200	134461711	88202
chr9	64760974	64960974	harbor2	chr9	64769794	64770048	LTR/ERVL-MaLR	511	-	127	64769921	8947
chr9	64760974	64960974	harbor2	chr9	64780557	64780980	LTR/ERVL-MaLR	1758	-	212	64780769	19795
chr9	64760974	64960974	harbor2	chr9	64853029	64854053	LTR/ERVL-MaLR	6837	-	512	64853541	92567
chr9	64760974	64960974	harbor2	chr9	64854054	64854189	LTR/ERVL-MaLR	817	-	68	64854122	93148
chr9	64760974	64960974	harbor2	chr9	64854240	64854607	LTR/ERVL-MaLR	1921	-	184	64854424	93450
chr9	134671114	134871114	harbor2	chr9	134675533	134676028	LTR/ERVL-MaLR	1189	-	248	134675781	4667
chr9	134671114	134871114	harbor2	chr9	134689486	134689749	LTR/ERVL-MaLR	547	-	132	134689618	18504
chr9	134671114	134871114	harbor2	chr9	134708807	134709161	LTR/ERVL-MaLR	492	-	177	134708984	37870
chr9	134671114	134871114	harbor2	chr9	134736204	134736590	LTR/ERVL-MaLR	1679	-	193	134736397	65283
chr9	134671114	134871114	harbor2	chr9	134736593	134737536	LTR/ERVL-MaLR	1361	-	472	134737065	65951
chr9	134671114	134871114	harbor2	chr9	134745719	134746121	LTR/ERVL-MaLR	682	-	201	134745920	74806
chr9	99904739	100104739	harbor2	chr9	99917813	99918064	LTR/ERVL-MaLR	709	-	126	99917939	13200
chr9	106073443	106273443	harbor2	chr9	106092076	106092477	LTR/ERVL-MaLR	1380	-	200	106092276	18833
chr9	106073443	106273443	harbor2	chr9	106125615	106125824	LTR/ERVL-MaLR	508	-	104	106125719	52276
chr9	106073443	106273443	harbor2	chr9	106126975	106127226	LTR/ERVL-MaLR	501	-	126	106127101	53658
chr9	106073443	106273443	harbor2	chr9	106158576	106158779	LTR/ERVL-MaLR	847	-	102	106158678	85235
chr9	106073443	106273443	harbor2	chr9	106159084	106159189	LTR/ERVL-MaLR	847	-	52	106159136	85693
chr9	137387438	137587438	harbor2	chr9	137399599	137399756	LTR/ERVL-MaLR	2681	-	78	137399677	12239
chr9	137387438	137587438	harbor2	chr9	137400054	137400249	LTR/ERVL-MaLR	2681	-	98	137400152	12714
chr9	137387438	137587438	harbor2	chr9	137400250	137400483	LTR/ERVL-MaLR	11849	-	116	137400366	12928
chr9	137387438	137587438	harbor2	chr9	137400779	137401147	LTR/ERVL-MaLR	11849	-	184	137400963	13525
chr9	137387438	137587438	harbor2	chr9	137401455	137402013	LTR/ERVL-MaLR	11849	-	279	137401734	14296
chr9	137387438	137587438	harbor2	chr9	137402314	137402737	LTR/ERVL-MaLR	11849	-	212	137402526	15088
chr9	137387438	137587438	harbor2	chr9	137402738	137403086	LTR/ERVL-MaLR	2525	-	174	137402912	15474
chr9	137387438	137587438	harbor2	chr9	137404058	137404261	LTR/ERVL-MaLR	915	-	102	137404160	16722
chr9	137387438	137587438	harbor2	chr9	137472972	137473260	LTR/ERVL-MaLR	1954	-	144	137473116	85678
chr9	86206953	86406953	harbor2	chr9	86217069	86217605	LTR/ERVL-MaLR	2612	-	268	86217337	10384
chr9	86206953	86406953	harbor2	chr9	86229756	86230137	LTR/ERVL-MaLR	2332	-	190	86229946	22993
chr9	132809308	133009308	harbor2	chr9	132840118	132840219	LTR/ERVL-MaLR	613	-	50	132840168	30860
chr9	132809308	133009308	harbor2	chr9	132842597	132843108	LTR/ERVL-MaLR	1279	-	256	132842853	33545
chr9	132175098	132375098	harbor2	chr9	132193736	132194139	LTR/ERVL-MaLR	1813	-	202	132193938	18840
chr9	132175098	132375098	harbor2	chr9	132207239	132207675	LTR/ERVL-MaLR	1343	-	218	132207457	32359
chr9	120695551	120895551	harbor2	chr9	120717896	120718177	LTR/ERVL-MaLR	1344	-	140	120718036	22485
chr9	120695551	120895551	harbor2	chr9	120740334	120740497	LTR/ERVL-MaLR	501	-	82	120740416	44865
chr9	120695551	120895551	harbor2	chr9	120749231	120749315	LTR/ERVL-MaLR	1753	-	42	120749273	53722
chr9	120695551	120895551	harbor2	chr9	120749615	120749901	LTR/ERVL-MaLR	1753	-	143	120749758	54207
chr9	36146755	36346755	harbor2	chr9	36146385	36146964	LTR/ERVL-MaLR	2747	-	290	36146675	80
chr9	36146755	36346755	harbor2	chr9	36179138	36179521	LTR/ERVL-MaLR	1958	-	192	36179330	32575
chr9	36146755	36346755	harbor2	chr9	36187329	36187881	LTR/ERVL-MaLR	2244	-	276	36187605	40850
chr9	30103985	30303985	harbor2	chr9	30121958	30122374	LTR/ERVL-MaLR	2577	-	208	30122166	18181
chr9	30103985	30303985	harbor2	chr9	30140904	30141279	LTR/ERVL-MaLR	2091	-	188	30141092	37107
chr9	30103985	30303985	harbor2	chr9	30181213	30181571	LTR/ERVL-MaLR	1761	-	179	30181392	77407
chr9	30103985	30303985	harbor2	chr9	30181631	30181899	LTR/ERVL-MaLR	1842	-	134	30181765	77780
chr9	30103985	30303985	harbor2	chr9	30182207	30182468	LTR/ERVL-MaLR	1842	-	130	30182337	78352
chr9	30103985	30303985	harbor2	chr9	30201456	30201824	LTR/ERVL-MaLR	1001	-	184	30201640	97655
chr9	77869414	78069414	harbor2	chr9	77901724	77902083	LTR/ERVL-MaLR	1863	-	180	77901904	32490
chr9	123151996	123351996	harbor2	chr9	123157513	123157877	LTR/ERVL-MaLR	2470	-	182	123157695	5699
chr9	123151996	123351996	harbor2	chr9	123226803	123227151	LTR/ERVL-MaLR	1659	-	174	123226977	74981
chr9	103387173	103587173	harbor2	chr9	103427328	103427658	LTR/ERVL-MaLR	650	-	165	103427493	40320
chr9	103387173	103587173	harbor2	chr9	103463035	103463400	LTR/ERVL-MaLR	2375	-	182	103463217	76044
chr9	103387173	103587173	harbor2	chr9	103464980	103465341	LTR/ERVL-MaLR	2252	-	180	103465160	77987
chr9	103387173	103587173	harbor2	chr9	103472830	103473081	LTR/ERVL-MaLR	633	-	126	103472956	85783
chr9	103387173	103587173	harbor2	chr9	103473600	103473828	LTR/ERVL-MaLR	658	-	114	103473714	86541
chr9	103387173	103587173	harbor2	chr9	103473842	103474781	LTR/ERVL-MaLR	1023	-	470	103474312	87139
chr9	103387173	103587173	harbor2	chr9	103463403	103464978	LTR/ERVL-MaLR	9606	-	788	103464191	77018
chr9	127978353	128178353	harbor2	chr9	128011895	128012269	LTR/ERVL-MaLR	1206	-	187	128012082	33729
chr9	127978353	128178353	harbor2	chr9	128024910	128025049	LTR/ERVL-MaLR	885	-	70	128024980	46627
chr9	127978353	128178353	harbor2	chr9	128048776	128048853	LTR/ERVL-MaLR	421	-	38	128048814	70461
chr9	127978353	128178353	harbor2	chr9	128048916	128049023	LTR/ERVL-MaLR	462	-	54	128048970	70617
chr9	127978353	128178353	harbor2	chr9	128050150	128050239	LTR/ERVL-MaLR	462	-	44	128050194	71841
chr9	127978353	128178353	harbor2	chr9	128024313	128024620	LTR/ERVL-MaLR	917	-	154	128024467	46114
chr9	96116739	96316739	harbor2	chr9	96119798	96120142	LTR/ERVL-MaLR	2525	-	172	96119970	3231
chr9	96116739	96316739	harbor2	chr9	96161064	96161400	LTR/ERVL-MaLR	1343	-	168	96161232	44493
chr9	96116739	96316739	harbor2	chr9	96193119	96193539	LTR/ERVL-MaLR	2047	-	210	96193329	76590
chr9	96116739	96316739	harbor2	chr9	96195897	96196304	LTR/ERVL-MaLR	1566	-	204	96196101	79362
chr9	96116739	96316739	harbor2	chr9	96196471	96196619	LTR/ERVL-MaLR	1566	-	74	96196545	79806
chr9	96116739	96316739	harbor2	chr9	96190049	96190557	LTR/ERVL-MaLR	1776	-	254	96190303	73564
chr9	62867693	63067693	harbor2	chr9	62878028	62878396	LTR/ERVL-MaLR	2719	-	184	62878212	10519
chr9	62867693	63067693	harbor2	chr9	62902273	62902648	LTR/ERVL-MaLR	2492	-	188	62902461	34768
chr9	62867693	63067693	harbor2	chr9	62904667	62905855	LTR/ERVL-MaLR	7164	-	594	62905261	37568
chr9	62867693	63067693	harbor2	chr9	62906167	62906294	LTR/ERVL-MaLR	6033	-	64	62906231	38538
chr9	62867693	63067693	harbor2	chr9	62906295	62906675	LTR/ERVL-MaLR	1652	-	190	62906485	38792
chr9	129067734	129267734	harbor2	chr9	129075681	129076040	LTR/ERVL-MaLR	2339	-	180	129075861	8127
chr9	118902212	119102212	harbor2	chr9	118926801	118926998	LTR/ERVL-MaLR	675	-	98	118926899	24687
chr9	118902212	119102212	harbor2	chr9	118948151	118948598	LTR/ERVL-MaLR	2098	-	224	118948375	46163
chr9	118902212	119102212	harbor2	chr9	118951647	118952118	LTR/ERVL-MaLR	1459	-	236	118951883	49671
chr9	118902212	119102212	harbor2	chr9	118953487	118953836	LTR/ERVL-MaLR	1600	-	174	118953661	51449
chr9	118902212	119102212	harbor2	chr9	118956227	118956571	LTR/ERVL-MaLR	2033	-	172	118956399	54187
chr9	118902212	119102212	harbor2	chr9	118977517	118977896	LTR/ERVL-MaLR	773	-	190	118977707	75495
chr9	118902212	119102212	harbor2	chr9	118983590	118983993	LTR/ERVL-MaLR	2318	-	202	118983792	81580
chr9	118902212	119102212	harbor2	chr9	118987997	118988201	LTR/ERVL-MaLR	647	-	102	118988099	85887
chr9	118902212	119102212	harbor2	chr9	118994742	118995231	LTR/ERVL-MaLR	1435	-	244	118994986	92774
chr9	118902212	119102212	harbor2	chr9	118964174	118964559	LTR/ERVL-MaLR	2223	-	192	118964366	62154
chr9	116971445	117171445	harbor2	chr9	117009783	117009987	LTR/ERVL-MaLR	480	-	102	117009885	38440
chr9	124115967	124315967	harbor2	chr9	124121674	124122047	LTR/ERVL-MaLR	1684	-	186	124121860	5893
chr9	124115967	124315967	harbor2	chr9	124149089	124149381	LTR/ERVL-MaLR	2110	-	146	124149235	33268
chr9	124115967	124315967	harbor2	chr9	124149681	124149756	LTR/ERVL-MaLR	2110	-	38	124149719	33752
chr9	124115967	124315967	harbor2	chr9	124152131	124152319	LTR/ERVL-MaLR	946	-	94	124152225	36258
chr9	124115967	124315967	harbor2	chr9	124152620	124152835	LTR/ERVL-MaLR	946	-	108	124152728	36761
chr9	124115967	124315967	harbor2	chr9	124156432	124156597	LTR/ERVL-MaLR	1083	-	82	124156514	40547
chr9	124115967	124315967	harbor2	chr9	124156660	124156693	LTR/ERVL-MaLR	1083	-	16	124156676	40709
chr9	124115967	124315967	harbor2	chr9	124157281	124157488	LTR/ERVL-MaLR	1083	-	104	124157385	41418
chr9	124115967	124315967	harbor2	chr9	124170456	124170684	LTR/ERVL-MaLR	2764	-	114	124170570	54603
chr9	124115967	124315967	harbor2	chr9	124170990	124171188	LTR/ERVL-MaLR	2764	-	99	124171089	55122
chr9	124115967	124315967	harbor2	chr9	124183667	124183984	LTR/ERVL-MaLR	521	-	158	124183825	67858
chr9	124115967	124315967	harbor2	chr9	124195201	124195618	LTR/ERVL-MaLR	2698	-	208	124195409	79442
chr9	124115967	124315967	harbor2	chr9	124197024	124197388	LTR/ERVL-MaLR	741	-	182	124197206	81239
chr9	124115967	124315967	harbor2	chr9	124207486	124207748	LTR/ERVL-MaLR	1047	-	131	124207617	91650
chr9	124115967	124315967	harbor2	chr9	124208094	124208224	LTR/ERVL-MaLR	1047	-	65	124208159	92192
chr9	124115967	124315967	harbor2	chr9	124208551	124208644	LTR/ERVL-MaLR	964	-	46	124208597	92630
chr9	97298511	97498511	harbor2	chr9	97390786	97391124	LTR/ERVL-MaLR	2079	-	169	97390955	92444
chr9	97298511	97498511	harbor2	chr9	97397512	97397877	LTR/ERVL-MaLR	1666	-	182	97397694	99183
chr9	75531404	75731404	harbor2	chr9	75554810	75555190	LTR/ERVL-MaLR	2140	-	190	75555000	23596
chr9	75531404	75731404	harbor2	chr9	75562172	75562546	LTR/ERVL-MaLR	1946	-	187	75562359	30955
chr9	75531404	75731404	harbor2	chr9	75579523	75579690	LTR/ERVL-MaLR	1103	-	84	75579607	48203
chr9	75531404	75731404	harbor2	chr9	75582926	75583403	LTR/ERVL-MaLR	468	-	238	75583164	51760
chr9	75531404	75731404	harbor2	chr9	75583811	75584184	LTR/ERVL-MaLR	2176	-	186	75583997	52593
chr9	75531404	75731404	harbor2	chr9	75617766	75618219	LTR/ERVL-MaLR	2111	-	226	75617992	86588
chr9	80142132	80342132	harbor2	chr9	80168871	80169208	LTR/ERVL-MaLR	1654	-	168	80169039	26907
chr9	80142132	80342132	harbor2	chr9	80176711	80176989	LTR/ERVL-MaLR	1663	-	139	80176850	34718
chr9	80142132	80342132	harbor2	chr9	80177187	80177310	LTR/ERVL-MaLR	704	-	62	80177249	35117
chr9	80142132	80342132	harbor2	chr9	80177312	80178947	LTR/ERVL-MaLR	9140	-	818	80178130	35998
chr9	80142132	80342132	harbor2	chr9	80178948	80179353	LTR/ERVL-MaLR	2054	-	202	80179150	37018
chr9	80142132	80342132	harbor2	chr9	80188612	80189001	LTR/ERVL-MaLR	2076	-	194	80188806	46674
chr9	80142132	80342132	harbor2	chr9	80219723	80220220	LTR/ERVL-MaLR	1501	-	248	80219971	77839
chr9	80142132	80342132	harbor2	chr9	80224021	80224470	LTR/ERVL-MaLR	1500	-	224	80224245	82113
chr9	109903026	110103026	harbor2	chr9	109913679	109913751	LTR/ERVL-MaLR	971	-	36	109913715	10689
chr9	109903026	110103026	harbor2	chr9	109914056	109914483	LTR/ERVL-MaLR	971	-	214	109914270	11244
chr9	109903026	110103026	harbor2	chr9	109916742	109916891	LTR/ERVL-MaLR	646	-	74	109916816	13790
chr9	109903026	110103026	harbor2	chr9	109917408	109917479	LTR/ERVL-MaLR	646	-	36	109917444	14418
chr9	109903026	110103026	harbor2	chr9	109917794	109918016	LTR/ERVL-MaLR	646	-	111	109917905	14879
chr9	109903026	110103026	harbor2	chr9	109966950	109967411	LTR/ERVL-MaLR	870	-	230	109967180	64154
chr9	109903026	110103026	harbor2	chr9	109967709	109967773	LTR/ERVL-MaLR	870	-	32	109967741	64715
chr9	109903026	110103026	harbor2	chr9	109973362	109973627	LTR/ERVL-MaLR	887	-	132	109973494	70468
chr9	109903026	110103026	harbor2	chr9	109977593	109977810	LTR/ERVL-MaLR	431	-	108	109977701	74675
chr9	109903026	110103026	harbor2	chr9	109987579	109988019	LTR/ERVL-MaLR	1064	-	220	109987799	84773
chr9	109903026	110103026	harbor2	chr9	109991988	109992407	LTR/ERVL-MaLR	1540	-	210	109992198	89172
chr9	109903026	110103026	harbor2	chr9	109993254	109993637	LTR/ERVL-MaLR	692	-	192	109993446	90420
chr9	109903026	110103026	harbor2	chr9	109995427	109995784	LTR/ERVL-MaLR	2597	-	178	109995605	92579
chr9	109903026	110103026	harbor2	chr9	109919832	109920268	LTR/ERVL-MaLR	531	-	218	109920050	17024
chr9	116899007	117099007	harbor2	chr9	116920928	116921267	LTR/ERVL-MaLR	2179	-	170	116921098	22091
chr9	116899007	117099007	harbor2	chr9	116921268	116921306	LTR/ERVL-MaLR	2166	-	19	116921287	22280
chr9	116899007	117099007	harbor2	chr9	116921610	116921945	LTR/ERVL-MaLR	2166	-	168	116921778	22771
chr9	116899007	117099007	harbor2	chr9	116921946	116922019	LTR/ERVL-MaLR	2179	-	36	116921982	22975
chr9	116899007	117099007	harbor2	chr9	116944856	116945285	LTR/ERVL-MaLR	911	-	214	116945070	46063
chr9	116899007	117099007	harbor2	chr9	116945821	116946212	LTR/ERVL-MaLR	1992	-	196	116946017	47010
chr9	116899007	117099007	harbor2	chr9	116969854	116970293	LTR/ERVL-MaLR	1089	-	220	116970074	71067
chr9	82638776	82838776	harbor2	chr9	82660300	82660927	LTR/ERVL-MaLR	1578	-	314	82660614	21838
chr9	82638776	82838776	harbor2	chr9	82679578	82679964	LTR/ERVL-MaLR	1179	-	193	82679771	40995
chr9	82638776	82838776	harbor2	chr9	82684692	82685062	LTR/ERVL-MaLR	2302	-	185	82684877	46101
chr9	82638776	82838776	harbor2	chr9	82685141	82686675	LTR/ERVL-MaLR	9863	-	767	82685908	47132
chr9	82638776	82838776	harbor2	chr9	82686676	82687049	LTR/ERVL-MaLR	2304	-	186	82686862	48086
chr9	82638776	82838776	harbor2	chr9	82720090	82720428	LTR/ERVL-MaLR	2009	-	169	82720259	81483
chr9	82638776	82838776	harbor2	chr9	82722061	82722468	LTR/ERVL-MaLR	2076	-	204	82722265	83489
chr9	82638776	82838776	harbor2	chr9	82737762	82738231	LTR/ERVL-MaLR	1847	-	234	82737996	99220
chr9	64697224	64897224	harbor2	chr9	64702139	64702570	LTR/ERVL-MaLR	1118	-	216	64702355	5131
chr9	64697224	64897224	harbor2	chr9	64769794	64770048	LTR/ERVL-MaLR	511	-	127	64769921	72697
chr9	64697224	64897224	harbor2	chr9	64780557	64780980	LTR/ERVL-MaLR	1758	-	212	64780769	83545
chr9	136668599	136868599	harbor2	chr9	136701795	136701986	LTR/ERVL-MaLR	437	-	96	136701891	33292
chr9	136668599	136868599	harbor2	chr9	136703722	136703904	LTR/ERVL-MaLR	1117	-	91	136703813	35214
chr9	136668599	136868599	harbor2	chr9	136704207	136704300	LTR/ERVL-MaLR	1117	-	46	136704253	35654
chr9	136668599	136868599	harbor2	chr9	136704301	136704506	LTR/ERVL-MaLR	1039	-	102	136704403	35804
chr9	136668599	136868599	harbor2	chr9	136731571	136731871	LTR/ERVL-MaLR	1249	-	150	136731721	63122
chr9	136668599	136868599	harbor2	chr9	136751810	136752192	LTR/ERVL-MaLR	2261	-	191	136752001	83402
chr9	28172524	28372524	harbor2	chr9	28193635	28194195	LTR/ERVL-MaLR	1239	-	280	28193915	21391
chr9	28172524	28372524	harbor2	chr9	28201928	28202291	LTR/ERVL-MaLR	1684	-	182	28202110	29586
chr9	28172524	28372524	harbor2	chr9	28223148	28223535	LTR/ERVL-MaLR	1916	-	194	28223342	50818
chr9	28172524	28372524	harbor2	chr9	28262904	28263501	LTR/ERVL-MaLR	2249	-	298	28263202	90678
chr9	68911145	69111145	harbor2	chr9	68938660	68939152	LTR/ERVL-MaLR	1044	-	246	68938906	27761
chr9	68911145	69111145	harbor2	chr9	68956992	68957380	LTR/ERVL-MaLR	625	-	194	68957186	46041
chr9	68911145	69111145	harbor2	chr9	68975592	68976039	LTR/ERVL-MaLR	2778	-	224	68975816	64671
chr9	68911145	69111145	harbor2	chr9	68987616	68987969	LTR/ERVL-MaLR	2184	-	176	68987792	76647
chr9	68911145	69111145	harbor2	chr9	68998929	68999327	LTR/ERVL-MaLR	1356	-	199	68999128	87983
chr9	68911145	69111145	harbor2	chr9	69000408	69000817	LTR/ERVL-MaLR	1915	-	204	69000612	89467
chr9	68911145	69111145	harbor2	chr9	69001436	69001794	LTR/ERVL-MaLR	1853	-	179	69001615	90470
chr9	68911145	69111145	harbor2	chr9	69009368	69009725	LTR/ERVL-MaLR	680	-	178	69009546	98401
chr9	89348023	89548023	harbor2	chr9	89434545	89434736	LTR/ERVL-MaLR	813	-	96	89434641	86618
chr9	89348023	89548023	harbor2	chr9	89445350	89445562	LTR/ERVL-MaLR	923	-	106	89445456	97433
chr9	89348023	89548023	harbor2	chr9	89446208	89446412	LTR/ERVL-MaLR	731	-	102	89446310	98287
chr9	102137962	102337962	harbor2	chr9	102139656	102140230	LTR/ERVL-MaLR	1099	-	287	102139943	1981
chr9	102137962	102337962	harbor2	chr9	102144518	102144892	LTR/ERVL-MaLR	2384	-	187	102144705	6743
chr9	102137962	102337962	harbor2	chr9	102160451	102160823	LTR/ERVL-MaLR	2435	-	186	102160637	22675
chr9	102137962	102337962	harbor2	chr9	102160824	102161755	LTR/ERVL-MaLR	6206	-	466	102161290	23328
chr9	102137962	102337962	harbor2	chr9	102161751	102161863	LTR/ERVL-MaLR	667	-	56	102161807	23845
chr9	120814186	121014186	harbor2	chr9	120814101	120814497	LTR/ERVL-MaLR	1502	-	198	120814299	113
chr9	120814186	121014186	harbor2	chr9	120814795	120814889	LTR/ERVL-MaLR	1502	-	47	120814842	656
chr9	132351991	132551991	harbor2	chr9	132427638	132427951	LTR/ERVL-MaLR	930	-	156	132427794	75803
chr9	132351991	132551991	harbor2	chr9	132436064	132436458	LTR/ERVL-MaLR	794	-	197	132436261	84270
chr9	131670337	131870337	harbor2	chr9	131679549	131679830	LTR/ERVL-MaLR	941	-	140	131679689	9352
chr9	131670337	131870337	harbor2	chr9	131695965	131696299	LTR/ERVL-MaLR	646	-	167	131696132	25795
chr9	131670337	131870337	harbor2	chr9	131743495	131743743	LTR/ERVL-MaLR	801	-	124	131743619	73282
chr9	131670337	131870337	harbor2	chr9	131744731	131744895	LTR/ERVL-MaLR	693	-	82	131744813	74476
chr9	131670337	131870337	harbor2	chr9	131745371	131745444	LTR/ERVL-MaLR	693	-	36	131745407	75070
chr9	131670337	131870337	harbor2	chr9	131767948	131768170	LTR/ERVL-MaLR	862	-	111	131768059	97722
chr9	131670337	131870337	harbor2	chr9	131768595	131768771	LTR/ERVL-MaLR	788	-	88	131768683	98346
chr9	109179900	109379900	harbor2	chr9	109225320	109225670	LTR/ERVL-MaLR	2024	-	175	109225495	45595
chr9	109179900	109379900	harbor2	chr9	109239688	109239824	LTR/ERVL-MaLR	435	-	68	109239756	59856
chr9	131032401	131232401	harbor2	chr9	131034899	131034939	LTR/ERVL-MaLR	2566	-	20	131034919	2518
chr9	131032401	131232401	harbor2	chr9	131035249	131035630	LTR/ERVL-MaLR	2566	-	190	131035439	3038
chr9	131032401	131232401	harbor2	chr9	131049172	131049631	LTR/ERVL-MaLR	1536	-	230	131049402	17001
chr9	93348438	93548438	harbor2	chr9	93395084	93395337	LTR/ERVL-MaLR	1752	-	126	93395210	46772
chr9	93348438	93548438	harbor2	chr9	93395338	93395755	LTR/ERVL-MaLR	2423	-	208	93395546	47108
chr9	93348438	93548438	harbor2	chr9	93413315	93413727	LTR/ERVL-MaLR	2585	-	206	93413521	65083
chr9	98115336	98315336	harbor2	chr9	98149403	98149780	LTR/ERVL-MaLR	1879	-	188	98149591	34255
chr9	98115336	98315336	harbor2	chr9	98187479	98187797	LTR/ERVL-MaLR	1882	-	159	98187638	72302
chr9	113409679	113609679	harbor2	chr9	113414093	113414269	LTR/ERVL-MaLR	1892	-	88	113414181	4502
chr9	113409679	113609679	harbor2	chr9	113414575	113414799	LTR/ERVL-MaLR	1892	-	112	113414687	5008
chr9	113409679	113609679	harbor2	chr9	113421885	113422036	LTR/ERVL-MaLR	528	-	76	113421961	12282
chr9	113409679	113609679	harbor2	chr9	113428257	113428682	LTR/ERVL-MaLR	529	-	212	113428469	18790
chr9	113409679	113609679	harbor2	chr9	113471704	113471925	LTR/ERVL-MaLR	1189	-	110	113471814	62135
chr9	113409679	113609679	harbor2	chr9	113473105	113473283	LTR/ERVL-MaLR	1020	-	89	113473194	63515
chr9	102725256	102925256	harbor2	chr9	102732268	102732676	LTR/ERVL-MaLR	789	-	204	102732472	7216
chr9	136950406	137150406	harbor2	chr9	136988776	136988901	LTR/ERVL-MaLR	644	-	62	136988838	38432
chr9	136950406	137150406	harbor2	chr9	136989740	136989918	LTR/ERVL-MaLR	644	-	89	136989829	39423
chr9	66843474	67043474	harbor2	chr9	66845093	66845685	LTR/ERVL-MaLR	976	-	296	66845389	1915
chr9	66843474	67043474	harbor2	chr9	66874768	66875120	LTR/ERVL-MaLR	2100	-	176	66874944	31470
chr9	66843474	67043474	harbor2	chr9	66890615	66890947	LTR/ERVL-MaLR	1657	-	166	66890781	47307
chr9	66843474	67043474	harbor2	chr9	66898484	66898545	LTR/ERVL-MaLR	410	-	30	66898514	55040
chr9	66843474	67043474	harbor2	chr9	66898550	66898911	LTR/ERVL-MaLR	1776	-	180	66898730	55256
chr9	66843474	67043474	harbor2	chr9	66909804	66910197	LTR/ERVL-MaLR	1436	-	196	66910000	66526
chr9	66843474	67043474	harbor2	chr9	66941612	66942029	LTR/ERVL-MaLR	2268	-	208	66941820	98346
chr9	79309932	79509932	harbor2	chr9	79328531	79328898	LTR/ERVL-MaLR	2005	-	184	79328715	18783
chr9	79309932	79509932	harbor2	chr9	79379681	79380131	LTR/ERVL-MaLR	1727	-	225	79379906	69974
chr9	79309932	79509932	harbor2	chr9	79386507	79386920	LTR/ERVL-MaLR	2101	-	206	79386713	76781
chr9	79309932	79509932	harbor2	chr9	79399759	79399946	LTR/ERVL-MaLR	517	-	94	79399853	89921
chr9	79309932	79509932	harbor2	chr9	79401453	79401719	LTR/ERVL-MaLR	606	-	133	79401586	91654
chr9	79309932	79509932	harbor2	chr9	79403014	79403323	LTR/ERVL-MaLR	691	-	154	79403168	93236
chr9	79309932	79509932	harbor2	chr9	79405053	79405493	LTR/ERVL-MaLR	1195	-	220	79405273	95341
chr9	79309932	79509932	harbor2	chr9	79406849	79407060	LTR/ERVL-MaLR	1366	-	106	79406955	97023
chr9	79309932	79509932	harbor2	chr9	79407382	79407541	LTR/ERVL-MaLR	1366	-	80	79407462	97530
chr9	137284017	137484017	harbor2	chr9	137284013	137284084	LTR/ERVL-MaLR	489	-	36	137284049	32
chr9	137284017	137484017	harbor2	chr9	137344629	137344804	LTR/ERVL-MaLR	826	-	88	137344717	60700
chr9	137284017	137484017	harbor2	chr9	137344812	137344915	LTR/ERVL-MaLR	437	-	52	137344864	60847
chr9	137284017	137484017	harbor2	chr9	137344907	137344988	LTR/ERVL-MaLR	403	-	40	137344947	60930
chr9	137284017	137484017	harbor2	chr9	137344990	137345224	LTR/ERVL-MaLR	455	-	117	137345107	61090
chr9	137284017	137484017	harbor2	chr9	137346609	137346807	LTR/ERVL-MaLR	670	-	99	137346708	62691
chr9	137284017	137484017	harbor2	chr9	137347112	137347443	LTR/ERVL-MaLR	721	-	166	137347278	63261
chr9	137284017	137484017	harbor2	chr9	137347744	137347858	LTR/ERVL-MaLR	608	-	57	137347801	63784
chr9	94689313	94889313	harbor2	chr9	94690445	94690931	LTR/ERVL-MaLR	1777	-	243	94690688	1375
chr9	94689313	94889313	harbor2	chr9	94699755	94700366	LTR/ERVL-MaLR	522	-	306	94700061	10748
chr9	94689313	94889313	harbor2	chr9	94717636	94717990	LTR/ERVL-MaLR	1925	-	177	94717813	28500
chr9	94689313	94889313	harbor2	chr9	94719057	94719360	LTR/ERVL-MaLR	545	-	152	94719209	29896
chr9	94689313	94889313	harbor2	chr9	94719655	94719775	LTR/ERVL-MaLR	545	-	60	94719715	30402
chr9	94689313	94889313	harbor2	chr9	94721603	94722009	LTR/ERVL-MaLR	1086	-	203	94721806	32493
chr9	94689313	94889313	harbor2	chr9	94741676	94742077	LTR/ERVL-MaLR	705	-	200	94741876	52563
chr9	94689313	94889313	harbor2	chr9	94770298	94770736	LTR/ERVL-MaLR	1734	-	219	94770517	81204
chr9	78644620	78844620	harbor2	chr9	78664628	78664978	LTR/ERVL-MaLR	397	-	175	78664803	20183
chr9	78644620	78844620	harbor2	chr9	78685980	78686434	LTR/ERVL-MaLR	1287	-	227	78686207	41587
chr9	78644620	78844620	harbor2	chr9	78688745	78689273	LTR/ERVL-MaLR	1710	-	264	78689009	44389
chr9	78644620	78844620	harbor2	chr9	78690397	78690834	LTR/ERVL-MaLR	1590	-	218	78690615	45995
chr9	78644620	78844620	harbor2	chr9	78702510	78702894	LTR/ERVL-MaLR	1532	-	192	78702702	58082
chr9	78644620	78844620	harbor2	chr9	78714635	78714810	LTR/ERVL-MaLR	531	-	88	78714723	70103
chr9	78644620	78844620	harbor2	chr9	78720123	78720427	LTR/ERVL-MaLR	1162	-	152	78720275	75655
chr9	78644620	78844620	harbor2	chr9	78721582	78722186	LTR/ERVL-MaLR	695	-	302	78721884	77264
chr9	78644620	78844620	harbor2	chr9	78726585	78726955	LTR/ERVL-MaLR	2157	-	185	78726770	82150
chr9	87903516	88103516	harbor2	chr9	87926313	87926529	LTR/ERVL-MaLR	606	-	108	87926421	22905
chr9	87903516	88103516	harbor2	chr9	87926915	87927008	LTR/ERVL-MaLR	467	-	46	87926961	23445
chr9	87903516	88103516	harbor2	chr9	87927009	87927360	LTR/ERVL-MaLR	1533	-	176	87927185	23669
chr9	87903516	88103516	harbor2	chr9	87927556	87929147	LTR/ERVL-MaLR	6362	-	796	87928352	24836
chr9	87903516	88103516	harbor2	chr9	87929321	87929580	LTR/ERVL-MaLR	970	-	130	87929451	25935
chr9	87903516	88103516	harbor2	chr9	87929940	87930035	LTR/ERVL-MaLR	412	-	48	87929988	26472
chr9	87903516	88103516	harbor2	chr9	87930042	87930379	LTR/ERVL-MaLR	1497	-	168	87930210	26694
chr9	87903516	88103516	harbor2	chr9	87930620	87930995	LTR/ERVL-MaLR	1482	-	188	87930808	27292
chr9	87903516	88103516	harbor2	chr9	87988637	87988981	LTR/ERVL-MaLR	2100	-	172	87988809	85293
chr9	87903516	88103516	harbor2	chr9	87988984	87989035	LTR/ERVL-MaLR	2107	-	26	87989010	85494
chr9	87903516	88103516	harbor2	chr9	87989343	87989722	LTR/ERVL-MaLR	2107	-	190	87989533	86017
chr9	72680664	72880664	harbor2	chr9	72682736	72683131	LTR/ERVL-MaLR	2025	-	198	72682934	2270
chr9	72680664	72880664	harbor2	chr9	72724152	72724530	LTR/ERVL-MaLR	1631	-	189	72724341	43677
chr9	72680664	72880664	harbor2	chr9	72739029	72739388	LTR/ERVL-MaLR	1501	-	180	72739209	58545
chr9	72680664	72880664	harbor2	chr9	72775652	72776072	LTR/ERVL-MaLR	2575	-	210	72775862	95198
chr9	103762890	103962890	harbor2	chr9	103777354	103777740	LTR/ERVL-MaLR	1190	-	193	103777547	14657
chr9	103762890	103962890	harbor2	chr9	103781507	103782128	LTR/ERVL-MaLR	2676	-	310	103781817	18927
chr9	103762890	103962890	harbor2	chr9	103818278	103818598	LTR/ERVL-MaLR	545	-	160	103818438	55548
chr9	103762890	103962890	harbor2	chr9	103823213	103823633	LTR/ERVL-MaLR	2086	-	210	103823423	60533
chr9	103762890	103962890	harbor2	chr9	103827728	103828010	LTR/ERVL-MaLR	694	-	141	103827869	64979
chr9	103762890	103962890	harbor2	chr9	103828554	103828756	LTR/ERVL-MaLR	650	-	101	103828655	65765
chr9	103762890	103962890	harbor2	chr9	103829069	103829244	LTR/ERVL-MaLR	650	-	88	103829157	66267
chr9	103762890	103962890	harbor2	chr9	103853067	103853436	LTR/ERVL-MaLR	2100	-	184	103853251	90361
chr9	64626101	64826101	harbor2	chr9	64653864	64654232	LTR/ERVL-MaLR	2134	-	184	64654048	27947
chr9	64626101	64826101	harbor2	chr9	64662666	64663133	LTR/ERVL-MaLR	1125	-	234	64662900	36799
chr9	64626101	64826101	harbor2	chr9	64702139	64702570	LTR/ERVL-MaLR	1118	-	216	64702355	76254
chr9	104899122	105099122	harbor2	chr9	104981927	104982235	LTR/ERVL-MaLR	1020	-	154	104982081	82959
chr9	104899122	105099122	harbor2	chr9	104987236	104987596	LTR/ERVL-MaLR	2001	-	180	104987416	88294
chr9	104899122	105099122	harbor2	chr9	104992996	104993315	LTR/ERVL-MaLR	1321	-	160	104993156	94034
chr9	107770114	107970114	harbor2	chr9	107772100	107772480	LTR/ERVL-MaLR	2040	-	190	107772290	2176
chr9	107770114	107970114	harbor2	chr9	107774125	107774505	LTR/ERVL-MaLR	2229	-	190	107774315	4201
chr9	107770114	107970114	harbor2	chr9	107796564	107796904	LTR/ERVL-MaLR	2494	-	170	107796734	26620
chr9	107770114	107970114	harbor2	chr9	107797313	107797666	LTR/ERVL-MaLR	2840	-	176	107797489	27375
chr9	107770114	107970114	harbor2	chr9	107798149	107798539	LTR/ERVL-MaLR	1448	-	195	107798344	28230
chr9	107770114	107970114	harbor2	chr9	107812891	107813251	LTR/ERVL-MaLR	2428	-	180	107813071	42957
chr9	107770114	107970114	harbor2	chr9	107815593	107816009	LTR/ERVL-MaLR	632	-	208	107815801	45687
chr9	107770114	107970114	harbor2	chr9	107772481	107774124	LTR/ERVL-MaLR	11008	-	822	107773303	3189
chr9	107770114	107970114	harbor2	chr9	107822975	107823217	LTR/ERVL-MaLR	545	-	121	107823096	52982
chr9	119425434	119625434	harbor2	chr9	119437502	119437988	LTR/ERVL-MaLR	1648	-	243	119437745	12311
chr9	119425434	119625434	harbor2	chr9	119450877	119451350	LTR/ERVL-MaLR	1851	-	236	119451113	25679
chr9	119425434	119625434	harbor2	chr9	119453932	119454340	LTR/ERVL-MaLR	2342	-	204	119454136	28702
chr9	119425434	119625434	harbor2	chr9	119464161	119464350	LTR/ERVL-MaLR	486	-	94	119464255	38821
chr9	119425434	119625434	harbor2	chr9	119465416	119465620	LTR/ERVL-MaLR	2014	-	102	119465518	40084
chr9	119425434	119625434	harbor2	chr9	119465914	119466086	LTR/ERVL-MaLR	2014	-	86	119466000	40566
chr9	119425434	119625434	harbor2	chr9	119469932	119470369	LTR/ERVL-MaLR	2363	-	218	119470150	44716
chr9	119425434	119625434	harbor2	chr9	119487751	119488120	LTR/ERVL-MaLR	1412	-	184	119487935	62501
chr9	119425434	119625434	harbor2	chr9	119490237	119490654	LTR/ERVL-MaLR	2519	-	208	119490445	65011
chr9	129855447	130055447	harbor2	chr9	129855498	129855798	LTR/ERVL-MaLR	548	-	150	129855648	201
chr9	105087336	105287336	harbor2	chr9	105105687	105105735	LTR/ERVL-MaLR	2057	-	24	105105711	18375
chr9	105087336	105287336	harbor2	chr9	105106033	105106054	LTR/ERVL-MaLR	2057	-	10	105106043	18707
chr9	105087336	105287336	harbor2	chr9	105106360	105106723	LTR/ERVL-MaLR	2057	-	182	105106542	19206
chr9	105087336	105287336	harbor2	chr9	105111749	105111815	LTR/ERVL-MaLR	1076	-	33	105111782	24446
chr9	105087336	105287336	harbor2	chr9	105112118	105112422	LTR/ERVL-MaLR	1076	-	152	105112270	24934
chr9	105087336	105287336	harbor2	chr9	105121105	105121170	LTR/ERVL-MaLR	873	-	32	105121137	33801
chr9	105087336	105287336	harbor2	chr9	105121479	105121650	LTR/ERVL-MaLR	873	-	86	105121565	34229
chr9	105087336	105287336	harbor2	chr9	105122218	105122352	LTR/ERVL-MaLR	592	-	67	105122285	34949
chr9	105087336	105287336	harbor2	chr9	105162594	105162862	LTR/ERVL-MaLR	448	-	134	105162728	75392
chr9	105087336	105287336	harbor2	chr9	105167538	105167902	LTR/ERVL-MaLR	2501	-	182	105167720	80384
chr9	105087336	105287336	harbor2	chr9	105172148	105172343	LTR/ERVL-MaLR	615	-	98	105172246	84910
chr9	136920699	137120699	harbor2	chr9	136988776	136988901	LTR/ERVL-MaLR	644	-	62	136988838	68139
chr9	136920699	137120699	harbor2	chr9	136989740	136989918	LTR/ERVL-MaLR	644	-	89	136989829	69130
chr9	78695848	78895848	harbor2	chr9	78702510	78702894	LTR/ERVL-MaLR	1532	-	192	78702702	6854
chr9	78695848	78895848	harbor2	chr9	78714635	78714810	LTR/ERVL-MaLR	531	-	88	78714723	18875
chr9	78695848	78895848	harbor2	chr9	78720123	78720427	LTR/ERVL-MaLR	1162	-	152	78720275	24427
chr9	78695848	78895848	harbor2	chr9	78721582	78722186	LTR/ERVL-MaLR	695	-	302	78721884	26036
chr9	78695848	78895848	harbor2	chr9	78726585	78726955	LTR/ERVL-MaLR	2157	-	185	78726770	30922
chr9	78695848	78895848	harbor2	chr9	78784082	78784197	LTR/ERVL-MaLR	417	-	58	78784140	88292
chr9	78695848	78895848	harbor2	chr9	78793962	78794334	LTR/ERVL-MaLR	2713	-	186	78794148	98300
chr9	102570403	102770403	harbor2	chr9	102624427	102624775	LTR/ERVL-MaLR	1836	-	174	102624601	54198
chr9	102570403	102770403	harbor2	chr9	102624776	102626375	LTR/ERVL-MaLR	10311	-	800	102625576	55173
chr9	102570403	102770403	harbor2	chr9	102626376	102626727	LTR/ERVL-MaLR	2094	-	176	102626552	56149
chr9	102570403	102770403	harbor2	chr9	102635523	102635963	LTR/ERVL-MaLR	2184	-	220	102635743	65340
chr9	102570403	102770403	harbor2	chr9	102654989	102655358	LTR/ERVL-MaLR	2139	-	184	102655173	84770
chr9	102570403	102770403	harbor2	chr9	102612974	102613050	LTR/ERVL-MaLR	396	-	38	102613012	42609
chr9	137867594	138067594	harbor2	chr9	137892173	137892332	LTR/ERVL-MaLR	620	-	80	137892253	24659
chr9	74197115	74397115	harbor2	chr9	74201783	74201918	LTR/ERVL-MaLR	1959	-	68	74201851	4736
chr9	74197115	74397115	harbor2	chr9	74202367	74202873	LTR/ERVL-MaLR	1959	-	253	74202620	5505
chr9	74197115	74397115	harbor2	chr9	74234664	74235101	LTR/ERVL-MaLR	1525	-	218	74234882	37767
chr9	74197115	74397115	harbor2	chr9	74266198	74266679	LTR/ERVL-MaLR	868	-	240	74266438	69323
chr9	74197115	74397115	harbor2	chr9	74266893	74266991	LTR/ERVL-MaLR	868	-	49	74266942	69827
chr9	91505643	91705643	harbor2	chr9	91571431	91571756	LTR/ERVL-MaLR	1247	-	162	91571593	65950
chr9	93652092	93852092	harbor2	chr9	93700113	93700422	LTR/ERVL-MaLR	597	-	154	93700267	48175
chr9	93652092	93852092	harbor2	chr9	93707270	93707849	LTR/ERVL-MaLR	2032	-	290	93707560	55468
chr9	93652092	93852092	harbor2	chr9	93722257	93722609	LTR/ERVL-MaLR	825	-	176	93722433	70341
chr9	93652092	93852092	harbor2	chr9	93723595	93723998	LTR/ERVL-MaLR	1772	-	202	93723797	71705
chr9	93652092	93852092	harbor2	chr9	93748033	93748387	LTR/ERVL-MaLR	2166	-	177	93748210	96118
chr9	93652092	93852092	harbor2	chr9	93749990	93750355	LTR/ERVL-MaLR	2386	-	182	93750172	98080
chr9	93652092	93852092	harbor2	chr9	93748393	93749971	LTR/ERVL-MaLR	10001	-	789	93749182	97090
chr9	96810848	97010848	harbor2	chr9	96812387	96812783	LTR/ERVL-MaLR	1841	-	198	96812585	1737
chr9	96810848	97010848	harbor2	chr9	96899497	96899617	LTR/ERVL-MaLR	712	-	60	96899557	88709
chr9	88186376	88386376	harbor2	chr9	88208421	88208580	LTR/ERVL-MaLR	1017	-	80	88208501	22125
chr9	88186376	88386376	harbor2	chr9	88232433	88232898	LTR/ERVL-MaLR	1475	-	232	88232665	46289
chr9	88186376	88386376	harbor2	chr9	88241104	88241344	LTR/ERVL-MaLR	460	-	120	88241224	54848
chr9	88186376	88386376	harbor2	chr9	88254788	88255107	LTR/ERVL-MaLR	2055	-	160	88254948	68572
chr9	88186376	88386376	harbor2	chr9	88260786	88261153	LTR/ERVL-MaLR	1862	-	184	88260970	74594
chr9	88186376	88386376	harbor2	chr9	88265219	88265284	LTR/ERVL-MaLR	475	-	32	88265251	78875
chr9	88186376	88386376	harbor2	chr9	88265593	88265914	LTR/ERVL-MaLR	534	-	160	88265753	79377
chr9	88186376	88386376	harbor2	chr9	88269487	88269755	LTR/ERVL-MaLR	1070	-	134	88269621	83245
chr9	88186376	88386376	harbor2	chr9	88286237	88286295	LTR/ERVL-MaLR	413	-	29	88286266	99890
chr9	36438385	36638385	harbor2	chr9	36494979	36495297	LTR/ERVL-MaLR	817	-	159	36495138	56753
chr9	36438385	36638385	harbor2	chr9	36496072	36496150	LTR/ERVL-MaLR	817	-	39	36496111	57726
chr9	36438385	36638385	harbor2	chr9	36498053	36498221	LTR/ERVL-MaLR	391	-	84	36498137	59752
chr9	36438385	36638385	harbor2	chr9	36500001	36500426	LTR/ERVL-MaLR	2104	-	212	36500213	61828
chr9	105749179	105949179	harbor2	chr9	105749222	105749575	LTR/ERVL-MaLR	2075	-	176	105749398	219
chr9	105749179	105949179	harbor2	chr9	105831333	105831717	LTR/ERVL-MaLR	2044	-	192	105831525	82346
chr9	105749179	105949179	harbor2	chr9	105832567	105832798	LTR/ERVL-MaLR	997	-	116	105832683	83504
chr9	112453345	112653345	harbor2	chr9	112467548	112467708	LTR/ERVL-MaLR	814	-	80	112467628	14283
chr9	112453345	112653345	harbor2	chr9	112492116	112492500	LTR/ERVL-MaLR	2215	-	192	112492308	38963
chr9	112453345	112653345	harbor2	chr9	112526210	112526257	LTR/ERVL-MaLR	1282	-	24	112526234	72889
chr9	112453345	112653345	harbor2	chr9	112526546	112526853	LTR/ERVL-MaLR	1282	-	154	112526700	73355
chr9	112453345	112653345	harbor2	chr9	112533215	112533285	LTR/ERVL-MaLR	2068	-	35	112533250	79905
chr9	112453345	112653345	harbor2	chr9	112533611	112533918	LTR/ERVL-MaLR	2068	-	154	112533765	80420
chr9	99166838	99366838	harbor2	chr9	99181497	99181984	LTR/ERVL-MaLR	877	-	244	99181741	14903
chr9	99166838	99366838	harbor2	chr9	99196145	99196326	LTR/ERVL-MaLR	393	-	90	99196235	29397
chr9	99166838	99366838	harbor2	chr9	99236607	99236723	LTR/ERVL-MaLR	655	-	58	99236665	69827
chr9	99166838	99366838	harbor2	chr9	99243478	99243903	LTR/ERVL-MaLR	1121	-	212	99243690	76852
chr9	99166838	99366838	harbor2	chr9	99243904	99244266	LTR/ERVL-MaLR	548	-	181	99244085	77247
chr9	99166838	99366838	harbor2	chr9	99252642	99252680	LTR/ERVL-MaLR	2461	-	19	99252661	85823
chr9	99166838	99366838	harbor2	chr9	99252989	99253383	LTR/ERVL-MaLR	2461	-	197	99253186	86348
chr9	84683411	84883411	harbor2	chr9	84701195	84701661	LTR/ERVL-MaLR	619	-	233	84701428	18017
chr9	84683411	84883411	harbor2	chr9	84742270	84742473	LTR/ERVL-MaLR	399	-	102	84742372	58961
chr9	84683411	84883411	harbor2	chr9	84749864	84750082	LTR/ERVL-MaLR	684	-	109	84749973	66562
chr9	84683411	84883411	harbor2	chr9	84750287	84750455	LTR/ERVL-MaLR	684	-	84	84750371	66960
chr9	82962441	83162441	harbor2	chr9	82985147	82985499	LTR/ERVL-MaLR	2664	-	176	82985323	22882
chr9	82962441	83162441	harbor2	chr9	83026314	83026686	LTR/ERVL-MaLR	2118	-	186	83026500	64059
chr9	82962441	83162441	harbor2	chr9	82968374	82968770	LTR/ERVL-MaLR	1272	-	198	82968572	6131
chr9	136324968	136524968	harbor2	chr9	136344313	136344630	LTR/ERVL-MaLR	730	-	158	136344471	19503
chr9	79354958	79554958	harbor2	chr9	79379681	79380131	LTR/ERVL-MaLR	1727	-	225	79379906	24948
chr9	79354958	79554958	harbor2	chr9	79386507	79386920	LTR/ERVL-MaLR	2101	-	206	79386713	31755
chr9	79354958	79554958	harbor2	chr9	79399759	79399946	LTR/ERVL-MaLR	517	-	94	79399853	44895
chr9	79354958	79554958	harbor2	chr9	79401453	79401719	LTR/ERVL-MaLR	606	-	133	79401586	46628
chr9	79354958	79554958	harbor2	chr9	79403014	79403323	LTR/ERVL-MaLR	691	-	154	79403168	48210
chr9	79354958	79554958	harbor2	chr9	79405053	79405493	LTR/ERVL-MaLR	1195	-	220	79405273	50315
chr9	79354958	79554958	harbor2	chr9	79406849	79407060	LTR/ERVL-MaLR	1366	-	106	79406955	51997
chr9	79354958	79554958	harbor2	chr9	79407382	79407541	LTR/ERVL-MaLR	1366	-	80	79407462	52504
chr9	79354958	79554958	harbor2	chr9	79433661	79434186	LTR/ERVL-MaLR	2592	-	262	79433923	78965
chr9	105556173	105756173	harbor2	chr9	105590746	105591173	LTR/ERVL-MaLR	2942	-	214	105590960	34787
chr9	105556173	105756173	harbor2	chr9	105591174	105592356	LTR/ERVL-MaLR	9013	-	591	105591765	35592
chr9	105556173	105756173	harbor2	chr9	105592657	105593020	LTR/ERVL-MaLR	9013	-	182	105592839	36666
chr9	105556173	105756173	harbor2	chr9	105593021	105593445	LTR/ERVL-MaLR	2543	-	212	105593233	37060
chr9	105556173	105756173	harbor2	chr9	105626231	105626579	LTR/ERVL-MaLR	1842	-	174	105626405	70232
chr9	105556173	105756173	harbor2	chr9	105653763	105653921	LTR/ERVL-MaLR	488	-	79	105653842	97669
chr9	105556173	105756173	harbor2	chr9	105654201	105654368	LTR/ERVL-MaLR	488	-	84	105654285	98112
chr9	130234003	130434003	harbor2	chr9	130254472	130254641	LTR/ERVL-MaLR	497	-	84	130254556	20553
chr9	130234003	130434003	harbor2	chr9	130255188	130255307	LTR/ERVL-MaLR	405	-	60	130255248	21245
chr9	130234003	130434003	harbor2	chr9	130259305	130259430	LTR/ERVL-MaLR	455	-	62	130259367	25364
chr9	130234003	130434003	harbor2	chr9	130260480	130260734	LTR/ERVL-MaLR	548	-	127	130260607	26604
chr9	130234003	130434003	harbor2	chr9	130310224	130310462	LTR/ERVL-MaLR	975	-	119	130310343	76340
chr9	130234003	130434003	harbor2	chr9	130315629	130316012	LTR/ERVL-MaLR	1320	-	192	130315821	81818
chr9	130453428	130653428	harbor2	chr9	130459064	130459449	LTR/ERVL-MaLR	1041	-	192	130459256	5828
chr9	130453428	130653428	harbor2	chr9	130459735	130459834	LTR/ERVL-MaLR	1041	-	50	130459785	6357
chr9	130453428	130653428	harbor2	chr9	130508255	130508521	LTR/ERVL-MaLR	964	-	133	130508388	54960
chr9	130453428	130653428	harbor2	chr9	130508813	130508830	LTR/ERVL-MaLR	964	-	8	130508821	55393
chr9	130453428	130653428	harbor2	chr9	130522091	130522429	LTR/ERVL-MaLR	1875	-	169	130522260	68832
chr9	130453428	130653428	harbor2	chr9	130529611	130529713	LTR/ERVL-MaLR	527	-	51	130529662	76234
chr9	130453428	130653428	harbor2	chr9	130529822	130530035	LTR/ERVL-MaLR	771	-	106	130529928	76500
chr9	130453428	130653428	harbor2	chr9	130530340	130530538	LTR/ERVL-MaLR	771	-	99	130530439	77011
chr9	130453428	130653428	harbor2	chr9	130530666	130530698	LTR/ERVL-MaLR	550	-	16	130530682	77254
chr9	130920616	131120616	harbor2	chr9	130953011	130953299	LTR/ERVL-MaLR	2260	-	144	130953155	32539
chr9	130920616	131120616	harbor2	chr9	130953596	130953812	LTR/ERVL-MaLR	2260	-	108	130953704	33088
chr9	130920616	131120616	harbor2	chr9	130954129	130954156	LTR/ERVL-MaLR	2260	-	14	130954143	33527
chr9	132666176	132866176	harbor2	chr9	132720816	132721011	LTR/ERVL-MaLR	1319	-	98	132720914	54738
chr9	132563497	132763497	harbor2	chr9	132567606	132568045	LTR/ERVL-MaLR	1454	-	220	132567826	4329
chr9	126922145	127122145	harbor2	chr9	126930944	126931292	LTR/ERVL-MaLR	713	-	174	126931118	8973
chr9	126922145	127122145	harbor2	chr9	126937479	126937809	LTR/ERVL-MaLR	947	-	165	126937644	15499
chr9	126922145	127122145	harbor2	chr9	126981752	126982270	LTR/ERVL-MaLR	2622	-	259	126982011	59866
chr9	119545959	119745959	harbor2	chr9	119552770	119553143	LTR/ERVL-MaLR	2280	-	186	119552956	6997
chr9	119545959	119745959	harbor2	chr9	119600191	119600649	LTR/ERVL-MaLR	1691	-	229	119600420	54461
chr9	119545959	119745959	harbor2	chr9	119615859	119615985	LTR/ERVL-MaLR	414	-	63	119615922	69963
chr9	119545959	119745959	harbor2	chr9	119615986	119616551	LTR/ERVL-MaLR	984	-	282	119616268	70309
chr9	119545959	119745959	harbor2	chr9	119616552	119616643	LTR/ERVL-MaLR	414	-	46	119616598	70639
chr9	119545959	119745959	harbor2	chr9	119628349	119628890	LTR/ERVL-MaLR	2248	-	270	119628619	82660
chr9	110955803	111155803	harbor2	chr9	110961263	110961338	LTR/ERVL-MaLR	2443	-	38	110961301	5498
chr9	110955803	111155803	harbor2	chr9	110961648	110961951	LTR/ERVL-MaLR	2443	-	152	110961800	5997
chr9	110955803	111155803	harbor2	chr9	110999491	110999712	LTR/ERVL-MaLR	851	-	110	110999601	43798
chr9	110955803	111155803	harbor2	chr9	111000010	111000152	LTR/ERVL-MaLR	692	-	71	111000081	44278
chr9	110955803	111155803	harbor2	chr9	111019562	111019591	LTR/ERVL-MaLR	1325	-	14	111019576	63773
chr9	110955803	111155803	harbor2	chr9	111019853	111020207	LTR/ERVL-MaLR	1325	-	177	111020030	64227
chr9	110955803	111155803	harbor2	chr9	111051365	111051746	LTR/ERVL-MaLR	1912	-	190	111051555	95752
chr9	75901308	76101308	harbor2	chr9	75911765	75911997	LTR/ERVL-MaLR	421	-	116	75911881	10573
chr9	75901308	76101308	harbor2	chr9	75923642	75924141	LTR/ERVL-MaLR	2284	-	250	75923892	22584
chr9	75901308	76101308	harbor2	chr9	75929649	75929861	LTR/ERVL-MaLR	2278	-	106	75929755	28447
chr9	75901308	76101308	harbor2	chr9	75930162	75930319	LTR/ERVL-MaLR	2278	-	78	75930240	28932
chr9	75901308	76101308	harbor2	chr9	75989511	75989937	LTR/ERVL-MaLR	1056	-	213	75989724	88416
chr9	134936939	135136939	harbor2	chr9	134958393	134958932	LTR/ERVL-MaLR	1831	-	270	134958663	21724
chr9	134936939	135136939	harbor2	chr9	134963882	134964207	LTR/ERVL-MaLR	1591	-	162	134964044	27105
chr9	134936939	135136939	harbor2	chr9	134982750	134982880	LTR/ERVL-MaLR	534	-	65	134982815	45876
chr9	134936939	135136939	harbor2	chr9	134988649	134989034	LTR/ERVL-MaLR	1706	-	192	134988841	51902
chr9	134936939	135136939	harbor2	chr9	135001994	135002393	LTR/ERVL-MaLR	2605	-	200	135002194	65255
chr9	127458378	127658378	harbor2	chr9	127463423	127463739	LTR/ERVL-MaLR	1882	-	158	127463581	5203
chr9	127458378	127658378	harbor2	chr9	127470160	127470515	LTR/ERVL-MaLR	1831	-	178	127470338	11960
chr9	24973030	25173030	harbor2	chr9	24978128	24978505	LTR/ERVL-MaLR	1201	-	188	24978316	5286
chr9	24973030	25173030	harbor2	chr9	25037100	25037480	LTR/ERVL-MaLR	1992	-	190	25037290	64260
chr9	24973030	25173030	harbor2	chr9	25051404	25051765	LTR/ERVL-MaLR	2149	-	180	25051584	78554
chr9	24973030	25173030	harbor2	chr9	25055964	25056348	LTR/ERVL-MaLR	1984	-	192	25056156	83126
chr9	24973030	25173030	harbor2	chr9	25065642	25066075	LTR/ERVL-MaLR	1384	-	216	25065858	92828
chr9	73837527	74037527	harbor2	chr9	73921141	73921485	LTR/ERVL-MaLR	2424	-	172	73921313	83786
chr9	96952606	97152606	harbor2	chr9	96983888	96984232	LTR/ERVL-MaLR	1422	-	172	96984060	31454
chr9	96952606	97152606	harbor2	chr9	97002986	97003288	LTR/ERVL-MaLR	1379	-	151	97003137	50531
chr9	96952606	97152606	harbor2	chr9	97043775	97044213	LTR/ERVL-MaLR	1467	-	219	97043994	91388
chr9	93309160	93509160	harbor2	chr9	93395084	93395337	LTR/ERVL-MaLR	1752	-	126	93395210	86050
chr9	93309160	93509160	harbor2	chr9	93395338	93395755	LTR/ERVL-MaLR	2423	-	208	93395546	86386
chr9	104902077	105102077	harbor2	chr9	104981927	104982235	LTR/ERVL-MaLR	1020	-	154	104982081	80004
chr9	104902077	105102077	harbor2	chr9	104987236	104987596	LTR/ERVL-MaLR	2001	-	180	104987416	85339
chr9	104902077	105102077	harbor2	chr9	104992996	104993315	LTR/ERVL-MaLR	1321	-	160	104993156	91079
chr9	123158330	123358330	harbor2	chr9	123226803	123227151	LTR/ERVL-MaLR	1659	-	174	123226977	68647
chr9	136693009	136893009	harbor2	chr9	136701795	136701986	LTR/ERVL-MaLR	437	-	96	136701891	8882
chr9	136693009	136893009	harbor2	chr9	136703722	136703904	LTR/ERVL-MaLR	1117	-	91	136703813	10804
chr9	136693009	136893009	harbor2	chr9	136704207	136704300	LTR/ERVL-MaLR	1117	-	46	136704253	11244
chr9	136693009	136893009	harbor2	chr9	136704301	136704506	LTR/ERVL-MaLR	1039	-	102	136704403	11394
chr9	136693009	136893009	harbor2	chr9	136731571	136731871	LTR/ERVL-MaLR	1249	-	150	136731721	38712
chr9	136693009	136893009	harbor2	chr9	136751810	136752192	LTR/ERVL-MaLR	2261	-	191	136752001	58992
chr9	128155396	128355396	harbor2	chr9	128156051	128156265	LTR/ERVL-MaLR	671	-	107	128156158	762
chr9	130366842	130566842	harbor2	chr9	130368570	130368947	LTR/ERVL-MaLR	2173	-	188	130368758	1916
chr9	130366842	130566842	harbor2	chr9	130387244	130387701	LTR/ERVL-MaLR	752	-	228	130387472	20630
chr9	130366842	130566842	harbor2	chr9	130396566	130396826	LTR/ERVL-MaLR	636	-	130	130396696	29854
chr9	130366842	130566842	harbor2	chr9	130397055	130397417	LTR/ERVL-MaLR	2455	-	181	130397236	30394
chr9	130366842	130566842	harbor2	chr9	130420442	130420470	LTR/ERVL-MaLR	1850	-	14	130420456	53614
chr9	130366842	130566842	harbor2	chr9	130420502	130420893	LTR/ERVL-MaLR	1850	-	196	130420698	53856
chr9	130366842	130566842	harbor2	chr9	130452911	130453058	LTR/ERVL-MaLR	563	-	74	130452985	86143
chr9	130366842	130566842	harbor2	chr9	130459064	130459449	LTR/ERVL-MaLR	1041	-	192	130459256	92414
chr9	130366842	130566842	harbor2	chr9	130459735	130459834	LTR/ERVL-MaLR	1041	-	50	130459785	92943
chr9	134585587	134785587	harbor2	chr9	134604854	134605088	LTR/ERVL-MaLR	1442	-	117	134604971	19384
chr9	134585587	134785587	harbor2	chr9	134605383	134606612	LTR/ERVL-MaLR	4214	-	614	134605997	20410
chr9	134585587	134785587	harbor2	chr9	134606617	134606679	LTR/ERVL-MaLR	410	-	31	134606648	21061
chr9	134585587	134785587	harbor2	chr9	134606983	134607013	LTR/ERVL-MaLR	410	-	15	134606998	21411
chr9	134585587	134785587	harbor2	chr9	134628420	134628846	LTR/ERVL-MaLR	810	-	213	134628633	43046
chr9	134585587	134785587	harbor2	chr9	134630153	134630497	LTR/ERVL-MaLR	646	-	172	134630325	44738
chr9	134585587	134785587	harbor2	chr9	134675533	134676028	LTR/ERVL-MaLR	1189	-	248	134675781	90194
chr9	69328208	69528208	harbor2	chr9	69355568	69355895	LTR/ERVL-MaLR	527	-	164	69355732	27524
chr9	69328208	69528208	harbor2	chr9	69400673	69401192	LTR/ERVL-MaLR	2059	-	260	69400933	72725
chr9	69328208	69528208	harbor2	chr9	69401231	69401280	LTR/ERVL-MaLR	1496	-	24	69401255	73047
chr9	69328208	69528208	harbor2	chr9	69401560	69401943	LTR/ERVL-MaLR	1496	-	192	69401752	73544
chr9	128366718	128566718	harbor2	chr9	128418026	128418204	LTR/ERVL-MaLR	1423	-	89	128418115	51397
chr9	128366718	128566718	harbor2	chr9	128418498	128418584	LTR/ERVL-MaLR	1423	-	43	128418541	51823
chr9	128366718	128566718	harbor2	chr9	128418893	128418980	LTR/ERVL-MaLR	1423	-	44	128418937	52219
chr9	128366718	128566718	harbor2	chr9	128417747	128417819	LTR/ERVL-MaLR	1423	-	36	128417783	51065
chr9	88777907	88977907	harbor2	chr9	88796116	88796478	LTR/ERVL-MaLR	2798	-	181	88796297	18390
chr9	88777907	88977907	harbor2	chr9	88832631	88833052	LTR/ERVL-MaLR	2735	-	210	88832841	54934
chr9	88777907	88977907	harbor2	chr9	88834121	88834233	LTR/ERVL-MaLR	500	-	56	88834177	56270
chr9	104410202	104610202	harbor2	chr9	104419172	104419547	LTR/ERVL-MaLR	2713	-	188	104419360	9158
chr9	104410202	104610202	harbor2	chr9	104451565	104451824	LTR/ERVL-MaLR	448	-	130	104451695	41493
chr9	104410202	104610202	harbor2	chr9	104470809	104471225	LTR/ERVL-MaLR	2542	-	208	104471017	60815
chr9	104410202	104610202	harbor2	chr9	104464108	104464534	LTR/ERVL-MaLR	2357	-	213	104464321	54119
chr9	129053454	129253454	harbor2	chr9	129075681	129076040	LTR/ERVL-MaLR	2339	-	180	129075861	22407
chr9	127788209	127988209	harbor2	chr9	127791107	127791346	LTR/ERVL-MaLR	1241	-	120	127791227	3018
chr9	127788209	127988209	harbor2	chr9	127791644	127791804	LTR/ERVL-MaLR	1241	-	80	127791724	3515
chr9	135606015	135806015	harbor2	chr9	135622491	135622832	LTR/ERVL-MaLR	1623	-	170	135622661	16646
chr9	135606015	135806015	harbor2	chr9	135638000	135638352	LTR/ERVL-MaLR	2730	-	176	135638176	32161
chr9	135606015	135806015	harbor2	chr9	135642407	135642598	LTR/ERVL-MaLR	1140	-	96	135642503	36488
chr9	135606015	135806015	harbor2	chr9	135642634	135642845	LTR/ERVL-MaLR	1140	-	106	135642740	36725
chr9	135606015	135806015	harbor2	chr9	135666132	135666538	LTR/ERVL-MaLR	489	-	203	135666335	60320
chr9	135606015	135806015	harbor2	chr9	135671980	135672388	LTR/ERVL-MaLR	1131	-	204	135672184	66169
chr9	135606015	135806015	harbor2	chr9	135673272	135673555	LTR/ERVL-MaLR	714	-	142	135673414	67399
chr9	85133926	85333926	harbor2	chr9	85135169	85135339	LTR/ERVL-MaLR	1568	-	85	85135254	1328
chr9	85133926	85333926	harbor2	chr9	85135710	85135931	LTR/ERVL-MaLR	1568	-	110	85135820	1894
chr9	85133926	85333926	harbor2	chr9	85154090	85154518	LTR/ERVL-MaLR	1218	-	214	85154304	20378
chr9	85133926	85333926	harbor2	chr9	85185222	85185711	LTR/ERVL-MaLR	1906	-	244	85185466	51540
chr9	85133926	85333926	harbor2	chr9	85198032	85198090	LTR/ERVL-MaLR	2160	-	29	85198061	64135
chr9	85133926	85333926	harbor2	chr9	85198420	85198745	LTR/ERVL-MaLR	2160	-	162	85198582	64656
chr9	85133926	85333926	harbor2	chr9	85201794	85202136	LTR/ERVL-MaLR	2277	-	171	85201965	68039
chr9	85133926	85333926	harbor2	chr9	85222524	85222969	LTR/ERVL-MaLR	835	-	222	85222746	88820
chr9	85133926	85333926	harbor2	chr9	85229963	85230076	LTR/ERVL-MaLR	416	-	56	85230019	96093
chr9	85133926	85333926	harbor2	chr9	85229409	85229658	LTR/ERVL-MaLR	464	-	124	85229533	95607
chr9	112043701	112243701	harbor2	chr9	112046905	112047021	LTR/ERVL-MaLR	2436	-	58	112046963	3262
chr9	112043701	112243701	harbor2	chr9	112047022	112047403	LTR/ERVL-MaLR	2126	-	190	112047212	3511
chr9	112043701	112243701	harbor2	chr9	112047404	112047518	LTR/ERVL-MaLR	2436	-	57	112047461	3760
chr9	112043701	112243701	harbor2	chr9	112047970	112048346	LTR/ERVL-MaLR	2436	-	188	112048158	4457
chr9	112043701	112243701	harbor2	chr9	112123098	112123510	LTR/ERVL-MaLR	2470	-	206	112123304	79603
chr9	134670948	134870948	harbor2	chr9	134675533	134676028	LTR/ERVL-MaLR	1189	-	248	134675781	4833
chr9	134670948	134870948	harbor2	chr9	134689486	134689749	LTR/ERVL-MaLR	547	-	132	134689618	18670
chr9	134670948	134870948	harbor2	chr9	134708807	134709161	LTR/ERVL-MaLR	492	-	177	134708984	38036
chr9	134670948	134870948	harbor2	chr9	134736204	134736590	LTR/ERVL-MaLR	1679	-	193	134736397	65449
chr9	134670948	134870948	harbor2	chr9	134736593	134737536	LTR/ERVL-MaLR	1361	-	472	134737065	66117
chr9	134670948	134870948	harbor2	chr9	134745719	134746121	LTR/ERVL-MaLR	682	-	201	134745920	74972
chr9	110306872	110506872	harbor2	chr9	110323612	110324100	LTR/ERVL-MaLR	853	-	244	110323856	16984
chr9	90768921	90968921	harbor2	chr9	90785012	90785424	LTR/ERVL-MaLR	926	-	206	90785218	16297
chr9	90768921	90968921	harbor2	chr9	90810118	90810522	LTR/ERVL-MaLR	1319	-	202	90810320	41399
chr9	90768921	90968921	harbor2	chr9	90819371	90819727	LTR/ERVL-MaLR	2896	-	178	90819549	50628
chr9	90768921	90968921	harbor2	chr9	90819729	90821307	LTR/ERVL-MaLR	12488	-	789	90820518	51597
chr9	90768921	90968921	harbor2	chr9	90821308	90821646	LTR/ERVL-MaLR	2687	-	169	90821477	52556
chr9	90768921	90968921	harbor2	chr9	90832753	90833245	LTR/ERVL-MaLR	2055	-	246	90832999	64078
chr9	134789919	134989919	harbor2	chr9	134797199	134797478	LTR/ERVL-MaLR	971	-	140	134797339	7420
chr9	134789919	134989919	harbor2	chr9	134797774	134797955	LTR/ERVL-MaLR	971	-	90	134797864	7945
chr9	134789919	134989919	harbor2	chr9	134836113	134836485	LTR/ERVL-MaLR	1587	-	186	134836299	46380
chr9	134789919	134989919	harbor2	chr9	134840469	134840902	LTR/ERVL-MaLR	1044	-	216	134840685	50766
chr9	134789919	134989919	harbor2	chr9	134853940	134854440	LTR/ERVL-MaLR	1372	-	250	134854190	64271
chr9	134789919	134989919	harbor2	chr9	134872477	134872826	LTR/ERVL-MaLR	2547	-	174	134872651	82732
chr9	134789919	134989919	harbor2	chr9	134873213	134873602	LTR/ERVL-MaLR	1670	-	194	134873407	83488
chr9	120061184	120261184	harbor2	chr9	120064511	120064863	LTR/ERVL-MaLR	2289	-	176	120064687	3503
chr9	120061184	120261184	harbor2	chr9	120111352	120111879	LTR/ERVL-MaLR	1988	-	264	120111616	50432
chr9	120061184	120261184	harbor2	chr9	120129122	120129520	LTR/ERVL-MaLR	2044	-	199	120129321	68137
chr9	120061184	120261184	harbor2	chr9	120130223	120130673	LTR/ERVL-MaLR	1096	-	225	120130448	69264
chr9	120061184	120261184	harbor2	chr9	120131214	120131585	LTR/ERVL-MaLR	1219	-	186	120131400	70216
chr9	120061184	120261184	harbor2	chr9	120131800	120132163	LTR/ERVL-MaLR	2690	-	182	120131982	70798
chr9	120061184	120261184	harbor2	chr9	120132938	120133300	LTR/ERVL-MaLR	2245	-	181	120133119	71935
chr9	120061184	120261184	harbor2	chr9	120133301	120134866	LTR/ERVL-MaLR	11040	-	782	120134083	72899
chr9	120061184	120261184	harbor2	chr9	120134867	120135226	LTR/ERVL-MaLR	2291	-	180	120135047	73863
chr9	120061184	120261184	harbor2	chr9	120136727	120136847	LTR/ERVL-MaLR	607	-	60	120136787	75603
chr9	120061184	120261184	harbor2	chr9	120139729	120140091	LTR/ERVL-MaLR	2005	-	181	120139910	78726
chr9	120061184	120261184	harbor2	chr9	120154428	120154962	LTR/ERVL-MaLR	2765	-	267	120154695	93511
chr9	120061184	120261184	harbor2	chr9	120160462	120160811	LTR/ERVL-MaLR	916	-	174	120160636	99452
chr9	120061184	120261184	harbor2	chr9	120061850	120062069	LTR/ERVL-MaLR	709	-	110	120061960	776
chr9	108080712	108280712	harbor2	chr9	108082410	108082766	LTR/ERVL-MaLR	891	-	178	108082588	1876
chr9	108080712	108280712	harbor2	chr9	108092592	108093089	LTR/ERVL-MaLR	2095	-	248	108092840	12128
chr9	108080712	108280712	harbor2	chr9	108136678	108137029	LTR/ERVL-MaLR	1005	-	176	108136854	56142
chr9	108080712	108280712	harbor2	chr9	108177158	108177552	LTR/ERVL-MaLR	2117	-	197	108177355	96643
chr10	120908444	121108444	harbor2	chr10	120910670	120910950	LTR/ERVL-MaLR	956	-	140	120910810	2366
chr10	120908444	121108444	harbor2	chr10	120953852	120954330	LTR/ERVL-MaLR	758	-	239	120954091	45647
chr10	120908444	121108444	harbor2	chr10	120956928	120957282	LTR/ERVL-MaLR	1725	-	177	120957105	48661
chr10	120908444	121108444	harbor2	chr10	120957283	120957697	LTR/ERVL-MaLR	1009	-	207	120957490	49046
chr10	120908444	121108444	harbor2	chr10	120967021	120967446	LTR/ERVL-MaLR	1840	-	212	120967233	58789
chr10	120908444	121108444	harbor2	chr10	120973857	120974327	LTR/ERVL-MaLR	2059	-	235	120974092	65648
chr10	120908444	121108444	harbor2	chr10	120984592	120984931	LTR/ERVL-MaLR	2342	-	170	120984762	76318
chr10	120908444	121108444	harbor2	chr10	120984933	120985325	LTR/ERVL-MaLR	2008	-	196	120985129	76685
chr10	120908444	121108444	harbor2	chr10	120987604	120987661	LTR/ERVL-MaLR	1812	-	28	120987632	79188
chr10	120908444	121108444	harbor2	chr10	120988018	120988472	LTR/ERVL-MaLR	1812	-	227	120988245	79801
chr10	131819487	132019487	harbor2	chr10	131855447	131855941	LTR/ERVL-MaLR	1040	-	247	131855694	36207
chr10	131819487	132019487	harbor2	chr10	131857344	131857622	LTR/ERVL-MaLR	713	-	139	131857483	37996
chr10	131819487	132019487	harbor2	chr10	131878554	131879013	LTR/ERVL-MaLR	1570	-	230	131878784	59297
chr10	131819487	132019487	harbor2	chr10	131893028	131893640	LTR/ERVL-MaLR	2079	-	306	131893334	73847
chr10	131819487	132019487	harbor2	chr10	131891119	131891541	LTR/ERVL-MaLR	850	-	211	131891330	71843
chr10	127750951	127950951	harbor2	chr10	127824584	127824919	LTR/ERVL-MaLR	1886	-	168	127824752	73801
chr10	127750951	127950951	harbor2	chr10	127830118	127830259	LTR/ERVL-MaLR	644	-	70	127830188	79237
chr10	93820572	94020572	harbor2	chr10	93825198	93825320	LTR/ERVL-MaLR	416	-	61	93825259	4687
chr10	93820572	94020572	harbor2	chr10	93829579	93829927	LTR/ERVL-MaLR	2546	-	174	93829753	9181
chr10	93820572	94020572	harbor2	chr10	93832508	93832921	LTR/ERVL-MaLR	2861	-	206	93832714	12142
chr10	93820572	94020572	harbor2	chr10	93832922	93834513	LTR/ERVL-MaLR	9933	-	796	93833718	13146
chr10	93820572	94020572	harbor2	chr10	93834514	93834648	LTR/ERVL-MaLR	2220	-	67	93834581	14009
chr10	93820572	94020572	harbor2	chr10	93834935	93835220	LTR/ERVL-MaLR	2220	-	142	93835077	14505
chr10	120812399	121012399	harbor2	chr10	120812245	120812634	LTR/ERVL-MaLR	1177	-	194	120812439	40
chr10	120812399	121012399	harbor2	chr10	120829543	120829960	LTR/ERVL-MaLR	657	-	208	120829751	17352
chr10	120812399	121012399	harbor2	chr10	120837522	120837949	LTR/ERVL-MaLR	2086	-	214	120837736	25337
chr10	120812399	121012399	harbor2	chr10	120844418	120844614	LTR/ERVL-MaLR	561	-	98	120844516	32117
chr10	120812399	121012399	harbor2	chr10	120887549	120887831	LTR/ERVL-MaLR	1307	-	141	120887690	75291
chr10	120812399	121012399	harbor2	chr10	120910670	120910950	LTR/ERVL-MaLR	956	-	140	120910810	98411
chr10	126173816	126373816	harbor2	chr10	126191781	126192159	LTR/ERVL-MaLR	2177	-	189	126191970	18154
chr10	126173816	126373816	harbor2	chr10	126266585	126266998	LTR/ERVL-MaLR	2602	-	206	126266791	92975
chr10	74107930	74307930	harbor2	chr10	74167338	74167772	LTR/ERVL-MaLR	1110	-	217	74167555	59625
chr10	106861069	107061069	harbor2	chr10	106906046	106906114	LTR/ERVL-MaLR	2769	-	34	106906080	45011
chr10	106861069	107061069	harbor2	chr10	106906414	106906721	LTR/ERVL-MaLR	2769	-	154	106906568	45499
chr10	125848272	126048272	harbor2	chr10	125908917	125909328	LTR/ERVL-MaLR	1485	-	206	125909123	60851
chr10	118957634	119157634	harbor2	chr10	118962252	118962359	LTR/ERVL-MaLR	1669	-	54	118962306	4672
chr10	118957634	119157634	harbor2	chr10	118962907	118963217	LTR/ERVL-MaLR	1669	-	155	118963062	5428
chr10	118957634	119157634	harbor2	chr10	118974897	118975468	LTR/ERVL-MaLR	2140	-	286	118975183	17549
chr10	118957634	119157634	harbor2	chr10	118999036	118999638	LTR/ERVL-MaLR	922	-	301	118999337	41703
chr10	118957634	119157634	harbor2	chr10	119001760	119002151	LTR/ERVL-MaLR	658	-	196	119001956	44322
chr10	115614119	115814119	harbor2	chr10	115620006	115620410	LTR/ERVL-MaLR	1626	-	202	115620208	6089
chr10	115614119	115814119	harbor2	chr10	115631973	115632145	LTR/ERVL-MaLR	417	-	86	115632059	17940
chr10	115614119	115814119	harbor2	chr10	115658772	115659143	LTR/ERVL-MaLR	2186	-	186	115658958	44839
chr10	115614119	115814119	harbor2	chr10	115667273	115667652	LTR/ERVL-MaLR	593	-	190	115667463	53344
chr10	115614119	115814119	harbor2	chr10	115667963	115668049	LTR/ERVL-MaLR	549	-	43	115668006	53887
chr10	115614119	115814119	harbor2	chr10	115678772	115679592	LTR/ERVL-MaLR	1670	-	410	115679182	65063
chr10	115614119	115814119	harbor2	chr10	115679665	115680152	LTR/ERVL-MaLR	1617	-	244	115679909	65790
chr10	115614119	115814119	harbor2	chr10	115680153	115680471	LTR/ERVL-MaLR	878	-	159	115680312	66193
chr10	115614119	115814119	harbor2	chr10	115696702	115696865	LTR/ERVL-MaLR	2011	-	82	115696784	82665
chr10	115614119	115814119	harbor2	chr10	115696900	115697091	LTR/ERVL-MaLR	2011	-	96	115696996	82877
chr10	115614119	115814119	harbor2	chr10	115704110	115704499	LTR/ERVL-MaLR	1822	-	194	115704304	90185
chr10	115614119	115814119	harbor2	chr10	115706017	115706506	LTR/ERVL-MaLR	1696	-	244	115706261	92142
chr10	117681690	117881690	harbor2	chr10	117686427	117686517	LTR/ERVL-MaLR	449	-	45	117686472	4782
chr10	117681690	117881690	harbor2	chr10	117698641	117699101	LTR/ERVL-MaLR	527	-	230	117698871	17181
chr10	117681690	117881690	harbor2	chr10	117724459	117724812	LTR/ERVL-MaLR	2224	-	176	117724635	42945
chr10	117681690	117881690	harbor2	chr10	117728150	117728707	LTR/ERVL-MaLR	1716	-	278	117728428	46738
chr10	117681690	117881690	harbor2	chr10	117742302	117742648	LTR/ERVL-MaLR	2511	-	173	117742475	60785
chr10	117681690	117881690	harbor2	chr10	117746350	117746852	LTR/ERVL-MaLR	1191	-	251	117746601	64911
chr10	117681690	117881690	harbor2	chr10	117759085	117759459	LTR/ERVL-MaLR	2515	-	187	117759272	77582
chr10	75529164	75729164	harbor2	chr10	75574846	75575253	LTR/ERVL-MaLR	2408	-	204	75575050	45886
chr10	75529164	75729164	harbor2	chr10	75575254	75575579	LTR/ERVL-MaLR	2359	-	162	75575416	46252
chr10	75529164	75729164	harbor2	chr10	75581940	75583233	LTR/ERVL-MaLR	7804	-	646	75582586	53422
chr10	75529164	75729164	harbor2	chr10	75583234	75583640	LTR/ERVL-MaLR	2368	-	203	75583437	54273
chr10	75529164	75729164	harbor2	chr10	75615983	75616234	LTR/ERVL-MaLR	1950	-	126	75616109	86945
chr10	75529164	75729164	harbor2	chr10	75616285	75616411	LTR/ERVL-MaLR	1950	-	63	75616348	87184
chr10	132261625	132461625	harbor2	chr10	132289519	132289881	LTR/ERVL-MaLR	1814	-	181	132289700	28075
chr10	132261625	132461625	harbor2	chr10	132311686	132311926	LTR/ERVL-MaLR	663	-	120	132311806	50181
chr10	132261625	132461625	harbor2	chr10	132312400	132312657	LTR/ERVL-MaLR	1397	-	128	132312528	50903
chr10	132261625	132461625	harbor2	chr10	132323724	132324130	LTR/ERVL-MaLR	873	-	203	132323927	62302
chr10	129943807	130143807	harbor2	chr10	130001841	130002320	LTR/ERVL-MaLR	1807	-	240	130002081	58274
chr10	129943807	130143807	harbor2	chr10	130007069	130007278	LTR/ERVL-MaLR	1857	-	104	130007173	63366
chr10	129943807	130143807	harbor2	chr10	130007668	130007905	LTR/ERVL-MaLR	1857	-	118	130007786	63979
chr10	129943807	130143807	harbor2	chr10	130028964	130029366	LTR/ERVL-MaLR	1595	-	201	130029165	85358
chr10	129943807	130143807	harbor2	chr10	130029571	130030088	LTR/ERVL-MaLR	1906	-	258	130029829	86022
chr10	129943807	130143807	harbor2	chr10	130031488	130031858	LTR/ERVL-MaLR	2157	-	185	130031673	87866
chr10	129943807	130143807	harbor2	chr10	130035120	130035468	LTR/ERVL-MaLR	1842	-	174	130035294	91487
chr10	129943807	130143807	harbor2	chr10	130035789	130036166	LTR/ERVL-MaLR	1627	-	188	130035977	92170
chr10	120238616	120438616	harbor2	chr10	120269994	120270356	LTR/ERVL-MaLR	1517	-	181	120270175	31559
chr10	120238616	120438616	harbor2	chr10	120281788	120282117	LTR/ERVL-MaLR	1159	-	164	120281952	43336
chr10	120238616	120438616	harbor2	chr10	120285485	120286000	LTR/ERVL-MaLR	1592	-	258	120285743	47127
chr10	120238616	120438616	harbor2	chr10	120291709	120292119	LTR/ERVL-MaLR	2848	-	205	120291914	53298
chr10	120238616	120438616	harbor2	chr10	120296811	120297234	LTR/ERVL-MaLR	2873	-	212	120297023	58407
chr10	120238616	120438616	harbor2	chr10	120314818	120315249	LTR/ERVL-MaLR	1540	-	216	120315034	76418
chr10	120238616	120438616	harbor2	chr10	120325168	120325624	LTR/ERVL-MaLR	1358	-	228	120325396	86780
chr10	127606390	127806390	harbor2	chr10	127633426	127633798	LTR/ERVL-MaLR	2069	-	186	127633612	27222
chr10	127606390	127806390	harbor2	chr10	127633799	127635378	LTR/ERVL-MaLR	10341	-	790	127634589	28199
chr10	127606390	127806390	harbor2	chr10	127635379	127635763	LTR/ERVL-MaLR	2037	-	192	127635571	29181
chr10	127606390	127806390	harbor2	chr10	127642595	127643015	LTR/ERVL-MaLR	1913	-	210	127642805	36415
chr10	127606390	127806390	harbor2	chr10	127652321	127652686	LTR/ERVL-MaLR	2110	-	182	127652503	46113
chr10	127606390	127806390	harbor2	chr10	127677335	127677501	LTR/ERVL-MaLR	876	-	83	127677418	71028
chr10	127606390	127806390	harbor2	chr10	127678933	127679281	LTR/ERVL-MaLR	2065	-	174	127679107	72717
chr10	127606390	127806390	harbor2	chr10	127684805	127685185	LTR/ERVL-MaLR	1526	-	190	127684995	78605
chr10	90021500	90221500	harbor2	chr10	90039779	90040214	LTR/ERVL-MaLR	417	-	218	90039997	18497
chr10	90021500	90221500	harbor2	chr10	90053779	90054227	LTR/ERVL-MaLR	1317	-	224	90054003	32503
chr10	90021500	90221500	harbor2	chr10	90100220	90100571	LTR/ERVL-MaLR	1955	-	176	90100396	78896
chr10	123737951	123937951	harbor2	chr10	123758180	123758643	LTR/ERVL-MaLR	944	-	232	123758412	20461
chr10	123737951	123937951	harbor2	chr10	123791070	123791136	LTR/ERVL-MaLR	1468	-	33	123791103	53152
chr10	123737951	123937951	harbor2	chr10	123791395	123791732	LTR/ERVL-MaLR	1468	-	168	123791563	53612
chr10	123737951	123937951	harbor2	chr10	123806573	123806934	LTR/ERVL-MaLR	2009	-	180	123806753	68802
chr10	123737951	123937951	harbor2	chr10	123820517	123821005	LTR/ERVL-MaLR	2000	-	244	123820761	82810
chr10	123737951	123937951	harbor2	chr10	123831500	123831936	LTR/ERVL-MaLR	979	-	218	123831718	93767
chr10	124948233	125148233	harbor2	chr10	124968840	124969260	LTR/ERVL-MaLR	1378	-	210	124969050	20817
chr10	129752154	129952154	harbor2	chr10	129754565	129754892	LTR/ERVL-MaLR	1178	-	164	129754729	2575
chr10	129752154	129952154	harbor2	chr10	129805258	129805707	LTR/ERVL-MaLR	553	-	224	129805482	53328
chr10	129752154	129952154	harbor2	chr10	129805768	129807108	LTR/ERVL-MaLR	3892	-	670	129806438	54284
chr10	71091616	71291616	harbor2	chr10	71104159	71104612	LTR/ERVL-MaLR	1670	-	226	71104385	12769
chr10	71091616	71291616	harbor2	chr10	71105047	71105214	LTR/ERVL-MaLR	1187	-	84	71105131	13515
chr10	71091616	71291616	harbor2	chr10	71135386	71135729	LTR/ERVL-MaLR	1218	-	172	71135558	43942
chr10	71091616	71291616	harbor2	chr10	71144104	71144204	LTR/ERVL-MaLR	520	-	50	71144154	52538
chr10	82822001	83022001	harbor2	chr10	82838791	82839136	LTR/ERVL-MaLR	1983	-	172	82838963	16962
chr10	82822001	83022001	harbor2	chr10	82842414	82842571	LTR/ERVL-MaLR	462	-	78	82842492	20491
chr10	82822001	83022001	harbor2	chr10	82846892	82847326	LTR/ERVL-MaLR	454	-	217	82847109	25108
chr10	82822001	83022001	harbor2	chr10	82867061	82867438	LTR/ERVL-MaLR	516	-	188	82867249	45248
chr10	82822001	83022001	harbor2	chr10	82882290	82882617	LTR/ERVL-MaLR	1217	-	164	82882454	60453
chr10	82822001	83022001	harbor2	chr10	82899903	82900299	LTR/ERVL-MaLR	2348	-	198	82900101	78100
chr10	123560554	123760554	harbor2	chr10	123575711	123576122	LTR/ERVL-MaLR	796	-	206	123575917	15363
chr10	123560554	123760554	harbor2	chr10	123579306	123579528	LTR/ERVL-MaLR	681	-	111	123579417	18863
chr10	123560554	123760554	harbor2	chr10	123592250	123592597	LTR/ERVL-MaLR	1629	-	174	123592424	31870
chr10	123560554	123760554	harbor2	chr10	123592721	123592847	LTR/ERVL-MaLR	522	-	63	123592784	32230
chr10	123560554	123760554	harbor2	chr10	123598377	123598606	LTR/ERVL-MaLR	1125	-	114	123598491	37937
chr10	123560554	123760554	harbor2	chr10	123616742	123617204	LTR/ERVL-MaLR	826	-	231	123616973	56419
chr10	126338370	126538370	harbor2	chr10	126357508	126357889	LTR/ERVL-MaLR	2883	-	190	126357698	19328
chr10	126338370	126538370	harbor2	chr10	126358887	126359238	LTR/ERVL-MaLR	2319	-	176	126359063	20693
chr10	126338370	126538370	harbor2	chr10	126359239	126360819	LTR/ERVL-MaLR	13348	-	790	126360029	21659
chr10	126338370	126538370	harbor2	chr10	126360820	126361175	LTR/ERVL-MaLR	2466	-	178	126360998	22628
chr10	126338370	126538370	harbor2	chr10	126365445	126365818	LTR/ERVL-MaLR	2682	-	186	126365631	27261
chr10	126338370	126538370	harbor2	chr10	126406881	126407404	LTR/ERVL-MaLR	647	-	262	126407143	68773
chr10	126338370	126538370	harbor2	chr10	126413823	126414182	LTR/ERVL-MaLR	1628	-	180	126414003	75633
chr10	126338370	126538370	harbor2	chr10	126419004	126419200	LTR/ERVL-MaLR	1339	-	98	126419102	80732
chr10	126338370	126538370	harbor2	chr10	126419271	126419440	LTR/ERVL-MaLR	1339	-	84	126419355	80985
chr10	106835864	107035864	harbor2	chr10	106906046	106906114	LTR/ERVL-MaLR	2769	-	34	106906080	70216
chr10	106835864	107035864	harbor2	chr10	106906414	106906721	LTR/ERVL-MaLR	2769	-	154	106906568	70704
chr10	106323121	106523121	harbor2	chr10	106326047	106326408	LTR/ERVL-MaLR	2033	-	180	106326227	3106
chr10	106323121	106523121	harbor2	chr10	106326418	106327966	LTR/ERVL-MaLR	10740	-	774	106327192	4071
chr10	106323121	106523121	harbor2	chr10	106327968	106328322	LTR/ERVL-MaLR	1921	-	177	106328145	5024
chr10	106323121	106523121	harbor2	chr10	106348649	106349052	LTR/ERVL-MaLR	637	-	202	106348851	25730
chr10	106323121	106523121	harbor2	chr10	106349173	106349349	LTR/ERVL-MaLR	637	-	88	106349261	26140
chr10	106323121	106523121	harbor2	chr10	106360958	106361463	LTR/ERVL-MaLR	664	-	252	106361210	38089
chr10	106323121	106523121	harbor2	chr10	106366967	106367483	LTR/ERVL-MaLR	1537	-	258	106367225	44104
chr10	106323121	106523121	harbor2	chr10	106393730	106394145	LTR/ERVL-MaLR	1384	-	208	106393938	70817
chr10	106323121	106523121	harbor2	chr10	106399215	106399492	LTR/ERVL-MaLR	641	-	138	106399353	76232
chr10	106323121	106523121	harbor2	chr10	106412369	106412697	LTR/ERVL-MaLR	450	-	164	106412533	89412
chr10	106323121	106523121	harbor2	chr10	106416917	106417283	LTR/ERVL-MaLR	1851	-	183	106417100	93979
chr10	106323121	106523121	harbor2	chr10	106381290	106381875	LTR/ERVL-MaLR	1446	-	292	106381582	58461
chr10	100098948	100298948	harbor2	chr10	100099222	100099324	LTR/ERVL-MaLR	453	-	51	100099273	325
chr10	100098948	100298948	harbor2	chr10	100109631	100110004	LTR/ERVL-MaLR	2505	-	186	100109817	10869
chr10	100098948	100298948	harbor2	chr10	100125346	100125713	LTR/ERVL-MaLR	2061	-	184	100125530	26582
chr10	132967393	133167393	harbor2	chr10	132976600	132976951	LTR/ERVL-MaLR	570	-	176	132976776	9383
chr10	132967393	133167393	harbor2	chr10	132978581	132978925	LTR/ERVL-MaLR	1347	-	172	132978753	11360
chr10	132967393	133167393	harbor2	chr10	133051759	133052120	LTR/ERVL-MaLR	2129	-	180	133051939	84546
chr10	67762583	67962583	harbor2	chr10	67782264	67782328	LTR/ERVL-MaLR	1744	-	32	67782296	19713
chr10	67762583	67962583	harbor2	chr10	67782634	67783009	LTR/ERVL-MaLR	1744	-	188	67782822	20239
chr10	67762583	67962583	harbor2	chr10	67786448	67786739	LTR/ERVL-MaLR	1975	-	146	67786594	24011
chr10	67762583	67962583	harbor2	chr10	67787224	67787325	LTR/ERVL-MaLR	1975	-	50	67787274	24691
chr10	67762583	67962583	harbor2	chr10	67795047	67795409	LTR/ERVL-MaLR	2143	-	181	67795228	32645
chr10	67762583	67962583	harbor2	chr10	67809974	67810332	LTR/ERVL-MaLR	1892	-	179	67810153	47570
chr10	67762583	67962583	harbor2	chr10	67845580	67845881	LTR/ERVL-MaLR	1503	-	150	67845730	83147
chr10	61248730	61448730	harbor2	chr10	61264500	61264853	LTR/ERVL-MaLR	2013	-	176	61264676	15946
chr10	61248730	61448730	harbor2	chr10	61285651	61286197	LTR/ERVL-MaLR	1915	-	273	61285924	37194
chr10	61248730	61448730	harbor2	chr10	61344431	61345001	LTR/ERVL-MaLR	1508	-	285	61344716	95986
chr10	61248730	61448730	harbor2	chr10	61346120	61346254	LTR/ERVL-MaLR	623	-	67	61346187	97457
chr10	125975318	126175318	harbor2	chr10	125984089	125984430	LTR/ERVL-MaLR	784	-	170	125984259	8941
chr10	125975318	126175318	harbor2	chr10	125985633	125986084	LTR/ERVL-MaLR	543	-	226	125985859	10541
chr10	125975318	126175318	harbor2	chr10	125990725	125991091	LTR/ERVL-MaLR	2829	-	183	125990908	15590
chr10	130788353	130988353	harbor2	chr10	130818169	130818551	LTR/ERVL-MaLR	2612	-	191	130818360	30007
chr10	130788353	130988353	harbor2	chr10	130839863	130840347	LTR/ERVL-MaLR	1789	-	242	130840105	51752
chr10	130788353	130988353	harbor2	chr10	130848391	130848461	LTR/ERVL-MaLR	1508	-	35	130848426	60073
chr10	130788353	130988353	harbor2	chr10	130848940	130849242	LTR/ERVL-MaLR	1508	-	151	130849091	60738
chr10	130788353	130988353	harbor2	chr10	130868161	130868546	LTR/ERVL-MaLR	2142	-	192	130868353	80000
chr10	130788353	130988353	harbor2	chr10	130876243	130876675	LTR/ERVL-MaLR	1641	-	216	130876459	88106
chr10	130788353	130988353	harbor2	chr10	130876709	130877070	LTR/ERVL-MaLR	2038	-	180	130876889	88536
chr10	130788353	130988353	harbor2	chr10	130878388	130878770	LTR/ERVL-MaLR	1214	-	191	130878579	90226
chr10	130788353	130988353	harbor2	chr10	130879272	130879407	LTR/ERVL-MaLR	581	-	68	130879340	90987
chr10	108454057	108654057	harbor2	chr10	108469919	108470292	LTR/ERVL-MaLR	2365	-	186	108470105	16048
chr10	108454057	108654057	harbor2	chr10	108470294	108471853	LTR/ERVL-MaLR	8160	-	780	108471074	17017
chr10	108454057	108654057	harbor2	chr10	108471854	108472202	LTR/ERVL-MaLR	2251	-	174	108472028	17971
chr10	108454057	108654057	harbor2	chr10	108481844	108482214	LTR/ERVL-MaLR	1406	-	185	108482029	27972
chr10	108454057	108654057	harbor2	chr10	108498948	108499386	LTR/ERVL-MaLR	2431	-	219	108499167	45110
chr10	108454057	108654057	harbor2	chr10	108518502	108518744	LTR/ERVL-MaLR	1274	-	121	108518623	64566
chr10	108454057	108654057	harbor2	chr10	108478192	108478577	LTR/ERVL-MaLR	1297	-	192	108478384	24327
chr10	132983423	133183423	harbor2	chr10	133051759	133052120	LTR/ERVL-MaLR	2129	-	180	133051939	68516
chr10	124882393	125082393	harbor2	chr10	124892422	124892522	LTR/ERVL-MaLR	517	-	50	124892472	10079
chr10	124882393	125082393	harbor2	chr10	124892831	124893169	LTR/ERVL-MaLR	1347	-	169	124893000	10607
chr10	124882393	125082393	harbor2	chr10	124900612	124900864	LTR/ERVL-MaLR	778	-	126	124900738	18345
chr10	124882393	125082393	harbor2	chr10	124901402	124901631	LTR/ERVL-MaLR	778	-	114	124901516	19123
chr10	124882393	125082393	harbor2	chr10	124922969	124923007	LTR/ERVL-MaLR	1212	-	19	124922988	40595
chr10	124882393	125082393	harbor2	chr10	124923568	124923907	LTR/ERVL-MaLR	1792	-	170	124923738	41345
chr10	124882393	125082393	harbor2	chr10	124968840	124969260	LTR/ERVL-MaLR	1378	-	210	124969050	86657
chr10	115998279	116198279	harbor2	chr10	116021190	116021550	LTR/ERVL-MaLR	2029	-	180	116021370	23091
chr10	115998279	116198279	harbor2	chr10	116030599	116031004	LTR/ERVL-MaLR	1457	-	202	116030801	32522
chr10	10322756	10522756	harbor2	chr10	10332377	10332748	LTR/ERVL-MaLR	1489	-	186	10332563	9807
chr10	10322756	10522756	harbor2	chr10	10333916	10333982	LTR/ERVL-MaLR	1904	-	33	10333949	11193
chr10	10322756	10522756	harbor2	chr10	10334300	10334601	LTR/ERVL-MaLR	1904	-	150	10334450	11694
chr10	10322756	10522756	harbor2	chr10	10340884	10341057	LTR/ERVL-MaLR	464	-	86	10340970	18214
chr10	10322756	10522756	harbor2	chr10	10380029	10380445	LTR/ERVL-MaLR	1913	-	208	10380237	57481
chr10	10322756	10522756	harbor2	chr10	10392795	10393155	LTR/ERVL-MaLR	2069	-	180	10392975	70219
chr10	125342299	125542299	harbor2	chr10	125352656	125353036	LTR/ERVL-MaLR	2035	-	190	125352846	10547
chr10	125342299	125542299	harbor2	chr10	125357398	125357753	LTR/ERVL-MaLR	1986	-	178	125357576	15277
chr10	125342299	125542299	harbor2	chr10	125357754	125359235	LTR/ERVL-MaLR	11170	-	740	125358494	16195
chr10	125342299	125542299	harbor2	chr10	125359237	125359589	LTR/ERVL-MaLR	2048	-	176	125359413	17114
chr10	125342299	125542299	harbor2	chr10	125374098	125374476	LTR/ERVL-MaLR	2319	-	189	125374287	31988
chr10	125342299	125542299	harbor2	chr10	125418542	125418905	LTR/ERVL-MaLR	1973	-	182	125418724	76425
chr10	125342299	125542299	harbor2	chr10	125421258	125421704	LTR/ERVL-MaLR	1741	-	223	125421481	79182
chr10	125342299	125542299	harbor2	chr10	125427006	125427358	LTR/ERVL-MaLR	1450	-	176	125427182	84883
chr10	84620101	84820101	harbor2	chr10	84674439	84674872	LTR/ERVL-MaLR	2377	-	216	84674655	54554
chr10	84620101	84820101	harbor2	chr10	84707018	84707172	LTR/ERVL-MaLR	654	-	77	84707095	86994
chr10	84620101	84820101	harbor2	chr10	84714590	84714794	LTR/ERVL-MaLR	886	-	102	84714692	94591
chr10	84620101	84820101	harbor2	chr10	84714838	84715044	LTR/ERVL-MaLR	559	-	103	84714941	94840
chr10	133601586	133801586	harbor2	chr10	133632155	133632537	LTR/ERVL-MaLR	1942	-	191	133632346	30760
chr10	65892389	66092389	harbor2	chr10	65922762	65923141	LTR/ERVL-MaLR	1868	-	190	65922952	30563
chr10	65892389	66092389	harbor2	chr10	65924704	65925073	LTR/ERVL-MaLR	2444	-	184	65924888	32499
chr10	65892389	66092389	harbor2	chr10	65973539	65973931	LTR/ERVL-MaLR	1821	-	196	65973735	81346
chr10	38911967	39111967	harbor2	chr10	38927385	38927722	LTR/ERVL-MaLR	2038	-	168	38927553	15586
chr10	38911967	39111967	harbor2	chr10	38930596	38930837	LTR/ERVL-MaLR	1135	-	120	38930716	18749
chr10	38911967	39111967	harbor2	chr10	38931128	38931398	LTR/ERVL-MaLR	1135	-	135	38931263	19296
chr10	38911967	39111967	harbor2	chr10	38933048	38933327	LTR/ERVL-MaLR	1293	-	140	38933188	21221
chr10	38911967	39111967	harbor2	chr10	38983079	38983473	LTR/ERVL-MaLR	1965	-	197	38983276	71309
chr10	102901191	103101191	harbor2	chr10	102928237	102928304	LTR/ERVL-MaLR	1244	-	34	102928271	27080
chr10	102901191	103101191	harbor2	chr10	102928604	102928871	LTR/ERVL-MaLR	1244	-	134	102928738	27547
chr10	123228199	123428199	harbor2	chr10	123229835	123230183	LTR/ERVL-MaLR	2278	-	174	123230009	1810
chr10	123228199	123428199	harbor2	chr10	123231122	123231527	LTR/ERVL-MaLR	572	-	202	123231324	3125
chr10	123228199	123428199	harbor2	chr10	123244263	123244789	LTR/ERVL-MaLR	2824	-	263	123244526	16327
chr10	123228199	123428199	harbor2	chr10	123249341	123249553	LTR/ERVL-MaLR	738	-	106	123249447	21248
chr10	123228199	123428199	harbor2	chr10	123249969	123250148	LTR/ERVL-MaLR	738	-	90	123250059	21860
chr10	123228199	123428199	harbor2	chr10	123278018	123278376	LTR/ERVL-MaLR	2132	-	179	123278197	49998
chr10	123228199	123428199	harbor2	chr10	123289042	123289296	LTR/ERVL-MaLR	1793	-	127	123289169	60970
chr10	123228199	123428199	harbor2	chr10	123289914	123290082	LTR/ERVL-MaLR	633	-	84	123289998	61799
chr10	123228199	123428199	harbor2	chr10	123295391	123295563	LTR/ERVL-MaLR	718	-	86	123295477	67278
chr10	123228199	123428199	harbor2	chr10	123295782	123295967	LTR/ERVL-MaLR	718	-	92	123295874	67675
chr10	123228199	123428199	harbor2	chr10	123297032	123297377	LTR/ERVL-MaLR	866	-	172	123297204	69005
chr10	123228199	123428199	harbor2	chr10	123289522	123289815	LTR/ERVL-MaLR	1793	-	146	123289668	61469
chr10	115793897	115993897	harbor2	chr10	115795486	115795894	LTR/ERVL-MaLR	2302	-	204	115795690	1793
chr10	115793897	115993897	harbor2	chr10	115836391	115836798	LTR/ERVL-MaLR	1409	-	204	115836595	42698
chr10	115793897	115993897	harbor2	chr10	115858879	115859243	LTR/ERVL-MaLR	1773	-	182	115859061	65164
chr10	115793897	115993897	harbor2	chr10	115887267	115887644	LTR/ERVL-MaLR	1770	-	188	115887455	93558
chr10	43774270	43974270	harbor2	chr10	43785345	43785696	LTR/ERVL-MaLR	797	-	176	43785521	11251
chr10	43774270	43974270	harbor2	chr10	43802992	43803304	LTR/ERVL-MaLR	1406	-	156	43803148	28878
chr10	43774270	43974270	harbor2	chr10	43837556	43837915	LTR/ERVL-MaLR	1438	-	180	43837736	63466
chr10	43774270	43974270	harbor2	chr10	43837925	43839649	LTR/ERVL-MaLR	7877	-	862	43838787	64517
chr10	43774270	43974270	harbor2	chr10	43839652	43839881	LTR/ERVL-MaLR	942	-	114	43839766	65496
chr10	43774270	43974270	harbor2	chr10	43840416	43840597	LTR/ERVL-MaLR	769	-	90	43840506	66236
chr10	43774270	43974270	harbor2	chr10	43847778	43848229	LTR/ERVL-MaLR	1093	-	226	43848004	73734
chr10	125084869	125284869	harbor2	chr10	125131621	125131900	LTR/ERVL-MaLR	452	-	140	125131761	46892
chr10	125084869	125284869	harbor2	chr10	125170668	125170737	LTR/ERVL-MaLR	1201	-	34	125170702	85833
chr10	125084869	125284869	harbor2	chr10	125171038	125171383	LTR/ERVL-MaLR	1201	-	172	125171210	86341
chr10	113681281	113881281	harbor2	chr10	113686076	113686418	LTR/ERVL-MaLR	1689	-	171	113686247	4966
chr10	113681281	113881281	harbor2	chr10	113715866	113716102	LTR/ERVL-MaLR	482	-	118	113715984	34703
chr10	113681281	113881281	harbor2	chr10	113726502	113726965	LTR/ERVL-MaLR	2197	-	232	113726734	45453
chr10	113681281	113881281	harbor2	chr10	113728143	113728524	LTR/ERVL-MaLR	1661	-	190	113728333	47052
chr10	113681281	113881281	harbor2	chr10	113741351	113741468	LTR/ERVL-MaLR	1526	-	58	113741409	60128
chr10	113681281	113881281	harbor2	chr10	113742067	113742373	LTR/ERVL-MaLR	1526	-	153	113742220	60939
chr10	113681281	113881281	harbor2	chr10	113750191	113750586	LTR/ERVL-MaLR	2037	-	198	113750389	69108
chr10	113681281	113881281	harbor2	chr10	113767648	113768095	LTR/ERVL-MaLR	2130	-	224	113767872	86591
chr10	125355264	125555264	harbor2	chr10	125357398	125357753	LTR/ERVL-MaLR	1986	-	178	125357576	2312
chr10	125355264	125555264	harbor2	chr10	125357754	125359235	LTR/ERVL-MaLR	11170	-	740	125358494	3230
chr10	125355264	125555264	harbor2	chr10	125359237	125359589	LTR/ERVL-MaLR	2048	-	176	125359413	4149
chr10	125355264	125555264	harbor2	chr10	125374098	125374476	LTR/ERVL-MaLR	2319	-	189	125374287	19023
chr10	125355264	125555264	harbor2	chr10	125418542	125418905	LTR/ERVL-MaLR	1973	-	182	125418724	63460
chr10	125355264	125555264	harbor2	chr10	125421258	125421704	LTR/ERVL-MaLR	1741	-	223	125421481	66217
chr10	125355264	125555264	harbor2	chr10	125427006	125427358	LTR/ERVL-MaLR	1450	-	176	125427182	71918
chr10	121683166	121883166	harbor2	chr10	121708149	121708552	LTR/ERVL-MaLR	2142	-	202	121708351	25185
chr10	121683166	121883166	harbor2	chr10	121720198	121720561	LTR/ERVL-MaLR	2772	-	182	121720380	37214
chr10	121683166	121883166	harbor2	chr10	121724875	121725189	LTR/ERVL-MaLR	1107	-	157	121725032	41866
chr10	121683166	121883166	harbor2	chr10	121731672	121732048	LTR/ERVL-MaLR	1976	-	188	121731860	48694
chr10	121683166	121883166	harbor2	chr10	121755526	121755881	LTR/ERVL-MaLR	2228	-	178	121755704	72538
chr10	121683166	121883166	harbor2	chr10	121755882	121757457	LTR/ERVL-MaLR	11600	-	788	121756670	73504
chr10	121683166	121883166	harbor2	chr10	121757458	121757820	LTR/ERVL-MaLR	2282	-	181	121757639	74473
chr10	111547818	111747818	harbor2	chr10	111569894	111570271	LTR/ERVL-MaLR	2175	-	188	111570082	22264
chr10	111547818	111747818	harbor2	chr10	111576977	111577350	LTR/ERVL-MaLR	2270	-	186	111577163	29345
chr10	111547818	111747818	harbor2	chr10	111582794	111583152	LTR/ERVL-MaLR	2216	-	179	111582973	35155
chr10	117001516	117201516	harbor2	chr10	117054927	117055289	LTR/ERVL-MaLR	2167	-	181	117055108	53592
chr10	126236799	126436799	harbor2	chr10	126266585	126266998	LTR/ERVL-MaLR	2602	-	206	126266791	29992
chr10	126236799	126436799	harbor2	chr10	126282002	126282358	LTR/ERVL-MaLR	1964	-	178	126282180	45381
chr10	126236799	126436799	harbor2	chr10	126313026	126313425	LTR/ERVL-MaLR	1139	-	200	126313226	76427
chr10	126236799	126436799	harbor2	chr10	126318743	126319105	LTR/ERVL-MaLR	2636	-	181	126318924	82125
chr10	42677636	42877636	harbor2	chr10	42680960	42681320	LTR/ERVL-MaLR	1544	-	180	42681140	3504
chr10	42677636	42877636	harbor2	chr10	42763936	42764057	LTR/ERVL-MaLR	844	-	60	42763996	86360
chr10	42677636	42877636	harbor2	chr10	42764058	42764436	LTR/ERVL-MaLR	2271	-	189	42764247	86611
chr10	112776422	112976422	harbor2	chr10	112807273	112807557	LTR/ERVL-MaLR	813	-	142	112807415	30993
chr10	112776422	112976422	harbor2	chr10	112808660	112809096	LTR/ERVL-MaLR	1186	-	218	112808878	32456
chr10	112776422	112976422	harbor2	chr10	112809992	112810120	LTR/ERVL-MaLR	618	-	64	112810056	33634
chr10	112776422	112976422	harbor2	chr10	112810421	112810728	LTR/ERVL-MaLR	618	-	154	112810575	34153
chr10	112776422	112976422	harbor2	chr10	112811306	112811412	LTR/ERVL-MaLR	417	-	53	112811359	34937
chr10	112776422	112976422	harbor2	chr10	112811713	112811773	LTR/ERVL-MaLR	417	-	30	112811743	35321
chr10	112776422	112976422	harbor2	chr10	112863507	112863859	LTR/ERVL-MaLR	2385	-	176	112863683	87261
chr10	112776422	112976422	harbor2	chr10	112874063	112874590	LTR/ERVL-MaLR	838	-	264	112874327	97905
chr10	133561149	133761149	harbor2	chr10	133562871	133562967	LTR/ERVL-MaLR	733	-	48	133562919	1770
chr10	133561149	133761149	harbor2	chr10	133632155	133632537	LTR/ERVL-MaLR	1942	-	191	133632346	71197
chr10	125566545	125766545	harbor2	chr10	125573892	125574385	LTR/ERVL-MaLR	1802	-	246	125574138	7593
chr10	125566545	125766545	harbor2	chr10	125579157	125579529	LTR/ERVL-MaLR	2229	-	186	125579343	12798
chr10	125566545	125766545	harbor2	chr10	125588354	125588592	LTR/ERVL-MaLR	2155	-	119	125588473	21928
chr10	125566545	125766545	harbor2	chr10	125588912	125589089	LTR/ERVL-MaLR	2155	-	88	125589000	22455
chr10	125566545	125766545	harbor2	chr10	125608401	125608623	LTR/ERVL-MaLR	679	-	111	125608512	41967
chr10	125566545	125766545	harbor2	chr10	125630198	125630671	LTR/ERVL-MaLR	691	-	236	125630434	63889
chr10	125566545	125766545	harbor2	chr10	125583227	125583636	LTR/ERVL-MaLR	1913	-	204	125583431	16886
chr10	90827380	91027380	harbor2	chr10	90834418	90834924	LTR/ERVL-MaLR	594	-	253	90834671	7291
chr10	90827380	91027380	harbor2	chr10	90841309	90841549	LTR/ERVL-MaLR	1291	-	120	90841429	14049
chr10	90827380	91027380	harbor2	chr10	90846398	90846885	LTR/ERVL-MaLR	1272	-	244	90846642	19262
chr10	90827380	91027380	harbor2	chr10	90860386	90860446	LTR/ERVL-MaLR	616	-	30	90860416	33036
chr10	90827380	91027380	harbor2	chr10	90860759	90860827	LTR/ERVL-MaLR	616	-	34	90860793	33413
chr10	90827380	91027380	harbor2	chr10	90891085	90891524	LTR/ERVL-MaLR	1730	-	220	90891305	63925
chr10	93011111	93211111	harbor2	chr10	93083843	93084275	LTR/ERVL-MaLR	2080	-	216	93084059	72948
chr10	93011111	93211111	harbor2	chr10	93090306	93090668	LTR/ERVL-MaLR	1564	-	181	93090487	79376
chr10	93011111	93211111	harbor2	chr10	93093317	93093523	LTR/ERVL-MaLR	1569	-	103	93093420	82309
chr10	99598013	99798013	harbor2	chr10	99640153	99640419	LTR/ERVL-MaLR	995	-	133	99640286	42273
chr10	99598013	99798013	harbor2	chr10	99652445	99652663	LTR/ERVL-MaLR	463	-	109	99652554	54541
chr10	99598013	99798013	harbor2	chr10	99654221	99654449	LTR/ERVL-MaLR	702	-	114	99654335	56322
chr10	99598013	99798013	harbor2	chr10	99655701	99655858	LTR/ERVL-MaLR	636	-	78	99655779	57766
chr10	99598013	99798013	harbor2	chr10	99664778	99664969	LTR/ERVL-MaLR	424	-	96	99664874	66861
chr10	99598013	99798013	harbor2	chr10	99665281	99665444	LTR/ERVL-MaLR	424	-	82	99665363	67350
chr10	113009159	113209159	harbor2	chr10	113086269	113086438	LTR/ERVL-MaLR	661	-	84	113086353	77194
chr10	113009159	113209159	harbor2	chr10	113086524	113086696	LTR/ERVL-MaLR	443	-	86	113086610	77451
chr10	87275270	87475270	harbor2	chr10	87290381	87290732	LTR/ERVL-MaLR	1567	-	176	87290557	15287
chr10	87275270	87475270	harbor2	chr10	87290911	87291297	LTR/ERVL-MaLR	1248	-	193	87291104	15834
chr10	87275270	87475270	harbor2	chr10	87291885	87292302	LTR/ERVL-MaLR	1296	-	208	87292093	16823
chr10	87275270	87475270	harbor2	chr10	87294914	87294948	LTR/ERVL-MaLR	1703	-	17	87294931	19661
chr10	87275270	87475270	harbor2	chr10	87295244	87295722	LTR/ERVL-MaLR	1703	-	239	87295483	20213
chr10	87275270	87475270	harbor2	chr10	87347867	87348215	LTR/ERVL-MaLR	1296	-	174	87348041	72771
chr10	87275270	87475270	harbor2	chr10	87362545	87362898	LTR/ERVL-MaLR	839	-	176	87362721	87451
chr10	33539298	33739298	harbor2	chr10	33575191	33575511	LTR/ERVL-MaLR	1909	-	160	33575351	36053
chr10	33539298	33739298	harbor2	chr10	33575656	33575789	LTR/ERVL-MaLR	1909	-	66	33575722	36424
chr10	33539298	33739298	harbor2	chr10	33576103	33576212	LTR/ERVL-MaLR	1909	-	54	33576157	36859
chr10	33539298	33739298	harbor2	chr10	33599306	33599679	LTR/ERVL-MaLR	2332	-	186	33599492	60194
chr10	33539298	33739298	harbor2	chr10	33606948	33607330	LTR/ERVL-MaLR	1920	-	191	33607139	67841
chr10	33539298	33739298	harbor2	chr10	33612099	33612595	LTR/ERVL-MaLR	1770	-	248	33612347	73049
chr10	33539298	33739298	harbor2	chr10	33618889	33619211	LTR/ERVL-MaLR	641	-	161	33619050	79752
chr10	33539298	33739298	harbor2	chr10	33619589	33619690	LTR/ERVL-MaLR	641	-	50	33619639	80341
chr10	33539298	33739298	harbor2	chr10	33624711	33625122	LTR/ERVL-MaLR	2410	-	206	33624917	85619
chr10	33539298	33739298	harbor2	chr10	33625597	33625984	LTR/ERVL-MaLR	1158	-	194	33625791	86493
chr10	33539298	33739298	harbor2	chr10	33619912	33620266	LTR/ERVL-MaLR	2309	-	177	33620089	80791
chr10	118251980	118451980	harbor2	chr10	118277422	118277822	LTR/ERVL-MaLR	2458	-	200	118277622	25642
chr10	118251980	118451980	harbor2	chr10	118280204	118280695	LTR/ERVL-MaLR	486	-	246	118280450	28470
chr10	118251980	118451980	harbor2	chr10	118285202	118285571	LTR/ERVL-MaLR	2311	-	184	118285386	33406
chr10	118251980	118451980	harbor2	chr10	118343986	118344373	LTR/ERVL-MaLR	1258	-	194	118344180	92200
chr10	63999781	64199781	harbor2	chr10	64013808	64014304	LTR/ERVL-MaLR	1398	-	248	64014056	14275
chr10	63999781	64199781	harbor2	chr10	64014535	64014892	LTR/ERVL-MaLR	1450	-	178	64014713	14932
chr10	63999781	64199781	harbor2	chr10	64031709	64031815	LTR/ERVL-MaLR	1030	-	53	64031762	31981
chr10	63999781	64199781	harbor2	chr10	64032131	64032371	LTR/ERVL-MaLR	1030	-	120	64032251	32470
chr10	63999781	64199781	harbor2	chr10	64037500	64037809	LTR/ERVL-MaLR	1701	-	154	64037654	37873
chr10	63999781	64199781	harbor2	chr10	64043837	64044292	LTR/ERVL-MaLR	1966	-	228	64044065	44284
chr10	63999781	64199781	harbor2	chr10	64051148	64051523	LTR/ERVL-MaLR	2572	-	188	64051336	51555
chr10	63999781	64199781	harbor2	chr10	64051524	64053113	LTR/ERVL-MaLR	10200	-	794	64052318	52537
chr10	132718034	132918034	harbor2	chr10	132732928	132733307	LTR/ERVL-MaLR	628	-	190	132733118	15084
chr10	132718034	132918034	harbor2	chr10	132799685	132799822	LTR/ERVL-MaLR	752	-	68	132799753	81719
chr10	132718034	132918034	harbor2	chr10	132802101	132802377	LTR/ERVL-MaLR	614	-	138	132802239	84205
chr10	132718034	132918034	harbor2	chr10	132817749	132818130	LTR/ERVL-MaLR	564	-	190	132817939	99905
chr10	133416760	133616760	harbor2	chr10	133484279	133484667	LTR/ERVL-MaLR	1900	-	194	133484473	67713
chr10	133416760	133616760	harbor2	chr10	133493562	133493785	LTR/ERVL-MaLR	1275	-	112	133493674	76914
chr10	133416760	133616760	harbor2	chr10	133493808	133494170	LTR/ERVL-MaLR	2507	-	181	133493989	77229
chr10	133416760	133616760	harbor2	chr10	133494171	133495742	LTR/ERVL-MaLR	11123	-	786	133494957	78197
chr10	133416760	133616760	harbor2	chr10	133502945	133503129	LTR/ERVL-MaLR	1153	-	92	133503037	86277
chr10	133416760	133616760	harbor2	chr10	133514137	133514490	LTR/ERVL-MaLR	2289	-	176	133514313	97553
chr10	116754167	116954167	harbor2	chr10	116759398	116759631	LTR/ERVL-MaLR	746	-	116	116759514	5347
chr10	94319252	94519252	harbor2	chr10	94353244	94353645	LTR/ERVL-MaLR	2422	-	200	94353444	34192
chr10	94319252	94519252	harbor2	chr10	94369695	94370159	LTR/ERVL-MaLR	2038	-	232	94369927	50675
chr10	94319252	94519252	harbor2	chr10	94372231	94372735	LTR/ERVL-MaLR	1635	-	252	94372483	53231
chr10	114601271	114801271	harbor2	chr10	114675683	114676102	LTR/ERVL-MaLR	1706	-	210	114675893	74622
chr10	114601271	114801271	harbor2	chr10	114696285	114696462	LTR/ERVL-MaLR	1270	-	88	114696373	95102
chr10	114601271	114801271	harbor2	chr10	114696824	114696961	LTR/ERVL-MaLR	1270	-	68	114696892	95621
chr10	95795212	95995212	harbor2	chr10	95797445	95797864	LTR/ERVL-MaLR	2193	-	210	95797655	2443
chr10	95795212	95995212	harbor2	chr10	95821291	95821376	LTR/ERVL-MaLR	408	-	42	95821333	26121
chr10	95795212	95995212	harbor2	chr10	95821438	95821631	LTR/ERVL-MaLR	447	-	96	95821534	26322
chr10	95795212	95995212	harbor2	chr10	95833624	95834029	LTR/ERVL-MaLR	1904	-	202	95833826	38614
chr10	95795212	95995212	harbor2	chr10	95860763	95861194	LTR/ERVL-MaLR	488	-	216	95860979	65767
chr10	95795212	95995212	harbor2	chr10	95873701	95874049	LTR/ERVL-MaLR	2797	-	174	95873875	78663
chr10	95795212	95995212	harbor2	chr10	95874050	95875624	LTR/ERVL-MaLR	11521	-	787	95874837	79625
chr10	95795212	95995212	harbor2	chr10	95875625	95875966	LTR/ERVL-MaLR	2732	-	170	95875795	80583
chr10	104457848	104657848	harbor2	chr10	104510696	104511171	LTR/ERVL-MaLR	815	-	238	104510934	53086
chr10	104457848	104657848	harbor2	chr10	104543726	104544119	LTR/ERVL-MaLR	2539	-	196	104543922	86074
chr10	104457848	104657848	harbor2	chr10	104544234	104544653	LTR/ERVL-MaLR	2365	-	210	104544444	86596
chr10	28714667	28914667	harbor2	chr10	28761050	28761400	LTR/ERVL-MaLR	859	-	175	28761225	46558
chr10	28714667	28914667	harbor2	chr10	28766191	28766546	LTR/ERVL-MaLR	1672	-	178	28766369	51702
chr10	28714667	28914667	harbor2	chr10	28775548	28775946	LTR/ERVL-MaLR	2305	-	199	28775747	61080
chr10	28714667	28914667	harbor2	chr10	28781150	28781460	LTR/ERVL-MaLR	1440	-	155	28781305	66638
chr10	28714667	28914667	harbor2	chr10	28795967	28796239	LTR/ERVL-MaLR	771	-	136	28796103	81436
chr10	28714667	28914667	harbor2	chr10	28813649	28814044	LTR/ERVL-MaLR	2145	-	198	28813847	99180
chr10	125265626	125465626	harbor2	chr10	125284797	125285225	LTR/ERVL-MaLR	613	-	214	125285011	19385
chr10	125265626	125465626	harbor2	chr10	125291358	125291700	LTR/ERVL-MaLR	1542	-	171	125291529	25903
chr10	125265626	125465626	harbor2	chr10	125295726	125295860	LTR/ERVL-MaLR	586	-	67	125295793	30167
chr10	125265626	125465626	harbor2	chr10	125295861	125296276	LTR/ERVL-MaLR	2881	-	208	125296069	30443
chr10	125265626	125465626	harbor2	chr10	125296277	125296416	LTR/ERVL-MaLR	586	-	70	125296347	30721
chr10	125265626	125465626	harbor2	chr10	125316518	125317088	LTR/ERVL-MaLR	1841	-	285	125316803	51177
chr10	125265626	125465626	harbor2	chr10	125340839	125341298	LTR/ERVL-MaLR	420	-	230	125341069	75443
chr10	125265626	125465626	harbor2	chr10	125352656	125353036	LTR/ERVL-MaLR	2035	-	190	125352846	87220
chr10	125265626	125465626	harbor2	chr10	125357398	125357753	LTR/ERVL-MaLR	1986	-	178	125357576	91950
chr10	125265626	125465626	harbor2	chr10	125357754	125359235	LTR/ERVL-MaLR	11170	-	740	125358494	92868
chr10	125265626	125465626	harbor2	chr10	125359237	125359589	LTR/ERVL-MaLR	2048	-	176	125359413	93787
chr10	37479582	37679582	harbor2	chr10	37520080	37520425	LTR/ERVL-MaLR	941	-	172	37520252	40670
chr10	37479582	37679582	harbor2	chr10	37530849	37531272	LTR/ERVL-MaLR	2158	-	212	37531061	51479
chr10	37479582	37679582	harbor2	chr10	37559314	37559725	LTR/ERVL-MaLR	1976	-	206	37559520	79938
chr10	37479582	37679582	harbor2	chr10	37559879	37560228	LTR/ERVL-MaLR	2516	-	174	37560053	80471
chr10	38851420	39051420	harbor2	chr10	38927385	38927722	LTR/ERVL-MaLR	2038	-	168	38927553	76133
chr10	38851420	39051420	harbor2	chr10	38930596	38930837	LTR/ERVL-MaLR	1135	-	120	38930716	79296
chr10	38851420	39051420	harbor2	chr10	38931128	38931398	LTR/ERVL-MaLR	1135	-	135	38931263	79843
chr10	38851420	39051420	harbor2	chr10	38933048	38933327	LTR/ERVL-MaLR	1293	-	140	38933188	81768
chr10	126496146	126696146	harbor2	chr10	126509852	126510252	LTR/ERVL-MaLR	2098	-	200	126510052	13906
chr10	126496146	126696146	harbor2	chr10	126516675	126517135	LTR/ERVL-MaLR	2124	-	230	126516905	20759
chr10	126496146	126696146	harbor2	chr10	126520618	126521060	LTR/ERVL-MaLR	1213	-	221	126520839	24693
chr10	126496146	126696146	harbor2	chr10	126538017	126538359	LTR/ERVL-MaLR	2445	-	171	126538188	42042
chr10	126496146	126696146	harbor2	chr10	126567122	126567501	LTR/ERVL-MaLR	2207	-	190	126567312	71166
chr10	126496146	126696146	harbor2	chr10	126568118	126568700	LTR/ERVL-MaLR	1746	-	291	126568409	72263
chr10	126496146	126696146	harbor2	chr10	126587284	126587656	LTR/ERVL-MaLR	1643	-	186	126587470	91324
chr10	111723424	111923424	harbor2	chr10	111735151	111735600	LTR/ERVL-MaLR	1921	-	224	111735375	11951
chr10	111723424	111923424	harbor2	chr10	111736200	111736575	LTR/ERVL-MaLR	1625	-	188	111736388	12964
chr10	111723424	111923424	harbor2	chr10	111740476	111740647	LTR/ERVL-MaLR	467	-	86	111740562	17138
chr10	111723424	111923424	harbor2	chr10	111740661	111740829	LTR/ERVL-MaLR	483	-	84	111740745	17321
chr10	111723424	111923424	harbor2	chr10	111741179	111741234	LTR/ERVL-MaLR	483	-	28	111741207	17783
chr10	111723424	111923424	harbor2	chr10	111822813	111822989	LTR/ERVL-MaLR	603	-	88	111822901	99477
chr10	123436531	123636531	harbor2	chr10	123437592	123438101	LTR/ERVL-MaLR	706	-	254	123437846	1315
chr10	123436531	123636531	harbor2	chr10	123438108	123438339	LTR/ERVL-MaLR	527	-	116	123438224	1693
chr10	123436531	123636531	harbor2	chr10	123506569	123506696	LTR/ERVL-MaLR	427	-	64	123506633	70102
chr10	123436531	123636531	harbor2	chr10	123507888	123508029	LTR/ERVL-MaLR	652	-	70	123507958	71427
chr10	86631083	86831083	harbor2	chr10	86679019	86679234	LTR/ERVL-MaLR	519	-	108	86679127	48044
chr10	86631083	86831083	harbor2	chr10	86727544	86727785	LTR/ERVL-MaLR	624	-	120	86727664	96581
chr10	25617061	25817061	harbor2	chr10	25655533	25655936	LTR/ERVL-MaLR	2347	-	202	25655735	38674
chr10	25617061	25817061	harbor2	chr10	25684004	25684329	LTR/ERVL-MaLR	1149	-	162	25684166	67105
chr10	25617061	25817061	harbor2	chr10	25690270	25690732	LTR/ERVL-MaLR	2094	-	231	25690501	73440
chr10	25617061	25817061	harbor2	chr10	25707988	25708452	LTR/ERVL-MaLR	1381	-	232	25708220	91159
chr10	25617061	25817061	harbor2	chr10	25709158	25709528	LTR/ERVL-MaLR	1652	-	185	25709343	92282
chr10	25617061	25817061	harbor2	chr10	25710151	25710501	LTR/ERVL-MaLR	2359	-	175	25710326	93265
chr10	25617061	25817061	harbor2	chr10	25710955	25711361	LTR/ERVL-MaLR	2231	-	203	25711158	94097
chr10	25617061	25817061	harbor2	chr10	25711412	25711834	LTR/ERVL-MaLR	2770	-	211	25711623	94562
chr10	119497380	119697380	harbor2	chr10	119503664	119503971	LTR/ERVL-MaLR	1614	-	154	119503818	6438
chr10	117002919	117202919	harbor2	chr10	117054927	117055289	LTR/ERVL-MaLR	2167	-	181	117055108	52189
chr10	69806733	70006733	harbor2	chr10	69826800	69827098	LTR/ERVL-MaLR	796	-	149	69826949	20216
chr10	69806733	70006733	harbor2	chr10	69906251	69906702	LTR/ERVL-MaLR	757	-	226	69906477	99744
chr10	131290672	131490672	harbor2	chr10	131326975	131327357	LTR/ERVL-MaLR	1915	-	191	131327166	36494
chr10	131290672	131490672	harbor2	chr10	131366123	131366538	LTR/ERVL-MaLR	2646	-	208	131366331	75659
chr10	131290672	131490672	harbor2	chr10	131382227	131382509	LTR/ERVL-MaLR	528	-	141	131382368	91696
chr10	131290672	131490672	harbor2	chr10	131382516	131382823	LTR/ERVL-MaLR	620	-	154	131382670	91998
chr10	130568330	130768330	harbor2	chr10	130591254	130591610	LTR/ERVL-MaLR	1954	-	178	130591432	23102
chr10	130568330	130768330	harbor2	chr10	130601547	130601934	LTR/ERVL-MaLR	2529	-	194	130601741	33411
chr10	130568330	130768330	harbor2	chr10	130638938	130639334	LTR/ERVL-MaLR	1733	-	198	130639136	70806
chr10	130568330	130768330	harbor2	chr10	130639896	130640290	LTR/ERVL-MaLR	2095	-	197	130640093	71763
chr10	131267561	131467561	harbor2	chr10	131326975	131327357	LTR/ERVL-MaLR	1915	-	191	131327166	59605
chr10	131267561	131467561	harbor2	chr10	131366123	131366538	LTR/ERVL-MaLR	2646	-	208	131366331	98770
chr10	104749229	104949229	harbor2	chr10	104802890	104803332	LTR/ERVL-MaLR	627	-	221	104803111	53882
chr10	104749229	104949229	harbor2	chr10	104809192	104809649	LTR/ERVL-MaLR	1348	-	228	104809420	60191
chr10	104749229	104949229	harbor2	chr10	104821164	104821280	LTR/ERVL-MaLR	588	-	58	104821222	71993
chr10	104749229	104949229	harbor2	chr10	104844663	104844812	LTR/ERVL-MaLR	856	-	74	104844737	95508
chr10	104749229	104949229	harbor2	chr10	104844803	104844953	LTR/ERVL-MaLR	609	-	75	104844878	95649
chr10	74840912	75040912	harbor2	chr10	74857138	74857628	LTR/ERVL-MaLR	2365	-	245	74857383	16471
chr10	74840912	75040912	harbor2	chr10	74904170	74904467	LTR/ERVL-MaLR	1436	-	148	74904318	63406
chr10	124003783	124203783	harbor2	chr10	124036877	124037283	LTR/ERVL-MaLR	1319	-	203	124037080	33297
chr10	124003783	124203783	harbor2	chr10	124099884	124100378	LTR/ERVL-MaLR	1299	-	247	124100131	96348
chr10	93736984	93936984	harbor2	chr10	93741900	93742133	LTR/ERVL-MaLR	1772	-	116	93742016	5032
chr10	93736984	93936984	harbor2	chr10	93742446	93742606	LTR/ERVL-MaLR	1772	-	80	93742526	5542
chr10	93736984	93936984	harbor2	chr10	93795216	93795585	LTR/ERVL-MaLR	2124	-	184	93795400	58416
chr10	93736984	93936984	harbor2	chr10	93806744	93807186	LTR/ERVL-MaLR	1583	-	221	93806965	69981
chr10	93736984	93936984	harbor2	chr10	93809404	93809818	LTR/ERVL-MaLR	768	-	207	93809611	72627
chr10	93736984	93936984	harbor2	chr10	93819416	93819798	LTR/ERVL-MaLR	1974	-	191	93819607	82623
chr10	93736984	93936984	harbor2	chr10	93825198	93825320	LTR/ERVL-MaLR	416	-	61	93825259	88275
chr10	93736984	93936984	harbor2	chr10	93829579	93829927	LTR/ERVL-MaLR	2546	-	174	93829753	92769
chr10	93736984	93936984	harbor2	chr10	93832508	93832921	LTR/ERVL-MaLR	2861	-	206	93832714	95730
chr10	93736984	93936984	harbor2	chr10	93832922	93834513	LTR/ERVL-MaLR	9933	-	796	93833718	96734
chr10	93736984	93936984	harbor2	chr10	93834514	93834648	LTR/ERVL-MaLR	2220	-	67	93834581	97597
chr10	93736984	93936984	harbor2	chr10	93834935	93835220	LTR/ERVL-MaLR	2220	-	142	93835077	98093
chr10	28366450	28566450	harbor2	chr10	28370996	28371265	LTR/ERVL-MaLR	1869	-	134	28371130	4680
chr10	28366450	28566450	harbor2	chr10	28371309	28371541	LTR/ERVL-MaLR	1869	-	116	28371425	4975
chr10	28366450	28566450	harbor2	chr10	28400948	28401425	LTR/ERVL-MaLR	2154	-	238	28401186	34736
chr10	28366450	28566450	harbor2	chr10	28402699	28403052	LTR/ERVL-MaLR	2592	-	176	28402875	36425
chr10	28366450	28566450	harbor2	chr10	28419525	28419683	LTR/ERVL-MaLR	554	-	79	28419604	53154
chr10	28366450	28566450	harbor2	chr10	28419707	28419953	LTR/ERVL-MaLR	507	-	123	28419830	53380
chr10	28366450	28566450	harbor2	chr10	28441461	28441636	LTR/ERVL-MaLR	550	-	88	28441549	75099
chr10	28366450	28566450	harbor2	chr10	28444179	28444331	LTR/ERVL-MaLR	418	-	76	28444255	77805
chr10	122797993	122997993	harbor2	chr10	122856983	122857363	LTR/ERVL-MaLR	783	-	190	122857173	59180
chr10	122295715	122495715	harbor2	chr10	122338577	122339102	LTR/ERVL-MaLR	1305	-	262	122338839	43124
chr10	122295715	122495715	harbor2	chr10	122387562	122387894	LTR/ERVL-MaLR	481	-	166	122387728	92013
chr10	91935025	92135025	harbor2	chr10	91970328	91970690	LTR/ERVL-MaLR	2142	-	181	91970509	35484
chr10	29036168	29236168	harbor2	chr10	29054967	29055539	LTR/ERVL-MaLR	1052	-	286	29055253	19085
chr10	29036168	29236168	harbor2	chr10	29055525	29055862	LTR/ERVL-MaLR	778	-	168	29055693	19525
chr10	29036168	29236168	harbor2	chr10	29071080	29071441	LTR/ERVL-MaLR	2076	-	180	29071260	35092
chr10	29036168	29236168	harbor2	chr10	29079854	29080214	LTR/ERVL-MaLR	2308	-	180	29080034	43866
chr10	29036168	29236168	harbor2	chr10	29086856	29087066	LTR/ERVL-MaLR	1509	-	105	29086961	50793
chr10	29036168	29236168	harbor2	chr10	29087359	29087419	LTR/ERVL-MaLR	1509	-	30	29087389	51221
chr10	29036168	29236168	harbor2	chr10	29087795	29087893	LTR/ERVL-MaLR	1509	-	49	29087844	51676
chr10	29036168	29236168	harbor2	chr10	29093095	29093545	LTR/ERVL-MaLR	1856	-	225	29093320	57152
chr10	29036168	29236168	harbor2	chr10	29094107	29094325	LTR/ERVL-MaLR	2400	-	109	29094216	58048
chr10	29036168	29236168	harbor2	chr10	29094635	29094834	LTR/ERVL-MaLR	2400	-	100	29094735	58567
chr10	29036168	29236168	harbor2	chr10	29103561	29103859	LTR/ERVL-MaLR	1029	-	149	29103710	67542
chr10	29036168	29236168	harbor2	chr10	29108269	29108656	LTR/ERVL-MaLR	818	-	194	29108463	72295
chr10	29036168	29236168	harbor2	chr10	29121795	29122289	LTR/ERVL-MaLR	821	-	247	29122042	85874
chr10	83828067	84028067	harbor2	chr10	83884705	83885073	LTR/ERVL-MaLR	2432	-	184	83884889	56822
chr10	83828067	84028067	harbor2	chr10	83894954	83895326	LTR/ERVL-MaLR	446	-	186	83895140	67073
chr10	83828067	84028067	harbor2	chr10	83895365	83895931	LTR/ERVL-MaLR	1040	-	283	83895648	67581
chr10	83828067	84028067	harbor2	chr10	83911604	83911809	LTR/ERVL-MaLR	1532	-	102	83911706	83639
chr10	83828067	84028067	harbor2	chr10	83911860	83911992	LTR/ERVL-MaLR	1532	-	66	83911926	83859
chr10	83828067	84028067	harbor2	chr10	83914329	83914741	LTR/ERVL-MaLR	1105	-	206	83914535	86468
chr10	131755583	131955583	harbor2	chr10	131759658	131760128	LTR/ERVL-MaLR	906	-	235	131759893	4310
chr10	131755583	131955583	harbor2	chr10	131790107	131790265	LTR/ERVL-MaLR	606	-	79	131790186	34603
chr10	131755583	131955583	harbor2	chr10	131795363	131795799	LTR/ERVL-MaLR	1668	-	218	131795581	39998
chr10	131755583	131955583	harbor2	chr10	131808605	131809070	LTR/ERVL-MaLR	1140	-	232	131808837	53254
chr10	32699788	32899788	harbor2	chr10	32722378	32722793	LTR/ERVL-MaLR	2159	-	208	32722586	22798
chr10	32699788	32899788	harbor2	chr10	32725517	32725915	LTR/ERVL-MaLR	2188	-	199	32725716	25928
chr10	32699788	32899788	harbor2	chr10	32742601	32742925	LTR/ERVL-MaLR	987	-	162	32742763	42975
chr10	32699788	32899788	harbor2	chr10	32745278	32745686	LTR/ERVL-MaLR	2071	-	204	32745482	45694
chr10	32699788	32899788	harbor2	chr10	32767032	32767234	LTR/ERVL-MaLR	916	-	101	32767133	67345
chr10	32699788	32899788	harbor2	chr10	32789815	32790471	LTR/ERVL-MaLR	2665	-	328	32790143	90355
chr10	102961335	103161335	harbor2	chr10	103022675	103022906	LTR/ERVL-MaLR	2245	-	116	103022791	61456
chr10	102961335	103161335	harbor2	chr10	103023205	103023269	LTR/ERVL-MaLR	2245	-	32	103023237	61902
chr10	102961335	103161335	harbor2	chr10	103023546	103023719	LTR/ERVL-MaLR	2245	-	86	103023632	62297
chr10	102961335	103161335	harbor2	chr10	103036303	103036486	LTR/ERVL-MaLR	739	-	92	103036395	75060
chr10	105237426	105437426	harbor2	chr10	105249944	105250309	LTR/ERVL-MaLR	2218	-	182	105250126	12700
chr10	105237426	105437426	harbor2	chr10	105251080	105251433	LTR/ERVL-MaLR	1974	-	176	105251256	13830
chr10	105237426	105437426	harbor2	chr10	105270788	105270886	LTR/ERVL-MaLR	445	-	49	105270837	33411
chr10	105237426	105437426	harbor2	chr10	105275457	105275861	LTR/ERVL-MaLR	1322	-	202	105275659	38233
chr10	105237426	105437426	harbor2	chr10	105299630	105299995	LTR/ERVL-MaLR	2249	-	182	105299812	62386
chr10	108276561	108476561	harbor2	chr10	108362821	108362973	LTR/ERVL-MaLR	535	-	76	108362897	86336
chr10	132523710	132723710	harbor2	chr10	132535791	132536151	LTR/ERVL-MaLR	667	-	180	132535971	12261
chr10	132523710	132723710	harbor2	chr10	132592783	132593342	LTR/ERVL-MaLR	801	-	280	132593063	69353
chr10	132523710	132723710	harbor2	chr10	132598712	132599064	LTR/ERVL-MaLR	2732	-	176	132598888	75178
chr10	132523710	132723710	harbor2	chr10	132599065	132600636	LTR/ERVL-MaLR	11899	-	786	132599851	76141
chr10	132523710	132723710	harbor2	chr10	132600638	132600990	LTR/ERVL-MaLR	2896	-	176	132600814	77104
chr10	132523710	132723710	harbor2	chr10	132618582	132619005	LTR/ERVL-MaLR	2464	-	212	132618794	95084
chr10	132523710	132723710	harbor2	chr10	132619006	132619692	LTR/ERVL-MaLR	6790	-	343	132619349	95639
chr10	132523710	132723710	harbor2	chr10	132619944	132620591	LTR/ERVL-MaLR	6790	-	324	132620268	96558
chr10	131877011	132077011	harbor2	chr10	131878554	131879013	LTR/ERVL-MaLR	1570	-	230	131878784	1773
chr10	131877011	132077011	harbor2	chr10	131893028	131893640	LTR/ERVL-MaLR	2079	-	306	131893334	16323
chr10	131877011	132077011	harbor2	chr10	131891119	131891541	LTR/ERVL-MaLR	850	-	211	131891330	14319
chr10	120208288	120408288	harbor2	chr10	120211276	120211532	LTR/ERVL-MaLR	1473	-	128	120211404	3116
chr10	120208288	120408288	harbor2	chr10	120217648	120218118	LTR/ERVL-MaLR	1868	-	235	120217883	9595
chr10	120208288	120408288	harbor2	chr10	120219251	120219524	LTR/ERVL-MaLR	883	-	136	120219387	11099
chr10	120208288	120408288	harbor2	chr10	120227325	120227780	LTR/ERVL-MaLR	1308	-	228	120227553	19265
chr10	120208288	120408288	harbor2	chr10	120269994	120270356	LTR/ERVL-MaLR	1517	-	181	120270175	61887
chr10	120208288	120408288	harbor2	chr10	120281788	120282117	LTR/ERVL-MaLR	1159	-	164	120281952	73664
chr10	120208288	120408288	harbor2	chr10	120285485	120286000	LTR/ERVL-MaLR	1592	-	258	120285743	77455
chr10	120208288	120408288	harbor2	chr10	120291709	120292119	LTR/ERVL-MaLR	2848	-	205	120291914	83626
chr10	120208288	120408288	harbor2	chr10	120296811	120297234	LTR/ERVL-MaLR	2873	-	212	120297023	88735
chr10	131741733	131941733	harbor2	chr10	131759658	131760128	LTR/ERVL-MaLR	906	-	235	131759893	18160
chr10	131741733	131941733	harbor2	chr10	131790107	131790265	LTR/ERVL-MaLR	606	-	79	131790186	48453
chr10	131741733	131941733	harbor2	chr10	131795363	131795799	LTR/ERVL-MaLR	1668	-	218	131795581	53848
chr10	131741733	131941733	harbor2	chr10	131808605	131809070	LTR/ERVL-MaLR	1140	-	232	131808837	67104
chr10	107208296	107408296	harbor2	chr10	107221652	107222019	LTR/ERVL-MaLR	1947	-	184	107221836	13540
chr10	107208296	107408296	harbor2	chr10	107223206	107223570	LTR/ERVL-MaLR	2021	-	182	107223388	15092
chr10	107208296	107408296	harbor2	chr10	107223571	107225207	LTR/ERVL-MaLR	11174	-	818	107224389	16093
chr10	107208296	107408296	harbor2	chr10	107225208	107225572	LTR/ERVL-MaLR	1851	-	182	107225390	17094
chr10	107208296	107408296	harbor2	chr10	107250735	107251069	LTR/ERVL-MaLR	554	-	167	107250902	42606
chr10	107208296	107408296	harbor2	chr10	107270708	107271053	LTR/ERVL-MaLR	1568	-	172	107270880	62584
chr10	107208296	107408296	harbor2	chr10	107271386	107271871	LTR/ERVL-MaLR	1760	-	242	107271628	63332
chr10	129072960	129272960	harbor2	chr10	129122622	129122935	LTR/ERVL-MaLR	931	-	156	129122778	49818
chr10	129072960	129272960	harbor2	chr10	129132029	129132482	LTR/ERVL-MaLR	1457	-	226	129132255	59295
chr10	127618429	127818429	harbor2	chr10	127633426	127633798	LTR/ERVL-MaLR	2069	-	186	127633612	15183
chr10	127618429	127818429	harbor2	chr10	127633799	127635378	LTR/ERVL-MaLR	10341	-	790	127634589	16160
chr10	127618429	127818429	harbor2	chr10	127635379	127635763	LTR/ERVL-MaLR	2037	-	192	127635571	17142
chr10	127618429	127818429	harbor2	chr10	127642595	127643015	LTR/ERVL-MaLR	1913	-	210	127642805	24376
chr10	127618429	127818429	harbor2	chr10	127652321	127652686	LTR/ERVL-MaLR	2110	-	182	127652503	34074
chr10	127618429	127818429	harbor2	chr10	127677335	127677501	LTR/ERVL-MaLR	876	-	83	127677418	58989
chr10	127618429	127818429	harbor2	chr10	127678933	127679281	LTR/ERVL-MaLR	2065	-	174	127679107	60678
chr10	127618429	127818429	harbor2	chr10	127684805	127685185	LTR/ERVL-MaLR	1526	-	190	127684995	66566
chr10	108318135	108518135	harbor2	chr10	108362821	108362973	LTR/ERVL-MaLR	535	-	76	108362897	44762
chr10	108318135	108518135	harbor2	chr10	108377773	108378147	LTR/ERVL-MaLR	2418	-	187	108377960	59825
chr10	108318135	108518135	harbor2	chr10	108379696	108379835	LTR/ERVL-MaLR	446	-	70	108379766	61631
chr10	108318135	108518135	harbor2	chr10	108411124	108411534	LTR/ERVL-MaLR	505	-	205	108411329	93194
chr10	108318135	108518135	harbor2	chr10	108414095	108414314	LTR/ERVL-MaLR	484	-	110	108414205	96070
chr10	88574918	88774918	harbor2	chr10	88600720	88600944	LTR/ERVL-MaLR	1269	-	112	88600832	25914
chr10	88574918	88774918	harbor2	chr10	88601222	88601350	LTR/ERVL-MaLR	1269	-	64	88601286	26368
chr10	88574918	88774918	harbor2	chr10	88620771	88621135	LTR/ERVL-MaLR	1603	-	182	88620953	46035
chr10	131056253	131256253	harbor2	chr10	131086293	131086748	LTR/ERVL-MaLR	835	-	228	131086521	30268
chr10	131056253	131256253	harbor2	chr10	131108601	131108960	LTR/ERVL-MaLR	946	-	180	131108781	52528
chr10	131056253	131256253	harbor2	chr10	131129728	131130050	LTR/ERVL-MaLR	1595	-	161	131129889	73636
chr10	131056253	131256253	harbor2	chr10	131130044	131130388	LTR/ERVL-MaLR	2015	-	172	131130216	73963
chr10	131056253	131256253	harbor2	chr10	131150768	131151121	LTR/ERVL-MaLR	2411	-	176	131150944	94691
chr10	131056253	131256253	harbor2	chr10	131151122	131152689	LTR/ERVL-MaLR	10012	-	784	131151906	95653
chr10	131056253	131256253	harbor2	chr10	131152692	131153056	LTR/ERVL-MaLR	2442	-	182	131152874	96621
chr10	75516797	75716797	harbor2	chr10	75574846	75575253	LTR/ERVL-MaLR	2408	-	204	75575050	58253
chr10	75516797	75716797	harbor2	chr10	75575254	75575579	LTR/ERVL-MaLR	2359	-	162	75575416	58619
chr10	75516797	75716797	harbor2	chr10	75581940	75583233	LTR/ERVL-MaLR	7804	-	646	75582586	65789
chr10	75516797	75716797	harbor2	chr10	75583234	75583640	LTR/ERVL-MaLR	2368	-	203	75583437	66640
chr10	75516797	75716797	harbor2	chr10	75615983	75616234	LTR/ERVL-MaLR	1950	-	126	75616109	99312
chr10	75516797	75716797	harbor2	chr10	75616285	75616411	LTR/ERVL-MaLR	1950	-	63	75616348	99551
chr10	108846617	109046617	harbor2	chr10	108894688	108894775	LTR/ERVL-MaLR	422	-	44	108894732	48115
chr10	108846617	109046617	harbor2	chr10	108931218	108931576	LTR/ERVL-MaLR	2249	-	179	108931397	84780
chr10	108846617	109046617	harbor2	chr10	108934907	108935135	LTR/ERVL-MaLR	953	-	114	108935021	88404
chr10	131256720	131456720	harbor2	chr10	131326975	131327357	LTR/ERVL-MaLR	1915	-	191	131327166	70446
chr10	128050589	128250589	harbor2	chr10	128122107	128122484	LTR/ERVL-MaLR	1813	-	188	128122295	71706
chr10	129727898	129927898	harbor2	chr10	129754565	129754892	LTR/ERVL-MaLR	1178	-	164	129754729	26831
chr10	129727898	129927898	harbor2	chr10	129805258	129805707	LTR/ERVL-MaLR	553	-	224	129805482	77584
chr10	129727898	129927898	harbor2	chr10	129805768	129807108	LTR/ERVL-MaLR	3892	-	670	129806438	78540
chr10	100593749	100793749	harbor2	chr10	100600818	100601132	LTR/ERVL-MaLR	1440	-	157	100600975	7226
chr10	100593749	100793749	harbor2	chr10	100601152	100601471	LTR/ERVL-MaLR	1442	-	160	100601312	7563
chr10	100593749	100793749	harbor2	chr10	100640915	100641027	LTR/ERVL-MaLR	1633	-	56	100640971	47222
chr10	100593749	100793749	harbor2	chr10	100641327	100641688	LTR/ERVL-MaLR	1633	-	180	100641507	47758
chr10	127942419	128142419	harbor2	chr10	127955684	127956045	LTR/ERVL-MaLR	1746	-	180	127955864	13445
chr10	127942419	128142419	harbor2	chr10	128005759	128006148	LTR/ERVL-MaLR	1571	-	194	128005953	63534
chr10	57524343	57724343	harbor2	chr10	57542345	57542690	LTR/ERVL-MaLR	2030	-	172	57542517	18174
chr10	57524343	57724343	harbor2	chr10	57569501	57569583	LTR/ERVL-MaLR	437	-	41	57569542	45199
chr10	57524343	57724343	harbor2	chr10	57611417	57611827	LTR/ERVL-MaLR	1369	-	205	57611622	87279
chr10	57524343	57724343	harbor2	chr10	57611930	57612090	LTR/ERVL-MaLR	528	-	80	57612010	87667
chr10	106842850	107042850	harbor2	chr10	106906046	106906114	LTR/ERVL-MaLR	2769	-	34	106906080	63230
chr10	106842850	107042850	harbor2	chr10	106906414	106906721	LTR/ERVL-MaLR	2769	-	154	106906568	63718
chr10	102489603	102689603	harbor2	chr10	102532360	102532592	LTR/ERVL-MaLR	758	-	116	102532476	42873
chr10	102489603	102689603	harbor2	chr10	102533161	102533289	LTR/ERVL-MaLR	2003	-	64	102533225	43622
chr10	102489603	102689603	harbor2	chr10	102533587	102533915	LTR/ERVL-MaLR	2003	-	164	102533751	44148
chr10	102489603	102689603	harbor2	chr10	102549183	102549540	LTR/ERVL-MaLR	2063	-	178	102549361	59758
chr10	102489603	102689603	harbor2	chr10	102557257	102557295	LTR/ERVL-MaLR	480	-	19	102557276	67673
chr10	102489603	102689603	harbor2	chr10	102557648	102557866	LTR/ERVL-MaLR	480	-	109	102557757	68154
chr10	102489603	102689603	harbor2	chr10	102558865	102559249	LTR/ERVL-MaLR	953	-	192	102559057	69454
chr10	102489603	102689603	harbor2	chr10	102571730	102572073	LTR/ERVL-MaLR	437	-	172	102571902	82299
chr10	102489603	102689603	harbor2	chr10	102574019	102574189	LTR/ERVL-MaLR	538	-	85	102574104	84501
chr10	102489603	102689603	harbor2	chr10	102575291	102575692	LTR/ERVL-MaLR	2365	-	200	102575491	85888
chr10	68914592	69114592	harbor2	chr10	68999491	68999761	LTR/ERVL-MaLR	910	-	135	68999626	85034
chr10	68914592	69114592	harbor2	chr10	69000070	69000270	LTR/ERVL-MaLR	861	-	100	69000170	85578
chr10	68914592	69114592	harbor2	chr10	69012569	69012609	LTR/ERVL-MaLR	1798	-	20	69012589	97997
chr10	68914592	69114592	harbor2	chr10	69012884	69013226	LTR/ERVL-MaLR	1798	-	171	69013055	98463
chr10	90288138	90488138	harbor2	chr10	90318065	90318278	LTR/ERVL-MaLR	474	-	106	90318171	30033
chr10	90288138	90488138	harbor2	chr10	90325431	90325653	LTR/ERVL-MaLR	908	-	111	90325542	37404
chr10	90288138	90488138	harbor2	chr10	90325969	90326081	LTR/ERVL-MaLR	908	-	56	90326025	37887
chr10	90288138	90488138	harbor2	chr10	90338160	90338243	LTR/ERVL-MaLR	483	-	42	90338202	50064
chr10	90288138	90488138	harbor2	chr10	90338372	90338656	LTR/ERVL-MaLR	1748	-	142	90338514	50376
chr10	90288138	90488138	harbor2	chr10	90343296	90343779	LTR/ERVL-MaLR	1650	-	242	90343538	55400
chr10	90288138	90488138	harbor2	chr10	90360003	90360398	LTR/ERVL-MaLR	2085	-	198	90360201	72063
chr10	90288138	90488138	harbor2	chr10	90377072	90377469	LTR/ERVL-MaLR	1955	-	198	90377270	89132
chr11	88809305	89009305	harbor2	chr11	88815459	88815877	LTR/ERVL-MaLR	1874	-	209	88815668	6363
chr11	88809305	89009305	harbor2	chr11	88819690	88820087	LTR/ERVL-MaLR	1882	-	198	88819888	10583
chr11	88809305	89009305	harbor2	chr11	88830737	88831087	LTR/ERVL-MaLR	1834	-	175	88830912	21607
chr11	88809305	89009305	harbor2	chr11	88897945	88898424	LTR/ERVL-MaLR	1500	-	240	88898185	88880
chr11	94745263	94945263	harbor2	chr11	94747629	94748025	LTR/ERVL-MaLR	857	-	198	94747827	2564
chr11	94745263	94945263	harbor2	chr11	94748107	94748232	LTR/ERVL-MaLR	431	-	62	94748169	2906
chr11	94745263	94945263	harbor2	chr11	94748244	94748447	LTR/ERVL-MaLR	552	-	102	94748346	3083
chr11	94745263	94945263	harbor2	chr11	94778652	94779128	LTR/ERVL-MaLR	1656	-	238	94778890	33627
chr11	94745263	94945263	harbor2	chr11	94787789	94788005	LTR/ERVL-MaLR	430	-	108	94787897	42634
chr11	94745263	94945263	harbor2	chr11	94826368	94826801	LTR/ERVL-MaLR	2659	-	216	94826584	81321
chr11	94745263	94945263	harbor2	chr11	94844430	94844824	LTR/ERVL-MaLR	2020	-	197	94844627	99364
chr11	114935676	115135676	harbor2	chr11	114951063	114951610	LTR/ERVL-MaLR	2187	-	274	114951337	15661
chr11	114935676	115135676	harbor2	chr11	114954558	114954803	LTR/ERVL-MaLR	1876	-	122	114954680	19004
chr11	114935676	115135676	harbor2	chr11	114955079	114955213	LTR/ERVL-MaLR	1876	-	67	114955146	19470
chr11	114935676	115135676	harbor2	chr11	114964012	114964661	LTR/ERVL-MaLR	1353	-	324	114964336	28660
chr11	114935676	115135676	harbor2	chr11	114974876	114975175	LTR/ERVL-MaLR	611	-	150	114975026	39350
chr11	114935676	115135676	harbor2	chr11	115024838	115025201	LTR/ERVL-MaLR	2496	-	182	115025020	89344
chr11	114935676	115135676	harbor2	chr11	115026437	115026657	LTR/ERVL-MaLR	1351	-	110	115026547	90871
chr11	114935676	115135676	harbor2	chr11	115033870	115034217	LTR/ERVL-MaLR	2122	-	174	115034044	98368
chr11	134721797	134921797	harbor2	chr11	134751197	134751562	LTR/ERVL-MaLR	821	-	182	134751379	29582
chr11	134721797	134921797	harbor2	chr11	134752086	134752242	LTR/ERVL-MaLR	821	-	78	134752164	30367
chr11	134721797	134921797	harbor2	chr11	134754223	134754410	LTR/ERVL-MaLR	394	-	94	134754317	32520
chr11	134721797	134921797	harbor2	chr11	134775383	134775647	LTR/ERVL-MaLR	734	-	132	134775515	53718
chr11	20697519	20897519	harbor2	chr11	20719147	20719419	LTR/ERVL-MaLR	653	-	136	20719283	21764
chr11	20697519	20897519	harbor2	chr11	20719453	20720202	LTR/ERVL-MaLR	718	-	374	20719827	22308
chr11	20697519	20897519	harbor2	chr11	20720507	20720524	LTR/ERVL-MaLR	718	-	8	20720515	22996
chr11	20697519	20897519	harbor2	chr11	20720525	20720942	LTR/ERVL-MaLR	1937	-	208	20720733	23214
chr11	20697519	20897519	harbor2	chr11	20720943	20721159	LTR/ERVL-MaLR	718	-	108	20721051	23532
chr11	20697519	20897519	harbor2	chr11	20721306	20721670	LTR/ERVL-MaLR	891	-	182	20721488	23969
chr11	20697519	20897519	harbor2	chr11	20722799	20723147	LTR/ERVL-MaLR	1911	-	174	20722973	25454
chr11	20697519	20897519	harbor2	chr11	20723148	20724815	LTR/ERVL-MaLR	11168	-	834	20723982	26463
chr11	20697519	20897519	harbor2	chr11	20724819	20725138	LTR/ERVL-MaLR	1592	-	160	20724979	27460
chr11	20697519	20897519	harbor2	chr11	20735253	20735626	LTR/ERVL-MaLR	2688	-	186	20735439	37920
chr11	20697519	20897519	harbor2	chr11	20742455	20742817	LTR/ERVL-MaLR	2807	-	181	20742636	45117
chr11	20697519	20897519	harbor2	chr11	20747448	20747564	LTR/ERVL-MaLR	737	-	58	20747506	49987
chr11	20697519	20897519	harbor2	chr11	20747561	20747711	LTR/ERVL-MaLR	880	-	75	20747636	50117
chr11	20697519	20897519	harbor2	chr11	20753622	20754184	LTR/ERVL-MaLR	1396	-	281	20753903	56384
chr11	20697519	20897519	harbor2	chr11	20757843	20758180	LTR/ERVL-MaLR	1441	-	168	20758011	60492
chr11	132076026	132276026	harbor2	chr11	132149969	132150378	LTR/ERVL-MaLR	1980	-	204	132150173	74147
chr11	132076026	132276026	harbor2	chr11	132171273	132171639	LTR/ERVL-MaLR	1772	-	183	132171456	95430
chr11	133599692	133799692	harbor2	chr11	133609265	133609797	LTR/ERVL-MaLR	569	-	266	133609531	9839
chr11	133599692	133799692	harbor2	chr11	133609879	133611325	LTR/ERVL-MaLR	2777	-	723	133610602	10910
chr11	133599692	133799692	harbor2	chr11	133612565	133612913	LTR/ERVL-MaLR	1477	-	174	133612739	13047
chr11	133599692	133799692	harbor2	chr11	133698486	133698858	LTR/ERVL-MaLR	625	-	186	133698672	98980
chr11	80406593	80606593	harbor2	chr11	80422278	80422648	LTR/ERVL-MaLR	1625	-	185	80422463	15870
chr11	80406593	80606593	harbor2	chr11	80452260	80452673	LTR/ERVL-MaLR	836	-	206	80452466	45873
chr11	80406593	80606593	harbor2	chr11	80453627	80454032	LTR/ERVL-MaLR	1242	-	202	80453829	47236
chr11	80406593	80606593	harbor2	chr11	80454043	80455410	LTR/ERVL-MaLR	4669	-	684	80454727	48134
chr11	80406593	80606593	harbor2	chr11	80455411	80455846	LTR/ERVL-MaLR	1664	-	218	80455629	49036
chr11	80406593	80606593	harbor2	chr11	80483971	80484268	LTR/ERVL-MaLR	1056	-	148	80484119	77526
chr11	80406593	80606593	harbor2	chr11	80484573	80484871	LTR/ERVL-MaLR	1831	-	149	80484722	78129
chr11	33799228	33999228	harbor2	chr11	33850674	33850995	LTR/ERVL-MaLR	2419	-	160	33850834	51606
chr11	33799228	33999228	harbor2	chr11	33851029	33851221	LTR/ERVL-MaLR	2419	-	96	33851125	51897
chr11	56767441	56967441	harbor2	chr11	56780918	56781274	LTR/ERVL-MaLR	2021	-	178	56781096	13655
chr11	56767441	56967441	harbor2	chr11	56785881	56786035	LTR/ERVL-MaLR	482	-	77	56785958	18517
chr11	56767441	56967441	harbor2	chr11	56786064	56786295	LTR/ERVL-MaLR	584	-	116	56786180	18739
chr11	56767441	56967441	harbor2	chr11	56824304	56825554	LTR/ERVL-MaLR	6313	-	625	56824929	57488
chr11	56767441	56967441	harbor2	chr11	56825555	56825962	LTR/ERVL-MaLR	1479	-	204	56825759	58318
chr11	56767441	56967441	harbor2	chr11	56831837	56832234	LTR/ERVL-MaLR	1589	-	198	56832035	64594
chr11	56767441	56967441	harbor2	chr11	56837821	56838190	LTR/ERVL-MaLR	2390	-	184	56838005	70564
chr11	56767441	56967441	harbor2	chr11	56838191	56839747	LTR/ERVL-MaLR	9798	-	778	56838969	71528
chr11	56767441	56967441	harbor2	chr11	56839748	56840044	LTR/ERVL-MaLR	1698	-	148	56839896	72455
chr11	67823502	68023502	harbor2	chr11	67834982	67835312	LTR/ERVL-MaLR	1293	-	165	67835147	11645
chr11	67823502	68023502	harbor2	chr11	67835607	67835678	LTR/ERVL-MaLR	1293	-	36	67835643	12141
chr11	67823502	68023502	harbor2	chr11	67839209	67839334	LTR/ERVL-MaLR	781	-	62	67839271	15769
chr11	67823502	68023502	harbor2	chr11	67894327	67894401	LTR/ERVL-MaLR	885	-	37	67894364	70862
chr11	67823502	68023502	harbor2	chr11	67894700	67894955	LTR/ERVL-MaLR	885	-	128	67894828	71326
chr11	67823502	68023502	harbor2	chr11	67897400	67897978	LTR/ERVL-MaLR	1656	-	289	67897689	74187
chr11	67823502	68023502	harbor2	chr11	67910505	67910862	LTR/ERVL-MaLR	2197	-	178	67910683	87181
chr11	67823502	68023502	harbor2	chr11	67912415	67912766	LTR/ERVL-MaLR	2010	-	176	67912591	89089
chr11	67823502	68023502	harbor2	chr11	67878579	67878937	LTR/ERVL-MaLR	559	-	179	67878758	55256
chr11	67823502	68023502	harbor2	chr11	67910863	67912414	LTR/ERVL-MaLR	10935	-	776	67911639	88137
chr11	113602741	113802741	harbor2	chr11	113611571	113611813	LTR/ERVL-MaLR	736	-	121	113611692	8951
chr11	113602741	113802741	harbor2	chr11	113624829	113625187	LTR/ERVL-MaLR	2130	-	179	113625008	22267
chr11	113602741	113802741	harbor2	chr11	113626089	113626116	LTR/ERVL-MaLR	780	-	14	113626103	23362
chr11	113602741	113802741	harbor2	chr11	113626389	113626762	LTR/ERVL-MaLR	780	-	186	113626575	23834
chr11	113602741	113802741	harbor2	chr11	113651041	113651419	LTR/ERVL-MaLR	2078	-	189	113651230	48489
chr11	113602741	113802741	harbor2	chr11	113653858	113654211	LTR/ERVL-MaLR	2202	-	176	113654034	51293
chr11	97054077	97254077	harbor2	chr11	97061762	97062176	LTR/ERVL-MaLR	1807	-	207	97061969	7892
chr11	97054077	97254077	harbor2	chr11	97110056	97110663	LTR/ERVL-MaLR	1354	-	304	97110360	56283
chr11	97054077	97254077	harbor2	chr11	97122177	97122667	LTR/ERVL-MaLR	1494	-	245	97122422	68345
chr11	132269289	132469289	harbor2	chr11	132278185	132278519	LTR/ERVL-MaLR	1282	-	167	132278352	9063
chr11	132269289	132469289	harbor2	chr11	132284603	132284694	LTR/ERVL-MaLR	426	-	46	132284649	15360
chr11	132269289	132469289	harbor2	chr11	132301036	132301402	LTR/ERVL-MaLR	2598	-	183	132301219	31930
chr11	132269289	132469289	harbor2	chr11	132303179	132303632	LTR/ERVL-MaLR	1557	-	226	132303405	34116
chr11	132269289	132469289	harbor2	chr11	132354850	132355374	LTR/ERVL-MaLR	2319	-	262	132355112	85823
chr11	132269289	132469289	harbor2	chr11	132284210	132284529	LTR/ERVL-MaLR	1480	-	160	132284370	15081
chr11	105509477	105709477	harbor2	chr11	105517139	105517583	LTR/ERVL-MaLR	1294	-	222	105517361	7884
chr11	105509477	105709477	harbor2	chr11	105536075	105536524	LTR/ERVL-MaLR	2232	-	224	105536299	26822
chr11	105509477	105709477	harbor2	chr11	105538156	105538507	LTR/ERVL-MaLR	1364	-	176	105538332	28855
chr11	105509477	105709477	harbor2	chr11	105561030	105561440	LTR/ERVL-MaLR	1982	-	205	105561235	51758
chr11	64288974	64488974	harbor2	chr11	64327442	64327804	LTR/ERVL-MaLR	1277	-	181	64327623	38649
chr11	64288974	64488974	harbor2	chr11	64364039	64364506	LTR/ERVL-MaLR	552	-	234	64364273	75299
chr11	64288974	64488974	harbor2	chr11	64364507	64364734	LTR/ERVL-MaLR	418	-	114	64364621	75647
chr11	64288974	64488974	harbor2	chr11	64365053	64365090	LTR/ERVL-MaLR	418	-	18	64365071	76097
chr11	64288974	64488974	harbor2	chr11	64372728	64373133	LTR/ERVL-MaLR	461	-	202	64372930	83956
chr11	105057885	105257885	harbor2	chr11	105129541	105129905	LTR/ERVL-MaLR	1942	-	182	105129723	71838
chr11	105057885	105257885	harbor2	chr11	105129906	105131560	LTR/ERVL-MaLR	9352	-	827	105130733	72848
chr11	105057885	105257885	harbor2	chr11	105131563	105131707	LTR/ERVL-MaLR	770	-	72	105131635	73750
chr11	105057885	105257885	harbor2	chr11	105136616	105136954	LTR/ERVL-MaLR	2049	-	169	105136785	78900
chr11	105057885	105257885	harbor2	chr11	105150045	105150508	LTR/ERVL-MaLR	2043	-	232	105150277	92392
chr11	121785436	121985436	harbor2	chr11	121787720	121787843	LTR/ERVL-MaLR	397	-	62	121787782	2346
chr11	121785436	121985436	harbor2	chr11	121787897	121788172	LTR/ERVL-MaLR	522	-	138	121788035	2599
chr11	121785436	121985436	harbor2	chr11	121799523	121799876	LTR/ERVL-MaLR	1510	-	176	121799699	14263
chr11	121785436	121985436	harbor2	chr11	121843871	121844258	LTR/ERVL-MaLR	1242	-	194	121844065	58629
chr11	121785436	121985436	harbor2	chr11	121875640	121875993	LTR/ERVL-MaLR	1516	-	176	121875816	90380
chr11	106411230	106611230	harbor2	chr11	106413295	106413460	LTR/ERVL-MaLR	797	-	82	106413377	2147
chr11	106411230	106611230	harbor2	chr11	106481366	106481763	LTR/ERVL-MaLR	1229	-	198	106481564	70334
chr11	106411230	106611230	harbor2	chr11	106489650	106489997	LTR/ERVL-MaLR	1801	-	174	106489824	78594
chr11	106411230	106611230	harbor2	chr11	106499391	106499748	LTR/ERVL-MaLR	1562	-	178	106499569	88339
chr11	63225256	63425256	harbor2	chr11	63251092	63251449	LTR/ERVL-MaLR	2147	-	178	63251270	26014
chr11	63225256	63425256	harbor2	chr11	63267701	63267916	LTR/ERVL-MaLR	1596	-	108	63267809	42553
chr11	63225256	63425256	harbor2	chr11	63268283	63268430	LTR/ERVL-MaLR	1596	-	74	63268357	43101
chr11	63225256	63425256	harbor2	chr11	63292048	63292405	LTR/ERVL-MaLR	2441	-	178	63292226	66970
chr11	63225256	63425256	harbor2	chr11	63292499	63292872	LTR/ERVL-MaLR	2534	-	186	63292685	67429
chr11	63225256	63425256	harbor2	chr11	63309428	63309693	LTR/ERVL-MaLR	1648	-	132	63309560	84304
chr11	63225256	63425256	harbor2	chr11	63309963	63310156	LTR/ERVL-MaLR	1648	-	96	63310059	84803
chr11	122761608	122961608	harbor2	chr11	122769025	122769413	LTR/ERVL-MaLR	2171	-	194	122769219	7611
chr11	122761608	122961608	harbor2	chr11	122805032	122805247	LTR/ERVL-MaLR	1284	-	108	122805140	43532
chr11	122761608	122961608	harbor2	chr11	122805562	122805747	LTR/ERVL-MaLR	1272	-	92	122805654	44046
chr11	87536864	87736864	harbor2	chr11	87542179	87542553	LTR/ERVL-MaLR	2254	-	187	87542366	5502
chr11	87536864	87736864	harbor2	chr11	87542556	87544091	LTR/ERVL-MaLR	10225	-	768	87543324	6460
chr11	87536864	87736864	harbor2	chr11	87544092	87544462	LTR/ERVL-MaLR	2287	-	185	87544277	7413
chr11	87536864	87736864	harbor2	chr11	87544638	87545042	LTR/ERVL-MaLR	2306	-	202	87544840	7976
chr11	87536864	87736864	harbor2	chr11	87561078	87561442	LTR/ERVL-MaLR	1810	-	182	87561260	24396
chr11	87536864	87736864	harbor2	chr11	87575224	87575301	LTR/ERVL-MaLR	409	-	38	87575262	38398
chr11	87536864	87736864	harbor2	chr11	87600267	87600562	LTR/ERVL-MaLR	1224	-	148	87600415	63551
chr11	89426752	89626752	harbor2	chr11	89467423	89467774	LTR/ERVL-MaLR	1660	-	176	89467599	40847
chr11	89426752	89626752	harbor2	chr11	89494798	89494943	LTR/ERVL-MaLR	1646	-	72	89494870	68118
chr11	89426752	89626752	harbor2	chr11	89495269	89495621	LTR/ERVL-MaLR	1646	-	176	89495445	68693
chr11	50026457	50226457	harbor2	chr11	50084506	50084862	LTR/ERVL-MaLR	1650	-	178	50084684	58227
chr11	104576591	104776591	harbor2	chr11	104621954	104622307	LTR/ERVL-MaLR	1596	-	176	104622130	45539
chr11	104576591	104776591	harbor2	chr11	104643919	104644008	LTR/ERVL-MaLR	376	-	44	104643963	67372
chr11	104576591	104776591	harbor2	chr11	104643991	104644121	LTR/ERVL-MaLR	525	-	65	104644056	67465
chr11	104576591	104776591	harbor2	chr11	104657375	104657760	LTR/ERVL-MaLR	1597	-	192	104657567	80976
chr11	104576591	104776591	harbor2	chr11	104657788	104657876	LTR/ERVL-MaLR	1597	-	44	104657832	81241
chr11	104576591	104776591	harbor2	chr11	104658347	104658461	LTR/ERVL-MaLR	573	-	57	104658404	81813
chr11	134687844	134887844	harbor2	chr11	134717580	134717794	LTR/ERVL-MaLR	1147	-	107	134717687	29843
chr11	134687844	134887844	harbor2	chr11	134717848	134718522	LTR/ERVL-MaLR	1459	-	337	134718185	30341
chr11	134687844	134887844	harbor2	chr11	134751197	134751562	LTR/ERVL-MaLR	821	-	182	134751379	63535
chr11	134687844	134887844	harbor2	chr11	134752086	134752242	LTR/ERVL-MaLR	821	-	78	134752164	64320
chr11	134687844	134887844	harbor2	chr11	134754223	134754410	LTR/ERVL-MaLR	394	-	94	134754317	66473
chr11	134687844	134887844	harbor2	chr11	134775383	134775647	LTR/ERVL-MaLR	734	-	132	134775515	87671
chr11	133320641	133520641	harbor2	chr11	133365254	133365600	LTR/ERVL-MaLR	1426	-	173	133365427	44786
chr11	133320641	133520641	harbor2	chr11	133402040	133402426	LTR/ERVL-MaLR	1663	-	193	133402233	81592
chr11	133320641	133520641	harbor2	chr11	133403945	133404382	LTR/ERVL-MaLR	1003	-	218	133404163	83522
chr11	130939077	131139077	harbor2	chr11	130938992	130939746	LTR/ERVL-MaLR	1686	-	377	130939369	292
chr11	130939077	131139077	harbor2	chr11	130951934	130952302	LTR/ERVL-MaLR	1636	-	184	130952118	13041
chr11	96932710	97132710	harbor2	chr11	96965607	96966028	LTR/ERVL-MaLR	2548	-	210	96965817	33107
chr11	96932710	97132710	harbor2	chr11	96966080	96966449	LTR/ERVL-MaLR	2530	-	184	96966264	33554
chr11	96932710	97132710	harbor2	chr11	96983238	96983652	LTR/ERVL-MaLR	454	-	207	96983445	50735
chr11	96932710	97132710	harbor2	chr11	96993461	96993826	LTR/ERVL-MaLR	1743	-	182	96993643	60933
chr11	85107485	85307485	harbor2	chr11	85109032	85109201	LTR/ERVL-MaLR	609	-	84	85109116	1631
chr11	129224657	129424657	harbor2	chr11	129232602	129232890	LTR/ERVL-MaLR	1164	-	144	129232746	8089
chr11	129224657	129424657	harbor2	chr11	129267688	129268097	LTR/ERVL-MaLR	2187	-	204	129267892	43235
chr11	129224657	129424657	harbor2	chr11	129272208	129272664	LTR/ERVL-MaLR	631	-	228	129272436	47779
chr11	129224657	129424657	harbor2	chr11	129299613	129299903	LTR/ERVL-MaLR	567	-	145	129299758	75101
chr11	129224657	129424657	harbor2	chr11	129309356	129309600	LTR/ERVL-MaLR	2421	-	122	129309478	84821
chr11	129224657	129424657	harbor2	chr11	129309844	129310034	LTR/ERVL-MaLR	2421	-	95	129309939	85282
chr11	128042982	128242982	harbor2	chr11	128067192	128067535	LTR/ERVL-MaLR	2148	-	172	128067364	24382
chr11	128042982	128242982	harbor2	chr11	128067536	128069100	LTR/ERVL-MaLR	11276	-	782	128068318	25336
chr11	128042982	128242982	harbor2	chr11	128069101	128069439	LTR/ERVL-MaLR	2134	-	169	128069270	26288
chr11	128042982	128242982	harbor2	chr11	128088136	128088533	LTR/ERVL-MaLR	752	-	198	128088334	45352
chr11	128042982	128242982	harbor2	chr11	128090188	128090333	LTR/ERVL-MaLR	711	-	72	128090260	47278
chr11	128042982	128242982	harbor2	chr11	128093657	128093964	LTR/ERVL-MaLR	1852	-	154	128093811	50829
chr11	128042982	128242982	harbor2	chr11	128098809	128099173	LTR/ERVL-MaLR	1659	-	182	128098991	56009
chr11	128042982	128242982	harbor2	chr11	128088534	128090178	LTR/ERVL-MaLR	5926	-	822	128089356	46374
chr11	115763104	115963104	harbor2	chr11	115773098	115773639	LTR/ERVL-MaLR	560	-	270	115773368	10264
chr11	115763104	115963104	harbor2	chr11	115813487	115813845	LTR/ERVL-MaLR	2075	-	179	115813666	50562
chr11	115763104	115963104	harbor2	chr11	115844108	115844721	LTR/ERVL-MaLR	2064	-	306	115844414	81310
chr11	104219399	104419399	harbor2	chr11	104220678	104221014	LTR/ERVL-MaLR	1854	-	168	104220846	1447
chr11	104219399	104419399	harbor2	chr11	104227257	104227464	LTR/ERVL-MaLR	804	-	104	104227361	7962
chr11	104219399	104419399	harbor2	chr11	104243659	104244143	LTR/ERVL-MaLR	1750	-	242	104243901	24502
chr11	104219399	104419399	harbor2	chr11	104280419	104280882	LTR/ERVL-MaLR	2000	-	232	104280651	61252
chr11	104219399	104419399	harbor2	chr11	104289907	104290484	LTR/ERVL-MaLR	1844	-	288	104290195	70796
chr11	104219399	104419399	harbor2	chr11	104291532	104292105	LTR/ERVL-MaLR	694	-	286	104291818	72419
chr11	104219399	104419399	harbor2	chr11	104317208	104317784	LTR/ERVL-MaLR	1818	-	288	104317496	98097
chr11	104219399	104419399	harbor2	chr11	104300187	104300726	LTR/ERVL-MaLR	1825	-	270	104300457	81058
chr11	133691837	133891837	harbor2	chr11	133698486	133698858	LTR/ERVL-MaLR	625	-	186	133698672	6835
chr11	133691837	133891837	harbor2	chr11	133717773	133718123	LTR/ERVL-MaLR	1437	-	175	133717948	26111
chr11	133691837	133891837	harbor2	chr11	133729185	133729395	LTR/ERVL-MaLR	1806	-	105	133729290	37453
chr11	133691837	133891837	harbor2	chr11	133729697	133729849	LTR/ERVL-MaLR	1806	-	76	133729773	37936
chr11	133691837	133891837	harbor2	chr11	133735213	133735605	LTR/ERVL-MaLR	2241	-	196	133735409	43572
chr11	133691837	133891837	harbor2	chr11	133736187	133736503	LTR/ERVL-MaLR	1246	-	158	133736345	44508
chr11	133691837	133891837	harbor2	chr11	133742697	133743093	LTR/ERVL-MaLR	2015	-	198	133742895	51058
chr11	133691837	133891837	harbor2	chr11	133748622	133749004	LTR/ERVL-MaLR	1858	-	191	133748813	56976
chr11	128358885	128558885	harbor2	chr11	128370102	128370463	LTR/ERVL-MaLR	2062	-	180	128370282	11397
chr11	128358885	128558885	harbor2	chr11	128374758	128375097	LTR/ERVL-MaLR	1990	-	170	128374928	16043
chr11	128358885	128558885	harbor2	chr11	128378872	128379258	LTR/ERVL-MaLR	1504	-	193	128379065	20180
chr11	128358885	128558885	harbor2	chr11	128419046	128419506	LTR/ERVL-MaLR	1080	-	230	128419276	60391
chr11	72791212	72991212	harbor2	chr11	72806468	72806675	LTR/ERVL-MaLR	2204	-	104	72806572	15360
chr11	72791212	72991212	harbor2	chr11	72806992	72807185	LTR/ERVL-MaLR	2204	-	96	72807088	15876
chr11	100220962	100420962	harbor2	chr11	100242446	100242784	LTR/ERVL-MaLR	2000	-	169	100242615	21653
chr11	100220962	100420962	harbor2	chr11	100245009	100245251	LTR/ERVL-MaLR	501	-	121	100245130	24168
chr11	100220962	100420962	harbor2	chr11	100252685	100253019	LTR/ERVL-MaLR	808	-	167	100252852	31890
chr11	100220962	100420962	harbor2	chr11	100267117	100267253	LTR/ERVL-MaLR	896	-	68	100267185	46223
chr11	100220962	100420962	harbor2	chr11	100267282	100267471	LTR/ERVL-MaLR	896	-	94	100267376	46414
chr11	130078647	130278647	harbor2	chr11	130089597	130090019	LTR/ERVL-MaLR	1860	-	211	130089808	11161
chr11	130078647	130278647	harbor2	chr11	130158001	130158115	LTR/ERVL-MaLR	460	-	57	130158058	79411
chr11	130078647	130278647	harbor2	chr11	130158228	130158344	LTR/ERVL-MaLR	456	-	58	130158286	79639
chr11	114097142	114297142	harbor2	chr11	114122447	114122874	LTR/ERVL-MaLR	516	-	214	114122661	25519
chr11	114097142	114297142	harbor2	chr11	114122875	114123248	LTR/ERVL-MaLR	1613	-	186	114123061	25919
chr11	114097142	114297142	harbor2	chr11	114123249	114123286	LTR/ERVL-MaLR	516	-	18	114123267	26125
chr11	114097142	114297142	harbor2	chr11	114190811	114191242	LTR/ERVL-MaLR	2857	-	216	114191027	93885
chr11	114097142	114297142	harbor2	chr11	114191965	114192458	LTR/ERVL-MaLR	677	-	246	114192211	95069
chr11	95485116	95685116	harbor2	chr11	95507503	95508025	LTR/ERVL-MaLR	1080	-	261	95507764	22648
chr11	95485116	95685116	harbor2	chr11	95558414	95558634	LTR/ERVL-MaLR	659	-	110	95558524	73408
chr11	95485116	95685116	harbor2	chr11	95577204	95577449	LTR/ERVL-MaLR	1088	-	122	95577326	92210
chr11	95485116	95685116	harbor2	chr11	95577458	95577556	LTR/ERVL-MaLR	594	-	49	95577507	92391
chr11	95485116	95685116	harbor2	chr11	95577589	95578107	LTR/ERVL-MaLR	1334	-	259	95577848	92732
chr11	95485116	95685116	harbor2	chr11	95578108	95578522	LTR/ERVL-MaLR	1655	-	207	95578315	93199
chr11	95485116	95685116	harbor2	chr11	95578523	95578665	LTR/ERVL-MaLR	1334	-	71	95578594	93478
chr11	95485116	95685116	harbor2	chr11	95578956	95579036	LTR/ERVL-MaLR	1334	-	40	95578996	93880
chr11	95485116	95685116	harbor2	chr11	95579062	95579231	LTR/ERVL-MaLR	657	-	84	95579146	94030
chr11	95485116	95685116	harbor2	chr11	95579619	95579788	LTR/ERVL-MaLR	603	-	84	95579703	94587
chr11	94562424	94762424	harbor2	chr11	94570207	94570586	LTR/ERVL-MaLR	2106	-	190	94570397	7973
chr11	94562424	94762424	harbor2	chr11	94625290	94625640	LTR/ERVL-MaLR	2437	-	175	94625465	63041
chr11	94562424	94762424	harbor2	chr11	94625641	94627224	LTR/ERVL-MaLR	12351	-	792	94626433	64009
chr11	94562424	94762424	harbor2	chr11	94627225	94627581	LTR/ERVL-MaLR	2327	-	178	94627403	64979
chr11	126756558	126956558	harbor2	chr11	126783028	126783492	LTR/ERVL-MaLR	1857	-	232	126783260	26702
chr11	126756558	126956558	harbor2	chr11	126822563	126823023	LTR/ERVL-MaLR	1204	-	230	126822793	66235
chr11	25046314	25246314	harbor2	chr11	25060150	25060509	LTR/ERVL-MaLR	1758	-	180	25060330	14016
chr11	25046314	25246314	harbor2	chr11	25070406	25070602	LTR/ERVL-MaLR	543	-	98	25070504	24190
chr11	25046314	25246314	harbor2	chr11	25094870	25095186	LTR/ERVL-MaLR	1193	-	158	25095028	48714
chr11	25046314	25246314	harbor2	chr11	25104550	25104933	LTR/ERVL-MaLR	1871	-	192	25104742	58428
chr11	25046314	25246314	harbor2	chr11	25104934	25106569	LTR/ERVL-MaLR	9396	-	818	25105752	59438
chr11	25046314	25246314	harbor2	chr11	25106577	25106926	LTR/ERVL-MaLR	1678	-	174	25106751	60437
chr11	25046314	25246314	harbor2	chr11	25122365	25122724	LTR/ERVL-MaLR	2068	-	180	25122545	76231
chr11	25046314	25246314	harbor2	chr11	25126607	25126796	LTR/ERVL-MaLR	847	-	94	25126701	80387
chr11	101525974	101725974	harbor2	chr11	101533152	101533572	LTR/ERVL-MaLR	2143	-	210	101533362	7388
chr11	103600260	103800260	harbor2	chr11	103606213	103606385	LTR/ERVL-MaLR	640	-	86	103606299	6039
chr11	103600260	103800260	harbor2	chr11	103606398	103606707	LTR/ERVL-MaLR	861	-	154	103606552	6292
chr11	103600260	103800260	harbor2	chr11	103646984	103647365	LTR/ERVL-MaLR	2201	-	190	103647174	46914
chr11	103600260	103800260	harbor2	chr11	103659383	103659553	LTR/ERVL-MaLR	470	-	85	103659468	59208
chr11	126600636	126800636	harbor2	chr11	126648905	126649258	LTR/ERVL-MaLR	2284	-	176	126649081	48445
chr11	126600636	126800636	harbor2	chr11	126649259	126650812	LTR/ERVL-MaLR	11719	-	776	126650035	49399
chr11	126600636	126800636	harbor2	chr11	126650813	126651166	LTR/ERVL-MaLR	2420	-	176	126650989	50353
chr11	126600636	126800636	harbor2	chr11	126662378	126662753	LTR/ERVL-MaLR	1527	-	188	126662566	61930
chr11	126600636	126800636	harbor2	chr11	126668070	126668416	LTR/ERVL-MaLR	1980	-	173	126668243	67607
chr11	130471575	130671575	harbor2	chr11	130484378	130484760	LTR/ERVL-MaLR	2504	-	191	130484569	12994
chr11	130471575	130671575	harbor2	chr11	130521089	130521454	LTR/ERVL-MaLR	2200	-	182	130521271	49696
chr11	130471575	130671575	harbor2	chr11	130530715	130531096	LTR/ERVL-MaLR	1518	-	190	130530905	59330
chr11	130489213	130689213	harbor2	chr11	130521089	130521454	LTR/ERVL-MaLR	2200	-	182	130521271	32058
chr11	130489213	130689213	harbor2	chr11	130530715	130531096	LTR/ERVL-MaLR	1518	-	190	130530905	41692
chr11	130489213	130689213	harbor2	chr11	130579337	130579724	LTR/ERVL-MaLR	1866	-	194	130579531	90318
chr11	130489213	130689213	harbor2	chr11	130587065	130587391	LTR/ERVL-MaLR	1080	-	163	130587228	98015
chr11	67664312	67864312	harbor2	chr11	67681057	67681430	LTR/ERVL-MaLR	2752	-	186	67681243	16931
chr11	67664312	67864312	harbor2	chr11	67696398	67696552	LTR/ERVL-MaLR	708	-	77	67696475	32163
chr11	67664312	67864312	harbor2	chr11	67705432	67705617	LTR/ERVL-MaLR	399	-	92	67705524	41212
chr11	67664312	67864312	harbor2	chr11	67706332	67706729	LTR/ERVL-MaLR	1122	-	198	67706530	42218
chr11	67664312	67864312	harbor2	chr11	67707351	67707474	LTR/ERVL-MaLR	454	-	62	67707413	43101
chr11	116169971	116369971	harbor2	chr11	116217412	116217842	LTR/ERVL-MaLR	692	-	215	116217627	47656
chr11	116169971	116369971	harbor2	chr11	116217971	116218324	LTR/ERVL-MaLR	2352	-	176	116218147	48176
chr11	116169971	116369971	harbor2	chr11	116222103	116222467	LTR/ERVL-MaLR	2693	-	182	116222285	52314
chr11	116169971	116369971	harbor2	chr11	116228564	116229048	LTR/ERVL-MaLR	1505	-	242	116228806	58835
chr11	116169971	116369971	harbor2	chr11	116246534	116246890	LTR/ERVL-MaLR	2295	-	178	116246712	76741
chr11	116169971	116369971	harbor2	chr11	116252824	116252953	LTR/ERVL-MaLR	544	-	64	116252888	82917
chr11	116169971	116369971	harbor2	chr11	116254736	116255133	LTR/ERVL-MaLR	1802	-	198	116254934	84963
chr11	116169971	116369971	harbor2	chr11	116255134	116255286	LTR/ERVL-MaLR	864	-	76	116255210	85239
chr11	116169971	116369971	harbor2	chr11	116255623	116255819	LTR/ERVL-MaLR	434	-	98	116255721	85750
chr11	116169971	116369971	harbor2	chr11	116256936	116257420	LTR/ERVL-MaLR	1336	-	242	116257178	87207
chr11	111194744	111394744	harbor2	chr11	111200979	111201333	LTR/ERVL-MaLR	1918	-	177	111201156	6412
chr11	111194744	111394744	harbor2	chr11	111228239	111228618	LTR/ERVL-MaLR	1877	-	190	111228429	33685
chr11	111194744	111394744	harbor2	chr11	111236594	111237092	LTR/ERVL-MaLR	2078	-	249	111236843	42099
chr11	111194744	111394744	harbor2	chr11	111279319	111279763	LTR/ERVL-MaLR	1749	-	222	111279541	84797
chr11	23274216	23474216	harbor2	chr11	23275067	23275571	LTR/ERVL-MaLR	1618	-	252	23275319	1103
chr11	23274216	23474216	harbor2	chr11	23293651	23294069	LTR/ERVL-MaLR	2520	-	209	23293860	19644
chr11	23274216	23474216	harbor2	chr11	23312984	23313364	LTR/ERVL-MaLR	1753	-	190	23313174	38958
chr11	23274216	23474216	harbor2	chr11	23313633	23313820	LTR/ERVL-MaLR	1753	-	94	23313727	39511
chr11	23274216	23474216	harbor2	chr11	23318354	23318447	LTR/ERVL-MaLR	376	-	46	23318400	44184
chr11	23274216	23474216	harbor2	chr11	23318647	23318948	LTR/ERVL-MaLR	822	-	150	23318797	44581
chr11	23274216	23474216	harbor2	chr11	23319107	23319269	LTR/ERVL-MaLR	500	-	81	23319188	44972
chr11	23274216	23474216	harbor2	chr11	23353297	23354077	LTR/ERVL-MaLR	2708	-	390	23353687	79471
chr11	23274216	23474216	harbor2	chr11	23354379	23354657	LTR/ERVL-MaLR	2708	-	139	23354518	80302
chr11	23274216	23474216	harbor2	chr11	23354661	23354971	LTR/ERVL-MaLR	1287	-	155	23354816	80600
chr11	23274216	23474216	harbor2	chr11	23354972	23355324	LTR/ERVL-MaLR	1610	-	176	23355148	80932
chr11	23274216	23474216	harbor2	chr11	23355325	23355349	LTR/ERVL-MaLR	1287	-	12	23355337	81121
chr11	23274216	23474216	harbor2	chr11	23355662	23355816	LTR/ERVL-MaLR	1287	-	77	23355739	81523
chr11	23274216	23474216	harbor2	chr11	23357553	23357960	LTR/ERVL-MaLR	2159	-	204	23357757	83541
chr11	23274216	23474216	harbor2	chr11	23362073	23362448	LTR/ERVL-MaLR	2005	-	188	23362261	88045
chr11	23274216	23474216	harbor2	chr11	23364025	23364384	LTR/ERVL-MaLR	1638	-	180	23364205	89989
chr11	23274216	23474216	harbor2	chr11	23364641	23364989	LTR/ERVL-MaLR	1503	-	174	23364815	90599
chr11	23274216	23474216	harbor2	chr11	23362449	23364024	LTR/ERVL-MaLR	11174	-	788	23363237	89021
chr11	113508218	113708218	harbor2	chr11	113526996	113527286	LTR/ERVL-MaLR	1244	-	145	113527141	18923
chr11	113508218	113708218	harbor2	chr11	113543396	113543849	LTR/ERVL-MaLR	999	-	226	113543622	35404
chr11	113508218	113708218	harbor2	chr11	113560617	113560975	LTR/ERVL-MaLR	2275	-	179	113560796	52578
chr11	113508218	113708218	harbor2	chr11	113574656	113575206	LTR/ERVL-MaLR	2223	-	275	113574931	66713
chr11	113508218	113708218	harbor2	chr11	113595270	113595590	LTR/ERVL-MaLR	1141	-	160	113595430	87212
chr11	102412967	102612967	harbor2	chr11	102498366	102498531	LTR/ERVL-MaLR	517	-	82	102498448	85481
chr11	102412967	102612967	harbor2	chr11	102498554	102498952	LTR/ERVL-MaLR	755	-	199	102498753	85786
chr11	102412967	102612967	harbor2	chr11	102499714	102500000	LTR/ERVL-MaLR	1409	-	143	102499857	86890
chr11	102412967	102612967	harbor2	chr11	102500002	102500113	LTR/ERVL-MaLR	551	-	56	102500058	87091
chr11	116627019	116827019	harbor2	chr11	116627404	116627595	LTR/ERVL-MaLR	890	-	96	116627500	481
chr11	116627019	116827019	harbor2	chr11	116627698	116628001	LTR/ERVL-MaLR	1028	-	152	116627850	831
chr11	116627019	116827019	harbor2	chr11	116628006	116628137	LTR/ERVL-MaLR	540	-	66	116628072	1053
chr11	116627019	116827019	harbor2	chr11	116628138	116628501	LTR/ERVL-MaLR	2328	-	182	116628320	1301
chr11	116627019	116827019	harbor2	chr11	116628502	116628519	LTR/ERVL-MaLR	540	-	8	116628510	1491
chr11	116627019	116827019	harbor2	chr11	116628520	116628922	LTR/ERVL-MaLR	2449	-	201	116628721	1702
chr11	116627019	116827019	harbor2	chr11	116628923	116629027	LTR/ERVL-MaLR	540	-	52	116628975	1956
chr11	116627019	116827019	harbor2	chr11	116629029	116630409	LTR/ERVL-MaLR	5380	-	690	116629719	2700
chr11	116627019	116827019	harbor2	chr11	116630410	116630854	LTR/ERVL-MaLR	1732	-	222	116630632	3613
chr11	116627019	116827019	harbor2	chr11	116634678	116635022	LTR/ERVL-MaLR	1949	-	172	116634850	7831
chr11	116627019	116827019	harbor2	chr11	116658172	116658537	LTR/ERVL-MaLR	1308	-	182	116658354	31335
chr11	116627019	116827019	harbor2	chr11	116664404	116664472	LTR/ERVL-MaLR	391	-	34	116664438	37419
chr11	116627019	116827019	harbor2	chr11	116678556	116678712	LTR/ERVL-MaLR	571	-	78	116678634	51615
chr11	116627019	116827019	harbor2	chr11	116678770	116679148	LTR/ERVL-MaLR	1429	-	189	116678959	51940
chr11	116627019	116827019	harbor2	chr11	116679596	116680559	LTR/ERVL-MaLR	1114	-	482	116680078	53059
chr11	116627019	116827019	harbor2	chr11	116680742	116681106	LTR/ERVL-MaLR	1025	-	182	116680924	53905
chr11	116627019	116827019	harbor2	chr11	116683870	116684229	LTR/ERVL-MaLR	1732	-	180	116684050	57031
chr11	116627019	116827019	harbor2	chr11	116690322	116690358	LTR/ERVL-MaLR	2236	-	18	116690340	63321
chr11	116627019	116827019	harbor2	chr11	116690639	116690980	LTR/ERVL-MaLR	2236	-	170	116690809	63790
chr11	116627019	116827019	harbor2	chr11	116713740	116714068	LTR/ERVL-MaLR	1751	-	164	116713904	86885
chr11	116627019	116827019	harbor2	chr11	116716461	116717020	LTR/ERVL-MaLR	506	-	280	116716741	89722
chr11	133417051	133617051	harbor2	chr11	133449455	133449860	LTR/ERVL-MaLR	729	-	202	133449657	32606
chr11	133417051	133617051	harbor2	chr11	133465041	133465450	LTR/ERVL-MaLR	1124	-	204	133465245	48194
chr11	36611572	36811572	harbor2	chr11	36639429	36639830	LTR/ERVL-MaLR	1790	-	200	36639629	28057
chr11	36611572	36811572	harbor2	chr11	36648504	36648886	LTR/ERVL-MaLR	544	-	191	36648695	37123
chr11	130280572	130480572	harbor2	chr11	130325019	130325305	LTR/ERVL-MaLR	1040	-	143	130325162	44590
chr11	130280572	130480572	harbor2	chr11	130325973	130326055	LTR/ERVL-MaLR	950	-	41	130326014	45442
chr11	130280572	130480572	harbor2	chr11	130326346	130326464	LTR/ERVL-MaLR	950	-	59	130326405	45833
chr11	130280572	130480572	harbor2	chr11	130358944	130359392	LTR/ERVL-MaLR	2463	-	224	130359168	78596
chr11	130280572	130480572	harbor2	chr11	130360606	130360834	LTR/ERVL-MaLR	1408	-	114	130360720	80148
chr11	130280572	130480572	harbor2	chr11	130361138	130361269	LTR/ERVL-MaLR	1408	-	66	130361204	80632
chr11	130280572	130480572	harbor2	chr11	130370348	130370871	LTR/ERVL-MaLR	1059	-	262	130370610	90038
chr11	134616501	134816501	harbor2	chr11	134631492	134631674	LTR/ERVL-MaLR	937	-	91	134631583	15082
chr11	134616501	134816501	harbor2	chr11	134631969	134632120	LTR/ERVL-MaLR	937	-	76	134632045	15544
chr11	134616501	134816501	harbor2	chr11	134663294	134663652	LTR/ERVL-MaLR	1471	-	179	134663473	46972
chr11	134616501	134816501	harbor2	chr11	134671571	134671954	LTR/ERVL-MaLR	1764	-	192	134671763	55262
chr11	100205624	100405624	harbor2	chr11	100208198	100208662	LTR/ERVL-MaLR	1473	-	232	100208430	2806
chr11	100205624	100405624	harbor2	chr11	100208756	100209153	LTR/ERVL-MaLR	651	-	198	100208954	3330
chr11	100205624	100405624	harbor2	chr11	100214382	100214767	LTR/ERVL-MaLR	749	-	192	100214574	8950
chr11	100205624	100405624	harbor2	chr11	100214780	100214969	LTR/ERVL-MaLR	572	-	94	100214874	9250
chr11	100205624	100405624	harbor2	chr11	100215161	100215417	LTR/ERVL-MaLR	733	-	128	100215289	9665
chr11	100205624	100405624	harbor2	chr11	100242446	100242784	LTR/ERVL-MaLR	2000	-	169	100242615	36991
chr11	100205624	100405624	harbor2	chr11	100245009	100245251	LTR/ERVL-MaLR	501	-	121	100245130	39506
chr11	100205624	100405624	harbor2	chr11	100252685	100253019	LTR/ERVL-MaLR	808	-	167	100252852	47228
chr11	100205624	100405624	harbor2	chr11	100267117	100267253	LTR/ERVL-MaLR	896	-	68	100267185	61561
chr11	100205624	100405624	harbor2	chr11	100267282	100267471	LTR/ERVL-MaLR	896	-	94	100267376	61752
chr11	122637951	122837951	harbor2	chr11	122658803	122659281	LTR/ERVL-MaLR	1837	-	239	122659042	21091
chr11	122637951	122837951	harbor2	chr11	122669099	122669560	LTR/ERVL-MaLR	1807	-	230	122669329	31378
chr11	122637951	122837951	harbor2	chr11	122677726	122677785	LTR/ERVL-MaLR	391	-	30	122677756	39805
chr11	122637951	122837951	harbor2	chr11	122678079	122678229	LTR/ERVL-MaLR	776	-	75	122678154	40203
chr11	134931997	135131997	harbor2	chr11	134938042	134938483	LTR/ERVL-MaLR	1579	-	220	134938262	6265
chr11	134931997	135131997	harbor2	chr11	134949328	134949853	LTR/ERVL-MaLR	1822	-	262	134949590	17593
chr11	69199813	69399813	harbor2	chr11	69213431	69213793	LTR/ERVL-MaLR	2480	-	181	69213612	13799
chr11	69199813	69399813	harbor2	chr11	69218513	69218843	LTR/ERVL-MaLR	1765	-	165	69218678	18865
chr11	69199813	69399813	harbor2	chr11	69230711	69231261	LTR/ERVL-MaLR	1476	-	275	69230986	31173
chr11	69199813	69399813	harbor2	chr11	69234929	69235169	LTR/ERVL-MaLR	639	-	120	69235049	35236
chr11	69199813	69399813	harbor2	chr11	69237952	69238137	LTR/ERVL-MaLR	826	-	92	69238044	38231
chr11	69199813	69399813	harbor2	chr11	69238142	69238261	LTR/ERVL-MaLR	648	-	60	69238202	38389
chr11	69199813	69399813	harbor2	chr11	69246584	69246708	LTR/ERVL-MaLR	768	-	62	69246646	46833
chr11	69199813	69399813	harbor2	chr11	69246963	69247045	LTR/ERVL-MaLR	768	-	41	69247004	47191
chr11	69199813	69399813	harbor2	chr11	69253216	69253481	LTR/ERVL-MaLR	448	-	132	69253348	53535
chr11	69199813	69399813	harbor2	chr11	69254116	69254245	LTR/ERVL-MaLR	492	-	64	69254180	54367
chr11	69199813	69399813	harbor2	chr11	69254237	69254341	LTR/ERVL-MaLR	385	-	52	69254289	54476
chr11	69199813	69399813	harbor2	chr11	69256117	69256479	LTR/ERVL-MaLR	2161	-	181	69256298	56485
chr11	69199813	69399813	harbor2	chr11	69289769	69290377	LTR/ERVL-MaLR	1683	-	304	69290073	90260
chr11	115500745	115700745	harbor2	chr11	115532867	115533081	LTR/ERVL-MaLR	909	-	107	115532974	32229
chr11	115500745	115700745	harbor2	chr11	115533385	115533562	LTR/ERVL-MaLR	909	-	88	115533473	32728
chr11	82367958	82567958	harbor2	chr11	82376506	82376869	LTR/ERVL-MaLR	1978	-	182	82376688	8730
chr11	82367958	82567958	harbor2	chr11	82379714	82380078	LTR/ERVL-MaLR	2124	-	182	82379896	11938
chr11	82367958	82567958	harbor2	chr11	82393096	82393406	LTR/ERVL-MaLR	1225	-	155	82393251	25293
chr11	82367958	82567958	harbor2	chr11	82395967	82396560	LTR/ERVL-MaLR	2482	-	296	82396263	28305
chr11	82367958	82567958	harbor2	chr11	82467237	82467386	LTR/ERVL-MaLR	415	-	74	82467311	99353
chr11	122268206	122468206	harbor2	chr11	122297140	122297462	LTR/ERVL-MaLR	2427	-	161	122297301	29095
chr11	122268206	122468206	harbor2	chr11	122297755	122297856	LTR/ERVL-MaLR	2427	-	50	122297805	29599
chr11	122268206	122468206	harbor2	chr11	122297861	122299508	LTR/ERVL-MaLR	8066	-	824	122298685	30479
chr11	122268206	122468206	harbor2	chr11	122299509	122299913	LTR/ERVL-MaLR	2294	-	202	122299711	31505
chr11	122268206	122468206	harbor2	chr11	122342368	122342750	LTR/ERVL-MaLR	1912	-	191	122342559	74353
chr11	90302240	90502240	harbor2	chr11	90339844	90340251	LTR/ERVL-MaLR	1969	-	204	90340048	37808
chr11	90302240	90502240	harbor2	chr11	90361480	90361928	LTR/ERVL-MaLR	1131	-	224	90361704	59464
chr11	90302240	90502240	harbor2	chr11	90397409	90397747	LTR/ERVL-MaLR	1095	-	169	90397578	95338
chr11	97093032	97293032	harbor2	chr11	97110056	97110663	LTR/ERVL-MaLR	1354	-	304	97110360	17328
chr11	97093032	97293032	harbor2	chr11	97122177	97122667	LTR/ERVL-MaLR	1494	-	245	97122422	29390
chr11	97093032	97293032	harbor2	chr11	97172306	97172658	LTR/ERVL-MaLR	2155	-	176	97172482	79450
chr11	97093032	97293032	harbor2	chr11	97176357	97176781	LTR/ERVL-MaLR	1515	-	212	97176569	83537
chr11	97093032	97293032	harbor2	chr11	97177685	97178037	LTR/ERVL-MaLR	1942	-	176	97177861	84829
chr11	130437790	130637790	harbor2	chr11	130441176	130441581	LTR/ERVL-MaLR	2692	-	202	130441378	3588
chr11	130437790	130637790	harbor2	chr11	130484378	130484760	LTR/ERVL-MaLR	2504	-	191	130484569	46779
chr11	130437790	130637790	harbor2	chr11	130521089	130521454	LTR/ERVL-MaLR	2200	-	182	130521271	83481
chr11	130437790	130637790	harbor2	chr11	130530715	130531096	LTR/ERVL-MaLR	1518	-	190	130530905	93115
chr11	39943085	40143085	harbor2	chr11	40007064	40007441	LTR/ERVL-MaLR	1473	-	188	40007252	64167
chr11	39943085	40143085	harbor2	chr11	40025014	40025394	LTR/ERVL-MaLR	2130	-	190	40025204	82119
chr11	39943085	40143085	harbor2	chr11	40031780	40031989	LTR/ERVL-MaLR	891	-	104	40031884	88799
chr11	39943085	40143085	harbor2	chr11	40036456	40036865	LTR/ERVL-MaLR	1676	-	204	40036660	93575
chr11	59501102	59701102	harbor2	chr11	59518242	59518480	LTR/ERVL-MaLR	836	-	119	59518361	17259
chr11	59501102	59701102	harbor2	chr11	59518686	59518969	LTR/ERVL-MaLR	797	-	142	59518828	17726
chr11	59501102	59701102	harbor2	chr11	59522387	59522702	LTR/ERVL-MaLR	1130	-	158	59522545	21443
chr11	59501102	59701102	harbor2	chr11	59540001	59540357	LTR/ERVL-MaLR	2110	-	178	59540179	39077
chr11	115379566	115579566	harbor2	chr11	115386385	115386823	LTR/ERVL-MaLR	2886	-	219	115386604	7038
chr11	115379566	115579566	harbor2	chr11	115468752	115469116	LTR/ERVL-MaLR	2554	-	182	115468934	89368
chr11	129036300	129236300	harbor2	chr11	129131573	129131739	LTR/ERVL-MaLR	916	-	83	129131656	95356
chr11	129036300	129236300	harbor2	chr11	129132946	129133165	LTR/ERVL-MaLR	920	-	110	129133056	96756
chr11	133309979	133509979	harbor2	chr11	133365254	133365600	LTR/ERVL-MaLR	1426	-	173	133365427	55448
chr11	133309979	133509979	harbor2	chr11	133402040	133402426	LTR/ERVL-MaLR	1663	-	193	133402233	92254
chr11	133309979	133509979	harbor2	chr11	133403945	133404382	LTR/ERVL-MaLR	1003	-	218	133404163	94184
chr11	117695936	117895936	harbor2	chr11	117709193	117709570	LTR/ERVL-MaLR	1578	-	188	117709381	13445
chr11	117695936	117895936	harbor2	chr11	117736047	117736567	LTR/ERVL-MaLR	1658	-	260	117736307	40371
chr11	126733061	126933061	harbor2	chr11	126783028	126783492	LTR/ERVL-MaLR	1857	-	232	126783260	50199
chr11	126733061	126933061	harbor2	chr11	126822563	126823023	LTR/ERVL-MaLR	1204	-	230	126822793	89732
chr11	110259290	110459290	harbor2	chr11	110312217	110312565	LTR/ERVL-MaLR	2417	-	174	110312391	53101
chr11	110259290	110459290	harbor2	chr11	110315983	110316053	LTR/ERVL-MaLR	1800	-	35	110316018	56728
chr11	110259290	110459290	harbor2	chr11	110316352	110316682	LTR/ERVL-MaLR	1800	-	165	110316517	57227
chr11	110259290	110459290	harbor2	chr11	110330356	110330722	LTR/ERVL-MaLR	5800	-	183	110330539	71249
chr11	110259290	110459290	harbor2	chr11	110330723	110331132	LTR/ERVL-MaLR	1974	-	204	110330927	71637
chr11	110259290	110459290	harbor2	chr11	110329450	110330059	LTR/ERVL-MaLR	5800	-	304	110329754	70464
chr11	103890630	104090630	harbor2	chr11	103895247	103895541	LTR/ERVL-MaLR	417	-	147	103895394	4764
chr11	103890630	104090630	harbor2	chr11	103895636	103895899	LTR/ERVL-MaLR	395	-	132	103895768	5138
chr11	103890630	104090630	harbor2	chr11	103895979	103896063	LTR/ERVL-MaLR	375	-	42	103896021	5391
chr11	103890630	104090630	harbor2	chr11	103934483	103934871	LTR/ERVL-MaLR	2043	-	194	103934677	44047
chr11	103890630	104090630	harbor2	chr11	103960683	103961034	LTR/ERVL-MaLR	1354	-	176	103960859	70229
chr11	123814436	124014436	harbor2	chr11	123818618	123818988	LTR/ERVL-MaLR	1079	-	185	123818803	4367
chr11	123814436	124014436	harbor2	chr11	123839160	123839662	LTR/ERVL-MaLR	2239	-	251	123839411	24975
chr11	123814436	124014436	harbor2	chr11	123856914	123857259	LTR/ERVL-MaLR	2235	-	172	123857086	42650
chr11	123814436	124014436	harbor2	chr11	123872986	123873283	LTR/ERVL-MaLR	2102	-	148	123873134	58698
chr11	123814436	124014436	harbor2	chr11	123873760	123874211	LTR/ERVL-MaLR	904	-	226	123873986	59550
chr11	123814436	124014436	harbor2	chr11	123863002	123863238	LTR/ERVL-MaLR	1200	-	118	123863120	48684
chr11	55856429	56056429	harbor2	chr11	55927101	55927411	LTR/ERVL-MaLR	1362	-	155	55927256	70827
chr11	55856429	56056429	harbor2	chr11	55944871	55945088	LTR/ERVL-MaLR	496	-	108	55944979	88550
chr11	55856429	56056429	harbor2	chr11	55945822	55946165	LTR/ERVL-MaLR	983	-	172	55945994	89565
chr11	128712559	128912559	harbor2	chr11	128722880	128723221	LTR/ERVL-MaLR	1311	-	170	128723050	10491
chr11	128712559	128912559	harbor2	chr11	128749261	128749339	LTR/ERVL-MaLR	376	-	39	128749300	36741
chr11	128712559	128912559	harbor2	chr11	128749349	128749646	LTR/ERVL-MaLR	705	-	148	128749497	36938
chr11	128712559	128912559	harbor2	chr11	128756147	128756542	LTR/ERVL-MaLR	2090	-	198	128756345	43786
chr11	128712559	128912559	harbor2	chr11	128712460	128712800	LTR/ERVL-MaLR	2003	-	170	128712630	71
chr11	132348085	132548085	harbor2	chr11	132354850	132355374	LTR/ERVL-MaLR	2319	-	262	132355112	7027
chr11	132348085	132548085	harbor2	chr11	132399287	132399689	LTR/ERVL-MaLR	1266	-	201	132399488	51403
chr11	131570265	131770265	harbor2	chr11	131588184	131588377	LTR/ERVL-MaLR	604	-	96	131588280	18015
chr11	131570265	131770265	harbor2	chr11	131629797	131630237	LTR/ERVL-MaLR	733	-	220	131630017	59752
chr11	128241785	128441785	harbor2	chr11	128308316	128308560	LTR/ERVL-MaLR	608	-	122	128308438	66653
chr11	128241785	128441785	harbor2	chr11	128314048	128314415	LTR/ERVL-MaLR	1830	-	184	128314232	72447
chr11	128241785	128441785	harbor2	chr11	128314416	128315953	LTR/ERVL-MaLR	10900	-	768	128315184	73399
chr11	128241785	128441785	harbor2	chr11	128315954	128316323	LTR/ERVL-MaLR	1848	-	184	128316138	74353
chr11	131144361	131344361	harbor2	chr11	131153238	131153589	LTR/ERVL-MaLR	2165	-	176	131153414	9053
chr11	131144361	131344361	harbor2	chr11	131187943	131188269	LTR/ERVL-MaLR	1950	-	163	131188106	43745
chr11	131144361	131344361	harbor2	chr11	131215836	131216203	LTR/ERVL-MaLR	555	-	184	131216020	71659
chr11	131144361	131344361	harbor2	chr11	131224750	131224900	LTR/ERVL-MaLR	472	-	75	131224825	80464
chr11	131144361	131344361	harbor2	chr11	131229324	131229550	LTR/ERVL-MaLR	768	-	113	131229437	85076
chr11	106184289	106384289	harbor2	chr11	106216342	106216884	LTR/ERVL-MaLR	1388	-	271	106216613	32324
chr11	106184289	106384289	harbor2	chr11	106236326	106236543	LTR/ERVL-MaLR	676	-	108	106236434	52145
chr11	106184289	106384289	harbor2	chr11	106236843	106237124	LTR/ERVL-MaLR	676	-	140	106236983	52694
chr11	106184289	106384289	harbor2	chr11	106248356	106248770	LTR/ERVL-MaLR	1249	-	207	106248563	64274
chr11	129947930	130147930	harbor2	chr11	130020349	130020807	LTR/ERVL-MaLR	1471	-	229	130020578	72648
chr11	95334600	95534600	harbor2	chr11	95366944	95367349	LTR/ERVL-MaLR	2642	-	202	95367146	32546
chr11	95334600	95534600	harbor2	chr11	95375897	95376399	LTR/ERVL-MaLR	2029	-	251	95376148	41548
chr11	95334600	95534600	harbor2	chr11	95391126	95391515	LTR/ERVL-MaLR	1720	-	194	95391320	56720
chr11	95334600	95534600	harbor2	chr11	95391530	95392023	LTR/ERVL-MaLR	2050	-	246	95391776	57176
chr11	95334600	95534600	harbor2	chr11	95392020	95392213	LTR/ERVL-MaLR	800	-	96	95392116	57516
chr11	95334600	95534600	harbor2	chr11	95392216	95392609	LTR/ERVL-MaLR	2175	-	196	95392412	57812
chr11	103314444	103514444	harbor2	chr11	103350560	103350934	LTR/ERVL-MaLR	1429	-	187	103350747	36303
chr11	103314444	103514444	harbor2	chr11	103351027	103351196	LTR/ERVL-MaLR	415	-	84	103351111	36667
chr11	103314444	103514444	harbor2	chr11	103351304	103351505	LTR/ERVL-MaLR	645	-	100	103351404	36960
chr11	103314444	103514444	harbor2	chr11	103393693	103394046	LTR/ERVL-MaLR	2224	-	176	103393869	79425
chr11	103314444	103514444	harbor2	chr11	103395517	103395912	LTR/ERVL-MaLR	548	-	198	103395715	81271
chr11	103314444	103514444	harbor2	chr11	103399936	103400466	LTR/ERVL-MaLR	798	-	265	103400201	85757
chr11	96855014	97055014	harbor2	chr11	96887931	96888288	LTR/ERVL-MaLR	1440	-	178	96888109	33095
chr11	96855014	97055014	harbor2	chr11	96907964	96908296	LTR/ERVL-MaLR	1590	-	166	96908130	53116
chr11	96855014	97055014	harbor2	chr11	96920436	96920528	LTR/ERVL-MaLR	416	-	46	96920482	65468
chr11	128412072	128612072	harbor2	chr11	128419046	128419506	LTR/ERVL-MaLR	1080	-	230	128419276	7204
chr11	110857651	111057651	harbor2	chr11	110863612	110863977	LTR/ERVL-MaLR	900	-	182	110863794	6143
chr11	110857651	111057651	harbor2	chr11	110895846	110896226	LTR/ERVL-MaLR	2236	-	190	110896036	38385
chr11	110857651	111057651	harbor2	chr11	110902166	110902600	LTR/ERVL-MaLR	1997	-	217	110902383	44732
chr11	110857651	111057651	harbor2	chr11	110935252	110935517	LTR/ERVL-MaLR	591	-	132	110935384	77733
chr11	110857651	111057651	harbor2	chr11	110948698	110949053	LTR/ERVL-MaLR	2312	-	178	110948876	91225
chr11	110857651	111057651	harbor2	chr11	110954791	110955201	LTR/ERVL-MaLR	2553	-	205	110954996	97345
chr11	101883569	102083569	harbor2	chr11	101940464	101940938	LTR/ERVL-MaLR	705	-	237	101940701	57132
chr11	101883569	102083569	harbor2	chr11	101945548	101945802	LTR/ERVL-MaLR	633	-	127	101945675	62106
chr11	35095635	35295635	harbor2	chr11	35105280	35105806	LTR/ERVL-MaLR	2906	-	263	35105543	9908
chr11	35095635	35295635	harbor2	chr11	35110190	35110353	LTR/ERVL-MaLR	490	-	82	35110272	14637
chr11	35095635	35295635	harbor2	chr11	35132786	35133026	LTR/ERVL-MaLR	554	-	120	35132906	37271
chr11	35095635	35295635	harbor2	chr11	35154817	35155314	LTR/ERVL-MaLR	928	-	248	35155065	59430
chr11	79010269	79210269	harbor2	chr11	79010453	79010800	LTR/ERVL-MaLR	2349	-	174	79010627	358
chr11	79010269	79210269	harbor2	chr11	79076289	79076621	LTR/ERVL-MaLR	2204	-	166	79076455	66186
chr11	72470280	72670280	harbor2	chr11	72487599	72487983	LTR/ERVL-MaLR	1575	-	192	72487791	17511
chr11	72470280	72670280	harbor2	chr11	72505561	72505709	LTR/ERVL-MaLR	2218	-	74	72505635	35355
chr11	72470280	72670280	harbor2	chr11	72506014	72506288	LTR/ERVL-MaLR	2218	-	137	72506151	35871
chr11	72470280	72670280	harbor2	chr11	72506290	72507590	LTR/ERVL-MaLR	7705	-	650	72506940	36660
chr11	72470280	72670280	harbor2	chr11	72507813	72507985	LTR/ERVL-MaLR	2242	-	86	72507899	37619
chr11	72470280	72670280	harbor2	chr11	72508318	72508501	LTR/ERVL-MaLR	2242	-	92	72508410	38130
chr11	72470280	72670280	harbor2	chr11	72508502	72508902	LTR/ERVL-MaLR	2151	-	200	72508702	38422
chr11	72470280	72670280	harbor2	chr11	72528304	72528428	LTR/ERVL-MaLR	464	-	62	72528366	58086
chr11	72470280	72670280	harbor2	chr11	72548950	72548971	LTR/ERVL-MaLR	385	-	10	72548960	78680
chr11	72470280	72670280	harbor2	chr11	72549280	72549463	LTR/ERVL-MaLR	385	-	92	72549372	79092
chr11	72470280	72670280	harbor2	chr11	72549708	72549859	LTR/ERVL-MaLR	508	-	76	72549784	79504
chr11	72470280	72670280	harbor2	chr11	72554128	72554564	LTR/ERVL-MaLR	1242	-	218	72554346	84066
chr11	111436508	111636508	harbor2	chr11	111439935	111440324	LTR/ERVL-MaLR	1546	-	194	111440129	3621
chr11	111436508	111636508	harbor2	chr11	111463633	111464007	LTR/ERVL-MaLR	2831	-	187	111463820	27312
chr11	111436508	111636508	harbor2	chr11	111464299	111464468	LTR/ERVL-MaLR	2831	-	84	111464383	27875
chr11	111436508	111636508	harbor2	chr11	111475743	111476108	LTR/ERVL-MaLR	2406	-	182	111475925	39417
chr11	128939709	129139709	harbor2	chr11	128952655	128953141	LTR/ERVL-MaLR	1844	-	243	128952898	13189
chr11	109407424	109607424	harbor2	chr11	109415858	109416396	LTR/ERVL-MaLR	1824	-	269	109416127	8703
chr11	109407424	109607424	harbor2	chr11	109505137	109505473	LTR/ERVL-MaLR	630	-	168	109505305	97881
chr11	109407424	109607424	harbor2	chr11	109505639	109506408	LTR/ERVL-MaLR	2162	-	384	109506023	98599
chr11	109407424	109607424	harbor2	chr11	109506661	109507080	LTR/ERVL-MaLR	2162	-	210	109506871	99447
chr11	109407424	109607424	harbor2	chr11	109507091	109507465	LTR/ERVL-MaLR	494	-	187	109507278	99854
chr11	78135329	78335329	harbor2	chr11	78141316	78141559	LTR/ERVL-MaLR	1215	-	122	78141438	6109
chr11	78135329	78335329	harbor2	chr11	78145556	78145747	LTR/ERVL-MaLR	1083	-	96	78145652	10323
chr11	78135329	78335329	harbor2	chr11	78146608	78146828	LTR/ERVL-MaLR	1478	-	110	78146718	11389
chr11	78135329	78335329	harbor2	chr11	78147138	78147299	LTR/ERVL-MaLR	1478	-	80	78147218	11889
chr11	78135329	78335329	harbor2	chr11	78161678	78161887	LTR/ERVL-MaLR	835	-	104	78161782	26453
chr11	78135329	78335329	harbor2	chr11	78164573	78164787	LTR/ERVL-MaLR	1620	-	107	78164680	29351
chr11	78135329	78335329	harbor2	chr11	78165390	78165531	LTR/ERVL-MaLR	1620	-	70	78165460	30131
chr11	78135329	78335329	harbor2	chr11	78207886	78208292	LTR/ERVL-MaLR	1415	-	203	78208089	72760
chr11	78135329	78335329	harbor2	chr11	78235002	78235154	LTR/ERVL-MaLR	4834	-	76	78235078	99749
chr11	99332114	99532114	harbor2	chr11	99359271	99359463	LTR/ERVL-MaLR	984	-	96	99359367	27253
chr11	99332114	99532114	harbor2	chr11	99359466	99359556	LTR/ERVL-MaLR	411	-	45	99359511	27397
chr11	99332114	99532114	harbor2	chr11	99359637	99359930	LTR/ERVL-MaLR	4802	-	146	99359783	27669
chr11	99332114	99532114	harbor2	chr11	99360057	99361303	LTR/ERVL-MaLR	4802	-	623	99360680	28566
chr11	99332114	99532114	harbor2	chr11	99375701	99375935	LTR/ERVL-MaLR	448	-	117	99375818	43704
chr11	102129226	102329226	harbor2	chr11	102133772	102134139	LTR/ERVL-MaLR	897	-	184	102133956	4730
chr11	102129226	102329226	harbor2	chr11	102135249	102135767	LTR/ERVL-MaLR	2125	-	259	102135508	6282
chr11	102129226	102329226	harbor2	chr11	102138213	102138557	LTR/ERVL-MaLR	417	-	172	102138385	9159
chr11	102129226	102329226	harbor2	chr11	102178741	102179149	LTR/ERVL-MaLR	2162	-	204	102178945	49719
chr11	114495176	114695176	harbor2	chr11	114523590	114523863	LTR/ERVL-MaLR	813	-	136	114523726	28550
chr11	114495176	114695176	harbor2	chr11	114578985	114579391	LTR/ERVL-MaLR	2489	-	203	114579188	84012
chr11	114495176	114695176	harbor2	chr11	114523882	114524336	LTR/ERVL-MaLR	1022	-	227	114524109	28933
chr11	115384270	115584270	harbor2	chr11	115386385	115386823	LTR/ERVL-MaLR	2886	-	219	115386604	2334
chr11	115384270	115584270	harbor2	chr11	115468752	115469116	LTR/ERVL-MaLR	2554	-	182	115468934	84664
chr11	86975314	87175314	harbor2	chr11	86995518	86995673	LTR/ERVL-MaLR	518	-	78	86995596	20282
chr11	86975314	87175314	harbor2	chr11	86996918	86997108	LTR/ERVL-MaLR	518	-	95	86997013	21699
chr11	86975314	87175314	harbor2	chr11	86997315	86997436	LTR/ERVL-MaLR	518	-	60	86997375	22061
chr11	102151937	102351937	harbor2	chr11	102178741	102179149	LTR/ERVL-MaLR	2162	-	204	102178945	27008
chr11	102151937	102351937	harbor2	chr11	102238862	102239232	LTR/ERVL-MaLR	2132	-	185	102239047	87110
chr11	56347105	56547105	harbor2	chr11	56442304	56442547	LTR/ERVL-MaLR	888	-	122	56442426	95321
chr11	123884856	124084856	harbor2	chr11	123937547	123937909	LTR/ERVL-MaLR	2036	-	181	123937728	52872
chr11	127181085	127381085	harbor2	chr11	127261073	127261484	LTR/ERVL-MaLR	1474	-	206	127261279	80194
chr11	127181085	127381085	harbor2	chr11	127272418	127272553	LTR/ERVL-MaLR	780	-	68	127272486	91401
chr11	127181085	127381085	harbor2	chr11	127272687	127272980	LTR/ERVL-MaLR	1719	-	146	127272833	91748
chr11	122968086	123168086	harbor2	chr11	123020529	123020845	LTR/ERVL-MaLR	1728	-	158	123020687	52601
chr11	122968086	123168086	harbor2	chr11	123020846	123021381	LTR/ERVL-MaLR	2559	-	268	123021114	53028
chr11	122968086	123168086	harbor2	chr11	123034026	123034467	LTR/ERVL-MaLR	595	-	220	123034246	66160
chr11	122968086	123168086	harbor2	chr11	123044767	123044830	LTR/ERVL-MaLR	994	-	32	123044799	76713
chr11	122968086	123168086	harbor2	chr11	123045136	123045553	LTR/ERVL-MaLR	994	-	208	123045344	77258
chr11	133382263	133582263	harbor2	chr11	133402040	133402426	LTR/ERVL-MaLR	1663	-	193	133402233	19970
chr11	133382263	133582263	harbor2	chr11	133403945	133404382	LTR/ERVL-MaLR	1003	-	218	133404163	21900
chr11	133382263	133582263	harbor2	chr11	133449455	133449860	LTR/ERVL-MaLR	729	-	202	133449657	67394
chr11	133382263	133582263	harbor2	chr11	133465041	133465450	LTR/ERVL-MaLR	1124	-	204	133465245	82982
chr11	127824252	128024252	harbor2	chr11	127884592	127884872	LTR/ERVL-MaLR	1327	-	140	127884732	60480
chr11	127824252	128024252	harbor2	chr11	127884873	127886366	LTR/ERVL-MaLR	7335	-	746	127885619	61367
chr11	127824252	128024252	harbor2	chr11	127886367	127886717	LTR/ERVL-MaLR	2068	-	175	127886542	62290
chr11	127824252	128024252	harbor2	chr11	127903986	127904297	LTR/ERVL-MaLR	751	-	156	127904142	79890
chr11	127824252	128024252	harbor2	chr11	127906854	127907224	LTR/ERVL-MaLR	1364	-	185	127907039	82787
chr11	134029467	134229467	harbor2	chr11	134128896	134129119	LTR/ERVL-MaLR	1364	-	112	134129008	99541
chr11	134029467	134229467	harbor2	chr11	134129416	134129515	LTR/ERVL-MaLR	1364	-	50	134129466	99999
chr11	120110322	120310322	harbor2	chr11	120154015	120154462	LTR/ERVL-MaLR	2434	-	224	120154239	43917
chr11	120110322	120310322	harbor2	chr11	120157532	120157626	LTR/ERVL-MaLR	522	-	47	120157579	47257
chr11	89215898	89415898	harbor2	chr11	89217406	89217621	LTR/ERVL-MaLR	490	-	108	89217514	1616
chr11	89215898	89415898	harbor2	chr11	89220094	89220506	LTR/ERVL-MaLR	2336	-	206	89220300	4402
chr11	89215898	89415898	harbor2	chr11	89250492	89250862	LTR/ERVL-MaLR	2283	-	185	89250677	34779
chr11	89215898	89415898	harbor2	chr11	89271247	89271278	LTR/ERVL-MaLR	2064	-	16	89271263	55365
chr11	89215898	89415898	harbor2	chr11	89273719	89274074	LTR/ERVL-MaLR	2064	-	178	89273897	57999
chr11	89215898	89415898	harbor2	chr11	89283828	89283924	LTR/ERVL-MaLR	540	-	48	89283876	67978
chr11	89215898	89415898	harbor2	chr11	89301028	89301380	LTR/ERVL-MaLR	1984	-	176	89301204	85306
chr11	120315101	120515101	harbor2	chr11	120328405	120328611	LTR/ERVL-MaLR	1209	-	103	120328508	13407
chr11	120315101	120515101	harbor2	chr11	120329115	120329298	LTR/ERVL-MaLR	907	-	92	120329207	14106
chr11	120315101	120515101	harbor2	chr11	120346210	120346544	LTR/ERVL-MaLR	931	-	167	120346377	31276
chr11	120315101	120515101	harbor2	chr11	120358525	120358570	LTR/ERVL-MaLR	1796	-	22	120358547	43446
chr11	120315101	120515101	harbor2	chr11	120358778	120359230	LTR/ERVL-MaLR	1796	-	226	120359004	43903
chr11	120315101	120515101	harbor2	chr11	120359542	120359574	LTR/ERVL-MaLR	1796	-	16	120359558	44457
chr11	120315101	120515101	harbor2	chr11	120392504	120392686	LTR/ERVL-MaLR	604	-	91	120392595	77494
chr11	120315101	120515101	harbor2	chr11	120395507	120395872	LTR/ERVL-MaLR	2704	-	182	120395689	80588
chr11	120315101	120515101	harbor2	chr11	120412326	120412535	LTR/ERVL-MaLR	887	-	104	120412430	97329
chr11	105565680	105765680	harbor2	chr11	105641804	105642224	LTR/ERVL-MaLR	2227	-	210	105642014	76334
chr11	105565680	105765680	harbor2	chr11	105642836	105643199	LTR/ERVL-MaLR	2451	-	182	105643018	77338
chr11	65114277	65314277	harbor2	chr11	65156929	65157145	LTR/ERVL-MaLR	1790	-	108	65157037	42760
chr11	65114277	65314277	harbor2	chr11	65157449	65157717	LTR/ERVL-MaLR	1790	-	134	65157583	43306
chr11	65114277	65314277	harbor2	chr11	65158357	65158423	LTR/ERVL-MaLR	1663	-	33	65158390	44113
chr11	65114277	65314277	harbor2	chr11	65158727	65158954	LTR/ERVL-MaLR	1663	-	114	65158841	44564
chr11	65114277	65314277	harbor2	chr11	65160564	65160644	LTR/ERVL-MaLR	450	-	40	65160604	46327
chr11	65114277	65314277	harbor2	chr11	65159121	65159212	LTR/ERVL-MaLR	1663	-	46	65159167	44890
chr11	90262225	90462225	harbor2	chr11	90262418	90262839	LTR/ERVL-MaLR	2591	-	210	90262628	403
chr11	90262225	90462225	harbor2	chr11	90339844	90340251	LTR/ERVL-MaLR	1969	-	204	90340048	77823
chr11	90262225	90462225	harbor2	chr11	90361480	90361928	LTR/ERVL-MaLR	1131	-	224	90361704	99479
chr11	106637112	106837112	harbor2	chr11	106648260	106648621	LTR/ERVL-MaLR	2030	-	180	106648440	11328
chr11	106637112	106837112	harbor2	chr11	106648622	106650157	LTR/ERVL-MaLR	11136	-	768	106649390	12278
chr11	106637112	106837112	harbor2	chr11	106650158	106650516	LTR/ERVL-MaLR	1943	-	179	106650337	13225
chr11	120102211	120302211	harbor2	chr11	120154015	120154462	LTR/ERVL-MaLR	2434	-	224	120154239	52028
chr11	120102211	120302211	harbor2	chr11	120157532	120157626	LTR/ERVL-MaLR	522	-	47	120157579	55368
chr11	62051408	62251408	harbor2	chr11	62065764	62065832	LTR/ERVL-MaLR	855	-	34	62065798	14390
chr11	62051408	62251408	harbor2	chr11	62066148	62066445	LTR/ERVL-MaLR	855	-	148	62066296	14888
chr11	62051408	62251408	harbor2	chr11	62067114	62067205	LTR/ERVL-MaLR	418	-	46	62067160	15752
chr11	62051408	62251408	harbor2	chr11	62067360	62067753	LTR/ERVL-MaLR	824	-	196	62067556	16148
chr11	62051408	62251408	harbor2	chr11	62077231	62077452	LTR/ERVL-MaLR	1013	-	110	62077341	25933
chr11	62051408	62251408	harbor2	chr11	62077606	62077692	LTR/ERVL-MaLR	407	-	43	62077649	26241
chr11	62051408	62251408	harbor2	chr11	62085726	62085784	LTR/ERVL-MaLR	379	-	29	62085755	34347
chr11	62051408	62251408	harbor2	chr11	62085957	62086050	LTR/ERVL-MaLR	544	-	46	62086003	34595
chr11	62051408	62251408	harbor2	chr11	62114814	62115184	LTR/ERVL-MaLR	1978	-	185	62114999	63591
chr11	62051408	62251408	harbor2	chr11	62116497	62116878	LTR/ERVL-MaLR	1275	-	190	62116687	65279
chr11	62051408	62251408	harbor2	chr11	62118453	62118806	LTR/ERVL-MaLR	2206	-	176	62118629	67221
chr11	71413240	71613240	harbor2	chr11	71417124	71417196	LTR/ERVL-MaLR	2385	-	36	71417160	3920
chr11	71413240	71613240	harbor2	chr11	71417504	71417831	LTR/ERVL-MaLR	2385	-	164	71417668	4428
chr11	71413240	71613240	harbor2	chr11	71457533	71457928	LTR/ERVL-MaLR	1104	-	198	71457731	44491
chr11	71413240	71613240	harbor2	chr11	71460063	71460288	LTR/ERVL-MaLR	678	-	112	71460175	46935
chr11	71413240	71613240	harbor2	chr11	71461359	71461416	LTR/ERVL-MaLR	1030	-	28	71461387	48147
chr11	71413240	71613240	harbor2	chr11	71461727	71461908	LTR/ERVL-MaLR	1030	-	90	71461817	48577
chr11	71413240	71613240	harbor2	chr11	71469949	71470305	LTR/ERVL-MaLR	2133	-	178	71470127	56887
chr11	71413240	71613240	harbor2	chr11	71477806	71477998	LTR/ERVL-MaLR	448	-	96	71477902	64662
chr11	71413240	71613240	harbor2	chr11	71489993	71490462	LTR/ERVL-MaLR	1633	-	234	71490227	76987
chr11	71413240	71613240	harbor2	chr11	71496143	71496271	LTR/ERVL-MaLR	829	-	64	71496207	82967
chr11	71413240	71613240	harbor2	chr11	71496610	71496863	LTR/ERVL-MaLR	829	-	126	71496736	83496
chr11	71413240	71613240	harbor2	chr11	71497178	71497250	LTR/ERVL-MaLR	829	-	36	71497214	83974
chr11	111024899	111224899	harbor2	chr11	111036147	111036524	LTR/ERVL-MaLR	2855	-	188	111036335	11436
chr11	111024899	111224899	harbor2	chr11	111047278	111047694	LTR/ERVL-MaLR	2588	-	208	111047486	22587
chr11	111024899	111224899	harbor2	chr11	111089981	111090584	LTR/ERVL-MaLR	2032	-	302	111090283	65384
chr11	111024899	111224899	harbor2	chr11	111090629	111090838	LTR/ERVL-MaLR	874	-	104	111090733	65834
chr11	111024899	111224899	harbor2	chr11	111114434	111114543	LTR/ERVL-MaLR	390	-	54	111114488	89589
chr11	111024899	111224899	harbor2	chr11	111118652	111119007	LTR/ERVL-MaLR	1642	-	178	111118830	93931
chr11	101117452	101317452	harbor2	chr11	101135994	101136374	LTR/ERVL-MaLR	1101	-	190	101136184	18732
chr11	101117452	101317452	harbor2	chr11	101136694	101136864	LTR/ERVL-MaLR	822	-	85	101136779	19327
chr11	101117452	101317452	harbor2	chr11	101138600	101139145	LTR/ERVL-MaLR	809	-	272	101138872	21420
chr11	101117452	101317452	harbor2	chr11	101145179	101145636	LTR/ERVL-MaLR	1538	-	228	101145407	27955
chr11	101117452	101317452	harbor2	chr11	101172624	101173000	LTR/ERVL-MaLR	1223	-	188	101172812	55360
chr11	101117452	101317452	harbor2	chr11	101179385	101179716	LTR/ERVL-MaLR	946	-	166	101179551	62099
chr11	133844693	134044693	harbor2	chr11	133866028	133866447	LTR/ERVL-MaLR	2627	-	210	133866238	21545
chr11	133844693	134044693	harbor2	chr11	133870699	133871057	LTR/ERVL-MaLR	1812	-	179	133870878	26185
chr11	133844693	134044693	harbor2	chr11	133886062	133886417	LTR/ERVL-MaLR	404	-	178	133886240	41547
chr11	109426753	109626753	harbor2	chr11	109505137	109505473	LTR/ERVL-MaLR	630	-	168	109505305	78552
chr11	109426753	109626753	harbor2	chr11	109505639	109506408	LTR/ERVL-MaLR	2162	-	384	109506023	79270
chr11	109426753	109626753	harbor2	chr11	109506661	109507080	LTR/ERVL-MaLR	2162	-	210	109506871	80118
chr11	109426753	109626753	harbor2	chr11	109507091	109507465	LTR/ERVL-MaLR	494	-	187	109507278	80525
chr11	109426753	109626753	harbor2	chr11	109508931	109509445	LTR/ERVL-MaLR	1774	-	257	109509188	82435
chr11	109426753	109626753	harbor2	chr11	109519911	109520274	LTR/ERVL-MaLR	1642	-	182	109520093	93340
chr11	104412726	104612726	harbor2	chr11	104454346	104454785	LTR/ERVL-MaLR	2073	-	220	104454566	41840
chr11	104412726	104612726	harbor2	chr11	104467295	104467581	LTR/ERVL-MaLR	534	-	143	104467438	54712
chr11	104412726	104612726	harbor2	chr11	104504283	104504711	LTR/ERVL-MaLR	1290	-	214	104504497	91771
chr11	104412726	104612726	harbor2	chr11	104511187	104511585	LTR/ERVL-MaLR	783	-	199	104511386	98660
chr11	34958022	35158022	harbor2	chr11	34965012	34965680	LTR/ERVL-MaLR	2704	-	334	34965346	7324
chr11	34958022	35158022	harbor2	chr11	35046641	35047027	LTR/ERVL-MaLR	1744	-	193	35046834	88812
chr11	34958022	35158022	harbor2	chr11	35028899	35029291	LTR/ERVL-MaLR	820	-	196	35029095	71073
chr11	134000907	134200907	harbor2	chr11	134007262	134007784	LTR/ERVL-MaLR	2416	-	261	134007523	6616
chr11	134000907	134200907	harbor2	chr11	134011422	134011883	LTR/ERVL-MaLR	906	-	230	134011652	10745
chr11	74694708	74894708	harbor2	chr11	74788014	74788173	LTR/ERVL-MaLR	527	-	80	74788094	93386
chr11	105307027	105507027	harbor2	chr11	105322405	105322803	LTR/ERVL-MaLR	1049	-	199	105322604	15577
chr11	105307027	105507027	harbor2	chr11	105348800	105349015	LTR/ERVL-MaLR	1277	-	108	105348908	41881
chr11	105307027	105507027	harbor2	chr11	105350104	105350269	LTR/ERVL-MaLR	952	-	82	105350186	43159
chr11	105307027	105507027	harbor2	chr11	105350270	105351602	LTR/ERVL-MaLR	9327	-	666	105350936	43909
chr11	105307027	105507027	harbor2	chr11	105360871	105361331	LTR/ERVL-MaLR	421	-	230	105361101	54074
chr11	105307027	105507027	harbor2	chr11	105374635	105375004	LTR/ERVL-MaLR	2134	-	184	105374819	67792
chr11	105307027	105507027	harbor2	chr11	105375010	105376606	LTR/ERVL-MaLR	10387	-	798	105375808	68781
chr11	105307027	105507027	harbor2	chr11	105376607	105376977	LTR/ERVL-MaLR	2299	-	185	105376792	69765
chr11	105307027	105507027	harbor2	chr11	105332670	105333029	LTR/ERVL-MaLR	1014	-	180	105332850	25823
chr11	134951399	135151399	harbor2	chr11	135048927	135049295	LTR/ERVL-MaLR	2244	-	184	135049111	97712
chr11	126175622	126375622	harbor2	chr11	126176474	126176517	LTR/ERVL-MaLR	1782	-	22	126176496	874
chr11	126175622	126375622	harbor2	chr11	126176821	126177323	LTR/ERVL-MaLR	1782	-	251	126177072	1450
chr11	126175622	126375622	harbor2	chr11	126248673	126248858	LTR/ERVL-MaLR	1016	-	92	126248765	73143
chr11	126175622	126375622	harbor2	chr11	126253765	126254000	LTR/ERVL-MaLR	768	-	118	126253883	78261
chr11	103404534	103604534	harbor2	chr11	103425254	103425590	LTR/ERVL-MaLR	1195	-	168	103425422	20888
chr11	103404534	103604534	harbor2	chr11	103427500	103427855	LTR/ERVL-MaLR	1470	-	178	103427678	23144
chr11	103404534	103604534	harbor2	chr11	103433383	103433570	LTR/ERVL-MaLR	755	-	94	103433477	28943
chr11	103404534	103604534	harbor2	chr11	103433619	103434403	LTR/ERVL-MaLR	2553	-	392	103434011	29477
chr11	103404534	103604534	harbor2	chr11	103434443	103434614	LTR/ERVL-MaLR	486	-	86	103434529	29995
chr11	103404534	103604534	harbor2	chr11	103434619	103435036	LTR/ERVL-MaLR	614	-	208	103434827	30293
chr11	103404534	103604534	harbor2	chr11	103465489	103466012	LTR/ERVL-MaLR	874	-	262	103465751	61217
chr11	103404534	103604534	harbor2	chr11	103480515	103480722	LTR/ERVL-MaLR	698	-	104	103480619	76085
chr11	134289061	134489061	harbor2	chr11	134300055	134300331	LTR/ERVL-MaLR	1788	-	138	134300193	11132
chr11	134289061	134489061	harbor2	chr11	134300634	134300656	LTR/ERVL-MaLR	537	-	11	134300645	11584
chr11	134289061	134489061	harbor2	chr11	134300652	134300945	LTR/ERVL-MaLR	1255	-	146	134300798	11737
chr11	134289061	134489061	harbor2	chr11	134348702	134349034	LTR/ERVL-MaLR	1650	-	166	134348868	59807
chr11	115704262	115904262	harbor2	chr11	115705527	115705978	LTR/ERVL-MaLR	805	-	226	115705753	1491
chr11	115704262	115904262	harbor2	chr11	115707198	115707552	LTR/ERVL-MaLR	2103	-	177	115707375	3113
chr11	115704262	115904262	harbor2	chr11	115733938	115734317	LTR/ERVL-MaLR	2014	-	190	115734128	29866
chr11	115704262	115904262	harbor2	chr11	115773098	115773639	LTR/ERVL-MaLR	560	-	270	115773368	69106
chr11	128925308	129125308	harbor2	chr11	128952655	128953141	LTR/ERVL-MaLR	1844	-	243	128952898	27590
chr11	133670627	133870627	harbor2	chr11	133698486	133698858	LTR/ERVL-MaLR	625	-	186	133698672	28045
chr11	133670627	133870627	harbor2	chr11	133717773	133718123	LTR/ERVL-MaLR	1437	-	175	133717948	47321
chr11	133670627	133870627	harbor2	chr11	133729185	133729395	LTR/ERVL-MaLR	1806	-	105	133729290	58663
chr11	133670627	133870627	harbor2	chr11	133729697	133729849	LTR/ERVL-MaLR	1806	-	76	133729773	59146
chr11	133670627	133870627	harbor2	chr11	133735213	133735605	LTR/ERVL-MaLR	2241	-	196	133735409	64782
chr11	133670627	133870627	harbor2	chr11	133736187	133736503	LTR/ERVL-MaLR	1246	-	158	133736345	65718
chr11	133670627	133870627	harbor2	chr11	133742697	133743093	LTR/ERVL-MaLR	2015	-	198	133742895	72268
chr11	133670627	133870627	harbor2	chr11	133748622	133749004	LTR/ERVL-MaLR	1858	-	191	133748813	78186
chr11	119745066	119945066	harbor2	chr11	119746633	119746784	LTR/ERVL-MaLR	1842	-	76	119746709	1643
chr11	119745066	119945066	harbor2	chr11	119747110	119747498	LTR/ERVL-MaLR	1842	-	194	119747304	2238
chr11	119745066	119945066	harbor2	chr11	119770990	119771606	LTR/ERVL-MaLR	2447	-	308	119771298	26232
chr11	119745066	119945066	harbor2	chr11	119782581	119783108	LTR/ERVL-MaLR	677	-	264	119782845	37779
chr11	119745066	119945066	harbor2	chr11	119809350	119809832	LTR/ERVL-MaLR	2464	-	241	119809591	64525
chr11	119745066	119945066	harbor2	chr11	119830749	119830856	LTR/ERVL-MaLR	612	-	54	119830803	85737
chr11	119745066	119945066	harbor2	chr11	119838580	119838892	LTR/ERVL-MaLR	1711	-	156	119838736	93670
chr11	119745066	119945066	harbor2	chr11	119783169	119783490	LTR/ERVL-MaLR	1401	-	160	119783329	38263
chr11	120359289	120559289	harbor2	chr11	120359542	120359574	LTR/ERVL-MaLR	1796	-	16	120359558	269
chr11	120359289	120559289	harbor2	chr11	120392504	120392686	LTR/ERVL-MaLR	604	-	91	120392595	33306
chr11	120359289	120559289	harbor2	chr11	120395507	120395872	LTR/ERVL-MaLR	2704	-	182	120395689	36400
chr11	120359289	120559289	harbor2	chr11	120412326	120412535	LTR/ERVL-MaLR	887	-	104	120412430	53141
chr11	120359289	120559289	harbor2	chr11	120454498	120455013	LTR/ERVL-MaLR	2216	-	258	120454756	95467
chr11	120008815	120208815	harbor2	chr11	120023836	120024353	LTR/ERVL-MaLR	761	-	258	120024094	15279
chr11	120008815	120208815	harbor2	chr11	120029948	120030335	LTR/ERVL-MaLR	2303	-	194	120030142	21327
chr11	120008815	120208815	harbor2	chr11	120031543	120032012	LTR/ERVL-MaLR	537	-	234	120031777	22962
chr11	120008815	120208815	harbor2	chr11	120042704	120043121	LTR/ERVL-MaLR	2416	-	208	120042912	34097
chr11	120008815	120208815	harbor2	chr11	120043136	120044743	LTR/ERVL-MaLR	8623	-	804	120043940	35125
chr11	120008815	120208815	harbor2	chr11	120044748	120045166	LTR/ERVL-MaLR	2680	-	209	120044957	36142
chr11	120008815	120208815	harbor2	chr11	120051757	120052122	LTR/ERVL-MaLR	823	-	182	120051939	43124
chr11	120008815	120208815	harbor2	chr11	120052828	120053246	LTR/ERVL-MaLR	513	-	209	120053037	44222
chr11	116798092	116998092	harbor2	chr11	116813086	116813500	LTR/ERVL-MaLR	1900	-	207	116813293	15201
chr11	116798092	116998092	harbor2	chr11	116816919	116817365	LTR/ERVL-MaLR	517	-	223	116817142	19050
chr11	116798092	116998092	harbor2	chr11	116817480	116817843	LTR/ERVL-MaLR	2205	-	182	116817662	19570
chr11	103019204	103219204	harbor2	chr11	103035860	103036198	LTR/ERVL-MaLR	856	-	169	103036029	16825
chr11	103019204	103219204	harbor2	chr11	103096105	103096290	LTR/ERVL-MaLR	745	-	92	103096197	76993
chr11	103019204	103219204	harbor2	chr11	103099587	103099958	LTR/ERVL-MaLR	615	-	186	103099773	80569
chr11	103019204	103219204	harbor2	chr11	103103485	103103819	LTR/ERVL-MaLR	1786	-	167	103103652	84448
chr11	103019204	103219204	harbor2	chr11	103107366	103107475	LTR/ERVL-MaLR	384	-	54	103107420	88216
chr11	123703324	123903324	harbor2	chr11	123761968	123762655	LTR/ERVL-MaLR	3655	-	344	123762312	58988
chr11	123703324	123903324	harbor2	chr11	123762656	123763072	LTR/ERVL-MaLR	2724	-	208	123762864	59540
chr11	123703324	123903324	harbor2	chr11	123771169	123771533	LTR/ERVL-MaLR	2472	-	182	123771351	68027
chr11	123703324	123903324	harbor2	chr11	123771968	123772197	LTR/ERVL-MaLR	1645	-	114	123772082	68758
chr11	123703324	123903324	harbor2	chr11	123772398	123772550	LTR/ERVL-MaLR	1645	-	76	123772474	69150
chr11	123703324	123903324	harbor2	chr11	123774366	123774718	LTR/ERVL-MaLR	2304	-	176	123774542	71218
chr11	78232384	78432384	harbor2	chr11	78235002	78235154	LTR/ERVL-MaLR	4834	-	76	78235078	2694
chr11	78232384	78432384	harbor2	chr11	78235451	78235944	LTR/ERVL-MaLR	4834	-	246	78235697	3313
chr11	78232384	78432384	harbor2	chr11	78235945	78236000	LTR/ERVL-MaLR	445	-	28	78235973	3589
chr11	78232384	78432384	harbor2	chr11	78296755	78297081	LTR/ERVL-MaLR	1681	-	163	78296918	64534
chr11	86282361	86482361	harbor2	chr11	86292347	86292558	LTR/ERVL-MaLR	717	-	106	86292453	10092
chr11	86282361	86482361	harbor2	chr11	86292860	86292965	LTR/ERVL-MaLR	717	-	52	86292912	10551
chr11	86282361	86482361	harbor2	chr11	86293562	86293646	LTR/ERVL-MaLR	402	-	42	86293604	11243
chr11	86282361	86482361	harbor2	chr11	86294011	86294490	LTR/ERVL-MaLR	1649	-	240	86294251	11890
chr11	86282361	86482361	harbor2	chr11	86298107	86298523	LTR/ERVL-MaLR	2181	-	208	86298315	15954
chr11	86282361	86482361	harbor2	chr11	86346260	86346319	LTR/ERVL-MaLR	1942	-	30	86346290	63929
chr11	86282361	86482361	harbor2	chr11	86346587	86346941	LTR/ERVL-MaLR	1942	-	177	86346764	64403
chr11	86282361	86482361	harbor2	chr11	86376318	86376691	LTR/ERVL-MaLR	1810	-	186	86376504	94143
chr11	113645760	113845760	harbor2	chr11	113651041	113651419	LTR/ERVL-MaLR	2078	-	189	113651230	5470
chr11	113645760	113845760	harbor2	chr11	113653858	113654211	LTR/ERVL-MaLR	2202	-	176	113654034	8274
chr11	113645760	113845760	harbor2	chr11	113707350	113707765	LTR/ERVL-MaLR	2317	-	208	113707558	61798
chr11	113645760	113845760	harbor2	chr11	113716197	113716578	LTR/ERVL-MaLR	1223	-	190	113716387	70627
chr11	113645760	113845760	harbor2	chr11	113720514	113720911	LTR/ERVL-MaLR	2583	-	198	113720712	74952
chr11	92187926	92387926	harbor2	chr11	92265564	92265922	LTR/ERVL-MaLR	1979	-	179	92265743	77817
chr11	92187926	92387926	harbor2	chr11	92209137	92209601	LTR/ERVL-MaLR	1662	-	232	92209369	21443
chr11	134310279	134510279	harbor2	chr11	134395774	134396284	LTR/ERVL-MaLR	675	-	255	134396029	85750
chr11	134310279	134510279	harbor2	chr11	134348702	134349034	LTR/ERVL-MaLR	1650	-	166	134348868	38589
chr11	110415488	110615488	harbor2	chr11	110464247	110464637	LTR/ERVL-MaLR	1680	-	195	110464442	48954
chr11	110415488	110615488	harbor2	chr11	110464958	110465434	LTR/ERVL-MaLR	1448	-	238	110465196	49708
chr11	110415488	110615488	harbor2	chr11	110494856	110495265	LTR/ERVL-MaLR	1462	-	204	110495060	79572
chr11	98898419	99098419	harbor2	chr11	98938867	98939194	LTR/ERVL-MaLR	879	-	164	98939031	40612
chr11	98898419	99098419	harbor2	chr11	98951217	98951507	LTR/ERVL-MaLR	1088	-	145	98951362	52943
chr11	98898419	99098419	harbor2	chr11	98958561	98958910	LTR/ERVL-MaLR	2011	-	174	98958735	60316
chr11	98898419	99098419	harbor2	chr11	98962618	98963056	LTR/ERVL-MaLR	1419	-	219	98962837	64418
chr11	62072585	62272585	harbor2	chr11	62077231	62077452	LTR/ERVL-MaLR	1013	-	110	62077341	4756
chr11	62072585	62272585	harbor2	chr11	62077606	62077692	LTR/ERVL-MaLR	407	-	43	62077649	5064
chr11	62072585	62272585	harbor2	chr11	62085726	62085784	LTR/ERVL-MaLR	379	-	29	62085755	13170
chr11	62072585	62272585	harbor2	chr11	62085957	62086050	LTR/ERVL-MaLR	544	-	46	62086003	13418
chr11	62072585	62272585	harbor2	chr11	62114814	62115184	LTR/ERVL-MaLR	1978	-	185	62114999	42414
chr11	62072585	62272585	harbor2	chr11	62116497	62116878	LTR/ERVL-MaLR	1275	-	190	62116687	44102
chr11	62072585	62272585	harbor2	chr11	62118453	62118806	LTR/ERVL-MaLR	2206	-	176	62118629	46044
chr11	42563328	42763328	harbor2	chr11	42569306	42569665	LTR/ERVL-MaLR	1158	-	180	42569486	6158
chr11	42563328	42763328	harbor2	chr11	42583248	42583631	LTR/ERVL-MaLR	1166	-	192	42583440	20112
chr11	42563328	42763328	harbor2	chr11	42585920	42586303	LTR/ERVL-MaLR	2155	-	192	42586112	22784
chr11	42563328	42763328	harbor2	chr11	42603231	42603638	LTR/ERVL-MaLR	1895	-	204	42603435	40107
chr11	42563328	42763328	harbor2	chr11	42581817	42582226	LTR/ERVL-MaLR	1407	-	204	42582021	18693
chr11	59552895	59752895	harbor2	chr11	59625437	59625585	LTR/ERVL-MaLR	837	-	74	59625511	72616
chr11	59552895	59752895	harbor2	chr11	59625861	59626048	LTR/ERVL-MaLR	837	-	94	59625955	73060
chr11	59552895	59752895	harbor2	chr11	59626188	59626306	LTR/ERVL-MaLR	772	-	59	59626247	73352
chr11	89703046	89903046	harbor2	chr11	89709676	89710017	LTR/ERVL-MaLR	568	-	170	89709846	6800
chr11	123672640	123872640	harbor2	chr11	123690175	123690744	LTR/ERVL-MaLR	649	-	284	123690459	17819
chr11	123672640	123872640	harbor2	chr11	123692084	123692440	LTR/ERVL-MaLR	2010	-	178	123692262	19622
chr11	123672640	123872640	harbor2	chr11	123761968	123762655	LTR/ERVL-MaLR	3655	-	344	123762312	89672
chr11	123672640	123872640	harbor2	chr11	123762656	123763072	LTR/ERVL-MaLR	2724	-	208	123762864	90224
chr11	123672640	123872640	harbor2	chr11	123771169	123771533	LTR/ERVL-MaLR	2472	-	182	123771351	98711
chr11	123672640	123872640	harbor2	chr11	123771968	123772197	LTR/ERVL-MaLR	1645	-	114	123772082	99442
chr11	123672640	123872640	harbor2	chr11	123772398	123772550	LTR/ERVL-MaLR	1645	-	76	123772474	99834
chr11	104776868	104976868	harbor2	chr11	104876591	104876959	LTR/ERVL-MaLR	2334	-	184	104876775	99907
chr11	35068434	35268434	harbor2	chr11	35073799	35074175	LTR/ERVL-MaLR	2234	-	188	35073987	5553
chr11	35068434	35268434	harbor2	chr11	35086801	35087215	LTR/ERVL-MaLR	2417	-	207	35087008	18574
chr11	35068434	35268434	harbor2	chr11	35105280	35105806	LTR/ERVL-MaLR	2906	-	263	35105543	37109
chr11	35068434	35268434	harbor2	chr11	35110190	35110353	LTR/ERVL-MaLR	490	-	82	35110272	41838
chr11	35068434	35268434	harbor2	chr11	35132786	35133026	LTR/ERVL-MaLR	554	-	120	35132906	64472
chr11	35068434	35268434	harbor2	chr11	35154817	35155314	LTR/ERVL-MaLR	928	-	248	35155065	86631
chr11	132519723	132719723	harbor2	chr11	132555185	132555570	LTR/ERVL-MaLR	2022	-	192	132555377	35654
chr11	132519723	132719723	harbor2	chr11	132617572	132617961	LTR/ERVL-MaLR	1597	-	194	132617766	98043
chr11	26724293	26924293	harbor2	chr11	26761642	26762057	LTR/ERVL-MaLR	773	-	208	26761850	37557
chr11	26724293	26924293	harbor2	chr11	26767951	26768080	LTR/ERVL-MaLR	502	-	64	26768015	43722
chr11	26724293	26924293	harbor2	chr11	26768681	26768991	LTR/ERVL-MaLR	1767	-	155	26768836	44543
chr11	26724293	26924293	harbor2	chr11	26769567	26769667	LTR/ERVL-MaLR	1767	-	50	26769617	45324
chr11	26724293	26924293	harbor2	chr11	26795050	26795384	LTR/ERVL-MaLR	783	-	167	26795217	70924
chr11	26724293	26924293	harbor2	chr11	26807085	26807520	LTR/ERVL-MaLR	2101	-	218	26807303	83010
chr11	26724293	26924293	harbor2	chr11	26822857	26823239	LTR/ERVL-MaLR	2162	-	191	26823048	98755
chr11	26724293	26924293	harbor2	chr11	26823240	26824871	LTR/ERVL-MaLR	10825	-	816	26824056	99763
chr11	132603948	132803948	harbor2	chr11	132617572	132617961	LTR/ERVL-MaLR	1597	-	194	132617766	13818
chr11	132603948	132803948	harbor2	chr11	132633842	132634142	LTR/ERVL-MaLR	609	-	150	132633992	30044
chr11	132603948	132803948	harbor2	chr11	132666146	132666534	LTR/ERVL-MaLR	2163	-	194	132666340	62392
chr11	132603948	132803948	harbor2	chr11	132701048	132701393	LTR/ERVL-MaLR	2114	-	172	132701220	97272
chr11	117884533	118084533	harbor2	chr11	117980583	117980969	LTR/ERVL-MaLR	814	-	193	117980776	96243
chr11	134699327	134899327	harbor2	chr11	134717580	134717794	LTR/ERVL-MaLR	1147	-	107	134717687	18360
chr11	134699327	134899327	harbor2	chr11	134717848	134718522	LTR/ERVL-MaLR	1459	-	337	134718185	18858
chr11	134699327	134899327	harbor2	chr11	134751197	134751562	LTR/ERVL-MaLR	821	-	182	134751379	52052
chr11	134699327	134899327	harbor2	chr11	134752086	134752242	LTR/ERVL-MaLR	821	-	78	134752164	52837
chr11	134699327	134899327	harbor2	chr11	134754223	134754410	LTR/ERVL-MaLR	394	-	94	134754317	54990
chr11	134699327	134899327	harbor2	chr11	134775383	134775647	LTR/ERVL-MaLR	734	-	132	134775515	76188
chr11	121965504	122165504	harbor2	chr11	121979627	121980016	LTR/ERVL-MaLR	1776	-	194	121979821	14317
chr11	121965504	122165504	harbor2	chr11	121987416	121987904	LTR/ERVL-MaLR	1127	-	244	121987660	22156
chr11	121965504	122165504	harbor2	chr11	122004786	122005186	LTR/ERVL-MaLR	741	-	200	122004986	39482
chr11	121965504	122165504	harbor2	chr11	122027678	122028101	LTR/ERVL-MaLR	2726	-	212	122027890	62386
chr11	56424504	56624504	harbor2	chr11	56442304	56442547	LTR/ERVL-MaLR	888	-	122	56442426	17922
chr11	56424504	56624504	harbor2	chr11	56457667	56457788	LTR/ERVL-MaLR	508	-	60	56457727	33223
chr11	56424504	56624504	harbor2	chr11	56475815	56475918	LTR/ERVL-MaLR	476	-	52	56475867	51363
chr11	56424504	56624504	harbor2	chr11	56489615	56489998	LTR/ERVL-MaLR	645	-	192	56489807	65303
chr11	56424504	56624504	harbor2	chr11	56517265	56517365	LTR/ERVL-MaLR	459	-	50	56517315	92811
chr11	56424504	56624504	harbor2	chr11	56517949	56518559	LTR/ERVL-MaLR	2273	-	305	56518254	93750
chr11	56424504	56624504	harbor2	chr11	56518560	56518943	LTR/ERVL-MaLR	1178	-	192	56518752	94248
chr11	100487827	100687827	harbor2	chr11	100517156	100517592	LTR/ERVL-MaLR	2632	-	218	100517374	29547
chr11	100487827	100687827	harbor2	chr11	100517593	100519189	LTR/ERVL-MaLR	6832	-	798	100518391	30564
chr11	100487827	100687827	harbor2	chr11	100519190	100519619	LTR/ERVL-MaLR	1923	-	214	100519404	31577
chr11	100487827	100687827	harbor2	chr11	100522097	100522380	LTR/ERVL-MaLR	993	-	142	100522239	34412
chr11	100487827	100687827	harbor2	chr11	100522381	100522714	LTR/ERVL-MaLR	2205	-	166	100522547	34720
chr11	100487827	100687827	harbor2	chr11	100522715	100522849	LTR/ERVL-MaLR	993	-	67	100522782	34955
chr11	100487827	100687827	harbor2	chr11	100548724	100549046	LTR/ERVL-MaLR	1018	-	161	100548885	61058
chr11	100487827	100687827	harbor2	chr11	100564366	100564804	LTR/ERVL-MaLR	1905	-	219	100564585	76758
chr11	100487827	100687827	harbor2	chr11	100586686	100587194	LTR/ERVL-MaLR	2604	-	254	100586940	99113
chr11	100487827	100687827	harbor2	chr11	100587457	100587482	LTR/ERVL-MaLR	2604	-	12	100587469	99642
chr11	108283173	108483173	harbor2	chr11	108299001	108299110	LTR/ERVL-MaLR	681	-	54	108299055	15882
chr11	108283173	108483173	harbor2	chr11	108351389	108351780	LTR/ERVL-MaLR	635	-	196	108351585	68412
chr11	120305102	120505102	harbor2	chr11	120328405	120328611	LTR/ERVL-MaLR	1209	-	103	120328508	23406
chr11	120305102	120505102	harbor2	chr11	120329115	120329298	LTR/ERVL-MaLR	907	-	92	120329207	24105
chr11	120305102	120505102	harbor2	chr11	120346210	120346544	LTR/ERVL-MaLR	931	-	167	120346377	41275
chr11	120305102	120505102	harbor2	chr11	120358525	120358570	LTR/ERVL-MaLR	1796	-	22	120358547	53445
chr11	120305102	120505102	harbor2	chr11	120358778	120359230	LTR/ERVL-MaLR	1796	-	226	120359004	53902
chr11	120305102	120505102	harbor2	chr11	120359542	120359574	LTR/ERVL-MaLR	1796	-	16	120359558	54456
chr11	120305102	120505102	harbor2	chr11	120392504	120392686	LTR/ERVL-MaLR	604	-	91	120392595	87493
chr11	120305102	120505102	harbor2	chr11	120395507	120395872	LTR/ERVL-MaLR	2704	-	182	120395689	90587
chr11	126023267	126223267	harbor2	chr11	126110935	126111181	LTR/ERVL-MaLR	1530	-	123	126111058	87791
chr11	79507506	79707506	harbor2	chr11	79517503	79517860	LTR/ERVL-MaLR	2470	-	178	79517681	10175
chr11	79507506	79707506	harbor2	chr11	79579635	79579997	LTR/ERVL-MaLR	2841	-	181	79579816	72310
chr11	128139939	128339939	harbor2	chr11	128205793	128206214	LTR/ERVL-MaLR	2609	-	210	128206003	66064
chr11	128139939	128339939	harbor2	chr11	128234578	128234943	LTR/ERVL-MaLR	1431	-	182	128234760	94821
chr11	115428779	115628779	harbor2	chr11	115468752	115469116	LTR/ERVL-MaLR	2554	-	182	115468934	40155
chr11	40442666	40642666	harbor2	chr11	40446580	40446961	LTR/ERVL-MaLR	2280	-	190	40446770	4104
chr11	40442666	40642666	harbor2	chr11	40491322	40491924	LTR/ERVL-MaLR	2373	-	301	40491623	48957
chr11	40442666	40642666	harbor2	chr11	40500413	40500768	LTR/ERVL-MaLR	1947	-	178	40500591	57925
chr11	40442666	40642666	harbor2	chr11	40502360	40502709	LTR/ERVL-MaLR	1982	-	174	40502534	59868
chr11	40442666	40642666	harbor2	chr11	40532766	40533139	LTR/ERVL-MaLR	2328	-	186	40532952	90286
chr11	40442666	40642666	harbor2	chr11	40500769	40502359	LTR/ERVL-MaLR	11425	-	795	40501564	58898
chr11	130089308	130289308	harbor2	chr11	130089597	130090019	LTR/ERVL-MaLR	1860	-	211	130089808	500
chr11	130089308	130289308	harbor2	chr11	130158001	130158115	LTR/ERVL-MaLR	460	-	57	130158058	68750
chr11	130089308	130289308	harbor2	chr11	130158228	130158344	LTR/ERVL-MaLR	456	-	58	130158286	68978
chr11	61316367	61516367	harbor2	chr11	61369533	61369958	LTR/ERVL-MaLR	789	-	212	61369745	53378
chr11	61316367	61516367	harbor2	chr11	61370562	61370645	LTR/ERVL-MaLR	789	-	42	61370604	54237
chr11	61316367	61516367	harbor2	chr11	61370827	61370932	LTR/ERVL-MaLR	388	-	52	61370879	54512
chr11	90324150	90524150	harbor2	chr11	90339844	90340251	LTR/ERVL-MaLR	1969	-	204	90340048	15898
chr11	90324150	90524150	harbor2	chr11	90361480	90361928	LTR/ERVL-MaLR	1131	-	224	90361704	37554
chr11	90324150	90524150	harbor2	chr11	90397409	90397747	LTR/ERVL-MaLR	1095	-	169	90397578	73428
chr11	90324150	90524150	harbor2	chr11	90410676	90411072	LTR/ERVL-MaLR	1790	-	198	90410874	86724
chr11	129039881	129239881	harbor2	chr11	129131573	129131739	LTR/ERVL-MaLR	916	-	83	129131656	91775
chr11	129039881	129239881	harbor2	chr11	129132946	129133165	LTR/ERVL-MaLR	920	-	110	129133056	93175
chr11	113867497	114067497	harbor2	chr11	113877704	113878080	LTR/ERVL-MaLR	1385	-	188	113877892	10395
chr11	113867497	114067497	harbor2	chr11	113878590	113878950	LTR/ERVL-MaLR	2599	-	180	113878770	11273
chr11	113867497	114067497	harbor2	chr11	113878951	113880036	LTR/ERVL-MaLR	10576	-	542	113879493	11996
chr11	113867497	114067497	harbor2	chr11	113880351	113880685	LTR/ERVL-MaLR	10576	-	167	113880518	13021
chr11	113867497	114067497	harbor2	chr11	113889095	113889384	LTR/ERVL-MaLR	1320	-	144	113889239	21742
chr11	113867497	114067497	harbor2	chr11	113889649	113889744	LTR/ERVL-MaLR	1320	-	48	113889697	22200
chr11	113867497	114067497	harbor2	chr11	113900431	113900481	LTR/ERVL-MaLR	1787	-	25	113900456	32959
chr11	113867497	114067497	harbor2	chr11	113900738	113901055	LTR/ERVL-MaLR	1787	-	158	113900896	33399
chr11	113867497	114067497	harbor2	chr11	113929277	113929643	LTR/ERVL-MaLR	1579	-	183	113929460	61963
chr11	113867497	114067497	harbor2	chr11	113937806	113938240	LTR/ERVL-MaLR	2135	-	217	113938023	70526
chr11	113867497	114067497	harbor2	chr11	113938254	113938527	LTR/ERVL-MaLR	553	-	136	113938390	70893
chr11	113867497	114067497	harbor2	chr11	113947434	113947815	LTR/ERVL-MaLR	1590	-	190	113947624	80127
chr11	113867497	114067497	harbor2	chr11	113959498	113959676	LTR/ERVL-MaLR	470	-	89	113959587	92090
chr11	113867497	114067497	harbor2	chr11	113961218	113961712	LTR/ERVL-MaLR	1905	-	247	113961465	93968
chr11	113867497	114067497	harbor2	chr11	113961754	113962168	LTR/ERVL-MaLR	2166	-	207	113961961	94464
chr11	37025451	37225451	harbor2	chr11	37029793	37029949	LTR/ERVL-MaLR	491	-	78	37029871	4420
chr11	37025451	37225451	harbor2	chr11	37033212	37033610	LTR/ERVL-MaLR	1116	-	199	37033411	7960
chr11	37025451	37225451	harbor2	chr11	37098371	37098863	LTR/ERVL-MaLR	1960	-	246	37098617	73166
chr11	133340514	133540514	harbor2	chr11	133365254	133365600	LTR/ERVL-MaLR	1426	-	173	133365427	24913
chr11	133340514	133540514	harbor2	chr11	133402040	133402426	LTR/ERVL-MaLR	1663	-	193	133402233	61719
chr11	133340514	133540514	harbor2	chr11	133403945	133404382	LTR/ERVL-MaLR	1003	-	218	133404163	63649
chr11	106366919	106566919	harbor2	chr11	106393463	106393874	LTR/ERVL-MaLR	2483	-	206	106393669	26750
chr11	106366919	106566919	harbor2	chr11	106405112	106405522	LTR/ERVL-MaLR	1199	-	205	106405317	38398
chr11	106366919	106566919	harbor2	chr11	106413295	106413460	LTR/ERVL-MaLR	797	-	82	106413377	46458
chr11	102516293	102716293	harbor2	chr11	102553640	102554212	LTR/ERVL-MaLR	1962	-	286	102553926	37633
chr11	102516293	102716293	harbor2	chr11	102567803	102568169	LTR/ERVL-MaLR	2123	-	183	102567986	51693
chr11	102516293	102716293	harbor2	chr11	102568170	102569669	LTR/ERVL-MaLR	9566	-	750	102568920	52627
chr11	102516293	102716293	harbor2	chr11	102569670	102570031	LTR/ERVL-MaLR	2033	-	180	102569850	53557
chr11	102516293	102716293	harbor2	chr11	102570474	102570539	LTR/ERVL-MaLR	496	-	32	102570506	54213
chr11	58925397	59125397	harbor2	chr11	58931039	58931440	LTR/ERVL-MaLR	1472	-	200	58931239	5842
chr11	58925397	59125397	harbor2	chr11	58957940	58958293	LTR/ERVL-MaLR	1036	-	176	58958116	32719
chr11	121460603	121660603	harbor2	chr11	121468979	121469351	LTR/ERVL-MaLR	556	-	186	121469165	8562
chr11	121460603	121660603	harbor2	chr11	121501475	121501835	LTR/ERVL-MaLR	2846	-	180	121501655	41052
chr11	121460603	121660603	harbor2	chr11	121506288	121506649	LTR/ERVL-MaLR	2327	-	180	121506468	45865
chr11	121460603	121660603	harbor2	chr11	121510263	121510762	LTR/ERVL-MaLR	1119	-	250	121510513	49910
chr11	78064651	78264651	harbor2	chr11	78141316	78141559	LTR/ERVL-MaLR	1215	-	122	78141438	76787
chr11	78064651	78264651	harbor2	chr11	78145556	78145747	LTR/ERVL-MaLR	1083	-	96	78145652	81001
chr11	78064651	78264651	harbor2	chr11	78146608	78146828	LTR/ERVL-MaLR	1478	-	110	78146718	82067
chr11	78064651	78264651	harbor2	chr11	78147138	78147299	LTR/ERVL-MaLR	1478	-	80	78147218	82567
chr11	78064651	78264651	harbor2	chr11	78161678	78161887	LTR/ERVL-MaLR	835	-	104	78161782	97131
chr11	95268107	95468107	harbor2	chr11	95275041	95275404	LTR/ERVL-MaLR	752	-	182	95275223	7116
chr11	95268107	95468107	harbor2	chr11	95304959	95305533	LTR/ERVL-MaLR	1147	-	287	95305246	37139
chr11	95268107	95468107	harbor2	chr11	95329156	95329602	LTR/ERVL-MaLR	2137	-	223	95329379	61272
chr11	95268107	95468107	harbor2	chr11	95334157	95334562	LTR/ERVL-MaLR	2453	-	202	95334359	66252
chr11	95268107	95468107	harbor2	chr11	95366944	95367349	LTR/ERVL-MaLR	2642	-	202	95367146	99039
chr11	95942367	96142367	harbor2	chr11	95947628	95947994	LTR/ERVL-MaLR	2255	-	183	95947811	5444
chr11	95942367	96142367	harbor2	chr11	95947996	95949581	LTR/ERVL-MaLR	11551	-	792	95948788	6421
chr11	95942367	96142367	harbor2	chr11	95949582	95949956	LTR/ERVL-MaLR	2030	-	187	95949769	7402
chr11	127507687	127707687	harbor2	chr11	127571848	127572211	LTR/ERVL-MaLR	2474	-	182	127572030	64343
chr11	100080912	100280912	harbor2	chr11	100082827	100083033	LTR/ERVL-MaLR	2051	-	103	100082930	2018
chr11	100080912	100280912	harbor2	chr11	100083333	100083538	LTR/ERVL-MaLR	2051	-	102	100083435	2523
chr11	100080912	100280912	harbor2	chr11	100090591	100090727	LTR/ERVL-MaLR	743	-	68	100090659	9747
chr11	100080912	100280912	harbor2	chr11	100098691	100099107	LTR/ERVL-MaLR	1062	-	208	100098899	17987
chr11	94883562	95083562	harbor2	chr11	94883882	94884326	LTR/ERVL-MaLR	736	-	222	94884104	542
chr11	94883562	95083562	harbor2	chr11	94886939	94887304	LTR/ERVL-MaLR	2725	-	182	94887121	3559
chr11	94883562	95083562	harbor2	chr11	94921595	94922026	LTR/ERVL-MaLR	1151	-	216	94921811	38249
chr11	94883562	95083562	harbor2	chr11	94925343	94925699	LTR/ERVL-MaLR	2290	-	178	94925521	41959
chr11	94883562	95083562	harbor2	chr11	94938824	94939355	LTR/ERVL-MaLR	1603	-	266	94939090	55528
chr11	94883562	95083562	harbor2	chr11	94945912	94946306	LTR/ERVL-MaLR	1838	-	197	94946109	62547
chr11	133615248	133815248	harbor2	chr11	133698486	133698858	LTR/ERVL-MaLR	625	-	186	133698672	83424
chr11	133967710	134167710	harbor2	chr11	134007262	134007784	LTR/ERVL-MaLR	2416	-	261	134007523	39813
chr11	133967710	134167710	harbor2	chr11	134011422	134011883	LTR/ERVL-MaLR	906	-	230	134011652	43942
chr11	13320805	13520805	harbor2	chr11	13346031	13346121	LTR/ERVL-MaLR	401	-	45	13346076	25271
chr11	54653570	54853570	harbor2	chr11	54684101	54684604	LTR/ERVL-MaLR	952	-	252	54684353	30783
chr11	54653570	54853570	harbor2	chr11	54684777	54685241	LTR/ERVL-MaLR	697	-	232	54685009	31439
chr11	54653570	54853570	harbor2	chr11	54686272	54686475	LTR/ERVL-MaLR	705	-	102	54686374	32804
chr11	54653570	54853570	harbor2	chr11	54686995	54687159	LTR/ERVL-MaLR	1199	-	82	54687077	33507
chr11	54653570	54853570	harbor2	chr11	54687154	54687206	LTR/ERVL-MaLR	448	-	26	54687180	33610
chr11	54653570	54853570	harbor2	chr11	54693747	54694023	LTR/ERVL-MaLR	552	-	138	54693885	40315
chr11	54653570	54853570	harbor2	chr11	54707947	54708169	LTR/ERVL-MaLR	439	-	111	54708058	54488
chr11	54653570	54853570	harbor2	chr11	54708218	54708530	LTR/ERVL-MaLR	479	-	156	54708374	54804
chr11	54653570	54853570	harbor2	chr11	54714742	54715000	LTR/ERVL-MaLR	468	-	129	54714871	61301
chr11	54653570	54853570	harbor2	chr11	54715095	54715280	LTR/ERVL-MaLR	551	-	92	54715187	61617
chr11	54653570	54853570	harbor2	chr11	54717974	54718193	LTR/ERVL-MaLR	670	-	110	54718084	64514
chr11	54653570	54853570	harbor2	chr11	54725975	54726193	LTR/ERVL-MaLR	425	-	109	54726084	72514
chr11	54653570	54853570	harbor2	chr11	54726200	54726870	LTR/ERVL-MaLR	1078	-	335	54726535	72965
chr11	54653570	54853570	harbor2	chr11	54726918	54727121	LTR/ERVL-MaLR	605	-	102	54727020	73450
chr11	54653570	54853570	harbor2	chr11	54727266	54728880	LTR/ERVL-MaLR	7689	-	807	54728073	74503
chr11	54653570	54853570	harbor2	chr11	54728882	54729297	LTR/ERVL-MaLR	2203	-	208	54729090	75520
chr11	63250458	63450458	harbor2	chr11	63251092	63251449	LTR/ERVL-MaLR	2147	-	178	63251270	812
chr11	63250458	63450458	harbor2	chr11	63267701	63267916	LTR/ERVL-MaLR	1596	-	108	63267809	17351
chr11	63250458	63450458	harbor2	chr11	63268283	63268430	LTR/ERVL-MaLR	1596	-	74	63268357	17899
chr11	63250458	63450458	harbor2	chr11	63292048	63292405	LTR/ERVL-MaLR	2441	-	178	63292226	41768
chr11	63250458	63450458	harbor2	chr11	63292499	63292872	LTR/ERVL-MaLR	2534	-	186	63292685	42227
chr11	63250458	63450458	harbor2	chr11	63309428	63309693	LTR/ERVL-MaLR	1648	-	132	63309560	59102
chr11	63250458	63450458	harbor2	chr11	63309963	63310156	LTR/ERVL-MaLR	1648	-	96	63310059	59601
chr11	63250458	63450458	harbor2	chr11	63342285	63342678	LTR/ERVL-MaLR	1341	-	196	63342481	92023
chr11	116678321	116878321	harbor2	chr11	116678556	116678712	LTR/ERVL-MaLR	571	-	78	116678634	313
chr11	116678321	116878321	harbor2	chr11	116678770	116679148	LTR/ERVL-MaLR	1429	-	189	116678959	638
chr11	116678321	116878321	harbor2	chr11	116679596	116680559	LTR/ERVL-MaLR	1114	-	482	116680078	1757
chr11	116678321	116878321	harbor2	chr11	116680742	116681106	LTR/ERVL-MaLR	1025	-	182	116680924	2603
chr11	116678321	116878321	harbor2	chr11	116683870	116684229	LTR/ERVL-MaLR	1732	-	180	116684050	5729
chr11	116678321	116878321	harbor2	chr11	116690322	116690358	LTR/ERVL-MaLR	2236	-	18	116690340	12019
chr11	116678321	116878321	harbor2	chr11	116690639	116690980	LTR/ERVL-MaLR	2236	-	170	116690809	12488
chr11	116678321	116878321	harbor2	chr11	116713740	116714068	LTR/ERVL-MaLR	1751	-	164	116713904	35583
chr11	116678321	116878321	harbor2	chr11	116716461	116717020	LTR/ERVL-MaLR	506	-	280	116716741	38420
chr11	116678321	116878321	harbor2	chr11	116746250	116746701	LTR/ERVL-MaLR	2313	-	226	116746476	68155
chr11	116678321	116878321	harbor2	chr11	116771802	116772202	LTR/ERVL-MaLR	1669	-	200	116772002	93681
chr11	129635173	129835173	harbor2	chr11	129682191	129682409	LTR/ERVL-MaLR	858	-	109	129682300	47127
chr11	91599682	91799682	harbor2	chr11	91636749	91636871	LTR/ERVL-MaLR	723	-	61	91636810	37128
chr11	91599682	91799682	harbor2	chr11	91660260	91660579	LTR/ERVL-MaLR	1312	-	160	91660420	60738
chr11	123420345	123620345	harbor2	chr11	123440626	123440793	LTR/ERVL-MaLR	1825	-	84	123440710	20365
chr11	123420345	123620345	harbor2	chr11	123441142	123441353	LTR/ERVL-MaLR	1825	-	106	123441248	20903
chr11	123420345	123620345	harbor2	chr11	123487942	123488282	LTR/ERVL-MaLR	1366	-	170	123488112	67767
chr11	123420345	123620345	harbor2	chr11	123508094	123508471	LTR/ERVL-MaLR	1380	-	188	123508282	87937
chr11	112850025	113050025	harbor2	chr11	112882209	112882570	LTR/ERVL-MaLR	1681	-	180	112882389	32364
chr11	112850025	113050025	harbor2	chr11	112890432	112890525	LTR/ERVL-MaLR	403	-	46	112890478	40453
chr11	112850025	113050025	harbor2	chr11	112891193	112891416	LTR/ERVL-MaLR	378	-	112	112891305	41280
chr11	112850025	113050025	harbor2	chr11	112915959	112916278	LTR/ERVL-MaLR	1158	-	160	112916119	66094
chr11	112850025	113050025	harbor2	chr11	112917457	112917724	LTR/ERVL-MaLR	407	-	134	112917591	67566
chr11	112850025	113050025	harbor2	chr11	112947470	112947824	LTR/ERVL-MaLR	2045	-	177	112947647	97622
chr11	112850025	113050025	harbor2	chr11	112947827	112948676	LTR/ERVL-MaLR	5499	-	424	112948251	98226
chr11	112850025	113050025	harbor2	chr11	112948669	112949205	LTR/ERVL-MaLR	2645	-	268	112948937	98912
chr11	112850025	113050025	harbor2	chr11	112949206	112949561	LTR/ERVL-MaLR	1979	-	178	112949384	99359
chr11	134301432	134501432	harbor2	chr11	134395774	134396284	LTR/ERVL-MaLR	675	-	255	134396029	94597
chr11	134301432	134501432	harbor2	chr11	134348702	134349034	LTR/ERVL-MaLR	1650	-	166	134348868	47436
chr11	133986799	134186799	harbor2	chr11	134007262	134007784	LTR/ERVL-MaLR	2416	-	261	134007523	20724
chr11	133986799	134186799	harbor2	chr11	134011422	134011883	LTR/ERVL-MaLR	906	-	230	134011652	24853
chr11	130087869	130287869	harbor2	chr11	130089597	130090019	LTR/ERVL-MaLR	1860	-	211	130089808	1939
chr11	130087869	130287869	harbor2	chr11	130158001	130158115	LTR/ERVL-MaLR	460	-	57	130158058	70189
chr11	130087869	130287869	harbor2	chr11	130158228	130158344	LTR/ERVL-MaLR	456	-	58	130158286	70417
chr11	72463493	72663493	harbor2	chr11	72463755	72464199	LTR/ERVL-MaLR	615	-	222	72463977	484
chr11	72463493	72663493	harbor2	chr11	72487599	72487983	LTR/ERVL-MaLR	1575	-	192	72487791	24298
chr11	72463493	72663493	harbor2	chr11	72505561	72505709	LTR/ERVL-MaLR	2218	-	74	72505635	42142
chr11	72463493	72663493	harbor2	chr11	72506014	72506288	LTR/ERVL-MaLR	2218	-	137	72506151	42658
chr11	72463493	72663493	harbor2	chr11	72506290	72507590	LTR/ERVL-MaLR	7705	-	650	72506940	43447
chr11	72463493	72663493	harbor2	chr11	72507813	72507985	LTR/ERVL-MaLR	2242	-	86	72507899	44406
chr11	72463493	72663493	harbor2	chr11	72508318	72508501	LTR/ERVL-MaLR	2242	-	92	72508410	44917
chr11	72463493	72663493	harbor2	chr11	72508502	72508902	LTR/ERVL-MaLR	2151	-	200	72508702	45209
chr11	72463493	72663493	harbor2	chr11	72528304	72528428	LTR/ERVL-MaLR	464	-	62	72528366	64873
chr11	72463493	72663493	harbor2	chr11	72548950	72548971	LTR/ERVL-MaLR	385	-	10	72548960	85467
chr11	72463493	72663493	harbor2	chr11	72549280	72549463	LTR/ERVL-MaLR	385	-	92	72549372	85879
chr11	72463493	72663493	harbor2	chr11	72549708	72549859	LTR/ERVL-MaLR	508	-	76	72549784	86291
chr11	72463493	72663493	harbor2	chr11	72554128	72554564	LTR/ERVL-MaLR	1242	-	218	72554346	90853
chr11	66026136	66226136	harbor2	chr11	66100563	66101107	LTR/ERVL-MaLR	1248	-	272	66100835	74699
chr11	66026136	66226136	harbor2	chr11	66108082	66108438	LTR/ERVL-MaLR	1523	-	178	66108260	82124
chr11	66026136	66226136	harbor2	chr11	66124722	66124989	LTR/ERVL-MaLR	829	-	134	66124856	98720
chr11	106075382	106275382	harbor2	chr11	106086532	106087035	LTR/ERVL-MaLR	1673	-	252	106086784	11402
chr11	106075382	106275382	harbor2	chr11	106108037	106108422	LTR/ERVL-MaLR	2109	-	192	106108229	32847
chr11	106075382	106275382	harbor2	chr11	106135327	106135546	LTR/ERVL-MaLR	552	-	110	106135437	60055
chr11	106075382	106275382	harbor2	chr11	106165082	106166125	LTR/ERVL-MaLR	4512	-	522	106165604	90222
chr11	106075382	106275382	harbor2	chr11	106166127	106166491	LTR/ERVL-MaLR	1950	-	182	106166309	90927
chr11	106075382	106275382	harbor2	chr11	106086105	106086526	LTR/ERVL-MaLR	1509	-	210	106086315	10933
chr11	121108420	121308420	harbor2	chr11	121140502	121140972	LTR/ERVL-MaLR	1704	-	235	121140737	32317
chr11	121108420	121308420	harbor2	chr11	121184117	121184299	LTR/ERVL-MaLR	386	-	91	121184208	75788
chr11	121108420	121308420	harbor2	chr11	121193767	121193961	LTR/ERVL-MaLR	488	-	97	121193864	85444
chr11	121108420	121308420	harbor2	chr11	121198397	121198769	LTR/ERVL-MaLR	2198	-	186	121198583	90163
chr11	113629346	113829346	harbor2	chr11	113651041	113651419	LTR/ERVL-MaLR	2078	-	189	113651230	21884
chr11	113629346	113829346	harbor2	chr11	113653858	113654211	LTR/ERVL-MaLR	2202	-	176	113654034	24688
chr11	113629346	113829346	harbor2	chr11	113707350	113707765	LTR/ERVL-MaLR	2317	-	208	113707558	78212
chr11	113629346	113829346	harbor2	chr11	113716197	113716578	LTR/ERVL-MaLR	1223	-	190	113716387	87041
chr11	113629346	113829346	harbor2	chr11	113720514	113720911	LTR/ERVL-MaLR	2583	-	198	113720712	91366
chr11	128279504	128479504	harbor2	chr11	128308316	128308560	LTR/ERVL-MaLR	608	-	122	128308438	28934
chr11	128279504	128479504	harbor2	chr11	128314048	128314415	LTR/ERVL-MaLR	1830	-	184	128314232	34728
chr11	128279504	128479504	harbor2	chr11	128314416	128315953	LTR/ERVL-MaLR	10900	-	768	128315184	35680
chr11	128279504	128479504	harbor2	chr11	128315954	128316323	LTR/ERVL-MaLR	1848	-	184	128316138	36634
chr11	128279504	128479504	harbor2	chr11	128349565	128349661	LTR/ERVL-MaLR	386	-	48	128349613	70109
chr11	128279504	128479504	harbor2	chr11	128370102	128370463	LTR/ERVL-MaLR	2062	-	180	128370282	90778
chr11	128279504	128479504	harbor2	chr11	128374758	128375097	LTR/ERVL-MaLR	1990	-	170	128374928	95424
chr11	128279504	128479504	harbor2	chr11	128378872	128379258	LTR/ERVL-MaLR	1504	-	193	128379065	99561
chr11	68094377	68294377	harbor2	chr11	68142863	68143163	LTR/ERVL-MaLR	587	-	150	68143013	48636
chr11	94229243	94429243	harbor2	chr11	94229941	94230263	LTR/ERVL-MaLR	1799	-	161	94230102	859
chr11	94229243	94429243	harbor2	chr11	94272704	94272963	LTR/ERVL-MaLR	703	-	130	94272834	43591
chr11	94229243	94429243	harbor2	chr11	94281592	94282034	LTR/ERVL-MaLR	977	-	221	94281813	52570
chr11	94229243	94429243	harbor2	chr11	94285888	94286061	LTR/ERVL-MaLR	814	-	86	94285974	56731
chr11	94229243	94429243	harbor2	chr11	94286238	94286388	LTR/ERVL-MaLR	941	-	75	94286313	57070
chr11	94229243	94429243	harbor2	chr11	94326473	94326495	LTR/ERVL-MaLR	1332	-	11	94326484	97241
chr11	94229243	94429243	harbor2	chr11	94326496	94326863	LTR/ERVL-MaLR	1590	-	184	94326680	97437
chr11	94229243	94429243	harbor2	chr11	94326864	94327490	LTR/ERVL-MaLR	1332	-	313	94327177	97934
chr11	94229243	94429243	harbor2	chr11	94328065	94329131	LTR/ERVL-MaLR	8215	-	533	94328598	99355
chr11	87279615	87479615	harbor2	chr11	87299160	87299528	LTR/ERVL-MaLR	2175	-	184	87299344	19729
chr11	87279615	87479615	harbor2	chr11	87348853	87349406	LTR/ERVL-MaLR	1664	-	276	87349129	69514
chr11	87279615	87479615	harbor2	chr11	87359098	87359327	LTR/ERVL-MaLR	442	-	114	87359212	79597
chr11	87279615	87479615	harbor2	chr11	87363354	87363642	LTR/ERVL-MaLR	837	-	144	87363498	83883
chr11	87279615	87479615	harbor2	chr11	87363920	87364106	LTR/ERVL-MaLR	544	-	93	87364013	84398
chr11	87279615	87479615	harbor2	chr11	87364852	87365209	LTR/ERVL-MaLR	690	-	178	87365030	85415
chr11	92857148	93057148	harbor2	chr11	92904455	92904729	LTR/ERVL-MaLR	1536	-	137	92904592	47444
chr11	129335746	129535746	harbor2	chr11	129354533	129354997	LTR/ERVL-MaLR	1017	-	232	129354765	19019
chr11	129335746	129535746	harbor2	chr11	129355086	129355355	LTR/ERVL-MaLR	403	-	134	129355220	19474
chr11	129335746	129535746	harbor2	chr11	129355940	129356035	LTR/ERVL-MaLR	488	-	48	129355988	20242
chr11	129335746	129535746	harbor2	chr11	129356282	129356771	LTR/ERVL-MaLR	1770	-	244	129356526	20780
chr11	95053867	95253867	harbor2	chr11	95148142	95148679	LTR/ERVL-MaLR	1414	-	268	95148410	94543
chr11	104756804	104956804	harbor2	chr11	104775930	104776204	LTR/ERVL-MaLR	922	-	137	104776067	19263
chr11	122825604	123025604	harbor2	chr11	122874110	122874302	LTR/ERVL-MaLR	1253	-	96	122874206	48602
chr11	122825604	123025604	harbor2	chr11	122902488	122902913	LTR/ERVL-MaLR	2513	-	212	122902700	77096
chr11	86541039	86741039	harbor2	chr11	86549165	86549641	LTR/ERVL-MaLR	491	-	238	86549403	8364
chr11	86541039	86741039	harbor2	chr11	86591580	86591928	LTR/ERVL-MaLR	2402	-	174	86591754	50715
chr11	111201435	111401435	harbor2	chr11	111228239	111228618	LTR/ERVL-MaLR	1877	-	190	111228429	26994
chr11	111201435	111401435	harbor2	chr11	111236594	111237092	LTR/ERVL-MaLR	2078	-	249	111236843	35408
chr11	111201435	111401435	harbor2	chr11	111279319	111279763	LTR/ERVL-MaLR	1749	-	222	111279541	78106
chr11	107209862	107409862	harbor2	chr11	107214170	107214439	LTR/ERVL-MaLR	527	-	134	107214304	4442
chr11	107209862	107409862	harbor2	chr11	107214749	107214955	LTR/ERVL-MaLR	599	-	103	107214852	4990
chr11	107209862	107409862	harbor2	chr11	107222427	107222608	LTR/ERVL-MaLR	620	-	90	107222517	12655
chr11	107209862	107409862	harbor2	chr11	107241060	107241443	LTR/ERVL-MaLR	2489	-	192	107241252	31390
chr11	40026292	40226292	harbor2	chr11	40031780	40031989	LTR/ERVL-MaLR	891	-	104	40031884	5592
chr11	40026292	40226292	harbor2	chr11	40036456	40036865	LTR/ERVL-MaLR	1676	-	204	40036660	10368
chr11	40026292	40226292	harbor2	chr11	40054689	40055162	LTR/ERVL-MaLR	1220	-	236	40054925	28633
chr11	40026292	40226292	harbor2	chr11	40058374	40058597	LTR/ERVL-MaLR	562	-	112	40058486	32194
chr11	40026292	40226292	harbor2	chr11	40058652	40058778	LTR/ERVL-MaLR	384	-	63	40058715	32423
chr11	40026292	40226292	harbor2	chr11	40070177	40070530	LTR/ERVL-MaLR	2221	-	176	40070353	44061
chr11	40026292	40226292	harbor2	chr11	40071355	40071605	LTR/ERVL-MaLR	482	-	125	40071480	45188
chr11	40026292	40226292	harbor2	chr11	40078069	40078439	LTR/ERVL-MaLR	2723	-	185	40078254	51962
chr11	40026292	40226292	harbor2	chr11	40078939	40079213	LTR/ERVL-MaLR	421	-	137	40079076	52784
chr11	40026292	40226292	harbor2	chr11	40102418	40102510	LTR/ERVL-MaLR	467	-	46	40102464	76172
chr11	133316121	133516121	harbor2	chr11	133365254	133365600	LTR/ERVL-MaLR	1426	-	173	133365427	49306
chr11	133316121	133516121	harbor2	chr11	133402040	133402426	LTR/ERVL-MaLR	1663	-	193	133402233	86112
chr11	133316121	133516121	harbor2	chr11	133403945	133404382	LTR/ERVL-MaLR	1003	-	218	133404163	88042
chr11	22184829	22384829	harbor2	chr11	22196084	22196468	LTR/ERVL-MaLR	1404	-	192	22196276	11447
chr11	22184829	22384829	harbor2	chr11	22201525	22201910	LTR/ERVL-MaLR	1878	-	192	22201717	16888
chr11	22184829	22384829	harbor2	chr11	22202505	22202714	LTR/ERVL-MaLR	1144	-	104	22202609	17780
chr11	22184829	22384829	harbor2	chr11	22202739	22203006	LTR/ERVL-MaLR	838	-	134	22202873	18044
chr11	22184829	22384829	harbor2	chr11	22261160	22261382	LTR/ERVL-MaLR	1988	-	111	22261271	76442
chr11	22184829	22384829	harbor2	chr11	22261682	22261838	LTR/ERVL-MaLR	1988	-	78	22261760	76931
chr11	129617131	129817131	harbor2	chr11	129632501	129632857	LTR/ERVL-MaLR	2075	-	178	129632679	15548
chr11	129617131	129817131	harbor2	chr11	129682191	129682409	LTR/ERVL-MaLR	858	-	109	129682300	65169
chr11	106705018	106905018	harbor2	chr11	106780348	106780700	LTR/ERVL-MaLR	998	-	176	106780524	75506
chr11	106705018	106905018	harbor2	chr11	106802561	106802924	LTR/ERVL-MaLR	1649	-	182	106802743	97725
chr11	128108103	128308103	harbor2	chr11	128205793	128206214	LTR/ERVL-MaLR	2609	-	210	128206003	97900
chr11	115099626	115299626	harbor2	chr11	115102425	115102612	LTR/ERVL-MaLR	948	-	94	115102519	2893
chr11	115099626	115299626	harbor2	chr11	115102725	115102907	LTR/ERVL-MaLR	534	-	91	115102816	3190
chr11	115099626	115299626	harbor2	chr11	115126457	115126802	LTR/ERVL-MaLR	2009	-	172	115126629	27003
chr11	115099626	115299626	harbor2	chr11	115131308	115131723	LTR/ERVL-MaLR	1306	-	208	115131516	31890
chr11	115099626	115299626	harbor2	chr11	115137442	115137734	LTR/ERVL-MaLR	827	-	146	115137588	37962
chr11	115099626	115299626	harbor2	chr11	115137879	115137999	LTR/ERVL-MaLR	375	-	60	115137939	38313
chr11	115099626	115299626	harbor2	chr11	115156810	115157173	LTR/ERVL-MaLR	1540	-	182	115156992	57366
chr11	133904623	134104623	harbor2	chr11	133960176	133960638	LTR/ERVL-MaLR	1948	-	231	133960407	55784
chr11	133904623	134104623	harbor2	chr11	133960932	133961003	LTR/ERVL-MaLR	1948	-	36	133960968	56345
chr11	114390856	114590856	harbor2	chr11	114417683	114418048	LTR/ERVL-MaLR	2272	-	182	114417865	27009
chr11	114390856	114590856	harbor2	chr11	114419222	114419734	LTR/ERVL-MaLR	1913	-	256	114419478	28622
chr11	114390856	114590856	harbor2	chr11	114434094	114434508	LTR/ERVL-MaLR	2859	-	207	114434301	43445
chr11	114390856	114590856	harbor2	chr11	114434574	114435098	LTR/ERVL-MaLR	3046	-	262	114434836	43980
chr11	114390856	114590856	harbor2	chr11	114435100	114435515	LTR/ERVL-MaLR	2641	-	208	114435308	44452
chr11	114390856	114590856	harbor2	chr11	114472533	114472764	LTR/ERVL-MaLR	1354	-	116	114472649	81793
chr11	114390856	114590856	harbor2	chr11	114476466	114476836	LTR/ERVL-MaLR	2154	-	185	114476651	85795
chr11	114390856	114590856	harbor2	chr11	114479765	114480169	LTR/ERVL-MaLR	2180	-	202	114479967	89111
chr11	114853136	115053136	harbor2	chr11	114855537	114856084	LTR/ERVL-MaLR	1589	-	274	114855811	2675
chr11	114853136	115053136	harbor2	chr11	114863439	114863809	LTR/ERVL-MaLR	1153	-	185	114863624	10488
chr11	114853136	115053136	harbor2	chr11	114888037	114888409	LTR/ERVL-MaLR	1615	-	186	114888223	35087
chr11	114853136	115053136	harbor2	chr11	114907625	114908145	LTR/ERVL-MaLR	2034	-	260	114907885	54749
chr11	114853136	115053136	harbor2	chr11	114923330	114923694	LTR/ERVL-MaLR	1656	-	182	114923512	70376
chr11	114853136	115053136	harbor2	chr11	114951063	114951610	LTR/ERVL-MaLR	2187	-	274	114951337	98201
chr11	126183424	126383424	harbor2	chr11	126248673	126248858	LTR/ERVL-MaLR	1016	-	92	126248765	65341
chr11	126183424	126383424	harbor2	chr11	126253765	126254000	LTR/ERVL-MaLR	768	-	118	126253883	70459
chr11	126183424	126383424	harbor2	chr11	126279109	126279472	LTR/ERVL-MaLR	1949	-	182	126279291	95867
chr11	41412398	41612398	harbor2	chr11	41426645	41426928	LTR/ERVL-MaLR	916	-	142	41426787	14389
chr11	41412398	41612398	harbor2	chr11	41446274	41446735	LTR/ERVL-MaLR	615	-	230	41446504	34106
chr11	41412398	41612398	harbor2	chr11	41475819	41476198	LTR/ERVL-MaLR	2206	-	190	41476009	63611
chr11	41412398	41612398	harbor2	chr11	41484930	41485333	LTR/ERVL-MaLR	2246	-	202	41485132	72734
chr11	41412398	41612398	harbor2	chr11	41485634	41485693	LTR/ERVL-MaLR	2246	-	30	41485664	73266
chr11	41412398	41612398	harbor2	chr11	41494623	41494816	LTR/ERVL-MaLR	379	-	96	41494719	82321
chr11	65093760	65293760	harbor2	chr11	65106243	65106470	LTR/ERVL-MaLR	1331	-	114	65106357	12597
chr11	65093760	65293760	harbor2	chr11	65156929	65157145	LTR/ERVL-MaLR	1790	-	108	65157037	63277
chr11	65093760	65293760	harbor2	chr11	65157449	65157717	LTR/ERVL-MaLR	1790	-	134	65157583	63823
chr11	65093760	65293760	harbor2	chr11	65158357	65158423	LTR/ERVL-MaLR	1663	-	33	65158390	64630
chr11	65093760	65293760	harbor2	chr11	65158727	65158954	LTR/ERVL-MaLR	1663	-	114	65158841	65081
chr11	65093760	65293760	harbor2	chr11	65160564	65160644	LTR/ERVL-MaLR	450	-	40	65160604	66844
chr11	65093760	65293760	harbor2	chr11	65159121	65159212	LTR/ERVL-MaLR	1663	-	46	65159167	65407
chr11	128940531	129140531	harbor2	chr11	128952655	128953141	LTR/ERVL-MaLR	1844	-	243	128952898	12367
chr11	131806099	132006099	harbor2	chr11	131824939	131825380	LTR/ERVL-MaLR	2587	-	220	131825159	19060
chr11	131806099	132006099	harbor2	chr11	131849242	131849642	LTR/ERVL-MaLR	2111	-	200	131849442	43343
chr11	126418489	126618489	harbor2	chr11	126472237	126472584	LTR/ERVL-MaLR	1933	-	174	126472411	53922
chr11	125651284	125851284	harbor2	chr11	125662110	125662473	LTR/ERVL-MaLR	2018	-	182	125662292	11008
chr11	133061478	133261478	harbor2	chr11	133159423	133159614	LTR/ERVL-MaLR	479	-	96	133159519	98041
chr11	108187439	108387439	harbor2	chr11	108278499	108278884	LTR/ERVL-MaLR	1996	-	192	108278691	91252
chr11	101043426	101243426	harbor2	chr11	101135994	101136374	LTR/ERVL-MaLR	1101	-	190	101136184	92758
chr11	101043426	101243426	harbor2	chr11	101136694	101136864	LTR/ERVL-MaLR	822	-	85	101136779	93353
chr11	101043426	101243426	harbor2	chr11	101138600	101139145	LTR/ERVL-MaLR	809	-	272	101138872	95446
chr11	117648754	117848754	harbor2	chr11	117709193	117709570	LTR/ERVL-MaLR	1578	-	188	117709381	60627
chr11	117648754	117848754	harbor2	chr11	117736047	117736567	LTR/ERVL-MaLR	1658	-	260	117736307	87553
chr11	106771742	106971742	harbor2	chr11	106780348	106780700	LTR/ERVL-MaLR	998	-	176	106780524	8782
chr11	106771742	106971742	harbor2	chr11	106802561	106802924	LTR/ERVL-MaLR	1649	-	182	106802743	31001
chr11	106771742	106971742	harbor2	chr11	106832924	106833343	LTR/ERVL-MaLR	1497	-	210	106833134	61392
chr11	106771742	106971742	harbor2	chr11	106857114	106857454	LTR/ERVL-MaLR	1666	-	170	106857284	85542
chr11	106771742	106971742	harbor2	chr11	106871319	106871676	LTR/ERVL-MaLR	1299	-	178	106871497	99755
chr11	56809705	57009705	harbor2	chr11	56824304	56825554	LTR/ERVL-MaLR	6313	-	625	56824929	15224
chr11	56809705	57009705	harbor2	chr11	56825555	56825962	LTR/ERVL-MaLR	1479	-	204	56825759	16054
chr11	56809705	57009705	harbor2	chr11	56831837	56832234	LTR/ERVL-MaLR	1589	-	198	56832035	22330
chr11	56809705	57009705	harbor2	chr11	56837821	56838190	LTR/ERVL-MaLR	2390	-	184	56838005	28300
chr11	56809705	57009705	harbor2	chr11	56838191	56839747	LTR/ERVL-MaLR	9798	-	778	56838969	29264
chr11	56809705	57009705	harbor2	chr11	56839748	56840044	LTR/ERVL-MaLR	1698	-	148	56839896	30191
chr11	56809705	57009705	harbor2	chr11	56887848	56888164	LTR/ERVL-MaLR	976	-	158	56888006	78301
chr11	130913332	131113332	harbor2	chr11	130919501	130919874	LTR/ERVL-MaLR	2241	-	186	130919687	6355
chr11	130913332	131113332	harbor2	chr11	130919875	130921414	LTR/ERVL-MaLR	11121	-	770	130920645	7313
chr11	130913332	131113332	harbor2	chr11	130921415	130921770	LTR/ERVL-MaLR	2129	-	178	130921593	8261
chr11	130913332	131113332	harbor2	chr11	130922024	130922286	LTR/ERVL-MaLR	646	-	131	130922155	8823
chr11	130913332	131113332	harbor2	chr11	130922501	130922692	LTR/ERVL-MaLR	731	-	96	130922597	9265
chr11	130913332	131113332	harbor2	chr11	130938377	130938578	LTR/ERVL-MaLR	421	-	100	130938477	25145
chr11	130913332	131113332	harbor2	chr11	130938992	130939746	LTR/ERVL-MaLR	1686	-	377	130939369	26037
chr11	130913332	131113332	harbor2	chr11	130951934	130952302	LTR/ERVL-MaLR	1636	-	184	130952118	38786
chr11	130913332	131113332	harbor2	chr11	130924192	130924564	LTR/ERVL-MaLR	1808	-	186	130924378	11046
chr11	74524261	74724261	harbor2	chr11	74533337	74533746	LTR/ERVL-MaLR	2471	-	204	74533541	9280
chr11	74524261	74724261	harbor2	chr11	74547470	74547626	LTR/ERVL-MaLR	744	-	78	74547548	23287
chr11	74524261	74724261	harbor2	chr11	74557628	74558015	LTR/ERVL-MaLR	1775	-	194	74557822	33561
chr11	74524261	74724261	harbor2	chr11	74566357	74566561	LTR/ERVL-MaLR	804	-	102	74566459	42198
chr11	74524261	74724261	harbor2	chr11	74566639	74566772	LTR/ERVL-MaLR	458	-	66	74566705	42444
chr11	74524261	74724261	harbor2	chr11	74571742	74572051	LTR/ERVL-MaLR	706	-	154	74571896	47635
chr11	74524261	74724261	harbor2	chr11	74574844	74574904	LTR/ERVL-MaLR	2209	-	30	74574874	50613
chr11	74524261	74724261	harbor2	chr11	74575225	74575536	LTR/ERVL-MaLR	2209	-	156	74575381	51120
chr11	74524261	74724261	harbor2	chr11	74594221	74594500	LTR/ERVL-MaLR	1405	-	140	74594361	70100
chr11	74524261	74724261	harbor2	chr11	74594656	74594986	LTR/ERVL-MaLR	1930	-	165	74594821	70560
chr11	74524261	74724261	harbor2	chr11	74598425	74598966	LTR/ERVL-MaLR	1657	-	270	74598695	74434
chr11	132351591	132551591	harbor2	chr11	132354850	132355374	LTR/ERVL-MaLR	2319	-	262	132355112	3521
chr11	132351591	132551591	harbor2	chr11	132399287	132399689	LTR/ERVL-MaLR	1266	-	201	132399488	47897
chr11	42340154	42540154	harbor2	chr11	42341151	42341644	LTR/ERVL-MaLR	885	-	246	42341397	1243
chr11	42340154	42540154	harbor2	chr11	42347221	42347529	LTR/ERVL-MaLR	719	-	154	42347375	7221
chr11	42340154	42540154	harbor2	chr11	42355363	42355607	LTR/ERVL-MaLR	667	-	122	42355485	15331
chr11	42340154	42540154	harbor2	chr11	42359716	42360093	LTR/ERVL-MaLR	2603	-	188	42359904	19750
chr11	42340154	42540154	harbor2	chr11	42416047	42416415	LTR/ERVL-MaLR	1687	-	184	42416231	76077
chr11	42340154	42540154	harbor2	chr11	42435888	42436199	LTR/ERVL-MaLR	990	-	156	42436044	95890
chr11	131413767	131613767	harbor2	chr11	131488143	131488655	LTR/ERVL-MaLR	1018	-	256	131488399	74632
chr11	131413767	131613767	harbor2	chr11	131488655	131489060	LTR/ERVL-MaLR	865	-	202	131488857	75090
chr11	131413767	131613767	harbor2	chr11	131489171	131489799	LTR/ERVL-MaLR	1439	-	314	131489485	75718
chr11	131413767	131613767	harbor2	chr11	131489847	131490258	LTR/ERVL-MaLR	2333	-	206	131490053	76286
chr11	131413767	131613767	harbor2	chr11	131490368	131490576	LTR/ERVL-MaLR	768	-	104	131490472	76705
chr11	68987581	69187581	harbor2	chr11	68998501	68998876	LTR/ERVL-MaLR	960	-	188	68998689	11108
chr11	68987581	69187581	harbor2	chr11	69014685	69014991	LTR/ERVL-MaLR	899	-	153	69014838	27257
chr11	68987581	69187581	harbor2	chr11	69039813	69040187	LTR/ERVL-MaLR	2825	-	187	69040000	52419
chr11	68987581	69187581	harbor2	chr11	69061954	69062337	LTR/ERVL-MaLR	1816	-	192	69062146	74565
chr11	68987581	69187581	harbor2	chr11	69073584	69073777	LTR/ERVL-MaLR	567	-	96	69073680	86099
chr11	68987581	69187581	harbor2	chr11	69073864	69074112	LTR/ERVL-MaLR	1303	-	124	69073988	86407
chr11	19002533	19202533	harbor2	chr11	19004293	19004545	LTR/ERVL-MaLR	1426	-	126	19004419	1886
chr11	19002533	19202533	harbor2	chr11	19026332	19026709	LTR/ERVL-MaLR	1948	-	188	19026520	23987
chr11	19002533	19202533	harbor2	chr11	19101159	19101559	LTR/ERVL-MaLR	2363	-	200	19101359	98826
chr11	87481462	87681462	harbor2	chr11	87542179	87542553	LTR/ERVL-MaLR	2254	-	187	87542366	60904
chr11	87481462	87681462	harbor2	chr11	87542556	87544091	LTR/ERVL-MaLR	10225	-	768	87543324	61862
chr11	87481462	87681462	harbor2	chr11	87544092	87544462	LTR/ERVL-MaLR	2287	-	185	87544277	62815
chr11	87481462	87681462	harbor2	chr11	87544638	87545042	LTR/ERVL-MaLR	2306	-	202	87544840	63378
chr11	87481462	87681462	harbor2	chr11	87561078	87561442	LTR/ERVL-MaLR	1810	-	182	87561260	79798
chr11	87481462	87681462	harbor2	chr11	87575224	87575301	LTR/ERVL-MaLR	409	-	38	87575262	93800
chr11	92115716	92315716	harbor2	chr11	92126524	92126701	LTR/ERVL-MaLR	798	-	88	92126612	10896
chr11	92115716	92315716	harbor2	chr11	92152504	92152895	LTR/ERVL-MaLR	1423	-	196	92152700	36984
chr11	92115716	92315716	harbor2	chr11	92209137	92209601	LTR/ERVL-MaLR	1662	-	232	92209369	93653
chr11	22006693	22206693	harbor2	chr11	22038881	22038994	LTR/ERVL-MaLR	427	-	56	22038937	32244
chr11	22006693	22206693	harbor2	chr11	22039499	22040111	LTR/ERVL-MaLR	656	-	306	22039805	33112
chr11	22006693	22206693	harbor2	chr11	22040767	22041062	LTR/ERVL-MaLR	592	-	148	22040915	34222
chr11	22006693	22206693	harbor2	chr11	22041909	22042018	LTR/ERVL-MaLR	487	-	54	22041963	35270
chr11	22006693	22206693	harbor2	chr11	22065390	22066351	LTR/ERVL-MaLR	4908	-	480	22065870	59177
chr11	22006693	22206693	harbor2	chr11	22071392	22071777	LTR/ERVL-MaLR	2046	-	192	22071584	64891
chr11	22006693	22206693	harbor2	chr11	22104588	22104698	LTR/ERVL-MaLR	436	-	55	22104643	97950
chr11	22006693	22206693	harbor2	chr11	22036194	22036618	LTR/ERVL-MaLR	1092	-	212	22036406	29713
chr11	133861856	134061856	harbor2	chr11	133866028	133866447	LTR/ERVL-MaLR	2627	-	210	133866238	4382
chr11	133861856	134061856	harbor2	chr11	133870699	133871057	LTR/ERVL-MaLR	1812	-	179	133870878	9022
chr11	133861856	134061856	harbor2	chr11	133886062	133886417	LTR/ERVL-MaLR	404	-	178	133886240	24384
chr11	133861856	134061856	harbor2	chr11	133960176	133960638	LTR/ERVL-MaLR	1948	-	231	133960407	98551
chr11	133861856	134061856	harbor2	chr11	133960932	133961003	LTR/ERVL-MaLR	1948	-	36	133960968	99112
chr11	11183438	11383438	harbor2	chr11	11189139	11189463	LTR/ERVL-MaLR	1400	-	162	11189301	5863
chr11	11183438	11383438	harbor2	chr11	11225155	11225505	LTR/ERVL-MaLR	1370	-	175	11225330	41892
chr11	11183438	11383438	harbor2	chr11	11225506	11225898	LTR/ERVL-MaLR	2086	-	196	11225702	42264
chr11	11183438	11383438	harbor2	chr11	11225899	11225977	LTR/ERVL-MaLR	1370	-	39	11225938	42500
chr11	11183438	11383438	harbor2	chr11	11248001	11248327	LTR/ERVL-MaLR	1092	-	163	11248164	64726
chr11	124816573	125016573	harbor2	chr11	124855431	124855790	LTR/ERVL-MaLR	1917	-	180	124855611	39038
chr11	119842945	120042945	harbor2	chr11	119846395	119846737	LTR/ERVL-MaLR	1768	-	171	119846566	3621
chr11	119842945	120042945	harbor2	chr11	119855904	119856399	LTR/ERVL-MaLR	2171	-	248	119856152	13207
chr11	119842945	120042945	harbor2	chr11	119868141	119868592	LTR/ERVL-MaLR	937	-	226	119868367	25422
chr11	119842945	120042945	harbor2	chr11	119879043	119879397	LTR/ERVL-MaLR	2061	-	177	119879220	36275
chr11	119842945	120042945	harbor2	chr11	119902727	119903080	LTR/ERVL-MaLR	2631	-	176	119902903	59958
chr11	119842945	120042945	harbor2	chr11	119915130	119915494	LTR/ERVL-MaLR	2584	-	182	119915312	72367
chr11	119842945	120042945	harbor2	chr11	119930866	119931288	LTR/ERVL-MaLR	1450	-	211	119931077	88132
chr11	124383607	124583607	harbor2	chr11	124401056	124401216	LTR/ERVL-MaLR	1057	-	80	124401136	17529
chr11	124383607	124583607	harbor2	chr11	124401250	124401432	LTR/ERVL-MaLR	1057	-	91	124401341	17734
chr11	124383607	124583607	harbor2	chr11	124437410	124437626	LTR/ERVL-MaLR	1466	-	108	124437518	53911
chr11	124383607	124583607	harbor2	chr11	124437669	124437867	LTR/ERVL-MaLR	1466	-	99	124437768	54161
chr11	96396643	96596643	harbor2	chr11	96396360	96396716	LTR/ERVL-MaLR	1322	-	178	96396538	105
chr11	96396643	96596643	harbor2	chr11	96396917	96397107	LTR/ERVL-MaLR	1322	-	95	96397012	369
chr11	96396643	96596643	harbor2	chr11	96397138	96397456	LTR/ERVL-MaLR	495	-	159	96397297	654
chr11	96396643	96596643	harbor2	chr11	96434955	96435357	LTR/ERVL-MaLR	2272	-	201	96435156	38513
chr11	96396643	96596643	harbor2	chr11	96438711	96439107	LTR/ERVL-MaLR	2182	-	198	96438909	42266
chr11	96396643	96596643	harbor2	chr11	96439110	96439950	LTR/ERVL-MaLR	5019	-	420	96439530	42887
chr11	96396643	96596643	harbor2	chr11	96439949	96440031	LTR/ERVL-MaLR	539	-	41	96439990	43347
chr11	96396643	96596643	harbor2	chr11	96445914	96446517	LTR/ERVL-MaLR	2428	-	302	96446216	49573
chr11	96396643	96596643	harbor2	chr11	96454206	96454581	LTR/ERVL-MaLR	2351	-	188	96454394	57751
chr11	96396643	96596643	harbor2	chr11	96462551	96462923	LTR/ERVL-MaLR	1922	-	186	96462737	66094
chr11	96396643	96596643	harbor2	chr11	96486140	96486533	LTR/ERVL-MaLR	510	-	196	96486336	89693
chr11	96396643	96596643	harbor2	chr11	96494427	96494836	LTR/ERVL-MaLR	881	-	204	96494631	97988
chr11	96396643	96596643	harbor2	chr11	96494838	96495385	LTR/ERVL-MaLR	974	-	274	96495112	98469
chr11	96396643	96596643	harbor2	chr11	96495831	96496106	LTR/ERVL-MaLR	745	-	138	96495969	99326
chr11	96396643	96596643	harbor2	chr11	96496320	96496467	LTR/ERVL-MaLR	453	-	74	96496394	99751
chr11	82010381	82210381	harbor2	chr11	82035146	82035528	LTR/ERVL-MaLR	1948	-	191	82035337	24956
chr11	82010381	82210381	harbor2	chr11	82105282	82105688	LTR/ERVL-MaLR	1937	-	203	82105485	95104
chr11	82010381	82210381	harbor2	chr11	82109184	82109881	LTR/ERVL-MaLR	1935	-	348	82109532	99151
chr11	107042222	107242222	harbor2	chr11	107053779	107053960	LTR/ERVL-MaLR	761	-	90	107053869	11647
chr11	107042222	107242222	harbor2	chr11	107058008	107058147	LTR/ERVL-MaLR	515	-	70	107058078	15856
chr11	107042222	107242222	harbor2	chr11	107068687	107069019	LTR/ERVL-MaLR	1074	-	166	107068853	26631
chr11	107042222	107242222	harbor2	chr11	107069449	107069616	LTR/ERVL-MaLR	1074	-	84	107069533	27311
chr11	107042222	107242222	harbor2	chr11	107078722	107079142	LTR/ERVL-MaLR	2024	-	210	107078932	36710
chr11	107042222	107242222	harbor2	chr11	107081303	107081680	LTR/ERVL-MaLR	2377	-	188	107081491	39269
chr11	107042222	107242222	harbor2	chr11	107081681	107083038	LTR/ERVL-MaLR	7176	-	678	107082359	40137
chr11	107042222	107242222	harbor2	chr11	107083039	107083411	LTR/ERVL-MaLR	2131	-	186	107083225	41003
chr11	107042222	107242222	harbor2	chr11	107104480	107104871	LTR/ERVL-MaLR	2284	-	196	107104676	62454
chr11	45122909	45322909	harbor2	chr11	45131752	45132336	LTR/ERVL-MaLR	1407	-	292	45132044	9135
chr11	45122909	45322909	harbor2	chr11	45141488	45142033	LTR/ERVL-MaLR	1152	-	272	45141760	18851
chr11	45122909	45322909	harbor2	chr11	45166063	45166514	LTR/ERVL-MaLR	827	-	226	45166289	43380
chr11	45122909	45322909	harbor2	chr11	45179450	45179763	LTR/ERVL-MaLR	1155	-	156	45179606	56697
chr11	126992181	127192181	harbor2	chr11	127007218	127007590	LTR/ERVL-MaLR	1725	-	186	127007404	15223
chr11	126992181	127192181	harbor2	chr11	127009322	127009674	LTR/ERVL-MaLR	1801	-	176	127009498	17317
chr11	126992181	127192181	harbor2	chr11	127026840	127027206	LTR/ERVL-MaLR	504	-	183	127027023	34842
chr11	126992181	127192181	harbor2	chr11	127030785	127030989	LTR/ERVL-MaLR	518	-	102	127030887	38706
chr11	126992181	127192181	harbor2	chr11	127033449	127033684	LTR/ERVL-MaLR	931	-	118	127033567	41386
chr11	126992181	127192181	harbor2	chr11	127042882	127043322	LTR/ERVL-MaLR	1922	-	220	127043102	50921
chr11	126992181	127192181	harbor2	chr11	127056277	127056665	LTR/ERVL-MaLR	992	-	194	127056471	64290
chr11	127994744	128194744	harbor2	chr11	128027804	128028241	LTR/ERVL-MaLR	2262	-	218	128028022	33278
chr11	127994744	128194744	harbor2	chr11	128067192	128067535	LTR/ERVL-MaLR	2148	-	172	128067364	72620
chr11	127994744	128194744	harbor2	chr11	128067536	128069100	LTR/ERVL-MaLR	11276	-	782	128068318	73574
chr11	127994744	128194744	harbor2	chr11	128069101	128069439	LTR/ERVL-MaLR	2134	-	169	128069270	74526
chr11	127994744	128194744	harbor2	chr11	128088136	128088533	LTR/ERVL-MaLR	752	-	198	128088334	93590
chr11	127994744	128194744	harbor2	chr11	128090188	128090333	LTR/ERVL-MaLR	711	-	72	128090260	95516
chr11	127994744	128194744	harbor2	chr11	128093657	128093964	LTR/ERVL-MaLR	1852	-	154	128093811	99067
chr11	127994744	128194744	harbor2	chr11	128088534	128090178	LTR/ERVL-MaLR	5926	-	822	128089356	94612
chr11	46179357	46379357	harbor2	chr11	46183096	46183263	LTR/ERVL-MaLR	440	-	84	46183180	3823
chr11	46179357	46379357	harbor2	chr11	46250282	46250734	LTR/ERVL-MaLR	1510	-	226	46250508	71151
chr11	46179357	46379357	harbor2	chr11	46256310	46256591	LTR/ERVL-MaLR	1265	-	140	46256450	77093
chr11	46179357	46379357	harbor2	chr11	46256950	46257113	LTR/ERVL-MaLR	1265	-	82	46257032	77675
chr11	43704576	43904576	harbor2	chr11	43707827	43708138	LTR/ERVL-MaLR	1208	-	156	43707983	3407
chr11	43704576	43904576	harbor2	chr11	43717433	43717792	LTR/ERVL-MaLR	917	-	180	43717613	13037
chr11	43704576	43904576	harbor2	chr11	43718105	43718275	LTR/ERVL-MaLR	917	-	85	43718190	13614
chr11	43704576	43904576	harbor2	chr11	43718268	43718663	LTR/ERVL-MaLR	1418	-	198	43718466	13890
chr11	43704576	43904576	harbor2	chr11	43719640	43720581	LTR/ERVL-MaLR	3254	-	470	43720110	15534
chr11	43704576	43904576	harbor2	chr11	43720593	43720722	LTR/ERVL-MaLR	439	-	64	43720657	16081
chr11	43704576	43904576	harbor2	chr11	43724438	43724796	LTR/ERVL-MaLR	2012	-	179	43724617	20041
chr11	43704576	43904576	harbor2	chr11	43735701	43735996	LTR/ERVL-MaLR	1504	-	148	43735849	31273
chr11	43704576	43904576	harbor2	chr11	43739369	43739741	LTR/ERVL-MaLR	1834	-	186	43739555	34979
chr11	43704576	43904576	harbor2	chr11	43740546	43740916	LTR/ERVL-MaLR	828	-	185	43740731	36155
chr11	43704576	43904576	harbor2	chr11	43755821	43756172	LTR/ERVL-MaLR	2033	-	176	43755997	51421
chr11	43704576	43904576	harbor2	chr11	43761443	43762032	LTR/ERVL-MaLR	2173	-	294	43761737	57161
chr11	88788636	88988636	harbor2	chr11	88815459	88815877	LTR/ERVL-MaLR	1874	-	209	88815668	27032
chr11	88788636	88988636	harbor2	chr11	88819690	88820087	LTR/ERVL-MaLR	1882	-	198	88819888	31252
chr11	88788636	88988636	harbor2	chr11	88830737	88831087	LTR/ERVL-MaLR	1834	-	175	88830912	42276
chr11	131937136	132137136	harbor2	chr11	131983705	131984081	LTR/ERVL-MaLR	961	-	188	131983893	46757
chr11	131937136	132137136	harbor2	chr11	131984109	131985395	LTR/ERVL-MaLR	2396	-	643	131984752	47616
chr11	131937136	132137136	harbor2	chr11	131985399	131985832	LTR/ERVL-MaLR	554	-	216	131985615	48479
chr11	131937136	132137136	harbor2	chr11	131987946	131988301	LTR/ERVL-MaLR	1884	-	178	131988124	50988
chr11	131937136	132137136	harbor2	chr11	131989612	131989717	LTR/ERVL-MaLR	498	-	52	131989664	52528
chr11	131937136	132137136	harbor2	chr11	131989744	131989971	LTR/ERVL-MaLR	498	-	114	131989858	52722
chr11	131937136	132137136	harbor2	chr11	131992551	131992797	LTR/ERVL-MaLR	472	-	123	131992674	55538
chr11	131937136	132137136	harbor2	chr11	132001364	132001756	LTR/ERVL-MaLR	2043	-	196	132001560	64424
chr11	65191509	65391509	harbor2	chr11	65227705	65228266	LTR/ERVL-MaLR	2010	-	280	65227985	36476
chr11	65191509	65391509	harbor2	chr11	65242382	65242779	LTR/ERVL-MaLR	2423	-	198	65242580	51071
chr11	112605671	112805671	harbor2	chr11	112626600	112626702	LTR/ERVL-MaLR	559	-	51	112626651	20980
chr11	112605671	112805671	harbor2	chr11	112631420	112631780	LTR/ERVL-MaLR	507	-	180	112631600	25929
chr11	112605671	112805671	harbor2	chr11	112644323	112644913	LTR/ERVL-MaLR	1728	-	295	112644618	38947
chr11	112605671	112805671	harbor2	chr11	112644914	112645665	LTR/ERVL-MaLR	2455	-	376	112645290	39619
chr11	112605671	112805671	harbor2	chr11	112645976	112646442	LTR/ERVL-MaLR	2455	-	233	112646209	40538
chr11	112605671	112805671	harbor2	chr11	112646480	112646638	LTR/ERVL-MaLR	513	-	79	112646559	40888
chr11	112605671	112805671	harbor2	chr11	112664027	112664235	LTR/ERVL-MaLR	901	-	104	112664131	58460
chr11	112605671	112805671	harbor2	chr11	112666341	112666877	LTR/ERVL-MaLR	974	-	268	112666609	60938
chr11	112605671	112805671	harbor2	chr11	112705272	112705679	LTR/ERVL-MaLR	1249	-	204	112705476	99805
chr11	103665059	103865059	harbor2	chr11	103709348	103709736	LTR/ERVL-MaLR	1817	-	194	103709542	44483
chr11	103665059	103865059	harbor2	chr11	103710880	103711223	LTR/ERVL-MaLR	2079	-	172	103711052	45993
chr11	103665059	103865059	harbor2	chr11	103723481	103723833	LTR/ERVL-MaLR	1853	-	176	103723657	58598
chr11	103665059	103865059	harbor2	chr11	103723834	103725374	LTR/ERVL-MaLR	10285	-	770	103724604	59545
chr11	103665059	103865059	harbor2	chr11	103725388	103725703	LTR/ERVL-MaLR	1440	-	158	103725546	60487
chr11	103665059	103865059	harbor2	chr11	103726182	103726544	LTR/ERVL-MaLR	2412	-	181	103726363	61304
chr11	103665059	103865059	harbor2	chr11	103728136	103728491	LTR/ERVL-MaLR	2430	-	178	103728314	63255
chr11	103665059	103865059	harbor2	chr11	103729670	103729845	LTR/ERVL-MaLR	738	-	88	103729758	64699
chr11	103665059	103865059	harbor2	chr11	103729949	103730129	LTR/ERVL-MaLR	864	-	90	103730039	64980
chr11	103665059	103865059	harbor2	chr11	103747515	103747852	LTR/ERVL-MaLR	399	-	168	103747683	82624
chr11	103665059	103865059	harbor2	chr11	103726555	103728135	LTR/ERVL-MaLR	9648	-	790	103727345	62286
chr11	79772948	79972948	harbor2	chr11	79817969	79818375	LTR/ERVL-MaLR	1187	-	203	79818172	45224
chr11	61375550	61575550	harbor2	chr11	61433719	61433902	LTR/ERVL-MaLR	1076	-	92	61433811	58261
chr11	61375550	61575550	harbor2	chr11	61439099	61439545	LTR/ERVL-MaLR	1073	-	223	61439322	63772
chr11	61375550	61575550	harbor2	chr11	61462736	61462783	LTR/ERVL-MaLR	2064	-	24	61462760	87210
chr11	61375550	61575550	harbor2	chr11	61463090	61463123	LTR/ERVL-MaLR	2064	-	16	61463106	87556
chr11	61375550	61575550	harbor2	chr11	61463424	61463710	LTR/ERVL-MaLR	2064	-	143	61463567	88017
chr11	61375550	61575550	harbor2	chr11	61468101	61468401	LTR/ERVL-MaLR	1027	-	150	61468251	92701
chr11	61375550	61575550	harbor2	chr11	61468402	61468576	LTR/ERVL-MaLR	426	-	87	61468489	92939
chr11	61375550	61575550	harbor2	chr11	61470842	61471231	LTR/ERVL-MaLR	659	-	194	61471036	95486
chr11	61375550	61575550	harbor2	chr11	61471232	61471450	LTR/ERVL-MaLR	1016	-	109	61471341	95791
chr11	61375550	61575550	harbor2	chr11	61471768	61471783	LTR/ERVL-MaLR	1016	-	8	61471776	96226
chr11	61375550	61575550	harbor2	chr11	61472083	61472441	LTR/ERVL-MaLR	1016	-	179	61472262	96712
chr11	61375550	61575550	harbor2	chr11	61472606	61472711	LTR/ERVL-MaLR	1016	-	52	61472658	97108
chr11	61375550	61575550	harbor2	chr11	61473589	61473639	LTR/ERVL-MaLR	1016	-	25	61473614	98064
chr11	61375550	61575550	harbor2	chr11	61473647	61473808	LTR/ERVL-MaLR	478	-	80	61473727	98177
chr11	115271401	115471401	harbor2	chr11	115358273	115358624	LTR/ERVL-MaLR	2169	-	176	115358449	87048
chr12	109963141	110163141	harbor2	chr12	110057632	110057750	LTR/ERVL-MaLR	460	-	59	110057691	94550
chr12	120861620	121061620	harbor2	chr12	120941953	120942125	LTR/ERVL-MaLR	470	-	86	120942039	80419
chr12	120861620	121061620	harbor2	chr12	120958453	120958650	LTR/ERVL-MaLR	477	-	98	120958551	96931
chr12	110156236	110356236	harbor2	chr12	110193833	110194253	LTR/ERVL-MaLR	2775	-	210	110194043	37807
chr12	110156236	110356236	harbor2	chr12	110220662	110221060	LTR/ERVL-MaLR	2125	-	199	110220861	64625
chr12	110156236	110356236	harbor2	chr12	110245854	110246189	LTR/ERVL-MaLR	1854	-	168	110246022	89786
chr12	102599169	102799169	harbor2	chr12	102624594	102624943	LTR/ERVL-MaLR	1094	-	174	102624768	25599
chr12	102599169	102799169	harbor2	chr12	102648550	102648726	LTR/ERVL-MaLR	1890	-	88	102648638	49469
chr12	102599169	102799169	harbor2	chr12	102648787	102648982	LTR/ERVL-MaLR	1890	-	98	102648885	49716
chr12	102599169	102799169	harbor2	chr12	102657542	102658923	LTR/ERVL-MaLR	10055	-	690	102658232	59063
chr12	102599169	102799169	harbor2	chr12	102658924	102659267	LTR/ERVL-MaLR	2184	-	172	102659096	59927
chr12	123040621	123240621	harbor2	chr12	123052269	123052385	LTR/ERVL-MaLR	623	-	58	123052327	11706
chr12	123040621	123240621	harbor2	chr12	123089998	123090369	LTR/ERVL-MaLR	2232	-	186	123090184	49563
chr12	123040621	123240621	harbor2	chr12	123090673	123090826	LTR/ERVL-MaLR	2232	-	76	123090749	50128
chr12	124026480	124226480	harbor2	chr12	124026261	124026703	LTR/ERVL-MaLR	1684	-	221	124026482	2
chr12	124026480	124226480	harbor2	chr12	124041779	124042174	LTR/ERVL-MaLR	1402	-	198	124041977	15497
chr12	124026480	124226480	harbor2	chr12	124056006	124056128	LTR/ERVL-MaLR	463	-	61	124056067	29587
chr12	124026480	124226480	harbor2	chr12	124057745	124058152	LTR/ERVL-MaLR	1809	-	204	124057949	31469
chr12	124026480	124226480	harbor2	chr12	124059897	124060066	LTR/ERVL-MaLR	677	-	84	124059981	33501
chr12	124026480	124226480	harbor2	chr12	124066248	124066560	LTR/ERVL-MaLR	1181	-	156	124066404	39924
chr12	124026480	124226480	harbor2	chr12	124125653	124126022	LTR/ERVL-MaLR	1609	-	184	124125837	99357
chr12	124026480	124226480	harbor2	chr12	124126309	124126452	LTR/ERVL-MaLR	1609	-	72	124126381	99901
chr12	73285478	73485478	harbor2	chr12	73329031	73329557	LTR/ERVL-MaLR	894	-	263	73329294	43816
chr12	73285478	73485478	harbor2	chr12	73378076	73378571	LTR/ERVL-MaLR	655	-	248	73378324	92846
chr12	73285478	73485478	harbor2	chr12	73382308	73382834	LTR/ERVL-MaLR	1283	-	263	73382571	97093
chr12	73285478	73485478	harbor2	chr12	73384994	73385207	LTR/ERVL-MaLR	492	-	106	73385100	99622
chr12	78970332	79170332	harbor2	chr12	79058948	79059309	LTR/ERVL-MaLR	2750	-	180	79059128	88796
chr12	84775325	84975325	harbor2	chr12	84785231	84785751	LTR/ERVL-MaLR	1846	-	260	84785491	10166
chr12	84775325	84975325	harbor2	chr12	84799084	84799453	LTR/ERVL-MaLR	987	-	184	84799268	23943
chr12	84775325	84975325	harbor2	chr12	84808176	84808644	LTR/ERVL-MaLR	569	-	234	84808410	33085
chr12	84775325	84975325	harbor2	chr12	84822408	84822710	LTR/ERVL-MaLR	562	-	151	84822559	47234
chr12	84775325	84975325	harbor2	chr12	84850049	84850499	LTR/ERVL-MaLR	2260	-	225	84850274	74949
chr12	106591788	106791788	harbor2	chr12	106623804	106624153	LTR/ERVL-MaLR	755	-	174	106623978	32190
chr12	106591788	106791788	harbor2	chr12	106636697	106637286	LTR/ERVL-MaLR	1081	-	294	106636991	45203
chr12	106591788	106791788	harbor2	chr12	106638556	106638970	LTR/ERVL-MaLR	1823	-	207	106638763	46975
chr12	106591788	106791788	harbor2	chr12	106668047	106668426	LTR/ERVL-MaLR	724	-	190	106668237	76449
chr12	106591788	106791788	harbor2	chr12	106690476	106690799	LTR/ERVL-MaLR	789	-	162	106690638	98850
chr12	30264568	30464568	harbor2	chr12	30271696	30272060	LTR/ERVL-MaLR	2165	-	182	30271878	7310
chr12	30264568	30464568	harbor2	chr12	30272069	30273685	LTR/ERVL-MaLR	8927	-	808	30272877	8309
chr12	30264568	30464568	harbor2	chr12	30273687	30274046	LTR/ERVL-MaLR	2130	-	180	30273867	9299
chr12	30264568	30464568	harbor2	chr12	30314590	30314849	LTR/ERVL-MaLR	1610	-	130	30314720	50152
chr12	30264568	30464568	harbor2	chr12	30314886	30315008	LTR/ERVL-MaLR	1610	-	61	30314947	50379
chr12	30264568	30464568	harbor2	chr12	30316051	30316420	LTR/ERVL-MaLR	1127	-	184	30316235	51667
chr12	30264568	30464568	harbor2	chr12	30336474	30336874	LTR/ERVL-MaLR	2273	-	200	30336674	72106
chr12	79751365	79951365	harbor2	chr12	79751139	79751657	LTR/ERVL-MaLR	1661	-	259	79751398	33
chr12	76683788	76883788	harbor2	chr12	76713899	76714305	LTR/ERVL-MaLR	1795	-	203	76714102	30314
chr12	76683788	76883788	harbor2	chr12	76715221	76715637	LTR/ERVL-MaLR	1523	-	208	76715429	31641
chr12	76683788	76883788	harbor2	chr12	76745902	76746280	LTR/ERVL-MaLR	2387	-	189	76746091	62303
chr12	76683788	76883788	harbor2	chr12	76755793	76756309	LTR/ERVL-MaLR	2322	-	258	76756051	72263
chr12	76683788	76883788	harbor2	chr12	76778782	76779130	LTR/ERVL-MaLR	1827	-	174	76778956	95168
chr12	76683788	76883788	harbor2	chr12	76779277	76779634	LTR/ERVL-MaLR	2579	-	178	76779455	95667
chr12	76683788	76883788	harbor2	chr12	76783226	76783600	LTR/ERVL-MaLR	1937	-	187	76783413	99625
chr12	125956424	126156424	harbor2	chr12	125960341	125960719	LTR/ERVL-MaLR	2696	-	189	125960530	4106
chr12	125956424	126156424	harbor2	chr12	125962420	125962790	LTR/ERVL-MaLR	2460	-	185	125962605	6181
chr12	125956424	126156424	harbor2	chr12	125978934	125979231	LTR/ERVL-MaLR	1813	-	148	125979082	22658
chr12	125956424	126156424	harbor2	chr12	125979232	125979593	LTR/ERVL-MaLR	2434	-	180	125979412	22988
chr12	125956424	126156424	harbor2	chr12	125979594	125979708	LTR/ERVL-MaLR	1813	-	57	125979651	23227
chr12	125956424	126156424	harbor2	chr12	126016602	126016801	LTR/ERVL-MaLR	838	-	100	126016702	60278
chr12	125956424	126156424	harbor2	chr12	126017323	126017486	LTR/ERVL-MaLR	971	-	82	126017405	60981
chr12	125956424	126156424	harbor2	chr12	126017784	126017938	LTR/ERVL-MaLR	971	-	77	126017861	61437
chr12	125956424	126156424	harbor2	chr12	126020003	126020303	LTR/ERVL-MaLR	1679	-	150	126020153	63729
chr12	125956424	126156424	harbor2	chr12	126027140	126027640	LTR/ERVL-MaLR	458	-	250	126027390	70966
chr12	125956424	126156424	harbor2	chr12	126028910	126029303	LTR/ERVL-MaLR	2467	-	196	126029106	72682
chr12	125956424	126156424	harbor2	chr12	126037812	126038175	LTR/ERVL-MaLR	2633	-	182	126037994	81570
chr12	125956424	126156424	harbor2	chr12	126039590	126039840	LTR/ERVL-MaLR	2055	-	125	126039715	83291
chr12	125956424	126156424	harbor2	chr12	126039872	126039892	LTR/ERVL-MaLR	2055	-	10	126039882	83458
chr12	125956424	126156424	harbor2	chr12	126040200	126040368	LTR/ERVL-MaLR	2055	-	84	126040284	83860
chr12	125956424	126156424	harbor2	chr12	126049371	126049744	LTR/ERVL-MaLR	2299	-	186	126049557	93133
chr12	125956424	126156424	harbor2	chr12	126051382	126051744	LTR/ERVL-MaLR	455	-	181	126051563	95139
chr12	77389379	77589379	harbor2	chr12	77405167	77405558	LTR/ERVL-MaLR	1164	-	196	77405363	15984
chr12	77389379	77589379	harbor2	chr12	77417499	77417615	LTR/ERVL-MaLR	491	-	58	77417557	28178
chr12	77389379	77589379	harbor2	chr12	77435616	77436232	LTR/ERVL-MaLR	1914	-	308	77435924	46545
chr12	77389379	77589379	harbor2	chr12	77440042	77440496	LTR/ERVL-MaLR	2012	-	227	77440269	50890
chr12	49479926	49679926	harbor2	chr12	49501211	49501538	LTR/ERVL-MaLR	1532	-	164	49501375	21449
chr12	49479926	49679926	harbor2	chr12	49506257	49506606	LTR/ERVL-MaLR	2228	-	174	49506431	26505
chr12	49479926	49679926	harbor2	chr12	49517467	49517684	LTR/ERVL-MaLR	464	-	108	49517575	37649
chr12	49479926	49679926	harbor2	chr12	49517948	49518389	LTR/ERVL-MaLR	455	-	220	49518168	38242
chr12	49479926	49679926	harbor2	chr12	49574165	49574529	LTR/ERVL-MaLR	2163	-	182	49574347	94421
chr12	26621911	26821911	harbor2	chr12	26644436	26644798	LTR/ERVL-MaLR	2710	-	181	26644617	22706
chr12	61415900	61615900	harbor2	chr12	61454595	61454748	LTR/ERVL-MaLR	714	-	76	61454671	38771
chr12	61415900	61615900	harbor2	chr12	61455091	61455155	LTR/ERVL-MaLR	714	-	32	61455123	39223
chr12	132736664	132936664	harbor2	chr12	132834440	132834712	LTR/ERVL-MaLR	1368	-	136	132834576	97912
chr12	132736664	132936664	harbor2	chr12	132835017	132835218	LTR/ERVL-MaLR	1368	-	100	132835117	98453
chr12	54887212	55087212	harbor2	chr12	54899822	54900228	LTR/ERVL-MaLR	2147	-	203	54900025	12813
chr12	54887212	55087212	harbor2	chr12	54913166	54913406	LTR/ERVL-MaLR	1259	-	120	54913286	26074
chr12	54887212	55087212	harbor2	chr12	54956676	54957065	LTR/ERVL-MaLR	2009	-	194	54956870	69658
chr12	54887212	55087212	harbor2	chr12	54935535	54935980	LTR/ERVL-MaLR	1803	-	222	54935757	48545
chr12	60771286	60971286	harbor2	chr12	60821261	60821612	LTR/ERVL-MaLR	1395	-	176	60821437	50151
chr12	60771286	60971286	harbor2	chr12	60838962	60839303	LTR/ERVL-MaLR	1396	-	170	60839132	67846
chr12	60771286	60971286	harbor2	chr12	60840684	60841105	LTR/ERVL-MaLR	1819	-	210	60840894	69608
chr12	92883775	93083775	harbor2	chr12	92950035	92950325	LTR/ERVL-MaLR	699	-	145	92950180	66405
chr12	92883775	93083775	harbor2	chr12	92968204	92968430	LTR/ERVL-MaLR	1044	-	113	92968317	84542
chr12	63087259	63287259	harbor2	chr12	63129890	63130214	LTR/ERVL-MaLR	512	-	162	63130052	42793
chr12	63087259	63287259	harbor2	chr12	63130362	63130597	LTR/ERVL-MaLR	687	-	118	63130480	43221
chr12	63087259	63287259	harbor2	chr12	63131198	63131555	LTR/ERVL-MaLR	2670	-	178	63131376	44117
chr12	63087259	63287259	harbor2	chr12	63164738	63165176	LTR/ERVL-MaLR	2570	-	219	63164957	77698
chr12	63087259	63287259	harbor2	chr12	63171183	63171563	LTR/ERVL-MaLR	1324	-	190	63171373	84114
chr12	63087259	63287259	harbor2	chr12	63172347	63172753	LTR/ERVL-MaLR	690	-	203	63172550	85291
chr12	80329699	80529699	harbor2	chr12	80374052	80374412	LTR/ERVL-MaLR	1001	-	180	80374232	44533
chr12	80329699	80529699	harbor2	chr12	80396625	80396752	LTR/ERVL-MaLR	584	-	64	80396689	66990
chr12	80329699	80529699	harbor2	chr12	80396212	80396605	LTR/ERVL-MaLR	1643	-	196	80396408	66709
chr12	99107050	99307050	harbor2	chr12	99181992	99182341	LTR/ERVL-MaLR	2135	-	174	99182166	75116
chr12	99107050	99307050	harbor2	chr12	99202687	99203138	LTR/ERVL-MaLR	642	-	226	99202913	95863
chr12	130842714	131042714	harbor2	chr12	130857845	130858321	LTR/ERVL-MaLR	1196	-	238	130858083	15369
chr12	130842714	131042714	harbor2	chr12	130861299	130861467	LTR/ERVL-MaLR	983	-	84	130861383	18669
chr12	130842714	131042714	harbor2	chr12	130862112	130862297	LTR/ERVL-MaLR	1004	-	92	130862204	19490
chr12	130842714	131042714	harbor2	chr12	130863726	130863975	LTR/ERVL-MaLR	1605	-	124	130863850	21136
chr12	130842714	131042714	harbor2	chr12	130864281	130864572	LTR/ERVL-MaLR	1605	-	146	130864427	21713
chr12	130842714	131042714	harbor2	chr12	130883052	130883374	LTR/ERVL-MaLR	1588	-	161	130883213	40499
chr12	130842714	131042714	harbor2	chr12	130883678	130883818	LTR/ERVL-MaLR	1588	-	70	130883748	41034
chr12	130842714	131042714	harbor2	chr12	130921277	130921657	LTR/ERVL-MaLR	2251	-	190	130921467	78753
chr12	130842714	131042714	harbor2	chr12	130921779	130922085	LTR/ERVL-MaLR	443	-	153	130921932	79218
chr12	130842714	131042714	harbor2	chr12	130940643	130940890	LTR/ERVL-MaLR	1179	-	124	130940767	98053
chr12	130842714	131042714	harbor2	chr12	130941106	130941495	LTR/ERVL-MaLR	656	-	194	130941300	98586
chr12	130842714	131042714	harbor2	chr12	130908021	130908397	LTR/ERVL-MaLR	2047	-	188	130908209	65495
chr12	75768933	75968933	harbor2	chr12	75808087	75808606	LTR/ERVL-MaLR	1851	-	260	75808347	39414
chr12	75768933	75968933	harbor2	chr12	75826815	75827176	LTR/ERVL-MaLR	2191	-	180	75826995	58062
chr12	75768933	75968933	harbor2	chr12	75846285	75846783	LTR/ERVL-MaLR	1616	-	249	75846534	77601
chr12	107776546	107976546	harbor2	chr12	107784833	107785132	LTR/ERVL-MaLR	747	-	150	107784983	8437
chr12	107776546	107976546	harbor2	chr12	107785422	107785605	LTR/ERVL-MaLR	747	-	92	107785514	8968
chr12	107776546	107976546	harbor2	chr12	107871420	107871531	LTR/ERVL-MaLR	487	-	56	107871476	94930
chr12	93890624	94090624	harbor2	chr12	93918919	93919303	LTR/ERVL-MaLR	2296	-	192	93919111	28487
chr12	93890624	94090624	harbor2	chr12	93938222	93938583	LTR/ERVL-MaLR	1793	-	180	93938402	47778
chr12	93890624	94090624	harbor2	chr12	93946450	93946871	LTR/ERVL-MaLR	2908	-	210	93946660	56036
chr12	93890624	94090624	harbor2	chr12	93949442	93949831	LTR/ERVL-MaLR	2038	-	194	93949636	59012
chr12	93890624	94090624	harbor2	chr12	93956551	93956945	LTR/ERVL-MaLR	2598	-	197	93956748	66124
chr12	93890624	94090624	harbor2	chr12	93958184	93958557	LTR/ERVL-MaLR	1614	-	186	93958370	67746
chr12	93890624	94090624	harbor2	chr12	93961969	93962074	LTR/ERVL-MaLR	584	-	52	93962021	71397
chr12	93890624	94090624	harbor2	chr12	93962080	93962234	LTR/ERVL-MaLR	2229	-	77	93962157	71533
chr12	93890624	94090624	harbor2	chr12	93962369	93962663	LTR/ERVL-MaLR	2229	-	147	93962516	71892
chr12	93890624	94090624	harbor2	chr12	93963267	93964233	LTR/ERVL-MaLR	4606	-	483	93963750	73126
chr12	93890624	94090624	harbor2	chr12	93964236	93964398	LTR/ERVL-MaLR	918	-	81	93964317	73693
chr12	93890624	94090624	harbor2	chr12	93968946	93969352	LTR/ERVL-MaLR	906	-	203	93969149	78525
chr12	93890624	94090624	harbor2	chr12	93980724	93981084	LTR/ERVL-MaLR	1053	-	180	93980904	90280
chr12	108005229	108205229	harbor2	chr12	108041692	108042100	LTR/ERVL-MaLR	2198	-	204	108041896	36667
chr12	108005229	108205229	harbor2	chr12	108052740	108053122	LTR/ERVL-MaLR	2448	-	191	108052931	47702
chr12	108005229	108205229	harbor2	chr12	108056885	108057268	LTR/ERVL-MaLR	2140	-	192	108057077	51848
chr12	108005229	108205229	harbor2	chr12	108059267	108059759	LTR/ERVL-MaLR	1283	-	246	108059513	54284
chr12	108005229	108205229	harbor2	chr12	108079624	108080076	LTR/ERVL-MaLR	1149	-	226	108079850	74621
chr12	108005229	108205229	harbor2	chr12	108100575	108100827	LTR/ERVL-MaLR	478	-	126	108100701	95472
chr12	108005229	108205229	harbor2	chr12	108103345	108103755	LTR/ERVL-MaLR	1030	-	205	108103550	98321
chr12	119383067	119583067	harbor2	chr12	119387941	119388184	LTR/ERVL-MaLR	716	-	122	119388063	4996
chr12	119383067	119583067	harbor2	chr12	119395257	119395639	LTR/ERVL-MaLR	2120	-	191	119395448	12381
chr12	119383067	119583067	harbor2	chr12	119395677	119395937	LTR/ERVL-MaLR	1700	-	130	119395807	12740
chr12	119383067	119583067	harbor2	chr12	119396238	119396387	LTR/ERVL-MaLR	1700	-	74	119396312	13245
chr12	119383067	119583067	harbor2	chr12	119402880	119403327	LTR/ERVL-MaLR	1410	-	224	119403104	20037
chr12	119383067	119583067	harbor2	chr12	119408215	119408541	LTR/ERVL-MaLR	2121	-	163	119408378	25311
chr12	119383067	119583067	harbor2	chr12	119408839	119409148	LTR/ERVL-MaLR	2121	-	154	119408993	25926
chr12	119383067	119583067	harbor2	chr12	119422336	119422749	LTR/ERVL-MaLR	2680	-	206	119422542	39475
chr12	119383067	119583067	harbor2	chr12	119425471	119425897	LTR/ERVL-MaLR	648	-	213	119425684	42617
chr12	119383067	119583067	harbor2	chr12	119435714	119436214	LTR/ERVL-MaLR	1586	-	250	119435964	52897
chr12	119383067	119583067	harbor2	chr12	119454720	119455120	LTR/ERVL-MaLR	699	-	200	119454920	71853
chr12	119383067	119583067	harbor2	chr12	119476933	119477356	LTR/ERVL-MaLR	755	-	212	119477145	94078
chr12	119383067	119583067	harbor2	chr12	119482651	119483244	LTR/ERVL-MaLR	889	-	296	119482947	99880
chr12	96941451	97141451	harbor2	chr12	96942673	96943198	LTR/ERVL-MaLR	2006	-	262	96942935	1484
chr12	96941451	97141451	harbor2	chr12	96972524	96973124	LTR/ERVL-MaLR	1758	-	300	96972824	31373
chr12	96941451	97141451	harbor2	chr12	96979649	96979787	LTR/ERVL-MaLR	518	-	69	96979718	38267
chr12	96941451	97141451	harbor2	chr12	96997343	96997782	LTR/ERVL-MaLR	1334	-	220	96997563	56112
chr12	96941451	97141451	harbor2	chr12	97002614	97003096	LTR/ERVL-MaLR	1165	-	241	97002855	61404
chr12	96941451	97141451	harbor2	chr12	97003924	97004302	LTR/ERVL-MaLR	1424	-	189	97004113	62662
chr12	96941451	97141451	harbor2	chr12	97012737	97013195	LTR/ERVL-MaLR	778	-	229	97012966	71515
chr12	96941451	97141451	harbor2	chr12	97033487	97033609	LTR/ERVL-MaLR	599	-	61	97033548	92097
chr12	96941451	97141451	harbor2	chr12	97040176	97040707	LTR/ERVL-MaLR	1010	-	266	97040442	98991
chr12	102960457	103160457	harbor2	chr12	102971612	102972165	LTR/ERVL-MaLR	603	-	276	102971888	11431
chr12	102960457	103160457	harbor2	chr12	102981943	102982243	LTR/ERVL-MaLR	530	-	150	102982093	21636
chr12	102960457	103160457	harbor2	chr12	102982315	102982333	LTR/ERVL-MaLR	530	-	9	102982324	21867
chr12	102960457	103160457	harbor2	chr12	102982635	102982744	LTR/ERVL-MaLR	530	-	54	102982689	22232
chr12	102960457	103160457	harbor2	chr12	102990905	102991348	LTR/ERVL-MaLR	1963	-	222	102991127	30670
chr12	102960457	103160457	harbor2	chr12	102997165	102997492	LTR/ERVL-MaLR	1583	-	164	102997329	36872
chr12	102960457	103160457	harbor2	chr12	102997494	102999073	LTR/ERVL-MaLR	12077	-	790	102998284	37827
chr12	102960457	103160457	harbor2	chr12	102999074	102999428	LTR/ERVL-MaLR	2014	-	177	102999251	38794
chr12	102960457	103160457	harbor2	chr12	103008103	103008136	LTR/ERVL-MaLR	1080	-	16	103008119	47662
chr12	102960457	103160457	harbor2	chr12	103008483	103008893	LTR/ERVL-MaLR	1080	-	205	103008688	48231
chr12	102960457	103160457	harbor2	chr12	103017478	103017928	LTR/ERVL-MaLR	913	-	225	103017703	57246
chr12	102960457	103160457	harbor2	chr12	103017982	103018160	LTR/ERVL-MaLR	931	-	89	103018071	57614
chr12	102960457	103160457	harbor2	chr12	103018136	103018857	LTR/ERVL-MaLR	3360	-	360	103018496	58039
chr12	102960457	103160457	harbor2	chr12	103018859	103019287	LTR/ERVL-MaLR	2651	-	214	103019073	58616
chr12	102960457	103160457	harbor2	chr12	103027872	103028079	LTR/ERVL-MaLR	1043	-	104	103027976	67519
chr12	102960457	103160457	harbor2	chr12	103028862	103029016	LTR/ERVL-MaLR	1055	-	77	103028939	68482
chr12	102960457	103160457	harbor2	chr12	103047591	103048078	LTR/ERVL-MaLR	1586	-	244	103047835	87378
chr12	132986248	133186248	harbor2	chr12	133008450	133008494	LTR/ERVL-MaLR	2012	-	22	133008472	22224
chr12	132986248	133186248	harbor2	chr12	133008802	133009163	LTR/ERVL-MaLR	2012	-	180	133008982	22734
chr12	132986248	133186248	harbor2	chr12	133020644	133021047	LTR/ERVL-MaLR	1557	-	202	133020846	34598
chr12	132986248	133186248	harbor2	chr12	133052106	133052339	LTR/ERVL-MaLR	1295	-	116	133052222	65974
chr12	132986248	133186248	harbor2	chr12	133052635	133052796	LTR/ERVL-MaLR	1295	-	80	133052715	66467
chr12	132986248	133186248	harbor2	chr12	133065439	133065788	LTR/ERVL-MaLR	2468	-	174	133065613	79365
chr12	110694826	110894826	harbor2	chr12	110699792	110700227	LTR/ERVL-MaLR	628	-	218	110700010	5184
chr12	110694826	110894826	harbor2	chr12	110762761	110763233	LTR/ERVL-MaLR	840	-	236	110762997	68171
chr12	110694826	110894826	harbor2	chr12	110769129	110769412	LTR/ERVL-MaLR	474	-	142	110769271	74445
chr12	110694826	110894826	harbor2	chr12	110770876	110770945	LTR/ERVL-MaLR	1197	-	34	110770910	76084
chr12	110694826	110894826	harbor2	chr12	110771400	110771679	LTR/ERVL-MaLR	1197	-	140	110771540	76714
chr12	110694826	110894826	harbor2	chr12	110790666	110791099	LTR/ERVL-MaLR	1332	-	216	110790882	96056
chr12	30723482	30923482	harbor2	chr12	30782420	30782901	LTR/ERVL-MaLR	1076	-	240	30782660	59178
chr12	30723482	30923482	harbor2	chr12	30803350	30803749	LTR/ERVL-MaLR	2642	-	200	30803550	80068
chr12	30723482	30923482	harbor2	chr12	30803750	30805393	LTR/ERVL-MaLR	10276	-	822	30804572	81090
chr12	30723482	30923482	harbor2	chr12	30805394	30805570	LTR/ERVL-MaLR	1029	-	88	30805482	82000
chr12	62775459	62975459	harbor2	chr12	62775848	62776215	LTR/ERVL-MaLR	2501	-	184	62776032	573
chr12	62775459	62975459	harbor2	chr12	62840117	62840436	LTR/ERVL-MaLR	1643	-	160	62840277	64818
chr12	62775459	62975459	harbor2	chr12	62860007	62860375	LTR/ERVL-MaLR	2491	-	184	62860191	84732
chr12	111801752	112001752	harbor2	chr12	111828650	111828785	LTR/ERVL-MaLR	444	-	68	111828718	26966
chr12	111801752	112001752	harbor2	chr12	111837268	111837503	LTR/ERVL-MaLR	796	-	118	111837386	35634
chr12	111801752	112001752	harbor2	chr12	111838530	111838718	LTR/ERVL-MaLR	464	-	94	111838624	36872
chr12	111801752	112001752	harbor2	chr12	111839720	111840110	LTR/ERVL-MaLR	563	-	195	111839915	38163
chr12	111801752	112001752	harbor2	chr12	111872530	111872960	LTR/ERVL-MaLR	2067	-	215	111872745	70993
chr12	104756567	104956567	harbor2	chr12	104782235	104782727	LTR/ERVL-MaLR	1045	-	246	104782481	25914
chr12	104756567	104956567	harbor2	chr12	104785638	104785945	LTR/ERVL-MaLR	1624	-	154	104785792	29225
chr12	125555688	125755688	harbor2	chr12	125573573	125573794	LTR/ERVL-MaLR	543	-	110	125573683	17995
chr12	125555688	125755688	harbor2	chr12	125589160	125589200	LTR/ERVL-MaLR	2771	-	20	125589180	33492
chr12	125555688	125755688	harbor2	chr12	125589511	125589905	LTR/ERVL-MaLR	2771	-	197	125589708	34020
chr12	125555688	125755688	harbor2	chr12	125591208	125591557	LTR/ERVL-MaLR	1495	-	174	125591382	35694
chr12	125555688	125755688	harbor2	chr12	125591558	125591993	LTR/ERVL-MaLR	1476	-	218	125591776	36088
chr12	125555688	125755688	harbor2	chr12	125608877	125609238	LTR/ERVL-MaLR	2113	-	180	125609057	53369
chr12	125555688	125755688	harbor2	chr12	125620591	125620970	LTR/ERVL-MaLR	2694	-	190	125620781	65093
chr12	125555688	125755688	harbor2	chr12	125639842	125640233	LTR/ERVL-MaLR	528	-	196	125640038	84350
chr12	125555688	125755688	harbor2	chr12	125651585	125652088	LTR/ERVL-MaLR	1909	-	252	125651837	96149
chr12	78716624	78916624	harbor2	chr12	78758574	78758949	LTR/ERVL-MaLR	1284	-	188	78758762	42138
chr12	78716624	78916624	harbor2	chr12	78759202	78759365	LTR/ERVL-MaLR	1432	-	82	78759284	42660
chr12	78716624	78916624	harbor2	chr12	78759698	78760042	LTR/ERVL-MaLR	1432	-	172	78759870	43246
chr12	78716624	78916624	harbor2	chr12	78760827	78761178	LTR/ERVL-MaLR	1685	-	176	78761003	44379
chr12	103903386	104103386	harbor2	chr12	103933288	103933594	LTR/ERVL-MaLR	575	-	153	103933441	30055
chr12	103903386	104103386	harbor2	chr12	103954282	103954674	LTR/ERVL-MaLR	2451	-	196	103954478	51092
chr12	103903386	104103386	harbor2	chr12	103956534	103956600	LTR/ERVL-MaLR	454	-	33	103956567	53181
chr12	103903386	104103386	harbor2	chr12	103975357	103975664	LTR/ERVL-MaLR	1721	-	154	103975511	72125
chr12	103903386	104103386	harbor2	chr12	103975962	103976054	LTR/ERVL-MaLR	1721	-	46	103976008	72622
chr12	115262982	115462982	harbor2	chr12	115271193	115271548	LTR/ERVL-MaLR	2139	-	178	115271371	8389
chr12	115262982	115462982	harbor2	chr12	115272775	115273036	LTR/ERVL-MaLR	871	-	130	115272905	9923
chr12	115262982	115462982	harbor2	chr12	115277353	115277679	LTR/ERVL-MaLR	491	-	163	115277516	14534
chr12	115262982	115462982	harbor2	chr12	115278252	115278623	LTR/ERVL-MaLR	2188	-	186	115278438	15456
chr12	115262982	115462982	harbor2	chr12	115292361	115292700	LTR/ERVL-MaLR	1633	-	170	115292531	29549
chr12	115262982	115462982	harbor2	chr12	115307510	115307944	LTR/ERVL-MaLR	712	-	217	115307727	44745
chr12	115262982	115462982	harbor2	chr12	115314761	115315124	LTR/ERVL-MaLR	539	-	182	115314943	51961
chr12	115262982	115462982	harbor2	chr12	115327536	115327929	LTR/ERVL-MaLR	2948	-	196	115327732	64750
chr12	115262982	115462982	harbor2	chr12	115342247	115342513	LTR/ERVL-MaLR	836	-	133	115342380	79398
chr12	115262982	115462982	harbor2	chr12	115342613	115342731	LTR/ERVL-MaLR	464	-	59	115342672	79690
chr12	115262982	115462982	harbor2	chr12	115351113	115351482	LTR/ERVL-MaLR	1221	-	184	115351297	88315
chr12	131563802	131763802	harbor2	chr12	131600970	131601323	LTR/ERVL-MaLR	2513	-	176	131601146	37344
chr12	131563802	131763802	harbor2	chr12	131601329	131602826	LTR/ERVL-MaLR	10145	-	748	131602077	38275
chr12	131563802	131763802	harbor2	chr12	131602827	131603181	LTR/ERVL-MaLR	2459	-	177	131603004	39202
chr12	131563802	131763802	harbor2	chr12	131603434	131604086	LTR/ERVL-MaLR	1536	-	326	131603760	39958
chr12	131563802	131763802	harbor2	chr12	131612826	131613157	LTR/ERVL-MaLR	1620	-	166	131612992	49190
chr12	131563802	131763802	harbor2	chr12	131620634	131620780	LTR/ERVL-MaLR	486	-	73	131620707	56905
chr12	121765627	121965627	harbor2	chr12	121766302	121766804	LTR/ERVL-MaLR	653	-	251	121766553	926
chr12	121765627	121965627	harbor2	chr12	121770110	121770465	LTR/ERVL-MaLR	1253	-	178	121770288	4661
chr12	41281235	41481235	harbor2	chr12	41305416	41305751	LTR/ERVL-MaLR	1262	-	168	41305584	24349
chr12	41281235	41481235	harbor2	chr12	41305758	41307159	LTR/ERVL-MaLR	3927	-	700	41306458	25223
chr12	41281235	41481235	harbor2	chr12	41307168	41307555	LTR/ERVL-MaLR	1060	-	194	41307362	26127
chr12	41281235	41481235	harbor2	chr12	41309209	41309579	LTR/ERVL-MaLR	1767	-	185	41309394	28159
chr12	41281235	41481235	harbor2	chr12	41312465	41312826	LTR/ERVL-MaLR	2494	-	180	41312645	31410
chr12	41281235	41481235	harbor2	chr12	41331622	41331925	LTR/ERVL-MaLR	1584	-	152	41331774	50539
chr12	41281235	41481235	harbor2	chr12	41351391	41351766	LTR/ERVL-MaLR	2100	-	188	41351579	70344
chr12	51845020	52045020	harbor2	chr12	51858948	51858983	LTR/ERVL-MaLR	1513	-	18	51858966	13946
chr12	51845020	52045020	harbor2	chr12	51859237	51859580	LTR/ERVL-MaLR	1513	-	172	51859409	14389
chr12	51845020	52045020	harbor2	chr12	51882115	51882262	LTR/ERVL-MaLR	1917	-	74	51882189	37169
chr12	51845020	52045020	harbor2	chr12	51882563	51882724	LTR/ERVL-MaLR	1917	-	80	51882643	37623
chr12	51845020	52045020	harbor2	chr12	51882725	51882882	LTR/ERVL-MaLR	547	-	78	51882803	37783
chr12	51845020	52045020	harbor2	chr12	51883310	51883713	LTR/ERVL-MaLR	1865	-	202	51883512	38492
chr12	88930080	89130080	harbor2	chr12	88967536	88967892	LTR/ERVL-MaLR	1926	-	178	88967714	37634
chr12	88930080	89130080	harbor2	chr12	88978130	88978564	LTR/ERVL-MaLR	1219	-	217	88978347	48267
chr12	88930080	89130080	harbor2	chr12	88982252	88982515	LTR/ERVL-MaLR	1823	-	132	88982384	52304
chr12	88930080	89130080	harbor2	chr12	88982543	88982792	LTR/ERVL-MaLR	1823	-	124	88982667	52587
chr12	88930080	89130080	harbor2	chr12	88990687	88991177	LTR/ERVL-MaLR	1559	-	245	88990932	60852
chr12	88930080	89130080	harbor2	chr12	88996792	88997162	LTR/ERVL-MaLR	479	-	185	88996977	66897
chr12	88930080	89130080	harbor2	chr12	89008710	89009071	LTR/ERVL-MaLR	2112	-	180	89008890	78810
chr12	88930080	89130080	harbor2	chr12	89011079	89011520	LTR/ERVL-MaLR	1113	-	220	89011299	81219
chr12	78551846	78751846	harbor2	chr12	78571988	78572352	LTR/ERVL-MaLR	1905	-	182	78572170	20324
chr12	78551846	78751846	harbor2	chr12	78611836	78611893	LTR/ERVL-MaLR	514	-	28	78611864	60018
chr12	78551846	78751846	harbor2	chr12	78612201	78612534	LTR/ERVL-MaLR	514	-	166	78612367	60521
chr12	78551846	78751846	harbor2	chr12	78617179	78617381	LTR/ERVL-MaLR	600	-	101	78617280	65434
chr12	78551846	78751846	harbor2	chr12	78617840	78618009	LTR/ERVL-MaLR	530	-	84	78617924	66078
chr12	78551846	78751846	harbor2	chr12	78619067	78619428	LTR/ERVL-MaLR	1792	-	180	78619247	67401
chr12	78551846	78751846	harbor2	chr12	78619902	78620238	LTR/ERVL-MaLR	1506	-	168	78620070	68224
chr12	78551846	78751846	harbor2	chr12	78646981	78647364	LTR/ERVL-MaLR	1901	-	192	78647173	95327
chr12	78551846	78751846	harbor2	chr12	78647366	78647445	LTR/ERVL-MaLR	483	-	40	78647406	95560
chr12	127874295	128074295	harbor2	chr12	127878363	127878627	LTR/ERVL-MaLR	560	-	132	127878495	4200
chr12	127874295	128074295	harbor2	chr12	127884005	127884506	LTR/ERVL-MaLR	488	-	250	127884255	9960
chr12	127874295	128074295	harbor2	chr12	127925281	127925634	LTR/ERVL-MaLR	2227	-	176	127925457	51162
chr12	127874295	128074295	harbor2	chr12	127952439	127952854	LTR/ERVL-MaLR	875	-	208	127952647	78352
chr12	127874295	128074295	harbor2	chr12	127958320	127958746	LTR/ERVL-MaLR	1254	-	213	127958533	84238
chr12	127874295	128074295	harbor2	chr12	127966428	127966765	LTR/ERVL-MaLR	2075	-	168	127966596	92301
chr12	127874295	128074295	harbor2	chr12	127966766	127968310	LTR/ERVL-MaLR	11866	-	772	127967538	93243
chr12	127874295	128074295	harbor2	chr12	127968311	127968665	LTR/ERVL-MaLR	2418	-	177	127968488	94193
chr12	127874295	128074295	harbor2	chr12	127959013	127959182	LTR/ERVL-MaLR	791	-	84	127959097	84802
chr12	131382006	131582006	harbor2	chr12	131396445	131396784	LTR/ERVL-MaLR	1834	-	170	131396615	14609
chr12	131382006	131582006	harbor2	chr12	131396785	131396797	LTR/ERVL-MaLR	10438	-	6	131396791	14785
chr12	131382006	131582006	harbor2	chr12	131397093	131398681	LTR/ERVL-MaLR	10438	-	794	131397887	15881
chr12	131382006	131582006	harbor2	chr12	131398683	131399046	LTR/ERVL-MaLR	1969	-	182	131398865	16859
chr12	131382006	131582006	harbor2	chr12	131419174	131419595	LTR/ERVL-MaLR	1253	-	210	131419384	37378
chr12	131382006	131582006	harbor2	chr12	131430255	131430457	LTR/ERVL-MaLR	575	-	101	131430356	48350
chr12	131382006	131582006	harbor2	chr12	131436208	131436570	LTR/ERVL-MaLR	2860	-	181	131436389	54383
chr12	131382006	131582006	harbor2	chr12	131447285	131447496	LTR/ERVL-MaLR	805	-	106	131447391	65385
chr12	131382006	131582006	harbor2	chr12	131466861	131467153	LTR/ERVL-MaLR	598	-	146	131467007	85001
chr12	86597951	86797951	harbor2	chr12	86605877	86606248	LTR/ERVL-MaLR	2090	-	186	86606063	8112
chr12	86597951	86797951	harbor2	chr12	86634384	86634938	LTR/ERVL-MaLR	1197	-	277	86634661	36710
chr12	86597951	86797951	harbor2	chr12	86643028	86643344	LTR/ERVL-MaLR	1300	-	158	86643186	45235
chr12	122597528	122797528	harbor2	chr12	122631324	122631449	LTR/ERVL-MaLR	512	-	62	122631386	33858
chr12	122597528	122797528	harbor2	chr12	122647653	122648005	LTR/ERVL-MaLR	658	-	176	122647829	50301
chr12	122597528	122797528	harbor2	chr12	122654978	122655081	LTR/ERVL-MaLR	469	-	52	122655030	57502
chr12	122597528	122797528	harbor2	chr12	122656652	122656859	LTR/ERVL-MaLR	645	-	104	122656756	59228
chr12	122597528	122797528	harbor2	chr12	122659902	122659962	LTR/ERVL-MaLR	1110	-	30	122659932	62404
chr12	122597528	122797528	harbor2	chr12	122660261	122660446	LTR/ERVL-MaLR	1110	-	92	122660353	62825
chr12	122597528	122797528	harbor2	chr12	122660747	122660947	LTR/ERVL-MaLR	1110	-	100	122660847	63319
chr12	122597528	122797528	harbor2	chr12	122679535	122679661	LTR/ERVL-MaLR	790	-	63	122679598	82070
chr12	122597528	122797528	harbor2	chr12	122679959	122680130	LTR/ERVL-MaLR	790	-	86	122680045	82517
chr12	122597528	122797528	harbor2	chr12	122684734	122685049	LTR/ERVL-MaLR	1874	-	158	122684892	87364
chr12	77381298	77581298	harbor2	chr12	77381212	77381346	LTR/ERVL-MaLR	1398	-	67	77381279	19
chr12	77381298	77581298	harbor2	chr12	77381644	77381831	LTR/ERVL-MaLR	1398	-	94	77381738	440
chr12	77381298	77581298	harbor2	chr12	77405167	77405558	LTR/ERVL-MaLR	1164	-	196	77405363	24065
chr12	77381298	77581298	harbor2	chr12	77417499	77417615	LTR/ERVL-MaLR	491	-	58	77417557	36259
chr12	77381298	77581298	harbor2	chr12	77435616	77436232	LTR/ERVL-MaLR	1914	-	308	77435924	54626
chr12	77381298	77581298	harbor2	chr12	77440042	77440496	LTR/ERVL-MaLR	2012	-	227	77440269	58971
chr12	101943227	102143227	harbor2	chr12	101943279	101943745	LTR/ERVL-MaLR	1187	-	233	101943512	285
chr12	101943227	102143227	harbor2	chr12	101948383	101948759	LTR/ERVL-MaLR	796	-	188	101948571	5344
chr12	101943227	102143227	harbor2	chr12	101953772	101954110	LTR/ERVL-MaLR	1700	-	169	101953941	10714
chr12	101943227	102143227	harbor2	chr12	101959689	101960215	LTR/ERVL-MaLR	1209	-	263	101959952	16725
chr12	101943227	102143227	harbor2	chr12	101962173	101962577	LTR/ERVL-MaLR	1941	-	202	101962375	19148
chr12	101943227	102143227	harbor2	chr12	102008652	102009008	LTR/ERVL-MaLR	532	-	178	102008830	65603
chr12	20967574	21167574	harbor2	chr12	20969098	20969525	LTR/ERVL-MaLR	1399	-	214	20969312	1738
chr12	20967574	21167574	harbor2	chr12	21013429	21013727	LTR/ERVL-MaLR	1111	-	149	21013578	46004
chr12	20967574	21167574	harbor2	chr12	21050830	21051161	LTR/ERVL-MaLR	1472	-	166	21050996	83422
chr12	129899596	130099596	harbor2	chr12	129912139	129912465	LTR/ERVL-MaLR	1188	-	163	129912302	12706
chr12	129899596	130099596	harbor2	chr12	129931736	129932118	LTR/ERVL-MaLR	618	-	191	129931927	32331
chr12	129899596	130099596	harbor2	chr12	129933111	129933480	LTR/ERVL-MaLR	1853	-	184	129933295	33699
chr12	129899596	130099596	harbor2	chr12	129938819	129939236	LTR/ERVL-MaLR	2327	-	208	129939027	39431
chr12	129899596	130099596	harbor2	chr12	129945864	129946312	LTR/ERVL-MaLR	1199	-	224	129946088	46492
chr12	129899596	130099596	harbor2	chr12	129948190	129948563	LTR/ERVL-MaLR	2667	-	186	129948376	48780
chr12	129899596	130099596	harbor2	chr12	129952187	129952290	LTR/ERVL-MaLR	518	-	52	129952239	52643
chr12	129899596	130099596	harbor2	chr12	129965401	129965696	LTR/ERVL-MaLR	710	-	148	129965549	65953
chr12	129899596	130099596	harbor2	chr12	129999507	129999604	LTR/ERVL-MaLR	441	-	48	129999555	99959
chr12	26512012	26712012	harbor2	chr12	26559290	26559640	LTR/ERVL-MaLR	1560	-	175	26559465	47453
chr12	26512012	26712012	harbor2	chr12	26574597	26575014	LTR/ERVL-MaLR	2228	-	208	26574805	62793
chr12	126304453	126504453	harbor2	chr12	126305052	126305253	LTR/ERVL-MaLR	1114	-	100	126305152	699
chr12	126304453	126504453	harbor2	chr12	126311848	126312222	LTR/ERVL-MaLR	2434	-	187	126312035	7582
chr12	126304453	126504453	harbor2	chr12	126330360	126330738	LTR/ERVL-MaLR	2401	-	189	126330549	26096
chr12	126304453	126504453	harbor2	chr12	126340042	126340350	LTR/ERVL-MaLR	2305	-	154	126340196	35743
chr12	126304453	126504453	harbor2	chr12	126340351	126340706	LTR/ERVL-MaLR	2315	-	178	126340529	36076
chr12	126304453	126504453	harbor2	chr12	126340707	126340771	LTR/ERVL-MaLR	2305	-	32	126340739	36286
chr12	126304453	126504453	harbor2	chr12	126345171	126345687	LTR/ERVL-MaLR	2188	-	258	126345429	40976
chr12	126304453	126504453	harbor2	chr12	126350157	126350488	LTR/ERVL-MaLR	600	-	166	126350323	45870
chr12	126304453	126504453	harbor2	chr12	126354067	126354420	LTR/ERVL-MaLR	2563	-	176	126354243	49790
chr12	126304453	126504453	harbor2	chr12	126361126	126361425	LTR/ERVL-MaLR	1305	-	150	126361276	56823
chr12	126304453	126504453	harbor2	chr12	126371944	126372307	LTR/ERVL-MaLR	2669	-	182	126372126	67673
chr12	126304453	126504453	harbor2	chr12	126372422	126372839	LTR/ERVL-MaLR	897	-	208	126372630	68177
chr12	126304453	126504453	harbor2	chr12	126388120	126388527	LTR/ERVL-MaLR	2709	-	204	126388324	83871
chr12	126304453	126504453	harbor2	chr12	126390330	126390692	LTR/ERVL-MaLR	2038	-	181	126390511	86058
chr12	126304453	126504453	harbor2	chr12	126403789	126404255	LTR/ERVL-MaLR	2026	-	233	126404022	99569
chr12	101620465	101820465	harbor2	chr12	101650311	101650686	LTR/ERVL-MaLR	2776	-	188	101650499	30034
chr12	101620465	101820465	harbor2	chr12	101660650	101661015	LTR/ERVL-MaLR	2149	-	182	101660832	40367
chr12	127659911	127859911	harbor2	chr12	127663098	127663489	LTR/ERVL-MaLR	1142	-	196	127663294	3383
chr12	127659911	127859911	harbor2	chr12	127691259	127691324	LTR/ERVL-MaLR	443	-	32	127691291	31380
chr12	127659911	127859911	harbor2	chr12	127691532	127691642	LTR/ERVL-MaLR	443	-	55	127691587	31676
chr12	127659911	127859911	harbor2	chr12	127709656	127710013	LTR/ERVL-MaLR	2958	-	178	127709834	49923
chr12	127659911	127859911	harbor2	chr12	127718434	127718639	LTR/ERVL-MaLR	2334	-	102	127718536	58625
chr12	127659911	127859911	harbor2	chr12	127718902	127719087	LTR/ERVL-MaLR	2334	-	92	127718994	59083
chr12	127659911	127859911	harbor2	chr12	127735689	127736066	LTR/ERVL-MaLR	1872	-	188	127735877	75966
chr12	127659911	127859911	harbor2	chr12	127751708	127752060	LTR/ERVL-MaLR	2392	-	176	127751884	91973
chr12	118976237	119176237	harbor2	chr12	119022783	119023130	LTR/ERVL-MaLR	662	-	174	119022957	46720
chr12	118976237	119176237	harbor2	chr12	119031001	119031530	LTR/ERVL-MaLR	2142	-	264	119031265	55028
chr12	118976237	119176237	harbor2	chr12	119047629	119047905	LTR/ERVL-MaLR	747	-	138	119047767	71530
chr12	118976237	119176237	harbor2	chr12	119049632	119050030	LTR/ERVL-MaLR	1916	-	199	119049831	73594
chr12	118976237	119176237	harbor2	chr12	119054589	119055140	LTR/ERVL-MaLR	1565	-	276	119054865	78628
chr12	118976237	119176237	harbor2	chr12	119063283	119063680	LTR/ERVL-MaLR	1291	-	198	119063481	87244
chr12	22809745	23009745	harbor2	chr12	22843070	22843460	LTR/ERVL-MaLR	2315	-	195	22843265	33520
chr12	131965157	132165157	harbor2	chr12	132002614	132002819	LTR/ERVL-MaLR	585	-	102	132002716	37559
chr12	131965157	132165157	harbor2	chr12	132012236	132012588	LTR/ERVL-MaLR	1490	-	176	132012412	47255
chr12	131965157	132165157	harbor2	chr12	132039214	132039531	LTR/ERVL-MaLR	1082	-	158	132039372	74215
chr13	107390325	107590325	harbor2	chr13	107395618	107395967	LTR/ERVL-MaLR	2058	-	174	107395792	5467
chr13	107390325	107590325	harbor2	chr13	107395968	107396304	LTR/ERVL-MaLR	1112	-	168	107396136	5811
chr13	107390325	107590325	harbor2	chr13	107431974	107432368	LTR/ERVL-MaLR	2226	-	197	107432171	41846
chr13	107390325	107590325	harbor2	chr13	107452254	107452628	LTR/ERVL-MaLR	2158	-	187	107452441	62116
chr13	107390325	107590325	harbor2	chr13	107452631	107454238	LTR/ERVL-MaLR	10111	-	804	107453435	63110
chr13	107390325	107590325	harbor2	chr13	107454243	107454620	LTR/ERVL-MaLR	2204	-	188	107454431	64106
chr13	107390325	107590325	harbor2	chr13	107465675	107465931	LTR/ERVL-MaLR	1375	-	128	107465803	75478
chr13	107390325	107590325	harbor2	chr13	107465932	107466288	LTR/ERVL-MaLR	2293	-	178	107466110	75785
chr13	107390325	107590325	harbor2	chr13	107466289	107466398	LTR/ERVL-MaLR	1375	-	54	107466343	76018
chr13	70834930	71034930	harbor2	chr13	70861437	70861785	LTR/ERVL-MaLR	1964	-	174	70861611	26681
chr13	70834930	71034930	harbor2	chr13	70871872	70872232	LTR/ERVL-MaLR	2255	-	180	70872052	37122
chr13	70834930	71034930	harbor2	chr13	70860120	70861434	LTR/ERVL-MaLR	8253	-	657	70860777	25847
chr13	108506323	108706323	harbor2	chr13	108517746	108518084	LTR/ERVL-MaLR	1540	-	169	108517915	11592
chr13	108506323	108706323	harbor2	chr13	108522457	108522755	LTR/ERVL-MaLR	1671	-	149	108522606	16283
chr13	108506323	108706323	harbor2	chr13	108522794	108522986	LTR/ERVL-MaLR	1671	-	96	108522890	16567
chr13	108506323	108706323	harbor2	chr13	108552717	108553005	LTR/ERVL-MaLR	846	-	144	108552861	46538
chr13	108506323	108706323	harbor2	chr13	108553290	108553360	LTR/ERVL-MaLR	846	-	35	108553325	47002
chr13	108506323	108706323	harbor2	chr13	108562072	108562391	LTR/ERVL-MaLR	1298	-	160	108562232	55909
chr13	108506323	108706323	harbor2	chr13	108603891	108604261	LTR/ERVL-MaLR	1990	-	185	108604076	97753
chr13	58102484	58302484	harbor2	chr13	58116688	58116964	LTR/ERVL-MaLR	1679	-	138	58116826	14342
chr13	58102484	58302484	harbor2	chr13	58117276	58117445	LTR/ERVL-MaLR	1679	-	84	58117360	14876
chr13	58102484	58302484	harbor2	chr13	58133315	58133667	LTR/ERVL-MaLR	2769	-	176	58133491	31007
chr13	58102484	58302484	harbor2	chr13	58191662	58192148	LTR/ERVL-MaLR	901	-	243	58191905	89421
chr13	58102484	58302484	harbor2	chr13	58195706	58196081	LTR/ERVL-MaLR	2662	-	188	58195894	93410
chr13	63117841	63317841	harbor2	chr13	63126145	63126355	LTR/ERVL-MaLR	545	-	105	63126250	8409
chr13	63117841	63317841	harbor2	chr13	63126935	63127143	LTR/ERVL-MaLR	631	-	104	63127039	9198
chr13	63117841	63317841	harbor2	chr13	63142125	63142536	LTR/ERVL-MaLR	2342	-	206	63142331	24490
chr13	63117841	63317841	harbor2	chr13	63145896	63146281	LTR/ERVL-MaLR	1937	-	192	63146088	28247
chr13	63117841	63317841	harbor2	chr13	63146284	63147809	LTR/ERVL-MaLR	9655	-	762	63147046	29205
chr13	63117841	63317841	harbor2	chr13	63147812	63148192	LTR/ERVL-MaLR	2214	-	190	63148002	30161
chr13	63117841	63317841	harbor2	chr13	63168823	63169177	LTR/ERVL-MaLR	1294	-	177	63169000	51159
chr13	63117841	63317841	harbor2	chr13	63171824	63172337	LTR/ERVL-MaLR	1270	-	256	63172080	54239
chr13	63117841	63317841	harbor2	chr13	63188357	63188473	LTR/ERVL-MaLR	507	-	58	63188415	70574
chr13	63117841	63317841	harbor2	chr13	63188513	63188659	LTR/ERVL-MaLR	680	-	73	63188586	70745
chr13	63117841	63317841	harbor2	chr13	63127155	63127558	LTR/ERVL-MaLR	1275	-	202	63127357	9516
chr13	75106175	75306175	harbor2	chr13	75133442	75133949	LTR/ERVL-MaLR	1836	-	254	75133696	27521
chr13	75106175	75306175	harbor2	chr13	75155688	75156103	LTR/ERVL-MaLR	2480	-	208	75155896	49721
chr13	75106175	75306175	harbor2	chr13	75157492	75157776	LTR/ERVL-MaLR	777	-	142	75157634	51459
chr13	75106175	75306175	harbor2	chr13	75185445	75185729	LTR/ERVL-MaLR	950	-	142	75185587	79412
chr13	75106175	75306175	harbor2	chr13	75203916	75204302	LTR/ERVL-MaLR	2156	-	193	75204109	97934
chr13	75106175	75306175	harbor2	chr13	75204309	75205912	LTR/ERVL-MaLR	9596	-	802	75205111	98936
chr13	75106175	75306175	harbor2	chr13	75205913	75206330	LTR/ERVL-MaLR	2562	-	208	75206121	99946
chr13	108290102	108490102	harbor2	chr13	108293687	108294023	LTR/ERVL-MaLR	1327	-	168	108293855	3753
chr13	108290102	108490102	harbor2	chr13	108309015	108309374	LTR/ERVL-MaLR	2148	-	180	108309195	19093
chr13	108290102	108490102	harbor2	chr13	108320290	108320330	LTR/ERVL-MaLR	2145	-	20	108320310	30208
chr13	108290102	108490102	harbor2	chr13	108320630	108321004	LTR/ERVL-MaLR	2145	-	187	108320817	30715
chr13	108290102	108490102	harbor2	chr13	108327140	108327218	LTR/ERVL-MaLR	1080	-	39	108327179	37077
chr13	108290102	108490102	harbor2	chr13	108327529	108327832	LTR/ERVL-MaLR	1080	-	152	108327681	37579
chr13	108290102	108490102	harbor2	chr13	108363525	108363950	LTR/ERVL-MaLR	552	-	212	108363737	73635
chr13	88136313	88336313	harbor2	chr13	88138193	88138468	LTR/ERVL-MaLR	1034	-	138	88138331	2018
chr13	88136313	88336313	harbor2	chr13	88138937	88139080	LTR/ERVL-MaLR	482	-	72	88139009	2696
chr13	88136313	88336313	harbor2	chr13	88162852	88163265	LTR/ERVL-MaLR	1348	-	206	88163058	26745
chr13	88136313	88336313	harbor2	chr13	88163266	88164861	LTR/ERVL-MaLR	2998	-	798	88164064	27751
chr13	88136313	88336313	harbor2	chr13	88164862	88165266	LTR/ERVL-MaLR	1355	-	202	88165064	28751
chr13	88136313	88336313	harbor2	chr13	88172880	88173245	LTR/ERVL-MaLR	990	-	182	88173062	36749
chr13	88136313	88336313	harbor2	chr13	88173729	88173877	LTR/ERVL-MaLR	990	-	74	88173803	37490
chr13	88136313	88336313	harbor2	chr13	88181844	88182111	LTR/ERVL-MaLR	432	-	134	88181978	45665
chr13	88136313	88336313	harbor2	chr13	88185402	88185825	LTR/ERVL-MaLR	824	-	212	88185614	49301
chr13	40647677	40847677	harbor2	chr13	40720425	40720806	LTR/ERVL-MaLR	2225	-	190	40720615	72938
chr13	40647677	40847677	harbor2	chr13	40722814	40723136	LTR/ERVL-MaLR	1072	-	161	40722975	75298
chr13	57197435	57397435	harbor2	chr13	57241573	57241974	LTR/ERVL-MaLR	1783	-	200	57241773	44338
chr13	57197435	57397435	harbor2	chr13	57293397	57293591	LTR/ERVL-MaLR	510	-	97	57293494	96059
chr13	57197435	57397435	harbor2	chr13	57293596	57293759	LTR/ERVL-MaLR	607	-	82	57293678	96243
chr13	84580156	84780156	harbor2	chr13	84607712	84607857	LTR/ERVL-MaLR	436	-	72	84607784	27628
chr13	84580156	84780156	harbor2	chr13	84618721	84618818	LTR/ERVL-MaLR	509	-	48	84618769	38613
chr13	84580156	84780156	harbor2	chr13	84619111	84619213	LTR/ERVL-MaLR	509	-	51	84619162	39006
chr13	84580156	84780156	harbor2	chr13	84625806	84626244	LTR/ERVL-MaLR	1027	-	219	84626025	45869
chr13	84580156	84780156	harbor2	chr13	84634033	84634215	LTR/ERVL-MaLR	469	-	91	84634124	53968
chr13	84580156	84780156	harbor2	chr13	84640714	84641089	LTR/ERVL-MaLR	2017	-	188	84640902	60746
chr13	84580156	84780156	harbor2	chr13	84654997	84655304	LTR/ERVL-MaLR	509	-	154	84655151	74995
chr13	84580156	84780156	harbor2	chr13	84655592	84656215	LTR/ERVL-MaLR	2197	-	312	84655904	75748
chr13	80240365	80440365	harbor2	chr13	80258447	80258865	LTR/ERVL-MaLR	2607	-	209	80258656	18291
chr13	80240365	80440365	harbor2	chr13	80263495	80264176	LTR/ERVL-MaLR	4442	-	340	80263835	23470
chr13	80240365	80440365	harbor2	chr13	80264179	80264565	LTR/ERVL-MaLR	1800	-	193	80264372	24007
chr13	111687787	111887787	harbor2	chr13	111698506	111698745	LTR/ERVL-MaLR	1081	-	120	111698626	10839
chr13	111687787	111887787	harbor2	chr13	111760130	111760583	LTR/ERVL-MaLR	1629	-	226	111760356	72569
chr13	111687787	111887787	harbor2	chr13	111760703	111761099	LTR/ERVL-MaLR	2143	-	198	111760901	73114
chr13	111687787	111887787	harbor2	chr13	111770128	111770489	LTR/ERVL-MaLR	696	-	180	111770308	82521
chr13	111687787	111887787	harbor2	chr13	111783767	111784006	LTR/ERVL-MaLR	1081	-	120	111783887	96100
chr13	18634038	18834038	harbor2	chr13	18688521	18688859	LTR/ERVL-MaLR	1682	-	169	18688690	54652
chr13	18634038	18834038	harbor2	chr13	18689150	18689192	LTR/ERVL-MaLR	1682	-	21	18689171	55133
chr13	18634038	18834038	harbor2	chr13	18692181	18692539	LTR/ERVL-MaLR	1395	-	179	18692360	58322
chr13	18634038	18834038	harbor2	chr13	18700502	18700864	LTR/ERVL-MaLR	1931	-	181	18700683	66645
chr13	18634038	18834038	harbor2	chr13	18730696	18730996	LTR/ERVL-MaLR	1377	-	150	18730846	96808
chr13	18634038	18834038	harbor2	chr13	18731253	18731376	LTR/ERVL-MaLR	779	-	62	18731315	97277
chr13	84849949	85049949	harbor2	chr13	84892121	84892494	LTR/ERVL-MaLR	1869	-	186	84892307	42358
chr13	84849949	85049949	harbor2	chr13	84900836	84901196	LTR/ERVL-MaLR	2541	-	180	84901016	51067
chr13	84849949	85049949	harbor2	chr13	84913856	84913926	LTR/ERVL-MaLR	2363	-	35	84913891	63942
chr13	84849949	85049949	harbor2	chr13	84914236	84914533	LTR/ERVL-MaLR	2363	-	148	84914384	64435
chr13	111876994	112076994	harbor2	chr13	111896692	111896941	LTR/ERVL-MaLR	1253	-	124	111896816	19822
chr13	68497953	68697953	harbor2	chr13	68564757	68565152	LTR/ERVL-MaLR	1969	-	198	68564955	67002
chr13	68497953	68697953	harbor2	chr13	68574527	68574901	LTR/ERVL-MaLR	2033	-	187	68574714	76761
chr13	68497953	68697953	harbor2	chr13	68588686	68589093	LTR/ERVL-MaLR	2182	-	204	68588890	90937
chr13	103379104	103579104	harbor2	chr13	103381310	103381665	LTR/ERVL-MaLR	2083	-	178	103381488	2384
chr13	103379104	103579104	harbor2	chr13	103383264	103383629	LTR/ERVL-MaLR	2476	-	182	103383446	4342
chr13	103379104	103579104	harbor2	chr13	103396565	103396926	LTR/ERVL-MaLR	1460	-	180	103396745	17641
chr13	103379104	103579104	harbor2	chr13	103396927	103397443	LTR/ERVL-MaLR	1857	-	258	103397185	18081
chr13	103379104	103579104	harbor2	chr13	103397445	103397578	LTR/ERVL-MaLR	763	-	66	103397511	18407
chr13	103379104	103579104	harbor2	chr13	103397581	103397671	LTR/ERVL-MaLR	586	-	45	103397626	18522
chr13	103379104	103579104	harbor2	chr13	103397673	103398043	LTR/ERVL-MaLR	2640	-	185	103397858	18754
chr13	103379104	103579104	harbor2	chr13	103398049	103399247	LTR/ERVL-MaLR	7904	-	599	103398648	19544
chr13	103379104	103579104	harbor2	chr13	103417546	103417790	LTR/ERVL-MaLR	590	-	122	103417668	38564
chr13	103379104	103579104	harbor2	chr13	103434177	103434541	LTR/ERVL-MaLR	1455	-	182	103434359	55255
chr13	103379104	103579104	harbor2	chr13	103381666	103383259	LTR/ERVL-MaLR	10097	-	796	103382462	3358
chr13	68454919	68654919	harbor2	chr13	68495195	68495620	LTR/ERVL-MaLR	1951	-	212	68495407	40488
chr13	68454919	68654919	harbor2	chr13	68495723	68496159	LTR/ERVL-MaLR	1472	-	218	68495941	41022
chr13	55447620	55647620	harbor2	chr13	55452846	55453204	LTR/ERVL-MaLR	933	-	179	55453025	5405
chr13	55447620	55647620	harbor2	chr13	55478475	55478698	LTR/ERVL-MaLR	463	-	112	55478587	30967
chr13	55447620	55647620	harbor2	chr13	55512806	55513168	LTR/ERVL-MaLR	1968	-	181	55512987	65367
chr13	55447620	55647620	harbor2	chr13	55541885	55542168	LTR/ERVL-MaLR	1242	-	142	55542027	94407
chr13	55447620	55647620	harbor2	chr13	55545517	55545895	LTR/ERVL-MaLR	1775	-	189	55545706	98086
chr13	91250147	91450147	harbor2	chr13	91249917	91250272	LTR/ERVL-MaLR	1712	-	178	91250095	52
chr13	91250147	91450147	harbor2	chr13	91267641	91267744	LTR/ERVL-MaLR	507	-	52	91267693	17546
chr13	91250147	91450147	harbor2	chr13	91279287	91279650	LTR/ERVL-MaLR	1445	-	182	91279469	29322
chr13	91250147	91450147	harbor2	chr13	91290601	91291014	LTR/ERVL-MaLR	842	-	206	91290807	40660
chr13	91250147	91450147	harbor2	chr13	91291171	91291370	LTR/ERVL-MaLR	1062	-	100	91291271	41124
chr13	91250147	91450147	harbor2	chr13	91303051	91303465	LTR/ERVL-MaLR	2677	-	207	91303258	53111
chr13	91250147	91450147	harbor2	chr13	91322640	91322988	LTR/ERVL-MaLR	1938	-	174	91322814	72667
chr13	91250147	91450147	harbor2	chr13	91333202	91333569	LTR/ERVL-MaLR	2121	-	184	91333386	83239
chr13	91250147	91450147	harbor2	chr13	91291387	91291857	LTR/ERVL-MaLR	1907	-	235	91291622	41475
chr13	99199216	99399216	harbor2	chr13	99224043	99224410	LTR/ERVL-MaLR	1415	-	184	99224227	25011
chr13	99199216	99399216	harbor2	chr13	99227243	99227588	LTR/ERVL-MaLR	922	-	172	99227415	28199
chr13	99199216	99399216	harbor2	chr13	99230118	99230181	LTR/ERVL-MaLR	1744	-	32	99230150	30934
chr13	99199216	99399216	harbor2	chr13	99230500	99230768	LTR/ERVL-MaLR	1744	-	134	99230634	31418
chr13	99199216	99399216	harbor2	chr13	99231058	99231238	LTR/ERVL-MaLR	1744	-	90	99231148	31932
chr13	99199216	99399216	harbor2	chr13	99267915	99268242	LTR/ERVL-MaLR	566	-	164	99268079	68863
chr13	99199216	99399216	harbor2	chr13	99272481	99272848	LTR/ERVL-MaLR	1589	-	184	99272665	73449
chr13	99199216	99399216	harbor2	chr13	99275141	99275360	LTR/ERVL-MaLR	727	-	110	99275251	76035
chr13	99199216	99399216	harbor2	chr13	99279605	99279941	LTR/ERVL-MaLR	1848	-	168	99279773	80557
chr13	99199216	99399216	harbor2	chr13	99289648	99289937	LTR/ERVL-MaLR	655	-	144	99289792	90576
chr13	67513368	67713368	harbor2	chr13	67516880	67517229	LTR/ERVL-MaLR	2021	-	174	67517054	3686
chr13	67513368	67713368	harbor2	chr13	67546913	67547316	LTR/ERVL-MaLR	788	-	202	67547115	33747
chr13	67513368	67713368	harbor2	chr13	67569609	67570088	LTR/ERVL-MaLR	1705	-	240	67569849	56481
chr13	67513368	67713368	harbor2	chr13	67575554	67576067	LTR/ERVL-MaLR	1228	-	256	67575810	62442
chr13	67513368	67713368	harbor2	chr13	67601884	67602258	LTR/ERVL-MaLR	2180	-	187	67602071	88703
chr13	106326599	106526599	harbor2	chr13	106360777	106361077	LTR/ERVL-MaLR	1725	-	150	106360927	34328
chr13	106326599	106526599	harbor2	chr13	106388305	106388372	LTR/ERVL-MaLR	1590	-	34	106388339	61740
chr13	106326599	106526599	harbor2	chr13	106388680	106389091	LTR/ERVL-MaLR	1590	-	206	106388886	62287
chr13	106326599	106526599	harbor2	chr13	106392831	106393260	LTR/ERVL-MaLR	2227	-	214	106393045	66446
chr13	106326599	106526599	harbor2	chr13	106394728	106395092	LTR/ERVL-MaLR	2299	-	182	106394910	68311
chr13	106326599	106526599	harbor2	chr13	106395263	106395457	LTR/ERVL-MaLR	988	-	97	106395360	68761
chr13	106326599	106526599	harbor2	chr13	106411289	106411652	LTR/ERVL-MaLR	1679	-	182	106411471	84872
chr13	104925468	105125468	harbor2	chr13	104998802	104999162	LTR/ERVL-MaLR	2337	-	180	104998982	73514
chr13	104925468	105125468	harbor2	chr13	104999470	104999894	LTR/ERVL-MaLR	1850	-	212	104999682	74214
chr13	103262370	103462370	harbor2	chr13	103264195	103264482	LTR/ERVL-MaLR	1142	-	144	103264339	1969
chr13	103262370	103462370	harbor2	chr13	103289122	103289235	LTR/ERVL-MaLR	673	-	56	103289178	26808
chr13	103262370	103462370	harbor2	chr13	103290660	103290924	LTR/ERVL-MaLR	492	-	132	103290792	28422
chr13	103262370	103462370	harbor2	chr13	103309806	103310203	LTR/ERVL-MaLR	1275	-	198	103310004	47634
chr13	103262370	103462370	harbor2	chr13	103332601	103332943	LTR/ERVL-MaLR	2180	-	171	103332772	70402
chr13	103262370	103462370	harbor2	chr13	103338035	103338387	LTR/ERVL-MaLR	2004	-	176	103338211	75841
chr13	103262370	103462370	harbor2	chr13	103340712	103341065	LTR/ERVL-MaLR	2698	-	176	103340888	78518
chr13	103262370	103462370	harbor2	chr13	103345332	103345704	LTR/ERVL-MaLR	1635	-	186	103345518	83148
chr13	103262370	103462370	harbor2	chr13	103353845	103353955	LTR/ERVL-MaLR	476	-	55	103353900	91530
chr13	23528885	23728885	harbor2	chr13	23549057	23549398	LTR/ERVL-MaLR	1244	-	170	23549227	20342
chr13	23528885	23728885	harbor2	chr13	23566534	23566939	LTR/ERVL-MaLR	1678	-	202	23566736	37851
chr13	78445507	78645507	harbor2	chr13	78475012	78475582	LTR/ERVL-MaLR	1757	-	285	78475297	29790
chr13	78445507	78645507	harbor2	chr13	78520393	78520897	LTR/ERVL-MaLR	2233	-	252	78520645	75138
chr13	92841594	93041594	harbor2	chr13	92846003	92846366	LTR/ERVL-MaLR	2001	-	182	92846185	4591
chr13	92841594	93041594	harbor2	chr13	92850882	92851287	LTR/ERVL-MaLR	2313	-	202	92851084	9490
chr13	92841594	93041594	harbor2	chr13	92871275	92871651	LTR/ERVL-MaLR	1895	-	188	92871463	29869
chr13	92841594	93041594	harbor2	chr13	92895994	92896367	LTR/ERVL-MaLR	1838	-	186	92896180	54586
chr13	92841594	93041594	harbor2	chr13	92922112	92922384	LTR/ERVL-MaLR	883	-	136	92922248	80654
chr13	92841594	93041594	harbor2	chr13	92938863	92939228	LTR/ERVL-MaLR	2020	-	182	92939045	97451
chr13	113889243	114089243	harbor2	chr13	113922587	113922732	LTR/ERVL-MaLR	474	-	72	113922659	33416
chr13	113889243	114089243	harbor2	chr13	113938243	113938699	LTR/ERVL-MaLR	689	-	228	113938471	49228
chr13	113889243	114089243	harbor2	chr13	113974808	113975113	LTR/ERVL-MaLR	666	-	152	113974960	85717
chr13	113889243	114089243	harbor2	chr13	113975862	113976149	LTR/ERVL-MaLR	1260	-	144	113976006	86763
chr13	113889243	114089243	harbor2	chr13	113976537	113976637	LTR/ERVL-MaLR	702	-	50	113976587	87344
chr13	38974059	39174059	harbor2	chr13	39043267	39043692	LTR/ERVL-MaLR	846	-	212	39043479	69420
chr13	53426796	53626796	harbor2	chr13	53449568	53449808	LTR/ERVL-MaLR	1914	-	120	53449688	22892
chr13	53426796	53626796	harbor2	chr13	53450111	53450269	LTR/ERVL-MaLR	1914	-	79	53450190	23394
chr13	53426796	53626796	harbor2	chr13	53482009	53482280	LTR/ERVL-MaLR	735	-	136	53482145	55349
chr13	53426796	53626796	harbor2	chr13	53482573	53482632	LTR/ERVL-MaLR	735	-	30	53482603	55807
chr13	69458195	69658195	harbor2	chr13	69472129	69472518	LTR/ERVL-MaLR	1853	-	194	69472323	14128
chr13	69458195	69658195	harbor2	chr13	69512219	69512415	LTR/ERVL-MaLR	918	-	98	69512317	54122
chr13	69458195	69658195	harbor2	chr13	69513142	69513362	LTR/ERVL-MaLR	658	-	110	69513252	55057
chr13	69458195	69658195	harbor2	chr13	69549607	69549980	LTR/ERVL-MaLR	1939	-	186	69549793	91598
chr13	80823054	81023054	harbor2	chr13	80833099	80833505	LTR/ERVL-MaLR	2287	-	203	80833302	10248
chr13	80823054	81023054	harbor2	chr13	80833506	80835172	LTR/ERVL-MaLR	9016	-	833	80834339	11285
chr13	80823054	81023054	harbor2	chr13	80835175	80835571	LTR/ERVL-MaLR	2092	-	198	80835373	12319
chr13	80823054	81023054	harbor2	chr13	80836207	80836589	LTR/ERVL-MaLR	1902	-	191	80836398	13344
chr13	80823054	81023054	harbor2	chr13	80836590	80837420	LTR/ERVL-MaLR	9925	-	415	80837005	13951
chr13	80823054	81023054	harbor2	chr13	80837719	80838523	LTR/ERVL-MaLR	9925	-	402	80838121	15067
chr13	80823054	81023054	harbor2	chr13	80898438	80898640	LTR/ERVL-MaLR	458	-	101	80898539	75485
chr13	80823054	81023054	harbor2	chr13	80838524	80838857	LTR/ERVL-MaLR	1659	-	166	80838690	15636
chr13	73842251	74042251	harbor2	chr13	73876020	73876589	LTR/ERVL-MaLR	1238	-	284	73876304	34053
chr13	73842251	74042251	harbor2	chr13	73914906	73915386	LTR/ERVL-MaLR	1850	-	240	73915146	72895
chr13	80150814	80350814	harbor2	chr13	80151619	80151905	LTR/ERVL-MaLR	729	-	143	80151762	948
chr13	80150814	80350814	harbor2	chr13	80161233	80161636	LTR/ERVL-MaLR	2096	-	202	80161435	10621
chr13	80150814	80350814	harbor2	chr13	80170051	80170411	LTR/ERVL-MaLR	1358	-	180	80170231	19417
chr13	80150814	80350814	harbor2	chr13	80175481	80175825	LTR/ERVL-MaLR	1574	-	172	80175653	24839
chr13	80150814	80350814	harbor2	chr13	80205667	80206116	LTR/ERVL-MaLR	1021	-	224	80205891	55077
chr13	80150814	80350814	harbor2	chr13	80222815	80223231	LTR/ERVL-MaLR	1891	-	208	80223023	72209
chr13	80150814	80350814	harbor2	chr13	80229018	80229254	LTR/ERVL-MaLR	1131	-	118	80229136	78322
chr14	98937710	99137710	harbor2	chr14	98941073	98941445	LTR/ERVL-MaLR	592	-	186	98941259	3549
chr14	98937710	99137710	harbor2	chr14	98972560	98972796	LTR/ERVL-MaLR	1351	-	118	98972678	34968
chr14	98937710	99137710	harbor2	chr14	98973474	98973672	LTR/ERVL-MaLR	1268	-	99	98973573	35863
chr14	98937710	99137710	harbor2	chr14	99010121	99010441	LTR/ERVL-MaLR	1905	-	160	99010281	72571
chr14	98937710	99137710	harbor2	chr14	99020296	99020678	LTR/ERVL-MaLR	2317	-	191	99020487	82777
chr14	98937710	99137710	harbor2	chr14	99023527	99024045	LTR/ERVL-MaLR	1183	-	259	99023786	86076
chr14	98937710	99137710	harbor2	chr14	99032105	99032457	LTR/ERVL-MaLR	2498	-	176	99032281	94571
chr14	104156563	104356563	harbor2	chr14	104200286	104200570	LTR/ERVL-MaLR	894	-	142	104200428	43865
chr14	104156563	104356563	harbor2	chr14	104213780	104214160	LTR/ERVL-MaLR	447	-	190	104213970	57407
chr14	104156563	104356563	harbor2	chr14	104227706	104227936	LTR/ERVL-MaLR	457	-	115	104227821	71258
chr14	104156563	104356563	harbor2	chr14	104238356	104238712	LTR/ERVL-MaLR	1259	-	178	104238534	81971
chr14	104156563	104356563	harbor2	chr14	104248510	104248814	LTR/ERVL-MaLR	1008	-	152	104248662	92099
chr14	53498927	53698927	harbor2	chr14	53504698	53505073	LTR/ERVL-MaLR	1897	-	188	53504886	5959
chr14	53498927	53698927	harbor2	chr14	53519331	53519771	LTR/ERVL-MaLR	2216	-	220	53519551	20624
chr14	53498927	53698927	harbor2	chr14	53546221	53546545	LTR/ERVL-MaLR	821	-	162	53546383	47456
chr14	53498927	53698927	harbor2	chr14	53564425	53564893	LTR/ERVL-MaLR	471	-	234	53564659	65732
chr14	53498927	53698927	harbor2	chr14	53564939	53565304	LTR/ERVL-MaLR	1705	-	182	53565121	66194
chr14	53498927	53698927	harbor2	chr14	53575369	53575731	LTR/ERVL-MaLR	1774	-	181	53575550	76623
chr14	51413534	51613534	harbor2	chr14	51481193	51481557	LTR/ERVL-MaLR	2279	-	182	51481375	67841
chr14	51413534	51613534	harbor2	chr14	51485276	51485470	LTR/ERVL-MaLR	799	-	97	51485373	71839
chr14	51413534	51613534	harbor2	chr14	51487891	51488360	LTR/ERVL-MaLR	1204	-	234	51488125	74591
chr14	51413534	51613534	harbor2	chr14	51493817	51494058	LTR/ERVL-MaLR	1124	-	120	51493937	80403
chr14	51413534	51613534	harbor2	chr14	51494113	51494704	LTR/ERVL-MaLR	2903	-	296	51494409	80875
chr14	51413534	51613534	harbor2	chr14	51496278	51496740	LTR/ERVL-MaLR	1134	-	231	51496509	82975
chr14	51413534	51613534	harbor2	chr14	51496743	51497485	LTR/ERVL-MaLR	2040	-	371	51497114	83580
chr14	51413534	51613534	harbor2	chr14	51497848	51498410	LTR/ERVL-MaLR	2343	-	281	51498129	84595
chr14	51413534	51613534	harbor2	chr14	51498417	51498850	LTR/ERVL-MaLR	1050	-	216	51498633	85099
chr14	51413534	51613534	harbor2	chr14	51494742	51495390	LTR/ERVL-MaLR	3427	-	324	51495066	81532
chr14	104995483	105195483	harbor2	chr14	105023112	105023417	LTR/ERVL-MaLR	1930	-	152	105023264	27781
chr14	104995483	105195483	harbor2	chr14	105030777	105031149	LTR/ERVL-MaLR	2127	-	186	105030963	35480
chr14	104995483	105195483	harbor2	chr14	105070413	105070679	LTR/ERVL-MaLR	676	-	133	105070546	75063
chr14	96926824	97126824	harbor2	chr14	96944374	96944802	LTR/ERVL-MaLR	1442	-	214	96944588	17764
chr14	96926824	97126824	harbor2	chr14	96946173	96946534	LTR/ERVL-MaLR	1975	-	180	96946353	19529
chr14	96926824	97126824	harbor2	chr14	96948430	96948792	LTR/ERVL-MaLR	2184	-	181	96948611	21787
chr14	96926824	97126824	harbor2	chr14	96971576	96972028	LTR/ERVL-MaLR	1201	-	226	96971802	44978
chr14	96926824	97126824	harbor2	chr14	96977970	96978279	LTR/ERVL-MaLR	541	-	154	96978124	51300
chr14	96926824	97126824	harbor2	chr14	96990766	96990960	LTR/ERVL-MaLR	499	-	97	96990863	64039
chr14	96926824	97126824	harbor2	chr14	96991025	96991423	LTR/ERVL-MaLR	1271	-	199	96991224	64400
chr14	96926824	97126824	harbor2	chr14	96991456	96991590	LTR/ERVL-MaLR	616	-	67	96991523	64699
chr14	96926824	97126824	harbor2	chr14	97021962	97022039	LTR/ERVL-MaLR	465	-	38	97022000	95176
chr14	96926824	97126824	harbor2	chr14	97022765	97023188	LTR/ERVL-MaLR	1591	-	212	97022977	96153
chr14	99071730	99271730	harbor2	chr14	99082411	99082774	LTR/ERVL-MaLR	2129	-	182	99082593	10863
chr14	99071730	99271730	harbor2	chr14	99137844	99138047	LTR/ERVL-MaLR	578	-	102	99137946	66216
chr14	106462739	106662739	harbor2	chr14	106484153	106484610	LTR/ERVL-MaLR	1554	-	228	106484381	21642
chr14	106462739	106662739	harbor2	chr14	106525230	106525595	LTR/ERVL-MaLR	1709	-	182	106525412	62673
chr14	106462739	106662739	harbor2	chr14	106553060	106553436	LTR/ERVL-MaLR	2310	-	188	106553248	90509
chr14	97477268	97677268	harbor2	chr14	97477330	97477594	LTR/ERVL-MaLR	627	-	132	97477462	194
chr14	97477268	97677268	harbor2	chr14	97481668	97482031	LTR/ERVL-MaLR	579	-	182	97481850	4582
chr14	97477268	97677268	harbor2	chr14	97486865	97487250	LTR/ERVL-MaLR	1317	-	192	97487057	9789
chr14	97477268	97677268	harbor2	chr14	97500665	97501018	LTR/ERVL-MaLR	1331	-	176	97500841	23573
chr14	97477268	97677268	harbor2	chr14	97515125	97515463	LTR/ERVL-MaLR	895	-	169	97515294	38026
chr14	97477268	97677268	harbor2	chr14	97523044	97523266	LTR/ERVL-MaLR	2151	-	111	97523155	45887
chr14	97477268	97677268	harbor2	chr14	97523579	97523756	LTR/ERVL-MaLR	2151	-	88	97523667	46399
chr14	97477268	97677268	harbor2	chr14	97532644	97532998	LTR/ERVL-MaLR	2233	-	177	97532821	55553
chr14	97477268	97677268	harbor2	chr14	97548074	97548427	LTR/ERVL-MaLR	1790	-	176	97548250	70982
chr14	97477268	97677268	harbor2	chr14	97573880	97574271	LTR/ERVL-MaLR	1626	-	196	97574076	96808
chr14	97477268	97677268	harbor2	chr14	97574994	97575335	LTR/ERVL-MaLR	1907	-	170	97575164	97896
chr14	100190946	100390946	harbor2	chr14	100227413	100227723	LTR/ERVL-MaLR	488	-	155	100227568	36622
chr14	100190946	100390946	harbor2	chr14	100228015	100228049	LTR/ERVL-MaLR	488	-	17	100228032	37086
chr14	100190946	100390946	harbor2	chr14	100265984	100266257	LTR/ERVL-MaLR	2052	-	136	100266120	75174
chr14	77320508	77520508	harbor2	chr14	77332507	77332601	LTR/ERVL-MaLR	633	-	47	77332554	12046
chr14	31214421	31414421	harbor2	chr14	31269326	31269692	LTR/ERVL-MaLR	1434	-	183	31269509	55088
chr14	102379944	102579944	harbor2	chr14	102380349	102380636	LTR/ERVL-MaLR	1313	-	144	102380493	549
chr14	102379944	102579944	harbor2	chr14	102384258	102384395	LTR/ERVL-MaLR	639	-	68	102384326	4382
chr14	102379944	102579944	harbor2	chr14	102385214	102385431	LTR/ERVL-MaLR	1151	-	108	102385322	5378
chr14	106015687	106215687	harbor2	chr14	106048668	106048809	LTR/ERVL-MaLR	425	-	70	106048738	33051
chr14	106015687	106215687	harbor2	chr14	106075159	106075511	LTR/ERVL-MaLR	2373	-	176	106075335	59648
chr14	32485606	32685606	harbor2	chr14	32501365	32501625	LTR/ERVL-MaLR	853	-	130	32501495	15889
chr14	32485606	32685606	harbor2	chr14	32504750	32505066	LTR/ERVL-MaLR	708	-	158	32504908	19302
chr14	32485606	32685606	harbor2	chr14	32515018	32515371	LTR/ERVL-MaLR	2281	-	176	32515194	29588
chr14	32485606	32685606	harbor2	chr14	32558723	32558947	LTR/ERVL-MaLR	582	-	112	32558835	73229
chr14	97118492	97318492	harbor2	chr14	97119001	97119503	LTR/ERVL-MaLR	1891	-	251	97119252	760
chr14	97118492	97318492	harbor2	chr14	97129172	97129529	LTR/ERVL-MaLR	2106	-	178	97129350	10858
chr14	97118492	97318492	harbor2	chr14	97132513	97132719	LTR/ERVL-MaLR	1948	-	103	97132616	14124
chr14	97118492	97318492	harbor2	chr14	97132720	97133072	LTR/ERVL-MaLR	2114	-	176	97132896	14404
chr14	97118492	97318492	harbor2	chr14	97133073	97133147	LTR/ERVL-MaLR	1948	-	37	97133110	14618
chr14	97118492	97318492	harbor2	chr14	97133447	97133607	LTR/ERVL-MaLR	1948	-	80	97133527	15035
chr14	97118492	97318492	harbor2	chr14	97133671	97134093	LTR/ERVL-MaLR	1019	-	211	97133882	15390
chr14	97118492	97318492	harbor2	chr14	97147420	97147931	LTR/ERVL-MaLR	2038	-	256	97147676	29184
chr14	97118492	97318492	harbor2	chr14	97159167	97159517	LTR/ERVL-MaLR	2207	-	175	97159342	40850
chr14	97118492	97318492	harbor2	chr14	97161862	97162192	LTR/ERVL-MaLR	1736	-	165	97162027	43535
chr14	97118492	97318492	harbor2	chr14	97177577	97177954	LTR/ERVL-MaLR	2181	-	188	97177765	59273
chr14	97118492	97318492	harbor2	chr14	97179157	97179589	LTR/ERVL-MaLR	1771	-	216	97179373	60881
chr14	97118492	97318492	harbor2	chr14	97198714	97199124	LTR/ERVL-MaLR	573	-	205	97198919	80427
chr14	97118492	97318492	harbor2	chr14	97201864	97202337	LTR/ERVL-MaLR	677	-	236	97202100	83608
chr14	105859062	106059062	harbor2	chr14	105927689	105928113	LTR/ERVL-MaLR	794	-	212	105927901	68839
chr14	105859062	106059062	harbor2	chr14	105936260	105936615	LTR/ERVL-MaLR	2118	-	178	105936438	77376
chr14	104604515	104804515	harbor2	chr14	104609246	104609696	LTR/ERVL-MaLR	1438	-	225	104609471	4956
chr14	104604515	104804515	harbor2	chr14	104623853	104624155	LTR/ERVL-MaLR	879	-	151	104624004	19489
chr14	104604515	104804515	harbor2	chr14	104628946	104629317	LTR/ERVL-MaLR	2042	-	186	104629132	24617
chr14	104604515	104804515	harbor2	chr14	104674646	104674686	LTR/ERVL-MaLR	1887	-	20	104674666	70151
chr14	104604515	104804515	harbor2	chr14	104674984	104675291	LTR/ERVL-MaLR	1887	-	154	104675138	70623
chr14	88698893	88898893	harbor2	chr14	88711377	88711669	LTR/ERVL-MaLR	1653	-	146	88711523	12630
chr14	88698893	88898893	harbor2	chr14	88765098	88765721	LTR/ERVL-MaLR	2741	-	312	88765410	66517
chr14	88698893	88898893	harbor2	chr14	88795237	88795585	LTR/ERVL-MaLR	2152	-	174	88795411	96518
chr14	88698893	88898893	harbor2	chr14	88797681	88797843	LTR/ERVL-MaLR	574	-	81	88797762	98869
chr14	88698893	88898893	harbor2	chr14	88798148	88798306	LTR/ERVL-MaLR	574	-	79	88798227	99334
chr14	88389482	88589482	harbor2	chr14	88390202	88390731	LTR/ERVL-MaLR	1450	-	264	88390466	984
chr14	88389482	88589482	harbor2	chr14	88438505	88439052	LTR/ERVL-MaLR	1376	-	274	88438779	49297
chr14	88389482	88589482	harbor2	chr14	88454073	88454481	LTR/ERVL-MaLR	1684	-	204	88454277	64795
chr14	101196311	101396311	harbor2	chr14	101201812	101202276	LTR/ERVL-MaLR	1386	-	232	101202044	5733
chr14	101196311	101396311	harbor2	chr14	101214322	101214639	LTR/ERVL-MaLR	1752	-	158	101214480	18169
chr14	101196311	101396311	harbor2	chr14	101243544	101243848	LTR/ERVL-MaLR	752	-	152	101243696	47385
chr14	101196311	101396311	harbor2	chr14	101254377	101254731	LTR/ERVL-MaLR	1603	-	177	101254554	58243
chr14	101196311	101396311	harbor2	chr14	101278662	101278728	LTR/ERVL-MaLR	2327	-	33	101278695	82384
chr14	101196311	101396311	harbor2	chr14	101279034	101279322	LTR/ERVL-MaLR	2327	-	144	101279178	82867
chr14	101196311	101396311	harbor2	chr14	101294620	101294973	LTR/ERVL-MaLR	2114	-	176	101294796	98485
chr14	101196311	101396311	harbor2	chr14	101294974	101296547	LTR/ERVL-MaLR	11611	-	786	101295760	99449
chr14	50440236	50640236	harbor2	chr14	50488020	50488390	LTR/ERVL-MaLR	2034	-	185	50488205	47969
chr14	106002932	106202932	harbor2	chr14	106011133	106011521	LTR/ERVL-MaLR	1233	-	194	106011327	8395
chr14	106002932	106202932	harbor2	chr14	106048668	106048809	LTR/ERVL-MaLR	425	-	70	106048738	45806
chr14	106002932	106202932	harbor2	chr14	106075159	106075511	LTR/ERVL-MaLR	2373	-	176	106075335	72403
chr14	75249928	75449928	harbor2	chr14	75291201	75291788	LTR/ERVL-MaLR	1063	-	294	75291495	41567
chr14	75249928	75449928	harbor2	chr14	75308227	75308399	LTR/ERVL-MaLR	668	-	86	75308313	58385
chr14	75249928	75449928	harbor2	chr14	75317825	75318097	LTR/ERVL-MaLR	449	-	136	75317961	68033
chr14	75249928	75449928	harbor2	chr14	75319185	75319461	LTR/ERVL-MaLR	649	-	138	75319323	69395
chr14	75249928	75449928	harbor2	chr14	75342630	75343034	LTR/ERVL-MaLR	809	-	202	75342832	92904
chr14	75249928	75449928	harbor2	chr14	75343878	75344349	LTR/ERVL-MaLR	1376	-	236	75344114	94186
chr14	75697845	75897845	harbor2	chr14	75743331	75743575	LTR/ERVL-MaLR	1399	-	122	75743453	45608
chr14	75697845	75897845	harbor2	chr14	75743881	75744049	LTR/ERVL-MaLR	1399	-	84	75743965	46120
chr14	99644325	99844325	harbor2	chr14	99650928	99650966	LTR/ERVL-MaLR	2414	-	19	99650947	6622
chr14	99644325	99844325	harbor2	chr14	99651291	99651665	LTR/ERVL-MaLR	2414	-	187	99651478	7153
chr14	99644325	99844325	harbor2	chr14	99707844	99708026	LTR/ERVL-MaLR	524	-	91	99707935	63610
chr14	99644325	99844325	harbor2	chr14	99723884	99724266	LTR/ERVL-MaLR	2632	-	191	99724075	79750
chr14	85715869	85915869	harbor2	chr14	85740563	85740964	LTR/ERVL-MaLR	2192	-	200	85740763	24894
chr14	85715869	85915869	harbor2	chr14	85753013	85753365	LTR/ERVL-MaLR	2563	-	176	85753189	37320
chr14	85715869	85915869	harbor2	chr14	85756090	85756202	LTR/ERVL-MaLR	433	-	56	85756146	40277
chr14	85715869	85915869	harbor2	chr14	85757512	85757758	LTR/ERVL-MaLR	433	-	123	85757635	41766
chr14	85715869	85915869	harbor2	chr14	85793253	85793423	LTR/ERVL-MaLR	430	-	85	85793338	77469
chr14	91579399	91779399	harbor2	chr14	91600413	91600483	LTR/ERVL-MaLR	596	-	35	91600448	21049
chr14	91579399	91779399	harbor2	chr14	91603585	91603927	LTR/ERVL-MaLR	1816	-	171	91603756	24357
chr14	91579399	91779399	harbor2	chr14	91634874	91635279	LTR/ERVL-MaLR	2069	-	202	91635076	55677
chr14	91579399	91779399	harbor2	chr14	91647466	91647829	LTR/ERVL-MaLR	2728	-	182	91647648	68249
chr14	91579399	91779399	harbor2	chr14	91653436	91653794	LTR/ERVL-MaLR	2472	-	179	91653615	74216
chr14	84307883	84507883	harbor2	chr14	84310706	84311044	LTR/ERVL-MaLR	1892	-	169	84310875	2992
chr14	84307883	84507883	harbor2	chr14	84311045	84311185	LTR/ERVL-MaLR	1021	-	70	84311115	3232
chr14	84307883	84507883	harbor2	chr14	84328878	84329165	LTR/ERVL-MaLR	798	-	144	84329022	21139
chr14	84307883	84507883	harbor2	chr14	84333119	84333529	LTR/ERVL-MaLR	1860	-	205	84333324	25441
chr14	84307883	84507883	harbor2	chr14	84334379	84334756	LTR/ERVL-MaLR	1483	-	188	84334567	26684
chr14	84307883	84507883	harbor2	chr14	84346867	84347234	LTR/ERVL-MaLR	2140	-	184	84347051	39168
chr14	84307883	84507883	harbor2	chr14	84362286	84362576	LTR/ERVL-MaLR	693	-	145	84362431	54548
chr14	84307883	84507883	harbor2	chr14	84364662	84364948	LTR/ERVL-MaLR	554	-	143	84364805	56922
chr14	84307883	84507883	harbor2	chr14	84365033	84365317	LTR/ERVL-MaLR	732	-	142	84365175	57292
chr14	84307883	84507883	harbor2	chr14	84365436	84365628	LTR/ERVL-MaLR	520	-	96	84365532	57649
chr14	84307883	84507883	harbor2	chr14	84373145	84373573	LTR/ERVL-MaLR	1299	-	214	84373359	65476
chr14	84307883	84507883	harbor2	chr14	84387906	84388270	LTR/ERVL-MaLR	1354	-	182	84388088	80205
chr14	81685860	81885860	harbor2	chr14	81699703	81699925	LTR/ERVL-MaLR	2110	-	111	81699814	13954
chr14	81685860	81885860	harbor2	chr14	81700301	81700445	LTR/ERVL-MaLR	2110	-	72	81700373	14513
chr14	81685860	81885860	harbor2	chr14	81702084	81702416	LTR/ERVL-MaLR	592	-	166	81702250	16390
chr14	81685860	81885860	harbor2	chr14	81719279	81719749	LTR/ERVL-MaLR	2272	-	235	81719514	33654
chr14	81685860	81885860	harbor2	chr14	81727883	81728451	LTR/ERVL-MaLR	1706	-	284	81728167	42307
chr14	65125635	65325635	harbor2	chr14	65125408	65125755	LTR/ERVL-MaLR	2521	-	174	65125582	53
chr14	65125635	65325635	harbor2	chr14	65130503	65130743	LTR/ERVL-MaLR	1669	-	120	65130623	4988
chr14	65125635	65325635	harbor2	chr14	65131042	65131197	LTR/ERVL-MaLR	1669	-	78	65131120	5485
chr14	67474324	67674324	harbor2	chr14	67545180	67545413	LTR/ERVL-MaLR	863	-	116	67545296	70972
chr14	67474324	67674324	harbor2	chr14	67556080	67556230	LTR/ERVL-MaLR	481	-	75	67556155	81831
chr14	76704239	76904239	harbor2	chr14	76724622	76724985	LTR/ERVL-MaLR	2595	-	182	76724804	20565
chr14	76704239	76904239	harbor2	chr14	76759561	76760069	LTR/ERVL-MaLR	1521	-	254	76759815	55576
chr14	56366193	56566193	harbor2	chr14	56405117	56405211	LTR/ERVL-MaLR	609	-	47	56405164	38971
chr14	56366193	56566193	harbor2	chr14	56405682	56406059	LTR/ERVL-MaLR	2254	-	188	56405870	39677
chr14	56366193	56566193	harbor2	chr14	56421410	56421799	LTR/ERVL-MaLR	2348	-	194	56421604	55411
chr14	56366193	56566193	harbor2	chr14	56422107	56422209	LTR/ERVL-MaLR	2348	-	51	56422158	55965
chr14	93021646	93221646	harbor2	chr14	93087052	93087366	LTR/ERVL-MaLR	684	-	157	93087209	65563
chr14	37948693	38148693	harbor2	chr14	37962096	37962474	LTR/ERVL-MaLR	1949	-	189	37962285	13592
chr14	37948693	38148693	harbor2	chr14	37994728	37994944	LTR/ERVL-MaLR	1183	-	108	37994836	46143
chr14	37948693	38148693	harbor2	chr14	37995542	37995783	LTR/ERVL-MaLR	1295	-	120	37995662	46969
chr14	37948693	38148693	harbor2	chr14	37997037	37997264	LTR/ERVL-MaLR	987	-	114	37997151	48458
chr14	37948693	38148693	harbor2	chr14	38015095	38015452	LTR/ERVL-MaLR	2210	-	178	38015273	66580
chr14	37948693	38148693	harbor2	chr14	38035839	38036219	LTR/ERVL-MaLR	2132	-	190	38036029	87336
chr14	37948693	38148693	harbor2	chr14	38040804	38041161	LTR/ERVL-MaLR	2027	-	178	38040982	92289
chr14	39445548	39645548	harbor2	chr14	39457320	39457572	LTR/ERVL-MaLR	1779	-	126	39457446	11898
chr14	39445548	39645548	harbor2	chr14	39492259	39492635	LTR/ERVL-MaLR	1936	-	188	39492447	46899
chr14	39445548	39645548	harbor2	chr14	39495565	39495748	LTR/ERVL-MaLR	2330	-	92	39495657	50109
chr14	39445548	39645548	harbor2	chr14	39498036	39498225	LTR/ERVL-MaLR	2330	-	94	39498130	52582
chr14	39445548	39645548	harbor2	chr14	39543074	39543325	LTR/ERVL-MaLR	1061	-	126	39543200	97652
chr14	39445548	39645548	harbor2	chr14	39544217	39544451	LTR/ERVL-MaLR	672	-	117	39544334	98786
chr14	28573598	28773598	harbor2	chr14	28594085	28594455	LTR/ERVL-MaLR	2238	-	185	28594270	20672
chr14	28573598	28773598	harbor2	chr14	28602180	28602545	LTR/ERVL-MaLR	2478	-	182	28602362	28764
chr14	28573598	28773598	harbor2	chr14	28616733	28617109	LTR/ERVL-MaLR	2058	-	188	28616921	43323
chr14	88008196	88208196	harbor2	chr14	88022755	88023188	LTR/ERVL-MaLR	932	-	216	88022971	14775
chr14	88008196	88208196	harbor2	chr14	88065884	88066381	LTR/ERVL-MaLR	2215	-	248	88066132	57936
chr14	88008196	88208196	harbor2	chr14	88088951	88089033	LTR/ERVL-MaLR	989	-	41	88088992	80796
chr14	88008196	88208196	harbor2	chr14	88089335	88089695	LTR/ERVL-MaLR	989	-	180	88089515	81319
chr14	88008196	88208196	harbor2	chr14	88089744	88089787	LTR/ERVL-MaLR	989	-	22	88089766	81570
chr14	88008196	88208196	harbor2	chr14	88095043	88095520	LTR/ERVL-MaLR	2436	-	238	88095281	87085
chr14	88008196	88208196	harbor2	chr14	88103516	88103862	LTR/ERVL-MaLR	2039	-	173	88103689	95493
chr14	103938626	104138626	harbor2	chr14	103979335	103979694	LTR/ERVL-MaLR	1331	-	180	103979515	40889
chr14	103938626	104138626	harbor2	chr14	103993441	103993863	LTR/ERVL-MaLR	1740	-	211	103993652	55026
chr14	103938626	104138626	harbor2	chr14	104020986	104021350	LTR/ERVL-MaLR	2046	-	182	104021168	82542
chr14	103938626	104138626	harbor2	chr14	104038355	104038675	LTR/ERVL-MaLR	496	-	160	104038515	99889
chr14	85978590	86178590	harbor2	chr14	85979217	85979574	LTR/ERVL-MaLR	2369	-	178	85979395	805
chr14	85978590	86178590	harbor2	chr14	85980636	85980974	LTR/ERVL-MaLR	1823	-	169	85980805	2215
chr14	85978590	86178590	harbor2	chr14	85991044	85991529	LTR/ERVL-MaLR	1744	-	242	85991286	12696
chr14	85978590	86178590	harbor2	chr14	86032563	86032980	LTR/ERVL-MaLR	2441	-	208	86032771	54181
chr14	85978590	86178590	harbor2	chr14	86052884	86053244	LTR/ERVL-MaLR	1851	-	180	86053064	74474
chr14	85978590	86178590	harbor2	chr14	86059817	86060419	LTR/ERVL-MaLR	2036	-	301	86060118	81528
chr14	85978590	86178590	harbor2	chr14	86068583	86068947	LTR/ERVL-MaLR	1901	-	182	86068765	90175
chr14	96131970	96331970	harbor2	chr14	96137325	96137697	LTR/ERVL-MaLR	1546	-	186	96137511	5541
chr14	96131970	96331970	harbor2	chr14	96168891	96169388	LTR/ERVL-MaLR	498	-	248	96169139	37169
chr14	96131970	96331970	harbor2	chr14	96171702	96172067	LTR/ERVL-MaLR	2033	-	182	96171884	39914
chr14	96131970	96331970	harbor2	chr14	96196116	96196144	LTR/ERVL-MaLR	2150	-	14	96196130	64160
chr14	96131970	96331970	harbor2	chr14	96196447	96196827	LTR/ERVL-MaLR	2150	-	190	96196637	64667
chr14	96131970	96331970	harbor2	chr14	96206784	96207139	LTR/ERVL-MaLR	1776	-	178	96206962	74992
chr14	84321665	84521665	harbor2	chr14	84328878	84329165	LTR/ERVL-MaLR	798	-	144	84329022	7357
chr14	84321665	84521665	harbor2	chr14	84333119	84333529	LTR/ERVL-MaLR	1860	-	205	84333324	11659
chr14	84321665	84521665	harbor2	chr14	84334379	84334756	LTR/ERVL-MaLR	1483	-	188	84334567	12902
chr14	84321665	84521665	harbor2	chr14	84346867	84347234	LTR/ERVL-MaLR	2140	-	184	84347051	25386
chr14	84321665	84521665	harbor2	chr14	84362286	84362576	LTR/ERVL-MaLR	693	-	145	84362431	40766
chr14	84321665	84521665	harbor2	chr14	84364662	84364948	LTR/ERVL-MaLR	554	-	143	84364805	43140
chr14	84321665	84521665	harbor2	chr14	84365033	84365317	LTR/ERVL-MaLR	732	-	142	84365175	43510
chr14	84321665	84521665	harbor2	chr14	84365436	84365628	LTR/ERVL-MaLR	520	-	96	84365532	43867
chr14	84321665	84521665	harbor2	chr14	84373145	84373573	LTR/ERVL-MaLR	1299	-	214	84373359	51694
chr14	84321665	84521665	harbor2	chr14	84387906	84388270	LTR/ERVL-MaLR	1354	-	182	84388088	66423
chr14	84321665	84521665	harbor2	chr14	84407981	84408358	LTR/ERVL-MaLR	1890	-	188	84408169	86504
chr14	41464122	41664122	harbor2	chr14	41464038	41464420	LTR/ERVL-MaLR	1523	-	191	41464229	107
chr14	41464122	41664122	harbor2	chr14	41471253	41471730	LTR/ERVL-MaLR	1616	-	238	41471491	7369
chr14	41464122	41664122	harbor2	chr14	41484018	41484379	LTR/ERVL-MaLR	1797	-	180	41484198	20076
chr14	89180055	89380055	harbor2	chr14	89234189	89234407	LTR/ERVL-MaLR	811	-	109	89234298	54243
chr14	89180055	89380055	harbor2	chr14	89264174	89264539	LTR/ERVL-MaLR	2159	-	182	89264356	84301
chr14	89180055	89380055	harbor2	chr14	89266114	89266522	LTR/ERVL-MaLR	1592	-	204	89266318	86263
chr14	89180055	89380055	harbor2	chr14	89278071	89278415	LTR/ERVL-MaLR	2068	-	172	89278243	98188
chr14	56358541	56558541	harbor2	chr14	56405117	56405211	LTR/ERVL-MaLR	609	-	47	56405164	46623
chr14	56358541	56558541	harbor2	chr14	56405682	56406059	LTR/ERVL-MaLR	2254	-	188	56405870	47329
chr14	56358541	56558541	harbor2	chr14	56421410	56421799	LTR/ERVL-MaLR	2348	-	194	56421604	63063
chr14	56358541	56558541	harbor2	chr14	56422107	56422209	LTR/ERVL-MaLR	2348	-	51	56422158	63617
chr14	57400611	57600611	harbor2	chr14	57404579	57404934	LTR/ERVL-MaLR	1952	-	178	57404757	4146
chr14	103548913	103748913	harbor2	chr14	103615245	103615540	LTR/ERVL-MaLR	861	-	148	103615393	66480
chr14	103548913	103748913	harbor2	chr14	103641384	103641604	LTR/ERVL-MaLR	1075	-	110	103641494	92581
chr14	103548913	103748913	harbor2	chr14	103642222	103642383	LTR/ERVL-MaLR	1075	-	80	103642302	93389
chr14	103053313	103253313	harbor2	chr14	103136231	103136520	LTR/ERVL-MaLR	1672	-	144	103136375	83062
chr14	103053313	103253313	harbor2	chr14	103136806	103137010	LTR/ERVL-MaLR	1672	-	102	103136908	83595
chr14	61182987	61382987	harbor2	chr14	61195701	61195962	LTR/ERVL-MaLR	800	-	130	61195831	12844
chr14	61182987	61382987	harbor2	chr14	61197391	61197759	LTR/ERVL-MaLR	2523	-	184	61197575	14588
chr14	61182987	61382987	harbor2	chr14	61206154	61206560	LTR/ERVL-MaLR	1531	-	203	61206357	23370
chr14	61182987	61382987	harbor2	chr14	61214489	61214656	LTR/ERVL-MaLR	723	-	84	61214573	31586
chr14	42445812	42645812	harbor2	chr14	42453004	42453491	LTR/ERVL-MaLR	1887	-	244	42453248	7436
chr14	42445812	42645812	harbor2	chr14	42461714	42462278	LTR/ERVL-MaLR	977	-	282	42461996	16184
chr14	42445812	42645812	harbor2	chr14	42466058	42466428	LTR/ERVL-MaLR	1171	-	185	42466243	20431
chr14	42445812	42645812	harbor2	chr14	42539216	42539420	LTR/ERVL-MaLR	711	-	102	42539318	93506
chr14	80194044	80394044	harbor2	chr14	80196296	80196699	LTR/ERVL-MaLR	1753	-	202	80196498	2454
chr14	80194044	80394044	harbor2	chr14	80235436	80235628	LTR/ERVL-MaLR	2146	-	96	80235532	41488
chr14	80194044	80394044	harbor2	chr14	80235982	80236155	LTR/ERVL-MaLR	2146	-	86	80236068	42024
chr14	80194044	80394044	harbor2	chr14	80236156	80236852	LTR/ERVL-MaLR	10681	-	348	80236504	42460
chr14	80194044	80394044	harbor2	chr14	80237155	80238015	LTR/ERVL-MaLR	10681	-	430	80237585	43541
chr14	80194044	80394044	harbor2	chr14	80238017	80238384	LTR/ERVL-MaLR	2061	-	184	80238201	44157
chr14	80194044	80394044	harbor2	chr14	80293155	80293518	LTR/ERVL-MaLR	2078	-	182	80293337	99293
chr14	94284035	94484035	harbor2	chr14	94297315	94297669	LTR/ERVL-MaLR	2419	-	177	94297492	13457
chr14	94284035	94484035	harbor2	chr14	94297670	94299226	LTR/ERVL-MaLR	11752	-	778	94298448	14413
chr14	94284035	94484035	harbor2	chr14	94299227	94299581	LTR/ERVL-MaLR	2474	-	177	94299404	15369
chr14	94284035	94484035	harbor2	chr14	94302717	94303097	LTR/ERVL-MaLR	1958	-	190	94302907	18872
chr14	94284035	94484035	harbor2	chr14	94338245	94338587	LTR/ERVL-MaLR	2180	-	171	94338416	54381
chr14	94284035	94484035	harbor2	chr14	94352235	94352599	LTR/ERVL-MaLR	2763	-	182	94352417	68382
chr14	94284035	94484035	harbor2	chr14	94353549	94353974	LTR/ERVL-MaLR	1797	-	212	94353761	69726
chr14	104309027	104509027	harbor2	chr14	104327565	104327960	LTR/ERVL-MaLR	1620	-	198	104327763	18736
chr14	104309027	104509027	harbor2	chr14	104336323	104336485	LTR/ERVL-MaLR	622	-	81	104336404	27377
chr14	104309027	104509027	harbor2	chr14	104341595	104341920	LTR/ERVL-MaLR	1479	-	162	104341757	32730
chr14	104309027	104509027	harbor2	chr14	104348787	104349223	LTR/ERVL-MaLR	560	-	218	104349005	39978
chr14	104309027	104509027	harbor2	chr14	104349885	104351100	LTR/ERVL-MaLR	1000	-	608	104350493	41466
chr14	104309027	104509027	harbor2	chr14	104352598	104353071	LTR/ERVL-MaLR	620	-	236	104352834	43807
chr14	104309027	104509027	harbor2	chr14	104369151	104369283	LTR/ERVL-MaLR	580	-	66	104369217	60190
chr14	104309027	104509027	harbor2	chr14	104371960	104372416	LTR/ERVL-MaLR	724	-	228	104372188	63161
chr14	104309027	104509027	harbor2	chr14	104373872	104374324	LTR/ERVL-MaLR	996	-	226	104374098	65071
chr14	104309027	104509027	harbor2	chr14	104380075	104380438	LTR/ERVL-MaLR	1497	-	182	104380257	71230
chr14	104309027	104509027	harbor2	chr14	104396808	104397119	LTR/ERVL-MaLR	1094	-	156	104396964	87937
chr14	104309027	104509027	harbor2	chr14	104349300	104349812	LTR/ERVL-MaLR	960	-	256	104349556	40529
chr14	25316696	25516696	harbor2	chr14	25333604	25334022	LTR/ERVL-MaLR	2058	-	209	25333813	17117
chr14	25316696	25516696	harbor2	chr14	25335071	25335426	LTR/ERVL-MaLR	2085	-	178	25335249	18553
chr14	25316696	25516696	harbor2	chr14	25347859	25348120	LTR/ERVL-MaLR	2025	-	130	25347989	31293
chr14	25316696	25516696	harbor2	chr14	25348161	25348355	LTR/ERVL-MaLR	2025	-	97	25348258	31562
chr14	25316696	25516696	harbor2	chr14	25351923	25352345	LTR/ERVL-MaLR	2396	-	211	25352134	35438
chr14	25316696	25516696	harbor2	chr14	25373133	25373501	LTR/ERVL-MaLR	2111	-	184	25373317	56621
chr14	25316696	25516696	harbor2	chr14	25377076	25377451	LTR/ERVL-MaLR	1349	-	188	25377264	60568
chr14	25316696	25516696	harbor2	chr14	25382097	25382398	LTR/ERVL-MaLR	1079	-	150	25382247	65551
chr14	25316696	25516696	harbor2	chr14	25382447	25382803	LTR/ERVL-MaLR	1816	-	178	25382625	65929
chr14	25316696	25516696	harbor2	chr14	25403884	25404243	LTR/ERVL-MaLR	2060	-	180	25404064	87368
chr14	103311828	103511828	harbor2	chr14	103410111	103410431	LTR/ERVL-MaLR	873	-	160	103410271	98443
chr14	61605186	61805186	harbor2	chr14	61622101	61622289	LTR/ERVL-MaLR	579	-	94	61622195	17009
chr14	61605186	61805186	harbor2	chr14	61642981	61643433	LTR/ERVL-MaLR	1230	-	226	61643207	38021
chr14	91308738	91508738	harbor2	chr14	91377822	91377984	LTR/ERVL-MaLR	541	-	81	91377903	69165
chr14	29824980	30024980	harbor2	chr14	29828119	29828527	LTR/ERVL-MaLR	2391	-	204	29828323	3343
chr14	29824980	30024980	harbor2	chr14	29839475	29840564	LTR/ERVL-MaLR	7752	-	544	29840019	15039
chr14	29824980	30024980	harbor2	chr14	29840565	29840929	LTR/ERVL-MaLR	2263	-	182	29840747	15767
chr14	29824980	30024980	harbor2	chr14	29846920	29847054	LTR/ERVL-MaLR	520	-	67	29846987	22007
chr14	29824980	30024980	harbor2	chr14	29882948	29883324	LTR/ERVL-MaLR	1926	-	188	29883136	58156
chr14	29824980	30024980	harbor2	chr14	29911688	29912284	LTR/ERVL-MaLR	1139	-	298	29911986	87006
chr14	105555793	105755793	harbor2	chr14	105592894	105593267	LTR/ERVL-MaLR	1244	-	186	105593080	37287
chr14	105555793	105755793	harbor2	chr14	105608822	105608976	LTR/ERVL-MaLR	553	-	77	105608899	53106
chr14	105555793	105755793	harbor2	chr14	105612345	105612524	LTR/ERVL-MaLR	500	-	90	105612435	56642
chr14	105555793	105755793	harbor2	chr14	105631446	105631886	LTR/ERVL-MaLR	2047	-	220	105631666	75873
chr14	105555793	105755793	harbor2	chr14	105631887	105632039	LTR/ERVL-MaLR	609	-	76	105631963	76170
chr14	105555793	105755793	harbor2	chr14	105651404	105651844	LTR/ERVL-MaLR	2073	-	220	105651624	95831
chr14	105555793	105755793	harbor2	chr14	105651845	105652010	LTR/ERVL-MaLR	663	-	82	105651927	96134
chr14	105555793	105755793	harbor2	chr14	105654460	105654614	LTR/ERVL-MaLR	553	-	77	105654537	98744
chr14	65548062	65748062	harbor2	chr14	65549804	65549873	LTR/ERVL-MaLR	436	-	34	65549838	1776
chr14	65548062	65748062	harbor2	chr14	65550087	65550265	LTR/ERVL-MaLR	944	-	89	65550176	2114
chr14	65548062	65748062	harbor2	chr14	65556119	65556718	LTR/ERVL-MaLR	1712	-	300	65556419	8357
chr14	65548062	65748062	harbor2	chr14	65564926	65565372	LTR/ERVL-MaLR	2091	-	223	65565149	17087
chr14	65548062	65748062	harbor2	chr14	65565974	65566410	LTR/ERVL-MaLR	895	-	218	65566192	18130
chr14	65548062	65748062	harbor2	chr14	65573871	65574426	LTR/ERVL-MaLR	1822	-	278	65574149	26087
chr14	65548062	65748062	harbor2	chr14	65614406	65614881	LTR/ERVL-MaLR	1691	-	238	65614644	66582
chr14	27997397	28197397	harbor2	chr14	28050054	28050434	LTR/ERVL-MaLR	1745	-	190	28050244	52847
chr14	27997397	28197397	harbor2	chr14	28054815	28055335	LTR/ERVL-MaLR	510	-	260	28055075	57678
chr14	89826324	90026324	harbor2	chr14	89839593	89839998	LTR/ERVL-MaLR	2523	-	202	89839795	13471
chr14	89826324	90026324	harbor2	chr14	89873020	89873406	LTR/ERVL-MaLR	2703	-	193	89873213	46889
chr14	89826324	90026324	harbor2	chr14	89873407	89874616	LTR/ERVL-MaLR	9082	-	604	89874011	47687
chr14	89826324	90026324	harbor2	chr14	89874904	89875026	LTR/ERVL-MaLR	9082	-	61	89874965	48641
chr14	89826324	90026324	harbor2	chr14	89875230	89875413	LTR/ERVL-MaLR	1340	-	92	89875322	48998
chr14	89826324	90026324	harbor2	chr14	89888300	89888692	LTR/ERVL-MaLR	2519	-	196	89888496	62172
chr14	89826324	90026324	harbor2	chr14	89904988	89905135	LTR/ERVL-MaLR	515	-	74	89905062	78738
chr14	99231684	99431684	harbor2	chr14	99281924	99281976	LTR/ERVL-MaLR	1683	-	26	99281950	50266
chr14	99231684	99431684	harbor2	chr14	99282285	99282612	LTR/ERVL-MaLR	1683	-	164	99282449	50765
chr14	99231684	99431684	harbor2	chr14	99289015	99289162	LTR/ERVL-MaLR	501	-	74	99289089	57405
chr14	99231684	99431684	harbor2	chr14	99304609	99304941	LTR/ERVL-MaLR	1407	-	166	99304775	73091
chr14	99231684	99431684	harbor2	chr14	99305312	99305339	LTR/ERVL-MaLR	1407	-	14	99305326	73642
chr14	99231684	99431684	harbor2	chr14	99307585	99307814	LTR/ERVL-MaLR	2787	-	114	99307699	76015
chr14	99231684	99431684	harbor2	chr14	99308127	99308325	LTR/ERVL-MaLR	2787	-	99	99308226	76542
chr14	80117377	80317377	harbor2	chr14	80117168	80117531	LTR/ERVL-MaLR	2636	-	182	80117350	27
chr14	80117377	80317377	harbor2	chr14	80121020	80121390	LTR/ERVL-MaLR	1064	-	185	80121205	3828
chr14	80117377	80317377	harbor2	chr14	80126338	80126752	LTR/ERVL-MaLR	417	-	207	80126545	9168
chr14	80117377	80317377	harbor2	chr14	80130467	80130569	LTR/ERVL-MaLR	510	-	51	80130518	13141
chr14	80117377	80317377	harbor2	chr14	80130589	80130852	LTR/ERVL-MaLR	842	-	132	80130721	13344
chr14	80117377	80317377	harbor2	chr14	80134832	80135144	LTR/ERVL-MaLR	1338	-	156	80134988	17611
chr14	80117377	80317377	harbor2	chr14	80163040	80163343	LTR/ERVL-MaLR	860	-	152	80163192	45815
chr14	80117377	80317377	harbor2	chr14	80196296	80196699	LTR/ERVL-MaLR	1753	-	202	80196498	79121
chr14	105121012	105321012	harbor2	chr14	105182187	105182651	LTR/ERVL-MaLR	578	-	232	105182419	61407
chr14	105121012	105321012	harbor2	chr14	105184984	105185444	LTR/ERVL-MaLR	1012	-	230	105185214	64202
chr14	93352361	93552361	harbor2	chr14	93375485	93375893	LTR/ERVL-MaLR	2908	-	204	93375689	23328
chr14	93352361	93552361	harbor2	chr14	93392969	93393299	LTR/ERVL-MaLR	752	-	165	93393134	40773
chr14	93352361	93552361	harbor2	chr14	93395270	93395642	LTR/ERVL-MaLR	1622	-	186	93395456	43095
chr14	93352361	93552361	harbor2	chr14	93398911	93399300	LTR/ERVL-MaLR	2211	-	194	93399105	46744
chr14	93352361	93552361	harbor2	chr14	93406824	93407267	LTR/ERVL-MaLR	1736	-	222	93407046	54685
chr14	93352361	93552361	harbor2	chr14	93425040	93425405	LTR/ERVL-MaLR	2620	-	182	93425222	72861
chr14	93352361	93552361	harbor2	chr14	93437540	93437992	LTR/ERVL-MaLR	2008	-	226	93437766	85405
chr14	84529393	84729393	harbor2	chr14	84557147	84557509	LTR/ERVL-MaLR	2044	-	181	84557328	27935
chr14	84529393	84729393	harbor2	chr14	84557510	84557632	LTR/ERVL-MaLR	891	-	61	84557571	28178
chr14	84529393	84729393	harbor2	chr14	84557631	84557726	LTR/ERVL-MaLR	554	-	48	84557679	28286
chr14	84529393	84729393	harbor2	chr14	84557882	84558243	LTR/ERVL-MaLR	2029	-	180	84558062	28669
chr14	84529393	84729393	harbor2	chr14	84561740	84562089	LTR/ERVL-MaLR	1885	-	174	84561914	32521
chr14	84529393	84729393	harbor2	chr14	84605639	84605734	LTR/ERVL-MaLR	437	-	48	84605687	76294
chr14	84529393	84729393	harbor2	chr14	84557727	84557881	LTR/ERVL-MaLR	1143	-	77	84557804	28411
chr14	105855004	106055004	harbor2	chr14	105927689	105928113	LTR/ERVL-MaLR	794	-	212	105927901	72897
chr14	105855004	106055004	harbor2	chr14	105936260	105936615	LTR/ERVL-MaLR	2118	-	178	105936438	81434
chr14	105698860	105898860	harbor2	chr14	105713866	105714244	LTR/ERVL-MaLR	1353	-	189	105714055	15195
chr14	105698860	105898860	harbor2	chr14	105727563	105727742	LTR/ERVL-MaLR	547	-	90	105727653	28793
chr14	105698860	105898860	harbor2	chr14	105750174	105750614	LTR/ERVL-MaLR	2031	-	220	105750394	51534
chr14	105698860	105898860	harbor2	chr14	105750615	105750780	LTR/ERVL-MaLR	640	-	82	105750697	51837
chr14	105698860	105898860	harbor2	chr14	105753231	105753385	LTR/ERVL-MaLR	568	-	77	105753308	54448
chr14	105698860	105898860	harbor2	chr14	105756936	105757115	LTR/ERVL-MaLR	504	-	90	105757026	58166
chr14	105698860	105898860	harbor2	chr14	105777273	105777711	LTR/ERVL-MaLR	1846	-	219	105777492	78632
chr14	105698860	105898860	harbor2	chr14	105777712	105778067	LTR/ERVL-MaLR	2007	-	178	105777890	79030
chr14	105698860	105898860	harbor2	chr14	105784396	105784564	LTR/ERVL-MaLR	614	-	84	105784480	85620
chr14	105698860	105898860	harbor2	chr14	105785908	105786375	LTR/ERVL-MaLR	2655	-	234	105786142	87282
chr14	105698860	105898860	harbor2	chr14	105792803	105793134	LTR/ERVL-MaLR	1737	-	166	105792969	94109
chr14	105698860	105898860	harbor2	chr14	105796656	105797006	LTR/ERVL-MaLR	900	-	175	105796831	97971
chr14	105698860	105898860	harbor2	chr14	105797299	105797341	LTR/ERVL-MaLR	900	-	21	105797320	98460
chr14	104075875	104275875	harbor2	chr14	104079116	104079469	LTR/ERVL-MaLR	1548	-	176	104079292	3417
chr14	104075875	104275875	harbor2	chr14	104090442	104090853	LTR/ERVL-MaLR	810	-	206	104090648	14773
chr14	104075875	104275875	harbor2	chr14	104120760	104121168	LTR/ERVL-MaLR	2022	-	204	104120964	45089
chr14	103037678	103237678	harbor2	chr14	103136231	103136520	LTR/ERVL-MaLR	1672	-	144	103136375	98697
chr14	103037678	103237678	harbor2	chr14	103136806	103137010	LTR/ERVL-MaLR	1672	-	102	103136908	99230
chr14	86539700	86739700	harbor2	chr14	86587956	86588366	LTR/ERVL-MaLR	2002	-	205	86588161	48461
chr14	86539700	86739700	harbor2	chr14	86596704	86596871	LTR/ERVL-MaLR	437	-	84	86596788	57088
chr14	86539700	86739700	harbor2	chr14	86597487	86597933	LTR/ERVL-MaLR	1019	-	223	86597710	58010
chr14	86539700	86739700	harbor2	chr14	86603735	86604110	LTR/ERVL-MaLR	1969	-	188	86603923	64223
chr14	86539700	86739700	harbor2	chr14	86604993	86605340	LTR/ERVL-MaLR	1577	-	174	86605167	65467
chr14	86539700	86739700	harbor2	chr14	86621435	86621839	LTR/ERVL-MaLR	1414	-	202	86621637	81937
chr14	86539700	86739700	harbor2	chr14	86622849	86623121	LTR/ERVL-MaLR	1534	-	136	86622985	83285
chr14	86539700	86739700	harbor2	chr14	86623473	86623580	LTR/ERVL-MaLR	1534	-	54	86623527	83827
chr14	86539700	86739700	harbor2	chr14	86623581	86624723	LTR/ERVL-MaLR	5794	-	571	86624152	84452
chr14	86539700	86739700	harbor2	chr14	86625005	86625390	LTR/ERVL-MaLR	5794	-	192	86625197	85497
chr14	86539700	86739700	harbor2	chr14	86625698	86625981	LTR/ERVL-MaLR	5794	-	142	86625840	86140
chr14	86539700	86739700	harbor2	chr14	86625982	86626329	LTR/ERVL-MaLR	1203	-	174	86626156	86456
chr14	86539700	86739700	harbor2	chr14	86633735	86634091	LTR/ERVL-MaLR	2086	-	178	86633913	94213
chr14	86539700	86739700	harbor2	chr14	86634441	86634843	LTR/ERVL-MaLR	1534	-	201	86634642	94942
chr14	86539700	86739700	harbor2	chr14	86636769	86636955	LTR/ERVL-MaLR	604	-	93	86636862	97162
chr14	86539700	86739700	harbor2	chr14	86637319	86637564	LTR/ERVL-MaLR	604	-	122	86637441	97741
chr14	97225595	97425595	harbor2	chr14	97229272	97229559	LTR/ERVL-MaLR	1821	-	144	97229416	3821
chr14	97225595	97425595	harbor2	chr14	97229875	97229943	LTR/ERVL-MaLR	1821	-	34	97229909	4314
chr14	97225595	97425595	harbor2	chr14	97242206	97242565	LTR/ERVL-MaLR	1799	-	180	97242386	16791
chr14	97225595	97425595	harbor2	chr14	97252932	97253415	LTR/ERVL-MaLR	1898	-	242	97253174	27579
chr14	97225595	97425595	harbor2	chr14	97255823	97256173	LTR/ERVL-MaLR	2163	-	175	97255998	30403
chr14	97225595	97425595	harbor2	chr14	97265427	97265807	LTR/ERVL-MaLR	1423	-	190	97265617	40022
chr14	97225595	97425595	harbor2	chr14	97269519	97269874	LTR/ERVL-MaLR	2327	-	178	97269697	44102
chr14	97225595	97425595	harbor2	chr14	97279722	97280144	LTR/ERVL-MaLR	546	-	211	97279933	54338
chr14	97225595	97425595	harbor2	chr14	97315727	97316103	LTR/ERVL-MaLR	1925	-	188	97315915	90320
chr14	97225595	97425595	harbor2	chr14	97320475	97320593	LTR/ERVL-MaLR	507	-	59	97320534	94939
chr14	97225595	97425595	harbor2	chr14	97320822	97320893	LTR/ERVL-MaLR	554	-	36	97320858	95263
chr14	67725211	67925211	harbor2	chr14	67737252	67737615	LTR/ERVL-MaLR	2247	-	182	67737434	12223
chr14	67725211	67925211	harbor2	chr14	67739886	67740103	LTR/ERVL-MaLR	775	-	108	67739994	14783
chr14	106743920	106943920	harbor2	chr14	106784287	106784705	LTR/ERVL-MaLR	1732	-	209	106784496	40576
chr14	106743920	106943920	harbor2	chr14	106784711	106785448	LTR/ERVL-MaLR	2331	-	368	106785079	41159
chr14	106743920	106943920	harbor2	chr14	106786221	106786581	LTR/ERVL-MaLR	1399	-	180	106786401	42481
chr14	106743920	106943920	harbor2	chr14	106804638	106804989	LTR/ERVL-MaLR	1116	-	176	106804814	60894
chr14	101287871	101487871	harbor2	chr14	101294620	101294973	LTR/ERVL-MaLR	2114	-	176	101294796	6925
chr14	101287871	101487871	harbor2	chr14	101294974	101296547	LTR/ERVL-MaLR	11611	-	786	101295760	7889
chr14	101287871	101487871	harbor2	chr14	101296548	101296894	LTR/ERVL-MaLR	1927	-	173	101296721	8850
chr14	101287871	101487871	harbor2	chr14	101331533	101331998	LTR/ERVL-MaLR	1991	-	232	101331765	43894
chr14	101287871	101487871	harbor2	chr14	101357663	101357976	LTR/ERVL-MaLR	629	-	156	101357819	69948
chr14	101287871	101487871	harbor2	chr14	101358105	101358337	LTR/ERVL-MaLR	743	-	116	101358221	70350
chr14	101287871	101487871	harbor2	chr14	101368905	101369270	LTR/ERVL-MaLR	1537	-	182	101369087	81216
chr14	101287871	101487871	harbor2	chr14	101373507	101373799	LTR/ERVL-MaLR	822	-	146	101373653	85782
chr14	101287871	101487871	harbor2	chr14	101380482	101380889	LTR/ERVL-MaLR	2341	-	204	101380686	92815
chr14	104053827	104253827	harbor2	chr14	104065519	104065894	LTR/ERVL-MaLR	2334	-	188	104065707	11880
chr14	104053827	104253827	harbor2	chr14	104065895	104067629	LTR/ERVL-MaLR	8734	-	867	104066762	12935
chr14	104053827	104253827	harbor2	chr14	104067630	104068009	LTR/ERVL-MaLR	2211	-	190	104067820	13993
chr14	104053827	104253827	harbor2	chr14	104079116	104079469	LTR/ERVL-MaLR	1548	-	176	104079292	25465
chr14	104053827	104253827	harbor2	chr14	104090442	104090853	LTR/ERVL-MaLR	810	-	206	104090648	36821
chr14	104053827	104253827	harbor2	chr14	104120760	104121168	LTR/ERVL-MaLR	2022	-	204	104120964	67137
chr14	86731096	86931096	harbor2	chr14	86751845	86752236	LTR/ERVL-MaLR	1782	-	196	86752041	20945
chr14	86731096	86931096	harbor2	chr14	86753846	86754225	LTR/ERVL-MaLR	2235	-	190	86754036	22940
chr14	86731096	86931096	harbor2	chr14	86766420	86766933	LTR/ERVL-MaLR	908	-	256	86766676	35580
chr14	86731096	86931096	harbor2	chr14	86772102	86772465	LTR/ERVL-MaLR	2506	-	182	86772284	41188
chr14	86731096	86931096	harbor2	chr14	86803216	86803309	LTR/ERVL-MaLR	1207	-	46	86803262	72166
chr14	86731096	86931096	harbor2	chr14	86803864	86804136	LTR/ERVL-MaLR	1207	-	136	86804000	72904
chr14	86731096	86931096	harbor2	chr14	86807193	86807444	LTR/ERVL-MaLR	1332	-	126	86807319	76223
chr14	86731096	86931096	harbor2	chr14	86808096	86808169	LTR/ERVL-MaLR	1332	-	36	86808132	77036
chr14	86731096	86931096	harbor2	chr14	86829157	86829742	LTR/ERVL-MaLR	1445	-	292	86829449	98353
chr14	86731096	86931096	harbor2	chr14	86752240	86753843	LTR/ERVL-MaLR	10141	-	802	86753042	21946
chr14	106266532	106466532	harbor2	chr14	106304154	106304354	LTR/ERVL-MaLR	1384	-	100	106304254	37722
chr14	106266532	106466532	harbor2	chr14	106304355	106304711	LTR/ERVL-MaLR	899	-	178	106304533	38001
chr14	106266532	106466532	harbor2	chr14	106304712	106304913	LTR/ERVL-MaLR	1384	-	100	106304812	38280
chr14	106266532	106466532	harbor2	chr14	106305282	106305673	LTR/ERVL-MaLR	1154	-	196	106305478	38946
chr14	106266532	106466532	harbor2	chr14	106306150	106306550	LTR/ERVL-MaLR	1921	-	200	106306350	39818
chr14	106266532	106466532	harbor2	chr14	106306559	106307148	LTR/ERVL-MaLR	2624	-	294	106306853	40321
chr14	106266532	106466532	harbor2	chr14	106323502	106323881	LTR/ERVL-MaLR	1024	-	190	106323692	57160
chr14	106266532	106466532	harbor2	chr14	106348496	106348876	LTR/ERVL-MaLR	938	-	190	106348686	82154
chr14	102462608	102662608	harbor2	chr14	102518205	102518664	LTR/ERVL-MaLR	814	-	230	102518435	55827
chr14	102462608	102662608	harbor2	chr14	102532219	102532438	LTR/ERVL-MaLR	607	-	110	102532329	69721
chr14	102462608	102662608	harbor2	chr14	102541755	102542101	LTR/ERVL-MaLR	481	-	173	102541928	79320
chr14	102462608	102662608	harbor2	chr14	102542301	102542414	LTR/ERVL-MaLR	418	-	56	102542357	79749
chr14	102462608	102662608	harbor2	chr14	102547945	102548140	LTR/ERVL-MaLR	666	-	98	102548043	85435
chr14	102462608	102662608	harbor2	chr14	102547305	102547644	LTR/ERVL-MaLR	666	-	170	102547475	84867
chr14	72141644	72341644	harbor2	chr14	72145949	72146332	LTR/ERVL-MaLR	1875	-	192	72146141	4497
chr14	72141644	72341644	harbor2	chr14	72146333	72146730	LTR/ERVL-MaLR	2037	-	198	72146531	4887
chr14	72141644	72341644	harbor2	chr14	72146699	72147309	LTR/ERVL-MaLR	2777	-	305	72147004	5360
chr14	72141644	72341644	harbor2	chr14	72147312	72147635	LTR/ERVL-MaLR	1735	-	162	72147474	5830
chr14	72141644	72341644	harbor2	chr14	72148899	72149373	LTR/ERVL-MaLR	1534	-	237	72149136	7492
chr14	72141644	72341644	harbor2	chr14	72150473	72150876	LTR/ERVL-MaLR	1797	-	202	72150675	9031
chr14	72141644	72341644	harbor2	chr14	72158066	72158475	LTR/ERVL-MaLR	2008	-	204	72158270	16626
chr14	72141644	72341644	harbor2	chr14	72167072	72167510	LTR/ERVL-MaLR	1057	-	219	72167291	25647
chr14	72141644	72341644	harbor2	chr14	72191400	72191761	LTR/ERVL-MaLR	2724	-	180	72191580	49936
chr14	72141644	72341644	harbor2	chr14	72203366	72203725	LTR/ERVL-MaLR	1243	-	180	72203546	61902
chr14	72141644	72341644	harbor2	chr14	72204482	72204832	LTR/ERVL-MaLR	2195	-	175	72204657	63013
chr14	72141644	72341644	harbor2	chr14	72206497	72206849	LTR/ERVL-MaLR	2217	-	176	72206673	65029
chr14	72141644	72341644	harbor2	chr14	72229630	72230009	LTR/ERVL-MaLR	525	-	190	72229820	88176
chr14	72141644	72341644	harbor2	chr14	72204237	72204416	LTR/ERVL-MaLR	689	-	90	72204327	62683
chr14	74075768	74275768	harbor2	chr14	74077349	74077782	LTR/ERVL-MaLR	2894	-	216	74077565	1797
chr14	74075768	74275768	harbor2	chr14	74129848	74130200	LTR/ERVL-MaLR	1959	-	176	74130024	54256
chr14	78107797	78307797	harbor2	chr14	78133563	78133829	LTR/ERVL-MaLR	1478	-	133	78133696	25899
chr14	78107797	78307797	harbor2	chr14	78134108	78134279	LTR/ERVL-MaLR	1478	-	86	78134194	26397
chr14	78107797	78307797	harbor2	chr14	78137209	78137645	LTR/ERVL-MaLR	518	-	218	78137427	29630
chr14	78107797	78307797	harbor2	chr14	78139682	78140145	LTR/ERVL-MaLR	494	-	232	78139914	32117
chr14	78107797	78307797	harbor2	chr14	78148668	78148920	LTR/ERVL-MaLR	716	-	126	78148794	40997
chr14	78107797	78307797	harbor2	chr14	78148938	78149211	LTR/ERVL-MaLR	993	-	136	78149074	41277
chr14	106198434	106398434	harbor2	chr14	106223632	106224018	LTR/ERVL-MaLR	588	-	193	106223825	25391
chr14	106198434	106398434	harbor2	chr14	106224509	106224890	LTR/ERVL-MaLR	1350	-	190	106224699	26265
chr14	106198434	106398434	harbor2	chr14	106224974	106226424	LTR/ERVL-MaLR	3102	-	725	106225699	27265
chr14	106198434	106398434	harbor2	chr14	106226427	106226879	LTR/ERVL-MaLR	1754	-	226	106226653	28219
chr14	106198434	106398434	harbor2	chr14	106229081	106229444	LTR/ERVL-MaLR	985	-	182	106229263	30829
chr14	106198434	106398434	harbor2	chr14	106254026	106254378	LTR/ERVL-MaLR	2545	-	176	106254202	55768
chr14	90418717	90618717	harbor2	chr14	90433700	90433914	LTR/ERVL-MaLR	2036	-	107	90433807	15090
chr14	90418717	90618717	harbor2	chr14	90434221	90434396	LTR/ERVL-MaLR	2036	-	88	90434309	15592
chr14	90418717	90618717	harbor2	chr14	90460403	90460561	LTR/ERVL-MaLR	570	-	79	90460482	41765
chr14	90418717	90618717	harbor2	chr14	90463072	90463252	LTR/ERVL-MaLR	417	-	90	90463162	44445
chr14	90418717	90618717	harbor2	chr14	90465472	90465845	LTR/ERVL-MaLR	2862	-	186	90465658	46941
chr14	71954555	72154555	harbor2	chr14	71971551	71971906	LTR/ERVL-MaLR	1478	-	178	71971729	17174
chr14	71954555	72154555	harbor2	chr14	71971935	71972007	LTR/ERVL-MaLR	1478	-	36	71971971	17416
chr14	71954555	72154555	harbor2	chr14	71972160	71972309	LTR/ERVL-MaLR	1478	-	74	71972234	17679
chr14	71954555	72154555	harbor2	chr14	71983402	71983864	LTR/ERVL-MaLR	1401	-	231	71983633	29078
chr14	71954555	72154555	harbor2	chr14	71986363	71986421	LTR/ERVL-MaLR	2020	-	29	71986392	31837
chr14	71954555	72154555	harbor2	chr14	71986724	71987128	LTR/ERVL-MaLR	2020	-	202	71986926	32371
chr14	71954555	72154555	harbor2	chr14	71989910	71990311	LTR/ERVL-MaLR	1606	-	200	71990110	35555
chr14	71954555	72154555	harbor2	chr14	72015017	72015443	LTR/ERVL-MaLR	2453	-	213	72015230	60675
chr14	71954555	72154555	harbor2	chr14	72031477	72031823	LTR/ERVL-MaLR	570	-	173	72031650	77095
chr14	85416455	85616455	harbor2	chr14	85429987	85430337	LTR/ERVL-MaLR	2116	-	175	85430162	13707
chr14	85416455	85616455	harbor2	chr14	85430904	85431259	LTR/ERVL-MaLR	1915	-	178	85431082	14627
chr14	85416455	85616455	harbor2	chr14	85457082	85457416	LTR/ERVL-MaLR	521	-	167	85457249	40794
chr14	85416455	85616455	harbor2	chr14	85468510	85468874	LTR/ERVL-MaLR	2175	-	182	85468692	52237
chr14	85416455	85616455	harbor2	chr14	85499433	85499787	LTR/ERVL-MaLR	2229	-	177	85499610	83155
chr14	85416455	85616455	harbor2	chr14	85512025	85512387	LTR/ERVL-MaLR	2108	-	181	85512206	95751
chr14	85416455	85616455	harbor2	chr14	85513187	85513571	LTR/ERVL-MaLR	2230	-	192	85513379	96924
chr14	104977186	105177186	harbor2	chr14	104983631	104984031	LTR/ERVL-MaLR	1378	-	200	104983831	6645
chr14	104977186	105177186	harbor2	chr14	105023112	105023417	LTR/ERVL-MaLR	1930	-	152	105023264	46078
chr14	104977186	105177186	harbor2	chr14	105030777	105031149	LTR/ERVL-MaLR	2127	-	186	105030963	53777
chr14	104977186	105177186	harbor2	chr14	105070413	105070679	LTR/ERVL-MaLR	676	-	133	105070546	93360
chr14	73553767	73753767	harbor2	chr14	73581165	73581439	LTR/ERVL-MaLR	1468	-	137	73581302	27535
chr14	73553767	73753767	harbor2	chr14	73599326	73599850	LTR/ERVL-MaLR	937	-	262	73599588	45821
chr14	73553767	73753767	harbor2	chr14	73599861	73600452	LTR/ERVL-MaLR	1726	-	296	73600157	46390
chr14	73553767	73753767	harbor2	chr14	73600751	73600849	LTR/ERVL-MaLR	1726	-	49	73600800	47033
chr14	73553767	73753767	harbor2	chr14	73607336	73607610	LTR/ERVL-MaLR	4340	-	137	73607473	53706
chr14	73553767	73753767	harbor2	chr14	73608223	73608730	LTR/ERVL-MaLR	4340	-	254	73608477	54710
chr14	73553767	73753767	harbor2	chr14	73608731	73609098	LTR/ERVL-MaLR	2800	-	184	73608915	55148
chr14	94861120	95061120	harbor2	chr14	94882080	94882441	LTR/ERVL-MaLR	2299	-	180	94882260	21140
chr14	94861120	95061120	harbor2	chr14	94911521	94911706	LTR/ERVL-MaLR	891	-	92	94911613	50493
chr14	94861120	95061120	harbor2	chr14	94911825	94911977	LTR/ERVL-MaLR	705	-	76	94911901	50781
chr14	94861120	95061120	harbor2	chr14	94922882	94923358	LTR/ERVL-MaLR	1677	-	238	94923120	62000
chr14	94861120	95061120	harbor2	chr14	94929374	94929461	LTR/ERVL-MaLR	522	-	44	94929418	68298
chr14	94861120	95061120	harbor2	chr14	94949425	94949717	LTR/ERVL-MaLR	1433	-	146	94949571	88451
chr14	94861120	95061120	harbor2	chr14	94952914	94953195	LTR/ERVL-MaLR	1889	-	140	94953054	91934
chr14	94861120	95061120	harbor2	chr14	94953719	94953871	LTR/ERVL-MaLR	1889	-	76	94953795	92675
chr14	94861120	95061120	harbor2	chr14	94954329	94954504	LTR/ERVL-MaLR	799	-	88	94954417	93297
chr14	76693222	76893222	harbor2	chr14	76724622	76724985	LTR/ERVL-MaLR	2595	-	182	76724804	31582
chr14	76693222	76893222	harbor2	chr14	76759561	76760069	LTR/ERVL-MaLR	1521	-	254	76759815	66593
chr14	105852447	106052447	harbor2	chr14	105927689	105928113	LTR/ERVL-MaLR	794	-	212	105927901	75454
chr14	105852447	106052447	harbor2	chr14	105936260	105936615	LTR/ERVL-MaLR	2118	-	178	105936438	83991
chr14	85579658	85779658	harbor2	chr14	85607789	85608192	LTR/ERVL-MaLR	2124	-	202	85607991	28333
chr14	85579658	85779658	harbor2	chr14	85642870	85643201	LTR/ERVL-MaLR	1264	-	166	85643036	63378
chr14	85579658	85779658	harbor2	chr14	85671336	85671713	LTR/ERVL-MaLR	538	-	188	85671524	91866
chr14	85579658	85779658	harbor2	chr14	85671994	85672377	LTR/ERVL-MaLR	2185	-	192	85672186	92528
chr14	62443539	62643539	harbor2	chr14	62449038	62449434	LTR/ERVL-MaLR	872	-	198	62449236	5697
chr14	62443539	62643539	harbor2	chr14	62450839	62451017	LTR/ERVL-MaLR	600	-	89	62450928	7389
chr14	62443539	62643539	harbor2	chr14	62496736	62497096	LTR/ERVL-MaLR	1430	-	180	62496916	53377
chr14	62443539	62643539	harbor2	chr14	62497103	62498567	LTR/ERVL-MaLR	8244	-	732	62497835	54296
chr14	62443539	62643539	harbor2	chr14	62498568	62498862	LTR/ERVL-MaLR	875	-	147	62498715	55176
chr14	62443539	62643539	harbor2	chr14	62513043	62513381	LTR/ERVL-MaLR	2228	-	169	62513212	69673
chr14	62443539	62643539	harbor2	chr14	62528369	62528537	LTR/ERVL-MaLR	657	-	84	62528453	84914
chr14	62443539	62643539	harbor2	chr14	62533449	62533824	LTR/ERVL-MaLR	1010	-	188	62533637	90098
chr14	93035290	93235290	harbor2	chr14	93087052	93087366	LTR/ERVL-MaLR	684	-	157	93087209	51919
chr14	93035290	93235290	harbor2	chr14	93124872	93125226	LTR/ERVL-MaLR	2752	-	177	93125049	89759
chr14	93035290	93235290	harbor2	chr14	93126314	93126355	LTR/ERVL-MaLR	2045	-	20	93126334	91044
chr14	93035290	93235290	harbor2	chr14	93126668	93126690	LTR/ERVL-MaLR	2045	-	11	93126679	91389
chr14	93035290	93235290	harbor2	chr14	93126990	93127018	LTR/ERVL-MaLR	2045	-	14	93127004	91714
chr14	93035290	93235290	harbor2	chr14	93127316	93127495	LTR/ERVL-MaLR	2045	-	90	93127406	92116
chr14	93035290	93235290	harbor2	chr14	93127797	93127997	LTR/ERVL-MaLR	2045	-	100	93127897	92607
chr14	94747755	94947755	harbor2	chr14	94754474	94754818	LTR/ERVL-MaLR	646	-	172	94754646	6891
chr14	94747755	94947755	harbor2	chr14	94810782	94810932	LTR/ERVL-MaLR	1467	-	75	94810857	63102
chr14	94747755	94947755	harbor2	chr14	94811260	94811392	LTR/ERVL-MaLR	1467	-	66	94811326	63571
chr14	94747755	94947755	harbor2	chr14	94811531	94811680	LTR/ERVL-MaLR	1467	-	74	94811605	63850
chr14	94747755	94947755	harbor2	chr14	94830869	94831136	LTR/ERVL-MaLR	1361	-	134	94831003	83248
chr14	94747755	94947755	harbor2	chr14	94831306	94831445	LTR/ERVL-MaLR	1361	-	70	94831376	83621
chr14	94747755	94947755	harbor2	chr14	94843684	94844058	LTR/ERVL-MaLR	2848	-	187	94843871	96116
chr14	93252936	93452936	harbor2	chr14	93305720	93306068	LTR/ERVL-MaLR	1006	-	174	93305894	52958
chr14	93252936	93452936	harbor2	chr14	93341801	93343172	LTR/ERVL-MaLR	9834	-	686	93342487	89551
chr14	93252936	93452936	harbor2	chr14	93343173	93343328	LTR/ERVL-MaLR	1110	-	78	93343251	90315
chr14	105388668	105588668	harbor2	chr14	105403969	105404500	LTR/ERVL-MaLR	2642	-	266	105404235	15567
chr14	105388668	105588668	harbor2	chr14	105413816	105413875	LTR/ERVL-MaLR	932	-	30	105413846	25178
chr14	105388668	105588668	harbor2	chr14	105414171	105414608	LTR/ERVL-MaLR	932	-	218	105414389	25721
chr14	74324589	74524589	harbor2	chr14	74375560	74375768	LTR/ERVL-MaLR	2191	-	104	74375664	51075
chr14	74324589	74524589	harbor2	chr14	74376068	74376228	LTR/ERVL-MaLR	2191	-	80	74376148	51559
chr14	90123014	90323014	harbor2	chr14	90123190	90123574	LTR/ERVL-MaLR	2494	-	192	90123382	368
chr14	90123014	90323014	harbor2	chr14	90149003	90149076	LTR/ERVL-MaLR	2431	-	36	90149039	26025
chr14	90123014	90323014	harbor2	chr14	90149377	90149667	LTR/ERVL-MaLR	2431	-	145	90149522	26508
chr14	90123014	90323014	harbor2	chr14	90158965	90159316	LTR/ERVL-MaLR	1392	-	176	90159141	36127
chr14	90123014	90323014	harbor2	chr14	90164908	90165257	LTR/ERVL-MaLR	2080	-	174	90165082	42068
chr14	90123014	90323014	harbor2	chr14	90173812	90174024	LTR/ERVL-MaLR	2199	-	106	90173918	50904
chr14	90123014	90323014	harbor2	chr14	90174338	90174499	LTR/ERVL-MaLR	2199	-	80	90174418	51404
chr14	90123014	90323014	harbor2	chr14	90175664	90175837	LTR/ERVL-MaLR	559	-	86	90175750	52736
chr14	90123014	90323014	harbor2	chr14	90175889	90176142	LTR/ERVL-MaLR	702	-	126	90176015	53001
chr14	90123014	90323014	harbor2	chr14	90181238	90181580	LTR/ERVL-MaLR	1587	-	171	90181409	58395
chr14	90123014	90323014	harbor2	chr14	90192084	90192511	LTR/ERVL-MaLR	2144	-	214	90192298	69284
chr14	90123014	90323014	harbor2	chr14	90200187	90200430	LTR/ERVL-MaLR	693	-	122	90200309	77295
chr14	90123014	90323014	harbor2	chr14	90201034	90201084	LTR/ERVL-MaLR	693	-	25	90201059	78045
chr14	90123014	90323014	harbor2	chr14	90201610	90201706	LTR/ERVL-MaLR	509	-	48	90201658	78644
chr14	90123014	90323014	harbor2	chr14	90202410	90202549	LTR/ERVL-MaLR	661	-	70	90202480	79466
chr14	90123014	90323014	harbor2	chr14	90213697	90214052	LTR/ERVL-MaLR	2424	-	178	90213875	90861
chr14	90123014	90323014	harbor2	chr14	90214053	90215557	LTR/ERVL-MaLR	10722	-	752	90214805	91791
chr14	90123014	90323014	harbor2	chr14	90215558	90215911	LTR/ERVL-MaLR	2354	-	176	90215734	92720
chr14	98014989	98214989	harbor2	chr14	98019961	98020117	LTR/ERVL-MaLR	769	-	78	98020039	5050
chr14	98014989	98214989	harbor2	chr14	98020130	98020254	LTR/ERVL-MaLR	421	-	62	98020192	5203
chr14	98014989	98214989	harbor2	chr14	98021289	98021411	LTR/ERVL-MaLR	678	-	61	98021350	6361
chr14	98014989	98214989	harbor2	chr14	98027000	98027373	LTR/ERVL-MaLR	1751	-	186	98027186	12197
chr14	98014989	98214989	harbor2	chr14	98032345	98032763	LTR/ERVL-MaLR	661	-	209	98032554	17565
chr14	98014989	98214989	harbor2	chr14	98036473	98036932	LTR/ERVL-MaLR	1224	-	230	98036703	21714
chr14	98014989	98214989	harbor2	chr14	98047184	98047347	LTR/ERVL-MaLR	887	-	82	98047266	32277
chr14	98014989	98214989	harbor2	chr14	98073013	98073392	LTR/ERVL-MaLR	1382	-	190	98073203	58214
chr14	98014989	98214989	harbor2	chr14	98077561	98077904	LTR/ERVL-MaLR	1515	-	172	98077733	62744
chr14	98014989	98214989	harbor2	chr14	98079432	98079847	LTR/ERVL-MaLR	531	-	208	98079640	64651
chr14	98014989	98214989	harbor2	chr14	98098433	98098611	LTR/ERVL-MaLR	416	-	89	98098522	83533
chr14	98014989	98214989	harbor2	chr14	98102275	98102704	LTR/ERVL-MaLR	1103	-	214	98102489	87500
chr14	57356937	57556937	harbor2	chr14	57404579	57404934	LTR/ERVL-MaLR	1952	-	178	57404757	47820
chr14	66211764	66411764	harbor2	chr14	66214624	66214977	LTR/ERVL-MaLR	2284	-	176	66214800	3036
chr14	66211764	66411764	harbor2	chr14	66214978	66215752	LTR/ERVL-MaLR	5209	-	387	66215365	3601
chr14	66211764	66411764	harbor2	chr14	66226526	66226914	LTR/ERVL-MaLR	2405	-	194	66226720	14956
chr14	66211764	66411764	harbor2	chr14	66274706	66275101	LTR/ERVL-MaLR	726	-	198	66274904	63140
chr14	66211764	66411764	harbor2	chr14	66285674	66285997	LTR/ERVL-MaLR	1340	-	162	66285836	74072
chr14	66211764	66411764	harbor2	chr14	66304121	66304466	LTR/ERVL-MaLR	2500	-	172	66304293	92529
chr14	66211764	66411764	harbor2	chr14	66306366	66306508	LTR/ERVL-MaLR	425	-	71	66306437	94673
chr14	66211764	66411764	harbor2	chr14	66307540	66307920	LTR/ERVL-MaLR	1994	-	190	66307730	95966
chr14	66211764	66411764	harbor2	chr14	66308145	66308531	LTR/ERVL-MaLR	2239	-	193	66308338	96574
chr14	66211764	66411764	harbor2	chr14	66308532	66310095	LTR/ERVL-MaLR	12202	-	782	66309314	97550
chr14	66211764	66411764	harbor2	chr14	66310096	66310462	LTR/ERVL-MaLR	2434	-	183	66310279	98515
chr14	105592793	105792793	harbor2	chr14	105592894	105593267	LTR/ERVL-MaLR	1244	-	186	105593080	287
chr14	105592793	105792793	harbor2	chr14	105608822	105608976	LTR/ERVL-MaLR	553	-	77	105608899	16106
chr14	105592793	105792793	harbor2	chr14	105612345	105612524	LTR/ERVL-MaLR	500	-	90	105612435	19642
chr14	105592793	105792793	harbor2	chr14	105631446	105631886	LTR/ERVL-MaLR	2047	-	220	105631666	38873
chr14	105592793	105792793	harbor2	chr14	105631887	105632039	LTR/ERVL-MaLR	609	-	76	105631963	39170
chr14	105592793	105792793	harbor2	chr14	105651404	105651844	LTR/ERVL-MaLR	2073	-	220	105651624	58831
chr14	105592793	105792793	harbor2	chr14	105651845	105652010	LTR/ERVL-MaLR	663	-	82	105651927	59134
chr14	105592793	105792793	harbor2	chr14	105654460	105654614	LTR/ERVL-MaLR	553	-	77	105654537	61744
chr14	105592793	105792793	harbor2	chr14	105657982	105658164	LTR/ERVL-MaLR	508	-	91	105658073	65280
chr14	87842251	88042251	harbor2	chr14	87860500	87860914	LTR/ERVL-MaLR	2546	-	207	87860707	18456
chr14	87842251	88042251	harbor2	chr14	87872192	87872553	LTR/ERVL-MaLR	2933	-	180	87872372	30121
chr14	87842251	88042251	harbor2	chr14	87885169	87885529	LTR/ERVL-MaLR	2486	-	180	87885349	43098
chr14	87842251	88042251	harbor2	chr14	87892488	87892857	LTR/ERVL-MaLR	1717	-	184	87892672	50421
chr14	87842251	88042251	harbor2	chr14	87922567	87923011	LTR/ERVL-MaLR	2107	-	222	87922789	80538
chr14	88986589	89186589	harbor2	chr14	88986840	88987142	LTR/ERVL-MaLR	1489	-	151	88986991	402
chr14	88986589	89186589	harbor2	chr14	88987872	88987926	LTR/ERVL-MaLR	1398	-	27	88987899	1310
chr14	88986589	89186589	harbor2	chr14	88988227	88988575	LTR/ERVL-MaLR	1398	-	174	88988401	1812
chr14	88986589	89186589	harbor2	chr14	88990832	88991211	LTR/ERVL-MaLR	1713	-	190	88991022	4433
chr14	88986589	89186589	harbor2	chr14	89001167	89001496	LTR/ERVL-MaLR	1148	-	164	89001331	14742
chr14	88986589	89186589	harbor2	chr14	89002588	89002944	LTR/ERVL-MaLR	2189	-	178	89002766	16177
chr14	88986589	89186589	harbor2	chr14	89005070	89005429	LTR/ERVL-MaLR	2470	-	180	89005250	18661
chr14	88986589	89186589	harbor2	chr14	89015061	89015564	LTR/ERVL-MaLR	1955	-	252	89015313	28724
chr14	88986589	89186589	harbor2	chr14	89024631	89025182	LTR/ERVL-MaLR	2281	-	276	89024907	38318
chr14	88986589	89186589	harbor2	chr14	89032191	89032359	LTR/ERVL-MaLR	485	-	84	89032275	45686
chr14	88986589	89186589	harbor2	chr14	89055917	89056281	LTR/ERVL-MaLR	2756	-	182	89056099	69510
chr14	88986589	89186589	harbor2	chr14	89057751	89058198	LTR/ERVL-MaLR	1749	-	224	89057975	71386
chr14	88986589	89186589	harbor2	chr14	89060202	89060679	LTR/ERVL-MaLR	1441	-	238	89060440	73851
chr14	88986589	89186589	harbor2	chr14	89084440	89084901	LTR/ERVL-MaLR	2825	-	230	89084670	98081
chr14	93723743	93923743	harbor2	chr14	93801310	93801790	LTR/ERVL-MaLR	1670	-	240	93801550	77807
chr14	93723743	93923743	harbor2	chr14	93813936	93814100	LTR/ERVL-MaLR	1516	-	82	93814018	90275
chr14	93723743	93923743	harbor2	chr14	93814845	93815065	LTR/ERVL-MaLR	1516	-	110	93814955	91212
chr14	39829467	40029467	harbor2	chr14	39835679	39836035	LTR/ERVL-MaLR	1945	-	178	39835857	6390
chr14	39829467	40029467	harbor2	chr14	39852262	39852648	LTR/ERVL-MaLR	2110	-	193	39852455	22988
chr14	39829467	40029467	harbor2	chr14	39872983	39873380	LTR/ERVL-MaLR	502	-	198	39873181	43714
chr14	39829467	40029467	harbor2	chr14	39907997	39908261	LTR/ERVL-MaLR	1120	-	132	39908129	78662
chr14	39829467	40029467	harbor2	chr14	39908527	39908697	LTR/ERVL-MaLR	1120	-	85	39908612	79145
chr14	39829467	40029467	harbor2	chr14	39919525	39919871	LTR/ERVL-MaLR	1475	-	173	39919698	90231
chr14	39829467	40029467	harbor2	chr14	39921248	39921447	LTR/ERVL-MaLR	887	-	100	39921348	91881
chr14	39829467	40029467	harbor2	chr14	39925134	39925317	LTR/ERVL-MaLR	809	-	92	39925226	95759
chr14	102529878	102729878	harbor2	chr14	102532219	102532438	LTR/ERVL-MaLR	607	-	110	102532329	2451
chr14	102529878	102729878	harbor2	chr14	102541755	102542101	LTR/ERVL-MaLR	481	-	173	102541928	12050
chr14	102529878	102729878	harbor2	chr14	102542301	102542414	LTR/ERVL-MaLR	418	-	56	102542357	12479
chr14	102529878	102729878	harbor2	chr14	102547945	102548140	LTR/ERVL-MaLR	666	-	98	102548043	18165
chr14	102529878	102729878	harbor2	chr14	102573617	102573900	LTR/ERVL-MaLR	761	-	142	102573759	43881
chr14	102529878	102729878	harbor2	chr14	102547305	102547644	LTR/ERVL-MaLR	666	-	170	102547475	17597
chr14	85619175	85819175	harbor2	chr14	85642870	85643201	LTR/ERVL-MaLR	1264	-	166	85643036	23861
chr14	85619175	85819175	harbor2	chr14	85671336	85671713	LTR/ERVL-MaLR	538	-	188	85671524	52349
chr14	85619175	85819175	harbor2	chr14	85671994	85672377	LTR/ERVL-MaLR	2185	-	192	85672186	53011
chr14	85619175	85819175	harbor2	chr14	85687059	85687255	LTR/ERVL-MaLR	723	-	98	85687157	67982
chr14	85619175	85819175	harbor2	chr14	85705188	85705570	LTR/ERVL-MaLR	1896	-	191	85705379	86204
chr14	85619175	85819175	harbor2	chr14	85708574	85708890	LTR/ERVL-MaLR	585	-	158	85708732	89557
chr14	85619175	85819175	harbor2	chr14	85709627	85709775	LTR/ERVL-MaLR	417	-	74	85709701	90526
chr14	85619175	85819175	harbor2	chr14	85711957	85712443	LTR/ERVL-MaLR	1708	-	243	85712200	93025
chr14	50034455	50234455	harbor2	chr14	50035245	50035520	LTR/ERVL-MaLR	2160	-	138	50035383	928
chr14	50034455	50234455	harbor2	chr14	50035839	50035977	LTR/ERVL-MaLR	2160	-	69	50035908	1453
chr14	50034455	50234455	harbor2	chr14	50045981	50046304	LTR/ERVL-MaLR	728	-	162	50046143	11688
chr14	50034455	50234455	harbor2	chr14	50054548	50054774	LTR/ERVL-MaLR	459	-	113	50054661	20206
chr14	50034455	50234455	harbor2	chr14	50057870	50058131	LTR/ERVL-MaLR	583	-	130	50058000	23545
chr14	50034455	50234455	harbor2	chr14	50064940	50065297	LTR/ERVL-MaLR	1277	-	178	50065118	30663
chr14	50034455	50234455	harbor2	chr14	50065588	50065758	LTR/ERVL-MaLR	871	-	85	50065673	31218
chr14	50034455	50234455	harbor2	chr14	50067329	50067744	LTR/ERVL-MaLR	1882	-	208	50067537	33082
chr14	50034455	50234455	harbor2	chr14	50070928	50071249	LTR/ERVL-MaLR	1366	-	160	50071088	36633
chr14	50034455	50234455	harbor2	chr14	50084616	50085132	LTR/ERVL-MaLR	1163	-	258	50084874	50419
chr14	50034455	50234455	harbor2	chr14	50096339	50096557	LTR/ERVL-MaLR	577	-	109	50096448	61993
chr14	50034455	50234455	harbor2	chr14	50036680	50037095	LTR/ERVL-MaLR	1033	-	208	50036888	2433
chr14	106345250	106545250	harbor2	chr14	106372892	106373204	LTR/ERVL-MaLR	924	-	156	106373048	27798
chr14	106345250	106545250	harbor2	chr14	106384939	106385357	LTR/ERVL-MaLR	1904	-	209	106385148	39898
chr14	106345250	106545250	harbor2	chr14	106385371	106386110	LTR/ERVL-MaLR	3610	-	370	106385741	40491
chr14	106345250	106545250	harbor2	chr14	106386874	106386951	LTR/ERVL-MaLR	496	-	38	106386912	41662
chr14	106345250	106545250	harbor2	chr14	106403208	106403665	LTR/ERVL-MaLR	1549	-	228	106403436	58186
chr14	106345250	106545250	harbor2	chr14	106411531	106411881	LTR/ERVL-MaLR	1938	-	175	106411706	66456
chr14	106345250	106545250	harbor2	chr14	106420914	106421300	LTR/ERVL-MaLR	974	-	193	106421107	75857
chr14	106345250	106545250	harbor2	chr14	106426756	106427152	LTR/ERVL-MaLR	1856	-	198	106426954	81704
chr14	106345250	106545250	harbor2	chr14	106431754	106432115	LTR/ERVL-MaLR	1752	-	180	106431934	86684
chr14	106345250	106545250	harbor2	chr14	106348496	106348876	LTR/ERVL-MaLR	938	-	190	106348686	3436
chr14	106345250	106545250	harbor2	chr14	106430293	106430990	LTR/ERVL-MaLR	2879	-	348	106430641	85391
chr14	93519800	93719800	harbor2	chr14	93533297	93533818	LTR/ERVL-MaLR	1285	-	260	93533557	13757
chr14	93519800	93719800	harbor2	chr14	93533818	93534758	LTR/ERVL-MaLR	3700	-	470	93534288	14488
chr14	93519800	93719800	harbor2	chr14	93535440	93535927	LTR/ERVL-MaLR	1570	-	244	93535684	15884
chr14	93519800	93719800	harbor2	chr14	93548086	93548430	LTR/ERVL-MaLR	2045	-	172	93548258	28458
chr14	93519800	93719800	harbor2	chr14	93589986	93590256	LTR/ERVL-MaLR	634	-	135	93590121	70321
chr14	93519800	93719800	harbor2	chr14	93597616	93597906	LTR/ERVL-MaLR	1332	-	145	93597761	77961
chr14	93519800	93719800	harbor2	chr14	93535989	93537064	LTR/ERVL-MaLR	1859	-	538	93536527	16727
chr14	58040784	58240784	harbor2	chr14	58062934	58063432	LTR/ERVL-MaLR	1179	-	249	58063183	22399
chr14	58040784	58240784	harbor2	chr14	58079186	58079582	LTR/ERVL-MaLR	1874	-	198	58079384	38600
chr14	58040784	58240784	harbor2	chr14	58092458	58092812	LTR/ERVL-MaLR	1830	-	177	58092635	51851
chr14	58040784	58240784	harbor2	chr14	58093494	58093598	LTR/ERVL-MaLR	633	-	52	58093546	52762
chr14	58040784	58240784	harbor2	chr14	58109767	58110139	LTR/ERVL-MaLR	1897	-	186	58109953	69169
chr14	58040784	58240784	harbor2	chr14	58111449	58111679	LTR/ERVL-MaLR	1954	-	115	58111564	70780
chr14	58040784	58240784	harbor2	chr14	58111994	58112159	LTR/ERVL-MaLR	1954	-	82	58112076	71292
chr14	105851184	106051184	harbor2	chr14	105927689	105928113	LTR/ERVL-MaLR	794	-	212	105927901	76717
chr14	105851184	106051184	harbor2	chr14	105936260	105936615	LTR/ERVL-MaLR	2118	-	178	105936438	85254
chr14	86258141	86458141	harbor2	chr14	86272201	86272841	LTR/ERVL-MaLR	3680	-	320	86272521	14380
chr14	86258141	86458141	harbor2	chr14	86272855	86273232	LTR/ERVL-MaLR	1944	-	188	86273043	14902
chr14	86258141	86458141	harbor2	chr14	86277321	86277457	LTR/ERVL-MaLR	771	-	68	86277389	19248
chr14	86258141	86458141	harbor2	chr14	86277459	86277769	LTR/ERVL-MaLR	1079	-	155	86277614	19473
chr14	86258141	86458141	harbor2	chr14	86320377	86320734	LTR/ERVL-MaLR	2385	-	178	86320555	62414
chr14	86258141	86458141	harbor2	chr14	86334420	86334803	LTR/ERVL-MaLR	1483	-	192	86334612	76471
chr14	76368307	76568307	harbor2	chr14	76426048	76426468	LTR/ERVL-MaLR	1063	-	210	76426258	57951
chr14	90296087	90496087	harbor2	chr14	90320161	90320540	LTR/ERVL-MaLR	2420	-	190	90320351	24264
chr14	90296087	90496087	harbor2	chr14	90362592	90362933	LTR/ERVL-MaLR	1991	-	170	90362762	66675
chr14	90296087	90496087	harbor2	chr14	90371719	90372073	LTR/ERVL-MaLR	2727	-	177	90371896	75809
chr14	33233205	33433205	harbor2	chr14	33318926	33319387	LTR/ERVL-MaLR	851	-	230	33319156	85951
chr14	23704653	23904653	harbor2	chr14	23720805	23721220	LTR/ERVL-MaLR	2790	-	208	23721013	16360
chr14	23704653	23904653	harbor2	chr14	23725018	23725474	LTR/ERVL-MaLR	1634	-	228	23725246	20593
chr14	23704653	23904653	harbor2	chr14	23785658	23786017	LTR/ERVL-MaLR	2005	-	180	23785838	81185
chr14	23704653	23904653	harbor2	chr14	23790000	23790331	LTR/ERVL-MaLR	1399	-	166	23790166	85513
chr14	23704653	23904653	harbor2	chr14	23802549	23802939	LTR/ERVL-MaLR	1725	-	195	23802744	98091
chr15	26656230	26856230	harbor2	chr15	26702807	26703134	LTR/ERVL-MaLR	1265	-	164	26702971	46741
chr15	26656230	26856230	harbor2	chr15	26703135	26703455	LTR/ERVL-MaLR	1098	-	160	26703295	47065
chr15	26656230	26856230	harbor2	chr15	26703464	26705050	LTR/ERVL-MaLR	6169	-	793	26704257	48027
chr15	26656230	26856230	harbor2	chr15	26705071	26705397	LTR/ERVL-MaLR	1306	-	163	26705234	49004
chr15	26656230	26856230	harbor2	chr15	26744872	26745271	LTR/ERVL-MaLR	2005	-	200	26745072	88842
chr15	53028079	53228079	harbor2	chr15	53062456	53062602	LTR/ERVL-MaLR	477	-	73	53062529	34450
chr15	99311315	99511315	harbor2	chr15	99355340	99355497	LTR/ERVL-MaLR	778	-	78	99355418	44103
chr15	99311315	99511315	harbor2	chr15	99366090	99366442	LTR/ERVL-MaLR	1846	-	176	99366266	54951
chr15	99311315	99511315	harbor2	chr15	99366443	99366781	LTR/ERVL-MaLR	1373	-	169	99366612	55297
chr15	99311315	99511315	harbor2	chr15	99366782	99366858	LTR/ERVL-MaLR	1846	-	38	99366820	55505
chr15	99311315	99511315	harbor2	chr15	99367261	99367636	LTR/ERVL-MaLR	1719	-	188	99367449	56134
chr15	99311315	99511315	harbor2	chr15	99372755	99373129	LTR/ERVL-MaLR	2547	-	187	99372942	61627
chr15	99311315	99511315	harbor2	chr15	99401167	99401522	LTR/ERVL-MaLR	2214	-	178	99401345	90030
chr15	99311315	99511315	harbor2	chr15	99368102	99369365	LTR/ERVL-MaLR	4616	-	632	99368734	57419
chr15	80116329	80316329	harbor2	chr15	80164060	80164534	LTR/ERVL-MaLR	2622	-	237	80164297	47968
chr15	80116329	80316329	harbor2	chr15	80167153	80167507	LTR/ERVL-MaLR	873	-	177	80167330	51001
chr15	80116329	80316329	harbor2	chr15	80181937	80182337	LTR/ERVL-MaLR	1177	-	200	80182137	65808
chr15	80116329	80316329	harbor2	chr15	80185503	80185863	LTR/ERVL-MaLR	2179	-	180	80185683	69354
chr15	80116329	80316329	harbor2	chr15	80187721	80188174	LTR/ERVL-MaLR	851	-	226	80187947	71618
chr15	80116329	80316329	harbor2	chr15	80195442	80195793	LTR/ERVL-MaLR	1934	-	176	80195618	79289
chr15	80116329	80316329	harbor2	chr15	80210714	80211072	LTR/ERVL-MaLR	1422	-	179	80210893	94564
chr15	101834199	102034199	harbor2	chr15	101861596	101861871	LTR/ERVL-MaLR	1157	-	138	101861734	27535
chr15	101834199	102034199	harbor2	chr15	101864162	101864402	LTR/ERVL-MaLR	1157	-	120	101864282	30083
chr15	101496598	101696598	harbor2	chr15	101510486	101511008	LTR/ERVL-MaLR	1592	-	261	101510747	14149
chr15	101496598	101696598	harbor2	chr15	101553540	101553976	LTR/ERVL-MaLR	1115	-	218	101553758	57160
chr15	78083912	78283912	harbor2	chr15	78139608	78139964	LTR/ERVL-MaLR	1738	-	178	78139786	55874
chr15	37339815	37539815	harbor2	chr15	37366689	37367013	LTR/ERVL-MaLR	509	-	162	37366851	27036
chr15	37339815	37539815	harbor2	chr15	37367118	37367480	LTR/ERVL-MaLR	2638	-	181	37367299	27484
chr15	37339815	37539815	harbor2	chr15	37388545	37388929	LTR/ERVL-MaLR	1935	-	192	37388737	48922
chr15	37339815	37539815	harbor2	chr15	37388930	37390566	LTR/ERVL-MaLR	11052	-	818	37389748	49933
chr15	37339815	37539815	harbor2	chr15	37390567	37390933	LTR/ERVL-MaLR	1743	-	183	37390750	50935
chr15	37339815	37539815	harbor2	chr15	37399319	37399471	LTR/ERVL-MaLR	756	-	76	37399395	59580
chr15	37339815	37539815	harbor2	chr15	37405478	37405728	LTR/ERVL-MaLR	1508	-	125	37405603	65788
chr15	37339815	37539815	harbor2	chr15	37419181	37419554	LTR/ERVL-MaLR	1837	-	186	37419367	79552
chr15	91466573	91666573	harbor2	chr15	91481740	91482106	LTR/ERVL-MaLR	1395	-	183	91481923	15350
chr15	91466573	91666573	harbor2	chr15	91498723	91499127	LTR/ERVL-MaLR	577	-	202	91498925	32352
chr15	91466573	91666573	harbor2	chr15	91534238	91534387	LTR/ERVL-MaLR	462	-	74	91534312	67739
chr15	91466573	91666573	harbor2	chr15	91557783	91558152	LTR/ERVL-MaLR	1752	-	184	91557967	91394
chr15	24002679	24202679	harbor2	chr15	24007258	24007622	LTR/ERVL-MaLR	2042	-	182	24007440	4761
chr15	24002679	24202679	harbor2	chr15	24081412	24082631	LTR/ERVL-MaLR	2146	-	610	24082022	79343
chr15	24002679	24202679	harbor2	chr15	24082647	24083052	LTR/ERVL-MaLR	1483	-	202	24082849	80170
chr15	24002679	24202679	harbor2	chr15	24091318	24091685	LTR/ERVL-MaLR	1745	-	184	24091502	88823
chr15	24002679	24202679	harbor2	chr15	24091688	24092728	LTR/ERVL-MaLR	9471	-	520	24092208	89529
chr15	24002679	24202679	harbor2	chr15	24093029	24093089	LTR/ERVL-MaLR	9471	-	30	24093059	90380
chr15	24002679	24202679	harbor2	chr15	24093393	24093924	LTR/ERVL-MaLR	9471	-	266	24093659	90980
chr15	24002679	24202679	harbor2	chr15	24093925	24094307	LTR/ERVL-MaLR	2008	-	191	24094116	91437
chr15	49430110	49630110	harbor2	chr15	49438919	49439512	LTR/ERVL-MaLR	1605	-	296	49439215	9105
chr15	49430110	49630110	harbor2	chr15	49472244	49472607	LTR/ERVL-MaLR	694	-	182	49472426	42316
chr15	49430110	49630110	harbor2	chr15	49488721	49489209	LTR/ERVL-MaLR	1692	-	244	49488965	58855
chr15	49430110	49630110	harbor2	chr15	49518423	49518790	LTR/ERVL-MaLR	2205	-	184	49518607	88497
chr15	49430110	49630110	harbor2	chr15	49518791	49520463	LTR/ERVL-MaLR	10077	-	836	49519627	89517
chr15	49430110	49630110	harbor2	chr15	49520466	49520824	LTR/ERVL-MaLR	2254	-	179	49520645	90535
chr15	49430110	49630110	harbor2	chr15	49430497	49430890	LTR/ERVL-MaLR	1816	-	196	49430693	583
chr15	91724690	91924690	harbor2	chr15	91765562	91765913	LTR/ERVL-MaLR	617	-	176	91765738	41048
chr15	91724690	91924690	harbor2	chr15	91770492	91770889	LTR/ERVL-MaLR	1829	-	198	91770690	46000
chr15	91724690	91924690	harbor2	chr15	91780617	91781201	LTR/ERVL-MaLR	2259	-	292	91780909	56219
chr15	91724690	91924690	harbor2	chr15	91797449	91797811	LTR/ERVL-MaLR	1875	-	181	91797630	72940
chr15	91724690	91924690	harbor2	chr15	91814013	91814343	LTR/ERVL-MaLR	792	-	165	91814178	89488
chr15	47112285	47312285	harbor2	chr15	47150624	47151022	LTR/ERVL-MaLR	1962	-	199	47150823	38538
chr15	47112285	47312285	harbor2	chr15	47161047	47161228	LTR/ERVL-MaLR	1383	-	90	47161137	48852
chr15	47112285	47312285	harbor2	chr15	47161746	47161906	LTR/ERVL-MaLR	1062	-	80	47161826	49541
chr15	47112285	47312285	harbor2	chr15	47176645	47177054	LTR/ERVL-MaLR	1636	-	204	47176849	64564
chr15	47112285	47312285	harbor2	chr15	47177811	47178211	LTR/ERVL-MaLR	779	-	200	47178011	65726
chr15	47112285	47312285	harbor2	chr15	47181608	47182081	LTR/ERVL-MaLR	1944	-	236	47181844	69559
chr15	64870675	65070675	harbor2	chr15	64876108	64876481	LTR/ERVL-MaLR	851	-	186	64876294	5619
chr15	64870675	65070675	harbor2	chr15	64876697	64876730	LTR/ERVL-MaLR	851	-	16	64876713	6038
chr15	64870675	65070675	harbor2	chr15	64923959	64924383	LTR/ERVL-MaLR	459	-	212	64924171	53496
chr15	64870675	65070675	harbor2	chr15	64941291	64941488	LTR/ERVL-MaLR	977	-	98	64941389	70714
chr15	65809653	66009653	harbor2	chr15	65853216	65853611	LTR/ERVL-MaLR	2093	-	198	65853414	43761
chr15	65809653	66009653	harbor2	chr15	65867585	65867898	LTR/ERVL-MaLR	2200	-	156	65867741	58088
chr15	65809653	66009653	harbor2	chr15	65868198	65868395	LTR/ERVL-MaLR	2200	-	98	65868296	58643
chr15	83186874	83386874	harbor2	chr15	83198517	83198942	LTR/ERVL-MaLR	1918	-	212	83198729	11855
chr15	50873935	51073935	harbor2	chr15	50900636	50901100	LTR/ERVL-MaLR	1588	-	232	50900868	26933
chr15	50873935	51073935	harbor2	chr15	50951038	50951421	LTR/ERVL-MaLR	1673	-	192	50951230	77295
chr15	50873935	51073935	harbor2	chr15	50956439	50956790	LTR/ERVL-MaLR	1989	-	176	50956615	82680
chr15	86962707	87162707	harbor2	chr15	86968697	86969049	LTR/ERVL-MaLR	1568	-	176	86968873	6166
chr15	86962707	87162707	harbor2	chr15	86969051	86969285	LTR/ERVL-MaLR	1303	-	117	86969168	6461
chr15	86962707	87162707	harbor2	chr15	86975155	86975524	LTR/ERVL-MaLR	2500	-	184	86975339	12632
chr15	86962707	87162707	harbor2	chr15	86991951	86992362	LTR/ERVL-MaLR	2362	-	206	86992157	29450
chr15	86962707	87162707	harbor2	chr15	87059021	87059375	LTR/ERVL-MaLR	2248	-	177	87059198	96491
chr15	86962707	87162707	harbor2	chr15	87059378	87059656	LTR/ERVL-MaLR	1782	-	139	87059517	96810
chr15	98423008	98623008	harbor2	chr15	98424003	98424248	LTR/ERVL-MaLR	610	-	122	98424125	1117
chr15	98423008	98623008	harbor2	chr15	98429013	98429436	LTR/ERVL-MaLR	1976	-	212	98429225	6217
chr15	98423008	98623008	harbor2	chr15	98429807	98429862	LTR/ERVL-MaLR	1976	-	28	98429835	6827
chr15	98423008	98623008	harbor2	chr15	98446363	98446418	LTR/ERVL-MaLR	1710	-	28	98446391	23383
chr15	98423008	98623008	harbor2	chr15	98446924	98447242	LTR/ERVL-MaLR	1710	-	159	98447083	24075
chr15	98423008	98623008	harbor2	chr15	98474258	98474639	LTR/ERVL-MaLR	2462	-	190	98474448	51440
chr15	98423008	98623008	harbor2	chr15	98476968	98477391	LTR/ERVL-MaLR	2612	-	212	98477180	54172
chr15	98423008	98623008	harbor2	chr15	98515652	98515859	LTR/ERVL-MaLR	1184	-	104	98515756	92748
chr15	73165131	73365131	harbor2	chr15	73181406	73181808	LTR/ERVL-MaLR	2463	-	201	73181607	16476
chr15	73165131	73365131	harbor2	chr15	73181921	73182291	LTR/ERVL-MaLR	2092	-	185	73182106	16975
chr15	73165131	73365131	harbor2	chr15	73182483	73182842	LTR/ERVL-MaLR	2113	-	180	73182663	17532
chr15	73165131	73365131	harbor2	chr15	73194318	73194717	LTR/ERVL-MaLR	2080	-	200	73194518	29387
chr15	73165131	73365131	harbor2	chr15	73199638	73200043	LTR/ERVL-MaLR	2013	-	202	73199840	34709
chr15	46402636	46602636	harbor2	chr15	46434282	46434678	LTR/ERVL-MaLR	1832	-	198	46434480	31844
chr15	46402636	46602636	harbor2	chr15	46451427	46451555	LTR/ERVL-MaLR	491	-	64	46451491	48855
chr15	72399976	72599976	harbor2	chr15	72453427	72453644	LTR/ERVL-MaLR	475	-	108	72453535	53559
chr15	72399976	72599976	harbor2	chr15	72460470	72460693	LTR/ERVL-MaLR	945	-	112	72460582	60606
chr15	72399976	72599976	harbor2	chr15	72483162	72483539	LTR/ERVL-MaLR	2476	-	188	72483350	83374
chr15	72399976	72599976	harbor2	chr15	72482660	72482839	LTR/ERVL-MaLR	2476	-	90	72482750	82774
chr15	82760015	82960015	harbor2	chr15	82815879	82816221	LTR/ERVL-MaLR	1806	-	171	82816050	56035
chr15	82760015	82960015	harbor2	chr15	82818696	82819092	LTR/ERVL-MaLR	1605	-	198	82818894	58879
chr15	82760015	82960015	harbor2	chr15	82836899	82837363	LTR/ERVL-MaLR	2372	-	232	82837131	77116
chr15	82760015	82960015	harbor2	chr15	82843868	82844250	LTR/ERVL-MaLR	726	-	191	82844059	84044
chr15	72771118	72971118	harbor2	chr15	72780115	72780490	LTR/ERVL-MaLR	2113	-	188	72780303	9185
chr15	72771118	72971118	harbor2	chr15	72792292	72792437	LTR/ERVL-MaLR	926	-	72	72792364	21246
chr15	72771118	72971118	harbor2	chr15	72810634	72811014	LTR/ERVL-MaLR	1597	-	190	72810824	39706
chr15	72771118	72971118	harbor2	chr15	72813139	72813727	LTR/ERVL-MaLR	2035	-	294	72813433	42315
chr15	72771118	72971118	harbor2	chr15	72822385	72822614	LTR/ERVL-MaLR	1981	-	114	72822499	51381
chr15	72771118	72971118	harbor2	chr15	72822906	72823062	LTR/ERVL-MaLR	1981	-	78	72822984	51866
chr15	72771118	72971118	harbor2	chr15	72829816	72830735	LTR/ERVL-MaLR	4081	-	460	72830276	59158
chr15	72771118	72971118	harbor2	chr15	72830736	72831174	LTR/ERVL-MaLR	2115	-	219	72830955	59837
chr15	72771118	72971118	harbor2	chr15	72835832	72836196	LTR/ERVL-MaLR	2149	-	182	72836014	64896
chr15	72771118	72971118	harbor2	chr15	72840014	72840205	LTR/ERVL-MaLR	890	-	96	72840110	68992
chr15	72771118	72971118	harbor2	chr15	72840204	72840391	LTR/ERVL-MaLR	1118	-	94	72840298	69180
chr15	72771118	72971118	harbor2	chr15	72862484	72862648	LTR/ERVL-MaLR	653	-	82	72862566	91448
chr15	72771118	72971118	harbor2	chr15	72862649	72863004	LTR/ERVL-MaLR	2387	-	178	72862827	91709
chr15	72771118	72971118	harbor2	chr15	72863005	72863060	LTR/ERVL-MaLR	653	-	28	72863033	91915
chr15	72771118	72971118	harbor2	chr15	72867912	72868542	LTR/ERVL-MaLR	1626	-	315	72868227	97109
chr15	72771118	72971118	harbor2	chr15	72870384	72870780	LTR/ERVL-MaLR	2455	-	198	72870582	99464
chr15	74879453	75079453	harbor2	chr15	74886745	74886816	LTR/ERVL-MaLR	2119	-	36	74886781	7328
chr15	74879453	75079453	harbor2	chr15	74887423	74887716	LTR/ERVL-MaLR	2119	-	146	74887569	8116
chr15	74879453	75079453	harbor2	chr15	74942036	74942364	LTR/ERVL-MaLR	1439	-	164	74942200	62747
chr15	74879453	75079453	harbor2	chr15	74942609	74942806	LTR/ERVL-MaLR	1439	-	98	74942707	63254
chr15	74879453	75079453	harbor2	chr15	74945161	74945359	LTR/ERVL-MaLR	1255	-	99	74945260	65807
chr15	74879453	75079453	harbor2	chr15	74945617	74945732	LTR/ERVL-MaLR	1255	-	58	74945675	66222
chr15	74879453	75079453	harbor2	chr15	74948328	74948390	LTR/ERVL-MaLR	1312	-	31	74948359	68906
chr15	74879453	75079453	harbor2	chr15	74948707	74949034	LTR/ERVL-MaLR	1312	-	164	74948871	69418
chr15	74879453	75079453	harbor2	chr15	74949640	74949716	LTR/ERVL-MaLR	1312	-	38	74949678	70225
chr15	74879453	75079453	harbor2	chr15	74961536	74961985	LTR/ERVL-MaLR	837	-	224	74961760	82307
chr15	74879453	75079453	harbor2	chr15	74967493	74967960	LTR/ERVL-MaLR	809	-	234	74967727	88274
chr15	74879453	75079453	harbor2	chr15	74971792	74971847	LTR/ERVL-MaLR	797	-	28	74971820	92367
chr15	74879453	75079453	harbor2	chr15	74972167	74972295	LTR/ERVL-MaLR	797	-	64	74972231	92778
chr15	75694448	75894448	harbor2	chr15	75745480	75745844	LTR/ERVL-MaLR	2079	-	182	75745662	51214
chr15	75694448	75894448	harbor2	chr15	75754853	75755210	LTR/ERVL-MaLR	2254	-	178	75755031	60583
chr15	90341848	90541848	harbor2	chr15	90343343	90343939	LTR/ERVL-MaLR	631	-	298	90343641	1793
chr15	90341848	90541848	harbor2	chr15	90378093	90378593	LTR/ERVL-MaLR	2088	-	250	90378343	36495
chr15	90341848	90541848	harbor2	chr15	90378638	90379034	LTR/ERVL-MaLR	8467	-	198	90378836	36988
chr15	90341848	90541848	harbor2	chr15	90379035	90379388	LTR/ERVL-MaLR	2134	-	176	90379211	37363
chr15	90341848	90541848	harbor2	chr15	90379389	90380088	LTR/ERVL-MaLR	8467	-	350	90379739	37891
chr15	90341848	90541848	harbor2	chr15	90380388	90380754	LTR/ERVL-MaLR	8467	-	183	90380571	38723
chr15	90341848	90541848	harbor2	chr15	90380755	90380809	LTR/ERVL-MaLR	2615	-	27	90380782	38934
chr15	90341848	90541848	harbor2	chr15	90381107	90381477	LTR/ERVL-MaLR	2615	-	185	90381292	39444
chr15	90341848	90541848	harbor2	chr15	90436970	90437353	LTR/ERVL-MaLR	2307	-	192	90437162	95314
chr15	79788996	79988996	harbor2	chr15	79807155	79807450	LTR/ERVL-MaLR	2372	-	148	79807303	18307
chr15	79788996	79988996	harbor2	chr15	79807758	79807944	LTR/ERVL-MaLR	2372	-	93	79807851	18855
chr15	32606916	32806916	harbor2	chr15	32626591	32627012	LTR/ERVL-MaLR	1797	-	210	32626801	19885
chr15	32606916	32806916	harbor2	chr15	32646179	32646481	LTR/ERVL-MaLR	939	-	151	32646330	39414
chr15	32606916	32806916	harbor2	chr15	32654149	32654437	LTR/ERVL-MaLR	1228	-	144	32654293	47377
chr15	32606916	32806916	harbor2	chr15	32683925	32684364	LTR/ERVL-MaLR	1093	-	220	32684145	77229
chr15	80548489	80748489	harbor2	chr15	80608745	80608931	LTR/ERVL-MaLR	655	-	93	80608838	60349
chr15	80548489	80748489	harbor2	chr15	80608951	80609053	LTR/ERVL-MaLR	406	-	51	80609002	60513
chr15	80548489	80748489	harbor2	chr15	80616141	80616528	LTR/ERVL-MaLR	1160	-	194	80616335	67846
chr15	80548489	80748489	harbor2	chr15	80617002	80617479	LTR/ERVL-MaLR	2390	-	238	80617240	68751
chr15	80548489	80748489	harbor2	chr15	80628871	80629253	LTR/ERVL-MaLR	2374	-	191	80629062	80573
chr15	83873308	84073308	harbor2	chr15	83896746	83897125	LTR/ERVL-MaLR	2283	-	190	83896936	23628
chr15	83873308	84073308	harbor2	chr15	83908728	83909328	LTR/ERVL-MaLR	2192	-	300	83909028	35720
chr15	83873308	84073308	harbor2	chr15	83929203	83929618	LTR/ERVL-MaLR	1841	-	208	83929411	56103
chr15	83873308	84073308	harbor2	chr15	83940293	83940651	LTR/ERVL-MaLR	1674	-	179	83940472	67164
chr15	91016288	91216288	harbor2	chr15	91027614	91028093	LTR/ERVL-MaLR	1295	-	240	91027854	11566
chr15	91016288	91216288	harbor2	chr15	91028384	91028483	LTR/ERVL-MaLR	1043	-	50	91028434	12146
chr15	91016288	91216288	harbor2	chr15	91044400	91044790	LTR/ERVL-MaLR	710	-	195	91044595	28307
chr15	91016288	91216288	harbor2	chr15	91104117	91104607	LTR/ERVL-MaLR	2102	-	245	91104362	88074
chr15	91016288	91216288	harbor2	chr15	91111668	91112078	LTR/ERVL-MaLR	2814	-	205	91111873	95585
chr15	91016288	91216288	harbor2	chr15	91114979	91115144	LTR/ERVL-MaLR	486	-	82	91115061	98773
chr15	89623825	89823825	harbor2	chr15	89656199	89656378	LTR/ERVL-MaLR	437	-	90	89656289	32464
chr15	89623825	89823825	harbor2	chr15	89713826	89713954	LTR/ERVL-MaLR	640	-	64	89713890	90065
chr15	31549396	31749396	harbor2	chr15	31575506	31575860	LTR/ERVL-MaLR	744	-	177	31575683	26287
chr15	31549396	31749396	harbor2	chr15	31580508	31580859	LTR/ERVL-MaLR	2311	-	176	31580684	31288
chr15	31549396	31749396	harbor2	chr15	31580862	31582430	LTR/ERVL-MaLR	10728	-	784	31581646	32250
chr15	31549396	31749396	harbor2	chr15	31582431	31582781	LTR/ERVL-MaLR	2384	-	175	31582606	33210
chr15	31549396	31749396	harbor2	chr15	31588945	31589108	LTR/ERVL-MaLR	407	-	82	31589027	39631
chr15	31549396	31749396	harbor2	chr15	31595594	31596195	LTR/ERVL-MaLR	1883	-	300	31595894	46498
chr15	101215872	101415872	harbor2	chr15	101265290	101265571	LTR/ERVL-MaLR	1330	-	140	101265430	49558
chr15	101215872	101415872	harbor2	chr15	101265856	101265878	LTR/ERVL-MaLR	1330	-	11	101265867	49995
chr15	101215872	101415872	harbor2	chr15	101266266	101266417	LTR/ERVL-MaLR	1330	-	76	101266342	50470
chr15	101215872	101415872	harbor2	chr15	101309070	101309275	LTR/ERVL-MaLR	706	-	102	101309172	93300
chr15	74000853	74200853	harbor2	chr15	74006635	74007040	LTR/ERVL-MaLR	2068	-	202	74006837	5984
chr15	74000853	74200853	harbor2	chr15	74010969	74011302	LTR/ERVL-MaLR	446	-	166	74011135	10282
chr15	74000853	74200853	harbor2	chr15	74020591	74021084	LTR/ERVL-MaLR	2411	-	246	74020837	19984
chr15	99993813	100193813	harbor2	chr15	100005242	100005626	LTR/ERVL-MaLR	1451	-	192	100005434	11621
chr15	99993813	100193813	harbor2	chr15	100005725	100005949	LTR/ERVL-MaLR	2313	-	112	100005837	12024
chr15	99993813	100193813	harbor2	chr15	100005980	100006205	LTR/ERVL-MaLR	2313	-	112	100006092	12279
chr15	99993813	100193813	harbor2	chr15	100006210	100006321	LTR/ERVL-MaLR	420	-	56	100006266	12453
chr15	53241676	53441676	harbor2	chr15	53267797	53268242	LTR/ERVL-MaLR	2582	-	222	53268019	26343
chr15	53241676	53441676	harbor2	chr15	53294799	53295232	LTR/ERVL-MaLR	569	-	216	53295015	53339
chr15	53241676	53441676	harbor2	chr15	53301636	53302139	LTR/ERVL-MaLR	1662	-	252	53301888	60212
chr15	53241676	53441676	harbor2	chr15	53309369	53309790	LTR/ERVL-MaLR	2749	-	210	53309579	67903
chr15	53241676	53441676	harbor2	chr15	53336281	53337420	LTR/ERVL-MaLR	2395	-	570	53336851	95175
chr15	53241676	53441676	harbor2	chr15	53337421	53337798	LTR/ERVL-MaLR	1323	-	188	53337609	95933
chr15	64792502	64992502	harbor2	chr15	64876108	64876481	LTR/ERVL-MaLR	851	-	186	64876294	83792
chr15	64792502	64992502	harbor2	chr15	64876697	64876730	LTR/ERVL-MaLR	851	-	16	64876713	84211
chr15	49478674	49678674	harbor2	chr15	49488721	49489209	LTR/ERVL-MaLR	1692	-	244	49488965	10291
chr15	49478674	49678674	harbor2	chr15	49518423	49518790	LTR/ERVL-MaLR	2205	-	184	49518607	39933
chr15	49478674	49678674	harbor2	chr15	49518791	49520463	LTR/ERVL-MaLR	10077	-	836	49519627	40953
chr15	49478674	49678674	harbor2	chr15	49520466	49520824	LTR/ERVL-MaLR	2254	-	179	49520645	41971
chr15	49478674	49678674	harbor2	chr15	49534116	49534338	LTR/ERVL-MaLR	411	-	111	49534227	55553
chr15	49478674	49678674	harbor2	chr15	49540566	49540746	LTR/ERVL-MaLR	907	-	90	49540656	61982
chr15	101001079	101201079	harbor2	chr15	101003419	101003797	LTR/ERVL-MaLR	2281	-	189	101003608	2529
chr15	101001079	101201079	harbor2	chr15	101014513	101014871	LTR/ERVL-MaLR	1813	-	179	101014692	13613
chr15	101001079	101201079	harbor2	chr15	101015795	101015953	LTR/ERVL-MaLR	543	-	79	101015874	14795
chr15	101001079	101201079	harbor2	chr15	101016487	101016653	LTR/ERVL-MaLR	766	-	83	101016570	15491
chr15	101001079	101201079	harbor2	chr15	101025431	101025834	LTR/ERVL-MaLR	2161	-	202	101025633	24554
chr15	101001079	101201079	harbor2	chr15	101032932	101033134	LTR/ERVL-MaLR	899	-	101	101033033	31954
chr15	101001079	101201079	harbor2	chr15	101038844	101039054	LTR/ERVL-MaLR	778	-	105	101038949	37870
chr15	100818455	101018455	harbor2	chr15	100866304	100866674	LTR/ERVL-MaLR	581	-	185	100866489	48034
chr15	100818455	101018455	harbor2	chr15	100875004	100875280	LTR/ERVL-MaLR	692	-	138	100875142	56687
chr15	100818455	101018455	harbor2	chr15	100913221	100913711	LTR/ERVL-MaLR	1863	-	245	100913466	95011
chr15	85094668	85294668	harbor2	chr15	85129947	85130339	LTR/ERVL-MaLR	2142	-	196	85130143	35475
chr15	85094668	85294668	harbor2	chr15	85141438	85141789	LTR/ERVL-MaLR	691	-	176	85141614	46946
chr15	85094668	85294668	harbor2	chr15	85185847	85186380	LTR/ERVL-MaLR	2302	-	266	85186113	91445
chr15	100617304	100817304	harbor2	chr15	100642251	100642607	LTR/ERVL-MaLR	652	-	178	100642429	25125
chr15	100617304	100817304	harbor2	chr15	100642622	100642754	LTR/ERVL-MaLR	1392	-	66	100642688	25384
chr15	100617304	100817304	harbor2	chr15	100643066	100643418	LTR/ERVL-MaLR	1392	-	176	100643242	25938
chr15	100617304	100817304	harbor2	chr15	100669854	100670144	LTR/ERVL-MaLR	1952	-	145	100669999	52695
chr15	100617304	100817304	harbor2	chr15	100670482	100670654	LTR/ERVL-MaLR	1952	-	86	100670568	53264
chr15	100617304	100817304	harbor2	chr15	100702925	100703174	LTR/ERVL-MaLR	423	-	124	100703049	85745
chr15	56904795	57104795	harbor2	chr15	56935233	56935413	LTR/ERVL-MaLR	934	-	90	56935323	30528
chr15	56904795	57104795	harbor2	chr15	56938708	56938844	LTR/ERVL-MaLR	592	-	68	56938776	33981
chr15	56904795	57104795	harbor2	chr15	56977081	56977225	LTR/ERVL-MaLR	555	-	72	56977153	72358
chr15	56904795	57104795	harbor2	chr15	56981176	56981584	LTR/ERVL-MaLR	1774	-	204	56981380	76585
chr15	70152281	70352281	harbor2	chr15	70164431	70164804	LTR/ERVL-MaLR	661	-	186	70164617	12336
chr15	70152281	70352281	harbor2	chr15	70191761	70192253	LTR/ERVL-MaLR	1875	-	246	70192007	39726
chr15	70152281	70352281	harbor2	chr15	70236754	70237182	LTR/ERVL-MaLR	1007	-	214	70236968	84687
chr15	70152281	70352281	harbor2	chr15	70238926	70239375	LTR/ERVL-MaLR	1008	-	224	70239150	86869
chr15	46579099	46779099	harbor2	chr15	46589009	46589421	LTR/ERVL-MaLR	2096	-	206	46589215	10116
chr15	46579099	46779099	harbor2	chr15	46654309	46654801	LTR/ERVL-MaLR	1379	-	246	46654555	75456
chr15	46579099	46779099	harbor2	chr15	46671670	46671829	LTR/ERVL-MaLR	705	-	80	46671750	92651
chr15	94336859	94536859	harbor2	chr15	94374964	94375369	LTR/ERVL-MaLR	2100	-	202	94375166	38307
chr15	94336859	94536859	harbor2	chr15	94383446	94383799	LTR/ERVL-MaLR	2158	-	176	94383622	46763
chr15	94336859	94536859	harbor2	chr15	94421363	94421892	LTR/ERVL-MaLR	1729	-	264	94421627	84768
chr15	94336859	94536859	harbor2	chr15	94427298	94427683	LTR/ERVL-MaLR	1868	-	192	94427490	90631
chr15	95125754	95325754	harbor2	chr15	95139459	95139805	LTR/ERVL-MaLR	1843	-	173	95139632	13878
chr15	95125754	95325754	harbor2	chr15	95142905	95143285	LTR/ERVL-MaLR	1168	-	190	95143095	17341
chr15	95125754	95325754	harbor2	chr15	95165976	95166194	LTR/ERVL-MaLR	1025	-	109	95166085	40331
chr15	95125754	95325754	harbor2	chr15	95166296	95166398	LTR/ERVL-MaLR	446	-	51	95166347	40593
chr15	95125754	95325754	harbor2	chr15	95183099	95183193	LTR/ERVL-MaLR	630	-	47	95183146	57392
chr15	95125754	95325754	harbor2	chr15	95209046	95209398	LTR/ERVL-MaLR	1516	-	176	95209222	83468
chr15	95125754	95325754	harbor2	chr15	95212609	95212864	LTR/ERVL-MaLR	881	-	128	95212737	86983
chr15	95125754	95325754	harbor2	chr15	95212911	95213105	LTR/ERVL-MaLR	817	-	97	95213008	87254
chr15	53117023	53317023	harbor2	chr15	53192515	53192728	LTR/ERVL-MaLR	1258	-	106	53192621	75598
chr15	53117023	53317023	harbor2	chr15	53193026	53193173	LTR/ERVL-MaLR	1258	-	74	53193100	76077
chr15	53117023	53317023	harbor2	chr15	53206173	53206597	LTR/ERVL-MaLR	1724	-	212	53206385	89362
chr15	96913477	97113477	harbor2	chr15	97011175	97011513	LTR/ERVL-MaLR	1850	-	169	97011344	97867
chr15	33092032	33292032	harbor2	chr15	33123773	33124278	LTR/ERVL-MaLR	639	-	252	33124025	31993
chr15	38845904	39045904	harbor2	chr15	38870348	38870477	LTR/ERVL-MaLR	524	-	64	38870412	24508
chr15	38845904	39045904	harbor2	chr15	38871812	38871954	LTR/ERVL-MaLR	539	-	71	38871883	25979
chr15	38845904	39045904	harbor2	chr15	38883505	38883772	LTR/ERVL-MaLR	851	-	134	38883639	37735
chr15	38845904	39045904	harbor2	chr15	38886757	38887137	LTR/ERVL-MaLR	914	-	190	38886947	41043
chr15	38845904	39045904	harbor2	chr15	38898595	38898935	LTR/ERVL-MaLR	1922	-	170	38898765	52861
chr15	38845904	39045904	harbor2	chr15	38905237	38905635	LTR/ERVL-MaLR	2046	-	199	38905436	59532
chr15	35814653	36014653	harbor2	chr15	35829735	35830165	LTR/ERVL-MaLR	2214	-	215	35829950	15297
chr15	75063395	75263395	harbor2	chr15	75089878	75090332	LTR/ERVL-MaLR	1762	-	227	75090105	26710
chr15	75063395	75263395	harbor2	chr15	75160568	75160930	LTR/ERVL-MaLR	1903	-	181	75160749	97354
chr15	100141767	100341767	harbor2	chr15	100147791	100148212	LTR/ERVL-MaLR	2109	-	210	100148001	6234
chr15	100141767	100341767	harbor2	chr15	100156897	100157262	LTR/ERVL-MaLR	2205	-	182	100157079	15312
chr15	100141767	100341767	harbor2	chr15	100182076	100182428	LTR/ERVL-MaLR	1996	-	176	100182252	40485
chr15	61523963	61723963	harbor2	chr15	61529589	61529967	LTR/ERVL-MaLR	2098	-	189	61529778	5815
chr15	61523963	61723963	harbor2	chr15	61541258	61541607	LTR/ERVL-MaLR	1094	-	174	61541432	17469
chr15	61523963	61723963	harbor2	chr15	61565890	61566297	LTR/ERVL-MaLR	2462	-	204	61566094	42131
chr15	61523963	61723963	harbor2	chr15	61567474	61567876	LTR/ERVL-MaLR	2304	-	201	61567675	43712
chr15	61523963	61723963	harbor2	chr15	61588697	61588763	LTR/ERVL-MaLR	1484	-	33	61588730	64767
chr15	61523963	61723963	harbor2	chr15	61588952	61589284	LTR/ERVL-MaLR	1484	-	166	61589118	65155
chr15	61523963	61723963	harbor2	chr15	61595053	61595563	LTR/ERVL-MaLR	1801	-	255	61595308	71345
chr15	61523963	61723963	harbor2	chr15	61615626	61615991	LTR/ERVL-MaLR	1621	-	182	61615808	91845
chr15	46828330	47028330	harbor2	chr15	46840904	46841081	LTR/ERVL-MaLR	817	-	88	46840992	12662
chr15	46828330	47028330	harbor2	chr15	46843826	46844176	LTR/ERVL-MaLR	1941	-	175	46844001	15671
chr15	46828330	47028330	harbor2	chr15	46844181	46845767	LTR/ERVL-MaLR	10559	-	793	46844974	16644
chr15	46828330	47028330	harbor2	chr15	46845773	46846132	LTR/ERVL-MaLR	1704	-	180	46845953	17623
chr15	46828330	47028330	harbor2	chr15	46868503	46868733	LTR/ERVL-MaLR	428	-	115	46868618	40288
chr15	46828330	47028330	harbor2	chr15	46869228	46869331	LTR/ERVL-MaLR	580	-	52	46869280	40950
chr15	46828330	47028330	harbor2	chr15	46871401	46871777	LTR/ERVL-MaLR	2152	-	188	46871589	43259
chr15	46828330	47028330	harbor2	chr15	46879519	46879673	LTR/ERVL-MaLR	443	-	77	46879596	51266
chr15	46828330	47028330	harbor2	chr15	46904034	46904468	LTR/ERVL-MaLR	1385	-	217	46904251	75921
chr15	46828330	47028330	harbor2	chr15	46841823	46842192	LTR/ERVL-MaLR	917	-	184	46842007	13677
chr15	42590564	42790564	harbor2	chr15	42590574	42590982	LTR/ERVL-MaLR	2096	-	204	42590778	214
chr15	70354617	70554617	harbor2	chr15	70364046	70364401	LTR/ERVL-MaLR	2110	-	178	70364224	9607
chr15	70354617	70554617	harbor2	chr15	70405691	70406291	LTR/ERVL-MaLR	2361	-	300	70405991	51374
chr15	70354617	70554617	harbor2	chr15	70416269	70416489	LTR/ERVL-MaLR	663	-	110	70416379	61762
chr15	70354617	70554617	harbor2	chr15	70421761	70422186	LTR/ERVL-MaLR	865	-	212	70421973	67356
chr15	70354617	70554617	harbor2	chr15	70424889	70425304	LTR/ERVL-MaLR	2493	-	208	70425097	70480
chr15	44130173	44330173	harbor2	chr15	44213902	44214319	LTR/ERVL-MaLR	872	-	208	44214110	83937
chr15	44130173	44330173	harbor2	chr15	44216953	44217276	LTR/ERVL-MaLR	1139	-	162	44217115	86942
chr15	71015917	71215917	harbor2	chr15	71021512	71022006	LTR/ERVL-MaLR	1789	-	247	71021759	5842
chr15	71015917	71215917	harbor2	chr15	71069433	71069786	LTR/ERVL-MaLR	1664	-	176	71069609	53692
chr15	71015917	71215917	harbor2	chr15	71090568	71090986	LTR/ERVL-MaLR	2496	-	209	71090777	74860
chr15	71015917	71215917	harbor2	chr15	71106660	71107007	LTR/ERVL-MaLR	476	-	174	71106834	90917
chr15	91506756	91706756	harbor2	chr15	91534238	91534387	LTR/ERVL-MaLR	462	-	74	91534312	27556
chr15	91506756	91706756	harbor2	chr15	91557783	91558152	LTR/ERVL-MaLR	1752	-	184	91557967	51211
chr15	91506756	91706756	harbor2	chr15	91566694	91567101	LTR/ERVL-MaLR	666	-	204	91566898	60142
chr15	91506756	91706756	harbor2	chr15	91584570	91584901	LTR/ERVL-MaLR	910	-	166	91584736	77980
chr15	91506756	91706756	harbor2	chr15	91586534	91586797	LTR/ERVL-MaLR	745	-	132	91586666	79910
chr15	46959514	47159514	harbor2	chr15	47051919	47052262	LTR/ERVL-MaLR	2072	-	172	47052091	92577
chr15	89008472	89208472	harbor2	chr15	89010732	89011094	LTR/ERVL-MaLR	1264	-	181	89010913	2441
chr15	89008472	89208472	harbor2	chr15	89011402	89011594	LTR/ERVL-MaLR	1264	-	96	89011498	3026
chr15	89008472	89208472	harbor2	chr15	89026094	89026642	LTR/ERVL-MaLR	1434	-	274	89026368	17896
chr15	89008472	89208472	harbor2	chr15	89066143	89066578	LTR/ERVL-MaLR	2262	-	218	89066361	57889
chr15	89008472	89208472	harbor2	chr15	89068251	89068729	LTR/ERVL-MaLR	2214	-	239	89068490	60018
chr15	89008472	89208472	harbor2	chr15	89070003	89070342	LTR/ERVL-MaLR	1194	-	170	89070173	61701
chr15	89008472	89208472	harbor2	chr15	89070756	89070948	LTR/ERVL-MaLR	590	-	96	89070852	62380
chr15	89008472	89208472	harbor2	chr15	89108182	89108559	LTR/ERVL-MaLR	1255	-	188	89108370	99898
chr15	78152046	78352046	harbor2	chr15	78225725	78226135	LTR/ERVL-MaLR	1377	-	205	78225930	73884
chr15	78152046	78352046	harbor2	chr15	78226240	78226390	LTR/ERVL-MaLR	656	-	75	78226315	74269
chr15	78152046	78352046	harbor2	chr15	78235292	78235560	LTR/ERVL-MaLR	1117	-	134	78235426	83380
chr15	78152046	78352046	harbor2	chr15	78235565	78235629	LTR/ERVL-MaLR	948	-	32	78235597	83551
chr15	78152046	78352046	harbor2	chr15	78235996	78236295	LTR/ERVL-MaLR	948	-	150	78236146	84100
chr15	78152046	78352046	harbor2	chr15	78236296	78236470	LTR/ERVL-MaLR	647	-	87	78236383	84337
chr15	78152046	78352046	harbor2	chr15	78250887	78251276	LTR/ERVL-MaLR	811	-	194	78251081	99035
chr15	67739019	67939019	harbor2	chr15	67796270	67796651	LTR/ERVL-MaLR	2072	-	190	67796460	57441
chr15	67739019	67939019	harbor2	chr15	67796741	67797116	LTR/ERVL-MaLR	708	-	188	67796929	57910
chr15	58894219	59094219	harbor2	chr15	58956795	58956865	LTR/ERVL-MaLR	1893	-	35	58956830	62611
chr15	58894219	59094219	harbor2	chr15	58957173	58957436	LTR/ERVL-MaLR	1893	-	132	58957305	63086
chr15	58894219	59094219	harbor2	chr15	58957665	58957861	LTR/ERVL-MaLR	1893	-	98	58957763	63544
chr15	28783766	28983766	harbor2	chr15	28867075	28867521	LTR/ERVL-MaLR	1560	-	223	28867298	83532
chr15	28783766	28983766	harbor2	chr15	28867854	28867985	LTR/ERVL-MaLR	1560	-	66	28867920	84154
chr15	28783766	28983766	harbor2	chr15	28873958	28874354	LTR/ERVL-MaLR	1540	-	198	28874156	90390
chr15	28783766	28983766	harbor2	chr15	28879206	28879528	LTR/ERVL-MaLR	657	-	161	28879367	95601
chr15	93250665	93450665	harbor2	chr15	93259026	93259235	LTR/ERVL-MaLR	457	-	104	93259130	8465
chr15	93250665	93450665	harbor2	chr15	93263290	93263686	LTR/ERVL-MaLR	1887	-	198	93263488	12823
chr15	93250665	93450665	harbor2	chr15	93267498	93267853	LTR/ERVL-MaLR	1911	-	178	93267676	17011
chr15	93250665	93450665	harbor2	chr15	93269058	93269469	LTR/ERVL-MaLR	2172	-	206	93269264	18599
chr15	93250665	93450665	harbor2	chr15	93291533	93291921	LTR/ERVL-MaLR	2081	-	194	93291727	41062
chr15	93250665	93450665	harbor2	chr15	93314882	93315172	LTR/ERVL-MaLR	2411	-	145	93315027	64362
chr15	93250665	93450665	harbor2	chr15	93315487	93315670	LTR/ERVL-MaLR	2411	-	92	93315579	64914
chr15	93250665	93450665	harbor2	chr15	93329736	93329923	LTR/ERVL-MaLR	2150	-	94	93329830	79165
chr15	93250665	93450665	harbor2	chr15	93329962	93330034	LTR/ERVL-MaLR	2150	-	36	93329998	79333
chr15	93250665	93450665	harbor2	chr15	93331073	93331186	LTR/ERVL-MaLR	2150	-	56	93331129	80464
chr15	101752643	101952643	harbor2	chr15	101799241	101799329	LTR/ERVL-MaLR	454	-	44	101799285	46642
chr15	101752643	101952643	harbor2	chr15	101829965	101830096	LTR/ERVL-MaLR	421	-	66	101830031	77388
chr15	71615979	71815979	harbor2	chr15	71638775	71639204	LTR/ERVL-MaLR	839	-	214	71638989	23010
chr15	71615979	71815979	harbor2	chr15	71645181	71645526	LTR/ERVL-MaLR	2059	-	172	71645353	29374
chr15	71615979	71815979	harbor2	chr15	71690579	71690928	LTR/ERVL-MaLR	2392	-	174	71690753	74774
chr15	71615979	71815979	harbor2	chr15	71696109	71696540	LTR/ERVL-MaLR	2340	-	216	71696325	80346
chr15	44480594	44680594	harbor2	chr15	44548545	44548894	LTR/ERVL-MaLR	1446	-	174	44548719	68125
chr15	60089029	60289029	harbor2	chr15	60096679	60097732	LTR/ERVL-MaLR	3557	-	526	60097205	8176
chr15	60089029	60289029	harbor2	chr15	60098010	60098299	LTR/ERVL-MaLR	3557	-	144	60098154	9125
chr15	60089029	60289029	harbor2	chr15	60106595	60106945	LTR/ERVL-MaLR	2062	-	175	60106770	17741
chr15	60089029	60289029	harbor2	chr15	60169257	60169597	LTR/ERVL-MaLR	1617	-	170	60169427	80398
chr15	60089029	60289029	harbor2	chr15	60176688	60177158	LTR/ERVL-MaLR	1624	-	235	60176923	87894
chr15	60089029	60289029	harbor2	chr15	60096173	60096672	LTR/ERVL-MaLR	1642	-	250	60096423	7394
chr15	99543281	99743281	harbor2	chr15	99592483	99592900	LTR/ERVL-MaLR	2179	-	208	99592691	49410
chr15	99543281	99743281	harbor2	chr15	99605253	99605449	LTR/ERVL-MaLR	550	-	98	99605351	62070
chr15	99543281	99743281	harbor2	chr15	99617561	99617727	LTR/ERVL-MaLR	461	-	83	99617644	74363
chr15	91847856	92047856	harbor2	chr15	91865431	91865864	LTR/ERVL-MaLR	1570	-	216	91865647	17791
chr15	91847856	92047856	harbor2	chr15	91893308	91893671	LTR/ERVL-MaLR	2245	-	182	91893490	45634
chr15	91847856	92047856	harbor2	chr15	91921020	91921428	LTR/ERVL-MaLR	1999	-	204	91921224	73368
chr15	91847856	92047856	harbor2	chr15	91939024	91939444	LTR/ERVL-MaLR	2687	-	210	91939234	91378
chr15	78036193	78236193	harbor2	chr15	78071805	78072160	LTR/ERVL-MaLR	1646	-	178	78071983	35790
chr15	94180151	94380151	harbor2	chr15	94195340	94195538	LTR/ERVL-MaLR	543	-	99	94195439	15288
chr15	94180151	94380151	harbor2	chr15	94196201	94196383	LTR/ERVL-MaLR	543	-	91	94196292	16141
chr15	54572176	54772176	harbor2	chr15	54581347	54581712	LTR/ERVL-MaLR	1704	-	182	54581529	9353
chr15	54572176	54772176	harbor2	chr15	54586275	54586647	LTR/ERVL-MaLR	1264	-	186	54586461	14285
chr15	54572176	54772176	harbor2	chr15	54609726	54610096	LTR/ERVL-MaLR	2601	-	185	54609911	37735
chr15	54572176	54772176	harbor2	chr15	54648567	54648950	LTR/ERVL-MaLR	2134	-	192	54648759	76583
chr15	54572176	54772176	harbor2	chr15	54648951	54650570	LTR/ERVL-MaLR	9273	-	810	54649761	77585
chr15	54572176	54772176	harbor2	chr15	54650571	54650938	LTR/ERVL-MaLR	1974	-	184	54650755	78579
chr15	54572176	54772176	harbor2	chr15	54607552	54607933	LTR/ERVL-MaLR	2007	-	190	54607742	35566
chr15	100766367	100966367	harbor2	chr15	100793681	100794860	LTR/ERVL-MaLR	8850	-	590	100794271	27904
chr15	98776356	98976356	harbor2	chr15	98817924	98818200	LTR/ERVL-MaLR	1090	-	138	98818062	41706
chr15	98776356	98976356	harbor2	chr15	98830496	98830605	LTR/ERVL-MaLR	1832	-	54	98830550	54194
chr15	98776356	98976356	harbor2	chr15	98830904	98831182	LTR/ERVL-MaLR	1832	-	139	98831043	54687
chr15	98776356	98976356	harbor2	chr15	98871513	98871863	LTR/ERVL-MaLR	2094	-	175	98871688	95332
chr15	46256172	46456172	harbor2	chr15	46313722	46313970	LTR/ERVL-MaLR	1519	-	124	46313846	57674
chr15	46256172	46456172	harbor2	chr15	46314272	46314518	LTR/ERVL-MaLR	1519	-	123	46314395	58223
chr15	100133680	100333680	harbor2	chr15	100147791	100148212	LTR/ERVL-MaLR	2109	-	210	100148001	14321
chr15	100133680	100333680	harbor2	chr15	100156897	100157262	LTR/ERVL-MaLR	2205	-	182	100157079	23399
chr15	100133680	100333680	harbor2	chr15	100182076	100182428	LTR/ERVL-MaLR	1996	-	176	100182252	48572
chr15	89165022	89365022	harbor2	chr15	89257314	89257763	LTR/ERVL-MaLR	2495	-	224	89257538	92516
chr15	101267964	101467964	harbor2	chr15	101309070	101309275	LTR/ERVL-MaLR	706	-	102	101309172	41208
chr15	75943174	76143174	harbor2	chr15	75960350	75960815	LTR/ERVL-MaLR	559	-	232	75960582	17408
chr15	75943174	76143174	harbor2	chr15	75994826	75994891	LTR/ERVL-MaLR	2354	-	32	75994858	51684
chr15	75943174	76143174	harbor2	chr15	75995228	75995587	LTR/ERVL-MaLR	2354	-	180	75995408	52234
chr15	75943174	76143174	harbor2	chr15	75997788	75997921	LTR/ERVL-MaLR	457	-	66	75997854	54680
chr15	75943174	76143174	harbor2	chr15	76033514	76033882	LTR/ERVL-MaLR	827	-	184	76033698	90524
chr15	75943174	76143174	harbor2	chr15	76034006	76034526	LTR/ERVL-MaLR	807	-	260	76034266	91092
chr15	62546554	62746554	harbor2	chr15	62568878	62569323	LTR/ERVL-MaLR	1072	-	222	62569100	22546
chr15	62546554	62746554	harbor2	chr15	62600126	62600261	LTR/ERVL-MaLR	410	-	68	62600194	53640
chr15	62546554	62746554	harbor2	chr15	62602516	62602853	LTR/ERVL-MaLR	1887	-	168	62602684	56130
chr15	62546554	62746554	harbor2	chr15	62631228	62631329	LTR/ERVL-MaLR	656	-	50	62631278	84724
chr15	62546554	62746554	harbor2	chr15	62633753	62634166	LTR/ERVL-MaLR	2046	-	206	62633959	87405
chr15	92559666	92759666	harbor2	chr15	92564739	92565154	LTR/ERVL-MaLR	2362	-	208	92564947	5281
chr15	92559666	92759666	harbor2	chr15	92565168	92565791	LTR/ERVL-MaLR	3520	-	312	92565480	5814
chr15	92559666	92759666	harbor2	chr15	92565800	92566455	LTR/ERVL-MaLR	3180	-	328	92566128	6462
chr15	92559666	92759666	harbor2	chr15	92567630	92567771	LTR/ERVL-MaLR	853	-	70	92567700	8034
chr15	92559666	92759666	harbor2	chr15	92567772	92568188	LTR/ERVL-MaLR	2036	-	208	92567980	8314
chr15	92559666	92759666	harbor2	chr15	92656702	92657277	LTR/ERVL-MaLR	2385	-	288	92656990	97324
chr15	92008538	92208538	harbor2	chr15	92015232	92015594	LTR/ERVL-MaLR	2399	-	181	92015413	6875
chr15	92008538	92208538	harbor2	chr15	92058656	92059073	LTR/ERVL-MaLR	1252	-	208	92058864	50326
chr15	92008538	92208538	harbor2	chr15	92067755	92068121	LTR/ERVL-MaLR	2048	-	183	92067938	59400
chr15	92008538	92208538	harbor2	chr15	92072548	92072940	LTR/ERVL-MaLR	753	-	196	92072744	64206
chr15	92008538	92208538	harbor2	chr15	92076887	92077258	LTR/ERVL-MaLR	2574	-	186	92077073	68535
chr15	92008538	92208538	harbor2	chr15	92079306	92079688	LTR/ERVL-MaLR	1660	-	191	92079497	70959
chr15	92008538	92208538	harbor2	chr15	92088479	92088956	LTR/ERVL-MaLR	1695	-	238	92088717	80179
chr15	92008538	92208538	harbor2	chr15	92093119	92093534	LTR/ERVL-MaLR	2701	-	208	92093327	84789
chr15	92008538	92208538	harbor2	chr15	92095616	92095720	LTR/ERVL-MaLR	462	-	52	92095668	87130
chr15	92008538	92208538	harbor2	chr15	92095952	92096463	LTR/ERVL-MaLR	1611	-	256	92096208	87670
chr15	92008538	92208538	harbor2	chr15	92100725	92100843	LTR/ERVL-MaLR	575	-	59	92100784	92246
chr15	38775966	38975966	harbor2	chr15	38782390	38782743	LTR/ERVL-MaLR	685	-	176	38782566	6600
chr15	38775966	38975966	harbor2	chr15	38809690	38809984	LTR/ERVL-MaLR	479	-	147	38809837	33871
chr15	38775966	38975966	harbor2	chr15	38820138	38820620	LTR/ERVL-MaLR	2000	-	241	38820379	44413
chr15	38775966	38975966	harbor2	chr15	38822133	38822571	LTR/ERVL-MaLR	953	-	219	38822352	46386
chr15	38775966	38975966	harbor2	chr15	38870348	38870477	LTR/ERVL-MaLR	524	-	64	38870412	94446
chr15	38775966	38975966	harbor2	chr15	38871812	38871954	LTR/ERVL-MaLR	539	-	71	38871883	95917
chr15	87433606	87633606	harbor2	chr15	87452415	87452937	LTR/ERVL-MaLR	1706	-	261	87452676	19070
chr15	87433606	87633606	harbor2	chr15	87494785	87495164	LTR/ERVL-MaLR	1868	-	190	87494975	61369
chr15	87433606	87633606	harbor2	chr15	87507165	87507516	LTR/ERVL-MaLR	2445	-	176	87507341	73735
chr15	87433606	87633606	harbor2	chr15	87527920	87528261	LTR/ERVL-MaLR	781	-	170	87528090	94484
chr15	87433606	87633606	harbor2	chr15	87531761	87532125	LTR/ERVL-MaLR	2201	-	182	87531943	98337
chr15	87433606	87633606	harbor2	chr15	87532126	87533692	LTR/ERVL-MaLR	11501	-	783	87532909	99303
chr15	31391082	31591082	harbor2	chr15	31401786	31402038	LTR/ERVL-MaLR	599	-	126	31401912	10830
chr15	31391082	31591082	harbor2	chr15	31406583	31407085	LTR/ERVL-MaLR	2293	-	251	31406834	15752
chr15	31391082	31591082	harbor2	chr15	31418975	31419108	LTR/ERVL-MaLR	748	-	66	31419041	27959
chr15	31391082	31591082	harbor2	chr15	31422231	31422598	LTR/ERVL-MaLR	2183	-	184	31422415	31333
chr15	31391082	31591082	harbor2	chr15	31425893	31426255	LTR/ERVL-MaLR	2794	-	181	31426074	34992
chr15	31391082	31591082	harbor2	chr15	31427618	31428013	LTR/ERVL-MaLR	2340	-	198	31427816	36734
chr15	31391082	31591082	harbor2	chr15	31430331	31430691	LTR/ERVL-MaLR	1676	-	180	31430511	39429
chr15	31391082	31591082	harbor2	chr15	31438315	31438560	LTR/ERVL-MaLR	417	-	122	31438437	47355
chr15	31391082	31591082	harbor2	chr15	31458533	31458887	LTR/ERVL-MaLR	1675	-	177	31458710	67628
chr16	83272094	83472094	harbor2	chr16	83276444	83276588	LTR/ERVL-MaLR	1939	-	72	83276516	4422
chr16	83272094	83472094	harbor2	chr16	83276888	83277101	LTR/ERVL-MaLR	1939	-	106	83276994	4900
chr16	83272094	83472094	harbor2	chr16	83299773	83300021	LTR/ERVL-MaLR	606	-	124	83299897	27803
chr16	83272094	83472094	harbor2	chr16	83300023	83300164	LTR/ERVL-MaLR	801	-	70	83300093	27999
chr16	83272094	83472094	harbor2	chr16	83315914	83316300	LTR/ERVL-MaLR	2039	-	193	83316107	44013
chr16	83272094	83472094	harbor2	chr16	83333878	83334245	LTR/ERVL-MaLR	1462	-	184	83334062	61968
chr16	59638626	59838626	harbor2	chr16	59647709	59648080	LTR/ERVL-MaLR	2508	-	186	59647895	9269
chr16	59638626	59838626	harbor2	chr16	59648083	59648809	LTR/ERVL-MaLR	4206	-	363	59648446	9820
chr16	59638626	59838626	harbor2	chr16	59650827	59651142	LTR/ERVL-MaLR	2107	-	158	59650985	12359
chr16	59638626	59838626	harbor2	chr16	59651714	59652131	LTR/ERVL-MaLR	2287	-	208	59651922	13296
chr16	59638626	59838626	harbor2	chr16	59652150	59653545	LTR/ERVL-MaLR	6554	-	698	59652848	14222
chr16	59638626	59838626	harbor2	chr16	59653721	59653898	LTR/ERVL-MaLR	1025	-	88	59653809	15183
chr16	59638626	59838626	harbor2	chr16	59660466	59660947	LTR/ERVL-MaLR	1461	-	240	59660706	22080
chr16	59638626	59838626	harbor2	chr16	59661145	59661509	LTR/ERVL-MaLR	2556	-	182	59661327	22701
chr16	59638626	59838626	harbor2	chr16	59682876	59683073	LTR/ERVL-MaLR	721	-	98	59682974	44348
chr16	59638626	59838626	harbor2	chr16	59685312	59685687	LTR/ERVL-MaLR	2117	-	188	59685500	46874
chr16	59638626	59838626	harbor2	chr16	59687342	59687720	LTR/ERVL-MaLR	2003	-	189	59687531	48905
chr16	59638626	59838626	harbor2	chr16	59653901	59654271	LTR/ERVL-MaLR	1821	-	185	59654086	15460
chr16	59638626	59838626	harbor2	chr16	59685703	59687341	LTR/ERVL-MaLR	11200	-	819	59686522	47896
chr16	85305309	85505309	harbor2	chr16	85312250	85312672	LTR/ERVL-MaLR	732	-	211	85312461	7152
chr16	85305309	85505309	harbor2	chr16	85320620	85320737	LTR/ERVL-MaLR	435	-	58	85320678	15369
chr16	85305309	85505309	harbor2	chr16	85326873	85327320	LTR/ERVL-MaLR	971	-	224	85327097	21788
chr16	85305309	85505309	harbor2	chr16	85327631	85327704	LTR/ERVL-MaLR	971	-	36	85327667	22358
chr16	85305309	85505309	harbor2	chr16	85352993	85353194	LTR/ERVL-MaLR	660	-	100	85353093	47784
chr16	85305309	85505309	harbor2	chr16	85363957	85364451	LTR/ERVL-MaLR	1738	-	247	85364204	58895
chr16	85305309	85505309	harbor2	chr16	85368991	85369225	LTR/ERVL-MaLR	1765	-	117	85369108	63799
chr16	85305309	85505309	harbor2	chr16	85369520	85369744	LTR/ERVL-MaLR	1765	-	112	85369632	64323
chr16	85305309	85505309	harbor2	chr16	85391348	85391746	LTR/ERVL-MaLR	1095	-	199	85391547	86238
chr16	85305309	85505309	harbor2	chr16	85402607	85402639	LTR/ERVL-MaLR	1216	-	16	85402623	97314
chr16	85305309	85505309	harbor2	chr16	85402930	85403412	LTR/ERVL-MaLR	1216	-	241	85403171	97862
chr16	85305309	85505309	harbor2	chr16	85403823	85404111	LTR/ERVL-MaLR	423	-	144	85403967	98658
chr16	32067627	32267627	harbor2	chr16	32071598	32072009	LTR/ERVL-MaLR	1818	-	206	32071804	4177
chr16	32067627	32267627	harbor2	chr16	32099930	32100264	LTR/ERVL-MaLR	2052	-	167	32100097	32470
chr16	32067627	32267627	harbor2	chr16	32104408	32104675	LTR/ERVL-MaLR	899	-	134	32104542	36915
chr16	32067627	32267627	harbor2	chr16	32104955	32105225	LTR/ERVL-MaLR	899	-	135	32105090	37463
chr16	32067627	32267627	harbor2	chr16	32106842	32107135	LTR/ERVL-MaLR	1364	-	146	32106988	39361
chr16	32067627	32267627	harbor2	chr16	32140228	32140358	LTR/ERVL-MaLR	791	-	65	32140293	72666
chr16	32067627	32267627	harbor2	chr16	32147455	32147792	LTR/ERVL-MaLR	2078	-	168	32147623	79996
chr16	85310590	85510590	harbor2	chr16	85312250	85312672	LTR/ERVL-MaLR	732	-	211	85312461	1871
chr16	85310590	85510590	harbor2	chr16	85320620	85320737	LTR/ERVL-MaLR	435	-	58	85320678	10088
chr16	85310590	85510590	harbor2	chr16	85326873	85327320	LTR/ERVL-MaLR	971	-	224	85327097	16507
chr16	85310590	85510590	harbor2	chr16	85327631	85327704	LTR/ERVL-MaLR	971	-	36	85327667	17077
chr16	85310590	85510590	harbor2	chr16	85352993	85353194	LTR/ERVL-MaLR	660	-	100	85353093	42503
chr16	85310590	85510590	harbor2	chr16	85363957	85364451	LTR/ERVL-MaLR	1738	-	247	85364204	53614
chr16	85310590	85510590	harbor2	chr16	85368991	85369225	LTR/ERVL-MaLR	1765	-	117	85369108	58518
chr16	85310590	85510590	harbor2	chr16	85369520	85369744	LTR/ERVL-MaLR	1765	-	112	85369632	59042
chr16	85310590	85510590	harbor2	chr16	85391348	85391746	LTR/ERVL-MaLR	1095	-	199	85391547	80957
chr16	85310590	85510590	harbor2	chr16	85402607	85402639	LTR/ERVL-MaLR	1216	-	16	85402623	92033
chr16	85310590	85510590	harbor2	chr16	85402930	85403412	LTR/ERVL-MaLR	1216	-	241	85403171	92581
chr16	85310590	85510590	harbor2	chr16	85403823	85404111	LTR/ERVL-MaLR	423	-	144	85403967	93377
chr16	57436404	57636404	harbor2	chr16	57523242	57523461	LTR/ERVL-MaLR	1149	-	110	57523352	86948
chr16	69807420	70007420	harbor2	chr16	69838468	69838686	LTR/ERVL-MaLR	691	-	109	69838577	31157
chr16	69807420	70007420	harbor2	chr16	69847708	69847911	LTR/ERVL-MaLR	1101	-	102	69847810	40390
chr16	69807420	70007420	harbor2	chr16	69859058	69859270	LTR/ERVL-MaLR	1897	-	106	69859164	51744
chr16	69807420	70007420	harbor2	chr16	69859581	69859838	LTR/ERVL-MaLR	1897	-	128	69859709	52289
chr16	19590965	19790965	harbor2	chr16	19593498	19593620	LTR/ERVL-MaLR	582	-	61	19593559	2594
chr16	19590965	19790965	harbor2	chr16	19594016	19594249	LTR/ERVL-MaLR	574	-	116	19594132	3167
chr16	19590965	19790965	harbor2	chr16	19607231	19607478	LTR/ERVL-MaLR	762	-	124	19607355	16390
chr16	19590965	19790965	harbor2	chr16	19613329	19613907	LTR/ERVL-MaLR	1785	-	289	19613618	22653
chr16	19590965	19790965	harbor2	chr16	19622944	19623174	LTR/ERVL-MaLR	519	-	115	19623059	32094
chr16	19590965	19790965	harbor2	chr16	19623178	19623524	LTR/ERVL-MaLR	1418	-	173	19623351	32386
chr16	19590965	19790965	harbor2	chr16	19643313	19643647	LTR/ERVL-MaLR	666	-	167	19643480	52515
chr16	19590965	19790965	harbor2	chr16	19645892	19645956	LTR/ERVL-MaLR	452	-	32	19645924	54959
chr16	19590965	19790965	harbor2	chr16	19646079	19646386	LTR/ERVL-MaLR	452	-	154	19646233	55268
chr16	19590965	19790965	harbor2	chr16	19669496	19669660	LTR/ERVL-MaLR	668	-	82	19669578	78613
chr16	19590965	19790965	harbor2	chr16	19670112	19670296	LTR/ERVL-MaLR	541	-	92	19670204	79239
chr16	88956173	89156173	harbor2	chr16	88987789	88987938	LTR/ERVL-MaLR	459	-	74	88987863	31690
chr16	88956173	89156173	harbor2	chr16	88988168	88988210	LTR/ERVL-MaLR	670	-	21	88988189	32016
chr16	88956173	89156173	harbor2	chr16	88988519	88988700	LTR/ERVL-MaLR	670	-	90	88988609	32436
chr16	88956173	89156173	harbor2	chr16	88996567	88997042	LTR/ERVL-MaLR	842	-	238	88996805	40632
chr16	88956173	89156173	harbor2	chr16	89001687	89002074	LTR/ERVL-MaLR	560	-	194	89001881	45708
chr16	52206352	52406352	harbor2	chr16	52207899	52208267	LTR/ERVL-MaLR	2581	-	184	52208083	1731
chr16	52206352	52406352	harbor2	chr16	52229971	52230342	LTR/ERVL-MaLR	557	-	186	52230157	23805
chr16	52206352	52406352	harbor2	chr16	52277912	52278139	LTR/ERVL-MaLR	679	-	114	52278026	71674
chr16	52206352	52406352	harbor2	chr16	52278161	52278403	LTR/ERVL-MaLR	576	-	121	52278282	71930
chr16	52206352	52406352	harbor2	chr16	52294153	52294555	LTR/ERVL-MaLR	1174	-	201	52294354	88002
chr16	52206352	52406352	harbor2	chr16	52232180	52232541	LTR/ERVL-MaLR	1879	-	180	52232360	26008
chr16	88935632	89135632	harbor2	chr16	88987789	88987938	LTR/ERVL-MaLR	459	-	74	88987863	52231
chr16	88935632	89135632	harbor2	chr16	88988168	88988210	LTR/ERVL-MaLR	670	-	21	88988189	52557
chr16	88935632	89135632	harbor2	chr16	88988519	88988700	LTR/ERVL-MaLR	670	-	90	88988609	52977
chr16	88935632	89135632	harbor2	chr16	88996567	88997042	LTR/ERVL-MaLR	842	-	238	88996805	61173
chr16	88935632	89135632	harbor2	chr16	89001687	89002074	LTR/ERVL-MaLR	560	-	194	89001881	66249
chr16	63195089	63395089	harbor2	chr16	63200890	63201207	LTR/ERVL-MaLR	1244	-	158	63201048	5959
chr16	63195089	63395089	harbor2	chr16	63222078	63222433	LTR/ERVL-MaLR	1900	-	178	63222256	27167
chr16	63195089	63395089	harbor2	chr16	63233096	63233256	LTR/ERVL-MaLR	759	-	80	63233176	38087
chr16	63195089	63395089	harbor2	chr16	63253445	63253816	LTR/ERVL-MaLR	1795	-	186	63253631	58542
chr16	68870847	69070847	harbor2	chr16	68933431	68933833	LTR/ERVL-MaLR	759	-	201	68933632	62785
chr16	68870847	69070847	harbor2	chr16	68969738	68970254	LTR/ERVL-MaLR	1120	-	258	68969996	99149
chr16	86002399	86202399	harbor2	chr16	86012874	86013288	LTR/ERVL-MaLR	2658	-	207	86013081	10682
chr16	86002399	86202399	harbor2	chr16	86019011	86019358	LTR/ERVL-MaLR	1765	-	174	86019185	16786
chr16	86002399	86202399	harbor2	chr16	86030691	86031092	LTR/ERVL-MaLR	576	-	200	86030891	28492
chr16	86002399	86202399	harbor2	chr16	86040659	86040997	LTR/ERVL-MaLR	802	-	169	86040828	38429
chr16	86002399	86202399	harbor2	chr16	86070513	86070743	LTR/ERVL-MaLR	462	-	115	86070628	68229
chr16	86002399	86202399	harbor2	chr16	86071611	86072048	LTR/ERVL-MaLR	1241	-	218	86071829	69430
chr16	86002399	86202399	harbor2	chr16	86076489	86076619	LTR/ERVL-MaLR	520	-	65	86076554	74155
chr16	86002399	86202399	harbor2	chr16	86092747	86093157	LTR/ERVL-MaLR	542	-	205	86092952	90553
chr16	86002399	86202399	harbor2	chr16	86015838	86016107	LTR/ERVL-MaLR	627	-	134	86015972	13573
chr16	51915158	52115158	harbor2	chr16	51929489	51929871	LTR/ERVL-MaLR	2167	-	191	51929680	14522
chr16	51915158	52115158	harbor2	chr16	51976719	51977044	LTR/ERVL-MaLR	1560	-	162	51976881	61723
chr16	51915158	52115158	harbor2	chr16	51996810	51997278	LTR/ERVL-MaLR	782	-	234	51997044	81886
chr16	86209934	86409934	harbor2	chr16	86215549	86216024	LTR/ERVL-MaLR	2158	-	238	86215787	5853
chr16	86209934	86409934	harbor2	chr16	86246097	86246381	LTR/ERVL-MaLR	444	-	142	86246239	36305
chr16	86209934	86409934	harbor2	chr16	86268923	86269354	LTR/ERVL-MaLR	1326	-	216	86269139	59205
chr16	86209934	86409934	harbor2	chr16	86276596	86276791	LTR/ERVL-MaLR	2094	-	98	86276694	66760
chr16	86209934	86409934	harbor2	chr16	86277111	86277288	LTR/ERVL-MaLR	2094	-	88	86277199	67265
chr16	86209934	86409934	harbor2	chr16	86228807	86229083	LTR/ERVL-MaLR	1597	-	138	86228945	19011
chr16	58303778	58503778	harbor2	chr16	58313166	58313530	LTR/ERVL-MaLR	2820	-	182	58313348	9570
chr16	58303778	58503778	harbor2	chr16	58322317	58322648	LTR/ERVL-MaLR	1694	-	166	58322483	18705
chr16	58303778	58503778	harbor2	chr16	58366862	58367228	LTR/ERVL-MaLR	2058	-	183	58367045	63267
chr16	58303778	58503778	harbor2	chr16	58373940	58374425	LTR/ERVL-MaLR	1908	-	242	58374182	70404
chr16	58303778	58503778	harbor2	chr16	58376863	58377338	LTR/ERVL-MaLR	1894	-	238	58377101	73323
chr16	58303778	58503778	harbor2	chr16	58377452	58377705	LTR/ERVL-MaLR	474	-	126	58377578	73800
chr16	58303778	58503778	harbor2	chr16	58382968	58383388	LTR/ERVL-MaLR	1674	-	210	58383178	79400
chr16	58303778	58503778	harbor2	chr16	58383767	58383867	LTR/ERVL-MaLR	429	-	50	58383817	80039
chr16	58303778	58503778	harbor2	chr16	58383872	58384100	LTR/ERVL-MaLR	536	-	114	58383986	80208
chr16	58303778	58503778	harbor2	chr16	58388603	58388979	LTR/ERVL-MaLR	1854	-	188	58388791	85013
chr16	68926297	69126297	harbor2	chr16	68933431	68933833	LTR/ERVL-MaLR	759	-	201	68933632	7335
chr16	68926297	69126297	harbor2	chr16	68969738	68970254	LTR/ERVL-MaLR	1120	-	258	68969996	43699
chr16	68926297	69126297	harbor2	chr16	68990197	68990562	LTR/ERVL-MaLR	2299	-	182	68990379	64082
chr16	68926297	69126297	harbor2	chr16	69014076	69014296	LTR/ERVL-MaLR	838	-	110	69014186	87889
chr16	68926297	69126297	harbor2	chr16	69014334	69014552	LTR/ERVL-MaLR	631	-	109	69014443	88146
chr16	74688122	74888122	harbor2	chr16	74785687	74785724	LTR/ERVL-MaLR	1790	-	18	74785705	97583
chr16	74688122	74888122	harbor2	chr16	74786034	74786357	LTR/ERVL-MaLR	1790	-	162	74786196	98074
chr16	31168791	31368791	harbor2	chr16	31234336	31234693	LTR/ERVL-MaLR	1215	-	178	31234514	65723
chr16	31168791	31368791	harbor2	chr16	31248490	31248685	LTR/ERVL-MaLR	429	-	98	31248588	79797
chr16	82630977	82830977	harbor2	chr16	82685153	82685511	LTR/ERVL-MaLR	1890	-	179	82685332	54355
chr16	82630977	82830977	harbor2	chr16	82687370	82687731	LTR/ERVL-MaLR	2468	-	180	82687550	56573
chr16	82630977	82830977	harbor2	chr16	82692279	82692642	LTR/ERVL-MaLR	2392	-	182	82692461	61484
chr16	82630977	82830977	harbor2	chr16	82696714	82697220	LTR/ERVL-MaLR	1709	-	253	82696967	65990
chr16	82630977	82830977	harbor2	chr16	82701432	82701978	LTR/ERVL-MaLR	1230	-	273	82701705	70728
chr16	82630977	82830977	harbor2	chr16	82717546	82717842	LTR/ERVL-MaLR	756	-	148	82717694	86717
chr16	82630977	82830977	harbor2	chr16	82718548	82718887	LTR/ERVL-MaLR	2123	-	170	82718718	87741
chr16	82630977	82830977	harbor2	chr16	82722197	82722694	LTR/ERVL-MaLR	1050	-	248	82722445	91468
chr16	67253672	67453672	harbor2	chr16	67330888	67331060	LTR/ERVL-MaLR	1294	-	86	67330974	77302
chr16	67253672	67453672	harbor2	chr16	67331115	67331267	LTR/ERVL-MaLR	1294	-	76	67331191	77519
chr16	90110950	90310950	harbor2	chr16	90113853	90114122	LTR/ERVL-MaLR	1101	-	134	90113987	3037
chr16	90110950	90310950	harbor2	chr16	90133141	90133568	LTR/ERVL-MaLR	1400	-	214	90133355	22405
chr16	90110950	90310950	harbor2	chr16	90188831	90189320	LTR/ERVL-MaLR	1896	-	244	90189075	78125
chr16	90110950	90310950	harbor2	chr16	90192824	90193233	LTR/ERVL-MaLR	1132	-	204	90193028	82078
chr16	90110950	90310950	harbor2	chr16	90199165	90199471	LTR/ERVL-MaLR	1076	-	153	90199318	88368
chr16	90110950	90310950	harbor2	chr16	90202723	90202741	LTR/ERVL-MaLR	2104	-	9	90202732	91782
chr16	90110950	90310950	harbor2	chr16	90202774	90203021	LTR/ERVL-MaLR	2104	-	124	90202898	91948
chr16	90110950	90310950	harbor2	chr16	90203315	90203463	LTR/ERVL-MaLR	2104	-	74	90203389	92439
chr16	90110950	90310950	harbor2	chr16	90208995	90209124	LTR/ERVL-MaLR	619	-	64	90209059	98109
chr16	55365595	55565595	harbor2	chr16	55427295	55427620	LTR/ERVL-MaLR	1561	-	162	55427457	61862
chr16	55365595	55565595	harbor2	chr16	55427669	55427839	LTR/ERVL-MaLR	1561	-	85	55427754	62159
chr16	55365595	55565595	harbor2	chr16	55427978	55428341	LTR/ERVL-MaLR	2113	-	182	55428160	62565
chr16	55365595	55565595	harbor2	chr16	55446653	55447017	LTR/ERVL-MaLR	683	-	182	55446835	81240
chr16	55365595	55565595	harbor2	chr16	55426742	55427216	LTR/ERVL-MaLR	1228	-	237	55426979	61384
chr16	85191342	85391342	harbor2	chr16	85225745	85226144	LTR/ERVL-MaLR	1217	-	200	85225945	34603
chr16	85191342	85391342	harbor2	chr16	85229808	85229996	LTR/ERVL-MaLR	460	-	94	85229902	38560
chr16	85191342	85391342	harbor2	chr16	85230377	85230632	LTR/ERVL-MaLR	717	-	128	85230505	39163
chr16	85191342	85391342	harbor2	chr16	85243184	85243343	LTR/ERVL-MaLR	631	-	80	85243264	51922
chr16	85191342	85391342	harbor2	chr16	85282802	85283134	LTR/ERVL-MaLR	922	-	166	85282968	91626
chr16	25546714	25746714	harbor2	chr16	25573846	25574100	LTR/ERVL-MaLR	706	-	127	25573973	27259
chr16	25546714	25746714	harbor2	chr16	25605998	25606338	LTR/ERVL-MaLR	677	-	170	25606168	59454
chr16	25546714	25746714	harbor2	chr16	25610332	25610486	LTR/ERVL-MaLR	843	-	77	25610409	63695
chr16	25546714	25746714	harbor2	chr16	25613298	25613662	LTR/ERVL-MaLR	2632	-	182	25613480	66766
chr16	25546714	25746714	harbor2	chr16	25618058	25618440	LTR/ERVL-MaLR	1892	-	191	25618249	71535
chr16	25546714	25746714	harbor2	chr16	25627263	25627683	LTR/ERVL-MaLR	3160	-	210	25627473	80759
chr16	25546714	25746714	harbor2	chr16	25639751	25640147	LTR/ERVL-MaLR	2426	-	198	25639949	93235
chr16	48168410	48368410	harbor2	chr16	48255150	48255484	LTR/ERVL-MaLR	469	-	167	48255317	86907
chr16	66219986	66419986	harbor2	chr16	66227596	66227975	LTR/ERVL-MaLR	2415	-	190	66227786	7800
chr16	66219986	66419986	harbor2	chr16	66238413	66238801	LTR/ERVL-MaLR	2394	-	194	66238607	18621
chr16	66219986	66419986	harbor2	chr16	66262832	66263292	LTR/ERVL-MaLR	1186	-	230	66263062	43076
chr16	66219986	66419986	harbor2	chr16	66284510	66284878	LTR/ERVL-MaLR	2297	-	184	66284694	64708
chr16	66219986	66419986	harbor2	chr16	66287981	66288252	LTR/ERVL-MaLR	832	-	136	66288117	68131
chr16	66219986	66419986	harbor2	chr16	66289010	66289551	LTR/ERVL-MaLR	1762	-	270	66289280	69294
chr16	66219986	66419986	harbor2	chr16	66299739	66300143	LTR/ERVL-MaLR	2577	-	202	66299941	79955
chr16	69725319	69925319	harbor2	chr16	69781660	69782001	LTR/ERVL-MaLR	1070	-	170	69781830	56511
chr16	69725319	69925319	harbor2	chr16	69782294	69782320	LTR/ERVL-MaLR	1070	-	13	69782307	56988
chr16	64182656	64382656	harbor2	chr16	64204896	64205260	LTR/ERVL-MaLR	2212	-	182	64205078	22422
chr16	64182656	64382656	harbor2	chr16	64215761	64216150	LTR/ERVL-MaLR	1615	-	194	64215955	33299
chr16	64182656	64382656	harbor2	chr16	64225699	64226046	LTR/ERVL-MaLR	2033	-	174	64225873	43217
chr16	64182656	64382656	harbor2	chr16	64230608	64230821	LTR/ERVL-MaLR	731	-	106	64230714	48058
chr16	64182656	64382656	harbor2	chr16	64231151	64231319	LTR/ERVL-MaLR	767	-	84	64231235	48579
chr16	64182656	64382656	harbor2	chr16	64247978	64248373	LTR/ERVL-MaLR	1269	-	198	64248176	65520
chr16	64182656	64382656	harbor2	chr16	64251705	64252034	LTR/ERVL-MaLR	535	-	164	64251869	69213
chr16	64182656	64382656	harbor2	chr16	64267143	64267543	LTR/ERVL-MaLR	2264	-	200	64267343	84687
chr16	84902493	85102493	harbor2	chr16	84909774	84910085	LTR/ERVL-MaLR	1465	-	156	84909930	7437
chr16	84902493	85102493	harbor2	chr16	84910380	84910404	LTR/ERVL-MaLR	1049	-	12	84910392	7899
chr16	84902493	85102493	harbor2	chr16	84931017	84931287	LTR/ERVL-MaLR	1215	-	135	84931152	28659
chr16	84902493	85102493	harbor2	chr16	84957806	84958050	LTR/ERVL-MaLR	436	-	122	84957928	55435
chr16	84902493	85102493	harbor2	chr16	84951004	84951393	LTR/ERVL-MaLR	1153	-	194	84951198	48705
chr16	47702617	47902617	harbor2	chr16	47731315	47731709	LTR/ERVL-MaLR	1169	-	197	47731512	28895
chr16	47702617	47902617	harbor2	chr16	47752786	47753058	LTR/ERVL-MaLR	589	-	136	47752922	50305
chr16	47702617	47902617	harbor2	chr16	47780730	47781070	LTR/ERVL-MaLR	1504	-	170	47780900	78283
chr16	47702617	47902617	harbor2	chr16	47790999	47791372	LTR/ERVL-MaLR	1833	-	186	47791185	88568
chr16	47702617	47902617	harbor2	chr16	47792969	47793341	LTR/ERVL-MaLR	1693	-	186	47793155	90538
chr16	47702617	47902617	harbor2	chr16	47791373	47792966	LTR/ERVL-MaLR	10624	-	796	47792169	89552
chr16	55133832	55333832	harbor2	chr16	55137366	55137738	LTR/ERVL-MaLR	2188	-	186	55137552	3720
chr16	55133832	55333832	harbor2	chr16	55144786	55145304	LTR/ERVL-MaLR	703	-	259	55145045	11213
chr16	55133832	55333832	harbor2	chr16	55150792	55151193	LTR/ERVL-MaLR	1789	-	200	55150992	17160
chr16	55133832	55333832	harbor2	chr16	55151485	55151825	LTR/ERVL-MaLR	797	-	170	55151655	17823
chr16	55133832	55333832	harbor2	chr16	55154654	55154916	LTR/ERVL-MaLR	1140	-	131	55154785	20953
chr16	55133832	55333832	harbor2	chr16	55158164	55158597	LTR/ERVL-MaLR	1945	-	216	55158380	24548
chr16	55133832	55333832	harbor2	chr16	55177980	55178240	LTR/ERVL-MaLR	480	-	130	55178110	44278
chr16	55133832	55333832	harbor2	chr16	55217153	55217810	LTR/ERVL-MaLR	2189	-	328	55217481	83649
chr16	55133832	55333832	harbor2	chr16	55219556	55220105	LTR/ERVL-MaLR	1301	-	274	55219830	85998
chr16	55133832	55333832	harbor2	chr16	55226026	55226505	LTR/ERVL-MaLR	1012	-	240	55226266	92434
chr16	55133832	55333832	harbor2	chr16	55233433	55233572	LTR/ERVL-MaLR	539	-	70	55233503	99671
chr16	55133832	55333832	harbor2	chr16	55233627	55233794	LTR/ERVL-MaLR	564	-	84	55233711	99879
chr16	55727263	55927263	harbor2	chr16	55735571	55735967	LTR/ERVL-MaLR	923	-	198	55735769	8506
chr16	55727263	55927263	harbor2	chr16	55752656	55752762	LTR/ERVL-MaLR	568	-	53	55752709	25446
chr16	55727263	55927263	harbor2	chr16	55758538	55758608	LTR/ERVL-MaLR	463	-	35	55758573	31310
chr16	55727263	55927263	harbor2	chr16	55778922	55779309	LTR/ERVL-MaLR	948	-	194	55779116	51853
chr16	31252007	31452007	harbor2	chr16	31273671	31274034	LTR/ERVL-MaLR	808	-	182	31273853	21846
chr16	31252007	31452007	harbor2	chr16	31275033	31275190	LTR/ERVL-MaLR	808	-	78	31275111	23104
chr16	31252007	31452007	harbor2	chr16	31347310	31347694	LTR/ERVL-MaLR	2306	-	192	31347502	95495
chr16	63181513	63381513	harbor2	chr16	63200890	63201207	LTR/ERVL-MaLR	1244	-	158	63201048	19535
chr16	63181513	63381513	harbor2	chr16	63222078	63222433	LTR/ERVL-MaLR	1900	-	178	63222256	40743
chr16	63181513	63381513	harbor2	chr16	63233096	63233256	LTR/ERVL-MaLR	759	-	80	63233176	51663
chr16	63181513	63381513	harbor2	chr16	63253445	63253816	LTR/ERVL-MaLR	1795	-	186	63253631	72118
chr16	67070755	67270755	harbor2	chr16	67101734	67102119	LTR/ERVL-MaLR	1658	-	192	67101926	31171
chr16	67070755	67270755	harbor2	chr16	67102435	67102590	LTR/ERVL-MaLR	1658	-	78	67102513	31758
chr16	67070755	67270755	harbor2	chr16	67105360	67105582	LTR/ERVL-MaLR	627	-	111	67105471	34716
chr16	67070755	67270755	harbor2	chr16	67134548	67134910	LTR/ERVL-MaLR	2039	-	181	67134729	63974
chr16	56750865	56950865	harbor2	chr16	56754313	56754594	LTR/ERVL-MaLR	2159	-	140	56754453	3588
chr16	56750865	56950865	harbor2	chr16	56754594	56754905	LTR/ERVL-MaLR	2051	-	156	56754750	3885
chr16	56750865	56950865	harbor2	chr16	56760358	56760769	LTR/ERVL-MaLR	2516	-	206	56760564	9699
chr16	56750865	56950865	harbor2	chr16	56762643	56763087	LTR/ERVL-MaLR	1540	-	222	56762865	12000
chr16	56750865	56950865	harbor2	chr16	56806475	56806899	LTR/ERVL-MaLR	1746	-	212	56806687	55822
chr16	56750865	56950865	harbor2	chr16	56816299	56816600	LTR/ERVL-MaLR	521	-	150	56816449	65584
chr16	56750865	56950865	harbor2	chr16	56753985	56754312	LTR/ERVL-MaLR	1546	-	164	56754149	3284
chr16	88190828	88390828	harbor2	chr16	88193371	88193416	LTR/ERVL-MaLR	1985	-	22	88193393	2565
chr16	88190828	88390828	harbor2	chr16	88193727	88194038	LTR/ERVL-MaLR	1985	-	156	88193883	3055
chr16	88190828	88390828	harbor2	chr16	88197555	88198059	LTR/ERVL-MaLR	1263	-	252	88197807	6979
chr16	88190828	88390828	harbor2	chr16	88203544	88203916	LTR/ERVL-MaLR	911	-	186	88203730	12902
chr16	88190828	88390828	harbor2	chr16	88207540	88207960	LTR/ERVL-MaLR	787	-	210	88207750	16922
chr16	88190828	88390828	harbor2	chr16	88221647	88222036	LTR/ERVL-MaLR	593	-	194	88221841	31013
chr16	88190828	88390828	harbor2	chr16	88227957	88228198	LTR/ERVL-MaLR	483	-	120	88228077	37249
chr16	88190828	88390828	harbor2	chr16	88231469	88231901	LTR/ERVL-MaLR	1293	-	216	88231685	40857
chr16	88190828	88390828	harbor2	chr16	88242317	88242634	LTR/ERVL-MaLR	1454	-	158	88242475	51647
chr16	84881189	85081189	harbor2	chr16	84887996	84888248	LTR/ERVL-MaLR	1584	-	126	84888122	6933
chr16	84881189	85081189	harbor2	chr16	84891071	84891176	LTR/ERVL-MaLR	541	-	52	84891123	9934
chr16	84881189	85081189	harbor2	chr16	84909774	84910085	LTR/ERVL-MaLR	1465	-	156	84909930	28741
chr16	84881189	85081189	harbor2	chr16	84910380	84910404	LTR/ERVL-MaLR	1049	-	12	84910392	29203
chr16	84881189	85081189	harbor2	chr16	84931017	84931287	LTR/ERVL-MaLR	1215	-	135	84931152	49963
chr16	84881189	85081189	harbor2	chr16	84957806	84958050	LTR/ERVL-MaLR	436	-	122	84957928	76739
chr16	84881189	85081189	harbor2	chr16	84951004	84951393	LTR/ERVL-MaLR	1153	-	194	84951198	70009
chr16	64417972	64617972	harbor2	chr16	64426420	64426850	LTR/ERVL-MaLR	1158	-	215	64426635	8663
chr16	64417972	64617972	harbor2	chr16	64426997	64427369	LTR/ERVL-MaLR	1655	-	186	64427183	9211
chr16	64417972	64617972	harbor2	chr16	64427739	64428266	LTR/ERVL-MaLR	920	-	264	64428003	10031
chr16	64417972	64617972	harbor2	chr16	64443049	64443456	LTR/ERVL-MaLR	2050	-	204	64443253	25281
chr16	64417972	64617972	harbor2	chr16	64457588	64457942	LTR/ERVL-MaLR	1674	-	177	64457765	39793
chr16	64417972	64617972	harbor2	chr16	64462256	64462718	LTR/ERVL-MaLR	2007	-	231	64462487	44515
chr16	71158240	71358240	harbor2	chr16	71161568	71161838	LTR/ERVL-MaLR	803	-	135	71161703	3463
chr16	71158240	71358240	harbor2	chr16	71168447	71168888	LTR/ERVL-MaLR	770	-	220	71168667	10427
chr16	71158240	71358240	harbor2	chr16	71194603	71195136	LTR/ERVL-MaLR	2236	-	266	71194869	36629
chr16	71158240	71358240	harbor2	chr16	71254092	71254429	LTR/ERVL-MaLR	1504	-	168	71254260	96020
chr16	87626676	87826676	harbor2	chr16	87633095	87633435	LTR/ERVL-MaLR	971	-	170	87633265	6589
chr16	87626676	87826676	harbor2	chr16	87656773	87657104	LTR/ERVL-MaLR	849	-	166	87656939	30263
chr16	87626676	87826676	harbor2	chr16	87657747	87657955	LTR/ERVL-MaLR	742	-	104	87657851	31175
chr16	87626676	87826676	harbor2	chr16	87661076	87661408	LTR/ERVL-MaLR	1303	-	166	87661242	34566
chr16	87626676	87826676	harbor2	chr16	87666948	87667372	LTR/ERVL-MaLR	534	-	212	87667160	40484
chr16	27088730	27288730	harbor2	chr16	27095769	27096129	LTR/ERVL-MaLR	2196	-	180	27095949	7219
chr16	27088730	27288730	harbor2	chr16	27097084	27097486	LTR/ERVL-MaLR	2162	-	201	27097285	8555
chr16	27088730	27288730	harbor2	chr16	27098209	27098304	LTR/ERVL-MaLR	691	-	48	27098257	9527
chr16	27088730	27288730	harbor2	chr16	27098615	27098957	LTR/ERVL-MaLR	1478	-	171	27098786	10056
chr16	27088730	27288730	harbor2	chr16	27105575	27105763	LTR/ERVL-MaLR	522	-	94	27105669	16939
chr16	27088730	27288730	harbor2	chr16	27116177	27116420	LTR/ERVL-MaLR	2287	-	122	27116299	27569
chr16	27088730	27288730	harbor2	chr16	27117088	27117269	LTR/ERVL-MaLR	2287	-	90	27117178	28448
chr16	27088730	27288730	harbor2	chr16	27129758	27130322	LTR/ERVL-MaLR	1980	-	282	27130040	41310
chr16	27088730	27288730	harbor2	chr16	27136537	27136900	LTR/ERVL-MaLR	2217	-	182	27136719	47989
chr16	27088730	27288730	harbor2	chr16	27145814	27145966	LTR/ERVL-MaLR	632	-	76	27145890	57160
chr16	27088730	27288730	harbor2	chr16	27150095	27150332	LTR/ERVL-MaLR	1188	-	118	27150213	61483
chr16	27088730	27288730	harbor2	chr16	27150620	27150798	LTR/ERVL-MaLR	1188	-	89	27150709	61979
chr16	27088730	27288730	harbor2	chr16	27151973	27152430	LTR/ERVL-MaLR	731	-	228	27152201	63471
chr16	27088730	27288730	harbor2	chr16	27158673	27159027	LTR/ERVL-MaLR	2049	-	177	27158850	70120
chr16	27088730	27288730	harbor2	chr16	27165194	27165380	LTR/ERVL-MaLR	437	-	93	27165287	76557
chr16	27088730	27288730	harbor2	chr16	27172181	27172432	LTR/ERVL-MaLR	953	-	126	27172307	83577
chr16	27088730	27288730	harbor2	chr16	27184655	27184795	LTR/ERVL-MaLR	1777	-	70	27184725	95995
chr16	27088730	27288730	harbor2	chr16	27185105	27185324	LTR/ERVL-MaLR	1777	-	110	27185215	96485
chr16	59790577	59990577	harbor2	chr16	59847126	59847528	LTR/ERVL-MaLR	2055	-	201	59847327	56750
chr16	59790577	59990577	harbor2	chr16	59885018	59885379	LTR/ERVL-MaLR	1750	-	180	59885198	94621
chr16	59790577	59990577	harbor2	chr16	59885606	59885830	LTR/ERVL-MaLR	421	-	112	59885718	95141
chr16	84296737	84496737	harbor2	chr16	84309550	84310072	LTR/ERVL-MaLR	887	-	261	84309811	13074
chr16	84296737	84496737	harbor2	chr16	84317720	84318134	LTR/ERVL-MaLR	475	-	207	84317927	21190
chr16	84296737	84496737	harbor2	chr16	84341874	84342364	LTR/ERVL-MaLR	998	-	245	84342119	45382
chr16	84296737	84496737	harbor2	chr16	84363333	84363751	LTR/ERVL-MaLR	1127	-	209	84363542	66805
chr16	84296737	84496737	harbor2	chr16	84373522	84373698	LTR/ERVL-MaLR	765	-	88	84373610	76873
chr16	84296737	84496737	harbor2	chr16	84384730	84384768	LTR/ERVL-MaLR	2202	-	19	84384749	88012
chr16	84296737	84496737	harbor2	chr16	84385076	84385454	LTR/ERVL-MaLR	2202	-	189	84385265	88528
chr16	84296737	84496737	harbor2	chr16	84385564	84385924	LTR/ERVL-MaLR	1910	-	180	84385744	89007
chr16	84296737	84496737	harbor2	chr16	84394518	84394960	LTR/ERVL-MaLR	1199	-	221	84394739	98002
chr16	84296737	84496737	harbor2	chr16	84377432	84377757	LTR/ERVL-MaLR	1490	-	162	84377594	80857
chr16	68557194	68757194	harbor2	chr16	68603079	68603118	LTR/ERVL-MaLR	2379	-	20	68603099	45905
chr16	68557194	68757194	harbor2	chr16	68603415	68603774	LTR/ERVL-MaLR	2379	-	180	68603595	46401
chr16	68557194	68757194	harbor2	chr16	68627995	68628288	LTR/ERVL-MaLR	1387	-	146	68628141	70947
chr16	68557194	68757194	harbor2	chr16	68638599	68638837	LTR/ERVL-MaLR	1242	-	119	68638718	81524
chr16	55829308	56029308	harbor2	chr16	55837922	55838062	LTR/ERVL-MaLR	902	-	70	55837992	8684
chr16	55829308	56029308	harbor2	chr16	55838273	55838554	LTR/ERVL-MaLR	902	-	140	55838413	9105
chr16	55829308	56029308	harbor2	chr16	55896004	55896365	LTR/ERVL-MaLR	2606	-	180	55896184	66876
chr16	55829308	56029308	harbor2	chr16	55917256	55917817	LTR/ERVL-MaLR	2243	-	280	55917536	88228
chr16	66765186	66965186	harbor2	chr16	66832844	66833275	LTR/ERVL-MaLR	2059	-	216	66833060	67874
chr16	63648030	63848030	harbor2	chr16	63647812	63648148	LTR/ERVL-MaLR	1755	-	168	63647980	50
chr16	63648030	63848030	harbor2	chr16	63649511	63649868	LTR/ERVL-MaLR	1290	-	178	63649689	1659
chr16	63648030	63848030	harbor2	chr16	63668678	63669059	LTR/ERVL-MaLR	1392	-	190	63668868	20838
chr16	63648030	63848030	harbor2	chr16	63669060	63669439	LTR/ERVL-MaLR	2177	-	190	63669250	21220
chr16	63648030	63848030	harbor2	chr16	63669440	63669558	LTR/ERVL-MaLR	1392	-	59	63669499	21469
chr16	63648030	63848030	harbor2	chr16	63676374	63676694	LTR/ERVL-MaLR	1191	-	160	63676534	28504
chr16	63648030	63848030	harbor2	chr16	63679502	63679752	LTR/ERVL-MaLR	447	-	125	63679627	31597
chr16	63648030	63848030	harbor2	chr16	63680495	63680622	LTR/ERVL-MaLR	447	-	64	63680559	32529
chr16	82255839	82455839	harbor2	chr16	82256336	82256712	LTR/ERVL-MaLR	2745	-	188	82256524	685
chr16	82255839	82455839	harbor2	chr16	82259638	82259995	LTR/ERVL-MaLR	1151	-	178	82259816	3977
chr16	82255839	82455839	harbor2	chr16	82270925	82271266	LTR/ERVL-MaLR	1860	-	170	82271095	15256
chr16	82255839	82455839	harbor2	chr16	82277389	82277842	LTR/ERVL-MaLR	1411	-	226	82277615	21776
chr16	82255839	82455839	harbor2	chr16	82280723	82281082	LTR/ERVL-MaLR	800	-	180	82280903	25064
chr16	82255839	82455839	harbor2	chr16	82284878	82285017	LTR/ERVL-MaLR	504	-	70	82284948	29109
chr16	82255839	82455839	harbor2	chr16	82288609	82288975	LTR/ERVL-MaLR	2756	-	183	82288792	32953
chr16	82255839	82455839	harbor2	chr16	82301358	82301652	LTR/ERVL-MaLR	769	-	147	82301505	45666
chr16	82255839	82455839	harbor2	chr16	82327745	82328022	LTR/ERVL-MaLR	960	-	138	82327883	72044
chr16	82255839	82455839	harbor2	chr16	82331182	82331603	LTR/ERVL-MaLR	775	-	210	82331392	75553
chr16	82255839	82455839	harbor2	chr16	82339513	82339782	LTR/ERVL-MaLR	692	-	134	82339647	83808
chr16	82255839	82455839	harbor2	chr16	82341425	82341640	LTR/ERVL-MaLR	729	-	108	82341533	85694
chr16	82255839	82455839	harbor2	chr16	82355624	82355990	LTR/ERVL-MaLR	2310	-	183	82355807	99968
chr16	69708865	69908865	harbor2	chr16	69781660	69782001	LTR/ERVL-MaLR	1070	-	170	69781830	72965
chr16	69708865	69908865	harbor2	chr16	69782294	69782320	LTR/ERVL-MaLR	1070	-	13	69782307	73442
chr16	71433858	71633858	harbor2	chr16	71474772	71474921	LTR/ERVL-MaLR	439	-	74	71474846	40988
chr16	75805659	76005659	harbor2	chr16	75834222	75834668	LTR/ERVL-MaLR	2041	-	223	75834445	28786
chr16	75805659	76005659	harbor2	chr16	75835013	75835109	LTR/ERVL-MaLR	2041	-	48	75835061	29402
chr16	75805659	76005659	harbor2	chr16	75835167	75835314	LTR/ERVL-MaLR	882	-	74	75835241	29582
chr16	75805659	76005659	harbor2	chr16	75835315	75835827	LTR/ERVL-MaLR	1705	-	256	75835571	29912
chr16	75805659	76005659	harbor2	chr16	75871425	75871772	LTR/ERVL-MaLR	753	-	174	75871599	65940
chr16	75805659	76005659	harbor2	chr16	75872777	75873149	LTR/ERVL-MaLR	1633	-	186	75872963	67304
chr16	75805659	76005659	harbor2	chr16	75884824	75885191	LTR/ERVL-MaLR	2419	-	184	75885008	79349
chr16	88536992	88736992	harbor2	chr16	88554291	88554675	LTR/ERVL-MaLR	1581	-	192	88554483	17491
chr16	88536992	88736992	harbor2	chr16	88562803	88562911	LTR/ERVL-MaLR	490	-	54	88562857	25865
chr16	88536992	88736992	harbor2	chr16	88563222	88563363	LTR/ERVL-MaLR	417	-	70	88563292	26300
chr16	88536992	88736992	harbor2	chr16	88569365	88569523	LTR/ERVL-MaLR	723	-	79	88569444	32452
chr16	78449054	78649054	harbor2	chr16	78449073	78449431	LTR/ERVL-MaLR	1774	-	179	78449252	198
chr16	78449054	78649054	harbor2	chr16	78464852	78465214	LTR/ERVL-MaLR	2202	-	181	78465033	15979
chr16	78449054	78649054	harbor2	chr16	78469961	78470264	LTR/ERVL-MaLR	579	-	152	78470113	21059
chr16	78449054	78649054	harbor2	chr16	78493946	78494372	LTR/ERVL-MaLR	1687	-	213	78494159	45105
chr16	78449054	78649054	harbor2	chr16	78532552	78532892	LTR/ERVL-MaLR	1983	-	170	78532722	83668
chr16	78449054	78649054	harbor2	chr16	78545653	78546034	LTR/ERVL-MaLR	1676	-	190	78545843	96789
chr16	78449054	78649054	harbor2	chr16	78547543	78547869	LTR/ERVL-MaLR	1963	-	163	78547706	98652
chr16	78449054	78649054	harbor2	chr16	78548179	78548218	LTR/ERVL-MaLR	1963	-	20	78548199	99145
chr16	81648674	81848674	harbor2	chr16	81691110	81691456	LTR/ERVL-MaLR	1561	-	173	81691283	42609
chr16	81648674	81848674	harbor2	chr16	81700436	81700631	LTR/ERVL-MaLR	544	-	98	81700534	51860
chr16	81648674	81848674	harbor2	chr16	81703036	81703266	LTR/ERVL-MaLR	698	-	115	81703151	54477
chr16	81648674	81848674	harbor2	chr16	81718989	81719167	LTR/ERVL-MaLR	457	-	89	81719078	70404
chr16	81648674	81848674	harbor2	chr16	81735431	81735930	LTR/ERVL-MaLR	1959	-	250	81735681	87007
chr16	81648674	81848674	harbor2	chr16	81736210	81736274	LTR/ERVL-MaLR	1959	-	32	81736242	87568
chr16	52305392	52505392	harbor2	chr16	52310578	52311155	LTR/ERVL-MaLR	2333	-	288	52310866	5474
chr16	52305392	52505392	harbor2	chr16	52325502	52325821	LTR/ERVL-MaLR	1343	-	160	52325662	20270
chr16	52305392	52505392	harbor2	chr16	52326119	52326357	LTR/ERVL-MaLR	1343	-	119	52326238	20846
chr16	52305392	52505392	harbor2	chr16	52357777	52358168	LTR/ERVL-MaLR	2191	-	196	52357973	52581
chr16	52305392	52505392	harbor2	chr16	52372984	52373396	LTR/ERVL-MaLR	2523	-	206	52373190	67798
chr16	52305392	52505392	harbor2	chr16	52375912	52376406	LTR/ERVL-MaLR	804	-	247	52376159	70767
chr16	52305392	52505392	harbor2	chr16	52397559	52397918	LTR/ERVL-MaLR	2112	-	180	52397739	92347
chr16	52305392	52505392	harbor2	chr16	52404715	52405055	LTR/ERVL-MaLR	709	-	170	52404885	99493
chr16	52869549	53069549	harbor2	chr16	52884004	52884372	LTR/ERVL-MaLR	2176	-	184	52884188	14639
chr16	52869549	53069549	harbor2	chr16	52894840	52895211	LTR/ERVL-MaLR	1049	-	186	52895026	25477
chr16	52869549	53069549	harbor2	chr16	52910997	52911155	LTR/ERVL-MaLR	755	-	79	52911076	41527
chr16	52869549	53069549	harbor2	chr16	52911425	52911520	LTR/ERVL-MaLR	450	-	48	52911473	41924
chr16	52869549	53069549	harbor2	chr16	52915031	52915586	LTR/ERVL-MaLR	625	-	278	52915309	45760
chr16	52869549	53069549	harbor2	chr16	52959528	52959690	LTR/ERVL-MaLR	733	-	81	52959609	90060
chr16	89781562	89981562	harbor2	chr16	89861539	89862000	LTR/ERVL-MaLR	1516	-	230	89861769	80207
chr16	17117083	17317083	harbor2	chr16	17182195	17182554	LTR/ERVL-MaLR	1382	-	180	17182375	65292
chr16	59507106	59707106	harbor2	chr16	59530818	59531300	LTR/ERVL-MaLR	1712	-	241	59531059	23953
chr16	90105114	90305114	harbor2	chr16	90113853	90114122	LTR/ERVL-MaLR	1101	-	134	90113987	8873
chr16	90105114	90305114	harbor2	chr16	90133141	90133568	LTR/ERVL-MaLR	1400	-	214	90133355	28241
chr16	90105114	90305114	harbor2	chr16	90188831	90189320	LTR/ERVL-MaLR	1896	-	244	90189075	83961
chr16	90105114	90305114	harbor2	chr16	90192824	90193233	LTR/ERVL-MaLR	1132	-	204	90193028	87914
chr16	90105114	90305114	harbor2	chr16	90199165	90199471	LTR/ERVL-MaLR	1076	-	153	90199318	94204
chr16	90105114	90305114	harbor2	chr16	90202723	90202741	LTR/ERVL-MaLR	2104	-	9	90202732	97618
chr16	90105114	90305114	harbor2	chr16	90202774	90203021	LTR/ERVL-MaLR	2104	-	124	90202898	97784
chr16	90105114	90305114	harbor2	chr16	90203315	90203463	LTR/ERVL-MaLR	2104	-	74	90203389	98275
chr16	76155645	76355645	harbor2	chr16	76160233	76160653	LTR/ERVL-MaLR	1913	-	210	76160443	4798
chr16	76155645	76355645	harbor2	chr16	76175380	76175734	LTR/ERVL-MaLR	2116	-	177	76175557	19912
chr16	76155645	76355645	harbor2	chr16	76180134	76180506	LTR/ERVL-MaLR	2457	-	186	76180320	24675
chr16	76155645	76355645	harbor2	chr16	76203232	76203716	LTR/ERVL-MaLR	1984	-	242	76203474	47829
chr16	89983185	90183185	harbor2	chr16	90071080	90071134	LTR/ERVL-MaLR	1700	-	27	90071107	87922
chr16	89983185	90183185	harbor2	chr16	90071429	90071781	LTR/ERVL-MaLR	1700	-	176	90071605	88420
chr16	89983185	90183185	harbor2	chr16	90078620	90078949	LTR/ERVL-MaLR	1822	-	164	90078784	95599
chr16	47907362	48107362	harbor2	chr16	47941886	47942262	LTR/ERVL-MaLR	1119	-	188	47942074	34712
chr16	47907362	48107362	harbor2	chr16	47952925	47953116	LTR/ERVL-MaLR	1208	-	96	47953021	45659
chr16	47907362	48107362	harbor2	chr16	47953182	47953362	LTR/ERVL-MaLR	1208	-	90	47953272	45910
chr16	47907362	48107362	harbor2	chr16	47954991	47955395	LTR/ERVL-MaLR	727	-	202	47955193	47831
chr16	47907362	48107362	harbor2	chr16	48000690	48001020	LTR/ERVL-MaLR	843	-	165	48000855	93493
chr16	47907362	48107362	harbor2	chr16	48006456	48006882	LTR/ERVL-MaLR	2840	-	213	48006669	99307
chr16	12748454	12948454	harbor2	chr16	12759337	12759477	LTR/ERVL-MaLR	450	-	70	12759407	10953
chr16	12748454	12948454	harbor2	chr16	12766319	12766626	LTR/ERVL-MaLR	1798	-	154	12766473	18019
chr16	12748454	12948454	harbor2	chr16	12787760	12788316	LTR/ERVL-MaLR	1909	-	278	12788038	39584
chr16	12748454	12948454	harbor2	chr16	12819642	12819997	LTR/ERVL-MaLR	2400	-	178	12819820	71366
chr16	12748454	12948454	harbor2	chr16	12821853	12822233	LTR/ERVL-MaLR	2107	-	190	12822043	73589
chr16	12748454	12948454	harbor2	chr16	12822440	12822701	LTR/ERVL-MaLR	1658	-	130	12822570	74116
chr16	12748454	12948454	harbor2	chr16	12826595	12826617	LTR/ERVL-MaLR	2029	-	11	12826606	78152
chr16	12748454	12948454	harbor2	chr16	12826977	12827530	LTR/ERVL-MaLR	2029	-	276	12827253	78799
chr16	12748454	12948454	harbor2	chr16	12845475	12845797	LTR/ERVL-MaLR	1277	-	161	12845636	97182
chr16	12748454	12948454	harbor2	chr16	12846111	12846308	LTR/ERVL-MaLR	1277	-	98	12846209	97755
chr16	64840019	65040019	harbor2	chr16	64865805	64866103	LTR/ERVL-MaLR	710	-	149	64865954	25935
chr16	64840019	65040019	harbor2	chr16	64884037	64884433	LTR/ERVL-MaLR	1847	-	198	64884235	44216
chr16	64840019	65040019	harbor2	chr16	64894734	64895116	LTR/ERVL-MaLR	1650	-	191	64894925	54906
chr16	64840019	65040019	harbor2	chr16	64917472	64917835	LTR/ERVL-MaLR	2264	-	182	64917654	77635
chr16	64840019	65040019	harbor2	chr16	64920488	64920858	LTR/ERVL-MaLR	2449	-	185	64920673	80654
chr16	64840019	65040019	harbor2	chr16	64929803	64930204	LTR/ERVL-MaLR	3009	-	200	64930003	89984
chr16	64840019	65040019	harbor2	chr16	64930836	64931177	LTR/ERVL-MaLR	1823	-	170	64931006	90987
chr16	64840019	65040019	harbor2	chr16	64929420	64929802	LTR/ERVL-MaLR	1706	-	191	64929611	89592
chr16	82505647	82705647	harbor2	chr16	82510325	82510529	LTR/ERVL-MaLR	1035	-	102	82510427	4780
chr16	82505647	82705647	harbor2	chr16	82511086	82511249	LTR/ERVL-MaLR	608	-	82	82511168	5521
chr16	82505647	82705647	harbor2	chr16	82512015	82512129	LTR/ERVL-MaLR	534	-	57	82512072	6425
chr16	82505647	82705647	harbor2	chr16	82522221	82522480	LTR/ERVL-MaLR	566	-	130	82522351	16704
chr16	82505647	82705647	harbor2	chr16	82523106	82523572	LTR/ERVL-MaLR	2005	-	233	82523339	17692
chr16	82505647	82705647	harbor2	chr16	82553989	82554084	LTR/ERVL-MaLR	707	-	48	82554037	48390
chr16	82505647	82705647	harbor2	chr16	82554999	82555382	LTR/ERVL-MaLR	2156	-	192	82555191	49544
chr16	82505647	82705647	harbor2	chr16	82555384	82557011	LTR/ERVL-MaLR	10226	-	814	82556198	50551
chr16	82505647	82705647	harbor2	chr16	82557012	82557062	LTR/ERVL-MaLR	1735	-	25	82557037	51390
chr16	82505647	82705647	harbor2	chr16	82559412	82559733	LTR/ERVL-MaLR	1735	-	160	82559572	53925
chr16	82505647	82705647	harbor2	chr16	82562584	82562744	LTR/ERVL-MaLR	944	-	80	82562664	57017
chr16	82505647	82705647	harbor2	chr16	82562740	82562794	LTR/ERVL-MaLR	428	-	27	82562767	57120
chr16	82505647	82705647	harbor2	chr16	82593643	82594036	LTR/ERVL-MaLR	1850	-	196	82593839	88192
chr16	82505647	82705647	harbor2	chr16	82595635	82595941	LTR/ERVL-MaLR	689	-	153	82595788	90141
chr16	82505647	82705647	harbor2	chr16	82599429	82599838	LTR/ERVL-MaLR	529	-	204	82599633	93986
chr16	74422183	74622183	harbor2	chr16	74434198	74434511	LTR/ERVL-MaLR	1658	-	156	74434354	12171
chr16	74422183	74622183	harbor2	chr16	74442743	74443114	LTR/ERVL-MaLR	2127	-	186	74442929	20746
chr16	83009664	83209664	harbor2	chr16	83025279	83025639	LTR/ERVL-MaLR	2635	-	180	83025459	15795
chr16	83009664	83209664	harbor2	chr16	83032335	83032896	LTR/ERVL-MaLR	997	-	280	83032615	22951
chr16	83009664	83209664	harbor2	chr16	83062671	83062962	LTR/ERVL-MaLR	1056	-	146	83062817	53153
chr16	83009664	83209664	harbor2	chr16	83063262	83063472	LTR/ERVL-MaLR	1056	-	105	83063367	53703
chr16	83009664	83209664	harbor2	chr16	83063638	83063871	LTR/ERVL-MaLR	1162	-	116	83063754	54090
chr16	83009664	83209664	harbor2	chr16	83070812	83071182	LTR/ERVL-MaLR	542	-	185	83070997	61333
chr16	83009664	83209664	harbor2	chr16	83081513	83081806	LTR/ERVL-MaLR	1227	-	146	83081659	71995
chr16	83009664	83209664	harbor2	chr16	83082100	83082203	LTR/ERVL-MaLR	1227	-	52	83082152	72488
chr16	83009664	83209664	harbor2	chr16	83082210	83082313	LTR/ERVL-MaLR	538	-	52	83082262	72598
chr16	83009664	83209664	harbor2	chr16	83085066	83085418	LTR/ERVL-MaLR	2860	-	176	83085242	75578
chr16	84324346	84524346	harbor2	chr16	84341874	84342364	LTR/ERVL-MaLR	998	-	245	84342119	17773
chr16	84324346	84524346	harbor2	chr16	84363333	84363751	LTR/ERVL-MaLR	1127	-	209	84363542	39196
chr16	84324346	84524346	harbor2	chr16	84373522	84373698	LTR/ERVL-MaLR	765	-	88	84373610	49264
chr16	84324346	84524346	harbor2	chr16	84384730	84384768	LTR/ERVL-MaLR	2202	-	19	84384749	60403
chr16	84324346	84524346	harbor2	chr16	84385076	84385454	LTR/ERVL-MaLR	2202	-	189	84385265	60919
chr16	84324346	84524346	harbor2	chr16	84385564	84385924	LTR/ERVL-MaLR	1910	-	180	84385744	61398
chr16	84324346	84524346	harbor2	chr16	84394518	84394960	LTR/ERVL-MaLR	1199	-	221	84394739	70393
chr16	84324346	84524346	harbor2	chr16	84414198	84414596	LTR/ERVL-MaLR	684	-	199	84414397	90051
chr16	84324346	84524346	harbor2	chr16	84418790	84418928	LTR/ERVL-MaLR	1398	-	69	84418859	94513
chr16	84324346	84524346	harbor2	chr16	84419238	84419576	LTR/ERVL-MaLR	1398	-	169	84419407	95061
chr16	84324346	84524346	harbor2	chr16	84423419	84423815	LTR/ERVL-MaLR	1130	-	198	84423617	99271
chr16	84324346	84524346	harbor2	chr16	84377432	84377757	LTR/ERVL-MaLR	1490	-	162	84377594	53248
chr16	80197618	80397618	harbor2	chr16	80258102	80258602	LTR/ERVL-MaLR	695	-	250	80258352	60734
chr16	80197618	80397618	harbor2	chr16	80272101	80272447	LTR/ERVL-MaLR	1855	-	173	80272274	74656
chr16	80197618	80397618	harbor2	chr16	80280798	80281148	LTR/ERVL-MaLR	2248	-	175	80280973	83355
chr16	80197618	80397618	harbor2	chr16	80284054	80284541	LTR/ERVL-MaLR	1905	-	244	80284298	86680
chr16	80197618	80397618	harbor2	chr16	80294453	80294921	LTR/ERVL-MaLR	2218	-	234	80294687	97069
chr16	51091425	51291425	harbor2	chr16	51128292	51128694	LTR/ERVL-MaLR	617	-	201	51128493	37068
chr16	51091425	51291425	harbor2	chr16	51168820	51169046	LTR/ERVL-MaLR	464	-	113	51168933	77508
chr16	75062971	75262971	harbor2	chr16	75066862	75067450	LTR/ERVL-MaLR	1209	-	294	75067156	4185
chr16	75062971	75262971	harbor2	chr16	75070934	75071098	LTR/ERVL-MaLR	1662	-	82	75071016	8045
chr16	75062971	75262971	harbor2	chr16	75077596	75078057	LTR/ERVL-MaLR	2005	-	230	75077826	14855
chr16	75062971	75262971	harbor2	chr16	75083915	75084300	LTR/ERVL-MaLR	1050	-	192	75084107	21136
chr16	75062971	75262971	harbor2	chr16	75160174	75160247	LTR/ERVL-MaLR	512	-	36	75160210	97239
chr16	75062971	75262971	harbor2	chr16	75160684	75161008	LTR/ERVL-MaLR	1665	-	162	75160846	97875
chr16	75062971	75262971	harbor2	chr16	75071390	75071751	LTR/ERVL-MaLR	1662	-	180	75071570	8599
chr16	80687316	80887316	harbor2	chr16	80768380	80768685	LTR/ERVL-MaLR	1198	-	152	80768532	81216
chr16	65614012	65814012	harbor2	chr16	65620235	65620632	LTR/ERVL-MaLR	2103	-	198	65620433	6421
chr16	65614012	65814012	harbor2	chr16	65670025	65670462	LTR/ERVL-MaLR	2441	-	218	65670243	56231
chr16	65614012	65814012	harbor2	chr16	65689375	65689909	LTR/ERVL-MaLR	2293	-	267	65689642	75630
chr16	87508778	87708778	harbor2	chr16	87508847	87508987	LTR/ERVL-MaLR	1611	-	70	87508917	139
chr16	87508778	87708778	harbor2	chr16	87509290	87509470	LTR/ERVL-MaLR	1611	-	90	87509380	602
chr16	87508778	87708778	harbor2	chr16	87509720	87509862	LTR/ERVL-MaLR	991	-	71	87509791	1013
chr16	87508778	87708778	harbor2	chr16	87509863	87510556	LTR/ERVL-MaLR	10640	-	346	87510209	1431
chr16	87508778	87708778	harbor2	chr16	87510859	87511222	LTR/ERVL-MaLR	10640	-	182	87511041	2263
chr16	87508778	87708778	harbor2	chr16	87511529	87512122	LTR/ERVL-MaLR	10640	-	296	87511825	3047
chr16	87508778	87708778	harbor2	chr16	87512938	87513054	LTR/ERVL-MaLR	675	-	58	87512996	4218
chr16	87508778	87708778	harbor2	chr16	87519689	87519748	LTR/ERVL-MaLR	648	-	30	87519719	10941
chr16	87508778	87708778	harbor2	chr16	87520087	87520278	LTR/ERVL-MaLR	648	-	96	87520183	11405
chr16	87508778	87708778	harbor2	chr16	87521721	87522043	LTR/ERVL-MaLR	856	-	161	87521882	13104
chr16	87508778	87708778	harbor2	chr16	87522940	87523074	LTR/ERVL-MaLR	480	-	67	87523007	14229
chr16	87508778	87708778	harbor2	chr16	87525028	87525463	LTR/ERVL-MaLR	1120	-	218	87525246	16468
chr16	87508778	87708778	harbor2	chr16	87531783	87532046	LTR/ERVL-MaLR	426	-	132	87531915	23137
chr16	87508778	87708778	harbor2	chr16	87533234	87533553	LTR/ERVL-MaLR	618	-	160	87533394	24616
chr16	87508778	87708778	harbor2	chr16	87535299	87535763	LTR/ERVL-MaLR	1852	-	232	87535531	26753
chr16	87508778	87708778	harbor2	chr16	87536015	87536226	LTR/ERVL-MaLR	901	-	106	87536121	27343
chr16	87508778	87708778	harbor2	chr16	87537193	87537325	LTR/ERVL-MaLR	901	-	66	87537259	28481
chr16	87508778	87708778	harbor2	chr16	87545663	87545719	LTR/ERVL-MaLR	1188	-	28	87545691	36913
chr16	87508778	87708778	harbor2	chr16	87546028	87546522	LTR/ERVL-MaLR	1188	-	247	87546275	37497
chr16	87508778	87708778	harbor2	chr16	87576429	87576782	LTR/ERVL-MaLR	1206	-	176	87576605	67827
chr16	87508778	87708778	harbor2	chr16	87580988	87581291	LTR/ERVL-MaLR	772	-	152	87581140	72362
chr16	87508778	87708778	harbor2	chr16	87585918	87586441	LTR/ERVL-MaLR	1687	-	262	87586180	77402
chr16	87508778	87708778	harbor2	chr16	87599120	87599550	LTR/ERVL-MaLR	1270	-	215	87599335	90557
chr16	65594336	65794336	harbor2	chr16	65620235	65620632	LTR/ERVL-MaLR	2103	-	198	65620433	26097
chr16	65594336	65794336	harbor2	chr16	65670025	65670462	LTR/ERVL-MaLR	2441	-	218	65670243	75907
chr16	65594336	65794336	harbor2	chr16	65689375	65689909	LTR/ERVL-MaLR	2293	-	267	65689642	95306
chr16	89124862	89324862	harbor2	chr16	89146987	89147147	LTR/ERVL-MaLR	780	-	80	89147067	22205
chr16	89124862	89324862	harbor2	chr16	89147565	89147766	LTR/ERVL-MaLR	993	-	100	89147665	22803
chr16	89124862	89324862	harbor2	chr16	89147768	89148093	LTR/ERVL-MaLR	3356	-	162	89147930	23068
chr16	89124862	89324862	harbor2	chr16	89148400	89148719	LTR/ERVL-MaLR	3356	-	160	89148560	23698
chr16	89124862	89324862	harbor2	chr16	89148714	89149077	LTR/ERVL-MaLR	1738	-	182	89148896	24034
chr16	89124862	89324862	harbor2	chr16	89149070	89149356	LTR/ERVL-MaLR	1719	-	143	89149213	24351
chr16	89124862	89324862	harbor2	chr16	89149954	89150113	LTR/ERVL-MaLR	714	-	80	89150034	25172
chr16	82125554	82325554	harbor2	chr16	82134564	82134928	LTR/ERVL-MaLR	686	-	182	82134746	9192
chr16	82125554	82325554	harbor2	chr16	82153887	82154120	LTR/ERVL-MaLR	791	-	116	82154003	28449
chr16	82125554	82325554	harbor2	chr16	82199256	82199529	LTR/ERVL-MaLR	572	-	136	82199392	73838
chr16	82125554	82325554	harbor2	chr16	82211328	82211723	LTR/ERVL-MaLR	2562	-	198	82211526	85972
chr16	64645605	64845605	harbor2	chr16	64649918	64650291	LTR/ERVL-MaLR	2009	-	186	64650104	4499
chr16	64645605	64845605	harbor2	chr16	64651678	64652038	LTR/ERVL-MaLR	2184	-	180	64651858	6253
chr16	64645605	64845605	harbor2	chr16	64683147	64683503	LTR/ERVL-MaLR	2123	-	178	64683325	37720
chr16	64645605	64845605	harbor2	chr16	64684203	64684558	LTR/ERVL-MaLR	2265	-	178	64684381	38776
chr16	64645605	64845605	harbor2	chr16	64704497	64705039	LTR/ERVL-MaLR	636	-	271	64704768	59163
chr16	64645605	64845605	harbor2	chr16	64720732	64721069	LTR/ERVL-MaLR	925	-	168	64720900	75295
chr16	64645605	64845605	harbor2	chr16	64743371	64743861	LTR/ERVL-MaLR	949	-	245	64743616	98011
chr16	64645605	64845605	harbor2	chr16	64650292	64651675	LTR/ERVL-MaLR	7918	-	692	64650984	5379
chr16	20689644	20889644	harbor2	chr16	20715767	20716177	LTR/ERVL-MaLR	600	-	205	20715972	26328
chr16	20689644	20889644	harbor2	chr16	20716929	20717472	LTR/ERVL-MaLR	1025	-	272	20717201	27557
chr16	20689644	20889644	harbor2	chr16	20729730	20730040	LTR/ERVL-MaLR	757	-	155	20729885	40241
chr16	50045039	50245039	harbor2	chr16	50093260	50093404	LTR/ERVL-MaLR	679	-	72	50093332	48293
chr16	50045039	50245039	harbor2	chr16	50093638	50094042	LTR/ERVL-MaLR	1231	-	202	50093840	48801
chr16	50045039	50245039	harbor2	chr16	50123637	50124012	LTR/ERVL-MaLR	1115	-	188	50123825	78786
chr16	50045039	50245039	harbor2	chr16	50124883	50125045	LTR/ERVL-MaLR	665	-	81	50124964	79925
chr16	50045039	50245039	harbor2	chr16	50129725	50129795	LTR/ERVL-MaLR	2297	-	35	50129760	84721
chr16	50045039	50245039	harbor2	chr16	50130048	50130398	LTR/ERVL-MaLR	2297	-	175	50130223	85184
chr16	71971474	72171474	harbor2	chr16	71995027	71995345	LTR/ERVL-MaLR	1053	-	159	71995186	23712
chr16	71971474	72171474	harbor2	chr16	72035396	72035733	LTR/ERVL-MaLR	2391	-	168	72035564	64090
chr16	71971474	72171474	harbor2	chr16	72038165	72038345	LTR/ERVL-MaLR	1421	-	90	72038255	66781
chr16	71971474	72171474	harbor2	chr16	72038633	72038650	LTR/ERVL-MaLR	1421	-	8	72038641	67167
chr16	71971474	72171474	harbor2	chr16	72038851	72038956	LTR/ERVL-MaLR	1421	-	52	72038903	67429
chr16	71971474	72171474	harbor2	chr16	72040971	72041343	LTR/ERVL-MaLR	2811	-	186	72041157	69683
chr16	71971474	72171474	harbor2	chr16	72050899	72051324	LTR/ERVL-MaLR	827	-	212	72051111	79637
chr16	50305798	50505798	harbor2	chr16	50369790	50370156	LTR/ERVL-MaLR	514	-	183	50369973	64175
chr16	50305798	50505798	harbor2	chr16	50378595	50379055	LTR/ERVL-MaLR	903	-	230	50378825	73027
chr16	50305798	50505798	harbor2	chr16	50392151	50392510	LTR/ERVL-MaLR	2249	-	180	50392331	86533
chr16	50305798	50505798	harbor2	chr16	50398009	50398226	LTR/ERVL-MaLR	747	-	108	50398117	92319
chr16	50305798	50505798	harbor2	chr16	50398411	50398708	LTR/ERVL-MaLR	1182	-	148	50398559	92761
chr16	50305798	50505798	harbor2	chr16	50398773	50399046	LTR/ERVL-MaLR	572	-	136	50398909	93111
chr16	90099264	90299264	harbor2	chr16	90113853	90114122	LTR/ERVL-MaLR	1101	-	134	90113987	14723
chr16	90099264	90299264	harbor2	chr16	90133141	90133568	LTR/ERVL-MaLR	1400	-	214	90133355	34091
chr16	90099264	90299264	harbor2	chr16	90188831	90189320	LTR/ERVL-MaLR	1896	-	244	90189075	89811
chr16	90099264	90299264	harbor2	chr16	90192824	90193233	LTR/ERVL-MaLR	1132	-	204	90193028	93764
chr16	78399454	78599454	harbor2	chr16	78409511	78409940	LTR/ERVL-MaLR	1637	-	214	78409725	10271
chr16	78399454	78599454	harbor2	chr16	78410318	78410425	LTR/ERVL-MaLR	1637	-	54	78410372	10918
chr16	78399454	78599454	harbor2	chr16	78410417	78410527	LTR/ERVL-MaLR	1909	-	55	78410472	11018
chr16	78399454	78599454	harbor2	chr16	78410829	78411239	LTR/ERVL-MaLR	1909	-	205	78411034	11580
chr16	78399454	78599454	harbor2	chr16	78421137	78421541	LTR/ERVL-MaLR	1474	-	202	78421339	21885
chr16	78399454	78599454	harbor2	chr16	78448307	78448484	LTR/ERVL-MaLR	1774	-	88	78448395	48941
chr16	78399454	78599454	harbor2	chr16	78449073	78449431	LTR/ERVL-MaLR	1774	-	179	78449252	49798
chr16	78399454	78599454	harbor2	chr16	78464852	78465214	LTR/ERVL-MaLR	2202	-	181	78465033	65579
chr16	78399454	78599454	harbor2	chr16	78469961	78470264	LTR/ERVL-MaLR	579	-	152	78470113	70659
chr16	78399454	78599454	harbor2	chr16	78493946	78494372	LTR/ERVL-MaLR	1687	-	213	78494159	94705
chr16	78399454	78599454	harbor2	chr16	78429993	78430348	LTR/ERVL-MaLR	2349	-	178	78430171	30717
chr16	83057426	83257426	harbor2	chr16	83062671	83062962	LTR/ERVL-MaLR	1056	-	146	83062817	5391
chr16	83057426	83257426	harbor2	chr16	83063262	83063472	LTR/ERVL-MaLR	1056	-	105	83063367	5941
chr16	83057426	83257426	harbor2	chr16	83063638	83063871	LTR/ERVL-MaLR	1162	-	116	83063754	6328
chr16	83057426	83257426	harbor2	chr16	83070812	83071182	LTR/ERVL-MaLR	542	-	185	83070997	13571
chr16	83057426	83257426	harbor2	chr16	83081513	83081806	LTR/ERVL-MaLR	1227	-	146	83081659	24233
chr16	83057426	83257426	harbor2	chr16	83082100	83082203	LTR/ERVL-MaLR	1227	-	52	83082152	24726
chr16	83057426	83257426	harbor2	chr16	83082210	83082313	LTR/ERVL-MaLR	538	-	52	83082262	24836
chr16	83057426	83257426	harbor2	chr16	83085066	83085418	LTR/ERVL-MaLR	2860	-	176	83085242	27816
chr16	73133967	73333967	harbor2	chr16	73209287	73209658	LTR/ERVL-MaLR	1763	-	186	73209473	75506
chr16	27295733	27495733	harbor2	chr16	27302505	27302819	LTR/ERVL-MaLR	741	-	157	27302662	6929
chr16	27295733	27495733	harbor2	chr16	27332161	27332534	LTR/ERVL-MaLR	2278	-	186	27332347	36614
chr16	27295733	27495733	harbor2	chr16	27348441	27348875	LTR/ERVL-MaLR	1368	-	217	27348658	52925
chr16	27295733	27495733	harbor2	chr16	27350940	27351470	LTR/ERVL-MaLR	1388	-	265	27351205	55472
chr16	27295733	27495733	harbor2	chr16	27352842	27353037	LTR/ERVL-MaLR	665	-	98	27352940	57207
chr16	27295733	27495733	harbor2	chr16	27353945	27354115	LTR/ERVL-MaLR	468	-	85	27354030	58297
chr16	27295733	27495733	harbor2	chr16	27359807	27360012	LTR/ERVL-MaLR	1143	-	102	27359909	64176
chr16	27295733	27495733	harbor2	chr16	27360314	27360556	LTR/ERVL-MaLR	1143	-	121	27360435	64702
chr16	27295733	27495733	harbor2	chr16	27384696	27384903	LTR/ERVL-MaLR	574	-	104	27384800	89067
chr16	27295733	27495733	harbor2	chr16	27385948	27386046	LTR/ERVL-MaLR	547	-	49	27385997	90264
chr16	27295733	27495733	harbor2	chr16	27386219	27386479	LTR/ERVL-MaLR	768	-	130	27386349	90616
chr16	27295733	27495733	harbor2	chr16	27387891	27388066	LTR/ERVL-MaLR	770	-	88	27387979	92246
chr16	27295733	27495733	harbor2	chr16	27388418	27388668	LTR/ERVL-MaLR	457	-	125	27388543	92810
chr16	27295733	27495733	harbor2	chr16	27389647	27390014	LTR/ERVL-MaLR	2366	-	184	27389831	94098
chr16	82951413	83151413	harbor2	chr16	82956815	82957285	LTR/ERVL-MaLR	517	-	235	82957050	5637
chr16	82951413	83151413	harbor2	chr16	82959361	82959736	LTR/ERVL-MaLR	755	-	188	82959549	8136
chr16	82951413	83151413	harbor2	chr16	82982335	82982493	LTR/ERVL-MaLR	642	-	79	82982414	31001
chr16	82951413	83151413	harbor2	chr16	83004968	83005176	LTR/ERVL-MaLR	532	-	104	83005072	53659
chr16	82951413	83151413	harbor2	chr16	83008783	83009155	LTR/ERVL-MaLR	2441	-	186	83008969	57556
chr16	82951413	83151413	harbor2	chr16	83025279	83025639	LTR/ERVL-MaLR	2635	-	180	83025459	74046
chr16	82951413	83151413	harbor2	chr16	83032335	83032896	LTR/ERVL-MaLR	997	-	280	83032615	81202
chr16	82613937	82813937	harbor2	chr16	82620071	82620397	LTR/ERVL-MaLR	447	-	163	82620234	6297
chr16	82613937	82813937	harbor2	chr16	82624666	82624838	LTR/ERVL-MaLR	498	-	86	82624752	10815
chr16	82613937	82813937	harbor2	chr16	82685153	82685511	LTR/ERVL-MaLR	1890	-	179	82685332	71395
chr16	82613937	82813937	harbor2	chr16	82687370	82687731	LTR/ERVL-MaLR	2468	-	180	82687550	73613
chr16	82613937	82813937	harbor2	chr16	82692279	82692642	LTR/ERVL-MaLR	2392	-	182	82692461	78524
chr16	82613937	82813937	harbor2	chr16	82696714	82697220	LTR/ERVL-MaLR	1709	-	253	82696967	83030
chr16	82613937	82813937	harbor2	chr16	82701432	82701978	LTR/ERVL-MaLR	1230	-	273	82701705	87768
chr16	10565624	10765624	harbor2	chr16	10611868	10612078	LTR/ERVL-MaLR	602	-	105	10611973	46349
chr16	51621469	51821469	harbor2	chr16	51621562	51621798	LTR/ERVL-MaLR	704	-	118	51621680	211
chr16	51621469	51821469	harbor2	chr16	51632348	51632724	LTR/ERVL-MaLR	1967	-	188	51632536	11067
chr16	51621469	51821469	harbor2	chr16	51640030	51640460	LTR/ERVL-MaLR	1836	-	215	51640245	18776
chr16	51621469	51821469	harbor2	chr16	51640919	51641272	LTR/ERVL-MaLR	2555	-	176	51641095	19626
chr16	51621469	51821469	harbor2	chr16	51647494	51647932	LTR/ERVL-MaLR	569	-	219	51647713	26244
chr16	51621469	51821469	harbor2	chr16	51649017	51649188	LTR/ERVL-MaLR	730	-	86	51649103	27634
chr16	51621469	51821469	harbor2	chr16	51649464	51649708	LTR/ERVL-MaLR	730	-	122	51649586	28117
chr16	51621469	51821469	harbor2	chr16	51659526	51659846	LTR/ERVL-MaLR	797	-	160	51659686	38217
chr16	51621469	51821469	harbor2	chr16	51685492	51685945	LTR/ERVL-MaLR	1915	-	226	51685718	64249
chr16	51621469	51821469	harbor2	chr16	51686893	51687329	LTR/ERVL-MaLR	1623	-	218	51687111	65642
chr16	64909815	65109815	harbor2	chr16	64917472	64917835	LTR/ERVL-MaLR	2264	-	182	64917654	7839
chr16	64909815	65109815	harbor2	chr16	64920488	64920858	LTR/ERVL-MaLR	2449	-	185	64920673	10858
chr16	64909815	65109815	harbor2	chr16	64929803	64930204	LTR/ERVL-MaLR	3009	-	200	64930003	20188
chr16	64909815	65109815	harbor2	chr16	64930836	64931177	LTR/ERVL-MaLR	1823	-	170	64931006	21191
chr16	64909815	65109815	harbor2	chr16	64929420	64929802	LTR/ERVL-MaLR	1706	-	191	64929611	19796
chr16	77612590	77812590	harbor2	chr16	77613539	77614010	LTR/ERVL-MaLR	1510	-	236	77613775	1185
chr16	77612590	77812590	harbor2	chr16	77614842	77615255	LTR/ERVL-MaLR	2190	-	206	77615048	2458
chr16	77612590	77812590	harbor2	chr16	77632205	77632435	LTR/ERVL-MaLR	1338	-	115	77632320	19730
chr16	77612590	77812590	harbor2	chr16	77632436	77632769	LTR/ERVL-MaLR	1883	-	166	77632602	20012
chr16	77612590	77812590	harbor2	chr16	77633422	77633523	LTR/ERVL-MaLR	470	-	50	77633472	20882
chr16	77612590	77812590	harbor2	chr16	77657360	77657729	LTR/ERVL-MaLR	2403	-	184	77657544	44954
chr16	77612590	77812590	harbor2	chr16	77667636	77667932	LTR/ERVL-MaLR	988	-	148	77667784	55194
chr16	77612590	77812590	harbor2	chr16	77668191	77668386	LTR/ERVL-MaLR	541	-	98	77668289	55699
chr16	77612590	77812590	harbor2	chr16	77678075	77678451	LTR/ERVL-MaLR	2776	-	188	77678263	65673
chr16	77612590	77812590	harbor2	chr16	77686202	77686409	LTR/ERVL-MaLR	787	-	104	77686306	73716
chr16	77612590	77812590	harbor2	chr16	77690329	77690744	LTR/ERVL-MaLR	2460	-	208	77690537	77947
chr16	77612590	77812590	harbor2	chr16	77711210	77711493	LTR/ERVL-MaLR	428	-	142	77711352	98762
chr16	83433773	83633773	harbor2	chr16	83451143	83451502	LTR/ERVL-MaLR	2733	-	180	83451323	17550
chr16	83433773	83633773	harbor2	chr16	83463257	83463518	LTR/ERVL-MaLR	1084	-	130	83463387	29614
chr16	83433773	83633773	harbor2	chr16	83463822	83463967	LTR/ERVL-MaLR	1084	-	72	83463894	30121
chr16	83433773	83633773	harbor2	chr16	83470779	83471273	LTR/ERVL-MaLR	2069	-	247	83471026	37253
chr16	83433773	83633773	harbor2	chr16	83513430	83513806	LTR/ERVL-MaLR	2499	-	188	83513618	79845
chr16	83433773	83633773	harbor2	chr16	83517286	83517481	LTR/ERVL-MaLR	755	-	98	83517384	83611
chr16	79614129	79814129	harbor2	chr16	79661593	79662062	LTR/ERVL-MaLR	2236	-	234	79661827	47698
chr16	79614129	79814129	harbor2	chr16	79670674	79670978	LTR/ERVL-MaLR	1462	-	152	79670826	56697
chr16	68483543	68683543	harbor2	chr16	68494306	68494685	LTR/ERVL-MaLR	2681	-	190	68494496	10953
chr16	68483543	68683543	harbor2	chr16	68515563	68515913	LTR/ERVL-MaLR	1943	-	175	68515738	32195
chr16	67349501	67549501	harbor2	chr16	67369565	67369925	LTR/ERVL-MaLR	2954	-	180	67369745	20244
chr16	86233989	86433989	harbor2	chr16	86246097	86246381	LTR/ERVL-MaLR	444	-	142	86246239	12250
chr16	86233989	86433989	harbor2	chr16	86268923	86269354	LTR/ERVL-MaLR	1326	-	216	86269139	35150
chr16	86233989	86433989	harbor2	chr16	86276596	86276791	LTR/ERVL-MaLR	2094	-	98	86276694	42705
chr16	86233989	86433989	harbor2	chr16	86277111	86277288	LTR/ERVL-MaLR	2094	-	88	86277199	43210
chr16	86233989	86433989	harbor2	chr16	86331804	86332065	LTR/ERVL-MaLR	1148	-	130	86331934	97945
chr16	69191513	69391513	harbor2	chr16	69194607	69194863	LTR/ERVL-MaLR	922	-	128	69194735	3222
chr16	69191513	69391513	harbor2	chr16	69195457	69195589	LTR/ERVL-MaLR	448	-	66	69195523	4010
chr16	61692513	61892513	harbor2	chr16	61734823	61735281	LTR/ERVL-MaLR	910	-	229	61735052	42539
chr16	89877231	90077231	harbor2	chr16	89951697	89951798	LTR/ERVL-MaLR	442	-	50	89951747	74516
chr16	89877231	90077231	harbor2	chr16	89957851	89958204	LTR/ERVL-MaLR	586	-	176	89958027	80796
chr16	74990404	75190404	harbor2	chr16	75038096	75038626	LTR/ERVL-MaLR	855	-	265	75038361	47957
chr16	74990404	75190404	harbor2	chr16	75047742	75047954	LTR/ERVL-MaLR	2352	-	106	75047848	57444
chr16	74990404	75190404	harbor2	chr16	75048248	75048428	LTR/ERVL-MaLR	2352	-	90	75048338	57934
chr16	74990404	75190404	harbor2	chr16	75066862	75067450	LTR/ERVL-MaLR	1209	-	294	75067156	76752
chr16	74990404	75190404	harbor2	chr16	75070934	75071098	LTR/ERVL-MaLR	1662	-	82	75071016	80612
chr16	74990404	75190404	harbor2	chr16	75077596	75078057	LTR/ERVL-MaLR	2005	-	230	75077826	87422
chr16	74990404	75190404	harbor2	chr16	75083915	75084300	LTR/ERVL-MaLR	1050	-	192	75084107	93703
chr16	74990404	75190404	harbor2	chr16	75071390	75071751	LTR/ERVL-MaLR	1662	-	180	75071570	81166
chr16	58071046	58271046	harbor2	chr16	58074106	58074416	LTR/ERVL-MaLR	1853	-	155	58074261	3215
chr16	58071046	58271046	harbor2	chr16	58074722	58074841	LTR/ERVL-MaLR	1853	-	60	58074782	3736
chr16	58071046	58271046	harbor2	chr16	58102755	58102963	LTR/ERVL-MaLR	461	-	104	58102859	31813
chr16	58071046	58271046	harbor2	chr16	58106288	58106475	LTR/ERVL-MaLR	2210	-	94	58106382	35336
chr16	58071046	58271046	harbor2	chr16	58106786	58106816	LTR/ERVL-MaLR	2210	-	15	58106801	35755
chr16	58071046	58271046	harbor2	chr16	58107133	58107270	LTR/ERVL-MaLR	2210	-	68	58107201	36155
chr16	58071046	58271046	harbor2	chr16	58144163	58144525	LTR/ERVL-MaLR	2387	-	181	58144344	73298
chr16	58071046	58271046	harbor2	chr16	58148007	58148404	LTR/ERVL-MaLR	1373	-	198	58148205	77159
chr16	86864969	87064969	harbor2	chr16	86923532	86923896	LTR/ERVL-MaLR	590	-	182	86923714	58745
chr16	86864969	87064969	harbor2	chr16	86961701	86962131	LTR/ERVL-MaLR	1118	-	215	86961916	96947
chr16	86864969	87064969	harbor2	chr16	86963476	86963903	LTR/ERVL-MaLR	1504	-	214	86963690	98721
chr16	83964755	84164755	harbor2	chr16	84015656	84015710	LTR/ERVL-MaLR	2095	-	27	84015683	50928
chr16	83964755	84164755	harbor2	chr16	84015979	84016309	LTR/ERVL-MaLR	2095	-	165	84016144	51389
chr16	83964755	84164755	harbor2	chr16	84018013	84018223	LTR/ERVL-MaLR	1316	-	105	84018118	53363
chr16	83964755	84164755	harbor2	chr16	84018519	84018596	LTR/ERVL-MaLR	1316	-	38	84018557	53802
chr16	83964755	84164755	harbor2	chr16	84019449	84019582	LTR/ERVL-MaLR	661	-	66	84019515	54760
chr16	83964755	84164755	harbor2	chr16	84019583	84020138	LTR/ERVL-MaLR	4553	-	278	84019861	55106
chr16	83964755	84164755	harbor2	chr16	84020448	84021081	LTR/ERVL-MaLR	4553	-	316	84020764	56009
chr16	83964755	84164755	harbor2	chr16	84021365	84021721	LTR/ERVL-MaLR	4553	-	178	84021543	56788
chr16	83964755	84164755	harbor2	chr16	84021724	84022140	LTR/ERVL-MaLR	2747	-	208	84021932	57177
chr16	83964755	84164755	harbor2	chr16	84033902	84034086	LTR/ERVL-MaLR	427	-	92	84033994	69239
chr16	83964755	84164755	harbor2	chr16	84034111	84034389	LTR/ERVL-MaLR	443	-	139	84034250	69495
chr16	83964755	84164755	harbor2	chr16	84044212	84044618	LTR/ERVL-MaLR	1054	-	203	84044415	79660
chr16	88079771	88279771	harbor2	chr16	88107198	88107558	LTR/ERVL-MaLR	2000	-	180	88107378	27607
chr16	88079771	88279771	harbor2	chr16	88153696	88153816	LTR/ERVL-MaLR	545	-	60	88153756	73985
chr16	88079771	88279771	harbor2	chr16	88153849	88154039	LTR/ERVL-MaLR	420	-	95	88153944	74173
chr16	83175068	83375068	harbor2	chr16	83195285	83195708	LTR/ERVL-MaLR	2326	-	212	83195497	20429
chr16	83175068	83375068	harbor2	chr16	83204670	83205042	LTR/ERVL-MaLR	1215	-	186	83204856	29788
chr16	83175068	83375068	harbor2	chr16	83223096	83223497	LTR/ERVL-MaLR	1451	-	200	83223296	48228
chr16	83175068	83375068	harbor2	chr16	83233407	83233885	LTR/ERVL-MaLR	1769	-	239	83233646	58578
chr16	83175068	83375068	harbor2	chr16	83238166	83238528	LTR/ERVL-MaLR	2536	-	181	83238347	63279
chr16	83175068	83375068	harbor2	chr16	83243202	83243560	LTR/ERVL-MaLR	2321	-	179	83243381	68313
chr16	83175068	83375068	harbor2	chr16	83267143	83267449	LTR/ERVL-MaLR	987	-	153	83267296	92228
chr16	83175068	83375068	harbor2	chr16	83267848	83267990	LTR/ERVL-MaLR	987	-	71	83267919	92851
chr16	75515300	75715300	harbor2	chr16	75519613	75519762	LTR/ERVL-MaLR	632	-	74	75519687	4387
chr16	75515300	75715300	harbor2	chr16	75525084	75525230	LTR/ERVL-MaLR	457	-	73	75525157	9857
chr16	75515300	75715300	harbor2	chr16	75588171	75588411	LTR/ERVL-MaLR	2100	-	120	75588291	72991
chr16	75515300	75715300	harbor2	chr16	75588709	75588825	LTR/ERVL-MaLR	2100	-	58	75588767	73467
chr16	75515300	75715300	harbor2	chr16	75599395	75599790	LTR/ERVL-MaLR	477	-	198	75599593	84293
chr16	75515300	75715300	harbor2	chr16	75579294	75579512	LTR/ERVL-MaLR	604	-	109	75579403	64103
chr16	27197045	27397045	harbor2	chr16	27285897	27286308	LTR/ERVL-MaLR	426	-	206	27286103	89058
chr16	27197045	27397045	harbor2	chr16	27290416	27290765	LTR/ERVL-MaLR	908	-	174	27290590	93545
chr16	70161004	70361004	harbor2	chr16	70169994	70170334	LTR/ERVL-MaLR	1964	-	170	70170164	9160
chr16	70161004	70361004	harbor2	chr16	70180776	70181249	LTR/ERVL-MaLR	1529	-	236	70181012	20008
chr16	70161004	70361004	harbor2	chr16	70192621	70192744	LTR/ERVL-MaLR	417	-	62	70192683	31679
chr16	85607493	85807493	harbor2	chr16	85629860	85630350	LTR/ERVL-MaLR	1284	-	245	85630105	22612
chr16	85607493	85807493	harbor2	chr16	85649000	85649306	LTR/ERVL-MaLR	1127	-	153	85649153	41660
chr16	88897369	89097369	harbor2	chr16	88987789	88987938	LTR/ERVL-MaLR	459	-	74	88987863	90494
chr16	88897369	89097369	harbor2	chr16	88988168	88988210	LTR/ERVL-MaLR	670	-	21	88988189	90820
chr16	88897369	89097369	harbor2	chr16	88988519	88988700	LTR/ERVL-MaLR	670	-	90	88988609	91240
chr16	88897369	89097369	harbor2	chr16	88996567	88997042	LTR/ERVL-MaLR	842	-	238	88996805	99436
chr16	80249266	80449266	harbor2	chr16	80258102	80258602	LTR/ERVL-MaLR	695	-	250	80258352	9086
chr16	80249266	80449266	harbor2	chr16	80272101	80272447	LTR/ERVL-MaLR	1855	-	173	80272274	23008
chr16	80249266	80449266	harbor2	chr16	80280798	80281148	LTR/ERVL-MaLR	2248	-	175	80280973	31707
chr16	80249266	80449266	harbor2	chr16	80284054	80284541	LTR/ERVL-MaLR	1905	-	244	80284298	35032
chr16	80249266	80449266	harbor2	chr16	80294453	80294921	LTR/ERVL-MaLR	2218	-	234	80294687	45421
chr16	80249266	80449266	harbor2	chr16	80307219	80307586	LTR/ERVL-MaLR	1779	-	184	80307403	58137
chr16	80249266	80449266	harbor2	chr16	80314577	80314869	LTR/ERVL-MaLR	1097	-	146	80314723	65457
chr16	80249266	80449266	harbor2	chr16	80315167	80315290	LTR/ERVL-MaLR	1097	-	62	80315229	65963
chr16	80249266	80449266	harbor2	chr16	80323515	80324007	LTR/ERVL-MaLR	1512	-	246	80323761	74495
chr16	80249266	80449266	harbor2	chr16	80329454	80329585	LTR/ERVL-MaLR	494	-	66	80329520	80254
chr16	80249266	80449266	harbor2	chr16	80336204	80336607	LTR/ERVL-MaLR	2262	-	202	80336406	87140
chr16	59781518	59981518	harbor2	chr16	59847126	59847528	LTR/ERVL-MaLR	2055	-	201	59847327	65809
chr16	77373932	77573932	harbor2	chr16	77375712	77375874	LTR/ERVL-MaLR	1783	-	81	77375793	1861
chr16	77373932	77573932	harbor2	chr16	77376203	77376420	LTR/ERVL-MaLR	1783	-	108	77376311	2379
chr16	77373932	77573932	harbor2	chr16	77405596	77405913	LTR/ERVL-MaLR	1094	-	158	77405754	31822
chr16	77373932	77573932	harbor2	chr16	77412523	77412884	LTR/ERVL-MaLR	2330	-	180	77412703	38771
chr16	77373932	77573932	harbor2	chr16	77418801	77418869	LTR/ERVL-MaLR	2049	-	34	77418835	44903
chr16	77373932	77573932	harbor2	chr16	77419163	77419716	LTR/ERVL-MaLR	2049	-	276	77419439	45507
chr16	56085230	56285230	harbor2	chr16	56141905	56142316	LTR/ERVL-MaLR	2624	-	206	56142111	56881
chr16	56085230	56285230	harbor2	chr16	56161869	56162445	LTR/ERVL-MaLR	1255	-	288	56162157	76927
chr16	56085230	56285230	harbor2	chr16	56168828	56169048	LTR/ERVL-MaLR	680	-	110	56168938	83708
chr16	56085230	56285230	harbor2	chr16	56174528	56175002	LTR/ERVL-MaLR	1812	-	237	56174765	89535
chr16	82627225	82827225	harbor2	chr16	82685153	82685511	LTR/ERVL-MaLR	1890	-	179	82685332	58107
chr16	82627225	82827225	harbor2	chr16	82687370	82687731	LTR/ERVL-MaLR	2468	-	180	82687550	60325
chr16	82627225	82827225	harbor2	chr16	82692279	82692642	LTR/ERVL-MaLR	2392	-	182	82692461	65236
chr16	82627225	82827225	harbor2	chr16	82696714	82697220	LTR/ERVL-MaLR	1709	-	253	82696967	69742
chr16	82627225	82827225	harbor2	chr16	82701432	82701978	LTR/ERVL-MaLR	1230	-	273	82701705	74480
chr16	82627225	82827225	harbor2	chr16	82717546	82717842	LTR/ERVL-MaLR	756	-	148	82717694	90469
chr16	82627225	82827225	harbor2	chr16	82718548	82718887	LTR/ERVL-MaLR	2123	-	170	82718718	91493
chr16	82627225	82827225	harbor2	chr16	82722197	82722694	LTR/ERVL-MaLR	1050	-	248	82722445	95220
chr16	68049123	68249123	harbor2	chr16	68094868	68095156	LTR/ERVL-MaLR	749	-	144	68095012	45889
chr16	20665978	20865978	harbor2	chr16	20715767	20716177	LTR/ERVL-MaLR	600	-	205	20715972	49994
chr16	20665978	20865978	harbor2	chr16	20716929	20717472	LTR/ERVL-MaLR	1025	-	272	20717201	51223
chr16	20665978	20865978	harbor2	chr16	20729730	20730040	LTR/ERVL-MaLR	757	-	155	20729885	63907
chr16	24390079	24590079	harbor2	chr16	24396850	24397103	LTR/ERVL-MaLR	1977	-	126	24396976	6897
chr16	24390079	24590079	harbor2	chr16	24397415	24397612	LTR/ERVL-MaLR	1977	-	98	24397513	7434
chr16	24390079	24590079	harbor2	chr16	24405395	24405817	LTR/ERVL-MaLR	2324	-	211	24405606	15527
chr16	24390079	24590079	harbor2	chr16	24408283	24408418	LTR/ERVL-MaLR	2143	-	68	24408351	18272
chr16	24390079	24590079	harbor2	chr16	24408721	24408987	LTR/ERVL-MaLR	2143	-	133	24408854	18775
chr16	24390079	24590079	harbor2	chr16	24435460	24435603	LTR/ERVL-MaLR	505	-	72	24435532	45453
chr16	24390079	24590079	harbor2	chr16	24448827	24449021	LTR/ERVL-MaLR	1085	-	97	24448924	58845
chr16	24390079	24590079	harbor2	chr16	24449628	24450002	LTR/ERVL-MaLR	2997	-	187	24449815	59736
chr16	24390079	24590079	harbor2	chr16	24465070	24465448	LTR/ERVL-MaLR	2445	-	189	24465259	75180
chr16	24390079	24590079	harbor2	chr16	24466563	24467085	LTR/ERVL-MaLR	1862	-	261	24466824	76745
chr16	24390079	24590079	harbor2	chr16	24475342	24475740	LTR/ERVL-MaLR	2228	-	199	24475541	85462
chr16	24390079	24590079	harbor2	chr16	24477034	24477296	LTR/ERVL-MaLR	725	-	131	24477165	87086
chr16	24390079	24590079	harbor2	chr16	24483359	24483714	LTR/ERVL-MaLR	1623	-	178	24483537	93458
chr16	24390079	24590079	harbor2	chr16	24477617	24477815	LTR/ERVL-MaLR	725	-	99	24477716	87637
chr16	81122240	81322240	harbor2	chr16	81161036	81161408	LTR/ERVL-MaLR	1245	-	186	81161222	38982
chr16	81122240	81322240	harbor2	chr16	81209444	81209511	LTR/ERVL-MaLR	594	-	34	81209478	87238
chr16	81122240	81322240	harbor2	chr16	81209816	81209828	LTR/ERVL-MaLR	594	-	6	81209822	87582
chr16	81122240	81322240	harbor2	chr16	81210133	81210241	LTR/ERVL-MaLR	594	-	54	81210187	87947
chr16	80606320	80806320	harbor2	chr16	80618903	80619351	LTR/ERVL-MaLR	1400	-	224	80619127	12807
chr16	80606320	80806320	harbor2	chr16	80625064	80625578	LTR/ERVL-MaLR	1955	-	257	80625321	19001
chr16	80606320	80806320	harbor2	chr16	80642549	80642902	LTR/ERVL-MaLR	2368	-	176	80642725	36405
chr16	80606320	80806320	harbor2	chr16	80642903	80644477	LTR/ERVL-MaLR	11645	-	787	80643690	37370
chr16	80606320	80806320	harbor2	chr16	80644478	80644721	LTR/ERVL-MaLR	1573	-	122	80644600	38280
chr16	80606320	80806320	harbor2	chr16	80646158	80646254	LTR/ERVL-MaLR	682	-	48	80646206	39886
chr16	81021343	81221343	harbor2	chr16	81029858	81030209	LTR/ERVL-MaLR	2160	-	176	81030034	8691
chr16	81021343	81221343	harbor2	chr16	81069234	81069615	LTR/ERVL-MaLR	964	-	190	81069424	48081
chr16	72258615	72458615	harbor2	chr16	72258608	72258972	LTR/ERVL-MaLR	1562	-	182	72258790	175
chr16	72258615	72458615	harbor2	chr16	72291092	72291492	LTR/ERVL-MaLR	1029	-	200	72291292	32677
chr16	72258615	72458615	harbor2	chr16	72298438	72298828	LTR/ERVL-MaLR	1318	-	195	72298633	40018
chr16	72258615	72458615	harbor2	chr16	72304674	72305027	LTR/ERVL-MaLR	2340	-	176	72304850	46235
chr16	72258615	72458615	harbor2	chr16	72319249	72320859	LTR/ERVL-MaLR	10278	-	805	72320054	61439
chr16	72258615	72458615	harbor2	chr16	72320863	72321241	LTR/ERVL-MaLR	2058	-	189	72321052	62437
chr16	72258615	72458615	harbor2	chr16	72318871	72319248	LTR/ERVL-MaLR	2319	-	188	72319059	60444
chr16	88915749	89115749	harbor2	chr16	88987789	88987938	LTR/ERVL-MaLR	459	-	74	88987863	72114
chr16	88915749	89115749	harbor2	chr16	88988168	88988210	LTR/ERVL-MaLR	670	-	21	88988189	72440
chr16	88915749	89115749	harbor2	chr16	88988519	88988700	LTR/ERVL-MaLR	670	-	90	88988609	72860
chr16	88915749	89115749	harbor2	chr16	88996567	88997042	LTR/ERVL-MaLR	842	-	238	88996805	81056
chr16	88915749	89115749	harbor2	chr16	89001687	89002074	LTR/ERVL-MaLR	560	-	194	89001881	86132
chr16	53009274	53209274	harbor2	chr16	53035563	53035681	LTR/ERVL-MaLR	1597	-	59	53035622	26348
chr16	53009274	53209274	harbor2	chr16	53035980	53036120	LTR/ERVL-MaLR	1597	-	70	53036050	26776
chr16	53009274	53209274	harbor2	chr16	53039145	53039463	LTR/ERVL-MaLR	1284	-	159	53039304	30030
chr16	53009274	53209274	harbor2	chr16	53039755	53039976	LTR/ERVL-MaLR	1284	-	110	53039865	30591
chr16	53009274	53209274	harbor2	chr16	53047343	53047712	LTR/ERVL-MaLR	1534	-	184	53047527	38253
chr16	53009274	53209274	harbor2	chr16	53096676	53097104	LTR/ERVL-MaLR	2441	-	214	53096890	87616
chr16	53009274	53209274	harbor2	chr16	53034978	53035153	LTR/ERVL-MaLR	1597	-	88	53035066	25792
chr16	86782651	86982651	harbor2	chr16	86803635	86803988	LTR/ERVL-MaLR	1529	-	176	86803811	21160
chr16	86782651	86982651	harbor2	chr16	86846913	86847309	LTR/ERVL-MaLR	1007	-	198	86847111	64460
chr17	78086603	78286603	harbor2	chr17	78099332	78099694	LTR/ERVL-MaLR	2405	-	181	78099513	12910
chr17	78086603	78286603	harbor2	chr17	78099695	78100765	LTR/ERVL-MaLR	10859	-	535	78100230	13627
chr17	78086603	78286603	harbor2	chr17	78101076	78101478	LTR/ERVL-MaLR	10859	-	201	78101277	14674
chr17	78086603	78286603	harbor2	chr17	78101967	78102030	LTR/ERVL-MaLR	510	-	32	78101999	15396
chr17	78086603	78286603	harbor2	chr17	78103674	78104000	LTR/ERVL-MaLR	1663	-	163	78103837	17234
chr17	78086603	78286603	harbor2	chr17	78114000	78114474	LTR/ERVL-MaLR	1503	-	237	78114237	27634
chr17	78995374	79195374	harbor2	chr17	79006187	79006505	LTR/ERVL-MaLR	945	-	159	79006346	10972
chr17	78995374	79195374	harbor2	chr17	79016878	79017283	LTR/ERVL-MaLR	2534	-	202	79017080	21706
chr17	78995374	79195374	harbor2	chr17	79050250	79050557	LTR/ERVL-MaLR	694	-	154	79050404	55030
chr17	78995374	79195374	harbor2	chr17	79062653	79063001	LTR/ERVL-MaLR	2034	-	174	79062827	67453
chr17	78995374	79195374	harbor2	chr17	79072150	79072553	LTR/ERVL-MaLR	605	-	202	79072352	76978
chr17	77138558	77338558	harbor2	chr17	77224690	77224918	LTR/ERVL-MaLR	2407	-	114	77224804	86246
chr17	77138558	77338558	harbor2	chr17	77225214	77225281	LTR/ERVL-MaLR	2407	-	34	77225248	86690
chr17	77138558	77338558	harbor2	chr17	77225282	77225639	LTR/ERVL-MaLR	2409	-	178	77225460	86902
chr17	77138558	77338558	harbor2	chr17	77225640	77225769	LTR/ERVL-MaLR	2407	-	64	77225704	87146
chr17	81493077	81693077	harbor2	chr17	81533297	81533665	LTR/ERVL-MaLR	540	-	184	81533481	40404
chr17	81493077	81693077	harbor2	chr17	81578466	81578825	LTR/ERVL-MaLR	1869	-	180	81578646	85569
chr17	8644596	8844596	harbor2	chr17	8650239	8650525	LTR/ERVL-MaLR	787	-	143	8650382	5786
chr17	8644596	8844596	harbor2	chr17	8658821	8659336	LTR/ERVL-MaLR	1530	-	258	8659079	14483
chr17	8644596	8844596	harbor2	chr17	8661563	8662018	LTR/ERVL-MaLR	1977	-	228	8661791	17195
chr17	8644596	8844596	harbor2	chr17	8699432	8699607	LTR/ERVL-MaLR	508	-	88	8699520	54924
chr17	8644596	8844596	harbor2	chr17	8715926	8715982	LTR/ERVL-MaLR	1783	-	28	8715954	71358
chr17	8644596	8844596	harbor2	chr17	8716793	8717045	LTR/ERVL-MaLR	1783	-	126	8716919	72323
chr17	8644596	8844596	harbor2	chr17	8718633	8718650	LTR/ERVL-MaLR	1783	-	8	8718641	74045
chr17	8644596	8844596	harbor2	chr17	8716280	8716440	LTR/ERVL-MaLR	1783	-	80	8716360	71764
chr17	83144114	83344114	harbor2	chr17	83146344	83146684	LTR/ERVL-MaLR	2148	-	170	83146514	2400
chr17	83144114	83344114	harbor2	chr17	83184633	83185008	LTR/ERVL-MaLR	522	-	188	83184821	40707
chr17	83144114	83344114	harbor2	chr17	83231615	83232010	LTR/ERVL-MaLR	756	-	198	83231813	87699
chr17	83144114	83344114	harbor2	chr17	83235790	83236233	LTR/ERVL-MaLR	1746	-	222	83236012	91898
chr17	54893005	55093005	harbor2	chr17	54933138	54933385	LTR/ERVL-MaLR	920	-	124	54933262	40257
chr17	54893005	55093005	harbor2	chr17	54934372	54934496	LTR/ERVL-MaLR	920	-	62	54934434	41429
chr17	54893005	55093005	harbor2	chr17	54944913	54945377	LTR/ERVL-MaLR	1327	-	232	54945145	52140
chr17	54893005	55093005	harbor2	chr17	54971266	54971597	LTR/ERVL-MaLR	1280	-	166	54971432	78427
chr17	74419100	74619100	harbor2	chr17	74422659	74423014	LTR/ERVL-MaLR	2320	-	178	74422837	3737
chr17	74419100	74619100	harbor2	chr17	74475011	74475377	LTR/ERVL-MaLR	2253	-	183	74475194	56094
chr17	74419100	74619100	harbor2	chr17	74487650	74488002	LTR/ERVL-MaLR	2176	-	176	74487826	68726
chr17	74419100	74619100	harbor2	chr17	74488003	74489596	LTR/ERVL-MaLR	12482	-	796	74488799	69699
chr17	74419100	74619100	harbor2	chr17	74489600	74489963	LTR/ERVL-MaLR	2410	-	182	74489782	70682
chr17	77021489	77221489	harbor2	chr17	77025270	77025646	LTR/ERVL-MaLR	2375	-	188	77025458	3969
chr17	77021489	77221489	harbor2	chr17	77043710	77044109	LTR/ERVL-MaLR	2121	-	200	77043910	22421
chr17	77021489	77221489	harbor2	chr17	77064688	77064965	LTR/ERVL-MaLR	1193	-	138	77064826	43337
chr17	77021489	77221489	harbor2	chr17	77069303	77069542	LTR/ERVL-MaLR	1680	-	120	77069423	47934
chr17	77021489	77221489	harbor2	chr17	77070161	77070305	LTR/ERVL-MaLR	1680	-	72	77070233	48744
chr17	76575114	76775114	harbor2	chr17	76583523	76583607	LTR/ERVL-MaLR	582	-	42	76583565	8451
chr17	76575114	76775114	harbor2	chr17	76602940	76603351	LTR/ERVL-MaLR	2749	-	206	76603146	28032
chr17	76575114	76775114	harbor2	chr17	76631457	76631684	LTR/ERVL-MaLR	625	-	114	76631571	56457
chr17	76575114	76775114	harbor2	chr17	76657052	76657229	LTR/ERVL-MaLR	778	-	88	76657140	82026
chr17	70396397	70596397	harbor2	chr17	70398711	70399072	LTR/ERVL-MaLR	2004	-	180	70398891	2494
chr17	70396397	70596397	harbor2	chr17	70448539	70448808	LTR/ERVL-MaLR	1411	-	134	70448673	52276
chr17	70396397	70596397	harbor2	chr17	70448809	70449145	LTR/ERVL-MaLR	2129	-	168	70448977	52580
chr17	70396397	70596397	harbor2	chr17	70449146	70449247	LTR/ERVL-MaLR	1411	-	50	70449196	52799
chr17	70396397	70596397	harbor2	chr17	70458442	70458807	LTR/ERVL-MaLR	2287	-	182	70458624	62227
chr17	70396397	70596397	harbor2	chr17	70474327	70474702	LTR/ERVL-MaLR	2644	-	188	70474515	78118
chr17	70396397	70596397	harbor2	chr17	70475127	70475180	LTR/ERVL-MaLR	2644	-	26	70475153	78756
chr17	70396397	70596397	harbor2	chr17	70434582	70435094	LTR/ERVL-MaLR	1677	-	256	70434838	38441
chr17	82664867	82864867	harbor2	chr17	82675513	82675842	LTR/ERVL-MaLR	1382	-	164	82675677	10810
chr17	82664867	82864867	harbor2	chr17	82747788	82747959	LTR/ERVL-MaLR	584	-	86	82747874	83007
chr17	51367844	51567844	harbor2	chr17	51372515	51372940	LTR/ERVL-MaLR	1338	-	212	51372727	4883
chr17	51367844	51567844	harbor2	chr17	51377789	51378161	LTR/ERVL-MaLR	754	-	186	51377975	10131
chr17	51367844	51567844	harbor2	chr17	51379352	51379603	LTR/ERVL-MaLR	656	-	126	51379478	11634
chr17	51367844	51567844	harbor2	chr17	51388339	51388544	LTR/ERVL-MaLR	597	-	102	51388441	20597
chr17	51367844	51567844	harbor2	chr17	51390127	51390465	LTR/ERVL-MaLR	1724	-	169	51390296	22452
chr17	51367844	51567844	harbor2	chr17	51407560	51407813	LTR/ERVL-MaLR	1209	-	126	51407686	39842
chr17	51367844	51567844	harbor2	chr17	51408141	51408311	LTR/ERVL-MaLR	1209	-	85	51408226	40382
chr17	51367844	51567844	harbor2	chr17	51429043	51429232	LTR/ERVL-MaLR	1101	-	94	51429137	61293
chr17	51367844	51567844	harbor2	chr17	51429635	51429914	LTR/ERVL-MaLR	789	-	140	51429775	61931
chr17	51367844	51567844	harbor2	chr17	51440920	51441329	LTR/ERVL-MaLR	2658	-	204	51441124	73280
chr17	51367844	51567844	harbor2	chr17	51457680	51457870	LTR/ERVL-MaLR	1087	-	95	51457775	89931
chr17	51367844	51567844	harbor2	chr17	51459198	51459352	LTR/ERVL-MaLR	508	-	77	51459275	91431
chr17	51367844	51567844	harbor2	chr17	51429262	51429632	LTR/ERVL-MaLR	2096	-	185	51429447	61603
chr17	81826041	82026041	harbor2	chr17	81836661	81836724	LTR/ERVL-MaLR	1715	-	32	81836693	10652
chr17	81826041	82026041	harbor2	chr17	81837635	81838000	LTR/ERVL-MaLR	1715	-	182	81837817	11776
chr17	60785580	60985580	harbor2	chr17	60825584	60825857	LTR/ERVL-MaLR	1024	-	136	60825720	40140
chr17	78956998	79156998	harbor2	chr17	79006187	79006505	LTR/ERVL-MaLR	945	-	159	79006346	49348
chr17	78956998	79156998	harbor2	chr17	79016878	79017283	LTR/ERVL-MaLR	2534	-	202	79017080	60082
chr17	78956998	79156998	harbor2	chr17	79050250	79050557	LTR/ERVL-MaLR	694	-	154	79050404	93406
chr17	66501035	66701035	harbor2	chr17	66526517	66526777	LTR/ERVL-MaLR	629	-	130	66526647	25612
chr17	66501035	66701035	harbor2	chr17	66546322	66546784	LTR/ERVL-MaLR	1515	-	231	66546553	45518
chr17	66501035	66701035	harbor2	chr17	66551279	66551724	LTR/ERVL-MaLR	1894	-	222	66551501	50466
chr17	66501035	66701035	harbor2	chr17	66552315	66552849	LTR/ERVL-MaLR	1673	-	267	66552582	51547
chr17	66501035	66701035	harbor2	chr17	66584143	66584207	LTR/ERVL-MaLR	1211	-	32	66584175	83140
chr17	66501035	66701035	harbor2	chr17	66585517	66585556	LTR/ERVL-MaLR	1211	-	20	66585537	84502
chr17	66501035	66701035	harbor2	chr17	66594893	66595143	LTR/ERVL-MaLR	873	-	125	66595018	93983
chr17	66501035	66701035	harbor2	chr17	66584526	66584868	LTR/ERVL-MaLR	1211	-	171	66584697	83662
chr17	61475727	61675727	harbor2	chr17	61508468	61508827	LTR/ERVL-MaLR	2136	-	180	61508648	32921
chr17	81708740	81908740	harbor2	chr17	81739304	81739522	LTR/ERVL-MaLR	1184	-	109	81739413	30673
chr17	81708740	81908740	harbor2	chr17	81739835	81739863	LTR/ERVL-MaLR	1184	-	14	81739849	31109
chr17	81708740	81908740	harbor2	chr17	81740488	81740608	LTR/ERVL-MaLR	1184	-	60	81740548	31808
chr17	78895602	79095602	harbor2	chr17	78940931	78941067	LTR/ERVL-MaLR	584	-	68	78940999	45397
chr17	46315256	46515256	harbor2	chr17	46389966	46390317	LTR/ERVL-MaLR	965	-	176	46390142	74886
chr17	46315256	46515256	harbor2	chr17	46411127	46411490	LTR/ERVL-MaLR	2494	-	182	46411309	96053
chr17	46315256	46515256	harbor2	chr17	46412275	46412717	LTR/ERVL-MaLR	1787	-	221	46412496	97240
chr17	44295669	44495669	harbor2	chr17	44304903	44305248	LTR/ERVL-MaLR	1935	-	172	44305075	9406
chr17	44295669	44495669	harbor2	chr17	44305878	44305921	LTR/ERVL-MaLR	1935	-	22	44305900	10231
chr17	77863767	78063767	harbor2	chr17	77872378	77872782	LTR/ERVL-MaLR	1931	-	202	77872580	8813
chr17	77863767	78063767	harbor2	chr17	77902822	77903011	LTR/ERVL-MaLR	846	-	94	77902916	39149
chr17	77863767	78063767	harbor2	chr17	77937286	77937492	LTR/ERVL-MaLR	523	-	103	77937389	73622
chr17	77863767	78063767	harbor2	chr17	77948711	77949071	LTR/ERVL-MaLR	600	-	180	77948891	85124
chr17	77863767	78063767	harbor2	chr17	77952605	77953059	LTR/ERVL-MaLR	2342	-	227	77952832	89065
chr17	47312362	47512362	harbor2	chr17	47317090	47317611	LTR/ERVL-MaLR	3092	-	260	47317350	4988
chr17	47312362	47512362	harbor2	chr17	47318421	47319223	LTR/ERVL-MaLR	3921	-	401	47318822	6460
chr17	47312362	47512362	harbor2	chr17	47319515	47319576	LTR/ERVL-MaLR	3921	-	30	47319545	7183
chr17	47312362	47512362	harbor2	chr17	47335572	47335951	LTR/ERVL-MaLR	2140	-	190	47335762	23400
chr17	47312362	47512362	harbor2	chr17	47371949	47372044	LTR/ERVL-MaLR	765	-	48	47371997	59635
chr17	47312362	47512362	harbor2	chr17	47410062	47410454	LTR/ERVL-MaLR	2387	-	196	47410258	97896
chr17	47312362	47512362	harbor2	chr17	47410455	47410824	LTR/ERVL-MaLR	1945	-	184	47410639	98277
chr17	68911608	69111608	harbor2	chr17	68965708	68966060	LTR/ERVL-MaLR	2175	-	176	68965884	54276
chr17	68911608	69111608	harbor2	chr17	68973540	68973823	LTR/ERVL-MaLR	615	-	142	68973682	62074
chr17	69225434	69425434	harbor2	chr17	69231027	69231121	LTR/ERVL-MaLR	531	-	47	69231074	5640
chr17	62734858	62934858	harbor2	chr17	62811648	62811987	LTR/ERVL-MaLR	1811	-	170	62811818	76960
chr17	68581170	68781170	harbor2	chr17	68583894	68583963	LTR/ERVL-MaLR	1268	-	34	68583928	2758
chr17	68581170	68781170	harbor2	chr17	68588447	68588834	LTR/ERVL-MaLR	2308	-	194	68588641	7471
chr17	68581170	68781170	harbor2	chr17	68594423	68595041	LTR/ERVL-MaLR	2472	-	309	68594732	13562
chr17	68581170	68781170	harbor2	chr17	68610510	68610785	LTR/ERVL-MaLR	1709	-	138	68610648	29478
chr17	68581170	68781170	harbor2	chr17	68611217	68611303	LTR/ERVL-MaLR	1709	-	43	68611260	30090
chr17	68581170	68781170	harbor2	chr17	68618038	68618393	LTR/ERVL-MaLR	974	-	178	68618216	37046
chr17	68581170	68781170	harbor2	chr17	68637873	68638235	LTR/ERVL-MaLR	2076	-	181	68638054	56884
chr17	68581170	68781170	harbor2	chr17	68676286	68676647	LTR/ERVL-MaLR	1798	-	180	68676466	95296
chr17	68581170	68781170	harbor2	chr17	68583230	68583634	LTR/ERVL-MaLR	1268	-	202	68583432	2262
chr17	82959588	83159588	harbor2	chr17	82967112	82967231	LTR/ERVL-MaLR	548	-	60	82967172	7584
chr17	82959588	83159588	harbor2	chr17	82970835	82971173	LTR/ERVL-MaLR	590	-	169	82971004	11416
chr17	82959588	83159588	harbor2	chr17	83047071	83047404	LTR/ERVL-MaLR	1628	-	166	83047237	87649
chr17	39291348	39491348	harbor2	chr17	39360825	39361098	LTR/ERVL-MaLR	747	-	136	39360961	69613
chr17	83058808	83258808	harbor2	chr17	83095879	83096066	LTR/ERVL-MaLR	671	-	94	83095973	37165
chr17	83058808	83258808	harbor2	chr17	83138329	83138712	LTR/ERVL-MaLR	2147	-	192	83138521	79713
chr17	83058808	83258808	harbor2	chr17	83139532	83139818	LTR/ERVL-MaLR	721	-	143	83139675	80867
chr17	83058808	83258808	harbor2	chr17	83140398	83140746	LTR/ERVL-MaLR	1014	-	174	83140572	81764
chr17	83058808	83258808	harbor2	chr17	83146344	83146684	LTR/ERVL-MaLR	2148	-	170	83146514	87706
chr17	79070439	79270439	harbor2	chr17	79072150	79072553	LTR/ERVL-MaLR	605	-	202	79072352	1913
chr17	77056692	77256692	harbor2	chr17	77064688	77064965	LTR/ERVL-MaLR	1193	-	138	77064826	8134
chr17	77056692	77256692	harbor2	chr17	77069303	77069542	LTR/ERVL-MaLR	1680	-	120	77069423	12731
chr17	77056692	77256692	harbor2	chr17	77070161	77070305	LTR/ERVL-MaLR	1680	-	72	77070233	13541
chr17	77056692	77256692	harbor2	chr17	77136800	77136897	LTR/ERVL-MaLR	858	-	48	77136848	80156
chr17	77056692	77256692	harbor2	chr17	77137209	77137586	LTR/ERVL-MaLR	1648	-	188	77137397	80705
chr17	77555298	77755298	harbor2	chr17	77566140	77566502	LTR/ERVL-MaLR	2119	-	181	77566321	11023
chr17	77555298	77755298	harbor2	chr17	77577636	77577898	LTR/ERVL-MaLR	1652	-	131	77577767	22469
chr17	77555298	77755298	harbor2	chr17	77577934	77578111	LTR/ERVL-MaLR	1652	-	88	77578022	22724
chr17	77555298	77755298	harbor2	chr17	77584463	77584668	LTR/ERVL-MaLR	956	-	102	77584565	29267
chr17	77555298	77755298	harbor2	chr17	77587467	77587615	LTR/ERVL-MaLR	889	-	74	77587541	32243
chr17	77555298	77755298	harbor2	chr17	77599815	77600080	LTR/ERVL-MaLR	647	-	132	77599947	44649
chr17	77555298	77755298	harbor2	chr17	77620324	77620659	LTR/ERVL-MaLR	2150	-	168	77620492	65194
chr17	77555298	77755298	harbor2	chr17	77634767	77635187	LTR/ERVL-MaLR	989	-	210	77634977	79679
chr17	77555298	77755298	harbor2	chr17	77636570	77636953	LTR/ERVL-MaLR	1246	-	192	77636762	81464
chr17	77555298	77755298	harbor2	chr17	77642353	77642630	LTR/ERVL-MaLR	1090	-	138	77642491	87193
chr17	77555298	77755298	harbor2	chr17	77642937	77643104	LTR/ERVL-MaLR	1090	-	84	77643021	87723
chr17	73010629	73210629	harbor2	chr17	73050985	73051305	LTR/ERVL-MaLR	1166	-	160	73051145	40516
chr17	65549168	65749168	harbor2	chr17	65585973	65586185	LTR/ERVL-MaLR	1825	-	106	65586079	36911
chr17	65549168	65749168	harbor2	chr17	65586496	65586652	LTR/ERVL-MaLR	1825	-	78	65586574	37406
chr17	65549168	65749168	harbor2	chr17	65603621	65604017	LTR/ERVL-MaLR	2460	-	198	65603819	54651
chr17	65549168	65749168	harbor2	chr17	65610237	65610588	LTR/ERVL-MaLR	2124	-	176	65610413	61245
chr17	65549168	65749168	harbor2	chr17	65617166	65617516	LTR/ERVL-MaLR	2414	-	175	65617341	68173
chr17	48606975	48806975	harbor2	chr17	48675520	48675891	LTR/ERVL-MaLR	2445	-	186	48675706	68731
chr17	48606975	48806975	harbor2	chr17	48682227	48682560	LTR/ERVL-MaLR	1425	-	166	48682393	75418
chr17	48606975	48806975	harbor2	chr17	48682834	48682881	LTR/ERVL-MaLR	1425	-	24	48682858	75883
chr17	48606975	48806975	harbor2	chr17	48683106	48683209	LTR/ERVL-MaLR	1425	-	52	48683158	76183
chr17	48606975	48806975	harbor2	chr17	48683644	48683996	LTR/ERVL-MaLR	578	-	176	48683820	76845
chr17	48606975	48806975	harbor2	chr17	48694643	48695060	LTR/ERVL-MaLR	1551	-	208	48694851	87876
chr17	73930199	74130199	harbor2	chr17	73933873	73934338	LTR/ERVL-MaLR	2140	-	232	73934105	3906
chr17	73930199	74130199	harbor2	chr17	73978786	73979305	LTR/ERVL-MaLR	1067	-	260	73979046	48847
chr17	73930199	74130199	harbor2	chr17	74002590	74003013	LTR/ERVL-MaLR	1577	-	212	74002802	72603
chr17	73930199	74130199	harbor2	chr17	74003024	74003333	LTR/ERVL-MaLR	2232	-	154	74003178	72979
chr17	73930199	74130199	harbor2	chr17	74014557	74014752	LTR/ERVL-MaLR	632	-	98	74014655	84456
chr17	73930199	74130199	harbor2	chr17	74015239	74015793	LTR/ERVL-MaLR	2484	-	277	74015516	85317
chr17	73930199	74130199	harbor2	chr17	74023239	74023635	LTR/ERVL-MaLR	622	-	198	74023437	93238
chr17	73930199	74130199	harbor2	chr17	74025053	74025424	LTR/ERVL-MaLR	1702	-	186	74025239	95040
chr17	83009957	83209957	harbor2	chr17	83047071	83047404	LTR/ERVL-MaLR	1628	-	166	83047237	37280
chr17	83009957	83209957	harbor2	chr17	83095879	83096066	LTR/ERVL-MaLR	671	-	94	83095973	86016
chr17	9610096	9810096	harbor2	chr17	9657185	9657224	LTR/ERVL-MaLR	2276	-	20	9657205	47109
chr17	9610096	9810096	harbor2	chr17	9657524	9657862	LTR/ERVL-MaLR	2276	-	169	9657693	47597
chr17	9610096	9810096	harbor2	chr17	9658671	9658906	LTR/ERVL-MaLR	740	-	118	9658789	48693
chr17	9610096	9810096	harbor2	chr17	9665276	9665647	LTR/ERVL-MaLR	2509	-	186	9665462	55366
chr17	82627439	82827439	harbor2	chr17	82655121	82655308	LTR/ERVL-MaLR	689	-	94	82655215	27776
chr17	82627439	82827439	harbor2	chr17	82675513	82675842	LTR/ERVL-MaLR	1382	-	164	82675677	48238
chr17	76941416	77141416	harbor2	chr17	76953973	76954499	LTR/ERVL-MaLR	2568	-	263	76954236	12820
chr17	76941416	77141416	harbor2	chr17	76959960	76960247	LTR/ERVL-MaLR	1363	-	144	76960104	18688
chr17	76941416	77141416	harbor2	chr17	76976734	76977128	LTR/ERVL-MaLR	1430	-	197	76976931	35515
chr17	76941416	77141416	harbor2	chr17	76977214	76977617	LTR/ERVL-MaLR	2346	-	202	76977416	36000
chr17	76941416	77141416	harbor2	chr17	76990381	76990562	LTR/ERVL-MaLR	767	-	90	76990471	49055
chr17	76941416	77141416	harbor2	chr17	77016088	77016174	LTR/ERVL-MaLR	578	-	43	77016131	74715
chr17	76941416	77141416	harbor2	chr17	77017127	77017284	LTR/ERVL-MaLR	578	-	78	77017205	75789
chr17	76941416	77141416	harbor2	chr17	77019636	77019703	LTR/ERVL-MaLR	1129	-	34	77019670	78254
chr17	76941416	77141416	harbor2	chr17	77019998	77020147	LTR/ERVL-MaLR	1129	-	74	77020072	78656
chr17	76941416	77141416	harbor2	chr17	77025270	77025646	LTR/ERVL-MaLR	2375	-	188	77025458	84042
chr17	66777552	66977552	harbor2	chr17	66815198	66815561	LTR/ERVL-MaLR	2230	-	182	66815380	37828
chr17	66777552	66977552	harbor2	chr17	66828300	66828666	LTR/ERVL-MaLR	2189	-	183	66828483	50931
chr17	66777552	66977552	harbor2	chr17	66847295	66847654	LTR/ERVL-MaLR	2586	-	180	66847475	69923
chr17	66777552	66977552	harbor2	chr17	66869764	66869801	LTR/ERVL-MaLR	1367	-	18	66869782	92230
chr17	66777552	66977552	harbor2	chr17	66870118	66870379	LTR/ERVL-MaLR	1367	-	130	66870248	92696
chr17	66777552	66977552	harbor2	chr17	66870570	66870697	LTR/ERVL-MaLR	1367	-	64	66870634	93082
chr17	66777552	66977552	harbor2	chr17	66870993	66871119	LTR/ERVL-MaLR	1367	-	63	66871056	93504
chr17	66777552	66977552	harbor2	chr17	66874325	66874742	LTR/ERVL-MaLR	2502	-	208	66874533	96981
chr17	75256287	75456287	harbor2	chr17	75301948	75302163	LTR/ERVL-MaLR	562	-	108	75302056	45769
chr17	75256287	75456287	harbor2	chr17	75303123	75303329	LTR/ERVL-MaLR	1141	-	103	75303226	46939
chr17	82386996	82586996	harbor2	chr17	82464945	82465308	LTR/ERVL-MaLR	1911	-	182	82465127	78131
chr17	59691247	59891247	harbor2	chr17	59714075	59714485	LTR/ERVL-MaLR	2562	-	205	59714280	23033
chr17	59691247	59891247	harbor2	chr17	59715235	59715601	LTR/ERVL-MaLR	2020	-	183	59715418	24171
chr17	59691247	59891247	harbor2	chr17	59721791	59722193	LTR/ERVL-MaLR	1530	-	201	59721992	30745
chr17	78942454	79142454	harbor2	chr17	79006187	79006505	LTR/ERVL-MaLR	945	-	159	79006346	63892
chr17	78942454	79142454	harbor2	chr17	79016878	79017283	LTR/ERVL-MaLR	2534	-	202	79017080	74626
chr17	77175939	77375939	harbor2	chr17	77224690	77224918	LTR/ERVL-MaLR	2407	-	114	77224804	48865
chr17	77175939	77375939	harbor2	chr17	77225214	77225281	LTR/ERVL-MaLR	2407	-	34	77225248	49309
chr17	77175939	77375939	harbor2	chr17	77225282	77225639	LTR/ERVL-MaLR	2409	-	178	77225460	49521
chr17	77175939	77375939	harbor2	chr17	77225640	77225769	LTR/ERVL-MaLR	2407	-	64	77225704	49765
chr17	77175939	77375939	harbor2	chr17	77274431	77274606	LTR/ERVL-MaLR	511	-	88	77274519	98580
chr17	77175939	77375939	harbor2	chr17	77274621	77274798	LTR/ERVL-MaLR	579	-	88	77274709	98770
chr17	77175939	77375939	harbor2	chr17	77275102	77275144	LTR/ERVL-MaLR	579	-	21	77275123	99184
chr17	77175939	77375939	harbor2	chr17	77275454	77275472	LTR/ERVL-MaLR	579	-	9	77275463	99524
chr17	21214544	21414544	harbor2	chr17	21220620	21220810	LTR/ERVL-MaLR	720	-	95	21220715	6171
chr17	21214544	21414544	harbor2	chr17	21223110	21223443	LTR/ERVL-MaLR	1097	-	166	21223276	8732
chr17	21214544	21414544	harbor2	chr17	21227287	21227534	LTR/ERVL-MaLR	696	-	124	21227411	12867
chr17	21214544	21414544	harbor2	chr17	21233914	21234645	LTR/ERVL-MaLR	2281	-	366	21234280	19736
chr17	21214544	21414544	harbor2	chr17	21234939	21235186	LTR/ERVL-MaLR	2281	-	124	21235063	20519
chr17	21214544	21414544	harbor2	chr17	21308912	21309326	LTR/ERVL-MaLR	771	-	207	21309119	94575
chr17	72084347	72284347	harbor2	chr17	72091307	72091663	LTR/ERVL-MaLR	2431	-	178	72091485	7138
chr17	72084347	72284347	harbor2	chr17	72098071	72098419	LTR/ERVL-MaLR	2131	-	174	72098245	13898
chr17	72084347	72284347	harbor2	chr17	72099362	72099865	LTR/ERVL-MaLR	1853	-	252	72099614	15267
chr17	82776389	82976389	harbor2	chr17	82841634	82842121	LTR/ERVL-MaLR	1097	-	244	82841878	65489
chr17	82776389	82976389	harbor2	chr17	82852358	82852736	LTR/ERVL-MaLR	1297	-	189	82852547	76158
chr17	82776389	82976389	harbor2	chr17	82804422	82804800	LTR/ERVL-MaLR	845	-	189	82804611	28222
chr17	54182066	54382066	harbor2	chr17	54187586	54187980	LTR/ERVL-MaLR	2348	-	197	54187783	5717
chr17	54182066	54382066	harbor2	chr17	54189449	54189782	LTR/ERVL-MaLR	1844	-	166	54189615	7549
chr17	54182066	54382066	harbor2	chr17	54237986	54238378	LTR/ERVL-MaLR	1131	-	196	54238182	56116
chr17	54182066	54382066	harbor2	chr17	54256363	54256536	LTR/ERVL-MaLR	662	-	86	54256449	74383
chr17	54182066	54382066	harbor2	chr17	54256647	54256993	LTR/ERVL-MaLR	753	-	173	54256820	74754
chr17	54182066	54382066	harbor2	chr17	54261496	54262003	LTR/ERVL-MaLR	1774	-	254	54261750	79684
chr17	40408717	40608717	harbor2	chr17	40434705	40434911	LTR/ERVL-MaLR	1708	-	103	40434808	26091
chr17	40408717	40608717	harbor2	chr17	40435510	40435693	LTR/ERVL-MaLR	1708	-	92	40435602	26885
chr17	40408717	40608717	harbor2	chr17	40505212	40505471	LTR/ERVL-MaLR	741	-	130	40505342	96625
chr17	33746554	33946554	harbor2	chr17	33756804	33757051	LTR/ERVL-MaLR	1020	-	124	33756928	10374
chr17	33746554	33946554	harbor2	chr17	33764398	33764818	LTR/ERVL-MaLR	2408	-	210	33764608	18054
chr17	33746554	33946554	harbor2	chr17	33769726	33770012	LTR/ERVL-MaLR	1229	-	143	33769869	23315
chr17	33746554	33946554	harbor2	chr17	33774482	33774796	LTR/ERVL-MaLR	530	-	157	33774639	28085
chr17	33746554	33946554	harbor2	chr17	33817641	33818238	LTR/ERVL-MaLR	1221	-	298	33817939	71385
chr17	57612072	57812072	harbor2	chr17	57624877	57625214	LTR/ERVL-MaLR	1876	-	168	57625045	12973
chr17	57612072	57812072	harbor2	chr17	57634690	57635109	LTR/ERVL-MaLR	1383	-	210	57634900	22828
chr17	57612072	57812072	harbor2	chr17	57638543	57638607	LTR/ERVL-MaLR	2131	-	32	57638575	26503
chr17	57612072	57812072	harbor2	chr17	57638920	57639220	LTR/ERVL-MaLR	2131	-	150	57639070	26998
chr17	57612072	57812072	harbor2	chr17	57695706	57696106	LTR/ERVL-MaLR	1598	-	200	57695906	83834
chr17	57612072	57812072	harbor2	chr17	57697552	57697913	LTR/ERVL-MaLR	2148	-	180	57697732	85660
chr17	71599467	71799467	harbor2	chr17	71602800	71603157	LTR/ERVL-MaLR	2471	-	178	71602978	3511
chr17	71599467	71799467	harbor2	chr17	71623348	71623713	LTR/ERVL-MaLR	1747	-	182	71623530	24063
chr17	71599467	71799467	harbor2	chr17	71629655	71630025	LTR/ERVL-MaLR	2196	-	185	71629840	30373
chr17	71599467	71799467	harbor2	chr17	71638055	71638452	LTR/ERVL-MaLR	2267	-	198	71638253	38786
chr17	71599467	71799467	harbor2	chr17	71654242	71654547	LTR/ERVL-MaLR	1440	-	152	71654394	54927
chr17	71599467	71799467	harbor2	chr17	71689317	71689678	LTR/ERVL-MaLR	2564	-	180	71689497	90030
chr17	59396195	59596195	harbor2	chr17	59454815	59455168	LTR/ERVL-MaLR	1756	-	176	59454991	58796
chr17	59396195	59596195	harbor2	chr17	59488666	59489097	LTR/ERVL-MaLR	943	-	216	59488882	92687
chr17	68234243	68434243	harbor2	chr17	68239989	68240348	LTR/ERVL-MaLR	1990	-	180	68240169	5926
chr17	68234243	68434243	harbor2	chr17	68298663	68298957	LTR/ERVL-MaLR	1363	-	147	68298810	64567
chr17	68234243	68434243	harbor2	chr17	68312910	68312979	LTR/ERVL-MaLR	1288	-	34	68312944	78701
chr17	68234243	68434243	harbor2	chr17	68313289	68313642	LTR/ERVL-MaLR	1288	-	176	68313465	79222
chr17	68234243	68434243	harbor2	chr17	68322782	68322959	LTR/ERVL-MaLR	851	-	88	68322870	88627
chr17	68234243	68434243	harbor2	chr17	68323555	68323718	LTR/ERVL-MaLR	696	-	82	68323637	89394
chr17	68234243	68434243	harbor2	chr17	68327274	68327750	LTR/ERVL-MaLR	1589	-	238	68327512	93269
chr17	67679943	67879943	harbor2	chr17	67704404	67704764	LTR/ERVL-MaLR	2810	-	180	67704584	24641
chr17	67679943	67879943	harbor2	chr17	67704935	67705323	LTR/ERVL-MaLR	2192	-	194	67705129	25186
chr17	67679943	67879943	harbor2	chr17	67705621	67705662	LTR/ERVL-MaLR	2192	-	20	67705641	25698
chr17	74706402	74906402	harbor2	chr17	74734100	74734465	LTR/ERVL-MaLR	1236	-	182	74734282	27880
chr17	74110403	74310403	harbor2	chr17	74121380	74121878	LTR/ERVL-MaLR	2198	-	249	74121629	11226
chr17	74110403	74310403	harbor2	chr17	74122185	74122226	LTR/ERVL-MaLR	2198	-	20	74122205	11802
chr17	74110403	74310403	harbor2	chr17	74123463	74123959	LTR/ERVL-MaLR	1293	-	248	74123711	13308
chr17	74110403	74310403	harbor2	chr17	74129786	74130142	LTR/ERVL-MaLR	2212	-	178	74129964	19561
chr17	74110403	74310403	harbor2	chr17	74143844	74144203	LTR/ERVL-MaLR	1350	-	180	74144024	33621
chr17	74110403	74310403	harbor2	chr17	74158929	74159313	LTR/ERVL-MaLR	706	-	192	74159121	48718
chr17	74110403	74310403	harbor2	chr17	74188183	74188513	LTR/ERVL-MaLR	1778	-	165	74188348	77945
chr17	74110403	74310403	harbor2	chr17	74188851	74189006	LTR/ERVL-MaLR	1778	-	78	74188929	78526
chr17	74110403	74310403	harbor2	chr17	74189228	74189342	LTR/ERVL-MaLR	1778	-	57	74189285	78882
chr17	74110403	74310403	harbor2	chr17	74189765	74189897	LTR/ERVL-MaLR	536	-	66	74189831	79428
chr17	81687586	81887586	harbor2	chr17	81739304	81739522	LTR/ERVL-MaLR	1184	-	109	81739413	51827
chr17	81687586	81887586	harbor2	chr17	81739835	81739863	LTR/ERVL-MaLR	1184	-	14	81739849	52263
chr17	81687586	81887586	harbor2	chr17	81740488	81740608	LTR/ERVL-MaLR	1184	-	60	81740548	52962
chr17	77967870	78167870	harbor2	chr17	77985102	77985312	LTR/ERVL-MaLR	1439	-	105	77985207	17337
chr17	77967870	78167870	harbor2	chr17	77985617	77985878	LTR/ERVL-MaLR	1439	-	130	77985747	17877
chr17	77967870	78167870	harbor2	chr17	77999580	77999997	LTR/ERVL-MaLR	637	-	208	77999788	31918
chr17	30928430	31128430	harbor2	chr17	30930018	30930045	LTR/ERVL-MaLR	599	-	14	30930032	1602
chr17	30928430	31128430	harbor2	chr17	30930372	30930738	LTR/ERVL-MaLR	599	-	183	30930555	2125
chr17	30928430	31128430	harbor2	chr17	30938081	30938555	LTR/ERVL-MaLR	886	-	237	30938318	9888
chr17	30928430	31128430	harbor2	chr17	30969343	30969502	LTR/ERVL-MaLR	513	-	80	30969423	40993
chr17	30928430	31128430	harbor2	chr17	31000001	31000375	LTR/ERVL-MaLR	1645	-	187	31000188	71758
chr17	30928430	31128430	harbor2	chr17	31000675	31000858	LTR/ERVL-MaLR	1645	-	92	31000767	72337
chr17	30928430	31128430	harbor2	chr17	31003945	31004021	LTR/ERVL-MaLR	530	-	38	31003983	75553
chr17	30928430	31128430	harbor2	chr17	31004427	31004510	LTR/ERVL-MaLR	593	-	42	31004469	76039
chr17	30928430	31128430	harbor2	chr17	31004507	31004533	LTR/ERVL-MaLR	776	-	13	31004520	76090
chr17	30928430	31128430	harbor2	chr17	31004826	31004960	LTR/ERVL-MaLR	776	-	67	31004893	76463
chr17	81584156	81784156	harbor2	chr17	81640288	81640452	LTR/ERVL-MaLR	742	-	82	81640370	56214
chr17	81584156	81784156	harbor2	chr17	81640748	81640847	LTR/ERVL-MaLR	742	-	50	81640798	56642
chr17	29921009	30121009	harbor2	chr17	29951966	29952376	LTR/ERVL-MaLR	1935	-	205	29952171	31162
chr17	29921009	30121009	harbor2	chr17	29982990	29983552	LTR/ERVL-MaLR	778	-	281	29983271	62262
chr17	29921009	30121009	harbor2	chr17	30008784	30009251	LTR/ERVL-MaLR	1824	-	234	30009018	88009
chr17	50870803	51070803	harbor2	chr17	50872191	50872296	LTR/ERVL-MaLR	718	-	52	50872243	1440
chr17	50870803	51070803	harbor2	chr17	50872596	50872675	LTR/ERVL-MaLR	718	-	40	50872636	1833
chr17	50870803	51070803	harbor2	chr17	50872891	50873086	LTR/ERVL-MaLR	1304	-	98	50872989	2186
chr17	50870803	51070803	harbor2	chr17	50873223	50873426	LTR/ERVL-MaLR	1304	-	102	50873325	2522
chr17	50870803	51070803	harbor2	chr17	50886762	50886903	LTR/ERVL-MaLR	584	-	70	50886832	16029
chr17	50870803	51070803	harbor2	chr17	50928999	50929490	LTR/ERVL-MaLR	1216	-	246	50929245	58442
chr17	81466486	81666486	harbor2	chr17	81533297	81533665	LTR/ERVL-MaLR	540	-	184	81533481	66995
chr17	79613980	79813980	harbor2	chr17	79619250	79619670	LTR/ERVL-MaLR	1246	-	210	79619460	5480
chr17	79613980	79813980	harbor2	chr17	79622465	79622820	LTR/ERVL-MaLR	1361	-	178	79622643	8663
chr17	79613980	79813980	harbor2	chr17	79646359	79646703	LTR/ERVL-MaLR	2080	-	172	79646531	32551
chr17	79613980	79813980	harbor2	chr17	79649388	79649423	LTR/ERVL-MaLR	2539	-	18	79649406	35426
chr17	79613980	79813980	harbor2	chr17	79649719	79650099	LTR/ERVL-MaLR	2539	-	190	79649909	35929
chr17	79613980	79813980	harbor2	chr17	79666440	79666604	LTR/ERVL-MaLR	1820	-	82	79666522	52542
chr17	79613980	79813980	harbor2	chr17	79666898	79667111	LTR/ERVL-MaLR	2041	-	106	79667004	53024
chr17	79613980	79813980	harbor2	chr17	79677146	79677529	LTR/ERVL-MaLR	2435	-	192	79677338	63358
chr17	79613980	79813980	harbor2	chr17	79704608	79704995	LTR/ERVL-MaLR	2259	-	194	79704802	90822
chr17	72551956	72751956	harbor2	chr17	72593169	72593608	LTR/ERVL-MaLR	1526	-	220	72593389	41433
chr17	72551956	72751956	harbor2	chr17	72595767	72596129	LTR/ERVL-MaLR	2284	-	181	72595948	43992
chr17	72551956	72751956	harbor2	chr17	72620355	72620801	LTR/ERVL-MaLR	1132	-	223	72620578	68622
chr17	72551956	72751956	harbor2	chr17	72624825	72625011	LTR/ERVL-MaLR	1299	-	93	72624918	72962
chr17	72551956	72751956	harbor2	chr17	72625399	72625642	LTR/ERVL-MaLR	1299	-	122	72625521	73565
chr17	72551956	72751956	harbor2	chr17	72625654	72626028	LTR/ERVL-MaLR	2572	-	187	72625841	73885
chr17	72551956	72751956	harbor2	chr17	72629587	72630076	LTR/ERVL-MaLR	2079	-	244	72629831	77875
chr17	53363541	53563541	harbor2	chr17	53367998	53368355	LTR/ERVL-MaLR	2572	-	178	53368176	4635
chr17	53363541	53563541	harbor2	chr17	53408483	53408807	LTR/ERVL-MaLR	567	-	162	53408645	45104
chr17	53363541	53563541	harbor2	chr17	53438166	53438519	LTR/ERVL-MaLR	1863	-	176	53438342	74801
chr17	53363541	53563541	harbor2	chr17	53440394	53440649	LTR/ERVL-MaLR	546	-	128	53440522	76981
chr17	56787403	56987403	harbor2	chr17	56798863	56799174	LTR/ERVL-MaLR	1723	-	156	56799019	11616
chr17	56787403	56987403	harbor2	chr17	56885441	56885818	LTR/ERVL-MaLR	2473	-	188	56885629	98226
chr17	74527642	74727642	harbor2	chr17	74572029	74572390	LTR/ERVL-MaLR	2120	-	180	74572209	44567
chr17	74527642	74727642	harbor2	chr17	74587967	74588381	LTR/ERVL-MaLR	2639	-	207	74588174	60532
chr17	74527642	74727642	harbor2	chr17	74597336	74597691	LTR/ERVL-MaLR	2666	-	178	74597514	69872
chr17	74527642	74727642	harbor2	chr17	74604442	74604927	LTR/ERVL-MaLR	1776	-	242	74604684	77042
chr17	74527642	74727642	harbor2	chr17	74607882	74608111	LTR/ERVL-MaLR	593	-	114	74607996	80354
chr17	74527642	74727642	harbor2	chr17	74608437	74608553	LTR/ERVL-MaLR	524	-	58	74608495	80853
chr17	74527642	74727642	harbor2	chr17	74625134	74625204	LTR/ERVL-MaLR	1436	-	35	74625169	97527
chr17	74527642	74727642	harbor2	chr17	74625510	74625823	LTR/ERVL-MaLR	1436	-	156	74625666	98024
chr17	63261221	63461221	harbor2	chr17	63334759	63335149	LTR/ERVL-MaLR	1925	-	195	63334954	73733
chr17	79157998	79357998	harbor2	chr17	79231862	79232184	LTR/ERVL-MaLR	1883	-	161	79232023	74025
chr17	79157998	79357998	harbor2	chr17	79241633	79242004	LTR/ERVL-MaLR	1514	-	186	79241819	83821
chr17	55798655	55998655	harbor2	chr17	55820288	55820647	LTR/ERVL-MaLR	1448	-	180	55820468	21813
chr17	55798655	55998655	harbor2	chr17	55828208	55828690	LTR/ERVL-MaLR	1499	-	241	55828449	29794
chr17	55798655	55998655	harbor2	chr17	55855350	55855711	LTR/ERVL-MaLR	1975	-	180	55855530	56875
chr17	55798655	55998655	harbor2	chr17	55868545	55868974	LTR/ERVL-MaLR	2329	-	214	55868759	70104
chr17	55798655	55998655	harbor2	chr17	55868975	55869095	LTR/ERVL-MaLR	6721	-	60	55869035	70380
chr17	55798655	55998655	harbor2	chr17	55870670	55870757	LTR/ERVL-MaLR	6721	-	44	55870714	72059
chr17	55798655	55998655	harbor2	chr17	55870803	55870888	LTR/ERVL-MaLR	671	-	42	55870845	72190
chr17	55798655	55998655	harbor2	chr17	55869394	55870368	LTR/ERVL-MaLR	6721	-	487	55869881	71226
chr17	53079588	53279588	harbor2	chr17	53157270	53157631	LTR/ERVL-MaLR	2149	-	180	53157450	77862
chr17	73674996	73874996	harbor2	chr17	73682027	73682358	LTR/ERVL-MaLR	852	-	166	73682193	7197
chr17	73674996	73874996	harbor2	chr17	73682440	73682485	LTR/ERVL-MaLR	852	-	22	73682462	7466
chr17	73674996	73874996	harbor2	chr17	73707352	73707613	LTR/ERVL-MaLR	618	-	130	73707482	32486
chr17	73674996	73874996	harbor2	chr17	73733851	73734221	LTR/ERVL-MaLR	1337	-	185	73734036	59040
chr17	73674996	73874996	harbor2	chr17	73737192	73737670	LTR/ERVL-MaLR	1653	-	239	73737431	62435
chr17	73674996	73874996	harbor2	chr17	73751504	73751864	LTR/ERVL-MaLR	2059	-	180	73751684	76688
chr17	73674996	73874996	harbor2	chr17	73765544	73765908	LTR/ERVL-MaLR	1386	-	182	73765726	90730
chr17	35948284	36148284	harbor2	chr17	35988420	35988829	LTR/ERVL-MaLR	979	-	204	35988624	40340
chr17	35948284	36148284	harbor2	chr17	36046411	36046837	LTR/ERVL-MaLR	2691	-	213	36046624	98340
chr17	62130759	62330759	harbor2	chr17	62189478	62189615	LTR/ERVL-MaLR	552	-	68	62189546	58787
chr17	62130759	62330759	harbor2	chr17	62202490	62202601	LTR/ERVL-MaLR	689	-	56	62202546	71787
chr17	62130759	62330759	harbor2	chr17	62202912	62203379	LTR/ERVL-MaLR	689	-	234	62203146	72387
chr17	62130759	62330759	harbor2	chr17	62206989	62207199	LTR/ERVL-MaLR	574	-	105	62207094	76335
chr17	62130759	62330759	harbor2	chr17	62207740	62207926	LTR/ERVL-MaLR	760	-	93	62207833	77074
chr17	62130759	62330759	harbor2	chr17	62214399	62214750	LTR/ERVL-MaLR	2278	-	176	62214575	83816
chr17	62130759	62330759	harbor2	chr17	62221529	62221670	LTR/ERVL-MaLR	672	-	70	62221599	90840
chr17	62130759	62330759	harbor2	chr17	62223306	62223673	LTR/ERVL-MaLR	1652	-	184	62223490	92731
chr17	78543385	78743385	harbor2	chr17	78545324	78545691	LTR/ERVL-MaLR	1456	-	184	78545508	2123
chr17	78543385	78743385	harbor2	chr17	78581221	78581611	LTR/ERVL-MaLR	840	-	195	78581416	38031
chr17	67603675	67803675	harbor2	chr17	67617536	67617976	LTR/ERVL-MaLR	1577	-	220	67617756	14081
chr17	67603675	67803675	harbor2	chr17	67655039	67655276	LTR/ERVL-MaLR	1772	-	118	67655157	51482
chr17	67603675	67803675	harbor2	chr17	67655583	67655651	LTR/ERVL-MaLR	1772	-	34	67655617	51942
chr17	67603675	67803675	harbor2	chr17	67656216	67656583	LTR/ERVL-MaLR	805	-	184	67656400	52725
chr17	67603675	67803675	harbor2	chr17	67659196	67659677	LTR/ERVL-MaLR	576	-	240	67659436	55761
chr17	81695497	81895497	harbor2	chr17	81739304	81739522	LTR/ERVL-MaLR	1184	-	109	81739413	43916
chr17	81695497	81895497	harbor2	chr17	81739835	81739863	LTR/ERVL-MaLR	1184	-	14	81739849	44352
chr17	81695497	81895497	harbor2	chr17	81740488	81740608	LTR/ERVL-MaLR	1184	-	60	81740548	45051
chr17	28950331	29150331	harbor2	chr17	29041055	29041458	LTR/ERVL-MaLR	1054	-	202	29041257	90926
chr17	28950331	29150331	harbor2	chr17	29041755	29041912	LTR/ERVL-MaLR	1054	-	78	29041833	91502
chr17	72349274	72549274	harbor2	chr17	72355467	72355822	LTR/ERVL-MaLR	1693	-	178	72355645	6371
chr17	72349274	72549274	harbor2	chr17	72389495	72389924	LTR/ERVL-MaLR	1684	-	214	72389709	40435
chr17	72349274	72549274	harbor2	chr17	72390913	72391260	LTR/ERVL-MaLR	2212	-	174	72391087	41813
chr17	72349274	72549274	harbor2	chr17	72405571	72405949	LTR/ERVL-MaLR	2655	-	189	72405760	56486
chr17	72349274	72549274	harbor2	chr17	72418152	72418578	LTR/ERVL-MaLR	1735	-	213	72418365	69091
chr17	81482389	81682389	harbor2	chr17	81533297	81533665	LTR/ERVL-MaLR	540	-	184	81533481	51092
chr17	81482389	81682389	harbor2	chr17	81578466	81578825	LTR/ERVL-MaLR	1869	-	180	81578646	96257
chr17	66840222	67040222	harbor2	chr17	66847295	66847654	LTR/ERVL-MaLR	2586	-	180	66847475	7253
chr17	66840222	67040222	harbor2	chr17	66869764	66869801	LTR/ERVL-MaLR	1367	-	18	66869782	29560
chr17	66840222	67040222	harbor2	chr17	66870118	66870379	LTR/ERVL-MaLR	1367	-	130	66870248	30026
chr17	66840222	67040222	harbor2	chr17	66870570	66870697	LTR/ERVL-MaLR	1367	-	64	66870634	30412
chr17	66840222	67040222	harbor2	chr17	66870993	66871119	LTR/ERVL-MaLR	1367	-	63	66871056	30834
chr17	66840222	67040222	harbor2	chr17	66874325	66874742	LTR/ERVL-MaLR	2502	-	208	66874533	34311
chr17	66840222	67040222	harbor2	chr17	66886743	66887136	LTR/ERVL-MaLR	1635	-	196	66886939	46717
chr17	66840222	67040222	harbor2	chr17	66891061	66891278	LTR/ERVL-MaLR	917	-	108	66891169	50947
chr17	66840222	67040222	harbor2	chr17	66891279	66891804	LTR/ERVL-MaLR	1119	-	262	66891541	51319
chr17	66840222	67040222	harbor2	chr17	66891805	66891851	LTR/ERVL-MaLR	917	-	23	66891828	51606
chr17	66840222	67040222	harbor2	chr17	66903318	66903695	LTR/ERVL-MaLR	2494	-	188	66903506	63284
chr17	66840222	67040222	harbor2	chr17	66916947	66917375	LTR/ERVL-MaLR	1325	-	214	66917161	76939
chr17	66840222	67040222	harbor2	chr17	66930864	66931332	LTR/ERVL-MaLR	892	-	234	66931098	90876
chr17	66840222	67040222	harbor2	chr17	66934795	66935151	LTR/ERVL-MaLR	2529	-	178	66934973	94751
chr17	60403586	60603586	harbor2	chr17	60432230	60432578	LTR/ERVL-MaLR	2399	-	174	60432404	28818
chr17	60403586	60603586	harbor2	chr17	60432581	60433660	LTR/ERVL-MaLR	7832	-	540	60433121	29535
chr17	60403586	60603586	harbor2	chr17	60423863	60424271	LTR/ERVL-MaLR	2472	-	204	60424067	20481
chr17	50248967	50448967	harbor2	chr17	50285807	50285948	LTR/ERVL-MaLR	603	-	70	50285877	36910
chr17	42168736	42368736	harbor2	chr17	42182662	42183101	LTR/ERVL-MaLR	2748	-	220	42182882	14146
chr17	53813942	54013942	harbor2	chr17	53846549	53847043	LTR/ERVL-MaLR	1883	-	247	53846796	32854
chr17	53813942	54013942	harbor2	chr17	53866859	53867263	LTR/ERVL-MaLR	1990	-	202	53867061	53119
chr17	53813942	54013942	harbor2	chr17	53867264	53868178	LTR/ERVL-MaLR	4790	-	457	53867721	53779
chr17	53813942	54013942	harbor2	chr17	53885922	53886344	LTR/ERVL-MaLR	2263	-	211	53886133	72191
chr17	72246043	72446043	harbor2	chr17	72261501	72261865	LTR/ERVL-MaLR	2510	-	182	72261683	15640
chr17	72246043	72446043	harbor2	chr17	72300082	72300337	LTR/ERVL-MaLR	1522	-	128	72300210	54167
chr17	72246043	72446043	harbor2	chr17	72300633	72300820	LTR/ERVL-MaLR	1522	-	94	72300727	54684
chr17	72246043	72446043	harbor2	chr17	72320936	72321363	LTR/ERVL-MaLR	2994	-	214	72321150	75107
chr17	72246043	72446043	harbor2	chr17	72344679	72344724	LTR/ERVL-MaLR	1080	-	22	72344701	98658
chr17	72246043	72446043	harbor2	chr17	72344725	72345081	LTR/ERVL-MaLR	2159	-	178	72344903	98860
chr17	72246043	72446043	harbor2	chr17	72345082	72345414	LTR/ERVL-MaLR	1080	-	166	72345248	99205
chr17	76661932	76861932	harbor2	chr17	76730619	76730686	LTR/ERVL-MaLR	1290	-	34	76730653	68721
chr17	76661932	76861932	harbor2	chr17	76731290	76731559	LTR/ERVL-MaLR	1290	-	134	76731424	69492
chr17	65706559	65906559	harbor2	chr17	65709286	65709646	LTR/ERVL-MaLR	2398	-	180	65709466	2907
chr17	65706559	65906559	harbor2	chr17	65725608	65725941	LTR/ERVL-MaLR	1825	-	166	65725774	19215
chr17	65706559	65906559	harbor2	chr17	65754812	65754838	LTR/ERVL-MaLR	1526	-	13	65754825	48266
chr17	65706559	65906559	harbor2	chr17	65755104	65755485	LTR/ERVL-MaLR	1880	-	190	65755294	48735
chr17	81226937	81426937	harbor2	chr17	81242743	81243032	LTR/ERVL-MaLR	970	-	144	81242887	15950
chr17	81226937	81426937	harbor2	chr17	81299430	81299954	LTR/ERVL-MaLR	813	-	262	81299692	72755
chr17	81226937	81426937	harbor2	chr17	81324911	81325247	LTR/ERVL-MaLR	633	-	168	81325079	98142
chr17	78853434	79053434	harbor2	chr17	78940931	78941067	LTR/ERVL-MaLR	584	-	68	78940999	87565
chr17	57546062	57746062	harbor2	chr17	57593266	57593711	LTR/ERVL-MaLR	1277	-	222	57593488	47426
chr17	57546062	57746062	harbor2	chr17	57595408	57595731	LTR/ERVL-MaLR	1261	-	162	57595570	49508
chr17	57546062	57746062	harbor2	chr17	57607639	57608048	LTR/ERVL-MaLR	2149	-	204	57607843	61781
chr17	57546062	57746062	harbor2	chr17	57624877	57625214	LTR/ERVL-MaLR	1876	-	168	57625045	78983
chr17	57546062	57746062	harbor2	chr17	57634690	57635109	LTR/ERVL-MaLR	1383	-	210	57634900	88838
chr17	57546062	57746062	harbor2	chr17	57638543	57638607	LTR/ERVL-MaLR	2131	-	32	57638575	92513
chr17	57546062	57746062	harbor2	chr17	57638920	57639220	LTR/ERVL-MaLR	2131	-	150	57639070	93008
chr17	61876160	62076160	harbor2	chr17	61954858	61955361	LTR/ERVL-MaLR	1904	-	252	61955110	78950
chr17	79526805	79726805	harbor2	chr17	79535003	79535211	LTR/ERVL-MaLR	554	-	104	79535107	8302
chr17	79526805	79726805	harbor2	chr17	79537114	79537499	LTR/ERVL-MaLR	803	-	192	79537306	10501
chr17	79526805	79726805	harbor2	chr17	79580570	79580767	LTR/ERVL-MaLR	539	-	98	79580668	53863
chr17	79526805	79726805	harbor2	chr17	79589149	79589563	LTR/ERVL-MaLR	850	-	207	79589356	62551
chr17	79526805	79726805	harbor2	chr17	79619250	79619670	LTR/ERVL-MaLR	1246	-	210	79619460	92655
chr17	79526805	79726805	harbor2	chr17	79622465	79622820	LTR/ERVL-MaLR	1361	-	178	79622643	95838
chr17	76713880	76913880	harbor2	chr17	76730619	76730686	LTR/ERVL-MaLR	1290	-	34	76730653	16773
chr17	76713880	76913880	harbor2	chr17	76731290	76731559	LTR/ERVL-MaLR	1290	-	134	76731424	17544
chr17	76713880	76913880	harbor2	chr17	76767465	76767944	LTR/ERVL-MaLR	523	-	240	76767705	53825
chr17	76713880	76913880	harbor2	chr17	76769197	76769563	LTR/ERVL-MaLR	1800	-	183	76769380	55500
chr17	76713880	76913880	harbor2	chr17	76780961	76781464	LTR/ERVL-MaLR	1316	-	252	76781213	67333
chr17	77699199	77899199	harbor2	chr17	77701581	77701780	LTR/ERVL-MaLR	861	-	100	77701681	2482
chr17	77699199	77899199	harbor2	chr17	77702035	77702408	LTR/ERVL-MaLR	2700	-	186	77702221	3022
chr17	77699199	77899199	harbor2	chr17	77708157	77708540	LTR/ERVL-MaLR	2021	-	192	77708349	9150
chr17	77699199	77899199	harbor2	chr17	77716566	77716906	LTR/ERVL-MaLR	1342	-	170	77716736	17537
chr17	77699199	77899199	harbor2	chr17	77719617	77719643	LTR/ERVL-MaLR	1355	-	13	77719630	20431
chr17	77699199	77899199	harbor2	chr17	77719870	77720216	LTR/ERVL-MaLR	1355	-	173	77720043	20844
chr17	77699199	77899199	harbor2	chr17	77745512	77745878	LTR/ERVL-MaLR	2583	-	183	77745695	46496
chr17	28820980	29020980	harbor2	chr17	28876160	28876345	LTR/ERVL-MaLR	535	-	92	28876252	55272
chr17	28820980	29020980	harbor2	chr17	28876381	28876709	LTR/ERVL-MaLR	1106	-	164	28876545	55565
chr17	73002059	73202059	harbor2	chr17	73002663	73003115	LTR/ERVL-MaLR	1645	-	226	73002889	830
chr17	73002059	73202059	harbor2	chr17	73004261	73004585	LTR/ERVL-MaLR	1290	-	162	73004423	2364
chr17	73002059	73202059	harbor2	chr17	73050985	73051305	LTR/ERVL-MaLR	1166	-	160	73051145	49086
chr17	79974564	80174564	harbor2	chr17	79984982	79985366	LTR/ERVL-MaLR	1167	-	192	79985174	10610
chr17	79974564	80174564	harbor2	chr17	80029730	80030211	LTR/ERVL-MaLR	2194	-	240	80029970	55406
chr17	71336547	71536547	harbor2	chr17	71349091	71349522	LTR/ERVL-MaLR	2739	-	216	71349307	12760
chr17	71336547	71536547	harbor2	chr17	71359778	71360133	LTR/ERVL-MaLR	2058	-	178	71359956	23409
chr17	71336547	71536547	harbor2	chr17	71363182	71363540	LTR/ERVL-MaLR	2092	-	179	71363361	26814
chr17	71336547	71536547	harbor2	chr17	71367839	71368097	LTR/ERVL-MaLR	1659	-	129	71367968	31421
chr17	71336547	71536547	harbor2	chr17	71386924	71387286	LTR/ERVL-MaLR	2087	-	181	71387105	50558
chr17	71336547	71536547	harbor2	chr17	71387289	71388840	LTR/ERVL-MaLR	10020	-	776	71388065	51518
chr17	71336547	71536547	harbor2	chr17	71413316	71413771	LTR/ERVL-MaLR	1879	-	228	71413544	76997
chr17	71336547	71536547	harbor2	chr17	71414499	71414707	LTR/ERVL-MaLR	2168	-	104	71414603	78056
chr17	71336547	71536547	harbor2	chr17	71414747	71414939	LTR/ERVL-MaLR	2168	-	96	71414843	78296
chr17	18360677	18560677	harbor2	chr17	18375303	18375628	LTR/ERVL-MaLR	1342	-	162	18375465	14788
chr17	18360677	18560677	harbor2	chr17	18386013	18386421	LTR/ERVL-MaLR	1776	-	204	18386217	25540
chr17	52382385	52582385	harbor2	chr17	52413225	52413289	LTR/ERVL-MaLR	1502	-	32	52413257	30872
chr17	52382385	52582385	harbor2	chr17	52413316	52413615	LTR/ERVL-MaLR	1502	-	150	52413466	31081
chr17	52382385	52582385	harbor2	chr17	52434637	52435006	LTR/ERVL-MaLR	591	-	184	52434821	52436
chr17	52382385	52582385	harbor2	chr17	52449956	52450441	LTR/ERVL-MaLR	2380	-	242	52450198	67813
chr17	52382385	52582385	harbor2	chr17	52463203	52463579	LTR/ERVL-MaLR	2193	-	188	52463391	81006
chr17	52382385	52582385	harbor2	chr17	52475170	52475415	LTR/ERVL-MaLR	913	-	122	52475292	92907
chr17	52382385	52582385	harbor2	chr17	52475450	52475672	LTR/ERVL-MaLR	540	-	111	52475561	93176
chr17	56885787	57085787	harbor2	chr17	56885441	56885818	LTR/ERVL-MaLR	2473	-	188	56885629	158
chr17	69622601	69822601	harbor2	chr17	69625431	69625963	LTR/ERVL-MaLR	2316	-	266	69625697	3096
chr17	69622601	69822601	harbor2	chr17	69636620	69637005	LTR/ERVL-MaLR	1221	-	192	69636812	14211
chr17	69622601	69822601	harbor2	chr17	69652628	69652993	LTR/ERVL-MaLR	2551	-	182	69652810	30209
chr17	69622601	69822601	harbor2	chr17	69659520	69659922	LTR/ERVL-MaLR	2188	-	201	69659721	37120
chr17	69622601	69822601	harbor2	chr17	69697640	69699212	LTR/ERVL-MaLR	11839	-	786	69698426	75825
chr17	69622601	69822601	harbor2	chr17	69699214	69699566	LTR/ERVL-MaLR	2596	-	176	69699390	76789
chr17	69622601	69822601	harbor2	chr17	69715831	69716189	LTR/ERVL-MaLR	2098	-	179	69716010	93409
chr17	69622601	69822601	harbor2	chr17	69697287	69697639	LTR/ERVL-MaLR	2512	-	176	69697463	74862
chr17	65204426	65404426	harbor2	chr17	65211923	65212324	LTR/ERVL-MaLR	899	-	200	65212123	7697
chr17	65204426	65404426	harbor2	chr17	65221632	65221976	LTR/ERVL-MaLR	1505	-	172	65221804	17378
chr17	65204426	65404426	harbor2	chr17	65221953	65222439	LTR/ERVL-MaLR	1469	-	243	65222196	17770
chr17	65204426	65404426	harbor2	chr17	65230135	65230378	LTR/ERVL-MaLR	666	-	122	65230257	25831
chr17	65204426	65404426	harbor2	chr17	65245518	65245780	LTR/ERVL-MaLR	1665	-	131	65245649	41223
chr17	65204426	65404426	harbor2	chr17	65246089	65246296	LTR/ERVL-MaLR	1665	-	104	65246193	41767
chr17	65204426	65404426	harbor2	chr17	65250196	65250405	LTR/ERVL-MaLR	1293	-	104	65250300	45874
chr17	65204426	65404426	harbor2	chr17	65269212	65269655	LTR/ERVL-MaLR	1418	-	222	65269434	65008
chr17	65204426	65404426	harbor2	chr17	65284310	65284566	LTR/ERVL-MaLR	1269	-	128	65284438	80012
chr17	65204426	65404426	harbor2	chr17	65302072	65302145	LTR/ERVL-MaLR	938	-	36	65302108	97682
chr17	65204426	65404426	harbor2	chr17	65302456	65302797	LTR/ERVL-MaLR	938	-	170	65302626	98200
chr17	65204426	65404426	harbor2	chr17	65303213	65303598	LTR/ERVL-MaLR	1538	-	192	65303405	98979
chr17	35194277	35394277	harbor2	chr17	35230172	35230555	LTR/ERVL-MaLR	2195	-	192	35230364	36087
chr17	35194277	35394277	harbor2	chr17	35252977	35253321	LTR/ERVL-MaLR	1786	-	172	35253149	58872
chr17	35194277	35394277	harbor2	chr17	35258188	35258544	LTR/ERVL-MaLR	2119	-	178	35258366	64089
chr17	72461838	72661838	harbor2	chr17	72482526	72482597	LTR/ERVL-MaLR	2259	-	36	72482562	20724
chr17	72461838	72661838	harbor2	chr17	72482909	72483323	LTR/ERVL-MaLR	2259	-	207	72483116	21278
chr17	72461838	72661838	harbor2	chr17	72497211	72497583	LTR/ERVL-MaLR	2336	-	186	72497397	35559
chr17	72461838	72661838	harbor2	chr17	72505335	72505676	LTR/ERVL-MaLR	2326	-	170	72505505	43667
chr17	72461838	72661838	harbor2	chr17	72527211	72527360	LTR/ERVL-MaLR	928	-	74	72527285	65447
chr17	72461838	72661838	harbor2	chr17	72547799	72548156	LTR/ERVL-MaLR	2289	-	178	72547977	86139
chr17	80544725	80744725	harbor2	chr17	80604564	80604917	LTR/ERVL-MaLR	2661	-	176	80604740	60015
chr17	80544725	80744725	harbor2	chr17	80636344	80636681	LTR/ERVL-MaLR	1127	-	168	80636512	91787
chr17	69386109	69586109	harbor2	chr17	69428158	69428597	LTR/ERVL-MaLR	2413	-	220	69428378	42269
chr17	69386109	69586109	harbor2	chr17	69455195	69455621	LTR/ERVL-MaLR	709	-	213	69455408	69299
chr17	69386109	69586109	harbor2	chr17	69469082	69469447	LTR/ERVL-MaLR	1182	-	182	69469264	83155
chr17	69386109	69586109	harbor2	chr17	69481494	69481883	LTR/ERVL-MaLR	2042	-	194	69481688	95579
chr17	27943049	28143049	harbor2	chr17	27965685	27966050	LTR/ERVL-MaLR	2253	-	182	27965867	22818
chr17	27943049	28143049	harbor2	chr17	27974006	27974427	LTR/ERVL-MaLR	1479	-	210	27974216	31167
chr17	27943049	28143049	harbor2	chr17	27976077	27976706	LTR/ERVL-MaLR	1264	-	314	27976391	33342
chr17	27943049	28143049	harbor2	chr17	27993712	27994238	LTR/ERVL-MaLR	2051	-	263	27993975	50926
chr17	27943049	28143049	harbor2	chr17	27997547	27997822	LTR/ERVL-MaLR	657	-	138	27997685	54636
chr17	35385525	35585525	harbor2	chr17	35400833	35401347	LTR/ERVL-MaLR	2638	-	257	35401090	15565
chr17	35385525	35585525	harbor2	chr17	35438953	35439336	LTR/ERVL-MaLR	977	-	192	35439145	53620
chr17	35385525	35585525	harbor2	chr17	35463806	35464219	LTR/ERVL-MaLR	2359	-	206	35464012	78487
chr17	47361660	47561660	harbor2	chr17	47371949	47372044	LTR/ERVL-MaLR	765	-	48	47371997	10337
chr17	47361660	47561660	harbor2	chr17	47410062	47410454	LTR/ERVL-MaLR	2387	-	196	47410258	48598
chr17	47361660	47561660	harbor2	chr17	47410455	47410824	LTR/ERVL-MaLR	1945	-	184	47410639	48979
chr17	47361660	47561660	harbor2	chr17	47442620	47442961	LTR/ERVL-MaLR	2141	-	170	47442790	81130
chr17	78273104	78473104	harbor2	chr17	78306351	78306456	LTR/ERVL-MaLR	999	-	52	78306403	33299
chr17	78273104	78473104	harbor2	chr17	78306787	78307222	LTR/ERVL-MaLR	999	-	218	78307005	33901
chr17	78273104	78473104	harbor2	chr17	78307834	78308064	LTR/ERVL-MaLR	639	-	115	78307949	34845
chr17	78273104	78473104	harbor2	chr17	78309763	78309921	LTR/ERVL-MaLR	611	-	79	78309842	36738
chr17	60652747	60852747	harbor2	chr17	60665613	60666083	LTR/ERVL-MaLR	1562	-	235	60665848	13101
chr17	75826516	76026516	harbor2	chr17	75880154	75880341	LTR/ERVL-MaLR	519	-	94	75880248	53732
chr17	75826516	76026516	harbor2	chr17	75880461	75880637	LTR/ERVL-MaLR	754	-	88	75880549	54033
chr17	75826516	76026516	harbor2	chr17	75881337	75881682	LTR/ERVL-MaLR	1557	-	172	75881509	54993
chr17	72272874	72472874	harbor2	chr17	72300082	72300337	LTR/ERVL-MaLR	1522	-	128	72300210	27336
chr17	72272874	72472874	harbor2	chr17	72300633	72300820	LTR/ERVL-MaLR	1522	-	94	72300727	27853
chr17	72272874	72472874	harbor2	chr17	72320936	72321363	LTR/ERVL-MaLR	2994	-	214	72321150	48276
chr17	72272874	72472874	harbor2	chr17	72344679	72344724	LTR/ERVL-MaLR	1080	-	22	72344701	71827
chr17	72272874	72472874	harbor2	chr17	72344725	72345081	LTR/ERVL-MaLR	2159	-	178	72344903	72029
chr17	72272874	72472874	harbor2	chr17	72345082	72345414	LTR/ERVL-MaLR	1080	-	166	72345248	72374
chr17	72272874	72472874	harbor2	chr17	72355467	72355822	LTR/ERVL-MaLR	1693	-	178	72355645	82771
chr17	82276996	82476996	harbor2	chr17	82276932	82277109	LTR/ERVL-MaLR	1338	-	88	82277020	24
chr17	82276996	82476996	harbor2	chr17	82329639	82329998	LTR/ERVL-MaLR	918	-	180	82329819	52823
chr17	78029079	78229079	harbor2	chr17	78080958	78081303	LTR/ERVL-MaLR	1859	-	172	78081130	52051
chr17	78029079	78229079	harbor2	chr17	78099332	78099694	LTR/ERVL-MaLR	2405	-	181	78099513	70434
chr17	78029079	78229079	harbor2	chr17	78099695	78100765	LTR/ERVL-MaLR	10859	-	535	78100230	71151
chr17	78029079	78229079	harbor2	chr17	78101076	78101478	LTR/ERVL-MaLR	10859	-	201	78101277	72198
chr17	78029079	78229079	harbor2	chr17	78101967	78102030	LTR/ERVL-MaLR	510	-	32	78101999	72920
chr17	78029079	78229079	harbor2	chr17	78103674	78104000	LTR/ERVL-MaLR	1663	-	163	78103837	74758
chr17	78029079	78229079	harbor2	chr17	78114000	78114474	LTR/ERVL-MaLR	1503	-	237	78114237	85158
chr17	62446077	62646077	harbor2	chr17	62510484	62510840	LTR/ERVL-MaLR	1396	-	178	62510662	64585
chr17	62446077	62646077	harbor2	chr17	62544190	62544569	LTR/ERVL-MaLR	1919	-	190	62544380	98303
chr17	71366730	71566730	harbor2	chr17	71367839	71368097	LTR/ERVL-MaLR	1659	-	129	71367968	1238
chr17	71366730	71566730	harbor2	chr17	71386924	71387286	LTR/ERVL-MaLR	2087	-	181	71387105	20375
chr17	71366730	71566730	harbor2	chr17	71387289	71388840	LTR/ERVL-MaLR	10020	-	776	71388065	21335
chr17	71366730	71566730	harbor2	chr17	71413316	71413771	LTR/ERVL-MaLR	1879	-	228	71413544	46814
chr17	71366730	71566730	harbor2	chr17	71414499	71414707	LTR/ERVL-MaLR	2168	-	104	71414603	47873
chr17	71366730	71566730	harbor2	chr17	71414747	71414939	LTR/ERVL-MaLR	2168	-	96	71414843	48113
chr17	62893041	63093041	harbor2	chr17	62894435	62894633	LTR/ERVL-MaLR	596	-	99	62894534	1493
chr17	62893041	63093041	harbor2	chr17	62906152	62906326	LTR/ERVL-MaLR	1521	-	87	62906239	13198
chr17	62893041	63093041	harbor2	chr17	62906621	62906859	LTR/ERVL-MaLR	1521	-	119	62906740	13699
chr17	62893041	63093041	harbor2	chr17	62910277	62910672	LTR/ERVL-MaLR	2123	-	198	62910475	17434
chr17	62893041	63093041	harbor2	chr17	62918563	62918793	LTR/ERVL-MaLR	1749	-	115	62918678	25637
chr17	62893041	63093041	harbor2	chr17	62919084	62919221	LTR/ERVL-MaLR	1749	-	68	62919152	26111
chr17	62893041	63093041	harbor2	chr17	62992788	62993260	LTR/ERVL-MaLR	2006	-	236	62993024	99983
chr17	51265157	51465157	harbor2	chr17	51270471	51270859	LTR/ERVL-MaLR	1135	-	194	51270665	5508
chr17	51265157	51465157	harbor2	chr17	51334985	51335329	LTR/ERVL-MaLR	1702	-	172	51335157	70000
chr17	51265157	51465157	harbor2	chr17	51348305	51348812	LTR/ERVL-MaLR	1672	-	254	51348559	83402
chr17	51265157	51465157	harbor2	chr17	51360927	51360961	LTR/ERVL-MaLR	1914	-	17	51360944	95787
chr17	51265157	51465157	harbor2	chr17	51362251	51362601	LTR/ERVL-MaLR	1914	-	175	51362426	97269
chr17	51265157	51465157	harbor2	chr17	51363715	51364160	LTR/ERVL-MaLR	1930	-	222	51363937	98780
chr17	60305160	60505160	harbor2	chr17	60305107	60305535	LTR/ERVL-MaLR	2631	-	214	60305321	161
chr17	60305160	60505160	harbor2	chr17	60335359	60335631	LTR/ERVL-MaLR	818	-	136	60335495	30335
chr17	60305160	60505160	harbor2	chr17	60363992	60364345	LTR/ERVL-MaLR	1880	-	176	60364168	59008
chr17	60305160	60505160	harbor2	chr17	60402658	60403020	LTR/ERVL-MaLR	1419	-	181	60402839	97679
chr17	60305160	60505160	harbor2	chr17	60403316	60403432	LTR/ERVL-MaLR	1419	-	58	60403374	98214
chr17	80034179	80234179	harbor2	chr17	80084139	80084502	LTR/ERVL-MaLR	2227	-	182	80084321	50142
chr17	80034179	80234179	harbor2	chr17	80122522	80122771	LTR/ERVL-MaLR	1144	-	124	80122646	88467
chr17	80034179	80234179	harbor2	chr17	80123106	80123185	LTR/ERVL-MaLR	1144	-	40	80123146	88967
chr17	80034179	80234179	harbor2	chr17	80126448	80127022	LTR/ERVL-MaLR	1939	-	287	80126735	92556
chr17	80034179	80234179	harbor2	chr17	80129623	80129985	LTR/ERVL-MaLR	2036	-	181	80129804	95625
chr17	79897201	80097201	harbor2	chr17	79899022	79899386	LTR/ERVL-MaLR	2348	-	182	79899204	2003
chr17	79897201	80097201	harbor2	chr17	79901495	79901933	LTR/ERVL-MaLR	1500	-	219	79901714	4513
chr17	79897201	80097201	harbor2	chr17	79905132	79905663	LTR/ERVL-MaLR	1853	-	266	79905398	8197
chr17	79897201	80097201	harbor2	chr17	79912046	79912456	LTR/ERVL-MaLR	1149	-	205	79912251	15050
chr17	79897201	80097201	harbor2	chr17	79965939	79966375	LTR/ERVL-MaLR	1536	-	218	79966157	68956
chr17	79897201	80097201	harbor2	chr17	79984982	79985366	LTR/ERVL-MaLR	1167	-	192	79985174	87973
chr17	70189372	70389372	harbor2	chr17	70232086	70232413	LTR/ERVL-MaLR	2364	-	164	70232250	42878
chr17	70189372	70389372	harbor2	chr17	70243554	70244074	LTR/ERVL-MaLR	2413	-	260	70243814	54442
chr17	70189372	70389372	harbor2	chr17	70264655	70265043	LTR/ERVL-MaLR	2042	-	194	70264849	75477
chr17	73188702	73388702	harbor2	chr17	73195965	73196133	LTR/ERVL-MaLR	799	-	84	73196049	7347
chr17	73188702	73388702	harbor2	chr17	73273655	73273719	LTR/ERVL-MaLR	1575	-	32	73273687	84985
chr17	73188702	73388702	harbor2	chr17	73274023	73274341	LTR/ERVL-MaLR	1575	-	159	73274182	85480
chr17	59200718	59400718	harbor2	chr17	59254613	59254831	LTR/ERVL-MaLR	696	-	109	59254722	54004
chr17	59200718	59400718	harbor2	chr17	59284193	59284366	LTR/ERVL-MaLR	723	-	86	59284279	83561
chr17	80269150	80469150	harbor2	chr17	80271636	80271696	LTR/ERVL-MaLR	1928	-	30	80271666	2516
chr17	80269150	80469150	harbor2	chr17	80272313	80272686	LTR/ERVL-MaLR	1928	-	186	80272499	3349
chr17	80269150	80469150	harbor2	chr17	80365904	80366182	LTR/ERVL-MaLR	736	-	139	80366043	96893
chr17	78191468	78391468	harbor2	chr17	78235116	78235290	LTR/ERVL-MaLR	1722	-	87	78235203	43735
chr17	78191468	78391468	harbor2	chr17	78235586	78235599	LTR/ERVL-MaLR	1722	-	6	78235592	44124
chr17	78191468	78391468	harbor2	chr17	78235901	78236095	LTR/ERVL-MaLR	1722	-	97	78235998	44530
chr17	74415772	74615772	harbor2	chr17	74422659	74423014	LTR/ERVL-MaLR	2320	-	178	74422837	7065
chr17	74415772	74615772	harbor2	chr17	74475011	74475377	LTR/ERVL-MaLR	2253	-	183	74475194	59422
chr17	74415772	74615772	harbor2	chr17	74487650	74488002	LTR/ERVL-MaLR	2176	-	176	74487826	72054
chr17	74415772	74615772	harbor2	chr17	74488003	74489596	LTR/ERVL-MaLR	12482	-	796	74488799	73027
chr17	74415772	74615772	harbor2	chr17	74489600	74489963	LTR/ERVL-MaLR	2410	-	182	74489782	74010
chr17	66301041	66501041	harbor2	chr17	66351689	66352139	LTR/ERVL-MaLR	557	-	225	66351914	50873
chr17	78587297	78787297	harbor2	chr17	78648699	78648916	LTR/ERVL-MaLR	2457	-	108	78648807	61510
chr17	78587297	78787297	harbor2	chr17	78649229	78649392	LTR/ERVL-MaLR	2457	-	82	78649311	62014
chr17	78587297	78787297	harbor2	chr17	78659758	78660129	LTR/ERVL-MaLR	2118	-	186	78659944	72647
chr17	78587297	78787297	harbor2	chr17	78666912	78667262	LTR/ERVL-MaLR	2019	-	175	78667087	79790
chr17	78587297	78787297	harbor2	chr17	78672558	78673109	LTR/ERVL-MaLR	2222	-	276	78672834	85537
chr17	80422836	80622836	harbor2	chr17	80458387	80458803	LTR/ERVL-MaLR	1360	-	208	80458595	35759
chr17	80422836	80622836	harbor2	chr17	80520293	80520812	LTR/ERVL-MaLR	1574	-	260	80520553	97717
chr17	66476076	66676076	harbor2	chr17	66483167	66483446	LTR/ERVL-MaLR	2308	-	140	66483307	7231
chr17	66476076	66676076	harbor2	chr17	66483760	66483930	LTR/ERVL-MaLR	2308	-	85	66483845	7769
chr17	66476076	66676076	harbor2	chr17	66483931	66484299	LTR/ERVL-MaLR	2039	-	184	66484115	8039
chr17	66476076	66676076	harbor2	chr17	66484300	66484314	LTR/ERVL-MaLR	2308	-	7	66484307	8231
chr17	66476076	66676076	harbor2	chr17	66494260	66494626	LTR/ERVL-MaLR	1338	-	183	66494443	18367
chr17	66476076	66676076	harbor2	chr17	66526517	66526777	LTR/ERVL-MaLR	629	-	130	66526647	50571
chr17	66476076	66676076	harbor2	chr17	66546322	66546784	LTR/ERVL-MaLR	1515	-	231	66546553	70477
chr17	66476076	66676076	harbor2	chr17	66551279	66551724	LTR/ERVL-MaLR	1894	-	222	66551501	75425
chr17	66476076	66676076	harbor2	chr17	66552315	66552849	LTR/ERVL-MaLR	1673	-	267	66552582	76506
chr17	32888680	33088680	harbor2	chr17	32980571	32980880	LTR/ERVL-MaLR	2240	-	154	32980725	92045
chr17	32888680	33088680	harbor2	chr17	32982868	32983219	LTR/ERVL-MaLR	2657	-	176	32983044	94364
chr17	32888680	33088680	harbor2	chr17	32987082	32988498	LTR/ERVL-MaLR	10413	-	708	32987790	99110
chr17	32888680	33088680	harbor2	chr17	32980881	32982475	LTR/ERVL-MaLR	10919	-	797	32981678	92998
chr17	55360263	55560263	harbor2	chr17	55364842	55365143	LTR/ERVL-MaLR	1859	-	150	55364992	4729
chr17	55360263	55560263	harbor2	chr17	55365447	55365519	LTR/ERVL-MaLR	1859	-	36	55365483	5220
chr17	55360263	55560263	harbor2	chr17	55375868	55376230	LTR/ERVL-MaLR	2354	-	181	55376049	15786
chr17	60958894	61158894	harbor2	chr17	60959703	60960130	LTR/ERVL-MaLR	578	-	214	60959917	1023
chr17	60958894	61158894	harbor2	chr17	60960143	60961049	LTR/ERVL-MaLR	1478	-	453	60960596	1702
chr17	58688593	58888593	harbor2	chr17	58705161	58705329	LTR/ERVL-MaLR	1060	-	84	58705245	16652
chr17	58688593	58888593	harbor2	chr17	58705632	58705795	LTR/ERVL-MaLR	1060	-	82	58705714	17121
chr17	58688593	58888593	harbor2	chr17	58705825	58706146	LTR/ERVL-MaLR	2867	-	160	58705985	17392
chr17	58688593	58888593	harbor2	chr17	58706458	58707237	LTR/ERVL-MaLR	2867	-	390	58706848	18255
chr17	58688593	58888593	harbor2	chr17	58707535	58707666	LTR/ERVL-MaLR	2867	-	66	58707601	19008
chr17	58688593	58888593	harbor2	chr17	58707723	58708071	LTR/ERVL-MaLR	1494	-	174	58707897	19304
chr17	58688593	58888593	harbor2	chr17	58763095	58763458	LTR/ERVL-MaLR	1273	-	182	58763277	74684
chr17	70296240	70496240	harbor2	chr17	70314502	70314894	LTR/ERVL-MaLR	1240	-	196	70314698	18458
chr17	70296240	70496240	harbor2	chr17	70315190	70315268	LTR/ERVL-MaLR	1240	-	39	70315229	18989
chr17	70296240	70496240	harbor2	chr17	70324562	70325043	LTR/ERVL-MaLR	2299	-	240	70324802	28562
chr17	70296240	70496240	harbor2	chr17	70332204	70332622	LTR/ERVL-MaLR	2194	-	209	70332413	36173
chr17	70296240	70496240	harbor2	chr17	70336036	70336475	LTR/ERVL-MaLR	720	-	220	70336256	40016
chr17	70296240	70496240	harbor2	chr17	70342762	70343126	LTR/ERVL-MaLR	2257	-	182	70342944	46704
chr17	70296240	70496240	harbor2	chr17	70347376	70347766	LTR/ERVL-MaLR	1480	-	195	70347571	51331
chr17	70296240	70496240	harbor2	chr17	70368738	70369121	LTR/ERVL-MaLR	2200	-	192	70368930	72690
chr17	70296240	70496240	harbor2	chr17	70391998	70392361	LTR/ERVL-MaLR	1598	-	182	70392180	95940
chr17	69152662	69352662	harbor2	chr17	69231027	69231121	LTR/ERVL-MaLR	531	-	47	69231074	78412
chr17	33595173	33795173	harbor2	chr17	33603710	33604080	LTR/ERVL-MaLR	1322	-	185	33603895	8722
chr17	33595173	33795173	harbor2	chr17	33658460	33658714	LTR/ERVL-MaLR	1435	-	127	33658587	63414
chr17	33595173	33795173	harbor2	chr17	33659020	33659115	LTR/ERVL-MaLR	1435	-	48	33659068	63895
chr17	33595173	33795173	harbor2	chr17	33667631	33667773	LTR/ERVL-MaLR	634	-	71	33667702	72529
chr17	33595173	33795173	harbor2	chr17	33668344	33668711	LTR/ERVL-MaLR	1498	-	184	33668528	73355
chr17	33595173	33795173	harbor2	chr17	33682954	33683130	LTR/ERVL-MaLR	778	-	88	33683042	87869
chr17	33595173	33795173	harbor2	chr17	33683805	33684001	LTR/ERVL-MaLR	951	-	98	33683903	88730
chr17	33595173	33795173	harbor2	chr17	33690185	33690673	LTR/ERVL-MaLR	1301	-	244	33690429	95256
chr17	13802079	14002079	harbor2	chr17	13824174	13824466	LTR/ERVL-MaLR	1214	-	146	13824320	22241
chr17	13802079	14002079	harbor2	chr17	13826861	13827227	LTR/ERVL-MaLR	686	-	183	13827044	24965
chr17	13802079	14002079	harbor2	chr17	13832178	13832354	LTR/ERVL-MaLR	638	-	88	13832266	30187
chr17	13802079	14002079	harbor2	chr17	13835995	13836427	LTR/ERVL-MaLR	2609	-	216	13836211	34132
chr17	13802079	14002079	harbor2	chr17	13862358	13862727	LTR/ERVL-MaLR	1490	-	184	13862542	60463
chr17	62065951	62265951	harbor2	chr17	62075337	62075837	LTR/ERVL-MaLR	1623	-	250	62075587	9636
chr17	62065951	62265951	harbor2	chr17	62076170	62076215	LTR/ERVL-MaLR	1623	-	22	62076192	10241
chr17	62065951	62265951	harbor2	chr17	62076216	62076551	LTR/ERVL-MaLR	1465	-	168	62076384	10433
chr17	62065951	62265951	harbor2	chr17	62076561	62076800	LTR/ERVL-MaLR	1105	-	120	62076681	10730
chr17	62065951	62265951	harbor2	chr17	62077238	62077428	LTR/ERVL-MaLR	711	-	95	62077333	11382
chr17	62065951	62265951	harbor2	chr17	62077429	62077557	LTR/ERVL-MaLR	1100	-	64	62077493	11542
chr17	62065951	62265951	harbor2	chr17	62078347	62078436	LTR/ERVL-MaLR	1100	-	44	62078391	12440
chr17	62065951	62265951	harbor2	chr17	62079929	62079994	LTR/ERVL-MaLR	1890	-	32	62079961	14010
chr17	62065951	62265951	harbor2	chr17	62080291	62080728	LTR/ERVL-MaLR	1890	-	218	62080509	14558
chr17	79511783	79711783	harbor2	chr17	79535003	79535211	LTR/ERVL-MaLR	554	-	104	79535107	23324
chr17	79511783	79711783	harbor2	chr17	79537114	79537499	LTR/ERVL-MaLR	803	-	192	79537306	25523
chr17	79511783	79711783	harbor2	chr17	79580570	79580767	LTR/ERVL-MaLR	539	-	98	79580668	68885
chr17	79511783	79711783	harbor2	chr17	79589149	79589563	LTR/ERVL-MaLR	850	-	207	79589356	77573
chr17	83156435	83356435	harbor2	chr17	83184633	83185008	LTR/ERVL-MaLR	522	-	188	83184821	28386
chr17	83156435	83356435	harbor2	chr17	83231615	83232010	LTR/ERVL-MaLR	756	-	198	83231813	75378
chr17	83156435	83356435	harbor2	chr17	83235790	83236233	LTR/ERVL-MaLR	1746	-	222	83236012	79577
chr17	70181525	70381525	harbor2	chr17	70232086	70232413	LTR/ERVL-MaLR	2364	-	164	70232250	50725
chr17	70181525	70381525	harbor2	chr17	70243554	70244074	LTR/ERVL-MaLR	2413	-	260	70243814	62289
chr17	70181525	70381525	harbor2	chr17	70264655	70265043	LTR/ERVL-MaLR	2042	-	194	70264849	83324
chr17	83120033	83320033	harbor2	chr17	83138329	83138712	LTR/ERVL-MaLR	2147	-	192	83138521	18488
chr17	83120033	83320033	harbor2	chr17	83139532	83139818	LTR/ERVL-MaLR	721	-	143	83139675	19642
chr17	83120033	83320033	harbor2	chr17	83140398	83140746	LTR/ERVL-MaLR	1014	-	174	83140572	20539
chr17	83120033	83320033	harbor2	chr17	83146344	83146684	LTR/ERVL-MaLR	2148	-	170	83146514	26481
chr17	83120033	83320033	harbor2	chr17	83184633	83185008	LTR/ERVL-MaLR	522	-	188	83184821	64788
chr17	59681254	59881254	harbor2	chr17	59714075	59714485	LTR/ERVL-MaLR	2562	-	205	59714280	33026
chr17	59681254	59881254	harbor2	chr17	59715235	59715601	LTR/ERVL-MaLR	2020	-	183	59715418	34164
chr17	59681254	59881254	harbor2	chr17	59721791	59722193	LTR/ERVL-MaLR	1530	-	201	59721992	40738
chr17	30338405	30538405	harbor2	chr17	30355484	30355838	LTR/ERVL-MaLR	2661	-	177	30355661	17256
chr17	30338405	30538405	harbor2	chr17	30368899	30369428	LTR/ERVL-MaLR	899	-	264	30369163	30758
chr17	30338405	30538405	harbor2	chr17	30435688	30436130	LTR/ERVL-MaLR	2192	-	221	30435909	97504
chr17	33535408	33735408	harbor2	chr17	33539994	33540437	LTR/ERVL-MaLR	1743	-	222	33540216	4808
chr17	33535408	33735408	harbor2	chr17	33603710	33604080	LTR/ERVL-MaLR	1322	-	185	33603895	68487
chr17	33535408	33735408	harbor2	chr17	33570668	33571038	LTR/ERVL-MaLR	852	-	185	33570853	35445
chr17	55195700	55395700	harbor2	chr17	55218581	55219000	LTR/ERVL-MaLR	2137	-	210	55218791	23091
chr17	55195700	55395700	harbor2	chr17	55241858	55242246	LTR/ERVL-MaLR	2426	-	194	55242052	46352
chr17	81189488	81389488	harbor2	chr17	81242743	81243032	LTR/ERVL-MaLR	970	-	144	81242887	53399
chr17	81770901	81970901	harbor2	chr17	81836661	81836724	LTR/ERVL-MaLR	1715	-	32	81836693	65792
chr17	81770901	81970901	harbor2	chr17	81837635	81838000	LTR/ERVL-MaLR	1715	-	182	81837817	66916
chr17	80082491	80282491	harbor2	chr17	80084139	80084502	LTR/ERVL-MaLR	2227	-	182	80084321	1830
chr17	80082491	80282491	harbor2	chr17	80122522	80122771	LTR/ERVL-MaLR	1144	-	124	80122646	40155
chr17	80082491	80282491	harbor2	chr17	80123106	80123185	LTR/ERVL-MaLR	1144	-	40	80123146	40655
chr17	80082491	80282491	harbor2	chr17	80126448	80127022	LTR/ERVL-MaLR	1939	-	287	80126735	44244
chr17	80082491	80282491	harbor2	chr17	80129623	80129985	LTR/ERVL-MaLR	2036	-	181	80129804	47313
chr17	80082491	80282491	harbor2	chr17	80176963	80177218	LTR/ERVL-MaLR	1064	-	128	80177091	94600
chr17	80082491	80282491	harbor2	chr17	80177844	80177998	LTR/ERVL-MaLR	1064	-	77	80177921	95430
chr17	67813531	68013531	harbor2	chr17	67862637	67863035	LTR/ERVL-MaLR	689	-	199	67862836	49305
chr17	67813531	68013531	harbor2	chr17	67863042	67863277	LTR/ERVL-MaLR	1637	-	118	67863160	49629
chr17	67813531	68013531	harbor2	chr17	67863584	67863785	LTR/ERVL-MaLR	1637	-	100	67863684	50153
chr17	67813531	68013531	harbor2	chr17	67879546	67879981	LTR/ERVL-MaLR	2195	-	218	67879764	66233
chr17	67813531	68013531	harbor2	chr17	67887607	67887860	LTR/ERVL-MaLR	665	-	126	67887733	74202
chr17	42159207	42359207	harbor2	chr17	42182662	42183101	LTR/ERVL-MaLR	2748	-	220	42182882	23675
chr17	65262835	65462835	harbor2	chr17	65269212	65269655	LTR/ERVL-MaLR	1418	-	222	65269434	6599
chr17	65262835	65462835	harbor2	chr17	65284310	65284566	LTR/ERVL-MaLR	1269	-	128	65284438	21603
chr17	65262835	65462835	harbor2	chr17	65302072	65302145	LTR/ERVL-MaLR	938	-	36	65302108	39273
chr17	65262835	65462835	harbor2	chr17	65302456	65302797	LTR/ERVL-MaLR	938	-	170	65302626	39791
chr17	65262835	65462835	harbor2	chr17	65303213	65303598	LTR/ERVL-MaLR	1538	-	192	65303405	40570
chr17	65262835	65462835	harbor2	chr17	65319791	65320175	LTR/ERVL-MaLR	1556	-	192	65319983	57148
chr17	65262835	65462835	harbor2	chr17	65332793	65333153	LTR/ERVL-MaLR	2047	-	180	65332973	70138
chr17	65262835	65462835	harbor2	chr17	65334882	65335306	LTR/ERVL-MaLR	1494	-	212	65335094	72259
chr17	65262835	65462835	harbor2	chr17	65342047	65342446	LTR/ERVL-MaLR	2061	-	200	65342247	79412
chr17	65262835	65462835	harbor2	chr17	65358415	65358837	LTR/ERVL-MaLR	2720	-	211	65358626	95791
chr17	65262835	65462835	harbor2	chr17	65359350	65359653	LTR/ERVL-MaLR	1744	-	152	65359502	96667
chr17	65262835	65462835	harbor2	chr17	65322924	65323281	LTR/ERVL-MaLR	900	-	178	65323102	60267
chr17	82110689	82310689	harbor2	chr17	82182988	82183149	LTR/ERVL-MaLR	722	-	80	82183068	72379
chr18	63824874	64024874	harbor2	chr18	63824870	63825220	LTR/ERVL-MaLR	1969	-	175	63825045	171
chr18	63824874	64024874	harbor2	chr18	63885146	63885558	LTR/ERVL-MaLR	517	-	206	63885352	60478
chr18	63824874	64024874	harbor2	chr18	63920315	63920689	LTR/ERVL-MaLR	700	-	187	63920502	95628
chr18	43102168	43302168	harbor2	chr18	43158457	43158722	LTR/ERVL-MaLR	905	-	132	43158589	56421
chr18	43102168	43302168	harbor2	chr18	43164122	43164475	LTR/ERVL-MaLR	2127	-	176	43164298	62130
chr18	42176356	42376356	harbor2	chr18	42198919	42199294	LTR/ERVL-MaLR	1580	-	188	42199107	22751
chr18	42176356	42376356	harbor2	chr18	42229462	42229871	LTR/ERVL-MaLR	2151	-	204	42229666	53310
chr18	42176356	42376356	harbor2	chr18	42244958	42245322	LTR/ERVL-MaLR	2159	-	182	42245140	68784
chr18	46018483	46218483	harbor2	chr18	46077461	46077846	LTR/ERVL-MaLR	1237	-	192	46077653	59170
chr18	46018483	46218483	harbor2	chr18	46108723	46108789	LTR/ERVL-MaLR	1832	-	33	46108756	90273
chr18	46018483	46218483	harbor2	chr18	46109099	46109407	LTR/ERVL-MaLR	1832	-	154	46109253	90770
chr18	32203770	32403770	harbor2	chr18	32203621	32204029	LTR/ERVL-MaLR	2254	-	204	32203825	55
chr18	32203770	32403770	harbor2	chr18	32204659	32205048	LTR/ERVL-MaLR	2047	-	194	32204853	1083
chr18	32203770	32403770	harbor2	chr18	32238646	32239094	LTR/ERVL-MaLR	395	-	224	32238870	35100
chr18	32203770	32403770	harbor2	chr18	32252574	32253283	LTR/ERVL-MaLR	5453	-	354	32252928	49158
chr18	32203770	32403770	harbor2	chr18	32253284	32253455	LTR/ERVL-MaLR	1320	-	86	32253370	49600
chr18	32203770	32403770	harbor2	chr18	32255184	32255498	LTR/ERVL-MaLR	1616	-	157	32255341	51571
chr18	54458323	54658323	harbor2	chr18	54485805	54486153	LTR/ERVL-MaLR	2166	-	174	54485979	27656
chr18	54458323	54658323	harbor2	chr18	54496456	54496824	LTR/ERVL-MaLR	863	-	184	54496640	38317
chr18	54458323	54658323	harbor2	chr18	54498923	54499314	LTR/ERVL-MaLR	2033	-	196	54499119	40796
chr18	54458323	54658323	harbor2	chr18	54499356	54499371	LTR/ERVL-MaLR	486	-	8	54499364	41041
chr18	54458323	54658323	harbor2	chr18	54519310	54519813	LTR/ERVL-MaLR	1630	-	252	54519562	61239
chr18	54458323	54658323	harbor2	chr18	54520688	54521082	LTR/ERVL-MaLR	705	-	197	54520885	62562
chr18	77142677	77342677	harbor2	chr18	77175747	77176075	LTR/ERVL-MaLR	2314	-	164	77175911	33234
chr18	77142677	77342677	harbor2	chr18	77241962	77242201	LTR/ERVL-MaLR	436	-	120	77242082	99405
chr18	79522344	79722344	harbor2	chr18	79552236	79552417	LTR/ERVL-MaLR	415	-	90	79552326	29982
chr18	79522344	79722344	harbor2	chr18	79584284	79584444	LTR/ERVL-MaLR	395	-	80	79584364	62020
chr18	79522344	79722344	harbor2	chr18	79592669	79592966	LTR/ERVL-MaLR	1662	-	148	79592817	70473
chr18	79522344	79722344	harbor2	chr18	79604278	79604644	LTR/ERVL-MaLR	580	-	183	79604461	82117
chr18	33194929	33394929	harbor2	chr18	33222351	33222689	LTR/ERVL-MaLR	1483	-	169	33222520	27591
chr18	33194929	33394929	harbor2	chr18	33277454	33277966	LTR/ERVL-MaLR	788	-	256	33277710	82781
chr18	33194929	33394929	harbor2	chr18	33277967	33278227	LTR/ERVL-MaLR	476	-	130	33278097	83168
chr18	33194929	33394929	harbor2	chr18	33278317	33278460	LTR/ERVL-MaLR	441	-	72	33278389	83460
chr18	33194929	33394929	harbor2	chr18	33259350	33259730	LTR/ERVL-MaLR	1807	-	190	33259540	64611
chr18	78273086	78473086	harbor2	chr18	78306253	78306728	LTR/ERVL-MaLR	1245	-	238	78306491	33405
chr18	78273086	78473086	harbor2	chr18	78326124	78326477	LTR/ERVL-MaLR	2268	-	176	78326300	53214
chr18	78273086	78473086	harbor2	chr18	78346521	78346879	LTR/ERVL-MaLR	2142	-	179	78346700	73614
chr18	35761091	35961091	harbor2	chr18	35789930	35790418	LTR/ERVL-MaLR	1271	-	244	35790174	29083
chr18	35761091	35961091	harbor2	chr18	35822303	35822825	LTR/ERVL-MaLR	1353	-	261	35822564	61473
chr18	35761091	35961091	harbor2	chr18	35853174	35853532	LTR/ERVL-MaLR	2137	-	179	35853353	92262
chr18	31516987	31716987	harbor2	chr18	31527720	31528048	LTR/ERVL-MaLR	1459	-	164	31527884	10897
chr18	31516987	31716987	harbor2	chr18	31532091	31532454	LTR/ERVL-MaLR	1707	-	182	31532273	15286
chr18	31516987	31716987	harbor2	chr18	31541812	31542225	LTR/ERVL-MaLR	789	-	206	31542018	25031
chr18	31516987	31716987	harbor2	chr18	31588556	31588931	LTR/ERVL-MaLR	2379	-	188	31588744	71757
chr18	31516987	31716987	harbor2	chr18	31599960	31600389	LTR/ERVL-MaLR	480	-	214	31600174	83187
chr18	31516987	31716987	harbor2	chr18	31602614	31603001	LTR/ERVL-MaLR	1732	-	194	31602808	85821
chr18	31516987	31716987	harbor2	chr18	31608600	31608920	LTR/ERVL-MaLR	803	-	160	31608760	91773
chr18	31516987	31716987	harbor2	chr18	31609223	31609346	LTR/ERVL-MaLR	532	-	62	31609285	92298
chr18	31516987	31716987	harbor2	chr18	31613539	31613946	LTR/ERVL-MaLR	1113	-	204	31613743	96756
chr18	77206532	77406532	harbor2	chr18	77241962	77242201	LTR/ERVL-MaLR	436	-	120	77242082	35550
chr18	77206532	77406532	harbor2	chr18	77247301	77247702	LTR/ERVL-MaLR	2500	-	200	77247501	40969
chr18	77206532	77406532	harbor2	chr18	77260087	77260324	LTR/ERVL-MaLR	1339	-	118	77260205	53673
chr18	77206532	77406532	harbor2	chr18	77260382	77260581	LTR/ERVL-MaLR	953	-	100	77260482	53950
chr18	77206532	77406532	harbor2	chr18	77261482	77261611	LTR/ERVL-MaLR	727	-	64	77261546	55014
chr18	77206532	77406532	harbor2	chr18	77264595	77264969	LTR/ERVL-MaLR	2524	-	187	77264782	58250
chr18	77206532	77406532	harbor2	chr18	77264973	77266541	LTR/ERVL-MaLR	9835	-	784	77265757	59225
chr18	77206532	77406532	harbor2	chr18	77266543	77266914	LTR/ERVL-MaLR	2465	-	186	77266729	60197
chr18	77206532	77406532	harbor2	chr18	77291974	77292340	LTR/ERVL-MaLR	1959	-	183	77292157	85625
chr18	78390464	78590464	harbor2	chr18	78405132	78405536	LTR/ERVL-MaLR	1596	-	202	78405334	14870
chr18	78390464	78590464	harbor2	chr18	78405828	78406280	LTR/ERVL-MaLR	938	-	226	78406054	15590
chr18	78390464	78590464	harbor2	chr18	78460445	78461494	LTR/ERVL-MaLR	1923	-	524	78460969	70505
chr18	78390464	78590464	harbor2	chr18	78461572	78461794	LTR/ERVL-MaLR	616	-	111	78461683	71219
chr18	74701340	74901340	harbor2	chr18	74739997	74740463	LTR/ERVL-MaLR	1100	-	233	74740230	38890
chr18	74701340	74901340	harbor2	chr18	74775655	74776065	LTR/ERVL-MaLR	2165	-	205	74775860	74520
chr18	79996980	80196980	harbor2	chr18	80003677	80004031	LTR/ERVL-MaLR	2043	-	177	80003854	6874
chr18	79996980	80196980	harbor2	chr18	80013806	80014165	LTR/ERVL-MaLR	2378	-	180	80013986	17006
chr18	79996980	80196980	harbor2	chr18	80014171	80015348	LTR/ERVL-MaLR	8685	-	588	80014759	17779
chr18	79996980	80196980	harbor2	chr18	80018753	80019178	LTR/ERVL-MaLR	3027	-	212	80018965	21985
chr18	79996980	80196980	harbor2	chr18	80055472	80055664	LTR/ERVL-MaLR	690	-	96	80055568	58588
chr18	79996980	80196980	harbor2	chr18	80076716	80077082	LTR/ERVL-MaLR	1621	-	183	80076899	79919
chr18	79996980	80196980	harbor2	chr18	80019179	80019524	LTR/ERVL-MaLR	2531	-	172	80019351	22371
chr18	65161972	65361972	harbor2	chr18	65178392	65178723	LTR/ERVL-MaLR	925	-	166	65178558	16586
chr18	65161972	65361972	harbor2	chr18	65195537	65195867	LTR/ERVL-MaLR	662	-	165	65195702	33730
chr18	65161972	65361972	harbor2	chr18	65219740	65219962	LTR/ERVL-MaLR	930	-	111	65219851	57879
chr18	71478694	71678694	harbor2	chr18	71505440	71505936	LTR/ERVL-MaLR	1181	-	248	71505688	26994
chr18	71478694	71678694	harbor2	chr18	71559298	71559547	LTR/ERVL-MaLR	1290	-	124	71559422	80728
chr18	71478694	71678694	harbor2	chr18	71559593	71559800	LTR/ERVL-MaLR	1290	-	104	71559697	81003
chr18	71478694	71678694	harbor2	chr18	71565353	71565739	LTR/ERVL-MaLR	1868	-	193	71565546	86852
chr18	71478694	71678694	harbor2	chr18	71574563	71574940	LTR/ERVL-MaLR	2372	-	188	71574751	96057
chr18	71478694	71678694	harbor2	chr18	71574942	71575096	LTR/ERVL-MaLR	4027	-	77	71575019	96325
chr18	71478694	71678694	harbor2	chr18	71575097	71575449	LTR/ERVL-MaLR	2092	-	176	71575273	96579
chr18	71478694	71678694	harbor2	chr18	71575450	71575937	LTR/ERVL-MaLR	4027	-	244	71575694	97000
chr18	76564250	76764250	harbor2	chr18	76567557	76567964	LTR/ERVL-MaLR	1666	-	204	76567761	3511
chr18	76564250	76764250	harbor2	chr18	76612964	76613373	LTR/ERVL-MaLR	2204	-	204	76613168	48918
chr18	76564250	76764250	harbor2	chr18	76653874	76654058	LTR/ERVL-MaLR	742	-	92	76653966	89716
chr18	76564250	76764250	harbor2	chr18	76654952	76655307	LTR/ERVL-MaLR	1730	-	178	76655130	90880
chr18	22243581	22443581	harbor2	chr18	22273257	22273444	LTR/ERVL-MaLR	930	-	94	22273351	29770
chr18	22243581	22443581	harbor2	chr18	22273556	22273632	LTR/ERVL-MaLR	435	-	38	22273594	30013
chr18	22243581	22443581	harbor2	chr18	22274308	22274596	LTR/ERVL-MaLR	1319	-	144	22274452	30871
chr18	22243581	22443581	harbor2	chr18	22289970	22290195	LTR/ERVL-MaLR	972	-	112	22290082	46501
chr18	22243581	22443581	harbor2	chr18	22302273	22302639	LTR/ERVL-MaLR	1265	-	183	22302456	58875
chr18	22243581	22443581	harbor2	chr18	22306260	22306622	LTR/ERVL-MaLR	2499	-	181	22306441	62860
chr18	60743468	60943468	harbor2	chr18	60755082	60755425	LTR/ERVL-MaLR	669	-	172	60755254	11786
chr18	60743468	60943468	harbor2	chr18	60783698	60783882	LTR/ERVL-MaLR	1226	-	92	60783790	40322
chr18	60743468	60943468	harbor2	chr18	60788169	60788524	LTR/ERVL-MaLR	1004	-	178	60788347	44879
chr18	60743468	60943468	harbor2	chr18	60826213	60826812	LTR/ERVL-MaLR	2256	-	300	60826513	83045
chr18	60743468	60943468	harbor2	chr18	60838673	60839238	LTR/ERVL-MaLR	1604	-	282	60838955	95487
chr18	28673418	28873418	harbor2	chr18	28715525	28715675	LTR/ERVL-MaLR	449	-	75	28715600	42182
chr18	28673418	28873418	harbor2	chr18	28717221	28717306	LTR/ERVL-MaLR	477	-	42	28717263	43845
chr18	28673418	28873418	harbor2	chr18	28717670	28718078	LTR/ERVL-MaLR	2166	-	204	28717874	44456
chr18	28673418	28873418	harbor2	chr18	28721589	28721921	LTR/ERVL-MaLR	746	-	166	28721755	48337
chr18	28673418	28873418	harbor2	chr18	28723575	28724072	LTR/ERVL-MaLR	1833	-	248	28723823	50405
chr18	28673418	28873418	harbor2	chr18	28724373	28724393	LTR/ERVL-MaLR	436	-	10	28724383	50965
chr18	28673418	28873418	harbor2	chr18	28754205	28754613	LTR/ERVL-MaLR	1312	-	204	28754409	80991
chr18	76049777	76249777	harbor2	chr18	76073881	76074323	LTR/ERVL-MaLR	1392	-	221	76074102	24325
chr18	76049777	76249777	harbor2	chr18	76074338	76074817	LTR/ERVL-MaLR	1372	-	240	76074578	24801
chr18	76049777	76249777	harbor2	chr18	76094495	76094971	LTR/ERVL-MaLR	2229	-	238	76094733	44956
chr18	76049777	76249777	harbor2	chr18	76109665	76110019	LTR/ERVL-MaLR	1733	-	177	76109842	60065
chr18	76049777	76249777	harbor2	chr18	76111422	76111950	LTR/ERVL-MaLR	488	-	264	76111686	61909
chr18	76049777	76249777	harbor2	chr18	76118327	76118678	LTR/ERVL-MaLR	2175	-	176	76118503	68726
chr18	76049777	76249777	harbor2	chr18	76120474	76120606	LTR/ERVL-MaLR	452	-	66	76120540	70763
chr18	76049777	76249777	harbor2	chr18	76120984	76121150	LTR/ERVL-MaLR	452	-	83	76121067	71290
chr18	76049777	76249777	harbor2	chr18	76122566	76123022	LTR/ERVL-MaLR	1654	-	228	76122794	73017
chr18	76049777	76249777	harbor2	chr18	76135224	76135616	LTR/ERVL-MaLR	2410	-	196	76135420	85643
chr18	40681131	40881131	harbor2	chr18	40681851	40682221	LTR/ERVL-MaLR	867	-	185	40682036	905
chr18	40681131	40881131	harbor2	chr18	40703617	40703861	LTR/ERVL-MaLR	588	-	122	40703739	22608
chr18	40681131	40881131	harbor2	chr18	40714420	40714974	LTR/ERVL-MaLR	1825	-	277	40714697	33566
chr18	40681131	40881131	harbor2	chr18	40716219	40716550	LTR/ERVL-MaLR	1352	-	166	40716385	35254
chr18	40681131	40881131	harbor2	chr18	40716844	40716922	LTR/ERVL-MaLR	1352	-	39	40716883	35752
chr18	40681131	40881131	harbor2	chr18	40724796	40725359	LTR/ERVL-MaLR	1253	-	282	40725078	43947
chr18	75862275	76062275	harbor2	chr18	75914335	75914636	LTR/ERVL-MaLR	1040	-	150	75914485	52210
chr18	75862275	76062275	harbor2	chr18	75939144	75939611	LTR/ERVL-MaLR	1320	-	234	75939378	77103
chr18	75862275	76062275	harbor2	chr18	75941756	75942114	LTR/ERVL-MaLR	1600	-	179	75941935	79660
chr18	75862275	76062275	harbor2	chr18	75953720	75954016	LTR/ERVL-MaLR	1430	-	148	75953868	91593
chr18	28715047	28915047	harbor2	chr18	28715525	28715675	LTR/ERVL-MaLR	449	-	75	28715600	553
chr18	28715047	28915047	harbor2	chr18	28717221	28717306	LTR/ERVL-MaLR	477	-	42	28717263	2216
chr18	28715047	28915047	harbor2	chr18	28717670	28718078	LTR/ERVL-MaLR	2166	-	204	28717874	2827
chr18	28715047	28915047	harbor2	chr18	28721589	28721921	LTR/ERVL-MaLR	746	-	166	28721755	6708
chr18	28715047	28915047	harbor2	chr18	28723575	28724072	LTR/ERVL-MaLR	1833	-	248	28723823	8776
chr18	28715047	28915047	harbor2	chr18	28724373	28724393	LTR/ERVL-MaLR	436	-	10	28724383	9336
chr18	28715047	28915047	harbor2	chr18	28754205	28754613	LTR/ERVL-MaLR	1312	-	204	28754409	39362
chr18	28715047	28915047	harbor2	chr18	28801810	28802199	LTR/ERVL-MaLR	569	-	194	28802004	86957
chr18	28715047	28915047	harbor2	chr18	28808956	28809381	LTR/ERVL-MaLR	985	-	212	28809168	94121
chr18	28715047	28915047	harbor2	chr18	28813317	28813673	LTR/ERVL-MaLR	1321	-	178	28813495	98448
chr18	75337098	75537098	harbor2	chr18	75337224	75337442	LTR/ERVL-MaLR	414	-	109	75337333	235
chr18	75337098	75537098	harbor2	chr18	75347556	75347940	LTR/ERVL-MaLR	1854	-	192	75347748	10650
chr18	75337098	75537098	harbor2	chr18	75360213	75360608	LTR/ERVL-MaLR	975	-	198	75360411	23313
chr18	75337098	75537098	harbor2	chr18	75367328	75367744	LTR/ERVL-MaLR	1637	-	208	75367536	30438
chr18	75337098	75537098	harbor2	chr18	75372940	75373328	LTR/ERVL-MaLR	916	-	194	75373134	36036
chr18	75337098	75537098	harbor2	chr18	75424726	75424984	LTR/ERVL-MaLR	452	-	129	75424855	87757
chr18	32688955	32888955	harbor2	chr18	32729702	32729848	LTR/ERVL-MaLR	547	-	73	32729775	40820
chr18	32688955	32888955	harbor2	chr18	32749859	32750232	LTR/ERVL-MaLR	1461	-	186	32750045	61090
chr18	69016541	69216541	harbor2	chr18	69044833	69045171	LTR/ERVL-MaLR	1329	-	169	69045002	28461
chr18	69016541	69216541	harbor2	chr18	69056280	69056477	LTR/ERVL-MaLR	611	-	98	69056378	39837
chr18	69016541	69216541	harbor2	chr18	69057063	69057226	LTR/ERVL-MaLR	566	-	82	69057145	40604
chr18	69016541	69216541	harbor2	chr18	69057227	69057719	LTR/ERVL-MaLR	682	-	246	69057473	40932
chr18	69016541	69216541	harbor2	chr18	69091367	69091734	LTR/ERVL-MaLR	1530	-	184	69091551	75010
chr18	69016541	69216541	harbor2	chr18	69100355	69100798	LTR/ERVL-MaLR	950	-	222	69100577	84036
chr18	69016541	69216541	harbor2	chr18	69111804	69112127	LTR/ERVL-MaLR	702	-	162	69111966	95425
chr18	47861886	48061886	harbor2	chr18	47862272	47862674	LTR/ERVL-MaLR	1703	-	201	47862473	587
chr18	47861886	48061886	harbor2	chr18	47919994	47920302	LTR/ERVL-MaLR	1277	-	154	47920148	58262
chr18	47861886	48061886	harbor2	chr18	47938199	47938353	LTR/ERVL-MaLR	519	-	77	47938276	76390
chr18	47861886	48061886	harbor2	chr18	47948610	47948730	LTR/ERVL-MaLR	667	-	60	47948670	86784
chr18	47861886	48061886	harbor2	chr18	47957161	47957233	LTR/ERVL-MaLR	745	-	36	47957197	95311
chr18	47861886	48061886	harbor2	chr18	47957840	47958271	LTR/ERVL-MaLR	745	-	216	47958056	96170
chr18	47861886	48061886	harbor2	chr18	47906588	47907064	LTR/ERVL-MaLR	1686	-	238	47906826	44940
chr18	61902485	62102485	harbor2	chr18	61910069	61910655	LTR/ERVL-MaLR	1874	-	293	61910362	7877
chr18	61902485	62102485	harbor2	chr18	61923054	61923126	LTR/ERVL-MaLR	2310	-	36	61923090	20605
chr18	61902485	62102485	harbor2	chr18	61923445	61923832	LTR/ERVL-MaLR	2310	-	194	61923639	21154
chr18	61902485	62102485	harbor2	chr18	61927966	61928384	LTR/ERVL-MaLR	2986	-	209	61928175	25690
chr18	61902485	62102485	harbor2	chr18	61932149	61932455	LTR/ERVL-MaLR	1079	-	153	61932302	29817
chr18	61902485	62102485	harbor2	chr18	61940805	61941215	LTR/ERVL-MaLR	2381	-	205	61941010	38525
chr18	61902485	62102485	harbor2	chr18	61972872	61973265	LTR/ERVL-MaLR	1515	-	196	61973068	70583
chr18	61902485	62102485	harbor2	chr18	61982506	61982934	LTR/ERVL-MaLR	2576	-	214	61982720	80235
chr18	61902485	62102485	harbor2	chr18	61983672	61983850	LTR/ERVL-MaLR	1476	-	89	61983761	81276
chr18	61902485	62102485	harbor2	chr18	61983851	61984209	LTR/ERVL-MaLR	2116	-	179	61984030	81545
chr18	61902485	62102485	harbor2	chr18	61984210	61984330	LTR/ERVL-MaLR	1476	-	60	61984270	81785
chr18	61902485	62102485	harbor2	chr18	61991889	61991953	LTR/ERVL-MaLR	388	-	32	61991921	89436
chr18	61902485	62102485	harbor2	chr18	61995719	61996147	LTR/ERVL-MaLR	1024	-	214	61995933	93448
chr18	61902485	62102485	harbor2	chr18	61999843	62000000	LTR/ERVL-MaLR	990	-	78	61999921	97436
chr18	61902485	62102485	harbor2	chr18	62000001	62000146	LTR/ERVL-MaLR	1651	-	72	62000073	97588
chr18	61902485	62102485	harbor2	chr18	62000502	62000618	LTR/ERVL-MaLR	1651	-	58	62000560	98075
chr18	61902485	62102485	harbor2	chr18	62000619	62002237	LTR/ERVL-MaLR	9760	-	809	62001428	98943
chr18	61902485	62102485	harbor2	chr18	62002238	62002653	LTR/ERVL-MaLR	2894	-	208	62002446	99961
chr18	50654411	50854411	harbor2	chr18	50656159	50656655	LTR/ERVL-MaLR	1753	-	248	50656407	1996
chr18	50654411	50854411	harbor2	chr18	50657048	50657276	LTR/ERVL-MaLR	707	-	114	50657162	2751
chr18	50654411	50854411	harbor2	chr18	50723043	50723421	LTR/ERVL-MaLR	1145	-	189	50723232	68821
chr18	50654411	50854411	harbor2	chr18	50741645	50741684	LTR/ERVL-MaLR	2326	-	20	50741665	87254
chr18	50654411	50854411	harbor2	chr18	50741974	50742339	LTR/ERVL-MaLR	2326	-	182	50742156	87745
chr18	74231680	74431680	harbor2	chr18	74265572	74265971	LTR/ERVL-MaLR	1886	-	200	74265772	34092
chr18	74231680	74431680	harbor2	chr18	74309660	74310016	LTR/ERVL-MaLR	2001	-	178	74309838	78158
chr18	74231680	74431680	harbor2	chr18	74312281	74312406	LTR/ERVL-MaLR	606	-	62	74312343	80663
chr18	74231680	74431680	harbor2	chr18	74320108	74320481	LTR/ERVL-MaLR	2070	-	186	74320294	88614
chr18	74231680	74431680	harbor2	chr18	74328116	74328470	LTR/ERVL-MaLR	2691	-	177	74328293	96613
chr18	30375367	30575367	harbor2	chr18	30380218	30380369	LTR/ERVL-MaLR	904	-	76	30380294	4927
chr18	30375367	30575367	harbor2	chr18	30380371	30380949	LTR/ERVL-MaLR	3012	-	289	30380660	5293
chr18	30375367	30575367	harbor2	chr18	30380952	30381324	LTR/ERVL-MaLR	2665	-	186	30381138	5771
chr18	30375367	30575367	harbor2	chr18	30455819	30455969	LTR/ERVL-MaLR	429	-	75	30455894	80527
chr18	30375367	30575367	harbor2	chr18	30472374	30472684	LTR/ERVL-MaLR	748	-	155	30472529	97162
chr18	77001364	77201364	harbor2	chr18	77065130	77065500	LTR/ERVL-MaLR	949	-	185	77065315	63951
chr18	77001364	77201364	harbor2	chr18	77088132	77088461	LTR/ERVL-MaLR	656	-	164	77088296	86932
chr19	53911311	54111311	harbor2	chr19	53953351	53953649	LTR/ERVL-MaLR	1813	-	149	53953500	42189
chr19	53911311	54111311	harbor2	chr19	53953960	53954171	LTR/ERVL-MaLR	1813	-	106	53954066	42755
chr19	53911311	54111311	harbor2	chr19	54006291	54006517	LTR/ERVL-MaLR	1389	-	113	54006404	95093
chr19	53911311	54111311	harbor2	chr19	54006835	54006851	LTR/ERVL-MaLR	1389	-	8	54006843	95532
chr19	53911311	54111311	harbor2	chr19	54006879	54007046	LTR/ERVL-MaLR	1389	-	84	54006963	95652
chr19	53911311	54111311	harbor2	chr19	54007341	54007458	LTR/ERVL-MaLR	1389	-	58	54007399	96088
chr19	48400520	48600520	harbor2	chr19	48408939	48409270	LTR/ERVL-MaLR	1253	-	166	48409105	8585
chr19	48400520	48600520	harbor2	chr19	48409577	48409624	LTR/ERVL-MaLR	1253	-	24	48409601	9081
chr19	48400520	48600520	harbor2	chr19	48427871	48428041	LTR/ERVL-MaLR	963	-	85	48427956	27436
chr19	48400520	48600520	harbor2	chr19	48428337	48428360	LTR/ERVL-MaLR	963	-	12	48428349	27829
chr19	48400520	48600520	harbor2	chr19	48428663	48428840	LTR/ERVL-MaLR	963	-	88	48428751	28231
chr19	48400520	48600520	harbor2	chr19	48435057	48435280	LTR/ERVL-MaLR	890	-	112	48435169	34649
chr19	51587353	51787353	harbor2	chr19	51639432	51639794	LTR/ERVL-MaLR	1789	-	181	51639613	52260
chr19	51587353	51787353	harbor2	chr19	51668174	51668521	LTR/ERVL-MaLR	1506	-	174	51668348	80995
chr19	51587353	51787353	harbor2	chr19	51672289	51672675	LTR/ERVL-MaLR	2167	-	193	51672482	85129
chr19	51587353	51787353	harbor2	chr19	51679213	51679789	LTR/ERVL-MaLR	1995	-	288	51679501	92148
chr19	51587353	51787353	harbor2	chr19	51682693	51682761	LTR/ERVL-MaLR	1835	-	34	51682727	95374
chr19	51587353	51787353	harbor2	chr19	51683067	51683458	LTR/ERVL-MaLR	1835	-	196	51683263	95910
chr19	49941421	50141421	harbor2	chr19	50032632	50033105	LTR/ERVL-MaLR	2078	-	236	50032868	91447
chr19	49941421	50141421	harbor2	chr19	50033561	50034029	LTR/ERVL-MaLR	2176	-	234	50033795	92374
chr19	49941421	50141421	harbor2	chr19	50040973	50041234	LTR/ERVL-MaLR	1063	-	130	50041103	99682
chr19	4653752	4853752	harbor2	chr19	4666897	4667117	LTR/ERVL-MaLR	829	-	110	4667007	13255
chr19	4653752	4853752	harbor2	chr19	4728727	4728892	LTR/ERVL-MaLR	736	-	82	4728809	75057
chr19	40964482	41164482	harbor2	chr19	40973347	40973806	LTR/ERVL-MaLR	1466	-	230	40973577	9095
chr19	40964482	41164482	harbor2	chr19	40973811	40973995	LTR/ERVL-MaLR	1115	-	92	40973903	9421
chr19	40964482	41164482	harbor2	chr19	40979757	40980124	LTR/ERVL-MaLR	2559	-	184	40979941	15459
chr19	40964482	41164482	harbor2	chr19	40980125	40981546	LTR/ERVL-MaLR	9279	-	710	40980835	16353
chr19	40964482	41164482	harbor2	chr19	40981547	40981918	LTR/ERVL-MaLR	2257	-	186	40981733	17251
chr19	40964482	41164482	harbor2	chr19	40993255	40993660	LTR/ERVL-MaLR	2138	-	202	40993457	28975
chr19	40964482	41164482	harbor2	chr19	41021789	41022146	LTR/ERVL-MaLR	2229	-	178	41021967	57485
chr19	56081040	56281040	harbor2	chr19	56135352	56135787	LTR/ERVL-MaLR	1109	-	218	56135570	54530
chr19	56081040	56281040	harbor2	chr19	56145766	56146091	LTR/ERVL-MaLR	732	-	162	56145928	64888
chr19	56081040	56281040	harbor2	chr19	56148738	56149063	LTR/ERVL-MaLR	814	-	162	56148900	67860
chr19	56081040	56281040	harbor2	chr19	56149362	56149481	LTR/ERVL-MaLR	693	-	60	56149422	68382
chr19	56081040	56281040	harbor2	chr19	56149867	56150035	LTR/ERVL-MaLR	693	-	84	56149951	68911
chr19	56081040	56281040	harbor2	chr19	56152600	56152952	LTR/ERVL-MaLR	1992	-	176	56152776	71736
chr19	56081040	56281040	harbor2	chr19	56158095	56158391	LTR/ERVL-MaLR	761	-	148	56158243	77203
chr19	22296470	22496470	harbor2	chr19	22349961	22350305	LTR/ERVL-MaLR	1839	-	172	22350133	53663
chr19	36646643	36846643	harbor2	chr19	36653442	36653812	LTR/ERVL-MaLR	2554	-	185	36653627	6984
chr19	36646643	36846643	harbor2	chr19	36680584	36681053	LTR/ERVL-MaLR	1340	-	234	36680818	34175
chr19	36646643	36846643	harbor2	chr19	36685731	36686144	LTR/ERVL-MaLR	972	-	206	36685937	39294
chr19	36646643	36846643	harbor2	chr19	36705960	36706301	LTR/ERVL-MaLR	1621	-	170	36706130	59487
chr19	36646643	36846643	harbor2	chr19	36706594	36706633	LTR/ERVL-MaLR	1621	-	20	36706614	59971
chr19	16646720	16846720	harbor2	chr19	16675004	16675234	LTR/ERVL-MaLR	1386	-	115	16675119	28399
chr19	16646720	16846720	harbor2	chr19	16675534	16675544	LTR/ERVL-MaLR	1386	-	5	16675539	28819
chr19	16646720	16846720	harbor2	chr19	16675837	16675988	LTR/ERVL-MaLR	1386	-	76	16675913	29193
chr19	16646720	16846720	harbor2	chr19	16686977	16687058	LTR/ERVL-MaLR	1456	-	40	16687017	40297
chr19	16646720	16846720	harbor2	chr19	16687358	16687375	LTR/ERVL-MaLR	1456	-	8	16687366	40646
chr19	16646720	16846720	harbor2	chr19	16687535	16687834	LTR/ERVL-MaLR	1522	-	150	16687685	40965
chr19	16646720	16846720	harbor2	chr19	16695684	16695942	LTR/ERVL-MaLR	1139	-	129	16695813	49093
chr19	16646720	16846720	harbor2	chr19	16696237	16696286	LTR/ERVL-MaLR	1139	-	24	16696261	49541
chr19	16646720	16846720	harbor2	chr19	16696334	16696643	LTR/ERVL-MaLR	1748	-	154	16696488	49768
chr19	16646720	16846720	harbor2	chr19	16710237	16710391	LTR/ERVL-MaLR	1693	-	77	16710314	63594
chr19	16646720	16846720	harbor2	chr19	16710694	16710984	LTR/ERVL-MaLR	1693	-	145	16710839	64119
chr19	16646720	16846720	harbor2	chr19	16744985	16745357	LTR/ERVL-MaLR	2410	-	186	16745171	98451
chr19	54573625	54773625	harbor2	chr19	54589011	54589303	LTR/ERVL-MaLR	678	-	146	54589157	15532
chr19	57496664	57696664	harbor2	chr19	57509575	57509841	LTR/ERVL-MaLR	999	-	133	57509708	13044
chr19	57496664	57696664	harbor2	chr19	57586741	57586899	LTR/ERVL-MaLR	1103	-	79	57586820	90156
chr19	57496664	57696664	harbor2	chr19	57586900	57587255	LTR/ERVL-MaLR	2319	-	178	57587078	90414
chr19	58412055	58612055	harbor2	chr19	58458583	58458809	LTR/ERVL-MaLR	2206	-	113	58458696	46641
chr19	58412055	58612055	harbor2	chr19	58459416	58459522	LTR/ERVL-MaLR	2206	-	53	58459469	47414
chr19	58412055	58612055	harbor2	chr19	58459920	58460016	LTR/ERVL-MaLR	2206	-	48	58459968	47913
chr19	58412055	58612055	harbor2	chr19	58481666	58481777	LTR/ERVL-MaLR	1127	-	56	58481722	69667
chr19	58412055	58612055	harbor2	chr19	58482094	58482428	LTR/ERVL-MaLR	1127	-	167	58482261	70206
chr19	41805012	42005012	harbor2	chr19	41812655	41813008	LTR/ERVL-MaLR	1092	-	176	41812831	7819
chr19	43141963	43341963	harbor2	chr19	43232726	43233123	LTR/ERVL-MaLR	1671	-	198	43232924	90961
chr19	43141963	43341963	harbor2	chr19	43233146	43233534	LTR/ERVL-MaLR	2373	-	194	43233340	91377
chr19	51865699	52065699	harbor2	chr19	51889309	51889696	LTR/ERVL-MaLR	1232	-	194	51889503	23804
chr19	51819179	52019179	harbor2	chr19	51889309	51889696	LTR/ERVL-MaLR	1232	-	194	51889503	70324
chr19	54937536	55137536	harbor2	chr19	54993830	54994134	LTR/ERVL-MaLR	989	-	152	54993982	56446
chr19	16101480	16301480	harbor2	chr19	16192623	16192690	LTR/ERVL-MaLR	689	-	34	16192657	91177
chr19	16101480	16301480	harbor2	chr19	16193008	16193169	LTR/ERVL-MaLR	689	-	80	16193088	91608
chr19	42573414	42773414	harbor2	chr19	42601013	42601401	LTR/ERVL-MaLR	1232	-	194	42601207	27793
chr19	42573414	42773414	harbor2	chr19	42601684	42601704	LTR/ERVL-MaLR	1232	-	10	42601694	28280
chr19	51225260	51425260	harbor2	chr19	51242556	51242918	LTR/ERVL-MaLR	2475	-	181	51242737	17477
chr19	51225260	51425260	harbor2	chr19	51273757	51274383	LTR/ERVL-MaLR	1493	-	313	51274070	48810
chr19	51225260	51425260	harbor2	chr19	51288381	51288744	LTR/ERVL-MaLR	2234	-	182	51288563	63303
chr19	51225260	51425260	harbor2	chr19	51289209	51289240	LTR/ERVL-MaLR	1058	-	16	51289225	63965
chr19	51225260	51425260	harbor2	chr19	51289241	51289602	LTR/ERVL-MaLR	2109	-	180	51289421	64161
chr19	51225260	51425260	harbor2	chr19	51289603	51290043	LTR/ERVL-MaLR	1058	-	220	51289823	64563
chr19	51225260	51425260	harbor2	chr19	51290079	51290146	LTR/ERVL-MaLR	1186	-	34	51290113	64853
chr19	51225260	51425260	harbor2	chr19	51290453	51290613	LTR/ERVL-MaLR	1186	-	80	51290533	65273
chr19	51225260	51425260	harbor2	chr19	51290984	51291212	LTR/ERVL-MaLR	1186	-	114	51291098	65838
chr19	51225260	51425260	harbor2	chr19	51291213	51291477	LTR/ERVL-MaLR	717	-	132	51291345	66085
chr19	51225260	51425260	harbor2	chr19	51294059	51294442	LTR/ERVL-MaLR	1848	-	192	51294251	68991
chr19	51225260	51425260	harbor2	chr19	51297868	51297963	LTR/ERVL-MaLR	626	-	48	51297916	72656
chr19	52311434	52511434	harbor2	chr19	52388787	52389149	LTR/ERVL-MaLR	2574	-	181	52388968	77534
chr19	52311434	52511434	harbor2	chr19	52389150	52389803	LTR/ERVL-MaLR	4535	-	326	52389476	78042
chr19	52311434	52511434	harbor2	chr19	52389794	52390038	LTR/ERVL-MaLR	1410	-	122	52389916	78482
chr19	52311434	52511434	harbor2	chr19	52390039	52390127	LTR/ERVL-MaLR	696	-	44	52390083	78649
chr19	52311434	52511434	harbor2	chr19	52394648	52395061	LTR/ERVL-MaLR	954	-	206	52394854	83420
chr19	50341112	50541112	harbor2	chr19	50355899	50356315	LTR/ERVL-MaLR	1665	-	208	50356107	14995
chr19	50341112	50541112	harbor2	chr19	50404013	50404264	LTR/ERVL-MaLR	1541	-	126	50404139	63027
chr19	50341112	50541112	harbor2	chr19	50405211	50405377	LTR/ERVL-MaLR	1541	-	83	50405294	64182
chr19	41248258	41448258	harbor2	chr19	41258754	41259229	LTR/ERVL-MaLR	2301	-	238	41258992	10734
chr19	41248258	41448258	harbor2	chr19	41312531	41312764	LTR/ERVL-MaLR	911	-	116	41312647	64389
chr19	37352729	37552729	harbor2	chr19	37383063	37383234	LTR/ERVL-MaLR	864	-	86	37383149	30420
chr19	37352729	37552729	harbor2	chr19	37383837	37383854	LTR/ERVL-MaLR	864	-	8	37383845	31116
chr19	37352729	37552729	harbor2	chr19	37397550	37397905	LTR/ERVL-MaLR	1601	-	178	37397728	44999
chr19	37352729	37552729	harbor2	chr19	37397930	37399537	LTR/ERVL-MaLR	4195	-	804	37398734	46005
chr19	37352729	37552729	harbor2	chr19	37399538	37399743	LTR/ERVL-MaLR	1116	-	102	37399640	46911
chr19	37352729	37552729	harbor2	chr19	37400047	37400167	LTR/ERVL-MaLR	1116	-	60	37400107	47378
chr19	39968938	40168938	harbor2	chr19	40030094	40030510	LTR/ERVL-MaLR	2716	-	208	40030302	61364
chr19	55785674	55985674	harbor2	chr19	55844010	55844278	LTR/ERVL-MaLR	1512	-	134	55844144	58470
chr19	55785674	55985674	harbor2	chr19	55844576	55844702	LTR/ERVL-MaLR	1512	-	63	55844639	58965
chr19	55785674	55985674	harbor2	chr19	55863281	55863667	LTR/ERVL-MaLR	1927	-	193	55863474	77800
chr19	55785674	55985674	harbor2	chr19	55877550	55877951	LTR/ERVL-MaLR	1841	-	200	55877750	92076
chr19	48949245	49149245	harbor2	chr19	48949689	48949894	LTR/ERVL-MaLR	1628	-	102	48949791	546
chr19	48949245	49149245	harbor2	chr19	48950287	48950508	LTR/ERVL-MaLR	1628	-	110	48950397	1152
chr19	48949245	49149245	harbor2	chr19	49004473	49004887	LTR/ERVL-MaLR	778	-	207	49004680	55435
chr19	57993279	58193279	harbor2	chr19	58062036	58062353	LTR/ERVL-MaLR	1840	-	158	58062194	68915
chr19	57993279	58193279	harbor2	chr19	58062980	58063027	LTR/ERVL-MaLR	1840	-	24	58063004	69725
chr19	57993279	58193279	harbor2	chr19	58064279	58064319	LTR/ERVL-MaLR	1656	-	20	58064299	71020
chr19	57993279	58193279	harbor2	chr19	58065040	58065183	LTR/ERVL-MaLR	1656	-	72	58065112	71833
chr19	57993279	58193279	harbor2	chr19	58065495	58065802	LTR/ERVL-MaLR	1656	-	154	58065649	72370
chr19	57993279	58193279	harbor2	chr19	58079386	58079617	LTR/ERVL-MaLR	1249	-	116	58079502	86223
chr19	57993279	58193279	harbor2	chr19	58079905	58079915	LTR/ERVL-MaLR	1249	-	5	58079910	86631
chr19	57993279	58193279	harbor2	chr19	58080200	58080355	LTR/ERVL-MaLR	1249	-	78	58080278	86999
chr19	40801032	41001032	harbor2	chr19	40855960	40856119	LTR/ERVL-MaLR	834	-	80	40856040	55008
chr19	40801032	41001032	harbor2	chr19	40858569	40859043	LTR/ERVL-MaLR	1766	-	237	40858806	57774
chr19	40801032	41001032	harbor2	chr19	40895904	40896154	LTR/ERVL-MaLR	1161	-	125	40896029	94997
chr19	40801032	41001032	harbor2	chr19	40896454	40896689	LTR/ERVL-MaLR	1161	-	118	40896572	95540
chr19	40801032	41001032	harbor2	chr19	40828736	40828992	LTR/ERVL-MaLR	909	-	128	40828864	27832
chr19	41776028	41976028	harbor2	chr19	41812655	41813008	LTR/ERVL-MaLR	1092	-	176	41812831	36803
chr19	46121451	46321451	harbor2	chr19	46173380	46173779	LTR/ERVL-MaLR	2300	-	200	46173580	52129
chr19	46121451	46321451	harbor2	chr19	46182985	46183351	LTR/ERVL-MaLR	1851	-	183	46183168	61717
chr19	46121451	46321451	harbor2	chr19	46190073	46190637	LTR/ERVL-MaLR	769	-	282	46190355	68904
chr19	51139176	51339176	harbor2	chr19	51139052	51139411	LTR/ERVL-MaLR	1691	-	180	51139232	56
chr19	51139176	51339176	harbor2	chr19	51151971	51152440	LTR/ERVL-MaLR	2138	-	234	51152205	13029
chr19	51139176	51339176	harbor2	chr19	51183050	51183251	LTR/ERVL-MaLR	868	-	100	51183150	43974
chr19	51139176	51339176	harbor2	chr19	51208199	51208262	LTR/ERVL-MaLR	1380	-	32	51208231	69055
chr19	51139176	51339176	harbor2	chr19	51208540	51208851	LTR/ERVL-MaLR	1380	-	156	51208696	69520
chr19	51139176	51339176	harbor2	chr19	51220296	51220723	LTR/ERVL-MaLR	653	-	214	51220510	81334
chr19	55843845	56043845	harbor2	chr19	55844010	55844278	LTR/ERVL-MaLR	1512	-	134	55844144	299
chr19	55843845	56043845	harbor2	chr19	55844576	55844702	LTR/ERVL-MaLR	1512	-	63	55844639	794
chr19	55843845	56043845	harbor2	chr19	55863281	55863667	LTR/ERVL-MaLR	1927	-	193	55863474	19629
chr19	55843845	56043845	harbor2	chr19	55877550	55877951	LTR/ERVL-MaLR	1841	-	200	55877750	33905
chr19	55843845	56043845	harbor2	chr19	55921915	55922278	LTR/ERVL-MaLR	2566	-	182	55922097	78252
chr19	53213900	53413900	harbor2	chr19	53230989	53231377	LTR/ERVL-MaLR	1009	-	194	53231183	17283
chr19	53213900	53413900	harbor2	chr19	53276313	53276723	LTR/ERVL-MaLR	2175	-	205	53276518	62618
chr19	53213900	53413900	harbor2	chr19	53310986	53311448	LTR/ERVL-MaLR	646	-	231	53311217	97317
chr19	57706616	57906616	harbor2	chr19	57712867	57713290	LTR/ERVL-MaLR	2200	-	212	57713079	6463
chr19	46479918	46679918	harbor2	chr19	46512295	46512459	LTR/ERVL-MaLR	632	-	82	46512377	32459
chr19	46479918	46679918	harbor2	chr19	46518726	46518987	LTR/ERVL-MaLR	2135	-	130	46518856	38938
chr19	46479918	46679918	harbor2	chr19	46519297	46519393	LTR/ERVL-MaLR	2135	-	48	46519345	39427
chr19	46479918	46679918	harbor2	chr19	46520523	46520961	LTR/ERVL-MaLR	708	-	219	46520742	40824
chr19	46479918	46679918	harbor2	chr19	46526328	46526706	LTR/ERVL-MaLR	2208	-	189	46526517	46599
chr19	46479918	46679918	harbor2	chr19	46538724	46539082	LTR/ERVL-MaLR	2254	-	179	46538903	58985
chr19	46479918	46679918	harbor2	chr19	46540384	46540588	LTR/ERVL-MaLR	2097	-	102	46540486	60568
chr19	46479918	46679918	harbor2	chr19	46540899	46541065	LTR/ERVL-MaLR	2097	-	83	46540982	61064
chr19	46479918	46679918	harbor2	chr19	46558352	46558557	LTR/ERVL-MaLR	1219	-	102	46558454	78536
chr19	46479918	46679918	harbor2	chr19	46559859	46560026	LTR/ERVL-MaLR	1321	-	84	46559943	80025
chr19	46479918	46679918	harbor2	chr19	46566357	46566396	LTR/ERVL-MaLR	1707	-	20	46566377	86459
chr19	46479918	46679918	harbor2	chr19	46566699	46567072	LTR/ERVL-MaLR	1707	-	186	46566885	86967
chr19	46479918	46679918	harbor2	chr19	46568082	46568568	LTR/ERVL-MaLR	1730	-	243	46568325	88407
chr19	46479918	46679918	harbor2	chr19	46574476	46574628	LTR/ERVL-MaLR	710	-	76	46574552	94634
chr19	46479918	46679918	harbor2	chr19	46575801	46576001	LTR/ERVL-MaLR	1117	-	100	46575901	95983
chr19	46479918	46679918	harbor2	chr19	46576316	46576484	LTR/ERVL-MaLR	1117	-	84	46576400	96482
chr19	43250493	43450493	harbor2	chr19	43293206	43293602	LTR/ERVL-MaLR	1856	-	198	43293404	42911
chr19	43250493	43450493	harbor2	chr19	43293624	43294012	LTR/ERVL-MaLR	2372	-	194	43293818	43325
chr19	43250493	43450493	harbor2	chr19	43307359	43307730	LTR/ERVL-MaLR	1152	-	186	43307545	57052
chr19	43250493	43450493	harbor2	chr19	43323084	43323473	LTR/ERVL-MaLR	2032	-	194	43323278	72785
chr19	43250493	43450493	harbor2	chr19	43329386	43330434	LTR/ERVL-MaLR	6154	-	524	43329910	79417
chr19	57016344	57216344	harbor2	chr19	57055426	57055816	LTR/ERVL-MaLR	1496	-	195	57055621	39277
chr19	57016344	57216344	harbor2	chr19	57068409	57068795	LTR/ERVL-MaLR	2020	-	193	57068602	52258
chr19	57016344	57216344	harbor2	chr19	57103064	57103214	LTR/ERVL-MaLR	910	-	75	57103139	86795
chr19	56612059	56812059	harbor2	chr19	56612788	56612985	LTR/ERVL-MaLR	1674	-	98	56612886	827
chr19	56612059	56812059	harbor2	chr19	56623632	56623979	LTR/ERVL-MaLR	1409	-	174	56623806	11747
chr19	56612059	56812059	harbor2	chr19	56634067	56634364	LTR/ERVL-MaLR	899	-	148	56634215	22156
chr19	56612059	56812059	harbor2	chr19	56645956	56646179	LTR/ERVL-MaLR	624	-	112	56646068	34009
chr19	56612059	56812059	harbor2	chr19	56675766	56675986	LTR/ERVL-MaLR	1876	-	110	56675876	63817
chr19	56612059	56812059	harbor2	chr19	56676013	56676028	LTR/ERVL-MaLR	1876	-	8	56676021	63962
chr19	56612059	56812059	harbor2	chr19	56676351	56676501	LTR/ERVL-MaLR	1876	-	75	56676426	64367
chr19	56612059	56812059	harbor2	chr19	56677259	56677343	LTR/ERVL-MaLR	1606	-	42	56677301	65242
chr19	56612059	56812059	harbor2	chr19	56677461	56677757	LTR/ERVL-MaLR	1606	-	148	56677609	65550
chr19	56612059	56812059	harbor2	chr19	56678220	56678559	LTR/ERVL-MaLR	743	-	170	56678390	66331
chr19	56612059	56812059	harbor2	chr19	56687496	56687912	LTR/ERVL-MaLR	1144	-	208	56687704	75645
chr19	56612059	56812059	harbor2	chr19	56694280	56694615	LTR/ERVL-MaLR	1263	-	168	56694448	82389
chr19	57052158	57252158	harbor2	chr19	57055426	57055816	LTR/ERVL-MaLR	1496	-	195	57055621	3463
chr19	57052158	57252158	harbor2	chr19	57068409	57068795	LTR/ERVL-MaLR	2020	-	193	57068602	16444
chr19	57052158	57252158	harbor2	chr19	57103064	57103214	LTR/ERVL-MaLR	910	-	75	57103139	50981
chr19	54935894	55135894	harbor2	chr19	54993830	54994134	LTR/ERVL-MaLR	989	-	152	54993982	58088
chr19	30536518	30736518	harbor2	chr19	30579249	30579700	LTR/ERVL-MaLR	881	-	226	30579475	42957
chr19	30536518	30736518	harbor2	chr19	30582582	30582949	LTR/ERVL-MaLR	2273	-	184	30582766	46248
chr19	30536518	30736518	harbor2	chr19	30591281	30591636	LTR/ERVL-MaLR	2533	-	178	30591459	54941
chr19	6095437	6295437	harbor2	chr19	6119013	6119210	LTR/ERVL-MaLR	1124	-	98	6119111	23674
chr19	6095437	6295437	harbor2	chr19	6120116	6120380	LTR/ERVL-MaLR	875	-	132	6120248	24811
chr19	6095437	6295437	harbor2	chr19	6120677	6120688	LTR/ERVL-MaLR	875	-	6	6120683	25246
chr19	6095437	6295437	harbor2	chr19	6120960	6121041	LTR/ERVL-MaLR	875	-	40	6121000	25563
chr19	6095437	6295437	harbor2	chr19	6148002	6148354	LTR/ERVL-MaLR	1617	-	176	6148178	52741
chr19	6095437	6295437	harbor2	chr19	6165017	6165453	LTR/ERVL-MaLR	692	-	218	6165235	69798
chr19	6095437	6295437	harbor2	chr19	6179553	6179613	LTR/ERVL-MaLR	2629	-	30	6179583	84146
chr19	6095437	6295437	harbor2	chr19	6179913	6180297	LTR/ERVL-MaLR	2629	-	192	6180105	84668
chr19	6095437	6295437	harbor2	chr19	6191366	6191765	LTR/ERVL-MaLR	1889	-	200	6191566	96129
chr19	6095437	6295437	harbor2	chr19	6193762	6194167	LTR/ERVL-MaLR	2238	-	202	6193964	98527
chr19	43321865	43521865	harbor2	chr19	43323084	43323473	LTR/ERVL-MaLR	2032	-	194	43323278	1413
chr19	43321865	43521865	harbor2	chr19	43329386	43330434	LTR/ERVL-MaLR	6154	-	524	43329910	8045
chr19	43321865	43521865	harbor2	chr19	43396708	43396826	LTR/ERVL-MaLR	1027	-	59	43396767	74902
chr19	43321865	43521865	harbor2	chr19	43397136	43397298	LTR/ERVL-MaLR	1027	-	81	43397217	75352
chr19	43321865	43521865	harbor2	chr19	43412082	43412468	LTR/ERVL-MaLR	2027	-	193	43412275	90410
chr19	51757602	51957602	harbor2	chr19	51779652	51780231	LTR/ERVL-MaLR	1476	-	290	51779942	22340
chr19	51757602	51957602	harbor2	chr19	51790511	51790983	LTR/ERVL-MaLR	6718	-	236	51790747	33145
chr19	51757602	51957602	harbor2	chr19	51790988	51791089	LTR/ERVL-MaLR	1327	-	50	51791038	33436
chr19	51757602	51957602	harbor2	chr19	51791392	51791656	LTR/ERVL-MaLR	1327	-	132	51791524	33922
chr19	51757602	51957602	harbor2	chr19	51812771	51812838	LTR/ERVL-MaLR	1036	-	34	51812805	55203
chr19	51757602	51957602	harbor2	chr19	51813162	51813391	LTR/ERVL-MaLR	1036	-	114	51813276	55674
chr19	51757602	51957602	harbor2	chr19	51789110	51790209	LTR/ERVL-MaLR	6718	-	550	51789660	32058
chr19	55470764	55670764	harbor2	chr19	55505416	55505736	LTR/ERVL-MaLR	2205	-	160	55505576	34812
chr19	55470764	55670764	harbor2	chr19	55506037	55506222	LTR/ERVL-MaLR	2205	-	92	55506129	35365
chr19	55470764	55670764	harbor2	chr19	55560757	55561344	LTR/ERVL-MaLR	2135	-	294	55561051	90287
chr19	50296445	50496445	harbor2	chr19	50296901	50296978	LTR/ERVL-MaLR	1800	-	38	50296939	494
chr19	50296445	50496445	harbor2	chr19	50297284	50297489	LTR/ERVL-MaLR	1800	-	102	50297386	941
chr19	50296445	50496445	harbor2	chr19	50297800	50297967	LTR/ERVL-MaLR	1800	-	84	50297884	1439
chr19	50296445	50496445	harbor2	chr19	50303055	50303642	LTR/ERVL-MaLR	2019	-	294	50303349	6904
chr19	50296445	50496445	harbor2	chr19	50355899	50356315	LTR/ERVL-MaLR	1665	-	208	50356107	59662
chr19	49844172	50044172	harbor2	chr19	49844246	49844614	LTR/ERVL-MaLR	2005	-	184	49844430	258
chr19	49844172	50044172	harbor2	chr19	49844921	49845107	LTR/ERVL-MaLR	2005	-	93	49845014	842
chr19	55162020	55362020	harbor2	chr19	55214151	55214396	LTR/ERVL-MaLR	2476	-	122	55214273	52253
chr19	55162020	55362020	harbor2	chr19	55214654	55214834	LTR/ERVL-MaLR	2476	-	90	55214744	52724
chr19	55162020	55362020	harbor2	chr19	55217859	55218109	LTR/ERVL-MaLR	1437	-	125	55217984	55964
chr19	55162020	55362020	harbor2	chr19	55219277	55219401	LTR/ERVL-MaLR	712	-	62	55219339	57319
chr19	35846873	36046873	harbor2	chr19	35883883	35884027	LTR/ERVL-MaLR	1602	-	72	35883955	37082
chr19	35846873	36046873	harbor2	chr19	35884327	35884402	LTR/ERVL-MaLR	1602	-	38	35884365	37492
chr19	35846873	36046873	harbor2	chr19	35884702	35884862	LTR/ERVL-MaLR	1602	-	80	35884782	37909
chr19	40333190	40533190	harbor2	chr19	40360396	40360464	LTR/ERVL-MaLR	1180	-	34	40360430	27240
chr19	40333190	40533190	harbor2	chr19	40360598	40360987	LTR/ERVL-MaLR	1180	-	194	40360792	27602
chr19	44985726	45185726	harbor2	chr19	45026905	45026948	LTR/ERVL-MaLR	1414	-	22	45026927	41201
chr19	44985726	45185726	harbor2	chr19	45027251	45027774	LTR/ERVL-MaLR	1414	-	262	45027513	41787
chr19	44985726	45185726	harbor2	chr19	45035142	45035247	LTR/ERVL-MaLR	770	-	52	45035194	49468
chr19	44985726	45185726	harbor2	chr19	45035844	45035988	LTR/ERVL-MaLR	770	-	72	45035916	50190
chr19	44985726	45185726	harbor2	chr19	45044999	45045233	LTR/ERVL-MaLR	626	-	117	45045116	59390
chr19	44985726	45185726	harbor2	chr19	45045527	45045715	LTR/ERVL-MaLR	626	-	94	45045621	59895
chr19	40453323	40653323	harbor2	chr19	40507351	40507421	LTR/ERVL-MaLR	932	-	35	40507386	54063
chr19	40453323	40653323	harbor2	chr19	40507549	40507562	LTR/ERVL-MaLR	932	-	6	40507555	54232
chr19	40453323	40653323	harbor2	chr19	40507854	40508248	LTR/ERVL-MaLR	932	-	197	40508051	54728
chr19	40453323	40653323	harbor2	chr19	40542967	40543168	LTR/ERVL-MaLR	900	-	100	40543067	89744
chr19	40453323	40653323	harbor2	chr19	40543300	40543531	LTR/ERVL-MaLR	900	-	116	40543416	90093
chr19	40453323	40653323	harbor2	chr19	40550819	40551204	LTR/ERVL-MaLR	1355	-	192	40551011	97688
chr19	40453323	40653323	harbor2	chr19	40550353	40550504	LTR/ERVL-MaLR	1355	-	76	40550429	97106
chr19	58370634	58570634	harbor2	chr19	58398820	58398879	LTR/ERVL-MaLR	2124	-	30	58398850	28216
chr19	58370634	58570634	harbor2	chr19	58399488	58399896	LTR/ERVL-MaLR	2124	-	204	58399692	29058
chr19	58370634	58570634	harbor2	chr19	58458583	58458809	LTR/ERVL-MaLR	2206	-	113	58458696	88062
chr19	58370634	58570634	harbor2	chr19	58459416	58459522	LTR/ERVL-MaLR	2206	-	53	58459469	88835
chr19	58370634	58570634	harbor2	chr19	58459920	58460016	LTR/ERVL-MaLR	2206	-	48	58459968	89334
chr19	14206293	14406293	harbor2	chr19	14231020	14231168	LTR/ERVL-MaLR	629	-	74	14231094	24801
chr19	14206293	14406293	harbor2	chr19	14231486	14231531	LTR/ERVL-MaLR	629	-	22	14231508	25215
chr19	14206293	14406293	harbor2	chr19	14243463	14243793	LTR/ERVL-MaLR	972	-	165	14243628	37335
chr19	14206293	14406293	harbor2	chr19	14256083	14256253	LTR/ERVL-MaLR	960	-	85	14256168	49875
chr19	14206293	14406293	harbor2	chr19	14274662	14274832	LTR/ERVL-MaLR	1823	-	85	14274747	68454
chr19	14206293	14406293	harbor2	chr19	14274927	14275098	LTR/ERVL-MaLR	1823	-	86	14275013	68720
chr19	14206293	14406293	harbor2	chr19	14283962	14284313	LTR/ERVL-MaLR	1040	-	176	14284138	77845
chr19	14206293	14406293	harbor2	chr19	14285845	14285869	LTR/ERVL-MaLR	1040	-	12	14285857	79564
chr19	14206293	14406293	harbor2	chr19	14286486	14286558	LTR/ERVL-MaLR	1040	-	36	14286522	80229
chr19	48526960	48726960	harbor2	chr19	48527139	48527321	LTR/ERVL-MaLR	1044	-	91	48527230	270
chr19	48526960	48726960	harbor2	chr19	48527617	48527897	LTR/ERVL-MaLR	1044	-	140	48527757	797
chr19	48526960	48726960	harbor2	chr19	48528708	48528749	LTR/ERVL-MaLR	1710	-	20	48528728	1768
chr19	48526960	48726960	harbor2	chr19	48586248	48586666	LTR/ERVL-MaLR	1132	-	209	48586457	59497
chr19	48526960	48726960	harbor2	chr19	48597947	48598149	LTR/ERVL-MaLR	1092	-	101	48598048	71088
chr19	48526960	48726960	harbor2	chr19	48529052	48529488	LTR/ERVL-MaLR	1710	-	218	48529270	2310
chr19	15681986	15881986	harbor2	chr19	15714693	15715059	LTR/ERVL-MaLR	2001	-	183	15714876	32890
chr19	54751133	54951133	harbor2	chr19	54751010	54751451	LTR/ERVL-MaLR	2315	-	220	54751230	97
chr19	54751133	54951133	harbor2	chr19	54765838	54766279	LTR/ERVL-MaLR	2329	-	220	54766058	14925
chr19	54751133	54951133	harbor2	chr19	54779196	54779753	LTR/ERVL-MaLR	1467	-	278	54779474	28341
chr19	54751133	54951133	harbor2	chr19	54782283	54782724	LTR/ERVL-MaLR	2291	-	220	54782503	31370
chr19	54751133	54951133	harbor2	chr19	54809416	54809977	LTR/ERVL-MaLR	1507	-	280	54809696	58563
chr19	54751133	54951133	harbor2	chr19	54812490	54812927	LTR/ERVL-MaLR	2106	-	218	54812708	61575
chr19	54751133	54951133	harbor2	chr19	54825611	54826167	LTR/ERVL-MaLR	1326	-	278	54825889	74756
chr19	54751133	54951133	harbor2	chr19	54828724	54829163	LTR/ERVL-MaLR	2323	-	220	54828944	77811
chr19	54751133	54951133	harbor2	chr19	54843452	54844009	LTR/ERVL-MaLR	1040	-	278	54843730	92597
chr19	54751133	54951133	harbor2	chr19	54846545	54846986	LTR/ERVL-MaLR	2303	-	220	54846765	95632
chr19	56939809	57139809	harbor2	chr19	56940342	56940480	LTR/ERVL-MaLR	746	-	69	56940411	602
chr19	56939809	57139809	harbor2	chr19	56940752	56940913	LTR/ERVL-MaLR	669	-	80	56940832	1023
chr19	56939809	57139809	harbor2	chr19	56947130	56947500	LTR/ERVL-MaLR	2048	-	185	56947315	7506
chr19	56939809	57139809	harbor2	chr19	56952942	56953325	LTR/ERVL-MaLR	2058	-	192	56953134	13325
chr19	56939809	57139809	harbor2	chr19	56972802	56973082	LTR/ERVL-MaLR	1442	-	140	56972942	33133
chr19	56939809	57139809	harbor2	chr19	56973436	56973538	LTR/ERVL-MaLR	1442	-	51	56973487	33678
chr19	56939809	57139809	harbor2	chr19	56985356	56985620	LTR/ERVL-MaLR	677	-	132	56985488	45679
chr19	56939809	57139809	harbor2	chr19	56988017	56988156	LTR/ERVL-MaLR	648	-	70	56988087	48278
chr19	56939809	57139809	harbor2	chr19	56992006	56992425	LTR/ERVL-MaLR	1817	-	210	56992216	52407
chr19	56939809	57139809	harbor2	chr19	57001842	57002209	LTR/ERVL-MaLR	1740	-	184	57002026	62217
chr19	58506597	58706597	harbor2	chr19	58533240	58533395	LTR/ERVL-MaLR	766	-	78	58533318	26721
chr19	58506597	58706597	harbor2	chr19	58594828	58595271	LTR/ERVL-MaLR	1707	-	222	58595050	88453
chr19	55656300	55856300	harbor2	chr19	55714619	55714971	LTR/ERVL-MaLR	1912	-	176	55714795	58495
chr19	52416953	52616953	harbor2	chr19	52424111	52424297	LTR/ERVL-MaLR	872	-	93	52424204	7251
chr19	52416953	52616953	harbor2	chr19	52424590	52424833	LTR/ERVL-MaLR	872	-	122	52424712	7759
chr19	52416953	52616953	harbor2	chr19	52446506	52446575	LTR/ERVL-MaLR	1054	-	34	52446540	29587
chr19	52416953	52616953	harbor2	chr19	52446859	52447299	LTR/ERVL-MaLR	1054	-	220	52447079	30126
chr19	52416953	52616953	harbor2	chr19	52507565	52507766	LTR/ERVL-MaLR	677	-	100	52507665	90712
chr19	55534408	55734408	harbor2	chr19	55560757	55561344	LTR/ERVL-MaLR	2135	-	294	55561051	26643
chr19	53414739	53614739	harbor2	chr19	53415566	53415940	LTR/ERVL-MaLR	683	-	187	53415753	1014
chr19	53414739	53614739	harbor2	chr19	53452579	53452914	LTR/ERVL-MaLR	923	-	168	53452747	38008
chr19	53414739	53614739	harbor2	chr19	53499183	53499519	LTR/ERVL-MaLR	740	-	168	53499351	84612
chr19	53414739	53614739	harbor2	chr19	53509763	53510114	LTR/ERVL-MaLR	1494	-	176	53509939	95200
chr19	36904917	37104917	harbor2	chr19	36922051	36922533	LTR/ERVL-MaLR	2262	-	241	36922292	17375
chr19	36904917	37104917	harbor2	chr19	36969504	36969781	LTR/ERVL-MaLR	1848	-	138	36969642	64725
chr19	36904917	37104917	harbor2	chr19	36970062	36970178	LTR/ERVL-MaLR	1848	-	58	36970120	65203
chr19	36904917	37104917	harbor2	chr19	36988292	36988710	LTR/ERVL-MaLR	2602	-	209	36988501	83584
chr19	4581026	4781026	harbor2	chr19	4628948	4629089	LTR/ERVL-MaLR	1072	-	70	4629018	47992
chr19	4581026	4781026	harbor2	chr19	4629739	4629938	LTR/ERVL-MaLR	1072	-	100	4629839	48813
chr19	4581026	4781026	harbor2	chr19	4631920	4632209	LTR/ERVL-MaLR	1479	-	144	4632064	51038
chr19	4581026	4781026	harbor2	chr19	4666897	4667117	LTR/ERVL-MaLR	829	-	110	4667007	85981
chr19	43076393	43276393	harbor2	chr19	43107649	43108046	LTR/ERVL-MaLR	1822	-	198	43107847	31454
chr19	43076393	43276393	harbor2	chr19	43108069	43108458	LTR/ERVL-MaLR	2466	-	194	43108263	31870
chr19	43076393	43276393	harbor2	chr19	43133141	43133425	LTR/ERVL-MaLR	2081	-	142	43133283	56890
chr19	43076393	43276393	harbor2	chr19	43133640	43133753	LTR/ERVL-MaLR	2081	-	56	43133696	57303
chr19	56632307	56832307	harbor2	chr19	56634067	56634364	LTR/ERVL-MaLR	899	-	148	56634215	1908
chr19	56632307	56832307	harbor2	chr19	56645956	56646179	LTR/ERVL-MaLR	624	-	112	56646068	13761
chr19	56632307	56832307	harbor2	chr19	56675766	56675986	LTR/ERVL-MaLR	1876	-	110	56675876	43569
chr19	56632307	56832307	harbor2	chr19	56676013	56676028	LTR/ERVL-MaLR	1876	-	8	56676021	43714
chr19	56632307	56832307	harbor2	chr19	56676351	56676501	LTR/ERVL-MaLR	1876	-	75	56676426	44119
chr19	56632307	56832307	harbor2	chr19	56677259	56677343	LTR/ERVL-MaLR	1606	-	42	56677301	44994
chr19	56632307	56832307	harbor2	chr19	56677461	56677757	LTR/ERVL-MaLR	1606	-	148	56677609	45302
chr19	56632307	56832307	harbor2	chr19	56678220	56678559	LTR/ERVL-MaLR	743	-	170	56678390	46083
chr19	56632307	56832307	harbor2	chr19	56687496	56687912	LTR/ERVL-MaLR	1144	-	208	56687704	55397
chr19	56632307	56832307	harbor2	chr19	56694280	56694615	LTR/ERVL-MaLR	1263	-	168	56694448	62141
chr19	58458047	58658047	harbor2	chr19	58458583	58458809	LTR/ERVL-MaLR	2206	-	113	58458696	649
chr19	58458047	58658047	harbor2	chr19	58459416	58459522	LTR/ERVL-MaLR	2206	-	53	58459469	1422
chr19	58458047	58658047	harbor2	chr19	58459920	58460016	LTR/ERVL-MaLR	2206	-	48	58459968	1921
chr19	58458047	58658047	harbor2	chr19	58481666	58481777	LTR/ERVL-MaLR	1127	-	56	58481722	23675
chr19	58458047	58658047	harbor2	chr19	58482094	58482428	LTR/ERVL-MaLR	1127	-	167	58482261	24214
chr19	58458047	58658047	harbor2	chr19	58533240	58533395	LTR/ERVL-MaLR	766	-	78	58533318	75271
chr19	19709695	19909695	harbor2	chr19	19756320	19756509	LTR/ERVL-MaLR	2601	-	94	19756414	46719
chr19	19709695	19909695	harbor2	chr19	19756816	19757050	LTR/ERVL-MaLR	2601	-	117	19756933	47238
chr19	19709695	19909695	harbor2	chr19	19757053	19757108	LTR/ERVL-MaLR	4694	-	28	19757081	47386
chr19	19709695	19909695	harbor2	chr19	19757431	19758126	LTR/ERVL-MaLR	4694	-	348	19757779	48084
chr19	19709695	19909695	harbor2	chr19	19763464	19763745	LTR/ERVL-MaLR	880	-	140	19763604	53909
chr19	19709695	19909695	harbor2	chr19	19764059	19764168	LTR/ERVL-MaLR	880	-	54	19764113	54418
chr19	19709695	19909695	harbor2	chr19	19772868	19773043	LTR/ERVL-MaLR	1057	-	88	19772956	63261
chr19	19709695	19909695	harbor2	chr19	19773353	19773403	LTR/ERVL-MaLR	1057	-	25	19773378	63683
chr19	19709695	19909695	harbor2	chr19	19773724	19773859	LTR/ERVL-MaLR	1057	-	68	19773792	64097
chr19	15680879	15880879	harbor2	chr19	15680791	15681345	LTR/ERVL-MaLR	1149	-	277	15681068	189
chr19	15680879	15880879	harbor2	chr19	15714693	15715059	LTR/ERVL-MaLR	2001	-	183	15714876	33997
chr19	56696976	56896976	harbor2	chr19	56761877	56762273	LTR/ERVL-MaLR	999	-	198	56762075	65099
chr19	41068379	41268379	harbor2	chr19	41078642	41079045	LTR/ERVL-MaLR	2258	-	202	41078844	10465
chr19	34043506	34243506	harbor2	chr19	34086526	34086771	LTR/ERVL-MaLR	1826	-	122	34086648	43142
chr19	34043506	34243506	harbor2	chr19	34087137	34087459	LTR/ERVL-MaLR	1826	-	161	34087298	43792
chr19	34043506	34243506	harbor2	chr19	34093729	34094121	LTR/ERVL-MaLR	2441	-	196	34093925	50419
chr19	34043506	34243506	harbor2	chr19	34130051	34130260	LTR/ERVL-MaLR	2055	-	104	34130155	86649
chr19	34043506	34243506	harbor2	chr19	34130557	34130714	LTR/ERVL-MaLR	2055	-	78	34130635	87129
chr19	52412840	52612840	harbor2	chr19	52424111	52424297	LTR/ERVL-MaLR	872	-	93	52424204	11364
chr19	52412840	52612840	harbor2	chr19	52424590	52424833	LTR/ERVL-MaLR	872	-	122	52424712	11872
chr19	52412840	52612840	harbor2	chr19	52446506	52446575	LTR/ERVL-MaLR	1054	-	34	52446540	33700
chr19	52412840	52612840	harbor2	chr19	52446859	52447299	LTR/ERVL-MaLR	1054	-	220	52447079	34239
chr19	52412840	52612840	harbor2	chr19	52507565	52507766	LTR/ERVL-MaLR	677	-	100	52507665	94825
chr19	30800073	31000073	harbor2	chr19	30876297	30876759	LTR/ERVL-MaLR	1224	-	231	30876528	76455
chr19	30800073	31000073	harbor2	chr19	30890244	30890482	LTR/ERVL-MaLR	656	-	119	30890363	90290
chr19	30800073	31000073	harbor2	chr19	30892833	30893295	LTR/ERVL-MaLR	703	-	231	30893064	92991
chr19	30800073	31000073	harbor2	chr19	30895501	30895882	LTR/ERVL-MaLR	1949	-	190	30895691	95618
chr19	58175575	58375575	harbor2	chr19	58200771	58200996	LTR/ERVL-MaLR	1784	-	112	58200883	25308
chr19	58175575	58375575	harbor2	chr19	58201312	58201463	LTR/ERVL-MaLR	1784	-	76	58201388	25813
chr19	58175575	58375575	harbor2	chr19	58227125	58227406	LTR/ERVL-MaLR	871	-	140	58227265	51690
chr19	58175575	58375575	harbor2	chr19	58227726	58227863	LTR/ERVL-MaLR	871	-	68	58227794	52219
chr19	58175575	58375575	harbor2	chr19	58232610	58232647	LTR/ERVL-MaLR	2449	-	18	58232628	57053
chr19	58175575	58375575	harbor2	chr19	58232970	58233298	LTR/ERVL-MaLR	2449	-	164	58233134	57559
chr19	58175575	58375575	harbor2	chr19	58245915	58246238	LTR/ERVL-MaLR	1089	-	162	58246077	70502
chr19	58175575	58375575	harbor2	chr19	58259403	58259618	LTR/ERVL-MaLR	861	-	108	58259511	83936
chr19	43564582	43764582	harbor2	chr19	43584572	43584834	LTR/ERVL-MaLR	786	-	131	43584703	20121
chr19	43564582	43764582	harbor2	chr19	43585136	43585245	LTR/ERVL-MaLR	786	-	54	43585190	20608
chr19	43564582	43764582	harbor2	chr19	43585540	43585683	LTR/ERVL-MaLR	786	-	72	43585612	21030
chr19	43564582	43764582	harbor2	chr19	43646380	43646691	LTR/ERVL-MaLR	1011	-	156	43646536	81954
chr19	43564582	43764582	harbor2	chr19	43564815	43565255	LTR/ERVL-MaLR	2315	-	220	43565035	453
chr19	50391052	50591052	harbor2	chr19	50404013	50404264	LTR/ERVL-MaLR	1541	-	126	50404139	13087
chr19	50391052	50591052	harbor2	chr19	50405211	50405377	LTR/ERVL-MaLR	1541	-	83	50405294	14242
chr19	50391052	50591052	harbor2	chr19	50449033	50449066	LTR/ERVL-MaLR	902	-	16	50449049	57997
chr19	50391052	50591052	harbor2	chr19	50449199	50449650	LTR/ERVL-MaLR	902	-	226	50449425	58373
chr19	28433430	28633430	harbor2	chr19	28453764	28454036	LTR/ERVL-MaLR	1808	-	136	28453900	20470
chr19	28433430	28633430	harbor2	chr19	28454126	28454327	LTR/ERVL-MaLR	1808	-	100	28454226	20796
chr19	28433430	28633430	harbor2	chr19	28514093	28514420	LTR/ERVL-MaLR	892	-	164	28514257	80827
chr19	41168133	41368133	harbor2	chr19	41258754	41259229	LTR/ERVL-MaLR	2301	-	238	41258992	90859
chr19	28805421	29005421	harbor2	chr19	28813905	28813957	LTR/ERVL-MaLR	818	-	26	28813931	8510
chr19	28805421	29005421	harbor2	chr19	28814009	28814149	LTR/ERVL-MaLR	818	-	70	28814079	8658
chr19	28805421	29005421	harbor2	chr19	28814456	28814625	LTR/ERVL-MaLR	818	-	84	28814540	9119
chr19	28805421	29005421	harbor2	chr19	28814626	28816203	LTR/ERVL-MaLR	4802	-	788	28815414	9993
chr19	28805421	29005421	harbor2	chr19	28816204	28816579	LTR/ERVL-MaLR	612	-	188	28816392	10971
chr19	28805421	29005421	harbor2	chr19	28827784	28828391	LTR/ERVL-MaLR	2504	-	304	28828088	22667
chr19	28805421	29005421	harbor2	chr19	28884023	28884269	LTR/ERVL-MaLR	1851	-	123	28884146	78725
chr19	28805421	29005421	harbor2	chr19	28897374	28897776	LTR/ERVL-MaLR	1797	-	201	28897575	92154
chr19	28805421	29005421	harbor2	chr19	28884929	28885090	LTR/ERVL-MaLR	1851	-	80	28885009	79588
chr19	39292175	39492175	harbor2	chr19	39292202	39292356	LTR/ERVL-MaLR	631	-	77	39292279	104
chr19	39292175	39492175	harbor2	chr19	39347001	39347306	LTR/ERVL-MaLR	954	-	152	39347153	54978
chr19	39292175	39492175	harbor2	chr19	39351513	39351886	LTR/ERVL-MaLR	920	-	186	39351699	59524
chr19	56934939	57134939	harbor2	chr19	56940342	56940480	LTR/ERVL-MaLR	746	-	69	56940411	5472
chr19	56934939	57134939	harbor2	chr19	56940752	56940913	LTR/ERVL-MaLR	669	-	80	56940832	5893
chr19	56934939	57134939	harbor2	chr19	56947130	56947500	LTR/ERVL-MaLR	2048	-	185	56947315	12376
chr19	56934939	57134939	harbor2	chr19	56952942	56953325	LTR/ERVL-MaLR	2058	-	192	56953134	18195
chr19	56934939	57134939	harbor2	chr19	56972802	56973082	LTR/ERVL-MaLR	1442	-	140	56972942	38003
chr19	56934939	57134939	harbor2	chr19	56973436	56973538	LTR/ERVL-MaLR	1442	-	51	56973487	38548
chr19	56934939	57134939	harbor2	chr19	56985356	56985620	LTR/ERVL-MaLR	677	-	132	56985488	50549
chr19	56934939	57134939	harbor2	chr19	56988017	56988156	LTR/ERVL-MaLR	648	-	70	56988087	53148
chr19	56934939	57134939	harbor2	chr19	56992006	56992425	LTR/ERVL-MaLR	1817	-	210	56992216	57277
chr19	56934939	57134939	harbor2	chr19	57001842	57002209	LTR/ERVL-MaLR	1740	-	184	57002026	67087
chr19	39529627	39729627	harbor2	chr19	39565025	39565374	LTR/ERVL-MaLR	1729	-	174	39565199	35572
chr19	28635763	28835763	harbor2	chr19	28731956	28732158	LTR/ERVL-MaLR	1698	-	101	28732057	96294
chr19	28635763	28835763	harbor2	chr19	28732204	28732380	LTR/ERVL-MaLR	1698	-	88	28732292	96529
chr19	50339461	50539461	harbor2	chr19	50355899	50356315	LTR/ERVL-MaLR	1665	-	208	50356107	16646
chr19	50339461	50539461	harbor2	chr19	50404013	50404264	LTR/ERVL-MaLR	1541	-	126	50404139	64678
chr19	50339461	50539461	harbor2	chr19	50405211	50405377	LTR/ERVL-MaLR	1541	-	83	50405294	65833
chr19	32526765	32726765	harbor2	chr19	32528083	32528457	LTR/ERVL-MaLR	2642	-	187	32528270	1505
chr19	32526765	32726765	harbor2	chr19	32574214	32574461	LTR/ERVL-MaLR	1521	-	124	32574338	47573
chr19	32526765	32726765	harbor2	chr19	32574771	32574947	LTR/ERVL-MaLR	1521	-	88	32574859	48094
chr19	32526765	32726765	harbor2	chr19	32538584	32538959	LTR/ERVL-MaLR	2532	-	188	32538772	12007
chr19	46447546	46647546	harbor2	chr19	46474375	46474598	LTR/ERVL-MaLR	1056	-	112	46474487	26941
chr19	46447546	46647546	harbor2	chr19	46512295	46512459	LTR/ERVL-MaLR	632	-	82	46512377	64831
chr19	46447546	46647546	harbor2	chr19	46518726	46518987	LTR/ERVL-MaLR	2135	-	130	46518856	71310
chr19	46447546	46647546	harbor2	chr19	46519297	46519393	LTR/ERVL-MaLR	2135	-	48	46519345	71799
chr19	46447546	46647546	harbor2	chr19	46520523	46520961	LTR/ERVL-MaLR	708	-	219	46520742	73196
chr19	46447546	46647546	harbor2	chr19	46526328	46526706	LTR/ERVL-MaLR	2208	-	189	46526517	78971
chr19	46447546	46647546	harbor2	chr19	46538724	46539082	LTR/ERVL-MaLR	2254	-	179	46538903	91357
chr19	46447546	46647546	harbor2	chr19	46540384	46540588	LTR/ERVL-MaLR	2097	-	102	46540486	92940
chr19	46447546	46647546	harbor2	chr19	46540899	46541065	LTR/ERVL-MaLR	2097	-	83	46540982	93436
chr19	42610610	42810610	harbor2	chr19	42673886	42674063	LTR/ERVL-MaLR	795	-	88	42673974	63364
chr19	42610610	42810610	harbor2	chr19	42677198	42677451	LTR/ERVL-MaLR	1115	-	126	42677324	66714
chr19	37901641	38101641	harbor2	chr19	37935448	37935908	LTR/ERVL-MaLR	768	-	230	37935678	34037
chr19	37901641	38101641	harbor2	chr19	37939455	37939830	LTR/ERVL-MaLR	683	-	188	37939643	38002
chr19	37901641	38101641	harbor2	chr19	37966967	37967257	LTR/ERVL-MaLR	2162	-	145	37967112	65471
chr19	37901641	38101641	harbor2	chr19	37967551	37967723	LTR/ERVL-MaLR	2162	-	86	37967637	65996
chr19	37901641	38101641	harbor2	chr19	37972904	37973098	LTR/ERVL-MaLR	729	-	97	37973001	71360
chr19	37901641	38101641	harbor2	chr19	37928761	37929161	LTR/ERVL-MaLR	892	-	200	37928961	27320
chr19	40300278	40500278	harbor2	chr19	40360396	40360464	LTR/ERVL-MaLR	1180	-	34	40360430	60152
chr19	40300278	40500278	harbor2	chr19	40360598	40360987	LTR/ERVL-MaLR	1180	-	194	40360792	60514
chr19	20258332	20458332	harbor2	chr19	20265079	20265474	LTR/ERVL-MaLR	1652	-	198	20265277	6945
chr19	20258332	20458332	harbor2	chr19	20346842	20347240	LTR/ERVL-MaLR	1545	-	199	20347041	88709
chr19	58275503	58475503	harbor2	chr19	58280084	58280578	LTR/ERVL-MaLR	1919	-	247	58280331	4828
chr19	58275503	58475503	harbor2	chr19	58280625	58281112	LTR/ERVL-MaLR	1703	-	244	58280869	5366
chr19	58275503	58475503	harbor2	chr19	58289146	58289213	LTR/ERVL-MaLR	1763	-	34	58289180	13677
chr19	58275503	58475503	harbor2	chr19	58289517	58289799	LTR/ERVL-MaLR	1763	-	141	58289658	14155
chr19	58275503	58475503	harbor2	chr19	58290414	58290514	LTR/ERVL-MaLR	1763	-	50	58290464	14961
chr19	58275503	58475503	harbor2	chr19	58292217	58292573	LTR/ERVL-MaLR	1638	-	178	58292395	16892
chr19	58275503	58475503	harbor2	chr19	58364347	58364612	LTR/ERVL-MaLR	1029	-	132	58364479	88976
chr19	58275503	58475503	harbor2	chr19	58370061	58370527	LTR/ERVL-MaLR	1651	-	233	58370294	94791
chr19	53373920	53573920	harbor2	chr19	53378552	53378882	LTR/ERVL-MaLR	964	-	165	53378717	4797
chr19	53373920	53573920	harbor2	chr19	53405429	53405760	LTR/ERVL-MaLR	959	-	166	53405595	31675
chr19	53373920	53573920	harbor2	chr19	53415566	53415940	LTR/ERVL-MaLR	683	-	187	53415753	41833
chr19	53373920	53573920	harbor2	chr19	53452579	53452914	LTR/ERVL-MaLR	923	-	168	53452747	78827
chr19	56417807	56617807	harbor2	chr19	56439473	56439667	LTR/ERVL-MaLR	1686	-	97	56439570	21763
chr19	56417807	56617807	harbor2	chr19	56439958	56440127	LTR/ERVL-MaLR	1686	-	84	56440042	22235
chr19	56417807	56617807	harbor2	chr19	56444136	56444528	LTR/ERVL-MaLR	2217	-	196	56444332	26525
chr19	56417807	56617807	harbor2	chr19	56444523	56444605	LTR/ERVL-MaLR	660	-	41	56444564	26757
chr19	56417807	56617807	harbor2	chr19	56444689	56444771	LTR/ERVL-MaLR	638	-	41	56444730	26923
chr19	56417807	56617807	harbor2	chr19	56444772	56444854	LTR/ERVL-MaLR	638	-	41	56444813	27006
chr19	56417807	56617807	harbor2	chr19	56444855	56444937	LTR/ERVL-MaLR	614	-	41	56444896	27089
chr19	56417807	56617807	harbor2	chr19	56444938	56445020	LTR/ERVL-MaLR	638	-	41	56444979	27172
chr19	56417807	56617807	harbor2	chr19	56445021	56445103	LTR/ERVL-MaLR	638	-	41	56445062	27255
chr19	56417807	56617807	harbor2	chr19	56445187	56445269	LTR/ERVL-MaLR	638	-	41	56445228	27421
chr19	56417807	56617807	harbor2	chr19	56445270	56445353	LTR/ERVL-MaLR	692	-	42	56445312	27505
chr19	56417807	56617807	harbor2	chr19	56445354	56445437	LTR/ERVL-MaLR	674	-	42	56445396	27589
chr19	56417807	56617807	harbor2	chr19	56445438	56445520	LTR/ERVL-MaLR	638	-	41	56445479	27672
chr19	56417807	56617807	harbor2	chr19	56445521	56445604	LTR/ERVL-MaLR	692	-	42	56445563	27756
chr19	56417807	56617807	harbor2	chr19	56445605	56445688	LTR/ERVL-MaLR	692	-	42	56445647	27840
chr19	56417807	56617807	harbor2	chr19	56445689	56445772	LTR/ERVL-MaLR	674	-	42	56445731	27924
chr19	56417807	56617807	harbor2	chr19	56445773	56445856	LTR/ERVL-MaLR	674	-	42	56445815	28008
chr19	56417807	56617807	harbor2	chr19	56445857	56445939	LTR/ERVL-MaLR	638	-	41	56445898	28091
chr19	56417807	56617807	harbor2	chr19	56445940	56446048	LTR/ERVL-MaLR	846	-	54	56445994	28187
chr19	50142904	50342904	harbor2	chr19	50165092	50165284	LTR/ERVL-MaLR	692	-	96	50165188	22284
chr19	50142904	50342904	harbor2	chr19	50175829	50176131	LTR/ERVL-MaLR	757	-	151	50175980	33076
chr19	50142904	50342904	harbor2	chr19	50185915	50186027	LTR/ERVL-MaLR	703	-	56	50185971	43067
chr19	50142904	50342904	harbor2	chr19	50233527	50233833	LTR/ERVL-MaLR	1800	-	153	50233680	90776
chr19	50142904	50342904	harbor2	chr19	50234120	50234268	LTR/ERVL-MaLR	1800	-	74	50234194	91290
chr19	50142904	50342904	harbor2	chr19	50238752	50238866	LTR/ERVL-MaLR	652	-	57	50238809	95905
chr19	50142904	50342904	harbor2	chr19	50242285	50242640	LTR/ERVL-MaLR	2215	-	178	50242463	99559
chr19	31858598	32058598	harbor2	chr19	31878831	31879064	LTR/ERVL-MaLR	2261	-	116	31878947	20349
chr19	31858598	32058598	harbor2	chr19	31879336	31879501	LTR/ERVL-MaLR	2261	-	82	31879418	20820
chr19	31858598	32058598	harbor2	chr19	31881461	31881865	LTR/ERVL-MaLR	2162	-	202	31881663	23065
chr19	31858598	32058598	harbor2	chr19	31898002	31898350	LTR/ERVL-MaLR	1874	-	174	31898176	39578
chr19	31858598	32058598	harbor2	chr19	31930928	31931277	LTR/ERVL-MaLR	2107	-	174	31931102	72504
chr19	55289905	55489905	harbor2	chr19	55300870	55301078	LTR/ERVL-MaLR	617	-	104	55300974	11069
chr19	55289905	55489905	harbor2	chr19	55309394	55309734	LTR/ERVL-MaLR	1906	-	170	55309564	19659
chr19	55289905	55489905	harbor2	chr19	55310112	55310543	LTR/ERVL-MaLR	1059	-	216	55310328	20423
chr19	55289905	55489905	harbor2	chr19	55331126	55331416	LTR/ERVL-MaLR	1323	-	145	55331271	41366
chr19	55289905	55489905	harbor2	chr19	55331479	55331505	LTR/ERVL-MaLR	1323	-	13	55331492	41587
chr19	55289905	55489905	harbor2	chr19	55331813	55331992	LTR/ERVL-MaLR	1323	-	90	55331903	41998
chr19	55289905	55489905	harbor2	chr19	55332293	55332341	LTR/ERVL-MaLR	1323	-	24	55332317	42412
chr19	55234371	55434371	harbor2	chr19	55281215	55281649	LTR/ERVL-MaLR	1993	-	217	55281432	47061
chr19	55234371	55434371	harbor2	chr19	55300870	55301078	LTR/ERVL-MaLR	617	-	104	55300974	66603
chr19	55234371	55434371	harbor2	chr19	55309394	55309734	LTR/ERVL-MaLR	1906	-	170	55309564	75193
chr19	55234371	55434371	harbor2	chr19	55310112	55310543	LTR/ERVL-MaLR	1059	-	216	55310328	75957
chr19	55234371	55434371	harbor2	chr19	55331126	55331416	LTR/ERVL-MaLR	1323	-	145	55331271	96900
chr19	55234371	55434371	harbor2	chr19	55331479	55331505	LTR/ERVL-MaLR	1323	-	13	55331492	97121
chr19	55234371	55434371	harbor2	chr19	55331813	55331992	LTR/ERVL-MaLR	1323	-	90	55331903	97532
chr19	55234371	55434371	harbor2	chr19	55332293	55332341	LTR/ERVL-MaLR	1323	-	24	55332317	97946
chr19	47188920	47388920	harbor2	chr19	47217970	47218041	LTR/ERVL-MaLR	1313	-	36	47218006	29086
chr19	47188920	47388920	harbor2	chr19	47218365	47218662	LTR/ERVL-MaLR	1313	-	148	47218513	29593
chr19	55375297	55575297	harbor2	chr19	55424689	55425089	LTR/ERVL-MaLR	1304	-	200	55424889	49592
chr19	55375297	55575297	harbor2	chr19	55470331	55470550	LTR/ERVL-MaLR	721	-	110	55470441	95144
chr19	52070711	52270711	harbor2	chr19	52077741	52077927	LTR/ERVL-MaLR	898	-	93	52077834	7123
chr19	52070711	52270711	harbor2	chr19	52114352	52114774	LTR/ERVL-MaLR	1890	-	211	52114563	43852
chr19	52070711	52270711	harbor2	chr19	52124696	52125116	LTR/ERVL-MaLR	1728	-	210	52124906	54195
chr19	52070711	52270711	harbor2	chr19	52125123	52125784	LTR/ERVL-MaLR	2890	-	330	52125453	54742
chr19	52070711	52270711	harbor2	chr19	52153816	52154043	LTR/ERVL-MaLR	2250	-	114	52153930	83219
chr19	52070711	52270711	harbor2	chr19	52154345	52154379	LTR/ERVL-MaLR	2250	-	17	52154362	83651
chr19	52070711	52270711	harbor2	chr19	52154683	52154860	LTR/ERVL-MaLR	2250	-	88	52154771	84060
chr19	52070711	52270711	harbor2	chr19	52161260	52161680	LTR/ERVL-MaLR	1506	-	210	52161470	90759
chr19	52070711	52270711	harbor2	chr19	52161681	52162488	LTR/ERVL-MaLR	3504	-	404	52162085	91374
chr19	52070711	52270711	harbor2	chr19	52162947	52163492	LTR/ERVL-MaLR	1990	-	272	52163219	92508
chr19	45526095	45726095	harbor2	chr19	45538863	45539214	LTR/ERVL-MaLR	2176	-	176	45539039	12944
chr19	45526095	45726095	harbor2	chr19	45575545	45575609	LTR/ERVL-MaLR	2397	-	32	45575577	49482
chr19	45526095	45726095	harbor2	chr19	45575906	45575951	LTR/ERVL-MaLR	2397	-	22	45575928	49833
chr19	45526095	45726095	harbor2	chr19	45576558	45576946	LTR/ERVL-MaLR	2397	-	194	45576752	50657
chr19	34926579	35126579	harbor2	chr19	34935805	34936165	LTR/ERVL-MaLR	2345	-	180	34935985	9406
chr19	34926579	35126579	harbor2	chr19	34969685	34969986	LTR/ERVL-MaLR	975	-	150	34969835	43256
chr19	34926579	35126579	harbor2	chr19	34970791	34971346	LTR/ERVL-MaLR	1971	-	278	34971069	44490
chr19	34926579	35126579	harbor2	chr19	34971990	34972070	LTR/ERVL-MaLR	1758	-	40	34972030	45451
chr19	34926579	35126579	harbor2	chr19	34972369	34972853	LTR/ERVL-MaLR	1758	-	242	34972611	46032
chr19	34926579	35126579	harbor2	chr19	34973115	34973285	LTR/ERVL-MaLR	928	-	85	34973200	46621
chr19	34926579	35126579	harbor2	chr19	35018297	35018537	LTR/ERVL-MaLR	1111	-	120	35018417	91838
chr19	49939182	50139182	harbor2	chr19	50032632	50033105	LTR/ERVL-MaLR	2078	-	236	50032868	93686
chr19	49939182	50139182	harbor2	chr19	50033561	50034029	LTR/ERVL-MaLR	2176	-	234	50033795	94613
chr19	45543568	45743568	harbor2	chr19	45575545	45575609	LTR/ERVL-MaLR	2397	-	32	45575577	32009
chr19	45543568	45743568	harbor2	chr19	45575906	45575951	LTR/ERVL-MaLR	2397	-	22	45575928	32360
chr19	45543568	45743568	harbor2	chr19	45576558	45576946	LTR/ERVL-MaLR	2397	-	194	45576752	33184
chr19	36502186	36702186	harbor2	chr19	36537851	36538231	LTR/ERVL-MaLR	1287	-	190	36538041	35855
chr19	36502186	36702186	harbor2	chr19	36543016	36543566	LTR/ERVL-MaLR	1506	-	275	36543291	41105
chr19	36502186	36702186	harbor2	chr19	36557311	36557662	LTR/ERVL-MaLR	2159	-	176	36557487	55301
chr19	45350712	45550712	harbor2	chr19	45376453	45376640	LTR/ERVL-MaLR	797	-	94	45376547	25835
chr19	45350712	45550712	harbor2	chr19	45376945	45377064	LTR/ERVL-MaLR	797	-	60	45377005	26293
chr19	52502580	52702580	harbor2	chr19	52507565	52507766	LTR/ERVL-MaLR	677	-	100	52507665	5085
chr19	30992469	31192469	harbor2	chr19	31017329	31017706	LTR/ERVL-MaLR	2858	-	188	31017517	25048
chr19	30992469	31192469	harbor2	chr19	31019586	31019962	LTR/ERVL-MaLR	2784	-	188	31019774	27305
chr19	30992469	31192469	harbor2	chr19	31020657	31020910	LTR/ERVL-MaLR	617	-	126	31020783	28314
chr19	30992469	31192469	harbor2	chr19	31052253	31052892	LTR/ERVL-MaLR	1751	-	320	31052573	60104
chr19	30992469	31192469	harbor2	chr19	31080616	31080953	LTR/ERVL-MaLR	2491	-	168	31080784	88315
chr19	30992469	31192469	harbor2	chr19	31081202	31081304	LTR/ERVL-MaLR	2491	-	51	31081253	88784
chr19	23569378	23769378	harbor2	chr19	23587164	23587498	LTR/ERVL-MaLR	699	-	167	23587331	17953
chr19	23569378	23769378	harbor2	chr19	23655279	23655702	LTR/ERVL-MaLR	1483	-	212	23655491	86113
chr19	21249017	21449017	harbor2	chr19	21304034	21304448	LTR/ERVL-MaLR	1483	-	207	21304241	55224
chr19	21249017	21449017	harbor2	chr19	21331986	21332482	LTR/ERVL-MaLR	1122	-	248	21332234	83217
chr19	41424100	41624100	harbor2	chr19	41447145	41447559	LTR/ERVL-MaLR	1197	-	207	41447352	23252
chr19	41424100	41624100	harbor2	chr19	41447856	41447964	LTR/ERVL-MaLR	1197	-	54	41447910	23810
chr19	48675528	48875528	harbor2	chr19	48700242	48700319	LTR/ERVL-MaLR	807	-	38	48700280	24752
chr19	48675528	48875528	harbor2	chr19	48700631	48700996	LTR/ERVL-MaLR	807	-	182	48700813	25285
chr19	48675528	48875528	harbor2	chr19	48704091	48704139	LTR/ERVL-MaLR	838	-	24	48704115	28587
chr19	48675528	48875528	harbor2	chr19	48704452	48704884	LTR/ERVL-MaLR	838	-	216	48704668	29140
chr19	19634406	19834406	harbor2	chr19	19683861	19684207	LTR/ERVL-MaLR	1841	-	173	19684034	49628
chr19	19634406	19834406	harbor2	chr19	19684515	19684565	LTR/ERVL-MaLR	1841	-	25	19684540	50134
chr19	19634406	19834406	harbor2	chr19	19684568	19684693	LTR/ERVL-MaLR	658	-	62	19684630	50224
chr19	46078478	46278478	harbor2	chr19	46084469	46084854	LTR/ERVL-MaLR	2036	-	192	46084661	6183
chr19	46078478	46278478	harbor2	chr19	46084855	46085161	LTR/ERVL-MaLR	1793	-	153	46085008	6530
chr19	46078478	46278478	harbor2	chr19	46173380	46173779	LTR/ERVL-MaLR	2300	-	200	46173580	95102
chr19	44000760	44200760	harbor2	chr19	44027946	44028392	LTR/ERVL-MaLR	898	-	223	44028169	27409
chr19	44000760	44200760	harbor2	chr19	44042443	44042697	LTR/ERVL-MaLR	1304	-	127	44042570	41810
chr19	44000760	44200760	harbor2	chr19	44061250	44061758	LTR/ERVL-MaLR	926	-	254	44061504	60744
chr19	44000760	44200760	harbor2	chr19	44081208	44081429	LTR/ERVL-MaLR	2367	-	110	44081318	80558
chr19	44000760	44200760	harbor2	chr19	44081762	44081921	LTR/ERVL-MaLR	2367	-	80	44081842	81082
chr19	44000760	44200760	harbor2	chr19	44082512	44083002	LTR/ERVL-MaLR	1358	-	245	44082757	81997
chr19	40900907	41100907	harbor2	chr19	40911308	40911361	LTR/ERVL-MaLR	1907	-	26	40911334	10427
chr19	40900907	41100907	harbor2	chr19	40911647	40912004	LTR/ERVL-MaLR	1907	-	178	40911825	10918
chr19	40900907	41100907	harbor2	chr19	40926162	40926571	LTR/ERVL-MaLR	2098	-	204	40926366	25459
chr19	40900907	41100907	harbor2	chr19	40952864	40953226	LTR/ERVL-MaLR	2059	-	181	40953045	52138
chr19	40900907	41100907	harbor2	chr19	40973347	40973806	LTR/ERVL-MaLR	1466	-	230	40973577	72670
chr19	40900907	41100907	harbor2	chr19	40973811	40973995	LTR/ERVL-MaLR	1115	-	92	40973903	72996
chr19	40900907	41100907	harbor2	chr19	40979757	40980124	LTR/ERVL-MaLR	2559	-	184	40979941	79034
chr19	40900907	41100907	harbor2	chr19	40980125	40981546	LTR/ERVL-MaLR	9279	-	710	40980835	79928
chr19	40900907	41100907	harbor2	chr19	40981547	40981918	LTR/ERVL-MaLR	2257	-	186	40981733	80826
chr19	40900907	41100907	harbor2	chr19	40993255	40993660	LTR/ERVL-MaLR	2138	-	202	40993457	92550
chr19	49281070	49481070	harbor2	chr19	49282164	49282519	LTR/ERVL-MaLR	2024	-	178	49282342	1272
chr19	49281070	49481070	harbor2	chr19	49328113	49328466	LTR/ERVL-MaLR	2314	-	176	49328289	47219
chr19	49281070	49481070	harbor2	chr19	49330999	49331180	LTR/ERVL-MaLR	740	-	90	49331089	50019
chr19	49281070	49481070	harbor2	chr19	49331653	49331864	LTR/ERVL-MaLR	677	-	106	49331759	50689
chr19	49281070	49481070	harbor2	chr19	49332576	49332735	LTR/ERVL-MaLR	1247	-	80	49332656	51586
chr19	49281070	49481070	harbor2	chr19	49373324	49373462	LTR/ERVL-MaLR	800	-	69	49373393	92323
chr19	49281070	49481070	harbor2	chr19	49375691	49376217	LTR/ERVL-MaLR	1520	-	263	49375954	94884
chr19	49281070	49481070	harbor2	chr19	49331979	49332275	LTR/ERVL-MaLR	1247	-	148	49332127	51057
chr19	54928713	55128713	harbor2	chr19	54993830	54994134	LTR/ERVL-MaLR	989	-	152	54993982	65269
chr19	55976125	56176125	harbor2	chr19	55978356	55978619	LTR/ERVL-MaLR	1423	-	132	55978488	2363
chr19	55976125	56176125	harbor2	chr19	55980359	55980867	LTR/ERVL-MaLR	1142	-	254	55980613	4488
chr19	55976125	56176125	harbor2	chr19	56064626	56065116	LTR/ERVL-MaLR	897	-	245	56064871	88746
chr19	52065282	52265282	harbor2	chr19	52077741	52077927	LTR/ERVL-MaLR	898	-	93	52077834	12552
chr19	52065282	52265282	harbor2	chr19	52114352	52114774	LTR/ERVL-MaLR	1890	-	211	52114563	49281
chr19	52065282	52265282	harbor2	chr19	52124696	52125116	LTR/ERVL-MaLR	1728	-	210	52124906	59624
chr19	52065282	52265282	harbor2	chr19	52125123	52125784	LTR/ERVL-MaLR	2890	-	330	52125453	60171
chr19	52065282	52265282	harbor2	chr19	52153816	52154043	LTR/ERVL-MaLR	2250	-	114	52153930	88648
chr19	52065282	52265282	harbor2	chr19	52154345	52154379	LTR/ERVL-MaLR	2250	-	17	52154362	89080
chr19	52065282	52265282	harbor2	chr19	52154683	52154860	LTR/ERVL-MaLR	2250	-	88	52154771	89489
chr19	52065282	52265282	harbor2	chr19	52161260	52161680	LTR/ERVL-MaLR	1506	-	210	52161470	96188
chr19	52065282	52265282	harbor2	chr19	52161681	52162488	LTR/ERVL-MaLR	3504	-	404	52162085	96803
chr19	52065282	52265282	harbor2	chr19	52162947	52163492	LTR/ERVL-MaLR	1990	-	272	52163219	97937
chr19	14412298	14612298	harbor2	chr19	14448720	14448930	LTR/ERVL-MaLR	1331	-	105	14448825	36527
chr19	14412298	14612298	harbor2	chr19	14449242	14449406	LTR/ERVL-MaLR	1331	-	82	14449324	37026
chr19	28698788	28898788	harbor2	chr19	28731956	28732158	LTR/ERVL-MaLR	1698	-	101	28732057	33269
chr19	28698788	28898788	harbor2	chr19	28732204	28732380	LTR/ERVL-MaLR	1698	-	88	28732292	33504
chr19	28698788	28898788	harbor2	chr19	28749061	28749412	LTR/ERVL-MaLR	2800	-	176	28749237	50449
chr19	28698788	28898788	harbor2	chr19	28749413	28750967	LTR/ERVL-MaLR	11615	-	777	28750190	51402
chr19	28698788	28898788	harbor2	chr19	28750970	28751317	LTR/ERVL-MaLR	2513	-	174	28751144	52356
chr19	28698788	28898788	harbor2	chr19	28785556	28785609	LTR/ERVL-MaLR	1846	-	26	28785582	86794
chr19	28698788	28898788	harbor2	chr19	28785909	28786268	LTR/ERVL-MaLR	1846	-	180	28786089	87301
chr19	31118154	31318154	harbor2	chr19	31125609	31126156	LTR/ERVL-MaLR	671	-	274	31125883	7729
chr19	31118154	31318154	harbor2	chr19	31128995	31129356	LTR/ERVL-MaLR	2272	-	180	31129175	11021
chr19	31118154	31318154	harbor2	chr19	31130548	31130869	LTR/ERVL-MaLR	1351	-	160	31130708	12554
chr19	31118154	31318154	harbor2	chr19	31158347	31158511	LTR/ERVL-MaLR	758	-	82	31158429	40275
chr19	31118154	31318154	harbor2	chr19	31170139	31170485	LTR/ERVL-MaLR	1374	-	173	31170312	52158
chr19	31118154	31318154	harbor2	chr19	31203859	31204210	LTR/ERVL-MaLR	2206	-	176	31204035	85881
chr19	55712866	55912866	harbor2	chr19	55714619	55714971	LTR/ERVL-MaLR	1912	-	176	55714795	1929
chr19	55712866	55912866	harbor2	chr19	55763974	55764157	LTR/ERVL-MaLR	1274	-	92	55764066	51200
chr19	55712866	55912866	harbor2	chr19	55764158	55764537	LTR/ERVL-MaLR	1717	-	190	55764348	51482
chr19	55712866	55912866	harbor2	chr19	55773978	55774161	LTR/ERVL-MaLR	1254	-	92	55774070	61204
chr19	55712866	55912866	harbor2	chr19	55774162	55774540	LTR/ERVL-MaLR	1669	-	189	55774351	61485
chr19	34549328	34749328	harbor2	chr19	34550278	34550670	LTR/ERVL-MaLR	1371	-	196	34550474	1146
chr19	34549328	34749328	harbor2	chr19	34561771	34562135	LTR/ERVL-MaLR	2080	-	182	34561953	12625
chr19	34549328	34749328	harbor2	chr19	34599337	34599696	LTR/ERVL-MaLR	1941	-	180	34599517	50189
chr19	46415528	46615528	harbor2	chr19	46474375	46474598	LTR/ERVL-MaLR	1056	-	112	46474487	58959
chr19	46415528	46615528	harbor2	chr19	46512295	46512459	LTR/ERVL-MaLR	632	-	82	46512377	96849
chr19	43854362	44054362	harbor2	chr19	43892963	43893336	LTR/ERVL-MaLR	1152	-	186	43893149	38787
chr19	43854362	44054362	harbor2	chr19	43929980	43930335	LTR/ERVL-MaLR	1338	-	178	43930158	75796
chr19	31943487	32143487	harbor2	chr19	31976083	31976487	LTR/ERVL-MaLR	2150	-	202	31976285	32798
chr19	31943487	32143487	harbor2	chr19	31994522	31994864	LTR/ERVL-MaLR	1493	-	171	31994693	51206
chr19	31943487	32143487	harbor2	chr19	32002425	32002772	LTR/ERVL-MaLR	1565	-	174	32002599	59112
chr19	31943487	32143487	harbor2	chr19	32020567	32020927	LTR/ERVL-MaLR	1881	-	180	32020747	77260
chr19	31960236	32160236	harbor2	chr19	31976083	31976487	LTR/ERVL-MaLR	2150	-	202	31976285	16049
chr19	31960236	32160236	harbor2	chr19	31994522	31994864	LTR/ERVL-MaLR	1493	-	171	31994693	34457
chr19	31960236	32160236	harbor2	chr19	32002425	32002772	LTR/ERVL-MaLR	1565	-	174	32002599	42363
chr19	31960236	32160236	harbor2	chr19	32020567	32020927	LTR/ERVL-MaLR	1881	-	180	32020747	60511
chr19	31960236	32160236	harbor2	chr19	32054712	32055000	LTR/ERVL-MaLR	1848	-	144	32054856	94620
chr19	31960236	32160236	harbor2	chr19	32055293	32055407	LTR/ERVL-MaLR	1848	-	57	32055350	95114
chr19	36944305	37144305	harbor2	chr19	36969504	36969781	LTR/ERVL-MaLR	1848	-	138	36969642	25337
chr19	36944305	37144305	harbor2	chr19	36970062	36970178	LTR/ERVL-MaLR	1848	-	58	36970120	25815
chr19	36944305	37144305	harbor2	chr19	36988292	36988710	LTR/ERVL-MaLR	2602	-	209	36988501	44196
chr19	35214735	35414735	harbor2	chr19	35217514	35217896	LTR/ERVL-MaLR	1538	-	191	35217705	2970
chr19	35214735	35414735	harbor2	chr19	35219178	35219564	LTR/ERVL-MaLR	1250	-	193	35219371	4636
chr19	35214735	35414735	harbor2	chr19	35222922	35223514	LTR/ERVL-MaLR	1505	-	296	35223218	8483
chr19	35214735	35414735	harbor2	chr19	35233217	35233329	LTR/ERVL-MaLR	685	-	56	35233273	18538
chr19	35214735	35414735	harbor2	chr19	35233653	35234003	LTR/ERVL-MaLR	685	-	175	35233828	19093
chr19	35214735	35414735	harbor2	chr19	35235922	35236208	LTR/ERVL-MaLR	722	-	143	35236065	21330
chr19	35214735	35414735	harbor2	chr19	35236599	35236921	LTR/ERVL-MaLR	1646	-	161	35236760	22025
chr19	35214735	35414735	harbor2	chr19	35236997	35237228	LTR/ERVL-MaLR	690	-	116	35237113	22378
chr19	47501373	47701373	harbor2	chr19	47587262	47587612	LTR/ERVL-MaLR	1081	-	175	47587437	86064
chr19	58215088	58415088	harbor2	chr19	58227125	58227406	LTR/ERVL-MaLR	871	-	140	58227265	12177
chr19	58215088	58415088	harbor2	chr19	58227726	58227863	LTR/ERVL-MaLR	871	-	68	58227794	12706
chr19	58215088	58415088	harbor2	chr19	58232610	58232647	LTR/ERVL-MaLR	2449	-	18	58232628	17540
chr19	58215088	58415088	harbor2	chr19	58232970	58233298	LTR/ERVL-MaLR	2449	-	164	58233134	18046
chr19	58215088	58415088	harbor2	chr19	58245915	58246238	LTR/ERVL-MaLR	1089	-	162	58246077	30989
chr19	58215088	58415088	harbor2	chr19	58259403	58259618	LTR/ERVL-MaLR	861	-	108	58259511	44423
chr19	58215088	58415088	harbor2	chr19	58280084	58280578	LTR/ERVL-MaLR	1919	-	247	58280331	65243
chr19	58215088	58415088	harbor2	chr19	58280625	58281112	LTR/ERVL-MaLR	1703	-	244	58280869	65781
chr19	58215088	58415088	harbor2	chr19	58289146	58289213	LTR/ERVL-MaLR	1763	-	34	58289180	74092
chr19	58215088	58415088	harbor2	chr19	58289517	58289799	LTR/ERVL-MaLR	1763	-	141	58289658	74570
chr19	58215088	58415088	harbor2	chr19	58290414	58290514	LTR/ERVL-MaLR	1763	-	50	58290464	75376
chr19	58215088	58415088	harbor2	chr19	58292217	58292573	LTR/ERVL-MaLR	1638	-	178	58292395	77307
chr19	43112886	43312886	harbor2	chr19	43133141	43133425	LTR/ERVL-MaLR	2081	-	142	43133283	20397
chr19	43112886	43312886	harbor2	chr19	43133640	43133753	LTR/ERVL-MaLR	2081	-	56	43133696	20810
chr19	53997012	54197012	harbor2	chr19	54006291	54006517	LTR/ERVL-MaLR	1389	-	113	54006404	9392
chr19	53997012	54197012	harbor2	chr19	54006835	54006851	LTR/ERVL-MaLR	1389	-	8	54006843	9831
chr19	53997012	54197012	harbor2	chr19	54006879	54007046	LTR/ERVL-MaLR	1389	-	84	54006963	9951
chr19	53997012	54197012	harbor2	chr19	54007341	54007458	LTR/ERVL-MaLR	1389	-	58	54007399	10387
chr19	53997012	54197012	harbor2	chr19	54013149	54013340	LTR/ERVL-MaLR	662	-	96	54013245	16233
chr19	53997012	54197012	harbor2	chr19	54024608	54024957	LTR/ERVL-MaLR	1124	-	174	54024782	27770
chr19	53997012	54197012	harbor2	chr19	54033167	54033361	LTR/ERVL-MaLR	919	-	97	54033264	36252
chr19	53997012	54197012	harbor2	chr19	54036196	54036247	LTR/ERVL-MaLR	1828	-	26	54036222	39210
chr19	53997012	54197012	harbor2	chr19	54036560	54036766	LTR/ERVL-MaLR	1828	-	103	54036663	39651
chr19	53997012	54197012	harbor2	chr19	54037730	54037845	LTR/ERVL-MaLR	1828	-	58	54037788	40776
chr19	53997012	54197012	harbor2	chr19	54084470	54084839	LTR/ERVL-MaLR	1100	-	184	54084654	87642
chr19	53997012	54197012	harbor2	chr19	54085159	54085319	LTR/ERVL-MaLR	1100	-	80	54085239	88227
chr19	41667605	41867605	harbor2	chr19	41732456	41732669	LTR/ERVL-MaLR	1123	-	106	41732562	64957
chr19	58261840	58461840	harbor2	chr19	58280084	58280578	LTR/ERVL-MaLR	1919	-	247	58280331	18491
chr19	58261840	58461840	harbor2	chr19	58280625	58281112	LTR/ERVL-MaLR	1703	-	244	58280869	19029
chr19	58261840	58461840	harbor2	chr19	58289146	58289213	LTR/ERVL-MaLR	1763	-	34	58289180	27340
chr19	58261840	58461840	harbor2	chr19	58289517	58289799	LTR/ERVL-MaLR	1763	-	141	58289658	27818
chr19	58261840	58461840	harbor2	chr19	58290414	58290514	LTR/ERVL-MaLR	1763	-	50	58290464	28624
chr19	58261840	58461840	harbor2	chr19	58292217	58292573	LTR/ERVL-MaLR	1638	-	178	58292395	30555
chr19	49993774	50193774	harbor2	chr19	50032632	50033105	LTR/ERVL-MaLR	2078	-	236	50032868	39094
chr19	49993774	50193774	harbor2	chr19	50033561	50034029	LTR/ERVL-MaLR	2176	-	234	50033795	40021
chr19	49993774	50193774	harbor2	chr19	50040973	50041234	LTR/ERVL-MaLR	1063	-	130	50041103	47329
chr19	49993774	50193774	harbor2	chr19	50083875	50084216	LTR/ERVL-MaLR	887	-	170	50084045	90271
chr19	49993774	50193774	harbor2	chr19	50084217	50084266	LTR/ERVL-MaLR	1766	-	24	50084241	90467
chr19	49993774	50193774	harbor2	chr19	50084518	50084859	LTR/ERVL-MaLR	1766	-	170	50084688	90914
chr19	20531478	20731478	harbor2	chr19	20546373	20546486	LTR/ERVL-MaLR	615	-	56	20546429	14951
chr19	20531478	20731478	harbor2	chr19	20591586	20591895	LTR/ERVL-MaLR	1215	-	154	20591740	60262
chr19	20531478	20731478	harbor2	chr19	20592201	20592418	LTR/ERVL-MaLR	1215	-	108	20592309	60831
chr19	45676490	45876490	harbor2	chr19	45738919	45739147	LTR/ERVL-MaLR	1494	-	114	45739033	62543
chr19	45676490	45876490	harbor2	chr19	45739452	45739778	LTR/ERVL-MaLR	1494	-	163	45739615	63125
chr19	45676490	45876490	harbor2	chr19	45745872	45745926	LTR/ERVL-MaLR	1508	-	27	45745899	69409
chr19	45676490	45876490	harbor2	chr19	45746267	45746566	LTR/ERVL-MaLR	1508	-	150	45746417	69927
chr19	45676490	45876490	harbor2	chr19	45746843	45746965	LTR/ERVL-MaLR	1508	-	61	45746904	70414
chr19	58189265	58389265	harbor2	chr19	58200771	58200996	LTR/ERVL-MaLR	1784	-	112	58200883	11618
chr19	58189265	58389265	harbor2	chr19	58201312	58201463	LTR/ERVL-MaLR	1784	-	76	58201388	12123
chr19	58189265	58389265	harbor2	chr19	58227125	58227406	LTR/ERVL-MaLR	871	-	140	58227265	38000
chr19	58189265	58389265	harbor2	chr19	58227726	58227863	LTR/ERVL-MaLR	871	-	68	58227794	38529
chr19	58189265	58389265	harbor2	chr19	58232610	58232647	LTR/ERVL-MaLR	2449	-	18	58232628	43363
chr19	58189265	58389265	harbor2	chr19	58232970	58233298	LTR/ERVL-MaLR	2449	-	164	58233134	43869
chr19	58189265	58389265	harbor2	chr19	58245915	58246238	LTR/ERVL-MaLR	1089	-	162	58246077	56812
chr19	58189265	58389265	harbor2	chr19	58259403	58259618	LTR/ERVL-MaLR	861	-	108	58259511	70246
chr19	58189265	58389265	harbor2	chr19	58280084	58280578	LTR/ERVL-MaLR	1919	-	247	58280331	91066
chr19	58189265	58389265	harbor2	chr19	58280625	58281112	LTR/ERVL-MaLR	1703	-	244	58280869	91604
chr19	58189265	58389265	harbor2	chr19	58289146	58289213	LTR/ERVL-MaLR	1763	-	34	58289180	99915
chr19	55653392	55853392	harbor2	chr19	55714619	55714971	LTR/ERVL-MaLR	1912	-	176	55714795	61403
chr19	36616085	36816085	harbor2	chr19	36653442	36653812	LTR/ERVL-MaLR	2554	-	185	36653627	37542
chr19	36616085	36816085	harbor2	chr19	36680584	36681053	LTR/ERVL-MaLR	1340	-	234	36680818	64733
chr19	36616085	36816085	harbor2	chr19	36685731	36686144	LTR/ERVL-MaLR	972	-	206	36685937	69852
chr19	36616085	36816085	harbor2	chr19	36705960	36706301	LTR/ERVL-MaLR	1621	-	170	36706130	90045
chr19	36616085	36816085	harbor2	chr19	36706594	36706633	LTR/ERVL-MaLR	1621	-	20	36706614	90529
chr19	54020278	54220278	harbor2	chr19	54024608	54024957	LTR/ERVL-MaLR	1124	-	174	54024782	4504
chr19	54020278	54220278	harbor2	chr19	54033167	54033361	LTR/ERVL-MaLR	919	-	97	54033264	12986
chr19	54020278	54220278	harbor2	chr19	54036196	54036247	LTR/ERVL-MaLR	1828	-	26	54036222	15944
chr19	54020278	54220278	harbor2	chr19	54036560	54036766	LTR/ERVL-MaLR	1828	-	103	54036663	16385
chr19	54020278	54220278	harbor2	chr19	54037730	54037845	LTR/ERVL-MaLR	1828	-	58	54037788	17510
chr19	54020278	54220278	harbor2	chr19	54084470	54084839	LTR/ERVL-MaLR	1100	-	184	54084654	64376
chr19	54020278	54220278	harbor2	chr19	54085159	54085319	LTR/ERVL-MaLR	1100	-	80	54085239	64961
chr19	42571010	42771010	harbor2	chr19	42601013	42601401	LTR/ERVL-MaLR	1232	-	194	42601207	30197
chr19	42571010	42771010	harbor2	chr19	42601684	42601704	LTR/ERVL-MaLR	1232	-	10	42601694	30684
chr19	50427167	50627167	harbor2	chr19	50449033	50449066	LTR/ERVL-MaLR	902	-	16	50449049	21882
chr19	50427167	50627167	harbor2	chr19	50449199	50449650	LTR/ERVL-MaLR	902	-	226	50449425	22258
chr19	56649419	56849419	harbor2	chr19	56675766	56675986	LTR/ERVL-MaLR	1876	-	110	56675876	26457
chr19	56649419	56849419	harbor2	chr19	56676013	56676028	LTR/ERVL-MaLR	1876	-	8	56676021	26602
chr19	56649419	56849419	harbor2	chr19	56676351	56676501	LTR/ERVL-MaLR	1876	-	75	56676426	27007
chr19	56649419	56849419	harbor2	chr19	56677259	56677343	LTR/ERVL-MaLR	1606	-	42	56677301	27882
chr19	56649419	56849419	harbor2	chr19	56677461	56677757	LTR/ERVL-MaLR	1606	-	148	56677609	28190
chr19	56649419	56849419	harbor2	chr19	56678220	56678559	LTR/ERVL-MaLR	743	-	170	56678390	28971
chr19	56649419	56849419	harbor2	chr19	56687496	56687912	LTR/ERVL-MaLR	1144	-	208	56687704	38285
chr19	56649419	56849419	harbor2	chr19	56694280	56694615	LTR/ERVL-MaLR	1263	-	168	56694448	45029
chr19	38037250	38237250	harbor2	chr19	38089747	38089992	LTR/ERVL-MaLR	725	-	122	38089869	52619
chr19	38037250	38237250	harbor2	chr19	38106924	38107251	LTR/ERVL-MaLR	1144	-	164	38107088	69838
chr19	38037250	38237250	harbor2	chr19	38127836	38128042	LTR/ERVL-MaLR	892	-	103	38127939	90689
chr19	38037250	38237250	harbor2	chr19	38109113	38109479	LTR/ERVL-MaLR	2650	-	183	38109296	72046
chr19	54675754	54875754	harbor2	chr19	54731523	54732086	LTR/ERVL-MaLR	1016	-	282	54731805	56051
chr19	54675754	54875754	harbor2	chr19	54734624	54735064	LTR/ERVL-MaLR	2293	-	220	54734844	59090
chr19	54675754	54875754	harbor2	chr19	54747919	54748476	LTR/ERVL-MaLR	1303	-	278	54748197	72443
chr19	54675754	54875754	harbor2	chr19	54751010	54751451	LTR/ERVL-MaLR	2315	-	220	54751230	75476
chr19	54675754	54875754	harbor2	chr19	54765838	54766279	LTR/ERVL-MaLR	2329	-	220	54766058	90304
chr19	56466025	56666025	harbor2	chr19	56520863	56521219	LTR/ERVL-MaLR	2479	-	178	56521041	55016
chr19	56466025	56666025	harbor2	chr19	56547051	56547445	LTR/ERVL-MaLR	2293	-	197	56547248	81223
chr19	56466025	56666025	harbor2	chr19	56562169	56562701	LTR/ERVL-MaLR	2282	-	266	56562435	96410
chr19	56466025	56666025	harbor2	chr19	56562720	56563128	LTR/ERVL-MaLR	1645	-	204	56562924	96899
chr19	56466025	56666025	harbor2	chr19	56563270	56564002	LTR/ERVL-MaLR	2290	-	366	56563636	97611
chr19	34803208	35003208	harbor2	chr19	34867861	34868277	LTR/ERVL-MaLR	2379	-	208	34868069	64861
chr19	34803208	35003208	harbor2	chr19	34885099	34885465	LTR/ERVL-MaLR	2493	-	183	34885282	82074
chr19	53462614	53662614	harbor2	chr19	53499183	53499519	LTR/ERVL-MaLR	740	-	168	53499351	36737
chr19	53462614	53662614	harbor2	chr19	53509763	53510114	LTR/ERVL-MaLR	1494	-	176	53509939	47325
chr19	53462614	53662614	harbor2	chr19	53529936	53530309	LTR/ERVL-MaLR	1532	-	186	53530122	67508
chr19	53462614	53662614	harbor2	chr19	53534134	53534294	LTR/ERVL-MaLR	1326	-	80	53534214	71600
chr19	53462614	53662614	harbor2	chr19	53534586	53534862	LTR/ERVL-MaLR	1326	-	138	53534724	72110
chr19	53462614	53662614	harbor2	chr19	53540174	53540433	LTR/ERVL-MaLR	745	-	130	53540304	77690
chr19	53462614	53662614	harbor2	chr19	53540736	53541076	LTR/ERVL-MaLR	854	-	170	53540906	78292
chr19	53462614	53662614	harbor2	chr19	53556418	53556493	LTR/ERVL-MaLR	1270	-	38	53556456	93842
chr19	53462614	53662614	harbor2	chr19	53557258	53557547	LTR/ERVL-MaLR	1270	-	144	53557402	94788
chr19	53462614	53662614	harbor2	chr19	53560512	53560966	LTR/ERVL-MaLR	1327	-	227	53560739	98125
chr19	33423733	33623733	harbor2	chr19	33424669	33424944	LTR/ERVL-MaLR	1413	-	138	33424807	1074
chr19	33423733	33623733	harbor2	chr19	33508412	33508864	LTR/ERVL-MaLR	803	-	226	33508638	84905
chr19	50314010	50514010	harbor2	chr19	50355899	50356315	LTR/ERVL-MaLR	1665	-	208	50356107	42097
chr19	50314010	50514010	harbor2	chr19	50404013	50404264	LTR/ERVL-MaLR	1541	-	126	50404139	90129
chr19	50314010	50514010	harbor2	chr19	50405211	50405377	LTR/ERVL-MaLR	1541	-	83	50405294	91284
chr19	48474969	48674969	harbor2	chr19	48527139	48527321	LTR/ERVL-MaLR	1044	-	91	48527230	52261
chr19	48474969	48674969	harbor2	chr19	48527617	48527897	LTR/ERVL-MaLR	1044	-	140	48527757	52788
chr19	48474969	48674969	harbor2	chr19	48528708	48528749	LTR/ERVL-MaLR	1710	-	20	48528728	53759
chr19	48474969	48674969	harbor2	chr19	48529052	48529488	LTR/ERVL-MaLR	1710	-	218	48529270	54301
chr19	41311424	41511424	harbor2	chr19	41312531	41312764	LTR/ERVL-MaLR	911	-	116	41312647	1223
chr19	41311424	41511424	harbor2	chr19	41358270	41358538	LTR/ERVL-MaLR	1249	-	134	41358404	46980
chr19	41311424	41511424	harbor2	chr19	41380194	41380492	LTR/ERVL-MaLR	1057	-	149	41380343	68919
chr19	41311424	41511424	harbor2	chr19	41401916	41402281	LTR/ERVL-MaLR	2697	-	182	41402098	90674
chr19	40118595	40318595	harbor2	chr19	40137196	40137573	LTR/ERVL-MaLR	2042	-	188	40137384	18789
chr19	40118595	40318595	harbor2	chr19	40145609	40145801	LTR/ERVL-MaLR	1668	-	96	40145705	27110
chr19	40118595	40318595	harbor2	chr19	40146054	40146299	LTR/ERVL-MaLR	1668	-	122	40146176	27581
chr19	40118595	40318595	harbor2	chr19	40167789	40167857	LTR/ERVL-MaLR	1643	-	34	40167823	49228
chr19	40118595	40318595	harbor2	chr19	40168787	40169086	LTR/ERVL-MaLR	1643	-	150	40168937	50342
chr19	40118595	40318595	harbor2	chr19	40171249	40171493	LTR/ERVL-MaLR	2146	-	122	40171371	52776
chr19	40118595	40318595	harbor2	chr19	40171781	40171959	LTR/ERVL-MaLR	2146	-	89	40171870	53275
chr19	40118595	40318595	harbor2	chr19	40174390	40174458	LTR/ERVL-MaLR	1371	-	34	40174424	55829
chr19	40118595	40318595	harbor2	chr19	40174770	40174997	LTR/ERVL-MaLR	1371	-	114	40174884	56289
chr19	40118595	40318595	harbor2	chr19	40183225	40183379	LTR/ERVL-MaLR	994	-	77	40183302	64707
chr19	40118595	40318595	harbor2	chr19	40185702	40185957	LTR/ERVL-MaLR	2057	-	128	40185830	67235
chr19	40118595	40318595	harbor2	chr19	40186008	40186028	LTR/ERVL-MaLR	2057	-	10	40186018	67423
chr19	40118595	40318595	harbor2	chr19	40186162	40186341	LTR/ERVL-MaLR	2057	-	90	40186252	67657
chr19	40118595	40318595	harbor2	chr19	40196989	40197313	LTR/ERVL-MaLR	772	-	162	40197151	78556
chr19	40118595	40318595	harbor2	chr19	40197626	40197714	LTR/ERVL-MaLR	772	-	44	40197670	79075
chr19	48834879	49034879	harbor2	chr19	48908972	48909234	LTR/ERVL-MaLR	1670	-	131	48909103	74224
chr19	48834879	49034879	harbor2	chr19	48909842	48910018	LTR/ERVL-MaLR	1670	-	88	48909930	75051
chr19	46550734	46750734	harbor2	chr19	46558352	46558557	LTR/ERVL-MaLR	1219	-	102	46558454	7720
chr19	46550734	46750734	harbor2	chr19	46559859	46560026	LTR/ERVL-MaLR	1321	-	84	46559943	9209
chr19	46550734	46750734	harbor2	chr19	46566357	46566396	LTR/ERVL-MaLR	1707	-	20	46566377	15643
chr19	46550734	46750734	harbor2	chr19	46566699	46567072	LTR/ERVL-MaLR	1707	-	186	46566885	16151
chr19	46550734	46750734	harbor2	chr19	46568082	46568568	LTR/ERVL-MaLR	1730	-	243	46568325	17591
chr19	46550734	46750734	harbor2	chr19	46574476	46574628	LTR/ERVL-MaLR	710	-	76	46574552	23818
chr19	46550734	46750734	harbor2	chr19	46575801	46576001	LTR/ERVL-MaLR	1117	-	100	46575901	25167
chr19	46550734	46750734	harbor2	chr19	46576316	46576484	LTR/ERVL-MaLR	1117	-	84	46576400	25666
chr19	46550734	46750734	harbor2	chr19	46581269	46581564	LTR/ERVL-MaLR	1376	-	148	46581417	30683
chr19	46550734	46750734	harbor2	chr19	46581698	46581878	LTR/ERVL-MaLR	1376	-	90	46581788	31054
chr19	46550734	46750734	harbor2	chr19	46599753	46599902	LTR/ERVL-MaLR	1017	-	74	46599827	49093
chr19	47647389	47847389	harbor2	chr19	47660029	47660501	LTR/ERVL-MaLR	967	-	236	47660265	12876
chr19	47647389	47847389	harbor2	chr19	47662156	47662393	LTR/ERVL-MaLR	1066	-	118	47662274	14885
chr19	47647389	47847389	harbor2	chr19	47662682	47662839	LTR/ERVL-MaLR	1066	-	78	47662760	15371
chr19	47647389	47847389	harbor2	chr19	47674474	47674980	LTR/ERVL-MaLR	2371	-	253	47674727	27338
chr19	47647389	47847389	harbor2	chr19	47690956	47691419	LTR/ERVL-MaLR	1251	-	232	47691188	43799
chr19	47647389	47847389	harbor2	chr19	47704808	47705167	LTR/ERVL-MaLR	1118	-	180	47704988	57599
chr19	47647389	47847389	harbor2	chr19	47705473	47705585	LTR/ERVL-MaLR	1118	-	56	47705529	58140
chr19	47647389	47847389	harbor2	chr19	47736699	47736949	LTR/ERVL-MaLR	803	-	125	47736824	89435
chr19	47647389	47847389	harbor2	chr19	47737258	47737298	LTR/ERVL-MaLR	803	-	20	47737278	89889
chr19	47562041	47762041	harbor2	chr19	47587262	47587612	LTR/ERVL-MaLR	1081	-	175	47587437	25396
chr19	47562041	47762041	harbor2	chr19	47660029	47660501	LTR/ERVL-MaLR	967	-	236	47660265	98224
chr19	58493648	58693648	harbor2	chr19	58533240	58533395	LTR/ERVL-MaLR	766	-	78	58533318	39670
chr19	50102044	50302044	harbor2	chr19	50165092	50165284	LTR/ERVL-MaLR	692	-	96	50165188	63144
chr19	50102044	50302044	harbor2	chr19	50175829	50176131	LTR/ERVL-MaLR	757	-	151	50175980	73936
chr19	50102044	50302044	harbor2	chr19	50185915	50186027	LTR/ERVL-MaLR	703	-	56	50185971	83927
chr19	50860417	51060417	harbor2	chr19	50919192	50919695	LTR/ERVL-MaLR	2153	-	252	50919444	59027
chr19	50860417	51060417	harbor2	chr19	50927788	50928210	LTR/ERVL-MaLR	1596	-	211	50927999	67582
chr19	50860417	51060417	harbor2	chr19	50941518	50941757	LTR/ERVL-MaLR	1177	-	120	50941638	81221
chr19	50860417	51060417	harbor2	chr19	50942052	50942297	LTR/ERVL-MaLR	1035	-	122	50942174	81757
chr19	56507974	56707974	harbor2	chr19	56520863	56521219	LTR/ERVL-MaLR	2479	-	178	56521041	13067
chr19	56507974	56707974	harbor2	chr19	56547051	56547445	LTR/ERVL-MaLR	2293	-	197	56547248	39274
chr19	56507974	56707974	harbor2	chr19	56562169	56562701	LTR/ERVL-MaLR	2282	-	266	56562435	54461
chr19	56507974	56707974	harbor2	chr19	56562720	56563128	LTR/ERVL-MaLR	1645	-	204	56562924	54950
chr19	56507974	56707974	harbor2	chr19	56563270	56564002	LTR/ERVL-MaLR	2290	-	366	56563636	55662
chr19	56507974	56707974	harbor2	chr19	56566304	56566679	LTR/ERVL-MaLR	1391	-	188	56566492	58518
chr19	56507974	56707974	harbor2	chr19	56586766	56587118	LTR/ERVL-MaLR	2736	-	176	56586942	78968
chr19	56507974	56707974	harbor2	chr19	56607731	56608106	LTR/ERVL-MaLR	1101	-	188	56607919	99945
chr19	56507974	56707974	harbor2	chr19	56606446	56606970	LTR/ERVL-MaLR	836	-	262	56606708	98734
chr19	58450084	58650084	harbor2	chr19	58458583	58458809	LTR/ERVL-MaLR	2206	-	113	58458696	8612
chr19	58450084	58650084	harbor2	chr19	58459416	58459522	LTR/ERVL-MaLR	2206	-	53	58459469	9385
chr19	58450084	58650084	harbor2	chr19	58459920	58460016	LTR/ERVL-MaLR	2206	-	48	58459968	9884
chr19	58450084	58650084	harbor2	chr19	58481666	58481777	LTR/ERVL-MaLR	1127	-	56	58481722	31638
chr19	58450084	58650084	harbor2	chr19	58482094	58482428	LTR/ERVL-MaLR	1127	-	167	58482261	32177
chr19	58450084	58650084	harbor2	chr19	58533240	58533395	LTR/ERVL-MaLR	766	-	78	58533318	83234
chr19	54728690	54928690	harbor2	chr19	54731523	54732086	LTR/ERVL-MaLR	1016	-	282	54731805	3115
chr19	54728690	54928690	harbor2	chr19	54734624	54735064	LTR/ERVL-MaLR	2293	-	220	54734844	6154
chr19	54728690	54928690	harbor2	chr19	54747919	54748476	LTR/ERVL-MaLR	1303	-	278	54748197	19507
chr19	54728690	54928690	harbor2	chr19	54751010	54751451	LTR/ERVL-MaLR	2315	-	220	54751230	22540
chr19	54728690	54928690	harbor2	chr19	54765838	54766279	LTR/ERVL-MaLR	2329	-	220	54766058	37368
chr19	54728690	54928690	harbor2	chr19	54779196	54779753	LTR/ERVL-MaLR	1467	-	278	54779474	50784
chr19	54728690	54928690	harbor2	chr19	54782283	54782724	LTR/ERVL-MaLR	2291	-	220	54782503	53813
chr19	54728690	54928690	harbor2	chr19	54809416	54809977	LTR/ERVL-MaLR	1507	-	280	54809696	81006
chr19	54728690	54928690	harbor2	chr19	54812490	54812927	LTR/ERVL-MaLR	2106	-	218	54812708	84018
chr19	54728690	54928690	harbor2	chr19	54825611	54826167	LTR/ERVL-MaLR	1326	-	278	54825889	97199
chr19	19982020	20182020	harbor2	chr19	19998466	19998789	LTR/ERVL-MaLR	863	-	162	19998628	16608
chr19	19982020	20182020	harbor2	chr19	20001584	20001903	LTR/ERVL-MaLR	1395	-	160	20001744	19724
chr19	19982020	20182020	harbor2	chr19	20049108	20049438	LTR/ERVL-MaLR	1467	-	165	20049273	67253
chr19	19982020	20182020	harbor2	chr19	20050508	20050879	LTR/ERVL-MaLR	2516	-	186	20050694	68674
chr19	49552509	49752509	harbor2	chr19	49574530	49574721	LTR/ERVL-MaLR	1270	-	96	49574626	22117
chr19	49552509	49752509	harbor2	chr19	49575299	49575446	LTR/ERVL-MaLR	1270	-	74	49575373	22864
chr19	32309562	32509562	harbor2	chr19	32330821	32331002	LTR/ERVL-MaLR	1975	-	90	32330911	21349
chr19	32309562	32509562	harbor2	chr19	32331299	32331321	LTR/ERVL-MaLR	1975	-	11	32331310	21748
chr19	32309562	32509562	harbor2	chr19	32331625	32331791	LTR/ERVL-MaLR	1975	-	83	32331708	22146
chr19	32309562	32509562	harbor2	chr19	32342622	32342655	LTR/ERVL-MaLR	683	-	16	32342638	33076
chr19	32309562	32509562	harbor2	chr19	32343531	32343871	LTR/ERVL-MaLR	683	-	170	32343701	34139
chr19	32309562	32509562	harbor2	chr19	32366992	32367377	LTR/ERVL-MaLR	2025	-	192	32367184	57622
chr19	32309562	32509562	harbor2	chr19	32368135	32368526	LTR/ERVL-MaLR	1142	-	196	32368331	58769
chr19	32309562	32509562	harbor2	chr19	32372475	32372867	LTR/ERVL-MaLR	2026	-	196	32372671	63109
chr19	32309562	32509562	harbor2	chr19	32372880	32373245	LTR/ERVL-MaLR	2151	-	182	32373062	63500
chr19	32309562	32509562	harbor2	chr19	32373247	32373383	LTR/ERVL-MaLR	694	-	68	32373315	63753
chr19	32309562	32509562	harbor2	chr19	32400676	32401203	LTR/ERVL-MaLR	1569	-	264	32400940	91378
chr19	32309562	32509562	harbor2	chr19	32403085	32403439	LTR/ERVL-MaLR	2204	-	177	32403262	93700
chr19	58058842	58258842	harbor2	chr19	58062036	58062353	LTR/ERVL-MaLR	1840	-	158	58062194	3352
chr19	58058842	58258842	harbor2	chr19	58062980	58063027	LTR/ERVL-MaLR	1840	-	24	58063004	4162
chr19	58058842	58258842	harbor2	chr19	58064279	58064319	LTR/ERVL-MaLR	1656	-	20	58064299	5457
chr19	58058842	58258842	harbor2	chr19	58065040	58065183	LTR/ERVL-MaLR	1656	-	72	58065112	6270
chr19	58058842	58258842	harbor2	chr19	58065495	58065802	LTR/ERVL-MaLR	1656	-	154	58065649	6807
chr19	58058842	58258842	harbor2	chr19	58079386	58079617	LTR/ERVL-MaLR	1249	-	116	58079502	20660
chr19	58058842	58258842	harbor2	chr19	58079905	58079915	LTR/ERVL-MaLR	1249	-	5	58079910	21068
chr19	58058842	58258842	harbor2	chr19	58080200	58080355	LTR/ERVL-MaLR	1249	-	78	58080278	21436
chr19	58058842	58258842	harbor2	chr19	58122714	58122898	LTR/ERVL-MaLR	996	-	92	58122806	63964
chr19	58058842	58258842	harbor2	chr19	58122899	58124489	LTR/ERVL-MaLR	10508	-	795	58123694	64852
chr19	58058842	58258842	harbor2	chr19	58124490	58124862	LTR/ERVL-MaLR	1931	-	186	58124676	65834
chr19	58058842	58258842	harbor2	chr19	58139356	58139715	LTR/ERVL-MaLR	1764	-	180	58139536	80694
chr19	44510056	44710056	harbor2	chr19	44534728	44535146	LTR/ERVL-MaLR	2349	-	209	44534937	24881
chr19	44510056	44710056	harbor2	chr19	44535302	44535427	LTR/ERVL-MaLR	2349	-	62	44535364	25308
chr19	44510056	44710056	harbor2	chr19	44535428	44535770	LTR/ERVL-MaLR	2092	-	171	44535599	25543
chr19	44510056	44710056	harbor2	chr19	44535771	44535830	LTR/ERVL-MaLR	2349	-	30	44535801	25745
chr19	44510056	44710056	harbor2	chr19	44574274	44574506	LTR/ERVL-MaLR	1009	-	116	44574390	64334
chr19	44510056	44710056	harbor2	chr19	44598359	44598799	LTR/ERVL-MaLR	1607	-	220	44598579	88523
chr19	44510056	44710056	harbor2	chr19	44605327	44605582	LTR/ERVL-MaLR	725	-	128	44605455	95399
chr19	39936859	40136859	harbor2	chr19	40030094	40030510	LTR/ERVL-MaLR	2716	-	208	40030302	93443
chr19	56646331	56846331	harbor2	chr19	56675766	56675986	LTR/ERVL-MaLR	1876	-	110	56675876	29545
chr19	56646331	56846331	harbor2	chr19	56676013	56676028	LTR/ERVL-MaLR	1876	-	8	56676021	29690
chr19	56646331	56846331	harbor2	chr19	56676351	56676501	LTR/ERVL-MaLR	1876	-	75	56676426	30095
chr19	56646331	56846331	harbor2	chr19	56677259	56677343	LTR/ERVL-MaLR	1606	-	42	56677301	30970
chr19	56646331	56846331	harbor2	chr19	56677461	56677757	LTR/ERVL-MaLR	1606	-	148	56677609	31278
chr19	56646331	56846331	harbor2	chr19	56678220	56678559	LTR/ERVL-MaLR	743	-	170	56678390	32059
chr19	56646331	56846331	harbor2	chr19	56687496	56687912	LTR/ERVL-MaLR	1144	-	208	56687704	41373
chr19	56646331	56846331	harbor2	chr19	56694280	56694615	LTR/ERVL-MaLR	1263	-	168	56694448	48117
chr19	29189878	29389878	harbor2	chr19	29216293	29216655	LTR/ERVL-MaLR	1858	-	181	29216474	26596
chr19	29189878	29389878	harbor2	chr19	29244738	29245100	LTR/ERVL-MaLR	663	-	181	29244919	55041
chr19	29189878	29389878	harbor2	chr19	29270783	29271466	LTR/ERVL-MaLR	1910	-	342	29271125	81247
chr19	45504743	45704743	harbor2	chr19	45538863	45539214	LTR/ERVL-MaLR	2176	-	176	45539039	34296
chr19	45504743	45704743	harbor2	chr19	45575545	45575609	LTR/ERVL-MaLR	2397	-	32	45575577	70834
chr19	45504743	45704743	harbor2	chr19	45575906	45575951	LTR/ERVL-MaLR	2397	-	22	45575928	71185
chr19	45504743	45704743	harbor2	chr19	45576558	45576946	LTR/ERVL-MaLR	2397	-	194	45576752	72009
chr19	55197556	55397556	harbor2	chr19	55214151	55214396	LTR/ERVL-MaLR	2476	-	122	55214273	16717
chr19	55197556	55397556	harbor2	chr19	55214654	55214834	LTR/ERVL-MaLR	2476	-	90	55214744	17188
chr19	55197556	55397556	harbor2	chr19	55217859	55218109	LTR/ERVL-MaLR	1437	-	125	55217984	20428
chr19	55197556	55397556	harbor2	chr19	55219277	55219401	LTR/ERVL-MaLR	712	-	62	55219339	21783
chr19	55197556	55397556	harbor2	chr19	55281215	55281649	LTR/ERVL-MaLR	1993	-	217	55281432	83876
chr19	43168747	43368747	harbor2	chr19	43232726	43233123	LTR/ERVL-MaLR	1671	-	198	43232924	64177
chr19	43168747	43368747	harbor2	chr19	43233146	43233534	LTR/ERVL-MaLR	2373	-	194	43233340	64593
chr19	51213507	51413507	harbor2	chr19	51220296	51220723	LTR/ERVL-MaLR	653	-	214	51220510	7003
chr19	51213507	51413507	harbor2	chr19	51242556	51242918	LTR/ERVL-MaLR	2475	-	181	51242737	29230
chr19	51213507	51413507	harbor2	chr19	51273757	51274383	LTR/ERVL-MaLR	1493	-	313	51274070	60563
chr19	51213507	51413507	harbor2	chr19	51288381	51288744	LTR/ERVL-MaLR	2234	-	182	51288563	75056
chr19	51213507	51413507	harbor2	chr19	51289209	51289240	LTR/ERVL-MaLR	1058	-	16	51289225	75718
chr19	51213507	51413507	harbor2	chr19	51289241	51289602	LTR/ERVL-MaLR	2109	-	180	51289421	75914
chr19	51213507	51413507	harbor2	chr19	51289603	51290043	LTR/ERVL-MaLR	1058	-	220	51289823	76316
chr19	51213507	51413507	harbor2	chr19	51290079	51290146	LTR/ERVL-MaLR	1186	-	34	51290113	76606
chr19	51213507	51413507	harbor2	chr19	51290453	51290613	LTR/ERVL-MaLR	1186	-	80	51290533	77026
chr19	51213507	51413507	harbor2	chr19	51290984	51291212	LTR/ERVL-MaLR	1186	-	114	51291098	77591
chr19	51213507	51413507	harbor2	chr19	51291213	51291477	LTR/ERVL-MaLR	717	-	132	51291345	77838
chr19	51213507	51413507	harbor2	chr19	51294059	51294442	LTR/ERVL-MaLR	1848	-	192	51294251	80744
chr19	51213507	51413507	harbor2	chr19	51297868	51297963	LTR/ERVL-MaLR	626	-	48	51297916	84409
chr19	37967887	38167887	harbor2	chr19	37972904	37973098	LTR/ERVL-MaLR	729	-	97	37973001	5114
chr19	37967887	38167887	harbor2	chr19	38019144	38019589	LTR/ERVL-MaLR	747	-	222	38019366	51479
chr19	37967887	38167887	harbor2	chr19	38024836	38025216	LTR/ERVL-MaLR	851	-	190	38025026	57139
chr19	37967887	38167887	harbor2	chr19	38026020	38026584	LTR/ERVL-MaLR	962	-	282	38026302	58415
chr19	49946024	50146024	harbor2	chr19	50032632	50033105	LTR/ERVL-MaLR	2078	-	236	50032868	86844
chr19	49946024	50146024	harbor2	chr19	50033561	50034029	LTR/ERVL-MaLR	2176	-	234	50033795	87771
chr19	49946024	50146024	harbor2	chr19	50040973	50041234	LTR/ERVL-MaLR	1063	-	130	50041103	95079
chr19	55268124	55468124	harbor2	chr19	55281215	55281649	LTR/ERVL-MaLR	1993	-	217	55281432	13308
chr19	55268124	55468124	harbor2	chr19	55300870	55301078	LTR/ERVL-MaLR	617	-	104	55300974	32850
chr19	55268124	55468124	harbor2	chr19	55309394	55309734	LTR/ERVL-MaLR	1906	-	170	55309564	41440
chr19	55268124	55468124	harbor2	chr19	55310112	55310543	LTR/ERVL-MaLR	1059	-	216	55310328	42204
chr19	55268124	55468124	harbor2	chr19	55331126	55331416	LTR/ERVL-MaLR	1323	-	145	55331271	63147
chr19	55268124	55468124	harbor2	chr19	55331479	55331505	LTR/ERVL-MaLR	1323	-	13	55331492	63368
chr19	55268124	55468124	harbor2	chr19	55331813	55331992	LTR/ERVL-MaLR	1323	-	90	55331903	63779
chr19	55268124	55468124	harbor2	chr19	55332293	55332341	LTR/ERVL-MaLR	1323	-	24	55332317	64193
chr19	48629971	48829971	harbor2	chr19	48649590	48649764	LTR/ERVL-MaLR	866	-	87	48649677	19706
chr19	48629971	48829971	harbor2	chr19	48700242	48700319	LTR/ERVL-MaLR	807	-	38	48700280	70309
chr19	48629971	48829971	harbor2	chr19	48700631	48700996	LTR/ERVL-MaLR	807	-	182	48700813	70842
chr19	48629971	48829971	harbor2	chr19	48704091	48704139	LTR/ERVL-MaLR	838	-	24	48704115	74144
chr19	48629971	48829971	harbor2	chr19	48704452	48704884	LTR/ERVL-MaLR	838	-	216	48704668	74697
chr19	57422868	57622868	harbor2	chr19	57430121	57430475	LTR/ERVL-MaLR	1457	-	177	57430298	7430
chr19	57422868	57622868	harbor2	chr19	57451213	57451437	LTR/ERVL-MaLR	2150	-	112	57451325	28457
chr19	57422868	57622868	harbor2	chr19	57451775	57451967	LTR/ERVL-MaLR	2150	-	96	57451871	29003
chr19	57422868	57622868	harbor2	chr19	57496101	57496337	LTR/ERVL-MaLR	619	-	118	57496219	73351
chr19	57422868	57622868	harbor2	chr19	57509575	57509841	LTR/ERVL-MaLR	999	-	133	57509708	86840
chr19	7859772	8059772	harbor2	chr19	7897667	7897898	LTR/ERVL-MaLR	1005	-	116	7897783	38011
chr19	7859772	8059772	harbor2	chr19	7896951	7897160	LTR/ERVL-MaLR	1005	-	104	7897055	37283
chr19	58495208	58695208	harbor2	chr19	58533240	58533395	LTR/ERVL-MaLR	766	-	78	58533318	38110
chr19	58495208	58695208	harbor2	chr19	58594828	58595271	LTR/ERVL-MaLR	1707	-	222	58595050	99842
chr19	47884816	48084816	harbor2	chr19	47896180	47896432	LTR/ERVL-MaLR	632	-	126	47896306	11490
chr19	47884816	48084816	harbor2	chr19	47967385	47967789	LTR/ERVL-MaLR	2190	-	202	47967587	82771
chr19	39715780	39915780	harbor2	chr19	39772739	39773108	LTR/ERVL-MaLR	1779	-	184	39772923	57143
chr19	39715780	39915780	harbor2	chr19	39796254	39796479	LTR/ERVL-MaLR	853	-	112	39796366	80586
chr19	39715780	39915780	harbor2	chr19	39804012	39804554	LTR/ERVL-MaLR	1571	-	271	39804283	88503
chr19	39715780	39915780	harbor2	chr19	39805214	39805619	LTR/ERVL-MaLR	1314	-	202	39805416	89636
chr19	23250099	23450099	harbor2	chr19	23320361	23320711	LTR/ERVL-MaLR	1969	-	175	23320536	70437
chr19	58513440	58713440	harbor2	chr19	58533240	58533395	LTR/ERVL-MaLR	766	-	78	58533318	19878
chr19	58513440	58713440	harbor2	chr19	58594828	58595271	LTR/ERVL-MaLR	1707	-	222	58595050	81610
chr19	43501707	43701707	harbor2	chr19	43564443	43564506	LTR/ERVL-MaLR	2315	-	32	43564475	62768
chr19	43501707	43701707	harbor2	chr19	43584572	43584834	LTR/ERVL-MaLR	786	-	131	43584703	82996
chr19	43501707	43701707	harbor2	chr19	43585136	43585245	LTR/ERVL-MaLR	786	-	54	43585190	83483
chr19	43501707	43701707	harbor2	chr19	43585540	43585683	LTR/ERVL-MaLR	786	-	72	43585612	83905
chr19	43501707	43701707	harbor2	chr19	43564815	43565255	LTR/ERVL-MaLR	2315	-	220	43565035	63328
chr19	52082945	52282945	harbor2	chr19	52114352	52114774	LTR/ERVL-MaLR	1890	-	211	52114563	31618
chr19	52082945	52282945	harbor2	chr19	52124696	52125116	LTR/ERVL-MaLR	1728	-	210	52124906	41961
chr19	52082945	52282945	harbor2	chr19	52125123	52125784	LTR/ERVL-MaLR	2890	-	330	52125453	42508
chr19	52082945	52282945	harbor2	chr19	52153816	52154043	LTR/ERVL-MaLR	2250	-	114	52153930	70985
chr19	52082945	52282945	harbor2	chr19	52154345	52154379	LTR/ERVL-MaLR	2250	-	17	52154362	71417
chr19	52082945	52282945	harbor2	chr19	52154683	52154860	LTR/ERVL-MaLR	2250	-	88	52154771	71826
chr19	52082945	52282945	harbor2	chr19	52161260	52161680	LTR/ERVL-MaLR	1506	-	210	52161470	78525
chr19	52082945	52282945	harbor2	chr19	52161681	52162488	LTR/ERVL-MaLR	3504	-	404	52162085	79140
chr19	52082945	52282945	harbor2	chr19	52162947	52163492	LTR/ERVL-MaLR	1990	-	272	52163219	80274
chr19	28433510	28633510	harbor2	chr19	28453764	28454036	LTR/ERVL-MaLR	1808	-	136	28453900	20390
chr19	28433510	28633510	harbor2	chr19	28454126	28454327	LTR/ERVL-MaLR	1808	-	100	28454226	20716
chr19	28433510	28633510	harbor2	chr19	28514093	28514420	LTR/ERVL-MaLR	892	-	164	28514257	80747
chr19	23812289	24012289	harbor2	chr19	23816638	23816973	LTR/ERVL-MaLR	2040	-	168	23816806	4517
chr19	16663391	16863391	harbor2	chr19	16675004	16675234	LTR/ERVL-MaLR	1386	-	115	16675119	11728
chr19	16663391	16863391	harbor2	chr19	16675534	16675544	LTR/ERVL-MaLR	1386	-	5	16675539	12148
chr19	16663391	16863391	harbor2	chr19	16675837	16675988	LTR/ERVL-MaLR	1386	-	76	16675913	12522
chr19	16663391	16863391	harbor2	chr19	16686977	16687058	LTR/ERVL-MaLR	1456	-	40	16687017	23626
chr19	16663391	16863391	harbor2	chr19	16687358	16687375	LTR/ERVL-MaLR	1456	-	8	16687366	23975
chr19	16663391	16863391	harbor2	chr19	16687535	16687834	LTR/ERVL-MaLR	1522	-	150	16687685	24294
chr19	16663391	16863391	harbor2	chr19	16695684	16695942	LTR/ERVL-MaLR	1139	-	129	16695813	32422
chr19	16663391	16863391	harbor2	chr19	16696237	16696286	LTR/ERVL-MaLR	1139	-	24	16696261	32870
chr19	16663391	16863391	harbor2	chr19	16696334	16696643	LTR/ERVL-MaLR	1748	-	154	16696488	33097
chr19	16663391	16863391	harbor2	chr19	16710237	16710391	LTR/ERVL-MaLR	1693	-	77	16710314	46923
chr19	16663391	16863391	harbor2	chr19	16710694	16710984	LTR/ERVL-MaLR	1693	-	145	16710839	47448
chr19	16663391	16863391	harbor2	chr19	16744985	16745357	LTR/ERVL-MaLR	2410	-	186	16745171	81780
chr19	54396937	54596937	harbor2	chr19	54398798	54399240	LTR/ERVL-MaLR	1066	-	221	54399019	2082
chr19	48260879	48460879	harbor2	chr19	48262853	48263217	LTR/ERVL-MaLR	1868	-	182	48263035	2156
chr19	48260879	48460879	harbor2	chr19	48281211	48281506	LTR/ERVL-MaLR	1897	-	148	48281359	20480
chr19	48260879	48460879	harbor2	chr19	48281825	48281892	LTR/ERVL-MaLR	1897	-	34	48281859	20980
chr19	48260879	48460879	harbor2	chr19	48282198	48282332	LTR/ERVL-MaLR	1897	-	67	48282265	21386
chr19	54317216	54517216	harbor2	chr19	54327312	54327669	LTR/ERVL-MaLR	2004	-	178	54327490	10274
chr19	54317216	54517216	harbor2	chr19	54341705	54342059	LTR/ERVL-MaLR	1860	-	177	54341882	24666
chr19	54317216	54517216	harbor2	chr19	54398798	54399240	LTR/ERVL-MaLR	1066	-	221	54399019	81803
chr19	37524861	37724861	harbor2	chr19	37543392	37543566	LTR/ERVL-MaLR	620	-	87	37543479	18618
chr19	30039458	30239458	harbor2	chr19	30065802	30066164	LTR/ERVL-MaLR	1082	-	181	30065983	26525
chr19	30039458	30239458	harbor2	chr19	30081116	30081504	LTR/ERVL-MaLR	1844	-	194	30081310	41852
chr19	30039458	30239458	harbor2	chr19	30101736	30102158	LTR/ERVL-MaLR	2747	-	211	30101947	62489
chr19	57352922	57552922	harbor2	chr19	57353861	57353971	LTR/ERVL-MaLR	1509	-	55	57353916	994
chr19	57352922	57552922	harbor2	chr19	57354306	57354754	LTR/ERVL-MaLR	1509	-	224	57354530	1608
chr19	57352922	57552922	harbor2	chr19	57369815	57369896	LTR/ERVL-MaLR	772	-	40	57369855	16933
chr19	57352922	57552922	harbor2	chr19	57370191	57370251	LTR/ERVL-MaLR	772	-	30	57370221	17299
chr19	57352922	57552922	harbor2	chr19	57373049	57373423	LTR/ERVL-MaLR	2219	-	187	57373236	20314
chr19	57352922	57552922	harbor2	chr19	57373424	57375026	LTR/ERVL-MaLR	9944	-	801	57374225	21303
chr19	57352922	57552922	harbor2	chr19	57375029	57375068	LTR/ERVL-MaLR	2085	-	20	57375049	22127
chr19	57352922	57552922	harbor2	chr19	57375353	57375368	LTR/ERVL-MaLR	2085	-	8	57375361	22439
chr19	57352922	57552922	harbor2	chr19	57375688	57375880	LTR/ERVL-MaLR	2085	-	96	57375784	22862
chr19	57352922	57552922	harbor2	chr19	57376180	57376338	LTR/ERVL-MaLR	2085	-	79	57376259	23337
chr19	57352922	57552922	harbor2	chr19	57395376	57395758	LTR/ERVL-MaLR	1927	-	191	57395567	42645
chr19	57352922	57552922	harbor2	chr19	57430121	57430475	LTR/ERVL-MaLR	1457	-	177	57430298	77376
chr19	57352922	57552922	harbor2	chr19	57451213	57451437	LTR/ERVL-MaLR	2150	-	112	57451325	98403
chr19	57352922	57552922	harbor2	chr19	57451775	57451967	LTR/ERVL-MaLR	2150	-	96	57451871	98949
chr19	47001383	47201383	harbor2	chr19	47015755	47015886	LTR/ERVL-MaLR	755	-	66	47015821	14438
chr19	47001383	47201383	harbor2	chr19	47016196	47016224	LTR/ERVL-MaLR	755	-	14	47016210	14827
chr19	54045457	54245457	harbor2	chr19	54084470	54084839	LTR/ERVL-MaLR	1100	-	184	54084654	39197
chr19	54045457	54245457	harbor2	chr19	54085159	54085319	LTR/ERVL-MaLR	1100	-	80	54085239	39782
chr19	54045457	54245457	harbor2	chr19	54122075	54122456	LTR/ERVL-MaLR	829	-	190	54122265	76808
chr19	54045457	54245457	harbor2	chr19	54126788	54126848	LTR/ERVL-MaLR	1447	-	30	54126818	81361
chr19	54045457	54245457	harbor2	chr19	54127137	54127552	LTR/ERVL-MaLR	1447	-	208	54127345	81888
chr19	43436508	43636508	harbor2	chr19	43442952	43443005	LTR/ERVL-MaLR	1979	-	26	43442978	6470
chr19	43436508	43636508	harbor2	chr19	43443300	43443609	LTR/ERVL-MaLR	1979	-	154	43443454	6946
chr19	39833667	40033667	harbor2	chr19	39852854	39853244	LTR/ERVL-MaLR	1594	-	195	39853049	19382
chr19	39833667	40033667	harbor2	chr19	39855847	39856096	LTR/ERVL-MaLR	710	-	124	39855971	22304
chr19	39833667	40033667	harbor2	chr19	39856337	39856513	LTR/ERVL-MaLR	753	-	88	39856425	22758
chr19	15906386	16106386	harbor2	chr19	15960401	15960765	LTR/ERVL-MaLR	1637	-	182	15960583	54197
chr19	34972912	35172912	harbor2	chr19	34973115	34973285	LTR/ERVL-MaLR	928	-	85	34973200	288
chr19	34972912	35172912	harbor2	chr19	35018297	35018537	LTR/ERVL-MaLR	1111	-	120	35018417	45505
chr19	34972912	35172912	harbor2	chr19	35070144	35070311	LTR/ERVL-MaLR	1152	-	84	35070228	97316
chr19	34972912	35172912	harbor2	chr19	35070572	35070900	LTR/ERVL-MaLR	1152	-	164	35070736	97824
chr19	52433554	52633554	harbor2	chr19	52446506	52446575	LTR/ERVL-MaLR	1054	-	34	52446540	12986
chr19	52433554	52633554	harbor2	chr19	52446859	52447299	LTR/ERVL-MaLR	1054	-	220	52447079	13525
chr19	52433554	52633554	harbor2	chr19	52507565	52507766	LTR/ERVL-MaLR	677	-	100	52507665	74111
chr19	46411587	46611587	harbor2	chr19	46474375	46474598	LTR/ERVL-MaLR	1056	-	112	46474487	62900
chr19	37999378	38199378	harbor2	chr19	38019144	38019589	LTR/ERVL-MaLR	747	-	222	38019366	19988
chr19	37999378	38199378	harbor2	chr19	38024836	38025216	LTR/ERVL-MaLR	851	-	190	38025026	25648
chr19	37999378	38199378	harbor2	chr19	38026020	38026584	LTR/ERVL-MaLR	962	-	282	38026302	26924
chr19	37999378	38199378	harbor2	chr19	38089747	38089992	LTR/ERVL-MaLR	725	-	122	38089869	90491
chr19	55924396	56124396	harbor2	chr19	55978356	55978619	LTR/ERVL-MaLR	1423	-	132	55978488	54092
chr19	55924396	56124396	harbor2	chr19	55980359	55980867	LTR/ERVL-MaLR	1142	-	254	55980613	56217
chr19	57531509	57731509	harbor2	chr19	57586741	57586899	LTR/ERVL-MaLR	1103	-	79	57586820	55311
chr19	57531509	57731509	harbor2	chr19	57586900	57587255	LTR/ERVL-MaLR	2319	-	178	57587078	55569
chr19	57531509	57731509	harbor2	chr19	57601669	57602041	LTR/ERVL-MaLR	1866	-	186	57601855	70346
chr19	57531509	57731509	harbor2	chr19	57602052	57602419	LTR/ERVL-MaLR	1155	-	184	57602236	70727
chr19	57531509	57731509	harbor2	chr19	57602692	57602895	LTR/ERVL-MaLR	2377	-	102	57602794	71285
chr19	57531509	57731509	harbor2	chr19	57603189	57603358	LTR/ERVL-MaLR	2377	-	84	57603273	71764
chr19	56501095	56701095	harbor2	chr19	56520863	56521219	LTR/ERVL-MaLR	2479	-	178	56521041	19946
chr19	56501095	56701095	harbor2	chr19	56547051	56547445	LTR/ERVL-MaLR	2293	-	197	56547248	46153
chr19	56501095	56701095	harbor2	chr19	56562169	56562701	LTR/ERVL-MaLR	2282	-	266	56562435	61340
chr19	56501095	56701095	harbor2	chr19	56562720	56563128	LTR/ERVL-MaLR	1645	-	204	56562924	61829
chr19	56501095	56701095	harbor2	chr19	56563270	56564002	LTR/ERVL-MaLR	2290	-	366	56563636	62541
chr19	56501095	56701095	harbor2	chr19	56566304	56566679	LTR/ERVL-MaLR	1391	-	188	56566492	65397
chr19	56501095	56701095	harbor2	chr19	56586766	56587118	LTR/ERVL-MaLR	2736	-	176	56586942	85847
chr19	51143064	51343064	harbor2	chr19	51151971	51152440	LTR/ERVL-MaLR	2138	-	234	51152205	9141
chr19	51143064	51343064	harbor2	chr19	51183050	51183251	LTR/ERVL-MaLR	868	-	100	51183150	40086
chr19	51143064	51343064	harbor2	chr19	51208199	51208262	LTR/ERVL-MaLR	1380	-	32	51208231	65167
chr19	51143064	51343064	harbor2	chr19	51208540	51208851	LTR/ERVL-MaLR	1380	-	156	51208696	65632
chr19	51143064	51343064	harbor2	chr19	51220296	51220723	LTR/ERVL-MaLR	653	-	214	51220510	77446
chr19	51143064	51343064	harbor2	chr19	51242556	51242918	LTR/ERVL-MaLR	2475	-	181	51242737	99673
chr19	33931450	34131450	harbor2	chr19	33940830	33941226	LTR/ERVL-MaLR	2267	-	198	33941028	9578
chr19	33931450	34131450	harbor2	chr19	33942028	33942393	LTR/ERVL-MaLR	1457	-	182	33942210	10760
chr19	33931450	34131450	harbor2	chr19	33942981	33943068	LTR/ERVL-MaLR	1457	-	44	33943025	11575
chr19	33931450	34131450	harbor2	chr19	33955089	33955450	LTR/ERVL-MaLR	2360	-	180	33955269	23819
chr19	33931450	34131450	harbor2	chr19	33957174	33957449	LTR/ERVL-MaLR	1732	-	138	33957312	25862
chr19	33931450	34131450	harbor2	chr19	33957764	33957935	LTR/ERVL-MaLR	1732	-	86	33957850	26400
chr19	33931450	34131450	harbor2	chr19	33974866	33975382	LTR/ERVL-MaLR	2105	-	258	33975124	43674
chr19	33931450	34131450	harbor2	chr19	33994465	33994821	LTR/ERVL-MaLR	2289	-	178	33994643	63193
chr19	33931450	34131450	harbor2	chr19	34008339	34008709	LTR/ERVL-MaLR	1827	-	185	34008524	77074
chr19	53517981	53717981	harbor2	chr19	53529936	53530309	LTR/ERVL-MaLR	1532	-	186	53530122	12141
chr19	53517981	53717981	harbor2	chr19	53534134	53534294	LTR/ERVL-MaLR	1326	-	80	53534214	16233
chr19	53517981	53717981	harbor2	chr19	53534586	53534862	LTR/ERVL-MaLR	1326	-	138	53534724	16743
chr19	53517981	53717981	harbor2	chr19	53540174	53540433	LTR/ERVL-MaLR	745	-	130	53540304	22323
chr19	53517981	53717981	harbor2	chr19	53540736	53541076	LTR/ERVL-MaLR	854	-	170	53540906	22925
chr19	53517981	53717981	harbor2	chr19	53556418	53556493	LTR/ERVL-MaLR	1270	-	38	53556456	38475
chr19	53517981	53717981	harbor2	chr19	53557258	53557547	LTR/ERVL-MaLR	1270	-	144	53557402	39421
chr19	53517981	53717981	harbor2	chr19	53560512	53560966	LTR/ERVL-MaLR	1327	-	227	53560739	42758
chr19	33064635	33264635	harbor2	chr19	33157792	33158056	LTR/ERVL-MaLR	959	-	132	33157924	93289
chr19	48568672	48768672	harbor2	chr19	48586248	48586666	LTR/ERVL-MaLR	1132	-	209	48586457	17785
chr19	48568672	48768672	harbor2	chr19	48597947	48598149	LTR/ERVL-MaLR	1092	-	101	48598048	29376
chr19	48568672	48768672	harbor2	chr19	48649590	48649764	LTR/ERVL-MaLR	866	-	87	48649677	81005
chr19	31888380	32088380	harbor2	chr19	31898002	31898350	LTR/ERVL-MaLR	1874	-	174	31898176	9796
chr19	31888380	32088380	harbor2	chr19	31930928	31931277	LTR/ERVL-MaLR	2107	-	174	31931102	42722
chr19	31888380	32088380	harbor2	chr19	31976083	31976487	LTR/ERVL-MaLR	2150	-	202	31976285	87905
chr19	46399734	46599734	harbor2	chr19	46474375	46474598	LTR/ERVL-MaLR	1056	-	112	46474487	74753
chr19	55784381	55984381	harbor2	chr19	55844010	55844278	LTR/ERVL-MaLR	1512	-	134	55844144	59763
chr19	55784381	55984381	harbor2	chr19	55844576	55844702	LTR/ERVL-MaLR	1512	-	63	55844639	60258
chr19	55784381	55984381	harbor2	chr19	55863281	55863667	LTR/ERVL-MaLR	1927	-	193	55863474	79093
chr19	55784381	55984381	harbor2	chr19	55877550	55877951	LTR/ERVL-MaLR	1841	-	200	55877750	93369
chr19	41342200	41542200	harbor2	chr19	41358270	41358538	LTR/ERVL-MaLR	1249	-	134	41358404	16204
chr19	41342200	41542200	harbor2	chr19	41380194	41380492	LTR/ERVL-MaLR	1057	-	149	41380343	38143
chr19	41342200	41542200	harbor2	chr19	41401916	41402281	LTR/ERVL-MaLR	2697	-	182	41402098	59898
chr19	54727049	54927049	harbor2	chr19	54731523	54732086	LTR/ERVL-MaLR	1016	-	282	54731805	4756
chr19	54727049	54927049	harbor2	chr19	54734624	54735064	LTR/ERVL-MaLR	2293	-	220	54734844	7795
chr19	54727049	54927049	harbor2	chr19	54747919	54748476	LTR/ERVL-MaLR	1303	-	278	54748197	21148
chr19	54727049	54927049	harbor2	chr19	54751010	54751451	LTR/ERVL-MaLR	2315	-	220	54751230	24181
chr19	54727049	54927049	harbor2	chr19	54765838	54766279	LTR/ERVL-MaLR	2329	-	220	54766058	39009
chr19	54727049	54927049	harbor2	chr19	54779196	54779753	LTR/ERVL-MaLR	1467	-	278	54779474	52425
chr19	54727049	54927049	harbor2	chr19	54782283	54782724	LTR/ERVL-MaLR	2291	-	220	54782503	55454
chr19	54727049	54927049	harbor2	chr19	54809416	54809977	LTR/ERVL-MaLR	1507	-	280	54809696	82647
chr19	54727049	54927049	harbor2	chr19	54812490	54812927	LTR/ERVL-MaLR	2106	-	218	54812708	85659
chr19	54727049	54927049	harbor2	chr19	54825611	54826167	LTR/ERVL-MaLR	1326	-	278	54825889	98840
chr19	2549699	2749699	harbor2	chr19	2577133	2577523	LTR/ERVL-MaLR	1325	-	195	2577328	27629
chr19	2549699	2749699	harbor2	chr19	2605812	2605985	LTR/ERVL-MaLR	1134	-	86	2605898	56199
chr19	2549699	2749699	harbor2	chr19	2628118	2628530	LTR/ERVL-MaLR	2351	-	206	2628324	78625
chr19	2549699	2749699	harbor2	chr19	2628743	2629017	LTR/ERVL-MaLR	2351	-	137	2628880	79181
chr19	2549699	2749699	harbor2	chr19	2604937	2605193	LTR/ERVL-MaLR	1134	-	128	2605065	55366
chr19	14103290	14303290	harbor2	chr19	14191489	14191688	LTR/ERVL-MaLR	1009	-	100	14191589	88299
chr19	14103290	14303290	harbor2	chr19	14191987	14192173	LTR/ERVL-MaLR	1009	-	93	14192080	88790
chr19	15579470	15779470	harbor2	chr19	15620045	15620402	LTR/ERVL-MaLR	1225	-	178	15620223	40753
chr19	15579470	15779470	harbor2	chr19	15620692	15620865	LTR/ERVL-MaLR	1225	-	86	15620778	41308
chr19	15579470	15779470	harbor2	chr19	15647606	15648110	LTR/ERVL-MaLR	897	-	252	15647858	68388
chr19	15579470	15779470	harbor2	chr19	15664690	15665207	LTR/ERVL-MaLR	810	-	258	15664948	85478
chr19	15579470	15779470	harbor2	chr19	15665650	15665679	LTR/ERVL-MaLR	810	-	14	15665664	86194
chr19	33584439	33784439	harbor2	chr19	33595602	33595760	LTR/ERVL-MaLR	613	-	79	33595681	11242
chr19	33584439	33784439	harbor2	chr19	33596326	33596642	LTR/ERVL-MaLR	1164	-	158	33596484	12045
chr19	33584439	33784439	harbor2	chr19	33610457	33610882	LTR/ERVL-MaLR	1629	-	212	33610669	26230
chr19	33584439	33784439	harbor2	chr19	33682815	33683239	LTR/ERVL-MaLR	2749	-	212	33683027	98588
chr19	36030897	36230897	harbor2	chr19	36095058	36095415	LTR/ERVL-MaLR	768	-	178	36095236	64339
chr19	55207015	55407015	harbor2	chr19	55214151	55214396	LTR/ERVL-MaLR	2476	-	122	55214273	7258
chr19	55207015	55407015	harbor2	chr19	55214654	55214834	LTR/ERVL-MaLR	2476	-	90	55214744	7729
chr19	55207015	55407015	harbor2	chr19	55217859	55218109	LTR/ERVL-MaLR	1437	-	125	55217984	10969
chr19	55207015	55407015	harbor2	chr19	55219277	55219401	LTR/ERVL-MaLR	712	-	62	55219339	12324
chr19	55207015	55407015	harbor2	chr19	55281215	55281649	LTR/ERVL-MaLR	1993	-	217	55281432	74417
chr19	55207015	55407015	harbor2	chr19	55300870	55301078	LTR/ERVL-MaLR	617	-	104	55300974	93959
chr19	54915548	55115548	harbor2	chr19	54993830	54994134	LTR/ERVL-MaLR	989	-	152	54993982	78434
chr19	23428538	23628538	harbor2	chr19	23462765	23463114	LTR/ERVL-MaLR	1953	-	174	23462939	34401
chr19	41071794	41271794	harbor2	chr19	41078642	41079045	LTR/ERVL-MaLR	2258	-	202	41078844	7050
chr19	56748409	56948409	harbor2	chr19	56761877	56762273	LTR/ERVL-MaLR	999	-	198	56762075	13666
chr19	56748409	56948409	harbor2	chr19	56806230	56806616	LTR/ERVL-MaLR	948	-	193	56806423	58014
chr19	34196161	34396161	harbor2	chr19	34279630	34279703	LTR/ERVL-MaLR	1918	-	36	34279666	83505
chr19	34196161	34396161	harbor2	chr19	34280008	34280314	LTR/ERVL-MaLR	1918	-	153	34280161	84000
chr19	34196161	34396161	harbor2	chr19	34287597	34287941	LTR/ERVL-MaLR	1666	-	172	34287769	91608
chr19	34196161	34396161	harbor2	chr19	34291462	34291777	LTR/ERVL-MaLR	1759	-	158	34291620	95459
chr19	38021354	38221354	harbor2	chr19	38024836	38025216	LTR/ERVL-MaLR	851	-	190	38025026	3672
chr19	38021354	38221354	harbor2	chr19	38026020	38026584	LTR/ERVL-MaLR	962	-	282	38026302	4948
chr19	38021354	38221354	harbor2	chr19	38089747	38089992	LTR/ERVL-MaLR	725	-	122	38089869	68515
chr19	38021354	38221354	harbor2	chr19	38106924	38107251	LTR/ERVL-MaLR	1144	-	164	38107088	85734
chr19	38021354	38221354	harbor2	chr19	38109113	38109479	LTR/ERVL-MaLR	2650	-	183	38109296	87942
chr19	54993165	55193165	harbor2	chr19	54993830	54994134	LTR/ERVL-MaLR	989	-	152	54993982	817
chr19	54993165	55193165	harbor2	chr19	55042757	55043030	LTR/ERVL-MaLR	739	-	136	55042893	49728
chr19	54993165	55193165	harbor2	chr19	55050593	55050783	LTR/ERVL-MaLR	845	-	95	55050688	57523
chr19	54993165	55193165	harbor2	chr19	55060857	55061112	LTR/ERVL-MaLR	1591	-	128	55060985	67820
chr19	54993165	55193165	harbor2	chr19	55061425	55061513	LTR/ERVL-MaLR	1591	-	44	55061469	68304
chr19	54993165	55193165	harbor2	chr19	55061807	55061835	LTR/ERVL-MaLR	1591	-	14	55061821	68656
chr19	54993165	55193165	harbor2	chr19	55062132	55062242	LTR/ERVL-MaLR	1591	-	55	55062187	69022
chr19	30259666	30459666	harbor2	chr19	30355035	30355366	LTR/ERVL-MaLR	1591	-	166	30355201	95535
chr19	10253166	10453166	harbor2	chr19	10262784	10263087	LTR/ERVL-MaLR	1144	-	152	10262936	9770
chr19	46686890	46886890	harbor2	chr19	46759207	46759570	LTR/ERVL-MaLR	2594	-	182	46759389	72499
chr19	53943380	54143380	harbor2	chr19	53953351	53953649	LTR/ERVL-MaLR	1813	-	149	53953500	10120
chr19	53943380	54143380	harbor2	chr19	53953960	53954171	LTR/ERVL-MaLR	1813	-	106	53954066	10686
chr19	53943380	54143380	harbor2	chr19	54006291	54006517	LTR/ERVL-MaLR	1389	-	113	54006404	63024
chr19	53943380	54143380	harbor2	chr19	54006835	54006851	LTR/ERVL-MaLR	1389	-	8	54006843	63463
chr19	53943380	54143380	harbor2	chr19	54006879	54007046	LTR/ERVL-MaLR	1389	-	84	54006963	63583
chr19	53943380	54143380	harbor2	chr19	54007341	54007458	LTR/ERVL-MaLR	1389	-	58	54007399	64019
chr19	53943380	54143380	harbor2	chr19	54013149	54013340	LTR/ERVL-MaLR	662	-	96	54013245	69865
chr19	53943380	54143380	harbor2	chr19	54024608	54024957	LTR/ERVL-MaLR	1124	-	174	54024782	81402
chr19	53943380	54143380	harbor2	chr19	54033167	54033361	LTR/ERVL-MaLR	919	-	97	54033264	89884
chr19	53943380	54143380	harbor2	chr19	54036196	54036247	LTR/ERVL-MaLR	1828	-	26	54036222	92842
chr19	53943380	54143380	harbor2	chr19	54036560	54036766	LTR/ERVL-MaLR	1828	-	103	54036663	93283
chr19	53943380	54143380	harbor2	chr19	54037730	54037845	LTR/ERVL-MaLR	1828	-	58	54037788	94408
chr19	58227627	58427627	harbor2	chr19	58227726	58227863	LTR/ERVL-MaLR	871	-	68	58227794	167
chr19	58227627	58427627	harbor2	chr19	58232610	58232647	LTR/ERVL-MaLR	2449	-	18	58232628	5001
chr19	58227627	58427627	harbor2	chr19	58232970	58233298	LTR/ERVL-MaLR	2449	-	164	58233134	5507
chr19	58227627	58427627	harbor2	chr19	58245915	58246238	LTR/ERVL-MaLR	1089	-	162	58246077	18450
chr19	58227627	58427627	harbor2	chr19	58259403	58259618	LTR/ERVL-MaLR	861	-	108	58259511	31884
chr19	58227627	58427627	harbor2	chr19	58280084	58280578	LTR/ERVL-MaLR	1919	-	247	58280331	52704
chr19	58227627	58427627	harbor2	chr19	58280625	58281112	LTR/ERVL-MaLR	1703	-	244	58280869	53242
chr19	58227627	58427627	harbor2	chr19	58289146	58289213	LTR/ERVL-MaLR	1763	-	34	58289180	61553
chr19	58227627	58427627	harbor2	chr19	58289517	58289799	LTR/ERVL-MaLR	1763	-	141	58289658	62031
chr19	58227627	58427627	harbor2	chr19	58290414	58290514	LTR/ERVL-MaLR	1763	-	50	58290464	62837
chr19	58227627	58427627	harbor2	chr19	58292217	58292573	LTR/ERVL-MaLR	1638	-	178	58292395	64768
chr19	50693387	50893387	harbor2	chr19	50731956	50732356	LTR/ERVL-MaLR	1832	-	200	50732156	38769
chr19	50693387	50893387	harbor2	chr19	50760178	50760240	LTR/ERVL-MaLR	1319	-	31	50760209	66822
chr19	50693387	50893387	harbor2	chr19	50760845	50761279	LTR/ERVL-MaLR	1319	-	217	50761062	67675
chr19	46159094	46359094	harbor2	chr19	46173380	46173779	LTR/ERVL-MaLR	2300	-	200	46173580	14486
chr19	46159094	46359094	harbor2	chr19	46182985	46183351	LTR/ERVL-MaLR	1851	-	183	46183168	24074
chr19	46159094	46359094	harbor2	chr19	46190073	46190637	LTR/ERVL-MaLR	769	-	282	46190355	31261
chr19	45002855	45202855	harbor2	chr19	45026905	45026948	LTR/ERVL-MaLR	1414	-	22	45026927	24072
chr19	45002855	45202855	harbor2	chr19	45027251	45027774	LTR/ERVL-MaLR	1414	-	262	45027513	24658
chr19	45002855	45202855	harbor2	chr19	45035142	45035247	LTR/ERVL-MaLR	770	-	52	45035194	32339
chr19	45002855	45202855	harbor2	chr19	45035844	45035988	LTR/ERVL-MaLR	770	-	72	45035916	33061
chr19	45002855	45202855	harbor2	chr19	45044999	45045233	LTR/ERVL-MaLR	626	-	117	45045116	42261
chr19	45002855	45202855	harbor2	chr19	45045527	45045715	LTR/ERVL-MaLR	626	-	94	45045621	42766
chr19	50572064	50772064	harbor2	chr19	50647957	50648321	LTR/ERVL-MaLR	925	-	182	50648139	76075
chr19	50572064	50772064	harbor2	chr19	50654999	50655249	LTR/ERVL-MaLR	715	-	125	50655124	83060
chr19	55540936	55740936	harbor2	chr19	55560757	55561344	LTR/ERVL-MaLR	2135	-	294	55561051	20115
chr19	55540936	55740936	harbor2	chr19	55638007	55638231	LTR/ERVL-MaLR	2264	-	112	55638119	97183
chr19	55540936	55740936	harbor2	chr19	55638535	55638706	LTR/ERVL-MaLR	2264	-	86	55638621	97685
chr19	55540936	55740936	harbor2	chr19	55639036	55639068	LTR/ERVL-MaLR	2264	-	16	55639052	98116
chr19	54199078	54399078	harbor2	chr19	54264345	54264511	LTR/ERVL-MaLR	1489	-	83	54264428	65350
chr19	54199078	54399078	harbor2	chr19	54264822	54265125	LTR/ERVL-MaLR	1489	-	152	54264974	65896
chr19	46738020	46938020	harbor2	chr19	46759207	46759570	LTR/ERVL-MaLR	2594	-	182	46759389	21369
chr19	46738020	46938020	harbor2	chr19	46798328	46798743	LTR/ERVL-MaLR	1754	-	208	46798536	60516
chr19	56380649	56580649	harbor2	chr19	56439473	56439667	LTR/ERVL-MaLR	1686	-	97	56439570	58921
chr19	56380649	56580649	harbor2	chr19	56439958	56440127	LTR/ERVL-MaLR	1686	-	84	56440042	59393
chr19	56380649	56580649	harbor2	chr19	56444136	56444528	LTR/ERVL-MaLR	2217	-	196	56444332	63683
chr19	56380649	56580649	harbor2	chr19	56444523	56444605	LTR/ERVL-MaLR	660	-	41	56444564	63915
chr19	56380649	56580649	harbor2	chr19	56444689	56444771	LTR/ERVL-MaLR	638	-	41	56444730	64081
chr19	56380649	56580649	harbor2	chr19	56444772	56444854	LTR/ERVL-MaLR	638	-	41	56444813	64164
chr19	56380649	56580649	harbor2	chr19	56444855	56444937	LTR/ERVL-MaLR	614	-	41	56444896	64247
chr19	56380649	56580649	harbor2	chr19	56444938	56445020	LTR/ERVL-MaLR	638	-	41	56444979	64330
chr19	56380649	56580649	harbor2	chr19	56445021	56445103	LTR/ERVL-MaLR	638	-	41	56445062	64413
chr19	56380649	56580649	harbor2	chr19	56445187	56445269	LTR/ERVL-MaLR	638	-	41	56445228	64579
chr19	56380649	56580649	harbor2	chr19	56445270	56445353	LTR/ERVL-MaLR	692	-	42	56445312	64663
chr19	56380649	56580649	harbor2	chr19	56445354	56445437	LTR/ERVL-MaLR	674	-	42	56445396	64747
chr19	56380649	56580649	harbor2	chr19	56445438	56445520	LTR/ERVL-MaLR	638	-	41	56445479	64830
chr19	56380649	56580649	harbor2	chr19	56445521	56445604	LTR/ERVL-MaLR	692	-	42	56445563	64914
chr19	56380649	56580649	harbor2	chr19	56445605	56445688	LTR/ERVL-MaLR	692	-	42	56445647	64998
chr19	56380649	56580649	harbor2	chr19	56445689	56445772	LTR/ERVL-MaLR	674	-	42	56445731	65082
chr19	56380649	56580649	harbor2	chr19	56445773	56445856	LTR/ERVL-MaLR	674	-	42	56445815	65166
chr19	56380649	56580649	harbor2	chr19	56445857	56445939	LTR/ERVL-MaLR	638	-	41	56445898	65249
chr19	56380649	56580649	harbor2	chr19	56445940	56446048	LTR/ERVL-MaLR	846	-	54	56445994	65345
chr19	57352901	57552901	harbor2	chr19	57353861	57353971	LTR/ERVL-MaLR	1509	-	55	57353916	1015
chr19	57352901	57552901	harbor2	chr19	57354306	57354754	LTR/ERVL-MaLR	1509	-	224	57354530	1629
chr19	57352901	57552901	harbor2	chr19	57369815	57369896	LTR/ERVL-MaLR	772	-	40	57369855	16954
chr19	57352901	57552901	harbor2	chr19	57370191	57370251	LTR/ERVL-MaLR	772	-	30	57370221	17320
chr19	57352901	57552901	harbor2	chr19	57373049	57373423	LTR/ERVL-MaLR	2219	-	187	57373236	20335
chr19	57352901	57552901	harbor2	chr19	57373424	57375026	LTR/ERVL-MaLR	9944	-	801	57374225	21324
chr19	57352901	57552901	harbor2	chr19	57375029	57375068	LTR/ERVL-MaLR	2085	-	20	57375049	22148
chr19	57352901	57552901	harbor2	chr19	57375353	57375368	LTR/ERVL-MaLR	2085	-	8	57375361	22460
chr19	57352901	57552901	harbor2	chr19	57375688	57375880	LTR/ERVL-MaLR	2085	-	96	57375784	22883
chr19	57352901	57552901	harbor2	chr19	57376180	57376338	LTR/ERVL-MaLR	2085	-	79	57376259	23358
chr19	57352901	57552901	harbor2	chr19	57395376	57395758	LTR/ERVL-MaLR	1927	-	191	57395567	42666
chr19	57352901	57552901	harbor2	chr19	57430121	57430475	LTR/ERVL-MaLR	1457	-	177	57430298	77397
chr19	57352901	57552901	harbor2	chr19	57451213	57451437	LTR/ERVL-MaLR	2150	-	112	57451325	98424
chr19	57352901	57552901	harbor2	chr19	57451775	57451967	LTR/ERVL-MaLR	2150	-	96	57451871	98970
chr19	44577527	44777527	harbor2	chr19	44598359	44598799	LTR/ERVL-MaLR	1607	-	220	44598579	21052
chr19	44577527	44777527	harbor2	chr19	44605327	44605582	LTR/ERVL-MaLR	725	-	128	44605455	27928
chr19	44577527	44777527	harbor2	chr19	44611107	44611418	LTR/ERVL-MaLR	1235	-	156	44611263	33736
chr19	44577527	44777527	harbor2	chr19	44611736	44611904	LTR/ERVL-MaLR	1112	-	84	44611820	34293
chr19	44577527	44777527	harbor2	chr19	44618684	44618902	LTR/ERVL-MaLR	987	-	109	44618793	41266
chr19	44577527	44777527	harbor2	chr19	44618924	44619339	LTR/ERVL-MaLR	1844	-	208	44619132	41605
chr19	44577527	44777527	harbor2	chr19	44619562	44619924	LTR/ERVL-MaLR	1773	-	181	44619743	42216
chr19	44577527	44777527	harbor2	chr19	44634964	44635341	LTR/ERVL-MaLR	1604	-	188	44635152	57625
chr19	44577527	44777527	harbor2	chr19	44635810	44636278	LTR/ERVL-MaLR	1852	-	234	44636044	58517
chr19	44577527	44777527	harbor2	chr19	44658169	44658691	LTR/ERVL-MaLR	1675	-	261	44658430	80903
chr19	44577527	44777527	harbor2	chr19	44676566	44676637	LTR/ERVL-MaLR	1414	-	36	44676602	99075
chr19	44577527	44777527	harbor2	chr19	44676916	44677417	LTR/ERVL-MaLR	1414	-	250	44677166	99639
chr19	51741438	51941438	harbor2	chr19	51779652	51780231	LTR/ERVL-MaLR	1476	-	290	51779942	38504
chr19	51741438	51941438	harbor2	chr19	51790511	51790983	LTR/ERVL-MaLR	6718	-	236	51790747	49309
chr19	51741438	51941438	harbor2	chr19	51790988	51791089	LTR/ERVL-MaLR	1327	-	50	51791038	49600
chr19	51741438	51941438	harbor2	chr19	51791392	51791656	LTR/ERVL-MaLR	1327	-	132	51791524	50086
chr19	51741438	51941438	harbor2	chr19	51812771	51812838	LTR/ERVL-MaLR	1036	-	34	51812805	71367
chr19	51741438	51941438	harbor2	chr19	51813162	51813391	LTR/ERVL-MaLR	1036	-	114	51813276	71838
chr19	51741438	51941438	harbor2	chr19	51789110	51790209	LTR/ERVL-MaLR	6718	-	550	51789660	48222
chr19	58008575	58208575	harbor2	chr19	58062036	58062353	LTR/ERVL-MaLR	1840	-	158	58062194	53619
chr19	58008575	58208575	harbor2	chr19	58062980	58063027	LTR/ERVL-MaLR	1840	-	24	58063004	54429
chr19	58008575	58208575	harbor2	chr19	58064279	58064319	LTR/ERVL-MaLR	1656	-	20	58064299	55724
chr19	58008575	58208575	harbor2	chr19	58065040	58065183	LTR/ERVL-MaLR	1656	-	72	58065112	56537
chr19	58008575	58208575	harbor2	chr19	58065495	58065802	LTR/ERVL-MaLR	1656	-	154	58065649	57074
chr19	58008575	58208575	harbor2	chr19	58079386	58079617	LTR/ERVL-MaLR	1249	-	116	58079502	70927
chr19	58008575	58208575	harbor2	chr19	58079905	58079915	LTR/ERVL-MaLR	1249	-	5	58079910	71335
chr19	58008575	58208575	harbor2	chr19	58080200	58080355	LTR/ERVL-MaLR	1249	-	78	58080278	71703
chr19	58312607	58512607	harbor2	chr19	58364347	58364612	LTR/ERVL-MaLR	1029	-	132	58364479	51872
chr19	58312607	58512607	harbor2	chr19	58370061	58370527	LTR/ERVL-MaLR	1651	-	233	58370294	57687
chr19	58312607	58512607	harbor2	chr19	58398820	58398879	LTR/ERVL-MaLR	2124	-	30	58398850	86243
chr19	58312607	58512607	harbor2	chr19	58399488	58399896	LTR/ERVL-MaLR	2124	-	204	58399692	87085
chr19	29883721	30083721	harbor2	chr19	29931225	29931608	LTR/ERVL-MaLR	1302	-	192	29931417	47696
chr19	29883721	30083721	harbor2	chr19	29934316	29934514	LTR/ERVL-MaLR	1058	-	99	29934415	50694
chr19	29883721	30083721	harbor2	chr19	29938158	29938531	LTR/ERVL-MaLR	1990	-	186	29938344	54623
chr19	58507698	58707698	harbor2	chr19	58533240	58533395	LTR/ERVL-MaLR	766	-	78	58533318	25620
chr19	58507698	58707698	harbor2	chr19	58594828	58595271	LTR/ERVL-MaLR	1707	-	222	58595050	87352
chr19	38450464	38650464	harbor2	chr19	38544838	38545328	LTR/ERVL-MaLR	1071	-	245	38545083	94619
chr19	31427485	31627485	harbor2	chr19	31435152	31435623	LTR/ERVL-MaLR	1470	-	236	31435388	7903
chr19	31427485	31627485	harbor2	chr19	31472628	31472991	LTR/ERVL-MaLR	2133	-	182	31472810	45325
chr19	31427485	31627485	harbor2	chr19	31482382	31482792	LTR/ERVL-MaLR	2025	-	205	31482587	55102
chr19	31427485	31627485	harbor2	chr19	31482796	31484290	LTR/ERVL-MaLR	7736	-	747	31483543	56058
chr19	31427485	31627485	harbor2	chr19	31484291	31484646	LTR/ERVL-MaLR	2086	-	178	31484469	56984
chr19	31427485	31627485	harbor2	chr19	31484647	31486166	LTR/ERVL-MaLR	10591	-	760	31485407	57922
chr19	31427485	31627485	harbor2	chr19	31486167	31486507	LTR/ERVL-MaLR	2141	-	170	31486337	58852
chr19	31427485	31627485	harbor2	chr19	31486508	31486575	LTR/ERVL-MaLR	7736	-	34	31486542	59057
chr19	31427485	31627485	harbor2	chr19	31486576	31486952	LTR/ERVL-MaLR	2288	-	188	31486764	59279
chr19	31427485	31627485	harbor2	chr19	31487334	31487389	LTR/ERVL-MaLR	2288	-	28	31487362	59877
chr19	31427485	31627485	harbor2	chr19	31491970	31492328	LTR/ERVL-MaLR	1451	-	179	31492149	64664
chr19	45662493	45862493	harbor2	chr19	45738919	45739147	LTR/ERVL-MaLR	1494	-	114	45739033	76540
chr19	45662493	45862493	harbor2	chr19	45739452	45739778	LTR/ERVL-MaLR	1494	-	163	45739615	77122
chr19	45662493	45862493	harbor2	chr19	45745872	45745926	LTR/ERVL-MaLR	1508	-	27	45745899	83406
chr19	45662493	45862493	harbor2	chr19	45746267	45746566	LTR/ERVL-MaLR	1508	-	150	45746417	83924
chr19	45662493	45862493	harbor2	chr19	45746843	45746965	LTR/ERVL-MaLR	1508	-	61	45746904	84411
chr19	45104451	45304451	harbor2	chr19	45125053	45125182	LTR/ERVL-MaLR	611	-	64	45125117	20666
chr19	45104451	45304451	harbor2	chr19	45125470	45125691	LTR/ERVL-MaLR	611	-	110	45125580	21129
chr19	4983813	5183813	harbor2	chr19	5042179	5042219	LTR/ERVL-MaLR	1426	-	20	5042199	58386
chr19	4983813	5183813	harbor2	chr19	5042528	5042872	LTR/ERVL-MaLR	1426	-	172	5042700	58887
chr19	4983813	5183813	harbor2	chr19	5072667	5073211	LTR/ERVL-MaLR	2022	-	272	5072939	89126
chr19	4983813	5183813	harbor2	chr19	5013402	5013845	LTR/ERVL-MaLR	1533	-	222	5013624	29811
chr19	48489764	48689764	harbor2	chr19	48527139	48527321	LTR/ERVL-MaLR	1044	-	91	48527230	37466
chr19	48489764	48689764	harbor2	chr19	48527617	48527897	LTR/ERVL-MaLR	1044	-	140	48527757	37993
chr19	48489764	48689764	harbor2	chr19	48528708	48528749	LTR/ERVL-MaLR	1710	-	20	48528728	38964
chr19	48489764	48689764	harbor2	chr19	48586248	48586666	LTR/ERVL-MaLR	1132	-	209	48586457	96693
chr19	48489764	48689764	harbor2	chr19	48529052	48529488	LTR/ERVL-MaLR	1710	-	218	48529270	39506
chr19	28521046	28721046	harbor2	chr19	28563286	28563650	LTR/ERVL-MaLR	1855	-	182	28563468	42422
chr19	28521046	28721046	harbor2	chr19	28576050	28576458	LTR/ERVL-MaLR	2383	-	204	28576254	55208
chr19	28521046	28721046	harbor2	chr19	28595400	28595459	LTR/ERVL-MaLR	688	-	30	28595430	74384
chr19	28521046	28721046	harbor2	chr19	28595764	28596062	LTR/ERVL-MaLR	688	-	149	28595913	74867
chr19	30524302	30724302	harbor2	chr19	30579249	30579700	LTR/ERVL-MaLR	881	-	226	30579475	55173
chr19	30524302	30724302	harbor2	chr19	30582582	30582949	LTR/ERVL-MaLR	2273	-	184	30582766	58464
chr19	30524302	30724302	harbor2	chr19	30591281	30591636	LTR/ERVL-MaLR	2533	-	178	30591459	67157
chr19	31445680	31645680	harbor2	chr19	31472628	31472991	LTR/ERVL-MaLR	2133	-	182	31472810	27130
chr19	31445680	31645680	harbor2	chr19	31482382	31482792	LTR/ERVL-MaLR	2025	-	205	31482587	36907
chr19	31445680	31645680	harbor2	chr19	31482796	31484290	LTR/ERVL-MaLR	7736	-	747	31483543	37863
chr19	31445680	31645680	harbor2	chr19	31484291	31484646	LTR/ERVL-MaLR	2086	-	178	31484469	38789
chr19	31445680	31645680	harbor2	chr19	31484647	31486166	LTR/ERVL-MaLR	10591	-	760	31485407	39727
chr19	31445680	31645680	harbor2	chr19	31486167	31486507	LTR/ERVL-MaLR	2141	-	170	31486337	40657
chr19	31445680	31645680	harbor2	chr19	31486508	31486575	LTR/ERVL-MaLR	7736	-	34	31486542	40862
chr19	31445680	31645680	harbor2	chr19	31486576	31486952	LTR/ERVL-MaLR	2288	-	188	31486764	41084
chr19	31445680	31645680	harbor2	chr19	31487334	31487389	LTR/ERVL-MaLR	2288	-	28	31487362	41682
chr19	31445680	31645680	harbor2	chr19	31491970	31492328	LTR/ERVL-MaLR	1451	-	179	31492149	46469
chr19	31445680	31645680	harbor2	chr19	31544192	31544593	LTR/ERVL-MaLR	2418	-	200	31544392	98712
chr19	54124536	54324536	harbor2	chr19	54126788	54126848	LTR/ERVL-MaLR	1447	-	30	54126818	2282
chr19	54124536	54324536	harbor2	chr19	54127137	54127552	LTR/ERVL-MaLR	1447	-	208	54127345	2809
chr19	39945937	40145937	harbor2	chr19	40030094	40030510	LTR/ERVL-MaLR	2716	-	208	40030302	84365
chr19	35713852	35913852	harbor2	chr19	35763060	35763209	LTR/ERVL-MaLR	870	-	74	35763134	49282
chr19	35713852	35913852	harbor2	chr19	35764085	35764315	LTR/ERVL-MaLR	870	-	115	35764200	50348
chr19	35713852	35913852	harbor2	chr19	35772805	35773347	LTR/ERVL-MaLR	1532	-	271	35773076	59224
chr19	49805386	50005386	harbor2	chr19	49820950	49821287	LTR/ERVL-MaLR	1154	-	168	49821118	15732
chr19	49805386	50005386	harbor2	chr19	49822572	49822640	LTR/ERVL-MaLR	1154	-	34	49822606	17220
chr19	49805386	50005386	harbor2	chr19	49823257	49823388	LTR/ERVL-MaLR	1154	-	66	49823323	17937
chr19	49805386	50005386	harbor2	chr19	49827318	49827730	LTR/ERVL-MaLR	1189	-	206	49827524	22138
chr19	49805386	50005386	harbor2	chr19	49832694	49833103	LTR/ERVL-MaLR	1024	-	204	49832898	27512
chr19	49805386	50005386	harbor2	chr19	49844246	49844614	LTR/ERVL-MaLR	2005	-	184	49844430	39044
chr19	49805386	50005386	harbor2	chr19	49844921	49845107	LTR/ERVL-MaLR	2005	-	93	49845014	39628
chr19	35331093	35531093	harbor2	chr19	35410611	35410982	LTR/ERVL-MaLR	2708	-	186	35410797	79704
chr19	40425787	40625787	harbor2	chr19	40507351	40507421	LTR/ERVL-MaLR	932	-	35	40507386	81599
chr19	40425787	40625787	harbor2	chr19	40507549	40507562	LTR/ERVL-MaLR	932	-	6	40507555	81768
chr19	40425787	40625787	harbor2	chr19	40507854	40508248	LTR/ERVL-MaLR	932	-	197	40508051	82264
chr19	46541734	46741734	harbor2	chr19	46558352	46558557	LTR/ERVL-MaLR	1219	-	102	46558454	16720
chr19	46541734	46741734	harbor2	chr19	46559859	46560026	LTR/ERVL-MaLR	1321	-	84	46559943	18209
chr19	46541734	46741734	harbor2	chr19	46566357	46566396	LTR/ERVL-MaLR	1707	-	20	46566377	24643
chr19	46541734	46741734	harbor2	chr19	46566699	46567072	LTR/ERVL-MaLR	1707	-	186	46566885	25151
chr19	46541734	46741734	harbor2	chr19	46568082	46568568	LTR/ERVL-MaLR	1730	-	243	46568325	26591
chr19	46541734	46741734	harbor2	chr19	46574476	46574628	LTR/ERVL-MaLR	710	-	76	46574552	32818
chr19	46541734	46741734	harbor2	chr19	46575801	46576001	LTR/ERVL-MaLR	1117	-	100	46575901	34167
chr19	46541734	46741734	harbor2	chr19	46576316	46576484	LTR/ERVL-MaLR	1117	-	84	46576400	34666
chr19	46541734	46741734	harbor2	chr19	46581269	46581564	LTR/ERVL-MaLR	1376	-	148	46581417	39683
chr19	46541734	46741734	harbor2	chr19	46581698	46581878	LTR/ERVL-MaLR	1376	-	90	46581788	40054
chr19	46541734	46741734	harbor2	chr19	46599753	46599902	LTR/ERVL-MaLR	1017	-	74	46599827	58093
chr19	56509919	56709919	harbor2	chr19	56520863	56521219	LTR/ERVL-MaLR	2479	-	178	56521041	11122
chr19	56509919	56709919	harbor2	chr19	56547051	56547445	LTR/ERVL-MaLR	2293	-	197	56547248	37329
chr19	56509919	56709919	harbor2	chr19	56562169	56562701	LTR/ERVL-MaLR	2282	-	266	56562435	52516
chr19	56509919	56709919	harbor2	chr19	56562720	56563128	LTR/ERVL-MaLR	1645	-	204	56562924	53005
chr19	56509919	56709919	harbor2	chr19	56563270	56564002	LTR/ERVL-MaLR	2290	-	366	56563636	53717
chr19	56509919	56709919	harbor2	chr19	56566304	56566679	LTR/ERVL-MaLR	1391	-	188	56566492	56573
chr19	56509919	56709919	harbor2	chr19	56586766	56587118	LTR/ERVL-MaLR	2736	-	176	56586942	77023
chr19	56509919	56709919	harbor2	chr19	56607731	56608106	LTR/ERVL-MaLR	1101	-	188	56607919	98000
chr19	56509919	56709919	harbor2	chr19	56608564	56608724	LTR/ERVL-MaLR	1101	-	80	56608644	98725
chr19	56509919	56709919	harbor2	chr19	56606446	56606970	LTR/ERVL-MaLR	836	-	262	56606708	96789
chr19	32013552	32213552	harbor2	chr19	32020567	32020927	LTR/ERVL-MaLR	1881	-	180	32020747	7195
chr19	32013552	32213552	harbor2	chr19	32054712	32055000	LTR/ERVL-MaLR	1848	-	144	32054856	41304
chr19	32013552	32213552	harbor2	chr19	32055293	32055407	LTR/ERVL-MaLR	1848	-	57	32055350	41798
chr19	51633721	51833721	harbor2	chr19	51639432	51639794	LTR/ERVL-MaLR	1789	-	181	51639613	5892
chr19	51633721	51833721	harbor2	chr19	51668174	51668521	LTR/ERVL-MaLR	1506	-	174	51668348	34627
chr19	51633721	51833721	harbor2	chr19	51672289	51672675	LTR/ERVL-MaLR	2167	-	193	51672482	38761
chr19	51633721	51833721	harbor2	chr19	51679213	51679789	LTR/ERVL-MaLR	1995	-	288	51679501	45780
chr19	51633721	51833721	harbor2	chr19	51682693	51682761	LTR/ERVL-MaLR	1835	-	34	51682727	49006
chr19	51633721	51833721	harbor2	chr19	51683067	51683458	LTR/ERVL-MaLR	1835	-	196	51683263	49542
chr19	51633721	51833721	harbor2	chr19	51698791	51699004	LTR/ERVL-MaLR	899	-	106	51698897	65176
chr19	51633721	51833721	harbor2	chr19	51699290	51699419	LTR/ERVL-MaLR	899	-	64	51699354	65633
chr19	51633721	51833721	harbor2	chr19	51699475	51699847	LTR/ERVL-MaLR	1887	-	186	51699661	65940
chr19	57079585	57279585	harbor2	chr19	57103064	57103214	LTR/ERVL-MaLR	910	-	75	57103139	23554
chr19	45565682	45765682	harbor2	chr19	45575545	45575609	LTR/ERVL-MaLR	2397	-	32	45575577	9895
chr19	45565682	45765682	harbor2	chr19	45575906	45575951	LTR/ERVL-MaLR	2397	-	22	45575928	10246
chr19	45565682	45765682	harbor2	chr19	45576558	45576946	LTR/ERVL-MaLR	2397	-	194	45576752	11070
chr19	56975687	57175687	harbor2	chr19	56985356	56985620	LTR/ERVL-MaLR	677	-	132	56985488	9801
chr19	56975687	57175687	harbor2	chr19	56988017	56988156	LTR/ERVL-MaLR	648	-	70	56988087	12400
chr19	56975687	57175687	harbor2	chr19	56992006	56992425	LTR/ERVL-MaLR	1817	-	210	56992216	16529
chr19	56975687	57175687	harbor2	chr19	57001842	57002209	LTR/ERVL-MaLR	1740	-	184	57002026	26339
chr19	56975687	57175687	harbor2	chr19	57055426	57055816	LTR/ERVL-MaLR	1496	-	195	57055621	79934
chr19	56975687	57175687	harbor2	chr19	57068409	57068795	LTR/ERVL-MaLR	2020	-	193	57068602	92915
chr19	54469270	54669270	harbor2	chr19	54527863	54528238	LTR/ERVL-MaLR	1768	-	188	54528051	58781
chr19	54469270	54669270	harbor2	chr19	54528239	54528513	LTR/ERVL-MaLR	1927	-	137	54528376	59106
chr19	54855615	55055615	harbor2	chr19	54859662	54860220	LTR/ERVL-MaLR	1410	-	279	54859941	4326
chr19	54855615	55055615	harbor2	chr19	54865192	54865609	LTR/ERVL-MaLR	1968	-	208	54865400	9785
chr19	57627747	57827747	harbor2	chr19	57712867	57713290	LTR/ERVL-MaLR	2200	-	212	57713079	85332
chr19	37840523	38040523	harbor2	chr19	37864958	37865309	LTR/ERVL-MaLR	890	-	176	37865134	24611
chr19	37840523	38040523	harbor2	chr19	37935448	37935908	LTR/ERVL-MaLR	768	-	230	37935678	95155
chr19	37840523	38040523	harbor2	chr19	37939455	37939830	LTR/ERVL-MaLR	683	-	188	37939643	99120
chr19	37840523	38040523	harbor2	chr19	37928761	37929161	LTR/ERVL-MaLR	892	-	200	37928961	88438
chr19	36706080	36906080	harbor2	chr19	36705960	36706301	LTR/ERVL-MaLR	1621	-	170	36706130	50
chr19	36706080	36906080	harbor2	chr19	36706594	36706633	LTR/ERVL-MaLR	1621	-	20	36706614	534
chr19	36706080	36906080	harbor2	chr19	36799406	36799598	LTR/ERVL-MaLR	703	-	96	36799502	93422
chr19	44304646	44504646	harbor2	chr19	44350910	44351372	LTR/ERVL-MaLR	2201	-	231	44351141	46495
chr19	44304646	44504646	harbor2	chr19	44385766	44385951	LTR/ERVL-MaLR	737	-	92	44385858	81212
chr19	44304646	44504646	harbor2	chr19	44391383	44391749	LTR/ERVL-MaLR	2581	-	183	44391566	86920
chr19	44304646	44504646	harbor2	chr19	44392514	44392762	LTR/ERVL-MaLR	970	-	124	44392638	87992
chr19	16145551	16345551	harbor2	chr19	16192623	16192690	LTR/ERVL-MaLR	689	-	34	16192657	47106
chr19	16145551	16345551	harbor2	chr19	16193008	16193169	LTR/ERVL-MaLR	689	-	80	16193088	47537
chr19	29390490	29590490	harbor2	chr19	29409894	29410206	LTR/ERVL-MaLR	1081	-	156	29410050	19560
chr19	29390490	29590490	harbor2	chr19	29416189	29416536	LTR/ERVL-MaLR	622	-	174	29416363	25873
chr19	29390490	29590490	harbor2	chr19	29424802	29425196	LTR/ERVL-MaLR	1876	-	197	29424999	34509
chr19	29390490	29590490	harbor2	chr19	29429482	29429675	LTR/ERVL-MaLR	679	-	96	29429578	39088
chr19	29390490	29590490	harbor2	chr19	29457722	29458103	LTR/ERVL-MaLR	1710	-	190	29457912	67422
chr19	29390490	29590490	harbor2	chr19	29481698	29482064	LTR/ERVL-MaLR	2094	-	183	29481881	91391
chr19	29390490	29590490	harbor2	chr19	29482065	29482457	LTR/ERVL-MaLR	2915	-	196	29482261	91771
chr19	21998544	22198544	harbor2	chr19	22079385	22079740	LTR/ERVL-MaLR	2407	-	178	22079563	81019
chr19	50061353	50261353	harbor2	chr19	50083875	50084216	LTR/ERVL-MaLR	887	-	170	50084045	22692
chr19	50061353	50261353	harbor2	chr19	50084217	50084266	LTR/ERVL-MaLR	1766	-	24	50084241	22888
chr19	50061353	50261353	harbor2	chr19	50084518	50084859	LTR/ERVL-MaLR	1766	-	170	50084688	23335
chr19	56268530	56468530	harbor2	chr19	56280552	56280906	LTR/ERVL-MaLR	1701	-	177	56280729	12199
chr19	56268530	56468530	harbor2	chr19	56313202	56313542	LTR/ERVL-MaLR	2408	-	170	56313372	44842
chr19	51061002	51261002	harbor2	chr19	51119024	51119414	LTR/ERVL-MaLR	1666	-	195	51119219	58217
chr19	51061002	51261002	harbor2	chr19	51139052	51139411	LTR/ERVL-MaLR	1691	-	180	51139232	78230
chr19	51061002	51261002	harbor2	chr19	51151971	51152440	LTR/ERVL-MaLR	2138	-	234	51152205	91203
chr19	53186912	53386912	harbor2	chr19	53230989	53231377	LTR/ERVL-MaLR	1009	-	194	53231183	44271
chr19	53186912	53386912	harbor2	chr19	53276313	53276723	LTR/ERVL-MaLR	2175	-	205	53276518	89606
chr19	56694722	56894722	harbor2	chr19	56761877	56762273	LTR/ERVL-MaLR	999	-	198	56762075	67353
chr19	44254115	44454115	harbor2	chr19	44254878	44255300	LTR/ERVL-MaLR	1089	-	211	44255089	974
chr19	44254115	44454115	harbor2	chr19	44270175	44270226	LTR/ERVL-MaLR	1804	-	26	44270201	16086
chr19	44254115	44454115	harbor2	chr19	44270537	44271004	LTR/ERVL-MaLR	1804	-	234	44270771	16656
chr19	44254115	44454115	harbor2	chr19	44350910	44351372	LTR/ERVL-MaLR	2201	-	231	44351141	97026
chr19	41719076	41919076	harbor2	chr19	41732456	41732669	LTR/ERVL-MaLR	1123	-	106	41732562	13486
chr19	41719076	41919076	harbor2	chr19	41772281	41772493	LTR/ERVL-MaLR	1088	-	106	41772387	53311
chr19	41719076	41919076	harbor2	chr19	41812655	41813008	LTR/ERVL-MaLR	1092	-	176	41812831	93755
chr19	14615295	14815295	harbor2	chr19	14671161	14671624	LTR/ERVL-MaLR	2449	-	232	14671393	56098
chr19	14615295	14815295	harbor2	chr19	14696470	14696731	LTR/ERVL-MaLR	1383	-	130	14696600	81305
chr19	14615295	14815295	harbor2	chr19	14697037	14697130	LTR/ERVL-MaLR	1383	-	46	14697083	81788
chr19	14615295	14815295	harbor2	chr19	14702704	14702922	LTR/ERVL-MaLR	2600	-	109	14702813	87518
chr19	14615295	14815295	harbor2	chr19	14703223	14703389	LTR/ERVL-MaLR	2600	-	83	14703306	88011
chr19	14615295	14815295	harbor2	chr19	14703954	14704110	LTR/ERVL-MaLR	951	-	78	14704032	88737
chr19	14615295	14815295	harbor2	chr19	14704477	14704830	LTR/ERVL-MaLR	2250	-	176	14704653	89358
chr19	14615295	14815295	harbor2	chr19	14708694	14708917	LTR/ERVL-MaLR	2174	-	112	14708806	93511
chr19	14615295	14815295	harbor2	chr19	14709300	14709473	LTR/ERVL-MaLR	2174	-	86	14709386	94091
chr19	14615295	14815295	harbor2	chr19	14710803	14711181	LTR/ERVL-MaLR	1614	-	189	14710992	95697
chr19	14615295	14815295	harbor2	chr19	14712917	14713358	LTR/ERVL-MaLR	1803	-	220	14713137	97842
chr19	14615295	14815295	harbor2	chr19	14712533	14712916	LTR/ERVL-MaLR	1446	-	192	14712725	97430
chr19	47815798	48015798	harbor2	chr19	47826708	47827167	LTR/ERVL-MaLR	1565	-	230	47826938	11140
chr19	47815798	48015798	harbor2	chr19	47879337	47879560	LTR/ERVL-MaLR	1248	-	112	47879449	63651
chr19	47815798	48015798	harbor2	chr19	47879939	47879954	LTR/ERVL-MaLR	1037	-	8	47879947	64149
chr19	47815798	48015798	harbor2	chr19	47880259	47880450	LTR/ERVL-MaLR	1196	-	96	47880355	64557
chr19	47815798	48015798	harbor2	chr19	47896180	47896432	LTR/ERVL-MaLR	632	-	126	47896306	80508
chr19	55186979	55386979	harbor2	chr19	55214151	55214396	LTR/ERVL-MaLR	2476	-	122	55214273	27294
chr19	55186979	55386979	harbor2	chr19	55214654	55214834	LTR/ERVL-MaLR	2476	-	90	55214744	27765
chr19	55186979	55386979	harbor2	chr19	55217859	55218109	LTR/ERVL-MaLR	1437	-	125	55217984	31005
chr19	55186979	55386979	harbor2	chr19	55219277	55219401	LTR/ERVL-MaLR	712	-	62	55219339	32360
chr19	55186979	55386979	harbor2	chr19	55281215	55281649	LTR/ERVL-MaLR	1993	-	217	55281432	94453
chr19	50307906	50507906	harbor2	chr19	50355899	50356315	LTR/ERVL-MaLR	1665	-	208	50356107	48201
chr19	50307906	50507906	harbor2	chr19	50404013	50404264	LTR/ERVL-MaLR	1541	-	126	50404139	96233
chr19	50307906	50507906	harbor2	chr19	50405211	50405377	LTR/ERVL-MaLR	1541	-	83	50405294	97388
chr19	51365223	51565223	harbor2	chr19	51404559	51404916	LTR/ERVL-MaLR	1807	-	178	51404737	39514
chr19	51365223	51565223	harbor2	chr19	51406142	51406498	LTR/ERVL-MaLR	1865	-	178	51406320	41097
chr19	51365223	51565223	harbor2	chr19	51419820	51420098	LTR/ERVL-MaLR	955	-	139	51419959	54736
chr19	51365223	51565223	harbor2	chr19	51435182	51435419	LTR/ERVL-MaLR	1724	-	118	51435300	70077
chr19	51365223	51565223	harbor2	chr19	51435420	51435760	LTR/ERVL-MaLR	2119	-	170	51435590	70367
chr19	51365223	51565223	harbor2	chr19	51435761	51435906	LTR/ERVL-MaLR	1724	-	72	51435833	70610
chr19	51365223	51565223	harbor2	chr19	51449518	51449946	LTR/ERVL-MaLR	1360	-	214	51449732	84509
chr19	51365223	51565223	harbor2	chr19	51450949	51451311	LTR/ERVL-MaLR	2279	-	181	51451130	85907
chr20	62467995	62667995	harbor2	chr20	62493897	62494350	LTR/ERVL-MaLR	1034	-	226	62494123	26128
chr20	62467995	62667995	harbor2	chr20	62525713	62526161	LTR/ERVL-MaLR	1246	-	224	62525937	57942
chr20	62467995	62667995	harbor2	chr20	62538279	62538718	LTR/ERVL-MaLR	923	-	220	62538499	70504
chr20	62467995	62667995	harbor2	chr20	62543128	62543437	LTR/ERVL-MaLR	648	-	154	62543282	75287
chr20	62467995	62667995	harbor2	chr20	62544583	62544970	LTR/ERVL-MaLR	1821	-	194	62544777	76782
chr20	42203949	42403949	harbor2	chr20	42221331	42221531	LTR/ERVL-MaLR	2233	-	100	42221431	17482
chr20	42203949	42403949	harbor2	chr20	42221819	42221995	LTR/ERVL-MaLR	2233	-	88	42221907	17958
chr20	42203949	42403949	harbor2	chr20	42261037	42261482	LTR/ERVL-MaLR	1674	-	222	42261259	57310
chr20	42203949	42403949	harbor2	chr20	42283454	42283824	LTR/ERVL-MaLR	543	-	185	42283639	79690
chr20	64246677	64446677	harbor2	chr20	64279207	64279554	LTR/ERVL-MaLR	830	-	174	64279381	32704
chr20	64246677	64446677	harbor2	chr20	64305974	64306463	LTR/ERVL-MaLR	1911	-	244	64306218	59541
chr20	64246677	64446677	harbor2	chr20	64309970	64310379	LTR/ERVL-MaLR	1104	-	204	64310174	63497
chr20	60310247	60510247	harbor2	chr20	60323553	60323650	LTR/ERVL-MaLR	1428	-	48	60323601	13354
chr20	60310247	60510247	harbor2	chr20	60323949	60324302	LTR/ERVL-MaLR	1428	-	176	60324125	13878
chr20	60310247	60510247	harbor2	chr20	60327650	60328124	LTR/ERVL-MaLR	1359	-	237	60327887	17640
chr20	60310247	60510247	harbor2	chr20	60328219	60328816	LTR/ERVL-MaLR	1466	-	298	60328517	18270
chr20	60310247	60510247	harbor2	chr20	60333253	60333606	LTR/ERVL-MaLR	1760	-	176	60333429	23182
chr20	60310247	60510247	harbor2	chr20	60394183	60394676	LTR/ERVL-MaLR	1633	-	246	60394429	84182
chr20	56996882	57196882	harbor2	chr20	56998289	56998743	LTR/ERVL-MaLR	897	-	227	56998516	1634
chr20	56996882	57196882	harbor2	chr20	57027334	57027687	LTR/ERVL-MaLR	648	-	176	57027510	30628
chr20	56996882	57196882	harbor2	chr20	57030259	57030405	LTR/ERVL-MaLR	610	-	73	57030332	33450
chr20	56996882	57196882	harbor2	chr20	57053024	57053298	LTR/ERVL-MaLR	750	-	137	57053161	56279
chr20	56996882	57196882	harbor2	chr20	57073726	57074152	LTR/ERVL-MaLR	1618	-	213	57073939	77057
chr20	56996882	57196882	harbor2	chr20	57086096	57086301	LTR/ERVL-MaLR	568	-	102	57086198	89316
chr20	56996882	57196882	harbor2	chr20	57087677	57088091	LTR/ERVL-MaLR	754	-	207	57087884	91002
chr20	45732769	45932769	harbor2	chr20	45733414	45733790	LTR/ERVL-MaLR	1649	-	188	45733602	833
chr20	46208767	46408767	harbor2	chr20	46221333	46221755	LTR/ERVL-MaLR	1125	-	211	46221544	12777
chr20	41219780	41419780	harbor2	chr20	41228398	41228753	LTR/ERVL-MaLR	2046	-	178	41228576	8796
chr20	19587459	19787459	harbor2	chr20	19591306	19591734	LTR/ERVL-MaLR	379	-	214	19591520	4061
chr20	19587459	19787459	harbor2	chr20	19615312	19615665	LTR/ERVL-MaLR	2421	-	176	19615488	28029
chr20	19587459	19787459	harbor2	chr20	19618227	19618614	LTR/ERVL-MaLR	2252	-	194	19618421	30962
chr20	19587459	19787459	harbor2	chr20	19622703	19623108	LTR/ERVL-MaLR	2353	-	202	19622905	35446
chr20	19587459	19787459	harbor2	chr20	19624394	19624729	LTR/ERVL-MaLR	514	-	168	19624562	37103
chr20	19587459	19787459	harbor2	chr20	19624843	19625227	LTR/ERVL-MaLR	820	-	192	19625035	37576
chr20	19587459	19787459	harbor2	chr20	19632223	19632649	LTR/ERVL-MaLR	2045	-	213	19632436	44977
chr20	19587459	19787459	harbor2	chr20	19633131	19633367	LTR/ERVL-MaLR	2133	-	118	19633249	45790
chr20	19587459	19787459	harbor2	chr20	19633674	19633834	LTR/ERVL-MaLR	2133	-	80	19633754	46295
chr20	19587459	19787459	harbor2	chr20	19635466	19635858	LTR/ERVL-MaLR	2682	-	196	19635662	48203
chr20	19587459	19787459	harbor2	chr20	19636169	19636333	LTR/ERVL-MaLR	2682	-	82	19636251	48792
chr20	19587459	19787459	harbor2	chr20	19674234	19674710	LTR/ERVL-MaLR	2112	-	238	19674472	87013
chr20	19587459	19787459	harbor2	chr20	19687011	19687403	LTR/ERVL-MaLR	675	-	196	19687207	99748
chr20	39034649	39234649	harbor2	chr20	39068187	39068734	LTR/ERVL-MaLR	2410	-	274	39068461	33812
chr20	39034649	39234649	harbor2	chr20	39070583	39070741	LTR/ERVL-MaLR	654	-	79	39070662	36013
chr20	39034649	39234649	harbor2	chr20	39070896	39071211	LTR/ERVL-MaLR	654	-	158	39071054	36405
chr20	39034649	39234649	harbor2	chr20	39082197	39082469	LTR/ERVL-MaLR	1355	-	136	39082333	47684
chr20	39034649	39234649	harbor2	chr20	39094757	39095091	LTR/ERVL-MaLR	1763	-	167	39094924	60275
chr20	39034649	39234649	harbor2	chr20	39095724	39095825	LTR/ERVL-MaLR	1763	-	50	39095774	61125
chr20	39034649	39234649	harbor2	chr20	39103748	39104200	LTR/ERVL-MaLR	1289	-	226	39103974	69325
chr20	39034649	39234649	harbor2	chr20	39106546	39106938	LTR/ERVL-MaLR	775	-	196	39106742	72093
chr20	39034649	39234649	harbor2	chr20	39117523	39118006	LTR/ERVL-MaLR	1648	-	242	39117765	83116
chr20	39034649	39234649	harbor2	chr20	39118672	39119127	LTR/ERVL-MaLR	402	-	228	39118900	84251
chr20	39034649	39234649	harbor2	chr20	39125315	39125805	LTR/ERVL-MaLR	1901	-	245	39125560	90911
chr20	36011486	36211486	harbor2	chr20	36058470	36058611	LTR/ERVL-MaLR	881	-	70	36058540	47054
chr20	36011486	36211486	harbor2	chr20	36059155	36059310	LTR/ERVL-MaLR	893	-	78	36059233	47747
chr20	36011486	36211486	harbor2	chr20	36061755	36062233	LTR/ERVL-MaLR	1633	-	239	36061994	50508
chr20	36011486	36211486	harbor2	chr20	36081202	36081531	LTR/ERVL-MaLR	1688	-	164	36081366	69880
chr20	36011486	36211486	harbor2	chr20	36084387	36084827	LTR/ERVL-MaLR	1989	-	220	36084607	73121
chr20	36011486	36211486	harbor2	chr20	36085031	36085421	LTR/ERVL-MaLR	872	-	195	36085226	73740
chr20	36011486	36211486	harbor2	chr20	36098311	36098737	LTR/ERVL-MaLR	1851	-	213	36098524	87038
chr20	60471377	60671377	harbor2	chr20	60526390	60526749	LTR/ERVL-MaLR	1805	-	180	60526570	55193
chr20	60214204	60414204	harbor2	chr20	60235987	60236145	LTR/ERVL-MaLR	386	-	79	60236066	21862
chr20	60214204	60414204	harbor2	chr20	60237936	60238308	LTR/ERVL-MaLR	729	-	186	60238122	23918
chr20	60214204	60414204	harbor2	chr20	60243373	60243810	LTR/ERVL-MaLR	1647	-	218	60243591	29387
chr20	60214204	60414204	harbor2	chr20	60248263	60248614	LTR/ERVL-MaLR	1914	-	176	60248439	34235
chr20	60214204	60414204	harbor2	chr20	60259896	60260049	LTR/ERVL-MaLR	419	-	76	60259972	45768
chr20	60214204	60414204	harbor2	chr20	60288746	60288951	LTR/ERVL-MaLR	2031	-	102	60288848	74644
chr20	60214204	60414204	harbor2	chr20	60288983	60289174	LTR/ERVL-MaLR	2031	-	96	60289079	74875
chr20	60214204	60414204	harbor2	chr20	60289176	60290832	LTR/ERVL-MaLR	9307	-	828	60290004	75800
chr20	60214204	60414204	harbor2	chr20	60290833	60291237	LTR/ERVL-MaLR	2525	-	202	60291035	76831
chr20	60214204	60414204	harbor2	chr20	60298167	60298614	LTR/ERVL-MaLR	993	-	224	60298391	84187
chr20	47852225	48052225	harbor2	chr20	47856418	47856723	LTR/ERVL-MaLR	1353	-	152	47856570	4345
chr20	47852225	48052225	harbor2	chr20	47857034	47857134	LTR/ERVL-MaLR	1353	-	50	47857084	4859
chr20	47852225	48052225	harbor2	chr20	47858691	47859148	LTR/ERVL-MaLR	954	-	228	47858919	6694
chr20	47852225	48052225	harbor2	chr20	47862637	47863202	LTR/ERVL-MaLR	2696	-	282	47862919	10694
chr20	47852225	48052225	harbor2	chr20	47882851	47883284	LTR/ERVL-MaLR	671	-	216	47883067	30842
chr20	47852225	48052225	harbor2	chr20	47899941	47900291	LTR/ERVL-MaLR	390	-	175	47900116	47891
chr20	47852225	48052225	harbor2	chr20	47911225	47911411	LTR/ERVL-MaLR	722	-	93	47911318	59093
chr20	47852225	48052225	harbor2	chr20	47911923	47912206	LTR/ERVL-MaLR	1128	-	142	47912065	59840
chr20	47852225	48052225	harbor2	chr20	47920004	47920374	LTR/ERVL-MaLR	2089	-	185	47920189	67964
chr20	47852225	48052225	harbor2	chr20	47926866	47927025	LTR/ERVL-MaLR	432	-	80	47926946	74721
chr20	47852225	48052225	harbor2	chr20	47931091	47931210	LTR/ERVL-MaLR	580	-	60	47931151	78926
chr20	47852225	48052225	harbor2	chr20	47949382	47949756	LTR/ERVL-MaLR	2533	-	187	47949569	97344
chr20	50172323	50372323	harbor2	chr20	50219804	50220054	LTR/ERVL-MaLR	571	-	125	50219929	47606
chr20	60626925	60826925	harbor2	chr20	60635846	60636260	LTR/ERVL-MaLR	1608	-	207	60636053	9128
chr20	60626925	60826925	harbor2	chr20	60648966	60649190	LTR/ERVL-MaLR	1034	-	112	60649078	22153
chr20	60626925	60826925	harbor2	chr20	60666637	60667012	LTR/ERVL-MaLR	2028	-	188	60666825	39900
chr20	10756220	10956220	harbor2	chr20	10788797	10788811	LTR/ERVL-MaLR	1365	-	7	10788804	32584
chr20	10756220	10956220	harbor2	chr20	10788812	10789275	LTR/ERVL-MaLR	1581	-	232	10789044	32824
chr20	10756220	10956220	harbor2	chr20	10789276	10789712	LTR/ERVL-MaLR	1365	-	218	10789494	33274
chr20	10756220	10956220	harbor2	chr20	10791580	10791927	LTR/ERVL-MaLR	1989	-	174	10791754	35534
chr20	10756220	10956220	harbor2	chr20	10802241	10802696	LTR/ERVL-MaLR	1843	-	228	10802469	46249
chr20	10756220	10956220	harbor2	chr20	10816993	10817411	LTR/ERVL-MaLR	560	-	209	10817202	60982
chr20	10756220	10956220	harbor2	chr20	10818415	10818774	LTR/ERVL-MaLR	2530	-	180	10818595	62375
chr20	10756220	10956220	harbor2	chr20	10837637	10837824	LTR/ERVL-MaLR	416	-	94	10837731	81511
chr20	53196618	53396618	harbor2	chr20	53199546	53199840	LTR/ERVL-MaLR	987	-	147	53199693	3075
chr20	53196618	53396618	harbor2	chr20	53201181	53201668	LTR/ERVL-MaLR	2005	-	244	53201425	4807
chr20	53196618	53396618	harbor2	chr20	53212562	53212687	LTR/ERVL-MaLR	426	-	62	53212624	16006
chr20	53196618	53396618	harbor2	chr20	53212769	53213078	LTR/ERVL-MaLR	398	-	154	53212923	16305
chr20	53196618	53396618	harbor2	chr20	53236635	53237010	LTR/ERVL-MaLR	2168	-	188	53236823	40205
chr20	53196618	53396618	harbor2	chr20	53275976	53276205	LTR/ERVL-MaLR	456	-	114	53276090	79472
chr20	53196618	53396618	harbor2	chr20	53277468	53277865	LTR/ERVL-MaLR	601	-	198	53277666	81048
chr20	63740446	63940446	harbor2	chr20	63755230	63755610	LTR/ERVL-MaLR	811	-	190	63755420	14974
chr20	63740446	63940446	harbor2	chr20	63763319	63763712	LTR/ERVL-MaLR	2271	-	196	63763515	23069
chr20	63740446	63940446	harbor2	chr20	63778838	63779192	LTR/ERVL-MaLR	787	-	177	63779015	38569
chr20	63740446	63940446	harbor2	chr20	63791870	63792243	LTR/ERVL-MaLR	1021	-	186	63792056	51610
chr20	30732130	30932130	harbor2	chr20	30826646	30827050	LTR/ERVL-MaLR	585	-	202	30826848	94718
chr20	57096752	57296752	harbor2	chr20	57100256	57100649	LTR/ERVL-MaLR	2090	-	196	57100452	3700
chr20	57096752	57296752	harbor2	chr20	57106081	57106719	LTR/ERVL-MaLR	1410	-	319	57106400	9648
chr20	57096752	57296752	harbor2	chr20	57107084	57107541	LTR/ERVL-MaLR	1894	-	228	57107312	10560
chr20	57096752	57296752	harbor2	chr20	57108175	57108693	LTR/ERVL-MaLR	1026	-	259	57108434	11682
chr20	57096752	57296752	harbor2	chr20	57115378	57115724	LTR/ERVL-MaLR	1689	-	173	57115551	18799
chr20	57096752	57296752	harbor2	chr20	57117123	57117344	LTR/ERVL-MaLR	482	-	110	57117233	20481
chr20	57096752	57296752	harbor2	chr20	57121445	57121811	LTR/ERVL-MaLR	1074	-	183	57121628	24876
chr20	57096752	57296752	harbor2	chr20	57122111	57122226	LTR/ERVL-MaLR	1074	-	58	57122169	25417
chr20	57096752	57296752	harbor2	chr20	57128616	57129234	LTR/ERVL-MaLR	2260	-	309	57128925	32173
chr20	57096752	57296752	harbor2	chr20	57135988	57136154	LTR/ERVL-MaLR	492	-	83	57136071	39319
chr20	57096752	57296752	harbor2	chr20	57144638	57144952	LTR/ERVL-MaLR	1347	-	157	57144795	48043
chr20	57096752	57296752	harbor2	chr20	57151837	57152108	LTR/ERVL-MaLR	1116	-	136	57151973	55221
chr20	57096752	57296752	harbor2	chr20	57181553	57181994	LTR/ERVL-MaLR	801	-	220	57181773	85021
chr20	34052845	34252845	harbor2	chr20	34066464	34066558	LTR/ERVL-MaLR	429	-	47	34066511	13666
chr20	34052845	34252845	harbor2	chr20	34066690	34066847	LTR/ERVL-MaLR	662	-	78	34066768	13923
chr20	34052845	34252845	harbor2	chr20	34070812	34071200	LTR/ERVL-MaLR	2316	-	194	34071006	18161
chr20	34052845	34252845	harbor2	chr20	34083114	34083499	LTR/ERVL-MaLR	895	-	192	34083306	30461
chr20	34052845	34252845	harbor2	chr20	34084031	34084171	LTR/ERVL-MaLR	456	-	70	34084101	31256
chr20	54660516	54860516	harbor2	chr20	54694003	54694328	LTR/ERVL-MaLR	1326	-	162	54694165	33649
chr20	54660516	54860516	harbor2	chr20	54694329	54694694	LTR/ERVL-MaLR	2284	-	182	54694511	33995
chr20	54660516	54860516	harbor2	chr20	54694695	54694816	LTR/ERVL-MaLR	1326	-	60	54694755	34239
chr20	54660516	54860516	harbor2	chr20	54708515	54708890	LTR/ERVL-MaLR	1463	-	188	54708703	48187
chr20	54660516	54860516	harbor2	chr20	54717199	54717553	LTR/ERVL-MaLR	2262	-	177	54717376	56860
chr20	54660516	54860516	harbor2	chr20	54734563	54734746	LTR/ERVL-MaLR	818	-	92	54734655	74139
chr20	54660516	54860516	harbor2	chr20	54734777	54735111	LTR/ERVL-MaLR	818	-	167	54734944	74428
chr20	54660516	54860516	harbor2	chr20	54748049	54748473	LTR/ERVL-MaLR	2396	-	212	54748261	87745
chr20	54660516	54860516	harbor2	chr20	54750612	54750990	LTR/ERVL-MaLR	2101	-	189	54750801	90285
chr20	44607412	44807412	harbor2	chr20	44653929	44653975	LTR/ERVL-MaLR	2278	-	23	44653952	46540
chr20	44607412	44807412	harbor2	chr20	44654287	44654621	LTR/ERVL-MaLR	2278	-	167	44654454	47042
chr20	44607412	44807412	harbor2	chr20	44657870	44658131	LTR/ERVL-MaLR	995	-	130	44658000	50588
chr20	44607412	44807412	harbor2	chr20	44658376	44658481	LTR/ERVL-MaLR	409	-	52	44658428	51016
chr20	44607412	44807412	harbor2	chr20	44659043	44659408	LTR/ERVL-MaLR	1841	-	182	44659225	51813
chr20	44607412	44807412	harbor2	chr20	44660748	44661169	LTR/ERVL-MaLR	1368	-	210	44660958	53546
chr20	44607412	44807412	harbor2	chr20	44690764	44690970	LTR/ERVL-MaLR	595	-	103	44690867	83455
chr20	44607412	44807412	harbor2	chr20	44693541	44693923	LTR/ERVL-MaLR	1211	-	191	44693732	86320
chr20	44607412	44807412	harbor2	chr20	44695925	44696275	LTR/ERVL-MaLR	2096	-	175	44696100	88688
chr20	20728993	20928993	harbor2	chr20	20729117	20729647	LTR/ERVL-MaLR	1297	-	265	20729382	389
chr20	20728993	20928993	harbor2	chr20	20754442	20755009	LTR/ERVL-MaLR	1011	-	284	20754726	25733
chr20	20728993	20928993	harbor2	chr20	20781429	20781765	LTR/ERVL-MaLR	1475	-	168	20781597	52604
chr20	20728993	20928993	harbor2	chr20	20799668	20799824	LTR/ERVL-MaLR	503	-	78	20799746	70753
chr20	20728993	20928993	harbor2	chr20	20774715	20775023	LTR/ERVL-MaLR	1020	-	154	20774869	45876
chr20	62645420	62845420	harbor2	chr20	62654178	62654356	LTR/ERVL-MaLR	416	-	89	62654267	8847
chr20	62645420	62845420	harbor2	chr20	62654797	62655141	LTR/ERVL-MaLR	703	-	172	62654969	9549
chr20	62645420	62845420	harbor2	chr20	62671302	62671502	LTR/ERVL-MaLR	570	-	100	62671402	25982
chr20	62645420	62845420	harbor2	chr20	62702615	62702825	LTR/ERVL-MaLR	459	-	105	62702720	57300
chr20	62645420	62845420	harbor2	chr20	62724700	62725058	LTR/ERVL-MaLR	627	-	179	62724879	79459
chr20	54845685	55045685	harbor2	chr20	54864554	54864920	LTR/ERVL-MaLR	1453	-	183	54864737	19052
chr20	54845685	55045685	harbor2	chr20	54890562	54890817	LTR/ERVL-MaLR	392	-	128	54890690	45005
chr20	54845685	55045685	harbor2	chr20	54916982	54917390	LTR/ERVL-MaLR	2013	-	204	54917186	71501
chr20	54845685	55045685	harbor2	chr20	54919525	54919765	LTR/ERVL-MaLR	1704	-	120	54919645	73960
chr20	54845685	55045685	harbor2	chr20	54920745	54920927	LTR/ERVL-MaLR	410	-	91	54920836	75151
chr20	54845685	55045685	harbor2	chr20	54918834	54919208	LTR/ERVL-MaLR	1704	-	187	54919021	73336
chr20	54769884	54969884	harbor2	chr20	54770242	54770455	LTR/ERVL-MaLR	530	-	106	54770348	464
chr20	54769884	54969884	harbor2	chr20	54773592	54773909	LTR/ERVL-MaLR	827	-	158	54773750	3866
chr20	54769884	54969884	harbor2	chr20	54774525	54774976	LTR/ERVL-MaLR	862	-	226	54774751	4867
chr20	54769884	54969884	harbor2	chr20	54777511	54777856	LTR/ERVL-MaLR	1296	-	172	54777683	7799
chr20	54769884	54969884	harbor2	chr20	54826865	54826970	LTR/ERVL-MaLR	1231	-	52	54826917	57033
chr20	54769884	54969884	harbor2	chr20	54827334	54827700	LTR/ERVL-MaLR	1231	-	183	54827517	57633
chr20	54769884	54969884	harbor2	chr20	54864554	54864920	LTR/ERVL-MaLR	1453	-	183	54864737	94853
chr20	46337360	46537360	harbor2	chr20	46408114	46408239	LTR/ERVL-MaLR	390	-	62	46408176	70816
chr20	46337360	46537360	harbor2	chr20	46414178	46414510	LTR/ERVL-MaLR	2090	-	166	46414344	76984
chr20	60277524	60477524	harbor2	chr20	60288746	60288951	LTR/ERVL-MaLR	2031	-	102	60288848	11324
chr20	60277524	60477524	harbor2	chr20	60288983	60289174	LTR/ERVL-MaLR	2031	-	96	60289079	11555
chr20	60277524	60477524	harbor2	chr20	60289176	60290832	LTR/ERVL-MaLR	9307	-	828	60290004	12480
chr20	60277524	60477524	harbor2	chr20	60290833	60291237	LTR/ERVL-MaLR	2525	-	202	60291035	13511
chr20	60277524	60477524	harbor2	chr20	60298167	60298614	LTR/ERVL-MaLR	993	-	224	60298391	20867
chr20	60277524	60477524	harbor2	chr20	60323553	60323650	LTR/ERVL-MaLR	1428	-	48	60323601	46077
chr20	60277524	60477524	harbor2	chr20	60323949	60324302	LTR/ERVL-MaLR	1428	-	176	60324125	46601
chr20	60277524	60477524	harbor2	chr20	60327650	60328124	LTR/ERVL-MaLR	1359	-	237	60327887	50363
chr20	60277524	60477524	harbor2	chr20	60328219	60328816	LTR/ERVL-MaLR	1466	-	298	60328517	50993
chr20	60277524	60477524	harbor2	chr20	60333253	60333606	LTR/ERVL-MaLR	1760	-	176	60333429	55905
chr20	48409098	48609098	harbor2	chr20	48410723	48410940	LTR/ERVL-MaLR	428	-	108	48410831	1733
chr20	48409098	48609098	harbor2	chr20	48428301	48428405	LTR/ERVL-MaLR	1624	-	52	48428353	19255
chr20	48409098	48609098	harbor2	chr20	48428930	48429263	LTR/ERVL-MaLR	1624	-	166	48429096	19998
chr20	48409098	48609098	harbor2	chr20	48438179	48438518	LTR/ERVL-MaLR	875	-	170	48438349	29251
chr20	48409098	48609098	harbor2	chr20	48440616	48440880	LTR/ERVL-MaLR	536	-	132	48440748	31650
chr20	48409098	48609098	harbor2	chr20	48442108	48442465	LTR/ERVL-MaLR	2212	-	178	48442286	33188
chr20	48409098	48609098	harbor2	chr20	48452281	48452631	LTR/ERVL-MaLR	2044	-	175	48452456	43358
chr20	48409098	48609098	harbor2	chr20	48465286	48465826	LTR/ERVL-MaLR	1715	-	270	48465556	56458
chr20	48409098	48609098	harbor2	chr20	48466323	48466663	LTR/ERVL-MaLR	525	-	170	48466493	57395
chr20	48409098	48609098	harbor2	chr20	48496320	48496375	LTR/ERVL-MaLR	482	-	28	48496348	87250
chr20	48409098	48609098	harbor2	chr20	48496684	48496867	LTR/ERVL-MaLR	482	-	92	48496776	87678
chr20	48409098	48609098	harbor2	chr20	48496868	48497277	LTR/ERVL-MaLR	2630	-	204	48497072	87974
chr20	48409098	48609098	harbor2	chr20	48497278	48497425	LTR/ERVL-MaLR	482	-	74	48497352	88254
chr20	23203992	23403992	harbor2	chr20	23223327	23223692	LTR/ERVL-MaLR	855	-	182	23223509	19517
chr20	23203992	23403992	harbor2	chr20	23233949	23234008	LTR/ERVL-MaLR	1879	-	30	23233979	29987
chr20	23203992	23403992	harbor2	chr20	23234317	23234696	LTR/ERVL-MaLR	1879	-	190	23234507	30515
chr20	23203992	23403992	harbor2	chr20	23234795	23235156	LTR/ERVL-MaLR	1326	-	180	23234975	30983
chr20	23203992	23403992	harbor2	chr20	23256292	23256659	LTR/ERVL-MaLR	1308	-	184	23256476	52484
chr20	23203992	23403992	harbor2	chr20	23259204	23259555	LTR/ERVL-MaLR	1903	-	176	23259380	55388
chr20	23203992	23403992	harbor2	chr20	23263849	23264055	LTR/ERVL-MaLR	1824	-	103	23263952	59960
chr20	23203992	23403992	harbor2	chr20	23264330	23264480	LTR/ERVL-MaLR	1824	-	75	23264405	60413
chr20	23203992	23403992	harbor2	chr20	23301495	23301786	LTR/ERVL-MaLR	612	-	146	23301641	97649
chr20	53374684	53574684	harbor2	chr20	53376750	53376999	LTR/ERVL-MaLR	894	-	124	53376874	2190
chr20	53374684	53574684	harbor2	chr20	53418368	53418712	LTR/ERVL-MaLR	2002	-	172	53418540	43856
chr20	53374684	53574684	harbor2	chr20	53437504	53437636	LTR/ERVL-MaLR	1115	-	66	53437570	62886
chr20	53374684	53574684	harbor2	chr20	53438054	53438098	LTR/ERVL-MaLR	1115	-	22	53438076	63392
chr20	53374684	53574684	harbor2	chr20	53438394	53438675	LTR/ERVL-MaLR	1115	-	140	53438534	63850
chr20	53374684	53574684	harbor2	chr20	53462276	53462447	LTR/ERVL-MaLR	999	-	86	53462362	87678
chr20	62982277	63182277	harbor2	chr20	62991206	62991382	LTR/ERVL-MaLR	545	-	88	62991294	9017
chr20	62982277	63182277	harbor2	chr20	63026317	63026688	LTR/ERVL-MaLR	958	-	186	63026503	44226
chr20	62982277	63182277	harbor2	chr20	63054206	63054577	LTR/ERVL-MaLR	1029	-	186	63054392	72115
chr20	62982277	63182277	harbor2	chr20	63076320	63076732	LTR/ERVL-MaLR	1962	-	206	63076526	94249
chr20	54289413	54489413	harbor2	chr20	54296187	54296563	LTR/ERVL-MaLR	2471	-	188	54296375	6962
chr20	54289413	54489413	harbor2	chr20	54296994	54297358	LTR/ERVL-MaLR	769	-	182	54297176	7763
chr20	54289413	54489413	harbor2	chr20	54298595	54299086	LTR/ERVL-MaLR	2050	-	246	54298841	9428
chr20	54289413	54489413	harbor2	chr20	54303313	54303604	LTR/ERVL-MaLR	601	-	146	54303459	14046
chr20	54289413	54489413	harbor2	chr20	54306252	54306611	LTR/ERVL-MaLR	2128	-	180	54306432	17019
chr20	54289413	54489413	harbor2	chr20	54307239	54307632	LTR/ERVL-MaLR	837	-	196	54307435	18022
chr20	54289413	54489413	harbor2	chr20	54310644	54311039	LTR/ERVL-MaLR	1934	-	198	54310842	21429
chr20	54289413	54489413	harbor2	chr20	54311677	54312054	LTR/ERVL-MaLR	1484	-	188	54311865	22452
chr20	54289413	54489413	harbor2	chr20	54319974	54320494	LTR/ERVL-MaLR	1111	-	260	54320234	30821
chr20	54289413	54489413	harbor2	chr20	54327421	54327860	LTR/ERVL-MaLR	1270	-	220	54327641	38228
chr20	54289413	54489413	harbor2	chr20	54352225	54352417	LTR/ERVL-MaLR	1103	-	96	54352321	62908
chr20	54289413	54489413	harbor2	chr20	54352718	54352882	LTR/ERVL-MaLR	1103	-	82	54352800	63387
chr20	54289413	54489413	harbor2	chr20	54369473	54369638	LTR/ERVL-MaLR	681	-	82	54369555	80142
chr20	26224048	26424048	harbor2	chr20	26253282	26253665	LTR/ERVL-MaLR	1492	-	192	26253474	29426
chr20	26224048	26424048	harbor2	chr20	26275926	26276286	LTR/ERVL-MaLR	2141	-	180	26276106	52058
chr20	26224048	26424048	harbor2	chr20	26276289	26276423	LTR/ERVL-MaLR	602	-	67	26276356	52308
chr20	24624119	24824119	harbor2	chr20	24647821	24648195	LTR/ERVL-MaLR	1462	-	187	24648008	23889
chr20	24624119	24824119	harbor2	chr20	24653673	24654042	LTR/ERVL-MaLR	2002	-	184	24653857	29738
chr20	24624119	24824119	harbor2	chr20	24675390	24675731	LTR/ERVL-MaLR	1531	-	170	24675560	51441
chr20	24624119	24824119	harbor2	chr20	24704692	24705178	LTR/ERVL-MaLR	1113	-	243	24704935	80816
chr20	35952805	36152805	harbor2	chr20	35959330	35959697	LTR/ERVL-MaLR	2442	-	184	35959514	6709
chr20	35952805	36152805	harbor2	chr20	35971983	35972257	LTR/ERVL-MaLR	1090	-	137	35972120	19315
chr20	35952805	36152805	harbor2	chr20	35979338	35979431	LTR/ERVL-MaLR	548	-	46	35979384	26579
chr20	35952805	36152805	harbor2	chr20	35979557	35979631	LTR/ERVL-MaLR	548	-	37	35979594	26789
chr20	35952805	36152805	harbor2	chr20	35995818	35996011	LTR/ERVL-MaLR	1297	-	96	35995914	43109
chr20	35952805	36152805	harbor2	chr20	36003661	36004245	LTR/ERVL-MaLR	1218	-	292	36003953	51148
chr20	23420393	23620393	harbor2	chr20	23456614	23457074	LTR/ERVL-MaLR	1697	-	230	23456844	36451
chr20	23420393	23620393	harbor2	chr20	23483167	23483865	LTR/ERVL-MaLR	1221	-	349	23483516	63123
chr20	23420393	23620393	harbor2	chr20	23497541	23497877	LTR/ERVL-MaLR	2015	-	168	23497709	77316
chr20	23420393	23620393	harbor2	chr20	23499828	23499944	LTR/ERVL-MaLR	473	-	58	23499886	79493
chr20	23420393	23620393	harbor2	chr20	23500001	23500262	LTR/ERVL-MaLR	956	-	130	23500131	79738
chr20	23420393	23620393	harbor2	chr20	23511568	23511749	LTR/ERVL-MaLR	536	-	90	23511658	91265
chr20	50274377	50474377	harbor2	chr20	50328189	50328556	LTR/ERVL-MaLR	2584	-	184	50328373	53996
chr20	50274377	50474377	harbor2	chr20	50335136	50335390	LTR/ERVL-MaLR	927	-	127	50335263	60886
chr20	50274377	50474377	harbor2	chr20	50354994	50355559	LTR/ERVL-MaLR	873	-	282	50355276	80899
chr20	50274377	50474377	harbor2	chr20	50364085	50364213	LTR/ERVL-MaLR	404	-	64	50364149	89772
chr20	50274377	50474377	harbor2	chr20	50367356	50367786	LTR/ERVL-MaLR	973	-	215	50367571	93194
chr20	50274377	50474377	harbor2	chr20	50368903	50369247	LTR/ERVL-MaLR	927	-	172	50369075	94698
chr20	34143738	34343738	harbor2	chr20	34160957	34161227	LTR/ERVL-MaLR	2219	-	135	34161092	17354
chr20	34143738	34343738	harbor2	chr20	34161523	34161623	LTR/ERVL-MaLR	2219	-	50	34161573	17835
chr20	34143738	34343738	harbor2	chr20	34162229	34162269	LTR/ERVL-MaLR	2219	-	20	34162249	18511
chr20	60277847	60477847	harbor2	chr20	60288746	60288951	LTR/ERVL-MaLR	2031	-	102	60288848	11001
chr20	60277847	60477847	harbor2	chr20	60288983	60289174	LTR/ERVL-MaLR	2031	-	96	60289079	11232
chr20	60277847	60477847	harbor2	chr20	60289176	60290832	LTR/ERVL-MaLR	9307	-	828	60290004	12157
chr20	60277847	60477847	harbor2	chr20	60290833	60291237	LTR/ERVL-MaLR	2525	-	202	60291035	13188
chr20	60277847	60477847	harbor2	chr20	60298167	60298614	LTR/ERVL-MaLR	993	-	224	60298391	20544
chr20	60277847	60477847	harbor2	chr20	60323553	60323650	LTR/ERVL-MaLR	1428	-	48	60323601	45754
chr20	60277847	60477847	harbor2	chr20	60323949	60324302	LTR/ERVL-MaLR	1428	-	176	60324125	46278
chr20	60277847	60477847	harbor2	chr20	60327650	60328124	LTR/ERVL-MaLR	1359	-	237	60327887	50040
chr20	60277847	60477847	harbor2	chr20	60328219	60328816	LTR/ERVL-MaLR	1466	-	298	60328517	50670
chr20	60277847	60477847	harbor2	chr20	60333253	60333606	LTR/ERVL-MaLR	1760	-	176	60333429	55582
chr20	36065730	36265730	harbor2	chr20	36081202	36081531	LTR/ERVL-MaLR	1688	-	164	36081366	15636
chr20	36065730	36265730	harbor2	chr20	36084387	36084827	LTR/ERVL-MaLR	1989	-	220	36084607	18877
chr20	36065730	36265730	harbor2	chr20	36085031	36085421	LTR/ERVL-MaLR	872	-	195	36085226	19496
chr20	36065730	36265730	harbor2	chr20	36098311	36098737	LTR/ERVL-MaLR	1851	-	213	36098524	32794
chr20	36065730	36265730	harbor2	chr20	36132128	36132600	LTR/ERVL-MaLR	1744	-	236	36132364	66634
chr20	59913467	60113467	harbor2	chr20	59926226	59926679	LTR/ERVL-MaLR	1437	-	226	59926452	12985
chr20	59913467	60113467	harbor2	chr20	59950895	59951253	LTR/ERVL-MaLR	2375	-	179	59951074	37607
chr20	59913467	60113467	harbor2	chr20	59962237	59962695	LTR/ERVL-MaLR	1773	-	229	59962466	48999
chr20	59913467	60113467	harbor2	chr20	59985211	59985665	LTR/ERVL-MaLR	2427	-	227	59985438	71971
chr20	59913467	60113467	harbor2	chr20	59994525	59994734	LTR/ERVL-MaLR	549	-	104	59994629	81162
chr20	59913467	60113467	harbor2	chr20	59994769	59995027	LTR/ERVL-MaLR	548	-	129	59994898	81431
chr20	59913467	60113467	harbor2	chr20	60006887	60007263	LTR/ERVL-MaLR	1598	-	188	60007075	93608
chr20	59913467	60113467	harbor2	chr20	60010988	60011089	LTR/ERVL-MaLR	411	-	50	60011038	97571
chr20	63555103	63755103	harbor2	chr20	63629509	63629914	LTR/ERVL-MaLR	752	-	202	63629711	74608
chr20	63555103	63755103	harbor2	chr20	63635722	63636009	LTR/ERVL-MaLR	1038	-	144	63635866	80763
chr20	33119712	33319712	harbor2	chr20	33120218	33120591	LTR/ERVL-MaLR	897	-	186	33120404	692
chr20	33119712	33319712	harbor2	chr20	33131166	33131563	LTR/ERVL-MaLR	2158	-	198	33131364	11652
chr20	33119712	33319712	harbor2	chr20	33192275	33192684	LTR/ERVL-MaLR	1860	-	204	33192479	72767
chr20	33119712	33319712	harbor2	chr20	33218431	33218757	LTR/ERVL-MaLR	1584	-	163	33218594	98882
chr20	3440073	3640073	harbor2	chr20	3452484	3453052	LTR/ERVL-MaLR	639	-	284	3452768	12695
chr20	3440073	3640073	harbor2	chr20	3467582	3467736	LTR/ERVL-MaLR	440	-	77	3467659	27586
chr20	3440073	3640073	harbor2	chr20	3467734	3467934	LTR/ERVL-MaLR	1064	-	100	3467834	27761
chr20	3440073	3640073	harbor2	chr20	3467962	3468037	LTR/ERVL-MaLR	1064	-	38	3468000	27927
chr20	3440073	3640073	harbor2	chr20	3469175	3469515	LTR/ERVL-MaLR	426	-	170	3469345	29272
chr20	3440073	3640073	harbor2	chr20	3479589	3480036	LTR/ERVL-MaLR	1789	-	224	3479813	39740
chr20	55998621	56198621	harbor2	chr20	56016030	56016379	LTR/ERVL-MaLR	2499	-	174	56016204	17583
chr20	55998621	56198621	harbor2	chr20	56016618	56016862	LTR/ERVL-MaLR	380	-	122	56016740	18119
chr20	55998621	56198621	harbor2	chr20	56029396	56029908	LTR/ERVL-MaLR	1411	-	256	56029652	31031
chr20	55998621	56198621	harbor2	chr20	56032292	56032390	LTR/ERVL-MaLR	1631	-	49	56032341	33720
chr20	55998621	56198621	harbor2	chr20	56035497	56035946	LTR/ERVL-MaLR	2209	-	224	56035721	37100
chr20	55998621	56198621	harbor2	chr20	56044010	56044531	LTR/ERVL-MaLR	1475	-	260	56044270	45649
chr20	55998621	56198621	harbor2	chr20	56045577	56045948	LTR/ERVL-MaLR	540	-	186	56045763	47142
chr20	55998621	56198621	harbor2	chr20	56064532	56064873	LTR/ERVL-MaLR	1416	-	170	56064702	66081
chr20	55998621	56198621	harbor2	chr20	56093213	56093568	LTR/ERVL-MaLR	2402	-	178	56093391	94770
chr20	55998621	56198621	harbor2	chr20	56093570	56095146	LTR/ERVL-MaLR	11002	-	788	56094358	95737
chr20	55998621	56198621	harbor2	chr20	56095147	56095502	LTR/ERVL-MaLR	2299	-	178	56095325	96704
chr20	55998621	56198621	harbor2	chr20	56033063	56033336	LTR/ERVL-MaLR	1631	-	136	56033199	34578
chr20	52708696	52908696	harbor2	chr20	52711685	52711865	LTR/ERVL-MaLR	849	-	90	52711775	3079
chr20	52708696	52908696	harbor2	chr20	52747844	52748232	LTR/ERVL-MaLR	725	-	194	52748038	39342
chr20	52708696	52908696	harbor2	chr20	52751414	52751779	LTR/ERVL-MaLR	505	-	182	52751596	42900
chr20	52708696	52908696	harbor2	chr20	52754416	52754885	LTR/ERVL-MaLR	1631	-	234	52754650	45954
chr20	52708696	52908696	harbor2	chr20	52754886	52755310	LTR/ERVL-MaLR	2692	-	212	52755098	46402
chr20	52708696	52908696	harbor2	chr20	52755311	52755367	LTR/ERVL-MaLR	1631	-	28	52755339	46643
chr20	52708696	52908696	harbor2	chr20	52765262	52765473	LTR/ERVL-MaLR	1831	-	106	52765368	56672
chr20	52708696	52908696	harbor2	chr20	52765770	52765974	LTR/ERVL-MaLR	1831	-	102	52765872	57176
chr20	52708696	52908696	harbor2	chr20	52766282	52766496	LTR/ERVL-MaLR	1831	-	107	52766389	57693
chr20	52708696	52908696	harbor2	chr20	52784277	52784583	LTR/ERVL-MaLR	1702	-	153	52784430	75734
chr20	48444901	48644901	harbor2	chr20	48452281	48452631	LTR/ERVL-MaLR	2044	-	175	48452456	7555
chr20	48444901	48644901	harbor2	chr20	48465286	48465826	LTR/ERVL-MaLR	1715	-	270	48465556	20655
chr20	48444901	48644901	harbor2	chr20	48466323	48466663	LTR/ERVL-MaLR	525	-	170	48466493	21592
chr20	48444901	48644901	harbor2	chr20	48496320	48496375	LTR/ERVL-MaLR	482	-	28	48496348	51447
chr20	48444901	48644901	harbor2	chr20	48496684	48496867	LTR/ERVL-MaLR	482	-	92	48496776	51875
chr20	48444901	48644901	harbor2	chr20	48496868	48497277	LTR/ERVL-MaLR	2630	-	204	48497072	52171
chr20	48444901	48644901	harbor2	chr20	48497278	48497425	LTR/ERVL-MaLR	482	-	74	48497352	52451
chr20	48444901	48644901	harbor2	chr20	48542457	48542827	LTR/ERVL-MaLR	2266	-	185	48542642	97741
chr21	32461913	32661913	harbor2	chr21	32477229	32477363	LTR/ERVL-MaLR	463	-	67	32477296	15383
chr21	32461913	32661913	harbor2	chr21	32477365	32477677	LTR/ERVL-MaLR	876	-	156	32477521	15608
chr21	32461913	32661913	harbor2	chr21	32485862	32485996	LTR/ERVL-MaLR	528	-	67	32485929	24016
chr21	32461913	32661913	harbor2	chr21	32497652	32498014	LTR/ERVL-MaLR	1963	-	181	32497833	35920
chr21	32461913	32661913	harbor2	chr21	32504813	32505173	LTR/ERVL-MaLR	2843	-	180	32504993	43080
chr21	32461913	32661913	harbor2	chr21	32505561	32505855	LTR/ERVL-MaLR	958	-	147	32505708	43795
chr21	40964138	41164138	harbor2	chr21	40975538	40976114	LTR/ERVL-MaLR	1443	-	288	40975826	11688
chr21	40964138	41164138	harbor2	chr21	40997881	40998328	LTR/ERVL-MaLR	1815	-	224	40998105	33967
chr21	40964138	41164138	harbor2	chr21	41007737	41008100	LTR/ERVL-MaLR	1956	-	182	41007919	43781
chr21	40964138	41164138	harbor2	chr21	41026010	41026492	LTR/ERVL-MaLR	1850	-	241	41026251	62113
chr21	40964138	41164138	harbor2	chr21	41026797	41027174	LTR/ERVL-MaLR	2338	-	188	41026985	62847
chr21	40964138	41164138	harbor2	chr21	41043309	41043706	LTR/ERVL-MaLR	2362	-	198	41043507	79369
chr21	40964138	41164138	harbor2	chr21	41058861	41059362	LTR/ERVL-MaLR	2120	-	250	41059111	94973
chr21	40964138	41164138	harbor2	chr21	41060391	41060741	LTR/ERVL-MaLR	2380	-	175	41060566	96428
chr21	20269700	20469700	harbor2	chr21	20269549	20269898	LTR/ERVL-MaLR	1690	-	174	20269723	23
chr21	20269700	20469700	harbor2	chr21	20275012	20275416	LTR/ERVL-MaLR	2180	-	202	20275214	5514
chr21	20269700	20469700	harbor2	chr21	20290137	20290486	LTR/ERVL-MaLR	1422	-	174	20290311	20611
chr21	20269700	20469700	harbor2	chr21	20294194	20294630	LTR/ERVL-MaLR	856	-	218	20294412	24712
chr21	20269700	20469700	harbor2	chr21	20317262	20317666	LTR/ERVL-MaLR	2090	-	202	20317464	47764
chr21	20269700	20469700	harbor2	chr21	20326919	20327271	LTR/ERVL-MaLR	1482	-	176	20327095	57395
chr21	20269700	20469700	harbor2	chr21	20330664	20330682	LTR/ERVL-MaLR	1945	-	9	20330673	60973
chr21	20269700	20469700	harbor2	chr21	20330683	20331129	LTR/ERVL-MaLR	1995	-	223	20330906	61206
chr21	20269700	20469700	harbor2	chr21	20331130	20331498	LTR/ERVL-MaLR	1945	-	184	20331314	61614
chr21	43085593	43285593	harbor2	chr21	43137133	43137469	LTR/ERVL-MaLR	1293	-	168	43137301	51708
chr21	43085593	43285593	harbor2	chr21	43143037	43143478	LTR/ERVL-MaLR	1515	-	220	43143257	57664
chr21	43085593	43285593	harbor2	chr21	43148983	43149415	LTR/ERVL-MaLR	1368	-	216	43149199	63606
chr21	43085593	43285593	harbor2	chr21	43152803	43153131	LTR/ERVL-MaLR	1501	-	164	43152967	67374
chr21	43085593	43285593	harbor2	chr21	43162972	43163174	LTR/ERVL-MaLR	1518	-	101	43163073	77480
chr21	43085593	43285593	harbor2	chr21	43163471	43163643	LTR/ERVL-MaLR	1518	-	86	43163557	77964
chr21	43085593	43285593	harbor2	chr21	43179090	43179488	LTR/ERVL-MaLR	732	-	199	43179289	93696
chr21	40332699	40532699	harbor2	chr21	40390495	40390919	LTR/ERVL-MaLR	1530	-	212	40390707	58008
chr21	40332699	40532699	harbor2	chr21	40431827	40431917	LTR/ERVL-MaLR	1481	-	45	40431872	99173
chr21	40332699	40532699	harbor2	chr21	40432241	40432625	LTR/ERVL-MaLR	1481	-	192	40432433	99734
chr21	26958869	27158869	harbor2	chr21	26987347	26987760	LTR/ERVL-MaLR	818	-	206	26987553	28684
chr21	26958869	27158869	harbor2	chr21	26987837	26989178	LTR/ERVL-MaLR	3944	-	670	26988507	29638
chr21	26958869	27158869	harbor2	chr21	26999625	27000000	LTR/ERVL-MaLR	1866	-	188	26999813	40944
chr21	26958869	27158869	harbor2	chr21	27002616	27002972	LTR/ERVL-MaLR	2203	-	178	27002794	43925
chr21	26958869	27158869	harbor2	chr21	27045970	27046340	LTR/ERVL-MaLR	1309	-	185	27046155	87286
chr21	38043287	38243287	harbor2	chr21	38044021	38044376	LTR/ERVL-MaLR	2235	-	178	38044199	912
chr21	38043287	38243287	harbor2	chr21	38055484	38055843	LTR/ERVL-MaLR	1027	-	180	38055664	12377
chr21	38043287	38243287	harbor2	chr21	38063360	38063724	LTR/ERVL-MaLR	2176	-	182	38063542	20255
chr21	38043287	38243287	harbor2	chr21	38063753	38064063	LTR/ERVL-MaLR	1297	-	155	38063908	20621
chr21	38043287	38243287	harbor2	chr21	38064060	38064168	LTR/ERVL-MaLR	539	-	54	38064114	20827
chr21	38043287	38243287	harbor2	chr21	38064164	38064391	LTR/ERVL-MaLR	1042	-	114	38064278	20991
chr21	38043287	38243287	harbor2	chr21	38066737	38066801	LTR/ERVL-MaLR	1034	-	32	38066769	23482
chr21	38043287	38243287	harbor2	chr21	38067101	38067503	LTR/ERVL-MaLR	1034	-	201	38067302	24015
chr21	38043287	38243287	harbor2	chr21	38090298	38090431	LTR/ERVL-MaLR	781	-	66	38090364	47077
chr21	38043287	38243287	harbor2	chr21	38107087	38107506	LTR/ERVL-MaLR	2476	-	210	38107297	64010
chr21	39335565	39535565	harbor2	chr21	39357819	39357946	LTR/ERVL-MaLR	1064	-	64	39357883	22318
chr21	39335565	39535565	harbor2	chr21	39394488	39394845	LTR/ERVL-MaLR	2167	-	178	39394666	59101
chr21	39335565	39535565	harbor2	chr21	39417550	39417759	LTR/ERVL-MaLR	2461	-	104	39417654	82089
chr21	39335565	39535565	harbor2	chr21	39418065	39418250	LTR/ERVL-MaLR	2461	-	92	39418157	82592
chr21	17503818	17703818	harbor2	chr21	17539917	17540288	LTR/ERVL-MaLR	1354	-	186	17540103	36285
chr21	17503818	17703818	harbor2	chr21	17546338	17546694	LTR/ERVL-MaLR	2307	-	178	17546516	42698
chr21	17503818	17703818	harbor2	chr21	17570425	17570695	LTR/ERVL-MaLR	1147	-	135	17570560	66742
chr21	17503818	17703818	harbor2	chr21	17572981	17573365	LTR/ERVL-MaLR	1030	-	192	17573173	69355
chr21	38124793	38324793	harbor2	chr21	38192445	38192786	LTR/ERVL-MaLR	2193	-	170	38192615	67822
chr21	38124793	38324793	harbor2	chr21	38210407	38210822	LTR/ERVL-MaLR	1340	-	208	38210615	85822
chr21	38124793	38324793	harbor2	chr21	38215846	38216013	LTR/ERVL-MaLR	822	-	84	38215930	91137
chr21	38124793	38324793	harbor2	chr21	38216010	38216099	LTR/ERVL-MaLR	543	-	44	38216054	91261
chr21	38124793	38324793	harbor2	chr21	38216096	38216447	LTR/ERVL-MaLR	1489	-	176	38216272	91479
chr21	32591316	32791316	harbor2	chr21	32598328	32598544	LTR/ERVL-MaLR	1009	-	108	32598436	7120
chr21	16838296	17038296	harbor2	chr21	16846220	16846599	LTR/ERVL-MaLR	1150	-	190	16846410	8114
chr21	16838296	17038296	harbor2	chr21	16885350	16885792	LTR/ERVL-MaLR	731	-	221	16885571	47275
chr21	16838296	17038296	harbor2	chr21	16885811	16887093	LTR/ERVL-MaLR	3538	-	641	16886452	48156
chr21	16838296	17038296	harbor2	chr21	16887297	16887564	LTR/ERVL-MaLR	700	-	134	16887431	49135
chr21	16838296	17038296	harbor2	chr21	16898476	16898763	LTR/ERVL-MaLR	1713	-	144	16898620	60324
chr21	16838296	17038296	harbor2	chr21	16898762	16898947	LTR/ERVL-MaLR	963	-	92	16898854	60558
chr21	16838296	17038296	harbor2	chr21	16899093	16899509	LTR/ERVL-MaLR	533	-	208	16899301	61005
chr21	38078052	38278052	harbor2	chr21	38090298	38090431	LTR/ERVL-MaLR	781	-	66	38090364	12312
chr21	38078052	38278052	harbor2	chr21	38107087	38107506	LTR/ERVL-MaLR	2476	-	210	38107297	29245
chr21	46408142	46608142	harbor2	chr21	46427290	46427565	LTR/ERVL-MaLR	624	-	138	46427428	19286
chr21	46408142	46608142	harbor2	chr21	46464460	46464793	LTR/ERVL-MaLR	1312	-	166	46464626	56484
chr21	46408142	46608142	harbor2	chr21	46480112	46480470	LTR/ERVL-MaLR	2415	-	179	46480291	72149
chr21	46408142	46608142	harbor2	chr21	46489524	46489661	LTR/ERVL-MaLR	487	-	68	46489592	81450
chr21	44205753	44405753	harbor2	chr21	44244445	44244608	LTR/ERVL-MaLR	622	-	82	44244527	38774
chr21	44205753	44405753	harbor2	chr21	44257727	44258133	LTR/ERVL-MaLR	1033	-	203	44257930	52177
chr21	44205753	44405753	harbor2	chr21	44274854	44275231	LTR/ERVL-MaLR	1800	-	188	44275042	69289
chr21	44205753	44405753	harbor2	chr21	44275346	44275432	LTR/ERVL-MaLR	533	-	43	44275389	69636
chr21	44205753	44405753	harbor2	chr21	44280300	44280451	LTR/ERVL-MaLR	1050	-	76	44280376	74623
chr21	44205753	44405753	harbor2	chr21	44280738	44280892	LTR/ERVL-MaLR	1050	-	77	44280815	75062
chr21	44205753	44405753	harbor2	chr21	44289090	44289442	LTR/ERVL-MaLR	753	-	176	44289266	83513
chr21	45694072	45894072	harbor2	chr21	45699547	45699909	LTR/ERVL-MaLR	2376	-	181	45699728	5656
chr21	45694072	45894072	harbor2	chr21	45699910	45700038	LTR/ERVL-MaLR	887	-	64	45699974	5902
chr21	45694072	45894072	harbor2	chr21	45716360	45716733	LTR/ERVL-MaLR	1610	-	186	45716546	22474
chr21	45694072	45894072	harbor2	chr21	45747014	45747372	LTR/ERVL-MaLR	2395	-	179	45747193	53121
chr21	45694072	45894072	harbor2	chr21	45762045	45762477	LTR/ERVL-MaLR	1028	-	216	45762261	68189
chr21	45694072	45894072	harbor2	chr21	45762784	45762847	LTR/ERVL-MaLR	1028	-	32	45762816	68744
chr21	45225959	45425959	harbor2	chr21	45295709	45295862	LTR/ERVL-MaLR	501	-	76	45295785	69826
chr21	44066182	44266182	harbor2	chr21	44156534	44156879	LTR/ERVL-MaLR	557	-	172	44156706	90524
chr21	44066182	44266182	harbor2	chr21	44157832	44158129	LTR/ERVL-MaLR	745	-	148	44157980	91798
chr21	27240520	27440520	harbor2	chr21	27241391	27241749	LTR/ERVL-MaLR	2343	-	179	27241570	1050
chr21	27240520	27440520	harbor2	chr21	27270012	27270472	LTR/ERVL-MaLR	1686	-	230	27270242	29722
chr21	27240520	27440520	harbor2	chr21	27278835	27279195	LTR/ERVL-MaLR	1926	-	180	27279015	38495
chr21	27240520	27440520	harbor2	chr21	27283231	27283307	LTR/ERVL-MaLR	1057	-	38	27283269	42749
chr21	27240520	27440520	harbor2	chr21	27283602	27283927	LTR/ERVL-MaLR	1057	-	162	27283764	43244
chr21	27240520	27440520	harbor2	chr21	27288193	27288544	LTR/ERVL-MaLR	2642	-	176	27288369	47849
chr21	27240520	27440520	harbor2	chr21	27294122	27294473	LTR/ERVL-MaLR	2271	-	176	27294298	53778
chr21	27240520	27440520	harbor2	chr21	27295342	27295722	LTR/ERVL-MaLR	2008	-	190	27295532	55012
chr21	27240520	27440520	harbor2	chr21	27327423	27327517	LTR/ERVL-MaLR	574	-	47	27327470	86950
chr21	27240520	27440520	harbor2	chr21	27327517	27327622	LTR/ERVL-MaLR	646	-	52	27327569	87049
chr21	27240520	27440520	harbor2	chr21	27334415	27334678	LTR/ERVL-MaLR	1965	-	132	27334547	94027
chr21	27240520	27440520	harbor2	chr21	27334759	27334805	LTR/ERVL-MaLR	1965	-	23	27334782	94262
chr21	45082424	45282424	harbor2	chr21	45116516	45116890	LTR/ERVL-MaLR	2812	-	187	45116703	34279
chr21	45082424	45282424	harbor2	chr21	45133198	45133613	LTR/ERVL-MaLR	1556	-	208	45133406	50982
chr21	45082424	45282424	harbor2	chr21	45159089	45159445	LTR/ERVL-MaLR	2018	-	178	45159267	76843
chr21	24793042	24993042	harbor2	chr21	24804761	24805201	LTR/ERVL-MaLR	1599	-	220	24804981	11939
chr21	24793042	24993042	harbor2	chr21	24809002	24809158	LTR/ERVL-MaLR	1131	-	78	24809080	16038
chr21	24793042	24993042	harbor2	chr21	24855878	24856272	LTR/ERVL-MaLR	1433	-	197	24856075	63033
chr21	24793042	24993042	harbor2	chr21	24877640	24877971	LTR/ERVL-MaLR	1248	-	166	24877806	84764
chr21	24793042	24993042	harbor2	chr21	24885108	24885471	LTR/ERVL-MaLR	2751	-	182	24885290	92248
chr21	24793042	24993042	harbor2	chr21	24892243	24892606	LTR/ERVL-MaLR	1590	-	182	24892425	99383
chr21	37160666	37360666	harbor2	chr21	37162725	37163078	LTR/ERVL-MaLR	2254	-	176	37162901	2235
chr21	37160666	37360666	harbor2	chr21	37168688	37169170	LTR/ERVL-MaLR	1686	-	241	37168929	8263
chr21	37160666	37360666	harbor2	chr21	37177026	37177461	LTR/ERVL-MaLR	518	-	218	37177244	16578
chr21	37160666	37360666	harbor2	chr21	37183481	37183933	LTR/ERVL-MaLR	746	-	226	37183707	23041
chr21	45650344	45850344	harbor2	chr21	45671235	45671546	LTR/ERVL-MaLR	675	-	156	45671391	21047
chr21	45650344	45850344	harbor2	chr21	45671943	45671976	LTR/ERVL-MaLR	1352	-	16	45671959	21615
chr21	45650344	45850344	harbor2	chr21	45672371	45673084	LTR/ERVL-MaLR	1352	-	356	45672727	22383
chr21	45650344	45850344	harbor2	chr21	45680857	45681226	LTR/ERVL-MaLR	1460	-	184	45681041	30697
chr21	45650344	45850344	harbor2	chr21	45699547	45699909	LTR/ERVL-MaLR	2376	-	181	45699728	49384
chr21	45650344	45850344	harbor2	chr21	45699910	45700038	LTR/ERVL-MaLR	887	-	64	45699974	49630
chr21	45650344	45850344	harbor2	chr21	45716360	45716733	LTR/ERVL-MaLR	1610	-	186	45716546	66202
chr21	45650344	45850344	harbor2	chr21	45747014	45747372	LTR/ERVL-MaLR	2395	-	179	45747193	96849
chr21	35539288	35739288	harbor2	chr21	35542095	35542451	LTR/ERVL-MaLR	1612	-	178	35542273	2985
chr21	35539288	35739288	harbor2	chr21	35568602	35568971	LTR/ERVL-MaLR	2493	-	184	35568786	29498
chr21	35539288	35739288	harbor2	chr21	35614017	35614427	LTR/ERVL-MaLR	2281	-	205	35614222	74934
chr21	35539288	35739288	harbor2	chr21	35629424	35629942	LTR/ERVL-MaLR	1636	-	259	35629683	90395
chr21	35539288	35739288	harbor2	chr21	35634888	35635252	LTR/ERVL-MaLR	1277	-	182	35635070	95782
chr21	38926642	39126642	harbor2	chr21	38927149	38927638	LTR/ERVL-MaLR	1621	-	244	38927393	751
chr21	38926642	39126642	harbor2	chr21	38930475	38930616	LTR/ERVL-MaLR	462	-	70	38930545	3903
chr21	38926642	39126642	harbor2	chr21	38938917	38939268	LTR/ERVL-MaLR	1806	-	176	38939093	12451
chr21	38926642	39126642	harbor2	chr21	38961289	38961337	LTR/ERVL-MaLR	1839	-	24	38961313	34671
chr21	38926642	39126642	harbor2	chr21	38961640	38962046	LTR/ERVL-MaLR	1839	-	203	38961843	35201
chr21	38926642	39126642	harbor2	chr21	38987515	38987935	LTR/ERVL-MaLR	1735	-	210	38987725	61083
chr21	38926642	39126642	harbor2	chr21	38995391	38995770	LTR/ERVL-MaLR	2099	-	190	38995581	68939
chr21	38926642	39126642	harbor2	chr21	39005215	39005637	LTR/ERVL-MaLR	1310	-	211	39005426	78784
chr21	38926642	39126642	harbor2	chr21	39013565	39013741	LTR/ERVL-MaLR	2203	-	88	39013653	87011
chr21	38926642	39126642	harbor2	chr21	39014059	39014238	LTR/ERVL-MaLR	2203	-	90	39014149	87507
chr21	38926642	39126642	harbor2	chr21	39016932	39017234	LTR/ERVL-MaLR	1895	-	151	39017083	90441
chr21	38926642	39126642	harbor2	chr21	39017283	39017396	LTR/ERVL-MaLR	1895	-	56	39017339	90697
chr21	38926642	39126642	harbor2	chr21	39023789	39024138	LTR/ERVL-MaLR	1006	-	174	39023963	97321
chr21	38926642	39126642	harbor2	chr21	39024140	39024371	LTR/ERVL-MaLR	775	-	116	39024256	97614
chr21	38926642	39126642	harbor2	chr21	39025283	39025703	LTR/ERVL-MaLR	2317	-	210	39025493	98851
chr21	46545722	46745722	harbor2	chr21	46617056	46617426	LTR/ERVL-MaLR	2801	-	185	46617241	71519
chr21	46545722	46745722	harbor2	chr21	46625432	46625796	LTR/ERVL-MaLR	686	-	182	46625614	79892
chr21	46545722	46745722	harbor2	chr21	46625960	46626506	LTR/ERVL-MaLR	1126	-	273	46626233	80511
chr21	46545722	46745722	harbor2	chr21	46626687	46627153	LTR/ERVL-MaLR	507	-	233	46626920	81198
chr21	46545722	46745722	harbor2	chr21	46627202	46627578	LTR/ERVL-MaLR	2588	-	188	46627390	81668
chr21	46545722	46745722	harbor2	chr21	46628446	46628749	LTR/ERVL-MaLR	561	-	152	46628598	82876
chr21	45977867	46177867	harbor2	chr21	46007950	46008000	LTR/ERVL-MaLR	1967	-	25	46007975	30108
chr21	45977867	46177867	harbor2	chr21	46008316	46008632	LTR/ERVL-MaLR	1967	-	158	46008474	30607
chr21	45977867	46177867	harbor2	chr21	46013914	46014186	LTR/ERVL-MaLR	1127	-	136	46014050	36183
chr21	45977867	46177867	harbor2	chr21	46018539	46018915	LTR/ERVL-MaLR	1225	-	188	46018727	40860
chr21	45977867	46177867	harbor2	chr21	46071580	46071892	LTR/ERVL-MaLR	947	-	156	46071736	93869
chr21	20865091	21065091	harbor2	chr21	20874186	20874648	LTR/ERVL-MaLR	1638	-	231	20874417	9326
chr21	20865091	21065091	harbor2	chr21	20884449	20884987	LTR/ERVL-MaLR	1693	-	269	20884718	19627
chr21	20865091	21065091	harbor2	chr21	20912362	20912771	LTR/ERVL-MaLR	2469	-	204	20912566	47475
chr21	20865091	21065091	harbor2	chr21	20939101	20939481	LTR/ERVL-MaLR	2099	-	190	20939291	74200
chr21	36841204	37041204	harbor2	chr21	36901445	36901882	LTR/ERVL-MaLR	1586	-	218	36901663	60459
chr21	44744645	44944645	harbor2	chr21	44754986	44755095	LTR/ERVL-MaLR	511	-	54	44755040	10395
chr21	44744645	44944645	harbor2	chr21	44796612	44797145	LTR/ERVL-MaLR	1072	-	266	44796878	52233
chr21	44744645	44944645	harbor2	chr21	44821638	44821995	LTR/ERVL-MaLR	1149	-	178	44821816	77171
chr21	32560557	32760557	harbor2	chr21	32598328	32598544	LTR/ERVL-MaLR	1009	-	108	32598436	37879
chr21	31130468	31330468	harbor2	chr21	31228722	31229099	LTR/ERVL-MaLR	2983	-	188	31228910	98442
chr22	20838466	21038466	harbor2	chr22	20898578	20898882	LTR/ERVL-MaLR	1131	-	152	20898730	60264
chr22	46862547	47062547	harbor2	chr22	46870580	46870968	LTR/ERVL-MaLR	1481	-	194	46870774	8227
chr22	46862547	47062547	harbor2	chr22	46899634	46899819	LTR/ERVL-MaLR	587	-	92	46899726	37179
chr22	46862547	47062547	harbor2	chr22	46957254	46957624	LTR/ERVL-MaLR	1777	-	185	46957439	94892
chr22	39677995	39877995	harbor2	chr22	39700665	39700910	LTR/ERVL-MaLR	711	-	122	39700787	22792
chr22	49635739	49835739	harbor2	chr22	49657330	49657700	LTR/ERVL-MaLR	1663	-	185	49657515	21776
chr22	49635739	49835739	harbor2	chr22	49658448	49658902	LTR/ERVL-MaLR	834	-	227	49658675	22936
chr22	49635739	49835739	harbor2	chr22	49693215	49693407	LTR/ERVL-MaLR	577	-	96	49693311	57572
chr22	49635739	49835739	harbor2	chr22	49710963	49711166	LTR/ERVL-MaLR	811	-	102	49711065	75326
chr22	49635739	49835739	harbor2	chr22	49718495	49718985	LTR/ERVL-MaLR	1191	-	245	49718740	83001
chr22	43470625	43670625	harbor2	chr22	43493872	43494043	LTR/ERVL-MaLR	1324	-	86	43493958	23333
chr22	43470625	43670625	harbor2	chr22	43494340	43494694	LTR/ERVL-MaLR	1324	-	177	43494517	23892
chr22	43470625	43670625	harbor2	chr22	43494733	43495094	LTR/ERVL-MaLR	2299	-	180	43494913	24288
chr22	43470625	43670625	harbor2	chr22	43538803	43539265	LTR/ERVL-MaLR	1833	-	231	43539034	68409
chr22	45710349	45910349	harbor2	chr22	45720770	45720954	LTR/ERVL-MaLR	1035	-	92	45720862	10513
chr22	46331044	46531044	harbor2	chr22	46426306	46426622	LTR/ERVL-MaLR	1280	-	158	46426464	95420
chr22	42278960	42478960	harbor2	chr22	42337624	42338068	LTR/ERVL-MaLR	830	-	222	42337846	58886
chr22	42278960	42478960	harbor2	chr22	42371346	42371511	LTR/ERVL-MaLR	788	-	82	42371428	92468
chr22	42278960	42478960	harbor2	chr22	42374223	42374661	LTR/ERVL-MaLR	1442	-	219	42374442	95482
chr22	16621610	16821610	harbor2	chr22	16630387	16630601	LTR/ERVL-MaLR	1098	-	107	16630494	8884
chr22	16621610	16821610	harbor2	chr22	16705475	16705606	LTR/ERVL-MaLR	454	-	66	16705541	83931
chr22	49782793	49982793	harbor2	chr22	49831539	49832028	LTR/ERVL-MaLR	801	-	244	49831783	48990
chr22	49782793	49982793	harbor2	chr22	49866752	49866950	LTR/ERVL-MaLR	674	-	99	49866851	84058
chr22	16215408	16415408	harbor2	chr22	16250549	16250887	LTR/ERVL-MaLR	1944	-	169	16250718	35310
chr22	16215408	16415408	harbor2	chr22	16253646	16253887	LTR/ERVL-MaLR	1154	-	120	16253766	38358
chr22	16215408	16415408	harbor2	chr22	16254181	16254451	LTR/ERVL-MaLR	1154	-	135	16254316	38908
chr22	16215408	16415408	harbor2	chr22	16256090	16256368	LTR/ERVL-MaLR	1390	-	139	16256229	40821
chr22	16215408	16415408	harbor2	chr22	16302844	16303121	LTR/ERVL-MaLR	1359	-	138	16302982	87574
chr22	47083476	47283476	harbor2	chr22	47119450	47119498	LTR/ERVL-MaLR	732	-	24	47119474	35998
chr22	47083476	47283476	harbor2	chr22	47119795	47120001	LTR/ERVL-MaLR	732	-	103	47119898	36422
chr22	47083476	47283476	harbor2	chr22	47130849	47131247	LTR/ERVL-MaLR	1915	-	199	47131048	47572
chr22	47083476	47283476	harbor2	chr22	47138655	47139006	LTR/ERVL-MaLR	1619	-	176	47138831	55355
chr22	47083476	47283476	harbor2	chr22	47140962	47141321	LTR/ERVL-MaLR	2565	-	180	47141142	57666
chr22	47083476	47283476	harbor2	chr22	47152964	47153425	LTR/ERVL-MaLR	718	-	230	47153194	69718
chr22	29739598	29939598	harbor2	chr22	29839355	29839433	LTR/ERVL-MaLR	1217	-	39	29839394	99796
chr22	27639704	27839704	harbor2	chr22	27656906	27657287	LTR/ERVL-MaLR	1522	-	190	27657096	17392
chr22	27639704	27839704	harbor2	chr22	27666470	27666961	LTR/ERVL-MaLR	1829	-	246	27666716	27012
chr22	27639704	27839704	harbor2	chr22	27676605	27677073	LTR/ERVL-MaLR	1695	-	234	27676839	37135
chr22	27639704	27839704	harbor2	chr22	27678532	27678833	LTR/ERVL-MaLR	881	-	150	27678682	38978
chr22	27639704	27839704	harbor2	chr22	27680319	27680720	LTR/ERVL-MaLR	1206	-	200	27680519	40815
chr22	27639704	27839704	harbor2	chr22	27703679	27704119	LTR/ERVL-MaLR	1099	-	220	27703899	64195
chr22	27639704	27839704	harbor2	chr22	27704866	27705230	LTR/ERVL-MaLR	2098	-	182	27705048	65344
chr22	27639704	27839704	harbor2	chr22	27705776	27706151	LTR/ERVL-MaLR	2446	-	188	27705964	66260
chr22	27639704	27839704	harbor2	chr22	27708041	27708264	LTR/ERVL-MaLR	1724	-	112	27708153	68449
chr22	27639704	27839704	harbor2	chr22	27708888	27708910	LTR/ERVL-MaLR	1724	-	11	27708899	69195
chr22	27639704	27839704	harbor2	chr22	27709294	27709436	LTR/ERVL-MaLR	1724	-	71	27709365	69661
chr22	27639704	27839704	harbor2	chr22	27715993	27716543	LTR/ERVL-MaLR	2418	-	275	27716268	76564
chr22	27639704	27839704	harbor2	chr22	27716998	27717421	LTR/ERVL-MaLR	1994	-	212	27717210	77506
chr22	27639704	27839704	harbor2	chr22	27719592	27719907	LTR/ERVL-MaLR	790	-	158	27719750	80046
chr22	27639704	27839704	harbor2	chr22	27722083	27722431	LTR/ERVL-MaLR	1067	-	174	27722257	82553
chr22	27639704	27839704	harbor2	chr22	27722805	27722936	LTR/ERVL-MaLR	1067	-	66	27722871	83167
chr22	50613553	50813553	harbor2	chr22	50635942	50636308	LTR/ERVL-MaLR	2508	-	183	50636125	22572
chr22	50613553	50813553	harbor2	chr22	50657600	50657790	LTR/ERVL-MaLR	592	-	95	50657695	44142
chr22	42313571	42513571	harbor2	chr22	42337624	42338068	LTR/ERVL-MaLR	830	-	222	42337846	24275
chr22	42313571	42513571	harbor2	chr22	42371346	42371511	LTR/ERVL-MaLR	788	-	82	42371428	57857
chr22	42313571	42513571	harbor2	chr22	42374223	42374661	LTR/ERVL-MaLR	1442	-	219	42374442	60871
chr22	44458426	44658426	harbor2	chr22	44461884	44462240	LTR/ERVL-MaLR	453	-	178	44462062	3636
chr22	44458426	44658426	harbor2	chr22	44468500	44468745	LTR/ERVL-MaLR	1220	-	122	44468622	10196
chr22	44458426	44658426	harbor2	chr22	44487243	44487544	LTR/ERVL-MaLR	782	-	150	44487393	28967
chr22	44458426	44658426	harbor2	chr22	44529243	44529579	LTR/ERVL-MaLR	1086	-	168	44529411	70985
chr22	46484342	46684342	harbor2	chr22	46497440	46497747	LTR/ERVL-MaLR	581	-	154	46497594	13252
chr22	46484342	46684342	harbor2	chr22	46564752	46564819	LTR/ERVL-MaLR	2041	-	34	46564786	80444
chr22	46484342	46684342	harbor2	chr22	46565129	46565509	LTR/ERVL-MaLR	2041	-	190	46565319	80977
chr22	46484342	46684342	harbor2	chr22	46566397	46566698	LTR/ERVL-MaLR	1164	-	150	46566547	82205
chr22	46484342	46684342	harbor2	chr22	46570734	46571138	LTR/ERVL-MaLR	2045	-	202	46570936	86594
chr22	46484342	46684342	harbor2	chr22	46574071	46574450	LTR/ERVL-MaLR	2016	-	190	46574261	89919
chr22	50642824	50842824	harbor2	chr22	50657600	50657790	LTR/ERVL-MaLR	592	-	95	50657695	14871
chr22	50642824	50842824	harbor2	chr22	50724429	50724695	LTR/ERVL-MaLR	595	-	133	50724562	81738
chr22	34816010	35016010	harbor2	chr22	34827973	34828382	LTR/ERVL-MaLR	1270	-	204	34828177	12167
chr22	34816010	35016010	harbor2	chr22	34859094	34859591	LTR/ERVL-MaLR	1890	-	248	34859342	43332
chr22	34816010	35016010	harbor2	chr22	34873290	34873310	LTR/ERVL-MaLR	2051	-	10	34873300	57290
chr22	34816010	35016010	harbor2	chr22	34873311	34873675	LTR/ERVL-MaLR	2715	-	182	34873493	57483
chr22	34816010	35016010	harbor2	chr22	34873676	34874068	LTR/ERVL-MaLR	2051	-	196	34873872	57862
chr22	34816010	35016010	harbor2	chr22	34888494	34888794	LTR/ERVL-MaLR	1925	-	150	34888644	72634
chr22	34816010	35016010	harbor2	chr22	34891152	34891217	LTR/ERVL-MaLR	1925	-	32	34891184	75174
chr22	34816010	35016010	harbor2	chr22	34899898	34900414	LTR/ERVL-MaLR	1148	-	258	34900156	84146
chr22	34816010	35016010	harbor2	chr22	34908870	34909280	LTR/ERVL-MaLR	1584	-	205	34909075	93065
chr22	34816010	35016010	harbor2	chr22	34815781	34816118	LTR/ERVL-MaLR	1641	-	168	34815949	61
chr22	39154963	39354963	harbor2	chr22	39222026	39222283	LTR/ERVL-MaLR	678	-	128	39222154	67191
chr22	26071598	26271598	harbor2	chr22	26106939	26107308	LTR/ERVL-MaLR	2197	-	184	26107123	35525
chr22	26071598	26271598	harbor2	chr22	26109109	26109575	LTR/ERVL-MaLR	2806	-	233	26109342	37744
chr22	26071598	26271598	harbor2	chr22	26112658	26113015	LTR/ERVL-MaLR	2311	-	178	26112836	41238
chr22	26071598	26271598	harbor2	chr22	26113017	26113395	LTR/ERVL-MaLR	2189	-	189	26113206	41608
chr22	26071598	26271598	harbor2	chr22	26123450	26123857	LTR/ERVL-MaLR	2718	-	204	26123654	52056
chr22	26071598	26271598	harbor2	chr22	26141500	26141865	LTR/ERVL-MaLR	1750	-	182	26141682	70084
chr22	46127582	46327582	harbor2	chr22	46176673	46176830	LTR/ERVL-MaLR	1093	-	78	46176751	49169
chr22	46127582	46327582	harbor2	chr22	46178993	46179248	LTR/ERVL-MaLR	659	-	128	46179121	51539
chr22	46127582	46327582	harbor2	chr22	46220984	46221357	LTR/ERVL-MaLR	2090	-	186	46221170	93588
chr22	11078144	11278144	harbor2	chr22	11127571	11127998	LTR/ERVL-MaLR	1828	-	214	11127785	49641
chr22	11078144	11278144	harbor2	chr22	11128017	11129768	LTR/ERVL-MaLR	5338	-	876	11128893	50749
chr22	11078144	11278144	harbor2	chr22	11129769	11130181	LTR/ERVL-MaLR	1898	-	206	11129975	51831
chr22	11078144	11278144	harbor2	chr22	11142103	11142464	LTR/ERVL-MaLR	1918	-	180	11142283	64139
chr22	11078144	11278144	harbor2	chr22	11150267	11150641	LTR/ERVL-MaLR	2054	-	187	11150454	72310
chr22	50322576	50522576	harbor2	chr22	50380021	50380232	LTR/ERVL-MaLR	802	-	106	50380127	57551
chr22	50322576	50522576	harbor2	chr22	50384217	50384284	LTR/ERVL-MaLR	2176	-	34	50384251	61675
chr22	50322576	50522576	harbor2	chr22	50384576	50384725	LTR/ERVL-MaLR	2176	-	74	50384650	62074
chr22	50322576	50522576	harbor2	chr22	50385049	50385193	LTR/ERVL-MaLR	2176	-	72	50385121	62545
chr22	50322576	50522576	harbor2	chr22	50386441	50386487	LTR/ERVL-MaLR	2176	-	23	50386464	63888
chr22	50322576	50522576	harbor2	chr22	50386755	50386925	LTR/ERVL-MaLR	476	-	85	50386840	64264
chr22	50322576	50522576	harbor2	chr22	50416991	50417422	LTR/ERVL-MaLR	741	-	216	50417207	94631
chr22	23631512	23831512	harbor2	chr22	23689559	23689939	LTR/ERVL-MaLR	1633	-	190	23689749	58237
chr22	23631512	23831512	harbor2	chr22	23728118	23728373	LTR/ERVL-MaLR	1089	-	128	23728246	96734
chr22	49212447	49412447	harbor2	chr22	49236145	49236510	LTR/ERVL-MaLR	1776	-	182	49236327	23880
chr22	49212447	49412447	harbor2	chr22	49239324	49239695	LTR/ERVL-MaLR	1010	-	186	49239510	27063
chr22	49212447	49412447	harbor2	chr22	49245570	49245936	LTR/ERVL-MaLR	1331	-	183	49245753	33306
chr22	49212447	49412447	harbor2	chr22	49285831	49286176	LTR/ERVL-MaLR	1052	-	172	49286003	73556
chr22	49212447	49412447	harbor2	chr22	49291544	49291979	LTR/ERVL-MaLR	1130	-	218	49291762	79315
chr22	49419511	49619511	harbor2	chr22	49445653	49445944	LTR/ERVL-MaLR	1995	-	146	49445799	26288
chr22	49419511	49619511	harbor2	chr22	49478512	49478893	LTR/ERVL-MaLR	2070	-	190	49478702	59191
chr22	49419511	49619511	harbor2	chr22	49486118	49486458	LTR/ERVL-MaLR	653	-	170	49486288	66777
chr22	49038479	49238479	harbor2	chr22	49041710	49042030	LTR/ERVL-MaLR	495	-	160	49041870	3391
chr22	49038479	49238479	harbor2	chr22	49042805	49043153	LTR/ERVL-MaLR	1583	-	174	49042979	4500
chr22	49038479	49238479	harbor2	chr22	49049312	49049687	LTR/ERVL-MaLR	2696	-	188	49049500	11021
chr22	49038479	49238479	harbor2	chr22	49053122	49053280	LTR/ERVL-MaLR	1039	-	79	49053201	14722
chr22	49038479	49238479	harbor2	chr22	49127025	49127097	LTR/ERVL-MaLR	1833	-	36	49127061	88582
chr22	49038479	49238479	harbor2	chr22	49127358	49127664	LTR/ERVL-MaLR	1833	-	153	49127511	89032
chr22	29388801	29588801	harbor2	chr22	29391197	29391350	LTR/ERVL-MaLR	1005	-	76	29391273	2472
chr22	34077678	34277678	harbor2	chr22	34081989	34082393	LTR/ERVL-MaLR	1879	-	202	34082191	4513
chr22	34077678	34277678	harbor2	chr22	34085643	34085765	LTR/ERVL-MaLR	588	-	61	34085704	8026
chr22	34077678	34277678	harbor2	chr22	34099189	34099636	LTR/ERVL-MaLR	716	-	224	34099413	21735
chr22	34077678	34277678	harbor2	chr22	34108404	34108666	LTR/ERVL-MaLR	931	-	131	34108535	30857
chr22	34077678	34277678	harbor2	chr22	34108979	34109099	LTR/ERVL-MaLR	931	-	60	34109039	31361
chr22	34077678	34277678	harbor2	chr22	34110241	34110681	LTR/ERVL-MaLR	1887	-	220	34110461	32783
chr22	34077678	34277678	harbor2	chr22	34111895	34112287	LTR/ERVL-MaLR	1777	-	196	34112091	34413
chr22	34077678	34277678	harbor2	chr22	34134985	34135350	LTR/ERVL-MaLR	2215	-	182	34135167	57489
chr22	34077678	34277678	harbor2	chr22	34139733	34139924	LTR/ERVL-MaLR	435	-	96	34139829	62151
chr22	34077678	34277678	harbor2	chr22	34150435	34150723	LTR/ERVL-MaLR	943	-	144	34150579	72901
chr22	34077678	34277678	harbor2	chr22	34169616	34169816	LTR/ERVL-MaLR	535	-	100	34169716	92038
chr22	34077678	34277678	harbor2	chr22	34170854	34171328	LTR/ERVL-MaLR	1707	-	237	34171091	93413
chr22	34077678	34277678	harbor2	chr22	34175311	34175679	LTR/ERVL-MaLR	2045	-	184	34175495	97817
chr22	46122650	46322650	harbor2	chr22	46125157	46125280	LTR/ERVL-MaLR	442	-	62	46125219	2569
chr22	46122650	46322650	harbor2	chr22	46176673	46176830	LTR/ERVL-MaLR	1093	-	78	46176751	54101
chr22	46122650	46322650	harbor2	chr22	46178993	46179248	LTR/ERVL-MaLR	659	-	128	46179121	56471
chr22	46122650	46322650	harbor2	chr22	46220984	46221357	LTR/ERVL-MaLR	2090	-	186	46221170	98520
chr22	47804723	48004723	harbor2	chr22	47805078	47805475	LTR/ERVL-MaLR	2485	-	198	47805276	553
chr22	47804723	48004723	harbor2	chr22	47821250	47821609	LTR/ERVL-MaLR	1031	-	180	47821430	16707
chr22	47804723	48004723	harbor2	chr22	47828948	47829464	LTR/ERVL-MaLR	1298	-	258	47829206	24483
chr22	47804723	48004723	harbor2	chr22	47845804	47846227	LTR/ERVL-MaLR	1348	-	212	47846016	41293
chr22	47804723	48004723	harbor2	chr22	47858455	47858979	LTR/ERVL-MaLR	1767	-	262	47858717	53994
chr22	47804723	48004723	harbor2	chr22	47879092	47879509	LTR/ERVL-MaLR	1569	-	208	47879300	74577
chr22	47804723	48004723	harbor2	chr22	47889293	47889520	LTR/ERVL-MaLR	1744	-	114	47889407	84684
chr22	47804723	48004723	harbor2	chr22	47889927	47890076	LTR/ERVL-MaLR	1744	-	74	47890001	85278
chr22	47804723	48004723	harbor2	chr22	47899909	47900316	LTR/ERVL-MaLR	841	-	204	47900113	95390
chr22	38925691	39125691	harbor2	chr22	38930359	38930800	LTR/ERVL-MaLR	2220	-	220	38930579	4888
chr22	38925691	39125691	harbor2	chr22	38971235	38971642	LTR/ERVL-MaLR	879	-	204	38971439	45748
chr22	38925691	39125691	harbor2	chr22	38971954	38972025	LTR/ERVL-MaLR	879	-	36	38971990	46299
chr22	38925691	39125691	harbor2	chr22	38972602	38972902	LTR/ERVL-MaLR	688	-	150	38972752	47061
chr22	38925691	39125691	harbor2	chr22	39019575	39019758	LTR/ERVL-MaLR	553	-	92	39019667	93976
chr22	38925691	39125691	harbor2	chr22	39024475	39024637	LTR/ERVL-MaLR	450	-	81	39024556	98865
chr22	35685226	35885226	harbor2	chr22	35685294	35685483	LTR/ERVL-MaLR	614	-	94	35685388	162
chr22	41063812	41263812	harbor2	chr22	41075929	41076421	LTR/ERVL-MaLR	1413	-	246	41076175	12363
chr22	36576813	36776813	harbor2	chr22	36594072	36594194	LTR/ERVL-MaLR	437	-	61	36594133	17320
chr22	31936344	32136344	harbor2	chr22	31954491	31954940	LTR/ERVL-MaLR	2017	-	224	31954715	18371
chr22	31936344	32136344	harbor2	chr22	31993669	31993929	LTR/ERVL-MaLR	1903	-	130	31993799	57455
chr22	31936344	32136344	harbor2	chr22	31993961	31994135	LTR/ERVL-MaLR	1903	-	87	31994048	57704
chr22	31936344	32136344	harbor2	chr22	31994337	31994753	LTR/ERVL-MaLR	2124	-	208	31994545	58201
chr22	38890321	39090321	harbor2	chr22	38930359	38930800	LTR/ERVL-MaLR	2220	-	220	38930579	40258
chr22	38890321	39090321	harbor2	chr22	38971235	38971642	LTR/ERVL-MaLR	879	-	204	38971439	81118
chr22	38890321	39090321	harbor2	chr22	38971954	38972025	LTR/ERVL-MaLR	879	-	36	38971990	81669
chr22	38890321	39090321	harbor2	chr22	38972602	38972902	LTR/ERVL-MaLR	688	-	150	38972752	82431
chr22	47353644	47553644	harbor2	chr22	47364360	47364781	LTR/ERVL-MaLR	2586	-	210	47364570	10926
chr22	47353644	47553644	harbor2	chr22	47367823	47368118	LTR/ERVL-MaLR	1948	-	148	47367971	14327
chr22	47353644	47553644	harbor2	chr22	47396939	47397413	LTR/ERVL-MaLR	1295	-	237	47397176	43532
chr22	47353644	47553644	harbor2	chr22	47399658	47399953	LTR/ERVL-MaLR	1743	-	148	47399806	46162
chr22	47353644	47553644	harbor2	chr22	47400250	47400364	LTR/ERVL-MaLR	681	-	57	47400307	46663
chr22	47353644	47553644	harbor2	chr22	47403394	47403629	LTR/ERVL-MaLR	1061	-	118	47403512	49868
chr22	47353644	47553644	harbor2	chr22	47403920	47404104	LTR/ERVL-MaLR	1061	-	92	47404012	50368
chr22	47353644	47553644	harbor2	chr22	47437597	47438068	LTR/ERVL-MaLR	1120	-	236	47437833	84189
chr22	47353644	47553644	harbor2	chr22	47449773	47450175	LTR/ERVL-MaLR	1164	-	201	47449974	96330
chr22	33912921	34112921	harbor2	chr22	33927780	33928035	LTR/ERVL-MaLR	881	-	128	33927908	14987
chr22	33912921	34112921	harbor2	chr22	33938489	33938900	LTR/ERVL-MaLR	549	-	206	33938695	25774
chr22	33912921	34112921	harbor2	chr22	33971624	33972195	LTR/ERVL-MaLR	2190	-	286	33971910	58989
chr22	33912921	34112921	harbor2	chr22	33978558	33978786	LTR/ERVL-MaLR	1345	-	114	33978672	65751
chr22	33912921	34112921	harbor2	chr22	33994034	33994352	LTR/ERVL-MaLR	2070	-	159	33994193	81272
chr22	33912921	34112921	harbor2	chr22	33994654	33994912	LTR/ERVL-MaLR	2070	-	129	33994783	81862
chr22	33912921	34112921	harbor2	chr22	34005079	34005449	LTR/ERVL-MaLR	2210	-	185	34005264	92343
chr22	33912921	34112921	harbor2	chr22	34005450	34006241	LTR/ERVL-MaLR	11792	-	396	34005846	92925
chr22	33912921	34112921	harbor2	chr22	34006745	34007117	LTR/ERVL-MaLR	11792	-	186	34006931	94010
chr22	33912921	34112921	harbor2	chr22	34007412	34007839	LTR/ERVL-MaLR	11792	-	214	34007626	94705
chr22	33912921	34112921	harbor2	chr22	34007841	34008206	LTR/ERVL-MaLR	2463	-	182	34008023	95102
chr22	33912921	34112921	harbor2	chr22	34012239	34012568	LTR/ERVL-MaLR	1218	-	164	34012403	99482
chr22	19568445	19768445	harbor2	chr22	19573339	19573494	LTR/ERVL-MaLR	1409	-	78	19573417	4972
chr22	19568445	19768445	harbor2	chr22	19573538	19573705	LTR/ERVL-MaLR	1409	-	84	19573622	5177
chr22	19568445	19768445	harbor2	chr22	19667183	19667217	LTR/ERVL-MaLR	1092	-	17	19667200	98755
chr22	19568445	19768445	harbor2	chr22	19668051	19668531	LTR/ERVL-MaLR	1092	-	240	19668291	99846
chr22	48977959	49177959	harbor2	chr22	48999290	48999661	LTR/ERVL-MaLR	1862	-	186	48999476	21517
chr22	48977959	49177959	harbor2	chr22	49009071	49009487	LTR/ERVL-MaLR	551	-	208	49009279	31320
chr22	48977959	49177959	harbor2	chr22	49041710	49042030	LTR/ERVL-MaLR	495	-	160	49041870	63911
chr22	48977959	49177959	harbor2	chr22	49042805	49043153	LTR/ERVL-MaLR	1583	-	174	49042979	65020
chr22	48977959	49177959	harbor2	chr22	49049312	49049687	LTR/ERVL-MaLR	2696	-	188	49049500	71541
chr22	48977959	49177959	harbor2	chr22	49053122	49053280	LTR/ERVL-MaLR	1039	-	79	49053201	75242
chr22	22316213	22516213	harbor2	chr22	22315849	22317361	LTR/ERVL-MaLR	8119	-	756	22316605	392
chr22	22316213	22516213	harbor2	chr22	22317811	22317917	LTR/ERVL-MaLR	472	-	53	22317864	1651
chr22	22316213	22516213	harbor2	chr22	22317922	22318322	LTR/ERVL-MaLR	1825	-	200	22318122	1909
chr22	44692581	44892581	harbor2	chr22	44693111	44693220	LTR/ERVL-MaLR	1220	-	54	44693165	584
chr22	44692581	44892581	harbor2	chr22	44693468	44693616	LTR/ERVL-MaLR	1220	-	74	44693542	961
chr22	44692581	44892581	harbor2	chr22	44693929	44694096	LTR/ERVL-MaLR	1220	-	84	44694013	1432
chr22	44692581	44892581	harbor2	chr22	44705078	44705308	LTR/ERVL-MaLR	636	-	115	44705193	12612
chr22	44692581	44892581	harbor2	chr22	44761707	44762079	LTR/ERVL-MaLR	2319	-	186	44761893	69312
chr22	44692581	44892581	harbor2	chr22	44783641	44783962	LTR/ERVL-MaLR	639	-	160	44783801	91220
chr22	44692581	44892581	harbor2	chr22	44784629	44784781	LTR/ERVL-MaLR	725	-	76	44784705	92124
chr22	44692581	44892581	harbor2	chr22	44785277	44785618	LTR/ERVL-MaLR	1068	-	170	44785447	92866
chr22	38527245	38727245	harbor2	chr22	38608326	38608434	LTR/ERVL-MaLR	1238	-	54	38608380	81135
chr22	38527245	38727245	harbor2	chr22	38608729	38608793	LTR/ERVL-MaLR	1238	-	32	38608761	81516
chr22	38527245	38727245	harbor2	chr22	38609093	38609399	LTR/ERVL-MaLR	1238	-	153	38609246	82001
chr22	29478240	29678240	harbor2	chr22	29495017	29495279	LTR/ERVL-MaLR	738	-	131	29495148	16908
chr22	29478240	29678240	harbor2	chr22	29497345	29497476	LTR/ERVL-MaLR	1418	-	66	29497411	19171
chr22	29478240	29678240	harbor2	chr22	29497788	29498252	LTR/ERVL-MaLR	1418	-	232	29498020	19780
chr22	29478240	29678240	harbor2	chr22	29544985	29545330	LTR/ERVL-MaLR	2673	-	172	29545157	66917
chr22	29478240	29678240	harbor2	chr22	29545331	29546419	LTR/ERVL-MaLR	11500	-	544	29545875	67635
chr22	29478240	29678240	harbor2	chr22	29546740	29546840	LTR/ERVL-MaLR	11500	-	50	29546790	68550
chr22	29478240	29678240	harbor2	chr22	29547144	29547365	LTR/ERVL-MaLR	11500	-	110	29547254	69014
chr22	29478240	29678240	harbor2	chr22	29547663	29547849	LTR/ERVL-MaLR	11500	-	93	29547756	69516
chr22	29478240	29678240	harbor2	chr22	29547850	29548203	LTR/ERVL-MaLR	2678	-	176	29548026	69786
chr22	30355952	30555952	harbor2	chr22	30377862	30378347	LTR/ERVL-MaLR	1547	-	242	30378104	22152
chr22	30355952	30555952	harbor2	chr22	30378659	30378761	LTR/ERVL-MaLR	1547	-	51	30378710	22758
chr22	30355952	30555952	harbor2	chr22	30427744	30428195	LTR/ERVL-MaLR	1035	-	226	30427970	72018
chr22	50149079	50349079	harbor2	chr22	50172170	50172435	LTR/ERVL-MaLR	846	-	132	50172302	23223
chr22	50149079	50349079	harbor2	chr22	50172701	50172712	LTR/ERVL-MaLR	846	-	6	50172707	23628
chr22	50149079	50349079	harbor2	chr22	50173656	50173881	LTR/ERVL-MaLR	714	-	112	50173768	24689
chr22	50149079	50349079	harbor2	chr22	50188436	50188731	LTR/ERVL-MaLR	908	-	148	50188584	39505
chr22	37044680	37244680	harbor2	chr22	37054893	37055089	LTR/ERVL-MaLR	727	-	98	37054991	10311
chr22	37044680	37244680	harbor2	chr22	37114566	37115008	LTR/ERVL-MaLR	1526	-	221	37114787	70107
chr22	37044680	37244680	harbor2	chr22	37115307	37115371	LTR/ERVL-MaLR	1808	-	32	37115339	70659
chr22	37044680	37244680	harbor2	chr22	37115680	37116068	LTR/ERVL-MaLR	1808	-	194	37115874	71194
chr22	37044680	37244680	harbor2	chr22	37117993	37118354	LTR/ERVL-MaLR	2582	-	180	37118173	73493
chr22	48402875	48602875	harbor2	chr22	48403166	48403527	LTR/ERVL-MaLR	1795	-	180	48403346	471
chr22	48402875	48602875	harbor2	chr22	48420073	48420518	LTR/ERVL-MaLR	799	-	222	48420295	17420
chr22	48402875	48602875	harbor2	chr22	48439343	48439688	LTR/ERVL-MaLR	1135	-	172	48439515	36640
chr22	48402875	48602875	harbor2	chr22	48451789	48451926	LTR/ERVL-MaLR	554	-	68	48451857	48982
chr22	35393936	35593936	harbor2	chr22	35417231	35417442	LTR/ERVL-MaLR	436	-	106	35417337	23401
chr22	35393936	35593936	harbor2	chr22	35420622	35420847	LTR/ERVL-MaLR	770	-	112	35420734	26798
chr22	35393936	35593936	harbor2	chr22	35421152	35421217	LTR/ERVL-MaLR	770	-	32	35421184	27248
chr22	35393936	35593936	harbor2	chr22	35442364	35442841	LTR/ERVL-MaLR	1868	-	238	35442602	48666
chr22	35393936	35593936	harbor2	chr22	35448709	35449105	LTR/ERVL-MaLR	461	-	198	35448907	54971
chr22	35393936	35593936	harbor2	chr22	35455942	35456140	LTR/ERVL-MaLR	1483	-	99	35456041	62105
chr22	35393936	35593936	harbor2	chr22	35457035	35457242	LTR/ERVL-MaLR	1483	-	104	35457139	63203
chr22	35393936	35593936	harbor2	chr22	35457556	35457684	LTR/ERVL-MaLR	1483	-	64	35457620	63684
chr22	35393936	35593936	harbor2	chr22	35460957	35461298	LTR/ERVL-MaLR	2048	-	170	35461127	67191
chr22	35393936	35593936	harbor2	chr22	35471711	35472079	LTR/ERVL-MaLR	2641	-	184	35471895	77959
chr22	35393936	35593936	harbor2	chr22	35482272	35482553	LTR/ERVL-MaLR	877	-	140	35482412	88476
chr22	36981680	37181680	harbor2	chr22	37008909	37009451	LTR/ERVL-MaLR	1438	-	271	37009180	27500
chr22	36981680	37181680	harbor2	chr22	37054893	37055089	LTR/ERVL-MaLR	727	-	98	37054991	73311
chr22	15252726	15452726	harbor2	chr22	15291378	15291615	LTR/ERVL-MaLR	463	-	118	15291496	38770
chr22	15252726	15452726	harbor2	chr22	15335319	15335730	LTR/ERVL-MaLR	1779	-	206	15335525	82799
chr22	49178482	49378482	harbor2	chr22	49187687	49188021	LTR/ERVL-MaLR	2151	-	167	49187854	9372
chr22	49178482	49378482	harbor2	chr22	49188450	49188564	LTR/ERVL-MaLR	821	-	57	49188507	10025
chr22	49178482	49378482	harbor2	chr22	49236145	49236510	LTR/ERVL-MaLR	1776	-	182	49236327	57845
chr22	49178482	49378482	harbor2	chr22	49239324	49239695	LTR/ERVL-MaLR	1010	-	186	49239510	61028
chr22	49178482	49378482	harbor2	chr22	49245570	49245936	LTR/ERVL-MaLR	1331	-	183	49245753	67271
chrX	78341125	78541125	harbor2	chrX	78387555	78387940	LTR/ERVL-MaLR	2124	-	192	78387747	46622
chrX	78341125	78541125	harbor2	chrX	78387945	78389558	LTR/ERVL-MaLR	10989	-	806	78388751	47626
chrX	78341125	78541125	harbor2	chrX	78389559	78389943	LTR/ERVL-MaLR	1908	-	192	78389751	48626
chrX	78341125	78541125	harbor2	chrX	78433110	78433472	LTR/ERVL-MaLR	1828	-	181	78433291	92166
chrX	111769321	111969321	harbor2	chrX	111794570	111794918	LTR/ERVL-MaLR	1777	-	174	111794744	25423
chrX	111769321	111969321	harbor2	chrX	111806208	111806621	LTR/ERVL-MaLR	1663	-	206	111806414	37093
chrX	111769321	111969321	harbor2	chrX	111810213	111810342	LTR/ERVL-MaLR	700	-	64	111810277	40956
chrX	111769321	111969321	harbor2	chrX	111827979	111828206	LTR/ERVL-MaLR	725	-	114	111828093	58772
chrX	111769321	111969321	harbor2	chrX	111830827	111830999	LTR/ERVL-MaLR	725	-	86	111830913	61592
chrX	89769659	89969659	harbor2	chrX	89780128	89780478	LTR/ERVL-MaLR	1994	-	175	89780303	10644
chrX	89769659	89969659	harbor2	chrX	89791847	89792209	LTR/ERVL-MaLR	2190	-	181	89792028	22369
chrX	89769659	89969659	harbor2	chrX	89792216	89793826	LTR/ERVL-MaLR	11169	-	805	89793021	23362
chrX	89769659	89969659	harbor2	chrX	89793826	89794164	LTR/ERVL-MaLR	2077	-	169	89793995	24336
chrX	89769659	89969659	harbor2	chrX	89812498	89812824	LTR/ERVL-MaLR	984	-	163	89812661	43002
chrX	89769659	89969659	harbor2	chrX	89813972	89814385	LTR/ERVL-MaLR	986	-	206	89814178	44519
chrX	79962607	80162607	harbor2	chrX	79967930	79968298	LTR/ERVL-MaLR	1805	-	184	79968114	5507
chrX	79962607	80162607	harbor2	chrX	80019086	80019364	LTR/ERVL-MaLR	682	-	139	80019225	56618
chrX	132815020	133015020	harbor2	chrX	132888167	132888525	LTR/ERVL-MaLR	2649	-	179	132888346	73326
chrX	130532246	130732246	harbor2	chrX	130532439	130532926	LTR/ERVL-MaLR	2674	-	244	130532683	437
chrX	130532246	130732246	harbor2	chrX	130532929	130533043	LTR/ERVL-MaLR	776	-	57	130532986	740
chrX	130532246	130732246	harbor2	chrX	130538565	130538766	LTR/ERVL-MaLR	523	-	100	130538665	6419
chrX	130532246	130732246	harbor2	chrX	130542051	130542539	LTR/ERVL-MaLR	1912	-	244	130542295	10049
chrX	130532246	130732246	harbor2	chrX	130562730	130563114	LTR/ERVL-MaLR	1722	-	192	130562922	30676
chrX	130532246	130732246	harbor2	chrX	130564099	130564259	LTR/ERVL-MaLR	768	-	80	130564179	31933
chrX	130532246	130732246	harbor2	chrX	130574936	130575296	LTR/ERVL-MaLR	1754	-	180	130575116	42870
chrX	130532246	130732246	harbor2	chrX	130584004	130584428	LTR/ERVL-MaLR	1421	-	212	130584216	51970
chrX	130532246	130732246	harbor2	chrX	130612020	130612451	LTR/ERVL-MaLR	1814	-	216	130612236	79990
chrX	121434567	121634567	harbor2	chrX	121441526	121442028	LTR/ERVL-MaLR	632	-	251	121441777	7210
chrX	121434567	121634567	harbor2	chrX	121443508	121443891	LTR/ERVL-MaLR	2056	-	192	121443700	9133
chrX	121434567	121634567	harbor2	chrX	121468757	121469162	LTR/ERVL-MaLR	1848	-	202	121468959	34392
chrX	121434567	121634567	harbor2	chrX	121469389	121469752	LTR/ERVL-MaLR	1969	-	182	121469571	35004
chrX	121434567	121634567	harbor2	chrX	121482236	121482605	LTR/ERVL-MaLR	1712	-	184	121482420	47853
chrX	121434567	121634567	harbor2	chrX	121504174	121504512	LTR/ERVL-MaLR	1307	-	169	121504343	69776
chrX	121434567	121634567	harbor2	chrX	121507531	121507910	LTR/ERVL-MaLR	1714	-	190	121507721	73154
chrX	121434567	121634567	harbor2	chrX	121510930	121511157	LTR/ERVL-MaLR	978	-	114	121511044	76477
chrX	121434567	121634567	harbor2	chrX	121513350	121513572	LTR/ERVL-MaLR	616	-	111	121513461	78894
chrX	121434567	121634567	harbor2	chrX	121530334	121530867	LTR/ERVL-MaLR	851	-	266	121530600	96033
chrX	70224219	70424219	harbor2	chrX	70229669	70230036	LTR/ERVL-MaLR	1778	-	184	70229853	5634
chrX	70224219	70424219	harbor2	chrX	70245063	70245479	LTR/ERVL-MaLR	1578	-	208	70245271	21052
chrX	70224219	70424219	harbor2	chrX	70265096	70265521	LTR/ERVL-MaLR	1464	-	212	70265308	41089
chrX	70224219	70424219	harbor2	chrX	70265986	70266510	LTR/ERVL-MaLR	2388	-	262	70266248	42029
chrX	70224219	70424219	harbor2	chrX	70274540	70274927	LTR/ERVL-MaLR	2070	-	194	70274734	50515
chrX	142711940	142911940	harbor2	chrX	142740828	142741213	LTR/ERVL-MaLR	1548	-	192	142741020	29080
chrX	142711940	142911940	harbor2	chrX	142743271	142743635	LTR/ERVL-MaLR	2384	-	182	142743453	31513
chrX	142711940	142911940	harbor2	chrX	142744014	142744271	LTR/ERVL-MaLR	1574	-	128	142744142	32202
chrX	142711940	142911940	harbor2	chrX	142744579	142744619	LTR/ERVL-MaLR	1574	-	20	142744599	32659
chrX	142711940	142911940	harbor2	chrX	142746290	142746415	LTR/ERVL-MaLR	1574	-	62	142746352	34412
chrX	142711940	142911940	harbor2	chrX	142749031	142749526	LTR/ERVL-MaLR	1431	-	248	142749279	37339
chrX	142711940	142911940	harbor2	chrX	142773886	142774128	LTR/ERVL-MaLR	591	-	121	142774007	62067
chrX	142711940	142911940	harbor2	chrX	142774210	142774430	LTR/ERVL-MaLR	598	-	110	142774320	62380
chrX	142711940	142911940	harbor2	chrX	142781136	142781519	LTR/ERVL-MaLR	2290	-	192	142781328	69388
chrX	142711940	142911940	harbor2	chrX	142785078	142785514	LTR/ERVL-MaLR	1093	-	218	142785296	73356
chrX	142711940	142911940	harbor2	chrX	142807161	142807517	LTR/ERVL-MaLR	2057	-	178	142807339	95399
chrX	142711940	142911940	harbor2	chrX	142807518	142808628	LTR/ERVL-MaLR	7957	-	555	142808073	96133
chrX	130681148	130881148	harbor2	chrX	130761484	130761898	LTR/ERVL-MaLR	2174	-	207	130761691	80543
chrX	54200417	54400417	harbor2	chrX	54231305	54231813	LTR/ERVL-MaLR	2109	-	254	54231559	31142
chrX	101625919	101825919	harbor2	chrX	101707261	101707625	LTR/ERVL-MaLR	2003	-	182	101707443	81524
chrX	149082167	149282167	harbor2	chrX	149100851	149101248	LTR/ERVL-MaLR	1554	-	198	149101049	18882
chrX	149082167	149282167	harbor2	chrX	149138681	149139051	LTR/ERVL-MaLR	641	-	185	149138866	56699
chrX	149082167	149282167	harbor2	chrX	149158480	149158830	LTR/ERVL-MaLR	2273	-	175	149158655	76488
chrX	149082167	149282167	harbor2	chrX	149160376	149160742	LTR/ERVL-MaLR	2270	-	183	149160559	78392
chrX	149082167	149282167	harbor2	chrX	149171451	149171835	LTR/ERVL-MaLR	1757	-	192	149171643	89476
chrX	149082167	149282167	harbor2	chrX	149171838	149173149	LTR/ERVL-MaLR	8085	-	656	149172494	90327
chrX	149082167	149282167	harbor2	chrX	149173955	149174196	LTR/ERVL-MaLR	1717	-	120	149174075	91908
chrX	149082167	149282167	harbor2	chrX	149158831	149160375	LTR/ERVL-MaLR	9926	-	772	149159603	77436
chrX	128363396	128563396	harbor2	chrX	128363302	128363632	LTR/ERVL-MaLR	2247	-	165	128363467	71
chrX	128363396	128563396	harbor2	chrX	128363633	128364002	LTR/ERVL-MaLR	1923	-	184	128363817	421
chrX	128363396	128563396	harbor2	chrX	128368782	128368966	LTR/ERVL-MaLR	588	-	92	128368874	5478
chrX	128363396	128563396	harbor2	chrX	128369105	128369287	LTR/ERVL-MaLR	588	-	91	128369196	5800
chrX	128363396	128563396	harbor2	chrX	128394579	128394873	LTR/ERVL-MaLR	540	-	147	128394726	31330
chrX	128363396	128563396	harbor2	chrX	128448061	128448429	LTR/ERVL-MaLR	2334	-	184	128448245	84849
chrX	128363396	128563396	harbor2	chrX	128448430	128449904	LTR/ERVL-MaLR	9814	-	737	128449167	85771
chrX	128363396	128563396	harbor2	chrX	128450213	128450417	LTR/ERVL-MaLR	9814	-	102	128450315	86919
chrX	128363396	128563396	harbor2	chrX	128454019	128454392	LTR/ERVL-MaLR	2028	-	186	128454205	90809
chrX	128363396	128563396	harbor2	chrX	128454459	128455796	LTR/ERVL-MaLR	8679	-	668	128455127	91731
chrX	128363396	128563396	harbor2	chrX	128455797	128456181	LTR/ERVL-MaLR	2137	-	192	128455989	92593
chrX	128363396	128563396	harbor2	chrX	128450428	128450790	LTR/ERVL-MaLR	2572	-	181	128450609	87213
chrX	136968343	137168343	harbor2	chrX	136998413	136998752	LTR/ERVL-MaLR	2598	-	170	136998583	30240
chrX	136968343	137168343	harbor2	chrX	137004890	137005256	LTR/ERVL-MaLR	2679	-	183	137005073	36730
chrX	136968343	137168343	harbor2	chrX	137045317	137045680	LTR/ERVL-MaLR	1723	-	182	137045499	77156
chrX	136968343	137168343	harbor2	chrX	137059864	137060314	LTR/ERVL-MaLR	2831	-	225	137060089	91746
chrX	136968343	137168343	harbor2	chrX	137067248	137067534	LTR/ERVL-MaLR	1603	-	143	137067391	99048
chrX	136769059	136969059	harbor2	chrX	136786472	136786847	LTR/ERVL-MaLR	2843	-	188	136786660	17601
chrX	136769059	136969059	harbor2	chrX	136791907	136792257	LTR/ERVL-MaLR	1514	-	175	136792082	23023
chrX	136769059	136969059	harbor2	chrX	136792554	136792659	LTR/ERVL-MaLR	1514	-	52	136792606	23547
chrX	136769059	136969059	harbor2	chrX	136805266	136805386	LTR/ERVL-MaLR	660	-	60	136805326	36267
chrX	136769059	136969059	harbor2	chrX	136812041	136812397	LTR/ERVL-MaLR	1968	-	178	136812219	43160
chrX	136769059	136969059	harbor2	chrX	136815416	136815778	LTR/ERVL-MaLR	1274	-	181	136815597	46538
chrX	136769059	136969059	harbor2	chrX	136821128	136821327	LTR/ERVL-MaLR	1123	-	100	136821228	52169
chrX	136769059	136969059	harbor2	chrX	136862564	136862867	LTR/ERVL-MaLR	1769	-	152	136862716	93657
chrX	136769059	136969059	harbor2	chrX	136863157	136863197	LTR/ERVL-MaLR	592	-	20	136863177	94118
chrX	45571090	45771090	harbor2	chrX	45599167	45599505	LTR/ERVL-MaLR	1183	-	169	45599336	28246
chrX	45571090	45771090	harbor2	chrX	45645932	45646307	LTR/ERVL-MaLR	1860	-	188	45646120	75030
chrX	45571090	45771090	harbor2	chrX	45646526	45646885	LTR/ERVL-MaLR	813	-	180	45646706	75616
chrX	83990181	84190181	harbor2	chrX	84038811	84039191	LTR/ERVL-MaLR	2150	-	190	84039001	48820
chrX	83990181	84190181	harbor2	chrX	84039192	84040805	LTR/ERVL-MaLR	8841	-	806	84039998	49817
chrX	83990181	84190181	harbor2	chrX	84040806	84041161	LTR/ERVL-MaLR	1872	-	178	84040984	50803
