H_chr	H_start	H_end	Harbor	TE_chr	TE_start	TE_end	TE	score	TE_strand	TE_half	TE_middle_pos	TE_dis
chr1	238791763	238991763	harbor2	chr1	238831296	238831657	LTR/ERVL-MaLR	1613	+	180	238831476	39713
chr1	238791763	238991763	harbor2	chr1	238831659	238833306	LTR/ERVL-MaLR	10649	+	824	238832483	40720
chr1	238791763	238991763	harbor2	chr1	238833308	238833482	LTR/ERVL-MaLR	1715	+	87	238833395	41632
chr1	238791763	238991763	harbor2	chr1	238833780	238833993	LTR/ERVL-MaLR	1715	+	106	238833886	42123
chr1	238791763	238991763	harbor2	chr1	238837405	238837705	LTR/ERVL-MaLR	682	+	150	238837555	45792
chr1	238791763	238991763	harbor2	chr1	238837862	238838021	LTR/ERVL-MaLR	529	+	80	238837942	46179
chr1	238791763	238991763	harbor2	chr1	238840905	238841368	LTR/ERVL-MaLR	882	+	232	238841137	49374
chr1	238791763	238991763	harbor2	chr1	238848957	238849250	LTR/ERVL-MaLR	528	+	146	238849103	57340
chr1	238791763	238991763	harbor2	chr1	238880345	238880438	LTR/ERVL-MaLR	477	+	46	238880391	88628
chr1	238791763	238991763	harbor2	chr1	238888200	238888593	LTR/ERVL-MaLR	498	+	196	238888396	96633
chr1	85236785	85436785	harbor2	chr1	85241163	85241558	LTR/ERVL-MaLR	2774	+	198	85241361	4576
chr1	85236785	85436785	harbor2	chr1	85241869	85241906	LTR/ERVL-MaLR	2774	+	18	85241887	5102
chr1	85236785	85436785	harbor2	chr1	85268930	85269293	LTR/ERVL-MaLR	1319	+	182	85269112	32327
chr1	85236785	85436785	harbor2	chr1	85295615	85295743	LTR/ERVL-MaLR	415	+	64	85295679	58894
chr1	85236785	85436785	harbor2	chr1	85313279	85313654	LTR/ERVL-MaLR	1789	+	188	85313467	76682
chr1	85236785	85436785	harbor2	chr1	85333996	85334370	LTR/ERVL-MaLR	2344	+	187	85334183	97398
chr1	85236785	85436785	harbor2	chr1	85334422	85334792	LTR/ERVL-MaLR	1926	+	185	85334607	97822
chr1	83434866	83634866	harbor2	chr1	83444924	83445353	LTR/ERVL-MaLR	1668	+	214	83445138	10272
chr1	83434866	83634866	harbor2	chr1	83493424	83493629	LTR/ERVL-MaLR	833	+	102	83493526	58660
chr1	223639212	223839212	harbor2	chr1	223666631	223667081	LTR/ERVL-MaLR	1327	+	225	223666856	27644
chr1	223639212	223839212	harbor2	chr1	223687153	223687569	LTR/ERVL-MaLR	2249	+	208	223687361	48149
chr1	181675233	181875233	harbor2	chr1	181694370	181694741	LTR/ERVL-MaLR	1718	+	186	181694556	19323
chr1	178027537	178227537	harbor2	chr1	178075877	178076228	LTR/ERVL-MaLR	1513	+	176	178076053	48516
chr1	178027537	178227537	harbor2	chr1	178083162	178083530	LTR/ERVL-MaLR	1938	+	184	178083346	55809
chr1	178027537	178227537	harbor2	chr1	178117495	178117864	LTR/ERVL-MaLR	1956	+	184	178117679	90142
chr1	179174585	179374585	harbor2	chr1	179194625	179194774	LTR/ERVL-MaLR	683	+	74	179194699	20114
chr1	179174585	179374585	harbor2	chr1	179205325	179205615	LTR/ERVL-MaLR	660	+	145	179205470	30885
chr1	179174585	179374585	harbor2	chr1	179235218	179235599	LTR/ERVL-MaLR	2546	+	190	179235408	60823
chr1	179174585	179374585	harbor2	chr1	179236881	179237047	LTR/ERVL-MaLR	881	+	83	179236964	62379
chr1	179174585	179374585	harbor2	chr1	179238271	179238476	LTR/ERVL-MaLR	700	+	102	179238373	63788
chr1	179174585	179374585	harbor2	chr1	179238486	179238618	LTR/ERVL-MaLR	835	+	66	179238552	63967
chr1	179174585	179374585	harbor2	chr1	179243027	179243472	LTR/ERVL-MaLR	2438	+	222	179243249	68664
chr1	179174585	179374585	harbor2	chr1	179243473	179243831	LTR/ERVL-MaLR	2148	+	179	179243652	69067
chr1	179174585	179374585	harbor2	chr1	179243856	179244148	LTR/ERVL-MaLR	1754	+	146	179244002	69417
chr1	179174585	179374585	harbor2	chr1	179244781	179244845	LTR/ERVL-MaLR	1754	+	32	179244813	70228
chr1	179174585	179374585	harbor2	chr1	179246134	179246289	LTR/ERVL-MaLR	504	+	78	179246212	71627
chr1	179174585	179374585	harbor2	chr1	179253784	179253961	LTR/ERVL-MaLR	1470	+	88	179253872	79287
chr1	179174585	179374585	harbor2	chr1	179254254	179254423	LTR/ERVL-MaLR	1470	+	84	179254338	79753
chr1	237881455	238081455	harbor2	chr1	237931744	237932237	LTR/ERVL-MaLR	777	+	246	237931990	50535
chr1	237881455	238081455	harbor2	chr1	237933278	237933397	LTR/ERVL-MaLR	466	+	60	237933338	51883
chr1	237881455	238081455	harbor2	chr1	237975082	237975406	LTR/ERVL-MaLR	677	+	162	237975244	93789
chr1	247524244	247724244	harbor2	chr1	247538450	247538869	LTR/ERVL-MaLR	1372	+	210	247538660	14416
chr1	213652921	213852921	harbor2	chr1	213652470	213652945	LTR/ERVL-MaLR	1040	+	238	213652708	213
chr1	213652921	213852921	harbor2	chr1	213684498	213684948	LTR/ERVL-MaLR	1408	+	225	213684723	31802
chr1	213652921	213852921	harbor2	chr1	213721258	213721621	LTR/ERVL-MaLR	2170	+	182	213721440	68519
chr1	216714048	216914048	harbor2	chr1	216734287	216734704	LTR/ERVL-MaLR	2236	+	208	216734495	20447
chr1	216714048	216914048	harbor2	chr1	216789854	216790265	LTR/ERVL-MaLR	749	+	206	216790060	76012
chr1	216714048	216914048	harbor2	chr1	216791106	216791510	LTR/ERVL-MaLR	2231	+	202	216791308	77260
chr1	216714048	216914048	harbor2	chr1	216793219	216793721	LTR/ERVL-MaLR	2181	+	251	216793470	79422
chr1	107497052	107697052	harbor2	chr1	107509492	107509865	LTR/ERVL-MaLR	2850	+	186	107509678	12626
chr1	107497052	107697052	harbor2	chr1	107509866	107511448	LTR/ERVL-MaLR	9958	+	791	107510657	13605
chr1	107497052	107697052	harbor2	chr1	107562019	107562451	LTR/ERVL-MaLR	2262	+	216	107562235	65183
chr1	107497052	107697052	harbor2	chr1	107563467	107563955	LTR/ERVL-MaLR	1903	+	244	107563711	66659
chr1	107497052	107697052	harbor2	chr1	107577417	107577894	LTR/ERVL-MaLR	1127	+	238	107577655	80603
chr1	107497052	107697052	harbor2	chr1	107589181	107589626	LTR/ERVL-MaLR	1569	+	222	107589403	92351
chr1	107497052	107697052	harbor2	chr1	107511499	107511884	LTR/ERVL-MaLR	2385	+	192	107511691	14639
chr1	107497052	107697052	harbor2	chr1	107528129	107528556	LTR/ERVL-MaLR	614	+	214	107528343	31291
chr1	248710745	248910745	harbor2	chr1	248737692	248738009	LTR/ERVL-MaLR	514	+	158	248737850	27105
chr1	248710745	248910745	harbor2	chr1	248743656	248743970	LTR/ERVL-MaLR	750	+	157	248743813	33068
chr1	248710745	248910745	harbor2	chr1	248776109	248776476	LTR/ERVL-MaLR	1651	+	184	248776293	65548
chr1	248710745	248910745	harbor2	chr1	248776480	248778108	LTR/ERVL-MaLR	11620	+	814	248777294	66549
chr1	248710745	248910745	harbor2	chr1	248778109	248778471	LTR/ERVL-MaLR	1795	+	181	248778290	67545
chr1	248710745	248910745	harbor2	chr1	248780006	248780191	LTR/ERVL-MaLR	1570	+	92	248780098	69353
chr1	248710745	248910745	harbor2	chr1	248780349	248780674	LTR/ERVL-MaLR	1570	+	162	248780511	69766
chr1	248710745	248910745	harbor2	chr1	248787520	248787851	LTR/ERVL-MaLR	864	+	166	248787686	76941
chr1	248710745	248910745	harbor2	chr1	248793194	248793559	LTR/ERVL-MaLR	2157	+	182	248793376	82631
chr1	209361823	209561823	harbor2	chr1	209390699	209391207	LTR/ERVL-MaLR	1616	+	254	209390953	29130
chr1	209361823	209561823	harbor2	chr1	209442626	209442796	LTR/ERVL-MaLR	1925	+	85	209442711	80888
chr1	209361823	209561823	harbor2	chr1	209443097	209443297	LTR/ERVL-MaLR	1925	+	100	209443197	81374
chr1	209361823	209561823	harbor2	chr1	209459886	209460257	LTR/ERVL-MaLR	2029	+	186	209460072	98249
chr1	218223925	218423925	harbor2	chr1	218231658	218231793	LTR/ERVL-MaLR	691	+	68	218231726	7801
chr1	218223925	218423925	harbor2	chr1	218271496	218271833	LTR/ERVL-MaLR	1717	+	168	218271664	47739
chr1	218223925	218423925	harbor2	chr1	218274701	218275131	LTR/ERVL-MaLR	2530	+	215	218274916	50991
chr1	218223925	218423925	harbor2	chr1	218275396	218275798	LTR/ERVL-MaLR	1740	+	201	218275597	51672
chr1	218223925	218423925	harbor2	chr1	218311832	218312207	LTR/ERVL-MaLR	935	+	188	218312020	88095
chr1	248280982	248480982	harbor2	chr1	248325228	248325621	LTR/ERVL-MaLR	1508	+	196	248325424	44442
chr1	23715438	23915438	harbor2	chr1	23764843	23765198	LTR/ERVL-MaLR	1672	+	178	23765021	49583
chr1	23715438	23915438	harbor2	chr1	23774096	23774540	LTR/ERVL-MaLR	2372	+	222	23774318	58880
chr1	23715438	23915438	harbor2	chr1	23775568	23775687	LTR/ERVL-MaLR	433	+	60	23775628	60190
chr1	23715438	23915438	harbor2	chr1	23814745	23814926	LTR/ERVL-MaLR	2298	+	90	23814835	99397
chr1	23715438	23915438	harbor2	chr1	23815225	23815483	LTR/ERVL-MaLR	2298	+	129	23815354	99916
chr1	57565137	57765137	harbor2	chr1	57575908	57576014	LTR/ERVL-MaLR	522	+	53	57575961	10824
chr1	57565137	57765137	harbor2	chr1	57576371	57576718	LTR/ERVL-MaLR	1458	+	174	57576545	11408
chr1	57565137	57765137	harbor2	chr1	57582926	57583219	LTR/ERVL-MaLR	437	+	146	57583072	17935
chr1	57565137	57765137	harbor2	chr1	57595605	57596026	LTR/ERVL-MaLR	2428	+	210	57595815	30678
chr1	57565137	57765137	harbor2	chr1	57612269	57612784	LTR/ERVL-MaLR	2319	+	258	57612527	47390
chr1	57565137	57765137	harbor2	chr1	57615175	57615591	LTR/ERVL-MaLR	497	+	208	57615383	50246
chr1	57565137	57765137	harbor2	chr1	57635133	57635262	LTR/ERVL-MaLR	1409	+	64	57635197	70060
chr1	57565137	57765137	harbor2	chr1	57635787	57635813	LTR/ERVL-MaLR	1409	+	13	57635800	70663
chr1	57565137	57765137	harbor2	chr1	57636127	57636388	LTR/ERVL-MaLR	1409	+	130	57636257	71120
chr1	57565137	57765137	harbor2	chr1	57655930	57656285	LTR/ERVL-MaLR	1482	+	178	57656108	90971
chr1	174449313	174649313	harbor2	chr1	174471779	174472195	LTR/ERVL-MaLR	1239	+	208	174471987	22674
chr1	174449313	174649313	harbor2	chr1	174481731	174481780	LTR/ERVL-MaLR	1240	+	24	174481755	32442
chr1	174449313	174649313	harbor2	chr1	174481888	174482295	LTR/ERVL-MaLR	1240	+	204	174482092	32779
chr1	170157294	170357294	harbor2	chr1	170206379	170206748	LTR/ERVL-MaLR	2318	+	184	170206563	49269
chr1	170157294	170357294	harbor2	chr1	170206774	170208360	LTR/ERVL-MaLR	9450	+	793	170207567	50273
chr1	170157294	170357294	harbor2	chr1	170208363	170208736	LTR/ERVL-MaLR	2453	+	186	170208549	51255
chr1	170157294	170357294	harbor2	chr1	170248744	170249169	LTR/ERVL-MaLR	1701	+	212	170248956	91662
chr1	170157294	170357294	harbor2	chr1	170249474	170249930	LTR/ERVL-MaLR	1461	+	228	170249702	92408
chr1	170157294	170357294	harbor2	chr1	170251299	170251404	LTR/ERVL-MaLR	1461	+	52	170251351	94057
chr1	239853196	240053196	harbor2	chr1	239856234	239856632	LTR/ERVL-MaLR	2380	+	199	239856433	3237
chr1	239853196	240053196	harbor2	chr1	239884086	239884544	LTR/ERVL-MaLR	1455	+	229	239884315	31119
chr1	239853196	240053196	harbor2	chr1	239940928	239941290	LTR/ERVL-MaLR	2584	+	181	239941109	87913
chr1	239853196	240053196	harbor2	chr1	239946277	239946758	LTR/ERVL-MaLR	2466	+	240	239946517	93321
chr1	194213516	194413516	harbor2	chr1	194217097	194217449	LTR/ERVL-MaLR	774	+	176	194217273	3757
chr1	194213516	194413516	harbor2	chr1	194238585	194238776	LTR/ERVL-MaLR	440	+	96	194238681	25165
chr1	194213516	194413516	harbor2	chr1	194244468	194244965	LTR/ERVL-MaLR	1348	+	248	194244716	31200
chr1	194213516	194413516	harbor2	chr1	194263009	194263373	LTR/ERVL-MaLR	2241	+	182	194263191	49675
chr1	194213516	194413516	harbor2	chr1	194263374	194264945	LTR/ERVL-MaLR	10965	+	786	194264160	50644
chr1	194213516	194413516	harbor2	chr1	194264950	194265303	LTR/ERVL-MaLR	2527	+	176	194265126	51610
chr1	245342135	245542135	harbor2	chr1	245345534	245345920	LTR/ERVL-MaLR	2504	+	193	245345727	3592
chr1	245342135	245542135	harbor2	chr1	245346243	245346284	LTR/ERVL-MaLR	2504	+	20	245346263	4128
chr1	245342135	245542135	harbor2	chr1	245374946	245375087	LTR/ERVL-MaLR	2126	+	70	245375016	32881
chr1	245342135	245542135	harbor2	chr1	245375377	245375717	LTR/ERVL-MaLR	2126	+	170	245375547	33412
chr1	239353691	239553691	harbor2	chr1	239375464	239375868	LTR/ERVL-MaLR	520	+	202	239375666	21975
chr1	239353691	239553691	harbor2	chr1	239407992	239408310	LTR/ERVL-MaLR	1975	+	159	239408151	54460
chr1	239353691	239553691	harbor2	chr1	239408545	239408611	LTR/ERVL-MaLR	511	+	33	239408578	54887
chr1	172903948	173103948	harbor2	chr1	172943205	172943566	LTR/ERVL-MaLR	1966	+	180	172943385	39437
chr1	172903948	173103948	harbor2	chr1	172955903	172956262	LTR/ERVL-MaLR	2077	+	180	172956083	52135
chr1	172903948	173103948	harbor2	chr1	172995734	172996095	LTR/ERVL-MaLR	2148	+	180	172995914	91966
chr1	172903948	173103948	harbor2	chr1	172996096	172997680	LTR/ERVL-MaLR	11824	+	792	172996888	92940
chr1	172903948	173103948	harbor2	chr1	172997681	172998052	LTR/ERVL-MaLR	2022	+	186	172997867	93919
chr1	235595329	235795329	harbor2	chr1	235597369	235597542	LTR/ERVL-MaLR	780	+	86	235597455	2126
chr1	235595329	235795329	harbor2	chr1	235613317	235613793	LTR/ERVL-MaLR	1900	+	238	235613555	18226
chr1	235595329	235795329	harbor2	chr1	235615154	235615359	LTR/ERVL-MaLR	702	+	102	235615256	19927
chr1	235595329	235795329	harbor2	chr1	235635203	235635250	LTR/ERVL-MaLR	441	+	24	235635227	39898
chr1	235595329	235795329	harbor2	chr1	235635497	235635578	LTR/ERVL-MaLR	441	+	40	235635537	40208
chr1	235595329	235795329	harbor2	chr1	235635562	235635710	LTR/ERVL-MaLR	862	+	74	235635636	40307
chr1	223533943	223733943	harbor2	chr1	223548409	223548770	LTR/ERVL-MaLR	2157	+	180	223548589	14646
chr1	216480807	216680807	harbor2	chr1	216512686	216513150	LTR/ERVL-MaLR	1774	+	232	216512918	32111
chr1	216480807	216680807	harbor2	chr1	216526197	216526646	LTR/ERVL-MaLR	1666	+	224	216526421	45614
chr1	216480807	216680807	harbor2	chr1	216537062	216537429	LTR/ERVL-MaLR	1832	+	184	216537246	56439
chr1	118918529	119118529	harbor2	chr1	118955988	118956245	LTR/ERVL-MaLR	1496	+	128	118956116	37587
chr1	118918529	119118529	harbor2	chr1	118958071	118958430	LTR/ERVL-MaLR	1665	+	180	118958251	39722
chr1	118918529	119118529	harbor2	chr1	118963701	118964164	LTR/ERVL-MaLR	1110	+	232	118963933	45404
chr1	118918529	119118529	harbor2	chr1	118969871	118970244	LTR/ERVL-MaLR	2064	+	186	118970057	51528
chr1	118918529	119118529	harbor2	chr1	119013181	119013640	LTR/ERVL-MaLR	1454	+	230	119013411	94882
chr1	168838826	169038826	harbor2	chr1	168860656	168860892	LTR/ERVL-MaLR	488	+	118	168860774	21948
chr1	168838826	169038826	harbor2	chr1	168861142	168861296	LTR/ERVL-MaLR	542	+	77	168861219	22393
chr1	168838826	169038826	harbor2	chr1	168866517	168867089	LTR/ERVL-MaLR	1176	+	286	168866803	27977
chr1	168838826	169038826	harbor2	chr1	168877751	168878085	LTR/ERVL-MaLR	1845	+	167	168877918	39092
chr1	168838826	169038826	harbor2	chr1	168878386	168878502	LTR/ERVL-MaLR	1845	+	58	168878444	39618
chr1	168838826	169038826	harbor2	chr1	168880068	168880640	LTR/ERVL-MaLR	1921	+	286	168880354	41528
chr1	231655327	231855327	harbor2	chr1	231664362	231664762	LTR/ERVL-MaLR	1925	+	200	231664562	9235
chr1	231655327	231855327	harbor2	chr1	231711847	231712328	LTR/ERVL-MaLR	1737	+	240	231712087	56760
chr1	231655327	231855327	harbor2	chr1	231739891	231740228	LTR/ERVL-MaLR	1525	+	168	231740059	84732
chr1	231655327	231855327	harbor2	chr1	231745763	231746162	LTR/ERVL-MaLR	2567	+	200	231745963	90636
chr1	88435331	88635331	harbor2	chr1	88477347	88477717	LTR/ERVL-MaLR	1550	+	185	88477532	42201
chr1	88435331	88635331	harbor2	chr1	88481171	88481557	LTR/ERVL-MaLR	2402	+	193	88481364	46033
chr1	88435331	88635331	harbor2	chr1	88497274	88497433	LTR/ERVL-MaLR	499	+	80	88497354	62023
chr1	88435331	88635331	harbor2	chr1	88500458	88500822	LTR/ERVL-MaLR	2358	+	182	88500640	65309
chr1	88435331	88635331	harbor2	chr1	88489749	88490183	LTR/ERVL-MaLR	1909	+	217	88489966	54635
chr1	195067331	195267331	harbor2	chr1	195068249	195068594	LTR/ERVL-MaLR	1291	+	172	195068421	1090
chr1	195067331	195267331	harbor2	chr1	195163164	195163572	LTR/ERVL-MaLR	819	+	204	195163368	96037
chr1	87888360	88088360	harbor2	chr1	87975840	87976188	LTR/ERVL-MaLR	2198	+	174	87976014	87654
chr1	87888360	88088360	harbor2	chr1	87983640	87984036	LTR/ERVL-MaLR	2020	+	198	87983838	95478
chr1	240711816	240911816	harbor2	chr1	240751829	240752194	LTR/ERVL-MaLR	2338	+	182	240752011	40195
chr1	240711816	240911816	harbor2	chr1	240778964	240779099	LTR/ERVL-MaLR	1829	+	68	240779032	67216
chr1	240711816	240911816	harbor2	chr1	240779455	240779692	LTR/ERVL-MaLR	1829	+	118	240779573	67757
chr1	247566504	247766504	harbor2	chr1	247626941	247627283	LTR/ERVL-MaLR	2026	+	171	247627112	60608
chr1	247566504	247766504	harbor2	chr1	247651620	247652046	LTR/ERVL-MaLR	2564	+	213	247651833	85329
chr1	181095157	181295157	harbor2	chr1	181170580	181171001	LTR/ERVL-MaLR	1473	+	210	181170790	75633
chr1	181095157	181295157	harbor2	chr1	181174892	181175347	LTR/ERVL-MaLR	1433	+	228	181175120	79963
chr1	181095157	181295157	harbor2	chr1	181176502	181176673	LTR/ERVL-MaLR	1894	+	86	181176588	81431
chr1	181095157	181295157	harbor2	chr1	181176972	181177242	LTR/ERVL-MaLR	1894	+	135	181177107	81950
chr1	181095157	181295157	harbor2	chr1	181182339	181182615	LTR/ERVL-MaLR	788	+	138	181182477	87320
chr1	181095157	181295157	harbor2	chr1	181193656	181194021	LTR/ERVL-MaLR	2288	+	182	181193838	98681
chr1	181095157	181295157	harbor2	chr1	181194024	181195585	LTR/ERVL-MaLR	11397	+	780	181194804	99647
chr1	187534147	187734147	harbor2	chr1	187568063	187568227	LTR/ERVL-MaLR	407	+	82	187568145	33998
chr1	232152947	232352947	harbor2	chr1	232159961	232160304	LTR/ERVL-MaLR	1850	+	172	232160133	7186
chr1	232152947	232352947	harbor2	chr1	232164904	232165264	LTR/ERVL-MaLR	1326	+	180	232165084	12137
chr1	232152947	232352947	harbor2	chr1	232176992	232177350	LTR/ERVL-MaLR	2023	+	179	232177171	24224
chr1	232152947	232352947	harbor2	chr1	232181492	232181753	LTR/ERVL-MaLR	631	+	130	232181622	28675
chr1	232152947	232352947	harbor2	chr1	232217733	232218230	LTR/ERVL-MaLR	1593	+	248	232217981	65034
chr1	232152947	232352947	harbor2	chr1	232229243	232229617	LTR/ERVL-MaLR	2316	+	187	232229430	76483
chr1	232152947	232352947	harbor2	chr1	232252635	232253000	LTR/ERVL-MaLR	2179	+	182	232252817	99870
chr1	167129795	167329795	harbor2	chr1	167136773	167137132	LTR/ERVL-MaLR	2044	+	180	167136953	7158
chr1	167129795	167329795	harbor2	chr1	167149706	167150186	LTR/ERVL-MaLR	484	+	240	167149946	20151
chr1	167129795	167329795	harbor2	chr1	167160386	167160744	LTR/ERVL-MaLR	836	+	179	167160565	30770
chr1	167129795	167329795	harbor2	chr1	167172080	167172986	LTR/ERVL-MaLR	6795	+	453	167172533	42738
chr1	167129795	167329795	harbor2	chr1	167172987	167173353	LTR/ERVL-MaLR	2638	+	183	167173170	43375
chr1	167129795	167329795	harbor2	chr1	167179239	167179416	LTR/ERVL-MaLR	641	+	88	167179327	49532
chr1	167129795	167329795	harbor2	chr1	167179474	167179705	LTR/ERVL-MaLR	1028	+	116	167179590	49795
chr1	167129795	167329795	harbor2	chr1	167184174	167184300	LTR/ERVL-MaLR	547	+	63	167184237	54442
chr1	167129795	167329795	harbor2	chr1	167186759	167187108	LTR/ERVL-MaLR	1618	+	174	167186933	57138
chr1	167129795	167329795	harbor2	chr1	167190801	167191178	LTR/ERVL-MaLR	2156	+	188	167190989	61194
chr1	167129795	167329795	harbor2	chr1	167217788	167218040	LTR/ERVL-MaLR	845	+	126	167217914	88119
chr1	167129795	167329795	harbor2	chr1	167218041	167218369	LTR/ERVL-MaLR	1768	+	164	167218205	88410
chr1	76260370	76460370	harbor2	chr1	76321130	76321514	LTR/ERVL-MaLR	452	+	192	76321322	60952
chr1	76260370	76460370	harbor2	chr1	76339123	76339566	LTR/ERVL-MaLR	1620	+	222	76339345	78975
chr1	76260370	76460370	harbor2	chr1	76359228	76359678	LTR/ERVL-MaLR	1758	+	225	76359453	99083
chr1	185028550	185228550	harbor2	chr1	185042948	185043340	LTR/ERVL-MaLR	505	+	196	185043144	14594
chr1	185028550	185228550	harbor2	chr1	185068279	185068760	LTR/ERVL-MaLR	1713	+	240	185068519	39969
chr1	185028550	185228550	harbor2	chr1	185112919	185113014	LTR/ERVL-MaLR	506	+	48	185112967	84417
chr1	238308423	238508423	harbor2	chr1	238309147	238309611	LTR/ERVL-MaLR	1294	+	232	238309379	956
chr1	238308423	238508423	harbor2	chr1	238314071	238314148	LTR/ERVL-MaLR	550	+	38	238314109	5686
chr1	238308423	238508423	harbor2	chr1	238314831	238315263	LTR/ERVL-MaLR	1985	+	216	238315047	6624
chr1	238308423	238508423	harbor2	chr1	238318069	238318436	LTR/ERVL-MaLR	2745	+	184	238318253	9830
chr1	238308423	238508423	harbor2	chr1	238371709	238372314	LTR/ERVL-MaLR	935	+	302	238372011	63588
chr1	232561820	232761820	harbor2	chr1	232571562	232571977	LTR/ERVL-MaLR	2832	+	208	232571770	9950
chr1	232561820	232761820	harbor2	chr1	232581215	232581609	LTR/ERVL-MaLR	639	+	197	232581412	19592
chr1	232561820	232761820	harbor2	chr1	232587697	232588058	LTR/ERVL-MaLR	2406	+	180	232587877	26057
chr1	232561820	232761820	harbor2	chr1	232604619	232605032	LTR/ERVL-MaLR	2785	+	206	232604825	43005
chr1	232561820	232761820	harbor2	chr1	232610941	232611287	LTR/ERVL-MaLR	2407	+	173	232611114	49294
chr1	232561820	232761820	harbor2	chr1	232611288	232612862	LTR/ERVL-MaLR	11349	+	787	232612075	50255
chr1	232561820	232761820	harbor2	chr1	232612863	232613223	LTR/ERVL-MaLR	2325	+	180	232613043	51223
chr1	232561820	232761820	harbor2	chr1	232649816	232650371	LTR/ERVL-MaLR	1961	+	278	232650094	88274
chr1	239828801	240028801	harbor2	chr1	239850579	239850943	LTR/ERVL-MaLR	2345	+	182	239850761	21960
chr1	239828801	240028801	harbor2	chr1	239856234	239856632	LTR/ERVL-MaLR	2380	+	199	239856433	27632
chr1	239828801	240028801	harbor2	chr1	239884086	239884544	LTR/ERVL-MaLR	1455	+	229	239884315	55514
chr1	235282553	235482553	harbor2	chr1	235304940	235305343	LTR/ERVL-MaLR	1143	+	202	235305142	22589
chr1	235282553	235482553	harbor2	chr1	235358955	235359359	LTR/ERVL-MaLR	2318	+	202	235359157	76604
chr1	235282553	235482553	harbor2	chr1	235359670	235359707	LTR/ERVL-MaLR	2318	+	18	235359688	77135
chr1	245311543	245511543	harbor2	chr1	245345534	245345920	LTR/ERVL-MaLR	2504	+	193	245345727	34184
chr1	245311543	245511543	harbor2	chr1	245346243	245346284	LTR/ERVL-MaLR	2504	+	20	245346263	34720
chr1	245311543	245511543	harbor2	chr1	245374946	245375087	LTR/ERVL-MaLR	2126	+	70	245375016	63473
chr1	245311543	245511543	harbor2	chr1	245375377	245375717	LTR/ERVL-MaLR	2126	+	170	245375547	64004
chr1	146585524	146785524	harbor2	chr1	146601794	146602246	LTR/ERVL-MaLR	1266	+	226	146602020	16496
chr1	146585524	146785524	harbor2	chr1	146602334	146602433	LTR/ERVL-MaLR	523	+	50	146602384	16860
chr1	146585524	146785524	harbor2	chr1	146623394	146623754	LTR/ERVL-MaLR	1799	+	180	146623574	38050
chr1	146585524	146785524	harbor2	chr1	146674862	146675283	LTR/ERVL-MaLR	1367	+	210	146675072	89548
chr1	218261884	218461884	harbor2	chr1	218271496	218271833	LTR/ERVL-MaLR	1717	+	168	218271664	9780
chr1	218261884	218461884	harbor2	chr1	218274701	218275131	LTR/ERVL-MaLR	2530	+	215	218274916	13032
chr1	218261884	218461884	harbor2	chr1	218275396	218275798	LTR/ERVL-MaLR	1740	+	201	218275597	13713
chr1	218261884	218461884	harbor2	chr1	218311832	218312207	LTR/ERVL-MaLR	935	+	188	218312020	50136
chr1	194452348	194652348	harbor2	chr1	194483378	194483713	LTR/ERVL-MaLR	516	+	168	194483546	31198
chr1	194452348	194652348	harbor2	chr1	194509385	194509736	LTR/ERVL-MaLR	1606	+	176	194509561	57213
chr1	194452348	194652348	harbor2	chr1	194511342	194511708	LTR/ERVL-MaLR	1624	+	183	194511525	59177
chr1	194452348	194652348	harbor2	chr1	194550305	194550445	LTR/ERVL-MaLR	481	+	70	194550375	98027
chr1	194452348	194652348	harbor2	chr1	194509741	194511341	LTR/ERVL-MaLR	9889	+	800	194510541	58193
chr1	245832758	246032758	harbor2	chr1	245866975	245867201	LTR/ERVL-MaLR	895	+	113	245867088	34330
chr1	245832758	246032758	harbor2	chr1	245867225	245867413	LTR/ERVL-MaLR	935	+	94	245867319	34561
chr1	245832758	246032758	harbor2	chr1	245904112	245904436	LTR/ERVL-MaLR	1518	+	162	245904274	71516
chr1	241559101	241759101	harbor2	chr1	241595355	241595526	LTR/ERVL-MaLR	609	+	86	241595441	36340
chr1	241559101	241759101	harbor2	chr1	241620327	241620684	LTR/ERVL-MaLR	1471	+	178	241620505	61404
chr1	241559101	241759101	harbor2	chr1	241632008	241632363	LTR/ERVL-MaLR	2166	+	178	241632186	73085
chr1	241559101	241759101	harbor2	chr1	241643086	241643499	LTR/ERVL-MaLR	2310	+	206	241643292	84191
chr1	241559101	241759101	harbor2	chr1	241649105	241649456	LTR/ERVL-MaLR	1884	+	176	241649281	90180
chr1	115597040	115797040	harbor2	chr1	115612314	115612705	LTR/ERVL-MaLR	2032	+	196	115612510	15470
chr1	115597040	115797040	harbor2	chr1	115669429	115669791	LTR/ERVL-MaLR	2088	+	181	115669610	72570
chr1	115597040	115797040	harbor2	chr1	115669925	115670307	LTR/ERVL-MaLR	1554	+	191	115670116	73076
chr1	247598332	247798332	harbor2	chr1	247626941	247627283	LTR/ERVL-MaLR	2026	+	171	247627112	28780
chr1	247598332	247798332	harbor2	chr1	247651620	247652046	LTR/ERVL-MaLR	2564	+	213	247651833	53501
chr1	238790332	238990332	harbor2	chr1	238831296	238831657	LTR/ERVL-MaLR	1613	+	180	238831476	41144
chr1	238790332	238990332	harbor2	chr1	238831659	238833306	LTR/ERVL-MaLR	10649	+	824	238832483	42151
chr1	238790332	238990332	harbor2	chr1	238833308	238833482	LTR/ERVL-MaLR	1715	+	87	238833395	43063
chr1	238790332	238990332	harbor2	chr1	238833780	238833993	LTR/ERVL-MaLR	1715	+	106	238833886	43554
chr1	238790332	238990332	harbor2	chr1	238837405	238837705	LTR/ERVL-MaLR	682	+	150	238837555	47223
chr1	238790332	238990332	harbor2	chr1	238837862	238838021	LTR/ERVL-MaLR	529	+	80	238837942	47610
chr1	238790332	238990332	harbor2	chr1	238840905	238841368	LTR/ERVL-MaLR	882	+	232	238841137	50805
chr1	238790332	238990332	harbor2	chr1	238848957	238849250	LTR/ERVL-MaLR	528	+	146	238849103	58771
chr1	238790332	238990332	harbor2	chr1	238880345	238880438	LTR/ERVL-MaLR	477	+	46	238880391	90059
chr1	238790332	238990332	harbor2	chr1	238888200	238888593	LTR/ERVL-MaLR	498	+	196	238888396	98064
chr1	231376587	231576587	harbor2	chr1	231392830	231393322	LTR/ERVL-MaLR	714	+	246	231393076	16489
chr1	231376587	231576587	harbor2	chr1	231410099	231410596	LTR/ERVL-MaLR	1697	+	248	231410347	33760
chr1	231376587	231576587	harbor2	chr1	231411087	231411432	LTR/ERVL-MaLR	1869	+	172	231411259	34672
chr1	231376587	231576587	harbor2	chr1	231463968	231464130	LTR/ERVL-MaLR	791	+	81	231464049	87462
chr1	231376587	231576587	harbor2	chr1	231464719	231464925	LTR/ERVL-MaLR	791	+	103	231464822	88235
chr1	231376587	231576587	harbor2	chr1	231465467	231466087	LTR/ERVL-MaLR	1749	+	310	231465777	89190
chr1	195444360	195644360	harbor2	chr1	195489619	195490033	LTR/ERVL-MaLR	1298	+	207	195489826	45466
chr1	195444360	195644360	harbor2	chr1	195490152	195490631	LTR/ERVL-MaLR	1298	+	240	195490392	46032
chr1	195444360	195644360	harbor2	chr1	195490653	195490925	LTR/ERVL-MaLR	678	+	136	195490789	46429
chr1	195444360	195644360	harbor2	chr1	195500710	195501218	LTR/ERVL-MaLR	1389	+	254	195500964	56604
chr1	195444360	195644360	harbor2	chr1	195508276	195508668	LTR/ERVL-MaLR	1435	+	196	195508472	64112
chr1	195444360	195644360	harbor2	chr1	195517594	195518009	LTR/ERVL-MaLR	2345	+	208	195517802	73442
chr1	195444360	195644360	harbor2	chr1	195532256	195532370	LTR/ERVL-MaLR	704	+	57	195532313	87953
chr1	189033366	189233366	harbor2	chr1	189055234	189055578	LTR/ERVL-MaLR	1693	+	172	189055406	22040
chr1	189033366	189233366	harbor2	chr1	189055872	189055946	LTR/ERVL-MaLR	948	+	37	189055909	22543
chr1	189033366	189233366	harbor2	chr1	189101147	189101511	LTR/ERVL-MaLR	1840	+	182	189101329	67963
chr1	189033366	189233366	harbor2	chr1	189087518	189087870	LTR/ERVL-MaLR	2288	+	176	189087694	54328
chr1	214928069	215128069	harbor2	chr1	214933559	214933902	LTR/ERVL-MaLR	894	+	172	214933731	5662
chr1	214928069	215128069	harbor2	chr1	214951983	214952329	LTR/ERVL-MaLR	1728	+	173	214952156	24087
chr1	214928069	215128069	harbor2	chr1	214957089	214957444	LTR/ERVL-MaLR	1617	+	178	214957267	29198
chr1	214928069	215128069	harbor2	chr1	214969035	214969381	LTR/ERVL-MaLR	1564	+	173	214969208	41139
chr1	214928069	215128069	harbor2	chr1	214970538	214970658	LTR/ERVL-MaLR	632	+	60	214970598	42529
chr1	214928069	215128069	harbor2	chr1	214982176	214982551	LTR/ERVL-MaLR	2231	+	188	214982364	54295
chr1	214928069	215128069	harbor2	chr1	214983705	214984059	LTR/ERVL-MaLR	2242	+	177	214983882	55813
chr1	214928069	215128069	harbor2	chr1	214984060	214985528	LTR/ERVL-MaLR	11073	+	734	214984794	56725
chr1	214928069	215128069	harbor2	chr1	214985830	214985921	LTR/ERVL-MaLR	11073	+	46	214985876	57807
chr1	214928069	215128069	harbor2	chr1	214985926	214986276	LTR/ERVL-MaLR	2421	+	175	214986101	58032
chr1	214928069	215128069	harbor2	chr1	215001611	215002105	LTR/ERVL-MaLR	533	+	247	215001858	73789
chr1	185008672	185208672	harbor2	chr1	185042948	185043340	LTR/ERVL-MaLR	505	+	196	185043144	34472
chr1	185008672	185208672	harbor2	chr1	185068279	185068760	LTR/ERVL-MaLR	1713	+	240	185068519	59847
chr1	219944115	220144115	harbor2	chr1	219999331	219999691	LTR/ERVL-MaLR	1153	+	180	219999511	55396
chr1	240618957	240818957	harbor2	chr1	240618941	240619247	LTR/ERVL-MaLR	618	+	153	240619094	137
chr1	240618957	240818957	harbor2	chr1	240636336	240636519	LTR/ERVL-MaLR	1147	+	92	240636428	17471
chr1	240618957	240818957	harbor2	chr1	240637075	240637282	LTR/ERVL-MaLR	1114	+	104	240637179	18222
chr1	240618957	240818957	harbor2	chr1	240641745	240642340	LTR/ERVL-MaLR	1466	+	298	240642043	23086
chr1	172897804	173097804	harbor2	chr1	172943205	172943566	LTR/ERVL-MaLR	1966	+	180	172943385	45581
chr1	172897804	173097804	harbor2	chr1	172955903	172956262	LTR/ERVL-MaLR	2077	+	180	172956083	58279
chr1	172897804	173097804	harbor2	chr1	172995734	172996095	LTR/ERVL-MaLR	2148	+	180	172995914	98110
chr1	172897804	173097804	harbor2	chr1	172996096	172997680	LTR/ERVL-MaLR	11824	+	792	172996888	99084
chr1	158483257	158683257	harbor2	chr1	158503554	158503797	LTR/ERVL-MaLR	784	+	122	158503676	20419
chr1	158483257	158683257	harbor2	chr1	158564305	158564796	LTR/ERVL-MaLR	1610	+	246	158564551	81294
chr1	147956958	148156958	harbor2	chr1	148025580	148025974	LTR/ERVL-MaLR	1454	+	197	148025777	68819
chr1	173330502	173530502	harbor2	chr1	173333424	173333806	LTR/ERVL-MaLR	1379	+	191	173333615	3113
chr1	173330502	173530502	harbor2	chr1	173340857	173341231	LTR/ERVL-MaLR	2752	+	187	173341044	10542
chr1	173330502	173530502	harbor2	chr1	173348122	173348486	LTR/ERVL-MaLR	2183	+	182	173348304	17802
chr1	173330502	173530502	harbor2	chr1	173348831	173348932	LTR/ERVL-MaLR	596	+	50	173348881	18379
chr1	173330502	173530502	harbor2	chr1	173357928	173358252	LTR/ERVL-MaLR	1594	+	162	173358090	27588
chr1	173330502	173530502	harbor2	chr1	173385863	173387182	LTR/ERVL-MaLR	3614	+	660	173386523	56021
chr1	173330502	173530502	harbor2	chr1	173387191	173387547	LTR/ERVL-MaLR	1842	+	178	173387369	56867
chr1	173330502	173530502	harbor2	chr1	173407810	173408161	LTR/ERVL-MaLR	1699	+	176	173407986	77484
chr1	173330502	173530502	harbor2	chr1	173413623	173413846	LTR/ERVL-MaLR	435	+	112	173413735	83233
chr1	173330502	173530502	harbor2	chr1	173418881	173419057	LTR/ERVL-MaLR	1158	+	88	173418969	88467
chr1	173330502	173530502	harbor2	chr1	173419363	173419570	LTR/ERVL-MaLR	1158	+	104	173419467	88965
chr1	173330502	173530502	harbor2	chr1	173426454	173426589	LTR/ERVL-MaLR	849	+	68	173426522	96020
chr1	173330502	173530502	harbor2	chr1	173426893	173426943	LTR/ERVL-MaLR	849	+	25	173426918	96416
chr1	173330502	173530502	harbor2	chr1	173426971	173427144	LTR/ERVL-MaLR	907	+	86	173427057	96555
chr1	36359369	36559369	harbor2	chr1	36408799	36408918	LTR/ERVL-MaLR	437	+	60	36408859	49490
chr1	36359369	36559369	harbor2	chr1	36454474	36454837	LTR/ERVL-MaLR	1279	+	182	36454656	95287
chr1	245948405	246148405	harbor2	chr1	245972529	245972942	LTR/ERVL-MaLR	551	+	206	245972735	24330
chr1	245948405	246148405	harbor2	chr1	245979297	245979745	LTR/ERVL-MaLR	1686	+	224	245979521	31116
chr1	245948405	246148405	harbor2	chr1	245990644	245990872	LTR/ERVL-MaLR	1254	+	114	245990758	42353
chr1	186195385	186395385	harbor2	chr1	186196544	186196899	LTR/ERVL-MaLR	1892	+	178	186196722	1337
chr1	186195385	186395385	harbor2	chr1	186209500	186209927	LTR/ERVL-MaLR	1751	+	214	186209714	14329
chr1	186195385	186395385	harbor2	chr1	186230397	186230857	LTR/ERVL-MaLR	2403	+	230	186230627	35242
chr1	186195385	186395385	harbor2	chr1	186233000	186233304	LTR/ERVL-MaLR	479	+	152	186233152	37767
chr1	186195385	186395385	harbor2	chr1	186234902	186235103	LTR/ERVL-MaLR	566	+	100	186235002	39617
chr1	186195385	186395385	harbor2	chr1	186254124	186254455	LTR/ERVL-MaLR	1405	+	166	186254290	58905
chr1	36439499	36639499	harbor2	chr1	36454474	36454837	LTR/ERVL-MaLR	1279	+	182	36454656	15157
chr1	36439499	36639499	harbor2	chr1	36491342	36491468	LTR/ERVL-MaLR	810	+	63	36491405	51906
chr1	36439499	36639499	harbor2	chr1	36533474	36533887	LTR/ERVL-MaLR	943	+	206	36533680	94181
chr1	36439499	36639499	harbor2	chr1	36536426	36536826	LTR/ERVL-MaLR	2541	+	200	36536626	97127
chr1	114944279	115144279	harbor2	chr1	115011034	115011113	LTR/ERVL-MaLR	522	+	40	115011074	66795
chr1	114944279	115144279	harbor2	chr1	115011114	115011327	LTR/ERVL-MaLR	9525	+	106	115011220	66941
chr1	114944279	115144279	harbor2	chr1	115011768	115013060	LTR/ERVL-MaLR	9525	+	646	115012414	68135
chr1	114944279	115144279	harbor2	chr1	115013061	115013421	LTR/ERVL-MaLR	1488	+	180	115013241	68962
chr1	114944279	115144279	harbor2	chr1	115036024	115036294	LTR/ERVL-MaLR	684	+	135	115036159	91880
chr1	114944279	115144279	harbor2	chr1	114950069	114950390	LTR/ERVL-MaLR	727	+	160	114950229	5950
chr1	202037199	202237199	harbor2	chr1	202037396	202037746	LTR/ERVL-MaLR	2804	+	175	202037571	372
chr1	235679347	235879347	harbor2	chr1	235710579	235711185	LTR/ERVL-MaLR	838	+	303	235710882	31535
chr1	40086215	40286215	harbor2	chr1	40086472	40086804	LTR/ERVL-MaLR	657	+	166	40086638	423
chr1	40086215	40286215	harbor2	chr1	40147385	40147735	LTR/ERVL-MaLR	2523	+	175	40147560	61345
chr1	66780247	66980247	harbor2	chr1	66805160	66805451	LTR/ERVL-MaLR	978	+	146	66805306	25059
chr1	66780247	66980247	harbor2	chr1	66806801	66806880	LTR/ERVL-MaLR	437	+	40	66806841	26594
chr1	66780247	66980247	harbor2	chr1	66838171	66838541	LTR/ERVL-MaLR	1445	+	185	66838356	58109
chr1	66780247	66980247	harbor2	chr1	66852709	66852909	LTR/ERVL-MaLR	1020	+	100	66852809	72562
chr1	66780247	66980247	harbor2	chr1	66853574	66853709	LTR/ERVL-MaLR	588	+	68	66853642	73395
chr1	66780247	66980247	harbor2	chr1	66879874	66880235	LTR/ERVL-MaLR	2260	+	180	66880054	99807
chr1	230019583	230219583	harbor2	chr1	230024151	230024583	LTR/ERVL-MaLR	2114	+	216	230024367	4784
chr1	230019583	230219583	harbor2	chr1	230051972	230052302	LTR/ERVL-MaLR	1950	+	165	230052137	32554
chr1	246220510	246420510	harbor2	chr1	246257772	246257853	LTR/ERVL-MaLR	550	+	40	246257812	37302
chr1	246220510	246420510	harbor2	chr1	246257858	246258038	LTR/ERVL-MaLR	949	+	90	246257948	37438
chr1	246220510	246420510	harbor2	chr1	246258335	246258375	LTR/ERVL-MaLR	949	+	20	246258355	37845
chr1	246220510	246420510	harbor2	chr1	246278262	246278833	LTR/ERVL-MaLR	1072	+	286	246278548	58038
chr1	246220510	246420510	harbor2	chr1	246301932	246302423	LTR/ERVL-MaLR	927	+	246	246302178	81668
chr1	246220510	246420510	harbor2	chr1	246303253	246303352	LTR/ERVL-MaLR	431	+	50	246303303	82793
chr1	173501886	173701886	harbor2	chr1	173507536	173507927	LTR/ERVL-MaLR	1963	+	196	173507732	5846
chr1	173501886	173701886	harbor2	chr1	173518881	173519546	LTR/ERVL-MaLR	1196	+	332	173519213	17327
chr1	173501886	173701886	harbor2	chr1	173539876	173540419	LTR/ERVL-MaLR	1160	+	272	173540148	38262
chr1	173501886	173701886	harbor2	chr1	173540458	173540890	LTR/ERVL-MaLR	1442	+	216	173540674	38788
chr1	173501886	173701886	harbor2	chr1	173545015	173545181	LTR/ERVL-MaLR	529	+	83	173545098	43212
chr1	173501886	173701886	harbor2	chr1	173545275	173545408	LTR/ERVL-MaLR	576	+	66	173545341	43455
chr1	173501886	173701886	harbor2	chr1	173545406	173545759	LTR/ERVL-MaLR	1265	+	176	173545582	43696
chr1	173501886	173701886	harbor2	chr1	173554097	173554588	LTR/ERVL-MaLR	970	+	246	173554343	52457
chr1	95391895	95591895	harbor2	chr1	95402944	95403319	LTR/ERVL-MaLR	1992	+	188	95403132	11237
chr1	95391895	95591895	harbor2	chr1	95404957	95405329	LTR/ERVL-MaLR	1895	+	186	95405143	13248
chr1	95391895	95591895	harbor2	chr1	95428991	95429494	LTR/ERVL-MaLR	1805	+	252	95429243	37348
chr1	95391895	95591895	harbor2	chr1	95429541	95429880	LTR/ERVL-MaLR	1483	+	170	95429711	37816
chr1	95391895	95591895	harbor2	chr1	95435557	95435743	LTR/ERVL-MaLR	1262	+	93	95435650	43755
chr1	95391895	95591895	harbor2	chr1	95436427	95436592	LTR/ERVL-MaLR	1262	+	82	95436509	44614
chr1	95391895	95591895	harbor2	chr1	95477107	95477479	LTR/ERVL-MaLR	1973	+	186	95477293	85398
chr1	95391895	95591895	harbor2	chr1	95477480	95479034	LTR/ERVL-MaLR	11112	+	777	95478257	86362
chr1	95391895	95591895	harbor2	chr1	95479035	95479410	LTR/ERVL-MaLR	2091	+	188	95479223	87328
chr1	95391895	95591895	harbor2	chr1	95403320	95404956	LTR/ERVL-MaLR	10920	+	818	95404138	12243
chr1	248377263	248577263	harbor2	chr1	248410468	248410913	LTR/ERVL-MaLR	2058	+	222	248410690	33427
chr1	248377263	248577263	harbor2	chr1	248410914	248412564	LTR/ERVL-MaLR	5361	+	825	248411739	34476
chr1	248377263	248577263	harbor2	chr1	248412565	248413011	LTR/ERVL-MaLR	1863	+	223	248412788	35525
chr1	248377263	248577263	harbor2	chr1	248428142	248428522	LTR/ERVL-MaLR	1993	+	190	248428332	51069
chr1	248377263	248577263	harbor2	chr1	248442893	248443241	LTR/ERVL-MaLR	2194	+	174	248443067	65804
chr1	247890396	248090396	harbor2	chr1	247952308	247952691	LTR/ERVL-MaLR	1631	+	192	247952500	62104
chr1	247890396	248090396	harbor2	chr1	247961349	247961655	LTR/ERVL-MaLR	531	+	153	247961502	71106
chr1	181809342	182009342	harbor2	chr1	181814443	181814581	LTR/ERVL-MaLR	806	+	69	181814512	5170
chr1	181809342	182009342	harbor2	chr1	181815473	181815635	LTR/ERVL-MaLR	852	+	81	181815554	6212
chr1	181809342	182009342	harbor2	chr1	181817154	181817324	LTR/ERVL-MaLR	749	+	85	181817239	7897
chr1	181809342	182009342	harbor2	chr1	181817992	181818303	LTR/ERVL-MaLR	749	+	156	181818148	8806
chr1	181809342	182009342	harbor2	chr1	181823452	181823947	LTR/ERVL-MaLR	1343	+	248	181823700	14358
chr1	181809342	182009342	harbor2	chr1	181846961	181847128	LTR/ERVL-MaLR	511	+	84	181847045	37703
chr1	181809342	182009342	harbor2	chr1	181847167	181847594	LTR/ERVL-MaLR	862	+	214	181847381	38039
chr1	181809342	182009342	harbor2	chr1	181847602	181847735	LTR/ERVL-MaLR	430	+	66	181847668	38326
chr1	181809342	182009342	harbor2	chr1	181863061	181863304	LTR/ERVL-MaLR	900	+	122	181863183	53841
chr1	181809342	182009342	harbor2	chr1	181862283	181862662	LTR/ERVL-MaLR	2215	+	190	181862473	53131
chr1	245851156	246051156	harbor2	chr1	245866975	245867201	LTR/ERVL-MaLR	895	+	113	245867088	15932
chr1	245851156	246051156	harbor2	chr1	245867225	245867413	LTR/ERVL-MaLR	935	+	94	245867319	16163
chr1	245851156	246051156	harbor2	chr1	245904112	245904436	LTR/ERVL-MaLR	1518	+	162	245904274	53118
chr1	176185069	176385069	harbor2	chr1	176185475	176185872	LTR/ERVL-MaLR	464	+	198	176185673	604
chr1	176185069	176385069	harbor2	chr1	176187840	176188205	LTR/ERVL-MaLR	1454	+	182	176188022	2953
chr1	176185069	176385069	harbor2	chr1	176196990	176197158	LTR/ERVL-MaLR	538	+	84	176197074	12005
chr1	176185069	176385069	harbor2	chr1	176197436	176197572	LTR/ERVL-MaLR	848	+	68	176197504	12435
chr1	176185069	176385069	harbor2	chr1	176210990	176211333	LTR/ERVL-MaLR	1281	+	172	176211162	26093
chr1	176185069	176385069	harbor2	chr1	176214615	176214754	LTR/ERVL-MaLR	716	+	70	176214685	29616
chr1	176185069	176385069	harbor2	chr1	176215316	176215554	LTR/ERVL-MaLR	511	+	119	176215435	30366
chr1	176185069	176385069	harbor2	chr1	176215581	176215716	LTR/ERVL-MaLR	511	+	68	176215649	30580
chr1	176185069	176385069	harbor2	chr1	176216059	176216189	LTR/ERVL-MaLR	511	+	65	176216124	31055
chr1	176185069	176385069	harbor2	chr1	176218370	176218729	LTR/ERVL-MaLR	2127	+	180	176218550	33481
chr1	176185069	176385069	harbor2	chr1	176230786	176231136	LTR/ERVL-MaLR	2160	+	175	176230961	45892
chr1	176185069	176385069	harbor2	chr1	176278217	176278567	LTR/ERVL-MaLR	2116	+	175	176278392	93323
chr1	120271097	120471097	harbor2	chr1	120320117	120320521	LTR/ERVL-MaLR	1835	+	202	120320319	49222
chr1	222805769	223005769	harbor2	chr1	222818956	222819349	LTR/ERVL-MaLR	2325	+	196	222819152	13383
chr1	222805769	223005769	harbor2	chr1	222821421	222821593	LTR/ERVL-MaLR	1818	+	86	222821507	15738
chr1	222805769	223005769	harbor2	chr1	222821902	222822117	LTR/ERVL-MaLR	1818	+	108	222822010	16241
chr1	222805769	223005769	harbor2	chr1	222836940	222837432	LTR/ERVL-MaLR	829	+	246	222837186	31417
chr1	144379811	144579811	harbor2	chr1	144449622	144449978	LTR/ERVL-MaLR	1125	+	178	144449800	69989
chr1	144379811	144579811	harbor2	chr1	144450112	144450656	LTR/ERVL-MaLR	847	+	272	144450384	70573
chr1	229758380	229958380	harbor2	chr1	229776163	229776642	LTR/ERVL-MaLR	492	+	240	229776403	18023
chr1	229758380	229958380	harbor2	chr1	229777192	229777599	LTR/ERVL-MaLR	2331	+	204	229777396	19016
chr1	229758380	229958380	harbor2	chr1	229780009	229780333	LTR/ERVL-MaLR	1883	+	162	229780171	21791
chr1	229758380	229958380	harbor2	chr1	229800723	229801125	LTR/ERVL-MaLR	2353	+	201	229800924	42544
chr1	229758380	229958380	harbor2	chr1	229802910	229803307	LTR/ERVL-MaLR	2347	+	198	229803108	44728
chr1	231146247	231346247	harbor2	chr1	231149472	231149978	LTR/ERVL-MaLR	784	+	253	231149725	3478
chr1	231146247	231346247	harbor2	chr1	231180887	231180952	LTR/ERVL-MaLR	849	+	32	231180919	34672
chr1	231146247	231346247	harbor2	chr1	231181264	231181512	LTR/ERVL-MaLR	849	+	124	231181388	35141
chr1	231146247	231346247	harbor2	chr1	231189260	231189515	LTR/ERVL-MaLR	2229	+	128	231189388	43141
chr1	231146247	231346247	harbor2	chr1	231189853	231190103	LTR/ERVL-MaLR	2229	+	125	231189978	43731
chr1	231146247	231346247	harbor2	chr1	231193322	231193503	LTR/ERVL-MaLR	1040	+	90	231193412	47165
chr1	231146247	231346247	harbor2	chr1	231193555	231193583	LTR/ERVL-MaLR	1040	+	14	231193569	47322
chr1	231146247	231346247	harbor2	chr1	231194006	231194164	LTR/ERVL-MaLR	1040	+	79	231194085	47838
chr1	231146247	231346247	harbor2	chr1	231226075	231226521	LTR/ERVL-MaLR	2147	+	223	231226298	80051
chr1	231146247	231346247	harbor2	chr1	231232262	231232626	LTR/ERVL-MaLR	1050	+	182	231232444	86197
chr1	231146247	231346247	harbor2	chr1	231237341	231237769	LTR/ERVL-MaLR	1253	+	214	231237555	91308
chr1	191437176	191637176	harbor2	chr1	191483871	191484519	LTR/ERVL-MaLR	1606	+	324	191484195	47019
chr1	191437176	191637176	harbor2	chr1	191487447	191487763	LTR/ERVL-MaLR	2069	+	158	191487605	50429
chr1	191437176	191637176	harbor2	chr1	191487832	191488035	LTR/ERVL-MaLR	1350	+	102	191487934	50758
chr1	191437176	191637176	harbor2	chr1	191488036	191488397	LTR/ERVL-MaLR	2420	+	180	191488216	51040
chr1	191437176	191637176	harbor2	chr1	191496442	191496627	LTR/ERVL-MaLR	565	+	92	191496534	59358
chr1	191437176	191637176	harbor2	chr1	191512264	191512433	LTR/ERVL-MaLR	814	+	84	191512348	75172
chr1	191437176	191637176	harbor2	chr1	191512740	191512771	LTR/ERVL-MaLR	814	+	16	191512756	75580
chr1	191437176	191637176	harbor2	chr1	191513840	191514020	LTR/ERVL-MaLR	883	+	90	191513930	76754
chr1	191437176	191637176	harbor2	chr1	191516994	191517365	LTR/ERVL-MaLR	1737	+	186	191517180	80004
chr1	187440259	187640259	harbor2	chr1	187441985	187442405	LTR/ERVL-MaLR	2457	+	210	187442195	1936
chr1	187440259	187640259	harbor2	chr1	187445772	187446145	LTR/ERVL-MaLR	495	+	186	187445958	5699
chr1	187440259	187640259	harbor2	chr1	187458398	187458771	LTR/ERVL-MaLR	2272	+	186	187458584	18325
chr1	187440259	187640259	harbor2	chr1	187475623	187475863	LTR/ERVL-MaLR	476	+	120	187475743	35484
chr1	187440259	187640259	harbor2	chr1	187507192	187507564	LTR/ERVL-MaLR	2875	+	186	187507378	67119
chr1	187440259	187640259	harbor2	chr1	187513169	187513768	LTR/ERVL-MaLR	676	+	300	187513469	73210
chr1	244095961	244295961	harbor2	chr1	244116694	244117170	LTR/ERVL-MaLR	1835	+	238	244116932	20971
chr1	244095961	244295961	harbor2	chr1	244132737	244133160	LTR/ERVL-MaLR	2255	+	212	244132949	36988
chr1	244095961	244295961	harbor2	chr1	244133396	244133520	LTR/ERVL-MaLR	2255	+	62	244133458	37497
chr1	244095961	244295961	harbor2	chr1	244143547	244143817	LTR/ERVL-MaLR	1055	+	135	244143682	47721
chr1	244095961	244295961	harbor2	chr1	244144358	244144604	LTR/ERVL-MaLR	1055	+	123	244144481	48520
chr1	244095961	244295961	harbor2	chr1	244189360	244189783	LTR/ERVL-MaLR	2583	+	212	244189572	93611
chr1	244095961	244295961	harbor2	chr1	244191798	244192052	LTR/ERVL-MaLR	935	+	127	244191925	95964
chr1	145599117	145799117	harbor2	chr1	145696353	145696704	LTR/ERVL-MaLR	1478	+	176	145696529	97412
chr1	104619708	104819708	harbor2	chr1	104641363	104641816	LTR/ERVL-MaLR	524	+	226	104641589	21881
chr1	104619708	104819708	harbor2	chr1	104673269	104673605	LTR/ERVL-MaLR	1513	+	168	104673437	53729
chr1	104619708	104819708	harbor2	chr1	104689428	104689774	LTR/ERVL-MaLR	1117	+	173	104689601	69893
chr1	198328657	198528657	harbor2	chr1	198337301	198337689	LTR/ERVL-MaLR	2268	+	194	198337495	8838
chr1	198328657	198528657	harbor2	chr1	198355404	198355762	LTR/ERVL-MaLR	2190	+	179	198355583	26926
chr1	198328657	198528657	harbor2	chr1	198374105	198374606	LTR/ERVL-MaLR	985	+	250	198374355	45698
chr1	198328657	198528657	harbor2	chr1	198394138	198394575	LTR/ERVL-MaLR	830	+	218	198394356	65699
chr1	198328657	198528657	harbor2	chr1	198399472	198399840	LTR/ERVL-MaLR	827	+	184	198399656	70999
chr1	198328657	198528657	harbor2	chr1	198427899	198428336	LTR/ERVL-MaLR	1262	+	218	198428117	99460
chr1	230857768	231057768	harbor2	chr1	230870708	230871064	LTR/ERVL-MaLR	1789	+	178	230870886	13118
chr1	230857768	231057768	harbor2	chr1	230871831	230872065	LTR/ERVL-MaLR	2014	+	117	230871948	14180
chr1	230857768	231057768	harbor2	chr1	230872383	230872572	LTR/ERVL-MaLR	2014	+	94	230872477	14709
chr1	247451404	247651404	harbor2	chr1	247460547	247460640	LTR/ERVL-MaLR	506	+	46	247460593	9189
chr1	247451404	247651404	harbor2	chr1	247460953	247461116	LTR/ERVL-MaLR	506	+	82	247461035	9631
chr1	247451404	247651404	harbor2	chr1	247468793	247469211	LTR/ERVL-MaLR	1240	+	209	247469002	17598
chr1	247451404	247651404	harbor2	chr1	247500595	247501066	LTR/ERVL-MaLR	1433	+	236	247500831	49427
chr1	247451404	247651404	harbor2	chr1	247504174	247504524	LTR/ERVL-MaLR	1105	+	175	247504349	52945
chr1	247451404	247651404	harbor2	chr1	247538450	247538869	LTR/ERVL-MaLR	1372	+	210	247538660	87256
chr1	143899942	144099942	harbor2	chr1	143915771	143916212	LTR/ERVL-MaLR	1612	+	220	143915991	16049
chr1	143899942	144099942	harbor2	chr1	143939420	143939588	LTR/ERVL-MaLR	1583	+	84	143939504	39562
chr1	143899942	144099942	harbor2	chr1	143939869	143940069	LTR/ERVL-MaLR	1583	+	100	143939969	40027
chr1	143899942	144099942	harbor2	chr1	143944524	143944932	LTR/ERVL-MaLR	2112	+	204	143944728	44786
chr1	143899942	144099942	harbor2	chr1	143947405	143947863	LTR/ERVL-MaLR	929	+	229	143947634	47692
chr1	164322431	164522431	harbor2	chr1	164329996	164330340	LTR/ERVL-MaLR	2045	+	172	164330168	7737
chr1	164322431	164522431	harbor2	chr1	164372941	164373227	LTR/ERVL-MaLR	783	+	143	164373084	50653
chr1	164322431	164522431	harbor2	chr1	164375096	164375350	LTR/ERVL-MaLR	424	+	127	164375223	52792
chr1	164322431	164522431	harbor2	chr1	164398426	164398585	LTR/ERVL-MaLR	595	+	80	164398506	76075
chr1	164322431	164522431	harbor2	chr1	164411422	164411787	LTR/ERVL-MaLR	7110	+	182	164411604	89173
chr1	164322431	164522431	harbor2	chr1	164413544	164413909	LTR/ERVL-MaLR	1618	+	182	164413726	91295
chr1	164322431	164522431	harbor2	chr1	164412090	164413533	LTR/ERVL-MaLR	7110	+	722	164412812	90381
chr1	237384465	237584465	harbor2	chr1	237404546	237405159	LTR/ERVL-MaLR	1682	+	306	237404852	20387
chr1	237384465	237584465	harbor2	chr1	237411138	237411291	LTR/ERVL-MaLR	555	+	76	237411214	26749
chr1	64527261	64727261	harbor2	chr1	64573089	64573453	LTR/ERVL-MaLR	1457	+	182	64573271	46010
chr1	64527261	64727261	harbor2	chr1	64598962	64599225	LTR/ERVL-MaLR	1464	+	132	64599094	71833
chr1	248423421	248623421	harbor2	chr1	248428142	248428522	LTR/ERVL-MaLR	1993	+	190	248428332	4911
chr1	248423421	248623421	harbor2	chr1	248442893	248443241	LTR/ERVL-MaLR	2194	+	174	248443067	19646
chr1	248423421	248623421	harbor2	chr1	248512441	248512769	LTR/ERVL-MaLR	1415	+	164	248512605	89184
chr1	239570054	239770054	harbor2	chr1	239570047	239570421	LTR/ERVL-MaLR	2362	+	187	239570234	180
chr1	239570054	239770054	harbor2	chr1	239649101	239649433	LTR/ERVL-MaLR	1498	+	166	239649267	79213
chr1	181805898	182005898	harbor2	chr1	181814443	181814581	LTR/ERVL-MaLR	806	+	69	181814512	8614
chr1	181805898	182005898	harbor2	chr1	181815473	181815635	LTR/ERVL-MaLR	852	+	81	181815554	9656
chr1	181805898	182005898	harbor2	chr1	181817154	181817324	LTR/ERVL-MaLR	749	+	85	181817239	11341
chr1	181805898	182005898	harbor2	chr1	181817992	181818303	LTR/ERVL-MaLR	749	+	156	181818148	12250
chr1	181805898	182005898	harbor2	chr1	181823452	181823947	LTR/ERVL-MaLR	1343	+	248	181823700	17802
chr1	181805898	182005898	harbor2	chr1	181846961	181847128	LTR/ERVL-MaLR	511	+	84	181847045	41147
chr1	181805898	182005898	harbor2	chr1	181847167	181847594	LTR/ERVL-MaLR	862	+	214	181847381	41483
chr1	181805898	182005898	harbor2	chr1	181847602	181847735	LTR/ERVL-MaLR	430	+	66	181847668	41770
chr1	181805898	182005898	harbor2	chr1	181863061	181863304	LTR/ERVL-MaLR	900	+	122	181863183	57285
chr1	181805898	182005898	harbor2	chr1	181862283	181862662	LTR/ERVL-MaLR	2215	+	190	181862473	56575
chr1	200611413	200811413	harbor2	chr1	200651277	200651634	LTR/ERVL-MaLR	1756	+	178	200651455	40042
chr1	200611413	200811413	harbor2	chr1	200661799	200662201	LTR/ERVL-MaLR	2698	+	201	200662000	50587
chr1	200611413	200811413	harbor2	chr1	200693344	200693587	LTR/ERVL-MaLR	603	+	122	200693466	82053
chr1	200611413	200811413	harbor2	chr1	200697411	200697778	LTR/ERVL-MaLR	2485	+	184	200697595	86182
chr1	44370169	44570169	harbor2	chr1	44374448	44374873	LTR/ERVL-MaLR	1906	+	212	44374660	4491
chr1	247557914	247757914	harbor2	chr1	247626941	247627283	LTR/ERVL-MaLR	2026	+	171	247627112	69198
chr1	247557914	247757914	harbor2	chr1	247651620	247652046	LTR/ERVL-MaLR	2564	+	213	247651833	93919
chr1	189882304	190082304	harbor2	chr1	189882015	189882349	LTR/ERVL-MaLR	2218	+	167	189882182	122
chr1	189882304	190082304	harbor2	chr1	189897408	189897634	LTR/ERVL-MaLR	944	+	113	189897521	15217
chr1	189882304	190082304	harbor2	chr1	189901603	189901742	LTR/ERVL-MaLR	468	+	70	189901673	19369
chr1	189882304	190082304	harbor2	chr1	189909918	189910278	LTR/ERVL-MaLR	1525	+	180	189910098	27794
chr1	189882304	190082304	harbor2	chr1	189922298	189922609	LTR/ERVL-MaLR	1015	+	156	189922454	40150
chr1	200225745	200425745	harbor2	chr1	200245352	200245859	LTR/ERVL-MaLR	1614	+	254	200245606	19861
chr1	200225745	200425745	harbor2	chr1	200257122	200257642	LTR/ERVL-MaLR	1952	+	260	200257382	31637
chr1	200225745	200425745	harbor2	chr1	200263010	200263462	LTR/ERVL-MaLR	1751	+	226	200263236	37491
chr1	200225745	200425745	harbor2	chr1	200269397	200269913	LTR/ERVL-MaLR	1423	+	258	200269655	43910
chr1	200225745	200425745	harbor2	chr1	200273749	200273909	LTR/ERVL-MaLR	761	+	80	200273829	48084
chr1	200225745	200425745	harbor2	chr1	200282355	200282702	LTR/ERVL-MaLR	457	+	174	200282529	56784
chr1	200225745	200425745	harbor2	chr1	200324028	200324549	LTR/ERVL-MaLR	1064	+	260	200324288	98543
chr1	228587677	228787677	harbor2	chr1	228657921	228657998	LTR/ERVL-MaLR	1850	+	38	228657959	70282
chr1	228587677	228787677	harbor2	chr1	228658316	228658635	LTR/ERVL-MaLR	1850	+	160	228658476	70799
chr1	228587677	228787677	harbor2	chr1	228670655	228671015	LTR/ERVL-MaLR	2209	+	180	228670835	83158
chr1	228587677	228787677	harbor2	chr1	228671305	228671345	LTR/ERVL-MaLR	2209	+	20	228671325	83648
chr1	228587677	228787677	harbor2	chr1	228673440	228673822	LTR/ERVL-MaLR	2363	+	191	228673631	85954
chr1	243095345	243295345	harbor2	chr1	243106023	243106376	LTR/ERVL-MaLR	2283	+	176	243106199	10854
chr1	243095345	243295345	harbor2	chr1	243181954	243182372	LTR/ERVL-MaLR	2073	+	209	243182163	86818
chr1	227636128	227836128	harbor2	chr1	227657019	227657424	LTR/ERVL-MaLR	1487	+	202	227657221	21093
chr1	227636128	227836128	harbor2	chr1	227662877	227663251	LTR/ERVL-MaLR	1577	+	187	227663064	26936
chr1	227636128	227836128	harbor2	chr1	227675052	227675424	LTR/ERVL-MaLR	1576	+	186	227675238	39110
chr1	144244969	144444969	harbor2	chr1	144258460	144258832	LTR/ERVL-MaLR	1667	+	186	144258646	13677
chr1	144244969	144444969	harbor2	chr1	144270955	144271059	LTR/ERVL-MaLR	561	+	52	144271007	26038
chr1	144244969	144444969	harbor2	chr1	144261030	144261390	LTR/ERVL-MaLR	470	+	180	144261210	16241
chr1	185836540	186036540	harbor2	chr1	185868323	185868710	LTR/ERVL-MaLR	2192	+	194	185868517	31977
chr1	242473934	242673934	harbor2	chr1	242475633	242476052	LTR/ERVL-MaLR	1454	+	210	242475843	1909
chr1	242473934	242673934	harbor2	chr1	242496733	242496984	LTR/ERVL-MaLR	739	+	126	242496859	22925
chr1	242473934	242673934	harbor2	chr1	242503094	242503123	LTR/ERVL-MaLR	756	+	14	242503108	29174
chr1	242473934	242673934	harbor2	chr1	242503124	242503522	LTR/ERVL-MaLR	2369	+	199	242503323	29389
chr1	242473934	242673934	harbor2	chr1	242503523	242503921	LTR/ERVL-MaLR	756	+	199	242503722	29788
chr1	242473934	242673934	harbor2	chr1	242553801	242554204	LTR/ERVL-MaLR	707	+	202	242554003	80069
chr1	242473934	242673934	harbor2	chr1	242560938	242561480	LTR/ERVL-MaLR	1538	+	271	242561209	87275
chr1	242473934	242673934	harbor2	chr1	242561775	242561841	LTR/ERVL-MaLR	1538	+	33	242561808	87874
chr1	55998891	56198891	harbor2	chr1	56023835	56023928	LTR/ERVL-MaLR	2203	+	46	56023881	24990
chr1	55998891	56198891	harbor2	chr1	56024365	56024696	LTR/ERVL-MaLR	2203	+	166	56024531	25640
chr1	55998891	56198891	harbor2	chr1	56026710	56027124	LTR/ERVL-MaLR	2720	+	207	56026917	28026
chr1	55998891	56198891	harbor2	chr1	56055488	56055846	LTR/ERVL-MaLR	1609	+	179	56055667	56776
chr1	231806707	232006707	harbor2	chr1	231876068	231876493	LTR/ERVL-MaLR	2591	+	212	231876280	69573
chr1	231806707	232006707	harbor2	chr1	231879970	231880382	LTR/ERVL-MaLR	2519	+	206	231880176	73469
chr1	229400048	229600048	harbor2	chr1	229425994	229426256	LTR/ERVL-MaLR	1458	+	131	229426125	26077
chr1	229400048	229600048	harbor2	chr1	229473576	229473643	LTR/ERVL-MaLR	639	+	34	229473610	73562
chr1	229400048	229600048	harbor2	chr1	229481281	229481426	LTR/ERVL-MaLR	1445	+	72	229481353	81305
chr1	229400048	229600048	harbor2	chr1	229481714	229481970	LTR/ERVL-MaLR	1445	+	128	229481842	81794
chr1	229400048	229600048	harbor2	chr1	229482730	229483039	LTR/ERVL-MaLR	433	+	154	229482884	82836
chr1	229400048	229600048	harbor2	chr1	229473940	229474337	LTR/ERVL-MaLR	639	+	198	229474138	74090
chr1	200258718	200458718	harbor2	chr1	200263010	200263462	LTR/ERVL-MaLR	1751	+	226	200263236	4518
chr1	200258718	200458718	harbor2	chr1	200269397	200269913	LTR/ERVL-MaLR	1423	+	258	200269655	10937
chr1	200258718	200458718	harbor2	chr1	200273749	200273909	LTR/ERVL-MaLR	761	+	80	200273829	15111
chr1	200258718	200458718	harbor2	chr1	200282355	200282702	LTR/ERVL-MaLR	457	+	174	200282529	23811
chr1	200258718	200458718	harbor2	chr1	200324028	200324549	LTR/ERVL-MaLR	1064	+	260	200324288	65570
chr1	200258718	200458718	harbor2	chr1	200349542	200350032	LTR/ERVL-MaLR	957	+	245	200349787	91069
chr1	247094582	247294582	harbor2	chr1	247154135	247154507	LTR/ERVL-MaLR	2239	+	186	247154321	59739
chr1	247094582	247294582	harbor2	chr1	247157780	247157967	LTR/ERVL-MaLR	1992	+	94	247157874	63292
chr1	247094582	247294582	harbor2	chr1	247158276	247158510	LTR/ERVL-MaLR	1992	+	117	247158393	63811
chr1	247094582	247294582	harbor2	chr1	247159134	247159542	LTR/ERVL-MaLR	868	+	204	247159338	64756
chr1	247094582	247294582	harbor2	chr1	247179055	247179239	LTR/ERVL-MaLR	446	+	92	247179147	84565
chr1	242606595	242806595	harbor2	chr1	242656198	242656576	LTR/ERVL-MaLR	919	+	189	242656387	49792
chr1	242606595	242806595	harbor2	chr1	242660116	242660351	LTR/ERVL-MaLR	647	+	118	242660234	53639
chr1	242606595	242806595	harbor2	chr1	242661660	242661708	LTR/ERVL-MaLR	1290	+	24	242661684	55089
chr1	242606595	242806595	harbor2	chr1	242661961	242662288	LTR/ERVL-MaLR	1290	+	164	242662125	55530
chr1	242606595	242806595	harbor2	chr1	242668099	242668542	LTR/ERVL-MaLR	868	+	222	242668321	61726
chr1	143745955	143945955	harbor2	chr1	143814629	143815060	LTR/ERVL-MaLR	1654	+	216	143814845	68890
chr1	225024407	225224407	harbor2	chr1	225078585	225078768	LTR/ERVL-MaLR	1897	+	92	225078677	54270
chr1	225024407	225224407	harbor2	chr1	225078899	225079086	LTR/ERVL-MaLR	1897	+	94	225078993	54586
chr1	221903777	222103777	harbor2	chr1	221998591	221998960	LTR/ERVL-MaLR	2181	+	184	221998775	94998
chr1	107408456	107608456	harbor2	chr1	107452428	107452881	LTR/ERVL-MaLR	2742	+	226	107452654	44198
chr1	107408456	107608456	harbor2	chr1	107493212	107493514	LTR/ERVL-MaLR	1218	+	151	107493363	84907
chr1	82768688	82968688	harbor2	chr1	82855684	82856049	LTR/ERVL-MaLR	1996	+	182	82855866	87178
chr1	164842370	165042370	harbor2	chr1	164903414	164903779	LTR/ERVL-MaLR	2773	+	182	164903596	61226
chr1	164842370	165042370	harbor2	chr1	164940921	164941092	LTR/ERVL-MaLR	583	+	86	164941007	98637
chr1	243746763	243946763	harbor2	chr1	243776329	243776634	LTR/ERVL-MaLR	1173	+	152	243776481	29718
chr1	243746763	243946763	harbor2	chr1	243803768	243804205	LTR/ERVL-MaLR	437	+	218	243803986	57223
chr1	243746763	243946763	harbor2	chr1	243816853	243817336	LTR/ERVL-MaLR	483	+	242	243817095	70332
chr1	229011022	229211022	harbor2	chr1	229062587	229062950	LTR/ERVL-MaLR	538	+	182	229062769	51747
chr1	229011022	229211022	harbor2	chr1	229081740	229082063	LTR/ERVL-MaLR	1904	+	162	229081902	70880
chr1	229011022	229211022	harbor2	chr1	229082354	229082470	LTR/ERVL-MaLR	1904	+	58	229082412	71390
chr1	229011022	229211022	harbor2	chr1	229083133	229083515	LTR/ERVL-MaLR	1363	+	191	229083324	72302
chr1	229011022	229211022	harbor2	chr1	229104256	229104411	LTR/ERVL-MaLR	1791	+	78	229104334	93312
chr1	229011022	229211022	harbor2	chr1	229104728	229104909	LTR/ERVL-MaLR	1791	+	90	229104818	93796
chr1	215210141	215410141	harbor2	chr1	215264127	215264476	LTR/ERVL-MaLR	2177	+	174	215264301	54160
chr1	215210141	215410141	harbor2	chr1	215290304	215290557	LTR/ERVL-MaLR	633	+	126	215290430	80289
chr1	192413260	192613260	harbor2	chr1	192429518	192429891	LTR/ERVL-MaLR	1970	+	186	192429704	16444
chr1	192413260	192613260	harbor2	chr1	192431515	192431885	LTR/ERVL-MaLR	1854	+	185	192431700	18440
chr1	192413260	192613260	harbor2	chr1	192442660	192443227	LTR/ERVL-MaLR	1309	+	284	192442944	29684
chr1	192413260	192613260	harbor2	chr1	192461551	192462056	LTR/ERVL-MaLR	897	+	252	192461803	48543
chr1	192413260	192613260	harbor2	chr1	192488777	192489137	LTR/ERVL-MaLR	1721	+	180	192488957	75697
chr1	192413260	192613260	harbor2	chr1	192496728	192497171	LTR/ERVL-MaLR	1554	+	222	192496950	83690
chr1	192413260	192613260	harbor2	chr1	192429892	192431513	LTR/ERVL-MaLR	10515	+	810	192430702	17442
chr1	184898608	185098608	harbor2	chr1	184903374	184903733	LTR/ERVL-MaLR	2518	+	180	184903554	4946
chr1	184898608	185098608	harbor2	chr1	184904324	184904397	LTR/ERVL-MaLR	2518	+	36	184904360	5752
chr1	184898608	185098608	harbor2	chr1	184955853	184955998	LTR/ERVL-MaLR	445	+	72	184955925	57317
chr1	184898608	185098608	harbor2	chr1	184961546	184961926	LTR/ERVL-MaLR	1192	+	190	184961736	63128
chr1	184898608	185098608	harbor2	chr1	184966119	184966568	LTR/ERVL-MaLR	484	+	224	184966343	67735
chr1	184898608	185098608	harbor2	chr1	184986961	184987121	LTR/ERVL-MaLR	559	+	80	184987041	88433
chr1	184898608	185098608	harbor2	chr1	184990386	184990752	LTR/ERVL-MaLR	1842	+	183	184990569	91961
chr1	79255836	79455836	harbor2	chr1	79265881	79266087	LTR/ERVL-MaLR	1615	+	103	79265984	10148
chr1	79255836	79455836	harbor2	chr1	79266389	79266549	LTR/ERVL-MaLR	1615	+	80	79266469	10633
chr1	79255836	79455836	harbor2	chr1	79272604	79272944	LTR/ERVL-MaLR	2073	+	170	79272774	16938
chr1	79255836	79455836	harbor2	chr1	79276586	79276931	LTR/ERVL-MaLR	1804	+	172	79276758	20922
chr1	188638641	188838641	harbor2	chr1	188665007	188665299	LTR/ERVL-MaLR	1970	+	146	188665153	26512
chr1	188638641	188838641	harbor2	chr1	188712689	188713053	LTR/ERVL-MaLR	885	+	182	188712871	74230
chr1	183793100	183993100	harbor2	chr1	183856959	183857451	LTR/ERVL-MaLR	2181	+	246	183857205	64105
chr1	185988450	186188450	harbor2	chr1	186032387	186032728	LTR/ERVL-MaLR	2429	+	170	186032557	44107
chr1	185988450	186188450	harbor2	chr1	186033933	186034404	LTR/ERVL-MaLR	1612	+	236	186034169	45719
chr1	217624939	217824939	harbor2	chr1	217642515	217642901	LTR/ERVL-MaLR	1826	+	193	217642708	17769
chr1	217624939	217824939	harbor2	chr1	217657768	217657791	LTR/ERVL-MaLR	1967	+	12	217657780	32841
chr1	217624939	217824939	harbor2	chr1	217658141	217658474	LTR/ERVL-MaLR	1967	+	166	217658307	33368
chr1	217624939	217824939	harbor2	chr1	217660601	217660840	LTR/ERVL-MaLR	410	+	120	217660721	35782
chr1	217624939	217824939	harbor2	chr1	217706332	217706716	LTR/ERVL-MaLR	1893	+	192	217706524	81585
chr1	217624939	217824939	harbor2	chr1	217718888	217719528	LTR/ERVL-MaLR	808	+	320	217719208	94269
chr1	222989637	223189637	harbor2	chr1	223039914	223040044	LTR/ERVL-MaLR	499	+	65	223039979	50342
chr1	222989637	223189637	harbor2	chr1	223044978	223045157	LTR/ERVL-MaLR	1299	+	90	223045068	55431
chr1	222989637	223189637	harbor2	chr1	223046870	223047286	LTR/ERVL-MaLR	1717	+	208	223047078	57441
chr1	222989637	223189637	harbor2	chr1	223053174	223053553	LTR/ERVL-MaLR	2477	+	190	223053364	63727
chr1	144233986	144433986	harbor2	chr1	144258460	144258832	LTR/ERVL-MaLR	1667	+	186	144258646	24660
chr1	144233986	144433986	harbor2	chr1	144270955	144271059	LTR/ERVL-MaLR	561	+	52	144271007	37021
chr1	144233986	144433986	harbor2	chr1	144261030	144261390	LTR/ERVL-MaLR	470	+	180	144261210	27224
chr1	55932620	56132620	harbor2	chr1	55978231	55978389	LTR/ERVL-MaLR	1530	+	79	55978310	45690
chr1	55932620	56132620	harbor2	chr1	55978465	55978655	LTR/ERVL-MaLR	1530	+	95	55978560	45940
chr1	55932620	56132620	harbor2	chr1	56023835	56023928	LTR/ERVL-MaLR	2203	+	46	56023881	91261
chr1	55932620	56132620	harbor2	chr1	56024365	56024696	LTR/ERVL-MaLR	2203	+	166	56024531	91911
chr1	55932620	56132620	harbor2	chr1	56026710	56027124	LTR/ERVL-MaLR	2720	+	207	56026917	94297
chr1	237003724	237203724	harbor2	chr1	237013687	237013859	LTR/ERVL-MaLR	711	+	86	237013773	10049
chr1	237003724	237203724	harbor2	chr1	237027485	237027769	LTR/ERVL-MaLR	1132	+	142	237027627	23903
chr1	237003724	237203724	harbor2	chr1	237034290	237034806	LTR/ERVL-MaLR	867	+	258	237034548	30824
chr1	237003724	237203724	harbor2	chr1	237055694	237055917	LTR/ERVL-MaLR	1161	+	112	237055806	52082
chr1	237003724	237203724	harbor2	chr1	237056849	237057010	LTR/ERVL-MaLR	901	+	80	237056929	53205
chr1	237003724	237203724	harbor2	chr1	237062985	237063319	LTR/ERVL-MaLR	1655	+	167	237063152	59428
chr1	237003724	237203724	harbor2	chr1	237089862	237089883	LTR/ERVL-MaLR	1207	+	10	237089872	86148
chr1	237003724	237203724	harbor2	chr1	237090248	237090451	LTR/ERVL-MaLR	1207	+	102	237090350	86626
chr1	237003724	237203724	harbor2	chr1	237090472	237090642	LTR/ERVL-MaLR	886	+	85	237090557	86833
chr1	232677111	232877111	harbor2	chr1	232739447	232739815	LTR/ERVL-MaLR	2154	+	184	232739631	62520
chr1	232677111	232877111	harbor2	chr1	232740324	232740859	LTR/ERVL-MaLR	1506	+	268	232740592	63481
chr1	232677111	232877111	harbor2	chr1	232742800	232743149	LTR/ERVL-MaLR	2197	+	174	232742974	65863
chr1	232677111	232877111	harbor2	chr1	232754279	232754694	LTR/ERVL-MaLR	798	+	208	232754487	77376
chr1	198647514	198847514	harbor2	chr1	198672133	198672459	LTR/ERVL-MaLR	691	+	163	198672296	24782
chr1	205885743	206085743	harbor2	chr1	205951759	205952110	LTR/ERVL-MaLR	564	+	176	205951935	66192
chr1	69841007	70041007	harbor2	chr1	69899649	69899978	LTR/ERVL-MaLR	1314	+	164	69899813	58806
chr1	235623434	235823434	harbor2	chr1	235635203	235635250	LTR/ERVL-MaLR	441	+	24	235635227	11793
chr1	235623434	235823434	harbor2	chr1	235635497	235635578	LTR/ERVL-MaLR	441	+	40	235635537	12103
chr1	235623434	235823434	harbor2	chr1	235635562	235635710	LTR/ERVL-MaLR	862	+	74	235635636	12202
chr1	235623434	235823434	harbor2	chr1	235710579	235711185	LTR/ERVL-MaLR	838	+	303	235710882	87448
chr1	242274026	242474026	harbor2	chr1	242273582	242274087	LTR/ERVL-MaLR	1570	+	252	242273834	192
chr1	242274026	242474026	harbor2	chr1	242285566	242285735	LTR/ERVL-MaLR	544	+	84	242285650	11624
chr1	242274026	242474026	harbor2	chr1	242286187	242286283	LTR/ERVL-MaLR	404	+	48	242286235	12209
chr1	242274026	242474026	harbor2	chr1	242286855	242286952	LTR/ERVL-MaLR	404	+	48	242286903	12877
chr1	242274026	242474026	harbor2	chr1	242322528	242322886	LTR/ERVL-MaLR	2083	+	179	242322707	48681
chr1	242274026	242474026	harbor2	chr1	242349749	242349884	LTR/ERVL-MaLR	715	+	68	242349817	75791
chr1	242274026	242474026	harbor2	chr1	242350064	242350279	LTR/ERVL-MaLR	1289	+	108	242350172	76146
chr1	242274026	242474026	harbor2	chr1	242351331	242351689	LTR/ERVL-MaLR	2609	+	179	242351510	77484
chr1	113179548	113379548	harbor2	chr1	113196455	113196716	LTR/ERVL-MaLR	847	+	130	113196585	17037
chr1	113179548	113379548	harbor2	chr1	113207032	113207558	LTR/ERVL-MaLR	1066	+	263	113207295	27747
chr1	113179548	113379548	harbor2	chr1	113246000	113246394	LTR/ERVL-MaLR	2290	+	197	113246197	66649
chr1	187470261	187670261	harbor2	chr1	187475623	187475863	LTR/ERVL-MaLR	476	+	120	187475743	5482
chr1	187470261	187670261	harbor2	chr1	187507192	187507564	LTR/ERVL-MaLR	2875	+	186	187507378	37117
chr1	187470261	187670261	harbor2	chr1	187513169	187513768	LTR/ERVL-MaLR	676	+	300	187513469	43208
chr1	187470261	187670261	harbor2	chr1	187568063	187568227	LTR/ERVL-MaLR	407	+	82	187568145	97884
chr1	248023155	248223155	harbor2	chr1	248064128	248064521	LTR/ERVL-MaLR	1567	+	196	248064324	41169
chr1	230339685	230539685	harbor2	chr1	230360419	230360780	LTR/ERVL-MaLR	2118	+	180	230360599	20914
chr1	230339685	230539685	harbor2	chr1	230420433	230420799	LTR/ERVL-MaLR	2006	+	183	230420616	80931
chr1	212636205	212836205	harbor2	chr1	212640454	212640829	LTR/ERVL-MaLR	1248	+	188	212640642	4437
chr1	212636205	212836205	harbor2	chr1	212643171	212643357	LTR/ERVL-MaLR	1546	+	93	212643264	7059
chr1	212636205	212836205	harbor2	chr1	212643481	212643754	LTR/ERVL-MaLR	1546	+	136	212643617	7412
chr1	212636205	212836205	harbor2	chr1	212651918	212652426	LTR/ERVL-MaLR	747	+	254	212652172	15967
chr1	212636205	212836205	harbor2	chr1	212656492	212656868	LTR/ERVL-MaLR	1536	+	188	212656680	20475
chr1	212636205	212836205	harbor2	chr1	212674838	212675291	LTR/ERVL-MaLR	1325	+	226	212675064	38859
chr1	212636205	212836205	harbor2	chr1	212684529	212684777	LTR/ERVL-MaLR	756	+	124	212684653	48448
chr1	212636205	212836205	harbor2	chr1	212693851	212694358	LTR/ERVL-MaLR	2131	+	254	212694105	57900
chr1	212636205	212836205	harbor2	chr1	212723374	212723848	LTR/ERVL-MaLR	691	+	237	212723611	87406
chr1	212636205	212836205	harbor2	chr1	212735552	212735953	LTR/ERVL-MaLR	1573	+	200	212735752	99547
chr1	168291066	168491066	harbor2	chr1	168324347	168324682	LTR/ERVL-MaLR	1014	+	168	168324515	33449
chr1	168291066	168491066	harbor2	chr1	168363486	168363848	LTR/ERVL-MaLR	1425	+	181	168363667	72601
chr1	168291066	168491066	harbor2	chr1	168379402	168379807	LTR/ERVL-MaLR	1344	+	202	168379604	88538
chr1	168291066	168491066	harbor2	chr1	168389223	168389712	LTR/ERVL-MaLR	1833	+	244	168389467	98401
chr1	238677994	238877994	harbor2	chr1	238701012	238701391	LTR/ERVL-MaLR	1809	+	190	238701202	23208
chr1	238677994	238877994	harbor2	chr1	238704565	238704731	LTR/ERVL-MaLR	2389	+	83	238704648	26654
chr1	238677994	238877994	harbor2	chr1	238705030	238705249	LTR/ERVL-MaLR	2389	+	110	238705140	27146
chr1	238677994	238877994	harbor2	chr1	238720911	238721274	LTR/ERVL-MaLR	2169	+	182	238721093	43099
chr1	238677994	238877994	harbor2	chr1	238721275	238722852	LTR/ERVL-MaLR	10970	+	788	238722063	44069
chr1	238677994	238877994	harbor2	chr1	238722853	238723212	LTR/ERVL-MaLR	1820	+	180	238723033	45039
chr1	238677994	238877994	harbor2	chr1	238747195	238747533	LTR/ERVL-MaLR	2075	+	169	238747364	69370
chr1	238677994	238877994	harbor2	chr1	238750995	238751418	LTR/ERVL-MaLR	1515	+	212	238751207	73213
chr1	118109234	118309234	harbor2	chr1	118139819	118140221	LTR/ERVL-MaLR	2154	+	201	118140020	30786
chr1	118109234	118309234	harbor2	chr1	118167730	118168151	LTR/ERVL-MaLR	2334	+	210	118167940	58706
chr1	118109234	118309234	harbor2	chr1	118188594	118188715	LTR/ERVL-MaLR	413	+	60	118188654	79420
chr1	199810339	200010339	harbor2	chr1	199811505	199811578	LTR/ERVL-MaLR	537	+	36	199811541	1202
chr1	199810339	200010339	harbor2	chr1	199813182	199813640	LTR/ERVL-MaLR	835	+	229	199813411	3072
chr1	199810339	200010339	harbor2	chr1	199814728	199814954	LTR/ERVL-MaLR	1925	+	113	199814841	4502
chr1	199810339	200010339	harbor2	chr1	199815256	199815428	LTR/ERVL-MaLR	1925	+	86	199815342	5003
chr1	199810339	200010339	harbor2	chr1	199815950	199816328	LTR/ERVL-MaLR	2113	+	189	199816139	5800
chr1	199810339	200010339	harbor2	chr1	199823214	199823505	LTR/ERVL-MaLR	767	+	146	199823360	13021
chr1	199810339	200010339	harbor2	chr1	199852384	199852664	LTR/ERVL-MaLR	1268	+	140	199852524	42185
chr1	199810339	200010339	harbor2	chr1	199851970	199852092	LTR/ERVL-MaLR	1268	+	61	199852031	41692
chr1	226120827	226320827	harbor2	chr1	226129179	226129510	LTR/ERVL-MaLR	1003	+	166	226129345	8518
chr1	226120827	226320827	harbor2	chr1	226130733	226130978	LTR/ERVL-MaLR	1354	+	122	226130855	10028
chr1	226120827	226320827	harbor2	chr1	226153772	226154215	LTR/ERVL-MaLR	1766	+	222	226153994	33167
chr1	226120827	226320827	harbor2	chr1	226154372	226154407	LTR/ERVL-MaLR	1766	+	18	226154390	33563
chr1	226120827	226320827	harbor2	chr1	226160840	226161063	LTR/ERVL-MaLR	464	+	112	226160952	40125
chr1	226120827	226320827	harbor2	chr1	226175911	226176129	LTR/ERVL-MaLR	728	+	109	226176020	55193
chr1	226120827	226320827	harbor2	chr1	226176463	226176587	LTR/ERVL-MaLR	423	+	62	226176525	55698
chr1	121235311	121435311	harbor2	chr1	121244803	121245124	LTR/ERVL-MaLR	750	+	160	121244963	9652
chr1	121235311	121435311	harbor2	chr1	121331171	121331641	LTR/ERVL-MaLR	2071	+	235	121331406	96095
chr1	165052531	165252531	harbor2	chr1	165057294	165057726	LTR/ERVL-MaLR	1186	+	216	165057510	4979
chr1	165052531	165252531	harbor2	chr1	165078660	165079033	LTR/ERVL-MaLR	2197	+	186	165078846	26315
chr1	165052531	165252531	harbor2	chr1	165079034	165080571	LTR/ERVL-MaLR	12047	+	768	165079802	27271
chr1	165052531	165252531	harbor2	chr1	165080574	165080930	LTR/ERVL-MaLR	2177	+	178	165080752	28221
chr1	165052531	165252531	harbor2	chr1	165083235	165083591	LTR/ERVL-MaLR	2588	+	178	165083413	30882
chr1	165052531	165252531	harbor2	chr1	165083600	165084956	LTR/ERVL-MaLR	8921	+	678	165084278	31747
chr1	165052531	165252531	harbor2	chr1	165091125	165091315	LTR/ERVL-MaLR	1518	+	95	165091220	38689
chr1	165052531	165252531	harbor2	chr1	165091316	165091676	LTR/ERVL-MaLR	2710	+	180	165091496	38965
chr1	165052531	165252531	harbor2	chr1	165126165	165126324	LTR/ERVL-MaLR	475	+	80	165126245	73714
chr1	165052531	165252531	harbor2	chr1	165127326	165127641	LTR/ERVL-MaLR	769	+	158	165127484	74953
chr1	165052531	165252531	harbor2	chr1	165133950	165134244	LTR/ERVL-MaLR	1315	+	147	165134097	81566
chr1	228917927	229117927	harbor2	chr1	228945180	228945524	LTR/ERVL-MaLR	827	+	172	228945352	27425
chr1	228917927	229117927	harbor2	chr1	228945603	228945736	LTR/ERVL-MaLR	923	+	66	228945669	27742
chr1	228917927	229117927	harbor2	chr1	228946183	228946523	LTR/ERVL-MaLR	923	+	170	228946353	28426
chr1	228917927	229117927	harbor2	chr1	228951892	228952246	LTR/ERVL-MaLR	2034	+	177	228952069	34142
chr1	228917927	229117927	harbor2	chr1	228962769	228963117	LTR/ERVL-MaLR	857	+	174	228962943	45016
chr1	228917927	229117927	harbor2	chr1	228970693	228970878	LTR/ERVL-MaLR	406	+	92	228970785	52858
chr1	228917927	229117927	harbor2	chr1	228980951	228981360	LTR/ERVL-MaLR	2177	+	204	228981155	63228
chr1	228917927	229117927	harbor2	chr1	228996157	228996692	LTR/ERVL-MaLR	1091	+	268	228996425	78498
chr1	52056818	52256818	harbor2	chr1	52136615	52136678	LTR/ERVL-MaLR	2068	+	32	52136647	79829
chr1	52056818	52256818	harbor2	chr1	52136972	52137266	LTR/ERVL-MaLR	2068	+	147	52137119	80301
chr1	222526275	222726275	harbor2	chr1	222527628	222528009	LTR/ERVL-MaLR	2158	+	190	222527818	1543
chr1	222526275	222726275	harbor2	chr1	222592301	222592527	LTR/ERVL-MaLR	666	+	113	222592414	66139
chr1	222526275	222726275	harbor2	chr1	222593644	222593696	LTR/ERVL-MaLR	656	+	26	222593670	67395
chr1	222526275	222726275	harbor2	chr1	222594023	222594425	LTR/ERVL-MaLR	702	+	201	222594224	67949
chr1	163043195	163243195	harbor2	chr1	163046814	163047264	LTR/ERVL-MaLR	1837	+	225	163047039	3844
chr1	163043195	163243195	harbor2	chr1	163055944	163056290	LTR/ERVL-MaLR	1023	+	173	163056117	12922
chr1	163043195	163243195	harbor2	chr1	163131026	163131448	LTR/ERVL-MaLR	2349	+	211	163131237	88042
chr1	163043195	163243195	harbor2	chr1	163131449	163133046	LTR/ERVL-MaLR	8397	+	798	163132247	89052
chr1	163043195	163243195	harbor2	chr1	163133049	163133470	LTR/ERVL-MaLR	2504	+	210	163133259	90064
chr1	217184339	217384339	harbor2	chr1	217186633	217186966	LTR/ERVL-MaLR	610	+	166	217186799	2460
chr1	217184339	217384339	harbor2	chr1	217195378	217195562	LTR/ERVL-MaLR	2414	+	92	217195470	11131
chr1	217184339	217384339	harbor2	chr1	217195865	217196056	LTR/ERVL-MaLR	2414	+	96	217195961	11622
chr1	217184339	217384339	harbor2	chr1	217205391	217205763	LTR/ERVL-MaLR	2171	+	186	217205577	21238
chr1	217184339	217384339	harbor2	chr1	217205764	217207327	LTR/ERVL-MaLR	11173	+	782	217206546	22207
chr1	217184339	217384339	harbor2	chr1	217207330	217207682	LTR/ERVL-MaLR	2056	+	176	217207506	23167
chr1	217184339	217384339	harbor2	chr1	217227844	217228399	LTR/ERVL-MaLR	2286	+	278	217228122	43783
chr1	217184339	217384339	harbor2	chr1	217230831	217230922	LTR/ERVL-MaLR	1965	+	46	217230877	46538
chr1	217184339	217384339	harbor2	chr1	217231259	217231271	LTR/ERVL-MaLR	1965	+	6	217231265	46926
chr1	217184339	217384339	harbor2	chr1	217231573	217231886	LTR/ERVL-MaLR	1965	+	156	217231729	47390
chr1	217184339	217384339	harbor2	chr1	217247455	217247847	LTR/ERVL-MaLR	1249	+	196	217247651	63312
chr1	217184339	217384339	harbor2	chr1	217277547	217277920	LTR/ERVL-MaLR	2228	+	186	217277733	93394
chr1	182524918	182724918	harbor2	chr1	182569482	182569678	LTR/ERVL-MaLR	738	+	98	182569580	44662
chr1	182524918	182724918	harbor2	chr1	182622300	182622515	LTR/ERVL-MaLR	454	+	108	182622408	97490
chr1	182524918	182724918	harbor2	chr1	182622836	182622964	LTR/ERVL-MaLR	454	+	64	182622900	97982
chr1	204675813	204875813	harbor2	chr1	204774698	204775095	LTR/ERVL-MaLR	2338	+	198	204774896	99083
chr1	239182052	239382052	harbor2	chr1	239193660	239194197	LTR/ERVL-MaLR	1623	+	268	239193928	11876
chr1	239182052	239382052	harbor2	chr1	239205142	239205558	LTR/ERVL-MaLR	2239	+	208	239205350	23298
chr1	239182052	239382052	harbor2	chr1	239207132	239207504	LTR/ERVL-MaLR	1745	+	186	239207318	25266
chr1	239182052	239382052	harbor2	chr1	239217975	239218315	LTR/ERVL-MaLR	1958	+	170	239218145	36093
chr1	239182052	239382052	harbor2	chr1	239250501	239251008	LTR/ERVL-MaLR	763	+	254	239250755	68703
chr1	239182052	239382052	harbor2	chr1	239271541	239271924	LTR/ERVL-MaLR	2407	+	192	239271733	89681
chr1	239182052	239382052	harbor2	chr1	239273336	239273738	LTR/ERVL-MaLR	1568	+	201	239273537	91485
chr1	239182052	239382052	harbor2	chr1	239276024	239276366	LTR/ERVL-MaLR	1205	+	171	239276195	94143
chr1	239182052	239382052	harbor2	chr1	239276720	239276792	LTR/ERVL-MaLR	1205	+	36	239276756	94704
chr1	239182052	239382052	harbor2	chr1	239205559	239207131	LTR/ERVL-MaLR	6129	+	786	239206345	24293
chr1	212511727	212711727	harbor2	chr1	212579748	212579862	LTR/ERVL-MaLR	509	+	57	212579805	68078
chr1	212511727	212711727	harbor2	chr1	212580178	212580232	LTR/ERVL-MaLR	509	+	27	212580205	68478
chr1	220330149	220530149	harbor2	chr1	220339669	220339880	LTR/ERVL-MaLR	826	+	106	220339775	9626
chr1	220330149	220530149	harbor2	chr1	220340202	220340514	LTR/ERVL-MaLR	826	+	156	220340358	10209
chr1	220330149	220530149	harbor2	chr1	220359161	220359524	LTR/ERVL-MaLR	2280	+	182	220359343	29194
chr1	220330149	220530149	harbor2	chr1	220361096	220361486	LTR/ERVL-MaLR	2465	+	195	220361291	31142
chr1	220330149	220530149	harbor2	chr1	220380201	220380564	LTR/ERVL-MaLR	2600	+	182	220380383	50234
chr1	220330149	220530149	harbor2	chr1	220390542	220390958	LTR/ERVL-MaLR	1249	+	208	220390750	60601
chr1	220330149	220530149	harbor2	chr1	220414440	220414835	LTR/ERVL-MaLR	2166	+	198	220414638	84489
chr1	56836709	57036709	harbor2	chr1	56843558	56843916	LTR/ERVL-MaLR	795	+	179	56843737	7028
chr1	56836709	57036709	harbor2	chr1	56876888	56877290	LTR/ERVL-MaLR	1746	+	201	56877089	40380
chr1	56836709	57036709	harbor2	chr1	56903147	56903518	LTR/ERVL-MaLR	2677	+	186	56903333	66624
chr1	56836709	57036709	harbor2	chr1	56922473	56922835	LTR/ERVL-MaLR	1931	+	181	56922654	85945
chr1	149009529	149209529	harbor2	chr1	149091600	149092061	LTR/ERVL-MaLR	1156	+	230	149091830	82301
chr1	149009529	149209529	harbor2	chr1	149092090	149092639	LTR/ERVL-MaLR	799	+	274	149092364	82835
chr1	231835838	232035838	harbor2	chr1	231876068	231876493	LTR/ERVL-MaLR	2591	+	212	231876280	40442
chr1	231835838	232035838	harbor2	chr1	231879970	231880382	LTR/ERVL-MaLR	2519	+	206	231880176	44338
chr1	231835838	232035838	harbor2	chr1	231925552	231926017	LTR/ERVL-MaLR	1662	+	232	231925784	89946
chr1	51237034	51437034	harbor2	chr1	51300705	51301112	LTR/ERVL-MaLR	562	+	204	51300909	63875
chr1	161097778	161297778	harbor2	chr1	161105946	161106347	LTR/ERVL-MaLR	2216	+	200	161106146	8368
chr1	149979090	150179090	harbor2	chr1	150015655	150016215	LTR/ERVL-MaLR	685	+	280	150015935	36845
chr1	149979090	150179090	harbor2	chr1	150060208	150060575	LTR/ERVL-MaLR	2038	+	184	150060392	81302
chr1	246966034	247166034	harbor2	chr1	247045274	247045669	LTR/ERVL-MaLR	2027	+	198	247045472	79438
chr1	246966034	247166034	harbor2	chr1	247045671	247046874	LTR/ERVL-MaLR	5858	+	602	247046273	80239
chr1	246966034	247166034	harbor2	chr1	247061792	247061950	LTR/ERVL-MaLR	591	+	79	247061871	95837
chr1	214138646	214338646	harbor2	chr1	214178031	214178162	LTR/ERVL-MaLR	423	+	66	214178097	39451
chr1	214138646	214338646	harbor2	chr1	214206631	214207033	LTR/ERVL-MaLR	838	+	201	214206832	68186
chr1	214138646	214338646	harbor2	chr1	214233161	214233536	LTR/ERVL-MaLR	1469	+	188	214233349	94703
chr1	11234036	11434036	harbor2	chr1	11297114	11297477	LTR/ERVL-MaLR	1744	+	182	11297296	63260
chr1	11234036	11434036	harbor2	chr1	11308206	11308645	LTR/ERVL-MaLR	790	+	220	11308426	74390
chr1	11234036	11434036	harbor2	chr1	11309560	11309928	LTR/ERVL-MaLR	2554	+	184	11309744	75708
chr1	11234036	11434036	harbor2	chr1	11310143	11310362	LTR/ERVL-MaLR	862	+	110	11310253	76217
chr1	175381369	175581369	harbor2	chr1	175387587	175387725	LTR/ERVL-MaLR	523	+	69	175387656	6287
chr1	175381369	175581369	harbor2	chr1	175410539	175410925	LTR/ERVL-MaLR	1053	+	193	175410732	29363
chr1	175381369	175581369	harbor2	chr1	175413698	175413854	LTR/ERVL-MaLR	1346	+	78	175413776	32407
chr1	175381369	175581369	harbor2	chr1	175414129	175414253	LTR/ERVL-MaLR	1346	+	62	175414191	32822
chr1	175381369	175581369	harbor2	chr1	175432759	175433293	LTR/ERVL-MaLR	1076	+	267	175433026	51657
chr1	175381369	175581369	harbor2	chr1	175454867	175455343	LTR/ERVL-MaLR	1201	+	238	175455105	73736
chr1	175381369	175581369	harbor2	chr1	175474177	175474557	LTR/ERVL-MaLR	1893	+	190	175474367	92998
chr1	240276024	240476024	harbor2	chr1	240288536	240289091	LTR/ERVL-MaLR	2052	+	278	240288814	12790
chr1	235779671	235979671	harbor2	chr1	235796523	235796865	LTR/ERVL-MaLR	1347	+	171	235796694	17023
chr1	235779671	235979671	harbor2	chr1	235821863	235822663	LTR/ERVL-MaLR	2748	+	400	235822263	42592
chr1	235779671	235979671	harbor2	chr1	235822666	235823120	LTR/ERVL-MaLR	1241	+	227	235822893	43222
chr1	209472166	209672166	harbor2	chr1	209487375	209487819	LTR/ERVL-MaLR	1727	+	222	209487597	15431
chr1	209472166	209672166	harbor2	chr1	209510111	209510505	LTR/ERVL-MaLR	2502	+	197	209510308	38142
chr1	209472166	209672166	harbor2	chr1	209518813	209520473	LTR/ERVL-MaLR	6776	+	830	209519643	47477
chr1	209472166	209672166	harbor2	chr1	209520512	209520953	LTR/ERVL-MaLR	2394	+	220	209520732	48566
chr1	209472166	209672166	harbor2	chr1	209521053	209521372	LTR/ERVL-MaLR	884	+	160	209521213	49047
chr1	209472166	209672166	harbor2	chr1	209542979	209543436	LTR/ERVL-MaLR	2026	+	228	209543207	71041
chr1	209472166	209672166	harbor2	chr1	209518380	209518812	LTR/ERVL-MaLR	2272	+	216	209518596	46430
chr1	185353866	185553866	harbor2	chr1	185367132	185367623	LTR/ERVL-MaLR	1454	+	246	185367378	13512
chr1	185353866	185553866	harbor2	chr1	185431236	185431399	LTR/ERVL-MaLR	553	+	82	185431318	77452
chr1	185353866	185553866	harbor2	chr1	185443057	185443521	LTR/ERVL-MaLR	1281	+	232	185443289	89423
chr1	185353866	185553866	harbor2	chr1	185453032	185453446	LTR/ERVL-MaLR	1388	+	207	185453239	99373
chr1	82002432	82202432	harbor2	chr1	82020865	82021202	LTR/ERVL-MaLR	1949	+	168	82021033	18601
chr1	82002432	82202432	harbor2	chr1	82021994	82022447	LTR/ERVL-MaLR	2124	+	226	82022220	19788
chr1	82002432	82202432	harbor2	chr1	82023504	82023951	LTR/ERVL-MaLR	1471	+	224	82023728	21296
chr1	82002432	82202432	harbor2	chr1	82034905	82035167	LTR/ERVL-MaLR	813	+	131	82035036	32604
chr1	82002432	82202432	harbor2	chr1	82052488	82052684	LTR/ERVL-MaLR	917	+	98	82052586	50154
chr1	82002432	82202432	harbor2	chr1	82052720	82052936	LTR/ERVL-MaLR	750	+	108	82052828	50396
chr1	82002432	82202432	harbor2	chr1	82081747	82081934	LTR/ERVL-MaLR	602	+	94	82081841	79409
chr1	82002432	82202432	harbor2	chr1	82082785	82083298	LTR/ERVL-MaLR	1510	+	256	82083041	80609
chr1	242317646	242517646	harbor2	chr1	242322528	242322886	LTR/ERVL-MaLR	2083	+	179	242322707	5061
chr1	242317646	242517646	harbor2	chr1	242349749	242349884	LTR/ERVL-MaLR	715	+	68	242349817	32171
chr1	242317646	242517646	harbor2	chr1	242350064	242350279	LTR/ERVL-MaLR	1289	+	108	242350172	32526
chr1	242317646	242517646	harbor2	chr1	242351331	242351689	LTR/ERVL-MaLR	2609	+	179	242351510	33864
chr1	242317646	242517646	harbor2	chr1	242407000	242407363	LTR/ERVL-MaLR	2497	+	182	242407182	89536
chr1	242317646	242517646	harbor2	chr1	242408339	242408758	LTR/ERVL-MaLR	2575	+	210	242408549	90903
chr1	154661658	154861658	harbor2	chr1	154682781	154683146	LTR/ERVL-MaLR	1493	+	182	154682963	21305
chr1	154661658	154861658	harbor2	chr1	154692690	154693041	LTR/ERVL-MaLR	1416	+	176	154692866	31208
chr1	154661658	154861658	harbor2	chr1	154711652	154711966	LTR/ERVL-MaLR	621	+	157	154711809	50151
chr1	154661658	154861658	harbor2	chr1	154712037	154712287	LTR/ERVL-MaLR	481	+	125	154712162	50504
chr1	154661658	154861658	harbor2	chr1	154739543	154740070	LTR/ERVL-MaLR	2126	+	264	154739807	78149
chr1	154661658	154861658	harbor2	chr1	154754406	154754856	LTR/ERVL-MaLR	1523	+	225	154754631	92973
chr1	195485655	195685655	harbor2	chr1	195489619	195490033	LTR/ERVL-MaLR	1298	+	207	195489826	4171
chr1	195485655	195685655	harbor2	chr1	195490152	195490631	LTR/ERVL-MaLR	1298	+	240	195490392	4737
chr1	195485655	195685655	harbor2	chr1	195490653	195490925	LTR/ERVL-MaLR	678	+	136	195490789	5134
chr1	195485655	195685655	harbor2	chr1	195500710	195501218	LTR/ERVL-MaLR	1389	+	254	195500964	15309
chr1	195485655	195685655	harbor2	chr1	195508276	195508668	LTR/ERVL-MaLR	1435	+	196	195508472	22817
chr1	195485655	195685655	harbor2	chr1	195517594	195518009	LTR/ERVL-MaLR	2345	+	208	195517802	32147
chr1	195485655	195685655	harbor2	chr1	195532256	195532370	LTR/ERVL-MaLR	704	+	57	195532313	46658
chr1	195485655	195685655	harbor2	chr1	195565223	195565355	LTR/ERVL-MaLR	442	+	66	195565289	79634
chr1	195485655	195685655	harbor2	chr1	195578155	195578586	LTR/ERVL-MaLR	1522	+	216	195578371	92716
chr1	218443782	218643782	harbor2	chr1	218448511	218448870	LTR/ERVL-MaLR	2097	+	180	218448691	4909
chr1	218443782	218643782	harbor2	chr1	218456470	218456839	LTR/ERVL-MaLR	1196	+	184	218456654	12872
chr1	218443782	218643782	harbor2	chr1	218506564	218506921	LTR/ERVL-MaLR	1909	+	178	218506742	62960
chr1	218443782	218643782	harbor2	chr1	218506922	218508026	LTR/ERVL-MaLR	6617	+	552	218507474	63692
chr1	218443782	218643782	harbor2	chr1	218508504	218508615	LTR/ERVL-MaLR	683	+	56	218508560	64778
chr1	218443782	218643782	harbor2	chr1	218534164	218534519	LTR/ERVL-MaLR	1829	+	178	218534342	90560
chr1	218443782	218643782	harbor2	chr1	218538290	218538646	LTR/ERVL-MaLR	1551	+	178	218538468	94686
chr1	218443782	218643782	harbor2	chr1	218538652	218540400	LTR/ERVL-MaLR	7814	+	874	218539526	95744
chr1	218443782	218643782	harbor2	chr1	218540404	218540746	LTR/ERVL-MaLR	1512	+	171	218540575	96793
chr1	77186693	77386693	harbor2	chr1	77205841	77206368	LTR/ERVL-MaLR	546	+	264	77206105	19412
chr1	77186693	77386693	harbor2	chr1	77229441	77229891	LTR/ERVL-MaLR	2229	+	225	77229666	42973
chr1	77186693	77386693	harbor2	chr1	77231674	77232125	LTR/ERVL-MaLR	1700	+	226	77231900	45207
chr1	77186693	77386693	harbor2	chr1	77236242	77236635	LTR/ERVL-MaLR	1918	+	196	77236438	49745
chr1	228952988	229152988	harbor2	chr1	228962769	228963117	LTR/ERVL-MaLR	857	+	174	228962943	9955
chr1	228952988	229152988	harbor2	chr1	228970693	228970878	LTR/ERVL-MaLR	406	+	92	228970785	17797
chr1	228952988	229152988	harbor2	chr1	228980951	228981360	LTR/ERVL-MaLR	2177	+	204	228981155	28167
chr1	228952988	229152988	harbor2	chr1	228996157	228996692	LTR/ERVL-MaLR	1091	+	268	228996425	43437
chr1	114527150	114727150	harbor2	chr1	114538633	114539069	LTR/ERVL-MaLR	1295	+	218	114538851	11701
chr1	114527150	114727150	harbor2	chr1	114560768	114561217	LTR/ERVL-MaLR	465	+	224	114560992	33842
chr1	114527150	114727150	harbor2	chr1	114561353	114561474	LTR/ERVL-MaLR	465	+	60	114561413	34263
chr1	114527150	114727150	harbor2	chr1	114577048	114577361	LTR/ERVL-MaLR	1352	+	156	114577204	50054
chr1	114527150	114727150	harbor2	chr1	114577633	114577645	LTR/ERVL-MaLR	1352	+	6	114577639	50489
chr1	241599865	241799865	harbor2	chr1	241620327	241620684	LTR/ERVL-MaLR	1471	+	178	241620505	20640
chr1	241599865	241799865	harbor2	chr1	241632008	241632363	LTR/ERVL-MaLR	2166	+	178	241632186	32321
chr1	241599865	241799865	harbor2	chr1	241643086	241643499	LTR/ERVL-MaLR	2310	+	206	241643292	43427
chr1	241599865	241799865	harbor2	chr1	241649105	241649456	LTR/ERVL-MaLR	1884	+	176	241649281	49416
chr1	241599865	241799865	harbor2	chr1	241667351	241667912	LTR/ERVL-MaLR	1181	+	280	241667631	67766
chr1	233840834	234040834	harbor2	chr1	233854169	233854550	LTR/ERVL-MaLR	2122	+	190	233854359	13525
chr1	233840834	234040834	harbor2	chr1	233854727	233855145	LTR/ERVL-MaLR	2516	+	209	233854936	14102
chr1	233840834	234040834	harbor2	chr1	233869040	233869381	LTR/ERVL-MaLR	624	+	170	233869210	28376
chr1	233840834	234040834	harbor2	chr1	233888394	233888751	LTR/ERVL-MaLR	2600	+	178	233888572	47738
chr1	233840834	234040834	harbor2	chr1	233890347	233890723	LTR/ERVL-MaLR	2784	+	188	233890535	49701
chr1	233840834	234040834	harbor2	chr1	233890724	233892255	LTR/ERVL-MaLR	9766	+	766	233891490	50656
chr1	233840834	234040834	harbor2	chr1	233892257	233892627	LTR/ERVL-MaLR	2578	+	185	233892442	51608
chr1	233840834	234040834	harbor2	chr1	233920542	233921089	LTR/ERVL-MaLR	1103	+	274	233920816	79982
chr1	234983094	235183094	harbor2	chr1	235004269	235004634	LTR/ERVL-MaLR	1423	+	182	235004451	21357
chr1	234983094	235183094	harbor2	chr1	235013467	235013903	LTR/ERVL-MaLR	1072	+	218	235013685	30591
chr1	234983094	235183094	harbor2	chr1	235014182	235014228	LTR/ERVL-MaLR	1072	+	23	235014205	31111
chr1	234983094	235183094	harbor2	chr1	235036786	235037132	LTR/ERVL-MaLR	1697	+	173	235036959	53865
chr1	234983094	235183094	harbor2	chr1	235043986	235044194	LTR/ERVL-MaLR	1845	+	104	235044090	60996
chr1	234983094	235183094	harbor2	chr1	235044495	235044694	LTR/ERVL-MaLR	1845	+	100	235044595	61501
chr1	234983094	235183094	harbor2	chr1	235046121	235046582	LTR/ERVL-MaLR	1031	+	230	235046351	63257
chr1	234983094	235183094	harbor2	chr1	235056925	235057270	LTR/ERVL-MaLR	1017	+	172	235057097	74003
chr1	213635920	213835920	harbor2	chr1	213652470	213652945	LTR/ERVL-MaLR	1040	+	238	213652708	16788
chr1	213635920	213835920	harbor2	chr1	213684498	213684948	LTR/ERVL-MaLR	1408	+	225	213684723	48803
chr1	213635920	213835920	harbor2	chr1	213721258	213721621	LTR/ERVL-MaLR	2170	+	182	213721440	85520
chr1	210268422	210468422	harbor2	chr1	210276784	210277130	LTR/ERVL-MaLR	2055	+	173	210276957	8535
chr1	210268422	210468422	harbor2	chr1	210282410	210282904	LTR/ERVL-MaLR	1164	+	247	210282657	14235
chr1	210268422	210468422	harbor2	chr1	210339368	210339854	LTR/ERVL-MaLR	1028	+	243	210339611	71189
chr1	154807861	155007861	harbor2	chr1	154818451	154818769	LTR/ERVL-MaLR	1150	+	159	154818610	10749
chr1	154807861	155007861	harbor2	chr1	154889589	154890033	LTR/ERVL-MaLR	697	+	222	154889811	81950
chr1	154807861	155007861	harbor2	chr1	154890345	154890428	LTR/ERVL-MaLR	635	+	42	154890387	82526
chr1	154807861	155007861	harbor2	chr1	154895345	154895660	LTR/ERVL-MaLR	461	+	158	154895503	87642
chr1	179360560	179560560	harbor2	chr1	179391346	179391509	LTR/ERVL-MaLR	2247	+	82	179391428	30868
chr1	179360560	179560560	harbor2	chr1	179391838	179392064	LTR/ERVL-MaLR	2247	+	113	179391951	31391
chr1	179360560	179560560	harbor2	chr1	179401572	179401891	LTR/ERVL-MaLR	1928	+	160	179401732	41172
chr1	179360560	179560560	harbor2	chr1	179402183	179402230	LTR/ERVL-MaLR	1928	+	24	179402207	41647
chr1	179360560	179560560	harbor2	chr1	179451557	179451911	LTR/ERVL-MaLR	2214	+	177	179451734	91174
chr1	179360560	179560560	harbor2	chr1	179451912	179452407	LTR/ERVL-MaLR	11805	+	248	179452160	91600
chr1	179360560	179560560	harbor2	chr1	179452725	179453520	LTR/ERVL-MaLR	11805	+	398	179453123	92563
chr1	179360560	179560560	harbor2	chr1	179454125	179454468	LTR/ERVL-MaLR	2295	+	172	179454297	93737
chr1	179360560	179560560	harbor2	chr1	179371527	179372112	LTR/ERVL-MaLR	1874	+	292	179371819	11259
chr1	179360560	179560560	harbor2	chr1	179453824	179454124	LTR/ERVL-MaLR	11805	+	150	179453974	93414
chr1	217358436	217558436	harbor2	chr1	217363474	217364062	LTR/ERVL-MaLR	2217	+	294	217363768	5332
chr1	217358436	217558436	harbor2	chr1	217370028	217370262	LTR/ERVL-MaLR	1867	+	117	217370145	11709
chr1	217358436	217558436	harbor2	chr1	217370367	217370465	LTR/ERVL-MaLR	1867	+	49	217370416	11980
chr1	217358436	217558436	harbor2	chr1	217370765	217370826	LTR/ERVL-MaLR	1867	+	30	217370795	12359
chr1	243691294	243891294	harbor2	chr1	243699642	243700112	LTR/ERVL-MaLR	1117	+	235	243699877	8583
chr1	243691294	243891294	harbor2	chr1	243776329	243776634	LTR/ERVL-MaLR	1173	+	152	243776481	85187
chr1	172094351	172294351	harbor2	chr1	172117319	172117671	LTR/ERVL-MaLR	2630	+	176	172117495	23144
chr1	172094351	172294351	harbor2	chr1	172175978	172176471	LTR/ERVL-MaLR	2082	+	246	172176224	81873
chr1	172094351	172294351	harbor2	chr1	172176492	172176730	LTR/ERVL-MaLR	1125	+	119	172176611	82260
chr1	181779497	181979497	harbor2	chr1	181814443	181814581	LTR/ERVL-MaLR	806	+	69	181814512	35015
chr1	181779497	181979497	harbor2	chr1	181815473	181815635	LTR/ERVL-MaLR	852	+	81	181815554	36057
chr1	181779497	181979497	harbor2	chr1	181817154	181817324	LTR/ERVL-MaLR	749	+	85	181817239	37742
chr1	181779497	181979497	harbor2	chr1	181817992	181818303	LTR/ERVL-MaLR	749	+	156	181818148	38651
chr1	181779497	181979497	harbor2	chr1	181823452	181823947	LTR/ERVL-MaLR	1343	+	248	181823700	44203
chr1	181779497	181979497	harbor2	chr1	181846961	181847128	LTR/ERVL-MaLR	511	+	84	181847045	67548
chr1	181779497	181979497	harbor2	chr1	181847167	181847594	LTR/ERVL-MaLR	862	+	214	181847381	67884
chr1	181779497	181979497	harbor2	chr1	181847602	181847735	LTR/ERVL-MaLR	430	+	66	181847668	68171
chr1	181779497	181979497	harbor2	chr1	181863061	181863304	LTR/ERVL-MaLR	900	+	122	181863183	83686
chr1	181779497	181979497	harbor2	chr1	181862283	181862662	LTR/ERVL-MaLR	2215	+	190	181862473	82976
chr1	166299022	166499022	harbor2	chr1	166323969	166324373	LTR/ERVL-MaLR	2440	+	202	166324171	25149
chr1	166299022	166499022	harbor2	chr1	166326384	166327007	LTR/ERVL-MaLR	1358	+	312	166326696	27674
chr1	166299022	166499022	harbor2	chr1	166347221	166347787	LTR/ERVL-MaLR	1271	+	283	166347504	48482
chr1	209242541	209442541	harbor2	chr1	209251044	209251579	LTR/ERVL-MaLR	1461	+	268	209251312	8771
chr1	209242541	209442541	harbor2	chr1	209278104	209278401	LTR/ERVL-MaLR	736	+	148	209278252	35711
chr1	209242541	209442541	harbor2	chr1	209282393	209283090	LTR/ERVL-MaLR	1259	+	348	209282741	40200
chr1	209242541	209442541	harbor2	chr1	209336098	209336464	LTR/ERVL-MaLR	1921	+	183	209336281	93740
chr1	242733648	242933648	harbor2	chr1	242758173	242758594	LTR/ERVL-MaLR	2470	+	210	242758383	24735
chr1	242733648	242933648	harbor2	chr1	242762994	242763357	LTR/ERVL-MaLR	480	+	182	242763176	29528
chr1	242733648	242933648	harbor2	chr1	242771146	242771616	LTR/ERVL-MaLR	620	+	235	242771381	37733
chr1	242733648	242933648	harbor2	chr1	242792652	242792790	LTR/ERVL-MaLR	421	+	69	242792721	59073
chr1	242733648	242933648	harbor2	chr1	242792799	242793128	LTR/ERVL-MaLR	666	+	164	242792963	59315
chr1	242733648	242933648	harbor2	chr1	242831380	242831536	LTR/ERVL-MaLR	641	+	78	242831458	97810
chr1	242733648	242933648	harbor2	chr1	242831907	242832125	LTR/ERVL-MaLR	981	+	109	242832016	98368
chr1	152389453	152589453	harbor2	chr1	152429068	152429390	LTR/ERVL-MaLR	2416	+	161	152429229	39776
chr1	228011027	228211027	harbor2	chr1	228029716	228029856	LTR/ERVL-MaLR	610	+	70	228029786	18759
chr1	228011027	228211027	harbor2	chr1	228030507	228030588	LTR/ERVL-MaLR	405	+	40	228030547	19520
chr1	228011027	228211027	harbor2	chr1	228050326	228050587	LTR/ERVL-MaLR	1171	+	130	228050456	39429
chr1	228011027	228211027	harbor2	chr1	228052883	228053275	LTR/ERVL-MaLR	1626	+	196	228053079	42052
chr1	247508419	247708419	harbor2	chr1	247538450	247538869	LTR/ERVL-MaLR	1372	+	210	247538660	30241
chr1	178440239	178640239	harbor2	chr1	178509344	178509524	LTR/ERVL-MaLR	631	+	90	178509434	69195
chr1	178440239	178640239	harbor2	chr1	178524231	178524771	LTR/ERVL-MaLR	2618	+	270	178524501	84262
chr1	178440239	178640239	harbor2	chr1	178528918	178529385	LTR/ERVL-MaLR	585	+	234	178529152	88913
chr1	225893835	226093835	harbor2	chr1	225907907	225908060	LTR/ERVL-MaLR	950	+	76	225907983	14148
chr1	89454558	89654558	harbor2	chr1	89464166	89464639	LTR/ERVL-MaLR	1897	+	236	89464402	9844
chr1	89454558	89654558	harbor2	chr1	89484572	89485071	LTR/ERVL-MaLR	1199	+	250	89484822	30264
chr1	89454558	89654558	harbor2	chr1	89514825	89515248	LTR/ERVL-MaLR	2212	+	212	89515037	60479
chr1	89454558	89654558	harbor2	chr1	89532390	89532750	LTR/ERVL-MaLR	2230	+	180	89532570	78012
chr1	89454558	89654558	harbor2	chr1	89537322	89537458	LTR/ERVL-MaLR	1495	+	68	89537390	82832
chr1	89454558	89654558	harbor2	chr1	89537768	89538009	LTR/ERVL-MaLR	1495	+	120	89537888	83330
chr1	224736203	224936203	harbor2	chr1	224782271	224782499	LTR/ERVL-MaLR	450	+	114	224782385	46182
chr1	224736203	224936203	harbor2	chr1	224786984	224787342	LTR/ERVL-MaLR	2048	+	179	224787163	50960
chr1	224736203	224936203	harbor2	chr1	224798030	224798509	LTR/ERVL-MaLR	1057	+	240	224798270	62067
chr1	224736203	224936203	harbor2	chr1	224802084	224802466	LTR/ERVL-MaLR	1901	+	191	224802275	66072
chr1	224736203	224936203	harbor2	chr1	224805373	224805794	LTR/ERVL-MaLR	610	+	210	224805583	69380
chr1	224736203	224936203	harbor2	chr1	224810673	224811046	LTR/ERVL-MaLR	2347	+	186	224810859	74656
chr1	224736203	224936203	harbor2	chr1	224813297	224813643	LTR/ERVL-MaLR	1675	+	173	224813470	77267
chr1	224736203	224936203	harbor2	chr1	224826583	224826939	LTR/ERVL-MaLR	1914	+	178	224826761	90558
chr1	224736203	224936203	harbor2	chr1	224831311	224831533	LTR/ERVL-MaLR	1761	+	111	224831422	95219
chr1	224736203	224936203	harbor2	chr1	224831563	224831861	LTR/ERVL-MaLR	1761	+	149	224831712	95509
chr1	224736203	224936203	harbor2	chr1	224771697	224772200	LTR/ERVL-MaLR	1894	+	252	224771949	35746
chr1	224736203	224936203	harbor2	chr1	224788342	224788710	LTR/ERVL-MaLR	2175	+	184	224788526	52323
chr1	117258018	117458018	harbor2	chr1	117273559	117273917	LTR/ERVL-MaLR	1445	+	179	117273738	15720
chr1	117258018	117458018	harbor2	chr1	117274229	117274268	LTR/ERVL-MaLR	1445	+	20	117274249	16231
chr1	117258018	117458018	harbor2	chr1	117294323	117294525	LTR/ERVL-MaLR	1777	+	101	117294424	36406
chr1	117258018	117458018	harbor2	chr1	117294833	117295158	LTR/ERVL-MaLR	1777	+	162	117294995	36977
chr1	117258018	117458018	harbor2	chr1	117305332	117305849	LTR/ERVL-MaLR	714	+	258	117305590	47572
chr1	241857430	242057430	harbor2	chr1	241928948	241929297	LTR/ERVL-MaLR	1906	+	174	241929122	71692
chr1	211504587	211704587	harbor2	chr1	211507730	211508197	LTR/ERVL-MaLR	1368	+	234	211507964	3377
chr1	211504587	211704587	harbor2	chr1	211508499	211508564	LTR/ERVL-MaLR	1368	+	32	211508531	3944
chr1	211504587	211704587	harbor2	chr1	211518578	211519005	LTR/ERVL-MaLR	436	+	214	211518792	14205
chr1	211504587	211704587	harbor2	chr1	211556989	211557129	LTR/ERVL-MaLR	821	+	70	211557059	52472
chr1	211504587	211704587	harbor2	chr1	211557436	211557485	LTR/ERVL-MaLR	821	+	24	211557460	52873
chr1	211504587	211704587	harbor2	chr1	211557685	211557888	LTR/ERVL-MaLR	1175	+	102	211557787	53200
chr1	211504587	211704587	harbor2	chr1	211587700	211588144	LTR/ERVL-MaLR	1515	+	222	211587922	83335
chr1	233384298	233584298	harbor2	chr1	233386884	233387228	LTR/ERVL-MaLR	1578	+	172	233387056	2758
chr1	233384298	233584298	harbor2	chr1	233403895	233404301	LTR/ERVL-MaLR	2338	+	203	233404098	19800
chr1	233384298	233584298	harbor2	chr1	233408834	233409185	LTR/ERVL-MaLR	1913	+	176	233409010	24712
chr1	233384298	233584298	harbor2	chr1	233414696	233414889	LTR/ERVL-MaLR	463	+	96	233414792	30494
chr1	233384298	233584298	harbor2	chr1	233428285	233428685	LTR/ERVL-MaLR	1229	+	200	233428485	44187
chr1	233384298	233584298	harbor2	chr1	233454494	233454685	LTR/ERVL-MaLR	527	+	96	233454590	70292
chr1	233384298	233584298	harbor2	chr1	233465562	233465692	LTR/ERVL-MaLR	697	+	65	233465627	81329
chr1	233384298	233584298	harbor2	chr1	233466853	233467058	LTR/ERVL-MaLR	404	+	102	233466955	82657
chr1	233384298	233584298	harbor2	chr1	233480576	233481339	LTR/ERVL-MaLR	1179	+	382	233480958	96660
chr1	247170079	247370079	harbor2	chr1	247179055	247179239	LTR/ERVL-MaLR	446	+	92	247179147	9068
chr1	247170079	247370079	harbor2	chr1	247198391	247198707	LTR/ERVL-MaLR	2361	+	158	247198549	28470
chr1	247170079	247370079	harbor2	chr1	247253225	247253617	LTR/ERVL-MaLR	2185	+	196	247253421	83342
chr1	247170079	247370079	harbor2	chr1	247257069	247257419	LTR/ERVL-MaLR	1637	+	175	247257244	87165
chr1	247170079	247370079	harbor2	chr1	247262793	247263211	LTR/ERVL-MaLR	2702	+	209	247263002	92923
chr1	96665744	96865744	harbor2	chr1	96689858	96690256	LTR/ERVL-MaLR	475	+	199	96690057	24313
chr1	96665744	96865744	harbor2	chr1	96690522	96690685	LTR/ERVL-MaLR	424	+	82	96690604	24860
chr1	96665744	96865744	harbor2	chr1	96691750	96691828	LTR/ERVL-MaLR	424	+	39	96691789	26045
chr1	96665744	96865744	harbor2	chr1	96692963	96693497	LTR/ERVL-MaLR	2295	+	267	96693230	27486
chr1	96665744	96865744	harbor2	chr1	96695123	96695434	LTR/ERVL-MaLR	1582	+	156	96695279	29535
chr1	96665744	96865744	harbor2	chr1	96700606	96700983	LTR/ERVL-MaLR	2511	+	188	96700794	35050
chr1	205669662	205869662	harbor2	chr1	205759916	205760089	LTR/ERVL-MaLR	1850	+	86	205760002	90340
chr1	205669662	205869662	harbor2	chr1	205760416	205760436	LTR/ERVL-MaLR	1850	+	10	205760426	90764
chr1	205669662	205869662	harbor2	chr1	205760770	205761051	LTR/ERVL-MaLR	1850	+	140	205760910	91248
chr1	205669662	205869662	harbor2	chr1	205761391	205761428	LTR/ERVL-MaLR	1852	+	18	205761409	91747
chr1	205669662	205869662	harbor2	chr1	205761726	205761756	LTR/ERVL-MaLR	1852	+	15	205761741	92079
chr1	205669662	205869662	harbor2	chr1	205762058	205762362	LTR/ERVL-MaLR	1852	+	152	205762210	92548
chr1	184456653	184656653	harbor2	chr1	184539689	184540056	LTR/ERVL-MaLR	1207	+	184	184539873	83220
chr1	232793852	232993852	harbor2	chr1	232814373	232814487	LTR/ERVL-MaLR	525	+	57	232814430	20578
chr1	232793852	232993852	harbor2	chr1	232870491	232870619	LTR/ERVL-MaLR	599	+	64	232870555	76703
chr1	232793852	232993852	harbor2	chr1	232872009	232872024	LTR/ERVL-MaLR	599	+	8	232872017	78165
chr1	232793852	232993852	harbor2	chr1	232875972	232876069	LTR/ERVL-MaLR	609	+	48	232876020	82168
chr1	232793852	232993852	harbor2	chr1	232877594	232878015	LTR/ERVL-MaLR	2291	+	210	232877804	83952
chr1	232793852	232993852	harbor2	chr1	232892432	232892942	LTR/ERVL-MaLR	1929	+	255	232892687	98835
chr1	239494288	239694288	harbor2	chr1	239505308	239505654	LTR/ERVL-MaLR	1892	+	173	239505481	11193
chr1	239494288	239694288	harbor2	chr1	239505655	239507205	LTR/ERVL-MaLR	10960	+	775	239506430	12142
chr1	239494288	239694288	harbor2	chr1	239507206	239507559	LTR/ERVL-MaLR	1972	+	176	239507382	13094
chr1	239494288	239694288	harbor2	chr1	239520261	239520675	LTR/ERVL-MaLR	2224	+	207	239520468	26180
chr1	239494288	239694288	harbor2	chr1	239522048	239522578	LTR/ERVL-MaLR	1236	+	265	239522313	28025
chr1	239494288	239694288	harbor2	chr1	239568204	239568563	LTR/ERVL-MaLR	2055	+	180	239568384	74096
chr1	239494288	239694288	harbor2	chr1	239570047	239570421	LTR/ERVL-MaLR	2362	+	187	239570234	75946
chr1	99234566	99434566	harbor2	chr1	99331795	99332156	LTR/ERVL-MaLR	2131	+	180	99331975	97409
chr1	238228258	238428258	harbor2	chr1	238235539	238236139	LTR/ERVL-MaLR	2735	+	300	238235839	7581
chr1	238228258	238428258	harbor2	chr1	238259298	238260413	LTR/ERVL-MaLR	4920	+	558	238259856	31598
chr1	238228258	238428258	harbor2	chr1	238260414	238260712	LTR/ERVL-MaLR	1104	+	149	238260563	32305
chr1	238228258	238428258	harbor2	chr1	238261017	238261084	LTR/ERVL-MaLR	1104	+	34	238261051	32793
chr1	238228258	238428258	harbor2	chr1	238290062	238290554	LTR/ERVL-MaLR	1353	+	246	238290308	62050
chr1	238228258	238428258	harbor2	chr1	238304326	238304713	LTR/ERVL-MaLR	1974	+	194	238304520	76262
chr1	238228258	238428258	harbor2	chr1	238304715	238305150	LTR/ERVL-MaLR	2052	+	218	238304933	76675
chr1	238228258	238428258	harbor2	chr1	238305957	238306378	LTR/ERVL-MaLR	2067	+	210	238306167	77909
chr1	238228258	238428258	harbor2	chr1	238309147	238309611	LTR/ERVL-MaLR	1294	+	232	238309379	81121
chr1	238228258	238428258	harbor2	chr1	238314071	238314148	LTR/ERVL-MaLR	550	+	38	238314109	85851
chr1	238228258	238428258	harbor2	chr1	238314831	238315263	LTR/ERVL-MaLR	1985	+	216	238315047	86789
chr1	238228258	238428258	harbor2	chr1	238318069	238318436	LTR/ERVL-MaLR	2745	+	184	238318253	89995
chr1	238228258	238428258	harbor2	chr1	238305180	238305874	LTR/ERVL-MaLR	3489	+	347	238305527	77269
chr1	179563681	179763681	harbor2	chr1	179608916	179609186	LTR/ERVL-MaLR	1620	+	135	179609051	45370
chr1	179563681	179763681	harbor2	chr1	179609522	179609628	LTR/ERVL-MaLR	1620	+	53	179609575	45894
chr1	203442744	203642744	harbor2	chr1	203445057	203445504	LTR/ERVL-MaLR	2358	+	224	203445281	2537
chr1	203442744	203642744	harbor2	chr1	203445586	203446095	LTR/ERVL-MaLR	2145	+	254	203445840	3096
chr1	203442744	203642744	harbor2	chr1	203446307	203446644	LTR/ERVL-MaLR	1263	+	168	203446475	3731
chr1	203442744	203642744	harbor2	chr1	203452486	203452890	LTR/ERVL-MaLR	672	+	202	203452688	9944
chr1	203442744	203642744	harbor2	chr1	203535847	203536130	LTR/ERVL-MaLR	1556	+	142	203535989	93245
chr1	194175854	194375854	harbor2	chr1	194194518	194194878	LTR/ERVL-MaLR	1905	+	180	194194698	18844
chr1	194175854	194375854	harbor2	chr1	194194953	194195491	LTR/ERVL-MaLR	1198	+	269	194195222	19368
chr1	194175854	194375854	harbor2	chr1	194217097	194217449	LTR/ERVL-MaLR	774	+	176	194217273	41419
chr1	194175854	194375854	harbor2	chr1	194238585	194238776	LTR/ERVL-MaLR	440	+	96	194238681	62827
chr1	194175854	194375854	harbor2	chr1	194244468	194244965	LTR/ERVL-MaLR	1348	+	248	194244716	68862
chr1	194175854	194375854	harbor2	chr1	194263009	194263373	LTR/ERVL-MaLR	2241	+	182	194263191	87337
chr1	194175854	194375854	harbor2	chr1	194263374	194264945	LTR/ERVL-MaLR	10965	+	786	194264160	88306
chr1	194175854	194375854	harbor2	chr1	194264950	194265303	LTR/ERVL-MaLR	2527	+	176	194265126	89272
chr1	212450520	212650520	harbor2	chr1	212501109	212501516	LTR/ERVL-MaLR	1906	+	204	212501313	50793
chr1	212450520	212650520	harbor2	chr1	212504044	212504338	LTR/ERVL-MaLR	1367	+	147	212504191	53671
chr1	212450520	212650520	harbor2	chr1	212504537	212504707	LTR/ERVL-MaLR	1367	+	85	212504622	54102
chr1	246967665	247167665	harbor2	chr1	247045274	247045669	LTR/ERVL-MaLR	2027	+	198	247045472	77807
chr1	246967665	247167665	harbor2	chr1	247045671	247046874	LTR/ERVL-MaLR	5858	+	602	247046273	78608
chr1	246967665	247167665	harbor2	chr1	247061792	247061950	LTR/ERVL-MaLR	591	+	79	247061871	94206
chr1	188506341	188706341	harbor2	chr1	188510120	188510501	LTR/ERVL-MaLR	2021	+	190	188510310	3969
chr1	188506341	188706341	harbor2	chr1	188594896	188595267	LTR/ERVL-MaLR	2062	+	186	188595082	88741
chr1	179335867	179535867	harbor2	chr1	179391346	179391509	LTR/ERVL-MaLR	2247	+	82	179391428	55561
chr1	179335867	179535867	harbor2	chr1	179391838	179392064	LTR/ERVL-MaLR	2247	+	113	179391951	56084
chr1	179335867	179535867	harbor2	chr1	179401572	179401891	LTR/ERVL-MaLR	1928	+	160	179401732	65865
chr1	179335867	179535867	harbor2	chr1	179402183	179402230	LTR/ERVL-MaLR	1928	+	24	179402207	66340
chr1	179335867	179535867	harbor2	chr1	179371527	179372112	LTR/ERVL-MaLR	1874	+	292	179371819	35952
chr1	49622486	49822486	harbor2	chr1	49624587	49624899	LTR/ERVL-MaLR	643	+	156	49624743	2257
chr1	49622486	49822486	harbor2	chr1	49638486	49638847	LTR/ERVL-MaLR	2254	+	180	49638666	16180
chr1	49622486	49822486	harbor2	chr1	49661288	49661682	LTR/ERVL-MaLR	2217	+	197	49661485	38999
chr1	49622486	49822486	harbor2	chr1	49663205	49663647	LTR/ERVL-MaLR	583	+	221	49663426	40940
chr1	49622486	49822486	harbor2	chr1	49677653	49678003	LTR/ERVL-MaLR	1661	+	175	49677828	55342
chr1	49622486	49822486	harbor2	chr1	49718076	49718495	LTR/ERVL-MaLR	2263	+	210	49718286	95800
chr1	49622486	49822486	harbor2	chr1	49719675	49720046	LTR/ERVL-MaLR	2694	+	186	49719861	97375
chr1	157563162	157763162	harbor2	chr1	157568604	157568879	LTR/ERVL-MaLR	497	+	138	157568742	5580
chr1	157563162	157763162	harbor2	chr1	157583377	157583758	LTR/ERVL-MaLR	1574	+	190	157583567	20405
chr1	157563162	157763162	harbor2	chr1	157605087	157605215	LTR/ERVL-MaLR	528	+	64	157605151	41989
chr1	221589718	221789718	harbor2	chr1	221604408	221604818	LTR/ERVL-MaLR	2368	+	205	221604613	14895
chr1	221589718	221789718	harbor2	chr1	221615367	221615765	LTR/ERVL-MaLR	2184	+	199	221615566	25848
chr1	221589718	221789718	harbor2	chr1	221654755	221654845	LTR/ERVL-MaLR	678	+	45	221654800	65082
chr1	221589718	221789718	harbor2	chr1	221656194	221656604	LTR/ERVL-MaLR	2298	+	205	221656399	66681
chr1	221589718	221789718	harbor2	chr1	221659740	221660087	LTR/ERVL-MaLR	1622	+	174	221659914	70196
chr1	221589718	221789718	harbor2	chr1	221663724	221664174	LTR/ERVL-MaLR	1643	+	225	221663949	74231
chr1	221589718	221789718	harbor2	chr1	221678253	221678726	LTR/ERVL-MaLR	726	+	236	221678489	88771
chr1	248262190	248462190	harbor2	chr1	248325228	248325621	LTR/ERVL-MaLR	1508	+	196	248325424	63234
chr1	105246022	105446022	harbor2	chr1	105284220	105284571	LTR/ERVL-MaLR	1381	+	176	105284396	38374
chr1	105246022	105446022	harbor2	chr1	105287061	105287415	LTR/ERVL-MaLR	1676	+	177	105287238	41216
chr1	105246022	105446022	harbor2	chr1	105340752	105341147	LTR/ERVL-MaLR	1547	+	198	105340950	94928
chr1	239745667	239945667	harbor2	chr1	239789913	239790288	LTR/ERVL-MaLR	2257	+	188	239790101	44434
chr1	239745667	239945667	harbor2	chr1	239790295	239790650	LTR/ERVL-MaLR	2333	+	178	239790473	44806
chr1	239745667	239945667	harbor2	chr1	239821756	239822129	LTR/ERVL-MaLR	2472	+	186	239821942	76275
chr1	185598605	185798605	harbor2	chr1	185600689	185601088	LTR/ERVL-MaLR	669	+	200	185600889	2284
chr1	185598605	185798605	harbor2	chr1	185605728	185606007	LTR/ERVL-MaLR	1168	+	140	185605868	7263
chr1	185598605	185798605	harbor2	chr1	185634714	185635065	LTR/ERVL-MaLR	2409	+	176	185634890	36285
chr1	185598605	185798605	harbor2	chr1	185669721	185670071	LTR/ERVL-MaLR	703	+	175	185669896	71291
chr1	89252704	89452704	harbor2	chr1	89263143	89263456	LTR/ERVL-MaLR	531	+	156	89263299	10595
chr1	89252704	89452704	harbor2	chr1	89278567	89278950	LTR/ERVL-MaLR	818	+	192	89278759	26055
chr1	89252704	89452704	harbor2	chr1	89279245	89279616	LTR/ERVL-MaLR	1704	+	186	89279431	26727
chr1	89252704	89452704	harbor2	chr1	89283779	89285208	LTR/ERVL-MaLR	10214	+	714	89284493	31789
chr1	89252704	89452704	harbor2	chr1	89285219	89285481	LTR/ERVL-MaLR	1431	+	131	89285350	32646
chr1	89252704	89452704	harbor2	chr1	89297485	89297820	LTR/ERVL-MaLR	1477	+	168	89297653	44949
chr1	89252704	89452704	harbor2	chr1	89306524	89306694	LTR/ERVL-MaLR	736	+	85	89306609	53905
chr1	89252704	89452704	harbor2	chr1	89308013	89308434	LTR/ERVL-MaLR	2169	+	210	89308223	55519
chr1	89252704	89452704	harbor2	chr1	89335949	89336297	LTR/ERVL-MaLR	2738	+	174	89336123	83419
chr1	89252704	89452704	harbor2	chr1	89336298	89337882	LTR/ERVL-MaLR	12396	+	792	89337090	84386
chr1	89252704	89452704	harbor2	chr1	89337883	89338094	LTR/ERVL-MaLR	1628	+	106	89337989	85285
chr1	195283504	195483504	harbor2	chr1	195331351	195331715	LTR/ERVL-MaLR	1304	+	182	195331533	48029
chr1	195283504	195483504	harbor2	chr1	195332848	195333232	LTR/ERVL-MaLR	1970	+	192	195333040	49536
chr1	195283504	195483504	harbor2	chr1	195338398	195338784	LTR/ERVL-MaLR	1220	+	193	195338591	55087
chr1	237289486	237489486	harbor2	chr1	237313230	237313717	LTR/ERVL-MaLR	2061	+	244	237313474	23988
chr1	246336560	246536560	harbor2	chr1	246339662	246340022	LTR/ERVL-MaLR	1439	+	180	246339842	3282
chr1	246336560	246536560	harbor2	chr1	246347544	246347812	LTR/ERVL-MaLR	682	+	134	246347678	11118
chr1	246336560	246536560	harbor2	chr1	246348770	246348864	LTR/ERVL-MaLR	674	+	47	246348817	12257
chr1	246336560	246536560	harbor2	chr1	246363956	246364223	LTR/ERVL-MaLR	957	+	134	246364090	27530
chr1	246336560	246536560	harbor2	chr1	246396587	246396915	LTR/ERVL-MaLR	930	+	164	246396751	60191
chr1	246336560	246536560	harbor2	chr1	246413484	246413876	LTR/ERVL-MaLR	1751	+	196	246413680	77120
chr1	233721456	233921456	harbor2	chr1	233744328	233744666	LTR/ERVL-MaLR	2133	+	169	233744497	23041
chr1	233721456	233921456	harbor2	chr1	233748102	233748498	LTR/ERVL-MaLR	712	+	198	233748300	26844
chr1	233721456	233921456	harbor2	chr1	233748795	233748856	LTR/ERVL-MaLR	712	+	30	233748825	27369
chr1	233721456	233921456	harbor2	chr1	233749115	233749168	LTR/ERVL-MaLR	1888	+	26	233749141	27685
chr1	233721456	233921456	harbor2	chr1	233749478	233749807	LTR/ERVL-MaLR	1888	+	164	233749642	28186
chr1	233721456	233921456	harbor2	chr1	233770694	233771021	LTR/ERVL-MaLR	1278	+	164	233770858	49402
chr1	233721456	233921456	harbor2	chr1	233819003	233819178	LTR/ERVL-MaLR	1049	+	88	233819091	97635
chr1	233721456	233921456	harbor2	chr1	233820080	233820243	LTR/ERVL-MaLR	865	+	82	233820162	98706
chr1	164499090	164699090	harbor2	chr1	164506587	164506926	LTR/ERVL-MaLR	1372	+	170	164506757	7667
chr1	164499090	164699090	harbor2	chr1	164543696	164544031	LTR/ERVL-MaLR	857	+	168	164543864	44774
chr1	164499090	164699090	harbor2	chr1	164545818	164545844	LTR/ERVL-MaLR	991	+	13	164545831	46741
chr1	164499090	164699090	harbor2	chr1	164546174	164546692	LTR/ERVL-MaLR	991	+	259	164546433	47343
chr1	60647439	60847439	harbor2	chr1	60653852	60653874	LTR/ERVL-MaLR	659	+	11	60653863	6424
chr1	60647439	60847439	harbor2	chr1	60654289	60654664	LTR/ERVL-MaLR	659	+	188	60654477	7038
chr1	60647439	60847439	harbor2	chr1	60671662	60672010	LTR/ERVL-MaLR	1684	+	174	60671836	24397
chr1	60647439	60847439	harbor2	chr1	60672510	60672918	LTR/ERVL-MaLR	730	+	204	60672714	25275
chr1	60647439	60847439	harbor2	chr1	60684710	60685065	LTR/ERVL-MaLR	2419	+	178	60684888	37449
chr1	60647439	60847439	harbor2	chr1	60686572	60686934	LTR/ERVL-MaLR	2704	+	181	60686753	39314
chr1	60647439	60847439	harbor2	chr1	60720289	60720657	LTR/ERVL-MaLR	1772	+	184	60720473	73034
chr1	60647439	60847439	harbor2	chr1	60720658	60722279	LTR/ERVL-MaLR	10570	+	810	60721468	74029
chr1	60647439	60847439	harbor2	chr1	60722283	60722653	LTR/ERVL-MaLR	1944	+	185	60722468	75029
chr1	60647439	60847439	harbor2	chr1	60727583	60728009	LTR/ERVL-MaLR	2101	+	213	60727796	80357
chr1	60647439	60847439	harbor2	chr1	60740115	60740584	LTR/ERVL-MaLR	827	+	234	60740349	92910
chr1	60647439	60847439	harbor2	chr1	60685066	60686571	LTR/ERVL-MaLR	10713	+	752	60685818	38379
chr1	228655786	228855786	harbor2	chr1	228657921	228657998	LTR/ERVL-MaLR	1850	+	38	228657959	2173
chr1	228655786	228855786	harbor2	chr1	228658316	228658635	LTR/ERVL-MaLR	1850	+	160	228658476	2690
chr1	228655786	228855786	harbor2	chr1	228670655	228671015	LTR/ERVL-MaLR	2209	+	180	228670835	15049
chr1	228655786	228855786	harbor2	chr1	228671305	228671345	LTR/ERVL-MaLR	2209	+	20	228671325	15539
chr1	228655786	228855786	harbor2	chr1	228673440	228673822	LTR/ERVL-MaLR	2363	+	191	228673631	17845
chr1	228655786	228855786	harbor2	chr1	228720388	228720750	LTR/ERVL-MaLR	2294	+	181	228720569	64783
chr1	210578299	210778299	harbor2	chr1	210623990	210624391	LTR/ERVL-MaLR	2744	+	200	210624190	45891
chr1	210578299	210778299	harbor2	chr1	210630566	210630999	LTR/ERVL-MaLR	651	+	216	210630782	52483
chr1	210578299	210778299	harbor2	chr1	210632159	210632254	LTR/ERVL-MaLR	1406	+	48	210632207	53908
chr1	210578299	210778299	harbor2	chr1	210632777	210633133	LTR/ERVL-MaLR	1406	+	178	210632955	54656
chr1	210578299	210778299	harbor2	chr1	210668316	210668678	LTR/ERVL-MaLR	2656	+	181	210668497	90198
chr1	210578299	210778299	harbor2	chr1	210671443	210671806	LTR/ERVL-MaLR	656	+	182	210671625	93326
chr1	223277474	223477474	harbor2	chr1	223288088	223288449	LTR/ERVL-MaLR	2061	+	180	223288268	10794
chr1	223277474	223477474	harbor2	chr1	223296615	223296982	LTR/ERVL-MaLR	2548	+	184	223296799	19325
chr1	223277474	223477474	harbor2	chr1	223301933	223302327	LTR/ERVL-MaLR	2586	+	197	223302130	24656
chr1	223277474	223477474	harbor2	chr1	223308132	223308552	LTR/ERVL-MaLR	3073	+	210	223308342	30868
chr1	223277474	223477474	harbor2	chr1	223314519	223314878	LTR/ERVL-MaLR	2504	+	180	223314699	37225
chr1	223277474	223477474	harbor2	chr1	223349849	223350209	LTR/ERVL-MaLR	1464	+	180	223350029	72555
chr1	195908743	196108743	harbor2	chr1	195909349	195909896	LTR/ERVL-MaLR	1559	+	274	195909623	880
chr1	195908743	196108743	harbor2	chr1	195915836	195916222	LTR/ERVL-MaLR	2081	+	193	195916029	7286
chr1	195908743	196108743	harbor2	chr1	195916541	195918215	LTR/ERVL-MaLR	8835	+	837	195917378	8635
chr1	195908743	196108743	harbor2	chr1	195918216	195918610	LTR/ERVL-MaLR	1432	+	197	195918413	9670
chr1	195908743	196108743	harbor2	chr1	195932413	195932845	LTR/ERVL-MaLR	665	+	216	195932629	23886
chr1	195908743	196108743	harbor2	chr1	195942730	195942860	LTR/ERVL-MaLR	606	+	65	195942795	34052
chr1	195908743	196108743	harbor2	chr1	195943204	195943426	LTR/ERVL-MaLR	1005	+	111	195943315	34572
chr1	195908743	196108743	harbor2	chr1	195954125	195954429	LTR/ERVL-MaLR	1143	+	152	195954277	45534
chr1	195908743	196108743	harbor2	chr1	195979557	195979833	LTR/ERVL-MaLR	1396	+	138	195979695	70952
chr1	195908743	196108743	harbor2	chr1	195980326	195980602	LTR/ERVL-MaLR	1041	+	138	195980464	71721
chr1	195908743	196108743	harbor2	chr1	195982752	195983329	LTR/ERVL-MaLR	1179	+	288	195983040	74297
chr1	195908743	196108743	harbor2	chr1	195988277	195988683	LTR/ERVL-MaLR	2214	+	203	195988480	79737
chr1	195908743	196108743	harbor2	chr1	195991810	195992154	LTR/ERVL-MaLR	1885	+	172	195991982	83239
chr1	195908743	196108743	harbor2	chr1	195936186	195936652	LTR/ERVL-MaLR	1268	+	233	195936419	27676
chr1	112300492	112500492	harbor2	chr1	112304802	112305293	LTR/ERVL-MaLR	726	+	246	112305048	4556
chr1	112300492	112500492	harbor2	chr1	112367455	112367849	LTR/ERVL-MaLR	2338	+	197	112367652	67160
chr1	112300492	112500492	harbor2	chr1	112384859	112385279	LTR/ERVL-MaLR	2543	+	210	112385069	84577
chr1	112300492	112500492	harbor2	chr1	112387073	112387113	LTR/ERVL-MaLR	785	+	20	112387093	86601
chr1	112300492	112500492	harbor2	chr1	112387249	112387562	LTR/ERVL-MaLR	785	+	156	112387405	86913
chr1	112300492	112500492	harbor2	chr1	112392511	112392848	LTR/ERVL-MaLR	1536	+	168	112392679	92187
chr1	112300492	112500492	harbor2	chr1	112393158	112393229	LTR/ERVL-MaLR	1536	+	36	112393194	92702
chr1	159319332	159519332	harbor2	chr1	159322336	159322839	LTR/ERVL-MaLR	917	+	252	159322588	3256
chr1	159319332	159519332	harbor2	chr1	159361337	159361479	LTR/ERVL-MaLR	608	+	71	159361408	42076
chr1	159319332	159519332	harbor2	chr1	159384725	159384781	LTR/ERVL-MaLR	6837	+	28	159384753	65421
chr1	159319332	159519332	harbor2	chr1	159384787	159385233	LTR/ERVL-MaLR	2263	+	223	159385010	65678
chr1	159319332	159519332	harbor2	chr1	159385878	159386250	LTR/ERVL-MaLR	2209	+	186	159386064	66732
chr1	159319332	159519332	harbor2	chr1	159386251	159387793	LTR/ERVL-MaLR	9901	+	771	159387022	67690
chr1	159319332	159519332	harbor2	chr1	159387794	159388175	LTR/ERVL-MaLR	1855	+	190	159387984	68652
chr1	159319332	159519332	harbor2	chr1	159417332	159417670	LTR/ERVL-MaLR	1926	+	169	159417501	98169
chr1	159319332	159519332	harbor2	chr1	159417673	159419242	LTR/ERVL-MaLR	11243	+	784	159418457	99125
chr1	159319332	159519332	harbor2	chr1	159383131	159384355	LTR/ERVL-MaLR	6837	+	612	159383743	64411
chr1	180741127	180941127	harbor2	chr1	180772524	180772887	LTR/ERVL-MaLR	2151	+	182	180772706	31579
chr1	180741127	180941127	harbor2	chr1	180800311	180800675	LTR/ERVL-MaLR	1647	+	182	180800493	59366
chr1	189833316	190033316	harbor2	chr1	189882015	189882349	LTR/ERVL-MaLR	2218	+	167	189882182	48866
chr1	189833316	190033316	harbor2	chr1	189897408	189897634	LTR/ERVL-MaLR	944	+	113	189897521	64205
chr1	189833316	190033316	harbor2	chr1	189901603	189901742	LTR/ERVL-MaLR	468	+	70	189901673	68357
chr1	189833316	190033316	harbor2	chr1	189909918	189910278	LTR/ERVL-MaLR	1525	+	180	189910098	76782
chr1	189833316	190033316	harbor2	chr1	189922298	189922609	LTR/ERVL-MaLR	1015	+	156	189922454	89138
chr1	107967690	108167690	harbor2	chr1	108005094	108005467	LTR/ERVL-MaLR	3024	+	186	108005280	37590
chr1	107967690	108167690	harbor2	chr1	108048608	108049061	LTR/ERVL-MaLR	1367	+	226	108048834	81144
chr1	107967690	108167690	harbor2	chr1	108055543	108055651	LTR/ERVL-MaLR	461	+	54	108055597	87907
chr1	107967690	108167690	harbor2	chr1	108058685	108059046	LTR/ERVL-MaLR	1968	+	180	108058865	91175
chr1	107967690	108167690	harbor2	chr1	108061688	108062121	LTR/ERVL-MaLR	2012	+	216	108061904	94214
chr1	74840426	75040426	harbor2	chr1	74843162	74843440	LTR/ERVL-MaLR	902	+	139	74843301	2875
chr1	74840426	75040426	harbor2	chr1	74868883	74869269	LTR/ERVL-MaLR	2096	+	193	74869076	28650
chr1	74840426	75040426	harbor2	chr1	74869270	74870903	LTR/ERVL-MaLR	9492	+	816	74870086	29660
chr1	74840426	75040426	harbor2	chr1	74870904	74871298	LTR/ERVL-MaLR	1987	+	197	74871101	30675
chr1	74840426	75040426	harbor2	chr1	74884031	74884384	LTR/ERVL-MaLR	2044	+	176	74884207	43781
chr1	74840426	75040426	harbor2	chr1	74884385	74885960	LTR/ERVL-MaLR	11841	+	788	74885173	44747
chr1	74840426	75040426	harbor2	chr1	74885961	74886315	LTR/ERVL-MaLR	2236	+	177	74886138	45712
chr1	74840426	75040426	harbor2	chr1	74886872	74887240	LTR/ERVL-MaLR	2601	+	184	74887056	46630
chr1	74840426	75040426	harbor2	chr1	74934882	74935243	LTR/ERVL-MaLR	1492	+	180	74935062	94636
chr1	190603115	190803115	harbor2	chr1	190604131	190604543	LTR/ERVL-MaLR	2281	+	206	190604337	1222
chr1	190603115	190803115	harbor2	chr1	190610367	190610641	LTR/ERVL-MaLR	707	+	137	190610504	7389
chr1	190603115	190803115	harbor2	chr1	190626881	190627223	LTR/ERVL-MaLR	797	+	171	190627052	23937
chr1	190603115	190803115	harbor2	chr1	190647857	190648211	LTR/ERVL-MaLR	2128	+	177	190648034	44919
chr1	190603115	190803115	harbor2	chr1	190676656	190676981	LTR/ERVL-MaLR	1330	+	162	190676818	73703
chr1	190603115	190803115	harbor2	chr1	190697194	190697544	LTR/ERVL-MaLR	1583	+	175	190697369	94254
chr1	190603115	190803115	harbor2	chr1	190697545	190699120	LTR/ERVL-MaLR	9760	+	788	190698333	95218
chr1	190603115	190803115	harbor2	chr1	190699121	190699486	LTR/ERVL-MaLR	1802	+	182	190699303	96188
chr1	195565940	195765940	harbor2	chr1	195578155	195578586	LTR/ERVL-MaLR	1522	+	216	195578371	12431
chr1	195565940	195765940	harbor2	chr1	195610274	195610409	LTR/ERVL-MaLR	523	+	68	195610342	44402
chr1	195565940	195765940	harbor2	chr1	195610410	195610545	LTR/ERVL-MaLR	1285	+	68	195610478	44538
chr1	195565940	195765940	harbor2	chr1	195610861	195611263	LTR/ERVL-MaLR	1421	+	201	195611062	45122
chr1	195565940	195765940	harbor2	chr1	195622635	195622908	LTR/ERVL-MaLR	1418	+	136	195622771	56831
chr1	195565940	195765940	harbor2	chr1	195622909	195624448	LTR/ERVL-MaLR	10299	+	770	195623679	57739
chr1	195565940	195765940	harbor2	chr1	195624474	195624825	LTR/ERVL-MaLR	1980	+	176	195624650	58710
chr1	233891345	234091345	harbor2	chr1	233890724	233892255	LTR/ERVL-MaLR	9766	+	766	233891490	145
chr1	233891345	234091345	harbor2	chr1	233892257	233892627	LTR/ERVL-MaLR	2578	+	185	233892442	1097
chr1	233891345	234091345	harbor2	chr1	233920542	233921089	LTR/ERVL-MaLR	1103	+	274	233920816	29471
chr1	233891345	234091345	harbor2	chr1	233945580	233945919	LTR/ERVL-MaLR	2114	+	170	233945750	54405
chr1	233891345	234091345	harbor2	chr1	233954544	233954846	LTR/ERVL-MaLR	600	+	151	233954695	63350
chr1	233891345	234091345	harbor2	chr1	233955144	233955237	LTR/ERVL-MaLR	600	+	46	233955190	63845
chr1	233891345	234091345	harbor2	chr1	233965343	233965880	LTR/ERVL-MaLR	1471	+	268	233965611	74266
chr1	233891345	234091345	harbor2	chr1	233970344	233970515	LTR/ERVL-MaLR	802	+	86	233970430	79085
chr1	233891345	234091345	harbor2	chr1	233970521	233970905	LTR/ERVL-MaLR	2231	+	192	233970713	79368
chr1	103213189	103413189	harbor2	chr1	103223628	103224059	LTR/ERVL-MaLR	2280	+	216	103223844	10655
chr1	103213189	103413189	harbor2	chr1	103224060	103225628	LTR/ERVL-MaLR	6082	+	784	103224844	11655
chr1	103213189	103413189	harbor2	chr1	103225629	103226063	LTR/ERVL-MaLR	2187	+	217	103225846	12657
chr1	103213189	103413189	harbor2	chr1	103235696	103237140	LTR/ERVL-MaLR	9815	+	722	103236418	23229
chr1	103213189	103413189	harbor2	chr1	103237142	103237490	LTR/ERVL-MaLR	2525	+	174	103237316	24127
chr1	103213189	103413189	harbor2	chr1	103252144	103252542	LTR/ERVL-MaLR	2103	+	199	103252343	39154
chr1	103213189	103413189	harbor2	chr1	103253449	103253719	LTR/ERVL-MaLR	992	+	135	103253584	40395
chr1	103213189	103413189	harbor2	chr1	103289653	103289802	LTR/ERVL-MaLR	2350	+	74	103289727	76538
chr1	103213189	103413189	harbor2	chr1	103289844	103290055	LTR/ERVL-MaLR	2350	+	106	103289950	76761
chr1	103213189	103413189	harbor2	chr1	103235330	103235695	LTR/ERVL-MaLR	2052	+	182	103235512	22323
chr1	86535022	86735022	harbor2	chr1	86583264	86583433	LTR/ERVL-MaLR	550	+	84	86583348	48326
chr1	203341510	203541510	harbor2	chr1	203372837	203373024	LTR/ERVL-MaLR	676	+	94	203372931	31421
chr1	203341510	203541510	harbor2	chr1	203388681	203389204	LTR/ERVL-MaLR	1563	+	262	203388943	47433
chr1	203341510	203541510	harbor2	chr1	203390239	203390749	LTR/ERVL-MaLR	2037	+	255	203390494	48984
chr1	203341510	203541510	harbor2	chr1	203421038	203421208	LTR/ERVL-MaLR	556	+	85	203421123	79613
chr1	230695390	230895390	harbor2	chr1	230711053	230711473	LTR/ERVL-MaLR	2155	+	210	230711263	15873
chr1	230695390	230895390	harbor2	chr1	230716458	230716816	LTR/ERVL-MaLR	2674	+	179	230716637	21247
chr1	230695390	230895390	harbor2	chr1	230721128	230721419	LTR/ERVL-MaLR	512	+	146	230721274	25884
chr1	230695390	230895390	harbor2	chr1	230721457	230722946	LTR/ERVL-MaLR	10209	+	744	230722201	26811
chr1	230695390	230895390	harbor2	chr1	230722951	230723334	LTR/ERVL-MaLR	2159	+	192	230723143	27753
chr1	230695390	230895390	harbor2	chr1	230783327	230783712	LTR/ERVL-MaLR	1834	+	192	230783519	88129
chr1	230695390	230895390	harbor2	chr1	230785362	230785762	LTR/ERVL-MaLR	2369	+	200	230785562	90172
chr1	230695390	230895390	harbor2	chr1	230783713	230785361	LTR/ERVL-MaLR	10279	+	824	230784537	89147
chr1	172160997	172360997	harbor2	chr1	172175978	172176471	LTR/ERVL-MaLR	2082	+	246	172176224	15227
chr1	172160997	172360997	harbor2	chr1	172176492	172176730	LTR/ERVL-MaLR	1125	+	119	172176611	15614
chr1	172160997	172360997	harbor2	chr1	172208996	172209406	LTR/ERVL-MaLR	2102	+	205	172209201	48204
chr1	213588315	213788315	harbor2	chr1	213599893	213600276	LTR/ERVL-MaLR	2207	+	192	213600085	11770
chr1	213588315	213788315	harbor2	chr1	213652470	213652945	LTR/ERVL-MaLR	1040	+	238	213652708	64393
chr1	213588315	213788315	harbor2	chr1	213684498	213684948	LTR/ERVL-MaLR	1408	+	225	213684723	96408
chr1	239280898	239480898	harbor2	chr1	239301650	239302000	LTR/ERVL-MaLR	1931	+	175	239301825	20927
chr1	239280898	239480898	harbor2	chr1	239302564	239302675	LTR/ERVL-MaLR	1931	+	56	239302620	21722
chr1	239280898	239480898	harbor2	chr1	239332036	239332392	LTR/ERVL-MaLR	2268	+	178	239332214	51316
chr1	239280898	239480898	harbor2	chr1	239375464	239375868	LTR/ERVL-MaLR	520	+	202	239375666	94768
chr1	93624306	93824306	harbor2	chr1	93634244	93634409	LTR/ERVL-MaLR	2347	+	82	93634326	10020
chr1	93624306	93824306	harbor2	chr1	93634731	93634915	LTR/ERVL-MaLR	2347	+	92	93634823	10517
chr1	93624306	93824306	harbor2	chr1	93654110	93654619	LTR/ERVL-MaLR	1176	+	254	93654364	30058
chr1	93624306	93824306	harbor2	chr1	93716961	93717394	LTR/ERVL-MaLR	1692	+	216	93717177	92871
chr1	241742348	241942348	harbor2	chr1	241809221	241809684	LTR/ERVL-MaLR	1886	+	232	241809453	67105
chr1	111666864	111866864	harbor2	chr1	111751822	111752304	LTR/ERVL-MaLR	759	+	241	111752063	85199
chr1	190209876	190409876	harbor2	chr1	190212575	190212928	LTR/ERVL-MaLR	708	+	176	190212751	2875
chr1	190209876	190409876	harbor2	chr1	190213803	190214462	LTR/ERVL-MaLR	1038	+	330	190214133	4257
chr1	190209876	190409876	harbor2	chr1	190214535	190214849	LTR/ERVL-MaLR	555	+	157	190214692	4816
chr1	190209876	190409876	harbor2	chr1	190229159	190229501	LTR/ERVL-MaLR	2045	+	171	190229330	19454
chr1	107412770	107612770	harbor2	chr1	107452428	107452881	LTR/ERVL-MaLR	2742	+	226	107452654	39884
chr1	107412770	107612770	harbor2	chr1	107493212	107493514	LTR/ERVL-MaLR	1218	+	151	107493363	80593
chr1	107412770	107612770	harbor2	chr1	107509492	107509865	LTR/ERVL-MaLR	2850	+	186	107509678	96908
chr1	107412770	107612770	harbor2	chr1	107509866	107511448	LTR/ERVL-MaLR	9958	+	791	107510657	97887
chr1	107412770	107612770	harbor2	chr1	107511499	107511884	LTR/ERVL-MaLR	2385	+	192	107511691	98921
chr1	220423985	220623985	harbor2	chr1	220431829	220432371	LTR/ERVL-MaLR	1695	+	271	220432100	8115
chr1	220423985	220623985	harbor2	chr1	220433698	220433992	LTR/ERVL-MaLR	592	+	147	220433845	9860
chr1	220423985	220623985	harbor2	chr1	220434059	220435412	LTR/ERVL-MaLR	3219	+	676	220434735	10750
chr1	220423985	220623985	harbor2	chr1	220435419	220435825	LTR/ERVL-MaLR	1204	+	203	220435622	11637
chr1	220423985	220623985	harbor2	chr1	220448376	220448497	LTR/ERVL-MaLR	493	+	60	220448436	24451
chr1	220423985	220623985	harbor2	chr1	220448971	220449265	LTR/ERVL-MaLR	796	+	147	220449118	25133
chr1	220423985	220623985	harbor2	chr1	220462609	220462815	LTR/ERVL-MaLR	1204	+	103	220462712	38727
chr1	220423985	220623985	harbor2	chr1	220464051	220464166	LTR/ERVL-MaLR	1204	+	58	220464109	40124
chr1	220423985	220623985	harbor2	chr1	220491645	220492053	LTR/ERVL-MaLR	654	+	204	220491849	67864
chr1	220423985	220623985	harbor2	chr1	220492122	220492671	LTR/ERVL-MaLR	2077	+	274	220492396	68411
chr1	220423985	220623985	harbor2	chr1	220500253	220500769	LTR/ERVL-MaLR	1850	+	258	220500511	76526
chr1	220423985	220623985	harbor2	chr1	220501797	220502210	LTR/ERVL-MaLR	2487	+	206	220502003	78018
chr1	187655702	187855702	harbor2	chr1	187674297	187674699	LTR/ERVL-MaLR	941	+	201	187674498	18796
chr1	187655702	187855702	harbor2	chr1	187697372	187697698	LTR/ERVL-MaLR	1347	+	163	187697535	41833
chr1	187655702	187855702	harbor2	chr1	187728389	187728730	LTR/ERVL-MaLR	1057	+	170	187728559	72857
chr1	187655702	187855702	harbor2	chr1	187747431	187747785	LTR/ERVL-MaLR	925	+	177	187747608	91906
chr1	187655702	187855702	harbor2	chr1	187747788	187747907	LTR/ERVL-MaLR	575	+	60	187747848	92146
chr1	187655702	187855702	harbor2	chr1	187747912	187748211	LTR/ERVL-MaLR	1470	+	150	187748062	92360
chr1	187655702	187855702	harbor2	chr1	187748219	187748487	LTR/ERVL-MaLR	926	+	134	187748353	92651
chr1	187655702	187855702	harbor2	chr1	187748766	187748863	LTR/ERVL-MaLR	926	+	48	187748814	93112
chr1	232760383	232960383	harbor2	chr1	232814373	232814487	LTR/ERVL-MaLR	525	+	57	232814430	54047
chr1	223133189	223333189	harbor2	chr1	223138803	223139165	LTR/ERVL-MaLR	2795	+	181	223138984	5795
chr1	223133189	223333189	harbor2	chr1	223147806	223148395	LTR/ERVL-MaLR	2524	+	294	223148100	14911
chr1	223133189	223333189	harbor2	chr1	223148712	223148822	LTR/ERVL-MaLR	405	+	55	223148767	15578
chr1	223133189	223333189	harbor2	chr1	223148858	223149201	LTR/ERVL-MaLR	977	+	172	223149030	15841
chr1	223133189	223333189	harbor2	chr1	223151957	223152344	LTR/ERVL-MaLR	1944	+	194	223152151	18962
chr1	223133189	223333189	harbor2	chr1	223152345	223152722	LTR/ERVL-MaLR	1700	+	188	223152533	19344
chr1	223133189	223333189	harbor2	chr1	223161939	223162288	LTR/ERVL-MaLR	1583	+	174	223162113	28924
chr1	223133189	223333189	harbor2	chr1	223176732	223177097	LTR/ERVL-MaLR	1988	+	182	223176914	43725
chr1	223133189	223333189	harbor2	chr1	223186354	223186808	LTR/ERVL-MaLR	1753	+	227	223186581	53392
chr1	223133189	223333189	harbor2	chr1	223187139	223187205	LTR/ERVL-MaLR	1753	+	33	223187172	53983
chr1	223133189	223333189	harbor2	chr1	223193627	223193773	LTR/ERVL-MaLR	1208	+	73	223193700	60511
chr1	223133189	223333189	harbor2	chr1	223194474	223194800	LTR/ERVL-MaLR	1208	+	163	223194637	61448
chr1	223133189	223333189	harbor2	chr1	223217485	223217660	LTR/ERVL-MaLR	2619	+	88	223217573	84384
chr1	223133189	223333189	harbor2	chr1	223217962	223218216	LTR/ERVL-MaLR	2619	+	127	223218089	84900
chr1	223133189	223333189	harbor2	chr1	223218217	223218568	LTR/ERVL-MaLR	7353	+	176	223218393	85204
chr1	223133189	223333189	harbor2	chr1	223218870	223220070	LTR/ERVL-MaLR	7353	+	600	223219470	86281
chr1	223133189	223333189	harbor2	chr1	223220071	223220491	LTR/ERVL-MaLR	2589	+	210	223220281	87092
chr1	170865001	171065001	harbor2	chr1	170883180	170883567	LTR/ERVL-MaLR	765	+	194	170883374	18373
chr1	170865001	171065001	harbor2	chr1	170886873	170887095	LTR/ERVL-MaLR	478	+	111	170886984	21983
chr1	170865001	171065001	harbor2	chr1	170918065	170918410	LTR/ERVL-MaLR	1425	+	172	170918237	53236
chr1	170865001	171065001	harbor2	chr1	170919781	170920136	LTR/ERVL-MaLR	2434	+	178	170919959	54958
chr1	170865001	171065001	harbor2	chr1	170924754	170925111	LTR/ERVL-MaLR	1948	+	178	170924932	59931
chr1	170865001	171065001	harbor2	chr1	170944758	170945418	LTR/ERVL-MaLR	2015	+	330	170945088	80087
chr1	242712003	242912003	harbor2	chr1	242720576	242720902	LTR/ERVL-MaLR	1794	+	163	242720739	8736
chr1	242712003	242912003	harbor2	chr1	242758173	242758594	LTR/ERVL-MaLR	2470	+	210	242758383	46380
chr1	242712003	242912003	harbor2	chr1	242762994	242763357	LTR/ERVL-MaLR	480	+	182	242763176	51173
chr1	242712003	242912003	harbor2	chr1	242771146	242771616	LTR/ERVL-MaLR	620	+	235	242771381	59378
chr1	242712003	242912003	harbor2	chr1	242792652	242792790	LTR/ERVL-MaLR	421	+	69	242792721	80718
chr1	242712003	242912003	harbor2	chr1	242792799	242793128	LTR/ERVL-MaLR	666	+	164	242792963	80960
chr1	236078850	236278850	harbor2	chr1	236123774	236124159	LTR/ERVL-MaLR	1892	+	192	236123966	45116
chr1	236078850	236278850	harbor2	chr1	236133491	236133733	LTR/ERVL-MaLR	642	+	121	236133612	54762
chr1	236078850	236278850	harbor2	chr1	236133840	236134221	LTR/ERVL-MaLR	695	+	190	236134030	55180
chr1	236078850	236278850	harbor2	chr1	236134231	236134475	LTR/ERVL-MaLR	917	+	122	236134353	55503
chr1	236078850	236278850	harbor2	chr1	236140204	236140561	LTR/ERVL-MaLR	869	+	178	236140382	61532
chr1	236078850	236278850	harbor2	chr1	236161556	236161914	LTR/ERVL-MaLR	2686	+	179	236161735	82885
chr1	236078850	236278850	harbor2	chr1	236161915	236163473	LTR/ERVL-MaLR	11372	+	779	236162694	83844
chr1	236078850	236278850	harbor2	chr1	236163474	236163830	LTR/ERVL-MaLR	2682	+	178	236163652	84802
chr1	43831152	44031152	harbor2	chr1	43842376	43842520	LTR/ERVL-MaLR	954	+	72	43842448	11296
chr1	43831152	44031152	harbor2	chr1	43875455	43875808	LTR/ERVL-MaLR	2201	+	176	43875631	44479
chr2	221107524	221307524	harbor2	chr2	221107795	221108219	LTR/ERVL-MaLR	1283	+	212	221108007	483
chr2	221107524	221307524	harbor2	chr2	221126804	221127168	LTR/ERVL-MaLR	2050	+	182	221126986	19462
chr2	221107524	221307524	harbor2	chr2	221127172	221128761	LTR/ERVL-MaLR	11180	+	794	221127966	20442
chr2	221107524	221307524	harbor2	chr2	221128767	221129132	LTR/ERVL-MaLR	1823	+	182	221128949	21425
chr2	221107524	221307524	harbor2	chr2	221129782	221130199	LTR/ERVL-MaLR	2401	+	208	221129990	22466
chr2	221107524	221307524	harbor2	chr2	221145411	221145787	LTR/ERVL-MaLR	1802	+	188	221145599	38075
chr2	221107524	221307524	harbor2	chr2	221148582	221148944	LTR/ERVL-MaLR	1889	+	181	221148763	41239
chr2	221107524	221307524	harbor2	chr2	221165788	221166104	LTR/ERVL-MaLR	2366	+	158	221165946	58422
chr2	221107524	221307524	harbor2	chr2	221172580	221173099	LTR/ERVL-MaLR	1505	+	260	221172840	65316
chr2	221107524	221307524	harbor2	chr2	221179897	221180144	LTR/ERVL-MaLR	1203	+	124	221180021	72497
chr2	221107524	221307524	harbor2	chr2	221184662	221185154	LTR/ERVL-MaLR	2031	+	246	221184908	77384
chr2	221107524	221307524	harbor2	chr2	221134753	221135183	LTR/ERVL-MaLR	1070	+	215	221134968	27444
chr2	241306636	241506636	harbor2	chr2	241326335	241326806	LTR/ERVL-MaLR	1079	+	236	241326571	19935
chr2	241306636	241506636	harbor2	chr2	241363971	241364547	LTR/ERVL-MaLR	1874	+	288	241364259	57623
chr2	241306636	241506636	harbor2	chr2	241388844	241388998	LTR/ERVL-MaLR	1272	+	77	241388921	82285
chr2	241306636	241506636	harbor2	chr2	241389308	241389560	LTR/ERVL-MaLR	1272	+	126	241389434	82798
chr2	177555837	177755837	harbor2	chr2	177556832	177557268	LTR/ERVL-MaLR	2314	+	218	177557050	1213
chr2	177555837	177755837	harbor2	chr2	177557269	177558901	LTR/ERVL-MaLR	5952	+	816	177558085	2248
chr2	177555837	177755837	harbor2	chr2	177558902	177559345	LTR/ERVL-MaLR	2526	+	222	177559124	3287
chr2	177555837	177755837	harbor2	chr2	177561350	177561600	LTR/ERVL-MaLR	1967	+	125	177561475	5638
chr2	177555837	177755837	harbor2	chr2	177561909	177562019	LTR/ERVL-MaLR	1967	+	55	177561964	6127
chr2	177555837	177755837	harbor2	chr2	177570779	177571111	LTR/ERVL-MaLR	550	+	166	177570945	15108
chr2	177555837	177755837	harbor2	chr2	177571384	177571546	LTR/ERVL-MaLR	1672	+	81	177571465	15628
chr2	177555837	177755837	harbor2	chr2	177571582	177571765	LTR/ERVL-MaLR	1672	+	92	177571674	15837
chr2	177555837	177755837	harbor2	chr2	177577680	177578043	LTR/ERVL-MaLR	1702	+	182	177577862	22025
chr2	177555837	177755837	harbor2	chr2	177589312	177589703	LTR/ERVL-MaLR	745	+	196	177589508	33671
chr2	177555837	177755837	harbor2	chr2	177609065	177609476	LTR/ERVL-MaLR	2574	+	206	177609271	53434
chr2	177555837	177755837	harbor2	chr2	177642724	177643120	LTR/ERVL-MaLR	2218	+	198	177642922	87085
chr2	177555837	177755837	harbor2	chr2	177643121	177644699	LTR/ERVL-MaLR	11613	+	789	177643910	88073
chr2	177555837	177755837	harbor2	chr2	177644700	177645070	LTR/ERVL-MaLR	2290	+	185	177644885	89048
chr2	177555837	177755837	harbor2	chr2	177653438	177653861	LTR/ERVL-MaLR	1773	+	212	177653650	97813
chr2	202732409	202932409	harbor2	chr2	202814145	202814565	LTR/ERVL-MaLR	2457	+	210	202814355	81946
chr2	202732409	202932409	harbor2	chr2	202818514	202818857	LTR/ERVL-MaLR	2187	+	172	202818686	86277
chr2	210034896	210234896	harbor2	chr2	210055000	210055354	LTR/ERVL-MaLR	2478	+	177	210055177	20281
chr2	210034896	210234896	harbor2	chr2	210055355	210056256	LTR/ERVL-MaLR	4900	+	450	210055805	20909
chr2	210034896	210234896	harbor2	chr2	210062064	210062397	LTR/ERVL-MaLR	1919	+	166	210062230	27334
chr2	210034896	210234896	harbor2	chr2	210062398	210063942	LTR/ERVL-MaLR	11208	+	772	210063170	28274
chr2	210034896	210234896	harbor2	chr2	210063943	210064293	LTR/ERVL-MaLR	2146	+	175	210064118	29222
chr2	210034896	210234896	harbor2	chr2	210064843	210065020	LTR/ERVL-MaLR	1026	+	88	210064931	30035
chr2	210034896	210234896	harbor2	chr2	210065320	210065543	LTR/ERVL-MaLR	1026	+	112	210065432	30536
chr2	210034896	210234896	harbor2	chr2	210082913	210083330	LTR/ERVL-MaLR	1466	+	208	210083121	48225
chr2	240695085	240895085	harbor2	chr2	240739396	240739845	LTR/ERVL-MaLR	1811	+	224	240739620	44535
chr2	240695085	240895085	harbor2	chr2	240744409	240744801	LTR/ERVL-MaLR	1829	+	196	240744605	49520
chr2	240695085	240895085	harbor2	chr2	240790534	240790949	LTR/ERVL-MaLR	1835	+	208	240790742	95657
chr2	240695085	240895085	harbor2	chr2	240792672	240793092	LTR/ERVL-MaLR	785	+	210	240792882	97797
chr2	196527741	196727741	harbor2	chr2	196566927	196567100	LTR/ERVL-MaLR	441	+	86	196567013	39272
chr2	196527741	196727741	harbor2	chr2	196567379	196567613	LTR/ERVL-MaLR	576	+	117	196567496	39755
chr2	196527741	196727741	harbor2	chr2	196572608	196572969	LTR/ERVL-MaLR	1619	+	180	196572788	45047
chr2	196527741	196727741	harbor2	chr2	196579585	196579994	LTR/ERVL-MaLR	1984	+	204	196579789	52048
chr2	196527741	196727741	harbor2	chr2	196594259	196594527	LTR/ERVL-MaLR	445	+	134	196594393	66652
chr2	196527741	196727741	harbor2	chr2	196596391	196596725	LTR/ERVL-MaLR	1359	+	167	196596558	68817
chr2	196527741	196727741	harbor2	chr2	196600193	196600533	LTR/ERVL-MaLR	441	+	170	196600363	72622
chr2	196527741	196727741	harbor2	chr2	196606050	196606423	LTR/ERVL-MaLR	2159	+	186	196606236	78495
chr2	196527741	196727741	harbor2	chr2	196608900	196609224	LTR/ERVL-MaLR	2601	+	162	196609062	81321
chr2	196527741	196727741	harbor2	chr2	196609524	196609587	LTR/ERVL-MaLR	2601	+	32	196609556	81815
chr2	196527741	196727741	harbor2	chr2	196609856	196610122	LTR/ERVL-MaLR	434	+	133	196609989	82248
chr2	196527741	196727741	harbor2	chr2	196611082	196611433	LTR/ERVL-MaLR	2649	+	176	196611258	83517
chr2	196527741	196727741	harbor2	chr2	196616541	196617084	LTR/ERVL-MaLR	1002	+	272	196616813	89072
chr2	196527741	196727741	harbor2	chr2	196621324	196621696	LTR/ERVL-MaLR	1096	+	186	196621510	93769
chr2	165989780	166189780	harbor2	chr2	166022549	166022710	LTR/ERVL-MaLR	761	+	80	166022629	32849
chr2	165989780	166189780	harbor2	chr2	166034646	166035040	LTR/ERVL-MaLR	1380	+	197	166034843	45063
chr2	165989780	166189780	harbor2	chr2	166067709	166068155	LTR/ERVL-MaLR	892	+	223	166067932	78152
chr2	165989780	166189780	harbor2	chr2	166086983	166087185	LTR/ERVL-MaLR	2139	+	101	166087084	97304
chr2	165989780	166189780	harbor2	chr2	166087484	166087719	LTR/ERVL-MaLR	2139	+	118	166087602	97822
chr2	171865461	172065461	harbor2	chr2	171882181	171882363	LTR/ERVL-MaLR	584	+	91	171882272	16811
chr2	171865461	172065461	harbor2	chr2	171954715	171955162	LTR/ERVL-MaLR	1641	+	224	171954939	89478
chr2	171865461	172065461	harbor2	chr2	171955163	171955329	LTR/ERVL-MaLR	1262	+	83	171955246	89785
chr2	171865461	172065461	harbor2	chr2	171955646	171955761	LTR/ERVL-MaLR	1262	+	58	171955704	90243
chr2	171865461	172065461	harbor2	chr2	171956550	171957669	LTR/ERVL-MaLR	3435	+	560	171957110	91649
chr2	97098765	97298765	harbor2	chr2	97098767	97099061	LTR/ERVL-MaLR	882	+	147	97098914	149
chr2	131623531	131823531	harbor2	chr2	131664440	131664835	LTR/ERVL-MaLR	2022	+	198	131664638	41107
chr2	225496683	225696683	harbor2	chr2	225525904	225526268	LTR/ERVL-MaLR	1560	+	182	225526086	29403
chr2	225496683	225696683	harbor2	chr2	225551155	225551579	LTR/ERVL-MaLR	1560	+	212	225551367	54684
chr2	225496683	225696683	harbor2	chr2	225552396	225552549	LTR/ERVL-MaLR	1199	+	76	225552472	55789
chr2	225496683	225696683	harbor2	chr2	225552584	225552683	LTR/ERVL-MaLR	1199	+	50	225552634	55951
chr2	225496683	225696683	harbor2	chr2	225552989	225553056	LTR/ERVL-MaLR	1199	+	34	225553023	56340
chr2	217805971	218005971	harbor2	chr2	217815023	217815485	LTR/ERVL-MaLR	2431	+	231	217815254	9283
chr2	217805971	218005971	harbor2	chr2	217874951	217875314	LTR/ERVL-MaLR	842	+	182	217875133	69162
chr2	217805971	218005971	harbor2	chr2	217876578	217876962	LTR/ERVL-MaLR	2074	+	192	217876770	70799
chr2	217805971	218005971	harbor2	chr2	217888499	217888860	LTR/ERVL-MaLR	2312	+	180	217888679	82708
chr2	217805971	218005971	harbor2	chr2	217896271	217896668	LTR/ERVL-MaLR	1370	+	198	217896469	90498
chr2	217805971	218005971	harbor2	chr2	217897038	217897070	LTR/ERVL-MaLR	1370	+	16	217897054	91083
chr2	155997332	156197332	harbor2	chr2	155997545	155997846	LTR/ERVL-MaLR	1110	+	150	155997695	363
chr2	155997332	156197332	harbor2	chr2	155997906	155998056	LTR/ERVL-MaLR	671	+	75	155997981	649
chr2	155997332	156197332	harbor2	chr2	156000558	156000749	LTR/ERVL-MaLR	584	+	96	156000654	3322
chr2	155997332	156197332	harbor2	chr2	156022948	156023403	LTR/ERVL-MaLR	1528	+	228	156023176	25844
chr2	155997332	156197332	harbor2	chr2	156074362	156074661	LTR/ERVL-MaLR	727	+	150	156074512	77180
chr2	155997332	156197332	harbor2	chr2	156074827	156074850	LTR/ERVL-MaLR	727	+	12	156074839	77507
chr2	155997332	156197332	harbor2	chr2	156089560	156089912	LTR/ERVL-MaLR	1640	+	176	156089736	92404
chr2	178988765	179188765	harbor2	chr2	178992704	178993079	LTR/ERVL-MaLR	2734	+	188	178992892	4127
chr2	178988765	179188765	harbor2	chr2	179025262	179025631	LTR/ERVL-MaLR	2340	+	184	179025446	36681
chr2	178988765	179188765	harbor2	chr2	179025632	179027174	LTR/ERVL-MaLR	11484	+	771	179026403	37638
chr2	178988765	179188765	harbor2	chr2	179027180	179027362	LTR/ERVL-MaLR	2159	+	91	179027271	38506
chr2	178988765	179188765	harbor2	chr2	179027677	179027871	LTR/ERVL-MaLR	2159	+	97	179027774	39009
chr2	178988765	179188765	harbor2	chr2	179067396	179067806	LTR/ERVL-MaLR	2346	+	205	179067601	78836
chr2	178988765	179188765	harbor2	chr2	179073104	179073484	LTR/ERVL-MaLR	2118	+	190	179073294	84529
chr2	122889025	123089025	harbor2	chr2	122891216	122891621	LTR/ERVL-MaLR	951	+	202	122891418	2393
chr2	122889025	123089025	harbor2	chr2	122922793	122923072	LTR/ERVL-MaLR	678	+	140	122922933	33908
chr2	122889025	123089025	harbor2	chr2	122931101	122931420	LTR/ERVL-MaLR	1449	+	160	122931261	42236
chr2	122889025	123089025	harbor2	chr2	122931589	122931762	LTR/ERVL-MaLR	1449	+	86	122931675	42650
chr2	122889025	123089025	harbor2	chr2	122986171	122986531	LTR/ERVL-MaLR	2061	+	180	122986351	97326
chr2	164507673	164707673	harbor2	chr2	164513281	164513501	LTR/ERVL-MaLR	647	+	110	164513391	5718
chr2	164507673	164707673	harbor2	chr2	164522718	164523309	LTR/ERVL-MaLR	742	+	296	164523014	15341
chr2	164507673	164707673	harbor2	chr2	164532389	164532809	LTR/ERVL-MaLR	1090	+	210	164532599	24926
chr2	164507673	164707673	harbor2	chr2	164545246	164545692	LTR/ERVL-MaLR	1611	+	223	164545469	37796
chr2	164507673	164707673	harbor2	chr2	164550116	164550433	LTR/ERVL-MaLR	967	+	158	164550274	42601
chr2	164507673	164707673	harbor2	chr2	164551405	164551554	LTR/ERVL-MaLR	722	+	74	164551479	43806
chr2	164507673	164707673	harbor2	chr2	164577312	164577677	LTR/ERVL-MaLR	1800	+	182	164577494	69821
chr2	164507673	164707673	harbor2	chr2	164581205	164581731	LTR/ERVL-MaLR	1701	+	263	164581468	73795
chr2	164507673	164707673	harbor2	chr2	164591798	164592123	LTR/ERVL-MaLR	2116	+	162	164591960	84287
chr2	164507673	164707673	harbor2	chr2	164592433	164592479	LTR/ERVL-MaLR	2116	+	23	164592456	84783
chr2	237819401	238019401	harbor2	chr2	237851647	237852041	LTR/ERVL-MaLR	1148	+	197	237851844	32443
chr2	237819401	238019401	harbor2	chr2	237915902	237916156	LTR/ERVL-MaLR	556	+	127	237916029	96628
chr2	222658626	222858626	harbor2	chr2	222732954	222733161	LTR/ERVL-MaLR	496	+	104	222733058	74432
chr2	222658626	222858626	harbor2	chr2	222751956	222752312	LTR/ERVL-MaLR	2118	+	178	222752134	93508
chr2	193872606	194072606	harbor2	chr2	193898220	193898655	LTR/ERVL-MaLR	1738	+	218	193898438	25832
chr2	193872606	194072606	harbor2	chr2	193918345	193919562	LTR/ERVL-MaLR	7508	+	608	193918953	46347
chr2	193872606	194072606	harbor2	chr2	193919572	193919893	LTR/ERVL-MaLR	1667	+	160	193919732	47126
chr2	193872606	194072606	harbor2	chr2	193920251	193920557	LTR/ERVL-MaLR	1717	+	153	193920404	47798
chr2	193872606	194072606	harbor2	chr2	193942647	193943009	LTR/ERVL-MaLR	1496	+	181	193942828	70222
chr2	193872606	194072606	harbor2	chr2	193964637	193965074	LTR/ERVL-MaLR	1022	+	218	193964855	92249
chr2	193872606	194072606	harbor2	chr2	193965313	193965693	LTR/ERVL-MaLR	2004	+	190	193965503	92897
chr2	232512730	232712730	harbor2	chr2	232536192	232536697	LTR/ERVL-MaLR	1851	+	252	232536444	23714
chr2	223424772	223624772	harbor2	chr2	223429835	223430190	LTR/ERVL-MaLR	2332	+	178	223430013	5241
chr2	223424772	223624772	harbor2	chr2	223446549	223446884	LTR/ERVL-MaLR	2242	+	168	223446717	21945
chr2	223424772	223624772	harbor2	chr2	223454038	223454457	LTR/ERVL-MaLR	2133	+	210	223454248	29476
chr2	223424772	223624772	harbor2	chr2	223461643	223462063	LTR/ERVL-MaLR	2638	+	210	223461853	37081
chr2	223424772	223624772	harbor2	chr2	223462066	223462364	LTR/ERVL-MaLR	9020	+	149	223462215	37443
chr2	223424772	223624772	harbor2	chr2	223462802	223464122	LTR/ERVL-MaLR	9020	+	660	223463462	38690
chr2	223424772	223624772	harbor2	chr2	223464125	223464544	LTR/ERVL-MaLR	2595	+	210	223464335	39563
chr2	223424772	223624772	harbor2	chr2	223465462	223465817	LTR/ERVL-MaLR	2378	+	178	223465640	40868
chr2	223424772	223624772	harbor2	chr2	223469275	223469754	LTR/ERVL-MaLR	1066	+	240	223469515	44743
chr2	223424772	223624772	harbor2	chr2	223480891	223481193	LTR/ERVL-MaLR	1392	+	151	223481042	56270
chr2	223424772	223624772	harbor2	chr2	223481194	223481543	LTR/ERVL-MaLR	2382	+	174	223481368	56596
chr2	223424772	223624772	harbor2	chr2	223481645	223481807	LTR/ERVL-MaLR	1392	+	81	223481726	56954
chr2	223424772	223624772	harbor2	chr2	223496409	223496784	LTR/ERVL-MaLR	2397	+	188	223496597	71825
chr2	223424772	223624772	harbor2	chr2	223497449	223497715	LTR/ERVL-MaLR	1048	+	133	223497582	72810
chr2	223424772	223624772	harbor2	chr2	223500384	223500746	LTR/ERVL-MaLR	853	+	181	223500565	75793
chr2	223424772	223624772	harbor2	chr2	223505883	223506248	LTR/ERVL-MaLR	1821	+	182	223506065	81293
chr2	220630416	220830416	harbor2	chr2	220691426	220691633	LTR/ERVL-MaLR	517	+	104	220691530	61114
chr2	220630416	220830416	harbor2	chr2	220693011	220693203	LTR/ERVL-MaLR	512	+	96	220693107	62691
chr2	220630416	220830416	harbor2	chr2	220693742	220694063	LTR/ERVL-MaLR	552	+	160	220693902	63486
chr2	220630416	220830416	harbor2	chr2	220694369	220694591	LTR/ERVL-MaLR	527	+	111	220694480	64064
chr2	220630416	220830416	harbor2	chr2	220708222	220708745	LTR/ERVL-MaLR	1064	+	262	220708484	78068
chr2	220630416	220830416	harbor2	chr2	220711058	220711345	LTR/ERVL-MaLR	1730	+	144	220711202	80786
chr2	220630416	220830416	harbor2	chr2	220711346	220711703	LTR/ERVL-MaLR	2207	+	178	220711524	81108
chr2	220630416	220830416	harbor2	chr2	220711704	220711888	LTR/ERVL-MaLR	1730	+	92	220711796	81380
chr2	220630416	220830416	harbor2	chr2	220718792	220719094	LTR/ERVL-MaLR	733	+	151	220718943	88527
chr2	147463212	147663212	harbor2	chr2	147540514	147540607	LTR/ERVL-MaLR	821	+	46	147540560	77348
chr2	147463212	147663212	harbor2	chr2	147540941	147541074	LTR/ERVL-MaLR	821	+	66	147541007	77795
chr2	147463212	147663212	harbor2	chr2	147541111	147541300	LTR/ERVL-MaLR	1064	+	94	147541205	77993
chr2	147463212	147663212	harbor2	chr2	147541326	147541650	LTR/ERVL-MaLR	1698	+	162	147541488	78276
chr2	147463212	147663212	harbor2	chr2	147545103	147545578	LTR/ERVL-MaLR	1605	+	238	147545341	82129
chr2	147463212	147663212	harbor2	chr2	147551221	147551652	LTR/ERVL-MaLR	1380	+	216	147551437	88225
chr2	147463212	147663212	harbor2	chr2	147552051	147552238	LTR/ERVL-MaLR	547	+	94	147552145	88933
chr2	217892866	218092866	harbor2	chr2	217896271	217896668	LTR/ERVL-MaLR	1370	+	198	217896469	3603
chr2	217892866	218092866	harbor2	chr2	217897038	217897070	LTR/ERVL-MaLR	1370	+	16	217897054	4188
chr2	217892866	218092866	harbor2	chr2	217925924	217926301	LTR/ERVL-MaLR	2317	+	188	217926112	33246
chr2	217892866	218092866	harbor2	chr2	217969853	217970313	LTR/ERVL-MaLR	2017	+	230	217970083	77217
chr2	217892866	218092866	harbor2	chr2	217974869	217975403	LTR/ERVL-MaLR	2954	+	267	217975136	82270
chr2	217892866	218092866	harbor2	chr2	217981897	217982387	LTR/ERVL-MaLR	2954	+	245	217982142	89276
chr2	217892866	218092866	harbor2	chr2	217982691	217982764	LTR/ERVL-MaLR	2954	+	36	217982727	89861
chr2	136938450	137138450	harbor2	chr2	136949130	136949507	LTR/ERVL-MaLR	487	+	188	136949318	10868
chr2	136938450	137138450	harbor2	chr2	136957218	136957448	LTR/ERVL-MaLR	484	+	115	136957333	18883
chr2	136938450	137138450	harbor2	chr2	136961886	136962383	LTR/ERVL-MaLR	1691	+	248	136962134	23684
chr2	136938450	137138450	harbor2	chr2	136984239	136984658	LTR/ERVL-MaLR	2241	+	210	136984449	45999
chr2	136938450	137138450	harbor2	chr2	136984688	136986269	LTR/ERVL-MaLR	8123	+	790	136985478	47028
chr2	136938450	137138450	harbor2	chr2	136986270	136986600	LTR/ERVL-MaLR	1368	+	165	136986435	47985
chr2	136938450	137138450	harbor2	chr2	136989219	136989639	LTR/ERVL-MaLR	2297	+	210	136989429	50979
chr2	223319760	223519760	harbor2	chr2	223356914	223357218	LTR/ERVL-MaLR	884	+	152	223357066	37306
chr2	223319760	223519760	harbor2	chr2	223362716	223363071	LTR/ERVL-MaLR	1938	+	178	223362894	43134
chr2	223319760	223519760	harbor2	chr2	223365214	223365646	LTR/ERVL-MaLR	655	+	216	223365430	45670
chr2	223319760	223519760	harbor2	chr2	223372493	223372866	LTR/ERVL-MaLR	2765	+	186	223372679	52919
chr2	223319760	223519760	harbor2	chr2	223401692	223402281	LTR/ERVL-MaLR	1388	+	294	223401986	82226
chr2	223319760	223519760	harbor2	chr2	223402637	223402851	LTR/ERVL-MaLR	571	+	107	223402744	82984
chr2	223319760	223519760	harbor2	chr2	223405253	223405600	LTR/ERVL-MaLR	2037	+	174	223405427	85667
chr2	223319760	223519760	harbor2	chr2	223406339	223406431	LTR/ERVL-MaLR	1142	+	46	223406385	86625
chr2	223319760	223519760	harbor2	chr2	223408818	223409148	LTR/ERVL-MaLR	429	+	165	223408983	89223
chr2	227707502	227907502	harbor2	chr2	227713069	227713122	LTR/ERVL-MaLR	2007	+	26	227713095	5593
chr2	227707502	227907502	harbor2	chr2	227713424	227713764	LTR/ERVL-MaLR	2007	+	170	227713594	6092
chr2	227707502	227907502	harbor2	chr2	227804675	227805027	LTR/ERVL-MaLR	2581	+	176	227804851	97349
chr2	241492394	241692394	harbor2	chr2	241523946	241524311	LTR/ERVL-MaLR	2434	+	182	241524128	31734
chr2	241492394	241692394	harbor2	chr2	241546708	241547118	LTR/ERVL-MaLR	1226	+	205	241546913	54519
chr2	241492394	241692394	harbor2	chr2	241578010	241578390	LTR/ERVL-MaLR	1406	+	190	241578200	85806
chr2	81089887	81289887	harbor2	chr2	81092547	81092724	LTR/ERVL-MaLR	1033	+	88	81092635	2748
chr2	81089887	81289887	harbor2	chr2	81093095	81093331	LTR/ERVL-MaLR	723	+	118	81093213	3326
chr2	81089887	81289887	harbor2	chr2	81096758	81097128	LTR/ERVL-MaLR	2152	+	185	81096943	7056
chr2	81089887	81289887	harbor2	chr2	81176598	81176870	LTR/ERVL-MaLR	516	+	136	81176734	86847
chr2	219500497	219700497	harbor2	chr2	219589903	219590039	LTR/ERVL-MaLR	1240	+	68	219589971	89474
chr2	219500497	219700497	harbor2	chr2	219590348	219590565	LTR/ERVL-MaLR	1240	+	108	219590456	89959
chr2	219500497	219700497	harbor2	chr2	219591131	219591305	LTR/ERVL-MaLR	959	+	87	219591218	90721
chr2	241879709	242079709	harbor2	chr2	241906933	241907165	LTR/ERVL-MaLR	623	+	116	241907049	27340
chr2	241879709	242079709	harbor2	chr2	241945071	241945435	LTR/ERVL-MaLR	1475	+	182	241945253	65544
chr2	241879709	242079709	harbor2	chr2	241952809	241952960	LTR/ERVL-MaLR	553	+	76	241952885	73176
chr2	241879709	242079709	harbor2	chr2	241971479	241971791	LTR/ERVL-MaLR	1245	+	156	241971635	91926
chr2	241879709	242079709	harbor2	chr2	241972277	241972639	LTR/ERVL-MaLR	2684	+	181	241972458	92749
chr2	180184112	180384112	harbor2	chr2	180196444	180196964	LTR/ERVL-MaLR	855	+	260	180196704	12592
chr2	180184112	180384112	harbor2	chr2	180224360	180225697	LTR/ERVL-MaLR	7469	+	668	180225028	40916
chr2	180184112	180384112	harbor2	chr2	180244922	180245174	LTR/ERVL-MaLR	678	+	126	180245048	60936
chr2	180184112	180384112	harbor2	chr2	180250655	180251077	LTR/ERVL-MaLR	800	+	211	180250866	66754
chr2	180184112	180384112	harbor2	chr2	180223989	180224359	LTR/ERVL-MaLR	2710	+	185	180224174	40062
chr2	235560770	235760770	harbor2	chr2	235560393	235560835	LTR/ERVL-MaLR	1437	+	221	235560614	156
chr2	235560770	235760770	harbor2	chr2	235584350	235584749	LTR/ERVL-MaLR	1099	+	200	235584550	23780
chr2	235560770	235760770	harbor2	chr2	235591589	235592080	LTR/ERVL-MaLR	1963	+	246	235591835	31065
chr2	235560770	235760770	harbor2	chr2	235596806	235597080	LTR/ERVL-MaLR	814	+	137	235596943	36173
chr2	235560770	235760770	harbor2	chr2	235603021	235603380	LTR/ERVL-MaLR	2101	+	180	235603201	42431
chr2	235560770	235760770	harbor2	chr2	235618774	235619225	LTR/ERVL-MaLR	1698	+	226	235619000	58230
chr2	235560770	235760770	harbor2	chr2	235624695	235625109	LTR/ERVL-MaLR	2636	+	207	235624902	64132
chr2	235560770	235760770	harbor2	chr2	235636708	235637128	LTR/ERVL-MaLR	2041	+	210	235636918	76148
chr2	235560770	235760770	harbor2	chr2	235657720	235658099	LTR/ERVL-MaLR	2060	+	190	235657910	97140
chr2	120693471	120893471	harbor2	chr2	120698434	120698872	LTR/ERVL-MaLR	757	+	219	120698653	5182
chr2	120693471	120893471	harbor2	chr2	120731570	120731943	LTR/ERVL-MaLR	1835	+	186	120731756	38285
chr2	120693471	120893471	harbor2	chr2	120732024	120732121	LTR/ERVL-MaLR	1273	+	48	120732072	38601
chr2	120693471	120893471	harbor2	chr2	120732419	120732875	LTR/ERVL-MaLR	1273	+	228	120732647	39176
chr2	240881252	241081252	harbor2	chr2	240937743	240938109	LTR/ERVL-MaLR	1890	+	183	240937926	56674
chr2	240881252	241081252	harbor2	chr2	240941768	240942176	LTR/ERVL-MaLR	2167	+	204	240941972	60720
chr2	52119616	52319616	harbor2	chr2	52149377	52149737	LTR/ERVL-MaLR	1493	+	180	52149557	29941
chr2	52119616	52319616	harbor2	chr2	52171452	52171627	LTR/ERVL-MaLR	546	+	88	52171540	51924
chr2	202646408	202846408	harbor2	chr2	202675576	202675702	LTR/ERVL-MaLR	2322	+	63	202675639	29231
chr2	202646408	202846408	harbor2	chr2	202676009	202676375	LTR/ERVL-MaLR	2322	+	183	202676192	29784
chr2	202646408	202846408	harbor2	chr2	202676678	202676743	LTR/ERVL-MaLR	2322	+	32	202676710	30302
chr2	202646408	202846408	harbor2	chr2	202676747	202677058	LTR/ERVL-MaLR	1281	+	156	202676903	30495
chr2	202646408	202846408	harbor2	chr2	202677366	202677440	LTR/ERVL-MaLR	1281	+	37	202677403	30995
chr2	241889807	242089807	harbor2	chr2	241906933	241907165	LTR/ERVL-MaLR	623	+	116	241907049	17242
chr2	241889807	242089807	harbor2	chr2	241945071	241945435	LTR/ERVL-MaLR	1475	+	182	241945253	55446
chr2	241889807	242089807	harbor2	chr2	241952809	241952960	LTR/ERVL-MaLR	553	+	76	241952885	63078
chr2	241889807	242089807	harbor2	chr2	241971479	241971791	LTR/ERVL-MaLR	1245	+	156	241971635	81828
chr2	241889807	242089807	harbor2	chr2	241972277	241972639	LTR/ERVL-MaLR	2684	+	181	241972458	82651
chr2	237488705	237688705	harbor2	chr2	237503808	237504199	LTR/ERVL-MaLR	836	+	196	237504004	15299
chr2	237488705	237688705	harbor2	chr2	237573347	237573402	LTR/ERVL-MaLR	2290	+	28	237573375	84670
chr2	237488705	237688705	harbor2	chr2	237573714	237574100	LTR/ERVL-MaLR	2290	+	193	237573907	85202
chr2	237488705	237688705	harbor2	chr2	237588082	237588431	LTR/ERVL-MaLR	1398	+	174	237588256	99551
chr2	159410390	159610390	harbor2	chr2	159410311	159410669	LTR/ERVL-MaLR	1983	+	179	159410490	100
chr2	233823818	234023818	harbor2	chr2	233836193	233836508	LTR/ERVL-MaLR	1387	+	158	233836351	12533
chr2	233823818	234023818	harbor2	chr2	233901452	233901855	LTR/ERVL-MaLR	784	+	202	233901654	77836
chr2	233823818	234023818	harbor2	chr2	233902616	233902952	LTR/ERVL-MaLR	543	+	168	233902784	78966
chr2	186901366	187101366	harbor2	chr2	186972036	186972338	LTR/ERVL-MaLR	928	+	151	186972187	70821
chr2	217657933	217857933	harbor2	chr2	217678514	217679025	LTR/ERVL-MaLR	2302	+	256	217678770	20837
chr2	217657933	217857933	harbor2	chr2	217691032	217691451	LTR/ERVL-MaLR	2611	+	210	217691242	33309
chr2	217657933	217857933	harbor2	chr2	217700429	217700789	LTR/ERVL-MaLR	2257	+	180	217700609	42676
chr2	217657933	217857933	harbor2	chr2	217715330	217715822	LTR/ERVL-MaLR	1354	+	246	217715576	57643
chr2	217657933	217857933	harbor2	chr2	217730575	217730994	LTR/ERVL-MaLR	2779	+	210	217730785	72852
chr2	210481910	210681910	harbor2	chr2	210518305	210518611	LTR/ERVL-MaLR	1204	+	153	210518458	36548
chr2	210481910	210681910	harbor2	chr2	210519523	210519728	LTR/ERVL-MaLR	476	+	102	210519625	37715
chr2	181460396	181660396	harbor2	chr2	181540366	181540621	LTR/ERVL-MaLR	752	+	128	181540494	80098
chr2	181460396	181660396	harbor2	chr2	181541055	181541430	LTR/ERVL-MaLR	1573	+	188	181541243	80847
chr2	181460396	181660396	harbor2	chr2	181546870	181547220	LTR/ERVL-MaLR	2467	+	175	181547045	86649
chr2	181460396	181660396	harbor2	chr2	181552245	181552624	LTR/ERVL-MaLR	2416	+	190	181552435	92039
chr2	137853701	138053701	harbor2	chr2	137863399	137863709	LTR/ERVL-MaLR	1863	+	155	137863554	9853
chr2	137853701	138053701	harbor2	chr2	137873083	137873435	LTR/ERVL-MaLR	2360	+	176	137873259	19558
chr2	137853701	138053701	harbor2	chr2	137879152	137879439	LTR/ERVL-MaLR	750	+	144	137879296	25595
chr2	137853701	138053701	harbor2	chr2	137891200	137891611	LTR/ERVL-MaLR	1274	+	206	137891406	37705
chr2	137853701	138053701	harbor2	chr2	137895325	137895663	LTR/ERVL-MaLR	1550	+	169	137895494	41793
chr2	137853701	138053701	harbor2	chr2	137927721	137927758	LTR/ERVL-MaLR	1040	+	18	137927739	74038
chr2	137853701	138053701	harbor2	chr2	137928446	137928856	LTR/ERVL-MaLR	1040	+	205	137928651	74950
chr2	137853701	138053701	harbor2	chr2	137946713	137947062	LTR/ERVL-MaLR	1907	+	174	137946887	93186
chr2	236432858	236632858	harbor2	chr2	236447189	236447349	LTR/ERVL-MaLR	520	+	80	236447269	14411
chr2	236432858	236632858	harbor2	chr2	236457501	236457945	LTR/ERVL-MaLR	1474	+	222	236457723	24865
chr2	236432858	236632858	harbor2	chr2	236464647	236465063	LTR/ERVL-MaLR	2321	+	208	236464855	31997
chr2	236432858	236632858	harbor2	chr2	236485898	236486433	LTR/ERVL-MaLR	1931	+	268	236486166	53308
chr2	236432858	236632858	harbor2	chr2	236491849	236492215	LTR/ERVL-MaLR	1897	+	183	236492032	59174
chr2	236432858	236632858	harbor2	chr2	236504629	236505002	LTR/ERVL-MaLR	2644	+	186	236504815	71957
chr2	149786890	149986890	harbor2	chr2	149811828	149812246	LTR/ERVL-MaLR	2497	+	209	149812037	25147
chr2	149786890	149986890	harbor2	chr2	149825303	149825673	LTR/ERVL-MaLR	2246	+	185	149825488	38598
chr2	149786890	149986890	harbor2	chr2	149828749	149829430	LTR/ERVL-MaLR	2482	+	340	149829089	42199
chr2	149786890	149986890	harbor2	chr2	149877006	149877027	LTR/ERVL-MaLR	1972	+	10	149877016	90126
chr2	149786890	149986890	harbor2	chr2	149877028	149877396	LTR/ERVL-MaLR	2088	+	184	149877212	90322
chr2	149786890	149986890	harbor2	chr2	149877397	149877760	LTR/ERVL-MaLR	1972	+	182	149877579	90689
chr2	149786890	149986890	harbor2	chr2	149864143	149864512	LTR/ERVL-MaLR	1960	+	184	149864327	77437
chr2	135120686	135320686	harbor2	chr2	135172977	135173188	LTR/ERVL-MaLR	990	+	106	135173083	52397
chr2	135120686	135320686	harbor2	chr2	135191801	135192145	LTR/ERVL-MaLR	1968	+	172	135191973	71287
chr2	135120686	135320686	harbor2	chr2	135192455	135192493	LTR/ERVL-MaLR	1968	+	19	135192474	71788
chr2	135120686	135320686	harbor2	chr2	135213707	135214255	LTR/ERVL-MaLR	2193	+	274	135213981	93295
chr2	238205726	238405726	harbor2	chr2	238217399	238217519	LTR/ERVL-MaLR	575	+	60	238217459	11733
chr2	238205726	238405726	harbor2	chr2	238217551	238217613	LTR/ERVL-MaLR	575	+	31	238217582	11856
chr2	238205726	238405726	harbor2	chr2	238217616	238217657	LTR/ERVL-MaLR	469	+	20	238217636	11910
chr2	238205726	238405726	harbor2	chr2	238217962	238218106	LTR/ERVL-MaLR	469	+	72	238218034	12308
chr2	238205726	238405726	harbor2	chr2	238225840	238226334	LTR/ERVL-MaLR	814	+	247	238226087	20361
chr2	238205726	238405726	harbor2	chr2	238236112	238236548	LTR/ERVL-MaLR	1578	+	218	238236330	30604
chr2	238205726	238405726	harbor2	chr2	238247095	238247589	LTR/ERVL-MaLR	1914	+	247	238247342	41616
chr2	238205726	238405726	harbor2	chr2	238249629	238249992	LTR/ERVL-MaLR	2048	+	182	238249811	44085
chr2	238205726	238405726	harbor2	chr2	238305622	238305803	LTR/ERVL-MaLR	2465	+	90	238305712	99986
chr2	57815971	58015971	harbor2	chr2	57819359	57819845	LTR/ERVL-MaLR	1599	+	243	57819602	3631
chr2	57815971	58015971	harbor2	chr2	57872932	57873259	LTR/ERVL-MaLR	1609	+	164	57873096	57125
chr2	57815971	58015971	harbor2	chr2	57905043	57905575	LTR/ERVL-MaLR	959	+	266	57905309	89338
chr2	57815971	58015971	harbor2	chr2	57912795	57913145	LTR/ERVL-MaLR	1760	+	175	57912970	96999
chr2	138171787	138371787	harbor2	chr2	138171900	138172761	LTR/ERVL-MaLR	5483	+	430	138172330	543
chr2	138171787	138371787	harbor2	chr2	138172765	138173157	LTR/ERVL-MaLR	2410	+	196	138172961	1174
chr2	138171787	138371787	harbor2	chr2	138236174	138236478	LTR/ERVL-MaLR	1988	+	152	138236326	64539
chr2	138171787	138371787	harbor2	chr2	138236778	138236851	LTR/ERVL-MaLR	1988	+	36	138236814	65027
chr2	138171787	138371787	harbor2	chr2	138252515	138252691	LTR/ERVL-MaLR	513	+	88	138252603	80816
chr2	138171787	138371787	harbor2	chr2	138252674	138252839	LTR/ERVL-MaLR	710	+	82	138252756	80969
chr2	241796204	241996204	harbor2	chr2	241820334	241820681	LTR/ERVL-MaLR	599	+	174	241820508	24304
chr2	241796204	241996204	harbor2	chr2	241821397	241821791	LTR/ERVL-MaLR	2219	+	197	241821594	25390
chr2	241796204	241996204	harbor2	chr2	241822026	241822461	LTR/ERVL-MaLR	893	+	218	241822244	26040
chr2	241796204	241996204	harbor2	chr2	241837311	241837702	LTR/ERVL-MaLR	1913	+	196	241837507	41303
chr2	241796204	241996204	harbor2	chr2	241837776	241837843	LTR/ERVL-MaLR	421	+	34	241837810	41606
chr2	241796204	241996204	harbor2	chr2	241855880	241856037	LTR/ERVL-MaLR	458	+	78	241855958	59754
chr2	218191633	218391633	harbor2	chr2	218201869	218202171	LTR/ERVL-MaLR	1386	+	151	218202020	10387
chr2	141996710	142196710	harbor2	chr2	142000873	142001234	LTR/ERVL-MaLR	2103	+	180	142001053	4343
chr2	141996710	142196710	harbor2	chr2	142031734	142032146	LTR/ERVL-MaLR	1061	+	206	142031940	35230
chr2	141996710	142196710	harbor2	chr2	142035776	142036125	LTR/ERVL-MaLR	2506	+	174	142035950	39240
chr2	141996710	142196710	harbor2	chr2	142047576	142047976	LTR/ERVL-MaLR	1034	+	200	142047776	51066
chr2	141996710	142196710	harbor2	chr2	142073649	142074046	LTR/ERVL-MaLR	2190	+	198	142073847	77137
chr2	205978205	206178205	harbor2	chr2	205978731	205979080	LTR/ERVL-MaLR	2312	+	174	205978905	700
chr2	205978205	206178205	harbor2	chr2	205990254	205990616	LTR/ERVL-MaLR	1544	+	181	205990435	12230
chr2	205978205	206178205	harbor2	chr2	206014336	206014700	LTR/ERVL-MaLR	2353	+	182	206014518	36313
chr2	205978205	206178205	harbor2	chr2	206014701	206015604	LTR/ERVL-MaLR	12381	+	452	206015153	36948
chr2	205978205	206178205	harbor2	chr2	206015900	206016620	LTR/ERVL-MaLR	12381	+	360	206016260	38055
chr2	205978205	206178205	harbor2	chr2	206016621	206016996	LTR/ERVL-MaLR	2268	+	188	206016809	38604
chr2	214472167	214672167	harbor2	chr2	214481119	214481623	LTR/ERVL-MaLR	1334	+	252	214481371	9204
chr2	214472167	214672167	harbor2	chr2	214486877	214487262	LTR/ERVL-MaLR	2024	+	192	214487069	14902
chr2	214472167	214672167	harbor2	chr2	214510810	214510959	LTR/ERVL-MaLR	738	+	74	214510884	38717
chr2	214472167	214672167	harbor2	chr2	214511322	214511708	LTR/ERVL-MaLR	1333	+	193	214511515	39348
chr2	214472167	214672167	harbor2	chr2	214568716	214568830	LTR/ERVL-MaLR	432	+	57	214568773	96606
chr2	239677790	239877790	harbor2	chr2	239755956	239756284	LTR/ERVL-MaLR	1141	+	164	239756120	78330
chr2	239677790	239877790	harbor2	chr2	239757890	239758280	LTR/ERVL-MaLR	2409	+	195	239758085	80295
chr2	239677790	239877790	harbor2	chr2	239762063	239762647	LTR/ERVL-MaLR	1120	+	292	239762355	84565
chr2	148935040	149135040	harbor2	chr2	148966657	148967008	LTR/ERVL-MaLR	1548	+	176	148966833	31793
chr2	189661820	189861820	harbor2	chr2	189675715	189676116	LTR/ERVL-MaLR	2389	+	200	189675915	14095
chr2	189661820	189861820	harbor2	chr2	189682906	189683259	LTR/ERVL-MaLR	2079	+	176	189683082	21262
chr2	189661820	189861820	harbor2	chr2	189757930	189758100	LTR/ERVL-MaLR	2207	+	85	189758015	96195
chr2	189661820	189861820	harbor2	chr2	189758397	189758624	LTR/ERVL-MaLR	2207	+	114	189758511	96691
chr2	147424710	147624710	harbor2	chr2	147437729	147438070	LTR/ERVL-MaLR	1490	+	170	147437899	13189
chr2	147424710	147624710	harbor2	chr2	147438738	147439055	LTR/ERVL-MaLR	941	+	158	147438896	14186
chr2	147424710	147624710	harbor2	chr2	147439356	147439530	LTR/ERVL-MaLR	941	+	87	147439443	14733
chr2	147424710	147624710	harbor2	chr2	147446705	147446970	LTR/ERVL-MaLR	748	+	132	147446837	22127
chr2	147424710	147624710	harbor2	chr2	147456285	147456813	LTR/ERVL-MaLR	1288	+	264	147456549	31839
chr2	148810158	149010158	harbor2	chr2	148825836	148826198	LTR/ERVL-MaLR	2741	+	181	148826017	15859
chr2	148810158	149010158	harbor2	chr2	148826314	148826932	LTR/ERVL-MaLR	2295	+	309	148826623	16465
chr2	148810158	149010158	harbor2	chr2	148827257	148827659	LTR/ERVL-MaLR	2013	+	201	148827458	17300
chr2	148810158	149010158	harbor2	chr2	148827666	148828060	LTR/ERVL-MaLR	1562	+	197	148827863	17705
chr2	148810158	149010158	harbor2	chr2	148830088	148830491	LTR/ERVL-MaLR	2109	+	202	148830290	20132
chr2	148810158	149010158	harbor2	chr2	148850540	148851000	LTR/ERVL-MaLR	768	+	230	148850770	40612
chr2	148810158	149010158	harbor2	chr2	148854958	148855351	LTR/ERVL-MaLR	1774	+	196	148855154	44996
chr2	148810158	149010158	harbor2	chr2	148859177	148859548	LTR/ERVL-MaLR	645	+	186	148859363	49205
chr2	148810158	149010158	harbor2	chr2	148863233	148863420	LTR/ERVL-MaLR	739	+	94	148863327	53169
chr2	148810158	149010158	harbor2	chr2	148863949	148864221	LTR/ERVL-MaLR	1308	+	136	148864085	53927
chr2	148810158	149010158	harbor2	chr2	148898369	148898846	LTR/ERVL-MaLR	1703	+	238	148898607	88449
chr2	219568824	219768824	harbor2	chr2	219589903	219590039	LTR/ERVL-MaLR	1240	+	68	219589971	21147
chr2	219568824	219768824	harbor2	chr2	219590348	219590565	LTR/ERVL-MaLR	1240	+	108	219590456	21632
chr2	219568824	219768824	harbor2	chr2	219591131	219591305	LTR/ERVL-MaLR	959	+	87	219591218	22394
chr2	219568824	219768824	harbor2	chr2	219616463	219616804	LTR/ERVL-MaLR	570	+	170	219616633	47809
chr2	219568824	219768824	harbor2	chr2	219616912	219617287	LTR/ERVL-MaLR	617	+	188	219617100	48276
chr2	219568824	219768824	harbor2	chr2	219647054	219647427	LTR/ERVL-MaLR	2552	+	186	219647240	78416
chr2	219568824	219768824	harbor2	chr2	219647740	219647786	LTR/ERVL-MaLR	2552	+	23	219647763	78939
chr2	84614207	84814207	harbor2	chr2	84631399	84631869	LTR/ERVL-MaLR	1556	+	235	84631634	17427
chr2	231366305	231566305	harbor2	chr2	231414939	231415406	LTR/ERVL-MaLR	1134	+	234	231415173	48868
chr2	160728722	160928722	harbor2	chr2	160788037	160788399	LTR/ERVL-MaLR	1874	+	181	160788218	59496
chr2	160728722	160928722	harbor2	chr2	160807914	160808023	LTR/ERVL-MaLR	730	+	54	160807968	79246
chr2	160728722	160928722	harbor2	chr2	160811726	160811935	LTR/ERVL-MaLR	708	+	104	160811830	83108
chr2	160728722	160928722	harbor2	chr2	160815631	160816040	LTR/ERVL-MaLR	2537	+	204	160815835	87113
chr2	240839077	241039077	harbor2	chr2	240845035	240846637	LTR/ERVL-MaLR	10615	+	801	240845836	6759
chr2	240839077	241039077	harbor2	chr2	240846638	240847008	LTR/ERVL-MaLR	2397	+	185	240846823	7746
chr2	240839077	241039077	harbor2	chr2	240847631	240847859	LTR/ERVL-MaLR	1522	+	114	240847745	8668
chr2	240839077	241039077	harbor2	chr2	240937743	240938109	LTR/ERVL-MaLR	1890	+	183	240937926	98849
chr2	240839077	241039077	harbor2	chr2	240844672	240845032	LTR/ERVL-MaLR	2163	+	180	240844852	5775
chr2	229992265	230192265	harbor2	chr2	230044000	230044191	LTR/ERVL-MaLR	1720	+	96	230044096	51831
chr2	229992265	230192265	harbor2	chr2	230044492	230044704	LTR/ERVL-MaLR	1720	+	106	230044598	52333
chr2	229992265	230192265	harbor2	chr2	230044879	230044944	LTR/ERVL-MaLR	1720	+	32	230044911	52646
chr2	229992265	230192265	harbor2	chr2	230082283	230082695	LTR/ERVL-MaLR	962	+	206	230082489	90224
chr2	229992265	230192265	harbor2	chr2	230090416	230090830	LTR/ERVL-MaLR	2417	+	207	230090623	98358
chr2	210737037	210937037	harbor2	chr2	210775161	210775505	LTR/ERVL-MaLR	2116	+	172	210775333	38296
chr2	226580562	226780562	harbor2	chr2	226600703	226601267	LTR/ERVL-MaLR	1769	+	282	226600985	20423
chr2	226580562	226780562	harbor2	chr2	226626933	226627297	LTR/ERVL-MaLR	2798	+	182	226627115	46553
chr2	226580562	226780562	harbor2	chr2	226630458	226630830	LTR/ERVL-MaLR	2261	+	186	226630644	50082
chr2	226580562	226780562	harbor2	chr2	226630882	226631381	LTR/ERVL-MaLR	588	+	250	226631132	50570
chr2	226580562	226780562	harbor2	chr2	226636138	226636539	LTR/ERVL-MaLR	2319	+	200	226636338	55776
chr2	226580562	226780562	harbor2	chr2	226655176	226655272	LTR/ERVL-MaLR	548	+	48	226655224	74662
chr2	239957143	240157143	harbor2	chr2	239964148	239964516	LTR/ERVL-MaLR	1103	+	184	239964332	7189
chr2	239957143	240157143	harbor2	chr2	239974503	239974680	LTR/ERVL-MaLR	1130	+	88	239974591	17448
chr2	239957143	240157143	harbor2	chr2	239975142	239975384	LTR/ERVL-MaLR	1276	+	121	239975263	18120
chr2	223784150	223984150	harbor2	chr2	223786927	223787345	LTR/ERVL-MaLR	2692	+	209	223787136	2986
chr2	223784150	223984150	harbor2	chr2	223798696	223798790	LTR/ERVL-MaLR	1771	+	47	223798743	14593
chr2	223784150	223984150	harbor2	chr2	223799082	223799208	LTR/ERVL-MaLR	1771	+	63	223799145	14995
chr2	223784150	223984150	harbor2	chr2	223799261	223799493	LTR/ERVL-MaLR	1771	+	116	223799377	15227
chr2	223784150	223984150	harbor2	chr2	223807482	223807862	LTR/ERVL-MaLR	2157	+	190	223807672	23522
chr2	223784150	223984150	harbor2	chr2	223843350	223843673	LTR/ERVL-MaLR	1794	+	162	223843512	59362
chr2	223784150	223984150	harbor2	chr2	223843976	223844052	LTR/ERVL-MaLR	1794	+	38	223844014	59864
chr2	223784150	223984150	harbor2	chr2	223844330	223844554	LTR/ERVL-MaLR	806	+	112	223844442	60292
chr2	223784150	223984150	harbor2	chr2	223844854	223845101	LTR/ERVL-MaLR	806	+	124	223844978	60828
chr2	223784150	223984150	harbor2	chr2	223849316	223849682	LTR/ERVL-MaLR	2119	+	183	223849499	65349
chr2	223784150	223984150	harbor2	chr2	223849683	223851229	LTR/ERVL-MaLR	11608	+	773	223850456	66306
chr2	223784150	223984150	harbor2	chr2	223851230	223851599	LTR/ERVL-MaLR	2361	+	184	223851414	67264
chr2	165142667	165342667	harbor2	chr2	165185357	165185751	LTR/ERVL-MaLR	781	+	197	165185554	42887
chr2	165142667	165342667	harbor2	chr2	165206670	165207056	LTR/ERVL-MaLR	2381	+	193	165206863	64196
chr2	185544649	185744649	harbor2	chr2	185596203	185596563	LTR/ERVL-MaLR	2530	+	180	185596383	51734
chr2	185544649	185744649	harbor2	chr2	185604790	185604922	LTR/ERVL-MaLR	644	+	66	185604856	60207
chr2	185544649	185744649	harbor2	chr2	185604921	185605642	LTR/ERVL-MaLR	2258	+	360	185605281	60632
chr2	185544649	185744649	harbor2	chr2	185619075	185619471	LTR/ERVL-MaLR	1499	+	198	185619273	74624
chr2	185544649	185744649	harbor2	chr2	185628186	185628635	LTR/ERVL-MaLR	1858	+	224	185628410	83761
chr2	242054892	242254892	harbor2	chr2	242080398	242080585	LTR/ERVL-MaLR	920	+	94	242080492	25600
chr2	242054892	242254892	harbor2	chr2	242131643	242132023	LTR/ERVL-MaLR	2158	+	190	242131833	76941
chr2	232235480	232435480	harbor2	chr2	232296439	232296797	LTR/ERVL-MaLR	2682	+	179	232296618	61138
chr2	105815027	106015027	harbor2	chr2	105875488	105875823	LTR/ERVL-MaLR	1856	+	168	105875656	60629
chr2	105815027	106015027	harbor2	chr2	105878260	105878665	LTR/ERVL-MaLR	2195	+	202	105878462	63435
chr2	105815027	106015027	harbor2	chr2	105888560	105888907	LTR/ERVL-MaLR	1212	+	174	105888734	73707
chr2	105815027	106015027	harbor2	chr2	105913734	105914225	LTR/ERVL-MaLR	1569	+	246	105913980	98953
chr2	105140289	105340289	harbor2	chr2	105175795	105176151	LTR/ERVL-MaLR	1582	+	178	105175973	35684
chr2	105140289	105340289	harbor2	chr2	105177482	105177817	LTR/ERVL-MaLR	557	+	168	105177650	37361
chr2	105140289	105340289	harbor2	chr2	105178557	105178816	LTR/ERVL-MaLR	947	+	130	105178687	38398
chr2	105140289	105340289	harbor2	chr2	105178933	105179110	LTR/ERVL-MaLR	916	+	88	105179021	38732
chr2	105140289	105340289	harbor2	chr2	105188959	105189427	LTR/ERVL-MaLR	470	+	234	105189193	48904
chr2	105140289	105340289	harbor2	chr2	105199604	105199944	LTR/ERVL-MaLR	2081	+	170	105199774	59485
chr2	105140289	105340289	harbor2	chr2	105227251	105227678	LTR/ERVL-MaLR	1780	+	214	105227465	87176
chr2	44174058	44374058	harbor2	chr2	44178973	44179326	LTR/ERVL-MaLR	1979	+	176	44179149	5091
chr2	44174058	44374058	harbor2	chr2	44195693	44196016	LTR/ERVL-MaLR	580	+	162	44195855	21797
chr2	44174058	44374058	harbor2	chr2	44257979	44258084	LTR/ERVL-MaLR	1788	+	52	44258031	83973
chr2	44174058	44374058	harbor2	chr2	44258405	44258629	LTR/ERVL-MaLR	1788	+	112	44258517	84459
chr2	44174058	44374058	harbor2	chr2	44269974	44270205	LTR/ERVL-MaLR	477	+	116	44270090	96032
chr2	51098790	51298790	harbor2	chr2	51120347	51120750	LTR/ERVL-MaLR	2220	+	202	51120549	21759
chr2	51098790	51298790	harbor2	chr2	51133825	51134180	LTR/ERVL-MaLR	2112	+	178	51134003	35213
chr2	51098790	51298790	harbor2	chr2	51135765	51136114	LTR/ERVL-MaLR	2015	+	174	51135939	37149
chr2	51098790	51298790	harbor2	chr2	51159998	51160286	LTR/ERVL-MaLR	433	+	144	51160142	61352
chr2	51098790	51298790	harbor2	chr2	51162506	51162752	LTR/ERVL-MaLR	725	+	123	51162629	63839
chr2	51098790	51298790	harbor2	chr2	51169283	51169675	LTR/ERVL-MaLR	892	+	196	51169479	70689
chr2	51098790	51298790	harbor2	chr2	51197102	51197547	LTR/ERVL-MaLR	1930	+	222	51197324	98534
chr2	51098790	51298790	harbor2	chr2	51134182	51135764	LTR/ERVL-MaLR	9778	+	791	51134973	36183
chr2	157785407	157985407	harbor2	chr2	157797783	157798101	LTR/ERVL-MaLR	1437	+	159	157797942	12535
chr2	157785407	157985407	harbor2	chr2	157834710	157835080	LTR/ERVL-MaLR	1933	+	185	157834895	49488
chr2	157785407	157985407	harbor2	chr2	157844716	157845054	LTR/ERVL-MaLR	1618	+	169	157844885	59478
chr2	157785407	157985407	harbor2	chr2	157845194	157845628	LTR/ERVL-MaLR	1129	+	217	157845411	60004
chr2	157785407	157985407	harbor2	chr2	157846000	157846360	LTR/ERVL-MaLR	1302	+	180	157846180	60773
chr2	157785407	157985407	harbor2	chr2	157848157	157848661	LTR/ERVL-MaLR	2568	+	252	157848409	63002
chr2	228036581	228236581	harbor2	chr2	228072456	228073068	LTR/ERVL-MaLR	1347	+	306	228072762	36181
chr2	228036581	228236581	harbor2	chr2	228075906	228076271	LTR/ERVL-MaLR	2180	+	182	228076088	39507
chr2	228036581	228236581	harbor2	chr2	228076272	228077820	LTR/ERVL-MaLR	11386	+	774	228077046	40465
chr2	228036581	228236581	harbor2	chr2	228077821	228078185	LTR/ERVL-MaLR	2338	+	182	228078003	41422
chr2	228036581	228236581	harbor2	chr2	228088560	228088959	LTR/ERVL-MaLR	2431	+	200	228088760	52179
chr2	228036581	228236581	harbor2	chr2	228088960	228090562	LTR/ERVL-MaLR	8639	+	801	228089761	53180
chr2	228036581	228236581	harbor2	chr2	228090563	228090982	LTR/ERVL-MaLR	2225	+	210	228090773	54192
chr2	228036581	228236581	harbor2	chr2	228105562	228105923	LTR/ERVL-MaLR	2139	+	180	228105742	69161
chr2	228036581	228236581	harbor2	chr2	228115791	228116161	LTR/ERVL-MaLR	1766	+	185	228115976	79395
chr2	187778446	187978446	harbor2	chr2	187823370	187823711	LTR/ERVL-MaLR	2102	+	170	187823540	45094
chr2	187778446	187978446	harbor2	chr2	187844521	187845010	LTR/ERVL-MaLR	2011	+	244	187844765	66319
chr2	187778446	187978446	harbor2	chr2	187859144	187859555	LTR/ERVL-MaLR	2497	+	206	187859350	80904
chr2	222285873	222485873	harbor2	chr2	222355896	222356048	LTR/ERVL-MaLR	457	+	76	222355972	70099
chr2	222285873	222485873	harbor2	chr2	222357627	222357970	LTR/ERVL-MaLR	970	+	172	222357799	71926
chr2	222285873	222485873	harbor2	chr2	222360054	222360531	LTR/ERVL-MaLR	876	+	238	222360292	74419
chr2	222285873	222485873	harbor2	chr2	222362919	222363288	LTR/ERVL-MaLR	2455	+	184	222363103	77230
chr2	222285873	222485873	harbor2	chr2	222383196	222383339	LTR/ERVL-MaLR	471	+	72	222383268	97395
chr2	222830527	223030527	harbor2	chr2	222832939	222833329	LTR/ERVL-MaLR	1331	+	195	222833134	2607
chr2	222830527	223030527	harbor2	chr2	222838893	222839420	LTR/ERVL-MaLR	1415	+	264	222839157	8630
chr2	222830527	223030527	harbor2	chr2	222839712	222839788	LTR/ERVL-MaLR	1415	+	38	222839750	9223
chr2	222830527	223030527	harbor2	chr2	222848561	222848707	LTR/ERVL-MaLR	464	+	73	222848634	18107
chr2	222830527	223030527	harbor2	chr2	222850058	222850575	LTR/ERVL-MaLR	1072	+	258	222850316	19789
chr2	222830527	223030527	harbor2	chr2	222854060	222854384	LTR/ERVL-MaLR	504	+	162	222854222	23695
chr2	222830527	223030527	harbor2	chr2	222855935	222856011	LTR/ERVL-MaLR	1075	+	38	222855973	25446
chr2	222830527	223030527	harbor2	chr2	222854940	222855298	LTR/ERVL-MaLR	1075	+	179	222855119	24592
chr2	157980377	158180377	harbor2	chr2	157979550	157981115	LTR/ERVL-MaLR	11574	+	782	157980332	45
chr2	157980377	158180377	harbor2	chr2	157981116	157981404	LTR/ERVL-MaLR	2025	+	144	157981260	883
chr2	157980377	158180377	harbor2	chr2	157981704	157981779	LTR/ERVL-MaLR	2025	+	38	157981742	1365
chr2	157980377	158180377	harbor2	chr2	157986687	157987162	LTR/ERVL-MaLR	962	+	238	157986925	6548
chr2	157980377	158180377	harbor2	chr2	158015586	158015968	LTR/ERVL-MaLR	1956	+	191	158015777	35400
chr2	157980377	158180377	harbor2	chr2	158057841	158058009	LTR/ERVL-MaLR	1514	+	84	158057925	77548
chr2	157980377	158180377	harbor2	chr2	158058323	158058373	LTR/ERVL-MaLR	1514	+	25	158058348	77971
chr2	157980377	158180377	harbor2	chr2	158058451	158058661	LTR/ERVL-MaLR	1514	+	105	158058556	78179
chr2	157980377	158180377	harbor2	chr2	158060602	158060966	LTR/ERVL-MaLR	1934	+	182	158060784	80407
chr2	157980377	158180377	harbor2	chr2	158078889	158079241	LTR/ERVL-MaLR	1991	+	176	158079065	98688
chr2	193976037	194176037	harbor2	chr2	193987853	193988017	LTR/ERVL-MaLR	695	+	82	193987935	11898
chr2	193976037	194176037	harbor2	chr2	193988022	193988701	LTR/ERVL-MaLR	2586	+	340	193988362	12325
chr2	193976037	194176037	harbor2	chr2	193988897	193989502	LTR/ERVL-MaLR	2094	+	302	193989199	13162
chr2	193976037	194176037	harbor2	chr2	193989513	193989877	LTR/ERVL-MaLR	1189	+	182	193989695	13658
chr2	193976037	194176037	harbor2	chr2	194007844	194008191	LTR/ERVL-MaLR	810	+	174	194008018	31981
chr2	193976037	194176037	harbor2	chr2	194014113	194014480	LTR/ERVL-MaLR	2429	+	184	194014297	38260
chr2	193976037	194176037	harbor2	chr2	194036083	194036431	LTR/ERVL-MaLR	1685	+	174	194036257	60220
chr2	193976037	194176037	harbor2	chr2	194043462	194043798	LTR/ERVL-MaLR	2597	+	168	194043630	67593
chr2	193976037	194176037	harbor2	chr2	194043799	194045357	LTR/ERVL-MaLR	10483	+	779	194044578	68541
chr2	193976037	194176037	harbor2	chr2	194045358	194045708	LTR/ERVL-MaLR	2600	+	175	194045533	69496
chr2	193976037	194176037	harbor2	chr2	194064515	194064620	LTR/ERVL-MaLR	834	+	52	194064567	88530
chr2	193976037	194176037	harbor2	chr2	194064998	194065309	LTR/ERVL-MaLR	834	+	156	194065154	89117
chr2	193976037	194176037	harbor2	chr2	194019240	194019705	LTR/ERVL-MaLR	1057	+	232	194019472	43435
chr2	193976037	194176037	harbor2	chr2	193986491	193986844	LTR/ERVL-MaLR	1053	+	176	193986667	10630
chr2	104548284	104748284	harbor2	chr2	104550948	104551096	LTR/ERVL-MaLR	663	+	74	104551022	2738
chr2	104548284	104748284	harbor2	chr2	104570472	104570580	LTR/ERVL-MaLR	462	+	54	104570526	22242
chr2	104548284	104748284	harbor2	chr2	104595580	104595984	LTR/ERVL-MaLR	2164	+	202	104595782	47498
chr2	97552791	97752791	harbor2	chr2	97593203	97593597	LTR/ERVL-MaLR	1968	+	197	97593400	40609
chr2	97552791	97752791	harbor2	chr2	97603497	97604023	LTR/ERVL-MaLR	868	+	263	97603760	50969
chr2	97552791	97752791	harbor2	chr2	97609215	97609686	LTR/ERVL-MaLR	1406	+	236	97609451	56660
chr2	97552791	97752791	harbor2	chr2	97639841	97640281	LTR/ERVL-MaLR	1112	+	220	97640061	87270
chr2	97552791	97752791	harbor2	chr2	97649735	97650151	LTR/ERVL-MaLR	1691	+	208	97649943	97152
chr2	97552791	97752791	harbor2	chr2	97650448	97650517	LTR/ERVL-MaLR	1691	+	34	97650482	97691
chr2	59195522	59395522	harbor2	chr2	59198157	59198532	LTR/ERVL-MaLR	2700	+	188	59198345	2823
chr2	59195522	59395522	harbor2	chr2	59198533	59200074	LTR/ERVL-MaLR	9536	+	770	59199303	3781
chr2	59195522	59395522	harbor2	chr2	59200075	59200452	LTR/ERVL-MaLR	2534	+	188	59200263	4741
chr2	59195522	59395522	harbor2	chr2	59233466	59233932	LTR/ERVL-MaLR	525	+	233	59233699	38177
chr2	59195522	59395522	harbor2	chr2	59245602	59246026	LTR/ERVL-MaLR	999	+	212	59245814	50292
chr2	59195522	59395522	harbor2	chr2	59269313	59269576	LTR/ERVL-MaLR	621	+	132	59269445	73923
chr2	175156201	175356201	harbor2	chr2	175156401	175156897	LTR/ERVL-MaLR	2268	+	248	175156649	448
chr2	175156201	175356201	harbor2	chr2	175196039	175196569	LTR/ERVL-MaLR	2487	+	265	175196304	40103
chr2	175156201	175356201	harbor2	chr2	175212701	175213066	LTR/ERVL-MaLR	2065	+	182	175212883	56682
chr2	175156201	175356201	harbor2	chr2	175218562	175218989	LTR/ERVL-MaLR	1189	+	214	175218776	62575
chr2	175156201	175356201	harbor2	chr2	175228193	175228611	LTR/ERVL-MaLR	621	+	209	175228402	72201
chr2	175156201	175356201	harbor2	chr2	175230377	175230624	LTR/ERVL-MaLR	578	+	124	175230501	74300
chr2	175156201	175356201	harbor2	chr2	175245621	175245974	LTR/ERVL-MaLR	2424	+	176	175245797	89596
chr2	203944036	204144036	harbor2	chr2	203976091	203976550	LTR/ERVL-MaLR	2185	+	230	203976321	32285
chr2	203944036	204144036	harbor2	chr2	204010129	204010510	LTR/ERVL-MaLR	1882	+	190	204010319	66283
chr2	203944036	204144036	harbor2	chr2	204011147	204011550	LTR/ERVL-MaLR	453	+	202	204011349	67313
chr2	203944036	204144036	harbor2	chr2	204013371	204013544	LTR/ERVL-MaLR	422	+	86	204013457	69421
chr2	203944036	204144036	harbor2	chr2	204042709	204042922	LTR/ERVL-MaLR	1760	+	106	204042815	98779
chr2	203944036	204144036	harbor2	chr2	204043220	204043852	LTR/ERVL-MaLR	1760	+	316	204043536	99500
chr2	51298428	51498428	harbor2	chr2	51354503	51354629	LTR/ERVL-MaLR	698	+	63	51354566	56138
chr2	51298428	51498428	harbor2	chr2	51356272	51356623	LTR/ERVL-MaLR	2419	+	176	51356448	58020
chr2	51298428	51498428	harbor2	chr2	51375877	51376249	LTR/ERVL-MaLR	2347	+	186	51376063	77635
chr2	51298428	51498428	harbor2	chr2	51376254	51377880	LTR/ERVL-MaLR	8903	+	813	51377067	78639
chr2	51298428	51498428	harbor2	chr2	51377881	51378257	LTR/ERVL-MaLR	2338	+	188	51378069	79641
chr2	230087964	230287964	harbor2	chr2	230090416	230090830	LTR/ERVL-MaLR	2417	+	207	230090623	2659
chr2	230087964	230287964	harbor2	chr2	230132239	230132591	LTR/ERVL-MaLR	2155	+	176	230132415	44451
chr2	230087964	230287964	harbor2	chr2	230139859	230140223	LTR/ERVL-MaLR	1930	+	182	230140041	52077
chr2	230087964	230287964	harbor2	chr2	230140224	230141838	LTR/ERVL-MaLR	11708	+	807	230141031	53067
chr2	230087964	230287964	harbor2	chr2	230141841	230142225	LTR/ERVL-MaLR	2164	+	192	230142033	54069
chr2	230087964	230287964	harbor2	chr2	230148472	230148752	LTR/ERVL-MaLR	641	+	140	230148612	60648
chr2	230087964	230287964	harbor2	chr2	230166828	230167095	LTR/ERVL-MaLR	1364	+	134	230166962	78998
chr2	230087964	230287964	harbor2	chr2	230167412	230167558	LTR/ERVL-MaLR	1364	+	73	230167485	79521
chr2	230087964	230287964	harbor2	chr2	230167558	230167737	LTR/ERVL-MaLR	726	+	90	230167648	79684
chr2	230087964	230287964	harbor2	chr2	230167748	230167891	LTR/ERVL-MaLR	547	+	72	230167820	79856
chr2	161814416	162014416	harbor2	chr2	161815167	161815548	LTR/ERVL-MaLR	1880	+	190	161815357	941
chr2	161814416	162014416	harbor2	chr2	161837747	161838104	LTR/ERVL-MaLR	1603	+	178	161837925	23509
chr2	230019281	230219281	harbor2	chr2	230044000	230044191	LTR/ERVL-MaLR	1720	+	96	230044096	24815
chr2	230019281	230219281	harbor2	chr2	230044492	230044704	LTR/ERVL-MaLR	1720	+	106	230044598	25317
chr2	230019281	230219281	harbor2	chr2	230044879	230044944	LTR/ERVL-MaLR	1720	+	32	230044911	25630
chr2	230019281	230219281	harbor2	chr2	230082283	230082695	LTR/ERVL-MaLR	962	+	206	230082489	63208
chr2	230019281	230219281	harbor2	chr2	230090416	230090830	LTR/ERVL-MaLR	2417	+	207	230090623	71342
chr2	190193282	190393282	harbor2	chr2	190233301	190233635	LTR/ERVL-MaLR	1904	+	167	190233468	40186
chr2	190193282	190393282	harbor2	chr2	190254122	190254502	LTR/ERVL-MaLR	1796	+	190	190254312	61030
chr2	190193282	190393282	harbor2	chr2	190258001	190258377	LTR/ERVL-MaLR	2192	+	188	190258189	64907
chr2	190193282	190393282	harbor2	chr2	190258380	190258476	LTR/ERVL-MaLR	586	+	48	190258428	65146
chr2	190193282	190393282	harbor2	chr2	190276402	190276795	LTR/ERVL-MaLR	2066	+	196	190276598	83316
chr2	103518357	103718357	harbor2	chr2	103551632	103551760	LTR/ERVL-MaLR	755	+	64	103551696	33339
chr2	103518357	103718357	harbor2	chr2	103593659	103594002	LTR/ERVL-MaLR	2037	+	172	103593831	75474
chr2	103518357	103718357	harbor2	chr2	103594003	103595593	LTR/ERVL-MaLR	11039	+	795	103594798	76441
chr2	103518357	103718357	harbor2	chr2	103595594	103595938	LTR/ERVL-MaLR	2015	+	172	103595766	77409
chr2	103518357	103718357	harbor2	chr2	103608355	103608534	LTR/ERVL-MaLR	1267	+	90	103608445	90088
chr2	103518357	103718357	harbor2	chr2	103608566	103608876	LTR/ERVL-MaLR	1267	+	155	103608721	90364
chr2	103518357	103718357	harbor2	chr2	103616120	103616507	LTR/ERVL-MaLR	1242	+	194	103616314	97957
chr2	103518357	103718357	harbor2	chr2	103616998	103617184	LTR/ERVL-MaLR	1242	+	93	103617091	98734
chr2	202602746	202802746	harbor2	chr2	202675576	202675702	LTR/ERVL-MaLR	2322	+	63	202675639	72893
chr2	202602746	202802746	harbor2	chr2	202676009	202676375	LTR/ERVL-MaLR	2322	+	183	202676192	73446
chr2	202602746	202802746	harbor2	chr2	202676678	202676743	LTR/ERVL-MaLR	2322	+	32	202676710	73964
chr2	202602746	202802746	harbor2	chr2	202676747	202677058	LTR/ERVL-MaLR	1281	+	156	202676903	74157
chr2	202602746	202802746	harbor2	chr2	202677366	202677440	LTR/ERVL-MaLR	1281	+	37	202677403	74657
chr2	137187473	137387473	harbor2	chr2	137202214	137202671	LTR/ERVL-MaLR	873	+	228	137202442	14969
chr2	137187473	137387473	harbor2	chr2	137209785	137210194	LTR/ERVL-MaLR	1864	+	204	137209989	22516
chr2	137187473	137387473	harbor2	chr2	137223723	137224089	LTR/ERVL-MaLR	1665	+	183	137223906	36433
chr2	237983261	238183261	harbor2	chr2	238004593	238005124	LTR/ERVL-MaLR	1855	+	266	238004859	21598
chr2	237983261	238183261	harbor2	chr2	238051354	238051705	LTR/ERVL-MaLR	2318	+	176	238051530	68269
chr2	206576457	206776457	harbor2	chr2	206660888	206661294	LTR/ERVL-MaLR	2363	+	203	206661091	84634
chr2	206576457	206776457	harbor2	chr2	206668703	206669076	LTR/ERVL-MaLR	2564	+	186	206668889	92432
chr2	57652558	57852558	harbor2	chr2	57654263	57654789	LTR/ERVL-MaLR	1574	+	263	57654526	1968
chr2	57652558	57852558	harbor2	chr2	57665616	57665928	LTR/ERVL-MaLR	1247	+	156	57665772	13214
chr2	57652558	57852558	harbor2	chr2	57682625	57682935	LTR/ERVL-MaLR	1192	+	155	57682780	30222
chr2	57652558	57852558	harbor2	chr2	57737385	57737615	LTR/ERVL-MaLR	641	+	115	57737500	84942
chr2	88717162	88917162	harbor2	chr2	88758536	88758890	LTR/ERVL-MaLR	2266	+	177	88758713	41551
chr2	88717162	88917162	harbor2	chr2	88758891	88760456	LTR/ERVL-MaLR	12163	+	782	88759673	42511
chr2	88717162	88917162	harbor2	chr2	88760457	88760814	LTR/ERVL-MaLR	2342	+	178	88760635	43473
chr2	88717162	88917162	harbor2	chr2	88813368	88813736	LTR/ERVL-MaLR	2317	+	184	88813552	96390
chr2	88717162	88917162	harbor2	chr2	88814565	88814918	LTR/ERVL-MaLR	2205	+	176	88814741	97579
chr2	88717162	88917162	harbor2	chr2	88814919	88816521	LTR/ERVL-MaLR	11898	+	801	88815720	98558
chr2	88717162	88917162	harbor2	chr2	88816522	88816882	LTR/ERVL-MaLR	2049	+	180	88816702	99540
chr2	196066688	196266688	harbor2	chr2	196082510	196082865	LTR/ERVL-MaLR	2371	+	178	196082688	16000
chr2	196066688	196266688	harbor2	chr2	196084427	196084783	LTR/ERVL-MaLR	2144	+	178	196084605	17917
chr2	196066688	196266688	harbor2	chr2	196102205	196102330	LTR/ERVL-MaLR	419	+	62	196102267	35579
chr2	196066688	196266688	harbor2	chr2	196103196	196103651	LTR/ERVL-MaLR	1983	+	228	196103424	36736
chr2	196066688	196266688	harbor2	chr2	196112038	196112362	LTR/ERVL-MaLR	1115	+	162	196112200	45512
chr2	196066688	196266688	harbor2	chr2	196165047	196165366	LTR/ERVL-MaLR	1047	+	160	196165207	98519
chr2	196066688	196266688	harbor2	chr2	196082866	196084426	LTR/ERVL-MaLR	11036	+	780	196083646	16958
chr2	235327843	235527843	harbor2	chr2	235328979	235329212	LTR/ERVL-MaLR	501	+	116	235329095	1252
chr2	235327843	235527843	harbor2	chr2	235329605	235329675	LTR/ERVL-MaLR	501	+	35	235329640	1797
chr2	235327843	235527843	harbor2	chr2	235332191	235332574	LTR/ERVL-MaLR	2488	+	192	235332383	4540
chr2	235327843	235527843	harbor2	chr2	235349001	235349391	LTR/ERVL-MaLR	2172	+	195	235349196	21353
chr2	235327843	235527843	harbor2	chr2	235394212	235394616	LTR/ERVL-MaLR	2179	+	202	235394414	66571
chr2	235327843	235527843	harbor2	chr2	235397208	235397656	LTR/ERVL-MaLR	1744	+	224	235397432	69589
chr2	235327843	235527843	harbor2	chr2	235397975	235398058	LTR/ERVL-MaLR	1744	+	42	235398017	70174
chr2	235327843	235527843	harbor2	chr2	235399053	235399444	LTR/ERVL-MaLR	2287	+	196	235399249	71406
chr2	235327843	235527843	harbor2	chr2	235399445	235401011	LTR/ERVL-MaLR	10425	+	783	235400228	72385
chr2	235327843	235527843	harbor2	chr2	235401032	235401417	LTR/ERVL-MaLR	2351	+	192	235401224	73381
chr2	235327843	235527843	harbor2	chr2	235411857	235412205	LTR/ERVL-MaLR	1530	+	174	235412031	84188
chr2	235327843	235527843	harbor2	chr2	235417884	235418249	LTR/ERVL-MaLR	1730	+	182	235418066	90223
chr2	168187282	168387282	harbor2	chr2	168208631	168209007	LTR/ERVL-MaLR	423	+	188	168208819	21537
chr2	168187282	168387282	harbor2	chr2	168230133	168230644	LTR/ERVL-MaLR	1415	+	256	168230389	43107
chr2	168187282	168387282	harbor2	chr2	168249863	168250201	LTR/ERVL-MaLR	1725	+	169	168250032	62750
chr2	168187282	168387282	harbor2	chr2	168252821	168253258	LTR/ERVL-MaLR	1826	+	218	168253039	65757
chr2	168187282	168387282	harbor2	chr2	168253683	168253699	LTR/ERVL-MaLR	1826	+	8	168253691	66409
chr2	168187282	168387282	harbor2	chr2	168272183	168272671	LTR/ERVL-MaLR	1040	+	244	168272427	85145
chr2	168187282	168387282	harbor2	chr2	168277749	168278191	LTR/ERVL-MaLR	662	+	221	168277970	90688
chr2	213500804	213700804	harbor2	chr2	213519294	213519657	LTR/ERVL-MaLR	2274	+	182	213519476	18672
chr2	213500804	213700804	harbor2	chr2	213519809	213520304	LTR/ERVL-MaLR	1338	+	248	213520057	19253
chr2	213500804	213700804	harbor2	chr2	213520600	213520674	LTR/ERVL-MaLR	1338	+	37	213520637	19833
chr2	213500804	213700804	harbor2	chr2	213523047	213523424	LTR/ERVL-MaLR	2549	+	188	213523235	22431
chr2	213500804	213700804	harbor2	chr2	213523425	213524959	LTR/ERVL-MaLR	9543	+	767	213524192	23388
chr2	213500804	213700804	harbor2	chr2	213524960	213525279	LTR/ERVL-MaLR	2389	+	160	213525120	24316
chr2	213500804	213700804	harbor2	chr2	213525587	213525661	LTR/ERVL-MaLR	2389	+	37	213525624	24820
chr2	213500804	213700804	harbor2	chr2	213534787	213535114	LTR/ERVL-MaLR	1525	+	164	213534951	34147
chr2	213500804	213700804	harbor2	chr2	213555238	213555610	LTR/ERVL-MaLR	2101	+	186	213555424	54620
chr2	180370491	180570491	harbor2	chr2	180373914	180374294	LTR/ERVL-MaLR	2023	+	190	180374104	3613
chr2	180370491	180570491	harbor2	chr2	180378951	180379097	LTR/ERVL-MaLR	1032	+	73	180379024	8533
chr2	180370491	180570491	harbor2	chr2	180379407	180379489	LTR/ERVL-MaLR	1032	+	41	180379448	8957
chr2	180370491	180570491	harbor2	chr2	180379781	180379929	LTR/ERVL-MaLR	1032	+	74	180379855	9364
chr2	180370491	180570491	harbor2	chr2	180379931	180380595	LTR/ERVL-MaLR	2983	+	332	180380263	9772
chr2	180370491	180570491	harbor2	chr2	180380963	180381374	LTR/ERVL-MaLR	2150	+	206	180381169	10678
chr2	180370491	180570491	harbor2	chr2	180381380	180381748	LTR/ERVL-MaLR	1512	+	184	180381564	11073
chr2	180370491	180570491	harbor2	chr2	180397925	180398286	LTR/ERVL-MaLR	564	+	180	180398105	27614
chr2	180370491	180570491	harbor2	chr2	180417319	180417700	LTR/ERVL-MaLR	2106	+	190	180417509	47018
chr2	180370491	180570491	harbor2	chr2	180433681	180433928	LTR/ERVL-MaLR	639	+	124	180433805	63314
chr2	180370491	180570491	harbor2	chr2	180435484	180435898	LTR/ERVL-MaLR	1302	+	207	180435691	65200
chr2	180370491	180570491	harbor2	chr2	180436187	180436235	LTR/ERVL-MaLR	1302	+	24	180436211	65720
chr2	180370491	180570491	harbor2	chr2	180442666	180443031	LTR/ERVL-MaLR	789	+	182	180442848	72357
chr2	133096679	133296679	harbor2	chr2	133158931	133159523	LTR/ERVL-MaLR	2478	+	296	133159227	62548
chr2	75235873	75435873	harbor2	chr2	75255428	75255836	LTR/ERVL-MaLR	1880	+	204	75255632	19759
chr2	75235873	75435873	harbor2	chr2	75297681	75298054	LTR/ERVL-MaLR	1586	+	186	75297867	61994
chr2	157121547	157321547	harbor2	chr2	157133795	157134255	LTR/ERVL-MaLR	1215	+	230	157134025	12478
chr2	157121547	157321547	harbor2	chr2	157176155	157176633	LTR/ERVL-MaLR	3630	+	239	157176394	54847
chr2	157121547	157321547	harbor2	chr2	157176634	157177006	LTR/ERVL-MaLR	1946	+	186	157176820	55273
chr2	227430707	227630707	harbor2	chr2	227438898	227439251	LTR/ERVL-MaLR	1836	+	176	227439074	8367
chr2	214070347	214270347	harbor2	chr2	214073933	214074294	LTR/ERVL-MaLR	1399	+	180	214074113	3766
chr2	214070347	214270347	harbor2	chr2	214081279	214081743	LTR/ERVL-MaLR	1828	+	232	214081511	11164
chr2	214070347	214270347	harbor2	chr2	214086374	214086726	LTR/ERVL-MaLR	1866	+	176	214086550	16203
chr2	214070347	214270347	harbor2	chr2	214094595	214094989	LTR/ERVL-MaLR	1711	+	197	214094792	24445
chr2	214070347	214270347	harbor2	chr2	214098300	214098677	LTR/ERVL-MaLR	2232	+	188	214098488	28141
chr2	214070347	214270347	harbor2	chr2	214099954	214100309	LTR/ERVL-MaLR	2125	+	178	214100132	29785
chr2	214070347	214270347	harbor2	chr2	214108898	214109253	LTR/ERVL-MaLR	1595	+	178	214109076	38729
chr2	214070347	214270347	harbor2	chr2	214135488	214135867	LTR/ERVL-MaLR	1702	+	190	214135678	65331
chr2	168000046	168200046	harbor2	chr2	168024359	168024712	LTR/ERVL-MaLR	1474	+	176	168024535	24489
chr2	168000046	168200046	harbor2	chr2	168031475	168031855	LTR/ERVL-MaLR	1877	+	190	168031665	31619
chr2	168000046	168200046	harbor2	chr2	168059182	168059773	LTR/ERVL-MaLR	2268	+	296	168059478	59432
chr2	168000046	168200046	harbor2	chr2	168060248	168060584	LTR/ERVL-MaLR	1176	+	168	168060416	60370
chr2	168000046	168200046	harbor2	chr2	168066885	168066938	LTR/ERVL-MaLR	2202	+	26	168066911	66865
chr2	168000046	168200046	harbor2	chr2	168067239	168067609	LTR/ERVL-MaLR	2202	+	185	168067424	67378
chr2	168000046	168200046	harbor2	chr2	168080107	168080348	LTR/ERVL-MaLR	1767	+	120	168080227	80181
chr2	168000046	168200046	harbor2	chr2	168080644	168081664	LTR/ERVL-MaLR	6684	+	510	168081154	81108
chr2	168000046	168200046	harbor2	chr2	168081665	168082033	LTR/ERVL-MaLR	2384	+	184	168081849	81803
chr2	168000046	168200046	harbor2	chr2	168084479	168085682	LTR/ERVL-MaLR	2218	+	602	168085081	85035
chr2	168000046	168200046	harbor2	chr2	168085687	168085976	LTR/ERVL-MaLR	602	+	144	168085831	85785
chr2	168000046	168200046	harbor2	chr2	168098746	168099272	LTR/ERVL-MaLR	900	+	263	168099009	98963
chr2	168000046	168200046	harbor2	chr2	168050345	168050830	LTR/ERVL-MaLR	2014	+	242	168050587	50541
chr2	189621028	189821028	harbor2	chr2	189675715	189676116	LTR/ERVL-MaLR	2389	+	200	189675915	54887
chr2	189621028	189821028	harbor2	chr2	189682906	189683259	LTR/ERVL-MaLR	2079	+	176	189683082	62054
chr2	126761804	126961804	harbor2	chr2	126795887	126796088	LTR/ERVL-MaLR	489	+	100	126795987	34183
chr2	126761804	126961804	harbor2	chr2	126825255	126825668	LTR/ERVL-MaLR	2153	+	206	126825461	63657
chr2	126761804	126961804	harbor2	chr2	126830734	126831269	LTR/ERVL-MaLR	1300	+	268	126831002	69198
chr2	126761804	126961804	harbor2	chr2	126854011	126854394	LTR/ERVL-MaLR	2446	+	192	126854203	92399
chr2	126761804	126961804	harbor2	chr2	126860353	126860692	LTR/ERVL-MaLR	848	+	170	126860523	98719
chr2	139749468	139949468	harbor2	chr2	139754499	139754862	LTR/ERVL-MaLR	2318	+	182	139754681	5213
chr2	139749468	139949468	harbor2	chr2	139771042	139771213	LTR/ERVL-MaLR	1175	+	86	139771128	21660
chr2	139749468	139949468	harbor2	chr2	139771537	139771763	LTR/ERVL-MaLR	1175	+	113	139771650	22182
chr2	139749468	139949468	harbor2	chr2	139792891	139793417	LTR/ERVL-MaLR	1084	+	263	139793154	43686
chr2	139749468	139949468	harbor2	chr2	139806704	139807104	LTR/ERVL-MaLR	1835	+	200	139806904	57436
chr2	139749468	139949468	harbor2	chr2	139818748	139819143	LTR/ERVL-MaLR	1778	+	198	139818946	69478
chr2	231714500	231914500	harbor2	chr2	231717369	231717489	LTR/ERVL-MaLR	590	+	60	231717429	2929
chr2	231714500	231914500	harbor2	chr2	231717516	231717784	LTR/ERVL-MaLR	590	+	134	231717650	3150
chr2	231714500	231914500	harbor2	chr2	231747888	231748066	LTR/ERVL-MaLR	1283	+	89	231747977	33477
chr2	231714500	231914500	harbor2	chr2	231748067	231749539	LTR/ERVL-MaLR	11208	+	736	231748803	34303
chr2	231714500	231914500	harbor2	chr2	231749834	231749962	LTR/ERVL-MaLR	11208	+	64	231749898	35398
chr2	231714500	231914500	harbor2	chr2	231749963	231750303	LTR/ERVL-MaLR	2459	+	170	231750133	35633
chr2	231714500	231914500	harbor2	chr2	231754911	231755252	LTR/ERVL-MaLR	1747	+	170	231755081	40581
chr2	215062130	215262130	harbor2	chr2	215065589	215065842	LTR/ERVL-MaLR	1174	+	126	215065715	3585
chr2	215062130	215262130	harbor2	chr2	215098971	215099413	LTR/ERVL-MaLR	1768	+	221	215099192	37062
chr2	215062130	215262130	harbor2	chr2	215099711	215099807	LTR/ERVL-MaLR	1768	+	48	215099759	37629
chr2	215062130	215262130	harbor2	chr2	215150518	215150896	LTR/ERVL-MaLR	1597	+	189	215150707	88577
chr2	215062130	215262130	harbor2	chr2	215121627	215121989	LTR/ERVL-MaLR	2728	+	181	215121808	59678
chr2	195308671	195508671	harbor2	chr2	195323896	195324327	LTR/ERVL-MaLR	1343	+	216	195324112	15441
chr2	195308671	195508671	harbor2	chr2	195343995	195344214	LTR/ERVL-MaLR	675	+	110	195344105	35434
chr2	195308671	195508671	harbor2	chr2	195356900	195357340	LTR/ERVL-MaLR	1253	+	220	195357120	48449
chr2	195308671	195508671	harbor2	chr2	195364701	195365045	LTR/ERVL-MaLR	2454	+	172	195364873	56202
chr2	195308671	195508671	harbor2	chr2	195379467	195379831	LTR/ERVL-MaLR	2205	+	182	195379649	70978
chr2	195308671	195508671	harbor2	chr2	195382329	195382537	LTR/ERVL-MaLR	475	+	104	195382433	73762
chr2	195308671	195508671	harbor2	chr2	195387310	195387663	LTR/ERVL-MaLR	2528	+	176	195387486	78815
chr2	195308671	195508671	harbor2	chr2	195387664	195389238	LTR/ERVL-MaLR	11255	+	787	195388451	79780
chr2	195308671	195508671	harbor2	chr2	195389239	195389591	LTR/ERVL-MaLR	2575	+	176	195389415	80744
chr2	195308671	195508671	harbor2	chr2	195401586	195401958	LTR/ERVL-MaLR	2538	+	186	195401772	93101
chr2	134986039	135186039	harbor2	chr2	135002905	135003284	LTR/ERVL-MaLR	1368	+	190	135003095	17056
chr2	134986039	135186039	harbor2	chr2	135020598	135020959	LTR/ERVL-MaLR	2245	+	180	135020778	34739
chr2	134986039	135186039	harbor2	chr2	135021124	135021461	LTR/ERVL-MaLR	1671	+	168	135021292	35253
chr2	30538778	30738778	harbor2	chr2	30621262	30621417	LTR/ERVL-MaLR	762	+	78	30621340	82562
chr2	232958026	233158026	harbor2	chr2	232961434	232961485	LTR/ERVL-MaLR	440	+	26	232961460	3434
chr2	232958026	233158026	harbor2	chr2	232961758	232962135	LTR/ERVL-MaLR	440	+	188	232961946	3920
chr2	232958026	233158026	harbor2	chr2	232966998	232967322	LTR/ERVL-MaLR	2209	+	162	232967160	9134
chr2	232958026	233158026	harbor2	chr2	232967602	232967671	LTR/ERVL-MaLR	2209	+	34	232967636	9610
chr2	232958026	233158026	harbor2	chr2	232968006	232968093	LTR/ERVL-MaLR	848	+	44	232968050	10024
chr2	232958026	233158026	harbor2	chr2	232968705	232969105	LTR/ERVL-MaLR	848	+	200	232968905	10879
chr2	232958026	233158026	harbor2	chr2	232973404	232973861	LTR/ERVL-MaLR	1260	+	228	232973632	15606
chr2	232958026	233158026	harbor2	chr2	233005498	233005805	LTR/ERVL-MaLR	1680	+	154	233005652	47626
chr2	232958026	233158026	harbor2	chr2	233006116	233006176	LTR/ERVL-MaLR	1680	+	30	233006146	48120
chr2	232958026	233158026	harbor2	chr2	233040444	233040934	LTR/ERVL-MaLR	1891	+	245	233040689	82663
chr2	232958026	233158026	harbor2	chr2	233050719	233051074	LTR/ERVL-MaLR	1396	+	178	233050897	92871
chr2	224376401	224576401	harbor2	chr2	224397077	224397444	LTR/ERVL-MaLR	2420	+	184	224397261	20860
chr2	224376401	224576401	harbor2	chr2	224397447	224397864	LTR/ERVL-MaLR	3365	+	208	224397655	21254
chr2	224376401	224576401	harbor2	chr2	224397890	224398118	LTR/ERVL-MaLR	1323	+	114	224398004	21603
chr2	224376401	224576401	harbor2	chr2	224425607	224425966	LTR/ERVL-MaLR	2104	+	180	224425787	49386
chr2	224376401	224576401	harbor2	chr2	224426553	224426664	LTR/ERVL-MaLR	1490	+	56	224426609	50208
chr2	224376401	224576401	harbor2	chr2	224426665	224427046	LTR/ERVL-MaLR	2059	+	190	224426855	50454
chr2	224376401	224576401	harbor2	chr2	224427047	224427317	LTR/ERVL-MaLR	1490	+	135	224427182	50781
chr2	224376401	224576401	harbor2	chr2	224436343	224436857	LTR/ERVL-MaLR	872	+	257	224436600	60199
chr2	224376401	224576401	harbor2	chr2	224437085	224437509	LTR/ERVL-MaLR	2550	+	212	224437297	60896
chr2	224376401	224576401	harbor2	chr2	224448250	224448587	LTR/ERVL-MaLR	1626	+	168	224448418	72017
chr2	224376401	224576401	harbor2	chr2	224462382	224462812	LTR/ERVL-MaLR	1887	+	215	224462597	86196
chr2	224376401	224576401	harbor2	chr2	224463338	224463562	LTR/ERVL-MaLR	1907	+	112	224463450	87049
chr2	224376401	224576401	harbor2	chr2	224463854	224464120	LTR/ERVL-MaLR	1907	+	133	224463987	87586
chr2	234544632	234744632	harbor2	chr2	234552710	234552789	LTR/ERVL-MaLR	1164	+	40	234552750	8118
chr2	234544632	234744632	harbor2	chr2	234553073	234553331	LTR/ERVL-MaLR	1164	+	129	234553202	8570
chr2	234544632	234744632	harbor2	chr2	234610609	234610979	LTR/ERVL-MaLR	2340	+	185	234610794	66162
chr2	234544632	234744632	harbor2	chr2	234611760	234611942	LTR/ERVL-MaLR	464	+	91	234611851	67219
chr2	234544632	234744632	harbor2	chr2	234623930	234624299	LTR/ERVL-MaLR	2633	+	184	234624114	79482
chr2	234544632	234744632	harbor2	chr2	234635555	234635904	LTR/ERVL-MaLR	2202	+	174	234635729	91097
chr2	234544632	234744632	harbor2	chr2	234635906	234637420	LTR/ERVL-MaLR	10632	+	757	234636663	92031
chr2	234544632	234744632	harbor2	chr2	234637421	234637775	LTR/ERVL-MaLR	2273	+	177	234637598	92966
chr2	80662229	80862229	harbor2	chr2	80682821	80683220	LTR/ERVL-MaLR	814	+	200	80683021	20792
chr2	80662229	80862229	harbor2	chr2	80708912	80709099	LTR/ERVL-MaLR	692	+	94	80709006	46777
chr2	80662229	80862229	harbor2	chr2	80709640	80709994	LTR/ERVL-MaLR	1084	+	177	80709817	47588
chr2	80662229	80862229	harbor2	chr2	80718759	80718897	LTR/ERVL-MaLR	438	+	69	80718828	56599
chr2	80662229	80862229	harbor2	chr2	80719188	80719553	LTR/ERVL-MaLR	571	+	182	80719370	57141
chr2	80662229	80862229	harbor2	chr2	80724295	80724465	LTR/ERVL-MaLR	729	+	85	80724380	62151
chr2	80662229	80862229	harbor2	chr2	80746965	80747382	LTR/ERVL-MaLR	2326	+	208	80747173	84944
chr2	206379093	206579093	harbor2	chr2	206393658	206394017	LTR/ERVL-MaLR	2327	+	180	206393838	14745
chr2	206379093	206579093	harbor2	chr2	206394029	206394164	LTR/ERVL-MaLR	3040	+	68	206394097	15004
chr2	206379093	206579093	harbor2	chr2	206394473	206394733	LTR/ERVL-MaLR	3040	+	130	206394603	15510
chr2	206379093	206579093	harbor2	chr2	206394731	206394943	LTR/ERVL-MaLR	1250	+	106	206394837	15744
chr2	206379093	206579093	harbor2	chr2	206463104	206463560	LTR/ERVL-MaLR	2276	+	228	206463332	84239
chr2	180930014	181130014	harbor2	chr2	180937504	180937877	LTR/ERVL-MaLR	2196	+	186	180937690	7676
chr2	180930014	181130014	harbor2	chr2	180938540	180938732	LTR/ERVL-MaLR	502	+	96	180938636	8622
chr2	180930014	181130014	harbor2	chr2	180956725	180957067	LTR/ERVL-MaLR	1533	+	171	180956896	26882
chr2	180930014	181130014	harbor2	chr2	180964773	180965523	LTR/ERVL-MaLR	5654	+	375	180965148	35134
chr2	180930014	181130014	harbor2	chr2	180965736	180965996	LTR/ERVL-MaLR	1182	+	130	180965866	35852
chr2	238203283	238403283	harbor2	chr2	238217399	238217519	LTR/ERVL-MaLR	575	+	60	238217459	14176
chr2	238203283	238403283	harbor2	chr2	238217551	238217613	LTR/ERVL-MaLR	575	+	31	238217582	14299
chr2	238203283	238403283	harbor2	chr2	238217616	238217657	LTR/ERVL-MaLR	469	+	20	238217636	14353
chr2	238203283	238403283	harbor2	chr2	238217962	238218106	LTR/ERVL-MaLR	469	+	72	238218034	14751
chr2	238203283	238403283	harbor2	chr2	238225840	238226334	LTR/ERVL-MaLR	814	+	247	238226087	22804
chr2	238203283	238403283	harbor2	chr2	238236112	238236548	LTR/ERVL-MaLR	1578	+	218	238236330	33047
chr2	238203283	238403283	harbor2	chr2	238247095	238247589	LTR/ERVL-MaLR	1914	+	247	238247342	44059
chr2	238203283	238403283	harbor2	chr2	238249629	238249992	LTR/ERVL-MaLR	2048	+	182	238249811	46528
chr2	238977811	239177811	harbor2	chr2	238988383	238988800	LTR/ERVL-MaLR	551	+	208	238988591	10780
chr2	238977811	239177811	harbor2	chr2	238994008	238994218	LTR/ERVL-MaLR	432	+	105	238994113	16302
chr2	238977811	239177811	harbor2	chr2	239004193	239004628	LTR/ERVL-MaLR	1229	+	218	239004411	26600
chr2	238977811	239177811	harbor2	chr2	239043017	239043427	LTR/ERVL-MaLR	2366	+	205	239043222	65411
chr2	238977811	239177811	harbor2	chr2	239044227	239044425	LTR/ERVL-MaLR	547	+	99	239044326	66515
chr2	238977811	239177811	harbor2	chr2	239046947	239047322	LTR/ERVL-MaLR	870	+	188	239047135	69324
chr2	239663856	239863856	harbor2	chr2	239755956	239756284	LTR/ERVL-MaLR	1141	+	164	239756120	92264
chr2	239663856	239863856	harbor2	chr2	239757890	239758280	LTR/ERVL-MaLR	2409	+	195	239758085	94229
chr2	239663856	239863856	harbor2	chr2	239762063	239762647	LTR/ERVL-MaLR	1120	+	292	239762355	98499
chr2	241792644	241992644	harbor2	chr2	241820334	241820681	LTR/ERVL-MaLR	599	+	174	241820508	27864
chr2	241792644	241992644	harbor2	chr2	241821397	241821791	LTR/ERVL-MaLR	2219	+	197	241821594	28950
chr2	241792644	241992644	harbor2	chr2	241822026	241822461	LTR/ERVL-MaLR	893	+	218	241822244	29600
chr2	241792644	241992644	harbor2	chr2	241837311	241837702	LTR/ERVL-MaLR	1913	+	196	241837507	44863
chr2	241792644	241992644	harbor2	chr2	241837776	241837843	LTR/ERVL-MaLR	421	+	34	241837810	45166
chr2	241792644	241992644	harbor2	chr2	241855880	241856037	LTR/ERVL-MaLR	458	+	78	241855958	63314
chr2	124783512	124983512	harbor2	chr2	124804490	124804808	LTR/ERVL-MaLR	925	+	159	124804649	21137
chr2	124783512	124983512	harbor2	chr2	124850195	124850575	LTR/ERVL-MaLR	739	+	190	124850385	66873
chr2	142012740	142212740	harbor2	chr2	142031734	142032146	LTR/ERVL-MaLR	1061	+	206	142031940	19200
chr2	142012740	142212740	harbor2	chr2	142035776	142036125	LTR/ERVL-MaLR	2506	+	174	142035950	23210
chr2	142012740	142212740	harbor2	chr2	142047576	142047976	LTR/ERVL-MaLR	1034	+	200	142047776	35036
chr2	142012740	142212740	harbor2	chr2	142073649	142074046	LTR/ERVL-MaLR	2190	+	198	142073847	61107
chr2	142012740	142212740	harbor2	chr2	142107204	142107576	LTR/ERVL-MaLR	1798	+	186	142107390	94650
chr2	229326559	229526559	harbor2	chr2	229326245	229326605	LTR/ERVL-MaLR	2066	+	180	229326425	134
chr2	229326559	229526559	harbor2	chr2	229351301	229351553	LTR/ERVL-MaLR	427	+	126	229351427	24868
chr2	229326559	229526559	harbor2	chr2	229352664	229353071	LTR/ERVL-MaLR	2113	+	204	229352868	26309
chr2	229326559	229526559	harbor2	chr2	229375759	229375811	LTR/ERVL-MaLR	1669	+	26	229375785	49226
chr2	229326559	229526559	harbor2	chr2	229376190	229376481	LTR/ERVL-MaLR	1669	+	146	229376336	49777
chr2	229326559	229526559	harbor2	chr2	229377837	229378320	LTR/ERVL-MaLR	2445	+	242	229378079	51520
chr2	229326559	229526559	harbor2	chr2	229414773	229414880	LTR/ERVL-MaLR	605	+	54	229414827	88268
chr2	229326559	229526559	harbor2	chr2	229415174	229415501	LTR/ERVL-MaLR	781	+	164	229415338	88779
chr2	229326559	229526559	harbor2	chr2	229375812	229376189	LTR/ERVL-MaLR	2204	+	188	229376000	49441
chr2	128375405	128575405	harbor2	chr2	128392779	128392977	LTR/ERVL-MaLR	1788	+	99	128392878	17473
chr2	128375405	128575405	harbor2	chr2	128393271	128393457	LTR/ERVL-MaLR	1788	+	93	128393364	17959
chr2	128375405	128575405	harbor2	chr2	128420480	128420863	LTR/ERVL-MaLR	1854	+	192	128420672	45267
chr2	128375405	128575405	harbor2	chr2	128438726	128439074	LTR/ERVL-MaLR	815	+	174	128438900	63495
chr2	128375405	128575405	harbor2	chr2	128439552	128439916	LTR/ERVL-MaLR	1084	+	182	128439734	64329
chr2	128375405	128575405	harbor2	chr2	128457548	128457933	LTR/ERVL-MaLR	1455	+	192	128457740	82335
chr2	47234697	47434697	harbor2	chr2	47311623	47311986	LTR/ERVL-MaLR	2519	+	182	47311805	77108
chr2	154370036	154570036	harbor2	chr2	154418276	154418727	LTR/ERVL-MaLR	1478	+	226	154418502	48466
chr2	154370036	154570036	harbor2	chr2	154431644	154432005	LTR/ERVL-MaLR	2718	+	180	154431824	61788
chr2	154370036	154570036	harbor2	chr2	154433844	154434217	LTR/ERVL-MaLR	2126	+	186	154434030	63994
chr2	154370036	154570036	harbor2	chr2	154468827	154469034	LTR/ERVL-MaLR	511	+	104	154468931	98895
chr2	223873712	224073712	harbor2	chr2	223889377	223889733	LTR/ERVL-MaLR	2511	+	178	223889555	15843
chr2	223873712	224073712	harbor2	chr2	223897315	223897351	LTR/ERVL-MaLR	2321	+	18	223897333	23621
chr2	223873712	224073712	harbor2	chr2	223897680	223898060	LTR/ERVL-MaLR	2321	+	190	223897870	24158
chr2	223873712	224073712	harbor2	chr2	223930213	223930337	LTR/ERVL-MaLR	1419	+	62	223930275	56563
chr2	223873712	224073712	harbor2	chr2	223930592	223931042	LTR/ERVL-MaLR	1419	+	225	223930817	57105
chr2	227299710	227499710	harbor2	chr2	227382294	227382670	LTR/ERVL-MaLR	2813	+	188	227382482	82772
chr2	127310590	127510590	harbor2	chr2	127359574	127359980	LTR/ERVL-MaLR	2635	+	203	127359777	49187
chr2	127310590	127510590	harbor2	chr2	127369660	127369873	LTR/ERVL-MaLR	473	+	106	127369766	59176
chr2	127310590	127510590	harbor2	chr2	127376570	127376755	LTR/ERVL-MaLR	562	+	92	127376662	66072
chr2	127310590	127510590	harbor2	chr2	127392101	127392483	LTR/ERVL-MaLR	2009	+	191	127392292	81702
chr2	127310590	127510590	harbor2	chr2	127394202	127394385	LTR/ERVL-MaLR	661	+	92	127394294	83704
chr2	169791976	169991976	harbor2	chr2	169792388	169792751	LTR/ERVL-MaLR	1735	+	182	169792570	594
chr2	44089780	44289780	harbor2	chr2	44093245	44093675	LTR/ERVL-MaLR	1539	+	215	44093460	3680
chr2	44089780	44289780	harbor2	chr2	44108835	44109259	LTR/ERVL-MaLR	2537	+	212	44109047	19267
chr2	44089780	44289780	harbor2	chr2	44110436	44110999	LTR/ERVL-MaLR	2056	+	282	44110718	20938
chr2	44089780	44289780	harbor2	chr2	44116849	44117077	LTR/ERVL-MaLR	1272	+	114	44116963	27183
chr2	44089780	44289780	harbor2	chr2	44117386	44117633	LTR/ERVL-MaLR	1272	+	124	44117510	27730
chr2	44089780	44289780	harbor2	chr2	44136537	44136910	LTR/ERVL-MaLR	1400	+	186	44136723	46943
chr2	44089780	44289780	harbor2	chr2	44145217	44145382	LTR/ERVL-MaLR	1200	+	82	44145299	55519
chr2	44089780	44289780	harbor2	chr2	44147277	44147596	LTR/ERVL-MaLR	1655	+	160	44147437	57657
chr2	44089780	44289780	harbor2	chr2	44149360	44149609	LTR/ERVL-MaLR	1223	+	124	44149484	59704
chr2	44089780	44289780	harbor2	chr2	44149613	44150123	LTR/ERVL-MaLR	6681	+	255	44149868	60088
chr2	44089780	44289780	harbor2	chr2	44150414	44151436	LTR/ERVL-MaLR	6681	+	511	44150925	61145
chr2	44089780	44289780	harbor2	chr2	44151746	44151883	LTR/ERVL-MaLR	6681	+	68	44151814	62034
chr2	44089780	44289780	harbor2	chr2	44151955	44152268	LTR/ERVL-MaLR	1206	+	156	44152111	62331
chr2	44089780	44289780	harbor2	chr2	44156722	44157150	LTR/ERVL-MaLR	444	+	214	44156936	67156
chr2	44089780	44289780	harbor2	chr2	44178973	44179326	LTR/ERVL-MaLR	1979	+	176	44179149	89369
chr2	206423268	206623268	harbor2	chr2	206463104	206463560	LTR/ERVL-MaLR	2276	+	228	206463332	40064
chr2	206423268	206623268	harbor2	chr2	206484734	206485095	LTR/ERVL-MaLR	2830	+	180	206484914	61646
chr2	206423268	206623268	harbor2	chr2	206489950	206490341	LTR/ERVL-MaLR	2142	+	196	206490146	66878
chr2	206423268	206623268	harbor2	chr2	206507206	206507635	LTR/ERVL-MaLR	2744	+	214	206507420	84152
chr2	153479060	153679060	harbor2	chr2	153488744	153488992	LTR/ERVL-MaLR	1057	+	124	153488868	9808
chr2	153479060	153679060	harbor2	chr2	153489279	153489398	LTR/ERVL-MaLR	1057	+	60	153489339	10279
chr2	153479060	153679060	harbor2	chr2	153537574	153537942	LTR/ERVL-MaLR	2353	+	184	153537758	58698
chr2	153479060	153679060	harbor2	chr2	153537947	153538306	LTR/ERVL-MaLR	2381	+	180	153538127	59067
chr2	153479060	153679060	harbor2	chr2	153539849	153541044	LTR/ERVL-MaLR	7472	+	598	153540447	61387
chr2	153479060	153679060	harbor2	chr2	153541045	153541416	LTR/ERVL-MaLR	2447	+	186	153541231	62171
chr2	153479060	153679060	harbor2	chr2	153549383	153549585	LTR/ERVL-MaLR	505	+	101	153549484	70424
chr2	153479060	153679060	harbor2	chr2	153564876	153565213	LTR/ERVL-MaLR	826	+	168	153565044	85984
chr2	141491650	141691650	harbor2	chr2	141512302	141512685	LTR/ERVL-MaLR	550	+	192	141512494	20844
chr2	141491650	141691650	harbor2	chr2	141545377	141546023	LTR/ERVL-MaLR	1041	+	323	141545700	54050
chr2	141491650	141691650	harbor2	chr2	141557458	141557630	LTR/ERVL-MaLR	445	+	86	141557544	65894
chr2	160773273	160973273	harbor2	chr2	160788037	160788399	LTR/ERVL-MaLR	1874	+	181	160788218	14945
chr2	160773273	160973273	harbor2	chr2	160807914	160808023	LTR/ERVL-MaLR	730	+	54	160807968	34695
chr2	160773273	160973273	harbor2	chr2	160811726	160811935	LTR/ERVL-MaLR	708	+	104	160811830	38557
chr2	160773273	160973273	harbor2	chr2	160815631	160816040	LTR/ERVL-MaLR	2537	+	204	160815835	42562
chr2	160773273	160973273	harbor2	chr2	160835278	160835552	LTR/ERVL-MaLR	857	+	137	160835415	62142
chr2	225368080	225568080	harbor2	chr2	225370621	225371161	LTR/ERVL-MaLR	785	+	270	225370891	2811
chr2	225368080	225568080	harbor2	chr2	225382092	225382315	LTR/ERVL-MaLR	453	+	112	225382204	14124
chr2	225368080	225568080	harbor2	chr2	225382956	225383335	LTR/ERVL-MaLR	1894	+	190	225383146	15066
chr2	225368080	225568080	harbor2	chr2	225383422	225384957	LTR/ERVL-MaLR	10188	+	768	225384190	16110
chr2	225368080	225568080	harbor2	chr2	225384958	225385340	LTR/ERVL-MaLR	1979	+	191	225385149	17069
chr2	225368080	225568080	harbor2	chr2	225394441	225394590	LTR/ERVL-MaLR	1394	+	74	225394515	26435
chr2	225368080	225568080	harbor2	chr2	225395285	225395453	LTR/ERVL-MaLR	1564	+	84	225395369	27289
chr2	225368080	225568080	harbor2	chr2	225395507	225395719	LTR/ERVL-MaLR	1564	+	106	225395613	27533
chr2	225368080	225568080	harbor2	chr2	225454848	225455296	LTR/ERVL-MaLR	924	+	224	225455072	86992
chr2	225368080	225568080	harbor2	chr2	225394638	225394804	LTR/ERVL-MaLR	1394	+	83	225394721	26641
chr2	234594479	234794479	harbor2	chr2	234610609	234610979	LTR/ERVL-MaLR	2340	+	185	234610794	16315
chr2	234594479	234794479	harbor2	chr2	234611760	234611942	LTR/ERVL-MaLR	464	+	91	234611851	17372
chr2	234594479	234794479	harbor2	chr2	234623930	234624299	LTR/ERVL-MaLR	2633	+	184	234624114	29635
chr2	234594479	234794479	harbor2	chr2	234635555	234635904	LTR/ERVL-MaLR	2202	+	174	234635729	41250
chr2	234594479	234794479	harbor2	chr2	234635906	234637420	LTR/ERVL-MaLR	10632	+	757	234636663	42184
chr2	234594479	234794479	harbor2	chr2	234637421	234637775	LTR/ERVL-MaLR	2273	+	177	234637598	43119
chr2	234594479	234794479	harbor2	chr2	234653960	234654150	LTR/ERVL-MaLR	425	+	95	234654055	59576
chr2	234594479	234794479	harbor2	chr2	234678789	234679059	LTR/ERVL-MaLR	1198	+	135	234678924	84445
chr2	234594479	234794479	harbor2	chr2	234679708	234679766	LTR/ERVL-MaLR	1198	+	29	234679737	85258
chr2	234594479	234794479	harbor2	chr2	234685931	234686058	LTR/ERVL-MaLR	1914	+	64	234685995	91516
chr2	234594479	234794479	harbor2	chr2	234686481	234686860	LTR/ERVL-MaLR	1914	+	190	234686671	92192
chr2	168486188	168686188	harbor2	chr2	168502950	168503322	LTR/ERVL-MaLR	2227	+	186	168503136	16948
chr2	168486188	168686188	harbor2	chr2	168554304	168554710	LTR/ERVL-MaLR	1568	+	203	168554507	68319
chr2	42626650	42826650	harbor2	chr2	42677177	42677332	LTR/ERVL-MaLR	2296	+	78	42677255	50605
chr2	42626650	42826650	harbor2	chr2	42677639	42677856	LTR/ERVL-MaLR	2296	+	108	42677747	51097
chr2	239854614	240054614	harbor2	chr2	239859323	239859530	LTR/ERVL-MaLR	428	+	104	239859427	4813
chr2	239854614	240054614	harbor2	chr2	239862536	239863017	LTR/ERVL-MaLR	1304	+	240	239862776	8162
chr2	239854614	240054614	harbor2	chr2	239864650	239864914	LTR/ERVL-MaLR	546	+	132	239864782	10168
chr2	239854614	240054614	harbor2	chr2	239888181	239888579	LTR/ERVL-MaLR	1778	+	199	239888380	33766
chr2	239854614	240054614	harbor2	chr2	239920043	239920219	LTR/ERVL-MaLR	562	+	88	239920131	65517
chr2	239854614	240054614	harbor2	chr2	239935579	239935943	LTR/ERVL-MaLR	2377	+	182	239935761	81147
chr2	239854614	240054614	harbor2	chr2	239953038	239953454	LTR/ERVL-MaLR	880	+	208	239953246	98632
chr2	102468938	102668938	harbor2	chr2	102500004	102500449	LTR/ERVL-MaLR	1256	+	222	102500226	31288
chr2	102468938	102668938	harbor2	chr2	102551033	102551488	LTR/ERVL-MaLR	1572	+	228	102551261	82323
chr2	102468938	102668938	harbor2	chr2	102551608	102552082	LTR/ERVL-MaLR	1748	+	237	102551845	82907
chr2	102468938	102668938	harbor2	chr2	102558525	102558973	LTR/ERVL-MaLR	2252	+	224	102558749	89811
chr2	124335582	124535582	harbor2	chr2	124347110	124347193	LTR/ERVL-MaLR	541	+	42	124347152	11570
chr2	124335582	124535582	harbor2	chr2	124386796	124387155	LTR/ERVL-MaLR	1327	+	180	124386976	51394
chr2	231248904	231448904	harbor2	chr2	231348052	231348460	LTR/ERVL-MaLR	2045	+	204	231348256	99352
chr2	197408396	197608396	harbor2	chr2	197416329	197416684	LTR/ERVL-MaLR	1767	+	178	197416507	8111
chr3	33635352	33835352	harbor2	chr3	33681746	33682179	LTR/ERVL-MaLR	2352	+	216	33681962	46610
chr3	33635352	33835352	harbor2	chr3	33707891	33708055	LTR/ERVL-MaLR	661	+	82	33707973	72621
chr3	33635352	33835352	harbor2	chr3	33709476	33709806	LTR/ERVL-MaLR	1436	+	165	33709641	74289
chr3	33635352	33835352	harbor2	chr3	33731774	33732232	LTR/ERVL-MaLR	1561	+	229	33732003	96651
chr3	33635352	33835352	harbor2	chr3	33734311	33734647	LTR/ERVL-MaLR	1297	+	168	33734479	99127
chr3	180017578	180217578	harbor2	chr3	180026869	180027267	LTR/ERVL-MaLR	664	+	199	180027068	9490
chr3	180017578	180217578	harbor2	chr3	180041045	180041343	LTR/ERVL-MaLR	429	+	149	180041194	23616
chr3	180017578	180217578	harbor2	chr3	180066284	180066602	LTR/ERVL-MaLR	510	+	159	180066443	48865
chr3	180017578	180217578	harbor2	chr3	180084162	180084495	LTR/ERVL-MaLR	1010	+	166	180084328	66750
chr3	180017578	180217578	harbor2	chr3	180084496	180085465	LTR/ERVL-MaLR	4095	+	484	180084980	67402
chr3	180017578	180217578	harbor2	chr3	180085466	180085821	LTR/ERVL-MaLR	2296	+	178	180085644	68066
chr3	180017578	180217578	harbor2	chr3	180085822	180086551	LTR/ERVL-MaLR	3454	+	364	180086186	68608
chr3	180017578	180217578	harbor2	chr3	180086556	180086905	LTR/ERVL-MaLR	1556	+	174	180086730	69152
chr3	180017578	180217578	harbor2	chr3	180098531	180098927	LTR/ERVL-MaLR	819	+	198	180098729	81151
chr3	156896875	157096875	harbor2	chr3	156897203	156897307	LTR/ERVL-MaLR	1569	+	52	156897255	380
chr3	156896875	157096875	harbor2	chr3	156898413	156898631	LTR/ERVL-MaLR	1569	+	109	156898522	1647
chr3	156896875	157096875	harbor2	chr3	156908883	156909264	LTR/ERVL-MaLR	2251	+	190	156909073	12198
chr3	156896875	157096875	harbor2	chr3	156918855	156919064	LTR/ERVL-MaLR	956	+	104	156918959	22084
chr3	156896875	157096875	harbor2	chr3	156919964	156920207	LTR/ERVL-MaLR	1176	+	122	156920086	23211
chr3	156896875	157096875	harbor2	chr3	156939082	156939477	LTR/ERVL-MaLR	1834	+	198	156939280	42405
chr3	156896875	157096875	harbor2	chr3	156985443	156985552	LTR/ERVL-MaLR	2561	+	54	156985497	88622
chr3	156896875	157096875	harbor2	chr3	156985865	156986222	LTR/ERVL-MaLR	2561	+	178	156986043	89168
chr3	196354449	196554449	harbor2	chr3	196378189	196378425	LTR/ERVL-MaLR	744	+	118	196378307	23858
chr3	196354449	196554449	harbor2	chr3	196389473	196389800	LTR/ERVL-MaLR	1121	+	164	196389637	35188
chr3	196354449	196554449	harbor2	chr3	196397939	196398132	LTR/ERVL-MaLR	844	+	96	196398035	43586
chr3	196354449	196554449	harbor2	chr3	196398158	196398374	LTR/ERVL-MaLR	916	+	108	196398266	43817
chr3	196354449	196554449	harbor2	chr3	196419766	196419877	LTR/ERVL-MaLR	457	+	56	196419822	65373
chr3	196354449	196554449	harbor2	chr3	196447699	196447845	LTR/ERVL-MaLR	1641	+	73	196447772	93323
chr3	196354449	196554449	harbor2	chr3	196448155	196448390	LTR/ERVL-MaLR	1641	+	118	196448273	93824
chr3	123706681	123906681	harbor2	chr3	123706892	123707430	LTR/ERVL-MaLR	2475	+	269	123707161	480
chr3	123706681	123906681	harbor2	chr3	123738502	123738861	LTR/ERVL-MaLR	2836	+	180	123738682	32001
chr3	123706681	123906681	harbor2	chr3	123739231	123739642	LTR/ERVL-MaLR	1374	+	206	123739437	32756
chr3	123706681	123906681	harbor2	chr3	123762565	123762957	LTR/ERVL-MaLR	1990	+	196	123762761	56080
chr3	5573316	5773316	harbor2	chr3	5577366	5577504	LTR/ERVL-MaLR	1913	+	69	5577435	4119
chr3	5573316	5773316	harbor2	chr3	5577809	5578044	LTR/ERVL-MaLR	1913	+	118	5577927	4611
chr3	5573316	5773316	harbor2	chr3	5613393	5613741	LTR/ERVL-MaLR	1363	+	174	5613567	40251
chr3	5573316	5773316	harbor2	chr3	5614347	5614391	LTR/ERVL-MaLR	1363	+	22	5614369	41053
chr3	5573316	5773316	harbor2	chr3	5620126	5620528	LTR/ERVL-MaLR	2363	+	201	5620327	47011
chr3	5573316	5773316	harbor2	chr3	5624791	5625122	LTR/ERVL-MaLR	1753	+	166	5624957	51641
chr3	5573316	5773316	harbor2	chr3	5670963	5671313	LTR/ERVL-MaLR	1414	+	175	5671138	97822
chr3	194522490	194722490	harbor2	chr3	194544113	194544189	LTR/ERVL-MaLR	442	+	38	194544151	21661
chr3	194522490	194722490	harbor2	chr3	194544420	194544861	LTR/ERVL-MaLR	2175	+	220	194544640	22150
chr3	194522490	194722490	harbor2	chr3	194546414	194546544	LTR/ERVL-MaLR	483	+	65	194546479	23989
chr3	194522490	194722490	harbor2	chr3	194567150	194567441	LTR/ERVL-MaLR	1143	+	146	194567296	44806
chr3	194522490	194722490	harbor2	chr3	194607023	194607390	LTR/ERVL-MaLR	1511	+	184	194607207	84717
chr3	194522490	194722490	harbor2	chr3	194616007	194616058	LTR/ERVL-MaLR	682	+	26	194616033	93543
chr3	194522490	194722490	harbor2	chr3	194616352	194616632	LTR/ERVL-MaLR	682	+	140	194616492	94002
chr3	194522490	194722490	harbor2	chr3	194617710	194618122	LTR/ERVL-MaLR	2229	+	206	194617916	95426
chr3	194522490	194722490	harbor2	chr3	194620698	194620743	LTR/ERVL-MaLR	1435	+	22	194620720	98230
chr3	194522490	194722490	harbor2	chr3	194621043	194621414	LTR/ERVL-MaLR	1435	+	186	194621229	98739
chr3	171469667	171669667	harbor2	chr3	171472455	171472785	LTR/ERVL-MaLR	1907	+	165	171472620	2953
chr3	171469667	171669667	harbor2	chr3	171488676	171489042	LTR/ERVL-MaLR	1994	+	183	171488859	19192
chr3	171469667	171669667	harbor2	chr3	171495461	171495662	LTR/ERVL-MaLR	647	+	100	171495561	25894
chr3	171469667	171669667	harbor2	chr3	171510896	171511170	LTR/ERVL-MaLR	1302	+	137	171511033	41366
chr3	171469667	171669667	harbor2	chr3	171511468	171511709	LTR/ERVL-MaLR	1302	+	120	171511588	41921
chr3	171469667	171669667	harbor2	chr3	171516850	171517075	LTR/ERVL-MaLR	677	+	112	171516962	47295
chr3	171469667	171669667	harbor2	chr3	171519982	171520329	LTR/ERVL-MaLR	690	+	174	171520156	50489
chr3	153893189	154093189	harbor2	chr3	153894179	153894343	LTR/ERVL-MaLR	919	+	82	153894261	1072
chr3	153893189	154093189	harbor2	chr3	153920068	153920485	LTR/ERVL-MaLR	2140	+	208	153920276	27087
chr3	153893189	154093189	harbor2	chr3	153946131	153946507	LTR/ERVL-MaLR	2116	+	188	153946319	53130
chr3	153893189	154093189	harbor2	chr3	153947311	153947816	LTR/ERVL-MaLR	1864	+	252	153947563	54374
chr3	153893189	154093189	harbor2	chr3	153991425	153991781	LTR/ERVL-MaLR	2280	+	178	153991603	98414
chr3	153893189	154093189	harbor2	chr3	153991782	153993346	LTR/ERVL-MaLR	10890	+	782	153992564	99375
chr3	140218809	140418809	harbor2	chr3	140306915	140307268	LTR/ERVL-MaLR	2330	+	176	140307091	88282
chr3	140218809	140418809	harbor2	chr3	140230415	140230768	LTR/ERVL-MaLR	1907	+	176	140230591	11782
chr3	164467295	164667295	harbor2	chr3	164480963	164481317	LTR/ERVL-MaLR	1681	+	177	164481140	13845
chr3	164467295	164667295	harbor2	chr3	164481318	164481719	LTR/ERVL-MaLR	1690	+	200	164481518	14223
chr3	164467295	164667295	harbor2	chr3	164482455	164483239	LTR/ERVL-MaLR	1648	+	392	164482847	15552
chr3	164467295	164667295	harbor2	chr3	164483272	164483591	LTR/ERVL-MaLR	1475	+	160	164483432	16137
chr3	164467295	164667295	harbor2	chr3	164483592	164483940	LTR/ERVL-MaLR	1616	+	174	164483766	16471
chr3	164467295	164667295	harbor2	chr3	164491055	164491414	LTR/ERVL-MaLR	1708	+	180	164491235	23940
chr3	164467295	164667295	harbor2	chr3	164511173	164511478	LTR/ERVL-MaLR	716	+	152	164511325	44030
chr3	164467295	164667295	harbor2	chr3	164543518	164543727	LTR/ERVL-MaLR	882	+	104	164543622	76327
chr3	164467295	164667295	harbor2	chr3	164546803	164547225	LTR/ERVL-MaLR	2546	+	211	164547014	79719
chr3	173703845	173903845	harbor2	chr3	173728500	173728953	LTR/ERVL-MaLR	1694	+	226	173728726	24881
chr3	173703845	173903845	harbor2	chr3	173757942	173758344	LTR/ERVL-MaLR	1493	+	201	173758143	54298
chr3	139111427	139311427	harbor2	chr3	139198077	139198253	LTR/ERVL-MaLR	1263	+	88	139198165	86738
chr3	139111427	139311427	harbor2	chr3	139198436	139198709	LTR/ERVL-MaLR	1263	+	136	139198572	87145
chr3	192055168	192255168	harbor2	chr3	192068884	192069257	LTR/ERVL-MaLR	2411	+	186	192069070	13902
chr3	147763687	147963687	harbor2	chr3	147768032	147768443	LTR/ERVL-MaLR	2031	+	206	147768238	4551
chr3	147763687	147963687	harbor2	chr3	147770618	147771079	LTR/ERVL-MaLR	1578	+	230	147770848	7161
chr3	147763687	147963687	harbor2	chr3	147777039	147777401	LTR/ERVL-MaLR	2130	+	181	147777220	13533
chr3	147763687	147963687	harbor2	chr3	147798653	147799250	LTR/ERVL-MaLR	2243	+	298	147798951	35264
chr3	147763687	147963687	harbor2	chr3	147800993	147801329	LTR/ERVL-MaLR	1371	+	168	147801161	37474
chr3	147763687	147963687	harbor2	chr3	147838655	147839057	LTR/ERVL-MaLR	1975	+	201	147838856	75169
chr3	147763687	147963687	harbor2	chr3	147843733	147844179	LTR/ERVL-MaLR	1855	+	223	147843956	80269
chr3	135581877	135781877	harbor2	chr3	135597751	135598082	LTR/ERVL-MaLR	1063	+	166	135597917	16040
chr3	135581877	135781877	harbor2	chr3	135610543	135610915	LTR/ERVL-MaLR	2528	+	186	135610729	28852
chr3	135581877	135781877	harbor2	chr3	135611378	135611602	LTR/ERVL-MaLR	2820	+	112	135611490	29613
chr3	135581877	135781877	harbor2	chr3	135611786	135611928	LTR/ERVL-MaLR	2817	+	71	135611857	29980
chr3	135581877	135781877	harbor2	chr3	135611929	135613452	LTR/ERVL-MaLR	11553	+	762	135612691	30814
chr3	135581877	135781877	harbor2	chr3	135613453	135613817	LTR/ERVL-MaLR	2860	+	182	135613635	31758
chr3	183346138	183546138	harbor2	chr3	183361331	183361711	LTR/ERVL-MaLR	2409	+	190	183361521	15383
chr3	183346138	183546138	harbor2	chr3	183383806	183383991	LTR/ERVL-MaLR	557	+	92	183383898	37760
chr3	183346138	183546138	harbor2	chr3	183385783	183385968	LTR/ERVL-MaLR	402	+	92	183385875	39737
chr3	183346138	183546138	harbor2	chr3	183396796	183397087	LTR/ERVL-MaLR	908	+	146	183396942	50804
chr3	183346138	183546138	harbor2	chr3	183398170	183398410	LTR/ERVL-MaLR	402	+	120	183398290	52152
chr3	183346138	183546138	harbor2	chr3	183431427	183431785	LTR/ERVL-MaLR	1638	+	179	183431606	85468
chr3	183346138	183546138	harbor2	chr3	183436436	183436800	LTR/ERVL-MaLR	1863	+	182	183436618	90480
chr3	174518543	174718543	harbor2	chr3	174522964	174523188	LTR/ERVL-MaLR	1602	+	112	174523076	4533
chr3	174518543	174718543	harbor2	chr3	174581678	174581881	LTR/ERVL-MaLR	485	+	102	174581780	63237
chr3	174518543	174718543	harbor2	chr3	174522228	174522386	LTR/ERVL-MaLR	1602	+	79	174522307	3764
chr3	194142880	194342880	harbor2	chr3	194154124	194154618	LTR/ERVL-MaLR	1047	+	247	194154371	11491
chr3	194142880	194342880	harbor2	chr3	194186628	194186915	LTR/ERVL-MaLR	1135	+	144	194186772	43892
chr3	194142880	194342880	harbor2	chr3	194187087	194187359	LTR/ERVL-MaLR	1238	+	136	194187223	44343
chr3	194142880	194342880	harbor2	chr3	194191849	194192226	LTR/ERVL-MaLR	2229	+	188	194192037	49157
chr3	194142880	194342880	harbor2	chr3	194201810	194202382	LTR/ERVL-MaLR	1598	+	286	194202096	59216
chr3	194142880	194342880	harbor2	chr3	194226717	194227079	LTR/ERVL-MaLR	2015	+	181	194226898	84018
chr3	194360080	194560080	harbor2	chr3	194392692	194393011	LTR/ERVL-MaLR	1342	+	160	194392852	32772
chr3	194222210	194422210	harbor2	chr3	194226717	194227079	LTR/ERVL-MaLR	2015	+	181	194226898	4688
chr3	194222210	194422210	harbor2	chr3	194259869	194260010	LTR/ERVL-MaLR	757	+	70	194259939	37729
chr3	194222210	194422210	harbor2	chr3	194260011	194260415	LTR/ERVL-MaLR	1997	+	202	194260213	38003
chr3	194222210	194422210	harbor2	chr3	194260416	194260607	LTR/ERVL-MaLR	757	+	96	194260512	38302
chr3	194222210	194422210	harbor2	chr3	194260724	194260866	LTR/ERVL-MaLR	417	+	71	194260795	38585
chr3	172082388	172282388	harbor2	chr3	172157847	172158200	LTR/ERVL-MaLR	1802	+	176	172158023	75635
chr3	186415162	186615162	harbor2	chr3	186453453	186453875	LTR/ERVL-MaLR	1489	+	211	186453664	38502
chr3	186415162	186615162	harbor2	chr3	186456815	186457340	LTR/ERVL-MaLR	2206	+	262	186457077	41915
chr3	186415162	186615162	harbor2	chr3	186459401	186459758	LTR/ERVL-MaLR	1615	+	178	186459579	44417
chr3	186415162	186615162	harbor2	chr3	186465887	186466029	LTR/ERVL-MaLR	558	+	71	186465958	50796
chr3	186415162	186615162	harbor2	chr3	186475545	186475946	LTR/ERVL-MaLR	1837	+	200	186475745	60583
chr3	186415162	186615162	harbor2	chr3	186483887	186484298	LTR/ERVL-MaLR	1381	+	206	186484093	68931
chr3	178257860	178457860	harbor2	chr3	178315778	178316314	LTR/ERVL-MaLR	1746	+	268	178316046	58186
chr3	178257860	178457860	harbor2	chr3	178339724	178340014	LTR/ERVL-MaLR	1041	+	145	178339869	82009
chr3	192576347	192776347	harbor2	chr3	192594512	192594886	LTR/ERVL-MaLR	1172	+	187	192594699	18352
chr3	192576347	192776347	harbor2	chr3	192629936	192630359	LTR/ERVL-MaLR	2845	+	212	192630148	53801
chr3	184220229	184420229	harbor2	chr3	184265379	184265446	LTR/ERVL-MaLR	1599	+	34	184265413	45184
chr3	184220229	184420229	harbor2	chr3	184265741	184265798	LTR/ERVL-MaLR	1599	+	28	184265769	45540
chr3	184220229	184420229	harbor2	chr3	184266151	184266492	LTR/ERVL-MaLR	1599	+	170	184266321	46092
chr3	184220229	184420229	harbor2	chr3	184270172	184270330	LTR/ERVL-MaLR	557	+	79	184270251	50022
chr3	184220229	184420229	harbor2	chr3	184270925	184271211	LTR/ERVL-MaLR	557	+	143	184271068	50839
chr3	192149615	192349615	harbor2	chr3	192189443	192189846	LTR/ERVL-MaLR	1441	+	202	192189645	40030
chr3	192149615	192349615	harbor2	chr3	192208954	192209152	LTR/ERVL-MaLR	401	+	99	192209053	59438
chr3	192149615	192349615	harbor2	chr3	192209262	192209469	LTR/ERVL-MaLR	641	+	104	192209366	59751
chr3	192149615	192349615	harbor2	chr3	192218315	192218715	LTR/ERVL-MaLR	2406	+	200	192218515	68900
chr3	192149615	192349615	harbor2	chr3	192226546	192226709	LTR/ERVL-MaLR	897	+	82	192226628	77013
chr3	192149615	192349615	harbor2	chr3	192226947	192227169	LTR/ERVL-MaLR	1177	+	111	192227058	77443
chr3	141850124	142050124	harbor2	chr3	141888610	141888972	LTR/ERVL-MaLR	2625	+	181	141888791	38667
chr3	141850124	142050124	harbor2	chr3	141923292	141923578	LTR/ERVL-MaLR	1843	+	143	141923435	73311
chr3	141850124	142050124	harbor2	chr3	141928901	141929086	LTR/ERVL-MaLR	653	+	92	141928993	78869
chr3	141850124	142050124	harbor2	chr3	141929155	141929363	LTR/ERVL-MaLR	730	+	104	141929259	79135
chr3	188837705	189037705	harbor2	chr3	188852396	188852790	LTR/ERVL-MaLR	2290	+	197	188852593	14888
chr3	188837705	189037705	harbor2	chr3	188920232	188920622	LTR/ERVL-MaLR	2405	+	195	188920427	82722
chr3	186166894	186366894	harbor2	chr3	186177872	186178229	LTR/ERVL-MaLR	1562	+	178	186178050	11156
chr3	186166894	186366894	harbor2	chr3	186228868	186229245	LTR/ERVL-MaLR	1986	+	188	186229056	62162
chr3	186166894	186366894	harbor2	chr3	186229545	186229641	LTR/ERVL-MaLR	1986	+	48	186229593	62699
chr3	186166894	186366894	harbor2	chr3	186233027	186233470	LTR/ERVL-MaLR	1905	+	222	186233249	66355
chr3	186166894	186366894	harbor2	chr3	186233783	186233848	LTR/ERVL-MaLR	1905	+	32	186233815	66921
chr3	114679858	114879858	harbor2	chr3	114730422	114730801	LTR/ERVL-MaLR	1497	+	190	114730612	50754
chr3	114679858	114879858	harbor2	chr3	114765202	114765656	LTR/ERVL-MaLR	2378	+	227	114765429	85571
chr3	114679858	114879858	harbor2	chr3	114772753	114773339	LTR/ERVL-MaLR	2228	+	293	114773046	93188
chr3	114679858	114879858	harbor2	chr3	114776187	114776668	LTR/ERVL-MaLR	1822	+	240	114776427	96569
chr3	81839121	82039121	harbor2	chr3	81842502	81842899	LTR/ERVL-MaLR	620	+	198	81842700	3579
chr3	81839121	82039121	harbor2	chr3	81855338	81855666	LTR/ERVL-MaLR	2404	+	164	81855502	16381
chr3	81839121	82039121	harbor2	chr3	81855965	81856015	LTR/ERVL-MaLR	2404	+	25	81855990	16869
chr3	81839121	82039121	harbor2	chr3	81875925	81876087	LTR/ERVL-MaLR	2638	+	81	81876006	36885
chr3	81839121	82039121	harbor2	chr3	81876395	81876705	LTR/ERVL-MaLR	2638	+	155	81876550	37429
chr3	81839121	82039121	harbor2	chr3	81907144	81907495	LTR/ERVL-MaLR	2221	+	176	81907320	68199
chr3	81839121	82039121	harbor2	chr3	81921644	81922015	LTR/ERVL-MaLR	458	+	186	81921830	82709
chr3	108581324	108781324	harbor2	chr3	108599618	108599949	LTR/ERVL-MaLR	1481	+	166	108599784	18460
chr3	160272170	160472170	harbor2	chr3	160308758	160309100	LTR/ERVL-MaLR	2026	+	171	160308929	36759
chr3	160272170	160472170	harbor2	chr3	160315954	160316530	LTR/ERVL-MaLR	2506	+	288	160316242	44072
chr3	160272170	160472170	harbor2	chr3	160316584	160317017	LTR/ERVL-MaLR	872	+	216	160316800	44630
chr3	160272170	160472170	harbor2	chr3	160341516	160341947	LTR/ERVL-MaLR	766	+	216	160341732	69562
chr3	189932515	190132515	harbor2	chr3	189977104	189977596	LTR/ERVL-MaLR	1169	+	246	189977350	44835
chr3	189932515	190132515	harbor2	chr3	190010328	190010745	LTR/ERVL-MaLR	1647	+	208	190010536	78021
chr3	185462160	185662160	harbor2	chr3	185464329	185464701	LTR/ERVL-MaLR	2420	+	186	185464515	2355
chr3	185462160	185662160	harbor2	chr3	185504420	185504792	LTR/ERVL-MaLR	2506	+	186	185504606	42446
chr3	129158473	129358473	harbor2	chr3	129163814	129163927	LTR/ERVL-MaLR	579	+	56	129163870	5397
chr3	129158473	129358473	harbor2	chr3	129203044	129203414	LTR/ERVL-MaLR	1989	+	185	129203229	44756
chr3	129158473	129358473	harbor2	chr3	129235482	129235985	LTR/ERVL-MaLR	1288	+	252	129235734	77261
chr3	176316278	176516278	harbor2	chr3	176338500	176338575	LTR/ERVL-MaLR	432	+	38	176338538	22260
chr3	176316278	176516278	harbor2	chr3	176356775	176356846	LTR/ERVL-MaLR	764	+	36	176356811	40533
chr3	176316278	176516278	harbor2	chr3	176374812	176375361	LTR/ERVL-MaLR	467	+	274	176375086	58808
chr3	176316278	176516278	harbor2	chr3	176357138	176357378	LTR/ERVL-MaLR	764	+	120	176357258	40980
chr3	192730605	192930605	harbor2	chr3	192736324	192736688	LTR/ERVL-MaLR	1816	+	182	192736506	5901
chr3	192730605	192930605	harbor2	chr3	192753081	192753484	LTR/ERVL-MaLR	1199	+	202	192753283	22678
chr3	192730605	192930605	harbor2	chr3	192774162	192774515	LTR/ERVL-MaLR	2573	+	176	192774338	43733
chr3	192730605	192930605	harbor2	chr3	192774516	192776032	LTR/ERVL-MaLR	10980	+	758	192775274	44669
chr3	192730605	192930605	harbor2	chr3	192776033	192776386	LTR/ERVL-MaLR	2684	+	176	192776209	45604
chr3	192730605	192930605	harbor2	chr3	192785387	192785779	LTR/ERVL-MaLR	1887	+	196	192785583	54978
chr3	192730605	192930605	harbor2	chr3	192801439	192801799	LTR/ERVL-MaLR	2034	+	180	192801619	71014
chr3	192730605	192930605	harbor2	chr3	192827836	192828195	LTR/ERVL-MaLR	2144	+	180	192828016	97411
chr3	177696616	177896616	harbor2	chr3	177749320	177749685	LTR/ERVL-MaLR	1514	+	182	177749502	52886
chr3	177696616	177896616	harbor2	chr3	177785300	177785516	LTR/ERVL-MaLR	588	+	108	177785408	88792
chr3	177696616	177896616	harbor2	chr3	177786105	177786660	LTR/ERVL-MaLR	1380	+	278	177786383	89767
chr3	124312167	124512167	harbor2	chr3	124374010	124374331	LTR/ERVL-MaLR	1605	+	160	124374170	62003
chr3	147066064	147266064	harbor2	chr3	147078176	147078635	LTR/ERVL-MaLR	1874	+	230	147078406	12342
chr3	147066064	147266064	harbor2	chr3	147078659	147078984	LTR/ERVL-MaLR	1279	+	162	147078821	12757
chr3	147066064	147266064	harbor2	chr3	147101322	147101583	LTR/ERVL-MaLR	472	+	130	147101452	35388
chr3	147066064	147266064	harbor2	chr3	147104132	147104475	LTR/ERVL-MaLR	2049	+	172	147104304	38240
chr3	147066064	147266064	harbor2	chr3	147115348	147115852	LTR/ERVL-MaLR	1643	+	252	147115600	49536
chr3	147066064	147266064	harbor2	chr3	147138347	147138688	LTR/ERVL-MaLR	1784	+	170	147138517	72453
chr3	147066064	147266064	harbor2	chr3	147156592	147156803	LTR/ERVL-MaLR	468	+	106	147156698	90634
chr3	42690649	42890649	harbor2	chr3	42712482	42712814	LTR/ERVL-MaLR	852	+	166	42712648	21999
chr3	42690649	42890649	harbor2	chr3	42715763	42716007	LTR/ERVL-MaLR	1349	+	122	42715885	25236
chr3	42690649	42890649	harbor2	chr3	42728958	42729174	LTR/ERVL-MaLR	793	+	108	42729066	38417
chr3	42690649	42890649	harbor2	chr3	42742020	42742374	LTR/ERVL-MaLR	905	+	177	42742197	51548
chr3	42690649	42890649	harbor2	chr3	42742392	42742489	LTR/ERVL-MaLR	463	+	48	42742440	51791
chr3	42690649	42890649	harbor2	chr3	42753072	42753329	LTR/ERVL-MaLR	421	+	128	42753200	62551
chr3	184718575	184918575	harbor2	chr3	184725770	184726122	LTR/ERVL-MaLR	1968	+	176	184725946	7371
chr3	184718575	184918575	harbor2	chr3	184804277	184804441	LTR/ERVL-MaLR	624	+	82	184804359	85784
chr3	184718575	184918575	harbor2	chr3	184804443	184804590	LTR/ERVL-MaLR	2289	+	74	184804517	85942
chr3	184718575	184918575	harbor2	chr3	184804888	184805334	LTR/ERVL-MaLR	2289	+	223	184805111	86536
chr3	184718575	184918575	harbor2	chr3	184805335	184805481	LTR/ERVL-MaLR	441	+	73	184805408	86833
chr3	69567932	69767932	harbor2	chr3	69571816	69572158	LTR/ERVL-MaLR	1474	+	171	69571987	4055
chr3	69567932	69767932	harbor2	chr3	69608615	69608740	LTR/ERVL-MaLR	470	+	62	69608677	40745
chr3	69567932	69767932	harbor2	chr3	69608843	69609205	LTR/ERVL-MaLR	2209	+	181	69609024	41092
chr3	69567932	69767932	harbor2	chr3	69609206	69610785	LTR/ERVL-MaLR	11490	+	790	69609996	42064
chr3	69567932	69767932	harbor2	chr3	69610786	69611130	LTR/ERVL-MaLR	2161	+	172	69610958	43026
chr3	69567932	69767932	harbor2	chr3	69611131	69611418	LTR/ERVL-MaLR	470	+	144	69611275	43343
chr3	69567932	69767932	harbor2	chr3	69619832	69620306	LTR/ERVL-MaLR	1467	+	237	69620069	52137
chr3	69567932	69767932	harbor2	chr3	69652224	69652585	LTR/ERVL-MaLR	1642	+	180	69652404	84472
chr3	164181606	164381606	harbor2	chr3	164185330	164185655	LTR/ERVL-MaLR	1519	+	162	164185492	3886
chr3	164181606	164381606	harbor2	chr3	164186061	164186417	LTR/ERVL-MaLR	1039	+	178	164186239	4633
chr3	164181606	164381606	harbor2	chr3	164202097	164202290	LTR/ERVL-MaLR	1655	+	96	164202193	20587
chr3	164181606	164381606	harbor2	chr3	164202340	164203519	LTR/ERVL-MaLR	1655	+	590	164202930	21324
chr3	164181606	164381606	harbor2	chr3	164224079	164224590	LTR/ERVL-MaLR	1328	+	256	164224335	42729
chr3	164181606	164381606	harbor2	chr3	164230615	164231092	LTR/ERVL-MaLR	1186	+	238	164230853	49247
chr3	164181606	164381606	harbor2	chr3	164250009	164250421	LTR/ERVL-MaLR	1580	+	206	164250215	68609
chr3	164181606	164381606	harbor2	chr3	164270837	164271290	LTR/ERVL-MaLR	1716	+	226	164271063	89457
chr3	164181606	164381606	harbor2	chr3	164271300	164271694	LTR/ERVL-MaLR	1409	+	197	164271497	89891
chr3	130418039	130618039	harbor2	chr3	130479033	130479394	LTR/ERVL-MaLR	1845	+	180	130479213	61174
chr3	130418039	130618039	harbor2	chr3	130493108	130493462	LTR/ERVL-MaLR	1463	+	177	130493285	75246
chr3	130418039	130618039	harbor2	chr3	130494097	130494546	LTR/ERVL-MaLR	2256	+	224	130494321	76282
chr3	130418039	130618039	harbor2	chr3	130504098	130504587	LTR/ERVL-MaLR	1478	+	244	130504342	86303
chr3	130418039	130618039	harbor2	chr3	130508166	130508396	LTR/ERVL-MaLR	1051	+	115	130508281	90242
chr3	182748486	182948486	harbor2	chr3	182751959	182752481	LTR/ERVL-MaLR	2192	+	261	182752220	3734
chr3	195325420	195525420	harbor2	chr3	195330650	195330951	LTR/ERVL-MaLR	1244	+	150	195330800	5380
chr3	195325420	195525420	harbor2	chr3	195332573	195332949	LTR/ERVL-MaLR	2562	+	188	195332761	7341
chr3	195325420	195525420	harbor2	chr3	195352633	195352826	LTR/ERVL-MaLR	1026	+	96	195352729	27309
chr3	195325420	195525420	harbor2	chr3	195353099	195353230	LTR/ERVL-MaLR	1026	+	66	195353165	27745
chr3	195325420	195525420	harbor2	chr3	195353229	195353375	LTR/ERVL-MaLR	785	+	73	195353302	27882
chr3	195325420	195525420	harbor2	chr3	195367509	195367997	LTR/ERVL-MaLR	534	+	244	195367753	42333
chr3	195325420	195525420	harbor2	chr3	195410708	195411087	LTR/ERVL-MaLR	1811	+	190	195410898	85478
chr3	99641127	99841127	harbor2	chr3	99731947	99732135	LTR/ERVL-MaLR	661	+	94	99732041	90914
chr3	187821813	188021813	harbor2	chr3	187826834	187827232	LTR/ERVL-MaLR	1783	+	199	187827033	5220
chr3	187821813	188021813	harbor2	chr3	187872826	187873369	LTR/ERVL-MaLR	1500	+	272	187873098	51285
chr3	187821813	188021813	harbor2	chr3	187898289	187898560	LTR/ERVL-MaLR	965	+	136	187898425	76612
chr3	142894737	143094737	harbor2	chr3	142904734	142905075	LTR/ERVL-MaLR	461	+	170	142904904	10167
chr3	142894737	143094737	harbor2	chr3	142937407	142937620	LTR/ERVL-MaLR	650	+	106	142937513	42776
chr3	142894737	143094737	harbor2	chr3	142979191	142979600	LTR/ERVL-MaLR	2353	+	204	142979395	84658
chr3	142894737	143094737	harbor2	chr3	142990673	142991028	LTR/ERVL-MaLR	1945	+	178	142990851	96114
chr3	129172198	129372198	harbor2	chr3	129203044	129203414	LTR/ERVL-MaLR	1989	+	185	129203229	31031
chr3	129172198	129372198	harbor2	chr3	129235482	129235985	LTR/ERVL-MaLR	1288	+	252	129235734	63536
chr3	78376820	78576820	harbor2	chr3	78381515	78381840	LTR/ERVL-MaLR	1292	+	162	78381677	4857
chr3	78376820	78576820	harbor2	chr3	78389093	78389465	LTR/ERVL-MaLR	2834	+	186	78389279	12459
chr3	78376820	78576820	harbor2	chr3	78389466	78391053	LTR/ERVL-MaLR	9535	+	794	78390260	13440
chr3	78376820	78576820	harbor2	chr3	78391056	78391430	LTR/ERVL-MaLR	2415	+	187	78391243	14423
chr3	78376820	78576820	harbor2	chr3	78411674	78412033	LTR/ERVL-MaLR	1552	+	180	78411854	35034
chr3	78376820	78576820	harbor2	chr3	78415638	78415800	LTR/ERVL-MaLR	494	+	81	78415719	38899
chr3	105980377	106180377	harbor2	chr3	106007575	106007936	LTR/ERVL-MaLR	2385	+	180	106007755	27378
chr3	105980377	106180377	harbor2	chr3	106018051	106018388	LTR/ERVL-MaLR	1727	+	168	106018219	37842
chr3	105980377	106180377	harbor2	chr3	106028924	106029318	LTR/ERVL-MaLR	1936	+	197	106029121	48744
chr3	105980377	106180377	harbor2	chr3	106036608	106036977	LTR/ERVL-MaLR	595	+	184	106036792	56415
chr3	105980377	106180377	harbor2	chr3	106042467	106042819	LTR/ERVL-MaLR	1826	+	176	106042643	62266
chr3	105980377	106180377	harbor2	chr3	106067742	106068141	LTR/ERVL-MaLR	2178	+	200	106067942	87565
chr3	132710912	132910912	harbor2	chr3	132718487	132718800	LTR/ERVL-MaLR	898	+	156	132718643	7731
chr3	132710912	132910912	harbor2	chr3	132724620	132725089	LTR/ERVL-MaLR	1702	+	234	132724854	13942
chr3	132710912	132910912	harbor2	chr3	132749210	132749588	LTR/ERVL-MaLR	1125	+	189	132749399	38487
chr3	132710912	132910912	harbor2	chr3	132781980	132782216	LTR/ERVL-MaLR	744	+	118	132782098	71186
chr3	132710912	132910912	harbor2	chr3	132787772	132788114	LTR/ERVL-MaLR	1466	+	171	132787943	77031
chr3	132710912	132910912	harbor2	chr3	132788897	132789020	LTR/ERVL-MaLR	1129	+	62	132788959	78047
chr3	132710912	132910912	harbor2	chr3	132789311	132789532	LTR/ERVL-MaLR	1129	+	110	132789421	78509
chr3	174820738	175020738	harbor2	chr3	174899309	174899730	LTR/ERVL-MaLR	2430	+	210	174899519	78781
chr3	174820738	175020738	harbor2	chr3	174906286	174906845	LTR/ERVL-MaLR	1777	+	280	174906566	85828
chr3	196556187	196756187	harbor2	chr3	196594504	196594894	LTR/ERVL-MaLR	2395	+	195	196594699	38512
chr3	196556187	196756187	harbor2	chr3	196595196	196595265	LTR/ERVL-MaLR	2395	+	34	196595230	39043
chr3	196556187	196756187	harbor2	chr3	196620286	196620695	LTR/ERVL-MaLR	1210	+	204	196620490	64303
chr3	168078660	168278660	harbor2	chr3	168083780	168083979	LTR/ERVL-MaLR	672	+	100	168083880	5220
chr3	168078660	168278660	harbor2	chr3	168084029	168084371	LTR/ERVL-MaLR	1829	+	171	168084200	5540
chr3	168078660	168278660	harbor2	chr3	168084372	168084688	LTR/ERVL-MaLR	1059	+	158	168084530	5870
chr3	168078660	168278660	harbor2	chr3	168084695	168086038	LTR/ERVL-MaLR	5480	+	672	168085367	6707
chr3	168078660	168278660	harbor2	chr3	168114970	168115230	LTR/ERVL-MaLR	649	+	130	168115100	36440
chr3	168078660	168278660	harbor2	chr3	168134942	168135252	LTR/ERVL-MaLR	1962	+	155	168135097	56437
chr3	168078660	168278660	harbor2	chr3	168151541	168151917	LTR/ERVL-MaLR	1917	+	188	168151729	73069
chr3	168078660	168278660	harbor2	chr3	168151918	168153540	LTR/ERVL-MaLR	10878	+	811	168152729	74069
chr3	168078660	168278660	harbor2	chr3	168153541	168153923	LTR/ERVL-MaLR	2084	+	191	168153732	75072
chr3	143551626	143751626	harbor2	chr3	143555020	143555380	LTR/ERVL-MaLR	2176	+	180	143555200	3574
chr3	143551626	143751626	harbor2	chr3	143557002	143557361	LTR/ERVL-MaLR	2203	+	180	143557182	5556
chr3	143551626	143751626	harbor2	chr3	143557362	143558873	LTR/ERVL-MaLR	9299	+	756	143558118	6492
chr3	143551626	143751626	harbor2	chr3	143558874	143559232	LTR/ERVL-MaLR	2145	+	179	143559053	7427
chr3	143551626	143751626	harbor2	chr3	143603290	143603776	LTR/ERVL-MaLR	1495	+	243	143603533	51907
chr3	143551626	143751626	harbor2	chr3	143643814	143644229	LTR/ERVL-MaLR	407	+	208	143644022	92396
chr3	174853697	175053697	harbor2	chr3	174899309	174899730	LTR/ERVL-MaLR	2430	+	210	174899519	45822
chr3	174853697	175053697	harbor2	chr3	174906286	174906845	LTR/ERVL-MaLR	1777	+	280	174906566	52869
chr3	57304370	57504370	harbor2	chr3	57313117	57313276	LTR/ERVL-MaLR	642	+	80	57313197	8827
chr3	57304370	57504370	harbor2	chr3	57313815	57314089	LTR/ERVL-MaLR	642	+	137	57313952	9582
chr3	57304370	57504370	harbor2	chr3	57314152	57314342	LTR/ERVL-MaLR	597	+	95	57314247	9877
chr3	57304370	57504370	harbor2	chr3	57316570	57316953	LTR/ERVL-MaLR	2284	+	192	57316762	12392
chr3	57304370	57504370	harbor2	chr3	57373134	57373303	LTR/ERVL-MaLR	409	+	84	57373218	68848
chr3	57304370	57504370	harbor2	chr3	57387539	57388005	LTR/ERVL-MaLR	836	+	233	57387772	83402
chr3	57304370	57504370	harbor2	chr3	57394363	57394842	LTR/ERVL-MaLR	820	+	240	57394603	90233
chr3	91495084	91695084	harbor2	chr3	91504789	91505361	LTR/ERVL-MaLR	2007	+	286	91505075	9991
chr3	170382953	170582953	harbor2	chr3	170440701	170441137	LTR/ERVL-MaLR	586	+	218	170440919	57966
chr3	194974835	195174835	harbor2	chr3	194982466	194982923	LTR/ERVL-MaLR	1170	+	228	194982694	7859
chr3	194974835	195174835	harbor2	chr3	195006144	195006277	LTR/ERVL-MaLR	597	+	66	195006210	31375
chr3	194974835	195174835	harbor2	chr3	195036945	195037370	LTR/ERVL-MaLR	1062	+	212	195037157	62322
chr3	174984077	175184077	harbor2	chr3	175021855	175022267	LTR/ERVL-MaLR	2055	+	206	175022061	37984
chr3	174984077	175184077	harbor2	chr3	175042761	175043180	LTR/ERVL-MaLR	1994	+	210	175042971	58894
chr3	80379818	80579818	harbor2	chr3	80403253	80403541	LTR/ERVL-MaLR	1107	+	144	80403397	23579
chr3	80379818	80579818	harbor2	chr3	80404120	80404169	LTR/ERVL-MaLR	1107	+	24	80404144	24326
chr3	80379818	80579818	harbor2	chr3	80426749	80427103	LTR/ERVL-MaLR	2109	+	177	80426926	47108
chr3	80379818	80579818	harbor2	chr3	80459973	80460166	LTR/ERVL-MaLR	2007	+	96	80460069	80251
chr3	80379818	80579818	harbor2	chr3	80460459	80460693	LTR/ERVL-MaLR	2007	+	117	80460576	80758
chr3	80379818	80579818	harbor2	chr3	80462028	80462406	LTR/ERVL-MaLR	693	+	189	80462217	82399
chr3	80379818	80579818	harbor2	chr3	80471528	80471884	LTR/ERVL-MaLR	2222	+	178	80471706	91888
chr3	80379818	80579818	harbor2	chr3	80471932	80473477	LTR/ERVL-MaLR	8195	+	772	80472704	92886
chr3	80379818	80579818	harbor2	chr3	80473478	80473841	LTR/ERVL-MaLR	2389	+	182	80473660	93842
chr3	80379818	80579818	harbor2	chr3	80412497	80412725	LTR/ERVL-MaLR	436	+	114	80412611	32793
chr3	94364214	94564214	harbor2	chr3	94364320	94364675	LTR/ERVL-MaLR	1788	+	178	94364498	284
chr3	94364214	94564214	harbor2	chr3	94364806	94365460	LTR/ERVL-MaLR	2441	+	327	94365133	919
chr3	94364214	94564214	harbor2	chr3	94396907	94397071	LTR/ERVL-MaLR	598	+	82	94396989	32775
chr3	94364214	94564214	harbor2	chr3	94397511	94397671	LTR/ERVL-MaLR	641	+	80	94397591	33377
chr3	94364214	94564214	harbor2	chr3	94426236	94427068	LTR/ERVL-MaLR	5741	+	416	94426652	62438
chr3	94364214	94564214	harbor2	chr3	94427069	94427427	LTR/ERVL-MaLR	2228	+	179	94427248	63034
chr3	94364214	94564214	harbor2	chr3	94437240	94437618	LTR/ERVL-MaLR	1911	+	189	94437429	73215
chr3	196530737	196730737	harbor2	chr3	196547457	196547612	LTR/ERVL-MaLR	1135	+	78	196547535	16798
chr3	196530737	196730737	harbor2	chr3	196548095	196548296	LTR/ERVL-MaLR	1247	+	100	196548195	17458
chr3	196530737	196730737	harbor2	chr3	196548297	196548717	LTR/ERVL-MaLR	11962	+	210	196548507	17770
chr3	196530737	196730737	harbor2	chr3	196549020	196550171	LTR/ERVL-MaLR	11962	+	576	196549596	18859
chr3	196530737	196730737	harbor2	chr3	196550172	196550530	LTR/ERVL-MaLR	2369	+	179	196550351	19614
chr3	196530737	196730737	harbor2	chr3	196552769	196552874	LTR/ERVL-MaLR	557	+	52	196552821	22084
chr3	196530737	196730737	harbor2	chr3	196594504	196594894	LTR/ERVL-MaLR	2395	+	195	196594699	63962
chr3	196530737	196730737	harbor2	chr3	196595196	196595265	LTR/ERVL-MaLR	2395	+	34	196595230	64493
chr3	196530737	196730737	harbor2	chr3	196620286	196620695	LTR/ERVL-MaLR	1210	+	204	196620490	89753
chr3	115744367	115944367	harbor2	chr3	115759217	115759599	LTR/ERVL-MaLR	506	+	191	115759408	15041
chr3	115744367	115944367	harbor2	chr3	115764499	115764633	LTR/ERVL-MaLR	575	+	67	115764566	20199
chr3	115744367	115944367	harbor2	chr3	115768336	115768436	LTR/ERVL-MaLR	488	+	50	115768386	24019
chr3	115744367	115944367	harbor2	chr3	115774784	115774919	LTR/ERVL-MaLR	1851	+	68	115774852	30485
chr3	115744367	115944367	harbor2	chr3	115775223	115775460	LTR/ERVL-MaLR	1851	+	118	115775341	30974
chr3	176893865	177093865	harbor2	chr3	176958475	176958844	LTR/ERVL-MaLR	1173	+	184	176958659	64794
chr3	176893865	177093865	harbor2	chr3	176978574	176978806	LTR/ERVL-MaLR	632	+	116	176978690	84825
chr3	191475634	191675634	harbor2	chr3	191482076	191482420	LTR/ERVL-MaLR	1965	+	172	191482248	6614
chr3	191475634	191675634	harbor2	chr3	191482421	191483996	LTR/ERVL-MaLR	11841	+	788	191483209	7575
chr3	191475634	191675634	harbor2	chr3	191483997	191484348	LTR/ERVL-MaLR	2333	+	176	191484173	8539
chr3	191475634	191675634	harbor2	chr3	191511650	191512014	LTR/ERVL-MaLR	1992	+	182	191511832	36198
chr3	191475634	191675634	harbor2	chr3	191522592	191522706	LTR/ERVL-MaLR	469	+	57	191522649	47015
chr3	191475634	191675634	harbor2	chr3	191560768	191560880	LTR/ERVL-MaLR	2045	+	56	191560824	85190
chr3	191475634	191675634	harbor2	chr3	191561279	191561577	LTR/ERVL-MaLR	2045	+	149	191561428	85794
chr3	191475634	191675634	harbor2	chr3	191573149	191573551	LTR/ERVL-MaLR	2061	+	201	191573350	97716
chr3	182201849	182401849	harbor2	chr3	182262841	182262937	LTR/ERVL-MaLR	400	+	48	182262889	61040
chr3	182201849	182401849	harbor2	chr3	182263448	182263674	LTR/ERVL-MaLR	1144	+	113	182263561	61712
chr3	161835301	162035301	harbor2	chr3	161836715	161837114	LTR/ERVL-MaLR	654	+	200	161836915	1614
chr3	161835301	162035301	harbor2	chr3	161837115	161837761	LTR/ERVL-MaLR	2729	+	323	161837438	2137
chr3	161835301	162035301	harbor2	chr3	161838759	161839170	LTR/ERVL-MaLR	1895	+	206	161838965	3664
chr3	161835301	162035301	harbor2	chr3	161839174	161839502	LTR/ERVL-MaLR	1286	+	164	161839338	4037
chr3	161835301	162035301	harbor2	chr3	161871706	161872135	LTR/ERVL-MaLR	1232	+	214	161871920	36619
chr3	161835301	162035301	harbor2	chr3	161883927	161884338	LTR/ERVL-MaLR	2121	+	206	161884133	48832
chr3	161835301	162035301	harbor2	chr3	161884339	161885939	LTR/ERVL-MaLR	8339	+	800	161885139	49838
chr3	161835301	162035301	harbor2	chr3	161885940	161886356	LTR/ERVL-MaLR	2134	+	208	161886148	50847
chr3	161835301	162035301	harbor2	chr3	161911011	161911374	LTR/ERVL-MaLR	442	+	182	161911193	75892
chr3	161835301	162035301	harbor2	chr3	161911677	161911776	LTR/ERVL-MaLR	442	+	50	161911727	76426
chr3	161835301	162035301	harbor2	chr3	161919687	161920079	LTR/ERVL-MaLR	1968	+	196	161919883	84582
chr3	161835301	162035301	harbor2	chr3	161925034	161925397	LTR/ERVL-MaLR	1958	+	182	161925216	89915
chr3	161835301	162035301	harbor2	chr3	161925400	161925962	LTR/ERVL-MaLR	2976	+	281	161925681	90380
chr3	161835301	162035301	harbor2	chr3	161926339	161927205	LTR/ERVL-MaLR	6008	+	433	161926772	91471
chr3	161835301	162035301	harbor2	chr3	161927206	161927568	LTR/ERVL-MaLR	1970	+	181	161927387	92086
chr3	183857819	184057819	harbor2	chr3	183879245	183879623	LTR/ERVL-MaLR	976	+	189	183879434	21615
chr3	183857819	184057819	harbor2	chr3	183900491	183900590	LTR/ERVL-MaLR	2410	+	50	183900541	42722
chr3	183857819	184057819	harbor2	chr3	183900905	183900930	LTR/ERVL-MaLR	2410	+	12	183900917	43098
chr3	183857819	184057819	harbor2	chr3	183901226	183901652	LTR/ERVL-MaLR	2410	+	213	183901439	43620
chr3	183857819	184057819	harbor2	chr3	183918568	183918869	LTR/ERVL-MaLR	533	+	150	183918718	60899
chr3	183857819	184057819	harbor2	chr3	183930432	183930881	LTR/ERVL-MaLR	1855	+	224	183930656	72837
chr3	183857819	184057819	harbor2	chr3	183935988	183936367	LTR/ERVL-MaLR	1232	+	190	183936178	78359
chr3	183857819	184057819	harbor2	chr3	183944843	183945223	LTR/ERVL-MaLR	1888	+	190	183945033	87214
chr3	183857819	184057819	harbor2	chr3	183952470	183952841	LTR/ERVL-MaLR	2032	+	186	183952656	94837
chr3	164740484	164940484	harbor2	chr3	164767465	164768146	LTR/ERVL-MaLR	948	+	340	164767805	27321
chr3	164740484	164940484	harbor2	chr3	164769556	164769764	LTR/ERVL-MaLR	462	+	104	164769660	29176
chr3	164740484	164940484	harbor2	chr3	164772516	164772671	LTR/ERVL-MaLR	717	+	78	164772594	32110
chr3	164740484	164940484	harbor2	chr3	164804245	164804570	LTR/ERVL-MaLR	754	+	162	164804407	63923
chr3	164740484	164940484	harbor2	chr3	164831594	164831960	LTR/ERVL-MaLR	1918	+	183	164831777	91293
chr3	168274428	168474428	harbor2	chr3	168320318	168320765	LTR/ERVL-MaLR	2893	+	224	168320542	46114
chr3	168274428	168474428	harbor2	chr3	168334421	168334774	LTR/ERVL-MaLR	1763	+	176	168334597	60169
chr3	168274428	168474428	harbor2	chr3	168336096	168336462	LTR/ERVL-MaLR	1239	+	183	168336279	61851
chr3	168274428	168474428	harbor2	chr3	168340384	168340910	LTR/ERVL-MaLR	1567	+	263	168340647	66219
chr3	168274428	168474428	harbor2	chr3	168370990	168371192	LTR/ERVL-MaLR	478	+	101	168371091	96663
chr3	168274428	168474428	harbor2	chr3	168373531	168373962	LTR/ERVL-MaLR	1884	+	216	168373747	99319
chr3	131694563	131894563	harbor2	chr3	131701307	131701728	LTR/ERVL-MaLR	1392	+	210	131701517	6954
chr3	131694563	131894563	harbor2	chr3	131704838	131704989	LTR/ERVL-MaLR	657	+	76	131704914	10351
chr3	131694563	131894563	harbor2	chr3	131730473	131730946	LTR/ERVL-MaLR	2324	+	236	131730709	36146
chr3	131694563	131894563	harbor2	chr3	131756745	131757097	LTR/ERVL-MaLR	2683	+	176	131756921	62358
chr3	131694563	131894563	harbor2	chr3	131757098	131758664	LTR/ERVL-MaLR	11880	+	783	131757881	63318
chr3	131694563	131894563	harbor2	chr3	131758666	131759019	LTR/ERVL-MaLR	2635	+	176	131758842	64279
chr3	131694563	131894563	harbor2	chr3	131771307	131771741	LTR/ERVL-MaLR	2432	+	217	131771524	76961
chr3	131694563	131894563	harbor2	chr3	131774080	131774495	LTR/ERVL-MaLR	851	+	208	131774288	79725
chr3	131694563	131894563	harbor2	chr3	131775425	131775790	LTR/ERVL-MaLR	2400	+	182	131775607	81044
chr3	131694563	131894563	harbor2	chr3	131694410	131694961	LTR/ERVL-MaLR	1331	+	276	131694686	123
chr3	137000372	137200372	harbor2	chr3	137038543	137039003	LTR/ERVL-MaLR	2106	+	230	137038773	38401
chr3	137000372	137200372	harbor2	chr3	137048393	137048793	LTR/ERVL-MaLR	2016	+	200	137048593	48221
chr3	137000372	137200372	harbor2	chr3	137056742	137057222	LTR/ERVL-MaLR	2159	+	240	137056982	56610
chr3	137000372	137200372	harbor2	chr3	137057806	137058160	LTR/ERVL-MaLR	2200	+	177	137057983	57611
chr3	137000372	137200372	harbor2	chr3	137058449	137058520	LTR/ERVL-MaLR	2200	+	36	137058485	58113
chr3	137000372	137200372	harbor2	chr3	137071316	137071740	LTR/ERVL-MaLR	795	+	212	137071528	71156
chr3	137000372	137200372	harbor2	chr3	137081173	137081538	LTR/ERVL-MaLR	1391	+	182	137081355	80983
chr3	137000372	137200372	harbor2	chr3	137087237	137087598	LTR/ERVL-MaLR	2032	+	180	137087417	87045
chr3	137000372	137200372	harbor2	chr3	137084668	137084969	LTR/ERVL-MaLR	691	+	150	137084818	84446
chr3	192528866	192728866	harbor2	chr3	192574767	192574982	LTR/ERVL-MaLR	1119	+	108	192574875	46009
chr3	192528866	192728866	harbor2	chr3	192594512	192594886	LTR/ERVL-MaLR	1172	+	187	192594699	65833
chr3	190749329	190949329	harbor2	chr3	190763628	190764028	LTR/ERVL-MaLR	1971	+	200	190763828	14499
chr3	190749329	190949329	harbor2	chr3	190782485	190782670	LTR/ERVL-MaLR	547	+	92	190782577	33248
chr3	190749329	190949329	harbor2	chr3	190789974	190790157	LTR/ERVL-MaLR	901	+	92	190790066	40737
chr3	190749329	190949329	harbor2	chr3	190790153	190790692	LTR/ERVL-MaLR	1788	+	270	190790423	41094
chr3	190749329	190949329	harbor2	chr3	190799509	190799876	LTR/ERVL-MaLR	1649	+	184	190799693	50364
chr3	190749329	190949329	harbor2	chr3	190800198	190800537	LTR/ERVL-MaLR	2600	+	170	190800368	51039
chr3	190749329	190949329	harbor2	chr3	190800538	190800651	LTR/ERVL-MaLR	740	+	56	190800594	51265
chr3	190749329	190949329	harbor2	chr3	190800732	190801414	LTR/ERVL-MaLR	5162	+	341	190801073	51744
chr3	190749329	190949329	harbor2	chr3	190801415	190801651	LTR/ERVL-MaLR	2580	+	118	190801533	52204
chr3	190749329	190949329	harbor2	chr3	190801962	190802089	LTR/ERVL-MaLR	2580	+	64	190802026	52697
chr3	190749329	190949329	harbor2	chr3	190817059	190817422	LTR/ERVL-MaLR	1154	+	182	190817241	67912
chr3	190749329	190949329	harbor2	chr3	190835348	190835430	LTR/ERVL-MaLR	513	+	41	190835389	86060
chr3	190749329	190949329	harbor2	chr3	190835431	190835795	LTR/ERVL-MaLR	2031	+	182	190835613	86284
chr3	190749329	190949329	harbor2	chr3	190845367	190845451	LTR/ERVL-MaLR	469	+	42	190845409	96080
chr3	102827992	103027992	harbor2	chr3	102828500	102828875	LTR/ERVL-MaLR	1328	+	188	102828688	696
chr3	102827992	103027992	harbor2	chr3	102851949	102852357	LTR/ERVL-MaLR	2172	+	204	102852153	24161
chr3	102827992	103027992	harbor2	chr3	102882578	102882947	LTR/ERVL-MaLR	2088	+	184	102882762	54770
chr3	102827992	103027992	harbor2	chr3	102889191	102889566	LTR/ERVL-MaLR	1649	+	188	102889379	61387
chr3	102827992	103027992	harbor2	chr3	102898428	102898798	LTR/ERVL-MaLR	2124	+	185	102898613	70621
chr3	154678789	154878789	harbor2	chr3	154691102	154691478	LTR/ERVL-MaLR	1912	+	188	154691290	12501
chr3	154678789	154878789	harbor2	chr3	154732936	154733297	LTR/ERVL-MaLR	2059	+	180	154733116	54327
chr3	154678789	154878789	harbor2	chr3	154747301	154747601	LTR/ERVL-MaLR	1261	+	150	154747451	68662
chr3	154678789	154878789	harbor2	chr3	154778072	154778459	LTR/ERVL-MaLR	1357	+	194	154778266	99477
chr3	158296989	158496989	harbor2	chr3	158319114	158319478	LTR/ERVL-MaLR	2208	+	182	158319296	22307
chr3	158296989	158496989	harbor2	chr3	158340043	158340260	LTR/ERVL-MaLR	2673	+	108	158340151	43162
chr3	158296989	158496989	harbor2	chr3	158340571	158340704	LTR/ERVL-MaLR	2673	+	66	158340637	43648
chr3	158296989	158496989	harbor2	chr3	158340705	158342249	LTR/ERVL-MaLR	11200	+	772	158341477	44488
chr3	158296989	158496989	harbor2	chr3	158342250	158342603	LTR/ERVL-MaLR	2703	+	176	158342426	45437
chr3	158296989	158496989	harbor2	chr3	158377297	158377658	LTR/ERVL-MaLR	1881	+	180	158377477	80488
chr3	158296989	158496989	harbor2	chr3	158377961	158377999	LTR/ERVL-MaLR	1881	+	19	158377980	80991
chr3	186762604	186962604	harbor2	chr3	186765517	186765590	LTR/ERVL-MaLR	1415	+	36	186765553	2949
chr3	186762604	186962604	harbor2	chr3	186765857	186766132	LTR/ERVL-MaLR	1415	+	138	186765995	3391
chr3	186762604	186962604	harbor2	chr3	186766427	186766501	LTR/ERVL-MaLR	1415	+	37	186766464	3860
chr3	186762604	186962604	harbor2	chr3	186810473	186810865	LTR/ERVL-MaLR	1629	+	196	186810669	48065
chr3	186762604	186962604	harbor2	chr3	186812483	186812562	LTR/ERVL-MaLR	1629	+	40	186812523	49919
chr3	186762604	186962604	harbor2	chr3	186815534	186815883	LTR/ERVL-MaLR	1597	+	174	186815708	53104
chr3	186762604	186962604	harbor2	chr3	186830934	186831218	LTR/ERVL-MaLR	1912	+	142	186831076	68472
chr3	186762604	186962604	harbor2	chr3	186831526	186831593	LTR/ERVL-MaLR	1912	+	34	186831560	68956
chr3	186762604	186962604	harbor2	chr3	186859554	186859656	LTR/ERVL-MaLR	716	+	51	186859605	97001
chr3	160693021	160893021	harbor2	chr3	160714528	160715095	LTR/ERVL-MaLR	1495	+	284	160714812	21791
chr3	160693021	160893021	harbor2	chr3	160732212	160732636	LTR/ERVL-MaLR	2605	+	212	160732424	39403
chr3	160693021	160893021	harbor2	chr3	160734495	160734954	LTR/ERVL-MaLR	731	+	230	160734725	41704
chr3	160693021	160893021	harbor2	chr3	160766285	160766678	LTR/ERVL-MaLR	1713	+	196	160766481	73460
chr3	148710126	148910126	harbor2	chr3	148710726	148711115	LTR/ERVL-MaLR	2435	+	194	148710920	794
chr3	148710126	148910126	harbor2	chr3	148768670	148769022	LTR/ERVL-MaLR	1927	+	176	148768846	58720
chr3	148710126	148910126	harbor2	chr3	148770848	148771231	LTR/ERVL-MaLR	975	+	192	148771040	60914
chr3	148710126	148910126	harbor2	chr3	148775991	148776375	LTR/ERVL-MaLR	2129	+	192	148776183	66057
chr3	152101744	152301744	harbor2	chr3	152102374	152102787	LTR/ERVL-MaLR	2090	+	206	152102580	836
chr3	152101744	152301744	harbor2	chr3	152136902	152137179	LTR/ERVL-MaLR	685	+	138	152137040	35296
chr3	152101744	152301744	harbor2	chr3	152137909	152138311	LTR/ERVL-MaLR	1124	+	201	152138110	36366
chr3	152101744	152301744	harbor2	chr3	152178692	152179123	LTR/ERVL-MaLR	874	+	216	152178908	77164
chr3	158265521	158465521	harbor2	chr3	158319114	158319478	LTR/ERVL-MaLR	2208	+	182	158319296	53775
chr3	158265521	158465521	harbor2	chr3	158340043	158340260	LTR/ERVL-MaLR	2673	+	108	158340151	74630
chr3	158265521	158465521	harbor2	chr3	158340571	158340704	LTR/ERVL-MaLR	2673	+	66	158340637	75116
chr3	158265521	158465521	harbor2	chr3	158340705	158342249	LTR/ERVL-MaLR	11200	+	772	158341477	75956
chr3	158265521	158465521	harbor2	chr3	158342250	158342603	LTR/ERVL-MaLR	2703	+	176	158342426	76905
chr3	191224515	191424515	harbor2	chr3	191272224	191272437	LTR/ERVL-MaLR	491	+	106	191272330	47815
chr3	191224515	191424515	harbor2	chr3	191272472	191272578	LTR/ERVL-MaLR	497	+	53	191272525	48010
chr3	191224515	191424515	harbor2	chr3	191273176	191273327	LTR/ERVL-MaLR	497	+	76	191273252	48737
chr3	191224515	191424515	harbor2	chr3	191298262	191298646	LTR/ERVL-MaLR	2142	+	192	191298454	73939
chr3	191224515	191424515	harbor2	chr3	191300348	191300615	LTR/ERVL-MaLR	9586	+	134	191300482	75967
chr3	191224515	191424515	harbor2	chr3	191300616	191300986	LTR/ERVL-MaLR	1821	+	185	191300801	76286
chr3	191224515	191424515	harbor2	chr3	191309546	191309950	LTR/ERVL-MaLR	2248	+	202	191309748	85233
chr3	191224515	191424515	harbor2	chr3	191310266	191310309	LTR/ERVL-MaLR	2248	+	22	191310288	85773
chr3	191224515	191424515	harbor2	chr3	191320894	191321033	LTR/ERVL-MaLR	512	+	70	191320964	96449
chr3	191224515	191424515	harbor2	chr3	191323959	191324361	LTR/ERVL-MaLR	2129	+	201	191324160	99645
chr3	191224515	191424515	harbor2	chr3	191298647	191300057	LTR/ERVL-MaLR	9586	+	705	191299352	74837
chr3	186683583	186883583	harbor2	chr3	186765517	186765590	LTR/ERVL-MaLR	1415	+	36	186765553	81970
chr3	186683583	186883583	harbor2	chr3	186765857	186766132	LTR/ERVL-MaLR	1415	+	138	186765995	82412
chr3	186683583	186883583	harbor2	chr3	186766427	186766501	LTR/ERVL-MaLR	1415	+	37	186766464	82881
chr3	153492172	153692172	harbor2	chr3	153563060	153563449	LTR/ERVL-MaLR	2081	+	194	153563254	71082
chr3	153492172	153692172	harbor2	chr3	153563450	153565072	LTR/ERVL-MaLR	10725	+	811	153564261	72089
chr3	153492172	153692172	harbor2	chr3	153565073	153565421	LTR/ERVL-MaLR	1874	+	174	153565247	73075
chr3	153492172	153692172	harbor2	chr3	153565738	153565777	LTR/ERVL-MaLR	1874	+	20	153565758	73586
chr3	153492172	153692172	harbor2	chr3	153580641	153580819	LTR/ERVL-MaLR	573	+	89	153580730	88558
chr3	168478026	168678026	harbor2	chr3	168544507	168545001	LTR/ERVL-MaLR	1814	+	247	168544754	66728
chr3	142043927	142243927	harbor2	chr3	142053175	142053569	LTR/ERVL-MaLR	2277	+	197	142053372	9445
chr3	142043927	142243927	harbor2	chr3	142056705	142057008	LTR/ERVL-MaLR	1378	+	152	142056857	12930
chr3	142043927	142243927	harbor2	chr3	142098821	142098989	LTR/ERVL-MaLR	623	+	84	142098905	54978
chr3	142043927	142243927	harbor2	chr3	142116363	142116660	LTR/ERVL-MaLR	798	+	148	142116511	72584
chr3	112286983	112486983	harbor2	chr3	112373846	112374271	LTR/ERVL-MaLR	1213	+	212	112374058	87075
chr3	112286983	112486983	harbor2	chr3	112378968	112379232	LTR/ERVL-MaLR	542	+	132	112379100	92117
chr3	112286983	112486983	harbor2	chr3	112381196	112382271	LTR/ERVL-MaLR	7501	+	538	112381734	94751
chr3	112286983	112486983	harbor2	chr3	112382272	112382626	LTR/ERVL-MaLR	2390	+	177	112382449	95466
chr3	112286983	112486983	harbor2	chr3	112386028	112386463	LTR/ERVL-MaLR	1624	+	218	112386246	99263
chr3	112286983	112486983	harbor2	chr3	112377759	112378151	LTR/ERVL-MaLR	2248	+	196	112377955	90972
chr3	55468506	55668506	harbor2	chr3	55498571	55499005	LTR/ERVL-MaLR	602	+	217	55498788	30282
chr3	55468506	55668506	harbor2	chr3	55514461	55514931	LTR/ERVL-MaLR	1582	+	235	55514696	46190
chr3	55468506	55668506	harbor2	chr3	55525885	55526341	LTR/ERVL-MaLR	2279	+	228	55526113	57607
chr3	55468506	55668506	harbor2	chr3	55556603	55556865	LTR/ERVL-MaLR	670	+	131	55556734	88228
chr3	55468506	55668506	harbor2	chr3	55560427	55560769	LTR/ERVL-MaLR	1173	+	171	55560598	92092
chr3	55468506	55668506	harbor2	chr3	55561676	55562153	LTR/ERVL-MaLR	1464	+	238	55561914	93408
chr3	55468506	55668506	harbor2	chr3	55562453	55562525	LTR/ERVL-MaLR	1464	+	36	55562489	93983
chr3	55468506	55668506	harbor2	chr3	55563444	55563944	LTR/ERVL-MaLR	480	+	250	55563694	95188
chr3	55468506	55668506	harbor2	chr3	55564523	55564844	LTR/ERVL-MaLR	1380	+	160	55564683	96177
chr3	55468506	55668506	harbor2	chr3	55565056	55565231	LTR/ERVL-MaLR	1380	+	88	55565144	96638
chr3	191566193	191766193	harbor2	chr3	191573149	191573551	LTR/ERVL-MaLR	2061	+	201	191573350	7157
chr3	191566193	191766193	harbor2	chr3	191589723	191590108	LTR/ERVL-MaLR	500	+	192	191589915	23722
chr3	191566193	191766193	harbor2	chr3	191599846	191600205	LTR/ERVL-MaLR	1928	+	180	191600026	33833
chr3	191566193	191766193	harbor2	chr3	191600207	191600486	LTR/ERVL-MaLR	452	+	140	191600347	34154
chr3	191566193	191766193	harbor2	chr3	191603080	191603506	LTR/ERVL-MaLR	558	+	213	191603293	37100
chr3	191566193	191766193	harbor2	chr3	191652668	191653074	LTR/ERVL-MaLR	1294	+	203	191652871	86678
chr3	191566193	191766193	harbor2	chr3	191653124	191653372	LTR/ERVL-MaLR	992	+	124	191653248	87055
chr3	193740598	193940598	harbor2	chr3	193753751	193754109	LTR/ERVL-MaLR	2246	+	179	193753930	13332
chr3	193740598	193940598	harbor2	chr3	193754116	193755583	LTR/ERVL-MaLR	8283	+	734	193754850	14252
chr3	193740598	193940598	harbor2	chr3	193768597	193768745	LTR/ERVL-MaLR	2054	+	74	193768671	28073
chr3	193740598	193940598	harbor2	chr3	193769050	193769324	LTR/ERVL-MaLR	2054	+	137	193769187	28589
chr3	183141577	183341577	harbor2	chr3	183159651	183160170	LTR/ERVL-MaLR	842	+	260	183159911	18334
chr3	183141577	183341577	harbor2	chr3	183211870	183212316	LTR/ERVL-MaLR	1820	+	223	183212093	70516
chr3	183141577	183341577	harbor2	chr3	183215067	183215290	LTR/ERVL-MaLR	788	+	112	183215179	73602
chr3	183141577	183341577	harbor2	chr3	183231913	183232422	LTR/ERVL-MaLR	1387	+	254	183232167	90590
chr3	183141577	183341577	harbor2	chr3	183241346	183241705	LTR/ERVL-MaLR	2768	+	180	183241526	99949
chr3	102198228	102398228	harbor2	chr3	102233231	102233594	LTR/ERVL-MaLR	1375	+	182	102233413	35185
chr3	102198228	102398228	harbor2	chr3	102242321	102242696	LTR/ERVL-MaLR	1158	+	188	102242509	44281
chr3	102198228	102398228	harbor2	chr3	102255708	102256184	LTR/ERVL-MaLR	1915	+	238	102255946	57718
chr3	102198228	102398228	harbor2	chr3	102265277	102265627	LTR/ERVL-MaLR	1740	+	175	102265452	67224
chr3	102198228	102398228	harbor2	chr3	102266868	102266994	LTR/ERVL-MaLR	636	+	63	102266931	68703
chr3	102198228	102398228	harbor2	chr3	102282170	102282537	LTR/ERVL-MaLR	1873	+	184	102282354	84126
chr3	102198228	102398228	harbor2	chr3	102282538	102283417	LTR/ERVL-MaLR	5964	+	440	102282978	84750
chr3	167211957	167411957	harbor2	chr3	167226787	167226994	LTR/ERVL-MaLR	433	+	104	167226891	14934
chr3	167211957	167411957	harbor2	chr3	167234706	167234961	LTR/ERVL-MaLR	467	+	128	167234834	22877
chr3	167211957	167411957	harbor2	chr3	167245513	167245890	LTR/ERVL-MaLR	1685	+	188	167245701	33744
chr3	167211957	167411957	harbor2	chr3	167297935	167298086	LTR/ERVL-MaLR	700	+	76	167298011	86054
chr3	194784824	194984824	harbor2	chr3	194800531	194801098	LTR/ERVL-MaLR	950	+	284	194800815	15991
chr3	194784824	194984824	harbor2	chr3	194833481	194833784	LTR/ERVL-MaLR	1073	+	152	194833633	48809
chr3	185694572	185894572	harbor2	chr3	185724745	185725263	LTR/ERVL-MaLR	2069	+	259	185725004	30432
chr3	185694572	185894572	harbor2	chr3	185753727	185753922	LTR/ERVL-MaLR	2930	+	98	185753825	59253
chr3	185694572	185894572	harbor2	chr3	185754230	185754463	LTR/ERVL-MaLR	2930	+	116	185754346	59774
chr3	185694572	185894572	harbor2	chr3	185754464	185755993	LTR/ERVL-MaLR	8470	+	764	185755228	60656
chr3	185694572	185894572	harbor2	chr3	185755994	185756413	LTR/ERVL-MaLR	2677	+	210	185756204	61632
chr3	191353355	191553355	harbor2	chr3	191425336	191425687	LTR/ERVL-MaLR	2248	+	176	191425512	72157
chr3	179215299	179415299	harbor2	chr3	179277937	179278475	LTR/ERVL-MaLR	1065	+	269	179278206	62907
chr3	115318936	115518936	harbor2	chr3	115338168	115338618	LTR/ERVL-MaLR	2262	+	225	115338393	19457
chr3	115318936	115518936	harbor2	chr3	115349439	115349870	LTR/ERVL-MaLR	2115	+	216	115349655	30719
chr3	115318936	115518936	harbor2	chr3	115370402	115370779	LTR/ERVL-MaLR	2316	+	188	115370590	51654
chr3	115318936	115518936	harbor2	chr3	115374989	115375429	LTR/ERVL-MaLR	1568	+	220	115375209	56273
chr3	115318936	115518936	harbor2	chr3	115378099	115378442	LTR/ERVL-MaLR	2049	+	172	115378271	59335
chr3	115318936	115518936	harbor2	chr3	115391505	115391961	LTR/ERVL-MaLR	840	+	228	115391733	72797
chr3	115318936	115518936	harbor2	chr3	115343068	115343387	LTR/ERVL-MaLR	1201	+	160	115343228	24292
chr3	193212525	193412525	harbor2	chr3	193235627	193235730	LTR/ERVL-MaLR	435	+	52	193235679	23154
chr3	193212525	193412525	harbor2	chr3	193309461	193309782	LTR/ERVL-MaLR	1127	+	160	193309621	97096
chr3	196863918	197063918	harbor2	chr3	196949274	196949686	LTR/ERVL-MaLR	979	+	206	196949480	85562
chr3	196863918	197063918	harbor2	chr3	196950689	196950744	LTR/ERVL-MaLR	875	+	28	196950717	86799
chr3	196863918	197063918	harbor2	chr3	196951045	196951297	LTR/ERVL-MaLR	875	+	126	196951171	87253
chr3	173957326	174157326	harbor2	chr3	173957475	173957738	LTR/ERVL-MaLR	551	+	132	173957607	281
chr3	173957326	174157326	harbor2	chr3	173959330	173959492	LTR/ERVL-MaLR	551	+	81	173959411	2085
chr3	173957326	174157326	harbor2	chr3	173985994	173986186	LTR/ERVL-MaLR	1400	+	96	173986090	28764
chr3	173957326	174157326	harbor2	chr3	173986476	173986713	LTR/ERVL-MaLR	1400	+	118	173986594	29268
chr3	173957326	174157326	harbor2	chr3	174006641	174006786	LTR/ERVL-MaLR	1958	+	72	174006713	49387
chr3	173957326	174157326	harbor2	chr3	174007087	174007332	LTR/ERVL-MaLR	1958	+	122	174007209	49883
chr3	173957326	174157326	harbor2	chr3	174019193	174019553	LTR/ERVL-MaLR	1351	+	180	174019373	62047
chr3	173957326	174157326	harbor2	chr3	174027836	174028140	LTR/ERVL-MaLR	1812	+	152	174027988	70662
chr3	173957326	174157326	harbor2	chr3	174028158	174029647	LTR/ERVL-MaLR	9316	+	744	174028902	71576
chr3	173957326	174157326	harbor2	chr3	174029648	174030004	LTR/ERVL-MaLR	2328	+	178	174029826	72500
chr3	173957326	174157326	harbor2	chr3	174044711	174045064	LTR/ERVL-MaLR	2213	+	176	174044887	87561
chr3	177055350	177255350	harbor2	chr3	177076843	177077135	LTR/ERVL-MaLR	422	+	146	177076989	21639
chr3	177055350	177255350	harbor2	chr3	177101394	177101765	LTR/ERVL-MaLR	1207	+	186	177101580	46230
chr3	140441782	140641782	harbor2	chr3	140473314	140473745	LTR/ERVL-MaLR	2488	+	216	140473530	31748
chr3	140441782	140641782	harbor2	chr3	140474074	140474140	LTR/ERVL-MaLR	2488	+	33	140474107	32325
chr3	140441782	140641782	harbor2	chr3	140535517	140535662	LTR/ERVL-MaLR	647	+	72	140535589	93807
chr3	197434790	197634790	harbor2	chr3	197474187	197474356	LTR/ERVL-MaLR	1790	+	84	197474271	39481
chr3	197434790	197634790	harbor2	chr3	197474665	197474861	LTR/ERVL-MaLR	1790	+	98	197474763	39973
chr3	197434790	197634790	harbor2	chr3	197494797	197494924	LTR/ERVL-MaLR	564	+	64	197494861	60071
chr3	197434790	197634790	harbor2	chr3	197529886	197530124	LTR/ERVL-MaLR	879	+	119	197530005	95215
chr3	197434790	197634790	harbor2	chr3	197533672	197533805	LTR/ERVL-MaLR	508	+	66	197533738	98948
chr3	196729397	196929397	harbor2	chr3	196799362	196799660	LTR/ERVL-MaLR	1068	+	149	196799511	70114
chr3	196729397	196929397	harbor2	chr3	196799914	196799987	LTR/ERVL-MaLR	1068	+	36	196799950	70553
chr3	75603633	75803633	harbor2	chr3	75628845	75629288	LTR/ERVL-MaLR	1822	+	222	75629067	25434
chr3	75603633	75803633	harbor2	chr3	75697295	75697713	LTR/ERVL-MaLR	2142	+	209	75697504	93871
chr3	75603633	75803633	harbor2	chr3	75697715	75699352	LTR/ERVL-MaLR	8062	+	818	75698533	94900
chr3	75603633	75803633	harbor2	chr3	75699353	75699759	LTR/ERVL-MaLR	1909	+	203	75699556	95923
chr3	75603633	75803633	harbor2	chr3	75701064	75701389	LTR/ERVL-MaLR	2145	+	162	75701226	97593
chr3	75603633	75803633	harbor2	chr3	75701700	75701754	LTR/ERVL-MaLR	2145	+	27	75701727	98094
chr3	153486213	153686213	harbor2	chr3	153486043	153486352	LTR/ERVL-MaLR	830	+	154	153486197	16
chr3	153486213	153686213	harbor2	chr3	153563060	153563449	LTR/ERVL-MaLR	2081	+	194	153563254	77041
chr3	153486213	153686213	harbor2	chr3	153563450	153565072	LTR/ERVL-MaLR	10725	+	811	153564261	78048
chr3	153486213	153686213	harbor2	chr3	153565073	153565421	LTR/ERVL-MaLR	1874	+	174	153565247	79034
chr3	153486213	153686213	harbor2	chr3	153565738	153565777	LTR/ERVL-MaLR	1874	+	20	153565758	79545
chr3	153486213	153686213	harbor2	chr3	153580641	153580819	LTR/ERVL-MaLR	573	+	89	153580730	94517
chr3	141044228	141244228	harbor2	chr3	141072326	141072720	LTR/ERVL-MaLR	2087	+	197	141072523	28295
chr3	141044228	141244228	harbor2	chr3	141100194	141100650	LTR/ERVL-MaLR	2703	+	228	141100422	56194
chr3	75993788	76193788	harbor2	chr3	75994324	75994676	LTR/ERVL-MaLR	1739	+	176	75994500	712
chr3	75993788	76193788	harbor2	chr3	75994677	75996176	LTR/ERVL-MaLR	9040	+	750	75995427	1639
chr3	75993788	76193788	harbor2	chr3	75996177	75996534	LTR/ERVL-MaLR	1913	+	178	75996355	2567
chr3	75993788	76193788	harbor2	chr3	76002069	76002311	LTR/ERVL-MaLR	1409	+	121	76002190	8402
chr3	75993788	76193788	harbor2	chr3	76002312	76002728	LTR/ERVL-MaLR	1692	+	208	76002520	8732
chr3	75993788	76193788	harbor2	chr3	76002729	76002948	LTR/ERVL-MaLR	1409	+	110	76002839	9051
chr3	75993788	76193788	harbor2	chr3	76004890	76005191	LTR/ERVL-MaLR	702	+	150	76005040	11252
chr3	75993788	76193788	harbor2	chr3	76063893	76064294	LTR/ERVL-MaLR	1676	+	200	76064093	70305
chr3	80137271	80337271	harbor2	chr3	80153916	80154291	LTR/ERVL-MaLR	1730	+	188	80154104	16833
chr3	80137271	80337271	harbor2	chr3	80225763	80226127	LTR/ERVL-MaLR	1713	+	182	80225945	88674
chr3	138422083	138622083	harbor2	chr3	138421825	138422254	LTR/ERVL-MaLR	1902	+	214	138422039	44
chr3	176377798	176577798	harbor2	chr3	176418836	176418994	LTR/ERVL-MaLR	1237	+	79	176418915	41117
chr3	176377798	176577798	harbor2	chr3	176419297	176419515	LTR/ERVL-MaLR	1237	+	109	176419406	41608
chr3	176377798	176577798	harbor2	chr3	176419830	176419893	LTR/ERVL-MaLR	1237	+	32	176419862	42064
chr3	176377798	176577798	harbor2	chr3	176433918	176434285	LTR/ERVL-MaLR	2021	+	184	176434102	56304
chr3	176377798	176577798	harbor2	chr3	176443543	176443824	LTR/ERVL-MaLR	1156	+	140	176443683	65885
chr3	176377798	176577798	harbor2	chr3	176447060	176447314	LTR/ERVL-MaLR	536	+	127	176447187	69389
chr3	176377798	176577798	harbor2	chr3	176447312	176447420	LTR/ERVL-MaLR	717	+	54	176447366	69568
chr3	176377798	176577798	harbor2	chr3	176457113	176457465	LTR/ERVL-MaLR	2238	+	176	176457289	79491
chr3	176377798	176577798	harbor2	chr3	176457466	176459022	LTR/ERVL-MaLR	11321	+	778	176458244	80446
chr3	176377798	176577798	harbor2	chr3	176459024	176459376	LTR/ERVL-MaLR	2257	+	176	176459200	81402
chr3	122991355	123191355	harbor2	chr3	123007444	123007855	LTR/ERVL-MaLR	2442	+	206	123007650	16295
chr3	122991355	123191355	harbor2	chr3	123014804	123015258	LTR/ERVL-MaLR	2619	+	227	123015031	23676
chr3	122991355	123191355	harbor2	chr3	123043433	123043704	LTR/ERVL-MaLR	1276	+	136	123043569	52214
chr3	122991355	123191355	harbor2	chr3	123044010	123044277	LTR/ERVL-MaLR	1276	+	134	123044144	52789
chr3	122991355	123191355	harbor2	chr3	123053261	123053696	LTR/ERVL-MaLR	1894	+	218	123053479	62124
chr3	108963622	109163622	harbor2	chr3	108989867	108990203	LTR/ERVL-MaLR	2269	+	168	108990035	26413
chr3	108963622	109163622	harbor2	chr3	109013717	109014076	LTR/ERVL-MaLR	1907	+	180	109013897	50275
chr3	184217654	184417654	harbor2	chr3	184265379	184265446	LTR/ERVL-MaLR	1599	+	34	184265413	47759
chr3	184217654	184417654	harbor2	chr3	184265741	184265798	LTR/ERVL-MaLR	1599	+	28	184265769	48115
chr3	184217654	184417654	harbor2	chr3	184266151	184266492	LTR/ERVL-MaLR	1599	+	170	184266321	48667
chr3	184217654	184417654	harbor2	chr3	184270172	184270330	LTR/ERVL-MaLR	557	+	79	184270251	52597
chr3	184217654	184417654	harbor2	chr3	184270925	184271211	LTR/ERVL-MaLR	557	+	143	184271068	53414
chr3	192575339	192775339	harbor2	chr3	192594512	192594886	LTR/ERVL-MaLR	1172	+	187	192594699	19360
chr3	192575339	192775339	harbor2	chr3	192629936	192630359	LTR/ERVL-MaLR	2845	+	212	192630148	54809
chr3	153547307	153747307	harbor2	chr3	153563060	153563449	LTR/ERVL-MaLR	2081	+	194	153563254	15947
chr3	153547307	153747307	harbor2	chr3	153563450	153565072	LTR/ERVL-MaLR	10725	+	811	153564261	16954
chr3	153547307	153747307	harbor2	chr3	153565073	153565421	LTR/ERVL-MaLR	1874	+	174	153565247	17940
chr3	153547307	153747307	harbor2	chr3	153565738	153565777	LTR/ERVL-MaLR	1874	+	20	153565758	18451
chr3	153547307	153747307	harbor2	chr3	153580641	153580819	LTR/ERVL-MaLR	573	+	89	153580730	33423
chr3	161595064	161795064	harbor2	chr3	161611884	161611965	LTR/ERVL-MaLR	674	+	40	161611924	16860
chr3	161595064	161795064	harbor2	chr3	161611976	161613569	LTR/ERVL-MaLR	10406	+	796	161612772	17708
chr3	161595064	161795064	harbor2	chr3	161613570	161613930	LTR/ERVL-MaLR	2181	+	180	161613750	18686
chr3	161595064	161795064	harbor2	chr3	161628316	161628683	LTR/ERVL-MaLR	1537	+	184	161628500	33436
chr3	161595064	161795064	harbor2	chr3	161648803	161649200	LTR/ERVL-MaLR	787	+	198	161649001	53937
chr3	161595064	161795064	harbor2	chr3	161685810	161686317	LTR/ERVL-MaLR	2339	+	254	161686064	91000
chr3	161595064	161795064	harbor2	chr3	161686318	161686594	LTR/ERVL-MaLR	1343	+	138	161686456	91392
chr3	158946320	159146320	harbor2	chr3	158949698	158949849	LTR/ERVL-MaLR	613	+	76	158949774	3454
chr3	158946320	159146320	harbor2	chr3	158949923	158950155	LTR/ERVL-MaLR	885	+	116	158950039	3719
chr3	158946320	159146320	harbor2	chr3	158994807	158995217	LTR/ERVL-MaLR	650	+	205	158995012	48692
chr3	158946320	159146320	harbor2	chr3	159027495	159027920	LTR/ERVL-MaLR	2626	+	212	159027707	81387
chr3	88682413	88882413	harbor2	chr3	88699272	88699566	LTR/ERVL-MaLR	1043	+	147	88699419	17006
chr3	88682413	88882413	harbor2	chr3	88756862	88757288	LTR/ERVL-MaLR	728	+	213	88757075	74662
chr3	88682413	88882413	harbor2	chr3	88760266	88760622	LTR/ERVL-MaLR	2032	+	178	88760444	78031
chr3	121697415	121897415	harbor2	chr3	121723929	121724062	LTR/ERVL-MaLR	680	+	66	121723995	26580
chr3	121697415	121897415	harbor2	chr3	121724065	121725642	LTR/ERVL-MaLR	4784	+	788	121724853	27438
chr3	121697415	121897415	harbor2	chr3	121725644	121725990	LTR/ERVL-MaLR	1734	+	173	121725817	28402
chr3	121697415	121897415	harbor2	chr3	121756176	121756339	LTR/ERVL-MaLR	1888	+	82	121756258	58843
chr3	121697415	121897415	harbor2	chr3	121756666	121756861	LTR/ERVL-MaLR	1888	+	98	121756764	59349
chr3	147777992	147977992	harbor2	chr3	147798653	147799250	LTR/ERVL-MaLR	2243	+	298	147798951	20959
chr3	147777992	147977992	harbor2	chr3	147800993	147801329	LTR/ERVL-MaLR	1371	+	168	147801161	23169
chr3	147777992	147977992	harbor2	chr3	147838655	147839057	LTR/ERVL-MaLR	1975	+	201	147838856	60864
chr3	147777992	147977992	harbor2	chr3	147843733	147844179	LTR/ERVL-MaLR	1855	+	223	147843956	65964
chr3	145058469	145258469	harbor2	chr3	145093584	145094045	LTR/ERVL-MaLR	1267	+	230	145093814	35345
chr3	146673254	146873254	harbor2	chr3	146708801	146709116	LTR/ERVL-MaLR	1347	+	158	146708959	35705
chr3	146673254	146873254	harbor2	chr3	146758938	146759277	LTR/ERVL-MaLR	1596	+	170	146759108	85854
chr3	197960514	198160514	harbor2	chr3	198048298	198048541	LTR/ERVL-MaLR	910	+	122	198048420	87906
chr3	197960514	198160514	harbor2	chr3	198051962	198052116	LTR/ERVL-MaLR	510	+	77	198052039	91525
chr3	190773709	190973709	harbor2	chr3	190782485	190782670	LTR/ERVL-MaLR	547	+	92	190782577	8868
chr3	190773709	190973709	harbor2	chr3	190789974	190790157	LTR/ERVL-MaLR	901	+	92	190790066	16357
chr3	190773709	190973709	harbor2	chr3	190790153	190790692	LTR/ERVL-MaLR	1788	+	270	190790423	16714
chr3	190773709	190973709	harbor2	chr3	190799509	190799876	LTR/ERVL-MaLR	1649	+	184	190799693	25984
chr3	190773709	190973709	harbor2	chr3	190800198	190800537	LTR/ERVL-MaLR	2600	+	170	190800368	26659
chr3	190773709	190973709	harbor2	chr3	190800538	190800651	LTR/ERVL-MaLR	740	+	56	190800594	26885
chr3	190773709	190973709	harbor2	chr3	190800732	190801414	LTR/ERVL-MaLR	5162	+	341	190801073	27364
chr3	190773709	190973709	harbor2	chr3	190801415	190801651	LTR/ERVL-MaLR	2580	+	118	190801533	27824
chr3	190773709	190973709	harbor2	chr3	190801962	190802089	LTR/ERVL-MaLR	2580	+	64	190802026	28317
chr3	190773709	190973709	harbor2	chr3	190817059	190817422	LTR/ERVL-MaLR	1154	+	182	190817241	43532
chr3	190773709	190973709	harbor2	chr3	190835348	190835430	LTR/ERVL-MaLR	513	+	41	190835389	61680
chr3	190773709	190973709	harbor2	chr3	190835431	190835795	LTR/ERVL-MaLR	2031	+	182	190835613	61904
chr3	190773709	190973709	harbor2	chr3	190845367	190845451	LTR/ERVL-MaLR	469	+	42	190845409	71700
chr3	190773709	190973709	harbor2	chr3	190863998	190864371	LTR/ERVL-MaLR	1628	+	186	190864184	90475
chr3	190773709	190973709	harbor2	chr3	190873098	190873451	LTR/ERVL-MaLR	626	+	176	190873274	99565
chr3	197488270	197688270	harbor2	chr3	197494797	197494924	LTR/ERVL-MaLR	564	+	64	197494861	6591
chr3	197488270	197688270	harbor2	chr3	197529886	197530124	LTR/ERVL-MaLR	879	+	119	197530005	41735
chr3	197488270	197688270	harbor2	chr3	197533672	197533805	LTR/ERVL-MaLR	508	+	66	197533738	45468
chr3	197488270	197688270	harbor2	chr3	197569451	197569839	LTR/ERVL-MaLR	2093	+	194	197569645	81375
chr3	197488270	197688270	harbor2	chr3	197569840	197571397	LTR/ERVL-MaLR	11520	+	778	197570618	82348
chr3	197488270	197688270	harbor2	chr3	197571398	197571761	LTR/ERVL-MaLR	2080	+	182	197571580	83310
chr3	149425678	149625678	harbor2	chr3	149434316	149434670	LTR/ERVL-MaLR	754	+	177	149434493	8815
chr3	149425678	149625678	harbor2	chr3	149469090	149469625	LTR/ERVL-MaLR	1502	+	268	149469358	43680
chr3	56676733	56876733	harbor2	chr3	56689327	56689626	LTR/ERVL-MaLR	1200	+	150	56689477	12744
chr3	56676733	56876733	harbor2	chr3	56699183	56699561	LTR/ERVL-MaLR	1925	+	189	56699372	22639
chr3	56676733	56876733	harbor2	chr3	56721414	56721809	LTR/ERVL-MaLR	2361	+	198	56721612	44879
chr3	56676733	56876733	harbor2	chr3	56755617	56756033	LTR/ERVL-MaLR	530	+	208	56755825	79092
chr3	149106754	149306754	harbor2	chr3	149125457	149125883	LTR/ERVL-MaLR	2883	+	213	149125670	18916
chr3	149106754	149306754	harbor2	chr3	149127711	149128104	LTR/ERVL-MaLR	2045	+	196	149127907	21153
chr3	149106754	149306754	harbor2	chr3	149135293	149135651	LTR/ERVL-MaLR	2188	+	179	149135472	28718
chr3	170681530	170881530	harbor2	chr3	170711337	170711782	LTR/ERVL-MaLR	2382	+	222	170711559	30029
chr3	170681530	170881530	harbor2	chr3	170754563	170754992	LTR/ERVL-MaLR	1884	+	214	170754777	73247
chr3	170681530	170881530	harbor2	chr3	170777706	170778138	LTR/ERVL-MaLR	2152	+	216	170777922	96392
chr3	170681530	170881530	harbor2	chr3	170778139	170779018	LTR/ERVL-MaLR	4672	+	440	170778579	97049
chr3	197108554	197308554	harbor2	chr3	197133049	197133532	LTR/ERVL-MaLR	894	+	242	197133291	24737
chr3	197108554	197308554	harbor2	chr3	197135233	197135583	LTR/ERVL-MaLR	1808	+	175	197135408	26854
chr3	197108554	197308554	harbor2	chr3	197144043	197144575	LTR/ERVL-MaLR	1029	+	266	197144309	35755
chr3	78311001	78511001	harbor2	chr3	78319306	78319683	LTR/ERVL-MaLR	2105	+	188	78319494	8493
chr3	78311001	78511001	harbor2	chr3	78330526	78330920	LTR/ERVL-MaLR	1947	+	197	78330723	19722
chr3	78311001	78511001	harbor2	chr3	78339586	78339926	LTR/ERVL-MaLR	1365	+	170	78339756	28755
chr3	78311001	78511001	harbor2	chr3	78357498	78357849	LTR/ERVL-MaLR	1528	+	176	78357674	46673
chr3	78311001	78511001	harbor2	chr3	78381515	78381840	LTR/ERVL-MaLR	1292	+	162	78381677	70676
chr3	78311001	78511001	harbor2	chr3	78389093	78389465	LTR/ERVL-MaLR	2834	+	186	78389279	78278
chr3	78311001	78511001	harbor2	chr3	78389466	78391053	LTR/ERVL-MaLR	9535	+	794	78390260	79259
chr3	78311001	78511001	harbor2	chr3	78391056	78391430	LTR/ERVL-MaLR	2415	+	187	78391243	80242
chr3	166610478	166810478	harbor2	chr3	166634410	166634754	LTR/ERVL-MaLR	1070	+	172	166634582	24104
chr3	166610478	166810478	harbor2	chr3	166642401	166642888	LTR/ERVL-MaLR	1200	+	244	166642645	32167
chr3	112209896	112409896	harbor2	chr3	112247938	112248456	LTR/ERVL-MaLR	1985	+	259	112248197	38301
chr3	112209896	112409896	harbor2	chr3	112275919	112276201	LTR/ERVL-MaLR	513	+	141	112276060	66164
chr3	146856426	147056426	harbor2	chr3	146860608	146861067	LTR/ERVL-MaLR	1639	+	230	146860838	4412
chr3	146856426	147056426	harbor2	chr3	146862782	146863137	LTR/ERVL-MaLR	1639	+	178	146862960	6534
chr3	146856426	147056426	harbor2	chr3	146873123	146873503	LTR/ERVL-MaLR	2107	+	190	146873313	16887
chr3	146856426	147056426	harbor2	chr3	146916558	146916904	LTR/ERVL-MaLR	2302	+	173	146916731	60305
chr3	146856426	147056426	harbor2	chr3	146948434	146948613	LTR/ERVL-MaLR	543	+	90	146948524	92098
chr4	179410745	179610745	harbor2	chr4	179445758	179445953	LTR/ERVL-MaLR	2322	+	98	179445856	35111
chr4	179410745	179610745	harbor2	chr4	179446290	179446475	LTR/ERVL-MaLR	2322	+	92	179446382	35637
chr4	179410745	179610745	harbor2	chr4	179457952	179458294	LTR/ERVL-MaLR	2113	+	171	179458123	47378
chr4	179410745	179610745	harbor2	chr4	179458296	179459862	LTR/ERVL-MaLR	11657	+	783	179459079	48334
chr4	179410745	179610745	harbor2	chr4	179459863	179460205	LTR/ERVL-MaLR	2257	+	171	179460034	49289
chr4	179410745	179610745	harbor2	chr4	179492192	179492364	LTR/ERVL-MaLR	816	+	86	179492278	81533
chr4	179410745	179610745	harbor2	chr4	179492781	179493093	LTR/ERVL-MaLR	1153	+	156	179492937	82192
chr4	179410745	179610745	harbor2	chr4	179497789	179497982	LTR/ERVL-MaLR	693	+	96	179497885	87140
chr4	179410745	179610745	harbor2	chr4	179498023	179498357	LTR/ERVL-MaLR	542	+	167	179498190	87445
chr4	57528894	57728894	harbor2	chr4	57589260	57589642	LTR/ERVL-MaLR	1383	+	191	57589451	60557
chr4	57528894	57728894	harbor2	chr4	57591038	57591395	LTR/ERVL-MaLR	692	+	178	57591216	62322
chr4	57528894	57728894	harbor2	chr4	57589643	57591037	LTR/ERVL-MaLR	3920	+	697	57590340	61446
chr4	185854361	186054361	harbor2	chr4	185856604	185856698	LTR/ERVL-MaLR	563	+	47	185856651	2290
chr4	185854361	186054361	harbor2	chr4	185857068	185857129	LTR/ERVL-MaLR	563	+	30	185857098	2737
chr4	185854361	186054361	harbor2	chr4	185858243	185858431	LTR/ERVL-MaLR	624	+	94	185858337	3976
chr4	185854361	186054361	harbor2	chr4	185888172	185888596	LTR/ERVL-MaLR	1131	+	212	185888384	34023
chr4	121875958	122075958	harbor2	chr4	121888796	121888995	LTR/ERVL-MaLR	913	+	100	121888896	12938
chr4	121875958	122075958	harbor2	chr4	121892280	121892536	LTR/ERVL-MaLR	420	+	128	121892408	16450
chr4	121875958	122075958	harbor2	chr4	121916462	121916718	LTR/ERVL-MaLR	1515	+	128	121916590	40632
chr4	121875958	122075958	harbor2	chr4	121917015	121917079	LTR/ERVL-MaLR	1515	+	32	121917047	41089
chr4	121875958	122075958	harbor2	chr4	121917983	121918339	LTR/ERVL-MaLR	1693	+	178	121918161	42203
chr4	121875958	122075958	harbor2	chr4	121936537	121936896	LTR/ERVL-MaLR	1482	+	180	121936717	60759
chr4	151867175	152067175	harbor2	chr4	151885243	151885499	LTR/ERVL-MaLR	550	+	128	151885371	18196
chr4	151867175	152067175	harbor2	chr4	151921802	151922029	LTR/ERVL-MaLR	470	+	114	151921916	54741
chr4	151867175	152067175	harbor2	chr4	151941680	151942043	LTR/ERVL-MaLR	2828	+	182	151941862	74687
chr4	151867175	152067175	harbor2	chr4	151942464	151942621	LTR/ERVL-MaLR	831	+	78	151942542	75367
chr4	151867175	152067175	harbor2	chr4	151942671	151942998	LTR/ERVL-MaLR	1239	+	164	151942835	75660
chr4	151867175	152067175	harbor2	chr4	151943365	151943409	LTR/ERVL-MaLR	1239	+	22	151943387	76212
chr4	151867175	152067175	harbor2	chr4	151945897	151946270	LTR/ERVL-MaLR	2644	+	186	151946083	78908
chr4	151867175	152067175	harbor2	chr4	151946288	151947821	LTR/ERVL-MaLR	10906	+	766	151947054	79879
chr4	151867175	152067175	harbor2	chr4	151947822	151948195	LTR/ERVL-MaLR	2576	+	186	151948008	80833
chr4	151867175	152067175	harbor2	chr4	151949379	151949860	LTR/ERVL-MaLR	2013	+	240	151949619	82444
chr4	151867175	152067175	harbor2	chr4	151954928	151955287	LTR/ERVL-MaLR	2244	+	180	151955108	87933
chr4	151867175	152067175	harbor2	chr4	151955789	151956326	LTR/ERVL-MaLR	2936	+	268	151956057	88882
chr4	161905581	162105581	harbor2	chr4	161912305	161912659	LTR/ERVL-MaLR	2725	+	177	161912482	6901
chr4	161905581	162105581	harbor2	chr4	161912660	161913558	LTR/ERVL-MaLR	6264	+	449	161913109	7528
chr4	161905581	162105581	harbor2	chr4	161913567	161914052	LTR/ERVL-MaLR	3544	+	242	161913809	8228
chr4	161905581	162105581	harbor2	chr4	161914053	161914141	LTR/ERVL-MaLR	639	+	44	161914097	8516
chr4	161905581	162105581	harbor2	chr4	161950932	161951294	LTR/ERVL-MaLR	2686	+	181	161951113	45532
chr4	161905581	162105581	harbor2	chr4	161966419	161966828	LTR/ERVL-MaLR	1439	+	204	161966623	61042
chr4	161905581	162105581	harbor2	chr4	161972369	161972820	LTR/ERVL-MaLR	1037	+	226	161972595	67014
chr4	119055749	119255749	harbor2	chr4	119118475	119118639	LTR/ERVL-MaLR	446	+	82	119118557	62808
chr4	119055749	119255749	harbor2	chr4	119129016	119129375	LTR/ERVL-MaLR	2211	+	180	119129196	73447
chr4	119055749	119255749	harbor2	chr4	119134331	119134815	LTR/ERVL-MaLR	1435	+	242	119134573	78824
chr4	109287094	109487094	harbor2	chr4	109305516	109305984	LTR/ERVL-MaLR	1876	+	234	109305750	18656
chr4	109287094	109487094	harbor2	chr4	109324647	109325746	LTR/ERVL-MaLR	2058	+	550	109325197	38103
chr4	109287094	109487094	harbor2	chr4	109326695	109327048	LTR/ERVL-MaLR	1333	+	176	109326871	39777
chr4	109287094	109487094	harbor2	chr4	109348635	109348996	LTR/ERVL-MaLR	2228	+	180	109348815	61721
chr4	109287094	109487094	harbor2	chr4	109361949	109362433	LTR/ERVL-MaLR	1601	+	242	109362191	75097
chr4	134530249	134730249	harbor2	chr4	134597794	134598162	LTR/ERVL-MaLR	1869	+	184	134597978	67729
chr4	134530249	134730249	harbor2	chr4	134611245	134611577	LTR/ERVL-MaLR	1462	+	166	134611411	81162
chr4	134530249	134730249	harbor2	chr4	134610914	134610945	LTR/ERVL-MaLR	1462	+	16	134610930	80681
chr4	184766898	184966898	harbor2	chr4	184779131	184779480	LTR/ERVL-MaLR	2845	+	174	184779305	12407
chr4	187310816	187510816	harbor2	chr4	187396311	187396439	LTR/ERVL-MaLR	423	+	64	187396375	85559
chr4	187310816	187510816	harbor2	chr4	187401587	187402040	LTR/ERVL-MaLR	926	+	226	187401813	90997
chr4	174823700	175023700	harbor2	chr4	174843258	174843669	LTR/ERVL-MaLR	1749	+	206	174843464	19764
chr4	174823700	175023700	harbor2	chr4	174864898	174865388	LTR/ERVL-MaLR	1474	+	245	174865143	41443
chr4	174823700	175023700	harbor2	chr4	174866906	174867081	LTR/ERVL-MaLR	4312	+	88	174866994	43294
chr4	174823700	175023700	harbor2	chr4	174867114	174868128	LTR/ERVL-MaLR	4312	+	507	174867621	43921
chr4	174823700	175023700	harbor2	chr4	174868136	174868702	LTR/ERVL-MaLR	1110	+	283	174868419	44719
chr4	174823700	175023700	harbor2	chr4	174871595	174872199	LTR/ERVL-MaLR	1327	+	302	174871897	48197
chr4	174823700	175023700	harbor2	chr4	174873208	174873765	LTR/ERVL-MaLR	817	+	278	174873486	49786
chr4	174823700	175023700	harbor2	chr4	174877766	174878347	LTR/ERVL-MaLR	1835	+	290	174878056	54356
chr4	174823700	175023700	harbor2	chr4	174889086	174889431	LTR/ERVL-MaLR	1033	+	172	174889258	65558
chr4	174823700	175023700	harbor2	chr4	174895818	174896223	LTR/ERVL-MaLR	1352	+	202	174896020	72320
chr4	174823700	175023700	harbor2	chr4	174900575	174901023	LTR/ERVL-MaLR	965	+	224	174900799	77099
chr4	174823700	175023700	harbor2	chr4	174905062	174905418	LTR/ERVL-MaLR	2070	+	178	174905240	81540
chr4	165172284	165372284	harbor2	chr4	165193048	165193526	LTR/ERVL-MaLR	1040	+	239	165193287	21003
chr4	152082577	152282577	harbor2	chr4	152094070	152094421	LTR/ERVL-MaLR	2005	+	176	152094246	11669
chr4	152082577	152282577	harbor2	chr4	152104098	152104474	LTR/ERVL-MaLR	1633	+	188	152104286	21709
chr4	152082577	152282577	harbor2	chr4	152105408	152105601	LTR/ERVL-MaLR	1869	+	96	152105504	22927
chr4	152082577	152282577	harbor2	chr4	152105899	152106149	LTR/ERVL-MaLR	1869	+	125	152106024	23447
chr4	152082577	152282577	harbor2	chr4	152120084	152120516	LTR/ERVL-MaLR	2606	+	216	152120300	37723
chr4	152082577	152282577	harbor2	chr4	152136089	152136289	LTR/ERVL-MaLR	702	+	100	152136189	53612
chr4	152082577	152282577	harbor2	chr4	152148572	152148908	LTR/ERVL-MaLR	780	+	168	152148740	66163
chr4	152082577	152282577	harbor2	chr4	152155069	152155570	LTR/ERVL-MaLR	872	+	250	152155319	72742
chr4	152082577	152282577	harbor2	chr4	152162687	152162867	LTR/ERVL-MaLR	977	+	90	152162777	80200
chr4	152082577	152282577	harbor2	chr4	152162952	152163175	LTR/ERVL-MaLR	792	+	112	152163064	80487
chr4	152082577	152282577	harbor2	chr4	152171421	152171653	LTR/ERVL-MaLR	2132	+	116	152171537	88960
chr4	152082577	152282577	harbor2	chr4	152171654	152172008	LTR/ERVL-MaLR	2386	+	177	152171831	89254
chr4	152082577	152282577	harbor2	chr4	152172009	152172164	LTR/ERVL-MaLR	2132	+	78	152172087	89510
chr4	152082577	152282577	harbor2	chr4	152178075	152178446	LTR/ERVL-MaLR	1668	+	186	152178261	95684
chr4	141789647	141989647	harbor2	chr4	141841316	141841661	LTR/ERVL-MaLR	2072	+	172	141841488	51841
chr4	141789647	141989647	harbor2	chr4	141854962	141855023	LTR/ERVL-MaLR	1357	+	30	141854992	65345
chr4	141789647	141989647	harbor2	chr4	141856105	141856391	LTR/ERVL-MaLR	1357	+	143	141856248	66601
chr4	141789647	141989647	harbor2	chr4	141885755	141886130	LTR/ERVL-MaLR	2198	+	188	141885943	96296
chr4	141789647	141989647	harbor2	chr4	141885018	141885521	LTR/ERVL-MaLR	1232	+	252	141885270	95623
chr4	185453674	185653674	harbor2	chr4	185461640	185461816	LTR/ERVL-MaLR	726	+	88	185461728	8054
chr4	185453674	185653674	harbor2	chr4	185462102	185462372	LTR/ERVL-MaLR	726	+	135	185462237	8563
chr4	185453674	185653674	harbor2	chr4	185525627	185525974	LTR/ERVL-MaLR	1550	+	174	185525801	72127
chr4	185453674	185653674	harbor2	chr4	185538544	185538844	LTR/ERVL-MaLR	898	+	150	185538694	85020
chr4	185453674	185653674	harbor2	chr4	185539246	185539436	LTR/ERVL-MaLR	882	+	95	185539341	85667
chr4	185453674	185653674	harbor2	chr4	185548881	185549241	LTR/ERVL-MaLR	1661	+	180	185549061	95387
chr4	58027995	58227995	harbor2	chr4	58043132	58043488	LTR/ERVL-MaLR	2170	+	178	58043310	15315
chr4	58027995	58227995	harbor2	chr4	58043580	58044368	LTR/ERVL-MaLR	5103	+	394	58043974	15979
chr4	58027995	58227995	harbor2	chr4	58044369	58044724	LTR/ERVL-MaLR	2062	+	178	58044547	16552
chr4	58027995	58227995	harbor2	chr4	58070857	58071238	LTR/ERVL-MaLR	1363	+	190	58071047	43052
chr4	58027995	58227995	harbor2	chr4	58073723	58074103	LTR/ERVL-MaLR	2249	+	190	58073913	45918
chr4	58027995	58227995	harbor2	chr4	58079043	58079557	LTR/ERVL-MaLR	469	+	257	58079300	51305
chr4	58027995	58227995	harbor2	chr4	58084019	58084422	LTR/ERVL-MaLR	1942	+	202	58084221	56226
chr4	58027995	58227995	harbor2	chr4	58091601	58091758	LTR/ERVL-MaLR	650	+	78	58091679	63684
chr4	58027995	58227995	harbor2	chr4	58092745	58092983	LTR/ERVL-MaLR	955	+	119	58092864	64869
chr4	58027995	58227995	harbor2	chr4	58106356	58106716	LTR/ERVL-MaLR	2161	+	180	58106536	78541
chr4	58027995	58227995	harbor2	chr4	58109643	58109948	LTR/ERVL-MaLR	508	+	152	58109795	81800
chr4	178839647	179039647	harbor2	chr4	178881075	178881459	LTR/ERVL-MaLR	2166	+	192	178881267	41620
chr4	178839647	179039647	harbor2	chr4	178881460	178883096	LTR/ERVL-MaLR	9767	+	818	178882278	42631
chr4	178839647	179039647	harbor2	chr4	178883099	178883474	LTR/ERVL-MaLR	1940	+	188	178883287	43640
chr4	178839647	179039647	harbor2	chr4	178890799	178891979	LTR/ERVL-MaLR	1768	+	590	178891389	51742
chr4	178839647	179039647	harbor2	chr4	178891980	178892101	LTR/ERVL-MaLR	533	+	60	178892040	52393
chr4	178839647	179039647	harbor2	chr4	178892117	178892532	LTR/ERVL-MaLR	1247	+	208	178892325	52678
chr4	178839647	179039647	harbor2	chr4	178917805	178918204	LTR/ERVL-MaLR	1745	+	200	178918005	78358
chr4	179089414	179289414	harbor2	chr4	179090386	179090776	LTR/ERVL-MaLR	1284	+	195	179090581	1167
chr4	179089414	179289414	harbor2	chr4	179095443	179095833	LTR/ERVL-MaLR	1070	+	195	179095638	6224
chr4	179089414	179289414	harbor2	chr4	179109192	179109587	LTR/ERVL-MaLR	1851	+	198	179109390	19976
chr4	179089414	179289414	harbor2	chr4	179127507	179127756	LTR/ERVL-MaLR	614	+	124	179127631	38217
chr4	179089414	179289414	harbor2	chr4	179142936	179143194	LTR/ERVL-MaLR	521	+	129	179143065	53651
chr4	154344083	154544083	harbor2	chr4	154348446	154348868	LTR/ERVL-MaLR	1469	+	211	154348657	4574
chr4	154344083	154544083	harbor2	chr4	154369536	154369686	LTR/ERVL-MaLR	865	+	75	154369611	25528
chr4	154344083	154544083	harbor2	chr4	154384473	154384913	LTR/ERVL-MaLR	1194	+	220	154384693	40610
chr4	154344083	154544083	harbor2	chr4	154385792	154385859	LTR/ERVL-MaLR	1194	+	34	154385826	41743
chr4	154344083	154544083	harbor2	chr4	154402643	154402782	LTR/ERVL-MaLR	845	+	70	154402713	58630
chr4	154344083	154544083	harbor2	chr4	154432974	154433383	LTR/ERVL-MaLR	1214	+	204	154433178	89095
chr4	154344083	154544083	harbor2	chr4	154433694	154433759	LTR/ERVL-MaLR	1214	+	32	154433726	89643
chr4	177039932	177239932	harbor2	chr4	177044578	177044719	LTR/ERVL-MaLR	460	+	70	177044648	4716
chr4	177039932	177239932	harbor2	chr4	177052484	177053232	LTR/ERVL-MaLR	1391	+	374	177052858	12926
chr4	177039932	177239932	harbor2	chr4	177053296	177053651	LTR/ERVL-MaLR	703	+	178	177053474	13542
chr4	177039932	177239932	harbor2	chr4	177125644	177126084	LTR/ERVL-MaLR	1098	+	220	177125864	85932
chr4	130510100	130710100	harbor2	chr4	130517273	130517691	LTR/ERVL-MaLR	1887	+	209	130517482	7382
chr4	130510100	130710100	harbor2	chr4	130561605	130561658	LTR/ERVL-MaLR	415	+	26	130561631	51531
chr4	130510100	130710100	harbor2	chr4	130562090	130562453	LTR/ERVL-MaLR	1896	+	182	130562272	52172
chr4	130510100	130710100	harbor2	chr4	130589930	130590090	LTR/ERVL-MaLR	1677	+	80	130590010	79910
chr4	130510100	130710100	harbor2	chr4	130590420	130590628	LTR/ERVL-MaLR	1677	+	104	130590524	80424
chr4	130510100	130710100	harbor2	chr4	130593602	130593956	LTR/ERVL-MaLR	1715	+	177	130593779	83679
chr4	130510100	130710100	harbor2	chr4	130596884	130597722	LTR/ERVL-MaLR	1921	+	419	130597303	87203
chr4	130510100	130710100	harbor2	chr4	130602062	130602553	LTR/ERVL-MaLR	1580	+	246	130602308	92208
chr4	130510100	130710100	harbor2	chr4	130596482	130596880	LTR/ERVL-MaLR	1145	+	199	130596681	86581
chr4	133138494	133338494	harbor2	chr4	133207847	133208363	LTR/ERVL-MaLR	1399	+	258	133208105	69611
chr4	168612068	168812068	harbor2	chr4	168616845	168617261	LTR/ERVL-MaLR	752	+	208	168617053	4985
chr4	187333683	187533683	harbor2	chr4	187396311	187396439	LTR/ERVL-MaLR	423	+	64	187396375	62692
chr4	187333683	187533683	harbor2	chr4	187401587	187402040	LTR/ERVL-MaLR	926	+	226	187401813	68130
chr4	137402808	137602808	harbor2	chr4	137413466	137413840	LTR/ERVL-MaLR	2121	+	187	137413653	10845
chr4	137402808	137602808	harbor2	chr4	137429677	137430086	LTR/ERVL-MaLR	2329	+	204	137429881	27073
chr4	137402808	137602808	harbor2	chr4	137430096	137431737	LTR/ERVL-MaLR	9216	+	820	137430916	28108
chr4	137402808	137602808	harbor2	chr4	137431748	137432170	LTR/ERVL-MaLR	2373	+	211	137431959	29151
chr4	137402808	137602808	harbor2	chr4	137437780	137438152	LTR/ERVL-MaLR	1978	+	186	137437966	35158
chr4	137402808	137602808	harbor2	chr4	137491679	137492189	LTR/ERVL-MaLR	648	+	255	137491934	89126
chr4	137402808	137602808	harbor2	chr4	137494778	137495143	LTR/ERVL-MaLR	2597	+	182	137494960	92152
chr4	33356515	33556515	harbor2	chr4	33359415	33359608	LTR/ERVL-MaLR	444	+	96	33359511	2996
chr4	33356515	33556515	harbor2	chr4	33377298	33377660	LTR/ERVL-MaLR	2114	+	181	33377479	20964
chr4	33356515	33556515	harbor2	chr4	33379949	33380475	LTR/ERVL-MaLR	1058	+	263	33380212	23697
chr4	33356515	33556515	harbor2	chr4	33452084	33452439	LTR/ERVL-MaLR	2560	+	178	33452262	95747
chr4	189886700	190086700	harbor2	chr4	189898216	189898546	LTR/ERVL-MaLR	1100	+	165	189898381	11681
chr4	189886700	190086700	harbor2	chr4	189902929	189903278	LTR/ERVL-MaLR	1114	+	174	189903103	16403
chr4	189886700	190086700	harbor2	chr4	189911763	189912179	LTR/ERVL-MaLR	732	+	208	189911971	25271
chr4	189886700	190086700	harbor2	chr4	189913648	189914034	LTR/ERVL-MaLR	1900	+	193	189913841	27141
chr4	189886700	190086700	harbor2	chr4	189914359	189914895	LTR/ERVL-MaLR	1495	+	268	189914627	27927
chr4	189886700	190086700	harbor2	chr4	189936388	189936769	LTR/ERVL-MaLR	1880	+	190	189936578	49878
chr4	189886700	190086700	harbor2	chr4	189937028	189937422	LTR/ERVL-MaLR	2054	+	197	189937225	50525
chr4	189886700	190086700	harbor2	chr4	189986586	189986748	LTR/ERVL-MaLR	2548	+	81	189986667	99967
chr4	153043869	153243869	harbor2	chr4	153048042	153048188	LTR/ERVL-MaLR	989	+	73	153048115	4246
chr4	153043869	153243869	harbor2	chr4	153060709	153060814	LTR/ERVL-MaLR	536	+	52	153060761	16892
chr4	153043869	153243869	harbor2	chr4	153062478	153062856	LTR/ERVL-MaLR	1741	+	189	153062667	18798
chr4	153043869	153243869	harbor2	chr4	153069132	153069506	LTR/ERVL-MaLR	2624	+	187	153069319	25450
chr4	153043869	153243869	harbor2	chr4	153069820	153069865	LTR/ERVL-MaLR	2624	+	22	153069842	25973
chr4	153043869	153243869	harbor2	chr4	153111519	153111880	LTR/ERVL-MaLR	1831	+	180	153111699	67830
chr4	153043869	153243869	harbor2	chr4	153131096	153131214	LTR/ERVL-MaLR	1516	+	59	153131155	87286
chr4	153043869	153243869	harbor2	chr4	153131507	153131901	LTR/ERVL-MaLR	1516	+	197	153131704	87835
chr4	159996176	160196176	harbor2	chr4	160008878	160009480	LTR/ERVL-MaLR	1674	+	301	160009179	13003
chr4	159996176	160196176	harbor2	chr4	160020899	160021102	LTR/ERVL-MaLR	489	+	102	160021001	24825
chr4	159996176	160196176	harbor2	chr4	160089595	160089967	LTR/ERVL-MaLR	1977	+	186	160089781	93605
chr4	109647825	109847825	harbor2	chr4	109675607	109676007	LTR/ERVL-MaLR	1891	+	200	109675807	27982
chr4	109647825	109847825	harbor2	chr4	109676010	109676256	LTR/ERVL-MaLR	1294	+	123	109676133	28308
chr4	109647825	109847825	harbor2	chr4	109676397	109676496	LTR/ERVL-MaLR	467	+	50	109676447	28622
chr4	109647825	109847825	harbor2	chr4	109676720	109676929	LTR/ERVL-MaLR	863	+	104	109676824	28999
chr4	109647825	109847825	harbor2	chr4	109676933	109677476	LTR/ERVL-MaLR	2593	+	272	109677205	29380
chr4	109647825	109847825	harbor2	chr4	109677477	109677793	LTR/ERVL-MaLR	1521	+	158	109677635	29810
chr4	109647825	109847825	harbor2	chr4	109691648	109692023	LTR/ERVL-MaLR	2224	+	188	109691836	44011
chr4	109647825	109847825	harbor2	chr4	109692904	109693316	LTR/ERVL-MaLR	2599	+	206	109693110	45285
chr4	109647825	109847825	harbor2	chr4	109716873	109717218	LTR/ERVL-MaLR	1970	+	172	109717045	69220
chr4	109647825	109847825	harbor2	chr4	109722342	109722703	LTR/ERVL-MaLR	2216	+	180	109722522	74697
chr4	109647825	109847825	harbor2	chr4	109737606	109737856	LTR/ERVL-MaLR	613	+	125	109737731	89906
chr4	109647825	109847825	harbor2	chr4	109738487	109738819	LTR/ERVL-MaLR	566	+	166	109738653	90828
chr4	188424485	188624485	harbor2	chr4	188427503	188428024	LTR/ERVL-MaLR	1860	+	260	188427763	3278
chr4	188424485	188624485	harbor2	chr4	188481153	188481499	LTR/ERVL-MaLR	1673	+	173	188481326	56841
chr4	188424485	188624485	harbor2	chr4	188485170	188485609	LTR/ERVL-MaLR	1575	+	220	188485390	60905
chr4	188424485	188624485	harbor2	chr4	188519906	188520261	LTR/ERVL-MaLR	2182	+	178	188520084	95599
chr4	188424485	188624485	harbor2	chr4	188520543	188520892	LTR/ERVL-MaLR	2273	+	174	188520717	96232
chr4	188424485	188624485	harbor2	chr4	188520893	188521383	LTR/ERVL-MaLR	11728	+	245	188521138	96653
chr4	188424485	188624485	harbor2	chr4	188521682	188522801	LTR/ERVL-MaLR	11728	+	560	188522242	97757
chr4	188424485	188624485	harbor2	chr4	188522802	188523146	LTR/ERVL-MaLR	2150	+	172	188522974	98489
chr4	140506263	140706263	harbor2	chr4	140571419	140571908	LTR/ERVL-MaLR	1229	+	244	140571663	65400
chr4	122072547	122272547	harbor2	chr4	122079819	122080219	LTR/ERVL-MaLR	2230	+	200	122080019	7472
chr4	122072547	122272547	harbor2	chr4	122083265	122083757	LTR/ERVL-MaLR	2101	+	246	122083511	10964
chr4	122072547	122272547	harbor2	chr4	122139124	122139490	LTR/ERVL-MaLR	2150	+	183	122139307	66760
chr4	122072547	122272547	harbor2	chr4	122147576	122147774	LTR/ERVL-MaLR	1217	+	99	122147675	75128
chr4	124972812	125172812	harbor2	chr4	124978581	124978942	LTR/ERVL-MaLR	2192	+	180	124978761	5949
chr4	124972812	125172812	harbor2	chr4	125046859	125047250	LTR/ERVL-MaLR	1788	+	196	125047055	74243
chr4	133716663	133916663	harbor2	chr4	133732205	133732772	LTR/ERVL-MaLR	1735	+	284	133732489	15826
chr4	133716663	133916663	harbor2	chr4	133766818	133766961	LTR/ERVL-MaLR	648	+	72	133766890	50227
chr4	133716663	133916663	harbor2	chr4	133776501	133776858	LTR/ERVL-MaLR	2149	+	178	133776679	60016
chr4	178886762	179086762	harbor2	chr4	178890799	178891979	LTR/ERVL-MaLR	1768	+	590	178891389	4627
chr4	178886762	179086762	harbor2	chr4	178891980	178892101	LTR/ERVL-MaLR	533	+	60	178892040	5278
chr4	178886762	179086762	harbor2	chr4	178892117	178892532	LTR/ERVL-MaLR	1247	+	208	178892325	5563
chr4	178886762	179086762	harbor2	chr4	178917805	178918204	LTR/ERVL-MaLR	1745	+	200	178918005	31243
chr4	178886762	179086762	harbor2	chr4	178956276	178956645	LTR/ERVL-MaLR	2215	+	184	178956460	69698
chr4	178886762	179086762	harbor2	chr4	178961703	178962166	LTR/ERVL-MaLR	1287	+	232	178961935	75173
chr4	178886762	179086762	harbor2	chr4	178965890	178966237	LTR/ERVL-MaLR	1223	+	174	178966064	79302
chr4	178886762	179086762	harbor2	chr4	178967771	178968356	LTR/ERVL-MaLR	1581	+	292	178968063	81301
chr4	178886762	179086762	harbor2	chr4	178982233	178982599	LTR/ERVL-MaLR	634	+	183	178982416	95654
chr4	178886762	179086762	harbor2	chr4	178962246	178962770	LTR/ERVL-MaLR	1329	+	262	178962508	75746
chr4	154671835	154871835	harbor2	chr4	154715251	154715667	LTR/ERVL-MaLR	2248	+	208	154715459	43624
chr4	154671835	154871835	harbor2	chr4	154735866	154736221	LTR/ERVL-MaLR	2192	+	178	154736044	64209
chr4	154671835	154871835	harbor2	chr4	154760189	154760358	LTR/ERVL-MaLR	1679	+	84	154760273	88438
chr4	154671835	154871835	harbor2	chr4	154760385	154760566	LTR/ERVL-MaLR	1679	+	90	154760475	88640
chr4	154671835	154871835	harbor2	chr4	154764361	154764632	LTR/ERVL-MaLR	529	+	136	154764497	92662
chr4	154671835	154871835	harbor2	chr4	154770976	154771186	LTR/ERVL-MaLR	592	+	105	154771081	99246
chr4	130299544	130499544	harbor2	chr4	130304260	130304597	LTR/ERVL-MaLR	1226	+	168	130304428	4884
chr4	130299544	130499544	harbor2	chr4	130306868	130307030	LTR/ERVL-MaLR	535	+	81	130306949	7405
chr4	130299544	130499544	harbor2	chr4	130307057	130307264	LTR/ERVL-MaLR	650	+	104	130307161	7617
chr4	130299544	130499544	harbor2	chr4	130308810	130309917	LTR/ERVL-MaLR	2291	+	554	130309364	9820
chr4	130299544	130499544	harbor2	chr4	130309966	130310023	LTR/ERVL-MaLR	680	+	28	130309994	10450
chr4	130299544	130499544	harbor2	chr4	130310323	130310766	LTR/ERVL-MaLR	680	+	222	130310545	11001
chr4	130299544	130499544	harbor2	chr4	130319363	130319948	LTR/ERVL-MaLR	1884	+	292	130319655	20111
chr4	130299544	130499544	harbor2	chr4	130320245	130320297	LTR/ERVL-MaLR	1884	+	26	130320271	20727
chr4	130299544	130499544	harbor2	chr4	130329493	130329736	LTR/ERVL-MaLR	857	+	122	130329615	30071
chr4	130299544	130499544	harbor2	chr4	130362457	130362812	LTR/ERVL-MaLR	1494	+	178	130362635	63091
chr4	130299544	130499544	harbor2	chr4	130364410	130364871	LTR/ERVL-MaLR	2012	+	230	130364640	65096
chr4	130299544	130499544	harbor2	chr4	130376109	130376464	LTR/ERVL-MaLR	1325	+	178	130376287	76743
chr4	130299544	130499544	harbor2	chr4	130381269	130382821	LTR/ERVL-MaLR	9634	+	776	130382045	82501
chr4	130299544	130499544	harbor2	chr4	130382822	130383177	LTR/ERVL-MaLR	2146	+	178	130383000	83456
chr4	130299544	130499544	harbor2	chr4	130383166	130383236	LTR/ERVL-MaLR	1787	+	35	130383201	83657
chr4	130299544	130499544	harbor2	chr4	130383536	130383754	LTR/ERVL-MaLR	1787	+	109	130383645	84101
chr4	130299544	130499544	harbor2	chr4	130393574	130394077	LTR/ERVL-MaLR	1206	+	252	130393826	94282
chr4	180151781	180351781	harbor2	chr4	180230348	180230842	LTR/ERVL-MaLR	959	+	247	180230595	78814
chr4	189291574	189491574	harbor2	chr4	189291484	189292989	LTR/ERVL-MaLR	9923	+	752	189292236	662
chr4	189291574	189491574	harbor2	chr4	189293602	189293951	LTR/ERVL-MaLR	1454	+	174	189293776	2202
chr4	189291574	189491574	harbor2	chr4	189388623	189388749	LTR/ERVL-MaLR	538	+	63	189388686	97112
chr4	189291574	189491574	harbor2	chr4	189388741	189388829	LTR/ERVL-MaLR	418	+	44	189388785	97211
chr4	189291574	189491574	harbor2	chr4	189388821	189389142	LTR/ERVL-MaLR	1427	+	160	189388981	97407
chr4	177051446	177251446	harbor2	chr4	177052484	177053232	LTR/ERVL-MaLR	1391	+	374	177052858	1412
chr4	177051446	177251446	harbor2	chr4	177053296	177053651	LTR/ERVL-MaLR	703	+	178	177053474	2028
chr4	177051446	177251446	harbor2	chr4	177125644	177126084	LTR/ERVL-MaLR	1098	+	220	177125864	74418
chr4	177051446	177251446	harbor2	chr4	177141055	177141428	LTR/ERVL-MaLR	1976	+	186	177141241	89795
chr4	177051446	177251446	harbor2	chr4	177141430	177143004	LTR/ERVL-MaLR	11606	+	787	177142217	90771
chr4	177051446	177251446	harbor2	chr4	177143005	177143378	LTR/ERVL-MaLR	1781	+	186	177143191	91745
chr4	184244382	184444382	harbor2	chr4	184244447	184244707	LTR/ERVL-MaLR	444	+	130	184244577	195
chr4	184244382	184444382	harbor2	chr4	184251486	184251499	LTR/ERVL-MaLR	1413	+	6	184251492	7110
chr4	184244382	184444382	harbor2	chr4	184252127	184252608	LTR/ERVL-MaLR	1413	+	240	184252367	7985
chr4	184244382	184444382	harbor2	chr4	184259025	184259384	LTR/ERVL-MaLR	1920	+	180	184259205	14823
chr4	184244382	184444382	harbor2	chr4	184276202	184276558	LTR/ERVL-MaLR	1936	+	178	184276380	31998
chr4	184244382	184444382	harbor2	chr4	184276559	184278059	LTR/ERVL-MaLR	10100	+	750	184277309	32927
chr4	184244382	184444382	harbor2	chr4	184278060	184278411	LTR/ERVL-MaLR	2017	+	176	184278236	33854
chr4	184244382	184444382	harbor2	chr4	184291673	184292105	LTR/ERVL-MaLR	2054	+	216	184291889	47507
chr4	184244382	184444382	harbor2	chr4	184295295	184295706	LTR/ERVL-MaLR	1405	+	206	184295501	51119
chr4	184244382	184444382	harbor2	chr4	184296117	184296536	LTR/ERVL-MaLR	1208	+	210	184296327	51945
chr4	184244382	184444382	harbor2	chr4	184311652	184312054	LTR/ERVL-MaLR	1711	+	201	184311853	67471
chr4	184244382	184444382	harbor2	chr4	184318314	184318780	LTR/ERVL-MaLR	1873	+	233	184318547	74165
chr4	184244382	184444382	harbor2	chr4	184335866	184336224	LTR/ERVL-MaLR	2041	+	179	184336045	91663
chr4	141559591	141759591	harbor2	chr4	141589847	141590060	LTR/ERVL-MaLR	471	+	106	141589953	30362
chr4	141559591	141759591	harbor2	chr4	141590071	141590407	LTR/ERVL-MaLR	1094	+	168	141590239	30648
chr4	141559591	141759591	harbor2	chr4	141592001	141592606	LTR/ERVL-MaLR	1298	+	302	141592303	32712
chr4	141559591	141759591	harbor2	chr4	141599451	141599876	LTR/ERVL-MaLR	1546	+	212	141599663	40072
chr4	141559591	141759591	harbor2	chr4	141630852	141631290	LTR/ERVL-MaLR	2451	+	219	141631071	71480
chr4	141559591	141759591	harbor2	chr4	141658038	141658385	LTR/ERVL-MaLR	1840	+	174	141658212	98621
chr4	161542686	161742686	harbor2	chr4	161546832	161547430	LTR/ERVL-MaLR	1719	+	299	161547131	4445
chr4	161542686	161742686	harbor2	chr4	161603443	161603636	LTR/ERVL-MaLR	691	+	96	161603539	60853
chr4	161542686	161742686	harbor2	chr4	161605782	161606215	LTR/ERVL-MaLR	591	+	216	161605998	63312
chr4	88944871	89144871	harbor2	chr4	88955345	88955475	LTR/ERVL-MaLR	1117	+	65	88955410	10539
chr4	88944871	89144871	harbor2	chr4	88955476	88955980	LTR/ERVL-MaLR	2286	+	252	88955728	10857
chr4	88944871	89144871	harbor2	chr4	88956854	88957043	LTR/ERVL-MaLR	1898	+	94	88956948	12077
chr4	88944871	89144871	harbor2	chr4	88957340	88957548	LTR/ERVL-MaLR	1898	+	104	88957444	12573
chr4	88944871	89144871	harbor2	chr4	88957549	88959269	LTR/ERVL-MaLR	8902	+	860	88958409	13538
chr4	88944871	89144871	harbor2	chr4	88959270	88959700	LTR/ERVL-MaLR	2474	+	215	88959485	14614
chr4	88944871	89144871	harbor2	chr4	88997934	88998281	LTR/ERVL-MaLR	1416	+	174	88998108	53237
chr4	88944871	89144871	harbor2	chr4	89007144	89007667	LTR/ERVL-MaLR	1884	+	262	89007406	62535
chr4	88944871	89144871	harbor2	chr4	89008197	89008573	LTR/ERVL-MaLR	1483	+	188	89008385	63514
chr4	88944871	89144871	harbor2	chr4	89018102	89018491	LTR/ERVL-MaLR	2133	+	194	89018296	73425
chr4	88944871	89144871	harbor2	chr4	89022558	89023127	LTR/ERVL-MaLR	2011	+	284	89022842	77971
chr4	88944871	89144871	harbor2	chr4	89035567	89035915	LTR/ERVL-MaLR	1886	+	174	89035741	90870
chr4	88944871	89144871	harbor2	chr4	89036014	89037649	LTR/ERVL-MaLR	10526	+	818	89036832	91961
chr4	88944871	89144871	harbor2	chr4	89037650	89038014	LTR/ERVL-MaLR	1975	+	182	89037832	92961
chr4	101613330	101813330	harbor2	chr4	101666506	101666857	LTR/ERVL-MaLR	2638	+	176	101666682	53352
chr4	101613330	101813330	harbor2	chr4	101684322	101684709	LTR/ERVL-MaLR	452	+	194	101684516	71186
chr4	104273120	104473120	harbor2	chr4	104317558	104317735	LTR/ERVL-MaLR	1054	+	88	104317646	44526
chr4	104273120	104473120	harbor2	chr4	104329391	104329811	LTR/ERVL-MaLR	1965	+	210	104329601	56481
chr4	104273120	104473120	harbor2	chr4	104363976	104364359	LTR/ERVL-MaLR	1951	+	192	104364168	91048
chr4	104273120	104473120	harbor2	chr4	104371050	104371270	LTR/ERVL-MaLR	1016	+	110	104371160	98040
chr4	104273120	104473120	harbor2	chr4	104371663	104371923	LTR/ERVL-MaLR	1016	+	130	104371793	98673
chr4	53120112	53320112	harbor2	chr4	53154650	53155115	LTR/ERVL-MaLR	1894	+	232	53154882	34770
chr4	53120112	53320112	harbor2	chr4	53155199	53155540	LTR/ERVL-MaLR	1405	+	170	53155369	35257
chr4	53120112	53320112	harbor2	chr4	53184134	53184583	LTR/ERVL-MaLR	1024	+	224	53184358	64246
chr4	53120112	53320112	harbor2	chr4	53188850	53189349	LTR/ERVL-MaLR	1057	+	250	53189100	68988
chr4	53120112	53320112	harbor2	chr4	53207622	53207950	LTR/ERVL-MaLR	1670	+	164	53207786	87674
chr4	53120112	53320112	harbor2	chr4	53208270	53208308	LTR/ERVL-MaLR	1670	+	19	53208289	88177
chr4	101155520	101355520	harbor2	chr4	101182701	101183055	LTR/ERVL-MaLR	2132	+	177	101182878	27358
chr4	164512770	164712770	harbor2	chr4	164522737	164523152	LTR/ERVL-MaLR	2511	+	208	164522945	10175
chr4	164512770	164712770	harbor2	chr4	164559810	164560140	LTR/ERVL-MaLR	794	+	165	164559975	47205
chr4	164512770	164712770	harbor2	chr4	164562429	164562539	LTR/ERVL-MaLR	602	+	55	164562484	49714
chr4	164512770	164712770	harbor2	chr4	164590087	164590220	LTR/ERVL-MaLR	695	+	66	164590153	77383
chr4	164512770	164712770	harbor2	chr4	164590791	164591067	LTR/ERVL-MaLR	1310	+	138	164590929	78159
chr4	63650230	63850230	harbor2	chr4	63676032	63676266	LTR/ERVL-MaLR	1082	+	117	63676149	25919
chr4	63650230	63850230	harbor2	chr4	63685096	63685460	LTR/ERVL-MaLR	1982	+	182	63685278	35048
chr4	63650230	63850230	harbor2	chr4	63687836	63688031	LTR/ERVL-MaLR	1808	+	98	63687934	37704
chr4	63650230	63850230	harbor2	chr4	63688060	63688230	LTR/ERVL-MaLR	1808	+	85	63688145	37915
chr4	63650230	63850230	harbor2	chr4	63688234	63689851	LTR/ERVL-MaLR	9877	+	808	63689042	38812
chr4	63650230	63850230	harbor2	chr4	63689857	63690257	LTR/ERVL-MaLR	1932	+	200	63690057	39827
chr4	63650230	63850230	harbor2	chr4	63711235	63711670	LTR/ERVL-MaLR	1431	+	218	63711453	61223
chr4	63650230	63850230	harbor2	chr4	63720045	63720435	LTR/ERVL-MaLR	1829	+	195	63720240	70010
chr4	63650230	63850230	harbor2	chr4	63732914	63733292	LTR/ERVL-MaLR	965	+	189	63733103	82873
chr4	95534468	95734468	harbor2	chr4	95565265	95565653	LTR/ERVL-MaLR	1992	+	194	95565459	30991
chr4	95534468	95734468	harbor2	chr4	95607445	95607817	LTR/ERVL-MaLR	2119	+	186	95607631	73163
chr4	70954344	71154344	harbor2	chr4	71040032	71040377	LTR/ERVL-MaLR	2212	+	172	71040204	85860
chr4	70954344	71154344	harbor2	chr4	71040685	71040722	LTR/ERVL-MaLR	2212	+	18	71040703	86359
chr4	156590058	156790058	harbor2	chr4	156594773	156595120	LTR/ERVL-MaLR	1053	+	174	156594947	4889
chr4	156590058	156790058	harbor2	chr4	156609258	156609823	LTR/ERVL-MaLR	2214	+	282	156609540	19482
chr4	156590058	156790058	harbor2	chr4	156614228	156614586	LTR/ERVL-MaLR	1739	+	179	156614407	24349
chr4	156590058	156790058	harbor2	chr4	156616865	156617045	LTR/ERVL-MaLR	429	+	90	156616955	26897
chr4	152967717	153167717	harbor2	chr4	152981628	152981981	LTR/ERVL-MaLR	1856	+	176	152981804	14087
chr4	152967717	153167717	harbor2	chr4	153004912	153005309	LTR/ERVL-MaLR	2056	+	198	153005110	37393
chr4	152967717	153167717	harbor2	chr4	153016648	153017026	LTR/ERVL-MaLR	1076	+	189	153016837	49120
chr4	152967717	153167717	harbor2	chr4	153020520	153020999	LTR/ERVL-MaLR	1661	+	240	153020760	53043
chr4	152967717	153167717	harbor2	chr4	153048042	153048188	LTR/ERVL-MaLR	989	+	73	153048115	80398
chr4	152967717	153167717	harbor2	chr4	153060709	153060814	LTR/ERVL-MaLR	536	+	52	153060761	93044
chr4	152967717	153167717	harbor2	chr4	153062478	153062856	LTR/ERVL-MaLR	1741	+	189	153062667	94950
chr4	178411078	178611078	harbor2	chr4	178411151	178411363	LTR/ERVL-MaLR	992	+	106	178411257	179
chr4	178411078	178611078	harbor2	chr4	178422116	178422495	LTR/ERVL-MaLR	1962	+	190	178422306	11228
chr5	181073602	181273602	harbor2	chr5	181103101	181103475	LTR/ERVL-MaLR	2136	+	187	181103288	29686
chr5	181073602	181273602	harbor2	chr5	181104433	181104638	LTR/ERVL-MaLR	643	+	102	181104535	30933
chr5	181073602	181273602	harbor2	chr5	181136307	181136473	LTR/ERVL-MaLR	836	+	83	181136390	62788
chr5	181073602	181273602	harbor2	chr5	181136466	181136541	LTR/ERVL-MaLR	443	+	38	181136504	62902
chr5	181073602	181273602	harbor2	chr5	181152815	181152983	LTR/ERVL-MaLR	635	+	84	181152899	79297
chr5	181073602	181273602	harbor2	chr5	181162638	181162860	LTR/ERVL-MaLR	885	+	111	181162749	89147
chr5	176921320	177121320	harbor2	chr5	176952921	176953257	LTR/ERVL-MaLR	1882	+	168	176953089	31769
chr5	176921320	177121320	harbor2	chr5	176964760	176965058	LTR/ERVL-MaLR	411	+	149	176964909	43589
chr5	176921320	177121320	harbor2	chr5	176989817	176989898	LTR/ERVL-MaLR	1557	+	40	176989857	68537
chr5	176921320	177121320	harbor2	chr5	176990211	176990482	LTR/ERVL-MaLR	1557	+	136	176990347	69027
chr5	176921320	177121320	harbor2	chr5	177008650	177008916	LTR/ERVL-MaLR	1057	+	133	177008783	87463
chr5	176921320	177121320	harbor2	chr5	177008911	177009005	LTR/ERVL-MaLR	590	+	47	177008958	87638
chr5	176921320	177121320	harbor2	chr5	177009309	177009363	LTR/ERVL-MaLR	590	+	27	177009336	88016
chr5	176921320	177121320	harbor2	chr5	177009431	177009551	LTR/ERVL-MaLR	479	+	60	177009491	88171
chr5	82401398	82601398	harbor2	chr5	82410379	82410747	LTR/ERVL-MaLR	2165	+	184	82410563	9165
chr5	82401398	82601398	harbor2	chr5	82419120	82419491	LTR/ERVL-MaLR	2131	+	186	82419306	17908
chr5	82401398	82601398	harbor2	chr5	82440932	82441106	LTR/ERVL-MaLR	395	+	87	82441019	39621
chr5	82401398	82601398	harbor2	chr5	82464115	82464278	LTR/ERVL-MaLR	1121	+	82	82464197	62799
chr5	31458572	31658572	harbor2	chr5	31465578	31465982	LTR/ERVL-MaLR	2358	+	202	31465780	7208
chr5	31458572	31658572	harbor2	chr5	31474313	31474362	LTR/ERVL-MaLR	1241	+	24	31474337	15765
chr5	31458572	31658572	harbor2	chr5	31474663	31474968	LTR/ERVL-MaLR	1241	+	152	31474815	16243
chr5	31458572	31658572	harbor2	chr5	31512532	31513085	LTR/ERVL-MaLR	1671	+	276	31512808	54236
chr5	31458572	31658572	harbor2	chr5	31527494	31527839	LTR/ERVL-MaLR	1213	+	172	31527666	69094
chr5	31458572	31658572	harbor2	chr5	31551438	31551891	LTR/ERVL-MaLR	2514	+	226	31551664	93092
chr5	161766411	161966411	harbor2	chr5	161803531	161803760	LTR/ERVL-MaLR	519	+	114	161803645	37234
chr5	161766411	161966411	harbor2	chr5	161805334	161805514	LTR/ERVL-MaLR	479	+	90	161805424	39013
chr5	181188832	181388832	harbor2	chr5	181278028	181278647	LTR/ERVL-MaLR	3114	+	310	181278338	89506
chr5	181188832	181388832	harbor2	chr5	181278648	181279018	LTR/ERVL-MaLR	1679	+	185	181278833	90001
chr5	86694312	86894312	harbor2	chr5	86712465	86712836	LTR/ERVL-MaLR	2217	+	186	86712651	18339
chr5	86694312	86894312	harbor2	chr5	86741494	86741776	LTR/ERVL-MaLR	1621	+	141	86741635	47323
chr5	86694312	86894312	harbor2	chr5	86741777	86742143	LTR/ERVL-MaLR	2208	+	183	86741960	47648
chr5	86694312	86894312	harbor2	chr5	86742436	86742480	LTR/ERVL-MaLR	2208	+	22	86742458	48146
chr5	86694312	86894312	harbor2	chr5	86742481	86742669	LTR/ERVL-MaLR	1621	+	94	86742575	48263
chr5	177002174	177202174	harbor2	chr5	177008650	177008916	LTR/ERVL-MaLR	1057	+	133	177008783	6609
chr5	177002174	177202174	harbor2	chr5	177008911	177009005	LTR/ERVL-MaLR	590	+	47	177008958	6784
chr5	177002174	177202174	harbor2	chr5	177009309	177009363	LTR/ERVL-MaLR	590	+	27	177009336	7162
chr5	177002174	177202174	harbor2	chr5	177009431	177009551	LTR/ERVL-MaLR	479	+	60	177009491	7317
chr5	177002174	177202174	harbor2	chr5	177072521	177072567	LTR/ERVL-MaLR	646	+	23	177072544	70370
chr5	177002174	177202174	harbor2	chr5	177072821	177072958	LTR/ERVL-MaLR	646	+	68	177072889	70715
chr5	177002174	177202174	harbor2	chr5	177073721	177074199	LTR/ERVL-MaLR	788	+	239	177073960	71786
chr5	177002174	177202174	harbor2	chr5	177076115	177076313	LTR/ERVL-MaLR	820	+	99	177076214	74040
chr5	105934595	106134595	harbor2	chr5	105942325	105942448	LTR/ERVL-MaLR	435	+	62	105942387	7792
chr5	105934595	106134595	harbor2	chr5	105942987	105943164	LTR/ERVL-MaLR	855	+	88	105943075	8480
chr5	105934595	106134595	harbor2	chr5	105944553	105944906	LTR/ERVL-MaLR	1640	+	176	105944729	10134
chr5	105934595	106134595	harbor2	chr5	105945211	105945556	LTR/ERVL-MaLR	1266	+	172	105945383	10788
chr5	105934595	106134595	harbor2	chr5	105946055	105946321	LTR/ERVL-MaLR	1276	+	133	105946188	11593
chr5	105934595	106134595	harbor2	chr5	105946919	105947322	LTR/ERVL-MaLR	1592	+	202	105947121	12526
chr5	159589011	159789011	harbor2	chr5	159598009	159598394	LTR/ERVL-MaLR	1505	+	192	159598201	9190
chr5	159589011	159789011	harbor2	chr5	159603747	159604023	LTR/ERVL-MaLR	464	+	138	159603885	14874
chr5	159589011	159789011	harbor2	chr5	159613921	159614276	LTR/ERVL-MaLR	1752	+	178	159614099	25088
chr5	159589011	159789011	harbor2	chr5	159629123	159629221	LTR/ERVL-MaLR	2222	+	49	159629172	40161
chr5	159589011	159789011	harbor2	chr5	159629658	159630024	LTR/ERVL-MaLR	2222	+	183	159629841	40830
chr5	159589011	159789011	harbor2	chr5	159642978	159643192	LTR/ERVL-MaLR	487	+	107	159643085	54074
chr5	159589011	159789011	harbor2	chr5	159652151	159652563	LTR/ERVL-MaLR	2484	+	206	159652357	63346
chr5	159589011	159789011	harbor2	chr5	159653240	159653636	LTR/ERVL-MaLR	796	+	198	159653438	64427
chr5	159589011	159789011	harbor2	chr5	159666595	159666708	LTR/ERVL-MaLR	403	+	56	159666651	77640
chr5	159589011	159789011	harbor2	chr5	159671427	159671845	LTR/ERVL-MaLR	2379	+	209	159671636	82625
chr5	159589011	159789011	harbor2	chr5	159671850	159673472	LTR/ERVL-MaLR	8197	+	811	159672661	83650
chr5	159589011	159789011	harbor2	chr5	159673486	159673924	LTR/ERVL-MaLR	2360	+	219	159673705	84694
chr5	159589011	159789011	harbor2	chr5	159679017	159679377	LTR/ERVL-MaLR	2084	+	180	159679197	90186
chr5	159589011	159789011	harbor2	chr5	159679378	159680941	LTR/ERVL-MaLR	9401	+	782	159680160	91149
chr5	159589011	159789011	harbor2	chr5	159680943	159681318	LTR/ERVL-MaLR	685	+	188	159681131	92120
chr5	159589011	159789011	harbor2	chr5	159629222	159629657	LTR/ERVL-MaLR	1845	+	218	159629440	40429
chr5	118836607	119036607	harbor2	chr5	118836611	118836935	LTR/ERVL-MaLR	1680	+	162	118836773	166
chr5	118836607	119036607	harbor2	chr5	118843802	118844140	LTR/ERVL-MaLR	780	+	169	118843971	7364
chr5	118836607	119036607	harbor2	chr5	118862654	118862989	LTR/ERVL-MaLR	823	+	168	118862822	26215
chr5	118836607	119036607	harbor2	chr5	118869799	118870213	LTR/ERVL-MaLR	1951	+	207	118870006	33399
chr5	118836607	119036607	harbor2	chr5	118893570	118893981	LTR/ERVL-MaLR	1325	+	206	118893776	57169
chr5	118836607	119036607	harbor2	chr5	118896799	118897060	LTR/ERVL-MaLR	1126	+	130	118896929	60322
chr5	118836607	119036607	harbor2	chr5	118897626	118897648	LTR/ERVL-MaLR	1126	+	11	118897637	61030
chr5	118836607	119036607	harbor2	chr5	118914121	118914464	LTR/ERVL-MaLR	984	+	172	118914293	77686
chr5	118836607	119036607	harbor2	chr5	118932475	118932885	LTR/ERVL-MaLR	1921	+	205	118932680	96073
chr5	142828247	143028247	harbor2	chr5	142832197	142832563	LTR/ERVL-MaLR	1202	+	183	142832380	4133
chr5	142828247	143028247	harbor2	chr5	142919046	142919492	LTR/ERVL-MaLR	2412	+	223	142919269	91022
chr5	177904189	178104189	harbor2	chr5	177904954	177905179	LTR/ERVL-MaLR	522	+	112	177905066	877
chr5	177904189	178104189	harbor2	chr5	177921546	177921737	LTR/ERVL-MaLR	614	+	96	177921642	17453
chr5	177904189	178104189	harbor2	chr5	177922730	177923194	LTR/ERVL-MaLR	1414	+	232	177922962	18773
chr5	177904189	178104189	harbor2	chr5	177925605	177925951	LTR/ERVL-MaLR	1851	+	173	177925778	21589
chr5	177904189	178104189	harbor2	chr5	177935029	177935365	LTR/ERVL-MaLR	2112	+	168	177935197	31008
chr5	177904189	178104189	harbor2	chr5	178004104	178004228	LTR/ERVL-MaLR	533	+	62	178004166	99977
chr5	167891917	168091917	harbor2	chr5	167969147	167969519	LTR/ERVL-MaLR	2634	+	186	167969333	77416
chr5	167891917	168091917	harbor2	chr5	167977828	167978237	LTR/ERVL-MaLR	2172	+	204	167978032	86115
chr5	159756297	159956297	harbor2	chr5	159756518	159756858	LTR/ERVL-MaLR	538	+	170	159756688	391
chr5	159756297	159956297	harbor2	chr5	159769459	159769556	LTR/ERVL-MaLR	420	+	48	159769507	13210
chr5	159756297	159956297	harbor2	chr5	159769858	159769919	LTR/ERVL-MaLR	420	+	30	159769888	13591
chr5	159756297	159956297	harbor2	chr5	159794145	159794592	LTR/ERVL-MaLR	2321	+	224	159794369	38072
chr5	159756297	159956297	harbor2	chr5	159811355	159811716	LTR/ERVL-MaLR	1791	+	180	159811535	55238
chr5	159756297	159956297	harbor2	chr5	159811721	159811887	LTR/ERVL-MaLR	895	+	83	159811804	55507
chr5	159756297	159956297	harbor2	chr5	159812501	159812529	LTR/ERVL-MaLR	895	+	14	159812515	56218
chr5	159756297	159956297	harbor2	chr5	159814175	159815556	LTR/ERVL-MaLR	5515	+	690	159814865	58568
chr5	159756297	159956297	harbor2	chr5	159815561	159815892	LTR/ERVL-MaLR	1591	+	166	159815727	59430
chr5	159756297	159956297	harbor2	chr5	159818445	159818698	LTR/ERVL-MaLR	579	+	126	159818571	62274
chr5	159756297	159956297	harbor2	chr5	159829373	159829914	LTR/ERVL-MaLR	970	+	270	159829643	73346
chr5	159756297	159956297	harbor2	chr5	159834812	159835312	LTR/ERVL-MaLR	1107	+	250	159835062	78765
chr5	159756297	159956297	harbor2	chr5	159838389	159838863	LTR/ERVL-MaLR	2469	+	237	159838626	82329
chr5	159756297	159956297	harbor2	chr5	159760173	159760578	LTR/ERVL-MaLR	802	+	202	159760375	4078
chr5	180973011	181173011	harbor2	chr5	180972709	180973060	LTR/ERVL-MaLR	1812	+	176	180972885	126
chr5	180973011	181173011	harbor2	chr5	181023375	181023506	LTR/ERVL-MaLR	698	+	66	181023441	50430
chr5	61111041	61311041	harbor2	chr5	61113435	61113805	LTR/ERVL-MaLR	2714	+	185	61113620	2579
chr5	61111041	61311041	harbor2	chr5	61176540	61177054	LTR/ERVL-MaLR	1894	+	257	61176797	65756
chr5	61111041	61311041	harbor2	chr5	61186959	61187344	LTR/ERVL-MaLR	1864	+	192	61187151	76110
chr5	61111041	61311041	harbor2	chr5	61187345	61188297	LTR/ERVL-MaLR	10512	+	476	61187821	76780
chr5	61111041	61311041	harbor2	chr5	61188298	61188649	LTR/ERVL-MaLR	2109	+	176	61188474	77433
chr5	61111041	61311041	harbor2	chr5	61188650	61189324	LTR/ERVL-MaLR	10512	+	337	61188987	77946
chr5	61111041	61311041	harbor2	chr5	61189325	61189687	LTR/ERVL-MaLR	1921	+	181	61189506	78465
chr5	61111041	61311041	harbor2	chr5	61202994	61203437	LTR/ERVL-MaLR	2095	+	222	61203216	92175
chr5	163637416	163837416	harbor2	chr5	163664636	163664977	LTR/ERVL-MaLR	1987	+	170	163664806	27390
chr5	163637416	163837416	harbor2	chr5	163682368	163682726	LTR/ERVL-MaLR	2036	+	179	163682547	45131
chr5	163637416	163837416	harbor2	chr5	163727024	163727426	LTR/ERVL-MaLR	1938	+	201	163727225	89809
chr5	126826315	127026315	harbor2	chr5	126864323	126864425	LTR/ERVL-MaLR	403	+	51	126864374	38059
chr5	126826315	127026315	harbor2	chr5	126900283	126900642	LTR/ERVL-MaLR	2055	+	180	126900463	74148
chr5	175697246	175897246	harbor2	chr5	175735356	175735736	LTR/ERVL-MaLR	494	+	190	175735546	38300
chr5	175697246	175897246	harbor2	chr5	175739439	175739633	LTR/ERVL-MaLR	662	+	97	175739536	42290
chr5	175697246	175897246	harbor2	chr5	175742655	175743076	LTR/ERVL-MaLR	1009	+	210	175742865	45619
chr5	175697246	175897246	harbor2	chr5	175744519	175744776	LTR/ERVL-MaLR	787	+	128	175744647	47401
chr5	175697246	175897246	harbor2	chr5	175746494	175746777	LTR/ERVL-MaLR	801	+	142	175746636	49390
chr5	175697246	175897246	harbor2	chr5	175746886	175747397	LTR/ERVL-MaLR	1159	+	256	175747142	49896
chr5	175697246	175897246	harbor2	chr5	175751468	175752001	LTR/ERVL-MaLR	998	+	266	175751734	54488
chr5	175697246	175897246	harbor2	chr5	175760018	175760388	LTR/ERVL-MaLR	2635	+	185	175760203	62957
chr5	175697246	175897246	harbor2	chr5	175760389	175761891	LTR/ERVL-MaLR	10679	+	751	175761140	63894
chr5	175697246	175897246	harbor2	chr5	175762197	175762314	LTR/ERVL-MaLR	10679	+	58	175762255	65009
chr5	175697246	175897246	harbor2	chr5	175762315	175762686	LTR/ERVL-MaLR	2649	+	186	175762501	65255
chr5	175697246	175897246	harbor2	chr5	175779699	175780121	LTR/ERVL-MaLR	2462	+	211	175779910	82664
chr5	175697246	175897246	harbor2	chr5	175782209	175782455	LTR/ERVL-MaLR	782	+	123	175782332	85086
chr5	175697246	175897246	harbor2	chr5	175782725	175783123	LTR/ERVL-MaLR	1080	+	199	175782924	85678
chr5	175697246	175897246	harbor2	chr5	175789626	175790004	LTR/ERVL-MaLR	1611	+	189	175789815	92569
chr5	175697246	175897246	harbor2	chr5	175790880	175791330	LTR/ERVL-MaLR	2143	+	225	175791105	93859
chr5	144213599	144413599	harbor2	chr5	144231558	144231921	LTR/ERVL-MaLR	2466	+	182	144231740	18141
chr5	144213599	144413599	harbor2	chr5	144245557	144245962	LTR/ERVL-MaLR	2489	+	202	144245759	32160
chr5	144213599	144413599	harbor2	chr5	144247078	144247627	LTR/ERVL-MaLR	1580	+	274	144247352	33753
chr5	144213599	144413599	harbor2	chr5	144295593	144296065	LTR/ERVL-MaLR	1867	+	236	144295829	82230
chr5	144213599	144413599	harbor2	chr5	144305288	144305533	LTR/ERVL-MaLR	1887	+	122	144305410	91811
chr5	144213599	144413599	harbor2	chr5	144305842	144306016	LTR/ERVL-MaLR	1887	+	87	144305929	92330
chr5	169999990	170199990	harbor2	chr5	170013308	170013800	LTR/ERVL-MaLR	2219	+	246	170013554	13564
chr5	169999990	170199990	harbor2	chr5	170014251	170014312	LTR/ERVL-MaLR	432	+	30	170014281	14291
chr5	169999990	170199990	harbor2	chr5	170087959	170088418	LTR/ERVL-MaLR	2632	+	230	170088189	88199
chr5	169999990	170199990	harbor2	chr5	170093266	170093770	LTR/ERVL-MaLR	1645	+	252	170093518	93528
chr5	150220775	150420775	harbor2	chr5	150310761	150310958	LTR/ERVL-MaLR	590	+	98	150310859	90084
chr5	150220775	150420775	harbor2	chr5	150310971	150311155	LTR/ERVL-MaLR	650	+	92	150311063	90288
chr5	150220775	150420775	harbor2	chr5	150313397	150313870	LTR/ERVL-MaLR	2153	+	236	150313633	92858
chr5	150220775	150420775	harbor2	chr5	150320145	150320505	LTR/ERVL-MaLR	1047	+	180	150320325	99550
chr5	20852635	21052635	harbor2	chr5	20853775	20854138	LTR/ERVL-MaLR	2489	+	182	20853957	1322
chr5	20852635	21052635	harbor2	chr5	20854139	20855722	LTR/ERVL-MaLR	10825	+	792	20854931	2296
chr5	20852635	21052635	harbor2	chr5	20855723	20856086	LTR/ERVL-MaLR	2406	+	182	20855905	3270
chr5	20852635	21052635	harbor2	chr5	20856318	20856431	LTR/ERVL-MaLR	831	+	56	20856374	3739
chr5	20852635	21052635	harbor2	chr5	20893386	20893755	LTR/ERVL-MaLR	2093	+	184	20893570	40935
chr5	20852635	21052635	harbor2	chr5	20893761	20895294	LTR/ERVL-MaLR	10334	+	766	20894527	41892
chr5	20852635	21052635	harbor2	chr5	20895295	20895651	LTR/ERVL-MaLR	1908	+	178	20895473	42838
chr5	20852635	21052635	harbor2	chr5	20906592	20906953	LTR/ERVL-MaLR	1999	+	180	20906772	54137
chr5	20852635	21052635	harbor2	chr5	20906956	20907653	LTR/ERVL-MaLR	4682	+	348	20907304	54669
chr5	20852635	21052635	harbor2	chr5	20907654	20908390	LTR/ERVL-MaLR	5423	+	368	20908022	55387
chr5	20852635	21052635	harbor2	chr5	20908391	20908748	LTR/ERVL-MaLR	2181	+	178	20908569	55934
chr5	20852635	21052635	harbor2	chr5	20935363	20935536	LTR/ERVL-MaLR	455	+	86	20935449	82814
chr5	20852635	21052635	harbor2	chr5	20936827	20937342	LTR/ERVL-MaLR	975	+	258	20937085	84450
chr5	20852635	21052635	harbor2	chr5	20945044	20945461	LTR/ERVL-MaLR	1832	+	208	20945252	92617
chr5	20852635	21052635	harbor2	chr5	20946247	20946594	LTR/ERVL-MaLR	1783	+	174	20946421	93786
chr5	20852635	21052635	harbor2	chr5	20946595	20946958	LTR/ERVL-MaLR	1913	+	182	20946777	94142
chr5	20852635	21052635	harbor2	chr5	20946959	20947017	LTR/ERVL-MaLR	1783	+	29	20946988	94353
chr5	52189204	52389204	harbor2	chr5	52229313	52229410	LTR/ERVL-MaLR	443	+	48	52229361	40157
chr5	52189204	52389204	harbor2	chr5	52245133	52245506	LTR/ERVL-MaLR	2110	+	186	52245319	56115
chr5	52189204	52389204	harbor2	chr5	52250822	52251246	LTR/ERVL-MaLR	1585	+	212	52251034	61830
chr5	52189204	52389204	harbor2	chr5	52288405	52288984	LTR/ERVL-MaLR	1375	+	290	52288695	99491
chr5	101369248	101569248	harbor2	chr5	101381382	101381581	LTR/ERVL-MaLR	601	+	100	101381482	12234
chr5	101369248	101569248	harbor2	chr5	101439242	101439643	LTR/ERVL-MaLR	1857	+	200	101439442	70194
chr5	101369248	101569248	harbor2	chr5	101439873	101440204	LTR/ERVL-MaLR	1004	+	166	101440039	70791
chr5	94575234	94775234	harbor2	chr5	94576262	94576695	LTR/ERVL-MaLR	2675	+	216	94576478	1244
chr5	94575234	94775234	harbor2	chr5	94602451	94602831	LTR/ERVL-MaLR	1858	+	190	94602641	27407
chr5	94575234	94775234	harbor2	chr5	94603127	94603167	LTR/ERVL-MaLR	1858	+	20	94603147	27913
chr5	94575234	94775234	harbor2	chr5	94641193	94641480	LTR/ERVL-MaLR	765	+	144	94641337	66103
chr5	94575234	94775234	harbor2	chr5	94645065	94645167	LTR/ERVL-MaLR	429	+	51	94645116	69882
chr5	40531462	40731462	harbor2	chr5	40560773	40561130	LTR/ERVL-MaLR	2434	+	178	40560951	29489
chr5	40531462	40731462	harbor2	chr5	40602511	40603002	LTR/ERVL-MaLR	641	+	246	40602757	71295
chr5	40531462	40731462	harbor2	chr5	40626418	40626845	LTR/ERVL-MaLR	2474	+	214	40626632	95170
chr5	179132808	179332808	harbor2	chr5	179137277	179137390	LTR/ERVL-MaLR	420	+	56	179137333	4525
chr5	179132808	179332808	harbor2	chr5	179143566	179143704	LTR/ERVL-MaLR	498	+	69	179143635	10827
chr5	179132808	179332808	harbor2	chr5	179149114	179149444	LTR/ERVL-MaLR	1362	+	165	179149279	16471
chr5	179132808	179332808	harbor2	chr5	179160777	179161120	LTR/ERVL-MaLR	821	+	172	179160949	28141
chr5	179132808	179332808	harbor2	chr5	179169069	179169426	LTR/ERVL-MaLR	1821	+	178	179169247	36439
chr5	179132808	179332808	harbor2	chr5	179183808	179184109	LTR/ERVL-MaLR	1257	+	150	179183958	51150
chr5	102909710	103109710	harbor2	chr5	102986654	102987015	LTR/ERVL-MaLR	2383	+	180	102986834	77124
chr5	138841551	139041551	harbor2	chr5	138897982	138898380	LTR/ERVL-MaLR	2116	+	199	138898181	56630
chr5	138841551	139041551	harbor2	chr5	138911306	138911782	LTR/ERVL-MaLR	2213	+	238	138911544	69993
chr5	171824318	172024318	harbor2	chr5	171828966	171829274	LTR/ERVL-MaLR	618	+	154	171829120	4802
chr5	171824318	172024318	harbor2	chr5	171829318	171829903	LTR/ERVL-MaLR	530	+	292	171829610	5292
chr5	171824318	172024318	harbor2	chr5	171829997	171830839	LTR/ERVL-MaLR	914	+	421	171830418	6100
chr5	171824318	172024318	harbor2	chr5	171830837	171830930	LTR/ERVL-MaLR	416	+	46	171830883	6565
chr5	171824318	172024318	harbor2	chr5	171831525	171831889	LTR/ERVL-MaLR	2247	+	182	171831707	7389
chr5	171824318	172024318	harbor2	chr5	171833170	171833737	LTR/ERVL-MaLR	2097	+	284	171833454	9136
chr5	171824318	172024318	harbor2	chr5	171839360	171839517	LTR/ERVL-MaLR	2244	+	78	171839438	15120
chr5	171824318	172024318	harbor2	chr5	171839828	171840061	LTR/ERVL-MaLR	2244	+	116	171839944	15626
chr5	171824318	172024318	harbor2	chr5	171849947	171850470	LTR/ERVL-MaLR	1335	+	262	171850209	25891
chr5	171824318	172024318	harbor2	chr5	171855020	171855582	LTR/ERVL-MaLR	909	+	281	171855301	30983
chr5	171824318	172024318	harbor2	chr5	171876616	171877038	LTR/ERVL-MaLR	2324	+	211	171876827	52509
chr5	104905028	105105028	harbor2	chr5	104915089	104915219	LTR/ERVL-MaLR	418	+	65	104915154	10126
chr5	104905028	105105028	harbor2	chr5	104922029	104922420	LTR/ERVL-MaLR	2031	+	196	104922225	17197
chr5	104905028	105105028	harbor2	chr5	104922421	104922931	LTR/ERVL-MaLR	6960	+	255	104922676	17648
chr5	104905028	105105028	harbor2	chr5	104923662	104924570	LTR/ERVL-MaLR	6960	+	454	104924116	19088
chr5	104905028	105105028	harbor2	chr5	104960102	104960471	LTR/ERVL-MaLR	1600	+	184	104960286	55258
chr5	104905028	105105028	harbor2	chr5	104996148	104996437	LTR/ERVL-MaLR	741	+	144	104996292	91264
chr5	133835261	134035261	harbor2	chr5	133856995	133857173	LTR/ERVL-MaLR	1552	+	89	133857084	21823
chr5	133835261	134035261	harbor2	chr5	133858884	133858915	LTR/ERVL-MaLR	1552	+	16	133858900	23639
chr5	133835261	134035261	harbor2	chr5	133859200	133859560	LTR/ERVL-MaLR	1552	+	180	133859380	24119
chr5	133835261	134035261	harbor2	chr5	133865841	133866136	LTR/ERVL-MaLR	572	+	148	133865989	30728
chr5	133835261	134035261	harbor2	chr5	133870764	133871007	LTR/ERVL-MaLR	611	+	122	133870886	35625
chr5	133835261	134035261	harbor2	chr5	133888962	133889550	LTR/ERVL-MaLR	2024	+	294	133889256	53995
chr5	133835261	134035261	harbor2	chr5	133905761	133906175	LTR/ERVL-MaLR	962	+	207	133905968	70707
chr5	122360405	122560405	harbor2	chr5	122406452	122406866	LTR/ERVL-MaLR	2564	+	207	122406659	46254
chr5	122360405	122560405	harbor2	chr5	122412934	122413124	LTR/ERVL-MaLR	970	+	95	122413029	52624
chr5	122360405	122560405	harbor2	chr5	122446958	122447354	LTR/ERVL-MaLR	1998	+	198	122447156	86751
chr5	45181799	45381799	harbor2	chr5	45227886	45228254	LTR/ERVL-MaLR	1356	+	184	45228070	46271
chr5	45181799	45381799	harbor2	chr5	45229943	45230303	LTR/ERVL-MaLR	1884	+	180	45230123	48324
chr5	45181799	45381799	harbor2	chr5	45281131	45281515	LTR/ERVL-MaLR	2068	+	192	45281323	99524
chr5	173442534	173642534	harbor2	chr5	173444949	173445375	LTR/ERVL-MaLR	1212	+	213	173445162	2628
chr5	173442534	173642534	harbor2	chr5	173453837	173453976	LTR/ERVL-MaLR	705	+	70	173453907	11373
chr5	173442534	173642534	harbor2	chr5	173453978	173454341	LTR/ERVL-MaLR	1362	+	182	173454160	11626
chr5	173442534	173642534	harbor2	chr5	173454342	173454473	LTR/ERVL-MaLR	517	+	66	173454408	11874
chr5	173442534	173642534	harbor2	chr5	173454483	173455036	LTR/ERVL-MaLR	2404	+	276	173454759	12225
chr5	173442534	173642534	harbor2	chr5	173455081	173455503	LTR/ERVL-MaLR	844	+	211	173455292	12758
chr5	173442534	173642534	harbor2	chr5	173456049	173456471	LTR/ERVL-MaLR	2086	+	211	173456260	13726
chr5	173442534	173642534	harbor2	chr5	173463360	173463824	LTR/ERVL-MaLR	453	+	232	173463592	21058
chr5	173442534	173642534	harbor2	chr5	173491087	173491444	LTR/ERVL-MaLR	1448	+	178	173491265	48731
chr5	173442534	173642534	harbor2	chr5	173491765	173491876	LTR/ERVL-MaLR	485	+	56	173491821	49287
chr5	173442534	173642534	harbor2	chr5	173500508	173500736	LTR/ERVL-MaLR	662	+	114	173500622	58088
chr5	173442534	173642534	harbor2	chr5	173505795	173506119	LTR/ERVL-MaLR	1342	+	162	173505957	63423
chr5	173442534	173642534	harbor2	chr5	173514434	173514650	LTR/ERVL-MaLR	636	+	108	173514542	72008
chr5	173442534	173642534	harbor2	chr5	173514793	173515133	LTR/ERVL-MaLR	705	+	170	173514963	72429
chr5	173442534	173642534	harbor2	chr5	173522093	173522457	LTR/ERVL-MaLR	1934	+	182	173522275	79741
chr5	173442534	173642534	harbor2	chr5	173525039	173525401	LTR/ERVL-MaLR	2145	+	181	173525220	82686
chr5	173442534	173642534	harbor2	chr5	173526083	173526616	LTR/ERVL-MaLR	2265	+	266	173526349	83815
chr5	173442534	173642534	harbor2	chr5	173528706	173528937	LTR/ERVL-MaLR	1006	+	116	173528822	86288
chr5	173442534	173642534	harbor2	chr5	173529805	173530238	LTR/ERVL-MaLR	526	+	216	173530021	87487
chr5	173442534	173642534	harbor2	chr5	173540614	173540999	LTR/ERVL-MaLR	2201	+	192	173540806	98272
chr5	136916114	137116114	harbor2	chr5	136926897	136927287	LTR/ERVL-MaLR	1308	+	195	136927092	10978
chr5	136916114	137116114	harbor2	chr5	136980399	136980734	LTR/ERVL-MaLR	2152	+	168	136980567	64453
chr5	136916114	137116114	harbor2	chr5	137013973	137014394	LTR/ERVL-MaLR	2154	+	210	137014183	98069
chr5	156503327	156703327	harbor2	chr5	156507075	156507545	LTR/ERVL-MaLR	1497	+	235	156507310	3983
chr5	156503327	156703327	harbor2	chr5	156530975	156531390	LTR/ERVL-MaLR	2113	+	208	156531183	27856
chr5	156503327	156703327	harbor2	chr5	156595120	156595472	LTR/ERVL-MaLR	1476	+	176	156595296	91969
chr5	149064585	149264585	harbor2	chr5	149068488	149068670	LTR/ERVL-MaLR	2247	+	91	149068579	3994
chr5	149064585	149264585	harbor2	chr5	149068963	149069244	LTR/ERVL-MaLR	2247	+	140	149069103	4518
chr5	149064585	149264585	harbor2	chr5	149084818	149084932	LTR/ERVL-MaLR	601	+	57	149084875	20290
chr5	149064585	149264585	harbor2	chr5	149087169	149087357	LTR/ERVL-MaLR	2526	+	94	149087263	22678
chr5	149064585	149264585	harbor2	chr5	149087666	149087902	LTR/ERVL-MaLR	2526	+	118	149087784	23199
chr5	149064585	149264585	harbor2	chr5	149089834	149090187	LTR/ERVL-MaLR	2389	+	176	149090010	25425
chr5	149064585	149264585	harbor2	chr5	149090188	149091744	LTR/ERVL-MaLR	12576	+	778	149090966	26381
chr5	149064585	149264585	harbor2	chr5	149091745	149092102	LTR/ERVL-MaLR	2363	+	178	149091923	27338
chr5	149064585	149264585	harbor2	chr5	149119169	149119333	LTR/ERVL-MaLR	551	+	82	149119251	54666
chr5	149064585	149264585	harbor2	chr5	149157513	149157775	LTR/ERVL-MaLR	576	+	131	149157644	93059
chr5	149064585	149264585	harbor2	chr5	149157797	149157937	LTR/ERVL-MaLR	510	+	70	149157867	93282
chr5	127471103	127671103	harbor2	chr5	127504711	127505075	LTR/ERVL-MaLR	2182	+	182	127504893	33790
chr5	127471103	127671103	harbor2	chr5	127514870	127515371	LTR/ERVL-MaLR	982	+	250	127515120	44017
chr5	164357347	164557347	harbor2	chr5	164358095	164358267	LTR/ERVL-MaLR	563	+	86	164358181	834
chr5	164357347	164557347	harbor2	chr5	164358293	164359228	LTR/ERVL-MaLR	3657	+	468	164358761	1414
chr5	164357347	164557347	harbor2	chr5	164359234	164359589	LTR/ERVL-MaLR	871	+	178	164359412	2065
chr5	164357347	164557347	harbor2	chr5	164407349	164407729	LTR/ERVL-MaLR	1950	+	190	164407539	50192
chr5	164357347	164557347	harbor2	chr5	164430156	164430572	LTR/ERVL-MaLR	2099	+	208	164430364	73017
chr5	164357347	164557347	harbor2	chr5	164456450	164456803	LTR/ERVL-MaLR	1587	+	176	164456626	99279
chr5	164357347	164557347	harbor2	chr5	164456804	164457508	LTR/ERVL-MaLR	5134	+	352	164457156	99809
chr5	167911709	168111709	harbor2	chr5	167969147	167969519	LTR/ERVL-MaLR	2634	+	186	167969333	57624
chr5	167911709	168111709	harbor2	chr5	167977828	167978237	LTR/ERVL-MaLR	2172	+	204	167978032	66323
chr5	70086314	70286314	harbor2	chr5	70088068	70088283	LTR/ERVL-MaLR	1459	+	108	70088176	1862
chr5	70086314	70286314	harbor2	chr5	70088284	70088424	LTR/ERVL-MaLR	9701	+	70	70088354	2040
chr5	70086314	70286314	harbor2	chr5	70088738	70090206	LTR/ERVL-MaLR	9701	+	734	70089472	3158
chr5	70086314	70286314	harbor2	chr5	70090207	70090559	LTR/ERVL-MaLR	1808	+	176	70090383	4069
chr5	70086314	70286314	harbor2	chr5	70124947	70125090	LTR/ERVL-MaLR	672	+	72	70125019	38705
chr5	70086314	70286314	harbor2	chr5	70125128	70125150	LTR/ERVL-MaLR	672	+	11	70125139	38825
chr5	70086314	70286314	harbor2	chr5	70125440	70125500	LTR/ERVL-MaLR	672	+	30	70125470	39156
chr5	70086314	70286314	harbor2	chr5	70175845	70176208	LTR/ERVL-MaLR	1235	+	182	70176027	89713
chr5	70086314	70286314	harbor2	chr5	70176211	70176912	LTR/ERVL-MaLR	2301	+	350	70176561	90247
chr5	70086314	70286314	harbor2	chr5	70177314	70177722	LTR/ERVL-MaLR	1998	+	204	70177518	91204
chr5	70086314	70286314	harbor2	chr5	70177723	70178079	LTR/ERVL-MaLR	1437	+	178	70177901	91587
chr5	70086314	70286314	harbor2	chr5	70180291	70180466	LTR/ERVL-MaLR	819	+	88	70180379	94065
chr5	70086314	70286314	harbor2	chr5	70182069	70182446	LTR/ERVL-MaLR	2678	+	188	70182257	95943
chr5	95518556	95718556	harbor2	chr5	95569335	95569763	LTR/ERVL-MaLR	1323	+	214	95569549	50993
chr5	118920277	119120277	harbor2	chr5	118932475	118932885	LTR/ERVL-MaLR	1921	+	205	118932680	12403
chr5	162608921	162808921	harbor2	chr5	162609112	162609503	LTR/ERVL-MaLR	1896	+	196	162609308	387
chr5	162608921	162808921	harbor2	chr5	162609504	162611158	LTR/ERVL-MaLR	8157	+	827	162610331	1410
chr5	162608921	162808921	harbor2	chr5	162658398	162658781	LTR/ERVL-MaLR	1923	+	192	162658590	49669
chr5	162608921	162808921	harbor2	chr5	162684934	162685303	LTR/ERVL-MaLR	1434	+	184	162685118	76197
chr5	162608921	162808921	harbor2	chr5	162685584	162685649	LTR/ERVL-MaLR	1434	+	32	162685616	76695
chr5	162608921	162808921	harbor2	chr5	162611162	162611544	LTR/ERVL-MaLR	1960	+	191	162611353	2432
chr5	124542505	124742505	harbor2	chr5	124568120	124568507	LTR/ERVL-MaLR	1863	+	194	124568314	25809
chr5	124542505	124742505	harbor2	chr5	124628479	124628757	LTR/ERVL-MaLR	405	+	139	124628618	86113
chr5	124542505	124742505	harbor2	chr5	124630927	124631196	LTR/ERVL-MaLR	482	+	134	124631061	88556
chr5	124542505	124742505	harbor2	chr5	124632739	124632950	LTR/ERVL-MaLR	788	+	106	124632845	90340
chr5	124542505	124742505	harbor2	chr5	124640229	124640598	LTR/ERVL-MaLR	1316	+	184	124640413	97908
chr5	160658958	160858958	harbor2	chr5	160680702	160681186	LTR/ERVL-MaLR	734	+	242	160680944	21986
chr5	160658958	160858958	harbor2	chr5	160747364	160747791	LTR/ERVL-MaLR	1590	+	214	160747578	88620
chr5	114127597	114327597	harbor2	chr5	114136173	114136474	LTR/ERVL-MaLR	1196	+	150	114136323	8726
chr5	114127597	114327597	harbor2	chr5	114166570	114166707	LTR/ERVL-MaLR	1307	+	68	114166638	39041
chr5	114127597	114327597	harbor2	chr5	114166708	114167076	LTR/ERVL-MaLR	1703	+	184	114166892	39295
chr5	114127597	114327597	harbor2	chr5	114167077	114167355	LTR/ERVL-MaLR	1445	+	139	114167216	39619
chr5	114127597	114327597	harbor2	chr5	114168867	114169245	LTR/ERVL-MaLR	2086	+	189	114169056	41459
chr5	153729797	153929797	harbor2	chr5	153740620	153740925	LTR/ERVL-MaLR	693	+	152	153740772	10975
chr5	153729797	153929797	harbor2	chr5	153752748	153753272	LTR/ERVL-MaLR	2225	+	262	153753010	23213
chr5	125025909	125225909	harbor2	chr5	125044396	125044637	LTR/ERVL-MaLR	514	+	120	125044516	18607
chr5	137063624	137263624	harbor2	chr5	137070044	137070346	LTR/ERVL-MaLR	464	+	151	137070195	6571
chr5	137063624	137263624	harbor2	chr5	137071913	137071983	LTR/ERVL-MaLR	410	+	35	137071948	8324
chr5	137063624	137263624	harbor2	chr5	137102333	137102605	LTR/ERVL-MaLR	442	+	136	137102469	38845
chr5	137063624	137263624	harbor2	chr5	137102935	137102982	LTR/ERVL-MaLR	1015	+	24	137102959	39335
chr5	137063624	137263624	harbor2	chr5	137103281	137103715	LTR/ERVL-MaLR	1015	+	217	137103498	39874
chr5	137063624	137263624	harbor2	chr5	137104071	137104456	LTR/ERVL-MaLR	2265	+	192	137104263	40639
chr5	137063624	137263624	harbor2	chr5	137125387	137125736	LTR/ERVL-MaLR	1592	+	174	137125561	61937
chr5	137063624	137263624	harbor2	chr5	137125741	137125999	LTR/ERVL-MaLR	1331	+	129	137125870	62246
chr5	137063624	137263624	harbor2	chr5	137126000	137126417	LTR/ERVL-MaLR	2183	+	208	137126208	62584
chr5	137063624	137263624	harbor2	chr5	137126418	137126483	LTR/ERVL-MaLR	2302	+	32	137126450	62826
chr5	137063624	137263624	harbor2	chr5	137126767	137127261	LTR/ERVL-MaLR	2302	+	247	137127014	63390
chr5	137063624	137263624	harbor2	chr5	137127564	137127974	LTR/ERVL-MaLR	2362	+	205	137127769	64145
chr5	137063624	137263624	harbor2	chr5	137127975	137128333	LTR/ERVL-MaLR	2094	+	179	137128154	64530
chr5	55075675	55275675	harbor2	chr5	55122457	55123021	LTR/ERVL-MaLR	881	+	282	55122739	47064
chr5	55075675	55275675	harbor2	chr5	55124212	55124629	LTR/ERVL-MaLR	866	+	208	55124420	48745
chr5	55075675	55275675	harbor2	chr5	55151838	55152317	LTR/ERVL-MaLR	1537	+	240	55152078	76403
chr5	152085270	152285270	harbor2	chr5	152102953	152103329	LTR/ERVL-MaLR	2903	+	188	152103141	17871
chr5	152085270	152285270	harbor2	chr5	152118393	152118827	LTR/ERVL-MaLR	1054	+	217	152118610	33340
chr5	152085270	152285270	harbor2	chr5	152146686	152147054	LTR/ERVL-MaLR	2614	+	184	152146870	61600
chr5	151857548	152057548	harbor2	chr5	151876757	151877154	LTR/ERVL-MaLR	1762	+	198	151876955	19407
chr5	151857548	152057548	harbor2	chr5	151877568	151877904	LTR/ERVL-MaLR	2139	+	168	151877736	20188
chr5	151857548	152057548	harbor2	chr5	151877905	151879343	LTR/ERVL-MaLR	11817	+	719	151878624	21076
chr5	151857548	152057548	harbor2	chr5	151879836	151880191	LTR/ERVL-MaLR	2111	+	178	151880014	22466
chr5	151857548	152057548	harbor2	chr5	151934700	151935267	LTR/ERVL-MaLR	871	+	284	151934984	77436
chr5	151857548	152057548	harbor2	chr5	151949386	151949741	LTR/ERVL-MaLR	1832	+	178	151949564	92016
chr5	151857548	152057548	harbor2	chr5	151879651	151879835	LTR/ERVL-MaLR	11817	+	92	151879743	22195
chr5	114120565	114320565	harbor2	chr5	114136173	114136474	LTR/ERVL-MaLR	1196	+	150	114136323	15758
chr5	114120565	114320565	harbor2	chr5	114166570	114166707	LTR/ERVL-MaLR	1307	+	68	114166638	46073
chr5	114120565	114320565	harbor2	chr5	114166708	114167076	LTR/ERVL-MaLR	1703	+	184	114166892	46327
chr5	114120565	114320565	harbor2	chr5	114167077	114167355	LTR/ERVL-MaLR	1445	+	139	114167216	46651
chr5	114120565	114320565	harbor2	chr5	114168867	114169245	LTR/ERVL-MaLR	2086	+	189	114169056	48491
chr5	126460969	126660969	harbor2	chr5	126537667	126537850	LTR/ERVL-MaLR	2071	+	92	126537759	76790
chr5	126460969	126660969	harbor2	chr5	126538179	126538395	LTR/ERVL-MaLR	2071	+	108	126538287	77318
chr5	126835857	127035857	harbor2	chr5	126864323	126864425	LTR/ERVL-MaLR	403	+	51	126864374	28517
chr5	126835857	127035857	harbor2	chr5	126900283	126900642	LTR/ERVL-MaLR	2055	+	180	126900463	64606
chr5	126835857	127035857	harbor2	chr5	126929697	126930062	LTR/ERVL-MaLR	2940	+	182	126929879	94022
chr5	180587314	180787314	harbor2	chr5	180667961	180668063	LTR/ERVL-MaLR	655	+	51	180668012	80698
chr5	180587314	180787314	harbor2	chr5	180668367	180668532	LTR/ERVL-MaLR	655	+	82	180668449	81135
chr5	136458615	136658615	harbor2	chr5	136458804	136459193	LTR/ERVL-MaLR	1311	+	194	136458998	383
chr5	136458615	136658615	harbor2	chr5	136470038	136470376	LTR/ERVL-MaLR	886	+	169	136470207	11592
chr5	136458615	136658615	harbor2	chr5	136507692	136508075	LTR/ERVL-MaLR	435	+	192	136507884	49269
chr5	136458615	136658615	harbor2	chr5	136519454	136519916	LTR/ERVL-MaLR	662	+	231	136519685	61070
chr5	123064590	123264590	harbor2	chr5	123069266	123069612	LTR/ERVL-MaLR	1617	+	173	123069439	4849
chr5	123064590	123264590	harbor2	chr5	123080587	123080977	LTR/ERVL-MaLR	703	+	195	123080782	16192
chr5	123064590	123264590	harbor2	chr5	123138876	123139230	LTR/ERVL-MaLR	2243	+	177	123139053	74463
chr5	165094344	165294344	harbor2	chr5	165110952	165111305	LTR/ERVL-MaLR	2120	+	176	165111128	16784
chr5	165094344	165294344	harbor2	chr5	165116649	165117006	LTR/ERVL-MaLR	2075	+	178	165116827	22483
chr5	165094344	165294344	harbor2	chr5	165147320	165147658	LTR/ERVL-MaLR	1715	+	169	165147489	53145
chr5	165094344	165294344	harbor2	chr5	165147685	165148271	LTR/ERVL-MaLR	1995	+	293	165147978	53634
chr5	165094344	165294344	harbor2	chr5	165161337	165161520	LTR/ERVL-MaLR	1112	+	92	165161429	67085
chr5	165094344	165294344	harbor2	chr5	165173199	165173414	LTR/ERVL-MaLR	1230	+	108	165173307	78963
chr5	165094344	165294344	harbor2	chr5	165173446	165173606	LTR/ERVL-MaLR	1230	+	80	165173526	79182
chr5	118015574	118215574	harbor2	chr5	118022513	118022702	LTR/ERVL-MaLR	894	+	94	118022607	7033
chr5	118015574	118215574	harbor2	chr5	118029781	118030077	LTR/ERVL-MaLR	498	+	148	118029929	14355
chr5	118015574	118215574	harbor2	chr5	118070019	118070313	LTR/ERVL-MaLR	576	+	147	118070166	54592
chr5	118015574	118215574	harbor2	chr5	118089211	118089718	LTR/ERVL-MaLR	1763	+	254	118089465	73891
chr5	118015574	118215574	harbor2	chr5	118091632	118092005	LTR/ERVL-MaLR	2623	+	186	118091818	76244
chr5	118015574	118215574	harbor2	chr5	118107330	118107692	LTR/ERVL-MaLR	2357	+	181	118107511	91937
chr5	118015574	118215574	harbor2	chr5	118108137	118108649	LTR/ERVL-MaLR	949	+	256	118108393	92819
chr5	118015574	118215574	harbor2	chr5	118112045	118112431	LTR/ERVL-MaLR	1800	+	193	118112238	96664
chr5	77920231	78120231	harbor2	chr5	77924249	77924638	LTR/ERVL-MaLR	2014	+	194	77924443	4212
chr5	77920231	78120231	harbor2	chr5	77927423	77927748	LTR/ERVL-MaLR	614	+	162	77927585	7354
chr5	77920231	78120231	harbor2	chr5	77951065	77951455	LTR/ERVL-MaLR	1446	+	195	77951260	31029
chr5	77920231	78120231	harbor2	chr5	77922054	77922444	LTR/ERVL-MaLR	2383	+	195	77922249	2018
chr5	148006738	148206738	harbor2	chr5	148055006	148055364	LTR/ERVL-MaLR	2207	+	179	148055185	48447
chr5	148006738	148206738	harbor2	chr5	148055365	148056904	LTR/ERVL-MaLR	10601	+	770	148056135	49397
chr5	148006738	148206738	harbor2	chr5	148056905	148057260	LTR/ERVL-MaLR	2141	+	178	148057083	50345
chr5	174853857	175053857	harbor2	chr5	174878379	174878588	LTR/ERVL-MaLR	870	+	104	174878483	24626
chr5	174853857	175053857	harbor2	chr5	174911989	174912405	LTR/ERVL-MaLR	2330	+	208	174912197	58340
chr5	174853857	175053857	harbor2	chr5	174916069	174916182	LTR/ERVL-MaLR	592	+	56	174916125	62268
chr5	174853857	175053857	harbor2	chr5	174933154	174933518	LTR/ERVL-MaLR	1048	+	182	174933336	79479
chr5	161804975	162004975	harbor2	chr5	161805334	161805514	LTR/ERVL-MaLR	479	+	90	161805424	449
chr5	151143263	151343263	harbor2	chr5	151147331	151147734	LTR/ERVL-MaLR	843	+	202	151147533	4270
chr5	168449687	168649687	harbor2	chr5	168452264	168452633	LTR/ERVL-MaLR	1616	+	184	168452448	2761
chr5	126152987	126352987	harbor2	chr5	126157002	126157397	LTR/ERVL-MaLR	2273	+	198	126157200	4213
chr5	126152987	126352987	harbor2	chr5	126157398	126158551	LTR/ERVL-MaLR	6177	+	576	126157974	4987
chr5	126152987	126352987	harbor2	chr5	126158549	126158842	LTR/ERVL-MaLR	1601	+	146	126158695	5708
chr5	126152987	126352987	harbor2	chr5	126179617	126180115	LTR/ERVL-MaLR	860	+	249	126179866	26879
chr5	126152987	126352987	harbor2	chr5	126195722	126196219	LTR/ERVL-MaLR	447	+	248	126195970	42983
chr5	140701344	140901344	harbor2	chr5	140762787	140763219	LTR/ERVL-MaLR	1004	+	216	140763003	61659
chr5	140701344	140901344	harbor2	chr5	140769948	140770193	LTR/ERVL-MaLR	1824	+	122	140770070	68726
chr5	140701344	140901344	harbor2	chr5	140770493	140770677	LTR/ERVL-MaLR	1824	+	92	140770585	69241
chr5	140701344	140901344	harbor2	chr5	140781517	140781936	LTR/ERVL-MaLR	2350	+	210	140781727	80383
chr5	140701344	140901344	harbor2	chr5	140781937	140782308	LTR/ERVL-MaLR	8814	+	186	140782123	80779
chr5	140701344	140901344	harbor2	chr5	140782624	140783915	LTR/ERVL-MaLR	8814	+	646	140783270	81926
chr5	140701344	140901344	harbor2	chr5	140783916	140784328	LTR/ERVL-MaLR	2197	+	206	140784122	82778
chr5	140701344	140901344	harbor2	chr5	140792928	140793396	LTR/ERVL-MaLR	731	+	234	140793162	91818
chr5	61047037	61247037	harbor2	chr5	61052884	61053321	LTR/ERVL-MaLR	942	+	218	61053102	6065
chr5	61047037	61247037	harbor2	chr5	61086985	61087391	LTR/ERVL-MaLR	1467	+	203	61087188	40151
chr5	61047037	61247037	harbor2	chr5	61109567	61109929	LTR/ERVL-MaLR	1884	+	181	61109748	62711
chr5	61047037	61247037	harbor2	chr5	61113435	61113805	LTR/ERVL-MaLR	2714	+	185	61113620	66583
chr5	132619090	132819090	harbor2	chr5	132643577	132643710	LTR/ERVL-MaLR	598	+	66	132643643	24553
chr5	132619090	132819090	harbor2	chr5	132651457	132651812	LTR/ERVL-MaLR	1870	+	178	132651635	32545
chr5	116550415	116750415	harbor2	chr5	116590440	116590605	LTR/ERVL-MaLR	1529	+	82	116590522	40107
chr5	116550415	116750415	harbor2	chr5	116590907	116591179	LTR/ERVL-MaLR	1529	+	136	116591043	40628
chr5	116550415	116750415	harbor2	chr5	116592753	116592850	LTR/ERVL-MaLR	443	+	48	116592801	42386
chr5	116550415	116750415	harbor2	chr5	116596877	116597289	LTR/ERVL-MaLR	2392	+	206	116597083	46668
chr5	116550415	116750415	harbor2	chr5	116610296	116610943	LTR/ERVL-MaLR	2600	+	324	116610620	60205
chr5	116550415	116750415	harbor2	chr5	116633202	116633460	LTR/ERVL-MaLR	885	+	129	116633331	82916
chr5	116550415	116750415	harbor2	chr5	116642765	116643361	LTR/ERVL-MaLR	2225	+	298	116643063	92648
chr5	111847443	112047443	harbor2	chr5	111849655	111849798	LTR/ERVL-MaLR	427	+	72	111849727	2284
chr5	111847443	112047443	harbor2	chr5	111849825	111850009	LTR/ERVL-MaLR	684	+	92	111849917	2474
chr5	111847443	112047443	harbor2	chr5	111851953	111852178	LTR/ERVL-MaLR	933	+	112	111852065	4622
chr5	111847443	112047443	harbor2	chr5	111870585	111870921	LTR/ERVL-MaLR	721	+	168	111870753	23310
chr5	111847443	112047443	harbor2	chr5	111878942	111879324	LTR/ERVL-MaLR	1582	+	191	111879133	31690
chr5	111847443	112047443	harbor2	chr5	111921709	111922066	LTR/ERVL-MaLR	2643	+	178	111921887	74444
chr5	111847443	112047443	harbor2	chr5	111930642	111931121	LTR/ERVL-MaLR	791	+	240	111930882	83439
chr5	111847443	112047443	harbor2	chr5	111931142	111931684	LTR/ERVL-MaLR	2358	+	271	111931413	83970
chr5	111847443	112047443	harbor2	chr5	111936152	111936525	LTR/ERVL-MaLR	2091	+	186	111936338	88895
chr5	83878015	84078015	harbor2	chr5	83879732	83880149	LTR/ERVL-MaLR	2457	+	208	83879940	1925
chr5	83878015	84078015	harbor2	chr5	83895883	83896379	LTR/ERVL-MaLR	561	+	248	83896131	18116
chr5	83878015	84078015	harbor2	chr5	83908142	83908663	LTR/ERVL-MaLR	2354	+	260	83908402	30387
chr5	83878015	84078015	harbor2	chr5	83908742	83909245	LTR/ERVL-MaLR	1780	+	252	83908994	30979
chr5	83878015	84078015	harbor2	chr5	83923292	83923718	LTR/ERVL-MaLR	1188	+	213	83923505	45490
chr5	83878015	84078015	harbor2	chr5	83932866	83933225	LTR/ERVL-MaLR	2503	+	180	83933046	55031
chr5	83878015	84078015	harbor2	chr5	83954283	83954705	LTR/ERVL-MaLR	2257	+	211	83954494	76479
chr5	90721858	90921858	harbor2	chr5	90814434	90814796	LTR/ERVL-MaLR	1975	+	181	90814615	92757
chr5	155389242	155589242	harbor2	chr5	155395473	155395822	LTR/ERVL-MaLR	1711	+	174	155395647	6405
chr5	155389242	155589242	harbor2	chr5	155425478	155425980	LTR/ERVL-MaLR	1897	+	251	155425729	36487
chr5	155389242	155589242	harbor2	chr5	155430467	155430822	LTR/ERVL-MaLR	2299	+	178	155430645	41403
chr5	155389242	155589242	harbor2	chr5	155432141	155432567	LTR/ERVL-MaLR	2498	+	213	155432354	43112
chr5	155389242	155589242	harbor2	chr5	155436276	155436666	LTR/ERVL-MaLR	1766	+	195	155436471	47229
chr5	155389242	155589242	harbor2	chr5	155436669	155436760	LTR/ERVL-MaLR	498	+	46	155436715	47473
chr5	155389242	155589242	harbor2	chr5	155436982	155437928	LTR/ERVL-MaLR	3029	+	473	155437455	48213
chr5	155389242	155589242	harbor2	chr5	155438062	155438446	LTR/ERVL-MaLR	1794	+	192	155438254	49012
chr5	155389242	155589242	harbor2	chr5	155438459	155438789	LTR/ERVL-MaLR	1571	+	165	155438624	49382
chr5	155389242	155589242	harbor2	chr5	155446076	155446511	LTR/ERVL-MaLR	2148	+	218	155446294	57052
chr5	155389242	155589242	harbor2	chr5	155457561	155457937	LTR/ERVL-MaLR	1879	+	188	155457749	68507
chr5	155389242	155589242	harbor2	chr5	155469811	155469880	LTR/ERVL-MaLR	1533	+	34	155469845	80603
chr5	155389242	155589242	harbor2	chr5	155470336	155470885	LTR/ERVL-MaLR	1671	+	274	155470610	81368
chr5	155389242	155589242	harbor2	chr5	155476054	155476605	LTR/ERVL-MaLR	2258	+	276	155476330	87088
chr5	155389242	155589242	harbor2	chr5	155479448	155479866	LTR/ERVL-MaLR	2253	+	209	155479657	90415
chr5	155389242	155589242	harbor2	chr5	155488230	155488582	LTR/ERVL-MaLR	1804	+	176	155488406	99164
chr5	144690452	144890452	harbor2	chr5	144696809	144697112	LTR/ERVL-MaLR	1000	+	152	144696961	6509
chr5	144690452	144890452	harbor2	chr5	144697771	144698003	LTR/ERVL-MaLR	489	+	116	144697887	7435
chr5	144690452	144890452	harbor2	chr5	144701357	144701716	LTR/ERVL-MaLR	1295	+	180	144701537	11085
chr5	144690452	144890452	harbor2	chr5	144734334	144734720	LTR/ERVL-MaLR	1994	+	193	144734527	44075
chr5	144690452	144890452	harbor2	chr5	144749139	144749627	LTR/ERVL-MaLR	1461	+	244	144749383	58931
chr5	147461876	147661876	harbor2	chr5	147481555	147481917	LTR/ERVL-MaLR	1826	+	181	147481736	19860
chr5	147461876	147661876	harbor2	chr5	147507085	147507217	LTR/ERVL-MaLR	470	+	66	147507151	45275
chr5	147461876	147661876	harbor2	chr5	147551392	147551768	LTR/ERVL-MaLR	2161	+	188	147551580	89704
chr5	160319745	160519745	harbor2	chr5	160336205	160336633	LTR/ERVL-MaLR	1215	+	214	160336419	16674
chr5	160319745	160519745	harbor2	chr5	160353681	160353788	LTR/ERVL-MaLR	458	+	54	160353735	33990
chr5	160319745	160519745	harbor2	chr5	160354104	160354193	LTR/ERVL-MaLR	458	+	44	160354148	34403
chr5	160319745	160519745	harbor2	chr5	160367350	160367735	LTR/ERVL-MaLR	1878	+	192	160367542	47797
chr5	160319745	160519745	harbor2	chr5	160406843	160407311	LTR/ERVL-MaLR	825	+	234	160407077	87332
chr5	160319745	160519745	harbor2	chr5	160416821	160417175	LTR/ERVL-MaLR	1658	+	177	160416998	97253
chr5	124424350	124624350	harbor2	chr5	124435568	124435965	LTR/ERVL-MaLR	2210	+	198	124435766	11416
chr5	162483327	162683327	harbor2	chr5	162504253	162504657	LTR/ERVL-MaLR	542	+	202	162504455	21128
chr5	162483327	162683327	harbor2	chr5	162505783	162506068	LTR/ERVL-MaLR	406	+	142	162505925	22598
chr5	162483327	162683327	harbor2	chr5	162506086	162506341	LTR/ERVL-MaLR	540	+	128	162506214	22887
chr5	162483327	162683327	harbor2	chr5	162508024	162508161	LTR/ERVL-MaLR	491	+	68	162508092	24765
chr5	162483327	162683327	harbor2	chr5	162511892	162512375	LTR/ERVL-MaLR	1439	+	242	162512134	28807
chr5	162483327	162683327	harbor2	chr5	162537249	162537588	LTR/ERVL-MaLR	1124	+	170	162537419	54092
chr5	162483327	162683327	harbor2	chr5	162552287	162552806	LTR/ERVL-MaLR	1598	+	260	162552547	69220
chr5	162483327	162683327	harbor2	chr5	162566807	162567624	LTR/ERVL-MaLR	2616	+	408	162567215	83888
chr5	162483327	162683327	harbor2	chr5	162567761	162568031	LTR/ERVL-MaLR	746	+	135	162567896	84569
chr5	91971377	92171377	harbor2	chr5	91988680	91989059	LTR/ERVL-MaLR	1731	+	190	91988870	17493
chr5	91971377	92171377	harbor2	chr5	91993867	91994284	LTR/ERVL-MaLR	2002	+	208	91994075	22698
chr5	91971377	92171377	harbor2	chr5	91994428	91994449	LTR/ERVL-MaLR	2002	+	10	91994438	23061
chr5	91971377	92171377	harbor2	chr5	91994798	91994845	LTR/ERVL-MaLR	2002	+	24	91994822	23445
chr5	91971377	92171377	harbor2	chr5	91999154	91999529	LTR/ERVL-MaLR	1636	+	188	91999342	27965
chr5	91971377	92171377	harbor2	chr5	92011028	92011401	LTR/ERVL-MaLR	2063	+	186	92011214	39837
chr5	91971377	92171377	harbor2	chr5	92012953	92013339	LTR/ERVL-MaLR	2288	+	193	92013146	41769
chr5	91971377	92171377	harbor2	chr5	92035343	92035682	LTR/ERVL-MaLR	1966	+	170	92035513	64136
chr5	91971377	92171377	harbor2	chr5	92065286	92065688	LTR/ERVL-MaLR	2074	+	201	92065487	94110
chr5	91971377	92171377	harbor2	chr5	92065689	92067237	LTR/ERVL-MaLR	7758	+	774	92066463	95086
chr5	91971377	92171377	harbor2	chr5	92011402	92012952	LTR/ERVL-MaLR	9836	+	775	92012177	40800
chr5	144809963	145009963	harbor2	chr5	144820297	144820566	LTR/ERVL-MaLR	419	+	134	144820431	10468
chr5	144809963	145009963	harbor2	chr5	144833446	144833629	LTR/ERVL-MaLR	744	+	92	144833538	23575
chr5	144809963	145009963	harbor2	chr5	144843974	144844136	LTR/ERVL-MaLR	1009	+	81	144844055	34092
chr5	167263623	167463623	harbor2	chr5	167320502	167320853	LTR/ERVL-MaLR	1408	+	176	167320678	57055
chr5	167263623	167463623	harbor2	chr5	167339661	167340020	LTR/ERVL-MaLR	1318	+	180	167339841	76218
chr5	178983177	179183177	harbor2	chr5	179000990	179001421	LTR/ERVL-MaLR	1321	+	216	179001206	18029
chr5	178983177	179183177	harbor2	chr5	179069888	179070002	LTR/ERVL-MaLR	434	+	57	179069945	86768
chr5	178983177	179183177	harbor2	chr5	179070342	179070648	LTR/ERVL-MaLR	434	+	153	179070495	87318
chr5	166197600	166397600	harbor2	chr5	166230023	166230268	LTR/ERVL-MaLR	667	+	122	166230145	32545
chr5	166197600	166397600	harbor2	chr5	166275330	166275679	LTR/ERVL-MaLR	1504	+	174	166275504	77904
chr5	166197600	166397600	harbor2	chr5	166280890	166281155	LTR/ERVL-MaLR	965	+	132	166281022	83422
chr5	109027941	109227941	harbor2	chr5	109090915	109091739	LTR/ERVL-MaLR	1972	+	412	109091327	63386
chr5	109027941	109227941	harbor2	chr5	109091934	109092125	LTR/ERVL-MaLR	818	+	96	109092030	64089
chr5	97130270	97330270	harbor2	chr5	97197101	97197607	LTR/ERVL-MaLR	555	+	253	97197354	67084
chr5	97130270	97330270	harbor2	chr5	97215516	97215888	LTR/ERVL-MaLR	1452	+	186	97215702	85432
chr5	180036602	180236602	harbor2	chr5	180066090	180066445	LTR/ERVL-MaLR	2489	+	178	180066268	29666
chr5	180036602	180236602	harbor2	chr5	180098543	180098877	LTR/ERVL-MaLR	1313	+	167	180098710	62108
chr5	180036602	180236602	harbor2	chr5	180104176	180104595	LTR/ERVL-MaLR	1901	+	210	180104386	67784
chr5	180036602	180236602	harbor2	chr5	180109480	180109900	LTR/ERVL-MaLR	1935	+	210	180109690	73088
chr5	180036602	180236602	harbor2	chr5	180109945	180110049	LTR/ERVL-MaLR	570	+	52	180109997	73395
chr5	180036602	180236602	harbor2	chr5	180059825	180060300	LTR/ERVL-MaLR	1256	+	238	180060063	23461
chr5	169119782	169319782	harbor2	chr5	169120370	169120676	LTR/ERVL-MaLR	1447	+	153	169120523	741
chr5	169119782	169319782	harbor2	chr5	169142807	169143060	LTR/ERVL-MaLR	481	+	126	169142933	23151
chr5	169119782	169319782	harbor2	chr5	169159815	169160152	LTR/ERVL-MaLR	571	+	168	169159983	40201
chr5	169119782	169319782	harbor2	chr5	169186119	169186491	LTR/ERVL-MaLR	1841	+	186	169186305	66523
chr5	169119782	169319782	harbor2	chr5	169190332	169190496	LTR/ERVL-MaLR	472	+	82	169190414	70632
chr5	169119782	169319782	harbor2	chr5	169207693	169208014	LTR/ERVL-MaLR	1415	+	160	169207853	88071
chr5	38740800	38940800	harbor2	chr5	38741946	38742264	LTR/ERVL-MaLR	2509	+	159	38742105	1305
chr5	38740800	38940800	harbor2	chr5	38742574	38742640	LTR/ERVL-MaLR	2509	+	33	38742607	1807
chr5	38740800	38940800	harbor2	chr5	38742893	38743314	LTR/ERVL-MaLR	2621	+	210	38743103	2303
chr5	38740800	38940800	harbor2	chr5	38756577	38756936	LTR/ERVL-MaLR	1408	+	180	38756757	15957
chr5	38740800	38940800	harbor2	chr5	38764909	38765093	LTR/ERVL-MaLR	1173	+	92	38765001	24201
chr5	38740800	38940800	harbor2	chr5	38766199	38766451	LTR/ERVL-MaLR	462	+	126	38766325	25525
chr5	38740800	38940800	harbor2	chr5	38778813	38779248	LTR/ERVL-MaLR	1512	+	218	38779031	38231
chr5	38740800	38940800	harbor2	chr5	38785594	38785898	LTR/ERVL-MaLR	2062	+	152	38785746	44946
chr5	38740800	38940800	harbor2	chr5	38785899	38787526	LTR/ERVL-MaLR	11788	+	814	38786713	45913
chr5	38740800	38940800	harbor2	chr5	38787527	38787889	LTR/ERVL-MaLR	2797	+	181	38787708	46908
chr5	38740800	38940800	harbor2	chr5	38793047	38793566	LTR/ERVL-MaLR	1514	+	260	38793307	52507
chr5	38740800	38940800	harbor2	chr5	38827248	38827608	LTR/ERVL-MaLR	1609	+	180	38827428	86628
chr5	38740800	38940800	harbor2	chr5	38827790	38828096	LTR/ERVL-MaLR	1530	+	153	38827943	87143
chr5	38740800	38940800	harbor2	chr5	38829131	38829286	LTR/ERVL-MaLR	480	+	78	38829209	88409
chr5	38740800	38940800	harbor2	chr5	38833539	38833827	LTR/ERVL-MaLR	449	+	144	38833683	92883
chr5	38740800	38940800	harbor2	chr5	38764416	38764607	LTR/ERVL-MaLR	1173	+	96	38764512	23712
chr5	38740800	38940800	harbor2	chr5	38780846	38781323	LTR/ERVL-MaLR	1642	+	238	38781084	40284
chr5	150859961	151059961	harbor2	chr5	150861542	150861827	LTR/ERVL-MaLR	451	+	142	150861684	1723
chr5	150859961	151059961	harbor2	chr5	150898867	150899265	LTR/ERVL-MaLR	1671	+	199	150899066	39105
chr5	150859961	151059961	harbor2	chr5	150924435	150924803	LTR/ERVL-MaLR	2533	+	184	150924619	64658
chr5	150859961	151059961	harbor2	chr5	150934706	150935080	LTR/ERVL-MaLR	1838	+	187	150934893	74932
chr5	150859961	151059961	harbor2	chr5	150941205	150941563	LTR/ERVL-MaLR	1511	+	179	150941384	81423
chr5	150859961	151059961	harbor2	chr5	150944367	150944715	LTR/ERVL-MaLR	1622	+	174	150944541	84580
chr5	179805175	180005175	harbor2	chr5	179850846	179851120	LTR/ERVL-MaLR	522	+	137	179850983	45808
chr5	179805175	180005175	harbor2	chr5	179851279	179851483	LTR/ERVL-MaLR	396	+	102	179851381	46206
chr5	179805175	180005175	harbor2	chr5	179870973	179871266	LTR/ERVL-MaLR	481	+	146	179871119	65944
chr5	151692759	151892759	harbor2	chr5	151717997	151718249	LTR/ERVL-MaLR	574	+	126	151718123	25364
chr5	151692759	151892759	harbor2	chr5	151721915	151722372	LTR/ERVL-MaLR	1262	+	228	151722143	29384
chr5	151692759	151892759	harbor2	chr5	151752861	151753390	LTR/ERVL-MaLR	2435	+	264	151753125	60366
chr5	151692759	151892759	harbor2	chr5	151763039	151763235	LTR/ERVL-MaLR	937	+	98	151763137	70378
chr5	151692759	151892759	harbor2	chr5	151715741	151716197	LTR/ERVL-MaLR	1256	+	228	151715969	23210
chr5	53423315	53623315	harbor2	chr5	53515757	53516115	LTR/ERVL-MaLR	1620	+	179	53515936	92621
chr5	53423315	53623315	harbor2	chr5	53517364	53517510	LTR/ERVL-MaLR	859	+	73	53517437	94122
chr5	161360024	161560024	harbor2	chr5	161453339	161453669	LTR/ERVL-MaLR	1617	+	165	161453504	93480
chr5	155149715	155349715	harbor2	chr5	155167528	155168022	LTR/ERVL-MaLR	1244	+	247	155167775	18060
chr5	155149715	155349715	harbor2	chr5	155178083	155178470	LTR/ERVL-MaLR	1633	+	194	155178277	28562
chr5	155149715	155349715	harbor2	chr5	155183655	155184015	LTR/ERVL-MaLR	2287	+	180	155183835	34120
chr5	155149715	155349715	harbor2	chr5	155195016	155195295	LTR/ERVL-MaLR	851	+	140	155195156	45441
chr5	155149715	155349715	harbor2	chr5	155196859	155196953	LTR/ERVL-MaLR	1438	+	47	155196906	47191
chr5	155149715	155349715	harbor2	chr5	155196954	155197354	LTR/ERVL-MaLR	2301	+	200	155197154	47439
chr5	155149715	155349715	harbor2	chr5	155197355	155197585	LTR/ERVL-MaLR	1438	+	115	155197470	47755
chr5	155149715	155349715	harbor2	chr5	155198980	155199389	LTR/ERVL-MaLR	2473	+	204	155199184	49469
chr5	155149715	155349715	harbor2	chr5	155235537	155235803	LTR/ERVL-MaLR	791	+	133	155235670	85955
chr5	120151233	120351233	harbor2	chr5	120192088	120192517	LTR/ERVL-MaLR	1191	+	214	120192302	41069
chr5	120151233	120351233	harbor2	chr5	120208515	120208897	LTR/ERVL-MaLR	1328	+	191	120208706	57473
chr5	120151233	120351233	harbor2	chr5	120216895	120217317	LTR/ERVL-MaLR	2076	+	211	120217106	65873
chr5	120151233	120351233	harbor2	chr5	120223406	120223597	LTR/ERVL-MaLR	1266	+	96	120223502	72269
chr5	120151233	120351233	harbor2	chr5	120245331	120245759	LTR/ERVL-MaLR	2074	+	214	120245545	94312
chr5	112815799	113015799	harbor2	chr5	112853490	112853699	LTR/ERVL-MaLR	571	+	104	112853594	37795
chr5	112815799	113015799	harbor2	chr5	112854214	112854365	LTR/ERVL-MaLR	724	+	76	112854290	38491
chr5	112815799	113015799	harbor2	chr5	112869579	112869949	LTR/ERVL-MaLR	2388	+	185	112869764	53965
chr5	112815799	113015799	harbor2	chr5	112870577	112870889	LTR/ERVL-MaLR	1566	+	156	112870733	54934
chr5	112815799	113015799	harbor2	chr5	112871108	112871174	LTR/ERVL-MaLR	1566	+	33	112871141	55342
chr5	112815799	113015799	harbor2	chr5	112888824	112889199	LTR/ERVL-MaLR	2359	+	188	112889012	73213
chr5	112815799	113015799	harbor2	chr5	112910781	112911134	LTR/ERVL-MaLR	775	+	176	112910957	95158
chr5	57931646	58131646	harbor2	chr5	57932722	57933251	LTR/ERVL-MaLR	2043	+	264	57932986	1340
chr5	57931646	58131646	harbor2	chr5	57934428	57934820	LTR/ERVL-MaLR	2070	+	196	57934624	2978
chr5	57931646	58131646	harbor2	chr5	57946623	57946979	LTR/ERVL-MaLR	1655	+	178	57946801	15155
chr5	57931646	58131646	harbor2	chr5	57953914	57954285	LTR/ERVL-MaLR	1693	+	186	57954100	22454
chr5	57931646	58131646	harbor2	chr5	57974539	57974920	LTR/ERVL-MaLR	1849	+	190	57974729	43083
chr5	57931646	58131646	harbor2	chr5	57975461	57975639	LTR/ERVL-MaLR	833	+	89	57975550	43904
chr5	57931646	58131646	harbor2	chr5	57975640	57975806	LTR/ERVL-MaLR	1468	+	83	57975723	44077
chr5	57931646	58131646	harbor2	chr5	57975841	57976026	LTR/ERVL-MaLR	1468	+	92	57975933	44287
chr5	57931646	58131646	harbor2	chr5	57984951	57985332	LTR/ERVL-MaLR	2285	+	190	57985141	53495
chr5	57931646	58131646	harbor2	chr5	58006443	58006788	LTR/ERVL-MaLR	2017	+	172	58006615	74969
chr5	57931646	58131646	harbor2	chr5	58007322	58007721	LTR/ERVL-MaLR	1110	+	200	58007522	75876
chr5	57931646	58131646	harbor2	chr5	58018205	58018563	LTR/ERVL-MaLR	1687	+	179	58018384	86738
chr5	57931646	58131646	harbor2	chr5	58020739	58021097	LTR/ERVL-MaLR	1832	+	179	58020918	89272
chr5	57931646	58131646	harbor2	chr5	58021551	58021993	LTR/ERVL-MaLR	518	+	221	58021772	90126
chr5	173476958	173676958	harbor2	chr5	173491087	173491444	LTR/ERVL-MaLR	1448	+	178	173491265	14307
chr5	173476958	173676958	harbor2	chr5	173491765	173491876	LTR/ERVL-MaLR	485	+	56	173491821	14863
chr5	173476958	173676958	harbor2	chr5	173500508	173500736	LTR/ERVL-MaLR	662	+	114	173500622	23664
chr5	173476958	173676958	harbor2	chr5	173505795	173506119	LTR/ERVL-MaLR	1342	+	162	173505957	28999
chr5	173476958	173676958	harbor2	chr5	173514434	173514650	LTR/ERVL-MaLR	636	+	108	173514542	37584
chr5	173476958	173676958	harbor2	chr5	173514793	173515133	LTR/ERVL-MaLR	705	+	170	173514963	38005
chr5	173476958	173676958	harbor2	chr5	173522093	173522457	LTR/ERVL-MaLR	1934	+	182	173522275	45317
chr5	173476958	173676958	harbor2	chr5	173525039	173525401	LTR/ERVL-MaLR	2145	+	181	173525220	48262
chr5	173476958	173676958	harbor2	chr5	173526083	173526616	LTR/ERVL-MaLR	2265	+	266	173526349	49391
chr5	173476958	173676958	harbor2	chr5	173528706	173528937	LTR/ERVL-MaLR	1006	+	116	173528822	51864
chr5	173476958	173676958	harbor2	chr5	173529805	173530238	LTR/ERVL-MaLR	526	+	216	173530021	53063
chr5	173476958	173676958	harbor2	chr5	173540614	173540999	LTR/ERVL-MaLR	2201	+	192	173540806	63848
chr5	173476958	173676958	harbor2	chr5	173547621	173548000	LTR/ERVL-MaLR	983	+	190	173547811	70853
chr5	173476958	173676958	harbor2	chr5	173549354	173549521	LTR/ERVL-MaLR	579	+	84	173549438	72480
chr5	173476958	173676958	harbor2	chr5	173549671	173549876	LTR/ERVL-MaLR	910	+	102	173549773	72815
chr5	173476958	173676958	harbor2	chr5	173559663	173560149	LTR/ERVL-MaLR	1156	+	243	173559906	82948
chr5	173476958	173676958	harbor2	chr5	173571500	173571909	LTR/ERVL-MaLR	2084	+	204	173571704	94746
chr5	113969908	114169908	harbor2	chr5	113982858	113983091	LTR/ERVL-MaLR	508	+	116	113982974	13066
chr5	113969908	114169908	harbor2	chr5	113989363	113989633	LTR/ERVL-MaLR	494	+	135	113989498	19590
chr5	113969908	114169908	harbor2	chr5	114015203	114015561	LTR/ERVL-MaLR	2039	+	179	114015382	45474
chr5	113969908	114169908	harbor2	chr5	114032918	114033287	LTR/ERVL-MaLR	1637	+	184	114033102	63194
chr5	113969908	114169908	harbor2	chr5	114064243	114064602	LTR/ERVL-MaLR	533	+	180	114064423	94515
chr5	173217071	173417071	harbor2	chr5	173250516	173250902	LTR/ERVL-MaLR	2371	+	193	173250709	33638
chr5	173217071	173417071	harbor2	chr5	173251197	173251375	LTR/ERVL-MaLR	2371	+	89	173251286	34215
chr5	173217071	173417071	harbor2	chr5	173260347	173260477	LTR/ERVL-MaLR	623	+	65	173260412	43341
chr5	173217071	173417071	harbor2	chr5	173261514	173261762	LTR/ERVL-MaLR	682	+	124	173261638	44567
chr5	173217071	173417071	harbor2	chr5	173261921	173262044	LTR/ERVL-MaLR	682	+	62	173261983	44912
chr5	173217071	173417071	harbor2	chr5	173263061	173263231	LTR/ERVL-MaLR	493	+	85	173263146	46075
chr5	173217071	173417071	harbor2	chr5	173285222	173285583	LTR/ERVL-MaLR	2083	+	180	173285402	68331
chr5	173217071	173417071	harbor2	chr5	173292349	173292536	LTR/ERVL-MaLR	716	+	94	173292443	75372
chr5	173217071	173417071	harbor2	chr5	173292620	173292778	LTR/ERVL-MaLR	454	+	79	173292699	75628
chr5	173217071	173417071	harbor2	chr5	173299830	173300200	LTR/ERVL-MaLR	755	+	185	173300015	82944
chr5	173217071	173417071	harbor2	chr5	173302488	173302768	LTR/ERVL-MaLR	704	+	140	173302628	85557
chr5	173217071	173417071	harbor2	chr5	173302817	173303008	LTR/ERVL-MaLR	704	+	96	173302913	85842
chr5	173217071	173417071	harbor2	chr5	173305513	173305918	LTR/ERVL-MaLR	892	+	202	173305715	88644
chr5	173217071	173417071	harbor2	chr5	173306227	173306297	LTR/ERVL-MaLR	892	+	35	173306262	89191
chr5	173217071	173417071	harbor2	chr5	173312381	173312555	LTR/ERVL-MaLR	458	+	87	173312468	95397
chr5	173217071	173417071	harbor2	chr5	173260758	173260802	LTR/ERVL-MaLR	623	+	22	173260780	43709
chr5	177855315	178055315	harbor2	chr5	177871555	177871804	LTR/ERVL-MaLR	1418	+	124	177871679	16364
chr5	177855315	178055315	harbor2	chr5	177872116	177872191	LTR/ERVL-MaLR	1418	+	38	177872154	16839
chr5	177855315	178055315	harbor2	chr5	177904954	177905179	LTR/ERVL-MaLR	522	+	112	177905066	49751
chr5	177855315	178055315	harbor2	chr5	177921546	177921737	LTR/ERVL-MaLR	614	+	96	177921642	66327
chr5	177855315	178055315	harbor2	chr5	177922730	177923194	LTR/ERVL-MaLR	1414	+	232	177922962	67647
chr5	177855315	178055315	harbor2	chr5	177925605	177925951	LTR/ERVL-MaLR	1851	+	173	177925778	70463
chr5	177855315	178055315	harbor2	chr5	177935029	177935365	LTR/ERVL-MaLR	2112	+	168	177935197	79882
chr6	147752902	147952902	harbor2	chr6	147767440	147767778	LTR/ERVL-MaLR	1570	+	169	147767609	14707
chr6	147752902	147952902	harbor2	chr6	147806746	147807082	LTR/ERVL-MaLR	1421	+	168	147806914	54012
chr6	147752902	147952902	harbor2	chr6	147807403	147807471	LTR/ERVL-MaLR	1421	+	34	147807437	54535
chr6	134559762	134759762	harbor2	chr6	134609301	134609833	LTR/ERVL-MaLR	1777	+	266	134609567	49805
chr6	134559762	134759762	harbor2	chr6	134611376	134611578	LTR/ERVL-MaLR	456	+	101	134611477	51715
chr6	134559762	134759762	harbor2	chr6	134655950	134656452	LTR/ERVL-MaLR	2040	+	251	134656201	96439
chr6	32911606	33111606	harbor2	chr6	32922472	32922842	LTR/ERVL-MaLR	980	+	185	32922657	11051
chr6	32911606	33111606	harbor2	chr6	32964390	32964561	LTR/ERVL-MaLR	1522	+	86	32964476	52870
chr6	32911606	33111606	harbor2	chr6	32964863	32965066	LTR/ERVL-MaLR	1522	+	102	32964965	53359
chr6	32911606	33111606	harbor2	chr6	32995524	32995839	LTR/ERVL-MaLR	1508	+	158	32995682	84076
chr6	32911606	33111606	harbor2	chr6	32995872	32995927	LTR/ERVL-MaLR	1508	+	28	32995900	84294
chr6	32911606	33111606	harbor2	chr6	33004351	33004859	LTR/ERVL-MaLR	635	+	254	33004605	92999
chr6	87619038	87819038	harbor2	chr6	87669519	87669673	LTR/ERVL-MaLR	490	+	77	87669596	50558
chr6	87619038	87819038	harbor2	chr6	87704273	87704422	LTR/ERVL-MaLR	2072	+	74	87704347	85309
chr6	87619038	87819038	harbor2	chr6	87704738	87705057	LTR/ERVL-MaLR	2072	+	160	87704898	85860
chr6	64360058	64560058	harbor2	chr6	64366542	64367545	LTR/ERVL-MaLR	1400	+	502	64367044	6986
chr6	64360058	64560058	harbor2	chr6	64374947	64375080	LTR/ERVL-MaLR	426	+	66	64375013	14955
chr6	64360058	64560058	harbor2	chr6	64413772	64414134	LTR/ERVL-MaLR	1785	+	181	64413953	53895
chr6	64360058	64560058	harbor2	chr6	64430678	64430831	LTR/ERVL-MaLR	551	+	76	64430754	70696
chr6	64360058	64560058	harbor2	chr6	64433957	64434367	LTR/ERVL-MaLR	1898	+	205	64434162	74104
chr6	64360058	64560058	harbor2	chr6	64441576	64441928	LTR/ERVL-MaLR	2131	+	176	64441752	81694
chr6	64360058	64560058	harbor2	chr6	64441929	64443509	LTR/ERVL-MaLR	11508	+	790	64442719	82661
chr6	64360058	64560058	harbor2	chr6	64443510	64443898	LTR/ERVL-MaLR	1762	+	194	64443704	83646
chr6	64360058	64560058	harbor2	chr6	64444663	64445067	LTR/ERVL-MaLR	2253	+	202	64444865	84807
chr6	146996369	147196369	harbor2	chr6	147044699	147044845	LTR/ERVL-MaLR	581	+	73	147044772	48403
chr6	146996369	147196369	harbor2	chr6	147044846	147045208	LTR/ERVL-MaLR	1967	+	181	147045027	48658
chr6	146996369	147196369	harbor2	chr6	147045209	147045430	LTR/ERVL-MaLR	581	+	110	147045319	48950
chr6	146996369	147196369	harbor2	chr6	147045560	147045643	LTR/ERVL-MaLR	581	+	42	147045602	49233
chr6	146996369	147196369	harbor2	chr6	147047505	147047909	LTR/ERVL-MaLR	2391	+	202	147047707	51338
chr6	146996369	147196369	harbor2	chr6	147054122	147054515	LTR/ERVL-MaLR	1499	+	196	147054318	57949
chr6	146996369	147196369	harbor2	chr6	147060174	147060352	LTR/ERVL-MaLR	829	+	89	147060263	63894
chr6	146996369	147196369	harbor2	chr6	147076244	147076592	LTR/ERVL-MaLR	1985	+	174	147076418	80049
chr6	169805082	170005082	harbor2	chr6	169822725	169823101	LTR/ERVL-MaLR	2147	+	188	169822913	17831
chr6	169805082	170005082	harbor2	chr6	169837523	169837900	LTR/ERVL-MaLR	885	+	188	169837711	32629
chr6	169805082	170005082	harbor2	chr6	169847349	169847716	LTR/ERVL-MaLR	2091	+	184	169847533	42451
chr6	169805082	170005082	harbor2	chr6	169847971	169848102	LTR/ERVL-MaLR	483	+	66	169848037	42955
chr6	169805082	170005082	harbor2	chr6	169860637	169860992	LTR/ERVL-MaLR	2213	+	178	169860815	55733
chr6	169805082	170005082	harbor2	chr6	169903832	169904031	LTR/ERVL-MaLR	642	+	100	169903932	98850
chr6	169805082	170005082	harbor2	chr6	169904028	169904309	LTR/ERVL-MaLR	599	+	140	169904168	99086
chr6	157449195	157649195	harbor2	chr6	157496385	157496831	LTR/ERVL-MaLR	1594	+	223	157496608	47413
chr6	167018813	167218813	harbor2	chr6	167043902	167044212	LTR/ERVL-MaLR	1254	+	155	167044057	25244
chr6	167018813	167218813	harbor2	chr6	167050024	167050397	LTR/ERVL-MaLR	2562	+	186	167050210	31397
chr6	167018813	167218813	harbor2	chr6	167092486	167092906	LTR/ERVL-MaLR	983	+	210	167092696	73883
chr6	167018813	167218813	harbor2	chr6	167095902	167096103	LTR/ERVL-MaLR	435	+	100	167096002	77189
chr6	167018813	167218813	harbor2	chr6	167103501	167103855	LTR/ERVL-MaLR	1705	+	177	167103678	84865
chr6	161278062	161478062	harbor2	chr6	161377589	161377982	LTR/ERVL-MaLR	1563	+	196	161377785	99723
chr6	161278062	161478062	harbor2	chr6	161366014	161366234	LTR/ERVL-MaLR	1065	+	110	161366124	88062
chr6	147994489	148194489	harbor2	chr6	148009844	148010209	LTR/ERVL-MaLR	2051	+	182	148010026	15537
chr6	147994489	148194489	harbor2	chr6	148010212	148010459	LTR/ERVL-MaLR	1746	+	124	148010336	15847
chr6	147994489	148194489	harbor2	chr6	148010463	148011424	LTR/ERVL-MaLR	6360	+	480	148010943	16454
chr6	147994489	148194489	harbor2	chr6	148011425	148011785	LTR/ERVL-MaLR	1937	+	180	148011605	17116
chr6	147994489	148194489	harbor2	chr6	148014983	148015398	LTR/ERVL-MaLR	624	+	208	148015191	20702
chr6	147994489	148194489	harbor2	chr6	148052687	148053104	LTR/ERVL-MaLR	1537	+	208	148052895	58406
chr6	147994489	148194489	harbor2	chr6	148056173	148056523	LTR/ERVL-MaLR	1481	+	175	148056348	61859
chr6	147994489	148194489	harbor2	chr6	148067942	148068330	LTR/ERVL-MaLR	1183	+	194	148068136	73647
chr6	147994489	148194489	harbor2	chr6	148079876	148079991	LTR/ERVL-MaLR	437	+	58	148079934	85445
chr6	126158213	126358213	harbor2	chr6	126159055	126159261	LTR/ERVL-MaLR	442	+	103	126159158	945
chr6	126158213	126358213	harbor2	chr6	126190219	126190603	LTR/ERVL-MaLR	1907	+	192	126190411	32198
chr6	126158213	126358213	harbor2	chr6	126195602	126196113	LTR/ERVL-MaLR	1551	+	256	126195858	37645
chr6	126158213	126358213	harbor2	chr6	126209982	126210594	LTR/ERVL-MaLR	2628	+	306	126210288	52075
chr6	126158213	126358213	harbor2	chr6	126226787	126227135	LTR/ERVL-MaLR	2109	+	174	126226961	68748
chr6	160805082	161005082	harbor2	chr6	160804943	160805307	LTR/ERVL-MaLR	2086	+	182	160805125	43
chr6	160805082	161005082	harbor2	chr6	160878750	160878908	LTR/ERVL-MaLR	1769	+	79	160878829	73747
chr6	160805082	161005082	harbor2	chr6	160879204	160879225	LTR/ERVL-MaLR	1769	+	10	160879214	74132
chr6	160805082	161005082	harbor2	chr6	160879274	160879443	LTR/ERVL-MaLR	1769	+	84	160879358	74276
chr6	160805082	161005082	harbor2	chr6	160897848	160898207	LTR/ERVL-MaLR	1867	+	180	160898028	92946
chr6	160076132	160276132	harbor2	chr6	160112680	160113023	LTR/ERVL-MaLR	1771	+	172	160112852	36720
chr6	160076132	160276132	harbor2	chr6	160167457	160167820	LTR/ERVL-MaLR	2452	+	182	160167639	91507
chr6	168167081	168367081	harbor2	chr6	168207343	168207543	LTR/ERVL-MaLR	524	+	100	168207443	40362
chr6	168167081	168367081	harbor2	chr6	168211035	168211349	LTR/ERVL-MaLR	902	+	157	168211192	44111
chr6	126662571	126862571	harbor2	chr6	126668441	126668795	LTR/ERVL-MaLR	2094	+	177	126668618	6047
chr6	126662571	126862571	harbor2	chr6	126695991	126696366	LTR/ERVL-MaLR	1724	+	188	126696179	33608
chr6	126662571	126862571	harbor2	chr6	126732572	126732916	LTR/ERVL-MaLR	963	+	172	126732744	70173
chr6	126662571	126862571	harbor2	chr6	126733028	126733546	LTR/ERVL-MaLR	2057	+	259	126733287	70716
chr6	126662571	126862571	harbor2	chr6	126743579	126743940	LTR/ERVL-MaLR	2487	+	180	126743759	81188
chr6	126662571	126862571	harbor2	chr6	126756648	126756914	LTR/ERVL-MaLR	1543	+	133	126756781	94210
chr6	136668064	136868064	harbor2	chr6	136683185	136683625	LTR/ERVL-MaLR	707	+	220	136683405	15341
chr6	136668064	136868064	harbor2	chr6	136689476	136689852	LTR/ERVL-MaLR	1723	+	188	136689664	21600
chr6	136668064	136868064	harbor2	chr6	136712664	136713023	LTR/ERVL-MaLR	2312	+	180	136712844	44780
chr6	136668064	136868064	harbor2	chr6	136760534	136760687	LTR/ERVL-MaLR	1460	+	76	136760610	92546
chr6	136668064	136868064	harbor2	chr6	136760995	136761218	LTR/ERVL-MaLR	1460	+	112	136761107	93043
chr6	136668064	136868064	harbor2	chr6	136763700	136764083	LTR/ERVL-MaLR	2282	+	192	136763892	95828
chr6	136668064	136868064	harbor2	chr6	136764158	136764670	LTR/ERVL-MaLR	622	+	256	136764414	96350
chr6	109862555	110062555	harbor2	chr6	109871153	109871262	LTR/ERVL-MaLR	1870	+	54	109871207	8652
chr6	109862555	110062555	harbor2	chr6	109871604	109871989	LTR/ERVL-MaLR	1870	+	192	109871796	9241
chr6	109862555	110062555	harbor2	chr6	109874511	109874870	LTR/ERVL-MaLR	1426	+	180	109874691	12136
chr6	109862555	110062555	harbor2	chr6	109909375	109909714	LTR/ERVL-MaLR	1723	+	170	109909545	46990
chr6	109862555	110062555	harbor2	chr6	109940354	109940714	LTR/ERVL-MaLR	2200	+	180	109940534	77979
chr6	109862555	110062555	harbor2	chr6	109951734	109952103	LTR/ERVL-MaLR	1988	+	184	109951918	89363
chr6	109862555	110062555	harbor2	chr6	109960727	109961184	LTR/ERVL-MaLR	1951	+	228	109960955	98400
chr6	156251792	156451792	harbor2	chr6	156257495	156257798	LTR/ERVL-MaLR	1714	+	152	156257647	5855
chr6	156251792	156451792	harbor2	chr6	156258110	156258173	LTR/ERVL-MaLR	1714	+	32	156258142	6350
chr6	156251792	156451792	harbor2	chr6	156265077	156265242	LTR/ERVL-MaLR	575	+	82	156265159	13367
chr6	156251792	156451792	harbor2	chr6	156277706	156278065	LTR/ERVL-MaLR	2290	+	180	156277886	26094
chr6	156251792	156451792	harbor2	chr6	156283126	156283686	LTR/ERVL-MaLR	1754	+	280	156283406	31614
chr6	156251792	156451792	harbor2	chr6	156296732	156297066	LTR/ERVL-MaLR	960	+	167	156296899	45107
chr6	156251792	156451792	harbor2	chr6	156334252	156334715	LTR/ERVL-MaLR	2173	+	232	156334484	82692
chr6	141482985	141682985	harbor2	chr6	141487369	141487566	LTR/ERVL-MaLR	1051	+	98	141487467	4482
chr6	141482985	141682985	harbor2	chr6	141487605	141487833	LTR/ERVL-MaLR	1051	+	114	141487719	4734
chr6	141482985	141682985	harbor2	chr6	141523949	141524305	LTR/ERVL-MaLR	1713	+	178	141524127	41142
chr6	141482985	141682985	harbor2	chr6	141526856	141526896	LTR/ERVL-MaLR	755	+	20	141526876	43891
chr6	141482985	141682985	harbor2	chr6	141527361	141527649	LTR/ERVL-MaLR	755	+	144	141527505	44520
chr6	141482985	141682985	harbor2	chr6	141546806	141547237	LTR/ERVL-MaLR	1168	+	216	141547022	64037
chr6	141482985	141682985	harbor2	chr6	141578553	141578902	LTR/ERVL-MaLR	1635	+	174	141578727	95742
chr6	141482985	141682985	harbor2	chr6	141580500	141580960	LTR/ERVL-MaLR	1082	+	230	141580730	97745
chr6	141482985	141682985	harbor2	chr6	141581370	141581557	LTR/ERVL-MaLR	432	+	94	141581464	98479
chr6	141482985	141682985	harbor2	chr6	141524794	141525192	LTR/ERVL-MaLR	1088	+	199	141524993	42008
chr6	137792133	137992133	harbor2	chr6	137796135	137796280	LTR/ERVL-MaLR	1424	+	72	137796207	4074
chr6	137792133	137992133	harbor2	chr6	137796585	137796819	LTR/ERVL-MaLR	1424	+	117	137796702	4569
chr6	137792133	137992133	harbor2	chr6	137803408	137803774	LTR/ERVL-MaLR	2385	+	183	137803591	11458
chr6	137792133	137992133	harbor2	chr6	137806983	137807389	LTR/ERVL-MaLR	2618	+	203	137807186	15053
chr6	137792133	137992133	harbor2	chr6	137833802	137834131	LTR/ERVL-MaLR	2658	+	164	137833966	41833
chr6	137792133	137992133	harbor2	chr6	137834455	137834496	LTR/ERVL-MaLR	2658	+	20	137834475	42342
chr6	137792133	137992133	harbor2	chr6	137856149	137856516	LTR/ERVL-MaLR	2478	+	184	137856333	64200
chr6	64803152	65003152	harbor2	chr6	64811496	64811878	LTR/ERVL-MaLR	1082	+	191	64811687	8535
chr6	64803152	65003152	harbor2	chr6	64830009	64830335	LTR/ERVL-MaLR	1637	+	163	64830172	27020
chr6	64803152	65003152	harbor2	chr6	64842337	64842426	LTR/ERVL-MaLR	501	+	44	64842381	39229
chr6	64803152	65003152	harbor2	chr6	64842410	64843831	LTR/ERVL-MaLR	9280	+	710	64843120	39968
chr6	64803152	65003152	harbor2	chr6	64843832	64844184	LTR/ERVL-MaLR	2341	+	176	64844008	40856
chr6	64803152	65003152	harbor2	chr6	64851151	64851553	LTR/ERVL-MaLR	1143	+	201	64851352	48200
chr6	64803152	65003152	harbor2	chr6	64851989	64852055	LTR/ERVL-MaLR	1143	+	33	64852022	48870
chr6	64803152	65003152	harbor2	chr6	64852574	64852970	LTR/ERVL-MaLR	1393	+	198	64852772	49620
chr6	64803152	65003152	harbor2	chr6	64859465	64859808	LTR/ERVL-MaLR	2045	+	172	64859637	56485
chr6	92717677	92917677	harbor2	chr6	92736823	92737195	LTR/ERVL-MaLR	2366	+	186	92737009	19332
chr6	92717677	92917677	harbor2	chr6	92737198	92738740	LTR/ERVL-MaLR	10059	+	771	92737969	20292
chr6	92717677	92917677	harbor2	chr6	92738741	92739112	LTR/ERVL-MaLR	2272	+	186	92738927	21250
chr6	92717677	92917677	harbor2	chr6	92743709	92743879	LTR/ERVL-MaLR	1465	+	85	92743794	26117
chr6	92717677	92917677	harbor2	chr6	92743912	92744086	LTR/ERVL-MaLR	1465	+	87	92743999	26322
chr6	92717677	92917677	harbor2	chr6	92768776	92769165	LTR/ERVL-MaLR	1970	+	194	92768970	51293
chr6	92717677	92917677	harbor2	chr6	92769168	92770837	LTR/ERVL-MaLR	6551	+	834	92770002	52325
chr6	92717677	92917677	harbor2	chr6	92770838	92771230	LTR/ERVL-MaLR	1844	+	196	92771034	53357
chr6	92717677	92917677	harbor2	chr6	92784110	92784563	LTR/ERVL-MaLR	1124	+	226	92784336	66659
chr6	92717677	92917677	harbor2	chr6	92784808	92785184	LTR/ERVL-MaLR	1420	+	188	92784996	67319
chr6	92717677	92917677	harbor2	chr6	92786474	92786924	LTR/ERVL-MaLR	1647	+	225	92786699	69022
chr6	92717677	92917677	harbor2	chr6	92794190	92794543	LTR/ERVL-MaLR	1630	+	176	92794366	76689
chr6	168080923	168280923	harbor2	chr6	168092328	168092771	LTR/ERVL-MaLR	1082	+	222	168092550	11627
chr6	168080923	168280923	harbor2	chr6	168112412	168112542	LTR/ERVL-MaLR	529	+	65	168112477	31554
chr6	168080923	168280923	harbor2	chr6	168118599	168118966	LTR/ERVL-MaLR	1673	+	184	168118783	37860
chr6	168080923	168280923	harbor2	chr6	168122883	168123252	LTR/ERVL-MaLR	2088	+	184	168123067	42144
chr6	168080923	168280923	harbor2	chr6	168166444	168166830	LTR/ERVL-MaLR	1522	+	193	168166637	85714
chr6	164838514	165038514	harbor2	chr6	164851411	164851762	LTR/ERVL-MaLR	1632	+	176	164851587	13073
chr6	164838514	165038514	harbor2	chr6	164852805	164852942	LTR/ERVL-MaLR	653	+	68	164852873	14359
chr6	164838514	165038514	harbor2	chr6	164853204	164853453	LTR/ERVL-MaLR	461	+	124	164853328	14814
chr6	164838514	165038514	harbor2	chr6	164907610	164907983	LTR/ERVL-MaLR	634	+	186	164907796	69282
chr6	143322697	143522697	harbor2	chr6	143341376	143341773	LTR/ERVL-MaLR	2075	+	198	143341574	18877
chr6	143322697	143522697	harbor2	chr6	143355490	143355846	LTR/ERVL-MaLR	1713	+	178	143355668	32971
chr6	143322697	143522697	harbor2	chr6	143373194	143373391	LTR/ERVL-MaLR	671	+	98	143373292	50595
chr6	143322697	143522697	harbor2	chr6	143376543	143376906	LTR/ERVL-MaLR	2522	+	182	143376725	54028
chr6	143322697	143522697	harbor2	chr6	143378057	143378420	LTR/ERVL-MaLR	2205	+	182	143378239	55542
chr6	143322697	143522697	harbor2	chr6	143388502	143388917	LTR/ERVL-MaLR	2789	+	208	143388710	66013
chr6	143322697	143522697	harbor2	chr6	143390081	143390452	LTR/ERVL-MaLR	1674	+	186	143390267	67570
chr6	143322697	143522697	harbor2	chr6	143391767	143392159	LTR/ERVL-MaLR	2320	+	196	143391963	69266
chr6	143322697	143522697	harbor2	chr6	143410246	143410616	LTR/ERVL-MaLR	2521	+	185	143410431	87734
chr6	143322697	143522697	harbor2	chr6	143422198	143422355	LTR/ERVL-MaLR	711	+	78	143422276	99579
chr6	143322697	143522697	harbor2	chr6	143422519	143422722	LTR/ERVL-MaLR	711	+	102	143422621	99924
chr6	170559918	170759918	harbor2	chr6	170603184	170603488	LTR/ERVL-MaLR	2104	+	152	170603336	43418
chr6	170559918	170759918	harbor2	chr6	170603803	170603876	LTR/ERVL-MaLR	2104	+	36	170603839	43921
chr6	170559918	170759918	harbor2	chr6	170615313	170615693	LTR/ERVL-MaLR	2109	+	190	170615503	55585
chr6	170559918	170759918	harbor2	chr6	170625521	170625880	LTR/ERVL-MaLR	1993	+	180	170625701	65783
chr6	170559918	170759918	harbor2	chr6	170625881	170627442	LTR/ERVL-MaLR	10964	+	780	170626661	66743
chr6	170559918	170759918	harbor2	chr6	170627443	170627800	LTR/ERVL-MaLR	1784	+	178	170627621	67703
chr6	151326930	151526930	harbor2	chr6	151408522	151408938	LTR/ERVL-MaLR	1276	+	208	151408730	81800
chr6	151326930	151526930	harbor2	chr6	151411914	151412020	LTR/ERVL-MaLR	1722	+	53	151411967	85037
chr6	151326930	151526930	harbor2	chr6	151412302	151412317	LTR/ERVL-MaLR	1722	+	8	151412310	85380
chr6	151326930	151526930	harbor2	chr6	151412457	151412570	LTR/ERVL-MaLR	1722	+	56	151412513	85583
chr6	151326930	151526930	harbor2	chr6	151412993	151413248	LTR/ERVL-MaLR	1722	+	128	151413121	86191
chr6	151326930	151526930	harbor2	chr6	151413540	151413599	LTR/ERVL-MaLR	1722	+	30	151413570	86640
chr6	137038447	137238447	harbor2	chr6	137058081	137058550	LTR/ERVL-MaLR	2574	+	234	137058315	19868
chr6	137038447	137238447	harbor2	chr6	137090134	137090498	LTR/ERVL-MaLR	2114	+	182	137090316	51869
chr6	137038447	137238447	harbor2	chr6	137091588	137092010	LTR/ERVL-MaLR	2472	+	211	137091799	53352
chr6	125615891	125815891	harbor2	chr6	125630212	125630601	LTR/ERVL-MaLR	1902	+	194	125630406	14515
chr6	125615891	125815891	harbor2	chr6	125683888	125684250	LTR/ERVL-MaLR	1616	+	181	125684069	68178
chr6	170009053	170209053	harbor2	chr6	170041841	170042221	LTR/ERVL-MaLR	1677	+	190	170042031	32978
chr6	170009053	170209053	harbor2	chr6	170047839	170048142	LTR/ERVL-MaLR	905	+	152	170047991	38938
chr6	170009053	170209053	harbor2	chr6	170068395	170068766	LTR/ERVL-MaLR	583	+	186	170068581	59528
chr6	170009053	170209053	harbor2	chr6	170100715	170101075	LTR/ERVL-MaLR	2331	+	180	170100895	91842
chr6	170009053	170209053	harbor2	chr6	170082131	170082438	LTR/ERVL-MaLR	545	+	154	170082285	73232
chr6	116415250	116615250	harbor2	chr6	116420246	116420664	LTR/ERVL-MaLR	1318	+	209	116420455	5205
chr6	116415250	116615250	harbor2	chr6	116444543	116444908	LTR/ERVL-MaLR	2177	+	182	116444725	29475
chr6	116415250	116615250	harbor2	chr6	116451626	116451876	LTR/ERVL-MaLR	589	+	125	116451751	36501
chr6	116415250	116615250	harbor2	chr6	116453695	116453852	LTR/ERVL-MaLR	410	+	78	116453773	38523
chr6	116415250	116615250	harbor2	chr6	116455559	116455912	LTR/ERVL-MaLR	1898	+	176	116455735	40485
chr6	116415250	116615250	harbor2	chr6	116475560	116475706	LTR/ERVL-MaLR	524	+	73	116475633	60383
chr6	116415250	116615250	harbor2	chr6	116500061	116500387	LTR/ERVL-MaLR	1527	+	163	116500224	84974
chr6	169444309	169644309	harbor2	chr6	169504272	169504600	LTR/ERVL-MaLR	2051	+	164	169504436	60127
chr6	169444309	169644309	harbor2	chr6	169516898	169517010	LTR/ERVL-MaLR	567	+	56	169516954	72645
chr6	169444309	169644309	harbor2	chr6	169517024	169517397	LTR/ERVL-MaLR	2085	+	186	169517210	72901
chr6	160075488	160275488	harbor2	chr6	160112680	160113023	LTR/ERVL-MaLR	1771	+	172	160112852	37364
chr6	160075488	160275488	harbor2	chr6	160167457	160167820	LTR/ERVL-MaLR	2452	+	182	160167639	92151
chr6	166757498	166957498	harbor2	chr6	166780155	166780557	LTR/ERVL-MaLR	619	+	201	166780356	22858
chr6	166757498	166957498	harbor2	chr6	166800401	166800739	LTR/ERVL-MaLR	1254	+	169	166800570	43072
chr6	166757498	166957498	harbor2	chr6	166822190	166822571	LTR/ERVL-MaLR	1360	+	190	166822380	64882
chr6	166757498	166957498	harbor2	chr6	166838762	166839165	LTR/ERVL-MaLR	708	+	202	166838964	81466
chr6	166757498	166957498	harbor2	chr6	166839632	166839680	LTR/ERVL-MaLR	662	+	24	166839656	82158
chr6	166757498	166957498	harbor2	chr6	166839719	166839909	LTR/ERVL-MaLR	662	+	95	166839814	82316
chr6	166757498	166957498	harbor2	chr6	166842194	166842598	LTR/ERVL-MaLR	1375	+	202	166842396	84898
chr6	166757498	166957498	harbor2	chr6	166856149	166856499	LTR/ERVL-MaLR	1955	+	175	166856324	98826
chr6	120198271	120398271	harbor2	chr6	120200238	120200370	LTR/ERVL-MaLR	462	+	66	120200304	2033
chr6	120198271	120398271	harbor2	chr6	120200416	120200612	LTR/ERVL-MaLR	766	+	98	120200514	2243
chr6	120198271	120398271	harbor2	chr6	120230968	120231325	LTR/ERVL-MaLR	2043	+	178	120231146	32875
chr6	120198271	120398271	harbor2	chr6	120239782	120240121	LTR/ERVL-MaLR	992	+	170	120239952	41681
chr6	120198271	120398271	harbor2	chr6	120270663	120271028	LTR/ERVL-MaLR	2111	+	182	120270845	72574
chr6	120198271	120398271	harbor2	chr6	120274527	120274906	LTR/ERVL-MaLR	2107	+	190	120274717	76446
chr6	166596510	166796510	harbor2	chr6	166633312	166633563	LTR/ERVL-MaLR	659	+	126	166633438	36928
chr6	166596510	166796510	harbor2	chr6	166644699	166645139	LTR/ERVL-MaLR	1778	+	220	166644919	48409
chr6	166596510	166796510	harbor2	chr6	166662720	166663132	LTR/ERVL-MaLR	1298	+	206	166662926	66416
chr6	166596510	166796510	harbor2	chr6	166670285	166670503	LTR/ERVL-MaLR	530	+	109	166670394	73884
chr6	138742411	138942411	harbor2	chr6	138749203	138749552	LTR/ERVL-MaLR	2011	+	174	138749377	6966
chr6	138742411	138942411	harbor2	chr6	138752037	138752377	LTR/ERVL-MaLR	1222	+	170	138752207	9796
chr6	138742411	138942411	harbor2	chr6	138787136	138787491	LTR/ERVL-MaLR	1762	+	178	138787314	44903
chr6	138742411	138942411	harbor2	chr6	138801249	138801341	LTR/ERVL-MaLR	442	+	46	138801295	58884
chr6	138742411	138942411	harbor2	chr6	138801985	138802422	LTR/ERVL-MaLR	1719	+	218	138802203	59792
chr6	138742411	138942411	harbor2	chr6	138809842	138810285	LTR/ERVL-MaLR	1083	+	222	138810064	67653
chr6	138742411	138942411	harbor2	chr6	138810662	138810967	LTR/ERVL-MaLR	787	+	152	138810814	68403
chr6	138742411	138942411	harbor2	chr6	138811006	138811409	LTR/ERVL-MaLR	1741	+	202	138811208	68797
chr6	138742411	138942411	harbor2	chr6	138811412	138811568	LTR/ERVL-MaLR	1401	+	78	138811490	69079
chr6	138742411	138942411	harbor2	chr6	138812063	138812419	LTR/ERVL-MaLR	1401	+	178	138812241	69830
chr6	138742411	138942411	harbor2	chr6	138820033	138820526	LTR/ERVL-MaLR	920	+	246	138820279	77868
chr6	138742411	138942411	harbor2	chr6	138821865	138822102	LTR/ERVL-MaLR	653	+	118	138821983	79572
chr6	138742411	138942411	harbor2	chr6	138826687	138827067	LTR/ERVL-MaLR	2285	+	190	138826877	84466
chr6	138742411	138942411	harbor2	chr6	138827378	138827431	LTR/ERVL-MaLR	2285	+	26	138827404	84993
chr6	125604701	125804701	harbor2	chr6	125630212	125630601	LTR/ERVL-MaLR	1902	+	194	125630406	25705
chr6	125604701	125804701	harbor2	chr6	125683888	125684250	LTR/ERVL-MaLR	1616	+	181	125684069	79368
chr6	143926713	144126713	harbor2	chr6	143992324	143992469	LTR/ERVL-MaLR	437	+	72	143992396	65683
chr6	143926713	144126713	harbor2	chr6	143992474	143992707	LTR/ERVL-MaLR	1085	+	116	143992590	65877
chr6	143926713	144126713	harbor2	chr6	143993001	143993026	LTR/ERVL-MaLR	1085	+	12	143993013	66300
chr6	143926713	144126713	harbor2	chr6	143993371	143993558	LTR/ERVL-MaLR	1085	+	94	143993465	66752
chr6	143926713	144126713	harbor2	chr6	143993976	143994184	LTR/ERVL-MaLR	425	+	104	143994080	67367
chr6	143926713	144126713	harbor2	chr6	143994692	143994826	LTR/ERVL-MaLR	538	+	67	143994759	68046
chr6	143926713	144126713	harbor2	chr6	143996391	143996692	LTR/ERVL-MaLR	1047	+	150	143996541	69828
chr6	143926713	144126713	harbor2	chr6	144019946	144020266	LTR/ERVL-MaLR	1460	+	160	144020106	93393
chr6	143926713	144126713	harbor2	chr6	144022499	144022849	LTR/ERVL-MaLR	2568	+	175	144022674	95961
chr6	143926713	144126713	harbor2	chr6	144024325	144024668	LTR/ERVL-MaLR	2160	+	172	144024497	97784
chr6	121407771	121607771	harbor2	chr6	121415570	121415939	LTR/ERVL-MaLR	2047	+	184	121415754	7983
chr6	121407771	121607771	harbor2	chr6	121416262	121416308	LTR/ERVL-MaLR	2047	+	23	121416285	8514
chr6	131478144	131678144	harbor2	chr6	131492294	131492742	LTR/ERVL-MaLR	2100	+	224	131492518	14374
chr6	131478144	131678144	harbor2	chr6	131501657	131502029	LTR/ERVL-MaLR	2236	+	186	131501843	23699
chr6	131478144	131678144	harbor2	chr6	131502154	131502297	LTR/ERVL-MaLR	519	+	72	131502226	24082
chr6	131478144	131678144	harbor2	chr6	131535027	131535452	LTR/ERVL-MaLR	2137	+	212	131535239	57095
chr6	131478144	131678144	harbor2	chr6	131537497	131537949	LTR/ERVL-MaLR	1789	+	226	131537723	59579
chr6	131478144	131678144	harbor2	chr6	131546438	131546619	LTR/ERVL-MaLR	503	+	90	131546528	68384
chr6	131478144	131678144	harbor2	chr6	131569802	131570199	LTR/ERVL-MaLR	1771	+	198	131570000	91856
chr6	131478144	131678144	harbor2	chr6	131570233	131570289	LTR/ERVL-MaLR	1771	+	28	131570261	92117
chr6	158458891	158658891	harbor2	chr6	158484483	158484781	LTR/ERVL-MaLR	720	+	149	158484632	25741
chr6	158458891	158658891	harbor2	chr6	158484910	158486118	LTR/ERVL-MaLR	3589	+	604	158485514	26623
chr6	158458891	158658891	harbor2	chr6	158486122	158486295	LTR/ERVL-MaLR	1165	+	86	158486208	27317
chr6	158458891	158658891	harbor2	chr6	158486561	158486757	LTR/ERVL-MaLR	1165	+	98	158486659	27768
chr6	156640321	156840321	harbor2	chr6	156689709	156689848	LTR/ERVL-MaLR	496	+	70	156689779	49458
chr6	156640321	156840321	harbor2	chr6	156689913	156690063	LTR/ERVL-MaLR	554	+	75	156689988	49667
chr6	104354913	104554913	harbor2	chr6	104370270	104370645	LTR/ERVL-MaLR	993	+	188	104370458	15545
chr6	104354913	104554913	harbor2	chr6	104393780	104393989	LTR/ERVL-MaLR	655	+	104	104393884	38971
chr6	104354913	104554913	harbor2	chr6	104396737	104397131	LTR/ERVL-MaLR	842	+	197	104396934	42021
chr6	104354913	104554913	harbor2	chr6	104422194	104422584	LTR/ERVL-MaLR	2332	+	195	104422389	67476
chr6	104354913	104554913	harbor2	chr6	104428983	104429380	LTR/ERVL-MaLR	1871	+	198	104429181	74268
chr6	104354913	104554913	harbor2	chr6	104431395	104431751	LTR/ERVL-MaLR	2495	+	178	104431573	76660
chr6	170375891	170575891	harbor2	chr6	170433675	170434030	LTR/ERVL-MaLR	1454	+	178	170433853	57962
chr6	170170303	170370303	harbor2	chr6	170204000	170204285	LTR/ERVL-MaLR	1809	+	142	170204142	33839
chr6	170170303	170370303	harbor2	chr6	170268097	170268507	LTR/ERVL-MaLR	992	+	205	170268302	97999
chr6	169299841	169499841	harbor2	chr6	169366918	169367005	LTR/ERVL-MaLR	1063	+	44	169366962	67121
chr6	169299841	169499841	harbor2	chr6	169367576	169367861	LTR/ERVL-MaLR	1063	+	142	169367718	67877
chr6	169299841	169499841	harbor2	chr6	169383496	169383847	LTR/ERVL-MaLR	1956	+	176	169383672	83831
chr6	138272525	138472525	harbor2	chr6	138329760	138329817	LTR/ERVL-MaLR	1191	+	28	138329788	57263
chr6	138272525	138472525	harbor2	chr6	138330219	138330471	LTR/ERVL-MaLR	1191	+	126	138330345	57820
chr6	120178455	120378455	harbor2	chr6	120200238	120200370	LTR/ERVL-MaLR	462	+	66	120200304	21849
chr6	120178455	120378455	harbor2	chr6	120200416	120200612	LTR/ERVL-MaLR	766	+	98	120200514	22059
chr6	120178455	120378455	harbor2	chr6	120230968	120231325	LTR/ERVL-MaLR	2043	+	178	120231146	52691
chr6	120178455	120378455	harbor2	chr6	120239782	120240121	LTR/ERVL-MaLR	992	+	170	120239952	61497
chr6	120178455	120378455	harbor2	chr6	120270663	120271028	LTR/ERVL-MaLR	2111	+	182	120270845	92390
chr6	120178455	120378455	harbor2	chr6	120274527	120274906	LTR/ERVL-MaLR	2107	+	190	120274717	96262
chr6	163858386	164058386	harbor2	chr6	163858883	163859235	LTR/ERVL-MaLR	2556	+	176	163859059	673
chr6	163858386	164058386	harbor2	chr6	163862778	163863132	LTR/ERVL-MaLR	798	+	177	163862955	4569
chr6	163858386	164058386	harbor2	chr6	163896528	163896888	LTR/ERVL-MaLR	2251	+	180	163896708	38322
chr6	163858386	164058386	harbor2	chr6	163897896	163898144	LTR/ERVL-MaLR	888	+	124	163898020	39634
chr6	163858386	164058386	harbor2	chr6	163925081	163925200	LTR/ERVL-MaLR	1248	+	60	163925141	66755
chr6	163858386	164058386	harbor2	chr6	163925516	163925706	LTR/ERVL-MaLR	1248	+	95	163925611	67225
chr6	163858386	164058386	harbor2	chr6	163937233	163937411	LTR/ERVL-MaLR	498	+	89	163937322	78936
chr6	163858386	164058386	harbor2	chr6	163937853	163938013	LTR/ERVL-MaLR	498	+	80	163937933	79547
chr6	162897383	163097383	harbor2	chr6	162962417	162962780	LTR/ERVL-MaLR	1658	+	182	162962599	65216
chr6	162897383	163097383	harbor2	chr6	162987382	162987736	LTR/ERVL-MaLR	2557	+	177	162987559	90176
chr6	52232936	52432936	harbor2	chr6	52250318	52250620	LTR/ERVL-MaLR	1204	+	151	52250469	17533
chr6	52232936	52432936	harbor2	chr6	52291526	52291889	LTR/ERVL-MaLR	2058	+	182	52291708	58772
chr6	52232936	52432936	harbor2	chr6	52295425	52295481	LTR/ERVL-MaLR	2452	+	28	52295453	62517
chr6	52232936	52432936	harbor2	chr6	52295791	52296169	LTR/ERVL-MaLR	2452	+	189	52295980	63044
chr6	52232936	52432936	harbor2	chr6	52312120	52312516	LTR/ERVL-MaLR	1509	+	198	52312318	79382
chr6	167637920	167837920	harbor2	chr6	167657656	167658059	LTR/ERVL-MaLR	977	+	202	167657858	19938
chr6	167637920	167837920	harbor2	chr6	167681061	167681416	LTR/ERVL-MaLR	1486	+	178	167681239	43319
chr6	167637920	167837920	harbor2	chr6	167718035	167718319	LTR/ERVL-MaLR	762	+	142	167718177	80257
chr6	167637920	167837920	harbor2	chr6	167718583	167718955	LTR/ERVL-MaLR	2227	+	186	167718769	80849
chr6	167637920	167837920	harbor2	chr6	167657235	167657629	LTR/ERVL-MaLR	2264	+	197	167657432	19512
chr6	140734169	140934169	harbor2	chr6	140733917	140734266	LTR/ERVL-MaLR	1529	+	174	140734091	78
chr6	140734169	140934169	harbor2	chr6	140743611	140743672	LTR/ERVL-MaLR	414	+	30	140743641	9472
chr6	140734169	140934169	harbor2	chr6	140745628	140745996	LTR/ERVL-MaLR	2481	+	184	140745812	11643
chr6	140734169	140934169	harbor2	chr6	140745997	140746573	LTR/ERVL-MaLR	9492	+	288	140746285	12116
chr6	140734169	140934169	harbor2	chr6	140747138	140748200	LTR/ERVL-MaLR	9492	+	531	140747669	13500
chr6	140734169	140934169	harbor2	chr6	140748201	140748556	LTR/ERVL-MaLR	2500	+	178	140748379	14210
chr6	140734169	140934169	harbor2	chr6	140750462	140750717	LTR/ERVL-MaLR	875	+	128	140750590	16421
chr6	140734169	140934169	harbor2	chr6	140766947	140767492	LTR/ERVL-MaLR	1227	+	272	140767219	33050
chr6	140734169	140934169	harbor2	chr6	140767630	140767984	LTR/ERVL-MaLR	1526	+	177	140767807	33638
chr6	140734169	140934169	harbor2	chr6	140771378	140771744	LTR/ERVL-MaLR	2367	+	183	140771561	37392
chr6	140734169	140934169	harbor2	chr6	140791490	140791777	LTR/ERVL-MaLR	1594	+	144	140791634	57465
chr6	140734169	140934169	harbor2	chr6	140820821	140821009	LTR/ERVL-MaLR	489	+	94	140820915	86746
chr6	140734169	140934169	harbor2	chr6	140820436	140820690	LTR/ERVL-MaLR	563	+	127	140820563	86394
chr6	132518305	132718305	harbor2	chr6	132531000	132531366	LTR/ERVL-MaLR	2606	+	183	132531183	12878
chr6	132518305	132718305	harbor2	chr6	132531911	132532313	LTR/ERVL-MaLR	2806	+	201	132532112	13807
chr6	132518305	132718305	harbor2	chr6	132532319	132532679	LTR/ERVL-MaLR	2197	+	180	132532499	14194
chr6	132518305	132718305	harbor2	chr6	132545594	132545803	LTR/ERVL-MaLR	523	+	104	132545698	27393
chr6	132518305	132718305	harbor2	chr6	132548675	132549186	LTR/ERVL-MaLR	1897	+	256	132548931	30626
chr6	132518305	132718305	harbor2	chr6	132581217	132581698	LTR/ERVL-MaLR	2207	+	240	132581457	63152
chr6	132518305	132718305	harbor2	chr6	132592487	132592819	LTR/ERVL-MaLR	1919	+	166	132592653	74348
chr6	160819102	161019102	harbor2	chr6	160878750	160878908	LTR/ERVL-MaLR	1769	+	79	160878829	59727
chr6	160819102	161019102	harbor2	chr6	160879204	160879225	LTR/ERVL-MaLR	1769	+	10	160879214	60112
chr6	160819102	161019102	harbor2	chr6	160879274	160879443	LTR/ERVL-MaLR	1769	+	84	160879358	60256
chr6	160819102	161019102	harbor2	chr6	160897848	160898207	LTR/ERVL-MaLR	1867	+	180	160898028	78926
chr6	165866052	166066052	harbor2	chr6	165878596	165879064	LTR/ERVL-MaLR	2132	+	234	165878830	12778
chr6	165866052	166066052	harbor2	chr6	165895116	165895575	LTR/ERVL-MaLR	1308	+	230	165895346	29294
chr6	165866052	166066052	harbor2	chr6	165935633	165935998	LTR/ERVL-MaLR	2019	+	182	165935815	69763
chr6	165866052	166066052	harbor2	chr6	165941461	165941854	LTR/ERVL-MaLR	2288	+	196	165941657	75605
chr6	165866052	166066052	harbor2	chr6	165944993	165945426	LTR/ERVL-MaLR	1359	+	216	165945209	79157
chr6	165866052	166066052	harbor2	chr6	165945427	165945762	LTR/ERVL-MaLR	1768	+	168	165945595	79543
chr6	165866052	166066052	harbor2	chr6	165945763	165945790	LTR/ERVL-MaLR	1359	+	14	165945777	79725
chr6	100687550	100887550	harbor2	chr6	100699150	100699520	LTR/ERVL-MaLR	2204	+	185	100699335	11785
chr6	100687550	100887550	harbor2	chr6	100699521	100701013	LTR/ERVL-MaLR	10588	+	746	100700267	12717
chr6	100687550	100887550	harbor2	chr6	100701014	100701110	LTR/ERVL-MaLR	718	+	48	100701062	13512
chr6	100687550	100887550	harbor2	chr6	100701266	100701535	LTR/ERVL-MaLR	1634	+	134	100701400	13850
chr6	100687550	100887550	harbor2	chr6	100733296	100733661	LTR/ERVL-MaLR	1509	+	182	100733478	45928
chr6	100687550	100887550	harbor2	chr6	100754707	100755069	LTR/ERVL-MaLR	2456	+	181	100754888	67338
chr6	100687550	100887550	harbor2	chr6	100764870	100765219	LTR/ERVL-MaLR	1514	+	174	100765044	77494
chr6	100687550	100887550	harbor2	chr6	100787016	100787172	LTR/ERVL-MaLR	522	+	78	100787094	99544
chr6	117141258	117341258	harbor2	chr6	117189605	117189986	LTR/ERVL-MaLR	2049	+	190	117189795	48537
chr6	117141258	117341258	harbor2	chr6	117223799	117223877	LTR/ERVL-MaLR	1483	+	39	117223838	82580
chr6	117141258	117341258	harbor2	chr6	117224662	117224980	LTR/ERVL-MaLR	1483	+	159	117224821	83563
chr6	133039814	133239814	harbor2	chr6	133041104	133041467	LTR/ERVL-MaLR	1252	+	182	133041286	1472
chr6	133039814	133239814	harbor2	chr6	133076718	133077005	LTR/ERVL-MaLR	475	+	144	133076862	37048
chr6	133039814	133239814	harbor2	chr6	133079848	133080226	LTR/ERVL-MaLR	882	+	189	133080037	40223
chr6	133039814	133239814	harbor2	chr6	133080249	133080377	LTR/ERVL-MaLR	425	+	64	133080313	40499
chr6	133039814	133239814	harbor2	chr6	133087966	133088545	LTR/ERVL-MaLR	2598	+	290	133088256	48442
chr6	133039814	133239814	harbor2	chr6	133112308	133112655	LTR/ERVL-MaLR	1710	+	174	133112482	72668
chr6	133039814	133239814	harbor2	chr6	133114212	133114596	LTR/ERVL-MaLR	1881	+	192	133114404	74590
chr6	133039814	133239814	harbor2	chr6	133117012	133117121	LTR/ERVL-MaLR	426	+	54	133117066	77252
chr6	40958407	41158407	harbor2	chr6	40991172	40991608	LTR/ERVL-MaLR	921	+	218	40991390	32983
chr6	40958407	41158407	harbor2	chr6	40995456	40995526	LTR/ERVL-MaLR	1194	+	35	40995491	37084
chr6	40958407	41158407	harbor2	chr6	40995831	40996009	LTR/ERVL-MaLR	1194	+	89	40995920	37513
chr6	40958407	41158407	harbor2	chr6	40996297	40996573	LTR/ERVL-MaLR	1194	+	138	40996435	38028
chr6	40958407	41158407	harbor2	chr6	40998752	40999049	LTR/ERVL-MaLR	1010	+	148	40998900	40493
chr6	40958407	41158407	harbor2	chr6	41020347	41020645	LTR/ERVL-MaLR	1055	+	149	41020496	62089
chr6	40958407	41158407	harbor2	chr6	41023975	41024281	LTR/ERVL-MaLR	523	+	153	41024128	65721
chr6	154028228	154228228	harbor2	chr6	154029642	154030004	LTR/ERVL-MaLR	2456	+	181	154029823	1595
chr6	154028228	154228228	harbor2	chr6	154030008	154030107	LTR/ERVL-MaLR	655	+	50	154030058	1830
chr6	154028228	154228228	harbor2	chr6	154066489	154066897	LTR/ERVL-MaLR	926	+	204	154066693	38465
chr6	154669208	154869208	harbor2	chr6	154714415	154714581	LTR/ERVL-MaLR	1241	+	83	154714498	45290
chr6	154669208	154869208	harbor2	chr6	154714892	154715105	LTR/ERVL-MaLR	1241	+	106	154714998	45790
chr6	154669208	154869208	harbor2	chr6	154717418	154717517	LTR/ERVL-MaLR	1132	+	50	154717468	48260
chr6	154669208	154869208	harbor2	chr6	154717810	154718102	LTR/ERVL-MaLR	1138	+	146	154717956	48748
chr6	154669208	154869208	harbor2	chr6	154718135	154718510	LTR/ERVL-MaLR	2596	+	188	154718323	49115
chr6	154669208	154869208	harbor2	chr6	154718756	154719203	LTR/ERVL-MaLR	1913	+	224	154718980	49772
chr6	154669208	154869208	harbor2	chr6	154719514	154719596	LTR/ERVL-MaLR	1913	+	41	154719555	50347
chr6	32827818	33027818	harbor2	chr6	32833735	32834079	LTR/ERVL-MaLR	2174	+	172	32833907	6089
chr6	32827818	33027818	harbor2	chr6	32866973	32867151	LTR/ERVL-MaLR	626	+	89	32867062	39244
chr6	32827818	33027818	harbor2	chr6	32883201	32883575	LTR/ERVL-MaLR	2056	+	187	32883388	55570
chr6	32827818	33027818	harbor2	chr6	32888606	32888995	LTR/ERVL-MaLR	1398	+	194	32888800	60982
chr6	32827818	33027818	harbor2	chr6	32903192	32903511	LTR/ERVL-MaLR	1154	+	160	32903352	75534
chr6	32827818	33027818	harbor2	chr6	32922472	32922842	LTR/ERVL-MaLR	980	+	185	32922657	94839
chr6	99849662	100049662	harbor2	chr6	99850781	99850874	LTR/ERVL-MaLR	437	+	46	99850827	1165
chr6	99849662	100049662	harbor2	chr6	99850895	99851155	LTR/ERVL-MaLR	826	+	130	99851025	1363
chr6	99849662	100049662	harbor2	chr6	99852426	99852877	LTR/ERVL-MaLR	1776	+	226	99852652	2990
chr6	99849662	100049662	harbor2	chr6	99869409	99869824	LTR/ERVL-MaLR	2500	+	208	99869617	19955
chr6	99849662	100049662	harbor2	chr6	99882261	99882677	LTR/ERVL-MaLR	2433	+	208	99882469	32807
chr6	99849662	100049662	harbor2	chr6	99941458	99941830	LTR/ERVL-MaLR	1596	+	186	99941644	91982
chr6	99849662	100049662	harbor2	chr6	99948163	99948683	LTR/ERVL-MaLR	2541	+	260	99948423	98761
chr6	136112426	136312426	harbor2	chr6	136167299	136167646	LTR/ERVL-MaLR	2142	+	174	136167473	55047
chr6	71396240	71596240	harbor2	chr6	71410131	71410478	LTR/ERVL-MaLR	1920	+	174	71410305	14065
chr6	71396240	71596240	harbor2	chr6	71454042	71454439	LTR/ERVL-MaLR	1998	+	198	71454240	58000
chr6	71396240	71596240	harbor2	chr6	71464081	71464564	LTR/ERVL-MaLR	1400	+	242	71464323	68083
chr6	71396240	71596240	harbor2	chr6	71487835	71488181	LTR/ERVL-MaLR	1797	+	173	71488008	91768
chr6	71396240	71596240	harbor2	chr6	71490737	71491282	LTR/ERVL-MaLR	2294	+	272	71491009	94769
chr6	151647523	151847523	harbor2	chr6	151661635	151661969	LTR/ERVL-MaLR	1798	+	167	151661802	14279
chr6	151647523	151847523	harbor2	chr6	151727631	151727999	LTR/ERVL-MaLR	1952	+	184	151727815	80292
chr6	151647523	151847523	harbor2	chr6	151729038	151729405	LTR/ERVL-MaLR	1948	+	184	151729222	81699
chr6	151647523	151847523	harbor2	chr6	151735748	151736117	LTR/ERVL-MaLR	2021	+	184	151735932	88409
chr6	169166830	169366830	harbor2	chr6	169231042	169231495	LTR/ERVL-MaLR	586	+	226	169231268	64438
chr6	169166830	169366830	harbor2	chr6	169256409	169256830	LTR/ERVL-MaLR	862	+	210	169256619	89789
chr6	121739027	121939027	harbor2	chr6	121746118	121746467	LTR/ERVL-MaLR	681	+	174	121746292	7265
chr6	121739027	121939027	harbor2	chr6	121758624	121759007	LTR/ERVL-MaLR	2430	+	192	121758816	19789
chr6	121739027	121939027	harbor2	chr6	121799614	121799787	LTR/ERVL-MaLR	740	+	86	121799700	60673
chr6	121739027	121939027	harbor2	chr6	121800076	121800270	LTR/ERVL-MaLR	1007	+	97	121800173	61146
chr6	121739027	121939027	harbor2	chr6	121800642	121801008	LTR/ERVL-MaLR	2273	+	183	121800825	61798
chr6	121739027	121939027	harbor2	chr6	121801011	121802583	LTR/ERVL-MaLR	9482	+	786	121801797	62770
chr6	121739027	121939027	harbor2	chr6	121802585	121802961	LTR/ERVL-MaLR	2416	+	188	121802773	63746
chr6	121739027	121939027	harbor2	chr6	121815890	121816137	LTR/ERVL-MaLR	703	+	124	121816014	76987
chr6	121739027	121939027	harbor2	chr6	121816405	121816462	LTR/ERVL-MaLR	703	+	28	121816433	77406
chr6	121739027	121939027	harbor2	chr6	121818845	121819181	LTR/ERVL-MaLR	2210	+	168	121819013	79986
chr6	121739027	121939027	harbor2	chr6	121819644	121820104	LTR/ERVL-MaLR	1906	+	230	121819874	80847
chr6	121739027	121939027	harbor2	chr6	121835250	121836181	LTR/ERVL-MaLR	1066	+	466	121835716	96689
chr6	121739027	121939027	harbor2	chr6	121837253	121837329	LTR/ERVL-MaLR	861	+	38	121837291	98264
chr6	121739027	121939027	harbor2	chr6	121837622	121837927	LTR/ERVL-MaLR	861	+	152	121837774	98747
chr6	23470817	23670817	harbor2	chr6	23477083	23477456	LTR/ERVL-MaLR	1606	+	186	23477269	6452
chr6	23470817	23670817	harbor2	chr6	23478388	23478487	LTR/ERVL-MaLR	414	+	50	23478438	7621
chr6	23470817	23670817	harbor2	chr6	23495641	23496078	LTR/ERVL-MaLR	1842	+	218	23495859	25042
chr6	23470817	23670817	harbor2	chr6	23500613	23500998	LTR/ERVL-MaLR	804	+	192	23500805	29988
chr6	23470817	23670817	harbor2	chr6	23509442	23509832	LTR/ERVL-MaLR	1422	+	195	23509637	38820
chr6	23470817	23670817	harbor2	chr6	23531471	23532277	LTR/ERVL-MaLR	1776	+	403	23531874	61057
chr6	23470817	23670817	harbor2	chr6	23543312	23543685	LTR/ERVL-MaLR	1983	+	186	23543498	72681
chr6	23470817	23670817	harbor2	chr6	23544825	23544950	LTR/ERVL-MaLR	464	+	62	23544887	74070
chr6	136670815	136870815	harbor2	chr6	136683185	136683625	LTR/ERVL-MaLR	707	+	220	136683405	12590
chr6	136670815	136870815	harbor2	chr6	136689476	136689852	LTR/ERVL-MaLR	1723	+	188	136689664	18849
chr6	136670815	136870815	harbor2	chr6	136712664	136713023	LTR/ERVL-MaLR	2312	+	180	136712844	42029
chr6	136670815	136870815	harbor2	chr6	136760534	136760687	LTR/ERVL-MaLR	1460	+	76	136760610	89795
chr6	136670815	136870815	harbor2	chr6	136760995	136761218	LTR/ERVL-MaLR	1460	+	112	136761107	90292
chr6	136670815	136870815	harbor2	chr6	136763700	136764083	LTR/ERVL-MaLR	2282	+	192	136763892	93077
chr6	136670815	136870815	harbor2	chr6	136764158	136764670	LTR/ERVL-MaLR	622	+	256	136764414	93599
chr6	152706295	152906295	harbor2	chr6	152717404	152717757	LTR/ERVL-MaLR	2299	+	176	152717580	11285
chr6	152706295	152906295	harbor2	chr6	152775586	152775870	LTR/ERVL-MaLR	1261	+	142	152775728	69433
chr6	152706295	152906295	harbor2	chr6	152776327	152776384	LTR/ERVL-MaLR	1261	+	28	152776355	70060
chr6	152706295	152906295	harbor2	chr6	152778047	152778411	LTR/ERVL-MaLR	1432	+	182	152778229	71934
chr6	152706295	152906295	harbor2	chr6	152779393	152779762	LTR/ERVL-MaLR	2226	+	184	152779577	73282
chr6	152706295	152906295	harbor2	chr6	152804387	152804745	LTR/ERVL-MaLR	2131	+	179	152804566	98271
chr6	161316516	161516516	harbor2	chr6	161377589	161377982	LTR/ERVL-MaLR	1563	+	196	161377785	61269
chr6	161316516	161516516	harbor2	chr6	161387150	161387527	LTR/ERVL-MaLR	2727	+	188	161387338	70822
chr6	161316516	161516516	harbor2	chr6	161387720	161387910	LTR/ERVL-MaLR	879	+	95	161387815	71299
chr6	161316516	161516516	harbor2	chr6	161388530	161388950	LTR/ERVL-MaLR	1000	+	210	161388740	72224
chr6	161316516	161516516	harbor2	chr6	161403697	161404021	LTR/ERVL-MaLR	1216	+	162	161403859	87343
chr6	161316516	161516516	harbor2	chr6	161411163	161411519	LTR/ERVL-MaLR	2425	+	178	161411341	94825
chr6	161316516	161516516	harbor2	chr6	161366014	161366234	LTR/ERVL-MaLR	1065	+	110	161366124	49608
chr6	54323020	54523020	harbor2	chr6	54394415	54394785	LTR/ERVL-MaLR	2107	+	185	54394600	71580
chr6	140311037	140511037	harbor2	chr6	140315218	140315505	LTR/ERVL-MaLR	848	+	144	140315362	4325
chr6	140311037	140511037	harbor2	chr6	140356459	140356681	LTR/ERVL-MaLR	1075	+	111	140356570	45533
chr6	140311037	140511037	harbor2	chr6	140363012	140363307	LTR/ERVL-MaLR	1494	+	148	140363160	52123
chr6	140311037	140511037	harbor2	chr6	140363310	140364905	LTR/ERVL-MaLR	11308	+	798	140364108	53071
chr6	140311037	140511037	harbor2	chr6	140364906	140365257	LTR/ERVL-MaLR	1977	+	176	140365082	54045
chr6	140311037	140511037	harbor2	chr6	140407179	140407570	LTR/ERVL-MaLR	1810	+	196	140407375	96338
chr6	140311037	140511037	harbor2	chr6	140407571	140409189	LTR/ERVL-MaLR	10590	+	809	140408380	97343
chr6	140311037	140511037	harbor2	chr6	140409190	140409563	LTR/ERVL-MaLR	1506	+	186	140409376	98339
chr6	82833365	83033365	harbor2	chr6	82867482	82867689	LTR/ERVL-MaLR	2152	+	104	82867586	34221
chr6	82833365	83033365	harbor2	chr6	82867725	82867911	LTR/ERVL-MaLR	2152	+	93	82867818	34453
chr6	82833365	83033365	harbor2	chr6	82871659	82872039	LTR/ERVL-MaLR	2477	+	190	82871849	38484
chr6	82833365	83033365	harbor2	chr6	82929974	82930341	LTR/ERVL-MaLR	2221	+	184	82930158	96793
chr6	82833365	83033365	harbor2	chr6	82930349	82931859	LTR/ERVL-MaLR	8663	+	755	82931104	97739
chr6	82833365	83033365	harbor2	chr6	82931861	82932230	LTR/ERVL-MaLR	2524	+	184	82932045	98680
chr6	145366836	145566836	harbor2	chr6	145424582	145424951	LTR/ERVL-MaLR	2123	+	184	145424766	57930
chr6	145366836	145566836	harbor2	chr6	145434801	145435132	LTR/ERVL-MaLR	1747	+	166	145434967	68131
chr6	145366836	145566836	harbor2	chr6	145435618	145435688	LTR/ERVL-MaLR	423	+	35	145435653	68817
chr6	145366836	145566836	harbor2	chr6	145437036	145437423	LTR/ERVL-MaLR	1908	+	194	145437230	70394
chr6	145366836	145566836	harbor2	chr6	145443683	145444054	LTR/ERVL-MaLR	2059	+	186	145443869	77033
chr6	145366836	145566836	harbor2	chr6	145445780	145446308	LTR/ERVL-MaLR	869	+	264	145446044	79208
chr6	145366836	145566836	harbor2	chr6	145463854	145464096	LTR/ERVL-MaLR	1204	+	121	145463975	97139
chr6	145366836	145566836	harbor2	chr6	145464094	145464399	LTR/ERVL-MaLR	1811	+	152	145464246	97410
chr6	141947491	142147491	harbor2	chr6	141951892	141952278	LTR/ERVL-MaLR	1980	+	193	141952085	4594
chr6	141947491	142147491	harbor2	chr6	141952281	141953861	LTR/ERVL-MaLR	10515	+	790	141953071	5580
chr6	141947491	142147491	harbor2	chr6	141953878	141954246	LTR/ERVL-MaLR	1717	+	184	141954062	6571
chr6	141947491	142147491	harbor2	chr6	141992827	141993180	LTR/ERVL-MaLR	2408	+	176	141993003	45512
chr6	141947491	142147491	harbor2	chr6	141993181	141993454	LTR/ERVL-MaLR	1917	+	136	141993317	45826
chr6	141947491	142147491	harbor2	chr6	141993451	141993640	LTR/ERVL-MaLR	1398	+	94	141993545	46054
chr6	141947491	142147491	harbor2	chr6	142009520	142010117	LTR/ERVL-MaLR	1698	+	298	142009818	62327
chr6	141947491	142147491	harbor2	chr6	142027146	142027494	LTR/ERVL-MaLR	1931	+	174	142027320	79829
chr6	141947491	142147491	harbor2	chr6	142035929	142036359	LTR/ERVL-MaLR	2455	+	215	142036144	88653
chr6	152370457	152570457	harbor2	chr6	152450004	152450380	LTR/ERVL-MaLR	2794	+	188	152450192	79735
chr6	152370457	152570457	harbor2	chr6	152454288	152454600	LTR/ERVL-MaLR	1341	+	156	152454444	83987
chr6	152370457	152570457	harbor2	chr6	152371146	152371518	LTR/ERVL-MaLR	2617	+	186	152371332	875
chr6	163623889	163823889	harbor2	chr6	163629254	163629765	LTR/ERVL-MaLR	1719	+	256	163629510	5621
chr6	163623889	163823889	harbor2	chr6	163633381	163633741	LTR/ERVL-MaLR	2656	+	180	163633561	9672
chr6	163623889	163823889	harbor2	chr6	163641699	163642096	LTR/ERVL-MaLR	488	+	198	163641897	18008
chr6	163623889	163823889	harbor2	chr6	163650052	163650305	LTR/ERVL-MaLR	772	+	126	163650178	26289
chr6	163623889	163823889	harbor2	chr6	163657358	163657756	LTR/ERVL-MaLR	2347	+	199	163657557	33668
chr6	163623889	163823889	harbor2	chr6	163671519	163671708	LTR/ERVL-MaLR	430	+	94	163671613	47724
chr6	163623889	163823889	harbor2	chr6	163678842	163679042	LTR/ERVL-MaLR	1054	+	100	163678942	55053
chr6	163623889	163823889	harbor2	chr6	163679719	163680055	LTR/ERVL-MaLR	1155	+	168	163679887	55998
chr6	163623889	163823889	harbor2	chr6	163698654	163698927	LTR/ERVL-MaLR	741	+	136	163698790	74901
chr6	163623889	163823889	harbor2	chr6	163704157	163704528	LTR/ERVL-MaLR	1787	+	186	163704343	80454
chr6	163623889	163823889	harbor2	chr6	163714334	163714650	LTR/ERVL-MaLR	1248	+	158	163714492	90603
chr6	139086959	139286959	harbor2	chr6	139091737	139092136	LTR/ERVL-MaLR	1710	+	200	139091937	4978
chr6	139086959	139286959	harbor2	chr6	139105240	139105422	LTR/ERVL-MaLR	1804	+	91	139105331	18372
chr6	139086959	139286959	harbor2	chr6	139105716	139106044	LTR/ERVL-MaLR	1804	+	164	139105880	18921
chr6	139086959	139286959	harbor2	chr6	139109012	139109181	LTR/ERVL-MaLR	1305	+	84	139109096	22137
chr6	139086959	139286959	harbor2	chr6	139109533	139109901	LTR/ERVL-MaLR	2782	+	184	139109717	22758
chr6	139086959	139286959	harbor2	chr6	139128887	139128910	LTR/ERVL-MaLR	2104	+	12	139128899	41940
chr6	139086959	139286959	harbor2	chr6	139129209	139129702	LTR/ERVL-MaLR	2104	+	246	139129455	42496
chr6	134063581	134263581	harbor2	chr6	134071070	134071446	LTR/ERVL-MaLR	2888	+	188	134071258	7677
chr6	134063581	134263581	harbor2	chr6	134092793	134093240	LTR/ERVL-MaLR	1905	+	224	134093017	29436
chr6	134063581	134263581	harbor2	chr6	134112121	134112237	LTR/ERVL-MaLR	1389	+	58	134112179	48598
chr6	134063581	134263581	harbor2	chr6	134112238	134112616	LTR/ERVL-MaLR	2294	+	189	134112427	48846
chr6	134063581	134263581	harbor2	chr6	134112617	134112917	LTR/ERVL-MaLR	1389	+	150	134112767	49186
chr6	134063581	134263581	harbor2	chr6	134113265	134113460	LTR/ERVL-MaLR	486	+	98	134113363	49782
chr6	134063581	134263581	harbor2	chr6	134113782	134113959	LTR/ERVL-MaLR	486	+	88	134113870	50289
chr6	134063581	134263581	harbor2	chr6	134129708	134129822	LTR/ERVL-MaLR	2397	+	57	134129765	66184
chr6	134063581	134263581	harbor2	chr6	134130103	134130409	LTR/ERVL-MaLR	2397	+	153	134130256	66675
chr6	134063581	134263581	harbor2	chr6	134130926	134131307	LTR/ERVL-MaLR	2301	+	190	134131116	67535
chr6	134063581	134263581	harbor2	chr6	134135843	134136156	LTR/ERVL-MaLR	1866	+	156	134135999	72418
chr6	134063581	134263581	harbor2	chr6	134137452	134137524	LTR/ERVL-MaLR	459	+	36	134137488	73907
chr6	134063581	134263581	harbor2	chr6	134143672	134143839	LTR/ERVL-MaLR	655	+	84	134143756	80175
chr6	134063581	134263581	harbor2	chr6	134144162	134144359	LTR/ERVL-MaLR	655	+	98	134144260	80679
chr6	134063581	134263581	harbor2	chr6	134150470	134150816	LTR/ERVL-MaLR	2586	+	173	134150643	87062
chr6	134063581	134263581	harbor2	chr6	134152398	134152751	LTR/ERVL-MaLR	2825	+	176	134152574	88993
chr6	134063581	134263581	harbor2	chr6	134150817	134152397	LTR/ERVL-MaLR	12039	+	790	134151607	88026
chr6	134063581	134263581	harbor2	chr6	134086484	134086846	LTR/ERVL-MaLR	2716	+	181	134086665	23084
chr6	149453618	149653618	harbor2	chr6	149471652	149471752	LTR/ERVL-MaLR	516	+	50	149471702	18084
chr6	149453618	149653618	harbor2	chr6	149474938	149475230	LTR/ERVL-MaLR	1310	+	146	149475084	21466
chr6	149453618	149653618	harbor2	chr6	149490331	149490494	LTR/ERVL-MaLR	1322	+	82	149490413	36795
chr6	149453618	149653618	harbor2	chr6	149490807	149491049	LTR/ERVL-MaLR	1322	+	121	149490928	37310
chr6	149453618	149653618	harbor2	chr6	149544195	149544373	LTR/ERVL-MaLR	558	+	89	149544284	90666
chr6	78471644	78671644	harbor2	chr6	78476147	78476423	LTR/ERVL-MaLR	434	+	138	78476285	4641
chr6	78471644	78671644	harbor2	chr6	78506608	78506910	LTR/ERVL-MaLR	1454	+	151	78506759	35115
chr6	78471644	78671644	harbor2	chr6	78506911	78508481	LTR/ERVL-MaLR	11337	+	785	78507696	36052
chr6	78471644	78671644	harbor2	chr6	78508482	78508823	LTR/ERVL-MaLR	2143	+	170	78508652	37008
chr6	78471644	78671644	harbor2	chr6	78539038	78539400	LTR/ERVL-MaLR	1206	+	181	78539219	67575
chr6	113261684	113461684	harbor2	chr6	113274702	113275157	LTR/ERVL-MaLR	1350	+	228	113274930	13246
chr6	113261684	113461684	harbor2	chr6	113275952	113276267	LTR/ERVL-MaLR	451	+	158	113276110	14426
chr6	113261684	113461684	harbor2	chr6	113289909	113290262	LTR/ERVL-MaLR	1861	+	176	113290085	28401
chr6	113261684	113461684	harbor2	chr6	113309243	113309511	LTR/ERVL-MaLR	403	+	134	113309377	47693
chr6	113261684	113461684	harbor2	chr6	113320245	113320431	LTR/ERVL-MaLR	1484	+	93	113320338	58654
chr6	113261684	113461684	harbor2	chr6	113320432	113320786	LTR/ERVL-MaLR	2427	+	177	113320609	58925
chr6	113261684	113461684	harbor2	chr6	113320787	113321028	LTR/ERVL-MaLR	1484	+	120	113320907	59223
chr6	113261684	113461684	harbor2	chr6	113353445	113354071	LTR/ERVL-MaLR	1985	+	313	113353758	92074
chr6	113261684	113461684	harbor2	chr6	113354433	113354727	LTR/ERVL-MaLR	763	+	147	113354580	92896
chr6	162923589	163123589	harbor2	chr6	162962417	162962780	LTR/ERVL-MaLR	1658	+	182	162962599	39010
chr6	162923589	163123589	harbor2	chr6	162987382	162987736	LTR/ERVL-MaLR	2557	+	177	162987559	63970
chr6	131091366	131291366	harbor2	chr6	131103877	131104254	LTR/ERVL-MaLR	1181	+	188	131104065	12699
chr6	131091366	131291366	harbor2	chr6	131109212	131109569	LTR/ERVL-MaLR	1987	+	178	131109390	18024
chr6	131091366	131291366	harbor2	chr6	131141122	131141509	LTR/ERVL-MaLR	1928	+	194	131141316	49950
chr6	131091366	131291366	harbor2	chr6	131141516	131143221	LTR/ERVL-MaLR	8809	+	852	131142368	51002
chr6	131091366	131291366	harbor2	chr6	131143222	131143620	LTR/ERVL-MaLR	2066	+	199	131143421	52055
chr6	131091366	131291366	harbor2	chr6	131186076	131186468	LTR/ERVL-MaLR	2118	+	196	131186272	94906
chr6	140810647	141010647	harbor2	chr6	140820821	140821009	LTR/ERVL-MaLR	489	+	94	140820915	10268
chr6	140810647	141010647	harbor2	chr6	140879478	140879832	LTR/ERVL-MaLR	779	+	177	140879655	69008
chr6	140810647	141010647	harbor2	chr6	140820436	140820690	LTR/ERVL-MaLR	563	+	127	140820563	9916
chr6	146555565	146755565	harbor2	chr6	146566355	146566398	LTR/ERVL-MaLR	585	+	22	146566377	10812
chr6	146555565	146755565	harbor2	chr6	146566399	146566750	LTR/ERVL-MaLR	1811	+	176	146566575	11010
chr6	146555565	146755565	harbor2	chr6	146566751	146566804	LTR/ERVL-MaLR	585	+	26	146566777	11212
chr6	146555565	146755565	harbor2	chr6	146567599	146567947	LTR/ERVL-MaLR	1205	+	174	146567773	12208
chr6	146555565	146755565	harbor2	chr6	146568085	146568274	LTR/ERVL-MaLR	878	+	94	146568179	12614
chr6	146555565	146755565	harbor2	chr6	146568320	146568361	LTR/ERVL-MaLR	878	+	20	146568340	12775
chr6	146555565	146755565	harbor2	chr6	146568494	146568675	LTR/ERVL-MaLR	628	+	90	146568584	13019
chr6	146555565	146755565	harbor2	chr6	146582980	146583434	LTR/ERVL-MaLR	563	+	227	146583207	27642
chr6	146555565	146755565	harbor2	chr6	146625469	146625843	LTR/ERVL-MaLR	1749	+	187	146625656	70091
chr6	154264818	154464818	harbor2	chr6	154286864	154287153	LTR/ERVL-MaLR	1636	+	144	154287008	22190
chr6	154264818	154464818	harbor2	chr6	154287189	154287375	LTR/ERVL-MaLR	1636	+	93	154287282	22464
chr6	154264818	154464818	harbor2	chr6	154307135	154307503	LTR/ERVL-MaLR	2356	+	184	154307319	42501
chr6	154264818	154464818	harbor2	chr6	154358008	154358325	LTR/ERVL-MaLR	1837	+	158	154358166	93348
chr6	135040120	135240120	harbor2	chr6	135066801	135066879	LTR/ERVL-MaLR	1304	+	39	135066840	26720
chr6	135040120	135240120	harbor2	chr6	135066880	135067261	LTR/ERVL-MaLR	2259	+	190	135067070	26950
chr6	135040120	135240120	harbor2	chr6	135067262	135067753	LTR/ERVL-MaLR	1304	+	246	135067508	27388
chr6	135040120	135240120	harbor2	chr6	135071459	135071806	LTR/ERVL-MaLR	1517	+	174	135071633	31513
chr6	135040120	135240120	harbor2	chr6	135079160	135079510	LTR/ERVL-MaLR	1913	+	175	135079335	39215
chr6	135040120	135240120	harbor2	chr6	135090901	135091417	LTR/ERVL-MaLR	2102	+	258	135091159	51039
chr6	128975435	129175435	harbor2	chr6	128975533	128975896	LTR/ERVL-MaLR	2641	+	182	128975715	280
chr6	128975435	129175435	harbor2	chr6	129065705	129066038	LTR/ERVL-MaLR	1880	+	166	129065871	90436
chr6	128975435	129175435	harbor2	chr6	129066345	129066386	LTR/ERVL-MaLR	1880	+	20	129066365	90930
chr6	154031366	154231366	harbor2	chr6	154066489	154066897	LTR/ERVL-MaLR	926	+	204	154066693	35327
chr6	99309516	99509516	harbor2	chr6	99328194	99328557	LTR/ERVL-MaLR	2128	+	182	99328376	18860
chr6	109200460	109400460	harbor2	chr6	109263174	109263591	LTR/ERVL-MaLR	2441	+	208	109263382	62922
chr6	141204771	141404771	harbor2	chr6	141274755	141275137	LTR/ERVL-MaLR	1587	+	191	141274946	70175
chr6	151078002	151278002	harbor2	chr6	151127249	151127406	LTR/ERVL-MaLR	437	+	78	151127327	49325
chr6	151078002	151278002	harbor2	chr6	151127412	151127779	LTR/ERVL-MaLR	2211	+	184	151127596	49594
chr6	151078002	151278002	harbor2	chr6	151127782	151128062	LTR/ERVL-MaLR	2058	+	140	151127922	49920
chr6	151078002	151278002	harbor2	chr6	151128532	151129379	LTR/ERVL-MaLR	5526	+	424	151128956	50954
chr6	151078002	151278002	harbor2	chr6	151129801	151130285	LTR/ERVL-MaLR	3497	+	242	151130043	52041
chr6	151078002	151278002	harbor2	chr6	151130288	151130663	LTR/ERVL-MaLR	2047	+	188	151130476	52474
chr6	151078002	151278002	harbor2	chr6	151130672	151131033	LTR/ERVL-MaLR	1053	+	180	151130852	52850
chr6	151078002	151278002	harbor2	chr6	151132444	151132852	LTR/ERVL-MaLR	1075	+	204	151132648	54646
chr6	151078002	151278002	harbor2	chr6	151132853	151133215	LTR/ERVL-MaLR	2093	+	181	151133034	55032
chr6	151078002	151278002	harbor2	chr6	151133216	151133266	LTR/ERVL-MaLR	1075	+	25	151133241	55239
chr6	151078002	151278002	harbor2	chr6	151135614	151135749	LTR/ERVL-MaLR	1208	+	68	151135682	57680
chr6	151078002	151278002	harbor2	chr6	151136060	151136323	LTR/ERVL-MaLR	1208	+	132	151136192	58190
chr6	151078002	151278002	harbor2	chr6	151153939	151154213	LTR/ERVL-MaLR	967	+	137	151154076	76074
chr6	160511069	160711069	harbor2	chr6	160523379	160523603	LTR/ERVL-MaLR	1224	+	112	160523491	12422
chr6	160511069	160711069	harbor2	chr6	160528045	160528442	LTR/ERVL-MaLR	2242	+	198	160528243	17174
chr6	160511069	160711069	harbor2	chr6	160540381	160540810	LTR/ERVL-MaLR	2079	+	214	160540595	29526
chr6	133797457	133997457	harbor2	chr6	133808168	133808536	LTR/ERVL-MaLR	2179	+	184	133808352	10895
chr6	133797457	133997457	harbor2	chr6	133809934	133810148	LTR/ERVL-MaLR	485	+	107	133810041	12584
chr6	133797457	133997457	harbor2	chr6	133814848	133815233	LTR/ERVL-MaLR	1871	+	192	133815040	17583
chr6	133797457	133997457	harbor2	chr6	133869072	133869413	LTR/ERVL-MaLR	1761	+	170	133869242	71785
chr6	133797457	133997457	harbor2	chr6	133880746	133881158	LTR/ERVL-MaLR	1241	+	206	133880952	83495
chr6	133797457	133997457	harbor2	chr6	133882742	133883264	LTR/ERVL-MaLR	965	+	261	133883003	85546
chr6	158748514	158948514	harbor2	chr6	158768048	158768411	LTR/ERVL-MaLR	1675	+	182	158768230	19716
chr6	158748514	158948514	harbor2	chr6	158847799	158848187	LTR/ERVL-MaLR	1934	+	194	158847993	99479
chr6	40351030	40551030	harbor2	chr6	40375751	40376043	LTR/ERVL-MaLR	1327	+	146	40375897	24867
chr6	40351030	40551030	harbor2	chr6	40394651	40395028	LTR/ERVL-MaLR	2446	+	188	40394839	43809
chr6	40351030	40551030	harbor2	chr6	40423668	40424026	LTR/ERVL-MaLR	623	+	179	40423847	72817
chr6	40351030	40551030	harbor2	chr6	40430851	40431086	LTR/ERVL-MaLR	415	+	118	40430969	79939
chr6	40351030	40551030	harbor2	chr6	40449328	40449673	LTR/ERVL-MaLR	1347	+	172	40449500	98470
chr6	54952777	55152777	harbor2	chr6	54975079	54975566	LTR/ERVL-MaLR	1320	+	244	54975323	22546
chr6	54952777	55152777	harbor2	chr6	54989934	54990090	LTR/ERVL-MaLR	439	+	78	54990012	37235
chr6	54952777	55152777	harbor2	chr6	55018197	55018561	LTR/ERVL-MaLR	1673	+	182	55018379	65602
chr6	54952777	55152777	harbor2	chr6	55024464	55024836	LTR/ERVL-MaLR	2576	+	186	55024650	71873
chr6	54952777	55152777	harbor2	chr6	55041068	55041417	LTR/ERVL-MaLR	1826	+	174	55041242	88465
chr6	158289474	158489474	harbor2	chr6	158333155	158333526	LTR/ERVL-MaLR	1829	+	186	158333341	43867
chr6	158289474	158489474	harbor2	chr6	158335294	158335347	LTR/ERVL-MaLR	1539	+	26	158335320	45846
chr6	158289474	158489474	harbor2	chr6	158343400	158343744	LTR/ERVL-MaLR	1296	+	172	158343572	54098
chr6	158289474	158489474	harbor2	chr6	158334687	158334995	LTR/ERVL-MaLR	1539	+	154	158334841	45367
chr6	96721693	96921693	harbor2	chr6	96721250	96721793	LTR/ERVL-MaLR	1259	+	272	96721522	171
chr6	96721693	96921693	harbor2	chr6	96724699	96725008	LTR/ERVL-MaLR	624	+	154	96724853	3160
chr6	96721693	96921693	harbor2	chr6	96726898	96727016	LTR/ERVL-MaLR	579	+	59	96726957	5264
chr6	96721693	96921693	harbor2	chr6	96729618	96730064	LTR/ERVL-MaLR	1698	+	223	96729841	8148
chr6	96721693	96921693	harbor2	chr6	96758150	96758554	LTR/ERVL-MaLR	2528	+	202	96758352	36659
chr6	96721693	96921693	harbor2	chr6	96785393	96785838	LTR/ERVL-MaLR	715	+	222	96785615	63922
chr6	120058674	120258674	harbor2	chr6	120058921	120059301	LTR/ERVL-MaLR	2313	+	190	120059111	437
chr6	120058674	120258674	harbor2	chr6	120076039	120076431	LTR/ERVL-MaLR	1888	+	196	120076235	17561
chr6	120058674	120258674	harbor2	chr6	120142290	120142367	LTR/ERVL-MaLR	860	+	38	120142328	83654
chr6	120058674	120258674	harbor2	chr6	120142368	120142747	LTR/ERVL-MaLR	1471	+	190	120142558	83884
chr6	120058674	120258674	harbor2	chr6	120142748	120143056	LTR/ERVL-MaLR	860	+	154	120142902	84228
chr6	159816175	160016175	harbor2	chr6	159845575	159845707	LTR/ERVL-MaLR	702	+	66	159845641	29466
chr6	159816175	160016175	harbor2	chr6	159847714	159848087	LTR/ERVL-MaLR	2050	+	186	159847900	31725
chr6	159816175	160016175	harbor2	chr6	159848088	159848841	LTR/ERVL-MaLR	12352	+	376	159848464	32289
chr6	159816175	160016175	harbor2	chr6	159849133	159849962	LTR/ERVL-MaLR	12352	+	414	159849547	33372
chr6	159816175	160016175	harbor2	chr6	159849963	159850337	LTR/ERVL-MaLR	2117	+	187	159850150	33975
chr6	159816175	160016175	harbor2	chr6	159867564	159867978	LTR/ERVL-MaLR	1252	+	207	159867771	51596
chr6	159816175	160016175	harbor2	chr6	159871824	159872354	LTR/ERVL-MaLR	1083	+	265	159872089	55914
chr6	159816175	160016175	harbor2	chr6	159875353	159875803	LTR/ERVL-MaLR	2416	+	225	159875578	59403
chr6	159816175	160016175	harbor2	chr6	159877462	159877883	LTR/ERVL-MaLR	1625	+	210	159877672	61497
chr6	159816175	160016175	harbor2	chr6	159874822	159875198	LTR/ERVL-MaLR	2033	+	188	159875010	58835
chr6	104888556	105088556	harbor2	chr6	104936331	104936633	LTR/ERVL-MaLR	928	+	151	104936482	47926
chr6	104888556	105088556	harbor2	chr6	104978740	104978976	LTR/ERVL-MaLR	438	+	118	104978858	90302
chr6	104888556	105088556	harbor2	chr6	104985964	104986342	LTR/ERVL-MaLR	2212	+	189	104986153	97597
chr6	81507147	81707147	harbor2	chr6	81538860	81539209	LTR/ERVL-MaLR	1671	+	174	81539034	31887
chr6	81507147	81707147	harbor2	chr6	81570212	81570672	LTR/ERVL-MaLR	1998	+	230	81570442	63295
chr6	81507147	81707147	harbor2	chr6	81584749	81585206	LTR/ERVL-MaLR	1807	+	228	81584977	77830
chr6	81507147	81707147	harbor2	chr6	81594630	81594907	LTR/ERVL-MaLR	1091	+	138	81594768	87621
chr6	81507147	81707147	harbor2	chr6	81595332	81595406	LTR/ERVL-MaLR	405	+	37	81595369	88222
chr6	81507147	81707147	harbor2	chr6	81599666	81599901	LTR/ERVL-MaLR	569	+	118	81599784	92637
chr6	53214744	53414744	harbor2	chr6	53216304	53216656	LTR/ERVL-MaLR	2029	+	176	53216480	1736
chr6	53214744	53414744	harbor2	chr6	53222117	53222431	LTR/ERVL-MaLR	1913	+	157	53222274	7530
chr6	53214744	53414744	harbor2	chr6	53222743	53222777	LTR/ERVL-MaLR	1913	+	17	53222760	8016
chr6	53214744	53414744	harbor2	chr6	53240266	53240416	LTR/ERVL-MaLR	482	+	75	53240341	25597
chr6	53214744	53414744	harbor2	chr6	53249917	53250329	LTR/ERVL-MaLR	763	+	206	53250123	35379
chr6	53214744	53414744	harbor2	chr6	53258765	53259139	LTR/ERVL-MaLR	2070	+	187	53258952	44208
chr6	53214744	53414744	harbor2	chr6	53294186	53294652	LTR/ERVL-MaLR	1077	+	233	53294419	79675
chr6	53214744	53414744	harbor2	chr6	53309520	53310014	LTR/ERVL-MaLR	1546	+	247	53309767	95023
chr6	112807492	113007492	harbor2	chr6	112844094	112844379	LTR/ERVL-MaLR	420	+	142	112844236	36744
chr6	112807492	113007492	harbor2	chr6	112856236	112856452	LTR/ERVL-MaLR	605	+	108	112856344	48852
chr6	112807492	113007492	harbor2	chr6	112879553	112879635	LTR/ERVL-MaLR	416	+	41	112879594	72102
chr6	112807492	113007492	harbor2	chr6	112880496	112880808	LTR/ERVL-MaLR	1754	+	156	112880652	73160
chr6	138118626	138318626	harbor2	chr6	138119251	138119605	LTR/ERVL-MaLR	2306	+	177	138119428	802
chr6	138118626	138318626	harbor2	chr6	138120990	138121147	LTR/ERVL-MaLR	766	+	78	138121068	2442
chr6	138118626	138318626	harbor2	chr6	138135562	138135969	LTR/ERVL-MaLR	2179	+	204	138135766	17140
chr6	138118626	138318626	harbor2	chr6	138144732	138145090	LTR/ERVL-MaLR	2077	+	179	138144911	26285
chr6	164323621	164523621	harbor2	chr6	164329767	164330053	LTR/ERVL-MaLR	687	+	143	164329910	6289
chr6	164323621	164523621	harbor2	chr6	164335174	164335523	LTR/ERVL-MaLR	1392	+	174	164335348	11727
chr6	164323621	164523621	harbor2	chr6	164366752	164367126	LTR/ERVL-MaLR	1699	+	187	164366939	43318
chr6	164323621	164523621	harbor2	chr6	164368675	164369053	LTR/ERVL-MaLR	525	+	189	164368864	45243
chr6	164323621	164523621	harbor2	chr6	164381745	164382198	LTR/ERVL-MaLR	1424	+	226	164381971	58350
chr6	164323621	164523621	harbor2	chr6	164421284	164421658	LTR/ERVL-MaLR	1788	+	187	164421471	97850
chr6	164323621	164523621	harbor2	chr6	164421659	164423101	LTR/ERVL-MaLR	10772	+	721	164422380	98759
chr6	164323621	164523621	harbor2	chr6	164423398	164423583	LTR/ERVL-MaLR	10772	+	92	164423490	99869
chr6	167436237	167636237	harbor2	chr6	167439555	167439993	LTR/ERVL-MaLR	1066	+	219	167439774	3537
chr6	167436237	167636237	harbor2	chr6	167486839	167487217	LTR/ERVL-MaLR	1055	+	189	167487028	50791
chr6	167436237	167636237	harbor2	chr6	167497812	167498183	LTR/ERVL-MaLR	2571	+	186	167497998	61761
chr6	167436237	167636237	harbor2	chr6	167498434	167498666	LTR/ERVL-MaLR	780	+	116	167498550	62313
chr6	167436237	167636237	harbor2	chr6	167518304	167518635	LTR/ERVL-MaLR	1085	+	166	167518470	82233
chr6	150052694	150252694	harbor2	chr6	150074519	150075038	LTR/ERVL-MaLR	2216	+	260	150074779	22085
chr6	150052694	150252694	harbor2	chr6	150110666	150110731	LTR/ERVL-MaLR	1776	+	32	150110698	58004
chr6	150052694	150252694	harbor2	chr6	150112306	150112658	LTR/ERVL-MaLR	1455	+	176	150112482	59788
chr6	150052694	150252694	harbor2	chr6	150112798	150112966	LTR/ERVL-MaLR	790	+	84	150112882	60188
chr6	150052694	150252694	harbor2	chr6	150124951	150125176	LTR/ERVL-MaLR	2505	+	112	150125063	72369
chr6	150052694	150252694	harbor2	chr6	150125477	150125689	LTR/ERVL-MaLR	2505	+	106	150125583	72889
chr6	150052694	150252694	harbor2	chr6	150125820	150126268	LTR/ERVL-MaLR	1755	+	224	150126044	73350
chr6	150052694	150252694	harbor2	chr6	150128352	150128810	LTR/ERVL-MaLR	649	+	229	150128581	75887
chr6	150052694	150252694	harbor2	chr6	150131433	150131826	LTR/ERVL-MaLR	2379	+	196	150131629	78935
chr6	150052694	150252694	harbor2	chr6	150137817	150138181	LTR/ERVL-MaLR	2383	+	182	150137999	85305
chr6	150052694	150252694	harbor2	chr6	150110004	150110358	LTR/ERVL-MaLR	1776	+	177	150110181	57487
chr6	142190375	142390375	harbor2	chr6	142223995	142224157	LTR/ERVL-MaLR	599	+	81	142224076	33701
chr6	142190375	142390375	harbor2	chr6	142235214	142235704	LTR/ERVL-MaLR	1457	+	245	142235459	45084
chr6	142190375	142390375	harbor2	chr6	142261815	142262177	LTR/ERVL-MaLR	1185	+	181	142261996	71621
chr6	142190375	142390375	harbor2	chr6	142269846	142270198	LTR/ERVL-MaLR	2124	+	176	142270022	79647
chr6	160064466	160264466	harbor2	chr6	160112680	160113023	LTR/ERVL-MaLR	1771	+	172	160112852	48386
chr6	145395459	145595459	harbor2	chr6	145424582	145424951	LTR/ERVL-MaLR	2123	+	184	145424766	29307
chr6	145395459	145595459	harbor2	chr6	145434801	145435132	LTR/ERVL-MaLR	1747	+	166	145434967	39508
chr6	145395459	145595459	harbor2	chr6	145435618	145435688	LTR/ERVL-MaLR	423	+	35	145435653	40194
chr6	145395459	145595459	harbor2	chr6	145437036	145437423	LTR/ERVL-MaLR	1908	+	194	145437230	41771
chr6	145395459	145595459	harbor2	chr6	145443683	145444054	LTR/ERVL-MaLR	2059	+	186	145443869	48410
chr6	145395459	145595459	harbor2	chr6	145445780	145446308	LTR/ERVL-MaLR	869	+	264	145446044	50585
chr6	145395459	145595459	harbor2	chr6	145463854	145464096	LTR/ERVL-MaLR	1204	+	121	145463975	68516
chr6	145395459	145595459	harbor2	chr6	145464094	145464399	LTR/ERVL-MaLR	1811	+	152	145464246	68787
chr6	145395459	145595459	harbor2	chr6	145481549	145481773	LTR/ERVL-MaLR	1238	+	112	145481661	86202
chr6	133063806	133263806	harbor2	chr6	133076718	133077005	LTR/ERVL-MaLR	475	+	144	133076862	13056
chr6	133063806	133263806	harbor2	chr6	133079848	133080226	LTR/ERVL-MaLR	882	+	189	133080037	16231
chr6	133063806	133263806	harbor2	chr6	133080249	133080377	LTR/ERVL-MaLR	425	+	64	133080313	16507
chr6	133063806	133263806	harbor2	chr6	133087966	133088545	LTR/ERVL-MaLR	2598	+	290	133088256	24450
chr6	133063806	133263806	harbor2	chr6	133112308	133112655	LTR/ERVL-MaLR	1710	+	174	133112482	48676
chr6	133063806	133263806	harbor2	chr6	133114212	133114596	LTR/ERVL-MaLR	1881	+	192	133114404	50598
chr6	133063806	133263806	harbor2	chr6	133117012	133117121	LTR/ERVL-MaLR	426	+	54	133117066	53260
chr6	133063806	133263806	harbor2	chr6	133141837	133142073	LTR/ERVL-MaLR	1667	+	118	133141955	78149
chr6	133063806	133263806	harbor2	chr6	133148105	133148246	LTR/ERVL-MaLR	899	+	70	133148175	84369
chr6	75257980	75457980	harbor2	chr6	75270337	75270682	LTR/ERVL-MaLR	1631	+	172	75270509	12529
chr6	75257980	75457980	harbor2	chr6	75278278	75278428	LTR/ERVL-MaLR	415	+	75	75278353	20373
chr6	75257980	75457980	harbor2	chr6	75323735	75324091	LTR/ERVL-MaLR	1974	+	178	75323913	65933
chr6	75257980	75457980	harbor2	chr6	75331806	75332156	LTR/ERVL-MaLR	1614	+	175	75331981	74001
chr6	75257980	75457980	harbor2	chr6	75342966	75343338	LTR/ERVL-MaLR	1536	+	186	75343152	85172
chr6	46453536	46653536	harbor2	chr6	46469702	46470134	LTR/ERVL-MaLR	1888	+	216	46469918	16382
chr6	46453536	46653536	harbor2	chr6	46508362	46508625	LTR/ERVL-MaLR	638	+	132	46508494	54958
chr6	46453536	46653536	harbor2	chr6	46508787	46508898	LTR/ERVL-MaLR	506	+	56	46508843	55307
chr6	123604277	123804277	harbor2	chr6	123610901	123611043	LTR/ERVL-MaLR	539	+	71	123610972	6695
chr6	123604277	123804277	harbor2	chr6	123652133	123652559	LTR/ERVL-MaLR	2483	+	213	123652346	48069
chr6	123604277	123804277	harbor2	chr6	123664462	123664839	LTR/ERVL-MaLR	2373	+	188	123664650	60373
chr6	167655624	167855624	harbor2	chr6	167657656	167658059	LTR/ERVL-MaLR	977	+	202	167657858	2234
chr6	167655624	167855624	harbor2	chr6	167681061	167681416	LTR/ERVL-MaLR	1486	+	178	167681239	25615
chr6	167655624	167855624	harbor2	chr6	167718035	167718319	LTR/ERVL-MaLR	762	+	142	167718177	62553
chr6	167655624	167855624	harbor2	chr6	167718583	167718955	LTR/ERVL-MaLR	2227	+	186	167718769	63145
chr6	167655624	167855624	harbor2	chr6	167657235	167657629	LTR/ERVL-MaLR	2264	+	197	167657432	1808
chr6	163561697	163761697	harbor2	chr6	163599268	163599589	LTR/ERVL-MaLR	1054	+	160	163599428	37731
chr6	163561697	163761697	harbor2	chr6	163600241	163601013	LTR/ERVL-MaLR	897	+	386	163600627	38930
chr6	163561697	163761697	harbor2	chr6	163604804	163605379	LTR/ERVL-MaLR	4183	+	288	163605092	43395
chr6	163561697	163761697	harbor2	chr6	163605380	163605738	LTR/ERVL-MaLR	2217	+	179	163605559	43862
chr6	163561697	163761697	harbor2	chr6	163614820	163615236	LTR/ERVL-MaLR	2508	+	208	163615028	53331
chr6	163561697	163761697	harbor2	chr6	163617431	163617861	LTR/ERVL-MaLR	1232	+	215	163617646	55949
chr6	163561697	163761697	harbor2	chr6	163619910	163620262	LTR/ERVL-MaLR	1460	+	176	163620086	58389
chr6	163561697	163761697	harbor2	chr6	163629254	163629765	LTR/ERVL-MaLR	1719	+	256	163629510	67813
chr6	163561697	163761697	harbor2	chr6	163633381	163633741	LTR/ERVL-MaLR	2656	+	180	163633561	71864
chr6	163561697	163761697	harbor2	chr6	163641699	163642096	LTR/ERVL-MaLR	488	+	198	163641897	80200
chr6	163561697	163761697	harbor2	chr6	163650052	163650305	LTR/ERVL-MaLR	772	+	126	163650178	88481
chr6	163561697	163761697	harbor2	chr6	163657358	163657756	LTR/ERVL-MaLR	2347	+	199	163657557	95860
chr6	105165346	105365346	harbor2	chr6	105181935	105182406	LTR/ERVL-MaLR	1007	+	236	105182171	16825
chr6	105165346	105365346	harbor2	chr6	105193168	105193608	LTR/ERVL-MaLR	2421	+	220	105193388	28042
chr6	105165346	105365346	harbor2	chr6	105202504	105202844	LTR/ERVL-MaLR	1474	+	170	105202674	37328
chr6	105165346	105365346	harbor2	chr6	105168549	105169135	LTR/ERVL-MaLR	2077	+	293	105168842	3496
chr6	160396511	160596511	harbor2	chr6	160417119	160417362	LTR/ERVL-MaLR	408	+	122	160417241	20730
chr6	160396511	160596511	harbor2	chr6	160457494	160457584	LTR/ERVL-MaLR	415	+	45	160457539	61028
chr6	158267681	158467681	harbor2	chr6	158333155	158333526	LTR/ERVL-MaLR	1829	+	186	158333341	65660
chr6	158267681	158467681	harbor2	chr6	158335294	158335347	LTR/ERVL-MaLR	1539	+	26	158335320	67639
chr6	158267681	158467681	harbor2	chr6	158343400	158343744	LTR/ERVL-MaLR	1296	+	172	158343572	75891
chr6	158267681	158467681	harbor2	chr6	158334687	158334995	LTR/ERVL-MaLR	1539	+	154	158334841	67160
chr6	109809641	110009641	harbor2	chr6	109811936	109812291	LTR/ERVL-MaLR	2017	+	178	109812114	2473
chr6	109809641	110009641	harbor2	chr6	109813619	109814037	LTR/ERVL-MaLR	1153	+	209	109813828	4187
chr6	109809641	110009641	harbor2	chr6	109829983	109830336	LTR/ERVL-MaLR	2542	+	176	109830159	20518
chr6	109809641	110009641	harbor2	chr6	109830544	109830897	LTR/ERVL-MaLR	2752	+	176	109830720	21079
chr6	109809641	110009641	harbor2	chr6	109830898	109832460	LTR/ERVL-MaLR	12141	+	781	109831679	22038
chr6	109809641	110009641	harbor2	chr6	109832461	109832817	LTR/ERVL-MaLR	2707	+	178	109832639	22998
chr6	109809641	110009641	harbor2	chr6	109848527	109848648	LTR/ERVL-MaLR	473	+	60	109848587	38946
chr6	109809641	110009641	harbor2	chr6	109848679	109849040	LTR/ERVL-MaLR	1375	+	180	109848859	39218
chr6	109809641	110009641	harbor2	chr6	109871153	109871262	LTR/ERVL-MaLR	1870	+	54	109871207	61566
chr6	109809641	110009641	harbor2	chr6	109871604	109871989	LTR/ERVL-MaLR	1870	+	192	109871796	62155
chr6	109809641	110009641	harbor2	chr6	109874511	109874870	LTR/ERVL-MaLR	1426	+	180	109874691	65050
chr6	109809641	110009641	harbor2	chr6	109909375	109909714	LTR/ERVL-MaLR	1723	+	170	109909545	99904
chr6	123724269	123924269	harbor2	chr6	123735092	123735441	LTR/ERVL-MaLR	2537	+	174	123735266	10997
chr6	123724269	123924269	harbor2	chr6	123738729	123739097	LTR/ERVL-MaLR	1784	+	184	123738913	14644
chr6	123724269	123924269	harbor2	chr6	123739415	123739532	LTR/ERVL-MaLR	775	+	58	123739473	15204
chr6	123724269	123924269	harbor2	chr6	123751968	123752360	LTR/ERVL-MaLR	933	+	196	123752164	27895
chr6	123724269	123924269	harbor2	chr6	123771692	123772005	LTR/ERVL-MaLR	1573	+	156	123771848	47579
chr6	123724269	123924269	harbor2	chr6	123791348	123791892	LTR/ERVL-MaLR	2093	+	272	123791620	67351
chr6	163221141	163421141	harbor2	chr6	163225200	163225558	LTR/ERVL-MaLR	2183	+	179	163225379	4238
chr6	163221141	163421141	harbor2	chr6	163234165	163234600	LTR/ERVL-MaLR	2236	+	218	163234383	13242
chr6	163221141	163421141	harbor2	chr6	163276573	163276925	LTR/ERVL-MaLR	1800	+	176	163276749	55608
chr6	132759691	132959691	harbor2	chr6	132774995	132775358	LTR/ERVL-MaLR	1931	+	182	132775177	15486
chr6	132759691	132959691	harbor2	chr6	132810847	132811293	LTR/ERVL-MaLR	2374	+	223	132811070	51379
chr6	132759691	132959691	harbor2	chr6	132854995	132855428	LTR/ERVL-MaLR	2066	+	216	132855211	95520
chr6	125733260	125933260	harbor2	chr6	125782761	125783207	LTR/ERVL-MaLR	1642	+	223	125782984	49724
chr6	71937132	72137132	harbor2	chr6	71948240	71948449	LTR/ERVL-MaLR	695	+	104	71948344	11212
chr6	71937132	72137132	harbor2	chr6	72029335	72029663	LTR/ERVL-MaLR	1507	+	164	72029499	92367
chr6	44714436	44914436	harbor2	chr6	44719571	44719963	LTR/ERVL-MaLR	1036	+	196	44719767	5331
chr6	44714436	44914436	harbor2	chr6	44723657	44723770	LTR/ERVL-MaLR	653	+	56	44723713	9277
chr6	44714436	44914436	harbor2	chr6	44733839	44734298	LTR/ERVL-MaLR	2060	+	230	44734069	19633
chr6	44714436	44914436	harbor2	chr6	44774245	44774631	LTR/ERVL-MaLR	2289	+	193	44774438	60002
chr6	44714436	44914436	harbor2	chr6	44775209	44775429	LTR/ERVL-MaLR	727	+	110	44775319	60883
chr6	44714436	44914436	harbor2	chr6	44775427	44775870	LTR/ERVL-MaLR	844	+	222	44775649	61213
chr6	44714436	44914436	harbor2	chr6	44775872	44776145	LTR/ERVL-MaLR	798	+	136	44776008	61572
chr6	44714436	44914436	harbor2	chr6	44783023	44783316	LTR/ERVL-MaLR	1208	+	146	44783169	68733
chr6	44714436	44914436	harbor2	chr6	44783330	44784724	LTR/ERVL-MaLR	3173	+	697	44784027	69591
chr6	44714436	44914436	harbor2	chr6	44802469	44802986	LTR/ERVL-MaLR	1839	+	258	44802727	88291
chr6	44714436	44914436	harbor2	chr6	44810099	44810216	LTR/ERVL-MaLR	458	+	58	44810157	95721
chr6	75266533	75466533	harbor2	chr6	75270337	75270682	LTR/ERVL-MaLR	1631	+	172	75270509	3976
chr6	75266533	75466533	harbor2	chr6	75278278	75278428	LTR/ERVL-MaLR	415	+	75	75278353	11820
chr6	75266533	75466533	harbor2	chr6	75323735	75324091	LTR/ERVL-MaLR	1974	+	178	75323913	57380
chr6	75266533	75466533	harbor2	chr6	75331806	75332156	LTR/ERVL-MaLR	1614	+	175	75331981	65448
chr6	75266533	75466533	harbor2	chr6	75342966	75343338	LTR/ERVL-MaLR	1536	+	186	75343152	76619
chr6	168029120	168229120	harbor2	chr6	168051381	168051631	LTR/ERVL-MaLR	654	+	125	168051506	22386
chr6	168029120	168229120	harbor2	chr6	168076375	168076734	LTR/ERVL-MaLR	2484	+	180	168076555	47435
chr6	168029120	168229120	harbor2	chr6	168092328	168092771	LTR/ERVL-MaLR	1082	+	222	168092550	63430
chr6	168029120	168229120	harbor2	chr6	168112412	168112542	LTR/ERVL-MaLR	529	+	65	168112477	83357
chr6	168029120	168229120	harbor2	chr6	168118599	168118966	LTR/ERVL-MaLR	1673	+	184	168118783	89663
chr6	168029120	168229120	harbor2	chr6	168122883	168123252	LTR/ERVL-MaLR	2088	+	184	168123067	93947
chr6	98349827	98549827	harbor2	chr6	98360025	98360186	LTR/ERVL-MaLR	606	+	80	98360105	10278
chr6	98349827	98549827	harbor2	chr6	98369727	98370092	LTR/ERVL-MaLR	2208	+	182	98369909	20082
chr6	98349827	98549827	harbor2	chr6	98424907	98425260	LTR/ERVL-MaLR	1802	+	176	98425083	75256
chr6	98349827	98549827	harbor2	chr6	98429806	98430138	LTR/ERVL-MaLR	1865	+	166	98429972	80145
chr6	50335995	50535995	harbor2	chr6	50389502	50389880	LTR/ERVL-MaLR	1732	+	189	50389691	53696
chr6	50335995	50535995	harbor2	chr6	50421104	50421458	LTR/ERVL-MaLR	2675	+	177	50421281	85286
chr6	170632755	170832755	harbor2	chr6	170688930	170688975	LTR/ERVL-MaLR	586	+	22	170688952	56197
chr6	170632755	170832755	harbor2	chr6	170689297	170689586	LTR/ERVL-MaLR	586	+	144	170689441	56686
chr7	34074399	34274399	harbor2	chr7	34164472	34164850	LTR/ERVL-MaLR	2056	+	189	34164661	90262
chr7	34074399	34274399	harbor2	chr7	34168159	34168474	LTR/ERVL-MaLR	2398	+	158	34168317	93918
chr7	81272803	81472803	harbor2	chr7	81296518	81296867	LTR/ERVL-MaLR	2269	+	174	81296692	23889
chr7	81272803	81472803	harbor2	chr7	81338638	81339009	LTR/ERVL-MaLR	1765	+	186	81338824	66021
chr7	84310437	84510437	harbor2	chr7	84314337	84314672	LTR/ERVL-MaLR	699	+	168	84314505	4068
chr7	84310437	84510437	harbor2	chr7	84322386	84322744	LTR/ERVL-MaLR	2167	+	179	84322565	12128
chr7	84310437	84510437	harbor2	chr7	84372801	84373176	LTR/ERVL-MaLR	696	+	188	84372989	62552
chr7	84310437	84510437	harbor2	chr7	84395495	84395886	LTR/ERVL-MaLR	2013	+	196	84395691	85254
chr7	138641220	138841220	harbor2	chr7	138688817	138688938	LTR/ERVL-MaLR	778	+	60	138688877	47657
chr7	138641220	138841220	harbor2	chr7	138689874	138690226	LTR/ERVL-MaLR	2011	+	176	138690050	48830
chr7	138641220	138841220	harbor2	chr7	138714802	138715197	LTR/ERVL-MaLR	1911	+	198	138715000	73780
chr7	138641220	138841220	harbor2	chr7	138715501	138715567	LTR/ERVL-MaLR	1911	+	33	138715534	74314
chr7	138641220	138841220	harbor2	chr7	138737155	138737492	LTR/ERVL-MaLR	1760	+	168	138737323	96103
chr7	80303039	80503039	harbor2	chr7	80340558	80340952	LTR/ERVL-MaLR	2185	+	197	80340755	37716
chr7	80303039	80503039	harbor2	chr7	80360346	80360735	LTR/ERVL-MaLR	1846	+	194	80360540	57501
chr7	80303039	80503039	harbor2	chr7	80364724	80364812	LTR/ERVL-MaLR	442	+	44	80364768	61729
chr7	80303039	80503039	harbor2	chr7	80388543	80388932	LTR/ERVL-MaLR	1573	+	194	80388737	85698
chr7	80303039	80503039	harbor2	chr7	80399076	80399456	LTR/ERVL-MaLR	2078	+	190	80399266	96227
chr7	141088105	141288105	harbor2	chr7	141096230	141096555	LTR/ERVL-MaLR	1028	+	162	141096392	8287
chr7	141088105	141288105	harbor2	chr7	141110702	141111059	LTR/ERVL-MaLR	1406	+	178	141110880	22775
chr7	141088105	141288105	harbor2	chr7	141111415	141111439	LTR/ERVL-MaLR	487	+	12	141111427	23322
chr7	141088105	141288105	harbor2	chr7	141127300	141127744	LTR/ERVL-MaLR	1778	+	222	141127522	39417
chr7	141088105	141288105	harbor2	chr7	141134841	141135121	LTR/ERVL-MaLR	1723	+	140	141134981	46876
chr7	141088105	141288105	harbor2	chr7	141149198	141149274	LTR/ERVL-MaLR	1714	+	38	141149236	61131
chr7	141088105	141288105	harbor2	chr7	141149564	141149932	LTR/ERVL-MaLR	1714	+	184	141149748	61643
chr7	141088105	141288105	harbor2	chr7	141150417	141150839	LTR/ERVL-MaLR	623	+	211	141150628	62523
chr7	141088105	141288105	harbor2	chr7	141182618	141182961	LTR/ERVL-MaLR	2001	+	172	141182790	94685
chr7	130462702	130662702	harbor2	chr7	130464787	130464929	LTR/ERVL-MaLR	751	+	71	130464858	2156
chr7	130462702	130662702	harbor2	chr7	130465223	130465438	LTR/ERVL-MaLR	1228	+	108	130465331	2629
chr7	130462702	130662702	harbor2	chr7	130558154	130558545	LTR/ERVL-MaLR	2231	+	196	130558350	95648
chr7	130462702	130662702	harbor2	chr7	130465732	130465959	LTR/ERVL-MaLR	1228	+	114	130465846	3144
chr7	154865854	155065854	harbor2	chr7	154901547	154902085	LTR/ERVL-MaLR	2042	+	269	154901816	35962
chr7	154865854	155065854	harbor2	chr7	154902347	154902666	LTR/ERVL-MaLR	635	+	160	154902507	36653
chr7	154865854	155065854	harbor2	chr7	154911592	154911777	LTR/ERVL-MaLR	801	+	92	154911684	45830
chr7	154865854	155065854	harbor2	chr7	154922178	154922352	LTR/ERVL-MaLR	2260	+	87	154922265	56411
chr7	154865854	155065854	harbor2	chr7	154922644	154922857	LTR/ERVL-MaLR	2260	+	106	154922750	56896
chr7	154865854	155065854	harbor2	chr7	154964961	154965451	LTR/ERVL-MaLR	1683	+	245	154965206	99352
chr7	159018406	159218406	harbor2	chr7	159074368	159074474	LTR/ERVL-MaLR	560	+	53	159074421	56015
chr7	159018406	159218406	harbor2	chr7	159074470	159074650	LTR/ERVL-MaLR	720	+	90	159074560	56154
chr7	159018406	159218406	harbor2	chr7	159100577	159100733	LTR/ERVL-MaLR	976	+	78	159100655	82249
chr7	159018406	159218406	harbor2	chr7	159102228	159102480	LTR/ERVL-MaLR	1116	+	126	159102354	83948
chr7	134833240	135033240	harbor2	chr7	134850748	134851110	LTR/ERVL-MaLR	2485	+	181	134850929	17689
chr7	134833240	135033240	harbor2	chr7	134854804	134855184	LTR/ERVL-MaLR	2118	+	190	134854994	21754
chr7	134833240	135033240	harbor2	chr7	134924720	134925093	LTR/ERVL-MaLR	2264	+	186	134924906	91666
chr7	145365013	145565013	harbor2	chr7	145383814	145384194	LTR/ERVL-MaLR	1951	+	190	145384004	18991
chr7	145365013	145565013	harbor2	chr7	145395121	145395400	LTR/ERVL-MaLR	602	+	140	145395261	30248
chr7	145365013	145565013	harbor2	chr7	145401742	145401915	LTR/ERVL-MaLR	1653	+	86	145401828	36815
chr7	145365013	145565013	harbor2	chr7	145401956	145402123	LTR/ERVL-MaLR	1653	+	84	145402040	37027
chr7	145365013	145565013	harbor2	chr7	145402533	145402904	LTR/ERVL-MaLR	1831	+	186	145402719	37706
chr7	145365013	145565013	harbor2	chr7	145402905	145404444	LTR/ERVL-MaLR	7691	+	770	145403675	38662
chr7	145365013	145565013	harbor2	chr7	145404445	145404846	LTR/ERVL-MaLR	2134	+	200	145404645	39632
chr7	145365013	145565013	harbor2	chr7	145421111	145421495	LTR/ERVL-MaLR	1984	+	192	145421303	56290
chr7	145365013	145565013	harbor2	chr7	145423852	145424256	LTR/ERVL-MaLR	2023	+	202	145424054	59041
chr7	145365013	145565013	harbor2	chr7	145439609	145440105	LTR/ERVL-MaLR	1621	+	248	145439857	74844
chr7	145365013	145565013	harbor2	chr7	145448664	145448834	LTR/ERVL-MaLR	868	+	85	145448749	83736
chr7	145365013	145565013	harbor2	chr7	145449136	145449360	LTR/ERVL-MaLR	868	+	112	145449248	84235
chr7	145365013	145565013	harbor2	chr7	145463378	145463703	LTR/ERVL-MaLR	1357	+	162	145463540	98527
chr7	145365013	145565013	harbor2	chr7	145463915	145464281	LTR/ERVL-MaLR	1949	+	183	145464098	99085
chr7	137471679	137671679	harbor2	chr7	137500008	137500080	LTR/ERVL-MaLR	448	+	36	137500044	28365
chr7	137471679	137671679	harbor2	chr7	137501815	137502182	LTR/ERVL-MaLR	2281	+	184	137501999	30320
chr7	137471679	137671679	harbor2	chr7	137534771	137535152	LTR/ERVL-MaLR	2270	+	190	137534961	63282
chr7	137471679	137671679	harbor2	chr7	137548307	137548686	LTR/ERVL-MaLR	2396	+	190	137548497	76818
chr7	137471679	137671679	harbor2	chr7	137548979	137549043	LTR/ERVL-MaLR	2396	+	32	137549011	77332
chr7	137471679	137671679	harbor2	chr7	137560490	137560955	LTR/ERVL-MaLR	1504	+	232	137560722	89043
chr7	153923444	154123444	harbor2	chr7	153932819	153933180	LTR/ERVL-MaLR	2587	+	180	153932999	9555
chr7	154231077	154431077	harbor2	chr7	154233397	154233836	LTR/ERVL-MaLR	2454	+	220	154233617	2540
chr7	154231077	154431077	harbor2	chr7	154262216	154262596	LTR/ERVL-MaLR	1759	+	190	154262406	31329
chr7	154231077	154431077	harbor2	chr7	154300808	154301001	LTR/ERVL-MaLR	1313	+	96	154300904	69827
chr7	125789340	125989340	harbor2	chr7	125807426	125807742	LTR/ERVL-MaLR	1841	+	158	125807584	18244
chr7	125789340	125989340	harbor2	chr7	125808253	125808300	LTR/ERVL-MaLR	1841	+	24	125808277	18937
chr7	125789340	125989340	harbor2	chr7	125828515	125828774	LTR/ERVL-MaLR	1846	+	130	125828645	39305
chr7	125789340	125989340	harbor2	chr7	125846893	125847206	LTR/ERVL-MaLR	1541	+	156	125847049	57709
chr7	125789340	125989340	harbor2	chr7	125847207	125848624	LTR/ERVL-MaLR	7373	+	708	125847915	58575
chr7	125789340	125989340	harbor2	chr7	125865886	125866268	LTR/ERVL-MaLR	2429	+	191	125866077	76737
chr7	125789340	125989340	harbor2	chr7	125871280	125871791	LTR/ERVL-MaLR	816	+	256	125871536	82196
chr7	125789340	125989340	harbor2	chr7	125885287	125885435	LTR/ERVL-MaLR	837	+	74	125885361	96021
chr7	125789340	125989340	harbor2	chr7	125885655	125885868	LTR/ERVL-MaLR	1189	+	106	125885761	96421
chr7	125789340	125989340	harbor2	chr7	125828775	125829150	LTR/ERVL-MaLR	1991	+	188	125828963	39623
chr7	148575030	148775030	harbor2	chr7	148593818	148594166	LTR/ERVL-MaLR	2429	+	174	148593992	18962
chr7	148575030	148775030	harbor2	chr7	148594476	148594542	LTR/ERVL-MaLR	2429	+	33	148594509	19479
chr7	148575030	148775030	harbor2	chr7	148632711	148632925	LTR/ERVL-MaLR	2641	+	107	148632818	57788
chr7	148575030	148775030	harbor2	chr7	148633226	148633434	LTR/ERVL-MaLR	2641	+	104	148633330	58300
chr7	148575030	148775030	harbor2	chr7	148652980	148653339	LTR/ERVL-MaLR	2210	+	180	148653160	78130
chr7	148575030	148775030	harbor2	chr7	148667596	148667794	LTR/ERVL-MaLR	1928	+	99	148667695	92665
chr7	148575030	148775030	harbor2	chr7	148667838	148667997	LTR/ERVL-MaLR	1928	+	80	148667918	92888
chr7	148575030	148775030	harbor2	chr7	148671072	148671511	LTR/ERVL-MaLR	2059	+	220	148671292	96262
chr7	68075046	68275046	harbor2	chr7	68085524	68085879	LTR/ERVL-MaLR	1211	+	178	68085702	10656
chr7	68075046	68275046	harbor2	chr7	68109644	68109734	LTR/ERVL-MaLR	2595	+	45	68109689	34643
chr7	68075046	68275046	harbor2	chr7	68110097	68110430	LTR/ERVL-MaLR	2595	+	166	68110263	35217
chr7	68075046	68275046	harbor2	chr7	68116429	68116829	LTR/ERVL-MaLR	2508	+	200	68116629	41583
chr7	68075046	68275046	harbor2	chr7	68123950	68124307	LTR/ERVL-MaLR	2247	+	178	68124128	49082
chr7	68075046	68275046	harbor2	chr7	68141369	68141731	LTR/ERVL-MaLR	2661	+	181	68141550	66504
chr7	68075046	68275046	harbor2	chr7	68152099	68152593	LTR/ERVL-MaLR	1457	+	247	68152346	77300
chr7	130145931	130345931	harbor2	chr7	130145680	130146019	LTR/ERVL-MaLR	2060	+	170	130145850	81
chr7	130145931	130345931	harbor2	chr7	130156256	130156432	LTR/ERVL-MaLR	548	+	88	130156344	10413
chr7	130145931	130345931	harbor2	chr7	130159921	130160407	LTR/ERVL-MaLR	1502	+	243	130160164	14233
chr7	130145931	130345931	harbor2	chr7	130196510	130196843	LTR/ERVL-MaLR	1040	+	166	130196676	50745
chr7	130145931	130345931	harbor2	chr7	130229277	130229681	LTR/ERVL-MaLR	570	+	202	130229479	83548
chr7	130145931	130345931	harbor2	chr7	130232761	130232919	LTR/ERVL-MaLR	498	+	79	130232840	86909
chr7	130145931	130345931	harbor2	chr7	130233642	130233672	LTR/ERVL-MaLR	498	+	15	130233657	87726
chr7	130145931	130345931	harbor2	chr7	130233983	130234151	LTR/ERVL-MaLR	498	+	84	130234067	88136
chr7	153623871	153823871	harbor2	chr7	153671416	153671767	LTR/ERVL-MaLR	1827	+	176	153671592	47721
chr7	153623871	153823871	harbor2	chr7	153701310	153701664	LTR/ERVL-MaLR	2389	+	177	153701487	77616
chr7	157962921	158162921	harbor2	chr7	158003034	158003132	LTR/ERVL-MaLR	616	+	49	158003083	40162
chr7	157962921	158162921	harbor2	chr7	158003435	158003686	LTR/ERVL-MaLR	616	+	126	158003561	40640
chr7	157962921	158162921	harbor2	chr7	158021676	158021824	LTR/ERVL-MaLR	497	+	74	158021750	58829
chr7	157962921	158162921	harbor2	chr7	158030416	158030774	LTR/ERVL-MaLR	443	+	179	158030595	67674
chr7	157962921	158162921	harbor2	chr7	158034301	158034659	LTR/ERVL-MaLR	2306	+	179	158034480	71559
chr7	135379173	135579173	harbor2	chr7	135406914	135407304	LTR/ERVL-MaLR	2145	+	195	135407109	27936
chr7	150351971	150551971	harbor2	chr7	150356132	150356276	LTR/ERVL-MaLR	773	+	72	150356204	4233
chr7	150351971	150551971	harbor2	chr7	150358859	150358968	LTR/ERVL-MaLR	676	+	54	150358913	6942
chr7	150351971	150551971	harbor2	chr7	150361527	150361777	LTR/ERVL-MaLR	1073	+	125	150361652	9681
chr7	150351971	150551971	harbor2	chr7	150424779	150425170	LTR/ERVL-MaLR	2132	+	196	150424975	73004
chr7	150351971	150551971	harbor2	chr7	150429552	150429791	LTR/ERVL-MaLR	1244	+	120	150429672	77701
chr7	150351971	150551971	harbor2	chr7	150429800	150429990	LTR/ERVL-MaLR	875	+	95	150429895	77924
chr7	150351971	150551971	harbor2	chr7	150435699	150436001	LTR/ERVL-MaLR	530	+	151	150435850	83879
chr7	145473053	145673053	harbor2	chr7	145475345	145475725	LTR/ERVL-MaLR	2017	+	190	145475535	2482
chr7	145473053	145673053	harbor2	chr7	145524846	145524982	LTR/ERVL-MaLR	482	+	68	145524914	51861
chr7	145473053	145673053	harbor2	chr7	145531560	145531946	LTR/ERVL-MaLR	1237	+	193	145531753	58700
chr7	123244286	123444286	harbor2	chr7	123254927	123256452	LTR/ERVL-MaLR	4029	+	762	123255689	11403
chr7	123244286	123444286	harbor2	chr7	123265618	123266183	LTR/ERVL-MaLR	2028	+	282	123265900	21614
chr7	123244286	123444286	harbor2	chr7	123294359	123294869	LTR/ERVL-MaLR	1721	+	255	123294614	50328
chr7	123244286	123444286	harbor2	chr7	123322399	123322749	LTR/ERVL-MaLR	2224	+	175	123322574	78288
chr7	123244286	123444286	harbor2	chr7	123256455	123256884	LTR/ERVL-MaLR	2343	+	214	123256669	12383
chr7	36761576	36961576	harbor2	chr7	36775282	36775713	LTR/ERVL-MaLR	2489	+	216	36775498	13922
chr7	36761576	36961576	harbor2	chr7	36792849	36793344	LTR/ERVL-MaLR	1587	+	248	36793097	31521
chr7	36761576	36961576	harbor2	chr7	36815049	36815388	LTR/ERVL-MaLR	1321	+	170	36815219	53643
chr7	36761576	36961576	harbor2	chr7	36826378	36826896	LTR/ERVL-MaLR	1226	+	259	36826637	65061
chr7	36761576	36961576	harbor2	chr7	36832166	36832682	LTR/ERVL-MaLR	2109	+	258	36832424	70848
chr7	36761576	36961576	harbor2	chr7	36834064	36834495	LTR/ERVL-MaLR	1218	+	216	36834280	72704
chr7	36761576	36961576	harbor2	chr7	36858468	36858989	LTR/ERVL-MaLR	1949	+	260	36858728	97152
chr7	108085840	108285840	harbor2	chr7	108136354	108136751	LTR/ERVL-MaLR	1829	+	198	108136552	50712
chr7	108085840	108285840	harbor2	chr7	108137051	108137104	LTR/ERVL-MaLR	1829	+	26	108137077	51237
chr7	108085840	108285840	harbor2	chr7	108141530	108141696	LTR/ERVL-MaLR	957	+	83	108141613	55773
chr7	154433924	154633924	harbor2	chr7	154457997	154458125	LTR/ERVL-MaLR	1048	+	64	154458061	24137
chr7	154433924	154633924	harbor2	chr7	154458126	154458487	LTR/ERVL-MaLR	2762	+	180	154458306	24382
chr7	154433924	154633924	harbor2	chr7	154458488	154458656	LTR/ERVL-MaLR	1048	+	84	154458572	24648
chr7	154433924	154633924	harbor2	chr7	154467273	154467654	LTR/ERVL-MaLR	2164	+	190	154467463	33539
chr7	154433924	154633924	harbor2	chr7	154500406	154500764	LTR/ERVL-MaLR	2134	+	179	154500585	66661
chr7	154433924	154633924	harbor2	chr7	154502350	154502707	LTR/ERVL-MaLR	2199	+	178	154502528	68604
chr7	154433924	154633924	harbor2	chr7	154500765	154502349	LTR/ERVL-MaLR	11511	+	792	154501557	67633
chr7	81767718	81967718	harbor2	chr7	81780623	81781031	LTR/ERVL-MaLR	1704	+	204	81780827	13109
chr7	81767718	81967718	harbor2	chr7	81788933	81789295	LTR/ERVL-MaLR	1989	+	181	81789114	21396
chr7	81767718	81967718	harbor2	chr7	81815673	81815907	LTR/ERVL-MaLR	475	+	117	81815790	48072
chr7	81767718	81967718	harbor2	chr7	81839653	81840021	LTR/ERVL-MaLR	1816	+	184	81839837	72119
chr7	81767718	81967718	harbor2	chr7	81841333	81841716	LTR/ERVL-MaLR	1861	+	192	81841525	73807
chr7	81767718	81967718	harbor2	chr7	81857363	81857802	LTR/ERVL-MaLR	990	+	220	81857583	89865
chr7	154111796	154311796	harbor2	chr7	154120879	154121226	LTR/ERVL-MaLR	1808	+	174	154121053	9257
chr7	154111796	154311796	harbor2	chr7	154144635	154144980	LTR/ERVL-MaLR	1135	+	172	154144807	33011
chr7	154111796	154311796	harbor2	chr7	154145006	154145579	LTR/ERVL-MaLR	1387	+	286	154145292	33496
chr7	154111796	154311796	harbor2	chr7	154175221	154175344	LTR/ERVL-MaLR	523	+	62	154175283	63487
chr7	154111796	154311796	harbor2	chr7	154175414	154175658	LTR/ERVL-MaLR	486	+	122	154175536	63740
chr7	155564555	155764555	harbor2	chr7	155582805	155583974	LTR/ERVL-MaLR	5497	+	584	155583389	18834
chr7	155564555	155764555	harbor2	chr7	155595092	155595200	LTR/ERVL-MaLR	581	+	54	155595146	30591
chr7	155564555	155764555	harbor2	chr7	155604203	155604593	LTR/ERVL-MaLR	950	+	195	155604398	39843
chr7	155564555	155764555	harbor2	chr7	155582425	155582802	LTR/ERVL-MaLR	1491	+	188	155582613	18058
chr7	143199672	143399672	harbor2	chr7	143210148	143210299	LTR/ERVL-MaLR	1900	+	76	143210224	10552
chr7	143199672	143399672	harbor2	chr7	143210590	143210926	LTR/ERVL-MaLR	1900	+	168	143210758	11086
chr7	143199672	143399672	harbor2	chr7	143245583	143245932	LTR/ERVL-MaLR	2036	+	174	143245757	46085
chr7	143199672	143399672	harbor2	chr7	143252058	143252428	LTR/ERVL-MaLR	2352	+	185	143252243	52571
chr7	153604371	153804371	harbor2	chr7	153610588	153610976	LTR/ERVL-MaLR	2229	+	194	153610782	6411
chr7	153604371	153804371	harbor2	chr7	153671416	153671767	LTR/ERVL-MaLR	1827	+	176	153671592	67221
chr7	153604371	153804371	harbor2	chr7	153701310	153701664	LTR/ERVL-MaLR	2389	+	177	153701487	97116
chr7	138885366	139085366	harbor2	chr7	138900555	138900962	LTR/ERVL-MaLR	2253	+	204	138900759	15393
chr7	138885366	139085366	harbor2	chr7	138921405	138921584	LTR/ERVL-MaLR	2280	+	90	138921495	36129
chr7	138885366	139085366	harbor2	chr7	138921888	138922124	LTR/ERVL-MaLR	2280	+	118	138922006	36640
chr7	138885366	139085366	harbor2	chr7	138937983	138938322	LTR/ERVL-MaLR	1907	+	170	138938153	52787
chr7	138885366	139085366	harbor2	chr7	138948097	138948572	LTR/ERVL-MaLR	1601	+	238	138948335	62969
chr7	138885366	139085366	harbor2	chr7	138956397	138956757	LTR/ERVL-MaLR	2314	+	180	138956577	71211
chr7	138885366	139085366	harbor2	chr7	138962383	138962833	LTR/ERVL-MaLR	814	+	225	138962608	77242
chr7	138885366	139085366	harbor2	chr7	138966100	138966323	LTR/ERVL-MaLR	1298	+	112	138966212	80846
chr7	138885366	139085366	harbor2	chr7	138966800	138966975	LTR/ERVL-MaLR	895	+	88	138966888	81522
chr7	134825766	135025766	harbor2	chr7	134850748	134851110	LTR/ERVL-MaLR	2485	+	181	134850929	25163
chr7	134825766	135025766	harbor2	chr7	134854804	134855184	LTR/ERVL-MaLR	2118	+	190	134854994	29228
chr7	134825766	135025766	harbor2	chr7	134924720	134925093	LTR/ERVL-MaLR	2264	+	186	134924906	99140
chr7	138354244	138554244	harbor2	chr7	138393532	138393656	LTR/ERVL-MaLR	2186	+	62	138393594	39350
chr7	138354244	138554244	harbor2	chr7	138393962	138394240	LTR/ERVL-MaLR	2186	+	139	138394101	39857
chr7	138354244	138554244	harbor2	chr7	138402335	138402693	LTR/ERVL-MaLR	1855	+	179	138402514	48270
chr7	138354244	138554244	harbor2	chr7	138406324	138406406	LTR/ERVL-MaLR	518	+	41	138406365	52121
chr7	138354244	138554244	harbor2	chr7	138406551	138406859	LTR/ERVL-MaLR	1561	+	154	138406705	52461
chr7	138354244	138554244	harbor2	chr7	138430251	138430625	LTR/ERVL-MaLR	2354	+	187	138430438	76194
chr7	151590692	151790692	harbor2	chr7	151602671	151603032	LTR/ERVL-MaLR	2090	+	180	151602851	12159
chr7	151590692	151790692	harbor2	chr7	151607854	151608313	LTR/ERVL-MaLR	1272	+	230	151608084	17392
chr7	151590692	151790692	harbor2	chr7	151645044	151645570	LTR/ERVL-MaLR	2034	+	263	151645307	54615
chr7	151590692	151790692	harbor2	chr7	151647138	151647338	LTR/ERVL-MaLR	504	+	100	151647238	56546
chr7	151590692	151790692	harbor2	chr7	151649501	151649916	LTR/ERVL-MaLR	2837	+	208	151649709	59017
chr7	151590692	151790692	harbor2	chr7	151666167	151666519	LTR/ERVL-MaLR	1767	+	176	151666343	75651
chr7	151590692	151790692	harbor2	chr7	151667475	151667972	LTR/ERVL-MaLR	1450	+	248	151667723	77031
chr7	151590692	151790692	harbor2	chr7	151667982	151668401	LTR/ERVL-MaLR	2014	+	210	151668192	77500
chr7	151590692	151790692	harbor2	chr7	151673690	151673835	LTR/ERVL-MaLR	763	+	72	151673762	83070
chr7	151590692	151790692	harbor2	chr7	151674143	151674391	LTR/ERVL-MaLR	763	+	124	151674267	83575
chr7	151590692	151790692	harbor2	chr7	151676725	151677125	LTR/ERVL-MaLR	1546	+	200	151676925	86233
chr7	126327114	126527114	harbor2	chr7	126326385	126327922	LTR/ERVL-MaLR	10444	+	768	126327153	39
chr7	126327114	126527114	harbor2	chr7	126328142	126328489	LTR/ERVL-MaLR	2057	+	174	126328316	1202
chr7	126327114	126527114	harbor2	chr7	126328490	126330060	LTR/ERVL-MaLR	10799	+	785	126329275	2161
chr7	126327114	126527114	harbor2	chr7	126330061	126330428	LTR/ERVL-MaLR	2032	+	184	126330245	3131
chr7	126327114	126527114	harbor2	chr7	126375535	126375904	LTR/ERVL-MaLR	2565	+	184	126375719	48605
chr7	126327114	126527114	harbor2	chr7	126408656	126409024	LTR/ERVL-MaLR	2078	+	184	126408840	81726
chr7	126327114	126527114	harbor2	chr7	126417927	126418254	LTR/ERVL-MaLR	1199	+	164	126418091	90977
chr7	79360313	79560313	harbor2	chr7	79374154	79374313	LTR/ERVL-MaLR	1273	+	80	79374234	13921
chr7	79360313	79560313	harbor2	chr7	79374349	79374587	LTR/ERVL-MaLR	1273	+	119	79374468	14155
chr7	79360313	79560313	harbor2	chr7	79386702	79386969	LTR/ERVL-MaLR	1122	+	134	79386836	26523
chr7	79360313	79560313	harbor2	chr7	79396103	79396363	LTR/ERVL-MaLR	575	+	130	79396233	35920
chr7	79360313	79560313	harbor2	chr7	79411200	79411702	LTR/ERVL-MaLR	1805	+	251	79411451	51138
chr7	79360313	79560313	harbor2	chr7	79423683	79423862	LTR/ERVL-MaLR	528	+	90	79423773	63460
chr7	127673361	127873361	harbor2	chr7	127765963	127766345	LTR/ERVL-MaLR	1650	+	191	127766154	92793
chr7	133216138	133416138	harbor2	chr7	133219612	133220023	LTR/ERVL-MaLR	1685	+	206	133219818	3680
chr7	133216138	133416138	harbor2	chr7	133225670	133226168	LTR/ERVL-MaLR	1893	+	249	133225919	9781
chr7	133216138	133416138	harbor2	chr7	133262844	133263204	LTR/ERVL-MaLR	2733	+	180	133263024	46886
chr7	133216138	133416138	harbor2	chr7	133269947	133270308	LTR/ERVL-MaLR	2215	+	180	133270127	53989
chr7	133216138	133416138	harbor2	chr7	133308227	133308608	LTR/ERVL-MaLR	2344	+	190	133308417	92279
chr7	154982640	155182640	harbor2	chr7	155010323	155010725	LTR/ERVL-MaLR	1628	+	201	155010524	27884
chr7	154982640	155182640	harbor2	chr7	155024165	155024199	LTR/ERVL-MaLR	1828	+	17	155024182	41542
chr7	154982640	155182640	harbor2	chr7	155024496	155024824	LTR/ERVL-MaLR	1828	+	164	155024660	42020
chr7	154982640	155182640	harbor2	chr7	155042871	155043140	LTR/ERVL-MaLR	502	+	134	155043005	60365
chr7	154982640	155182640	harbor2	chr7	155047291	155047460	LTR/ERVL-MaLR	1547	+	84	155047375	64735
chr7	154982640	155182640	harbor2	chr7	155047781	155047908	LTR/ERVL-MaLR	1547	+	64	155047845	65205
chr7	154982640	155182640	harbor2	chr7	155047909	155048246	LTR/ERVL-MaLR	1650	+	168	155048077	65437
chr7	154982640	155182640	harbor2	chr7	155064195	155064565	LTR/ERVL-MaLR	2196	+	185	155064380	81740
chr7	71270501	71470501	harbor2	chr7	71276399	71276715	LTR/ERVL-MaLR	2379	+	158	71276557	6056
chr7	71270501	71470501	harbor2	chr7	71277027	71277077	LTR/ERVL-MaLR	2379	+	25	71277052	6551
chr7	71270501	71470501	harbor2	chr7	71283575	71283741	LTR/ERVL-MaLR	1154	+	83	71283658	13157
chr7	71270501	71470501	harbor2	chr7	71284496	71284718	LTR/ERVL-MaLR	1600	+	111	71284607	14106
chr7	71270501	71470501	harbor2	chr7	71285508	71285873	LTR/ERVL-MaLR	2053	+	182	71285690	15189
chr7	71270501	71470501	harbor2	chr7	71309863	71310216	LTR/ERVL-MaLR	2522	+	176	71310039	39538
chr7	71270501	71470501	harbor2	chr7	71322595	71322968	LTR/ERVL-MaLR	1597	+	186	71322781	52280
chr7	71270501	71470501	harbor2	chr7	71351379	71351818	LTR/ERVL-MaLR	1585	+	220	71351599	81098
chr7	71270501	71470501	harbor2	chr7	71352020	71352374	LTR/ERVL-MaLR	1920	+	177	71352197	81696
chr7	143873197	144073197	harbor2	chr7	143876890	143877304	LTR/ERVL-MaLR	1672	+	207	143877097	3900
chr7	143873197	144073197	harbor2	chr7	143892645	143892980	LTR/ERVL-MaLR	1349	+	168	143892813	19616
chr7	143873197	144073197	harbor2	chr7	143898761	143899128	LTR/ERVL-MaLR	1668	+	184	143898945	25748
chr7	143873197	144073197	harbor2	chr7	143939638	143939749	LTR/ERVL-MaLR	676	+	56	143939694	66497
chr7	143873197	144073197	harbor2	chr7	143940045	143940382	LTR/ERVL-MaLR	676	+	168	143940213	67016
chr7	143873197	144073197	harbor2	chr7	143900181	143900746	LTR/ERVL-MaLR	2271	+	282	143900463	27266
chr7	69591430	69791430	harbor2	chr7	69643994	69644157	LTR/ERVL-MaLR	870	+	82	69644076	52646
chr7	140576854	140776854	harbor2	chr7	140652561	140652837	LTR/ERVL-MaLR	1293	+	138	140652699	75845
chr7	140576854	140776854	harbor2	chr7	140653152	140653225	LTR/ERVL-MaLR	1293	+	36	140653188	76334
chr7	74886891	75086891	harbor2	chr7	74900668	74901054	LTR/ERVL-MaLR	2133	+	193	74900861	13970
chr7	74886891	75086891	harbor2	chr7	74917287	74917417	LTR/ERVL-MaLR	555	+	65	74917352	30461
chr7	74886891	75086891	harbor2	chr7	74927666	74927856	LTR/ERVL-MaLR	1446	+	95	74927761	40870
chr7	74886891	75086891	harbor2	chr7	74928928	74929103	LTR/ERVL-MaLR	1446	+	88	74929016	42125
chr7	74886891	75086891	harbor2	chr7	74952896	74953001	LTR/ERVL-MaLR	527	+	52	74952948	66057
chr7	74886891	75086891	harbor2	chr7	74953392	74953456	LTR/ERVL-MaLR	527	+	32	74953424	66533
chr7	74886891	75086891	harbor2	chr7	74953922	74954241	LTR/ERVL-MaLR	863	+	160	74954082	67191
chr7	74886891	75086891	harbor2	chr7	74975727	74976159	LTR/ERVL-MaLR	1511	+	216	74975943	89052
chr7	155152888	155352888	harbor2	chr7	155153676	155153780	LTR/ERVL-MaLR	513	+	52	155153728	840
chr7	155152888	155352888	harbor2	chr7	155154996	155155311	LTR/ERVL-MaLR	1531	+	158	155155154	2266
chr7	155152888	155352888	harbor2	chr7	155177029	155177395	LTR/ERVL-MaLR	1436	+	183	155177212	24324
chr7	155152888	155352888	harbor2	chr7	155190200	155190567	LTR/ERVL-MaLR	940	+	184	155190384	37496
chr7	155152888	155352888	harbor2	chr7	155192873	155193233	LTR/ERVL-MaLR	625	+	180	155193053	40165
chr7	155152888	155352888	harbor2	chr7	155232157	155232626	LTR/ERVL-MaLR	1372	+	234	155232391	79503
chr7	155152888	155352888	harbor2	chr7	155235422	155235899	LTR/ERVL-MaLR	1009	+	238	155235660	82772
chr7	155152888	155352888	harbor2	chr7	155250695	155251117	LTR/ERVL-MaLR	1285	+	211	155250906	98018
chr7	134775112	134975112	harbor2	chr7	134795183	134795528	LTR/ERVL-MaLR	2391	+	172	134795355	20243
chr7	134775112	134975112	harbor2	chr7	134850748	134851110	LTR/ERVL-MaLR	2485	+	181	134850929	75817
chr7	134775112	134975112	harbor2	chr7	134854804	134855184	LTR/ERVL-MaLR	2118	+	190	134854994	79882
chr7	108250940	108450940	harbor2	chr7	108316029	108316435	LTR/ERVL-MaLR	2094	+	203	108316232	65292
chr7	108250940	108450940	harbor2	chr7	108345481	108345835	LTR/ERVL-MaLR	1449	+	177	108345658	94718
chr7	134860919	135060919	harbor2	chr7	134924720	134925093	LTR/ERVL-MaLR	2264	+	186	134924906	63987
chr7	134860919	135060919	harbor2	chr7	134956329	134956684	LTR/ERVL-MaLR	1493	+	178	134956507	95588
chr7	142468918	142668918	harbor2	chr7	142480933	142481293	LTR/ERVL-MaLR	1238	+	180	142481113	12195
chr7	142468918	142668918	harbor2	chr7	142481311	142481652	LTR/ERVL-MaLR	751	+	170	142481481	12563
chr7	142468918	142668918	harbor2	chr7	142498597	142498960	LTR/ERVL-MaLR	1128	+	182	142498779	29861
chr7	142468918	142668918	harbor2	chr7	142498971	142499339	LTR/ERVL-MaLR	777	+	184	142499155	30237
chr7	142468918	142668918	harbor2	chr7	142518463	142518824	LTR/ERVL-MaLR	1343	+	180	142518643	49725
chr7	142468918	142668918	harbor2	chr7	142518842	142519202	LTR/ERVL-MaLR	795	+	180	142519022	50104
chr7	142468918	142668918	harbor2	chr7	142547833	142548193	LTR/ERVL-MaLR	2021	+	180	142548013	79095
chr7	78904852	79104852	harbor2	chr7	78911300	78911629	LTR/ERVL-MaLR	1630	+	164	78911464	6612
chr7	78904852	79104852	harbor2	chr7	78913157	78913572	LTR/ERVL-MaLR	2636	+	208	78913365	8513
chr7	78904852	79104852	harbor2	chr7	78931301	78931638	LTR/ERVL-MaLR	718	+	168	78931469	26617
chr7	78904852	79104852	harbor2	chr7	78990945	78991306	LTR/ERVL-MaLR	2044	+	180	78991125	86273
chr7	22686869	22886869	harbor2	chr7	22755160	22755581	LTR/ERVL-MaLR	1474	+	210	22755370	68501
chr7	22686869	22886869	harbor2	chr7	22757426	22757539	LTR/ERVL-MaLR	559	+	56	22757482	70613
chr7	22686869	22886869	harbor2	chr7	22758068	22758240	LTR/ERVL-MaLR	559	+	86	22758154	71285
chr7	22686869	22886869	harbor2	chr7	22758420	22758620	LTR/ERVL-MaLR	559	+	100	22758520	71651
chr7	22686869	22886869	harbor2	chr7	22768626	22768989	LTR/ERVL-MaLR	1980	+	182	22768808	81939
chr7	22686869	22886869	harbor2	chr7	22785880	22786113	LTR/ERVL-MaLR	1164	+	116	22785996	99127
chr7	52522581	52722581	harbor2	chr7	52552123	52552470	LTR/ERVL-MaLR	1999	+	174	52552297	29716
chr7	52522581	52722581	harbor2	chr7	52556136	52556479	LTR/ERVL-MaLR	1539	+	172	52556308	33727
chr7	52522581	52722581	harbor2	chr7	52563137	52563557	LTR/ERVL-MaLR	1596	+	210	52563347	40766
chr7	52522581	52722581	harbor2	chr7	52593467	52594540	LTR/ERVL-MaLR	2894	+	536	52594003	71422
chr7	52522581	52722581	harbor2	chr7	52594541	52594837	LTR/ERVL-MaLR	1497	+	148	52594689	72108
chr7	52522581	52722581	harbor2	chr7	52600870	52601225	LTR/ERVL-MaLR	1770	+	178	52601048	78467
chr7	52522581	52722581	harbor2	chr7	52605711	52606209	LTR/ERVL-MaLR	1604	+	249	52605960	83379
chr7	129165780	129365780	harbor2	chr7	129172699	129172861	LTR/ERVL-MaLR	538	+	81	129172780	7000
chr7	129165780	129365780	harbor2	chr7	129173621	129173813	LTR/ERVL-MaLR	538	+	96	129173717	7937
chr7	129165780	129365780	harbor2	chr7	129232705	129232972	LTR/ERVL-MaLR	572	+	134	129232839	67059
chr7	158572102	158772102	harbor2	chr7	158589467	158589695	LTR/ERVL-MaLR	770	+	114	158589581	17479
chr7	158572102	158772102	harbor2	chr7	158590095	158590312	LTR/ERVL-MaLR	1136	+	108	158590203	18101
chr7	158572102	158772102	harbor2	chr7	158594718	158595097	LTR/ERVL-MaLR	2394	+	190	158594908	22806
chr7	158572102	158772102	harbor2	chr7	158660743	158661098	LTR/ERVL-MaLR	2159	+	178	158660921	88819
chr7	149475710	149675710	harbor2	chr7	149500602	149500930	LTR/ERVL-MaLR	743	+	164	149500766	25056
chr7	149475710	149675710	harbor2	chr7	149511150	149511476	LTR/ERVL-MaLR	1851	+	163	149511313	35603
chr7	149475710	149675710	harbor2	chr7	149537940	149538280	LTR/ERVL-MaLR	2044	+	170	149538110	62400
chr7	106542437	106742437	harbor2	chr7	106566033	106566185	LTR/ERVL-MaLR	839	+	76	106566109	23672
chr7	106542437	106742437	harbor2	chr7	106571456	106571658	LTR/ERVL-MaLR	513	+	101	106571557	29120
chr7	106542437	106742437	harbor2	chr7	106574757	106575229	LTR/ERVL-MaLR	1999	+	236	106574993	32556
chr7	106542437	106742437	harbor2	chr7	106583078	106583441	LTR/ERVL-MaLR	1552	+	182	106583260	40823
chr7	106542437	106742437	harbor2	chr7	106612379	106612788	LTR/ERVL-MaLR	2272	+	204	106612583	70146
chr7	106542437	106742437	harbor2	chr7	106626495	106626932	LTR/ERVL-MaLR	1369	+	218	106626713	84276
chr7	106542437	106742437	harbor2	chr7	106633298	106633670	LTR/ERVL-MaLR	1391	+	186	106633484	91047
chr7	100501569	100701569	harbor2	chr7	100521649	100521735	LTR/ERVL-MaLR	718	+	43	100521692	20123
chr7	100501569	100701569	harbor2	chr7	100522042	100522216	LTR/ERVL-MaLR	718	+	87	100522129	20560
chr7	100501569	100701569	harbor2	chr7	100524616	100524768	LTR/ERVL-MaLR	718	+	76	100524692	23123
chr7	100501569	100701569	harbor2	chr7	100525062	100525140	LTR/ERVL-MaLR	718	+	39	100525101	23532
chr7	100501569	100701569	harbor2	chr7	100581373	100581734	LTR/ERVL-MaLR	1453	+	180	100581553	79984
chr7	106548645	106748645	harbor2	chr7	106566033	106566185	LTR/ERVL-MaLR	839	+	76	106566109	17464
chr7	106548645	106748645	harbor2	chr7	106571456	106571658	LTR/ERVL-MaLR	513	+	101	106571557	22912
chr7	106548645	106748645	harbor2	chr7	106574757	106575229	LTR/ERVL-MaLR	1999	+	236	106574993	26348
chr7	106548645	106748645	harbor2	chr7	106583078	106583441	LTR/ERVL-MaLR	1552	+	182	106583260	34615
chr7	106548645	106748645	harbor2	chr7	106612379	106612788	LTR/ERVL-MaLR	2272	+	204	106612583	63938
chr7	106548645	106748645	harbor2	chr7	106626495	106626932	LTR/ERVL-MaLR	1369	+	218	106626713	78068
chr7	106548645	106748645	harbor2	chr7	106633298	106633670	LTR/ERVL-MaLR	1391	+	186	106633484	84839
chr7	106548645	106748645	harbor2	chr7	106644205	106644624	LTR/ERVL-MaLR	1729	+	210	106644415	95770
chr7	106548645	106748645	harbor2	chr7	106646889	106647242	LTR/ERVL-MaLR	2072	+	176	106647065	98420
chr7	82671931	82871931	harbor2	chr7	82722892	82723472	LTR/ERVL-MaLR	1389	+	290	82723182	51251
chr7	34222224	34422224	harbor2	chr7	34255108	34255450	LTR/ERVL-MaLR	697	+	171	34255279	33055
chr7	34222224	34422224	harbor2	chr7	34255736	34256266	LTR/ERVL-MaLR	1561	+	265	34256001	33777
chr7	34222224	34422224	harbor2	chr7	34259277	34259665	LTR/ERVL-MaLR	1667	+	194	34259471	37247
chr7	34222224	34422224	harbor2	chr7	34262553	34262920	LTR/ERVL-MaLR	2496	+	184	34262737	40513
chr7	34222224	34422224	harbor2	chr7	34292851	34293194	LTR/ERVL-MaLR	1446	+	172	34293023	70799
chr7	34222224	34422224	harbor2	chr7	34296699	34297258	LTR/ERVL-MaLR	673	+	280	34296979	74755
chr7	34222224	34422224	harbor2	chr7	34297603	34298203	LTR/ERVL-MaLR	1578	+	300	34297903	75679
chr7	34222224	34422224	harbor2	chr7	34298432	34298588	LTR/ERVL-MaLR	435	+	78	34298510	76286
chr7	34222224	34422224	harbor2	chr7	34311294	34311669	LTR/ERVL-MaLR	2333	+	188	34311482	89258
chr7	158539820	158739820	harbor2	chr7	158589467	158589695	LTR/ERVL-MaLR	770	+	114	158589581	49761
chr7	158539820	158739820	harbor2	chr7	158590095	158590312	LTR/ERVL-MaLR	1136	+	108	158590203	50383
chr7	158539820	158739820	harbor2	chr7	158594718	158595097	LTR/ERVL-MaLR	2394	+	190	158594908	55088
chr7	154941378	155141378	harbor2	chr7	154964961	154965451	LTR/ERVL-MaLR	1683	+	245	154965206	23828
chr7	154941378	155141378	harbor2	chr7	155010323	155010725	LTR/ERVL-MaLR	1628	+	201	155010524	69146
chr7	154941378	155141378	harbor2	chr7	155024165	155024199	LTR/ERVL-MaLR	1828	+	17	155024182	82804
chr7	154941378	155141378	harbor2	chr7	155024496	155024824	LTR/ERVL-MaLR	1828	+	164	155024660	83282
chr7	132637756	132837756	harbor2	chr7	132640346	132640712	LTR/ERVL-MaLR	1268	+	183	132640529	2773
chr7	132637756	132837756	harbor2	chr7	132645194	132645564	LTR/ERVL-MaLR	2341	+	185	132645379	7623
chr7	132637756	132837756	harbor2	chr7	132646366	132646702	LTR/ERVL-MaLR	1561	+	168	132646534	8778
chr7	132637756	132837756	harbor2	chr7	132652879	132653248	LTR/ERVL-MaLR	2500	+	184	132653063	15307
chr7	132637756	132837756	harbor2	chr7	132659712	132660056	LTR/ERVL-MaLR	2395	+	172	132659884	22128
chr7	132637756	132837756	harbor2	chr7	132682998	132683494	LTR/ERVL-MaLR	1949	+	248	132683246	45490
chr7	132637756	132837756	harbor2	chr7	132707936	132708382	LTR/ERVL-MaLR	1928	+	223	132708159	70403
chr7	100198211	100398211	harbor2	chr7	100215756	100216248	LTR/ERVL-MaLR	1403	+	246	100216002	17791
chr7	100198211	100398211	harbor2	chr7	100276845	100277241	LTR/ERVL-MaLR	2351	+	198	100277043	78832
chr7	100198211	100398211	harbor2	chr7	100290542	100290585	LTR/ERVL-MaLR	2530	+	22	100290564	92353
chr7	100198211	100398211	harbor2	chr7	100290894	100291228	LTR/ERVL-MaLR	2530	+	167	100291061	92850
chr7	100198211	100398211	harbor2	chr7	100291528	100291599	LTR/ERVL-MaLR	2530	+	36	100291564	93353
chr7	100198211	100398211	harbor2	chr7	100297917	100298115	LTR/ERVL-MaLR	1422	+	99	100298016	99805
chr7	118603187	118803187	harbor2	chr7	118658891	118659279	LTR/ERVL-MaLR	1626	+	194	118659085	55898
chr7	118603187	118803187	harbor2	chr7	118684251	118684718	LTR/ERVL-MaLR	1337	+	234	118684485	81298
chr7	118603187	118803187	harbor2	chr7	118699465	118699966	LTR/ERVL-MaLR	1483	+	250	118699715	96528
chr7	118603187	118803187	harbor2	chr7	118699970	118700068	LTR/ERVL-MaLR	438	+	49	118700019	96832
chr7	111752459	111952459	harbor2	chr7	111768848	111769183	LTR/ERVL-MaLR	2060	+	168	111769016	16557
chr7	111752459	111952459	harbor2	chr7	111777622	111777978	LTR/ERVL-MaLR	2704	+	178	111777800	25341
chr7	111752459	111952459	harbor2	chr7	111847492	111847852	LTR/ERVL-MaLR	1918	+	180	111847672	95213
chr7	131757430	131957430	harbor2	chr7	131762943	131763089	LTR/ERVL-MaLR	472	+	73	131763016	5586
chr7	131757430	131957430	harbor2	chr7	131763540	131763576	LTR/ERVL-MaLR	472	+	18	131763558	6128
chr7	131757430	131957430	harbor2	chr7	131789857	131790233	LTR/ERVL-MaLR	2818	+	188	131790045	32615
chr7	131757430	131957430	harbor2	chr7	131791138	131791685	LTR/ERVL-MaLR	2520	+	274	131791412	33982
chr7	131757430	131957430	harbor2	chr7	131798500	131798839	LTR/ERVL-MaLR	1104	+	170	131798670	41240
chr7	131757430	131957430	harbor2	chr7	131801513	131801884	LTR/ERVL-MaLR	2023	+	186	131801699	44269
chr7	131757430	131957430	harbor2	chr7	131855528	131855893	LTR/ERVL-MaLR	2103	+	182	131855710	98280
chr7	131757430	131957430	harbor2	chr7	131855894	131856407	LTR/ERVL-MaLR	3728	+	256	131856150	98720
chr7	131757430	131957430	harbor2	chr7	131856397	131856671	LTR/ERVL-MaLR	1522	+	137	131856534	99104
chr7	107757520	107957520	harbor2	chr7	107824317	107824725	LTR/ERVL-MaLR	657	+	204	107824521	67001
chr7	107757520	107957520	harbor2	chr7	107824813	107825300	LTR/ERVL-MaLR	2764	+	244	107825057	67537
chr7	107757520	107957520	harbor2	chr7	107831118	107831304	LTR/ERVL-MaLR	1342	+	93	107831211	73691
chr7	107757520	107957520	harbor2	chr7	107831349	107831650	LTR/ERVL-MaLR	1342	+	150	107831499	73979
chr7	52607078	52807078	harbor2	chr7	52664283	52664675	LTR/ERVL-MaLR	2045	+	196	52664479	57401
chr7	52607078	52807078	harbor2	chr7	52666112	52666570	LTR/ERVL-MaLR	734	+	229	52666341	59263
chr7	52607078	52807078	harbor2	chr7	52666603	52667138	LTR/ERVL-MaLR	734	+	268	52666871	59793
chr7	52607078	52807078	harbor2	chr7	52667144	52667431	LTR/ERVL-MaLR	1901	+	144	52667288	60210
chr7	52607078	52807078	harbor2	chr7	52667476	52667697	LTR/ERVL-MaLR	1901	+	110	52667586	60508
chr7	52607078	52807078	harbor2	chr7	52678881	52679265	LTR/ERVL-MaLR	1297	+	192	52679073	71995
chr7	52607078	52807078	harbor2	chr7	52697345	52697901	LTR/ERVL-MaLR	518	+	278	52697623	90545
chr7	140197844	140397844	harbor2	chr7	140218102	140218460	LTR/ERVL-MaLR	2519	+	179	140218281	20437
chr7	140197844	140397844	harbor2	chr7	140221029	140221402	LTR/ERVL-MaLR	881	+	186	140221215	23371
chr7	140197844	140397844	harbor2	chr7	140254137	140254219	LTR/ERVL-MaLR	1212	+	41	140254178	56334
chr7	140197844	140397844	harbor2	chr7	140254487	140254885	LTR/ERVL-MaLR	1212	+	199	140254686	56842
chr7	140197844	140397844	harbor2	chr7	140261129	140261173	LTR/ERVL-MaLR	1467	+	22	140261151	63307
chr7	140197844	140397844	harbor2	chr7	140261560	140261912	LTR/ERVL-MaLR	1467	+	176	140261736	63892
chr7	140197844	140397844	harbor2	chr7	140268133	140268452	LTR/ERVL-MaLR	1904	+	160	140268293	70449
chr7	140197844	140397844	harbor2	chr7	140268757	140268787	LTR/ERVL-MaLR	1904	+	15	140268772	70928
chr7	140197844	140397844	harbor2	chr7	140269081	140269132	LTR/ERVL-MaLR	1904	+	26	140269107	71263
chr7	140197844	140397844	harbor2	chr7	140278836	140279220	LTR/ERVL-MaLR	2547	+	192	140279028	81184
chr7	140197844	140397844	harbor2	chr7	140279517	140279571	LTR/ERVL-MaLR	2547	+	27	140279544	81700
chr7	140197844	140397844	harbor2	chr7	140283924	140284358	LTR/ERVL-MaLR	890	+	217	140284141	86297
chr7	140197844	140397844	harbor2	chr7	140263342	140263723	LTR/ERVL-MaLR	649	+	190	140263532	65688
chr7	93751187	93951187	harbor2	chr7	93809692	93809986	LTR/ERVL-MaLR	644	+	147	93809839	58652
chr7	93751187	93951187	harbor2	chr7	93811991	93812314	LTR/ERVL-MaLR	504	+	162	93812153	60966
chr7	93751187	93951187	harbor2	chr7	93820748	93821135	LTR/ERVL-MaLR	736	+	194	93820942	69755
chr7	93751187	93951187	harbor2	chr7	93822512	93822711	LTR/ERVL-MaLR	684	+	100	93822612	71425
chr7	124578158	124778158	harbor2	chr7	124578256	124578518	LTR/ERVL-MaLR	1059	+	131	124578387	229
chr7	124578158	124778158	harbor2	chr7	124581828	124582039	LTR/ERVL-MaLR	887	+	106	124581934	3776
chr7	124578158	124778158	harbor2	chr7	124585775	124586226	LTR/ERVL-MaLR	2138	+	226	124586001	7843
chr7	124578158	124778158	harbor2	chr7	124588025	124588392	LTR/ERVL-MaLR	2204	+	184	124588209	10051
chr7	124578158	124778158	harbor2	chr7	124588393	124589955	LTR/ERVL-MaLR	11095	+	781	124589174	11016
chr7	124578158	124778158	harbor2	chr7	124589957	124590370	LTR/ERVL-MaLR	1892	+	206	124590163	12005
chr7	124578158	124778158	harbor2	chr7	124633251	124634814	LTR/ERVL-MaLR	11362	+	782	124634033	55875
chr7	124578158	124778158	harbor2	chr7	124634815	124635225	LTR/ERVL-MaLR	2072	+	205	124635020	56862
chr7	124578158	124778158	harbor2	chr7	124636726	124637078	LTR/ERVL-MaLR	1180	+	176	124636902	58744
chr7	124578158	124778158	harbor2	chr7	124664185	124664546	LTR/ERVL-MaLR	1655	+	180	124664365	86207
chr7	124578158	124778158	harbor2	chr7	124664854	124665032	LTR/ERVL-MaLR	1655	+	89	124664943	86785
chr7	124578158	124778158	harbor2	chr7	124675036	124675405	LTR/ERVL-MaLR	2121	+	184	124675220	97062
chr7	124578158	124778158	harbor2	chr7	124632893	124633248	LTR/ERVL-MaLR	2225	+	178	124633071	54913
chr7	123062364	123262364	harbor2	chr7	123063406	123063503	LTR/ERVL-MaLR	568	+	48	123063454	1090
chr7	123062364	123262364	harbor2	chr7	123088967	123089335	LTR/ERVL-MaLR	1137	+	184	123089151	26787
chr7	123062364	123262364	harbor2	chr7	123090967	123091374	LTR/ERVL-MaLR	1951	+	204	123091171	28807
chr7	123062364	123262364	harbor2	chr7	123093248	123093660	LTR/ERVL-MaLR	1674	+	206	123093454	31090
chr7	123062364	123262364	harbor2	chr7	123137213	123137753	LTR/ERVL-MaLR	2417	+	270	123137483	75119
chr7	123062364	123262364	harbor2	chr7	123143797	123143921	LTR/ERVL-MaLR	488	+	62	123143859	81495
chr7	123062364	123262364	harbor2	chr7	123147356	123147537	LTR/ERVL-MaLR	1031	+	90	123147446	85082
chr7	123062364	123262364	harbor2	chr7	123147564	123147734	LTR/ERVL-MaLR	1031	+	85	123147649	85285
chr7	123062364	123262364	harbor2	chr7	123159224	123159599	LTR/ERVL-MaLR	1276	+	188	123159412	97048
chr7	123062364	123262364	harbor2	chr7	123076569	123076837	LTR/ERVL-MaLR	774	+	134	123076703	14339
chr7	41910497	42110497	harbor2	chr7	41910748	41911229	LTR/ERVL-MaLR	1966	+	240	41910988	491
chr7	41910497	42110497	harbor2	chr7	41937043	41937410	LTR/ERVL-MaLR	2560	+	184	41937227	26730
chr7	41910497	42110497	harbor2	chr7	41937412	41937776	LTR/ERVL-MaLR	4392	+	182	41937594	27097
chr7	41910497	42110497	harbor2	chr7	41938078	41938325	LTR/ERVL-MaLR	4392	+	124	41938202	27705
chr7	41910497	42110497	harbor2	chr7	41988097	41988179	LTR/ERVL-MaLR	1719	+	41	41988138	77641
chr7	41910497	42110497	harbor2	chr7	41988475	41988762	LTR/ERVL-MaLR	1719	+	144	41988619	78122
chr7	118192898	118392898	harbor2	chr7	118201290	118201475	LTR/ERVL-MaLR	697	+	92	118201382	8484
chr7	118192898	118392898	harbor2	chr7	118212429	118212846	LTR/ERVL-MaLR	2719	+	208	118212637	19739
chr7	118192898	118392898	harbor2	chr7	118238844	118239104	LTR/ERVL-MaLR	952	+	130	118238974	46076
chr7	118192898	118392898	harbor2	chr7	118239445	118239634	LTR/ERVL-MaLR	952	+	94	118239539	46641
chr7	118192898	118392898	harbor2	chr7	118251996	118252523	LTR/ERVL-MaLR	1396	+	264	118252260	59362
chr7	118192898	118392898	harbor2	chr7	118255579	118255725	LTR/ERVL-MaLR	611	+	73	118255652	62754
chr7	118192898	118392898	harbor2	chr7	118283244	118283607	LTR/ERVL-MaLR	2608	+	182	118283426	90528
chr7	118192898	118392898	harbor2	chr7	118289440	118289799	LTR/ERVL-MaLR	2122	+	180	118289620	96722
chr7	118192898	118392898	harbor2	chr7	118289802	118289851	LTR/ERVL-MaLR	9938	+	24	118289826	96928
chr7	118192898	118392898	harbor2	chr7	118290142	118291672	LTR/ERVL-MaLR	9938	+	765	118290907	98009
chr7	118192898	118392898	harbor2	chr7	118291677	118292027	LTR/ERVL-MaLR	2077	+	175	118291852	98954
chr7	152712452	152912452	harbor2	chr7	152745953	152746331	LTR/ERVL-MaLR	2205	+	189	152746142	33690
chr7	152712452	152912452	harbor2	chr7	152755908	152756052	LTR/ERVL-MaLR	504	+	72	152755980	43528
chr7	152712452	152912452	harbor2	chr7	152756218	152756655	LTR/ERVL-MaLR	1978	+	218	152756436	43984
chr7	152712452	152912452	harbor2	chr7	152756665	152756998	LTR/ERVL-MaLR	670	+	166	152756831	44379
chr7	155044992	155244992	harbor2	chr7	155047291	155047460	LTR/ERVL-MaLR	1547	+	84	155047375	2383
chr7	155044992	155244992	harbor2	chr7	155047781	155047908	LTR/ERVL-MaLR	1547	+	64	155047845	2853
chr7	155044992	155244992	harbor2	chr7	155047909	155048246	LTR/ERVL-MaLR	1650	+	168	155048077	3085
chr7	155044992	155244992	harbor2	chr7	155064195	155064565	LTR/ERVL-MaLR	2196	+	185	155064380	19388
chr7	155044992	155244992	harbor2	chr7	155089817	155090043	LTR/ERVL-MaLR	1115	+	113	155089930	44938
chr7	155044992	155244992	harbor2	chr7	155092543	155092952	LTR/ERVL-MaLR	1531	+	204	155092747	47755
chr7	155044992	155244992	harbor2	chr7	155107724	155107868	LTR/ERVL-MaLR	572	+	72	155107796	62804
chr7	155044992	155244992	harbor2	chr7	155128256	155128633	LTR/ERVL-MaLR	2700	+	188	155128444	83452
chr7	155044992	155244992	harbor2	chr7	155136701	155137221	LTR/ERVL-MaLR	2463	+	260	155136961	91969
chr7	88569015	88769015	harbor2	chr7	88643899	88644201	LTR/ERVL-MaLR	2275	+	151	88644050	75035
chr7	88569015	88769015	harbor2	chr7	88645522	88645985	LTR/ERVL-MaLR	1679	+	232	88645754	76739
chr7	88569015	88769015	harbor2	chr7	88604390	88604755	LTR/ERVL-MaLR	1893	+	182	88604572	35557
chr7	87868850	88068850	harbor2	chr7	87871236	87871573	LTR/ERVL-MaLR	1251	+	168	87871404	2554
chr7	87868850	88068850	harbor2	chr7	87925044	87925394	LTR/ERVL-MaLR	1267	+	175	87925219	56369
chr7	87868850	88068850	harbor2	chr7	87966868	87967237	LTR/ERVL-MaLR	2653	+	184	87967052	98202
chr7	158636509	158836509	harbor2	chr7	158660743	158661098	LTR/ERVL-MaLR	2159	+	178	158660921	24412
chr7	125428773	125628773	harbor2	chr7	125430087	125430426	LTR/ERVL-MaLR	2002	+	170	125430257	1484
chr7	125428773	125628773	harbor2	chr7	125430720	125430755	LTR/ERVL-MaLR	2002	+	18	125430738	1965
chr7	125428773	125628773	harbor2	chr7	125431459	125431669	LTR/ERVL-MaLR	435	+	105	125431564	2791
chr7	125428773	125628773	harbor2	chr7	125442216	125442422	LTR/ERVL-MaLR	1159	+	103	125442319	13546
chr7	125428773	125628773	harbor2	chr7	125442729	125442787	LTR/ERVL-MaLR	1159	+	29	125442758	13985
chr7	125428773	125628773	harbor2	chr7	125481350	125481697	LTR/ERVL-MaLR	1811	+	174	125481524	52751
chr7	125428773	125628773	harbor2	chr7	125499015	125499180	LTR/ERVL-MaLR	1242	+	82	125499097	70324
chr7	125428773	125628773	harbor2	chr7	125499232	125499324	LTR/ERVL-MaLR	1242	+	46	125499278	70505
chr7	125428773	125628773	harbor2	chr7	125506768	125506882	LTR/ERVL-MaLR	589	+	57	125506825	78052
chr7	125428773	125628773	harbor2	chr7	125510081	125510587	LTR/ERVL-MaLR	611	+	253	125510334	81561
chr7	93960603	94160603	harbor2	chr7	93963190	93963356	LTR/ERVL-MaLR	870	+	83	93963273	2670
chr7	93960603	94160603	harbor2	chr7	93966464	93966911	LTR/ERVL-MaLR	668	+	224	93966688	6085
chr7	93960603	94160603	harbor2	chr7	94007383	94007781	LTR/ERVL-MaLR	2321	+	199	94007582	46979
chr7	93960603	94160603	harbor2	chr7	94022614	94022990	LTR/ERVL-MaLR	2463	+	188	94022802	62199
chr7	93960603	94160603	harbor2	chr7	94024103	94024331	LTR/ERVL-MaLR	626	+	114	94024217	63614
chr7	93960603	94160603	harbor2	chr7	94034573	94034939	LTR/ERVL-MaLR	1974	+	183	94034756	74153
chr7	93960603	94160603	harbor2	chr7	94042047	94042484	LTR/ERVL-MaLR	1076	+	218	94042265	81662
chr7	93960603	94160603	harbor2	chr7	94058234	94058650	LTR/ERVL-MaLR	1475	+	208	94058442	97839
chr7	93960603	94160603	harbor2	chr7	94027689	94028226	LTR/ERVL-MaLR	1600	+	268	94027957	67354
chr7	147695910	147895910	harbor2	chr7	147720507	147720867	LTR/ERVL-MaLR	1975	+	180	147720687	24777
chr7	147695910	147895910	harbor2	chr7	147774460	147774824	LTR/ERVL-MaLR	1410	+	182	147774642	78732
chr7	147695910	147895910	harbor2	chr7	147783605	147783967	LTR/ERVL-MaLR	1851	+	181	147783786	87876
chr7	108176499	108376499	harbor2	chr7	108205049	108205387	LTR/ERVL-MaLR	1710	+	169	108205218	28719
chr7	108176499	108376499	harbor2	chr7	108246809	108247257	LTR/ERVL-MaLR	1883	+	224	108247033	70534
chr7	22656234	22856234	harbor2	chr7	22657951	22658464	LTR/ERVL-MaLR	2123	+	256	22658207	1973
chr7	22656234	22856234	harbor2	chr7	22755160	22755581	LTR/ERVL-MaLR	1474	+	210	22755370	99136
chr7	116815448	117015448	harbor2	chr7	116839844	116840205	LTR/ERVL-MaLR	1844	+	180	116840024	24576
chr7	116815448	117015448	harbor2	chr7	116840344	116840719	LTR/ERVL-MaLR	2046	+	188	116840532	25084
chr7	153413820	153613820	harbor2	chr7	153425420	153425816	LTR/ERVL-MaLR	1835	+	198	153425618	11798
chr7	153413820	153613820	harbor2	chr7	153428838	153429337	LTR/ERVL-MaLR	1734	+	250	153429088	15268
chr7	153413820	153613820	harbor2	chr7	153436258	153436613	LTR/ERVL-MaLR	2191	+	178	153436436	22616
chr7	153413820	153613820	harbor2	chr7	153439792	153440161	LTR/ERVL-MaLR	1994	+	184	153439976	26156
chr7	153413820	153613820	harbor2	chr7	153442499	153442876	LTR/ERVL-MaLR	2317	+	188	153442687	28867
chr7	153413820	153613820	harbor2	chr7	153461316	153461675	LTR/ERVL-MaLR	2048	+	180	153461496	47676
chr7	153413820	153613820	harbor2	chr7	153461676	153463199	LTR/ERVL-MaLR	10902	+	762	153462438	48618
chr7	153413820	153613820	harbor2	chr7	153464617	153464971	LTR/ERVL-MaLR	2537	+	177	153464794	50974
chr7	153413820	153613820	harbor2	chr7	153464972	153466549	LTR/ERVL-MaLR	12491	+	788	153465760	51940
chr7	153413820	153613820	harbor2	chr7	153466550	153466902	LTR/ERVL-MaLR	2582	+	176	153466726	52906
chr7	153413820	153613820	harbor2	chr7	153483222	153483505	LTR/ERVL-MaLR	1733	+	142	153483364	69544
chr7	153413820	153613820	harbor2	chr7	153483505	153483674	LTR/ERVL-MaLR	1081	+	84	153483589	69769
chr7	153413820	153613820	harbor2	chr7	153493663	153494043	LTR/ERVL-MaLR	2495	+	190	153493853	80033
chr7	153413820	153613820	harbor2	chr7	153494046	153494475	LTR/ERVL-MaLR	10773	+	214	153494260	80440
chr7	153413820	153613820	harbor2	chr7	153494782	153495917	LTR/ERVL-MaLR	10773	+	568	153495350	81530
chr7	153413820	153613820	harbor2	chr7	153495918	153496293	LTR/ERVL-MaLR	2281	+	188	153496106	82286
chr7	153413820	153613820	harbor2	chr7	153507087	153507658	LTR/ERVL-MaLR	2312	+	286	153507373	93553
chr7	44413868	44613868	harbor2	chr7	44429193	44429614	LTR/ERVL-MaLR	1611	+	210	44429403	15535
chr7	44413868	44613868	harbor2	chr7	44432900	44433259	LTR/ERVL-MaLR	1869	+	180	44433080	19212
chr7	44413868	44613868	harbor2	chr7	44447360	44447734	LTR/ERVL-MaLR	1709	+	187	44447547	33679
chr7	44413868	44613868	harbor2	chr7	44476304	44476657	LTR/ERVL-MaLR	1932	+	176	44476480	62612
chr7	44413868	44613868	harbor2	chr7	44481742	44482077	LTR/ERVL-MaLR	1640	+	168	44481910	68042
chr7	44413868	44613868	harbor2	chr7	44493496	44493882	LTR/ERVL-MaLR	1393	+	193	44493689	79821
chr7	44413868	44613868	harbor2	chr7	44505686	44506063	LTR/ERVL-MaLR	2564	+	188	44505874	92006
chr7	158614052	158814052	harbor2	chr7	158660743	158661098	LTR/ERVL-MaLR	2159	+	178	158660921	46869
chr7	93289258	93489258	harbor2	chr7	93301589	93301778	LTR/ERVL-MaLR	1010	+	94	93301683	12425
chr7	93289258	93489258	harbor2	chr7	93367769	93368135	LTR/ERVL-MaLR	1759	+	183	93367952	78694
chr7	136576774	136776774	harbor2	chr7	136581685	136581988	LTR/ERVL-MaLR	1707	+	152	136581837	5063
chr7	136576774	136776774	harbor2	chr7	136602726	136603083	LTR/ERVL-MaLR	2363	+	178	136602904	26130
chr7	136576774	136776774	harbor2	chr7	136603084	136604647	LTR/ERVL-MaLR	10104	+	782	136603866	27092
chr7	136576774	136776774	harbor2	chr7	136604648	136605010	LTR/ERVL-MaLR	2274	+	181	136604829	28055
chr7	136576774	136776774	harbor2	chr7	136648104	136648492	LTR/ERVL-MaLR	560	+	194	136648298	71524
chr7	136576774	136776774	harbor2	chr7	136654011	136654159	LTR/ERVL-MaLR	1695	+	74	136654085	77311
chr7	136576774	136776774	harbor2	chr7	136654411	136654623	LTR/ERVL-MaLR	1695	+	106	136654517	77743
chr7	147815470	148015470	harbor2	chr7	147835628	147836097	LTR/ERVL-MaLR	1039	+	234	147835862	20392
chr7	147815470	148015470	harbor2	chr7	147858523	147858963	LTR/ERVL-MaLR	1632	+	220	147858743	43273
chr7	147815470	148015470	harbor2	chr7	147859973	147860139	LTR/ERVL-MaLR	908	+	83	147860056	44586
chr7	147815470	148015470	harbor2	chr7	147860604	147860807	LTR/ERVL-MaLR	989	+	102	147860706	45236
chr7	147815470	148015470	harbor2	chr7	147900209	147900582	LTR/ERVL-MaLR	1724	+	186	147900395	84925
chr7	130015509	130215509	harbor2	chr7	130047752	130048140	LTR/ERVL-MaLR	1678	+	194	130047946	32437
chr7	130015509	130215509	harbor2	chr7	130048365	130048560	LTR/ERVL-MaLR	1245	+	98	130048463	32954
chr7	154047004	154247004	harbor2	chr7	154098044	154098418	LTR/ERVL-MaLR	2708	+	187	154098231	51227
chr7	154047004	154247004	harbor2	chr7	154105536	154105898	LTR/ERVL-MaLR	2669	+	181	154105717	58713
chr7	154047004	154247004	harbor2	chr7	154120879	154121226	LTR/ERVL-MaLR	1808	+	174	154121053	74049
chr7	154047004	154247004	harbor2	chr7	154144635	154144980	LTR/ERVL-MaLR	1135	+	172	154144807	97803
chr7	154047004	154247004	harbor2	chr7	154145006	154145579	LTR/ERVL-MaLR	1387	+	286	154145292	98288
chr7	30230387	30430387	harbor2	chr7	30230837	30231245	LTR/ERVL-MaLR	2610	+	204	30231041	654
chr7	30230387	30430387	harbor2	chr7	30237830	30238348	LTR/ERVL-MaLR	2598	+	259	30238089	7702
chr7	30230387	30430387	harbor2	chr7	30270940	30271323	LTR/ERVL-MaLR	2266	+	192	30271132	40745
chr7	145234781	145434781	harbor2	chr7	145245621	145245830	LTR/ERVL-MaLR	524	+	104	145245725	10944
chr7	145234781	145434781	harbor2	chr7	145265752	145266115	LTR/ERVL-MaLR	1507	+	182	145265934	31153
chr7	145234781	145434781	harbor2	chr7	145266116	145267142	LTR/ERVL-MaLR	3754	+	513	145266629	31848
chr7	145234781	145434781	harbor2	chr7	145267567	145267758	LTR/ERVL-MaLR	907	+	96	145267663	32882
chr7	145234781	145434781	harbor2	chr7	145272666	145272978	LTR/ERVL-MaLR	1971	+	156	145272822	38041
chr7	145234781	145434781	harbor2	chr7	145273339	145273391	LTR/ERVL-MaLR	1971	+	26	145273365	38584
chr7	145234781	145434781	harbor2	chr7	145275327	145275661	LTR/ERVL-MaLR	1954	+	167	145275494	40713
chr7	145234781	145434781	harbor2	chr7	145277228	145277565	LTR/ERVL-MaLR	2126	+	168	145277396	42615
chr7	145234781	145434781	harbor2	chr7	145297019	145297281	LTR/ERVL-MaLR	523	+	131	145297150	62369
chr7	145234781	145434781	harbor2	chr7	145322714	145323071	LTR/ERVL-MaLR	2284	+	178	145322892	88111
chr7	145234781	145434781	harbor2	chr7	145275664	145277227	LTR/ERVL-MaLR	11518	+	782	145276446	41665
chr7	79231160	79431160	harbor2	chr7	79278009	79278421	LTR/ERVL-MaLR	2588	+	206	79278215	47055
chr7	79231160	79431160	harbor2	chr7	79283416	79283691	LTR/ERVL-MaLR	744	+	138	79283554	52394
chr7	79231160	79431160	harbor2	chr7	79298648	79299024	LTR/ERVL-MaLR	2269	+	188	79298836	67676
chr7	79231160	79431160	harbor2	chr7	79299700	79300104	LTR/ERVL-MaLR	1963	+	202	79299902	68742
chr7	79231160	79431160	harbor2	chr7	79300106	79301734	LTR/ERVL-MaLR	9346	+	814	79300920	69760
chr7	79231160	79431160	harbor2	chr7	79301735	79302141	LTR/ERVL-MaLR	2164	+	203	79301938	70778
chr7	79231160	79431160	harbor2	chr7	79319350	79319530	LTR/ERVL-MaLR	495	+	90	79319440	88280
chr7	79231160	79431160	harbor2	chr7	79319544	79319791	LTR/ERVL-MaLR	564	+	124	79319668	88508
chr7	144886029	145086029	harbor2	chr7	144889520	144889898	LTR/ERVL-MaLR	1322	+	189	144889709	3680
chr7	144886029	145086029	harbor2	chr7	144899494	144899844	LTR/ERVL-MaLR	2469	+	175	144899669	13640
chr7	144886029	145086029	harbor2	chr7	144935522	144935895	LTR/ERVL-MaLR	2210	+	186	144935708	49679
chr7	144886029	145086029	harbor2	chr7	144955742	144956098	LTR/ERVL-MaLR	1969	+	178	144955920	69891
chr7	144886029	145086029	harbor2	chr7	144980565	144980999	LTR/ERVL-MaLR	2315	+	217	144980782	94753
chr7	81882661	82082661	harbor2	chr7	81906654	81907016	LTR/ERVL-MaLR	1985	+	181	81906835	24174
chr7	81882661	82082661	harbor2	chr7	81930298	81930670	LTR/ERVL-MaLR	1368	+	186	81930484	47823
chr7	81882661	82082661	harbor2	chr7	81943167	81943547	LTR/ERVL-MaLR	1965	+	190	81943357	60696
chr7	81882661	82082661	harbor2	chr7	81936208	81936655	LTR/ERVL-MaLR	1180	+	224	81936432	53771
chr7	135355644	135555644	harbor2	chr7	135406914	135407304	LTR/ERVL-MaLR	2145	+	195	135407109	51465
chr7	111278166	111478166	harbor2	chr7	111279268	111279526	LTR/ERVL-MaLR	581	+	129	111279397	1231
chr7	111278166	111478166	harbor2	chr7	111313799	111314193	LTR/ERVL-MaLR	1991	+	197	111313996	35830
chr7	111278166	111478166	harbor2	chr7	111341718	111342073	LTR/ERVL-MaLR	1418	+	178	111341896	63730
chr7	145991526	146191526	harbor2	chr7	146024094	146024477	LTR/ERVL-MaLR	2169	+	192	146024286	32760
chr7	154853224	155053224	harbor2	chr7	154901547	154902085	LTR/ERVL-MaLR	2042	+	269	154901816	48592
chr7	154853224	155053224	harbor2	chr7	154902347	154902666	LTR/ERVL-MaLR	635	+	160	154902507	49283
chr7	154853224	155053224	harbor2	chr7	154911592	154911777	LTR/ERVL-MaLR	801	+	92	154911684	58460
chr7	154853224	155053224	harbor2	chr7	154922178	154922352	LTR/ERVL-MaLR	2260	+	87	154922265	69041
chr7	154853224	155053224	harbor2	chr7	154922644	154922857	LTR/ERVL-MaLR	2260	+	106	154922750	69526
chr8	106208465	106408465	harbor2	chr8	106214485	106214773	LTR/ERVL-MaLR	1211	+	144	106214629	6164
chr8	106208465	106408465	harbor2	chr8	106238594	106238862	LTR/ERVL-MaLR	491	+	134	106238728	30263
chr8	106208465	106408465	harbor2	chr8	106238907	106239106	LTR/ERVL-MaLR	586	+	100	106239007	30542
chr8	106208465	106408465	harbor2	chr8	106285999	106286252	LTR/ERVL-MaLR	489	+	126	106286125	77660
chr8	106208465	106408465	harbor2	chr8	106289733	106290107	LTR/ERVL-MaLR	2681	+	187	106289920	81455
chr8	118930682	119130682	harbor2	chr8	118968920	118969362	LTR/ERVL-MaLR	984	+	221	118969141	38459
chr8	118930682	119130682	harbor2	chr8	118983499	118983611	LTR/ERVL-MaLR	494	+	56	118983555	52873
chr8	118930682	119130682	harbor2	chr8	118984503	118984728	LTR/ERVL-MaLR	1290	+	112	118984615	53933
chr8	118930682	119130682	harbor2	chr8	118985100	118985250	LTR/ERVL-MaLR	1290	+	75	118985175	54493
chr8	118930682	119130682	harbor2	chr8	119009224	119009627	LTR/ERVL-MaLR	1089	+	202	119009426	78744
chr8	59520608	59720608	harbor2	chr8	59563469	59563768	LTR/ERVL-MaLR	587	+	150	59563619	43011
chr8	59520608	59720608	harbor2	chr8	59576889	59577324	LTR/ERVL-MaLR	779	+	218	59577107	56499
chr8	108165434	108365434	harbor2	chr8	108184766	108185163	LTR/ERVL-MaLR	1917	+	198	108184964	19530
chr8	108165434	108365434	harbor2	chr8	108257026	108257409	LTR/ERVL-MaLR	2362	+	192	108257218	91784
chr8	108165434	108365434	harbor2	chr8	108264068	108264368	LTR/ERVL-MaLR	553	+	150	108264218	98784
chr8	108165434	108365434	harbor2	chr8	108264369	108264774	LTR/ERVL-MaLR	2385	+	202	108264571	99137
chr8	108165434	108365434	harbor2	chr8	108264775	108264878	LTR/ERVL-MaLR	418	+	52	108264827	99393
chr8	64779174	64979174	harbor2	chr8	64790767	64791235	LTR/ERVL-MaLR	2534	+	234	64791001	11827
chr8	64779174	64979174	harbor2	chr8	64791286	64791755	LTR/ERVL-MaLR	2141	+	234	64791520	12346
chr8	64779174	64979174	harbor2	chr8	64791756	64792696	LTR/ERVL-MaLR	2518	+	470	64792226	13052
chr8	64779174	64979174	harbor2	chr8	64792698	64792913	LTR/ERVL-MaLR	609	+	108	64792806	13632
chr8	64779174	64979174	harbor2	chr8	64792929	64793198	LTR/ERVL-MaLR	635	+	134	64793063	13889
chr8	64779174	64979174	harbor2	chr8	64801981	64802086	LTR/ERVL-MaLR	465	+	52	64802033	22859
chr8	64779174	64979174	harbor2	chr8	64840076	64840531	LTR/ERVL-MaLR	2118	+	228	64840304	61130
chr8	64779174	64979174	harbor2	chr8	64843472	64843852	LTR/ERVL-MaLR	1763	+	190	64843662	64488
chr8	64779174	64979174	harbor2	chr8	64845084	64845335	LTR/ERVL-MaLR	716	+	126	64845210	66036
chr8	64779174	64979174	harbor2	chr8	64869408	64869590	LTR/ERVL-MaLR	452	+	91	64869499	90325
chr8	64779174	64979174	harbor2	chr8	64782220	64782573	LTR/ERVL-MaLR	1794	+	176	64782396	3222
chr8	126848017	127048017	harbor2	chr8	126847788	126848117	LTR/ERVL-MaLR	804	+	164	126847952	65
chr8	126848017	127048017	harbor2	chr8	126856043	126856372	LTR/ERVL-MaLR	408	+	164	126856207	8190
chr8	126848017	127048017	harbor2	chr8	126856705	126856760	LTR/ERVL-MaLR	408	+	28	126856733	8716
chr8	126848017	127048017	harbor2	chr8	126886531	126886907	LTR/ERVL-MaLR	2228	+	188	126886719	38702
chr8	126848017	127048017	harbor2	chr8	126898778	126899149	LTR/ERVL-MaLR	2012	+	186	126898964	50947
chr8	126848017	127048017	harbor2	chr8	126899150	126900761	LTR/ERVL-MaLR	10854	+	806	126899956	51939
chr8	126848017	127048017	harbor2	chr8	126900762	126901130	LTR/ERVL-MaLR	1970	+	184	126900946	52929
chr8	126848017	127048017	harbor2	chr8	126912739	126913088	LTR/ERVL-MaLR	2668	+	174	126912913	64896
chr8	126848017	127048017	harbor2	chr8	126938307	126938911	LTR/ERVL-MaLR	1325	+	302	126938609	90592
chr8	143800055	144000055	harbor2	chr8	143834027	143834590	LTR/ERVL-MaLR	2100	+	282	143834309	34254
chr8	143800055	144000055	harbor2	chr8	143843585	143843851	LTR/ERVL-MaLR	531	+	133	143843718	43663
chr8	143800055	144000055	harbor2	chr8	143844828	143844977	LTR/ERVL-MaLR	493	+	74	143844902	44847
chr8	143800055	144000055	harbor2	chr8	143845949	143846088	LTR/ERVL-MaLR	429	+	70	143846019	45964
chr8	143800055	144000055	harbor2	chr8	143874294	143874679	LTR/ERVL-MaLR	1168	+	192	143874486	74431
chr8	143800055	144000055	harbor2	chr8	143881331	143881734	LTR/ERVL-MaLR	1050	+	202	143881533	81478
chr8	143800055	144000055	harbor2	chr8	143888332	143888762	LTR/ERVL-MaLR	1089	+	215	143888547	88492
chr8	119941684	120141684	harbor2	chr8	119955981	119956196	LTR/ERVL-MaLR	437	+	108	119956089	14405
chr8	119941684	120141684	harbor2	chr8	120024384	120024858	LTR/ERVL-MaLR	1945	+	237	120024621	82937
chr8	119941684	120141684	harbor2	chr8	120039018	120039378	LTR/ERVL-MaLR	1840	+	180	120039198	97514
chr8	92854671	93054671	harbor2	chr8	92894938	92895333	LTR/ERVL-MaLR	1769	+	198	92895136	40465
chr8	92854671	93054671	harbor2	chr8	92895336	92896805	LTR/ERVL-MaLR	6634	+	734	92896070	41399
chr8	92854671	93054671	harbor2	chr8	92897357	92897700	LTR/ERVL-MaLR	1488	+	172	92897529	42858
chr8	92854671	93054671	harbor2	chr8	92920306	92921286	LTR/ERVL-MaLR	1451	+	490	92920796	66125
chr8	92854671	93054671	harbor2	chr8	92921341	92921639	LTR/ERVL-MaLR	732	+	149	92921490	66819
chr8	92854671	93054671	harbor2	chr8	92897117	92897356	LTR/ERVL-MaLR	6634	+	120	92897237	42566
chr8	122251802	122451802	harbor2	chr8	122288148	122288599	LTR/ERVL-MaLR	2398	+	226	122288374	36572
chr8	122251802	122451802	harbor2	chr8	122289465	122289735	LTR/ERVL-MaLR	444	+	135	122289600	37798
chr8	122251802	122451802	harbor2	chr8	122342974	122343277	LTR/ERVL-MaLR	715	+	152	122343126	91324
chr8	122251802	122451802	harbor2	chr8	122349672	122349907	LTR/ERVL-MaLR	1989	+	118	122349790	97988
chr8	122251802	122451802	harbor2	chr8	122349961	122350335	LTR/ERVL-MaLR	1989	+	187	122350148	98346
chr8	108904432	109104432	harbor2	chr8	108919242	108919670	LTR/ERVL-MaLR	1163	+	214	108919456	15024
chr8	108904432	109104432	harbor2	chr8	108930326	108930482	LTR/ERVL-MaLR	753	+	78	108930404	25972
chr8	108904432	109104432	harbor2	chr8	108948254	108948607	LTR/ERVL-MaLR	1380	+	176	108948430	43998
chr8	108904432	109104432	harbor2	chr8	108965559	108965698	LTR/ERVL-MaLR	492	+	70	108965629	61197
chr8	108904432	109104432	harbor2	chr8	108965938	108966107	LTR/ERVL-MaLR	893	+	84	108966022	61590
chr8	108904432	109104432	harbor2	chr8	108966360	108966451	LTR/ERVL-MaLR	1782	+	46	108966406	61974
chr8	108904432	109104432	harbor2	chr8	108966452	108966864	LTR/ERVL-MaLR	2492	+	206	108966658	62226
chr8	108904432	109104432	harbor2	chr8	108966865	108967139	LTR/ERVL-MaLR	1782	+	137	108967002	62570
chr8	108904432	109104432	harbor2	chr8	108968518	108968897	LTR/ERVL-MaLR	2686	+	190	108968708	64276
chr8	108904432	109104432	harbor2	chr8	108973829	108974219	LTR/ERVL-MaLR	1681	+	195	108974024	69592
chr8	108904432	109104432	harbor2	chr8	109003167	109003283	LTR/ERVL-MaLR	1416	+	58	109003225	98793
chr8	108904432	109104432	harbor2	chr8	109002438	109002863	LTR/ERVL-MaLR	1416	+	212	109002650	98218
chr8	136811473	137011473	harbor2	chr8	136819733	136820095	LTR/ERVL-MaLR	2571	+	181	136819914	8441
chr8	136811473	137011473	harbor2	chr8	136823271	136823598	LTR/ERVL-MaLR	1724	+	164	136823435	11962
chr8	136811473	137011473	harbor2	chr8	136893492	136893851	LTR/ERVL-MaLR	1769	+	180	136893672	82199
chr8	136811473	137011473	harbor2	chr8	136897322	136897647	LTR/ERVL-MaLR	1353	+	162	136897484	86011
chr8	136811473	137011473	harbor2	chr8	136905948	136906171	LTR/ERVL-MaLR	971	+	112	136906060	94587
chr8	83658035	83858035	harbor2	chr8	83668385	83668783	LTR/ERVL-MaLR	2185	+	199	83668584	10549
chr8	83658035	83858035	harbor2	chr8	83680803	83681047	LTR/ERVL-MaLR	743	+	122	83680925	22890
chr8	83658035	83858035	harbor2	chr8	83722331	83722507	LTR/ERVL-MaLR	651	+	88	83722419	64384
chr8	83658035	83858035	harbor2	chr8	83722092	83722308	LTR/ERVL-MaLR	723	+	108	83722200	64165
chr8	138789940	138989940	harbor2	chr8	138813218	138813577	LTR/ERVL-MaLR	2276	+	180	138813398	23458
chr8	138789940	138989940	harbor2	chr8	138814353	138814839	LTR/ERVL-MaLR	1376	+	243	138814596	24656
chr8	138789940	138989940	harbor2	chr8	138814899	138815239	LTR/ERVL-MaLR	2316	+	170	138815069	25129
chr8	138789940	138989940	harbor2	chr8	138827210	138827535	LTR/ERVL-MaLR	1316	+	162	138827372	37432
chr8	138789940	138989940	harbor2	chr8	138883532	138883889	LTR/ERVL-MaLR	1789	+	178	138883710	93770
chr8	60394043	60594043	harbor2	chr8	60400341	60400552	LTR/ERVL-MaLR	581	+	106	60400447	6404
chr8	60394043	60594043	harbor2	chr8	60458475	60458618	LTR/ERVL-MaLR	713	+	72	60458547	64504
chr8	60394043	60594043	harbor2	chr8	60458686	60458996	LTR/ERVL-MaLR	713	+	155	60458841	64798
chr8	60394043	60594043	harbor2	chr8	60471703	60471874	LTR/ERVL-MaLR	1208	+	86	60471789	77746
chr8	60394043	60594043	harbor2	chr8	60472152	60472373	LTR/ERVL-MaLR	1208	+	110	60472262	78219
chr8	60394043	60594043	harbor2	chr8	60476296	60476849	LTR/ERVL-MaLR	864	+	276	60476572	82529
chr8	60394043	60594043	harbor2	chr8	60491219	60491548	LTR/ERVL-MaLR	1028	+	164	60491383	97340
chr8	60394043	60594043	harbor2	chr8	60493312	60493459	LTR/ERVL-MaLR	618	+	74	60493386	99343
chr8	59244790	59444790	harbor2	chr8	59336222	59336287	LTR/ERVL-MaLR	809	+	32	59336254	91464
chr8	59244790	59444790	harbor2	chr8	59336703	59337099	LTR/ERVL-MaLR	809	+	198	59336901	92111
chr8	131612658	131812658	harbor2	chr8	131624408	131624593	LTR/ERVL-MaLR	902	+	92	131624500	11842
chr8	131612658	131812658	harbor2	chr8	131687249	131687614	LTR/ERVL-MaLR	1575	+	182	131687431	74773
chr8	131612658	131812658	harbor2	chr8	131689150	131689541	LTR/ERVL-MaLR	1641	+	196	131689346	76688
chr8	70555451	70755451	harbor2	chr8	70555307	70555529	LTR/ERVL-MaLR	998	+	111	70555418	33
chr8	70555451	70755451	harbor2	chr8	70557427	70557817	LTR/ERVL-MaLR	2032	+	195	70557622	2171
chr8	70555451	70755451	harbor2	chr8	70653639	70654033	LTR/ERVL-MaLR	574	+	197	70653836	98385
chr8	111913913	112113913	harbor2	chr8	111913950	111914302	LTR/ERVL-MaLR	2429	+	176	111914126	213
chr8	111913913	112113913	harbor2	chr8	111933307	111933789	LTR/ERVL-MaLR	1452	+	241	111933548	19635
chr8	111913913	112113913	harbor2	chr8	111939658	111939968	LTR/ERVL-MaLR	481	+	155	111939813	25900
chr8	111913913	112113913	harbor2	chr8	111944448	111944495	LTR/ERVL-MaLR	1147	+	24	111944472	30559
chr8	111913913	112113913	harbor2	chr8	111945141	111945514	LTR/ERVL-MaLR	1147	+	186	111945327	31414
chr8	111913913	112113913	harbor2	chr8	111950510	111950700	LTR/ERVL-MaLR	729	+	95	111950605	36692
chr8	111913913	112113913	harbor2	chr8	111950681	111950909	LTR/ERVL-MaLR	948	+	114	111950795	36882
chr8	111913913	112113913	harbor2	chr8	111981591	111981727	LTR/ERVL-MaLR	418	+	68	111981659	67746
chr8	111913913	112113913	harbor2	chr8	112009034	112009431	LTR/ERVL-MaLR	747	+	198	112009232	95319
chr8	124440870	124640870	harbor2	chr8	124466829	124467266	LTR/ERVL-MaLR	1967	+	218	124467047	26177
chr8	124440870	124640870	harbor2	chr8	124470035	124470208	LTR/ERVL-MaLR	2136	+	86	124470121	29251
chr8	124440870	124640870	harbor2	chr8	124470488	124470710	LTR/ERVL-MaLR	2136	+	111	124470599	29729
chr8	124440870	124640870	harbor2	chr8	124470875	124471255	LTR/ERVL-MaLR	2153	+	190	124471065	30195
chr8	115792420	115992420	harbor2	chr8	115868559	115868724	LTR/ERVL-MaLR	2296	+	82	115868641	76221
chr8	115792420	115992420	harbor2	chr8	115869045	115869259	LTR/ERVL-MaLR	2296	+	107	115869152	76732
chr8	90219208	90419208	harbor2	chr8	90239362	90239989	LTR/ERVL-MaLR	2809	+	314	90239676	20468
chr8	90219208	90419208	harbor2	chr8	90274200	90274390	LTR/ERVL-MaLR	1357	+	95	90274295	55087
chr8	90219208	90419208	harbor2	chr8	90274418	90274469	LTR/ERVL-MaLR	386	+	26	90274444	55236
chr8	90219208	90419208	harbor2	chr8	90276044	90276396	LTR/ERVL-MaLR	2554	+	176	90276220	57012
chr8	90219208	90419208	harbor2	chr8	90312301	90312667	LTR/ERVL-MaLR	2058	+	183	90312484	93276
chr8	90219208	90419208	harbor2	chr8	90312808	90313308	LTR/ERVL-MaLR	1992	+	250	90313058	93850
chr8	90219208	90419208	harbor2	chr8	90274470	90276043	LTR/ERVL-MaLR	11702	+	786	90275256	56048
chr8	101635464	101835464	harbor2	chr8	101705433	101705965	LTR/ERVL-MaLR	1191	+	266	101705699	70235
chr8	101635464	101835464	harbor2	chr8	101706528	101706804	LTR/ERVL-MaLR	1141	+	138	101706666	71202
chr8	101635464	101835464	harbor2	chr8	101716632	101717129	LTR/ERVL-MaLR	1911	+	248	101716880	81416
chr8	125999393	126199393	harbor2	chr8	126000008	126000283	LTR/ERVL-MaLR	919	+	138	126000146	753
chr8	125999393	126199393	harbor2	chr8	126017418	126017783	LTR/ERVL-MaLR	2364	+	182	126017600	18207
chr8	125999393	126199393	harbor2	chr8	126039395	126039761	LTR/ERVL-MaLR	2311	+	183	126039578	40185
chr8	125999393	126199393	harbor2	chr8	126039764	126041244	LTR/ERVL-MaLR	10677	+	740	126040504	41111
chr8	125999393	126199393	harbor2	chr8	126041245	126041609	LTR/ERVL-MaLR	2317	+	182	126041427	42034
chr8	125999393	126199393	harbor2	chr8	126059169	126059297	LTR/ERVL-MaLR	1741	+	64	126059233	59840
chr8	125999393	126199393	harbor2	chr8	126059508	126059762	LTR/ERVL-MaLR	1741	+	127	126059635	60242
chr8	125999393	126199393	harbor2	chr8	126063518	126063772	LTR/ERVL-MaLR	870	+	127	126063645	64252
chr8	125999393	126199393	harbor2	chr8	126075148	126075241	LTR/ERVL-MaLR	649	+	46	126075194	75801
chr8	125999393	126199393	harbor2	chr8	126075432	126075825	LTR/ERVL-MaLR	1797	+	196	126075628	76235
chr8	119461796	119661796	harbor2	chr8	119470151	119470628	LTR/ERVL-MaLR	697	+	238	119470389	8593
chr8	119461796	119661796	harbor2	chr8	119492791	119493208	LTR/ERVL-MaLR	1693	+	208	119492999	31203
chr8	119461796	119661796	harbor2	chr8	119497526	119497662	LTR/ERVL-MaLR	818	+	68	119497594	35798
chr8	119461796	119661796	harbor2	chr8	119499622	119499848	LTR/ERVL-MaLR	1178	+	113	119499735	37939
chr8	119461796	119661796	harbor2	chr8	119536717	119537079	LTR/ERVL-MaLR	2044	+	181	119536898	75102
chr8	119461796	119661796	harbor2	chr8	119542694	119543068	LTR/ERVL-MaLR	2760	+	187	119542881	81085
chr8	119461796	119661796	harbor2	chr8	119472112	119472215	LTR/ERVL-MaLR	688	+	52	119472164	10368
chr8	109646305	109846305	harbor2	chr8	109681755	109682126	LTR/ERVL-MaLR	2602	+	186	109681941	35636
chr8	109646305	109846305	harbor2	chr8	109682127	109683694	LTR/ERVL-MaLR	10154	+	784	109682911	36606
chr8	109646305	109846305	harbor2	chr8	109683695	109684072	LTR/ERVL-MaLR	2561	+	188	109683883	37578
chr8	139336514	139536514	harbor2	chr8	139343029	139343379	LTR/ERVL-MaLR	1018	+	175	139343204	6690
chr8	139336514	139536514	harbor2	chr8	139349552	139349690	LTR/ERVL-MaLR	466	+	69	139349621	13107
chr8	139336514	139536514	harbor2	chr8	139396627	139396994	LTR/ERVL-MaLR	2324	+	184	139396811	60297
chr8	139336514	139536514	harbor2	chr8	139398252	139398637	LTR/ERVL-MaLR	1794	+	192	139398444	61930
chr8	139336514	139536514	harbor2	chr8	139398922	139398992	LTR/ERVL-MaLR	1794	+	35	139398957	62443
chr8	139336514	139536514	harbor2	chr8	139399869	139400166	LTR/ERVL-MaLR	1168	+	148	139400017	63503
chr8	139336514	139536514	harbor2	chr8	139418358	139418837	LTR/ERVL-MaLR	1142	+	240	139418598	82084
chr8	139336514	139536514	harbor2	chr8	139432582	139432984	LTR/ERVL-MaLR	1585	+	201	139432783	96269
chr8	129740478	129940478	harbor2	chr8	129806612	129807018	LTR/ERVL-MaLR	2258	+	203	129806815	66337
chr8	129740478	129940478	harbor2	chr8	129807023	129808532	LTR/ERVL-MaLR	7925	+	754	129807777	67299
chr8	129740478	129940478	harbor2	chr8	129808534	129808929	LTR/ERVL-MaLR	2123	+	198	129808732	68254
chr8	129740478	129940478	harbor2	chr8	129814955	129815316	LTR/ERVL-MaLR	2738	+	180	129815135	74657
chr8	129740478	129940478	harbor2	chr8	129822902	129823352	LTR/ERVL-MaLR	2503	+	225	129823127	82649
chr8	129740478	129940478	harbor2	chr8	129823353	129824350	LTR/ERVL-MaLR	5618	+	498	129823851	83373
chr8	129740478	129940478	harbor2	chr8	129829402	129829509	LTR/ERVL-MaLR	473	+	54	129829456	88978
chr8	129740478	129940478	harbor2	chr8	129832250	129832461	LTR/ERVL-MaLR	747	+	106	129832356	91878
chr8	129740478	129940478	harbor2	chr8	129838881	129839214	LTR/ERVL-MaLR	1867	+	166	129839047	98569
chr8	34234136	34434136	harbor2	chr8	34239611	34240074	LTR/ERVL-MaLR	1531	+	232	34239843	5707
chr8	34234136	34434136	harbor2	chr8	34271102	34271443	LTR/ERVL-MaLR	879	+	170	34271272	37136
chr8	34234136	34434136	harbor2	chr8	34279405	34279521	LTR/ERVL-MaLR	673	+	58	34279463	45327
chr8	34234136	34434136	harbor2	chr8	34279872	34280282	LTR/ERVL-MaLR	1636	+	205	34280077	45941
chr8	34234136	34434136	harbor2	chr8	34284723	34285290	LTR/ERVL-MaLR	1842	+	284	34285007	50871
chr8	34234136	34434136	harbor2	chr8	34292183	34292626	LTR/ERVL-MaLR	2090	+	222	34292405	58269
chr8	34234136	34434136	harbor2	chr8	34308325	34308709	LTR/ERVL-MaLR	1924	+	192	34308517	74381
chr8	34234136	34434136	harbor2	chr8	34318811	34318941	LTR/ERVL-MaLR	424	+	65	34318876	84740
chr8	34234136	34434136	harbor2	chr8	34321212	34321604	LTR/ERVL-MaLR	1988	+	196	34321408	87272
chr8	34234136	34434136	harbor2	chr8	34330310	34330758	LTR/ERVL-MaLR	1539	+	224	34330534	96398
chr8	34234136	34434136	harbor2	chr8	34331066	34331167	LTR/ERVL-MaLR	1539	+	50	34331116	96980
chr8	83279564	83479564	harbor2	chr8	83327403	83327497	LTR/ERVL-MaLR	509	+	47	83327450	47886
chr8	83279564	83479564	harbor2	chr8	83327788	83327920	LTR/ERVL-MaLR	509	+	66	83327854	48290
chr8	83279564	83479564	harbor2	chr8	83335244	83335617	LTR/ERVL-MaLR	2019	+	186	83335430	55866
chr8	83279564	83479564	harbor2	chr8	83343213	83343537	LTR/ERVL-MaLR	1397	+	162	83343375	63811
chr8	83279564	83479564	harbor2	chr8	83343767	83344180	LTR/ERVL-MaLR	2136	+	206	83343973	64409
chr8	134602053	134802053	harbor2	chr8	134617832	134618192	LTR/ERVL-MaLR	2854	+	180	134618012	15959
chr8	134602053	134802053	harbor2	chr8	134629359	134629478	LTR/ERVL-MaLR	584	+	60	134629419	27366
chr8	134602053	134802053	harbor2	chr8	134629479	134629848	LTR/ERVL-MaLR	1924	+	184	134629663	27610
chr8	134602053	134802053	harbor2	chr8	134629849	134629990	LTR/ERVL-MaLR	584	+	70	134629919	27866
chr8	134602053	134802053	harbor2	chr8	134649795	134650111	LTR/ERVL-MaLR	2298	+	158	134649953	47900
chr8	134602053	134802053	harbor2	chr8	134650426	134650497	LTR/ERVL-MaLR	2298	+	36	134650462	48409
chr8	134602053	134802053	harbor2	chr8	134701844	134702259	LTR/ERVL-MaLR	2594	+	208	134702052	99999
chr8	52847118	53047118	harbor2	chr8	52887869	52888191	LTR/ERVL-MaLR	1121	+	161	52888030	40912
chr8	52847118	53047118	harbor2	chr8	52891660	52892034	LTR/ERVL-MaLR	2177	+	187	52891847	44729
chr8	52847118	53047118	harbor2	chr8	52924666	52924985	LTR/ERVL-MaLR	1043	+	160	52924826	77708
chr8	52847118	53047118	harbor2	chr8	52925317	52925338	LTR/ERVL-MaLR	1043	+	10	52925327	78209
chr8	52847118	53047118	harbor2	chr8	52920169	52920675	LTR/ERVL-MaLR	1261	+	253	52920422	73304
chr8	121120761	121320761	harbor2	chr8	121129006	121129506	LTR/ERVL-MaLR	1579	+	250	121129256	8495
chr8	121120761	121320761	harbor2	chr8	121137201	121137545	LTR/ERVL-MaLR	1624	+	172	121137373	16612
chr8	121120761	121320761	harbor2	chr8	121137644	121137973	LTR/ERVL-MaLR	1646	+	164	121137808	17047
chr8	121120761	121320761	harbor2	chr8	121137974	121139390	LTR/ERVL-MaLR	9898	+	708	121138682	17921
chr8	121120761	121320761	harbor2	chr8	121139391	121139753	LTR/ERVL-MaLR	1777	+	181	121139572	18811
chr8	121120761	121320761	harbor2	chr8	121146089	121146454	LTR/ERVL-MaLR	2426	+	182	121146271	25510
chr8	121120761	121320761	harbor2	chr8	121167026	121167550	LTR/ERVL-MaLR	1349	+	262	121167288	46527
chr8	121120761	121320761	harbor2	chr8	121195676	121195881	LTR/ERVL-MaLR	697	+	102	121195778	75017
chr8	121120761	121320761	harbor2	chr8	121196609	121197024	LTR/ERVL-MaLR	963	+	208	121196817	76056
chr8	121120761	121320761	harbor2	chr8	121197075	121197379	LTR/ERVL-MaLR	1814	+	152	121197227	76466
chr8	121120761	121320761	harbor2	chr8	121197699	121197728	LTR/ERVL-MaLR	1814	+	14	121197713	76952
chr8	121120761	121320761	harbor2	chr8	121198075	121198378	LTR/ERVL-MaLR	1814	+	152	121198227	77466
chr8	121120761	121320761	harbor2	chr8	121198414	121198768	LTR/ERVL-MaLR	1103	+	177	121198591	77830
chr8	104256930	104456930	harbor2	chr8	104280874	104281175	LTR/ERVL-MaLR	1990	+	150	104281024	24094
chr8	104256930	104456930	harbor2	chr8	104308242	104308584	LTR/ERVL-MaLR	1881	+	171	104308413	51483
chr8	104256930	104456930	harbor2	chr8	104314921	104315292	LTR/ERVL-MaLR	2701	+	186	104315107	58177
chr8	104256930	104456930	harbor2	chr8	104322207	104322574	LTR/ERVL-MaLR	413	+	184	104322391	65461
chr8	104256930	104456930	harbor2	chr8	104330698	104331056	LTR/ERVL-MaLR	1919	+	179	104330877	73947
chr8	104256930	104456930	harbor2	chr8	104333491	104333986	LTR/ERVL-MaLR	2407	+	248	104333739	76809
chr8	104256930	104456930	harbor2	chr8	104343467	104343625	LTR/ERVL-MaLR	671	+	79	104343546	86616
chr8	104256930	104456930	harbor2	chr8	104343754	104343965	LTR/ERVL-MaLR	881	+	106	104343860	86930
chr8	104256930	104456930	harbor2	chr8	104347754	104348203	LTR/ERVL-MaLR	2133	+	224	104347978	91048
chr8	104199899	104399899	harbor2	chr8	104280874	104281175	LTR/ERVL-MaLR	1990	+	150	104281024	81125
chr8	138332511	138532511	harbor2	chr8	138351164	138351653	LTR/ERVL-MaLR	1854	+	244	138351408	18897
chr8	138332511	138532511	harbor2	chr8	138355852	138356225	LTR/ERVL-MaLR	1379	+	186	138356038	23527
chr8	138332511	138532511	harbor2	chr8	138366745	138367153	LTR/ERVL-MaLR	656	+	204	138366949	34438
chr8	138332511	138532511	harbor2	chr8	138390184	138390547	LTR/ERVL-MaLR	2050	+	182	138390366	57855
chr8	138332511	138532511	harbor2	chr8	138402796	138403143	LTR/ERVL-MaLR	1430	+	174	138402970	70459
chr8	138332511	138532511	harbor2	chr8	138410285	138410528	LTR/ERVL-MaLR	684	+	122	138410407	77896
chr8	138332511	138532511	harbor2	chr8	138412267	138412445	LTR/ERVL-MaLR	862	+	89	138412356	79845
chr8	135665959	135865959	harbor2	chr8	135670486	135670956	LTR/ERVL-MaLR	2152	+	235	135670721	4762
chr8	135665959	135865959	harbor2	chr8	135681836	135681928	LTR/ERVL-MaLR	466	+	46	135681882	15923
chr8	135665959	135865959	harbor2	chr8	135682138	135682194	LTR/ERVL-MaLR	466	+	28	135682166	16207
chr8	135665959	135865959	harbor2	chr8	135703267	135703655	LTR/ERVL-MaLR	1667	+	194	135703461	37502
chr8	135665959	135865959	harbor2	chr8	135704290	135704614	LTR/ERVL-MaLR	921	+	162	135704452	38493
chr8	135665959	135865959	harbor2	chr8	135706901	135707278	LTR/ERVL-MaLR	1829	+	188	135707089	41130
chr8	135665959	135865959	harbor2	chr8	135716120	135716483	LTR/ERVL-MaLR	1505	+	182	135716302	50343
chr8	135665959	135865959	harbor2	chr8	135720209	135720518	LTR/ERVL-MaLR	380	+	154	135720363	54404
chr8	135665959	135865959	harbor2	chr8	135737092	135737316	LTR/ERVL-MaLR	1773	+	112	135737204	71245
chr8	135665959	135865959	harbor2	chr8	135738614	135738770	LTR/ERVL-MaLR	1169	+	78	135738692	72733
chr8	135665959	135865959	harbor2	chr8	135739015	135739472	LTR/ERVL-MaLR	2529	+	228	135739243	73284
chr8	135665959	135865959	harbor2	chr8	135746469	135746875	LTR/ERVL-MaLR	792	+	203	135746672	80713
chr8	135665959	135865959	harbor2	chr8	135748193	135748451	LTR/ERVL-MaLR	642	+	129	135748322	82363
chr8	135665959	135865959	harbor2	chr8	135756633	135757073	LTR/ERVL-MaLR	697	+	220	135756853	90894
chr8	135665959	135865959	harbor2	chr8	135758692	135758753	LTR/ERVL-MaLR	505	+	30	135758722	92763
chr8	135665959	135865959	harbor2	chr8	135758920	135758989	LTR/ERVL-MaLR	505	+	34	135758954	92995
chr8	137010071	137210071	harbor2	chr8	137021969	137022243	LTR/ERVL-MaLR	531	+	137	137022106	12035
chr8	137010071	137210071	harbor2	chr8	137034477	137034915	LTR/ERVL-MaLR	1992	+	219	137034696	24625
chr8	137010071	137210071	harbor2	chr8	137074051	137074384	LTR/ERVL-MaLR	951	+	166	137074217	64146
chr8	137010071	137210071	harbor2	chr8	137075960	137076251	LTR/ERVL-MaLR	1515	+	146	137076106	66035
chr8	137010071	137210071	harbor2	chr8	137076255	137076607	LTR/ERVL-MaLR	1319	+	176	137076431	66360
chr8	137010071	137210071	harbor2	chr8	137076925	137077270	LTR/ERVL-MaLR	1917	+	172	137077097	67026
chr8	137010071	137210071	harbor2	chr8	137077271	137078781	LTR/ERVL-MaLR	10607	+	755	137078026	67955
chr8	137010071	137210071	harbor2	chr8	137078782	137079127	LTR/ERVL-MaLR	1829	+	172	137078954	68883
chr8	137010071	137210071	harbor2	chr8	137082168	137082531	LTR/ERVL-MaLR	2489	+	182	137082350	72279
chr8	137010071	137210071	harbor2	chr8	137103728	137103884	LTR/ERVL-MaLR	437	+	78	137103806	93735
chr8	140484073	140684073	harbor2	chr8	140566088	140566418	LTR/ERVL-MaLR	1911	+	165	140566253	82180
chr8	21130615	21330615	harbor2	chr8	21131348	21131423	LTR/ERVL-MaLR	410	+	38	21131386	771
chr8	21130615	21330615	harbor2	chr8	21131938	21131975	LTR/ERVL-MaLR	410	+	18	21131956	1341
chr8	21130615	21330615	harbor2	chr8	21157755	21158088	LTR/ERVL-MaLR	1599	+	166	21157921	27306
chr8	21130615	21330615	harbor2	chr8	21173490	21173848	LTR/ERVL-MaLR	2085	+	179	21173669	43054
chr8	21130615	21330615	harbor2	chr8	21184963	21185075	LTR/ERVL-MaLR	663	+	56	21185019	54404
chr8	21130615	21330615	harbor2	chr8	21190302	21190487	LTR/ERVL-MaLR	424	+	92	21190394	59779
chr8	21130615	21330615	harbor2	chr8	21190796	21190914	LTR/ERVL-MaLR	424	+	59	21190855	60240
chr8	21130615	21330615	harbor2	chr8	21192236	21192389	LTR/ERVL-MaLR	393	+	76	21192312	61697
chr8	21130615	21330615	harbor2	chr8	21197677	21198066	LTR/ERVL-MaLR	2001	+	194	21197871	67256
chr8	21130615	21330615	harbor2	chr8	21213351	21213817	LTR/ERVL-MaLR	850	+	233	21213584	82969
chr8	21130615	21330615	harbor2	chr8	21216096	21216685	LTR/ERVL-MaLR	788	+	294	21216390	85775
chr8	21130615	21330615	harbor2	chr8	21219024	21219430	LTR/ERVL-MaLR	1151	+	203	21219227	88612
chr8	21130615	21330615	harbor2	chr8	21219431	21219563	LTR/ERVL-MaLR	827	+	66	21219497	88882
chr8	21130615	21330615	harbor2	chr8	21219693	21220313	LTR/ERVL-MaLR	2748	+	310	21220003	89388
chr8	143066382	143266382	harbor2	chr8	143066609	143066888	LTR/ERVL-MaLR	1456	+	140	143066749	367
chr8	143066382	143266382	harbor2	chr8	143066958	143067163	LTR/ERVL-MaLR	1024	+	102	143067060	678
chr8	143066382	143266382	harbor2	chr8	143068458	143068639	LTR/ERVL-MaLR	1138	+	90	143068548	2166
chr8	143066382	143266382	harbor2	chr8	143095503	143095733	LTR/ERVL-MaLR	653	+	115	143095618	29236
chr8	143066382	143266382	harbor2	chr8	143096050	143096064	LTR/ERVL-MaLR	604	+	7	143096057	29675
chr8	143066382	143266382	harbor2	chr8	143096385	143096419	LTR/ERVL-MaLR	604	+	17	143096402	30020
chr8	143066382	143266382	harbor2	chr8	143107729	143108121	LTR/ERVL-MaLR	1643	+	196	143107925	41543
chr8	143066382	143266382	harbor2	chr8	143138883	143139144	LTR/ERVL-MaLR	746	+	130	143139013	72631
chr8	143066382	143266382	harbor2	chr8	143142086	143142328	LTR/ERVL-MaLR	479	+	121	143142207	75825
chr8	131591598	131791598	harbor2	chr8	131592375	131592716	LTR/ERVL-MaLR	2072	+	170	131592545	947
chr8	131591598	131791598	harbor2	chr8	131603029	131603470	LTR/ERVL-MaLR	597	+	220	131603249	11651
chr8	131591598	131791598	harbor2	chr8	131624408	131624593	LTR/ERVL-MaLR	902	+	92	131624500	32902
chr8	131591598	131791598	harbor2	chr8	131687249	131687614	LTR/ERVL-MaLR	1575	+	182	131687431	95833
chr8	131591598	131791598	harbor2	chr8	131689150	131689541	LTR/ERVL-MaLR	1641	+	196	131689346	97748
chr8	76612256	76812256	harbor2	chr8	76623001	76623391	LTR/ERVL-MaLR	1607	+	195	76623196	10940
chr8	76612256	76812256	harbor2	chr8	76625420	76625652	LTR/ERVL-MaLR	605	+	116	76625536	13280
chr8	76612256	76812256	harbor2	chr8	76625695	76626089	LTR/ERVL-MaLR	1145	+	197	76625892	13636
chr8	76612256	76812256	harbor2	chr8	76634057	76634414	LTR/ERVL-MaLR	2019	+	178	76634235	21979
chr8	76612256	76812256	harbor2	chr8	76639465	76639852	LTR/ERVL-MaLR	1780	+	194	76639659	27403
chr8	76612256	76812256	harbor2	chr8	76647756	76648683	LTR/ERVL-MaLR	6118	+	464	76648220	35964
chr8	76612256	76812256	harbor2	chr8	76648684	76649070	LTR/ERVL-MaLR	2116	+	193	76648877	36621
chr8	109192330	109392330	harbor2	chr8	109204695	109205128	LTR/ERVL-MaLR	1678	+	216	109204911	12581
chr8	109192330	109392330	harbor2	chr8	109226743	109227135	LTR/ERVL-MaLR	2104	+	196	109226939	34609
chr8	109192330	109392330	harbor2	chr8	109228168	109228659	LTR/ERVL-MaLR	2001	+	246	109228414	36084
chr8	109192330	109392330	harbor2	chr8	109242070	109242418	LTR/ERVL-MaLR	979	+	174	109242244	49914
chr8	109192330	109392330	harbor2	chr8	109247870	109248363	LTR/ERVL-MaLR	2083	+	246	109248116	55786
chr8	127348380	127548380	harbor2	chr8	127376990	127377461	LTR/ERVL-MaLR	1588	+	236	127377226	28846
chr8	127348380	127548380	harbor2	chr8	127385063	127385368	LTR/ERVL-MaLR	1326	+	152	127385215	36835
chr8	127348380	127548380	harbor2	chr8	127385656	127385718	LTR/ERVL-MaLR	1326	+	31	127385687	37307
chr8	127348380	127548380	harbor2	chr8	127399276	127399655	LTR/ERVL-MaLR	798	+	190	127399466	51086
chr8	127348380	127548380	harbor2	chr8	127414700	127415250	LTR/ERVL-MaLR	2619	+	275	127414975	66595
chr8	127348380	127548380	harbor2	chr8	127443494	127443859	LTR/ERVL-MaLR	965	+	182	127443676	95296
chr8	127348380	127548380	harbor2	chr8	127444128	127444545	LTR/ERVL-MaLR	1703	+	208	127444336	95956
chr8	127348380	127548380	harbor2	chr8	127444546	127446013	LTR/ERVL-MaLR	6360	+	734	127445280	96900
chr8	107925272	108125272	harbor2	chr8	108016651	108017004	LTR/ERVL-MaLR	1821	+	176	108016827	91555
chr8	107925272	108125272	harbor2	chr8	108017317	108017355	LTR/ERVL-MaLR	1821	+	19	108017336	92064
chr8	111967363	112167363	harbor2	chr8	111981591	111981727	LTR/ERVL-MaLR	418	+	68	111981659	14296
chr8	111967363	112167363	harbor2	chr8	112009034	112009431	LTR/ERVL-MaLR	747	+	198	112009232	41869
chr8	111967363	112167363	harbor2	chr8	112039999	112040249	LTR/ERVL-MaLR	548	+	125	112040124	72761
chr8	111967363	112167363	harbor2	chr8	112045216	112045697	LTR/ERVL-MaLR	1030	+	240	112045456	78093
chr8	111967363	112167363	harbor2	chr8	112062119	112062501	LTR/ERVL-MaLR	1532	+	191	112062310	94947
chr8	132968794	133168794	harbor2	chr8	132982819	132983219	LTR/ERVL-MaLR	863	+	200	132983019	14225
chr8	132968794	133168794	harbor2	chr8	133009562	133009923	LTR/ERVL-MaLR	1553	+	180	133009742	40948
chr8	63312357	63512357	harbor2	chr8	63318392	63318726	LTR/ERVL-MaLR	933	+	167	63318559	6202
chr8	63312357	63512357	harbor2	chr8	63328803	63329021	LTR/ERVL-MaLR	787	+	109	63328912	16555
chr8	63312357	63512357	harbor2	chr8	63331099	63331211	LTR/ERVL-MaLR	509	+	56	63331155	18798
chr8	63312357	63512357	harbor2	chr8	63331517	63331566	LTR/ERVL-MaLR	509	+	24	63331541	19184
chr8	63312357	63512357	harbor2	chr8	63331590	63331789	LTR/ERVL-MaLR	620	+	100	63331690	19333
chr8	63312357	63512357	harbor2	chr8	63347783	63347930	LTR/ERVL-MaLR	523	+	74	63347857	35500
chr8	63312357	63512357	harbor2	chr8	63368093	63368496	LTR/ERVL-MaLR	1184	+	202	63368295	55938
chr8	63312357	63512357	harbor2	chr8	63380638	63381021	LTR/ERVL-MaLR	1946	+	192	63380830	68473
chr8	63312357	63512357	harbor2	chr8	63381024	63382155	LTR/ERVL-MaLR	6233	+	566	63381590	69233
chr8	63312357	63512357	harbor2	chr8	63382148	63382477	LTR/ERVL-MaLR	1472	+	164	63382312	69955
chr8	63312357	63512357	harbor2	chr8	63382861	63383197	LTR/ERVL-MaLR	1510	+	168	63383029	70672
chr8	63312357	63512357	harbor2	chr8	63397798	63398261	LTR/ERVL-MaLR	2687	+	232	63398030	85673
chr8	85537303	85737303	harbor2	chr8	85544449	85544579	LTR/ERVL-MaLR	649	+	65	85544514	7211
chr8	85537303	85737303	harbor2	chr8	85610989	85611126	LTR/ERVL-MaLR	413	+	68	85611057	73754
chr8	105947177	106147177	harbor2	chr8	105986787	105987196	LTR/ERVL-MaLR	2001	+	204	105986991	39814
chr8	105947177	106147177	harbor2	chr8	105988799	105989201	LTR/ERVL-MaLR	2053	+	201	105989000	41823
chr8	105947177	106147177	harbor2	chr8	105991418	105991700	LTR/ERVL-MaLR	632	+	141	105991559	44382
chr8	105947177	106147177	harbor2	chr8	105992017	105992354	LTR/ERVL-MaLR	1093	+	168	105992185	45008
chr8	105947177	106147177	harbor2	chr8	106001858	106002025	LTR/ERVL-MaLR	459	+	84	106001942	54765
chr8	105947177	106147177	harbor2	chr8	106020053	106020149	LTR/ERVL-MaLR	1194	+	48	106020101	72924
chr8	105947177	106147177	harbor2	chr8	106020429	106020664	LTR/ERVL-MaLR	1194	+	118	106020547	73370
chr8	105947177	106147177	harbor2	chr8	106020963	106021172	LTR/ERVL-MaLR	768	+	104	106021067	73890
chr8	105947177	106147177	harbor2	chr8	106021628	106021855	LTR/ERVL-MaLR	865	+	114	106021742	74565
chr8	105947177	106147177	harbor2	chr8	106040936	106041289	LTR/ERVL-MaLR	2436	+	176	106041112	93935
chr8	105947177	106147177	harbor2	chr8	105987197	105988798	LTR/ERVL-MaLR	8436	+	800	105987997	40820
chr8	39910805	40110805	harbor2	chr8	39965544	39966003	LTR/ERVL-MaLR	1587	+	230	39965774	54969
chr8	39910805	40110805	harbor2	chr8	39986724	39986865	LTR/ERVL-MaLR	1545	+	70	39986794	75989
chr8	39910805	40110805	harbor2	chr8	39987150	39987374	LTR/ERVL-MaLR	1545	+	112	39987262	76457
chr8	39910805	40110805	harbor2	chr8	39992070	39992576	LTR/ERVL-MaLR	806	+	253	39992323	81518
chr8	39910805	40110805	harbor2	chr8	40005791	40006135	LTR/ERVL-MaLR	1338	+	172	40005963	95158
chr8	40368612	40568612	harbor2	chr8	40368438	40368849	LTR/ERVL-MaLR	3184	+	206	40368644	32
chr8	40368612	40568612	harbor2	chr8	40372375	40372739	LTR/ERVL-MaLR	2275	+	182	40372557	3945
chr8	40368612	40568612	harbor2	chr8	40384269	40384749	LTR/ERVL-MaLR	1895	+	240	40384509	15897
chr8	40368612	40568612	harbor2	chr8	40414628	40415030	LTR/ERVL-MaLR	475	+	201	40414829	46217
chr8	40368612	40568612	harbor2	chr8	40426153	40426531	LTR/ERVL-MaLR	2015	+	189	40426342	57730
chr8	40368612	40568612	harbor2	chr8	40459176	40459423	LTR/ERVL-MaLR	490	+	124	40459300	90688
chr8	40368612	40568612	harbor2	chr8	40461284	40461505	LTR/ERVL-MaLR	393	+	110	40461394	92782
chr8	128058087	128258087	harbor2	chr8	128066237	128066528	LTR/ERVL-MaLR	582	+	146	128066383	8296
chr8	128058087	128258087	harbor2	chr8	128082758	128083003	LTR/ERVL-MaLR	686	+	122	128082880	24793
chr8	128058087	128258087	harbor2	chr8	128084987	128085089	LTR/ERVL-MaLR	391	+	51	128085038	26951
chr8	128058087	128258087	harbor2	chr8	128085091	128085443	LTR/ERVL-MaLR	573	+	176	128085267	27180
chr8	128058087	128258087	harbor2	chr8	128102860	128103300	LTR/ERVL-MaLR	1925	+	220	128103080	44993
chr8	128058087	128258087	harbor2	chr8	128109990	128110289	LTR/ERVL-MaLR	572	+	150	128110140	52053
chr8	128058087	128258087	harbor2	chr8	128115907	128115958	LTR/ERVL-MaLR	446	+	26	128115933	57846
chr8	128058087	128258087	harbor2	chr8	128116219	128116371	LTR/ERVL-MaLR	559	+	76	128116295	58208
chr8	128058087	128258087	harbor2	chr8	128116667	128116892	LTR/ERVL-MaLR	559	+	112	128116779	58692
chr8	128058087	128258087	harbor2	chr8	128120229	128120649	LTR/ERVL-MaLR	1040	+	210	128120439	62352
chr8	128058087	128258087	harbor2	chr8	128126629	128126938	LTR/ERVL-MaLR	505	+	154	128126783	68696
chr8	128058087	128258087	harbor2	chr8	128131687	128131933	LTR/ERVL-MaLR	565	+	123	128131810	73723
chr8	128058087	128258087	harbor2	chr8	128132001	128132445	LTR/ERVL-MaLR	1630	+	222	128132223	74136
chr8	86639356	86839356	harbor2	chr8	86671396	86672069	LTR/ERVL-MaLR	1476	+	336	86671732	32376
chr8	86639356	86839356	harbor2	chr8	86676703	86676829	LTR/ERVL-MaLR	641	+	63	86676766	37410
chr8	86639356	86839356	harbor2	chr8	86677004	86677275	LTR/ERVL-MaLR	1180	+	136	86677140	37784
chr8	86639356	86839356	harbor2	chr8	86679347	86679514	LTR/ERVL-MaLR	1274	+	84	86679431	40075
chr8	86639356	86839356	harbor2	chr8	86679826	86680097	LTR/ERVL-MaLR	1274	+	136	86679962	40606
chr8	86639356	86839356	harbor2	chr8	86705415	86705608	LTR/ERVL-MaLR	1031	+	96	86705511	66155
chr8	2430297	2630297	harbor2	chr8	2462517	2462873	LTR/ERVL-MaLR	1198	+	178	2462695	32398
chr8	83716537	83916537	harbor2	chr8	83722331	83722507	LTR/ERVL-MaLR	651	+	88	83722419	5882
chr8	83716537	83916537	harbor2	chr8	83763452	83763998	LTR/ERVL-MaLR	709	+	273	83763725	47188
chr8	83716537	83916537	harbor2	chr8	83779865	83780249	LTR/ERVL-MaLR	2276	+	192	83780057	63520
chr8	83716537	83916537	harbor2	chr8	83784257	83784612	LTR/ERVL-MaLR	2026	+	178	83784435	67898
chr8	83716537	83916537	harbor2	chr8	83722092	83722308	LTR/ERVL-MaLR	723	+	108	83722200	5663
chr8	103245934	103445934	harbor2	chr8	103247590	103247959	LTR/ERVL-MaLR	1849	+	184	103247774	1840
chr8	103245934	103445934	harbor2	chr8	103270200	103270571	LTR/ERVL-MaLR	1822	+	186	103270386	24452
chr8	103245934	103445934	harbor2	chr8	103270572	103272190	LTR/ERVL-MaLR	10687	+	809	103271381	25447
chr8	103245934	103445934	harbor2	chr8	103272192	103272573	LTR/ERVL-MaLR	2140	+	190	103272382	26448
chr8	103245934	103445934	harbor2	chr8	103281522	103281978	LTR/ERVL-MaLR	1786	+	228	103281750	35816
chr8	143741575	143941575	harbor2	chr8	143763418	143763824	LTR/ERVL-MaLR	2274	+	203	143763621	22046
chr8	143741575	143941575	harbor2	chr8	143784161	143784539	LTR/ERVL-MaLR	2376	+	189	143784350	42775
chr8	143741575	143941575	harbor2	chr8	143834027	143834590	LTR/ERVL-MaLR	2100	+	282	143834309	92734
chr8	123036703	123236703	harbor2	chr8	123050691	123050847	LTR/ERVL-MaLR	1625	+	78	123050769	14066
chr8	123036703	123236703	harbor2	chr8	123051450	123051688	LTR/ERVL-MaLR	1625	+	119	123051569	14866
chr8	123036703	123236703	harbor2	chr8	123052002	123052062	LTR/ERVL-MaLR	1625	+	30	123052032	15329
chr8	123036703	123236703	harbor2	chr8	123054131	123054428	LTR/ERVL-MaLR	1573	+	148	123054279	17576
chr8	123036703	123236703	harbor2	chr8	123065447	123065825	LTR/ERVL-MaLR	683	+	189	123065636	28933
chr8	123036703	123236703	harbor2	chr8	123066792	123066859	LTR/ERVL-MaLR	394	+	34	123066826	30123
chr8	123036703	123236703	harbor2	chr8	123071393	123071873	LTR/ERVL-MaLR	1119	+	240	123071633	34930
chr8	123036703	123236703	harbor2	chr8	123121391	123121786	LTR/ERVL-MaLR	2076	+	198	123121589	84886
chr8	65537470	65737470	harbor2	chr8	65537213	65537620	LTR/ERVL-MaLR	2441	+	204	65537417	53
chr8	65537470	65737470	harbor2	chr8	65550305	65550930	LTR/ERVL-MaLR	1571	+	312	65550617	13147
chr8	65537470	65737470	harbor2	chr8	65568494	65568723	LTR/ERVL-MaLR	621	+	114	65568608	31138
chr8	65537470	65737470	harbor2	chr8	65574119	65574529	LTR/ERVL-MaLR	2857	+	205	65574324	36854
chr8	131166543	131366543	harbor2	chr8	131167614	131168049	LTR/ERVL-MaLR	2009	+	218	131167832	1289
chr8	131166543	131366543	harbor2	chr8	131185062	131185470	LTR/ERVL-MaLR	1965	+	204	131185266	18723
chr8	131166543	131366543	harbor2	chr8	131191492	131191665	LTR/ERVL-MaLR	568	+	86	131191578	25035
chr8	131166543	131366543	harbor2	chr8	131192404	131192546	LTR/ERVL-MaLR	841	+	71	131192475	25932
chr8	131166543	131366543	harbor2	chr8	131200472	131200871	LTR/ERVL-MaLR	2141	+	200	131200672	34129
chr8	131166543	131366543	harbor2	chr8	131200872	131201914	LTR/ERVL-MaLR	5522	+	521	131201393	34850
chr8	131166543	131366543	harbor2	chr8	131201927	131202188	LTR/ERVL-MaLR	1483	+	130	131202057	35514
chr8	131166543	131366543	harbor2	chr8	131247595	131247951	LTR/ERVL-MaLR	2618	+	178	131247773	81230
chr8	131166543	131366543	harbor2	chr8	131185473	131186923	LTR/ERVL-MaLR	7225	+	725	131186198	19655
chr8	78564748	78764748	harbor2	chr8	78637530	78637929	LTR/ERVL-MaLR	709	+	200	78637730	72982
chr8	128928583	129128583	harbor2	chr8	128940206	128940425	LTR/ERVL-MaLR	424	+	110	128940316	11733
chr8	128928583	129128583	harbor2	chr8	128945167	128945559	LTR/ERVL-MaLR	1555	+	196	128945363	16780
chr8	128928583	129128583	harbor2	chr8	128952959	128953525	LTR/ERVL-MaLR	1203	+	283	128953242	24659
chr8	128928583	129128583	harbor2	chr8	128987575	128987943	LTR/ERVL-MaLR	1613	+	184	128987759	59176
chr8	128928583	129128583	harbor2	chr8	128990495	128990865	LTR/ERVL-MaLR	1338	+	185	128990680	62097
chr8	128928583	129128583	harbor2	chr8	129009115	129009248	LTR/ERVL-MaLR	552	+	66	129009181	80598
chr8	128928583	129128583	harbor2	chr8	129009275	129009636	LTR/ERVL-MaLR	1379	+	180	129009455	80872
chr8	128928583	129128583	harbor2	chr8	129015837	129016092	LTR/ERVL-MaLR	1331	+	128	129015965	87382
chr8	128928583	129128583	harbor2	chr8	129016301	129016640	LTR/ERVL-MaLR	1787	+	170	129016471	87888
chr8	128928583	129128583	harbor2	chr8	129021404	129021713	LTR/ERVL-MaLR	1698	+	154	129021558	92975
chr8	128928583	129128583	harbor2	chr8	129022568	129022937	LTR/ERVL-MaLR	2138	+	184	129022752	94169
chr8	128928583	129128583	harbor2	chr8	129024517	129024884	LTR/ERVL-MaLR	2080	+	184	129024701	96118
chr8	128928583	129128583	harbor2	chr8	128941779	128942182	LTR/ERVL-MaLR	2368	+	202	128941981	13398
chr8	128928583	129128583	harbor2	chr8	129022938	129024500	LTR/ERVL-MaLR	11326	+	781	129023719	95136
chr8	53435652	53635652	harbor2	chr8	53478894	53479319	LTR/ERVL-MaLR	2677	+	212	53479106	43454
chr8	53435652	53635652	harbor2	chr8	53480889	53481274	LTR/ERVL-MaLR	1798	+	192	53481081	45429
chr8	53435652	53635652	harbor2	chr8	53498555	53499024	LTR/ERVL-MaLR	2183	+	234	53498789	63137
chr8	53435652	53635652	harbor2	chr8	53515972	53516343	LTR/ERVL-MaLR	557	+	186	53516158	80506
chr8	53435652	53635652	harbor2	chr8	53519807	53520189	LTR/ERVL-MaLR	703	+	191	53519998	84346
chr8	31978400	32178400	harbor2	chr8	31993367	31993724	LTR/ERVL-MaLR	2023	+	178	31993545	15145
chr8	31978400	32178400	harbor2	chr8	32001165	32001524	LTR/ERVL-MaLR	2501	+	180	32001345	22945
chr8	31978400	32178400	harbor2	chr8	32006481	32006958	LTR/ERVL-MaLR	1806	+	238	32006719	28319
chr8	31978400	32178400	harbor2	chr8	32014687	32015142	LTR/ERVL-MaLR	2018	+	228	32014915	36515
chr8	31978400	32178400	harbor2	chr8	32078099	32078494	LTR/ERVL-MaLR	2005	+	198	32078297	99897
chr8	97173533	97373533	harbor2	chr8	97182378	97182556	LTR/ERVL-MaLR	451	+	89	97182467	8934
chr8	97173533	97373533	harbor2	chr8	97193393	97193811	LTR/ERVL-MaLR	2015	+	209	97193602	20069
chr8	97173533	97373533	harbor2	chr8	97221539	97221972	LTR/ERVL-MaLR	1385	+	216	97221755	48222
chr8	97173533	97373533	harbor2	chr8	97230523	97230676	LTR/ERVL-MaLR	840	+	76	97230599	57066
chr8	97173533	97373533	harbor2	chr8	97231216	97231467	LTR/ERVL-MaLR	1356	+	126	97231342	57809
chr8	97173533	97373533	harbor2	chr8	97242272	97242644	LTR/ERVL-MaLR	799	+	186	97242458	68925
chr8	97173533	97373533	harbor2	chr8	97246592	97247016	LTR/ERVL-MaLR	2278	+	212	97246804	73271
chr8	97173533	97373533	harbor2	chr8	97261636	97262045	LTR/ERVL-MaLR	994	+	204	97261840	88307
chr8	97173533	97373533	harbor2	chr8	97264337	97264825	LTR/ERVL-MaLR	1092	+	244	97264581	91048
chr8	97173533	97373533	harbor2	chr8	97269598	97269910	LTR/ERVL-MaLR	437	+	156	97269754	96221
chr8	97173533	97373533	harbor2	chr8	97272080	97272265	LTR/ERVL-MaLR	1954	+	92	97272172	98639
chr8	97173533	97373533	harbor2	chr8	97272323	97272504	LTR/ERVL-MaLR	1954	+	90	97272413	98880
chr8	122992816	123192816	harbor2	chr8	122997406	122997646	LTR/ERVL-MaLR	417	+	120	122997526	4710
chr8	122992816	123192816	harbor2	chr8	123004177	123004417	LTR/ERVL-MaLR	809	+	120	123004297	11481
chr8	122992816	123192816	harbor2	chr8	123004789	123004879	LTR/ERVL-MaLR	535	+	45	123004834	12018
chr8	122992816	123192816	harbor2	chr8	123005206	123005296	LTR/ERVL-MaLR	535	+	45	123005251	12435
chr8	122992816	123192816	harbor2	chr8	123008957	123009076	LTR/ERVL-MaLR	374	+	60	123009017	16201
chr8	122992816	123192816	harbor2	chr8	123050691	123050847	LTR/ERVL-MaLR	1625	+	78	123050769	57953
chr8	122992816	123192816	harbor2	chr8	123051450	123051688	LTR/ERVL-MaLR	1625	+	119	123051569	58753
chr8	122992816	123192816	harbor2	chr8	123052002	123052062	LTR/ERVL-MaLR	1625	+	30	123052032	59216
chr8	122992816	123192816	harbor2	chr8	123054131	123054428	LTR/ERVL-MaLR	1573	+	148	123054279	61463
chr8	122992816	123192816	harbor2	chr8	123065447	123065825	LTR/ERVL-MaLR	683	+	189	123065636	72820
chr8	122992816	123192816	harbor2	chr8	123066792	123066859	LTR/ERVL-MaLR	394	+	34	123066826	74010
chr8	122992816	123192816	harbor2	chr8	123071393	123071873	LTR/ERVL-MaLR	1119	+	240	123071633	78817
chr8	144913422	145113422	harbor2	chr8	144913074	144913439	LTR/ERVL-MaLR	2505	+	182	144913256	166
chr8	144913422	145113422	harbor2	chr8	144948802	144949111	LTR/ERVL-MaLR	734	+	154	144948956	35534
chr8	144913422	145113422	harbor2	chr8	144951783	144952054	LTR/ERVL-MaLR	2170	+	136	144951919	38497
chr8	144913422	145113422	harbor2	chr8	144983181	144983593	LTR/ERVL-MaLR	2791	+	206	144983387	69965
chr8	144913422	145113422	harbor2	chr8	144984151	144984511	LTR/ERVL-MaLR	2033	+	180	144984331	70909
chr8	122624213	122824213	harbor2	chr8	122640811	122640988	LTR/ERVL-MaLR	622	+	88	122640899	16686
chr8	122624213	122824213	harbor2	chr8	122641044	122641149	LTR/ERVL-MaLR	436	+	52	122641096	16883
chr8	122624213	122824213	harbor2	chr8	122653795	122654197	LTR/ERVL-MaLR	2298	+	201	122653996	29783
chr8	122624213	122824213	harbor2	chr8	122655852	122656407	LTR/ERVL-MaLR	1894	+	278	122656130	31917
chr8	122624213	122824213	harbor2	chr8	122661980	122662404	LTR/ERVL-MaLR	2811	+	212	122662192	37979
chr8	122624213	122824213	harbor2	chr8	122663985	122664476	LTR/ERVL-MaLR	833	+	246	122664231	40018
chr8	122624213	122824213	harbor2	chr8	122666607	122666821	LTR/ERVL-MaLR	849	+	107	122666714	42501
chr8	122624213	122824213	harbor2	chr8	122675295	122675382	LTR/ERVL-MaLR	463	+	44	122675339	51126
chr8	122624213	122824213	harbor2	chr8	122679373	122679741	LTR/ERVL-MaLR	1940	+	184	122679557	55344
chr8	122624213	122824213	harbor2	chr8	122685817	122686112	LTR/ERVL-MaLR	791	+	148	122685965	61752
chr8	122624213	122824213	harbor2	chr8	122699535	122699754	LTR/ERVL-MaLR	551	+	110	122699645	75432
chr8	122624213	122824213	harbor2	chr8	122700445	122700669	LTR/ERVL-MaLR	1356	+	112	122700557	76344
chr8	122624213	122824213	harbor2	chr8	122711140	122711496	LTR/ERVL-MaLR	2566	+	178	122711318	87105
chr8	122624213	122824213	harbor2	chr8	122711497	122711859	LTR/ERVL-MaLR	11525	+	181	122711678	87465
chr8	122624213	122824213	harbor2	chr8	122712172	122713391	LTR/ERVL-MaLR	11525	+	610	122712782	88569
chr8	122624213	122824213	harbor2	chr8	122713392	122713745	LTR/ERVL-MaLR	2770	+	176	122713568	89355
chr8	122624213	122824213	harbor2	chr8	122718270	122718371	LTR/ERVL-MaLR	405	+	50	122718320	94107
chr8	122624213	122824213	harbor2	chr8	122718510	122718856	LTR/ERVL-MaLR	2565	+	173	122718683	94470
chr8	122624213	122824213	harbor2	chr8	122718857	122719145	LTR/ERVL-MaLR	2225	+	144	122719001	94788
chr8	122624213	122824213	harbor2	chr8	122719144	122719374	LTR/ERVL-MaLR	1656	+	115	122719259	95046
chr8	122624213	122824213	harbor2	chr8	122719375	122719510	LTR/ERVL-MaLR	474	+	68	122719443	95230
chr8	122624213	122824213	harbor2	chr8	122715620	122716192	LTR/ERVL-MaLR	1430	+	286	122715906	91693
chr8	131606213	131806213	harbor2	chr8	131624408	131624593	LTR/ERVL-MaLR	902	+	92	131624500	18287
chr8	131606213	131806213	harbor2	chr8	131687249	131687614	LTR/ERVL-MaLR	1575	+	182	131687431	81218
chr8	131606213	131806213	harbor2	chr8	131689150	131689541	LTR/ERVL-MaLR	1641	+	196	131689346	83133
chr8	118419566	118619566	harbor2	chr8	118441665	118442181	LTR/ERVL-MaLR	1890	+	258	118441923	22357
chr8	118419566	118619566	harbor2	chr8	118450642	118450871	LTR/ERVL-MaLR	542	+	114	118450756	31190
chr8	118419566	118619566	harbor2	chr8	118451906	118452271	LTR/ERVL-MaLR	1147	+	182	118452088	32522
chr8	118419566	118619566	harbor2	chr8	118474763	118474956	LTR/ERVL-MaLR	2347	+	96	118474859	55293
chr8	118419566	118619566	harbor2	chr8	118475268	118475501	LTR/ERVL-MaLR	2347	+	116	118475384	55818
chr8	118419566	118619566	harbor2	chr8	118485976	118486132	LTR/ERVL-MaLR	1539	+	78	118486054	66488
chr8	118419566	118619566	harbor2	chr8	118486427	118486716	LTR/ERVL-MaLR	1539	+	144	118486571	67005
chr8	118419566	118619566	harbor2	chr8	118493479	118493631	LTR/ERVL-MaLR	1772	+	76	118493555	73989
chr8	118419566	118619566	harbor2	chr8	118494075	118494391	LTR/ERVL-MaLR	1772	+	158	118494233	74667
chr8	118419566	118619566	harbor2	chr8	118504510	118504876	LTR/ERVL-MaLR	910	+	183	118504693	85127
chr8	118419566	118619566	harbor2	chr8	118504987	118505104	LTR/ERVL-MaLR	532	+	58	118505045	85479
chr8	118419566	118619566	harbor2	chr8	118512252	118512465	LTR/ERVL-MaLR	409	+	106	118512358	92792
chr8	118419566	118619566	harbor2	chr8	118514841	118515000	LTR/ERVL-MaLR	1906	+	80	118514921	95355
chr8	118419566	118619566	harbor2	chr8	118515295	118515523	LTR/ERVL-MaLR	1906	+	114	118515409	95843
chr8	118419566	118619566	harbor2	chr8	118505348	118505759	LTR/ERVL-MaLR	439	+	206	118505554	85988
chr8	113712483	113912483	harbor2	chr8	113738018	113738403	LTR/ERVL-MaLR	1383	+	192	113738210	25727
chr8	113712483	113912483	harbor2	chr8	113757392	113757743	LTR/ERVL-MaLR	2686	+	176	113757568	45085
chr8	113712483	113912483	harbor2	chr8	113757879	113758330	LTR/ERVL-MaLR	645	+	226	113758105	45622
chr8	113712483	113912483	harbor2	chr8	113768519	113768885	LTR/ERVL-MaLR	2126	+	183	113768702	56219
chr8	113712483	113912483	harbor2	chr8	113768888	113770455	LTR/ERVL-MaLR	10760	+	784	113769672	57189
chr8	113712483	113912483	harbor2	chr8	113787591	113787741	LTR/ERVL-MaLR	462	+	75	113787666	75183
chr8	113712483	113912483	harbor2	chr8	113787829	113787938	LTR/ERVL-MaLR	405	+	54	113787883	75400
chr8	113712483	113912483	harbor2	chr8	113806204	113806752	LTR/ERVL-MaLR	1321	+	274	113806478	93995
chr8	113712483	113912483	harbor2	chr8	113753957	113754333	LTR/ERVL-MaLR	2004	+	188	113754145	41662
chr8	113712483	113912483	harbor2	chr8	113770456	113770821	LTR/ERVL-MaLR	2099	+	182	113770638	58155
chr8	85482121	85682121	harbor2	chr8	85544449	85544579	LTR/ERVL-MaLR	649	+	65	85544514	62393
chr8	115793057	115993057	harbor2	chr8	115868559	115868724	LTR/ERVL-MaLR	2296	+	82	115868641	75584
chr8	115793057	115993057	harbor2	chr8	115869045	115869259	LTR/ERVL-MaLR	2296	+	107	115869152	76095
chr8	137851357	138051357	harbor2	chr8	137862083	137862184	LTR/ERVL-MaLR	383	+	50	137862133	10776
chr8	137851357	138051357	harbor2	chr8	137866856	137867121	LTR/ERVL-MaLR	1401	+	132	137866988	15631
chr8	137851357	138051357	harbor2	chr8	137867124	137868496	LTR/ERVL-MaLR	9747	+	686	137867810	16453
chr8	137851357	138051357	harbor2	chr8	137868499	137868839	LTR/ERVL-MaLR	1974	+	170	137868669	17312
chr8	137851357	138051357	harbor2	chr8	137873961	137874101	LTR/ERVL-MaLR	691	+	70	137874031	22674
chr8	137851357	138051357	harbor2	chr8	137874642	137874908	LTR/ERVL-MaLR	1013	+	133	137874775	23418
chr8	137851357	138051357	harbor2	chr8	137881515	137881861	LTR/ERVL-MaLR	1870	+	173	137881688	30331
chr8	137851357	138051357	harbor2	chr8	137881862	137883367	LTR/ERVL-MaLR	10154	+	752	137882614	31257
chr8	137851357	138051357	harbor2	chr8	137883370	137883745	LTR/ERVL-MaLR	2084	+	188	137883558	32201
chr8	137851357	138051357	harbor2	chr8	137888597	137888951	LTR/ERVL-MaLR	2651	+	177	137888774	37417
chr8	137851357	138051357	harbor2	chr8	137918292	137918670	LTR/ERVL-MaLR	1200	+	189	137918481	67124
chr8	137851357	138051357	harbor2	chr8	137918671	137918890	LTR/ERVL-MaLR	1753	+	110	137918781	67424
chr8	137851357	138051357	harbor2	chr8	137918891	137918944	LTR/ERVL-MaLR	2087	+	26	137918917	67560
chr8	137851357	138051357	harbor2	chr8	137919237	137919555	LTR/ERVL-MaLR	2087	+	159	137919396	68039
chr8	137851357	138051357	harbor2	chr8	137919556	137919698	LTR/ERVL-MaLR	1753	+	71	137919627	68270
chr8	137851357	138051357	harbor2	chr8	137922234	137922665	LTR/ERVL-MaLR	977	+	216	137922450	71093
chr8	137851357	138051357	harbor2	chr8	137924208	137924509	LTR/ERVL-MaLR	1327	+	150	137924358	73001
chr8	137851357	138051357	harbor2	chr8	137927292	137927593	LTR/ERVL-MaLR	674	+	150	137927442	76085
chr8	87673781	87873781	harbor2	chr8	87682136	87682433	LTR/ERVL-MaLR	1702	+	148	87682284	8503
chr8	87673781	87873781	harbor2	chr8	87688364	87688794	LTR/ERVL-MaLR	931	+	215	87688579	14798
chr8	87673781	87873781	harbor2	chr8	87717162	87717405	LTR/ERVL-MaLR	1158	+	122	87717284	43503
chr8	87673781	87873781	harbor2	chr8	87727377	87727726	LTR/ERVL-MaLR	2060	+	174	87727551	53770
chr8	133694195	133894195	harbor2	chr8	133700821	133701000	LTR/ERVL-MaLR	528	+	90	133700911	6716
chr8	133694195	133894195	harbor2	chr8	133701038	133701226	LTR/ERVL-MaLR	428	+	94	133701132	6937
chr8	133694195	133894195	harbor2	chr8	133710646	133710949	LTR/ERVL-MaLR	424	+	152	133710798	16603
chr8	133694195	133894195	harbor2	chr8	133714600	133714835	LTR/ERVL-MaLR	608	+	118	133714718	20523
chr8	133694195	133894195	harbor2	chr8	133716963	133717555	LTR/ERVL-MaLR	1012	+	296	133717259	23064
chr8	133694195	133894195	harbor2	chr8	133721246	133721609	LTR/ERVL-MaLR	2889	+	182	133721428	27233
chr8	133694195	133894195	harbor2	chr8	133722568	133722872	LTR/ERVL-MaLR	593	+	152	133722720	28525
chr8	133694195	133894195	harbor2	chr8	133725267	133725568	LTR/ERVL-MaLR	1007	+	150	133725417	31222
chr8	133694195	133894195	harbor2	chr8	133739836	133740176	LTR/ERVL-MaLR	1654	+	170	133740006	45811
chr8	133694195	133894195	harbor2	chr8	133740643	133740891	LTR/ERVL-MaLR	449	+	124	133740767	46572
chr8	133694195	133894195	harbor2	chr8	133747194	133747587	LTR/ERVL-MaLR	2135	+	196	133747390	53195
chr8	133694195	133894195	harbor2	chr8	133750419	133750453	LTR/ERVL-MaLR	1441	+	17	133750436	56241
chr8	133694195	133894195	harbor2	chr8	133750764	133751102	LTR/ERVL-MaLR	1441	+	169	133750933	56738
chr8	133694195	133894195	harbor2	chr8	133774252	133774722	LTR/ERVL-MaLR	2239	+	235	133774487	80292
chr8	133694195	133894195	harbor2	chr8	133789873	133790364	LTR/ERVL-MaLR	1680	+	246	133790119	95924
chr8	133694195	133894195	harbor2	chr8	133709311	133709849	LTR/ERVL-MaLR	1192	+	269	133709580	15385
chr8	28051271	28251271	harbor2	chr8	28052313	28052718	LTR/ERVL-MaLR	1417	+	202	28052515	1244
chr8	28051271	28251271	harbor2	chr8	28066880	28067268	LTR/ERVL-MaLR	486	+	194	28067074	15803
chr8	28051271	28251271	harbor2	chr8	28148850	28149196	LTR/ERVL-MaLR	1555	+	173	28149023	97752
chr8	81433329	81633329	harbor2	chr8	81439807	81440175	LTR/ERVL-MaLR	1976	+	184	81439991	6662
chr8	81433329	81633329	harbor2	chr8	81471442	81471781	LTR/ERVL-MaLR	1528	+	170	81471612	38283
chr8	81433329	81633329	harbor2	chr8	81530598	81530856	LTR/ERVL-MaLR	1006	+	129	81530727	97398
chr8	13813751	14013751	harbor2	chr8	13843903	13844064	LTR/ERVL-MaLR	630	+	80	13843983	30232
chr8	13813751	14013751	harbor2	chr8	13846218	13846572	LTR/ERVL-MaLR	2248	+	177	13846395	32644
chr8	69729267	69929267	harbor2	chr8	69733523	69733889	LTR/ERVL-MaLR	1935	+	183	69733706	4439
chr8	141717402	141917402	harbor2	chr8	141731077	141731285	LTR/ERVL-MaLR	516	+	104	141731181	13779
chr8	141717402	141917402	harbor2	chr8	141734444	141734852	LTR/ERVL-MaLR	1109	+	204	141734648	17246
chr8	141717402	141917402	harbor2	chr8	141770285	141770666	LTR/ERVL-MaLR	726	+	190	141770475	53073
chr8	141717402	141917402	harbor2	chr8	141778342	141778729	LTR/ERVL-MaLR	1196	+	194	141778536	61134
chr8	141717402	141917402	harbor2	chr8	141794531	141794903	LTR/ERVL-MaLR	1107	+	186	141794717	77315
chr8	141717402	141917402	harbor2	chr8	141805312	141805463	LTR/ERVL-MaLR	392	+	76	141805388	87986
chr8	141717402	141917402	harbor2	chr8	141805572	141805797	LTR/ERVL-MaLR	724	+	112	141805684	88282
chr8	137187072	137387072	harbor2	chr8	137203780	137204146	LTR/ERVL-MaLR	2247	+	183	137203963	16891
chr8	137187072	137387072	harbor2	chr8	137239929	137240319	LTR/ERVL-MaLR	1162	+	195	137240124	53052
chr8	137187072	137387072	harbor2	chr8	137246908	137247022	LTR/ERVL-MaLR	411	+	57	137246965	59893
chr8	137187072	137387072	harbor2	chr8	137251334	137251625	LTR/ERVL-MaLR	975	+	146	137251480	64408
chr8	137187072	137387072	harbor2	chr8	137260188	137260304	LTR/ERVL-MaLR	473	+	58	137260246	73174
chr8	112812475	113012475	harbor2	chr8	112828291	112828673	LTR/ERVL-MaLR	1507	+	191	112828482	16007
chr8	112812475	113012475	harbor2	chr8	112829348	112829503	LTR/ERVL-MaLR	792	+	78	112829426	16951
chr8	112812475	113012475	harbor2	chr8	112832203	112832842	LTR/ERVL-MaLR	3238	+	320	112832523	20048
chr8	112812475	113012475	harbor2	chr8	112835794	112836207	LTR/ERVL-MaLR	902	+	206	112836000	23525
chr8	112812475	113012475	harbor2	chr8	112836285	112836581	LTR/ERVL-MaLR	512	+	148	112836433	23958
chr8	112812475	113012475	harbor2	chr8	112843181	112843365	LTR/ERVL-MaLR	621	+	92	112843273	30798
chr8	112812475	113012475	harbor2	chr8	112843406	112843950	LTR/ERVL-MaLR	1111	+	272	112843678	31203
chr8	112812475	113012475	harbor2	chr8	112844317	112844523	LTR/ERVL-MaLR	379	+	103	112844420	31945
chr8	112812475	113012475	harbor2	chr8	112896002	112896477	LTR/ERVL-MaLR	1168	+	238	112896240	83765
chr8	112812475	113012475	harbor2	chr8	112905846	112906194	LTR/ERVL-MaLR	1047	+	174	112906020	93545
chr8	136759594	136959594	harbor2	chr8	136760132	136760309	LTR/ERVL-MaLR	466	+	88	136760220	626
chr8	136759594	136959594	harbor2	chr8	136760356	136760554	LTR/ERVL-MaLR	773	+	99	136760455	861
chr8	136759594	136959594	harbor2	chr8	136775168	136775562	LTR/ERVL-MaLR	817	+	197	136775365	15771
chr8	136759594	136959594	harbor2	chr8	136783322	136783741	LTR/ERVL-MaLR	2178	+	210	136783532	23938
chr8	136759594	136959594	harbor2	chr8	136788317	136788680	LTR/ERVL-MaLR	1879	+	182	136788499	28905
chr8	136759594	136959594	harbor2	chr8	136797072	136797452	LTR/ERVL-MaLR	1783	+	190	136797262	37668
chr8	136759594	136959594	harbor2	chr8	136819733	136820095	LTR/ERVL-MaLR	2571	+	181	136819914	60320
chr8	136759594	136959594	harbor2	chr8	136823271	136823598	LTR/ERVL-MaLR	1724	+	164	136823435	63841
chr8	133392409	133592409	harbor2	chr8	133394594	133394678	LTR/ERVL-MaLR	1372	+	42	133394636	2227
chr8	133392409	133592409	harbor2	chr8	133394976	133395200	LTR/ERVL-MaLR	1372	+	112	133395088	2679
chr8	133392409	133592409	harbor2	chr8	133395519	133395634	LTR/ERVL-MaLR	1372	+	58	133395577	3168
chr8	133392409	133592409	harbor2	chr8	133401975	133402287	LTR/ERVL-MaLR	847	+	156	133402131	9722
chr8	133392409	133592409	harbor2	chr8	133409740	133409821	LTR/ERVL-MaLR	1862	+	40	133409780	17371
chr8	133392409	133592409	harbor2	chr8	133410129	133410178	LTR/ERVL-MaLR	1862	+	24	133410153	17744
chr8	133392409	133592409	harbor2	chr8	133410535	133410880	LTR/ERVL-MaLR	1862	+	172	133410707	18298
chr8	133392409	133592409	harbor2	chr8	133418349	133418510	LTR/ERVL-MaLR	856	+	80	133418429	26020
chr8	133392409	133592409	harbor2	chr8	133420907	133421012	LTR/ERVL-MaLR	2368	+	52	133420959	28550
chr8	133392409	133592409	harbor2	chr8	133421320	133421737	LTR/ERVL-MaLR	2368	+	208	133421528	29119
chr8	133392409	133592409	harbor2	chr8	133425183	133425370	LTR/ERVL-MaLR	2552	+	94	133425277	32868
chr8	133392409	133592409	harbor2	chr8	133425682	133425870	LTR/ERVL-MaLR	2552	+	94	133425776	33367
chr8	133392409	133592409	harbor2	chr8	133431498	133431853	LTR/ERVL-MaLR	814	+	178	133431676	39267
chr8	133392409	133592409	harbor2	chr8	133432868	133433426	LTR/ERVL-MaLR	1447	+	279	133433147	40738
chr8	133392409	133592409	harbor2	chr8	133474962	133475430	LTR/ERVL-MaLR	1390	+	234	133475196	82787
chr8	124291924	124491924	harbor2	chr8	124293600	124293820	LTR/ERVL-MaLR	488	+	110	124293710	1786
chr8	124291924	124491924	harbor2	chr8	124295471	124295720	LTR/ERVL-MaLR	657	+	124	124295595	3671
chr8	124291924	124491924	harbor2	chr8	124303664	124303953	LTR/ERVL-MaLR	588	+	144	124303808	11884
chr8	124291924	124491924	harbor2	chr8	124317602	124317890	LTR/ERVL-MaLR	925	+	144	124317746	25822
chr8	124291924	124491924	harbor2	chr8	124318105	124318363	LTR/ERVL-MaLR	894	+	129	124318234	26310
chr8	124291924	124491924	harbor2	chr8	124318675	124318698	LTR/ERVL-MaLR	894	+	12	124318687	26763
chr8	124291924	124491924	harbor2	chr8	124356113	124356198	LTR/ERVL-MaLR	484	+	42	124356155	64231
chr8	124291924	124491924	harbor2	chr8	124365398	124365504	LTR/ERVL-MaLR	1383	+	53	124365451	73527
chr8	124291924	124491924	harbor2	chr8	124365505	124365938	LTR/ERVL-MaLR	1737	+	216	124365721	73797
chr8	124291924	124491924	harbor2	chr8	124366239	124366521	LTR/ERVL-MaLR	1383	+	141	124366380	74456
chr8	124291924	124491924	harbor2	chr8	124368106	124368247	LTR/ERVL-MaLR	411	+	70	124368176	76252
chr8	124291924	124491924	harbor2	chr8	124368389	124368925	LTR/ERVL-MaLR	1808	+	268	124368657	76733
chr8	124291924	124491924	harbor2	chr8	124374301	124374471	LTR/ERVL-MaLR	684	+	85	124374386	82462
chr8	124291924	124491924	harbor2	chr8	124380729	124381067	LTR/ERVL-MaLR	456	+	169	124380898	88974
chr8	131538625	131738625	harbor2	chr8	131541458	131541478	LTR/ERVL-MaLR	1314	+	10	131541468	2843
chr8	131538625	131738625	harbor2	chr8	131541479	131541841	LTR/ERVL-MaLR	1959	+	181	131541660	3035
chr8	131538625	131738625	harbor2	chr8	131541842	131542328	LTR/ERVL-MaLR	1314	+	243	131542085	3460
chr8	131538625	131738625	harbor2	chr8	131544417	131544811	LTR/ERVL-MaLR	1889	+	197	131544614	5989
chr8	131538625	131738625	harbor2	chr8	131551335	131551565	LTR/ERVL-MaLR	510	+	115	131551450	12825
chr8	131538625	131738625	harbor2	chr8	131592375	131592716	LTR/ERVL-MaLR	2072	+	170	131592545	53920
chr8	131538625	131738625	harbor2	chr8	131603029	131603470	LTR/ERVL-MaLR	597	+	220	131603249	64624
chr8	131538625	131738625	harbor2	chr8	131624408	131624593	LTR/ERVL-MaLR	902	+	92	131624500	85875
chr8	137994976	138194976	harbor2	chr8	137995027	137995383	LTR/ERVL-MaLR	2287	+	178	137995205	229
chr8	137994976	138194976	harbor2	chr8	138003567	138003874	LTR/ERVL-MaLR	1368	+	154	138003721	8745
chr8	137994976	138194976	harbor2	chr8	138006046	138006414	LTR/ERVL-MaLR	2456	+	184	138006230	11254
chr8	137994976	138194976	harbor2	chr8	138006415	138007930	LTR/ERVL-MaLR	9400	+	758	138007173	12197
chr8	137994976	138194976	harbor2	chr8	138007931	138008304	LTR/ERVL-MaLR	2555	+	186	138008117	13141
chr8	137994976	138194976	harbor2	chr8	138016057	138016431	LTR/ERVL-MaLR	2670	+	187	138016244	21268
chr8	137994976	138194976	harbor2	chr8	138016432	138017961	LTR/ERVL-MaLR	10273	+	764	138017196	22220
chr8	137994976	138194976	harbor2	chr8	138017962	138018340	LTR/ERVL-MaLR	2055	+	189	138018151	23175
chr8	137994976	138194976	harbor2	chr8	138020692	138021044	LTR/ERVL-MaLR	2592	+	176	138020868	25892
chr8	137994976	138194976	harbor2	chr8	138021045	138022623	LTR/ERVL-MaLR	11587	+	789	138021834	26858
chr8	137994976	138194976	harbor2	chr8	138022630	138022974	LTR/ERVL-MaLR	2314	+	172	138022802	27826
chr8	137994976	138194976	harbor2	chr8	138030282	138030680	LTR/ERVL-MaLR	2230	+	199	138030481	35505
chr8	137994976	138194976	harbor2	chr8	138056029	138056298	LTR/ERVL-MaLR	436	+	134	138056163	61187
chr8	137994976	138194976	harbor2	chr8	138060167	138060668	LTR/ERVL-MaLR	1720	+	250	138060417	65441
chr8	127955550	128155550	harbor2	chr8	127968630	127969074	LTR/ERVL-MaLR	1513	+	222	127968852	13302
chr8	127955550	128155550	harbor2	chr8	128011274	128011645	LTR/ERVL-MaLR	1429	+	186	128011460	55910
chr8	127955550	128155550	harbor2	chr8	128020179	128020791	LTR/ERVL-MaLR	2646	+	306	128020485	64935
chr8	127955550	128155550	harbor2	chr8	128035565	128036044	LTR/ERVL-MaLR	1978	+	240	128035805	80255
chr8	104586968	104786968	harbor2	chr8	104593843	104594221	LTR/ERVL-MaLR	2127	+	189	104594032	7064
chr8	104586968	104786968	harbor2	chr8	104606438	104606801	LTR/ERVL-MaLR	2618	+	182	104606620	19652
chr8	104586968	104786968	harbor2	chr8	104606802	104608329	LTR/ERVL-MaLR	10913	+	764	104607566	20598
chr8	104586968	104786968	harbor2	chr8	104608330	104608689	LTR/ERVL-MaLR	2426	+	180	104608510	21542
chr8	104586968	104786968	harbor2	chr8	104646116	104646500	LTR/ERVL-MaLR	2412	+	192	104646308	59340
chr8	104586968	104786968	harbor2	chr8	104648489	104648966	LTR/ERVL-MaLR	860	+	238	104648727	61759
chr8	104586968	104786968	harbor2	chr8	104659409	104659720	LTR/ERVL-MaLR	734	+	156	104659565	72597
chr8	104586968	104786968	harbor2	chr8	104659732	104659851	LTR/ERVL-MaLR	507	+	60	104659792	72824
chr8	104586968	104786968	harbor2	chr8	104677105	104677298	LTR/ERVL-MaLR	794	+	96	104677201	90233
chr8	74276742	74476742	harbor2	chr8	74278065	74278349	LTR/ERVL-MaLR	1914	+	142	74278207	1465
chr8	141165071	141365071	harbor2	chr8	141197160	141197599	LTR/ERVL-MaLR	664	+	220	141197380	32309
chr8	141691577	141891577	harbor2	chr8	141693845	141694251	LTR/ERVL-MaLR	1402	+	203	141694048	2471
chr8	141691577	141891577	harbor2	chr8	141694409	141694613	LTR/ERVL-MaLR	624	+	102	141694511	2934
chr8	141691577	141891577	harbor2	chr8	141694619	141694809	LTR/ERVL-MaLR	498	+	95	141694714	3137
chr8	141691577	141891577	harbor2	chr8	141731077	141731285	LTR/ERVL-MaLR	516	+	104	141731181	39604
chr8	141691577	141891577	harbor2	chr8	141734444	141734852	LTR/ERVL-MaLR	1109	+	204	141734648	43071
chr8	141691577	141891577	harbor2	chr8	141770285	141770666	LTR/ERVL-MaLR	726	+	190	141770475	78898
chr8	141691577	141891577	harbor2	chr8	141778342	141778729	LTR/ERVL-MaLR	1196	+	194	141778536	86959
chr8	136365675	136565675	harbor2	chr8	136374850	136374948	LTR/ERVL-MaLR	1613	+	49	136374899	9224
chr8	136365675	136565675	harbor2	chr8	136375520	136375654	LTR/ERVL-MaLR	1613	+	67	136375587	9912
chr8	136365675	136565675	harbor2	chr8	136376094	136376211	LTR/ERVL-MaLR	1613	+	58	136376152	10477
chr8	136365675	136565675	harbor2	chr8	136382577	136382993	LTR/ERVL-MaLR	2005	+	208	136382785	17110
chr8	136365675	136565675	harbor2	chr8	136388021	136388401	LTR/ERVL-MaLR	906	+	190	136388211	22536
chr8	136365675	136565675	harbor2	chr8	136389998	136390219	LTR/ERVL-MaLR	439	+	110	136390108	24433
chr8	136365675	136565675	harbor2	chr8	136390717	136391077	LTR/ERVL-MaLR	916	+	180	136390897	25222
chr8	136365675	136565675	harbor2	chr8	136396205	136396335	LTR/ERVL-MaLR	388	+	65	136396270	30595
chr8	136365675	136565675	harbor2	chr8	136413454	136413835	LTR/ERVL-MaLR	1205	+	190	136413644	47969
chr8	136365675	136565675	harbor2	chr8	136447090	136447444	LTR/ERVL-MaLR	2186	+	177	136447267	81592
chr8	136365675	136565675	harbor2	chr8	136458758	136459164	LTR/ERVL-MaLR	654	+	203	136458961	93286
chr8	134687359	134887359	harbor2	chr8	134701844	134702259	LTR/ERVL-MaLR	2594	+	208	134702052	14693
chr8	134687359	134887359	harbor2	chr8	134702363	134702661	LTR/ERVL-MaLR	1901	+	149	134702512	15153
chr8	134687359	134887359	harbor2	chr8	134702971	134703044	LTR/ERVL-MaLR	1901	+	36	134703007	15648
chr8	134687359	134887359	harbor2	chr8	134719877	134720335	LTR/ERVL-MaLR	2151	+	229	134720106	32747
chr8	134687359	134887359	harbor2	chr8	134722768	134723144	LTR/ERVL-MaLR	1923	+	188	134722956	35597
chr8	134687359	134887359	harbor2	chr8	134782567	134782849	LTR/ERVL-MaLR	1630	+	141	134782708	95349
chr8	76504478	76704478	harbor2	chr8	76556969	76557353	LTR/ERVL-MaLR	1395	+	192	76557161	52683
chr8	76504478	76704478	harbor2	chr8	76557376	76558379	LTR/ERVL-MaLR	4105	+	502	76557878	53400
chr8	76504478	76704478	harbor2	chr8	76558389	76558793	LTR/ERVL-MaLR	1655	+	202	76558591	54113
chr8	76504478	76704478	harbor2	chr8	76566012	76566264	LTR/ERVL-MaLR	377	+	126	76566138	61660
chr8	76504478	76704478	harbor2	chr8	76570061	76570209	LTR/ERVL-MaLR	386	+	74	76570135	65657
chr8	76504478	76704478	harbor2	chr8	76593422	76593779	LTR/ERVL-MaLR	2531	+	178	76593600	89122
chr8	41896222	42096222	harbor2	chr8	41900851	41901263	LTR/ERVL-MaLR	2454	+	206	41901057	4835
chr8	41896222	42096222	harbor2	chr8	41984135	41984655	LTR/ERVL-MaLR	2272	+	260	41984395	88173
chr8	54227342	54427342	harbor2	chr8	54238184	54238336	LTR/ERVL-MaLR	1316	+	76	54238260	10918
chr8	54227342	54427342	harbor2	chr8	54238367	54238602	LTR/ERVL-MaLR	1316	+	118	54238485	11143
chr8	54227342	54427342	harbor2	chr8	54289475	54289992	LTR/ERVL-MaLR	545	+	258	54289733	62391
chr8	54227342	54427342	harbor2	chr8	54294887	54295106	LTR/ERVL-MaLR	955	+	110	54294997	67655
chr8	54227342	54427342	harbor2	chr8	54295409	54295513	LTR/ERVL-MaLR	955	+	52	54295461	68119
chr8	83506021	83706021	harbor2	chr8	83526435	83526602	LTR/ERVL-MaLR	408	+	84	83526519	20498
chr8	83506021	83706021	harbor2	chr8	83554482	83554897	LTR/ERVL-MaLR	2321	+	208	83554690	48669
chr8	81163964	81363964	harbor2	chr8	81178197	81178671	LTR/ERVL-MaLR	678	+	237	81178434	14470
chr8	81163964	81363964	harbor2	chr8	81191023	81191494	LTR/ERVL-MaLR	2157	+	236	81191259	27295
chr8	81163964	81363964	harbor2	chr8	81212768	81213288	LTR/ERVL-MaLR	1840	+	260	81213028	49064
chr8	81163964	81363964	harbor2	chr8	81214072	81214424	LTR/ERVL-MaLR	1264	+	176	81214248	50284
chr8	81163964	81363964	harbor2	chr8	81227526	81227844	LTR/ERVL-MaLR	663	+	159	81227685	63721
chr8	81163964	81363964	harbor2	chr8	81230067	81230474	LTR/ERVL-MaLR	974	+	204	81230271	66307
chr8	111603804	111803804	harbor2	chr8	111614518	111614881	LTR/ERVL-MaLR	1986	+	182	111614700	10896
chr8	111603804	111803804	harbor2	chr8	111699437	111699595	LTR/ERVL-MaLR	747	+	79	111699516	95712
chr8	111603804	111803804	harbor2	chr8	111699596	111699974	LTR/ERVL-MaLR	1126	+	189	111699785	95981
chr8	111603804	111803804	harbor2	chr8	111699975	111700318	LTR/ERVL-MaLR	747	+	172	111700147	96343
chr8	114326662	114526662	harbor2	chr8	114331838	114332036	LTR/ERVL-MaLR	603	+	99	114331937	5275
chr8	114326662	114526662	harbor2	chr8	114374582	114374937	LTR/ERVL-MaLR	1159	+	178	114374760	48098
chr8	114326662	114526662	harbor2	chr8	114383558	114383975	LTR/ERVL-MaLR	2232	+	208	114383766	57104
chr8	114326662	114526662	harbor2	chr8	114402721	114402904	LTR/ERVL-MaLR	1882	+	92	114402813	76151
chr8	114326662	114526662	harbor2	chr8	114402945	114403170	LTR/ERVL-MaLR	1882	+	112	114403057	76395
chr8	108471765	108671765	harbor2	chr8	108538791	108539138	LTR/ERVL-MaLR	2368	+	174	108538965	67200
chr8	108471765	108671765	harbor2	chr8	108539417	108539858	LTR/ERVL-MaLR	1483	+	220	108539637	67872
chr8	88834263	89034263	harbor2	chr8	88834755	88835151	LTR/ERVL-MaLR	1646	+	198	88834953	690
chr8	88834263	89034263	harbor2	chr8	88839252	88839374	LTR/ERVL-MaLR	3247	+	61	88839313	5050
chr8	88834263	89034263	harbor2	chr8	88839735	88840185	LTR/ERVL-MaLR	3247	+	225	88839960	5697
chr8	88834263	89034263	harbor2	chr8	88840484	88840760	LTR/ERVL-MaLR	3247	+	138	88840622	6359
chr8	88834263	89034263	harbor2	chr8	88840761	88841177	LTR/ERVL-MaLR	2423	+	208	88840969	6706
chr8	88834263	89034263	harbor2	chr8	88841178	88841333	LTR/ERVL-MaLR	3247	+	78	88841256	6993
chr8	88834263	89034263	harbor2	chr8	88841361	88841716	LTR/ERVL-MaLR	1703	+	178	88841539	7276
chr8	88834263	89034263	harbor2	chr8	88870264	88870625	LTR/ERVL-MaLR	1498	+	180	88870444	36181
chr8	88834263	89034263	harbor2	chr8	88914795	88915124	LTR/ERVL-MaLR	1497	+	164	88914959	80696
chr8	88834263	89034263	harbor2	chr8	88920523	88920912	LTR/ERVL-MaLR	2113	+	194	88920717	86454
chr8	88834263	89034263	harbor2	chr8	88915380	88916053	LTR/ERVL-MaLR	2387	+	336	88915716	81453
chr8	138107804	138307804	harbor2	chr8	138114045	138114385	LTR/ERVL-MaLR	2233	+	170	138114215	6411
chr8	138107804	138307804	harbor2	chr8	138163409	138163766	LTR/ERVL-MaLR	2127	+	178	138163587	55783
chr8	138107804	138307804	harbor2	chr8	138198028	138198387	LTR/ERVL-MaLR	2732	+	180	138198208	90404
chr8	71526168	71726168	harbor2	chr8	71530004	71530449	LTR/ERVL-MaLR	1865	+	222	71530226	4058
chr8	71526168	71726168	harbor2	chr8	71572194	71572560	LTR/ERVL-MaLR	1329	+	183	71572377	46209
chr8	71526168	71726168	harbor2	chr8	71593754	71594144	LTR/ERVL-MaLR	1574	+	195	71593949	67781
chr8	71526168	71726168	harbor2	chr8	71595900	71596276	LTR/ERVL-MaLR	1702	+	188	71596088	69920
chr8	71526168	71726168	harbor2	chr8	71612326	71612696	LTR/ERVL-MaLR	2544	+	185	71612511	86343
chr8	71526168	71726168	harbor2	chr8	71621001	71621196	LTR/ERVL-MaLR	421	+	98	71621099	94931
chr8	71526168	71726168	harbor2	chr8	71625847	71626227	LTR/ERVL-MaLR	1608	+	190	71626037	99869
chr8	75409963	75609963	harbor2	chr8	75432658	75433119	LTR/ERVL-MaLR	1867	+	230	75432888	22925
chr8	75409963	75609963	harbor2	chr8	75433438	75433480	LTR/ERVL-MaLR	1867	+	21	75433459	23496
chr8	75409963	75609963	harbor2	chr8	75442954	75443312	LTR/ERVL-MaLR	2095	+	179	75443133	33170
chr8	75409963	75609963	harbor2	chr8	75450691	75451079	LTR/ERVL-MaLR	1963	+	194	75450885	40922
chr8	75409963	75609963	harbor2	chr8	75453845	75454018	LTR/ERVL-MaLR	738	+	86	75453931	43968
chr8	75409963	75609963	harbor2	chr8	75454136	75454333	LTR/ERVL-MaLR	934	+	98	75454234	44271
chr8	139099057	139299057	harbor2	chr8	139175887	139176255	LTR/ERVL-MaLR	936	+	184	139176071	77014
chr8	139099057	139299057	harbor2	chr8	139176842	139177196	LTR/ERVL-MaLR	1337	+	177	139177019	77962
chr8	139099057	139299057	harbor2	chr8	139178191	139178399	LTR/ERVL-MaLR	725	+	104	139178295	79238
chr8	139099057	139299057	harbor2	chr8	139180946	139181281	LTR/ERVL-MaLR	2253	+	168	139181114	82057
chr8	139099057	139299057	harbor2	chr8	139182840	139183200	LTR/ERVL-MaLR	2556	+	180	139183020	83963
chr8	139099057	139299057	harbor2	chr8	139184859	139185254	LTR/ERVL-MaLR	2330	+	198	139185057	86000
chr8	139099057	139299057	harbor2	chr8	139187991	139188180	LTR/ERVL-MaLR	911	+	94	139188085	89028
chr8	139099057	139299057	harbor2	chr8	139181282	139182839	LTR/ERVL-MaLR	9861	+	778	139182060	83003
chr8	110040239	110240239	harbor2	chr8	110073672	110073842	LTR/ERVL-MaLR	723	+	85	110073757	33518
chr8	110040239	110240239	harbor2	chr8	110102886	110103465	LTR/ERVL-MaLR	569	+	290	110103176	62937
chr8	110040239	110240239	harbor2	chr8	110110064	110110437	LTR/ERVL-MaLR	2621	+	186	110110250	70011
chr8	107602859	107802859	harbor2	chr8	107610239	107610609	LTR/ERVL-MaLR	1145	+	185	107610424	7565
chr8	107602859	107802859	harbor2	chr8	107620260	107620657	LTR/ERVL-MaLR	1900	+	198	107620458	17599
chr8	107602859	107802859	harbor2	chr8	107627021	107627370	LTR/ERVL-MaLR	1637	+	174	107627195	24336
chr8	107602859	107802859	harbor2	chr8	107628318	107628755	LTR/ERVL-MaLR	1682	+	218	107628536	25677
chr8	107602859	107802859	harbor2	chr8	107633257	107633638	LTR/ERVL-MaLR	2617	+	190	107633447	30588
chr8	107602859	107802859	harbor2	chr8	107633653	107634000	LTR/ERVL-MaLR	2094	+	174	107633827	30968
chr8	107602859	107802859	harbor2	chr8	107644051	107644406	LTR/ERVL-MaLR	2299	+	178	107644229	41370
chr8	107602859	107802859	harbor2	chr8	107675131	107675695	LTR/ERVL-MaLR	1703	+	282	107675413	72554
chr8	136067400	136267400	harbor2	chr8	136098581	136098818	LTR/ERVL-MaLR	1079	+	118	136098699	31299
chr8	136067400	136267400	harbor2	chr8	136099011	136099227	LTR/ERVL-MaLR	1134	+	108	136099119	31719
chr8	136067400	136267400	harbor2	chr8	136107206	136107563	LTR/ERVL-MaLR	454	+	178	136107384	39984
chr8	136067400	136267400	harbor2	chr8	136108881	136109081	LTR/ERVL-MaLR	2540	+	100	136108981	41581
chr8	136067400	136267400	harbor2	chr8	136109376	136109603	LTR/ERVL-MaLR	2540	+	114	136109490	42090
chr8	136067400	136267400	harbor2	chr8	136112957	136113308	LTR/ERVL-MaLR	1680	+	176	136113133	45733
chr8	136067400	136267400	harbor2	chr8	136146970	136147110	LTR/ERVL-MaLR	629	+	70	136147040	79640
chr8	136067400	136267400	harbor2	chr8	136153537	136153908	LTR/ERVL-MaLR	2349	+	186	136153723	86323
chr8	136067400	136267400	harbor2	chr8	136165084	136165464	LTR/ERVL-MaLR	434	+	190	136165274	97874
chr8	128332732	128532732	harbor2	chr8	128364742	128365121	LTR/ERVL-MaLR	1966	+	190	128364932	32200
chr8	128332732	128532732	harbor2	chr8	128398639	128398997	LTR/ERVL-MaLR	2506	+	179	128398818	66086
chr8	128332732	128532732	harbor2	chr8	128430779	128431314	LTR/ERVL-MaLR	1732	+	268	128431047	98315
chr8	105143614	105343614	harbor2	chr8	105149631	105149987	LTR/ERVL-MaLR	2157	+	178	105149809	6195
chr8	105143614	105343614	harbor2	chr8	105175224	105175801	LTR/ERVL-MaLR	792	+	288	105175512	31898
chr8	105143614	105343614	harbor2	chr8	105176308	105176569	LTR/ERVL-MaLR	1380	+	130	105176438	32824
chr8	105143614	105343614	harbor2	chr8	105182761	105183185	LTR/ERVL-MaLR	2555	+	212	105182973	39359
chr8	105143614	105343614	harbor2	chr8	105228528	105228691	LTR/ERVL-MaLR	445	+	82	105228610	84996
chr8	105143614	105343614	harbor2	chr8	105230747	105231067	LTR/ERVL-MaLR	383	+	160	105230907	87293
chr8	105143614	105343614	harbor2	chr8	105234320	105234697	LTR/ERVL-MaLR	2355	+	188	105234508	90894
chr8	144399151	144599151	harbor2	chr8	144406868	144406926	LTR/ERVL-MaLR	530	+	29	144406897	7746
chr8	144399151	144599151	harbor2	chr8	144407846	144408038	LTR/ERVL-MaLR	530	+	96	144407942	8791
chr8	144399151	144599151	harbor2	chr8	144411767	144412019	LTR/ERVL-MaLR	899	+	126	144411893	12742
chr8	128154020	128354020	harbor2	chr8	128181457	128181792	LTR/ERVL-MaLR	993	+	168	128181625	27605
chr8	128154020	128354020	harbor2	chr8	128182188	128182391	LTR/ERVL-MaLR	379	+	102	128182290	28270
chr8	128154020	128354020	harbor2	chr8	128226436	128226959	LTR/ERVL-MaLR	1648	+	262	128226698	72678
chr8	128154020	128354020	harbor2	chr8	128243453	128243806	LTR/ERVL-MaLR	2663	+	176	128243629	89609
chr8	128154020	128354020	harbor2	chr8	128248019	128248372	LTR/ERVL-MaLR	1768	+	176	128248195	94175
chr8	128154020	128354020	harbor2	chr8	128250589	128250764	LTR/ERVL-MaLR	560	+	88	128250677	96657
chr8	85107879	85307879	harbor2	chr8	85161007	85161391	LTR/ERVL-MaLR	1666	+	192	85161199	53320
chr8	85107879	85307879	harbor2	chr8	85175097	85175445	LTR/ERVL-MaLR	992	+	174	85175271	67392
chr8	85107879	85307879	harbor2	chr8	85183777	85184056	LTR/ERVL-MaLR	1190	+	140	85183917	76038
chr8	85107879	85307879	harbor2	chr8	85190363	85190491	LTR/ERVL-MaLR	1584	+	64	85190427	82548
chr8	85107879	85307879	harbor2	chr8	85190804	85191110	LTR/ERVL-MaLR	1584	+	153	85190957	83078
chr8	85107879	85307879	harbor2	chr8	85191564	85191636	LTR/ERVL-MaLR	1584	+	36	85191600	83721
chr8	142958020	143158020	harbor2	chr8	142976025	142976435	LTR/ERVL-MaLR	1861	+	205	142976230	18210
chr8	142958020	143158020	harbor2	chr8	142976440	142976698	LTR/ERVL-MaLR	1265	+	129	142976569	18549
chr8	142958020	143158020	harbor2	chr8	142977047	142977196	LTR/ERVL-MaLR	825	+	74	142977121	19101
chr8	142958020	143158020	harbor2	chr8	142987719	142988093	LTR/ERVL-MaLR	1104	+	187	142987906	29886
chr8	142958020	143158020	harbor2	chr8	142988544	142988662	LTR/ERVL-MaLR	1104	+	59	142988603	30583
chr8	125487789	125687789	harbor2	chr8	125490634	125491057	LTR/ERVL-MaLR	470	+	212	125490846	3057
chr8	125487789	125687789	harbor2	chr8	125503268	125503772	LTR/ERVL-MaLR	2952	+	252	125503520	15731
chr8	125487789	125687789	harbor2	chr8	125516804	125517338	LTR/ERVL-MaLR	1262	+	267	125517071	29282
chr8	125487789	125687789	harbor2	chr8	125522714	125523075	LTR/ERVL-MaLR	1822	+	180	125522894	35105
chr8	125487789	125687789	harbor2	chr8	125523369	125523424	LTR/ERVL-MaLR	1822	+	28	125523397	35608
chr8	125487789	125687789	harbor2	chr8	125523495	125523711	LTR/ERVL-MaLR	516	+	108	125523603	35814
chr8	125487789	125687789	harbor2	chr8	125532823	125533202	LTR/ERVL-MaLR	2153	+	190	125533013	45224
chr8	125487789	125687789	harbor2	chr8	125562942	125563265	LTR/ERVL-MaLR	551	+	162	125563104	75315
chr8	36351779	36551779	harbor2	chr8	36360473	36361004	LTR/ERVL-MaLR	814	+	266	36360739	8960
chr8	36351779	36551779	harbor2	chr8	36373420	36373790	LTR/ERVL-MaLR	1674	+	185	36373605	21826
chr8	36351779	36551779	harbor2	chr8	36422234	36422602	LTR/ERVL-MaLR	2268	+	184	36422418	70639
chr8	36351779	36551779	harbor2	chr8	36405093	36405325	LTR/ERVL-MaLR	566	+	116	36405209	53430
chr8	126352903	126552903	harbor2	chr8	126393106	126393464	LTR/ERVL-MaLR	1886	+	179	126393285	40382
chr8	126352903	126552903	harbor2	chr8	126396346	126396501	LTR/ERVL-MaLR	650	+	78	126396424	43521
chr8	126352903	126552903	harbor2	chr8	126396957	126396980	LTR/ERVL-MaLR	979	+	12	126396969	44066
chr8	126352903	126552903	harbor2	chr8	126397019	126397228	LTR/ERVL-MaLR	979	+	104	126397123	44220
chr8	126352903	126552903	harbor2	chr8	126398950	126399054	LTR/ERVL-MaLR	449	+	52	126399002	46099
chr8	126352903	126552903	harbor2	chr8	126412414	126412860	LTR/ERVL-MaLR	1421	+	223	126412637	59734
chr8	126352903	126552903	harbor2	chr8	126419375	126419489	LTR/ERVL-MaLR	1203	+	57	126419432	66529
chr8	126352903	126552903	harbor2	chr8	126419770	126419842	LTR/ERVL-MaLR	430	+	36	126419806	66903
chr8	126352903	126552903	harbor2	chr8	126422251	126422615	LTR/ERVL-MaLR	2227	+	182	126422433	69530
chr8	126352903	126552903	harbor2	chr8	126434624	126435155	LTR/ERVL-MaLR	1703	+	266	126434890	81987
chr8	126352903	126552903	harbor2	chr8	126447268	126447371	LTR/ERVL-MaLR	675	+	52	126447320	94417
chr8	126352903	126552903	harbor2	chr8	126447792	126448053	LTR/ERVL-MaLR	1375	+	130	126447922	95019
chr8	126352903	126552903	harbor2	chr8	126386060	126386201	LTR/ERVL-MaLR	385	+	70	126386130	33227
chr8	126352903	126552903	harbor2	chr8	126418818	126419065	LTR/ERVL-MaLR	1203	+	124	126418942	66039
chr8	52480106	52680106	harbor2	chr8	52480158	52480432	LTR/ERVL-MaLR	394	+	137	52480295	189
chr8	52480106	52680106	harbor2	chr8	52502397	52502592	LTR/ERVL-MaLR	899	+	98	52502495	22389
chr8	52480106	52680106	harbor2	chr8	52494271	52494742	LTR/ERVL-MaLR	1235	+	236	52494507	14401
chr8	86888747	87088747	harbor2	chr8	86918422	86918783	LTR/ERVL-MaLR	2061	+	180	86918602	29855
chr8	86888747	87088747	harbor2	chr8	86983063	86983381	LTR/ERVL-MaLR	1938	+	159	86983222	94475
chr8	86888747	87088747	harbor2	chr8	86983386	86984967	LTR/ERVL-MaLR	11199	+	790	86984176	95429
chr8	86888747	87088747	harbor2	chr8	86984968	86985309	LTR/ERVL-MaLR	2096	+	170	86985138	96391
chr8	103088136	103288136	harbor2	chr8	103099134	103099557	LTR/ERVL-MaLR	900	+	212	103099346	11210
chr8	103088136	103288136	harbor2	chr8	103111094	103111488	LTR/ERVL-MaLR	1618	+	197	103111291	23155
chr8	103088136	103288136	harbor2	chr8	103117139	103117356	LTR/ERVL-MaLR	793	+	108	103117247	29111
chr8	103088136	103288136	harbor2	chr8	103117410	103117628	LTR/ERVL-MaLR	461	+	109	103117519	29383
chr8	103088136	103288136	harbor2	chr8	103134718	103135116	LTR/ERVL-MaLR	2054	+	199	103134917	46781
chr8	103088136	103288136	harbor2	chr8	103148014	103148386	LTR/ERVL-MaLR	1891	+	186	103148200	60064
chr8	103088136	103288136	harbor2	chr8	103148643	103148781	LTR/ERVL-MaLR	1504	+	69	103148712	60576
chr8	103088136	103288136	harbor2	chr8	103170318	103170768	LTR/ERVL-MaLR	2366	+	225	103170543	82407
chr8	91339462	91539462	harbor2	chr8	91428808	91429181	LTR/ERVL-MaLR	1335	+	186	91428994	89532
chr8	91339462	91539462	harbor2	chr8	91429903	91430280	LTR/ERVL-MaLR	2023	+	188	91430091	90629
chr8	111306703	111506703	harbor2	chr8	111306706	111307201	LTR/ERVL-MaLR	1419	+	248	111306954	251
chr8	111306703	111506703	harbor2	chr8	111315998	111316363	LTR/ERVL-MaLR	1954	+	182	111316180	9477
chr8	111306703	111506703	harbor2	chr8	111339933	111340344	LTR/ERVL-MaLR	2129	+	206	111340139	33436
chr8	111306703	111506703	harbor2	chr8	111350941	111351305	LTR/ERVL-MaLR	1879	+	182	111351123	44420
chr8	111306703	111506703	harbor2	chr8	111354395	111354554	LTR/ERVL-MaLR	486	+	80	111354475	47772
chr8	111306703	111506703	harbor2	chr8	111356123	111356391	LTR/ERVL-MaLR	1120	+	134	111356257	49554
chr8	111306703	111506703	harbor2	chr8	111372545	111372902	LTR/ERVL-MaLR	2203	+	178	111372723	66020
chr8	111306703	111506703	harbor2	chr8	111372903	111374423	LTR/ERVL-MaLR	9853	+	760	111373663	66960
chr8	111306703	111506703	harbor2	chr8	111374424	111374775	LTR/ERVL-MaLR	2159	+	176	111374600	67897
chr8	137803723	138003723	harbor2	chr8	137824480	137824601	LTR/ERVL-MaLR	604	+	60	137824540	20817
chr8	137803723	138003723	harbor2	chr8	137830541	137830692	LTR/ERVL-MaLR	760	+	76	137830617	26894
chr8	137803723	138003723	harbor2	chr8	137862083	137862184	LTR/ERVL-MaLR	383	+	50	137862133	58410
chr8	137803723	138003723	harbor2	chr8	137866856	137867121	LTR/ERVL-MaLR	1401	+	132	137866988	63265
chr8	137803723	138003723	harbor2	chr8	137867124	137868496	LTR/ERVL-MaLR	9747	+	686	137867810	64087
chr8	137803723	138003723	harbor2	chr8	137868499	137868839	LTR/ERVL-MaLR	1974	+	170	137868669	64946
chr8	137803723	138003723	harbor2	chr8	137873961	137874101	LTR/ERVL-MaLR	691	+	70	137874031	70308
chr8	137803723	138003723	harbor2	chr8	137874642	137874908	LTR/ERVL-MaLR	1013	+	133	137874775	71052
chr8	137803723	138003723	harbor2	chr8	137881515	137881861	LTR/ERVL-MaLR	1870	+	173	137881688	77965
chr8	137803723	138003723	harbor2	chr8	137881862	137883367	LTR/ERVL-MaLR	10154	+	752	137882614	78891
chr8	137803723	138003723	harbor2	chr8	137883370	137883745	LTR/ERVL-MaLR	2084	+	188	137883558	79835
chr8	137803723	138003723	harbor2	chr8	137888597	137888951	LTR/ERVL-MaLR	2651	+	177	137888774	85051
chr8	137504807	137704807	harbor2	chr8	137505239	137505635	LTR/ERVL-MaLR	612	+	198	137505437	630
chr8	137504807	137704807	harbor2	chr8	137505884	137506952	LTR/ERVL-MaLR	1501	+	534	137506418	1611
chr8	137504807	137704807	harbor2	chr8	137513238	137513525	LTR/ERVL-MaLR	1403	+	144	137513382	8575
chr8	137504807	137704807	harbor2	chr8	137523965	137524081	LTR/ERVL-MaLR	368	+	58	137524023	19216
chr8	137504807	137704807	harbor2	chr8	137530384	137530745	LTR/ERVL-MaLR	1149	+	180	137530564	25757
chr8	137504807	137704807	harbor2	chr8	137530752	137531220	LTR/ERVL-MaLR	9340	+	234	137530986	26179
chr8	137504807	137704807	harbor2	chr8	137531464	137532628	LTR/ERVL-MaLR	9340	+	582	137532046	27239
chr8	137504807	137704807	harbor2	chr8	137532631	137533045	LTR/ERVL-MaLR	2243	+	207	137532838	28031
chr8	137504807	137704807	harbor2	chr8	137539869	137540252	LTR/ERVL-MaLR	2094	+	192	137540061	35254
chr8	137504807	137704807	harbor2	chr8	137546639	137547044	LTR/ERVL-MaLR	1561	+	202	137546841	42034
chr8	137504807	137704807	harbor2	chr8	137554060	137554425	LTR/ERVL-MaLR	1560	+	182	137554242	49435
chr8	137504807	137704807	harbor2	chr8	137572844	137573383	LTR/ERVL-MaLR	1672	+	270	137573114	68307
chr8	137504807	137704807	harbor2	chr8	137575550	137575834	LTR/ERVL-MaLR	413	+	142	137575692	70885
chr8	137504807	137704807	harbor2	chr8	137584481	137584858	LTR/ERVL-MaLR	796	+	188	137584669	79862
chr8	137504807	137704807	harbor2	chr8	137590203	137590688	LTR/ERVL-MaLR	1917	+	242	137590445	85638
chr8	137504807	137704807	harbor2	chr8	137593260	137593700	LTR/ERVL-MaLR	2043	+	220	137593480	88673
chr8	137504807	137704807	harbor2	chr8	137510783	137511135	LTR/ERVL-MaLR	2415	+	176	137510959	6152
chr8	123991439	124191439	harbor2	chr8	124019973	124020334	LTR/ERVL-MaLR	2345	+	180	124020153	28714
chr8	123991439	124191439	harbor2	chr8	124051174	124051310	LTR/ERVL-MaLR	704	+	68	124051242	59803
chr8	127526900	127726900	harbor2	chr8	127539963	127540216	LTR/ERVL-MaLR	384	+	126	127540089	13189
chr8	127526900	127726900	harbor2	chr8	127540518	127540593	LTR/ERVL-MaLR	384	+	38	127540556	13656
chr8	127526900	127726900	harbor2	chr8	127542437	127542897	LTR/ERVL-MaLR	1486	+	230	127542667	15767
chr8	127526900	127726900	harbor2	chr8	127553225	127553664	LTR/ERVL-MaLR	2566	+	220	127553445	26545
chr8	127526900	127726900	harbor2	chr8	127574412	127574725	LTR/ERVL-MaLR	1198	+	156	127574568	47668
chr8	127526900	127726900	harbor2	chr8	127575966	127576338	LTR/ERVL-MaLR	2323	+	186	127576152	49252
chr8	127526900	127726900	harbor2	chr8	127597091	127597556	LTR/ERVL-MaLR	2403	+	232	127597323	70423
chr8	127526900	127726900	harbor2	chr8	127611112	127611556	LTR/ERVL-MaLR	874	+	222	127611334	84434
chr8	127526900	127726900	harbor2	chr8	127612694	127613084	LTR/ERVL-MaLR	1299	+	195	127612889	85989
chr8	127526900	127726900	harbor2	chr8	127613653	127613808	LTR/ERVL-MaLR	1101	+	78	127613731	86831
chr8	127526900	127726900	harbor2	chr8	127614090	127614375	LTR/ERVL-MaLR	1101	+	142	127614232	87332
chr8	117481186	117681186	harbor2	chr8	117504922	117505293	LTR/ERVL-MaLR	2650	+	186	117505108	23922
chr8	117481186	117681186	harbor2	chr8	117516710	117517141	LTR/ERVL-MaLR	1131	+	216	117516926	35740
chr8	117481186	117681186	harbor2	chr8	117518179	117518702	LTR/ERVL-MaLR	1633	+	262	117518441	37255
chr8	117481186	117681186	harbor2	chr8	117573575	117573779	LTR/ERVL-MaLR	701	+	102	117573677	92491
chr8	140131467	140331467	harbor2	chr8	140158158	140158606	LTR/ERVL-MaLR	1269	+	224	140158382	26915
chr8	140131467	140331467	harbor2	chr8	140191343	140191751	LTR/ERVL-MaLR	2646	+	204	140191547	60080
chr8	140131467	140331467	harbor2	chr8	140203995	140204190	LTR/ERVL-MaLR	2363	+	98	140204093	72626
chr8	140131467	140331467	harbor2	chr8	140204635	140204853	LTR/ERVL-MaLR	2363	+	109	140204744	73277
chr8	90682712	90882712	harbor2	chr8	90700455	90700838	LTR/ERVL-MaLR	868	+	192	90700647	17935
chr8	90682712	90882712	harbor2	chr8	90707807	90708221	LTR/ERVL-MaLR	2507	+	207	90708014	25302
chr8	90682712	90882712	harbor2	chr8	90708222	90708845	LTR/ERVL-MaLR	3569	+	312	90708534	25822
chr8	32317202	32517202	harbor2	chr8	32357887	32358354	LTR/ERVL-MaLR	917	+	234	32358121	40919
chr8	32317202	32517202	harbor2	chr8	32371539	32371929	LTR/ERVL-MaLR	496	+	195	32371734	54532
chr8	121579772	121779772	harbor2	chr8	121596323	121596562	LTR/ERVL-MaLR	497	+	120	121596443	16671
chr8	121579772	121779772	harbor2	chr8	121666172	121666488	LTR/ERVL-MaLR	1813	+	158	121666330	86558
chr8	121579772	121779772	harbor2	chr8	121667977	121668018	LTR/ERVL-MaLR	2069	+	20	121667997	88225
chr8	121579772	121779772	harbor2	chr8	121674275	121674635	LTR/ERVL-MaLR	703	+	180	121674455	94683
chr8	121579772	121779772	harbor2	chr8	121674765	121674893	LTR/ERVL-MaLR	418	+	64	121674829	95057
chr8	121579772	121779772	harbor2	chr8	121675408	121675433	LTR/ERVL-MaLR	418	+	12	121675420	95648
chr8	87552542	87752542	harbor2	chr8	87568579	87568960	LTR/ERVL-MaLR	2367	+	190	87568769	16227
chr8	87552542	87752542	harbor2	chr8	87568961	87570471	LTR/ERVL-MaLR	9244	+	755	87569716	17174
chr8	87552542	87752542	harbor2	chr8	87570472	87570829	LTR/ERVL-MaLR	2171	+	178	87570650	18108
chr8	87552542	87752542	harbor2	chr8	87614894	87615259	LTR/ERVL-MaLR	1470	+	182	87615076	62534
chr8	87552542	87752542	harbor2	chr8	87647399	87647829	LTR/ERVL-MaLR	1852	+	215	87647614	95072
chr8	118380376	118580376	harbor2	chr8	118381385	118381848	LTR/ERVL-MaLR	2075	+	232	118381617	1241
chr8	118380376	118580376	harbor2	chr8	118410395	118410498	LTR/ERVL-MaLR	380	+	52	118410447	30071
chr8	118380376	118580376	harbor2	chr8	118410685	118410864	LTR/ERVL-MaLR	488	+	90	118410775	30399
chr8	118380376	118580376	harbor2	chr8	118410872	118411890	LTR/ERVL-MaLR	1599	+	509	118411381	31005
chr8	118380376	118580376	harbor2	chr8	118412083	118412402	LTR/ERVL-MaLR	1599	+	160	118412243	31867
chr8	118380376	118580376	harbor2	chr8	118412470	118412850	LTR/ERVL-MaLR	708	+	190	118412660	32284
chr8	118380376	118580376	harbor2	chr8	118412894	118413273	LTR/ERVL-MaLR	568	+	190	118413084	32708
chr8	118380376	118580376	harbor2	chr8	118441665	118442181	LTR/ERVL-MaLR	1890	+	258	118441923	61547
chr8	118380376	118580376	harbor2	chr8	118450642	118450871	LTR/ERVL-MaLR	542	+	114	118450756	70380
chr8	118380376	118580376	harbor2	chr8	118451906	118452271	LTR/ERVL-MaLR	1147	+	182	118452088	71712
chr8	118380376	118580376	harbor2	chr8	118474763	118474956	LTR/ERVL-MaLR	2347	+	96	118474859	94483
chr8	118380376	118580376	harbor2	chr8	118475268	118475501	LTR/ERVL-MaLR	2347	+	116	118475384	95008
chr8	144088260	144288260	harbor2	chr8	144137081	144137205	LTR/ERVL-MaLR	368	+	62	144137143	48883
chr8	144088260	144288260	harbor2	chr8	144177608	144177957	LTR/ERVL-MaLR	1658	+	174	144177782	89522
chr8	144088260	144288260	harbor2	chr8	144178566	144178611	LTR/ERVL-MaLR	1658	+	22	144178588	90328
chr8	123887206	124087206	harbor2	chr8	123934700	123935067	LTR/ERVL-MaLR	1936	+	184	123934884	47678
chr8	123887206	124087206	harbor2	chr8	123928320	123928743	LTR/ERVL-MaLR	1255	+	212	123928532	41326
chr8	139226797	139426797	harbor2	chr8	139237286	139237675	LTR/ERVL-MaLR	1152	+	194	139237480	10683
chr8	139226797	139426797	harbor2	chr8	139249114	139249462	LTR/ERVL-MaLR	2577	+	174	139249288	22491
chr8	139226797	139426797	harbor2	chr8	139249463	139250993	LTR/ERVL-MaLR	11599	+	765	139250228	23431
chr8	139226797	139426797	harbor2	chr8	139250997	139251336	LTR/ERVL-MaLR	2454	+	170	139251167	24370
chr8	139226797	139426797	harbor2	chr8	139259796	139260241	LTR/ERVL-MaLR	2100	+	222	139260018	33221
chr8	139226797	139426797	harbor2	chr8	139260539	139260941	LTR/ERVL-MaLR	644	+	201	139260740	33943
chr8	139226797	139426797	harbor2	chr8	139267330	139267681	LTR/ERVL-MaLR	1529	+	176	139267506	40709
chr8	139226797	139426797	harbor2	chr8	139267930	139268393	LTR/ERVL-MaLR	1595	+	232	139268162	41365
chr8	139226797	139426797	harbor2	chr8	139270195	139270563	LTR/ERVL-MaLR	2418	+	184	139270379	43582
chr8	139226797	139426797	harbor2	chr8	139281230	139281713	LTR/ERVL-MaLR	1901	+	242	139281472	54675
chr8	139226797	139426797	harbor2	chr8	139296029	139296385	LTR/ERVL-MaLR	1842	+	178	139296207	69410
chr8	139226797	139426797	harbor2	chr8	139296561	139297023	LTR/ERVL-MaLR	1880	+	231	139296792	69995
chr8	57062066	57262066	harbor2	chr8	57100064	57100299	LTR/ERVL-MaLR	422	+	118	57100182	38116
chr8	57062066	57262066	harbor2	chr8	57111839	57112226	LTR/ERVL-MaLR	2100	+	194	57112033	49967
chr8	57062066	57262066	harbor2	chr8	57148284	57148551	LTR/ERVL-MaLR	561	+	134	57148418	86352
chr8	52715336	52915336	harbor2	chr8	52770944	52771318	LTR/ERVL-MaLR	2069	+	187	52771131	55795
chr8	52715336	52915336	harbor2	chr8	52813783	52814157	LTR/ERVL-MaLR	1384	+	187	52813970	98634
chr8	67819923	68019923	harbor2	chr8	67823228	67823753	LTR/ERVL-MaLR	1534	+	262	67823490	3567
chr8	67819923	68019923	harbor2	chr8	67839900	67840135	LTR/ERVL-MaLR	532	+	118	67840018	20095
chr8	67819923	68019923	harbor2	chr8	67873614	67874036	LTR/ERVL-MaLR	1845	+	211	67873825	53902
chr8	67819923	68019923	harbor2	chr8	67874350	67874468	LTR/ERVL-MaLR	1845	+	59	67874409	54486
chr8	67819923	68019923	harbor2	chr8	67877475	67878003	LTR/ERVL-MaLR	1958	+	264	67877739	57816
chr8	67819923	68019923	harbor2	chr8	67878004	67878358	LTR/ERVL-MaLR	1281	+	177	67878181	58258
chr8	58758424	58958424	harbor2	chr8	58766413	58766778	LTR/ERVL-MaLR	2105	+	182	58766595	8171
chr8	58758424	58958424	harbor2	chr8	58767837	58768012	LTR/ERVL-MaLR	386	+	88	58767925	9501
chr8	58758424	58958424	harbor2	chr8	58842335	58842528	LTR/ERVL-MaLR	865	+	96	58842431	84007
chr8	58758424	58958424	harbor2	chr8	58856551	58857003	LTR/ERVL-MaLR	893	+	226	58856777	98353
chr8	135624091	135824091	harbor2	chr8	135670486	135670956	LTR/ERVL-MaLR	2152	+	235	135670721	46630
chr8	135624091	135824091	harbor2	chr8	135681836	135681928	LTR/ERVL-MaLR	466	+	46	135681882	57791
chr8	135624091	135824091	harbor2	chr8	135682138	135682194	LTR/ERVL-MaLR	466	+	28	135682166	58075
chr8	135624091	135824091	harbor2	chr8	135703267	135703655	LTR/ERVL-MaLR	1667	+	194	135703461	79370
chr8	135624091	135824091	harbor2	chr8	135704290	135704614	LTR/ERVL-MaLR	921	+	162	135704452	80361
chr8	135624091	135824091	harbor2	chr8	135706901	135707278	LTR/ERVL-MaLR	1829	+	188	135707089	82998
chr8	135624091	135824091	harbor2	chr8	135716120	135716483	LTR/ERVL-MaLR	1505	+	182	135716302	92211
chr8	135624091	135824091	harbor2	chr8	135720209	135720518	LTR/ERVL-MaLR	380	+	154	135720363	96272
chr8	134503652	134703652	harbor2	chr8	134505371	134505899	LTR/ERVL-MaLR	1880	+	264	134505635	1983
chr8	134503652	134703652	harbor2	chr8	134526912	134527385	LTR/ERVL-MaLR	2324	+	236	134527148	23496
chr8	134503652	134703652	harbor2	chr8	134541134	134541561	LTR/ERVL-MaLR	2255	+	214	134541348	37696
chr8	134503652	134703652	harbor2	chr8	134561890	134562401	LTR/ERVL-MaLR	1994	+	256	134562146	58494
chr8	134503652	134703652	harbor2	chr8	134575153	134575612	LTR/ERVL-MaLR	1866	+	230	134575383	71731
chr8	134503652	134703652	harbor2	chr8	134591517	134591965	LTR/ERVL-MaLR	2427	+	224	134591741	88089
chr8	94861883	95061883	harbor2	chr8	94915914	94916086	LTR/ERVL-MaLR	615	+	86	94916000	54117
chr8	94861883	95061883	harbor2	chr8	94950943	94951438	LTR/ERVL-MaLR	1000	+	248	94951191	89308
chr8	120068491	120268491	harbor2	chr8	120078396	120078812	LTR/ERVL-MaLR	2002	+	208	120078604	10113
chr8	120068491	120268491	harbor2	chr8	120091569	120091985	LTR/ERVL-MaLR	2560	+	208	120091777	23286
chr8	120068491	120268491	harbor2	chr8	120117466	120117830	LTR/ERVL-MaLR	1572	+	182	120117648	49157
chr8	120068491	120268491	harbor2	chr8	120151671	120152167	LTR/ERVL-MaLR	1703	+	248	120151919	83428
chr8	126045451	126245451	harbor2	chr8	126059169	126059297	LTR/ERVL-MaLR	1741	+	64	126059233	13782
chr8	126045451	126245451	harbor2	chr8	126059508	126059762	LTR/ERVL-MaLR	1741	+	127	126059635	14184
chr8	126045451	126245451	harbor2	chr8	126063518	126063772	LTR/ERVL-MaLR	870	+	127	126063645	18194
chr8	126045451	126245451	harbor2	chr8	126075148	126075241	LTR/ERVL-MaLR	649	+	46	126075194	29743
chr8	126045451	126245451	harbor2	chr8	126075432	126075825	LTR/ERVL-MaLR	1797	+	196	126075628	30177
chr8	126045451	126245451	harbor2	chr8	126130002	126130359	LTR/ERVL-MaLR	2052	+	178	126130180	84729
chr8	126045451	126245451	harbor2	chr8	126130436	126130862	LTR/ERVL-MaLR	1573	+	213	126130649	85198
chr8	126045451	126245451	harbor2	chr8	126132681	126133082	LTR/ERVL-MaLR	895	+	200	126132881	87430
chr8	126045451	126245451	harbor2	chr8	126138772	126139164	LTR/ERVL-MaLR	2140	+	196	126138968	93517
chr8	138799288	138999288	harbor2	chr8	138813218	138813577	LTR/ERVL-MaLR	2276	+	180	138813398	14110
chr8	138799288	138999288	harbor2	chr8	138814353	138814839	LTR/ERVL-MaLR	1376	+	243	138814596	15308
chr8	138799288	138999288	harbor2	chr8	138814899	138815239	LTR/ERVL-MaLR	2316	+	170	138815069	15781
chr8	138799288	138999288	harbor2	chr8	138827210	138827535	LTR/ERVL-MaLR	1316	+	162	138827372	28084
chr8	138799288	138999288	harbor2	chr8	138883532	138883889	LTR/ERVL-MaLR	1789	+	178	138883710	84422
chr8	102781874	102981874	harbor2	chr8	102786809	102787127	LTR/ERVL-MaLR	1239	+	159	102786968	5094
chr8	102781874	102981874	harbor2	chr8	102787405	102787448	LTR/ERVL-MaLR	1239	+	22	102787427	5553
chr8	102781874	102981874	harbor2	chr8	102792596	102792772	LTR/ERVL-MaLR	490	+	88	102792684	10810
chr8	102781874	102981874	harbor2	chr8	102797680	102797792	LTR/ERVL-MaLR	479	+	56	102797736	15862
chr8	102781874	102981874	harbor2	chr8	102817505	102817909	LTR/ERVL-MaLR	1542	+	202	102817707	35833
chr8	102781874	102981874	harbor2	chr8	102820080	102820406	LTR/ERVL-MaLR	1555	+	163	102820243	38369
chr8	102781874	102981874	harbor2	chr8	102870141	102870500	LTR/ERVL-MaLR	1950	+	180	102870321	88447
chr8	102781874	102981874	harbor2	chr8	102878911	102879276	LTR/ERVL-MaLR	2325	+	182	102879093	97219
chr8	102781874	102981874	harbor2	chr8	102879603	102879661	LTR/ERVL-MaLR	2325	+	29	102879632	97758
chr8	102781874	102981874	harbor2	chr8	102879686	102880046	LTR/ERVL-MaLR	1841	+	180	102879866	97992
chr8	102781874	102981874	harbor2	chr8	102792874	102793309	LTR/ERVL-MaLR	2150	+	218	102793092	11218
chr8	138679488	138879488	harbor2	chr8	138683444	138683829	LTR/ERVL-MaLR	980	+	192	138683636	4148
chr8	138679488	138879488	harbor2	chr8	138685474	138685872	LTR/ERVL-MaLR	1373	+	199	138685673	6185
chr8	138679488	138879488	harbor2	chr8	138748863	138749272	LTR/ERVL-MaLR	1962	+	204	138749067	69579
chr8	138679488	138879488	harbor2	chr8	138749892	138750260	LTR/ERVL-MaLR	2554	+	184	138750076	70588
chr8	138679488	138879488	harbor2	chr8	138757867	138758423	LTR/ERVL-MaLR	1302	+	278	138758145	78657
chr8	144318364	144518364	harbor2	chr8	144344252	144344547	LTR/ERVL-MaLR	568	+	148	144344400	26036
chr8	144318364	144518364	harbor2	chr8	144345459	144345506	LTR/ERVL-MaLR	568	+	24	144345483	27119
chr8	144318364	144518364	harbor2	chr8	144345507	144345626	LTR/ERVL-MaLR	391	+	60	144345567	27203
chr8	144318364	144518364	harbor2	chr8	144378259	144378597	LTR/ERVL-MaLR	1764	+	169	144378428	60064
chr8	144318364	144518364	harbor2	chr8	144378894	144378932	LTR/ERVL-MaLR	1764	+	19	144378913	60549
chr8	144318364	144518364	harbor2	chr8	144379233	144379272	LTR/ERVL-MaLR	1764	+	20	144379253	60889
chr8	144318364	144518364	harbor2	chr8	144406868	144406926	LTR/ERVL-MaLR	530	+	29	144406897	88533
chr8	144318364	144518364	harbor2	chr8	144407846	144408038	LTR/ERVL-MaLR	530	+	96	144407942	89578
chr8	144318364	144518364	harbor2	chr8	144411767	144412019	LTR/ERVL-MaLR	899	+	126	144411893	93529
chr8	135352639	135552639	harbor2	chr8	135355721	135356084	LTR/ERVL-MaLR	2326	+	182	135355903	3264
chr8	135352639	135552639	harbor2	chr8	135357578	135357995	LTR/ERVL-MaLR	1491	+	208	135357786	5147
chr8	135352639	135552639	harbor2	chr8	135358260	135358324	LTR/ERVL-MaLR	468	+	32	135358292	5653
chr8	135352639	135552639	harbor2	chr8	135372479	135372864	LTR/ERVL-MaLR	2242	+	192	135372671	20032
chr8	135352639	135552639	harbor2	chr8	135390557	135391078	LTR/ERVL-MaLR	1075	+	260	135390817	38178
chr8	135352639	135552639	harbor2	chr8	135394761	135394917	LTR/ERVL-MaLR	377	+	78	135394839	42200
chr8	135352639	135552639	harbor2	chr8	135414019	135414981	LTR/ERVL-MaLR	2658	+	481	135414500	61861
chr8	135352639	135552639	harbor2	chr8	135414985	135415247	LTR/ERVL-MaLR	702	+	131	135415116	62477
chr8	135352639	135552639	harbor2	chr8	135425138	135425461	LTR/ERVL-MaLR	1429	+	162	135425300	72661
chr8	138099717	138299717	harbor2	chr8	138114045	138114385	LTR/ERVL-MaLR	2233	+	170	138114215	14498
chr8	138099717	138299717	harbor2	chr8	138163409	138163766	LTR/ERVL-MaLR	2127	+	178	138163587	63870
chr8	138099717	138299717	harbor2	chr8	138198028	138198387	LTR/ERVL-MaLR	2732	+	180	138198208	98491
chr8	127597199	127797199	harbor2	chr8	127597091	127597556	LTR/ERVL-MaLR	2403	+	232	127597323	124
chr8	127597199	127797199	harbor2	chr8	127611112	127611556	LTR/ERVL-MaLR	874	+	222	127611334	14135
chr8	127597199	127797199	harbor2	chr8	127612694	127613084	LTR/ERVL-MaLR	1299	+	195	127612889	15690
chr8	127597199	127797199	harbor2	chr8	127613653	127613808	LTR/ERVL-MaLR	1101	+	78	127613731	16532
chr8	127597199	127797199	harbor2	chr8	127614090	127614375	LTR/ERVL-MaLR	1101	+	142	127614232	17033
chr8	127597199	127797199	harbor2	chr8	127633660	127633813	LTR/ERVL-MaLR	459	+	76	127633736	36537
chr8	127597199	127797199	harbor2	chr8	127637013	127637221	LTR/ERVL-MaLR	471	+	104	127637117	39918
chr8	127597199	127797199	harbor2	chr8	127661641	127661783	LTR/ERVL-MaLR	402	+	71	127661712	64513
chr8	127597199	127797199	harbor2	chr8	127661856	127662253	LTR/ERVL-MaLR	1113	+	198	127662054	64855
chr8	127597199	127797199	harbor2	chr8	127664732	127665225	LTR/ERVL-MaLR	1897	+	246	127664978	67779
chr8	114873710	115073710	harbor2	chr8	114936384	114936917	LTR/ERVL-MaLR	1621	+	266	114936650	62940
chr8	114873710	115073710	harbor2	chr8	114950477	114950745	LTR/ERVL-MaLR	2043	+	134	114950611	76901
chr8	114873710	115073710	harbor2	chr8	114951595	114951721	LTR/ERVL-MaLR	2043	+	63	114951658	77948
chr8	114873710	115073710	harbor2	chr8	114966572	114966940	LTR/ERVL-MaLR	2474	+	184	114966756	93046
chr8	114873710	115073710	harbor2	chr8	114966942	114968521	LTR/ERVL-MaLR	11085	+	790	114967732	94022
chr8	114873710	115073710	harbor2	chr8	114968523	114968891	LTR/ERVL-MaLR	2322	+	184	114968707	94997
chr8	122708832	122908832	harbor2	chr8	122711140	122711496	LTR/ERVL-MaLR	2566	+	178	122711318	2486
chr8	122708832	122908832	harbor2	chr8	122711497	122711859	LTR/ERVL-MaLR	11525	+	181	122711678	2846
chr8	122708832	122908832	harbor2	chr8	122712172	122713391	LTR/ERVL-MaLR	11525	+	610	122712782	3950
chr8	122708832	122908832	harbor2	chr8	122713392	122713745	LTR/ERVL-MaLR	2770	+	176	122713568	4736
chr8	122708832	122908832	harbor2	chr8	122718270	122718371	LTR/ERVL-MaLR	405	+	50	122718320	9488
chr8	122708832	122908832	harbor2	chr8	122718510	122718856	LTR/ERVL-MaLR	2565	+	173	122718683	9851
chr8	122708832	122908832	harbor2	chr8	122718857	122719145	LTR/ERVL-MaLR	2225	+	144	122719001	10169
chr8	122708832	122908832	harbor2	chr8	122719144	122719374	LTR/ERVL-MaLR	1656	+	115	122719259	10427
chr8	122708832	122908832	harbor2	chr8	122719375	122719510	LTR/ERVL-MaLR	474	+	68	122719443	10611
chr8	122708832	122908832	harbor2	chr8	122732643	122733165	LTR/ERVL-MaLR	2127	+	261	122732904	24072
chr8	122708832	122908832	harbor2	chr8	122747191	122747685	LTR/ERVL-MaLR	1699	+	247	122747438	38606
chr8	122708832	122908832	harbor2	chr8	122763182	122763552	LTR/ERVL-MaLR	2167	+	185	122763367	54535
chr8	122708832	122908832	harbor2	chr8	122773440	122773636	LTR/ERVL-MaLR	1072	+	98	122773538	64706
chr8	122708832	122908832	harbor2	chr8	122715620	122716192	LTR/ERVL-MaLR	1430	+	286	122715906	7074
chr8	109628355	109828355	harbor2	chr8	109681755	109682126	LTR/ERVL-MaLR	2602	+	186	109681941	53586
chr8	109628355	109828355	harbor2	chr8	109682127	109683694	LTR/ERVL-MaLR	10154	+	784	109682911	54556
chr8	109628355	109828355	harbor2	chr8	109683695	109684072	LTR/ERVL-MaLR	2561	+	188	109683883	55528
chr8	124087151	124287151	harbor2	chr8	124127509	124127773	LTR/ERVL-MaLR	371	+	132	124127641	40490
chr8	124087151	124287151	harbor2	chr8	124176215	124176672	LTR/ERVL-MaLR	1989	+	228	124176443	89292
chr8	132921795	133121795	harbor2	chr8	132943129	132943512	LTR/ERVL-MaLR	2149	+	192	132943321	21526
chr8	132921795	133121795	harbor2	chr8	132982819	132983219	LTR/ERVL-MaLR	863	+	200	132983019	61224
chr8	132921795	133121795	harbor2	chr8	133009562	133009923	LTR/ERVL-MaLR	1553	+	180	133009742	87947
chr8	144907691	145107691	harbor2	chr8	144911233	144911600	LTR/ERVL-MaLR	2352	+	184	144911417	3726
chr8	144907691	145107691	harbor2	chr8	144911601	144912018	LTR/ERVL-MaLR	5477	+	208	144911809	4118
chr8	144907691	145107691	harbor2	chr8	144912318	144913073	LTR/ERVL-MaLR	5477	+	378	144912696	5005
chr8	144907691	145107691	harbor2	chr8	144913074	144913439	LTR/ERVL-MaLR	2505	+	182	144913256	5565
chr8	144907691	145107691	harbor2	chr8	144948802	144949111	LTR/ERVL-MaLR	734	+	154	144948956	41265
chr8	144907691	145107691	harbor2	chr8	144951783	144952054	LTR/ERVL-MaLR	2170	+	136	144951919	44228
chr8	144907691	145107691	harbor2	chr8	144983181	144983593	LTR/ERVL-MaLR	2791	+	206	144983387	75696
chr8	144907691	145107691	harbor2	chr8	144984151	144984511	LTR/ERVL-MaLR	2033	+	180	144984331	76640
chr8	99874130	100074130	harbor2	chr8	99891098	99891260	LTR/ERVL-MaLR	844	+	81	99891179	17049
chr8	99874130	100074130	harbor2	chr8	99891554	99891741	LTR/ERVL-MaLR	726	+	94	99891648	17518
chr8	99874130	100074130	harbor2	chr8	99895410	99895514	LTR/ERVL-MaLR	587	+	52	99895462	21332
chr8	99874130	100074130	harbor2	chr8	99895812	99895972	LTR/ERVL-MaLR	587	+	80	99895892	21762
chr8	99874130	100074130	harbor2	chr8	99901110	99901515	LTR/ERVL-MaLR	1003	+	202	99901312	27182
chr8	99874130	100074130	harbor2	chr8	99912102	99912452	LTR/ERVL-MaLR	2313	+	175	99912277	38147
chr8	99874130	100074130	harbor2	chr8	99923290	99923654	LTR/ERVL-MaLR	613	+	182	99923472	49342
chr8	99874130	100074130	harbor2	chr8	99923960	99924026	LTR/ERVL-MaLR	613	+	33	99923993	49863
chr8	99874130	100074130	harbor2	chr8	99950462	99950706	LTR/ERVL-MaLR	930	+	122	99950584	76454
chr8	99874130	100074130	harbor2	chr8	99961294	99961663	LTR/ERVL-MaLR	2683	+	184	99961478	87348
chr8	80972715	81172715	harbor2	chr8	80986604	80987010	LTR/ERVL-MaLR	891	+	203	80986807	14092
chr8	80972715	81172715	harbor2	chr8	80990787	80991259	LTR/ERVL-MaLR	2339	+	236	80991023	18308
chr8	80972715	81172715	harbor2	chr8	81011205	81011562	LTR/ERVL-MaLR	2105	+	178	81011383	38668
chr8	80972715	81172715	harbor2	chr8	81015770	81016265	LTR/ERVL-MaLR	1445	+	248	81016018	43303
chr8	80972715	81172715	harbor2	chr8	81016648	81017174	LTR/ERVL-MaLR	1609	+	263	81016911	44196
chr8	80972715	81172715	harbor2	chr8	81018448	81018810	LTR/ERVL-MaLR	2635	+	181	81018629	45914
chr8	80972715	81172715	harbor2	chr8	81020334	81020693	LTR/ERVL-MaLR	2648	+	180	81020514	47799
chr8	80972715	81172715	harbor2	chr8	81039185	81039616	LTR/ERVL-MaLR	1750	+	216	81039401	66686
chr8	80972715	81172715	harbor2	chr8	81044170	81044642	LTR/ERVL-MaLR	1700	+	236	81044406	71691
chr8	80972715	81172715	harbor2	chr8	81018811	81020333	LTR/ERVL-MaLR	10585	+	761	81019572	46857
chr8	139109057	139309057	harbor2	chr8	139175887	139176255	LTR/ERVL-MaLR	936	+	184	139176071	67014
chr8	139109057	139309057	harbor2	chr8	139176842	139177196	LTR/ERVL-MaLR	1337	+	177	139177019	67962
chr8	139109057	139309057	harbor2	chr8	139178191	139178399	LTR/ERVL-MaLR	725	+	104	139178295	69238
chr8	139109057	139309057	harbor2	chr8	139180946	139181281	LTR/ERVL-MaLR	2253	+	168	139181114	72057
chr8	139109057	139309057	harbor2	chr8	139182840	139183200	LTR/ERVL-MaLR	2556	+	180	139183020	73963
chr8	139109057	139309057	harbor2	chr8	139184859	139185254	LTR/ERVL-MaLR	2330	+	198	139185057	76000
chr8	139109057	139309057	harbor2	chr8	139187991	139188180	LTR/ERVL-MaLR	911	+	94	139188085	79028
chr8	139109057	139309057	harbor2	chr8	139199348	139199707	LTR/ERVL-MaLR	2597	+	180	139199528	90471
chr8	139109057	139309057	harbor2	chr8	139181282	139182839	LTR/ERVL-MaLR	9861	+	778	139182060	73003
chr8	139721502	139921502	harbor2	chr8	139733074	139733441	LTR/ERVL-MaLR	648	+	184	139733258	11756
chr8	139721502	139921502	harbor2	chr8	139738319	139738518	LTR/ERVL-MaLR	643	+	100	139738419	16917
chr8	139721502	139921502	harbor2	chr8	139768760	139769116	LTR/ERVL-MaLR	1425	+	178	139768938	47436
chr8	139721502	139921502	harbor2	chr8	139772777	139772935	LTR/ERVL-MaLR	710	+	79	139772856	51354
chr8	139721502	139921502	harbor2	chr8	139790737	139791115	LTR/ERVL-MaLR	1960	+	189	139790926	69424
chr8	139721502	139921502	harbor2	chr8	139799070	139799198	LTR/ERVL-MaLR	678	+	64	139799134	77632
chr8	105677264	105877264	harbor2	chr8	105686919	105687312	LTR/ERVL-MaLR	815	+	196	105687115	9851
chr8	115413793	115613793	harbor2	chr8	115415533	115415867	LTR/ERVL-MaLR	1117	+	167	115415700	1907
chr8	115413793	115613793	harbor2	chr8	115484932	115485517	LTR/ERVL-MaLR	2160	+	292	115485224	71431
chr9	6839634	7039634	harbor2	chr9	6914578	6914958	LTR/ERVL-MaLR	1619	+	190	6914768	75134
chr9	61772198	61972198	harbor2	chr9	61786511	61786930	LTR/ERVL-MaLR	2588	+	210	61786721	14523
chr9	61772198	61972198	harbor2	chr9	61786931	61788484	LTR/ERVL-MaLR	8241	+	776	61787707	15509
chr9	61772198	61972198	harbor2	chr9	61788490	61788915	LTR/ERVL-MaLR	2299	+	212	61788702	16504
chr9	61772198	61972198	harbor2	chr9	61807658	61807814	LTR/ERVL-MaLR	715	+	78	61807736	35538
chr9	61772198	61972198	harbor2	chr9	61808991	61809354	LTR/ERVL-MaLR	1991	+	182	61809173	36975
chr9	61772198	61972198	harbor2	chr9	61809355	61810924	LTR/ERVL-MaLR	11512	+	784	61810139	37941
chr9	61772198	61972198	harbor2	chr9	61810933	61811293	LTR/ERVL-MaLR	1934	+	180	61811113	38915
chr9	61772198	61972198	harbor2	chr9	61816906	61817275	LTR/ERVL-MaLR	1932	+	184	61817090	44892
chr9	61772198	61972198	harbor2	chr9	61816109	61816905	LTR/ERVL-MaLR	5338	+	398	61816507	44309
chr9	133995964	134195964	harbor2	chr9	134007139	134007573	LTR/ERVL-MaLR	1007	+	217	134007356	11392
chr9	133995964	134195964	harbor2	chr9	134080893	134081136	LTR/ERVL-MaLR	1501	+	122	134081015	85051
chr9	133995964	134195964	harbor2	chr9	134081433	134081620	LTR/ERVL-MaLR	1347	+	94	134081527	85563
chr9	133995964	134195964	harbor2	chr9	134085385	134085520	LTR/ERVL-MaLR	581	+	68	134085453	89489
chr9	133995964	134195964	harbor2	chr9	134085613	134085982	LTR/ERVL-MaLR	1762	+	184	134085797	89833
chr9	133995964	134195964	harbor2	chr9	134095774	134095856	LTR/ERVL-MaLR	1876	+	41	134095815	99851
chr9	129171771	129371771	harbor2	chr9	129206629	129206853	LTR/ERVL-MaLR	637	+	112	129206741	34970
chr9	129171771	129371771	harbor2	chr9	129207274	129207368	LTR/ERVL-MaLR	637	+	47	129207321	35550
chr9	129171771	129371771	harbor2	chr9	129234200	129234497	LTR/ERVL-MaLR	593	+	148	129234348	62577
chr9	129171771	129371771	harbor2	chr9	129248491	129248887	LTR/ERVL-MaLR	2632	+	198	129248689	76918
chr9	129171771	129371771	harbor2	chr9	129267730	129268023	LTR/ERVL-MaLR	1680	+	146	129267876	96105
chr9	129171771	129371771	harbor2	chr9	129268756	129269190	LTR/ERVL-MaLR	1426	+	217	129268973	97202
chr9	127519830	127719830	harbor2	chr9	127520132	127520229	LTR/ERVL-MaLR	1703	+	48	127520180	350
chr9	127519830	127719830	harbor2	chr9	127520538	127520633	LTR/ERVL-MaLR	1703	+	48	127520586	756
chr9	127519830	127719830	harbor2	chr9	127520914	127521142	LTR/ERVL-MaLR	1703	+	114	127521028	1198
chr9	127519830	127719830	harbor2	chr9	127601816	127602012	LTR/ERVL-MaLR	1101	+	98	127601914	82084
chr9	87800991	88000991	harbor2	chr9	87809680	87810289	LTR/ERVL-MaLR	2117	+	304	87809984	8993
chr9	87800991	88000991	harbor2	chr9	87878004	87878319	LTR/ERVL-MaLR	1744	+	158	87878162	77171
chr9	87800991	88000991	harbor2	chr9	87878909	87878952	LTR/ERVL-MaLR	1744	+	22	87878931	77940
chr9	126283861	126483861	harbor2	chr9	126291213	126291308	LTR/ERVL-MaLR	487	+	48	126291261	7400
chr9	126283861	126483861	harbor2	chr9	126300577	126301067	LTR/ERVL-MaLR	1313	+	245	126300822	16961
chr9	126283861	126483861	harbor2	chr9	126301099	126301422	LTR/ERVL-MaLR	939	+	162	126301261	17400
chr9	126283861	126483861	harbor2	chr9	126309848	126310209	LTR/ERVL-MaLR	1693	+	180	126310028	26167
chr9	126283861	126483861	harbor2	chr9	126310866	126311087	LTR/ERVL-MaLR	428	+	110	126310976	27115
chr9	126283861	126483861	harbor2	chr9	126318516	126318675	LTR/ERVL-MaLR	434	+	80	126318596	34735
chr9	126283861	126483861	harbor2	chr9	126356609	126357027	LTR/ERVL-MaLR	2240	+	209	126356818	72957
chr9	86395629	86595629	harbor2	chr9	86404098	86404441	LTR/ERVL-MaLR	1776	+	172	86404270	8641
chr9	86395629	86595629	harbor2	chr9	86439072	86439252	LTR/ERVL-MaLR	1839	+	90	86439162	43533
chr9	86395629	86595629	harbor2	chr9	86439550	86439756	LTR/ERVL-MaLR	1839	+	103	86439653	44024
chr9	86395629	86595629	harbor2	chr9	86451150	86451518	LTR/ERVL-MaLR	777	+	184	86451334	55705
chr9	86395629	86595629	harbor2	chr9	86487950	86488184	LTR/ERVL-MaLR	776	+	117	86488067	92438
chr9	86395629	86595629	harbor2	chr9	86489104	86489245	LTR/ERVL-MaLR	788	+	70	86489174	93545
chr9	86395629	86595629	harbor2	chr9	86492605	86492988	LTR/ERVL-MaLR	1926	+	192	86492797	97168
chr9	134006116	134206116	harbor2	chr9	134007139	134007573	LTR/ERVL-MaLR	1007	+	217	134007356	1240
chr9	134006116	134206116	harbor2	chr9	134080893	134081136	LTR/ERVL-MaLR	1501	+	122	134081015	74899
chr9	134006116	134206116	harbor2	chr9	134081433	134081620	LTR/ERVL-MaLR	1347	+	94	134081527	75411
chr9	134006116	134206116	harbor2	chr9	134085385	134085520	LTR/ERVL-MaLR	581	+	68	134085453	79337
chr9	134006116	134206116	harbor2	chr9	134085613	134085982	LTR/ERVL-MaLR	1762	+	184	134085797	79681
chr9	134006116	134206116	harbor2	chr9	134095774	134095856	LTR/ERVL-MaLR	1876	+	41	134095815	89699
chr9	134006116	134206116	harbor2	chr9	134096150	134096428	LTR/ERVL-MaLR	1876	+	139	134096289	90173
chr9	131975283	132175283	harbor2	chr9	131982061	131982535	LTR/ERVL-MaLR	948	+	237	131982298	7015
chr9	131975283	132175283	harbor2	chr9	132009277	132009804	LTR/ERVL-MaLR	2357	+	264	132009541	34258
chr9	131975283	132175283	harbor2	chr9	132021644	132022024	LTR/ERVL-MaLR	1788	+	190	132021834	46551
chr9	131975283	132175283	harbor2	chr9	132045656	132046049	LTR/ERVL-MaLR	933	+	196	132045852	70569
chr9	131975283	132175283	harbor2	chr9	132054093	132054424	LTR/ERVL-MaLR	1792	+	166	132054259	78976
chr9	131975283	132175283	harbor2	chr9	132054706	132054778	LTR/ERVL-MaLR	1792	+	36	132054742	79459
chr9	131975283	132175283	harbor2	chr9	132056825	132057190	LTR/ERVL-MaLR	461	+	182	132057007	81724
chr9	131975283	132175283	harbor2	chr9	132058275	132058686	LTR/ERVL-MaLR	1468	+	206	132058481	83198
chr9	62693597	62893597	harbor2	chr9	62700397	62700675	LTR/ERVL-MaLR	1193	+	139	62700536	6939
chr9	62693597	62893597	harbor2	chr9	62700986	62701051	LTR/ERVL-MaLR	1193	+	32	62701018	7421
chr9	62693597	62893597	harbor2	chr9	62702803	62702936	LTR/ERVL-MaLR	877	+	66	62702869	9272
chr9	62693597	62893597	harbor2	chr9	62703287	62703489	LTR/ERVL-MaLR	877	+	101	62703388	9791
chr9	62693597	62893597	harbor2	chr9	62701054	62702797	LTR/ERVL-MaLR	7294	+	872	62701926	8329
chr9	89188340	89388340	harbor2	chr9	89202627	89202963	LTR/ERVL-MaLR	2078	+	168	89202795	14455
chr9	89188340	89388340	harbor2	chr9	89208349	89208715	LTR/ERVL-MaLR	2046	+	183	89208532	20192
chr9	89188340	89388340	harbor2	chr9	89220802	89221094	LTR/ERVL-MaLR	1468	+	146	89220948	32608
chr9	89188340	89388340	harbor2	chr9	89237298	89237662	LTR/ERVL-MaLR	1631	+	182	89237480	49140
chr9	89188340	89388340	harbor2	chr9	89257502	89257540	LTR/ERVL-MaLR	1023	+	19	89257521	69181
chr9	89188340	89388340	harbor2	chr9	89257842	89258138	LTR/ERVL-MaLR	1023	+	148	89257990	69650
chr9	89188340	89388340	harbor2	chr9	89262249	89262389	LTR/ERVL-MaLR	437	+	70	89262319	73979
chr9	89188340	89388340	harbor2	chr9	89281820	89282191	LTR/ERVL-MaLR	1627	+	186	89282006	93666
chr9	89188340	89388340	harbor2	chr9	89286131	89286223	LTR/ERVL-MaLR	1236	+	46	89286177	97837
chr9	89188340	89388340	harbor2	chr9	89286537	89286839	LTR/ERVL-MaLR	1236	+	151	89286688	98348
chr9	118317055	118517055	harbor2	chr9	118325317	118325858	LTR/ERVL-MaLR	1686	+	270	118325587	8532
chr9	118317055	118517055	harbor2	chr9	118337005	118337415	LTR/ERVL-MaLR	1206	+	205	118337210	20155
chr9	118317055	118517055	harbor2	chr9	118346738	118347118	LTR/ERVL-MaLR	1092	+	190	118346928	29873
chr9	118317055	118517055	harbor2	chr9	118392869	118393298	LTR/ERVL-MaLR	2361	+	214	118393083	76028
chr9	118317055	118517055	harbor2	chr9	118400293	118400675	LTR/ERVL-MaLR	1975	+	191	118400484	83429
chr9	105638242	105838242	harbor2	chr9	105642747	105643140	LTR/ERVL-MaLR	2192	+	196	105642943	4701
chr9	105638242	105838242	harbor2	chr9	105727700	105728089	LTR/ERVL-MaLR	2304	+	194	105727894	89652
chr9	70822425	71022425	harbor2	chr9	70834498	70834881	LTR/ERVL-MaLR	1608	+	192	70834690	12265
chr9	70822425	71022425	harbor2	chr9	70834882	70835291	LTR/ERVL-MaLR	2324	+	204	70835086	12661
chr9	70822425	71022425	harbor2	chr9	70835292	70835346	LTR/ERVL-MaLR	1608	+	27	70835319	12894
chr9	70822425	71022425	harbor2	chr9	70838240	70838539	LTR/ERVL-MaLR	1257	+	150	70838390	15965
chr9	70822425	71022425	harbor2	chr9	70914034	70914425	LTR/ERVL-MaLR	1888	+	196	70914230	91805
chr9	70822425	71022425	harbor2	chr9	70921689	70921913	LTR/ERVL-MaLR	809	+	112	70921801	99376
chr9	117913215	118113215	harbor2	chr9	117929962	117930254	LTR/ERVL-MaLR	533	+	146	117930108	16893
chr9	117913215	118113215	harbor2	chr9	117930265	117930696	LTR/ERVL-MaLR	737	+	216	117930481	17266
chr9	117913215	118113215	harbor2	chr9	117985866	117986236	LTR/ERVL-MaLR	2225	+	185	117986051	72836
chr9	133245008	133445008	harbor2	chr9	133260155	133260602	LTR/ERVL-MaLR	686	+	224	133260379	15371
chr9	133245008	133445008	harbor2	chr9	133324805	133325185	LTR/ERVL-MaLR	1279	+	190	133324995	79987
chr9	14200108	14400108	harbor2	chr9	14246788	14247199	LTR/ERVL-MaLR	1181	+	206	14246994	46886
chr9	14200108	14400108	harbor2	chr9	14248578	14249058	LTR/ERVL-MaLR	854	+	240	14248818	48710
chr9	14200108	14400108	harbor2	chr9	14265251	14265635	LTR/ERVL-MaLR	1628	+	192	14265443	65335
chr9	14200108	14400108	harbor2	chr9	14296445	14296793	LTR/ERVL-MaLR	1584	+	174	14296619	96511
chr9	91365178	91565178	harbor2	chr9	91366978	91367098	LTR/ERVL-MaLR	719	+	60	91367038	1860
chr9	91365178	91565178	harbor2	chr9	91378038	91378417	LTR/ERVL-MaLR	2566	+	190	91378228	13050
chr9	91365178	91565178	harbor2	chr9	91394472	91394856	LTR/ERVL-MaLR	2274	+	192	91394664	29486
chr9	117135775	117335775	harbor2	chr9	117143941	117144298	LTR/ERVL-MaLR	1282	+	178	117144119	8344
chr9	117135775	117335775	harbor2	chr9	117153045	117153243	LTR/ERVL-MaLR	536	+	99	117153144	17369
chr9	117135775	117335775	harbor2	chr9	117171498	117171869	LTR/ERVL-MaLR	2269	+	186	117171684	35909
chr9	117135775	117335775	harbor2	chr9	117187398	117187827	LTR/ERVL-MaLR	2240	+	214	117187612	51837
chr9	117135775	117335775	harbor2	chr9	117211292	117211679	LTR/ERVL-MaLR	2059	+	194	117211486	75711
chr9	117135775	117335775	harbor2	chr9	117220427	117220818	LTR/ERVL-MaLR	1664	+	196	117220623	84848
chr9	106084886	106284886	harbor2	chr9	106107681	106108230	LTR/ERVL-MaLR	2162	+	274	106107955	23069
chr9	106084886	106284886	harbor2	chr9	106117075	106117428	LTR/ERVL-MaLR	2241	+	176	106117251	32365
chr9	106084886	106284886	harbor2	chr9	106129907	106130082	LTR/ERVL-MaLR	724	+	88	106129995	45109
chr9	106084886	106284886	harbor2	chr9	106139208	106139682	LTR/ERVL-MaLR	1919	+	237	106139445	54559
chr9	106084886	106284886	harbor2	chr9	106163265	106163514	LTR/ERVL-MaLR	1683	+	124	106163389	78503
chr9	106084886	106284886	harbor2	chr9	106163789	106164101	LTR/ERVL-MaLR	1683	+	156	106163945	79059
chr9	138245892	138445892	harbor2	chr9	138254769	138255086	LTR/ERVL-MaLR	1672	+	158	138254927	9035
chr9	138245892	138445892	harbor2	chr9	138265210	138265567	LTR/ERVL-MaLR	1543	+	178	138265388	19496
chr9	138245892	138445892	harbor2	chr9	138295331	138295711	LTR/ERVL-MaLR	2119	+	190	138295521	49629
chr9	138245892	138445892	harbor2	chr9	138305527	138305886	LTR/ERVL-MaLR	1968	+	180	138305707	59815
chr9	138245892	138445892	harbor2	chr9	138305887	138307450	LTR/ERVL-MaLR	11079	+	782	138306669	60777
chr9	138245892	138445892	harbor2	chr9	138307451	138307808	LTR/ERVL-MaLR	1802	+	178	138307629	61737
chr9	95420410	95620410	harbor2	chr9	95428876	95429263	LTR/ERVL-MaLR	1867	+	194	95429070	8660
chr9	95420410	95620410	harbor2	chr9	95429914	95430249	LTR/ERVL-MaLR	1929	+	168	95430082	9672
chr9	95420410	95620410	harbor2	chr9	95431012	95431197	LTR/ERVL-MaLR	708	+	92	95431104	10694
chr9	79996081	80196081	harbor2	chr9	79997415	79997824	LTR/ERVL-MaLR	2186	+	204	79997619	1538
chr9	79996081	80196081	harbor2	chr9	80022905	80023263	LTR/ERVL-MaLR	2532	+	179	80023084	27003
chr9	79996081	80196081	harbor2	chr9	80069414	80069781	LTR/ERVL-MaLR	1834	+	184	80069598	73517
chr9	79996081	80196081	harbor2	chr9	80080894	80081447	LTR/ERVL-MaLR	2283	+	276	80081170	85089
chr9	79996081	80196081	harbor2	chr9	80085682	80086045	LTR/ERVL-MaLR	2434	+	182	80085864	89783
chr9	128614084	128814084	harbor2	chr9	128641130	128641267	LTR/ERVL-MaLR	440	+	68	128641198	27114
chr9	109367266	109567266	harbor2	chr9	109370033	109370110	LTR/ERVL-MaLR	478	+	38	109370071	2805
chr9	109367266	109567266	harbor2	chr9	109370251	109370377	LTR/ERVL-MaLR	478	+	63	109370314	3048
chr9	109367266	109567266	harbor2	chr9	109371303	109371659	LTR/ERVL-MaLR	1445	+	178	109371481	4215
chr9	109367266	109567266	harbor2	chr9	109372995	109373425	LTR/ERVL-MaLR	1360	+	215	109373210	5944
chr9	109367266	109567266	harbor2	chr9	109373742	109374157	LTR/ERVL-MaLR	2550	+	208	109373950	6684
chr9	109367266	109567266	harbor2	chr9	109374214	109374443	LTR/ERVL-MaLR	472	+	114	109374328	7062
chr9	109367266	109567266	harbor2	chr9	109374755	109375084	LTR/ERVL-MaLR	791	+	164	109374919	7653
chr9	109367266	109567266	harbor2	chr9	109375171	109375523	LTR/ERVL-MaLR	2238	+	176	109375347	8081
chr9	109367266	109567266	harbor2	chr9	109424420	109424869	LTR/ERVL-MaLR	1155	+	224	109424644	57378
chr9	100513280	100713280	harbor2	chr9	100603323	100603672	LTR/ERVL-MaLR	2104	+	174	100603497	90217
chr9	111301942	111501942	harbor2	chr9	111307969	111308349	LTR/ERVL-MaLR	1511	+	190	111308159	6217
chr9	111301942	111501942	harbor2	chr9	111316162	111316673	LTR/ERVL-MaLR	1835	+	256	111316418	14476
chr9	111301942	111501942	harbor2	chr9	111368482	111368847	LTR/ERVL-MaLR	1854	+	182	111368664	66722
chr9	70818910	71018910	harbor2	chr9	70834498	70834881	LTR/ERVL-MaLR	1608	+	192	70834690	15780
chr9	70818910	71018910	harbor2	chr9	70834882	70835291	LTR/ERVL-MaLR	2324	+	204	70835086	16176
chr9	70818910	71018910	harbor2	chr9	70835292	70835346	LTR/ERVL-MaLR	1608	+	27	70835319	16409
chr9	70818910	71018910	harbor2	chr9	70838240	70838539	LTR/ERVL-MaLR	1257	+	150	70838390	19480
chr9	70818910	71018910	harbor2	chr9	70914034	70914425	LTR/ERVL-MaLR	1888	+	196	70914230	95320
chr9	98767974	98967974	harbor2	chr9	98770027	98770373	LTR/ERVL-MaLR	2382	+	173	98770200	2226
chr9	98767974	98967974	harbor2	chr9	98772044	98772522	LTR/ERVL-MaLR	1316	+	239	98772283	4309
chr9	98767974	98967974	harbor2	chr9	98776248	98776400	LTR/ERVL-MaLR	1137	+	76	98776324	8350
chr9	98767974	98967974	harbor2	chr9	98776701	98777006	LTR/ERVL-MaLR	1137	+	152	98776853	8879
chr9	98767974	98967974	harbor2	chr9	98800226	98800393	LTR/ERVL-MaLR	668	+	84	98800310	32336
chr9	98767974	98967974	harbor2	chr9	98819189	98819281	LTR/ERVL-MaLR	556	+	46	98819235	51261
chr9	98767974	98967974	harbor2	chr9	98860039	98860137	LTR/ERVL-MaLR	406	+	49	98860088	92114
chr9	134492700	134692700	harbor2	chr9	134518651	134518987	LTR/ERVL-MaLR	1974	+	168	134518819	26119
chr9	78322709	78522709	harbor2	chr9	78389056	78389273	LTR/ERVL-MaLR	1136	+	108	78389164	66455
chr9	78322709	78522709	harbor2	chr9	78390288	78390404	LTR/ERVL-MaLR	474	+	58	78390346	67637
chr9	116929359	117129359	harbor2	chr9	116987126	116987298	LTR/ERVL-MaLR	977	+	86	116987212	57853
chr9	116929359	117129359	harbor2	chr9	116987448	116987653	LTR/ERVL-MaLR	1211	+	102	116987550	58191
chr9	116929359	117129359	harbor2	chr9	117011239	117011569	LTR/ERVL-MaLR	1913	+	165	117011404	82045
chr9	116929359	117129359	harbor2	chr9	117014598	117014987	LTR/ERVL-MaLR	2472	+	194	117014792	85433
chr9	116929359	117129359	harbor2	chr9	117024764	117025121	LTR/ERVL-MaLR	2384	+	178	117024942	95583
chr9	132609057	132809057	harbor2	chr9	132649048	132649107	LTR/ERVL-MaLR	915	+	30	132649078	40021
chr9	132609057	132809057	harbor2	chr9	132649242	132649639	LTR/ERVL-MaLR	915	+	198	132649440	40383
chr9	132609057	132809057	harbor2	chr9	132652630	132652986	LTR/ERVL-MaLR	2359	+	178	132652808	43751
chr9	71242022	71442022	harbor2	chr9	71248222	71248338	LTR/ERVL-MaLR	392	+	58	71248280	6258
chr9	71242022	71442022	harbor2	chr9	71248352	71248620	LTR/ERVL-MaLR	633	+	134	71248486	6464
chr9	71242022	71442022	harbor2	chr9	71270640	71271149	LTR/ERVL-MaLR	1505	+	254	71270894	28872
chr9	71242022	71442022	harbor2	chr9	71316353	71316837	LTR/ERVL-MaLR	2176	+	242	71316595	74573
chr9	71242022	71442022	harbor2	chr9	71333308	71333788	LTR/ERVL-MaLR	1603	+	240	71333548	91526
chr9	71242022	71442022	harbor2	chr9	71340355	71340697	LTR/ERVL-MaLR	2180	+	171	71340526	98504
chr9	82614346	82814346	harbor2	chr9	82619413	82619661	LTR/ERVL-MaLR	1265	+	124	82619537	5191
chr9	82614346	82814346	harbor2	chr9	82622703	82623138	LTR/ERVL-MaLR	2149	+	218	82622921	8575
chr9	82614346	82814346	harbor2	chr9	82623140	82623523	LTR/ERVL-MaLR	1877	+	192	82623332	8986
chr9	82614346	82814346	harbor2	chr9	82635396	82635791	LTR/ERVL-MaLR	1556	+	198	82635594	21248
chr9	82614346	82814346	harbor2	chr9	82660155	82660299	LTR/ERVL-MaLR	887	+	72	82660227	45881
chr9	82614346	82814346	harbor2	chr9	82660928	82661119	LTR/ERVL-MaLR	887	+	96	82661024	46678
chr9	82614346	82814346	harbor2	chr9	82665609	82665972	LTR/ERVL-MaLR	1817	+	182	82665791	51445
chr9	82614346	82814346	harbor2	chr9	82674910	82675332	LTR/ERVL-MaLR	1025	+	211	82675121	60775
chr9	82614346	82814346	harbor2	chr9	82681697	82681942	LTR/ERVL-MaLR	500	+	122	82681819	67473
chr9	131307406	131507406	harbor2	chr9	131316219	131316356	LTR/ERVL-MaLR	1159	+	68	131316287	8881
chr9	131307406	131507406	harbor2	chr9	131316651	131316799	LTR/ERVL-MaLR	1159	+	74	131316725	9319
chr9	131307406	131507406	harbor2	chr9	131323497	131323820	LTR/ERVL-MaLR	1440	+	162	131323659	16253
chr9	131307406	131507406	harbor2	chr9	131337501	131337670	LTR/ERVL-MaLR	825	+	84	131337585	30179
chr9	131307406	131507406	harbor2	chr9	131338793	131338952	LTR/ERVL-MaLR	477	+	80	131338873	31467
chr9	131307406	131507406	harbor2	chr9	131368913	131369101	LTR/ERVL-MaLR	1103	+	94	131369007	61601
chr9	131307406	131507406	harbor2	chr9	131376444	131376603	LTR/ERVL-MaLR	682	+	80	131376524	69118
chr9	83965099	84165099	harbor2	chr9	84048944	84049307	LTR/ERVL-MaLR	1534	+	182	84049126	84027
chr9	83965099	84165099	harbor2	chr9	84052331	84052556	LTR/ERVL-MaLR	1662	+	112	84052443	87344
chr9	83965099	84165099	harbor2	chr9	84052861	84052937	LTR/ERVL-MaLR	1662	+	38	84052899	87800
chr9	83965099	84165099	harbor2	chr9	84060254	84060637	LTR/ERVL-MaLR	2345	+	192	84060446	95347
chr9	110082390	110282390	harbor2	chr9	110149981	110150325	LTR/ERVL-MaLR	1597	+	172	110150153	67763
chr9	131756660	131956660	harbor2	chr9	131778762	131779231	LTR/ERVL-MaLR	2541	+	234	131778996	22336
chr9	131756660	131956660	harbor2	chr9	131790541	131790907	LTR/ERVL-MaLR	1126	+	183	131790724	34064
chr9	131756660	131956660	harbor2	chr9	131791165	131791260	LTR/ERVL-MaLR	1126	+	48	131791213	34553
chr9	131756660	131956660	harbor2	chr9	131796246	131796433	LTR/ERVL-MaLR	953	+	94	131796340	39680
chr9	131756660	131956660	harbor2	chr9	131803663	131803899	LTR/ERVL-MaLR	1627	+	118	131803781	47121
chr9	131756660	131956660	harbor2	chr9	131804118	131804300	LTR/ERVL-MaLR	1627	+	91	131804209	47549
chr9	131756660	131956660	harbor2	chr9	131833740	131833859	LTR/ERVL-MaLR	609	+	60	131833800	77140
chr9	131756660	131956660	harbor2	chr9	131834343	131834550	LTR/ERVL-MaLR	737	+	104	131834447	77787
chr9	131756660	131956660	harbor2	chr9	131844132	131844401	LTR/ERVL-MaLR	494	+	134	131844266	87606
chr9	131756660	131956660	harbor2	chr9	131844411	131844906	LTR/ERVL-MaLR	1175	+	248	131844659	87999
chr9	131756660	131956660	harbor2	chr9	131844938	131844960	LTR/ERVL-MaLR	1175	+	11	131844949	88289
chr9	131756660	131956660	harbor2	chr9	131848420	131848909	LTR/ERVL-MaLR	1021	+	244	131848664	92004
chr9	131756660	131956660	harbor2	chr9	131854418	131854764	LTR/ERVL-MaLR	487	+	173	131854591	97931
chr9	137398030	137598030	harbor2	chr9	137409010	137409432	LTR/ERVL-MaLR	1282	+	211	137409221	11191
chr9	137398030	137598030	harbor2	chr9	137437407	137437598	LTR/ERVL-MaLR	429	+	96	137437503	39473
chr9	137398030	137598030	harbor2	chr9	137468554	137468660	LTR/ERVL-MaLR	645	+	53	137468607	70577
chr9	93239757	93439757	harbor2	chr9	93325059	93325521	LTR/ERVL-MaLR	898	+	231	93325290	85533
chr9	93239757	93439757	harbor2	chr9	93332827	93333181	LTR/ERVL-MaLR	2574	+	177	93333004	93247
chr9	93239757	93439757	harbor2	chr9	93337301	93337687	LTR/ERVL-MaLR	2194	+	193	93337494	97737
chr9	93239757	93439757	harbor2	chr9	93337690	93339307	LTR/ERVL-MaLR	10979	+	808	93338498	98741
chr9	93239757	93439757	harbor2	chr9	93339308	93339683	LTR/ERVL-MaLR	2337	+	188	93339496	99739
chr9	39693318	39893318	harbor2	chr9	39697292	39697734	LTR/ERVL-MaLR	654	+	221	39697513	4195
chr9	39693318	39893318	harbor2	chr9	39722645	39722852	LTR/ERVL-MaLR	912	+	104	39722749	29431
chr9	109700567	109900567	harbor2	chr9	109709851	109710277	LTR/ERVL-MaLR	1709	+	213	109710064	9497
chr9	109700567	109900567	harbor2	chr9	109726110	109726612	LTR/ERVL-MaLR	1493	+	251	109726361	25794
chr9	117891421	118091421	harbor2	chr9	117929962	117930254	LTR/ERVL-MaLR	533	+	146	117930108	38687
chr9	117891421	118091421	harbor2	chr9	117930265	117930696	LTR/ERVL-MaLR	737	+	216	117930481	39060
chr9	117891421	118091421	harbor2	chr9	117985866	117986236	LTR/ERVL-MaLR	2225	+	185	117986051	94630
chr9	109676786	109876786	harbor2	chr9	109682819	109682924	LTR/ERVL-MaLR	433	+	52	109682871	6085
chr9	109676786	109876786	harbor2	chr9	109682924	109683298	LTR/ERVL-MaLR	2518	+	187	109683111	6325
chr9	109676786	109876786	harbor2	chr9	109683303	109683639	LTR/ERVL-MaLR	1144	+	168	109683471	6685
chr9	109676786	109876786	harbor2	chr9	109700150	109700513	LTR/ERVL-MaLR	2805	+	182	109700332	23546
chr9	109676786	109876786	harbor2	chr9	109709851	109710277	LTR/ERVL-MaLR	1709	+	213	109710064	33278
chr9	109676786	109876786	harbor2	chr9	109726110	109726612	LTR/ERVL-MaLR	1493	+	251	109726361	49575
chr9	96802644	97002644	harbor2	chr9	96814939	96815306	LTR/ERVL-MaLR	2186	+	184	96815123	12479
chr9	96802644	97002644	harbor2	chr9	96833970	96834106	LTR/ERVL-MaLR	1442	+	68	96834038	31394
chr9	96802644	97002644	harbor2	chr9	96834107	96834465	LTR/ERVL-MaLR	2199	+	179	96834286	31642
chr9	96802644	97002644	harbor2	chr9	96834466	96834756	LTR/ERVL-MaLR	1442	+	145	96834611	31967
chr9	96802644	97002644	harbor2	chr9	96834759	96836212	LTR/ERVL-MaLR	5413	+	726	96835485	32841
chr9	96802644	97002644	harbor2	chr9	96836501	96836650	LTR/ERVL-MaLR	5413	+	74	96836575	33931
chr9	96802644	97002644	harbor2	chr9	96836651	96837080	LTR/ERVL-MaLR	1992	+	214	96836865	34221
chr9	96802644	97002644	harbor2	chr9	96865232	96865585	LTR/ERVL-MaLR	2246	+	176	96865408	62764
chr9	96802644	97002644	harbor2	chr9	96865586	96867148	LTR/ERVL-MaLR	11360	+	781	96866367	63723
chr9	96802644	97002644	harbor2	chr9	96867155	96867524	LTR/ERVL-MaLR	2136	+	184	96867339	64695
chr9	108938793	109138793	harbor2	chr9	108966320	108966601	LTR/ERVL-MaLR	901	+	140	108966460	27667
chr9	108938793	109138793	harbor2	chr9	108971399	108971759	LTR/ERVL-MaLR	2267	+	180	108971579	32786
chr9	108938793	109138793	harbor2	chr9	108994652	108995168	LTR/ERVL-MaLR	1604	+	258	108994910	56117
chr9	108938793	109138793	harbor2	chr9	109001375	109001923	LTR/ERVL-MaLR	2248	+	274	109001649	62856
chr9	108938793	109138793	harbor2	chr9	109001924	109002078	LTR/ERVL-MaLR	3844	+	77	109002001	63208
chr9	108938793	109138793	harbor2	chr9	109002411	109002701	LTR/ERVL-MaLR	3844	+	145	109002556	63763
chr9	108938793	109138793	harbor2	chr9	109003005	109003658	LTR/ERVL-MaLR	3844	+	326	109003331	64538
chr9	108938793	109138793	harbor2	chr9	109003892	109004159	LTR/ERVL-MaLR	1117	+	134	109004026	65233
chr9	108938793	109138793	harbor2	chr9	109005348	109005722	LTR/ERVL-MaLR	1878	+	187	109005535	66742
chr9	108938793	109138793	harbor2	chr9	109020670	109020872	LTR/ERVL-MaLR	630	+	101	109020771	81978
chr9	108938793	109138793	harbor2	chr9	109026661	109027075	LTR/ERVL-MaLR	2214	+	207	109026868	88075
chr9	108938793	109138793	harbor2	chr9	109028037	109028049	LTR/ERVL-MaLR	1461	+	6	109028043	89250
chr9	108938793	109138793	harbor2	chr9	109028574	109029009	LTR/ERVL-MaLR	1461	+	218	109028792	89999
chr9	108938793	109138793	harbor2	chr9	109037394	109037794	LTR/ERVL-MaLR	2389	+	200	109037594	98801
chr9	92476254	92676254	harbor2	chr9	92497690	92498126	LTR/ERVL-MaLR	2319	+	218	92497908	21654
chr9	109871215	110071215	harbor2	chr9	109916892	109917407	LTR/ERVL-MaLR	2019	+	258	109917150	45935
chr9	135723557	135923557	harbor2	chr9	135725253	135725484	LTR/ERVL-MaLR	426	+	116	135725369	1812
chr9	135723557	135923557	harbor2	chr9	135728056	135728315	LTR/ERVL-MaLR	465	+	130	135728186	4629
chr9	135723557	135923557	harbor2	chr9	135728921	135729117	LTR/ERVL-MaLR	804	+	98	135729019	5462
chr9	135723557	135923557	harbor2	chr9	135729168	135729611	LTR/ERVL-MaLR	1056	+	222	135729390	5833
chr9	135723557	135923557	harbor2	chr9	135730284	135730703	LTR/ERVL-MaLR	1489	+	210	135730494	6937
chr9	135723557	135923557	harbor2	chr9	135731014	135731072	LTR/ERVL-MaLR	1489	+	29	135731043	7486
chr9	135723557	135923557	harbor2	chr9	135783106	135783541	LTR/ERVL-MaLR	965	+	218	135783324	59767
chr9	135723557	135923557	harbor2	chr9	135800305	135800480	LTR/ERVL-MaLR	973	+	88	135800393	76836
chr9	136465108	136665108	harbor2	chr9	136554437	136554861	LTR/ERVL-MaLR	1170	+	212	136554649	89541
chr9	136465108	136665108	harbor2	chr9	136558500	136558804	LTR/ERVL-MaLR	880	+	152	136558652	93544
chr9	136465108	136665108	harbor2	chr9	136558806	136560122	LTR/ERVL-MaLR	11824	+	658	136559464	94356
chr9	136465108	136665108	harbor2	chr9	136560677	136560954	LTR/ERVL-MaLR	994	+	138	136560815	95707
chr9	136465108	136665108	harbor2	chr9	136561247	136561287	LTR/ERVL-MaLR	994	+	20	136561267	96159
chr9	136465108	136665108	harbor2	chr9	136560367	136560676	LTR/ERVL-MaLR	11824	+	154	136560521	95413
chr9	134304205	134504205	harbor2	chr9	134306502	134306997	LTR/ERVL-MaLR	1695	+	248	134306750	2545
chr9	70329039	70529039	harbor2	chr9	70377238	70377435	LTR/ERVL-MaLR	2571	+	98	70377336	48297
chr9	70329039	70529039	harbor2	chr9	70377743	70377835	LTR/ERVL-MaLR	2571	+	46	70377789	48750
chr9	70329039	70529039	harbor2	chr9	70378143	70378279	LTR/ERVL-MaLR	2571	+	68	70378211	49172
chr9	70329039	70529039	harbor2	chr9	70388123	70388492	LTR/ERVL-MaLR	1915	+	184	70388307	59268
chr9	70329039	70529039	harbor2	chr9	70403206	70403737	LTR/ERVL-MaLR	1374	+	266	70403472	74433
chr9	70329039	70529039	harbor2	chr9	70427081	70427189	LTR/ERVL-MaLR	524	+	54	70427135	98096
chr9	70329039	70529039	harbor2	chr9	70427626	70427940	LTR/ERVL-MaLR	948	+	157	70427783	98744
chr9	119355842	119555842	harbor2	chr9	119376092	119376471	LTR/ERVL-MaLR	938	+	190	119376282	20440
chr9	119355842	119555842	harbor2	chr9	119376781	119377363	LTR/ERVL-MaLR	1660	+	291	119377072	21230
chr9	119355842	119555842	harbor2	chr9	119411469	119411821	LTR/ERVL-MaLR	1697	+	176	119411645	55803
chr9	119355842	119555842	harbor2	chr9	119449102	119449460	LTR/ERVL-MaLR	1348	+	179	119449281	93439
chr9	119355842	119555842	harbor2	chr9	119449599	119449956	LTR/ERVL-MaLR	910	+	178	119449777	93935
chr9	110881716	111081716	harbor2	chr9	110897130	110897490	LTR/ERVL-MaLR	2111	+	180	110897310	15594
chr9	110881716	111081716	harbor2	chr9	110902264	110902625	LTR/ERVL-MaLR	2562	+	180	110902444	20728
chr9	110881716	111081716	harbor2	chr9	110918923	110919547	LTR/ERVL-MaLR	1328	+	312	110919235	37519
chr9	30589911	30789911	harbor2	chr9	30604475	30604817	LTR/ERVL-MaLR	1898	+	171	30604646	14735
chr9	30589911	30789911	harbor2	chr9	30608155	30608535	LTR/ERVL-MaLR	2121	+	190	30608345	18434
chr9	30589911	30789911	harbor2	chr9	30615573	30615754	LTR/ERVL-MaLR	1736	+	90	30615663	25752
chr9	30589911	30789911	harbor2	chr9	30616030	30616244	LTR/ERVL-MaLR	1736	+	107	30616137	26226
chr9	30589911	30789911	harbor2	chr9	30617776	30618125	LTR/ERVL-MaLR	1975	+	174	30617950	28039
chr9	30589911	30789911	harbor2	chr9	30636015	30636411	LTR/ERVL-MaLR	1601	+	198	30636213	46302
chr9	30589911	30789911	harbor2	chr9	30670038	30670279	LTR/ERVL-MaLR	1128	+	120	30670158	80247
chr9	89725639	89925639	harbor2	chr9	89768782	89769140	LTR/ERVL-MaLR	2692	+	179	89768961	43322
chr9	89725639	89925639	harbor2	chr9	89809468	89809991	LTR/ERVL-MaLR	1495	+	262	89809730	84091
chr9	89725639	89925639	harbor2	chr9	89815707	89816062	LTR/ERVL-MaLR	1142	+	178	89815885	90246
chr9	81297213	81497213	harbor2	chr9	81317081	81317443	LTR/ERVL-MaLR	1564	+	181	81317262	20049
chr9	110833765	111033765	harbor2	chr9	110843667	110844064	LTR/ERVL-MaLR	2430	+	198	110843865	10100
chr9	110833765	111033765	harbor2	chr9	110860279	110860649	LTR/ERVL-MaLR	2116	+	185	110860464	26699
chr9	110833765	111033765	harbor2	chr9	110860650	110861004	LTR/ERVL-MaLR	10181	+	177	110860827	27062
chr9	110833765	111033765	harbor2	chr9	110861301	110862474	LTR/ERVL-MaLR	10181	+	586	110861887	28122
chr9	110833765	111033765	harbor2	chr9	110862475	110862845	LTR/ERVL-MaLR	2211	+	185	110862660	28895
chr9	110833765	111033765	harbor2	chr9	110862894	110864169	LTR/ERVL-MaLR	2680	+	638	110863532	29767
chr9	110833765	111033765	harbor2	chr9	110864169	110864374	LTR/ERVL-MaLR	796	+	102	110864271	30506
chr9	110833765	111033765	harbor2	chr9	110897130	110897490	LTR/ERVL-MaLR	2111	+	180	110897310	63545
chr9	110833765	111033765	harbor2	chr9	110902264	110902625	LTR/ERVL-MaLR	2562	+	180	110902444	68679
chr9	110833765	111033765	harbor2	chr9	110918923	110919547	LTR/ERVL-MaLR	1328	+	312	110919235	85470
chr9	108970538	109170538	harbor2	chr9	108971399	108971759	LTR/ERVL-MaLR	2267	+	180	108971579	1041
chr9	108970538	109170538	harbor2	chr9	108994652	108995168	LTR/ERVL-MaLR	1604	+	258	108994910	24372
chr9	108970538	109170538	harbor2	chr9	109001375	109001923	LTR/ERVL-MaLR	2248	+	274	109001649	31111
chr9	108970538	109170538	harbor2	chr9	109001924	109002078	LTR/ERVL-MaLR	3844	+	77	109002001	31463
chr9	108970538	109170538	harbor2	chr9	109002411	109002701	LTR/ERVL-MaLR	3844	+	145	109002556	32018
chr9	108970538	109170538	harbor2	chr9	109003005	109003658	LTR/ERVL-MaLR	3844	+	326	109003331	32793
chr9	108970538	109170538	harbor2	chr9	109003892	109004159	LTR/ERVL-MaLR	1117	+	134	109004026	33488
chr9	108970538	109170538	harbor2	chr9	109005348	109005722	LTR/ERVL-MaLR	1878	+	187	109005535	34997
chr9	108970538	109170538	harbor2	chr9	109020670	109020872	LTR/ERVL-MaLR	630	+	101	109020771	50233
chr9	108970538	109170538	harbor2	chr9	109026661	109027075	LTR/ERVL-MaLR	2214	+	207	109026868	56330
chr9	108970538	109170538	harbor2	chr9	109028037	109028049	LTR/ERVL-MaLR	1461	+	6	109028043	57505
chr9	108970538	109170538	harbor2	chr9	109028574	109029009	LTR/ERVL-MaLR	1461	+	218	109028792	58254
chr9	108970538	109170538	harbor2	chr9	109037394	109037794	LTR/ERVL-MaLR	2389	+	200	109037594	67056
chr9	93396182	93596182	harbor2	chr9	93398057	93398420	LTR/ERVL-MaLR	2547	+	182	93398239	2057
chr9	93396182	93596182	harbor2	chr9	93414310	93414695	LTR/ERVL-MaLR	1695	+	192	93414502	18320
chr9	93396182	93596182	harbor2	chr9	93442420	93442561	LTR/ERVL-MaLR	705	+	70	93442490	46308
chr9	133701992	133901992	harbor2	chr9	133705729	133706073	LTR/ERVL-MaLR	1019	+	172	133705901	3909
chr9	133701992	133901992	harbor2	chr9	133746992	133747327	LTR/ERVL-MaLR	1455	+	168	133747160	45168
chr9	133701992	133901992	harbor2	chr9	133754587	133755075	LTR/ERVL-MaLR	1657	+	244	133754831	52839
chr9	133701992	133901992	harbor2	chr9	133801641	133802000	LTR/ERVL-MaLR	543	+	180	133801821	99829
chr9	118973349	119173349	harbor2	chr9	119036946	119037293	LTR/ERVL-MaLR	1425	+	174	119037120	63771
chr9	132918176	133118176	harbor2	chr9	132947190	132947362	LTR/ERVL-MaLR	565	+	86	132947276	29100
chr9	132918176	133118176	harbor2	chr9	132948116	132948470	LTR/ERVL-MaLR	565	+	177	132948293	30117
chr9	132918176	133118176	harbor2	chr9	132959108	132959478	LTR/ERVL-MaLR	2650	+	185	132959293	41117
chr9	132918176	133118176	harbor2	chr9	132965421	132965851	LTR/ERVL-MaLR	1753	+	215	132965636	47460
chr9	132918176	133118176	harbor2	chr9	132966959	132967320	LTR/ERVL-MaLR	1490	+	180	132967139	48963
chr9	132918176	133118176	harbor2	chr9	132973883	132974130	LTR/ERVL-MaLR	854	+	124	132974007	55831
chr9	132918176	133118176	harbor2	chr9	132992310	132992418	LTR/ERVL-MaLR	537	+	54	132992364	74188
chr9	132918176	133118176	harbor2	chr9	133014791	133014938	LTR/ERVL-MaLR	770	+	74	133014865	96689
chr9	132918176	133118176	harbor2	chr9	133015050	133015267	LTR/ERVL-MaLR	953	+	108	133015158	96982
chr9	123100604	123300604	harbor2	chr9	123148130	123148455	LTR/ERVL-MaLR	1568	+	162	123148292	47688
chr9	123100604	123300604	harbor2	chr9	123142111	123142500	LTR/ERVL-MaLR	2446	+	194	123142305	41701
chr9	85284733	85484733	harbor2	chr9	85315582	85315975	LTR/ERVL-MaLR	2873	+	196	85315778	31045
chr9	95871047	96071047	harbor2	chr9	95874438	95874902	LTR/ERVL-MaLR	1419	+	232	95874670	3623
chr9	95871047	96071047	harbor2	chr9	95888612	95888838	LTR/ERVL-MaLR	571	+	113	95888725	17678
chr9	95871047	96071047	harbor2	chr9	95908136	95908558	LTR/ERVL-MaLR	1720	+	211	95908347	37300
chr9	95871047	96071047	harbor2	chr9	95960329	95960726	LTR/ERVL-MaLR	1359	+	198	95960527	89480
chr9	95871047	96071047	harbor2	chr9	95961122	95961556	LTR/ERVL-MaLR	2016	+	217	95961339	90292
chr9	65639509	65839509	harbor2	chr9	65654020	65654355	LTR/ERVL-MaLR	2233	+	168	65654188	14679
chr9	65639509	65839509	harbor2	chr9	65664265	65664607	LTR/ERVL-MaLR	2210	+	171	65664436	24927
chr9	65639509	65839509	harbor2	chr9	65664608	65666171	LTR/ERVL-MaLR	11324	+	782	65665390	25881
chr9	65639509	65839509	harbor2	chr9	65666172	65666494	LTR/ERVL-MaLR	2015	+	161	65666333	26824
chr9	65639509	65839509	harbor2	chr9	65668924	65669149	LTR/ERVL-MaLR	1290	+	112	65669036	29527
chr9	132717881	132917881	harbor2	chr9	132772278	132772635	LTR/ERVL-MaLR	1656	+	178	132772456	54575
chr9	132717881	132917881	harbor2	chr9	132782973	132783448	LTR/ERVL-MaLR	1836	+	238	132783211	65330
chr9	132717881	132917881	harbor2	chr9	132802267	132802653	LTR/ERVL-MaLR	511	+	193	132802460	84579
chr9	132717881	132917881	harbor2	chr9	132802674	132802929	LTR/ERVL-MaLR	606	+	128	132802802	84921
chr9	132717881	132917881	harbor2	chr9	132811163	132811638	LTR/ERVL-MaLR	2131	+	238	132811401	93520
chr9	101924713	102124713	harbor2	chr9	101925425	101925575	LTR/ERVL-MaLR	772	+	75	101925500	787
chr9	101924713	102124713	harbor2	chr9	101947356	101947718	LTR/ERVL-MaLR	2296	+	181	101947537	22824
chr9	101924713	102124713	harbor2	chr9	101991925	101992429	LTR/ERVL-MaLR	1728	+	252	101992177	67464
chr9	101924713	102124713	harbor2	chr9	102000896	102001374	LTR/ERVL-MaLR	395	+	239	102001135	76422
chr9	132123633	132323633	harbor2	chr9	132130017	132130166	LTR/ERVL-MaLR	1763	+	74	132130091	6458
chr9	132123633	132323633	harbor2	chr9	132130456	132130646	LTR/ERVL-MaLR	1763	+	95	132130551	6918
chr9	72414895	72614895	harbor2	chr9	72447186	72447377	LTR/ERVL-MaLR	949	+	96	72447282	32387
chr9	72414895	72614895	harbor2	chr9	72499291	72499459	LTR/ERVL-MaLR	1054	+	84	72499375	84480
chr9	72414895	72614895	harbor2	chr9	72499762	72499813	LTR/ERVL-MaLR	1054	+	26	72499788	84893
chr9	72414895	72614895	harbor2	chr9	72500589	72500768	LTR/ERVL-MaLR	1147	+	90	72500679	85784
chr9	72414895	72614895	harbor2	chr9	72482645	72483063	LTR/ERVL-MaLR	2598	+	209	72482854	67959
chr9	118238513	118438513	harbor2	chr9	118238347	118238620	LTR/ERVL-MaLR	479	+	136	118238483	30
chr9	118238513	118438513	harbor2	chr9	118238634	118239088	LTR/ERVL-MaLR	615	+	227	118238861	348
chr9	118238513	118438513	harbor2	chr9	118245776	118246141	LTR/ERVL-MaLR	2460	+	182	118245958	7445
chr9	118238513	118438513	harbor2	chr9	118247436	118247795	LTR/ERVL-MaLR	2402	+	180	118247616	9103
chr9	118238513	118438513	harbor2	chr9	118263653	118264112	LTR/ERVL-MaLR	766	+	230	118263883	25370
chr9	118238513	118438513	harbor2	chr9	118325317	118325858	LTR/ERVL-MaLR	1686	+	270	118325587	87074
chr9	118238513	118438513	harbor2	chr9	118337005	118337415	LTR/ERVL-MaLR	1206	+	205	118337210	98697
chr9	82999737	83199737	harbor2	chr9	83028782	83029124	LTR/ERVL-MaLR	1871	+	171	83028953	29216
chr9	82999737	83199737	harbor2	chr9	83039885	83040224	LTR/ERVL-MaLR	2122	+	170	83040055	40318
chr9	82999737	83199737	harbor2	chr9	83068266	83068391	LTR/ERVL-MaLR	587	+	62	83068328	68591
chr9	82999737	83199737	harbor2	chr9	83068397	83068782	LTR/ERVL-MaLR	1716	+	192	83068589	68852
chr9	82999737	83199737	harbor2	chr9	83087211	83087405	LTR/ERVL-MaLR	821	+	97	83087308	87571
chr9	82999737	83199737	harbor2	chr9	83087448	83087481	LTR/ERVL-MaLR	821	+	16	83087464	87727
chr9	80770302	80970302	harbor2	chr9	80779198	80779552	LTR/ERVL-MaLR	1959	+	177	80779375	9073
chr9	80770302	80970302	harbor2	chr9	80794215	80794443	LTR/ERVL-MaLR	844	+	114	80794329	24027
chr9	80770302	80970302	harbor2	chr9	80799892	80800260	LTR/ERVL-MaLR	1067	+	184	80800076	29774
chr9	80770302	80970302	harbor2	chr9	80801012	80801123	LTR/ERVL-MaLR	1371	+	56	80801068	30766
chr9	80770302	80970302	harbor2	chr9	80801295	80801568	LTR/ERVL-MaLR	1371	+	136	80801431	31129
chr9	80770302	80970302	harbor2	chr9	80849657	80849912	LTR/ERVL-MaLR	781	+	128	80849785	79483
chr9	119251666	119451666	harbor2	chr9	119252068	119252396	LTR/ERVL-MaLR	943	+	164	119252232	566
chr9	119251666	119451666	harbor2	chr9	119332388	119332869	LTR/ERVL-MaLR	795	+	240	119332628	80962
chr9	119725011	119925011	harbor2	chr9	119731839	119732349	LTR/ERVL-MaLR	1444	+	255	119732094	7083
chr9	119725011	119925011	harbor2	chr9	119742979	119743343	LTR/ERVL-MaLR	2135	+	182	119743161	18150
chr9	119725011	119925011	harbor2	chr9	119765809	119766367	LTR/ERVL-MaLR	466	+	279	119766088	41077
chr9	119725011	119925011	harbor2	chr9	119767278	119767770	LTR/ERVL-MaLR	801	+	246	119767524	42513
chr9	119725011	119925011	harbor2	chr9	119794149	119794510	LTR/ERVL-MaLR	2167	+	180	119794329	69318
chr9	119725011	119925011	harbor2	chr9	119805358	119805794	LTR/ERVL-MaLR	1635	+	218	119805576	80565
chr9	119725011	119925011	harbor2	chr9	119821605	119822107	LTR/ERVL-MaLR	2387	+	251	119821856	96845
chr9	119725011	119925011	harbor2	chr9	119822472	119822823	LTR/ERVL-MaLR	2922	+	176	119822648	97637
chr9	119725011	119925011	harbor2	chr9	119822824	119824402	LTR/ERVL-MaLR	12606	+	789	119823613	98602
chr9	119725011	119925011	harbor2	chr9	119824403	119824756	LTR/ERVL-MaLR	2860	+	176	119824579	99568
chr9	131897088	132097088	harbor2	chr9	131973200	131973432	LTR/ERVL-MaLR	427	+	116	131973316	76228
chr9	131897088	132097088	harbor2	chr9	131982061	131982535	LTR/ERVL-MaLR	948	+	237	131982298	85210
chr9	133046911	133246911	harbor2	chr9	133088944	133089255	LTR/ERVL-MaLR	1667	+	156	133089100	42189
chr9	133046911	133246911	harbor2	chr9	133090108	133090204	LTR/ERVL-MaLR	602	+	48	133090156	43245
chr9	133046911	133246911	harbor2	chr9	133144780	133145210	LTR/ERVL-MaLR	1595	+	215	133144995	98084
chr9	133046911	133246911	harbor2	chr9	133146542	133147078	LTR/ERVL-MaLR	1424	+	268	133146810	99899
chr9	110419906	110619906	harbor2	chr9	110432868	110433270	LTR/ERVL-MaLR	2366	+	201	110433069	13163
chr9	110419906	110619906	harbor2	chr9	110439071	110439390	LTR/ERVL-MaLR	1575	+	160	110439231	19325
chr9	110419906	110619906	harbor2	chr9	110439700	110439765	LTR/ERVL-MaLR	1575	+	32	110439732	19826
chr9	110419906	110619906	harbor2	chr9	110444182	110444490	LTR/ERVL-MaLR	1513	+	154	110444336	24430
chr9	110419906	110619906	harbor2	chr9	110467427	110467628	LTR/ERVL-MaLR	2311	+	100	110467527	47621
chr9	110419906	110619906	harbor2	chr9	110467926	110468157	LTR/ERVL-MaLR	2311	+	116	110468042	48136
chr9	110419906	110619906	harbor2	chr9	110495219	110495441	LTR/ERVL-MaLR	1366	+	111	110495330	75424
chr9	110419906	110619906	harbor2	chr9	110504393	110504660	LTR/ERVL-MaLR	517	+	134	110504527	84621
chr9	132781938	132981938	harbor2	chr9	132782973	132783448	LTR/ERVL-MaLR	1836	+	238	132783211	1273
chr9	132781938	132981938	harbor2	chr9	132802267	132802653	LTR/ERVL-MaLR	511	+	193	132802460	20522
chr9	132781938	132981938	harbor2	chr9	132802674	132802929	LTR/ERVL-MaLR	606	+	128	132802802	20864
chr9	132781938	132981938	harbor2	chr9	132811163	132811638	LTR/ERVL-MaLR	2131	+	238	132811401	29463
chr9	132781938	132981938	harbor2	chr9	132843109	132843514	LTR/ERVL-MaLR	2614	+	202	132843311	61373
chr9	132781938	132981938	harbor2	chr9	132856451	132856816	LTR/ERVL-MaLR	703	+	182	132856633	74695
chr9	118479280	118679280	harbor2	chr9	118483061	118483454	LTR/ERVL-MaLR	1861	+	196	118483257	3977
chr9	118479280	118679280	harbor2	chr9	118511575	118511895	LTR/ERVL-MaLR	687	+	160	118511735	32455
chr9	118479280	118679280	harbor2	chr9	118521201	118521617	LTR/ERVL-MaLR	2481	+	208	118521409	42129
chr9	118479280	118679280	harbor2	chr9	118526269	118526473	LTR/ERVL-MaLR	935	+	102	118526371	47091
chr9	115984281	116184281	harbor2	chr9	115986933	115987260	LTR/ERVL-MaLR	1505	+	164	115987097	2816
chr9	115984281	116184281	harbor2	chr9	115987573	115987777	LTR/ERVL-MaLR	1505	+	102	115987675	3394
chr9	115984281	116184281	harbor2	chr9	115989748	115990115	LTR/ERVL-MaLR	1577	+	184	115989932	5651
chr9	115984281	116184281	harbor2	chr9	116023562	116023685	LTR/ERVL-MaLR	654	+	62	116023624	39343
chr9	115984281	116184281	harbor2	chr9	116050707	116051108	LTR/ERVL-MaLR	1458	+	200	116050907	66626
chr9	115984281	116184281	harbor2	chr9	116065319	116065760	LTR/ERVL-MaLR	1514	+	220	116065539	81258
chr9	115984281	116184281	harbor2	chr9	116066653	116066831	LTR/ERVL-MaLR	435	+	89	116066742	82461
chr9	115984281	116184281	harbor2	chr9	116047815	116048326	LTR/ERVL-MaLR	1093	+	256	116048071	63790
chr9	123011150	123211150	harbor2	chr9	123059217	123059272	LTR/ERVL-MaLR	1978	+	28	123059245	48095
chr9	123011150	123211150	harbor2	chr9	123059587	123059900	LTR/ERVL-MaLR	1978	+	156	123059743	48593
chr9	67049230	67249230	harbor2	chr9	67101106	67101466	LTR/ERVL-MaLR	2103	+	180	67101286	52056
chr9	67049230	67249230	harbor2	chr9	67112139	67112576	LTR/ERVL-MaLR	1229	+	218	67112357	63127
chr9	67049230	67249230	harbor2	chr9	67123073	67123247	LTR/ERVL-MaLR	695	+	87	67123160	73930
chr9	27383537	27583537	harbor2	chr9	27390721	27391056	LTR/ERVL-MaLR	1817	+	168	27390889	7352
chr9	27383537	27583537	harbor2	chr9	27396452	27396532	LTR/ERVL-MaLR	407	+	40	27396492	12955
chr9	27383537	27583537	harbor2	chr9	27473848	27474123	LTR/ERVL-MaLR	720	+	138	27473986	90449
chr9	27383537	27583537	harbor2	chr9	27474885	27475442	LTR/ERVL-MaLR	2181	+	278	27475163	91626
chr9	135144890	135344890	harbor2	chr9	135168923	135169243	LTR/ERVL-MaLR	818	+	160	135169083	24193
chr9	135144890	135344890	harbor2	chr9	135205582	135205834	LTR/ERVL-MaLR	1256	+	126	135205708	60818
chr9	135144890	135344890	harbor2	chr9	135206841	135207034	LTR/ERVL-MaLR	1256	+	96	135206937	62047
chr9	135144890	135344890	harbor2	chr9	135211100	135211279	LTR/ERVL-MaLR	404	+	90	135211190	66300
chr9	135144890	135344890	harbor2	chr9	135215575	135215731	LTR/ERVL-MaLR	652	+	78	135215653	70763
chr9	106369535	106569535	harbor2	chr9	106378816	106379314	LTR/ERVL-MaLR	562	+	249	106379065	9530
chr9	106369535	106569535	harbor2	chr9	106411016	106411376	LTR/ERVL-MaLR	1966	+	180	106411196	41661
chr9	106369535	106569535	harbor2	chr9	106415524	106415827	LTR/ERVL-MaLR	1035	+	152	106415676	46141
chr9	106369535	106569535	harbor2	chr9	106415825	106416188	LTR/ERVL-MaLR	1736	+	182	106416007	46472
chr9	106369535	106569535	harbor2	chr9	106416189	106416402	LTR/ERVL-MaLR	923	+	106	106416295	46760
chr9	106369535	106569535	harbor2	chr9	106450107	106450433	LTR/ERVL-MaLR	708	+	163	106450270	80735
chr9	106369535	106569535	harbor2	chr9	106450434	106450967	LTR/ERVL-MaLR	1623	+	266	106450700	81165
chr9	106369535	106569535	harbor2	chr9	106450968	106451003	LTR/ERVL-MaLR	708	+	18	106450986	81451
chr9	106369535	106569535	harbor2	chr9	106466296	106466695	LTR/ERVL-MaLR	2236	+	200	106466496	96961
chr9	108547897	108747897	harbor2	chr9	108558342	108558720	LTR/ERVL-MaLR	2156	+	189	108558531	10634
chr9	108547897	108747897	harbor2	chr9	108617336	108617749	LTR/ERVL-MaLR	2362	+	206	108617542	69645
chr9	108547897	108747897	harbor2	chr9	108629191	108629549	LTR/ERVL-MaLR	2543	+	179	108629370	81473
chr9	108547897	108747897	harbor2	chr9	108629550	108631144	LTR/ERVL-MaLR	11358	+	797	108630347	82450
chr9	108547897	108747897	harbor2	chr9	108631145	108631504	LTR/ERVL-MaLR	2573	+	180	108631325	83428
chr9	108547897	108747897	harbor2	chr9	108634028	108634514	LTR/ERVL-MaLR	1082	+	243	108634271	86374
chr9	131317066	131517066	harbor2	chr9	131323497	131323820	LTR/ERVL-MaLR	1440	+	162	131323659	6593
chr9	131317066	131517066	harbor2	chr9	131337501	131337670	LTR/ERVL-MaLR	825	+	84	131337585	20519
chr9	131317066	131517066	harbor2	chr9	131338793	131338952	LTR/ERVL-MaLR	477	+	80	131338873	21807
chr9	131317066	131517066	harbor2	chr9	131368913	131369101	LTR/ERVL-MaLR	1103	+	94	131369007	51941
chr9	131317066	131517066	harbor2	chr9	131376444	131376603	LTR/ERVL-MaLR	682	+	80	131376524	59458
chr9	125652003	125852003	harbor2	chr9	125681134	125681389	LTR/ERVL-MaLR	845	+	128	125681262	29259
chr9	125652003	125852003	harbor2	chr9	125683261	125683372	LTR/ERVL-MaLR	411	+	56	125683317	31314
chr9	125652003	125852003	harbor2	chr9	125683407	125683803	LTR/ERVL-MaLR	1633	+	198	125683605	31602
chr9	96849184	97049184	harbor2	chr9	96865232	96865585	LTR/ERVL-MaLR	2246	+	176	96865408	16224
chr9	96849184	97049184	harbor2	chr9	96865586	96867148	LTR/ERVL-MaLR	11360	+	781	96866367	17183
chr9	96849184	97049184	harbor2	chr9	96867155	96867524	LTR/ERVL-MaLR	2136	+	184	96867339	18155
chr9	96849184	97049184	harbor2	chr9	96941357	96941741	LTR/ERVL-MaLR	1291	+	192	96941549	92365
chr9	137682195	137882195	harbor2	chr9	137687521	137687858	LTR/ERVL-MaLR	1197	+	168	137687689	5494
chr9	137682195	137882195	harbor2	chr9	137735606	137735979	LTR/ERVL-MaLR	1318	+	186	137735792	53597
chr9	134624061	134824061	harbor2	chr9	134631787	134632213	LTR/ERVL-MaLR	482	+	213	134632000	7939
chr9	134624061	134824061	harbor2	chr9	134633087	134633443	LTR/ERVL-MaLR	2097	+	178	134633265	9204
chr9	134624061	134824061	harbor2	chr9	134637120	134637492	LTR/ERVL-MaLR	1666	+	186	134637306	13245
chr9	95515073	95715073	harbor2	chr9	95523417	95523766	LTR/ERVL-MaLR	2607	+	174	95523591	8518
chr9	95515073	95715073	harbor2	chr9	95532024	95532477	LTR/ERVL-MaLR	1492	+	226	95532250	17177
chr9	95515073	95715073	harbor2	chr9	95553646	95554051	LTR/ERVL-MaLR	941	+	202	95553848	38775
chr9	95515073	95715073	harbor2	chr9	95554787	95555155	LTR/ERVL-MaLR	1738	+	184	95554971	39898
chr9	95515073	95715073	harbor2	chr9	95576288	95576414	LTR/ERVL-MaLR	439	+	63	95576351	61278
chr9	95515073	95715073	harbor2	chr9	95589120	95589659	LTR/ERVL-MaLR	1938	+	270	95589390	74317
chr9	109883190	110083190	harbor2	chr9	109916892	109917407	LTR/ERVL-MaLR	2019	+	258	109917150	33960
chr9	87208935	87408935	harbor2	chr9	87209865	87210056	LTR/ERVL-MaLR	515	+	96	87209961	1026
chr9	87208935	87408935	harbor2	chr9	87210061	87210144	LTR/ERVL-MaLR	437	+	42	87210103	1168
chr9	87208935	87408935	harbor2	chr9	87231581	87232001	LTR/ERVL-MaLR	2652	+	210	87231791	22856
chr9	87208935	87408935	harbor2	chr9	87241863	87242073	LTR/ERVL-MaLR	505	+	105	87241968	33033
chr9	87208935	87408935	harbor2	chr9	87253079	87253351	LTR/ERVL-MaLR	1032	+	136	87253215	44280
chr9	87208935	87408935	harbor2	chr9	87253693	87253936	LTR/ERVL-MaLR	1032	+	122	87253815	44880
chr9	87208935	87408935	harbor2	chr9	87258136	87258332	LTR/ERVL-MaLR	588	+	98	87258234	49299
chr9	87208935	87408935	harbor2	chr9	87266434	87266572	LTR/ERVL-MaLR	971	+	69	87266503	57568
chr9	87208935	87408935	harbor2	chr9	87266782	87266958	LTR/ERVL-MaLR	971	+	88	87266870	57935
chr9	87208935	87408935	harbor2	chr9	87278160	87278588	LTR/ERVL-MaLR	2293	+	214	87278374	69439
chr9	87208935	87408935	harbor2	chr9	87280951	87281421	LTR/ERVL-MaLR	1653	+	235	87281186	72251
chr9	87208935	87408935	harbor2	chr9	87228344	87228759	LTR/ERVL-MaLR	2462	+	208	87228552	19617
chr9	105919668	106119668	harbor2	chr9	105927218	105927754	LTR/ERVL-MaLR	2009	+	268	105927486	7818
chr9	105919668	106119668	harbor2	chr9	105961020	105961376	LTR/ERVL-MaLR	1482	+	178	105961198	41530
chr9	105919668	106119668	harbor2	chr9	105994879	105995399	LTR/ERVL-MaLR	1418	+	260	105995139	75471
chr9	121723821	121923821	harbor2	chr9	121813630	121813975	LTR/ERVL-MaLR	1391	+	172	121813802	89981
chr9	132997285	133197285	harbor2	chr9	133014791	133014938	LTR/ERVL-MaLR	770	+	74	133014865	17580
chr9	132997285	133197285	harbor2	chr9	133015050	133015267	LTR/ERVL-MaLR	953	+	108	133015158	17873
chr9	132997285	133197285	harbor2	chr9	133088944	133089255	LTR/ERVL-MaLR	1667	+	156	133089100	91815
chr9	132997285	133197285	harbor2	chr9	133090108	133090204	LTR/ERVL-MaLR	602	+	48	133090156	92871
chr9	38175548	38375548	harbor2	chr9	38193757	38194068	LTR/ERVL-MaLR	1076	+	156	38193913	18365
chr9	38175548	38375548	harbor2	chr9	38195027	38195111	LTR/ERVL-MaLR	492	+	42	38195069	19521
chr9	38175548	38375548	harbor2	chr9	38208544	38208959	LTR/ERVL-MaLR	1045	+	208	38208752	33204
chr9	38175548	38375548	harbor2	chr9	38235442	38235747	LTR/ERVL-MaLR	474	+	152	38235594	60046
chr9	38175548	38375548	harbor2	chr9	38273619	38273975	LTR/ERVL-MaLR	1768	+	178	38273797	98249
chr9	133252237	133452237	harbor2	chr9	133260155	133260602	LTR/ERVL-MaLR	686	+	224	133260379	8142
chr9	133252237	133452237	harbor2	chr9	133324805	133325185	LTR/ERVL-MaLR	1279	+	190	133324995	72758
chr9	122012853	122212853	harbor2	chr9	122019735	122020095	LTR/ERVL-MaLR	2253	+	180	122019915	7062
chr9	122012853	122212853	harbor2	chr9	122020592	122020958	LTR/ERVL-MaLR	1243	+	183	122020775	7922
chr9	122012853	122212853	harbor2	chr9	122040002	122040380	LTR/ERVL-MaLR	894	+	189	122040191	27338
chr9	122012853	122212853	harbor2	chr9	122046106	122046478	LTR/ERVL-MaLR	2130	+	186	122046292	33439
chr9	122012853	122212853	harbor2	chr9	122050554	122051047	LTR/ERVL-MaLR	1774	+	246	122050800	37947
chr9	122012853	122212853	harbor2	chr9	122068705	122068994	LTR/ERVL-MaLR	1187	+	144	122068849	55996
chr9	122012853	122212853	harbor2	chr9	122083107	122083502	LTR/ERVL-MaLR	909	+	198	122083305	70452
chr9	99499498	99699498	harbor2	chr9	99517865	99518100	LTR/ERVL-MaLR	516	+	118	99517983	18485
chr9	99499498	99699498	harbor2	chr9	99521255	99521593	LTR/ERVL-MaLR	1008	+	169	99521424	21926
chr9	99499498	99699498	harbor2	chr9	99531895	99532250	LTR/ERVL-MaLR	1786	+	178	99532073	32575
chr9	99499498	99699498	harbor2	chr9	99566911	99567333	LTR/ERVL-MaLR	2514	+	211	99567122	67624
chr9	99499498	99699498	harbor2	chr9	99568794	99569371	LTR/ERVL-MaLR	400	+	288	99569082	69584
chr9	99499498	99699498	harbor2	chr9	99570827	99571313	LTR/ERVL-MaLR	1334	+	243	99571070	71572
chr9	99499498	99699498	harbor2	chr9	99583843	99584147	LTR/ERVL-MaLR	1242	+	152	99583995	84497
chr9	99499498	99699498	harbor2	chr9	99588709	99589060	LTR/ERVL-MaLR	2030	+	176	99588885	89387
chr9	133029694	133229694	harbor2	chr9	133088944	133089255	LTR/ERVL-MaLR	1667	+	156	133089100	59406
chr9	133029694	133229694	harbor2	chr9	133090108	133090204	LTR/ERVL-MaLR	602	+	48	133090156	60462
chr9	130565910	130765910	harbor2	chr9	130576041	130576202	LTR/ERVL-MaLR	528	+	80	130576121	10211
chr9	130565910	130765910	harbor2	chr9	130576238	130576516	LTR/ERVL-MaLR	845	+	139	130576377	10467
chr9	137417974	137617974	harbor2	chr9	137437407	137437598	LTR/ERVL-MaLR	429	+	96	137437503	19529
chr9	137417974	137617974	harbor2	chr9	137468554	137468660	LTR/ERVL-MaLR	645	+	53	137468607	50633
chr9	106473733	106673733	harbor2	chr9	106485594	106485950	LTR/ERVL-MaLR	2372	+	178	106485772	12039
chr9	106473733	106673733	harbor2	chr9	106525945	106526399	LTR/ERVL-MaLR	871	+	227	106526172	52439
chr9	106473733	106673733	harbor2	chr9	106556656	106557077	LTR/ERVL-MaLR	1958	+	210	106556866	83133
chr9	97573307	97773307	harbor2	chr9	97620058	97620429	LTR/ERVL-MaLR	2332	+	186	97620244	46937
chr9	97573307	97773307	harbor2	chr9	97620431	97621047	LTR/ERVL-MaLR	10959	+	308	97620739	47432
chr9	97573307	97773307	harbor2	chr9	97622125	97623059	LTR/ERVL-MaLR	10959	+	467	97622592	49285
chr9	97573307	97773307	harbor2	chr9	97623060	97623424	LTR/ERVL-MaLR	2332	+	182	97623242	49935
chr9	97573307	97773307	harbor2	chr9	97624088	97624494	LTR/ERVL-MaLR	1118	+	203	97624291	50984
chr9	97573307	97773307	harbor2	chr9	97628609	97629020	LTR/ERVL-MaLR	460	+	206	97628815	55508
chr9	83832502	84032502	harbor2	chr9	83931423	83931585	LTR/ERVL-MaLR	848	+	81	83931504	99002
chr9	90836569	91036569	harbor2	chr9	90910692	90910993	LTR/ERVL-MaLR	925	+	150	90910842	74273
chr9	136688634	136888634	harbor2	chr9	136753102	136753464	LTR/ERVL-MaLR	1251	+	181	136753283	64649
chr9	136688634	136888634	harbor2	chr9	136760821	136761260	LTR/ERVL-MaLR	1326	+	220	136761041	72407
chr9	136688634	136888634	harbor2	chr9	136761561	136761624	LTR/ERVL-MaLR	1326	+	32	136761593	72959
chr9	136688634	136888634	harbor2	chr9	136773829	136774210	LTR/ERVL-MaLR	866	+	190	136774019	85385
chr9	130476862	130676862	harbor2	chr9	130501783	130501871	LTR/ERVL-MaLR	489	+	44	130501827	24965
chr9	130476862	130676862	harbor2	chr9	130545461	130545671	LTR/ERVL-MaLR	851	+	105	130545566	68704
chr9	130476862	130676862	harbor2	chr9	130546020	130546152	LTR/ERVL-MaLR	702	+	66	130546086	69224
chr9	130476862	130676862	harbor2	chr9	130546394	130546693	LTR/ERVL-MaLR	1573	+	150	130546544	69682
chr9	130476862	130676862	harbor2	chr9	130549160	130549445	LTR/ERVL-MaLR	937	+	142	130549302	72440
chr9	130476862	130676862	harbor2	chr9	130556271	130556829	LTR/ERVL-MaLR	808	+	279	130556550	79688
chr9	130476862	130676862	harbor2	chr9	130563809	130564063	LTR/ERVL-MaLR	800	+	127	130563936	87074
chr9	130476862	130676862	harbor2	chr9	130576041	130576202	LTR/ERVL-MaLR	528	+	80	130576121	99259
chr9	130476862	130676862	harbor2	chr9	130576238	130576516	LTR/ERVL-MaLR	845	+	139	130576377	99515
chr9	130476862	130676862	harbor2	chr9	130564079	130564315	LTR/ERVL-MaLR	1097	+	118	130564197	87335
chr9	96658218	96858218	harbor2	chr9	96663503	96663815	LTR/ERVL-MaLR	487	+	156	96663659	5441
chr9	96658218	96858218	harbor2	chr9	96679952	96680357	LTR/ERVL-MaLR	1701	+	202	96680154	21936
chr9	96658218	96858218	harbor2	chr9	96690923	96691318	LTR/ERVL-MaLR	558	+	198	96691121	32903
chr9	96658218	96858218	harbor2	chr9	96742582	96742759	LTR/ERVL-MaLR	1990	+	88	96742670	84452
chr9	96658218	96858218	harbor2	chr9	96743057	96743264	LTR/ERVL-MaLR	1990	+	104	96743161	84943
chr9	96658218	96858218	harbor2	chr9	96745898	96746316	LTR/ERVL-MaLR	1240	+	209	96746107	87889
chr9	115159525	115359525	harbor2	chr9	115161018	115161391	LTR/ERVL-MaLR	1568	+	186	115161204	1679
chr9	115159525	115359525	harbor2	chr9	115188610	115188977	LTR/ERVL-MaLR	1379	+	184	115188794	29269
chr9	115159525	115359525	harbor2	chr9	115194753	115195246	LTR/ERVL-MaLR	2340	+	246	115194999	35474
chr9	115159525	115359525	harbor2	chr9	115211248	115211278	LTR/ERVL-MaLR	1468	+	15	115211263	51738
chr9	115159525	115359525	harbor2	chr9	115211310	115211767	LTR/ERVL-MaLR	1468	+	228	115211538	52013
chr9	115159525	115359525	harbor2	chr9	115216650	115217006	LTR/ERVL-MaLR	2275	+	178	115216828	57303
chr9	115159525	115359525	harbor2	chr9	115250405	115250569	LTR/ERVL-MaLR	890	+	82	115250487	90962
chr9	115159525	115359525	harbor2	chr9	115252877	115253234	LTR/ERVL-MaLR	2081	+	178	115253055	93530
chr9	115159525	115359525	harbor2	chr9	115258891	115259301	LTR/ERVL-MaLR	1861	+	205	115259096	99571
chr9	115159525	115359525	harbor2	chr9	115162975	115163331	LTR/ERVL-MaLR	2050	+	178	115163153	3628
chr9	119589567	119789567	harbor2	chr9	119593108	119593538	LTR/ERVL-MaLR	1889	+	215	119593323	3756
chr9	119589567	119789567	harbor2	chr9	119596575	119597099	LTR/ERVL-MaLR	722	+	262	119596837	7270
chr9	119589567	119789567	harbor2	chr9	119604754	119604873	LTR/ERVL-MaLR	541	+	60	119604814	15247
chr9	119589567	119789567	harbor2	chr9	119608152	119608508	LTR/ERVL-MaLR	2208	+	178	119608330	18763
chr9	119589567	119789567	harbor2	chr9	119613111	119613219	LTR/ERVL-MaLR	545	+	54	119613165	23598
chr9	119589567	119789567	harbor2	chr9	119613221	119613367	LTR/ERVL-MaLR	777	+	73	119613294	23727
chr9	119589567	119789567	harbor2	chr9	119636844	119637207	LTR/ERVL-MaLR	2093	+	182	119637026	47459
chr9	119589567	119789567	harbor2	chr9	119641290	119641439	LTR/ERVL-MaLR	723	+	74	119641364	51797
chr9	119589567	119789567	harbor2	chr9	119642898	119643080	LTR/ERVL-MaLR	1012	+	91	119642989	53422
chr9	119589567	119789567	harbor2	chr9	119643410	119643450	LTR/ERVL-MaLR	1012	+	20	119643430	53863
chr9	119589567	119789567	harbor2	chr9	119644986	119645159	LTR/ERVL-MaLR	718	+	86	119645072	55505
chr9	119589567	119789567	harbor2	chr9	119635933	119636481	LTR/ERVL-MaLR	565	+	274	119636207	46640
chr9	137386946	137586946	harbor2	chr9	137409010	137409432	LTR/ERVL-MaLR	1282	+	211	137409221	22275
chr9	137386946	137586946	harbor2	chr9	137437407	137437598	LTR/ERVL-MaLR	429	+	96	137437503	50557
chr9	137386946	137586946	harbor2	chr9	137468554	137468660	LTR/ERVL-MaLR	645	+	53	137468607	81661
chr9	103440023	103640023	harbor2	chr9	103457572	103457935	LTR/ERVL-MaLR	2515	+	182	103457754	17731
chr9	103440023	103640023	harbor2	chr9	103482986	103483349	LTR/ERVL-MaLR	2116	+	182	103483168	43145
chr9	103440023	103640023	harbor2	chr9	103483350	103483540	LTR/ERVL-MaLR	10788	+	95	103483445	43422
chr9	103440023	103640023	harbor2	chr9	103484824	103486253	LTR/ERVL-MaLR	10788	+	714	103485538	45515
chr9	103440023	103640023	harbor2	chr9	103486254	103486616	LTR/ERVL-MaLR	1933	+	181	103486435	46412
chr9	103440023	103640023	harbor2	chr9	103519839	103520407	LTR/ERVL-MaLR	992	+	284	103520123	80100
chr9	103440023	103640023	harbor2	chr9	103529009	103529415	LTR/ERVL-MaLR	1874	+	203	103529212	89189
chr9	118149696	118349696	harbor2	chr9	118172744	118173118	LTR/ERVL-MaLR	2159	+	187	118172931	23235
chr9	118149696	118349696	harbor2	chr9	118178824	118179253	LTR/ERVL-MaLR	2720	+	214	118179038	29342
chr9	118149696	118349696	harbor2	chr9	118184218	118184592	LTR/ERVL-MaLR	495	+	187	118184405	34709
chr9	118149696	118349696	harbor2	chr9	118189791	118190149	LTR/ERVL-MaLR	1376	+	179	118189970	40274
chr9	118149696	118349696	harbor2	chr9	118221582	118221826	LTR/ERVL-MaLR	459	+	122	118221704	72008
chr9	118149696	118349696	harbor2	chr9	118227293	118227894	LTR/ERVL-MaLR	1427	+	300	118227593	77897
chr9	118149696	118349696	harbor2	chr9	118236567	118237059	LTR/ERVL-MaLR	566	+	246	118236813	87117
chr9	118149696	118349696	harbor2	chr9	118237060	118238168	LTR/ERVL-MaLR	1455	+	554	118237614	87918
chr9	118149696	118349696	harbor2	chr9	118238347	118238620	LTR/ERVL-MaLR	479	+	136	118238483	88787
chr9	118149696	118349696	harbor2	chr9	118238634	118239088	LTR/ERVL-MaLR	615	+	227	118238861	89165
chr9	118149696	118349696	harbor2	chr9	118245776	118246141	LTR/ERVL-MaLR	2460	+	182	118245958	96262
chr9	118149696	118349696	harbor2	chr9	118247436	118247795	LTR/ERVL-MaLR	2402	+	180	118247616	97920
chr9	81221419	81421419	harbor2	chr9	81252637	81253031	LTR/ERVL-MaLR	2142	+	197	81252834	31415
chr9	81221419	81421419	harbor2	chr9	81264658	81265072	LTR/ERVL-MaLR	846	+	207	81264865	43446
chr9	81221419	81421419	harbor2	chr9	81272884	81273189	LTR/ERVL-MaLR	900	+	152	81273036	51617
chr9	81221419	81421419	harbor2	chr9	81317081	81317443	LTR/ERVL-MaLR	1564	+	181	81317262	95843
chr9	81221419	81421419	harbor2	chr9	81280618	81281136	LTR/ERVL-MaLR	806	+	259	81280877	59458
chr9	24092785	24292785	harbor2	chr9	24092424	24092812	LTR/ERVL-MaLR	1003	+	194	24092618	167
chr9	24092785	24292785	harbor2	chr9	24121668	24121840	LTR/ERVL-MaLR	723	+	86	24121754	28969
chr9	24092785	24292785	harbor2	chr9	24122653	24122871	LTR/ERVL-MaLR	1139	+	109	24122762	29977
chr9	24092785	24292785	harbor2	chr9	24123678	24124074	LTR/ERVL-MaLR	1189	+	198	24123876	31091
chr9	24092785	24292785	harbor2	chr9	24134688	24134788	LTR/ERVL-MaLR	647	+	50	24134738	41953
chr9	24092785	24292785	harbor2	chr9	24136512	24136808	LTR/ERVL-MaLR	1183	+	148	24136660	43875
chr9	24092785	24292785	harbor2	chr9	24156977	24157467	LTR/ERVL-MaLR	1498	+	245	24157222	64437
chr9	24092785	24292785	harbor2	chr9	24165719	24166097	LTR/ERVL-MaLR	2293	+	189	24165908	73123
chr9	98713448	98913448	harbor2	chr9	98736046	98736320	LTR/ERVL-MaLR	683	+	137	98736183	22735
chr9	98713448	98913448	harbor2	chr9	98748358	98748711	LTR/ERVL-MaLR	1229	+	176	98748534	35086
chr9	98713448	98913448	harbor2	chr9	98755572	98756124	LTR/ERVL-MaLR	1342	+	276	98755848	42400
chr9	98713448	98913448	harbor2	chr9	98770027	98770373	LTR/ERVL-MaLR	2382	+	173	98770200	56752
chr9	98713448	98913448	harbor2	chr9	98772044	98772522	LTR/ERVL-MaLR	1316	+	239	98772283	58835
chr9	98713448	98913448	harbor2	chr9	98776248	98776400	LTR/ERVL-MaLR	1137	+	76	98776324	62876
chr9	98713448	98913448	harbor2	chr9	98776701	98777006	LTR/ERVL-MaLR	1137	+	152	98776853	63405
chr9	98713448	98913448	harbor2	chr9	98800226	98800393	LTR/ERVL-MaLR	668	+	84	98800310	86862
chr9	85857890	86057890	harbor2	chr9	85871067	85871535	LTR/ERVL-MaLR	652	+	234	85871301	13411
chr9	85857890	86057890	harbor2	chr9	85915440	85915630	LTR/ERVL-MaLR	957	+	95	85915535	57645
chr9	85857890	86057890	harbor2	chr9	85915787	85916152	LTR/ERVL-MaLR	2203	+	182	85915969	58079
chr9	76208649	76408649	harbor2	chr9	76260251	76260831	LTR/ERVL-MaLR	2301	+	290	76260541	51892
chr9	76208649	76408649	harbor2	chr9	76284221	76284519	LTR/ERVL-MaLR	2589	+	149	76284370	75721
chr9	76208649	76408649	harbor2	chr9	76284832	76284902	LTR/ERVL-MaLR	2589	+	35	76284867	76218
chr9	98441531	98641531	harbor2	chr9	98465849	98466235	LTR/ERVL-MaLR	2211	+	193	98466042	24511
chr9	98441531	98641531	harbor2	chr9	98487788	98488257	LTR/ERVL-MaLR	1381	+	234	98488022	46491
chr9	98441531	98641531	harbor2	chr9	98493967	98494162	LTR/ERVL-MaLR	508	+	98	98494065	52534
chr9	98441531	98641531	harbor2	chr9	98505502	98505944	LTR/ERVL-MaLR	1559	+	221	98505723	64192
chr9	98441531	98641531	harbor2	chr9	98507149	98507629	LTR/ERVL-MaLR	2146	+	240	98507389	65858
chr9	122322318	122522318	harbor2	chr9	122362956	122363021	LTR/ERVL-MaLR	887	+	32	122362988	40670
chr9	122322318	122522318	harbor2	chr9	122363328	122363858	LTR/ERVL-MaLR	887	+	265	122363593	41275
chr9	122322318	122522318	harbor2	chr9	122364998	122365269	LTR/ERVL-MaLR	584	+	136	122365134	42816
chr9	122322318	122522318	harbor2	chr9	122387396	122387765	LTR/ERVL-MaLR	2240	+	184	122387580	65262
chr9	86988386	87188386	harbor2	chr9	87059146	87059503	LTR/ERVL-MaLR	2497	+	178	87059324	70938
chr9	86988386	87188386	harbor2	chr9	87079816	87080177	LTR/ERVL-MaLR	2692	+	180	87079996	91610
chr9	86988386	87188386	harbor2	chr9	87082092	87082291	LTR/ERVL-MaLR	484	+	100	87082192	93806
chr9	86988386	87188386	harbor2	chr9	87086284	87086668	LTR/ERVL-MaLR	1375	+	192	87086476	98090
chr9	86988386	87188386	harbor2	chr9	87087094	87087528	LTR/ERVL-MaLR	920	+	217	87087311	98925
chr9	78032699	78232699	harbor2	chr9	78065200	78065334	LTR/ERVL-MaLR	496	+	67	78065267	32568
chr9	78032699	78232699	harbor2	chr9	78082020	78082435	LTR/ERVL-MaLR	1616	+	208	78082228	49529
chr9	78032699	78232699	harbor2	chr9	78083302	78083612	LTR/ERVL-MaLR	1642	+	155	78083457	50758
chr9	78032699	78232699	harbor2	chr9	78089060	78089113	LTR/ERVL-MaLR	412	+	26	78089086	56387
chr9	78032699	78232699	harbor2	chr9	78092758	78093271	LTR/ERVL-MaLR	973	+	256	78093014	60315
chr9	78032699	78232699	harbor2	chr9	78093314	78093505	LTR/ERVL-MaLR	847	+	96	78093410	60711
chr9	78032699	78232699	harbor2	chr9	78093912	78094262	LTR/ERVL-MaLR	1237	+	175	78094087	61388
chr9	78032699	78232699	harbor2	chr9	78094945	78095309	LTR/ERVL-MaLR	2140	+	182	78095127	62428
chr9	78032699	78232699	harbor2	chr9	78099575	78099740	LTR/ERVL-MaLR	1557	+	82	78099657	66958
chr9	78032699	78232699	harbor2	chr9	78100045	78100293	LTR/ERVL-MaLR	1557	+	124	78100169	67470
chr9	78032699	78232699	harbor2	chr9	78106638	78106801	LTR/ERVL-MaLR	1897	+	82	78106720	74021
chr9	78032699	78232699	harbor2	chr9	78107113	78107341	LTR/ERVL-MaLR	1897	+	114	78107227	74528
chr9	123382303	123582303	harbor2	chr9	123427794	123428008	LTR/ERVL-MaLR	534	+	107	123427901	45598
chr9	27491305	27691305	harbor2	chr9	27511869	27512284	LTR/ERVL-MaLR	860	+	208	27512077	20772
chr9	27491305	27691305	harbor2	chr9	27515816	27516280	LTR/ERVL-MaLR	1478	+	232	27516048	24743
chr9	27491305	27691305	harbor2	chr9	27535056	27535167	LTR/ERVL-MaLR	425	+	56	27535112	43807
chr9	27491305	27691305	harbor2	chr9	27536313	27536483	LTR/ERVL-MaLR	592	+	85	27536398	45093
chr9	27491305	27691305	harbor2	chr9	27567604	27568046	LTR/ERVL-MaLR	1713	+	221	27567825	76520
chr9	75773390	75973390	harbor2	chr9	75843229	75843624	LTR/ERVL-MaLR	1677	+	198	75843427	70037
chr9	75773390	75973390	harbor2	chr9	75850898	75851256	LTR/ERVL-MaLR	2632	+	179	75851077	77687
chr9	133970410	134170410	harbor2	chr9	134007139	134007573	LTR/ERVL-MaLR	1007	+	217	134007356	36946
chr9	117613313	117813313	harbor2	chr9	117673008	117673381	LTR/ERVL-MaLR	1301	+	186	117673194	59881
chr9	117613313	117813313	harbor2	chr9	117675724	117676107	LTR/ERVL-MaLR	2362	+	192	117675916	62603
chr9	117613313	117813313	harbor2	chr9	117698133	117698448	LTR/ERVL-MaLR	2318	+	158	117698291	84978
chr9	117613313	117813313	harbor2	chr9	117698485	117698543	LTR/ERVL-MaLR	2318	+	29	117698514	85201
chr9	117613313	117813313	harbor2	chr9	117703728	117704029	LTR/ERVL-MaLR	1084	+	150	117703878	90565
chr9	69606659	69806659	harbor2	chr9	69627906	69628416	LTR/ERVL-MaLR	1010	+	255	69628161	21502
chr9	69606659	69806659	harbor2	chr9	69651874	69652240	LTR/ERVL-MaLR	1760	+	183	69652057	45398
chr9	69606659	69806659	harbor2	chr9	69661584	69662014	LTR/ERVL-MaLR	1788	+	215	69661799	55140
chr9	69606659	69806659	harbor2	chr9	69685490	69685850	LTR/ERVL-MaLR	1841	+	180	69685670	79011
chr9	69606659	69806659	harbor2	chr9	69698813	69699232	LTR/ERVL-MaLR	2264	+	210	69699023	92364
chr9	128028605	128228605	harbor2	chr9	128031896	128032017	LTR/ERVL-MaLR	841	+	60	128031956	3351
chr9	128028605	128228605	harbor2	chr9	128055821	128056015	LTR/ERVL-MaLR	711	+	97	128055918	27313
chr9	128028605	128228605	harbor2	chr9	128113522	128113996	LTR/ERVL-MaLR	1631	+	237	128113759	85154
chr9	128028605	128228605	harbor2	chr9	128122030	128122233	LTR/ERVL-MaLR	439	+	102	128122132	93527
chr9	115743197	115943197	harbor2	chr9	115761244	115761412	LTR/ERVL-MaLR	478	+	84	115761328	18131
chr9	115743197	115943197	harbor2	chr9	115763005	115763372	LTR/ERVL-MaLR	2416	+	184	115763189	19992
chr9	115743197	115943197	harbor2	chr9	115765534	115765974	LTR/ERVL-MaLR	473	+	220	115765754	22557
chr9	115743197	115943197	harbor2	chr9	115767649	115767967	LTR/ERVL-MaLR	855	+	159	115767808	24611
chr9	115743197	115943197	harbor2	chr9	115782132	115782498	LTR/ERVL-MaLR	2477	+	183	115782315	39118
chr9	115743197	115943197	harbor2	chr9	115782501	115784053	LTR/ERVL-MaLR	9686	+	776	115783277	40080
chr9	115743197	115943197	harbor2	chr9	115784054	115784347	LTR/ERVL-MaLR	2171	+	146	115784200	41003
chr9	115743197	115943197	harbor2	chr9	115811460	115811628	LTR/ERVL-MaLR	722	+	84	115811544	68347
chr9	115743197	115943197	harbor2	chr9	115811778	115812028	LTR/ERVL-MaLR	707	+	125	115811903	68706
chr9	115743197	115943197	harbor2	chr9	115823353	115823719	LTR/ERVL-MaLR	2131	+	183	115823536	80339
chr9	115743197	115943197	harbor2	chr9	115823722	115824207	LTR/ERVL-MaLR	7888	+	242	115823964	80767
chr9	115743197	115943197	harbor2	chr9	115824519	115825540	LTR/ERVL-MaLR	7888	+	510	115825029	81832
chr9	115743197	115943197	harbor2	chr9	115825545	115825932	LTR/ERVL-MaLR	2200	+	194	115825739	82542
chr9	115743197	115943197	harbor2	chr9	115832660	115833006	LTR/ERVL-MaLR	1789	+	173	115832833	89636
chr9	121870900	122070900	harbor2	chr9	121886243	121886678	LTR/ERVL-MaLR	1330	+	218	121886461	15561
chr9	121870900	122070900	harbor2	chr9	121916910	121917149	LTR/ERVL-MaLR	547	+	120	121917030	46130
chr9	121870900	122070900	harbor2	chr9	121923850	121924164	LTR/ERVL-MaLR	1716	+	157	121924007	53107
chr9	112086015	112286015	harbor2	chr9	112182934	112183280	LTR/ERVL-MaLR	1935	+	173	112183107	97092
chr9	112086015	112286015	harbor2	chr9	112183583	112183594	LTR/ERVL-MaLR	1935	+	6	112183589	97574
chr9	86930419	87130419	harbor2	chr9	86931106	86931457	LTR/ERVL-MaLR	2136	+	176	86931282	863
chr9	86930419	87130419	harbor2	chr9	86935783	86935981	LTR/ERVL-MaLR	559	+	99	86935882	5463
chr9	86930419	87130419	harbor2	chr9	86936283	86936634	LTR/ERVL-MaLR	559	+	176	86936459	6040
chr9	86930419	87130419	harbor2	chr9	86950262	86950474	LTR/ERVL-MaLR	1122	+	106	86950368	19949
chr9	86930419	87130419	harbor2	chr9	86950841	86951125	LTR/ERVL-MaLR	1122	+	142	86950983	20564
chr9	86930419	87130419	harbor2	chr9	86951282	86951406	LTR/ERVL-MaLR	1122	+	62	86951344	20925
chr9	86930419	87130419	harbor2	chr9	86954214	86954284	LTR/ERVL-MaLR	438	+	35	86954249	23830
chr9	86930419	87130419	harbor2	chr9	86964878	86965431	LTR/ERVL-MaLR	2208	+	276	86965154	34735
chr9	86930419	87130419	harbor2	chr9	86967051	86967470	LTR/ERVL-MaLR	2567	+	210	86967261	36842
chr9	86930419	87130419	harbor2	chr9	86982301	86982744	LTR/ERVL-MaLR	1387	+	222	86982523	52104
chr9	128845792	129045792	harbor2	chr9	128861179	128861552	LTR/ERVL-MaLR	2686	+	186	128861365	15573
chr9	115326097	115526097	harbor2	chr9	115358346	115358727	LTR/ERVL-MaLR	2176	+	190	115358536	32439
chr9	115326097	115526097	harbor2	chr9	115403007	115403364	LTR/ERVL-MaLR	2293	+	178	115403185	77088
chr9	115326097	115526097	harbor2	chr9	115422495	115422829	LTR/ERVL-MaLR	1352	+	167	115422662	96565
chr9	75239177	75439177	harbor2	chr9	75246093	75246455	LTR/ERVL-MaLR	1784	+	181	75246274	7097
chr9	75239177	75439177	harbor2	chr9	75246456	75248054	LTR/ERVL-MaLR	11089	+	799	75247255	8078
chr9	75239177	75439177	harbor2	chr9	75248055	75248434	LTR/ERVL-MaLR	2259	+	190	75248245	9068
chr9	75239177	75439177	harbor2	chr9	75270171	75270526	LTR/ERVL-MaLR	1881	+	178	75270349	31172
chr9	116662037	116862037	harbor2	chr9	116664853	116665258	LTR/ERVL-MaLR	2269	+	202	116665055	3018
chr9	116662037	116862037	harbor2	chr9	116671527	116672053	LTR/ERVL-MaLR	1441	+	263	116671790	9753
chr9	116662037	116862037	harbor2	chr9	116673436	116673867	LTR/ERVL-MaLR	1775	+	216	116673652	11615
chr9	116662037	116862037	harbor2	chr9	116749635	116750047	LTR/ERVL-MaLR	2434	+	206	116749841	87804
chr9	116662037	116862037	harbor2	chr9	116755166	116755234	LTR/ERVL-MaLR	1320	+	34	116755200	93163
chr9	116662037	116862037	harbor2	chr9	116755235	116755658	LTR/ERVL-MaLR	2010	+	212	116755447	93410
chr9	116662037	116862037	harbor2	chr9	116755659	116756087	LTR/ERVL-MaLR	1320	+	214	116755873	93836
chr9	103861232	104061232	harbor2	chr9	103904350	103904766	LTR/ERVL-MaLR	2377	+	208	103904558	43326
chr9	75844880	76044880	harbor2	chr9	75850898	75851256	LTR/ERVL-MaLR	2632	+	179	75851077	6197
chr9	75844880	76044880	harbor2	chr9	75909781	75910162	LTR/ERVL-MaLR	1256	+	190	75909971	65091
chr9	84618937	84818937	harbor2	chr9	84619272	84619460	LTR/ERVL-MaLR	608	+	94	84619366	429
chr9	84618937	84818937	harbor2	chr9	84619771	84619844	LTR/ERVL-MaLR	608	+	36	84619807	870
chr9	84618937	84818937	harbor2	chr9	84621112	84621476	LTR/ERVL-MaLR	2077	+	182	84621294	2357
chr9	84618937	84818937	harbor2	chr9	84637769	84638106	LTR/ERVL-MaLR	567	+	168	84637937	19000
chr9	84618937	84818937	harbor2	chr9	84642087	84642442	LTR/ERVL-MaLR	2278	+	178	84642265	23328
chr9	84618937	84818937	harbor2	chr9	84642481	84642883	LTR/ERVL-MaLR	889	+	201	84642682	23745
chr9	84618937	84818937	harbor2	chr9	84678887	84679223	LTR/ERVL-MaLR	1892	+	168	84679055	60118
chr9	61698262	61898262	harbor2	chr9	61725396	61726026	LTR/ERVL-MaLR	1932	+	315	61725711	27449
chr9	61698262	61898262	harbor2	chr9	61730485	61730664	LTR/ERVL-MaLR	1640	+	90	61730575	32313
chr9	61698262	61898262	harbor2	chr9	61730954	61731148	LTR/ERVL-MaLR	1640	+	97	61731051	32789
chr9	61698262	61898262	harbor2	chr9	61786511	61786930	LTR/ERVL-MaLR	2588	+	210	61786721	88459
chr9	61698262	61898262	harbor2	chr9	61786931	61788484	LTR/ERVL-MaLR	8241	+	776	61787707	89445
chr9	61698262	61898262	harbor2	chr9	61788490	61788915	LTR/ERVL-MaLR	2299	+	212	61788702	90440
chr9	69687220	69887220	harbor2	chr9	69698813	69699232	LTR/ERVL-MaLR	2264	+	210	69699023	11803
chr9	69687220	69887220	harbor2	chr9	69785372	69785772	LTR/ERVL-MaLR	2138	+	200	69785572	98352
chr9	85458883	85658883	harbor2	chr9	85466949	85467241	LTR/ERVL-MaLR	810	+	146	85467095	8212
chr9	85458883	85658883	harbor2	chr9	85474054	85474428	LTR/ERVL-MaLR	2653	+	187	85474241	15358
chr9	85458883	85658883	harbor2	chr9	85476013	85476389	LTR/ERVL-MaLR	2618	+	188	85476201	17318
chr9	85458883	85658883	harbor2	chr9	85482151	85482548	LTR/ERVL-MaLR	822	+	198	85482349	23466
chr9	85458883	85658883	harbor2	chr9	85502333	85502795	LTR/ERVL-MaLR	1994	+	231	85502564	43681
chr9	85458883	85658883	harbor2	chr9	85507159	85507569	LTR/ERVL-MaLR	1568	+	205	85507364	48481
chr9	85458883	85658883	harbor2	chr9	85515091	85515279	LTR/ERVL-MaLR	525	+	94	85515185	56302
chr9	85458883	85658883	harbor2	chr9	85524721	85524916	LTR/ERVL-MaLR	750	+	98	85524819	65936
chr9	85458883	85658883	harbor2	chr9	85526453	85526810	LTR/ERVL-MaLR	1818	+	178	85526631	67748
chr9	85458883	85658883	harbor2	chr9	85550883	85551224	LTR/ERVL-MaLR	2030	+	170	85551053	92170
chr9	85458883	85658883	harbor2	chr9	85474429	85476012	LTR/ERVL-MaLR	9923	+	792	85475221	16338
chr9	85458883	85658883	harbor2	chr9	85524405	85524587	LTR/ERVL-MaLR	443	+	91	85524496	65613
chr9	116733952	116933952	harbor2	chr9	116749635	116750047	LTR/ERVL-MaLR	2434	+	206	116749841	15889
chr9	116733952	116933952	harbor2	chr9	116755166	116755234	LTR/ERVL-MaLR	1320	+	34	116755200	21248
chr9	116733952	116933952	harbor2	chr9	116755235	116755658	LTR/ERVL-MaLR	2010	+	212	116755447	21495
chr9	116733952	116933952	harbor2	chr9	116755659	116756087	LTR/ERVL-MaLR	1320	+	214	116755873	21921
chr9	116733952	116933952	harbor2	chr9	116772162	116772525	LTR/ERVL-MaLR	2797	+	182	116772344	38392
chr9	116733952	116933952	harbor2	chr9	116779145	116779526	LTR/ERVL-MaLR	1917	+	190	116779335	45383
chr9	116733952	116933952	harbor2	chr9	116786740	116787138	LTR/ERVL-MaLR	2052	+	199	116786939	52987
chr9	116733952	116933952	harbor2	chr9	116809834	116809981	LTR/ERVL-MaLR	411	+	74	116809908	75956
chr9	116733952	116933952	harbor2	chr9	116812186	116812644	LTR/ERVL-MaLR	1975	+	229	116812415	78463
chr9	116733952	116933952	harbor2	chr9	116822752	116823205	LTR/ERVL-MaLR	1138	+	226	116822978	89026
chr9	116733952	116933952	harbor2	chr9	116824207	116824745	LTR/ERVL-MaLR	2097	+	269	116824476	90524
chr9	116733952	116933952	harbor2	chr9	116833742	116834089	LTR/ERVL-MaLR	1318	+	174	116833916	99964
chr9	116733952	116933952	harbor2	chr9	116768540	116768881	LTR/ERVL-MaLR	1776	+	170	116768710	34758
chr9	28376405	28576405	harbor2	chr9	28424185	28424630	LTR/ERVL-MaLR	981	+	222	28424407	48002
chr9	28376405	28576405	harbor2	chr9	28439336	28439431	LTR/ERVL-MaLR	771	+	48	28439384	62979
chr9	28376405	28576405	harbor2	chr9	28439432	28439802	LTR/ERVL-MaLR	1826	+	185	28439617	63212
chr9	28376405	28576405	harbor2	chr9	28439803	28440066	LTR/ERVL-MaLR	771	+	132	28439935	63530
chr9	28376405	28576405	harbor2	chr9	28440935	28441240	LTR/ERVL-MaLR	755	+	152	28441087	64682
chr9	28376405	28576405	harbor2	chr9	28447191	28447546	LTR/ERVL-MaLR	1812	+	178	28447369	70964
chr9	41043103	41243103	harbor2	chr9	41056766	41057212	LTR/ERVL-MaLR	1812	+	223	41056989	13886
chr9	41043103	41243103	harbor2	chr9	41057462	41057536	LTR/ERVL-MaLR	464	+	37	41057499	14396
chr9	41043103	41243103	harbor2	chr9	41059070	41059479	LTR/ERVL-MaLR	2678	+	204	41059274	16171
chr9	41043103	41243103	harbor2	chr9	41059728	41059987	LTR/ERVL-MaLR	1003	+	130	41059858	16755
chr9	41043103	41243103	harbor2	chr9	41069935	41070293	LTR/ERVL-MaLR	1984	+	179	41070114	27011
chr9	41043103	41243103	harbor2	chr9	41098704	41098848	LTR/ERVL-MaLR	631	+	72	41098776	55673
chr9	41043103	41243103	harbor2	chr9	41100935	41101368	LTR/ERVL-MaLR	1853	+	216	41101151	58048
chr9	41043103	41243103	harbor2	chr9	41058027	41058441	LTR/ERVL-MaLR	469	+	207	41058234	15131
chr9	133570776	133770776	harbor2	chr9	133582679	133582909	LTR/ERVL-MaLR	438	+	115	133582794	12018
chr9	133570776	133770776	harbor2	chr9	133623406	133623785	LTR/ERVL-MaLR	2277	+	190	133623596	52820
chr9	134373509	134573509	harbor2	chr9	134445050	134445402	LTR/ERVL-MaLR	1714	+	176	134445226	71717
chr9	64760974	64960974	harbor2	chr9	64767876	64768328	LTR/ERVL-MaLR	1293	+	226	64768102	7128
chr9	64760974	64960974	harbor2	chr9	64783734	64784027	LTR/ERVL-MaLR	1422	+	146	64783880	22906
chr9	64760974	64960974	harbor2	chr9	64785661	64785931	LTR/ERVL-MaLR	1104	+	135	64785796	24822
chr9	64760974	64960974	harbor2	chr9	64786233	64786474	LTR/ERVL-MaLR	1104	+	120	64786353	25379
chr9	64760974	64960974	harbor2	chr9	64789350	64789687	LTR/ERVL-MaLR	2196	+	168	64789518	28544
chr9	64760974	64960974	harbor2	chr9	64796774	64796906	LTR/ERVL-MaLR	809	+	66	64796840	35866
chr9	64760974	64960974	harbor2	chr9	64825316	64825727	LTR/ERVL-MaLR	1809	+	206	64825522	64548
chr9	84298587	84498587	harbor2	chr9	84316293	84316645	LTR/ERVL-MaLR	567	+	176	84316469	17882
chr9	84298587	84498587	harbor2	chr9	84348580	84348907	LTR/ERVL-MaLR	1528	+	164	84348744	50157
chr9	84298587	84498587	harbor2	chr9	84349541	84349603	LTR/ERVL-MaLR	393	+	31	84349572	50985
chr9	84298587	84498587	harbor2	chr9	84378672	84378892	LTR/ERVL-MaLR	777	+	110	84378782	80195
chr9	99904739	100104739	harbor2	chr9	99920047	99920598	LTR/ERVL-MaLR	1104	+	276	99920323	15584
chr9	99904739	100104739	harbor2	chr9	99933611	99933740	LTR/ERVL-MaLR	667	+	64	99933675	28936
chr9	99904739	100104739	harbor2	chr9	99996072	99996524	LTR/ERVL-MaLR	2498	+	226	99996298	91559
chr9	106073443	106273443	harbor2	chr9	106107681	106108230	LTR/ERVL-MaLR	2162	+	274	106107955	34512
chr9	106073443	106273443	harbor2	chr9	106117075	106117428	LTR/ERVL-MaLR	2241	+	176	106117251	43808
chr9	106073443	106273443	harbor2	chr9	106129907	106130082	LTR/ERVL-MaLR	724	+	88	106129995	56552
chr9	106073443	106273443	harbor2	chr9	106139208	106139682	LTR/ERVL-MaLR	1919	+	237	106139445	66002
chr9	106073443	106273443	harbor2	chr9	106163265	106163514	LTR/ERVL-MaLR	1683	+	124	106163389	89946
chr9	106073443	106273443	harbor2	chr9	106163789	106164101	LTR/ERVL-MaLR	1683	+	156	106163945	90502
chr9	120533377	120733377	harbor2	chr9	120611917	120612043	LTR/ERVL-MaLR	662	+	63	120611980	78603
chr9	137387438	137587438	harbor2	chr9	137409010	137409432	LTR/ERVL-MaLR	1282	+	211	137409221	21783
chr9	137387438	137587438	harbor2	chr9	137437407	137437598	LTR/ERVL-MaLR	429	+	96	137437503	50065
chr9	137387438	137587438	harbor2	chr9	137468554	137468660	LTR/ERVL-MaLR	645	+	53	137468607	81169
chr9	86206953	86406953	harbor2	chr9	86230829	86231302	LTR/ERVL-MaLR	770	+	236	86231065	24112
chr9	132809308	133009308	harbor2	chr9	132811163	132811638	LTR/ERVL-MaLR	2131	+	238	132811401	2093
chr9	132809308	133009308	harbor2	chr9	132843109	132843514	LTR/ERVL-MaLR	2614	+	202	132843311	34003
chr9	132809308	133009308	harbor2	chr9	132856451	132856816	LTR/ERVL-MaLR	703	+	182	132856633	47325
chr9	132809308	133009308	harbor2	chr9	132898838	132898919	LTR/ERVL-MaLR	800	+	40	132898878	89570
chr9	132809308	133009308	harbor2	chr9	132899226	132899525	LTR/ERVL-MaLR	800	+	150	132899376	90068
chr9	132175098	132375098	harbor2	chr9	132243926	132244137	LTR/ERVL-MaLR	401	+	106	132244032	68934
chr9	120695551	120895551	harbor2	chr9	120695733	120696264	LTR/ERVL-MaLR	965	+	266	120695999	448
chr9	120695551	120895551	harbor2	chr9	120743793	120744195	LTR/ERVL-MaLR	1030	+	201	120743994	48443
chr9	120695551	120895551	harbor2	chr9	120786172	120786559	LTR/ERVL-MaLR	2047	+	194	120786366	90815
chr9	36146755	36346755	harbor2	chr9	36185604	36185934	LTR/ERVL-MaLR	1451	+	165	36185769	39014
chr9	36146755	36346755	harbor2	chr9	36213432	36213811	LTR/ERVL-MaLR	651	+	190	36213622	66867
chr9	36146755	36346755	harbor2	chr9	36231470	36231769	LTR/ERVL-MaLR	661	+	150	36231620	84865
chr9	30103985	30303985	harbor2	chr9	30113014	30113513	LTR/ERVL-MaLR	1401	+	250	30113264	9279
chr9	30103985	30303985	harbor2	chr9	30114847	30115215	LTR/ERVL-MaLR	1652	+	184	30115031	11046
chr9	30103985	30303985	harbor2	chr9	30139599	30139975	LTR/ERVL-MaLR	2176	+	188	30139787	35802
chr9	30103985	30303985	harbor2	chr9	30156703	30157119	LTR/ERVL-MaLR	1535	+	208	30156911	52926
chr9	30103985	30303985	harbor2	chr9	30179387	30179750	LTR/ERVL-MaLR	1371	+	182	30179569	75584
chr9	30103985	30303985	harbor2	chr9	30190530	30190776	LTR/ERVL-MaLR	565	+	123	30190653	86668
chr9	30103985	30303985	harbor2	chr9	30201827	30202424	LTR/ERVL-MaLR	2210	+	298	30202125	98140
chr9	77869414	78069414	harbor2	chr9	77895669	77896032	LTR/ERVL-MaLR	2033	+	182	77895851	26437
chr9	77869414	78069414	harbor2	chr9	77916174	77916245	LTR/ERVL-MaLR	463	+	36	77916210	46796
chr9	123151996	123351996	harbor2	chr9	123225436	123225846	LTR/ERVL-MaLR	692	+	205	123225641	73645
chr9	123151996	123351996	harbor2	chr9	123232558	123232836	LTR/ERVL-MaLR	436	+	139	123232697	80701
chr9	103387173	103587173	harbor2	chr9	103392289	103392653	LTR/ERVL-MaLR	2686	+	182	103392471	5298
chr9	103387173	103587173	harbor2	chr9	103417909	103418262	LTR/ERVL-MaLR	1973	+	176	103418085	30912
chr9	103387173	103587173	harbor2	chr9	103457572	103457935	LTR/ERVL-MaLR	2515	+	182	103457754	70581
chr9	103387173	103587173	harbor2	chr9	103482986	103483349	LTR/ERVL-MaLR	2116	+	182	103483168	95995
chr9	103387173	103587173	harbor2	chr9	103483350	103483540	LTR/ERVL-MaLR	10788	+	95	103483445	96272
chr9	103387173	103587173	harbor2	chr9	103484824	103486253	LTR/ERVL-MaLR	10788	+	714	103485538	98365
chr9	103387173	103587173	harbor2	chr9	103486254	103486616	LTR/ERVL-MaLR	1933	+	181	103486435	99262
chr9	127978353	128178353	harbor2	chr9	128008889	128008958	LTR/ERVL-MaLR	1741	+	34	128008923	30570
chr9	127978353	128178353	harbor2	chr9	128015964	128016100	LTR/ERVL-MaLR	539	+	68	128016032	37679
chr9	127978353	128178353	harbor2	chr9	128019588	128019977	LTR/ERVL-MaLR	1551	+	194	128019782	41429
chr9	127978353	128178353	harbor2	chr9	128022995	128023292	LTR/ERVL-MaLR	1080	+	148	128023143	44790
chr9	127978353	128178353	harbor2	chr9	128031896	128032017	LTR/ERVL-MaLR	841	+	60	128031956	53603
chr9	127978353	128178353	harbor2	chr9	128055821	128056015	LTR/ERVL-MaLR	711	+	97	128055918	77565
chr9	127978353	128178353	harbor2	chr9	128008124	128008579	LTR/ERVL-MaLR	1741	+	228	128008352	29999
chr9	96116739	96316739	harbor2	chr9	96138104	96138556	LTR/ERVL-MaLR	1170	+	226	96138330	21591
chr9	96116739	96316739	harbor2	chr9	96166601	96166944	LTR/ERVL-MaLR	2015	+	172	96166773	50034
chr9	96116739	96316739	harbor2	chr9	96202930	96203343	LTR/ERVL-MaLR	2334	+	206	96203136	86397
chr9	96116739	96316739	harbor2	chr9	96204748	96205070	LTR/ERVL-MaLR	882	+	161	96204909	88170
chr9	96116739	96316739	harbor2	chr9	96209130	96209614	LTR/ERVL-MaLR	1101	+	242	96209372	92633
chr9	62867693	63067693	harbor2	chr9	62903455	62903884	LTR/ERVL-MaLR	2394	+	214	62903669	35976
chr9	62867693	63067693	harbor2	chr9	62935609	62935983	LTR/ERVL-MaLR	1802	+	187	62935796	68103
chr9	62867693	63067693	harbor2	chr9	62935984	62937590	LTR/ERVL-MaLR	11008	+	803	62936787	69094
chr9	62867693	63067693	harbor2	chr9	62937593	62937915	LTR/ERVL-MaLR	1803	+	161	62937754	70061
chr9	62867693	63067693	harbor2	chr9	62938209	62938259	LTR/ERVL-MaLR	1803	+	25	62938234	70541
chr9	62867693	63067693	harbor2	chr9	62950038	62950413	LTR/ERVL-MaLR	2860	+	188	62950226	82533
chr9	129067734	129267734	harbor2	chr9	129162633	129162860	LTR/ERVL-MaLR	586	+	114	129162747	95013
chr9	129067734	129267734	harbor2	chr9	129164302	129164472	LTR/ERVL-MaLR	492	+	85	129164387	96653
chr9	118902212	119102212	harbor2	chr9	118903540	118903878	LTR/ERVL-MaLR	1470	+	169	118903709	1497
chr9	118902212	119102212	harbor2	chr9	118913201	118913580	LTR/ERVL-MaLR	2144	+	190	118913391	11179
chr9	118902212	119102212	harbor2	chr9	118967748	118968087	LTR/ERVL-MaLR	452	+	170	118967918	65706
chr9	118902212	119102212	harbor2	chr9	118968138	118968152	LTR/ERVL-MaLR	452	+	7	118968145	65933
chr9	118902212	119102212	harbor2	chr9	118968584	118969341	LTR/ERVL-MaLR	1308	+	378	118968962	66750
chr9	118902212	119102212	harbor2	chr9	118969347	118969732	LTR/ERVL-MaLR	860	+	192	118969539	67327
chr9	116971445	117171445	harbor2	chr9	116987126	116987298	LTR/ERVL-MaLR	977	+	86	116987212	15767
chr9	116971445	117171445	harbor2	chr9	116987448	116987653	LTR/ERVL-MaLR	1211	+	102	116987550	16105
chr9	116971445	117171445	harbor2	chr9	117011239	117011569	LTR/ERVL-MaLR	1913	+	165	117011404	39959
chr9	116971445	117171445	harbor2	chr9	117014598	117014987	LTR/ERVL-MaLR	2472	+	194	117014792	43347
chr9	116971445	117171445	harbor2	chr9	117024764	117025121	LTR/ERVL-MaLR	2384	+	178	117024942	53497
chr9	116971445	117171445	harbor2	chr9	117055768	117056288	LTR/ERVL-MaLR	2072	+	260	117056028	84583
chr9	116971445	117171445	harbor2	chr9	117063275	117063639	LTR/ERVL-MaLR	2081	+	182	117063457	92012
chr9	116971445	117171445	harbor2	chr9	117064896	117065330	LTR/ERVL-MaLR	1277	+	217	117065113	93668
chr9	124115967	124315967	harbor2	chr9	124122526	124122962	LTR/ERVL-MaLR	1183	+	218	124122744	6777
chr9	124115967	124315967	harbor2	chr9	124123455	124123767	LTR/ERVL-MaLR	1709	+	156	124123611	7644
chr9	124115967	124315967	harbor2	chr9	124142903	124143028	LTR/ERVL-MaLR	399	+	62	124142965	26998
chr9	124115967	124315967	harbor2	chr9	124164816	124165338	LTR/ERVL-MaLR	760	+	261	124165077	49110
chr9	124115967	124315967	harbor2	chr9	124193243	124193656	LTR/ERVL-MaLR	2612	+	206	124193449	77482
chr9	97298511	97498511	harbor2	chr9	97393966	97394330	LTR/ERVL-MaLR	1654	+	182	97394148	95637
chr9	97298511	97498511	harbor2	chr9	97394829	97395021	LTR/ERVL-MaLR	1204	+	96	97394925	96414
chr9	97298511	97498511	harbor2	chr9	97395138	97395321	LTR/ERVL-MaLR	1057	+	92	97395230	96719
chr9	97298511	97498511	harbor2	chr9	97397969	97398307	LTR/ERVL-MaLR	1062	+	169	97398138	99627
chr9	75531404	75731404	harbor2	chr9	75542804	75543190	LTR/ERVL-MaLR	930	+	193	75542997	11593
chr9	75531404	75731404	harbor2	chr9	75550709	75551105	LTR/ERVL-MaLR	2411	+	198	75550907	19503
chr9	75531404	75731404	harbor2	chr9	75555989	75556353	LTR/ERVL-MaLR	2166	+	182	75556171	24767
chr9	75531404	75731404	harbor2	chr9	75556354	75556726	LTR/ERVL-MaLR	2709	+	186	75556540	25136
chr9	75531404	75731404	harbor2	chr9	75556727	75556751	LTR/ERVL-MaLR	521	+	12	75556739	25335
chr9	75531404	75731404	harbor2	chr9	75562611	75562752	LTR/ERVL-MaLR	635	+	70	75562681	31277
chr9	75531404	75731404	harbor2	chr9	75582310	75582750	LTR/ERVL-MaLR	2060	+	220	75582530	51126
chr9	75531404	75731404	harbor2	chr9	75593606	75593967	LTR/ERVL-MaLR	2271	+	180	75593786	62382
chr9	75531404	75731404	harbor2	chr9	75619386	75619825	LTR/ERVL-MaLR	3173	+	220	75619606	88202
chr9	75531404	75731404	harbor2	chr9	75619826	75620176	LTR/ERVL-MaLR	2755	+	175	75620001	88597
chr9	80142132	80342132	harbor2	chr9	80149595	80149971	LTR/ERVL-MaLR	2138	+	188	80149783	7651
chr9	80142132	80342132	harbor2	chr9	80153504	80153850	LTR/ERVL-MaLR	918	+	173	80153677	11545
chr9	80142132	80342132	harbor2	chr9	80191585	80192020	LTR/ERVL-MaLR	1931	+	218	80191803	49671
chr9	80142132	80342132	harbor2	chr9	80195494	80195857	LTR/ERVL-MaLR	2161	+	182	80195676	53544
chr9	80142132	80342132	harbor2	chr9	80203196	80203560	LTR/ERVL-MaLR	1529	+	182	80203378	61246
chr9	109903026	110103026	harbor2	chr9	109916892	109917407	LTR/ERVL-MaLR	2019	+	258	109917150	14124
chr9	109903026	110103026	harbor2	chr9	109988763	109989122	LTR/ERVL-MaLR	2235	+	180	109988943	85917
chr9	116899007	117099007	harbor2	chr9	116903396	116903473	LTR/ERVL-MaLR	467	+	38	116903434	4427
chr9	116899007	117099007	harbor2	chr9	116917864	116918217	LTR/ERVL-MaLR	2816	+	176	116918040	19033
chr9	116899007	117099007	harbor2	chr9	116987126	116987298	LTR/ERVL-MaLR	977	+	86	116987212	88205
chr9	116899007	117099007	harbor2	chr9	116987448	116987653	LTR/ERVL-MaLR	1211	+	102	116987550	88543
chr9	82638776	82838776	harbor2	chr9	82660155	82660299	LTR/ERVL-MaLR	887	+	72	82660227	21451
chr9	82638776	82838776	harbor2	chr9	82660928	82661119	LTR/ERVL-MaLR	887	+	96	82661024	22248
chr9	82638776	82838776	harbor2	chr9	82665609	82665972	LTR/ERVL-MaLR	1817	+	182	82665791	27015
chr9	82638776	82838776	harbor2	chr9	82674910	82675332	LTR/ERVL-MaLR	1025	+	211	82675121	36345
chr9	82638776	82838776	harbor2	chr9	82681697	82681942	LTR/ERVL-MaLR	500	+	122	82681819	43043
chr9	82638776	82838776	harbor2	chr9	82719679	82720034	LTR/ERVL-MaLR	1684	+	178	82719857	81081
chr9	64697224	64897224	harbor2	chr9	64738654	64738745	LTR/ERVL-MaLR	401	+	46	64738700	41476
chr9	64697224	64897224	harbor2	chr9	64739632	64739774	LTR/ERVL-MaLR	609	+	71	64739703	42479
chr9	64697224	64897224	harbor2	chr9	64745136	64745741	LTR/ERVL-MaLR	1375	+	302	64745438	48214
chr9	64697224	64897224	harbor2	chr9	64767876	64768328	LTR/ERVL-MaLR	1293	+	226	64768102	70878
chr9	64697224	64897224	harbor2	chr9	64783734	64784027	LTR/ERVL-MaLR	1422	+	146	64783880	86656
chr9	64697224	64897224	harbor2	chr9	64785661	64785931	LTR/ERVL-MaLR	1104	+	135	64785796	88572
chr9	64697224	64897224	harbor2	chr9	64786233	64786474	LTR/ERVL-MaLR	1104	+	120	64786353	89129
chr9	64697224	64897224	harbor2	chr9	64789350	64789687	LTR/ERVL-MaLR	2196	+	168	64789518	92294
chr9	64697224	64897224	harbor2	chr9	64796774	64796906	LTR/ERVL-MaLR	809	+	66	64796840	99616
chr9	136668599	136868599	harbor2	chr9	136753102	136753464	LTR/ERVL-MaLR	1251	+	181	136753283	84684
chr9	136668599	136868599	harbor2	chr9	136760821	136761260	LTR/ERVL-MaLR	1326	+	220	136761041	92442
chr9	136668599	136868599	harbor2	chr9	136761561	136761624	LTR/ERVL-MaLR	1326	+	32	136761593	92994
chr9	28172524	28372524	harbor2	chr9	28190371	28190729	LTR/ERVL-MaLR	2095	+	179	28190550	18026
chr9	120473271	120673271	harbor2	chr9	120493096	120493338	LTR/ERVL-MaLR	1575	+	121	120493217	19946
chr9	120473271	120673271	harbor2	chr9	120501526	120501670	LTR/ERVL-MaLR	736	+	72	120501598	28327
chr9	120473271	120673271	harbor2	chr9	120501675	120501887	LTR/ERVL-MaLR	1120	+	106	120501781	28510
chr9	120473271	120673271	harbor2	chr9	120521341	120521638	LTR/ERVL-MaLR	2637	+	148	120521489	48218
chr9	120473271	120673271	harbor2	chr9	120521945	120522015	LTR/ERVL-MaLR	2637	+	35	120521980	48709
chr9	68911145	69111145	harbor2	chr9	68941179	68941421	LTR/ERVL-MaLR	1310	+	121	68941300	30155
chr9	89348023	89548023	harbor2	chr9	89407190	89407414	LTR/ERVL-MaLR	415	+	112	89407302	59279
chr9	89348023	89548023	harbor2	chr9	89415431	89415775	LTR/ERVL-MaLR	1948	+	172	89415603	67580
chr9	102137962	102337962	harbor2	chr9	102141273	102141454	LTR/ERVL-MaLR	461	+	90	102141363	3401
chr9	102137962	102337962	harbor2	chr9	102204556	102204913	LTR/ERVL-MaLR	1289	+	178	102204734	66772
chr9	102137962	102337962	harbor2	chr9	102215957	102216047	LTR/ERVL-MaLR	1900	+	45	102216002	78040
chr9	102137962	102337962	harbor2	chr9	102216357	102216611	LTR/ERVL-MaLR	1900	+	127	102216484	78522
chr9	102137962	102337962	harbor2	chr9	102217296	102217347	LTR/ERVL-MaLR	1900	+	26	102217322	79360
chr9	135999124	136199124	harbor2	chr9	136086939	136087334	LTR/ERVL-MaLR	935	+	198	136087137	88013
chr9	132351991	132551991	harbor2	chr9	132365429	132365993	LTR/ERVL-MaLR	1638	+	282	132365711	13720
chr9	131670337	131870337	harbor2	chr9	131698498	131698943	LTR/ERVL-MaLR	569	+	222	131698720	28383
chr9	131670337	131870337	harbor2	chr9	131748534	131748874	LTR/ERVL-MaLR	699	+	170	131748704	78367
chr9	109179900	109379900	harbor2	chr9	109199680	109200052	LTR/ERVL-MaLR	1832	+	186	109199866	19966
chr9	109179900	109379900	harbor2	chr9	109219112	109219311	LTR/ERVL-MaLR	803	+	100	109219212	39312
chr9	109179900	109379900	harbor2	chr9	109219870	109220132	LTR/ERVL-MaLR	803	+	131	109220001	40101
chr9	109179900	109379900	harbor2	chr9	109199252	109199386	LTR/ERVL-MaLR	1832	+	67	109199319	19419
chr9	123445329	123645329	harbor2	chr9	123487095	123487304	LTR/ERVL-MaLR	542	+	104	123487199	41870
chr9	123445329	123645329	harbor2	chr9	123519297	123519443	LTR/ERVL-MaLR	562	+	73	123519370	74041
chr9	123445329	123645329	harbor2	chr9	123519718	123519877	LTR/ERVL-MaLR	562	+	80	123519798	74469
chr9	123445329	123645329	harbor2	chr9	123520468	123520551	LTR/ERVL-MaLR	562	+	42	123520510	75181
chr9	93348438	93548438	harbor2	chr9	93364252	93364690	LTR/ERVL-MaLR	2193	+	219	93364471	16033
chr9	93348438	93548438	harbor2	chr9	93364733	93365229	LTR/ERVL-MaLR	1374	+	248	93364981	16543
chr9	93348438	93548438	harbor2	chr9	93367846	93368046	LTR/ERVL-MaLR	1253	+	100	93367946	19508
chr9	93348438	93548438	harbor2	chr9	93371530	93371878	LTR/ERVL-MaLR	1870	+	174	93371704	23266
chr9	93348438	93548438	harbor2	chr9	93371881	93372083	LTR/ERVL-MaLR	1197	+	101	93371982	23544
chr9	93348438	93548438	harbor2	chr9	93398057	93398420	LTR/ERVL-MaLR	2547	+	182	93398239	49801
chr9	93348438	93548438	harbor2	chr9	93414310	93414695	LTR/ERVL-MaLR	1695	+	192	93414502	66064
chr9	93348438	93548438	harbor2	chr9	93442420	93442561	LTR/ERVL-MaLR	705	+	70	93442490	94052
chr9	98115336	98315336	harbor2	chr9	98134378	98134795	LTR/ERVL-MaLR	1559	+	208	98134586	19250
chr9	98115336	98315336	harbor2	chr9	98174510	98174873	LTR/ERVL-MaLR	2382	+	182	98174692	59356
chr9	98115336	98315336	harbor2	chr9	98207498	98207782	LTR/ERVL-MaLR	482	+	142	98207640	92304
chr9	102725256	102925256	harbor2	chr9	102751249	102751748	LTR/ERVL-MaLR	1800	+	250	102751499	26243
chr9	102725256	102925256	harbor2	chr9	102752390	102752769	LTR/ERVL-MaLR	1318	+	190	102752580	27324
chr9	102725256	102925256	harbor2	chr9	102766052	102766446	LTR/ERVL-MaLR	1448	+	197	102766249	40993
chr9	102725256	102925256	harbor2	chr9	102778810	102779234	LTR/ERVL-MaLR	1589	+	212	102779022	53766
chr9	136950406	137150406	harbor2	chr9	136962067	136962125	LTR/ERVL-MaLR	774	+	29	136962096	11690
chr9	136950406	137150406	harbor2	chr9	136962419	136962683	LTR/ERVL-MaLR	774	+	132	136962551	12145
chr9	136950406	137150406	harbor2	chr9	136998619	136998700	LTR/ERVL-MaLR	654	+	40	136998659	48253
chr9	136950406	137150406	harbor2	chr9	136998999	136999032	LTR/ERVL-MaLR	654	+	16	136999015	48609
chr9	136950406	137150406	harbor2	chr9	136999331	136999495	LTR/ERVL-MaLR	654	+	82	136999413	49007
chr9	136950406	137150406	harbor2	chr9	137001159	137001214	LTR/ERVL-MaLR	1145	+	28	137001187	50781
chr9	136950406	137150406	harbor2	chr9	137001522	137001561	LTR/ERVL-MaLR	1145	+	20	137001542	51136
chr9	136950406	137150406	harbor2	chr9	137001859	137002123	LTR/ERVL-MaLR	1145	+	132	137001991	51585
chr9	66843474	67043474	harbor2	chr9	66846835	66847086	LTR/ERVL-MaLR	473	+	126	66846961	3487
chr9	66843474	67043474	harbor2	chr9	66858362	66858485	LTR/ERVL-MaLR	441	+	62	66858424	14950
chr9	66843474	67043474	harbor2	chr9	66915416	66915647	LTR/ERVL-MaLR	678	+	116	66915532	72058
chr9	66843474	67043474	harbor2	chr9	66940809	66941171	LTR/ERVL-MaLR	2751	+	181	66940990	97516
chr9	66843474	67043474	harbor2	chr9	66942890	66943121	LTR/ERVL-MaLR	1100	+	116	66943006	99532
chr9	79309932	79509932	harbor2	chr9	79319051	79319406	LTR/ERVL-MaLR	2111	+	178	79319229	9297
chr9	79309932	79509932	harbor2	chr9	79337722	79337809	LTR/ERVL-MaLR	522	+	44	79337766	27834
chr9	79309932	79509932	harbor2	chr9	79337833	79338235	LTR/ERVL-MaLR	2159	+	201	79338034	28102
chr9	79309932	79509932	harbor2	chr9	79355225	79355622	LTR/ERVL-MaLR	835	+	198	79355423	45491
chr9	79309932	79509932	harbor2	chr9	79355773	79355931	LTR/ERVL-MaLR	1847	+	79	79355852	45920
chr9	79309932	79509932	harbor2	chr9	79356243	79356461	LTR/ERVL-MaLR	1847	+	109	79356352	46420
chr9	79309932	79509932	harbor2	chr9	79384144	79384374	LTR/ERVL-MaLR	647	+	115	79384259	74327
chr9	79309932	79509932	harbor2	chr9	79386070	79386264	LTR/ERVL-MaLR	553	+	97	79386167	76235
chr9	79309932	79509932	harbor2	chr9	79390313	79390664	LTR/ERVL-MaLR	819	+	176	79390489	80557
chr9	79309932	79509932	harbor2	chr9	79397536	79397934	LTR/ERVL-MaLR	1853	+	199	79397735	87803
chr9	137284017	137484017	harbor2	chr9	137294334	137294568	LTR/ERVL-MaLR	918	+	117	137294451	10434
chr9	137284017	137484017	harbor2	chr9	137333462	137333825	LTR/ERVL-MaLR	1541	+	182	137333644	49627
chr9	94689313	94889313	harbor2	chr9	94689755	94690227	LTR/ERVL-MaLR	1469	+	236	94689991	678
chr9	94689313	94889313	harbor2	chr9	94714354	94714744	LTR/ERVL-MaLR	1069	+	195	94714549	25236
chr9	94689313	94889313	harbor2	chr9	94752675	94752941	LTR/ERVL-MaLR	1071	+	133	94752808	63495
chr9	94689313	94889313	harbor2	chr9	94753017	94753211	LTR/ERVL-MaLR	624	+	97	94753114	63801
chr9	78644620	78844620	harbor2	chr9	78654682	78655090	LTR/ERVL-MaLR	1629	+	204	78654886	10266
chr9	78644620	78844620	harbor2	chr9	78688523	78688703	LTR/ERVL-MaLR	475	+	90	78688613	43993
chr9	78644620	78844620	harbor2	chr9	78700611	78701192	LTR/ERVL-MaLR	2092	+	290	78700901	56281
chr9	78644620	78844620	harbor2	chr9	78702960	78703306	LTR/ERVL-MaLR	2158	+	173	78703133	58513
chr9	78644620	78844620	harbor2	chr9	78703309	78704866	LTR/ERVL-MaLR	11497	+	778	78704087	59467
chr9	78644620	78844620	harbor2	chr9	78704867	78705102	LTR/ERVL-MaLR	2319	+	118	78704985	60365
chr9	78644620	78844620	harbor2	chr9	78705408	78705535	LTR/ERVL-MaLR	2319	+	64	78705472	60852
chr9	78644620	78844620	harbor2	chr9	78710621	78710968	LTR/ERVL-MaLR	2005	+	174	78710795	66175
chr9	78644620	78844620	harbor2	chr9	78715917	78716270	LTR/ERVL-MaLR	1088	+	176	78716093	71473
chr9	87903516	88103516	harbor2	chr9	87926535	87926764	LTR/ERVL-MaLR	846	+	114	87926649	23133
chr9	87903516	88103516	harbor2	chr9	87929145	87929281	LTR/ERVL-MaLR	523	+	68	87929213	25697
chr9	87903516	88103516	harbor2	chr9	87929585	87929806	LTR/ERVL-MaLR	800	+	110	87929695	26179
chr9	87903516	88103516	harbor2	chr9	87945468	87945820	LTR/ERVL-MaLR	1648	+	176	87945644	42128
chr9	87903516	88103516	harbor2	chr9	87947167	87947528	LTR/ERVL-MaLR	2635	+	180	87947347	43831
chr9	87903516	88103516	harbor2	chr9	87997315	87997442	LTR/ERVL-MaLR	1156	+	64	87997379	93863
chr9	87903516	88103516	harbor2	chr9	87997749	87997944	LTR/ERVL-MaLR	1156	+	98	87997847	94331
chr9	87903516	88103516	harbor2	chr9	88000799	88001153	LTR/ERVL-MaLR	2493	+	177	88000976	97460
chr9	87903516	88103516	harbor2	chr9	88001154	88002725	LTR/ERVL-MaLR	12117	+	786	88001940	98424
chr9	87903516	88103516	harbor2	chr9	88002726	88003071	LTR/ERVL-MaLR	2097	+	172	88002898	99382
chr9	103762890	103962890	harbor2	chr9	103767890	103768247	LTR/ERVL-MaLR	1332	+	178	103768068	5178
chr9	103762890	103962890	harbor2	chr9	103777741	103778153	LTR/ERVL-MaLR	2494	+	206	103777947	15057
chr9	103762890	103962890	harbor2	chr9	103790182	103790561	LTR/ERVL-MaLR	2093	+	190	103790372	27482
chr9	103762890	103962890	harbor2	chr9	103791206	103791595	LTR/ERVL-MaLR	2144	+	194	103791400	28510
chr9	103762890	103962890	harbor2	chr9	103828077	103828424	LTR/ERVL-MaLR	1960	+	174	103828251	65361
chr9	103762890	103962890	harbor2	chr9	103848371	103848493	LTR/ERVL-MaLR	486	+	61	103848432	85542
chr9	103762890	103962890	harbor2	chr9	103848555	103848805	LTR/ERVL-MaLR	955	+	125	103848680	85790
chr9	103762890	103962890	harbor2	chr9	103855468	103855827	LTR/ERVL-MaLR	2338	+	180	103855648	92758
chr9	104899122	105099122	harbor2	chr9	104980121	104980223	LTR/ERVL-MaLR	482	+	51	104980172	81050
chr9	107770114	107970114	harbor2	chr9	107786025	107786338	LTR/ERVL-MaLR	1435	+	156	107786181	16067
chr9	107770114	107970114	harbor2	chr9	107787942	107788354	LTR/ERVL-MaLR	2521	+	206	107788148	18034
chr9	107770114	107970114	harbor2	chr9	107788450	107788798	LTR/ERVL-MaLR	2416	+	174	107788624	18510
chr9	107770114	107970114	harbor2	chr9	107792243	107792517	LTR/ERVL-MaLR	887	+	137	107792380	22266
chr9	107770114	107970114	harbor2	chr9	107795667	107796048	LTR/ERVL-MaLR	2335	+	190	107795857	25743
chr9	107770114	107970114	harbor2	chr9	107804018	107804463	LTR/ERVL-MaLR	1739	+	222	107804240	34126
chr9	107770114	107970114	harbor2	chr9	107807275	107807359	LTR/ERVL-MaLR	705	+	42	107807317	37203
chr9	107770114	107970114	harbor2	chr9	107807533	107807811	LTR/ERVL-MaLR	705	+	139	107807672	37558
chr9	107770114	107970114	harbor2	chr9	107842520	107842867	LTR/ERVL-MaLR	2339	+	174	107842694	72580
chr9	107770114	107970114	harbor2	chr9	107859326	107859929	LTR/ERVL-MaLR	1826	+	302	107859628	89514
chr9	119425434	119625434	harbor2	chr9	119449102	119449460	LTR/ERVL-MaLR	1348	+	179	119449281	23847
chr9	119425434	119625434	harbor2	chr9	119449599	119449956	LTR/ERVL-MaLR	910	+	178	119449777	24343
chr9	119425434	119625434	harbor2	chr9	119455853	119456227	LTR/ERVL-MaLR	2264	+	187	119456040	30606
chr9	119425434	119625434	harbor2	chr9	119466238	119466697	LTR/ERVL-MaLR	1212	+	230	119466468	41034
chr9	119425434	119625434	harbor2	chr9	119514576	119514928	LTR/ERVL-MaLR	1846	+	176	119514752	89318
chr9	119425434	119625434	harbor2	chr9	119519331	119519491	LTR/ERVL-MaLR	439	+	80	119519411	93977
chr9	119425434	119625434	harbor2	chr9	119523905	119524184	LTR/ERVL-MaLR	1024	+	140	119524045	98611
chr9	129855447	130055447	harbor2	chr9	129906341	129906699	LTR/ERVL-MaLR	2438	+	179	129906520	51073
chr9	105087336	105287336	harbor2	chr9	105088762	105089324	LTR/ERVL-MaLR	981	+	281	105089043	1707
chr9	105087336	105287336	harbor2	chr9	105141552	105142095	LTR/ERVL-MaLR	2419	+	272	105141824	54488
chr9	105087336	105287336	harbor2	chr9	105175706	105175966	LTR/ERVL-MaLR	1084	+	130	105175836	88500
chr9	105087336	105287336	harbor2	chr9	105176270	105176400	LTR/ERVL-MaLR	1084	+	65	105176335	88999
chr9	105087336	105287336	harbor2	chr9	105152509	105152856	LTR/ERVL-MaLR	1918	+	174	105152683	65347
chr9	136920699	137120699	harbor2	chr9	136932997	136934550	LTR/ERVL-MaLR	6072	+	776	136933773	13074
chr9	136920699	137120699	harbor2	chr9	136934551	136934870	LTR/ERVL-MaLR	1184	+	160	136934711	14012
chr9	136920699	137120699	harbor2	chr9	136934877	136935014	LTR/ERVL-MaLR	578	+	68	136934945	14246
chr9	136920699	137120699	harbor2	chr9	136962067	136962125	LTR/ERVL-MaLR	774	+	29	136962096	41397
chr9	136920699	137120699	harbor2	chr9	136962419	136962683	LTR/ERVL-MaLR	774	+	132	136962551	41852
chr9	136920699	137120699	harbor2	chr9	136998619	136998700	LTR/ERVL-MaLR	654	+	40	136998659	77960
chr9	136920699	137120699	harbor2	chr9	136998999	136999032	LTR/ERVL-MaLR	654	+	16	136999015	78316
chr9	136920699	137120699	harbor2	chr9	136999331	136999495	LTR/ERVL-MaLR	654	+	82	136999413	78714
chr9	136920699	137120699	harbor2	chr9	137001159	137001214	LTR/ERVL-MaLR	1145	+	28	137001187	80488
chr9	136920699	137120699	harbor2	chr9	137001522	137001561	LTR/ERVL-MaLR	1145	+	20	137001542	80843
chr9	136920699	137120699	harbor2	chr9	137001859	137002123	LTR/ERVL-MaLR	1145	+	132	137001991	81292
chr9	78695848	78895848	harbor2	chr9	78700611	78701192	LTR/ERVL-MaLR	2092	+	290	78700901	5053
chr9	78695848	78895848	harbor2	chr9	78702960	78703306	LTR/ERVL-MaLR	2158	+	173	78703133	7285
chr9	78695848	78895848	harbor2	chr9	78703309	78704866	LTR/ERVL-MaLR	11497	+	778	78704087	8239
chr9	78695848	78895848	harbor2	chr9	78704867	78705102	LTR/ERVL-MaLR	2319	+	118	78704985	9137
chr9	78695848	78895848	harbor2	chr9	78705408	78705535	LTR/ERVL-MaLR	2319	+	64	78705472	9624
chr9	78695848	78895848	harbor2	chr9	78710621	78710968	LTR/ERVL-MaLR	2005	+	174	78710795	14947
chr9	78695848	78895848	harbor2	chr9	78715917	78716270	LTR/ERVL-MaLR	1088	+	176	78716093	20245
chr9	78695848	78895848	harbor2	chr9	78762870	78763227	LTR/ERVL-MaLR	1180	+	178	78763048	67200
chr9	78695848	78895848	harbor2	chr9	78765748	78766197	LTR/ERVL-MaLR	481	+	224	78765972	70124
chr9	102570403	102770403	harbor2	chr9	102584850	102584945	LTR/ERVL-MaLR	435	+	48	102584898	14495
chr9	102570403	102770403	harbor2	chr9	102615411	102615825	LTR/ERVL-MaLR	1881	+	207	102615618	45215
chr9	102570403	102770403	harbor2	chr9	102617914	102618270	LTR/ERVL-MaLR	1253	+	178	102618092	47689
chr9	74197115	74397115	harbor2	chr9	74201919	74202366	LTR/ERVL-MaLR	1487	+	224	74202143	5028
chr9	74197115	74397115	harbor2	chr9	74239744	74240197	LTR/ERVL-MaLR	1947	+	226	74239970	42855
chr9	74197115	74397115	harbor2	chr9	74252898	74253029	LTR/ERVL-MaLR	1148	+	66	74252964	55849
chr9	74197115	74397115	harbor2	chr9	74253129	74253313	LTR/ERVL-MaLR	1148	+	92	74253221	56106
chr9	91505643	91705643	harbor2	chr9	91516003	91516348	LTR/ERVL-MaLR	1368	+	172	91516175	10532
chr9	91505643	91705643	harbor2	chr9	91516658	91516724	LTR/ERVL-MaLR	1368	+	33	91516691	11048
chr9	91505643	91705643	harbor2	chr9	91523338	91523381	LTR/ERVL-MaLR	2131	+	22	91523360	17717
chr9	91505643	91705643	harbor2	chr9	91523658	91524091	LTR/ERVL-MaLR	2131	+	216	91523874	18231
chr9	91505643	91705643	harbor2	chr9	91551355	91551761	LTR/ERVL-MaLR	2608	+	203	91551558	45915
chr9	91505643	91705643	harbor2	chr9	91569683	91569783	LTR/ERVL-MaLR	563	+	50	91569733	64090
chr9	91505643	91705643	harbor2	chr9	91569796	91570035	LTR/ERVL-MaLR	956	+	120	91569916	64273
chr9	91505643	91705643	harbor2	chr9	91573435	91573799	LTR/ERVL-MaLR	2371	+	182	91573617	67974
chr9	91505643	91705643	harbor2	chr9	91576266	91576665	LTR/ERVL-MaLR	1602	+	200	91576466	70823
chr9	91505643	91705643	harbor2	chr9	91578087	91578180	LTR/ERVL-MaLR	519	+	46	91578133	72490
chr9	91505643	91705643	harbor2	chr9	91582675	91582765	LTR/ERVL-MaLR	448	+	45	91582720	77077
chr9	91505643	91705643	harbor2	chr9	91597823	91598171	LTR/ERVL-MaLR	1440	+	174	91597997	92354
chr9	91505643	91705643	harbor2	chr9	91537036	91537582	LTR/ERVL-MaLR	1759	+	273	91537309	31666
chr9	93652092	93852092	harbor2	chr9	93691914	93692274	LTR/ERVL-MaLR	1784	+	180	93692094	40002
chr9	93652092	93852092	harbor2	chr9	93693885	93694283	LTR/ERVL-MaLR	1877	+	199	93694084	41992
chr9	93652092	93852092	harbor2	chr9	93724350	93724773	LTR/ERVL-MaLR	1804	+	212	93724562	72470
chr9	93652092	93852092	harbor2	chr9	93729834	93730278	LTR/ERVL-MaLR	1901	+	222	93730056	77964
chr9	96810848	97010848	harbor2	chr9	96814939	96815306	LTR/ERVL-MaLR	2186	+	184	96815123	4275
chr9	96810848	97010848	harbor2	chr9	96833970	96834106	LTR/ERVL-MaLR	1442	+	68	96834038	23190
chr9	96810848	97010848	harbor2	chr9	96834107	96834465	LTR/ERVL-MaLR	2199	+	179	96834286	23438
chr9	96810848	97010848	harbor2	chr9	96834466	96834756	LTR/ERVL-MaLR	1442	+	145	96834611	23763
chr9	96810848	97010848	harbor2	chr9	96834759	96836212	LTR/ERVL-MaLR	5413	+	726	96835485	24637
chr9	96810848	97010848	harbor2	chr9	96836501	96836650	LTR/ERVL-MaLR	5413	+	74	96836575	25727
chr9	96810848	97010848	harbor2	chr9	96836651	96837080	LTR/ERVL-MaLR	1992	+	214	96836865	26017
chr9	96810848	97010848	harbor2	chr9	96865232	96865585	LTR/ERVL-MaLR	2246	+	176	96865408	54560
chr9	96810848	97010848	harbor2	chr9	96865586	96867148	LTR/ERVL-MaLR	11360	+	781	96866367	55519
chr9	96810848	97010848	harbor2	chr9	96867155	96867524	LTR/ERVL-MaLR	2136	+	184	96867339	56491
chr9	88186376	88386376	harbor2	chr9	88221853	88221945	LTR/ERVL-MaLR	562	+	46	88221899	35523
chr9	88186376	88386376	harbor2	chr9	88222242	88222284	LTR/ERVL-MaLR	562	+	21	88222263	35887
chr9	88186376	88386376	harbor2	chr9	88222769	88223041	LTR/ERVL-MaLR	1592	+	136	88222905	36529
chr9	88186376	88386376	harbor2	chr9	88231980	88232397	LTR/ERVL-MaLR	2357	+	208	88232188	45812
chr9	88186376	88386376	harbor2	chr9	88249015	88249286	LTR/ERVL-MaLR	1650	+	136	88249151	62775
chr9	88186376	88386376	harbor2	chr9	88249287	88249669	LTR/ERVL-MaLR	1626	+	191	88249478	63102
chr9	88186376	88386376	harbor2	chr9	88250716	88251094	LTR/ERVL-MaLR	1947	+	189	88250905	64529
chr9	88186376	88386376	harbor2	chr9	88251095	88252736	LTR/ERVL-MaLR	10938	+	820	88251915	65539
chr9	88186376	88386376	harbor2	chr9	88252737	88253128	LTR/ERVL-MaLR	2058	+	196	88252933	66557
chr9	36438385	36638385	harbor2	chr9	36489762	36489816	LTR/ERVL-MaLR	2082	+	27	36489789	51404
chr9	36438385	36638385	harbor2	chr9	36490127	36490492	LTR/ERVL-MaLR	2082	+	182	36490309	51924
chr9	36438385	36638385	harbor2	chr9	36530474	36530935	LTR/ERVL-MaLR	893	+	230	36530704	92319
chr9	36438385	36638385	harbor2	chr9	36530940	36531365	LTR/ERVL-MaLR	1494	+	212	36531152	92767
chr9	36438385	36638385	harbor2	chr9	36533094	36533192	LTR/ERVL-MaLR	1973	+	49	36533143	94758
chr9	36438385	36638385	harbor2	chr9	36533490	36533555	LTR/ERVL-MaLR	1973	+	32	36533522	95137
chr9	36438385	36638385	harbor2	chr9	36533859	36534074	LTR/ERVL-MaLR	1973	+	108	36533967	95582
chr9	36438385	36638385	harbor2	chr9	36534075	36534504	LTR/ERVL-MaLR	10592	+	214	36534289	95904
chr9	36438385	36638385	harbor2	chr9	36534816	36534830	LTR/ERVL-MaLR	10592	+	7	36534823	96438
chr9	36438385	36638385	harbor2	chr9	36535127	36536192	LTR/ERVL-MaLR	10592	+	532	36535659	97274
chr9	36438385	36638385	harbor2	chr9	36536193	36536302	LTR/ERVL-MaLR	713	+	54	36536247	97862
chr9	112453345	112653345	harbor2	chr9	112471253	112471587	LTR/ERVL-MaLR	1438	+	167	112471420	18075
chr9	112453345	112653345	harbor2	chr9	112471687	112471738	LTR/ERVL-MaLR	404	+	26	112471713	18368
chr9	112453345	112653345	harbor2	chr9	112479312	112479682	LTR/ERVL-MaLR	1865	+	185	112479497	26152
chr9	112453345	112653345	harbor2	chr9	112495774	112496177	LTR/ERVL-MaLR	966	+	202	112495976	42631
chr9	112453345	112653345	harbor2	chr9	112497186	112497589	LTR/ERVL-MaLR	2117	+	202	112497388	44043
chr9	112453345	112653345	harbor2	chr9	112548773	112549099	LTR/ERVL-MaLR	1675	+	163	112548936	95591
chr9	99166838	99366838	harbor2	chr9	99167114	99167576	LTR/ERVL-MaLR	971	+	231	99167345	507
chr9	99166838	99366838	harbor2	chr9	99186777	99187162	LTR/ERVL-MaLR	910	+	192	99186969	20131
chr9	99166838	99366838	harbor2	chr9	99191956	99192321	LTR/ERVL-MaLR	1880	+	182	99192138	25300
chr9	99166838	99366838	harbor2	chr9	99193046	99193526	LTR/ERVL-MaLR	2062	+	240	99193286	26448
chr9	99166838	99366838	harbor2	chr9	99194695	99195083	LTR/ERVL-MaLR	1753	+	194	99194889	28051
chr9	99166838	99366838	harbor2	chr9	99198015	99198484	LTR/ERVL-MaLR	1118	+	234	99198249	31411
chr9	99166838	99366838	harbor2	chr9	99236221	99236612	LTR/ERVL-MaLR	1983	+	196	99236417	69579
chr9	99166838	99366838	harbor2	chr9	99237826	99238184	LTR/ERVL-MaLR	2397	+	179	99238005	71167
chr9	84683411	84883411	harbor2	chr9	84734498	84734857	LTR/ERVL-MaLR	2556	+	180	84734678	51267
chr9	84683411	84883411	harbor2	chr9	84761861	84762226	LTR/ERVL-MaLR	2367	+	182	84762043	78632
chr9	82962441	83162441	harbor2	chr9	82971404	82971801	LTR/ERVL-MaLR	1631	+	198	82971602	9161
chr9	82962441	83162441	harbor2	chr9	82983602	82984064	LTR/ERVL-MaLR	443	+	231	82983833	21392
chr9	82962441	83162441	harbor2	chr9	82984648	82984763	LTR/ERVL-MaLR	461	+	58	82984706	22265
chr9	82962441	83162441	harbor2	chr9	82988475	82988885	LTR/ERVL-MaLR	2270	+	205	82988680	26239
chr9	82962441	83162441	harbor2	chr9	83028782	83029124	LTR/ERVL-MaLR	1871	+	171	83028953	66512
chr9	82962441	83162441	harbor2	chr9	83039885	83040224	LTR/ERVL-MaLR	2122	+	170	83040055	77614
chr9	79354958	79554958	harbor2	chr9	79355225	79355622	LTR/ERVL-MaLR	835	+	198	79355423	465
chr9	79354958	79554958	harbor2	chr9	79355773	79355931	LTR/ERVL-MaLR	1847	+	79	79355852	894
chr9	79354958	79554958	harbor2	chr9	79356243	79356461	LTR/ERVL-MaLR	1847	+	109	79356352	1394
chr9	79354958	79554958	harbor2	chr9	79384144	79384374	LTR/ERVL-MaLR	647	+	115	79384259	29301
chr9	79354958	79554958	harbor2	chr9	79386070	79386264	LTR/ERVL-MaLR	553	+	97	79386167	31209
chr9	79354958	79554958	harbor2	chr9	79390313	79390664	LTR/ERVL-MaLR	819	+	176	79390489	35531
chr9	79354958	79554958	harbor2	chr9	79397536	79397934	LTR/ERVL-MaLR	1853	+	199	79397735	42777
chr9	105556173	105756173	harbor2	chr9	105590086	105590448	LTR/ERVL-MaLR	1907	+	181	105590267	34094
chr9	105556173	105756173	harbor2	chr9	105642747	105643140	LTR/ERVL-MaLR	2192	+	196	105642943	86770
chr9	130234003	130434003	harbor2	chr9	130240712	130240818	LTR/ERVL-MaLR	613	+	53	130240765	6762
chr9	130234003	130434003	harbor2	chr9	130246815	130246936	LTR/ERVL-MaLR	1052	+	60	130246875	12872
chr9	130234003	130434003	harbor2	chr9	130247227	130247381	LTR/ERVL-MaLR	1052	+	77	130247304	13301
chr9	130234003	130434003	harbor2	chr9	130247708	130247755	LTR/ERVL-MaLR	425	+	24	130247732	13729
chr9	130234003	130434003	harbor2	chr9	130257808	130257975	LTR/ERVL-MaLR	2435	+	84	130257892	23889
chr9	130234003	130434003	harbor2	chr9	130258292	130258504	LTR/ERVL-MaLR	2435	+	106	130258398	24395
chr9	130234003	130434003	harbor2	chr9	130279740	130280150	LTR/ERVL-MaLR	2373	+	205	130279945	45942
chr9	130234003	130434003	harbor2	chr9	130280472	130280536	LTR/ERVL-MaLR	2373	+	32	130280504	46501
chr9	130453428	130653428	harbor2	chr9	130501783	130501871	LTR/ERVL-MaLR	489	+	44	130501827	48399
chr9	130453428	130653428	harbor2	chr9	130545461	130545671	LTR/ERVL-MaLR	851	+	105	130545566	92138
chr9	130453428	130653428	harbor2	chr9	130546020	130546152	LTR/ERVL-MaLR	702	+	66	130546086	92658
chr9	130453428	130653428	harbor2	chr9	130546394	130546693	LTR/ERVL-MaLR	1573	+	150	130546544	93116
chr9	130453428	130653428	harbor2	chr9	130549160	130549445	LTR/ERVL-MaLR	937	+	142	130549302	95874
chr9	132563497	132763497	harbor2	chr9	132649048	132649107	LTR/ERVL-MaLR	915	+	30	132649078	85581
chr9	132563497	132763497	harbor2	chr9	132649242	132649639	LTR/ERVL-MaLR	915	+	198	132649440	85943
chr9	132563497	132763497	harbor2	chr9	132652630	132652986	LTR/ERVL-MaLR	2359	+	178	132652808	89311
chr9	126922145	127122145	harbor2	chr9	126985052	126985199	LTR/ERVL-MaLR	445	+	74	126985126	62981
chr9	119545959	119745959	harbor2	chr9	119546601	119546946	LTR/ERVL-MaLR	2457	+	172	119546773	814
chr9	119545959	119745959	harbor2	chr9	119548681	119549160	LTR/ERVL-MaLR	1222	+	240	119548921	2962
chr9	119545959	119745959	harbor2	chr9	119593108	119593538	LTR/ERVL-MaLR	1889	+	215	119593323	47364
chr9	119545959	119745959	harbor2	chr9	119596575	119597099	LTR/ERVL-MaLR	722	+	262	119596837	50878
chr9	119545959	119745959	harbor2	chr9	119604754	119604873	LTR/ERVL-MaLR	541	+	60	119604814	58855
chr9	119545959	119745959	harbor2	chr9	119608152	119608508	LTR/ERVL-MaLR	2208	+	178	119608330	62371
chr9	119545959	119745959	harbor2	chr9	119613111	119613219	LTR/ERVL-MaLR	545	+	54	119613165	67206
chr9	119545959	119745959	harbor2	chr9	119613221	119613367	LTR/ERVL-MaLR	777	+	73	119613294	67335
chr9	119545959	119745959	harbor2	chr9	119636844	119637207	LTR/ERVL-MaLR	2093	+	182	119637026	91067
chr9	119545959	119745959	harbor2	chr9	119641290	119641439	LTR/ERVL-MaLR	723	+	74	119641364	95405
chr9	119545959	119745959	harbor2	chr9	119642898	119643080	LTR/ERVL-MaLR	1012	+	91	119642989	97030
chr9	119545959	119745959	harbor2	chr9	119643410	119643450	LTR/ERVL-MaLR	1012	+	20	119643430	97471
chr9	119545959	119745959	harbor2	chr9	119644986	119645159	LTR/ERVL-MaLR	718	+	86	119645072	99113
chr9	119545959	119745959	harbor2	chr9	119635933	119636481	LTR/ERVL-MaLR	565	+	274	119636207	90248
chr9	110955803	111155803	harbor2	chr9	111006839	111007294	LTR/ERVL-MaLR	2150	+	228	111007067	51264
chr9	110955803	111155803	harbor2	chr9	111014855	111015238	LTR/ERVL-MaLR	2220	+	192	111015047	59244
chr9	110955803	111155803	harbor2	chr9	111048852	111049024	LTR/ERVL-MaLR	457	+	86	111048938	93135
chr9	110955803	111155803	harbor2	chr9	111055211	111055563	LTR/ERVL-MaLR	1902	+	176	111055387	99584
chr9	75901308	76101308	harbor2	chr9	75909781	75910162	LTR/ERVL-MaLR	1256	+	190	75909971	8663
chr9	134936939	135136939	harbor2	chr9	134965439	134965915	LTR/ERVL-MaLR	1646	+	238	134965677	28738
chr9	134936939	135136939	harbor2	chr9	134983374	134983606	LTR/ERVL-MaLR	1162	+	116	134983490	46551
chr9	134936939	135136939	harbor2	chr9	134984126	134984359	LTR/ERVL-MaLR	1091	+	116	134984242	47303
chr9	134936939	135136939	harbor2	chr9	134986020	134986255	LTR/ERVL-MaLR	656	+	118	134986138	49199
chr9	134936939	135136939	harbor2	chr9	134987010	134987233	LTR/ERVL-MaLR	656	+	112	134987122	50183
chr9	134936939	135136939	harbor2	chr9	134997752	134998185	LTR/ERVL-MaLR	1064	+	216	134997968	61029
chr9	134936939	135136939	harbor2	chr9	135001251	135001621	LTR/ERVL-MaLR	667	+	185	135001436	64497
chr9	134936939	135136939	harbor2	chr9	135008839	135009241	LTR/ERVL-MaLR	1293	+	201	135009040	72101
chr9	134936939	135136939	harbor2	chr9	135014100	135014480	LTR/ERVL-MaLR	1903	+	190	135014290	77351
chr9	134936939	135136939	harbor2	chr9	135020118	135020534	LTR/ERVL-MaLR	1167	+	208	135020326	83387
chr9	127458378	127658378	harbor2	chr9	127520132	127520229	LTR/ERVL-MaLR	1703	+	48	127520180	61802
chr9	127458378	127658378	harbor2	chr9	127520538	127520633	LTR/ERVL-MaLR	1703	+	48	127520586	62208
chr9	127458378	127658378	harbor2	chr9	127520914	127521142	LTR/ERVL-MaLR	1703	+	114	127521028	62650
chr9	24973030	25173030	harbor2	chr9	25016260	25016606	LTR/ERVL-MaLR	1365	+	173	25016433	43403
chr9	24973030	25173030	harbor2	chr9	25036150	25036535	LTR/ERVL-MaLR	1706	+	192	25036342	63312
chr9	73837527	74037527	harbor2	chr9	73892075	73892410	LTR/ERVL-MaLR	1053	+	168	73892243	54716
chr9	96952606	97152606	harbor2	chr9	96973928	96974422	LTR/ERVL-MaLR	481	+	247	96974175	21569
chr9	96952606	97152606	harbor2	chr9	96985767	96985819	LTR/ERVL-MaLR	562	+	26	96985793	33187
chr9	96952606	97152606	harbor2	chr9	96986366	96986510	LTR/ERVL-MaLR	562	+	72	96986438	33832
chr9	96952606	97152606	harbor2	chr9	96992228	96992699	LTR/ERVL-MaLR	795	+	236	96992464	39858
chr9	96952606	97152606	harbor2	chr9	97009391	97009571	LTR/ERVL-MaLR	1919	+	90	97009481	56875
chr9	96952606	97152606	harbor2	chr9	97009793	97010045	LTR/ERVL-MaLR	1919	+	126	97009919	57313
chr9	93309160	93509160	harbor2	chr9	93325059	93325521	LTR/ERVL-MaLR	898	+	231	93325290	16130
chr9	93309160	93509160	harbor2	chr9	93332827	93333181	LTR/ERVL-MaLR	2574	+	177	93333004	23844
chr9	93309160	93509160	harbor2	chr9	93337301	93337687	LTR/ERVL-MaLR	2194	+	193	93337494	28334
chr9	93309160	93509160	harbor2	chr9	93337690	93339307	LTR/ERVL-MaLR	10979	+	808	93338498	29338
chr9	93309160	93509160	harbor2	chr9	93364252	93364690	LTR/ERVL-MaLR	2193	+	219	93364471	55311
chr9	93309160	93509160	harbor2	chr9	93364733	93365229	LTR/ERVL-MaLR	1374	+	248	93364981	55821
chr9	93309160	93509160	harbor2	chr9	93367846	93368046	LTR/ERVL-MaLR	1253	+	100	93367946	58786
chr9	93309160	93509160	harbor2	chr9	93371530	93371878	LTR/ERVL-MaLR	1870	+	174	93371704	62544
chr9	93309160	93509160	harbor2	chr9	93371881	93372083	LTR/ERVL-MaLR	1197	+	101	93371982	62822
chr9	93309160	93509160	harbor2	chr9	93398057	93398420	LTR/ERVL-MaLR	2547	+	182	93398239	89079
chr9	93309160	93509160	harbor2	chr9	93339308	93339683	LTR/ERVL-MaLR	2337	+	188	93339496	30336
chr9	104902077	105102077	harbor2	chr9	104980121	104980223	LTR/ERVL-MaLR	482	+	51	104980172	78095
chr9	123158330	123358330	harbor2	chr9	123225436	123225846	LTR/ERVL-MaLR	692	+	205	123225641	67311
chr9	123158330	123358330	harbor2	chr9	123232558	123232836	LTR/ERVL-MaLR	436	+	139	123232697	74367
chr9	136693009	136893009	harbor2	chr9	136753102	136753464	LTR/ERVL-MaLR	1251	+	181	136753283	60274
chr9	136693009	136893009	harbor2	chr9	136760821	136761260	LTR/ERVL-MaLR	1326	+	220	136761041	68032
chr9	136693009	136893009	harbor2	chr9	136761561	136761624	LTR/ERVL-MaLR	1326	+	32	136761593	68584
chr9	136693009	136893009	harbor2	chr9	136773829	136774210	LTR/ERVL-MaLR	866	+	190	136774019	81010
chr9	130366842	130566842	harbor2	chr9	130416741	130416905	LTR/ERVL-MaLR	863	+	82	130416823	49981
chr9	130366842	130566842	harbor2	chr9	130417212	130417239	LTR/ERVL-MaLR	863	+	14	130417226	50384
chr9	130366842	130566842	harbor2	chr9	130417548	130417773	LTR/ERVL-MaLR	863	+	112	130417660	50818
chr9	134585587	134785587	harbor2	chr9	134594753	134595092	LTR/ERVL-MaLR	537	+	170	134594923	9336
chr9	134585587	134785587	harbor2	chr9	134601283	134601489	LTR/ERVL-MaLR	423	+	103	134601386	15799
chr9	134585587	134785587	harbor2	chr9	134611399	134611816	LTR/ERVL-MaLR	2385	+	208	134611607	26020
chr9	134585587	134785587	harbor2	chr9	134631787	134632213	LTR/ERVL-MaLR	482	+	213	134632000	46413
chr9	134585587	134785587	harbor2	chr9	134633087	134633443	LTR/ERVL-MaLR	2097	+	178	134633265	47678
chr9	134585587	134785587	harbor2	chr9	134637120	134637492	LTR/ERVL-MaLR	1666	+	186	134637306	51719
chr9	69328208	69528208	harbor2	chr9	69344879	69344979	LTR/ERVL-MaLR	423	+	50	69344929	16721
chr9	69328208	69528208	harbor2	chr9	69359335	69359703	LTR/ERVL-MaLR	2128	+	184	69359519	31311
chr9	128366718	128566718	harbor2	chr9	128448318	128448391	LTR/ERVL-MaLR	1746	+	36	128448354	81636
chr9	128366718	128566718	harbor2	chr9	128448696	128448981	LTR/ERVL-MaLR	1746	+	142	128448838	82120
chr9	88777907	88977907	harbor2	chr9	88801375	88801694	LTR/ERVL-MaLR	621	+	160	88801535	23628
chr9	88777907	88977907	harbor2	chr9	88801716	88802282	LTR/ERVL-MaLR	1448	+	283	88801999	24092
chr9	88777907	88977907	harbor2	chr9	88802316	88802411	LTR/ERVL-MaLR	1448	+	48	88802364	24457
chr9	88777907	88977907	harbor2	chr9	88802465	88802978	LTR/ERVL-MaLR	1575	+	256	88802721	24814
chr9	88777907	88977907	harbor2	chr9	88803161	88803481	LTR/ERVL-MaLR	681	+	160	88803321	25414
chr9	88777907	88977907	harbor2	chr9	88803530	88803682	LTR/ERVL-MaLR	485	+	76	88803606	25699
chr9	88777907	88977907	harbor2	chr9	88806892	88807246	LTR/ERVL-MaLR	498	+	177	88807069	29162
chr9	88777907	88977907	harbor2	chr9	88824100	88824468	LTR/ERVL-MaLR	2093	+	184	88824284	46377
chr9	88777907	88977907	harbor2	chr9	88824471	88825284	LTR/ERVL-MaLR	3898	+	406	88824877	46970
chr9	88777907	88977907	harbor2	chr9	88825466	88825891	LTR/ERVL-MaLR	2146	+	212	88825678	47771
chr9	88777907	88977907	harbor2	chr9	88826187	88826310	LTR/ERVL-MaLR	2146	+	62	88826249	48342
chr9	88777907	88977907	harbor2	chr9	88826311	88826625	LTR/ERVL-MaLR	1803	+	157	88826468	48561
chr9	88777907	88977907	harbor2	chr9	88846005	88846924	LTR/ERVL-MaLR	5137	+	460	88846465	68558
chr9	88777907	88977907	harbor2	chr9	88851189	88851569	LTR/ERVL-MaLR	1528	+	190	88851379	73472
chr9	88777907	88977907	harbor2	chr9	88856269	88856362	LTR/ERVL-MaLR	473	+	46	88856315	78408
chr9	104410202	104610202	harbor2	chr9	104426498	104427009	LTR/ERVL-MaLR	1502	+	256	104426754	16552
chr9	104410202	104610202	harbor2	chr9	104427090	104427261	LTR/ERVL-MaLR	826	+	86	104427176	16974
chr9	104410202	104610202	harbor2	chr9	104428322	104428544	LTR/ERVL-MaLR	992	+	111	104428433	18231
chr9	104410202	104610202	harbor2	chr9	104428545	104430030	LTR/ERVL-MaLR	10445	+	742	104429287	19085
chr9	104410202	104610202	harbor2	chr9	104430033	104430223	LTR/ERVL-MaLR	1286	+	95	104430128	19926
chr9	104410202	104610202	harbor2	chr9	104430214	104430342	LTR/ERVL-MaLR	862	+	64	104430278	20076
chr9	104410202	104610202	harbor2	chr9	104463328	104463747	LTR/ERVL-MaLR	1917	+	210	104463538	53336
chr9	104410202	104610202	harbor2	chr9	104465062	104465586	LTR/ERVL-MaLR	1443	+	262	104465324	55122
chr9	104410202	104610202	harbor2	chr9	104486551	104486643	LTR/ERVL-MaLR	647	+	46	104486597	76395
chr9	104410202	104610202	harbor2	chr9	104492242	104492697	LTR/ERVL-MaLR	2707	+	228	104492470	82268
chr9	104410202	104610202	harbor2	chr9	104496413	104496520	LTR/ERVL-MaLR	1665	+	54	104496467	86265
chr9	104410202	104610202	harbor2	chr9	104496954	104497268	LTR/ERVL-MaLR	1665	+	157	104497111	86909
chr9	33362837	33562837	harbor2	chr9	33431530	33431876	LTR/ERVL-MaLR	584	+	173	33431703	68866
chr9	135606015	135806015	harbor2	chr9	135669007	135669365	LTR/ERVL-MaLR	2396	+	179	135669186	63171
chr9	135606015	135806015	harbor2	chr9	135689928	135690296	LTR/ERVL-MaLR	2380	+	184	135690112	84097
chr9	135606015	135806015	harbor2	chr9	135691814	135692206	LTR/ERVL-MaLR	2070	+	196	135692010	85995
chr9	85133926	85333926	harbor2	chr9	85135340	85135709	LTR/ERVL-MaLR	2251	+	184	85135524	1598
chr9	85133926	85333926	harbor2	chr9	85141632	85141868	LTR/ERVL-MaLR	577	+	118	85141750	7824
chr9	85133926	85333926	harbor2	chr9	85173327	85173693	LTR/ERVL-MaLR	1522	+	183	85173510	39584
chr9	85133926	85333926	harbor2	chr9	85181414	85181870	LTR/ERVL-MaLR	2531	+	228	85181642	47716
chr9	85133926	85333926	harbor2	chr9	85193952	85194267	LTR/ERVL-MaLR	722	+	158	85194110	60184
chr9	85133926	85333926	harbor2	chr9	85200899	85201211	LTR/ERVL-MaLR	951	+	156	85201055	67129
chr9	85133926	85333926	harbor2	chr9	85202771	85202914	LTR/ERVL-MaLR	630	+	72	85202843	68917
chr9	85133926	85333926	harbor2	chr9	85205798	85206269	LTR/ERVL-MaLR	752	+	236	85206034	72108
chr9	85133926	85333926	harbor2	chr9	85207633	85207995	LTR/ERVL-MaLR	2393	+	181	85207814	73888
chr9	85133926	85333926	harbor2	chr9	85218306	85218717	LTR/ERVL-MaLR	1632	+	206	85218512	84586
chr9	112043701	112243701	harbor2	chr9	112047519	112047969	LTR/ERVL-MaLR	1558	+	225	112047744	4043
chr9	112043701	112243701	harbor2	chr9	112050795	112051340	LTR/ERVL-MaLR	747	+	272	112051067	7366
chr9	112043701	112243701	harbor2	chr9	112056925	112057327	LTR/ERVL-MaLR	1530	+	201	112057126	13425
chr9	112043701	112243701	harbor2	chr9	112067358	112067466	LTR/ERVL-MaLR	512	+	54	112067412	23711
chr9	112043701	112243701	harbor2	chr9	112082274	112082712	LTR/ERVL-MaLR	2081	+	219	112082493	38792
chr9	112043701	112243701	harbor2	chr9	112083039	112083103	LTR/ERVL-MaLR	2081	+	32	112083071	39370
chr9	110306872	110506872	harbor2	chr9	110320200	110320548	LTR/ERVL-MaLR	2467	+	174	110320374	13502
chr9	110306872	110506872	harbor2	chr9	110335875	110336237	LTR/ERVL-MaLR	2366	+	181	110336056	29184
chr9	110306872	110506872	harbor2	chr9	110338804	110339163	LTR/ERVL-MaLR	2228	+	180	110338984	32112
chr9	110306872	110506872	harbor2	chr9	110355884	110356235	LTR/ERVL-MaLR	2135	+	176	110356060	49188
chr9	110306872	110506872	harbor2	chr9	110356537	110356576	LTR/ERVL-MaLR	2135	+	20	110356557	49685
chr9	134789919	134989919	harbor2	chr9	134845316	134845491	LTR/ERVL-MaLR	393	+	88	134845404	55485
chr9	134789919	134989919	harbor2	chr9	134845769	134846100	LTR/ERVL-MaLR	499	+	166	134845935	56016
chr9	134789919	134989919	harbor2	chr9	134861713	134862077	LTR/ERVL-MaLR	434	+	182	134861895	71976
chr9	134789919	134989919	harbor2	chr9	134875351	134875957	LTR/ERVL-MaLR	1170	+	303	134875654	85735
chr9	120061184	120261184	harbor2	chr9	120062119	120062614	LTR/ERVL-MaLR	1114	+	248	120062367	1183
chr9	120061184	120261184	harbor2	chr9	120089493	120089942	LTR/ERVL-MaLR	2714	+	224	120089717	28533
chr9	120061184	120261184	harbor2	chr9	120099165	120099444	LTR/ERVL-MaLR	603	+	140	120099305	38121
chr9	120061184	120261184	harbor2	chr9	120116222	120116624	LTR/ERVL-MaLR	2482	+	201	120116423	55239
chr9	120061184	120261184	harbor2	chr9	120116625	120118246	LTR/ERVL-MaLR	10063	+	810	120117435	56251
chr9	120061184	120261184	harbor2	chr9	120118251	120118645	LTR/ERVL-MaLR	2226	+	197	120118448	57264
chr9	120061184	120261184	harbor2	chr9	120125230	120125597	LTR/ERVL-MaLR	2518	+	184	120125414	64230
chr9	120061184	120261184	harbor2	chr9	120130717	120131016	LTR/ERVL-MaLR	771	+	150	120130867	69683
chr9	120061184	120261184	harbor2	chr9	120139109	120139351	LTR/ERVL-MaLR	907	+	121	120139230	78046
chr9	120061184	120261184	harbor2	chr9	120139610	120139727	LTR/ERVL-MaLR	907	+	58	120139668	78484
chr9	120061184	120261184	harbor2	chr9	120141691	120141971	LTR/ERVL-MaLR	849	+	140	120141831	80647
chr9	120061184	120261184	harbor2	chr9	120142269	120142322	LTR/ERVL-MaLR	849	+	26	120142295	81111
chr9	120061184	120261184	harbor2	chr9	120148246	120148431	LTR/ERVL-MaLR	2751	+	92	120148338	87154
chr9	120061184	120261184	harbor2	chr9	120148477	120148754	LTR/ERVL-MaLR	2751	+	138	120148615	87431
chr9	120061184	120261184	harbor2	chr9	120157765	120158148	LTR/ERVL-MaLR	1163	+	192	120157957	96773
chr9	120061184	120261184	harbor2	chr9	120159649	120160096	LTR/ERVL-MaLR	2457	+	224	120159873	98689
chr9	108080712	108280712	harbor2	chr9	108090023	108090299	LTR/ERVL-MaLR	1396	+	138	108090161	9449
chr9	108080712	108280712	harbor2	chr9	108090306	108090745	LTR/ERVL-MaLR	1660	+	220	108090526	9814
chr9	108080712	108280712	harbor2	chr9	108146285	108146456	LTR/ERVL-MaLR	1882	+	86	108146371	65659
chr9	108080712	108280712	harbor2	chr9	108146762	108147068	LTR/ERVL-MaLR	1882	+	153	108146915	66203
chr9	108080712	108280712	harbor2	chr9	108154090	108154405	LTR/ERVL-MaLR	544	+	158	108154248	73536
chr9	108080712	108280712	harbor2	chr9	108169249	108169615	LTR/ERVL-MaLR	2484	+	183	108169432	88720
chr10	120908444	121108444	harbor2	chr10	120932684	120933112	LTR/ERVL-MaLR	1216	+	214	120932898	24454
chr10	120908444	121108444	harbor2	chr10	120955389	120955563	LTR/ERVL-MaLR	439	+	87	120955476	47032
chr10	120908444	121108444	harbor2	chr10	120968142	120968478	LTR/ERVL-MaLR	656	+	168	120968310	59866
chr10	120908444	121108444	harbor2	chr10	120985978	120986046	LTR/ERVL-MaLR	1541	+	34	120986012	77568
chr10	120908444	121108444	harbor2	chr10	120986327	120986410	LTR/ERVL-MaLR	1541	+	42	120986369	77925
chr10	120908444	121108444	harbor2	chr10	120986704	120986925	LTR/ERVL-MaLR	1541	+	110	120986814	78370
chr10	131819487	132019487	harbor2	chr10	131820756	131821210	LTR/ERVL-MaLR	2023	+	227	131820983	1496
chr10	131819487	132019487	harbor2	chr10	131844113	131844435	LTR/ERVL-MaLR	620	+	161	131844274	24787
chr10	127750951	127950951	harbor2	chr10	127777905	127778290	LTR/ERVL-MaLR	2507	+	192	127778097	27146
chr10	127750951	127950951	harbor2	chr10	127779704	127780071	LTR/ERVL-MaLR	2339	+	184	127779888	28937
chr10	127750951	127950951	harbor2	chr10	127788774	127789112	LTR/ERVL-MaLR	1210	+	169	127788943	37992
chr10	127750951	127950951	harbor2	chr10	127793746	127794050	LTR/ERVL-MaLR	580	+	152	127793898	42947
chr10	127750951	127950951	harbor2	chr10	127794822	127794893	LTR/ERVL-MaLR	580	+	36	127794858	43907
chr10	127750951	127950951	harbor2	chr10	127809150	127809545	LTR/ERVL-MaLR	1957	+	198	127809348	58397
chr10	127750951	127950951	harbor2	chr10	127817506	127817903	LTR/ERVL-MaLR	893	+	198	127817704	66753
chr10	127750951	127950951	harbor2	chr10	127818089	127818440	LTR/ERVL-MaLR	1920	+	176	127818265	67314
chr10	127750951	127950951	harbor2	chr10	127831773	127832138	LTR/ERVL-MaLR	1804	+	182	127831955	81004
chr10	127750951	127950951	harbor2	chr10	127842793	127843150	LTR/ERVL-MaLR	2102	+	178	127842971	92020
chr10	93820572	94020572	harbor2	chr10	93860599	93860995	LTR/ERVL-MaLR	2432	+	198	93860797	40225
chr10	93820572	94020572	harbor2	chr10	93860996	93861379	LTR/ERVL-MaLR	3880	+	192	93861188	40616
chr10	93820572	94020572	harbor2	chr10	93861661	93862115	LTR/ERVL-MaLR	3880	+	227	93861888	41316
chr10	93820572	94020572	harbor2	chr10	93862293	93863097	LTR/ERVL-MaLR	4671	+	402	93862695	42123
chr10	93820572	94020572	harbor2	chr10	93863098	93863493	LTR/ERVL-MaLR	2230	+	198	93863296	42724
chr10	93820572	94020572	harbor2	chr10	93867488	93868041	LTR/ERVL-MaLR	2493	+	276	93867764	47192
chr10	93820572	94020572	harbor2	chr10	93868501	93868638	LTR/ERVL-MaLR	495	+	68	93868569	47997
chr10	93820572	94020572	harbor2	chr10	93869201	93869382	LTR/ERVL-MaLR	408	+	90	93869291	48719
chr10	93820572	94020572	harbor2	chr10	93869390	93869869	LTR/ERVL-MaLR	474	+	240	93869630	49058
chr10	93820572	94020572	harbor2	chr10	93872664	93873052	LTR/ERVL-MaLR	499	+	194	93872858	52286
chr10	93820572	94020572	harbor2	chr10	93906218	93906546	LTR/ERVL-MaLR	1255	+	164	93906382	85810
chr10	93820572	94020572	harbor2	chr10	93915567	93915933	LTR/ERVL-MaLR	892	+	183	93915750	95178
chr10	120812399	121012399	harbor2	chr10	120814650	120815028	LTR/ERVL-MaLR	2344	+	189	120814839	2440
chr10	120812399	121012399	harbor2	chr10	120818244	120818665	LTR/ERVL-MaLR	1464	+	210	120818454	6055
chr10	120812399	121012399	harbor2	chr10	120821627	120821995	LTR/ERVL-MaLR	2111	+	184	120821811	9412
chr10	120812399	121012399	harbor2	chr10	120828220	120828480	LTR/ERVL-MaLR	446	+	130	120828350	15951
chr10	120812399	121012399	harbor2	chr10	120898524	120898883	LTR/ERVL-MaLR	1836	+	180	120898704	86305
chr10	126173816	126373816	harbor2	chr10	126201158	126201635	LTR/ERVL-MaLR	1253	+	238	126201396	27580
chr10	126173816	126373816	harbor2	chr10	126204863	126205321	LTR/ERVL-MaLR	606	+	229	126205092	31276
chr10	126173816	126373816	harbor2	chr10	126206784	126207148	LTR/ERVL-MaLR	2425	+	182	126206966	33150
chr10	126173816	126373816	harbor2	chr10	126232052	126232537	LTR/ERVL-MaLR	2224	+	242	126232294	58478
chr10	106861069	107061069	harbor2	chr10	106878322	106878620	LTR/ERVL-MaLR	1629	+	149	106878471	17402
chr10	106861069	107061069	harbor2	chr10	106878650	106878677	LTR/ERVL-MaLR	1629	+	14	106878664	17595
chr10	106861069	107061069	harbor2	chr10	106879455	106880028	LTR/ERVL-MaLR	1996	+	286	106879741	18672
chr10	106861069	107061069	harbor2	chr10	106885677	106885979	LTR/ERVL-MaLR	1888	+	151	106885828	24759
chr10	106861069	107061069	harbor2	chr10	106886290	106886367	LTR/ERVL-MaLR	1888	+	38	106886328	25259
chr10	106861069	107061069	harbor2	chr10	106937013	106937172	LTR/ERVL-MaLR	2518	+	80	106937093	76024
chr10	106861069	107061069	harbor2	chr10	106937478	106937681	LTR/ERVL-MaLR	2518	+	102	106937580	76511
chr10	106861069	107061069	harbor2	chr10	106946320	106946681	LTR/ERVL-MaLR	2658	+	180	106946500	85431
chr10	125848272	126048272	harbor2	chr10	125883254	125883719	LTR/ERVL-MaLR	606	+	232	125883486	35214
chr10	125848272	126048272	harbor2	chr10	125885255	125885744	LTR/ERVL-MaLR	2165	+	244	125885499	37227
chr10	125848272	126048272	harbor2	chr10	125907705	125907984	LTR/ERVL-MaLR	856	+	140	125907845	59573
chr10	125848272	126048272	harbor2	chr10	125910724	125910752	LTR/ERVL-MaLR	1430	+	14	125910738	62466
chr10	125848272	126048272	harbor2	chr10	125911050	125911470	LTR/ERVL-MaLR	1430	+	210	125911260	62988
chr10	118957634	119157634	harbor2	chr10	118957338	118957794	LTR/ERVL-MaLR	2015	+	228	118957566	68
chr10	118957634	119157634	harbor2	chr10	118957967	118958323	LTR/ERVL-MaLR	2310	+	178	118958145	511
chr10	118957634	119157634	harbor2	chr10	118958624	118958689	LTR/ERVL-MaLR	2310	+	32	118958656	1022
chr10	118957634	119157634	harbor2	chr10	118964258	118964586	LTR/ERVL-MaLR	2018	+	164	118964422	6788
chr10	118957634	119157634	harbor2	chr10	118964587	118964951	LTR/ERVL-MaLR	2852	+	182	118964769	7135
chr10	118957634	119157634	harbor2	chr10	118964952	118965111	LTR/ERVL-MaLR	2018	+	80	118965032	7398
chr10	118957634	119157634	harbor2	chr10	118973934	118974125	LTR/ERVL-MaLR	409	+	96	118974030	16396
chr10	118957634	119157634	harbor2	chr10	118982799	118982976	LTR/ERVL-MaLR	912	+	88	118982887	25253
chr10	118957634	119157634	harbor2	chr10	118990750	118990927	LTR/ERVL-MaLR	1110	+	88	118990838	33204
chr10	118957634	119157634	harbor2	chr10	118993774	118993979	LTR/ERVL-MaLR	904	+	102	118993876	36242
chr10	118957634	119157634	harbor2	chr10	118994182	118994459	LTR/ERVL-MaLR	795	+	138	118994320	36686
chr10	118957634	119157634	harbor2	chr10	119009093	119009338	LTR/ERVL-MaLR	871	+	122	119009215	51581
chr10	118957634	119157634	harbor2	chr10	119012945	119013168	LTR/ERVL-MaLR	1381	+	112	119013057	55423
chr10	118957634	119157634	harbor2	chr10	119020835	119020966	LTR/ERVL-MaLR	1246	+	66	119020901	63267
chr10	118957634	119157634	harbor2	chr10	119021266	119021634	LTR/ERVL-MaLR	1246	+	184	119021450	63816
chr10	115614119	115814119	harbor2	chr10	115615529	115615902	LTR/ERVL-MaLR	1899	+	186	115615715	1596
chr10	115614119	115814119	harbor2	chr10	115615903	115617353	LTR/ERVL-MaLR	8757	+	725	115616628	2509
chr10	115614119	115814119	harbor2	chr10	115617658	115617840	LTR/ERVL-MaLR	8757	+	91	115617749	3630
chr10	115614119	115814119	harbor2	chr10	115617849	115618217	LTR/ERVL-MaLR	1856	+	184	115618033	3914
chr10	115614119	115814119	harbor2	chr10	115654745	115655005	LTR/ERVL-MaLR	831	+	130	115654875	40756
chr10	115614119	115814119	harbor2	chr10	115673659	115674061	LTR/ERVL-MaLR	702	+	201	115673860	59741
chr10	115614119	115814119	harbor2	chr10	115677393	115677745	LTR/ERVL-MaLR	2874	+	176	115677569	63450
chr10	117681690	117881690	harbor2	chr10	117695355	117695727	LTR/ERVL-MaLR	2258	+	186	117695541	13851
chr10	117681690	117881690	harbor2	chr10	117695728	117696098	LTR/ERVL-MaLR	1877	+	185	117695913	14223
chr10	117681690	117881690	harbor2	chr10	117696099	117696119	LTR/ERVL-MaLR	2258	+	10	117696109	14419
chr10	117681690	117881690	harbor2	chr10	117699525	117699990	LTR/ERVL-MaLR	2198	+	232	117699757	18067
chr10	117681690	117881690	harbor2	chr10	117705483	117705755	LTR/ERVL-MaLR	1725	+	136	117705619	23929
chr10	117681690	117881690	harbor2	chr10	117717519	117717979	LTR/ERVL-MaLR	1494	+	230	117717749	36059
chr10	117681690	117881690	harbor2	chr10	117740207	117740475	LTR/ERVL-MaLR	1119	+	134	117740341	58651
chr10	117681690	117881690	harbor2	chr10	117776220	117776396	LTR/ERVL-MaLR	587	+	88	117776308	94618
chr10	117681690	117881690	harbor2	chr10	117778394	117778725	LTR/ERVL-MaLR	943	+	166	117778560	96870
chr10	75529164	75729164	harbor2	chr10	75571514	75571819	LTR/ERVL-MaLR	771	+	152	75571666	42502
chr10	75529164	75729164	harbor2	chr10	75572729	75573110	LTR/ERVL-MaLR	1422	+	190	75572919	43755
chr10	132261625	132461625	harbor2	chr10	132270159	132270510	LTR/ERVL-MaLR	839	+	176	132270335	8710
chr10	132261625	132461625	harbor2	chr10	132272068	132272391	LTR/ERVL-MaLR	1115	+	162	132272230	10605
chr10	132261625	132461625	harbor2	chr10	132298216	132298348	LTR/ERVL-MaLR	441	+	66	132298282	36657
chr10	132261625	132461625	harbor2	chr10	132298694	132299003	LTR/ERVL-MaLR	889	+	154	132298848	37223
chr10	132261625	132461625	harbor2	chr10	132299625	132299768	LTR/ERVL-MaLR	469	+	72	132299697	38072
chr10	132261625	132461625	harbor2	chr10	132325101	132325270	LTR/ERVL-MaLR	2074	+	84	132325185	63560
chr10	132261625	132461625	harbor2	chr10	132325565	132325722	LTR/ERVL-MaLR	2074	+	78	132325643	64018
chr10	132261625	132461625	harbor2	chr10	132326015	132326056	LTR/ERVL-MaLR	2074	+	20	132326035	64410
chr10	132261625	132461625	harbor2	chr10	132327070	132327419	LTR/ERVL-MaLR	2287	+	174	132327244	65619
chr10	129943807	130143807	harbor2	chr10	129977628	129978237	LTR/ERVL-MaLR	1620	+	304	129977932	34125
chr10	129943807	130143807	harbor2	chr10	129979541	129979764	LTR/ERVL-MaLR	439	+	112	129979653	35846
chr10	129943807	130143807	harbor2	chr10	130001354	130001730	LTR/ERVL-MaLR	2425	+	188	130001542	57735
chr10	129943807	130143807	harbor2	chr10	130007279	130007667	LTR/ERVL-MaLR	2188	+	194	130007473	63666
chr10	129943807	130143807	harbor2	chr10	130009776	130009882	LTR/ERVL-MaLR	408	+	53	130009829	66022
chr10	129943807	130143807	harbor2	chr10	130009883	130010030	LTR/ERVL-MaLR	801	+	74	130009957	66150
chr10	129943807	130143807	harbor2	chr10	130010612	130010760	LTR/ERVL-MaLR	1004	+	74	130010686	66879
chr10	129943807	130143807	harbor2	chr10	130010764	130011072	LTR/ERVL-MaLR	914	+	154	130010918	67111
chr10	129943807	130143807	harbor2	chr10	130014292	130014647	LTR/ERVL-MaLR	597	+	178	130014470	70663
chr10	129943807	130143807	harbor2	chr10	130022055	130022484	LTR/ERVL-MaLR	1359	+	214	130022269	78462
chr10	129943807	130143807	harbor2	chr10	130025350	130025726	LTR/ERVL-MaLR	1334	+	188	130025538	81731
chr10	120238616	120438616	harbor2	chr10	120244573	120244992	LTR/ERVL-MaLR	2494	+	210	120244783	6167
chr10	120238616	120438616	harbor2	chr10	120245034	120246082	LTR/ERVL-MaLR	5121	+	524	120245558	6942
chr10	120238616	120438616	harbor2	chr10	120312656	120312943	LTR/ERVL-MaLR	2211	+	144	120312800	74184
chr10	120238616	120438616	harbor2	chr10	120321575	120322058	LTR/ERVL-MaLR	1968	+	242	120321817	83201
chr10	127606390	127806390	harbor2	chr10	127612015	127612343	LTR/ERVL-MaLR	1749	+	164	127612179	5789
chr10	127606390	127806390	harbor2	chr10	127620368	127620889	LTR/ERVL-MaLR	638	+	260	127620628	14238
chr10	127606390	127806390	harbor2	chr10	127639966	127640325	LTR/ERVL-MaLR	2337	+	180	127640146	33756
chr10	127606390	127806390	harbor2	chr10	127643962	127644363	LTR/ERVL-MaLR	2099	+	200	127644162	37772
chr10	127606390	127806390	harbor2	chr10	127653191	127653684	LTR/ERVL-MaLR	1598	+	246	127653437	47047
chr10	127606390	127806390	harbor2	chr10	127670750	127671124	LTR/ERVL-MaLR	1335	+	187	127670937	64547
chr10	90021500	90221500	harbor2	chr10	90028511	90028644	LTR/ERVL-MaLR	446	+	66	90028577	7077
chr10	90021500	90221500	harbor2	chr10	90043257	90043620	LTR/ERVL-MaLR	2672	+	182	90043439	21939
chr10	90021500	90221500	harbor2	chr10	90055483	90055869	LTR/ERVL-MaLR	1987	+	193	90055676	34176
chr10	90021500	90221500	harbor2	chr10	90057283	90057782	LTR/ERVL-MaLR	1069	+	250	90057533	36033
chr10	90021500	90221500	harbor2	chr10	90106464	90106825	LTR/ERVL-MaLR	2077	+	180	90106644	85144
chr10	90021500	90221500	harbor2	chr10	90106826	90107350	LTR/ERVL-MaLR	3209	+	262	90107088	85588
chr10	90021500	90221500	harbor2	chr10	90107358	90107651	LTR/ERVL-MaLR	1978	+	146	90107504	86004
chr10	90021500	90221500	harbor2	chr10	90107652	90108016	LTR/ERVL-MaLR	2236	+	182	90107834	86334
chr10	123737951	123937951	harbor2	chr10	123737893	123738266	LTR/ERVL-MaLR	2669	+	186	123738079	128
chr10	123737951	123937951	harbor2	chr10	123738578	123738625	LTR/ERVL-MaLR	2669	+	24	123738602	651
chr10	123737951	123937951	harbor2	chr10	123756551	123756914	LTR/ERVL-MaLR	1108	+	182	123756733	18782
chr10	123737951	123937951	harbor2	chr10	123765936	123766381	LTR/ERVL-MaLR	1014	+	222	123766158	28207
chr10	123737951	123937951	harbor2	chr10	123769226	123769306	LTR/ERVL-MaLR	1281	+	40	123769266	31315
chr10	123737951	123937951	harbor2	chr10	123769603	123769860	LTR/ERVL-MaLR	1281	+	128	123769731	31780
chr10	123737951	123937951	harbor2	chr10	123771342	123771651	LTR/ERVL-MaLR	1063	+	154	123771496	33545
chr10	123737951	123937951	harbor2	chr10	123771657	123772015	LTR/ERVL-MaLR	2149	+	179	123771836	33885
chr10	123737951	123937951	harbor2	chr10	123784010	123784434	LTR/ERVL-MaLR	1654	+	212	123784222	46271
chr10	123737951	123937951	harbor2	chr10	123801085	123801446	LTR/ERVL-MaLR	2501	+	180	123801265	63314
chr10	123737951	123937951	harbor2	chr10	123828335	123828678	LTR/ERVL-MaLR	2431	+	172	123828507	90556
chr10	123737951	123937951	harbor2	chr10	123832463	123832544	LTR/ERVL-MaLR	1601	+	40	123832503	94552
chr10	123737951	123937951	harbor2	chr10	123832841	123833151	LTR/ERVL-MaLR	1607	+	155	123832996	95045
chr10	123737951	123937951	harbor2	chr10	123834673	123835117	LTR/ERVL-MaLR	2586	+	222	123834895	96944
chr10	124948233	125148233	harbor2	chr10	124952124	124952586	LTR/ERVL-MaLR	1624	+	231	124952355	4122
chr10	124948233	125148233	harbor2	chr10	124990637	124990989	LTR/ERVL-MaLR	892	+	176	124990813	42580
chr10	124948233	125148233	harbor2	chr10	125044990	125045339	LTR/ERVL-MaLR	858	+	174	125045164	96931
chr10	129752154	129952154	harbor2	chr10	129780507	129780689	LTR/ERVL-MaLR	967	+	91	129780598	28444
chr10	129752154	129952154	harbor2	chr10	129780991	129781241	LTR/ERVL-MaLR	967	+	125	129781116	28962
chr10	129752154	129952154	harbor2	chr10	129814200	129814556	LTR/ERVL-MaLR	1774	+	178	129814378	62224
chr10	129752154	129952154	harbor2	chr10	129818021	129818363	LTR/ERVL-MaLR	2231	+	171	129818192	66038
chr10	71091616	71291616	harbor2	chr10	71091855	71092014	LTR/ERVL-MaLR	914	+	80	71091935	319
chr10	71091616	71291616	harbor2	chr10	71092019	71092238	LTR/ERVL-MaLR	1079	+	110	71092129	513
chr10	71091616	71291616	harbor2	chr10	71094065	71094445	LTR/ERVL-MaLR	2187	+	190	71094255	2639
chr10	71091616	71291616	harbor2	chr10	71106166	71106517	LTR/ERVL-MaLR	2740	+	176	71106342	14726
chr10	71091616	71291616	harbor2	chr10	71108083	71108420	LTR/ERVL-MaLR	2241	+	168	71108251	16635
chr10	71091616	71291616	harbor2	chr10	71115575	71115985	LTR/ERVL-MaLR	2508	+	205	71115780	24164
chr10	71091616	71291616	harbor2	chr10	71115986	71117118	LTR/ERVL-MaLR	5532	+	566	71116552	24936
chr10	71091616	71291616	harbor2	chr10	71117227	71118719	LTR/ERVL-MaLR	11715	+	746	71117973	26357
chr10	71091616	71291616	harbor2	chr10	71118720	71119070	LTR/ERVL-MaLR	2186	+	175	71118895	27279
chr10	71091616	71291616	harbor2	chr10	71138871	71139327	LTR/ERVL-MaLR	1397	+	228	71139099	47483
chr10	71091616	71291616	harbor2	chr10	71161121	71161527	LTR/ERVL-MaLR	1278	+	203	71161324	69708
chr10	71091616	71291616	harbor2	chr10	71106519	71108082	LTR/ERVL-MaLR	12142	+	782	71107301	15685
chr10	82822001	83022001	harbor2	chr10	82840884	82841346	LTR/ERVL-MaLR	1497	+	231	82841115	19114
chr10	82822001	83022001	harbor2	chr10	82843164	82843513	LTR/ERVL-MaLR	705	+	174	82843338	21337
chr10	82822001	83022001	harbor2	chr10	82848256	82848654	LTR/ERVL-MaLR	2764	+	199	82848455	26454
chr10	82822001	83022001	harbor2	chr10	82848655	82849021	LTR/ERVL-MaLR	2645	+	183	82848838	26837
chr10	82822001	83022001	harbor2	chr10	82849022	82849436	LTR/ERVL-MaLR	2135	+	207	82849229	27228
chr10	123560554	123760554	harbor2	chr10	123569107	123569551	LTR/ERVL-MaLR	1275	+	222	123569329	8775
chr10	123560554	123760554	harbor2	chr10	123578086	123578429	LTR/ERVL-MaLR	981	+	172	123578258	17704
chr10	123560554	123760554	harbor2	chr10	123578825	123579212	LTR/ERVL-MaLR	2123	+	194	123579019	18465
chr10	123560554	123760554	harbor2	chr10	123596266	123596419	LTR/ERVL-MaLR	465	+	76	123596342	35788
chr10	123560554	123760554	harbor2	chr10	123604688	123604850	LTR/ERVL-MaLR	1099	+	81	123604769	44215
chr10	123560554	123760554	harbor2	chr10	123605751	123606015	LTR/ERVL-MaLR	1375	+	132	123605883	45329
chr10	123560554	123760554	harbor2	chr10	123610467	123610966	LTR/ERVL-MaLR	2064	+	250	123610717	50163
chr10	123560554	123760554	harbor2	chr10	123616051	123616284	LTR/ERVL-MaLR	1464	+	116	123616167	55613
chr10	123560554	123760554	harbor2	chr10	123616590	123616657	LTR/ERVL-MaLR	1464	+	34	123616624	56070
chr10	123560554	123760554	harbor2	chr10	123623032	123623402	LTR/ERVL-MaLR	1334	+	185	123623217	62663
chr10	126338370	126538370	harbor2	chr10	126384028	126384320	LTR/ERVL-MaLR	484	+	146	126384174	45804
chr10	126338370	126538370	harbor2	chr10	126390039	126390377	LTR/ERVL-MaLR	2009	+	169	126390208	51838
chr10	126338370	126538370	harbor2	chr10	126393158	126393206	LTR/ERVL-MaLR	1634	+	24	126393182	54812
chr10	126338370	126538370	harbor2	chr10	126393624	126394013	LTR/ERVL-MaLR	1634	+	194	126393818	55448
chr10	126338370	126538370	harbor2	chr10	126396493	126396856	LTR/ERVL-MaLR	2924	+	182	126396675	58305
chr10	126338370	126538370	harbor2	chr10	126407725	126408241	LTR/ERVL-MaLR	1293	+	258	126407983	69613
chr10	126338370	126538370	harbor2	chr10	126369767	126370317	LTR/ERVL-MaLR	1283	+	275	126370042	31672
chr10	106835864	107035864	harbor2	chr10	106878322	106878620	LTR/ERVL-MaLR	1629	+	149	106878471	42607
chr10	106835864	107035864	harbor2	chr10	106878650	106878677	LTR/ERVL-MaLR	1629	+	14	106878664	42800
chr10	106835864	107035864	harbor2	chr10	106879455	106880028	LTR/ERVL-MaLR	1996	+	286	106879741	43877
chr10	106835864	107035864	harbor2	chr10	106885677	106885979	LTR/ERVL-MaLR	1888	+	151	106885828	49964
chr10	106835864	107035864	harbor2	chr10	106886290	106886367	LTR/ERVL-MaLR	1888	+	38	106886328	50464
chr10	106323121	106523121	harbor2	chr10	106367786	106367929	LTR/ERVL-MaLR	910	+	72	106367858	44737
chr10	106323121	106523121	harbor2	chr10	106367967	106368017	LTR/ERVL-MaLR	910	+	25	106367992	44871
chr10	106323121	106523121	harbor2	chr10	106368325	106368460	LTR/ERVL-MaLR	910	+	68	106368393	45272
chr10	106323121	106523121	harbor2	chr10	106384337	106384829	LTR/ERVL-MaLR	1457	+	246	106384583	61462
chr10	106323121	106523121	harbor2	chr10	106394216	106394686	LTR/ERVL-MaLR	1046	+	235	106394451	71330
chr10	106323121	106523121	harbor2	chr10	106400727	106401078	LTR/ERVL-MaLR	1385	+	176	106400903	77782
chr10	106323121	106523121	harbor2	chr10	106409583	106409620	LTR/ERVL-MaLR	2081	+	18	106409601	86480
chr10	106323121	106523121	harbor2	chr10	106409933	106410422	LTR/ERVL-MaLR	2081	+	244	106410177	87056
chr10	100098948	100298948	harbor2	chr10	100104246	100104624	LTR/ERVL-MaLR	2576	+	189	100104435	5487
chr10	100098948	100298948	harbor2	chr10	100130637	100131192	LTR/ERVL-MaLR	1212	+	278	100130915	31967
chr10	100098948	100298948	harbor2	chr10	100132719	100133164	LTR/ERVL-MaLR	2597	+	222	100132941	33993
chr10	100098948	100298948	harbor2	chr10	100136426	100136808	LTR/ERVL-MaLR	1476	+	191	100136617	37669
chr10	132967393	133167393	harbor2	chr10	132999707	132999982	LTR/ERVL-MaLR	925	+	138	132999845	32452
chr10	132967393	133167393	harbor2	chr10	133032897	133033276	LTR/ERVL-MaLR	1636	+	190	133033087	65694
chr10	132967393	133167393	harbor2	chr10	133034834	133035077	LTR/ERVL-MaLR	1293	+	122	133034956	67563
chr10	67762583	67962583	harbor2	chr10	67767397	67767810	LTR/ERVL-MaLR	503	+	206	67767603	5020
chr10	67762583	67962583	harbor2	chr10	67813040	67813211	LTR/ERVL-MaLR	946	+	86	67813126	50543
chr10	67762583	67962583	harbor2	chr10	67840970	67841211	LTR/ERVL-MaLR	1416	+	120	67841090	78507
chr10	67762583	67962583	harbor2	chr10	67841213	67842277	LTR/ERVL-MaLR	6582	+	532	67841745	79162
chr10	67762583	67962583	harbor2	chr10	67842278	67842667	LTR/ERVL-MaLR	2461	+	194	67842472	79889
chr10	67762583	67962583	harbor2	chr10	67843284	67843322	LTR/ERVL-MaLR	2461	+	19	67843303	80720
chr10	67762583	67962583	harbor2	chr10	67843323	67843642	LTR/ERVL-MaLR	3298	+	160	67843483	80900
chr10	67762583	67962583	harbor2	chr10	67843951	67844218	LTR/ERVL-MaLR	3298	+	134	67844085	81502
chr10	67762583	67962583	harbor2	chr10	67844224	67844592	LTR/ERVL-MaLR	2414	+	184	67844408	81825
chr10	67762583	67962583	harbor2	chr10	67844890	67844961	LTR/ERVL-MaLR	2414	+	36	67844926	82343
chr10	61248730	61448730	harbor2	chr10	61258049	61258197	LTR/ERVL-MaLR	410	+	74	61258123	9393
chr10	61248730	61448730	harbor2	chr10	61258369	61258659	LTR/ERVL-MaLR	469	+	145	61258514	9784
chr10	61248730	61448730	harbor2	chr10	61276402	61276766	LTR/ERVL-MaLR	1725	+	182	61276584	27854
chr10	61248730	61448730	harbor2	chr10	61343638	61344134	LTR/ERVL-MaLR	1742	+	248	61343886	95156
chr10	61248730	61448730	harbor2	chr10	61341371	61341784	LTR/ERVL-MaLR	2375	+	206	61341577	92847
chr10	125975318	126175318	harbor2	chr10	126018963	126019350	LTR/ERVL-MaLR	2344	+	194	126019157	43839
chr10	125975318	126175318	harbor2	chr10	126052915	126053329	LTR/ERVL-MaLR	2682	+	207	126053122	77804
chr10	125975318	126175318	harbor2	chr10	126061437	126061912	LTR/ERVL-MaLR	2458	+	238	126061675	86357
chr10	125975318	126175318	harbor2	chr10	126072358	126072664	LTR/ERVL-MaLR	497	+	153	126072511	97193
chr10	130788353	130988353	harbor2	chr10	130788724	130788931	LTR/ERVL-MaLR	506	+	104	130788828	475
chr10	130788353	130988353	harbor2	chr10	130805576	130806049	LTR/ERVL-MaLR	1337	+	236	130805812	17459
chr10	130788353	130988353	harbor2	chr10	130837624	130837884	LTR/ERVL-MaLR	741	+	130	130837754	49401
chr10	130788353	130988353	harbor2	chr10	130863032	130863303	LTR/ERVL-MaLR	652	+	136	130863168	74815
chr10	130788353	130988353	harbor2	chr10	130887664	130888084	LTR/ERVL-MaLR	2207	+	210	130887874	99521
chr10	108454057	108654057	harbor2	chr10	108463255	108463620	LTR/ERVL-MaLR	1664	+	182	108463437	9380
chr10	108454057	108654057	harbor2	chr10	108480072	108480280	LTR/ERVL-MaLR	1371	+	104	108480176	26119
chr10	108454057	108654057	harbor2	chr10	108480275	108481321	LTR/ERVL-MaLR	7262	+	523	108480798	26741
chr10	108454057	108654057	harbor2	chr10	108481325	108481690	LTR/ERVL-MaLR	1824	+	182	108481507	27450
chr10	108454057	108654057	harbor2	chr10	108492806	108493205	LTR/ERVL-MaLR	2016	+	200	108493006	38949
chr10	108454057	108654057	harbor2	chr10	108518782	108519465	LTR/ERVL-MaLR	4586	+	342	108519124	65067
chr10	108454057	108654057	harbor2	chr10	108519471	108519832	LTR/ERVL-MaLR	1895	+	180	108519651	65594
chr10	132983423	133183423	harbor2	chr10	132999707	132999982	LTR/ERVL-MaLR	925	+	138	132999845	16422
chr10	132983423	133183423	harbor2	chr10	133032897	133033276	LTR/ERVL-MaLR	1636	+	190	133033087	49664
chr10	132983423	133183423	harbor2	chr10	133034834	133035077	LTR/ERVL-MaLR	1293	+	122	133034956	51533
chr10	124882393	125082393	harbor2	chr10	124952124	124952586	LTR/ERVL-MaLR	1624	+	231	124952355	69962
chr10	115998279	116198279	harbor2	chr10	116002493	116002880	LTR/ERVL-MaLR	1916	+	194	116002687	4408
chr10	115998279	116198279	harbor2	chr10	116043848	116044212	LTR/ERVL-MaLR	2032	+	182	116044030	45751
chr10	115998279	116198279	harbor2	chr10	116079119	116079328	LTR/ERVL-MaLR	1166	+	104	116079223	80944
chr10	10322756	10522756	harbor2	chr10	10349763	10350137	LTR/ERVL-MaLR	2827	+	187	10349950	27194
chr10	10322756	10522756	harbor2	chr10	10377151	10377509	LTR/ERVL-MaLR	1515	+	179	10377330	54574
chr10	10322756	10522756	harbor2	chr10	10394501	10394909	LTR/ERVL-MaLR	733	+	204	10394705	71949
chr10	10322756	10522756	harbor2	chr10	10395918	10396255	LTR/ERVL-MaLR	662	+	168	10396086	73330
chr10	10322756	10522756	harbor2	chr10	10397412	10397858	LTR/ERVL-MaLR	817	+	223	10397635	74879
chr10	10322756	10522756	harbor2	chr10	10415907	10416267	LTR/ERVL-MaLR	2398	+	180	10416087	93331
chr10	84620101	84820101	harbor2	chr10	84620463	84621315	LTR/ERVL-MaLR	5398	+	426	84620889	788
chr10	84620101	84820101	harbor2	chr10	84621622	84621747	LTR/ERVL-MaLR	5398	+	62	84621684	1583
chr10	84620101	84820101	harbor2	chr10	84621748	84622162	LTR/ERVL-MaLR	2850	+	207	84621955	1854
chr10	84620101	84820101	harbor2	chr10	84634296	84634441	LTR/ERVL-MaLR	890	+	72	84634368	14267
chr10	84620101	84820101	harbor2	chr10	84634739	84635106	LTR/ERVL-MaLR	890	+	184	84634923	14822
chr10	84620101	84820101	harbor2	chr10	84635843	84636206	LTR/ERVL-MaLR	2128	+	182	84636025	15924
chr10	84620101	84820101	harbor2	chr10	84681755	84681913	LTR/ERVL-MaLR	472	+	79	84681834	61733
chr10	84620101	84820101	harbor2	chr10	84713683	84714074	LTR/ERVL-MaLR	1977	+	196	84713879	93778
chr10	65892389	66092389	harbor2	chr10	65933839	65934147	LTR/ERVL-MaLR	484	+	154	65933993	41604
chr10	65892389	66092389	harbor2	chr10	65947584	65947775	LTR/ERVL-MaLR	522	+	96	65947680	55291
chr10	65892389	66092389	harbor2	chr10	65970956	65971053	LTR/ERVL-MaLR	456	+	48	65971004	78615
chr10	65892389	66092389	harbor2	chr10	65961576	65962066	LTR/ERVL-MaLR	734	+	245	65961821	69432
chr10	38911967	39111967	harbor2	chr10	38936094	38936517	LTR/ERVL-MaLR	1824	+	212	38936306	24339
chr10	38911967	39111967	harbor2	chr10	38974464	38974822	LTR/ERVL-MaLR	1802	+	179	38974643	62676
chr10	102901191	103101191	harbor2	chr10	102909597	102909755	LTR/ERVL-MaLR	1021	+	79	102909676	8485
chr10	102901191	103101191	harbor2	chr10	102910071	102910251	LTR/ERVL-MaLR	1021	+	90	102910161	8970
chr10	102901191	103101191	harbor2	chr10	102964789	102965187	LTR/ERVL-MaLR	2215	+	199	102964988	63797
chr10	123228199	123428199	harbor2	chr10	123228253	123228598	LTR/ERVL-MaLR	1910	+	172	123228425	226
chr10	123228199	123428199	harbor2	chr10	123231533	123231875	LTR/ERVL-MaLR	1748	+	171	123231704	3505
chr10	123228199	123428199	harbor2	chr10	123237061	123237223	LTR/ERVL-MaLR	456	+	81	123237142	8943
chr10	123228199	123428199	harbor2	chr10	123246696	123247006	LTR/ERVL-MaLR	1010	+	155	123246851	18652
chr10	123228199	123428199	harbor2	chr10	123247313	123247417	LTR/ERVL-MaLR	1010	+	52	123247365	19166
chr10	123228199	123428199	harbor2	chr10	123266553	123266943	LTR/ERVL-MaLR	2059	+	195	123266748	38549
chr10	123228199	123428199	harbor2	chr10	123271650	123271969	LTR/ERVL-MaLR	1598	+	160	123271810	43611
chr10	123228199	123428199	harbor2	chr10	123276227	123276677	LTR/ERVL-MaLR	1522	+	225	123276452	48253
chr10	123228199	123428199	harbor2	chr10	123296340	123296504	LTR/ERVL-MaLR	1425	+	82	123296422	68223
chr10	123228199	123428199	harbor2	chr10	123296785	123297027	LTR/ERVL-MaLR	1425	+	121	123296906	68707
chr10	123228199	123428199	harbor2	chr10	123312170	123312446	LTR/ERVL-MaLR	574	+	138	123312308	84109
chr10	115793897	115993897	harbor2	chr10	115800620	115800946	LTR/ERVL-MaLR	1393	+	163	115800783	6886
chr10	115793897	115993897	harbor2	chr10	115804299	115804665	LTR/ERVL-MaLR	1660	+	183	115804482	10585
chr10	115793897	115993897	harbor2	chr10	115820822	115821201	LTR/ERVL-MaLR	2148	+	190	115821012	27115
chr10	87748728	87948728	harbor2	chr10	87760184	87760566	LTR/ERVL-MaLR	2103	+	191	87760375	11647
chr10	87748728	87948728	harbor2	chr10	87821691	87821831	LTR/ERVL-MaLR	648	+	70	87821761	73033
chr10	87748728	87948728	harbor2	chr10	87838554	87838949	LTR/ERVL-MaLR	1707	+	198	87838752	90024
chr10	43774270	43974270	harbor2	chr10	43800497	43800890	LTR/ERVL-MaLR	1190	+	196	43800693	26423
chr10	125084869	125284869	harbor2	chr10	125086093	125086241	LTR/ERVL-MaLR	828	+	74	125086167	1298
chr10	125084869	125284869	harbor2	chr10	125086640	125086828	LTR/ERVL-MaLR	940	+	94	125086734	1865
chr10	113681281	113881281	harbor2	chr10	113700779	113701127	LTR/ERVL-MaLR	1946	+	174	113700953	19672
chr10	125355264	125555264	harbor2	chr10	125452478	125452837	LTR/ERVL-MaLR	2260	+	180	125452658	97394
chr10	121683166	121883166	harbor2	chr10	121695914	121696269	LTR/ERVL-MaLR	1042	+	178	121696092	12926
chr10	121683166	121883166	harbor2	chr10	121700403	121700790	LTR/ERVL-MaLR	1188	+	194	121700597	17431
chr10	121683166	121883166	harbor2	chr10	121714207	121714551	LTR/ERVL-MaLR	1083	+	172	121714379	31213
chr10	121683166	121883166	harbor2	chr10	121744679	121745185	LTR/ERVL-MaLR	1093	+	253	121744932	61766
chr10	121683166	121883166	harbor2	chr10	121760883	121761300	LTR/ERVL-MaLR	2342	+	208	121761091	77925
chr10	111547818	111747818	harbor2	chr10	111566380	111566723	LTR/ERVL-MaLR	1236	+	172	111566552	18734
chr10	111547818	111747818	harbor2	chr10	111568530	111568860	LTR/ERVL-MaLR	945	+	165	111568695	20877
chr10	111547818	111747818	harbor2	chr10	111593307	111593682	LTR/ERVL-MaLR	1448	+	188	111593495	45677
chr10	111547818	111747818	harbor2	chr10	111599852	111600115	LTR/ERVL-MaLR	595	+	132	111599984	52166
chr10	111547818	111747818	harbor2	chr10	111600223	111600464	LTR/ERVL-MaLR	409	+	120	111600343	52525
chr10	111547818	111747818	harbor2	chr10	111602488	111602856	LTR/ERVL-MaLR	2068	+	184	111602672	54854
chr10	111547818	111747818	harbor2	chr10	111602857	111603426	LTR/ERVL-MaLR	3930	+	284	111603141	55323
chr10	111547818	111747818	harbor2	chr10	111603415	111603495	LTR/ERVL-MaLR	515	+	40	111603455	55637
chr10	111547818	111747818	harbor2	chr10	111603496	111603849	LTR/ERVL-MaLR	2016	+	176	111603672	55854
chr10	111547818	111747818	harbor2	chr10	111606346	111606706	LTR/ERVL-MaLR	553	+	180	111606526	58708
chr10	111547818	111747818	harbor2	chr10	111620343	111620720	LTR/ERVL-MaLR	2209	+	188	111620531	72713
chr10	111547818	111747818	harbor2	chr10	111620723	111622310	LTR/ERVL-MaLR	10350	+	794	111621517	73699
chr10	111547818	111747818	harbor2	chr10	111622311	111622687	LTR/ERVL-MaLR	2091	+	188	111622499	74681
chr10	111547818	111747818	harbor2	chr10	111625393	111625695	LTR/ERVL-MaLR	416	+	151	111625544	77726
chr10	117001516	117201516	harbor2	chr10	117027130	117027498	LTR/ERVL-MaLR	2249	+	184	117027314	25798
chr10	117001516	117201516	harbor2	chr10	117027798	117027837	LTR/ERVL-MaLR	2249	+	20	117027818	26302
chr10	117001516	117201516	harbor2	chr10	117027838	117029477	LTR/ERVL-MaLR	9739	+	820	117028658	27142
chr10	117001516	117201516	harbor2	chr10	117029478	117029834	LTR/ERVL-MaLR	2661	+	178	117029656	28140
chr10	117001516	117201516	harbor2	chr10	117030187	117030247	LTR/ERVL-MaLR	2661	+	30	117030217	28701
chr10	126236799	126436799	harbor2	chr10	126289894	126290459	LTR/ERVL-MaLR	1311	+	282	126290176	53377
chr10	126236799	126436799	harbor2	chr10	126308956	126309500	LTR/ERVL-MaLR	1014	+	272	126309228	72429
chr10	42677636	42877636	harbor2	chr10	42726746	42727128	LTR/ERVL-MaLR	2116	+	191	42726937	49301
chr10	42677636	42877636	harbor2	chr10	42759250	42759616	LTR/ERVL-MaLR	2114	+	183	42759433	81797
chr10	42677636	42877636	harbor2	chr10	42773892	42774258	LTR/ERVL-MaLR	2349	+	183	42774075	96439
chr10	42677636	42877636	harbor2	chr10	42775402	42775748	LTR/ERVL-MaLR	1578	+	173	42775575	97939
chr10	112776422	112976422	harbor2	chr10	112805488	112805950	LTR/ERVL-MaLR	2753	+	231	112805719	29297
chr10	112776422	112976422	harbor2	chr10	112846940	112847076	LTR/ERVL-MaLR	769	+	68	112847008	70586
chr10	112776422	112976422	harbor2	chr10	112847953	112848090	LTR/ERVL-MaLR	646	+	68	112848021	71599
chr10	112776422	112976422	harbor2	chr10	112864236	112864422	LTR/ERVL-MaLR	621	+	93	112864329	87907
chr10	133561149	133761149	harbor2	chr10	133564064	133564356	LTR/ERVL-MaLR	1550	+	146	133564210	3061
chr10	133561149	133761149	harbor2	chr10	133572950	133573282	LTR/ERVL-MaLR	1440	+	166	133573116	11967
chr10	133561149	133761149	harbor2	chr10	133599128	133599439	LTR/ERVL-MaLR	1413	+	156	133599284	38135
chr10	125566545	125766545	harbor2	chr10	125579567	125579950	LTR/ERVL-MaLR	2314	+	192	125579759	13214
chr10	125566545	125766545	harbor2	chr10	125580734	125580898	LTR/ERVL-MaLR	560	+	82	125580816	14271
chr10	125566545	125766545	harbor2	chr10	125583822	125584350	LTR/ERVL-MaLR	1064	+	264	125584086	17541
chr10	125566545	125766545	harbor2	chr10	125584501	125584883	LTR/ERVL-MaLR	1041	+	191	125584692	18147
chr10	125566545	125766545	harbor2	chr10	125586825	125587207	LTR/ERVL-MaLR	2358	+	191	125587016	20471
chr10	125566545	125766545	harbor2	chr10	125596136	125596670	LTR/ERVL-MaLR	1818	+	267	125596403	29858
chr10	125566545	125766545	harbor2	chr10	125609348	125609718	LTR/ERVL-MaLR	1094	+	185	125609533	42988
chr10	125566545	125766545	harbor2	chr10	125638441	125638584	LTR/ERVL-MaLR	819	+	72	125638513	71968
chr10	125566545	125766545	harbor2	chr10	125644635	125645215	LTR/ERVL-MaLR	1720	+	290	125644925	78380
chr10	125566545	125766545	harbor2	chr10	125645216	125645660	LTR/ERVL-MaLR	2381	+	222	125645438	78893
chr10	125566545	125766545	harbor2	chr10	125645661	125645685	LTR/ERVL-MaLR	1720	+	12	125645673	79128
chr10	125566545	125766545	harbor2	chr10	125664437	125664804	LTR/ERVL-MaLR	1974	+	184	125664621	98076
chr10	90827380	91027380	harbor2	chr10	90837365	90837684	LTR/ERVL-MaLR	1494	+	160	90837525	10145
chr10	90827380	91027380	harbor2	chr10	90842047	90842416	LTR/ERVL-MaLR	2012	+	184	90842231	14851
chr10	90827380	91027380	harbor2	chr10	90851699	90852055	LTR/ERVL-MaLR	2548	+	178	90851877	24497
chr10	93011111	93211111	harbor2	chr10	93042657	93042746	LTR/ERVL-MaLR	554	+	44	93042701	31590
chr10	93011111	93211111	harbor2	chr10	93094156	93094436	LTR/ERVL-MaLR	1227	+	140	93094296	83185
chr10	99598013	99798013	harbor2	chr10	99623601	99623937	LTR/ERVL-MaLR	665	+	168	99623769	25756
chr10	99598013	99798013	harbor2	chr10	99625587	99625904	LTR/ERVL-MaLR	798	+	158	99625745	27732
chr10	99598013	99798013	harbor2	chr10	99629034	99629430	LTR/ERVL-MaLR	2380	+	198	99629232	31219
chr10	99598013	99798013	harbor2	chr10	99653054	99653591	LTR/ERVL-MaLR	2369	+	268	99653322	55309
chr10	87275270	87475270	harbor2	chr10	87281143	87281491	LTR/ERVL-MaLR	1792	+	174	87281317	6047
chr10	87275270	87475270	harbor2	chr10	87314534	87314957	LTR/ERVL-MaLR	2442	+	212	87314746	39476
chr10	87275270	87475270	harbor2	chr10	87332669	87333037	LTR/ERVL-MaLR	903	+	184	87332853	57583
chr10	87275270	87475270	harbor2	chr10	87333270	87333642	LTR/ERVL-MaLR	1433	+	186	87333456	58186
chr10	87275270	87475270	harbor2	chr10	87337383	87337761	LTR/ERVL-MaLR	2427	+	189	87337572	62302
chr10	87275270	87475270	harbor2	chr10	87337847	87338216	LTR/ERVL-MaLR	1615	+	184	87338031	62761
chr10	87275270	87475270	harbor2	chr10	87369127	87369500	LTR/ERVL-MaLR	1394	+	186	87369313	94043
chr10	33539298	33739298	harbor2	chr10	33555591	33556015	LTR/ERVL-MaLR	2605	+	212	33555803	16505
chr10	33539298	33739298	harbor2	chr10	33597242	33597655	LTR/ERVL-MaLR	2971	+	206	33597448	58150
chr10	33539298	33739298	harbor2	chr10	33619212	33619588	LTR/ERVL-MaLR	2271	+	188	33619400	80102
chr10	33539298	33739298	harbor2	chr10	33636918	33636986	LTR/ERVL-MaLR	1811	+	34	33636952	97654
chr10	33539298	33739298	harbor2	chr10	33637945	33638237	LTR/ERVL-MaLR	1811	+	146	33638091	98793
chr10	118251980	118451980	harbor2	chr10	118277825	118278254	LTR/ERVL-MaLR	2129	+	214	118278039	26059
chr10	118251980	118451980	harbor2	chr10	118304892	118305294	LTR/ERVL-MaLR	915	+	201	118305093	53113
chr10	63999781	64199781	harbor2	chr10	64013287	64013651	LTR/ERVL-MaLR	1718	+	182	64013469	13688
chr10	63999781	64199781	harbor2	chr10	64026750	64027030	LTR/ERVL-MaLR	410	+	140	64026890	27109
chr10	63999781	64199781	harbor2	chr10	64037822	64037938	LTR/ERVL-MaLR	558	+	58	64037880	38099
chr10	63999781	64199781	harbor2	chr10	64084505	64084961	LTR/ERVL-MaLR	623	+	228	64084733	84952
chr10	63999781	64199781	harbor2	chr10	64098205	64098614	LTR/ERVL-MaLR	1608	+	204	64098409	98628
chr10	133416760	133616760	harbor2	chr10	133428145	133428477	LTR/ERVL-MaLR	1600	+	166	133428311	11551
chr10	133416760	133616760	harbor2	chr10	133473093	133473337	LTR/ERVL-MaLR	1338	+	122	133473215	56455
chr10	116754167	116954167	harbor2	chr10	116759712	116760070	LTR/ERVL-MaLR	2551	+	179	116759891	5724
chr10	116754167	116954167	harbor2	chr10	116784141	116784286	LTR/ERVL-MaLR	505	+	72	116784213	30046
chr10	116754167	116954167	harbor2	chr10	116802786	116803084	LTR/ERVL-MaLR	548	+	149	116802935	48768
chr10	116754167	116954167	harbor2	chr10	116806795	116807139	LTR/ERVL-MaLR	551	+	172	116806967	52800
chr10	116754167	116954167	harbor2	chr10	116819357	116819697	LTR/ERVL-MaLR	1916	+	170	116819527	65360
chr10	116754167	116954167	harbor2	chr10	116829050	116829401	LTR/ERVL-MaLR	2438	+	176	116829226	75059
chr10	116754167	116954167	harbor2	chr10	116851949	116852322	LTR/ERVL-MaLR	2379	+	186	116852135	97968
chr10	116754167	116954167	harbor2	chr10	116852470	116853012	LTR/ERVL-MaLR	1011	+	271	116852741	98574
chr10	94319252	94519252	harbor2	chr10	94335885	94335999	LTR/ERVL-MaLR	467	+	57	94335942	16690
chr10	94319252	94519252	harbor2	chr10	94336135	94336348	LTR/ERVL-MaLR	1352	+	106	94336241	16989
chr10	94319252	94519252	harbor2	chr10	94336648	94336708	LTR/ERVL-MaLR	1352	+	30	94336678	17426
chr10	94319252	94519252	harbor2	chr10	94368714	94369120	LTR/ERVL-MaLR	1004	+	203	94368917	49665
chr10	92302907	92502907	harbor2	chr10	92390580	92390737	LTR/ERVL-MaLR	1914	+	78	92390658	87751
chr10	92302907	92502907	harbor2	chr10	92391033	92391213	LTR/ERVL-MaLR	1914	+	90	92391123	88216
chr10	92302907	92502907	harbor2	chr10	92401503	92401622	LTR/ERVL-MaLR	1501	+	60	92401563	98656
chr10	92302907	92502907	harbor2	chr10	92402638	92402720	LTR/ERVL-MaLR	1501	+	41	92402679	99772
chr10	114601271	114801271	harbor2	chr10	114612101	114612484	LTR/ERVL-MaLR	1786	+	192	114612293	11022
chr10	114601271	114801271	harbor2	chr10	114626672	114627118	LTR/ERVL-MaLR	2488	+	223	114626895	25624
chr10	114601271	114801271	harbor2	chr10	114675243	114675606	LTR/ERVL-MaLR	2937	+	182	114675425	74154
chr10	114601271	114801271	harbor2	chr10	114678930	114679128	LTR/ERVL-MaLR	533	+	99	114679029	77758
chr10	114601271	114801271	harbor2	chr10	114696463	114696823	LTR/ERVL-MaLR	2483	+	180	114696643	95372
chr10	95795212	95995212	harbor2	chr10	95816422	95816820	LTR/ERVL-MaLR	1400	+	199	95816621	21409
chr10	95795212	95995212	harbor2	chr10	95884772	95885135	LTR/ERVL-MaLR	1937	+	182	95884954	89742
chr10	95795212	95995212	harbor2	chr10	95886539	95886861	LTR/ERVL-MaLR	1262	+	161	95886700	91488
chr10	95795212	95995212	harbor2	chr10	95829745	95830162	LTR/ERVL-MaLR	2517	+	208	95829953	34741
chr10	104457848	104657848	harbor2	chr10	104479508	104479810	LTR/ERVL-MaLR	780	+	151	104479659	21811
chr10	104457848	104657848	harbor2	chr10	104479909	104480045	LTR/ERVL-MaLR	780	+	68	104479977	22129
chr10	104457848	104657848	harbor2	chr10	104491265	104491624	LTR/ERVL-MaLR	2251	+	180	104491445	33597
chr10	104457848	104657848	harbor2	chr10	104524316	104524429	LTR/ERVL-MaLR	420	+	56	104524372	66524
chr10	104457848	104657848	harbor2	chr10	104541722	104542136	LTR/ERVL-MaLR	1358	+	207	104541929	84081
chr10	28714667	28914667	harbor2	chr10	28716706	28717069	LTR/ERVL-MaLR	1661	+	182	28716888	2221
chr10	28714667	28914667	harbor2	chr10	28727366	28727723	LTR/ERVL-MaLR	2269	+	178	28727544	12877
chr10	28714667	28914667	harbor2	chr10	28773296	28773659	LTR/ERVL-MaLR	2671	+	182	28773478	58811
chr10	28714667	28914667	harbor2	chr10	28774769	28775152	LTR/ERVL-MaLR	1915	+	192	28774961	60294
chr10	125265626	125465626	harbor2	chr10	125284173	125284426	LTR/ERVL-MaLR	471	+	126	125284299	18673
chr10	125265626	125465626	harbor2	chr10	125301890	125302221	LTR/ERVL-MaLR	1461	+	166	125302056	36430
chr10	125265626	125465626	harbor2	chr10	125306577	125306960	LTR/ERVL-MaLR	2278	+	192	125306769	41143
chr10	125265626	125465626	harbor2	chr10	125317982	125318163	LTR/ERVL-MaLR	839	+	90	125318072	52446
chr10	125265626	125465626	harbor2	chr10	125326464	125326922	LTR/ERVL-MaLR	821	+	229	125326693	61067
chr10	125265626	125465626	harbor2	chr10	125328046	125328411	LTR/ERVL-MaLR	2229	+	182	125328228	62602
chr10	37479582	37679582	harbor2	chr10	37495366	37496689	LTR/ERVL-MaLR	8572	+	662	37496028	16446
chr10	37479582	37679582	harbor2	chr10	37496699	37497090	LTR/ERVL-MaLR	1915	+	196	37496895	17313
chr10	37479582	37679582	harbor2	chr10	37510347	37510712	LTR/ERVL-MaLR	2036	+	182	37510529	30947
chr10	37479582	37679582	harbor2	chr10	37510713	37512277	LTR/ERVL-MaLR	10913	+	782	37511495	31913
chr10	37479582	37679582	harbor2	chr10	37512280	37512664	LTR/ERVL-MaLR	1991	+	192	37512472	32890
chr10	37479582	37679582	harbor2	chr10	37514560	37514969	LTR/ERVL-MaLR	1337	+	204	37514764	35182
chr10	37479582	37679582	harbor2	chr10	37573884	37574547	LTR/ERVL-MaLR	2523	+	332	37574216	94634
chr10	37479582	37679582	harbor2	chr10	37574548	37574872	LTR/ERVL-MaLR	1183	+	162	37574710	95128
chr10	38851420	39051420	harbor2	chr10	38936094	38936517	LTR/ERVL-MaLR	1824	+	212	38936306	84886
chr10	126496146	126696146	harbor2	chr10	126537784	126538016	LTR/ERVL-MaLR	2297	+	116	126537900	41754
chr10	126496146	126696146	harbor2	chr10	126538360	126538569	LTR/ERVL-MaLR	2297	+	104	126538464	42318
chr10	77013521	77213521	harbor2	chr10	77060307	77060708	LTR/ERVL-MaLR	1509	+	200	77060507	46986
chr10	77013521	77213521	harbor2	chr10	77060705	77061087	LTR/ERVL-MaLR	1431	+	191	77060896	47375
chr10	111723424	111923424	harbor2	chr10	111729840	111730050	LTR/ERVL-MaLR	778	+	105	111729945	6521
chr10	111723424	111923424	harbor2	chr10	111740830	111741178	LTR/ERVL-MaLR	1870	+	174	111741004	17580
chr10	111723424	111923424	harbor2	chr10	111743137	111743410	LTR/ERVL-MaLR	469	+	136	111743273	19849
chr10	111723424	111923424	harbor2	chr10	111762662	111763038	LTR/ERVL-MaLR	1932	+	188	111762850	39426
chr10	111723424	111923424	harbor2	chr10	111773933	111774373	LTR/ERVL-MaLR	613	+	220	111774153	50729
chr10	111723424	111923424	harbor2	chr10	111783184	111783517	LTR/ERVL-MaLR	531	+	166	111783350	59926
chr10	111723424	111923424	harbor2	chr10	111799058	111799417	LTR/ERVL-MaLR	2285	+	180	111799238	75814
chr10	111723424	111923424	harbor2	chr10	111807389	111807423	LTR/ERVL-MaLR	422	+	17	111807406	83982
chr10	111723424	111923424	harbor2	chr10	111807731	111808082	LTR/ERVL-MaLR	422	+	176	111807907	84483
chr10	123436531	123636531	harbor2	chr10	123452322	123452509	LTR/ERVL-MaLR	482	+	94	123452416	15885
chr10	123436531	123636531	harbor2	chr10	123465657	123466071	LTR/ERVL-MaLR	1464	+	207	123465864	29333
chr10	123436531	123636531	harbor2	chr10	123476147	123476561	LTR/ERVL-MaLR	2476	+	207	123476354	39823
chr10	123436531	123636531	harbor2	chr10	123488467	123488729	LTR/ERVL-MaLR	472	+	131	123488598	52067
chr10	123436531	123636531	harbor2	chr10	123488730	123489123	LTR/ERVL-MaLR	1821	+	196	123488926	52395
chr10	123436531	123636531	harbor2	chr10	123489124	123489237	LTR/ERVL-MaLR	472	+	56	123489180	52649
chr10	123436531	123636531	harbor2	chr10	123499331	123499690	LTR/ERVL-MaLR	2365	+	180	123499511	62980
chr10	123436531	123636531	harbor2	chr10	123507142	123507276	LTR/ERVL-MaLR	473	+	67	123507209	70678
chr10	123436531	123636531	harbor2	chr10	123507652	123507884	LTR/ERVL-MaLR	1028	+	116	123507768	71237
chr10	123436531	123636531	harbor2	chr10	123515491	123515591	LTR/ERVL-MaLR	502	+	50	123515541	79010
chr10	25617061	25817061	harbor2	chr10	25617341	25617785	LTR/ERVL-MaLR	434	+	222	25617563	502
chr10	25617061	25817061	harbor2	chr10	25617953	25618091	LTR/ERVL-MaLR	487	+	69	25618022	961
chr10	25617061	25817061	harbor2	chr10	25618843	25619020	LTR/ERVL-MaLR	487	+	88	25618931	1870
chr10	25617061	25817061	harbor2	chr10	25626422	25626634	LTR/ERVL-MaLR	755	+	106	25626528	9467
chr10	25617061	25817061	harbor2	chr10	25627268	25627554	LTR/ERVL-MaLR	755	+	143	25627411	10350
chr10	25617061	25817061	harbor2	chr10	25634194	25634679	LTR/ERVL-MaLR	1177	+	242	25634436	17375
chr10	25617061	25817061	harbor2	chr10	25648601	25649022	LTR/ERVL-MaLR	2460	+	210	25648811	31750
chr10	25617061	25817061	harbor2	chr10	25698212	25698627	LTR/ERVL-MaLR	2355	+	208	25698420	81359
chr10	25617061	25817061	harbor2	chr10	25698638	25699026	LTR/ERVL-MaLR	2135	+	194	25698832	81771
chr10	25617061	25817061	harbor2	chr10	25702819	25703217	LTR/ERVL-MaLR	937	+	199	25703018	85957
chr10	25617061	25817061	harbor2	chr10	25703515	25703571	LTR/ERVL-MaLR	937	+	28	25703543	86482
chr10	25617061	25817061	harbor2	chr10	25704723	25705092	LTR/ERVL-MaLR	2061	+	184	25704907	87846
chr10	25617061	25817061	harbor2	chr10	25705428	25705468	LTR/ERVL-MaLR	2061	+	20	25705448	88387
chr10	119497380	119697380	harbor2	chr10	119504545	119504996	LTR/ERVL-MaLR	770	+	226	119504771	7391
chr10	117002919	117202919	harbor2	chr10	117027130	117027498	LTR/ERVL-MaLR	2249	+	184	117027314	24395
chr10	117002919	117202919	harbor2	chr10	117027798	117027837	LTR/ERVL-MaLR	2249	+	20	117027818	24899
chr10	117002919	117202919	harbor2	chr10	117027838	117029477	LTR/ERVL-MaLR	9739	+	820	117028658	25739
chr10	117002919	117202919	harbor2	chr10	117029478	117029834	LTR/ERVL-MaLR	2661	+	178	117029656	26737
chr10	117002919	117202919	harbor2	chr10	117030187	117030247	LTR/ERVL-MaLR	2661	+	30	117030217	27298
chr10	69806733	70006733	harbor2	chr10	69842047	69842405	LTR/ERVL-MaLR	1978	+	179	69842226	35493
chr10	131290672	131490672	harbor2	chr10	131335862	131336152	LTR/ERVL-MaLR	869	+	145	131336007	45335
chr10	131290672	131490672	harbor2	chr10	131341095	131341379	LTR/ERVL-MaLR	951	+	142	131341237	50565
chr10	131290672	131490672	harbor2	chr10	131370674	131371019	LTR/ERVL-MaLR	1387	+	172	131370846	80174
chr10	131267561	131467561	harbor2	chr10	131288607	131288991	LTR/ERVL-MaLR	881	+	192	131288799	21238
chr10	131267561	131467561	harbor2	chr10	131335862	131336152	LTR/ERVL-MaLR	869	+	145	131336007	68446
chr10	131267561	131467561	harbor2	chr10	131341095	131341379	LTR/ERVL-MaLR	951	+	142	131341237	73676
chr10	104749229	104949229	harbor2	chr10	104762548	104762907	LTR/ERVL-MaLR	1928	+	180	104762728	13499
chr10	104749229	104949229	harbor2	chr10	104763704	104764074	LTR/ERVL-MaLR	2079	+	185	104763889	14660
chr10	104749229	104949229	harbor2	chr10	104778898	104779318	LTR/ERVL-MaLR	1654	+	210	104779108	29879
chr10	104749229	104949229	harbor2	chr10	104823703	104824218	LTR/ERVL-MaLR	1797	+	258	104823961	74732
chr10	104749229	104949229	harbor2	chr10	104758932	104759388	LTR/ERVL-MaLR	2415	+	228	104759160	9931
chr10	74840912	75040912	harbor2	chr10	74903206	74903760	LTR/ERVL-MaLR	1735	+	277	74903483	62571
chr10	74840912	75040912	harbor2	chr10	74907895	74908280	LTR/ERVL-MaLR	2585	+	192	74908087	67175
chr10	74840912	75040912	harbor2	chr10	74908578	74908649	LTR/ERVL-MaLR	2585	+	36	74908614	67702
chr10	124003783	124203783	harbor2	chr10	124005361	124005827	LTR/ERVL-MaLR	1959	+	233	124005594	1811
chr10	124003783	124203783	harbor2	chr10	124005828	124006182	LTR/ERVL-MaLR	1627	+	177	124006005	2222
chr10	124003783	124203783	harbor2	chr10	124006903	124007227	LTR/ERVL-MaLR	1391	+	162	124007065	3282
chr10	124003783	124203783	harbor2	chr10	124025620	124026032	LTR/ERVL-MaLR	1568	+	206	124025826	22043
chr10	124003783	124203783	harbor2	chr10	124033430	124033961	LTR/ERVL-MaLR	1487	+	266	124033696	29913
chr10	124003783	124203783	harbor2	chr10	124053144	124053436	LTR/ERVL-MaLR	444	+	146	124053290	49507
chr10	124003783	124203783	harbor2	chr10	124061190	124061540	LTR/ERVL-MaLR	2844	+	175	124061365	57582
chr10	124003783	124203783	harbor2	chr10	124100754	124101131	LTR/ERVL-MaLR	2810	+	188	124100942	97159
chr10	93736984	93936984	harbor2	chr10	93799696	93800309	LTR/ERVL-MaLR	2022	+	306	93800002	63018
chr10	93736984	93936984	harbor2	chr10	93802807	93803164	LTR/ERVL-MaLR	2671	+	178	93802985	66001
chr10	28366450	28566450	harbor2	chr10	28390555	28390669	LTR/ERVL-MaLR	1720	+	57	28390612	24162
chr10	28366450	28566450	harbor2	chr10	28390954	28391294	LTR/ERVL-MaLR	1720	+	170	28391124	24674
chr10	28366450	28566450	harbor2	chr10	28405279	28405663	LTR/ERVL-MaLR	631	+	192	28405471	39021
chr10	28366450	28566450	harbor2	chr10	28418182	28418573	LTR/ERVL-MaLR	1335	+	196	28418378	51928
chr10	122295715	122495715	harbor2	chr10	122305021	122305149	LTR/ERVL-MaLR	1840	+	64	122305085	9370
chr10	122295715	122495715	harbor2	chr10	122305277	122305702	LTR/ERVL-MaLR	2941	+	212	122305489	9774
chr10	122295715	122495715	harbor2	chr10	122306037	122306407	LTR/ERVL-MaLR	1840	+	185	122306222	10507
chr10	122295715	122495715	harbor2	chr10	122347318	122347838	LTR/ERVL-MaLR	1306	+	260	122347578	51863
chr10	122295715	122495715	harbor2	chr10	122349532	122349979	LTR/ERVL-MaLR	2031	+	224	122349756	54041
chr10	122295715	122495715	harbor2	chr10	122353753	122354111	LTR/ERVL-MaLR	2573	+	179	122353932	58217
chr10	122295715	122495715	harbor2	chr10	122354413	122354484	LTR/ERVL-MaLR	2573	+	36	122354449	58734
chr10	122295715	122495715	harbor2	chr10	122381327	122381708	LTR/ERVL-MaLR	2228	+	190	122381517	85802
chr10	29036168	29236168	harbor2	chr10	29051812	29051964	LTR/ERVL-MaLR	660	+	76	29051888	15720
chr10	29036168	29236168	harbor2	chr10	29052592	29052830	LTR/ERVL-MaLR	763	+	119	29052711	16543
chr10	29036168	29236168	harbor2	chr10	29083905	29084004	LTR/ERVL-MaLR	2375	+	50	29083955	47787
chr10	29036168	29236168	harbor2	chr10	29084313	29084425	LTR/ERVL-MaLR	2375	+	56	29084369	48201
chr10	29036168	29236168	harbor2	chr10	29084738	29084959	LTR/ERVL-MaLR	2375	+	110	29084848	48680
chr10	29036168	29236168	harbor2	chr10	29087420	29087794	LTR/ERVL-MaLR	1474	+	187	29087607	51439
chr10	29036168	29236168	harbor2	chr10	29090111	29090210	LTR/ERVL-MaLR	631	+	50	29090161	53993
chr10	29036168	29236168	harbor2	chr10	29090513	29090584	LTR/ERVL-MaLR	631	+	36	29090549	54381
chr10	29036168	29236168	harbor2	chr10	29103153	29103425	LTR/ERVL-MaLR	1556	+	136	29103289	67121
chr10	29036168	29236168	harbor2	chr10	29115641	29116091	LTR/ERVL-MaLR	1888	+	225	29115866	79698
chr10	29036168	29236168	harbor2	chr10	29123244	29123706	LTR/ERVL-MaLR	1548	+	231	29123475	87307
chr10	29036168	29236168	harbor2	chr10	29124000	29124055	LTR/ERVL-MaLR	1548	+	28	29124028	87860
chr10	83828067	84028067	harbor2	chr10	83877993	83878347	LTR/ERVL-MaLR	1254	+	177	83878170	50103
chr10	83828067	84028067	harbor2	chr10	83883772	83884189	LTR/ERVL-MaLR	2389	+	208	83883980	55913
chr10	83828067	84028067	harbor2	chr10	83906746	83907127	LTR/ERVL-MaLR	887	+	190	83906936	78869
chr10	83828067	84028067	harbor2	chr10	83925091	83925546	LTR/ERVL-MaLR	1072	+	228	83925319	97252
chr10	83828067	84028067	harbor2	chr10	83918813	83919165	LTR/ERVL-MaLR	1527	+	176	83918989	90922
chr10	131755583	131955583	harbor2	chr10	131782919	131783292	LTR/ERVL-MaLR	2461	+	186	131783105	27522
chr10	131755583	131955583	harbor2	chr10	131820756	131821210	LTR/ERVL-MaLR	2023	+	227	131820983	65400
chr10	131755583	131955583	harbor2	chr10	131844113	131844435	LTR/ERVL-MaLR	620	+	161	131844274	88691
chr10	32699788	32899788	harbor2	chr10	32789596	32789823	LTR/ERVL-MaLR	959	+	114	32789710	89922
chr10	102961335	103161335	harbor2	chr10	102964789	102965187	LTR/ERVL-MaLR	2215	+	199	102964988	3653
chr10	102961335	103161335	harbor2	chr10	103025865	103026220	LTR/ERVL-MaLR	1787	+	178	103026043	64708
chr10	105237426	105437426	harbor2	chr10	105271121	105271427	LTR/ERVL-MaLR	1463	+	153	105271274	33848
chr10	105237426	105437426	harbor2	chr10	105271811	105271846	LTR/ERVL-MaLR	1463	+	18	105271829	34403
chr10	105237426	105437426	harbor2	chr10	105290646	105291145	LTR/ERVL-MaLR	1213	+	250	105290896	53470
chr10	105237426	105437426	harbor2	chr10	105308772	105309156	LTR/ERVL-MaLR	2059	+	192	105308964	71538
chr10	105237426	105437426	harbor2	chr10	105311126	105311259	LTR/ERVL-MaLR	729	+	66	105311192	73766
chr10	105237426	105437426	harbor2	chr10	105312237	105312450	LTR/ERVL-MaLR	884	+	106	105312343	74917
chr10	108276561	108476561	harbor2	chr10	108284998	108285359	LTR/ERVL-MaLR	1799	+	180	108285178	8617
chr10	108276561	108476561	harbor2	chr10	108337413	108337842	LTR/ERVL-MaLR	630	+	214	108337627	61066
chr10	108276561	108476561	harbor2	chr10	108373925	108374163	LTR/ERVL-MaLR	788	+	119	108374044	97483
chr10	132523710	132723710	harbor2	chr10	132580186	132580552	LTR/ERVL-MaLR	2092	+	183	132580369	56659
chr10	132523710	132723710	harbor2	chr10	132614660	132615000	LTR/ERVL-MaLR	619	+	170	132614830	91120
chr10	124709102	124909102	harbor2	chr10	124753900	124754057	LTR/ERVL-MaLR	1234	+	78	124753978	44876
chr10	124709102	124909102	harbor2	chr10	124754360	124754628	LTR/ERVL-MaLR	1234	+	134	124754494	45392
chr10	120208288	120408288	harbor2	chr10	120212606	120212902	LTR/ERVL-MaLR	743	+	148	120212754	4466
chr10	120208288	120408288	harbor2	chr10	120232128	120232455	LTR/ERVL-MaLR	1172	+	164	120232292	24004
chr10	120208288	120408288	harbor2	chr10	120244573	120244992	LTR/ERVL-MaLR	2494	+	210	120244783	36495
chr10	120208288	120408288	harbor2	chr10	120245034	120246082	LTR/ERVL-MaLR	5121	+	524	120245558	37270
chr10	116804822	117004822	harbor2	chr10	116806795	116807139	LTR/ERVL-MaLR	551	+	172	116806967	2145
chr10	116804822	117004822	harbor2	chr10	116819357	116819697	LTR/ERVL-MaLR	1916	+	170	116819527	14705
chr10	116804822	117004822	harbor2	chr10	116829050	116829401	LTR/ERVL-MaLR	2438	+	176	116829226	24404
chr10	116804822	117004822	harbor2	chr10	116851949	116852322	LTR/ERVL-MaLR	2379	+	186	116852135	47313
chr10	116804822	117004822	harbor2	chr10	116852470	116853012	LTR/ERVL-MaLR	1011	+	271	116852741	47919
chr10	116804822	117004822	harbor2	chr10	116872325	116872676	LTR/ERVL-MaLR	2629	+	176	116872501	67679
chr10	131741733	131941733	harbor2	chr10	131782919	131783292	LTR/ERVL-MaLR	2461	+	186	131783105	41372
chr10	131741733	131941733	harbor2	chr10	131820756	131821210	LTR/ERVL-MaLR	2023	+	227	131820983	79250
chr10	107208296	107408296	harbor2	chr10	107209176	107209611	LTR/ERVL-MaLR	1582	+	218	107209394	1098
chr10	107208296	107408296	harbor2	chr10	107234304	107234661	LTR/ERVL-MaLR	2168	+	178	107234482	26186
chr10	107208296	107408296	harbor2	chr10	107280573	107281094	LTR/ERVL-MaLR	696	+	260	107280833	72537
chr10	129072960	129272960	harbor2	chr10	129099841	129100260	LTR/ERVL-MaLR	774	+	210	129100051	27091
chr10	129072960	129272960	harbor2	chr10	129118864	129118957	LTR/ERVL-MaLR	1363	+	46	129118910	45950
chr10	129072960	129272960	harbor2	chr10	129119259	129119588	LTR/ERVL-MaLR	1363	+	164	129119423	46463
chr10	129072960	129272960	harbor2	chr10	129151331	129151753	LTR/ERVL-MaLR	1391	+	211	129151542	78582
chr10	127618429	127818429	harbor2	chr10	127620368	127620889	LTR/ERVL-MaLR	638	+	260	127620628	2199
chr10	127618429	127818429	harbor2	chr10	127639966	127640325	LTR/ERVL-MaLR	2337	+	180	127640146	21717
chr10	127618429	127818429	harbor2	chr10	127643962	127644363	LTR/ERVL-MaLR	2099	+	200	127644162	25733
chr10	127618429	127818429	harbor2	chr10	127653191	127653684	LTR/ERVL-MaLR	1598	+	246	127653437	35008
chr10	127618429	127818429	harbor2	chr10	127670750	127671124	LTR/ERVL-MaLR	1335	+	187	127670937	52508
chr10	108318135	108518135	harbor2	chr10	108337413	108337842	LTR/ERVL-MaLR	630	+	214	108337627	19492
chr10	108318135	108518135	harbor2	chr10	108373925	108374163	LTR/ERVL-MaLR	788	+	119	108374044	55909
chr10	108318135	108518135	harbor2	chr10	108411907	108412220	LTR/ERVL-MaLR	1046	+	156	108412063	93928
chr10	108318135	108518135	harbor2	chr10	108412564	108412591	LTR/ERVL-MaLR	1046	+	14	108412578	94443
chr10	88574918	88774918	harbor2	chr10	88654872	88655256	LTR/ERVL-MaLR	2120	+	192	88655064	80146
chr10	131056253	131256253	harbor2	chr10	131084947	131085286	LTR/ERVL-MaLR	1507	+	170	131085117	28864
chr10	131056253	131256253	harbor2	chr10	131142804	131143172	LTR/ERVL-MaLR	616	+	184	131142988	86735
chr10	131056253	131256253	harbor2	chr10	131148070	131148290	LTR/ERVL-MaLR	944	+	110	131148180	91927
chr10	131056253	131256253	harbor2	chr10	131148612	131148874	LTR/ERVL-MaLR	1002	+	131	131148743	92490
chr10	75516797	75716797	harbor2	chr10	75571514	75571819	LTR/ERVL-MaLR	771	+	152	75571666	54869
chr10	75516797	75716797	harbor2	chr10	75572729	75573110	LTR/ERVL-MaLR	1422	+	190	75572919	56122
chr10	108846617	109046617	harbor2	chr10	108864417	108864756	LTR/ERVL-MaLR	1607	+	170	108864587	17970
chr10	108846617	109046617	harbor2	chr10	108869749	108869991	LTR/ERVL-MaLR	454	+	121	108869870	23253
chr10	108846617	109046617	harbor2	chr10	108870325	108870773	LTR/ERVL-MaLR	2087	+	224	108870549	23932
chr10	108846617	109046617	harbor2	chr10	108872073	108872303	LTR/ERVL-MaLR	560	+	115	108872188	25571
chr10	108846617	109046617	harbor2	chr10	108882614	108882985	LTR/ERVL-MaLR	2394	+	186	108882800	36183
chr10	108846617	109046617	harbor2	chr10	108899760	108900144	LTR/ERVL-MaLR	1775	+	192	108899952	53335
chr10	108846617	109046617	harbor2	chr10	108913178	108913692	LTR/ERVL-MaLR	1472	+	257	108913435	66818
chr10	108846617	109046617	harbor2	chr10	108920956	108921314	LTR/ERVL-MaLR	1401	+	179	108921135	74518
chr10	108846617	109046617	harbor2	chr10	108871052	108872037	LTR/ERVL-MaLR	2087	+	492	108871544	24927
chr10	131256720	131456720	harbor2	chr10	131288607	131288991	LTR/ERVL-MaLR	881	+	192	131288799	32079
chr10	131256720	131456720	harbor2	chr10	131335862	131336152	LTR/ERVL-MaLR	869	+	145	131336007	79287
chr10	131256720	131456720	harbor2	chr10	131341095	131341379	LTR/ERVL-MaLR	951	+	142	131341237	84517
chr10	128050589	128250589	harbor2	chr10	128145446	128145856	LTR/ERVL-MaLR	2324	+	205	128145651	95062
chr10	128050589	128250589	harbor2	chr10	128147113	128147472	LTR/ERVL-MaLR	2152	+	180	128147293	96704
chr10	129727898	129927898	harbor2	chr10	129780507	129780689	LTR/ERVL-MaLR	967	+	91	129780598	52700
chr10	129727898	129927898	harbor2	chr10	129780991	129781241	LTR/ERVL-MaLR	967	+	125	129781116	53218
chr10	129727898	129927898	harbor2	chr10	129814200	129814556	LTR/ERVL-MaLR	1774	+	178	129814378	86480
chr10	129727898	129927898	harbor2	chr10	129818021	129818363	LTR/ERVL-MaLR	2231	+	171	129818192	90294
chr10	100593749	100793749	harbor2	chr10	100608386	100608545	LTR/ERVL-MaLR	493	+	80	100608466	14717
chr10	100593749	100793749	harbor2	chr10	100629178	100629261	LTR/ERVL-MaLR	1238	+	42	100629220	35471
chr10	100593749	100793749	harbor2	chr10	100629570	100629877	LTR/ERVL-MaLR	1238	+	154	100629724	35975
chr10	100593749	100793749	harbor2	chr10	100630193	100630238	LTR/ERVL-MaLR	1238	+	22	100630215	36466
chr10	127942419	128142419	harbor2	chr10	127967283	127967648	LTR/ERVL-MaLR	2669	+	182	127967465	25046
chr10	127942419	128142419	harbor2	chr10	127984563	127984910	LTR/ERVL-MaLR	1975	+	174	127984737	42318
chr10	127942419	128142419	harbor2	chr10	128013531	128013863	LTR/ERVL-MaLR	1742	+	166	128013697	71278
chr10	57524343	57724343	harbor2	chr10	57555630	57556015	LTR/ERVL-MaLR	1438	+	192	57555822	31479
chr10	57524343	57724343	harbor2	chr10	57564371	57564735	LTR/ERVL-MaLR	1850	+	182	57564553	40210
chr10	99882955	100082955	harbor2	chr10	99906184	99906413	LTR/ERVL-MaLR	574	+	114	99906298	23343
chr10	99882955	100082955	harbor2	chr10	99906442	99906909	LTR/ERVL-MaLR	1244	+	234	99906676	23721
chr10	99882955	100082955	harbor2	chr10	99950007	99950358	LTR/ERVL-MaLR	2137	+	176	99950183	67228
chr10	99882955	100082955	harbor2	chr10	99950361	99951922	LTR/ERVL-MaLR	12414	+	780	99951141	68186
chr10	99882955	100082955	harbor2	chr10	99951928	99952280	LTR/ERVL-MaLR	2216	+	176	99952104	69149
chr10	106842850	107042850	harbor2	chr10	106878322	106878620	LTR/ERVL-MaLR	1629	+	149	106878471	35621
chr10	106842850	107042850	harbor2	chr10	106878650	106878677	LTR/ERVL-MaLR	1629	+	14	106878664	35814
chr10	106842850	107042850	harbor2	chr10	106879455	106880028	LTR/ERVL-MaLR	1996	+	286	106879741	36891
chr10	106842850	107042850	harbor2	chr10	106885677	106885979	LTR/ERVL-MaLR	1888	+	151	106885828	42978
chr10	106842850	107042850	harbor2	chr10	106886290	106886367	LTR/ERVL-MaLR	1888	+	38	106886328	43478
chr10	106842850	107042850	harbor2	chr10	106937013	106937172	LTR/ERVL-MaLR	2518	+	80	106937093	94243
chr10	106842850	107042850	harbor2	chr10	106937478	106937681	LTR/ERVL-MaLR	2518	+	102	106937580	94730
chr10	68914592	69114592	harbor2	chr10	68997279	68997641	LTR/ERVL-MaLR	2075	+	181	68997460	82868
chr10	68914592	69114592	harbor2	chr10	68997968	68998109	LTR/ERVL-MaLR	983	+	70	68998038	83446
chr10	90288138	90488138	harbor2	chr10	90288559	90288647	LTR/ERVL-MaLR	424	+	44	90288603	465
chr10	90288138	90488138	harbor2	chr10	90289292	90289668	LTR/ERVL-MaLR	810	+	188	90289480	1342
chr10	90288138	90488138	harbor2	chr10	90305428	90305549	LTR/ERVL-MaLR	435	+	60	90305488	17350
chr10	90288138	90488138	harbor2	chr10	90305591	90305767	LTR/ERVL-MaLR	554	+	88	90305679	17541
chr10	90288138	90488138	harbor2	chr10	90320257	90320428	LTR/ERVL-MaLR	655	+	86	90320343	32205
chr10	90288138	90488138	harbor2	chr10	90321223	90321346	LTR/ERVL-MaLR	486	+	62	90321285	33147
chr10	90288138	90488138	harbor2	chr10	90356189	90356571	LTR/ERVL-MaLR	2304	+	191	90356380	68242
chr10	90288138	90488138	harbor2	chr10	90360419	90360774	LTR/ERVL-MaLR	1551	+	178	90360597	72459
chr10	90288138	90488138	harbor2	chr10	90361867	90362204	LTR/ERVL-MaLR	885	+	168	90362035	73897
chr11	88809305	89009305	harbor2	chr11	88867524	88867904	LTR/ERVL-MaLR	1599	+	190	88867714	58409
chr11	88809305	89009305	harbor2	chr11	88882763	88883124	LTR/ERVL-MaLR	2382	+	180	88882943	73638
chr11	88809305	89009305	harbor2	chr11	88884598	88884959	LTR/ERVL-MaLR	2405	+	180	88884778	75473
chr11	88809305	89009305	harbor2	chr11	88894671	88895027	LTR/ERVL-MaLR	1300	+	178	88894849	85544
chr11	88809305	89009305	harbor2	chr11	88883125	88884597	LTR/ERVL-MaLR	8935	+	736	88883861	74556
chr11	114935676	115135676	harbor2	chr11	114937835	114938244	LTR/ERVL-MaLR	2292	+	204	114938039	2363
chr11	114935676	115135676	harbor2	chr11	114938245	114939341	LTR/ERVL-MaLR	6208	+	548	114938793	3117
chr11	114935676	115135676	harbor2	chr11	114994267	114994592	LTR/ERVL-MaLR	950	+	162	114994429	58753
chr11	114935676	115135676	harbor2	chr11	114996608	114996964	LTR/ERVL-MaLR	2306	+	178	114996786	61110
chr11	114935676	115135676	harbor2	chr11	115013593	115013992	LTR/ERVL-MaLR	1234	+	200	115013793	78117
chr11	114935676	115135676	harbor2	chr11	115014849	115015043	LTR/ERVL-MaLR	394	+	97	115014946	79270
chr11	114935676	115135676	harbor2	chr11	115029107	115029591	LTR/ERVL-MaLR	2066	+	242	115029349	93673
chr11	134721797	134921797	harbor2	chr11	134761063	134761270	LTR/ERVL-MaLR	780	+	104	134761167	39370
chr11	134721797	134921797	harbor2	chr11	134776458	134776861	LTR/ERVL-MaLR	1450	+	202	134776660	54863
chr11	134721797	134921797	harbor2	chr11	134807212	134807430	LTR/ERVL-MaLR	782	+	109	134807321	85524
chr11	134721797	134921797	harbor2	chr11	134818923	134819371	LTR/ERVL-MaLR	1015	+	224	134819147	97350
chr11	20697519	20897519	harbor2	chr11	20768469	20768959	LTR/ERVL-MaLR	2353	+	245	20768714	71195
chr11	132076026	132276026	harbor2	chr11	132109356	132109506	LTR/ERVL-MaLR	947	+	75	132109431	33405
chr11	132076026	132276026	harbor2	chr11	132156708	132157202	LTR/ERVL-MaLR	1340	+	247	132156955	80929
chr11	133599692	133799692	harbor2	chr11	133608164	133608671	LTR/ERVL-MaLR	1904	+	254	133608418	8726
chr11	133599692	133799692	harbor2	chr11	133656868	133657270	LTR/ERVL-MaLR	1435	+	201	133657069	57377
chr11	80406593	80606593	harbor2	chr11	80470451	80470857	LTR/ERVL-MaLR	570	+	203	80470654	64061
chr11	80406593	80606593	harbor2	chr11	80479864	80480227	LTR/ERVL-MaLR	1349	+	182	80480046	73453
chr11	80406593	80606593	harbor2	chr11	80482503	80482734	LTR/ERVL-MaLR	520	+	116	80482619	76026
chr11	80406593	80606593	harbor2	chr11	80498931	80499298	LTR/ERVL-MaLR	1600	+	184	80499115	92522
chr11	80406593	80606593	harbor2	chr11	80499299	80500000	LTR/ERVL-MaLR	3730	+	350	80499649	93056
chr11	80406593	80606593	harbor2	chr11	80500002	80500911	LTR/ERVL-MaLR	2969	+	454	80500456	93863
chr11	80406593	80606593	harbor2	chr11	80500913	80501274	LTR/ERVL-MaLR	1552	+	180	80501093	94500
chr11	80406593	80606593	harbor2	chr11	80505032	80505265	LTR/ERVL-MaLR	839	+	116	80505148	98555
chr11	33799228	33999228	harbor2	chr11	33814756	33815037	LTR/ERVL-MaLR	850	+	140	33814896	15668
chr11	33799228	33999228	harbor2	chr11	33848107	33848515	LTR/ERVL-MaLR	2390	+	204	33848311	49083
chr11	56767441	56967441	harbor2	chr11	56865926	56866328	LTR/ERVL-MaLR	2907	+	201	56866127	98686
chr11	56767441	56967441	harbor2	chr11	56866329	56866438	LTR/ERVL-MaLR	727	+	54	56866383	98942
chr11	67823502	68023502	harbor2	chr11	67841410	67841585	LTR/ERVL-MaLR	488	+	88	67841498	17996
chr11	67823502	68023502	harbor2	chr11	67856979	67857170	LTR/ERVL-MaLR	597	+	96	67857075	33573
chr11	67823502	68023502	harbor2	chr11	67857477	67857541	LTR/ERVL-MaLR	597	+	32	67857509	34007
chr11	67823502	68023502	harbor2	chr11	67861709	67861803	LTR/ERVL-MaLR	1524	+	47	67861756	38254
chr11	67823502	68023502	harbor2	chr11	67862114	67862501	LTR/ERVL-MaLR	1524	+	194	67862308	38806
chr11	67823502	68023502	harbor2	chr11	67863098	67863364	LTR/ERVL-MaLR	1068	+	133	67863231	39729
chr11	67823502	68023502	harbor2	chr11	67863666	67863937	LTR/ERVL-MaLR	1206	+	136	67863802	40300
chr11	67823502	68023502	harbor2	chr11	67876031	67876361	LTR/ERVL-MaLR	648	+	165	67876196	52694
chr11	67823502	68023502	harbor2	chr11	67879599	67879770	LTR/ERVL-MaLR	521	+	86	67879685	56183
chr11	67823502	68023502	harbor2	chr11	67880533	67880893	LTR/ERVL-MaLR	521	+	180	67880713	57211
chr11	67823502	68023502	harbor2	chr11	67889826	67890215	LTR/ERVL-MaLR	2326	+	194	67890020	66518
chr11	67823502	68023502	harbor2	chr11	67899389	67899837	LTR/ERVL-MaLR	1574	+	224	67899613	76111
chr11	67823502	68023502	harbor2	chr11	67906926	67907217	LTR/ERVL-MaLR	658	+	146	67907072	83570
chr11	67823502	68023502	harbor2	chr11	67907219	67907320	LTR/ERVL-MaLR	457	+	50	67907269	83767
chr11	113602741	113802741	harbor2	chr11	113633021	113633150	LTR/ERVL-MaLR	381	+	64	113633085	30344
chr11	113602741	113802741	harbor2	chr11	113650323	113650808	LTR/ERVL-MaLR	2121	+	242	113650565	47824
chr11	113602741	113802741	harbor2	chr11	113697860	113698267	LTR/ERVL-MaLR	1568	+	204	113698064	95323
chr11	113602741	113802741	harbor2	chr11	113700784	113701160	LTR/ERVL-MaLR	2369	+	188	113700972	98231
chr11	113602741	113802741	harbor2	chr11	113701168	113701473	LTR/ERVL-MaLR	2339	+	152	113701320	98579
chr11	97054077	97254077	harbor2	chr11	97056562	97057068	LTR/ERVL-MaLR	1812	+	253	97056815	2738
chr11	97054077	97254077	harbor2	chr11	97080009	97080362	LTR/ERVL-MaLR	560	+	176	97080185	26108
chr11	97054077	97254077	harbor2	chr11	97092246	97092629	LTR/ERVL-MaLR	1357	+	192	97092438	38361
chr11	97054077	97254077	harbor2	chr11	97103485	97103821	LTR/ERVL-MaLR	1402	+	168	97103653	49576
chr11	97054077	97254077	harbor2	chr11	97123228	97123631	LTR/ERVL-MaLR	1760	+	202	97123430	69353
chr11	132269289	132469289	harbor2	chr11	132361077	132361519	LTR/ERVL-MaLR	605	+	221	132361298	92009
chr11	105509477	105709477	harbor2	chr11	105519322	105519878	LTR/ERVL-MaLR	1792	+	278	105519600	10123
chr11	105509477	105709477	harbor2	chr11	105554573	105554630	LTR/ERVL-MaLR	494	+	28	105554601	45124
chr11	105509477	105709477	harbor2	chr11	105555171	105555343	LTR/ERVL-MaLR	494	+	86	105555257	45780
chr11	105509477	105709477	harbor2	chr11	105595730	105596148	LTR/ERVL-MaLR	2290	+	209	105595939	86462
chr11	64288974	64488974	harbor2	chr11	64387976	64388356	LTR/ERVL-MaLR	1337	+	190	64388166	99192
chr11	121785436	121985436	harbor2	chr11	121864582	121865012	LTR/ERVL-MaLR	1611	+	215	121864797	79361
chr11	106411230	106611230	harbor2	chr11	106437392	106437769	LTR/ERVL-MaLR	1993	+	188	106437580	26350
chr11	106411230	106611230	harbor2	chr11	106445989	106446317	LTR/ERVL-MaLR	1421	+	164	106446153	34923
chr11	106411230	106611230	harbor2	chr11	106450094	106450392	LTR/ERVL-MaLR	675	+	149	106450243	39013
chr11	106411230	106611230	harbor2	chr11	106465820	106466194	LTR/ERVL-MaLR	2029	+	187	106466007	54777
chr11	106411230	106611230	harbor2	chr11	106474141	106474587	LTR/ERVL-MaLR	538	+	223	106474364	63134
chr11	106411230	106611230	harbor2	chr11	106492385	106492732	LTR/ERVL-MaLR	1045	+	174	106492559	81329
chr11	106411230	106611230	harbor2	chr11	106496865	106497243	LTR/ERVL-MaLR	381	+	189	106497054	85824
chr11	63225256	63425256	harbor2	chr11	63237350	63237623	LTR/ERVL-MaLR	1019	+	136	63237486	12230
chr11	63225256	63425256	harbor2	chr11	63262288	63263114	LTR/ERVL-MaLR	2323	+	413	63262701	37445
chr11	63225256	63425256	harbor2	chr11	63241902	63242443	LTR/ERVL-MaLR	1354	+	270	63242172	16916
chr11	87536864	87736864	harbor2	chr11	87563329	87563677	LTR/ERVL-MaLR	1734	+	174	87563503	26639
chr11	87536864	87736864	harbor2	chr11	87596844	87597260	LTR/ERVL-MaLR	1212	+	208	87597052	60188
chr11	87536864	87736864	harbor2	chr11	87601427	87601562	LTR/ERVL-MaLR	704	+	68	87601495	64631
chr11	87536864	87736864	harbor2	chr11	87601765	87601941	LTR/ERVL-MaLR	704	+	88	87601853	64989
chr11	87536864	87736864	harbor2	chr11	87612994	87613343	LTR/ERVL-MaLR	1585	+	174	87613168	76304
chr11	89426752	89626752	harbor2	chr11	89464833	89464985	LTR/ERVL-MaLR	799	+	76	89464909	38157
chr11	89426752	89626752	harbor2	chr11	89465981	89466207	LTR/ERVL-MaLR	823	+	113	89466094	39342
chr11	89426752	89626752	harbor2	chr11	89482362	89482680	LTR/ERVL-MaLR	1988	+	159	89482521	55769
chr11	89426752	89626752	harbor2	chr11	89500431	89500856	LTR/ERVL-MaLR	377	+	212	89500643	73891
chr11	89426752	89626752	harbor2	chr11	89500891	89502191	LTR/ERVL-MaLR	1557	+	650	89501541	74789
chr11	89426752	89626752	harbor2	chr11	89513923	89514091	LTR/ERVL-MaLR	891	+	84	89514007	87255
chr11	89426752	89626752	harbor2	chr11	89526473	89526831	LTR/ERVL-MaLR	2027	+	179	89526652	99900
chr11	50026457	50226457	harbor2	chr11	50026380	50027989	LTR/ERVL-MaLR	9907	+	804	50027184	727
chr11	50026457	50226457	harbor2	chr11	50027999	50028368	LTR/ERVL-MaLR	1744	+	184	50028183	1726
chr11	50026457	50226457	harbor2	chr11	50096736	50096844	LTR/ERVL-MaLR	702	+	54	50096790	70333
chr11	104576591	104776591	harbor2	chr11	104578169	104578529	LTR/ERVL-MaLR	2120	+	180	104578349	1758
chr11	104576591	104776591	harbor2	chr11	104634204	104634718	LTR/ERVL-MaLR	1626	+	257	104634461	57870
chr11	104576591	104776591	harbor2	chr11	104664537	104664848	LTR/ERVL-MaLR	1120	+	156	104664693	88102
chr11	134687844	134887844	harbor2	chr11	134701252	134701604	LTR/ERVL-MaLR	1208	+	176	134701428	13584
chr11	134687844	134887844	harbor2	chr11	134761063	134761270	LTR/ERVL-MaLR	780	+	104	134761167	73323
chr11	134687844	134887844	harbor2	chr11	134776458	134776861	LTR/ERVL-MaLR	1450	+	202	134776660	88816
chr11	133320641	133520641	harbor2	chr11	133371399	133371777	LTR/ERVL-MaLR	2359	+	189	133371588	50947
chr11	133320641	133520641	harbor2	chr11	133384962	133385413	LTR/ERVL-MaLR	851	+	226	133385188	64547
chr11	133320641	133520641	harbor2	chr11	133415598	133416146	LTR/ERVL-MaLR	1369	+	274	133415872	95231
chr11	122555078	122755078	harbor2	chr11	122583701	122584051	LTR/ERVL-MaLR	2326	+	175	122583876	28798
chr11	122555078	122755078	harbor2	chr11	122594480	122594635	LTR/ERVL-MaLR	1669	+	78	122594558	39480
chr11	122555078	122755078	harbor2	chr11	122594939	122595141	LTR/ERVL-MaLR	1669	+	101	122595040	39962
chr11	122555078	122755078	harbor2	chr11	122648289	122648370	LTR/ERVL-MaLR	1215	+	40	122648329	93251
chr11	122555078	122755078	harbor2	chr11	122648679	122648848	LTR/ERVL-MaLR	1215	+	84	122648763	93685
chr11	122555078	122755078	harbor2	chr11	122649138	122649398	LTR/ERVL-MaLR	1215	+	130	122649268	94190
chr11	130939077	131139077	harbor2	chr11	131001408	131001852	LTR/ERVL-MaLR	1256	+	222	131001630	62553
chr11	130939077	131139077	harbor2	chr11	131020886	131021212	LTR/ERVL-MaLR	1711	+	163	131021049	81972
chr11	130939077	131139077	harbor2	chr11	131034057	131034636	LTR/ERVL-MaLR	1549	+	290	131034347	95270
chr11	96932710	97132710	harbor2	chr11	96996841	96997195	LTR/ERVL-MaLR	1596	+	177	96997018	64308
chr11	96932710	97132710	harbor2	chr11	97003461	97003951	LTR/ERVL-MaLR	1865	+	245	97003706	70996
chr11	85107485	85307485	harbor2	chr11	85138543	85138893	LTR/ERVL-MaLR	2454	+	175	85138718	31233
chr11	85107485	85307485	harbor2	chr11	85205948	85206347	LTR/ERVL-MaLR	2363	+	200	85206148	98663
chr11	129224657	129424657	harbor2	chr11	129234933	129235130	LTR/ERVL-MaLR	490	+	98	129235031	10374
chr11	129224657	129424657	harbor2	chr11	129305164	129305217	LTR/ERVL-MaLR	1111	+	26	129305190	80533
chr11	129224657	129424657	harbor2	chr11	129305525	129305956	LTR/ERVL-MaLR	1111	+	216	129305741	81084
chr11	129224657	129424657	harbor2	chr11	129317909	129318249	LTR/ERVL-MaLR	1698	+	170	129318079	93422
chr11	115763104	115963104	harbor2	chr11	115763075	115763424	LTR/ERVL-MaLR	664	+	174	115763249	145
chr11	115763104	115963104	harbor2	chr11	115782196	115782707	LTR/ERVL-MaLR	1947	+	256	115782452	19348
chr11	115763104	115963104	harbor2	chr11	115788479	115788964	LTR/ERVL-MaLR	2198	+	242	115788721	25617
chr11	115763104	115963104	harbor2	chr11	115845953	115846298	LTR/ERVL-MaLR	698	+	172	115846125	83021
chr11	104219399	104419399	harbor2	chr11	104278997	104279154	LTR/ERVL-MaLR	1113	+	78	104279075	59676
chr11	104219399	104419399	harbor2	chr11	104279155	104279514	LTR/ERVL-MaLR	2064	+	180	104279335	59936
chr11	104219399	104419399	harbor2	chr11	104307900	104308319	LTR/ERVL-MaLR	1046	+	210	104308110	88711
chr11	133691837	133891837	harbor2	chr11	133700082	133700482	LTR/ERVL-MaLR	2500	+	200	133700282	8445
chr11	133691837	133891837	harbor2	chr11	133703981	133704402	LTR/ERVL-MaLR	588	+	210	133704191	12354
chr11	133691837	133891837	harbor2	chr11	133735692	133735824	LTR/ERVL-MaLR	415	+	66	133735758	43921
chr11	133691837	133891837	harbor2	chr11	133735861	133736020	LTR/ERVL-MaLR	444	+	80	133735941	44104
chr11	133691837	133891837	harbor2	chr11	133736023	133736184	LTR/ERVL-MaLR	437	+	80	133736103	44266
chr11	133691837	133891837	harbor2	chr11	133737079	133737213	LTR/ERVL-MaLR	413	+	67	133737146	45309
chr11	133691837	133891837	harbor2	chr11	133738067	133738601	LTR/ERVL-MaLR	949	+	267	133738334	46497
chr11	133691837	133891837	harbor2	chr11	133739381	133739605	LTR/ERVL-MaLR	387	+	112	133739493	47656
chr11	133691837	133891837	harbor2	chr11	133739616	133739775	LTR/ERVL-MaLR	768	+	80	133739696	47859
chr11	133691837	133891837	harbor2	chr11	133740584	133740790	LTR/ERVL-MaLR	636	+	103	133740687	48850
chr11	133691837	133891837	harbor2	chr11	133743103	133743448	LTR/ERVL-MaLR	1623	+	172	133743275	51438
chr11	133691837	133891837	harbor2	chr11	133743456	133743851	LTR/ERVL-MaLR	3751	+	198	133743654	51817
chr11	133691837	133891837	harbor2	chr11	133744123	133744693	LTR/ERVL-MaLR	3751	+	285	133744408	52571
chr11	133691837	133891837	harbor2	chr11	133771422	133771801	LTR/ERVL-MaLR	2394	+	190	133771612	79775
chr11	133691837	133891837	harbor2	chr11	133784010	133784444	LTR/ERVL-MaLR	1025	+	217	133784227	92390
chr11	128358885	128558885	harbor2	chr11	128435428	128435705	LTR/ERVL-MaLR	392	+	138	128435566	76681
chr11	128358885	128558885	harbor2	chr11	128441320	128441507	LTR/ERVL-MaLR	2021	+	94	128441414	82529
chr11	128358885	128558885	harbor2	chr11	128441545	128441747	LTR/ERVL-MaLR	2021	+	101	128441646	82761
chr11	72791212	72991212	harbor2	chr11	72801469	72801833	LTR/ERVL-MaLR	2186	+	182	72801651	10439
chr11	72791212	72991212	harbor2	chr11	72808819	72808843	LTR/ERVL-MaLR	487	+	12	72808831	17619
chr11	72791212	72991212	harbor2	chr11	72809154	72809554	LTR/ERVL-MaLR	875	+	200	72809354	18142
chr11	72791212	72991212	harbor2	chr11	72876349	72876444	LTR/ERVL-MaLR	1104	+	48	72876397	85185
chr11	72791212	72991212	harbor2	chr11	72887777	72887942	LTR/ERVL-MaLR	510	+	82	72887859	96647
chr11	72791212	72991212	harbor2	chr11	72875690	72876037	LTR/ERVL-MaLR	1104	+	174	72875864	84652
chr11	130078647	130278647	harbor2	chr11	130150647	130151135	LTR/ERVL-MaLR	1177	+	244	130150891	72244
chr11	114097142	114297142	harbor2	chr11	114135293	114135755	LTR/ERVL-MaLR	1690	+	231	114135524	38382
chr11	95485116	95685116	harbor2	chr11	95488448	95488837	LTR/ERVL-MaLR	1497	+	194	95488642	3526
chr11	95485116	95685116	harbor2	chr11	95531050	95531476	LTR/ERVL-MaLR	2374	+	213	95531263	46147
chr11	95485116	95685116	harbor2	chr11	95550923	95551282	LTR/ERVL-MaLR	1808	+	180	95551103	65987
chr11	95485116	95685116	harbor2	chr11	95560381	95560807	LTR/ERVL-MaLR	2140	+	213	95560594	75478
chr11	94562424	94762424	harbor2	chr11	94611532	94611933	LTR/ERVL-MaLR	2025	+	200	94611732	49308
chr11	94562424	94762424	harbor2	chr11	94624502	94624900	LTR/ERVL-MaLR	2163	+	199	94624701	62277
chr11	94562424	94762424	harbor2	chr11	94639428	94639623	LTR/ERVL-MaLR	380	+	98	94639526	77102
chr11	94562424	94762424	harbor2	chr11	94640319	94640658	LTR/ERVL-MaLR	549	+	170	94640489	78065
chr11	94562424	94762424	harbor2	chr11	94640689	94640837	LTR/ERVL-MaLR	521	+	74	94640763	78339
chr11	126756558	126956558	harbor2	chr11	126762371	126762653	LTR/ERVL-MaLR	625	+	141	126762512	5954
chr11	126756558	126956558	harbor2	chr11	126821556	126822064	LTR/ERVL-MaLR	1880	+	254	126821810	65252
chr11	126756558	126956558	harbor2	chr11	126855154	126855542	LTR/ERVL-MaLR	2089	+	194	126855348	98790
chr11	25046314	25246314	harbor2	chr11	25095298	25095675	LTR/ERVL-MaLR	2066	+	188	25095486	49172
chr11	25046314	25246314	harbor2	chr11	25098263	25098354	LTR/ERVL-MaLR	597	+	46	25098309	51995
chr11	25046314	25246314	harbor2	chr11	25103300	25103675	LTR/ERVL-MaLR	1672	+	188	25103488	57174
chr11	25046314	25246314	harbor2	chr11	25135377	25135733	LTR/ERVL-MaLR	2178	+	178	25135555	89241
chr11	25046314	25246314	harbor2	chr11	25135734	25135984	LTR/ERVL-MaLR	1600	+	125	25135859	89545
chr11	101525974	101725974	harbor2	chr11	101538474	101539119	LTR/ERVL-MaLR	2867	+	322	101538796	12822
chr11	101525974	101725974	harbor2	chr11	101592741	101593095	LTR/ERVL-MaLR	2438	+	177	101592918	66944
chr11	101525974	101725974	harbor2	chr11	101599635	101599792	LTR/ERVL-MaLR	398	+	78	101599713	73739
chr11	103600260	103800260	harbor2	chr11	103610151	103610564	LTR/ERVL-MaLR	2603	+	206	103610357	10097
chr11	103600260	103800260	harbor2	chr11	103641728	103642192	LTR/ERVL-MaLR	893	+	232	103641960	41700
chr11	103600260	103800260	harbor2	chr11	103664815	103665002	LTR/ERVL-MaLR	1171	+	94	103664909	64649
chr11	103600260	103800260	harbor2	chr11	103697443	103697802	LTR/ERVL-MaLR	2324	+	180	103697623	97363
chr11	126600636	126800636	harbor2	chr11	126617916	126618420	LTR/ERVL-MaLR	1981	+	252	126618168	17532
chr11	126600636	126800636	harbor2	chr11	126618725	126618770	LTR/ERVL-MaLR	1981	+	22	126618747	18111
chr11	126600636	126800636	harbor2	chr11	126633136	126633203	LTR/ERVL-MaLR	1110	+	34	126633170	32534
chr11	126600636	126800636	harbor2	chr11	126633363	126633753	LTR/ERVL-MaLR	2099	+	195	126633558	32922
chr11	126600636	126800636	harbor2	chr11	126647943	126648306	LTR/ERVL-MaLR	2004	+	182	126648125	47489
chr11	126600636	126800636	harbor2	chr11	126665401	126665751	LTR/ERVL-MaLR	2065	+	175	126665576	64940
chr11	126600636	126800636	harbor2	chr11	126678977	126679362	LTR/ERVL-MaLR	765	+	192	126679169	78533
chr11	126600636	126800636	harbor2	chr11	126692840	126693128	LTR/ERVL-MaLR	1085	+	144	126692984	92348
chr11	130471575	130671575	harbor2	chr11	130506094	130506474	LTR/ERVL-MaLR	1991	+	190	130506284	34709
chr11	130471575	130671575	harbor2	chr11	130506475	130508079	LTR/ERVL-MaLR	11986	+	802	130507277	35702
chr11	130471575	130671575	harbor2	chr11	130508085	130508478	LTR/ERVL-MaLR	1753	+	196	130508281	36706
chr11	130471575	130671575	harbor2	chr11	130508580	130508957	LTR/ERVL-MaLR	2576	+	188	130508768	37193
chr11	130471575	130671575	harbor2	chr11	130532438	130532557	LTR/ERVL-MaLR	711	+	60	130532498	60923
chr11	130471575	130671575	harbor2	chr11	130532558	130532648	LTR/ERVL-MaLR	466	+	45	130532603	61028
chr11	130471575	130671575	harbor2	chr11	130532649	130533015	LTR/ERVL-MaLR	1992	+	183	130532832	61257
chr11	130471575	130671575	harbor2	chr11	130552047	130552390	LTR/ERVL-MaLR	1740	+	172	130552219	80644
chr11	130471575	130671575	harbor2	chr11	130558153	130558533	LTR/ERVL-MaLR	1650	+	190	130558343	86768
chr11	130489213	130689213	harbor2	chr11	130506094	130506474	LTR/ERVL-MaLR	1991	+	190	130506284	17071
chr11	130489213	130689213	harbor2	chr11	130506475	130508079	LTR/ERVL-MaLR	11986	+	802	130507277	18064
chr11	130489213	130689213	harbor2	chr11	130508085	130508478	LTR/ERVL-MaLR	1753	+	196	130508281	19068
chr11	130489213	130689213	harbor2	chr11	130508580	130508957	LTR/ERVL-MaLR	2576	+	188	130508768	19555
chr11	130489213	130689213	harbor2	chr11	130532438	130532557	LTR/ERVL-MaLR	711	+	60	130532498	43285
chr11	130489213	130689213	harbor2	chr11	130532558	130532648	LTR/ERVL-MaLR	466	+	45	130532603	43390
chr11	130489213	130689213	harbor2	chr11	130532649	130533015	LTR/ERVL-MaLR	1992	+	183	130532832	43619
chr11	130489213	130689213	harbor2	chr11	130552047	130552390	LTR/ERVL-MaLR	1740	+	172	130552219	63006
chr11	130489213	130689213	harbor2	chr11	130558153	130558533	LTR/ERVL-MaLR	1650	+	190	130558343	69130
chr11	67664312	67864312	harbor2	chr11	67687587	67687751	LTR/ERVL-MaLR	1570	+	82	67687669	23357
chr11	67664312	67864312	harbor2	chr11	67688064	67688081	LTR/ERVL-MaLR	1570	+	8	67688072	23760
chr11	67664312	67864312	harbor2	chr11	67688131	67688315	LTR/ERVL-MaLR	1570	+	92	67688223	23911
chr11	67664312	67864312	harbor2	chr11	67697815	67698123	LTR/ERVL-MaLR	1179	+	154	67697969	33657
chr11	67664312	67864312	harbor2	chr11	67747203	67747477	LTR/ERVL-MaLR	916	+	137	67747340	83028
chr11	67664312	67864312	harbor2	chr11	67747883	67748244	LTR/ERVL-MaLR	2680	+	180	67748063	83751
chr11	67664312	67864312	harbor2	chr11	67757846	67757888	LTR/ERVL-MaLR	1285	+	21	67757867	93555
chr11	67664312	67864312	harbor2	chr11	67758850	67759231	LTR/ERVL-MaLR	1285	+	190	67759040	94728
chr11	116169971	116369971	harbor2	chr11	116179826	116179977	LTR/ERVL-MaLR	1745	+	76	116179902	9931
chr11	116169971	116369971	harbor2	chr11	116179978	116180348	LTR/ERVL-MaLR	1547	+	185	116180163	10192
chr11	116169971	116369971	harbor2	chr11	116180349	116180615	LTR/ERVL-MaLR	1745	+	133	116180482	10511
chr11	116169971	116369971	harbor2	chr11	116187236	116187642	LTR/ERVL-MaLR	1096	+	203	116187439	17468
chr11	116169971	116369971	harbor2	chr11	116220297	116220661	LTR/ERVL-MaLR	2101	+	182	116220479	50508
chr11	116169971	116369971	harbor2	chr11	116242386	116242842	LTR/ERVL-MaLR	1219	+	228	116242614	72643
chr11	116169971	116369971	harbor2	chr11	116248927	116249444	LTR/ERVL-MaLR	1153	+	258	116249185	79214
chr11	75456332	75656332	harbor2	chr11	75484408	75484528	LTR/ERVL-MaLR	387	+	60	75484468	28136
chr11	75456332	75656332	harbor2	chr11	75502522	75503019	LTR/ERVL-MaLR	725	+	248	75502770	46438
chr11	75456332	75656332	harbor2	chr11	75503321	75503388	LTR/ERVL-MaLR	725	+	34	75503355	47023
chr11	75456332	75656332	harbor2	chr11	75541393	75541711	LTR/ERVL-MaLR	698	+	159	75541552	85220
chr11	75456332	75656332	harbor2	chr11	75549278	75549754	LTR/ERVL-MaLR	2127	+	238	75549516	93184
chr11	111194744	111394744	harbor2	chr11	111195636	111196085	LTR/ERVL-MaLR	1887	+	224	111195860	1116
chr11	111194744	111394744	harbor2	chr11	111199220	111199733	LTR/ERVL-MaLR	2873	+	256	111199476	4732
chr11	111194744	111394744	harbor2	chr11	111204284	111204651	LTR/ERVL-MaLR	1773	+	184	111204468	9724
chr11	111194744	111394744	harbor2	chr11	111226728	111226865	LTR/ERVL-MaLR	656	+	68	111226796	32052
chr11	111194744	111394744	harbor2	chr11	111260351	111260812	LTR/ERVL-MaLR	1043	+	230	111260581	65837
chr11	111194744	111394744	harbor2	chr11	111278388	111278544	LTR/ERVL-MaLR	1391	+	78	111278466	83722
chr11	111194744	111394744	harbor2	chr11	111278589	111278743	LTR/ERVL-MaLR	1391	+	77	111278666	83922
chr11	125925704	126125704	harbor2	chr11	125939848	125940231	LTR/ERVL-MaLR	2279	+	192	125940040	14336
chr11	125925704	126125704	harbor2	chr11	125998235	125998638	LTR/ERVL-MaLR	2435	+	202	125998437	72733
chr11	23274216	23474216	harbor2	chr11	23283747	23284302	LTR/ERVL-MaLR	1876	+	278	23284025	9809
chr11	23274216	23474216	harbor2	chr11	23304432	23304566	LTR/ERVL-MaLR	392	+	67	23304499	30283
chr11	23274216	23474216	harbor2	chr11	23340908	23341083	LTR/ERVL-MaLR	763	+	88	23340996	66780
chr11	23274216	23474216	harbor2	chr11	23341060	23341246	LTR/ERVL-MaLR	872	+	93	23341153	66937
chr11	23274216	23474216	harbor2	chr11	23341318	23341508	LTR/ERVL-MaLR	422	+	95	23341413	67197
chr11	23274216	23474216	harbor2	chr11	23350515	23350885	LTR/ERVL-MaLR	1590	+	185	23350700	76484
chr11	23274216	23474216	harbor2	chr11	23350889	23352051	LTR/ERVL-MaLR	4339	+	581	23351470	77254
chr11	23274216	23474216	harbor2	chr11	23352044	23352724	LTR/ERVL-MaLR	2789	+	340	23352384	78168
chr11	23274216	23474216	harbor2	chr11	23352713	23353078	LTR/ERVL-MaLR	1840	+	182	23352895	78679
chr11	113508218	113708218	harbor2	chr11	113529663	113530150	LTR/ERVL-MaLR	1977	+	244	113529907	21689
chr11	113508218	113708218	harbor2	chr11	113559500	113559741	LTR/ERVL-MaLR	852	+	120	113559620	51402
chr11	113508218	113708218	harbor2	chr11	113559739	113559878	LTR/ERVL-MaLR	678	+	70	113559809	51591
chr11	113508218	113708218	harbor2	chr11	113586827	113587049	LTR/ERVL-MaLR	1210	+	111	113586938	78720
chr11	113508218	113708218	harbor2	chr11	113594035	113594131	LTR/ERVL-MaLR	391	+	48	113594083	85865
chr11	113508218	113708218	harbor2	chr11	113598725	113599193	LTR/ERVL-MaLR	1795	+	234	113598959	90741
chr11	102412967	102612967	harbor2	chr11	102423212	102423688	LTR/ERVL-MaLR	1794	+	238	102423450	10483
chr11	102412967	102612967	harbor2	chr11	102431731	102432078	LTR/ERVL-MaLR	2146	+	174	102431905	18938
chr11	102412967	102612967	harbor2	chr11	102433667	102434019	LTR/ERVL-MaLR	2243	+	176	102433843	20876
chr11	102412967	102612967	harbor2	chr11	102450238	102450387	LTR/ERVL-MaLR	545	+	74	102450312	37345
chr11	102412967	102612967	harbor2	chr11	102454284	102454366	LTR/ERVL-MaLR	1542	+	41	102454325	41358
chr11	102412967	102612967	harbor2	chr11	102454676	102454964	LTR/ERVL-MaLR	1542	+	144	102454820	41853
chr11	102412967	102612967	harbor2	chr11	102456380	102456833	LTR/ERVL-MaLR	753	+	226	102456606	43639
chr11	102412967	102612967	harbor2	chr11	102495598	102496037	LTR/ERVL-MaLR	1360	+	220	102495818	82851
chr11	102412967	102612967	harbor2	chr11	102509190	102509585	LTR/ERVL-MaLR	2078	+	198	102509388	96421
chr11	102412967	102612967	harbor2	chr11	102509882	102509958	LTR/ERVL-MaLR	2078	+	38	102509920	96953
chr11	102412967	102612967	harbor2	chr11	102432082	102433664	LTR/ERVL-MaLR	11020	+	791	102432873	19906
chr11	116627019	116827019	harbor2	chr11	116645615	116646191	LTR/ERVL-MaLR	2339	+	288	116645903	18884
chr11	116627019	116827019	harbor2	chr11	116654917	116655237	LTR/ERVL-MaLR	384	+	160	116655077	28058
chr11	116627019	116827019	harbor2	chr11	116679186	116679595	LTR/ERVL-MaLR	2368	+	204	116679390	52371
chr11	116627019	116827019	harbor2	chr11	116688566	116688698	LTR/ERVL-MaLR	732	+	66	116688632	61613
chr11	116627019	116827019	harbor2	chr11	116688990	116689192	LTR/ERVL-MaLR	732	+	101	116689091	62072
chr11	116627019	116827019	harbor2	chr11	116689308	116689490	LTR/ERVL-MaLR	574	+	91	116689399	62380
chr11	116627019	116827019	harbor2	chr11	116712724	116712967	LTR/ERVL-MaLR	2887	+	122	116712846	85827
chr11	116627019	116827019	harbor2	chr11	116713277	116713666	LTR/ERVL-MaLR	2887	+	194	116713471	86452
chr11	133417051	133617051	harbor2	chr11	133421787	133421949	LTR/ERVL-MaLR	685	+	81	133421868	4817
chr11	133417051	133617051	harbor2	chr11	133423676	133424083	LTR/ERVL-MaLR	2176	+	204	133423880	6829
chr11	133417051	133617051	harbor2	chr11	133449876	133450117	LTR/ERVL-MaLR	499	+	120	133449996	32945
chr11	36611572	36811572	harbor2	chr11	36624257	36624677	LTR/ERVL-MaLR	879	+	210	36624467	12895
chr11	36611572	36811572	harbor2	chr11	36624678	36624971	LTR/ERVL-MaLR	776	+	146	36624824	13252
chr11	36611572	36811572	harbor2	chr11	36711226	36711697	LTR/ERVL-MaLR	723	+	236	36711462	99890
chr11	36611572	36811572	harbor2	chr11	36618115	36618300	LTR/ERVL-MaLR	993	+	92	36618207	6635
chr11	130280572	130480572	harbor2	chr11	130289981	130290431	LTR/ERVL-MaLR	1364	+	225	130290206	9634
chr11	130280572	130480572	harbor2	chr11	130297460	130297840	LTR/ERVL-MaLR	1200	+	190	130297650	17078
chr11	130280572	130480572	harbor2	chr11	130357661	130358018	LTR/ERVL-MaLR	1276	+	178	130357839	77267
chr11	134616501	134816501	harbor2	chr11	134616193	134616600	LTR/ERVL-MaLR	1872	+	204	134616397	104
chr11	134616501	134816501	harbor2	chr11	134616605	134618258	LTR/ERVL-MaLR	4803	+	826	134617431	930
chr11	134616501	134816501	harbor2	chr11	134618262	134618333	LTR/ERVL-MaLR	384	+	36	134618298	1797
chr11	134616501	134816501	harbor2	chr11	134648814	134649045	LTR/ERVL-MaLR	863	+	116	134648930	32429
chr11	134616501	134816501	harbor2	chr11	134667014	134667382	LTR/ERVL-MaLR	1223	+	184	134667198	50697
chr11	134616501	134816501	harbor2	chr11	134687261	134687442	LTR/ERVL-MaLR	725	+	90	134687351	70850
chr11	134616501	134816501	harbor2	chr11	134701252	134701604	LTR/ERVL-MaLR	1208	+	176	134701428	84927
chr11	134616501	134816501	harbor2	chr11	134659999	134660394	LTR/ERVL-MaLR	2225	+	198	134660197	43696
chr11	76323871	76523871	harbor2	chr11	76334311	76334413	LTR/ERVL-MaLR	788	+	51	76334362	10491
chr11	76323871	76523871	harbor2	chr11	76334414	76335853	LTR/ERVL-MaLR	9351	+	720	76335134	11263
chr11	76323871	76523871	harbor2	chr11	76335854	76336249	LTR/ERVL-MaLR	2128	+	198	76336052	12181
chr11	76323871	76523871	harbor2	chr11	76348858	76349256	LTR/ERVL-MaLR	833	+	199	76349057	25186
chr11	76323871	76523871	harbor2	chr11	76374779	76375088	LTR/ERVL-MaLR	1259	+	154	76374933	51062
chr11	76323871	76523871	harbor2	chr11	76420558	76421122	LTR/ERVL-MaLR	1769	+	282	76420840	96969
chr11	122637951	122837951	harbor2	chr11	122648289	122648370	LTR/ERVL-MaLR	1215	+	40	122648329	10378
chr11	122637951	122837951	harbor2	chr11	122648679	122648848	LTR/ERVL-MaLR	1215	+	84	122648763	10812
chr11	122637951	122837951	harbor2	chr11	122649138	122649398	LTR/ERVL-MaLR	1215	+	130	122649268	11317
chr11	134931997	135131997	harbor2	chr11	134933241	134933615	LTR/ERVL-MaLR	2098	+	187	134933428	1431
chr11	134931997	135131997	harbor2	chr11	134959508	134959888	LTR/ERVL-MaLR	1639	+	190	134959698	27701
chr11	134931997	135131997	harbor2	chr11	134959907	134960260	LTR/ERVL-MaLR	1794	+	176	134960083	28086
chr11	134931997	135131997	harbor2	chr11	134992422	134992643	LTR/ERVL-MaLR	454	+	110	134992532	60535
chr11	134931997	135131997	harbor2	chr11	134993230	134993427	LTR/ERVL-MaLR	580	+	98	134993328	61331
chr11	134931997	135131997	harbor2	chr11	134996636	134996999	LTR/ERVL-MaLR	2057	+	182	134996818	64821
chr11	69199813	69399813	harbor2	chr11	69213087	69213430	LTR/ERVL-MaLR	1079	+	172	69213259	13446
chr11	69199813	69399813	harbor2	chr11	69213794	69213901	LTR/ERVL-MaLR	1079	+	54	69213848	14035
chr11	69199813	69399813	harbor2	chr11	69232325	69232765	LTR/ERVL-MaLR	1636	+	220	69232545	32732
chr11	69199813	69399813	harbor2	chr11	69243775	69244264	LTR/ERVL-MaLR	1525	+	244	69244019	44206
chr11	69199813	69399813	harbor2	chr11	69244719	69245087	LTR/ERVL-MaLR	2148	+	184	69244903	45090
chr11	69199813	69399813	harbor2	chr11	69256602	69257064	LTR/ERVL-MaLR	1229	+	231	69256833	57020
chr11	69199813	69399813	harbor2	chr11	69257458	69257633	LTR/ERVL-MaLR	1005	+	88	69257546	57733
chr11	69199813	69399813	harbor2	chr11	69281937	69282445	LTR/ERVL-MaLR	2276	+	254	69282191	82378
chr11	125946090	126146090	harbor2	chr11	125998235	125998638	LTR/ERVL-MaLR	2435	+	202	125998437	52347
chr11	115500745	115700745	harbor2	chr11	115508148	115508525	LTR/ERVL-MaLR	1352	+	188	115508336	7591
chr11	115500745	115700745	harbor2	chr11	115514939	115515442	LTR/ERVL-MaLR	1751	+	252	115515191	14446
chr11	115500745	115700745	harbor2	chr11	115597043	115597535	LTR/ERVL-MaLR	2126	+	246	115597289	96544
chr11	115500745	115700745	harbor2	chr11	115599999	115600389	LTR/ERVL-MaLR	2482	+	195	115600194	99449
chr11	115500745	115700745	harbor2	chr11	115600405	115600717	LTR/ERVL-MaLR	647	+	156	115600561	99816
chr11	82367958	82567958	harbor2	chr11	82388164	82388498	LTR/ERVL-MaLR	2175	+	167	82388331	20373
chr11	82367958	82567958	harbor2	chr11	82392224	82392450	LTR/ERVL-MaLR	1893	+	113	82392337	24379
chr11	82367958	82567958	harbor2	chr11	82392760	82393039	LTR/ERVL-MaLR	1893	+	140	82392900	24942
chr11	82367958	82567958	harbor2	chr11	82394701	82395107	LTR/ERVL-MaLR	2235	+	203	82394904	26946
chr11	82367958	82567958	harbor2	chr11	82431897	82432384	LTR/ERVL-MaLR	1738	+	244	82432141	64183
chr11	122268206	122468206	harbor2	chr11	122328869	122329272	LTR/ERVL-MaLR	1325	+	202	122329071	60865
chr11	90302240	90502240	harbor2	chr11	90328428	90328776	LTR/ERVL-MaLR	1686	+	174	90328602	26362
chr11	90302240	90502240	harbor2	chr11	90333798	90334242	LTR/ERVL-MaLR	1398	+	222	90334020	31780
chr11	90302240	90502240	harbor2	chr11	90368161	90368348	LTR/ERVL-MaLR	473	+	94	90368255	66015
chr11	90302240	90502240	harbor2	chr11	90368652	90368843	LTR/ERVL-MaLR	473	+	96	90368748	66508
chr11	90302240	90502240	harbor2	chr11	90386119	90386315	LTR/ERVL-MaLR	820	+	98	90386217	83977
chr11	97093032	97293032	harbor2	chr11	97103485	97103821	LTR/ERVL-MaLR	1402	+	168	97103653	10621
chr11	97093032	97293032	harbor2	chr11	97123228	97123631	LTR/ERVL-MaLR	1760	+	202	97123430	30398
chr11	97093032	97293032	harbor2	chr11	97180014	97180373	LTR/ERVL-MaLR	2126	+	180	97180194	87162
chr11	130437790	130637790	harbor2	chr11	130506094	130506474	LTR/ERVL-MaLR	1991	+	190	130506284	68494
chr11	130437790	130637790	harbor2	chr11	130506475	130508079	LTR/ERVL-MaLR	11986	+	802	130507277	69487
chr11	130437790	130637790	harbor2	chr11	130508085	130508478	LTR/ERVL-MaLR	1753	+	196	130508281	70491
chr11	130437790	130637790	harbor2	chr11	130508580	130508957	LTR/ERVL-MaLR	2576	+	188	130508768	70978
chr11	130437790	130637790	harbor2	chr11	130532438	130532557	LTR/ERVL-MaLR	711	+	60	130532498	94708
chr11	130437790	130637790	harbor2	chr11	130532558	130532648	LTR/ERVL-MaLR	466	+	45	130532603	94813
chr11	130437790	130637790	harbor2	chr11	130532649	130533015	LTR/ERVL-MaLR	1992	+	183	130532832	95042
chr11	39943085	40143085	harbor2	chr11	39951175	39951558	LTR/ERVL-MaLR	1968	+	192	39951367	8282
chr11	39943085	40143085	harbor2	chr11	39983294	39983646	LTR/ERVL-MaLR	1735	+	176	39983470	40385
chr11	39943085	40143085	harbor2	chr11	39983951	39983988	LTR/ERVL-MaLR	1735	+	18	39983969	40884
chr11	39943085	40143085	harbor2	chr11	39990210	39990246	LTR/ERVL-MaLR	9199	+	18	39990228	47143
chr11	39943085	40143085	harbor2	chr11	39990949	39991376	LTR/ERVL-MaLR	9199	+	214	39991163	48078
chr11	39943085	40143085	harbor2	chr11	39991686	39992842	LTR/ERVL-MaLR	9199	+	578	39992264	49179
chr11	39943085	40143085	harbor2	chr11	39992843	39993250	LTR/ERVL-MaLR	2100	+	204	39993047	49962
chr11	39943085	40143085	harbor2	chr11	39996011	39996130	LTR/ERVL-MaLR	1391	+	60	39996071	52986
chr11	39943085	40143085	harbor2	chr11	39996131	39996499	LTR/ERVL-MaLR	1498	+	184	39996315	53230
chr11	39943085	40143085	harbor2	chr11	39996500	39996923	LTR/ERVL-MaLR	1391	+	212	39996712	53627
chr11	39943085	40143085	harbor2	chr11	39998557	39998693	LTR/ERVL-MaLR	717	+	68	39998625	55540
chr11	39943085	40143085	harbor2	chr11	40000741	40001089	LTR/ERVL-MaLR	1390	+	174	40000915	57830
chr11	39943085	40143085	harbor2	chr11	40017673	40017990	LTR/ERVL-MaLR	1817	+	158	40017831	74746
chr11	59501102	59701102	harbor2	chr11	59540772	59540952	LTR/ERVL-MaLR	1093	+	90	59540862	39760
chr11	59501102	59701102	harbor2	chr11	59546097	59546385	LTR/ERVL-MaLR	1055	+	144	59546241	45139
chr11	59501102	59701102	harbor2	chr11	59568013	59568490	LTR/ERVL-MaLR	1781	+	238	59568251	67149
chr11	59501102	59701102	harbor2	chr11	59598413	59598601	LTR/ERVL-MaLR	1091	+	94	59598507	97405
chr11	59501102	59701102	harbor2	chr11	59598890	59599091	LTR/ERVL-MaLR	1091	+	100	59598990	97888
chr11	129036300	129236300	harbor2	chr11	129057463	129057545	LTR/ERVL-MaLR	1833	+	41	129057504	21204
chr11	129036300	129236300	harbor2	chr11	129057776	129058083	LTR/ERVL-MaLR	1833	+	154	129057930	21630
chr11	129036300	129236300	harbor2	chr11	129065268	129065657	LTR/ERVL-MaLR	468	+	194	129065462	29162
chr11	129036300	129236300	harbor2	chr11	129134648	129135006	LTR/ERVL-MaLR	1783	+	179	129134827	98527
chr11	133309979	133509979	harbor2	chr11	133313399	133313887	LTR/ERVL-MaLR	1803	+	244	133313643	3664
chr11	133309979	133509979	harbor2	chr11	133371399	133371777	LTR/ERVL-MaLR	2359	+	189	133371588	61609
chr11	133309979	133509979	harbor2	chr11	133384962	133385413	LTR/ERVL-MaLR	851	+	226	133385188	75209
chr11	117695936	117895936	harbor2	chr11	117729735	117729918	LTR/ERVL-MaLR	2442	+	92	117729827	33891
chr11	117695936	117895936	harbor2	chr11	117730206	117730530	LTR/ERVL-MaLR	2442	+	162	117730368	34432
chr11	117695936	117895936	harbor2	chr11	117741197	117741538	LTR/ERVL-MaLR	1149	+	170	117741367	45431
chr11	126733061	126933061	harbor2	chr11	126762371	126762653	LTR/ERVL-MaLR	625	+	141	126762512	29451
chr11	126733061	126933061	harbor2	chr11	126821556	126822064	LTR/ERVL-MaLR	1880	+	254	126821810	88749
chr11	110259290	110459290	harbor2	chr11	110275210	110275329	LTR/ERVL-MaLR	496	+	60	110275270	15980
chr11	110259290	110459290	harbor2	chr11	110275358	110275512	LTR/ERVL-MaLR	840	+	77	110275435	16145
chr11	110259290	110459290	harbor2	chr11	110291422	110291545	LTR/ERVL-MaLR	475	+	62	110291484	32194
chr11	110259290	110459290	harbor2	chr11	110291734	110291846	LTR/ERVL-MaLR	381	+	56	110291790	32500
chr11	110259290	110459290	harbor2	chr11	110292492	110292561	LTR/ERVL-MaLR	381	+	34	110292526	33236
chr11	110259290	110459290	harbor2	chr11	110307625	110307764	LTR/ERVL-MaLR	909	+	70	110307695	48405
chr11	110259290	110459290	harbor2	chr11	110307765	110308099	LTR/ERVL-MaLR	1472	+	167	110307932	48642
chr11	110259290	110459290	harbor2	chr11	110308106	110308508	LTR/ERVL-MaLR	1895	+	201	110308307	49017
chr11	110259290	110459290	harbor2	chr11	110343859	110344212	LTR/ERVL-MaLR	2336	+	176	110344035	84745
chr11	103890630	104090630	harbor2	chr11	103900225	103900573	LTR/ERVL-MaLR	2029	+	174	103900399	9769
chr11	103890630	104090630	harbor2	chr11	103964061	103964391	LTR/ERVL-MaLR	951	+	165	103964226	73596
chr11	103890630	104090630	harbor2	chr11	103980643	103980985	LTR/ERVL-MaLR	1167	+	171	103980814	90184
chr11	103890630	104090630	harbor2	chr11	103981014	103981429	LTR/ERVL-MaLR	1769	+	208	103981222	90592
chr11	123814436	124014436	harbor2	chr11	123838298	123838505	LTR/ERVL-MaLR	777	+	104	123838402	23966
chr11	123814436	124014436	harbor2	chr11	123852295	123852567	LTR/ERVL-MaLR	1350	+	136	123852431	37995
chr11	123814436	124014436	harbor2	chr11	123852623	123854148	LTR/ERVL-MaLR	7324	+	762	123853385	38949
chr11	55856429	56056429	harbor2	chr11	55951015	55951371	LTR/ERVL-MaLR	2328	+	178	55951193	94764
chr11	132348085	132548085	harbor2	chr11	132361077	132361519	LTR/ERVL-MaLR	605	+	221	132361298	13213
chr11	132348085	132548085	harbor2	chr11	132392910	132393269	LTR/ERVL-MaLR	1694	+	180	132393090	45005
chr11	132348085	132548085	harbor2	chr11	132433571	132433965	LTR/ERVL-MaLR	1313	+	197	132433768	85683
chr11	132348085	132548085	harbor2	chr11	132442588	132442925	LTR/ERVL-MaLR	2072	+	168	132442756	94671
chr11	131570265	131770265	harbor2	chr11	131586278	131586726	LTR/ERVL-MaLR	1620	+	224	131586502	16237
chr11	131570265	131770265	harbor2	chr11	131611905	131612385	LTR/ERVL-MaLR	1439	+	240	131612145	41880
chr11	131570265	131770265	harbor2	chr11	131654527	131654935	LTR/ERVL-MaLR	2372	+	204	131654731	84466
chr11	131570265	131770265	harbor2	chr11	131665365	131665712	LTR/ERVL-MaLR	1763	+	174	131665539	95274
chr11	128241785	128441785	harbor2	chr11	128251514	128251870	LTR/ERVL-MaLR	2186	+	178	128251692	9907
chr11	128241785	128441785	harbor2	chr11	128272872	128273245	LTR/ERVL-MaLR	1780	+	186	128273058	31273
chr11	128241785	128441785	harbor2	chr11	128284801	128285310	LTR/ERVL-MaLR	1534	+	254	128285055	43270
chr11	128241785	128441785	harbor2	chr11	128310737	128311154	LTR/ERVL-MaLR	1968	+	208	128310945	69160
chr11	125467299	125667299	harbor2	chr11	125479522	125479878	LTR/ERVL-MaLR	1824	+	178	125479700	12401
chr11	125467299	125667299	harbor2	chr11	125499671	125499815	LTR/ERVL-MaLR	667	+	72	125499743	32444
chr11	125467299	125667299	harbor2	chr11	125500121	125500370	LTR/ERVL-MaLR	919	+	124	125500245	32946
chr11	125467299	125667299	harbor2	chr11	125500372	125500869	LTR/ERVL-MaLR	2723	+	248	125500620	33321
chr11	125467299	125667299	harbor2	chr11	125500906	125501259	LTR/ERVL-MaLR	2010	+	176	125501082	33783
chr11	125467299	125667299	harbor2	chr11	125501971	125502056	LTR/ERVL-MaLR	2010	+	42	125502013	34714
chr11	125467299	125667299	harbor2	chr11	125502058	125502217	LTR/ERVL-MaLR	636	+	80	125502138	34839
chr11	125467299	125667299	harbor2	chr11	125525367	125525729	LTR/ERVL-MaLR	2152	+	181	125525548	58249
chr11	125467299	125667299	harbor2	chr11	125501395	125501657	LTR/ERVL-MaLR	2010	+	131	125501526	34227
chr11	131144361	131344361	harbor2	chr11	131156377	131156854	LTR/ERVL-MaLR	967	+	238	131156615	12254
chr11	131144361	131344361	harbor2	chr11	131157197	131157624	LTR/ERVL-MaLR	2247	+	214	131157411	13050
chr11	131144361	131344361	harbor2	chr11	131239743	131240099	LTR/ERVL-MaLR	2355	+	178	131239921	95560
chr11	106184289	106384289	harbor2	chr11	106198010	106198412	LTR/ERVL-MaLR	2134	+	201	106198211	13922
chr11	106184289	106384289	harbor2	chr11	106203662	106204030	LTR/ERVL-MaLR	1548	+	184	106203846	19557
chr11	106184289	106384289	harbor2	chr11	106204611	106205113	LTR/ERVL-MaLR	617	+	251	106204862	20573
chr11	106184289	106384289	harbor2	chr11	106245609	106246005	LTR/ERVL-MaLR	2343	+	198	106245807	61518
chr11	106184289	106384289	harbor2	chr11	106246007	106247621	LTR/ERVL-MaLR	8773	+	807	106246814	62525
chr11	106184289	106384289	harbor2	chr11	106247628	106248012	LTR/ERVL-MaLR	1935	+	192	106247820	63531
chr11	106184289	106384289	harbor2	chr11	106265980	106266339	LTR/ERVL-MaLR	2231	+	180	106266160	81871
chr11	106184289	106384289	harbor2	chr11	106266861	106267706	LTR/ERVL-MaLR	6035	+	422	106267283	82994
chr11	106184289	106384289	harbor2	chr11	106268022	106268100	LTR/ERVL-MaLR	6035	+	39	106268061	83772
chr11	106184289	106384289	harbor2	chr11	106268101	106268449	LTR/ERVL-MaLR	1802	+	174	106268275	83986
chr11	106184289	106384289	harbor2	chr11	106266342	106266860	LTR/ERVL-MaLR	3517	+	259	106266601	82312
chr11	106184289	106384289	harbor2	chr11	106282952	106283306	LTR/ERVL-MaLR	1713	+	177	106283129	98840
chr11	129947930	130147930	harbor2	chr11	130007597	130007961	LTR/ERVL-MaLR	1222	+	182	130007779	59849
chr11	129947930	130147930	harbor2	chr11	130015848	130016215	LTR/ERVL-MaLR	2118	+	184	130016032	68102
chr11	129947930	130147930	harbor2	chr11	130030618	130030728	LTR/ERVL-MaLR	379	+	55	130030673	82743
chr11	95334600	95534600	harbor2	chr11	95374963	95375107	LTR/ERVL-MaLR	400	+	72	95375035	40435
chr11	103314444	103514444	harbor2	chr11	103348734	103349104	LTR/ERVL-MaLR	2499	+	185	103348919	34475
chr11	103314444	103514444	harbor2	chr11	103361121	103361490	LTR/ERVL-MaLR	2078	+	184	103361305	46861
chr11	103314444	103514444	harbor2	chr11	103374142	103374346	LTR/ERVL-MaLR	1262	+	102	103374244	59800
chr11	103314444	103514444	harbor2	chr11	103374349	103374415	LTR/ERVL-MaLR	455	+	33	103374382	59938
chr11	103314444	103514444	harbor2	chr11	103374416	103375929	LTR/ERVL-MaLR	10051	+	756	103375172	60728
chr11	103314444	103514444	harbor2	chr11	103375930	103376293	LTR/ERVL-MaLR	2086	+	182	103376112	61668
chr11	96855014	97055014	harbor2	chr11	96861709	96862060	LTR/ERVL-MaLR	2141	+	176	96861885	6871
chr11	96855014	97055014	harbor2	chr11	96914921	96915288	LTR/ERVL-MaLR	2150	+	184	96915105	60091
chr11	96855014	97055014	harbor2	chr11	96915289	96916841	LTR/ERVL-MaLR	10723	+	776	96916065	61051
chr11	96855014	97055014	harbor2	chr11	96916844	96917204	LTR/ERVL-MaLR	2268	+	180	96917024	62010
chr11	96855014	97055014	harbor2	chr11	96920568	96920950	LTR/ERVL-MaLR	1034	+	191	96920759	65745
chr11	128412072	128612072	harbor2	chr11	128435428	128435705	LTR/ERVL-MaLR	392	+	138	128435566	23494
chr11	128412072	128612072	harbor2	chr11	128441320	128441507	LTR/ERVL-MaLR	2021	+	94	128441414	29342
chr11	128412072	128612072	harbor2	chr11	128441545	128441747	LTR/ERVL-MaLR	2021	+	101	128441646	29574
chr11	110857651	111057651	harbor2	chr11	110877439	110877658	LTR/ERVL-MaLR	428	+	110	110877549	19898
chr11	110857651	111057651	harbor2	chr11	110889669	110890084	LTR/ERVL-MaLR	728	+	208	110889877	32226
chr11	101883569	102083569	harbor2	chr11	101887138	101887758	LTR/ERVL-MaLR	1992	+	310	101887448	3879
chr11	101883569	102083569	harbor2	chr11	101911063	101911094	LTR/ERVL-MaLR	2134	+	16	101911079	27510
chr11	101883569	102083569	harbor2	chr11	101911424	101911800	LTR/ERVL-MaLR	2134	+	188	101911612	28043
chr11	35095635	35295635	harbor2	chr11	35096819	35097029	LTR/ERVL-MaLR	1228	+	105	35096924	1289
chr11	35095635	35295635	harbor2	chr11	35107875	35108240	LTR/ERVL-MaLR	2363	+	182	35108057	12422
chr11	35095635	35295635	harbor2	chr11	35108293	35108365	LTR/ERVL-MaLR	434	+	36	35108329	12694
chr11	35095635	35295635	harbor2	chr11	35108385	35108752	LTR/ERVL-MaLR	2760	+	184	35108569	12934
chr11	35095635	35295635	harbor2	chr11	35108760	35109659	LTR/ERVL-MaLR	4701	+	450	35109210	13575
chr11	35095635	35295635	harbor2	chr11	35120599	35120957	LTR/ERVL-MaLR	1024	+	179	35120778	25143
chr11	35095635	35295635	harbor2	chr11	35122782	35123115	LTR/ERVL-MaLR	682	+	166	35122948	27313
chr11	35095635	35295635	harbor2	chr11	35129036	35129312	LTR/ERVL-MaLR	1047	+	138	35129174	33539
chr11	35095635	35295635	harbor2	chr11	35130722	35131085	LTR/ERVL-MaLR	525	+	182	35130904	35269
chr11	79010269	79210269	harbor2	chr11	79042316	79042678	LTR/ERVL-MaLR	2164	+	181	79042497	32228
chr11	79010269	79210269	harbor2	chr11	79043442	79043585	LTR/ERVL-MaLR	564	+	72	79043514	33245
chr11	79010269	79210269	harbor2	chr11	79046429	79046874	LTR/ERVL-MaLR	1674	+	222	79046651	36382
chr11	79010269	79210269	harbor2	chr11	79086037	79086467	LTR/ERVL-MaLR	1102	+	215	79086252	75983
chr11	111436508	111636508	harbor2	chr11	111532281	111532722	LTR/ERVL-MaLR	1992	+	220	111532501	95993
chr11	128939709	129139709	harbor2	chr11	128940356	128940719	LTR/ERVL-MaLR	1459	+	182	128940538	829
chr11	128939709	129139709	harbor2	chr11	128976958	128977272	LTR/ERVL-MaLR	1055	+	157	128977115	37406
chr11	128939709	129139709	harbor2	chr11	129030740	129031140	LTR/ERVL-MaLR	2272	+	200	129030940	91231
chr11	109407424	109607424	harbor2	chr11	109491474	109491845	LTR/ERVL-MaLR	1896	+	186	109491660	84236
chr11	109407424	109607424	harbor2	chr11	109492363	109492442	LTR/ERVL-MaLR	387	+	40	109492403	84979
chr11	78135329	78335329	harbor2	chr11	78180770	78181133	LTR/ERVL-MaLR	2494	+	182	78180952	45623
chr11	99332114	99532114	harbor2	chr11	99346624	99346994	LTR/ERVL-MaLR	1596	+	185	99346809	14695
chr11	18510745	18710745	harbor2	chr11	18577997	18578555	LTR/ERVL-MaLR	1968	+	279	18578276	67531
chr11	102129226	102329226	harbor2	chr11	102195471	102195837	LTR/ERVL-MaLR	2426	+	183	102195654	66428
chr11	114495176	114695176	harbor2	chr11	114511621	114512015	LTR/ERVL-MaLR	2193	+	197	114511818	16642
chr11	114495176	114695176	harbor2	chr11	114525300	114525363	LTR/ERVL-MaLR	1634	+	32	114525332	30156
chr11	114495176	114695176	harbor2	chr11	114525943	114526336	LTR/ERVL-MaLR	1634	+	196	114526139	30963
chr11	86975314	87175314	harbor2	chr11	86981868	86981971	LTR/ERVL-MaLR	649	+	52	86981920	6606
chr11	86975314	87175314	harbor2	chr11	87003623	87004015	LTR/ERVL-MaLR	702	+	196	87003819	28505
chr11	86975314	87175314	harbor2	chr11	87030684	87030862	LTR/ERVL-MaLR	830	+	89	87030773	55459
chr11	86975314	87175314	harbor2	chr11	87032711	87033367	LTR/ERVL-MaLR	2197	+	328	87033039	57725
chr11	86975314	87175314	harbor2	chr11	87035882	87036008	LTR/ERVL-MaLR	548	+	63	87035945	60631
chr11	86975314	87175314	harbor2	chr11	87036011	87036264	LTR/ERVL-MaLR	1184	+	126	87036137	60823
chr11	86975314	87175314	harbor2	chr11	87036563	87036783	LTR/ERVL-MaLR	1184	+	110	87036673	61359
chr11	86975314	87175314	harbor2	chr11	86982303	86982663	LTR/ERVL-MaLR	649	+	180	86982483	7169
chr11	129868908	130068908	harbor2	chr11	129943404	129943576	LTR/ERVL-MaLR	1189	+	86	129943490	74582
chr11	129868908	130068908	harbor2	chr11	129944029	129944256	LTR/ERVL-MaLR	1337	+	114	129944143	75235
chr11	102151937	102351937	harbor2	chr11	102195471	102195837	LTR/ERVL-MaLR	2426	+	183	102195654	43717
chr11	102151937	102351937	harbor2	chr11	102250030	102250161	LTR/ERVL-MaLR	551	+	66	102250096	98159
chr11	56347105	56547105	harbor2	chr11	56353095	56353489	LTR/ERVL-MaLR	1873	+	197	56353292	6187
chr11	56347105	56547105	harbor2	chr11	56404547	56404817	LTR/ERVL-MaLR	458	+	135	56404682	57577
chr11	56347105	56547105	harbor2	chr11	56408642	56409033	LTR/ERVL-MaLR	1763	+	196	56408838	61733
chr11	56347105	56547105	harbor2	chr11	56410643	56410954	LTR/ERVL-MaLR	1397	+	156	56410799	63694
chr11	56347105	56547105	harbor2	chr11	56442548	56442651	LTR/ERVL-MaLR	424	+	52	56442600	95495
chr11	56347105	56547105	harbor2	chr11	56409036	56410640	LTR/ERVL-MaLR	10007	+	802	56409838	62733
chr11	127181085	127381085	harbor2	chr11	127196975	127197238	LTR/ERVL-MaLR	673	+	132	127197107	16022
chr11	127181085	127381085	harbor2	chr11	127266164	127266738	LTR/ERVL-MaLR	2232	+	287	127266451	85366
chr11	127181085	127381085	harbor2	chr11	127267085	127267152	LTR/ERVL-MaLR	2232	+	34	127267119	86034
chr11	122968086	123168086	harbor2	chr11	123001644	123002054	LTR/ERVL-MaLR	2564	+	205	123001849	33763
chr11	122968086	123168086	harbor2	chr11	123034506	123034889	LTR/ERVL-MaLR	627	+	192	123034698	66612
chr11	122968086	123168086	harbor2	chr11	123048150	123048326	LTR/ERVL-MaLR	1096	+	88	123048238	80152
chr11	122968086	123168086	harbor2	chr11	123048622	123048900	LTR/ERVL-MaLR	1096	+	139	123048761	80675
chr11	133382263	133582263	harbor2	chr11	133384962	133385413	LTR/ERVL-MaLR	851	+	226	133385188	2925
chr11	133382263	133582263	harbor2	chr11	133415598	133416146	LTR/ERVL-MaLR	1369	+	274	133415872	33609
chr11	133382263	133582263	harbor2	chr11	133421787	133421949	LTR/ERVL-MaLR	685	+	81	133421868	39605
chr11	133382263	133582263	harbor2	chr11	133423676	133424083	LTR/ERVL-MaLR	2176	+	204	133423880	41617
chr11	133382263	133582263	harbor2	chr11	133449876	133450117	LTR/ERVL-MaLR	499	+	120	133449996	67733
chr11	127824252	128024252	harbor2	chr11	127874498	127874871	LTR/ERVL-MaLR	1571	+	186	127874684	50432
chr11	127824252	128024252	harbor2	chr11	127903457	127903929	LTR/ERVL-MaLR	1493	+	236	127903693	79441
chr11	127824252	128024252	harbor2	chr11	127921990	127922363	LTR/ERVL-MaLR	2339	+	186	127922176	97924
chr11	134029467	134229467	harbor2	chr11	134080378	134080725	LTR/ERVL-MaLR	2148	+	174	134080552	51085
chr11	134029467	134229467	harbor2	chr11	134080732	134082397	LTR/ERVL-MaLR	10335	+	832	134081564	52097
chr11	134029467	134229467	harbor2	chr11	134082398	134082750	LTR/ERVL-MaLR	2079	+	176	134082574	53107
chr11	134029467	134229467	harbor2	chr11	134128437	134128829	LTR/ERVL-MaLR	1976	+	196	134128633	99166
chr11	125451074	125651074	harbor2	chr11	125479522	125479878	LTR/ERVL-MaLR	1824	+	178	125479700	28626
chr11	125451074	125651074	harbor2	chr11	125499671	125499815	LTR/ERVL-MaLR	667	+	72	125499743	48669
chr11	125451074	125651074	harbor2	chr11	125500121	125500370	LTR/ERVL-MaLR	919	+	124	125500245	49171
chr11	125451074	125651074	harbor2	chr11	125500372	125500869	LTR/ERVL-MaLR	2723	+	248	125500620	49546
chr11	125451074	125651074	harbor2	chr11	125500906	125501259	LTR/ERVL-MaLR	2010	+	176	125501082	50008
chr11	125451074	125651074	harbor2	chr11	125501971	125502056	LTR/ERVL-MaLR	2010	+	42	125502013	50939
chr11	125451074	125651074	harbor2	chr11	125502058	125502217	LTR/ERVL-MaLR	636	+	80	125502138	51064
chr11	125451074	125651074	harbor2	chr11	125525367	125525729	LTR/ERVL-MaLR	2152	+	181	125525548	74474
chr11	125451074	125651074	harbor2	chr11	125501395	125501657	LTR/ERVL-MaLR	2010	+	131	125501526	50452
chr11	105565680	105765680	harbor2	chr11	105595730	105596148	LTR/ERVL-MaLR	2290	+	209	105595939	30259
chr11	105565680	105765680	harbor2	chr11	105628370	105628718	LTR/ERVL-MaLR	2099	+	174	105628544	62864
chr11	105565680	105765680	harbor2	chr11	105659289	105659665	LTR/ERVL-MaLR	592	+	188	105659477	93797
chr11	122187515	122387515	harbor2	chr11	122237686	122238049	LTR/ERVL-MaLR	2059	+	182	122237868	50353
chr11	122187515	122387515	harbor2	chr11	122244722	122245102	LTR/ERVL-MaLR	1521	+	190	122244912	57397
chr11	122187515	122387515	harbor2	chr11	122255469	122255899	LTR/ERVL-MaLR	1894	+	215	122255684	68169
chr11	122187515	122387515	harbor2	chr11	122256283	122256644	LTR/ERVL-MaLR	1971	+	180	122256463	68948
chr11	65114277	65314277	harbor2	chr11	65147326	65147587	LTR/ERVL-MaLR	760	+	130	65147456	33179
chr11	65114277	65314277	harbor2	chr11	65147904	65148089	LTR/ERVL-MaLR	693	+	92	65147996	33719
chr11	65114277	65314277	harbor2	chr11	65152459	65152500	LTR/ERVL-MaLR	2177	+	20	65152479	38202
chr11	65114277	65314277	harbor2	chr11	65152843	65153312	LTR/ERVL-MaLR	2177	+	234	65153077	38800
chr11	65114277	65314277	harbor2	chr11	65168192	65168297	LTR/ERVL-MaLR	749	+	52	65168244	53967
chr11	65114277	65314277	harbor2	chr11	65168589	65168668	LTR/ERVL-MaLR	749	+	40	65168629	54352
chr11	90262225	90462225	harbor2	chr11	90263246	90263642	LTR/ERVL-MaLR	1813	+	198	90263444	1219
chr11	90262225	90462225	harbor2	chr11	90293894	90294206	LTR/ERVL-MaLR	1794	+	156	90294050	31825
chr11	90262225	90462225	harbor2	chr11	90328428	90328776	LTR/ERVL-MaLR	1686	+	174	90328602	66377
chr11	90262225	90462225	harbor2	chr11	90333798	90334242	LTR/ERVL-MaLR	1398	+	222	90334020	71795
chr11	106637112	106837112	harbor2	chr11	106653023	106653382	LTR/ERVL-MaLR	2088	+	180	106653203	16091
chr11	106637112	106837112	harbor2	chr11	106660458	106660781	LTR/ERVL-MaLR	1429	+	162	106660620	23508
chr11	106637112	106837112	harbor2	chr11	106668427	106668758	LTR/ERVL-MaLR	1832	+	166	106668593	31481
chr11	106637112	106837112	harbor2	chr11	106670634	106670679	LTR/ERVL-MaLR	583	+	22	106670656	33544
chr11	106637112	106837112	harbor2	chr11	106671124	106671246	LTR/ERVL-MaLR	583	+	61	106671185	34073
chr11	106637112	106837112	harbor2	chr11	106671745	106672965	LTR/ERVL-MaLR	1784	+	610	106672355	35243
chr11	106637112	106837112	harbor2	chr11	106702796	106702872	LTR/ERVL-MaLR	1457	+	38	106702834	65722
chr11	106637112	106837112	harbor2	chr11	106703323	106703721	LTR/ERVL-MaLR	1457	+	199	106703522	66410
chr11	106637112	106837112	harbor2	chr11	106716945	106717184	LTR/ERVL-MaLR	493	+	120	106717065	79953
chr11	62051408	62251408	harbor2	chr11	62056484	62056779	LTR/ERVL-MaLR	1571	+	148	62056632	5224
chr11	62051408	62251408	harbor2	chr11	62057077	62057149	LTR/ERVL-MaLR	1571	+	36	62057113	5705
chr11	62051408	62251408	harbor2	chr11	62063077	62063353	LTR/ERVL-MaLR	1534	+	138	62063215	11807
chr11	62051408	62251408	harbor2	chr11	62104292	62104622	LTR/ERVL-MaLR	2181	+	165	62104457	53049
chr11	62051408	62251408	harbor2	chr11	62104885	62104980	LTR/ERVL-MaLR	2181	+	48	62104933	53525
chr11	62051408	62251408	harbor2	chr11	62108589	62108653	LTR/ERVL-MaLR	897	+	32	62108621	57213
chr11	62051408	62251408	harbor2	chr11	62108944	62109141	LTR/ERVL-MaLR	897	+	98	62109042	57634
chr11	125898453	126098453	harbor2	chr11	125939848	125940231	LTR/ERVL-MaLR	2279	+	192	125940040	41587
chr11	125898453	126098453	harbor2	chr11	125998235	125998638	LTR/ERVL-MaLR	2435	+	202	125998437	99984
chr11	71413240	71613240	harbor2	chr11	71416356	71416813	LTR/ERVL-MaLR	857	+	228	71416584	3344
chr11	71413240	71613240	harbor2	chr11	71455451	71455804	LTR/ERVL-MaLR	2093	+	176	71455627	42387
chr11	111024899	111224899	harbor2	chr11	111031378	111031750	LTR/ERVL-MaLR	2308	+	186	111031564	6665
chr11	111024899	111224899	harbor2	chr11	111036568	111036932	LTR/ERVL-MaLR	1904	+	182	111036750	11851
chr11	111024899	111224899	harbor2	chr11	111040215	111040414	LTR/ERVL-MaLR	477	+	100	111040315	15416
chr11	111024899	111224899	harbor2	chr11	111071109	111071488	LTR/ERVL-MaLR	2088	+	190	111071299	46400
chr11	111024899	111224899	harbor2	chr11	111087662	111088060	LTR/ERVL-MaLR	815	+	199	111087861	62962
chr11	111024899	111224899	harbor2	chr11	111101000	111101505	LTR/ERVL-MaLR	1969	+	252	111101252	76353
chr11	111024899	111224899	harbor2	chr11	111106327	111106840	LTR/ERVL-MaLR	430	+	256	111106583	81684
chr11	111024899	111224899	harbor2	chr11	111110741	111111181	LTR/ERVL-MaLR	1198	+	220	111110961	86062
chr11	111024899	111224899	harbor2	chr11	111114732	111115190	LTR/ERVL-MaLR	1158	+	229	111114961	90062
chr11	111024899	111224899	harbor2	chr11	111118127	111118523	LTR/ERVL-MaLR	1969	+	198	111118325	93426
chr11	101117452	101317452	harbor2	chr11	101134134	101134444	LTR/ERVL-MaLR	1446	+	155	101134289	16837
chr11	101117452	101317452	harbor2	chr11	101154226	101154403	LTR/ERVL-MaLR	1509	+	88	101154314	36862
chr11	101117452	101317452	harbor2	chr11	101154447	101154663	LTR/ERVL-MaLR	1509	+	108	101154555	37103
chr11	101117452	101317452	harbor2	chr11	101156931	101157290	LTR/ERVL-MaLR	2199	+	180	101157111	39659
chr11	101117452	101317452	harbor2	chr11	101157293	101158966	LTR/ERVL-MaLR	10361	+	836	101158129	40677
chr11	101117452	101317452	harbor2	chr11	101158967	101159338	LTR/ERVL-MaLR	2625	+	186	101159153	41701
chr11	101117452	101317452	harbor2	chr11	101168978	101169357	LTR/ERVL-MaLR	1998	+	190	101169168	51716
chr11	101117452	101317452	harbor2	chr11	101169360	101169464	LTR/ERVL-MaLR	481	+	52	101169412	51960
chr11	101117452	101317452	harbor2	chr11	101189773	101190130	LTR/ERVL-MaLR	2112	+	178	101189951	72499
chr11	101117452	101317452	harbor2	chr11	101202703	101203207	LTR/ERVL-MaLR	752	+	252	101202955	85503
chr11	133844693	134044693	harbor2	chr11	133877397	133877543	LTR/ERVL-MaLR	450	+	73	133877470	32777
chr11	109426753	109626753	harbor2	chr11	109491474	109491845	LTR/ERVL-MaLR	1896	+	186	109491660	64907
chr11	109426753	109626753	harbor2	chr11	109492363	109492442	LTR/ERVL-MaLR	387	+	40	109492403	65650
chr11	109426753	109626753	harbor2	chr11	109511085	109511424	LTR/ERVL-MaLR	1927	+	170	109511255	84502
chr11	109426753	109626753	harbor2	chr11	109511425	109511909	LTR/ERVL-MaLR	1694	+	242	109511667	84914
chr11	109426753	109626753	harbor2	chr11	109526232	109526594	LTR/ERVL-MaLR	1851	+	181	109526413	99660
chr11	104412726	104612726	harbor2	chr11	104423866	104424230	LTR/ERVL-MaLR	1796	+	182	104424048	11322
chr11	104412726	104612726	harbor2	chr11	104479736	104480094	LTR/ERVL-MaLR	1770	+	179	104479915	67189
chr11	34958022	35158022	harbor2	chr11	35037915	35038022	LTR/ERVL-MaLR	385	+	54	35037969	79947
chr11	34958022	35158022	harbor2	chr11	35047926	35048278	LTR/ERVL-MaLR	2754	+	176	35048102	90080
chr11	34958022	35158022	harbor2	chr11	35048279	35049847	LTR/ERVL-MaLR	11383	+	784	35049063	91041
chr11	34958022	35158022	harbor2	chr11	35049848	35050201	LTR/ERVL-MaLR	2741	+	176	35050024	92002
chr11	34958022	35158022	harbor2	chr11	35055582	35055936	LTR/ERVL-MaLR	2168	+	177	35055759	97737
chr11	134000907	134200907	harbor2	chr11	134080378	134080725	LTR/ERVL-MaLR	2148	+	174	134080552	79645
chr11	134000907	134200907	harbor2	chr11	134080732	134082397	LTR/ERVL-MaLR	10335	+	832	134081564	80657
chr11	134000907	134200907	harbor2	chr11	134082398	134082750	LTR/ERVL-MaLR	2079	+	176	134082574	81667
chr11	105307027	105507027	harbor2	chr11	105325707	105325948	LTR/ERVL-MaLR	542	+	120	105325827	18800
chr11	105307027	105507027	harbor2	chr11	105333027	105333420	LTR/ERVL-MaLR	802	+	196	105333223	26196
chr11	105307027	105507027	harbor2	chr11	105379624	105380009	LTR/ERVL-MaLR	1793	+	192	105379816	72789
chr11	134951399	135151399	harbor2	chr11	134959508	134959888	LTR/ERVL-MaLR	1639	+	190	134959698	8299
chr11	134951399	135151399	harbor2	chr11	134959907	134960260	LTR/ERVL-MaLR	1794	+	176	134960083	8684
chr11	134951399	135151399	harbor2	chr11	134992422	134992643	LTR/ERVL-MaLR	454	+	110	134992532	41133
chr11	134951399	135151399	harbor2	chr11	134993230	134993427	LTR/ERVL-MaLR	580	+	98	134993328	41929
chr11	134951399	135151399	harbor2	chr11	134996636	134996999	LTR/ERVL-MaLR	2057	+	182	134996818	45419
chr11	134951399	135151399	harbor2	chr11	135050511	135050866	LTR/ERVL-MaLR	1621	+	178	135050689	99290
chr11	126175622	126375622	harbor2	chr11	126191102	126191474	LTR/ERVL-MaLR	1651	+	186	126191288	15666
chr11	103404534	103604534	harbor2	chr11	103484075	103484333	LTR/ERVL-MaLR	652	+	129	103484204	79670
chr11	134289061	134489061	harbor2	chr11	134298468	134298821	LTR/ERVL-MaLR	2773	+	176	134298644	9583
chr11	115704262	115904262	harbor2	chr11	115704342	115704700	LTR/ERVL-MaLR	2351	+	179	115704521	259
chr11	115704262	115904262	harbor2	chr11	115725054	115725396	LTR/ERVL-MaLR	1064	+	171	115725225	20963
chr11	115704262	115904262	harbor2	chr11	115763075	115763424	LTR/ERVL-MaLR	664	+	174	115763249	58987
chr11	115704262	115904262	harbor2	chr11	115782196	115782707	LTR/ERVL-MaLR	1947	+	256	115782452	78190
chr11	115704262	115904262	harbor2	chr11	115788479	115788964	LTR/ERVL-MaLR	2198	+	242	115788721	84459
chr11	128925308	129125308	harbor2	chr11	128931171	128931340	LTR/ERVL-MaLR	1680	+	84	128931255	5947
chr11	128925308	129125308	harbor2	chr11	128931610	128931826	LTR/ERVL-MaLR	1680	+	108	128931718	6410
chr11	128925308	129125308	harbor2	chr11	128940356	128940719	LTR/ERVL-MaLR	1459	+	182	128940538	15230
chr11	128925308	129125308	harbor2	chr11	128976958	128977272	LTR/ERVL-MaLR	1055	+	157	128977115	51807
chr11	133670627	133870627	harbor2	chr11	133700082	133700482	LTR/ERVL-MaLR	2500	+	200	133700282	29655
chr11	133670627	133870627	harbor2	chr11	133703981	133704402	LTR/ERVL-MaLR	588	+	210	133704191	33564
chr11	133670627	133870627	harbor2	chr11	133735692	133735824	LTR/ERVL-MaLR	415	+	66	133735758	65131
chr11	133670627	133870627	harbor2	chr11	133735861	133736020	LTR/ERVL-MaLR	444	+	80	133735941	65314
chr11	133670627	133870627	harbor2	chr11	133736023	133736184	LTR/ERVL-MaLR	437	+	80	133736103	65476
chr11	133670627	133870627	harbor2	chr11	133737079	133737213	LTR/ERVL-MaLR	413	+	67	133737146	66519
chr11	133670627	133870627	harbor2	chr11	133738067	133738601	LTR/ERVL-MaLR	949	+	267	133738334	67707
chr11	133670627	133870627	harbor2	chr11	133739381	133739605	LTR/ERVL-MaLR	387	+	112	133739493	68866
chr11	133670627	133870627	harbor2	chr11	133739616	133739775	LTR/ERVL-MaLR	768	+	80	133739696	69069
chr11	133670627	133870627	harbor2	chr11	133740584	133740790	LTR/ERVL-MaLR	636	+	103	133740687	70060
chr11	133670627	133870627	harbor2	chr11	133743103	133743448	LTR/ERVL-MaLR	1623	+	172	133743275	72648
chr11	133670627	133870627	harbor2	chr11	133743456	133743851	LTR/ERVL-MaLR	3751	+	198	133743654	73027
chr11	133670627	133870627	harbor2	chr11	133744123	133744693	LTR/ERVL-MaLR	3751	+	285	133744408	73781
chr11	119745066	119945066	harbor2	chr11	119783871	119784375	LTR/ERVL-MaLR	2300	+	252	119784123	39057
chr11	119745066	119945066	harbor2	chr11	119797865	119798399	LTR/ERVL-MaLR	1286	+	267	119798132	53066
chr11	119745066	119945066	harbor2	chr11	119813833	119814386	LTR/ERVL-MaLR	2826	+	276	119814109	69043
chr11	119745066	119945066	harbor2	chr11	119829036	119829466	LTR/ERVL-MaLR	710	+	215	119829251	84185
chr11	120008815	120208815	harbor2	chr11	120037023	120037514	LTR/ERVL-MaLR	1271	+	246	120037269	28454
chr11	120008815	120208815	harbor2	chr11	120037517	120037643	LTR/ERVL-MaLR	648	+	63	120037580	28765
chr11	120008815	120208815	harbor2	chr11	120037644	120038048	LTR/ERVL-MaLR	2195	+	202	120037846	29031
chr11	120008815	120208815	harbor2	chr11	120038117	120038291	LTR/ERVL-MaLR	869	+	87	120038204	29389
chr11	120008815	120208815	harbor2	chr11	120040705	120041098	LTR/ERVL-MaLR	2089	+	196	120040901	32086
chr11	120008815	120208815	harbor2	chr11	120064215	120064368	LTR/ERVL-MaLR	823	+	76	120064291	55476
chr11	120008815	120208815	harbor2	chr11	120068110	120068300	LTR/ERVL-MaLR	402	+	95	120068205	59390
chr11	120008815	120208815	harbor2	chr11	120069038	120069509	LTR/ERVL-MaLR	1235	+	236	120069274	60459
chr11	116798092	116998092	harbor2	chr11	116839207	116839654	LTR/ERVL-MaLR	2153	+	224	116839431	41339
chr11	116798092	116998092	harbor2	chr11	116860718	116861067	LTR/ERVL-MaLR	1899	+	174	116860892	62800
chr11	103019204	103219204	harbor2	chr11	103093986	103094375	LTR/ERVL-MaLR	1305	+	194	103094180	74976
chr11	103019204	103219204	harbor2	chr11	103096450	103096543	LTR/ERVL-MaLR	380	+	46	103096496	77292
chr11	103019204	103219204	harbor2	chr11	103099359	103099585	LTR/ERVL-MaLR	730	+	113	103099472	80268
chr11	103019204	103219204	harbor2	chr11	103099971	103100757	LTR/ERVL-MaLR	1979	+	393	103100364	81160
chr11	103019204	103219204	harbor2	chr11	103102407	103102599	LTR/ERVL-MaLR	721	+	96	103102503	83299
chr11	103019204	103219204	harbor2	chr11	103104650	103105235	LTR/ERVL-MaLR	1941	+	292	103104942	85738
chr11	123703324	123903324	harbor2	chr11	123703670	123704001	LTR/ERVL-MaLR	1160	+	166	123703836	512
chr11	123703324	123903324	harbor2	chr11	123704223	123704366	LTR/ERVL-MaLR	1160	+	72	123704295	971
chr11	123703324	123903324	harbor2	chr11	123768127	123768302	LTR/ERVL-MaLR	2480	+	88	123768215	64891
chr11	123703324	123903324	harbor2	chr11	123768600	123768813	LTR/ERVL-MaLR	2480	+	106	123768706	65382
chr11	78232384	78432384	harbor2	chr11	78254958	78255398	LTR/ERVL-MaLR	1919	+	220	78255178	22794
chr11	78232384	78432384	harbor2	chr11	78271805	78272169	LTR/ERVL-MaLR	2295	+	182	78271987	39603
chr11	78232384	78432384	harbor2	chr11	78272172	78273733	LTR/ERVL-MaLR	12083	+	780	78272952	40568
chr11	78232384	78432384	harbor2	chr11	78273734	78274081	LTR/ERVL-MaLR	1790	+	174	78273908	41524
chr11	86282361	86482361	harbor2	chr11	86296325	86296724	LTR/ERVL-MaLR	1390	+	200	86296525	14164
chr11	86282361	86482361	harbor2	chr11	86336306	86336671	LTR/ERVL-MaLR	1939	+	182	86336488	54127
chr11	86282361	86482361	harbor2	chr11	86369691	86370094	LTR/ERVL-MaLR	2225	+	202	86369893	87532
chr11	86282361	86482361	harbor2	chr11	86370165	86370593	LTR/ERVL-MaLR	2065	+	214	86370379	88018
chr11	113645760	113845760	harbor2	chr11	113650323	113650808	LTR/ERVL-MaLR	2121	+	242	113650565	4805
chr11	113645760	113845760	harbor2	chr11	113697860	113698267	LTR/ERVL-MaLR	1568	+	204	113698064	52304
chr11	113645760	113845760	harbor2	chr11	113700784	113701160	LTR/ERVL-MaLR	2369	+	188	113700972	55212
chr11	113645760	113845760	harbor2	chr11	113701168	113701473	LTR/ERVL-MaLR	2339	+	152	113701320	55560
chr11	113645760	113845760	harbor2	chr11	113702359	113703566	LTR/ERVL-MaLR	8291	+	604	113702963	57203
chr11	113645760	113845760	harbor2	chr11	113703573	113703949	LTR/ERVL-MaLR	2336	+	188	113703761	58001
chr11	113645760	113845760	harbor2	chr11	113724150	113724560	LTR/ERVL-MaLR	1487	+	205	113724355	78595
chr11	125429628	125629628	harbor2	chr11	125479522	125479878	LTR/ERVL-MaLR	1824	+	178	125479700	50072
chr11	125429628	125629628	harbor2	chr11	125499671	125499815	LTR/ERVL-MaLR	667	+	72	125499743	70115
chr11	125429628	125629628	harbor2	chr11	125500121	125500370	LTR/ERVL-MaLR	919	+	124	125500245	70617
chr11	125429628	125629628	harbor2	chr11	125500372	125500869	LTR/ERVL-MaLR	2723	+	248	125500620	70992
chr11	125429628	125629628	harbor2	chr11	125500906	125501259	LTR/ERVL-MaLR	2010	+	176	125501082	71454
chr11	125429628	125629628	harbor2	chr11	125501971	125502056	LTR/ERVL-MaLR	2010	+	42	125502013	72385
chr11	125429628	125629628	harbor2	chr11	125502058	125502217	LTR/ERVL-MaLR	636	+	80	125502138	72510
chr11	125429628	125629628	harbor2	chr11	125525367	125525729	LTR/ERVL-MaLR	2152	+	181	125525548	95920
chr11	125429628	125629628	harbor2	chr11	125501395	125501657	LTR/ERVL-MaLR	2010	+	131	125501526	71898
chr11	92187926	92387926	harbor2	chr11	92200124	92200577	LTR/ERVL-MaLR	2112	+	226	92200350	12424
chr11	92187926	92387926	harbor2	chr11	92205740	92206092	LTR/ERVL-MaLR	2144	+	176	92205916	17990
chr11	92187926	92387926	harbor2	chr11	92219519	92219888	LTR/ERVL-MaLR	2112	+	184	92219703	31777
chr11	110415488	110615488	harbor2	chr11	110427690	110427921	LTR/ERVL-MaLR	898	+	116	110427806	12318
chr11	110415488	110615488	harbor2	chr11	110440896	110441243	LTR/ERVL-MaLR	2192	+	174	110441070	25582
chr11	110415488	110615488	harbor2	chr11	110441246	110442810	LTR/ERVL-MaLR	12064	+	782	110442028	26540
chr11	110415488	110615488	harbor2	chr11	110442811	110443169	LTR/ERVL-MaLR	2080	+	179	110442990	27502
chr11	110415488	110615488	harbor2	chr11	110510658	110511125	LTR/ERVL-MaLR	1766	+	234	110510892	95404
chr11	98898419	99098419	harbor2	chr11	98906573	98906837	LTR/ERVL-MaLR	1759	+	132	98906705	8286
chr11	98898419	99098419	harbor2	chr11	98906838	98907206	LTR/ERVL-MaLR	2274	+	184	98907022	8603
chr11	98898419	99098419	harbor2	chr11	98907207	98908781	LTR/ERVL-MaLR	10366	+	787	98907994	9575
chr11	98898419	99098419	harbor2	chr11	98908782	98909142	LTR/ERVL-MaLR	2030	+	180	98908962	10543
chr11	98898419	99098419	harbor2	chr11	98909143	98909268	LTR/ERVL-MaLR	1759	+	62	98909205	10786
chr11	98898419	99098419	harbor2	chr11	98910900	98911282	LTR/ERVL-MaLR	1623	+	191	98911091	12672
chr11	98898419	99098419	harbor2	chr11	98920599	98921114	LTR/ERVL-MaLR	925	+	258	98920857	22438
chr11	98898419	99098419	harbor2	chr11	98928125	98928464	LTR/ERVL-MaLR	831	+	170	98928295	29876
chr11	98898419	99098419	harbor2	chr11	98976398	98976702	LTR/ERVL-MaLR	1712	+	152	98976550	78131
chr11	98898419	99098419	harbor2	chr11	98909281	98910899	LTR/ERVL-MaLR	10697	+	809	98910090	11671
chr11	62072585	62272585	harbor2	chr11	62104292	62104622	LTR/ERVL-MaLR	2181	+	165	62104457	31872
chr11	62072585	62272585	harbor2	chr11	62104885	62104980	LTR/ERVL-MaLR	2181	+	48	62104933	32348
chr11	62072585	62272585	harbor2	chr11	62108589	62108653	LTR/ERVL-MaLR	897	+	32	62108621	36036
chr11	62072585	62272585	harbor2	chr11	62108944	62109141	LTR/ERVL-MaLR	897	+	98	62109042	36457
chr11	42563328	42763328	harbor2	chr11	42576503	42576802	LTR/ERVL-MaLR	388	+	150	42576653	13325
chr11	42563328	42763328	harbor2	chr11	42627426	42627925	LTR/ERVL-MaLR	1604	+	250	42627676	64348
chr11	42563328	42763328	harbor2	chr11	42634886	42635176	LTR/ERVL-MaLR	1816	+	145	42635031	71703
chr11	42563328	42763328	harbor2	chr11	42635179	42636756	LTR/ERVL-MaLR	10854	+	788	42635967	72639
chr11	42563328	42763328	harbor2	chr11	42636757	42636994	LTR/ERVL-MaLR	2392	+	118	42636875	73547
chr11	42563328	42763328	harbor2	chr11	42637297	42637427	LTR/ERVL-MaLR	2392	+	65	42637362	74034
chr11	42563328	42763328	harbor2	chr11	42641696	42642111	LTR/ERVL-MaLR	435	+	208	42641904	78576
chr11	59552895	59752895	harbor2	chr11	59568013	59568490	LTR/ERVL-MaLR	1781	+	238	59568251	15356
chr11	59552895	59752895	harbor2	chr11	59598413	59598601	LTR/ERVL-MaLR	1091	+	94	59598507	45612
chr11	59552895	59752895	harbor2	chr11	59598890	59599091	LTR/ERVL-MaLR	1091	+	100	59598990	46095
chr11	59552895	59752895	harbor2	chr11	59642291	59642772	LTR/ERVL-MaLR	976	+	240	59642531	89636
chr11	89703046	89903046	harbor2	chr11	89756374	89756824	LTR/ERVL-MaLR	1202	+	225	89756599	53553
chr11	123672640	123872640	harbor2	chr11	123696687	123697029	LTR/ERVL-MaLR	1255	+	171	123696858	24218
chr11	123672640	123872640	harbor2	chr11	123703670	123704001	LTR/ERVL-MaLR	1160	+	166	123703836	31196
chr11	123672640	123872640	harbor2	chr11	123704223	123704366	LTR/ERVL-MaLR	1160	+	72	123704295	31655
chr11	123672640	123872640	harbor2	chr11	123768127	123768302	LTR/ERVL-MaLR	2480	+	88	123768215	95575
chr11	123672640	123872640	harbor2	chr11	123768600	123768813	LTR/ERVL-MaLR	2480	+	106	123768706	96066
chr11	104776868	104976868	harbor2	chr11	104779483	104779903	LTR/ERVL-MaLR	1971	+	210	104779693	2825
chr11	104776868	104976868	harbor2	chr11	104802069	104802241	LTR/ERVL-MaLR	657	+	86	104802155	25287
chr11	104776868	104976868	harbor2	chr11	104822361	104822709	LTR/ERVL-MaLR	2533	+	174	104822535	45667
chr11	35068434	35268434	harbor2	chr11	35078695	35079032	LTR/ERVL-MaLR	1804	+	168	35078863	10429
chr11	35068434	35268434	harbor2	chr11	35088325	35088694	LTR/ERVL-MaLR	885	+	184	35088509	20075
chr11	35068434	35268434	harbor2	chr11	35090900	35091075	LTR/ERVL-MaLR	937	+	88	35090988	22554
chr11	35068434	35268434	harbor2	chr11	35096819	35097029	LTR/ERVL-MaLR	1228	+	105	35096924	28490
chr11	35068434	35268434	harbor2	chr11	35107875	35108240	LTR/ERVL-MaLR	2363	+	182	35108057	39623
chr11	35068434	35268434	harbor2	chr11	35108293	35108365	LTR/ERVL-MaLR	434	+	36	35108329	39895
chr11	35068434	35268434	harbor2	chr11	35108385	35108752	LTR/ERVL-MaLR	2760	+	184	35108569	40135
chr11	35068434	35268434	harbor2	chr11	35108760	35109659	LTR/ERVL-MaLR	4701	+	450	35109210	40776
chr11	35068434	35268434	harbor2	chr11	35120599	35120957	LTR/ERVL-MaLR	1024	+	179	35120778	52344
chr11	35068434	35268434	harbor2	chr11	35122782	35123115	LTR/ERVL-MaLR	682	+	166	35122948	54514
chr11	35068434	35268434	harbor2	chr11	35129036	35129312	LTR/ERVL-MaLR	1047	+	138	35129174	60740
chr11	35068434	35268434	harbor2	chr11	35130722	35131085	LTR/ERVL-MaLR	525	+	182	35130904	62470
chr11	132519723	132719723	harbor2	chr11	132527722	132528123	LTR/ERVL-MaLR	1823	+	200	132527922	8199
chr11	132519723	132719723	harbor2	chr11	132550220	132550635	LTR/ERVL-MaLR	2471	+	208	132550428	30705
chr11	132519723	132719723	harbor2	chr11	132568376	132568802	LTR/ERVL-MaLR	1263	+	213	132568589	48866
chr11	132519723	132719723	harbor2	chr11	132569118	132569437	LTR/ERVL-MaLR	1603	+	160	132569278	49555
chr11	26724293	26924293	harbor2	chr11	26731463	26731816	LTR/ERVL-MaLR	2233	+	176	26731639	7346
chr11	26724293	26924293	harbor2	chr11	26731817	26731960	LTR/ERVL-MaLR	10793	+	72	26731889	7596
chr11	26724293	26924293	harbor2	chr11	26732280	26733767	LTR/ERVL-MaLR	10793	+	744	26733024	8731
chr11	26724293	26924293	harbor2	chr11	26733768	26734120	LTR/ERVL-MaLR	2221	+	176	26733944	9651
chr11	26724293	26924293	harbor2	chr11	26751290	26751785	LTR/ERVL-MaLR	1886	+	248	26751538	27245
chr11	26724293	26924293	harbor2	chr11	26773345	26773490	LTR/ERVL-MaLR	408	+	72	26773417	49124
chr11	26724293	26924293	harbor2	chr11	26783029	26783398	LTR/ERVL-MaLR	1987	+	184	26783213	58920
chr11	26724293	26924293	harbor2	chr11	26783401	26784798	LTR/ERVL-MaLR	9974	+	698	26784099	59806
chr11	26724293	26924293	harbor2	chr11	26785114	26785424	LTR/ERVL-MaLR	9974	+	155	26785269	60976
chr11	26724293	26924293	harbor2	chr11	26785426	26785782	LTR/ERVL-MaLR	1856	+	178	26785604	61311
chr11	26724293	26924293	harbor2	chr11	26822482	26822608	LTR/ERVL-MaLR	536	+	63	26822545	98252
chr11	132603948	132803948	harbor2	chr11	132628670	132629019	LTR/ERVL-MaLR	2543	+	174	132628844	24896
chr11	117884533	118084533	harbor2	chr11	117884664	117884900	LTR/ERVL-MaLR	702	+	118	117884782	249
chr11	117884533	118084533	harbor2	chr11	117956123	117956537	LTR/ERVL-MaLR	2229	+	207	117956330	71797
chr11	117884533	118084533	harbor2	chr11	117971418	117971841	LTR/ERVL-MaLR	864	+	212	117971630	87097
chr11	134699327	134899327	harbor2	chr11	134701252	134701604	LTR/ERVL-MaLR	1208	+	176	134701428	2101
chr11	134699327	134899327	harbor2	chr11	134761063	134761270	LTR/ERVL-MaLR	780	+	104	134761167	61840
chr11	134699327	134899327	harbor2	chr11	134776458	134776861	LTR/ERVL-MaLR	1450	+	202	134776660	77333
chr11	121965504	122165504	harbor2	chr11	121973062	121973485	LTR/ERVL-MaLR	1288	+	212	121973274	7770
chr11	121965504	122165504	harbor2	chr11	121993050	121993370	LTR/ERVL-MaLR	608	+	160	121993210	27706
chr11	121965504	122165504	harbor2	chr11	121993609	121993636	LTR/ERVL-MaLR	1904	+	14	121993623	28119
chr11	121965504	122165504	harbor2	chr11	121993942	121994293	LTR/ERVL-MaLR	1904	+	176	121994118	28614
chr11	121965504	122165504	harbor2	chr11	122043850	122044228	LTR/ERVL-MaLR	1796	+	189	122044039	78535
chr11	121965504	122165504	harbor2	chr11	122063101	122063306	LTR/ERVL-MaLR	1189	+	102	122063203	97699
chr11	129851915	130051915	harbor2	chr11	129943404	129943576	LTR/ERVL-MaLR	1189	+	86	129943490	91575
chr11	129851915	130051915	harbor2	chr11	129944029	129944256	LTR/ERVL-MaLR	1337	+	114	129944143	92228
chr11	56424504	56624504	harbor2	chr11	56442548	56442651	LTR/ERVL-MaLR	424	+	52	56442600	18096
chr11	56424504	56624504	harbor2	chr11	56457459	56457631	LTR/ERVL-MaLR	553	+	86	56457545	33041
chr11	56424504	56624504	harbor2	chr11	56460545	56460759	LTR/ERVL-MaLR	656	+	107	56460652	36148
chr11	56424504	56624504	harbor2	chr11	56475919	56476157	LTR/ERVL-MaLR	729	+	119	56476038	51534
chr11	56424504	56624504	harbor2	chr11	56494292	56494687	LTR/ERVL-MaLR	1581	+	198	56494490	69986
chr11	56424504	56624504	harbor2	chr11	56505141	56505535	LTR/ERVL-MaLR	1679	+	197	56505338	80834
chr11	56424504	56624504	harbor2	chr11	56514257	56514523	LTR/ERVL-MaLR	493	+	133	56514390	89886
chr11	100487827	100687827	harbor2	chr11	100505928	100506315	LTR/ERVL-MaLR	2238	+	194	100506122	18295
chr11	100487827	100687827	harbor2	chr11	100540379	100540481	LTR/ERVL-MaLR	518	+	51	100540430	52603
chr11	100487827	100687827	harbor2	chr11	100546957	100547360	LTR/ERVL-MaLR	2159	+	202	100547159	59332
chr11	100487827	100687827	harbor2	chr11	100557046	100557142	LTR/ERVL-MaLR	424	+	48	100557094	69267
chr11	108283173	108483173	harbor2	chr11	108381753	108382277	LTR/ERVL-MaLR	2643	+	262	108382015	98842
chr11	118166450	118366450	harbor2	chr11	118190211	118190552	LTR/ERVL-MaLR	2192	+	170	118190381	23931
chr11	118166450	118366450	harbor2	chr11	118190869	118192444	LTR/ERVL-MaLR	12432	+	788	118191657	25207
chr11	118166450	118366450	harbor2	chr11	118192445	118192491	LTR/ERVL-MaLR	2305	+	23	118192468	26018
chr11	118166450	118366450	harbor2	chr11	118192783	118193103	LTR/ERVL-MaLR	2305	+	160	118192943	26493
chr11	118166450	118366450	harbor2	chr11	118258603	118259001	LTR/ERVL-MaLR	2091	+	199	118258802	92352
chr11	126023267	126223267	harbor2	chr11	126065239	126065542	LTR/ERVL-MaLR	1530	+	152	126065391	42124
chr11	126023267	126223267	harbor2	chr11	126075329	126075679	LTR/ERVL-MaLR	1681	+	175	126075504	52237
chr11	126023267	126223267	harbor2	chr11	126106830	126107257	LTR/ERVL-MaLR	1357	+	214	126107044	83777
chr11	79507506	79707506	harbor2	chr11	79509196	79509653	LTR/ERVL-MaLR	2535	+	228	79509424	1918
chr11	79507506	79707506	harbor2	chr11	79509659	79509808	LTR/ERVL-MaLR	1057	+	74	79509733	2227
chr11	79507506	79707506	harbor2	chr11	79509936	79510153	LTR/ERVL-MaLR	1029	+	108	79510044	2538
chr11	79507506	79707506	harbor2	chr11	79514831	79515144	LTR/ERVL-MaLR	752	+	156	79514987	7481
chr11	79507506	79707506	harbor2	chr11	79523414	79523838	LTR/ERVL-MaLR	1382	+	212	79523626	16120
chr11	79507506	79707506	harbor2	chr11	79540026	79540469	LTR/ERVL-MaLR	1835	+	222	79540248	32742
chr11	79507506	79707506	harbor2	chr11	79545325	79545460	LTR/ERVL-MaLR	515	+	68	79545393	37887
chr11	79507506	79707506	harbor2	chr11	79551762	79552150	LTR/ERVL-MaLR	1383	+	194	79551956	44450
chr11	79507506	79707506	harbor2	chr11	79562666	79563020	LTR/ERVL-MaLR	2445	+	177	79562843	55337
chr11	79507506	79707506	harbor2	chr11	79565368	79565819	LTR/ERVL-MaLR	2208	+	226	79565594	58088
chr11	79507506	79707506	harbor2	chr11	79569533	79569889	LTR/ERVL-MaLR	1644	+	178	79569711	62205
chr11	79507506	79707506	harbor2	chr11	79580747	79580975	LTR/ERVL-MaLR	1461	+	114	79580861	73355
chr11	79507506	79707506	harbor2	chr11	79585550	79585755	LTR/ERVL-MaLR	405	+	102	79585652	78146
chr11	79507506	79707506	harbor2	chr11	79599868	79600242	LTR/ERVL-MaLR	2016	+	187	79600055	92549
chr11	128139939	128339939	harbor2	chr11	128159351	128159534	LTR/ERVL-MaLR	511	+	92	128159443	19504
chr11	128139939	128339939	harbor2	chr11	128176217	128176304	LTR/ERVL-MaLR	403	+	44	128176261	36322
chr11	128139939	128339939	harbor2	chr11	128185071	128185435	LTR/ERVL-MaLR	2454	+	182	128185253	45314
chr11	128139939	128339939	harbor2	chr11	128187160	128187619	LTR/ERVL-MaLR	1222	+	230	128187390	47451
chr11	128139939	128339939	harbor2	chr11	128206616	128207052	LTR/ERVL-MaLR	2070	+	218	128206834	66895
chr11	128139939	128339939	harbor2	chr11	128208283	128208749	LTR/ERVL-MaLR	766	+	233	128208516	68577
chr11	128139939	128339939	harbor2	chr11	128218032	128218513	LTR/ERVL-MaLR	1634	+	240	128218272	78333
chr11	125389658	125589658	harbor2	chr11	125479522	125479878	LTR/ERVL-MaLR	1824	+	178	125479700	90042
chr11	115428779	115628779	harbor2	chr11	115485435	115485797	LTR/ERVL-MaLR	2014	+	181	115485616	56837
chr11	115428779	115628779	harbor2	chr11	115508148	115508525	LTR/ERVL-MaLR	1352	+	188	115508336	79557
chr11	115428779	115628779	harbor2	chr11	115514939	115515442	LTR/ERVL-MaLR	1751	+	252	115515191	86412
chr11	130205421	130405421	harbor2	chr11	130257271	130257710	LTR/ERVL-MaLR	1258	+	220	130257491	52070
chr11	130205421	130405421	harbor2	chr11	130289981	130290431	LTR/ERVL-MaLR	1364	+	225	130290206	84785
chr11	130205421	130405421	harbor2	chr11	130297460	130297840	LTR/ERVL-MaLR	1200	+	190	130297650	92229
chr11	40442666	40642666	harbor2	chr11	40457864	40458092	LTR/ERVL-MaLR	514	+	114	40457978	15312
chr11	40442666	40642666	harbor2	chr11	40477812	40478179	LTR/ERVL-MaLR	2157	+	184	40477996	35330
chr11	40442666	40642666	harbor2	chr11	40487360	40487551	LTR/ERVL-MaLR	583	+	96	40487456	44790
chr11	40442666	40642666	harbor2	chr11	40510919	40511159	LTR/ERVL-MaLR	594	+	120	40511039	68373
chr11	40442666	40642666	harbor2	chr11	40511184	40511493	LTR/ERVL-MaLR	713	+	154	40511338	68672
chr11	40442666	40642666	harbor2	chr11	40522364	40522531	LTR/ERVL-MaLR	1126	+	84	40522448	79782
chr11	130089308	130289308	harbor2	chr11	130150647	130151135	LTR/ERVL-MaLR	1177	+	244	130150891	61583
chr11	61316367	61516367	harbor2	chr11	61348483	61348802	LTR/ERVL-MaLR	995	+	160	61348643	32276
chr11	61316367	61516367	harbor2	chr11	61408637	61408814	LTR/ERVL-MaLR	620	+	88	61408725	92358
chr11	90324150	90524150	harbor2	chr11	90328428	90328776	LTR/ERVL-MaLR	1686	+	174	90328602	4452
chr11	90324150	90524150	harbor2	chr11	90333798	90334242	LTR/ERVL-MaLR	1398	+	222	90334020	9870
chr11	90324150	90524150	harbor2	chr11	90368161	90368348	LTR/ERVL-MaLR	473	+	94	90368255	44105
chr11	90324150	90524150	harbor2	chr11	90368652	90368843	LTR/ERVL-MaLR	473	+	96	90368748	44598
chr11	90324150	90524150	harbor2	chr11	90386119	90386315	LTR/ERVL-MaLR	820	+	98	90386217	62067
chr11	90324150	90524150	harbor2	chr11	90415847	90415974	LTR/ERVL-MaLR	540	+	64	90415911	91761
chr11	90324150	90524150	harbor2	chr11	90416059	90416295	LTR/ERVL-MaLR	718	+	118	90416177	92027
chr11	129039881	129239881	harbor2	chr11	129057463	129057545	LTR/ERVL-MaLR	1833	+	41	129057504	17623
chr11	129039881	129239881	harbor2	chr11	129057776	129058083	LTR/ERVL-MaLR	1833	+	154	129057930	18049
chr11	129039881	129239881	harbor2	chr11	129065268	129065657	LTR/ERVL-MaLR	468	+	194	129065462	25581
chr11	129039881	129239881	harbor2	chr11	129134648	129135006	LTR/ERVL-MaLR	1783	+	179	129134827	94946
chr11	129039881	129239881	harbor2	chr11	129139465	129139830	LTR/ERVL-MaLR	2375	+	182	129139647	99766
chr11	113867497	114067497	harbor2	chr11	113898800	113898968	LTR/ERVL-MaLR	818	+	84	113898884	31387
chr11	113867497	114067497	harbor2	chr11	113913814	113914112	LTR/ERVL-MaLR	980	+	149	113913963	46466
chr11	113867497	114067497	harbor2	chr11	113966739	113966866	LTR/ERVL-MaLR	691	+	64	113966803	99306
chr11	37025451	37225451	harbor2	chr11	37033608	37033949	LTR/ERVL-MaLR	2091	+	170	37033778	8327
chr11	37025451	37225451	harbor2	chr11	37037813	37038302	LTR/ERVL-MaLR	1026	+	244	37038057	12606
chr11	37025451	37225451	harbor2	chr11	37051953	37052376	LTR/ERVL-MaLR	2038	+	212	37052165	26714
chr11	37025451	37225451	harbor2	chr11	37056160	37056521	LTR/ERVL-MaLR	2119	+	180	37056340	30889
chr11	37025451	37225451	harbor2	chr11	37064360	37064773	LTR/ERVL-MaLR	2053	+	206	37064566	39115
chr11	37025451	37225451	harbor2	chr11	37094643	37094998	LTR/ERVL-MaLR	1970	+	178	37094821	69370
chr11	37025451	37225451	harbor2	chr11	37118991	37119503	LTR/ERVL-MaLR	1100	+	256	37119247	93796
chr11	133340514	133540514	harbor2	chr11	133371399	133371777	LTR/ERVL-MaLR	2359	+	189	133371588	31074
chr11	133340514	133540514	harbor2	chr11	133384962	133385413	LTR/ERVL-MaLR	851	+	226	133385188	44674
chr11	133340514	133540514	harbor2	chr11	133415598	133416146	LTR/ERVL-MaLR	1369	+	274	133415872	75358
chr11	133340514	133540514	harbor2	chr11	133421787	133421949	LTR/ERVL-MaLR	685	+	81	133421868	81354
chr11	133340514	133540514	harbor2	chr11	133423676	133424083	LTR/ERVL-MaLR	2176	+	204	133423880	83366
chr11	106366919	106566919	harbor2	chr11	106399785	106400149	LTR/ERVL-MaLR	1666	+	182	106399967	33048
chr11	106366919	106566919	harbor2	chr11	106403825	106403981	LTR/ERVL-MaLR	828	+	78	106403903	36984
chr11	106366919	106566919	harbor2	chr11	106404388	106404600	LTR/ERVL-MaLR	963	+	106	106404494	37575
chr11	106366919	106566919	harbor2	chr11	106404983	106405054	LTR/ERVL-MaLR	478	+	36	106405019	38100
chr11	106366919	106566919	harbor2	chr11	106437392	106437769	LTR/ERVL-MaLR	1993	+	188	106437580	70661
chr11	106366919	106566919	harbor2	chr11	106445989	106446317	LTR/ERVL-MaLR	1421	+	164	106446153	79234
chr11	106366919	106566919	harbor2	chr11	106450094	106450392	LTR/ERVL-MaLR	675	+	149	106450243	83324
chr11	106366919	106566919	harbor2	chr11	106465820	106466194	LTR/ERVL-MaLR	2029	+	187	106466007	99088
chr11	102516293	102716293	harbor2	chr11	102590794	102591065	LTR/ERVL-MaLR	548	+	136	102590930	74637
chr11	102516293	102716293	harbor2	chr11	102604976	102605362	LTR/ERVL-MaLR	1100	+	193	102605169	88876
chr11	58925397	59125397	harbor2	chr11	58930877	58930986	LTR/ERVL-MaLR	573	+	54	58930931	5534
chr11	58925397	59125397	harbor2	chr11	58995046	58995269	LTR/ERVL-MaLR	782	+	112	58995158	69761
chr11	78064651	78264651	harbor2	chr11	78070139	78070448	LTR/ERVL-MaLR	1619	+	154	78070293	5642
chr11	78064651	78264651	harbor2	chr11	78094310	78094482	LTR/ERVL-MaLR	1858	+	86	78094396	29745
chr11	78064651	78264651	harbor2	chr11	78094758	78095151	LTR/ERVL-MaLR	1858	+	196	78094954	30303
chr11	95268107	95468107	harbor2	chr11	95268081	95268510	LTR/ERVL-MaLR	2252	+	214	95268295	188
chr11	95268107	95468107	harbor2	chr11	95274381	95274753	LTR/ERVL-MaLR	2158	+	186	95274567	6460
chr11	95268107	95468107	harbor2	chr11	95283791	95284174	LTR/ERVL-MaLR	2026	+	192	95283983	15876
chr11	95268107	95468107	harbor2	chr11	95306887	95307299	LTR/ERVL-MaLR	976	+	206	95307093	38986
chr11	95268107	95468107	harbor2	chr11	95323636	95324042	LTR/ERVL-MaLR	1726	+	203	95323839	55732
chr11	95942367	96142367	harbor2	chr11	95943616	95943993	LTR/ERVL-MaLR	2348	+	188	95943804	1437
chr11	95942367	96142367	harbor2	chr11	95945632	95946012	LTR/ERVL-MaLR	2234	+	190	95945822	3455
chr11	95942367	96142367	harbor2	chr11	95950120	95950321	LTR/ERVL-MaLR	1261	+	100	95950220	7853
chr11	95942367	96142367	harbor2	chr11	95950366	95950648	LTR/ERVL-MaLR	1261	+	141	95950507	8140
chr11	95942367	96142367	harbor2	chr11	95950955	95951032	LTR/ERVL-MaLR	1261	+	38	95950993	8626
chr11	95942367	96142367	harbor2	chr11	95973196	95973672	LTR/ERVL-MaLR	1412	+	238	95973434	31067
chr11	95942367	96142367	harbor2	chr11	95974105	95974450	LTR/ERVL-MaLR	1712	+	172	95974277	31910
chr11	95942367	96142367	harbor2	chr11	96004833	96005206	LTR/ERVL-MaLR	1580	+	186	96005019	62652
chr11	95942367	96142367	harbor2	chr11	96021435	96021814	LTR/ERVL-MaLR	905	+	190	96021625	79258
chr11	95942367	96142367	harbor2	chr11	95943996	95945631	LTR/ERVL-MaLR	10527	+	818	95944814	2447
chr11	127507687	127707687	harbor2	chr11	127509419	127509619	LTR/ERVL-MaLR	740	+	100	127509519	1832
chr11	100080912	100280912	harbor2	chr11	100112000	100112390	LTR/ERVL-MaLR	1132	+	195	100112195	31283
chr11	100080912	100280912	harbor2	chr11	100128397	100128718	LTR/ERVL-MaLR	761	+	160	100128557	47645
chr11	100080912	100280912	harbor2	chr11	100150788	100151153	LTR/ERVL-MaLR	1327	+	182	100150970	70058
chr11	94883562	95083562	harbor2	chr11	94935452	94935864	LTR/ERVL-MaLR	2210	+	206	94935658	52096
chr11	133615248	133815248	harbor2	chr11	133656868	133657270	LTR/ERVL-MaLR	1435	+	201	133657069	41821
chr11	133615248	133815248	harbor2	chr11	133700082	133700482	LTR/ERVL-MaLR	2500	+	200	133700282	85034
chr11	133615248	133815248	harbor2	chr11	133703981	133704402	LTR/ERVL-MaLR	588	+	210	133704191	88943
chr11	133967710	134167710	harbor2	chr11	133978850	133979417	LTR/ERVL-MaLR	1352	+	284	133979134	11424
chr11	13320805	13520805	harbor2	chr11	13394197	13394542	LTR/ERVL-MaLR	1606	+	172	13394369	73564
chr11	13320805	13520805	harbor2	chr11	13407685	13408193	LTR/ERVL-MaLR	1834	+	254	13407939	87134
chr11	54653570	54853570	harbor2	chr11	54655795	54656192	LTR/ERVL-MaLR	1302	+	198	54655993	2423
chr11	54653570	54853570	harbor2	chr11	54656195	54656556	LTR/ERVL-MaLR	1684	+	180	54656375	2805
chr11	54653570	54853570	harbor2	chr11	54677278	54677421	LTR/ERVL-MaLR	867	+	72	54677350	23780
chr11	54653570	54853570	harbor2	chr11	54677422	54677797	LTR/ERVL-MaLR	2278	+	188	54677610	24040
chr11	54653570	54853570	harbor2	chr11	54701233	54701445	LTR/ERVL-MaLR	1074	+	106	54701339	47769
chr11	54653570	54853570	harbor2	chr11	54730515	54730867	LTR/ERVL-MaLR	1951	+	176	54730691	77121
chr11	54653570	54853570	harbor2	chr11	54739660	54740010	LTR/ERVL-MaLR	1752	+	175	54739835	86265
chr11	63250458	63450458	harbor2	chr11	63262288	63263114	LTR/ERVL-MaLR	2323	+	413	63262701	12243
chr11	116678321	116878321	harbor2	chr11	116679186	116679595	LTR/ERVL-MaLR	2368	+	204	116679390	1069
chr11	116678321	116878321	harbor2	chr11	116688566	116688698	LTR/ERVL-MaLR	732	+	66	116688632	10311
chr11	116678321	116878321	harbor2	chr11	116688990	116689192	LTR/ERVL-MaLR	732	+	101	116689091	10770
chr11	116678321	116878321	harbor2	chr11	116689308	116689490	LTR/ERVL-MaLR	574	+	91	116689399	11078
chr11	116678321	116878321	harbor2	chr11	116712724	116712967	LTR/ERVL-MaLR	2887	+	122	116712846	34525
chr11	116678321	116878321	harbor2	chr11	116713277	116713666	LTR/ERVL-MaLR	2887	+	194	116713471	35150
chr11	116678321	116878321	harbor2	chr11	116743917	116744223	LTR/ERVL-MaLR	657	+	153	116744070	65749
chr11	129635173	129835173	harbor2	chr11	129668861	129669262	LTR/ERVL-MaLR	1513	+	200	129669061	33888
chr11	129635173	129835173	harbor2	chr11	129681700	129682067	LTR/ERVL-MaLR	1629	+	184	129681884	46711
chr11	91599682	91799682	harbor2	chr11	91613382	91613897	LTR/ERVL-MaLR	1266	+	258	91613640	13958
chr11	91599682	91799682	harbor2	chr11	91636864	91637237	LTR/ERVL-MaLR	2460	+	186	91637050	37368
chr11	91599682	91799682	harbor2	chr11	91637240	91637553	LTR/ERVL-MaLR	1832	+	156	91637396	37714
chr11	91599682	91799682	harbor2	chr11	91660909	91661172	LTR/ERVL-MaLR	453	+	132	91661041	61359
chr11	91599682	91799682	harbor2	chr11	91672598	91673001	LTR/ERVL-MaLR	1425	+	202	91672800	73118
chr11	91599682	91799682	harbor2	chr11	91675412	91675777	LTR/ERVL-MaLR	2343	+	182	91675594	75912
chr11	91599682	91799682	harbor2	chr11	91675778	91677353	LTR/ERVL-MaLR	11259	+	788	91676566	76884
chr11	91599682	91799682	harbor2	chr11	91677354	91677708	LTR/ERVL-MaLR	2777	+	177	91677531	77849
chr11	123420345	123620345	harbor2	chr11	123440794	123441141	LTR/ERVL-MaLR	2268	+	174	123440968	20623
chr11	123420345	123620345	harbor2	chr11	123499076	123499423	LTR/ERVL-MaLR	1186	+	174	123499250	78905
chr11	84433158	84633158	harbor2	chr11	84476590	84477007	LTR/ERVL-MaLR	1411	+	208	84476798	43640
chr11	84433158	84633158	harbor2	chr11	84484072	84484470	LTR/ERVL-MaLR	582	+	199	84484271	51113
chr11	84433158	84633158	harbor2	chr11	84491158	84491509	LTR/ERVL-MaLR	2160	+	176	84491334	58176
chr11	84433158	84633158	harbor2	chr11	84505889	84506076	LTR/ERVL-MaLR	1809	+	94	84505983	72825
chr11	84433158	84633158	harbor2	chr11	84506375	84506730	LTR/ERVL-MaLR	1809	+	178	84506553	73395
chr11	112850025	113050025	harbor2	chr11	112867762	112868160	LTR/ERVL-MaLR	704	+	199	112867961	17936
chr11	112850025	113050025	harbor2	chr11	112879173	112879611	LTR/ERVL-MaLR	1737	+	219	112879392	29367
chr11	112850025	113050025	harbor2	chr11	112887607	112887747	LTR/ERVL-MaLR	379	+	70	112887677	37652
chr11	112850025	113050025	harbor2	chr11	112890812	112891150	LTR/ERVL-MaLR	481	+	169	112890981	40956
chr11	112850025	113050025	harbor2	chr11	112898357	112898906	LTR/ERVL-MaLR	1950	+	274	112898631	48606
chr11	112850025	113050025	harbor2	chr11	112906142	112906541	LTR/ERVL-MaLR	2012	+	200	112906342	56317
chr11	112850025	113050025	harbor2	chr11	112915290	112915649	LTR/ERVL-MaLR	1871	+	180	112915470	65445
chr11	112850025	113050025	harbor2	chr11	112919303	112919892	LTR/ERVL-MaLR	2448	+	294	112919597	69572
chr11	112850025	113050025	harbor2	chr11	112945703	112945995	LTR/ERVL-MaLR	791	+	146	112945849	95824
chr11	133986799	134186799	harbor2	chr11	134080378	134080725	LTR/ERVL-MaLR	2148	+	174	134080552	93753
chr11	133986799	134186799	harbor2	chr11	134080732	134082397	LTR/ERVL-MaLR	10335	+	832	134081564	94765
chr11	133986799	134186799	harbor2	chr11	134082398	134082750	LTR/ERVL-MaLR	2079	+	176	134082574	95775
chr11	72272748	72472748	harbor2	chr11	72328000	72328399	LTR/ERVL-MaLR	1254	+	200	72328200	55452
chr11	72272748	72472748	harbor2	chr11	72347669	72348160	LTR/ERVL-MaLR	1900	+	246	72347915	75167
chr11	130087869	130287869	harbor2	chr11	130150647	130151135	LTR/ERVL-MaLR	1177	+	244	130150891	63022
chr11	118051190	118251190	harbor2	chr11	118069603	118069747	LTR/ERVL-MaLR	616	+	72	118069675	18485
chr11	118051190	118251190	harbor2	chr11	118122769	118123129	LTR/ERVL-MaLR	2164	+	180	118122949	71759
chr11	66026136	66226136	harbor2	chr11	66037265	66037632	LTR/ERVL-MaLR	2382	+	184	66037449	11313
chr11	66026136	66226136	harbor2	chr11	66037928	66037999	LTR/ERVL-MaLR	2382	+	36	66037964	11828
chr11	66026136	66226136	harbor2	chr11	66039894	66040284	LTR/ERVL-MaLR	1992	+	195	66040089	13953
chr11	66026136	66226136	harbor2	chr11	66097130	66097688	LTR/ERVL-MaLR	1265	+	279	66097409	71273
chr11	66026136	66226136	harbor2	chr11	66043812	66044365	LTR/ERVL-MaLR	1778	+	276	66044088	17952
chr11	106075382	106275382	harbor2	chr11	106159844	106160192	LTR/ERVL-MaLR	1037	+	174	106160018	84636
chr11	106075382	106275382	harbor2	chr11	106102571	106102954	LTR/ERVL-MaLR	2362	+	192	106102763	27381
chr11	121108420	121308420	harbor2	chr11	121122131	121122495	LTR/ERVL-MaLR	2377	+	182	121122313	13893
chr11	121108420	121308420	harbor2	chr11	121122498	121122555	LTR/ERVL-MaLR	940	+	28	121122526	14106
chr11	121108420	121308420	harbor2	chr11	121122868	121122975	LTR/ERVL-MaLR	940	+	54	121122922	14502
chr11	113629346	113829346	harbor2	chr11	113633021	113633150	LTR/ERVL-MaLR	381	+	64	113633085	3739
chr11	113629346	113829346	harbor2	chr11	113650323	113650808	LTR/ERVL-MaLR	2121	+	242	113650565	21219
chr11	113629346	113829346	harbor2	chr11	113697860	113698267	LTR/ERVL-MaLR	1568	+	204	113698064	68718
chr11	113629346	113829346	harbor2	chr11	113700784	113701160	LTR/ERVL-MaLR	2369	+	188	113700972	71626
chr11	113629346	113829346	harbor2	chr11	113701168	113701473	LTR/ERVL-MaLR	2339	+	152	113701320	71974
chr11	113629346	113829346	harbor2	chr11	113702359	113703566	LTR/ERVL-MaLR	8291	+	604	113702963	73617
chr11	113629346	113829346	harbor2	chr11	113703573	113703949	LTR/ERVL-MaLR	2336	+	188	113703761	74415
chr11	113629346	113829346	harbor2	chr11	113724150	113724560	LTR/ERVL-MaLR	1487	+	205	113724355	95009
chr11	118165776	118365776	harbor2	chr11	118190211	118190552	LTR/ERVL-MaLR	2192	+	170	118190381	24605
chr11	118165776	118365776	harbor2	chr11	118190869	118192444	LTR/ERVL-MaLR	12432	+	788	118191657	25881
chr11	118165776	118365776	harbor2	chr11	118192445	118192491	LTR/ERVL-MaLR	2305	+	23	118192468	26692
chr11	118165776	118365776	harbor2	chr11	118192783	118193103	LTR/ERVL-MaLR	2305	+	160	118192943	27167
chr11	118165776	118365776	harbor2	chr11	118258603	118259001	LTR/ERVL-MaLR	2091	+	199	118258802	93026
chr11	134159015	134359015	harbor2	chr11	134187964	134188032	LTR/ERVL-MaLR	1286	+	34	134187998	28983
chr11	134159015	134359015	harbor2	chr11	134188842	134189056	LTR/ERVL-MaLR	1286	+	107	134188949	29934
chr11	134159015	134359015	harbor2	chr11	134196904	134197273	LTR/ERVL-MaLR	2324	+	184	134197088	38073
chr11	134159015	134359015	harbor2	chr11	134197577	134197615	LTR/ERVL-MaLR	2324	+	19	134197596	38581
chr11	128279504	128479504	harbor2	chr11	128284801	128285310	LTR/ERVL-MaLR	1534	+	254	128285055	5551
chr11	128279504	128479504	harbor2	chr11	128310737	128311154	LTR/ERVL-MaLR	1968	+	208	128310945	31441
chr11	128279504	128479504	harbor2	chr11	128353146	128353568	LTR/ERVL-MaLR	2495	+	211	128353357	73853
chr11	68094377	68294377	harbor2	chr11	68130169	68130370	LTR/ERVL-MaLR	591	+	100	68130269	35892
chr11	68094377	68294377	harbor2	chr11	68152608	68152947	LTR/ERVL-MaLR	1170	+	170	68152778	58401
chr11	94229243	94429243	harbor2	chr11	94229614	94229940	LTR/ERVL-MaLR	2218	+	163	94229777	534
chr11	94229243	94429243	harbor2	chr11	94230438	94230832	LTR/ERVL-MaLR	662	+	197	94230635	1392
chr11	94229243	94429243	harbor2	chr11	94243723	94244250	LTR/ERVL-MaLR	2396	+	264	94243987	14744
chr11	94229243	94429243	harbor2	chr11	94297747	94298119	LTR/ERVL-MaLR	2536	+	186	94297933	68690
chr11	94229243	94429243	harbor2	chr11	94314877	94315292	LTR/ERVL-MaLR	2095	+	208	94315085	85842
chr11	94229243	94429243	harbor2	chr11	94320699	94321091	LTR/ERVL-MaLR	1960	+	196	94320895	91652
chr11	117853044	118053044	harbor2	chr11	117881520	117882004	LTR/ERVL-MaLR	545	+	242	117881762	28718
chr11	117853044	118053044	harbor2	chr11	117884095	117884348	LTR/ERVL-MaLR	702	+	126	117884221	31177
chr11	117853044	118053044	harbor2	chr11	117884664	117884900	LTR/ERVL-MaLR	702	+	118	117884782	31738
chr11	87279615	87479615	harbor2	chr11	87281673	87281986	LTR/ERVL-MaLR	831	+	156	87281829	2214
chr11	87279615	87479615	harbor2	chr11	87310637	87310806	LTR/ERVL-MaLR	788	+	84	87310721	31106
chr11	87279615	87479615	harbor2	chr11	87327057	87327413	LTR/ERVL-MaLR	567	+	178	87327235	47620
chr11	87279615	87479615	harbor2	chr11	87333589	87333775	LTR/ERVL-MaLR	1887	+	93	87333682	54067
chr11	87279615	87479615	harbor2	chr11	87334075	87334277	LTR/ERVL-MaLR	1887	+	101	87334176	54561
chr11	87279615	87479615	harbor2	chr11	87376262	87376622	LTR/ERVL-MaLR	2243	+	180	87376442	96827
chr11	92857148	93057148	harbor2	chr11	92900376	92900536	LTR/ERVL-MaLR	618	+	80	92900456	43308
chr11	92857148	93057148	harbor2	chr11	92903389	92903849	LTR/ERVL-MaLR	1918	+	230	92903619	46471
chr11	92857148	93057148	harbor2	chr11	92921133	92921506	LTR/ERVL-MaLR	2314	+	186	92921319	64171
chr11	92857148	93057148	harbor2	chr11	92924159	92924564	LTR/ERVL-MaLR	2231	+	202	92924361	67213
chr11	92857148	93057148	harbor2	chr11	92924565	92926170	LTR/ERVL-MaLR	10830	+	802	92925367	68219
chr11	92857148	93057148	harbor2	chr11	92926171	92926556	LTR/ERVL-MaLR	2241	+	192	92926363	69215
chr11	92857148	93057148	harbor2	chr11	92942870	92943333	LTR/ERVL-MaLR	1204	+	232	92943102	85954
chr11	92857148	93057148	harbor2	chr11	92943334	92943465	LTR/ERVL-MaLR	575	+	66	92943400	86252
chr11	129335746	129535746	harbor2	chr11	129356042	129356125	LTR/ERVL-MaLR	406	+	42	129356084	20338
chr11	95053867	95253867	harbor2	chr11	95053024	95054669	LTR/ERVL-MaLR	9511	+	822	95053846	21
chr11	95053867	95253867	harbor2	chr11	95054671	95055074	LTR/ERVL-MaLR	2393	+	202	95054873	1006
chr11	95053867	95253867	harbor2	chr11	95080097	95080428	LTR/ERVL-MaLR	1445	+	166	95080263	26396
chr11	104756804	104956804	harbor2	chr11	104763746	104764097	LTR/ERVL-MaLR	1567	+	176	104763922	7118
chr11	104756804	104956804	harbor2	chr11	104779483	104779903	LTR/ERVL-MaLR	1971	+	210	104779693	22889
chr11	104756804	104956804	harbor2	chr11	104802069	104802241	LTR/ERVL-MaLR	657	+	86	104802155	45351
chr11	104756804	104956804	harbor2	chr11	104822361	104822709	LTR/ERVL-MaLR	2533	+	174	104822535	65731
chr11	122556278	122756278	harbor2	chr11	122583701	122584051	LTR/ERVL-MaLR	2326	+	175	122583876	27598
chr11	122556278	122756278	harbor2	chr11	122594480	122594635	LTR/ERVL-MaLR	1669	+	78	122594558	38280
chr11	122556278	122756278	harbor2	chr11	122594939	122595141	LTR/ERVL-MaLR	1669	+	101	122595040	38762
chr11	122556278	122756278	harbor2	chr11	122648289	122648370	LTR/ERVL-MaLR	1215	+	40	122648329	92051
chr11	122556278	122756278	harbor2	chr11	122648679	122648848	LTR/ERVL-MaLR	1215	+	84	122648763	92485
chr11	122556278	122756278	harbor2	chr11	122649138	122649398	LTR/ERVL-MaLR	1215	+	130	122649268	92990
chr11	86541039	86741039	harbor2	chr11	86560108	86560485	LTR/ERVL-MaLR	2412	+	188	86560296	19257
chr11	86541039	86741039	harbor2	chr11	86591279	86591579	LTR/ERVL-MaLR	2135	+	150	86591429	50390
chr11	86541039	86741039	harbor2	chr11	86591929	86592025	LTR/ERVL-MaLR	2135	+	48	86591977	50938
chr11	86541039	86741039	harbor2	chr11	86618558	86618719	LTR/ERVL-MaLR	2409	+	80	86618638	77599
chr11	86541039	86741039	harbor2	chr11	86619009	86619262	LTR/ERVL-MaLR	2409	+	126	86619135	78096
chr11	86541039	86741039	harbor2	chr11	86619426	86619787	LTR/ERVL-MaLR	2289	+	180	86619606	78567
chr11	86541039	86741039	harbor2	chr11	86623868	86624133	LTR/ERVL-MaLR	538	+	132	86624000	82961
chr11	86541039	86741039	harbor2	chr11	86635232	86635458	LTR/ERVL-MaLR	741	+	113	86635345	94306
chr11	86541039	86741039	harbor2	chr11	86635459	86635804	LTR/ERVL-MaLR	1423	+	172	86635631	94592
chr11	111201435	111401435	harbor2	chr11	111204284	111204651	LTR/ERVL-MaLR	1773	+	184	111204468	3033
chr11	111201435	111401435	harbor2	chr11	111226728	111226865	LTR/ERVL-MaLR	656	+	68	111226796	25361
chr11	111201435	111401435	harbor2	chr11	111260351	111260812	LTR/ERVL-MaLR	1043	+	230	111260581	59146
chr11	111201435	111401435	harbor2	chr11	111278388	111278544	LTR/ERVL-MaLR	1391	+	78	111278466	77031
chr11	111201435	111401435	harbor2	chr11	111278589	111278743	LTR/ERVL-MaLR	1391	+	77	111278666	77231
chr11	107209862	107409862	harbor2	chr11	107213724	107213889	LTR/ERVL-MaLR	548	+	82	107213806	3944
chr11	107209862	107409862	harbor2	chr11	107220275	107220813	LTR/ERVL-MaLR	1603	+	269	107220544	10682
chr11	107209862	107409862	harbor2	chr11	107238421	107238783	LTR/ERVL-MaLR	2545	+	181	107238602	28740
chr11	107209862	107409862	harbor2	chr11	107260601	107261047	LTR/ERVL-MaLR	1420	+	223	107260824	50962
chr11	107209862	107409862	harbor2	chr11	107304516	107304944	LTR/ERVL-MaLR	1203	+	214	107304730	94868
chr11	107209862	107409862	harbor2	chr11	107305743	107306108	LTR/ERVL-MaLR	1850	+	182	107305925	96063
chr11	107209862	107409862	harbor2	chr11	107308064	107308507	LTR/ERVL-MaLR	2156	+	222	107308286	98424
chr11	40026292	40226292	harbor2	chr11	40058014	40058193	LTR/ERVL-MaLR	480	+	90	40058104	31812
chr11	40026292	40226292	harbor2	chr11	40072137	40072638	LTR/ERVL-MaLR	1936	+	250	40072387	46095
chr11	40026292	40226292	harbor2	chr11	40077349	40077666	LTR/ERVL-MaLR	1071	+	158	40077507	51215
chr11	40026292	40226292	harbor2	chr11	40079258	40079616	LTR/ERVL-MaLR	1702	+	179	40079437	53145
chr11	40026292	40226292	harbor2	chr11	40079626	40080414	LTR/ERVL-MaLR	6481	+	394	40080020	53728
chr11	40026292	40226292	harbor2	chr11	40081044	40082028	LTR/ERVL-MaLR	6481	+	492	40081536	55244
chr11	40026292	40226292	harbor2	chr11	40082030	40082418	LTR/ERVL-MaLR	1647	+	194	40082224	55932
chr11	40026292	40226292	harbor2	chr11	40086505	40087087	LTR/ERVL-MaLR	1836	+	291	40086796	60504
chr11	40026292	40226292	harbor2	chr11	40125095	40125532	LTR/ERVL-MaLR	1344	+	218	40125313	99021
chr11	133316121	133516121	harbor2	chr11	133371399	133371777	LTR/ERVL-MaLR	2359	+	189	133371588	55467
chr11	133316121	133516121	harbor2	chr11	133384962	133385413	LTR/ERVL-MaLR	851	+	226	133385188	69067
chr11	133316121	133516121	harbor2	chr11	133415598	133416146	LTR/ERVL-MaLR	1369	+	274	133415872	99751
chr11	22184829	22384829	harbor2	chr11	22186100	22186550	LTR/ERVL-MaLR	1877	+	225	22186325	1496
chr11	22184829	22384829	harbor2	chr11	22191244	22191563	LTR/ERVL-MaLR	2056	+	160	22191404	6575
chr11	129617131	129817131	harbor2	chr11	129668861	129669262	LTR/ERVL-MaLR	1513	+	200	129669061	51930
chr11	129617131	129817131	harbor2	chr11	129681700	129682067	LTR/ERVL-MaLR	1629	+	184	129681884	64753
chr11	85271180	85471180	harbor2	chr11	85270465	85272007	LTR/ERVL-MaLR	10915	+	771	85271236	56
chr11	85271180	85471180	harbor2	chr11	85272008	85272363	LTR/ERVL-MaLR	2490	+	178	85272186	1006
chr11	85271180	85471180	harbor2	chr11	85309226	85309356	LTR/ERVL-MaLR	475	+	65	85309291	38111
chr11	85271180	85471180	harbor2	chr11	85312935	85313103	LTR/ERVL-MaLR	600	+	84	85313019	41839
chr11	85271180	85471180	harbor2	chr11	85313159	85313429	LTR/ERVL-MaLR	555	+	135	85313294	42114
chr11	106705018	106905018	harbor2	chr11	106716945	106717184	LTR/ERVL-MaLR	493	+	120	106717065	12047
chr11	106705018	106905018	harbor2	chr11	106759449	106759651	LTR/ERVL-MaLR	1630	+	101	106759550	54532
chr11	106705018	106905018	harbor2	chr11	106759956	106760226	LTR/ERVL-MaLR	1630	+	135	106760091	55073
chr11	128108103	128308103	harbor2	chr11	128159351	128159534	LTR/ERVL-MaLR	511	+	92	128159443	51340
chr11	128108103	128308103	harbor2	chr11	128176217	128176304	LTR/ERVL-MaLR	403	+	44	128176261	68158
chr11	128108103	128308103	harbor2	chr11	128185071	128185435	LTR/ERVL-MaLR	2454	+	182	128185253	77150
chr11	128108103	128308103	harbor2	chr11	128187160	128187619	LTR/ERVL-MaLR	1222	+	230	128187390	79287
chr11	128108103	128308103	harbor2	chr11	128206616	128207052	LTR/ERVL-MaLR	2070	+	218	128206834	98731
chr11	115099626	115299626	harbor2	chr11	115107430	115107593	LTR/ERVL-MaLR	520	+	82	115107512	7886
chr11	115099626	115299626	harbor2	chr11	115120832	115121177	LTR/ERVL-MaLR	1862	+	172	115121004	21378
chr11	115099626	115299626	harbor2	chr11	115126280	115126456	LTR/ERVL-MaLR	384	+	88	115126368	26742
chr11	115099626	115299626	harbor2	chr11	115126803	115126973	LTR/ERVL-MaLR	384	+	85	115126888	27262
chr11	115099626	115299626	harbor2	chr11	115146119	115146161	LTR/ERVL-MaLR	1646	+	21	115146140	46514
chr11	115099626	115299626	harbor2	chr11	115150901	115151445	LTR/ERVL-MaLR	678	+	272	115151173	51547
chr11	115099626	115299626	harbor2	chr11	115151873	115152258	LTR/ERVL-MaLR	1932	+	192	115152065	52439
chr11	115099626	115299626	harbor2	chr11	115146464	115146782	LTR/ERVL-MaLR	1646	+	159	115146623	46997
chr11	133904623	134104623	harbor2	chr11	133978850	133979417	LTR/ERVL-MaLR	1352	+	284	133979134	74511
chr11	114390856	114590856	harbor2	chr11	114420285	114420677	LTR/ERVL-MaLR	1700	+	196	114420481	29625
chr11	114390856	114590856	harbor2	chr11	114480320	114480695	LTR/ERVL-MaLR	560	+	188	114480508	89652
chr11	114853136	115053136	harbor2	chr11	114853742	114854178	LTR/ERVL-MaLR	1647	+	218	114853960	824
chr11	114853136	115053136	harbor2	chr11	114859781	114860287	LTR/ERVL-MaLR	2402	+	253	114860034	6898
chr11	114853136	115053136	harbor2	chr11	114871604	114871810	LTR/ERVL-MaLR	2036	+	103	114871707	18571
chr11	114853136	115053136	harbor2	chr11	114872099	114872364	LTR/ERVL-MaLR	2036	+	132	114872231	19095
chr11	114853136	115053136	harbor2	chr11	114896602	114896994	LTR/ERVL-MaLR	2070	+	196	114896798	43662
chr11	114853136	115053136	harbor2	chr11	114926662	114927030	LTR/ERVL-MaLR	2521	+	184	114926846	73710
chr11	114853136	115053136	harbor2	chr11	114937835	114938244	LTR/ERVL-MaLR	2292	+	204	114938039	84903
chr11	114853136	115053136	harbor2	chr11	114938245	114939341	LTR/ERVL-MaLR	6208	+	548	114938793	85657
chr11	67228684	67428684	harbor2	chr11	67328211	67328232	LTR/ERVL-MaLR	1239	+	10	67328221	99537
chr11	67228684	67428684	harbor2	chr11	67328533	67328826	LTR/ERVL-MaLR	1239	+	146	67328679	99995
chr11	126183424	126383424	harbor2	chr11	126191102	126191474	LTR/ERVL-MaLR	1651	+	186	126191288	7864
chr11	41412398	41612398	harbor2	chr11	41419208	41419511	LTR/ERVL-MaLR	580	+	152	41419360	6962
chr11	41412398	41612398	harbor2	chr11	41422447	41422706	LTR/ERVL-MaLR	877	+	130	41422577	10179
chr11	41412398	41612398	harbor2	chr11	41423853	41423946	LTR/ERVL-MaLR	593	+	46	41423899	11501
chr11	41412398	41612398	harbor2	chr11	41423931	41424062	LTR/ERVL-MaLR	750	+	66	41423997	11599
chr11	41412398	41612398	harbor2	chr11	41428980	41429359	LTR/ERVL-MaLR	2705	+	190	41429170	16772
chr11	41412398	41612398	harbor2	chr11	41440609	41440970	LTR/ERVL-MaLR	1959	+	180	41440789	28391
chr11	41412398	41612398	harbor2	chr11	41462935	41463000	LTR/ERVL-MaLR	447	+	32	41462967	50569
chr11	41412398	41612398	harbor2	chr11	41463522	41463665	LTR/ERVL-MaLR	629	+	72	41463594	51196
chr11	41412398	41612398	harbor2	chr11	41467985	41468354	LTR/ERVL-MaLR	2337	+	184	41468169	55771
chr11	41412398	41612398	harbor2	chr11	41479630	41479987	LTR/ERVL-MaLR	2082	+	178	41479808	67410
chr11	41412398	41612398	harbor2	chr11	41487236	41487402	LTR/ERVL-MaLR	474	+	83	41487319	74921
chr11	41412398	41612398	harbor2	chr11	41487420	41487710	LTR/ERVL-MaLR	560	+	145	41487565	75167
chr11	41412398	41612398	harbor2	chr11	41496558	41497024	LTR/ERVL-MaLR	520	+	233	41496791	84393
chr11	41412398	41612398	harbor2	chr11	41507917	41508280	LTR/ERVL-MaLR	2594	+	182	41508099	95701
chr11	76310129	76510129	harbor2	chr11	76334311	76334413	LTR/ERVL-MaLR	788	+	51	76334362	24233
chr11	76310129	76510129	harbor2	chr11	76334414	76335853	LTR/ERVL-MaLR	9351	+	720	76335134	25005
chr11	76310129	76510129	harbor2	chr11	76335854	76336249	LTR/ERVL-MaLR	2128	+	198	76336052	25923
chr11	76310129	76510129	harbor2	chr11	76348858	76349256	LTR/ERVL-MaLR	833	+	199	76349057	38928
chr11	76310129	76510129	harbor2	chr11	76374779	76375088	LTR/ERVL-MaLR	1259	+	154	76374933	64804
chr11	65093760	65293760	harbor2	chr11	65147326	65147587	LTR/ERVL-MaLR	760	+	130	65147456	53696
chr11	65093760	65293760	harbor2	chr11	65147904	65148089	LTR/ERVL-MaLR	693	+	92	65147996	54236
chr11	65093760	65293760	harbor2	chr11	65152459	65152500	LTR/ERVL-MaLR	2177	+	20	65152479	58719
chr11	65093760	65293760	harbor2	chr11	65152843	65153312	LTR/ERVL-MaLR	2177	+	234	65153077	59317
chr11	65093760	65293760	harbor2	chr11	65168192	65168297	LTR/ERVL-MaLR	749	+	52	65168244	74484
chr11	65093760	65293760	harbor2	chr11	65168589	65168668	LTR/ERVL-MaLR	749	+	40	65168629	74869
chr11	96178268	96378268	harbor2	chr11	96180184	96180737	LTR/ERVL-MaLR	1975	+	276	96180460	2192
chr11	96178268	96378268	harbor2	chr11	96198729	96198915	LTR/ERVL-MaLR	1425	+	93	96198822	20554
chr11	96178268	96378268	harbor2	chr11	96199223	96199504	LTR/ERVL-MaLR	1425	+	140	96199363	21095
chr11	96178268	96378268	harbor2	chr11	96225066	96225549	LTR/ERVL-MaLR	1686	+	242	96225308	47040
chr11	96178268	96378268	harbor2	chr11	96225845	96225860	LTR/ERVL-MaLR	1686	+	8	96225853	47585
chr11	96178268	96378268	harbor2	chr11	96255682	96255851	LTR/ERVL-MaLR	383	+	84	96255766	77498
chr11	96178268	96378268	harbor2	chr11	96261031	96261429	LTR/ERVL-MaLR	2454	+	199	96261230	82962
chr11	96178268	96378268	harbor2	chr11	96268580	96268943	LTR/ERVL-MaLR	2639	+	182	96268762	90494
chr11	96178268	96378268	harbor2	chr11	96271325	96271416	LTR/ERVL-MaLR	505	+	46	96271371	93103
chr11	96178268	96378268	harbor2	chr11	96271417	96271787	LTR/ERVL-MaLR	2765	+	185	96271602	93334
chr11	128940531	129140531	harbor2	chr11	128940356	128940719	LTR/ERVL-MaLR	1459	+	182	128940538	7
chr11	128940531	129140531	harbor2	chr11	128976958	128977272	LTR/ERVL-MaLR	1055	+	157	128977115	36584
chr11	128940531	129140531	harbor2	chr11	129030740	129031140	LTR/ERVL-MaLR	2272	+	200	129030940	90409
chr11	126418489	126618489	harbor2	chr11	126448478	126448807	LTR/ERVL-MaLR	998	+	164	126448642	30153
chr11	126418489	126618489	harbor2	chr11	126464033	126464226	LTR/ERVL-MaLR	554	+	96	126464129	45640
chr11	126418489	126618489	harbor2	chr11	126464619	126464885	LTR/ERVL-MaLR	938	+	133	126464752	46263
chr11	126418489	126618489	harbor2	chr11	126496031	126496195	LTR/ERVL-MaLR	593	+	82	126496113	77624
chr11	126418489	126618489	harbor2	chr11	126503590	126503781	LTR/ERVL-MaLR	516	+	96	126503686	85197
chr11	126418489	126618489	harbor2	chr11	126503889	126504002	LTR/ERVL-MaLR	500	+	56	126503945	85456
chr11	125651284	125851284	harbor2	chr11	125699248	125699665	LTR/ERVL-MaLR	2404	+	208	125699456	48172
chr11	125651284	125851284	harbor2	chr11	125735399	125735753	LTR/ERVL-MaLR	1786	+	177	125735576	84292
chr11	133061478	133261478	harbor2	chr11	133090257	133091941	LTR/ERVL-MaLR	7768	+	842	133091099	29621
chr11	133061478	133261478	harbor2	chr11	133091945	133092322	LTR/ERVL-MaLR	1862	+	188	133092133	30655
chr11	133061478	133261478	harbor2	chr11	133130958	133131301	LTR/ERVL-MaLR	1633	+	172	133131130	69652
chr11	133061478	133261478	harbor2	chr11	133137964	133138377	LTR/ERVL-MaLR	1725	+	206	133138170	76692
chr11	133061478	133261478	harbor2	chr11	133143211	133143584	LTR/ERVL-MaLR	497	+	186	133143397	81919
chr11	108187439	108387439	harbor2	chr11	108210246	108210639	LTR/ERVL-MaLR	2216	+	196	108210442	23003
chr11	108187439	108387439	harbor2	chr11	108239038	108239377	LTR/ERVL-MaLR	1361	+	170	108239208	51769
chr11	101043426	101243426	harbor2	chr11	101047932	101048142	LTR/ERVL-MaLR	571	+	105	101048037	4611
chr11	101043426	101243426	harbor2	chr11	101081941	101082330	LTR/ERVL-MaLR	2011	+	194	101082135	38709
chr11	101043426	101243426	harbor2	chr11	101082331	101083969	LTR/ERVL-MaLR	11580	+	819	101083150	39724
chr11	101043426	101243426	harbor2	chr11	101083970	101084348	LTR/ERVL-MaLR	1758	+	189	101084159	40733
chr11	101043426	101243426	harbor2	chr11	101094773	101095109	LTR/ERVL-MaLR	1671	+	168	101094941	51515
chr11	101043426	101243426	harbor2	chr11	101100072	101100468	LTR/ERVL-MaLR	2273	+	198	101100270	56844
chr11	101043426	101243426	harbor2	chr11	101134134	101134444	LTR/ERVL-MaLR	1446	+	155	101134289	90863
chr11	117648754	117848754	harbor2	chr11	117729735	117729918	LTR/ERVL-MaLR	2442	+	92	117729827	81073
chr11	117648754	117848754	harbor2	chr11	117730206	117730530	LTR/ERVL-MaLR	2442	+	162	117730368	81614
chr11	117648754	117848754	harbor2	chr11	117741197	117741538	LTR/ERVL-MaLR	1149	+	170	117741367	92613
chr11	106771742	106971742	harbor2	chr11	106815794	106816066	LTR/ERVL-MaLR	978	+	136	106815930	44188
chr11	106771742	106971742	harbor2	chr11	106831599	106831841	LTR/ERVL-MaLR	520	+	121	106831720	59978
chr11	56809705	57009705	harbor2	chr11	56865926	56866328	LTR/ERVL-MaLR	2907	+	201	56866127	56422
chr11	56809705	57009705	harbor2	chr11	56866329	56866438	LTR/ERVL-MaLR	727	+	54	56866383	56678
chr11	56809705	57009705	harbor2	chr11	56881073	56881247	LTR/ERVL-MaLR	516	+	87	56881160	71455
chr11	130913332	131113332	harbor2	chr11	130922952	130923329	LTR/ERVL-MaLR	2138	+	188	130923140	9808
chr11	130913332	131113332	harbor2	chr11	130938586	130938763	LTR/ERVL-MaLR	539	+	88	130938674	25342
chr11	130913332	131113332	harbor2	chr11	131001408	131001852	LTR/ERVL-MaLR	1256	+	222	131001630	88298
chr11	74524261	74724261	harbor2	chr11	74552166	74552516	LTR/ERVL-MaLR	2184	+	175	74552341	28080
chr11	74524261	74724261	harbor2	chr11	74557013	74557201	LTR/ERVL-MaLR	457	+	94	74557107	32846
chr11	74524261	74724261	harbor2	chr11	74557522	74557608	LTR/ERVL-MaLR	457	+	43	74557565	33304
chr11	74524261	74724261	harbor2	chr11	74558016	74558323	LTR/ERVL-MaLR	1340	+	154	74558170	33909
chr11	74524261	74724261	harbor2	chr11	74565730	74565942	LTR/ERVL-MaLR	1067	+	106	74565836	41575
chr11	74524261	74724261	harbor2	chr11	74567907	74568314	LTR/ERVL-MaLR	603	+	204	74568111	43850
chr11	132351591	132551591	harbor2	chr11	132361077	132361519	LTR/ERVL-MaLR	605	+	221	132361298	9707
chr11	132351591	132551591	harbor2	chr11	132392910	132393269	LTR/ERVL-MaLR	1694	+	180	132393090	41499
chr11	132351591	132551591	harbor2	chr11	132433571	132433965	LTR/ERVL-MaLR	1313	+	197	132433768	82177
chr11	132351591	132551591	harbor2	chr11	132442588	132442925	LTR/ERVL-MaLR	2072	+	168	132442756	91165
chr11	42340154	42540154	harbor2	chr11	42349667	42350025	LTR/ERVL-MaLR	2404	+	179	42349846	9692
chr11	42340154	42540154	harbor2	chr11	42351908	42352414	LTR/ERVL-MaLR	1356	+	253	42352161	12007
chr11	42340154	42540154	harbor2	chr11	42362237	42362503	LTR/ERVL-MaLR	856	+	133	42362370	22216
chr11	42340154	42540154	harbor2	chr11	42362638	42362696	LTR/ERVL-MaLR	386	+	29	42362667	22513
chr11	42340154	42540154	harbor2	chr11	42366926	42367301	LTR/ERVL-MaLR	2317	+	188	42367114	26960
chr11	42340154	42540154	harbor2	chr11	42367302	42367487	LTR/ERVL-MaLR	5570	+	92	42367394	27240
chr11	42340154	42540154	harbor2	chr11	42367791	42368755	LTR/ERVL-MaLR	5570	+	482	42368273	28119
chr11	42340154	42540154	harbor2	chr11	42372323	42372689	LTR/ERVL-MaLR	2247	+	183	42372506	32352
chr11	42340154	42540154	harbor2	chr11	42385510	42385710	LTR/ERVL-MaLR	751	+	100	42385610	45456
chr11	42340154	42540154	harbor2	chr11	42388706	42388949	LTR/ERVL-MaLR	1010	+	122	42388828	48674
chr11	42340154	42540154	harbor2	chr11	42399732	42399860	LTR/ERVL-MaLR	2347	+	64	42399796	59642
chr11	42340154	42540154	harbor2	chr11	42400176	42400437	LTR/ERVL-MaLR	2347	+	130	42400306	60152
chr11	42340154	42540154	harbor2	chr11	42416708	42416965	LTR/ERVL-MaLR	410	+	128	42416836	76682
chr11	42340154	42540154	harbor2	chr11	42422919	42423129	LTR/ERVL-MaLR	799	+	105	42423024	82870
chr11	42340154	42540154	harbor2	chr11	42424113	42424601	LTR/ERVL-MaLR	624	+	244	42424357	84203
chr11	42340154	42540154	harbor2	chr11	42368759	42369134	LTR/ERVL-MaLR	2244	+	188	42368947	28793
chr11	131413767	131613767	harbor2	chr11	131420066	131420534	LTR/ERVL-MaLR	1596	+	234	131420300	6533
chr11	131413767	131613767	harbor2	chr11	131443561	131444094	LTR/ERVL-MaLR	1601	+	266	131443827	30060
chr11	131413767	131613767	harbor2	chr11	131457696	131458043	LTR/ERVL-MaLR	1272	+	174	131457870	44103
chr11	131413767	131613767	harbor2	chr11	131502116	131502448	LTR/ERVL-MaLR	1158	+	166	131502282	88515
chr11	68987581	69187581	harbor2	chr11	68993829	68994216	LTR/ERVL-MaLR	730	+	194	68994023	6442
chr11	68987581	69187581	harbor2	chr11	68998147	68998216	LTR/ERVL-MaLR	386	+	34	68998181	10600
chr11	68987581	69187581	harbor2	chr11	68998250	68998293	LTR/ERVL-MaLR	386	+	22	68998272	10691
chr11	68987581	69187581	harbor2	chr11	68999082	68999479	LTR/ERVL-MaLR	2095	+	198	68999280	11699
chr11	68987581	69187581	harbor2	chr11	69000166	69000468	LTR/ERVL-MaLR	569	+	151	69000317	12736
chr11	68987581	69187581	harbor2	chr11	69017217	69017656	LTR/ERVL-MaLR	2144	+	220	69017437	29856
chr11	68987581	69187581	harbor2	chr11	69040489	69040894	LTR/ERVL-MaLR	1457	+	202	69040691	53110
chr11	68987581	69187581	harbor2	chr11	69041727	69041905	LTR/ERVL-MaLR	839	+	89	69041816	54235
chr11	68987581	69187581	harbor2	chr11	69044978	69045144	LTR/ERVL-MaLR	456	+	83	69045061	57480
chr11	68987581	69187581	harbor2	chr11	69047661	69047714	LTR/ERVL-MaLR	1145	+	26	69047687	60106
chr11	68987581	69187581	harbor2	chr11	69047984	69048358	LTR/ERVL-MaLR	1145	+	187	69048171	60590
chr11	110143754	110343754	harbor2	chr11	110184183	110184453	LTR/ERVL-MaLR	374	+	135	110184318	40564
chr11	19002533	19202533	harbor2	chr11	19003975	19004292	LTR/ERVL-MaLR	1811	+	158	19004133	1600
chr11	19002533	19202533	harbor2	chr11	19004536	19004856	LTR/ERVL-MaLR	1372	+	160	19004696	2163
chr11	19002533	19202533	harbor2	chr11	19006460	19006843	LTR/ERVL-MaLR	1869	+	192	19006652	4119
chr11	19002533	19202533	harbor2	chr11	19020043	19020135	LTR/ERVL-MaLR	459	+	46	19020089	17556
chr11	19002533	19202533	harbor2	chr11	19083816	19084297	LTR/ERVL-MaLR	1205	+	240	19084056	81523
chr11	19002533	19202533	harbor2	chr11	19097151	19097374	LTR/ERVL-MaLR	460	+	112	19097263	94730
chr11	19002533	19202533	harbor2	chr11	19100587	19101082	LTR/ERVL-MaLR	1590	+	248	19100835	98302
chr11	19002533	19202533	harbor2	chr11	19004857	19006457	LTR/ERVL-MaLR	10909	+	800	19005657	3124
chr11	87481462	87681462	harbor2	chr11	87497181	87497377	LTR/ERVL-MaLR	1233	+	98	87497279	15817
chr11	87481462	87681462	harbor2	chr11	87500754	87500988	LTR/ERVL-MaLR	1298	+	117	87500871	19409
chr11	87481462	87681462	harbor2	chr11	87534328	87534378	LTR/ERVL-MaLR	410	+	25	87534353	52891
chr11	87481462	87681462	harbor2	chr11	87536106	87536458	LTR/ERVL-MaLR	612	+	176	87536282	54820
chr11	87481462	87681462	harbor2	chr11	87563329	87563677	LTR/ERVL-MaLR	1734	+	174	87563503	82041
chr11	92115716	92315716	harbor2	chr11	92126223	92126512	LTR/ERVL-MaLR	699	+	144	92126367	10651
chr11	92115716	92315716	harbor2	chr11	92200124	92200577	LTR/ERVL-MaLR	2112	+	226	92200350	84634
chr11	92115716	92315716	harbor2	chr11	92205740	92206092	LTR/ERVL-MaLR	2144	+	176	92205916	90200
chr11	22006693	22206693	harbor2	chr11	22041502	22041904	LTR/ERVL-MaLR	1856	+	201	22041703	35010
chr11	22006693	22206693	harbor2	chr11	22085154	22085684	LTR/ERVL-MaLR	549	+	265	22085419	78726
chr11	133861856	134061856	harbor2	chr11	133877397	133877543	LTR/ERVL-MaLR	450	+	73	133877470	15614
chr11	11183438	11383438	harbor2	chr11	11185006	11185388	LTR/ERVL-MaLR	1493	+	191	11185197	1759
chr11	11183438	11383438	harbor2	chr11	11187878	11188100	LTR/ERVL-MaLR	543	+	111	11187989	4551
chr11	11183438	11383438	harbor2	chr11	11230178	11230720	LTR/ERVL-MaLR	1416	+	271	11230449	47011
chr11	11183438	11383438	harbor2	chr11	11235274	11235580	LTR/ERVL-MaLR	2010	+	153	11235427	51989
chr11	11183438	11383438	harbor2	chr11	11235892	11235963	LTR/ERVL-MaLR	2010	+	36	11235928	52490
chr11	11183438	11383438	harbor2	chr11	11237929	11238303	LTR/ERVL-MaLR	2657	+	187	11238116	54678
chr11	11183438	11383438	harbor2	chr11	11241465	11241978	LTR/ERVL-MaLR	1943	+	256	11241721	58283
chr11	11183438	11383438	harbor2	chr11	11267874	11268287	LTR/ERVL-MaLR	1647	+	206	11268080	84642
chr11	11183438	11383438	harbor2	chr11	11269947	11270387	LTR/ERVL-MaLR	1674	+	220	11270167	86729
chr11	11183438	11383438	harbor2	chr11	11278993	11279306	LTR/ERVL-MaLR	1189	+	156	11279149	95711
chr11	124816573	125016573	harbor2	chr11	124818902	124819215	LTR/ERVL-MaLR	1481	+	156	124819058	2485
chr11	124816573	125016573	harbor2	chr11	124829978	124830144	LTR/ERVL-MaLR	771	+	83	124830061	13488
chr11	124816573	125016573	harbor2	chr11	124830222	124830644	LTR/ERVL-MaLR	1845	+	211	124830433	13860
chr11	124816573	125016573	harbor2	chr11	124830925	124831075	LTR/ERVL-MaLR	1845	+	75	124831000	14427
chr11	124816573	125016573	harbor2	chr11	124860569	124860995	LTR/ERVL-MaLR	1680	+	213	124860782	44209
chr11	124816573	125016573	harbor2	chr11	124903227	124903743	LTR/ERVL-MaLR	828	+	258	124903485	86912
chr11	123958012	124158012	harbor2	chr11	124008846	124008991	LTR/ERVL-MaLR	518	+	72	124008918	50906
chr11	123958012	124158012	harbor2	chr11	124009015	124009386	LTR/ERVL-MaLR	1419	+	186	124009201	51189
chr11	123958012	124158012	harbor2	chr11	124014786	124014917	LTR/ERVL-MaLR	540	+	66	124014852	56840
chr11	123958012	124158012	harbor2	chr11	124014944	124015316	LTR/ERVL-MaLR	1052	+	186	124015130	57118
chr11	123958012	124158012	harbor2	chr11	124022177	124022324	LTR/ERVL-MaLR	704	+	74	124022251	64239
chr11	123958012	124158012	harbor2	chr11	124022344	124022709	LTR/ERVL-MaLR	1391	+	182	124022526	64514
chr11	123958012	124158012	harbor2	chr11	124028830	124028963	LTR/ERVL-MaLR	595	+	66	124028896	70884
chr11	123958012	124158012	harbor2	chr11	124028997	124029372	LTR/ERVL-MaLR	1236	+	188	124029185	71173
chr11	119842945	120042945	harbor2	chr11	119882510	119882927	LTR/ERVL-MaLR	458	+	208	119882718	39773
chr11	119842945	120042945	harbor2	chr11	119913352	119913806	LTR/ERVL-MaLR	1089	+	227	119913579	70634
chr11	119842945	120042945	harbor2	chr11	119916283	119916498	LTR/ERVL-MaLR	814	+	108	119916391	73446
chr11	119842945	120042945	harbor2	chr11	119939530	119940007	LTR/ERVL-MaLR	795	+	238	119939768	96823
chr11	124383607	124583607	harbor2	chr11	124410431	124410778	LTR/ERVL-MaLR	523	+	174	124410605	26998
chr11	124383607	124583607	harbor2	chr11	124420893	124421374	LTR/ERVL-MaLR	526	+	240	124421133	37526
chr11	124383607	124583607	harbor2	chr11	124427529	124427731	LTR/ERVL-MaLR	704	+	101	124427630	44023
chr11	96396643	96596643	harbor2	chr11	96397884	96398200	LTR/ERVL-MaLR	1111	+	158	96398042	1399
chr11	96396643	96596643	harbor2	chr11	96398201	96398534	LTR/ERVL-MaLR	928	+	166	96398367	1724
chr11	96396643	96596643	harbor2	chr11	96399324	96400550	LTR/ERVL-MaLR	5125	+	613	96399937	3294
chr11	96396643	96596643	harbor2	chr11	96400553	96400888	LTR/ERVL-MaLR	1066	+	168	96400721	4078
chr11	96396643	96596643	harbor2	chr11	96418887	96419263	LTR/ERVL-MaLR	2398	+	188	96419075	22432
chr11	96396643	96596643	harbor2	chr11	96449587	96449761	LTR/ERVL-MaLR	1478	+	87	96449674	53031
chr11	96396643	96596643	harbor2	chr11	96450045	96450268	LTR/ERVL-MaLR	1478	+	112	96450157	53514
chr11	96396643	96596643	harbor2	chr11	96455856	96456101	LTR/ERVL-MaLR	2185	+	122	96455978	59335
chr11	96396643	96596643	harbor2	chr11	96456710	96456873	LTR/ERVL-MaLR	2185	+	82	96456792	60149
chr11	96396643	96596643	harbor2	chr11	96456874	96457436	LTR/ERVL-MaLR	2714	+	281	96457155	60512
chr11	96396643	96596643	harbor2	chr11	96457436	96457682	LTR/ERVL-MaLR	1301	+	123	96457559	60916
chr11	96396643	96596643	harbor2	chr11	96457683	96458091	LTR/ERVL-MaLR	2205	+	204	96457887	61244
chr11	96396643	96596643	harbor2	chr11	96460428	96460704	LTR/ERVL-MaLR	585	+	138	96460566	63923
chr11	96396643	96596643	harbor2	chr11	96465556	96465859	LTR/ERVL-MaLR	383	+	152	96465708	69065
chr11	96396643	96596643	harbor2	chr11	96465940	96466918	LTR/ERVL-MaLR	1269	+	489	96466429	69786
chr11	82010381	82210381	harbor2	chr11	82046103	82046494	LTR/ERVL-MaLR	2307	+	196	82046299	35918
chr11	82010381	82210381	harbor2	chr11	82046495	82048012	LTR/ERVL-MaLR	9141	+	758	82047253	36872
chr11	82010381	82210381	harbor2	chr11	82048013	82048398	LTR/ERVL-MaLR	2179	+	192	82048205	37824
chr11	82010381	82210381	harbor2	chr11	82056202	82056398	LTR/ERVL-MaLR	925	+	98	82056300	45919
chr11	82010381	82210381	harbor2	chr11	82062813	82063382	LTR/ERVL-MaLR	1353	+	284	82063097	52716
chr11	82010381	82210381	harbor2	chr11	82104574	82104718	LTR/ERVL-MaLR	433	+	72	82104646	94265
chr11	82010381	82210381	harbor2	chr11	82105020	82105083	LTR/ERVL-MaLR	433	+	32	82105052	94671
chr11	107042222	107242222	harbor2	chr11	107050522	107050871	LTR/ERVL-MaLR	1954	+	174	107050696	8474
chr11	107042222	107242222	harbor2	chr11	107050872	107052304	LTR/ERVL-MaLR	9889	+	716	107051588	9366
chr11	107042222	107242222	harbor2	chr11	107052305	107052646	LTR/ERVL-MaLR	2170	+	170	107052475	10253
chr11	107042222	107242222	harbor2	chr11	107060487	107060808	LTR/ERVL-MaLR	1651	+	160	107060647	18425
chr11	107042222	107242222	harbor2	chr11	107060979	107061108	LTR/ERVL-MaLR	684	+	64	107061043	18821
chr11	107042222	107242222	harbor2	chr11	107113256	107113475	LTR/ERVL-MaLR	802	+	110	107113366	71144
chr11	107042222	107242222	harbor2	chr11	107118018	107118407	LTR/ERVL-MaLR	1963	+	194	107118212	75990
chr11	107042222	107242222	harbor2	chr11	107137011	107137337	LTR/ERVL-MaLR	1504	+	163	107137174	94952
chr11	107042222	107242222	harbor2	chr11	107069020	107069448	LTR/ERVL-MaLR	2588	+	214	107069234	27012
chr11	45122909	45322909	harbor2	chr11	45133475	45133621	LTR/ERVL-MaLR	651	+	73	45133548	10639
chr11	45122909	45322909	harbor2	chr11	45141247	45141413	LTR/ERVL-MaLR	708	+	83	45141330	18421
chr11	45122909	45322909	harbor2	chr11	45141411	45141501	LTR/ERVL-MaLR	516	+	45	45141456	18547
chr11	45122909	45322909	harbor2	chr11	45149491	45149883	LTR/ERVL-MaLR	1012	+	196	45149687	26778
chr11	45122909	45322909	harbor2	chr11	45185731	45186212	LTR/ERVL-MaLR	2156	+	240	45185971	63062
chr11	126992181	127192181	harbor2	chr11	127014969	127015434	LTR/ERVL-MaLR	595	+	232	127015201	23020
chr11	126992181	127192181	harbor2	chr11	127021590	127021983	LTR/ERVL-MaLR	1332	+	196	127021786	29605
chr11	46179357	46379357	harbor2	chr11	46180897	46181298	LTR/ERVL-MaLR	968	+	200	46181097	1740
chr11	46179357	46379357	harbor2	chr11	46186923	46187312	LTR/ERVL-MaLR	2165	+	194	46187117	7760
chr11	46179357	46379357	harbor2	chr11	46216836	46216959	LTR/ERVL-MaLR	757	+	62	46216898	37541
chr11	46179357	46379357	harbor2	chr11	46217434	46217825	LTR/ERVL-MaLR	528	+	196	46217630	38273
chr11	46179357	46379357	harbor2	chr11	46232714	46232919	LTR/ERVL-MaLR	2267	+	102	46232816	53459
chr11	46179357	46379357	harbor2	chr11	46233214	46233530	LTR/ERVL-MaLR	2267	+	158	46233372	54015
chr11	46179357	46379357	harbor2	chr11	46249524	46249848	LTR/ERVL-MaLR	532	+	162	46249686	70329
chr11	46179357	46379357	harbor2	chr11	46256592	46256949	LTR/ERVL-MaLR	2019	+	178	46256770	77413
chr11	43704576	43904576	harbor2	chr11	43704535	43705012	LTR/ERVL-MaLR	1168	+	238	43704773	197
chr11	43704576	43904576	harbor2	chr11	43731985	43732358	LTR/ERVL-MaLR	2529	+	186	43732171	27595
chr11	43704576	43904576	harbor2	chr11	43774769	43775350	LTR/ERVL-MaLR	2657	+	290	43775059	70483
chr11	88788636	88988636	harbor2	chr11	88867524	88867904	LTR/ERVL-MaLR	1599	+	190	88867714	79078
chr11	88788636	88988636	harbor2	chr11	88882763	88883124	LTR/ERVL-MaLR	2382	+	180	88882943	94307
chr11	88788636	88988636	harbor2	chr11	88884598	88884959	LTR/ERVL-MaLR	2405	+	180	88884778	96142
chr11	88788636	88988636	harbor2	chr11	88883125	88884597	LTR/ERVL-MaLR	8935	+	736	88883861	95225
chr11	131937136	132137136	harbor2	chr11	131962318	131962672	LTR/ERVL-MaLR	1492	+	177	131962495	25359
chr11	131937136	132137136	harbor2	chr11	132006857	132007203	LTR/ERVL-MaLR	599	+	173	132007030	69894
chr11	65191509	65391509	harbor2	chr11	65229172	65229615	LTR/ERVL-MaLR	2392	+	222	65229394	37885
chr11	65191509	65391509	harbor2	chr11	65259099	65259344	LTR/ERVL-MaLR	828	+	122	65259221	67712
chr11	65191509	65391509	harbor2	chr11	65285954	65286401	LTR/ERVL-MaLR	2164	+	224	65286178	94669
chr11	65191509	65391509	harbor2	chr11	65286691	65286758	LTR/ERVL-MaLR	2164	+	34	65286725	95216
chr11	112605671	112805671	harbor2	chr11	112622191	112622664	LTR/ERVL-MaLR	2858	+	236	112622427	16756
chr11	112605671	112805671	harbor2	chr11	112625350	112625724	LTR/ERVL-MaLR	852	+	187	112625537	19866
chr11	112605671	112805671	harbor2	chr11	112627670	112628171	LTR/ERVL-MaLR	2007	+	250	112627920	22249
chr11	112605671	112805671	harbor2	chr11	112636491	112636813	LTR/ERVL-MaLR	2180	+	161	112636652	30981
chr11	112605671	112805671	harbor2	chr11	112640565	112641016	LTR/ERVL-MaLR	2429	+	226	112640791	35120
chr11	112605671	112805671	harbor2	chr11	112685073	112685529	LTR/ERVL-MaLR	1239	+	228	112685301	79630
chr11	112605671	112805671	harbor2	chr11	112685672	112686025	LTR/ERVL-MaLR	1725	+	176	112685848	80177
chr11	112605671	112805671	harbor2	chr11	112694798	112695056	LTR/ERVL-MaLR	444	+	129	112694927	89256
chr11	112605671	112805671	harbor2	chr11	112702995	112703195	LTR/ERVL-MaLR	1309	+	100	112703095	97424
chr11	112605671	112805671	harbor2	chr11	112703210	112703566	LTR/ERVL-MaLR	2049	+	178	112703388	97717
chr11	103665059	103865059	harbor2	chr11	103697443	103697802	LTR/ERVL-MaLR	2324	+	180	103697623	32564
chr11	103665059	103865059	harbor2	chr11	103703861	103704240	LTR/ERVL-MaLR	445	+	190	103704051	38992
chr11	103665059	103865059	harbor2	chr11	103714856	103715205	LTR/ERVL-MaLR	1509	+	174	103715030	49971
chr11	103665059	103865059	harbor2	chr11	103752549	103753001	LTR/ERVL-MaLR	1336	+	226	103752775	87716
chr11	79772948	79972948	harbor2	chr11	79797667	79798129	LTR/ERVL-MaLR	1895	+	231	79797898	24950
chr11	79772948	79972948	harbor2	chr11	79810777	79811098	LTR/ERVL-MaLR	753	+	160	79810937	37989
chr11	79772948	79972948	harbor2	chr11	79811369	79811429	LTR/ERVL-MaLR	753	+	30	79811399	38451
chr11	79772948	79972948	harbor2	chr11	79840069	79840428	LTR/ERVL-MaLR	2265	+	180	79840249	67301
chr11	79772948	79972948	harbor2	chr11	79863487	79863905	LTR/ERVL-MaLR	2744	+	209	79863696	90748
chr11	61375550	61575550	harbor2	chr11	61408637	61408814	LTR/ERVL-MaLR	620	+	88	61408725	33175
chr11	61375550	61575550	harbor2	chr11	61445350	61445476	LTR/ERVL-MaLR	438	+	63	61445413	69863
chr11	61375550	61575550	harbor2	chr11	61452764	61453035	LTR/ERVL-MaLR	725	+	136	61452900	77350
chr11	61375550	61575550	harbor2	chr11	61453733	61454615	LTR/ERVL-MaLR	2330	+	441	61454174	78624
chr11	61375550	61575550	harbor2	chr11	61454630	61454839	LTR/ERVL-MaLR	800	+	104	61454734	79184
chr11	61375550	61575550	harbor2	chr11	61467645	61468003	LTR/ERVL-MaLR	2498	+	179	61467824	92274
chr11	115271401	115471401	harbor2	chr11	115296308	115296758	LTR/ERVL-MaLR	2641	+	225	115296533	25132
chr11	115271401	115471401	harbor2	chr11	115313585	115313900	LTR/ERVL-MaLR	645	+	158	115313743	42342
chr11	115271401	115471401	harbor2	chr11	115319092	115319214	LTR/ERVL-MaLR	453	+	61	115319153	47752
chr11	115271401	115471401	harbor2	chr11	115319277	115319462	LTR/ERVL-MaLR	514	+	92	115319369	47968
chr11	115271401	115471401	harbor2	chr11	115370329	115370728	LTR/ERVL-MaLR	1268	+	200	115370529	99128
chr12	109963141	110163141	harbor2	chr12	110056662	110056980	LTR/ERVL-MaLR	1954	+	159	110056821	93680
chr12	120861620	121061620	harbor2	chr12	120874796	120875257	LTR/ERVL-MaLR	1334	+	230	120875026	13406
chr12	120861620	121061620	harbor2	chr12	120889283	120889741	LTR/ERVL-MaLR	833	+	229	120889512	27892
chr12	120861620	121061620	harbor2	chr12	120934258	120934300	LTR/ERVL-MaLR	1492	+	21	120934279	72659
chr12	120861620	121061620	harbor2	chr12	120934594	120935002	LTR/ERVL-MaLR	1492	+	204	120934798	73178
chr12	120861620	121061620	harbor2	chr12	120943231	120943373	LTR/ERVL-MaLR	810	+	71	120943302	81682
chr12	120861620	121061620	harbor2	chr12	120943684	120943731	LTR/ERVL-MaLR	768	+	24	120943708	82088
chr12	120861620	121061620	harbor2	chr12	120945590	120945945	LTR/ERVL-MaLR	2055	+	178	120945768	84148
chr12	102599169	102799169	harbor2	chr12	102632118	102632508	LTR/ERVL-MaLR	1544	+	195	102632313	33144
chr12	102599169	102799169	harbor2	chr12	102642175	102642574	LTR/ERVL-MaLR	2052	+	200	102642375	43206
chr12	102599169	102799169	harbor2	chr12	102656803	102657135	LTR/ERVL-MaLR	1807	+	166	102656969	57800
chr12	102599169	102799169	harbor2	chr12	102675892	102676266	LTR/ERVL-MaLR	1754	+	187	102676079	76910
chr12	102599169	102799169	harbor2	chr12	102678273	102678425	LTR/ERVL-MaLR	778	+	76	102678349	79180
chr12	102599169	102799169	harbor2	chr12	102678426	102678551	LTR/ERVL-MaLR	599	+	62	102678488	79319
chr12	123040621	123240621	harbor2	chr12	123066984	123067174	LTR/ERVL-MaLR	1780	+	95	123067079	26458
chr12	123040621	123240621	harbor2	chr12	123067513	123067781	LTR/ERVL-MaLR	1780	+	134	123067647	27026
chr12	123040621	123240621	harbor2	chr12	123116790	123117059	LTR/ERVL-MaLR	650	+	134	123116924	76303
chr12	123040621	123240621	harbor2	chr12	123117831	123118157	LTR/ERVL-MaLR	925	+	163	123117994	77373
chr12	123040621	123240621	harbor2	chr12	123131095	123131541	LTR/ERVL-MaLR	1918	+	223	123131318	90697
chr12	124026480	124226480	harbor2	chr12	124046420	124046641	LTR/ERVL-MaLR	521	+	110	124046530	20050
chr12	124026480	124226480	harbor2	chr12	124085032	124085409	LTR/ERVL-MaLR	935	+	188	124085220	58740
chr12	124026480	124226480	harbor2	chr12	124086351	124086856	LTR/ERVL-MaLR	1674	+	252	124086603	60123
chr12	124026480	124226480	harbor2	chr12	124091642	124092046	LTR/ERVL-MaLR	1707	+	202	124091844	65364
chr12	124026480	124226480	harbor2	chr12	124095340	124095512	LTR/ERVL-MaLR	1613	+	86	124095426	68946
chr12	124026480	124226480	harbor2	chr12	124095814	124095999	LTR/ERVL-MaLR	1613	+	92	124095906	69426
chr12	124026480	124226480	harbor2	chr12	124109821	124110175	LTR/ERVL-MaLR	508	+	177	124109998	83518
chr12	124026480	124226480	harbor2	chr12	124113383	124113875	LTR/ERVL-MaLR	2064	+	246	124113629	87149
chr12	124026480	124226480	harbor2	chr12	124114161	124114225	LTR/ERVL-MaLR	888	+	32	124114193	87713
chr12	73285478	73485478	harbor2	chr12	73292925	73293200	LTR/ERVL-MaLR	1319	+	138	73293063	7585
chr12	73285478	73485478	harbor2	chr12	73293201	73293553	LTR/ERVL-MaLR	2068	+	176	73293377	7899
chr12	73285478	73485478	harbor2	chr12	73293554	73295128	LTR/ERVL-MaLR	11280	+	787	73294341	8863
chr12	73285478	73485478	harbor2	chr12	73295129	73295492	LTR/ERVL-MaLR	2251	+	182	73295311	9833
chr12	73285478	73485478	harbor2	chr12	73295493	73295597	LTR/ERVL-MaLR	1319	+	52	73295545	10067
chr12	73285478	73485478	harbor2	chr12	73354504	73354687	LTR/ERVL-MaLR	516	+	92	73354596	69118
chr12	84775325	84975325	harbor2	chr12	84780954	84781159	LTR/ERVL-MaLR	512	+	102	84781056	5731
chr12	84775325	84975325	harbor2	chr12	84786214	84786639	LTR/ERVL-MaLR	1656	+	212	84786426	11101
chr12	84775325	84975325	harbor2	chr12	84799737	84800242	LTR/ERVL-MaLR	1018	+	252	84799989	24664
chr12	84775325	84975325	harbor2	chr12	84800249	84800335	LTR/ERVL-MaLR	451	+	43	84800292	24967
chr12	84775325	84975325	harbor2	chr12	84801094	84801570	LTR/ERVL-MaLR	820	+	238	84801332	26007
chr12	84775325	84975325	harbor2	chr12	84801727	84802092	LTR/ERVL-MaLR	2303	+	182	84801909	26584
chr12	84775325	84975325	harbor2	chr12	84827699	84828084	LTR/ERVL-MaLR	2412	+	192	84827891	52566
chr12	84775325	84975325	harbor2	chr12	84828087	84829577	LTR/ERVL-MaLR	9101	+	745	84828832	53507
chr12	84775325	84975325	harbor2	chr12	84829578	84829953	LTR/ERVL-MaLR	2285	+	188	84829766	54441
chr12	84775325	84975325	harbor2	chr12	84850649	84851025	LTR/ERVL-MaLR	2181	+	188	84850837	75512
chr12	84775325	84975325	harbor2	chr12	84851361	84851730	LTR/ERVL-MaLR	2021	+	184	84851545	76220
chr12	84775325	84975325	harbor2	chr12	84862096	84862429	LTR/ERVL-MaLR	671	+	166	84862262	86937
chr12	106591788	106791788	harbor2	chr12	106596108	106596472	LTR/ERVL-MaLR	2386	+	182	106596290	4502
chr12	106591788	106791788	harbor2	chr12	106631415	106631779	LTR/ERVL-MaLR	2219	+	182	106631597	39809
chr12	30264568	30464568	harbor2	chr12	30264454	30264794	LTR/ERVL-MaLR	2310	+	170	30264624	56
chr12	30264568	30464568	harbor2	chr12	30279038	30279391	LTR/ERVL-MaLR	2582	+	176	30279214	14646
chr12	30264568	30464568	harbor2	chr12	30279392	30279811	LTR/ERVL-MaLR	11489	+	210	30279602	15034
chr12	30264568	30464568	harbor2	chr12	30280111	30281278	LTR/ERVL-MaLR	11489	+	584	30280695	16127
chr12	30264568	30464568	harbor2	chr12	30281279	30281620	LTR/ERVL-MaLR	2249	+	170	30281449	16881
chr12	30264568	30464568	harbor2	chr12	30319033	30319329	LTR/ERVL-MaLR	641	+	148	30319181	54613
chr12	30264568	30464568	harbor2	chr12	30323350	30323897	LTR/ERVL-MaLR	1340	+	274	30323624	59056
chr12	30264568	30464568	harbor2	chr12	30357798	30358054	LTR/ERVL-MaLR	491	+	128	30357926	93358
chr12	79751365	79951365	harbor2	chr12	79837540	79837931	LTR/ERVL-MaLR	2413	+	196	79837736	86371
chr12	79751365	79951365	harbor2	chr12	79839471	79839895	LTR/ERVL-MaLR	2128	+	212	79839683	88318
chr12	79751365	79951365	harbor2	chr12	79850629	79851032	LTR/ERVL-MaLR	2173	+	202	79850831	99466
chr12	79751365	79951365	harbor2	chr12	79837932	79839468	LTR/ERVL-MaLR	10426	+	768	79838700	87335
chr12	76683788	76883788	harbor2	chr12	76715767	76716227	LTR/ERVL-MaLR	1084	+	230	76715997	32209
chr12	76683788	76883788	harbor2	chr12	76726531	76726904	LTR/ERVL-MaLR	445	+	186	76726717	42929
chr12	76683788	76883788	harbor2	chr12	76745454	76745879	LTR/ERVL-MaLR	2659	+	212	76745666	61878
chr12	76683788	76883788	harbor2	chr12	76749062	76749208	LTR/ERVL-MaLR	565	+	73	76749135	65347
chr12	76683788	76883788	harbor2	chr12	76749509	76749800	LTR/ERVL-MaLR	565	+	146	76749655	65867
chr12	76683788	76883788	harbor2	chr12	76781377	76781761	LTR/ERVL-MaLR	1808	+	192	76781569	97781
chr12	23859089	24059089	harbor2	chr12	23900992	23901427	LTR/ERVL-MaLR	1960	+	218	23901210	42121
chr12	125956424	126156424	harbor2	chr12	125959515	125959942	LTR/ERVL-MaLR	1581	+	214	125959729	3305
chr12	125956424	126156424	harbor2	chr12	125961902	125962264	LTR/ERVL-MaLR	2297	+	181	125962083	5659
chr12	125956424	126156424	harbor2	chr12	125969803	125970115	LTR/ERVL-MaLR	611	+	156	125969959	13535
chr12	125956424	126156424	harbor2	chr12	125985438	125985824	LTR/ERVL-MaLR	2436	+	193	125985631	29207
chr12	125956424	126156424	harbor2	chr12	126002786	126003200	LTR/ERVL-MaLR	2325	+	207	126002993	46569
chr12	125956424	126156424	harbor2	chr12	126003201	126004800	LTR/ERVL-MaLR	8684	+	800	126004001	47577
chr12	125956424	126156424	harbor2	chr12	126004807	126005209	LTR/ERVL-MaLR	2035	+	201	126005008	48584
chr12	116640061	116840061	harbor2	chr12	116640244	116640840	LTR/ERVL-MaLR	2618	+	298	116640542	481
chr12	116640061	116840061	harbor2	chr12	116643909	116644000	LTR/ERVL-MaLR	1592	+	46	116643955	3894
chr12	116640061	116840061	harbor2	chr12	116644293	116644673	LTR/ERVL-MaLR	1592	+	190	116644483	4422
chr12	116640061	116840061	harbor2	chr12	116644983	116645449	LTR/ERVL-MaLR	726	+	233	116645216	5155
chr12	116640061	116840061	harbor2	chr12	116649288	116649665	LTR/ERVL-MaLR	2212	+	188	116649476	9415
chr12	116640061	116840061	harbor2	chr12	116650848	116651200	LTR/ERVL-MaLR	2701	+	176	116651024	10963
chr12	116640061	116840061	harbor2	chr12	116653219	116653481	LTR/ERVL-MaLR	1167	+	131	116653350	13289
chr12	116640061	116840061	harbor2	chr12	116684879	116685300	LTR/ERVL-MaLR	2627	+	210	116685089	45028
chr12	77389379	77589379	harbor2	chr12	77481172	77481587	LTR/ERVL-MaLR	2572	+	208	77481380	92001
chr12	122750886	122950886	harbor2	chr12	122838632	122839044	LTR/ERVL-MaLR	1141	+	206	122838838	87952
chr12	26621911	26821911	harbor2	chr12	26642262	26642606	LTR/ERVL-MaLR	1545	+	172	26642434	20523
chr12	26621911	26821911	harbor2	chr12	26642940	26643302	LTR/ERVL-MaLR	1869	+	181	26643121	21210
chr12	26621911	26821911	harbor2	chr12	26643305	26644371	LTR/ERVL-MaLR	3389	+	533	26643838	21927
chr12	26621911	26821911	harbor2	chr12	26644374	26644435	LTR/ERVL-MaLR	976	+	30	26644404	22493
chr12	26621911	26821911	harbor2	chr12	26644799	26644910	LTR/ERVL-MaLR	976	+	56	26644855	22944
chr12	26621911	26821911	harbor2	chr12	26654631	26655046	LTR/ERVL-MaLR	1730	+	208	26654839	32928
chr12	26621911	26821911	harbor2	chr12	26665360	26665844	LTR/ERVL-MaLR	1184	+	242	26665602	43691
chr12	61415900	61615900	harbor2	chr12	61431527	61431924	LTR/ERVL-MaLR	2186	+	198	61431725	15825
chr12	61415900	61615900	harbor2	chr12	61453658	61454231	LTR/ERVL-MaLR	4323	+	286	61453944	38044
chr12	61415900	61615900	harbor2	chr12	61454232	61454592	LTR/ERVL-MaLR	1959	+	180	61454412	38512
chr12	61415900	61615900	harbor2	chr12	61479793	61480301	LTR/ERVL-MaLR	1118	+	254	61480047	64147
chr12	61415900	61615900	harbor2	chr12	61492502	61492960	LTR/ERVL-MaLR	1948	+	229	61492731	76831
chr12	132736664	132936664	harbor2	chr12	132763377	132763433	LTR/ERVL-MaLR	504	+	28	132763405	26741
chr12	132736664	132936664	harbor2	chr12	132763731	132763829	LTR/ERVL-MaLR	504	+	49	132763780	27116
chr12	132736664	132936664	harbor2	chr12	132835450	132835749	LTR/ERVL-MaLR	1387	+	150	132835600	98936
chr12	54887212	55087212	harbor2	chr12	54925450	54925817	LTR/ERVL-MaLR	2116	+	184	54925634	38422
chr12	54887212	55087212	harbor2	chr12	54925819	54927386	LTR/ERVL-MaLR	11320	+	784	54926603	39391
chr12	54887212	55087212	harbor2	chr12	54927387	54927744	LTR/ERVL-MaLR	2517	+	178	54927565	40353
chr12	54887212	55087212	harbor2	chr12	54948367	54948769	LTR/ERVL-MaLR	2499	+	201	54948568	61356
chr12	54887212	55087212	harbor2	chr12	54951074	54951446	LTR/ERVL-MaLR	2181	+	186	54951260	64048
chr12	54887212	55087212	harbor2	chr12	54951992	54952337	LTR/ERVL-MaLR	1195	+	172	54952164	64952
chr12	60771286	60971286	harbor2	chr12	60782108	60782368	LTR/ERVL-MaLR	1163	+	130	60782238	10952
chr12	60771286	60971286	harbor2	chr12	60801212	60801572	LTR/ERVL-MaLR	2647	+	180	60801392	30106
chr12	60771286	60971286	harbor2	chr12	60836751	60836773	LTR/ERVL-MaLR	1612	+	11	60836762	65476
chr12	60771286	60971286	harbor2	chr12	60837232	60837596	LTR/ERVL-MaLR	1612	+	182	60837414	66128
chr12	60771286	60971286	harbor2	chr12	60839749	60839919	LTR/ERVL-MaLR	880	+	85	60839834	68548
chr12	60771286	60971286	harbor2	chr12	60842827	60843000	LTR/ERVL-MaLR	500	+	86	60842913	71627
chr12	92883775	93083775	harbor2	chr12	92909549	92909733	LTR/ERVL-MaLR	862	+	92	92909641	25866
chr12	92883775	93083775	harbor2	chr12	92912248	92912485	LTR/ERVL-MaLR	713	+	118	92912366	28591
chr12	92883775	93083775	harbor2	chr12	92941158	92941495	LTR/ERVL-MaLR	1927	+	168	92941326	57551
chr12	92883775	93083775	harbor2	chr12	92941806	92941846	LTR/ERVL-MaLR	1927	+	20	92941826	58051
chr12	92883775	93083775	harbor2	chr12	92971100	92971427	LTR/ERVL-MaLR	675	+	164	92971264	87489
chr12	63087259	63287259	harbor2	chr12	63089400	63089757	LTR/ERVL-MaLR	2454	+	178	63089578	2319
chr12	63087259	63287259	harbor2	chr12	63175062	63175437	LTR/ERVL-MaLR	2565	+	188	63175250	87991
chr12	63087259	63287259	harbor2	chr12	63175440	63175952	LTR/ERVL-MaLR	8632	+	256	63175696	88437
chr12	63087259	63287259	harbor2	chr12	63177232	63177604	LTR/ERVL-MaLR	2494	+	186	63177418	90159
chr12	63087259	63287259	harbor2	chr12	63177926	63178389	LTR/ERVL-MaLR	716	+	232	63178158	90899
chr12	63087259	63287259	harbor2	chr12	63178403	63178806	LTR/ERVL-MaLR	1861	+	202	63178605	91346
chr12	63087259	63287259	harbor2	chr12	63178807	63180350	LTR/ERVL-MaLR	11112	+	772	63179579	92320
chr12	63087259	63287259	harbor2	chr12	63180353	63180727	LTR/ERVL-MaLR	2049	+	187	63180540	93281
chr12	63087259	63287259	harbor2	chr12	63176266	63177231	LTR/ERVL-MaLR	8632	+	482	63176748	89489
chr12	123225433	123425433	harbor2	chr12	123317465	123317863	LTR/ERVL-MaLR	758	+	199	123317664	92231
chr12	111938858	112138858	harbor2	chr12	111978495	111978861	LTR/ERVL-MaLR	1716	+	183	111978678	39820
chr12	80329699	80529699	harbor2	chr12	80331669	80332151	LTR/ERVL-MaLR	1786	+	241	80331910	2211
chr12	80329699	80529699	harbor2	chr12	80332236	80332314	LTR/ERVL-MaLR	1786	+	39	80332275	2576
chr12	80329699	80529699	harbor2	chr12	80353989	80354443	LTR/ERVL-MaLR	1936	+	227	80354216	24517
chr12	99107050	99307050	harbor2	chr12	99119008	99119479	LTR/ERVL-MaLR	1548	+	236	99119244	12194
chr12	99107050	99307050	harbor2	chr12	99144589	99144998	LTR/ERVL-MaLR	1601	+	204	99144793	37743
chr12	99107050	99307050	harbor2	chr12	99173738	99173900	LTR/ERVL-MaLR	499	+	81	99173819	66769
chr12	99107050	99307050	harbor2	chr12	99173901	99174459	LTR/ERVL-MaLR	1408	+	279	99174180	67130
chr12	99107050	99307050	harbor2	chr12	99174460	99174542	LTR/ERVL-MaLR	499	+	41	99174501	67451
chr12	99107050	99307050	harbor2	chr12	99174585	99174757	LTR/ERVL-MaLR	470	+	86	99174671	67621
chr12	99107050	99307050	harbor2	chr12	99176568	99176971	LTR/ERVL-MaLR	2162	+	202	99176770	69720
chr12	99107050	99307050	harbor2	chr12	99197422	99197916	LTR/ERVL-MaLR	2073	+	247	99197669	90619
chr12	99107050	99307050	harbor2	chr12	99198760	99199305	LTR/ERVL-MaLR	2487	+	272	99199032	91982
chr12	130842714	131042714	harbor2	chr12	130845366	130845912	LTR/ERVL-MaLR	1946	+	273	130845639	2925
chr12	130842714	131042714	harbor2	chr12	130846228	130846275	LTR/ERVL-MaLR	1946	+	24	130846252	3538
chr12	130842714	131042714	harbor2	chr12	130849017	130849148	LTR/ERVL-MaLR	858	+	66	130849083	6369
chr12	130842714	131042714	harbor2	chr12	130849893	130849974	LTR/ERVL-MaLR	858	+	40	130849933	7219
chr12	130842714	131042714	harbor2	chr12	130860179	130860652	LTR/ERVL-MaLR	1568	+	236	130860415	17701
chr12	130842714	131042714	harbor2	chr12	130894397	130894758	LTR/ERVL-MaLR	2056	+	180	130894577	51863
chr12	130842714	131042714	harbor2	chr12	130900223	130900645	LTR/ERVL-MaLR	1747	+	211	130900434	57720
chr12	130842714	131042714	harbor2	chr12	130923331	130923698	LTR/ERVL-MaLR	1912	+	184	130923515	80801
chr12	75768933	75968933	harbor2	chr12	75817848	75818095	LTR/ERVL-MaLR	790	+	124	75817972	49039
chr12	75768933	75968933	harbor2	chr12	75839311	75839506	LTR/ERVL-MaLR	731	+	98	75839409	70476
chr12	75768933	75968933	harbor2	chr12	75840323	75840666	LTR/ERVL-MaLR	1090	+	172	75840495	71562
chr12	75768933	75968933	harbor2	chr12	75841145	75841167	LTR/ERVL-MaLR	1090	+	11	75841156	72223
chr12	75768933	75968933	harbor2	chr12	75849800	75850181	LTR/ERVL-MaLR	2411	+	190	75849990	81057
chr12	75768933	75968933	harbor2	chr12	75808740	75809130	LTR/ERVL-MaLR	2426	+	195	75808935	40002
chr12	107776546	107976546	harbor2	chr12	107781844	107782201	LTR/ERVL-MaLR	1580	+	178	107782022	5476
chr12	107776546	107976546	harbor2	chr12	107816003	107816442	LTR/ERVL-MaLR	1700	+	220	107816223	39677
chr12	93890624	94090624	harbor2	chr12	93904339	93904574	LTR/ERVL-MaLR	1524	+	118	93904457	13833
chr12	93890624	94090624	harbor2	chr12	93905223	93905344	LTR/ERVL-MaLR	656	+	60	93905283	14659
chr12	93890624	94090624	harbor2	chr12	93919567	93919766	LTR/ERVL-MaLR	596	+	100	93919667	29043
chr12	93890624	94090624	harbor2	chr12	93926933	93927293	LTR/ERVL-MaLR	2076	+	180	93927113	36489
chr12	93890624	94090624	harbor2	chr12	93928384	93928572	LTR/ERVL-MaLR	603	+	94	93928478	37854
chr12	93890624	94090624	harbor2	chr12	93929096	93929458	LTR/ERVL-MaLR	2747	+	181	93929277	38653
chr12	93890624	94090624	harbor2	chr12	93984650	93984999	LTR/ERVL-MaLR	1662	+	174	93984824	94200
chr12	93890624	94090624	harbor2	chr12	93987800	93987976	LTR/ERVL-MaLR	893	+	88	93987888	97264
chr12	93890624	94090624	harbor2	chr12	93989483	93989658	LTR/ERVL-MaLR	709	+	88	93989571	98947
chr12	93890624	94090624	harbor2	chr12	93912766	93913156	LTR/ERVL-MaLR	2154	+	195	93912961	22337
chr12	108005229	108205229	harbor2	chr12	108018208	108018325	LTR/ERVL-MaLR	443	+	58	108018266	13037
chr12	108005229	108205229	harbor2	chr12	108018661	108018898	LTR/ERVL-MaLR	814	+	118	108018779	13550
chr12	108005229	108205229	harbor2	chr12	108026511	108026703	LTR/ERVL-MaLR	584	+	96	108026607	21378
chr12	108005229	108205229	harbor2	chr12	108031495	108031990	LTR/ERVL-MaLR	820	+	248	108031743	26514
chr12	108005229	108205229	harbor2	chr12	108035634	108035949	LTR/ERVL-MaLR	504	+	158	108035792	30563
chr12	108005229	108205229	harbor2	chr12	108075207	108075427	LTR/ERVL-MaLR	524	+	110	108075317	70088
chr12	108005229	108205229	harbor2	chr12	108075499	108075763	LTR/ERVL-MaLR	1085	+	132	108075631	70402
chr12	108005229	108205229	harbor2	chr12	108097656	108098100	LTR/ERVL-MaLR	1177	+	222	108097878	92649
chr12	108005229	108205229	harbor2	chr12	108102347	108102885	LTR/ERVL-MaLR	1506	+	269	108102616	97387
chr12	108005229	108205229	harbor2	chr12	108104725	108104953	LTR/ERVL-MaLR	704	+	114	108104839	99610
chr12	108005229	108205229	harbor2	chr12	108105079	108105217	LTR/ERVL-MaLR	704	+	69	108105148	99919
chr12	108005229	108205229	harbor2	chr12	108085150	108085559	LTR/ERVL-MaLR	2783	+	204	108085354	80125
chr12	119383067	119583067	harbor2	chr12	119383327	119383621	LTR/ERVL-MaLR	485	+	147	119383474	407
chr12	119383067	119583067	harbor2	chr12	119385308	119385668	LTR/ERVL-MaLR	2233	+	180	119385488	2421
chr12	119383067	119583067	harbor2	chr12	119392282	119392437	LTR/ERVL-MaLR	455	+	78	119392360	9293
chr12	119383067	119583067	harbor2	chr12	119430141	119430166	LTR/ERVL-MaLR	1373	+	12	119430153	47086
chr12	119383067	119583067	harbor2	chr12	119430219	119430384	LTR/ERVL-MaLR	1373	+	82	119430301	47234
chr12	119383067	119583067	harbor2	chr12	119430682	119430876	LTR/ERVL-MaLR	1373	+	97	119430779	47712
chr12	119383067	119583067	harbor2	chr12	119467331	119467691	LTR/ERVL-MaLR	1639	+	180	119467511	84444
chr12	96941451	97141451	harbor2	chr12	96968536	96968683	LTR/ERVL-MaLR	504	+	74	96968610	27159
chr12	96941451	97141451	harbor2	chr12	96968704	96969059	LTR/ERVL-MaLR	822	+	178	96968882	27431
chr12	96941451	97141451	harbor2	chr12	96981834	96982302	LTR/ERVL-MaLR	2264	+	234	96982068	40617
chr12	96941451	97141451	harbor2	chr12	96983353	96983414	LTR/ERVL-MaLR	994	+	30	96983383	41932
chr12	96941451	97141451	harbor2	chr12	96983415	96983779	LTR/ERVL-MaLR	1282	+	182	96983597	42146
chr12	96941451	97141451	harbor2	chr12	96983780	96983909	LTR/ERVL-MaLR	1364	+	64	96983844	42393
chr12	96941451	97141451	harbor2	chr12	96984068	96984459	LTR/ERVL-MaLR	1364	+	196	96984264	42813
chr12	96941451	97141451	harbor2	chr12	97013467	97013745	LTR/ERVL-MaLR	631	+	139	97013606	72155
chr12	102960457	103160457	harbor2	chr12	102990456	102990888	LTR/ERVL-MaLR	1770	+	216	102990672	30215
chr12	102960457	103160457	harbor2	chr12	102993895	102994084	LTR/ERVL-MaLR	456	+	94	102993989	33532
chr12	102960457	103160457	harbor2	chr12	103002762	103003241	LTR/ERVL-MaLR	520	+	240	103003002	42545
chr12	102960457	103160457	harbor2	chr12	103020125	103020456	LTR/ERVL-MaLR	637	+	166	103020291	59834
chr12	102960457	103160457	harbor2	chr12	103021819	103022177	LTR/ERVL-MaLR	2225	+	179	103021998	61541
chr12	102960457	103160457	harbor2	chr12	103022639	103022969	LTR/ERVL-MaLR	645	+	165	103022804	62347
chr12	102960457	103160457	harbor2	chr12	103023327	103023969	LTR/ERVL-MaLR	1848	+	321	103023648	63191
chr12	102960457	103160457	harbor2	chr12	103023968	103024128	LTR/ERVL-MaLR	843	+	80	103024048	63591
chr12	102960457	103160457	harbor2	chr12	103024486	103024728	LTR/ERVL-MaLR	843	+	121	103024607	64150
chr12	102960457	103160457	harbor2	chr12	103024824	103025256	LTR/ERVL-MaLR	632	+	216	103025040	64583
chr12	102960457	103160457	harbor2	chr12	103025713	103026113	LTR/ERVL-MaLR	1788	+	200	103025913	65456
chr12	102960457	103160457	harbor2	chr12	103032796	103033212	LTR/ERVL-MaLR	875	+	208	103033004	72547
chr12	132986248	133186248	harbor2	chr12	133005550	133005918	LTR/ERVL-MaLR	1091	+	184	133005734	19486
chr12	132986248	133186248	harbor2	chr12	133023612	133023924	LTR/ERVL-MaLR	728	+	156	133023768	37520
chr12	132986248	133186248	harbor2	chr12	133024145	133025496	LTR/ERVL-MaLR	2595	+	676	133024821	38573
chr12	132986248	133186248	harbor2	chr12	133025490	133025659	LTR/ERVL-MaLR	839	+	84	133025574	39326
chr12	132986248	133186248	harbor2	chr12	133025796	133025954	LTR/ERVL-MaLR	839	+	79	133025875	39627
chr12	132986248	133186248	harbor2	chr12	133034829	133035224	LTR/ERVL-MaLR	1443	+	198	133035027	48779
chr12	132986248	133186248	harbor2	chr12	133035227	133035367	LTR/ERVL-MaLR	692	+	70	133035297	49049
chr12	110694826	110894826	harbor2	chr12	110700897	110701227	LTR/ERVL-MaLR	591	+	165	110701062	6236
chr12	110694826	110894826	harbor2	chr12	110759574	110759754	LTR/ERVL-MaLR	2210	+	90	110759664	64838
chr12	110694826	110894826	harbor2	chr12	110760378	110760594	LTR/ERVL-MaLR	2210	+	108	110760486	65660
chr12	110694826	110894826	harbor2	chr12	110789216	110789342	LTR/ERVL-MaLR	740	+	63	110789279	94453
chr12	110694826	110894826	harbor2	chr12	110755433	110755956	LTR/ERVL-MaLR	1476	+	262	110755695	60869
chr12	30723482	30923482	harbor2	chr12	30761999	30762181	LTR/ERVL-MaLR	1510	+	91	30762090	38608
chr12	30723482	30923482	harbor2	chr12	30762485	30762703	LTR/ERVL-MaLR	1510	+	109	30762594	39112
chr12	30723482	30923482	harbor2	chr12	30766482	30766972	LTR/ERVL-MaLR	1102	+	245	30766727	43245
chr12	30723482	30923482	harbor2	chr12	30789210	30789346	LTR/ERVL-MaLR	2054	+	68	30789278	65796
chr12	30723482	30923482	harbor2	chr12	30790150	30790545	LTR/ERVL-MaLR	2054	+	198	30790348	66866
chr12	30723482	30923482	harbor2	chr12	30800282	30800673	LTR/ERVL-MaLR	1026	+	196	30800478	76996
chr12	30723482	30923482	harbor2	chr12	30801584	30801969	LTR/ERVL-MaLR	531	+	192	30801776	78294
chr12	62775459	62975459	harbor2	chr12	62778263	62778577	LTR/ERVL-MaLR	1084	+	157	62778420	2961
chr12	62775459	62975459	harbor2	chr12	62806470	62806847	LTR/ERVL-MaLR	2297	+	188	62806658	31199
chr12	62775459	62975459	harbor2	chr12	62811531	62811899	LTR/ERVL-MaLR	2685	+	184	62811715	36256
chr12	62775459	62975459	harbor2	chr12	62851859	62851951	LTR/ERVL-MaLR	1810	+	46	62851905	76446
chr12	62775459	62975459	harbor2	chr12	62852252	62852531	LTR/ERVL-MaLR	1810	+	140	62852392	76933
chr12	62775459	62975459	harbor2	chr12	62866318	62866821	LTR/ERVL-MaLR	2295	+	252	62866570	91111
chr12	111801752	112001752	harbor2	chr12	111815992	111816158	LTR/ERVL-MaLR	915	+	83	111816075	14323
chr12	111801752	112001752	harbor2	chr12	111825858	111826048	LTR/ERVL-MaLR	1071	+	95	111825953	24201
chr12	111801752	112001752	harbor2	chr12	111826349	111826398	LTR/ERVL-MaLR	1071	+	24	111826373	24621
chr12	111801752	112001752	harbor2	chr12	111837505	111837813	LTR/ERVL-MaLR	1486	+	154	111837659	35907
chr12	111801752	112001752	harbor2	chr12	111838415	111838522	LTR/ERVL-MaLR	1486	+	54	111838469	36717
chr12	104756567	104956567	harbor2	chr12	104766305	104766655	LTR/ERVL-MaLR	2267	+	175	104766480	9913
chr12	125555688	125755688	harbor2	chr12	125562589	125562927	LTR/ERVL-MaLR	1842	+	169	125562758	7070
chr12	125555688	125755688	harbor2	chr12	125563691	125564052	LTR/ERVL-MaLR	1041	+	180	125563871	8183
chr12	125555688	125755688	harbor2	chr12	125572218	125572588	LTR/ERVL-MaLR	1580	+	185	125572403	16715
chr12	125555688	125755688	harbor2	chr12	125589142	125589159	LTR/ERVL-MaLR	1794	+	8	125589150	33462
chr12	125555688	125755688	harbor2	chr12	125589906	125590252	LTR/ERVL-MaLR	1794	+	173	125590079	34391
chr12	125555688	125755688	harbor2	chr12	125599049	125599408	LTR/ERVL-MaLR	2573	+	180	125599229	43541
chr12	125555688	125755688	harbor2	chr12	125616707	125617093	LTR/ERVL-MaLR	1604	+	193	125616900	61212
chr12	125555688	125755688	harbor2	chr12	125645304	125645831	LTR/ERVL-MaLR	1826	+	264	125645568	89880
chr12	125555688	125755688	harbor2	chr12	125645849	125646386	LTR/ERVL-MaLR	1254	+	268	125646117	90429
chr12	78716624	78916624	harbor2	chr12	78732565	78732936	LTR/ERVL-MaLR	2146	+	186	78732751	16127
chr12	78716624	78916624	harbor2	chr12	78751315	78751755	LTR/ERVL-MaLR	1001	+	220	78751535	34911
chr12	78716624	78916624	harbor2	chr12	78788849	78788983	LTR/ERVL-MaLR	501	+	67	78788916	72292
chr12	103903386	104103386	harbor2	chr12	103904085	103904502	LTR/ERVL-MaLR	584	+	208	103904293	907
chr12	103903386	104103386	harbor2	chr12	103913154	103913704	LTR/ERVL-MaLR	1428	+	275	103913429	10043
chr12	103903386	104103386	harbor2	chr12	103925325	103925810	LTR/ERVL-MaLR	2455	+	242	103925567	22181
chr12	115262982	115462982	harbor2	chr12	115280589	115280847	LTR/ERVL-MaLR	1504	+	129	115280718	17736
chr12	115262982	115462982	harbor2	chr12	115281132	115281266	LTR/ERVL-MaLR	1504	+	67	115281199	18217
chr12	115262982	115462982	harbor2	chr12	115302664	115303095	LTR/ERVL-MaLR	1004	+	216	115302880	39898
chr12	115262982	115462982	harbor2	chr12	115358420	115358795	LTR/ERVL-MaLR	2100	+	188	115358608	95626
chr12	131563802	131763802	harbor2	chr12	131585674	131585774	LTR/ERVL-MaLR	531	+	50	131585724	21922
chr12	131563802	131763802	harbor2	chr12	131587991	131588246	LTR/ERVL-MaLR	1173	+	128	131588119	24317
chr12	131563802	131763802	harbor2	chr12	131593945	131594168	LTR/ERVL-MaLR	545	+	112	131594057	30255
chr12	131563802	131763802	harbor2	chr12	131595662	131595969	LTR/ERVL-MaLR	545	+	154	131595816	32014
chr12	41281235	41481235	harbor2	chr12	41359458	41359818	LTR/ERVL-MaLR	2161	+	180	41359638	78403
chr12	41281235	41481235	harbor2	chr12	41374766	41375310	LTR/ERVL-MaLR	1577	+	272	41375038	93803
chr12	51845020	52045020	harbor2	chr12	51860325	51860558	LTR/ERVL-MaLR	555	+	116	51860441	15421
chr12	51845020	52045020	harbor2	chr12	51861721	51861898	LTR/ERVL-MaLR	456	+	88	51861809	16789
chr12	88930080	89130080	harbor2	chr12	88965942	88966831	LTR/ERVL-MaLR	923	+	444	88966386	36306
chr12	88930080	89130080	harbor2	chr12	88976801	88977287	LTR/ERVL-MaLR	1675	+	243	88977044	46964
chr12	88930080	89130080	harbor2	chr12	88980595	88980866	LTR/ERVL-MaLR	854	+	136	88980731	50651
chr12	88930080	89130080	harbor2	chr12	88996411	88996670	LTR/ERVL-MaLR	441	+	130	88996541	66461
chr12	78551846	78751846	harbor2	chr12	78555647	78555823	LTR/ERVL-MaLR	662	+	88	78555735	3889
chr12	78551846	78751846	harbor2	chr12	78644605	78644942	LTR/ERVL-MaLR	2192	+	168	78644773	92927
chr12	127874295	128074295	harbor2	chr12	127916376	127916730	LTR/ERVL-MaLR	1063	+	177	127916553	42258
chr12	127874295	128074295	harbor2	chr12	127917009	127917113	LTR/ERVL-MaLR	468	+	52	127917061	42766
chr12	127874295	128074295	harbor2	chr12	127918179	127918658	LTR/ERVL-MaLR	1749	+	240	127918419	44124
chr12	127874295	128074295	harbor2	chr12	127931023	127931422	LTR/ERVL-MaLR	2280	+	200	127931223	56928
chr12	127874295	128074295	harbor2	chr12	127945531	127945928	LTR/ERVL-MaLR	822	+	198	127945729	71434
chr12	127874295	128074295	harbor2	chr12	127957833	127958276	LTR/ERVL-MaLR	1590	+	222	127958055	83760
chr12	127874295	128074295	harbor2	chr12	127959408	127959689	LTR/ERVL-MaLR	564	+	140	127959548	85253
chr12	127874295	128074295	harbor2	chr12	127971324	127971411	LTR/ERVL-MaLR	517	+	44	127971368	97073
chr12	127874295	128074295	harbor2	chr12	127973153	127973516	LTR/ERVL-MaLR	2717	+	182	127973335	99040
chr12	131382006	131582006	harbor2	chr12	131401715	131402241	LTR/ERVL-MaLR	678	+	263	131401978	19972
chr12	131382006	131582006	harbor2	chr12	131416831	131417204	LTR/ERVL-MaLR	2486	+	186	131417017	35011
chr12	131382006	131582006	harbor2	chr12	131475475	131475885	LTR/ERVL-MaLR	906	+	205	131475680	93674
chr12	131382006	131582006	harbor2	chr12	131479411	131479816	LTR/ERVL-MaLR	760	+	202	131479613	97607
chr12	131382006	131582006	harbor2	chr12	131479863	131480035	LTR/ERVL-MaLR	649	+	86	131479949	97943
chr12	131382006	131582006	harbor2	chr12	131415840	131416299	LTR/ERVL-MaLR	1099	+	230	131416070	34064
chr12	86597951	86797951	harbor2	chr12	86620674	86621055	LTR/ERVL-MaLR	1709	+	190	86620864	22913
chr12	86597951	86797951	harbor2	chr12	86624903	86625345	LTR/ERVL-MaLR	1043	+	221	86625124	27173
chr12	86597951	86797951	harbor2	chr12	86636391	86636557	LTR/ERVL-MaLR	675	+	83	86636474	38523
chr12	86597951	86797951	harbor2	chr12	86638367	86638544	LTR/ERVL-MaLR	743	+	88	86638455	40504
chr12	86597951	86797951	harbor2	chr12	86646693	86646810	LTR/ERVL-MaLR	442	+	58	86646751	48800
chr12	86597951	86797951	harbor2	chr12	86646909	86647285	LTR/ERVL-MaLR	706	+	188	86647097	49146
chr12	86597951	86797951	harbor2	chr12	86648368	86648755	LTR/ERVL-MaLR	1312	+	194	86648562	50611
chr12	86597951	86797951	harbor2	chr12	86658766	86659099	LTR/ERVL-MaLR	919	+	166	86658932	60981
chr12	86597951	86797951	harbor2	chr12	86679518	86679880	LTR/ERVL-MaLR	1655	+	181	86679699	81748
chr12	122597528	122797528	harbor2	chr12	122633596	122633963	LTR/ERVL-MaLR	1807	+	184	122633780	36252
chr12	122597528	122797528	harbor2	chr12	122681342	122681704	LTR/ERVL-MaLR	1497	+	181	122681523	83995
chr12	101943227	102143227	harbor2	chr12	101961926	101962172	LTR/ERVL-MaLR	1434	+	123	101962049	18822
chr12	101943227	102143227	harbor2	chr12	101962578	101962802	LTR/ERVL-MaLR	1434	+	112	101962690	19463
chr12	101943227	102143227	harbor2	chr12	101963013	101963068	LTR/ERVL-MaLR	1434	+	28	101963041	19814
chr12	101943227	102143227	harbor2	chr12	101964744	101964891	LTR/ERVL-MaLR	523	+	74	101964818	21591
chr12	101943227	102143227	harbor2	chr12	101966709	101966853	LTR/ERVL-MaLR	1331	+	72	101966781	23554
chr12	101943227	102143227	harbor2	chr12	101966952	101967208	LTR/ERVL-MaLR	1331	+	128	101967080	23853
chr12	101943227	102143227	harbor2	chr12	101976426	101976803	LTR/ERVL-MaLR	2094	+	188	101976614	33387
chr12	101943227	102143227	harbor2	chr12	102020012	102020455	LTR/ERVL-MaLR	473	+	222	102020234	77007
chr12	20967574	21167574	harbor2	chr12	20971692	20973326	LTR/ERVL-MaLR	10038	+	817	20972509	4935
chr12	20967574	21167574	harbor2	chr12	20973327	20973603	LTR/ERVL-MaLR	801	+	138	20973465	5891
chr12	20967574	21167574	harbor2	chr12	20993219	20993544	LTR/ERVL-MaLR	965	+	162	20993381	25807
chr12	20967574	21167574	harbor2	chr12	21008833	21009053	LTR/ERVL-MaLR	852	+	110	21008943	41369
chr12	20967574	21167574	harbor2	chr12	20971321	20971691	LTR/ERVL-MaLR	1775	+	185	20971506	3932
chr12	129899596	130099596	harbor2	chr12	129917489	129917677	LTR/ERVL-MaLR	539	+	94	129917583	17987
chr12	129899596	130099596	harbor2	chr12	129918657	129919078	LTR/ERVL-MaLR	578	+	210	129918867	19271
chr12	129899596	130099596	harbor2	chr12	129921784	129922307	LTR/ERVL-MaLR	1770	+	262	129922046	22450
chr12	129899596	130099596	harbor2	chr12	129927789	129928102	LTR/ERVL-MaLR	796	+	156	129927945	28349
chr12	129899596	130099596	harbor2	chr12	129934121	129934475	LTR/ERVL-MaLR	2335	+	177	129934298	34702
chr12	129899596	130099596	harbor2	chr12	129947942	129948182	LTR/ERVL-MaLR	1763	+	120	129948062	48466
chr12	129899596	130099596	harbor2	chr12	129951149	129951518	LTR/ERVL-MaLR	545	+	184	129951333	51737
chr12	129899596	130099596	harbor2	chr12	129952660	129953079	LTR/ERVL-MaLR	1129	+	210	129952870	53274
chr12	129899596	130099596	harbor2	chr12	129953550	129953950	LTR/ERVL-MaLR	1613	+	200	129953750	54154
chr12	129899596	130099596	harbor2	chr12	129954082	129954478	LTR/ERVL-MaLR	672	+	198	129954280	54684
chr12	129899596	130099596	harbor2	chr12	129968336	129968563	LTR/ERVL-MaLR	711	+	114	129968450	68854
chr12	129899596	130099596	harbor2	chr12	129980449	129980835	LTR/ERVL-MaLR	1748	+	193	129980642	81046
chr12	129899596	130099596	harbor2	chr12	129986410	129986584	LTR/ERVL-MaLR	629	+	87	129986497	86901
chr12	129899596	130099596	harbor2	chr12	129989209	129989583	LTR/ERVL-MaLR	2029	+	187	129989396	89800
chr12	129899596	130099596	harbor2	chr12	129996665	129996883	LTR/ERVL-MaLR	524	+	109	129996774	97178
chr12	26512012	26712012	harbor2	chr12	26533510	26533900	LTR/ERVL-MaLR	1920	+	195	26533705	21693
chr12	26512012	26712012	harbor2	chr12	26545131	26545623	LTR/ERVL-MaLR	2142	+	246	26545377	33365
chr12	26512012	26712012	harbor2	chr12	26557230	26557475	LTR/ERVL-MaLR	813	+	122	26557352	45340
chr12	26512012	26712012	harbor2	chr12	26557642	26557768	LTR/ERVL-MaLR	491	+	63	26557705	45693
chr12	26512012	26712012	harbor2	chr12	26560947	26561343	LTR/ERVL-MaLR	2255	+	198	26561145	49133
chr12	26512012	26712012	harbor2	chr12	26564449	26564911	LTR/ERVL-MaLR	1912	+	231	26564680	52668
chr12	26512012	26712012	harbor2	chr12	26576799	26577185	LTR/ERVL-MaLR	1792	+	193	26576992	64980
chr12	126304453	126504453	harbor2	chr12	126355653	126356013	LTR/ERVL-MaLR	584	+	180	126355833	51380
chr12	126304453	126504453	harbor2	chr12	126362900	126363293	LTR/ERVL-MaLR	901	+	196	126363096	58643
chr12	126304453	126504453	harbor2	chr12	126376079	126376337	LTR/ERVL-MaLR	868	+	129	126376208	71755
chr12	126304453	126504453	harbor2	chr12	126377015	126377175	LTR/ERVL-MaLR	601	+	80	126377095	72642
chr12	101620465	101820465	harbor2	chr12	101693387	101693458	LTR/ERVL-MaLR	939	+	36	101693423	72958
chr12	101620465	101820465	harbor2	chr12	101693762	101694142	LTR/ERVL-MaLR	939	+	190	101693952	73487
chr12	101620465	101820465	harbor2	chr12	101694376	101694754	LTR/ERVL-MaLR	1556	+	189	101694565	74100
chr12	101620465	101820465	harbor2	chr12	101695603	101695887	LTR/ERVL-MaLR	838	+	142	101695745	75280
chr12	101620465	101820465	harbor2	chr12	101706587	101706718	LTR/ERVL-MaLR	760	+	66	101706653	86188
chr12	127659911	127859911	harbor2	chr12	127676764	127676942	LTR/ERVL-MaLR	483	+	89	127676853	16942
chr12	127659911	127859911	harbor2	chr12	127717381	127717566	LTR/ERVL-MaLR	557	+	92	127717473	57562
chr12	127659911	127859911	harbor2	chr12	127724723	127725135	LTR/ERVL-MaLR	2659	+	206	127724929	65018
chr12	127659911	127859911	harbor2	chr12	127727294	127727609	LTR/ERVL-MaLR	674	+	158	127727452	67541
chr12	127659911	127859911	harbor2	chr12	127741432	127741560	LTR/ERVL-MaLR	1065	+	64	127741496	81585
chr12	127659911	127859911	harbor2	chr12	127742093	127742316	LTR/ERVL-MaLR	1065	+	112	127742205	82294
chr12	127659911	127859911	harbor2	chr12	127756126	127756470	LTR/ERVL-MaLR	2236	+	172	127756298	96387
chr12	127659911	127859911	harbor2	chr12	127729513	127729806	LTR/ERVL-MaLR	763	+	146	127729659	69748
chr12	108776157	108976157	harbor2	chr12	108845232	108845405	LTR/ERVL-MaLR	887	+	86	108845318	69161
chr12	108776157	108976157	harbor2	chr12	108845706	108845767	LTR/ERVL-MaLR	887	+	30	108845736	69579
chr12	108776157	108976157	harbor2	chr12	108863232	108863587	LTR/ERVL-MaLR	1499	+	178	108863410	87253
chr12	108776157	108976157	harbor2	chr12	108864394	108864515	LTR/ERVL-MaLR	562	+	60	108864454	88297
chr12	108776157	108976157	harbor2	chr12	108866141	108866293	LTR/ERVL-MaLR	1344	+	76	108866217	90060
chr12	108776157	108976157	harbor2	chr12	108866605	108866870	LTR/ERVL-MaLR	1344	+	132	108866737	90580
chr12	108776157	108976157	harbor2	chr12	108867725	108868088	LTR/ERVL-MaLR	2692	+	182	108867907	91750
chr12	108776157	108976157	harbor2	chr12	108868399	108868594	LTR/ERVL-MaLR	2692	+	98	108868497	92340
chr12	121254299	121454299	harbor2	chr12	121265431	121265586	LTR/ERVL-MaLR	1214	+	78	121265509	11210
chr12	121254299	121454299	harbor2	chr12	121265879	121265939	LTR/ERVL-MaLR	1214	+	30	121265909	11610
chr12	121254299	121454299	harbor2	chr12	121278444	121278811	LTR/ERVL-MaLR	2037	+	184	121278628	24329
chr12	121254299	121454299	harbor2	chr12	121282353	121282742	LTR/ERVL-MaLR	1681	+	194	121282547	28248
chr12	121254299	121454299	harbor2	chr12	121283055	121283121	LTR/ERVL-MaLR	1681	+	33	121283088	28789
chr12	121254299	121454299	harbor2	chr12	121285054	121285220	LTR/ERVL-MaLR	1011	+	83	121285137	30838
chr12	121254299	121454299	harbor2	chr12	121285512	121285526	LTR/ERVL-MaLR	1011	+	7	121285519	31220
chr12	121254299	121454299	harbor2	chr12	121285818	121286169	LTR/ERVL-MaLR	1011	+	176	121285994	31695
chr12	121972637	122172637	harbor2	chr12	121972788	121973996	LTR/ERVL-MaLR	12149	+	604	121973392	755
chr12	121972637	122172637	harbor2	chr12	121973997	121974359	LTR/ERVL-MaLR	2177	+	181	121974178	1541
chr12	121972637	122172637	harbor2	chr12	122064182	122064568	LTR/ERVL-MaLR	1136	+	193	122064375	91738
chr12	118976237	119176237	harbor2	chr12	119015946	119016333	LTR/ERVL-MaLR	1675	+	194	119016140	39903
chr12	118976237	119176237	harbor2	chr12	119026908	119027292	LTR/ERVL-MaLR	596	+	192	119027100	50863
chr12	118976237	119176237	harbor2	chr12	119028273	119028628	LTR/ERVL-MaLR	2373	+	178	119028451	52214
chr12	22809745	23009745	harbor2	chr12	22812471	22812941	LTR/ERVL-MaLR	445	+	235	22812706	2961
chr12	22809745	23009745	harbor2	chr12	22818175	22818595	LTR/ERVL-MaLR	806	+	210	22818385	8640
chr12	22809745	23009745	harbor2	chr12	22828550	22828915	LTR/ERVL-MaLR	2604	+	182	22828732	18987
chr12	22809745	23009745	harbor2	chr12	22828916	22830505	LTR/ERVL-MaLR	10118	+	794	22829710	19965
chr12	22809745	23009745	harbor2	chr12	22830506	22830867	LTR/ERVL-MaLR	2537	+	180	22830686	20941
chr12	22809745	23009745	harbor2	chr12	22832862	22833012	LTR/ERVL-MaLR	1931	+	75	22832937	23192
chr12	22809745	23009745	harbor2	chr12	22833317	22833526	LTR/ERVL-MaLR	1931	+	104	22833421	23676
chr12	22809745	23009745	harbor2	chr12	22870239	22870708	LTR/ERVL-MaLR	1880	+	234	22870473	60728
chr12	22809745	23009745	harbor2	chr12	22880696	22880785	LTR/ERVL-MaLR	1372	+	44	22880740	70995
chr12	22809745	23009745	harbor2	chr12	22881748	22882201	LTR/ERVL-MaLR	1372	+	226	22881974	72229
chr12	22809745	23009745	harbor2	chr12	22887962	22888254	LTR/ERVL-MaLR	1088	+	146	22888108	78363
chr12	22809745	23009745	harbor2	chr12	22888608	22888980	LTR/ERVL-MaLR	1435	+	186	22888794	79049
chr13	107390325	107590325	harbor2	chr13	107401982	107402547	LTR/ERVL-MaLR	1221	+	282	107402264	11939
chr13	107390325	107590325	harbor2	chr13	107418221	107418440	LTR/ERVL-MaLR	670	+	110	107418331	28006
chr13	107390325	107590325	harbor2	chr13	107418425	107418531	LTR/ERVL-MaLR	466	+	53	107418478	28153
chr13	107390325	107590325	harbor2	chr13	107422604	107423112	LTR/ERVL-MaLR	1965	+	254	107422858	32533
chr13	107390325	107590325	harbor2	chr13	107454949	107455303	LTR/ERVL-MaLR	1751	+	177	107455126	64801
chr13	70834930	71034930	harbor2	chr13	70838325	70838690	LTR/ERVL-MaLR	2011	+	182	70838507	3577
chr13	70834930	71034930	harbor2	chr13	70847042	70847424	LTR/ERVL-MaLR	1547	+	191	70847233	12303
chr13	70834930	71034930	harbor2	chr13	70883152	70883391	LTR/ERVL-MaLR	1545	+	120	70883272	48342
chr13	70834930	71034930	harbor2	chr13	70900716	70901115	LTR/ERVL-MaLR	690	+	200	70900916	65986
chr13	70834930	71034930	harbor2	chr13	70901292	70902430	LTR/ERVL-MaLR	1494	+	569	70901861	66931
chr13	70834930	71034930	harbor2	chr13	70902431	70902831	LTR/ERVL-MaLR	1939	+	200	70902631	67701
chr13	70834930	71034930	harbor2	chr13	70902832	70902922	LTR/ERVL-MaLR	1494	+	45	70902877	67947
chr13	70834930	71034930	harbor2	chr13	70902938	70903359	LTR/ERVL-MaLR	816	+	210	70903148	68218
chr13	95067801	95267801	harbor2	chr13	95070903	95071256	LTR/ERVL-MaLR	2452	+	176	95071079	3278
chr13	95067801	95267801	harbor2	chr13	95108339	95108635	LTR/ERVL-MaLR	2136	+	148	95108487	40686
chr13	108506323	108706323	harbor2	chr13	108523817	108524017	LTR/ERVL-MaLR	2437	+	100	108523917	17594
chr13	108506323	108706323	harbor2	chr13	108524331	108524579	LTR/ERVL-MaLR	2437	+	124	108524455	18132
chr13	108506323	108706323	harbor2	chr13	108549091	108549543	LTR/ERVL-MaLR	1697	+	226	108549317	42994
chr13	108506323	108706323	harbor2	chr13	108559031	108559446	LTR/ERVL-MaLR	1189	+	208	108559239	52916
chr13	108506323	108706323	harbor2	chr13	108559770	108559808	LTR/ERVL-MaLR	1189	+	19	108559789	53466
chr13	108506323	108706323	harbor2	chr13	108588814	108588934	LTR/ERVL-MaLR	518	+	60	108588874	82551
chr13	108506323	108706323	harbor2	chr13	108590465	108590965	LTR/ERVL-MaLR	1130	+	250	108590715	84392
chr13	108506323	108706323	harbor2	chr13	108601906	108602273	LTR/ERVL-MaLR	1065	+	184	108602090	95767
chr13	108506323	108706323	harbor2	chr13	108605383	108605759	LTR/ERVL-MaLR	2258	+	188	108605571	99248
chr13	58102484	58302484	harbor2	chr13	58115973	58116157	LTR/ERVL-MaLR	667	+	92	58116065	13581
chr13	58102484	58302484	harbor2	chr13	58140628	58140982	LTR/ERVL-MaLR	2137	+	177	58140805	38321
chr13	58102484	58302484	harbor2	chr13	58140983	58142579	LTR/ERVL-MaLR	10139	+	798	58141781	39297
chr13	58102484	58302484	harbor2	chr13	58142580	58142935	LTR/ERVL-MaLR	2285	+	178	58142758	40274
chr13	58102484	58302484	harbor2	chr13	58143767	58144110	LTR/ERVL-MaLR	2332	+	172	58143939	41455
chr13	58102484	58302484	harbor2	chr13	58144111	58144909	LTR/ERVL-MaLR	10406	+	399	58144510	42026
chr13	58102484	58302484	harbor2	chr13	58145224	58145966	LTR/ERVL-MaLR	10406	+	371	58145595	43111
chr13	58102484	58302484	harbor2	chr13	58145967	58146310	LTR/ERVL-MaLR	2029	+	172	58146139	43655
chr13	58102484	58302484	harbor2	chr13	58198541	58198903	LTR/ERVL-MaLR	1925	+	181	58198722	96238
chr13	58102484	58302484	harbor2	chr13	58198906	58199472	LTR/ERVL-MaLR	2599	+	283	58199189	96705
chr13	58102484	58302484	harbor2	chr13	58199488	58199850	LTR/ERVL-MaLR	1811	+	181	58199669	97185
chr13	63117841	63317841	harbor2	chr13	63132329	63132713	LTR/ERVL-MaLR	1388	+	192	63132521	14680
chr13	63117841	63317841	harbor2	chr13	63140209	63140573	LTR/ERVL-MaLR	2109	+	182	63140391	22550
chr13	63117841	63317841	harbor2	chr13	63151001	63151474	LTR/ERVL-MaLR	1540	+	236	63151237	33396
chr13	63117841	63317841	harbor2	chr13	63157609	63157650	LTR/ERVL-MaLR	2141	+	20	63157629	39788
chr13	63117841	63317841	harbor2	chr13	63157945	63158321	LTR/ERVL-MaLR	2141	+	188	63158133	40292
chr13	63117841	63317841	harbor2	chr13	63176869	63177223	LTR/ERVL-MaLR	1533	+	177	63177046	59205
chr13	63117841	63317841	harbor2	chr13	63177226	63178765	LTR/ERVL-MaLR	10979	+	770	63177996	60155
chr13	63117841	63317841	harbor2	chr13	63178766	63179139	LTR/ERVL-MaLR	1787	+	186	63178952	61111
chr13	63117841	63317841	harbor2	chr13	63182439	63182720	LTR/ERVL-MaLR	1771	+	140	63182579	64738
chr13	63117841	63317841	harbor2	chr13	63184610	63184988	LTR/ERVL-MaLR	409	+	189	63184799	66958
chr13	83916741	84116741	harbor2	chr13	83948501	83948664	LTR/ERVL-MaLR	560	+	82	83948583	31842
chr13	83916741	84116741	harbor2	chr13	83980107	83980673	LTR/ERVL-MaLR	858	+	283	83980390	63649
chr13	83916741	84116741	harbor2	chr13	83991710	83992315	LTR/ERVL-MaLR	860	+	302	83992012	75271
chr13	83916741	84116741	harbor2	chr13	84007688	84008020	LTR/ERVL-MaLR	575	+	166	84007854	91113
chr13	83916741	84116741	harbor2	chr13	84012862	84013219	LTR/ERVL-MaLR	1979	+	178	84013040	96299
chr13	75106175	75306175	harbor2	chr13	75151801	75152164	LTR/ERVL-MaLR	2642	+	182	75151983	45808
chr13	75106175	75306175	harbor2	chr13	75156347	75156911	LTR/ERVL-MaLR	1983	+	282	75156629	50454
chr13	75106175	75306175	harbor2	chr13	75165409	75165784	LTR/ERVL-MaLR	1529	+	188	75165597	59422
chr13	75106175	75306175	harbor2	chr13	75175970	75176540	LTR/ERVL-MaLR	2260	+	285	75176255	70080
chr13	75106175	75306175	harbor2	chr13	75176851	75177378	LTR/ERVL-MaLR	2276	+	264	75177115	70940
chr13	75106175	75306175	harbor2	chr13	75189225	75189622	LTR/ERVL-MaLR	955	+	198	75189423	83248
chr13	75106175	75306175	harbor2	chr13	75201410	75201796	LTR/ERVL-MaLR	748	+	193	75201603	95428
chr13	108290102	108490102	harbor2	chr13	108311612	108311971	LTR/ERVL-MaLR	2071	+	180	108311792	21690
chr13	108290102	108490102	harbor2	chr13	108312572	108313008	LTR/ERVL-MaLR	1777	+	218	108312790	22688
chr13	108290102	108490102	harbor2	chr13	108313641	108314012	LTR/ERVL-MaLR	2629	+	186	108313827	23725
chr13	108290102	108490102	harbor2	chr13	108315239	108315595	LTR/ERVL-MaLR	2233	+	178	108315417	25315
chr13	108290102	108490102	harbor2	chr13	108343726	108344201	LTR/ERVL-MaLR	479	+	238	108343964	53862
chr13	108290102	108490102	harbor2	chr13	108344517	108344914	LTR/ERVL-MaLR	1408	+	198	108344715	54613
chr13	108290102	108490102	harbor2	chr13	108369039	108369395	LTR/ERVL-MaLR	2070	+	178	108369217	79115
chr13	108290102	108490102	harbor2	chr13	108314550	108314732	LTR/ERVL-MaLR	422	+	91	108314641	24539
chr13	88136313	88336313	harbor2	chr13	88143750	88144145	LTR/ERVL-MaLR	1248	+	198	88143948	7635
chr13	88136313	88336313	harbor2	chr13	88152094	88152479	LTR/ERVL-MaLR	1769	+	192	88152286	15973
chr13	88136313	88336313	harbor2	chr13	88196071	88196325	LTR/ERVL-MaLR	1453	+	127	88196198	59885
chr13	88136313	88336313	harbor2	chr13	88196326	88196671	LTR/ERVL-MaLR	2296	+	172	88196498	60185
chr13	88136313	88336313	harbor2	chr13	88201305	88201495	LTR/ERVL-MaLR	1115	+	95	88201400	65087
chr13	88136313	88336313	harbor2	chr13	88215569	88215673	LTR/ERVL-MaLR	1290	+	52	88215621	79308
chr13	88136313	88336313	harbor2	chr13	88216059	88216390	LTR/ERVL-MaLR	1290	+	166	88216225	79912
chr13	88136313	88336313	harbor2	chr13	88216391	88216798	LTR/ERVL-MaLR	1058	+	204	88216595	80282
chr13	88136313	88336313	harbor2	chr13	88216829	88216865	LTR/ERVL-MaLR	977	+	18	88216847	80534
chr13	40647677	40847677	harbor2	chr13	40679572	40679960	LTR/ERVL-MaLR	1886	+	194	40679766	32089
chr13	40647677	40847677	harbor2	chr13	40695125	40695422	LTR/ERVL-MaLR	417	+	148	40695273	47596
chr13	40647677	40847677	harbor2	chr13	40703442	40703938	LTR/ERVL-MaLR	2843	+	248	40703690	56013
chr13	40647677	40847677	harbor2	chr13	40704530	40704582	LTR/ERVL-MaLR	2843	+	26	40704556	56879
chr13	40647677	40847677	harbor2	chr13	40704583	40704914	LTR/ERVL-MaLR	2287	+	166	40704749	57072
chr13	40647677	40847677	harbor2	chr13	40705220	40705287	LTR/ERVL-MaLR	2287	+	34	40705254	57577
chr13	40647677	40847677	harbor2	chr13	40717609	40718010	LTR/ERVL-MaLR	1810	+	200	40717809	70132
chr13	40647677	40847677	harbor2	chr13	40720807	40721169	LTR/ERVL-MaLR	2695	+	181	40720988	73311
chr13	57197435	57397435	harbor2	chr13	57202449	57203013	LTR/ERVL-MaLR	1119	+	282	57202731	5296
chr13	57197435	57397435	harbor2	chr13	57217038	57217438	LTR/ERVL-MaLR	1814	+	200	57217238	19803
chr13	57197435	57397435	harbor2	chr13	57242025	57242387	LTR/ERVL-MaLR	2372	+	181	57242206	44771
chr13	57197435	57397435	harbor2	chr13	57277154	57277581	LTR/ERVL-MaLR	481	+	214	57277368	79933
chr13	84580156	84780156	harbor2	chr13	84595357	84595732	LTR/ERVL-MaLR	2057	+	188	84595545	15389
chr13	84580156	84780156	harbor2	chr13	84595905	84596256	LTR/ERVL-MaLR	1833	+	176	84596081	15925
chr13	84580156	84780156	harbor2	chr13	84599219	84599610	LTR/ERVL-MaLR	1854	+	196	84599415	19259
chr13	84580156	84780156	harbor2	chr13	84600433	84600819	LTR/ERVL-MaLR	1104	+	193	84600626	20470
chr13	84580156	84780156	harbor2	chr13	84610772	84611177	LTR/ERVL-MaLR	2134	+	202	84610974	30818
chr13	84580156	84780156	harbor2	chr13	84651383	84651788	LTR/ERVL-MaLR	2283	+	202	84651585	71429
chr13	84580156	84780156	harbor2	chr13	84652776	84653152	LTR/ERVL-MaLR	599	+	188	84652964	72808
chr13	84580156	84780156	harbor2	chr13	84653646	84654016	LTR/ERVL-MaLR	1777	+	185	84653831	73675
chr13	80240365	80440365	harbor2	chr13	80248484	80248685	LTR/ERVL-MaLR	1335	+	100	80248584	8219
chr13	80240365	80440365	harbor2	chr13	80253272	80253634	LTR/ERVL-MaLR	501	+	181	80253453	13088
chr13	80240365	80440365	harbor2	chr13	80283860	80284216	LTR/ERVL-MaLR	1542	+	178	80284038	43673
chr13	80240365	80440365	harbor2	chr13	80323566	80323782	LTR/ERVL-MaLR	1004	+	108	80323674	83309
chr13	80240365	80440365	harbor2	chr13	80324091	80324292	LTR/ERVL-MaLR	1004	+	100	80324191	83826
chr13	80240365	80440365	harbor2	chr13	80324576	80324629	LTR/ERVL-MaLR	1004	+	26	80324602	84237
chr13	80240365	80440365	harbor2	chr13	80248731	80249001	LTR/ERVL-MaLR	1335	+	135	80248866	8501
chr13	111687787	111887787	harbor2	chr13	111688958	111689214	LTR/ERVL-MaLR	552	+	128	111689086	1299
chr13	111687787	111887787	harbor2	chr13	111695181	111695580	LTR/ERVL-MaLR	1812	+	200	111695381	7594
chr13	111687787	111887787	harbor2	chr13	111774229	111774485	LTR/ERVL-MaLR	552	+	128	111774357	86570
chr13	111687787	111887787	harbor2	chr13	111780442	111780841	LTR/ERVL-MaLR	1812	+	200	111780642	92855
chr13	18634038	18834038	harbor2	chr13	18646076	18646488	LTR/ERVL-MaLR	1597	+	206	18646282	12244
chr13	18634038	18834038	harbor2	chr13	18648449	18648787	LTR/ERVL-MaLR	1807	+	169	18648618	14580
chr13	18634038	18834038	harbor2	chr13	18688483	18688520	LTR/ERVL-MaLR	1167	+	18	18688501	54463
chr13	18634038	18834038	harbor2	chr13	18689193	18689606	LTR/ERVL-MaLR	1167	+	206	18689399	55361
chr13	18634038	18834038	harbor2	chr13	18710086	18710287	LTR/ERVL-MaLR	453	+	100	18710186	76148
chr13	84849949	85049949	harbor2	chr13	84904628	84904998	LTR/ERVL-MaLR	702	+	185	84904813	54864
chr13	84849949	85049949	harbor2	chr13	84919990	84920352	LTR/ERVL-MaLR	1958	+	181	84920171	70222
chr13	111876994	112076994	harbor2	chr13	111897042	111897317	LTR/ERVL-MaLR	688	+	138	111897180	20186
chr13	111876994	112076994	harbor2	chr13	111946987	111947390	LTR/ERVL-MaLR	1364	+	202	111947189	70195
chr13	68497953	68697953	harbor2	chr13	68510599	68510957	LTR/ERVL-MaLR	2430	+	179	68510778	12825
chr13	68497953	68697953	harbor2	chr13	68510960	68511325	LTR/ERVL-MaLR	10446	+	182	68511142	13189
chr13	68497953	68697953	harbor2	chr13	68511633	68512898	LTR/ERVL-MaLR	10446	+	632	68512265	14312
chr13	68497953	68697953	harbor2	chr13	68512899	68513258	LTR/ERVL-MaLR	2342	+	180	68513079	15126
chr13	68497953	68697953	harbor2	chr13	68531283	68531661	LTR/ERVL-MaLR	1555	+	189	68531472	33519
chr13	103379104	103579104	harbor2	chr13	103386368	103386752	LTR/ERVL-MaLR	540	+	192	103386560	7456
chr13	103379104	103579104	harbor2	chr13	103413425	103413839	LTR/ERVL-MaLR	2283	+	207	103413632	34528
chr13	103379104	103579104	harbor2	chr13	103427940	103428344	LTR/ERVL-MaLR	1881	+	202	103428142	49038
chr13	103379104	103579104	harbor2	chr13	103437036	103437186	LTR/ERVL-MaLR	552	+	75	103437111	58007
chr13	103379104	103579104	harbor2	chr13	103448982	103449345	LTR/ERVL-MaLR	2543	+	182	103449164	70060
chr13	68454919	68654919	harbor2	chr13	68463621	68463970	LTR/ERVL-MaLR	1796	+	174	68463795	8876
chr13	68454919	68654919	harbor2	chr13	68475445	68475811	LTR/ERVL-MaLR	825	+	183	68475628	20709
chr13	68454919	68654919	harbor2	chr13	68510599	68510957	LTR/ERVL-MaLR	2430	+	179	68510778	55859
chr13	68454919	68654919	harbor2	chr13	68510960	68511325	LTR/ERVL-MaLR	10446	+	182	68511142	56223
chr13	68454919	68654919	harbor2	chr13	68511633	68512898	LTR/ERVL-MaLR	10446	+	632	68512265	57346
chr13	68454919	68654919	harbor2	chr13	68512899	68513258	LTR/ERVL-MaLR	2342	+	180	68513079	58160
chr13	68454919	68654919	harbor2	chr13	68531283	68531661	LTR/ERVL-MaLR	1555	+	189	68531472	76553
chr13	55447620	55647620	harbor2	chr13	55468579	55468668	LTR/ERVL-MaLR	1174	+	44	55468623	21003
chr13	55447620	55647620	harbor2	chr13	55469290	55469430	LTR/ERVL-MaLR	1174	+	70	55469360	21740
chr13	55447620	55647620	harbor2	chr13	55477866	55478275	LTR/ERVL-MaLR	2080	+	204	55478070	30450
chr13	55447620	55647620	harbor2	chr13	55483157	55483520	LTR/ERVL-MaLR	2459	+	182	55483339	35719
chr13	55447620	55647620	harbor2	chr13	55507348	55507728	LTR/ERVL-MaLR	1213	+	190	55507538	59918
chr13	55447620	55647620	harbor2	chr13	55515639	55516002	LTR/ERVL-MaLR	2428	+	182	55515821	68201
chr13	55447620	55647620	harbor2	chr13	55528343	55528559	LTR/ERVL-MaLR	740	+	108	55528451	80831
chr13	91250147	91450147	harbor2	chr13	91285692	91286279	LTR/ERVL-MaLR	1629	+	294	91285986	35839
chr13	91250147	91450147	harbor2	chr13	91288564	91288945	LTR/ERVL-MaLR	1271	+	190	91288754	38607
chr13	91250147	91450147	harbor2	chr13	91296766	91297194	LTR/ERVL-MaLR	2306	+	214	91296980	46833
chr13	91250147	91450147	harbor2	chr13	91298689	91299050	LTR/ERVL-MaLR	2243	+	180	91298869	48722
chr13	91250147	91450147	harbor2	chr13	91306348	91306730	LTR/ERVL-MaLR	1914	+	191	91306539	56392
chr13	67513368	67713368	harbor2	chr13	67518907	67519297	LTR/ERVL-MaLR	2137	+	195	67519102	5734
chr13	67513368	67713368	harbor2	chr13	67519310	67520910	LTR/ERVL-MaLR	6926	+	800	67520110	6742
chr13	67513368	67713368	harbor2	chr13	67520911	67521196	LTR/ERVL-MaLR	1510	+	142	67521053	7685
chr13	67513368	67713368	harbor2	chr13	67524981	67525317	LTR/ERVL-MaLR	1642	+	168	67525149	11781
chr13	67513368	67713368	harbor2	chr13	67525319	67525822	LTR/ERVL-MaLR	4906	+	252	67525571	12203
chr13	67513368	67713368	harbor2	chr13	67526383	67526644	LTR/ERVL-MaLR	4906	+	130	67526513	13145
chr13	67513368	67713368	harbor2	chr13	67562120	67562464	LTR/ERVL-MaLR	1611	+	172	67562292	48924
chr13	67513368	67713368	harbor2	chr13	67597498	67597941	LTR/ERVL-MaLR	712	+	222	67597720	84352
chr13	67513368	67713368	harbor2	chr13	67599590	67600001	LTR/ERVL-MaLR	1214	+	206	67599796	86428
chr13	67513368	67713368	harbor2	chr13	67602503	67602848	LTR/ERVL-MaLR	1218	+	172	67602675	89307
chr13	106326599	106526599	harbor2	chr13	106338134	106338528	LTR/ERVL-MaLR	2246	+	197	106338331	11732
chr13	106326599	106526599	harbor2	chr13	106354292	106354681	LTR/ERVL-MaLR	1711	+	194	106354486	27887
chr13	106326599	106526599	harbor2	chr13	106356305	106356404	LTR/ERVL-MaLR	1393	+	50	106356355	29756
chr13	106326599	106526599	harbor2	chr13	106356718	106357025	LTR/ERVL-MaLR	1393	+	154	106356872	30273
chr13	106326599	106526599	harbor2	chr13	106358166	106358539	LTR/ERVL-MaLR	2141	+	186	106358352	31753
chr13	106326599	106526599	harbor2	chr13	106377285	106377651	LTR/ERVL-MaLR	1478	+	183	106377468	50869
chr13	106326599	106526599	harbor2	chr13	106378602	106378930	LTR/ERVL-MaLR	1103	+	164	106378766	52167
chr13	106326599	106526599	harbor2	chr13	106383670	106384103	LTR/ERVL-MaLR	460	+	216	106383886	57287
chr13	106326599	106526599	harbor2	chr13	106409150	106409533	LTR/ERVL-MaLR	763	+	192	106409342	82743
chr13	106326599	106526599	harbor2	chr13	106410318	106410410	LTR/ERVL-MaLR	548	+	46	106410364	83765
chr13	106326599	106526599	harbor2	chr13	106425559	106425719	LTR/ERVL-MaLR	999	+	80	106425639	99040
chr13	106326599	106526599	harbor2	chr13	106426126	106426350	LTR/ERVL-MaLR	769	+	112	106426238	99639
chr13	104925468	105125468	harbor2	chr13	104929951	104930294	LTR/ERVL-MaLR	2151	+	172	104930123	4655
chr13	104925468	105125468	harbor2	chr13	104939646	104940019	LTR/ERVL-MaLR	2440	+	186	104939832	14364
chr13	104925468	105125468	harbor2	chr13	105022932	105023467	LTR/ERVL-MaLR	1372	+	268	105023200	97732
chr13	103262370	103462370	harbor2	chr13	103267226	103267594	LTR/ERVL-MaLR	2488	+	184	103267410	5040
chr13	103262370	103462370	harbor2	chr13	103269163	103269529	LTR/ERVL-MaLR	2375	+	183	103269346	6976
chr13	103262370	103462370	harbor2	chr13	103271309	103271700	LTR/ERVL-MaLR	2027	+	196	103271505	9135
chr13	103262370	103462370	harbor2	chr13	103274919	103275084	LTR/ERVL-MaLR	493	+	82	103275001	12631
chr13	103262370	103462370	harbor2	chr13	103309346	103309525	LTR/ERVL-MaLR	434	+	90	103309436	47066
chr13	103262370	103462370	harbor2	chr13	103326441	103326710	LTR/ERVL-MaLR	664	+	134	103326575	64205
chr13	103262370	103462370	harbor2	chr13	103354848	103354885	LTR/ERVL-MaLR	1643	+	18	103354866	92496
chr13	103262370	103462370	harbor2	chr13	103355191	103355600	LTR/ERVL-MaLR	1643	+	204	103355395	93025
chr13	103262370	103462370	harbor2	chr13	103267599	103269161	LTR/ERVL-MaLR	11271	+	781	103268380	6010
chr13	23528885	23728885	harbor2	chr13	23549394	23549773	LTR/ERVL-MaLR	2043	+	190	23549584	20699
chr13	23528885	23728885	harbor2	chr13	23618762	23619123	LTR/ERVL-MaLR	1989	+	180	23618942	90057
chr13	78445507	78645507	harbor2	chr13	78484672	78485027	LTR/ERVL-MaLR	2600	+	178	78484850	39343
chr13	92841594	93041594	harbor2	chr13	92847338	92847696	LTR/ERVL-MaLR	1849	+	179	92847517	5923
chr13	92841594	93041594	harbor2	chr13	92851477	92851521	LTR/ERVL-MaLR	410	+	22	92851499	9905
chr13	92841594	93041594	harbor2	chr13	92852471	92852568	LTR/ERVL-MaLR	410	+	48	92852519	10925
chr13	92841594	93041594	harbor2	chr13	92858117	92858465	LTR/ERVL-MaLR	2457	+	174	92858291	16697
chr13	92841594	93041594	harbor2	chr13	92884628	92885056	LTR/ERVL-MaLR	423	+	214	92884842	43248
chr13	92841594	93041594	harbor2	chr13	92941098	92941597	LTR/ERVL-MaLR	1560	+	250	92941348	99754
chr13	113889243	114089243	harbor2	chr13	113904096	113904460	LTR/ERVL-MaLR	2572	+	182	113904278	15035
chr13	113889243	114089243	harbor2	chr13	113982663	113983011	LTR/ERVL-MaLR	1018	+	174	113982837	93594
chr13	113889243	114089243	harbor2	chr13	113985008	113985649	LTR/ERVL-MaLR	1922	+	320	113985328	96085
chr13	113889243	114089243	harbor2	chr13	113986998	113987639	LTR/ERVL-MaLR	1922	+	320	113987318	98075
chr13	113889243	114089243	harbor2	chr13	113983010	113983651	LTR/ERVL-MaLR	1933	+	320	113983330	94087
chr13	38974059	39174059	harbor2	chr13	39025333	39025814	LTR/ERVL-MaLR	1959	+	240	39025573	51514
chr13	38974059	39174059	harbor2	chr13	39054270	39054646	LTR/ERVL-MaLR	505	+	188	39054458	80399
chr13	38974059	39174059	harbor2	chr13	39069535	39069908	LTR/ERVL-MaLR	1927	+	186	39069721	95662
chr13	53426796	53626796	harbor2	chr13	53454657	53455153	LTR/ERVL-MaLR	1998	+	248	53454905	28109
chr13	53426796	53626796	harbor2	chr13	53456894	53457352	LTR/ERVL-MaLR	2347	+	229	53457123	30327
chr13	53426796	53626796	harbor2	chr13	53468091	53468552	LTR/ERVL-MaLR	1484	+	230	53468321	41525
chr13	53426796	53626796	harbor2	chr13	53485014	53485424	LTR/ERVL-MaLR	2344	+	205	53485219	58423
chr13	53426796	53626796	harbor2	chr13	53508199	53508602	LTR/ERVL-MaLR	926	+	202	53508401	81605
chr13	69458195	69658195	harbor2	chr13	69509772	69510127	LTR/ERVL-MaLR	2269	+	178	69509950	51755
chr13	69458195	69658195	harbor2	chr13	69510128	69511675	LTR/ERVL-MaLR	10881	+	774	69510902	52707
chr13	69458195	69658195	harbor2	chr13	69511676	69512022	LTR/ERVL-MaLR	2100	+	173	69511849	53654
chr13	69458195	69658195	harbor2	chr13	69518304	69518764	LTR/ERVL-MaLR	425	+	230	69518534	60339
chr13	69458195	69658195	harbor2	chr13	69542591	69542750	LTR/ERVL-MaLR	518	+	80	69542671	84476
chr13	69458195	69658195	harbor2	chr13	69543056	69543098	LTR/ERVL-MaLR	518	+	21	69543077	84882
chr13	69458195	69658195	harbor2	chr13	69551536	69551765	LTR/ERVL-MaLR	954	+	114	69551650	93455
chr13	69458195	69658195	harbor2	chr13	69551801	69551997	LTR/ERVL-MaLR	954	+	98	69551899	93704
chr13	69458195	69658195	harbor2	chr13	69552260	69552669	LTR/ERVL-MaLR	1958	+	204	69552464	94269
chr13	69458195	69658195	harbor2	chr13	69557821	69558190	LTR/ERVL-MaLR	2090	+	184	69558005	99810
chr13	80823054	81023054	harbor2	chr13	80844304	80844451	LTR/ERVL-MaLR	436	+	74	80844378	21324
chr13	80823054	81023054	harbor2	chr13	80844872	80845290	LTR/ERVL-MaLR	1042	+	209	80845081	22027
chr13	80823054	81023054	harbor2	chr13	80846089	80846443	LTR/ERVL-MaLR	2502	+	177	80846266	23212
chr13	80823054	81023054	harbor2	chr13	80855506	80855595	LTR/ERVL-MaLR	514	+	44	80855550	32496
chr13	80823054	81023054	harbor2	chr13	80909004	80909378	LTR/ERVL-MaLR	1940	+	187	80909191	86137
chr13	73842251	74042251	harbor2	chr13	73887271	73887676	LTR/ERVL-MaLR	2027	+	202	73887473	45222
chr13	73842251	74042251	harbor2	chr13	73910711	73911092	LTR/ERVL-MaLR	2284	+	190	73910901	68650
chr13	73842251	74042251	harbor2	chr13	73912308	73912756	LTR/ERVL-MaLR	2064	+	224	73912532	70281
chr13	73842251	74042251	harbor2	chr13	73935391	73935627	LTR/ERVL-MaLR	1112	+	118	73935509	93258
chr13	80150814	80350814	harbor2	chr13	80248484	80248685	LTR/ERVL-MaLR	1335	+	100	80248584	97770
chr13	80150814	80350814	harbor2	chr13	80248731	80249001	LTR/ERVL-MaLR	1335	+	135	80248866	98052
chr14	98937710	99137710	harbor2	chr14	98968078	98968438	LTR/ERVL-MaLR	1766	+	180	98968258	30548
chr14	98937710	99137710	harbor2	chr14	98979379	98979608	LTR/ERVL-MaLR	2274	+	114	98979493	41783
chr14	98937710	99137710	harbor2	chr14	98979903	98980082	LTR/ERVL-MaLR	2274	+	90	98979993	42283
chr14	98937710	99137710	harbor2	chr14	98980114	98980459	LTR/ERVL-MaLR	1956	+	172	98980286	42576
chr14	98937710	99137710	harbor2	chr14	98993800	98994153	LTR/ERVL-MaLR	424	+	176	98993976	56266
chr14	98937710	99137710	harbor2	chr14	98994194	98994919	LTR/ERVL-MaLR	2017	+	362	98994556	56846
chr14	98937710	99137710	harbor2	chr14	98996295	98996910	LTR/ERVL-MaLR	2035	+	308	98996603	58893
chr14	98937710	99137710	harbor2	chr14	98996939	98997312	LTR/ERVL-MaLR	760	+	186	98997125	59415
chr14	98937710	99137710	harbor2	chr14	99009288	99009665	LTR/ERVL-MaLR	2613	+	188	99009476	71766
chr14	98937710	99137710	harbor2	chr14	99022808	99023174	LTR/ERVL-MaLR	2288	+	183	99022991	85281
chr14	98937710	99137710	harbor2	chr14	99037606	99037736	LTR/ERVL-MaLR	586	+	65	99037671	99961
chr14	104156563	104356563	harbor2	chr14	104213212	104213667	LTR/ERVL-MaLR	527	+	228	104213440	56877
chr14	104156563	104356563	harbor2	chr14	104233255	104233548	LTR/ERVL-MaLR	1552	+	146	104233401	76838
chr14	104156563	104356563	harbor2	chr14	104235061	104235368	LTR/ERVL-MaLR	1832	+	154	104235215	78652
chr14	104156563	104356563	harbor2	chr14	104233550	104235060	LTR/ERVL-MaLR	10715	+	755	104234305	77742
chr14	53498927	53698927	harbor2	chr14	53511857	53512127	LTR/ERVL-MaLR	1206	+	135	53511992	13065
chr14	53498927	53698927	harbor2	chr14	53596393	53596456	LTR/ERVL-MaLR	1691	+	32	53596425	97498
chr14	53498927	53698927	harbor2	chr14	53596760	53597288	LTR/ERVL-MaLR	1691	+	264	53597024	98097
chr14	51413534	51613534	harbor2	chr14	51420303	51420518	LTR/ERVL-MaLR	1396	+	108	51420411	6877
chr14	51413534	51613534	harbor2	chr14	51421164	51421611	LTR/ERVL-MaLR	1396	+	224	51421388	7854
chr14	51413534	51613534	harbor2	chr14	51422821	51423146	LTR/ERVL-MaLR	1080	+	162	51422983	9449
chr14	51413534	51613534	harbor2	chr14	51428299	51428682	LTR/ERVL-MaLR	1040	+	192	51428491	14957
chr14	51413534	51613534	harbor2	chr14	51428686	51428879	LTR/ERVL-MaLR	608	+	96	51428782	15248
chr14	51413534	51613534	harbor2	chr14	51429082	51429355	LTR/ERVL-MaLR	1107	+	136	51429218	15684
chr14	51413534	51613534	harbor2	chr14	51451217	51451393	LTR/ERVL-MaLR	2150	+	88	51451305	37771
chr14	51413534	51613534	harbor2	chr14	51451681	51451940	LTR/ERVL-MaLR	2150	+	130	51451811	38277
chr14	51413534	51613534	harbor2	chr14	51471893	51472111	LTR/ERVL-MaLR	1093	+	109	51472002	58468
chr14	51413534	51613534	harbor2	chr14	51493300	51493663	LTR/ERVL-MaLR	2786	+	182	51493482	79948
chr14	51413534	51613534	harbor2	chr14	51495916	51496175	LTR/ERVL-MaLR	683	+	130	51496046	82512
chr14	104995483	105195483	harbor2	chr14	105042362	105042741	LTR/ERVL-MaLR	681	+	190	105042552	47069
chr14	104995483	105195483	harbor2	chr14	105044518	105044675	LTR/ERVL-MaLR	898	+	78	105044596	49113
chr14	104995483	105195483	harbor2	chr14	105053689	105053910	LTR/ERVL-MaLR	603	+	110	105053799	58316
chr14	96926824	97126824	harbor2	chr14	96927107	96927432	LTR/ERVL-MaLR	657	+	162	96927269	445
chr14	96926824	97126824	harbor2	chr14	96947875	96948255	LTR/ERVL-MaLR	2196	+	190	96948065	21241
chr14	96926824	97126824	harbor2	chr14	96962031	96962188	LTR/ERVL-MaLR	740	+	78	96962109	35285
chr14	96926824	97126824	harbor2	chr14	96963010	96963381	LTR/ERVL-MaLR	1633	+	186	96963196	36372
chr14	96926824	97126824	harbor2	chr14	96973974	96974362	LTR/ERVL-MaLR	1208	+	194	96974168	47344
chr14	96926824	97126824	harbor2	chr14	96992952	96993097	LTR/ERVL-MaLR	440	+	72	96993024	66200
chr14	96926824	97126824	harbor2	chr14	97003372	97003725	LTR/ERVL-MaLR	2422	+	176	97003548	76724
chr14	96926824	97126824	harbor2	chr14	97004307	97004677	LTR/ERVL-MaLR	1915	+	185	97004492	77668
chr14	96926824	97126824	harbor2	chr14	97007055	97007400	LTR/ERVL-MaLR	2521	+	172	97007227	80403
chr14	96926824	97126824	harbor2	chr14	97017483	97017979	LTR/ERVL-MaLR	1342	+	248	97017731	90907
chr14	96926824	97126824	harbor2	chr14	97018668	97019133	LTR/ERVL-MaLR	1673	+	232	97018900	92076
chr14	99071730	99271730	harbor2	chr14	99080301	99080732	LTR/ERVL-MaLR	630	+	216	99080517	8787
chr14	99071730	99271730	harbor2	chr14	99085999	99086370	LTR/ERVL-MaLR	2397	+	186	99086185	14455
chr14	99071730	99271730	harbor2	chr14	99102265	99102677	LTR/ERVL-MaLR	2860	+	206	99102471	30741
chr14	99071730	99271730	harbor2	chr14	99111559	99111956	LTR/ERVL-MaLR	1520	+	198	99111757	40027
chr14	99071730	99271730	harbor2	chr14	99115096	99115223	LTR/ERVL-MaLR	455	+	64	99115160	43430
chr14	99071730	99271730	harbor2	chr14	99141391	99141729	LTR/ERVL-MaLR	478	+	169	99141560	69830
chr14	99071730	99271730	harbor2	chr14	99158210	99158364	LTR/ERVL-MaLR	445	+	77	99158287	86557
chr14	99071730	99271730	harbor2	chr14	99166036	99166391	LTR/ERVL-MaLR	2622	+	178	99166214	94484
chr14	106462739	106662739	harbor2	chr14	106483739	106483833	LTR/ERVL-MaLR	520	+	47	106483786	21047
chr14	106462739	106662739	harbor2	chr14	106497552	106497947	LTR/ERVL-MaLR	1676	+	198	106497750	35011
chr14	106462739	106662739	harbor2	chr14	106523602	106523953	LTR/ERVL-MaLR	1956	+	176	106523778	61039
chr14	106462739	106662739	harbor2	chr14	106534435	106534650	LTR/ERVL-MaLR	554	+	108	106534543	71804
chr14	106462739	106662739	harbor2	chr14	106549895	106550269	LTR/ERVL-MaLR	1445	+	187	106550082	87343
chr14	106462739	106662739	harbor2	chr14	106550270	106551874	LTR/ERVL-MaLR	9962	+	802	106551072	88333
chr14	106462739	106662739	harbor2	chr14	106551875	106552252	LTR/ERVL-MaLR	1491	+	188	106552063	89324
chr14	97477268	97677268	harbor2	chr14	97490787	97491165	LTR/ERVL-MaLR	2300	+	189	97490976	13708
chr14	97477268	97677268	harbor2	chr14	97501524	97501874	LTR/ERVL-MaLR	1771	+	175	97501699	24431
chr14	97477268	97677268	harbor2	chr14	97501876	97503653	LTR/ERVL-MaLR	7065	+	888	97502764	25496
chr14	97477268	97677268	harbor2	chr14	97503654	97504064	LTR/ERVL-MaLR	1319	+	205	97503859	26591
chr14	97477268	97677268	harbor2	chr14	97506205	97506640	LTR/ERVL-MaLR	1382	+	218	97506423	29155
chr14	97477268	97677268	harbor2	chr14	97507030	97507366	LTR/ERVL-MaLR	2449	+	168	97507198	29930
chr14	97477268	97677268	harbor2	chr14	97507367	97508924	LTR/ERVL-MaLR	11521	+	778	97508145	30877
chr14	97477268	97677268	harbor2	chr14	97508925	97509278	LTR/ERVL-MaLR	2720	+	176	97509101	31833
chr14	97477268	97677268	harbor2	chr14	97509316	97509470	LTR/ERVL-MaLR	783	+	77	97509393	32125
chr14	97477268	97677268	harbor2	chr14	97539126	97539489	LTR/ERVL-MaLR	2556	+	182	97539308	62040
chr14	97477268	97677268	harbor2	chr14	97555894	97556132	LTR/ERVL-MaLR	420	+	119	97556013	78745
chr14	97477268	97677268	harbor2	chr14	97563135	97563553	LTR/ERVL-MaLR	2453	+	209	97563344	86076
chr14	100190946	100390946	harbor2	chr14	100251069	100251524	LTR/ERVL-MaLR	1515	+	228	100251297	60351
chr14	100190946	100390946	harbor2	chr14	100257440	100257794	LTR/ERVL-MaLR	1691	+	177	100257617	66671
chr14	100190946	100390946	harbor2	chr14	100288831	100289265	LTR/ERVL-MaLR	1620	+	217	100289048	98102
chr14	77320508	77520508	harbor2	chr14	77366445	77366580	LTR/ERVL-MaLR	419	+	68	77366513	46005
chr14	77320508	77520508	harbor2	chr14	77373692	77374095	LTR/ERVL-MaLR	2380	+	202	77373894	53386
chr14	77320508	77520508	harbor2	chr14	77409205	77409566	LTR/ERVL-MaLR	2218	+	180	77409385	88877
chr14	31214421	31414421	harbor2	chr14	31259922	31260248	LTR/ERVL-MaLR	910	+	163	31260085	45664
chr14	31214421	31414421	harbor2	chr14	31281661	31282109	LTR/ERVL-MaLR	1117	+	224	31281885	67464
chr14	31214421	31414421	harbor2	chr14	31298083	31298294	LTR/ERVL-MaLR	1018	+	106	31298189	83768
chr14	31214421	31414421	harbor2	chr14	31305718	31305970	LTR/ERVL-MaLR	690	+	126	31305844	91423
chr14	106015687	106215687	harbor2	chr14	106049348	106049691	LTR/ERVL-MaLR	1970	+	172	106049520	33833
chr14	106015687	106215687	harbor2	chr14	106049692	106051195	LTR/ERVL-MaLR	10252	+	752	106050444	34757
chr14	106015687	106215687	harbor2	chr14	106051196	106051548	LTR/ERVL-MaLR	2020	+	176	106051372	35685
chr14	106015687	106215687	harbor2	chr14	106071973	106072347	LTR/ERVL-MaLR	1361	+	187	106072160	56473
chr14	106015687	106215687	harbor2	chr14	106072348	106073953	LTR/ERVL-MaLR	9826	+	802	106073150	57463
chr14	106015687	106215687	harbor2	chr14	106073959	106074339	LTR/ERVL-MaLR	1262	+	190	106074149	58462
chr14	97118492	97318492	harbor2	chr14	97120107	97120328	LTR/ERVL-MaLR	1298	+	110	97120217	1725
chr14	97118492	97318492	harbor2	chr14	97179590	97179963	LTR/ERVL-MaLR	2486	+	186	97179776	61284
chr14	97118492	97318492	harbor2	chr14	97205802	97206064	LTR/ERVL-MaLR	728	+	131	97205933	87441
chr14	97118492	97318492	harbor2	chr14	97206077	97206222	LTR/ERVL-MaLR	560	+	72	97206149	87657
chr14	105859062	106059062	harbor2	chr14	105951537	105951921	LTR/ERVL-MaLR	1543	+	192	105951729	92667
chr14	105859062	106059062	harbor2	chr14	105922358	105922722	LTR/ERVL-MaLR	1320	+	182	105922540	63478
chr14	104604515	104804515	harbor2	chr14	104607411	104607816	LTR/ERVL-MaLR	2558	+	202	104607613	3098
chr14	104604515	104804515	harbor2	chr14	104610042	104610278	LTR/ERVL-MaLR	929	+	118	104610160	5645
chr14	104604515	104804515	harbor2	chr14	104610279	104610657	LTR/ERVL-MaLR	1522	+	189	104610468	5953
chr14	104604515	104804515	harbor2	chr14	104626344	104626744	LTR/ERVL-MaLR	2209	+	200	104626544	22029
chr14	104604515	104804515	harbor2	chr14	104627639	104628061	LTR/ERVL-MaLR	2844	+	211	104627850	23335
chr14	104604515	104804515	harbor2	chr14	104656776	104657115	LTR/ERVL-MaLR	1247	+	170	104656946	52431
chr14	104604515	104804515	harbor2	chr14	104657376	104657519	LTR/ERVL-MaLR	487	+	72	104657448	52933
chr14	104604515	104804515	harbor2	chr14	104658369	104658553	LTR/ERVL-MaLR	628	+	92	104658461	53946
chr14	104604515	104804515	harbor2	chr14	104662724	104662859	LTR/ERVL-MaLR	1020	+	68	104662792	58277
chr14	104604515	104804515	harbor2	chr14	104663156	104663224	LTR/ERVL-MaLR	1020	+	34	104663190	58675
chr14	104604515	104804515	harbor2	chr14	104673894	104674255	LTR/ERVL-MaLR	2438	+	180	104674074	69559
chr14	88698893	88898893	harbor2	chr14	88704045	88704476	LTR/ERVL-MaLR	2533	+	216	88704261	5368
chr14	88698893	88898893	harbor2	chr14	88711205	88711379	LTR/ERVL-MaLR	1133	+	87	88711292	12399
chr14	88698893	88898893	harbor2	chr14	88769137	88769518	LTR/ERVL-MaLR	2201	+	190	88769327	70434
chr14	88698893	88898893	harbor2	chr14	88778826	88779231	LTR/ERVL-MaLR	551	+	202	88779028	80135
chr14	88698893	88898893	harbor2	chr14	88781543	88781911	LTR/ERVL-MaLR	2483	+	184	88781727	82834
chr14	88698893	88898893	harbor2	chr14	88781922	88782800	LTR/ERVL-MaLR	5585	+	439	88782361	83468
chr14	88698893	88898893	harbor2	chr14	88783111	88783300	LTR/ERVL-MaLR	5585	+	94	88783205	84312
chr14	88698893	88898893	harbor2	chr14	88786545	88786892	LTR/ERVL-MaLR	2344	+	174	88786719	87826
chr14	88389482	88589482	harbor2	chr14	88415788	88416199	LTR/ERVL-MaLR	2258	+	206	88415994	26512
chr14	88389482	88589482	harbor2	chr14	88419875	88420066	LTR/ERVL-MaLR	545	+	96	88419971	30489
chr14	101196311	101396311	harbor2	chr14	101214647	101214723	LTR/ERVL-MaLR	1356	+	38	101214685	18374
chr14	101196311	101396311	harbor2	chr14	101215048	101215144	LTR/ERVL-MaLR	1356	+	48	101215096	18785
chr14	101196311	101396311	harbor2	chr14	101215198	101215384	LTR/ERVL-MaLR	1356	+	93	101215291	18980
chr14	101196311	101396311	harbor2	chr14	101221631	101221986	LTR/ERVL-MaLR	1382	+	178	101221809	25498
chr14	101196311	101396311	harbor2	chr14	101240369	101240879	LTR/ERVL-MaLR	1866	+	255	101240624	44313
chr14	101196311	101396311	harbor2	chr14	101257277	101257688	LTR/ERVL-MaLR	720	+	206	101257483	61172
chr14	101196311	101396311	harbor2	chr14	101262062	101262413	LTR/ERVL-MaLR	1859	+	176	101262238	65927
chr14	101196311	101396311	harbor2	chr14	101287260	101287556	LTR/ERVL-MaLR	814	+	148	101287408	91097
chr14	50440236	50640236	harbor2	chr14	50535800	50536153	LTR/ERVL-MaLR	2216	+	176	50535976	95740
chr14	50440236	50640236	harbor2	chr14	50536458	50538033	LTR/ERVL-MaLR	11510	+	788	50537246	97010
chr14	50440236	50640236	harbor2	chr14	50538034	50538385	LTR/ERVL-MaLR	2067	+	176	50538210	97974
chr14	106002932	106202932	harbor2	chr14	106049348	106049691	LTR/ERVL-MaLR	1970	+	172	106049520	46588
chr14	106002932	106202932	harbor2	chr14	106049692	106051195	LTR/ERVL-MaLR	10252	+	752	106050444	47512
chr14	106002932	106202932	harbor2	chr14	106051196	106051548	LTR/ERVL-MaLR	2020	+	176	106051372	48440
chr14	106002932	106202932	harbor2	chr14	106071973	106072347	LTR/ERVL-MaLR	1361	+	187	106072160	69228
chr14	106002932	106202932	harbor2	chr14	106072348	106073953	LTR/ERVL-MaLR	9826	+	802	106073150	70218
chr14	106002932	106202932	harbor2	chr14	106073959	106074339	LTR/ERVL-MaLR	1262	+	190	106074149	71217
chr14	75249928	75449928	harbor2	chr14	75347031	75347428	LTR/ERVL-MaLR	2476	+	198	75347229	97301
chr14	75249928	75449928	harbor2	chr14	75349560	75349975	LTR/ERVL-MaLR	1844	+	208	75349768	99840
chr14	85715869	85915869	harbor2	chr14	85747485	85747644	LTR/ERVL-MaLR	1673	+	80	85747565	31696
chr14	85715869	85915869	harbor2	chr14	85747958	85748161	LTR/ERVL-MaLR	1673	+	102	85748060	32191
chr14	85715869	85915869	harbor2	chr14	85748855	85749088	LTR/ERVL-MaLR	793	+	116	85748971	33102
chr14	85715869	85915869	harbor2	chr14	85749138	85749391	LTR/ERVL-MaLR	911	+	126	85749264	33395
chr14	85715869	85915869	harbor2	chr14	85751481	85751842	LTR/ERVL-MaLR	2080	+	180	85751661	35792
chr14	85715869	85915869	harbor2	chr14	85759198	85759406	LTR/ERVL-MaLR	1104	+	104	85759302	43433
chr14	85715869	85915869	harbor2	chr14	85759928	85760089	LTR/ERVL-MaLR	1104	+	80	85760008	44139
chr14	85715869	85915869	harbor2	chr14	85760544	85760826	LTR/ERVL-MaLR	963	+	141	85760685	44816
chr14	85715869	85915869	harbor2	chr14	85766387	85766884	LTR/ERVL-MaLR	1027	+	248	85766635	50766
chr14	85715869	85915869	harbor2	chr14	85774945	85775121	LTR/ERVL-MaLR	554	+	88	85775033	59164
chr14	85715869	85915869	harbor2	chr14	85809892	85810015	LTR/ERVL-MaLR	448	+	62	85809954	94085
chr14	91579399	91779399	harbor2	chr14	91592711	91593803	LTR/ERVL-MaLR	8354	+	546	91593257	13858
chr14	91579399	91779399	harbor2	chr14	91593804	91594041	LTR/ERVL-MaLR	2410	+	118	91593922	14523
chr14	91579399	91779399	harbor2	chr14	91594491	91594659	LTR/ERVL-MaLR	2410	+	84	91594575	15176
chr14	91579399	91779399	harbor2	chr14	91610717	91611121	LTR/ERVL-MaLR	2363	+	202	91610919	31520
chr14	91579399	91779399	harbor2	chr14	91626281	91626359	LTR/ERVL-MaLR	499	+	39	91626320	46921
chr14	91579399	91779399	harbor2	chr14	91626449	91626813	LTR/ERVL-MaLR	1031	+	182	91626631	47232
chr14	91579399	91779399	harbor2	chr14	91628440	91628787	LTR/ERVL-MaLR	2110	+	174	91628614	49215
chr14	91579399	91779399	harbor2	chr14	91665886	91666088	LTR/ERVL-MaLR	1117	+	101	91665987	86588
chr14	91579399	91779399	harbor2	chr14	91668974	91669097	LTR/ERVL-MaLR	839	+	62	91669036	89637
chr14	84307883	84507883	harbor2	chr14	84309009	84309302	LTR/ERVL-MaLR	1274	+	146	84309155	1272
chr14	84307883	84507883	harbor2	chr14	84336511	84336894	LTR/ERVL-MaLR	1341	+	192	84336703	28820
chr14	84307883	84507883	harbor2	chr14	84347784	84348163	LTR/ERVL-MaLR	1839	+	190	84347974	40091
chr14	84307883	84507883	harbor2	chr14	84359897	84360254	LTR/ERVL-MaLR	2254	+	178	84360075	52192
chr14	84307883	84507883	harbor2	chr14	84386646	84386896	LTR/ERVL-MaLR	730	+	125	84386771	78888
chr14	84307883	84507883	harbor2	chr14	84386977	84387376	LTR/ERVL-MaLR	1712	+	200	84387177	79294
chr14	81685860	81885860	harbor2	chr14	81689323	81689902	LTR/ERVL-MaLR	2342	+	290	81689613	3753
chr14	81685860	81885860	harbor2	chr14	81692710	81693296	LTR/ERVL-MaLR	1120	+	293	81693003	7143
chr14	81685860	81885860	harbor2	chr14	81699926	81700300	LTR/ERVL-MaLR	2495	+	187	81700113	14253
chr14	81685860	81885860	harbor2	chr14	81722743	81723152	LTR/ERVL-MaLR	2117	+	204	81722947	37087
chr14	81685860	81885860	harbor2	chr14	81740856	81741204	LTR/ERVL-MaLR	1920	+	174	81741030	55170
chr14	81685860	81885860	harbor2	chr14	81741262	81741369	LTR/ERVL-MaLR	1336	+	54	81741316	55456
chr14	81685860	81885860	harbor2	chr14	81741669	81741971	LTR/ERVL-MaLR	1336	+	151	81741820	55960
chr14	81685860	81885860	harbor2	chr14	81757158	81757526	LTR/ERVL-MaLR	2209	+	184	81757342	71482
chr14	65125635	65325635	harbor2	chr14	65168815	65169087	LTR/ERVL-MaLR	942	+	136	65168951	43316
chr14	65125635	65325635	harbor2	chr14	65169666	65169815	LTR/ERVL-MaLR	444	+	74	65169740	44105
chr14	65125635	65325635	harbor2	chr14	65177113	65177236	LTR/ERVL-MaLR	991	+	62	65177175	51540
chr14	65125635	65325635	harbor2	chr14	65177467	65177848	LTR/ERVL-MaLR	991	+	190	65177657	52022
chr14	65125635	65325635	harbor2	chr14	65180483	65180861	LTR/ERVL-MaLR	1245	+	189	65180672	55037
chr14	65125635	65325635	harbor2	chr14	65180972	65181024	LTR/ERVL-MaLR	710	+	26	65180998	55363
chr14	65125635	65325635	harbor2	chr14	65181319	65181444	LTR/ERVL-MaLR	710	+	62	65181381	55746
chr14	65125635	65325635	harbor2	chr14	65192706	65193088	LTR/ERVL-MaLR	1900	+	191	65192897	67262
chr14	65125635	65325635	harbor2	chr14	65193089	65193311	LTR/ERVL-MaLR	1215	+	111	65193200	67565
chr14	65125635	65325635	harbor2	chr14	65193646	65193794	LTR/ERVL-MaLR	1154	+	74	65193720	68085
chr14	65125635	65325635	harbor2	chr14	65200833	65201193	LTR/ERVL-MaLR	2181	+	180	65201013	75378
chr14	67474324	67674324	harbor2	chr14	67486123	67486273	LTR/ERVL-MaLR	1805	+	75	67486198	11874
chr14	67474324	67674324	harbor2	chr14	67486572	67486777	LTR/ERVL-MaLR	1805	+	102	67486674	12350
chr14	67474324	67674324	harbor2	chr14	67493603	67493838	LTR/ERVL-MaLR	536	+	118	67493721	19397
chr14	76704239	76904239	harbor2	chr14	76797884	76798127	LTR/ERVL-MaLR	1878	+	122	76798006	93767
chr14	76704239	76904239	harbor2	chr14	76798427	76798546	LTR/ERVL-MaLR	1878	+	60	76798487	94248
chr14	56366193	56566193	harbor2	chr14	56377482	56377792	LTR/ERVL-MaLR	477	+	155	56377637	11444
chr14	56366193	56566193	harbor2	chr14	56384849	56385222	LTR/ERVL-MaLR	2347	+	186	56385035	18842
chr14	56366193	56566193	harbor2	chr14	56410112	56410199	LTR/ERVL-MaLR	550	+	44	56410156	43963
chr14	56366193	56566193	harbor2	chr14	56425396	56425747	LTR/ERVL-MaLR	2339	+	176	56425572	59379
chr14	56366193	56566193	harbor2	chr14	56427953	56428341	LTR/ERVL-MaLR	1543	+	194	56428147	61954
chr14	93021646	93221646	harbor2	chr14	93023192	93023528	LTR/ERVL-MaLR	873	+	168	93023360	1714
chr14	93021646	93221646	harbor2	chr14	93030699	93031147	LTR/ERVL-MaLR	2147	+	224	93030923	9277
chr14	93021646	93221646	harbor2	chr14	93047186	93047318	LTR/ERVL-MaLR	502	+	66	93047252	25606
chr14	93021646	93221646	harbor2	chr14	93047319	93047762	LTR/ERVL-MaLR	1758	+	222	93047541	25895
chr14	93021646	93221646	harbor2	chr14	93047763	93048040	LTR/ERVL-MaLR	502	+	138	93047901	26255
chr14	93021646	93221646	harbor2	chr14	93083940	93084099	LTR/ERVL-MaLR	429	+	80	93084020	62374
chr14	93021646	93221646	harbor2	chr14	93097176	93097616	LTR/ERVL-MaLR	805	+	220	93097396	75750
chr14	37948693	38148693	harbor2	chr14	37982135	37982576	LTR/ERVL-MaLR	1506	+	220	37982355	33662
chr14	37948693	38148693	harbor2	chr14	37991025	37991402	LTR/ERVL-MaLR	2355	+	188	37991213	42520
chr14	37948693	38148693	harbor2	chr14	38010932	38011040	LTR/ERVL-MaLR	9096	+	54	38010986	62293
chr14	37948693	38148693	harbor2	chr14	38011621	38013120	LTR/ERVL-MaLR	9096	+	750	38012371	63678
chr14	37948693	38148693	harbor2	chr14	38013121	38013521	LTR/ERVL-MaLR	1939	+	200	38013321	64628
chr14	37948693	38148693	harbor2	chr14	38017249	38017390	LTR/ERVL-MaLR	651	+	70	38017319	68626
chr14	37948693	38148693	harbor2	chr14	38040622	38040803	LTR/ERVL-MaLR	1199	+	90	38040712	92019
chr14	37948693	38148693	harbor2	chr14	38041162	38041493	LTR/ERVL-MaLR	1199	+	166	38041328	92635
chr14	37948693	38148693	harbor2	chr14	38010517	38010928	LTR/ERVL-MaLR	2377	+	206	38010723	62030
chr14	39445548	39645548	harbor2	chr14	39449270	39449636	LTR/ERVL-MaLR	2067	+	183	39449453	3905
chr14	39445548	39645548	harbor2	chr14	39459589	39460172	LTR/ERVL-MaLR	2300	+	292	39459881	14333
chr14	39445548	39645548	harbor2	chr14	39470494	39470773	LTR/ERVL-MaLR	1211	+	140	39470634	25086
chr14	39445548	39645548	harbor2	chr14	39470778	39471548	LTR/ERVL-MaLR	1672	+	385	39471163	25615
chr14	39445548	39645548	harbor2	chr14	39474066	39474550	LTR/ERVL-MaLR	1874	+	242	39474308	28760
chr14	39445548	39645548	harbor2	chr14	39474625	39475115	LTR/ERVL-MaLR	1391	+	245	39474870	29322
chr14	39445548	39645548	harbor2	chr14	39495749	39496106	LTR/ERVL-MaLR	2206	+	178	39495927	50379
chr14	39445548	39645548	harbor2	chr14	39496107	39497676	LTR/ERVL-MaLR	11864	+	784	39496891	51343
chr14	39445548	39645548	harbor2	chr14	39497677	39498035	LTR/ERVL-MaLR	2268	+	179	39497856	52308
chr14	28573598	28773598	harbor2	chr14	28598959	28599346	LTR/ERVL-MaLR	1692	+	194	28599153	25555
chr14	28573598	28773598	harbor2	chr14	28620177	28620616	LTR/ERVL-MaLR	2117	+	220	28620397	46799
chr14	88008196	88208196	harbor2	chr14	88030074	88030275	LTR/ERVL-MaLR	2206	+	100	88030174	21978
chr14	88008196	88208196	harbor2	chr14	88030309	88030518	LTR/ERVL-MaLR	2206	+	104	88030413	22217
chr14	88008196	88208196	harbor2	chr14	88038070	88038472	LTR/ERVL-MaLR	1117	+	201	88038271	30075
chr14	88008196	88208196	harbor2	chr14	88038516	88039286	LTR/ERVL-MaLR	1210	+	385	88038901	30705
chr14	88008196	88208196	harbor2	chr14	88039307	88039619	LTR/ERVL-MaLR	617	+	156	88039463	31267
chr14	88008196	88208196	harbor2	chr14	88069187	88069439	LTR/ERVL-MaLR	630	+	126	88069313	61117
chr14	88008196	88208196	harbor2	chr14	88069587	88070031	LTR/ERVL-MaLR	1852	+	222	88069809	61613
chr14	88008196	88208196	harbor2	chr14	88086224	88086546	LTR/ERVL-MaLR	1648	+	161	88086385	78189
chr14	88008196	88208196	harbor2	chr14	88086882	88087152	LTR/ERVL-MaLR	1648	+	135	88087017	78821
chr14	88008196	88208196	harbor2	chr14	88091300	88091381	LTR/ERVL-MaLR	542	+	40	88091340	83144
chr14	88008196	88208196	harbor2	chr14	88091382	88091735	LTR/ERVL-MaLR	2409	+	176	88091558	83362
chr14	88008196	88208196	harbor2	chr14	88091736	88091831	LTR/ERVL-MaLR	542	+	48	88091784	83588
chr14	88008196	88208196	harbor2	chr14	88093436	88093572	LTR/ERVL-MaLR	794	+	68	88093504	85308
chr14	88008196	88208196	harbor2	chr14	88097068	88097617	LTR/ERVL-MaLR	1536	+	274	88097342	89146
chr14	88008196	88208196	harbor2	chr14	88063941	88064418	LTR/ERVL-MaLR	800	+	238	88064179	55983
chr14	103938626	104138626	harbor2	chr14	103958429	103958865	LTR/ERVL-MaLR	1943	+	218	103958647	20021
chr14	103938626	104138626	harbor2	chr14	103983701	103985231	LTR/ERVL-MaLR	11692	+	765	103984466	45840
chr14	103938626	104138626	harbor2	chr14	103985232	103985543	LTR/ERVL-MaLR	1938	+	156	103985388	46762
chr14	95402955	95602955	harbor2	chr14	95410316	95410777	LTR/ERVL-MaLR	643	+	230	95410546	7591
chr14	95402955	95602955	harbor2	chr14	95420849	95421210	LTR/ERVL-MaLR	2384	+	180	95421029	18074
chr14	95402955	95602955	harbor2	chr14	95436076	95436573	LTR/ERVL-MaLR	1311	+	248	95436324	33369
chr14	95402955	95602955	harbor2	chr14	95403955	95404357	LTR/ERVL-MaLR	2222	+	201	95404156	1201
chr14	85978590	86178590	harbor2	chr14	85995428	85995933	LTR/ERVL-MaLR	1162	+	252	85995680	17090
chr14	85978590	86178590	harbor2	chr14	86023275	86023630	LTR/ERVL-MaLR	2016	+	178	86023453	44863
chr14	85978590	86178590	harbor2	chr14	86037275	86037681	LTR/ERVL-MaLR	2110	+	203	86037478	58888
chr14	85978590	86178590	harbor2	chr14	86037682	86038064	LTR/ERVL-MaLR	1409	+	191	86037873	59283
chr14	85978590	86178590	harbor2	chr14	86038085	86039099	LTR/ERVL-MaLR	3137	+	507	86038592	60002
chr14	85978590	86178590	harbor2	chr14	86039100	86039517	LTR/ERVL-MaLR	2402	+	208	86039308	60718
chr14	85978590	86178590	harbor2	chr14	86068537	86068582	LTR/ERVL-MaLR	906	+	22	86068559	89969
chr14	85978590	86178590	harbor2	chr14	86068948	86069139	LTR/ERVL-MaLR	906	+	96	86069044	90454
chr14	96131970	96331970	harbor2	chr14	96164366	96164685	LTR/ERVL-MaLR	1910	+	160	96164526	32556
chr14	96131970	96331970	harbor2	chr14	96164980	96165109	LTR/ERVL-MaLR	1910	+	64	96165044	33074
chr14	96131970	96331970	harbor2	chr14	96180113	96180510	LTR/ERVL-MaLR	823	+	198	96180311	48341
chr14	96131970	96331970	harbor2	chr14	96188451	96188864	LTR/ERVL-MaLR	1685	+	206	96188657	56687
chr14	96131970	96331970	harbor2	chr14	96192931	96193244	LTR/ERVL-MaLR	559	+	156	96193087	61117
chr14	84321665	84521665	harbor2	chr14	84336511	84336894	LTR/ERVL-MaLR	1341	+	192	84336703	15038
chr14	84321665	84521665	harbor2	chr14	84347784	84348163	LTR/ERVL-MaLR	1839	+	190	84347974	26309
chr14	84321665	84521665	harbor2	chr14	84359897	84360254	LTR/ERVL-MaLR	2254	+	178	84360075	38410
chr14	84321665	84521665	harbor2	chr14	84386646	84386896	LTR/ERVL-MaLR	730	+	125	84386771	65106
chr14	84321665	84521665	harbor2	chr14	84386977	84387376	LTR/ERVL-MaLR	1712	+	200	84387177	65512
chr14	84321665	84521665	harbor2	chr14	84409724	84410097	LTR/ERVL-MaLR	2234	+	186	84409910	88245
chr14	41464122	41664122	harbor2	chr14	41470157	41470637	LTR/ERVL-MaLR	1793	+	240	41470397	6275
chr14	41464122	41664122	harbor2	chr14	41474397	41475022	LTR/ERVL-MaLR	1323	+	312	41474709	10587
chr14	41464122	41664122	harbor2	chr14	41478970	41479324	LTR/ERVL-MaLR	2040	+	177	41479147	15025
chr14	41464122	41664122	harbor2	chr14	41488672	41489072	LTR/ERVL-MaLR	1322	+	200	41488872	24750
chr14	41464122	41664122	harbor2	chr14	41490421	41490681	LTR/ERVL-MaLR	424	+	130	41490551	26429
chr14	41464122	41664122	harbor2	chr14	41514095	41514575	LTR/ERVL-MaLR	1831	+	240	41514335	50213
chr14	41464122	41664122	harbor2	chr14	41559290	41559677	LTR/ERVL-MaLR	1264	+	194	41559484	95362
chr14	89180055	89380055	harbor2	chr14	89202496	89202904	LTR/ERVL-MaLR	2067	+	204	89202700	22645
chr14	89180055	89380055	harbor2	chr14	89205204	89205342	LTR/ERVL-MaLR	764	+	69	89205273	25218
chr14	89180055	89380055	harbor2	chr14	89205949	89206187	LTR/ERVL-MaLR	1449	+	119	89206068	26013
chr14	89180055	89380055	harbor2	chr14	89210096	89210501	LTR/ERVL-MaLR	2608	+	202	89210298	30243
chr14	89180055	89380055	harbor2	chr14	89211838	89212222	LTR/ERVL-MaLR	1437	+	192	89212030	31975
chr14	89180055	89380055	harbor2	chr14	89219088	89219434	LTR/ERVL-MaLR	1865	+	173	89219261	39206
chr14	89180055	89380055	harbor2	chr14	89226613	89227045	LTR/ERVL-MaLR	1953	+	216	89226829	46774
chr14	89180055	89380055	harbor2	chr14	89227749	89227925	LTR/ERVL-MaLR	1051	+	88	89227837	47782
chr14	89180055	89380055	harbor2	chr14	89228040	89228201	LTR/ERVL-MaLR	1051	+	80	89228120	48065
chr14	89180055	89380055	harbor2	chr14	89234417	89234719	LTR/ERVL-MaLR	1445	+	151	89234568	54513
chr14	89180055	89380055	harbor2	chr14	89235550	89235971	LTR/ERVL-MaLR	1134	+	210	89235760	55705
chr14	89180055	89380055	harbor2	chr14	89250679	89251035	LTR/ERVL-MaLR	2638	+	178	89250857	70802
chr14	56358541	56558541	harbor2	chr14	56377482	56377792	LTR/ERVL-MaLR	477	+	155	56377637	19096
chr14	56358541	56558541	harbor2	chr14	56384849	56385222	LTR/ERVL-MaLR	2347	+	186	56385035	26494
chr14	56358541	56558541	harbor2	chr14	56410112	56410199	LTR/ERVL-MaLR	550	+	44	56410156	51615
chr14	56358541	56558541	harbor2	chr14	56425396	56425747	LTR/ERVL-MaLR	2339	+	176	56425572	67031
chr14	56358541	56558541	harbor2	chr14	56427953	56428341	LTR/ERVL-MaLR	1543	+	194	56428147	69606
chr14	104840071	105040071	harbor2	chr14	104845632	104845955	LTR/ERVL-MaLR	1579	+	162	104845794	5723
chr14	104840071	105040071	harbor2	chr14	104869556	104869908	LTR/ERVL-MaLR	1407	+	176	104869732	29661
chr14	104840071	105040071	harbor2	chr14	104911287	104911577	LTR/ERVL-MaLR	873	+	145	104911432	71361
chr14	104840071	105040071	harbor2	chr14	104924293	104924672	LTR/ERVL-MaLR	625	+	190	104924483	84412
chr14	104840071	105040071	harbor2	chr14	104935488	104936062	LTR/ERVL-MaLR	1812	+	287	104935775	95704
chr14	72897480	73097480	harbor2	chr14	72915965	72916071	LTR/ERVL-MaLR	2039	+	53	72916018	18538
chr14	72897480	73097480	harbor2	chr14	72916365	72916647	LTR/ERVL-MaLR	2039	+	141	72916506	19026
chr14	72897480	73097480	harbor2	chr14	72973043	72973207	LTR/ERVL-MaLR	854	+	82	72973125	75645
chr14	72897480	73097480	harbor2	chr14	72973519	72973875	LTR/ERVL-MaLR	854	+	178	72973697	76217
chr14	57400611	57600611	harbor2	chr14	57470702	57471192	LTR/ERVL-MaLR	487	+	245	57470947	70336
chr14	57400611	57600611	harbor2	chr14	57484113	57484496	LTR/ERVL-MaLR	2167	+	192	57484305	83694
chr14	57400611	57600611	harbor2	chr14	57487880	57488236	LTR/ERVL-MaLR	663	+	178	57488058	87447
chr14	103548913	103748913	harbor2	chr14	103598149	103598337	LTR/ERVL-MaLR	480	+	94	103598243	49330
chr14	103548913	103748913	harbor2	chr14	103609424	103609598	LTR/ERVL-MaLR	725	+	87	103609511	60598
chr14	103548913	103748913	harbor2	chr14	103609829	103609999	LTR/ERVL-MaLR	1676	+	85	103609914	61001
chr14	103548913	103748913	harbor2	chr14	103610293	103610311	LTR/ERVL-MaLR	1676	+	9	103610302	61389
chr14	103548913	103748913	harbor2	chr14	103610901	103611164	LTR/ERVL-MaLR	1676	+	132	103611033	62120
chr14	103053313	103253313	harbor2	chr14	103092956	103092994	LTR/ERVL-MaLR	1017	+	19	103092975	39662
chr14	103053313	103253313	harbor2	chr14	103093311	103093648	LTR/ERVL-MaLR	1017	+	168	103093479	40166
chr14	103053313	103253313	harbor2	chr14	103143467	103143673	LTR/ERVL-MaLR	814	+	103	103143570	90257
chr14	103053313	103253313	harbor2	chr14	103145760	103145970	LTR/ERVL-MaLR	864	+	105	103145865	92552
chr14	61182987	61382987	harbor2	chr14	61194274	61194642	LTR/ERVL-MaLR	1897	+	184	61194458	11471
chr14	61182987	61382987	harbor2	chr14	61208800	61208918	LTR/ERVL-MaLR	1059	+	59	61208859	25872
chr14	61182987	61382987	harbor2	chr14	61208919	61209298	LTR/ERVL-MaLR	2251	+	190	61209109	26122
chr14	61182987	61382987	harbor2	chr14	61209299	61209494	LTR/ERVL-MaLR	1059	+	98	61209397	26410
chr14	61182987	61382987	harbor2	chr14	61233542	61233900	LTR/ERVL-MaLR	2461	+	179	61233721	50734
chr14	42445812	42645812	harbor2	chr14	42472239	42472544	LTR/ERVL-MaLR	538	+	152	42472391	26579
chr14	42445812	42645812	harbor2	chr14	42479057	42479434	LTR/ERVL-MaLR	1699	+	188	42479245	33433
chr14	42445812	42645812	harbor2	chr14	42498683	42499104	LTR/ERVL-MaLR	2091	+	210	42498893	53081
chr14	80194044	80394044	harbor2	chr14	80224289	80224487	LTR/ERVL-MaLR	737	+	99	80224388	30344
chr14	80194044	80394044	harbor2	chr14	80224579	80224704	LTR/ERVL-MaLR	538	+	62	80224641	30597
chr14	80194044	80394044	harbor2	chr14	80235629	80235981	LTR/ERVL-MaLR	2048	+	176	80235805	41761
chr14	80194044	80394044	harbor2	chr14	80239482	80239977	LTR/ERVL-MaLR	579	+	248	80239730	45686
chr14	80194044	80394044	harbor2	chr14	80252979	80253353	LTR/ERVL-MaLR	2619	+	187	80253166	59122
chr14	80194044	80394044	harbor2	chr14	80267667	80268106	LTR/ERVL-MaLR	2042	+	220	80267887	73843
chr14	80194044	80394044	harbor2	chr14	80276346	80276896	LTR/ERVL-MaLR	562	+	275	80276621	82577
chr14	80194044	80394044	harbor2	chr14	80282980	80283340	LTR/ERVL-MaLR	1689	+	180	80283160	89116
chr14	94284035	94484035	harbor2	chr14	94292103	94292455	LTR/ERVL-MaLR	1427	+	176	94292279	8244
chr14	94284035	94484035	harbor2	chr14	94296170	94296532	LTR/ERVL-MaLR	2058	+	181	94296351	12316
chr14	94284035	94484035	harbor2	chr14	94303815	94304163	LTR/ERVL-MaLR	1582	+	174	94303989	19954
chr14	94284035	94484035	harbor2	chr14	94313224	94313586	LTR/ERVL-MaLR	1388	+	181	94313405	29370
chr14	94284035	94484035	harbor2	chr14	94326614	94326757	LTR/ERVL-MaLR	608	+	72	94326686	42651
chr14	94284035	94484035	harbor2	chr14	94326762	94327659	LTR/ERVL-MaLR	1838	+	448	94327210	43175
chr14	94284035	94484035	harbor2	chr14	94327834	94328027	LTR/ERVL-MaLR	564	+	96	94327930	43895
chr14	94284035	94484035	harbor2	chr14	94328095	94328540	LTR/ERVL-MaLR	1491	+	222	94328317	44282
chr14	94284035	94484035	harbor2	chr14	94358523	94358639	LTR/ERVL-MaLR	798	+	58	94358581	74546
chr14	94284035	94484035	harbor2	chr14	94372433	94372842	LTR/ERVL-MaLR	720	+	204	94372637	88602
chr14	104309027	104509027	harbor2	chr14	104311240	104311671	LTR/ERVL-MaLR	1750	+	216	104311456	2429
chr14	104309027	104509027	harbor2	chr14	104328932	104329236	LTR/ERVL-MaLR	3717	+	152	104329084	20057
chr14	104309027	104509027	harbor2	chr14	104329579	104330330	LTR/ERVL-MaLR	3717	+	376	104329955	20928
chr14	104309027	104509027	harbor2	chr14	104356887	104357191	LTR/ERVL-MaLR	589	+	152	104357039	48012
chr14	104309027	104509027	harbor2	chr14	104360439	104360675	LTR/ERVL-MaLR	821	+	118	104360557	51530
chr14	104309027	104509027	harbor2	chr14	104370005	104370406	LTR/ERVL-MaLR	480	+	200	104370205	61178
chr14	104309027	104509027	harbor2	chr14	104371531	104371959	LTR/ERVL-MaLR	672	+	214	104371745	62718
chr14	104309027	104509027	harbor2	chr14	104399013	104399420	LTR/ERVL-MaLR	2443	+	204	104399217	90190
chr14	104309027	104509027	harbor2	chr14	104400588	104400939	LTR/ERVL-MaLR	1932	+	176	104400764	91737
chr14	104309027	104509027	harbor2	chr14	104401074	104401621	LTR/ERVL-MaLR	10790	+	274	104401348	92321
chr14	104309027	104509027	harbor2	chr14	104401920	104403005	LTR/ERVL-MaLR	10790	+	542	104402462	93435
chr14	104309027	104509027	harbor2	chr14	104403006	104403379	LTR/ERVL-MaLR	2221	+	186	104403192	94165
chr14	104309027	104509027	harbor2	chr14	104404942	104405244	LTR/ERVL-MaLR	904	+	151	104405093	96066
chr14	104309027	104509027	harbor2	chr14	104407445	104407799	LTR/ERVL-MaLR	2541	+	177	104407622	98595
chr14	25316696	25516696	harbor2	chr14	25373849	25374240	LTR/ERVL-MaLR	2037	+	196	25374045	57349
chr14	103311828	103511828	harbor2	chr14	103325260	103325434	LTR/ERVL-MaLR	923	+	87	103325347	13519
chr14	103311828	103511828	harbor2	chr14	103325737	103325947	LTR/ERVL-MaLR	923	+	105	103325842	14014
chr14	103311828	103511828	harbor2	chr14	103326236	103326310	LTR/ERVL-MaLR	923	+	37	103326273	14445
chr14	103311828	103511828	harbor2	chr14	103349807	103350005	LTR/ERVL-MaLR	515	+	99	103349906	38078
chr14	103311828	103511828	harbor2	chr14	103354118	103354523	LTR/ERVL-MaLR	2298	+	202	103354320	42492
chr14	103311828	103511828	harbor2	chr14	103356519	103356695	LTR/ERVL-MaLR	1430	+	88	103356607	44779
chr14	103311828	103511828	harbor2	chr14	103357023	103357050	LTR/ERVL-MaLR	1430	+	14	103357037	45209
chr14	103311828	103511828	harbor2	chr14	103357181	103357360	LTR/ERVL-MaLR	1430	+	90	103357271	45443
chr14	103311828	103511828	harbor2	chr14	103366927	103367023	LTR/ERVL-MaLR	424	+	48	103366975	55147
chr14	103311828	103511828	harbor2	chr14	103367545	103367616	LTR/ERVL-MaLR	1394	+	36	103367581	55753
chr14	103311828	103511828	harbor2	chr14	103367911	103368128	LTR/ERVL-MaLR	1394	+	108	103368019	56191
chr14	103311828	103511828	harbor2	chr14	103375930	103375996	LTR/ERVL-MaLR	1726	+	33	103375963	64135
chr14	103311828	103511828	harbor2	chr14	103376284	103376586	LTR/ERVL-MaLR	1726	+	151	103376435	64607
chr14	61605186	61805186	harbor2	chr14	61617602	61618030	LTR/ERVL-MaLR	913	+	214	61617816	12630
chr14	61605186	61805186	harbor2	chr14	61618336	61618371	LTR/ERVL-MaLR	913	+	18	61618354	13168
chr14	61605186	61805186	harbor2	chr14	61622620	61623055	LTR/ERVL-MaLR	1355	+	218	61622838	17652
chr14	61605186	61805186	harbor2	chr14	61625349	61625805	LTR/ERVL-MaLR	584	+	228	61625577	20391
chr14	61605186	61805186	harbor2	chr14	61632242	61632644	LTR/ERVL-MaLR	999	+	201	61632443	27257
chr14	91308738	91508738	harbor2	chr14	91310926	91311252	LTR/ERVL-MaLR	421	+	163	91311089	2351
chr14	29824980	30024980	harbor2	chr14	29828785	29829342	LTR/ERVL-MaLR	1669	+	278	29829063	4083
chr14	29824980	30024980	harbor2	chr14	29840930	29841357	LTR/ERVL-MaLR	3004	+	214	29841144	16164
chr14	29824980	30024980	harbor2	chr14	29841360	29841718	LTR/ERVL-MaLR	2189	+	179	29841539	16559
chr14	29824980	30024980	harbor2	chr14	29843024	29843401	LTR/ERVL-MaLR	2195	+	188	29843212	18232
chr14	29824980	30024980	harbor2	chr14	29849044	29849430	LTR/ERVL-MaLR	2310	+	193	29849237	24257
chr14	29824980	30024980	harbor2	chr14	29853696	29854063	LTR/ERVL-MaLR	2343	+	184	29853880	28900
chr14	29824980	30024980	harbor2	chr14	29854121	29855642	LTR/ERVL-MaLR	10941	+	760	29854881	29901
chr14	29824980	30024980	harbor2	chr14	29855643	29856011	LTR/ERVL-MaLR	2084	+	184	29855827	30847
chr14	29824980	30024980	harbor2	chr14	29865350	29865745	LTR/ERVL-MaLR	1691	+	198	29865548	40568
chr14	29824980	30024980	harbor2	chr14	29879208	29879563	LTR/ERVL-MaLR	2524	+	178	29879386	54406
chr14	29824980	30024980	harbor2	chr14	29879565	29881123	LTR/ERVL-MaLR	11081	+	779	29880344	55364
chr14	29824980	30024980	harbor2	chr14	29881124	29881476	LTR/ERVL-MaLR	2738	+	176	29881300	56320
chr14	29824980	30024980	harbor2	chr14	29899786	29900153	LTR/ERVL-MaLR	2286	+	184	29899970	74990
chr14	105555793	105755793	harbor2	chr14	105608980	105609423	LTR/ERVL-MaLR	2115	+	222	105609202	53409
chr14	105555793	105755793	harbor2	chr14	105609424	105609897	LTR/ERVL-MaLR	2650	+	236	105609660	53867
chr14	105555793	105755793	harbor2	chr14	105611913	105612323	LTR/ERVL-MaLR	2557	+	205	105612118	56325
chr14	105555793	105755793	harbor2	chr14	105619592	105619772	LTR/ERVL-MaLR	754	+	90	105619682	63889
chr14	105555793	105755793	harbor2	chr14	105619773	105620109	LTR/ERVL-MaLR	1433	+	168	105619941	64148
chr14	105555793	105755793	harbor2	chr14	105638826	105639162	LTR/ERVL-MaLR	1421	+	168	105638994	83201
chr14	105555793	105755793	harbor2	chr14	105654618	105655062	LTR/ERVL-MaLR	2181	+	222	105654840	99047
chr14	105555793	105755793	harbor2	chr14	105655063	105655536	LTR/ERVL-MaLR	2647	+	236	105655299	99506
chr14	105555793	105755793	harbor2	chr14	105610741	105611911	LTR/ERVL-MaLR	6634	+	585	105611326	55533
chr14	65548062	65748062	harbor2	chr14	65605317	65605729	LTR/ERVL-MaLR	2025	+	206	65605523	57461
chr14	27997397	28197397	harbor2	chr14	28058240	28058343	LTR/ERVL-MaLR	535	+	52	28058292	60895
chr14	27997397	28197397	harbor2	chr14	28059372	28059792	LTR/ERVL-MaLR	2215	+	210	28059582	62185
chr14	27997397	28197397	harbor2	chr14	28066949	28067191	LTR/ERVL-MaLR	1495	+	121	28067070	69673
chr14	27997397	28197397	harbor2	chr14	28067222	28067582	LTR/ERVL-MaLR	2314	+	180	28067402	70005
chr14	27997397	28197397	harbor2	chr14	28079285	28079622	LTR/ERVL-MaLR	457	+	168	28079453	82056
chr14	89826324	90026324	harbor2	chr14	89858041	89858127	LTR/ERVL-MaLR	484	+	43	89858084	31760
chr14	89826324	90026324	harbor2	chr14	89858167	89858453	LTR/ERVL-MaLR	1378	+	143	89858310	31986
chr14	89826324	90026324	harbor2	chr14	89861581	89861951	LTR/ERVL-MaLR	1406	+	185	89861766	35442
chr14	89826324	90026324	harbor2	chr14	89872609	89872782	LTR/ERVL-MaLR	1872	+	86	89872695	46371
chr14	89826324	90026324	harbor2	chr14	89872814	89873019	LTR/ERVL-MaLR	1872	+	102	89872916	46592
chr14	89826324	90026324	harbor2	chr14	89880095	89880439	LTR/ERVL-MaLR	2157	+	172	89880267	53943
chr14	89826324	90026324	harbor2	chr14	89882780	89883212	LTR/ERVL-MaLR	2541	+	216	89882996	56672
chr14	89826324	90026324	harbor2	chr14	89884714	89885090	LTR/ERVL-MaLR	1463	+	188	89884902	58578
chr14	89826324	90026324	harbor2	chr14	89888114	89888299	LTR/ERVL-MaLR	2135	+	92	89888206	61882
chr14	89826324	90026324	harbor2	chr14	89888693	89888873	LTR/ERVL-MaLR	1968	+	90	89888783	62459
chr14	99231684	99431684	harbor2	chr14	99285744	99286177	LTR/ERVL-MaLR	1389	+	216	99285960	54276
chr14	99231684	99431684	harbor2	chr14	99295241	99295409	LTR/ERVL-MaLR	1907	+	84	99295325	63641
chr14	99231684	99431684	harbor2	chr14	99295716	99295878	LTR/ERVL-MaLR	1907	+	81	99295797	64113
chr14	99231684	99431684	harbor2	chr14	99304942	99305311	LTR/ERVL-MaLR	1955	+	184	99305126	73442
chr14	99231684	99431684	harbor2	chr14	99309303	99309620	LTR/ERVL-MaLR	2189	+	158	99309461	77777
chr14	99231684	99431684	harbor2	chr14	99310037	99310138	LTR/ERVL-MaLR	2189	+	50	99310087	78403
chr14	99231684	99431684	harbor2	chr14	99328358	99328396	LTR/ERVL-MaLR	1001	+	19	99328377	96693
chr14	99231684	99431684	harbor2	chr14	99328712	99329007	LTR/ERVL-MaLR	1001	+	148	99328860	97176
chr14	99231684	99431684	harbor2	chr14	99329008	99329321	LTR/ERVL-MaLR	2412	+	156	99329164	97480
chr14	99231684	99431684	harbor2	chr14	99329646	99329716	LTR/ERVL-MaLR	2412	+	35	99329681	97997
chr14	99231684	99431684	harbor2	chr14	99329717	99329736	LTR/ERVL-MaLR	428	+	10	99329727	98043
chr14	80117377	80317377	harbor2	chr14	80121394	80121841	LTR/ERVL-MaLR	2742	+	224	80121618	4241
chr14	80117377	80317377	harbor2	chr14	80121842	80122521	LTR/ERVL-MaLR	8227	+	340	80122182	4805
chr14	80117377	80317377	harbor2	chr14	80122522	80122883	LTR/ERVL-MaLR	1546	+	180	80122702	5325
chr14	80117377	80317377	harbor2	chr14	80122884	80123907	LTR/ERVL-MaLR	8227	+	512	80123396	6019
chr14	80117377	80317377	harbor2	chr14	80123908	80124331	LTR/ERVL-MaLR	2342	+	212	80124120	6743
chr14	80117377	80317377	harbor2	chr14	80127633	80128022	LTR/ERVL-MaLR	701	+	194	80127827	10450
chr14	80117377	80317377	harbor2	chr14	80132613	80133055	LTR/ERVL-MaLR	1830	+	221	80132834	15457
chr14	80117377	80317377	harbor2	chr14	80141624	80142082	LTR/ERVL-MaLR	1491	+	229	80141853	24476
chr14	80117377	80317377	harbor2	chr14	80155358	80155632	LTR/ERVL-MaLR	468	+	137	80155495	38118
chr14	80117377	80317377	harbor2	chr14	80184304	80184502	LTR/ERVL-MaLR	560	+	99	80184403	67026
chr14	80117377	80317377	harbor2	chr14	80184626	80184810	LTR/ERVL-MaLR	607	+	92	80184718	67341
chr14	105121012	105321012	harbor2	chr14	105122232	105122419	LTR/ERVL-MaLR	425	+	94	105122326	1314
chr14	105121012	105321012	harbor2	chr14	105173373	105173899	LTR/ERVL-MaLR	702	+	263	105173636	52624
chr14	93352361	93552361	harbor2	chr14	93373934	93374524	LTR/ERVL-MaLR	3057	+	295	93374229	21868
chr14	93352361	93552361	harbor2	chr14	93374847	93375018	LTR/ERVL-MaLR	3057	+	86	93374933	22572
chr14	93352361	93552361	harbor2	chr14	93375019	93375115	LTR/ERVL-MaLR	2715	+	48	93375067	22706
chr14	93352361	93552361	harbor2	chr14	93375391	93375484	LTR/ERVL-MaLR	2715	+	46	93375437	23076
chr14	93352361	93552361	harbor2	chr14	93375894	93376157	LTR/ERVL-MaLR	2715	+	132	93376026	23665
chr14	93352361	93552361	harbor2	chr14	93382332	93382450	LTR/ERVL-MaLR	417	+	59	93382391	30030
chr14	93352361	93552361	harbor2	chr14	93383732	93384089	LTR/ERVL-MaLR	2257	+	178	93383910	31549
chr14	84529393	84729393	harbor2	chr14	84549228	84549601	LTR/ERVL-MaLR	933	+	186	84549414	20021
chr14	84529393	84729393	harbor2	chr14	84563097	84563455	LTR/ERVL-MaLR	1818	+	179	84563276	33883
chr14	84529393	84729393	harbor2	chr14	84563457	84565132	LTR/ERVL-MaLR	8805	+	838	84564295	34902
chr14	84529393	84729393	harbor2	chr14	84565133	84565492	LTR/ERVL-MaLR	1996	+	180	84565313	35920
chr14	84529393	84729393	harbor2	chr14	84598430	84598785	LTR/ERVL-MaLR	2040	+	178	84598608	69215
chr14	84529393	84729393	harbor2	chr14	84599907	84600259	LTR/ERVL-MaLR	2000	+	176	84600083	70690
chr14	84529393	84729393	harbor2	chr14	84611535	84612041	LTR/ERVL-MaLR	1410	+	253	84611788	82395
chr14	84529393	84729393	harbor2	chr14	84612567	84612937	LTR/ERVL-MaLR	1980	+	185	84612752	83359
chr14	104850085	105050085	harbor2	chr14	104869556	104869908	LTR/ERVL-MaLR	1407	+	176	104869732	19647
chr14	104850085	105050085	harbor2	chr14	104911287	104911577	LTR/ERVL-MaLR	873	+	145	104911432	61347
chr14	104850085	105050085	harbor2	chr14	104924293	104924672	LTR/ERVL-MaLR	625	+	190	104924483	74398
chr14	104850085	105050085	harbor2	chr14	104935488	104936062	LTR/ERVL-MaLR	1812	+	287	104935775	85690
chr14	105855004	106055004	harbor2	chr14	105951537	105951921	LTR/ERVL-MaLR	1543	+	192	105951729	96725
chr14	105855004	106055004	harbor2	chr14	105922358	105922722	LTR/ERVL-MaLR	1320	+	182	105922540	67536
chr14	105698860	105898860	harbor2	chr14	105724144	105724442	LTR/ERVL-MaLR	1518	+	149	105724293	25433
chr14	105698860	105898860	harbor2	chr14	105724575	105724641	LTR/ERVL-MaLR	1518	+	33	105724608	25748
chr14	105698860	105898860	harbor2	chr14	105724642	105725114	LTR/ERVL-MaLR	2687	+	236	105724878	26018
chr14	105698860	105898860	harbor2	chr14	105725965	105727127	LTR/ERVL-MaLR	6483	+	581	105726546	27686
chr14	105698860	105898860	harbor2	chr14	105727129	105727541	LTR/ERVL-MaLR	2602	+	206	105727335	28475
chr14	105698860	105898860	harbor2	chr14	105735613	105735946	LTR/ERVL-MaLR	1307	+	166	105735779	36919
chr14	105698860	105898860	harbor2	chr14	105753389	105753743	LTR/ERVL-MaLR	1887	+	177	105753566	54706
chr14	105698860	105898860	harbor2	chr14	105754016	105754491	LTR/ERVL-MaLR	2644	+	238	105754254	55394
chr14	105698860	105898860	harbor2	chr14	105755338	105756500	LTR/ERVL-MaLR	6498	+	581	105755919	57059
chr14	105698860	105898860	harbor2	chr14	105756502	105756914	LTR/ERVL-MaLR	2606	+	206	105756708	57848
chr14	105698860	105898860	harbor2	chr14	105763770	105764106	LTR/ERVL-MaLR	1411	+	168	105763938	65078
chr14	105698860	105898860	harbor2	chr14	105786685	105786941	LTR/ERVL-MaLR	2451	+	128	105786813	87953
chr14	105698860	105898860	harbor2	chr14	105787245	105787422	LTR/ERVL-MaLR	2451	+	88	105787333	88473
chr14	105698860	105898860	harbor2	chr14	105787423	105788387	LTR/ERVL-MaLR	5440	+	482	105787905	89045
chr14	105698860	105898860	harbor2	chr14	105790382	105791061	LTR/ERVL-MaLR	3701	+	340	105790722	91862
chr14	105698860	105898860	harbor2	chr14	105791071	105791486	LTR/ERVL-MaLR	2475	+	208	105791279	92419
chr14	105698860	105898860	harbor2	chr14	105798535	105798957	LTR/ERVL-MaLR	2412	+	211	105798746	99886
chr14	104075875	104275875	harbor2	chr14	104083565	104083934	LTR/ERVL-MaLR	1145	+	184	104083749	7874
chr14	100117316	100317316	harbor2	chr14	100186975	100187025	LTR/ERVL-MaLR	1063	+	25	100187000	69684
chr14	100117316	100317316	harbor2	chr14	100187329	100187786	LTR/ERVL-MaLR	1063	+	228	100187557	70241
chr14	100117316	100317316	harbor2	chr14	100188270	100188971	LTR/ERVL-MaLR	2598	+	350	100188620	71304
chr14	100117316	100317316	harbor2	chr14	100188972	100189013	LTR/ERVL-MaLR	758	+	20	100188992	71676
chr14	100117316	100317316	harbor2	chr14	100189311	100189585	LTR/ERVL-MaLR	1074	+	137	100189448	72132
chr14	103037678	103237678	harbor2	chr14	103092956	103092994	LTR/ERVL-MaLR	1017	+	19	103092975	55297
chr14	103037678	103237678	harbor2	chr14	103093311	103093648	LTR/ERVL-MaLR	1017	+	168	103093479	55801
chr14	86539700	86739700	harbor2	chr14	86576815	86577036	LTR/ERVL-MaLR	591	+	110	86576925	37225
chr14	86539700	86739700	harbor2	chr14	86582156	86582332	LTR/ERVL-MaLR	1033	+	88	86582244	42544
chr14	86539700	86739700	harbor2	chr14	86583365	86583565	LTR/ERVL-MaLR	1137	+	100	86583465	43765
chr14	86539700	86739700	harbor2	chr14	86606931	86607263	LTR/ERVL-MaLR	1281	+	166	86607097	67397
chr14	86539700	86739700	harbor2	chr14	86623122	86623472	LTR/ERVL-MaLR	1978	+	175	86623297	83597
chr14	86539700	86739700	harbor2	chr14	86636956	86637318	LTR/ERVL-MaLR	2151	+	181	86637137	97437
chr14	97225595	97425595	harbor2	chr14	97276160	97276631	LTR/ERVL-MaLR	2211	+	236	97276396	50801
chr14	97225595	97425595	harbor2	chr14	97286078	97286517	LTR/ERVL-MaLR	2351	+	220	97286298	60703
chr14	97225595	97425595	harbor2	chr14	97302498	97302771	LTR/ERVL-MaLR	528	+	136	97302634	77039
chr14	97225595	97425595	harbor2	chr14	97312567	97313265	LTR/ERVL-MaLR	2667	+	349	97312916	87321
chr14	97225595	97425595	harbor2	chr14	97313266	97313654	LTR/ERVL-MaLR	2047	+	194	97313460	87865
chr14	97225595	97425595	harbor2	chr14	97313655	97314303	LTR/ERVL-MaLR	2667	+	324	97313979	88384
chr14	97225595	97425595	harbor2	chr14	97314303	97314801	LTR/ERVL-MaLR	1728	+	249	97314552	88957
chr14	67725211	67925211	harbor2	chr14	67739032	67739429	LTR/ERVL-MaLR	1061	+	198	67739230	14019
chr14	106743920	106943920	harbor2	chr14	106756448	106756706	LTR/ERVL-MaLR	585	+	129	106756577	12657
chr14	106743920	106943920	harbor2	chr14	106788533	106788951	LTR/ERVL-MaLR	2009	+	209	106788742	44822
chr14	106743920	106943920	harbor2	chr14	106791745	106792079	LTR/ERVL-MaLR	1699	+	167	106791912	47992
chr14	101287871	101487871	harbor2	chr14	101353474	101353887	LTR/ERVL-MaLR	2285	+	206	101353680	65809
chr14	101287871	101487871	harbor2	chr14	101382508	101382594	LTR/ERVL-MaLR	1087	+	43	101382551	94680
chr14	101287871	101487871	harbor2	chr14	101382625	101382927	LTR/ERVL-MaLR	1087	+	151	101382776	94905
chr14	104053827	104253827	harbor2	chr14	104055119	104055501	LTR/ERVL-MaLR	495	+	191	104055310	1483
chr14	104053827	104253827	harbor2	chr14	104073924	104074299	LTR/ERVL-MaLR	983	+	188	104074112	20285
chr14	104053827	104253827	harbor2	chr14	104083565	104083934	LTR/ERVL-MaLR	1145	+	184	104083749	29922
chr14	86731096	86931096	harbor2	chr14	86774135	86774478	LTR/ERVL-MaLR	1998	+	172	86774307	43211
chr14	86731096	86931096	harbor2	chr14	86774479	86776050	LTR/ERVL-MaLR	11507	+	786	86775265	44169
chr14	86731096	86931096	harbor2	chr14	86776124	86776487	LTR/ERVL-MaLR	2065	+	182	86776306	45210
chr14	86731096	86931096	harbor2	chr14	86783388	86783762	LTR/ERVL-MaLR	1786	+	187	86783575	52479
chr14	86731096	86931096	harbor2	chr14	86790933	86791303	LTR/ERVL-MaLR	1874	+	185	86791118	60022
chr14	86731096	86931096	harbor2	chr14	86791304	86792917	LTR/ERVL-MaLR	10537	+	806	86792110	61014
chr14	86731096	86931096	harbor2	chr14	86821120	86821507	LTR/ERVL-MaLR	1573	+	194	86821314	90218
chr14	106266532	106466532	harbor2	chr14	106280880	106281238	LTR/ERVL-MaLR	1605	+	179	106281059	14527
chr14	106266532	106466532	harbor2	chr14	106282022	106282740	LTR/ERVL-MaLR	2593	+	359	106282381	15849
chr14	106266532	106466532	harbor2	chr14	106284373	106284784	LTR/ERVL-MaLR	2186	+	206	106284579	18047
chr14	106266532	106466532	harbor2	chr14	106341161	106341515	LTR/ERVL-MaLR	1762	+	177	106341338	74806
chr14	106266532	106466532	harbor2	chr14	106365874	106366228	LTR/ERVL-MaLR	1802	+	177	106366051	99519
chr14	106266532	106466532	harbor2	chr14	106282746	106283166	LTR/ERVL-MaLR	1866	+	210	106282956	16424
chr14	102462608	102662608	harbor2	chr14	102524748	102524877	LTR/ERVL-MaLR	483	+	64	102524812	62204
chr14	72141644	72341644	harbor2	chr14	72150018	72150451	LTR/ERVL-MaLR	1597	+	216	72150234	8590
chr14	72141644	72341644	harbor2	chr14	72160492	72160889	LTR/ERVL-MaLR	2096	+	198	72160690	19046
chr14	72141644	72341644	harbor2	chr14	72169624	72169754	LTR/ERVL-MaLR	645	+	65	72169689	28045
chr14	72141644	72341644	harbor2	chr14	72169950	72170150	LTR/ERVL-MaLR	645	+	100	72170050	28406
chr14	72141644	72341644	harbor2	chr14	72180644	72180983	LTR/ERVL-MaLR	1232	+	170	72180814	39170
chr14	72141644	72341644	harbor2	chr14	72208005	72208470	LTR/ERVL-MaLR	873	+	232	72208237	66593
chr14	72141644	72341644	harbor2	chr14	72220283	72220413	LTR/ERVL-MaLR	461	+	65	72220348	78704
chr14	74075768	74275768	harbor2	chr14	74123638	74123790	LTR/ERVL-MaLR	691	+	76	74123714	47946
chr14	74075768	74275768	harbor2	chr14	74160023	74160300	LTR/ERVL-MaLR	1012	+	138	74160161	84393
chr14	78107797	78307797	harbor2	chr14	78112344	78112626	LTR/ERVL-MaLR	1593	+	141	78112485	4688
chr14	78107797	78307797	harbor2	chr14	78113075	78113120	LTR/ERVL-MaLR	1593	+	22	78113097	5300
chr14	78107797	78307797	harbor2	chr14	78113426	78113455	LTR/ERVL-MaLR	1593	+	14	78113440	5643
chr14	78107797	78307797	harbor2	chr14	78198188	78198434	LTR/ERVL-MaLR	431	+	123	78198311	90514
chr14	106198434	106398434	harbor2	chr14	106230947	106231133	LTR/ERVL-MaLR	1673	+	93	106231040	32606
chr14	106198434	106398434	harbor2	chr14	106231192	106231365	LTR/ERVL-MaLR	1673	+	86	106231278	32844
chr14	106198434	106398434	harbor2	chr14	106250859	106251234	LTR/ERVL-MaLR	1584	+	188	106251047	52613
chr14	106198434	106398434	harbor2	chr14	106251235	106252834	LTR/ERVL-MaLR	10062	+	800	106252035	53601
chr14	106198434	106398434	harbor2	chr14	106252835	106253213	LTR/ERVL-MaLR	1364	+	189	106253024	54590
chr14	106198434	106398434	harbor2	chr14	106280880	106281238	LTR/ERVL-MaLR	1605	+	179	106281059	82625
chr14	106198434	106398434	harbor2	chr14	106282022	106282740	LTR/ERVL-MaLR	2593	+	359	106282381	83947
chr14	106198434	106398434	harbor2	chr14	106284373	106284784	LTR/ERVL-MaLR	2186	+	206	106284579	86145
chr14	106198434	106398434	harbor2	chr14	106282746	106283166	LTR/ERVL-MaLR	1866	+	210	106282956	84522
chr14	90418717	90618717	harbor2	chr14	90428744	90428938	LTR/ERVL-MaLR	464	+	97	90428841	10124
chr14	90418717	90618717	harbor2	chr14	90429251	90429461	LTR/ERVL-MaLR	425	+	105	90429356	10639
chr14	90418717	90618717	harbor2	chr14	90446333	90446819	LTR/ERVL-MaLR	671	+	243	90446576	27859
chr14	90418717	90618717	harbor2	chr14	90446821	90447202	LTR/ERVL-MaLR	1234	+	190	90447011	28294
chr14	90418717	90618717	harbor2	chr14	90447515	90447960	LTR/ERVL-MaLR	1091	+	222	90447737	29020
chr14	90418717	90618717	harbor2	chr14	90448148	90448354	LTR/ERVL-MaLR	570	+	103	90448251	29534
chr14	90418717	90618717	harbor2	chr14	90452857	90453197	LTR/ERVL-MaLR	914	+	170	90453027	34310
chr14	90418717	90618717	harbor2	chr14	90459330	90459804	LTR/ERVL-MaLR	868	+	237	90459567	40850
chr14	90418717	90618717	harbor2	chr14	90482024	90482429	LTR/ERVL-MaLR	861	+	202	90482226	63509
chr14	90418717	90618717	harbor2	chr14	90487474	90487706	LTR/ERVL-MaLR	463	+	116	90487590	68873
chr14	90418717	90618717	harbor2	chr14	90492154	90492482	LTR/ERVL-MaLR	847	+	164	90492318	73601
chr14	90418717	90618717	harbor2	chr14	90493373	90493725	LTR/ERVL-MaLR	2054	+	176	90493549	74832
chr14	90418717	90618717	harbor2	chr14	90507987	90508345	LTR/ERVL-MaLR	972	+	179	90508166	89449
chr14	71954555	72154555	harbor2	chr14	71994510	71994925	LTR/ERVL-MaLR	1498	+	208	71994718	40163
chr14	71954555	72154555	harbor2	chr14	71999516	71999924	LTR/ERVL-MaLR	2449	+	204	71999720	45165
chr14	71954555	72154555	harbor2	chr14	72006361	72006783	LTR/ERVL-MaLR	1144	+	211	72006572	52017
chr14	71954555	72154555	harbor2	chr14	72006786	72007457	LTR/ERVL-MaLR	5711	+	336	72007122	52567
chr14	71954555	72154555	harbor2	chr14	72008434	72008815	LTR/ERVL-MaLR	1002	+	190	72008624	54069
chr14	71954555	72154555	harbor2	chr14	72009656	72009778	LTR/ERVL-MaLR	516	+	61	72009717	55162
chr14	71954555	72154555	harbor2	chr14	72007679	72008411	LTR/ERVL-MaLR	5711	+	366	72008045	53490
chr14	85416455	85616455	harbor2	chr14	85440560	85440947	LTR/ERVL-MaLR	1683	+	194	85440754	24299
chr14	85416455	85616455	harbor2	chr14	85444724	85445109	LTR/ERVL-MaLR	1080	+	192	85444916	28461
chr14	85416455	85616455	harbor2	chr14	85449122	85449529	LTR/ERVL-MaLR	651	+	204	85449326	32871
chr14	85416455	85616455	harbor2	chr14	85456725	85457081	LTR/ERVL-MaLR	1579	+	178	85456903	40448
chr14	85416455	85616455	harbor2	chr14	85463564	85463836	LTR/ERVL-MaLR	1476	+	136	85463700	47245
chr14	85416455	85616455	harbor2	chr14	85463952	85464086	LTR/ERVL-MaLR	645	+	67	85464019	47564
chr14	85416455	85616455	harbor2	chr14	85464087	85465729	LTR/ERVL-MaLR	7825	+	821	85464908	48453
chr14	85416455	85616455	harbor2	chr14	85465730	85466127	LTR/ERVL-MaLR	2132	+	198	85465928	49473
chr14	85416455	85616455	harbor2	chr14	85489057	85489499	LTR/ERVL-MaLR	853	+	221	85489278	72823
chr14	85416455	85616455	harbor2	chr14	85489990	85490104	LTR/ERVL-MaLR	853	+	57	85490047	73592
chr14	85416455	85616455	harbor2	chr14	85499882	85499999	LTR/ERVL-MaLR	602	+	58	85499940	83485
chr14	85416455	85616455	harbor2	chr14	85500001	85500252	LTR/ERVL-MaLR	1198	+	126	85500127	83672
chr14	85416455	85616455	harbor2	chr14	85500916	85501264	LTR/ERVL-MaLR	1660	+	174	85501090	84635
chr14	104977186	105177186	harbor2	chr14	105042362	105042741	LTR/ERVL-MaLR	681	+	190	105042552	65366
chr14	104977186	105177186	harbor2	chr14	105044518	105044675	LTR/ERVL-MaLR	898	+	78	105044596	67410
chr14	104977186	105177186	harbor2	chr14	105053689	105053910	LTR/ERVL-MaLR	603	+	110	105053799	76613
chr14	73553767	73753767	harbor2	chr14	73598036	73598092	LTR/ERVL-MaLR	794	+	28	73598064	44297
chr14	73553767	73753767	harbor2	chr14	73598406	73598584	LTR/ERVL-MaLR	794	+	89	73598495	44728
chr14	73553767	73753767	harbor2	chr14	73599021	73599325	LTR/ERVL-MaLR	738	+	152	73599173	45406
chr14	73553767	73753767	harbor2	chr14	73623349	73623405	LTR/ERVL-MaLR	2080	+	28	73623377	69610
chr14	73553767	73753767	harbor2	chr14	73623693	73624004	LTR/ERVL-MaLR	2080	+	156	73623849	70082
chr14	73553767	73753767	harbor2	chr14	73624598	73624673	LTR/ERVL-MaLR	2080	+	38	73624636	70869
chr14	94861120	95061120	harbor2	chr14	94881974	94882079	LTR/ERVL-MaLR	1603	+	52	94882026	20906
chr14	94861120	95061120	harbor2	chr14	94882442	94882531	LTR/ERVL-MaLR	1603	+	44	94882486	21366
chr14	94861120	95061120	harbor2	chr14	94882563	94882761	LTR/ERVL-MaLR	1603	+	99	94882662	21542
chr14	94861120	95061120	harbor2	chr14	94917021	94917394	LTR/ERVL-MaLR	1292	+	186	94917207	56087
chr14	94861120	95061120	harbor2	chr14	94947338	94947761	LTR/ERVL-MaLR	2660	+	212	94947550	86430
chr14	94861120	95061120	harbor2	chr14	94947765	94948183	LTR/ERVL-MaLR	2069	+	209	94947974	86854
chr14	94861120	95061120	harbor2	chr14	94957301	94957490	LTR/ERVL-MaLR	544	+	94	94957395	96275
chr14	76693222	76893222	harbor2	chr14	76698617	76698996	LTR/ERVL-MaLR	2242	+	190	76698807	5585
chr14	76693222	76893222	harbor2	chr14	76701082	76701442	LTR/ERVL-MaLR	1881	+	180	76701262	8040
chr14	105852447	106052447	harbor2	chr14	105951537	105951921	LTR/ERVL-MaLR	1543	+	192	105951729	99282
chr14	105852447	106052447	harbor2	chr14	105922358	105922722	LTR/ERVL-MaLR	1320	+	182	105922540	70093
chr14	62443539	62643539	harbor2	chr14	62443516	62443889	LTR/ERVL-MaLR	2030	+	186	62443702	163
chr14	62443539	62643539	harbor2	chr14	62461987	62462357	LTR/ERVL-MaLR	1890	+	185	62462172	18633
chr14	62443539	62643539	harbor2	chr14	62475776	62476195	LTR/ERVL-MaLR	1589	+	210	62475986	32447
chr14	95455982	95655982	harbor2	chr14	95549447	95549845	LTR/ERVL-MaLR	1813	+	199	95549646	93664
chr14	93035290	93235290	harbor2	chr14	93047186	93047318	LTR/ERVL-MaLR	502	+	66	93047252	11962
chr14	93035290	93235290	harbor2	chr14	93047319	93047762	LTR/ERVL-MaLR	1758	+	222	93047541	12251
chr14	93035290	93235290	harbor2	chr14	93047763	93048040	LTR/ERVL-MaLR	502	+	138	93047901	12611
chr14	93035290	93235290	harbor2	chr14	93083940	93084099	LTR/ERVL-MaLR	429	+	80	93084020	48730
chr14	93035290	93235290	harbor2	chr14	93097176	93097616	LTR/ERVL-MaLR	805	+	220	93097396	62106
chr14	94747755	94947755	harbor2	chr14	94754240	94754480	LTR/ERVL-MaLR	611	+	120	94754360	6605
chr14	94747755	94947755	harbor2	chr14	94789927	94790322	LTR/ERVL-MaLR	1821	+	198	94790125	42370
chr14	94747755	94947755	harbor2	chr14	94815688	94815787	LTR/ERVL-MaLR	1010	+	50	94815738	67983
chr14	94747755	94947755	harbor2	chr14	94816085	94816429	LTR/ERVL-MaLR	1010	+	172	94816257	68502
chr14	94747755	94947755	harbor2	chr14	94834548	94835013	LTR/ERVL-MaLR	1908	+	232	94834780	87025
chr14	94747755	94947755	harbor2	chr14	94835352	94835692	LTR/ERVL-MaLR	1588	+	170	94835522	87767
chr14	94747755	94947755	harbor2	chr14	94839433	94839674	LTR/ERVL-MaLR	606	+	120	94839553	91798
chr14	93252936	93452936	harbor2	chr14	93335767	93335932	LTR/ERVL-MaLR	458	+	82	93335849	82913
chr14	93252936	93452936	harbor2	chr14	93336821	93336955	LTR/ERVL-MaLR	2163	+	67	93336888	83952
chr14	93252936	93452936	harbor2	chr14	93338226	93338473	LTR/ERVL-MaLR	2163	+	124	93338350	85414
chr14	93252936	93452936	harbor2	chr14	93345024	93345306	LTR/ERVL-MaLR	1477	+	141	93345165	92229
chr14	74324589	74524589	harbor2	chr14	74418493	74419030	LTR/ERVL-MaLR	2110	+	268	74418761	94172
chr14	90123014	90323014	harbor2	chr14	90124284	90124830	LTR/ERVL-MaLR	1921	+	273	90124557	1543
chr14	90123014	90323014	harbor2	chr14	90150673	90150829	LTR/ERVL-MaLR	711	+	78	90150751	27737
chr14	90123014	90323014	harbor2	chr14	90150994	90151218	LTR/ERVL-MaLR	1391	+	112	90151106	28092
chr14	90123014	90323014	harbor2	chr14	90152026	90152254	LTR/ERVL-MaLR	2572	+	114	90152140	29126
chr14	90123014	90323014	harbor2	chr14	90152549	90152695	LTR/ERVL-MaLR	2572	+	73	90152622	29608
chr14	90123014	90323014	harbor2	chr14	90168770	90169104	LTR/ERVL-MaLR	2131	+	167	90168937	45923
chr14	90123014	90323014	harbor2	chr14	90218210	90218372	LTR/ERVL-MaLR	1918	+	81	90218291	95277
chr14	90123014	90323014	harbor2	chr14	90218599	90218632	LTR/ERVL-MaLR	1918	+	16	90218615	95601
chr14	90123014	90323014	harbor2	chr14	90218934	90219223	LTR/ERVL-MaLR	1918	+	144	90219078	96064
chr14	90123014	90323014	harbor2	chr14	90220870	90221287	LTR/ERVL-MaLR	2467	+	208	90221078	98064
chr14	98014989	98214989	harbor2	chr14	98029636	98029805	LTR/ERVL-MaLR	562	+	84	98029720	14731
chr14	98014989	98214989	harbor2	chr14	98031943	98032309	LTR/ERVL-MaLR	2089	+	183	98032126	17137
chr14	98014989	98214989	harbor2	chr14	98045447	98045829	LTR/ERVL-MaLR	2189	+	191	98045638	30649
chr14	98014989	98214989	harbor2	chr14	98064196	98064560	LTR/ERVL-MaLR	2043	+	182	98064378	49389
chr14	98014989	98214989	harbor2	chr14	98070510	98070700	LTR/ERVL-MaLR	435	+	95	98070605	55616
chr14	98014989	98214989	harbor2	chr14	98081385	98081885	LTR/ERVL-MaLR	2044	+	250	98081635	66646
chr14	98014989	98214989	harbor2	chr14	98093185	98093665	LTR/ERVL-MaLR	665	+	240	98093425	78436
chr14	98014989	98214989	harbor2	chr14	98101393	98101691	LTR/ERVL-MaLR	1565	+	149	98101542	86553
chr14	57356937	57556937	harbor2	chr14	57361668	57362061	LTR/ERVL-MaLR	1624	+	196	57361864	4927
chr14	57356937	57556937	harbor2	chr14	57362844	57362919	LTR/ERVL-MaLR	1624	+	38	57362882	5945
chr14	57356937	57556937	harbor2	chr14	57388685	57388859	LTR/ERVL-MaLR	1217	+	87	57388772	31835
chr14	57356937	57556937	harbor2	chr14	57389157	57389498	LTR/ERVL-MaLR	1217	+	170	57389327	32390
chr14	66211764	66411764	harbor2	chr14	66238655	66239025	LTR/ERVL-MaLR	590	+	185	66238840	27076
chr14	66211764	66411764	harbor2	chr14	66241496	66241839	LTR/ERVL-MaLR	1498	+	172	66241668	29904
chr14	66211764	66411764	harbor2	chr14	66252934	66253019	LTR/ERVL-MaLR	429	+	42	66252976	41212
chr14	66211764	66411764	harbor2	chr14	66263341	66263724	LTR/ERVL-MaLR	2296	+	192	66263533	51769
chr14	66211764	66411764	harbor2	chr14	66279550	66279817	LTR/ERVL-MaLR	857	+	134	66279684	67920
chr14	66211764	66411764	harbor2	chr14	66303383	66303776	LTR/ERVL-MaLR	2179	+	196	66303579	91815
chr14	105592793	105792793	harbor2	chr14	105608980	105609423	LTR/ERVL-MaLR	2115	+	222	105609202	16409
chr14	105592793	105792793	harbor2	chr14	105609424	105609897	LTR/ERVL-MaLR	2650	+	236	105609660	16867
chr14	105592793	105792793	harbor2	chr14	105611913	105612323	LTR/ERVL-MaLR	2557	+	205	105612118	19325
chr14	105592793	105792793	harbor2	chr14	105619592	105619772	LTR/ERVL-MaLR	754	+	90	105619682	26889
chr14	105592793	105792793	harbor2	chr14	105619773	105620109	LTR/ERVL-MaLR	1433	+	168	105619941	27148
chr14	105592793	105792793	harbor2	chr14	105638826	105639162	LTR/ERVL-MaLR	1421	+	168	105638994	46201
chr14	105592793	105792793	harbor2	chr14	105654618	105655062	LTR/ERVL-MaLR	2181	+	222	105654840	62047
chr14	105592793	105792793	harbor2	chr14	105655063	105655536	LTR/ERVL-MaLR	2647	+	236	105655299	62506
chr14	105592793	105792793	harbor2	chr14	105656382	105657552	LTR/ERVL-MaLR	6652	+	585	105656967	64174
chr14	105592793	105792793	harbor2	chr14	105657554	105657964	LTR/ERVL-MaLR	2479	+	205	105657759	64966
chr14	105592793	105792793	harbor2	chr14	105662488	105662821	LTR/ERVL-MaLR	1341	+	166	105662654	69861
chr14	105592793	105792793	harbor2	chr14	105610741	105611911	LTR/ERVL-MaLR	6634	+	585	105611326	18533
chr14	87842251	88042251	harbor2	chr14	87846989	87847099	LTR/ERVL-MaLR	455	+	55	87847044	4793
chr14	87842251	88042251	harbor2	chr14	87850630	87850984	LTR/ERVL-MaLR	2568	+	177	87850807	8556
chr14	87842251	88042251	harbor2	chr14	87870064	87870694	LTR/ERVL-MaLR	2265	+	315	87870379	28128
chr14	87842251	88042251	harbor2	chr14	87882906	87883295	LTR/ERVL-MaLR	1920	+	194	87883100	40849
chr14	87842251	88042251	harbor2	chr14	87885003	87885168	LTR/ERVL-MaLR	1755	+	82	87885085	42834
chr14	87842251	88042251	harbor2	chr14	87885530	87885832	LTR/ERVL-MaLR	1755	+	151	87885681	43430
chr14	87842251	88042251	harbor2	chr14	87891427	87891918	LTR/ERVL-MaLR	2191	+	246	87891673	49422
chr14	87842251	88042251	harbor2	chr14	87892000	87892411	LTR/ERVL-MaLR	1154	+	206	87892206	49955
chr14	87842251	88042251	harbor2	chr14	87904756	87905152	LTR/ERVL-MaLR	2324	+	198	87904954	62703
chr14	87842251	88042251	harbor2	chr14	87907201	87907549	LTR/ERVL-MaLR	1502	+	174	87907375	65124
chr14	87842251	88042251	harbor2	chr14	87920991	87921219	LTR/ERVL-MaLR	451	+	114	87921105	78854
chr14	87842251	88042251	harbor2	chr14	87921797	87922156	LTR/ERVL-MaLR	2626	+	180	87921977	79726
chr14	88986589	89186589	harbor2	chr14	88992724	88993103	LTR/ERVL-MaLR	824	+	190	88992914	6325
chr14	88986589	89186589	harbor2	chr14	89000038	89000245	LTR/ERVL-MaLR	514	+	104	89000142	13553
chr14	88986589	89186589	harbor2	chr14	89004361	89004808	LTR/ERVL-MaLR	1378	+	224	89004585	17996
chr14	88986589	89186589	harbor2	chr14	89011859	89012261	LTR/ERVL-MaLR	925	+	201	89012060	25471
chr14	88986589	89186589	harbor2	chr14	89013179	89013668	LTR/ERVL-MaLR	774	+	244	89013423	26834
chr14	88986589	89186589	harbor2	chr14	89042487	89042597	LTR/ERVL-MaLR	768	+	55	89042542	55953
chr14	88986589	89186589	harbor2	chr14	89042779	89043141	LTR/ERVL-MaLR	1834	+	181	89042960	56371
chr14	88986589	89186589	harbor2	chr14	89062130	89062534	LTR/ERVL-MaLR	1475	+	202	89062332	75743
chr14	88986589	89186589	harbor2	chr14	89067183	89067609	LTR/ERVL-MaLR	1870	+	213	89067396	80807
chr14	88986589	89186589	harbor2	chr14	89069912	89070269	LTR/ERVL-MaLR	1946	+	178	89070090	83501
chr14	88986589	89186589	harbor2	chr14	89083412	89083761	LTR/ERVL-MaLR	1647	+	174	89083586	96997
chr14	88986589	89186589	harbor2	chr14	89083796	89083995	LTR/ERVL-MaLR	1331	+	100	89083896	97307
chr14	88986589	89186589	harbor2	chr14	89086124	89086443	LTR/ERVL-MaLR	798	+	160	89086284	99695
chr14	93723743	93923743	harbor2	chr14	93745994	93746277	LTR/ERVL-MaLR	480	+	142	93746136	22393
chr14	93723743	93923743	harbor2	chr14	93771191	93771677	LTR/ERVL-MaLR	810	+	243	93771434	47691
chr14	93723743	93923743	harbor2	chr14	93775832	93776331	LTR/ERVL-MaLR	1279	+	250	93776082	52339
chr14	93723743	93923743	harbor2	chr14	93794587	93794989	LTR/ERVL-MaLR	1281	+	201	93794788	71045
chr14	93723743	93923743	harbor2	chr14	93802561	93803057	LTR/ERVL-MaLR	568	+	248	93802809	79066
chr14	93723743	93923743	harbor2	chr14	93806788	93807273	LTR/ERVL-MaLR	1987	+	242	93807030	83287
chr14	93723743	93923743	harbor2	chr14	93810468	93810864	LTR/ERVL-MaLR	2057	+	198	93810666	86923
chr14	93723743	93923743	harbor2	chr14	93821697	93822059	LTR/ERVL-MaLR	2826	+	181	93821878	98135
chr14	39829467	40029467	harbor2	chr14	39837935	39838311	LTR/ERVL-MaLR	1307	+	188	39838123	8656
chr14	39829467	40029467	harbor2	chr14	39840602	39840924	LTR/ERVL-MaLR	1096	+	161	39840763	11296
chr14	39829467	40029467	harbor2	chr14	39858762	39858991	LTR/ERVL-MaLR	830	+	114	39858876	29409
chr14	39829467	40029467	harbor2	chr14	39859556	39859856	LTR/ERVL-MaLR	830	+	150	39859706	30239
chr14	39829467	40029467	harbor2	chr14	39871476	39871931	LTR/ERVL-MaLR	1923	+	228	39871704	42237
chr14	39829467	40029467	harbor2	chr14	39872089	39872488	LTR/ERVL-MaLR	578	+	200	39872289	42822
chr14	39829467	40029467	harbor2	chr14	39872797	39872891	LTR/ERVL-MaLR	578	+	47	39872844	43377
chr14	39829467	40029467	harbor2	chr14	39874653	39875028	LTR/ERVL-MaLR	1475	+	188	39874841	45374
chr14	102529878	102729878	harbor2	chr14	102565481	102565725	LTR/ERVL-MaLR	1352	+	122	102565603	35725
chr14	102529878	102729878	harbor2	chr14	102575169	102575290	LTR/ERVL-MaLR	678	+	60	102575229	45351
chr14	102529878	102729878	harbor2	chr14	102575549	102575940	LTR/ERVL-MaLR	2244	+	196	102575745	45867
chr14	102529878	102729878	harbor2	chr14	102576246	102576360	LTR/ERVL-MaLR	2244	+	57	102576303	46425
chr14	102529878	102729878	harbor2	chr14	102576961	102577103	LTR/ERVL-MaLR	2244	+	71	102577032	47154
chr14	102529878	102729878	harbor2	chr14	102577355	102577624	LTR/ERVL-MaLR	2017	+	134	102577489	47611
chr14	102529878	102729878	harbor2	chr14	102577936	102578248	LTR/ERVL-MaLR	2017	+	156	102578092	48214
chr14	102529878	102729878	harbor2	chr14	102578269	102578637	LTR/ERVL-MaLR	1396	+	184	102578453	48575
chr14	85619175	85819175	harbor2	chr14	85688509	85688894	LTR/ERVL-MaLR	2337	+	192	85688701	69526
chr14	85619175	85819175	harbor2	chr14	85694522	85694745	LTR/ERVL-MaLR	822	+	112	85694634	75459
chr14	85619175	85819175	harbor2	chr14	85701378	85701551	LTR/ERVL-MaLR	433	+	86	85701464	82289
chr14	50034455	50234455	harbor2	chr14	50042092	50042540	LTR/ERVL-MaLR	1575	+	224	50042316	7861
chr14	50034455	50234455	harbor2	chr14	50057210	50057589	LTR/ERVL-MaLR	1553	+	190	50057400	22945
chr14	50034455	50234455	harbor2	chr14	50064241	50064556	LTR/ERVL-MaLR	1383	+	158	50064399	29944
chr14	50034455	50234455	harbor2	chr14	50073653	50073806	LTR/ERVL-MaLR	788	+	76	50073729	39274
chr14	50034455	50234455	harbor2	chr14	50088909	50089235	LTR/ERVL-MaLR	1645	+	163	50089072	54617
chr14	50034455	50234455	harbor2	chr14	50089519	50089570	LTR/ERVL-MaLR	1645	+	26	50089545	55090
chr14	50034455	50234455	harbor2	chr14	50122014	50122213	LTR/ERVL-MaLR	561	+	100	50122114	87659
chr14	50034455	50234455	harbor2	chr14	50125005	50125461	LTR/ERVL-MaLR	1825	+	228	50125233	90778
chr14	106345250	106545250	harbor2	chr14	106365874	106366228	LTR/ERVL-MaLR	1802	+	177	106366051	20801
chr14	106345250	106545250	harbor2	chr14	106388810	106388979	LTR/ERVL-MaLR	933	+	84	106388894	43644
chr14	106345250	106545250	harbor2	chr14	106402790	106402888	LTR/ERVL-MaLR	543	+	49	106402839	57589
chr14	106345250	106545250	harbor2	chr14	106433814	106434238	LTR/ERVL-MaLR	1934	+	212	106434026	88776
chr14	106345250	106545250	harbor2	chr14	106437945	106438148	LTR/ERVL-MaLR	540	+	102	106438047	92797
chr14	106345250	106545250	harbor2	chr14	106438659	106438675	LTR/ERVL-MaLR	540	+	8	106438667	93417
chr14	58040784	58240784	harbor2	chr14	58045636	58046124	LTR/ERVL-MaLR	1930	+	244	58045880	5096
chr14	58040784	58240784	harbor2	chr14	58056746	58057140	LTR/ERVL-MaLR	499	+	197	58056943	16159
chr14	58040784	58240784	harbor2	chr14	58065633	58066063	LTR/ERVL-MaLR	1057	+	215	58065848	25064
chr14	58040784	58240784	harbor2	chr14	58078478	58078609	LTR/ERVL-MaLR	726	+	66	58078544	37760
chr14	58040784	58240784	harbor2	chr14	58078831	58079058	LTR/ERVL-MaLR	726	+	114	58078945	38161
chr14	58040784	58240784	harbor2	chr14	58090458	58090596	LTR/ERVL-MaLR	882	+	69	58090527	49743
chr14	58040784	58240784	harbor2	chr14	58090910	58090933	LTR/ERVL-MaLR	882	+	12	58090922	50138
chr14	58040784	58240784	harbor2	chr14	58091236	58091541	LTR/ERVL-MaLR	882	+	152	58091388	50604
chr14	58040784	58240784	harbor2	chr14	58092911	58093279	LTR/ERVL-MaLR	2294	+	184	58093095	52311
chr14	58040784	58240784	harbor2	chr14	58102348	58102529	LTR/ERVL-MaLR	531	+	90	58102438	61654
chr14	58040784	58240784	harbor2	chr14	58102840	58102851	LTR/ERVL-MaLR	531	+	6	58102846	62062
chr14	58040784	58240784	harbor2	chr14	58103148	58103295	LTR/ERVL-MaLR	531	+	74	58103222	62438
chr14	58040784	58240784	harbor2	chr14	58103344	58103506	LTR/ERVL-MaLR	642	+	81	58103425	62641
chr14	58040784	58240784	harbor2	chr14	58127200	58127566	LTR/ERVL-MaLR	2948	+	183	58127383	86599
chr14	58040784	58240784	harbor2	chr14	58128774	58129163	LTR/ERVL-MaLR	1524	+	194	58128968	88184
chr14	58040784	58240784	harbor2	chr14	58139832	58139988	LTR/ERVL-MaLR	2198	+	78	58139910	99126
chr14	58040784	58240784	harbor2	chr14	58140288	58140298	LTR/ERVL-MaLR	2198	+	5	58140293	99509
chr14	58040784	58240784	harbor2	chr14	58140608	58140618	LTR/ERVL-MaLR	2198	+	5	58140613	99829
chr14	105851184	106051184	harbor2	chr14	105922358	105922722	LTR/ERVL-MaLR	1320	+	182	105922540	71356
chr14	86258141	86458141	harbor2	chr14	86278585	86278962	LTR/ERVL-MaLR	1795	+	188	86278773	20632
chr14	86258141	86458141	harbor2	chr14	86278963	86280554	LTR/ERVL-MaLR	8902	+	796	86279759	21618
chr14	86258141	86458141	harbor2	chr14	86280555	86280933	LTR/ERVL-MaLR	2105	+	189	86280744	22603
chr14	86258141	86458141	harbor2	chr14	86306844	86307197	LTR/ERVL-MaLR	1247	+	176	86307020	48879
chr14	86258141	86458141	harbor2	chr14	86308280	86308453	LTR/ERVL-MaLR	1306	+	86	86308366	50225
chr14	86258141	86458141	harbor2	chr14	86308759	86308970	LTR/ERVL-MaLR	1306	+	106	86308865	50724
chr14	86258141	86458141	harbor2	chr14	86341566	86341929	LTR/ERVL-MaLR	2689	+	182	86341748	83607
chr14	90296087	90496087	harbor2	chr14	90298558	90298706	LTR/ERVL-MaLR	539	+	74	90298632	2545
chr14	90296087	90496087	harbor2	chr14	90311321	90311677	LTR/ERVL-MaLR	2322	+	178	90311499	15412
chr14	90296087	90496087	harbor2	chr14	90380092	90380507	LTR/ERVL-MaLR	2015	+	208	90380300	84213
chr14	33233205	33433205	harbor2	chr14	33317456	33317826	LTR/ERVL-MaLR	2655	+	185	33317641	84436
chr14	23704653	23904653	harbor2	chr14	23711303	23711854	LTR/ERVL-MaLR	613	+	276	23711579	6926
chr14	23704653	23904653	harbor2	chr14	23756198	23756405	LTR/ERVL-MaLR	1151	+	104	23756302	51649
chr14	23704653	23904653	harbor2	chr14	23798107	23798479	LTR/ERVL-MaLR	1725	+	186	23798293	93640
chr14	23704653	23904653	harbor2	chr14	23802397	23802548	LTR/ERVL-MaLR	1930	+	76	23802473	97820
chr14	23704653	23904653	harbor2	chr14	23802940	23803292	LTR/ERVL-MaLR	1930	+	176	23803116	98463
chr14	23704653	23904653	harbor2	chr14	23803377	23803718	LTR/ERVL-MaLR	1800	+	170	23803547	98894
chr15	26656230	26856230	harbor2	chr15	26709160	26709497	LTR/ERVL-MaLR	1916	+	168	26709328	53098
chr15	26656230	26856230	harbor2	chr15	26709817	26709883	LTR/ERVL-MaLR	1916	+	33	26709850	53620
chr15	53028079	53228079	harbor2	chr15	53064784	53064965	LTR/ERVL-MaLR	1544	+	90	53064874	36795
chr15	53028079	53228079	harbor2	chr15	53065010	53065286	LTR/ERVL-MaLR	1544	+	138	53065148	37069
chr15	53028079	53228079	harbor2	chr15	53102018	53102399	LTR/ERVL-MaLR	1133	+	190	53102208	74129
chr15	53028079	53228079	harbor2	chr15	53110383	53110747	LTR/ERVL-MaLR	2062	+	182	53110565	82486
chr15	53028079	53228079	harbor2	chr15	53116205	53116486	LTR/ERVL-MaLR	1104	+	140	53116345	88266
chr15	80116329	80316329	harbor2	chr15	80212511	80213319	LTR/ERVL-MaLR	2427	+	404	80212915	96586
chr15	80116329	80316329	harbor2	chr15	80213324	80213629	LTR/ERVL-MaLR	1137	+	152	80213476	97147
chr15	101834199	102034199	harbor2	chr15	101857159	101857540	LTR/ERVL-MaLR	1979	+	190	101857349	23150
chr15	101834199	102034199	harbor2	chr15	101861872	101862231	LTR/ERVL-MaLR	1974	+	180	101862052	27853
chr15	101834199	102034199	harbor2	chr15	101862232	101863803	LTR/ERVL-MaLR	10842	+	786	101863018	28819
chr15	101834199	102034199	harbor2	chr15	101863804	101864161	LTR/ERVL-MaLR	1805	+	178	101863982	29783
chr15	101496598	101696598	harbor2	chr15	101525556	101525664	LTR/ERVL-MaLR	461	+	54	101525610	29012
chr15	101496598	101696598	harbor2	chr15	101525970	101525995	LTR/ERVL-MaLR	461	+	12	101525982	29384
chr15	101496598	101696598	harbor2	chr15	101538902	101539218	LTR/ERVL-MaLR	941	+	158	101539060	42462
chr15	101496598	101696598	harbor2	chr15	101539261	101539404	LTR/ERVL-MaLR	503	+	72	101539333	42735
chr15	101496598	101696598	harbor2	chr15	101546676	101547088	LTR/ERVL-MaLR	1423	+	206	101546882	50284
chr15	101496598	101696598	harbor2	chr15	101565667	101566072	LTR/ERVL-MaLR	510	+	202	101565869	69271
chr15	101496598	101696598	harbor2	chr15	101572724	101573037	LTR/ERVL-MaLR	617	+	156	101572880	76282
chr15	101496598	101696598	harbor2	chr15	101573107	101573224	LTR/ERVL-MaLR	444	+	58	101573165	76567
chr15	78083912	78283912	harbor2	chr15	78121452	78121821	LTR/ERVL-MaLR	2894	+	184	78121636	37724
chr15	78083912	78283912	harbor2	chr15	78171953	78172313	LTR/ERVL-MaLR	1443	+	180	78172133	88221
chr15	78083912	78283912	harbor2	chr15	78181068	78181365	LTR/ERVL-MaLR	627	+	148	78181216	97304
chr15	100031046	100231046	harbor2	chr15	100063955	100064416	LTR/ERVL-MaLR	2338	+	230	100064185	33139
chr15	100031046	100231046	harbor2	chr15	100083009	100083347	LTR/ERVL-MaLR	823	+	169	100083178	52132
chr15	100031046	100231046	harbor2	chr15	100105518	100105677	LTR/ERVL-MaLR	617	+	80	100105598	74552
chr15	100031046	100231046	harbor2	chr15	100107515	100107881	LTR/ERVL-MaLR	1726	+	183	100107698	76652
chr15	100031046	100231046	harbor2	chr15	100118859	100119286	LTR/ERVL-MaLR	2147	+	214	100119073	88027
chr15	100031046	100231046	harbor2	chr15	100127166	100127500	LTR/ERVL-MaLR	963	+	167	100127333	96287
chr15	100031046	100231046	harbor2	chr15	100106169	100106356	LTR/ERVL-MaLR	818	+	94	100106263	75217
chr15	100417101	100617101	harbor2	chr15	100423769	100423931	LTR/ERVL-MaLR	1080	+	81	100423850	6749
chr15	100417101	100617101	harbor2	chr15	100424241	100424279	LTR/ERVL-MaLR	1080	+	19	100424260	7159
chr15	100417101	100617101	harbor2	chr15	100424280	100425785	LTR/ERVL-MaLR	10072	+	752	100425032	7931
chr15	100417101	100617101	harbor2	chr15	100425786	100426111	LTR/ERVL-MaLR	1881	+	162	100425948	8847
chr15	100417101	100617101	harbor2	chr15	100476793	100476922	LTR/ERVL-MaLR	560	+	64	100476857	59756
chr15	100417101	100617101	harbor2	chr15	100477026	100477212	LTR/ERVL-MaLR	757	+	93	100477119	60018
chr15	100417101	100617101	harbor2	chr15	100466390	100466710	LTR/ERVL-MaLR	868	+	160	100466550	49449
chr15	76217764	76417764	harbor2	chr15	76281733	76281897	LTR/ERVL-MaLR	1408	+	82	76281815	64051
chr15	76217764	76417764	harbor2	chr15	76282201	76282497	LTR/ERVL-MaLR	1408	+	148	76282349	64585
chr15	66058456	66258456	harbor2	chr15	66062214	66062739	LTR/ERVL-MaLR	1742	+	262	66062476	4020
chr15	66058456	66258456	harbor2	chr15	66081792	66082110	LTR/ERVL-MaLR	869	+	159	66081951	23495
chr15	66058456	66258456	harbor2	chr15	66114264	66114458	LTR/ERVL-MaLR	938	+	97	66114361	55905
chr15	66058456	66258456	harbor2	chr15	66115628	66116018	LTR/ERVL-MaLR	1220	+	195	66115823	57367
chr15	61863291	62063291	harbor2	chr15	61944915	61945264	LTR/ERVL-MaLR	1923	+	174	61945089	81798
chr15	37339815	37539815	harbor2	chr15	37405730	37406240	LTR/ERVL-MaLR	1752	+	255	37405985	66170
chr15	91466573	91666573	harbor2	chr15	91473022	91473394	LTR/ERVL-MaLR	1975	+	186	91473208	6635
chr15	91466573	91666573	harbor2	chr15	91490541	91490900	LTR/ERVL-MaLR	1579	+	180	91490721	24148
chr15	91466573	91666573	harbor2	chr15	91526417	91526834	LTR/ERVL-MaLR	2585	+	208	91526625	60052
chr15	91466573	91666573	harbor2	chr15	91531117	91531683	LTR/ERVL-MaLR	1664	+	283	91531400	64827
chr15	91466573	91666573	harbor2	chr15	91535909	91536285	LTR/ERVL-MaLR	2210	+	188	91536097	69524
chr15	91466573	91666573	harbor2	chr15	91541738	91542046	LTR/ERVL-MaLR	637	+	154	91541892	75319
chr15	91466573	91666573	harbor2	chr15	91547128	91547528	LTR/ERVL-MaLR	2014	+	200	91547328	80755
chr15	91466573	91666573	harbor2	chr15	91558801	91559203	LTR/ERVL-MaLR	1205	+	201	91559002	92429
chr15	43486840	43686840	harbor2	chr15	43575454	43575919	LTR/ERVL-MaLR	593	+	232	43575686	88846
chr15	24002679	24202679	harbor2	chr15	24094748	24094940	LTR/ERVL-MaLR	431	+	96	24094844	92165
chr15	49430110	49630110	harbor2	chr15	49500319	49500475	LTR/ERVL-MaLR	1035	+	78	49500397	70287
chr15	49430110	49630110	harbor2	chr15	49500698	49501122	LTR/ERVL-MaLR	2638	+	212	49500910	70800
chr15	49430110	49630110	harbor2	chr15	49501123	49502751	LTR/ERVL-MaLR	9792	+	814	49501937	71827
chr15	49430110	49630110	harbor2	chr15	49502757	49502956	LTR/ERVL-MaLR	1345	+	100	49502857	72747
chr15	49430110	49630110	harbor2	chr15	49504613	49504857	LTR/ERVL-MaLR	1528	+	122	49504735	74625
chr15	49430110	49630110	harbor2	chr15	49516695	49517163	LTR/ERVL-MaLR	1159	+	234	49516929	86819
chr15	49430110	49630110	harbor2	chr15	49523212	49523564	LTR/ERVL-MaLR	2061	+	176	49523388	93278
chr15	49430110	49630110	harbor2	chr15	49523565	49525134	LTR/ERVL-MaLR	11188	+	784	49524349	94239
chr15	49430110	49630110	harbor2	chr15	49525135	49525499	LTR/ERVL-MaLR	2210	+	182	49525317	95207
chr15	91724690	91924690	harbor2	chr15	91737447	91737801	LTR/ERVL-MaLR	2032	+	177	91737624	12934
chr15	91724690	91924690	harbor2	chr15	91774869	91775324	LTR/ERVL-MaLR	2340	+	228	91775097	50407
chr15	91724690	91924690	harbor2	chr15	91788208	91788343	LTR/ERVL-MaLR	1468	+	68	91788276	63586
chr15	91724690	91924690	harbor2	chr15	91788629	91788846	LTR/ERVL-MaLR	1468	+	108	91788737	64047
chr15	91724690	91924690	harbor2	chr15	91794293	91794655	LTR/ERVL-MaLR	2337	+	181	91794474	69784
chr15	91724690	91924690	harbor2	chr15	91796441	91796539	LTR/ERVL-MaLR	423	+	49	91796490	71800
chr15	91724690	91924690	harbor2	chr15	91821211	91821531	LTR/ERVL-MaLR	1268	+	160	91821371	96681
chr15	91724690	91924690	harbor2	chr15	91823239	91823650	LTR/ERVL-MaLR	3049	+	206	91823445	98755
chr15	47112285	47312285	harbor2	chr15	47161909	47162251	LTR/ERVL-MaLR	2538	+	171	47162080	49795
chr15	47112285	47312285	harbor2	chr15	47177101	47177565	LTR/ERVL-MaLR	1823	+	232	47177333	65048
chr15	64870675	65070675	harbor2	chr15	64892424	64892559	LTR/ERVL-MaLR	2323	+	68	64892492	21817
chr15	64870675	65070675	harbor2	chr15	64892596	64892855	LTR/ERVL-MaLR	2323	+	130	64892726	22051
chr15	64870675	65070675	harbor2	chr15	64900985	64901411	LTR/ERVL-MaLR	758	+	213	64901198	30523
chr15	64870675	65070675	harbor2	chr15	64901706	64901771	LTR/ERVL-MaLR	758	+	32	64901738	31063
chr15	64870675	65070675	harbor2	chr15	64923083	64923187	LTR/ERVL-MaLR	438	+	52	64923135	52460
chr15	64870675	65070675	harbor2	chr15	64923203	64923438	LTR/ERVL-MaLR	1154	+	118	64923321	52646
chr15	65809653	66009653	harbor2	chr15	65828072	65828446	LTR/ERVL-MaLR	2621	+	187	65828259	18606
chr15	83186874	83386874	harbor2	chr15	83212709	83212954	LTR/ERVL-MaLR	607	+	122	83212831	25957
chr15	83186874	83386874	harbor2	chr15	83213266	83213435	LTR/ERVL-MaLR	1649	+	84	83213350	26476
chr15	83186874	83386874	harbor2	chr15	83213736	83213947	LTR/ERVL-MaLR	1649	+	106	83213842	26968
chr15	50873935	51073935	harbor2	chr15	50893170	50893524	LTR/ERVL-MaLR	2172	+	177	50893347	19412
chr15	50873935	51073935	harbor2	chr15	50893525	50894932	LTR/ERVL-MaLR	6712	+	704	50894229	20294
chr15	50873935	51073935	harbor2	chr15	50964772	50964955	LTR/ERVL-MaLR	2158	+	92	50964864	90929
chr15	50873935	51073935	harbor2	chr15	50964993	50965217	LTR/ERVL-MaLR	2158	+	112	50965105	91170
chr15	50873935	51073935	harbor2	chr15	50967187	50967545	LTR/ERVL-MaLR	1026	+	179	50967366	93431
chr15	86962707	87162707	harbor2	chr15	86971738	86972118	LTR/ERVL-MaLR	2135	+	190	86971928	9221
chr15	86962707	87162707	harbor2	chr15	86998081	86998632	LTR/ERVL-MaLR	1414	+	276	86998357	35650
chr15	86962707	87162707	harbor2	chr15	87008186	87008530	LTR/ERVL-MaLR	2019	+	172	87008358	45651
chr15	86962707	87162707	harbor2	chr15	87008531	87010098	LTR/ERVL-MaLR	11458	+	784	87009315	46608
chr15	86962707	87162707	harbor2	chr15	87010099	87010446	LTR/ERVL-MaLR	2092	+	174	87010273	47566
chr15	86962707	87162707	harbor2	chr15	87010973	87011359	LTR/ERVL-MaLR	878	+	193	87011166	48459
chr15	86962707	87162707	harbor2	chr15	87015910	87016094	LTR/ERVL-MaLR	457	+	92	87016002	53295
chr15	86962707	87162707	harbor2	chr15	87033202	87033336	LTR/ERVL-MaLR	421	+	67	87033269	70562
chr15	86962707	87162707	harbor2	chr15	87038531	87038900	LTR/ERVL-MaLR	1952	+	184	87038715	76008
chr15	86962707	87162707	harbor2	chr15	87040761	87040965	LTR/ERVL-MaLR	584	+	102	87040863	78156
chr15	86962707	87162707	harbor2	chr15	87040968	87041106	LTR/ERVL-MaLR	650	+	69	87041037	78330
chr15	86962707	87162707	harbor2	chr15	87041107	87041517	LTR/ERVL-MaLR	2180	+	205	87041312	78605
chr15	86962707	87162707	harbor2	chr15	87041518	87041605	LTR/ERVL-MaLR	650	+	44	87041562	78855
chr15	86962707	87162707	harbor2	chr15	87045520	87046226	LTR/ERVL-MaLR	2361	+	353	87045873	83166
chr15	86962707	87162707	harbor2	chr15	87046276	87046705	LTR/ERVL-MaLR	2361	+	214	87046490	83783
chr15	86962707	87162707	harbor2	chr15	87046925	87047348	LTR/ERVL-MaLR	714	+	212	87047137	84430
chr15	98423008	98623008	harbor2	chr15	98429437	98429806	LTR/ERVL-MaLR	1967	+	184	98429621	6613
chr15	98423008	98623008	harbor2	chr15	98432286	98432647	LTR/ERVL-MaLR	2187	+	180	98432466	9458
chr15	98423008	98623008	harbor2	chr15	98452914	98453384	LTR/ERVL-MaLR	1396	+	235	98453149	30141
chr15	98423008	98623008	harbor2	chr15	98456705	98457063	LTR/ERVL-MaLR	1489	+	179	98456884	33876
chr15	98423008	98623008	harbor2	chr15	98457592	98457645	LTR/ERVL-MaLR	1489	+	26	98457618	34610
chr15	98423008	98623008	harbor2	chr15	98468985	98469396	LTR/ERVL-MaLR	2254	+	206	98469191	46183
chr15	98423008	98623008	harbor2	chr15	98476565	98476646	LTR/ERVL-MaLR	553	+	40	98476605	53597
chr15	98423008	98623008	harbor2	chr15	98485392	98485783	LTR/ERVL-MaLR	1558	+	196	98485588	62580
chr15	46402636	46602636	harbor2	chr15	46417055	46417215	LTR/ERVL-MaLR	1836	+	80	46417135	14499
chr15	46402636	46602636	harbor2	chr15	46417469	46417676	LTR/ERVL-MaLR	1836	+	104	46417573	14937
chr15	46402636	46602636	harbor2	chr15	46419700	46420176	LTR/ERVL-MaLR	1549	+	238	46419938	17302
chr15	46402636	46602636	harbor2	chr15	46441301	46441535	LTR/ERVL-MaLR	565	+	117	46441418	38782
chr15	46402636	46602636	harbor2	chr15	46481737	46482114	LTR/ERVL-MaLR	1187	+	188	46481925	79289
chr15	72399976	72599976	harbor2	chr15	72421249	72421582	LTR/ERVL-MaLR	524	+	166	72421415	21439
chr15	72399976	72599976	harbor2	chr15	72436514	72436929	LTR/ERVL-MaLR	1313	+	208	72436722	36746
chr15	72399976	72599976	harbor2	chr15	72446748	72446976	LTR/ERVL-MaLR	744	+	114	72446862	46886
chr15	82760015	82960015	harbor2	chr15	82769967	82770389	LTR/ERVL-MaLR	855	+	211	82770178	10163
chr15	82760015	82960015	harbor2	chr15	82770701	82770769	LTR/ERVL-MaLR	847	+	34	82770735	10720
chr15	82760015	82960015	harbor2	chr15	82796497	82796644	LTR/ERVL-MaLR	803	+	74	82796571	36556
chr15	82760015	82960015	harbor2	chr15	82807437	82807777	LTR/ERVL-MaLR	1987	+	170	82807607	47592
chr15	82760015	82960015	harbor2	chr15	82857033	82857403	LTR/ERVL-MaLR	1825	+	185	82857218	97203
chr15	72771118	72971118	harbor2	chr15	72781516	72781745	LTR/ERVL-MaLR	815	+	114	72781630	10512
chr15	72771118	72971118	harbor2	chr15	72781751	72782116	LTR/ERVL-MaLR	1434	+	182	72781933	10815
chr15	72771118	72971118	harbor2	chr15	72790669	72790802	LTR/ERVL-MaLR	611	+	66	72790735	19617
chr15	72771118	72971118	harbor2	chr15	72792529	72793003	LTR/ERVL-MaLR	1749	+	237	72792766	21648
chr15	72771118	72971118	harbor2	chr15	72808472	72808699	LTR/ERVL-MaLR	676	+	114	72808586	37468
chr15	72771118	72971118	harbor2	chr15	72827104	72827511	LTR/ERVL-MaLR	634	+	204	72827308	56190
chr15	72771118	72971118	harbor2	chr15	72827563	72827607	LTR/ERVL-MaLR	1585	+	22	72827585	56467
chr15	72771118	72971118	harbor2	chr15	72827930	72828586	LTR/ERVL-MaLR	2861	+	328	72828258	57140
chr15	72771118	72971118	harbor2	chr15	72828914	72829243	LTR/ERVL-MaLR	2861	+	164	72829078	57960
chr15	72771118	72971118	harbor2	chr15	72829529	72829693	LTR/ERVL-MaLR	2861	+	82	72829611	58493
chr15	72771118	72971118	harbor2	chr15	72833541	72833850	LTR/ERVL-MaLR	840	+	154	72833695	62577
chr15	72771118	72971118	harbor2	chr15	72833852	72833981	LTR/ERVL-MaLR	476	+	64	72833916	62798
chr15	72771118	72971118	harbor2	chr15	72857774	72857888	LTR/ERVL-MaLR	1821	+	57	72857831	86713
chr15	72771118	72971118	harbor2	chr15	72857889	72858244	LTR/ERVL-MaLR	1749	+	178	72858067	86949
chr15	72771118	72971118	harbor2	chr15	72858245	72858639	LTR/ERVL-MaLR	1821	+	197	72858442	87324
chr15	72771118	72971118	harbor2	chr15	72863627	72864050	LTR/ERVL-MaLR	1902	+	212	72863839	92721
chr15	74879453	75079453	harbor2	chr15	74910968	74911140	LTR/ERVL-MaLR	1044	+	86	74911054	31601
chr15	74879453	75079453	harbor2	chr15	74912042	74912239	LTR/ERVL-MaLR	1133	+	98	74912140	32687
chr15	74879453	75079453	harbor2	chr15	74912824	74912851	LTR/ERVL-MaLR	1133	+	14	74912838	33385
chr15	74879453	75079453	harbor2	chr15	74913153	74913188	LTR/ERVL-MaLR	1133	+	18	74913171	33718
chr15	74879453	75079453	harbor2	chr15	74978797	74979103	LTR/ERVL-MaLR	736	+	153	74978950	99497
chr15	75694448	75894448	harbor2	chr15	75717682	75718039	LTR/ERVL-MaLR	2481	+	178	75717860	23412
chr15	75694448	75894448	harbor2	chr15	75718345	75718513	LTR/ERVL-MaLR	2481	+	84	75718429	23981
chr15	75694448	75894448	harbor2	chr15	75741514	75741851	LTR/ERVL-MaLR	2523	+	168	75741682	47234
chr15	75694448	75894448	harbor2	chr15	75743416	75743769	LTR/ERVL-MaLR	2777	+	176	75743592	49144
chr15	75694448	75894448	harbor2	chr15	75768888	75769036	LTR/ERVL-MaLR	927	+	74	75768962	74514
chr15	75694448	75894448	harbor2	chr15	75769174	75769395	LTR/ERVL-MaLR	1165	+	110	75769284	74836
chr15	75694448	75894448	harbor2	chr15	75741853	75743415	LTR/ERVL-MaLR	11892	+	781	75742634	48186
chr15	90341848	90541848	harbor2	chr15	90345854	90346221	LTR/ERVL-MaLR	925	+	184	90346038	4190
chr15	90341848	90541848	harbor2	chr15	90346512	90346525	LTR/ERVL-MaLR	767	+	6	90346518	4670
chr15	90341848	90541848	harbor2	chr15	90382317	90382630	LTR/ERVL-MaLR	456	+	156	90382473	40625
chr15	79788996	79988996	harbor2	chr15	79818730	79819256	LTR/ERVL-MaLR	676	+	263	79818993	29997
chr15	79788996	79988996	harbor2	chr15	79863500	79863937	LTR/ERVL-MaLR	676	+	218	79863718	74722
chr15	79788996	79988996	harbor2	chr15	79885441	79885981	LTR/ERVL-MaLR	775	+	270	79885711	96715
chr15	32606916	32806916	harbor2	chr15	32655570	32655924	LTR/ERVL-MaLR	1676	+	177	32655747	48831
chr15	80548489	80748489	harbor2	chr15	80627269	80627635	LTR/ERVL-MaLR	2120	+	183	80627452	78963
chr15	83873308	84073308	harbor2	chr15	83933309	83934598	LTR/ERVL-MaLR	8406	+	644	83933953	60645
chr15	83873308	84073308	harbor2	chr15	83934607	83934707	LTR/ERVL-MaLR	667	+	50	83934657	61349
chr15	83873308	84073308	harbor2	chr15	83961950	83962318	LTR/ERVL-MaLR	2509	+	184	83962134	88826
chr15	91016288	91216288	harbor2	chr15	91052259	91052365	LTR/ERVL-MaLR	618	+	53	91052312	36024
chr15	91016288	91216288	harbor2	chr15	91052487	91052794	LTR/ERVL-MaLR	1663	+	154	91052641	36353
chr15	91016288	91216288	harbor2	chr15	91053768	91053939	LTR/ERVL-MaLR	406	+	86	91053854	37566
chr15	91016288	91216288	harbor2	chr15	91113171	91113302	LTR/ERVL-MaLR	435	+	66	91113237	96949
chr15	89623825	89823825	harbor2	chr15	89641038	89641426	LTR/ERVL-MaLR	2046	+	194	89641232	17407
chr15	89623825	89823825	harbor2	chr15	89651748	89652082	LTR/ERVL-MaLR	1515	+	167	89651915	28090
chr15	89623825	89823825	harbor2	chr15	89660249	89660672	LTR/ERVL-MaLR	1447	+	212	89660461	36636
chr15	31549396	31749396	harbor2	chr15	31549357	31549643	LTR/ERVL-MaLR	1532	+	143	31549500	104
chr15	31549396	31749396	harbor2	chr15	31550494	31550754	LTR/ERVL-MaLR	1094	+	130	31550624	1228
chr15	31549396	31749396	harbor2	chr15	31551923	31552325	LTR/ERVL-MaLR	2492	+	201	31552124	2728
chr15	31549396	31749396	harbor2	chr15	31566574	31567014	LTR/ERVL-MaLR	2660	+	220	31566794	17398
chr15	31549396	31749396	harbor2	chr15	31567033	31568609	LTR/ERVL-MaLR	9519	+	788	31567821	18425
chr15	31549396	31749396	harbor2	chr15	31568611	31569041	LTR/ERVL-MaLR	2525	+	215	31568826	19430
chr15	31549396	31749396	harbor2	chr15	31583417	31583774	LTR/ERVL-MaLR	2300	+	178	31583595	34199
chr15	31549396	31749396	harbor2	chr15	31624888	31625375	LTR/ERVL-MaLR	1242	+	244	31625132	75736
chr15	31549396	31749396	harbor2	chr15	31641002	31641368	LTR/ERVL-MaLR	2355	+	183	31641185	91789
chr15	101215872	101415872	harbor2	chr15	101225420	101225807	LTR/ERVL-MaLR	2186	+	194	101225614	9742
chr15	101215872	101415872	harbor2	chr15	101236236	101236539	LTR/ERVL-MaLR	1907	+	152	101236388	20516
chr15	101215872	101415872	harbor2	chr15	101236845	101236926	LTR/ERVL-MaLR	1907	+	40	101236885	21013
chr15	101215872	101415872	harbor2	chr15	101263977	101264227	LTR/ERVL-MaLR	609	+	125	101264102	48230
chr15	101215872	101415872	harbor2	chr15	101265879	101266265	LTR/ERVL-MaLR	1760	+	193	101266072	50200
chr15	101215872	101415872	harbor2	chr15	101267330	101267508	LTR/ERVL-MaLR	566	+	89	101267419	51547
chr15	101215872	101415872	harbor2	chr15	101268122	101268436	LTR/ERVL-MaLR	1061	+	157	101268279	52407
chr15	101215872	101415872	harbor2	chr15	101310925	101311114	LTR/ERVL-MaLR	2077	+	94	101311019	95147
chr15	101215872	101415872	harbor2	chr15	101311427	101311627	LTR/ERVL-MaLR	2077	+	100	101311527	95655
chr15	74000853	74200853	harbor2	chr15	74055771	74056153	LTR/ERVL-MaLR	1771	+	191	74055962	55109
chr15	74000853	74200853	harbor2	chr15	74059833	74059947	LTR/ERVL-MaLR	447	+	57	74059890	59037
chr15	74000853	74200853	harbor2	chr15	74092936	74093084	LTR/ERVL-MaLR	934	+	74	74093010	92157
chr15	74000853	74200853	harbor2	chr15	74093204	74093408	LTR/ERVL-MaLR	888	+	102	74093306	92453
chr15	59188238	59388238	harbor2	chr15	59212455	59212644	LTR/ERVL-MaLR	967	+	94	59212549	24311
chr15	59188238	59388238	harbor2	chr15	59212789	59213084	LTR/ERVL-MaLR	967	+	148	59212937	24699
chr15	59188238	59388238	harbor2	chr15	59216750	59217246	LTR/ERVL-MaLR	2265	+	248	59216998	28760
chr15	99993813	100193813	harbor2	chr15	100009904	100010265	LTR/ERVL-MaLR	2619	+	180	100010084	16271
chr15	99993813	100193813	harbor2	chr15	100018360	100018737	LTR/ERVL-MaLR	2060	+	188	100018548	24735
chr15	99993813	100193813	harbor2	chr15	100063955	100064416	LTR/ERVL-MaLR	2338	+	230	100064185	70372
chr15	99993813	100193813	harbor2	chr15	100083009	100083347	LTR/ERVL-MaLR	823	+	169	100083178	89365
chr15	53241676	53441676	harbor2	chr15	53245732	53246094	LTR/ERVL-MaLR	2183	+	181	53245913	4237
chr15	53241676	53441676	harbor2	chr15	53304636	53305021	LTR/ERVL-MaLR	2179	+	192	53304828	63152
chr15	53241676	53441676	harbor2	chr15	53305499	53305801	LTR/ERVL-MaLR	552	+	151	53305650	63974
chr15	64792502	64992502	harbor2	chr15	64829575	64829684	LTR/ERVL-MaLR	2217	+	54	64829629	37127
chr15	64792502	64992502	harbor2	chr15	64829991	64830398	LTR/ERVL-MaLR	2217	+	204	64830195	37693
chr15	64792502	64992502	harbor2	chr15	64892424	64892559	LTR/ERVL-MaLR	2323	+	68	64892492	99990
chr15	49478674	49678674	harbor2	chr15	49500319	49500475	LTR/ERVL-MaLR	1035	+	78	49500397	21723
chr15	49478674	49678674	harbor2	chr15	49500698	49501122	LTR/ERVL-MaLR	2638	+	212	49500910	22236
chr15	49478674	49678674	harbor2	chr15	49501123	49502751	LTR/ERVL-MaLR	9792	+	814	49501937	23263
chr15	49478674	49678674	harbor2	chr15	49502757	49502956	LTR/ERVL-MaLR	1345	+	100	49502857	24183
chr15	49478674	49678674	harbor2	chr15	49504613	49504857	LTR/ERVL-MaLR	1528	+	122	49504735	26061
chr15	49478674	49678674	harbor2	chr15	49516695	49517163	LTR/ERVL-MaLR	1159	+	234	49516929	38255
chr15	49478674	49678674	harbor2	chr15	49523212	49523564	LTR/ERVL-MaLR	2061	+	176	49523388	44714
chr15	49478674	49678674	harbor2	chr15	49523565	49525134	LTR/ERVL-MaLR	11188	+	784	49524349	45675
chr15	49478674	49678674	harbor2	chr15	49525135	49525499	LTR/ERVL-MaLR	2210	+	182	49525317	46643
chr15	49478674	49678674	harbor2	chr15	49565631	49566122	LTR/ERVL-MaLR	1320	+	246	49565877	87203
chr15	49478674	49678674	harbor2	chr15	49573408	49573753	LTR/ERVL-MaLR	1703	+	172	49573580	94906
chr15	49478674	49678674	harbor2	chr15	49574296	49574660	LTR/ERVL-MaLR	2033	+	182	49574478	95804
chr15	101001079	101201079	harbor2	chr15	101090366	101090927	LTR/ERVL-MaLR	1740	+	280	101090646	89567
chr15	101001079	101201079	harbor2	chr15	101093387	101093686	LTR/ERVL-MaLR	965	+	150	101093537	92458
chr15	100818455	101018455	harbor2	chr15	100860119	100860503	LTR/ERVL-MaLR	1016	+	192	100860311	41856
chr15	100818455	101018455	harbor2	chr15	100865238	100865504	LTR/ERVL-MaLR	777	+	133	100865371	46916
chr15	100818455	101018455	harbor2	chr15	100859597	100860114	LTR/ERVL-MaLR	2586	+	258	100859855	41400
chr15	85094668	85294668	harbor2	chr15	85141827	85142166	LTR/ERVL-MaLR	1718	+	170	85141997	47329
chr15	85094668	85294668	harbor2	chr15	85153091	85153467	LTR/ERVL-MaLR	1969	+	188	85153279	58611
chr15	85094668	85294668	harbor2	chr15	85158715	85158842	LTR/ERVL-MaLR	868	+	64	85158779	64111
chr15	85094668	85294668	harbor2	chr15	85162817	85162930	LTR/ERVL-MaLR	1553	+	56	85162873	68205
chr15	85094668	85294668	harbor2	chr15	85163212	85163457	LTR/ERVL-MaLR	1553	+	122	85163334	68666
chr15	85094668	85294668	harbor2	chr15	85163759	85163802	LTR/ERVL-MaLR	1553	+	22	85163781	69113
chr15	85094668	85294668	harbor2	chr15	85172929	85173321	LTR/ERVL-MaLR	1391	+	196	85173125	78457
chr15	100617304	100817304	harbor2	chr15	100706865	100707296	LTR/ERVL-MaLR	2167	+	216	100707081	89777
chr15	100034651	100234651	harbor2	chr15	100063955	100064416	LTR/ERVL-MaLR	2338	+	230	100064185	29534
chr15	100034651	100234651	harbor2	chr15	100083009	100083347	LTR/ERVL-MaLR	823	+	169	100083178	48527
chr15	100034651	100234651	harbor2	chr15	100105518	100105677	LTR/ERVL-MaLR	617	+	80	100105598	70947
chr15	100034651	100234651	harbor2	chr15	100107515	100107881	LTR/ERVL-MaLR	1726	+	183	100107698	73047
chr15	100034651	100234651	harbor2	chr15	100118859	100119286	LTR/ERVL-MaLR	2147	+	214	100119073	84422
chr15	100034651	100234651	harbor2	chr15	100127166	100127500	LTR/ERVL-MaLR	963	+	167	100127333	92682
chr15	100034651	100234651	harbor2	chr15	100106169	100106356	LTR/ERVL-MaLR	818	+	94	100106263	71612
chr15	56904795	57104795	harbor2	chr15	56915887	56916011	LTR/ERVL-MaLR	628	+	62	56915949	11154
chr15	56904795	57104795	harbor2	chr15	56916035	56916187	LTR/ERVL-MaLR	799	+	76	56916111	11316
chr15	56904795	57104795	harbor2	chr15	56945696	56946098	LTR/ERVL-MaLR	1402	+	201	56945897	41102
chr15	56904795	57104795	harbor2	chr15	56956905	56957257	LTR/ERVL-MaLR	1265	+	176	56957081	52286
chr15	56904795	57104795	harbor2	chr15	56980269	56980592	LTR/ERVL-MaLR	1217	+	162	56980431	75636
chr15	70152281	70352281	harbor2	chr15	70158672	70159123	LTR/ERVL-MaLR	1581	+	226	70158898	6617
chr15	70152281	70352281	harbor2	chr15	70232472	70232900	LTR/ERVL-MaLR	792	+	214	70232686	80405
chr15	34302930	34502930	harbor2	chr15	34303560	34303930	LTR/ERVL-MaLR	1862	+	185	34303745	815
chr15	34302930	34502930	harbor2	chr15	34371587	34371754	LTR/ERVL-MaLR	904	+	84	34371671	68741
chr15	34302930	34502930	harbor2	chr15	34371862	34372049	LTR/ERVL-MaLR	1083	+	94	34371956	69026
chr15	46579099	46779099	harbor2	chr15	46600181	46600552	LTR/ERVL-MaLR	1703	+	186	46600367	21268
chr15	46579099	46779099	harbor2	chr15	46626097	46626463	LTR/ERVL-MaLR	2636	+	183	46626280	47181
chr15	46579099	46779099	harbor2	chr15	46626464	46628060	LTR/ERVL-MaLR	9396	+	798	46627262	48163
chr15	46579099	46779099	harbor2	chr15	46628063	46628430	LTR/ERVL-MaLR	2556	+	184	46628247	49148
chr15	94336859	94536859	harbor2	chr15	94354284	94354658	LTR/ERVL-MaLR	2103	+	187	94354471	17612
chr15	95125754	95325754	harbor2	chr15	95132165	95132488	LTR/ERVL-MaLR	1149	+	162	95132327	6573
chr15	95125754	95325754	harbor2	chr15	95153176	95153513	LTR/ERVL-MaLR	2125	+	168	95153344	27590
chr15	95125754	95325754	harbor2	chr15	95183192	95183295	LTR/ERVL-MaLR	708	+	52	95183244	57490
chr15	95125754	95325754	harbor2	chr15	95186928	95187345	LTR/ERVL-MaLR	2288	+	208	95187136	61382
chr15	95125754	95325754	harbor2	chr15	95187348	95188888	LTR/ERVL-MaLR	9378	+	770	95188118	62364
chr15	95125754	95325754	harbor2	chr15	95200251	95200623	LTR/ERVL-MaLR	1884	+	186	95200437	74683
chr15	95125754	95325754	harbor2	chr15	95200626	95202230	LTR/ERVL-MaLR	9770	+	802	95201428	75674
chr15	95125754	95325754	harbor2	chr15	95202233	95202488	LTR/ERVL-MaLR	1459	+	128	95202361	76607
chr15	95125754	95325754	harbor2	chr15	95205806	95206174	LTR/ERVL-MaLR	2317	+	184	95205990	80236
chr15	95125754	95325754	harbor2	chr15	95206175	95206601	LTR/ERVL-MaLR	10979	+	213	95206388	80634
chr15	95125754	95325754	harbor2	chr15	95208065	95208424	LTR/ERVL-MaLR	2155	+	180	95208245	82491
chr15	95125754	95325754	harbor2	chr15	95214144	95214560	LTR/ERVL-MaLR	1976	+	208	95214352	88598
chr15	95125754	95325754	harbor2	chr15	95206910	95208064	LTR/ERVL-MaLR	10979	+	577	95207487	81733
chr15	53117023	53317023	harbor2	chr15	53141556	53141917	LTR/ERVL-MaLR	1933	+	180	53141736	24713
chr15	53117023	53317023	harbor2	chr15	53158803	53159145	LTR/ERVL-MaLR	459	+	171	53158974	41951
chr15	53117023	53317023	harbor2	chr15	53171621	53171998	LTR/ERVL-MaLR	2038	+	188	53171809	54786
chr15	96913477	97113477	harbor2	chr15	96923115	96923327	LTR/ERVL-MaLR	580	+	106	96923221	9744
chr15	96913477	97113477	harbor2	chr15	96932491	96932674	LTR/ERVL-MaLR	437	+	92	96932583	19106
chr15	96913477	97113477	harbor2	chr15	96932699	96932950	LTR/ERVL-MaLR	640	+	126	96932825	19348
chr15	96913477	97113477	harbor2	chr15	96970734	96971055	LTR/ERVL-MaLR	1100	+	160	96970894	57417
chr15	96913477	97113477	harbor2	chr15	96975576	96975951	LTR/ERVL-MaLR	1719	+	188	96975764	62287
chr15	33092032	33292032	harbor2	chr15	33167120	33167473	LTR/ERVL-MaLR	2512	+	176	33167296	75264
chr15	35814653	36014653	harbor2	chr15	35835040	35835432	LTR/ERVL-MaLR	1128	+	196	35835236	20583
chr15	35814653	36014653	harbor2	chr15	35881023	35881461	LTR/ERVL-MaLR	713	+	219	35881242	66589
chr15	35814653	36014653	harbor2	chr15	35902538	35902893	LTR/ERVL-MaLR	2351	+	178	35902716	88063
chr15	35814653	36014653	harbor2	chr15	35910230	35910712	LTR/ERVL-MaLR	849	+	241	35910471	95818
chr15	75063395	75263395	harbor2	chr15	75089799	75089877	LTR/ERVL-MaLR	936	+	39	75089838	26443
chr15	75063395	75263395	harbor2	chr15	75090333	75090624	LTR/ERVL-MaLR	936	+	146	75090479	27084
chr15	100141767	100341767	harbor2	chr15	100201149	100201516	LTR/ERVL-MaLR	2269	+	184	100201333	59566
chr15	100141767	100341767	harbor2	chr15	100207017	100207423	LTR/ERVL-MaLR	1171	+	203	100207220	65453
chr15	61523963	61723963	harbor2	chr15	61550965	61551441	LTR/ERVL-MaLR	555	+	238	61551203	27240
chr15	61523963	61723963	harbor2	chr15	61551570	61551933	LTR/ERVL-MaLR	834	+	182	61551752	27789
chr15	61523963	61723963	harbor2	chr15	61556667	61557004	LTR/ERVL-MaLR	1637	+	168	61556835	32872
chr15	46828330	47028330	harbor2	chr15	46862096	46862438	LTR/ERVL-MaLR	1848	+	171	46862267	33937
chr15	46828330	47028330	harbor2	chr15	46862444	46862672	LTR/ERVL-MaLR	1345	+	114	46862558	34228
chr15	46828330	47028330	harbor2	chr15	46862671	46862899	LTR/ERVL-MaLR	907	+	114	46862785	34455
chr15	46828330	47028330	harbor2	chr15	46900895	46901275	LTR/ERVL-MaLR	1033	+	190	46901085	72755
chr15	46828330	47028330	harbor2	chr15	46902567	46902937	LTR/ERVL-MaLR	1999	+	185	46902752	74422
chr15	46828330	47028330	harbor2	chr15	46902960	46903345	LTR/ERVL-MaLR	1589	+	192	46903152	74822
chr15	46828330	47028330	harbor2	chr15	46903516	46903968	LTR/ERVL-MaLR	549	+	226	46903742	75412
chr15	42590564	42790564	harbor2	chr15	42610181	42610537	LTR/ERVL-MaLR	762	+	178	42610359	19795
chr15	70354617	70554617	harbor2	chr15	70381530	70381959	LTR/ERVL-MaLR	2054	+	214	70381744	27127
chr15	70354617	70554617	harbor2	chr15	70382141	70382242	LTR/ERVL-MaLR	659	+	50	70382191	27574
chr15	70354617	70554617	harbor2	chr15	70403899	70404485	LTR/ERVL-MaLR	561	+	293	70404192	49575
chr15	70354617	70554617	harbor2	chr15	70404547	70404693	LTR/ERVL-MaLR	1288	+	73	70404620	50003
chr15	70354617	70554617	harbor2	chr15	70404992	70405203	LTR/ERVL-MaLR	1288	+	106	70405098	50481
chr15	70354617	70554617	harbor2	chr15	70420493	70420918	LTR/ERVL-MaLR	599	+	212	70420705	66088
chr15	70354617	70554617	harbor2	chr15	70428160	70428629	LTR/ERVL-MaLR	2146	+	234	70428394	73777
chr15	70354617	70554617	harbor2	chr15	70429179	70429547	LTR/ERVL-MaLR	662	+	184	70429363	74746
chr15	70354617	70554617	harbor2	chr15	70439441	70439799	LTR/ERVL-MaLR	1083	+	179	70439620	85003
chr15	44130173	44330173	harbor2	chr15	44164666	44165136	LTR/ERVL-MaLR	732	+	235	44164901	34728
chr15	44130173	44330173	harbor2	chr15	44165445	44165492	LTR/ERVL-MaLR	732	+	24	44165469	35296
chr15	44130173	44330173	harbor2	chr15	44207701	44207847	LTR/ERVL-MaLR	483	+	73	44207774	77601
chr15	71015917	71215917	harbor2	chr15	71040285	71040537	LTR/ERVL-MaLR	2619	+	126	71040411	24494
chr15	71015917	71215917	harbor2	chr15	71068306	71068664	LTR/ERVL-MaLR	2128	+	179	71068485	52568
chr15	71015917	71215917	harbor2	chr15	71076561	71076947	LTR/ERVL-MaLR	2062	+	193	71076754	60837
chr15	71015917	71215917	harbor2	chr15	71100102	71100647	LTR/ERVL-MaLR	1718	+	272	71100374	84457
chr15	71015917	71215917	harbor2	chr15	71040840	71041234	LTR/ERVL-MaLR	2619	+	197	71041037	25120
chr15	91506756	91706756	harbor2	chr15	91526417	91526834	LTR/ERVL-MaLR	2585	+	208	91526625	19869
chr15	91506756	91706756	harbor2	chr15	91531117	91531683	LTR/ERVL-MaLR	1664	+	283	91531400	24644
chr15	91506756	91706756	harbor2	chr15	91535909	91536285	LTR/ERVL-MaLR	2210	+	188	91536097	29341
chr15	91506756	91706756	harbor2	chr15	91541738	91542046	LTR/ERVL-MaLR	637	+	154	91541892	35136
chr15	91506756	91706756	harbor2	chr15	91547128	91547528	LTR/ERVL-MaLR	2014	+	200	91547328	40572
chr15	91506756	91706756	harbor2	chr15	91558801	91559203	LTR/ERVL-MaLR	1205	+	201	91559002	52246
chr15	91506756	91706756	harbor2	chr15	91570525	91570924	LTR/ERVL-MaLR	1854	+	200	91570725	63969
chr15	46959514	47159514	harbor2	chr15	46965229	46965610	LTR/ERVL-MaLR	2110	+	190	46965419	5905
chr15	46959514	47159514	harbor2	chr15	46978636	46980391	LTR/ERVL-MaLR	6285	+	878	46979514	20000
chr15	46959514	47159514	harbor2	chr15	46980392	46980488	LTR/ERVL-MaLR	512	+	48	46980440	20926
chr15	46959514	47159514	harbor2	chr15	46981031	46981325	LTR/ERVL-MaLR	1236	+	147	46981178	21664
chr15	46959514	47159514	harbor2	chr15	47022441	47022886	LTR/ERVL-MaLR	2025	+	222	47022663	63149
chr15	89008472	89208472	harbor2	chr15	89023419	89023896	LTR/ERVL-MaLR	2259	+	238	89023657	15185
chr15	89008472	89208472	harbor2	chr15	89028138	89028516	LTR/ERVL-MaLR	2468	+	189	89028327	19855
chr15	89008472	89208472	harbor2	chr15	89030710	89030898	LTR/ERVL-MaLR	450	+	94	89030804	22332
chr15	89008472	89208472	harbor2	chr15	89032219	89032242	LTR/ERVL-MaLR	450	+	12	89032231	23759
chr15	89008472	89208472	harbor2	chr15	89040911	89041343	LTR/ERVL-MaLR	1208	+	216	89041127	32655
chr15	89008472	89208472	harbor2	chr15	89051518	89051867	LTR/ERVL-MaLR	2657	+	174	89051692	43220
chr15	89008472	89208472	harbor2	chr15	89052469	89052520	LTR/ERVL-MaLR	1435	+	26	89052495	44023
chr15	89008472	89208472	harbor2	chr15	89052562	89052800	LTR/ERVL-MaLR	1435	+	119	89052681	44209
chr15	89008472	89208472	harbor2	chr15	89106784	89106892	LTR/ERVL-MaLR	482	+	54	89106838	98366
chr15	78152046	78352046	harbor2	chr15	78171953	78172313	LTR/ERVL-MaLR	1443	+	180	78172133	20087
chr15	78152046	78352046	harbor2	chr15	78181068	78181365	LTR/ERVL-MaLR	627	+	148	78181216	29170
chr15	78152046	78352046	harbor2	chr15	78191857	78192180	LTR/ERVL-MaLR	1117	+	162	78192019	39973
chr15	78152046	78352046	harbor2	chr15	78222942	78223215	LTR/ERVL-MaLR	942	+	136	78223078	71032
chr15	78152046	78352046	harbor2	chr15	78223561	78223641	LTR/ERVL-MaLR	1286	+	40	78223601	71555
chr15	78152046	78352046	harbor2	chr15	78223642	78224146	LTR/ERVL-MaLR	1497	+	252	78223894	71848
chr15	78152046	78352046	harbor2	chr15	78224147	78224397	LTR/ERVL-MaLR	1286	+	125	78224272	72226
chr15	78152046	78352046	harbor2	chr15	78230548	78230886	LTR/ERVL-MaLR	2063	+	169	78230717	78671
chr15	78152046	78352046	harbor2	chr15	78247603	78247835	LTR/ERVL-MaLR	1091	+	116	78247719	95673
chr15	58894219	59094219	harbor2	chr15	58948485	58948898	LTR/ERVL-MaLR	2501	+	206	58948691	54472
chr15	58894219	59094219	harbor2	chr15	58949208	58949330	LTR/ERVL-MaLR	2501	+	61	58949269	55050
chr15	28783766	28983766	harbor2	chr15	28865011	28865305	LTR/ERVL-MaLR	1991	+	147	28865158	81392
chr15	28783766	28983766	harbor2	chr15	28865625	28865700	LTR/ERVL-MaLR	1991	+	38	28865663	81897
chr15	28783766	28983766	harbor2	chr15	28866012	28866049	LTR/ERVL-MaLR	1991	+	18	28866030	82264
chr15	28783766	28983766	harbor2	chr15	28870829	28870861	LTR/ERVL-MaLR	958	+	16	28870845	87079
chr15	28783766	28983766	harbor2	chr15	28871174	28871368	LTR/ERVL-MaLR	958	+	97	28871271	87505
chr15	28783766	28983766	harbor2	chr15	28871746	28871919	LTR/ERVL-MaLR	784	+	86	28871832	88066
chr15	28783766	28983766	harbor2	chr15	28872213	28872573	LTR/ERVL-MaLR	2001	+	180	28872393	88627
chr15	93250665	93450665	harbor2	chr15	93251458	93251878	LTR/ERVL-MaLR	1470	+	210	93251668	1003
chr15	93250665	93450665	harbor2	chr15	93252458	93252707	LTR/ERVL-MaLR	865	+	124	93252582	1917
chr15	93250665	93450665	harbor2	chr15	93263786	93264082	LTR/ERVL-MaLR	592	+	148	93263934	13269
chr15	93250665	93450665	harbor2	chr15	93315946	93316326	LTR/ERVL-MaLR	2206	+	190	93316136	65471
chr15	93250665	93450665	harbor2	chr15	93338802	93339241	LTR/ERVL-MaLR	1005	+	220	93339022	88357
chr15	93250665	93450665	harbor2	chr15	93341769	93341892	LTR/ERVL-MaLR	408	+	62	93341831	91166
chr15	93250665	93450665	harbor2	chr15	93323206	93323648	LTR/ERVL-MaLR	1366	+	221	93323427	72762
chr15	101752643	101952643	harbor2	chr15	101794150	101794386	LTR/ERVL-MaLR	805	+	118	101794268	41625
chr15	101752643	101952643	harbor2	chr15	101801920	101802386	LTR/ERVL-MaLR	1171	+	233	101802153	49510
chr15	101752643	101952643	harbor2	chr15	101807254	101807625	LTR/ERVL-MaLR	2285	+	186	101807440	54797
chr15	101752643	101952643	harbor2	chr15	101816093	101816561	LTR/ERVL-MaLR	1565	+	234	101816327	63684
chr15	71615979	71815979	harbor2	chr15	71690500	71690578	LTR/ERVL-MaLR	2416	+	39	71690539	74560
chr15	71615979	71815979	harbor2	chr15	71690929	71691360	LTR/ERVL-MaLR	2416	+	216	71691145	75166
chr15	71615979	71815979	harbor2	chr15	71693604	71693972	LTR/ERVL-MaLR	2444	+	184	71693788	77809
chr15	71615979	71815979	harbor2	chr15	71704273	71704628	LTR/ERVL-MaLR	2885	+	178	71704451	88472
chr15	99543281	99743281	harbor2	chr15	99549800	99550235	LTR/ERVL-MaLR	894	+	218	99550018	6737
chr15	99543281	99743281	harbor2	chr15	99556584	99556901	LTR/ERVL-MaLR	1273	+	158	99556742	13461
chr15	99543281	99743281	harbor2	chr15	99557212	99557463	LTR/ERVL-MaLR	1273	+	126	99557338	14057
chr15	91847856	92047856	harbor2	chr15	91896417	91896778	LTR/ERVL-MaLR	2680	+	180	91896597	48741
chr15	91847856	92047856	harbor2	chr15	91925626	91925907	LTR/ERVL-MaLR	494	+	140	91925766	77910
chr15	89282749	89482749	harbor2	chr15	89349763	89350100	LTR/ERVL-MaLR	1750	+	168	89349931	67182
chr15	78036193	78236193	harbor2	chr15	78036349	78036495	LTR/ERVL-MaLR	773	+	73	78036422	229
chr15	78036193	78236193	harbor2	chr15	78036517	78036786	LTR/ERVL-MaLR	1007	+	134	78036651	458
chr15	78036193	78236193	harbor2	chr15	78121452	78121821	LTR/ERVL-MaLR	2894	+	184	78121636	85443
chr15	78036193	78236193	harbor2	chr15	78069541	78069991	LTR/ERVL-MaLR	1152	+	225	78069766	33573
chr15	77651376	77851376	harbor2	chr15	77653921	77654310	LTR/ERVL-MaLR	1275	+	194	77654115	2739
chr15	77651376	77851376	harbor2	chr15	77679995	77680248	LTR/ERVL-MaLR	505	+	126	77680121	28745
chr15	77651376	77851376	harbor2	chr15	77690271	77690626	LTR/ERVL-MaLR	469	+	178	77690449	39073
chr15	77651376	77851376	harbor2	chr15	77701494	77701921	LTR/ERVL-MaLR	2297	+	214	77701708	50332
chr15	77651376	77851376	harbor2	chr15	77708459	77708622	LTR/ERVL-MaLR	1827	+	82	77708541	57165
chr15	77651376	77851376	harbor2	chr15	77708929	77709199	LTR/ERVL-MaLR	1827	+	135	77709064	57688
chr15	94180151	94380151	harbor2	chr15	94223500	94224020	LTR/ERVL-MaLR	1839	+	260	94223760	43609
chr15	54572176	54772176	harbor2	chr15	54585124	54585539	LTR/ERVL-MaLR	2391	+	208	54585332	13156
chr15	54572176	54772176	harbor2	chr15	54596594	54596994	LTR/ERVL-MaLR	2059	+	200	54596794	24618
chr15	54572176	54772176	harbor2	chr15	54638751	54639020	LTR/ERVL-MaLR	1164	+	134	54638885	66709
chr15	100766367	100966367	harbor2	chr15	100786601	100786970	LTR/ERVL-MaLR	1943	+	184	100786785	20418
chr15	100766367	100966367	harbor2	chr15	100860119	100860503	LTR/ERVL-MaLR	1016	+	192	100860311	93944
chr15	100766367	100966367	harbor2	chr15	100865238	100865504	LTR/ERVL-MaLR	777	+	133	100865371	99004
chr15	100766367	100966367	harbor2	chr15	100859597	100860114	LTR/ERVL-MaLR	2586	+	258	100859855	93488
chr15	98776356	98976356	harbor2	chr15	98819306	98819647	LTR/ERVL-MaLR	1796	+	170	98819476	43120
chr15	46256172	46456172	harbor2	chr15	46305620	46306705	LTR/ERVL-MaLR	3870	+	542	46306162	49990
chr15	46256172	46456172	harbor2	chr15	46306706	46307068	LTR/ERVL-MaLR	1882	+	181	46306887	50715
chr15	46256172	46456172	harbor2	chr15	46338740	46339084	LTR/ERVL-MaLR	2110	+	172	46338912	82740
chr15	46256172	46456172	harbor2	chr15	46339698	46339717	LTR/ERVL-MaLR	2110	+	10	46339708	83536
chr15	100133680	100333680	harbor2	chr15	100201149	100201516	LTR/ERVL-MaLR	2269	+	184	100201333	67653
chr15	100133680	100333680	harbor2	chr15	100207017	100207423	LTR/ERVL-MaLR	1171	+	203	100207220	73540
chr15	89165022	89365022	harbor2	chr15	89226142	89226532	LTR/ERVL-MaLR	2233	+	195	89226337	61315
chr15	89165022	89365022	harbor2	chr15	89232483	89232800	LTR/ERVL-MaLR	1603	+	158	89232641	67619
chr15	101267964	101467964	harbor2	chr15	101268122	101268436	LTR/ERVL-MaLR	1061	+	157	101268279	315
chr15	101267964	101467964	harbor2	chr15	101310925	101311114	LTR/ERVL-MaLR	2077	+	94	101311019	43055
chr15	101267964	101467964	harbor2	chr15	101311427	101311627	LTR/ERVL-MaLR	2077	+	100	101311527	43563
chr15	75943174	76143174	harbor2	chr15	75959785	75960111	LTR/ERVL-MaLR	868	+	163	75959948	16774
chr15	75943174	76143174	harbor2	chr15	75981037	75981480	LTR/ERVL-MaLR	874	+	222	75981259	38085
chr15	75943174	76143174	harbor2	chr15	75981482	75981630	LTR/ERVL-MaLR	614	+	74	75981556	38382
chr15	75943174	76143174	harbor2	chr15	75981625	75981768	LTR/ERVL-MaLR	444	+	72	75981697	38523
chr15	75943174	76143174	harbor2	chr15	75986765	75987356	LTR/ERVL-MaLR	1739	+	296	75987061	43887
chr15	75943174	76143174	harbor2	chr15	75987433	75987748	LTR/ERVL-MaLR	1274	+	158	75987591	44417
chr15	75943174	76143174	harbor2	chr15	75999302	75999687	LTR/ERVL-MaLR	1286	+	192	75999494	56320
chr15	62546554	62746554	harbor2	chr15	62619491	62619893	LTR/ERVL-MaLR	844	+	201	62619692	73138
chr15	92559666	92759666	harbor2	chr15	92560552	92560880	LTR/ERVL-MaLR	858	+	164	92560716	1050
chr15	92559666	92759666	harbor2	chr15	92572503	92572996	LTR/ERVL-MaLR	1840	+	246	92572749	13083
chr15	92559666	92759666	harbor2	chr15	92575722	92576062	LTR/ERVL-MaLR	1002	+	170	92575892	16226
chr15	92559666	92759666	harbor2	chr15	92600171	92600587	LTR/ERVL-MaLR	736	+	208	92600379	40713
chr15	92559666	92759666	harbor2	chr15	92629702	92630064	LTR/ERVL-MaLR	2406	+	181	92629883	70217
chr15	92559666	92759666	harbor2	chr15	92639550	92639949	LTR/ERVL-MaLR	2445	+	200	92639750	80084
chr15	92559666	92759666	harbor2	chr15	92642418	92642787	LTR/ERVL-MaLR	2294	+	184	92642602	82936
chr15	92559666	92759666	harbor2	chr15	92569425	92569784	LTR/ERVL-MaLR	1840	+	180	92569605	9939
chr15	38775966	38975966	harbor2	chr15	38822805	38823177	LTR/ERVL-MaLR	2747	+	186	38822991	47025
chr15	87433606	87633606	harbor2	chr15	87459957	87460357	LTR/ERVL-MaLR	901	+	200	87460157	26551
chr15	87433606	87633606	harbor2	chr15	87461306	87461686	LTR/ERVL-MaLR	1342	+	190	87461496	27890
chr15	87433606	87633606	harbor2	chr15	87491287	87491658	LTR/ERVL-MaLR	2562	+	186	87491473	57867
chr15	87433606	87633606	harbor2	chr15	87491663	87492040	LTR/ERVL-MaLR	2678	+	188	87491851	58245
chr15	87433606	87633606	harbor2	chr15	87524280	87524675	LTR/ERVL-MaLR	1532	+	198	87524478	90872
chr15	31391082	31591082	harbor2	chr15	31403379	31403822	LTR/ERVL-MaLR	713	+	222	31403601	12519
chr15	31391082	31591082	harbor2	chr15	31405023	31405163	LTR/ERVL-MaLR	697	+	70	31405093	14011
chr15	31391082	31591082	harbor2	chr15	31405342	31405557	LTR/ERVL-MaLR	1062	+	108	31405450	14368
chr15	31391082	31591082	harbor2	chr15	31411997	31412359	LTR/ERVL-MaLR	1687	+	181	31412178	21096
chr15	31391082	31591082	harbor2	chr15	31414868	31415309	LTR/ERVL-MaLR	2450	+	220	31415088	24006
chr15	31391082	31591082	harbor2	chr15	31416862	31417211	LTR/ERVL-MaLR	1650	+	174	31417036	25954
chr15	31391082	31591082	harbor2	chr15	31417517	31417540	LTR/ERVL-MaLR	1650	+	12	31417529	26447
chr15	31391082	31591082	harbor2	chr15	31417845	31417886	LTR/ERVL-MaLR	1650	+	20	31417865	26783
chr15	31391082	31591082	harbor2	chr15	31430969	31431347	LTR/ERVL-MaLR	1417	+	189	31431158	40076
chr15	31391082	31591082	harbor2	chr15	31474453	31474812	LTR/ERVL-MaLR	2185	+	180	31474633	83551
chr16	83272094	83472094	harbor2	chr16	83290282	83290642	LTR/ERVL-MaLR	2309	+	180	83290462	18368
chr16	83272094	83472094	harbor2	chr16	83306238	83306609	LTR/ERVL-MaLR	1557	+	186	83306424	34330
chr16	83272094	83472094	harbor2	chr16	83358079	83358581	LTR/ERVL-MaLR	1276	+	251	83358330	86236
chr16	83272094	83472094	harbor2	chr16	83365503	83366083	LTR/ERVL-MaLR	1350	+	290	83365793	93699
chr16	46347081	46547081	harbor2	chr16	46425189	46425486	LTR/ERVL-MaLR	1354	+	148	46425337	78256
chr16	46347081	46547081	harbor2	chr16	46435889	46436187	LTR/ERVL-MaLR	1413	+	149	46436038	88957
chr16	46347081	46547081	harbor2	chr16	46437807	46438077	LTR/ERVL-MaLR	1127	+	135	46437942	90861
chr16	46347081	46547081	harbor2	chr16	46438375	46438615	LTR/ERVL-MaLR	1127	+	120	46438495	91414
chr16	46347081	46547081	harbor2	chr16	46441802	46442139	LTR/ERVL-MaLR	2164	+	168	46441970	94889
chr16	59638626	59838626	harbor2	chr16	59643131	59643216	LTR/ERVL-MaLR	518	+	42	59643173	4547
chr16	59638626	59838626	harbor2	chr16	59643506	59643792	LTR/ERVL-MaLR	1382	+	143	59643649	5023
chr16	59638626	59838626	harbor2	chr16	59643808	59643914	LTR/ERVL-MaLR	774	+	53	59643861	5235
chr16	59638626	59838626	harbor2	chr16	59664902	59665265	LTR/ERVL-MaLR	1912	+	182	59665084	26458
chr16	59638626	59838626	harbor2	chr16	59665566	59665612	LTR/ERVL-MaLR	1912	+	23	59665589	26963
chr16	59638626	59838626	harbor2	chr16	59720759	59721252	LTR/ERVL-MaLR	1423	+	246	59721005	82379
chr16	59638626	59838626	harbor2	chr16	59734389	59734731	LTR/ERVL-MaLR	2172	+	171	59734560	95934
chr16	85305309	85505309	harbor2	chr16	85326389	85326731	LTR/ERVL-MaLR	1841	+	171	85326560	21251
chr16	85305309	85505309	harbor2	chr16	85330175	85330535	LTR/ERVL-MaLR	690	+	180	85330355	25046
chr16	32067627	32267627	harbor2	chr16	32073698	32074061	LTR/ERVL-MaLR	1654	+	182	32073880	6253
chr16	32067627	32267627	harbor2	chr16	32074846	32074992	LTR/ERVL-MaLR	798	+	73	32074919	7292
chr16	32067627	32267627	harbor2	chr16	32109882	32110313	LTR/ERVL-MaLR	1808	+	216	32110098	42471
chr16	32067627	32267627	harbor2	chr16	32155842	32156232	LTR/ERVL-MaLR	676	+	195	32156037	88410
chr16	32067627	32267627	harbor2	chr16	32156234	32156646	LTR/ERVL-MaLR	1910	+	206	32156440	88813
chr16	85310590	85510590	harbor2	chr16	85326389	85326731	LTR/ERVL-MaLR	1841	+	171	85326560	15970
chr16	85310590	85510590	harbor2	chr16	85330175	85330535	LTR/ERVL-MaLR	690	+	180	85330355	19765
chr16	87814657	88014657	harbor2	chr16	87815402	87815755	LTR/ERVL-MaLR	661	+	176	87815578	921
chr16	87814657	88014657	harbor2	chr16	87878458	87878665	LTR/ERVL-MaLR	418	+	104	87878562	63905
chr16	87814657	88014657	harbor2	chr16	87887733	87887895	LTR/ERVL-MaLR	634	+	81	87887814	73157
chr16	87814657	88014657	harbor2	chr16	87888324	87888750	LTR/ERVL-MaLR	2114	+	213	87888537	73880
chr16	87814657	88014657	harbor2	chr16	87889353	87889421	LTR/ERVL-MaLR	2114	+	34	87889387	74730
chr16	87814657	88014657	harbor2	chr16	87897852	87898144	LTR/ERVL-MaLR	488	+	146	87897998	83341
chr16	19590965	19790965	harbor2	chr16	19630660	19630800	LTR/ERVL-MaLR	828	+	70	19630730	39765
chr16	19590965	19790965	harbor2	chr16	19631043	19631236	LTR/ERVL-MaLR	1104	+	96	19631139	40174
chr16	88956173	89156173	harbor2	chr16	88960577	88960833	LTR/ERVL-MaLR	523	+	128	88960705	4532
chr16	88956173	89156173	harbor2	chr16	89017647	89017897	LTR/ERVL-MaLR	498	+	125	89017772	61599
chr16	52206352	52406352	harbor2	chr16	52207752	52207898	LTR/ERVL-MaLR	2184	+	73	52207825	1473
chr16	52206352	52406352	harbor2	chr16	52208268	52208672	LTR/ERVL-MaLR	2184	+	202	52208470	2118
chr16	52206352	52406352	harbor2	chr16	52213876	52214274	LTR/ERVL-MaLR	2033	+	199	52214075	7723
chr16	52206352	52406352	harbor2	chr16	52239944	52240325	LTR/ERVL-MaLR	1847	+	190	52240134	33782
chr16	52206352	52406352	harbor2	chr16	52252777	52253192	LTR/ERVL-MaLR	471	+	208	52252985	46633
chr16	52206352	52406352	harbor2	chr16	52281498	52281732	LTR/ERVL-MaLR	1600	+	117	52281615	75263
chr16	52206352	52406352	harbor2	chr16	52281765	52281972	LTR/ERVL-MaLR	1600	+	104	52281869	75517
chr16	52206352	52406352	harbor2	chr16	52287100	52287464	LTR/ERVL-MaLR	2771	+	182	52287282	80930
chr16	88935632	89135632	harbor2	chr16	88960577	88960833	LTR/ERVL-MaLR	523	+	128	88960705	25073
chr16	88935632	89135632	harbor2	chr16	89017647	89017897	LTR/ERVL-MaLR	498	+	125	89017772	82140
chr16	89385370	89585370	harbor2	chr16	89401596	89402071	LTR/ERVL-MaLR	1235	+	238	89401834	16464
chr16	89385370	89585370	harbor2	chr16	89473965	89474332	LTR/ERVL-MaLR	1213	+	184	89474149	88779
chr16	89385370	89585370	harbor2	chr16	89482490	89482643	LTR/ERVL-MaLR	1205	+	76	89482566	97196
chr16	89385370	89585370	harbor2	chr16	89482796	89483058	LTR/ERVL-MaLR	1205	+	131	89482927	97557
chr16	63195089	63395089	harbor2	chr16	63197348	63197560	LTR/ERVL-MaLR	903	+	106	63197454	2365
chr16	63195089	63395089	harbor2	chr16	63199418	63199557	LTR/ERVL-MaLR	844	+	70	63199488	4399
chr16	63195089	63395089	harbor2	chr16	63199806	63199969	LTR/ERVL-MaLR	844	+	82	63199888	4799
chr16	63195089	63395089	harbor2	chr16	63231950	63232101	LTR/ERVL-MaLR	695	+	76	63232026	36937
chr16	63195089	63395089	harbor2	chr16	63237027	63237631	LTR/ERVL-MaLR	1595	+	302	63237329	42240
chr16	63195089	63395089	harbor2	chr16	63291040	63291257	LTR/ERVL-MaLR	638	+	108	63291148	96059
chr16	63195089	63395089	harbor2	chr16	63292342	63292498	LTR/ERVL-MaLR	1093	+	78	63292420	97331
chr16	86002399	86202399	harbor2	chr16	86003290	86003645	LTR/ERVL-MaLR	1357	+	178	86003468	1069
chr16	86002399	86202399	harbor2	chr16	86003816	86004413	LTR/ERVL-MaLR	2433	+	298	86004114	1715
chr16	86002399	86202399	harbor2	chr16	86027688	86028130	LTR/ERVL-MaLR	1087	+	221	86027909	25510
chr16	86002399	86202399	harbor2	chr16	86034338	86034769	LTR/ERVL-MaLR	1494	+	216	86034554	32155
chr16	86002399	86202399	harbor2	chr16	86035246	86035417	LTR/ERVL-MaLR	1197	+	86	86035332	32933
chr16	86002399	86202399	harbor2	chr16	86035723	86035980	LTR/ERVL-MaLR	1197	+	128	86035851	33452
chr16	86002399	86202399	harbor2	chr16	86039493	86039790	LTR/ERVL-MaLR	1032	+	148	86039641	37242
chr16	86002399	86202399	harbor2	chr16	86043606	86044076	LTR/ERVL-MaLR	1674	+	235	86043841	41442
chr16	86002399	86202399	harbor2	chr16	86044780	86045197	LTR/ERVL-MaLR	1017	+	208	86044988	42589
chr16	86002399	86202399	harbor2	chr16	86079772	86079936	LTR/ERVL-MaLR	739	+	82	86079854	77455
chr16	86002399	86202399	harbor2	chr16	86080304	86080543	LTR/ERVL-MaLR	1091	+	120	86080424	78025
chr16	86002399	86202399	harbor2	chr16	86085820	86085964	LTR/ERVL-MaLR	502	+	72	86085892	83493
chr16	51915158	52115158	harbor2	chr16	51934502	51934672	LTR/ERVL-MaLR	1180	+	85	51934587	19429
chr16	51915158	52115158	harbor2	chr16	51935870	51936224	LTR/ERVL-MaLR	1002	+	177	51936047	20889
chr16	51915158	52115158	harbor2	chr16	51958928	51958949	LTR/ERVL-MaLR	537	+	10	51958938	43780
chr16	51915158	52115158	harbor2	chr16	51958950	51959341	LTR/ERVL-MaLR	2254	+	196	51959146	43988
chr16	51915158	52115158	harbor2	chr16	51959342	51959481	LTR/ERVL-MaLR	537	+	70	51959412	44254
chr16	51915158	52115158	harbor2	chr16	51972080	51972463	LTR/ERVL-MaLR	663	+	192	51972272	57114
chr16	51915158	52115158	harbor2	chr16	51987393	51987707	LTR/ERVL-MaLR	748	+	157	51987550	72392
chr16	86209934	86409934	harbor2	chr16	86218353	86218735	LTR/ERVL-MaLR	941	+	191	86218544	8610
chr16	86209934	86409934	harbor2	chr16	86249153	86249509	LTR/ERVL-MaLR	2151	+	178	86249331	39397
chr16	86209934	86409934	harbor2	chr16	86252454	86252759	LTR/ERVL-MaLR	925	+	152	86252606	42672
chr16	86209934	86409934	harbor2	chr16	86260960	86261077	LTR/ERVL-MaLR	461	+	58	86261018	51084
chr16	86209934	86409934	harbor2	chr16	86261140	86261336	LTR/ERVL-MaLR	567	+	98	86261238	51304
chr16	86209934	86409934	harbor2	chr16	86261460	86261612	LTR/ERVL-MaLR	428	+	76	86261536	51602
chr16	86209934	86409934	harbor2	chr16	86272865	86272952	LTR/ERVL-MaLR	416	+	44	86272909	62975
chr16	86209934	86409934	harbor2	chr16	86283006	86283515	LTR/ERVL-MaLR	702	+	254	86283260	73326
chr16	58303778	58503778	harbor2	chr16	58379542	58379919	LTR/ERVL-MaLR	1850	+	188	58379730	75952
chr16	58303778	58503778	harbor2	chr16	58380328	58380870	LTR/ERVL-MaLR	588	+	271	58380599	76821
chr16	58303778	58503778	harbor2	chr16	58382366	58382717	LTR/ERVL-MaLR	2090	+	176	58382542	78764
chr16	58303778	58503778	harbor2	chr16	58385095	58385363	LTR/ERVL-MaLR	1149	+	134	58385229	81451
chr16	58303778	58503778	harbor2	chr16	58391662	58391882	LTR/ERVL-MaLR	426	+	110	58391772	87994
chr16	68926297	69126297	harbor2	chr16	69002327	69002693	LTR/ERVL-MaLR	1839	+	183	69002510	76213
chr16	67660371	67860371	harbor2	chr16	67752120	67752521	LTR/ERVL-MaLR	1015	+	200	67752320	91949
chr16	89179230	89379230	harbor2	chr16	89232036	89232439	LTR/ERVL-MaLR	1519	+	202	89232238	53008
chr16	74688122	74888122	harbor2	chr16	74695887	74696299	LTR/ERVL-MaLR	721	+	206	74696093	7971
chr16	74688122	74888122	harbor2	chr16	74697230	74697425	LTR/ERVL-MaLR	538	+	98	74697328	9206
chr16	74688122	74888122	harbor2	chr16	74727632	74727840	LTR/ERVL-MaLR	635	+	104	74727736	39614
chr16	74688122	74888122	harbor2	chr16	74747452	74747860	LTR/ERVL-MaLR	1340	+	204	74747656	59534
chr16	74688122	74888122	harbor2	chr16	74754485	74754522	LTR/ERVL-MaLR	1403	+	18	74754503	66381
chr16	74688122	74888122	harbor2	chr16	74754828	74755165	LTR/ERVL-MaLR	1403	+	168	74754996	66874
chr16	74688122	74888122	harbor2	chr16	74767424	74767833	LTR/ERVL-MaLR	1439	+	204	74767628	79506
chr16	31168791	31368791	harbor2	chr16	31249615	31249834	LTR/ERVL-MaLR	918	+	110	31249725	80934
chr16	31168791	31368791	harbor2	chr16	31250733	31250985	LTR/ERVL-MaLR	918	+	126	31250859	82068
chr16	31168791	31368791	harbor2	chr16	31256445	31256930	LTR/ERVL-MaLR	1204	+	242	31256687	87896
chr16	82630977	82830977	harbor2	chr16	82635717	82636091	LTR/ERVL-MaLR	1918	+	187	82635904	4927
chr16	82630977	82830977	harbor2	chr16	82647830	82648193	LTR/ERVL-MaLR	2465	+	182	82648012	17035
chr16	82630977	82830977	harbor2	chr16	82692826	82693324	LTR/ERVL-MaLR	986	+	249	82693075	62098
chr16	82630977	82830977	harbor2	chr16	82714258	82714431	LTR/ERVL-MaLR	1711	+	86	82714344	83367
chr16	82630977	82830977	harbor2	chr16	82714740	82715015	LTR/ERVL-MaLR	1711	+	138	82714878	83901
chr16	82630977	82830977	harbor2	chr16	82723353	82723741	LTR/ERVL-MaLR	944	+	194	82723547	92570
chr16	90110950	90310950	harbor2	chr16	90139768	90140085	LTR/ERVL-MaLR	1672	+	158	90139926	28976
chr16	90110950	90310950	harbor2	chr16	90150208	90150564	LTR/ERVL-MaLR	1524	+	178	90150386	39436
chr16	90110950	90310950	harbor2	chr16	90186984	90187364	LTR/ERVL-MaLR	2211	+	190	90187174	76224
chr16	79686610	79886610	harbor2	chr16	79701904	79702553	LTR/ERVL-MaLR	2048	+	324	79702228	15618
chr16	79686610	79886610	harbor2	chr16	79710130	79710500	LTR/ERVL-MaLR	2614	+	185	79710315	23705
chr16	79686610	79886610	harbor2	chr16	79713631	79714203	LTR/ERVL-MaLR	1990	+	286	79713917	27307
chr16	79686610	79886610	harbor2	chr16	79730482	79730906	LTR/ERVL-MaLR	1592	+	212	79730694	44084
chr16	79686610	79886610	harbor2	chr16	79750964	79751451	LTR/ERVL-MaLR	1937	+	244	79751208	64598
chr16	55365595	55565595	harbor2	chr16	55376770	55377293	LTR/ERVL-MaLR	833	+	262	55377032	11437
chr16	55365595	55565595	harbor2	chr16	55387538	55387796	LTR/ERVL-MaLR	1103	+	129	55387667	22072
chr16	55365595	55565595	harbor2	chr16	55392131	55392619	LTR/ERVL-MaLR	2704	+	244	55392375	26780
chr16	55365595	55565595	harbor2	chr16	55392691	55392903	LTR/ERVL-MaLR	569	+	106	55392797	27202
chr16	55365595	55565595	harbor2	chr16	55412106	55412417	LTR/ERVL-MaLR	927	+	156	55412262	46667
chr16	55365595	55565595	harbor2	chr16	55412418	55412785	LTR/ERVL-MaLR	2371	+	184	55412602	47007
chr16	55365595	55565595	harbor2	chr16	55412786	55412851	LTR/ERVL-MaLR	927	+	32	55412818	47223
chr16	55365595	55565595	harbor2	chr16	55415859	55416172	LTR/ERVL-MaLR	1249	+	156	55416015	50420
chr16	55365595	55565595	harbor2	chr16	55455221	55455583	LTR/ERVL-MaLR	2003	+	181	55455402	89807
chr16	55365595	55565595	harbor2	chr16	55458800	55459272	LTR/ERVL-MaLR	1476	+	236	55459036	93441
chr16	85191342	85391342	harbor2	chr16	85212005	85212124	LTR/ERVL-MaLR	1822	+	60	85212065	20723
chr16	85191342	85391342	harbor2	chr16	85212431	85212708	LTR/ERVL-MaLR	1822	+	138	85212569	21227
chr16	85191342	85391342	harbor2	chr16	85214267	85214651	LTR/ERVL-MaLR	940	+	192	85214459	23117
chr16	85191342	85391342	harbor2	chr16	85244145	85244549	LTR/ERVL-MaLR	1370	+	202	85244347	53005
chr16	25546714	25746714	harbor2	chr16	25549385	25549483	LTR/ERVL-MaLR	1484	+	49	25549434	2720
chr16	25546714	25746714	harbor2	chr16	25549789	25550027	LTR/ERVL-MaLR	1484	+	119	25549908	3194
chr16	25546714	25746714	harbor2	chr16	25552387	25552748	LTR/ERVL-MaLR	1342	+	180	25552567	5853
chr16	25546714	25746714	harbor2	chr16	25563730	25564092	LTR/ERVL-MaLR	2119	+	181	25563911	17197
chr16	25546714	25746714	harbor2	chr16	25581214	25581571	LTR/ERVL-MaLR	2169	+	178	25581392	34678
chr16	25546714	25746714	harbor2	chr16	25605493	25605855	LTR/ERVL-MaLR	2352	+	181	25605674	58960
chr16	25546714	25746714	harbor2	chr16	25637011	25637558	LTR/ERVL-MaLR	2256	+	274	25637285	90571
chr16	25546714	25746714	harbor2	chr16	25638641	25639109	LTR/ERVL-MaLR	1141	+	234	25638875	92161
chr16	25546714	25746714	harbor2	chr16	25639110	25639478	LTR/ERVL-MaLR	2464	+	184	25639294	92580
chr16	25546714	25746714	harbor2	chr16	25639479	25639574	LTR/ERVL-MaLR	1141	+	48	25639527	92813
chr16	48168410	48368410	harbor2	chr16	48180109	48180560	LTR/ERVL-MaLR	1263	+	226	48180335	11925
chr16	48168410	48368410	harbor2	chr16	48194505	48194906	LTR/ERVL-MaLR	2040	+	200	48194705	26295
chr16	48168410	48368410	harbor2	chr16	48218577	48218898	LTR/ERVL-MaLR	1971	+	160	48218737	50327
chr16	48168410	48368410	harbor2	chr16	48255593	48255948	LTR/ERVL-MaLR	2369	+	178	48255771	87361
chr16	66219986	66419986	harbor2	chr16	66222386	66222764	LTR/ERVL-MaLR	1948	+	189	66222575	2589
chr16	66219986	66419986	harbor2	chr16	66234549	66234701	LTR/ERVL-MaLR	2225	+	76	66234625	14639
chr16	66219986	66419986	harbor2	chr16	66235018	66235221	LTR/ERVL-MaLR	2225	+	102	66235120	15134
chr16	66219986	66419986	harbor2	chr16	66257491	66257672	LTR/ERVL-MaLR	1874	+	90	66257581	37595
chr16	66219986	66419986	harbor2	chr16	66257963	66258175	LTR/ERVL-MaLR	1874	+	106	66258069	38083
chr16	66219986	66419986	harbor2	chr16	66258184	66258237	LTR/ERVL-MaLR	1508	+	26	66258210	38224
chr16	66219986	66419986	harbor2	chr16	66258542	66258902	LTR/ERVL-MaLR	1508	+	180	66258722	38736
chr16	66219986	66419986	harbor2	chr16	66275009	66275401	LTR/ERVL-MaLR	2403	+	196	66275205	55219
chr16	66219986	66419986	harbor2	chr16	66284427	66284509	LTR/ERVL-MaLR	1209	+	41	66284468	64482
chr16	66219986	66419986	harbor2	chr16	66284879	66285003	LTR/ERVL-MaLR	1209	+	62	66284941	64955
chr16	66219986	66419986	harbor2	chr16	66285044	66285246	LTR/ERVL-MaLR	1209	+	101	66285145	65159
chr16	66219986	66419986	harbor2	chr16	66294582	66294971	LTR/ERVL-MaLR	1181	+	194	66294776	74790
chr16	66219986	66419986	harbor2	chr16	66294999	66295164	LTR/ERVL-MaLR	1181	+	82	66295081	75095
chr16	66219986	66419986	harbor2	chr16	66302842	66303198	LTR/ERVL-MaLR	1670	+	178	66303020	83034
chr16	66219986	66419986	harbor2	chr16	66303497	66303604	LTR/ERVL-MaLR	1670	+	54	66303551	83565
chr16	66219986	66419986	harbor2	chr16	66305422	66305477	LTR/ERVL-MaLR	2104	+	28	66305450	85464
chr16	66219986	66419986	harbor2	chr16	66308537	66308935	LTR/ERVL-MaLR	1569	+	199	66308736	88750
chr16	66219986	66419986	harbor2	chr16	66305771	66306120	LTR/ERVL-MaLR	2104	+	174	66305945	85959
chr16	64182656	64382656	harbor2	chr16	64207799	64208323	LTR/ERVL-MaLR	792	+	262	64208061	25405
chr16	64182656	64382656	harbor2	chr16	64226348	64226821	LTR/ERVL-MaLR	1040	+	236	64226584	43928
chr16	64182656	64382656	harbor2	chr16	64227877	64228241	LTR/ERVL-MaLR	1257	+	182	64228059	45403
chr16	64182656	64382656	harbor2	chr16	64240070	64240426	LTR/ERVL-MaLR	1949	+	178	64240248	57592
chr16	84902493	85102493	harbor2	chr16	84915456	84915584	LTR/ERVL-MaLR	555	+	64	84915520	13027
chr16	84902493	85102493	harbor2	chr16	84943843	84944353	LTR/ERVL-MaLR	1711	+	255	84944098	41605
chr16	84902493	85102493	harbor2	chr16	84945440	84945821	LTR/ERVL-MaLR	2127	+	190	84945630	43137
chr16	84902493	85102493	harbor2	chr16	84954124	84954295	LTR/ERVL-MaLR	668	+	86	84954210	51717
chr16	84902493	85102493	harbor2	chr16	84954352	84954619	LTR/ERVL-MaLR	1090	+	134	84954486	51993
chr16	84902493	85102493	harbor2	chr16	84955975	84956145	LTR/ERVL-MaLR	1654	+	85	84956060	53567
chr16	84902493	85102493	harbor2	chr16	84956401	84956413	LTR/ERVL-MaLR	1654	+	6	84956407	53914
chr16	84902493	85102493	harbor2	chr16	84956712	84957000	LTR/ERVL-MaLR	1654	+	144	84956856	54363
chr16	84902493	85102493	harbor2	chr16	84959682	84959900	LTR/ERVL-MaLR	530	+	109	84959791	57298
chr16	84902493	85102493	harbor2	chr16	84959983	84960118	LTR/ERVL-MaLR	612	+	68	84960051	57558
chr16	47702617	47902617	harbor2	chr16	47708351	47708588	LTR/ERVL-MaLR	482	+	118	47708469	5852
chr16	55133832	55333832	harbor2	chr16	55134157	55134751	LTR/ERVL-MaLR	1476	+	297	55134454	622
chr16	55133832	55333832	harbor2	chr16	55139687	55140041	LTR/ERVL-MaLR	462	+	177	55139864	6032
chr16	55133832	55333832	harbor2	chr16	55143562	55143973	LTR/ERVL-MaLR	2214	+	206	55143768	9936
chr16	55133832	55333832	harbor2	chr16	55155956	55156284	LTR/ERVL-MaLR	1137	+	164	55156120	22288
chr16	55133832	55333832	harbor2	chr16	55156560	55156633	LTR/ERVL-MaLR	1137	+	36	55156596	22764
chr16	55133832	55333832	harbor2	chr16	55159393	55159821	LTR/ERVL-MaLR	1217	+	214	55159607	25775
chr16	55133832	55333832	harbor2	chr16	55161437	55161821	LTR/ERVL-MaLR	2177	+	192	55161629	27797
chr16	55133832	55333832	harbor2	chr16	55167601	55168044	LTR/ERVL-MaLR	1293	+	222	55167823	33991
chr16	55133832	55333832	harbor2	chr16	55182486	55182879	LTR/ERVL-MaLR	1773	+	196	55182682	48850
chr16	55133832	55333832	harbor2	chr16	55190989	55191443	LTR/ERVL-MaLR	881	+	227	55191216	57384
chr16	55133832	55333832	harbor2	chr16	55191876	55192435	LTR/ERVL-MaLR	1912	+	280	55192156	58324
chr16	55133832	55333832	harbor2	chr16	55192866	55193180	LTR/ERVL-MaLR	1424	+	157	55193023	59191
chr16	55133832	55333832	harbor2	chr16	55196525	55196706	LTR/ERVL-MaLR	470	+	90	55196615	62783
chr16	55133832	55333832	harbor2	chr16	55196829	55197234	LTR/ERVL-MaLR	1337	+	202	55197031	63199
chr16	55133832	55333832	harbor2	chr16	55197888	55198350	LTR/ERVL-MaLR	1923	+	231	55198119	64287
chr16	55133832	55333832	harbor2	chr16	55198351	55199919	LTR/ERVL-MaLR	5037	+	784	55199135	65303
chr16	55133832	55333832	harbor2	chr16	55199931	55200378	LTR/ERVL-MaLR	2039	+	224	55200155	66323
chr16	55133832	55333832	harbor2	chr16	55203859	55204039	LTR/ERVL-MaLR	1764	+	90	55203949	70117
chr16	55133832	55333832	harbor2	chr16	55204537	55204695	LTR/ERVL-MaLR	1764	+	79	55204616	70784
chr16	55133832	55333832	harbor2	chr16	55228922	55229336	LTR/ERVL-MaLR	2518	+	207	55229129	95297
chr16	55727263	55927263	harbor2	chr16	55755089	55755370	LTR/ERVL-MaLR	801	+	140	55755229	27966
chr16	55727263	55927263	harbor2	chr16	55817100	55817483	LTR/ERVL-MaLR	979	+	192	55817292	90029
chr16	88811014	89011014	harbor2	chr16	88830292	88830441	LTR/ERVL-MaLR	475	+	74	88830366	19352
chr16	88811014	89011014	harbor2	chr16	88843478	88843802	LTR/ERVL-MaLR	617	+	162	88843640	32626
chr16	88811014	89011014	harbor2	chr16	88846148	88846313	LTR/ERVL-MaLR	547	+	82	88846230	35216
chr16	88811014	89011014	harbor2	chr16	88862432	88862720	LTR/ERVL-MaLR	703	+	144	88862576	51562
chr16	72858727	73058727	harbor2	chr16	72880271	72880583	LTR/ERVL-MaLR	752	+	156	72880427	21700
chr16	72858727	73058727	harbor2	chr16	72890100	72890465	LTR/ERVL-MaLR	2148	+	182	72890282	31555
chr16	72858727	73058727	harbor2	chr16	72899175	72899547	LTR/ERVL-MaLR	2604	+	186	72899361	40634
chr16	31252007	31452007	harbor2	chr16	31256445	31256930	LTR/ERVL-MaLR	1204	+	242	31256687	4680
chr16	31252007	31452007	harbor2	chr16	31317315	31317629	LTR/ERVL-MaLR	1537	+	157	31317472	65465
chr16	31252007	31452007	harbor2	chr16	31336034	31336303	LTR/ERVL-MaLR	626	+	134	31336168	84161
chr16	31252007	31452007	harbor2	chr16	31336479	31336837	LTR/ERVL-MaLR	814	+	179	31336658	84651
chr16	63181513	63381513	harbor2	chr16	63197348	63197560	LTR/ERVL-MaLR	903	+	106	63197454	15941
chr16	63181513	63381513	harbor2	chr16	63199418	63199557	LTR/ERVL-MaLR	844	+	70	63199488	17975
chr16	63181513	63381513	harbor2	chr16	63199806	63199969	LTR/ERVL-MaLR	844	+	82	63199888	18375
chr16	63181513	63381513	harbor2	chr16	63231950	63232101	LTR/ERVL-MaLR	695	+	76	63232026	50513
chr16	63181513	63381513	harbor2	chr16	63237027	63237631	LTR/ERVL-MaLR	1595	+	302	63237329	55816
chr16	67070755	67270755	harbor2	chr16	67071247	67071621	LTR/ERVL-MaLR	1365	+	187	67071434	679
chr16	67070755	67270755	harbor2	chr16	67157172	67157686	LTR/ERVL-MaLR	1464	+	257	67157429	86674
chr16	88190828	88390828	harbor2	chr16	88190882	88191021	LTR/ERVL-MaLR	527	+	70	88190952	124
chr16	88190828	88390828	harbor2	chr16	88191886	88192208	LTR/ERVL-MaLR	1435	+	161	88192047	1219
chr16	88190828	88390828	harbor2	chr16	88223118	88223463	LTR/ERVL-MaLR	1936	+	172	88223290	32462
chr16	88190828	88390828	harbor2	chr16	88225586	88225906	LTR/ERVL-MaLR	1067	+	160	88225746	34918
chr16	88190828	88390828	harbor2	chr16	88226196	88226328	LTR/ERVL-MaLR	442	+	66	88226262	35434
chr16	88190828	88390828	harbor2	chr16	88226354	88226600	LTR/ERVL-MaLR	470	+	123	88226477	35649
chr16	88190828	88390828	harbor2	chr16	88260712	88260948	LTR/ERVL-MaLR	619	+	118	88260830	70002
chr16	84881189	85081189	harbor2	chr16	84915456	84915584	LTR/ERVL-MaLR	555	+	64	84915520	34331
chr16	84881189	85081189	harbor2	chr16	84943843	84944353	LTR/ERVL-MaLR	1711	+	255	84944098	62909
chr16	84881189	85081189	harbor2	chr16	84945440	84945821	LTR/ERVL-MaLR	2127	+	190	84945630	64441
chr16	84881189	85081189	harbor2	chr16	84954124	84954295	LTR/ERVL-MaLR	668	+	86	84954210	73021
chr16	84881189	85081189	harbor2	chr16	84954352	84954619	LTR/ERVL-MaLR	1090	+	134	84954486	73297
chr16	84881189	85081189	harbor2	chr16	84955975	84956145	LTR/ERVL-MaLR	1654	+	85	84956060	74871
chr16	84881189	85081189	harbor2	chr16	84956401	84956413	LTR/ERVL-MaLR	1654	+	6	84956407	75218
chr16	84881189	85081189	harbor2	chr16	84956712	84957000	LTR/ERVL-MaLR	1654	+	144	84956856	75667
chr16	84881189	85081189	harbor2	chr16	84959682	84959900	LTR/ERVL-MaLR	530	+	109	84959791	78602
chr16	84881189	85081189	harbor2	chr16	84959983	84960118	LTR/ERVL-MaLR	612	+	68	84960051	78862
chr16	64417972	64617972	harbor2	chr16	64441731	64442226	LTR/ERVL-MaLR	911	+	248	64441979	24007
chr16	64417972	64617972	harbor2	chr16	64493885	64494275	LTR/ERVL-MaLR	2102	+	195	64494080	76108
chr16	77268992	77468992	harbor2	chr16	77342681	77343070	LTR/ERVL-MaLR	1728	+	194	77342875	73883
chr16	77268992	77468992	harbor2	chr16	77343374	77343482	LTR/ERVL-MaLR	1728	+	54	77343428	74436
chr16	71158240	71358240	harbor2	chr16	71161986	71162202	LTR/ERVL-MaLR	1273	+	108	71162094	3854
chr16	71158240	71358240	harbor2	chr16	71163441	71163888	LTR/ERVL-MaLR	1111	+	224	71163665	5425
chr16	71158240	71358240	harbor2	chr16	71201386	71201783	LTR/ERVL-MaLR	864	+	198	71201584	43344
chr16	71158240	71358240	harbor2	chr16	71202868	71203136	LTR/ERVL-MaLR	413	+	134	71203002	44762
chr16	71158240	71358240	harbor2	chr16	71229826	71230184	LTR/ERVL-MaLR	2502	+	179	71230005	71765
chr16	71158240	71358240	harbor2	chr16	71233490	71233886	LTR/ERVL-MaLR	2488	+	198	71233688	75448
chr16	71158240	71358240	harbor2	chr16	71236809	71237110	LTR/ERVL-MaLR	493	+	150	71236959	78719
chr16	71158240	71358240	harbor2	chr16	71237616	71237764	LTR/ERVL-MaLR	566	+	74	71237690	79450
chr16	87626676	87826676	harbor2	chr16	87653686	87653846	LTR/ERVL-MaLR	417	+	80	87653766	27090
chr16	87626676	87826676	harbor2	chr16	87678665	87679025	LTR/ERVL-MaLR	606	+	180	87678845	52169
chr16	87626676	87826676	harbor2	chr16	87682373	87682713	LTR/ERVL-MaLR	1442	+	170	87682543	55867
chr16	27088730	27288730	harbor2	chr16	27103815	27104159	LTR/ERVL-MaLR	571	+	172	27103987	15257
chr16	27088730	27288730	harbor2	chr16	27123967	27124159	LTR/ERVL-MaLR	667	+	96	27124063	35333
chr16	27088730	27288730	harbor2	chr16	27132534	27132899	LTR/ERVL-MaLR	2421	+	182	27132716	43986
chr16	27088730	27288730	harbor2	chr16	27147609	27148000	LTR/ERVL-MaLR	2295	+	196	27147805	59075
chr16	27088730	27288730	harbor2	chr16	27175982	27176193	LTR/ERVL-MaLR	848	+	106	27176088	87358
chr16	27088730	27288730	harbor2	chr16	27180299	27180431	LTR/ERVL-MaLR	664	+	66	27180365	91635
chr16	27088730	27288730	harbor2	chr16	27180742	27181021	LTR/ERVL-MaLR	1204	+	140	27180882	92152
chr16	27088730	27288730	harbor2	chr16	27182139	27182466	LTR/ERVL-MaLR	857	+	164	27182303	93573
chr16	27088730	27288730	harbor2	chr16	27185905	27186100	LTR/ERVL-MaLR	544	+	98	27186003	97273
chr16	27088730	27288730	harbor2	chr16	27164551	27164874	LTR/ERVL-MaLR	684	+	162	27164713	75983
chr16	59790577	59990577	harbor2	chr16	59851861	59852276	LTR/ERVL-MaLR	1996	+	208	59852069	61492
chr16	84296737	84496737	harbor2	chr16	84300505	84300687	LTR/ERVL-MaLR	1786	+	91	84300596	3859
chr16	84296737	84496737	harbor2	chr16	84301002	84301300	LTR/ERVL-MaLR	1786	+	149	84301151	4414
chr16	84296737	84496737	harbor2	chr16	84349634	84350173	LTR/ERVL-MaLR	2095	+	270	84349904	53167
chr16	84296737	84496737	harbor2	chr16	84391374	84391800	LTR/ERVL-MaLR	1504	+	213	84391587	94850
chr16	68557194	68757194	harbor2	chr16	68592220	68592579	LTR/ERVL-MaLR	2310	+	180	68592400	35206
chr16	68557194	68757194	harbor2	chr16	68593839	68594007	LTR/ERVL-MaLR	1795	+	84	68593923	36729
chr16	68557194	68757194	harbor2	chr16	68594304	68594465	LTR/ERVL-MaLR	1795	+	80	68594384	37190
chr16	68557194	68757194	harbor2	chr16	68605637	68606151	LTR/ERVL-MaLR	1297	+	257	68605894	48700
chr16	68557194	68757194	harbor2	chr16	68622950	68623196	LTR/ERVL-MaLR	783	+	123	68623073	65879
chr16	55829308	56029308	harbor2	chr16	55835088	55835158	LTR/ERVL-MaLR	463	+	35	55835123	5815
chr16	55829308	56029308	harbor2	chr16	55855817	55856236	LTR/ERVL-MaLR	2983	+	210	55856027	26719
chr16	55829308	56029308	harbor2	chr16	55856705	55857008	LTR/ERVL-MaLR	948	+	152	55856857	27549
chr16	55829308	56029308	harbor2	chr16	55859968	55860327	LTR/ERVL-MaLR	2703	+	180	55860148	30840
chr16	55829308	56029308	harbor2	chr16	55895324	55895771	LTR/ERVL-MaLR	1587	+	224	55895548	66240
chr16	55829308	56029308	harbor2	chr16	55895772	55896003	LTR/ERVL-MaLR	2041	+	116	55895888	66580
chr16	55829308	56029308	harbor2	chr16	55896366	55896583	LTR/ERVL-MaLR	2041	+	108	55896474	67166
chr16	55829308	56029308	harbor2	chr16	55901014	55901373	LTR/ERVL-MaLR	2713	+	180	55901194	71886
chr16	55829308	56029308	harbor2	chr16	55869088	55869466	LTR/ERVL-MaLR	1009	+	189	55869277	39969
chr16	66765186	66965186	harbor2	chr16	66804642	66804997	LTR/ERVL-MaLR	1949	+	178	66804820	39634
chr16	66765186	66965186	harbor2	chr16	66806880	66807263	LTR/ERVL-MaLR	729	+	192	66807072	41886
chr16	89401222	89601222	harbor2	chr16	89401596	89402071	LTR/ERVL-MaLR	1235	+	238	89401834	612
chr16	89401222	89601222	harbor2	chr16	89473965	89474332	LTR/ERVL-MaLR	1213	+	184	89474149	72927
chr16	89401222	89601222	harbor2	chr16	89482490	89482643	LTR/ERVL-MaLR	1205	+	76	89482566	81344
chr16	89401222	89601222	harbor2	chr16	89482796	89483058	LTR/ERVL-MaLR	1205	+	131	89482927	81705
chr16	63648030	63848030	harbor2	chr16	63676345	63676373	LTR/ERVL-MaLR	1880	+	14	63676359	28329
chr16	63648030	63848030	harbor2	chr16	63676695	63677051	LTR/ERVL-MaLR	1880	+	178	63676873	28843
chr16	63648030	63848030	harbor2	chr16	63677929	63678103	LTR/ERVL-MaLR	1183	+	87	63678016	29986
chr16	63648030	63848030	harbor2	chr16	63678144	63678303	LTR/ERVL-MaLR	1183	+	80	63678224	30194
chr16	82255839	82455839	harbor2	chr16	82257468	82257633	LTR/ERVL-MaLR	1277	+	82	82257550	1711
chr16	82255839	82455839	harbor2	chr16	82257951	82258175	LTR/ERVL-MaLR	1277	+	112	82258063	2224
chr16	82255839	82455839	harbor2	chr16	82260452	82260813	LTR/ERVL-MaLR	1906	+	180	82260632	4793
chr16	82255839	82455839	harbor2	chr16	82294166	82294397	LTR/ERVL-MaLR	853	+	116	82294282	38443
chr16	82255839	82455839	harbor2	chr16	82298174	82298609	LTR/ERVL-MaLR	1308	+	218	82298392	42553
chr16	82255839	82455839	harbor2	chr16	82312627	82313012	LTR/ERVL-MaLR	2201	+	192	82312819	56980
chr16	82255839	82455839	harbor2	chr16	82313961	82314492	LTR/ERVL-MaLR	873	+	266	82314227	58388
chr16	82255839	82455839	harbor2	chr16	82324835	82324904	LTR/ERVL-MaLR	438	+	34	82324869	69030
chr16	82255839	82455839	harbor2	chr16	82332356	82332789	LTR/ERVL-MaLR	1986	+	216	82332572	76733
chr16	82255839	82455839	harbor2	chr16	82333875	82334121	LTR/ERVL-MaLR	971	+	123	82333998	78159
chr16	82255839	82455839	harbor2	chr16	82337302	82337720	LTR/ERVL-MaLR	1688	+	209	82337511	81672
chr16	82255839	82455839	harbor2	chr16	82338305	82338326	LTR/ERVL-MaLR	1688	+	10	82338315	82476
chr16	82255839	82455839	harbor2	chr16	82350486	82350996	LTR/ERVL-MaLR	1735	+	255	82350741	94902
chr16	69708865	69908865	harbor2	chr16	69721219	69721579	LTR/ERVL-MaLR	1517	+	180	69721399	12534
chr16	71433858	71633858	harbor2	chr16	71451420	71451747	LTR/ERVL-MaLR	1687	+	164	71451584	17726
chr16	71433858	71633858	harbor2	chr16	71458479	71458886	LTR/ERVL-MaLR	1322	+	204	71458683	24825
chr16	71433858	71633858	harbor2	chr16	71464175	71464620	LTR/ERVL-MaLR	968	+	222	71464397	30539
chr16	71433858	71633858	harbor2	chr16	71471497	71471962	LTR/ERVL-MaLR	1071	+	232	71471729	37871
chr16	71433858	71633858	harbor2	chr16	71471971	71472370	LTR/ERVL-MaLR	967	+	200	71472171	38313
chr16	71433858	71633858	harbor2	chr16	71485913	71486061	LTR/ERVL-MaLR	1780	+	74	71485987	52129
chr16	71433858	71633858	harbor2	chr16	71486370	71486711	LTR/ERVL-MaLR	1780	+	170	71486540	52682
chr16	71433858	71633858	harbor2	chr16	71487123	71487502	LTR/ERVL-MaLR	2201	+	190	71487313	53455
chr16	71433858	71633858	harbor2	chr16	71498095	71498520	LTR/ERVL-MaLR	3064	+	212	71498307	64449
chr16	74683048	74883048	harbor2	chr16	74695887	74696299	LTR/ERVL-MaLR	721	+	206	74696093	13045
chr16	74683048	74883048	harbor2	chr16	74697230	74697425	LTR/ERVL-MaLR	538	+	98	74697328	14280
chr16	74683048	74883048	harbor2	chr16	74727632	74727840	LTR/ERVL-MaLR	635	+	104	74727736	44688
chr16	74683048	74883048	harbor2	chr16	74747452	74747860	LTR/ERVL-MaLR	1340	+	204	74747656	64608
chr16	74683048	74883048	harbor2	chr16	74754485	74754522	LTR/ERVL-MaLR	1403	+	18	74754503	71455
chr16	74683048	74883048	harbor2	chr16	74754828	74755165	LTR/ERVL-MaLR	1403	+	168	74754996	71948
chr16	74683048	74883048	harbor2	chr16	74767424	74767833	LTR/ERVL-MaLR	1439	+	204	74767628	84580
chr16	75805659	76005659	harbor2	chr16	75857155	75857428	LTR/ERVL-MaLR	922	+	136	75857291	51632
chr16	88536992	88736992	harbor2	chr16	88545623	88546000	LTR/ERVL-MaLR	699	+	188	88545811	8819
chr16	88536992	88736992	harbor2	chr16	88552660	88552957	LTR/ERVL-MaLR	578	+	148	88552808	15816
chr16	88536992	88736992	harbor2	chr16	88556294	88556678	LTR/ERVL-MaLR	1986	+	192	88556486	19494
chr16	88536992	88736992	harbor2	chr16	88557341	88557750	LTR/ERVL-MaLR	536	+	204	88557545	20553
chr16	78449054	78649054	harbor2	chr16	78519550	78519916	LTR/ERVL-MaLR	1570	+	183	78519733	70679
chr16	81648674	81848674	harbor2	chr16	81718194	81718373	LTR/ERVL-MaLR	943	+	90	81718284	69610
chr16	81648674	81848674	harbor2	chr16	81718683	81718962	LTR/ERVL-MaLR	943	+	140	81718823	70149
chr16	81648674	81848674	harbor2	chr16	81721505	81721873	LTR/ERVL-MaLR	2147	+	184	81721689	73015
chr16	81648674	81848674	harbor2	chr16	81743557	81743850	LTR/ERVL-MaLR	814	+	146	81743703	95029
chr16	81648674	81848674	harbor2	chr16	81744463	81744531	LTR/ERVL-MaLR	814	+	34	81744497	95823
chr16	52305392	52505392	harbor2	chr16	52315269	52315634	LTR/ERVL-MaLR	519	+	182	52315451	10059
chr16	52305392	52505392	harbor2	chr16	52332913	52333131	LTR/ERVL-MaLR	1047	+	109	52333022	27630
chr16	52305392	52505392	harbor2	chr16	52355819	52355950	LTR/ERVL-MaLR	436	+	66	52355885	50493
chr16	52305392	52505392	harbor2	chr16	52356146	52356642	LTR/ERVL-MaLR	874	+	248	52356394	51002
chr16	52305392	52505392	harbor2	chr16	52359831	52360491	LTR/ERVL-MaLR	3047	+	330	52360161	54769
chr16	52305392	52505392	harbor2	chr16	52360668	52360769	LTR/ERVL-MaLR	495	+	50	52360718	55326
chr16	52305392	52505392	harbor2	chr16	52360892	52361330	LTR/ERVL-MaLR	1757	+	219	52361111	55719
chr16	52305392	52505392	harbor2	chr16	52361337	52361732	LTR/ERVL-MaLR	1481	+	198	52361535	56143
chr16	52305392	52505392	harbor2	chr16	52364861	52365208	LTR/ERVL-MaLR	489	+	174	52365035	59643
chr16	52869549	53069549	harbor2	chr16	52887972	52888418	LTR/ERVL-MaLR	660	+	223	52888195	18646
chr16	52869549	53069549	harbor2	chr16	52909652	52909779	LTR/ERVL-MaLR	579	+	64	52909716	40167
chr16	52869549	53069549	harbor2	chr16	52910155	52910413	LTR/ERVL-MaLR	613	+	129	52910284	40735
chr16	52869549	53069549	harbor2	chr16	52919998	52920265	LTR/ERVL-MaLR	477	+	134	52920132	50583
chr16	52869549	53069549	harbor2	chr16	52925179	52925549	LTR/ERVL-MaLR	2341	+	185	52925364	55815
chr16	52869549	53069549	harbor2	chr16	52931346	52931572	LTR/ERVL-MaLR	935	+	113	52931459	61910
chr16	52869549	53069549	harbor2	chr16	52931826	52931884	LTR/ERVL-MaLR	422	+	29	52931855	62306
chr16	52869549	53069549	harbor2	chr16	52932814	52933175	LTR/ERVL-MaLR	1659	+	180	52932994	63445
chr16	52869549	53069549	harbor2	chr16	52938521	52938881	LTR/ERVL-MaLR	2549	+	180	52938701	69152
chr16	52869549	53069549	harbor2	chr16	52955514	52955876	LTR/ERVL-MaLR	2396	+	181	52955695	86146
chr16	52869549	53069549	harbor2	chr16	52956020	52956090	LTR/ERVL-MaLR	448	+	35	52956055	86506
chr16	89781562	89981562	harbor2	chr16	89798028	89798343	LTR/ERVL-MaLR	662	+	158	89798186	16624
chr16	17117083	17317083	harbor2	chr16	17129833	17130318	LTR/ERVL-MaLR	1286	+	242	17130075	12992
chr16	17117083	17317083	harbor2	chr16	17138657	17138779	LTR/ERVL-MaLR	714	+	61	17138718	21635
chr16	17117083	17317083	harbor2	chr16	17145208	17145722	LTR/ERVL-MaLR	1290	+	257	17145465	28382
chr16	17117083	17317083	harbor2	chr16	17155303	17155504	LTR/ERVL-MaLR	681	+	100	17155403	38320
chr16	17117083	17317083	harbor2	chr16	17199499	17199858	LTR/ERVL-MaLR	2175	+	180	17199679	82596
chr16	17117083	17317083	harbor2	chr16	17201023	17201090	LTR/ERVL-MaLR	876	+	34	17201057	83974
chr16	17117083	17317083	harbor2	chr16	17201234	17201475	LTR/ERVL-MaLR	876	+	120	17201354	84271
chr16	17117083	17317083	harbor2	chr16	17201774	17201933	LTR/ERVL-MaLR	876	+	80	17201854	84771
chr16	17117083	17317083	harbor2	chr16	17213015	17213407	LTR/ERVL-MaLR	2424	+	196	17213211	96128
chr16	17117083	17317083	harbor2	chr16	17214482	17214597	LTR/ERVL-MaLR	593	+	58	17214540	97457
chr16	17117083	17317083	harbor2	chr16	17214962	17215073	LTR/ERVL-MaLR	1197	+	56	17215018	97935
chr16	17117083	17317083	harbor2	chr16	17215361	17215627	LTR/ERVL-MaLR	1197	+	133	17215494	98411
chr16	59507106	59707106	harbor2	chr16	59538817	59539167	LTR/ERVL-MaLR	1394	+	175	59538992	31886
chr16	90105114	90305114	harbor2	chr16	90139768	90140085	LTR/ERVL-MaLR	1672	+	158	90139926	34812
chr16	90105114	90305114	harbor2	chr16	90150208	90150564	LTR/ERVL-MaLR	1524	+	178	90150386	45272
chr16	90105114	90305114	harbor2	chr16	90186984	90187364	LTR/ERVL-MaLR	2211	+	190	90187174	82060
chr16	89449441	89649441	harbor2	chr16	89473965	89474332	LTR/ERVL-MaLR	1213	+	184	89474149	24708
chr16	89449441	89649441	harbor2	chr16	89482490	89482643	LTR/ERVL-MaLR	1205	+	76	89482566	33125
chr16	89449441	89649441	harbor2	chr16	89482796	89483058	LTR/ERVL-MaLR	1205	+	131	89482927	33486
chr16	76155645	76355645	harbor2	chr16	76214796	76215122	LTR/ERVL-MaLR	1128	+	163	76214959	59314
chr16	76155645	76355645	harbor2	chr16	76215401	76215531	LTR/ERVL-MaLR	1128	+	65	76215466	59821
chr16	76155645	76355645	harbor2	chr16	76228980	76229340	LTR/ERVL-MaLR	2207	+	180	76229160	73515
chr16	76155645	76355645	harbor2	chr16	76248011	76248445	LTR/ERVL-MaLR	2503	+	217	76248228	92583
chr16	76155645	76355645	harbor2	chr16	76249139	76249279	LTR/ERVL-MaLR	880	+	70	76249209	93564
chr16	76155645	76355645	harbor2	chr16	76255472	76255728	LTR/ERVL-MaLR	1333	+	128	76255600	99955
chr16	89983185	90183185	harbor2	chr16	90053820	90054056	LTR/ERVL-MaLR	1410	+	118	90053938	70753
chr16	89983185	90183185	harbor2	chr16	90054057	90055622	LTR/ERVL-MaLR	9753	+	782	90054839	71654
chr16	89983185	90183185	harbor2	chr16	90055623	90056039	LTR/ERVL-MaLR	2704	+	208	90055831	72646
chr16	89983185	90183185	harbor2	chr16	90070158	90070310	LTR/ERVL-MaLR	1199	+	76	90070234	87049
chr16	89983185	90183185	harbor2	chr16	90070591	90070854	LTR/ERVL-MaLR	1199	+	132	90070723	87538
chr16	47907362	48107362	harbor2	chr16	47921931	47922297	LTR/ERVL-MaLR	1244	+	183	47922114	14752
chr16	47907362	48107362	harbor2	chr16	48003310	48003780	LTR/ERVL-MaLR	448	+	235	48003545	96183
chr16	67732481	67932481	harbor2	chr16	67752120	67752521	LTR/ERVL-MaLR	1015	+	200	67752320	19839
chr16	67732481	67932481	harbor2	chr16	67766365	67766751	LTR/ERVL-MaLR	1805	+	193	67766558	34077
chr16	67732481	67932481	harbor2	chr16	67772928	67773050	LTR/ERVL-MaLR	731	+	61	67772989	40508
chr16	67732481	67932481	harbor2	chr16	67773051	67773461	LTR/ERVL-MaLR	2214	+	205	67773256	40775
chr16	12748454	12948454	harbor2	chr16	12753168	12753232	LTR/ERVL-MaLR	416	+	32	12753200	4746
chr16	12748454	12948454	harbor2	chr16	12759549	12759903	LTR/ERVL-MaLR	1820	+	177	12759726	11272
chr16	12748454	12948454	harbor2	chr16	12774608	12774817	LTR/ERVL-MaLR	2741	+	104	12774712	26258
chr16	12748454	12948454	harbor2	chr16	12775117	12775360	LTR/ERVL-MaLR	2741	+	122	12775239	26785
chr16	12748454	12948454	harbor2	chr16	12775939	12776387	LTR/ERVL-MaLR	1817	+	224	12776163	27709
chr16	12748454	12948454	harbor2	chr16	12776407	12776639	LTR/ERVL-MaLR	2159	+	116	12776523	28069
chr16	12748454	12948454	harbor2	chr16	12776928	12777063	LTR/ERVL-MaLR	2159	+	68	12776996	28542
chr16	12748454	12948454	harbor2	chr16	12780478	12780806	LTR/ERVL-MaLR	663	+	164	12780642	32188
chr16	12748454	12948454	harbor2	chr16	12783960	12784476	LTR/ERVL-MaLR	2161	+	258	12784218	35764
chr16	12748454	12948454	harbor2	chr16	12792570	12792932	LTR/ERVL-MaLR	2885	+	181	12792751	44297
chr16	12748454	12948454	harbor2	chr16	12816515	12816670	LTR/ERVL-MaLR	460	+	78	12816593	68139
chr16	12748454	12948454	harbor2	chr16	12817738	12817871	LTR/ERVL-MaLR	888	+	66	12817804	69350
chr16	12748454	12948454	harbor2	chr16	12818459	12818642	LTR/ERVL-MaLR	888	+	92	12818551	70097
chr16	12748454	12948454	harbor2	chr16	12826618	12826976	LTR/ERVL-MaLR	2243	+	179	12826797	78343
chr16	12748454	12948454	harbor2	chr16	12836324	12836555	LTR/ERVL-MaLR	792	+	116	12836440	87986
chr16	12748454	12948454	harbor2	chr16	12836898	12837138	LTR/ERVL-MaLR	978	+	120	12837018	88564
chr16	12748454	12948454	harbor2	chr16	12837139	12837188	LTR/ERVL-MaLR	1520	+	24	12837163	88709
chr16	12748454	12948454	harbor2	chr16	12837501	12837778	LTR/ERVL-MaLR	1520	+	138	12837639	89185
chr16	12748454	12948454	harbor2	chr16	12837815	12838198	LTR/ERVL-MaLR	1981	+	192	12838007	89553
chr16	12748454	12948454	harbor2	chr16	12838494	12838959	LTR/ERVL-MaLR	1793	+	232	12838726	90272
chr16	12748454	12948454	harbor2	chr16	12839256	12839507	LTR/ERVL-MaLR	1793	+	126	12839382	90928
chr16	64840019	65040019	harbor2	chr16	64904972	64905298	LTR/ERVL-MaLR	1148	+	163	64905135	65116
chr16	64840019	65040019	harbor2	chr16	64905593	64905691	LTR/ERVL-MaLR	1148	+	49	64905642	65623
chr16	82505647	82705647	harbor2	chr16	82507775	82508339	LTR/ERVL-MaLR	1787	+	282	82508057	2410
chr16	82505647	82705647	harbor2	chr16	82514863	82515126	LTR/ERVL-MaLR	1439	+	132	82514995	9348
chr16	82505647	82705647	harbor2	chr16	82515129	82515603	LTR/ERVL-MaLR	1841	+	237	82515366	9719
chr16	82505647	82705647	harbor2	chr16	82519482	82519947	LTR/ERVL-MaLR	2421	+	232	82519714	14067
chr16	82505647	82705647	harbor2	chr16	82557063	82557443	LTR/ERVL-MaLR	2202	+	190	82557253	51606
chr16	82505647	82705647	harbor2	chr16	82559034	82559411	LTR/ERVL-MaLR	2365	+	188	82559222	53575
chr16	82505647	82705647	harbor2	chr16	82588606	82589048	LTR/ERVL-MaLR	1187	+	221	82588827	83180
chr16	82505647	82705647	harbor2	chr16	82597426	82597853	LTR/ERVL-MaLR	1808	+	214	82597640	91993
chr16	82505647	82705647	harbor2	chr16	82600404	82600759	LTR/ERVL-MaLR	1410	+	178	82600582	94935
chr16	82505647	82705647	harbor2	chr16	82601158	82601537	LTR/ERVL-MaLR	773	+	190	82601348	95701
chr16	82505647	82705647	harbor2	chr16	82603669	82604112	LTR/ERVL-MaLR	1283	+	222	82603891	98244
chr16	82505647	82705647	harbor2	chr16	82557446	82559033	LTR/ERVL-MaLR	10078	+	794	82558240	52593
chr16	73581244	73781244	harbor2	chr16	73597421	73597859	LTR/ERVL-MaLR	1841	+	219	73597640	16396
chr16	73581244	73781244	harbor2	chr16	73647307	73647657	LTR/ERVL-MaLR	1547	+	175	73647482	66238
chr16	73581244	73781244	harbor2	chr16	73674552	73674753	LTR/ERVL-MaLR	581	+	100	73674652	93408
chr16	73581244	73781244	harbor2	chr16	73674786	73675022	LTR/ERVL-MaLR	512	+	118	73674904	93660
chr16	74422183	74622183	harbor2	chr16	74425242	74425580	LTR/ERVL-MaLR	1936	+	169	74425411	3228
chr16	74422183	74622183	harbor2	chr16	74436515	74436901	LTR/ERVL-MaLR	2085	+	193	74436708	14525
chr16	89347997	89547997	harbor2	chr16	89364266	89364406	LTR/ERVL-MaLR	434	+	70	89364336	16339
chr16	89347997	89547997	harbor2	chr16	89401596	89402071	LTR/ERVL-MaLR	1235	+	238	89401834	53837
chr16	83009664	83209664	harbor2	chr16	83056655	83056960	LTR/ERVL-MaLR	2617	+	152	83056807	47143
chr16	83009664	83209664	harbor2	chr16	83057261	83057306	LTR/ERVL-MaLR	2617	+	22	83057283	47619
chr16	83009664	83209664	harbor2	chr16	83101883	83102342	LTR/ERVL-MaLR	2293	+	230	83102113	92449
chr16	84324346	84524346	harbor2	chr16	84349634	84350173	LTR/ERVL-MaLR	2095	+	270	84349904	25558
chr16	84324346	84524346	harbor2	chr16	84391374	84391800	LTR/ERVL-MaLR	1504	+	213	84391587	67241
chr16	80197618	80397618	harbor2	chr16	80203023	80203284	LTR/ERVL-MaLR	500	+	130	80203153	5535
chr16	80197618	80397618	harbor2	chr16	80218592	80218695	LTR/ERVL-MaLR	813	+	52	80218644	21026
chr16	80197618	80397618	harbor2	chr16	80218734	80218946	LTR/ERVL-MaLR	813	+	106	80218840	21222
chr16	80197618	80397618	harbor2	chr16	80219125	80219489	LTR/ERVL-MaLR	2470	+	182	80219307	21689
chr16	80197618	80397618	harbor2	chr16	80226289	80226820	LTR/ERVL-MaLR	795	+	266	80226555	28937
chr16	80197618	80397618	harbor2	chr16	80226821	80227730	LTR/ERVL-MaLR	2048	+	454	80227275	29657
chr16	80197618	80397618	harbor2	chr16	80227898	80228311	LTR/ERVL-MaLR	1156	+	206	80228104	30486
chr16	80197618	80397618	harbor2	chr16	80256773	80257159	LTR/ERVL-MaLR	2138	+	193	80256966	59348
chr16	80197618	80397618	harbor2	chr16	80271259	80271639	LTR/ERVL-MaLR	1182	+	190	80271449	73831
chr16	80197618	80397618	harbor2	chr16	80272738	80273217	LTR/ERVL-MaLR	1656	+	240	80272978	75360
chr16	80197618	80397618	harbor2	chr16	80276769	80277215	LTR/ERVL-MaLR	2029	+	223	80276992	79374
chr16	51091425	51291425	harbor2	chr16	51099164	51099540	LTR/ERVL-MaLR	2461	+	188	51099352	7927
chr16	51091425	51291425	harbor2	chr16	51101175	51101531	LTR/ERVL-MaLR	2106	+	178	51101353	9928
chr16	51091425	51291425	harbor2	chr16	51109075	51109206	LTR/ERVL-MaLR	502	+	66	51109141	17716
chr16	51091425	51291425	harbor2	chr16	51126744	51127126	LTR/ERVL-MaLR	1535	+	191	51126935	35510
chr16	51091425	51291425	harbor2	chr16	51175741	51176121	LTR/ERVL-MaLR	2200	+	190	51175931	84506
chr16	51091425	51291425	harbor2	chr16	51180577	51181144	LTR/ERVL-MaLR	1933	+	284	51180861	89436
chr16	51091425	51291425	harbor2	chr16	51182410	51182779	LTR/ERVL-MaLR	822	+	184	51182594	91169
chr16	75062971	75262971	harbor2	chr16	75076668	75077046	LTR/ERVL-MaLR	1472	+	189	75076857	13886
chr16	75062971	75262971	harbor2	chr16	75138503	75138920	LTR/ERVL-MaLR	1406	+	208	75138711	75740
chr16	80687316	80887316	harbor2	chr16	80698498	80698899	LTR/ERVL-MaLR	2278	+	200	80698698	11382
chr16	80687316	80887316	harbor2	chr16	80708187	80708540	LTR/ERVL-MaLR	2381	+	176	80708363	21047
chr16	80687316	80887316	harbor2	chr16	80713598	80714113	LTR/ERVL-MaLR	2104	+	258	80713856	26540
chr16	65614012	65814012	harbor2	chr16	65616748	65617127	LTR/ERVL-MaLR	1085	+	190	65616938	2926
chr16	65614012	65814012	harbor2	chr16	65646689	65646987	LTR/ERVL-MaLR	517	+	149	65646838	32826
chr16	65614012	65814012	harbor2	chr16	65671875	65672371	LTR/ERVL-MaLR	959	+	248	65672123	58111
chr16	65614012	65814012	harbor2	chr16	65700317	65700861	LTR/ERVL-MaLR	1618	+	272	65700589	86577
chr16	65614012	65814012	harbor2	chr16	65703712	65703775	LTR/ERVL-MaLR	1676	+	32	65703744	89732
chr16	65614012	65814012	harbor2	chr16	65704088	65704298	LTR/ERVL-MaLR	1676	+	105	65704193	90181
chr16	65614012	65814012	harbor2	chr16	65711359	65711497	LTR/ERVL-MaLR	1028	+	69	65711428	97416
chr16	65614012	65814012	harbor2	chr16	65711498	65711861	LTR/ERVL-MaLR	2588	+	182	65711680	97668
chr16	65614012	65814012	harbor2	chr16	65711862	65712142	LTR/ERVL-MaLR	1028	+	140	65712002	97990
chr16	65614012	65814012	harbor2	chr16	65712308	65712430	LTR/ERVL-MaLR	476	+	61	65712369	98357
chr16	87508778	87708778	harbor2	chr16	87520280	87520479	LTR/ERVL-MaLR	530	+	100	87520380	11602
chr16	87508778	87708778	harbor2	chr16	87529297	87529619	LTR/ERVL-MaLR	717	+	161	87529458	20680
chr16	87508778	87708778	harbor2	chr16	87534621	87535034	LTR/ERVL-MaLR	2147	+	206	87534827	26049
chr16	87508778	87708778	harbor2	chr16	87536826	87537192	LTR/ERVL-MaLR	2278	+	183	87537009	28231
chr16	87508778	87708778	harbor2	chr16	87544286	87544695	LTR/ERVL-MaLR	1661	+	204	87544490	35712
chr16	87508778	87708778	harbor2	chr16	87551577	87551799	LTR/ERVL-MaLR	969	+	111	87551688	42910
chr16	87508778	87708778	harbor2	chr16	87551970	87552100	LTR/ERVL-MaLR	432	+	65	87552035	43257
chr16	87508778	87708778	harbor2	chr16	87553784	87554112	LTR/ERVL-MaLR	1769	+	164	87553948	45170
chr16	87508778	87708778	harbor2	chr16	87566282	87566326	LTR/ERVL-MaLR	2067	+	22	87566304	57526
chr16	87508778	87708778	harbor2	chr16	87566635	87566983	LTR/ERVL-MaLR	2067	+	174	87566809	58031
chr16	87508778	87708778	harbor2	chr16	87598506	87598677	LTR/ERVL-MaLR	701	+	86	87598592	89814
chr16	65594336	65794336	harbor2	chr16	65596615	65596938	LTR/ERVL-MaLR	1837	+	162	65596777	2441
chr16	65594336	65794336	harbor2	chr16	65597018	65597434	LTR/ERVL-MaLR	2091	+	208	65597226	2890
chr16	65594336	65794336	harbor2	chr16	65616748	65617127	LTR/ERVL-MaLR	1085	+	190	65616938	22602
chr16	65594336	65794336	harbor2	chr16	65646689	65646987	LTR/ERVL-MaLR	517	+	149	65646838	52502
chr16	65594336	65794336	harbor2	chr16	65671875	65672371	LTR/ERVL-MaLR	959	+	248	65672123	77787
chr16	82125554	82325554	harbor2	chr16	82130395	82130553	LTR/ERVL-MaLR	840	+	79	82130474	4920
chr16	82125554	82325554	harbor2	chr16	82172010	82172395	LTR/ERVL-MaLR	1599	+	192	82172202	46648
chr16	82125554	82325554	harbor2	chr16	82185309	82185897	LTR/ERVL-MaLR	1363	+	294	82185603	60049
chr16	82125554	82325554	harbor2	chr16	82187053	82187438	LTR/ERVL-MaLR	2257	+	192	82187245	61691
chr16	82125554	82325554	harbor2	chr16	82213324	82213809	LTR/ERVL-MaLR	2157	+	242	82213566	88012
chr16	82125554	82325554	harbor2	chr16	82214332	82214708	LTR/ERVL-MaLR	2750	+	188	82214520	88966
chr16	82125554	82325554	harbor2	chr16	82222679	82223098	LTR/ERVL-MaLR	2496	+	210	82222889	97335
chr16	64645605	64845605	harbor2	chr16	64657555	64657908	LTR/ERVL-MaLR	1664	+	176	64657731	12126
chr16	64645605	64845605	harbor2	chr16	64673557	64673980	LTR/ERVL-MaLR	1075	+	212	64673769	28164
chr16	64645605	64845605	harbor2	chr16	64695509	64695958	LTR/ERVL-MaLR	683	+	224	64695733	50128
chr16	64645605	64845605	harbor2	chr16	64707441	64707669	LTR/ERVL-MaLR	546	+	114	64707555	61950
chr16	64645605	64845605	harbor2	chr16	64707766	64707870	LTR/ERVL-MaLR	496	+	52	64707818	62213
chr16	64645605	64845605	harbor2	chr16	64708359	64708736	LTR/ERVL-MaLR	1172	+	188	64708547	62942
chr16	64645605	64845605	harbor2	chr16	64737647	64738068	LTR/ERVL-MaLR	1713	+	210	64737857	92252
chr16	20689644	20889644	harbor2	chr16	20694695	20695047	LTR/ERVL-MaLR	2003	+	176	20694871	5227
chr16	20689644	20889644	harbor2	chr16	20750298	20750696	LTR/ERVL-MaLR	699	+	199	20750497	60853
chr16	71971474	72171474	harbor2	chr16	72041364	72041642	LTR/ERVL-MaLR	487	+	139	72041503	70029
chr16	50305798	50505798	harbor2	chr16	50343166	50343333	LTR/ERVL-MaLR	971	+	84	50343250	37452
chr16	50305798	50505798	harbor2	chr16	50349438	50349654	LTR/ERVL-MaLR	1146	+	108	50349546	43748
chr16	50305798	50505798	harbor2	chr16	50363686	50363773	LTR/ERVL-MaLR	562	+	44	50363730	57932
chr16	50305798	50505798	harbor2	chr16	50364084	50364215	LTR/ERVL-MaLR	562	+	66	50364150	58352
chr16	50305798	50505798	harbor2	chr16	50370974	50371412	LTR/ERVL-MaLR	1214	+	219	50371193	65395
chr16	50305798	50505798	harbor2	chr16	50382576	50383071	LTR/ERVL-MaLR	928	+	248	50382824	77026
chr16	50305798	50505798	harbor2	chr16	50394507	50394879	LTR/ERVL-MaLR	613	+	186	50394693	88895
chr16	50305798	50505798	harbor2	chr16	50394912	50395053	LTR/ERVL-MaLR	613	+	70	50394982	89184
chr16	90099264	90299264	harbor2	chr16	90139768	90140085	LTR/ERVL-MaLR	1672	+	158	90139926	40662
chr16	90099264	90299264	harbor2	chr16	90150208	90150564	LTR/ERVL-MaLR	1524	+	178	90150386	51122
chr16	90099264	90299264	harbor2	chr16	90186984	90187364	LTR/ERVL-MaLR	2211	+	190	90187174	87910
chr16	74506532	74706532	harbor2	chr16	74568112	74568332	LTR/ERVL-MaLR	476	+	110	74568222	61690
chr16	74506532	74706532	harbor2	chr16	74570999	74571390	LTR/ERVL-MaLR	736	+	196	74571195	64663
chr16	74506532	74706532	harbor2	chr16	74592828	74593218	LTR/ERVL-MaLR	2089	+	195	74593023	86491
chr16	78399454	78599454	harbor2	chr16	78409941	78410317	LTR/ERVL-MaLR	1931	+	188	78410129	10675
chr16	83057426	83257426	harbor2	chr16	83101883	83102342	LTR/ERVL-MaLR	2293	+	230	83102113	44687
chr16	83057426	83257426	harbor2	chr16	83152701	83153001	LTR/ERVL-MaLR	2416	+	150	83152851	95425
chr16	83057426	83257426	harbor2	chr16	83153678	83153853	LTR/ERVL-MaLR	2416	+	88	83153766	96340
chr16	83057426	83257426	harbor2	chr16	83154039	83154274	LTR/ERVL-MaLR	519	+	118	83154157	96731
chr16	83057426	83257426	harbor2	chr16	83154581	83154662	LTR/ERVL-MaLR	519	+	40	83154621	97195
chr16	73133967	73333967	harbor2	chr16	73134706	73135068	LTR/ERVL-MaLR	809	+	181	73134887	920
chr16	73133967	73333967	harbor2	chr16	73159326	73159531	LTR/ERVL-MaLR	545	+	102	73159428	25461
chr16	73133967	73333967	harbor2	chr16	73200940	73201489	LTR/ERVL-MaLR	1443	+	274	73201214	67247
chr16	27295733	27495733	harbor2	chr16	27328957	27329355	LTR/ERVL-MaLR	2336	+	199	27329156	33423
chr16	27295733	27495733	harbor2	chr16	27338552	27338833	LTR/ERVL-MaLR	1244	+	140	27338692	42959
chr16	27295733	27495733	harbor2	chr16	27370608	27371103	LTR/ERVL-MaLR	2077	+	248	27370856	75123
chr16	27295733	27495733	harbor2	chr16	27375088	27375598	LTR/ERVL-MaLR	1144	+	255	27375343	79610
chr16	27295733	27495733	harbor2	chr16	27375911	27375964	LTR/ERVL-MaLR	1144	+	26	27375937	80204
chr16	27295733	27495733	harbor2	chr16	27380605	27380966	LTR/ERVL-MaLR	2272	+	180	27380785	85052
chr16	82951413	83151413	harbor2	chr16	82962042	82962477	LTR/ERVL-MaLR	1174	+	218	82962260	10847
chr16	82951413	83151413	harbor2	chr16	82974487	82974925	LTR/ERVL-MaLR	1454	+	219	82974706	23293
chr16	82951413	83151413	harbor2	chr16	82977367	82977706	LTR/ERVL-MaLR	2425	+	170	82977537	26124
chr16	82951413	83151413	harbor2	chr16	82977707	82979367	LTR/ERVL-MaLR	10417	+	830	82978537	27124
chr16	82951413	83151413	harbor2	chr16	82979369	82979739	LTR/ERVL-MaLR	2468	+	185	82979554	28141
chr16	82951413	83151413	harbor2	chr16	82985676	82986100	LTR/ERVL-MaLR	2682	+	212	82985888	34475
chr16	82951413	83151413	harbor2	chr16	82995264	82995623	LTR/ERVL-MaLR	786	+	180	82995444	44031
chr16	82951413	83151413	harbor2	chr16	83002086	83002533	LTR/ERVL-MaLR	1360	+	224	83002310	50897
chr16	82613937	82813937	harbor2	chr16	82635717	82636091	LTR/ERVL-MaLR	1918	+	187	82635904	21967
chr16	82613937	82813937	harbor2	chr16	82647830	82648193	LTR/ERVL-MaLR	2465	+	182	82648012	34075
chr16	82613937	82813937	harbor2	chr16	82692826	82693324	LTR/ERVL-MaLR	986	+	249	82693075	79138
chr16	10565624	10765624	harbor2	chr16	10583397	10583529	LTR/ERVL-MaLR	446	+	66	10583463	17839
chr16	10565624	10765624	harbor2	chr16	10584239	10584331	LTR/ERVL-MaLR	535	+	46	10584285	18661
chr16	10565624	10765624	harbor2	chr16	10587625	10587796	LTR/ERVL-MaLR	459	+	86	10587711	22087
chr16	10565624	10765624	harbor2	chr16	10603908	10604331	LTR/ERVL-MaLR	1696	+	212	10604120	38496
chr16	10565624	10765624	harbor2	chr16	10607398	10607728	LTR/ERVL-MaLR	1967	+	165	10607563	41939
chr16	10565624	10765624	harbor2	chr16	10631500	10631955	LTR/ERVL-MaLR	1624	+	228	10631728	66104
chr16	10565624	10765624	harbor2	chr16	10634541	10635043	LTR/ERVL-MaLR	1791	+	251	10634792	69168
chr16	10565624	10765624	harbor2	chr16	10644834	10645163	LTR/ERVL-MaLR	1487	+	164	10644998	79374
chr16	10565624	10765624	harbor2	chr16	10655540	10655973	LTR/ERVL-MaLR	1271	+	216	10655756	90132
chr16	51621469	51821469	harbor2	chr16	51625491	51625582	LTR/ERVL-MaLR	487	+	46	51625537	4068
chr16	51621469	51821469	harbor2	chr16	51626893	51627275	LTR/ERVL-MaLR	2168	+	191	51627084	5615
chr16	51621469	51821469	harbor2	chr16	51628748	51629117	LTR/ERVL-MaLR	650	+	184	51628932	7463
chr16	51621469	51821469	harbor2	chr16	51664686	51665047	LTR/ERVL-MaLR	2871	+	180	51664866	43397
chr16	51621469	51821469	harbor2	chr16	51704231	51704389	LTR/ERVL-MaLR	1693	+	79	51704310	82841
chr16	51621469	51821469	harbor2	chr16	51704702	51704937	LTR/ERVL-MaLR	1693	+	118	51704820	83351
chr16	51621469	51821469	harbor2	chr16	51713143	51713531	LTR/ERVL-MaLR	2396	+	194	51713337	91868
chr16	51621469	51821469	harbor2	chr16	51714392	51714769	LTR/ERVL-MaLR	894	+	188	51714580	93111
chr16	51621469	51821469	harbor2	chr16	51719401	51719811	LTR/ERVL-MaLR	996	+	205	51719606	98137
chr16	64909815	65109815	harbor2	chr16	64990907	64991414	LTR/ERVL-MaLR	772	+	254	64991161	81346
chr16	64909815	65109815	harbor2	chr16	65006715	65006993	LTR/ERVL-MaLR	1727	+	139	65006854	97039
chr16	77612590	77812590	harbor2	chr16	77614063	77614481	LTR/ERVL-MaLR	2772	+	209	77614272	1682
chr16	77612590	77812590	harbor2	chr16	77626964	77627307	LTR/ERVL-MaLR	1916	+	172	77627136	14546
chr16	77612590	77812590	harbor2	chr16	77628249	77628632	LTR/ERVL-MaLR	1093	+	192	77628441	15851
chr16	77612590	77812590	harbor2	chr16	77631825	77632196	LTR/ERVL-MaLR	2633	+	186	77632011	19421
chr16	77612590	77812590	harbor2	chr16	77636438	77636631	LTR/ERVL-MaLR	680	+	96	77636534	23944
chr16	77612590	77812590	harbor2	chr16	77636938	77637240	LTR/ERVL-MaLR	680	+	151	77637089	24499
chr16	77612590	77812590	harbor2	chr16	77638806	77639155	LTR/ERVL-MaLR	1817	+	174	77638980	26390
chr16	77612590	77812590	harbor2	chr16	77639603	77640103	LTR/ERVL-MaLR	2149	+	250	77639853	27263
chr16	77612590	77812590	harbor2	chr16	77648478	77648727	LTR/ERVL-MaLR	1437	+	124	77648602	36012
chr16	77612590	77812590	harbor2	chr16	77656915	77657359	LTR/ERVL-MaLR	1251	+	222	77657137	44547
chr16	77612590	77812590	harbor2	chr16	77657730	77657790	LTR/ERVL-MaLR	1251	+	30	77657760	45170
chr16	77612590	77812590	harbor2	chr16	77659019	77659144	LTR/ERVL-MaLR	719	+	62	77659081	46491
chr16	77612590	77812590	harbor2	chr16	77667103	77667520	LTR/ERVL-MaLR	2527	+	208	77667311	54721
chr16	77612590	77812590	harbor2	chr16	77670222	77670335	LTR/ERVL-MaLR	1119	+	56	77670278	57688
chr16	77612590	77812590	harbor2	chr16	77670634	77670929	LTR/ERVL-MaLR	1119	+	148	77670782	58192
chr16	77612590	77812590	harbor2	chr16	77697087	77697573	LTR/ERVL-MaLR	1900	+	243	77697330	84740
chr16	77612590	77812590	harbor2	chr16	77701733	77702107	LTR/ERVL-MaLR	1485	+	187	77701920	89330
chr16	77612590	77812590	harbor2	chr16	77702422	77702490	LTR/ERVL-MaLR	1485	+	34	77702456	89866
chr16	83433773	83633773	harbor2	chr16	83468115	83468524	LTR/ERVL-MaLR	1030	+	204	83468319	34546
chr16	83433773	83633773	harbor2	chr16	83475262	83475559	LTR/ERVL-MaLR	416	+	148	83475410	41637
chr16	83433773	83633773	harbor2	chr16	83502085	83502559	LTR/ERVL-MaLR	1905	+	237	83502322	68549
chr16	83433773	83633773	harbor2	chr16	83506566	83507055	LTR/ERVL-MaLR	2133	+	244	83506810	73037
chr16	83433773	83633773	harbor2	chr16	83514214	83514361	LTR/ERVL-MaLR	1505	+	74	83514288	80515
chr16	83433773	83633773	harbor2	chr16	83514664	83514954	LTR/ERVL-MaLR	1505	+	145	83514809	81036
chr16	83433773	83633773	harbor2	chr16	83517978	83518145	LTR/ERVL-MaLR	2327	+	84	83518062	84289
chr16	83433773	83633773	harbor2	chr16	83518445	83518460	LTR/ERVL-MaLR	2327	+	8	83518453	84680
chr16	83433773	83633773	harbor2	chr16	83518771	83518985	LTR/ERVL-MaLR	2327	+	107	83518878	85105
chr16	83433773	83633773	harbor2	chr16	83531345	83531471	LTR/ERVL-MaLR	674	+	63	83531408	97635
chr16	83433773	83633773	harbor2	chr16	83531472	83531594	LTR/ERVL-MaLR	544	+	61	83531533	97760
chr16	83433773	83633773	harbor2	chr16	83531685	83531904	LTR/ERVL-MaLR	968	+	110	83531795	98022
chr16	83433773	83633773	harbor2	chr16	83531906	83532264	LTR/ERVL-MaLR	2381	+	179	83532085	98312
chr16	83433773	83633773	harbor2	chr16	83525606	83526103	LTR/ERVL-MaLR	1605	+	248	83525854	92081
chr16	79614129	79814129	harbor2	chr16	79647749	79648260	LTR/ERVL-MaLR	929	+	256	79648005	33876
chr16	79614129	79814129	harbor2	chr16	79655567	79656049	LTR/ERVL-MaLR	1619	+	241	79655808	41679
chr16	79614129	79814129	harbor2	chr16	79701904	79702553	LTR/ERVL-MaLR	2048	+	324	79702228	88099
chr16	79614129	79814129	harbor2	chr16	79710130	79710500	LTR/ERVL-MaLR	2614	+	185	79710315	96186
chr16	79614129	79814129	harbor2	chr16	79713631	79714203	LTR/ERVL-MaLR	1990	+	286	79713917	99788
chr16	68483543	68683543	harbor2	chr16	68505614	68505832	LTR/ERVL-MaLR	417	+	109	68505723	22180
chr16	67349501	67549501	harbor2	chr16	67419704	67420186	LTR/ERVL-MaLR	2371	+	241	67419945	70444
chr16	86233989	86433989	harbor2	chr16	86249153	86249509	LTR/ERVL-MaLR	2151	+	178	86249331	15342
chr16	86233989	86433989	harbor2	chr16	86252454	86252759	LTR/ERVL-MaLR	925	+	152	86252606	18617
chr16	86233989	86433989	harbor2	chr16	86260960	86261077	LTR/ERVL-MaLR	461	+	58	86261018	27029
chr16	86233989	86433989	harbor2	chr16	86261140	86261336	LTR/ERVL-MaLR	567	+	98	86261238	27249
chr16	86233989	86433989	harbor2	chr16	86261460	86261612	LTR/ERVL-MaLR	428	+	76	86261536	27547
chr16	86233989	86433989	harbor2	chr16	86272865	86272952	LTR/ERVL-MaLR	416	+	44	86272909	38920
chr16	86233989	86433989	harbor2	chr16	86283006	86283515	LTR/ERVL-MaLR	702	+	254	86283260	49271
chr16	86233989	86433989	harbor2	chr16	86325078	86325383	LTR/ERVL-MaLR	580	+	152	86325230	91241
chr16	86233989	86433989	harbor2	chr16	86325625	86325839	LTR/ERVL-MaLR	555	+	107	86325732	91743
chr16	61692513	61892513	harbor2	chr16	61692777	61693268	LTR/ERVL-MaLR	996	+	246	61693023	510
chr16	61692513	61892513	harbor2	chr16	61757485	61757939	LTR/ERVL-MaLR	890	+	227	61757712	65199
chr16	61692513	61892513	harbor2	chr16	61757940	61758410	LTR/ERVL-MaLR	1470	+	235	61758175	65662
chr16	61692513	61892513	harbor2	chr16	61758695	61758893	LTR/ERVL-MaLR	1470	+	99	61758794	66281
chr16	61692513	61892513	harbor2	chr16	61759022	61759354	LTR/ERVL-MaLR	1470	+	166	61759188	66675
chr16	61692513	61892513	harbor2	chr16	61759452	61759686	LTR/ERVL-MaLR	594	+	117	61759569	67056
chr16	61692513	61892513	harbor2	chr16	61760060	61760270	LTR/ERVL-MaLR	576	+	105	61760165	67652
chr16	61692513	61892513	harbor2	chr16	61775466	61775934	LTR/ERVL-MaLR	494	+	234	61775700	83187
chr16	74990404	75190404	harbor2	chr16	75076668	75077046	LTR/ERVL-MaLR	1472	+	189	75076857	86453
chr16	58071046	58271046	harbor2	chr16	58071136	58071414	LTR/ERVL-MaLR	1205	+	139	58071275	229
chr16	58071046	58271046	harbor2	chr16	58072127	58072495	LTR/ERVL-MaLR	2328	+	184	58072311	1265
chr16	58071046	58271046	harbor2	chr16	58073376	58073567	LTR/ERVL-MaLR	1059	+	96	58073472	2426
chr16	58071046	58271046	harbor2	chr16	58073862	58074105	LTR/ERVL-MaLR	1059	+	122	58073984	2938
chr16	58071046	58271046	harbor2	chr16	58074875	58075050	LTR/ERVL-MaLR	5167	+	88	58074963	3917
chr16	58071046	58271046	harbor2	chr16	58075086	58075108	LTR/ERVL-MaLR	5167	+	11	58075097	4051
chr16	58071046	58271046	harbor2	chr16	58075708	58075863	LTR/ERVL-MaLR	5167	+	78	58075786	4740
chr16	58071046	58271046	harbor2	chr16	58076175	58077191	LTR/ERVL-MaLR	5167	+	508	58076683	5637
chr16	58071046	58271046	harbor2	chr16	58077490	58077569	LTR/ERVL-MaLR	5167	+	40	58077530	6484
chr16	58071046	58271046	harbor2	chr16	58077570	58077966	LTR/ERVL-MaLR	944	+	198	58077768	6722
chr16	58071046	58271046	harbor2	chr16	58138175	58138588	LTR/ERVL-MaLR	2650	+	206	58138381	67335
chr16	58071046	58271046	harbor2	chr16	58146405	58146601	LTR/ERVL-MaLR	2439	+	98	58146503	75457
chr16	58071046	58271046	harbor2	chr16	58146908	58147133	LTR/ERVL-MaLR	2439	+	112	58147020	75974
chr16	86864969	87064969	harbor2	chr16	86871220	86871433	LTR/ERVL-MaLR	1175	+	106	86871326	6357
chr16	86864969	87064969	harbor2	chr16	86871559	86871806	LTR/ERVL-MaLR	1641	+	124	86871683	6714
chr16	86864969	87064969	harbor2	chr16	86874964	86875106	LTR/ERVL-MaLR	543	+	71	86875035	10066
chr16	86864969	87064969	harbor2	chr16	86875371	86875567	LTR/ERVL-MaLR	428	+	98	86875469	10500
chr16	86864969	87064969	harbor2	chr16	86894783	86895129	LTR/ERVL-MaLR	1085	+	173	86894956	29987
chr16	86864969	87064969	harbor2	chr16	86903842	86904219	LTR/ERVL-MaLR	2167	+	188	86904030	39061
chr16	86864969	87064969	harbor2	chr16	86915851	86916215	LTR/ERVL-MaLR	2250	+	182	86916033	51064
chr16	86864969	87064969	harbor2	chr16	86922869	86923202	LTR/ERVL-MaLR	1254	+	166	86923035	58066
chr16	86864969	87064969	harbor2	chr16	86929951	86930125	LTR/ERVL-MaLR	950	+	87	86930038	65069
chr16	83964755	84164755	harbor2	chr16	84009136	84009593	LTR/ERVL-MaLR	967	+	228	84009364	44609
chr16	83964755	84164755	harbor2	chr16	84011561	84011736	LTR/ERVL-MaLR	423	+	88	84011649	46894
chr16	83964755	84164755	harbor2	chr16	84011929	84012168	LTR/ERVL-MaLR	700	+	120	84012049	47294
chr16	83964755	84164755	harbor2	chr16	84039018	84039307	LTR/ERVL-MaLR	593	+	144	84039162	74407
chr16	83964755	84164755	harbor2	chr16	84047145	84047595	LTR/ERVL-MaLR	1623	+	225	84047370	82615
chr16	88079771	88279771	harbor2	chr16	88095597	88096004	LTR/ERVL-MaLR	950	+	204	88095801	16030
chr16	88079771	88279771	harbor2	chr16	88108731	88109076	LTR/ERVL-MaLR	715	+	172	88108903	29132
chr16	88079771	88279771	harbor2	chr16	88141569	88142007	LTR/ERVL-MaLR	1299	+	219	88141788	62017
chr16	88079771	88279771	harbor2	chr16	88146986	88147112	LTR/ERVL-MaLR	498	+	63	88147049	67278
chr16	88079771	88279771	harbor2	chr16	88147164	88147420	LTR/ERVL-MaLR	617	+	128	88147292	67521
chr16	88079771	88279771	harbor2	chr16	88179149	88179555	LTR/ERVL-MaLR	1953	+	203	88179352	99581
chr16	88079771	88279771	harbor2	chr16	88096476	88096971	LTR/ERVL-MaLR	1594	+	248	88096724	16953
chr16	83175068	83375068	harbor2	chr16	83189755	83190117	LTR/ERVL-MaLR	2720	+	181	83189936	14868
chr16	83175068	83375068	harbor2	chr16	83218732	83219087	LTR/ERVL-MaLR	2612	+	178	83218910	43842
chr16	83175068	83375068	harbor2	chr16	83231765	83231956	LTR/ERVL-MaLR	1159	+	96	83231861	56793
chr16	83175068	83375068	harbor2	chr16	83232202	83232242	LTR/ERVL-MaLR	1159	+	20	83232222	57154
chr16	83175068	83375068	harbor2	chr16	83232567	83232806	LTR/ERVL-MaLR	1516	+	120	83232687	57619
chr16	83175068	83375068	harbor2	chr16	83267450	83267847	LTR/ERVL-MaLR	1367	+	198	83267648	92580
chr16	75515300	75715300	harbor2	chr16	75524951	75525063	LTR/ERVL-MaLR	483	+	56	75525007	9707
chr16	75515300	75715300	harbor2	chr16	75585884	75586208	LTR/ERVL-MaLR	2173	+	162	75586046	70746
chr16	75515300	75715300	harbor2	chr16	75586525	75586594	LTR/ERVL-MaLR	2173	+	34	75586559	71259
chr16	75515300	75715300	harbor2	chr16	75597104	75597460	LTR/ERVL-MaLR	1545	+	178	75597282	81982
chr16	75515300	75715300	harbor2	chr16	75597995	75598077	LTR/ERVL-MaLR	1545	+	41	75598036	82736
chr16	75515300	75715300	harbor2	chr16	75598374	75598449	LTR/ERVL-MaLR	1545	+	38	75598412	83112
chr16	75515300	75715300	harbor2	chr16	75606289	75606830	LTR/ERVL-MaLR	2582	+	270	75606559	91259
chr16	27197045	27397045	harbor2	chr16	27202504	27202857	LTR/ERVL-MaLR	1920	+	176	27202680	5635
chr16	27197045	27397045	harbor2	chr16	27247123	27247497	LTR/ERVL-MaLR	2912	+	187	27247310	50265
chr16	70161004	70361004	harbor2	chr16	70191079	70191400	LTR/ERVL-MaLR	1813	+	160	70191239	30235
chr16	70161004	70361004	harbor2	chr16	70191694	70191728	LTR/ERVL-MaLR	1813	+	17	70191711	30707
chr16	70161004	70361004	harbor2	chr16	70206386	70206748	LTR/ERVL-MaLR	2634	+	181	70206567	45563
chr16	70161004	70361004	harbor2	chr16	70259225	70259438	LTR/ERVL-MaLR	871	+	106	70259331	98327
chr16	70161004	70361004	harbor2	chr16	70260238	70260446	LTR/ERVL-MaLR	871	+	104	70260342	99338
chr16	85607493	85807493	harbor2	chr16	85628877	85629265	LTR/ERVL-MaLR	1863	+	194	85629071	21578
chr16	85607493	85807493	harbor2	chr16	85701701	85702168	LTR/ERVL-MaLR	1528	+	234	85701935	94442
chr16	85607493	85807493	harbor2	chr16	85702768	85702836	LTR/ERVL-MaLR	1243	+	34	85702802	95309
chr16	85607493	85807493	harbor2	chr16	85703149	85703424	LTR/ERVL-MaLR	1243	+	138	85703287	95794
chr16	56536773	56736773	harbor2	chr16	56572567	56572720	LTR/ERVL-MaLR	1935	+	76	56572643	35870
chr16	56536773	56736773	harbor2	chr16	56573026	56573247	LTR/ERVL-MaLR	1935	+	110	56573136	36363
chr16	56536773	56736773	harbor2	chr16	56593477	56593817	LTR/ERVL-MaLR	2070	+	170	56593647	56874
chr16	56536773	56736773	harbor2	chr16	56594039	56594433	LTR/ERVL-MaLR	1124	+	197	56594236	57463
chr16	56536773	56736773	harbor2	chr16	56602226	56602402	LTR/ERVL-MaLR	885	+	88	56602314	65541
chr16	56536773	56736773	harbor2	chr16	56603598	56603969	LTR/ERVL-MaLR	1365	+	186	56603784	67011
chr16	56536773	56736773	harbor2	chr16	56604893	56605415	LTR/ERVL-MaLR	2342	+	261	56605154	68381
chr16	56536773	56736773	harbor2	chr16	56623150	56623508	LTR/ERVL-MaLR	2259	+	179	56623329	86556
chr16	56536773	56736773	harbor2	chr16	56628567	56628902	LTR/ERVL-MaLR	1591	+	168	56628735	91962
chr16	56536773	56736773	harbor2	chr16	56634342	56634523	LTR/ERVL-MaLR	805	+	90	56634432	97659
chr16	56536773	56736773	harbor2	chr16	56621654	56623148	LTR/ERVL-MaLR	10906	+	747	56622401	85628
chr16	88897369	89097369	harbor2	chr16	88913003	88913455	LTR/ERVL-MaLR	637	+	226	88913229	15860
chr16	88897369	89097369	harbor2	chr16	88960577	88960833	LTR/ERVL-MaLR	523	+	128	88960705	63336
chr16	80249266	80449266	harbor2	chr16	80256773	80257159	LTR/ERVL-MaLR	2138	+	193	80256966	7700
chr16	80249266	80449266	harbor2	chr16	80271259	80271639	LTR/ERVL-MaLR	1182	+	190	80271449	22183
chr16	80249266	80449266	harbor2	chr16	80272738	80273217	LTR/ERVL-MaLR	1656	+	240	80272978	23712
chr16	80249266	80449266	harbor2	chr16	80276769	80277215	LTR/ERVL-MaLR	2029	+	223	80276992	27726
chr16	80249266	80449266	harbor2	chr16	80302864	80303209	LTR/ERVL-MaLR	2260	+	172	80303036	53770
chr16	80249266	80449266	harbor2	chr16	80308453	80308906	LTR/ERVL-MaLR	1015	+	226	80308679	59413
chr16	80249266	80449266	harbor2	chr16	80311029	80311081	LTR/ERVL-MaLR	1886	+	26	80311055	61789
chr16	80249266	80449266	harbor2	chr16	80311082	80311417	LTR/ERVL-MaLR	2503	+	168	80311250	61984
chr16	80249266	80449266	harbor2	chr16	80311418	80311827	LTR/ERVL-MaLR	1886	+	204	80311622	62356
chr16	80249266	80449266	harbor2	chr16	80335915	80336203	LTR/ERVL-MaLR	698	+	144	80336059	86793
chr16	80249266	80449266	harbor2	chr16	80336608	80336661	LTR/ERVL-MaLR	698	+	26	80336634	87368
chr16	59781518	59981518	harbor2	chr16	59851861	59852276	LTR/ERVL-MaLR	1996	+	208	59852069	70551
chr16	77373932	77573932	harbor2	chr16	77393436	77393778	LTR/ERVL-MaLR	1755	+	171	77393607	19675
chr16	77373932	77573932	harbor2	chr16	77416359	77416715	LTR/ERVL-MaLR	2503	+	178	77416537	42605
chr16	77373932	77573932	harbor2	chr16	77451703	77452057	LTR/ERVL-MaLR	2256	+	177	77451880	77948
chr16	77373932	77573932	harbor2	chr16	77452579	77452634	LTR/ERVL-MaLR	2256	+	28	77452607	78675
chr16	56085230	56285230	harbor2	chr16	56104639	56105003	LTR/ERVL-MaLR	1742	+	182	56104821	19591
chr16	56085230	56285230	harbor2	chr16	56173854	56174211	LTR/ERVL-MaLR	2637	+	178	56174032	88802
chr16	82627225	82827225	harbor2	chr16	82635717	82636091	LTR/ERVL-MaLR	1918	+	187	82635904	8679
chr16	82627225	82827225	harbor2	chr16	82647830	82648193	LTR/ERVL-MaLR	2465	+	182	82648012	20787
chr16	82627225	82827225	harbor2	chr16	82692826	82693324	LTR/ERVL-MaLR	986	+	249	82693075	65850
chr16	82627225	82827225	harbor2	chr16	82714258	82714431	LTR/ERVL-MaLR	1711	+	86	82714344	87119
chr16	82627225	82827225	harbor2	chr16	82714740	82715015	LTR/ERVL-MaLR	1711	+	138	82714878	87653
chr16	82627225	82827225	harbor2	chr16	82723353	82723741	LTR/ERVL-MaLR	944	+	194	82723547	96322
chr16	20665978	20865978	harbor2	chr16	20694695	20695047	LTR/ERVL-MaLR	2003	+	176	20694871	28893
chr16	20665978	20865978	harbor2	chr16	20750298	20750696	LTR/ERVL-MaLR	699	+	199	20750497	84519
chr16	24390079	24590079	harbor2	chr16	24420987	24421345	LTR/ERVL-MaLR	2669	+	179	24421166	31087
chr16	24390079	24590079	harbor2	chr16	24421663	24421729	LTR/ERVL-MaLR	2669	+	33	24421696	31617
chr16	24390079	24590079	harbor2	chr16	24430197	24430399	LTR/ERVL-MaLR	2118	+	101	24430298	40219
chr16	24390079	24590079	harbor2	chr16	24430688	24430923	LTR/ERVL-MaLR	2118	+	118	24430806	40727
chr16	24390079	24590079	harbor2	chr16	24437493	24437976	LTR/ERVL-MaLR	2058	+	242	24437735	47656
chr16	24390079	24590079	harbor2	chr16	24453890	24454071	LTR/ERVL-MaLR	414	+	90	24453980	63901
chr16	24390079	24590079	harbor2	chr16	24456016	24456377	LTR/ERVL-MaLR	2039	+	180	24456196	66117
chr16	24390079	24590079	harbor2	chr16	24464572	24464931	LTR/ERVL-MaLR	2845	+	180	24464752	74673
chr16	24390079	24590079	harbor2	chr16	24474096	24474302	LTR/ERVL-MaLR	491	+	103	24474199	84120
chr16	24390079	24590079	harbor2	chr16	24474303	24474788	LTR/ERVL-MaLR	2267	+	242	24474545	84466
chr16	24390079	24590079	harbor2	chr16	24474789	24474928	LTR/ERVL-MaLR	491	+	70	24474859	84780
chr16	24390079	24590079	harbor2	chr16	24481115	24481337	LTR/ERVL-MaLR	580	+	111	24481226	91147
chr16	24390079	24590079	harbor2	chr16	24482572	24482966	LTR/ERVL-MaLR	801	+	197	24482769	92690
chr16	24390079	24590079	harbor2	chr16	24489429	24489842	LTR/ERVL-MaLR	2568	+	206	24489635	99556
chr16	81122240	81322240	harbor2	chr16	81171537	81172100	LTR/ERVL-MaLR	1145	+	282	81171819	49579
chr16	81122240	81322240	harbor2	chr16	81181317	81181500	LTR/ERVL-MaLR	1816	+	92	81181409	59169
chr16	81122240	81322240	harbor2	chr16	81181805	81181966	LTR/ERVL-MaLR	1816	+	80	81181885	59645
chr16	81122240	81322240	harbor2	chr16	81182275	81182333	LTR/ERVL-MaLR	1816	+	29	81182304	60064
chr16	81122240	81322240	harbor2	chr16	81193018	81193454	LTR/ERVL-MaLR	1238	+	218	81193236	70996
chr16	81122240	81322240	harbor2	chr16	81193778	81193876	LTR/ERVL-MaLR	1238	+	49	81193827	71587
chr16	81122240	81322240	harbor2	chr16	81194032	81194402	LTR/ERVL-MaLR	872	+	185	81194217	71977
chr16	81122240	81322240	harbor2	chr16	81202802	81202997	LTR/ERVL-MaLR	1200	+	98	81202900	80660
chr16	81122240	81322240	harbor2	chr16	81206988	81207450	LTR/ERVL-MaLR	746	+	231	81207219	84979
chr16	88850236	89050236	harbor2	chr16	88862432	88862720	LTR/ERVL-MaLR	703	+	144	88862576	12340
chr16	88850236	89050236	harbor2	chr16	88913003	88913455	LTR/ERVL-MaLR	637	+	226	88913229	62993
chr16	80606320	80806320	harbor2	chr16	80606655	80607005	LTR/ERVL-MaLR	2195	+	175	80606830	510
chr16	80606320	80806320	harbor2	chr16	80611995	80612211	LTR/ERVL-MaLR	548	+	108	80612103	5783
chr16	80606320	80806320	harbor2	chr16	80614179	80614575	LTR/ERVL-MaLR	503	+	198	80614377	8057
chr16	80606320	80806320	harbor2	chr16	80628228	80628691	LTR/ERVL-MaLR	1758	+	232	80628460	22140
chr16	80606320	80806320	harbor2	chr16	80670187	80670560	LTR/ERVL-MaLR	2726	+	186	80670373	64053
chr16	80606320	80806320	harbor2	chr16	80673685	80674137	LTR/ERVL-MaLR	2210	+	226	80673911	67591
chr16	80606320	80806320	harbor2	chr16	80683608	80683965	LTR/ERVL-MaLR	1643	+	178	80683786	77466
chr16	80606320	80806320	harbor2	chr16	80698498	80698899	LTR/ERVL-MaLR	2278	+	200	80698698	92378
chr16	81021343	81221343	harbor2	chr16	81034613	81034999	LTR/ERVL-MaLR	1715	+	193	81034806	13463
chr16	81021343	81221343	harbor2	chr16	81064768	81064979	LTR/ERVL-MaLR	890	+	106	81064874	43531
chr16	81021343	81221343	harbor2	chr16	81073447	81073943	LTR/ERVL-MaLR	1566	+	248	81073695	52352
chr16	81021343	81221343	harbor2	chr16	81100011	81100346	LTR/ERVL-MaLR	1517	+	168	81100179	78836
chr16	81021343	81221343	harbor2	chr16	81100659	81100768	LTR/ERVL-MaLR	1517	+	54	81100713	79370
chr16	72258615	72458615	harbor2	chr16	72258973	72259348	LTR/ERVL-MaLR	1735	+	188	72259161	546
chr16	72258615	72458615	harbor2	chr16	72286759	72287145	LTR/ERVL-MaLR	634	+	193	72286952	28337
chr16	72258615	72458615	harbor2	chr16	72297495	72297853	LTR/ERVL-MaLR	2250	+	179	72297674	39059
chr16	88915749	89115749	harbor2	chr16	88960577	88960833	LTR/ERVL-MaLR	523	+	128	88960705	44956
chr16	53009274	53209274	harbor2	chr16	53028176	53028315	LTR/ERVL-MaLR	626	+	70	53028246	18972
chr16	53009274	53209274	harbor2	chr16	53028789	53028909	LTR/ERVL-MaLR	652	+	60	53028849	19575
chr16	53009274	53209274	harbor2	chr16	53073525	53073869	LTR/ERVL-MaLR	2219	+	172	53073697	64423
chr16	53009274	53209274	harbor2	chr16	53073870	53075436	LTR/ERVL-MaLR	12241	+	783	53074653	65379
chr16	53009274	53209274	harbor2	chr16	53075437	53075799	LTR/ERVL-MaLR	2321	+	181	53075618	66344
chr16	53009274	53209274	harbor2	chr16	53078192	53078574	LTR/ERVL-MaLR	1665	+	191	53078383	69109
chr16	86782651	86982651	harbor2	chr16	86784309	86784769	LTR/ERVL-MaLR	2159	+	230	86784539	1888
chr16	86782651	86982651	harbor2	chr16	86837707	86838134	LTR/ERVL-MaLR	1552	+	214	86837921	55270
chr16	86782651	86982651	harbor2	chr16	86871220	86871433	LTR/ERVL-MaLR	1175	+	106	86871326	88675
chr16	86782651	86982651	harbor2	chr16	86871559	86871806	LTR/ERVL-MaLR	1641	+	124	86871683	89032
chr16	86782651	86982651	harbor2	chr16	86874964	86875106	LTR/ERVL-MaLR	543	+	71	86875035	92384
chr16	86782651	86982651	harbor2	chr16	86875371	86875567	LTR/ERVL-MaLR	428	+	98	86875469	92818
chr17	78995374	79195374	harbor2	chr17	79054661	79055039	LTR/ERVL-MaLR	2227	+	189	79054850	59476
chr17	77138558	77338558	harbor2	chr17	77230762	77231118	LTR/ERVL-MaLR	2119	+	178	77230940	92382
chr17	77138558	77338558	harbor2	chr17	77237200	77237579	LTR/ERVL-MaLR	2216	+	190	77237390	98832
chr17	8644596	8844596	harbor2	chr17	8656506	8656955	LTR/ERVL-MaLR	1684	+	224	8656730	12134
chr17	8644596	8844596	harbor2	chr17	8657252	8657316	LTR/ERVL-MaLR	1684	+	32	8657284	12688
chr17	8644596	8844596	harbor2	chr17	8659823	8660284	LTR/ERVL-MaLR	2247	+	230	8660053	15457
chr17	8644596	8844596	harbor2	chr17	8663716	8664033	LTR/ERVL-MaLR	969	+	158	8663874	19278
chr17	8644596	8844596	harbor2	chr17	8710752	8711231	LTR/ERVL-MaLR	824	+	240	8710992	66396
chr17	8644596	8844596	harbor2	chr17	8715124	8715416	LTR/ERVL-MaLR	1098	+	146	8715270	70674
chr17	8644596	8844596	harbor2	chr17	8715550	8715924	LTR/ERVL-MaLR	1768	+	187	8715737	71141
chr17	8644596	8844596	harbor2	chr17	8724343	8724802	LTR/ERVL-MaLR	1978	+	230	8724573	79977
chr17	83144114	83344114	harbor2	chr17	83149530	83149794	LTR/ERVL-MaLR	1321	+	132	83149662	5548
chr17	83144114	83344114	harbor2	chr17	83177305	83177646	LTR/ERVL-MaLR	1527	+	170	83177475	33361
chr17	83144114	83344114	harbor2	chr17	83186141	83186370	LTR/ERVL-MaLR	704	+	114	83186255	42141
chr17	83144114	83344114	harbor2	chr17	83187929	83188651	LTR/ERVL-MaLR	2120	+	361	83188290	44176
chr17	83144114	83344114	harbor2	chr17	83188687	83189163	LTR/ERVL-MaLR	2439	+	238	83188925	44811
chr17	83144114	83344114	harbor2	chr17	83242814	83243175	LTR/ERVL-MaLR	2225	+	180	83242994	98880
chr17	74419100	74619100	harbor2	chr17	74490266	74490494	LTR/ERVL-MaLR	1635	+	114	74490380	71280
chr17	74419100	74619100	harbor2	chr17	74518605	74518972	LTR/ERVL-MaLR	2420	+	184	74518789	99689
chr17	77021489	77221489	harbor2	chr17	77021473	77022090	LTR/ERVL-MaLR	9035	+	308	77021781	292
chr17	77021489	77221489	harbor2	chr17	77022390	77023226	LTR/ERVL-MaLR	9035	+	418	77022808	1319
chr17	77021489	77221489	harbor2	chr17	77023540	77023726	LTR/ERVL-MaLR	9035	+	93	77023633	2144
chr17	77021489	77221489	harbor2	chr17	77023737	77024144	LTR/ERVL-MaLR	2304	+	204	77023941	2452
chr17	77021489	77221489	harbor2	chr17	77027284	77027821	LTR/ERVL-MaLR	2573	+	268	77027552	6063
chr17	77021489	77221489	harbor2	chr17	77030639	77030764	LTR/ERVL-MaLR	1852	+	62	77030701	9212
chr17	77021489	77221489	harbor2	chr17	77030765	77031030	LTR/ERVL-MaLR	1992	+	132	77030897	9408
chr17	77021489	77221489	harbor2	chr17	77031429	77031571	LTR/ERVL-MaLR	1992	+	71	77031500	10011
chr17	77021489	77221489	harbor2	chr17	77031572	77031948	LTR/ERVL-MaLR	1852	+	188	77031760	10271
chr17	77021489	77221489	harbor2	chr17	77031976	77032376	LTR/ERVL-MaLR	1451	+	200	77032176	10687
chr17	77021489	77221489	harbor2	chr17	77082588	77082701	LTR/ERVL-MaLR	932	+	56	77082644	61155
chr17	77021489	77221489	harbor2	chr17	77083000	77083125	LTR/ERVL-MaLR	932	+	62	77083062	61573
chr17	77021489	77221489	harbor2	chr17	77083421	77083491	LTR/ERVL-MaLR	932	+	35	77083456	61967
chr17	77021489	77221489	harbor2	chr17	77111458	77111941	LTR/ERVL-MaLR	3246	+	242	77111700	90211
chr17	77021489	77221489	harbor2	chr17	77111942	77112320	LTR/ERVL-MaLR	2388	+	189	77112131	90642
chr17	76575114	76775114	harbor2	chr17	76575322	76575691	LTR/ERVL-MaLR	666	+	184	76575506	392
chr17	76575114	76775114	harbor2	chr17	76579549	76579940	LTR/ERVL-MaLR	2126	+	196	76579745	4631
chr17	76575114	76775114	harbor2	chr17	76598291	76598488	LTR/ERVL-MaLR	511	+	98	76598389	23275
chr17	76575114	76775114	harbor2	chr17	76612837	76613042	LTR/ERVL-MaLR	503	+	102	76612939	37825
chr17	76575114	76775114	harbor2	chr17	76674610	76675127	LTR/ERVL-MaLR	1160	+	258	76674868	99754
chr17	70396397	70596397	harbor2	chr17	70399476	70399615	LTR/ERVL-MaLR	950	+	70	70399546	3149
chr17	70396397	70596397	harbor2	chr17	70399611	70399938	LTR/ERVL-MaLR	2159	+	164	70399775	3378
chr17	70396397	70596397	harbor2	chr17	70399943	70400301	LTR/ERVL-MaLR	2150	+	179	70400122	3725
chr17	70396397	70596397	harbor2	chr17	70480312	70480637	LTR/ERVL-MaLR	1246	+	162	70480474	84077
chr17	82664867	82864867	harbor2	chr17	82672476	82672813	LTR/ERVL-MaLR	954	+	168	82672644	7777
chr17	82664867	82864867	harbor2	chr17	82685720	82685792	LTR/ERVL-MaLR	1259	+	36	82685756	20889
chr17	82664867	82864867	harbor2	chr17	82686412	82686733	LTR/ERVL-MaLR	1259	+	160	82686572	21705
chr17	82664867	82864867	harbor2	chr17	82734170	82734461	LTR/ERVL-MaLR	749	+	146	82734316	69449
chr17	49316410	49516410	harbor2	chr17	49321657	49321993	LTR/ERVL-MaLR	745	+	168	49321825	5415
chr17	49316410	49516410	harbor2	chr17	49326262	49326967	LTR/ERVL-MaLR	1604	+	352	49326614	10204
chr17	49316410	49516410	harbor2	chr17	49328408	49328826	LTR/ERVL-MaLR	2489	+	209	49328617	12207
chr17	49316410	49516410	harbor2	chr17	49338296	49338607	LTR/ERVL-MaLR	841	+	156	49338452	22042
chr17	49316410	49516410	harbor2	chr17	49363687	49363847	LTR/ERVL-MaLR	2327	+	80	49363767	47357
chr17	49316410	49516410	harbor2	chr17	49364150	49364422	LTR/ERVL-MaLR	2327	+	136	49364286	47876
chr17	49316410	49516410	harbor2	chr17	49374194	49374611	LTR/ERVL-MaLR	2023	+	208	49374402	57992
chr17	49316410	49516410	harbor2	chr17	49376283	49376681	LTR/ERVL-MaLR	1651	+	199	49376482	60072
chr17	51367844	51567844	harbor2	chr17	51398136	51398619	LTR/ERVL-MaLR	2395	+	242	51398378	30534
chr17	51367844	51567844	harbor2	chr17	51405702	51406050	LTR/ERVL-MaLR	2335	+	174	51405876	38032
chr17	51367844	51567844	harbor2	chr17	51411327	51411853	LTR/ERVL-MaLR	2023	+	263	51411590	43746
chr17	51367844	51567844	harbor2	chr17	51420490	51420843	LTR/ERVL-MaLR	2628	+	176	51420666	52822
chr17	51367844	51567844	harbor2	chr17	51422261	51422691	LTR/ERVL-MaLR	873	+	215	51422476	54632
chr17	51367844	51567844	harbor2	chr17	51426754	51427215	LTR/ERVL-MaLR	1977	+	230	51426984	59140
chr17	51367844	51567844	harbor2	chr17	51457863	51457886	LTR/ERVL-MaLR	905	+	12	51457875	90031
chr17	51367844	51567844	harbor2	chr17	51458220	51458446	LTR/ERVL-MaLR	1113	+	113	51458333	90489
chr17	51367844	51567844	harbor2	chr17	51464019	51464120	LTR/ERVL-MaLR	2046	+	50	51464069	96225
chr17	51367844	51567844	harbor2	chr17	51464426	51464506	LTR/ERVL-MaLR	2046	+	40	51464466	96622
chr17	51367844	51567844	harbor2	chr17	51464803	51465019	LTR/ERVL-MaLR	2046	+	108	51464911	97067
chr17	63754062	63954062	harbor2	chr17	63756616	63757078	LTR/ERVL-MaLR	1776	+	231	63756847	2785
chr17	63754062	63954062	harbor2	chr17	63757398	63757643	LTR/ERVL-MaLR	1776	+	122	63757520	3458
chr17	60785580	60985580	harbor2	chr17	60792577	60792895	LTR/ERVL-MaLR	1152	+	159	60792736	7156
chr17	75401213	75601213	harbor2	chr17	75414773	75414900	LTR/ERVL-MaLR	726	+	64	75414837	13624
chr17	75401213	75601213	harbor2	chr17	75441706	75441802	LTR/ERVL-MaLR	2430	+	48	75441754	40541
chr17	75401213	75601213	harbor2	chr17	75442092	75442450	LTR/ERVL-MaLR	2430	+	179	75442271	41058
chr17	78956998	79156998	harbor2	chr17	78958356	78958528	LTR/ERVL-MaLR	745	+	86	78958442	1444
chr17	78956998	79156998	harbor2	chr17	79054661	79055039	LTR/ERVL-MaLR	2227	+	189	79054850	97852
chr17	66501035	66701035	harbor2	chr17	66524922	66525210	LTR/ERVL-MaLR	816	+	144	66525066	24031
chr17	66501035	66701035	harbor2	chr17	66528301	66528759	LTR/ERVL-MaLR	2044	+	229	66528530	27495
chr17	66501035	66701035	harbor2	chr17	66553432	66553756	LTR/ERVL-MaLR	1611	+	162	66553594	52559
chr17	66501035	66701035	harbor2	chr17	66556554	66556907	LTR/ERVL-MaLR	1795	+	176	66556730	55695
chr17	66501035	66701035	harbor2	chr17	66582336	66582691	LTR/ERVL-MaLR	2517	+	178	66582514	81479
chr17	81708740	81908740	harbor2	chr17	81737898	81738389	LTR/ERVL-MaLR	1361	+	246	81738144	29404
chr17	49317419	49517419	harbor2	chr17	49321657	49321993	LTR/ERVL-MaLR	745	+	168	49321825	4406
chr17	49317419	49517419	harbor2	chr17	49326262	49326967	LTR/ERVL-MaLR	1604	+	352	49326614	9195
chr17	49317419	49517419	harbor2	chr17	49328408	49328826	LTR/ERVL-MaLR	2489	+	209	49328617	11198
chr17	49317419	49517419	harbor2	chr17	49338296	49338607	LTR/ERVL-MaLR	841	+	156	49338452	21033
chr17	49317419	49517419	harbor2	chr17	49363687	49363847	LTR/ERVL-MaLR	2327	+	80	49363767	46348
chr17	49317419	49517419	harbor2	chr17	49364150	49364422	LTR/ERVL-MaLR	2327	+	136	49364286	46867
chr17	49317419	49517419	harbor2	chr17	49374194	49374611	LTR/ERVL-MaLR	2023	+	208	49374402	56983
chr17	49317419	49517419	harbor2	chr17	49376283	49376681	LTR/ERVL-MaLR	1651	+	199	49376482	59063
chr17	78895602	79095602	harbor2	chr17	78922371	78922535	LTR/ERVL-MaLR	1588	+	82	78922453	26851
chr17	78895602	79095602	harbor2	chr17	78922795	78923077	LTR/ERVL-MaLR	1588	+	141	78922936	27334
chr17	78895602	79095602	harbor2	chr17	78950664	78951185	LTR/ERVL-MaLR	2151	+	260	78950924	55322
chr17	78895602	79095602	harbor2	chr17	78958356	78958528	LTR/ERVL-MaLR	745	+	86	78958442	62840
chr17	77863767	78063767	harbor2	chr17	77889927	77890203	LTR/ERVL-MaLR	1474	+	138	77890065	26298
chr17	77863767	78063767	harbor2	chr17	77901078	77901423	LTR/ERVL-MaLR	1610	+	172	77901250	37483
chr17	77863767	78063767	harbor2	chr17	77902117	77902503	LTR/ERVL-MaLR	2333	+	193	77902310	38543
chr17	77863767	78063767	harbor2	chr17	77921485	77921953	LTR/ERVL-MaLR	1995	+	234	77921719	57952
chr17	77863767	78063767	harbor2	chr17	77922194	77922272	LTR/ERVL-MaLR	1995	+	39	77922233	58466
chr17	77863767	78063767	harbor2	chr17	77949675	77950150	LTR/ERVL-MaLR	1300	+	238	77949913	86146
chr17	77863767	78063767	harbor2	chr17	77889471	77889622	LTR/ERVL-MaLR	1474	+	76	77889547	25780
chr17	47312362	47512362	harbor2	chr17	47316739	47316906	LTR/ERVL-MaLR	552	+	84	47316823	4461
chr17	47312362	47512362	harbor2	chr17	47317618	47317795	LTR/ERVL-MaLR	1906	+	88	47317706	5344
chr17	47312362	47512362	harbor2	chr17	47318104	47318375	LTR/ERVL-MaLR	1906	+	136	47318240	5878
chr17	68911608	69111608	harbor2	chr17	68939258	68939806	LTR/ERVL-MaLR	632	+	274	68939532	27924
chr17	68911608	69111608	harbor2	chr17	68959135	68959499	LTR/ERVL-MaLR	2810	+	182	68959317	47709
chr17	69225434	69425434	harbor2	chr17	69229948	69230334	LTR/ERVL-MaLR	1449	+	193	69230141	4707
chr17	69225434	69425434	harbor2	chr17	69237653	69237880	LTR/ERVL-MaLR	1756	+	114	69237767	12333
chr17	69225434	69425434	harbor2	chr17	69238177	69238370	LTR/ERVL-MaLR	1756	+	96	69238273	12839
chr17	69225434	69425434	harbor2	chr17	69275706	69276067	LTR/ERVL-MaLR	1274	+	180	69275886	50452
chr17	62734858	62934858	harbor2	chr17	62767925	62768214	LTR/ERVL-MaLR	699	+	144	62768069	33211
chr17	62734858	62934858	harbor2	chr17	62772098	62772452	LTR/ERVL-MaLR	2740	+	177	62772275	37417
chr17	50943912	51143912	harbor2	chr17	50994072	50994426	LTR/ERVL-MaLR	2602	+	177	50994249	50337
chr17	50943912	51143912	harbor2	chr17	51018936	51019275	LTR/ERVL-MaLR	1975	+	170	51019106	75194
chr17	50943912	51143912	harbor2	chr17	51019876	51019931	LTR/ERVL-MaLR	1975	+	28	51019904	75992
chr17	68581170	68781170	harbor2	chr17	68586370	68586815	LTR/ERVL-MaLR	1181	+	222	68586592	5422
chr17	68581170	68781170	harbor2	chr17	68589022	68589442	LTR/ERVL-MaLR	1570	+	210	68589232	8062
chr17	68581170	68781170	harbor2	chr17	68605173	68605639	LTR/ERVL-MaLR	2683	+	233	68605406	24236
chr17	68581170	68781170	harbor2	chr17	68610786	68611216	LTR/ERVL-MaLR	2795	+	215	68611001	29831
chr17	68581170	68781170	harbor2	chr17	68620274	68620610	LTR/ERVL-MaLR	2255	+	168	68620442	39272
chr17	68581170	68781170	harbor2	chr17	68625172	68625735	LTR/ERVL-MaLR	2047	+	282	68625454	44284
chr17	68581170	68781170	harbor2	chr17	68631137	68631299	LTR/ERVL-MaLR	1205	+	81	68631218	50048
chr17	68581170	68781170	harbor2	chr17	68631594	68631852	LTR/ERVL-MaLR	1205	+	129	68631723	50553
chr17	68581170	68781170	harbor2	chr17	68633704	68633987	LTR/ERVL-MaLR	1927	+	142	68633846	52676
chr17	68581170	68781170	harbor2	chr17	68634284	68634358	LTR/ERVL-MaLR	1927	+	37	68634321	53151
chr17	68581170	68781170	harbor2	chr17	68635127	68635551	LTR/ERVL-MaLR	2199	+	212	68635339	54169
chr17	68581170	68781170	harbor2	chr17	68645238	68645623	LTR/ERVL-MaLR	1955	+	192	68645430	64260
chr17	68581170	68781170	harbor2	chr17	68649396	68649624	LTR/ERVL-MaLR	1498	+	114	68649510	68340
chr17	68581170	68781170	harbor2	chr17	68649929	68650108	LTR/ERVL-MaLR	1498	+	90	68650019	68849
chr17	68581170	68781170	harbor2	chr17	68665469	68665649	LTR/ERVL-MaLR	2172	+	90	68665559	84389
chr17	68581170	68781170	harbor2	chr17	68665984	68666223	LTR/ERVL-MaLR	2172	+	120	68666104	84934
chr17	68581170	68781170	harbor2	chr17	68648650	68649011	LTR/ERVL-MaLR	2011	+	180	68648830	67660
chr17	82959588	83159588	harbor2	chr17	82982496	82982718	LTR/ERVL-MaLR	953	+	111	82982607	23019
chr17	82959588	83159588	harbor2	chr17	82983778	82984004	LTR/ERVL-MaLR	635	+	113	82983891	24303
chr17	82959588	83159588	harbor2	chr17	82984548	82984753	LTR/ERVL-MaLR	656	+	102	82984650	25062
chr17	82959588	83159588	harbor2	chr17	82990724	82991054	LTR/ERVL-MaLR	1295	+	165	82990889	31301
chr17	82959588	83159588	harbor2	chr17	82991238	82991519	LTR/ERVL-MaLR	1598	+	140	82991378	31790
chr17	82959588	83159588	harbor2	chr17	83008566	83008867	LTR/ERVL-MaLR	552	+	150	83008716	49128
chr17	82959588	83159588	harbor2	chr17	83034576	83034913	LTR/ERVL-MaLR	1930	+	168	83034744	75156
chr17	82959588	83159588	harbor2	chr17	83054605	83054956	LTR/ERVL-MaLR	1703	+	176	83054781	95193
chr17	39291348	39491348	harbor2	chr17	39325872	39326279	LTR/ERVL-MaLR	2223	+	204	39326076	34728
chr17	39291348	39491348	harbor2	chr17	39352827	39353233	LTR/ERVL-MaLR	1132	+	203	39353030	61682
chr17	39291348	39491348	harbor2	chr17	39361355	39361504	LTR/ERVL-MaLR	614	+	74	39361429	70081
chr17	39291348	39491348	harbor2	chr17	39364220	39364330	LTR/ERVL-MaLR	894	+	55	39364275	72927
chr17	39291348	39491348	harbor2	chr17	39364633	39364958	LTR/ERVL-MaLR	894	+	162	39364795	73447
chr17	83058808	83258808	harbor2	chr17	83060465	83060830	LTR/ERVL-MaLR	2175	+	182	83060647	1839
chr17	83058808	83258808	harbor2	chr17	83061166	83061215	LTR/ERVL-MaLR	2175	+	24	83061190	2382
chr17	83058808	83258808	harbor2	chr17	83106940	83107364	LTR/ERVL-MaLR	996	+	212	83107152	48344
chr17	83058808	83258808	harbor2	chr17	83117997	83118418	LTR/ERVL-MaLR	849	+	210	83118207	59399
chr17	83058808	83258808	harbor2	chr17	83149530	83149794	LTR/ERVL-MaLR	1321	+	132	83149662	90854
chr17	76005839	76205839	harbor2	chr17	76048344	76048804	LTR/ERVL-MaLR	1586	+	230	76048574	42735
chr17	79070439	79270439	harbor2	chr17	79157962	79158291	LTR/ERVL-MaLR	1769	+	164	79158126	87687
chr17	77056692	77256692	harbor2	chr17	77082588	77082701	LTR/ERVL-MaLR	932	+	56	77082644	25952
chr17	77056692	77256692	harbor2	chr17	77083000	77083125	LTR/ERVL-MaLR	932	+	62	77083062	26370
chr17	77056692	77256692	harbor2	chr17	77083421	77083491	LTR/ERVL-MaLR	932	+	35	77083456	26764
chr17	77056692	77256692	harbor2	chr17	77111458	77111941	LTR/ERVL-MaLR	3246	+	242	77111700	55008
chr17	77056692	77256692	harbor2	chr17	77111942	77112320	LTR/ERVL-MaLR	2388	+	189	77112131	55439
chr17	77056692	77256692	harbor2	chr17	77127679	77128097	LTR/ERVL-MaLR	907	+	209	77127888	71196
chr17	77056692	77256692	harbor2	chr17	77136456	77136749	LTR/ERVL-MaLR	687	+	146	77136602	79910
chr17	77555298	77755298	harbor2	chr17	77616391	77616473	LTR/ERVL-MaLR	756	+	41	77616432	61134
chr17	77555298	77755298	harbor2	chr17	77617337	77617592	LTR/ERVL-MaLR	756	+	128	77617465	62167
chr17	77555298	77755298	harbor2	chr17	77632427	77632784	LTR/ERVL-MaLR	1556	+	178	77632605	77307
chr17	73010629	73210629	harbor2	chr17	73020169	73020500	LTR/ERVL-MaLR	1297	+	166	73020335	9706
chr17	73010629	73210629	harbor2	chr17	73023242	73023335	LTR/ERVL-MaLR	551	+	46	73023288	12659
chr17	73010629	73210629	harbor2	chr17	73023791	73024086	LTR/ERVL-MaLR	1515	+	148	73023939	13310
chr17	73010629	73210629	harbor2	chr17	73035471	73035646	LTR/ERVL-MaLR	2139	+	88	73035559	24930
chr17	73010629	73210629	harbor2	chr17	73035891	73036215	LTR/ERVL-MaLR	2139	+	162	73036053	25424
chr17	73010629	73210629	harbor2	chr17	73066141	73066419	LTR/ERVL-MaLR	842	+	139	73066280	55651
chr17	73010629	73210629	harbor2	chr17	73066698	73066923	LTR/ERVL-MaLR	826	+	112	73066810	56181
chr17	73010629	73210629	harbor2	chr17	73067120	73067323	LTR/ERVL-MaLR	533	+	102	73067222	56593
chr17	73010629	73210629	harbor2	chr17	73070608	73070958	LTR/ERVL-MaLR	2353	+	175	73070783	60154
chr17	73010629	73210629	harbor2	chr17	73104512	73104678	LTR/ERVL-MaLR	1866	+	83	73104595	93966
chr17	73010629	73210629	harbor2	chr17	73104987	73105248	LTR/ERVL-MaLR	1866	+	130	73105117	94488
chr17	73010629	73210629	harbor2	chr17	73107889	73108004	LTR/ERVL-MaLR	1173	+	58	73107947	97318
chr17	73010629	73210629	harbor2	chr17	73108305	73108626	LTR/ERVL-MaLR	1173	+	160	73108465	97836
chr17	65549168	65749168	harbor2	chr17	65569401	65569593	LTR/ERVL-MaLR	648	+	96	65569497	20329
chr17	65549168	65749168	harbor2	chr17	65569631	65569793	LTR/ERVL-MaLR	577	+	81	65569712	20544
chr17	65549168	65749168	harbor2	chr17	65580188	65580579	LTR/ERVL-MaLR	541	+	196	65580384	31216
chr17	65549168	65749168	harbor2	chr17	65623173	65623277	LTR/ERVL-MaLR	2344	+	52	65623225	74057
chr17	65549168	65749168	harbor2	chr17	65623586	65623847	LTR/ERVL-MaLR	2344	+	130	65623716	74548
chr17	65549168	65749168	harbor2	chr17	65624139	65624213	LTR/ERVL-MaLR	2344	+	37	65624176	75008
chr17	48606975	48806975	harbor2	chr17	48659118	48659480	LTR/ERVL-MaLR	2339	+	181	48659299	52324
chr17	48606975	48806975	harbor2	chr17	48669308	48669657	LTR/ERVL-MaLR	1775	+	174	48669482	62507
chr17	73930199	74130199	harbor2	chr17	73931175	73931546	LTR/ERVL-MaLR	2777	+	186	73931361	1162
chr17	73930199	74130199	harbor2	chr17	73937517	73937897	LTR/ERVL-MaLR	1525	+	190	73937707	7508
chr17	73930199	74130199	harbor2	chr17	73951899	73952154	LTR/ERVL-MaLR	849	+	128	73952027	21828
chr17	73930199	74130199	harbor2	chr17	73959491	73959909	LTR/ERVL-MaLR	2208	+	209	73959700	29501
chr17	73930199	74130199	harbor2	chr17	73959911	73961516	LTR/ERVL-MaLR	8500	+	802	73960713	30514
chr17	73930199	74130199	harbor2	chr17	73961517	73961938	LTR/ERVL-MaLR	2525	+	210	73961727	31528
chr17	73930199	74130199	harbor2	chr17	73963904	73964294	LTR/ERVL-MaLR	1576	+	195	73964099	33900
chr17	83009957	83209957	harbor2	chr17	83034576	83034913	LTR/ERVL-MaLR	1930	+	168	83034744	24787
chr17	83009957	83209957	harbor2	chr17	83054605	83054956	LTR/ERVL-MaLR	1703	+	176	83054781	44824
chr17	83009957	83209957	harbor2	chr17	83060465	83060830	LTR/ERVL-MaLR	2175	+	182	83060647	50690
chr17	83009957	83209957	harbor2	chr17	83061166	83061215	LTR/ERVL-MaLR	2175	+	24	83061190	51233
chr17	83009957	83209957	harbor2	chr17	83106940	83107364	LTR/ERVL-MaLR	996	+	212	83107152	97195
chr17	37601190	37801190	harbor2	chr17	37626262	37626547	LTR/ERVL-MaLR	1194	+	142	37626404	25214
chr17	37601190	37801190	harbor2	chr17	37664254	37664505	LTR/ERVL-MaLR	849	+	126	37664380	63190
chr17	37601190	37801190	harbor2	chr17	37678498	37678958	LTR/ERVL-MaLR	1582	+	230	37678728	77538
chr17	37601190	37801190	harbor2	chr17	37679346	37679533	LTR/ERVL-MaLR	1165	+	94	37679440	78250
chr17	37601190	37801190	harbor2	chr17	37680983	37681203	LTR/ERVL-MaLR	1277	+	110	37681093	79903
chr17	37601190	37801190	harbor2	chr17	37693691	37694097	LTR/ERVL-MaLR	2544	+	203	37693894	92704
chr17	37601190	37801190	harbor2	chr17	37694463	37696003	LTR/ERVL-MaLR	8884	+	770	37695233	94043
chr17	37601190	37801190	harbor2	chr17	37696004	37696162	LTR/ERVL-MaLR	1781	+	79	37696083	94893
chr17	37601190	37801190	harbor2	chr17	37696463	37696683	LTR/ERVL-MaLR	1781	+	110	37696573	95383
chr17	9610096	9810096	harbor2	chr17	9665209	9665275	LTR/ERVL-MaLR	1677	+	33	9665242	55146
chr17	9610096	9810096	harbor2	chr17	9665648	9666073	LTR/ERVL-MaLR	1677	+	212	9665860	55764
chr17	82627439	82827439	harbor2	chr17	82651867	82652278	LTR/ERVL-MaLR	1357	+	206	82652073	24634
chr17	82627439	82827439	harbor2	chr17	82652279	82652350	LTR/ERVL-MaLR	1114	+	36	82652315	24876
chr17	82627439	82827439	harbor2	chr17	82652659	82653040	LTR/ERVL-MaLR	1114	+	190	82652849	25410
chr17	82627439	82827439	harbor2	chr17	82658821	82659186	LTR/ERVL-MaLR	1249	+	182	82659003	31564
chr17	82627439	82827439	harbor2	chr17	82672476	82672813	LTR/ERVL-MaLR	954	+	168	82672644	45205
chr17	82627439	82827439	harbor2	chr17	82685720	82685792	LTR/ERVL-MaLR	1259	+	36	82685756	58317
chr17	82627439	82827439	harbor2	chr17	82686412	82686733	LTR/ERVL-MaLR	1259	+	160	82686572	59133
chr17	76941416	77141416	harbor2	chr17	76957456	76957902	LTR/ERVL-MaLR	1396	+	223	76957679	16263
chr17	76941416	77141416	harbor2	chr17	76978059	76978423	LTR/ERVL-MaLR	2563	+	182	76978241	36825
chr17	76941416	77141416	harbor2	chr17	76990739	76990937	LTR/ERVL-MaLR	2681	+	99	76990838	49422
chr17	76941416	77141416	harbor2	chr17	76991248	76991442	LTR/ERVL-MaLR	2681	+	97	76991345	49929
chr17	76941416	77141416	harbor2	chr17	76991758	76991795	LTR/ERVL-MaLR	2681	+	18	76991776	50360
chr17	76941416	77141416	harbor2	chr17	77018354	77018702	LTR/ERVL-MaLR	1930	+	174	77018528	77112
chr17	76941416	77141416	harbor2	chr17	77021473	77022090	LTR/ERVL-MaLR	9035	+	308	77021781	80365
chr17	76941416	77141416	harbor2	chr17	77022390	77023226	LTR/ERVL-MaLR	9035	+	418	77022808	81392
chr17	76941416	77141416	harbor2	chr17	77023540	77023726	LTR/ERVL-MaLR	9035	+	93	77023633	82217
chr17	76941416	77141416	harbor2	chr17	77023737	77024144	LTR/ERVL-MaLR	2304	+	204	77023941	82525
chr17	76941416	77141416	harbor2	chr17	77027284	77027821	LTR/ERVL-MaLR	2573	+	268	77027552	86136
chr17	76941416	77141416	harbor2	chr17	77030639	77030764	LTR/ERVL-MaLR	1852	+	62	77030701	89285
chr17	76941416	77141416	harbor2	chr17	77030765	77031030	LTR/ERVL-MaLR	1992	+	132	77030897	89481
chr17	76941416	77141416	harbor2	chr17	77031429	77031571	LTR/ERVL-MaLR	1992	+	71	77031500	90084
chr17	76941416	77141416	harbor2	chr17	77031572	77031948	LTR/ERVL-MaLR	1852	+	188	77031760	90344
chr17	76941416	77141416	harbor2	chr17	77031976	77032376	LTR/ERVL-MaLR	1451	+	200	77032176	90760
chr17	76941416	77141416	harbor2	chr17	77021033	77021468	LTR/ERVL-MaLR	2516	+	218	77021251	79835
chr17	66777552	66977552	harbor2	chr17	66817479	66817937	LTR/ERVL-MaLR	1969	+	229	66817708	40156
chr17	66777552	66977552	harbor2	chr17	66817940	66818214	LTR/ERVL-MaLR	1076	+	137	66818077	40525
chr17	66777552	66977552	harbor2	chr17	66818324	66818732	LTR/ERVL-MaLR	2457	+	204	66818528	40976
chr17	66777552	66977552	harbor2	chr17	66819028	66819335	LTR/ERVL-MaLR	2457	+	154	66819182	41630
chr17	66777552	66977552	harbor2	chr17	66819336	66819755	LTR/ERVL-MaLR	2384	+	210	66819546	41994
chr17	66777552	66977552	harbor2	chr17	66781152	66781544	LTR/ERVL-MaLR	644	+	196	66781348	3796
chr17	82386996	82586996	harbor2	chr17	82420129	82420568	LTR/ERVL-MaLR	1758	+	220	82420349	33353
chr17	82386996	82586996	harbor2	chr17	82420866	82420917	LTR/ERVL-MaLR	1758	+	26	82420892	33896
chr17	78942454	79142454	harbor2	chr17	78950664	78951185	LTR/ERVL-MaLR	2151	+	260	78950924	8470
chr17	78942454	79142454	harbor2	chr17	78958356	78958528	LTR/ERVL-MaLR	745	+	86	78958442	15988
chr17	48784283	48984283	harbor2	chr17	48784419	48784691	LTR/ERVL-MaLR	1317	+	136	48784555	272
chr17	48784283	48984283	harbor2	chr17	48882234	48882517	LTR/ERVL-MaLR	921	+	142	48882376	98093
chr17	77175939	77375939	harbor2	chr17	77230762	77231118	LTR/ERVL-MaLR	2119	+	178	77230940	55001
chr17	77175939	77375939	harbor2	chr17	77237200	77237579	LTR/ERVL-MaLR	2216	+	190	77237390	61451
chr17	77175939	77375939	harbor2	chr17	77258704	77259035	LTR/ERVL-MaLR	2282	+	166	77258870	82931
chr17	77175939	77375939	harbor2	chr17	77259346	77259421	LTR/ERVL-MaLR	2282	+	38	77259384	83445
chr17	77175939	77375939	harbor2	chr17	77272510	77272628	LTR/ERVL-MaLR	719	+	59	77272569	96630
chr17	77175939	77375939	harbor2	chr17	77272942	77272971	LTR/ERVL-MaLR	719	+	14	77272956	97017
chr17	77175939	77375939	harbor2	chr17	77273642	77273843	LTR/ERVL-MaLR	719	+	100	77273742	97803
chr17	21214544	21414544	harbor2	chr17	21221435	21221720	LTR/ERVL-MaLR	698	+	142	21221577	7033
chr17	21214544	21414544	harbor2	chr17	21232228	21232416	LTR/ERVL-MaLR	663	+	94	21232322	17778
chr17	21214544	21414544	harbor2	chr17	21273418	21273668	LTR/ERVL-MaLR	720	+	125	21273543	58999
chr17	72084347	72284347	harbor2	chr17	72157066	72157311	LTR/ERVL-MaLR	1878	+	122	72157188	72841
chr17	72084347	72284347	harbor2	chr17	72157607	72157752	LTR/ERVL-MaLR	1878	+	72	72157679	73332
chr17	54182066	54382066	harbor2	chr17	54214733	54214842	LTR/ERVL-MaLR	529	+	54	54214787	32721
chr17	54182066	54382066	harbor2	chr17	54226867	54227216	LTR/ERVL-MaLR	2157	+	174	54227041	44975
chr17	54182066	54382066	harbor2	chr17	54227221	54228770	LTR/ERVL-MaLR	11470	+	774	54227995	45929
chr17	54182066	54382066	harbor2	chr17	54228771	54229125	LTR/ERVL-MaLR	2323	+	177	54228948	46882
chr17	54182066	54382066	harbor2	chr17	54234704	54235096	LTR/ERVL-MaLR	1526	+	196	54234900	52834
chr17	54182066	54382066	harbor2	chr17	54244622	54245202	LTR/ERVL-MaLR	2168	+	290	54244912	62846
chr17	54182066	54382066	harbor2	chr17	54254847	54255284	LTR/ERVL-MaLR	2176	+	218	54255065	72999
chr17	54182066	54382066	harbor2	chr17	54258400	54258837	LTR/ERVL-MaLR	957	+	218	54258618	76552
chr17	54182066	54382066	harbor2	chr17	54260864	54261327	LTR/ERVL-MaLR	1380	+	232	54261096	79030
chr17	54182066	54382066	harbor2	chr17	54181752	54182112	LTR/ERVL-MaLR	1913	+	180	54181932	134
chr17	54182066	54382066	harbor2	chr17	54214481	54214680	LTR/ERVL-MaLR	588	+	100	54214581	32515
chr17	40408717	40608717	harbor2	chr17	40427531	40427883	LTR/ERVL-MaLR	1719	+	176	40427707	18990
chr17	40408717	40608717	harbor2	chr17	40471855	40472117	LTR/ERVL-MaLR	1050	+	131	40471986	63269
chr17	33746554	33946554	harbor2	chr17	33754999	33755426	LTR/ERVL-MaLR	1588	+	214	33755213	8659
chr17	33746554	33946554	harbor2	chr17	33758469	33758916	LTR/ERVL-MaLR	2525	+	224	33758693	12139
chr17	33746554	33946554	harbor2	chr17	33758935	33759954	LTR/ERVL-MaLR	3373	+	510	33759445	12891
chr17	33746554	33946554	harbor2	chr17	33759943	33760088	LTR/ERVL-MaLR	779	+	72	33760015	13461
chr17	33746554	33946554	harbor2	chr17	33763536	33763847	LTR/ERVL-MaLR	930	+	156	33763692	17138
chr17	33746554	33946554	harbor2	chr17	33776158	33776494	LTR/ERVL-MaLR	1756	+	168	33776326	29772
chr17	33746554	33946554	harbor2	chr17	33784991	33785383	LTR/ERVL-MaLR	2497	+	196	33785187	38633
chr17	33746554	33946554	harbor2	chr17	33787750	33787935	LTR/ERVL-MaLR	1267	+	92	33787842	41288
chr17	33746554	33946554	harbor2	chr17	33789042	33789275	LTR/ERVL-MaLR	1426	+	116	33789158	42604
chr17	33746554	33946554	harbor2	chr17	33824610	33824935	LTR/ERVL-MaLR	2226	+	162	33824772	78218
chr17	57612072	57812072	harbor2	chr17	57701261	57701628	LTR/ERVL-MaLR	2083	+	184	57701445	89373
chr17	57612072	57812072	harbor2	chr17	57709895	57710255	LTR/ERVL-MaLR	2697	+	180	57710075	98003
chr17	71599467	71799467	harbor2	chr17	71617579	71617951	LTR/ERVL-MaLR	1971	+	186	71617765	18298
chr17	71599467	71799467	harbor2	chr17	71617952	71618794	LTR/ERVL-MaLR	11398	+	421	71618373	18906
chr17	71599467	71799467	harbor2	chr17	71619049	71619802	LTR/ERVL-MaLR	11398	+	376	71619425	19958
chr17	71599467	71799467	harbor2	chr17	71619805	71620157	LTR/ERVL-MaLR	1903	+	176	71619981	20514
chr17	71599467	71799467	harbor2	chr17	71623766	71623871	LTR/ERVL-MaLR	1945	+	52	71623818	24351
chr17	71599467	71799467	harbor2	chr17	71624165	71624519	LTR/ERVL-MaLR	1945	+	177	71624342	24875
chr17	71599467	71799467	harbor2	chr17	71625819	71626184	LTR/ERVL-MaLR	1424	+	182	71626001	26534
chr17	71599467	71799467	harbor2	chr17	71626482	71626835	LTR/ERVL-MaLR	1620	+	176	71626658	27191
chr17	71599467	71799467	harbor2	chr17	71628422	71628656	LTR/ERVL-MaLR	859	+	117	71628539	29072
chr17	71599467	71799467	harbor2	chr17	71639862	71640214	LTR/ERVL-MaLR	1112	+	176	71640038	40571
chr17	71599467	71799467	harbor2	chr17	71652035	71652540	LTR/ERVL-MaLR	1524	+	252	71652287	52820
chr17	71599467	71799467	harbor2	chr17	71666566	71666920	LTR/ERVL-MaLR	596	+	177	71666743	67276
chr17	71599467	71799467	harbor2	chr17	71698674	71698802	LTR/ERVL-MaLR	590	+	64	71698738	99271
chr17	59396195	59596195	harbor2	chr17	59444870	59445133	LTR/ERVL-MaLR	568	+	132	59445002	48807
chr17	59396195	59596195	harbor2	chr17	59449322	59449740	LTR/ERVL-MaLR	1970	+	209	59449531	53336
chr17	59396195	59596195	harbor2	chr17	59466002	59466176	LTR/ERVL-MaLR	946	+	87	59466089	69894
chr17	59396195	59596195	harbor2	chr17	59466360	59466635	LTR/ERVL-MaLR	1740	+	138	59466498	70303
chr17	59396195	59596195	harbor2	chr17	59466929	59466972	LTR/ERVL-MaLR	1740	+	22	59466951	70756
chr17	59396195	59596195	harbor2	chr17	59475901	59476411	LTR/ERVL-MaLR	1332	+	255	59476156	79961
chr17	59396195	59596195	harbor2	chr17	59476708	59476796	LTR/ERVL-MaLR	1332	+	44	59476752	80557
chr17	68234243	68434243	harbor2	chr17	68311426	68311800	LTR/ERVL-MaLR	1873	+	187	68311613	77370
chr17	68234243	68434243	harbor2	chr17	68312100	68312165	LTR/ERVL-MaLR	1873	+	32	68312132	77889
chr17	67679943	67879943	harbor2	chr17	67765126	67765481	LTR/ERVL-MaLR	2275	+	178	67765304	85361
chr17	67679943	67879943	harbor2	chr17	67769144	67769555	LTR/ERVL-MaLR	2603	+	206	67769350	89407
chr17	74706402	74906402	harbor2	chr17	74717374	74717526	LTR/ERVL-MaLR	1680	+	76	74717450	11048
chr17	74706402	74906402	harbor2	chr17	74717840	74718014	LTR/ERVL-MaLR	1680	+	87	74717927	11525
chr17	74706402	74906402	harbor2	chr17	74718365	74718408	LTR/ERVL-MaLR	1680	+	22	74718387	11985
chr17	74110403	74310403	harbor2	chr17	74125867	74126083	LTR/ERVL-MaLR	910	+	108	74125975	15572
chr17	74110403	74310403	harbor2	chr17	74143312	74143684	LTR/ERVL-MaLR	2750	+	186	74143498	33095
chr17	74110403	74310403	harbor2	chr17	74151429	74151888	LTR/ERVL-MaLR	1503	+	230	74151659	41256
chr17	74110403	74310403	harbor2	chr17	74171504	74171837	LTR/ERVL-MaLR	2221	+	166	74171670	61267
chr17	74110403	74310403	harbor2	chr17	74178897	74179032	LTR/ERVL-MaLR	1078	+	68	74178965	68562
chr17	74110403	74310403	harbor2	chr17	74179338	74179659	LTR/ERVL-MaLR	1078	+	160	74179498	69095
chr17	74110403	74310403	harbor2	chr17	74189898	74190291	LTR/ERVL-MaLR	1590	+	196	74190094	79691
chr17	81687586	81887586	harbor2	chr17	81737898	81738389	LTR/ERVL-MaLR	1361	+	246	81738144	50558
chr17	37581907	37781907	harbor2	chr17	37594859	37595093	LTR/ERVL-MaLR	540	+	117	37594976	13069
chr17	37581907	37781907	harbor2	chr17	37596616	37596766	LTR/ERVL-MaLR	2390	+	75	37596691	14784
chr17	37581907	37781907	harbor2	chr17	37597042	37597421	LTR/ERVL-MaLR	2390	+	190	37597232	15325
chr17	37581907	37781907	harbor2	chr17	37626262	37626547	LTR/ERVL-MaLR	1194	+	142	37626404	44497
chr17	37581907	37781907	harbor2	chr17	37664254	37664505	LTR/ERVL-MaLR	849	+	126	37664380	82473
chr17	37581907	37781907	harbor2	chr17	37678498	37678958	LTR/ERVL-MaLR	1582	+	230	37678728	96821
chr17	37581907	37781907	harbor2	chr17	37679346	37679533	LTR/ERVL-MaLR	1165	+	94	37679440	97533
chr17	37581907	37781907	harbor2	chr17	37680983	37681203	LTR/ERVL-MaLR	1277	+	110	37681093	99186
chr17	77967870	78167870	harbor2	chr17	77981909	77982266	LTR/ERVL-MaLR	1327	+	178	77982087	14217
chr17	29921009	30121009	harbor2	chr17	29953323	29953686	LTR/ERVL-MaLR	2540	+	182	29953505	32496
chr17	29921009	30121009	harbor2	chr17	29953687	29955242	LTR/ERVL-MaLR	10663	+	778	29954465	33456
chr17	29921009	30121009	harbor2	chr17	29955243	29955606	LTR/ERVL-MaLR	2625	+	182	29955425	34416
chr17	29921009	30121009	harbor2	chr17	29963736	29964176	LTR/ERVL-MaLR	2338	+	220	29963956	42947
chr17	29921009	30121009	harbor2	chr17	29967848	29967888	LTR/ERVL-MaLR	654	+	20	29967868	46859
chr17	29921009	30121009	harbor2	chr17	29968176	29968531	LTR/ERVL-MaLR	654	+	178	29968354	47345
chr17	29921009	30121009	harbor2	chr17	30004593	30004622	LTR/ERVL-MaLR	737	+	14	30004607	83598
chr17	29921009	30121009	harbor2	chr17	30004935	30005048	LTR/ERVL-MaLR	737	+	56	30004991	83982
chr17	50870803	51070803	harbor2	chr17	50876659	50877127	LTR/ERVL-MaLR	590	+	234	50876893	6090
chr17	43031693	43231693	harbor2	chr17	43043630	43044119	LTR/ERVL-MaLR	1440	+	244	43043874	12181
chr17	81466486	81666486	harbor2	chr17	81476634	81477071	LTR/ERVL-MaLR	1397	+	218	81476852	10366
chr17	79613980	79813980	harbor2	chr17	79623335	79623530	LTR/ERVL-MaLR	1697	+	98	79623433	9453
chr17	79613980	79813980	harbor2	chr17	79623843	79624173	LTR/ERVL-MaLR	1697	+	165	79624008	10028
chr17	79613980	79813980	harbor2	chr17	79626523	79626828	LTR/ERVL-MaLR	515	+	152	79626675	12695
chr17	79613980	79813980	harbor2	chr17	79638562	79638980	LTR/ERVL-MaLR	2565	+	209	79638771	24791
chr17	79613980	79813980	harbor2	chr17	79641674	79642080	LTR/ERVL-MaLR	2559	+	203	79641877	27897
chr17	79613980	79813980	harbor2	chr17	79651871	79652187	LTR/ERVL-MaLR	1352	+	158	79652029	38049
chr17	79613980	79813980	harbor2	chr17	79694038	79694423	LTR/ERVL-MaLR	663	+	192	79694230	80250
chr17	79613980	79813980	harbor2	chr17	79700652	79701025	LTR/ERVL-MaLR	1434	+	186	79700838	86858
chr17	79613980	79813980	harbor2	chr17	79713328	79713734	LTR/ERVL-MaLR	1331	+	203	79713531	99551
chr17	72551956	72751956	harbor2	chr17	72582266	72582629	LTR/ERVL-MaLR	2606	+	182	72582448	30492
chr17	72551956	72751956	harbor2	chr17	72625012	72625398	LTR/ERVL-MaLR	2328	+	193	72625205	73249
chr17	72551956	72751956	harbor2	chr17	72626620	72627039	LTR/ERVL-MaLR	2712	+	210	72626830	74874
chr17	72551956	72751956	harbor2	chr17	72636703	72637149	LTR/ERVL-MaLR	980	+	223	72636926	84970
chr17	53363541	53563541	harbor2	chr17	53368385	53368777	LTR/ERVL-MaLR	1811	+	196	53368581	5040
chr17	53363541	53563541	harbor2	chr17	53368804	53368864	LTR/ERVL-MaLR	1811	+	30	53368834	5293
chr17	53363541	53563541	harbor2	chr17	53370542	53370887	LTR/ERVL-MaLR	744	+	172	53370714	7173
chr17	53363541	53563541	harbor2	chr17	53404733	53405064	LTR/ERVL-MaLR	1910	+	166	53404899	41358
chr17	53363541	53563541	harbor2	chr17	53429221	53429640	LTR/ERVL-MaLR	2753	+	210	53429431	65890
chr17	53363541	53563541	harbor2	chr17	53457000	53457373	LTR/ERVL-MaLR	2152	+	186	53457186	93645
chr17	53363541	53563541	harbor2	chr17	53457374	53458878	LTR/ERVL-MaLR	8528	+	752	53458126	94585
chr17	53363541	53563541	harbor2	chr17	53458879	53459268	LTR/ERVL-MaLR	2112	+	194	53459073	95532
chr17	53363541	53563541	harbor2	chr17	53427878	53429220	LTR/ERVL-MaLR	7573	+	671	53428549	65008
chr17	56787403	56987403	harbor2	chr17	56789755	56790236	LTR/ERVL-MaLR	1805	+	240	56789995	2592
chr17	56787403	56987403	harbor2	chr17	56790671	56791090	LTR/ERVL-MaLR	2914	+	210	56790881	3478
chr17	56787403	56987403	harbor2	chr17	56824021	56824450	LTR/ERVL-MaLR	1706	+	214	56824235	36832
chr17	56787403	56987403	harbor2	chr17	56877403	56877750	LTR/ERVL-MaLR	888	+	174	56877577	90174
chr17	56787403	56987403	harbor2	chr17	56877912	56877973	LTR/ERVL-MaLR	888	+	30	56877942	90539
chr17	74527642	74727642	harbor2	chr17	74527685	74527793	LTR/ERVL-MaLR	1040	+	54	74527739	97
chr17	74527642	74727642	harbor2	chr17	74528317	74528467	LTR/ERVL-MaLR	1040	+	75	74528392	750
chr17	74527642	74727642	harbor2	chr17	74555687	74556138	LTR/ERVL-MaLR	1639	+	226	74555913	28271
chr17	74527642	74727642	harbor2	chr17	74556668	74556997	LTR/ERVL-MaLR	2070	+	164	74556832	29190
chr17	74527642	74727642	harbor2	chr17	74571851	74572028	LTR/ERVL-MaLR	1705	+	88	74571939	44297
chr17	74527642	74727642	harbor2	chr17	74572391	74572586	LTR/ERVL-MaLR	1705	+	98	74572489	44847
chr17	74527642	74727642	harbor2	chr17	74583164	74583562	LTR/ERVL-MaLR	1963	+	199	74583363	55721
chr17	74527642	74727642	harbor2	chr17	74590012	74590374	LTR/ERVL-MaLR	2178	+	181	74590193	62551
chr17	81433345	81633345	harbor2	chr17	81476634	81477071	LTR/ERVL-MaLR	1397	+	218	81476852	43507
chr17	63261221	63461221	harbor2	chr17	63281642	63282073	LTR/ERVL-MaLR	1544	+	216	63281858	20637
chr17	63261221	63461221	harbor2	chr17	63344726	63345097	LTR/ERVL-MaLR	1216	+	186	63344912	83691
chr17	79157998	79357998	harbor2	chr17	79157962	79158291	LTR/ERVL-MaLR	1769	+	164	79158126	128
chr17	79157998	79357998	harbor2	chr17	79244099	79244477	LTR/ERVL-MaLR	1089	+	189	79244288	86290
chr17	63502090	63702090	harbor2	chr17	63505423	63505795	LTR/ERVL-MaLR	1471	+	186	63505609	3519
chr17	38638117	38838117	harbor2	chr17	38670296	38670686	LTR/ERVL-MaLR	1018	+	195	38670491	32374
chr17	38638117	38838117	harbor2	chr17	38670984	38671049	LTR/ERVL-MaLR	1018	+	32	38671016	32899
chr17	55798655	55998655	harbor2	chr17	55827050	55827537	LTR/ERVL-MaLR	1101	+	244	55827294	28639
chr17	55798655	55998655	harbor2	chr17	55834847	55835282	LTR/ERVL-MaLR	1906	+	218	55835065	36410
chr17	55798655	55998655	harbor2	chr17	55847309	55847641	LTR/ERVL-MaLR	1663	+	166	55847475	48820
chr17	55798655	55998655	harbor2	chr17	55862916	55863188	LTR/ERVL-MaLR	952	+	136	55863052	64397
chr17	55798655	55998655	harbor2	chr17	55864628	55864989	LTR/ERVL-MaLR	1716	+	180	55864808	66153
chr17	55798655	55998655	harbor2	chr17	55866771	55867113	LTR/ERVL-MaLR	2098	+	171	55866942	68287
chr17	55798655	55998655	harbor2	chr17	55872888	55873029	LTR/ERVL-MaLR	827	+	70	55872958	74303
chr17	55798655	55998655	harbor2	chr17	55882107	55882477	LTR/ERVL-MaLR	2590	+	185	55882292	83637
chr17	55798655	55998655	harbor2	chr17	55884743	55884944	LTR/ERVL-MaLR	860	+	100	55884843	86188
chr17	55798655	55998655	harbor2	chr17	55885189	55885313	LTR/ERVL-MaLR	707	+	62	55885251	86596
chr17	55798655	55998655	harbor2	chr17	55852749	55853133	LTR/ERVL-MaLR	1734	+	192	55852941	54286
chr17	53079588	53279588	harbor2	chr17	53086121	53086500	LTR/ERVL-MaLR	1738	+	190	53086311	6723
chr17	53079588	53279588	harbor2	chr17	53096506	53096836	LTR/ERVL-MaLR	2124	+	165	53096671	17083
chr17	53079588	53279588	harbor2	chr17	53096837	53098455	LTR/ERVL-MaLR	10671	+	809	53097646	18058
chr17	53079588	53279588	harbor2	chr17	53098460	53098819	LTR/ERVL-MaLR	2502	+	180	53098640	19052
chr17	53079588	53279588	harbor2	chr17	53104871	53105413	LTR/ERVL-MaLR	1569	+	271	53105142	25554
chr17	53079588	53279588	harbor2	chr17	53110552	53110946	LTR/ERVL-MaLR	1801	+	197	53110749	31161
chr17	73674996	73874996	harbor2	chr17	73685795	73687191	LTR/ERVL-MaLR	8316	+	698	73686493	11497
chr17	73674996	73874996	harbor2	chr17	73687192	73687594	LTR/ERVL-MaLR	2290	+	201	73687393	12397
chr17	73674996	73874996	harbor2	chr17	73694226	73694579	LTR/ERVL-MaLR	2181	+	176	73694402	19406
chr17	73674996	73874996	harbor2	chr17	73698326	73698725	LTR/ERVL-MaLR	1704	+	200	73698526	23530
chr17	73674996	73874996	harbor2	chr17	73704382	73704907	LTR/ERVL-MaLR	994	+	262	73704644	29648
chr17	73674996	73874996	harbor2	chr17	73730118	73730462	LTR/ERVL-MaLR	1045	+	172	73730290	55294
chr17	73674996	73874996	harbor2	chr17	73730974	73731552	LTR/ERVL-MaLR	2068	+	289	73731263	56267
chr17	73674996	73874996	harbor2	chr17	73736507	73736919	LTR/ERVL-MaLR	2567	+	206	73736713	61717
chr17	73674996	73874996	harbor2	chr17	73742030	73742139	LTR/ERVL-MaLR	2233	+	54	73742084	67088
chr17	73674996	73874996	harbor2	chr17	73742434	73742715	LTR/ERVL-MaLR	2233	+	140	73742574	67578
chr17	73674996	73874996	harbor2	chr17	73754786	73755206	LTR/ERVL-MaLR	912	+	210	73754996	80000
chr17	35948284	36148284	harbor2	chr17	36024623	36025070	LTR/ERVL-MaLR	837	+	224	36024847	76563
chr17	62130759	62330759	harbor2	chr17	62162916	62163408	LTR/ERVL-MaLR	1721	+	246	62163162	32403
chr17	62130759	62330759	harbor2	chr17	62180829	62181212	LTR/ERVL-MaLR	1221	+	192	62181021	50262
chr17	78543385	78743385	harbor2	chr17	78549088	78549364	LTR/ERVL-MaLR	868	+	138	78549226	5841
chr17	78543385	78743385	harbor2	chr17	78550370	78550750	LTR/ERVL-MaLR	2130	+	190	78550560	7175
chr17	78543385	78743385	harbor2	chr17	78552895	78553275	LTR/ERVL-MaLR	2514	+	190	78553085	9700
chr17	78543385	78743385	harbor2	chr17	78553567	78553612	LTR/ERVL-MaLR	2514	+	22	78553589	10204
chr17	78543385	78743385	harbor2	chr17	78556297	78556520	LTR/ERVL-MaLR	1106	+	112	78556409	13024
chr17	78543385	78743385	harbor2	chr17	78566014	78566219	LTR/ERVL-MaLR	1023	+	102	78566116	22731
chr17	78543385	78743385	harbor2	chr17	78573210	78573315	LTR/ERVL-MaLR	1688	+	52	78573262	29877
chr17	78543385	78743385	harbor2	chr17	78573615	78573839	LTR/ERVL-MaLR	1688	+	112	78573727	30342
chr17	78543385	78743385	harbor2	chr17	78581610	78581735	LTR/ERVL-MaLR	1015	+	62	78581672	38287
chr17	78543385	78743385	harbor2	chr17	78582055	78582218	LTR/ERVL-MaLR	1015	+	82	78582137	38752
chr17	78543385	78743385	harbor2	chr17	78583386	78583586	LTR/ERVL-MaLR	2388	+	100	78583486	40101
chr17	78543385	78743385	harbor2	chr17	78583898	78584147	LTR/ERVL-MaLR	2388	+	124	78584022	40637
chr17	78543385	78743385	harbor2	chr17	78614119	78614480	LTR/ERVL-MaLR	2074	+	180	78614299	70914
chr17	78543385	78743385	harbor2	chr17	78614550	78614752	LTR/ERVL-MaLR	2116	+	101	78614651	71266
chr17	78543385	78743385	harbor2	chr17	78615049	78615232	LTR/ERVL-MaLR	2116	+	92	78615141	71756
chr17	78543385	78743385	harbor2	chr17	78615547	78615616	LTR/ERVL-MaLR	2116	+	34	78615581	72196
chr17	78543385	78743385	harbor2	chr17	78630330	78630716	LTR/ERVL-MaLR	1087	+	193	78630523	87138
chr17	78543385	78743385	harbor2	chr17	78631879	78632006	LTR/ERVL-MaLR	587	+	64	78631943	88558
chr17	78543385	78743385	harbor2	chr17	78637545	78637895	LTR/ERVL-MaLR	1225	+	175	78637720	94335
chr17	78543385	78743385	harbor2	chr17	78626673	78627079	LTR/ERVL-MaLR	1093	+	203	78626876	83491
chr17	67603675	67803675	harbor2	chr17	67652835	67653000	LTR/ERVL-MaLR	1687	+	82	67652917	49242
chr17	67603675	67803675	harbor2	chr17	67653283	67653544	LTR/ERVL-MaLR	1687	+	130	67653413	49738
chr17	76366237	76566237	harbor2	chr17	76369681	76370120	LTR/ERVL-MaLR	793	+	220	76369901	3664
chr17	76366237	76566237	harbor2	chr17	76377507	76377840	LTR/ERVL-MaLR	1517	+	166	76377673	11436
chr17	76366237	76566237	harbor2	chr17	76379384	76379591	LTR/ERVL-MaLR	902	+	104	76379488	13251
chr17	81695497	81895497	harbor2	chr17	81737898	81738389	LTR/ERVL-MaLR	1361	+	246	81738144	42647
chr17	72349274	72549274	harbor2	chr17	72373506	72373862	LTR/ERVL-MaLR	2194	+	178	72373684	24410
chr17	72349274	72549274	harbor2	chr17	72395974	72396319	LTR/ERVL-MaLR	531	+	172	72396146	46872
chr17	72349274	72549274	harbor2	chr17	72408351	72408582	LTR/ERVL-MaLR	904	+	116	72408467	59193
chr17	72349274	72549274	harbor2	chr17	72408603	72408723	LTR/ERVL-MaLR	582	+	60	72408663	59389
chr17	72349274	72549274	harbor2	chr17	72409707	72410181	LTR/ERVL-MaLR	1183	+	237	72409944	60670
chr17	72349274	72549274	harbor2	chr17	72425194	72425540	LTR/ERVL-MaLR	1769	+	173	72425367	76093
chr17	72349274	72549274	harbor2	chr17	72439523	72439874	LTR/ERVL-MaLR	2818	+	176	72439699	90425
chr17	72349274	72549274	harbor2	chr17	72417029	72417472	LTR/ERVL-MaLR	1592	+	222	72417251	67977
chr17	66840222	67040222	harbor2	chr17	66904220	66904560	LTR/ERVL-MaLR	1208	+	170	66904390	64168
chr17	66840222	67040222	harbor2	chr17	66920935	66921396	LTR/ERVL-MaLR	1190	+	230	66921165	80943
chr17	66840222	67040222	harbor2	chr17	66921628	66921993	LTR/ERVL-MaLR	2178	+	182	66921810	81588
chr17	66840222	67040222	harbor2	chr17	66929162	66929526	LTR/ERVL-MaLR	2141	+	182	66929344	89122
chr17	66840222	67040222	harbor2	chr17	66936414	66936787	LTR/ERVL-MaLR	2729	+	186	66936600	96378
chr17	66840222	67040222	harbor2	chr17	66938098	66938452	LTR/ERVL-MaLR	2371	+	177	66938275	98053
chr17	60403586	60603586	harbor2	chr17	60465057	60465372	LTR/ERVL-MaLR	521	+	158	60465215	61629
chr17	60403586	60603586	harbor2	chr17	60490624	60490978	LTR/ERVL-MaLR	2164	+	177	60490801	87215
chr17	60403586	60603586	harbor2	chr17	60490981	60491413	LTR/ERVL-MaLR	10996	+	216	60491197	87611
chr17	60403586	60603586	harbor2	chr17	60491746	60492906	LTR/ERVL-MaLR	10996	+	580	60492326	88740
chr17	60403586	60603586	harbor2	chr17	60492907	60493264	LTR/ERVL-MaLR	2163	+	178	60493085	89499
chr17	50248967	50448967	harbor2	chr17	50288544	50288809	LTR/ERVL-MaLR	575	+	132	50288676	39709
chr17	53813942	54013942	harbor2	chr17	53863588	53863931	LTR/ERVL-MaLR	2023	+	172	53863760	49818
chr17	53813942	54013942	harbor2	chr17	53901064	53901444	LTR/ERVL-MaLR	2005	+	190	53901254	87312
chr17	53813942	54013942	harbor2	chr17	53901447	53902080	LTR/ERVL-MaLR	3539	+	316	53901763	87821
chr17	72246043	72446043	harbor2	chr17	72254475	72254849	LTR/ERVL-MaLR	2239	+	187	72254662	8619
chr17	72246043	72446043	harbor2	chr17	72262775	72263318	LTR/ERVL-MaLR	1456	+	272	72263047	17004
chr17	72246043	72446043	harbor2	chr17	72275905	72276255	LTR/ERVL-MaLR	2159	+	175	72276080	30037
chr17	72246043	72446043	harbor2	chr17	72311167	72311608	LTR/ERVL-MaLR	1484	+	220	72311387	65344
chr17	76661932	76861932	harbor2	chr17	76674610	76675127	LTR/ERVL-MaLR	1160	+	258	76674868	12936
chr17	76661932	76861932	harbor2	chr17	76697038	76697439	LTR/ERVL-MaLR	1908	+	200	76697238	35306
chr17	76661932	76861932	harbor2	chr17	76705510	76705878	LTR/ERVL-MaLR	1710	+	184	76705694	43762
chr17	65706559	65906559	harbor2	chr17	65738858	65739312	LTR/ERVL-MaLR	685	+	227	65739085	32526
chr17	65706559	65906559	harbor2	chr17	65756881	65757258	LTR/ERVL-MaLR	1410	+	188	65757069	50510
chr17	65706559	65906559	harbor2	chr17	65776963	65777147	LTR/ERVL-MaLR	731	+	92	65777055	70496
chr17	65706559	65906559	harbor2	chr17	65802798	65803367	LTR/ERVL-MaLR	902	+	284	65803082	96523
chr17	65706559	65906559	harbor2	chr17	65806375	65806490	LTR/ERVL-MaLR	1850	+	58	65806433	99874
chr17	49302852	49502852	harbor2	chr17	49321657	49321993	LTR/ERVL-MaLR	745	+	168	49321825	18973
chr17	49302852	49502852	harbor2	chr17	49326262	49326967	LTR/ERVL-MaLR	1604	+	352	49326614	23762
chr17	49302852	49502852	harbor2	chr17	49328408	49328826	LTR/ERVL-MaLR	2489	+	209	49328617	25765
chr17	49302852	49502852	harbor2	chr17	49338296	49338607	LTR/ERVL-MaLR	841	+	156	49338452	35600
chr17	49302852	49502852	harbor2	chr17	49363687	49363847	LTR/ERVL-MaLR	2327	+	80	49363767	60915
chr17	49302852	49502852	harbor2	chr17	49364150	49364422	LTR/ERVL-MaLR	2327	+	136	49364286	61434
chr17	49302852	49502852	harbor2	chr17	49374194	49374611	LTR/ERVL-MaLR	2023	+	208	49374402	71550
chr17	49302852	49502852	harbor2	chr17	49376283	49376681	LTR/ERVL-MaLR	1651	+	199	49376482	73630
chr17	81226937	81426937	harbor2	chr17	81297272	81297359	LTR/ERVL-MaLR	755	+	44	81297316	70379
chr17	81226937	81426937	harbor2	chr17	81297951	81298299	LTR/ERVL-MaLR	755	+	174	81298125	71188
chr17	81226937	81426937	harbor2	chr17	81304055	81304310	LTR/ERVL-MaLR	891	+	128	81304183	77246
chr17	78853434	79053434	harbor2	chr17	78922371	78922535	LTR/ERVL-MaLR	1588	+	82	78922453	69019
chr17	78853434	79053434	harbor2	chr17	78922795	78923077	LTR/ERVL-MaLR	1588	+	141	78922936	69502
chr17	78853434	79053434	harbor2	chr17	78950664	78951185	LTR/ERVL-MaLR	2151	+	260	78950924	97490
chr17	57546062	57746062	harbor2	chr17	57611515	57611977	LTR/ERVL-MaLR	883	+	231	57611746	65684
chr17	61876160	62076160	harbor2	chr17	61953299	61953775	LTR/ERVL-MaLR	2923	+	238	61953537	77377
chr17	79526805	79726805	harbor2	chr17	79528516	79528839	LTR/ERVL-MaLR	863	+	162	79528678	1873
chr17	79526805	79726805	harbor2	chr17	79551327	79551424	LTR/ERVL-MaLR	555	+	48	79551375	24570
chr17	79526805	79726805	harbor2	chr17	79551618	79551946	LTR/ERVL-MaLR	1626	+	164	79551782	24977
chr17	79526805	79726805	harbor2	chr17	79586035	79586525	LTR/ERVL-MaLR	1491	+	245	79586280	59475
chr17	79526805	79726805	harbor2	chr17	79623335	79623530	LTR/ERVL-MaLR	1697	+	98	79623433	96628
chr17	79526805	79726805	harbor2	chr17	79623843	79624173	LTR/ERVL-MaLR	1697	+	165	79624008	97203
chr17	79526805	79726805	harbor2	chr17	79626523	79626828	LTR/ERVL-MaLR	515	+	152	79626675	99870
chr17	76713880	76913880	harbor2	chr17	76792590	76792777	LTR/ERVL-MaLR	1982	+	94	76792684	78804
chr17	76713880	76913880	harbor2	chr17	76793846	76794170	LTR/ERVL-MaLR	1982	+	162	76794008	80128
chr17	76713880	76913880	harbor2	chr17	76812972	76813169	LTR/ERVL-MaLR	891	+	98	76813070	99190
chr17	77699199	77899199	harbor2	chr17	77706479	77706808	LTR/ERVL-MaLR	1380	+	164	77706643	7444
chr17	77699199	77899199	harbor2	chr17	77707207	77707576	LTR/ERVL-MaLR	2375	+	184	77707391	8192
chr17	77699199	77899199	harbor2	chr17	77711134	77711535	LTR/ERVL-MaLR	819	+	200	77711334	12135
chr17	77699199	77899199	harbor2	chr17	77712055	77712433	LTR/ERVL-MaLR	1236	+	189	77712244	13045
chr17	77699199	77899199	harbor2	chr17	77754861	77755390	LTR/ERVL-MaLR	2591	+	264	77755125	55926
chr17	64476919	64676919	harbor2	chr17	64477215	64477674	LTR/ERVL-MaLR	632	+	230	64477445	526
chr17	64476919	64676919	harbor2	chr17	64564423	64564898	LTR/ERVL-MaLR	1886	+	238	64564661	87742
chr17	73002059	73202059	harbor2	chr17	73020169	73020500	LTR/ERVL-MaLR	1297	+	166	73020335	18276
chr17	73002059	73202059	harbor2	chr17	73023242	73023335	LTR/ERVL-MaLR	551	+	46	73023288	21229
chr17	73002059	73202059	harbor2	chr17	73023791	73024086	LTR/ERVL-MaLR	1515	+	148	73023939	21880
chr17	73002059	73202059	harbor2	chr17	73035471	73035646	LTR/ERVL-MaLR	2139	+	88	73035559	33500
chr17	73002059	73202059	harbor2	chr17	73035891	73036215	LTR/ERVL-MaLR	2139	+	162	73036053	33994
chr17	73002059	73202059	harbor2	chr17	73066141	73066419	LTR/ERVL-MaLR	842	+	139	73066280	64221
chr17	73002059	73202059	harbor2	chr17	73066698	73066923	LTR/ERVL-MaLR	826	+	112	73066810	64751
chr17	73002059	73202059	harbor2	chr17	73067120	73067323	LTR/ERVL-MaLR	533	+	102	73067222	65163
chr17	73002059	73202059	harbor2	chr17	73070608	73070958	LTR/ERVL-MaLR	2353	+	175	73070783	68724
chr17	79974564	80174564	harbor2	chr17	80000208	80000627	LTR/ERVL-MaLR	1396	+	210	80000418	25854
chr17	79974564	80174564	harbor2	chr17	80019895	80020271	LTR/ERVL-MaLR	1312	+	188	80020083	45519
chr17	61799300	61999300	harbor2	chr17	61834501	61834958	LTR/ERVL-MaLR	1189	+	228	61834729	35429
chr17	61799300	61999300	harbor2	chr17	61843432	61843832	LTR/ERVL-MaLR	2020	+	200	61843632	44332
chr17	71336547	71536547	harbor2	chr17	71345095	71345299	LTR/ERVL-MaLR	1680	+	102	71345197	8650
chr17	71336547	71536547	harbor2	chr17	71345343	71345522	LTR/ERVL-MaLR	1680	+	90	71345433	8886
chr17	71336547	71536547	harbor2	chr17	71345526	71346953	LTR/ERVL-MaLR	5633	+	714	71346240	9693
chr17	71336547	71536547	harbor2	chr17	71347264	71347518	LTR/ERVL-MaLR	5633	+	127	71347391	10844
chr17	71336547	71536547	harbor2	chr17	71347519	71347878	LTR/ERVL-MaLR	1615	+	180	71347699	11152
chr17	18360677	18560677	harbor2	chr17	18371384	18371607	LTR/ERVL-MaLR	785	+	112	18371496	10819
chr17	18360677	18560677	harbor2	chr17	18373925	18374357	LTR/ERVL-MaLR	1880	+	216	18374141	13464
chr17	18360677	18560677	harbor2	chr17	18391451	18391791	LTR/ERVL-MaLR	1701	+	170	18391621	30944
chr17	18360677	18560677	harbor2	chr17	18414000	18414435	LTR/ERVL-MaLR	1205	+	218	18414218	53541
chr17	18360677	18560677	harbor2	chr17	18415848	18416217	LTR/ERVL-MaLR	1739	+	184	18416032	55355
chr17	18360677	18560677	harbor2	chr17	18416512	18416575	LTR/ERVL-MaLR	1739	+	32	18416544	55867
chr17	52382385	52582385	harbor2	chr17	52387429	52388385	LTR/ERVL-MaLR	5087	+	478	52387907	5522
chr17	52382385	52582385	harbor2	chr17	52388386	52388769	LTR/ERVL-MaLR	2299	+	192	52388578	6193
chr17	52382385	52582385	harbor2	chr17	52411971	52412392	LTR/ERVL-MaLR	878	+	210	52412181	29796
chr17	52382385	52582385	harbor2	chr17	52415207	52415534	LTR/ERVL-MaLR	1597	+	164	52415371	32986
chr17	52382385	52582385	harbor2	chr17	52419992	52420325	LTR/ERVL-MaLR	1765	+	166	52420158	37773
chr17	52382385	52582385	harbor2	chr17	52421391	52421656	LTR/ERVL-MaLR	535	+	132	52421523	39138
chr17	52382385	52582385	harbor2	chr17	52434284	52434636	LTR/ERVL-MaLR	1715	+	176	52434460	52075
chr17	52382385	52582385	harbor2	chr17	52443609	52443978	LTR/ERVL-MaLR	2165	+	184	52443793	61408
chr17	52382385	52582385	harbor2	chr17	52445642	52445897	LTR/ERVL-MaLR	1605	+	128	52445770	63385
chr17	52382385	52582385	harbor2	chr17	52464552	52464907	LTR/ERVL-MaLR	2737	+	178	52464730	82345
chr17	52382385	52582385	harbor2	chr17	52464908	52466487	LTR/ERVL-MaLR	11115	+	790	52465698	83313
chr17	52382385	52582385	harbor2	chr17	52466490	52466840	LTR/ERVL-MaLR	2595	+	175	52466665	84280
chr17	76082968	76282968	harbor2	chr17	76113023	76113135	LTR/ERVL-MaLR	1566	+	56	76113079	30111
chr17	76082968	76282968	harbor2	chr17	76113299	76113567	LTR/ERVL-MaLR	1619	+	134	76113433	30465
chr17	56885787	57085787	harbor2	chr17	56902742	56903118	LTR/ERVL-MaLR	2211	+	188	56902930	17143
chr17	56885787	57085787	harbor2	chr17	56903424	56903476	LTR/ERVL-MaLR	2211	+	26	56903450	17663
chr17	56885787	57085787	harbor2	chr17	56903527	56904126	LTR/ERVL-MaLR	2507	+	300	56903827	18040
chr17	56885787	57085787	harbor2	chr17	56906109	56906409	LTR/ERVL-MaLR	1280	+	150	56906259	20472
chr17	56885787	57085787	harbor2	chr17	56906831	56907322	LTR/ERVL-MaLR	729	+	246	56907077	21290
chr17	56885787	57085787	harbor2	chr17	56907688	56908126	LTR/ERVL-MaLR	1339	+	219	56907907	22120
chr17	56885787	57085787	harbor2	chr17	56957663	56957790	LTR/ERVL-MaLR	787	+	64	56957727	71940
chr17	69622601	69822601	harbor2	chr17	69647550	69647926	LTR/ERVL-MaLR	1977	+	188	69647738	25137
chr17	69622601	69822601	harbor2	chr17	69666398	69666632	LTR/ERVL-MaLR	1141	+	117	69666515	43914
chr17	69622601	69822601	harbor2	chr17	69700124	69700488	LTR/ERVL-MaLR	2177	+	182	69700306	77705
chr17	65204426	65404426	harbor2	chr17	65231327	65231691	LTR/ERVL-MaLR	2192	+	182	65231509	27083
chr17	65204426	65404426	harbor2	chr17	65240193	65240561	LTR/ERVL-MaLR	2085	+	184	65240377	35951
chr17	65204426	65404426	harbor2	chr17	65241547	65241885	LTR/ERVL-MaLR	1256	+	169	65241716	37290
chr17	65204426	65404426	harbor2	chr17	65252096	65252475	LTR/ERVL-MaLR	2416	+	190	65252286	47860
chr17	65204426	65404426	harbor2	chr17	65255961	65256319	LTR/ERVL-MaLR	2085	+	179	65256140	51714
chr17	65204426	65404426	harbor2	chr17	65265949	65266365	LTR/ERVL-MaLR	2429	+	208	65266157	61731
chr17	65204426	65404426	harbor2	chr17	65268509	65268945	LTR/ERVL-MaLR	1281	+	218	65268727	64301
chr17	65204426	65404426	harbor2	chr17	65281819	65282186	LTR/ERVL-MaLR	2424	+	184	65282003	77577
chr17	65204426	65404426	harbor2	chr17	65288037	65288469	LTR/ERVL-MaLR	1977	+	216	65288253	83827
chr17	65204426	65404426	harbor2	chr17	65299516	65299754	LTR/ERVL-MaLR	2322	+	119	65299635	95209
chr17	65204426	65404426	harbor2	chr17	65300061	65300233	LTR/ERVL-MaLR	2322	+	86	65300147	95721
chr17	76098434	76298434	harbor2	chr17	76113023	76113135	LTR/ERVL-MaLR	1566	+	56	76113079	14645
chr17	76098434	76298434	harbor2	chr17	76113299	76113567	LTR/ERVL-MaLR	1619	+	134	76113433	14999
chr17	35194277	35394277	harbor2	chr17	35205486	35205692	LTR/ERVL-MaLR	1747	+	103	35205589	11312
chr17	35194277	35394277	harbor2	chr17	35205992	35206232	LTR/ERVL-MaLR	1747	+	120	35206112	11835
chr17	35194277	35394277	harbor2	chr17	35221922	35222145	LTR/ERVL-MaLR	1061	+	112	35222034	27757
chr17	35194277	35394277	harbor2	chr17	35222456	35222751	LTR/ERVL-MaLR	1061	+	148	35222604	28327
chr17	35194277	35394277	harbor2	chr17	35227251	35227345	LTR/ERVL-MaLR	1795	+	47	35227298	33021
chr17	35194277	35394277	harbor2	chr17	35227656	35228023	LTR/ERVL-MaLR	1795	+	184	35227840	33563
chr17	35194277	35394277	harbor2	chr17	35229605	35229995	LTR/ERVL-MaLR	1991	+	195	35229800	35523
chr17	35194277	35394277	harbor2	chr17	35288734	35289100	LTR/ERVL-MaLR	1328	+	183	35288917	94640
chr17	72461838	72661838	harbor2	chr17	72480006	72480357	LTR/ERVL-MaLR	1006	+	176	72480182	18344
chr17	72461838	72661838	harbor2	chr17	72491249	72491431	LTR/ERVL-MaLR	824	+	91	72491340	29502
chr17	72461838	72661838	harbor2	chr17	72491564	72491650	LTR/ERVL-MaLR	824	+	43	72491607	29769
chr17	72461838	72661838	harbor2	chr17	72497045	72497210	LTR/ERVL-MaLR	962	+	82	72497127	35289
chr17	72461838	72661838	harbor2	chr17	72497584	72497617	LTR/ERVL-MaLR	962	+	16	72497600	35762
chr17	72461838	72661838	harbor2	chr17	72497919	72498209	LTR/ERVL-MaLR	962	+	145	72498064	36226
chr17	72461838	72661838	harbor2	chr17	72514109	72514472	LTR/ERVL-MaLR	2725	+	182	72514291	52453
chr17	72461838	72661838	harbor2	chr17	72541064	72541237	LTR/ERVL-MaLR	2599	+	86	72541150	79312
chr17	72461838	72661838	harbor2	chr17	72541548	72541810	LTR/ERVL-MaLR	2599	+	131	72541679	79841
chr17	72461838	72661838	harbor2	chr17	72549076	72549264	LTR/ERVL-MaLR	2219	+	94	72549170	87332
chr17	72461838	72661838	harbor2	chr17	72549298	72549643	LTR/ERVL-MaLR	2219	+	172	72549470	87632
chr17	80544725	80744725	harbor2	chr17	80599248	80599448	LTR/ERVL-MaLR	788	+	100	80599348	54623
chr17	80544725	80744725	harbor2	chr17	80599750	80600483	LTR/ERVL-MaLR	1427	+	366	80600116	55391
chr17	80544725	80744725	harbor2	chr17	80601154	80601363	LTR/ERVL-MaLR	604	+	104	80601258	56533
chr17	69386109	69586109	harbor2	chr17	69475638	69475949	LTR/ERVL-MaLR	567	+	156	69475794	89685
chr17	27943049	28143049	harbor2	chr17	27943517	27943876	LTR/ERVL-MaLR	1586	+	180	27943697	648
chr17	27943049	28143049	harbor2	chr17	27944492	27944926	LTR/ERVL-MaLR	1742	+	217	27944709	1660
chr17	27943049	28143049	harbor2	chr17	27962262	27962708	LTR/ERVL-MaLR	855	+	223	27962485	19436
chr17	27943049	28143049	harbor2	chr17	27963000	27963066	LTR/ERVL-MaLR	691	+	33	27963033	19984
chr17	27943049	28143049	harbor2	chr17	27970644	27970871	LTR/ERVL-MaLR	983	+	114	27970758	27709
chr17	27943049	28143049	harbor2	chr17	27971472	27971514	LTR/ERVL-MaLR	983	+	21	27971493	28444
chr17	27943049	28143049	harbor2	chr17	27972007	27972237	LTR/ERVL-MaLR	983	+	115	27972122	29073
chr17	27943049	28143049	harbor2	chr17	27990243	27990636	LTR/ERVL-MaLR	2314	+	196	27990439	47390
chr17	27943049	28143049	harbor2	chr17	27997816	27997996	LTR/ERVL-MaLR	812	+	90	27997906	54857
chr17	27943049	28143049	harbor2	chr17	28010720	28011131	LTR/ERVL-MaLR	2485	+	206	28010926	67877
chr17	35385525	35585525	harbor2	chr17	35423702	35424053	LTR/ERVL-MaLR	1819	+	176	35423878	38353
chr17	35385525	35585525	harbor2	chr17	35482196	35482347	LTR/ERVL-MaLR	1696	+	76	35482272	96747
chr17	35385525	35585525	harbor2	chr17	35483432	35483632	LTR/ERVL-MaLR	1696	+	100	35483532	98007
chr17	78273104	78473104	harbor2	chr17	78296845	78297179	LTR/ERVL-MaLR	1909	+	167	78297012	23908
chr17	78273104	78473104	harbor2	chr17	78297478	78297509	LTR/ERVL-MaLR	1909	+	16	78297494	24390
chr17	78273104	78473104	harbor2	chr17	78305788	78306269	LTR/ERVL-MaLR	2067	+	240	78306028	32924
chr17	78273104	78473104	harbor2	chr17	78309530	78309750	LTR/ERVL-MaLR	1139	+	110	78309640	36536
chr17	78273104	78473104	harbor2	chr17	78311877	78312011	LTR/ERVL-MaLR	2005	+	67	78311944	38840
chr17	78273104	78473104	harbor2	chr17	78312326	78312606	LTR/ERVL-MaLR	2005	+	140	78312466	39362
chr17	78273104	78473104	harbor2	chr17	78345106	78345577	LTR/ERVL-MaLR	1496	+	236	78345342	72238
chr17	75826516	76026516	harbor2	chr17	75861910	75862310	LTR/ERVL-MaLR	2247	+	200	75862110	35594
chr17	75826516	76026516	harbor2	chr17	75862622	75862686	LTR/ERVL-MaLR	2247	+	32	75862654	36138
chr17	75826516	76026516	harbor2	chr17	75885931	75886240	LTR/ERVL-MaLR	2680	+	154	75886085	59569
chr17	75826516	76026516	harbor2	chr17	75886550	75886617	LTR/ERVL-MaLR	2680	+	34	75886584	60068
chr17	72272874	72472874	harbor2	chr17	72275905	72276255	LTR/ERVL-MaLR	2159	+	175	72276080	3206
chr17	72272874	72472874	harbor2	chr17	72311167	72311608	LTR/ERVL-MaLR	1484	+	220	72311387	38513
chr17	72272874	72472874	harbor2	chr17	72348033	72348138	LTR/ERVL-MaLR	535	+	52	72348085	75211
chr17	75374946	75574946	harbor2	chr17	75414773	75414900	LTR/ERVL-MaLR	726	+	64	75414837	39891
chr17	75374946	75574946	harbor2	chr17	75441706	75441802	LTR/ERVL-MaLR	2430	+	48	75441754	66808
chr17	75374946	75574946	harbor2	chr17	75442092	75442450	LTR/ERVL-MaLR	2430	+	179	75442271	67325
chr17	82276996	82476996	harbor2	chr17	82277532	82277907	LTR/ERVL-MaLR	1645	+	188	82277720	724
chr17	82276996	82476996	harbor2	chr17	82287796	82287945	LTR/ERVL-MaLR	597	+	74	82287870	10874
chr17	82276996	82476996	harbor2	chr17	82288078	82288197	LTR/ERVL-MaLR	597	+	60	82288138	11142
chr17	82276996	82476996	harbor2	chr17	82288265	82288442	LTR/ERVL-MaLR	764	+	88	82288353	11357
chr17	82276996	82476996	harbor2	chr17	82305686	82305985	LTR/ERVL-MaLR	724	+	150	82305836	28840
chr17	45440492	45640492	harbor2	chr17	45459852	45460262	LTR/ERVL-MaLR	1356	+	205	45460057	19565
chr17	45440492	45640492	harbor2	chr17	45460857	45460872	LTR/ERVL-MaLR	1356	+	8	45460865	20373
chr17	45440492	45640492	harbor2	chr17	45461187	45461252	LTR/ERVL-MaLR	1356	+	32	45461219	20727
chr17	62446077	62646077	harbor2	chr17	62509628	62509997	LTR/ERVL-MaLR	1571	+	184	62509812	63735
chr17	62446077	62646077	harbor2	chr17	62510280	62510325	LTR/ERVL-MaLR	1571	+	22	62510302	64225
chr17	71366730	71566730	harbor2	chr17	71462887	71463234	LTR/ERVL-MaLR	1846	+	174	71463061	96331
chr17	62893041	63093041	harbor2	chr17	62899444	62899844	LTR/ERVL-MaLR	934	+	200	62899644	6603
chr17	62893041	63093041	harbor2	chr17	62900204	62900542	LTR/ERVL-MaLR	1706	+	169	62900373	7332
chr17	62893041	63093041	harbor2	chr17	62912330	62912734	LTR/ERVL-MaLR	1943	+	202	62912532	19491
chr17	62893041	63093041	harbor2	chr17	62924359	62924858	LTR/ERVL-MaLR	2030	+	250	62924609	31568
chr17	62893041	63093041	harbor2	chr17	62929408	62929578	LTR/ERVL-MaLR	693	+	85	62929493	36452
chr17	62893041	63093041	harbor2	chr17	62929789	62929989	LTR/ERVL-MaLR	794	+	100	62929889	36848
chr17	62893041	63093041	harbor2	chr17	62932445	62932638	LTR/ERVL-MaLR	1267	+	96	62932541	39500
chr17	62893041	63093041	harbor2	chr17	62932947	62933189	LTR/ERVL-MaLR	1267	+	121	62933068	40027
chr17	62893041	63093041	harbor2	chr17	62948045	62948408	LTR/ERVL-MaLR	2136	+	182	62948227	55186
chr17	62893041	63093041	harbor2	chr17	62946975	62947423	LTR/ERVL-MaLR	1209	+	224	62947199	54158
chr17	48787446	48987446	harbor2	chr17	48882234	48882517	LTR/ERVL-MaLR	921	+	142	48882376	94930
chr17	51265157	51465157	harbor2	chr17	51336253	51336583	LTR/ERVL-MaLR	1760	+	165	51336418	71261
chr17	60305160	60505160	harbor2	chr17	60352145	60352543	LTR/ERVL-MaLR	679	+	199	60352344	47184
chr17	60305160	60505160	harbor2	chr17	60353031	60353399	LTR/ERVL-MaLR	726	+	184	60353215	48055
chr17	75332910	75532910	harbor2	chr17	75414773	75414900	LTR/ERVL-MaLR	726	+	64	75414837	81927
chr17	41748115	41948115	harbor2	chr17	41831473	41831773	LTR/ERVL-MaLR	1501	+	150	41831623	83508
chr17	41748115	41948115	harbor2	chr17	41832071	41832124	LTR/ERVL-MaLR	1501	+	26	41832097	83982
chr17	79897201	80097201	harbor2	chr17	79905664	79905991	LTR/ERVL-MaLR	1395	+	164	79905828	8627
chr17	79897201	80097201	harbor2	chr17	79955866	79956245	LTR/ERVL-MaLR	600	+	190	79956056	58855
chr17	79897201	80097201	harbor2	chr17	79956554	79956618	LTR/ERVL-MaLR	600	+	32	79956586	59385
chr17	70189372	70389372	harbor2	chr17	70212424	70212753	LTR/ERVL-MaLR	2275	+	164	70212588	23216
chr17	70189372	70389372	harbor2	chr17	70213054	70213098	LTR/ERVL-MaLR	2275	+	22	70213076	23704
chr17	70189372	70389372	harbor2	chr17	70213099	70214611	LTR/ERVL-MaLR	9963	+	756	70213855	24483
chr17	70189372	70389372	harbor2	chr17	70214612	70214977	LTR/ERVL-MaLR	2222	+	182	70214794	25422
chr17	70189372	70389372	harbor2	chr17	70267492	70268036	LTR/ERVL-MaLR	1241	+	272	70267764	78392
chr17	70189372	70389372	harbor2	chr17	70269071	70269467	LTR/ERVL-MaLR	2220	+	198	70269269	79897
chr17	70189372	70389372	harbor2	chr17	70286481	70286843	LTR/ERVL-MaLR	2134	+	181	70286662	97290
chr17	70189372	70389372	harbor2	chr17	70254255	70254773	LTR/ERVL-MaLR	1879	+	259	70254514	65142
chr17	73188702	73388702	harbor2	chr17	73196176	73196260	LTR/ERVL-MaLR	534	+	42	73196218	7516
chr17	73188702	73388702	harbor2	chr17	73265418	73265851	LTR/ERVL-MaLR	1531	+	216	73265634	76932
chr17	73188702	73388702	harbor2	chr17	73269721	73270159	LTR/ERVL-MaLR	2173	+	219	73269940	81238
chr17	73188702	73388702	harbor2	chr17	73270751	73270787	LTR/ERVL-MaLR	2173	+	18	73270769	82067
chr17	73188702	73388702	harbor2	chr17	73271105	73271148	LTR/ERVL-MaLR	2173	+	22	73271127	82425
chr17	78191468	78391468	harbor2	chr17	78197475	78197604	LTR/ERVL-MaLR	608	+	64	78197539	6071
chr17	78191468	78391468	harbor2	chr17	78200452	78200829	LTR/ERVL-MaLR	937	+	188	78200640	9172
chr17	78191468	78391468	harbor2	chr17	78242387	78242800	LTR/ERVL-MaLR	1634	+	206	78242593	51125
chr17	78191468	78391468	harbor2	chr17	78243421	78243525	LTR/ERVL-MaLR	1634	+	52	78243473	52005
chr17	74415772	74615772	harbor2	chr17	74490266	74490494	LTR/ERVL-MaLR	1635	+	114	74490380	74608
chr17	74415772	74615772	harbor2	chr17	74416004	74416136	LTR/ERVL-MaLR	507	+	66	74416070	298
chr17	66301041	66501041	harbor2	chr17	66394623	66394964	LTR/ERVL-MaLR	1938	+	170	66394793	93752
chr17	78587297	78787297	harbor2	chr17	78614119	78614480	LTR/ERVL-MaLR	2074	+	180	78614299	27002
chr17	78587297	78787297	harbor2	chr17	78614550	78614752	LTR/ERVL-MaLR	2116	+	101	78614651	27354
chr17	78587297	78787297	harbor2	chr17	78615049	78615232	LTR/ERVL-MaLR	2116	+	92	78615141	27844
chr17	78587297	78787297	harbor2	chr17	78615547	78615616	LTR/ERVL-MaLR	2116	+	34	78615581	28284
chr17	78587297	78787297	harbor2	chr17	78630330	78630716	LTR/ERVL-MaLR	1087	+	193	78630523	43226
chr17	78587297	78787297	harbor2	chr17	78631879	78632006	LTR/ERVL-MaLR	587	+	64	78631943	44646
chr17	78587297	78787297	harbor2	chr17	78637545	78637895	LTR/ERVL-MaLR	1225	+	175	78637720	50423
chr17	78587297	78787297	harbor2	chr17	78626673	78627079	LTR/ERVL-MaLR	1093	+	203	78626876	39579
chr17	80422836	80622836	harbor2	chr17	80448744	80449033	LTR/ERVL-MaLR	521	+	144	80448888	26052
chr17	80422836	80622836	harbor2	chr17	80503152	80503311	LTR/ERVL-MaLR	765	+	80	80503232	80396
chr17	66476076	66676076	harbor2	chr17	66500001	66500207	LTR/ERVL-MaLR	726	+	103	66500104	24028
chr17	66476076	66676076	harbor2	chr17	66524922	66525210	LTR/ERVL-MaLR	816	+	144	66525066	48990
chr17	66476076	66676076	harbor2	chr17	66528301	66528759	LTR/ERVL-MaLR	2044	+	229	66528530	52454
chr17	66476076	66676076	harbor2	chr17	66553432	66553756	LTR/ERVL-MaLR	1611	+	162	66553594	77518
chr17	66476076	66676076	harbor2	chr17	66556554	66556907	LTR/ERVL-MaLR	1795	+	176	66556730	80654
chr17	79125860	79325860	harbor2	chr17	79157962	79158291	LTR/ERVL-MaLR	1769	+	164	79158126	32266
chr17	32888680	33088680	harbor2	chr17	32952532	32952900	LTR/ERVL-MaLR	2267	+	184	32952716	64036
chr17	32888680	33088680	harbor2	chr17	32956117	32956570	LTR/ERVL-MaLR	1424	+	226	32956343	67663
chr17	32888680	33088680	harbor2	chr17	32986393	32986569	LTR/ERVL-MaLR	1915	+	88	32986481	97801
chr17	32888680	33088680	harbor2	chr17	32986852	32987079	LTR/ERVL-MaLR	1915	+	114	32986966	98286
chr17	55360263	55560263	harbor2	chr17	55371537	55371767	LTR/ERVL-MaLR	2274	+	115	55371652	11389
chr17	55360263	55560263	harbor2	chr17	55371768	55371945	LTR/ERVL-MaLR	2403	+	88	55371856	11593
chr17	55360263	55560263	harbor2	chr17	55372242	55372435	LTR/ERVL-MaLR	2403	+	96	55372338	12075
chr17	55360263	55560263	harbor2	chr17	55372436	55374008	LTR/ERVL-MaLR	11872	+	786	55373222	12959
chr17	55360263	55560263	harbor2	chr17	55374009	55374368	LTR/ERVL-MaLR	2448	+	180	55374189	13926
chr17	55360263	55560263	harbor2	chr17	55374369	55374503	LTR/ERVL-MaLR	2274	+	67	55374436	14173
chr17	55360263	55560263	harbor2	chr17	55386125	55386537	LTR/ERVL-MaLR	2834	+	206	55386331	26068
chr17	55360263	55560263	harbor2	chr17	55449911	55450384	LTR/ERVL-MaLR	1149	+	236	55450147	89884
chr17	58688593	58888593	harbor2	chr17	58746169	58746386	LTR/ERVL-MaLR	1131	+	108	58746277	57684
chr17	58688593	58888593	harbor2	chr17	58746686	58746757	LTR/ERVL-MaLR	1131	+	36	58746722	58129
chr17	58688593	58888593	harbor2	chr17	58746878	58747084	LTR/ERVL-MaLR	557	+	103	58746981	58388
chr17	70296240	70496240	harbor2	chr17	70305134	70305357	LTR/ERVL-MaLR	506	+	112	70305246	9006
chr17	70296240	70496240	harbor2	chr17	70339117	70339474	LTR/ERVL-MaLR	858	+	178	70339295	43055
chr17	70296240	70496240	harbor2	chr17	70339596	70339679	LTR/ERVL-MaLR	1973	+	42	70339638	43398
chr17	70296240	70496240	harbor2	chr17	70339680	70340063	LTR/ERVL-MaLR	1515	+	192	70339872	43632
chr17	70296240	70496240	harbor2	chr17	70340064	70340331	LTR/ERVL-MaLR	1973	+	134	70340198	43958
chr17	70296240	70496240	harbor2	chr17	70362836	70363100	LTR/ERVL-MaLR	648	+	132	70362968	66728
chr17	70296240	70496240	harbor2	chr17	70389281	70389528	LTR/ERVL-MaLR	2609	+	124	70389405	93165
chr17	70296240	70496240	harbor2	chr17	70389819	70389946	LTR/ERVL-MaLR	2609	+	64	70389883	93643
chr17	81389846	81589846	harbor2	chr17	81476634	81477071	LTR/ERVL-MaLR	1397	+	218	81476852	87006
chr17	69152662	69352662	harbor2	chr17	69168636	69168987	LTR/ERVL-MaLR	1984	+	176	69168812	16150
chr17	69152662	69352662	harbor2	chr17	69172238	69172622	LTR/ERVL-MaLR	2241	+	192	69172430	19768
chr17	69152662	69352662	harbor2	chr17	69229948	69230334	LTR/ERVL-MaLR	1449	+	193	69230141	77479
chr17	69152662	69352662	harbor2	chr17	69237653	69237880	LTR/ERVL-MaLR	1756	+	114	69237767	85105
chr17	69152662	69352662	harbor2	chr17	69238177	69238370	LTR/ERVL-MaLR	1756	+	96	69238273	85611
chr17	61767756	61967756	harbor2	chr17	61768658	61769332	LTR/ERVL-MaLR	2320	+	337	61768995	1239
chr17	61767756	61967756	harbor2	chr17	61784542	61784949	LTR/ERVL-MaLR	2326	+	204	61784746	16990
chr17	61767756	61967756	harbor2	chr17	61834501	61834958	LTR/ERVL-MaLR	1189	+	228	61834729	66973
chr17	61767756	61967756	harbor2	chr17	61843432	61843832	LTR/ERVL-MaLR	2020	+	200	61843632	75876
chr17	64742160	64942160	harbor2	chr17	64806517	64806930	LTR/ERVL-MaLR	1653	+	206	64806723	64563
chr17	64742160	64942160	harbor2	chr17	64807839	64807904	LTR/ERVL-MaLR	1653	+	32	64807871	65711
chr17	33595173	33795173	harbor2	chr17	33600219	33600443	LTR/ERVL-MaLR	1114	+	112	33600331	5158
chr17	33595173	33795173	harbor2	chr17	33600453	33600597	LTR/ERVL-MaLR	720	+	72	33600525	5352
chr17	33595173	33795173	harbor2	chr17	33600741	33602235	LTR/ERVL-MaLR	4312	+	747	33601488	6315
chr17	33595173	33795173	harbor2	chr17	33602240	33602596	LTR/ERVL-MaLR	1992	+	178	33602418	7245
chr17	33595173	33795173	harbor2	chr17	33624975	33625129	LTR/ERVL-MaLR	1518	+	77	33625052	29879
chr17	33595173	33795173	harbor2	chr17	33625240	33625594	LTR/ERVL-MaLR	1518	+	177	33625417	30244
chr17	33595173	33795173	harbor2	chr17	33676783	33677155	LTR/ERVL-MaLR	979	+	186	33676969	81796
chr17	33595173	33795173	harbor2	chr17	33689620	33690062	LTR/ERVL-MaLR	1089	+	221	33689841	94668
chr17	28546968	28746968	harbor2	chr17	28631057	28631432	LTR/ERVL-MaLR	1582	+	188	28631245	84277
chr17	28546968	28746968	harbor2	chr17	28632421	28632776	LTR/ERVL-MaLR	1938	+	178	28632599	85631
chr17	13802079	14002079	harbor2	chr17	13809750	13810120	LTR/ERVL-MaLR	2233	+	185	13809935	7856
chr17	13802079	14002079	harbor2	chr17	13829815	13829971	LTR/ERVL-MaLR	614	+	78	13829893	27814
chr17	13802079	14002079	harbor2	chr17	13830147	13830478	LTR/ERVL-MaLR	1069	+	166	13830313	28234
chr17	13802079	14002079	harbor2	chr17	13832373	13832819	LTR/ERVL-MaLR	1505	+	223	13832596	30517
chr17	13802079	14002079	harbor2	chr17	13832970	13833054	LTR/ERVL-MaLR	1863	+	42	13833012	30933
chr17	13802079	14002079	harbor2	chr17	13833354	13833782	LTR/ERVL-MaLR	1863	+	214	13833568	31489
chr17	13802079	14002079	harbor2	chr17	13834695	13834884	LTR/ERVL-MaLR	928	+	94	13834789	32710
chr17	13802079	14002079	harbor2	chr17	13835307	13835327	LTR/ERVL-MaLR	928	+	10	13835317	33238
chr17	13802079	14002079	harbor2	chr17	13835496	13835833	LTR/ERVL-MaLR	928	+	168	13835664	33585
chr17	13802079	14002079	harbor2	chr17	13873092	13873225	LTR/ERVL-MaLR	1048	+	66	13873158	71079
chr17	13802079	14002079	harbor2	chr17	13873505	13873729	LTR/ERVL-MaLR	1048	+	112	13873617	71538
chr17	13802079	14002079	harbor2	chr17	13873736	13874133	LTR/ERVL-MaLR	2145	+	198	13873934	71855
chr17	13802079	14002079	harbor2	chr17	13878799	13878938	LTR/ERVL-MaLR	558	+	70	13878869	76790
chr17	62065951	62265951	harbor2	chr17	62083580	62084079	LTR/ERVL-MaLR	829	+	250	62083830	17879
chr17	62065951	62265951	harbor2	chr17	62091886	62092208	LTR/ERVL-MaLR	1280	+	161	62092047	26096
chr17	62065951	62265951	harbor2	chr17	62092792	62092969	LTR/ERVL-MaLR	861	+	88	62092880	26929
chr17	62065951	62265951	harbor2	chr17	62127102	62127238	LTR/ERVL-MaLR	867	+	68	62127170	61219
chr17	62065951	62265951	harbor2	chr17	62127532	62127853	LTR/ERVL-MaLR	867	+	160	62127692	61741
chr17	62065951	62265951	harbor2	chr17	62162916	62163408	LTR/ERVL-MaLR	1721	+	246	62163162	97211
chr17	79511783	79711783	harbor2	chr17	79528516	79528839	LTR/ERVL-MaLR	863	+	162	79528678	16895
chr17	79511783	79711783	harbor2	chr17	79551327	79551424	LTR/ERVL-MaLR	555	+	48	79551375	39592
chr17	79511783	79711783	harbor2	chr17	79551618	79551946	LTR/ERVL-MaLR	1626	+	164	79551782	39999
chr17	79511783	79711783	harbor2	chr17	79586035	79586525	LTR/ERVL-MaLR	1491	+	245	79586280	74497
chr17	83156435	83356435	harbor2	chr17	83177305	83177646	LTR/ERVL-MaLR	1527	+	170	83177475	21040
chr17	83156435	83356435	harbor2	chr17	83186141	83186370	LTR/ERVL-MaLR	704	+	114	83186255	29820
chr17	83156435	83356435	harbor2	chr17	83187929	83188651	LTR/ERVL-MaLR	2120	+	361	83188290	31855
chr17	83156435	83356435	harbor2	chr17	83188687	83189163	LTR/ERVL-MaLR	2439	+	238	83188925	32490
chr17	83156435	83356435	harbor2	chr17	83242814	83243175	LTR/ERVL-MaLR	2225	+	180	83242994	86559
chr17	70181525	70381525	harbor2	chr17	70212424	70212753	LTR/ERVL-MaLR	2275	+	164	70212588	31063
chr17	70181525	70381525	harbor2	chr17	70213054	70213098	LTR/ERVL-MaLR	2275	+	22	70213076	31551
chr17	70181525	70381525	harbor2	chr17	70213099	70214611	LTR/ERVL-MaLR	9963	+	756	70213855	32330
chr17	70181525	70381525	harbor2	chr17	70214612	70214977	LTR/ERVL-MaLR	2222	+	182	70214794	33269
chr17	70181525	70381525	harbor2	chr17	70267492	70268036	LTR/ERVL-MaLR	1241	+	272	70267764	86239
chr17	70181525	70381525	harbor2	chr17	70269071	70269467	LTR/ERVL-MaLR	2220	+	198	70269269	87744
chr17	70181525	70381525	harbor2	chr17	70254255	70254773	LTR/ERVL-MaLR	1879	+	259	70254514	72989
chr17	83120033	83320033	harbor2	chr17	83149530	83149794	LTR/ERVL-MaLR	1321	+	132	83149662	29629
chr17	83120033	83320033	harbor2	chr17	83177305	83177646	LTR/ERVL-MaLR	1527	+	170	83177475	57442
chr17	83120033	83320033	harbor2	chr17	83186141	83186370	LTR/ERVL-MaLR	704	+	114	83186255	66222
chr17	83120033	83320033	harbor2	chr17	83187929	83188651	LTR/ERVL-MaLR	2120	+	361	83188290	68257
chr17	83120033	83320033	harbor2	chr17	83188687	83189163	LTR/ERVL-MaLR	2439	+	238	83188925	68892
chr17	61109322	61309322	harbor2	chr17	61164276	61164372	LTR/ERVL-MaLR	1849	+	48	61164324	55002
chr17	61109322	61309322	harbor2	chr17	61164501	61164814	LTR/ERVL-MaLR	1849	+	156	61164657	55335
chr17	30338405	30538405	harbor2	chr17	30345786	30346296	LTR/ERVL-MaLR	2176	+	255	30346041	7636
chr17	30338405	30538405	harbor2	chr17	30369712	30370207	LTR/ERVL-MaLR	1050	+	248	30369960	31555
chr17	33535408	33735408	harbor2	chr17	33535775	33535977	LTR/ERVL-MaLR	676	+	101	33535876	468
chr17	33535408	33735408	harbor2	chr17	33546795	33547002	LTR/ERVL-MaLR	618	+	104	33546899	11491
chr17	33535408	33735408	harbor2	chr17	33547188	33547253	LTR/ERVL-MaLR	618	+	32	33547220	11812
chr17	33535408	33735408	harbor2	chr17	33565645	33565835	LTR/ERVL-MaLR	595	+	95	33565740	30332
chr17	33535408	33735408	harbor2	chr17	33581025	33581440	LTR/ERVL-MaLR	2103	+	208	33581233	45825
chr17	33535408	33735408	harbor2	chr17	33582050	33582173	LTR/ERVL-MaLR	2103	+	62	33582112	46704
chr17	33535408	33735408	harbor2	chr17	33600219	33600443	LTR/ERVL-MaLR	1114	+	112	33600331	64923
chr17	33535408	33735408	harbor2	chr17	33600453	33600597	LTR/ERVL-MaLR	720	+	72	33600525	65117
chr17	33535408	33735408	harbor2	chr17	33600741	33602235	LTR/ERVL-MaLR	4312	+	747	33601488	66080
chr17	33535408	33735408	harbor2	chr17	33602240	33602596	LTR/ERVL-MaLR	1992	+	178	33602418	67010
chr17	33535408	33735408	harbor2	chr17	33624975	33625129	LTR/ERVL-MaLR	1518	+	77	33625052	89644
chr17	33535408	33735408	harbor2	chr17	33625240	33625594	LTR/ERVL-MaLR	1518	+	177	33625417	90009
chr17	55195700	55395700	harbor2	chr17	55220323	55220584	LTR/ERVL-MaLR	788	+	130	55220453	24753
chr17	55195700	55395700	harbor2	chr17	55232479	55232790	LTR/ERVL-MaLR	702	+	156	55232635	36935
chr17	55195700	55395700	harbor2	chr17	55232902	55233277	LTR/ERVL-MaLR	2348	+	188	55233090	37390
chr17	55195700	55395700	harbor2	chr17	55246066	55246512	LTR/ERVL-MaLR	917	+	223	55246289	50589
chr17	55195700	55395700	harbor2	chr17	55247753	55248153	LTR/ERVL-MaLR	1056	+	200	55247953	52253
chr17	55195700	55395700	harbor2	chr17	55250270	55250703	LTR/ERVL-MaLR	2428	+	216	55250486	54786
chr17	55195700	55395700	harbor2	chr17	55253403	55253846	LTR/ERVL-MaLR	1559	+	222	55253625	57925
chr17	55195700	55395700	harbor2	chr17	55262117	55262239	LTR/ERVL-MaLR	584	+	61	55262178	66478
chr17	80082491	80282491	harbor2	chr17	80150869	80151242	LTR/ERVL-MaLR	2020	+	186	80151055	68564
chr17	67813531	68013531	harbor2	chr17	67818815	67818949	LTR/ERVL-MaLR	524	+	67	67818882	5351
chr17	76287224	76487224	harbor2	chr17	76302393	76302821	LTR/ERVL-MaLR	1391	+	214	76302607	15383
chr17	76287224	76487224	harbor2	chr17	76357629	76357984	LTR/ERVL-MaLR	1677	+	178	76357807	70583
chr17	76287224	76487224	harbor2	chr17	76369681	76370120	LTR/ERVL-MaLR	793	+	220	76369901	82677
chr17	76287224	76487224	harbor2	chr17	76377507	76377840	LTR/ERVL-MaLR	1517	+	166	76377673	90449
chr17	76287224	76487224	harbor2	chr17	76379384	76379591	LTR/ERVL-MaLR	902	+	104	76379488	92264
chr17	65262835	65462835	harbor2	chr17	65265949	65266365	LTR/ERVL-MaLR	2429	+	208	65266157	3322
chr17	65262835	65462835	harbor2	chr17	65268509	65268945	LTR/ERVL-MaLR	1281	+	218	65268727	5892
chr17	65262835	65462835	harbor2	chr17	65281819	65282186	LTR/ERVL-MaLR	2424	+	184	65282003	19168
chr17	65262835	65462835	harbor2	chr17	65288037	65288469	LTR/ERVL-MaLR	1977	+	216	65288253	25418
chr17	65262835	65462835	harbor2	chr17	65299516	65299754	LTR/ERVL-MaLR	2322	+	119	65299635	36800
chr17	65262835	65462835	harbor2	chr17	65300061	65300233	LTR/ERVL-MaLR	2322	+	86	65300147	37312
chr17	65262835	65462835	harbor2	chr17	65328553	65329079	LTR/ERVL-MaLR	2304	+	263	65328816	65981
chr17	65262835	65462835	harbor2	chr17	65331766	65332210	LTR/ERVL-MaLR	1791	+	222	65331988	69153
chr17	76095738	76295738	harbor2	chr17	76113023	76113135	LTR/ERVL-MaLR	1566	+	56	76113079	17341
chr17	76095738	76295738	harbor2	chr17	76113299	76113567	LTR/ERVL-MaLR	1619	+	134	76113433	17695
chr17	82110689	82310689	harbor2	chr17	82170075	82170228	LTR/ERVL-MaLR	1422	+	76	82170151	59462
chr17	82110689	82310689	harbor2	chr17	82170536	82170769	LTR/ERVL-MaLR	1422	+	116	82170652	59963
chr17	82110689	82310689	harbor2	chr17	82180121	82180452	LTR/ERVL-MaLR	1093	+	166	82180287	69598
chr17	82110689	82310689	harbor2	chr17	82202997	82203407	LTR/ERVL-MaLR	1904	+	205	82203202	92513
chr18	63824874	64024874	harbor2	chr18	63828065	63828452	LTR/ERVL-MaLR	2452	+	194	63828259	3385
chr18	63824874	64024874	harbor2	chr18	63905307	63905670	LTR/ERVL-MaLR	1427	+	182	63905489	80615
chr18	63824874	64024874	harbor2	chr18	63906095	63906505	LTR/ERVL-MaLR	2425	+	205	63906300	81426
chr18	43102168	43302168	harbor2	chr18	43133552	43133906	LTR/ERVL-MaLR	2660	+	177	43133729	31561
chr18	43102168	43302168	harbor2	chr18	43137380	43137701	LTR/ERVL-MaLR	1933	+	160	43137540	35372
chr18	43102168	43302168	harbor2	chr18	43181792	43182042	LTR/ERVL-MaLR	1032	+	125	43181917	79749
chr18	43102168	43302168	harbor2	chr18	43182109	43182226	LTR/ERVL-MaLR	397	+	58	43182167	79999
chr18	43102168	43302168	harbor2	chr18	43182218	43182322	LTR/ERVL-MaLR	477	+	52	43182270	80102
chr18	43102168	43302168	harbor2	chr18	43196742	43196887	LTR/ERVL-MaLR	934	+	72	43196814	94646
chr18	43102168	43302168	harbor2	chr18	43197105	43197322	LTR/ERVL-MaLR	934	+	108	43197213	95045
chr18	42176356	42376356	harbor2	chr18	42186474	42186845	LTR/ERVL-MaLR	2442	+	186	42186660	10304
chr18	42176356	42376356	harbor2	chr18	42203641	42204003	LTR/ERVL-MaLR	2192	+	181	42203822	27466
chr18	42176356	42376356	harbor2	chr18	42205559	42205903	LTR/ERVL-MaLR	1812	+	172	42205731	29375
chr18	42176356	42376356	harbor2	chr18	42208488	42208809	LTR/ERVL-MaLR	1679	+	160	42208648	32292
chr18	42176356	42376356	harbor2	chr18	42246121	42246496	LTR/ERVL-MaLR	1973	+	188	42246309	69953
chr18	42176356	42376356	harbor2	chr18	42259027	42259406	LTR/ERVL-MaLR	2243	+	190	42259217	82861
chr18	42176356	42376356	harbor2	chr18	42204004	42205557	LTR/ERVL-MaLR	11444	+	776	42204780	28424
chr18	46018483	46218483	harbor2	chr18	46033250	46033415	LTR/ERVL-MaLR	1846	+	82	46033332	14849
chr18	46018483	46218483	harbor2	chr18	46033717	46033994	LTR/ERVL-MaLR	1846	+	138	46033855	15372
chr18	46018483	46218483	harbor2	chr18	46047964	46048468	LTR/ERVL-MaLR	2195	+	252	46048216	29733
chr18	46018483	46218483	harbor2	chr18	46064040	46064209	LTR/ERVL-MaLR	627	+	84	46064124	45641
chr18	46018483	46218483	harbor2	chr18	46074092	46074294	LTR/ERVL-MaLR	2128	+	101	46074193	55710
chr18	46018483	46218483	harbor2	chr18	46074602	46074812	LTR/ERVL-MaLR	2128	+	105	46074707	56224
chr18	32203770	32403770	harbor2	chr18	32227866	32228065	LTR/ERVL-MaLR	898	+	100	32227966	24196
chr18	32203770	32403770	harbor2	chr18	32233935	32234133	LTR/ERVL-MaLR	1060	+	99	32234034	30264
chr18	32203770	32403770	harbor2	chr18	32242385	32242401	LTR/ERVL-MaLR	2732	+	8	32242393	38623
chr18	32203770	32403770	harbor2	chr18	32242981	32243424	LTR/ERVL-MaLR	2732	+	222	32243203	39433
chr18	32203770	32403770	harbor2	chr18	32292475	32292825	LTR/ERVL-MaLR	1884	+	175	32292650	88880
chr18	54458323	54658323	harbor2	chr18	54475669	54476103	LTR/ERVL-MaLR	1790	+	217	54475886	17563
chr18	54458323	54658323	harbor2	chr18	54546168	54546546	LTR/ERVL-MaLR	2666	+	189	54546357	88034
chr18	54458323	54658323	harbor2	chr18	54546548	54548009	LTR/ERVL-MaLR	9341	+	730	54547278	88955
chr18	54458323	54658323	harbor2	chr18	54548010	54548367	LTR/ERVL-MaLR	2292	+	178	54548188	89865
chr18	77142677	77342677	harbor2	chr18	77142562	77144127	LTR/ERVL-MaLR	12146	+	782	77143344	667
chr18	77142677	77342677	harbor2	chr18	77144128	77144484	LTR/ERVL-MaLR	2189	+	178	77144306	1629
chr18	77142677	77342677	harbor2	chr18	77153493	77153820	LTR/ERVL-MaLR	1432	+	164	77153657	10980
chr18	77142677	77342677	harbor2	chr18	77154991	77155432	LTR/ERVL-MaLR	1209	+	220	77155211	12534
chr18	77142677	77342677	harbor2	chr18	77155684	77156088	LTR/ERVL-MaLR	1827	+	202	77155886	13209
chr18	77142677	77342677	harbor2	chr18	77156392	77156470	LTR/ERVL-MaLR	1827	+	39	77156431	13754
chr18	77142677	77342677	harbor2	chr18	77158781	77159145	LTR/ERVL-MaLR	1097	+	182	77158963	16286
chr18	77142677	77342677	harbor2	chr18	77159302	77159635	LTR/ERVL-MaLR	1474	+	166	77159468	16791
chr18	77142677	77342677	harbor2	chr18	77175463	77175741	LTR/ERVL-MaLR	1319	+	139	77175602	32925
chr18	77142677	77342677	harbor2	chr18	77177066	77177130	LTR/ERVL-MaLR	550	+	32	77177098	34421
chr18	77142677	77342677	harbor2	chr18	77188291	77188669	LTR/ERVL-MaLR	2391	+	189	77188480	45803
chr18	77142677	77342677	harbor2	chr18	77216485	77216836	LTR/ERVL-MaLR	2236	+	176	77216661	73984
chr18	77142677	77342677	harbor2	chr18	77236930	77237294	LTR/ERVL-MaLR	2315	+	182	77237112	94435
chr18	33194929	33394929	harbor2	chr18	33244367	33244713	LTR/ERVL-MaLR	2035	+	173	33244540	49611
chr18	33194929	33394929	harbor2	chr18	33254858	33255302	LTR/ERVL-MaLR	2666	+	222	33255080	60151
chr18	33194929	33394929	harbor2	chr18	33264692	33264842	LTR/ERVL-MaLR	530	+	75	33264767	69838
chr18	33194929	33394929	harbor2	chr18	33264832	33264930	LTR/ERVL-MaLR	452	+	49	33264881	69952
chr18	33194929	33394929	harbor2	chr18	33291676	33291870	LTR/ERVL-MaLR	1127	+	97	33291773	96844
chr18	33194929	33394929	harbor2	chr18	33292716	33292760	LTR/ERVL-MaLR	1127	+	22	33292738	97809
chr18	33194929	33394929	harbor2	chr18	33292829	33293038	LTR/ERVL-MaLR	1127	+	104	33292933	98004
chr18	35761091	35961091	harbor2	chr18	35782137	35782591	LTR/ERVL-MaLR	1566	+	227	35782364	21273
chr18	35761091	35961091	harbor2	chr18	35802522	35802908	LTR/ERVL-MaLR	1026	+	193	35802715	41624
chr18	35761091	35961091	harbor2	chr18	35806321	35806675	LTR/ERVL-MaLR	2510	+	177	35806498	45407
chr18	35761091	35961091	harbor2	chr18	35821020	35821403	LTR/ERVL-MaLR	1758	+	192	35821212	60121
chr18	35761091	35961091	harbor2	chr18	35821725	35821849	LTR/ERVL-MaLR	1758	+	62	35821787	60696
chr18	31516987	31716987	harbor2	chr18	31556800	31557174	LTR/ERVL-MaLR	2208	+	187	31556987	40000
chr18	31516987	31716987	harbor2	chr18	31557472	31557517	LTR/ERVL-MaLR	2208	+	22	31557494	40507
chr18	31516987	31716987	harbor2	chr18	31568351	31568773	LTR/ERVL-MaLR	3017	+	211	31568562	51575
chr18	31516987	31716987	harbor2	chr18	31577808	31578166	LTR/ERVL-MaLR	1997	+	179	31577987	61000
chr18	31516987	31716987	harbor2	chr18	31608076	31608393	LTR/ERVL-MaLR	1599	+	158	31608234	91247
chr18	77206532	77406532	harbor2	chr18	77216485	77216836	LTR/ERVL-MaLR	2236	+	176	77216661	10129
chr18	77206532	77406532	harbor2	chr18	77236930	77237294	LTR/ERVL-MaLR	2315	+	182	77237112	30580
chr18	77206532	77406532	harbor2	chr18	77277237	77277599	LTR/ERVL-MaLR	1832	+	181	77277418	70886
chr18	77206532	77406532	harbor2	chr18	77282199	77282636	LTR/ERVL-MaLR	1870	+	218	77282417	75885
chr18	77206532	77406532	harbor2	chr18	77293805	77294000	LTR/ERVL-MaLR	845	+	98	77293903	87371
chr18	77206532	77406532	harbor2	chr18	77294001	77294193	LTR/ERVL-MaLR	2198	+	96	77294097	87565
chr18	77206532	77406532	harbor2	chr18	77294194	77294379	LTR/ERVL-MaLR	1814	+	92	77294286	87754
chr18	77206532	77406532	harbor2	chr18	77294421	77294608	LTR/ERVL-MaLR	1814	+	94	77294515	87983
chr18	77206532	77406532	harbor2	chr18	77294609	77294812	LTR/ERVL-MaLR	2198	+	102	77294711	88179
chr18	77206532	77406532	harbor2	chr18	77303031	77303382	LTR/ERVL-MaLR	2220	+	176	77303207	96675
chr18	77206532	77406532	harbor2	chr18	77305042	77305300	LTR/ERVL-MaLR	431	+	129	77305171	98639
chr18	77206532	77406532	harbor2	chr18	77305430	77305731	LTR/ERVL-MaLR	431	+	150	77305580	99048
chr18	78390464	78590464	harbor2	chr18	78470083	78470454	LTR/ERVL-MaLR	2240	+	186	78470269	79805
chr18	78390464	78590464	harbor2	chr18	78471032	78471368	LTR/ERVL-MaLR	1411	+	168	78471200	80736
chr18	78390464	78590464	harbor2	chr18	78473034	78473389	LTR/ERVL-MaLR	2324	+	178	78473212	82748
chr18	78390464	78590464	harbor2	chr18	78476273	78476641	LTR/ERVL-MaLR	2486	+	184	78476457	85993
chr18	74701340	74901340	harbor2	chr18	74711237	74711667	LTR/ERVL-MaLR	1173	+	215	74711452	10112
chr18	74701340	74901340	harbor2	chr18	74775608	74775654	LTR/ERVL-MaLR	1662	+	23	74775631	74291
chr18	74701340	74901340	harbor2	chr18	74776066	74776360	LTR/ERVL-MaLR	1662	+	147	74776213	74873
chr18	79996980	80196980	harbor2	chr18	79999729	80000000	LTR/ERVL-MaLR	1598	+	136	79999865	2885
chr18	79996980	80196980	harbor2	chr18	80000001	80000090	LTR/ERVL-MaLR	598	+	44	80000045	3065
chr18	79996980	80196980	harbor2	chr18	80000091	80000644	LTR/ERVL-MaLR	11208	+	276	80000367	3387
chr18	79996980	80196980	harbor2	chr18	80000940	80001968	LTR/ERVL-MaLR	11208	+	514	80001454	4474
chr18	79996980	80196980	harbor2	chr18	80001969	80002191	LTR/ERVL-MaLR	1242	+	111	80002080	5100
chr18	79996980	80196980	harbor2	chr18	80019948	80020189	LTR/ERVL-MaLR	1568	+	120	80020068	23088
chr18	79996980	80196980	harbor2	chr18	80056836	80057189	LTR/ERVL-MaLR	2082	+	176	80057012	60032
chr18	79996980	80196980	harbor2	chr18	80085132	80085551	LTR/ERVL-MaLR	3013	+	210	80085342	88362
chr18	79996980	80196980	harbor2	chr18	80085930	80086309	LTR/ERVL-MaLR	2206	+	190	80086120	89140
chr18	79996980	80196980	harbor2	chr18	80094226	80094626	LTR/ERVL-MaLR	2457	+	200	80094426	97446
chr18	65161972	65361972	harbor2	chr18	65174985	65175349	LTR/ERVL-MaLR	2099	+	182	65175167	13195
chr18	65161972	65361972	harbor2	chr18	65183066	65183507	LTR/ERVL-MaLR	1274	+	220	65183286	21314
chr18	65161972	65361972	harbor2	chr18	65211227	65211588	LTR/ERVL-MaLR	1768	+	180	65211407	49435
chr18	65161972	65361972	harbor2	chr18	65225052	65225413	LTR/ERVL-MaLR	1835	+	180	65225232	63260
chr18	65161972	65361972	harbor2	chr18	65231909	65232249	LTR/ERVL-MaLR	1724	+	170	65232079	70107
chr18	65161972	65361972	harbor2	chr18	65232252	65233775	LTR/ERVL-MaLR	9577	+	762	65233014	71042
chr18	65161972	65361972	harbor2	chr18	65233776	65234130	LTR/ERVL-MaLR	1953	+	177	65233953	71981
chr18	71478694	71678694	harbor2	chr18	71504526	71504875	LTR/ERVL-MaLR	2084	+	174	71504700	26006
chr18	71478694	71678694	harbor2	chr18	71521831	71522322	LTR/ERVL-MaLR	1389	+	246	71522077	43383
chr18	71478694	71678694	harbor2	chr18	71548402	71548773	LTR/ERVL-MaLR	1353	+	186	71548588	69894
chr18	71478694	71678694	harbor2	chr18	71551900	71552294	LTR/ERVL-MaLR	2003	+	197	71552097	73403
chr18	71478694	71678694	harbor2	chr18	71552299	71553986	LTR/ERVL-MaLR	7930	+	844	71553143	74449
chr18	71478694	71678694	harbor2	chr18	71553985	71554353	LTR/ERVL-MaLR	1628	+	184	71554169	75475
chr18	71478694	71678694	harbor2	chr18	71554648	71554715	LTR/ERVL-MaLR	1628	+	34	71554682	75988
chr18	76564250	76764250	harbor2	chr18	76606192	76606545	LTR/ERVL-MaLR	1742	+	176	76606368	42118
chr18	76564250	76764250	harbor2	chr18	76617315	76617518	LTR/ERVL-MaLR	490	+	102	76617417	53167
chr18	76564250	76764250	harbor2	chr18	76617569	76617736	LTR/ERVL-MaLR	616	+	84	76617653	53403
chr18	76564250	76764250	harbor2	chr18	76626698	76626807	LTR/ERVL-MaLR	578	+	54	76626752	62502
chr18	76564250	76764250	harbor2	chr18	76633572	76633741	LTR/ERVL-MaLR	719	+	84	76633656	69406
chr18	22243581	22443581	harbor2	chr18	22305578	22305977	LTR/ERVL-MaLR	760	+	200	22305778	62197
chr18	22243581	22443581	harbor2	chr18	22316924	22317350	LTR/ERVL-MaLR	1488	+	213	22317137	73556
chr18	22243581	22443581	harbor2	chr18	22326568	22327050	LTR/ERVL-MaLR	1559	+	241	22326809	83228
chr18	22243581	22443581	harbor2	chr18	22332802	22333366	LTR/ERVL-MaLR	1773	+	282	22333084	89503
chr18	60743468	60943468	harbor2	chr18	60755790	60756151	LTR/ERVL-MaLR	1790	+	180	60755970	12502
chr18	60743468	60943468	harbor2	chr18	60761345	60761704	LTR/ERVL-MaLR	2352	+	180	60761525	18057
chr18	60743468	60943468	harbor2	chr18	60778574	60778987	LTR/ERVL-MaLR	2465	+	206	60778780	35312
chr18	60743468	60943468	harbor2	chr18	60780652	60781025	LTR/ERVL-MaLR	2462	+	186	60780838	37370
chr18	60743468	60943468	harbor2	chr18	60783354	60783714	LTR/ERVL-MaLR	1791	+	180	60783534	40066
chr18	60743468	60943468	harbor2	chr18	60785318	60785692	LTR/ERVL-MaLR	2020	+	187	60785505	42037
chr18	60743468	60943468	harbor2	chr18	60805614	60805764	LTR/ERVL-MaLR	622	+	75	60805689	62221
chr18	60743468	60943468	harbor2	chr18	60839267	60839533	LTR/ERVL-MaLR	637	+	133	60839400	95932
chr18	60743468	60943468	harbor2	chr18	60840937	60841185	LTR/ERVL-MaLR	806	+	124	60841061	97593
chr18	60743468	60943468	harbor2	chr18	60783906	60785317	LTR/ERVL-MaLR	9078	+	706	60784612	41144
chr18	28673418	28873418	harbor2	chr18	28678792	28678887	LTR/ERVL-MaLR	399	+	48	28678840	5422
chr18	28673418	28873418	harbor2	chr18	28678915	28679081	LTR/ERVL-MaLR	481	+	83	28678998	5580
chr18	28673418	28873418	harbor2	chr18	28679337	28679524	LTR/ERVL-MaLR	597	+	94	28679431	6013
chr18	28673418	28873418	harbor2	chr18	28730009	28730363	LTR/ERVL-MaLR	2086	+	177	28730186	56768
chr18	28673418	28873418	harbor2	chr18	28736939	28737300	LTR/ERVL-MaLR	2011	+	180	28737119	63701
chr18	28673418	28873418	harbor2	chr18	28747867	28748221	LTR/ERVL-MaLR	1196	+	177	28748044	74626
chr18	28673418	28873418	harbor2	chr18	28766631	28766990	LTR/ERVL-MaLR	1350	+	180	28766811	93393
chr18	76049777	76249777	harbor2	chr18	76058827	76059269	LTR/ERVL-MaLR	1238	+	221	76059048	9271
chr18	76049777	76249777	harbor2	chr18	76059514	76059849	LTR/ERVL-MaLR	1411	+	168	76059682	9905
chr18	76049777	76249777	harbor2	chr18	76072307	76072767	LTR/ERVL-MaLR	470	+	230	76072537	22760
chr18	76049777	76249777	harbor2	chr18	76072842	76073225	LTR/ERVL-MaLR	1312	+	192	76073034	23257
chr18	76049777	76249777	harbor2	chr18	76075005	76075295	LTR/ERVL-MaLR	1058	+	145	76075150	25373
chr18	76049777	76249777	harbor2	chr18	76099948	76100296	LTR/ERVL-MaLR	1669	+	174	76100122	50345
chr18	76049777	76249777	harbor2	chr18	76120607	76120983	LTR/ERVL-MaLR	2271	+	188	76120795	71018
chr18	76049777	76249777	harbor2	chr18	76130576	76130926	LTR/ERVL-MaLR	852	+	175	76130751	80974
chr18	76049777	76249777	harbor2	chr18	76140344	76140706	LTR/ERVL-MaLR	2045	+	181	76140525	90748
chr18	40681131	40881131	harbor2	chr18	40685424	40685660	LTR/ERVL-MaLR	605	+	118	40685542	4411
chr18	40681131	40881131	harbor2	chr18	40697320	40697695	LTR/ERVL-MaLR	2206	+	188	40697508	16377
chr18	40681131	40881131	harbor2	chr18	40699077	40699450	LTR/ERVL-MaLR	2286	+	186	40699263	18132
chr18	40681131	40881131	harbor2	chr18	40708641	40709139	LTR/ERVL-MaLR	845	+	249	40708890	27759
chr18	40681131	40881131	harbor2	chr18	40727820	40728098	LTR/ERVL-MaLR	760	+	139	40727959	46828
chr18	40681131	40881131	harbor2	chr18	40728088	40728209	LTR/ERVL-MaLR	549	+	60	40728148	47017
chr18	40681131	40881131	harbor2	chr18	40756073	40756507	LTR/ERVL-MaLR	1121	+	217	40756290	75159
chr18	40681131	40881131	harbor2	chr18	40697698	40699076	LTR/ERVL-MaLR	6370	+	689	40698387	17256
chr18	75862275	76062275	harbor2	chr18	75862213	75862567	LTR/ERVL-MaLR	404	+	177	75862390	115
chr18	75862275	76062275	harbor2	chr18	75868382	75868586	LTR/ERVL-MaLR	605	+	102	75868484	6209
chr18	75862275	76062275	harbor2	chr18	75876080	75876517	LTR/ERVL-MaLR	1400	+	218	75876298	14023
chr18	75862275	76062275	harbor2	chr18	75876725	75877049	LTR/ERVL-MaLR	1952	+	162	75876887	14612
chr18	75862275	76062275	harbor2	chr18	75877050	75878599	LTR/ERVL-MaLR	11625	+	774	75877824	15549
chr18	75862275	76062275	harbor2	chr18	75878600	75878935	LTR/ERVL-MaLR	1924	+	168	75878768	16493
chr18	75862275	76062275	harbor2	chr18	75880178	75880359	LTR/ERVL-MaLR	530	+	90	75880268	17993
chr18	28715047	28915047	harbor2	chr18	28730009	28730363	LTR/ERVL-MaLR	2086	+	177	28730186	15139
chr18	28715047	28915047	harbor2	chr18	28736939	28737300	LTR/ERVL-MaLR	2011	+	180	28737119	22072
chr18	28715047	28915047	harbor2	chr18	28747867	28748221	LTR/ERVL-MaLR	1196	+	177	28748044	32997
chr18	28715047	28915047	harbor2	chr18	28766631	28766990	LTR/ERVL-MaLR	1350	+	180	28766811	51764
chr18	28715047	28915047	harbor2	chr18	28792169	28792295	LTR/ERVL-MaLR	395	+	63	28792232	77185
chr18	28715047	28915047	harbor2	chr18	28792590	28792813	LTR/ERVL-MaLR	435	+	112	28792702	77655
chr18	28715047	28915047	harbor2	chr18	28793921	28794244	LTR/ERVL-MaLR	738	+	162	28794083	79036
chr18	28715047	28915047	harbor2	chr18	28804962	28805232	LTR/ERVL-MaLR	448	+	135	28805097	90050
chr18	28715047	28915047	harbor2	chr18	28802898	28803510	LTR/ERVL-MaLR	1292	+	306	28803204	88157
chr18	48914970	49114970	harbor2	chr18	48968925	48969058	LTR/ERVL-MaLR	482	+	66	48968991	54021
chr18	75337098	75537098	harbor2	chr18	75351897	75352145	LTR/ERVL-MaLR	938	+	124	75352021	14923
chr18	75337098	75537098	harbor2	chr18	75352248	75352634	LTR/ERVL-MaLR	2625	+	193	75352441	15343
chr18	75337098	75537098	harbor2	chr18	75352635	75354276	LTR/ERVL-MaLR	10366	+	820	75353455	16357
chr18	75337098	75537098	harbor2	chr18	75354277	75354650	LTR/ERVL-MaLR	2632	+	186	75354463	17365
chr18	75337098	75537098	harbor2	chr18	75356915	75357171	LTR/ERVL-MaLR	1129	+	128	75357043	19945
chr18	75337098	75537098	harbor2	chr18	75368327	75368729	LTR/ERVL-MaLR	1730	+	201	75368528	31430
chr18	32688955	32888955	harbor2	chr18	32721896	32722251	LTR/ERVL-MaLR	2416	+	178	32722074	33119
chr18	32688955	32888955	harbor2	chr18	32728497	32728634	LTR/ERVL-MaLR	633	+	68	32728565	39610
chr18	32688955	32888955	harbor2	chr18	32728749	32729063	LTR/ERVL-MaLR	1010	+	157	32728906	39951
chr18	32688955	32888955	harbor2	chr18	32732449	32732783	LTR/ERVL-MaLR	800	+	167	32732616	43661
chr18	32688955	32888955	harbor2	chr18	32732805	32734130	LTR/ERVL-MaLR	1165	+	662	32733467	44512
chr18	32688955	32888955	harbor2	chr18	32734140	32734514	LTR/ERVL-MaLR	876	+	187	32734327	45372
chr18	32688955	32888955	harbor2	chr18	32756032	32756374	LTR/ERVL-MaLR	1468	+	171	32756203	67248
chr18	32688955	32888955	harbor2	chr18	32776995	32777447	LTR/ERVL-MaLR	1364	+	226	32777221	88266
chr18	69016541	69216541	harbor2	chr18	69098960	69099331	LTR/ERVL-MaLR	887	+	186	69099146	82605
chr18	69016541	69216541	harbor2	chr18	69101207	69101578	LTR/ERVL-MaLR	2477	+	186	69101393	84852
chr18	61902485	62102485	harbor2	chr18	61904155	61904318	LTR/ERVL-MaLR	892	+	82	61904237	1752
chr18	61902485	62102485	harbor2	chr18	61904488	61904737	LTR/ERVL-MaLR	1111	+	124	61904612	2127
chr18	61902485	62102485	harbor2	chr18	61905198	61905654	LTR/ERVL-MaLR	1020	+	228	61905426	2941
chr18	61902485	62102485	harbor2	chr18	61911113	61911566	LTR/ERVL-MaLR	584	+	226	61911339	8854
chr18	61902485	62102485	harbor2	chr18	61921661	61921960	LTR/ERVL-MaLR	954	+	150	61921811	19326
chr18	61902485	62102485	harbor2	chr18	61922469	61922523	LTR/ERVL-MaLR	794	+	27	61922496	20011
chr18	61902485	62102485	harbor2	chr18	61928519	61929010	LTR/ERVL-MaLR	1623	+	246	61928765	26280
chr18	61902485	62102485	harbor2	chr18	61955615	61956034	LTR/ERVL-MaLR	2634	+	210	61955825	53340
chr18	61902485	62102485	harbor2	chr18	61962097	61962413	LTR/ERVL-MaLR	1331	+	158	61962255	59770
chr18	61902485	62102485	harbor2	chr18	61962914	61963092	LTR/ERVL-MaLR	688	+	89	61963003	60518
chr18	61902485	62102485	harbor2	chr18	61985220	61985629	LTR/ERVL-MaLR	2495	+	204	61985424	82939
chr18	61902485	62102485	harbor2	chr18	61987276	61987700	LTR/ERVL-MaLR	2547	+	212	61987488	85003
chr18	61902485	62102485	harbor2	chr18	61991558	61991887	LTR/ERVL-MaLR	543	+	164	61991722	89237
chr18	61902485	62102485	harbor2	chr18	62000147	62000501	LTR/ERVL-MaLR	2424	+	177	62000324	97839
chr18	50654411	50854411	harbor2	chr18	50657474	50657576	LTR/ERVL-MaLR	554	+	51	50657525	3114
chr18	50654411	50854411	harbor2	chr18	50715459	50715820	LTR/ERVL-MaLR	2172	+	180	50715639	61228
chr18	50654411	50854411	harbor2	chr18	50741290	50741498	LTR/ERVL-MaLR	648	+	104	50741394	86983
chr18	50654411	50854411	harbor2	chr18	50743069	50743317	LTR/ERVL-MaLR	429	+	124	50743193	88782
chr18	50654411	50854411	harbor2	chr18	50750785	50751099	LTR/ERVL-MaLR	1646	+	157	50750942	96531
chr18	74231680	74431680	harbor2	chr18	74232182	74232275	LTR/ERVL-MaLR	2226	+	46	74232228	548
chr18	74231680	74431680	harbor2	chr18	74232596	74232713	LTR/ERVL-MaLR	2226	+	58	74232654	974
chr18	74231680	74431680	harbor2	chr18	74233026	74233295	LTR/ERVL-MaLR	2226	+	134	74233160	1480
chr18	74231680	74431680	harbor2	chr18	74249758	74249873	LTR/ERVL-MaLR	666	+	58	74249816	18136
chr18	74231680	74431680	harbor2	chr18	74249973	74250198	LTR/ERVL-MaLR	916	+	112	74250085	18405
chr18	74231680	74431680	harbor2	chr18	74250343	74250541	LTR/ERVL-MaLR	459	+	99	74250442	18762
chr18	74231680	74431680	harbor2	chr18	74275180	74275408	LTR/ERVL-MaLR	418	+	114	74275294	43614
chr18	77001364	77201364	harbor2	chr18	77019208	77019648	LTR/ERVL-MaLR	1573	+	220	77019428	18064
chr18	77001364	77201364	harbor2	chr18	77034076	77034563	LTR/ERVL-MaLR	1217	+	244	77034320	32956
chr18	77001364	77201364	harbor2	chr18	77088771	77088906	LTR/ERVL-MaLR	433	+	68	77088839	87475
chr18	77001364	77201364	harbor2	chr18	77089366	77089668	LTR/ERVL-MaLR	524	+	151	77089517	88153
chr18	77001364	77201364	harbor2	chr18	77100039	77100422	LTR/ERVL-MaLR	1687	+	192	77100231	98867
chr19	48400520	48600520	harbor2	chr19	48481834	48482248	LTR/ERVL-MaLR	1288	+	207	48482041	81521
chr19	48400520	48600520	harbor2	chr19	48482250	48482694	LTR/ERVL-MaLR	2071	+	222	48482472	81952
chr19	51587353	51787353	harbor2	chr19	51658117	51658288	LTR/ERVL-MaLR	712	+	86	51658203	70850
chr19	49941421	50141421	harbor2	chr19	49991647	49991942	LTR/ERVL-MaLR	905	+	148	49991795	50374
chr19	49941421	50141421	harbor2	chr19	49997729	49998190	LTR/ERVL-MaLR	1431	+	230	49997959	56538
chr19	49941421	50141421	harbor2	chr19	50003218	50003380	LTR/ERVL-MaLR	733	+	81	50003299	61878
chr19	49941421	50141421	harbor2	chr19	50021196	50021755	LTR/ERVL-MaLR	991	+	280	50021476	80055
chr19	49941421	50141421	harbor2	chr19	50035935	50035969	LTR/ERVL-MaLR	1647	+	17	50035952	94531
chr19	49941421	50141421	harbor2	chr19	50036256	50036314	LTR/ERVL-MaLR	1647	+	29	50036285	94864
chr19	49941421	50141421	harbor2	chr19	50036624	50036931	LTR/ERVL-MaLR	1647	+	154	50036778	95357
chr19	4653752	4853752	harbor2	chr19	4653957	4654161	LTR/ERVL-MaLR	627	+	102	4654059	307
chr19	4653752	4853752	harbor2	chr19	4684040	4684402	LTR/ERVL-MaLR	1032	+	181	4684221	30469
chr19	4653752	4853752	harbor2	chr19	4697725	4698074	LTR/ERVL-MaLR	856	+	174	4697899	44147
chr19	4653752	4853752	harbor2	chr19	4711314	4711490	LTR/ERVL-MaLR	886	+	88	4711402	57650
chr19	4653752	4853752	harbor2	chr19	4711800	4712023	LTR/ERVL-MaLR	886	+	112	4711912	58160
chr19	40964482	41164482	harbor2	chr19	41042129	41042383	LTR/ERVL-MaLR	1574	+	127	41042256	77774
chr19	40964482	41164482	harbor2	chr19	41042696	41042759	LTR/ERVL-MaLR	1574	+	32	41042728	78246
chr19	40964482	41164482	harbor2	chr19	41043458	41043887	LTR/ERVL-MaLR	1503	+	214	41043672	79190
chr19	40964482	41164482	harbor2	chr19	41044189	41044269	LTR/ERVL-MaLR	1503	+	40	41044229	79747
chr19	40964482	41164482	harbor2	chr19	41054223	41054460	LTR/ERVL-MaLR	1206	+	118	41054341	89859
chr19	40964482	41164482	harbor2	chr19	41054766	41055020	LTR/ERVL-MaLR	1206	+	127	41054893	90411
chr19	34137642	34337642	harbor2	chr19	34158758	34158946	LTR/ERVL-MaLR	2153	+	94	34158852	21210
chr19	34137642	34337642	harbor2	chr19	34159226	34159440	LTR/ERVL-MaLR	2153	+	107	34159333	21691
chr19	34137642	34337642	harbor2	chr19	34159970	34160104	LTR/ERVL-MaLR	1826	+	67	34160037	22395
chr19	34137642	34337642	harbor2	chr19	34160400	34160425	LTR/ERVL-MaLR	1826	+	12	34160412	22770
chr19	34137642	34337642	harbor2	chr19	34160720	34160730	LTR/ERVL-MaLR	1826	+	5	34160725	23083
chr19	34137642	34337642	harbor2	chr19	34161021	34161238	LTR/ERVL-MaLR	1826	+	108	34161129	23487
chr19	34137642	34337642	harbor2	chr19	34166276	34166506	LTR/ERVL-MaLR	660	+	115	34166391	28749
chr19	49930130	50130130	harbor2	chr19	49991647	49991942	LTR/ERVL-MaLR	905	+	148	49991795	61665
chr19	49930130	50130130	harbor2	chr19	49997729	49998190	LTR/ERVL-MaLR	1431	+	230	49997959	67829
chr19	49930130	50130130	harbor2	chr19	50003218	50003380	LTR/ERVL-MaLR	733	+	81	50003299	73169
chr19	49930130	50130130	harbor2	chr19	50021196	50021755	LTR/ERVL-MaLR	991	+	280	50021476	91346
chr19	22296470	22496470	harbor2	chr19	22305115	22305338	LTR/ERVL-MaLR	821	+	112	22305227	8757
chr19	36646643	36846643	harbor2	chr19	36647707	36647899	LTR/ERVL-MaLR	2673	+	96	36647803	1160
chr19	36646643	36846643	harbor2	chr19	36648196	36648424	LTR/ERVL-MaLR	2673	+	114	36648310	1667
chr19	36646643	36846643	harbor2	chr19	36658860	36659398	LTR/ERVL-MaLR	1971	+	269	36659129	12486
chr19	16646720	16846720	harbor2	chr19	16654305	16654467	LTR/ERVL-MaLR	670	+	81	16654386	7666
chr19	16646720	16846720	harbor2	chr19	16691900	16692251	LTR/ERVL-MaLR	1953	+	176	16692076	45356
chr19	54573625	54773625	harbor2	chr19	54662132	54662619	LTR/ERVL-MaLR	2011	+	244	54662376	88751
chr19	57496664	57696664	harbor2	chr19	57552891	57553230	LTR/ERVL-MaLR	1414	+	170	57553061	56397
chr19	57496664	57696664	harbor2	chr19	57587359	57587706	LTR/ERVL-MaLR	1698	+	174	57587533	90869
chr19	57496664	57696664	harbor2	chr19	57596258	57596622	LTR/ERVL-MaLR	2208	+	182	57596440	99776
chr19	58412055	58612055	harbor2	chr19	58429888	58430426	LTR/ERVL-MaLR	2297	+	269	58430157	18102
chr19	58412055	58612055	harbor2	chr19	58447732	58448091	LTR/ERVL-MaLR	2225	+	180	58447912	35857
chr19	58412055	58612055	harbor2	chr19	58448092	58448444	LTR/ERVL-MaLR	11447	+	176	58448268	36213
chr19	58412055	58612055	harbor2	chr19	58448751	58449956	LTR/ERVL-MaLR	11447	+	602	58449353	37298
chr19	58412055	58612055	harbor2	chr19	58449957	58450319	LTR/ERVL-MaLR	2232	+	181	58450138	38083
chr19	58412055	58612055	harbor2	chr19	58459523	58459919	LTR/ERVL-MaLR	2407	+	198	58459721	47666
chr19	43141963	43341963	harbor2	chr19	43143759	43144143	LTR/ERVL-MaLR	2261	+	192	43143951	1988
chr19	43141963	43341963	harbor2	chr19	43147614	43148012	LTR/ERVL-MaLR	2477	+	199	43147813	5850
chr19	43141963	43341963	harbor2	chr19	43164072	43164108	LTR/ERVL-MaLR	753	+	18	43164090	22127
chr19	43141963	43341963	harbor2	chr19	43164402	43164582	LTR/ERVL-MaLR	753	+	90	43164492	22529
chr19	43141963	43341963	harbor2	chr19	43234275	43234484	LTR/ERVL-MaLR	769	+	104	43234379	92416
chr19	43141963	43341963	harbor2	chr19	43239765	43240090	LTR/ERVL-MaLR	1525	+	162	43239927	97964
chr19	57177118	57377118	harbor2	chr19	57179740	57180097	LTR/ERVL-MaLR	1974	+	178	57179918	2800
chr19	57177118	57377118	harbor2	chr19	57204348	57204683	LTR/ERVL-MaLR	2272	+	168	57204516	27398
chr19	57177118	57377118	harbor2	chr19	57274864	57275042	LTR/ERVL-MaLR	1149	+	89	57274953	97835
chr19	57198910	57398910	harbor2	chr19	57204348	57204683	LTR/ERVL-MaLR	2272	+	168	57204516	5606
chr19	57198910	57398910	harbor2	chr19	57274864	57275042	LTR/ERVL-MaLR	1149	+	89	57274953	76043
chr19	51865699	52065699	harbor2	chr19	51866398	51866672	LTR/ERVL-MaLR	1313	+	137	51866535	836
chr19	51865699	52065699	harbor2	chr19	51901347	51901498	LTR/ERVL-MaLR	1146	+	76	51901423	35724
chr19	51865699	52065699	harbor2	chr19	51901972	51902262	LTR/ERVL-MaLR	1514	+	145	51902117	36418
chr19	51865699	52065699	harbor2	chr19	51920945	51921150	LTR/ERVL-MaLR	989	+	102	51921047	55348
chr19	51865699	52065699	harbor2	chr19	51922213	51922501	LTR/ERVL-MaLR	989	+	144	51922357	56658
chr19	51865699	52065699	harbor2	chr19	51871635	51871997	LTR/ERVL-MaLR	1404	+	181	51871816	6117
chr19	51819179	52019179	harbor2	chr19	51837927	51838165	LTR/ERVL-MaLR	885	+	119	51838046	18867
chr19	51819179	52019179	harbor2	chr19	51842255	51842643	LTR/ERVL-MaLR	1584	+	194	51842449	23270
chr19	51819179	52019179	harbor2	chr19	51846328	51846425	LTR/ERVL-MaLR	1047	+	48	51846376	27197
chr19	51819179	52019179	harbor2	chr19	51846729	51846926	LTR/ERVL-MaLR	1047	+	98	51846827	27648
chr19	51819179	52019179	harbor2	chr19	51849326	51849646	LTR/ERVL-MaLR	867	+	160	51849486	30307
chr19	51819179	52019179	harbor2	chr19	51866398	51866672	LTR/ERVL-MaLR	1313	+	137	51866535	47356
chr19	51819179	52019179	harbor2	chr19	51901347	51901498	LTR/ERVL-MaLR	1146	+	76	51901423	82244
chr19	51819179	52019179	harbor2	chr19	51901972	51902262	LTR/ERVL-MaLR	1514	+	145	51902117	82938
chr19	51819179	52019179	harbor2	chr19	51871635	51871997	LTR/ERVL-MaLR	1404	+	181	51871816	52637
chr19	54937536	55137536	harbor2	chr19	55023326	55023733	LTR/ERVL-MaLR	1913	+	204	55023530	85994
chr19	16101480	16301480	harbor2	chr19	16168441	16168915	LTR/ERVL-MaLR	1173	+	237	16168678	67198
chr19	42573414	42773414	harbor2	chr19	42579183	42579368	LTR/ERVL-MaLR	916	+	92	42579275	5861
chr19	42573414	42773414	harbor2	chr19	42650550	42650621	LTR/ERVL-MaLR	1115	+	36	42650586	77172
chr19	42573414	42773414	harbor2	chr19	42650919	42651240	LTR/ERVL-MaLR	1115	+	160	42651079	77665
chr19	51225260	51425260	harbor2	chr19	51290614	51290983	LTR/ERVL-MaLR	2026	+	184	51290798	65538
chr19	51225260	51425260	harbor2	chr19	51298003	51298072	LTR/ERVL-MaLR	1449	+	34	51298037	72777
chr19	51225260	51425260	harbor2	chr19	51298352	51298565	LTR/ERVL-MaLR	1449	+	106	51298458	73198
chr19	51225260	51425260	harbor2	chr19	51300942	51301118	LTR/ERVL-MaLR	681	+	88	51301030	75770
chr19	37352729	37552729	harbor2	chr19	37354609	37354998	LTR/ERVL-MaLR	1101	+	194	37354803	2074
chr19	37352729	37552729	harbor2	chr19	37390368	37390819	LTR/ERVL-MaLR	622	+	226	37390594	37865
chr19	37352729	37552729	harbor2	chr19	37416881	37417262	LTR/ERVL-MaLR	1625	+	190	37417071	64342
chr19	37352729	37552729	harbor2	chr19	37417549	37417612	LTR/ERVL-MaLR	1625	+	32	37417581	64852
chr19	37352729	37552729	harbor2	chr19	37429168	37429517	LTR/ERVL-MaLR	673	+	174	37429342	76613
chr19	39968938	40168938	harbor2	chr19	39992688	39993098	LTR/ERVL-MaLR	2715	+	205	39992893	23955
chr19	39968938	40168938	harbor2	chr19	39994663	39995070	LTR/ERVL-MaLR	2380	+	204	39994867	25929
chr19	39968938	40168938	harbor2	chr19	40018472	40018990	LTR/ERVL-MaLR	1778	+	259	40018731	49793
chr19	39968938	40168938	harbor2	chr19	39993099	39994662	LTR/ERVL-MaLR	9455	+	782	39993881	24943
chr19	34147386	34347386	harbor2	chr19	34158758	34158946	LTR/ERVL-MaLR	2153	+	94	34158852	11466
chr19	34147386	34347386	harbor2	chr19	34159226	34159440	LTR/ERVL-MaLR	2153	+	107	34159333	11947
chr19	34147386	34347386	harbor2	chr19	34159970	34160104	LTR/ERVL-MaLR	1826	+	67	34160037	12651
chr19	34147386	34347386	harbor2	chr19	34160400	34160425	LTR/ERVL-MaLR	1826	+	12	34160412	13026
chr19	34147386	34347386	harbor2	chr19	34160720	34160730	LTR/ERVL-MaLR	1826	+	5	34160725	13339
chr19	34147386	34347386	harbor2	chr19	34161021	34161238	LTR/ERVL-MaLR	1826	+	108	34161129	13743
chr19	34147386	34347386	harbor2	chr19	34166276	34166506	LTR/ERVL-MaLR	660	+	115	34166391	19005
chr19	55785674	55985674	harbor2	chr19	55787248	55787351	LTR/ERVL-MaLR	847	+	52	55787300	1626
chr19	55785674	55985674	harbor2	chr19	55787637	55788097	LTR/ERVL-MaLR	847	+	230	55787867	2193
chr19	55785674	55985674	harbor2	chr19	55837575	55837753	LTR/ERVL-MaLR	1445	+	89	55837664	51990
chr19	55785674	55985674	harbor2	chr19	55838311	55838581	LTR/ERVL-MaLR	1445	+	135	55838446	52772
chr19	55785674	55985674	harbor2	chr19	55848744	55849101	LTR/ERVL-MaLR	2319	+	178	55848922	63248
chr19	48949245	49149245	harbor2	chr19	48949250	48949281	LTR/ERVL-MaLR	1829	+	16	48949266	21
chr19	48949245	49149245	harbor2	chr19	48973009	48973363	LTR/ERVL-MaLR	1961	+	177	48973186	23941
chr19	57993279	58193279	harbor2	chr19	58005108	58005240	LTR/ERVL-MaLR	628	+	66	58005174	11895
chr19	57993279	58193279	harbor2	chr19	58005833	58006069	LTR/ERVL-MaLR	714	+	118	58005951	12672
chr19	57993279	58193279	harbor2	chr19	58072097	58072398	LTR/ERVL-MaLR	1073	+	150	58072247	78968
chr19	57993279	58193279	harbor2	chr19	58072716	58072978	LTR/ERVL-MaLR	1444	+	131	58072847	79568
chr19	57993279	58193279	harbor2	chr19	58073652	58074064	LTR/ERVL-MaLR	2672	+	206	58073858	80579
chr19	40801032	41001032	harbor2	chr19	40828200	40828416	LTR/ERVL-MaLR	1115	+	108	40828308	27276
chr19	40801032	41001032	harbor2	chr19	40840029	40840431	LTR/ERVL-MaLR	2462	+	201	40840230	39198
chr19	40801032	41001032	harbor2	chr19	40870638	40871044	LTR/ERVL-MaLR	2581	+	203	40870841	69809
chr19	41776028	41976028	harbor2	chr19	41799119	41799536	LTR/ERVL-MaLR	2581	+	208	41799327	23299
chr19	46121451	46321451	harbor2	chr19	46167621	46167992	LTR/ERVL-MaLR	1446	+	186	46167807	46356
chr19	46121451	46321451	harbor2	chr19	46208549	46208910	LTR/ERVL-MaLR	1909	+	180	46208729	87278
chr19	46121451	46321451	harbor2	chr19	46215880	46216258	LTR/ERVL-MaLR	1915	+	189	46216069	94618
chr19	51139176	51339176	harbor2	chr19	51192341	51192767	LTR/ERVL-MaLR	1404	+	213	51192554	53378
chr19	51139176	51339176	harbor2	chr19	51205362	51205770	LTR/ERVL-MaLR	2574	+	204	51205566	66390
chr19	51139176	51339176	harbor2	chr19	51221143	51221281	LTR/ERVL-MaLR	792	+	69	51221212	82036
chr19	55843845	56043845	harbor2	chr19	55848744	55849101	LTR/ERVL-MaLR	2319	+	178	55848922	5077
chr19	55843845	56043845	harbor2	chr19	55942990	55943200	LTR/ERVL-MaLR	1058	+	105	55943095	99250
chr19	55843845	56043845	harbor2	chr19	55943503	55943545	LTR/ERVL-MaLR	1058	+	21	55943524	99679
chr19	53213900	53413900	harbor2	chr19	53216527	53216942	LTR/ERVL-MaLR	2529	+	208	53216735	2835
chr19	53213900	53413900	harbor2	chr19	53273904	53274412	LTR/ERVL-MaLR	648	+	254	53274158	60258
chr19	53213900	53413900	harbor2	chr19	53307049	53307462	LTR/ERVL-MaLR	2217	+	206	53307255	93355
chr19	57706616	57906616	harbor2	chr19	57716643	57716732	LTR/ERVL-MaLR	637	+	44	57716687	10071
chr19	46479918	46679918	harbor2	chr19	46504664	46505194	LTR/ERVL-MaLR	1628	+	265	46504929	25011
chr19	46479918	46679918	harbor2	chr19	46521533	46521733	LTR/ERVL-MaLR	724	+	100	46521633	41715
chr19	46479918	46679918	harbor2	chr19	46537830	46538269	LTR/ERVL-MaLR	937	+	220	46538050	58132
chr19	46479918	46679918	harbor2	chr19	46538568	46538633	LTR/ERVL-MaLR	937	+	32	46538600	58682
chr19	46479918	46679918	harbor2	chr19	46547201	46547566	LTR/ERVL-MaLR	2423	+	182	46547383	67465
chr19	46479918	46679918	harbor2	chr19	46548001	46548169	LTR/ERVL-MaLR	1497	+	84	46548085	68167
chr19	46479918	46679918	harbor2	chr19	46548301	46548526	LTR/ERVL-MaLR	1497	+	112	46548413	68495
chr19	46479918	46679918	harbor2	chr19	46555595	46555765	LTR/ERVL-MaLR	620	+	85	46555680	75762
chr19	46479918	46679918	harbor2	chr19	46565627	46565983	LTR/ERVL-MaLR	2094	+	178	46565805	85887
chr19	46479918	46679918	harbor2	chr19	46573060	46573234	LTR/ERVL-MaLR	743	+	87	46573147	93229
chr19	46479918	46679918	harbor2	chr19	46573255	46573368	LTR/ERVL-MaLR	622	+	56	46573311	93393
chr19	46479918	46679918	harbor2	chr19	46574651	46574811	LTR/ERVL-MaLR	959	+	80	46574731	94813
chr19	46479918	46679918	harbor2	chr19	46576661	46576791	LTR/ERVL-MaLR	1703	+	65	46576726	96808
chr19	46479918	46679918	harbor2	chr19	46577096	46577311	LTR/ERVL-MaLR	1703	+	108	46577204	97286
chr19	43250493	43450493	harbor2	chr19	43294752	43294962	LTR/ERVL-MaLR	748	+	105	43294857	44364
chr19	43250493	43450493	harbor2	chr19	43336735	43337010	LTR/ERVL-MaLR	1039	+	138	43336873	86380
chr19	57016344	57216344	harbor2	chr19	57034503	57034818	LTR/ERVL-MaLR	1248	+	158	57034661	18317
chr19	57016344	57216344	harbor2	chr19	57036336	57036694	LTR/ERVL-MaLR	2175	+	179	57036515	20171
chr19	57016344	57216344	harbor2	chr19	57047218	57047730	LTR/ERVL-MaLR	2703	+	256	57047474	31130
chr19	57016344	57216344	harbor2	chr19	57051376	57051741	LTR/ERVL-MaLR	2250	+	182	57051558	35214
chr19	57016344	57216344	harbor2	chr19	57055184	57055425	LTR/ERVL-MaLR	836	+	120	57055304	38960
chr19	57016344	57216344	harbor2	chr19	57089669	57090046	LTR/ERVL-MaLR	1979	+	188	57089857	73513
chr19	56612059	56812059	harbor2	chr19	56629377	56629730	LTR/ERVL-MaLR	2075	+	176	56629553	17494
chr19	56612059	56812059	harbor2	chr19	56631020	56631261	LTR/ERVL-MaLR	938	+	120	56631140	19081
chr19	56612059	56812059	harbor2	chr19	56631261	56631614	LTR/ERVL-MaLR	836	+	176	56631437	19378
chr19	56612059	56812059	harbor2	chr19	56631755	56631927	LTR/ERVL-MaLR	757	+	86	56631841	19782
chr19	56612059	56812059	harbor2	chr19	56665977	56666117	LTR/ERVL-MaLR	1258	+	70	56666047	53988
chr19	56612059	56812059	harbor2	chr19	56666406	56666615	LTR/ERVL-MaLR	1258	+	104	56666510	54451
chr19	56612059	56812059	harbor2	chr19	56666665	56666917	LTR/ERVL-MaLR	887	+	126	56666791	54732
chr19	56612059	56812059	harbor2	chr19	56667664	56667961	LTR/ERVL-MaLR	1404	+	148	56667812	55753
chr19	56612059	56812059	harbor2	chr19	56674615	56675025	LTR/ERVL-MaLR	1635	+	205	56674820	62761
chr19	56612059	56812059	harbor2	chr19	56678115	56678210	LTR/ERVL-MaLR	645	+	48	56678163	66104
chr19	19811444	20011444	harbor2	chr19	19886419	19886817	LTR/ERVL-MaLR	1569	+	199	19886618	75174
chr19	57052158	57252158	harbor2	chr19	57055184	57055425	LTR/ERVL-MaLR	836	+	120	57055304	3146
chr19	57052158	57252158	harbor2	chr19	57089669	57090046	LTR/ERVL-MaLR	1979	+	188	57089857	37699
chr19	54935894	55135894	harbor2	chr19	55023326	55023733	LTR/ERVL-MaLR	1913	+	204	55023530	87636
chr19	30536518	30736518	harbor2	chr19	30624719	30625101	LTR/ERVL-MaLR	2389	+	191	30624910	88392
chr19	6095437	6295437	harbor2	chr19	6143847	6143981	LTR/ERVL-MaLR	2101	+	67	6143914	48477
chr19	6095437	6295437	harbor2	chr19	6144298	6144654	LTR/ERVL-MaLR	2101	+	178	6144476	49039
chr19	43321865	43521865	harbor2	chr19	43336735	43337010	LTR/ERVL-MaLR	1039	+	138	43336873	15008
chr19	51757602	51957602	harbor2	chr19	51771778	51772109	LTR/ERVL-MaLR	639	+	166	51771944	14342
chr19	51757602	51957602	harbor2	chr19	51773032	51773402	LTR/ERVL-MaLR	2273	+	185	51773217	15615
chr19	51757602	51957602	harbor2	chr19	51803614	51803955	LTR/ERVL-MaLR	710	+	170	51803784	46182
chr19	51757602	51957602	harbor2	chr19	51837927	51838165	LTR/ERVL-MaLR	885	+	119	51838046	80444
chr19	51757602	51957602	harbor2	chr19	51842255	51842643	LTR/ERVL-MaLR	1584	+	194	51842449	84847
chr19	51757602	51957602	harbor2	chr19	51846328	51846425	LTR/ERVL-MaLR	1047	+	48	51846376	88774
chr19	51757602	51957602	harbor2	chr19	51846729	51846926	LTR/ERVL-MaLR	1047	+	98	51846827	89225
chr19	51757602	51957602	harbor2	chr19	51849326	51849646	LTR/ERVL-MaLR	867	+	160	51849486	91884
chr19	55470764	55670764	harbor2	chr19	55534098	55534426	LTR/ERVL-MaLR	2286	+	164	55534262	63498
chr19	55470764	55670764	harbor2	chr19	55535048	55535108	LTR/ERVL-MaLR	2286	+	30	55535078	64314
chr19	55470764	55670764	harbor2	chr19	55561777	55562013	LTR/ERVL-MaLR	1171	+	118	55561895	91131
chr19	49844172	50044172	harbor2	chr19	49915163	49915598	LTR/ERVL-MaLR	1707	+	218	49915381	71209
chr19	55162020	55362020	harbor2	chr19	55163874	55164196	LTR/ERVL-MaLR	1552	+	161	55164035	2015
chr19	55162020	55362020	harbor2	chr19	55226180	55226615	LTR/ERVL-MaLR	1034	+	218	55226398	64378
chr19	35846873	36046873	harbor2	chr19	35925482	35925794	LTR/ERVL-MaLR	763	+	156	35925638	78765
chr19	37616579	37816579	harbor2	chr19	37617106	37617445	LTR/ERVL-MaLR	1841	+	170	37617276	697
chr19	37616579	37816579	harbor2	chr19	37626250	37626390	LTR/ERVL-MaLR	1094	+	70	37626320	9741
chr19	37616579	37816579	harbor2	chr19	37626691	37627310	LTR/ERVL-MaLR	1604	+	310	37627001	10422
chr19	37616579	37816579	harbor2	chr19	37627944	37628502	LTR/ERVL-MaLR	1635	+	279	37628223	11644
chr19	37616579	37816579	harbor2	chr19	37647265	37647627	LTR/ERVL-MaLR	2161	+	181	37647446	30867
chr19	52201453	52401453	harbor2	chr19	52227021	52227483	LTR/ERVL-MaLR	1149	+	231	52227252	25799
chr19	52201453	52401453	harbor2	chr19	52238109	52238497	LTR/ERVL-MaLR	1241	+	194	52238303	36850
chr19	52201453	52401453	harbor2	chr19	52254165	52254235	LTR/ERVL-MaLR	731	+	35	52254200	52747
chr19	52201453	52401453	harbor2	chr19	52254543	52254965	LTR/ERVL-MaLR	731	+	211	52254754	53301
chr19	17298841	17498841	harbor2	chr19	17367848	17367888	LTR/ERVL-MaLR	1272	+	20	17367868	69027
chr19	17298841	17498841	harbor2	chr19	17368511	17368695	LTR/ERVL-MaLR	1272	+	92	17368603	69762
chr19	17298841	17498841	harbor2	chr19	17369008	17369122	LTR/ERVL-MaLR	1272	+	57	17369065	70224
chr19	58370634	58570634	harbor2	chr19	58378659	58379068	LTR/ERVL-MaLR	1296	+	204	58378863	8229
chr19	58370634	58570634	harbor2	chr19	58429888	58430426	LTR/ERVL-MaLR	2297	+	269	58430157	59523
chr19	58370634	58570634	harbor2	chr19	58447732	58448091	LTR/ERVL-MaLR	2225	+	180	58447912	77278
chr19	58370634	58570634	harbor2	chr19	58448092	58448444	LTR/ERVL-MaLR	11447	+	176	58448268	77634
chr19	58370634	58570634	harbor2	chr19	58448751	58449956	LTR/ERVL-MaLR	11447	+	602	58449353	78719
chr19	58370634	58570634	harbor2	chr19	58449957	58450319	LTR/ERVL-MaLR	2232	+	181	58450138	79504
chr19	58370634	58570634	harbor2	chr19	58459523	58459919	LTR/ERVL-MaLR	2407	+	198	58459721	89087
chr19	14206293	14406293	harbor2	chr19	14231585	14231754	LTR/ERVL-MaLR	1076	+	84	14231669	25376
chr19	14206293	14406293	harbor2	chr19	14232061	14232089	LTR/ERVL-MaLR	1076	+	14	14232075	25782
chr19	14206293	14406293	harbor2	chr19	14232400	14232627	LTR/ERVL-MaLR	1076	+	114	14232514	26221
chr19	14206293	14406293	harbor2	chr19	14235921	14236038	LTR/ERVL-MaLR	1538	+	58	14235979	29686
chr19	14206293	14406293	harbor2	chr19	14236970	14237314	LTR/ERVL-MaLR	1538	+	172	14237142	30849
chr19	14206293	14406293	harbor2	chr19	14237702	14237881	LTR/ERVL-MaLR	1518	+	90	14237792	31499
chr19	14206293	14406293	harbor2	chr19	14238173	14238396	LTR/ERVL-MaLR	1518	+	112	14238285	31992
chr19	14206293	14406293	harbor2	chr19	14269181	14269518	LTR/ERVL-MaLR	881	+	168	14269349	63056
chr19	14206293	14406293	harbor2	chr19	14288472	14288947	LTR/ERVL-MaLR	1325	+	238	14288710	82417
chr19	14206293	14406293	harbor2	chr19	14295043	14295506	LTR/ERVL-MaLR	1185	+	232	14295275	88982
chr19	15681986	15881986	harbor2	chr19	15773222	15773772	LTR/ERVL-MaLR	1101	+	275	15773497	91511
chr19	54751133	54951133	harbor2	chr19	54757297	54757777	LTR/ERVL-MaLR	1341	+	240	54757537	6404
chr19	54751133	54951133	harbor2	chr19	54772036	54772515	LTR/ERVL-MaLR	1236	+	240	54772276	21143
chr19	54751133	54951133	harbor2	chr19	54786890	54787367	LTR/ERVL-MaLR	1211	+	238	54787128	35995
chr19	54751133	54951133	harbor2	chr19	54805220	54805693	LTR/ERVL-MaLR	1089	+	236	54805456	54323
chr19	54751133	54951133	harbor2	chr19	54818743	54819239	LTR/ERVL-MaLR	1358	+	248	54818991	67858
chr19	54751133	54951133	harbor2	chr19	54836266	54836746	LTR/ERVL-MaLR	1227	+	240	54836506	85373
chr19	57129292	57329292	harbor2	chr19	57179740	57180097	LTR/ERVL-MaLR	1974	+	178	57179918	50626
chr19	57129292	57329292	harbor2	chr19	57204348	57204683	LTR/ERVL-MaLR	2272	+	168	57204516	75224
chr19	41907367	42107367	harbor2	chr19	42000636	42000895	LTR/ERVL-MaLR	944	+	130	42000766	93399
chr19	41907367	42107367	harbor2	chr19	42001613	42001838	LTR/ERVL-MaLR	820	+	112	42001725	94358
chr19	52253987	52453987	harbor2	chr19	52254165	52254235	LTR/ERVL-MaLR	731	+	35	52254200	213
chr19	52253987	52453987	harbor2	chr19	52254543	52254965	LTR/ERVL-MaLR	731	+	211	52254754	767
chr19	56939809	57139809	harbor2	chr19	56951100	56951346	LTR/ERVL-MaLR	1734	+	123	56951223	11414
chr19	56939809	57139809	harbor2	chr19	56990963	56991200	LTR/ERVL-MaLR	965	+	118	56991081	51272
chr19	56939809	57139809	harbor2	chr19	56993372	56993461	LTR/ERVL-MaLR	1040	+	44	56993416	53607
chr19	56939809	57139809	harbor2	chr19	56993777	56994122	LTR/ERVL-MaLR	1040	+	172	56993949	54140
chr19	56939809	57139809	harbor2	chr19	56994185	56994628	LTR/ERVL-MaLR	1373	+	222	56994407	54598
chr19	56939809	57139809	harbor2	chr19	57013527	57013908	LTR/ERVL-MaLR	2609	+	190	57013717	73908
chr19	56939809	57139809	harbor2	chr19	57013909	57014296	LTR/ERVL-MaLR	2770	+	194	57014103	74294
chr19	56939809	57139809	harbor2	chr19	57014601	57014641	LTR/ERVL-MaLR	2770	+	20	57014621	74812
chr19	56939809	57139809	harbor2	chr19	57034503	57034818	LTR/ERVL-MaLR	1248	+	158	57034661	94852
chr19	56939809	57139809	harbor2	chr19	57036336	57036694	LTR/ERVL-MaLR	2175	+	179	57036515	96706
chr19	56939809	57139809	harbor2	chr19	56950642	56950803	LTR/ERVL-MaLR	1734	+	80	56950722	10913
chr19	58506597	58706597	harbor2	chr19	58520425	58520773	LTR/ERVL-MaLR	1550	+	174	58520599	14002
chr19	58506597	58706597	harbor2	chr19	58521397	58521651	LTR/ERVL-MaLR	1550	+	127	58521524	14927
chr19	58506597	58706597	harbor2	chr19	58601032	58601393	LTR/ERVL-MaLR	2113	+	180	58601212	94615
chr19	55656300	55856300	harbor2	chr19	55704252	55704615	LTR/ERVL-MaLR	1301	+	182	55704434	48134
chr19	55656300	55856300	harbor2	chr19	55710432	55710803	LTR/ERVL-MaLR	2076	+	186	55710618	54318
chr19	55656300	55856300	harbor2	chr19	55721648	55722001	LTR/ERVL-MaLR	2366	+	176	55721824	65524
chr19	52416953	52616953	harbor2	chr19	52470831	52471248	LTR/ERVL-MaLR	2554	+	208	52471039	54086
chr19	34171594	34371594	harbor2	chr19	34259730	34260099	LTR/ERVL-MaLR	2405	+	184	34259914	88320
chr19	55534408	55734408	harbor2	chr19	55534098	55534426	LTR/ERVL-MaLR	2286	+	164	55534262	146
chr19	55534408	55734408	harbor2	chr19	55535048	55535108	LTR/ERVL-MaLR	2286	+	30	55535078	670
chr19	55534408	55734408	harbor2	chr19	55561777	55562013	LTR/ERVL-MaLR	1171	+	118	55561895	27487
chr19	36904917	37104917	harbor2	chr19	36965105	36965303	LTR/ERVL-MaLR	927	+	99	36965204	60287
chr19	36904917	37104917	harbor2	chr19	36995898	36996066	LTR/ERVL-MaLR	751	+	84	36995982	91065
chr19	4581026	4781026	harbor2	chr19	4652842	4653023	LTR/ERVL-MaLR	777	+	90	4652932	71906
chr19	4581026	4781026	harbor2	chr19	4653314	4653333	LTR/ERVL-MaLR	627	+	10	4653324	72298
chr19	4581026	4781026	harbor2	chr19	4653957	4654161	LTR/ERVL-MaLR	627	+	102	4654059	73033
chr19	43076393	43276393	harbor2	chr19	43109203	43109409	LTR/ERVL-MaLR	738	+	103	43109306	32913
chr19	43076393	43276393	harbor2	chr19	43140190	43140609	LTR/ERVL-MaLR	2138	+	210	43140400	64007
chr19	43076393	43276393	harbor2	chr19	43143759	43144143	LTR/ERVL-MaLR	2261	+	192	43143951	67558
chr19	43076393	43276393	harbor2	chr19	43147614	43148012	LTR/ERVL-MaLR	2477	+	199	43147813	71420
chr19	43076393	43276393	harbor2	chr19	43164072	43164108	LTR/ERVL-MaLR	753	+	18	43164090	87697
chr19	43076393	43276393	harbor2	chr19	43164402	43164582	LTR/ERVL-MaLR	753	+	90	43164492	88099
chr19	56632307	56832307	harbor2	chr19	56665977	56666117	LTR/ERVL-MaLR	1258	+	70	56666047	33740
chr19	56632307	56832307	harbor2	chr19	56666406	56666615	LTR/ERVL-MaLR	1258	+	104	56666510	34203
chr19	56632307	56832307	harbor2	chr19	56666665	56666917	LTR/ERVL-MaLR	887	+	126	56666791	34484
chr19	56632307	56832307	harbor2	chr19	56667664	56667961	LTR/ERVL-MaLR	1404	+	148	56667812	35505
chr19	56632307	56832307	harbor2	chr19	56674615	56675025	LTR/ERVL-MaLR	1635	+	205	56674820	42513
chr19	56632307	56832307	harbor2	chr19	56678115	56678210	LTR/ERVL-MaLR	645	+	48	56678163	45856
chr19	58458047	58658047	harbor2	chr19	58459523	58459919	LTR/ERVL-MaLR	2407	+	198	58459721	1674
chr19	58458047	58658047	harbor2	chr19	58520425	58520773	LTR/ERVL-MaLR	1550	+	174	58520599	62552
chr19	58458047	58658047	harbor2	chr19	58521397	58521651	LTR/ERVL-MaLR	1550	+	127	58521524	63477
chr19	19709695	19909695	harbor2	chr19	19777952	19778325	LTR/ERVL-MaLR	2652	+	186	19778138	68443
chr19	19709695	19909695	harbor2	chr19	19779675	19780010	LTR/ERVL-MaLR	1527	+	168	19779843	70148
chr19	15680879	15880879	harbor2	chr19	15773222	15773772	LTR/ERVL-MaLR	1101	+	275	15773497	92618
chr19	41068379	41268379	harbor2	chr19	41165232	41165438	LTR/ERVL-MaLR	1893	+	103	41165335	96956
chr19	41068379	41268379	harbor2	chr19	41165743	41166017	LTR/ERVL-MaLR	1893	+	137	41165880	97501
chr19	34043506	34243506	harbor2	chr19	34043311	34043823	LTR/ERVL-MaLR	1218	+	256	34043567	61
chr19	34043506	34243506	harbor2	chr19	34044442	34044647	LTR/ERVL-MaLR	953	+	102	34044544	1038
chr19	34043506	34243506	harbor2	chr19	34045451	34045612	LTR/ERVL-MaLR	621	+	80	34045531	2025
chr19	34043506	34243506	harbor2	chr19	34058877	34059278	LTR/ERVL-MaLR	1722	+	200	34059077	15571
chr19	34043506	34243506	harbor2	chr19	34066379	34066816	LTR/ERVL-MaLR	2242	+	218	34066597	23091
chr19	34043506	34243506	harbor2	chr19	34073256	34073679	LTR/ERVL-MaLR	2863	+	212	34073468	29962
chr19	34043506	34243506	harbor2	chr19	34077796	34078194	LTR/ERVL-MaLR	2301	+	199	34077995	34489
chr19	34043506	34243506	harbor2	chr19	34086772	34087136	LTR/ERVL-MaLR	2812	+	182	34086954	43448
chr19	52412840	52612840	harbor2	chr19	52470831	52471248	LTR/ERVL-MaLR	2554	+	208	52471039	58199
chr19	30800073	31000073	harbor2	chr19	30859988	30860319	LTR/ERVL-MaLR	915	+	166	30860154	60081
chr19	30800073	31000073	harbor2	chr19	30899861	30900223	LTR/ERVL-MaLR	1899	+	181	30900042	99969
chr19	30800073	31000073	harbor2	chr19	30834240	30834726	LTR/ERVL-MaLR	1606	+	243	30834483	34410
chr19	58175575	58375575	harbor2	chr19	58175223	58175610	LTR/ERVL-MaLR	2488	+	194	58175417	158
chr19	58175575	58375575	harbor2	chr19	58208359	58208813	LTR/ERVL-MaLR	2040	+	227	58208586	33011
chr19	58175575	58375575	harbor2	chr19	58274211	58274644	LTR/ERVL-MaLR	2147	+	216	58274427	98852
chr19	43564582	43764582	harbor2	chr19	43600872	43601115	LTR/ERVL-MaLR	689	+	122	43600994	36412
chr19	43564582	43764582	harbor2	chr19	43602771	43603192	LTR/ERVL-MaLR	2005	+	210	43602981	38399
chr19	43564582	43764582	harbor2	chr19	43628481	43628532	LTR/ERVL-MaLR	755	+	26	43628507	63925
chr19	43564582	43764582	harbor2	chr19	43628533	43629052	LTR/ERVL-MaLR	1442	+	260	43628793	64211
chr19	43564582	43764582	harbor2	chr19	43629053	43629384	LTR/ERVL-MaLR	840	+	166	43629219	64637
chr19	43564582	43764582	harbor2	chr19	43631455	43631875	LTR/ERVL-MaLR	1056	+	210	43631665	67083
chr19	43564582	43764582	harbor2	chr19	43644092	43644152	LTR/ERVL-MaLR	877	+	30	43644122	79540
chr19	43564582	43764582	harbor2	chr19	43644460	43644715	LTR/ERVL-MaLR	877	+	128	43644588	80006
chr19	43564582	43764582	harbor2	chr19	43655659	43655972	LTR/ERVL-MaLR	1084	+	156	43655815	91233
chr19	43564582	43764582	harbor2	chr19	43656285	43656427	LTR/ERVL-MaLR	1084	+	71	43656356	91774
chr19	43564582	43764582	harbor2	chr19	43657847	43657920	LTR/ERVL-MaLR	1990	+	36	43657883	93301
chr19	43564582	43764582	harbor2	chr19	43658055	43658476	LTR/ERVL-MaLR	1990	+	210	43658265	93683
chr19	28433430	28633430	harbor2	chr19	28473547	28473928	LTR/ERVL-MaLR	2132	+	190	28473737	40307
chr19	28433430	28633430	harbor2	chr19	28475515	28475876	LTR/ERVL-MaLR	2026	+	180	28475695	42265
chr19	28805421	29005421	harbor2	chr19	28848349	28848701	LTR/ERVL-MaLR	773	+	176	28848525	43104
chr19	28805421	29005421	harbor2	chr19	28854107	28854496	LTR/ERVL-MaLR	1620	+	194	28854301	48880
chr19	28805421	29005421	harbor2	chr19	28854522	28854996	LTR/ERVL-MaLR	2229	+	237	28854759	49338
chr19	28805421	29005421	harbor2	chr19	28899578	28899967	LTR/ERVL-MaLR	1643	+	194	28899772	94351
chr19	39292175	39492175	harbor2	chr19	39299561	39299855	LTR/ERVL-MaLR	683	+	147	39299708	7533
chr19	39292175	39492175	harbor2	chr19	39301725	39302021	LTR/ERVL-MaLR	794	+	148	39301873	9698
chr19	56934939	57134939	harbor2	chr19	56951100	56951346	LTR/ERVL-MaLR	1734	+	123	56951223	16284
chr19	56934939	57134939	harbor2	chr19	56990963	56991200	LTR/ERVL-MaLR	965	+	118	56991081	56142
chr19	56934939	57134939	harbor2	chr19	56993372	56993461	LTR/ERVL-MaLR	1040	+	44	56993416	58477
chr19	56934939	57134939	harbor2	chr19	56993777	56994122	LTR/ERVL-MaLR	1040	+	172	56993949	59010
chr19	56934939	57134939	harbor2	chr19	56994185	56994628	LTR/ERVL-MaLR	1373	+	222	56994407	59468
chr19	56934939	57134939	harbor2	chr19	57013527	57013908	LTR/ERVL-MaLR	2609	+	190	57013717	78778
chr19	56934939	57134939	harbor2	chr19	57013909	57014296	LTR/ERVL-MaLR	2770	+	194	57014103	79164
chr19	56934939	57134939	harbor2	chr19	57014601	57014641	LTR/ERVL-MaLR	2770	+	20	57014621	79682
chr19	56934939	57134939	harbor2	chr19	57034503	57034818	LTR/ERVL-MaLR	1248	+	158	57034661	99722
chr19	56934939	57134939	harbor2	chr19	56950642	56950803	LTR/ERVL-MaLR	1734	+	80	56950722	15783
chr19	39529627	39729627	harbor2	chr19	39543489	39543741	LTR/ERVL-MaLR	757	+	126	39543615	13988
chr19	39529627	39729627	harbor2	chr19	39544030	39544158	LTR/ERVL-MaLR	757	+	64	39544094	14467
chr19	39529627	39729627	harbor2	chr19	39544172	39544612	LTR/ERVL-MaLR	2350	+	220	39544392	14765
chr19	39529627	39729627	harbor2	chr19	39544918	39545249	LTR/ERVL-MaLR	2350	+	166	39545084	15457
chr19	39529627	39729627	harbor2	chr19	39546544	39546713	LTR/ERVL-MaLR	757	+	84	39546628	17001
chr19	39529627	39729627	harbor2	chr19	39547162	39547281	LTR/ERVL-MaLR	757	+	60	39547222	17595
chr19	39529627	39729627	harbor2	chr19	39555755	39555927	LTR/ERVL-MaLR	868	+	86	39555841	26214
chr19	39529627	39729627	harbor2	chr19	39613312	39614718	LTR/ERVL-MaLR	8867	+	703	39614015	84388
chr19	39529627	39729627	harbor2	chr19	39614723	39615096	LTR/ERVL-MaLR	1905	+	186	39614909	85282
chr19	28635763	28835763	harbor2	chr19	28646546	28646932	LTR/ERVL-MaLR	2281	+	193	28646739	10976
chr19	28635763	28835763	harbor2	chr19	28660815	28661179	LTR/ERVL-MaLR	2084	+	182	28660997	25234
chr19	28635763	28835763	harbor2	chr19	28685926	28686215	LTR/ERVL-MaLR	1019	+	144	28686070	50307
chr19	28635763	28835763	harbor2	chr19	28686525	28686579	LTR/ERVL-MaLR	1019	+	27	28686552	50789
chr19	28635763	28835763	harbor2	chr19	28691154	28691558	LTR/ERVL-MaLR	2223	+	202	28691356	55593
chr19	28635763	28835763	harbor2	chr19	28691559	28693172	LTR/ERVL-MaLR	8314	+	806	28692365	56602
chr19	28635763	28835763	harbor2	chr19	28693173	28693604	LTR/ERVL-MaLR	2024	+	216	28693389	57626
chr19	28635763	28835763	harbor2	chr19	28707083	28707467	LTR/ERVL-MaLR	1924	+	192	28707275	71512
chr19	32526765	32726765	harbor2	chr19	32530610	32531105	LTR/ERVL-MaLR	1012	+	248	32530858	4093
chr19	32526765	32726765	harbor2	chr19	32536424	32536670	LTR/ERVL-MaLR	1330	+	123	32536547	9782
chr19	32526765	32726765	harbor2	chr19	32542776	32542954	LTR/ERVL-MaLR	1424	+	89	32542865	16100
chr19	32526765	32726765	harbor2	chr19	32543234	32543444	LTR/ERVL-MaLR	1424	+	105	32543339	16574
chr19	32526765	32726765	harbor2	chr19	32559905	32560207	LTR/ERVL-MaLR	650	+	151	32560056	33291
chr19	57250001	57450001	harbor2	chr19	57274864	57275042	LTR/ERVL-MaLR	1149	+	89	57274953	24952
chr19	57250001	57450001	harbor2	chr19	57309513	57309668	LTR/ERVL-MaLR	1978	+	78	57309591	59590
chr19	57250001	57450001	harbor2	chr19	57309969	57310193	LTR/ERVL-MaLR	1978	+	112	57310081	60080
chr19	46447546	46647546	harbor2	chr19	46448252	46448395	LTR/ERVL-MaLR	1257	+	72	46448324	778
chr19	46447546	46647546	harbor2	chr19	46448713	46448985	LTR/ERVL-MaLR	1257	+	136	46448849	1303
chr19	46447546	46647546	harbor2	chr19	46473788	46473981	LTR/ERVL-MaLR	946	+	96	46473884	26338
chr19	46447546	46647546	harbor2	chr19	46504664	46505194	LTR/ERVL-MaLR	1628	+	265	46504929	57383
chr19	46447546	46647546	harbor2	chr19	46521533	46521733	LTR/ERVL-MaLR	724	+	100	46521633	74087
chr19	46447546	46647546	harbor2	chr19	46537830	46538269	LTR/ERVL-MaLR	937	+	220	46538050	90504
chr19	46447546	46647546	harbor2	chr19	46538568	46538633	LTR/ERVL-MaLR	937	+	32	46538600	91054
chr19	46447546	46647546	harbor2	chr19	46547201	46547566	LTR/ERVL-MaLR	2423	+	182	46547383	99837
chr19	42610610	42810610	harbor2	chr19	42650550	42650621	LTR/ERVL-MaLR	1115	+	36	42650586	39976
chr19	42610610	42810610	harbor2	chr19	42650919	42651240	LTR/ERVL-MaLR	1115	+	160	42651079	40469
chr19	42610610	42810610	harbor2	chr19	42680665	42681033	LTR/ERVL-MaLR	2286	+	184	42680849	70239
chr19	42610610	42810610	harbor2	chr19	42681343	42681414	LTR/ERVL-MaLR	2286	+	36	42681379	70769
chr19	52908196	53108196	harbor2	chr19	52910521	52910807	LTR/ERVL-MaLR	671	+	143	52910664	2468
chr19	52908196	53108196	harbor2	chr19	52973051	52973313	LTR/ERVL-MaLR	684	+	131	52973182	64986
chr19	40300278	40500278	harbor2	chr19	40312084	40312265	LTR/ERVL-MaLR	1479	+	90	40312174	11896
chr19	40300278	40500278	harbor2	chr19	40312562	40312908	LTR/ERVL-MaLR	1479	+	173	40312735	12457
chr19	40300278	40500278	harbor2	chr19	40331055	40331477	LTR/ERVL-MaLR	851	+	211	40331266	30988
chr19	49023305	49223305	harbor2	chr19	49077941	49078021	LTR/ERVL-MaLR	1437	+	40	49077981	54676
chr19	49023305	49223305	harbor2	chr19	49078330	49078630	LTR/ERVL-MaLR	1437	+	150	49078480	55175
chr19	49023305	49223305	harbor2	chr19	49081645	49082486	LTR/ERVL-MaLR	4272	+	420	49082065	58760
chr19	49023305	49223305	harbor2	chr19	49082792	49082880	LTR/ERVL-MaLR	4272	+	44	49082836	59531
chr19	20258332	20458332	harbor2	chr19	20301054	20301447	LTR/ERVL-MaLR	1431	+	196	20301250	42918
chr19	58275503	58475503	harbor2	chr19	58283327	58283598	LTR/ERVL-MaLR	790	+	136	58283463	7960
chr19	58275503	58475503	harbor2	chr19	58293598	58293843	LTR/ERVL-MaLR	923	+	122	58293720	18217
chr19	58275503	58475503	harbor2	chr19	58323557	58323888	LTR/ERVL-MaLR	2348	+	166	58323723	48220
chr19	58275503	58475503	harbor2	chr19	58324206	58324284	LTR/ERVL-MaLR	2348	+	39	58324245	48742
chr19	58275503	58475503	harbor2	chr19	58365165	58365396	LTR/ERVL-MaLR	689	+	116	58365281	89778
chr19	56417807	56617807	harbor2	chr19	56457769	56458129	LTR/ERVL-MaLR	1923	+	180	56457949	40142
chr19	56417807	56617807	harbor2	chr19	56461454	56461687	LTR/ERVL-MaLR	1106	+	116	56461570	43763
chr19	56417807	56617807	harbor2	chr19	56467233	56467379	LTR/ERVL-MaLR	792	+	73	56467306	49499
chr19	56417807	56617807	harbor2	chr19	56470962	56471362	LTR/ERVL-MaLR	2486	+	200	56471162	53355
chr19	56417807	56617807	harbor2	chr19	56471844	56472148	LTR/ERVL-MaLR	1798	+	152	56471996	54189
chr19	56417807	56617807	harbor2	chr19	56490380	56490842	LTR/ERVL-MaLR	1592	+	231	56490611	72804
chr19	56417807	56617807	harbor2	chr19	56502668	56502869	LTR/ERVL-MaLR	875	+	100	56502768	84961
chr19	56417807	56617807	harbor2	chr19	56502882	56502906	LTR/ERVL-MaLR	691	+	12	56502894	85087
chr19	56417807	56617807	harbor2	chr19	56503224	56503423	LTR/ERVL-MaLR	691	+	100	56503324	85517
chr19	56417807	56617807	harbor2	chr19	56505648	56505806	LTR/ERVL-MaLR	1033	+	79	56505727	87920
chr19	57138799	57338799	harbor2	chr19	57179740	57180097	LTR/ERVL-MaLR	1974	+	178	57179918	41119
chr19	57138799	57338799	harbor2	chr19	57204348	57204683	LTR/ERVL-MaLR	2272	+	168	57204516	65717
chr19	50142904	50342904	harbor2	chr19	50144990	50145480	LTR/ERVL-MaLR	1751	+	245	50145235	2331
chr19	50142904	50342904	harbor2	chr19	50149634	50149757	LTR/ERVL-MaLR	628	+	62	50149696	6792
chr19	50142904	50342904	harbor2	chr19	50150199	50150295	LTR/ERVL-MaLR	628	+	48	50150247	7343
chr19	50142904	50342904	harbor2	chr19	50152968	50153403	LTR/ERVL-MaLR	1432	+	218	50153186	10282
chr19	50142904	50342904	harbor2	chr19	50158690	50159016	LTR/ERVL-MaLR	640	+	163	50158853	15949
chr19	50142904	50342904	harbor2	chr19	50179357	50179536	LTR/ERVL-MaLR	973	+	90	50179447	36543
chr19	50142904	50342904	harbor2	chr19	50179729	50179886	LTR/ERVL-MaLR	886	+	78	50179807	36903
chr19	31858598	32058598	harbor2	chr19	31906655	31907017	LTR/ERVL-MaLR	941	+	181	31906836	48238
chr19	31858598	32058598	harbor2	chr19	31919933	31920291	LTR/ERVL-MaLR	2553	+	179	31920112	61514
chr19	31858598	32058598	harbor2	chr19	31936322	31936684	LTR/ERVL-MaLR	2053	+	181	31936503	77905
chr19	31858598	32058598	harbor2	chr19	31951656	31952002	LTR/ERVL-MaLR	1854	+	173	31951829	93231
chr19	31858598	32058598	harbor2	chr19	31952003	31952365	LTR/ERVL-MaLR	2709	+	181	31952184	93586
chr19	31858598	32058598	harbor2	chr19	31952366	31952517	LTR/ERVL-MaLR	1854	+	76	31952442	93844
chr19	57197567	57397567	harbor2	chr19	57204348	57204683	LTR/ERVL-MaLR	2272	+	168	57204516	6949
chr19	57197567	57397567	harbor2	chr19	57274864	57275042	LTR/ERVL-MaLR	1149	+	89	57274953	77386
chr19	55289905	55489905	harbor2	chr19	55334658	55334817	LTR/ERVL-MaLR	877	+	80	55334738	44833
chr19	55234371	55434371	harbor2	chr19	55274656	55275042	LTR/ERVL-MaLR	2222	+	193	55274849	40478
chr19	47188920	47388920	harbor2	chr19	47285038	47285237	LTR/ERVL-MaLR	638	+	100	47285138	96218
chr19	52206124	52406124	harbor2	chr19	52227021	52227483	LTR/ERVL-MaLR	1149	+	231	52227252	21128
chr19	52206124	52406124	harbor2	chr19	52238109	52238497	LTR/ERVL-MaLR	1241	+	194	52238303	32179
chr19	52206124	52406124	harbor2	chr19	52254165	52254235	LTR/ERVL-MaLR	731	+	35	52254200	48076
chr19	52206124	52406124	harbor2	chr19	52254543	52254965	LTR/ERVL-MaLR	731	+	211	52254754	48630
chr19	55375297	55575297	harbor2	chr19	55400576	55400802	LTR/ERVL-MaLR	656	+	113	55400689	25392
chr19	55375297	55575297	harbor2	chr19	55427361	55427533	LTR/ERVL-MaLR	984	+	86	55427447	52150
chr19	55375297	55575297	harbor2	chr19	55427831	55428006	LTR/ERVL-MaLR	984	+	88	55427919	52622
chr19	55375297	55575297	harbor2	chr19	55428317	55428375	LTR/ERVL-MaLR	984	+	29	55428346	53049
chr19	55375297	55575297	harbor2	chr19	55437030	55437246	LTR/ERVL-MaLR	655	+	108	55437138	61841
chr19	55375297	55575297	harbor2	chr19	55470039	55470321	LTR/ERVL-MaLR	1389	+	141	55470180	94883
chr19	52070711	52270711	harbor2	chr19	52086178	52086590	LTR/ERVL-MaLR	2672	+	206	52086384	15673
chr19	52070711	52270711	harbor2	chr19	52097366	52097549	LTR/ERVL-MaLR	1225	+	92	52097458	26747
chr19	52070711	52270711	harbor2	chr19	52098060	52098241	LTR/ERVL-MaLR	798	+	90	52098150	27439
chr19	52070711	52270711	harbor2	chr19	52132415	52132831	LTR/ERVL-MaLR	2320	+	208	52132623	61912
chr19	52070711	52270711	harbor2	chr19	52140600	52140812	LTR/ERVL-MaLR	1074	+	106	52140706	69995
chr19	52070711	52270711	harbor2	chr19	52146042	52146217	LTR/ERVL-MaLR	843	+	88	52146130	75419
chr19	52070711	52270711	harbor2	chr19	52158824	52159180	LTR/ERVL-MaLR	761	+	178	52159002	88291
chr19	45526095	45726095	harbor2	chr19	45551305	45551693	LTR/ERVL-MaLR	1020	+	194	45551499	25404
chr19	45526095	45726095	harbor2	chr19	45608980	45609322	LTR/ERVL-MaLR	2104	+	171	45609151	83056
chr19	34926579	35126579	harbor2	chr19	34948361	34948773	LTR/ERVL-MaLR	996	+	206	34948567	21988
chr19	34926579	35126579	harbor2	chr19	34983822	34984203	LTR/ERVL-MaLR	1109	+	190	34984012	57433
chr19	34926579	35126579	harbor2	chr19	34987241	34987343	LTR/ERVL-MaLR	1354	+	51	34987292	60713
chr19	34926579	35126579	harbor2	chr19	34987665	34988008	LTR/ERVL-MaLR	1354	+	172	34987837	61258
chr19	34926579	35126579	harbor2	chr19	35017187	35017329	LTR/ERVL-MaLR	909	+	71	35017258	90679
chr19	49939182	50139182	harbor2	chr19	49991647	49991942	LTR/ERVL-MaLR	905	+	148	49991795	52613
chr19	49939182	50139182	harbor2	chr19	49997729	49998190	LTR/ERVL-MaLR	1431	+	230	49997959	58777
chr19	49939182	50139182	harbor2	chr19	50003218	50003380	LTR/ERVL-MaLR	733	+	81	50003299	64117
chr19	49939182	50139182	harbor2	chr19	50021196	50021755	LTR/ERVL-MaLR	991	+	280	50021476	82294
chr19	49939182	50139182	harbor2	chr19	50035935	50035969	LTR/ERVL-MaLR	1647	+	17	50035952	96770
chr19	49939182	50139182	harbor2	chr19	50036256	50036314	LTR/ERVL-MaLR	1647	+	29	50036285	97103
chr19	49939182	50139182	harbor2	chr19	50036624	50036931	LTR/ERVL-MaLR	1647	+	154	50036778	97596
chr19	45543568	45743568	harbor2	chr19	45551305	45551693	LTR/ERVL-MaLR	1020	+	194	45551499	7931
chr19	45543568	45743568	harbor2	chr19	45608980	45609322	LTR/ERVL-MaLR	2104	+	171	45609151	65583
chr19	36502186	36702186	harbor2	chr19	36538617	36538990	LTR/ERVL-MaLR	2266	+	186	36538803	36617
chr19	36502186	36702186	harbor2	chr19	36560775	36561379	LTR/ERVL-MaLR	2751	+	302	36561077	58891
chr19	36502186	36702186	harbor2	chr19	36561533	36561953	LTR/ERVL-MaLR	2751	+	210	36561743	59557
chr19	36502186	36702186	harbor2	chr19	36562219	36562491	LTR/ERVL-MaLR	2751	+	136	36562355	60169
chr19	36502186	36702186	harbor2	chr19	36562499	36562553	LTR/ERVL-MaLR	1433	+	27	36562526	60340
chr19	36502186	36702186	harbor2	chr19	36562854	36563125	LTR/ERVL-MaLR	1433	+	136	36562990	60804
chr19	36502186	36702186	harbor2	chr19	36581510	36581904	LTR/ERVL-MaLR	2352	+	197	36581707	79521
chr19	36502186	36702186	harbor2	chr19	36594243	36594743	LTR/ERVL-MaLR	1876	+	250	36594493	92307
chr19	45350712	45550712	harbor2	chr19	45354977	45355074	LTR/ERVL-MaLR	616	+	48	45355025	4313
chr19	45350712	45550712	harbor2	chr19	45355364	45355618	LTR/ERVL-MaLR	616	+	127	45355491	4779
chr19	45350712	45550712	harbor2	chr19	45391471	45391813	LTR/ERVL-MaLR	813	+	171	45391642	40930
chr19	30992469	31192469	harbor2	chr19	30997692	30998044	LTR/ERVL-MaLR	2251	+	176	30997868	5399
chr19	30992469	31192469	harbor2	chr19	31000219	31000803	LTR/ERVL-MaLR	1031	+	292	31000511	8042
chr19	30992469	31192469	harbor2	chr19	31047998	31048465	LTR/ERVL-MaLR	1409	+	234	31048232	55763
chr19	30992469	31192469	harbor2	chr19	31060669	31061032	LTR/ERVL-MaLR	2820	+	182	31060851	68382
chr19	30992469	31192469	harbor2	chr19	31062642	31063005	LTR/ERVL-MaLR	1944	+	182	31062824	70355
chr19	30992469	31192469	harbor2	chr19	31080588	31080615	LTR/ERVL-MaLR	2010	+	14	31080602	88133
chr19	30992469	31192469	harbor2	chr19	31081305	31081671	LTR/ERVL-MaLR	2010	+	183	31081488	89019
chr19	47407243	47607243	harbor2	chr19	47438912	47439245	LTR/ERVL-MaLR	1171	+	166	47439078	31835
chr19	47407243	47607243	harbor2	chr19	47439563	47439603	LTR/ERVL-MaLR	1171	+	20	47439583	32340
chr19	47407243	47607243	harbor2	chr19	47439644	47439655	LTR/ERVL-MaLR	1171	+	6	47439650	32407
chr19	47407243	47607243	harbor2	chr19	47439962	47440049	LTR/ERVL-MaLR	1171	+	44	47440006	32763
chr19	18010476	18210476	harbor2	chr19	18035175	18035376	LTR/ERVL-MaLR	808	+	100	18035275	24799
chr19	18010476	18210476	harbor2	chr19	18060520	18060790	LTR/ERVL-MaLR	796	+	135	18060655	50179
chr19	41424100	41624100	harbor2	chr19	41449716	41450159	LTR/ERVL-MaLR	1145	+	222	41449938	25838
chr19	41424100	41624100	harbor2	chr19	41450835	41450970	LTR/ERVL-MaLR	898	+	68	41450903	26803
chr19	41424100	41624100	harbor2	chr19	41477509	41477936	LTR/ERVL-MaLR	2139	+	214	41477723	53623
chr19	41424100	41624100	harbor2	chr19	41496723	41497140	LTR/ERVL-MaLR	2107	+	208	41496931	72831
chr19	41424100	41624100	harbor2	chr19	41451276	41451626	LTR/ERVL-MaLR	898	+	175	41451451	27351
chr19	48675528	48875528	harbor2	chr19	48711032	48711551	LTR/ERVL-MaLR	843	+	260	48711292	35764
chr19	48675528	48875528	harbor2	chr19	48770257	48770455	LTR/ERVL-MaLR	924	+	99	48770356	94828
chr19	46078478	46278478	harbor2	chr19	46112295	46112694	LTR/ERVL-MaLR	953	+	200	46112495	34017
chr19	46078478	46278478	harbor2	chr19	46114500	46114854	LTR/ERVL-MaLR	1992	+	177	46114677	36199
chr19	46078478	46278478	harbor2	chr19	46167621	46167992	LTR/ERVL-MaLR	1446	+	186	46167807	89329
chr19	44000760	44200760	harbor2	chr19	44001024	44001303	LTR/ERVL-MaLR	1003	+	140	44001164	404
chr19	44000760	44200760	harbor2	chr19	44016582	44016945	LTR/ERVL-MaLR	2174	+	182	44016764	16004
chr19	44000760	44200760	harbor2	chr19	44017254	44017290	LTR/ERVL-MaLR	2174	+	18	44017272	16512
chr19	44000760	44200760	harbor2	chr19	44048238	44048553	LTR/ERVL-MaLR	1312	+	158	44048396	47636
chr19	44000760	44200760	harbor2	chr19	44048564	44049337	LTR/ERVL-MaLR	3469	+	386	44048950	48190
chr19	44000760	44200760	harbor2	chr19	44070665	44070802	LTR/ERVL-MaLR	1112	+	68	44070733	69973
chr19	49281070	49481070	harbor2	chr19	49287423	49287765	LTR/ERVL-MaLR	2557	+	171	49287594	6524
chr19	49281070	49481070	harbor2	chr19	49287766	49289334	LTR/ERVL-MaLR	11924	+	784	49288550	7480
chr19	49281070	49481070	harbor2	chr19	49289335	49289688	LTR/ERVL-MaLR	2569	+	176	49289511	8441
chr19	49281070	49481070	harbor2	chr19	49304991	49305309	LTR/ERVL-MaLR	759	+	159	49305150	24080
chr19	49281070	49481070	harbor2	chr19	49305620	49305810	LTR/ERVL-MaLR	759	+	95	49305715	24645
chr19	49281070	49481070	harbor2	chr19	49328630	49329100	LTR/ERVL-MaLR	2136	+	235	49328865	47795
chr19	49281070	49481070	harbor2	chr19	49329384	49329451	LTR/ERVL-MaLR	2136	+	34	49329418	48348
chr19	49281070	49481070	harbor2	chr19	49347878	49348278	LTR/ERVL-MaLR	1457	+	200	49348078	67008
chr19	49281070	49481070	harbor2	chr19	49348918	49349127	LTR/ERVL-MaLR	727	+	104	49349022	67952
chr19	49281070	49481070	harbor2	chr19	49349128	49349182	LTR/ERVL-MaLR	2449	+	27	49349155	68085
chr19	49281070	49481070	harbor2	chr19	49349479	49349841	LTR/ERVL-MaLR	2449	+	181	49349660	68590
chr19	49281070	49481070	harbor2	chr19	49349842	49350059	LTR/ERVL-MaLR	727	+	108	49349950	68880
chr19	49281070	49481070	harbor2	chr19	49350060	49350309	LTR/ERVL-MaLR	847	+	124	49350184	69114
chr19	49281070	49481070	harbor2	chr19	49350632	49350713	LTR/ERVL-MaLR	847	+	40	49350672	69602
chr19	49281070	49481070	harbor2	chr19	49357636	49357815	LTR/ERVL-MaLR	2345	+	90	49357726	76656
chr19	49281070	49481070	harbor2	chr19	49358436	49358621	LTR/ERVL-MaLR	2345	+	92	49358528	77458
chr19	49281070	49481070	harbor2	chr19	49358921	49358948	LTR/ERVL-MaLR	2345	+	14	49358935	77865
chr19	49281070	49481070	harbor2	chr19	49359252	49359308	LTR/ERVL-MaLR	2345	+	28	49359280	78210
chr19	54928713	55128713	harbor2	chr19	55023326	55023733	LTR/ERVL-MaLR	1913	+	204	55023530	94817
chr19	52065282	52265282	harbor2	chr19	52069520	52069875	LTR/ERVL-MaLR	815	+	178	52069698	4416
chr19	52065282	52265282	harbor2	chr19	52086178	52086590	LTR/ERVL-MaLR	2672	+	206	52086384	21102
chr19	52065282	52265282	harbor2	chr19	52097366	52097549	LTR/ERVL-MaLR	1225	+	92	52097458	32176
chr19	52065282	52265282	harbor2	chr19	52098060	52098241	LTR/ERVL-MaLR	798	+	90	52098150	32868
chr19	52065282	52265282	harbor2	chr19	52132415	52132831	LTR/ERVL-MaLR	2320	+	208	52132623	67341
chr19	52065282	52265282	harbor2	chr19	52140600	52140812	LTR/ERVL-MaLR	1074	+	106	52140706	75424
chr19	52065282	52265282	harbor2	chr19	52146042	52146217	LTR/ERVL-MaLR	843	+	88	52146130	80848
chr19	52065282	52265282	harbor2	chr19	52158824	52159180	LTR/ERVL-MaLR	761	+	178	52159002	93720
chr19	14412298	14612298	harbor2	chr19	14422531	14422902	LTR/ERVL-MaLR	1516	+	186	14422717	10419
chr19	14412298	14612298	harbor2	chr19	14486306	14486667	LTR/ERVL-MaLR	785	+	180	14486486	74188
chr19	14412298	14612298	harbor2	chr19	14489908	14490066	LTR/ERVL-MaLR	749	+	79	14489987	77689
chr19	14412298	14612298	harbor2	chr19	14506166	14506489	LTR/ERVL-MaLR	851	+	162	14506328	94030
chr19	28698788	28898788	harbor2	chr19	28707083	28707467	LTR/ERVL-MaLR	1924	+	192	28707275	8487
chr19	31118154	31318154	harbor2	chr19	31128927	31128994	LTR/ERVL-MaLR	1350	+	34	31128961	10807
chr19	31118154	31318154	harbor2	chr19	31130917	31131133	LTR/ERVL-MaLR	617	+	108	31131025	12871
chr19	31118154	31318154	harbor2	chr19	31153882	31154224	LTR/ERVL-MaLR	890	+	171	31154053	35899
chr19	31118154	31318154	harbor2	chr19	31186244	31186623	LTR/ERVL-MaLR	2613	+	190	31186434	68280
chr19	31118154	31318154	harbor2	chr19	31129357	31129631	LTR/ERVL-MaLR	1350	+	137	31129494	11340
chr19	49444556	49644556	harbor2	chr19	49508227	49508586	LTR/ERVL-MaLR	1448	+	180	49508407	63851
chr19	55712866	55912866	harbor2	chr19	55787248	55787351	LTR/ERVL-MaLR	847	+	52	55787300	74434
chr19	55712866	55912866	harbor2	chr19	55787637	55788097	LTR/ERVL-MaLR	847	+	230	55787867	75001
chr19	55712866	55912866	harbor2	chr19	55721648	55722001	LTR/ERVL-MaLR	2366	+	176	55721824	8958
chr19	37692003	37892003	harbor2	chr19	37735233	37735635	LTR/ERVL-MaLR	894	+	201	37735434	43431
chr19	37692003	37892003	harbor2	chr19	37735637	37735923	LTR/ERVL-MaLR	1480	+	143	37735780	43777
chr19	37692003	37892003	harbor2	chr19	37736214	37736476	LTR/ERVL-MaLR	1480	+	131	37736345	44342
chr19	37692003	37892003	harbor2	chr19	37737667	37737880	LTR/ERVL-MaLR	666	+	106	37737773	45770
chr19	46415528	46615528	harbor2	chr19	46420198	46420469	LTR/ERVL-MaLR	867	+	136	46420334	4806
chr19	46415528	46615528	harbor2	chr19	46448252	46448395	LTR/ERVL-MaLR	1257	+	72	46448324	32796
chr19	46415528	46615528	harbor2	chr19	46448713	46448985	LTR/ERVL-MaLR	1257	+	136	46448849	33321
chr19	46415528	46615528	harbor2	chr19	46473788	46473981	LTR/ERVL-MaLR	946	+	96	46473884	58356
chr19	46415528	46615528	harbor2	chr19	46504664	46505194	LTR/ERVL-MaLR	1628	+	265	46504929	89401
chr19	43854362	44054362	harbor2	chr19	43903861	43904233	LTR/ERVL-MaLR	1982	+	186	43904047	49685
chr19	43854362	44054362	harbor2	chr19	43905511	43905901	LTR/ERVL-MaLR	2293	+	195	43905706	51344
chr19	43854362	44054362	harbor2	chr19	43918348	43918685	LTR/ERVL-MaLR	1662	+	168	43918516	64154
chr19	43854362	44054362	harbor2	chr19	43924966	43925319	LTR/ERVL-MaLR	1496	+	176	43925142	70780
chr19	43854362	44054362	harbor2	chr19	43932868	43933148	LTR/ERVL-MaLR	843	+	140	43933008	78646
chr19	31943487	32143487	harbor2	chr19	31951656	31952002	LTR/ERVL-MaLR	1854	+	173	31951829	8342
chr19	31943487	32143487	harbor2	chr19	31952003	31952365	LTR/ERVL-MaLR	2709	+	181	31952184	8697
chr19	31943487	32143487	harbor2	chr19	31952366	31952517	LTR/ERVL-MaLR	1854	+	76	31952442	8955
chr19	31943487	32143487	harbor2	chr19	32016168	32016515	LTR/ERVL-MaLR	2295	+	174	32016342	72855
chr19	31960236	32160236	harbor2	chr19	32016168	32016515	LTR/ERVL-MaLR	2295	+	174	32016342	56106
chr19	31960236	32160236	harbor2	chr19	32054045	32054585	LTR/ERVL-MaLR	1743	+	270	32054315	94079
chr19	36944305	37144305	harbor2	chr19	36965105	36965303	LTR/ERVL-MaLR	927	+	99	36965204	20899
chr19	36944305	37144305	harbor2	chr19	36995898	36996066	LTR/ERVL-MaLR	751	+	84	36995982	51677
chr19	35214735	35414735	harbor2	chr19	35215659	35215954	LTR/ERVL-MaLR	935	+	148	35215807	1072
chr19	35214735	35414735	harbor2	chr19	35216422	35216891	LTR/ERVL-MaLR	1621	+	234	35216656	1921
chr19	35214735	35414735	harbor2	chr19	35216987	35217370	LTR/ERVL-MaLR	1120	+	192	35217179	2444
chr19	35214735	35414735	harbor2	chr19	35220312	35220608	LTR/ERVL-MaLR	709	+	148	35220460	5725
chr19	35214735	35414735	harbor2	chr19	35226812	35227209	LTR/ERVL-MaLR	1358	+	198	35227010	12275
chr19	35214735	35414735	harbor2	chr19	35237236	35237415	LTR/ERVL-MaLR	2428	+	90	35237326	22591
chr19	35214735	35414735	harbor2	chr19	35237729	35237941	LTR/ERVL-MaLR	2428	+	106	35237835	23100
chr19	35214735	35414735	harbor2	chr19	35238038	35238420	LTR/ERVL-MaLR	2320	+	191	35238229	23494
chr19	35214735	35414735	harbor2	chr19	35289408	35289545	LTR/ERVL-MaLR	1060	+	68	35289476	74741
chr19	35214735	35414735	harbor2	chr19	35289860	35290020	LTR/ERVL-MaLR	1060	+	80	35289940	75205
chr19	35214735	35414735	harbor2	chr19	35290333	35290399	LTR/ERVL-MaLR	1060	+	33	35290366	75631
chr19	58215088	58415088	harbor2	chr19	58274211	58274644	LTR/ERVL-MaLR	2147	+	216	58274427	59339
chr19	58215088	58415088	harbor2	chr19	58283327	58283598	LTR/ERVL-MaLR	790	+	136	58283463	68375
chr19	58215088	58415088	harbor2	chr19	58293598	58293843	LTR/ERVL-MaLR	923	+	122	58293720	78632
chr19	43112886	43312886	harbor2	chr19	43140190	43140609	LTR/ERVL-MaLR	2138	+	210	43140400	27514
chr19	43112886	43312886	harbor2	chr19	43143759	43144143	LTR/ERVL-MaLR	2261	+	192	43143951	31065
chr19	43112886	43312886	harbor2	chr19	43147614	43148012	LTR/ERVL-MaLR	2477	+	199	43147813	34927
chr19	43112886	43312886	harbor2	chr19	43164072	43164108	LTR/ERVL-MaLR	753	+	18	43164090	51204
chr19	43112886	43312886	harbor2	chr19	43164402	43164582	LTR/ERVL-MaLR	753	+	90	43164492	51606
chr19	53997012	54197012	harbor2	chr19	54029281	54029589	LTR/ERVL-MaLR	1837	+	154	54029435	32423
chr19	53997012	54197012	harbor2	chr19	54029880	54029916	LTR/ERVL-MaLR	1837	+	18	54029898	32886
chr19	53997012	54197012	harbor2	chr19	54038846	54039039	LTR/ERVL-MaLR	1085	+	96	54038942	41930
chr19	53997012	54197012	harbor2	chr19	54053278	54053804	LTR/ERVL-MaLR	1485	+	263	54053541	56529
chr19	53997012	54197012	harbor2	chr19	54061317	54061552	LTR/ERVL-MaLR	1572	+	118	54061435	64423
chr19	53997012	54197012	harbor2	chr19	54061833	54061874	LTR/ERVL-MaLR	1572	+	20	54061853	64841
chr19	53997012	54197012	harbor2	chr19	54062170	54062343	LTR/ERVL-MaLR	1572	+	86	54062256	65244
chr19	53997012	54197012	harbor2	chr19	54084067	54084464	LTR/ERVL-MaLR	1059	+	198	54084265	87253
chr19	53997012	54197012	harbor2	chr19	54086787	54086891	LTR/ERVL-MaLR	2195	+	52	54086839	89827
chr19	53997012	54197012	harbor2	chr19	54086935	54087197	LTR/ERVL-MaLR	2195	+	131	54087066	90054
chr19	41667605	41867605	harbor2	chr19	41673011	41673228	LTR/ERVL-MaLR	1043	+	108	41673119	5514
chr19	41667605	41867605	harbor2	chr19	41706122	41706519	LTR/ERVL-MaLR	2368	+	198	41706320	38715
chr19	58261840	58461840	harbor2	chr19	58274211	58274644	LTR/ERVL-MaLR	2147	+	216	58274427	12587
chr19	58261840	58461840	harbor2	chr19	58283327	58283598	LTR/ERVL-MaLR	790	+	136	58283463	21623
chr19	58261840	58461840	harbor2	chr19	58293598	58293843	LTR/ERVL-MaLR	923	+	122	58293720	31880
chr19	58261840	58461840	harbor2	chr19	58323557	58323888	LTR/ERVL-MaLR	2348	+	166	58323723	61883
chr19	58261840	58461840	harbor2	chr19	58324206	58324284	LTR/ERVL-MaLR	2348	+	39	58324245	62405
chr19	12262944	12462944	harbor2	chr19	12276661	12277091	LTR/ERVL-MaLR	1918	+	215	12276876	13932
chr19	12262944	12462944	harbor2	chr19	12282082	12282261	LTR/ERVL-MaLR	688	+	90	12282172	19228
chr19	12262944	12462944	harbor2	chr19	12323293	12323700	LTR/ERVL-MaLR	2090	+	204	12323497	60553
chr19	12262944	12462944	harbor2	chr19	12353683	12354102	LTR/ERVL-MaLR	1942	+	210	12353893	90949
chr19	49993774	50193774	harbor2	chr19	49997729	49998190	LTR/ERVL-MaLR	1431	+	230	49997959	4185
chr19	49993774	50193774	harbor2	chr19	50003218	50003380	LTR/ERVL-MaLR	733	+	81	50003299	9525
chr19	49993774	50193774	harbor2	chr19	50021196	50021755	LTR/ERVL-MaLR	991	+	280	50021476	27702
chr19	49993774	50193774	harbor2	chr19	50035935	50035969	LTR/ERVL-MaLR	1647	+	17	50035952	42178
chr19	49993774	50193774	harbor2	chr19	50036256	50036314	LTR/ERVL-MaLR	1647	+	29	50036285	42511
chr19	49993774	50193774	harbor2	chr19	50053161	50053406	LTR/ERVL-MaLR	1068	+	122	50053283	59509
chr19	49993774	50193774	harbor2	chr19	50072385	50072592	LTR/ERVL-MaLR	1625	+	104	50072489	78715
chr19	49993774	50193774	harbor2	chr19	50072907	50073012	LTR/ERVL-MaLR	1625	+	52	50072959	79185
chr19	49993774	50193774	harbor2	chr19	50073321	50073388	LTR/ERVL-MaLR	1625	+	34	50073355	79581
chr19	49993774	50193774	harbor2	chr19	50036624	50036931	LTR/ERVL-MaLR	1647	+	154	50036778	43004
chr19	42415703	42615703	harbor2	chr19	42435382	42435550	LTR/ERVL-MaLR	1671	+	84	42435466	19763
chr19	42415703	42615703	harbor2	chr19	42435846	42436068	LTR/ERVL-MaLR	1671	+	111	42435957	20254
chr19	42415703	42615703	harbor2	chr19	42459304	42459760	LTR/ERVL-MaLR	1991	+	228	42459532	43829
chr19	42415703	42615703	harbor2	chr19	42500855	42501199	LTR/ERVL-MaLR	1118	+	172	42501027	85324
chr19	42415703	42615703	harbor2	chr19	42501942	42502322	LTR/ERVL-MaLR	802	+	190	42502132	86429
chr19	58189265	58389265	harbor2	chr19	58208359	58208813	LTR/ERVL-MaLR	2040	+	227	58208586	19321
chr19	58189265	58389265	harbor2	chr19	58274211	58274644	LTR/ERVL-MaLR	2147	+	216	58274427	85162
chr19	58189265	58389265	harbor2	chr19	58283327	58283598	LTR/ERVL-MaLR	790	+	136	58283463	94198
chr19	55653392	55853392	harbor2	chr19	55704252	55704615	LTR/ERVL-MaLR	1301	+	182	55704434	51042
chr19	55653392	55853392	harbor2	chr19	55710432	55710803	LTR/ERVL-MaLR	2076	+	186	55710618	57226
chr19	55653392	55853392	harbor2	chr19	55721648	55722001	LTR/ERVL-MaLR	2366	+	176	55721824	68432
chr19	36616085	36816085	harbor2	chr19	36629240	36629527	LTR/ERVL-MaLR	680	+	144	36629384	13299
chr19	36616085	36816085	harbor2	chr19	36647707	36647899	LTR/ERVL-MaLR	2673	+	96	36647803	31718
chr19	36616085	36816085	harbor2	chr19	36648196	36648424	LTR/ERVL-MaLR	2673	+	114	36648310	32225
chr19	36616085	36816085	harbor2	chr19	36658860	36659398	LTR/ERVL-MaLR	1971	+	269	36659129	43044
chr19	54020278	54220278	harbor2	chr19	54029281	54029589	LTR/ERVL-MaLR	1837	+	154	54029435	9157
chr19	54020278	54220278	harbor2	chr19	54029880	54029916	LTR/ERVL-MaLR	1837	+	18	54029898	9620
chr19	54020278	54220278	harbor2	chr19	54038846	54039039	LTR/ERVL-MaLR	1085	+	96	54038942	18664
chr19	54020278	54220278	harbor2	chr19	54053278	54053804	LTR/ERVL-MaLR	1485	+	263	54053541	33263
chr19	54020278	54220278	harbor2	chr19	54061317	54061552	LTR/ERVL-MaLR	1572	+	118	54061435	41157
chr19	54020278	54220278	harbor2	chr19	54061833	54061874	LTR/ERVL-MaLR	1572	+	20	54061853	41575
chr19	54020278	54220278	harbor2	chr19	54062170	54062343	LTR/ERVL-MaLR	1572	+	86	54062256	41978
chr19	54020278	54220278	harbor2	chr19	54084067	54084464	LTR/ERVL-MaLR	1059	+	198	54084265	63987
chr19	54020278	54220278	harbor2	chr19	54086787	54086891	LTR/ERVL-MaLR	2195	+	52	54086839	66561
chr19	54020278	54220278	harbor2	chr19	54086935	54087197	LTR/ERVL-MaLR	2195	+	131	54087066	66788
chr19	54020278	54220278	harbor2	chr19	54113122	54113527	LTR/ERVL-MaLR	1618	+	202	54113324	93046
chr19	42571010	42771010	harbor2	chr19	42579183	42579368	LTR/ERVL-MaLR	916	+	92	42579275	8265
chr19	42571010	42771010	harbor2	chr19	42650550	42650621	LTR/ERVL-MaLR	1115	+	36	42650586	79576
chr19	42571010	42771010	harbor2	chr19	42650919	42651240	LTR/ERVL-MaLR	1115	+	160	42651079	80069
chr19	50427167	50627167	harbor2	chr19	50515655	50515828	LTR/ERVL-MaLR	717	+	86	50515741	88574
chr19	50427167	50627167	harbor2	chr19	50516446	50516679	LTR/ERVL-MaLR	717	+	116	50516562	89395
chr19	56649419	56849419	harbor2	chr19	56665977	56666117	LTR/ERVL-MaLR	1258	+	70	56666047	16628
chr19	56649419	56849419	harbor2	chr19	56666406	56666615	LTR/ERVL-MaLR	1258	+	104	56666510	17091
chr19	56649419	56849419	harbor2	chr19	56666665	56666917	LTR/ERVL-MaLR	887	+	126	56666791	17372
chr19	56649419	56849419	harbor2	chr19	56667664	56667961	LTR/ERVL-MaLR	1404	+	148	56667812	18393
chr19	56649419	56849419	harbor2	chr19	56674615	56675025	LTR/ERVL-MaLR	1635	+	205	56674820	25401
chr19	56649419	56849419	harbor2	chr19	56678115	56678210	LTR/ERVL-MaLR	645	+	48	56678163	28744
chr19	38037250	38237250	harbor2	chr19	38071649	38071861	LTR/ERVL-MaLR	715	+	106	38071755	34505
chr19	54675754	54875754	harbor2	chr19	54726480	54726977	LTR/ERVL-MaLR	1378	+	248	54726728	50974
chr19	54675754	54875754	harbor2	chr19	54740694	54741149	LTR/ERVL-MaLR	1287	+	228	54740922	65168
chr19	54675754	54875754	harbor2	chr19	54757297	54757777	LTR/ERVL-MaLR	1341	+	240	54757537	81783
chr19	54675754	54875754	harbor2	chr19	54772036	54772515	LTR/ERVL-MaLR	1236	+	240	54772276	96522
chr19	56466025	56666025	harbor2	chr19	56467233	56467379	LTR/ERVL-MaLR	792	+	73	56467306	1281
chr19	56466025	56666025	harbor2	chr19	56470962	56471362	LTR/ERVL-MaLR	2486	+	200	56471162	5137
chr19	56466025	56666025	harbor2	chr19	56471844	56472148	LTR/ERVL-MaLR	1798	+	152	56471996	5971
chr19	56466025	56666025	harbor2	chr19	56490380	56490842	LTR/ERVL-MaLR	1592	+	231	56490611	24586
chr19	56466025	56666025	harbor2	chr19	56502668	56502869	LTR/ERVL-MaLR	875	+	100	56502768	36743
chr19	56466025	56666025	harbor2	chr19	56502882	56502906	LTR/ERVL-MaLR	691	+	12	56502894	36869
chr19	56466025	56666025	harbor2	chr19	56503224	56503423	LTR/ERVL-MaLR	691	+	100	56503324	37299
chr19	56466025	56666025	harbor2	chr19	56505648	56505806	LTR/ERVL-MaLR	1033	+	79	56505727	39702
chr19	56466025	56666025	harbor2	chr19	56520530	56520798	LTR/ERVL-MaLR	1245	+	134	56520664	54639
chr19	34803208	35003208	harbor2	chr19	34809611	34809991	LTR/ERVL-MaLR	2108	+	190	34809801	6593
chr19	34803208	35003208	harbor2	chr19	34814427	34814795	LTR/ERVL-MaLR	2120	+	184	34814611	11403
chr19	34803208	35003208	harbor2	chr19	34844672	34845083	LTR/ERVL-MaLR	2369	+	206	34844878	41670
chr19	34803208	35003208	harbor2	chr19	34880344	34880708	LTR/ERVL-MaLR	2352	+	182	34880526	77318
chr19	53462614	53662614	harbor2	chr19	53527310	53527534	LTR/ERVL-MaLR	611	+	112	53527422	64808
chr19	33423733	33623733	harbor2	chr19	33445322	33445711	LTR/ERVL-MaLR	1665	+	194	33445516	21783
chr19	57246428	57446428	harbor2	chr19	57274864	57275042	LTR/ERVL-MaLR	1149	+	89	57274953	28525
chr19	57246428	57446428	harbor2	chr19	57309513	57309668	LTR/ERVL-MaLR	1978	+	78	57309591	63163
chr19	57246428	57446428	harbor2	chr19	57309969	57310193	LTR/ERVL-MaLR	1978	+	112	57310081	63653
chr19	51937027	52137027	harbor2	chr19	52011265	52011602	LTR/ERVL-MaLR	1961	+	168	52011433	74406
chr19	51937027	52137027	harbor2	chr19	52011621	52011682	LTR/ERVL-MaLR	2189	+	30	52011651	74624
chr19	51937027	52137027	harbor2	chr19	52011991	52012326	LTR/ERVL-MaLR	2189	+	168	52012159	75132
chr19	51937027	52137027	harbor2	chr19	52020909	52021441	LTR/ERVL-MaLR	1264	+	266	52021175	84148
chr19	52254536	52454536	harbor2	chr19	52254543	52254965	LTR/ERVL-MaLR	731	+	211	52254754	218
chr19	48474969	48674969	harbor2	chr19	48481834	48482248	LTR/ERVL-MaLR	1288	+	207	48482041	7072
chr19	48474969	48674969	harbor2	chr19	48482250	48482694	LTR/ERVL-MaLR	2071	+	222	48482472	7503
chr19	48474969	48674969	harbor2	chr19	48524128	48524487	LTR/ERVL-MaLR	1338	+	180	48524308	49339
chr19	48474969	48674969	harbor2	chr19	48524487	48524868	LTR/ERVL-MaLR	753	+	190	48524677	49708
chr19	40118595	40318595	harbor2	chr19	40139769	40139928	LTR/ERVL-MaLR	663	+	80	40139849	21254
chr19	40118595	40318595	harbor2	chr19	40150330	40150744	LTR/ERVL-MaLR	2541	+	207	40150537	31942
chr19	23006673	23206673	harbor2	chr19	23089396	23089748	LTR/ERVL-MaLR	2190	+	176	23089572	82899
chr19	23006673	23206673	harbor2	chr19	23089749	23089965	LTR/ERVL-MaLR	11789	+	108	23089857	83184
chr19	23006673	23206673	harbor2	chr19	23090262	23090715	LTR/ERVL-MaLR	11789	+	226	23090488	83815
chr19	23006673	23206673	harbor2	chr19	23091027	23091948	LTR/ERVL-MaLR	11789	+	460	23091487	84814
chr19	23006673	23206673	harbor2	chr19	23091949	23092300	LTR/ERVL-MaLR	2380	+	176	23092125	85452
chr19	48834879	49034879	harbor2	chr19	48857009	48857297	LTR/ERVL-MaLR	770	+	144	48857153	22274
chr19	46550734	46750734	harbor2	chr19	46555595	46555765	LTR/ERVL-MaLR	620	+	85	46555680	4946
chr19	46550734	46750734	harbor2	chr19	46565627	46565983	LTR/ERVL-MaLR	2094	+	178	46565805	15071
chr19	46550734	46750734	harbor2	chr19	46573060	46573234	LTR/ERVL-MaLR	743	+	87	46573147	22413
chr19	46550734	46750734	harbor2	chr19	46573255	46573368	LTR/ERVL-MaLR	622	+	56	46573311	22577
chr19	46550734	46750734	harbor2	chr19	46574651	46574811	LTR/ERVL-MaLR	959	+	80	46574731	23997
chr19	46550734	46750734	harbor2	chr19	46576661	46576791	LTR/ERVL-MaLR	1703	+	65	46576726	25992
chr19	46550734	46750734	harbor2	chr19	46577096	46577311	LTR/ERVL-MaLR	1703	+	108	46577204	26470
chr19	46550734	46750734	harbor2	chr19	46644403	46644535	LTR/ERVL-MaLR	850	+	66	46644469	93735
chr19	58493648	58693648	harbor2	chr19	58520425	58520773	LTR/ERVL-MaLR	1550	+	174	58520599	26951
chr19	58493648	58693648	harbor2	chr19	58521397	58521651	LTR/ERVL-MaLR	1550	+	127	58521524	27876
chr19	50102044	50302044	harbor2	chr19	50144990	50145480	LTR/ERVL-MaLR	1751	+	245	50145235	43191
chr19	50102044	50302044	harbor2	chr19	50149634	50149757	LTR/ERVL-MaLR	628	+	62	50149696	47652
chr19	50102044	50302044	harbor2	chr19	50150199	50150295	LTR/ERVL-MaLR	628	+	48	50150247	48203
chr19	50102044	50302044	harbor2	chr19	50152968	50153403	LTR/ERVL-MaLR	1432	+	218	50153186	51142
chr19	50102044	50302044	harbor2	chr19	50158690	50159016	LTR/ERVL-MaLR	640	+	163	50158853	56809
chr19	50102044	50302044	harbor2	chr19	50179357	50179536	LTR/ERVL-MaLR	973	+	90	50179447	77403
chr19	50102044	50302044	harbor2	chr19	50179729	50179886	LTR/ERVL-MaLR	886	+	78	50179807	77763
chr19	50860417	51060417	harbor2	chr19	50866605	50866992	LTR/ERVL-MaLR	2201	+	194	50866799	6382
chr19	50860417	51060417	harbor2	chr19	50897102	50897265	LTR/ERVL-MaLR	630	+	82	50897184	36767
chr19	50860417	51060417	harbor2	chr19	50940509	50940881	LTR/ERVL-MaLR	2326	+	186	50940695	80278
chr19	56507974	56707974	harbor2	chr19	56520530	56520798	LTR/ERVL-MaLR	1245	+	134	56520664	12690
chr19	56507974	56707974	harbor2	chr19	56582580	56582940	LTR/ERVL-MaLR	1630	+	180	56582760	74786
chr19	56507974	56707974	harbor2	chr19	56588553	56588955	LTR/ERVL-MaLR	2277	+	201	56588754	80780
chr19	58450084	58650084	harbor2	chr19	58449957	58450319	LTR/ERVL-MaLR	2232	+	181	58450138	54
chr19	58450084	58650084	harbor2	chr19	58459523	58459919	LTR/ERVL-MaLR	2407	+	198	58459721	9637
chr19	58450084	58650084	harbor2	chr19	58520425	58520773	LTR/ERVL-MaLR	1550	+	174	58520599	70515
chr19	58450084	58650084	harbor2	chr19	58521397	58521651	LTR/ERVL-MaLR	1550	+	127	58521524	71440
chr19	54728690	54928690	harbor2	chr19	54740694	54741149	LTR/ERVL-MaLR	1287	+	228	54740922	12232
chr19	54728690	54928690	harbor2	chr19	54757297	54757777	LTR/ERVL-MaLR	1341	+	240	54757537	28847
chr19	54728690	54928690	harbor2	chr19	54772036	54772515	LTR/ERVL-MaLR	1236	+	240	54772276	43586
chr19	54728690	54928690	harbor2	chr19	54786890	54787367	LTR/ERVL-MaLR	1211	+	238	54787128	58438
chr19	54728690	54928690	harbor2	chr19	54805220	54805693	LTR/ERVL-MaLR	1089	+	236	54805456	76766
chr19	54728690	54928690	harbor2	chr19	54818743	54819239	LTR/ERVL-MaLR	1358	+	248	54818991	90301
chr19	19982020	20182020	harbor2	chr19	19998934	19999250	LTR/ERVL-MaLR	1095	+	158	19999092	17072
chr19	32956302	33156302	harbor2	chr19	32962088	32962444	LTR/ERVL-MaLR	1777	+	178	32962266	5964
chr19	32956302	33156302	harbor2	chr19	32993514	32993911	LTR/ERVL-MaLR	1564	+	198	32993712	37410
chr19	32309562	32509562	harbor2	chr19	32338666	32339047	LTR/ERVL-MaLR	2073	+	190	32338856	29294
chr19	58058842	58258842	harbor2	chr19	58072097	58072398	LTR/ERVL-MaLR	1073	+	150	58072247	13405
chr19	58058842	58258842	harbor2	chr19	58072716	58072978	LTR/ERVL-MaLR	1444	+	131	58072847	14005
chr19	58058842	58258842	harbor2	chr19	58073652	58074064	LTR/ERVL-MaLR	2672	+	206	58073858	15016
chr19	58058842	58258842	harbor2	chr19	58140024	58140229	LTR/ERVL-MaLR	1054	+	102	58140126	81284
chr19	44510056	44710056	harbor2	chr19	44516324	44516684	LTR/ERVL-MaLR	2391	+	180	44516504	6448
chr19	44510056	44710056	harbor2	chr19	44531781	44532131	LTR/ERVL-MaLR	1281	+	175	44531956	21900
chr19	44510056	44710056	harbor2	chr19	44554958	44555279	LTR/ERVL-MaLR	1397	+	160	44555118	45062
chr19	44510056	44710056	harbor2	chr19	44555525	44555691	LTR/ERVL-MaLR	1397	+	83	44555608	45552
chr19	44510056	44710056	harbor2	chr19	44576484	44576663	LTR/ERVL-MaLR	939	+	90	44576574	66518
chr19	44510056	44710056	harbor2	chr19	44576963	44577227	LTR/ERVL-MaLR	939	+	132	44577095	67039
chr19	44510056	44710056	harbor2	chr19	44578932	44579123	LTR/ERVL-MaLR	2098	+	96	44579028	68972
chr19	44510056	44710056	harbor2	chr19	44579718	44579931	LTR/ERVL-MaLR	2098	+	106	44579824	69768
chr19	44510056	44710056	harbor2	chr19	44588556	44589012	LTR/ERVL-MaLR	957	+	228	44588784	78728
chr19	44510056	44710056	harbor2	chr19	44589710	44590120	LTR/ERVL-MaLR	2651	+	205	44589915	79859
chr19	44510056	44710056	harbor2	chr19	44593604	44593757	LTR/ERVL-MaLR	878	+	76	44593680	83624
chr19	44510056	44710056	harbor2	chr19	44599771	44600132	LTR/ERVL-MaLR	925	+	180	44599951	89895
chr19	57117215	57317215	harbor2	chr19	57179740	57180097	LTR/ERVL-MaLR	1974	+	178	57179918	62703
chr19	57117215	57317215	harbor2	chr19	57204348	57204683	LTR/ERVL-MaLR	2272	+	168	57204516	87301
chr19	39936859	40136859	harbor2	chr19	39947859	39948216	LTR/ERVL-MaLR	1968	+	178	39948037	11178
chr19	39936859	40136859	harbor2	chr19	39992688	39993098	LTR/ERVL-MaLR	2715	+	205	39992893	56034
chr19	39936859	40136859	harbor2	chr19	39994663	39995070	LTR/ERVL-MaLR	2380	+	204	39994867	58008
chr19	39936859	40136859	harbor2	chr19	40018472	40018990	LTR/ERVL-MaLR	1778	+	259	40018731	81872
chr19	39936859	40136859	harbor2	chr19	39993099	39994662	LTR/ERVL-MaLR	9455	+	782	39993881	57022
chr19	56646331	56846331	harbor2	chr19	56665977	56666117	LTR/ERVL-MaLR	1258	+	70	56666047	19716
chr19	56646331	56846331	harbor2	chr19	56666406	56666615	LTR/ERVL-MaLR	1258	+	104	56666510	20179
chr19	56646331	56846331	harbor2	chr19	56666665	56666917	LTR/ERVL-MaLR	887	+	126	56666791	20460
chr19	56646331	56846331	harbor2	chr19	56667664	56667961	LTR/ERVL-MaLR	1404	+	148	56667812	21481
chr19	56646331	56846331	harbor2	chr19	56674615	56675025	LTR/ERVL-MaLR	1635	+	205	56674820	28489
chr19	56646331	56846331	harbor2	chr19	56678115	56678210	LTR/ERVL-MaLR	645	+	48	56678163	31832
chr19	42045400	42245400	harbor2	chr19	42063361	42063922	LTR/ERVL-MaLR	1481	+	280	42063641	18241
chr19	42045400	42245400	harbor2	chr19	42101235	42101676	LTR/ERVL-MaLR	1893	+	220	42101455	56055
chr19	42045400	42245400	harbor2	chr19	42115726	42116173	LTR/ERVL-MaLR	2059	+	224	42115950	70550
chr19	42045400	42245400	harbor2	chr19	42125992	42126162	LTR/ERVL-MaLR	2212	+	85	42126077	80677
chr19	42045400	42245400	harbor2	chr19	42126469	42126682	LTR/ERVL-MaLR	2212	+	106	42126575	81175
chr19	29189878	29389878	harbor2	chr19	29201198	29201502	LTR/ERVL-MaLR	1587	+	152	29201350	11472
chr19	29189878	29389878	harbor2	chr19	29216168	29216292	LTR/ERVL-MaLR	793	+	62	29216230	26352
chr19	29189878	29389878	harbor2	chr19	29216656	29216920	LTR/ERVL-MaLR	793	+	132	29216788	26910
chr19	29189878	29389878	harbor2	chr19	29249245	29249623	LTR/ERVL-MaLR	2026	+	189	29249434	59556
chr19	45504743	45704743	harbor2	chr19	45551305	45551693	LTR/ERVL-MaLR	1020	+	194	45551499	46756
chr19	22579354	22779354	harbor2	chr19	22587014	22587352	LTR/ERVL-MaLR	2223	+	169	22587183	7829
chr19	55197556	55397556	harbor2	chr19	55226180	55226615	LTR/ERVL-MaLR	1034	+	218	55226398	28842
chr19	55197556	55397556	harbor2	chr19	55274656	55275042	LTR/ERVL-MaLR	2222	+	193	55274849	77293
chr19	43168747	43368747	harbor2	chr19	43234275	43234484	LTR/ERVL-MaLR	769	+	104	43234379	65632
chr19	43168747	43368747	harbor2	chr19	43239765	43240090	LTR/ERVL-MaLR	1525	+	162	43239927	71180
chr19	43168747	43368747	harbor2	chr19	43249603	43249639	LTR/ERVL-MaLR	753	+	18	43249621	80874
chr19	43168747	43368747	harbor2	chr19	43249937	43250171	LTR/ERVL-MaLR	753	+	117	43250054	81307
chr19	53745548	53945548	harbor2	chr19	53806902	53807084	LTR/ERVL-MaLR	756	+	91	53806993	61445
chr19	53745548	53945548	harbor2	chr19	53807367	53807407	LTR/ERVL-MaLR	756	+	20	53807387	61839
chr19	53745548	53945548	harbor2	chr19	53825285	53825455	LTR/ERVL-MaLR	977	+	85	53825370	79822
chr19	53745548	53945548	harbor2	chr19	53825752	53825803	LTR/ERVL-MaLR	977	+	26	53825778	80230
chr19	49907971	50107971	harbor2	chr19	49915163	49915598	LTR/ERVL-MaLR	1707	+	218	49915381	7410
chr19	49907971	50107971	harbor2	chr19	49991647	49991942	LTR/ERVL-MaLR	905	+	148	49991795	83824
chr19	49907971	50107971	harbor2	chr19	49997729	49998190	LTR/ERVL-MaLR	1431	+	230	49997959	89988
chr19	49907971	50107971	harbor2	chr19	50003218	50003380	LTR/ERVL-MaLR	733	+	81	50003299	95328
chr19	51213507	51413507	harbor2	chr19	51221143	51221281	LTR/ERVL-MaLR	792	+	69	51221212	7705
chr19	51213507	51413507	harbor2	chr19	51290614	51290983	LTR/ERVL-MaLR	2026	+	184	51290798	77291
chr19	51213507	51413507	harbor2	chr19	51298003	51298072	LTR/ERVL-MaLR	1449	+	34	51298037	84530
chr19	51213507	51413507	harbor2	chr19	51298352	51298565	LTR/ERVL-MaLR	1449	+	106	51298458	84951
chr19	51213507	51413507	harbor2	chr19	51300942	51301118	LTR/ERVL-MaLR	681	+	88	51301030	87523
chr19	57126335	57326335	harbor2	chr19	57179740	57180097	LTR/ERVL-MaLR	1974	+	178	57179918	53583
chr19	57126335	57326335	harbor2	chr19	57204348	57204683	LTR/ERVL-MaLR	2272	+	168	57204516	78181
chr19	49946024	50146024	harbor2	chr19	49991647	49991942	LTR/ERVL-MaLR	905	+	148	49991795	45771
chr19	49946024	50146024	harbor2	chr19	49997729	49998190	LTR/ERVL-MaLR	1431	+	230	49997959	51935
chr19	49946024	50146024	harbor2	chr19	50003218	50003380	LTR/ERVL-MaLR	733	+	81	50003299	57275
chr19	49946024	50146024	harbor2	chr19	50021196	50021755	LTR/ERVL-MaLR	991	+	280	50021476	75452
chr19	49946024	50146024	harbor2	chr19	50035935	50035969	LTR/ERVL-MaLR	1647	+	17	50035952	89928
chr19	49946024	50146024	harbor2	chr19	50036256	50036314	LTR/ERVL-MaLR	1647	+	29	50036285	90261
chr19	49946024	50146024	harbor2	chr19	50036624	50036931	LTR/ERVL-MaLR	1647	+	154	50036778	90754
chr19	55268124	55468124	harbor2	chr19	55274656	55275042	LTR/ERVL-MaLR	2222	+	193	55274849	6725
chr19	55268124	55468124	harbor2	chr19	55334658	55334817	LTR/ERVL-MaLR	877	+	80	55334738	66614
chr19	48629971	48829971	harbor2	chr19	48651210	48651531	LTR/ERVL-MaLR	1009	+	160	48651370	21399
chr19	48629971	48829971	harbor2	chr19	48656879	48657256	LTR/ERVL-MaLR	1252	+	188	48657067	27096
chr19	48629971	48829971	harbor2	chr19	48711032	48711551	LTR/ERVL-MaLR	843	+	260	48711292	81321
chr19	57422868	57622868	harbor2	chr19	57452227	57452575	LTR/ERVL-MaLR	1332	+	174	57452401	29533
chr19	57422868	57622868	harbor2	chr19	57467321	57467690	LTR/ERVL-MaLR	1844	+	184	57467505	44637
chr19	7859772	8059772	harbor2	chr19	7950827	7950912	LTR/ERVL-MaLR	685	+	42	7950869	91097
chr19	7859772	8059772	harbor2	chr19	7951224	7951237	LTR/ERVL-MaLR	685	+	6	7951230	91458
chr19	7859772	8059772	harbor2	chr19	7951515	7951751	LTR/ERVL-MaLR	1294	+	118	7951633	91861
chr19	58495208	58695208	harbor2	chr19	58520425	58520773	LTR/ERVL-MaLR	1550	+	174	58520599	25391
chr19	58495208	58695208	harbor2	chr19	58521397	58521651	LTR/ERVL-MaLR	1550	+	127	58521524	26316
chr19	42110347	42310347	harbor2	chr19	42115726	42116173	LTR/ERVL-MaLR	2059	+	224	42115950	5603
chr19	42110347	42310347	harbor2	chr19	42125992	42126162	LTR/ERVL-MaLR	2212	+	85	42126077	15730
chr19	42110347	42310347	harbor2	chr19	42126469	42126682	LTR/ERVL-MaLR	2212	+	106	42126575	16228
chr19	42110347	42310347	harbor2	chr19	42193259	42193700	LTR/ERVL-MaLR	1910	+	220	42193479	83132
chr19	42110347	42310347	harbor2	chr19	42200559	42200803	LTR/ERVL-MaLR	666	+	122	42200681	90334
chr19	42110347	42310347	harbor2	chr19	42204262	42204649	LTR/ERVL-MaLR	2322	+	194	42204456	94109
chr19	37546814	37746814	harbor2	chr19	37580508	37580929	LTR/ERVL-MaLR	2395	+	210	37580718	33904
chr19	37546814	37746814	harbor2	chr19	37585732	37586162	LTR/ERVL-MaLR	1788	+	215	37585947	39133
chr19	37546814	37746814	harbor2	chr19	37613782	37614143	LTR/ERVL-MaLR	1650	+	180	37613962	67148
chr19	37546814	37746814	harbor2	chr19	37617106	37617445	LTR/ERVL-MaLR	1841	+	170	37617276	70462
chr19	37546814	37746814	harbor2	chr19	37626250	37626390	LTR/ERVL-MaLR	1094	+	70	37626320	79506
chr19	37546814	37746814	harbor2	chr19	37626691	37627310	LTR/ERVL-MaLR	1604	+	310	37627001	80187
chr19	37546814	37746814	harbor2	chr19	37627944	37628502	LTR/ERVL-MaLR	1635	+	279	37628223	81409
chr19	47884816	48084816	harbor2	chr19	47901226	47901611	LTR/ERVL-MaLR	1233	+	192	47901418	16602
chr19	39715780	39915780	harbor2	chr19	39765144	39765501	LTR/ERVL-MaLR	1530	+	178	39765322	49542
chr19	39715780	39915780	harbor2	chr19	39781424	39781836	LTR/ERVL-MaLR	2506	+	206	39781630	65850
chr19	39715780	39915780	harbor2	chr19	39782227	39782570	LTR/ERVL-MaLR	2257	+	172	39782399	66619
chr19	39715780	39915780	harbor2	chr19	39809207	39809656	LTR/ERVL-MaLR	927	+	224	39809431	93651
chr19	58513440	58713440	harbor2	chr19	58520425	58520773	LTR/ERVL-MaLR	1550	+	174	58520599	7159
chr19	58513440	58713440	harbor2	chr19	58521397	58521651	LTR/ERVL-MaLR	1550	+	127	58521524	8084
chr19	58513440	58713440	harbor2	chr19	58601032	58601393	LTR/ERVL-MaLR	2113	+	180	58601212	87772
chr19	57171456	57371456	harbor2	chr19	57179740	57180097	LTR/ERVL-MaLR	1974	+	178	57179918	8462
chr19	57171456	57371456	harbor2	chr19	57204348	57204683	LTR/ERVL-MaLR	2272	+	168	57204516	33060
chr19	45834091	46034091	harbor2	chr19	45837988	45838354	LTR/ERVL-MaLR	2027	+	183	45838171	4080
chr19	45834091	46034091	harbor2	chr19	45842925	45843320	LTR/ERVL-MaLR	1007	+	198	45843123	9032
chr19	45834091	46034091	harbor2	chr19	45904995	45905361	LTR/ERVL-MaLR	1373	+	183	45905178	71087
chr19	45834091	46034091	harbor2	chr19	45905674	45905739	LTR/ERVL-MaLR	1373	+	32	45905706	71615
chr19	45834091	46034091	harbor2	chr19	45923532	45923573	LTR/ERVL-MaLR	1482	+	20	45923552	89461
chr19	45834091	46034091	harbor2	chr19	45923877	45923940	LTR/ERVL-MaLR	1482	+	32	45923909	89818
chr19	45834091	46034091	harbor2	chr19	45924243	45924479	LTR/ERVL-MaLR	1482	+	118	45924361	90270
chr19	43501707	43701707	harbor2	chr19	43511824	43512187	LTR/ERVL-MaLR	2854	+	182	43512006	10299
chr19	43501707	43701707	harbor2	chr19	43512188	43513707	LTR/ERVL-MaLR	10889	+	760	43512948	11241
chr19	43501707	43701707	harbor2	chr19	43514022	43514151	LTR/ERVL-MaLR	10889	+	64	43514086	12379
chr19	43501707	43701707	harbor2	chr19	43514152	43514483	LTR/ERVL-MaLR	2663	+	166	43514318	12611
chr19	43501707	43701707	harbor2	chr19	43514784	43514826	LTR/ERVL-MaLR	2663	+	21	43514805	13098
chr19	43501707	43701707	harbor2	chr19	43538664	43539103	LTR/ERVL-MaLR	2028	+	220	43538884	37177
chr19	43501707	43701707	harbor2	chr19	43541218	43541270	LTR/ERVL-MaLR	1513	+	26	43541244	39537
chr19	43501707	43701707	harbor2	chr19	43541535	43541863	LTR/ERVL-MaLR	1513	+	164	43541699	39992
chr19	43501707	43701707	harbor2	chr19	43559627	43559797	LTR/ERVL-MaLR	2217	+	85	43559712	58005
chr19	43501707	43701707	harbor2	chr19	43560430	43560697	LTR/ERVL-MaLR	2217	+	134	43560564	58857
chr19	43501707	43701707	harbor2	chr19	43600872	43601115	LTR/ERVL-MaLR	689	+	122	43600994	99287
chr19	52082945	52282945	harbor2	chr19	52086178	52086590	LTR/ERVL-MaLR	2672	+	206	52086384	3439
chr19	52082945	52282945	harbor2	chr19	52097366	52097549	LTR/ERVL-MaLR	1225	+	92	52097458	14513
chr19	52082945	52282945	harbor2	chr19	52098060	52098241	LTR/ERVL-MaLR	798	+	90	52098150	15205
chr19	52082945	52282945	harbor2	chr19	52132415	52132831	LTR/ERVL-MaLR	2320	+	208	52132623	49678
chr19	52082945	52282945	harbor2	chr19	52140600	52140812	LTR/ERVL-MaLR	1074	+	106	52140706	57761
chr19	52082945	52282945	harbor2	chr19	52146042	52146217	LTR/ERVL-MaLR	843	+	88	52146130	63185
chr19	52082945	52282945	harbor2	chr19	52158824	52159180	LTR/ERVL-MaLR	761	+	178	52159002	76057
chr19	52082945	52282945	harbor2	chr19	52172219	52172414	LTR/ERVL-MaLR	1387	+	98	52172317	89372
chr19	52082945	52282945	harbor2	chr19	52172717	52172795	LTR/ERVL-MaLR	1387	+	39	52172756	89811
chr19	52082945	52282945	harbor2	chr19	52172797	52172834	LTR/ERVL-MaLR	693	+	18	52172815	89870
chr19	52082945	52282945	harbor2	chr19	52173144	52173285	LTR/ERVL-MaLR	693	+	70	52173214	90269
chr19	52082945	52282945	harbor2	chr19	52173730	52173970	LTR/ERVL-MaLR	1686	+	120	52173850	90905
chr19	42180627	42380627	harbor2	chr19	42193259	42193700	LTR/ERVL-MaLR	1910	+	220	42193479	12852
chr19	42180627	42380627	harbor2	chr19	42200559	42200803	LTR/ERVL-MaLR	666	+	122	42200681	20054
chr19	42180627	42380627	harbor2	chr19	42204262	42204649	LTR/ERVL-MaLR	2322	+	194	42204456	23829
chr19	28433510	28633510	harbor2	chr19	28473547	28473928	LTR/ERVL-MaLR	2132	+	190	28473737	40227
chr19	28433510	28633510	harbor2	chr19	28475515	28475876	LTR/ERVL-MaLR	2026	+	180	28475695	42185
chr19	23812289	24012289	harbor2	chr19	23815274	23815655	LTR/ERVL-MaLR	1433	+	190	23815464	3175
chr19	16663391	16863391	harbor2	chr19	16691900	16692251	LTR/ERVL-MaLR	1953	+	176	16692076	28685
chr19	52801563	53001563	harbor2	chr19	52844199	52844453	LTR/ERVL-MaLR	697	+	127	52844326	42763
chr19	52801563	53001563	harbor2	chr19	52883955	52884231	LTR/ERVL-MaLR	816	+	138	52884093	82530
chr19	48260879	48460879	harbor2	chr19	48295603	48295982	LTR/ERVL-MaLR	875	+	190	48295793	34914
chr19	48260879	48460879	harbor2	chr19	48313107	48313146	LTR/ERVL-MaLR	2430	+	20	48313127	52248
chr19	48260879	48460879	harbor2	chr19	48313457	48313601	LTR/ERVL-MaLR	2430	+	72	48313529	52650
chr19	48260879	48460879	harbor2	chr19	48313909	48313960	LTR/ERVL-MaLR	2430	+	26	48313935	53056
chr19	48260879	48460879	harbor2	chr19	48314196	48314431	LTR/ERVL-MaLR	2430	+	118	48314314	53435
chr19	48260879	48460879	harbor2	chr19	48353610	48353945	LTR/ERVL-MaLR	1083	+	168	48353778	92899
chr19	54317216	54517216	harbor2	chr19	54328727	54329085	LTR/ERVL-MaLR	2024	+	179	54328906	11690
chr19	54317216	54517216	harbor2	chr19	54335159	54335491	LTR/ERVL-MaLR	1732	+	166	54335325	18109
chr19	54317216	54517216	harbor2	chr19	54335799	54335839	LTR/ERVL-MaLR	1732	+	20	54335819	18603
chr19	54317216	54517216	harbor2	chr19	54355487	54355931	LTR/ERVL-MaLR	1111	+	222	54355709	38493
chr19	54317216	54517216	harbor2	chr19	54366239	54366489	LTR/ERVL-MaLR	2488	+	125	54366364	49148
chr19	54317216	54517216	harbor2	chr19	54366788	54367046	LTR/ERVL-MaLR	2488	+	129	54366917	49701
chr19	54317216	54517216	harbor2	chr19	54380204	54380318	LTR/ERVL-MaLR	777	+	57	54380261	63045
chr19	54317216	54517216	harbor2	chr19	54380511	54380887	LTR/ERVL-MaLR	2299	+	188	54380699	63483
chr19	54317216	54517216	harbor2	chr19	54392618	54392686	LTR/ERVL-MaLR	2373	+	34	54392652	75436
chr19	54317216	54517216	harbor2	chr19	54392982	54393287	LTR/ERVL-MaLR	2373	+	152	54393134	75918
chr19	37524861	37724861	harbor2	chr19	37580508	37580929	LTR/ERVL-MaLR	2395	+	210	37580718	55857
chr19	37524861	37724861	harbor2	chr19	37585732	37586162	LTR/ERVL-MaLR	1788	+	215	37585947	61086
chr19	37524861	37724861	harbor2	chr19	37613782	37614143	LTR/ERVL-MaLR	1650	+	180	37613962	89101
chr19	37524861	37724861	harbor2	chr19	37617106	37617445	LTR/ERVL-MaLR	1841	+	170	37617276	92415
chr19	30039458	30239458	harbor2	chr19	30040904	30041134	LTR/ERVL-MaLR	2243	+	115	30041019	1561
chr19	30039458	30239458	harbor2	chr19	30041432	30041558	LTR/ERVL-MaLR	2243	+	63	30041495	2037
chr19	30039458	30239458	harbor2	chr19	30041559	30043107	LTR/ERVL-MaLR	11374	+	774	30042333	2875
chr19	30039458	30239458	harbor2	chr19	30043108	30043456	LTR/ERVL-MaLR	2270	+	174	30043282	3824
chr19	30039458	30239458	harbor2	chr19	30069692	30069828	LTR/ERVL-MaLR	737	+	68	30069760	30302
chr19	30039458	30239458	harbor2	chr19	30072328	30072510	LTR/ERVL-MaLR	958	+	91	30072419	32961
chr19	30039458	30239458	harbor2	chr19	30119876	30120287	LTR/ERVL-MaLR	676	+	206	30120082	80624
chr19	30039458	30239458	harbor2	chr19	30120450	30120552	LTR/ERVL-MaLR	676	+	51	30120501	81043
chr19	57352922	57552922	harbor2	chr19	57386877	57387289	LTR/ERVL-MaLR	1865	+	206	57387083	34161
chr19	57352922	57552922	harbor2	chr19	57452227	57452575	LTR/ERVL-MaLR	1332	+	174	57452401	99479
chr19	47001383	47201383	harbor2	chr19	47059057	47059180	LTR/ERVL-MaLR	704	+	62	47059119	57736
chr19	47001383	47201383	harbor2	chr19	47060393	47060446	LTR/ERVL-MaLR	704	+	26	47060419	59036
chr19	47001383	47201383	harbor2	chr19	47060760	47060826	LTR/ERVL-MaLR	704	+	33	47060793	59410
chr19	47001383	47201383	harbor2	chr19	47061353	47061465	LTR/ERVL-MaLR	849	+	56	47061409	60026
chr19	47001383	47201383	harbor2	chr19	47061737	47061817	LTR/ERVL-MaLR	849	+	40	47061777	60394
chr19	47001383	47201383	harbor2	chr19	47062125	47062396	LTR/ERVL-MaLR	849	+	136	47062261	60878
chr19	54045457	54245457	harbor2	chr19	54053278	54053804	LTR/ERVL-MaLR	1485	+	263	54053541	8084
chr19	54045457	54245457	harbor2	chr19	54061317	54061552	LTR/ERVL-MaLR	1572	+	118	54061435	15978
chr19	54045457	54245457	harbor2	chr19	54061833	54061874	LTR/ERVL-MaLR	1572	+	20	54061853	16396
chr19	54045457	54245457	harbor2	chr19	54062170	54062343	LTR/ERVL-MaLR	1572	+	86	54062256	16799
chr19	54045457	54245457	harbor2	chr19	54084067	54084464	LTR/ERVL-MaLR	1059	+	198	54084265	38808
chr19	54045457	54245457	harbor2	chr19	54086787	54086891	LTR/ERVL-MaLR	2195	+	52	54086839	41382
chr19	54045457	54245457	harbor2	chr19	54086935	54087197	LTR/ERVL-MaLR	2195	+	131	54087066	41609
chr19	54045457	54245457	harbor2	chr19	54113122	54113527	LTR/ERVL-MaLR	1618	+	202	54113324	67867
chr19	43436508	43636508	harbor2	chr19	43437760	43437913	LTR/ERVL-MaLR	762	+	76	43437836	1328
chr19	43436508	43636508	harbor2	chr19	43451005	43451179	LTR/ERVL-MaLR	1724	+	87	43451092	14584
chr19	43436508	43636508	harbor2	chr19	43451487	43451502	LTR/ERVL-MaLR	1724	+	8	43451495	14987
chr19	43436508	43636508	harbor2	chr19	43451543	43451656	LTR/ERVL-MaLR	1724	+	56	43451599	15091
chr19	43436508	43636508	harbor2	chr19	43452270	43452338	LTR/ERVL-MaLR	1724	+	34	43452304	15796
chr19	43436508	43636508	harbor2	chr19	43511824	43512187	LTR/ERVL-MaLR	2854	+	182	43512006	75498
chr19	43436508	43636508	harbor2	chr19	43512188	43513707	LTR/ERVL-MaLR	10889	+	760	43512948	76440
chr19	43436508	43636508	harbor2	chr19	43514022	43514151	LTR/ERVL-MaLR	10889	+	64	43514086	77578
chr19	43436508	43636508	harbor2	chr19	43514152	43514483	LTR/ERVL-MaLR	2663	+	166	43514318	77810
chr19	43436508	43636508	harbor2	chr19	43514784	43514826	LTR/ERVL-MaLR	2663	+	21	43514805	78297
chr19	39833667	40033667	harbor2	chr19	39834919	39835238	LTR/ERVL-MaLR	1675	+	160	39835079	1412
chr19	39833667	40033667	harbor2	chr19	39835547	39835600	LTR/ERVL-MaLR	1675	+	26	39835573	1906
chr19	39833667	40033667	harbor2	chr19	39849752	39849893	LTR/ERVL-MaLR	1129	+	70	39849822	16155
chr19	39833667	40033667	harbor2	chr19	39850200	39850387	LTR/ERVL-MaLR	1129	+	94	39850294	16627
chr19	39833667	40033667	harbor2	chr19	39866091	39866501	LTR/ERVL-MaLR	1414	+	205	39866296	32629
chr19	39833667	40033667	harbor2	chr19	39867148	39867679	LTR/ERVL-MaLR	2055	+	266	39867414	33747
chr19	39833667	40033667	harbor2	chr19	39868998	39869302	LTR/ERVL-MaLR	1525	+	152	39869150	35483
chr19	39833667	40033667	harbor2	chr19	39869908	39870073	LTR/ERVL-MaLR	1525	+	82	39869990	36323
chr19	39833667	40033667	harbor2	chr19	39886745	39887184	LTR/ERVL-MaLR	1163	+	220	39886965	53298
chr19	39833667	40033667	harbor2	chr19	39902997	39903436	LTR/ERVL-MaLR	1185	+	220	39903217	69550
chr19	39833667	40033667	harbor2	chr19	39910783	39911150	LTR/ERVL-MaLR	876	+	184	39910967	77300
chr19	39833667	40033667	harbor2	chr19	39911475	39911543	LTR/ERVL-MaLR	876	+	34	39911509	77842
chr19	39833667	40033667	harbor2	chr19	39919847	39920166	LTR/ERVL-MaLR	1334	+	160	39920007	86340
chr19	15906386	16106386	harbor2	chr19	15926459	15926937	LTR/ERVL-MaLR	918	+	239	15926698	20312
chr19	15906386	16106386	harbor2	chr19	15974872	15975246	LTR/ERVL-MaLR	2525	+	187	15975059	68673
chr19	15906386	16106386	harbor2	chr19	15992309	15992400	LTR/ERVL-MaLR	621	+	46	15992355	85969
chr19	15906386	16106386	harbor2	chr19	15994261	15994677	LTR/ERVL-MaLR	815	+	208	15994469	88083
chr19	15906386	16106386	harbor2	chr19	15994678	15995047	LTR/ERVL-MaLR	2637	+	184	15994862	88476
chr19	15906386	16106386	harbor2	chr19	15995048	15996562	LTR/ERVL-MaLR	10652	+	757	15995805	89419
chr19	15906386	16106386	harbor2	chr19	15996563	15996926	LTR/ERVL-MaLR	2640	+	182	15996745	90359
chr19	15906386	16106386	harbor2	chr19	15996927	15997027	LTR/ERVL-MaLR	815	+	50	15996977	90591
chr19	37718627	37918627	harbor2	chr19	37735233	37735635	LTR/ERVL-MaLR	894	+	201	37735434	16807
chr19	37718627	37918627	harbor2	chr19	37735637	37735923	LTR/ERVL-MaLR	1480	+	143	37735780	17153
chr19	37718627	37918627	harbor2	chr19	37736214	37736476	LTR/ERVL-MaLR	1480	+	131	37736345	17718
chr19	37718627	37918627	harbor2	chr19	37737667	37737880	LTR/ERVL-MaLR	666	+	106	37737773	19146
chr19	34972912	35172912	harbor2	chr19	34983822	34984203	LTR/ERVL-MaLR	1109	+	190	34984012	11100
chr19	34972912	35172912	harbor2	chr19	34987241	34987343	LTR/ERVL-MaLR	1354	+	51	34987292	14380
chr19	34972912	35172912	harbor2	chr19	34987665	34988008	LTR/ERVL-MaLR	1354	+	172	34987837	14925
chr19	34972912	35172912	harbor2	chr19	35017187	35017329	LTR/ERVL-MaLR	909	+	71	35017258	44346
chr19	52433554	52633554	harbor2	chr19	52470831	52471248	LTR/ERVL-MaLR	2554	+	208	52471039	37485
chr19	36406224	36606224	harbor2	chr19	36426753	36427123	LTR/ERVL-MaLR	2306	+	185	36426938	20714
chr19	36406224	36606224	harbor2	chr19	36430591	36430752	LTR/ERVL-MaLR	1759	+	80	36430671	24447
chr19	36406224	36606224	harbor2	chr19	36431055	36431310	LTR/ERVL-MaLR	1759	+	128	36431183	24959
chr19	40230630	40430630	harbor2	chr19	40261098	40261250	LTR/ERVL-MaLR	1544	+	76	40261174	30544
chr19	40230630	40430630	harbor2	chr19	40261556	40261736	LTR/ERVL-MaLR	1544	+	90	40261646	31016
chr19	40230630	40430630	harbor2	chr19	40312084	40312265	LTR/ERVL-MaLR	1479	+	90	40312174	81544
chr19	40230630	40430630	harbor2	chr19	40312562	40312908	LTR/ERVL-MaLR	1479	+	173	40312735	82105
chr19	46411587	46611587	harbor2	chr19	46420198	46420469	LTR/ERVL-MaLR	867	+	136	46420334	8747
chr19	46411587	46611587	harbor2	chr19	46448252	46448395	LTR/ERVL-MaLR	1257	+	72	46448324	36737
chr19	46411587	46611587	harbor2	chr19	46448713	46448985	LTR/ERVL-MaLR	1257	+	136	46448849	37262
chr19	46411587	46611587	harbor2	chr19	46473788	46473981	LTR/ERVL-MaLR	946	+	96	46473884	62297
chr19	46411587	46611587	harbor2	chr19	46504664	46505194	LTR/ERVL-MaLR	1628	+	265	46504929	93342
chr19	37999378	38199378	harbor2	chr19	38071649	38071861	LTR/ERVL-MaLR	715	+	106	38071755	72377
chr19	54600978	54800978	harbor2	chr19	54662132	54662619	LTR/ERVL-MaLR	2011	+	244	54662376	61398
chr19	55924396	56124396	harbor2	chr19	55942990	55943200	LTR/ERVL-MaLR	1058	+	105	55943095	18699
chr19	55924396	56124396	harbor2	chr19	55943503	55943545	LTR/ERVL-MaLR	1058	+	21	55943524	19128
chr19	55924396	56124396	harbor2	chr19	55944301	55944666	LTR/ERVL-MaLR	1963	+	182	55944483	20087
chr19	57531509	57731509	harbor2	chr19	57552891	57553230	LTR/ERVL-MaLR	1414	+	170	57553061	21552
chr19	57531509	57731509	harbor2	chr19	57587359	57587706	LTR/ERVL-MaLR	1698	+	174	57587533	56024
chr19	57531509	57731509	harbor2	chr19	57596258	57596622	LTR/ERVL-MaLR	2208	+	182	57596440	64931
chr19	57531509	57731509	harbor2	chr19	57623387	57624308	LTR/ERVL-MaLR	1993	+	460	57623847	92338
chr19	52695915	52895915	harbor2	chr19	52709869	52710072	LTR/ERVL-MaLR	627	+	102	52709971	14056
chr19	52695915	52895915	harbor2	chr19	52771134	52771338	LTR/ERVL-MaLR	650	+	102	52771236	75321
chr19	56501095	56701095	harbor2	chr19	56502668	56502869	LTR/ERVL-MaLR	875	+	100	56502768	1673
chr19	56501095	56701095	harbor2	chr19	56502882	56502906	LTR/ERVL-MaLR	691	+	12	56502894	1799
chr19	56501095	56701095	harbor2	chr19	56503224	56503423	LTR/ERVL-MaLR	691	+	100	56503324	2229
chr19	56501095	56701095	harbor2	chr19	56505648	56505806	LTR/ERVL-MaLR	1033	+	79	56505727	4632
chr19	56501095	56701095	harbor2	chr19	56520530	56520798	LTR/ERVL-MaLR	1245	+	134	56520664	19569
chr19	56501095	56701095	harbor2	chr19	56582580	56582940	LTR/ERVL-MaLR	1630	+	180	56582760	81665
chr19	56501095	56701095	harbor2	chr19	56588553	56588955	LTR/ERVL-MaLR	2277	+	201	56588754	87659
chr19	51143064	51343064	harbor2	chr19	51192341	51192767	LTR/ERVL-MaLR	1404	+	213	51192554	49490
chr19	51143064	51343064	harbor2	chr19	51205362	51205770	LTR/ERVL-MaLR	2574	+	204	51205566	62502
chr19	51143064	51343064	harbor2	chr19	51221143	51221281	LTR/ERVL-MaLR	792	+	69	51221212	78148
chr19	33931450	34131450	harbor2	chr19	33945984	33946159	LTR/ERVL-MaLR	2425	+	88	33946072	14622
chr19	33931450	34131450	harbor2	chr19	33946401	33946571	LTR/ERVL-MaLR	2425	+	85	33946486	15036
chr19	33931450	34131450	harbor2	chr19	33946880	33946945	LTR/ERVL-MaLR	2425	+	32	33946912	15462
chr19	33931450	34131450	harbor2	chr19	33952426	33952759	LTR/ERVL-MaLR	2467	+	166	33952592	21142
chr19	33931450	34131450	harbor2	chr19	33953067	33953108	LTR/ERVL-MaLR	2467	+	20	33953087	21637
chr19	33931450	34131450	harbor2	chr19	33956061	33956427	LTR/ERVL-MaLR	2404	+	183	33956244	24794
chr19	33931450	34131450	harbor2	chr19	33962424	33962804	LTR/ERVL-MaLR	2346	+	190	33962614	31164
chr19	33931450	34131450	harbor2	chr19	33972839	33973273	LTR/ERVL-MaLR	2455	+	217	33973056	41606
chr19	53517981	53717981	harbor2	chr19	53527310	53527534	LTR/ERVL-MaLR	611	+	112	53527422	9441
chr19	45898559	46098559	harbor2	chr19	45904995	45905361	LTR/ERVL-MaLR	1373	+	183	45905178	6619
chr19	45898559	46098559	harbor2	chr19	45905674	45905739	LTR/ERVL-MaLR	1373	+	32	45905706	7147
chr19	45898559	46098559	harbor2	chr19	45923532	45923573	LTR/ERVL-MaLR	1482	+	20	45923552	24993
chr19	45898559	46098559	harbor2	chr19	45923877	45923940	LTR/ERVL-MaLR	1482	+	32	45923909	25350
chr19	45898559	46098559	harbor2	chr19	45942151	45942524	LTR/ERVL-MaLR	2604	+	186	45942337	43778
chr19	45898559	46098559	harbor2	chr19	45924243	45924479	LTR/ERVL-MaLR	1482	+	118	45924361	25802
chr19	48568672	48768672	harbor2	chr19	48651210	48651531	LTR/ERVL-MaLR	1009	+	160	48651370	82698
chr19	48568672	48768672	harbor2	chr19	48656879	48657256	LTR/ERVL-MaLR	1252	+	188	48657067	88395
chr19	31888380	32088380	harbor2	chr19	31906655	31907017	LTR/ERVL-MaLR	941	+	181	31906836	18456
chr19	31888380	32088380	harbor2	chr19	31919933	31920291	LTR/ERVL-MaLR	2553	+	179	31920112	31732
chr19	31888380	32088380	harbor2	chr19	31936322	31936684	LTR/ERVL-MaLR	2053	+	181	31936503	48123
chr19	31888380	32088380	harbor2	chr19	31951656	31952002	LTR/ERVL-MaLR	1854	+	173	31951829	63449
chr19	31888380	32088380	harbor2	chr19	31952003	31952365	LTR/ERVL-MaLR	2709	+	181	31952184	63804
chr19	31888380	32088380	harbor2	chr19	31952366	31952517	LTR/ERVL-MaLR	1854	+	76	31952442	64062
chr19	46399734	46599734	harbor2	chr19	46420198	46420469	LTR/ERVL-MaLR	867	+	136	46420334	20600
chr19	46399734	46599734	harbor2	chr19	46448252	46448395	LTR/ERVL-MaLR	1257	+	72	46448324	48590
chr19	46399734	46599734	harbor2	chr19	46448713	46448985	LTR/ERVL-MaLR	1257	+	136	46448849	49115
chr19	46399734	46599734	harbor2	chr19	46473788	46473981	LTR/ERVL-MaLR	946	+	96	46473884	74150
chr19	45917382	46117382	harbor2	chr19	45923532	45923573	LTR/ERVL-MaLR	1482	+	20	45923552	6170
chr19	45917382	46117382	harbor2	chr19	45923877	45923940	LTR/ERVL-MaLR	1482	+	32	45923909	6527
chr19	45917382	46117382	harbor2	chr19	45942151	45942524	LTR/ERVL-MaLR	2604	+	186	45942337	24955
chr19	45917382	46117382	harbor2	chr19	45924243	45924479	LTR/ERVL-MaLR	1482	+	118	45924361	6979
chr19	55784381	55984381	harbor2	chr19	55787248	55787351	LTR/ERVL-MaLR	847	+	52	55787300	2919
chr19	55784381	55984381	harbor2	chr19	55787637	55788097	LTR/ERVL-MaLR	847	+	230	55787867	3486
chr19	55784381	55984381	harbor2	chr19	55837575	55837753	LTR/ERVL-MaLR	1445	+	89	55837664	53283
chr19	55784381	55984381	harbor2	chr19	55838311	55838581	LTR/ERVL-MaLR	1445	+	135	55838446	54065
chr19	55784381	55984381	harbor2	chr19	55848744	55849101	LTR/ERVL-MaLR	2319	+	178	55848922	64541
chr19	52854002	53054002	harbor2	chr19	52883955	52884231	LTR/ERVL-MaLR	816	+	138	52884093	30091
chr19	52854002	53054002	harbor2	chr19	52910521	52910807	LTR/ERVL-MaLR	671	+	143	52910664	56662
chr19	54727049	54927049	harbor2	chr19	54740694	54741149	LTR/ERVL-MaLR	1287	+	228	54740922	13873
chr19	54727049	54927049	harbor2	chr19	54757297	54757777	LTR/ERVL-MaLR	1341	+	240	54757537	30488
chr19	54727049	54927049	harbor2	chr19	54772036	54772515	LTR/ERVL-MaLR	1236	+	240	54772276	45227
chr19	54727049	54927049	harbor2	chr19	54786890	54787367	LTR/ERVL-MaLR	1211	+	238	54787128	60079
chr19	54727049	54927049	harbor2	chr19	54805220	54805693	LTR/ERVL-MaLR	1089	+	236	54805456	78407
chr19	54727049	54927049	harbor2	chr19	54818743	54819239	LTR/ERVL-MaLR	1358	+	248	54818991	91942
chr19	38668345	38868345	harbor2	chr19	38739622	38739882	LTR/ERVL-MaLR	644	+	130	38739752	71407
chr19	30754228	30954228	harbor2	chr19	30764403	30764794	LTR/ERVL-MaLR	2033	+	196	30764599	10371
chr19	30754228	30954228	harbor2	chr19	30774470	30774980	LTR/ERVL-MaLR	814	+	255	30774725	20497
chr19	30754228	30954228	harbor2	chr19	30775340	30775772	LTR/ERVL-MaLR	2903	+	216	30775556	21328
chr19	30754228	30954228	harbor2	chr19	30785692	30786238	LTR/ERVL-MaLR	1041	+	273	30785965	31737
chr19	30754228	30954228	harbor2	chr19	30791737	30792098	LTR/ERVL-MaLR	2186	+	180	30791917	37689
chr19	30754228	30954228	harbor2	chr19	30834240	30834726	LTR/ERVL-MaLR	1606	+	243	30834483	80255
chr19	45585986	45785986	harbor2	chr19	45608980	45609322	LTR/ERVL-MaLR	2104	+	171	45609151	23165
chr19	2549699	2749699	harbor2	chr19	2564120	2564308	LTR/ERVL-MaLR	1050	+	94	2564214	14515
chr19	2549699	2749699	harbor2	chr19	2564590	2564878	LTR/ERVL-MaLR	1050	+	144	2564734	15035
chr19	2549699	2749699	harbor2	chr19	2566196	2566497	LTR/ERVL-MaLR	952	+	150	2566346	16647
chr19	2549699	2749699	harbor2	chr19	2569954	2570389	LTR/ERVL-MaLR	2043	+	218	2570172	20473
chr19	2549699	2749699	harbor2	chr19	2630262	2630878	LTR/ERVL-MaLR	1967	+	308	2630570	80871
chr19	2549699	2749699	harbor2	chr19	2641279	2641653	LTR/ERVL-MaLR	1149	+	187	2641466	91767
chr19	2549699	2749699	harbor2	chr19	2641965	2642046	LTR/ERVL-MaLR	1149	+	40	2642005	92306
chr19	14103290	14303290	harbor2	chr19	14170923	14171315	LTR/ERVL-MaLR	2663	+	196	14171119	67829
chr19	14103290	14303290	harbor2	chr19	14178047	14178222	LTR/ERVL-MaLR	1928	+	88	14178135	74845
chr19	14103290	14303290	harbor2	chr19	14178517	14178528	LTR/ERVL-MaLR	1928	+	6	14178523	75233
chr19	14103290	14303290	harbor2	chr19	14178811	14178901	LTR/ERVL-MaLR	1928	+	45	14178856	75566
chr19	14103290	14303290	harbor2	chr19	14179511	14179624	LTR/ERVL-MaLR	1928	+	56	14179567	76277
chr19	14103290	14303290	harbor2	chr19	14179901	14179952	LTR/ERVL-MaLR	1928	+	26	14179927	76637
chr19	14103290	14303290	harbor2	chr19	14193601	14193967	LTR/ERVL-MaLR	1603	+	183	14193784	90494
chr19	14103290	14303290	harbor2	chr19	14194239	14194302	LTR/ERVL-MaLR	1603	+	32	14194271	90981
chr19	15579470	15779470	harbor2	chr19	15593399	15593757	LTR/ERVL-MaLR	2550	+	179	15593578	14108
chr19	15579470	15779470	harbor2	chr19	15630985	15631339	LTR/ERVL-MaLR	1838	+	177	15631162	51692
chr19	33584439	33784439	harbor2	chr19	33611569	33611958	LTR/ERVL-MaLR	2356	+	194	33611763	27324
chr19	33584439	33784439	harbor2	chr19	33613993	33614354	LTR/ERVL-MaLR	2100	+	180	33614173	29734
chr19	33584439	33784439	harbor2	chr19	33626434	33626776	LTR/ERVL-MaLR	2003	+	171	33626605	42166
chr19	33584439	33784439	harbor2	chr19	33627090	33627118	LTR/ERVL-MaLR	2003	+	14	33627104	42665
chr19	33584439	33784439	harbor2	chr19	33627412	33627475	LTR/ERVL-MaLR	2003	+	32	33627444	43005
chr19	36030897	36230897	harbor2	chr19	36045569	36045969	LTR/ERVL-MaLR	1613	+	200	36045769	14872
chr19	36030897	36230897	harbor2	chr19	36046035	36046395	LTR/ERVL-MaLR	2192	+	180	36046215	15318
chr19	36030897	36230897	harbor2	chr19	36047201	36047540	LTR/ERVL-MaLR	787	+	170	36047371	16474
chr19	36030897	36230897	harbor2	chr19	36047851	36047946	LTR/ERVL-MaLR	787	+	48	36047899	17002
chr19	36030897	36230897	harbor2	chr19	36047958	36048257	LTR/ERVL-MaLR	918	+	150	36048108	17211
chr19	36030897	36230897	harbor2	chr19	36048871	36048941	LTR/ERVL-MaLR	918	+	35	36048906	18009
chr19	55207015	55407015	harbor2	chr19	55226180	55226615	LTR/ERVL-MaLR	1034	+	218	55226398	19383
chr19	55207015	55407015	harbor2	chr19	55274656	55275042	LTR/ERVL-MaLR	2222	+	193	55274849	67834
chr19	23428538	23628538	harbor2	chr19	23498388	23498732	LTR/ERVL-MaLR	1942	+	172	23498560	70022
chr19	41071794	41271794	harbor2	chr19	41165232	41165438	LTR/ERVL-MaLR	1893	+	103	41165335	93541
chr19	41071794	41271794	harbor2	chr19	41165743	41166017	LTR/ERVL-MaLR	1893	+	137	41165880	94086
chr19	56748409	56948409	harbor2	chr19	56806647	56807004	LTR/ERVL-MaLR	2231	+	178	56806825	58416
chr19	51937106	52137106	harbor2	chr19	52011265	52011602	LTR/ERVL-MaLR	1961	+	168	52011433	74327
chr19	51937106	52137106	harbor2	chr19	52011621	52011682	LTR/ERVL-MaLR	2189	+	30	52011651	74545
chr19	51937106	52137106	harbor2	chr19	52011991	52012326	LTR/ERVL-MaLR	2189	+	168	52012159	75053
chr19	51937106	52137106	harbor2	chr19	52020909	52021441	LTR/ERVL-MaLR	1264	+	266	52021175	84069
chr19	34196161	34396161	harbor2	chr19	34259730	34260099	LTR/ERVL-MaLR	2405	+	184	34259914	63753
chr19	38021354	38221354	harbor2	chr19	38071649	38071861	LTR/ERVL-MaLR	715	+	106	38071755	50401
chr19	54993165	55193165	harbor2	chr19	55023326	55023733	LTR/ERVL-MaLR	1913	+	204	55023530	30365
chr19	54993165	55193165	harbor2	chr19	55048843	55049224	LTR/ERVL-MaLR	751	+	190	55049033	55868
chr19	46686890	46886890	harbor2	chr19	46708155	46708308	LTR/ERVL-MaLR	1425	+	76	46708231	21341
chr19	46686890	46886890	harbor2	chr19	46708611	46708850	LTR/ERVL-MaLR	1425	+	120	46708731	21841
chr19	53943380	54143380	harbor2	chr19	54029281	54029589	LTR/ERVL-MaLR	1837	+	154	54029435	86055
chr19	53943380	54143380	harbor2	chr19	54029880	54029916	LTR/ERVL-MaLR	1837	+	18	54029898	86518
chr19	53943380	54143380	harbor2	chr19	54038846	54039039	LTR/ERVL-MaLR	1085	+	96	54038942	95562
chr19	58227627	58427627	harbor2	chr19	58274211	58274644	LTR/ERVL-MaLR	2147	+	216	58274427	46800
chr19	58227627	58427627	harbor2	chr19	58283327	58283598	LTR/ERVL-MaLR	790	+	136	58283463	55836
chr19	58227627	58427627	harbor2	chr19	58293598	58293843	LTR/ERVL-MaLR	923	+	122	58293720	66093
chr19	58227627	58427627	harbor2	chr19	58323557	58323888	LTR/ERVL-MaLR	2348	+	166	58323723	96096
chr19	58227627	58427627	harbor2	chr19	58324206	58324284	LTR/ERVL-MaLR	2348	+	39	58324245	96618
chr19	50693387	50893387	harbor2	chr19	50742883	50742940	LTR/ERVL-MaLR	2035	+	28	50742911	49524
chr19	50693387	50893387	harbor2	chr19	50743271	50743426	LTR/ERVL-MaLR	2035	+	78	50743349	49962
chr19	50693387	50893387	harbor2	chr19	50743742	50743979	LTR/ERVL-MaLR	2035	+	118	50743860	50473
chr19	50693387	50893387	harbor2	chr19	50759578	50759624	LTR/ERVL-MaLR	819	+	23	50759601	66214
chr19	50693387	50893387	harbor2	chr19	50759939	50760176	LTR/ERVL-MaLR	819	+	118	50760057	66670
chr19	50693387	50893387	harbor2	chr19	50772495	50772730	LTR/ERVL-MaLR	795	+	118	50772613	79226
chr19	50693387	50893387	harbor2	chr19	50773511	50773756	LTR/ERVL-MaLR	695	+	122	50773633	80246
chr19	46159094	46359094	harbor2	chr19	46167621	46167992	LTR/ERVL-MaLR	1446	+	186	46167807	8713
chr19	46159094	46359094	harbor2	chr19	46208549	46208910	LTR/ERVL-MaLR	1909	+	180	46208729	49635
chr19	46159094	46359094	harbor2	chr19	46215880	46216258	LTR/ERVL-MaLR	1915	+	189	46216069	56975
chr19	46159094	46359094	harbor2	chr19	46224231	46224595	LTR/ERVL-MaLR	1794	+	182	46224413	65319
chr19	46159094	46359094	harbor2	chr19	46235031	46235412	LTR/ERVL-MaLR	2076	+	190	46235221	76127
chr19	46159094	46359094	harbor2	chr19	46236271	46236670	LTR/ERVL-MaLR	2444	+	200	46236471	77377
chr19	46159094	46359094	harbor2	chr19	46240210	46240584	LTR/ERVL-MaLR	2182	+	187	46240397	81303
chr19	50572064	50772064	harbor2	chr19	50572417	50572550	LTR/ERVL-MaLR	1720	+	66	50572483	419
chr19	50572064	50772064	harbor2	chr19	50572853	50572880	LTR/ERVL-MaLR	1720	+	14	50572867	803
chr19	50572064	50772064	harbor2	chr19	50573186	50573363	LTR/ERVL-MaLR	1720	+	88	50573274	1210
chr19	50572064	50772064	harbor2	chr19	50573673	50573721	LTR/ERVL-MaLR	1720	+	24	50573697	1633
chr19	50572064	50772064	harbor2	chr19	50574509	50574794	LTR/ERVL-MaLR	1501	+	142	50574651	2587
chr19	50572064	50772064	harbor2	chr19	50588683	50588820	LTR/ERVL-MaLR	1647	+	68	50588751	16687
chr19	50572064	50772064	harbor2	chr19	50589122	50589448	LTR/ERVL-MaLR	1647	+	163	50589285	17221
chr19	50572064	50772064	harbor2	chr19	50589746	50589779	LTR/ERVL-MaLR	1647	+	16	50589762	17698
chr19	50572064	50772064	harbor2	chr19	50590239	50590592	LTR/ERVL-MaLR	823	+	176	50590415	18351
chr19	50572064	50772064	harbor2	chr19	50590890	50590956	LTR/ERVL-MaLR	823	+	33	50590923	18859
chr19	50572064	50772064	harbor2	chr19	50612978	50613319	LTR/ERVL-MaLR	1852	+	170	50613148	41084
chr19	50572064	50772064	harbor2	chr19	50613572	50613623	LTR/ERVL-MaLR	1852	+	26	50613598	41534
chr19	50572064	50772064	harbor2	chr19	50613624	50613947	LTR/ERVL-MaLR	1033	+	162	50613786	41722
chr19	55540936	55740936	harbor2	chr19	55561777	55562013	LTR/ERVL-MaLR	1171	+	118	55561895	20959
chr19	46738020	46938020	harbor2	chr19	46819188	46819335	LTR/ERVL-MaLR	1023	+	74	46819262	81242
chr19	46738020	46938020	harbor2	chr19	46819637	46819728	LTR/ERVL-MaLR	1023	+	46	46819683	81663
chr19	46738020	46938020	harbor2	chr19	46835798	46836268	LTR/ERVL-MaLR	2160	+	235	46836033	98013
chr19	56380649	56580649	harbor2	chr19	56457769	56458129	LTR/ERVL-MaLR	1923	+	180	56457949	77300
chr19	56380649	56580649	harbor2	chr19	56461454	56461687	LTR/ERVL-MaLR	1106	+	116	56461570	80921
chr19	56380649	56580649	harbor2	chr19	56467233	56467379	LTR/ERVL-MaLR	792	+	73	56467306	86657
chr19	56380649	56580649	harbor2	chr19	56470962	56471362	LTR/ERVL-MaLR	2486	+	200	56471162	90513
chr19	56380649	56580649	harbor2	chr19	56471844	56472148	LTR/ERVL-MaLR	1798	+	152	56471996	91347
chr19	57352901	57552901	harbor2	chr19	57386877	57387289	LTR/ERVL-MaLR	1865	+	206	57387083	34182
chr19	57352901	57552901	harbor2	chr19	57452227	57452575	LTR/ERVL-MaLR	1332	+	174	57452401	99500
chr19	44577527	44777527	harbor2	chr19	44578932	44579123	LTR/ERVL-MaLR	2098	+	96	44579028	1501
chr19	44577527	44777527	harbor2	chr19	44579718	44579931	LTR/ERVL-MaLR	2098	+	106	44579824	2297
chr19	44577527	44777527	harbor2	chr19	44588556	44589012	LTR/ERVL-MaLR	957	+	228	44588784	11257
chr19	44577527	44777527	harbor2	chr19	44589710	44590120	LTR/ERVL-MaLR	2651	+	205	44589915	12388
chr19	44577527	44777527	harbor2	chr19	44593604	44593757	LTR/ERVL-MaLR	878	+	76	44593680	16153
chr19	44577527	44777527	harbor2	chr19	44599771	44600132	LTR/ERVL-MaLR	925	+	180	44599951	22424
chr19	44577527	44777527	harbor2	chr19	44625711	44626069	LTR/ERVL-MaLR	2499	+	179	44625890	48363
chr19	51741438	51941438	harbor2	chr19	51755480	51755540	LTR/ERVL-MaLR	2255	+	30	51755510	14072
chr19	51741438	51941438	harbor2	chr19	51755541	51755911	LTR/ERVL-MaLR	2336	+	185	51755726	14288
chr19	51741438	51941438	harbor2	chr19	51755912	51756245	LTR/ERVL-MaLR	2255	+	166	51756078	14640
chr19	51741438	51941438	harbor2	chr19	51756312	51756838	LTR/ERVL-MaLR	1651	+	263	51756575	15137
chr19	51741438	51941438	harbor2	chr19	51771778	51772109	LTR/ERVL-MaLR	639	+	166	51771944	30506
chr19	51741438	51941438	harbor2	chr19	51773032	51773402	LTR/ERVL-MaLR	2273	+	185	51773217	31779
chr19	51741438	51941438	harbor2	chr19	51803614	51803955	LTR/ERVL-MaLR	710	+	170	51803784	62346
chr19	51741438	51941438	harbor2	chr19	51837927	51838165	LTR/ERVL-MaLR	885	+	119	51838046	96608
chr19	58008575	58208575	harbor2	chr19	58072097	58072398	LTR/ERVL-MaLR	1073	+	150	58072247	63672
chr19	58008575	58208575	harbor2	chr19	58072716	58072978	LTR/ERVL-MaLR	1444	+	131	58072847	64272
chr19	58008575	58208575	harbor2	chr19	58073652	58074064	LTR/ERVL-MaLR	2672	+	206	58073858	65283
chr19	58312607	58512607	harbor2	chr19	58323557	58323888	LTR/ERVL-MaLR	2348	+	166	58323723	11116
chr19	58312607	58512607	harbor2	chr19	58324206	58324284	LTR/ERVL-MaLR	2348	+	39	58324245	11638
chr19	58312607	58512607	harbor2	chr19	58365165	58365396	LTR/ERVL-MaLR	689	+	116	58365281	52674
chr19	58312607	58512607	harbor2	chr19	58378659	58379068	LTR/ERVL-MaLR	1296	+	204	58378863	66256
chr19	29883721	30083721	harbor2	chr19	29891628	29892108	LTR/ERVL-MaLR	673	+	240	29891868	8147
chr19	29883721	30083721	harbor2	chr19	29927186	29927261	LTR/ERVL-MaLR	917	+	38	29927224	43503
chr19	29883721	30083721	harbor2	chr19	29927875	29928155	LTR/ERVL-MaLR	917	+	140	29928015	44294
chr19	58507698	58707698	harbor2	chr19	58520425	58520773	LTR/ERVL-MaLR	1550	+	174	58520599	12901
chr19	58507698	58707698	harbor2	chr19	58521397	58521651	LTR/ERVL-MaLR	1550	+	127	58521524	13826
chr19	58507698	58707698	harbor2	chr19	58601032	58601393	LTR/ERVL-MaLR	2113	+	180	58601212	93514
chr19	31427485	31627485	harbor2	chr19	31436883	31437267	LTR/ERVL-MaLR	2342	+	192	31437075	9590
chr19	31427485	31627485	harbor2	chr19	31497661	31498200	LTR/ERVL-MaLR	1304	+	270	31497931	70446
chr19	20161693	20361693	harbor2	chr19	20190815	20191189	LTR/ERVL-MaLR	1335	+	187	20191002	29309
chr19	20161693	20361693	harbor2	chr19	20191797	20191842	LTR/ERVL-MaLR	1249	+	22	20191819	30126
chr19	45104451	45304451	harbor2	chr19	45148825	45148862	LTR/ERVL-MaLR	911	+	18	45148843	44392
chr19	45104451	45304451	harbor2	chr19	45149172	45149549	LTR/ERVL-MaLR	911	+	188	45149360	44909
chr19	45104451	45304451	harbor2	chr19	45201708	45201941	LTR/ERVL-MaLR	2277	+	116	45201824	97373
chr19	45104451	45304451	harbor2	chr19	45202240	45202376	LTR/ERVL-MaLR	2277	+	68	45202308	97857
chr19	4983813	5183813	harbor2	chr19	5022946	5023211	LTR/ERVL-MaLR	941	+	132	5023078	39265
chr19	48489764	48689764	harbor2	chr19	48524128	48524487	LTR/ERVL-MaLR	1338	+	180	48524308	34544
chr19	48489764	48689764	harbor2	chr19	48524487	48524868	LTR/ERVL-MaLR	753	+	190	48524677	34913
chr19	28521046	28721046	harbor2	chr19	28574314	28574715	LTR/ERVL-MaLR	2042	+	200	28574514	53468
chr19	28521046	28721046	harbor2	chr19	28618871	28619367	LTR/ERVL-MaLR	1252	+	248	28619119	98073
chr19	45867809	46067809	harbor2	chr19	45904995	45905361	LTR/ERVL-MaLR	1373	+	183	45905178	37369
chr19	45867809	46067809	harbor2	chr19	45905674	45905739	LTR/ERVL-MaLR	1373	+	32	45905706	37897
chr19	45867809	46067809	harbor2	chr19	45923532	45923573	LTR/ERVL-MaLR	1482	+	20	45923552	55743
chr19	45867809	46067809	harbor2	chr19	45923877	45923940	LTR/ERVL-MaLR	1482	+	32	45923909	56100
chr19	45867809	46067809	harbor2	chr19	45942151	45942524	LTR/ERVL-MaLR	2604	+	186	45942337	74528
chr19	45867809	46067809	harbor2	chr19	45924243	45924479	LTR/ERVL-MaLR	1482	+	118	45924361	56552
chr19	31445680	31645680	harbor2	chr19	31497661	31498200	LTR/ERVL-MaLR	1304	+	270	31497931	52251
chr19	31445680	31645680	harbor2	chr19	31538047	31538406	LTR/ERVL-MaLR	2629	+	180	31538227	92547
chr19	42373683	42573683	harbor2	chr19	42435382	42435550	LTR/ERVL-MaLR	1671	+	84	42435466	61783
chr19	42373683	42573683	harbor2	chr19	42435846	42436068	LTR/ERVL-MaLR	1671	+	111	42435957	62274
chr19	42373683	42573683	harbor2	chr19	42459304	42459760	LTR/ERVL-MaLR	1991	+	228	42459532	85849
chr19	42801653	43001653	harbor2	chr19	42811601	42812015	LTR/ERVL-MaLR	2158	+	207	42811808	10155
chr19	42801653	43001653	harbor2	chr19	42815177	42815563	LTR/ERVL-MaLR	2337	+	193	42815370	13717
chr19	42801653	43001653	harbor2	chr19	42819338	42819740	LTR/ERVL-MaLR	2449	+	201	42819539	17886
chr19	42801653	43001653	harbor2	chr19	42833334	42833370	LTR/ERVL-MaLR	780	+	18	42833352	31699
chr19	42801653	43001653	harbor2	chr19	42833675	42833856	LTR/ERVL-MaLR	780	+	90	42833765	32112
chr19	42801653	43001653	harbor2	chr19	42887327	42887729	LTR/ERVL-MaLR	2570	+	201	42887528	85875
chr19	42801653	43001653	harbor2	chr19	42899748	42899784	LTR/ERVL-MaLR	804	+	18	42899766	98113
chr19	42801653	43001653	harbor2	chr19	42900078	42900259	LTR/ERVL-MaLR	804	+	90	42900168	98515
chr19	39945937	40145937	harbor2	chr19	39947859	39948216	LTR/ERVL-MaLR	1968	+	178	39948037	2100
chr19	39945937	40145937	harbor2	chr19	39992688	39993098	LTR/ERVL-MaLR	2715	+	205	39992893	46956
chr19	39945937	40145937	harbor2	chr19	39994663	39995070	LTR/ERVL-MaLR	2380	+	204	39994867	48930
chr19	39945937	40145937	harbor2	chr19	40018472	40018990	LTR/ERVL-MaLR	1778	+	259	40018731	72794
chr19	39945937	40145937	harbor2	chr19	39993099	39994662	LTR/ERVL-MaLR	9455	+	782	39993881	47944
chr19	35331093	35531093	harbor2	chr19	35378305	35378652	LTR/ERVL-MaLR	1033	+	174	35378479	47386
chr19	35331093	35531093	harbor2	chr19	35418934	35419414	LTR/ERVL-MaLR	957	+	240	35419174	88081
chr19	46541734	46741734	harbor2	chr19	46547201	46547566	LTR/ERVL-MaLR	2423	+	182	46547383	5649
chr19	46541734	46741734	harbor2	chr19	46548001	46548169	LTR/ERVL-MaLR	1497	+	84	46548085	6351
chr19	46541734	46741734	harbor2	chr19	46548301	46548526	LTR/ERVL-MaLR	1497	+	112	46548413	6679
chr19	46541734	46741734	harbor2	chr19	46555595	46555765	LTR/ERVL-MaLR	620	+	85	46555680	13946
chr19	46541734	46741734	harbor2	chr19	46565627	46565983	LTR/ERVL-MaLR	2094	+	178	46565805	24071
chr19	46541734	46741734	harbor2	chr19	46573060	46573234	LTR/ERVL-MaLR	743	+	87	46573147	31413
chr19	46541734	46741734	harbor2	chr19	46573255	46573368	LTR/ERVL-MaLR	622	+	56	46573311	31577
chr19	46541734	46741734	harbor2	chr19	46574651	46574811	LTR/ERVL-MaLR	959	+	80	46574731	32997
chr19	46541734	46741734	harbor2	chr19	46576661	46576791	LTR/ERVL-MaLR	1703	+	65	46576726	34992
chr19	46541734	46741734	harbor2	chr19	46577096	46577311	LTR/ERVL-MaLR	1703	+	108	46577204	35470
chr19	56509919	56709919	harbor2	chr19	56520530	56520798	LTR/ERVL-MaLR	1245	+	134	56520664	10745
chr19	56509919	56709919	harbor2	chr19	56582580	56582940	LTR/ERVL-MaLR	1630	+	180	56582760	72841
chr19	56509919	56709919	harbor2	chr19	56588553	56588955	LTR/ERVL-MaLR	2277	+	201	56588754	78835
chr19	38706640	38906640	harbor2	chr19	38739622	38739882	LTR/ERVL-MaLR	644	+	130	38739752	33112
chr19	32013552	32213552	harbor2	chr19	32016168	32016515	LTR/ERVL-MaLR	2295	+	174	32016342	2790
chr19	32013552	32213552	harbor2	chr19	32054045	32054585	LTR/ERVL-MaLR	1743	+	270	32054315	40763
chr19	32013552	32213552	harbor2	chr19	32061636	32062016	LTR/ERVL-MaLR	2801	+	190	32061826	48274
chr19	32013552	32213552	harbor2	chr19	32090221	32090638	LTR/ERVL-MaLR	2461	+	208	32090429	76877
chr19	32013552	32213552	harbor2	chr19	32107183	32107547	LTR/ERVL-MaLR	2090	+	182	32107365	93813
chr19	51633721	51833721	harbor2	chr19	51658117	51658288	LTR/ERVL-MaLR	712	+	86	51658203	24482
chr19	51633721	51833721	harbor2	chr19	51717474	51717675	LTR/ERVL-MaLR	954	+	100	51717574	83853
chr19	51633721	51833721	harbor2	chr19	51717686	51717933	LTR/ERVL-MaLR	1132	+	124	51717810	84089
chr19	57079585	57279585	harbor2	chr19	57089669	57090046	LTR/ERVL-MaLR	1979	+	188	57089857	10272
chr19	45565682	45765682	harbor2	chr19	45608980	45609322	LTR/ERVL-MaLR	2104	+	171	45609151	43469
chr19	56975687	57175687	harbor2	chr19	56990963	56991200	LTR/ERVL-MaLR	965	+	118	56991081	15394
chr19	56975687	57175687	harbor2	chr19	56993372	56993461	LTR/ERVL-MaLR	1040	+	44	56993416	17729
chr19	56975687	57175687	harbor2	chr19	56993777	56994122	LTR/ERVL-MaLR	1040	+	172	56993949	18262
chr19	56975687	57175687	harbor2	chr19	56994185	56994628	LTR/ERVL-MaLR	1373	+	222	56994407	18720
chr19	56975687	57175687	harbor2	chr19	57013527	57013908	LTR/ERVL-MaLR	2609	+	190	57013717	38030
chr19	56975687	57175687	harbor2	chr19	57013909	57014296	LTR/ERVL-MaLR	2770	+	194	57014103	38416
chr19	56975687	57175687	harbor2	chr19	57014601	57014641	LTR/ERVL-MaLR	2770	+	20	57014621	38934
chr19	56975687	57175687	harbor2	chr19	57034503	57034818	LTR/ERVL-MaLR	1248	+	158	57034661	58974
chr19	56975687	57175687	harbor2	chr19	57036336	57036694	LTR/ERVL-MaLR	2175	+	179	57036515	60828
chr19	56975687	57175687	harbor2	chr19	57047218	57047730	LTR/ERVL-MaLR	2703	+	256	57047474	71787
chr19	56975687	57175687	harbor2	chr19	57051376	57051741	LTR/ERVL-MaLR	2250	+	182	57051558	75871
chr19	56975687	57175687	harbor2	chr19	57055184	57055425	LTR/ERVL-MaLR	836	+	120	57055304	79617
chr19	54469270	54669270	harbor2	chr19	54556055	54556252	LTR/ERVL-MaLR	632	+	98	54556153	86883
chr19	57627747	57827747	harbor2	chr19	57650013	57650230	LTR/ERVL-MaLR	1376	+	108	57650121	22374
chr19	57627747	57827747	harbor2	chr19	57716643	57716732	LTR/ERVL-MaLR	637	+	44	57716687	88940
chr19	44304646	44504646	harbor2	chr19	44333442	44333835	LTR/ERVL-MaLR	2334	+	196	44333638	28992
chr19	44304646	44504646	harbor2	chr19	44383275	44383681	LTR/ERVL-MaLR	1051	+	203	44383478	78832
chr19	44304646	44504646	harbor2	chr19	44390096	44390690	LTR/ERVL-MaLR	4469	+	297	44390393	85747
chr19	44304646	44504646	harbor2	chr19	44390691	44390874	LTR/ERVL-MaLR	2322	+	92	44390783	86137
chr19	44304646	44504646	harbor2	chr19	44391169	44391350	LTR/ERVL-MaLR	2322	+	90	44391259	86613
chr19	44304646	44504646	harbor2	chr19	44395903	44396164	LTR/ERVL-MaLR	859	+	130	44396033	91387
chr19	44304646	44504646	harbor2	chr19	44333838	44335325	LTR/ERVL-MaLR	9766	+	744	44334582	29936
chr19	16145551	16345551	harbor2	chr19	16168441	16168915	LTR/ERVL-MaLR	1173	+	237	16168678	23127
chr19	29390490	29590490	harbor2	chr19	29391736	29392152	LTR/ERVL-MaLR	1365	+	208	29391944	1454
chr19	29390490	29590490	harbor2	chr19	29412358	29412722	LTR/ERVL-MaLR	1999	+	182	29412540	22050
chr19	29390490	29590490	harbor2	chr19	29412957	29413436	LTR/ERVL-MaLR	831	+	240	29413197	22707
chr19	29390490	29590490	harbor2	chr19	29423764	29424120	LTR/ERVL-MaLR	2502	+	178	29423942	33452
chr19	29390490	29590490	harbor2	chr19	29430284	29430687	LTR/ERVL-MaLR	2329	+	202	29430486	39996
chr19	29390490	29590490	harbor2	chr19	29448444	29448823	LTR/ERVL-MaLR	1971	+	190	29448634	58144
chr19	29390490	29590490	harbor2	chr19	29458158	29458542	LTR/ERVL-MaLR	2159	+	192	29458350	67860
chr19	21998544	22198544	harbor2	chr19	22080269	22080619	LTR/ERVL-MaLR	1083	+	175	22080444	81900
chr19	50061353	50261353	harbor2	chr19	50072385	50072592	LTR/ERVL-MaLR	1625	+	104	50072489	11136
chr19	50061353	50261353	harbor2	chr19	50072907	50073012	LTR/ERVL-MaLR	1625	+	52	50072959	11606
chr19	50061353	50261353	harbor2	chr19	50073321	50073388	LTR/ERVL-MaLR	1625	+	34	50073355	12002
chr19	50061353	50261353	harbor2	chr19	50144990	50145480	LTR/ERVL-MaLR	1751	+	245	50145235	83882
chr19	50061353	50261353	harbor2	chr19	50149634	50149757	LTR/ERVL-MaLR	628	+	62	50149696	88343
chr19	50061353	50261353	harbor2	chr19	50150199	50150295	LTR/ERVL-MaLR	628	+	48	50150247	88894
chr19	50061353	50261353	harbor2	chr19	50152968	50153403	LTR/ERVL-MaLR	1432	+	218	50153186	91833
chr19	50061353	50261353	harbor2	chr19	50158690	50159016	LTR/ERVL-MaLR	640	+	163	50158853	97500
chr19	56268530	56468530	harbor2	chr19	56269411	56269698	LTR/ERVL-MaLR	682	+	144	56269555	1025
chr19	56268530	56468530	harbor2	chr19	56269705	56269966	LTR/ERVL-MaLR	1145	+	130	56269835	1305
chr19	56268530	56468530	harbor2	chr19	56363415	56364094	LTR/ERVL-MaLR	3902	+	340	56363755	95225
chr19	51061002	51261002	harbor2	chr19	51100622	51100852	LTR/ERVL-MaLR	1261	+	115	51100737	39735
chr19	51061002	51261002	harbor2	chr19	51131939	51132317	LTR/ERVL-MaLR	1631	+	189	51132128	71126
chr19	53186912	53386912	harbor2	chr19	53216527	53216942	LTR/ERVL-MaLR	2529	+	208	53216735	29823
chr19	53186912	53386912	harbor2	chr19	53273904	53274412	LTR/ERVL-MaLR	648	+	254	53274158	87246
chr19	44254115	44454115	harbor2	chr19	44279880	44280046	LTR/ERVL-MaLR	1104	+	83	44279963	25848
chr19	44254115	44454115	harbor2	chr19	44280389	44280440	LTR/ERVL-MaLR	1104	+	26	44280415	26300
chr19	44254115	44454115	harbor2	chr19	44280485	44280664	LTR/ERVL-MaLR	1014	+	90	44280575	26460
chr19	44254115	44454115	harbor2	chr19	44333442	44333835	LTR/ERVL-MaLR	2334	+	196	44333638	79523
chr19	44254115	44454115	harbor2	chr19	44333838	44335325	LTR/ERVL-MaLR	9766	+	744	44334582	80467
chr19	41719076	41919076	harbor2	chr19	41799119	41799536	LTR/ERVL-MaLR	2581	+	208	41799327	80251
chr19	14615295	14815295	harbor2	chr19	14632342	14632773	LTR/ERVL-MaLR	659	+	216	14632558	17263
chr19	14615295	14815295	harbor2	chr19	14640653	14641009	LTR/ERVL-MaLR	2474	+	178	14640831	25536
chr19	14615295	14815295	harbor2	chr19	14660662	14660932	LTR/ERVL-MaLR	713	+	135	14660797	45502
chr19	14615295	14815295	harbor2	chr19	14661242	14661501	LTR/ERVL-MaLR	713	+	130	14661372	46077
chr19	14615295	14815295	harbor2	chr19	14666907	14667031	LTR/ERVL-MaLR	706	+	62	14666969	51674
chr19	14615295	14815295	harbor2	chr19	14678996	14679400	LTR/ERVL-MaLR	2394	+	202	14679198	63903
chr19	14615295	14815295	harbor2	chr19	14708918	14709299	LTR/ERVL-MaLR	2502	+	190	14709108	93813
chr19	14615295	14815295	harbor2	chr19	14709516	14709873	LTR/ERVL-MaLR	1230	+	178	14709694	94399
chr19	14615295	14815295	harbor2	chr19	14714173	14714608	LTR/ERVL-MaLR	1755	+	218	14714391	99096
chr19	47815798	48015798	harbor2	chr19	47901226	47901611	LTR/ERVL-MaLR	1233	+	192	47901418	85620
chr19	57603865	57803865	harbor2	chr19	57623387	57624308	LTR/ERVL-MaLR	1993	+	460	57623847	19982
chr19	57603865	57803865	harbor2	chr19	57650013	57650230	LTR/ERVL-MaLR	1376	+	108	57650121	46256
chr19	55186979	55386979	harbor2	chr19	55226180	55226615	LTR/ERVL-MaLR	1034	+	218	55226398	39419
chr19	55186979	55386979	harbor2	chr19	55274656	55275042	LTR/ERVL-MaLR	2222	+	193	55274849	87870
chr19	51365223	51565223	harbor2	chr19	51373587	51373927	LTR/ERVL-MaLR	2240	+	170	51373757	8534
chr19	51365223	51565223	harbor2	chr19	51374254	51374292	LTR/ERVL-MaLR	2240	+	19	51374273	9050
chr19	51365223	51565223	harbor2	chr19	51383987	51384145	LTR/ERVL-MaLR	2486	+	79	51384066	18843
chr19	51365223	51565223	harbor2	chr19	51384459	51384761	LTR/ERVL-MaLR	2486	+	151	51384610	19387
chr19	51365223	51565223	harbor2	chr19	51428605	51429033	LTR/ERVL-MaLR	1745	+	214	51428819	63596
chr19	51365223	51565223	harbor2	chr19	51430996	51431206	LTR/ERVL-MaLR	1203	+	105	51431101	65878
chr19	51365223	51565223	harbor2	chr19	51463059	51463231	LTR/ERVL-MaLR	1502	+	86	51463145	97922
chr19	51365223	51565223	harbor2	chr19	51463536	51463742	LTR/ERVL-MaLR	1502	+	103	51463639	98416
chr20	62467995	62667995	harbor2	chr20	62501859	62502223	LTR/ERVL-MaLR	1775	+	182	62502041	34046
chr20	62467995	62667995	harbor2	chr20	62528987	62529462	LTR/ERVL-MaLR	2036	+	238	62529225	61230
chr20	42203949	42403949	harbor2	chr20	42213460	42213921	LTR/ERVL-MaLR	1666	+	230	42213690	9741
chr20	42203949	42403949	harbor2	chr20	42236798	42237276	LTR/ERVL-MaLR	644	+	239	42237037	33088
chr20	42203949	42403949	harbor2	chr20	42257451	42257870	LTR/ERVL-MaLR	2482	+	210	42257661	53712
chr20	42203949	42403949	harbor2	chr20	42279286	42279592	LTR/ERVL-MaLR	1664	+	153	42279439	75490
chr20	42203949	42403949	harbor2	chr20	42295712	42296071	LTR/ERVL-MaLR	2145	+	180	42295892	91943
chr20	64246677	64446677	harbor2	chr20	64304134	64304514	LTR/ERVL-MaLR	2209	+	190	64304324	57647
chr20	60310247	60510247	harbor2	chr20	60329845	60330296	LTR/ERVL-MaLR	1486	+	226	60330071	19824
chr20	60310247	60510247	harbor2	chr20	60350217	60350627	LTR/ERVL-MaLR	584	+	205	60350422	40175
chr20	60310247	60510247	harbor2	chr20	60352097	60352563	LTR/ERVL-MaLR	866	+	233	60352330	42083
chr20	60310247	60510247	harbor2	chr20	60357872	60358255	LTR/ERVL-MaLR	2551	+	192	60358064	47817
chr20	60310247	60510247	harbor2	chr20	60369877	60370266	LTR/ERVL-MaLR	2182	+	194	60370071	59824
chr20	60310247	60510247	harbor2	chr20	60372663	60373149	LTR/ERVL-MaLR	1218	+	243	60372906	62659
chr20	60310247	60510247	harbor2	chr20	60374054	60374404	LTR/ERVL-MaLR	2332	+	175	60374229	63982
chr20	60310247	60510247	harbor2	chr20	60405551	60406104	LTR/ERVL-MaLR	1454	+	276	60405827	95580
chr20	56996882	57196882	harbor2	chr20	57015394	57015823	LTR/ERVL-MaLR	1349	+	214	57015608	18726
chr20	56996882	57196882	harbor2	chr20	57023436	57023884	LTR/ERVL-MaLR	1509	+	224	57023660	26778
chr20	56996882	57196882	harbor2	chr20	57034468	57034884	LTR/ERVL-MaLR	1280	+	208	57034676	37794
chr20	56996882	57196882	harbor2	chr20	57064584	57065098	LTR/ERVL-MaLR	1319	+	257	57064841	67959
chr20	56996882	57196882	harbor2	chr20	57066930	57067321	LTR/ERVL-MaLR	2173	+	196	57067126	70244
chr20	56996882	57196882	harbor2	chr20	57074931	57075230	LTR/ERVL-MaLR	1278	+	150	57075081	78199
chr20	56996882	57196882	harbor2	chr20	57083975	57084339	LTR/ERVL-MaLR	993	+	182	57084157	87275
chr20	56996882	57196882	harbor2	chr20	57090213	57090683	LTR/ERVL-MaLR	2008	+	235	57090448	93566
chr20	45732769	45932769	harbor2	chr20	45777946	45778431	LTR/ERVL-MaLR	2355	+	242	45778188	45419
chr20	45732769	45932769	harbor2	chr20	45818803	45818884	LTR/ERVL-MaLR	390	+	40	45818843	86074
chr20	46208767	46408767	harbor2	chr20	46220866	46221268	LTR/ERVL-MaLR	1343	+	201	46221067	12300
chr20	46208767	46408767	harbor2	chr20	46259910	46260271	LTR/ERVL-MaLR	593	+	180	46260090	51323
chr20	41219780	41419780	harbor2	chr20	41219695	41220043	LTR/ERVL-MaLR	967	+	174	41219869	89
chr20	41219780	41419780	harbor2	chr20	41286745	41287082	LTR/ERVL-MaLR	1833	+	168	41286913	67133
chr20	41219780	41419780	harbor2	chr20	41302662	41302916	LTR/ERVL-MaLR	507	+	127	41302789	83009
chr20	41219780	41419780	harbor2	chr20	41287385	41287901	LTR/ERVL-MaLR	1926	+	258	41287643	67863
chr20	19587459	19787459	harbor2	chr20	19619061	19619590	LTR/ERVL-MaLR	703	+	264	19619325	31866
chr20	19587459	19787459	harbor2	chr20	19641066	19641343	LTR/ERVL-MaLR	658	+	138	19641204	53745
chr20	39034649	39234649	harbor2	chr20	39049058	39049430	LTR/ERVL-MaLR	772	+	186	39049244	14595
chr20	39034649	39234649	harbor2	chr20	39057091	39057459	LTR/ERVL-MaLR	921	+	184	39057275	22626
chr20	39034649	39234649	harbor2	chr20	39063910	39064022	LTR/ERVL-MaLR	525	+	56	39063966	29317
chr20	39034649	39234649	harbor2	chr20	39067541	39068058	LTR/ERVL-MaLR	1305	+	258	39067799	33150
chr20	39034649	39234649	harbor2	chr20	39078684	39079059	LTR/ERVL-MaLR	2456	+	188	39078872	44223
chr20	39034649	39234649	harbor2	chr20	39085363	39086085	LTR/ERVL-MaLR	2054	+	361	39085724	51075
chr20	39034649	39234649	harbor2	chr20	39086391	39086480	LTR/ERVL-MaLR	2054	+	44	39086435	51786
chr20	39034649	39234649	harbor2	chr20	39086481	39086862	LTR/ERVL-MaLR	1554	+	190	39086671	52022
chr20	39034649	39234649	harbor2	chr20	39086863	39086976	LTR/ERVL-MaLR	1100	+	56	39086919	52270
chr20	39034649	39234649	harbor2	chr20	39094035	39094390	LTR/ERVL-MaLR	2014	+	178	39094213	59564
chr20	39034649	39234649	harbor2	chr20	39116123	39116544	LTR/ERVL-MaLR	637	+	210	39116333	81684
chr20	36011486	36211486	harbor2	chr20	36032208	36032576	LTR/ERVL-MaLR	2490	+	184	36032392	20906
chr20	36011486	36211486	harbor2	chr20	36054352	36054702	LTR/ERVL-MaLR	2479	+	175	36054527	43041
chr20	60471377	60671377	harbor2	chr20	60529374	60529608	LTR/ERVL-MaLR	644	+	117	60529491	58114
chr20	60471377	60671377	harbor2	chr20	60534340	60534757	LTR/ERVL-MaLR	1082	+	208	60534548	63171
chr20	60471377	60671377	harbor2	chr20	60534823	60534999	LTR/ERVL-MaLR	382	+	88	60534911	63534
chr20	60471377	60671377	harbor2	chr20	60535993	60536310	LTR/ERVL-MaLR	1597	+	158	60536151	64774
chr20	60214204	60414204	harbor2	chr20	60224609	60224792	LTR/ERVL-MaLR	768	+	92	60224701	10497
chr20	60214204	60414204	harbor2	chr20	60225125	60225318	LTR/ERVL-MaLR	918	+	96	60225221	11017
chr20	60214204	60414204	harbor2	chr20	60238792	60239094	LTR/ERVL-MaLR	1297	+	151	60238943	24739
chr20	60214204	60414204	harbor2	chr20	60250434	60250887	LTR/ERVL-MaLR	1188	+	226	60250660	36456
chr20	60214204	60414204	harbor2	chr20	60292099	60292471	LTR/ERVL-MaLR	2297	+	186	60292285	78081
chr20	47852225	48052225	harbor2	chr20	47877853	47878215	LTR/ERVL-MaLR	720	+	181	47878034	25809
chr20	47852225	48052225	harbor2	chr20	47881738	47882125	LTR/ERVL-MaLR	973	+	194	47881932	29707
chr20	47852225	48052225	harbor2	chr20	47882600	47882850	LTR/ERVL-MaLR	1095	+	125	47882725	30500
chr20	47852225	48052225	harbor2	chr20	47886425	47886505	LTR/ERVL-MaLR	459	+	40	47886465	34240
chr20	47852225	48052225	harbor2	chr20	47901258	47901380	LTR/ERVL-MaLR	435	+	61	47901319	49094
chr20	47852225	48052225	harbor2	chr20	47901406	47901815	LTR/ERVL-MaLR	2664	+	204	47901610	49385
chr20	47852225	48052225	harbor2	chr20	47915252	47915695	LTR/ERVL-MaLR	455	+	222	47915474	63249
chr20	47852225	48052225	harbor2	chr20	47915920	47915985	LTR/ERVL-MaLR	455	+	32	47915952	63727
chr20	47852225	48052225	harbor2	chr20	47916504	47916989	LTR/ERVL-MaLR	1661	+	242	47916746	64521
chr20	47852225	48052225	harbor2	chr20	47918543	47918950	LTR/ERVL-MaLR	2121	+	204	47918747	66522
chr20	47852225	48052225	harbor2	chr20	47945410	47945596	LTR/ERVL-MaLR	479	+	93	47945503	93278
chr20	47852225	48052225	harbor2	chr20	47946299	47946717	LTR/ERVL-MaLR	2630	+	209	47946508	94283
chr20	50172323	50372323	harbor2	chr20	50178232	50178658	LTR/ERVL-MaLR	1353	+	213	50178445	6122
chr20	50172323	50372323	harbor2	chr20	50180827	50180934	LTR/ERVL-MaLR	466	+	54	50180881	8558
chr20	50172323	50372323	harbor2	chr20	50199628	50200140	LTR/ERVL-MaLR	1078	+	256	50199884	27561
chr20	60626925	60826925	harbor2	chr20	60663571	60663830	LTR/ERVL-MaLR	531	+	130	60663701	36776
chr20	60626925	60826925	harbor2	chr20	60667107	60667553	LTR/ERVL-MaLR	562	+	223	60667330	40405
chr20	60626925	60826925	harbor2	chr20	60691805	60691926	LTR/ERVL-MaLR	385	+	60	60691865	64940
chr20	60626925	60826925	harbor2	chr20	60692983	60693217	LTR/ERVL-MaLR	639	+	117	60693100	66175
chr20	60626925	60826925	harbor2	chr20	60701821	60702242	LTR/ERVL-MaLR	2305	+	210	60702031	75106
chr20	60626925	60826925	harbor2	chr20	60716759	60717289	LTR/ERVL-MaLR	728	+	265	60717024	90099
chr20	60626925	60826925	harbor2	chr20	60718281	60718690	LTR/ERVL-MaLR	1803	+	204	60718485	91560
chr20	10756220	10956220	harbor2	chr20	10773134	10773547	LTR/ERVL-MaLR	2265	+	206	10773340	17120
chr20	10756220	10956220	harbor2	chr20	10792745	10793102	LTR/ERVL-MaLR	2487	+	178	10792923	36703
chr20	10756220	10956220	harbor2	chr20	10804048	10804538	LTR/ERVL-MaLR	1206	+	245	10804293	48073
chr20	10756220	10956220	harbor2	chr20	10816117	10816568	LTR/ERVL-MaLR	902	+	226	10816343	60123
chr20	10756220	10956220	harbor2	chr20	10823615	10823956	LTR/ERVL-MaLR	842	+	170	10823785	67565
chr20	10756220	10956220	harbor2	chr20	10827912	10828376	LTR/ERVL-MaLR	1557	+	232	10828144	71924
chr20	53196618	53396618	harbor2	chr20	53220959	53221324	LTR/ERVL-MaLR	2302	+	182	53221141	24523
chr20	63740446	63940446	harbor2	chr20	63782167	63782554	LTR/ERVL-MaLR	566	+	194	63782361	41915
chr20	63740446	63940446	harbor2	chr20	63802011	63802140	LTR/ERVL-MaLR	793	+	64	63802075	61629
chr20	63740446	63940446	harbor2	chr20	63802433	63802512	LTR/ERVL-MaLR	793	+	40	63802473	62027
chr20	63740446	63940446	harbor2	chr20	63805492	63805732	LTR/ERVL-MaLR	453	+	120	63805612	65166
chr20	63740446	63940446	harbor2	chr20	63816670	63816822	LTR/ERVL-MaLR	1011	+	76	63816746	76300
chr20	63740446	63940446	harbor2	chr20	63817746	63818014	LTR/ERVL-MaLR	1011	+	134	63817880	77434
chr20	57096752	57296752	harbor2	chr20	57101973	57102116	LTR/ERVL-MaLR	432	+	72	57102045	5293
chr20	57096752	57296752	harbor2	chr20	57102581	57103006	LTR/ERVL-MaLR	1714	+	212	57102793	6041
chr20	57096752	57296752	harbor2	chr20	57123798	57124239	LTR/ERVL-MaLR	1613	+	220	57124018	27266
chr20	57096752	57296752	harbor2	chr20	57130110	57130255	LTR/ERVL-MaLR	392	+	72	57130182	33430
chr20	57096752	57296752	harbor2	chr20	57153143	57153366	LTR/ERVL-MaLR	971	+	112	57153255	56503
chr20	57096752	57296752	harbor2	chr20	57159502	57159885	LTR/ERVL-MaLR	988	+	192	57159694	62942
chr20	57096752	57296752	harbor2	chr20	57163024	57163660	LTR/ERVL-MaLR	2212	+	318	57163342	66590
chr20	57096752	57296752	harbor2	chr20	57163888	57164250	LTR/ERVL-MaLR	2374	+	181	57164069	67317
chr20	57096752	57296752	harbor2	chr20	57164251	57164498	LTR/ERVL-MaLR	915	+	124	57164375	67623
chr20	57096752	57296752	harbor2	chr20	57166070	57166284	LTR/ERVL-MaLR	1189	+	107	57166177	69425
chr20	57096752	57296752	harbor2	chr20	57166578	57166836	LTR/ERVL-MaLR	1189	+	129	57166707	69955
chr20	57096752	57296752	harbor2	chr20	57176234	57176432	LTR/ERVL-MaLR	431	+	99	57176333	79581
chr20	57096752	57296752	harbor2	chr20	57184599	57184964	LTR/ERVL-MaLR	726	+	182	57184781	88029
chr20	57096752	57296752	harbor2	chr20	57187372	57187518	LTR/ERVL-MaLR	397	+	73	57187445	90693
chr20	57096752	57296752	harbor2	chr20	57194065	57194293	LTR/ERVL-MaLR	402	+	114	57194179	97427
chr20	57096752	57296752	harbor2	chr20	57194509	57194547	LTR/ERVL-MaLR	402	+	19	57194528	97776
chr20	57096752	57296752	harbor2	chr20	57163707	57163887	LTR/ERVL-MaLR	915	+	90	57163797	67045
chr20	57096752	57296752	harbor2	chr20	57147116	57147550	LTR/ERVL-MaLR	1859	+	217	57147333	50581
chr20	34052845	34252845	harbor2	chr20	34084517	34084917	LTR/ERVL-MaLR	785	+	200	34084717	31872
chr20	34052845	34252845	harbor2	chr20	34139780	34139949	LTR/ERVL-MaLR	899	+	84	34139864	87019
chr20	34052845	34252845	harbor2	chr20	34140252	34140307	LTR/ERVL-MaLR	899	+	28	34140280	87435
chr20	54660516	54860516	harbor2	chr20	54666497	54666857	LTR/ERVL-MaLR	2190	+	180	54666677	6161
chr20	54660516	54860516	harbor2	chr20	54674234	54674594	LTR/ERVL-MaLR	2060	+	180	54674414	13898
chr20	54660516	54860516	harbor2	chr20	54686654	54687066	LTR/ERVL-MaLR	2194	+	206	54686860	26344
chr20	54660516	54860516	harbor2	chr20	54696088	54696461	LTR/ERVL-MaLR	1383	+	186	54696274	35758
chr20	54660516	54860516	harbor2	chr20	54696812	54697174	LTR/ERVL-MaLR	1919	+	181	54696993	36477
chr20	54660516	54860516	harbor2	chr20	54699273	54699804	LTR/ERVL-MaLR	1357	+	266	54699539	39023
chr20	54660516	54860516	harbor2	chr20	54712876	54713279	LTR/ERVL-MaLR	2063	+	202	54713078	52562
chr20	54660516	54860516	harbor2	chr20	54732593	54732965	LTR/ERVL-MaLR	1767	+	186	54732779	72263
chr20	54660516	54860516	harbor2	chr20	54751353	54751717	LTR/ERVL-MaLR	1114	+	182	54751535	91019
chr20	54660516	54860516	harbor2	chr20	54752014	54752086	LTR/ERVL-MaLR	1114	+	36	54752050	91534
chr20	44607412	44807412	harbor2	chr20	44640051	44640131	LTR/ERVL-MaLR	1256	+	40	44640091	32679
chr20	44607412	44807412	harbor2	chr20	44640425	44640435	LTR/ERVL-MaLR	1256	+	5	44640430	33018
chr20	44607412	44807412	harbor2	chr20	44640683	44641066	LTR/ERVL-MaLR	1256	+	192	44640875	33463
chr20	44607412	44807412	harbor2	chr20	44642069	44642314	LTR/ERVL-MaLR	456	+	122	44642191	34779
chr20	44607412	44807412	harbor2	chr20	44655041	44655560	LTR/ERVL-MaLR	2036	+	260	44655301	47889
chr20	44607412	44807412	harbor2	chr20	44693930	44694308	LTR/ERVL-MaLR	1000	+	189	44694119	86707
chr20	44607412	44807412	harbor2	chr20	44695871	44695924	LTR/ERVL-MaLR	958	+	26	44695897	88485
chr20	44607412	44807412	harbor2	chr20	44696276	44696611	LTR/ERVL-MaLR	958	+	168	44696444	89032
chr20	20728993	20928993	harbor2	chr20	20744752	20745176	LTR/ERVL-MaLR	2576	+	212	20744964	15971
chr20	20728993	20928993	harbor2	chr20	20748650	20748799	LTR/ERVL-MaLR	1090	+	74	20748724	19731
chr20	20728993	20928993	harbor2	chr20	20749294	20749627	LTR/ERVL-MaLR	1090	+	166	20749460	20467
chr20	20728993	20928993	harbor2	chr20	20774567	20774700	LTR/ERVL-MaLR	518	+	66	20774633	45640
chr20	20728993	20928993	harbor2	chr20	20785548	20786035	LTR/ERVL-MaLR	1025	+	244	20785792	56799
chr20	20728993	20928993	harbor2	chr20	20803130	20803455	LTR/ERVL-MaLR	622	+	162	20803292	74299
chr20	62645420	62845420	harbor2	chr20	62672654	62672802	LTR/ERVL-MaLR	418	+	74	62672728	27308
chr20	62645420	62845420	harbor2	chr20	62673633	62673927	LTR/ERVL-MaLR	450	+	147	62673780	28360
chr20	62645420	62845420	harbor2	chr20	62674653	62674995	LTR/ERVL-MaLR	789	+	171	62674824	29404
chr20	62645420	62845420	harbor2	chr20	62679736	62680114	LTR/ERVL-MaLR	818	+	189	62679925	34505
chr20	62645420	62845420	harbor2	chr20	62681894	62682400	LTR/ERVL-MaLR	994	+	253	62682147	36727
chr20	62645420	62845420	harbor2	chr20	62696366	62696730	LTR/ERVL-MaLR	1875	+	182	62696548	51128
chr20	62645420	62845420	harbor2	chr20	62699160	62699501	LTR/ERVL-MaLR	1166	+	170	62699330	53910
chr20	62645420	62845420	harbor2	chr20	62705064	62705140	LTR/ERVL-MaLR	421	+	38	62705102	59682
chr20	62645420	62845420	harbor2	chr20	62736759	62737120	LTR/ERVL-MaLR	2140	+	180	62736939	91519
chr20	54845685	55045685	harbor2	chr20	54849465	54849829	LTR/ERVL-MaLR	1579	+	182	54849647	3962
chr20	54845685	55045685	harbor2	chr20	54931196	54931557	LTR/ERVL-MaLR	1382	+	180	54931376	85691
chr20	54769884	54969884	harbor2	chr20	54799494	54799858	LTR/ERVL-MaLR	1924	+	182	54799676	29792
chr20	54769884	54969884	harbor2	chr20	54826971	54827333	LTR/ERVL-MaLR	1662	+	181	54827152	57268
chr20	54769884	54969884	harbor2	chr20	54833261	54833423	LTR/ERVL-MaLR	1280	+	81	54833342	63458
chr20	54769884	54969884	harbor2	chr20	54833477	54833660	LTR/ERVL-MaLR	1280	+	92	54833569	63685
chr20	54769884	54969884	harbor2	chr20	54845044	54845401	LTR/ERVL-MaLR	2557	+	178	54845222	75338
chr20	54769884	54969884	harbor2	chr20	54849465	54849829	LTR/ERVL-MaLR	1579	+	182	54849647	79763
chr20	46337360	46537360	harbor2	chr20	46339639	46339920	LTR/ERVL-MaLR	387	+	140	46339779	2419
chr20	46337360	46537360	harbor2	chr20	46422219	46422630	LTR/ERVL-MaLR	780	+	206	46422425	85065
chr20	46337360	46537360	harbor2	chr20	46422912	46423009	LTR/ERVL-MaLR	780	+	48	46422960	85600
chr20	60277524	60477524	harbor2	chr20	60292099	60292471	LTR/ERVL-MaLR	2297	+	186	60292285	14761
chr20	60277524	60477524	harbor2	chr20	60329845	60330296	LTR/ERVL-MaLR	1486	+	226	60330071	52547
chr20	60277524	60477524	harbor2	chr20	60350217	60350627	LTR/ERVL-MaLR	584	+	205	60350422	72898
chr20	60277524	60477524	harbor2	chr20	60352097	60352563	LTR/ERVL-MaLR	866	+	233	60352330	74806
chr20	60277524	60477524	harbor2	chr20	60357872	60358255	LTR/ERVL-MaLR	2551	+	192	60358064	80540
chr20	60277524	60477524	harbor2	chr20	60369877	60370266	LTR/ERVL-MaLR	2182	+	194	60370071	92547
chr20	60277524	60477524	harbor2	chr20	60372663	60373149	LTR/ERVL-MaLR	1218	+	243	60372906	95382
chr20	60277524	60477524	harbor2	chr20	60374054	60374404	LTR/ERVL-MaLR	2332	+	175	60374229	96705
chr20	48409098	48609098	harbor2	chr20	48421073	48421505	LTR/ERVL-MaLR	835	+	216	48421289	12191
chr20	48409098	48609098	harbor2	chr20	48421660	48421862	LTR/ERVL-MaLR	424	+	101	48421761	12663
chr20	48409098	48609098	harbor2	chr20	48429495	48429784	LTR/ERVL-MaLR	730	+	144	48429639	20541
chr20	48409098	48609098	harbor2	chr20	48467719	48468103	LTR/ERVL-MaLR	942	+	192	48467911	58813
chr20	48409098	48609098	harbor2	chr20	48486464	48486761	LTR/ERVL-MaLR	1288	+	148	48486612	77514
chr20	48409098	48609098	harbor2	chr20	48487040	48487140	LTR/ERVL-MaLR	616	+	50	48487090	77992
chr20	48409098	48609098	harbor2	chr20	48487269	48487463	LTR/ERVL-MaLR	759	+	97	48487366	78268
chr20	48409098	48609098	harbor2	chr20	48498393	48498732	LTR/ERVL-MaLR	505	+	170	48498563	89465
chr20	23203992	23403992	harbor2	chr20	23208834	23209174	LTR/ERVL-MaLR	1720	+	170	23209004	5012
chr20	23203992	23403992	harbor2	chr20	23209182	23209840	LTR/ERVL-MaLR	3038	+	329	23209511	5519
chr20	23203992	23403992	harbor2	chr20	23210081	23210464	LTR/ERVL-MaLR	1970	+	192	23210273	6281
chr20	23203992	23403992	harbor2	chr20	23210465	23210825	LTR/ERVL-MaLR	1796	+	180	23210645	6653
chr20	23203992	23403992	harbor2	chr20	23214380	23214544	LTR/ERVL-MaLR	509	+	82	23214462	10470
chr20	23203992	23403992	harbor2	chr20	23214547	23214791	LTR/ERVL-MaLR	896	+	122	23214669	10677
chr20	23203992	23403992	harbor2	chr20	23224210	23224516	LTR/ERVL-MaLR	1557	+	153	23224363	20371
chr20	23203992	23403992	harbor2	chr20	23228289	23228645	LTR/ERVL-MaLR	1988	+	178	23228467	24475
chr20	23203992	23403992	harbor2	chr20	23299959	23300137	LTR/ERVL-MaLR	935	+	89	23300048	96056
chr20	23203992	23403992	harbor2	chr20	23301188	23301458	LTR/ERVL-MaLR	1087	+	135	23301323	97331
chr20	23203992	23403992	harbor2	chr20	23232154	23232635	LTR/ERVL-MaLR	1084	+	240	23232394	28402
chr20	50052804	50252804	harbor2	chr20	50059193	50059361	LTR/ERVL-MaLR	903	+	84	50059277	6473
chr20	50052804	50252804	harbor2	chr20	50059672	50059908	LTR/ERVL-MaLR	903	+	118	50059790	6986
chr20	50052804	50252804	harbor2	chr20	50099210	50099277	LTR/ERVL-MaLR	459	+	34	50099244	46440
chr20	50052804	50252804	harbor2	chr20	50099264	50099394	LTR/ERVL-MaLR	706	+	65	50099329	46525
chr20	50052804	50252804	harbor2	chr20	50121933	50122130	LTR/ERVL-MaLR	895	+	98	50122031	69227
chr20	50052804	50252804	harbor2	chr20	50130056	50130545	LTR/ERVL-MaLR	1074	+	244	50130300	77496
chr20	53374684	53574684	harbor2	chr20	53429333	53429677	LTR/ERVL-MaLR	2398	+	172	53429505	54821
chr20	53374684	53574684	harbor2	chr20	53437637	53438053	LTR/ERVL-MaLR	2523	+	208	53437845	63161
chr20	53374684	53574684	harbor2	chr20	53446043	53446224	LTR/ERVL-MaLR	404	+	90	53446133	71449
chr20	62982277	63182277	harbor2	chr20	62988336	62988452	LTR/ERVL-MaLR	396	+	58	62988394	6117
chr20	62982277	63182277	harbor2	chr20	62988763	62988797	LTR/ERVL-MaLR	396	+	17	62988780	6503
chr20	62982277	63182277	harbor2	chr20	62991893	62992281	LTR/ERVL-MaLR	2138	+	194	62992087	9810
chr20	62982277	63182277	harbor2	chr20	63016297	63016488	LTR/ERVL-MaLR	393	+	96	63016393	34116
chr20	62982277	63182277	harbor2	chr20	63046003	63046387	LTR/ERVL-MaLR	1728	+	192	63046195	63918
chr20	62982277	63182277	harbor2	chr20	63079844	63080252	LTR/ERVL-MaLR	1261	+	204	63080048	97771
chr20	54289413	54489413	harbor2	chr20	54294129	54294381	LTR/ERVL-MaLR	747	+	126	54294255	4842
chr20	54289413	54489413	harbor2	chr20	54312119	54312473	LTR/ERVL-MaLR	2113	+	177	54312296	22883
chr20	54289413	54489413	harbor2	chr20	54312517	54312936	LTR/ERVL-MaLR	1396	+	210	54312727	23314
chr20	54289413	54489413	harbor2	chr20	54323460	54323635	LTR/ERVL-MaLR	384	+	88	54323548	34135
chr20	54289413	54489413	harbor2	chr20	54323682	54323972	LTR/ERVL-MaLR	631	+	145	54323827	34414
chr20	54289413	54489413	harbor2	chr20	54339435	54339820	LTR/ERVL-MaLR	1527	+	192	54339627	50214
chr20	54289413	54489413	harbor2	chr20	54353870	54354069	LTR/ERVL-MaLR	640	+	100	54353970	64557
chr20	54289413	54489413	harbor2	chr20	54367132	54367220	LTR/ERVL-MaLR	397	+	44	54367176	77763
chr20	26224048	26424048	harbor2	chr20	26254371	26254740	LTR/ERVL-MaLR	2395	+	184	26254555	30507
chr20	26224048	26424048	harbor2	chr20	26254741	26256325	LTR/ERVL-MaLR	10798	+	792	26255533	31485
chr20	26224048	26424048	harbor2	chr20	26256328	26256687	LTR/ERVL-MaLR	1978	+	180	26256508	32460
chr20	24624119	24824119	harbor2	chr20	24644304	24644853	LTR/ERVL-MaLR	1049	+	274	24644578	20459
chr20	24624119	24824119	harbor2	chr20	24646299	24646626	LTR/ERVL-MaLR	1959	+	164	24646463	22344
chr20	24624119	24824119	harbor2	chr20	24646920	24647036	LTR/ERVL-MaLR	1959	+	58	24646978	22859
chr20	24624119	24824119	harbor2	chr20	24651658	24652118	LTR/ERVL-MaLR	1368	+	230	24651888	27769
chr20	24624119	24824119	harbor2	chr20	24656815	24657207	LTR/ERVL-MaLR	1845	+	196	24657011	32892
chr20	24624119	24824119	harbor2	chr20	24700959	24701417	LTR/ERVL-MaLR	452	+	229	24701188	77069
chr20	35952805	36152805	harbor2	chr20	36032208	36032576	LTR/ERVL-MaLR	2490	+	184	36032392	79587
chr20	23420393	23620393	harbor2	chr20	23454835	23455190	LTR/ERVL-MaLR	554	+	178	23455013	34620
chr20	23420393	23620393	harbor2	chr20	23484691	23484935	LTR/ERVL-MaLR	1902	+	122	23484813	64420
chr20	23420393	23620393	harbor2	chr20	23485456	23485685	LTR/ERVL-MaLR	1902	+	114	23485570	65177
chr20	23420393	23620393	harbor2	chr20	23507588	23508079	LTR/ERVL-MaLR	1156	+	246	23507834	87441
chr20	50274377	50474377	harbor2	chr20	50286725	50286935	LTR/ERVL-MaLR	480	+	105	50286830	12453
chr20	50274377	50474377	harbor2	chr20	50310963	50311280	LTR/ERVL-MaLR	1532	+	158	50311121	36744
chr20	50274377	50474377	harbor2	chr20	50313277	50313754	LTR/ERVL-MaLR	750	+	238	50313515	39138
chr20	50274377	50474377	harbor2	chr20	50325283	50325457	LTR/ERVL-MaLR	414	+	87	50325370	50993
chr20	50274377	50474377	harbor2	chr20	50346822	50347313	LTR/ERVL-MaLR	1090	+	246	50347068	72691
chr20	50274377	50474377	harbor2	chr20	50348262	50348531	LTR/ERVL-MaLR	682	+	134	50348396	74019
chr20	34143738	34343738	harbor2	chr20	34159948	34160123	LTR/ERVL-MaLR	394	+	88	34160036	16298
chr20	34143738	34343738	harbor2	chr20	34213007	34213370	LTR/ERVL-MaLR	1363	+	182	34213189	69451
chr20	34143738	34343738	harbor2	chr20	34213373	34213492	LTR/ERVL-MaLR	583	+	60	34213433	69695
chr20	60277847	60477847	harbor2	chr20	60292099	60292471	LTR/ERVL-MaLR	2297	+	186	60292285	14438
chr20	60277847	60477847	harbor2	chr20	60329845	60330296	LTR/ERVL-MaLR	1486	+	226	60330071	52224
chr20	60277847	60477847	harbor2	chr20	60350217	60350627	LTR/ERVL-MaLR	584	+	205	60350422	72575
chr20	60277847	60477847	harbor2	chr20	60352097	60352563	LTR/ERVL-MaLR	866	+	233	60352330	74483
chr20	60277847	60477847	harbor2	chr20	60357872	60358255	LTR/ERVL-MaLR	2551	+	192	60358064	80217
chr20	60277847	60477847	harbor2	chr20	60369877	60370266	LTR/ERVL-MaLR	2182	+	194	60370071	92224
chr20	60277847	60477847	harbor2	chr20	60372663	60373149	LTR/ERVL-MaLR	1218	+	243	60372906	95059
chr20	60277847	60477847	harbor2	chr20	60374054	60374404	LTR/ERVL-MaLR	2332	+	175	60374229	96382
chr20	36065730	36265730	harbor2	chr20	36120806	36120963	LTR/ERVL-MaLR	897	+	78	36120884	55154
chr20	36065730	36265730	harbor2	chr20	36121090	36121286	LTR/ERVL-MaLR	925	+	98	36121188	55458
chr20	59913467	60113467	harbor2	chr20	59975098	59975541	LTR/ERVL-MaLR	2037	+	222	59975320	61853
chr20	46261424	46461424	harbor2	chr20	46339639	46339920	LTR/ERVL-MaLR	387	+	140	46339779	78355
chr20	63555103	63755103	harbor2	chr20	63587200	63587335	LTR/ERVL-MaLR	562	+	68	63587268	32165
chr20	63555103	63755103	harbor2	chr20	63616842	63616978	LTR/ERVL-MaLR	946	+	68	63616910	61807
chr20	63555103	63755103	harbor2	chr20	63617276	63617500	LTR/ERVL-MaLR	946	+	112	63617388	62285
chr20	63555103	63755103	harbor2	chr20	63636877	63637350	LTR/ERVL-MaLR	739	+	236	63637113	82010
chr20	63555103	63755103	harbor2	chr20	63644625	63644966	LTR/ERVL-MaLR	1505	+	170	63644795	89692
chr20	63555103	63755103	harbor2	chr20	63654656	63655052	LTR/ERVL-MaLR	720	+	198	63654854	99751
chr20	33119712	33319712	harbor2	chr20	33121448	33121801	LTR/ERVL-MaLR	2737	+	176	33121624	1912
chr20	33119712	33319712	harbor2	chr20	33121802	33123376	LTR/ERVL-MaLR	12217	+	787	33122589	2877
chr20	33119712	33319712	harbor2	chr20	33123377	33123730	LTR/ERVL-MaLR	2729	+	176	33123553	3841
chr20	33119712	33319712	harbor2	chr20	33183378	33183667	LTR/ERVL-MaLR	888	+	144	33183522	63810
chr20	33119712	33319712	harbor2	chr20	33161156	33161552	LTR/ERVL-MaLR	1159	+	198	33161354	41642
chr20	3440073	3640073	harbor2	chr20	3463766	3463871	LTR/ERVL-MaLR	1209	+	52	3463818	23745
chr20	3440073	3640073	harbor2	chr20	3464178	3464488	LTR/ERVL-MaLR	1209	+	155	3464333	24260
chr20	3440073	3640073	harbor2	chr20	3465748	3465836	LTR/ERVL-MaLR	413	+	44	3465792	25719
chr20	3440073	3640073	harbor2	chr20	3533345	3533709	LTR/ERVL-MaLR	1274	+	182	3533527	93454
chr20	55998621	56198621	harbor2	chr20	56014795	56015340	LTR/ERVL-MaLR	1069	+	272	56015067	16446
chr20	55998621	56198621	harbor2	chr20	56075512	56075926	LTR/ERVL-MaLR	2638	+	207	56075719	77098
chr20	52708696	52908696	harbor2	chr20	52714657	52715195	LTR/ERVL-MaLR	812	+	269	52714926	6230
chr20	52708696	52908696	harbor2	chr20	52726638	52726943	LTR/ERVL-MaLR	497	+	152	52726790	18094
chr20	52708696	52908696	harbor2	chr20	52744427	52744925	LTR/ERVL-MaLR	663	+	249	52744676	35980
chr20	52708696	52908696	harbor2	chr20	52758154	52758517	LTR/ERVL-MaLR	2350	+	182	52758336	49640
chr20	52708696	52908696	harbor2	chr20	52802731	52803159	LTR/ERVL-MaLR	530	+	214	52802945	94249
chr20	48444901	48644901	harbor2	chr20	48467719	48468103	LTR/ERVL-MaLR	942	+	192	48467911	23010
chr20	48444901	48644901	harbor2	chr20	48486464	48486761	LTR/ERVL-MaLR	1288	+	148	48486612	41711
chr20	48444901	48644901	harbor2	chr20	48487040	48487140	LTR/ERVL-MaLR	616	+	50	48487090	42189
chr20	48444901	48644901	harbor2	chr20	48487269	48487463	LTR/ERVL-MaLR	759	+	97	48487366	42465
chr20	48444901	48644901	harbor2	chr20	48498393	48498732	LTR/ERVL-MaLR	505	+	170	48498563	53662
chr20	48444901	48644901	harbor2	chr20	48530988	48531446	LTR/ERVL-MaLR	1186	+	229	48531217	86316
chr20	48444901	48644901	harbor2	chr20	48540569	48540973	LTR/ERVL-MaLR	2546	+	202	48540771	95870
chr21	32461913	32661913	harbor2	chr21	32478104	32478215	LTR/ERVL-MaLR	756	+	56	32478160	16247
chr21	32461913	32661913	harbor2	chr21	32529347	32529776	LTR/ERVL-MaLR	1625	+	214	32529561	67648
chr21	32461913	32661913	harbor2	chr21	32530815	32531168	LTR/ERVL-MaLR	2352	+	176	32530991	69078
chr21	32461913	32661913	harbor2	chr21	32553163	32553461	LTR/ERVL-MaLR	1567	+	149	32553312	91399
chr21	32461913	32661913	harbor2	chr21	32553774	32553836	LTR/ERVL-MaLR	1567	+	31	32553805	91892
chr21	40964138	41164138	harbor2	chr21	40970625	40971068	LTR/ERVL-MaLR	2370	+	222	40970847	6709
chr21	40964138	41164138	harbor2	chr21	40979705	40979928	LTR/ERVL-MaLR	747	+	112	40979817	15679
chr21	40964138	41164138	harbor2	chr21	41022644	41023139	LTR/ERVL-MaLR	1826	+	248	41022892	58754
chr21	40964138	41164138	harbor2	chr21	41023459	41023526	LTR/ERVL-MaLR	1826	+	34	41023493	59355
chr21	20269700	20469700	harbor2	chr21	20274993	20275011	LTR/ERVL-MaLR	1213	+	9	20275002	5302
chr21	20269700	20469700	harbor2	chr21	20275417	20275769	LTR/ERVL-MaLR	1213	+	176	20275593	5893
chr21	20269700	20469700	harbor2	chr21	20280322	20280684	LTR/ERVL-MaLR	2357	+	181	20280503	10803
chr21	20269700	20469700	harbor2	chr21	20281292	20281595	LTR/ERVL-MaLR	700	+	152	20281444	11744
chr21	20269700	20469700	harbor2	chr21	20285635	20286017	LTR/ERVL-MaLR	1319	+	191	20285826	16126
chr21	20269700	20469700	harbor2	chr21	20286330	20286415	LTR/ERVL-MaLR	1319	+	42	20286372	16672
chr21	20269700	20469700	harbor2	chr21	20326016	20326187	LTR/ERVL-MaLR	1349	+	86	20326102	56402
chr21	20269700	20469700	harbor2	chr21	20326488	20326711	LTR/ERVL-MaLR	1349	+	112	20326600	56900
chr21	20269700	20469700	harbor2	chr21	20337821	20338140	LTR/ERVL-MaLR	528	+	160	20337981	68281
chr21	20269700	20469700	harbor2	chr21	20299488	20299835	LTR/ERVL-MaLR	1425	+	174	20299662	29962
chr21	43085593	43285593	harbor2	chr21	43126399	43126807	LTR/ERVL-MaLR	2402	+	204	43126603	41010
chr21	43085593	43285593	harbor2	chr21	43127134	43127173	LTR/ERVL-MaLR	2402	+	20	43127154	41561
chr21	43085593	43285593	harbor2	chr21	43142373	43142695	LTR/ERVL-MaLR	1905	+	161	43142534	56941
chr21	43085593	43285593	harbor2	chr21	43142995	43143032	LTR/ERVL-MaLR	1905	+	18	43143013	57420
chr21	43085593	43285593	harbor2	chr21	43144679	43144715	LTR/ERVL-MaLR	1675	+	18	43144697	59104
chr21	43085593	43285593	harbor2	chr21	43145021	43145311	LTR/ERVL-MaLR	1675	+	145	43145166	59573
chr21	43085593	43285593	harbor2	chr21	43151933	43152304	LTR/ERVL-MaLR	1338	+	186	43152119	66526
chr21	43085593	43285593	harbor2	chr21	43165578	43165818	LTR/ERVL-MaLR	1186	+	120	43165698	80105
chr21	43085593	43285593	harbor2	chr21	43174235	43174569	LTR/ERVL-MaLR	1203	+	167	43174402	88809
chr21	40332699	40532699	harbor2	chr21	40374619	40374954	LTR/ERVL-MaLR	1561	+	168	40374787	42088
chr21	40332699	40532699	harbor2	chr21	40376876	40377079	LTR/ERVL-MaLR	1024	+	102	40376978	44279
chr21	40332699	40532699	harbor2	chr21	40397190	40397613	LTR/ERVL-MaLR	2564	+	212	40397402	64703
chr21	40332699	40532699	harbor2	chr21	40411860	40412231	LTR/ERVL-MaLR	1901	+	186	40412046	79347
chr21	40332699	40532699	harbor2	chr21	40412233	40413555	LTR/ERVL-MaLR	9166	+	661	40412894	80195
chr21	40332699	40532699	harbor2	chr21	40420545	40420993	LTR/ERVL-MaLR	2250	+	224	40420769	88070
chr21	40332699	40532699	harbor2	chr21	40424190	40424641	LTR/ERVL-MaLR	956	+	226	40424416	91717
chr21	26958869	27158869	harbor2	chr21	26960417	26960749	LTR/ERVL-MaLR	936	+	166	26960583	1714
chr21	26958869	27158869	harbor2	chr21	26976533	26976917	LTR/ERVL-MaLR	2007	+	192	26976725	17856
chr21	26958869	27158869	harbor2	chr21	26983389	26983758	LTR/ERVL-MaLR	2511	+	184	26983573	24704
chr21	26958869	27158869	harbor2	chr21	27007991	27008321	LTR/ERVL-MaLR	2037	+	165	27008156	49287
chr21	26958869	27158869	harbor2	chr21	27011833	27012280	LTR/ERVL-MaLR	2203	+	224	27012057	53188
chr21	26958869	27158869	harbor2	chr21	27013126	27013509	LTR/ERVL-MaLR	2425	+	192	27013318	54449
chr21	26958869	27158869	harbor2	chr21	27033400	27033966	LTR/ERVL-MaLR	1721	+	283	27033683	74814
chr21	38043287	38243287	harbor2	chr21	38046033	38046390	LTR/ERVL-MaLR	2106	+	178	38046211	2924
chr21	38043287	38243287	harbor2	chr21	38072232	38072684	LTR/ERVL-MaLR	1370	+	226	38072458	29171
chr21	38043287	38243287	harbor2	chr21	38089295	38089797	LTR/ERVL-MaLR	1553	+	251	38089546	46259
chr21	38043287	38243287	harbor2	chr21	38096196	38096533	LTR/ERVL-MaLR	1362	+	168	38096364	53077
chr21	38043287	38243287	harbor2	chr21	38127752	38128116	LTR/ERVL-MaLR	1599	+	182	38127934	84647
chr21	38043287	38243287	harbor2	chr21	38128885	38129311	LTR/ERVL-MaLR	2123	+	213	38129098	85811
chr21	38043287	38243287	harbor2	chr21	38141067	38141444	LTR/ERVL-MaLR	2233	+	188	38141255	97968
chr21	39335565	39535565	harbor2	chr21	39377048	39377522	LTR/ERVL-MaLR	2085	+	237	39377285	41720
chr21	39335565	39535565	harbor2	chr21	39408976	39409379	LTR/ERVL-MaLR	1384	+	202	39409178	73613
chr21	39335565	39535565	harbor2	chr21	39414504	39414727	LTR/ERVL-MaLR	632	+	112	39414616	79051
chr21	39335565	39535565	harbor2	chr21	39419578	39419728	LTR/ERVL-MaLR	737	+	75	39419653	84088
chr21	38124793	38324793	harbor2	chr21	38127752	38128116	LTR/ERVL-MaLR	1599	+	182	38127934	3141
chr21	38124793	38324793	harbor2	chr21	38128885	38129311	LTR/ERVL-MaLR	2123	+	213	38129098	4305
chr21	38124793	38324793	harbor2	chr21	38141067	38141444	LTR/ERVL-MaLR	2233	+	188	38141255	16462
chr21	38124793	38324793	harbor2	chr21	38174009	38174524	LTR/ERVL-MaLR	1476	+	258	38174267	49474
chr21	38124793	38324793	harbor2	chr21	38194071	38194480	LTR/ERVL-MaLR	2748	+	204	38194275	69482
chr21	38124793	38324793	harbor2	chr21	38211988	38212360	LTR/ERVL-MaLR	2290	+	186	38212174	87381
chr21	32591316	32791316	harbor2	chr21	32635183	32635597	LTR/ERVL-MaLR	1812	+	207	32635390	44074
chr21	32591316	32791316	harbor2	chr21	32691086	32691503	LTR/ERVL-MaLR	2496	+	208	32691294	99978
chr21	16838296	17038296	harbor2	chr21	16891366	16891841	LTR/ERVL-MaLR	1548	+	238	16891604	53308
chr21	16838296	17038296	harbor2	chr21	16922705	16923081	LTR/ERVL-MaLR	1498	+	188	16922893	84597
chr21	16838296	17038296	harbor2	chr21	16925680	16925816	LTR/ERVL-MaLR	795	+	68	16925748	87452
chr21	16838296	17038296	harbor2	chr21	16926022	16926264	LTR/ERVL-MaLR	905	+	121	16926143	87847
chr21	38078052	38278052	harbor2	chr21	38089295	38089797	LTR/ERVL-MaLR	1553	+	251	38089546	11494
chr21	38078052	38278052	harbor2	chr21	38096196	38096533	LTR/ERVL-MaLR	1362	+	168	38096364	18312
chr21	38078052	38278052	harbor2	chr21	38127752	38128116	LTR/ERVL-MaLR	1599	+	182	38127934	49882
chr21	38078052	38278052	harbor2	chr21	38128885	38129311	LTR/ERVL-MaLR	2123	+	213	38129098	51046
chr21	38078052	38278052	harbor2	chr21	38141067	38141444	LTR/ERVL-MaLR	2233	+	188	38141255	63203
chr21	38078052	38278052	harbor2	chr21	38174009	38174524	LTR/ERVL-MaLR	1476	+	258	38174267	96215
chr21	46408142	46608142	harbor2	chr21	46450076	46450446	LTR/ERVL-MaLR	2342	+	185	46450261	42119
chr21	46408142	46608142	harbor2	chr21	46450735	46450771	LTR/ERVL-MaLR	2342	+	18	46450753	42611
chr21	46408142	46608142	harbor2	chr21	46455558	46456078	LTR/ERVL-MaLR	1305	+	260	46455818	47676
chr21	46408142	46608142	harbor2	chr21	46456266	46456723	LTR/ERVL-MaLR	1961	+	228	46456494	48352
chr21	46408142	46608142	harbor2	chr21	46472033	46472359	LTR/ERVL-MaLR	1610	+	163	46472196	64054
chr21	46408142	46608142	harbor2	chr21	46492531	46492680	LTR/ERVL-MaLR	1414	+	74	46492605	84463
chr21	46408142	46608142	harbor2	chr21	46492957	46493170	LTR/ERVL-MaLR	1414	+	106	46493063	84921
chr21	44205753	44405753	harbor2	chr21	44206075	44206415	LTR/ERVL-MaLR	706	+	170	44206245	492
chr21	45694072	45894072	harbor2	chr21	45719436	45719804	LTR/ERVL-MaLR	2435	+	184	45719620	25548
chr21	45694072	45894072	harbor2	chr21	45766263	45766607	LTR/ERVL-MaLR	732	+	172	45766435	72363
chr21	45225959	45425959	harbor2	chr21	45252837	45252964	LTR/ERVL-MaLR	572	+	64	45252901	26942
chr21	45225959	45425959	harbor2	chr21	45253030	45253282	LTR/ERVL-MaLR	631	+	126	45253156	27197
chr21	45225959	45425959	harbor2	chr21	45297416	45297813	LTR/ERVL-MaLR	2698	+	198	45297614	71655
chr21	45225959	45425959	harbor2	chr21	45303629	45303916	LTR/ERVL-MaLR	643	+	144	45303773	77814
chr21	45225959	45425959	harbor2	chr21	45304830	45305202	LTR/ERVL-MaLR	1813	+	186	45305016	79057
chr21	27240520	27440520	harbor2	chr21	27257174	27257460	LTR/ERVL-MaLR	707	+	143	27257317	16797
chr21	27240520	27440520	harbor2	chr21	27260468	27260879	LTR/ERVL-MaLR	809	+	206	27260674	20154
chr21	27240520	27440520	harbor2	chr21	27263140	27263282	LTR/ERVL-MaLR	457	+	71	27263211	22691
chr21	27240520	27440520	harbor2	chr21	27296712	27297070	LTR/ERVL-MaLR	2229	+	179	27296891	56371
chr21	27240520	27440520	harbor2	chr21	27303505	27303676	LTR/ERVL-MaLR	840	+	86	27303591	63071
chr21	27240520	27440520	harbor2	chr21	27310867	27311225	LTR/ERVL-MaLR	2443	+	179	27311046	70526
chr21	27240520	27440520	harbor2	chr21	27327623	27327906	LTR/ERVL-MaLR	867	+	142	27327765	87245
chr21	24793042	24993042	harbor2	chr21	24817685	24818010	LTR/ERVL-MaLR	1454	+	162	24817847	24805
chr21	24793042	24993042	harbor2	chr21	24818279	24818332	LTR/ERVL-MaLR	1454	+	26	24818305	25263
chr21	24793042	24993042	harbor2	chr21	24818865	24819363	LTR/ERVL-MaLR	1132	+	249	24819114	26072
chr21	24793042	24993042	harbor2	chr21	24832931	24833387	LTR/ERVL-MaLR	1482	+	228	24833159	40117
chr21	24793042	24993042	harbor2	chr21	24855751	24855877	LTR/ERVL-MaLR	642	+	63	24855814	62772
chr21	24793042	24993042	harbor2	chr21	24856273	24856401	LTR/ERVL-MaLR	642	+	64	24856337	63295
chr21	24793042	24993042	harbor2	chr21	24862897	24863257	LTR/ERVL-MaLR	1621	+	180	24863077	70035
chr21	24793042	24993042	harbor2	chr21	24883564	24883942	LTR/ERVL-MaLR	2502	+	189	24883753	90711
chr21	37160666	37360666	harbor2	chr21	37206534	37206893	LTR/ERVL-MaLR	1818	+	180	37206714	46048
chr21	45650344	45850344	harbor2	chr21	45650944	45651214	LTR/ERVL-MaLR	1158	+	135	45651079	735
chr21	45650344	45850344	harbor2	chr21	45671977	45672370	LTR/ERVL-MaLR	2525	+	196	45672173	21829
chr21	45650344	45850344	harbor2	chr21	45684392	45684814	LTR/ERVL-MaLR	2370	+	211	45684603	34259
chr21	45650344	45850344	harbor2	chr21	45719436	45719804	LTR/ERVL-MaLR	2435	+	184	45719620	69276
chr21	35539288	35739288	harbor2	chr21	35546917	35547270	LTR/ERVL-MaLR	2288	+	176	35547093	7805
chr21	35539288	35739288	harbor2	chr21	35568972	35569429	LTR/ERVL-MaLR	2196	+	228	35569200	29912
chr21	35539288	35739288	harbor2	chr21	35606763	35607206	LTR/ERVL-MaLR	540	+	222	35606985	67697
chr21	35539288	35739288	harbor2	chr21	35620741	35621100	LTR/ERVL-MaLR	2460	+	180	35620921	81633
chr21	38926642	39126642	harbor2	chr21	38926606	38926995	LTR/ERVL-MaLR	2086	+	194	38926800	158
chr21	38926642	39126642	harbor2	chr21	38929600	38929968	LTR/ERVL-MaLR	1313	+	184	38929784	3142
chr21	38926642	39126642	harbor2	chr21	38931719	38932108	LTR/ERVL-MaLR	1426	+	194	38931913	5271
chr21	38926642	39126642	harbor2	chr21	38932422	38932489	LTR/ERVL-MaLR	1426	+	34	38932456	5814
chr21	38926642	39126642	harbor2	chr21	38934012	38934052	LTR/ERVL-MaLR	650	+	20	38934032	7390
chr21	38926642	39126642	harbor2	chr21	38934354	38934448	LTR/ERVL-MaLR	650	+	47	38934401	7759
chr21	38926642	39126642	harbor2	chr21	38934809	38935168	LTR/ERVL-MaLR	1200	+	180	38934989	8347
chr21	38926642	39126642	harbor2	chr21	38940848	38941224	LTR/ERVL-MaLR	2450	+	188	38941036	14394
chr21	38926642	39126642	harbor2	chr21	38941479	38941829	LTR/ERVL-MaLR	1934	+	175	38941654	15012
chr21	38926642	39126642	harbor2	chr21	38943967	38944209	LTR/ERVL-MaLR	642	+	121	38944088	17446
chr21	38926642	39126642	harbor2	chr21	38949116	38949329	LTR/ERVL-MaLR	518	+	106	38949222	22580
chr21	38926642	39126642	harbor2	chr21	38950206	38950554	LTR/ERVL-MaLR	2489	+	174	38950380	23738
chr21	38926642	39126642	harbor2	chr21	38959251	38959684	LTR/ERVL-MaLR	1314	+	216	38959467	32825
chr21	38926642	39126642	harbor2	chr21	38959687	38959807	LTR/ERVL-MaLR	458	+	60	38959747	33105
chr21	38926642	39126642	harbor2	chr21	38962835	38963212	LTR/ERVL-MaLR	2191	+	188	38963023	36381
chr21	38926642	39126642	harbor2	chr21	38963529	38963585	LTR/ERVL-MaLR	2191	+	28	38963557	36915
chr21	38926642	39126642	harbor2	chr21	38966234	38966522	LTR/ERVL-MaLR	572	+	144	38966378	39736
chr21	38926642	39126642	harbor2	chr21	38983261	38983421	LTR/ERVL-MaLR	644	+	80	38983341	56699
chr21	38926642	39126642	harbor2	chr21	38991204	38991559	LTR/ERVL-MaLR	1367	+	178	38991382	64740
chr21	38926642	39126642	harbor2	chr21	39002014	39002478	LTR/ERVL-MaLR	1401	+	232	39002246	75604
chr21	46545722	46745722	harbor2	chr21	46572456	46572795	LTR/ERVL-MaLR	2035	+	170	46572626	26904
chr21	46545722	46745722	harbor2	chr21	46583538	46583920	LTR/ERVL-MaLR	1580	+	191	46583729	38007
chr21	46545722	46745722	harbor2	chr21	46591237	46591619	LTR/ERVL-MaLR	1806	+	191	46591428	45706
chr21	46545722	46745722	harbor2	chr21	46591620	46593186	LTR/ERVL-MaLR	11702	+	783	46592403	46681
chr21	46545722	46745722	harbor2	chr21	46593187	46593546	LTR/ERVL-MaLR	2082	+	180	46593367	47645
chr21	46545722	46745722	harbor2	chr21	46625850	46625958	LTR/ERVL-MaLR	504	+	54	46625904	80182
chr21	46545722	46745722	harbor2	chr21	46627580	46627667	LTR/ERVL-MaLR	1659	+	44	46627624	81902
chr21	46545722	46745722	harbor2	chr21	46628091	46628397	LTR/ERVL-MaLR	1659	+	153	46628244	82522
chr21	45977867	46177867	harbor2	chr21	46030036	46030581	LTR/ERVL-MaLR	1956	+	272	46030308	52441
chr21	45977867	46177867	harbor2	chr21	46030582	46030908	LTR/ERVL-MaLR	1479	+	163	46030745	52878
chr21	45977867	46177867	harbor2	chr21	46030909	46031086	LTR/ERVL-MaLR	1956	+	88	46030997	53130
chr21	45977867	46177867	harbor2	chr21	46031383	46031627	LTR/ERVL-MaLR	1956	+	122	46031505	53638
chr21	45977867	46177867	harbor2	chr21	46032664	46032853	LTR/ERVL-MaLR	567	+	94	46032758	54891
chr21	45977867	46177867	harbor2	chr21	46040799	46041154	LTR/ERVL-MaLR	2241	+	178	46040977	63110
chr21	45977867	46177867	harbor2	chr21	46052314	46052452	LTR/ERVL-MaLR	472	+	69	46052383	74516
chr21	20865091	21065091	harbor2	chr21	20890319	20890662	LTR/ERVL-MaLR	1606	+	172	20890491	25400
chr21	20865091	21065091	harbor2	chr21	20894837	20895245	LTR/ERVL-MaLR	2070	+	204	20895041	29950
chr21	20865091	21065091	harbor2	chr21	20898646	20899014	LTR/ERVL-MaLR	1586	+	184	20898830	33739
chr21	20865091	21065091	harbor2	chr21	20946698	20947324	LTR/ERVL-MaLR	1600	+	313	20947011	81920
chr21	20865091	21065091	harbor2	chr21	20889559	20889982	LTR/ERVL-MaLR	1113	+	212	20889771	24680
chr21	36841204	37041204	harbor2	chr21	36867571	36867782	LTR/ERVL-MaLR	556	+	106	36867677	26473
chr21	36841204	37041204	harbor2	chr21	36886630	36886845	LTR/ERVL-MaLR	1217	+	108	36886738	45534
chr21	36841204	37041204	harbor2	chr21	36887146	36887301	LTR/ERVL-MaLR	1217	+	78	36887224	46020
chr21	36841204	37041204	harbor2	chr21	36889877	36890259	LTR/ERVL-MaLR	2218	+	191	36890068	48864
chr21	36841204	37041204	harbor2	chr21	36890947	36891415	LTR/ERVL-MaLR	996	+	234	36891181	49977
chr21	36841204	37041204	harbor2	chr21	36891565	36892344	LTR/ERVL-MaLR	1528	+	390	36891955	50751
chr21	36841204	37041204	harbor2	chr21	36892439	36892651	LTR/ERVL-MaLR	594	+	106	36892545	51341
chr21	36841204	37041204	harbor2	chr21	36893961	36894332	LTR/ERVL-MaLR	2315	+	186	36894147	52943
chr21	36841204	37041204	harbor2	chr21	36903780	36904150	LTR/ERVL-MaLR	1275	+	185	36903965	62761
chr21	36841204	37041204	harbor2	chr21	36940766	36940929	LTR/ERVL-MaLR	1981	+	82	36940848	99644
chr21	44744645	44944645	harbor2	chr21	44758017	44758178	LTR/ERVL-MaLR	463	+	80	44758097	13452
chr21	44744645	44944645	harbor2	chr21	44776550	44776911	LTR/ERVL-MaLR	2826	+	180	44776730	32085
chr21	44744645	44944645	harbor2	chr21	44789739	44790058	LTR/ERVL-MaLR	1604	+	160	44789899	45254
chr21	44744645	44944645	harbor2	chr21	44790434	44790793	LTR/ERVL-MaLR	2227	+	180	44790614	45969
chr21	44744645	44944645	harbor2	chr21	44790796	44792312	LTR/ERVL-MaLR	9762	+	758	44791554	46909
chr21	44744645	44944645	harbor2	chr21	44792314	44792672	LTR/ERVL-MaLR	1988	+	179	44792493	47848
chr21	44744645	44944645	harbor2	chr21	44794035	44794269	LTR/ERVL-MaLR	738	+	117	44794152	49507
chr21	44744645	44944645	harbor2	chr21	44795863	44796107	LTR/ERVL-MaLR	784	+	122	44795985	51340
chr21	44744645	44944645	harbor2	chr21	44804613	44804768	LTR/ERVL-MaLR	1014	+	78	44804691	60046
chr21	44744645	44944645	harbor2	chr21	44836551	44836902	LTR/ERVL-MaLR	1133	+	176	44836727	92082
chr21	32560557	32760557	harbor2	chr21	32590359	32590665	LTR/ERVL-MaLR	513	+	153	32590512	29955
chr21	32560557	32760557	harbor2	chr21	32635183	32635597	LTR/ERVL-MaLR	1812	+	207	32635390	74833
chr21	31130468	31330468	harbor2	chr21	31131713	31132028	LTR/ERVL-MaLR	1575	+	158	31131871	1403
chr21	31130468	31330468	harbor2	chr21	31148208	31148538	LTR/ERVL-MaLR	2194	+	165	31148373	17905
chr21	31130468	31330468	harbor2	chr21	31165287	31165663	LTR/ERVL-MaLR	1591	+	188	31165475	35007
chr21	31130468	31330468	harbor2	chr21	31171696	31172096	LTR/ERVL-MaLR	822	+	200	31171896	41428
chr21	31130468	31330468	harbor2	chr21	31185721	31186072	LTR/ERVL-MaLR	1398	+	176	31185897	55429
chr21	31130468	31330468	harbor2	chr21	31192668	31193025	LTR/ERVL-MaLR	936	+	178	31192846	62378
chr21	31130468	31330468	harbor2	chr21	31218642	31218960	LTR/ERVL-MaLR	458	+	159	31218801	88333
chr22	20838466	21038466	harbor2	chr22	20841615	20841933	LTR/ERVL-MaLR	2095	+	159	20841774	3308
chr22	20838466	21038466	harbor2	chr22	20842258	20842437	LTR/ERVL-MaLR	2095	+	90	20842348	3882
chr22	20838466	21038466	harbor2	chr22	20852345	20852524	LTR/ERVL-MaLR	830	+	90	20852435	13969
chr22	20838466	21038466	harbor2	chr22	20881799	20882263	LTR/ERVL-MaLR	1925	+	232	20882031	43565
chr22	20838466	21038466	harbor2	chr22	20905876	20906027	LTR/ERVL-MaLR	464	+	76	20905952	67486
chr22	46862547	47062547	harbor2	chr22	46956131	46956299	LTR/ERVL-MaLR	949	+	84	46956215	93668
chr22	39677995	39877995	harbor2	chr22	39695469	39695872	LTR/ERVL-MaLR	900	+	202	39695671	17676
chr22	39677995	39877995	harbor2	chr22	39729390	39729844	LTR/ERVL-MaLR	1112	+	227	39729617	51622
chr22	39677995	39877995	harbor2	chr22	39757729	39758075	LTR/ERVL-MaLR	2379	+	173	39757902	79907
chr22	39677995	39877995	harbor2	chr22	39731122	39731409	LTR/ERVL-MaLR	1186	+	144	39731266	53271
chr22	49635739	49835739	harbor2	chr22	49691124	49691470	LTR/ERVL-MaLR	1025	+	173	49691297	55558
chr22	49635739	49835739	harbor2	chr22	49700474	49700838	LTR/ERVL-MaLR	2408	+	182	49700656	64917
chr22	49635739	49835739	harbor2	chr22	49723986	49724419	LTR/ERVL-MaLR	931	+	216	49724202	88463
chr22	49635739	49835739	harbor2	chr22	49733895	49734275	LTR/ERVL-MaLR	674	+	190	49734085	98346
chr22	43470625	43670625	harbor2	chr22	43513447	43513610	LTR/ERVL-MaLR	630	+	82	43513529	42904
chr22	43470625	43670625	harbor2	chr22	43529413	43529895	LTR/ERVL-MaLR	1501	+	241	43529654	59029
chr22	43470625	43670625	harbor2	chr22	43534083	43534451	LTR/ERVL-MaLR	2313	+	184	43534267	63642
chr22	43470625	43670625	harbor2	chr22	43544668	43544790	LTR/ERVL-MaLR	437	+	61	43544729	74104
chr22	45710349	45910349	harbor2	chr22	45741181	45741684	LTR/ERVL-MaLR	562	+	252	45741433	31084
chr22	45710349	45910349	harbor2	chr22	45760774	45760868	LTR/ERVL-MaLR	468	+	47	45760821	50472
chr22	45710349	45910349	harbor2	chr22	45799306	45799756	LTR/ERVL-MaLR	2594	+	225	45799531	89182
chr22	46331044	46531044	harbor2	chr22	46411943	46412336	LTR/ERVL-MaLR	1059	+	196	46412139	81095
chr22	46331044	46531044	harbor2	chr22	46426623	46426973	LTR/ERVL-MaLR	1373	+	175	46426798	95754
chr22	46331044	46531044	harbor2	chr22	46382978	46383175	LTR/ERVL-MaLR	927	+	98	46383076	52032
chr22	16621610	16821610	harbor2	chr22	16626644	16627038	LTR/ERVL-MaLR	2188	+	197	16626841	5231
chr22	16621610	16821610	harbor2	chr22	16716315	16716812	LTR/ERVL-MaLR	1932	+	248	16716563	94953
chr22	49782793	49982793	harbor2	chr22	49835273	49835387	LTR/ERVL-MaLR	575	+	57	49835330	52537
chr22	49782793	49982793	harbor2	chr22	49836222	49836521	LTR/ERVL-MaLR	1025	+	150	49836372	53579
chr22	47083476	47283476	harbor2	chr22	47100462	47100807	LTR/ERVL-MaLR	2134	+	172	47100634	17158
chr22	47083476	47283476	harbor2	chr22	47178770	47179139	LTR/ERVL-MaLR	2205	+	184	47178954	95478
chr22	29739598	29939598	harbor2	chr22	29749643	29750017	LTR/ERVL-MaLR	2573	+	187	29749830	10232
chr22	29739598	29939598	harbor2	chr22	29757576	29757739	LTR/ERVL-MaLR	1712	+	82	29757658	18060
chr22	29739598	29939598	harbor2	chr22	29758030	29758333	LTR/ERVL-MaLR	1712	+	152	29758182	18584
chr22	29739598	29939598	harbor2	chr22	29770642	29770996	LTR/ERVL-MaLR	2434	+	177	29770819	31221
chr22	27639704	27839704	harbor2	chr22	27656550	27656905	LTR/ERVL-MaLR	1177	+	178	27656728	17024
chr22	27639704	27839704	harbor2	chr22	27677387	27677832	LTR/ERVL-MaLR	1540	+	222	27677609	37905
chr22	27639704	27839704	harbor2	chr22	27688108	27688480	LTR/ERVL-MaLR	1182	+	186	27688294	48590
chr22	27639704	27839704	harbor2	chr22	27692119	27692622	LTR/ERVL-MaLR	2700	+	252	27692371	52667
chr22	27639704	27839704	harbor2	chr22	27708911	27709293	LTR/ERVL-MaLR	1883	+	191	27709102	69398
chr22	27639704	27839704	harbor2	chr22	27709820	27710122	LTR/ERVL-MaLR	835	+	151	27709971	70267
chr22	27639704	27839704	harbor2	chr22	27712017	27712097	LTR/ERVL-MaLR	914	+	40	27712057	72353
chr22	27639704	27839704	harbor2	chr22	27712393	27712736	LTR/ERVL-MaLR	914	+	172	27712565	72861
chr22	27639704	27839704	harbor2	chr22	27722432	27722804	LTR/ERVL-MaLR	1662	+	186	27722618	82914
chr22	28734601	28934601	harbor2	chr22	28760724	28760832	LTR/ERVL-MaLR	586	+	54	28760778	26177
chr22	28734601	28934601	harbor2	chr22	28808052	28808263	LTR/ERVL-MaLR	576	+	106	28808158	73557
chr22	44458426	44658426	harbor2	chr22	44472195	44472571	LTR/ERVL-MaLR	1955	+	188	44472383	13957
chr22	44458426	44658426	harbor2	chr22	44472572	44474014	LTR/ERVL-MaLR	4812	+	721	44473293	14867
chr22	44458426	44658426	harbor2	chr22	44474151	44474510	LTR/ERVL-MaLR	1905	+	180	44474331	15905
chr22	44458426	44658426	harbor2	chr22	44474517	44474875	LTR/ERVL-MaLR	1991	+	179	44474696	16270
chr22	44458426	44658426	harbor2	chr22	44499363	44499544	LTR/ERVL-MaLR	1722	+	90	44499453	41027
chr22	44458426	44658426	harbor2	chr22	44499851	44500000	LTR/ERVL-MaLR	1722	+	74	44499925	41499
chr22	44458426	44658426	harbor2	chr22	44505882	44506309	LTR/ERVL-MaLR	2089	+	214	44506096	47670
chr22	46484342	46684342	harbor2	chr22	46493580	46493943	LTR/ERVL-MaLR	2665	+	182	46493762	9420
chr22	46484342	46684342	harbor2	chr22	46552334	46552766	LTR/ERVL-MaLR	1271	+	216	46552550	68208
chr22	46484342	46684342	harbor2	chr22	46552971	46553392	LTR/ERVL-MaLR	807	+	210	46553181	68839
chr22	34816010	35016010	harbor2	chr22	34842981	34843343	LTR/ERVL-MaLR	2084	+	181	34843162	27152
chr22	34816010	35016010	harbor2	chr22	34843346	34844862	LTR/ERVL-MaLR	9884	+	758	34844104	28094
chr22	34816010	35016010	harbor2	chr22	34844863	34845218	LTR/ERVL-MaLR	1900	+	178	34845041	29031
chr22	34816010	35016010	harbor2	chr22	34866169	34866540	LTR/ERVL-MaLR	2661	+	186	34866355	50345
chr22	34816010	35016010	harbor2	chr22	34885739	34886239	LTR/ERVL-MaLR	1061	+	250	34885989	69979
chr22	34816010	35016010	harbor2	chr22	34888795	34889180	LTR/ERVL-MaLR	2359	+	192	34888987	72977
chr22	34816010	35016010	harbor2	chr22	34889183	34890764	LTR/ERVL-MaLR	10352	+	790	34889973	73963
chr22	34816010	35016010	harbor2	chr22	34890765	34891151	LTR/ERVL-MaLR	2341	+	193	34890958	74948
chr22	34816010	35016010	harbor2	chr22	34898710	34898801	LTR/ERVL-MaLR	865	+	46	34898756	82746
chr22	34816010	35016010	harbor2	chr22	34898854	34899277	LTR/ERVL-MaLR	865	+	212	34899066	83056
chr22	34816010	35016010	harbor2	chr22	34906959	34907327	LTR/ERVL-MaLR	2306	+	184	34907143	91133
chr22	39154963	39354963	harbor2	chr22	39181736	39182034	LTR/ERVL-MaLR	1003	+	149	39181885	26922
chr22	39154963	39354963	harbor2	chr22	39182009	39182189	LTR/ERVL-MaLR	494	+	90	39182099	27136
chr22	39154963	39354963	harbor2	chr22	39186933	39186952	LTR/ERVL-MaLR	1860	+	10	39186943	31980
chr22	39154963	39354963	harbor2	chr22	39187266	39187536	LTR/ERVL-MaLR	1860	+	135	39187401	32438
chr22	39154963	39354963	harbor2	chr22	39187836	39187923	LTR/ERVL-MaLR	1860	+	44	39187880	32917
chr22	39154963	39354963	harbor2	chr22	39188319	39188353	LTR/ERVL-MaLR	1860	+	17	39188336	33373
chr22	39154963	39354963	harbor2	chr22	39211977	39212187	LTR/ERVL-MaLR	1128	+	105	39212082	57119
chr22	39154963	39354963	harbor2	chr22	39226166	39226601	LTR/ERVL-MaLR	633	+	218	39226384	71421
chr22	26071598	26271598	harbor2	chr22	26107564	26108027	LTR/ERVL-MaLR	1253	+	232	26107796	36198
chr22	26071598	26271598	harbor2	chr22	26111287	26111479	LTR/ERVL-MaLR	821	+	96	26111383	39785
chr22	26071598	26271598	harbor2	chr22	26111635	26111990	LTR/ERVL-MaLR	1798	+	178	26111813	40215
chr22	26071598	26271598	harbor2	chr22	26122351	26122522	LTR/ERVL-MaLR	669	+	86	26122437	50839
chr22	26071598	26271598	harbor2	chr22	26122802	26123015	LTR/ERVL-MaLR	669	+	106	26122908	51310
chr22	26071598	26271598	harbor2	chr22	26123201	26123449	LTR/ERVL-MaLR	2814	+	124	26123325	51727
chr22	26071598	26271598	harbor2	chr22	26123858	26124073	LTR/ERVL-MaLR	2814	+	108	26123966	52368
chr22	26071598	26271598	harbor2	chr22	26135223	26135682	LTR/ERVL-MaLR	2672	+	230	26135453	63855
chr22	26071598	26271598	harbor2	chr22	26143462	26143600	LTR/ERVL-MaLR	1270	+	69	26143531	71933
chr22	26071598	26271598	harbor2	chr22	26143903	26144305	LTR/ERVL-MaLR	1270	+	201	26144104	72506
chr22	26071598	26271598	harbor2	chr22	26145097	26145468	LTR/ERVL-MaLR	1339	+	186	26145283	73685
chr22	46127582	46327582	harbor2	chr22	46137664	46137824	LTR/ERVL-MaLR	718	+	80	46137744	10162
chr22	46127582	46327582	harbor2	chr22	46187770	46188266	LTR/ERVL-MaLR	1586	+	248	46188018	60436
chr22	11078144	11278144	harbor2	chr22	11120231	11120586	LTR/ERVL-MaLR	2440	+	178	11120409	42265
chr22	11078144	11278144	harbor2	chr22	11123148	11123271	LTR/ERVL-MaLR	839	+	62	11123210	45066
chr22	11078144	11278144	harbor2	chr22	11149731	11149896	LTR/ERVL-MaLR	2118	+	82	11149813	71669
chr22	11078144	11278144	harbor2	chr22	11150205	11150266	LTR/ERVL-MaLR	2118	+	30	11150235	72091
chr22	11078144	11278144	harbor2	chr22	11150642	11150908	LTR/ERVL-MaLR	2118	+	133	11150775	72631
chr22	11078144	11278144	harbor2	chr22	11151984	11152436	LTR/ERVL-MaLR	1088	+	226	11152210	74066
chr22	50322576	50522576	harbor2	chr22	50330754	50331068	LTR/ERVL-MaLR	1021	+	157	50330911	8335
chr22	50322576	50522576	harbor2	chr22	50362574	50362932	LTR/ERVL-MaLR	1140	+	179	50362753	40177
chr22	50322576	50522576	harbor2	chr22	50378599	50378680	LTR/ERVL-MaLR	480	+	40	50378639	56063
chr22	50322576	50522576	harbor2	chr22	50378901	50379179	LTR/ERVL-MaLR	1399	+	139	50379040	56464
chr22	23631512	23831512	harbor2	chr22	23636562	23636769	LTR/ERVL-MaLR	558	+	104	23636666	5154
chr22	23631512	23831512	harbor2	chr22	23636826	23637106	LTR/ERVL-MaLR	894	+	140	23636966	5454
chr22	23631512	23831512	harbor2	chr22	23661023	23661102	LTR/ERVL-MaLR	500	+	40	23661063	29551
chr22	23631512	23831512	harbor2	chr22	23661704	23661910	LTR/ERVL-MaLR	500	+	103	23661807	30295
chr22	23631512	23831512	harbor2	chr22	23721582	23721634	LTR/ERVL-MaLR	936	+	26	23721608	90096
chr22	23631512	23831512	harbor2	chr22	23722235	23722416	LTR/ERVL-MaLR	936	+	90	23722325	90813
chr22	23631512	23831512	harbor2	chr22	23727030	23727147	LTR/ERVL-MaLR	706	+	58	23727088	95576
chr22	23631512	23831512	harbor2	chr22	23727451	23727494	LTR/ERVL-MaLR	706	+	22	23727473	95961
chr22	23631512	23831512	harbor2	chr22	23727779	23728032	LTR/ERVL-MaLR	706	+	126	23727905	96393
chr22	49212447	49412447	harbor2	chr22	49257679	49257989	LTR/ERVL-MaLR	951	+	155	49257834	45387
chr22	49419511	49619511	harbor2	chr22	49484509	49484741	LTR/ERVL-MaLR	786	+	116	49484625	65114
chr22	49419511	49619511	harbor2	chr22	49485756	49486096	LTR/ERVL-MaLR	1203	+	170	49485926	66415
chr22	49419511	49619511	harbor2	chr22	49511340	49511567	LTR/ERVL-MaLR	1440	+	114	49511454	91943
chr22	49419511	49619511	harbor2	chr22	49512038	49512201	LTR/ERVL-MaLR	713	+	82	49512120	92609
chr22	49038479	49238479	harbor2	chr22	49053281	49053557	LTR/ERVL-MaLR	1132	+	138	49053419	14940
chr22	49038479	49238479	harbor2	chr22	49055926	49056271	LTR/ERVL-MaLR	1351	+	172	49056098	17619
chr22	49038479	49238479	harbor2	chr22	49086028	49086421	LTR/ERVL-MaLR	1951	+	196	49086224	47745
chr22	49038479	49238479	harbor2	chr22	49102690	49102810	LTR/ERVL-MaLR	543	+	60	49102750	64271
chr22	49038479	49238479	harbor2	chr22	49122198	49122380	LTR/ERVL-MaLR	2044	+	91	49122289	83810
chr22	49038479	49238479	harbor2	chr22	49122415	49122598	LTR/ERVL-MaLR	2044	+	92	49122507	84028
chr22	29388801	29588801	harbor2	chr22	29396171	29396518	LTR/ERVL-MaLR	1403	+	174	29396345	7544
chr22	34077678	34277678	harbor2	chr22	34077756	34078143	LTR/ERVL-MaLR	1547	+	194	34077950	272
chr22	34077678	34277678	harbor2	chr22	34090918	34091424	LTR/ERVL-MaLR	964	+	253	34091171	13493
chr22	34077678	34277678	harbor2	chr22	34092700	34092882	LTR/ERVL-MaLR	2116	+	91	34092791	15113
chr22	34077678	34277678	harbor2	chr22	34093174	34093362	LTR/ERVL-MaLR	2116	+	94	34093268	15590
chr22	34077678	34277678	harbor2	chr22	34093676	34093727	LTR/ERVL-MaLR	2116	+	26	34093702	16024
chr22	34077678	34277678	harbor2	chr22	34129601	34130101	LTR/ERVL-MaLR	1541	+	250	34129851	52173
chr22	34077678	34277678	harbor2	chr22	34135748	34135921	LTR/ERVL-MaLR	485	+	86	34135834	58156
chr22	34077678	34277678	harbor2	chr22	34146857	34147217	LTR/ERVL-MaLR	2613	+	180	34147037	69359
chr22	34077678	34277678	harbor2	chr22	34155039	34155357	LTR/ERVL-MaLR	809	+	159	34155198	77520
chr22	34077678	34277678	harbor2	chr22	34156493	34156935	LTR/ERVL-MaLR	1993	+	221	34156714	79036
chr22	34077678	34277678	harbor2	chr22	34174752	34175287	LTR/ERVL-MaLR	674	+	268	34175020	97342
chr22	46122650	46322650	harbor2	chr22	46137664	46137824	LTR/ERVL-MaLR	718	+	80	46137744	15094
chr22	46122650	46322650	harbor2	chr22	46187770	46188266	LTR/ERVL-MaLR	1586	+	248	46188018	65368
chr22	47804723	48004723	harbor2	chr22	47804776	47805065	LTR/ERVL-MaLR	698	+	144	47804920	197
chr22	47804723	48004723	harbor2	chr22	47811606	47811775	LTR/ERVL-MaLR	961	+	84	47811690	6967
chr22	47804723	48004723	harbor2	chr22	47812086	47812362	LTR/ERVL-MaLR	961	+	138	47812224	7501
chr22	47804723	48004723	harbor2	chr22	47823618	47823994	LTR/ERVL-MaLR	2568	+	188	47823806	19083
chr22	47804723	48004723	harbor2	chr22	47854932	47855265	LTR/ERVL-MaLR	1066	+	166	47855098	50375
chr22	47804723	48004723	harbor2	chr22	47889521	47889926	LTR/ERVL-MaLR	2383	+	202	47889723	85000
chr22	38925691	39125691	harbor2	chr22	38925857	38926211	LTR/ERVL-MaLR	1023	+	177	38926034	343
chr22	38925691	39125691	harbor2	chr22	38931761	38931801	LTR/ERVL-MaLR	1605	+	20	38931781	6090
chr22	38925691	39125691	harbor2	chr22	38932101	38932120	LTR/ERVL-MaLR	1605	+	10	38932111	6420
chr22	38925691	39125691	harbor2	chr22	38932148	38932430	LTR/ERVL-MaLR	1605	+	141	38932289	6598
chr22	35685226	35885226	harbor2	chr22	35771072	35771577	LTR/ERVL-MaLR	2498	+	252	35771324	86098
chr22	41063812	41263812	harbor2	chr22	41073434	41073557	LTR/ERVL-MaLR	575	+	62	41073496	9684
chr22	49722468	49922468	harbor2	chr22	49723986	49724419	LTR/ERVL-MaLR	931	+	216	49724202	1734
chr22	49722468	49922468	harbor2	chr22	49733895	49734275	LTR/ERVL-MaLR	674	+	190	49734085	11617
chr22	49722468	49922468	harbor2	chr22	49739399	49739749	LTR/ERVL-MaLR	2318	+	175	49739574	17106
chr22	49722468	49922468	harbor2	chr22	49739750	49740631	LTR/ERVL-MaLR	6431	+	440	49740190	17722
chr22	49722468	49922468	harbor2	chr22	49752395	49752910	LTR/ERVL-MaLR	961	+	258	49752653	30185
chr22	49722468	49922468	harbor2	chr22	49759132	49759277	LTR/ERVL-MaLR	755	+	72	49759204	36736
chr22	49722468	49922468	harbor2	chr22	49759284	49759420	LTR/ERVL-MaLR	841	+	68	49759352	36884
chr22	36576813	36776813	harbor2	chr22	36599837	36600230	LTR/ERVL-MaLR	1067	+	196	36600033	23220
chr22	36576813	36776813	harbor2	chr22	36634144	36634554	LTR/ERVL-MaLR	980	+	205	36634349	57536
chr22	36576813	36776813	harbor2	chr22	36649607	36649970	LTR/ERVL-MaLR	2691	+	182	36649789	72976
chr22	31936344	32136344	harbor2	chr22	31988550	31988723	LTR/ERVL-MaLR	1938	+	86	31988636	52292
chr22	31936344	32136344	harbor2	chr22	31989037	31989264	LTR/ERVL-MaLR	1938	+	114	31989151	52807
chr22	31936344	32136344	harbor2	chr22	31991679	31991716	LTR/ERVL-MaLR	585	+	18	31991697	55353
chr22	31936344	32136344	harbor2	chr22	31992020	31992092	LTR/ERVL-MaLR	585	+	36	31992056	55712
chr22	31936344	32136344	harbor2	chr22	32015628	32015695	LTR/ERVL-MaLR	452	+	34	32015662	79318
chr22	38890321	39090321	harbor2	chr22	38914145	38914508	LTR/ERVL-MaLR	1991	+	182	38914327	24006
chr22	38890321	39090321	harbor2	chr22	38923940	38924185	LTR/ERVL-MaLR	519	+	122	38924062	33741
chr22	38890321	39090321	harbor2	chr22	38925857	38926211	LTR/ERVL-MaLR	1023	+	177	38926034	35713
chr22	38890321	39090321	harbor2	chr22	38931761	38931801	LTR/ERVL-MaLR	1605	+	20	38931781	41460
chr22	38890321	39090321	harbor2	chr22	38932101	38932120	LTR/ERVL-MaLR	1605	+	10	38932111	41790
chr22	38890321	39090321	harbor2	chr22	38932148	38932430	LTR/ERVL-MaLR	1605	+	141	38932289	41968
chr22	47353644	47553644	harbor2	chr22	47353584	47353946	LTR/ERVL-MaLR	1868	+	181	47353765	121
chr22	47353644	47553644	harbor2	chr22	47383031	47383385	LTR/ERVL-MaLR	2001	+	177	47383208	29564
chr22	47353644	47553644	harbor2	chr22	47394442	47394884	LTR/ERVL-MaLR	954	+	221	47394663	41019
chr22	47353644	47553644	harbor2	chr22	47398420	47398845	LTR/ERVL-MaLR	1030	+	212	47398632	44988
chr22	47353644	47553644	harbor2	chr22	47415616	47416059	LTR/ERVL-MaLR	661	+	222	47415838	62194
chr22	47353644	47553644	harbor2	chr22	47416455	47416805	LTR/ERVL-MaLR	1182	+	175	47416630	62986
chr22	47353644	47553644	harbor2	chr22	47416806	47418448	LTR/ERVL-MaLR	7339	+	821	47417627	63983
chr22	47353644	47553644	harbor2	chr22	47418449	47418773	LTR/ERVL-MaLR	1318	+	162	47418611	64967
chr22	47353644	47553644	harbor2	chr22	47433922	47434345	LTR/ERVL-MaLR	1331	+	212	47434134	80490
chr22	47353644	47553644	harbor2	chr22	47436548	47436966	LTR/ERVL-MaLR	2464	+	209	47436757	83113
chr22	47353644	47553644	harbor2	chr22	47449074	47449423	LTR/ERVL-MaLR	1929	+	174	47449248	95604
chr22	33912921	34112921	harbor2	chr22	33926553	33926876	LTR/ERVL-MaLR	1534	+	162	33926715	13794
chr22	33912921	34112921	harbor2	chr22	33928838	33928988	LTR/ERVL-MaLR	563	+	75	33928913	15992
chr22	33912921	34112921	harbor2	chr22	33929166	33929283	LTR/ERVL-MaLR	479	+	58	33929224	16303
chr22	33912921	34112921	harbor2	chr22	33944161	33944417	LTR/ERVL-MaLR	980	+	128	33944289	31368
chr22	33912921	34112921	harbor2	chr22	33944728	33944913	LTR/ERVL-MaLR	980	+	92	33944820	31899
chr22	33912921	34112921	harbor2	chr22	33950499	33950744	LTR/ERVL-MaLR	1883	+	122	33950621	37700
chr22	33912921	34112921	harbor2	chr22	33951054	33951186	LTR/ERVL-MaLR	1883	+	66	33951120	38199
chr22	33912921	34112921	harbor2	chr22	33957447	33957840	LTR/ERVL-MaLR	2284	+	196	33957643	44722
chr22	33912921	34112921	harbor2	chr22	33960151	33960442	LTR/ERVL-MaLR	1958	+	146	33960297	47376
chr22	33912921	34112921	harbor2	chr22	33960970	33961086	LTR/ERVL-MaLR	1958	+	58	33961028	48107
chr22	33912921	34112921	harbor2	chr22	33994914	33995263	LTR/ERVL-MaLR	2310	+	174	33995088	82167
chr22	33912921	34112921	harbor2	chr22	33998989	33999360	LTR/ERVL-MaLR	1346	+	186	33999175	86254
chr22	19568445	19768445	harbor2	chr22	19619837	19619930	LTR/ERVL-MaLR	1520	+	46	19619883	51438
chr22	19568445	19768445	harbor2	chr22	19620224	19620337	LTR/ERVL-MaLR	1520	+	56	19620280	51835
chr22	19568445	19768445	harbor2	chr22	19620627	19620847	LTR/ERVL-MaLR	1520	+	110	19620737	52292
chr22	19568445	19768445	harbor2	chr22	19630252	19630411	LTR/ERVL-MaLR	886	+	80	19630332	61887
chr22	19568445	19768445	harbor2	chr22	19634088	19634288	LTR/ERVL-MaLR	884	+	100	19634188	65743
chr22	19568445	19768445	harbor2	chr22	19650778	19651259	LTR/ERVL-MaLR	2269	+	240	19651018	82573
chr22	48977959	49177959	harbor2	chr22	48999848	49000000	LTR/ERVL-MaLR	720	+	76	48999924	21965
chr22	48977959	49177959	harbor2	chr22	49000008	49000284	LTR/ERVL-MaLR	1084	+	138	49000146	22187
chr22	48977959	49177959	harbor2	chr22	49053281	49053557	LTR/ERVL-MaLR	1132	+	138	49053419	75460
chr22	48977959	49177959	harbor2	chr22	49055926	49056271	LTR/ERVL-MaLR	1351	+	172	49056098	78139
chr22	22316213	22516213	harbor2	chr22	22342570	22342745	LTR/ERVL-MaLR	578	+	88	22342658	26445
chr22	44692581	44892581	harbor2	chr22	44709316	44709571	LTR/ERVL-MaLR	1267	+	128	44709444	16863
chr22	44692581	44892581	harbor2	chr22	44709876	44709969	LTR/ERVL-MaLR	1267	+	46	44709922	17341
chr22	38527245	38727245	harbor2	chr22	38588967	38589356	LTR/ERVL-MaLR	1460	+	194	38589161	61916
chr22	38527245	38727245	harbor2	chr22	38590443	38590664	LTR/ERVL-MaLR	500	+	110	38590553	63308
chr22	38527245	38727245	harbor2	chr22	38592472	38592799	LTR/ERVL-MaLR	806	+	164	38592636	65391
chr22	29478240	29678240	harbor2	chr22	29494179	29494217	LTR/ERVL-MaLR	2350	+	19	29494198	15958
chr22	29478240	29678240	harbor2	chr22	29494502	29495008	LTR/ERVL-MaLR	2350	+	253	29494755	16515
chr22	29478240	29678240	harbor2	chr22	29526588	29526693	LTR/ERVL-MaLR	623	+	52	29526640	48400
chr22	29478240	29678240	harbor2	chr22	29563578	29564029	LTR/ERVL-MaLR	1783	+	226	29563804	85564
chr22	31627822	31827822	harbor2	chr22	31649317	31649451	LTR/ERVL-MaLR	2530	+	67	31649384	21562
chr22	31627822	31827822	harbor2	chr22	31649764	31650104	LTR/ERVL-MaLR	2530	+	170	31649934	22112
chr22	31627822	31827822	harbor2	chr22	31654564	31654690	LTR/ERVL-MaLR	585	+	63	31654627	26805
chr22	31627822	31827822	harbor2	chr22	31654702	31654793	LTR/ERVL-MaLR	626	+	46	31654748	26926
chr22	31627822	31827822	harbor2	chr22	31655103	31655264	LTR/ERVL-MaLR	626	+	80	31655183	27361
chr22	37044680	37244680	harbor2	chr22	37113519	37113848	LTR/ERVL-MaLR	1423	+	164	37113683	69003
chr22	48402875	48602875	harbor2	chr22	48404837	48404958	LTR/ERVL-MaLR	535	+	60	48404897	2022
chr22	48402875	48602875	harbor2	chr22	48431860	48432192	LTR/ERVL-MaLR	962	+	166	48432026	29151
chr22	48402875	48602875	harbor2	chr22	48476240	48476662	LTR/ERVL-MaLR	942	+	211	48476451	73576
chr22	35393936	35593936	harbor2	chr22	35437220	35437633	LTR/ERVL-MaLR	985	+	206	35437426	43490
chr22	50249456	50449456	harbor2	chr22	50330754	50331068	LTR/ERVL-MaLR	1021	+	157	50330911	81455
chr22	36981680	37181680	harbor2	chr22	36989698	36990164	LTR/ERVL-MaLR	1049	+	233	36989931	8251
chr22	36981680	37181680	harbor2	chr22	36995649	36995888	LTR/ERVL-MaLR	1397	+	120	36995769	14089
chr22	36981680	37181680	harbor2	chr22	37004988	37005417	LTR/ERVL-MaLR	1195	+	214	37005202	23522
chr22	36981680	37181680	harbor2	chr22	37005419	37006723	LTR/ERVL-MaLR	1825	+	652	37006071	24391
chr22	36981680	37181680	harbor2	chr22	37006726	37007239	LTR/ERVL-MaLR	2185	+	256	37006982	25302
chr22	15252726	15452726	harbor2	chr22	15306575	15306946	LTR/ERVL-MaLR	1982	+	186	15306761	54035
chr22	15252726	15452726	harbor2	chr22	15307019	15308156	LTR/ERVL-MaLR	6847	+	568	15307587	54861
chr22	49178482	49378482	harbor2	chr22	49205885	49206220	LTR/ERVL-MaLR	1805	+	168	49206053	27571
chr22	49178482	49378482	harbor2	chr22	49257679	49257989	LTR/ERVL-MaLR	951	+	155	49257834	79352
chr22	24207152	24407152	harbor2	chr22	24215856	24215987	LTR/ERVL-MaLR	640	+	66	24215922	8770
chr22	24207152	24407152	harbor2	chr22	24215985	24216100	LTR/ERVL-MaLR	737	+	58	24216043	8891
chr22	24207152	24407152	harbor2	chr22	24216278	24216484	LTR/ERVL-MaLR	946	+	103	24216381	9229
chr22	24207152	24407152	harbor2	chr22	24226809	24226942	LTR/ERVL-MaLR	656	+	66	24226875	19723
chr22	24207152	24407152	harbor2	chr22	24227547	24227766	LTR/ERVL-MaLR	656	+	110	24227657	20505
chr22	24207152	24407152	harbor2	chr22	24230804	24230965	LTR/ERVL-MaLR	767	+	80	24230884	23732
chrX	111769321	111969321	harbor2	chrX	111828207	111828568	LTR/ERVL-MaLR	2285	+	180	111828387	59066
chrX	111769321	111969321	harbor2	chrX	111828569	111829022	LTR/ERVL-MaLR	10243	+	226	111828795	59474
chrX	111769321	111969321	harbor2	chrX	111829327	111830458	LTR/ERVL-MaLR	10243	+	566	111829893	60572
chrX	111769321	111969321	harbor2	chrX	111830459	111830826	LTR/ERVL-MaLR	1861	+	184	111830643	61322
chrX	111769321	111969321	harbor2	chrX	111855206	111855560	LTR/ERVL-MaLR	850	+	177	111855383	86062
chrX	89769659	89969659	harbor2	chrX	89770408	89770827	LTR/ERVL-MaLR	1451	+	210	89770618	959
chrX	89769659	89969659	harbor2	chrX	89771429	89771838	LTR/ERVL-MaLR	1258	+	204	89771633	1974
chrX	89769659	89969659	harbor2	chrX	89779512	89779830	LTR/ERVL-MaLR	836	+	159	89779671	10012
chrX	89769659	89969659	harbor2	chrX	89797054	89797424	LTR/ERVL-MaLR	1478	+	185	89797239	27580
chrX	89769659	89969659	harbor2	chrX	89797428	89798092	LTR/ERVL-MaLR	5468	+	332	89797760	28101
chrX	89769659	89969659	harbor2	chrX	89798403	89799457	LTR/ERVL-MaLR	5468	+	527	89798930	29271
chrX	89769659	89969659	harbor2	chrX	89799458	89799763	LTR/ERVL-MaLR	1087	+	152	89799610	29951
chrX	79962607	80162607	harbor2	chrX	79971028	79971393	LTR/ERVL-MaLR	1931	+	182	79971210	8603
chrX	79962607	80162607	harbor2	chrX	79971395	79972972	LTR/ERVL-MaLR	11151	+	788	79972183	9576
chrX	79962607	80162607	harbor2	chrX	79972973	79973337	LTR/ERVL-MaLR	2135	+	182	79973155	10548
chrX	79962607	80162607	harbor2	chrX	79996063	79996393	LTR/ERVL-MaLR	1627	+	165	79996228	33621
chrX	132815020	133015020	harbor2	chrX	132900748	132901333	LTR/ERVL-MaLR	2430	+	292	132901040	86020
chrX	132815020	133015020	harbor2	chrX	132906502	132906679	LTR/ERVL-MaLR	1973	+	88	132906590	91570
chrX	132815020	133015020	harbor2	chrX	132906965	132907207	LTR/ERVL-MaLR	1973	+	121	132907086	92066
chrX	130532246	130732246	harbor2	chrX	130556948	130557426	LTR/ERVL-MaLR	2037	+	239	130557187	24941
chrX	130532246	130732246	harbor2	chrX	130564271	130564287	LTR/ERVL-MaLR	651	+	8	130564279	32033
chrX	130532246	130732246	harbor2	chrX	130564585	130564950	LTR/ERVL-MaLR	651	+	182	130564767	32521
chrX	130532246	130732246	harbor2	chrX	130567306	130567666	LTR/ERVL-MaLR	1651	+	180	130567486	35240
chrX	130532246	130732246	harbor2	chrX	130585217	130585830	LTR/ERVL-MaLR	2670	+	306	130585523	53277
chrX	130532246	130732246	harbor2	chrX	130601463	130601941	LTR/ERVL-MaLR	1624	+	239	130601702	69456
chrX	130532246	130732246	harbor2	chrX	130601976	130602408	LTR/ERVL-MaLR	991	+	216	130602192	69946
chrX	130532246	130732246	harbor2	chrX	130610041	130610417	LTR/ERVL-MaLR	1817	+	188	130610229	77983
chrX	130532246	130732246	harbor2	chrX	130615580	130615966	LTR/ERVL-MaLR	1655	+	193	130615773	83527
chrX	121434567	121634567	harbor2	chrX	121460553	121460921	LTR/ERVL-MaLR	2235	+	184	121460737	26170
chrX	121434567	121634567	harbor2	chrX	121460922	121461127	LTR/ERVL-MaLR	1437	+	102	121461024	26457
chrX	121434567	121634567	harbor2	chrX	121479513	121479781	LTR/ERVL-MaLR	1824	+	134	121479647	45080
chrX	121434567	121634567	harbor2	chrX	121479784	121481353	LTR/ERVL-MaLR	9531	+	784	121480568	46001
chrX	121434567	121634567	harbor2	chrX	121500171	121500773	LTR/ERVL-MaLR	1994	+	301	121500472	65905
chrX	142711940	142911940	harbor2	chrX	142758933	142759359	LTR/ERVL-MaLR	2547	+	213	142759146	47206
chrX	142711940	142911940	harbor2	chrX	142804958	142805356	LTR/ERVL-MaLR	2226	+	199	142805157	93217
chrX	130681148	130881148	harbor2	chrX	130686145	130686561	LTR/ERVL-MaLR	2602	+	208	130686353	5205
chrX	130681148	130881148	harbor2	chrX	130693677	130694199	LTR/ERVL-MaLR	1557	+	261	130693938	12790
chrX	130681148	130881148	harbor2	chrX	130776301	130776706	LTR/ERVL-MaLR	2494	+	202	130776503	95355
chrX	101625919	101825919	harbor2	chrX	101641469	101641887	LTR/ERVL-MaLR	991	+	209	101641678	15759
chrX	101625919	101825919	harbor2	chrX	101643815	101643992	LTR/ERVL-MaLR	531	+	88	101643903	17984
chrX	101625919	101825919	harbor2	chrX	101669616	101669980	LTR/ERVL-MaLR	1890	+	182	101669798	43879
chrX	101625919	101825919	harbor2	chrX	101697731	101698151	LTR/ERVL-MaLR	2445	+	210	101697941	72022
chrX	101625919	101825919	harbor2	chrX	101722129	101722502	LTR/ERVL-MaLR	1612	+	186	101722315	96396
chrX	149082167	149282167	harbor2	chrX	149093488	149093948	LTR/ERVL-MaLR	2334	+	230	149093718	11551
chrX	149082167	149282167	harbor2	chrX	149099829	149100392	LTR/ERVL-MaLR	2007	+	282	149100111	17944
chrX	149082167	149282167	harbor2	chrX	149123692	149124060	LTR/ERVL-MaLR	1969	+	184	149123876	41709
chrX	149082167	149282167	harbor2	chrX	149128136	149128499	LTR/ERVL-MaLR	1915	+	182	149128318	46151
chrX	149082167	149282167	harbor2	chrX	149137236	149137579	LTR/ERVL-MaLR	1297	+	172	149137408	55241
chrX	149082167	149282167	harbor2	chrX	149142356	149142784	LTR/ERVL-MaLR	1147	+	214	149142570	60403
chrX	149082167	149282167	harbor2	chrX	149170318	149170737	LTR/ERVL-MaLR	2144	+	210	149170528	88361
chrX	128363396	128563396	harbor2	chrX	128365091	128365506	LTR/ERVL-MaLR	660	+	208	128365299	1903
chrX	128363396	128563396	harbor2	chrX	128394012	128394387	LTR/ERVL-MaLR	2271	+	188	128394200	30804
chrX	136968343	137168343	harbor2	chrX	137065136	137065699	LTR/ERVL-MaLR	3033	+	282	137065418	97075
chrX	136769059	136969059	harbor2	chrX	136805390	136805441	LTR/ERVL-MaLR	975	+	26	136805416	36357
chrX	136769059	136969059	harbor2	chrX	136805992	136806120	LTR/ERVL-MaLR	975	+	64	136806056	36997
chrX	136769059	136969059	harbor2	chrX	136835918	136836286	LTR/ERVL-MaLR	2235	+	184	136836102	67043
chrX	136769059	136969059	harbor2	chrX	136842502	136842695	LTR/ERVL-MaLR	1756	+	96	136842598	73539
chrX	136769059	136969059	harbor2	chrX	136842989	136843238	LTR/ERVL-MaLR	1756	+	124	136843113	74054
chrX	136769059	136969059	harbor2	chrX	136843535	136843673	LTR/ERVL-MaLR	1756	+	69	136843604	74545
chrX	45571090	45771090	harbor2	chrX	45575980	45576395	LTR/ERVL-MaLR	2608	+	208	45576188	5098
chrX	45571090	45771090	harbor2	chrX	45582492	45582971	LTR/ERVL-MaLR	990	+	240	45582732	11642
chrX	45571090	45771090	harbor2	chrX	45603373	45603540	LTR/ERVL-MaLR	774	+	84	45603457	32367
chrX	45571090	45771090	harbor2	chrX	45603626	45603747	LTR/ERVL-MaLR	774	+	60	45603686	32596
chrX	45571090	45771090	harbor2	chrX	45617911	45618305	LTR/ERVL-MaLR	2018	+	197	45618108	47018
chrX	45571090	45771090	harbor2	chrX	45634722	45635095	LTR/ERVL-MaLR	2529	+	186	45634908	63818
chrX	45571090	45771090	harbor2	chrX	45642631	45642984	LTR/ERVL-MaLR	1724	+	176	45642807	71717
chrX	45571090	45771090	harbor2	chrX	45647265	45647635	LTR/ERVL-MaLR	1653	+	185	45647450	76360
chrX	45571090	45771090	harbor2	chrX	45649183	45649587	LTR/ERVL-MaLR	1002	+	202	45649385	78295
chrX	45571090	45771090	harbor2	chrX	45656876	45657003	LTR/ERVL-MaLR	848	+	64	45656940	85850
chrX	45571090	45771090	harbor2	chrX	45657004	45657436	LTR/ERVL-MaLR	3152	+	216	45657220	86130
chrX	45571090	45771090	harbor2	chrX	45658330	45659484	LTR/ERVL-MaLR	7569	+	577	45658907	87817
chrX	45571090	45771090	harbor2	chrX	45659485	45659833	LTR/ERVL-MaLR	2133	+	174	45659659	88569
chrX	45571090	45771090	harbor2	chrX	45660589	45660816	LTR/ERVL-MaLR	1189	+	114	45660703	89613
chrX	83990181	84190181	harbor2	chrX	83993820	83993986	LTR/ERVL-MaLR	1004	+	83	83993903	3722
chrX	83990181	84190181	harbor2	chrX	84052674	84052916	LTR/ERVL-MaLR	1898	+	121	84052795	62614
chrX	83990181	84190181	harbor2	chrX	84052919	84053205	LTR/ERVL-MaLR	1902	+	143	84053062	62881
chrX	83990181	84190181	harbor2	chrX	84053235	84053289	LTR/ERVL-MaLR	1902	+	27	84053262	63081
chrX	83990181	84190181	harbor2	chrX	84053308	84053438	LTR/ERVL-MaLR	571	+	65	84053373	63192
chrX	83990181	84190181	harbor2	chrX	84053613	84053938	LTR/ERVL-MaLR	571	+	162	84053775	63594
