H_chr	H_start	H_end	Harbor	TE_chr	TE_start	TE_end	TE	score	TE_strand	TE_half	TE_middle_pos	TE_dis
chr1	239725062	239925062	harbor2	chr1	239750499	239750891	LTR/ERV1	2366	+	196	239750695	25633
chr1	240053088	240253088	harbor2	chr1	240054214	240054842	LTR/ERV1	4154	+	314	240054528	1440
chr1	240053088	240253088	harbor2	chr1	240061780	240062000	LTR/ERV1	524	+	110	240061890	8802
chr1	240053088	240253088	harbor2	chr1	240063753	240063834	LTR/ERV1	983	+	40	240063793	10705
chr1	240053088	240253088	harbor2	chr1	240063864	240064007	LTR/ERV1	983	+	72	240063936	10848
chr1	240053088	240253088	harbor2	chr1	240065962	240066424	LTR/ERV1	3980	+	231	240066193	13105
chr1	173169202	173369202	harbor2	chr1	173242952	173243548	LTR/ERV1	3282	+	298	173243250	74048
chr1	193404752	193604752	harbor2	chr1	193490073	193490400	LTR/ERV1	563	+	164	193490237	85485
chr1	204668520	204868520	harbor2	chr1	204751965	204752739	LTR/ERV1	6162	+	387	204752352	83832
chr1	204668520	204868520	harbor2	chr1	204752775	204753099	LTR/ERV1	6162	+	162	204752937	84417
chr1	204668520	204868520	harbor2	chr1	204754769	204755356	LTR/ERV1	876	+	294	204755063	86543
chr1	180421925	180621925	harbor2	chr1	180434021	180434717	LTR/ERV1	4084	+	348	180434369	12444
chr1	180421925	180621925	harbor2	chr1	180504930	180505240	LTR/ERV1	990	+	155	180505085	83160
chr1	180421925	180621925	harbor2	chr1	180505252	180505499	LTR/ERV1	1681	+	124	180505376	83451
chr1	180421925	180621925	harbor2	chr1	180505494	180505579	LTR/ERV1	1752	+	42	180505536	83611
chr1	180421925	180621925	harbor2	chr1	180505884	180506116	LTR/ERV1	1752	+	116	180506000	84075
chr1	180421925	180621925	harbor2	chr1	180506160	180506406	LTR/ERV1	1332	+	123	180506283	84358
chr1	180421925	180621925	harbor2	chr1	180508433	180509814	LTR/ERV1	8102	+	690	180509123	87198
chr1	180421925	180621925	harbor2	chr1	180513494	180513921	LTR/ERV1	2610	+	214	180513708	91783
chr1	180421925	180621925	harbor2	chr1	180436976	180437143	LTR/ERV1	937	+	84	180437060	15135
chr1	238928802	239128802	harbor2	chr1	238928486	238929025	LTR/ERV1	2726	+	270	238928756	46
chr1	238928802	239128802	harbor2	chr1	238982802	238983325	LTR/ERV1	1938	+	262	238983064	54262
chr1	245997606	246197606	harbor2	chr1	246014726	246015297	LTR/ERV1	1554	+	286	246015012	17406
chr1	245997606	246197606	harbor2	chr1	246078221	246078517	LTR/ERV1	909	+	148	246078369	80763
chr1	245997606	246197606	harbor2	chr1	246081977	246082684	LTR/ERV1	4179	+	354	246082331	84725
chr1	245997606	246197606	harbor2	chr1	246083637	246083681	LTR/ERV1	4179	+	22	246083659	86053
chr1	245997606	246197606	harbor2	chr1	246083918	246084197	LTR/ERV1	795	+	140	246084058	86452
chr1	245997606	246197606	harbor2	chr1	246084510	246084701	LTR/ERV1	795	+	96	246084606	87000
chr1	245997606	246197606	harbor2	chr1	246085325	246085764	LTR/ERV1	649	+	220	246085545	87939
chr1	245997606	246197606	harbor2	chr1	246090453	246090505	LTR/ERV1	929	+	26	246090479	92873
chr1	245997606	246197606	harbor2	chr1	246090816	246090939	LTR/ERV1	929	+	62	246090878	93272
chr1	245997606	246197606	harbor2	chr1	246090955	246091395	LTR/ERV1	2291	+	220	246091175	93569
chr1	245997606	246197606	harbor2	chr1	246091396	246091490	LTR/ERV1	459	+	47	246091443	93837
chr1	244363444	244563444	harbor2	chr1	244453356	244453501	LTR/ERV1	1086	+	72	244453428	89984
chr1	244363444	244563444	harbor2	chr1	244453502	244459080	LTR/ERV1	42460	+	2789	244456291	92847
chr1	244363444	244563444	harbor2	chr1	244459377	244459994	LTR/ERV1	42460	+	308	244459685	96241
chr1	244363444	244563444	harbor2	chr1	244460009	244460586	LTR/ERV1	4191	+	288	244460297	96853
chr1	191744002	191944002	harbor2	chr1	191815180	191815928	LTR/ERV1	3861	+	374	191815554	71552
chr1	207031304	207231304	harbor2	chr1	207087096	207087360	LTR/ERV1	949	+	132	207087228	55924
chr1	240849580	241049580	harbor2	chr1	240892533	240892901	LTR/ERV1	2119	+	184	240892717	43137
chr1	240849580	241049580	harbor2	chr1	240936794	240937368	LTR/ERV1	3726	+	287	240937081	87501
chr1	240849580	241049580	harbor2	chr1	240939566	240939788	LTR/ERV1	3095	+	111	240939677	90097
chr1	240849580	241049580	harbor2	chr1	240940086	240940436	LTR/ERV1	3095	+	175	240940261	90681
chr1	231931002	232131002	harbor2	chr1	231955978	231956431	LTR/ERV1	2186	+	226	231956204	25202
chr1	194769394	194969394	harbor2	chr1	194819517	194819736	LTR/ERV1	592	+	110	194819627	50233
chr1	194769394	194969394	harbor2	chr1	194858883	194860246	LTR/ERV1	9111	+	682	194859565	90171
chr1	237772572	237972572	harbor2	chr1	237868753	237869412	LTR/ERV1	3510	+	330	237869083	96511
chr1	16590078	16790078	harbor2	chr1	16667986	16668531	LTR/ERV1	3509	+	272	16668258	78180
chr1	16590078	16790078	harbor2	chr1	16674777	16675682	LTR/ERV1	4973	+	452	16675229	85151
chr1	149124647	149324647	harbor2	chr1	149170451	149170872	LTR/ERV1	597	+	210	149170661	46014
chr1	149124647	149324647	harbor2	chr1	149170913	149172623	LTR/ERV1	8205	+	855	149171768	47121
chr1	149124647	149324647	harbor2	chr1	149172923	149173746	LTR/ERV1	8205	+	412	149173335	48688
chr1	187609479	187809479	harbor2	chr1	187624921	187625300	LTR/ERV1	1218	+	190	187625111	15632
chr1	187609479	187809479	harbor2	chr1	187627677	187628166	LTR/ERV1	909	+	244	187627921	18442
chr1	187609479	187809479	harbor2	chr1	187630702	187631191	LTR/ERV1	3125	+	244	187630946	21467
chr1	187609479	187809479	harbor2	chr1	187631192	187632130	LTR/ERV1	2413	+	469	187631661	22182
chr1	187609479	187809479	harbor2	chr1	187635598	187635712	LTR/ERV1	12059	+	57	187635655	26176
chr1	187609479	187809479	harbor2	chr1	187635998	187638805	LTR/ERV1	12059	+	1404	187637402	27923
chr1	187609479	187809479	harbor2	chr1	187638806	187639303	LTR/ERV1	3335	+	248	187639054	29575
chr1	187609479	187809479	harbor2	chr1	187641124	187641443	LTR/ERV1	1605	+	160	187641284	31805
chr1	187609479	187809479	harbor2	chr1	187641444	187642121	LTR/ERV1	3182	+	338	187641782	32303
chr1	187609479	187809479	harbor2	chr1	187642151	187643633	LTR/ERV1	5526	+	741	187642892	33413
chr1	187609479	187809479	harbor2	chr1	187703433	187704854	LTR/ERV1	10226	+	710	187704143	94664
chr1	240690402	240890402	harbor2	chr1	240725424	240725681	LTR/ERV1	4471	+	128	240725552	35150
chr1	240690402	240890402	harbor2	chr1	240726002	240726497	LTR/ERV1	4471	+	248	240726250	35848
chr1	240690402	240890402	harbor2	chr1	240773819	240774185	LTR/ERV1	1068	+	183	240774002	83600
chr1	240690402	240890402	harbor2	chr1	240774478	240774581	LTR/ERV1	1068	+	52	240774530	84128
chr1	240690402	240890402	harbor2	chr1	240762308	240763695	LTR/ERV1	10253	+	694	240763002	72600
chr1	224191991	224391991	harbor2	chr1	224206640	224206756	LTR/ERV1	2301	+	58	224206698	14707
chr1	224191991	224391991	harbor2	chr1	224207051	224207279	LTR/ERV1	2301	+	114	224207165	15174
chr1	224191991	224391991	harbor2	chr1	224207579	224207589	LTR/ERV1	2301	+	5	224207584	15593
chr1	224191991	224391991	harbor2	chr1	224207905	224208103	LTR/ERV1	2301	+	99	224208004	16013
chr1	152478790	152678790	harbor2	chr1	152540772	152541448	LTR/ERV1	763	+	338	152541110	62320
chr1	152478790	152678790	harbor2	chr1	152543309	152544104	LTR/ERV1	5180	+	398	152543707	64917
chr1	152478790	152678790	harbor2	chr1	152572004	152572451	LTR/ERV1	580	+	224	152572228	93438
chr1	152478790	152678790	harbor2	chr1	152534760	152535404	LTR/ERV1	4110	+	322	152535082	56292
chr1	230709504	230909504	harbor2	chr1	230720469	230721103	LTR/ERV1	4012	+	317	230720786	11282
chr1	230709504	230909504	harbor2	chr1	230729310	230729782	LTR/ERV1	2628	+	236	230729546	20042
chr1	230709504	230909504	harbor2	chr1	230729788	230729874	LTR/ERV1	458	+	43	230729831	20327
chr1	230709504	230909504	harbor2	chr1	230730374	230730523	LTR/ERV1	848	+	74	230730448	20944
chr1	230709504	230909504	harbor2	chr1	230730556	230730784	LTR/ERV1	1141	+	114	230730670	21166
chr1	230709504	230909504	harbor2	chr1	230730805	230731257	LTR/ERV1	1985	+	226	230731031	21527
chr1	173238349	173438349	harbor2	chr1	173242952	173243548	LTR/ERV1	3282	+	298	173243250	4901
chr1	191379444	191579444	harbor2	chr1	191382154	191382236	LTR/ERV1	3095	+	41	191382195	2751
chr1	191379444	191579444	harbor2	chr1	191382901	191383272	LTR/ERV1	3095	+	186	191383087	3643
chr1	191379444	191579444	harbor2	chr1	191383490	191384041	LTR/ERV1	4008	+	276	191383766	4322
chr1	191379444	191579444	harbor2	chr1	191467801	191468530	LTR/ERV1	3801	+	364	191468165	88721
chr1	191379444	191579444	harbor2	chr1	191470515	191471392	LTR/ERV1	4337	+	438	191470953	91509
chr1	191379444	191579444	harbor2	chr1	191381028	191381820	LTR/ERV1	5356	+	396	191381424	1980
chr1	48196763	48396763	harbor2	chr1	48197133	48197231	LTR/ERV1	495	+	49	48197182	419
chr1	48196763	48396763	harbor2	chr1	48250700	48251041	LTR/ERV1	2107	+	170	48250870	54107
chr1	225041215	225241215	harbor2	chr1	225053976	225054389	LTR/ERV1	801	+	206	225054182	12967
chr1	225041215	225241215	harbor2	chr1	225119851	225119972	LTR/ERV1	475	+	60	225119911	78696
chr1	225041215	225241215	harbor2	chr1	225120700	225120732	LTR/ERV1	475	+	16	225120716	79501
chr1	246720650	246920650	harbor2	chr1	246813214	246813608	LTR/ERV1	2671	+	197	246813411	92761
chr1	196795554	196995554	harbor2	chr1	196808619	196810112	LTR/ERV1	8653	+	746	196809365	13811
chr1	196795554	196995554	harbor2	chr1	196866175	196866714	LTR/ERV1	1546	+	270	196866445	70891
chr1	196795554	196995554	harbor2	chr1	196867358	196867906	LTR/ERV1	1476	+	274	196867632	72078
chr1	196795554	196995554	harbor2	chr1	196867915	196868013	LTR/ERV1	490	+	49	196867964	72410
chr1	196795554	196995554	harbor2	chr1	196869192	196869712	LTR/ERV1	533	+	260	196869452	73898
chr1	196795554	196995554	harbor2	chr1	196870846	196873668	LTR/ERV1	1683	+	1411	196872257	76703
chr1	196795554	196995554	harbor2	chr1	196875557	196875834	LTR/ERV1	642	+	138	196875695	80141
chr1	196795554	196995554	harbor2	chr1	196876100	196876420	LTR/ERV1	1591	+	160	196876260	80706
chr1	183072411	183272411	harbor2	chr1	183089793	183090230	LTR/ERV1	1725	+	218	183090011	17600
chr1	236049308	236249308	harbor2	chr1	236125257	236125294	LTR/ERV1	3062	+	18	236125275	75967
chr1	236049308	236249308	harbor2	chr1	236125625	236126227	LTR/ERV1	3062	+	301	236125926	76618
chr1	245828070	246028070	harbor2	chr1	245884648	245885336	LTR/ERV1	5351	+	344	245884992	56922
chr1	245828070	246028070	harbor2	chr1	245887009	245887555	LTR/ERV1	4244	+	273	245887282	59212
chr1	245828070	246028070	harbor2	chr1	245894054	245894602	LTR/ERV1	3049	+	274	245894328	66258
chr1	241981769	242181769	harbor2	chr1	241992691	241992888	LTR/ERV1	1191	+	98	241992789	11020
chr1	241981769	242181769	harbor2	chr1	241994859	241995131	LTR/ERV1	1547	+	136	241994995	13226
chr1	241981769	242181769	harbor2	chr1	242053127	242054682	LTR/ERV1	8902	+	778	242053905	72136
chr1	241981769	242181769	harbor2	chr1	242055349	242056948	LTR/ERV1	8902	+	800	242056149	74380
chr1	220935696	221135696	harbor2	chr1	220983688	220984494	LTR/ERV1	4601	+	403	220984091	48395
chr1	196829765	197029765	harbor2	chr1	196866175	196866714	LTR/ERV1	1546	+	270	196866445	36680
chr1	196829765	197029765	harbor2	chr1	196867358	196867906	LTR/ERV1	1476	+	274	196867632	37867
chr1	196829765	197029765	harbor2	chr1	196867915	196868013	LTR/ERV1	490	+	49	196867964	38199
chr1	196829765	197029765	harbor2	chr1	196869192	196869712	LTR/ERV1	533	+	260	196869452	39687
chr1	196829765	197029765	harbor2	chr1	196870846	196873668	LTR/ERV1	1683	+	1411	196872257	42492
chr1	196829765	197029765	harbor2	chr1	196875557	196875834	LTR/ERV1	642	+	138	196875695	45930
chr1	196829765	197029765	harbor2	chr1	196876100	196876420	LTR/ERV1	1591	+	160	196876260	46495
chr1	109823463	110023463	harbor2	chr1	109831306	109831751	LTR/ERV1	5080	+	222	109831528	8065
chr1	109823463	110023463	harbor2	chr1	109832062	109832300	LTR/ERV1	5080	+	119	109832181	8718
chr1	109823463	110023463	harbor2	chr1	109832301	109833856	LTR/ERV1	46513	+	778	109833079	9616
chr1	109823463	110023463	harbor2	chr1	109834134	109836878	LTR/ERV1	46513	+	1372	109835506	12043
chr1	109823463	110023463	harbor2	chr1	109839099	109839763	LTR/ERV1	5162	+	332	109839431	15968
chr1	109823463	110023463	harbor2	chr1	109846424	109846496	LTR/ERV1	468	+	36	109846460	22997
chr1	109823463	110023463	harbor2	chr1	109846497	109846651	LTR/ERV1	2964	+	77	109846574	23111
chr1	109823463	110023463	harbor2	chr1	109846977	109847317	LTR/ERV1	2964	+	170	109847147	23684
chr1	109823463	110023463	harbor2	chr1	109837311	109839098	LTR/ERV1	46513	+	894	109838205	14742
chr1	196228220	196428220	harbor2	chr1	196256768	196256853	LTR/ERV1	666	+	42	196256810	28590
chr1	196228220	196428220	harbor2	chr1	196300420	196300842	LTR/ERV1	1425	+	211	196300631	72411
chr1	196228220	196428220	harbor2	chr1	196300843	196301449	LTR/ERV1	2017	+	303	196301146	72926
chr1	196228220	196428220	harbor2	chr1	196302995	196303368	LTR/ERV1	967	+	186	196303181	74961
chr1	196228220	196428220	harbor2	chr1	196304708	196304889	LTR/ERV1	572	+	90	196304798	76578
chr1	203480744	203680744	harbor2	chr1	203490980	203491388	LTR/ERV1	2506	+	204	203491184	10440
chr1	203480744	203680744	harbor2	chr1	203532172	203532660	LTR/ERV1	1391	+	244	203532416	51672
chr1	203480744	203680744	harbor2	chr1	203534906	203535219	LTR/ERV1	688	+	156	203535062	54318
chr1	203480744	203680744	harbor2	chr1	203535487	203535617	LTR/ERV1	688	+	65	203535552	54808
chr1	177610094	177810094	harbor2	chr1	177654721	177655236	LTR/ERV1	3901	+	258	177654979	44885
chr1	204042223	204242223	harbor2	chr1	204068969	204069050	LTR/ERV1	3757	+	40	204069009	26786
chr1	204042223	204242223	harbor2	chr1	204069357	204069898	LTR/ERV1	3757	+	270	204069627	27404
chr1	71303832	71503832	harbor2	chr1	71343431	71344144	LTR/ERV1	3339	+	356	71343787	39955
chr1	71303832	71503832	harbor2	chr1	71401058	71401407	LTR/ERV1	1192	+	174	71401232	97400
chr1	57157366	57357366	harbor2	chr1	57169522	57169984	LTR/ERV1	2870	+	231	57169753	12387
chr1	57157366	57357366	harbor2	chr1	57170299	57170344	LTR/ERV1	2870	+	22	57170321	12955
chr1	57157366	57357366	harbor2	chr1	57176870	57177467	LTR/ERV1	2677	+	298	57177168	19802
chr1	247152841	247352841	harbor2	chr1	247170445	247170533	LTR/ERV1	1077	+	44	247170489	17648
chr1	247152841	247352841	harbor2	chr1	247170994	247171196	LTR/ERV1	1077	+	101	247171095	18254
chr1	247152841	247352841	harbor2	chr1	247171310	247171510	LTR/ERV1	889	+	100	247171410	18569
chr1	247152841	247352841	harbor2	chr1	247176787	247177020	LTR/ERV1	960	+	116	247176903	24062
chr1	247152841	247352841	harbor2	chr1	247207526	247208060	LTR/ERV1	1343	+	267	247207793	54952
chr1	247152841	247352841	harbor2	chr1	247209904	247210377	LTR/ERV1	2196	+	236	247210140	57299
chr1	247152841	247352841	harbor2	chr1	247218632	247219907	LTR/ERV1	8189	+	638	247219270	66429
chr1	247152841	247352841	harbor2	chr1	247221258	247221832	LTR/ERV1	4394	+	287	247221545	68704
chr1	247152841	247352841	harbor2	chr1	247222909	247223145	LTR/ERV1	1163	+	118	247223027	70186
chr1	247152841	247352841	harbor2	chr1	247228145	247228559	LTR/ERV1	1522	+	207	247228352	75511
chr1	247152841	247352841	harbor2	chr1	247218171	247218627	LTR/ERV1	3744	+	228	247218399	65558
chr1	100205855	100405855	harbor2	chr1	100256282	100256293	LTR/ERV1	1166	+	6	100256288	50433
chr1	100205855	100405855	harbor2	chr1	100256593	100256870	LTR/ERV1	1166	+	138	100256731	50876
chr1	243072680	243272680	harbor2	chr1	243122833	243123167	LTR/ERV1	1055	+	167	243123000	50320
chr1	208851983	209051983	harbor2	chr1	208854474	208854774	LTR/ERV1	2105	+	150	208854624	2641
chr1	208851983	209051983	harbor2	chr1	208888712	208888764	LTR/ERV1	952	+	26	208888738	36755
chr1	208851983	209051983	harbor2	chr1	208889070	208889540	LTR/ERV1	952	+	235	208889305	37322
chr1	169227112	169427112	harbor2	chr1	169271167	169271695	LTR/ERV1	537	+	264	169271431	44319
chr1	169227112	169427112	harbor2	chr1	169309227	169309806	LTR/ERV1	3554	+	290	169309517	82405
chr1	201494641	201694641	harbor2	chr1	201517160	201517430	LTR/ERV1	2766	+	135	201517295	22654
chr1	201494641	201694641	harbor2	chr1	201517717	201518169	LTR/ERV1	2766	+	226	201517943	23302
chr1	231713143	231913143	harbor2	chr1	231725248	231725740	LTR/ERV1	3120	+	246	231725494	12351
chr1	231713143	231913143	harbor2	chr1	231778805	231779549	LTR/ERV1	5044	+	372	231779177	66034
chr1	231713143	231913143	harbor2	chr1	231779858	231779988	LTR/ERV1	5044	+	65	231779923	66780
chr1	231713143	231913143	harbor2	chr1	231780251	231780329	LTR/ERV1	5044	+	39	231780290	67147
chr1	79196825	79396825	harbor2	chr1	79269499	79270456	LTR/ERV1	5221	+	478	79269977	73152
chr1	79196825	79396825	harbor2	chr1	79276953	79277502	LTR/ERV1	4484	+	274	79277227	80402
chr1	79196825	79396825	harbor2	chr1	79277807	79278124	LTR/ERV1	4471	+	158	79277965	81140
chr1	79196825	79396825	harbor2	chr1	79288877	79289351	LTR/ERV1	723	+	237	79289114	92289
chr1	157348253	157548253	harbor2	chr1	157356841	157357213	LTR/ERV1	2401	+	186	157357027	8774
chr1	157348253	157548253	harbor2	chr1	157357213	157357280	LTR/ERV1	549	+	34	157357247	8994
chr1	157348253	157548253	harbor2	chr1	157357281	157357767	LTR/ERV1	3611	+	243	157357524	9271
chr1	157348253	157548253	harbor2	chr1	157357768	157359358	LTR/ERV1	12210	+	795	157358563	10310
chr1	157348253	157548253	harbor2	chr1	157382661	157383085	LTR/ERV1	2148	+	212	157382873	34620
chr1	157348253	157548253	harbor2	chr1	157434240	157435233	LTR/ERV1	7031	+	496	157434736	86483
chr1	157348253	157548253	harbor2	chr1	157435240	157435324	LTR/ERV1	664	+	42	157435282	87029
chr1	157348253	157548253	harbor2	chr1	157435322	157436182	LTR/ERV1	6427	+	430	157435752	87499
chr1	157348253	157548253	harbor2	chr1	157433733	157434239	LTR/ERV1	2224	+	253	157433986	85733
chr1	80833785	81033785	harbor2	chr1	80913898	80914465	LTR/ERV1	3240	+	284	80914182	80397
chr1	248460708	248660708	harbor2	chr1	248477397	248477863	LTR/ERV1	2334	+	233	248477630	16922
chr1	248460708	248660708	harbor2	chr1	248512952	248513061	LTR/ERV1	476	+	54	248513006	52298
chr1	248460708	248660708	harbor2	chr1	248535111	248535283	LTR/ERV1	779	+	86	248535197	74489
chr1	248460708	248660708	harbor2	chr1	248535622	248535958	LTR/ERV1	1111	+	168	248535790	75082
chr1	248460708	248660708	harbor2	chr1	248536200	248536800	LTR/ERV1	1651	+	300	248536500	75792
chr1	248460708	248660708	harbor2	chr1	248537178	248537291	LTR/ERV1	585	+	56	248537234	76526
chr1	214163154	214363154	harbor2	chr1	214170538	214170743	LTR/ERV1	983	+	102	214170640	7486
chr1	214163154	214363154	harbor2	chr1	214170738	214171023	LTR/ERV1	1336	+	142	214170880	7726
chr1	214163154	214363154	harbor2	chr1	214195406	214195960	LTR/ERV1	2328	+	277	214195683	32529
chr1	207298643	207498643	harbor2	chr1	207312071	207312761	LTR/ERV1	2885	+	345	207312416	13773
chr1	207298643	207498643	harbor2	chr1	207316011	207316128	LTR/ERV1	503	+	58	207316069	17426
chr1	207298643	207498643	harbor2	chr1	207377858	207378329	LTR/ERV1	1656	+	236	207378094	79451
chr1	207298643	207498643	harbor2	chr1	207389741	207390203	LTR/ERV1	2508	+	231	207389972	91329
chr1	85453983	85653983	harbor2	chr1	85471889	85472522	LTR/ERV1	4267	+	316	85472205	18222
chr1	191057975	191257975	harbor2	chr1	191097383	191098016	LTR/ERV1	1605	+	316	191097699	39724
chr1	191057975	191257975	harbor2	chr1	191113993	191114614	LTR/ERV1	3983	+	310	191114303	56328
chr1	191057975	191257975	harbor2	chr1	191149718	191150301	LTR/ERV1	3877	+	292	191150010	92035
chr1	191057975	191257975	harbor2	chr1	191150303	191150823	LTR/ERV1	2435	+	260	191150563	92588
chr1	191057975	191257975	harbor2	chr1	191150970	191151242	LTR/ERV1	1066	+	136	191151106	93131
chr1	191057975	191257975	harbor2	chr1	191152465	191155164	LTR/ERV1	6957	+	1350	191153815	95840
chr1	191057975	191257975	harbor2	chr1	191155338	191156075	LTR/ERV1	2878	+	368	191155706	97731
chr1	191057975	191257975	harbor2	chr1	191151246	191152394	LTR/ERV1	4288	+	574	191151820	93845
chr1	234757802	234957802	harbor2	chr1	234779566	234779791	LTR/ERV1	2840	+	112	234779678	21876
chr1	234757802	234957802	harbor2	chr1	234780082	234780455	LTR/ERV1	2840	+	186	234780268	22466
chr1	234757802	234957802	harbor2	chr1	234783082	234783687	LTR/ERV1	3966	+	302	234783384	25582
chr1	230652266	230852266	harbor2	chr1	230720469	230721103	LTR/ERV1	4012	+	317	230720786	68520
chr1	230652266	230852266	harbor2	chr1	230729310	230729782	LTR/ERV1	2628	+	236	230729546	77280
chr1	230652266	230852266	harbor2	chr1	230729788	230729874	LTR/ERV1	458	+	43	230729831	77565
chr1	230652266	230852266	harbor2	chr1	230730374	230730523	LTR/ERV1	848	+	74	230730448	78182
chr1	230652266	230852266	harbor2	chr1	230730556	230730784	LTR/ERV1	1141	+	114	230730670	78404
chr1	230652266	230852266	harbor2	chr1	230730805	230731257	LTR/ERV1	1985	+	226	230731031	78765
chr1	233168713	233368713	harbor2	chr1	233179726	233180180	LTR/ERV1	2049	+	227	233179953	11240
chr1	233168713	233368713	harbor2	chr1	233254975	233255526	LTR/ERV1	2668	+	276	233255251	86538
chr1	233168713	233368713	harbor2	chr1	233177044	233177630	LTR/ERV1	4851	+	293	233177337	8624
chr1	220177444	220377444	harbor2	chr1	220275573	220276245	LTR/ERV1	5292	+	336	220275909	98465
chr1	195498014	195698014	harbor2	chr1	195507607	195508053	LTR/ERV1	2306	+	223	195507830	9816
chr1	195498014	195698014	harbor2	chr1	195511975	195512422	LTR/ERV1	2195	+	224	195512199	14185
chr1	233098992	233298992	harbor2	chr1	233107750	233108300	LTR/ERV1	4095	+	275	233108025	9033
chr1	233098992	233298992	harbor2	chr1	233128950	233130293	LTR/ERV1	8639	+	672	233129622	30630
chr1	233098992	233298992	harbor2	chr1	233179726	233180180	LTR/ERV1	2049	+	227	233179953	80961
chr1	233098992	233298992	harbor2	chr1	233177044	233177630	LTR/ERV1	4851	+	293	233177337	78345
chr1	248412265	248612265	harbor2	chr1	248418050	248418822	LTR/ERV1	4014	+	386	248418436	6171
chr1	248412265	248612265	harbor2	chr1	248419621	248420224	LTR/ERV1	2751	+	302	248419923	7658
chr1	248412265	248612265	harbor2	chr1	248423513	248423607	LTR/ERV1	498	+	47	248423560	11295
chr1	248412265	248612265	harbor2	chr1	248425517	248426346	LTR/ERV1	3928	+	414	248425931	13666
chr1	248412265	248612265	harbor2	chr1	248426420	248426775	LTR/ERV1	723	+	178	248426598	14333
chr1	248412265	248612265	harbor2	chr1	248427475	248428043	LTR/ERV1	1530	+	284	248427759	15494
chr1	248412265	248612265	harbor2	chr1	248444493	248445214	LTR/ERV1	2542	+	360	248444853	32588
chr1	248412265	248612265	harbor2	chr1	248477397	248477863	LTR/ERV1	2334	+	233	248477630	65365
chr1	59486895	59686895	harbor2	chr1	59523851	59525435	LTR/ERV1	8516	+	792	59524643	37748
chr1	175313757	175513757	harbor2	chr1	175334160	175334911	LTR/ERV1	5027	+	376	175334536	20779
chr1	175313757	175513757	harbor2	chr1	175389115	175389767	LTR/ERV1	3280	+	326	175389441	75684
chr1	186314093	186514093	harbor2	chr1	186330112	186330779	LTR/ERV1	3550	+	334	186330446	16353
chr1	200602030	200802030	harbor2	chr1	200614713	200614790	LTR/ERV1	431	+	38	200614751	12721
chr1	200602030	200802030	harbor2	chr1	200668416	200669128	LTR/ERV1	5128	+	356	200668772	66742
chr1	233993750	234193750	harbor2	chr1	234075687	234076113	LTR/ERV1	2742	+	213	234075900	82150
chr1	238635275	238835275	harbor2	chr1	238667281	238667881	LTR/ERV1	2833	+	300	238667581	32306
chr1	243559652	243759652	harbor2	chr1	243625451	243626656	LTR/ERV1	2879	+	602	243626053	66401
chr1	243559652	243759652	harbor2	chr1	243639399	243639931	LTR/ERV1	2974	+	266	243639665	80013
chr1	246218848	246418848	harbor2	chr1	246219081	246220045	LTR/ERV1	5712	+	482	246219563	715
chr1	246218848	246418848	harbor2	chr1	246220241	246221940	LTR/ERV1	3975	+	850	246221091	2243
chr1	246218848	246418848	harbor2	chr1	246268050	246268417	LTR/ERV1	4014	+	184	246268234	49386
chr1	246218848	246418848	harbor2	chr1	246268734	246268902	LTR/ERV1	4014	+	84	246268818	49970
chr1	246218848	246418848	harbor2	chr1	246289153	246289579	LTR/ERV1	1398	+	213	246289366	70518
chr1	231067764	231267764	harbor2	chr1	231073303	231074210	LTR/ERV1	5188	+	454	231073757	5993
chr1	231067764	231267764	harbor2	chr1	231159392	231159856	LTR/ERV1	2367	+	232	231159624	91860
chr1	96968652	97168652	harbor2	chr1	97037239	97037575	LTR/ERV1	1855	+	168	97037407	68755
chr1	96968652	97168652	harbor2	chr1	97061574	97062113	LTR/ERV1	1554	+	270	97061844	93192
chr1	96968652	97168652	harbor2	chr1	96993279	96993919	LTR/ERV1	2819	+	320	96993599	24947
chr1	223951694	224151694	harbor2	chr1	224010283	224010651	LTR/ERV1	2022	+	184	224010467	58773
chr1	237411472	237611472	harbor2	chr1	237488520	237488901	LTR/ERV1	2376	+	190	237488710	77238
chr1	167887707	168087707	harbor2	chr1	167909998	167910185	LTR/ERV1	1120	+	94	167910092	22385
chr1	167887707	168087707	harbor2	chr1	167911209	167911779	LTR/ERV1	4473	+	285	167911494	23787
chr1	167887707	168087707	harbor2	chr1	167912176	167912803	LTR/ERV1	4420	+	314	167912490	24783
chr1	174187051	174387051	harbor2	chr1	174247331	174247401	LTR/ERV1	442	+	35	174247366	60315
chr1	174187051	174387051	harbor2	chr1	174247403	174247942	LTR/ERV1	3284	+	270	174247673	60622
chr1	78244959	78444959	harbor2	chr1	78328342	78329162	LTR/ERV1	4792	+	410	78328752	83793
chr1	78244959	78444959	harbor2	chr1	78329878	78329938	LTR/ERV1	410	+	30	78329908	84949
chr1	245986290	246186290	harbor2	chr1	246014726	246015297	LTR/ERV1	1554	+	286	246015012	28722
chr1	245986290	246186290	harbor2	chr1	246078221	246078517	LTR/ERV1	909	+	148	246078369	92079
chr1	245986290	246186290	harbor2	chr1	246081977	246082684	LTR/ERV1	4179	+	354	246082331	96041
chr1	245986290	246186290	harbor2	chr1	246083637	246083681	LTR/ERV1	4179	+	22	246083659	97369
chr1	245986290	246186290	harbor2	chr1	246083918	246084197	LTR/ERV1	795	+	140	246084058	97768
chr1	245986290	246186290	harbor2	chr1	246084510	246084701	LTR/ERV1	795	+	96	246084606	98316
chr1	245986290	246186290	harbor2	chr1	246085325	246085764	LTR/ERV1	649	+	220	246085545	99255
chr1	227863741	228063741	harbor2	chr1	227908369	227908877	LTR/ERV1	2175	+	254	227908623	44882
chr1	174041563	174241563	harbor2	chr1	174077673	174078209	LTR/ERV1	2697	+	268	174077941	36378
chr1	239536944	239736944	harbor2	chr1	239555429	239555894	LTR/ERV1	2265	+	232	239555661	18717
chr1	46346229	46546229	harbor2	chr1	46401328	46401428	LTR/ERV1	709	+	50	46401378	55149
chr1	102037395	102237395	harbor2	chr1	102045800	102046068	LTR/ERV1	1093	+	134	102045934	8539
chr1	102037395	102237395	harbor2	chr1	102046168	102047205	LTR/ERV1	5024	+	518	102046686	9291
chr1	102037395	102237395	harbor2	chr1	102047206	102047666	LTR/ERV1	3027	+	230	102047436	10041
chr1	102037395	102237395	harbor2	chr1	102047989	102048156	LTR/ERV1	3027	+	84	102048073	10678
chr1	102037395	102237395	harbor2	chr1	102085243	102085646	LTR/ERV1	1834	+	202	102085445	48050
chr1	102037395	102237395	harbor2	chr1	102092889	102093256	LTR/ERV1	1529	+	184	102093073	55678
chr1	102037395	102237395	harbor2	chr1	102093978	102094073	LTR/ERV1	448	+	48	102094026	56631
chr1	102037395	102237395	harbor2	chr1	102094074	102094497	LTR/ERV1	1619	+	212	102094286	56891
chr1	102037395	102237395	harbor2	chr1	102094498	102095245	LTR/ERV1	3179	+	374	102094872	57477
chr1	102037395	102237395	harbor2	chr1	102095246	102095537	LTR/ERV1	1681	+	146	102095392	57997
chr1	102037395	102237395	harbor2	chr1	102095767	102095861	LTR/ERV1	3892	+	47	102095814	58419
chr1	102037395	102237395	harbor2	chr1	102095915	102096596	LTR/ERV1	3892	+	340	102096255	58860
chr1	102037395	102237395	harbor2	chr1	102096645	102097263	LTR/ERV1	3102	+	309	102096954	59559
chr1	102037395	102237395	harbor2	chr1	102097264	102097939	LTR/ERV1	2965	+	338	102097602	60207
chr1	102037395	102237395	harbor2	chr1	102097962	102098074	LTR/ERV1	439	+	56	102098018	60623
chr1	102037395	102237395	harbor2	chr1	102098446	102098953	LTR/ERV1	1530	+	254	102098700	61305
chr1	102037395	102237395	harbor2	chr1	102098949	102099234	LTR/ERV1	3106	+	142	102099091	61696
chr1	102037395	102237395	harbor2	chr1	102099235	102099932	LTR/ERV1	2363	+	348	102099583	62188
chr1	102037395	102237395	harbor2	chr1	102099933	102100451	LTR/ERV1	3106	+	259	102100192	62797
chr1	102037395	102237395	harbor2	chr1	102100453	102100610	LTR/ERV1	586	+	78	102100531	63136
chr1	102037395	102237395	harbor2	chr1	102100888	102100984	LTR/ERV1	586	+	48	102100936	63541
chr1	102037395	102237395	harbor2	chr1	102100987	102101045	LTR/ERV1	416	+	29	102101016	63621
chr1	102037395	102237395	harbor2	chr1	102101217	102101844	LTR/ERV1	954	+	314	102101531	64136
chr1	102037395	102237395	harbor2	chr1	102101902	102102096	LTR/ERV1	639	+	97	102101999	64604
chr1	102037395	102237395	harbor2	chr1	102102106	102102224	LTR/ERV1	423	+	59	102102165	64770
chr1	102037395	102237395	harbor2	chr1	102102624	102102698	LTR/ERV1	554	+	37	102102661	65266
chr1	102037395	102237395	harbor2	chr1	102102730	102102970	LTR/ERV1	1413	+	120	102102850	65455
chr1	102037395	102237395	harbor2	chr1	102102988	102103717	LTR/ERV1	4041	+	364	102103352	65957
chr1	102037395	102237395	harbor2	chr1	102103941	102104200	LTR/ERV1	1354	+	130	102104071	66676
chr1	102037395	102237395	harbor2	chr1	102104223	102105003	LTR/ERV1	5928	+	390	102104613	67218
chr1	102037395	102237395	harbor2	chr1	102105333	102106088	LTR/ERV1	5928	+	378	102105711	68316
chr1	102037395	102237395	harbor2	chr1	102106092	102106516	LTR/ERV1	2038	+	212	102106304	68909
chr1	246075828	246275828	harbor2	chr1	246078221	246078517	LTR/ERV1	909	+	148	246078369	2541
chr1	246075828	246275828	harbor2	chr1	246081977	246082684	LTR/ERV1	4179	+	354	246082331	6503
chr1	246075828	246275828	harbor2	chr1	246083637	246083681	LTR/ERV1	4179	+	22	246083659	7831
chr1	246075828	246275828	harbor2	chr1	246083918	246084197	LTR/ERV1	795	+	140	246084058	8230
chr1	246075828	246275828	harbor2	chr1	246084510	246084701	LTR/ERV1	795	+	96	246084606	8778
chr1	246075828	246275828	harbor2	chr1	246085325	246085764	LTR/ERV1	649	+	220	246085545	9717
chr1	246075828	246275828	harbor2	chr1	246090453	246090505	LTR/ERV1	929	+	26	246090479	14651
chr1	246075828	246275828	harbor2	chr1	246090816	246090939	LTR/ERV1	929	+	62	246090878	15050
chr1	246075828	246275828	harbor2	chr1	246090955	246091395	LTR/ERV1	2291	+	220	246091175	15347
chr1	246075828	246275828	harbor2	chr1	246091396	246091490	LTR/ERV1	459	+	47	246091443	15615
chr1	246075828	246275828	harbor2	chr1	246114351	246114630	LTR/ERV1	1660	+	140	246114491	38663
chr1	246075828	246275828	harbor2	chr1	246114930	246115011	LTR/ERV1	1660	+	40	246114970	39142
chr1	246075828	246275828	harbor2	chr1	246147462	246148598	LTR/ERV1	5759	+	568	246148030	72202
chr1	171376014	171576014	harbor2	chr1	171379644	171379980	LTR/ERV1	2230	+	168	171379812	3798
chr1	171376014	171576014	harbor2	chr1	171396482	171396752	LTR/ERV1	4433	+	135	171396617	20603
chr1	171376014	171576014	harbor2	chr1	171397048	171397554	LTR/ERV1	4433	+	253	171397301	21287
chr1	171376014	171576014	harbor2	chr1	171419707	171420345	LTR/ERV1	4849	+	319	171420026	44012
chr1	171376014	171576014	harbor2	chr1	171422168	171422304	LTR/ERV1	886	+	68	171422236	46222
chr1	171376014	171576014	harbor2	chr1	171422447	171422749	LTR/ERV1	2075	+	151	171422598	46584
chr1	171376014	171576014	harbor2	chr1	171425253	171425470	LTR/ERV1	4364	+	108	171425361	49347
chr1	171376014	171576014	harbor2	chr1	171426088	171426568	LTR/ERV1	4364	+	240	171426328	50314
chr1	171376014	171576014	harbor2	chr1	171429161	171429460	LTR/ERV1	1370	+	150	171429311	53297
chr1	171376014	171576014	harbor2	chr1	171430028	171430499	LTR/ERV1	3714	+	236	171430264	54250
chr1	171376014	171576014	harbor2	chr1	171430968	171431044	LTR/ERV1	1858	+	38	171431006	54992
chr1	171376014	171576014	harbor2	chr1	171431838	171432408	LTR/ERV1	1858	+	285	171432123	56109
chr1	171376014	171576014	harbor2	chr1	171472114	171472250	LTR/ERV1	1757	+	68	171472182	96168
chr1	171376014	171576014	harbor2	chr1	171472539	171472776	LTR/ERV1	1757	+	118	171472657	96643
chr1	220257701	220457701	harbor2	chr1	220275573	220276245	LTR/ERV1	5292	+	336	220275909	18208
chr1	220257701	220457701	harbor2	chr1	220353094	220353903	LTR/ERV1	4814	+	404	220353498	95797
chr1	192298548	192498548	harbor2	chr1	192390329	192390501	LTR/ERV1	1803	+	86	192390415	91867
chr1	192298548	192498548	harbor2	chr1	192390837	192391066	LTR/ERV1	1803	+	114	192390951	92403
chr1	225098806	225298806	harbor2	chr1	225119851	225119972	LTR/ERV1	475	+	60	225119911	21105
chr1	225098806	225298806	harbor2	chr1	225120700	225120732	LTR/ERV1	475	+	16	225120716	21910
chr1	231307694	231507694	harbor2	chr1	231317286	231318194	LTR/ERV1	5358	+	454	231317740	10046
chr1	231307694	231507694	harbor2	chr1	231323115	231323706	LTR/ERV1	3436	+	296	231323411	15717
chr1	65904856	66104856	harbor2	chr1	65908578	65908732	LTR/ERV1	469	+	77	65908655	3799
chr1	65904856	66104856	harbor2	chr1	65908762	65909023	LTR/ERV1	538	+	130	65908892	4036
chr1	65904856	66104856	harbor2	chr1	65909051	65909194	LTR/ERV1	498	+	72	65909123	4267
chr1	238453855	238653855	harbor2	chr1	238515927	238516574	LTR/ERV1	3963	+	324	238516251	62396
chr1	238453855	238653855	harbor2	chr1	238516849	238517006	LTR/ERV1	3963	+	78	238516927	63072
chr1	231714762	231914762	harbor2	chr1	231725248	231725740	LTR/ERV1	3120	+	246	231725494	10732
chr1	231714762	231914762	harbor2	chr1	231778805	231779549	LTR/ERV1	5044	+	372	231779177	64415
chr1	231714762	231914762	harbor2	chr1	231779858	231779988	LTR/ERV1	5044	+	65	231779923	65161
chr1	231714762	231914762	harbor2	chr1	231780251	231780329	LTR/ERV1	5044	+	39	231780290	65528
chr1	204416219	204616219	harbor2	chr1	204495684	204495811	LTR/ERV1	817	+	64	204495748	79529
chr1	246665785	246865785	harbor2	chr1	246684668	246685113	LTR/ERV1	2302	+	222	246684890	19105
chr1	246665785	246865785	harbor2	chr1	246686567	246686896	LTR/ERV1	1482	+	164	246686731	20946
chr1	246665785	246865785	harbor2	chr1	246710588	246711444	LTR/ERV1	5343	+	428	246711016	45231
chr1	246665785	246865785	harbor2	chr1	246712260	246713113	LTR/ERV1	5781	+	426	246712686	46901
chr1	245437820	245637820	harbor2	chr1	245447568	245448065	LTR/ERV1	2485	+	248	245447816	9996
chr1	244929432	245129432	harbor2	chr1	244977554	244977668	LTR/ERV1	703	+	57	244977611	48179
chr1	114303921	114503921	harbor2	chr1	114358451	114359144	LTR/ERV1	3768	+	346	114358797	54876
chr1	114303921	114503921	harbor2	chr1	114359517	114359744	LTR/ERV1	3768	+	114	114359631	55710
chr1	114303921	114503921	harbor2	chr1	114359736	114359830	LTR/ERV1	641	+	47	114359783	55862
chr1	114303921	114503921	harbor2	chr1	114359820	114360102	LTR/ERV1	1775	+	141	114359961	56040
chr1	114303921	114503921	harbor2	chr1	114360884	114361336	LTR/ERV1	3184	+	226	114361110	57189
chr1	114303921	114503921	harbor2	chr1	114361342	114361426	LTR/ERV1	3340	+	42	114361384	57463
chr1	114303921	114503921	harbor2	chr1	114361733	114362172	LTR/ERV1	3340	+	220	114361953	58032
chr1	114303921	114503921	harbor2	chr1	114362475	114362960	LTR/ERV1	3340	+	242	114362717	58796
chr1	114303921	114503921	harbor2	chr1	114369593	114370997	LTR/ERV1	11983	+	702	114370295	66374
chr1	114303921	114503921	harbor2	chr1	114371295	114371373	LTR/ERV1	11983	+	39	114371334	67413
chr1	114303921	114503921	harbor2	chr1	114371614	114371823	LTR/ERV1	11983	+	104	114371718	67797
chr1	114303921	114503921	harbor2	chr1	114372116	114373929	LTR/ERV1	17330	+	906	114373022	69101
chr1	114303921	114503921	harbor2	chr1	114374218	114374768	LTR/ERV1	17330	+	275	114374493	70572
chr1	114303921	114503921	harbor2	chr1	114375058	114375071	LTR/ERV1	17330	+	6	114375064	71143
chr1	114303921	114503921	harbor2	chr1	114375359	114376008	LTR/ERV1	17330	+	324	114375683	71762
chr1	114303921	114503921	harbor2	chr1	114376024	114376478	LTR/ERV1	3237	+	227	114376251	72330
chr1	114303921	114503921	harbor2	chr1	114378736	114379196	LTR/ERV1	475	+	230	114378966	75045
chr1	114303921	114503921	harbor2	chr1	114379215	114379342	LTR/ERV1	1186	+	64	114379279	75358
chr1	114303921	114503921	harbor2	chr1	114379984	114380421	LTR/ERV1	1186	+	218	114380202	76281
chr1	114303921	114503921	harbor2	chr1	114360099	114360697	LTR/ERV1	3753	+	299	114360398	56477
chr1	114303921	114503921	harbor2	chr1	114376592	114378631	LTR/ERV1	9301	+	1020	114377612	73691
chr1	174021300	174221300	harbor2	chr1	174077673	174078209	LTR/ERV1	2697	+	268	174077941	56641
chr1	235471663	235671663	harbor2	chr1	235567882	235568238	LTR/ERV1	2009	+	178	235568060	96397
chr1	58553333	58753333	harbor2	chr1	58564498	58565076	LTR/ERV1	3896	+	289	58564787	11454
chr1	58553333	58753333	harbor2	chr1	58611882	58612462	LTR/ERV1	3765	+	290	58612172	58839
chr1	58553333	58753333	harbor2	chr1	58612688	58612860	LTR/ERV1	1150	+	86	58612774	59441
chr1	58553333	58753333	harbor2	chr1	58612864	58613096	LTR/ERV1	1327	+	116	58612980	59647
chr1	58553333	58753333	harbor2	chr1	58613549	58613817	LTR/ERV1	540	+	134	58613683	60350
chr1	58553333	58753333	harbor2	chr1	58613820	58614421	LTR/ERV1	3605	+	300	58614120	60787
chr1	58553333	58753333	harbor2	chr1	58623249	58624834	LTR/ERV1	12365	+	792	58624041	70708
chr1	247233004	247433004	harbor2	chr1	247286141	247286542	LTR/ERV1	2762	+	200	247286341	53337
chr1	247233004	247433004	harbor2	chr1	247286546	247289592	LTR/ERV1	14499	+	1523	247288069	55065
chr1	247233004	247433004	harbor2	chr1	247289585	247290381	LTR/ERV1	5869	+	398	247289983	56979
chr1	247233004	247433004	harbor2	chr1	247290382	247290862	LTR/ERV1	2399	+	240	247290622	57618
chr1	247233004	247433004	harbor2	chr1	247292947	247293212	LTR/ERV1	795	+	132	247293079	60075
chr1	247233004	247433004	harbor2	chr1	247293776	247294038	LTR/ERV1	997	+	131	247293907	60903
chr1	209241036	209441036	harbor2	chr1	209329032	209329179	LTR/ERV1	1486	+	74	209329106	88070
chr1	209241036	209441036	harbor2	chr1	209329465	209329750	LTR/ERV1	1486	+	142	209329607	88571
chr1	227465916	227665916	harbor2	chr1	227499424	227499610	LTR/ERV1	830	+	93	227499517	33601
chr1	227465916	227665916	harbor2	chr1	227500566	227503796	LTR/ERV1	12933	+	1615	227502181	36265
chr1	227465916	227665916	harbor2	chr1	227504450	227506052	LTR/ERV1	12933	+	801	227505251	39335
chr1	227465916	227665916	harbor2	chr1	227516809	227518273	LTR/ERV1	2504	+	732	227517541	51625
chr1	227465916	227665916	harbor2	chr1	227550026	227550095	LTR/ERV1	436	+	34	227550060	84144
chr1	227465916	227665916	harbor2	chr1	227557774	227558349	LTR/ERV1	2273	+	288	227558062	92146
chr1	227465916	227665916	harbor2	chr1	227562582	227562919	LTR/ERV1	1667	+	168	227562750	96834
chr1	227465916	227665916	harbor2	chr1	227556186	227557772	LTR/ERV1	7741	+	793	227556979	91063
chr1	113088148	113288148	harbor2	chr1	113103156	113103607	LTR/ERV1	2033	+	226	113103382	15234
chr1	113088148	113288148	harbor2	chr1	113103608	113104518	LTR/ERV1	3107	+	455	113104063	15915
chr1	113088148	113288148	harbor2	chr1	113148752	113148875	LTR/ERV1	3864	+	62	113148814	60666
chr1	113088148	113288148	harbor2	chr1	113147899	113148445	LTR/ERV1	3864	+	273	113148172	60024
chr1	227212491	227412491	harbor2	chr1	227221680	227221933	LTR/ERV1	3899	+	126	227221806	9315
chr1	227212491	227412491	harbor2	chr1	227222527	227222892	LTR/ERV1	3899	+	182	227222709	10218
chr1	211170860	211370860	harbor2	chr1	211175165	211175687	LTR/ERV1	2549	+	261	211175426	4566
chr1	211170860	211370860	harbor2	chr1	211176798	211177214	LTR/ERV1	2859	+	208	211177006	6146
chr1	211170860	211370860	harbor2	chr1	211182911	211182946	LTR/ERV1	1511	+	18	211182929	12069
chr1	211170860	211370860	harbor2	chr1	211183414	211183820	LTR/ERV1	1511	+	203	211183617	12757
chr1	211170860	211370860	harbor2	chr1	211221085	211221772	LTR/ERV1	5968	+	344	211221429	50569
chr1	211170860	211370860	harbor2	chr1	211221773	211222131	LTR/ERV1	4342	+	179	211221952	51092
chr1	211170860	211370860	harbor2	chr1	211223101	211228843	LTR/ERV1	33496	+	2871	211225972	55112
chr1	211170860	211370860	harbor2	chr1	211228846	211229509	LTR/ERV1	5297	+	332	211229178	58318
chr1	211170860	211370860	harbor2	chr1	211244069	211244335	LTR/ERV1	627	+	133	211244202	73342
chr1	227070105	227270105	harbor2	chr1	227093389	227093803	LTR/ERV1	1307	+	207	227093596	23491
chr1	227070105	227270105	harbor2	chr1	227094177	227094613	LTR/ERV1	1519	+	218	227094395	24290
chr1	227070105	227270105	harbor2	chr1	227097442	227098145	LTR/ERV1	4285	+	352	227097794	27689
chr1	203511550	203711550	harbor2	chr1	203532172	203532660	LTR/ERV1	1391	+	244	203532416	20866
chr1	203511550	203711550	harbor2	chr1	203534906	203535219	LTR/ERV1	688	+	156	203535062	23512
chr1	203511550	203711550	harbor2	chr1	203535487	203535617	LTR/ERV1	688	+	65	203535552	24002
chr1	246205223	246405223	harbor2	chr1	246219081	246220045	LTR/ERV1	5712	+	482	246219563	14340
chr1	246205223	246405223	harbor2	chr1	246220241	246221940	LTR/ERV1	3975	+	850	246221091	15868
chr1	246205223	246405223	harbor2	chr1	246268050	246268417	LTR/ERV1	4014	+	184	246268234	63011
chr1	246205223	246405223	harbor2	chr1	246268734	246268902	LTR/ERV1	4014	+	84	246268818	63595
chr1	246205223	246405223	harbor2	chr1	246289153	246289579	LTR/ERV1	1398	+	213	246289366	84143
chr1	169740664	169940664	harbor2	chr1	169781441	169781847	LTR/ERV1	4405	+	203	169781644	40980
chr1	169740664	169940664	harbor2	chr1	169782146	169782577	LTR/ERV1	4405	+	216	169782362	41698
chr1	169740664	169940664	harbor2	chr1	169787270	169787711	LTR/ERV1	2035	+	220	169787490	46826
chr1	231702696	231902696	harbor2	chr1	231725248	231725740	LTR/ERV1	3120	+	246	231725494	22798
chr1	231702696	231902696	harbor2	chr1	231778805	231779549	LTR/ERV1	5044	+	372	231779177	76481
chr1	231702696	231902696	harbor2	chr1	231779858	231779988	LTR/ERV1	5044	+	65	231779923	77227
chr1	231702696	231902696	harbor2	chr1	231780251	231780329	LTR/ERV1	5044	+	39	231780290	77594
chr1	175564103	175764103	harbor2	chr1	175610196	175610799	LTR/ERV1	2621	+	302	175610498	46395
chr1	175564103	175764103	harbor2	chr1	175639195	175639596	LTR/ERV1	1344	+	200	175639395	75292
chr1	95955950	96155950	harbor2	chr1	95955452	95956023	LTR/ERV1	4606	+	286	95955738	212
chr1	95955950	96155950	harbor2	chr1	96044816	96045431	LTR/ERV1	2069	+	308	96045124	89174
chr1	228963634	229163634	harbor2	chr1	229000295	229000918	LTR/ERV1	4327	+	312	229000607	36973
chr1	228963634	229163634	harbor2	chr1	229001224	229001356	LTR/ERV1	4327	+	66	229001290	37656
chr1	228963634	229163634	harbor2	chr1	229030614	229031230	LTR/ERV1	3370	+	308	229030922	67288
chr1	94636503	94836503	harbor2	chr1	94659428	94659892	LTR/ERV1	2668	+	232	94659660	23157
chr1	94636503	94836503	harbor2	chr1	94660244	94660299	LTR/ERV1	2668	+	28	94660272	23769
chr1	94636503	94836503	harbor2	chr1	94667658	94668351	LTR/ERV1	4061	+	346	94668004	31501
chr1	94636503	94836503	harbor2	chr1	94734096	94734890	LTR/ERV1	5271	+	397	94734493	97990
chr1	169465864	169665864	harbor2	chr1	169497490	169498007	LTR/ERV1	3794	+	258	169497748	31884
chr1	169465864	169665864	harbor2	chr1	169533865	169534328	LTR/ERV1	4010	+	232	169534097	68233
chr1	68304497	68504497	harbor2	chr1	68347641	68347705	LTR/ERV1	2633	+	32	68347673	43176
chr1	68304497	68504497	harbor2	chr1	68348116	68348732	LTR/ERV1	3192	+	308	68348424	43927
chr1	68304497	68504497	harbor2	chr1	68384988	68385624	LTR/ERV1	4378	+	318	68385306	80809
chr1	68304497	68504497	harbor2	chr1	68386004	68386437	LTR/ERV1	2625	+	216	68386220	81723
chr1	68304497	68504497	harbor2	chr1	68389664	68389813	LTR/ERV1	938	+	74	68389738	85241
chr1	68304497	68504497	harbor2	chr1	68389804	68390303	LTR/ERV1	3303	+	250	68390054	85557
chr1	68304497	68504497	harbor2	chr1	68390306	68390968	LTR/ERV1	4238	+	331	68390637	86140
chr1	68304497	68504497	harbor2	chr1	68390966	68391185	LTR/ERV1	1355	+	110	68391076	86579
chr1	68304497	68504497	harbor2	chr1	68391184	68391562	LTR/ERV1	2614	+	189	68391373	86876
chr1	68304497	68504497	harbor2	chr1	68391563	68391992	LTR/ERV1	2626	+	214	68391777	87280
chr1	68304497	68504497	harbor2	chr1	68386440	68389684	LTR/ERV1	16011	+	1622	68388062	83565
chr1	216117544	216317544	harbor2	chr1	216145601	216146051	LTR/ERV1	3458	+	225	216145826	28282
chr1	216117544	216317544	harbor2	chr1	216146054	216148964	LTR/ERV1	16648	+	1455	216147509	29965
chr1	216117544	216317544	harbor2	chr1	216148944	216149090	LTR/ERV1	834	+	73	216149017	31473
chr1	216117544	216317544	harbor2	chr1	216149081	216152206	LTR/ERV1	23345	+	1562	216150643	33099
chr1	216117544	216317544	harbor2	chr1	216152207	216152688	LTR/ERV1	3280	+	240	216152447	34903
chr1	216117544	216317544	harbor2	chr1	216152721	216153483	LTR/ERV1	4602	+	381	216153102	35558
chr1	216117544	216317544	harbor2	chr1	216155041	216155779	LTR/ERV1	3804	+	369	216155410	37866
chr1	216117544	216317544	harbor2	chr1	216167185	216167881	LTR/ERV1	4003	+	348	216167533	49989
chr1	216117544	216317544	harbor2	chr1	216168381	216169112	LTR/ERV1	3442	+	366	216168747	51203
chr1	216087751	216287751	harbor2	chr1	216145601	216146051	LTR/ERV1	3458	+	225	216145826	58075
chr1	216087751	216287751	harbor2	chr1	216146054	216148964	LTR/ERV1	16648	+	1455	216147509	59758
chr1	216087751	216287751	harbor2	chr1	216148944	216149090	LTR/ERV1	834	+	73	216149017	61266
chr1	216087751	216287751	harbor2	chr1	216149081	216152206	LTR/ERV1	23345	+	1562	216150643	62892
chr1	216087751	216287751	harbor2	chr1	216152207	216152688	LTR/ERV1	3280	+	240	216152447	64696
chr1	216087751	216287751	harbor2	chr1	216152721	216153483	LTR/ERV1	4602	+	381	216153102	65351
chr1	216087751	216287751	harbor2	chr1	216155041	216155779	LTR/ERV1	3804	+	369	216155410	67659
chr1	216087751	216287751	harbor2	chr1	216167185	216167881	LTR/ERV1	4003	+	348	216167533	79782
chr1	216087751	216287751	harbor2	chr1	216168381	216169112	LTR/ERV1	3442	+	366	216168747	80996
chr1	241404803	241604803	harbor2	chr1	241408302	241408498	LTR/ERV1	468	+	98	241408400	3597
chr1	241404803	241604803	harbor2	chr1	241423790	241424236	LTR/ERV1	1198	+	223	241424013	19210
chr1	241404803	241604803	harbor2	chr1	241424635	241424984	LTR/ERV1	1055	+	174	241424809	20006
chr1	241404803	241604803	harbor2	chr1	241433042	241433568	LTR/ERV1	2931	+	263	241433305	28502
chr1	241404803	241604803	harbor2	chr1	241433889	241434289	LTR/ERV1	2755	+	200	241434089	29286
chr1	241404803	241604803	harbor2	chr1	241438224	241438887	LTR/ERV1	4454	+	332	241438556	33753
chr1	241404803	241604803	harbor2	chr1	241438889	241439104	LTR/ERV1	1358	+	108	241438997	34194
chr1	241404803	241604803	harbor2	chr1	241439105	241439481	LTR/ERV1	2384	+	188	241439293	34490
chr1	241404803	241604803	harbor2	chr1	241439482	241439882	LTR/ERV1	2735	+	200	241439682	34879
chr1	241404803	241604803	harbor2	chr1	241463690	241463826	LTR/ERV1	1694	+	68	241463758	58955
chr1	241404803	241604803	harbor2	chr1	241464181	241464456	LTR/ERV1	1694	+	138	241464319	59516
chr1	241404803	241604803	harbor2	chr1	241464767	241464914	LTR/ERV1	1694	+	74	241464841	60038
chr1	241404803	241604803	harbor2	chr1	241434292	241438221	LTR/ERV1	16543	+	1964	241436256	31453
chr1	238029745	238229745	harbor2	chr1	238053872	238054532	LTR/ERV1	4449	+	330	238054202	24457
chr1	238029745	238229745	harbor2	chr1	238054819	238054905	LTR/ERV1	4449	+	43	238054862	25117
chr1	238029745	238229745	harbor2	chr1	238055900	238056079	LTR/ERV1	1094	+	90	238055990	26245
chr1	238029745	238229745	harbor2	chr1	238056561	238057078	LTR/ERV1	2199	+	258	238056819	27074
chr1	238029745	238229745	harbor2	chr1	238062045	238062541	LTR/ERV1	1688	+	248	238062293	32548
chr1	238029745	238229745	harbor2	chr1	238110091	238110464	LTR/ERV1	1201	+	186	238110277	80532
chr1	238029745	238229745	harbor2	chr1	238116922	238116995	LTR/ERV1	2161	+	36	238116958	87213
chr1	238029745	238229745	harbor2	chr1	238117294	238117831	LTR/ERV1	2300	+	268	238117562	87817
chr1	248058849	248258849	harbor2	chr1	248065772	248066359	LTR/ERV1	2162	+	294	248066066	7217
chr1	248058849	248258849	harbor2	chr1	248089449	248090211	LTR/ERV1	4123	+	381	248089830	30981
chr1	248058849	248258849	harbor2	chr1	248096827	248097259	LTR/ERV1	1077	+	216	248097043	38194
chr1	248058849	248258849	harbor2	chr1	248110936	248111445	LTR/ERV1	1837	+	254	248111190	52341
chr1	248058849	248258849	harbor2	chr1	248111446	248111688	LTR/ERV1	1202	+	121	248111567	52718
chr1	248058849	248258849	harbor2	chr1	248134239	248134445	LTR/ERV1	850	+	103	248134342	75493
chr1	248058849	248258849	harbor2	chr1	248135315	248135510	LTR/ERV1	883	+	98	248135413	76564
chr1	238096011	238296011	harbor2	chr1	238110091	238110464	LTR/ERV1	1201	+	186	238110277	14266
chr1	238096011	238296011	harbor2	chr1	238116922	238116995	LTR/ERV1	2161	+	36	238116958	20947
chr1	238096011	238296011	harbor2	chr1	238117294	238117831	LTR/ERV1	2300	+	268	238117562	21551
chr1	238096011	238296011	harbor2	chr1	238136744	238136953	LTR/ERV1	1388	+	104	238136848	40837
chr1	238096011	238296011	harbor2	chr1	238139492	238140253	LTR/ERV1	4381	+	380	238139872	43861
chr1	238096011	238296011	harbor2	chr1	238174986	238175118	LTR/ERV1	2180	+	66	238175052	79041
chr1	238096011	238296011	harbor2	chr1	238175119	238175550	LTR/ERV1	2906	+	216	238175335	79324
chr1	238096011	238296011	harbor2	chr1	238175551	238175975	LTR/ERV1	2180	+	212	238175763	79752
chr1	238096011	238296011	harbor2	chr1	238176395	238176681	LTR/ERV1	927	+	143	238176538	80527
chr1	238096011	238296011	harbor2	chr1	238176705	238176980	LTR/ERV1	1877	+	138	238176843	80832
chr1	238096011	238296011	harbor2	chr1	238177257	238177318	LTR/ERV1	1877	+	30	238177287	81276
chr1	238096011	238296011	harbor2	chr1	238177319	238177747	LTR/ERV1	2602	+	214	238177533	81522
chr1	238096011	238296011	harbor2	chr1	238177971	238178961	LTR/ERV1	13207	+	495	238178466	82455
chr1	238096011	238296011	harbor2	chr1	238179240	238179251	LTR/ERV1	13207	+	6	238179246	83235
chr1	238096011	238296011	harbor2	chr1	238179921	238180750	LTR/ERV1	13207	+	414	238180335	84324
chr1	238096011	238296011	harbor2	chr1	238180786	238180929	LTR/ERV1	13207	+	72	238180858	84847
chr1	238096011	238296011	harbor2	chr1	238180916	238181724	LTR/ERV1	5499	+	404	238181320	85309
chr1	238096011	238296011	harbor2	chr1	238181728	238182191	LTR/ERV1	2424	+	232	238181960	85949
chr1	238096011	238296011	harbor2	chr1	238182192	238182411	LTR/ERV1	906	+	110	238182302	86291
chr1	237409367	237609367	harbor2	chr1	237488520	237488901	LTR/ERV1	2376	+	190	237488710	79343
chr1	248149923	248349923	harbor2	chr1	248210437	248210931	LTR/ERV1	3658	+	247	248210684	60761
chr1	171922557	172122557	harbor2	chr1	171943246	171943852	LTR/ERV1	3026	+	303	171943549	20992
chr1	171922557	172122557	harbor2	chr1	171963835	171964669	LTR/ERV1	5732	+	417	171964252	41695
chr1	171922557	172122557	harbor2	chr1	171967363	171968055	LTR/ERV1	2244	+	346	171967709	45152
chr1	112868264	113068264	harbor2	chr1	112868739	112869244	LTR/ERV1	4083	+	252	112868991	727
chr1	112868264	113068264	harbor2	chr1	112869455	112869734	LTR/ERV1	1582	+	140	112869595	1331
chr1	112868264	113068264	harbor2	chr1	112870026	112870265	LTR/ERV1	1582	+	120	112870146	1882
chr1	112868264	113068264	harbor2	chr1	112872588	112872758	LTR/ERV1	673	+	85	112872673	4409
chr1	112868264	113068264	harbor2	chr1	112872728	112873259	LTR/ERV1	1210	+	266	112872994	4730
chr1	112868264	113068264	harbor2	chr1	112873275	112873495	LTR/ERV1	483	+	110	112873385	5121
chr1	112868264	113068264	harbor2	chr1	112894526	112895956	LTR/ERV1	7674	+	715	112895241	26977
chr1	182959835	183159835	harbor2	chr1	183035825	183036093	LTR/ERV1	589	+	134	183035959	76124
chr1	181478814	181678814	harbor2	chr1	181540478	181540871	LTR/ERV1	1322	+	196	181540674	61860
chr1	181478814	181678814	harbor2	chr1	181541091	181541195	LTR/ERV1	1322	+	52	181541143	62329
chr1	223003259	223203259	harbor2	chr1	223019273	223019854	LTR/ERV1	3786	+	290	223019563	16304
chr1	223003259	223203259	harbor2	chr1	223032587	223033134	LTR/ERV1	4375	+	274	223032861	29602
chr1	223003259	223203259	harbor2	chr1	223049812	223050053	LTR/ERV1	2890	+	120	223049932	46673
chr1	223003259	223203259	harbor2	chr1	223050350	223050532	LTR/ERV1	2890	+	91	223050441	47182
chr1	223003259	223203259	harbor2	chr1	223069867	223070409	LTR/ERV1	4002	+	271	223070138	66879
chr1	225075764	225275764	harbor2	chr1	225119851	225119972	LTR/ERV1	475	+	60	225119911	44147
chr1	225075764	225275764	harbor2	chr1	225120700	225120732	LTR/ERV1	475	+	16	225120716	44952
chr1	117649996	117849996	harbor2	chr1	117732411	117732868	LTR/ERV1	2154	+	228	117732639	82643
chr1	240918967	241118967	harbor2	chr1	240936794	240937368	LTR/ERV1	3726	+	287	240937081	18114
chr1	240918967	241118967	harbor2	chr1	240939566	240939788	LTR/ERV1	3095	+	111	240939677	20710
chr1	240918967	241118967	harbor2	chr1	240940086	240940436	LTR/ERV1	3095	+	175	240940261	21294
chr1	240918967	241118967	harbor2	chr1	240988833	240989157	LTR/ERV1	2547	+	162	240988995	70028
chr1	240918967	241118967	harbor2	chr1	240989447	240989692	LTR/ERV1	2547	+	122	240989569	70602
chr1	240918967	241118967	harbor2	chr1	241008563	241008630	LTR/ERV1	3210	+	34	241008597	89630
chr1	240918967	241118967	harbor2	chr1	241008941	241009453	LTR/ERV1	3210	+	256	241009197	90230
chr1	240918967	241118967	harbor2	chr1	241011535	241012083	LTR/ERV1	3318	+	274	241011809	92842
chr1	240918967	241118967	harbor2	chr1	241012591	241013053	LTR/ERV1	1490	+	231	241012822	93855
chr1	240918967	241118967	harbor2	chr1	241013363	241013533	LTR/ERV1	518	+	85	241013448	94481
chr1	191159213	191359213	harbor2	chr1	191183688	191184104	LTR/ERV1	1173	+	208	191183896	24683
chr1	196709840	196909840	harbor2	chr1	196710069	196710379	LTR/ERV1	1507	+	155	196710224	384
chr1	196709840	196909840	harbor2	chr1	196808619	196810112	LTR/ERV1	8653	+	746	196809365	99525
chr1	177842334	178042334	harbor2	chr1	177854747	177854989	LTR/ERV1	551	+	121	177854868	12534
chr1	177842334	178042334	harbor2	chr1	177855535	177855881	LTR/ERV1	611	+	173	177855708	13374
chr1	177842334	178042334	harbor2	chr1	177937735	177938637	LTR/ERV1	5352	+	451	177938186	95852
chr1	96990780	97190780	harbor2	chr1	97037239	97037575	LTR/ERV1	1855	+	168	97037407	46627
chr1	96990780	97190780	harbor2	chr1	97061574	97062113	LTR/ERV1	1554	+	270	97061844	71064
chr1	96990780	97190780	harbor2	chr1	96993279	96993919	LTR/ERV1	2819	+	320	96993599	2819
chr1	220478557	220678557	harbor2	chr1	220545825	220546273	LTR/ERV1	1640	+	224	220546049	67492
chr1	99208777	99408777	harbor2	chr1	99217901	99218606	LTR/ERV1	3742	+	352	99218253	9476
chr1	238231855	238431855	harbor2	chr1	238320058	238320381	LTR/ERV1	2193	+	162	238320220	88365
chr1	238231855	238431855	harbor2	chr1	238320700	238320803	LTR/ERV1	2193	+	52	238320752	88897
chr1	47995342	48195342	harbor2	chr1	48092522	48092807	LTR/ERV1	713	+	142	48092664	97322
chr1	228367517	228567517	harbor2	chr1	228379649	228379902	LTR/ERV1	435	+	126	228379775	12258
chr1	228367517	228567517	harbor2	chr1	228404513	228405002	LTR/ERV1	1746	+	244	228404757	37240
chr1	228367517	228567517	harbor2	chr1	228411910	228411996	LTR/ERV1	484	+	43	228411953	44436
chr1	228367517	228567517	harbor2	chr1	228412029	228412478	LTR/ERV1	1609	+	224	228412253	44736
chr1	228367517	228567517	harbor2	chr1	228413509	228413699	LTR/ERV1	483	+	95	228413604	46087
chr1	228367517	228567517	harbor2	chr1	228414008	228414431	LTR/ERV1	889	+	212	228414220	46703
chr1	228367517	228567517	harbor2	chr1	228415380	228415651	LTR/ERV1	427	+	136	228415516	47999
chr1	228367517	228567517	harbor2	chr1	228419092	228419281	LTR/ERV1	718	+	94	228419186	51669
chr1	228367517	228567517	harbor2	chr1	228426452	228426649	LTR/ERV1	964	+	98	228426550	59033
chr1	228367517	228567517	harbor2	chr1	228427669	228428047	LTR/ERV1	1348	+	189	228427858	60341
chr1	228367517	228567517	harbor2	chr1	228428051	228428077	LTR/ERV1	1269	+	13	228428064	60547
chr1	228367517	228567517	harbor2	chr1	228428488	228428892	LTR/ERV1	1269	+	202	228428690	61173
chr1	228367517	228567517	harbor2	chr1	228432733	228433482	LTR/ERV1	5221	+	374	228433107	65590
chr1	228367517	228567517	harbor2	chr1	228433706	228434175	LTR/ERV1	3659	+	234	228433940	66423
chr1	228367517	228567517	harbor2	chr1	228439310	228439648	LTR/ERV1	1005	+	169	228439479	71962
chr1	228367517	228567517	harbor2	chr1	228441036	228441453	LTR/ERV1	1115	+	208	228441244	73727
chr1	228367517	228567517	harbor2	chr1	228442700	228443299	LTR/ERV1	4183	+	300	228443000	75483
chr1	228367517	228567517	harbor2	chr1	228448572	228449099	LTR/ERV1	3676	+	264	228448836	81319
chr1	228367517	228567517	harbor2	chr1	228449633	228449748	LTR/ERV1	868	+	58	228449691	82174
chr1	228367517	228567517	harbor2	chr1	228466255	228466524	LTR/ERV1	2330	+	134	228466389	98872
chr1	228367517	228567517	harbor2	chr1	228466886	228467076	LTR/ERV1	2330	+	95	228466981	99464
chr1	215415829	215615829	harbor2	chr1	215423247	215423718	LTR/ERV1	2419	+	236	215423483	7654
chr1	89919810	90119810	harbor2	chr1	89952738	89953657	LTR/ERV1	3799	+	460	89953198	33388
chr1	89919810	90119810	harbor2	chr1	89955198	89955825	LTR/ERV1	2987	+	314	89955512	35702
chr1	89919810	90119810	harbor2	chr1	89965868	89966129	LTR/ERV1	2144	+	130	89965998	46188
chr1	89919810	90119810	harbor2	chr1	89966458	89966814	LTR/ERV1	2144	+	178	89966636	46826
chr1	218998799	219198799	harbor2	chr1	219038547	219038981	LTR/ERV1	2174	+	217	219038764	39965
chr1	218998799	219198799	harbor2	chr1	219038999	219039288	LTR/ERV1	844	+	144	219039143	40344
chr1	218998799	219198799	harbor2	chr1	219040036	219040733	LTR/ERV1	2873	+	348	219040384	41585
chr1	218998799	219198799	harbor2	chr1	219041801	219042605	LTR/ERV1	4538	+	402	219042203	43404
chr1	218998799	219198799	harbor2	chr1	219042646	219045276	LTR/ERV1	4003	+	1315	219043961	45162
chr1	218998799	219198799	harbor2	chr1	219045440	219045922	LTR/ERV1	1977	+	241	219045681	46882
chr1	218998799	219198799	harbor2	chr1	219045923	219046294	LTR/ERV1	1294	+	186	219046109	47310
chr1	218998799	219198799	harbor2	chr1	219062073	219062451	LTR/ERV1	2374	+	189	219062262	63463
chr1	187686169	187886169	harbor2	chr1	187703433	187704854	LTR/ERV1	10226	+	710	187704143	17974
chr1	187686169	187886169	harbor2	chr1	187738980	187739472	LTR/ERV1	1114	+	246	187739226	53057
chr1	235513665	235713665	harbor2	chr1	235567882	235568238	LTR/ERV1	2009	+	178	235568060	54395
chr1	235513665	235713665	harbor2	chr1	235591864	235592223	LTR/ERV1	4694	+	180	235592044	78379
chr1	235513665	235713665	harbor2	chr1	235592526	235592947	LTR/ERV1	4694	+	210	235592736	79071
chr1	176849541	177049541	harbor2	chr1	176940149	176940694	LTR/ERV1	2766	+	272	176940421	90880
chr1	176849541	177049541	harbor2	chr1	176942523	176942820	LTR/ERV1	3556	+	148	176942671	93130
chr1	176849541	177049541	harbor2	chr1	176942867	176943038	LTR/ERV1	3556	+	86	176942953	93412
chr1	219599758	219799758	harbor2	chr1	219620554	219620754	LTR/ERV1	513	+	100	219620654	20896
chr1	226058123	226258123	harbor2	chr1	226124371	226124725	LTR/ERV1	2345	+	177	226124548	66425
chr1	205142037	205342037	harbor2	chr1	205193391	205193588	LTR/ERV1	2116	+	98	205193489	51452
chr1	205142037	205342037	harbor2	chr1	205193888	205194302	LTR/ERV1	2116	+	207	205194095	52058
chr1	190556118	190756118	harbor2	chr1	190562607	190563525	LTR/ERV1	4094	+	459	190563066	6948
chr1	190556118	190756118	harbor2	chr1	190590009	190590376	LTR/ERV1	1840	+	184	190590193	34075
chr1	190556118	190756118	harbor2	chr1	190592057	190592255	LTR/ERV1	786	+	99	190592156	36038
chr1	190556118	190756118	harbor2	chr1	190593095	190593260	LTR/ERV1	3967	+	82	190593177	37059
chr1	190556118	190756118	harbor2	chr1	190594245	190594390	LTR/ERV1	3967	+	72	190594317	38199
chr1	190556118	190756118	harbor2	chr1	190594394	190594706	LTR/ERV1	928	+	156	190594550	38432
chr1	190556118	190756118	harbor2	chr1	190595017	190595178	LTR/ERV1	928	+	80	190595097	38979
chr1	104648807	104848807	harbor2	chr1	104705563	104706016	LTR/ERV1	2502	+	226	104705789	56982
chr1	176199391	176399391	harbor2	chr1	176220287	176220801	LTR/ERV1	3251	+	257	176220544	21153
chr1	176199391	176399391	harbor2	chr1	176221180	176221286	LTR/ERV1	761	+	53	176221233	21842
chr1	176199391	176399391	harbor2	chr1	176224110	176224403	LTR/ERV1	1247	+	146	176224256	24865
chr1	176199391	176399391	harbor2	chr1	176224612	176224779	LTR/ERV1	981	+	84	176224696	25305
chr1	176199391	176399391	harbor2	chr1	176225593	176226163	LTR/ERV1	4221	+	285	176225878	26487
chr1	176199391	176399391	harbor2	chr1	176226465	176226601	LTR/ERV1	4221	+	68	176226533	27142
chr1	176199391	176399391	harbor2	chr1	176242912	176243649	LTR/ERV1	3018	+	368	176243280	43889
chr1	225698716	225898716	harbor2	chr1	225722798	225722818	LTR/ERV1	2027	+	10	225722808	24092
chr1	225698716	225898716	harbor2	chr1	225723403	225723755	LTR/ERV1	2027	+	176	225723579	24863
chr1	225698716	225898716	harbor2	chr1	225722354	225722494	LTR/ERV1	2027	+	70	225722424	23708
chr1	181855680	182055680	harbor2	chr1	181899225	181899758	LTR/ERV1	2508	+	266	181899491	43811
chr1	181855680	182055680	harbor2	chr1	181899759	181900348	LTR/ERV1	3820	+	294	181900053	44373
chr1	181855680	182055680	harbor2	chr1	181900349	181900386	LTR/ERV1	2508	+	18	181900367	44687
chr1	181855680	182055680	harbor2	chr1	181902006	181902302	LTR/ERV1	1477	+	148	181902154	46474
chr1	181855680	182055680	harbor2	chr1	181902583	181902834	LTR/ERV1	506	+	126	181902709	47029
chr1	181855680	182055680	harbor2	chr1	181926694	181927413	LTR/ERV1	1849	+	360	181927054	71374
chr1	213152903	213352903	harbor2	chr1	213207136	213207669	LTR/ERV1	1438	+	266	213207402	54499
chr1	213152903	213352903	harbor2	chr1	213207973	213208067	LTR/ERV1	1438	+	47	213208020	55117
chr1	201140882	201340882	harbor2	chr1	201165849	201166294	LTR/ERV1	3094	+	222	201166071	25189
chr1	116163884	116363884	harbor2	chr1	116241861	116242307	LTR/ERV1	1969	+	223	116242084	78200
chr1	116163884	116363884	harbor2	chr1	116254074	116254948	LTR/ERV1	5072	+	437	116254511	90627
chr1	154343451	154543451	harbor2	chr1	154358894	154359365	LTR/ERV1	4191	+	236	154359130	15679
chr1	154343451	154543451	harbor2	chr1	154359732	154359779	LTR/ERV1	4191	+	24	154359756	16305
chr1	154343451	154543451	harbor2	chr1	154360093	154360216	LTR/ERV1	4191	+	62	154360155	16704
chr1	154343451	154543451	harbor2	chr1	154361930	154362553	LTR/ERV1	4889	+	312	154362242	18791
chr1	154343451	154543451	harbor2	chr1	154362859	154362914	LTR/ERV1	4889	+	28	154362887	19436
chr1	154343451	154543451	harbor2	chr1	154371485	154371947	LTR/ERV1	3334	+	231	154371716	28265
chr1	202052412	202252412	harbor2	chr1	202080896	202081185	LTR/ERV1	1377	+	144	202081040	28628
chr1	202052412	202252412	harbor2	chr1	202081488	202081672	LTR/ERV1	1377	+	92	202081580	29168
chr1	202052412	202252412	harbor2	chr1	202090234	202090360	LTR/ERV1	894	+	63	202090297	37885
chr1	202052412	202252412	harbor2	chr1	202090963	202091055	LTR/ERV1	483	+	46	202091009	38597
chr1	248051005	248251005	harbor2	chr1	248065772	248066359	LTR/ERV1	2162	+	294	248066066	15061
chr1	248051005	248251005	harbor2	chr1	248089449	248090211	LTR/ERV1	4123	+	381	248089830	38825
chr1	248051005	248251005	harbor2	chr1	248096827	248097259	LTR/ERV1	1077	+	216	248097043	46038
chr1	248051005	248251005	harbor2	chr1	248110936	248111445	LTR/ERV1	1837	+	254	248111190	60185
chr1	248051005	248251005	harbor2	chr1	248111446	248111688	LTR/ERV1	1202	+	121	248111567	60562
chr1	248051005	248251005	harbor2	chr1	248134239	248134445	LTR/ERV1	850	+	103	248134342	83337
chr1	248051005	248251005	harbor2	chr1	248135315	248135510	LTR/ERV1	883	+	98	248135413	84408
chr1	73702043	73902043	harbor2	chr1	73708172	73708860	LTR/ERV1	4157	+	344	73708516	6473
chr1	73702043	73902043	harbor2	chr1	73709098	73709653	LTR/ERV1	1867	+	278	73709376	7333
chr1	73702043	73902043	harbor2	chr1	73770358	73771842	LTR/ERV1	6759	+	742	73771100	69057
chr1	192878717	193078717	harbor2	chr1	192909529	192909960	LTR/ERV1	2651	+	216	192909745	31028
chr1	192878717	193078717	harbor2	chr1	192911630	192912377	LTR/ERV1	4593	+	374	192912004	33287
chr1	192878717	193078717	harbor2	chr1	192963226	192963605	LTR/ERV1	881	+	190	192963416	84699
chr1	102484159	102684159	harbor2	chr1	102495379	102495721	LTR/ERV1	1066	+	171	102495550	11391
chr1	102484159	102684159	harbor2	chr1	102498868	102499466	LTR/ERV1	1514	+	299	102499167	15008
chr1	102484159	102684159	harbor2	chr1	102539624	102540283	LTR/ERV1	1850	+	330	102539954	55795
chr1	102484159	102684159	harbor2	chr1	102553624	102553783	LTR/ERV1	1039	+	80	102553704	69545
chr1	102484159	102684159	harbor2	chr1	102554612	102555333	LTR/ERV1	3679	+	360	102554972	70813
chr1	84421661	84621661	harbor2	chr1	84450292	84450433	LTR/ERV1	794	+	70	84450362	28701
chr1	84421661	84621661	harbor2	chr1	84463526	84463986	LTR/ERV1	1085	+	230	84463756	42095
chr1	84421661	84621661	harbor2	chr1	84464020	84464437	LTR/ERV1	680	+	208	84464228	42567
chr1	188904227	189104227	harbor2	chr1	188958900	188959361	LTR/ERV1	3066	+	230	188959130	54903
chr1	188904227	189104227	harbor2	chr1	188990171	188991044	LTR/ERV1	4716	+	436	188990607	86380
chr1	246157927	246357927	harbor2	chr1	246219081	246220045	LTR/ERV1	5712	+	482	246219563	61636
chr1	246157927	246357927	harbor2	chr1	246220241	246221940	LTR/ERV1	3975	+	850	246221091	63164
chr1	244323369	244523369	harbor2	chr1	244350717	244351134	LTR/ERV1	3046	+	208	244350925	27556
chr1	238340873	238540873	harbor2	chr1	238354482	238355337	LTR/ERV1	4212	+	428	238354910	14037
chr1	238340873	238540873	harbor2	chr1	238408880	238409614	LTR/ERV1	3201	+	367	238409247	68374
chr1	238340873	238540873	harbor2	chr1	238412963	238413293	LTR/ERV1	1820	+	165	238413128	72255
chr1	187375490	187575490	harbor2	chr1	187407659	187408007	LTR/ERV1	2525	+	174	187407833	32343
chr1	187375490	187575490	harbor2	chr1	187408560	187408684	LTR/ERV1	852	+	62	187408622	33132
chr1	187375490	187575490	harbor2	chr1	187410263	187410340	LTR/ERV1	531	+	38	187410301	34811
chr1	187375490	187575490	harbor2	chr1	187415803	187416440	LTR/ERV1	3672	+	318	187416121	40631
chr1	187375490	187575490	harbor2	chr1	187418027	187418632	LTR/ERV1	3183	+	302	187418329	42839
chr1	187375490	187575490	harbor2	chr1	187429318	187429953	LTR/ERV1	2292	+	318	187429636	54146
chr1	187375490	187575490	harbor2	chr1	187435535	187436008	LTR/ERV1	803	+	236	187435771	60281
chr1	187375490	187575490	harbor2	chr1	187468808	187468895	LTR/ERV1	2696	+	44	187468852	93362
chr1	187375490	187575490	harbor2	chr1	187469207	187469563	LTR/ERV1	2696	+	178	187469385	93895
chr1	187375490	187575490	harbor2	chr1	187469565	187470557	LTR/ERV1	2191	+	496	187470061	94571
chr1	187375490	187575490	harbor2	chr1	187470596	187470661	LTR/ERV1	2191	+	32	187470628	95138
chr1	187375490	187575490	harbor2	chr1	187470656	187470811	LTR/ERV1	621	+	78	187470734	95244
chr1	187375490	187575490	harbor2	chr1	187470812	187471048	LTR/ERV1	1561	+	118	187470930	95440
chr1	227568675	227768675	harbor2	chr1	227621696	227622569	LTR/ERV1	5114	+	436	227622132	53457
chr1	227568675	227768675	harbor2	chr1	227635085	227635512	LTR/ERV1	1290	+	214	227635299	66624
chr1	227568675	227768675	harbor2	chr1	227641415	227642019	LTR/ERV1	2032	+	302	227641717	73042
chr1	218004616	218204616	harbor2	chr1	218007367	218007815	LTR/ERV1	3142	+	224	218007591	2975
chr1	218004616	218204616	harbor2	chr1	218007819	218008286	LTR/ERV1	2740	+	234	218008053	3437
chr1	218004616	218204616	harbor2	chr1	218008872	218009084	LTR/ERV1	1029	+	106	218008978	4362
chr1	218004616	218204616	harbor2	chr1	218015314	218016996	LTR/ERV1	9733	+	841	218016155	11539
chr1	218004616	218204616	harbor2	chr1	218018276	218019290	LTR/ERV1	9733	+	507	218018783	14167
chr1	218004616	218204616	harbor2	chr1	218019287	218020086	LTR/ERV1	16415	+	400	218019687	15071
chr1	218004616	218204616	harbor2	chr1	218020087	218021045	LTR/ERV1	6129	+	479	218020566	15950
chr1	218004616	218204616	harbor2	chr1	218022470	218023220	LTR/ERV1	16415	+	375	218022845	18229
chr1	218004616	218204616	harbor2	chr1	218023222	218023674	LTR/ERV1	3070	+	226	218023448	18832
chr1	218004616	218204616	harbor2	chr1	218025978	218026516	LTR/ERV1	3791	+	269	218026247	21631
chr1	218004616	218204616	harbor2	chr1	218092979	218093534	LTR/ERV1	3623	+	278	218093257	88641
chr1	218004616	218204616	harbor2	chr1	218021046	218022173	LTR/ERV1	16415	+	564	218021610	16994
chr1	234711861	234911861	harbor2	chr1	234779566	234779791	LTR/ERV1	2840	+	112	234779678	67817
chr1	234711861	234911861	harbor2	chr1	234780082	234780455	LTR/ERV1	2840	+	186	234780268	68407
chr1	234711861	234911861	harbor2	chr1	234783082	234783687	LTR/ERV1	3966	+	302	234783384	71523
chr1	148386489	148586489	harbor2	chr1	148392140	148392301	LTR/ERV1	906	+	80	148392220	5731
chr1	148386489	148586489	harbor2	chr1	148392302	148392458	LTR/ERV1	792	+	78	148392380	5891
chr1	148386489	148586489	harbor2	chr1	148392459	148392618	LTR/ERV1	3639	+	80	148392539	6050
chr1	148386489	148586489	harbor2	chr1	148392925	148393194	LTR/ERV1	3639	+	134	148393059	6570
chr1	148386489	148586489	harbor2	chr1	148393493	148393709	LTR/ERV1	3639	+	108	148393601	7112
chr1	148386489	148586489	harbor2	chr1	148393710	148393724	LTR/ERV1	792	+	7	148393717	7228
chr1	148386489	148586489	harbor2	chr1	148395158	148395173	LTR/ERV1	1108	+	8	148395166	8677
chr1	148386489	148586489	harbor2	chr1	148395174	148395248	LTR/ERV1	3364	+	37	148395211	8722
chr1	148386489	148586489	harbor2	chr1	148395561	148395659	LTR/ERV1	3364	+	49	148395610	9121
chr1	148386489	148586489	harbor2	chr1	148395958	148396192	LTR/ERV1	3364	+	117	148396075	9586
chr1	148386489	148586489	harbor2	chr1	148396507	148396800	LTR/ERV1	3364	+	146	148396653	10164
chr1	148386489	148586489	harbor2	chr1	148396801	148397049	LTR/ERV1	1108	+	124	148396925	10436
chr1	148386489	148586489	harbor2	chr1	148397052	148397152	LTR/ERV1	421	+	50	148397102	10613
chr1	148386489	148586489	harbor2	chr1	148397760	148397943	LTR/ERV1	669	+	92	148397852	11363
chr1	148386489	148586489	harbor2	chr1	148398576	148398760	LTR/ERV1	669	+	92	148398668	12179
chr1	148386489	148586489	harbor2	chr1	148399065	148399089	LTR/ERV1	651	+	12	148399077	12588
chr1	148386489	148586489	harbor2	chr1	148406830	148407280	LTR/ERV1	2273	+	225	148407055	20566
chr1	148386489	148586489	harbor2	chr1	148407403	148407613	LTR/ERV1	500	+	105	148407508	21019
chr1	148386489	148586489	harbor2	chr1	148411825	148412321	LTR/ERV1	3323	+	248	148412073	25584
chr1	148386489	148586489	harbor2	chr1	148389678	148390229	LTR/ERV1	3623	+	276	148389954	3465
chr1	224298679	224498679	harbor2	chr1	224338555	224338864	LTR/ERV1	1525	+	154	224338709	40030
chr1	248343681	248543681	harbor2	chr1	248407276	248407611	LTR/ERV1	1170	+	168	248407444	63763
chr1	248343681	248543681	harbor2	chr1	248418050	248418822	LTR/ERV1	4014	+	386	248418436	74755
chr1	248343681	248543681	harbor2	chr1	248419621	248420224	LTR/ERV1	2751	+	302	248419923	76242
chr1	248343681	248543681	harbor2	chr1	248423513	248423607	LTR/ERV1	498	+	47	248423560	79879
chr1	248343681	248543681	harbor2	chr1	248425517	248426346	LTR/ERV1	3928	+	414	248425931	82250
chr1	248343681	248543681	harbor2	chr1	248426420	248426775	LTR/ERV1	723	+	178	248426598	82917
chr1	248343681	248543681	harbor2	chr1	248427475	248428043	LTR/ERV1	1530	+	284	248427759	84078
chr1	231106840	231306840	harbor2	chr1	231159392	231159856	LTR/ERV1	2367	+	232	231159624	52784
chr2	224224135	224424135	harbor2	chr2	224225331	224225728	LTR/ERV1	2588	+	198	224225529	1394
chr2	224224135	224424135	harbor2	chr2	224225731	224228693	LTR/ERV1	19131	+	1481	224227212	3077
chr2	224224135	224424135	harbor2	chr2	224228688	224228835	LTR/ERV1	798	+	74	224228762	4627
chr2	224224135	224424135	harbor2	chr2	224228826	224229328	LTR/ERV1	3248	+	251	224229077	4942
chr2	224224135	224424135	harbor2	chr2	224229331	224229991	LTR/ERV1	4050	+	330	224229661	5526
chr2	224224135	224424135	harbor2	chr2	224229993	224230209	LTR/ERV1	1293	+	108	224230101	5966
chr2	224224135	224424135	harbor2	chr2	224230210	224230586	LTR/ERV1	2159	+	188	224230398	6263
chr2	224224135	224424135	harbor2	chr2	224230587	224230986	LTR/ERV1	2660	+	200	224230787	6652
chr2	224224135	224424135	harbor2	chr2	224241873	224242363	LTR/ERV1	2630	+	245	224242118	17983
chr2	224224135	224424135	harbor2	chr2	224242719	224243010	LTR/ERV1	907	+	146	224242865	18730
chr2	224224135	224424135	harbor2	chr2	224269209	224269577	LTR/ERV1	1277	+	184	224269393	45258
chr2	224224135	224424135	harbor2	chr2	224290834	224291717	LTR/ERV1	2018	+	442	224291276	67141
chr2	224224135	224424135	harbor2	chr2	224293180	224293196	LTR/ERV1	1314	+	8	224293188	69053
chr2	224224135	224424135	harbor2	chr2	224293241	224293728	LTR/ERV1	1314	+	244	224293485	69350
chr2	224224135	224424135	harbor2	chr2	224297046	224300081	LTR/ERV1	20943	+	1518	224298564	74429
chr2	224224135	224424135	harbor2	chr2	224300068	224300215	LTR/ERV1	871	+	74	224300142	76007
chr2	224224135	224424135	harbor2	chr2	224300206	224300708	LTR/ERV1	3439	+	251	224300457	76322
chr2	224224135	224424135	harbor2	chr2	224300711	224301358	LTR/ERV1	4315	+	324	224301035	76900
chr2	224224135	224424135	harbor2	chr2	224301360	224301575	LTR/ERV1	1356	+	108	224301468	77333
chr2	224224135	224424135	harbor2	chr2	224301576	224301952	LTR/ERV1	2521	+	188	224301764	77629
chr2	224224135	224424135	harbor2	chr2	224301953	224302363	LTR/ERV1	3034	+	205	224302158	78023
chr2	224224135	224424135	harbor2	chr2	224296633	224297043	LTR/ERV1	2965	+	205	224296838	72703
chr2	97739523	97939523	harbor2	chr2	97753054	97753581	LTR/ERV1	2170	+	264	97753318	13795
chr2	97739523	97939523	harbor2	chr2	97821095	97821621	LTR/ERV1	3661	+	263	97821358	81835
chr2	97739523	97939523	harbor2	chr2	97821647	97827149	LTR/ERV1	30614	+	2751	97824398	84875
chr2	97739523	97939523	harbor2	chr2	97829174	97829792	LTR/ERV1	3914	+	309	97829483	89960
chr2	97739523	97939523	harbor2	chr2	97828392	97829173	LTR/ERV1	5576	+	390	97828782	89259
chr2	241845072	242045072	harbor2	chr2	241907419	241907717	LTR/ERV1	2657	+	149	241907568	62496
chr2	241845072	242045072	harbor2	chr2	241908015	241908166	LTR/ERV1	2657	+	76	241908091	63019
chr2	241845072	242045072	harbor2	chr2	241908459	241908578	LTR/ERV1	2657	+	60	241908519	63447
chr2	241845072	242045072	harbor2	chr2	241938747	241939025	LTR/ERV1	1110	+	139	241938886	93814
chr2	241845072	242045072	harbor2	chr2	241940084	241940382	LTR/ERV1	1209	+	149	241940233	95161
chr2	233589012	233789012	harbor2	chr2	233640647	233640858	LTR/ERV1	1437	+	106	233640753	51741
chr2	233589012	233789012	harbor2	chr2	233640860	233641286	LTR/ERV1	2771	+	213	233641073	52061
chr2	191063338	191263338	harbor2	chr2	191067233	191067806	LTR/ERV1	3049	+	286	191067519	4181
chr2	191063338	191263338	harbor2	chr2	191083785	191083981	LTR/ERV1	10154	+	98	191083883	20545
chr2	191063338	191263338	harbor2	chr2	191087346	191087630	LTR/ERV1	1271	+	142	191087488	24150
chr2	191063338	191263338	harbor2	chr2	191084275	191087345	LTR/ERV1	10154	+	1535	191085810	22472
chr2	96700455	96900455	harbor2	chr2	96750722	96750898	LTR/ERV1	643	+	88	96750810	50355
chr2	96700455	96900455	harbor2	chr2	96752227	96752402	LTR/ERV1	477	+	88	96752315	51860
chr2	230510549	230710549	harbor2	chr2	230521195	230521676	LTR/ERV1	2615	+	240	230521435	10886
chr2	230510549	230710549	harbor2	chr2	230521677	230522041	LTR/ERV1	2028	+	182	230521859	11310
chr2	230510549	230710549	harbor2	chr2	230522065	230522411	LTR/ERV1	3457	+	173	230522238	11689
chr2	230510549	230710549	harbor2	chr2	230522442	230522473	LTR/ERV1	3457	+	16	230522458	11909
chr2	230510549	230710549	harbor2	chr2	230522789	230522813	LTR/ERV1	3457	+	12	230522801	12252
chr2	230510549	230710549	harbor2	chr2	230523085	230523370	LTR/ERV1	3457	+	142	230523227	12678
chr2	230510549	230710549	harbor2	chr2	230523516	230523626	LTR/ERV1	6860	+	55	230523571	13022
chr2	230510549	230710549	harbor2	chr2	230523921	230524052	LTR/ERV1	6860	+	66	230523987	13438
chr2	230510549	230710549	harbor2	chr2	230524387	230525442	LTR/ERV1	6860	+	528	230524915	14366
chr2	230510549	230710549	harbor2	chr2	230531580	230532769	LTR/ERV1	17187	+	594	230532174	21625
chr2	230510549	230710549	harbor2	chr2	230533081	230534128	LTR/ERV1	17187	+	524	230533605	23056
chr2	230510549	230710549	harbor2	chr2	230534419	230534915	LTR/ERV1	17187	+	248	230534667	24118
chr2	230510549	230710549	harbor2	chr2	230535208	230535626	LTR/ERV1	17187	+	209	230535417	24868
chr2	230510549	230710549	harbor2	chr2	230535936	230536264	LTR/ERV1	3356	+	164	230536100	25551
chr2	230510549	230710549	harbor2	chr2	230536264	230536353	LTR/ERV1	577	+	44	230536308	25759
chr2	230510549	230710549	harbor2	chr2	230536354	230536841	LTR/ERV1	3080	+	244	230536598	26049
chr2	230510549	230710549	harbor2	chr2	230547991	230548213	LTR/ERV1	3346	+	111	230548102	37553
chr2	230510549	230710549	harbor2	chr2	230548505	230548868	LTR/ERV1	3346	+	182	230548687	38138
chr2	230510549	230710549	harbor2	chr2	230559189	230559732	LTR/ERV1	2713	+	272	230559461	48912
chr2	230510549	230710549	harbor2	chr2	230566503	230566604	LTR/ERV1	590	+	50	230566553	56004
chr2	230510549	230710549	harbor2	chr2	230602982	230603114	LTR/ERV1	609	+	66	230603048	92499
chr2	230510549	230710549	harbor2	chr2	230610138	230610422	LTR/ERV1	521	+	142	230610280	99731
chr2	241957201	242157201	harbor2	chr2	241960160	241960368	LTR/ERV1	991	+	104	241960264	3063
chr2	241957201	242157201	harbor2	chr2	241961118	241961211	LTR/ERV1	414	+	46	241961164	3963
chr2	241957201	242157201	harbor2	chr2	241961230	241961516	LTR/ERV1	447	+	143	241961373	4172
chr2	241957201	242157201	harbor2	chr2	241961748	241961905	LTR/ERV1	436	+	78	241961826	4625
chr2	241957201	242157201	harbor2	chr2	241961988	241962231	LTR/ERV1	476	+	122	241962110	4909
chr2	241957201	242157201	harbor2	chr2	241962309	241962511	LTR/ERV1	601	+	101	241962410	5209
chr2	241957201	242157201	harbor2	chr2	241962516	241963579	LTR/ERV1	2440	+	532	241963048	5847
chr2	241957201	242157201	harbor2	chr2	241963891	241964013	LTR/ERV1	2440	+	61	241963952	6751
chr2	241957201	242157201	harbor2	chr2	241964446	241964825	LTR/ERV1	3179	+	190	241964636	7435
chr2	241957201	242157201	harbor2	chr2	241965133	241965944	LTR/ERV1	3179	+	406	241965539	8338
chr2	241957201	242157201	harbor2	chr2	241970681	241971299	LTR/ERV1	2405	+	309	241970990	13789
chr2	241957201	242157201	harbor2	chr2	241976724	241977072	LTR/ERV1	889	+	174	241976898	19697
chr2	241957201	242157201	harbor2	chr2	241984333	241984884	LTR/ERV1	1408	+	276	241984609	27408
chr2	241957201	242157201	harbor2	chr2	242041023	242041293	LTR/ERV1	695	+	135	242041158	83957
chr2	123192333	123392333	harbor2	chr2	123238112	123238253	LTR/ERV1	658	+	70	123238182	45849
chr2	123192333	123392333	harbor2	chr2	123238347	123238638	LTR/ERV1	1011	+	146	123238493	46160
chr2	123192333	123392333	harbor2	chr2	123289798	123290369	LTR/ERV1	1602	+	286	123290084	97751
chr2	179329043	179529043	harbor2	chr2	179370243	179370774	LTR/ERV1	1748	+	266	179370509	41466
chr2	154137434	154337434	harbor2	chr2	154137811	154138379	LTR/ERV1	1681	+	284	154138095	661
chr2	154137434	154337434	harbor2	chr2	154146516	154147082	LTR/ERV1	2416	+	283	154146799	9365
chr2	229827521	230027521	harbor2	chr2	229887702	229888143	LTR/ERV1	1192	+	220	229887922	60401
chr2	229827521	230027521	harbor2	chr2	229850537	229851942	LTR/ERV1	9791	+	702	229851239	23718
chr2	240485428	240685428	harbor2	chr2	240514967	240515254	LTR/ERV1	12487	+	144	240515111	29683
chr2	240485428	240685428	harbor2	chr2	240515555	240515726	LTR/ERV1	12487	+	86	240515641	30213
chr2	240485428	240685428	harbor2	chr2	240517819	240518017	LTR/ERV1	12487	+	99	240517918	32490
chr2	240485428	240685428	harbor2	chr2	240518017	240518103	LTR/ERV1	459	+	43	240518060	32632
chr2	240485428	240685428	harbor2	chr2	240518110	240518605	LTR/ERV1	2925	+	248	240518358	32930
chr2	240485428	240685428	harbor2	chr2	240524929	240525330	LTR/ERV1	1865	+	200	240525129	39701
chr2	240485428	240685428	harbor2	chr2	240537087	240537233	LTR/ERV1	531	+	73	240537160	51732
chr2	240485428	240685428	harbor2	chr2	240537307	240537574	LTR/ERV1	1251	+	134	240537441	52013
chr2	240485428	240685428	harbor2	chr2	240537704	240538102	LTR/ERV1	2273	+	199	240537903	52475
chr2	240485428	240685428	harbor2	chr2	240538106	240539570	LTR/ERV1	8507	+	732	240538838	53410
chr2	240485428	240685428	harbor2	chr2	240539772	240540330	LTR/ERV1	1546	+	279	240540051	54623
chr2	240485428	240685428	harbor2	chr2	240540349	240540784	LTR/ERV1	2249	+	218	240540567	55139
chr2	240485428	240685428	harbor2	chr2	240540785	240541146	LTR/ERV1	2081	+	180	240540965	55537
chr2	240485428	240685428	harbor2	chr2	240541158	240541502	LTR/ERV1	4148	+	172	240541330	55902
chr2	240485428	240685428	harbor2	chr2	240541801	240541927	LTR/ERV1	4148	+	63	240541864	56436
chr2	240485428	240685428	harbor2	chr2	240542519	240542915	LTR/ERV1	4148	+	198	240542717	57289
chr2	240485428	240685428	harbor2	chr2	240542980	240543067	LTR/ERV1	2424	+	44	240543024	57596
chr2	240485428	240685428	harbor2	chr2	240543386	240544492	LTR/ERV1	4589	+	553	240543939	58511
chr2	240485428	240685428	harbor2	chr2	240550559	240551705	LTR/ERV1	5338	+	573	240551132	65704
chr2	240485428	240685428	harbor2	chr2	240551705	240551795	LTR/ERV1	621	+	45	240551750	66322
chr2	240485428	240685428	harbor2	chr2	240551796	240552264	LTR/ERV1	2105	+	234	240552030	66602
chr2	240485428	240685428	harbor2	chr2	240516004	240517527	LTR/ERV1	12487	+	762	240516766	31338
chr2	189967004	190167004	harbor2	chr2	190048196	190048543	LTR/ERV1	1242	+	174	190048370	81366
chr2	189967004	190167004	harbor2	chr2	190048604	190048749	LTR/ERV1	447	+	72	190048676	81672
chr2	171353917	171553917	harbor2	chr2	171386665	171387393	LTR/ERV1	3985	+	364	171387029	33112
chr2	171353917	171553917	harbor2	chr2	171430677	171431076	LTR/ERV1	5372	+	200	171430877	76960
chr2	171353917	171553917	harbor2	chr2	171431077	171431532	LTR/ERV1	3000	+	228	171431305	77388
chr2	171353917	171553917	harbor2	chr2	171431533	171432248	LTR/ERV1	5372	+	358	171431891	77974
chr2	182581973	182781973	harbor2	chr2	182583420	182583569	LTR/ERV1	596	+	74	182583494	1521
chr2	182581973	182781973	harbor2	chr2	182583583	182583715	LTR/ERV1	467	+	66	182583649	1676
chr2	182581973	182781973	harbor2	chr2	182598938	182599253	LTR/ERV1	932	+	158	182599096	17123
chr2	182581973	182781973	harbor2	chr2	182608018	182608314	LTR/ERV1	3758	+	148	182608166	26193
chr2	182581973	182781973	harbor2	chr2	182608315	182609753	LTR/ERV1	10289	+	719	182609034	27061
chr2	182581973	182781973	harbor2	chr2	182609754	182609810	LTR/ERV1	3758	+	28	182609782	27809
chr2	182581973	182781973	harbor2	chr2	182610111	182610415	LTR/ERV1	3758	+	152	182610263	28290
chr2	235579117	235779117	harbor2	chr2	235656340	235656841	LTR/ERV1	3867	+	250	235656590	77473
chr2	174274517	174474517	harbor2	chr2	174311617	174311655	LTR/ERV1	908	+	19	174311636	37119
chr2	174274517	174474517	harbor2	chr2	174311954	174312227	LTR/ERV1	908	+	136	174312090	37573
chr2	174274517	174474517	harbor2	chr2	174312524	174312592	LTR/ERV1	908	+	34	174312558	38041
chr2	234736652	234936652	harbor2	chr2	234738943	234739534	LTR/ERV1	3180	+	296	234739239	2587
chr2	234736652	234936652	harbor2	chr2	234740554	234740721	LTR/ERV1	1129	+	84	234740638	3986
chr2	234396660	234596660	harbor2	chr2	234434537	234435065	LTR/ERV1	3717	+	264	234434801	38141
chr2	188548667	188748667	harbor2	chr2	188631177	188631888	LTR/ERV1	4012	+	356	188631533	82866
chr2	232266425	232466425	harbor2	chr2	232353498	232353797	LTR/ERV1	1383	+	150	232353648	87223
chr2	232266425	232466425	harbor2	chr2	232354680	232354713	LTR/ERV1	980	+	16	232354696	88271
chr2	232266425	232466425	harbor2	chr2	232355071	232355235	LTR/ERV1	980	+	82	232355153	88728
chr2	232266425	232466425	harbor2	chr2	232361279	232361453	LTR/ERV1	443	+	87	232361366	94941
chr2	232266425	232466425	harbor2	chr2	232361471	232362162	LTR/ERV1	3361	+	346	232361817	95392
chr2	134937452	135137452	harbor2	chr2	134984417	134984609	LTR/ERV1	917	+	96	134984513	47061
chr2	134937452	135137452	harbor2	chr2	134997111	134997208	LTR/ERV1	1078	+	48	134997159	59707
chr2	134937452	135137452	harbor2	chr2	134997831	134998033	LTR/ERV1	1078	+	101	134997932	60480
chr2	197029951	197229951	harbor2	chr2	197040743	197040993	LTR/ERV1	884	+	125	197040868	10917
chr2	197029951	197229951	harbor2	chr2	197085355	197085907	LTR/ERV1	4313	+	276	197085631	55680
chr2	197029951	197229951	harbor2	chr2	197090563	197091411	LTR/ERV1	4619	+	424	197090987	61036
chr2	132934362	133134362	harbor2	chr2	132957517	132958134	LTR/ERV1	3284	+	308	132957825	23463
chr2	132934362	133134362	harbor2	chr2	133022130	133022371	LTR/ERV1	1371	+	120	133022250	87888
chr2	132934362	133134362	harbor2	chr2	133022623	133022876	LTR/ERV1	561	+	126	133022749	88387
chr2	57469719	57669719	harbor2	chr2	57524346	57524672	LTR/ERV1	1694	+	163	57524509	54790
chr2	57469719	57669719	harbor2	chr2	57534024	57534565	LTR/ERV1	1796	+	270	57534294	64575
chr2	57469719	57669719	harbor2	chr2	57550816	57551557	LTR/ERV1	4046	+	370	57551186	81467
chr2	220743709	220943709	harbor2	chr2	220805323	220805907	LTR/ERV1	3697	+	292	220805615	61906
chr2	13955983	14155983	harbor2	chr2	14010765	14010982	LTR/ERV1	1088	+	108	14010873	54890
chr2	13955983	14155983	harbor2	chr2	14011786	14012573	LTR/ERV1	2679	+	394	14012180	56197
chr2	157174367	157374367	harbor2	chr2	157247137	157247564	LTR/ERV1	1211	+	214	157247351	72984
chr2	157174367	157374367	harbor2	chr2	157264746	157265047	LTR/ERV1	518	+	150	157264896	90529
chr2	157174367	157374367	harbor2	chr2	157236753	157237525	LTR/ERV1	4418	+	386	157237139	62772
chr2	225205974	225405974	harbor2	chr2	225286416	225287185	LTR/ERV1	3998	+	384	225286800	80826
chr2	180190418	180390418	harbor2	chr2	180231677	180232443	LTR/ERV1	4970	+	383	180232060	41642
chr2	180190418	180390418	harbor2	chr2	180232468	180232763	LTR/ERV1	2091	+	148	180232616	42198
chr2	180190418	180390418	harbor2	chr2	180232759	180233124	LTR/ERV1	2980	+	182	180232941	42523
chr2	180190418	180390418	harbor2	chr2	180234679	180235457	LTR/ERV1	6188	+	389	180235068	44650
chr2	180190418	180390418	harbor2	chr2	180235443	180236851	LTR/ERV1	17372	+	704	180236147	45729
chr2	180190418	180390418	harbor2	chr2	180237438	180238191	LTR/ERV1	17372	+	376	180237814	47396
chr2	180190418	180390418	harbor2	chr2	180238180	180238247	LTR/ERV1	515	+	34	180238214	47796
chr2	180190418	180390418	harbor2	chr2	180238241	180238533	LTR/ERV1	2290	+	146	180238387	47969
chr2	180190418	180390418	harbor2	chr2	180238534	180239319	LTR/ERV1	5090	+	392	180238926	48508
chr2	210938248	211138248	harbor2	chr2	210971026	210971465	LTR/ERV1	1503	+	220	210971246	32998
chr2	210938248	211138248	harbor2	chr2	210971609	210972013	LTR/ERV1	1074	+	202	210971811	33563
chr2	70597744	70797744	harbor2	chr2	70619870	70620506	LTR/ERV1	4166	+	318	70620188	22444
chr2	70597744	70797744	harbor2	chr2	70620550	70620897	LTR/ERV1	2160	+	174	70620724	22980
chr2	70597744	70797744	harbor2	chr2	70620900	70624615	LTR/ERV1	17753	+	1858	70622758	25014
chr2	70597744	70797744	harbor2	chr2	70624611	70624754	LTR/ERV1	1130	+	72	70624683	26939
chr2	70597744	70797744	harbor2	chr2	70624757	70625417	LTR/ERV1	4401	+	330	70625087	27343
chr2	70597744	70797744	harbor2	chr2	70625419	70625634	LTR/ERV1	1438	+	108	70625527	27783
chr2	70597744	70797744	harbor2	chr2	70625633	70626008	LTR/ERV1	2350	+	188	70625821	28077
chr2	70597744	70797744	harbor2	chr2	70626009	70626409	LTR/ERV1	2770	+	200	70626209	28465
chr2	70597744	70797744	harbor2	chr2	70680845	70681363	LTR/ERV1	2529	+	259	70681104	83360
chr2	70597744	70797744	harbor2	chr2	70681465	70681642	LTR/ERV1	859	+	88	70681553	83809
chr2	70597744	70797744	harbor2	chr2	70693059	70693347	LTR/ERV1	639	+	144	70693203	95459
chr2	235445541	235645541	harbor2	chr2	235463793	235464254	LTR/ERV1	437	+	230	235464023	18482
chr2	226416283	226616283	harbor2	chr2	226484760	226485312	LTR/ERV1	4405	+	276	226485036	68753
chr2	223711393	223911393	harbor2	chr2	223716791	223717307	LTR/ERV1	2485	+	258	223717049	5656
chr2	223711393	223911393	harbor2	chr2	223718011	223718694	LTR/ERV1	4809	+	342	223718353	6960
chr2	72744643	72944643	harbor2	chr2	72757258	72757724	LTR/ERV1	704	+	233	72757491	12848
chr2	72744643	72944643	harbor2	chr2	72829487	72830233	LTR/ERV1	4119	+	373	72829860	85217
chr2	72744643	72944643	harbor2	chr2	72833159	72833497	LTR/ERV1	2263	+	169	72833328	88685
chr2	229317158	229517158	harbor2	chr2	229394841	229395616	LTR/ERV1	3170	+	388	229395229	78071
chr2	229317158	229517158	harbor2	chr2	229395907	229396344	LTR/ERV1	3170	+	218	229396125	78967
chr2	229317158	229517158	harbor2	chr2	229396406	229396972	LTR/ERV1	3292	+	283	229396689	79531
chr2	228801323	229001323	harbor2	chr2	228821287	228821956	LTR/ERV1	3522	+	334	228821621	20298
chr2	228801323	229001323	harbor2	chr2	228865912	228866906	LTR/ERV1	4314	+	497	228866409	65086
chr2	238482499	238682499	harbor2	chr2	238513823	238514575	LTR/ERV1	5707	+	376	238514199	31700
chr2	238482499	238682499	harbor2	chr2	238567344	238568157	LTR/ERV1	4696	+	406	238567750	85251
chr2	222917583	223117583	harbor2	chr2	222984469	222984574	LTR/ERV1	495	+	52	222984521	66938
chr2	141673041	141873041	harbor2	chr2	141700540	141700756	LTR/ERV1	1423	+	108	141700648	27607
chr2	241859547	242059547	harbor2	chr2	241907419	241907717	LTR/ERV1	2657	+	149	241907568	48021
chr2	241859547	242059547	harbor2	chr2	241908015	241908166	LTR/ERV1	2657	+	76	241908091	48544
chr2	241859547	242059547	harbor2	chr2	241908459	241908578	LTR/ERV1	2657	+	60	241908519	48972
chr2	241859547	242059547	harbor2	chr2	241938747	241939025	LTR/ERV1	1110	+	139	241938886	79339
chr2	241859547	242059547	harbor2	chr2	241940084	241940382	LTR/ERV1	1209	+	149	241940233	80686
chr2	241859547	242059547	harbor2	chr2	241955705	241955792	LTR/ERV1	464	+	44	241955749	96202
chr2	209531007	209731007	harbor2	chr2	209615632	209616285	LTR/ERV1	2697	+	326	209615958	84951
chr2	175635640	175835640	harbor2	chr2	175725862	175725901	LTR/ERV1	1096	+	20	175725882	90242
chr2	175635640	175835640	harbor2	chr2	175726120	175726373	LTR/ERV1	1096	+	126	175726246	90606
chr2	215840333	216040333	harbor2	chr2	215877706	215877849	LTR/ERV1	528	+	72	215877778	37445
chr2	215840333	216040333	harbor2	chr2	215877832	215878138	LTR/ERV1	1021	+	153	215877985	37652
chr2	215840333	216040333	harbor2	chr2	215878475	215878566	LTR/ERV1	438	+	46	215878521	38188
chr2	215840333	216040333	harbor2	chr2	215886422	215887143	LTR/ERV1	4396	+	360	215886782	46449
chr2	215840333	216040333	harbor2	chr2	215908884	215909170	LTR/ERV1	1452	+	143	215909027	68694
chr2	215840333	216040333	harbor2	chr2	215909171	215909860	LTR/ERV1	2987	+	344	215909515	69182
chr2	215840333	216040333	harbor2	chr2	215909861	215910115	LTR/ERV1	1452	+	127	215909988	69655
chr2	215840333	216040333	harbor2	chr2	215915787	215916179	LTR/ERV1	1499	+	196	215915983	75650
chr2	215840333	216040333	harbor2	chr2	215916343	215917031	LTR/ERV1	3117	+	344	215916687	76354
chr2	215840333	216040333	harbor2	chr2	215922303	215922755	LTR/ERV1	3468	+	226	215922529	82196
chr2	215840333	216040333	harbor2	chr2	215925774	215925923	LTR/ERV1	992	+	74	215925848	85515
chr2	215840333	216040333	harbor2	chr2	215925914	215926418	LTR/ERV1	3508	+	252	215926166	85833
chr2	215840333	216040333	harbor2	chr2	215926421	215927082	LTR/ERV1	4501	+	330	215926751	86418
chr2	215840333	216040333	harbor2	chr2	215927084	215927295	LTR/ERV1	1222	+	106	215927190	86857
chr2	215840333	216040333	harbor2	chr2	215927298	215927673	LTR/ERV1	2518	+	188	215927486	87153
chr2	215840333	216040333	harbor2	chr2	215927674	215928126	LTR/ERV1	3554	+	226	215927900	87567
chr2	215840333	216040333	harbor2	chr2	215922758	215925794	LTR/ERV1	20938	+	1518	215924276	83943
chr2	233170747	233370747	harbor2	chr2	233218387	233218564	LTR/ERV1	948	+	88	233218475	47728
chr2	197048463	197248463	harbor2	chr2	197085355	197085907	LTR/ERV1	4313	+	276	197085631	37168
chr2	197048463	197248463	harbor2	chr2	197090563	197091411	LTR/ERV1	4619	+	424	197090987	42524
chr2	127462755	127662755	harbor2	chr2	127513897	127514997	LTR/ERV1	2480	+	550	127514447	51692
chr2	127462755	127662755	harbor2	chr2	127527075	127527554	LTR/ERV1	1922	+	240	127527315	64560
chr2	127462755	127662755	harbor2	chr2	127529553	127529993	LTR/ERV1	2939	+	220	127529773	67018
chr2	192071854	192271854	harbor2	chr2	192117522	192118046	LTR/ERV1	2902	+	262	192117784	45930
chr2	192071854	192271854	harbor2	chr2	192120008	192120638	LTR/ERV1	3363	+	315	192120323	48469
chr2	192071854	192271854	harbor2	chr2	192130386	192130819	LTR/ERV1	2694	+	216	192130602	58748
chr2	192071854	192271854	harbor2	chr2	192130888	192133817	LTR/ERV1	16666	+	1464	192132352	60498
chr2	192071854	192271854	harbor2	chr2	192133812	192133959	LTR/ERV1	908	+	74	192133886	62032
chr2	192071854	192271854	harbor2	chr2	192133950	192134454	LTR/ERV1	3465	+	252	192134202	62348
chr2	192071854	192271854	harbor2	chr2	192134455	192135085	LTR/ERV1	2896	+	315	192134770	62916
chr2	192071854	192271854	harbor2	chr2	192135303	192135677	LTR/ERV1	2519	+	187	192135490	63636
chr2	192071854	192271854	harbor2	chr2	192135678	192136111	LTR/ERV1	2706	+	216	192135894	64040
chr2	192071854	192271854	harbor2	chr2	192135083	192135304	LTR/ERV1	1394	+	110	192135193	63339
chr2	232405183	232605183	harbor2	chr2	232422442	232422858	LTR/ERV1	2070	+	208	232422650	17467
chr2	232405183	232605183	harbor2	chr2	232422875	232422992	LTR/ERV1	885	+	58	232422933	17750
chr2	232405183	232605183	harbor2	chr2	232423966	232424094	LTR/ERV1	885	+	64	232424030	18847
chr2	232405183	232605183	harbor2	chr2	232424462	232424800	LTR/ERV1	4340	+	169	232424631	19448
chr2	232405183	232605183	harbor2	chr2	232425148	232426432	LTR/ERV1	4340	+	642	232425790	20607
chr2	232405183	232605183	harbor2	chr2	232426922	232427095	LTR/ERV1	622	+	86	232427008	21825
chr2	232405183	232605183	harbor2	chr2	232427536	232427631	LTR/ERV1	1674	+	48	232427584	22401
chr2	232405183	232605183	harbor2	chr2	232427934	232428276	LTR/ERV1	1674	+	171	232428105	22922
chr2	232405183	232605183	harbor2	chr2	232428576	232428697	LTR/ERV1	1674	+	60	232428636	23453
chr2	232405183	232605183	harbor2	chr2	232428999	232429315	LTR/ERV1	790	+	158	232429157	23974
chr2	232405183	232605183	harbor2	chr2	232429335	232429345	LTR/ERV1	531	+	5	232429340	24157
chr2	232405183	232605183	harbor2	chr2	232429453	232429720	LTR/ERV1	710	+	134	232429587	24404
chr2	232405183	232605183	harbor2	chr2	232430087	232430202	LTR/ERV1	433	+	58	232430145	24962
chr2	232405183	232605183	harbor2	chr2	232430765	232431076	LTR/ERV1	1738	+	156	232430921	25738
chr2	223624939	223824939	harbor2	chr2	223716791	223717307	LTR/ERV1	2485	+	258	223717049	92110
chr2	223624939	223824939	harbor2	chr2	223718011	223718694	LTR/ERV1	4809	+	342	223718353	93414
chr2	230038502	230238502	harbor2	chr2	230054261	230054715	LTR/ERV1	3031	+	227	230054488	15986
chr2	207938153	208138153	harbor2	chr2	208027064	208027164	LTR/ERV1	489	+	50	208027114	88961
chr2	207938153	208138153	harbor2	chr2	208033828	208034573	LTR/ERV1	4206	+	372	208034200	96047
chr2	146617968	146817968	harbor2	chr2	146690492	146690644	LTR/ERV1	615	+	76	146690568	72600
chr2	169728161	169928161	harbor2	chr2	169794912	169795441	LTR/ERV1	2285	+	264	169795176	67015
chr2	169728161	169928161	harbor2	chr2	169797488	169797595	LTR/ERV1	2874	+	54	169797542	69381
chr2	169728161	169928161	harbor2	chr2	169797947	169798267	LTR/ERV1	2874	+	160	169798107	69946
chr2	169728161	169928161	harbor2	chr2	169802208	169802278	LTR/ERV1	490	+	35	169802243	74082
chr2	187646878	187846878	harbor2	chr2	187654611	187654936	LTR/ERV1	1836	+	162	187654773	7895
chr2	187646878	187846878	harbor2	chr2	187654937	187655514	LTR/ERV1	1950	+	288	187655225	8347
chr2	187646878	187846878	harbor2	chr2	187655491	187659192	LTR/ERV1	16009	+	1850	187657341	10463
chr2	187646878	187846878	harbor2	chr2	187659193	187659513	LTR/ERV1	2028	+	160	187659353	12475
chr2	187646878	187846878	harbor2	chr2	187666143	187666218	LTR/ERV1	502	+	38	187666181	19303
chr2	187646878	187846878	harbor2	chr2	187698949	187699052	LTR/ERV1	956	+	52	187699001	52123
chr2	187646878	187846878	harbor2	chr2	187699366	187699624	LTR/ERV1	956	+	129	187699495	52617
chr2	187646878	187846878	harbor2	chr2	187715425	187715653	LTR/ERV1	1364	+	114	187715539	68661
chr2	187646878	187846878	harbor2	chr2	187715655	187715791	LTR/ERV1	924	+	68	187715723	68845
chr2	187646878	187846878	harbor2	chr2	187726705	187726835	LTR/ERV1	518	+	65	187726770	79892
chr2	234615400	234815400	harbor2	chr2	234614860	234615578	LTR/ERV1	5306	+	359	234615219	181
chr2	234615400	234815400	harbor2	chr2	234622059	234622119	LTR/ERV1	1884	+	30	234622089	6689
chr2	234615400	234815400	harbor2	chr2	234622414	234622799	LTR/ERV1	1884	+	192	234622606	7206
chr2	234615400	234815400	harbor2	chr2	234628711	234629482	LTR/ERV1	4950	+	386	234629097	13697
chr2	234615400	234815400	harbor2	chr2	234655946	234656355	LTR/ERV1	1729	+	204	234656150	40750
chr2	234615400	234815400	harbor2	chr2	234656354	234656828	LTR/ERV1	2544	+	237	234656591	41191
chr2	234615400	234815400	harbor2	chr2	234657890	234658301	LTR/ERV1	480	+	206	234658096	42696
chr2	234615400	234815400	harbor2	chr2	234693545	234694314	LTR/ERV1	6150	+	384	234693929	78529
chr2	209097031	209297031	harbor2	chr2	209096642	209097464	LTR/ERV1	4992	+	411	209097053	22
chr2	209097031	209297031	harbor2	chr2	209155773	209156330	LTR/ERV1	3767	+	278	209156051	59020
chr2	209097031	209297031	harbor2	chr2	209157031	209157674	LTR/ERV1	4776	+	322	209157353	60322
chr2	101324815	101524815	harbor2	chr2	101338491	101338773	LTR/ERV1	1942	+	141	101338632	13817
chr2	101324815	101524815	harbor2	chr2	101359700	101360408	LTR/ERV1	4168	+	354	101360054	35239
chr2	101324815	101524815	harbor2	chr2	101392090	101392665	LTR/ERV1	3984	+	288	101392378	67563
chr2	101324815	101524815	harbor2	chr2	101393051	101393167	LTR/ERV1	3984	+	58	101393109	68294
chr2	101324815	101524815	harbor2	chr2	101400213	101400677	LTR/ERV1	1997	+	232	101400445	75630
chr2	199135002	199335002	harbor2	chr2	199141237	199142096	LTR/ERV1	3008	+	430	199141667	6665
chr2	199135002	199335002	harbor2	chr2	199179365	199179814	LTR/ERV1	3140	+	224	199179589	44587
chr2	199135002	199335002	harbor2	chr2	199182766	199182913	LTR/ERV1	876	+	74	199182840	47838
chr2	199135002	199335002	harbor2	chr2	199182906	199184631	LTR/ERV1	8553	+	862	199183768	48766
chr2	199135002	199335002	harbor2	chr2	199184636	199184851	LTR/ERV1	1374	+	108	199184744	49742
chr2	199135002	199335002	harbor2	chr2	199184850	199185230	LTR/ERV1	2440	+	190	199185040	50038
chr2	199135002	199335002	harbor2	chr2	199185231	199185671	LTR/ERV1	3202	+	220	199185451	50449
chr2	199135002	199335002	harbor2	chr2	199194370	199194464	LTR/ERV1	452	+	47	199194417	59415
chr2	199135002	199335002	harbor2	chr2	199194465	199195115	LTR/ERV1	2213	+	325	199194790	59788
chr2	199135002	199335002	harbor2	chr2	199179817	199182786	LTR/ERV1	20761	+	1484	199181301	46299
chr2	224586360	224786360	harbor2	chr2	224650099	224650549	LTR/ERV1	2270	+	225	224650324	63964
chr2	224586360	224786360	harbor2	chr2	224655124	224655910	LTR/ERV1	9303	+	393	224655517	69157
chr2	224586360	224786360	harbor2	chr2	224656211	224657075	LTR/ERV1	9303	+	432	224656643	70283
chr2	224586360	224786360	harbor2	chr2	224659782	224660163	LTR/ERV1	2282	+	190	224659972	73612
chr2	224586360	224786360	harbor2	chr2	224657353	224657629	LTR/ERV1	1252	+	138	224657491	71131
chr2	170347697	170547697	harbor2	chr2	170418715	170418927	LTR/ERV1	429	+	106	170418821	71124
chr2	170347697	170547697	harbor2	chr2	170437261	170437761	LTR/ERV1	846	+	250	170437511	89814
chr2	73635078	73835078	harbor2	chr2	73634099	73635129	LTR/ERV1	2588	+	515	73634614	464
chr2	73635078	73835078	harbor2	chr2	73637233	73637510	LTR/ERV1	639	+	138	73637371	2293
chr2	73635078	73835078	harbor2	chr2	73637856	73637963	LTR/ERV1	504	+	54	73637910	2832
chr2	73635078	73835078	harbor2	chr2	73637964	73638400	LTR/ERV1	2245	+	218	73638182	3104
chr2	73635078	73835078	harbor2	chr2	73688510	73688951	LTR/ERV1	2022	+	220	73688730	53652
chr2	73635078	73835078	harbor2	chr2	73691622	73693743	LTR/ERV1	2014	+	1060	73692682	57604
chr2	73635078	73835078	harbor2	chr2	73694059	73695093	LTR/ERV1	2908	+	517	73694576	59498
chr2	73635078	73835078	harbor2	chr2	73697216	73697489	LTR/ERV1	700	+	136	73697352	62274
chr2	73635078	73835078	harbor2	chr2	73697550	73697633	LTR/ERV1	465	+	42	73697592	62514
chr2	73635078	73835078	harbor2	chr2	73697634	73698068	LTR/ERV1	2195	+	217	73697851	62773
chr2	73635078	73835078	harbor2	chr2	73706989	73707652	LTR/ERV1	2904	+	332	73707321	72243
chr2	73635078	73835078	harbor2	chr2	73716916	73717307	LTR/ERV1	2442	+	196	73717112	82034
chr2	73635078	73835078	harbor2	chr2	73727564	73728163	LTR/ERV1	2443	+	300	73727864	92786
chr2	220072649	220272649	harbor2	chr2	220154410	220154501	LTR/ERV1	483	+	46	220154456	81807
chr2	199218118	199418118	harbor2	chr2	199247247	199247353	LTR/ERV1	890	+	53	199247300	29182
chr2	199218118	199418118	harbor2	chr2	199247354	199250333	LTR/ERV1	19223	+	1490	199248844	30726
chr2	199218118	199418118	harbor2	chr2	199250328	199250475	LTR/ERV1	795	+	74	199250402	32284
chr2	199218118	199418118	harbor2	chr2	199250475	199250970	LTR/ERV1	3177	+	248	199250723	32605
chr2	199218118	199418118	harbor2	chr2	199250973	199251634	LTR/ERV1	4027	+	330	199251303	33185
chr2	199218118	199418118	harbor2	chr2	199251636	199251854	LTR/ERV1	1166	+	109	199251745	33627
chr2	199218118	199418118	harbor2	chr2	199251857	199252233	LTR/ERV1	2303	+	188	199252045	33927
chr2	199218118	199418118	harbor2	chr2	199252234	199252648	LTR/ERV1	2902	+	207	199252441	34323
chr2	186979665	187179665	harbor2	chr2	187046188	187046435	LTR/ERV1	611	+	124	187046312	66647
chr2	186979665	187179665	harbor2	chr2	187072310	187072453	LTR/ERV1	721	+	72	187072382	92717
chr2	140898307	141098307	harbor2	chr2	140899992	140900111	LTR/ERV1	670	+	60	140900052	1745
chr2	140898307	141098307	harbor2	chr2	140901100	140901468	LTR/ERV1	2118	+	184	140901284	2977
chr2	140898307	141098307	harbor2	chr2	140905087	140905173	LTR/ERV1	501	+	43	140905130	6823
chr2	140898307	141098307	harbor2	chr2	140905222	140905547	LTR/ERV1	875	+	162	140905384	7077
chr2	140898307	141098307	harbor2	chr2	140994949	140995385	LTR/ERV1	2438	+	218	140995167	96860
chr2	130915569	131115569	harbor2	chr2	130991265	130992700	LTR/ERV1	10155	+	718	130991983	76414
chr2	208872417	209072417	harbor2	chr2	208893768	208894167	LTR/ERV1	2600	+	200	208893968	21551
chr2	208872417	209072417	harbor2	chr2	208894170	208894538	LTR/ERV1	2598	+	184	208894354	21937
chr2	208872417	209072417	harbor2	chr2	208900115	208902645	LTR/ERV1	14872	+	1265	208901380	28963
chr2	208872417	209072417	harbor2	chr2	208902615	208902774	LTR/ERV1	1013	+	80	208902695	30278
chr2	208872417	209072417	harbor2	chr2	208902765	208904484	LTR/ERV1	8354	+	860	208903625	31208
chr2	208872417	209072417	harbor2	chr2	208904486	208904695	LTR/ERV1	1296	+	104	208904590	32173
chr2	208872417	209072417	harbor2	chr2	208904696	208905072	LTR/ERV1	2442	+	188	208904884	32467
chr2	208872417	209072417	harbor2	chr2	208905073	208905467	LTR/ERV1	2563	+	197	208905270	32853
chr2	208872417	209072417	harbor2	chr2	208907908	208908369	LTR/ERV1	3250	+	230	208908138	35721
chr2	123570999	123770999	harbor2	chr2	123611007	123611657	LTR/ERV1	3878	+	325	123611332	40333
chr2	123570999	123770999	harbor2	chr2	123661193	123661952	LTR/ERV1	4952	+	380	123661573	90574
chr2	123570999	123770999	harbor2	chr2	123662288	123663089	LTR/ERV1	5210	+	400	123662688	91689
chr2	219826320	220026320	harbor2	chr2	219876104	219876657	LTR/ERV1	4254	+	276	219876380	50060
chr2	219826320	220026320	harbor2	chr2	219877034	219877637	LTR/ERV1	4243	+	302	219877336	51016
chr2	219826320	220026320	harbor2	chr2	219878425	219878919	LTR/ERV1	4419	+	247	219878672	52352
chr2	219826320	220026320	harbor2	chr2	219879083	219879212	LTR/ERV1	4419	+	64	219879147	52827
chr2	219826320	220026320	harbor2	chr2	219881526	219881994	LTR/ERV1	1606	+	234	219881760	55440
chr2	239706336	239906336	harbor2	chr2	239800523	239800973	LTR/ERV1	2632	+	225	239800748	94412
chr2	119331641	119531641	harbor2	chr2	119338133	119338519	LTR/ERV1	2140	+	193	119338326	6685
chr2	119331641	119531641	harbor2	chr2	119352364	119352767	LTR/ERV1	2255	+	202	119352566	20925
chr2	119331641	119531641	harbor2	chr2	119400817	119401226	LTR/ERV1	1640	+	204	119401021	69380
chr2	119331641	119531641	harbor2	chr2	119417300	119417626	LTR/ERV1	2643	+	163	119417463	85822
chr2	119331641	119531641	harbor2	chr2	119417968	119418325	LTR/ERV1	2643	+	178	119418146	86505
chr2	119331641	119531641	harbor2	chr2	119419061	119419459	LTR/ERV1	2315	+	199	119419260	87619
chr2	119331641	119531641	harbor2	chr2	119422657	119422786	LTR/ERV1	727	+	64	119422721	91080
chr2	119331641	119531641	harbor2	chr2	119425005	119425581	LTR/ERV1	1776	+	288	119425293	93652
chr2	174899698	175099698	harbor2	chr2	174915944	174916452	LTR/ERV1	951	+	254	174916198	16500
chr2	174899698	175099698	harbor2	chr2	174920662	174920705	LTR/ERV1	1165	+	22	174920684	20986
chr2	174899698	175099698	harbor2	chr2	174921203	174921554	LTR/ERV1	1165	+	176	174921379	21681
chr2	174899698	175099698	harbor2	chr2	174924024	174924591	LTR/ERV1	1902	+	284	174924308	24610
chr2	174899698	175099698	harbor2	chr2	174925085	174925984	LTR/ERV1	4716	+	450	174925535	25837
chr2	174899698	175099698	harbor2	chr2	174926396	174926762	LTR/ERV1	1441	+	183	174926579	26881
chr2	174899698	175099698	harbor2	chr2	174927058	174927245	LTR/ERV1	1441	+	94	174927152	27454
chr2	174899698	175099698	harbor2	chr2	174992636	174992804	LTR/ERV1	2249	+	84	174992720	93022
chr2	174899698	175099698	harbor2	chr2	174993089	174993407	LTR/ERV1	2249	+	159	174993248	93550
chr2	223706650	223906650	harbor2	chr2	223716791	223717307	LTR/ERV1	2485	+	258	223717049	10399
chr2	223706650	223906650	harbor2	chr2	223718011	223718694	LTR/ERV1	4809	+	342	223718353	11703
chr2	141327226	141527226	harbor2	chr2	141398564	141398973	LTR/ERV1	1463	+	204	141398768	71542
chr2	141327226	141527226	harbor2	chr2	141399272	141399507	LTR/ERV1	1463	+	118	141399390	72164
chr2	115472111	115672111	harbor2	chr2	115489310	115490133	LTR/ERV1	2949	+	412	115489722	17611
chr2	115472111	115672111	harbor2	chr2	115490494	115490669	LTR/ERV1	2949	+	88	115490582	18471
chr2	133457274	133657274	harbor2	chr2	133494500	133495336	LTR/ERV1	5078	+	418	133494918	37644
chr2	142280076	142480076	harbor2	chr2	142300517	142300923	LTR/ERV1	1120	+	203	142300720	20644
chr2	142280076	142480076	harbor2	chr2	142321078	142321783	LTR/ERV1	3528	+	352	142321430	41354
chr2	142280076	142480076	harbor2	chr2	142323282	142323893	LTR/ERV1	2649	+	306	142323588	43512
chr2	142280076	142480076	harbor2	chr2	142375992	142376837	LTR/ERV1	4949	+	422	142376414	96338
chr2	217110449	217310449	harbor2	chr2	217209504	217210005	LTR/ERV1	5060	+	250	217209754	99305
chr2	217110449	217310449	harbor2	chr2	217210317	217210375	LTR/ERV1	5060	+	29	217210346	99897
chr2	208269806	208469806	harbor2	chr2	208366375	208366730	LTR/ERV1	4587	+	178	208366553	96747
chr2	208269806	208469806	harbor2	chr2	208366731	208367096	LTR/ERV1	2366	+	182	208366913	97107
chr2	208269806	208469806	harbor2	chr2	208367375	208367414	LTR/ERV1	2366	+	20	208367395	97589
chr2	208269806	208469806	harbor2	chr2	208367670	208368456	LTR/ERV1	4587	+	393	208368063	98257
chr2	208269806	208469806	harbor2	chr2	208368441	208368710	LTR/ERV1	740	+	134	208368575	98769
chr2	208269806	208469806	harbor2	chr2	208368782	208369370	LTR/ERV1	3887	+	294	208369076	99270
chr2	200856643	201056643	harbor2	chr2	200862214	200862677	LTR/ERV1	3752	+	232	200862446	5803
chr2	200856643	201056643	harbor2	chr2	200866981	200867212	LTR/ERV1	1418	+	116	200867097	10454
chr2	200856643	201056643	harbor2	chr2	200867211	200867488	LTR/ERV1	1792	+	138	200867349	10706
chr2	200856643	201056643	harbor2	chr2	200868340	200868377	LTR/ERV1	1518	+	18	200868358	11715
chr2	200856643	201056643	harbor2	chr2	200868676	200868805	LTR/ERV1	1518	+	64	200868740	12097
chr2	200856643	201056643	harbor2	chr2	200869091	200869471	LTR/ERV1	1518	+	190	200869281	12638
chr2	200856643	201056643	harbor2	chr2	200939502	200939803	LTR/ERV1	894	+	150	200939652	83009
chr2	230141723	230341723	harbor2	chr2	230156945	230157372	LTR/ERV1	1113	+	214	230157159	15436
chr2	230141723	230341723	harbor2	chr2	230158577	230159113	LTR/ERV1	3870	+	268	230158845	17122
chr2	183753159	183953159	harbor2	chr2	183806438	183807071	LTR/ERV1	3432	+	316	183806754	53595
chr2	183753159	183953159	harbor2	chr2	183826165	183826621	LTR/ERV1	2573	+	228	183826393	73234
chr2	183753159	183953159	harbor2	chr2	183837158	183838655	LTR/ERV1	5196	+	748	183837906	84747
chr2	95570265	95770265	harbor2	chr2	95608447	95608827	LTR/ERV1	2191	+	190	95608637	38372
chr2	95570265	95770265	harbor2	chr2	95609725	95610199	LTR/ERV1	1837	+	237	95609962	39697
chr2	150982019	151182019	harbor2	chr2	151035948	151036472	LTR/ERV1	2227	+	262	151036210	54191
chr2	150982019	151182019	harbor2	chr2	151037325	151037935	LTR/ERV1	3981	+	305	151037630	55611
chr2	150982019	151182019	harbor2	chr2	151050732	151051268	LTR/ERV1	3121	+	268	151051000	68981
chr2	228104609	228304609	harbor2	chr2	228137984	228138384	LTR/ERV1	1663	+	200	228138184	33575
chr2	148151022	148351022	harbor2	chr2	148172086	148173623	LTR/ERV1	7127	+	768	148172854	21832
chr2	148151022	148351022	harbor2	chr2	148217863	148217953	LTR/ERV1	657	+	45	148217908	66886
chr2	174735903	174935903	harbor2	chr2	174774407	174774852	LTR/ERV1	2707	+	222	174774629	38726
chr2	174735903	174935903	harbor2	chr2	174788567	174789326	LTR/ERV1	4214	+	380	174788947	53044
chr2	192948548	193148548	harbor2	chr2	192973719	192974149	LTR/ERV1	2930	+	215	192973934	25386
chr2	239223067	239423067	harbor2	chr2	239314798	239315388	LTR/ERV1	3953	+	295	239315093	92026
chr2	239618147	239818147	harbor2	chr2	239638643	239638831	LTR/ERV1	4250	+	94	239638737	20590
chr2	239618147	239818147	harbor2	chr2	239639134	239639846	LTR/ERV1	4250	+	356	239639490	21343
chr2	131964762	132164762	harbor2	chr2	131966264	131967512	LTR/ERV1	5791	+	624	131966888	2126
chr2	131964762	132164762	harbor2	chr2	132055625	132056170	LTR/ERV1	2402	+	272	132055897	91135
chr2	131964762	132164762	harbor2	chr2	132056353	132056782	LTR/ERV1	1807	+	214	132056567	91805
chr2	131964762	132164762	harbor2	chr2	132058095	132058125	LTR/ERV1	1576	+	15	132058110	93348
chr2	131964762	132164762	harbor2	chr2	132058410	132058786	LTR/ERV1	1576	+	188	132058598	93836
chr2	185085181	185285181	harbor2	chr2	185132440	185133911	LTR/ERV1	8785	+	736	185133176	47995
chr2	185085181	185285181	harbor2	chr2	185144295	185145885	LTR/ERV1	6432	+	795	185145090	59909
chr2	142599861	142799861	harbor2	chr2	142673711	142674210	LTR/ERV1	2550	+	250	142673961	74100
chr2	142599861	142799861	harbor2	chr2	142674505	142674633	LTR/ERV1	2550	+	64	142674569	74708
chr2	142599861	142799861	harbor2	chr2	142681779	142682072	LTR/ERV1	951	+	146	142681925	82064
chr2	142599861	142799861	harbor2	chr2	142693921	142694329	LTR/ERV1	2296	+	204	142694125	94264
chr2	151993138	152193138	harbor2	chr2	152042715	152043343	LTR/ERV1	4398	+	314	152043029	49891
chr2	151993138	152193138	harbor2	chr2	152046962	152047612	LTR/ERV1	4006	+	325	152047287	54149
chr2	151993138	152193138	harbor2	chr2	152047926	152048094	LTR/ERV1	4006	+	84	152048010	54872
chr2	209610584	209810584	harbor2	chr2	209615632	209616285	LTR/ERV1	2697	+	326	209615958	5374
chr2	138403142	138603142	harbor2	chr2	138472164	138472425	LTR/ERV1	1202	+	130	138472294	69152
chr2	138403142	138603142	harbor2	chr2	138473077	138473253	LTR/ERV1	1202	+	88	138473165	70023
chr2	137695810	137895810	harbor2	chr2	137715624	137717059	LTR/ERV1	9576	+	718	137716342	20532
chr2	137695810	137895810	harbor2	chr2	137779216	137779997	LTR/ERV1	4315	+	390	137779606	83796
chr2	137695810	137895810	harbor2	chr2	137780060	137781260	LTR/ERV1	9849	+	600	137780660	84850
chr2	137695810	137895810	harbor2	chr2	137781673	137782451	LTR/ERV1	9849	+	389	137782062	86252
chr2	137695810	137895810	harbor2	chr2	137782500	137783148	LTR/ERV1	9849	+	324	137782824	87014
chr2	137695810	137895810	harbor2	chr2	137783489	137784407	LTR/ERV1	9163	+	459	137783948	88138
chr2	137695810	137895810	harbor2	chr2	137784443	137786436	LTR/ERV1	9163	+	996	137785439	89629
chr2	137695810	137895810	harbor2	chr2	137786439	137786813	LTR/ERV1	4093	+	187	137786626	90816
chr2	137695810	137895810	harbor2	chr2	137787230	137787607	LTR/ERV1	4093	+	188	137787418	91608
chr2	217835737	218035737	harbor2	chr2	217873443	217873815	LTR/ERV1	569	+	186	217873629	37892
chr2	217835737	218035737	harbor2	chr2	217874128	217874283	LTR/ERV1	597	+	78	217874206	38469
chr2	80661486	80861486	harbor2	chr2	80706509	80707214	LTR/ERV1	3481	+	352	80706861	45375
chr2	80661486	80861486	harbor2	chr2	80735479	80736180	LTR/ERV1	3395	+	350	80735829	74343
chr2	148756488	148956488	harbor2	chr2	148814479	148815177	LTR/ERV1	1624	+	349	148814828	58340
chr2	76765084	76965084	harbor2	chr2	76772547	76772665	LTR/ERV1	469	+	59	76772606	7522
chr2	76765084	76965084	harbor2	chr2	76773098	76773434	LTR/ERV1	1406	+	168	76773266	8182
chr2	76765084	76965084	harbor2	chr2	76787636	76787998	LTR/ERV1	684	+	181	76787817	22733
chr2	76765084	76965084	harbor2	chr2	76823995	76824379	LTR/ERV1	1190	+	192	76824187	59103
chr2	152751904	152951904	harbor2	chr2	152790759	152791510	LTR/ERV1	4805	+	376	152791135	39231
chr2	152751904	152951904	harbor2	chr2	152792067	152792709	LTR/ERV1	3853	+	321	152792388	40484
chr2	152751904	152951904	harbor2	chr2	152793237	152793865	LTR/ERV1	4711	+	314	152793551	41647
chr2	152751904	152951904	harbor2	chr2	152796656	152796976	LTR/ERV1	1269	+	160	152796816	44912
chr2	152751904	152951904	harbor2	chr2	152797465	152797987	LTR/ERV1	563	+	261	152797726	45822
chr2	152751904	152951904	harbor2	chr2	152800738	152801180	LTR/ERV1	1095	+	221	152800959	49055
chr2	152751904	152951904	harbor2	chr2	152813947	152814110	LTR/ERV1	4648	+	82	152814029	62125
chr2	152751904	152951904	harbor2	chr2	152814397	152814930	LTR/ERV1	4648	+	266	152814663	62759
chr3	135737425	135937425	harbor2	chr3	135741952	135742862	LTR/ERV1	5138	+	455	135742407	4982
chr3	135737425	135937425	harbor2	chr3	135767356	135767849	LTR/ERV1	3019	+	246	135767602	30177
chr3	157350228	157550228	harbor2	chr3	157390728	157391290	LTR/ERV1	2475	+	281	157391009	40781
chr3	176067346	176267346	harbor2	chr3	176126081	176126580	LTR/ERV1	2263	+	250	176126331	58985
chr3	107716305	107916305	harbor2	chr3	107758154	107758404	LTR/ERV1	413	+	125	107758279	41974
chr3	167855307	168055307	harbor2	chr3	167926059	167926762	LTR/ERV1	3721	+	352	167926411	71104
chr3	175369911	175569911	harbor2	chr3	175377534	175378416	LTR/ERV1	5041	+	441	175377975	8064
chr3	198026190	198226190	harbor2	chr3	198045571	198045715	LTR/ERV1	1116	+	72	198045643	19453
chr3	198026190	198226190	harbor2	chr3	198097082	198097453	LTR/ERV1	2155	+	186	198097268	71078
chr3	198026190	198226190	harbor2	chr3	198117357	198117439	LTR/ERV1	405	+	41	198117398	91208
chr3	198026190	198226190	harbor2	chr3	198118453	198119647	LTR/ERV1	1951	+	597	198119050	92860
chr3	158110215	158310215	harbor2	chr3	158168863	158169548	LTR/ERV1	3480	+	342	158169205	58990
chr3	196283785	196483785	harbor2	chr3	196302750	196303416	LTR/ERV1	5155	+	333	196303083	19298
chr3	196283785	196483785	harbor2	chr3	196337312	196337931	LTR/ERV1	3297	+	310	196337622	53837
chr3	151071040	151271040	harbor2	chr3	151082227	151082479	LTR/ERV1	412	+	126	151082353	11313
chr3	194279864	194479864	harbor2	chr3	194335552	194335746	LTR/ERV1	1289	+	97	194335649	55785
chr3	77365189	77565189	harbor2	chr3	77387600	77388007	LTR/ERV1	2446	+	204	77387804	22615
chr3	77365189	77565189	harbor2	chr3	77401638	77401776	LTR/ERV1	716	+	69	77401707	36518
chr3	77365189	77565189	harbor2	chr3	77402454	77403028	LTR/ERV1	3393	+	287	77402741	37552
chr3	187273367	187473367	harbor2	chr3	187324107	187324426	LTR/ERV1	1572	+	160	187324267	50900
chr3	189944963	190144963	harbor2	chr3	190026252	190026776	LTR/ERV1	3721	+	262	190026514	81551
chr3	150526410	150726410	harbor2	chr3	150597788	150597905	LTR/ERV1	723	+	58	150597846	71436
chr3	150526410	150726410	harbor2	chr3	150598734	150598782	LTR/ERV1	547	+	24	150598758	72348
chr3	150526410	150726410	harbor2	chr3	150599078	150599186	LTR/ERV1	547	+	54	150599132	72722
chr3	150526410	150726410	harbor2	chr3	150600114	150600193	LTR/ERV1	473	+	40	150600154	73744
chr3	150526410	150726410	harbor2	chr3	150600539	150600613	LTR/ERV1	473	+	37	150600576	74166
chr3	150526410	150726410	harbor2	chr3	150600789	150601449	LTR/ERV1	4356	+	330	150601119	74709
chr3	150526410	150726410	harbor2	chr3	150602022	150602459	LTR/ERV1	3391	+	218	150602240	75830
chr3	150526410	150726410	harbor2	chr3	150601457	150602021	LTR/ERV1	3543	+	282	150601739	75329
chr3	193056224	193256224	harbor2	chr3	193108755	193109102	LTR/ERV1	1142	+	174	193108929	52705
chr3	193056224	193256224	harbor2	chr3	193109110	193109537	LTR/ERV1	1822	+	214	193109324	53100
chr3	193056224	193256224	harbor2	chr3	193110734	193111624	LTR/ERV1	3868	+	445	193111179	54955
chr3	193056224	193256224	harbor2	chr3	193111612	193114076	LTR/ERV1	10891	+	1232	193112844	56620
chr3	193056224	193256224	harbor2	chr3	193114077	193114307	LTR/ERV1	421	+	115	193114192	57968
chr3	193056224	193256224	harbor2	chr3	193114308	193114685	LTR/ERV1	3277	+	188	193114496	58272
chr3	193056224	193256224	harbor2	chr3	193115271	193115658	LTR/ERV1	3277	+	194	193115465	59241
chr3	193056224	193256224	harbor2	chr3	193115670	193115892	LTR/ERV1	403	+	111	193115781	59557
chr3	193056224	193256224	harbor2	chr3	193116273	193116418	LTR/ERV1	770	+	72	193116345	60121
chr3	193056224	193256224	harbor2	chr3	193118934	193119514	LTR/ERV1	3144	+	290	193119224	63000
chr3	193056224	193256224	harbor2	chr3	193119659	193120358	LTR/ERV1	3648	+	350	193120009	63785
chr3	89942464	90142464	harbor2	chr3	89965054	89965736	LTR/ERV1	3327	+	341	89965395	22931
chr3	129380109	129580109	harbor2	chr3	129379858	129380324	LTR/ERV1	2238	+	233	129380091	18
chr3	129380109	129580109	harbor2	chr3	129398092	129398897	LTR/ERV1	4982	+	402	129398494	18385
chr3	129380109	129580109	harbor2	chr3	129413215	129413779	LTR/ERV1	4361	+	282	129413497	33388
chr3	129380109	129580109	harbor2	chr3	129445921	129446221	LTR/ERV1	2560	+	150	129446071	65962
chr3	129380109	129580109	harbor2	chr3	129446515	129446806	LTR/ERV1	2560	+	146	129446661	66552
chr3	26115753	26315753	harbor2	chr3	26207982	26208355	LTR/ERV1	1064	+	186	26208168	92415
chr3	26115753	26315753	harbor2	chr3	26208358	26208937	LTR/ERV1	2841	+	290	26208648	92895
chr3	26115753	26315753	harbor2	chr3	26215524	26215917	LTR/ERV1	1314	+	196	26215720	99967
chr3	145842706	146042706	harbor2	chr3	145888367	145888861	LTR/ERV1	1720	+	247	145888614	45908
chr3	145842706	146042706	harbor2	chr3	145892634	145892878	LTR/ERV1	952	+	122	145892756	50050
chr3	145842706	146042706	harbor2	chr3	145903541	145905329	LTR/ERV1	6998	+	894	145904435	61729
chr3	145842706	146042706	harbor2	chr3	145933794	145933887	LTR/ERV1	436	+	46	145933840	91134
chr3	145842706	146042706	harbor2	chr3	145934348	145934421	LTR/ERV1	436	+	36	145934384	91678
chr3	165833534	166033534	harbor2	chr3	165916318	165916854	LTR/ERV1	1456	+	268	165916586	83052
chr3	115871018	116071018	harbor2	chr3	115914153	115914569	LTR/ERV1	1796	+	208	115914361	43343
chr3	88889054	89089054	harbor2	chr3	88908168	88908552	LTR/ERV1	2324	+	192	88908360	19306
chr3	57459528	57659528	harbor2	chr3	57545591	57546408	LTR/ERV1	6060	+	408	57545999	86471
chr3	174325597	174525597	harbor2	chr3	174381783	174381860	LTR/ERV1	1462	+	38	174381821	56224
chr3	174325597	174525597	harbor2	chr3	174381861	174382258	LTR/ERV1	2360	+	198	174382059	56462
chr3	174325597	174525597	harbor2	chr3	174382259	174382676	LTR/ERV1	1462	+	208	174382467	56870
chr3	174325597	174525597	harbor2	chr3	174392513	174393141	LTR/ERV1	2720	+	314	174392827	67230
chr3	174325597	174525597	harbor2	chr3	174411394	174411977	LTR/ERV1	1869	+	292	174411686	86089
chr3	174325597	174525597	harbor2	chr3	174411978	174412828	LTR/ERV1	5020	+	425	174412403	86806
chr3	174325597	174525597	harbor2	chr3	174412829	174412870	LTR/ERV1	1869	+	20	174412849	87252
chr3	138510963	138710963	harbor2	chr3	138513960	138514315	LTR/ERV1	1081	+	178	138514138	3175
chr3	138510963	138710963	harbor2	chr3	138514313	138514528	LTR/ERV1	1060	+	108	138514421	3458
chr3	138510963	138710963	harbor2	chr3	138567389	138567920	LTR/ERV1	2292	+	266	138567655	56692
chr3	119051027	119251027	harbor2	chr3	119116462	119117165	LTR/ERV1	3078	+	352	119116814	65787
chr3	83733080	83933080	harbor2	chr3	83769495	83769623	LTR/ERV1	489	+	64	83769559	36479
chr3	83733080	83933080	harbor2	chr3	83769862	83771002	LTR/ERV1	5433	+	570	83770432	37352
chr3	83733080	83933080	harbor2	chr3	83772903	83773715	LTR/ERV1	1751	+	406	83773309	40229
chr3	83733080	83933080	harbor2	chr3	83774711	83775147	LTR/ERV1	1025	+	218	83774929	41849
chr3	83733080	83933080	harbor2	chr3	83776112	83776318	LTR/ERV1	633	+	103	83776215	43135
chr3	176116167	176316167	harbor2	chr3	176126081	176126580	LTR/ERV1	2263	+	250	176126331	10164
chr3	176116167	176316167	harbor2	chr3	176192023	176192567	LTR/ERV1	2062	+	272	176192295	76128
chr3	118156705	118356705	harbor2	chr3	118171225	118172885	LTR/ERV1	9110	+	830	118172055	15350
chr3	118156705	118356705	harbor2	chr3	118197371	118198053	LTR/ERV1	3853	+	341	118197712	41007
chr3	197318617	197518617	harbor2	chr3	197399699	197400171	LTR/ERV1	4244	+	236	197399935	81318
chr3	197318617	197518617	harbor2	chr3	197400445	197400574	LTR/ERV1	4244	+	64	197400509	81892
chr3	104312672	104512672	harbor2	chr3	104324957	104325620	LTR/ERV1	4292	+	332	104325289	12617
chr3	104312672	104512672	harbor2	chr3	104325621	104326124	LTR/ERV1	2857	+	252	104325873	13201
chr3	104312672	104512672	harbor2	chr3	104345521	104345815	LTR/ERV1	2167	+	147	104345668	32996
chr3	104312672	104512672	harbor2	chr3	104345869	104346106	LTR/ERV1	2167	+	118	104345987	33315
chr3	104312672	104512672	harbor2	chr3	104346780	104347223	LTR/ERV1	2702	+	222	104347002	34330
chr3	104312672	104512672	harbor2	chr3	104347227	104347752	LTR/ERV1	2137	+	262	104347489	34817
chr3	104312672	104512672	harbor2	chr3	104347915	104348212	LTR/ERV1	1332	+	148	104348063	35391
chr3	104312672	104512672	harbor2	chr3	104348264	104348919	LTR/ERV1	4269	+	328	104348592	35920
chr3	104312672	104512672	harbor2	chr3	104348940	104349159	LTR/ERV1	1318	+	110	104349050	36378
chr3	104312672	104512672	harbor2	chr3	104350136	104350990	LTR/ERV1	3160	+	427	104350563	37891
chr3	104312672	104512672	harbor2	chr3	104350990	104351974	LTR/ERV1	5595	+	492	104351482	38810
chr3	104312672	104512672	harbor2	chr3	104351975	104352104	LTR/ERV1	883	+	64	104352039	39367
chr3	104312672	104512672	harbor2	chr3	104368226	104368737	LTR/ERV1	2495	+	256	104368482	55810
chr3	104312672	104512672	harbor2	chr3	104349216	104349901	LTR/ERV1	2951	+	342	104349558	36886
chr3	105864673	106064673	harbor2	chr3	105904665	105905319	LTR/ERV1	3749	+	327	105904992	40319
chr3	105864673	106064673	harbor2	chr3	105913685	105914005	LTR/ERV1	1590	+	160	105913845	49172
chr3	105864673	106064673	harbor2	chr3	105961191	105961207	LTR/ERV1	5356	+	8	105961199	96526
chr3	105864673	106064673	harbor2	chr3	105961515	105962248	LTR/ERV1	5356	+	366	105961881	97208
chr3	178365210	178565210	harbor2	chr3	178406231	178406750	LTR/ERV1	2492	+	260	178406491	41281
chr3	146521192	146721192	harbor2	chr3	146558863	146559334	LTR/ERV1	2398	+	236	146559099	37907
chr3	146521192	146721192	harbor2	chr3	146582136	146583110	LTR/ERV1	3397	+	487	146582623	61431
chr3	156431661	156631661	harbor2	chr3	156486853	156487045	LTR/ERV1	517	+	96	156486949	55288
chr3	193545693	193745693	harbor2	chr3	193546090	193546535	LTR/ERV1	2254	+	222	193546312	619
chr3	193545693	193745693	harbor2	chr3	193596698	193596856	LTR/ERV1	513	+	79	193596777	51084
chr3	193545693	193745693	harbor2	chr3	193596947	193597058	LTR/ERV1	453	+	56	193597003	51310
chr3	187042236	187242236	harbor2	chr3	187125625	187125852	LTR/ERV1	770	+	114	187125739	83503
chr3	122843372	123043372	harbor2	chr3	122932350	122932809	LTR/ERV1	3457	+	230	122932580	89208
chr3	122843372	123043372	harbor2	chr3	122896021	122896495	LTR/ERV1	2120	+	237	122896258	52886
chr3	67611370	67811370	harbor2	chr3	67655198	67656030	LTR/ERV1	5116	+	416	67655614	44244
chr3	67611370	67811370	harbor2	chr3	67656031	67656150	LTR/ERV1	735	+	60	67656091	44721
chr3	178343339	178543339	harbor2	chr3	178406231	178406750	LTR/ERV1	2492	+	260	178406491	63152
chr3	159535986	159735986	harbor2	chr3	159617216	159617896	LTR/ERV1	2912	+	340	159617556	81570
chr3	115309506	115509506	harbor2	chr3	115400813	115401529	LTR/ERV1	3406	+	358	115401171	91665
chr3	175748277	175948277	harbor2	chr3	175822787	175823185	LTR/ERV1	2461	+	199	175822986	74709
chr3	175748277	175948277	harbor2	chr3	175827485	175827934	LTR/ERV1	3618	+	224	175827709	79432
chr3	175748277	175948277	harbor2	chr3	175835772	175836221	LTR/ERV1	3569	+	224	175835996	87719
chr3	175748277	175948277	harbor2	chr3	175827937	175835771	LTR/ERV1	39716	+	3917	175831854	83577
chr3	36333782	36533782	harbor2	chr3	36362755	36365280	LTR/ERV1	10489	+	1262	36364017	30235
chr3	36333782	36533782	harbor2	chr3	36365575	36366134	LTR/ERV1	10489	+	280	36365855	32073
chr3	36333782	36533782	harbor2	chr3	36366744	36367525	LTR/ERV1	10489	+	390	36367134	33352
chr3	36333782	36533782	harbor2	chr3	36367526	36367624	LTR/ERV1	2305	+	49	36367575	33793
chr3	36333782	36533782	harbor2	chr3	36367939	36368536	LTR/ERV1	2305	+	298	36368237	34455
chr3	36333782	36533782	harbor2	chr3	36368556	36369039	LTR/ERV1	944	+	242	36368798	35016
chr3	168884260	169084260	harbor2	chr3	168907820	168907885	LTR/ERV1	446	+	32	168907852	23592
chr3	168884260	169084260	harbor2	chr3	168924237	168924385	LTR/ERV1	391	+	74	168924311	40051
chr3	168884260	169084260	harbor2	chr3	168924356	168924710	LTR/ERV1	1361	+	177	168924533	40273
chr3	110162472	110362472	harbor2	chr3	110175913	110176251	LTR/ERV1	831	+	169	110176082	13610
chr3	110162472	110362472	harbor2	chr3	110227431	110227874	LTR/ERV1	2459	+	222	110227653	65181
chr3	173224997	173424997	harbor2	chr3	173269966	173270656	LTR/ERV1	2833	+	345	173270311	45314
chr3	173224997	173424997	harbor2	chr3	173270972	173271434	LTR/ERV1	2252	+	231	173271203	46206
chr3	173224997	173424997	harbor2	chr3	173271962	173272253	LTR/ERV1	1756	+	146	173272108	47111
chr3	173224997	173424997	harbor2	chr3	173274055	173274398	LTR/ERV1	2950	+	172	173274227	49230
chr3	173224997	173424997	harbor2	chr3	173274708	173274782	LTR/ERV1	2950	+	37	173274745	49748
chr3	173224997	173424997	harbor2	chr3	173278496	173278756	LTR/ERV1	1902	+	130	173278626	53629
chr3	173224997	173424997	harbor2	chr3	173278752	173281509	LTR/ERV1	19870	+	1378	173280130	55133
chr3	173224997	173424997	harbor2	chr3	173281515	173281973	LTR/ERV1	2837	+	229	173281744	56747
chr3	173224997	173424997	harbor2	chr3	173282625	173282744	LTR/ERV1	453	+	60	173282685	57688
chr3	173224997	173424997	harbor2	chr3	173274783	173278491	LTR/ERV1	18632	+	1854	173276637	51640
chr3	178590644	178790644	harbor2	chr3	178647162	178647238	LTR/ERV1	468	+	38	178647200	56556
chr3	172831577	173031577	harbor2	chr3	172866601	172867986	LTR/ERV1	10206	+	692	172867293	35716
chr3	193595590	193795590	harbor2	chr3	193596698	193596856	LTR/ERV1	513	+	79	193596777	1187
chr3	193595590	193795590	harbor2	chr3	193596947	193597058	LTR/ERV1	453	+	56	193597003	1413
chr3	149199458	149399458	harbor2	chr3	149217342	149217677	LTR/ERV1	1182	+	168	149217510	18052
chr3	149199458	149399458	harbor2	chr3	149281252	149281470	LTR/ERV1	1043	+	109	149281361	81903
chr3	149199458	149399458	harbor2	chr3	149282075	149282468	LTR/ERV1	1533	+	196	149282271	82813
chr3	149199458	149399458	harbor2	chr3	149283085	149283364	LTR/ERV1	968	+	140	149283225	83767
chr3	149199458	149399458	harbor2	chr3	149283363	149283612	LTR/ERV1	1158	+	124	149283487	84029
chr3	149199458	149399458	harbor2	chr3	149283838	149285090	LTR/ERV1	8410	+	626	149284464	85006
chr3	149199458	149399458	harbor2	chr3	149285091	149285688	LTR/ERV1	4490	+	298	149285389	85931
chr3	149199458	149399458	harbor2	chr3	149285689	149285794	LTR/ERV1	837	+	52	149285741	86283
chr3	149199458	149399458	harbor2	chr3	149286266	149286761	LTR/ERV1	2272	+	248	149286514	87056
chr3	149199458	149399458	harbor2	chr3	149286873	149286985	LTR/ERV1	719	+	56	149286929	87471
chr3	149199458	149399458	harbor2	chr3	149287382	149288113	LTR/ERV1	3840	+	366	149287748	88290
chr3	149199458	149399458	harbor2	chr3	149288115	149288329	LTR/ERV1	2632	+	107	149288222	88764
chr3	149199458	149399458	harbor2	chr3	149294612	149294927	LTR/ERV1	2134	+	158	149294770	95312
chr3	149199458	149399458	harbor2	chr3	149294928	149295647	LTR/ERV1	4586	+	360	149295288	95830
chr3	149199458	149399458	harbor2	chr3	149296368	149297055	LTR/ERV1	3918	+	344	149296712	97254
chr3	149199458	149399458	harbor2	chr3	149288639	149294589	LTR/ERV1	29917	+	2975	149291614	92156
chr3	47851809	48051809	harbor2	chr3	47887023	47888693	LTR/ERV1	10271	+	835	47887858	36049
chr3	47851809	48051809	harbor2	chr3	47921315	47921387	LTR/ERV1	498	+	36	47921351	69542
chr3	47851809	48051809	harbor2	chr3	47921380	47921737	LTR/ERV1	1625	+	178	47921558	69749
chr3	42417874	42617874	harbor2	chr3	42448297	42448372	LTR/ERV1	476	+	38	42448335	30461
chr3	42417874	42617874	harbor2	chr3	42448373	42448879	LTR/ERV1	1329	+	253	42448626	30752
chr3	42417874	42617874	harbor2	chr3	42449196	42449305	LTR/ERV1	1329	+	54	42449250	31376
chr3	42417874	42617874	harbor2	chr3	42449757	42450156	LTR/ERV1	1580	+	200	42449957	32083
chr3	149640932	149840932	harbor2	chr3	149713747	149715712	LTR/ERV1	7710	+	982	149714729	73797
chr3	197100462	197300462	harbor2	chr3	197101080	197101174	LTR/ERV1	438	+	47	197101127	665
chr3	35692225	35892225	harbor2	chr3	35769166	35769702	LTR/ERV1	1504	+	268	35769434	77209
chr3	198057526	198257526	harbor2	chr3	198097082	198097453	LTR/ERV1	2155	+	186	198097268	39742
chr3	198057526	198257526	harbor2	chr3	198117357	198117439	LTR/ERV1	405	+	41	198117398	59872
chr3	198057526	198257526	harbor2	chr3	198118453	198119647	LTR/ERV1	1951	+	597	198119050	61524
chr3	198057526	198257526	harbor2	chr3	198150272	198150864	LTR/ERV1	4666	+	296	198150568	93042
chr3	110538434	110738434	harbor2	chr3	110567371	110567832	LTR/ERV1	3782	+	230	110567601	29167
chr3	110538434	110738434	harbor2	chr3	110573198	110573427	LTR/ERV1	2627	+	114	110573312	34878
chr3	110538434	110738434	harbor2	chr3	110574179	110574574	LTR/ERV1	2627	+	198	110574377	35943
chr3	110538434	110738434	harbor2	chr3	110598509	110599417	LTR/ERV1	5460	+	454	110598963	60529
chr3	110538434	110738434	harbor2	chr3	110623576	110623939	LTR/ERV1	1083	+	182	110623758	85324
chr3	110538434	110738434	harbor2	chr3	110626878	110627161	LTR/ERV1	1000	+	142	110627020	88586
chr3	110538434	110738434	harbor2	chr3	110627882	110628336	LTR/ERV1	3143	+	227	110628109	89675
chr3	110538434	110738434	harbor2	chr3	110628335	110628505	LTR/ERV1	724	+	85	110628420	89986
chr3	194544952	194744952	harbor2	chr3	194610311	194610667	LTR/ERV1	718	+	178	194610489	65537
chr3	156753933	156953933	harbor2	chr3	156754985	156755519	LTR/ERV1	3356	+	267	156755252	1319
chr3	156753933	156953933	harbor2	chr3	156791191	156791335	LTR/ERV1	4335	+	72	156791263	37330
chr3	156753933	156953933	harbor2	chr3	156791631	156792278	LTR/ERV1	4335	+	324	156791955	38022
chr3	156753933	156953933	harbor2	chr3	156827171	156827706	LTR/ERV1	1506	+	268	156827439	73506
chr3	102504874	102704874	harbor2	chr3	102600204	102600691	LTR/ERV1	2246	+	244	102600448	95574
chr3	109314596	109514596	harbor2	chr3	109357164	109357263	LTR/ERV1	411	+	50	109357214	42618
chr3	109314596	109514596	harbor2	chr3	109357264	109357368	LTR/ERV1	410	+	52	109357316	42720
chr3	109314596	109514596	harbor2	chr3	109357649	109357804	LTR/ERV1	582	+	78	109357727	43131
chr3	109314596	109514596	harbor2	chr3	109381916	109382050	LTR/ERV1	535	+	67	109381983	67387
chr3	109314596	109514596	harbor2	chr3	109382528	109382952	LTR/ERV1	2016	+	212	109382740	68144
chr3	109314596	109514596	harbor2	chr3	109393435	109393916	LTR/ERV1	4476	+	240	109393675	79079
chr3	165847588	166047588	harbor2	chr3	165916318	165916854	LTR/ERV1	1456	+	268	165916586	68998
chr3	150399199	150599199	harbor2	chr3	150489195	150489631	LTR/ERV1	2450	+	218	150489413	90214
chr3	150399199	150599199	harbor2	chr3	150490239	150490950	LTR/ERV1	4475	+	356	150490595	91396
chr3	179731060	179931060	harbor2	chr3	179827856	179828316	LTR/ERV1	1576	+	230	179828086	97026
chr3	171183654	171383654	harbor2	chr3	171259927	171260409	LTR/ERV1	2805	+	241	171260168	76514
chr3	171183654	171383654	harbor2	chr3	171268154	171268599	LTR/ERV1	1546	+	222	171268376	84722
chr3	196753114	196953114	harbor2	chr3	196846988	196847039	LTR/ERV1	698	+	26	196847014	93900
chr3	196753114	196953114	harbor2	chr3	196847309	196847680	LTR/ERV1	2808	+	186	196847495	94381
chr3	196753114	196953114	harbor2	chr3	196847973	196848085	LTR/ERV1	2808	+	56	196848029	94915
chr3	196753114	196953114	harbor2	chr3	196848094	196848188	LTR/ERV1	936	+	47	196848141	95027
chr3	196753114	196953114	harbor2	chr3	196848501	196848609	LTR/ERV1	936	+	54	196848555	95441
chr3	196753114	196953114	harbor2	chr3	196849101	196849302	LTR/ERV1	1336	+	100	196849201	96087
chr3	196753114	196953114	harbor2	chr3	196849303	196849797	LTR/ERV1	3129	+	247	196849550	96436
chr3	95925212	96125212	harbor2	chr3	96000992	96001595	LTR/ERV1	4089	+	302	96001294	76082
chr3	168725440	168925440	harbor2	chr3	168746010	168746459	LTR/ERV1	3078	+	224	168746234	20794
chr3	168725440	168925440	harbor2	chr3	168779959	168781405	LTR/ERV1	9326	+	723	168780682	55242
chr3	168725440	168925440	harbor2	chr3	168782114	168782702	LTR/ERV1	3420	+	294	168782408	56968
chr3	160681626	160881626	harbor2	chr3	160699727	160700045	LTR/ERV1	993	+	159	160699886	18260
chr3	160681626	160881626	harbor2	chr3	160719160	160719264	LTR/ERV1	624	+	52	160719212	37586
chr3	81566951	81766951	harbor2	chr3	81576462	81576932	LTR/ERV1	1801	+	235	81576697	9746
chr3	81566951	81766951	harbor2	chr3	81588540	81588915	LTR/ERV1	1637	+	188	81588728	21777
chr3	81566951	81766951	harbor2	chr3	81663058	81663893	LTR/ERV1	4710	+	418	81663476	96525
chr3	179747648	179947648	harbor2	chr3	179827856	179828316	LTR/ERV1	1576	+	230	179828086	80438
chr3	179747648	179947648	harbor2	chr3	179834350	179834783	LTR/ERV1	567	+	216	179834566	86918
chr3	179747648	179947648	harbor2	chr3	179836394	179836560	LTR/ERV1	860	+	83	179836477	88829
chr3	179747648	179947648	harbor2	chr3	179836554	179836741	LTR/ERV1	717	+	94	179836648	89000
chr3	179747648	179947648	harbor2	chr3	179836779	179837610	LTR/ERV1	2725	+	416	179837195	89547
chr3	179747648	179947648	harbor2	chr3	179837654	179838020	LTR/ERV1	1831	+	183	179837837	90189
chr3	194806497	195006497	harbor2	chr3	194840444	194841113	LTR/ERV1	4115	+	334	194840778	34281
chr3	154694415	154894415	harbor2	chr3	154699110	154699826	LTR/ERV1	4430	+	358	154699468	5053
chr3	149677721	149877721	harbor2	chr3	149713747	149715712	LTR/ERV1	7710	+	982	149714729	37008
chr3	150858506	151058506	harbor2	chr3	150854778	150860697	LTR/ERV1	49364	+	2960	150857738	768
chr3	150858506	151058506	harbor2	chr3	150860720	150861011	LTR/ERV1	2487	+	146	150860866	2360
chr3	150858506	151058506	harbor2	chr3	150861012	150861337	LTR/ERV1	2835	+	162	150861174	2668
chr3	150858506	151058506	harbor2	chr3	150943160	150943999	LTR/ERV1	3700	+	420	150943580	85074
chr3	78439352	78639352	harbor2	chr3	78449189	78449800	LTR/ERV1	3409	+	306	78449495	10143
chr3	78439352	78639352	harbor2	chr3	78458154	78458561	LTR/ERV1	2109	+	204	78458358	19006
chr3	78439352	78639352	harbor2	chr3	78458894	78458929	LTR/ERV1	2109	+	18	78458912	19560
chr3	78439352	78639352	harbor2	chr3	78459369	78459550	LTR/ERV1	2109	+	90	78459459	20107
chr3	78439352	78639352	harbor2	chr3	78459579	78460413	LTR/ERV1	2046	+	417	78459996	20644
chr3	78439352	78639352	harbor2	chr3	78461054	78461423	LTR/ERV1	1160	+	184	78461238	21886
chr3	78439352	78639352	harbor2	chr3	78461610	78462043	LTR/ERV1	988	+	216	78461826	22474
chr3	78439352	78639352	harbor2	chr3	78462463	78462633	LTR/ERV1	719	+	85	78462548	23196
chr3	78439352	78639352	harbor2	chr3	78462632	78462771	LTR/ERV1	407	+	70	78462702	23350
chr3	78439352	78639352	harbor2	chr3	78468197	78469321	LTR/ERV1	4797	+	562	78468759	29407
chr3	78439352	78639352	harbor2	chr3	78469489	78470057	LTR/ERV1	2591	+	284	78469773	30421
chr3	78439352	78639352	harbor2	chr3	78470123	78470254	LTR/ERV1	477	+	66	78470189	30837
chr3	78439352	78639352	harbor2	chr3	78470352	78470961	LTR/ERV1	2657	+	304	78470656	31304
chr3	78439352	78639352	harbor2	chr3	78477660	78478116	LTR/ERV1	1027	+	228	78477888	38536
chr3	78439352	78639352	harbor2	chr3	78480633	78481451	LTR/ERV1	3373	+	409	78481042	41690
chr3	78439352	78639352	harbor2	chr3	78508412	78508736	LTR/ERV1	672	+	162	78508574	69222
chr3	130950921	131150921	harbor2	chr3	130988568	130988683	LTR/ERV1	669	+	58	130988626	37705
chr3	130950921	131150921	harbor2	chr3	130988687	130988970	LTR/ERV1	2869	+	142	130988829	37908
chr3	130950921	131150921	harbor2	chr3	130989274	130989286	LTR/ERV1	2869	+	6	130989280	38359
chr3	130950921	131150921	harbor2	chr3	130989584	130989754	LTR/ERV1	2869	+	85	130989669	38748
chr3	127167106	127367106	harbor2	chr3	127180202	127180869	LTR/ERV1	4008	+	334	127180536	13430
chr3	120593500	120793500	harbor2	chr3	120593936	120594154	LTR/ERV1	2092	+	109	120594045	545
chr3	120593500	120793500	harbor2	chr3	120594465	120594703	LTR/ERV1	2092	+	119	120594584	1084
chr3	120593500	120793500	harbor2	chr3	120611920	120612555	LTR/ERV1	4655	+	318	120612238	18738
chr3	120593500	120793500	harbor2	chr3	120648751	120648870	LTR/ERV1	764	+	60	120648811	55311
chr3	120593500	120793500	harbor2	chr3	120648871	120649130	LTR/ERV1	5215	+	130	120649001	55501
chr3	120593500	120793500	harbor2	chr3	120649443	120650272	LTR/ERV1	5215	+	414	120649857	56357
chr3	120593500	120793500	harbor2	chr3	120650273	120650437	LTR/ERV1	1210	+	82	120650355	56855
chr3	120593500	120793500	harbor2	chr3	120669493	120669860	LTR/ERV1	2018	+	184	120669677	76177
chr3	191945779	192145779	harbor2	chr3	191958733	191959265	LTR/ERV1	2280	+	266	191958999	13220
chr3	191945779	192145779	harbor2	chr3	191961422	191961692	LTR/ERV1	1817	+	135	191961557	15778
chr3	191945779	192145779	harbor2	chr3	191961750	191962104	LTR/ERV1	1486	+	177	191961927	16148
chr3	191945779	192145779	harbor2	chr3	192008571	192009098	LTR/ERV1	448	+	264	192008835	63056
chr3	189000753	189200753	harbor2	chr3	189053300	189053781	LTR/ERV1	3195	+	240	189053540	52787
chr3	182921064	183121064	harbor2	chr3	182935866	182936291	LTR/ERV1	1521	+	212	182936078	15014
chr3	193190665	193390665	harbor2	chr3	193208691	193208874	LTR/ERV1	517	+	92	193208783	18118
chr3	193190665	193390665	harbor2	chr3	193224811	193225518	LTR/ERV1	2554	+	354	193225165	34500
chr3	193190665	193390665	harbor2	chr3	193227150	193227452	LTR/ERV1	1519	+	151	193227301	36636
chr3	193190665	193390665	harbor2	chr3	193228056	193228834	LTR/ERV1	4921	+	389	193228445	37780
chr3	193190665	193390665	harbor2	chr3	193247188	193247623	LTR/ERV1	2766	+	218	193247406	56741
chr3	2267694	2467694	harbor2	chr3	2327914	2328136	LTR/ERV1	1234	+	111	2328025	60331
chr3	2267694	2467694	harbor2	chr3	2328427	2328564	LTR/ERV1	1234	+	68	2328495	60801
chr3	2267694	2467694	harbor2	chr3	2343141	2343754	LTR/ERV1	3628	+	306	2343447	75753
chr3	2267694	2467694	harbor2	chr3	2352220	2353720	LTR/ERV1	7459	+	750	2352970	85276
chr3	172834891	173034891	harbor2	chr3	172866601	172867986	LTR/ERV1	10206	+	692	172867293	32402
chr3	186457632	186657632	harbor2	chr3	186477888	186477959	LTR/ERV1	445	+	36	186477924	20292
chr3	186457632	186657632	harbor2	chr3	186478088	186478312	LTR/ERV1	774	+	112	186478200	20568
chr3	186457632	186657632	harbor2	chr3	186478509	186478861	LTR/ERV1	661	+	176	186478685	21053
chr3	186457632	186657632	harbor2	chr3	186478862	186479383	LTR/ERV1	2360	+	260	186479122	21490
chr3	186457632	186657632	harbor2	chr3	186479379	186480048	LTR/ERV1	2282	+	334	186479713	22081
chr3	186457632	186657632	harbor2	chr3	186483023	186483886	LTR/ERV1	4321	+	432	186483455	25823
chr3	186457632	186657632	harbor2	chr3	186484299	186484583	LTR/ERV1	4321	+	142	186484441	26809
chr3	186457632	186657632	harbor2	chr3	186485922	186486101	LTR/ERV1	835	+	90	186486012	28380
chr3	186457632	186657632	harbor2	chr3	186486580	186487038	LTR/ERV1	2349	+	229	186486809	29177
chr3	186457632	186657632	harbor2	chr3	186487114	186487493	LTR/ERV1	1333	+	190	186487304	29672
chr3	186457632	186657632	harbor2	chr3	186487494	186487619	LTR/ERV1	607	+	62	186487556	29924
chr3	186457632	186657632	harbor2	chr3	186552266	186552871	LTR/ERV1	1770	+	302	186552568	94936
chr3	183074128	183274128	harbor2	chr3	183100715	183102105	LTR/ERV1	9739	+	695	183101410	27282
chr3	183074128	183274128	harbor2	chr3	183105652	183105807	LTR/ERV1	2034	+	78	183105730	31602
chr3	183074128	183274128	harbor2	chr3	183106097	183106369	LTR/ERV1	2034	+	136	183106233	32105
chr3	183074128	183274128	harbor2	chr3	183113943	183114450	LTR/ERV1	3619	+	254	183114197	40069
chr3	164735911	164935911	harbor2	chr3	164741456	164741927	LTR/ERV1	988	+	236	164741692	5781
chr3	164735911	164935911	harbor2	chr3	164763498	164763944	LTR/ERV1	2049	+	223	164763721	27810
chr3	164735911	164935911	harbor2	chr3	164814078	164814487	LTR/ERV1	2605	+	204	164814282	78371
chr3	164735911	164935911	harbor2	chr3	164814488	164818301	LTR/ERV1	20357	+	1906	164816394	80483
chr3	164735911	164935911	harbor2	chr3	164818302	164819589	LTR/ERV1	7343	+	644	164818946	83035
chr3	164735911	164935911	harbor2	chr3	164824832	164825446	LTR/ERV1	4250	+	307	164825139	89228
chr3	140575673	140775673	harbor2	chr3	140651241	140652792	LTR/ERV1	12095	+	776	140652017	76344
chr3	86763365	86963365	harbor2	chr3	86771634	86773093	LTR/ERV1	5630	+	730	86772364	8999
chr3	103692844	103892844	harbor2	chr3	103727827	103728402	LTR/ERV1	3758	+	288	103728115	35271
chr3	181055847	181255847	harbor2	chr3	181079330	181079522	LTR/ERV1	1024	+	96	181079426	23579
chr3	181055847	181255847	harbor2	chr3	181079559	181079595	LTR/ERV1	1024	+	18	181079577	23730
chr3	181055847	181255847	harbor2	chr3	181081534	181081726	LTR/ERV1	1038	+	96	181081630	25783
chr3	181055847	181255847	harbor2	chr3	181081756	181081792	LTR/ERV1	1038	+	18	181081774	25927
chr3	146525067	146725067	harbor2	chr3	146558863	146559334	LTR/ERV1	2398	+	236	146559099	34032
chr3	146525067	146725067	harbor2	chr3	146582136	146583110	LTR/ERV1	3397	+	487	146582623	57556
chr3	167464650	167664650	harbor2	chr3	167490662	167490874	LTR/ERV1	488	+	106	167490768	26118
chr3	167464650	167664650	harbor2	chr3	167490875	167491084	LTR/ERV1	972	+	104	167490979	26329
chr3	167464650	167664650	harbor2	chr3	167491081	167491281	LTR/ERV1	932	+	100	167491181	26531
chr3	167464650	167664650	harbor2	chr3	167491285	167491598	LTR/ERV1	1525	+	156	167491441	26791
chr3	77059245	77259245	harbor2	chr3	77060521	77060645	LTR/ERV1	511	+	62	77060583	1338
chr3	176320770	176520770	harbor2	chr3	176396206	176396694	LTR/ERV1	3121	+	244	176396450	75680
chr3	176320770	176520770	harbor2	chr3	176398742	176399016	LTR/ERV1	414	+	137	176398879	78109
chr3	176320770	176520770	harbor2	chr3	176399576	176399879	LTR/ERV1	665	+	152	176399728	78958
chr3	176320770	176520770	harbor2	chr3	176400175	176400493	LTR/ERV1	582	+	159	176400334	79564
chr3	48459347	48659347	harbor2	chr3	48490538	48491120	LTR/ERV1	5100	+	291	48490829	31482
chr3	48459347	48659347	harbor2	chr3	48491418	48491612	LTR/ERV1	5100	+	97	48491515	32168
chr3	48459347	48659347	harbor2	chr3	48506434	48506869	LTR/ERV1	3273	+	218	48506652	47305
chr3	64021949	64221949	harbor2	chr3	64089391	64089533	LTR/ERV1	1723	+	71	64089462	67513
chr3	64021949	64221949	harbor2	chr3	64089847	64090036	LTR/ERV1	1723	+	94	64089941	67992
chr3	64021949	64221949	harbor2	chr3	64090182	64090397	LTR/ERV1	697	+	108	64090290	68341
chr4	124208264	124408264	harbor2	chr4	124216215	124216638	LTR/ERV1	2787	+	212	124216427	8163
chr4	124208264	124408264	harbor2	chr4	124275263	124275566	LTR/ERV1	842	+	152	124275415	67151
chr4	124208264	124408264	harbor2	chr4	124288490	124289403	LTR/ERV1	5327	+	456	124288946	80682
chr4	177470228	177670228	harbor2	chr4	177472786	177473245	LTR/ERV1	2559	+	230	177473016	2788
chr4	177470228	177670228	harbor2	chr4	177495412	177496837	LTR/ERV1	10122	+	712	177496124	25896
chr4	177470228	177670228	harbor2	chr4	177497112	177497577	LTR/ERV1	1114	+	232	177497344	27116
chr4	177470228	177670228	harbor2	chr4	177499500	177500000	LTR/ERV1	3047	+	250	177499750	29522
chr4	177470228	177670228	harbor2	chr4	177500001	177500733	LTR/ERV1	3651	+	366	177500367	30139
chr4	177470228	177670228	harbor2	chr4	177507931	177508460	LTR/ERV1	2506	+	264	177508195	37967
chr4	177470228	177670228	harbor2	chr4	177519648	177520224	LTR/ERV1	3495	+	288	177519936	49708
chr4	177470228	177670228	harbor2	chr4	177533430	177533867	LTR/ERV1	2198	+	218	177533648	63420
chr4	177470228	177670228	harbor2	chr4	177557324	177557778	LTR/ERV1	4976	+	227	177557551	87323
chr4	177470228	177670228	harbor2	chr4	177558095	177558439	LTR/ERV1	4976	+	172	177558267	88039
chr4	183412328	183612328	harbor2	chr4	183428730	183428998	LTR/ERV1	1404	+	134	183428864	16536
chr4	183412328	183612328	harbor2	chr4	183432993	183434409	LTR/ERV1	9872	+	708	183433701	21373
chr4	183412328	183612328	harbor2	chr4	183464560	183464699	LTR/ERV1	885	+	70	183464630	52302
chr4	183412328	183612328	harbor2	chr4	183469384	183469711	LTR/ERV1	1281	+	164	183469548	57220
chr4	183412328	183612328	harbor2	chr4	183469836	183470079	LTR/ERV1	1233	+	122	183469958	57630
chr4	183412328	183612328	harbor2	chr4	183477560	183478102	LTR/ERV1	2242	+	271	183477831	65503
chr4	177551851	177751851	harbor2	chr4	177557324	177557778	LTR/ERV1	4976	+	227	177557551	5700
chr4	177551851	177751851	harbor2	chr4	177558095	177558439	LTR/ERV1	4976	+	172	177558267	6416
chr4	177551851	177751851	harbor2	chr4	177593856	177594282	LTR/ERV1	1263	+	213	177594069	42218
chr4	177551851	177751851	harbor2	chr4	177619369	177620014	LTR/ERV1	3366	+	322	177619691	67840
chr4	177551851	177751851	harbor2	chr4	177633403	177633994	LTR/ERV1	3478	+	296	177633699	81848
chr4	177551851	177751851	harbor2	chr4	177650101	177650526	LTR/ERV1	2348	+	212	177650313	98462
chr4	131545464	131745464	harbor2	chr4	131547703	131548171	LTR/ERV1	3652	+	234	131547937	2473
chr4	131545464	131745464	harbor2	chr4	131548702	131549185	LTR/ERV1	3068	+	242	131548944	3480
chr4	131545464	131745464	harbor2	chr4	131576625	131577011	LTR/ERV1	1803	+	193	131576818	31354
chr4	131545464	131745464	harbor2	chr4	131601439	131601676	LTR/ERV1	2449	+	118	131601557	56093
chr4	131545464	131745464	harbor2	chr4	131601975	131602148	LTR/ERV1	2449	+	86	131602061	56597
chr4	131545464	131745464	harbor2	chr4	131602446	131602710	LTR/ERV1	2449	+	132	131602578	57114
chr4	131545464	131745464	harbor2	chr4	131619844	131620374	LTR/ERV1	1372	+	265	131620109	74645
chr4	62114084	62314084	harbor2	chr4	62164684	62165431	LTR/ERV1	5284	+	374	62165058	50974
chr4	62114084	62314084	harbor2	chr4	62184431	62184764	LTR/ERV1	1348	+	166	62184597	70513
chr4	62114084	62314084	harbor2	chr4	62203957	62204679	LTR/ERV1	4176	+	361	62204318	90234
chr4	62114084	62314084	harbor2	chr4	62160575	62161363	LTR/ERV1	582	+	394	62160969	46885
chr4	144269383	144469383	harbor2	chr4	144336947	144337512	LTR/ERV1	1995	+	282	144337229	67846
chr4	144269383	144469383	harbor2	chr4	144338764	144338958	LTR/ERV1	440	+	97	144338861	69478
chr4	144269383	144469383	harbor2	chr4	144339019	144339328	LTR/ERV1	1385	+	154	144339173	69790
chr4	73676317	73876317	harbor2	chr4	73679215	73679238	LTR/ERV1	2017	+	12	73679227	2910
chr4	73676317	73876317	harbor2	chr4	73750744	73751086	LTR/ERV1	1508	+	171	73750915	74598
chr4	73676317	73876317	harbor2	chr4	73763231	73764144	LTR/ERV1	5693	+	456	73763687	87370
chr4	73676317	73876317	harbor2	chr4	73764262	73764647	LTR/ERV1	1290	+	192	73764454	88137
chr4	73676317	73876317	harbor2	chr4	73768886	73770298	LTR/ERV1	6994	+	706	73769592	93275
chr4	73676317	73876317	harbor2	chr4	73770299	73771249	LTR/ERV1	6002	+	475	73770774	94457
chr4	73676317	73876317	harbor2	chr4	73678548	73678927	LTR/ERV1	2017	+	190	73678738	2421
chr4	76774114	76974114	harbor2	chr4	76859538	76860108	LTR/ERV1	3776	+	285	76859823	85709
chr4	173361095	173561095	harbor2	chr4	173367965	173368423	LTR/ERV1	2279	+	229	173368194	7099
chr4	182865896	183065896	harbor2	chr4	182958126	182958684	LTR/ERV1	2030	+	279	182958405	92509
chr4	161972351	162172351	harbor2	chr4	161998150	161998645	LTR/ERV1	1751	+	248	161998398	26047
chr4	161972351	162172351	harbor2	chr4	162054556	162055226	LTR/ERV1	3165	+	335	162054891	82540
chr4	164638326	164838326	harbor2	chr4	164648823	164649224	LTR/ERV1	2271	+	200	164649023	10697
chr4	164638326	164838326	harbor2	chr4	164655632	164657840	LTR/ERV1	17943	+	1104	164656736	18410
chr4	164638326	164838326	harbor2	chr4	164657841	164658152	LTR/ERV1	2413	+	156	164657997	19671
chr4	164638326	164838326	harbor2	chr4	164705941	164706784	LTR/ERV1	4979	+	422	164706363	68037
chr4	164638326	164838326	harbor2	chr4	164720783	164721358	LTR/ERV1	3456	+	288	164721071	82745
chr4	164638326	164838326	harbor2	chr4	164737203	164737563	LTR/ERV1	687	+	180	164737383	99057
chr4	176958474	177158474	harbor2	chr4	176960035	176960312	LTR/ERV1	1204	+	138	176960173	1699
chr4	176958474	177158474	harbor2	chr4	176971718	176972073	LTR/ERV1	753	+	178	176971896	13422
chr4	148612420	148812420	harbor2	chr4	148709052	148709515	LTR/ERV1	699	+	232	148709284	96864
chr4	129543363	129743363	harbor2	chr4	129603258	129603573	LTR/ERV1	1731	+	158	129603416	60053
chr4	129543363	129743363	harbor2	chr4	129627447	129627975	LTR/ERV1	1222	+	264	129627711	84348
chr4	73135446	73335446	harbor2	chr4	73187417	73187773	LTR/ERV1	2273	+	178	73187595	52149
chr4	178777268	178977268	harbor2	chr4	178805248	178805903	LTR/ERV1	4978	+	328	178805576	28308
chr4	178777268	178977268	harbor2	chr4	178871137	178871804	LTR/ERV1	1777	+	334	178871471	94203
chr4	60348704	60548704	harbor2	chr4	60422761	60423485	LTR/ERV1	3902	+	362	60423123	74419
chr4	156008608	156208608	harbor2	chr4	156015167	156015549	LTR/ERV1	1532	+	191	156015358	6750
chr4	156008608	156208608	harbor2	chr4	156019112	156019193	LTR/ERV1	431	+	40	156019152	10544
chr4	156008608	156208608	harbor2	chr4	156019241	156019337	LTR/ERV1	562	+	48	156019289	10681
chr4	156008608	156208608	harbor2	chr4	156019387	156019840	LTR/ERV1	1694	+	226	156019613	11005
chr4	156008608	156208608	harbor2	chr4	156021421	156021848	LTR/ERV1	2556	+	214	156021635	13027
chr4	156008608	156208608	harbor2	chr4	156045433	156045766	LTR/ERV1	1852	+	166	156045599	36991
chr4	189939715	190139715	harbor2	chr4	189995620	189995755	LTR/ERV1	718	+	68	189995688	55973
chr4	189939715	190139715	harbor2	chr4	190009563	190010438	LTR/ERV1	6264	+	438	190010001	70286
chr4	189939715	190139715	harbor2	chr4	190010726	190010955	LTR/ERV1	6264	+	114	190010840	71125
chr4	189939715	190139715	harbor2	chr4	190010983	190011526	LTR/ERV1	3366	+	272	190011255	71540
chr4	146499401	146699401	harbor2	chr4	146526145	146526358	LTR/ERV1	1399	+	106	146526251	26850
chr4	146499401	146699401	harbor2	chr4	146526359	146530559	LTR/ERV1	30342	+	2100	146528459	29058
chr4	146499401	146699401	harbor2	chr4	146564220	146564898	LTR/ERV1	3812	+	339	146564559	65158
chr4	187475114	187675114	harbor2	chr4	187505448	187506776	LTR/ERV1	8749	+	664	187506112	30998
chr4	187475114	187675114	harbor2	chr4	187481753	187482135	LTR/ERV1	1766	+	191	187481944	6830
chr4	154351076	154551076	harbor2	chr4	154355044	154355661	LTR/ERV1	4176	+	308	154355352	4276
chr4	154351076	154551076	harbor2	chr4	154357316	154357746	LTR/ERV1	2818	+	215	154357531	6455
chr4	154351076	154551076	harbor2	chr4	154427192	154427602	LTR/ERV1	2348	+	205	154427397	76321
chr4	179291754	179491754	harbor2	chr4	179311800	179312569	LTR/ERV1	4518	+	384	179312184	20430
chr4	179291754	179491754	harbor2	chr4	179369410	179369950	LTR/ERV1	2772	+	270	179369680	77926
chr4	179291754	179491754	harbor2	chr4	179370127	179370381	LTR/ERV1	1580	+	127	179370254	78500
chr4	179291754	179491754	harbor2	chr4	179370684	179370766	LTR/ERV1	1580	+	41	179370725	78971
chr4	65515072	65715072	harbor2	chr4	65580520	65580791	LTR/ERV1	1159	+	136	65580656	65584
chr4	65515072	65715072	harbor2	chr4	65581087	65581418	LTR/ERV1	1260	+	166	65581253	66181
chr4	96488286	96688286	harbor2	chr4	96490315	96490992	LTR/ERV1	2379	+	338	96490653	2367
chr4	96488286	96688286	harbor2	chr4	96520951	96522422	LTR/ERV1	7956	+	736	96521687	33401
chr4	140941023	141141023	harbor2	chr4	141016244	141016630	LTR/ERV1	1405	+	193	141016437	75414
chr4	140941023	141141023	harbor2	chr4	141039841	141040163	LTR/ERV1	474	+	161	141040002	98979
chr4	172661969	172861969	harbor2	chr4	172666337	172666789	LTR/ERV1	2504	+	226	172666563	4594
chr4	187685066	187885066	harbor2	chr4	187685051	187685110	LTR/ERV1	438	+	30	187685081	15
chr4	187685066	187885066	harbor2	chr4	187701799	187702369	LTR/ERV1	2333	+	285	187702084	17018
chr4	187685066	187885066	harbor2	chr4	187707043	187707293	LTR/ERV1	738	+	125	187707168	22102
chr4	187685066	187885066	harbor2	chr4	187707438	187707661	LTR/ERV1	604	+	112	187707550	22484
chr4	187685066	187885066	harbor2	chr4	187765127	187765150	LTR/ERV1	2377	+	12	187765139	80073
chr4	187685066	187885066	harbor2	chr4	187765151	187765905	LTR/ERV1	5801	+	377	187765528	80462
chr4	187685066	187885066	harbor2	chr4	187765906	187766249	LTR/ERV1	2377	+	172	187766078	81012
chr4	187685066	187885066	harbor2	chr4	187774270	187774513	LTR/ERV1	1372	+	122	187774392	89326
chr4	187685066	187885066	harbor2	chr4	187781016	187781776	LTR/ERV1	4415	+	380	187781396	96330
chr4	187685066	187885066	harbor2	chr4	187784316	187785087	LTR/ERV1	4535	+	386	187784702	99636
chr4	155739217	155939217	harbor2	chr4	155810688	155810974	LTR/ERV1	1272	+	143	155810831	71614
chr4	155739217	155939217	harbor2	chr4	155810970	155811453	LTR/ERV1	2970	+	242	155811212	71995
chr4	155739217	155939217	harbor2	chr4	155821706	155822100	LTR/ERV1	2221	+	197	155821903	82686
chr4	155739217	155939217	harbor2	chr4	155834612	155835393	LTR/ERV1	4746	+	390	155835002	95785
chr4	130164162	130364162	harbor2	chr4	130188129	130188408	LTR/ERV1	1524	+	140	130188269	24107
chr4	130164162	130364162	harbor2	chr4	130201480	130202533	LTR/ERV1	5557	+	526	130202006	37844
chr4	130164162	130364162	harbor2	chr4	130243038	130243182	LTR/ERV1	1102	+	72	130243110	78948
chr4	130164162	130364162	harbor2	chr4	130258355	130258804	LTR/ERV1	2821	+	224	130258579	94417
chr4	130164162	130364162	harbor2	chr4	130203200	130203994	LTR/ERV1	5557	+	397	130203597	39435
chr4	190103240	190303240	harbor2	chr4	190202279	190203039	LTR/ERV1	1658	+	380	190202659	99419
chr4	190103240	190303240	harbor2	chr4	190119470	190120084	LTR/ERV1	1384	+	307	190119777	16537
chr4	135085562	135285562	harbor2	chr4	135166608	135166718	LTR/ERV1	533	+	55	135166663	81101
chr4	135085562	135285562	harbor2	chr4	135166728	135167071	LTR/ERV1	1648	+	172	135166900	81338
chr4	135085562	135285562	harbor2	chr4	135167160	135167290	LTR/ERV1	472	+	65	135167225	81663
chr4	135085562	135285562	harbor2	chr4	135173358	135173615	LTR/ERV1	895	+	128	135173486	87924
chr4	135085562	135285562	harbor2	chr4	135173711	135174244	LTR/ERV1	940	+	266	135173977	88415
chr4	135085562	135285562	harbor2	chr4	135174258	135174407	LTR/ERV1	1338	+	74	135174332	88770
chr4	135085562	135285562	harbor2	chr4	135174927	135175853	LTR/ERV1	1497	+	463	135175390	89828
chr4	135085562	135285562	harbor2	chr4	135176151	135176268	LTR/ERV1	1345	+	58	135176209	90647
chr4	135085562	135285562	harbor2	chr4	135176267	135176469	LTR/ERV1	915	+	101	135176368	90806
chr4	135085562	135285562	harbor2	chr4	135176464	135178079	LTR/ERV1	8142	+	808	135177272	91710
chr4	124573540	124773540	harbor2	chr4	124598687	124599085	LTR/ERV1	2615	+	199	124598886	25346
chr4	124573540	124773540	harbor2	chr4	124603514	124603941	LTR/ERV1	2876	+	214	124603728	30188
chr4	124573540	124773540	harbor2	chr4	124605292	124605459	LTR/ERV1	1290	+	84	124605376	31836
chr4	124573540	124773540	harbor2	chr4	124638787	124639270	LTR/ERV1	2049	+	242	124639029	65489
chr4	124573540	124773540	harbor2	chr4	124650570	124651736	LTR/ERV1	6091	+	583	124651153	77613
chr4	83076091	83276091	harbor2	chr4	83096768	83096865	LTR/ERV1	730	+	48	83096816	20725
chr4	83076091	83276091	harbor2	chr4	83096865	83097230	LTR/ERV1	15631	+	182	83097047	20956
chr4	83076091	83276091	harbor2	chr4	83097270	83097860	LTR/ERV1	15631	+	295	83097565	21474
chr4	83076091	83276091	harbor2	chr4	83098157	83099235	LTR/ERV1	15631	+	539	83098696	22605
chr4	83076091	83276091	harbor2	chr4	83144252	83144659	LTR/ERV1	2308	+	204	83144456	68365
chr4	83076091	83276091	harbor2	chr4	83155977	83156640	LTR/ERV1	2131	+	332	83156309	80218
chr4	101491315	101691315	harbor2	chr4	101502431	101502830	LTR/ERV1	2105	+	200	101502631	11316
chr4	101491315	101691315	harbor2	chr4	101523675	101524192	LTR/ERV1	3067	+	258	101523933	32618
chr4	101491315	101691315	harbor2	chr4	101551676	101552509	LTR/ERV1	4764	+	416	101552092	60777
chr4	101491315	101691315	harbor2	chr4	101570767	101570960	LTR/ERV1	2270	+	96	101570863	79548
chr4	101491315	101691315	harbor2	chr4	101571510	101571758	LTR/ERV1	2270	+	124	101571634	80319
chr4	189859474	190059474	harbor2	chr4	189919226	189919415	LTR/ERV1	870	+	94	189919320	59846
chr4	189859474	190059474	harbor2	chr4	189925901	189926292	LTR/ERV1	2457	+	196	189926097	66623
chr4	189859474	190059474	harbor2	chr4	189926295	189929256	LTR/ERV1	18928	+	1480	189927775	68301
chr4	189859474	190059474	harbor2	chr4	189929251	189930104	LTR/ERV1	5902	+	426	189929677	70203
chr4	189859474	190059474	harbor2	chr4	189930107	189930289	LTR/ERV1	1268	+	91	189930198	70724
chr4	189859474	190059474	harbor2	chr4	189930287	189930859	LTR/ERV1	3469	+	286	189930573	71099
chr4	189859474	190059474	harbor2	chr4	189930864	189931079	LTR/ERV1	1221	+	108	189930972	71498
chr4	189859474	190059474	harbor2	chr4	189931080	189931457	LTR/ERV1	2339	+	188	189931268	71794
chr4	189859474	190059474	harbor2	chr4	189931458	189931855	LTR/ERV1	2260	+	198	189931656	72182
chr4	189859474	190059474	harbor2	chr4	189933303	189933712	LTR/ERV1	1046	+	204	189933507	74033
chr4	73048892	73248892	harbor2	chr4	73053169	73053628	LTR/ERV1	3267	+	230	73053399	4507
chr4	185070158	185270158	harbor2	chr4	185120045	185120495	LTR/ERV1	1875	+	225	185120270	50112
chr4	156528381	156728381	harbor2	chr4	156600196	156600646	LTR/ERV1	3297	+	225	156600421	72040
chr4	156528381	156728381	harbor2	chr4	156600649	156603699	LTR/ERV1	20394	+	1525	156602174	73793
chr4	156528381	156728381	harbor2	chr4	156603679	156603828	LTR/ERV1	974	+	74	156603753	75372
chr4	156528381	156728381	harbor2	chr4	156603819	156604323	LTR/ERV1	3347	+	252	156604071	75690
chr4	156528381	156728381	harbor2	chr4	156604326	156604987	LTR/ERV1	4388	+	330	156604656	76275
chr4	156528381	156728381	harbor2	chr4	156604985	156605206	LTR/ERV1	1361	+	110	156605095	76714
chr4	156528381	156728381	harbor2	chr4	156605205	156605583	LTR/ERV1	2496	+	189	156605394	77013
chr4	156528381	156728381	harbor2	chr4	156605584	156606034	LTR/ERV1	3476	+	225	156605809	77428
chr4	175451337	175651337	harbor2	chr4	175458819	175458900	LTR/ERV1	453	+	40	175458859	7522
chr4	175451337	175651337	harbor2	chr4	175477656	175478069	LTR/ERV1	2215	+	206	175477862	26525
chr4	178715824	178915824	harbor2	chr4	178805248	178805903	LTR/ERV1	4978	+	328	178805576	89752
chr4	147697520	147897520	harbor2	chr4	147705787	147705889	LTR/ERV1	419	+	51	147705838	8318
chr4	147697520	147897520	harbor2	chr4	147708836	147709294	LTR/ERV1	3544	+	229	147709065	11545
chr4	147697520	147897520	harbor2	chr4	147709662	147709843	LTR/ERV1	1230	+	90	147709752	12232
chr4	133836634	134036634	harbor2	chr4	133851009	133851574	LTR/ERV1	1620	+	282	133851291	14657
chr4	133836634	134036634	harbor2	chr4	133889090	133889430	LTR/ERV1	1362	+	170	133889260	52626
chr4	147060843	147260843	harbor2	chr4	147076358	147076688	LTR/ERV1	1917	+	165	147076523	15680
chr4	147060843	147260843	harbor2	chr4	147130428	147130747	LTR/ERV1	804	+	160	147130588	69745
chr5	124439845	124639845	harbor2	chr5	124441788	124442168	LTR/ERV1	1113	+	190	124441978	2133
chr5	124439845	124639845	harbor2	chr5	124442528	124442674	LTR/ERV1	1113	+	73	124442601	2756
chr5	124439845	124639845	harbor2	chr5	124497035	124497443	LTR/ERV1	2695	+	204	124497239	57394
chr5	124439845	124639845	harbor2	chr5	124497446	124499999	LTR/ERV1	16652	+	1276	124498722	58877
chr5	124439845	124639845	harbor2	chr5	124500001	124500451	LTR/ERV1	3059	+	225	124500226	60381
chr5	124439845	124639845	harbor2	chr5	124500446	124500593	LTR/ERV1	897	+	74	124500520	60675
chr5	124439845	124639845	harbor2	chr5	124500584	124501085	LTR/ERV1	3556	+	250	124500834	60989
chr5	124439845	124639845	harbor2	chr5	124501089	124501751	LTR/ERV1	4456	+	331	124501420	61575
chr5	124439845	124639845	harbor2	chr5	124501732	124501955	LTR/ERV1	1248	+	112	124501844	61999
chr5	124439845	124639845	harbor2	chr5	124502333	124502739	LTR/ERV1	2908	+	203	124502536	62691
chr5	124439845	124639845	harbor2	chr5	124521439	124522777	LTR/ERV1	9484	+	669	124522108	82263
chr5	124439845	124639845	harbor2	chr5	124501954	124502332	LTR/ERV1	2517	+	189	124502143	62298
chr5	168449915	168649915	harbor2	chr5	168475356	168475871	LTR/ERV1	2024	+	258	168475614	25699
chr5	168449915	168649915	harbor2	chr5	168477060	168477748	LTR/ERV1	3640	+	344	168477404	27489
chr5	168449915	168649915	harbor2	chr5	168481497	168481626	LTR/ERV1	557	+	64	168481561	31646
chr5	168449915	168649915	harbor2	chr5	168481702	168481992	LTR/ERV1	1492	+	145	168481847	31932
chr5	181364939	181564939	harbor2	chr5	181417924	181418067	LTR/ERV1	3626	+	72	181417996	53057
chr5	181364939	181564939	harbor2	chr5	181418188	181418489	LTR/ERV1	3626	+	150	181418338	53399
chr5	181364939	181564939	harbor2	chr5	181418789	181419102	LTR/ERV1	3626	+	156	181418945	54006
chr5	181364939	181564939	harbor2	chr5	181423173	181423617	LTR/ERV1	1329	+	222	181423395	58456
chr5	181364939	181564939	harbor2	chr5	181443646	181444258	LTR/ERV1	3551	+	306	181443952	79013
chr5	181364939	181564939	harbor2	chr5	181461534	181462325	LTR/ERV1	4389	+	396	181461930	96991
chr5	147475542	147675542	harbor2	chr5	147527307	147527538	LTR/ERV1	744	+	116	147527423	51881
chr5	15948365	16148365	harbor2	chr5	15955561	15956072	LTR/ERV1	818	+	256	15955817	7452
chr5	163108959	163308959	harbor2	chr5	163186045	163186517	LTR/ERV1	2845	+	236	163186281	77322
chr5	163108959	163308959	harbor2	chr5	163194211	163194652	LTR/ERV1	1849	+	220	163194431	85472
chr5	112464181	112664181	harbor2	chr5	112501062	112501422	LTR/ERV1	1986	+	180	112501242	37061
chr5	112464181	112664181	harbor2	chr5	112502775	112503208	LTR/ERV1	2595	+	216	112502991	38810
chr5	112464181	112664181	harbor2	chr5	112511228	112511810	LTR/ERV1	3140	+	291	112511519	47338
chr5	112464181	112664181	harbor2	chr5	112523903	112524344	LTR/ERV1	3675	+	220	112524123	59942
chr5	112464181	112664181	harbor2	chr5	112532192	112532633	LTR/ERV1	3646	+	220	112532412	68231
chr5	112464181	112664181	harbor2	chr5	112533179	112533898	LTR/ERV1	1915	+	360	112533539	69358
chr5	112464181	112664181	harbor2	chr5	112534577	112535036	LTR/ERV1	1382	+	230	112534807	70626
chr5	112464181	112664181	harbor2	chr5	112547994	112548932	LTR/ERV1	5875	+	469	112548463	84282
chr5	112464181	112664181	harbor2	chr5	112561204	112562102	LTR/ERV1	4589	+	449	112561653	97472
chr5	112464181	112664181	harbor2	chr5	112524345	112532191	LTR/ERV1	65945	+	3923	112528268	64087
chr5	113429064	113629064	harbor2	chr5	113436311	113436538	LTR/ERV1	1232	+	114	113436425	7361
chr5	113429064	113629064	harbor2	chr5	113436520	113437087	LTR/ERV1	2937	+	284	113436804	7740
chr5	113429064	113629064	harbor2	chr5	113456963	113458550	LTR/ERV1	11665	+	794	113457757	28693
chr5	128746720	128946720	harbor2	chr5	128821748	128822183	LTR/ERV1	1928	+	218	128821966	75246
chr5	128746720	128946720	harbor2	chr5	128823933	128824488	LTR/ERV1	4286	+	278	128824211	77491
chr5	159305169	159505169	harbor2	chr5	159334983	159335539	LTR/ERV1	3534	+	278	159335261	30092
chr5	159305169	159505169	harbor2	chr5	159335842	159335943	LTR/ERV1	3534	+	50	159335892	30723
chr5	159305169	159505169	harbor2	chr5	159335944	159336742	LTR/ERV1	4086	+	399	159336343	31174
chr5	159305169	159505169	harbor2	chr5	159336743	159336764	LTR/ERV1	3534	+	10	159336753	31584
chr5	159305169	159505169	harbor2	chr5	159337332	159338006	LTR/ERV1	2817	+	337	159337669	32500
chr5	159305169	159505169	harbor2	chr5	159366192	159366641	LTR/ERV1	3595	+	224	159366416	61247
chr5	159305169	159505169	harbor2	chr5	159373415	159373869	LTR/ERV1	3521	+	227	159373642	68473
chr5	159305169	159505169	harbor2	chr5	159334174	159334775	LTR/ERV1	4027	+	300	159334474	29305
chr5	159305169	159505169	harbor2	chr5	159366642	159373414	LTR/ERV1	44237	+	3386	159370028	64859
chr5	175697009	175897009	harbor2	chr5	175718460	175718964	LTR/ERV1	1369	+	252	175718712	21703
chr5	175697009	175897009	harbor2	chr5	175733966	175734737	LTR/ERV1	5081	+	386	175734352	37343
chr5	175697009	175897009	harbor2	chr5	175774178	175774228	LTR/ERV1	401	+	25	175774203	77194
chr5	175697009	175897009	harbor2	chr5	175774227	175774585	LTR/ERV1	2361	+	179	175774406	77397
chr5	106859988	107059988	harbor2	chr5	106926464	106927105	LTR/ERV1	3032	+	320	106926784	66796
chr5	113847054	114047054	harbor2	chr5	113847495	113848144	LTR/ERV1	2916	+	324	113847819	765
chr5	174832574	175032574	harbor2	chr5	174842461	174843011	LTR/ERV1	3316	+	275	174842736	10162
chr5	174832574	175032574	harbor2	chr5	174880481	174882016	LTR/ERV1	11206	+	768	174881249	48675
chr5	174832574	175032574	harbor2	chr5	174891860	174892004	LTR/ERV1	1089	+	72	174891932	59358
chr5	174832574	175032574	harbor2	chr5	174892005	174893159	LTR/ERV1	6192	+	577	174892582	60008
chr5	174832574	175032574	harbor2	chr5	174893452	174894316	LTR/ERV1	6192	+	432	174893884	61310
chr5	174832574	175032574	harbor2	chr5	174901330	174902772	LTR/ERV1	9324	+	721	174902051	69477
chr5	168176684	168376684	harbor2	chr5	168192142	168192592	LTR/ERV1	2624	+	225	168192367	15683
chr5	145814051	146014051	harbor2	chr5	145834189	145834613	LTR/ERV1	2408	+	212	145834401	20350
chr5	150016885	150216885	harbor2	chr5	150083645	150084054	LTR/ERV1	2567	+	204	150083849	66964
chr5	150016885	150216885	harbor2	chr5	150111792	150111888	LTR/ERV1	419	+	48	150111840	94955
chr5	150016885	150216885	harbor2	chr5	150111982	150112231	LTR/ERV1	451	+	124	150112106	95221
chr5	150016885	150216885	harbor2	chr5	150109903	150110464	LTR/ERV1	2737	+	280	150110183	93298
chr5	152353164	152553164	harbor2	chr5	152384482	152384612	LTR/ERV1	608	+	65	152384547	31383
chr5	152353164	152553164	harbor2	chr5	152384674	152384887	LTR/ERV1	606	+	106	152384780	31616
chr5	152353164	152553164	harbor2	chr5	152414101	152414660	LTR/ERV1	3794	+	280	152414381	61217
chr5	152353164	152553164	harbor2	chr5	152442426	152443132	LTR/ERV1	3080	+	353	152442779	89615
chr5	155158380	155358380	harbor2	chr5	155199492	155199987	LTR/ERV1	3036	+	248	155199740	41360
chr5	155158380	155358380	harbor2	chr5	155210477	155210636	LTR/ERV1	754	+	80	155210557	52177
chr5	155158380	155358380	harbor2	chr5	155227403	155227801	LTR/ERV1	908	+	199	155227602	69222
chr5	155158380	155358380	harbor2	chr5	155246730	155247419	LTR/ERV1	3706	+	344	155247074	88694
chr5	149157560	149357560	harbor2	chr5	149187554	149188085	LTR/ERV1	3376	+	266	149187820	30260
chr5	120300361	120500361	harbor2	chr5	120321542	120322089	LTR/ERV1	398	+	274	120321816	21455
chr5	120300361	120500361	harbor2	chr5	120367961	120368490	LTR/ERV1	1295	+	264	120368225	67864
chr5	120300361	120500361	harbor2	chr5	120368496	120369730	LTR/ERV1	7449	+	617	120369113	68752
chr5	89493842	89693842	harbor2	chr5	89568509	89568936	LTR/ERV1	1416	+	214	89568723	74881
chr5	18617846	18817846	harbor2	chr5	18632761	18633047	LTR/ERV1	759	+	143	18632904	15058
chr5	18617846	18817846	harbor2	chr5	18689204	18689333	LTR/ERV1	723	+	64	18689268	71422
chr5	178863597	179063597	harbor2	chr5	178878535	178878630	LTR/ERV1	668	+	48	178878583	14986
chr5	179990546	180190546	harbor2	chr5	180081933	180082083	LTR/ERV1	579	+	75	180082008	91462
chr5	110221772	110421772	harbor2	chr5	110261937	110262267	LTR/ERV1	1401	+	165	110262102	40330
chr5	179473522	179673522	harbor2	chr5	179501036	179501497	LTR/ERV1	2618	+	230	179501266	27744
chr5	156505983	156705983	harbor2	chr5	156593246	156593799	LTR/ERV1	2140	+	276	156593522	87539
chr5	20846176	21046176	harbor2	chr5	20850545	20850844	LTR/ERV1	1654	+	150	20850695	4519
chr5	20846176	21046176	harbor2	chr5	20865568	20866255	LTR/ERV1	3621	+	344	20865912	19736
chr5	20846176	21046176	harbor2	chr5	20922932	20923574	LTR/ERV1	3653	+	321	20923253	77077
chr5	160690315	160890315	harbor2	chr5	160692384	160692951	LTR/ERV1	3479	+	284	160692668	2353
chr5	160690315	160890315	harbor2	chr5	160727695	160728392	LTR/ERV1	4018	+	348	160728043	37728
chr5	160690315	160890315	harbor2	chr5	160726745	160727181	LTR/ERV1	2564	+	218	160726963	36648
chr5	158192152	158392152	harbor2	chr5	158267069	158267459	LTR/ERV1	1885	+	195	158267264	75112
chr5	157990183	158190183	harbor2	chr5	158007390	158007950	LTR/ERV1	2702	+	280	158007670	17487
chr5	157990183	158190183	harbor2	chr5	158065787	158065940	LTR/ERV1	966	+	76	158065863	75680
chr5	157990183	158190183	harbor2	chr5	158066436	158066549	LTR/ERV1	1807	+	56	158066492	76309
chr5	157990183	158190183	harbor2	chr5	158066955	158067143	LTR/ERV1	1807	+	94	158067049	76866
chr5	157990183	158190183	harbor2	chr5	158067147	158067244	LTR/ERV1	657	+	48	158067195	77012
chr5	157990183	158190183	harbor2	chr5	158067328	158067707	LTR/ERV1	944	+	190	158067518	77335
chr5	117953165	118153165	harbor2	chr5	118033613	118035060	LTR/ERV1	9188	+	724	118034337	81172
chr5	117953165	118153165	harbor2	chr5	118042106	118042308	LTR/ERV1	490	+	101	118042207	89042
chr5	125572120	125772120	harbor2	chr5	125585852	125586646	LTR/ERV1	4579	+	397	125586249	14129
chr5	125572120	125772120	harbor2	chr5	125596322	125596535	LTR/ERV1	1390	+	106	125596428	24308
chr5	125572120	125772120	harbor2	chr5	125605841	125606347	LTR/ERV1	2309	+	253	125606094	33974
chr5	125569177	125769177	harbor2	chr5	125585852	125586646	LTR/ERV1	4579	+	397	125586249	17072
chr5	125569177	125769177	harbor2	chr5	125596322	125596535	LTR/ERV1	1390	+	106	125596428	27251
chr5	125569177	125769177	harbor2	chr5	125605841	125606347	LTR/ERV1	2309	+	253	125606094	36917
chr5	154900897	155100897	harbor2	chr5	154929957	154930450	LTR/ERV1	3431	+	246	154930203	29306
chr5	161153651	161353651	harbor2	chr5	161240264	161240377	LTR/ERV1	568	+	56	161240320	86669
chr5	161153651	161353651	harbor2	chr5	161240378	161243513	LTR/ERV1	18087	+	1568	161241946	88295
chr5	161153651	161353651	harbor2	chr5	161243504	161245212	LTR/ERV1	7331	+	854	161244358	90707
chr5	161153651	161353651	harbor2	chr5	161245210	161245433	LTR/ERV1	1328	+	112	161245322	91671
chr5	161153651	161353651	harbor2	chr5	161245434	161245804	LTR/ERV1	2189	+	185	161245619	91968
chr5	161153651	161353651	harbor2	chr5	161245805	161246200	LTR/ERV1	2463	+	198	161246003	92352
chr5	161153651	161353651	harbor2	chr5	161248409	161248819	LTR/ERV1	2405	+	205	161248614	94963
chr5	161153651	161353651	harbor2	chr5	161248822	161254004	LTR/ERV1	29479	+	2591	161251413	97762
chr5	84681162	84881162	harbor2	chr5	84688430	84688868	LTR/ERV1	1769	+	219	84688649	7487
chr5	84681162	84881162	harbor2	chr5	84698675	84701894	LTR/ERV1	16883	+	1610	84700285	19123
chr5	84681162	84881162	harbor2	chr5	84701874	84702023	LTR/ERV1	976	+	74	84701948	20786
chr5	84681162	84881162	harbor2	chr5	84702014	84702518	LTR/ERV1	3331	+	252	84702266	21104
chr5	84681162	84881162	harbor2	chr5	84702521	84703177	LTR/ERV1	4304	+	328	84702849	21687
chr5	84681162	84881162	harbor2	chr5	84703179	84703381	LTR/ERV1	1173	+	101	84703280	22118
chr5	84681162	84881162	harbor2	chr5	84703380	84703746	LTR/ERV1	2485	+	183	84703563	22401
chr5	84681162	84881162	harbor2	chr5	84703755	84704204	LTR/ERV1	3386	+	224	84703979	22817
chr5	169590646	169790646	harbor2	chr5	169677072	169677708	LTR/ERV1	3472	+	318	169677390	86744
chr5	40398259	40598259	harbor2	chr5	40438479	40439921	LTR/ERV1	10080	+	721	40439200	40941
chr5	40398259	40598259	harbor2	chr5	40465627	40465982	LTR/ERV1	2220	+	178	40465805	67546
chr5	79943567	80143567	harbor2	chr5	79959311	79959738	LTR/ERV1	3101	+	214	79959525	15958
chr5	79943567	80143567	harbor2	chr5	79953267	79953977	LTR/ERV1	3638	+	355	79953622	10055
chr5	175656669	175856669	harbor2	chr5	175718460	175718964	LTR/ERV1	1369	+	252	175718712	62043
chr5	175656669	175856669	harbor2	chr5	175733966	175734737	LTR/ERV1	5081	+	386	175734352	77683
chr5	157072669	157272669	harbor2	chr5	157107545	157108046	LTR/ERV1	3326	+	250	157107795	35126
chr5	101732708	101932708	harbor2	chr5	101753797	101754705	LTR/ERV1	3581	+	454	101754251	21543
chr5	101732708	101932708	harbor2	chr5	101755459	101756044	LTR/ERV1	670	+	292	101755751	23043
chr5	101732708	101932708	harbor2	chr5	101806371	101807858	LTR/ERV1	6654	+	744	101807115	74407
chr5	144458011	144658011	harbor2	chr5	144520422	144520894	LTR/ERV1	2341	+	236	144520658	62647
chr5	144458011	144658011	harbor2	chr5	144506548	144507137	LTR/ERV1	1799	+	294	144506842	48831
chr5	109234010	109434010	harbor2	chr5	109276354	109276673	LTR/ERV1	672	+	160	109276514	42504
chr5	109234010	109434010	harbor2	chr5	109322040	109322262	LTR/ERV1	1502	+	111	109322151	88141
chr5	109234010	109434010	harbor2	chr5	109322257	109322548	LTR/ERV1	1631	+	146	109322403	88393
chr5	174693798	174893798	harbor2	chr5	174776573	174776868	LTR/ERV1	1842	+	148	174776721	82923
chr5	174693798	174893798	harbor2	chr5	174777171	174777322	LTR/ERV1	1842	+	76	174777247	83449
chr5	148285819	148485819	harbor2	chr5	148296066	148296226	LTR/ERV1	1165	+	80	148296146	10327
chr5	148285819	148485819	harbor2	chr5	148372603	148373124	LTR/ERV1	2267	+	260	148372863	87044
chr5	88247775	88447775	harbor2	chr5	88267589	88268212	LTR/ERV1	2183	+	312	88267901	20126
chr5	88247775	88447775	harbor2	chr5	88286159	88286592	LTR/ERV1	2268	+	216	88286375	38600
chr5	88247775	88447775	harbor2	chr5	88287792	88288199	LTR/ERV1	2187	+	204	88287996	40221
chr5	88247775	88447775	harbor2	chr5	88316339	88316545	LTR/ERV1	1612	+	103	88316442	68667
chr5	88247775	88447775	harbor2	chr5	88316846	88316966	LTR/ERV1	1612	+	60	88316906	69131
chr5	119764175	119964175	harbor2	chr5	119798366	119798940	LTR/ERV1	1937	+	287	119798653	34478
chr5	133011623	133211623	harbor2	chr5	133047374	133048506	LTR/ERV1	7275	+	566	133047940	36317
chr5	55479545	55679545	harbor2	chr5	55484000	55484419	LTR/ERV1	1498	+	210	55484210	4665
chr5	55479545	55679545	harbor2	chr5	55535461	55535905	LTR/ERV1	1508	+	222	55535683	56138
chr5	179391211	179591211	harbor2	chr5	179394333	179394754	LTR/ERV1	2256	+	210	179394543	3332
chr5	179391211	179591211	harbor2	chr5	179423712	179423779	LTR/ERV1	2094	+	34	179423746	32535
chr5	179391211	179591211	harbor2	chr5	179424383	179424720	LTR/ERV1	2094	+	168	179424551	33340
chr5	180850364	181050364	harbor2	chr5	180867617	180867777	LTR/ERV1	3733	+	80	180867697	17333
chr5	180850364	181050364	harbor2	chr5	180867819	180868124	LTR/ERV1	3733	+	152	180867971	17607
chr5	180850364	181050364	harbor2	chr5	180874358	180874647	LTR/ERV1	1195	+	144	180874502	24138
chr5	180850364	181050364	harbor2	chr5	180875928	180876164	LTR/ERV1	1094	+	118	180876046	25682
chr5	180850364	181050364	harbor2	chr5	180910191	180910715	LTR/ERV1	1477	+	262	180910453	60089
chr5	175733812	175933812	harbor2	chr5	175733966	175734737	LTR/ERV1	5081	+	386	175734352	540
chr5	175733812	175933812	harbor2	chr5	175774178	175774228	LTR/ERV1	401	+	25	175774203	40391
chr5	175733812	175933812	harbor2	chr5	175774227	175774585	LTR/ERV1	2361	+	179	175774406	40594
chr5	155515478	155715478	harbor2	chr5	155541343	155542075	LTR/ERV1	3453	+	366	155541709	26231
chr5	155515478	155715478	harbor2	chr5	155564606	155565052	LTR/ERV1	1364	+	223	155564829	49351
chr5	179527553	179727553	harbor2	chr5	179612749	179613289	LTR/ERV1	3308	+	270	179613019	85466
chr5	170419457	170619457	harbor2	chr5	170451029	170451550	LTR/ERV1	2380	+	260	170451289	31832
chr5	170419457	170619457	harbor2	chr5	170473966	170474511	LTR/ERV1	3052	+	272	170474238	54781
chr5	63074122	63274122	harbor2	chr5	63133190	63133360	LTR/ERV1	421	+	85	63133275	59153
chr5	92866703	93066703	harbor2	chr5	92934995	92935220	LTR/ERV1	1292	+	112	92935107	68404
chr5	175170609	175370609	harbor2	chr5	175195120	175195608	LTR/ERV1	1796	+	244	175195364	24755
chr5	176103331	176303331	harbor2	chr5	176131741	176132293	LTR/ERV1	4247	+	276	176132017	28686
chr5	176103331	176303331	harbor2	chr5	176137433	176137532	LTR/ERV1	598	+	50	176137483	34152
chr5	176103331	176303331	harbor2	chr5	176172259	176172857	LTR/ERV1	2222	+	299	176172558	69227
chr5	176103331	176303331	harbor2	chr5	176173164	176173225	LTR/ERV1	2222	+	30	176173194	69863
chr5	171730868	171930868	harbor2	chr5	171781111	171781664	LTR/ERV1	2986	+	276	171781387	50519
chr5	171730868	171930868	harbor2	chr5	171781760	171782224	LTR/ERV1	2969	+	232	171781992	51124
chr5	171730868	171930868	harbor2	chr5	171816580	171817041	LTR/ERV1	2004	+	230	171816810	85942
chr5	42726834	42926834	harbor2	chr5	42813176	42813649	LTR/ERV1	3747	+	236	42813412	86578
chr5	42726834	42926834	harbor2	chr5	42813650	42814032	LTR/ERV1	2555	+	191	42813841	87007
chr5	42726834	42926834	harbor2	chr5	42814028	42814145	LTR/ERV1	810	+	58	42814086	87252
chr5	42726834	42926834	harbor2	chr5	42814141	42814788	LTR/ERV1	4615	+	324	42814465	87631
chr5	42726834	42926834	harbor2	chr5	42814774	42815780	LTR/ERV1	6651	+	503	42815277	88443
chr5	42726834	42926834	harbor2	chr5	42815780	42819325	LTR/ERV1	24687	+	1772	42817552	90718
chr5	42726834	42926834	harbor2	chr5	42819326	42819811	LTR/ERV1	3855	+	242	42819568	92734
chr5	42726834	42926834	harbor2	chr5	42821978	42822622	LTR/ERV1	3894	+	322	42822300	95466
chr5	42726834	42926834	harbor2	chr5	42825251	42825999	LTR/ERV1	5354	+	374	42825625	98791
chr5	163798978	163998978	harbor2	chr5	163888351	163888955	LTR/ERV1	3209	+	302	163888653	89675
chr5	163798978	163998978	harbor2	chr5	163892858	163893441	LTR/ERV1	3014	+	292	163893150	94172
chr5	160088972	160288972	harbor2	chr5	160166167	160166646	LTR/ERV1	800	+	240	160166407	77435
chr5	160088972	160288972	harbor2	chr5	160186164	160186735	LTR/ERV1	3714	+	286	160186450	97478
chr5	160725356	160925356	harbor2	chr5	160727695	160728392	LTR/ERV1	4018	+	348	160728043	2687
chr5	160725356	160925356	harbor2	chr5	160807758	160808040	LTR/ERV1	931	+	141	160807899	82543
chr5	160725356	160925356	harbor2	chr5	160726745	160727181	LTR/ERV1	2564	+	218	160726963	1607
chr5	149861530	150061530	harbor2	chr5	149887557	149888026	LTR/ERV1	3487	+	234	149887791	26261
chr5	149861530	150061530	harbor2	chr5	149888194	149888801	LTR/ERV1	1406	+	304	149888498	26968
chr5	149861530	150061530	harbor2	chr5	149889099	149889418	LTR/ERV1	1406	+	160	149889259	27729
chr5	149861530	150061530	harbor2	chr5	149889936	149889957	LTR/ERV1	3795	+	10	149889946	28416
chr5	149861530	150061530	harbor2	chr5	149890257	149891187	LTR/ERV1	3795	+	465	149890722	29192
chr5	149861530	150061530	harbor2	chr5	149891482	149891519	LTR/ERV1	3795	+	18	149891500	29970
chr5	149861530	150061530	harbor2	chr5	149891824	149892030	LTR/ERV1	3795	+	103	149891927	30397
chr5	149861530	150061530	harbor2	chr5	149892385	149892471	LTR/ERV1	417	+	43	149892428	30898
chr5	149861530	150061530	harbor2	chr5	149892807	149893427	LTR/ERV1	2757	+	310	149893117	31587
chr5	149861530	150061530	harbor2	chr5	149910682	149910867	LTR/ERV1	1967	+	92	149910774	49244
chr5	149861530	150061530	harbor2	chr5	149911180	149911504	LTR/ERV1	1967	+	162	149911342	49812
chr5	149861530	150061530	harbor2	chr5	149914413	149914930	LTR/ERV1	1976	+	258	149914671	53141
chr5	149861530	150061530	harbor2	chr5	149915669	149915972	LTR/ERV1	1673	+	152	149915821	54291
chr5	149861530	150061530	harbor2	chr5	149916139	149916295	LTR/ERV1	885	+	78	149916217	54687
chr5	149861530	150061530	harbor2	chr5	149917185	149917269	LTR/ERV1	434	+	42	149917227	55697
chr5	149861530	150061530	harbor2	chr5	149922831	149923206	LTR/ERV1	1675	+	188	149923019	61489
chr5	152450127	152650127	harbor2	chr5	152525390	152525574	LTR/ERV1	392	+	92	152525482	75355
chr5	152450127	152650127	harbor2	chr5	152529079	152529356	LTR/ERV1	1301	+	138	152529217	79090
chr5	82419363	82619363	harbor2	chr5	82420646	82421105	LTR/ERV1	3993	+	230	82420876	1513
chr5	82419363	82619363	harbor2	chr5	82507672	82508354	LTR/ERV1	3774	+	341	82508013	88650
chr5	123519188	123719188	harbor2	chr5	123543921	123544370	LTR/ERV1	2617	+	224	123544145	24957
chr5	146395613	146595613	harbor2	chr5	146398392	146398618	LTR/ERV1	1159	+	113	146398505	2892
chr5	146395613	146595613	harbor2	chr5	146398606	146399375	LTR/ERV1	3607	+	384	146398990	3377
chr5	179391642	179591642	harbor2	chr5	179394333	179394754	LTR/ERV1	2256	+	210	179394543	2901
chr5	179391642	179591642	harbor2	chr5	179423712	179423779	LTR/ERV1	2094	+	34	179423746	32104
chr5	179391642	179591642	harbor2	chr5	179424383	179424720	LTR/ERV1	2094	+	168	179424551	32909
chr5	168397784	168597784	harbor2	chr5	168475356	168475871	LTR/ERV1	2024	+	258	168475614	77830
chr5	168397784	168597784	harbor2	chr5	168477060	168477748	LTR/ERV1	3640	+	344	168477404	79620
chr5	168397784	168597784	harbor2	chr5	168481497	168481626	LTR/ERV1	557	+	64	168481561	83777
chr5	168397784	168597784	harbor2	chr5	168481702	168481992	LTR/ERV1	1492	+	145	168481847	84063
chr5	122204614	122404614	harbor2	chr5	122229473	122229819	LTR/ERV1	2514	+	173	122229646	25032
chr5	180071636	180271636	harbor2	chr5	180081933	180082083	LTR/ERV1	579	+	75	180082008	10372
chr5	160248716	160448716	harbor2	chr5	160329132	160329347	LTR/ERV1	1780	+	108	160329240	80524
chr5	160248716	160448716	harbor2	chr5	160329649	160329875	LTR/ERV1	1780	+	113	160329762	81046
chr5	160248716	160448716	harbor2	chr5	160337782	160338126	LTR/ERV1	3022	+	172	160337954	89238
chr5	160248716	160448716	harbor2	chr5	160338392	160338552	LTR/ERV1	3022	+	80	160338472	89756
chr5	160248716	160448716	harbor2	chr5	160341526	160341960	LTR/ERV1	2375	+	217	160341743	93027
chr5	115352520	115552520	harbor2	chr5	115358081	115358835	LTR/ERV1	5741	+	377	115358458	5938
chr5	115352520	115552520	harbor2	chr5	115358855	115359072	LTR/ERV1	942	+	108	115358963	6443
chr5	115352520	115552520	harbor2	chr5	115368438	115368599	LTR/ERV1	696	+	80	115368518	15998
chr5	115352520	115552520	harbor2	chr5	115368567	115369824	LTR/ERV1	7338	+	628	115369195	16675
chr5	115352520	115552520	harbor2	chr5	115395040	115395624	LTR/ERV1	4397	+	292	115395332	42812
chr5	115352520	115552520	harbor2	chr5	115395935	115396077	LTR/ERV1	4397	+	71	115396006	43486
chr5	115352520	115552520	harbor2	chr5	115359378	115359808	LTR/ERV1	2674	+	215	115359593	7073
chr5	173689405	173889405	harbor2	chr5	173745881	173746596	LTR/ERV1	4308	+	358	173746239	56834
chr5	92851329	93051329	harbor2	chr5	92934995	92935220	LTR/ERV1	1292	+	112	92935107	83778
chr5	118080672	118280672	harbor2	chr5	118092082	118092479	LTR/ERV1	2164	+	198	118092280	11608
chr6	169229148	169429148	harbor2	chr6	169269966	169270632	LTR/ERV1	4148	+	333	169270299	41151
chr6	169229148	169429148	harbor2	chr6	169272940	169273494	LTR/ERV1	10100	+	277	169273217	44069
chr6	169229148	169429148	harbor2	chr6	169276260	169277618	LTR/ERV1	10100	+	679	169276939	47791
chr6	169229148	169429148	harbor2	chr6	169277615	169277761	LTR/ERV1	1079	+	73	169277688	48540
chr6	169229148	169429148	harbor2	chr6	169277762	169278072	LTR/ERV1	776	+	155	169277917	48769
chr6	169229148	169429148	harbor2	chr6	169278075	169278175	LTR/ERV1	466	+	50	169278125	48977
chr6	169229148	169429148	harbor2	chr6	169278179	169278550	LTR/ERV1	2199	+	186	169278365	49217
chr6	169229148	169429148	harbor2	chr6	169320150	169320767	LTR/ERV1	4783	+	308	169320458	91310
chr6	169229148	169429148	harbor2	chr6	169320905	169321182	LTR/ERV1	4783	+	138	169321043	91895
chr6	29668969	29868969	harbor2	chr6	29708742	29709293	LTR/ERV1	3356	+	276	29709018	40049
chr6	143029044	143229044	harbor2	chr6	143058930	143059402	LTR/ERV1	3229	+	236	143059166	30122
chr6	153903016	154103016	harbor2	chr6	153922730	153922817	LTR/ERV1	692	+	44	153922774	19758
chr6	153903016	154103016	harbor2	chr6	153922818	153924888	LTR/ERV1	14310	+	1035	153923853	20837
chr6	153903016	154103016	harbor2	chr6	153924883	153925030	LTR/ERV1	849	+	74	153924957	21941
chr6	153903016	154103016	harbor2	chr6	153925021	153925525	LTR/ERV1	3100	+	252	153925273	22257
chr6	153903016	154103016	harbor2	chr6	153925528	153926180	LTR/ERV1	3902	+	326	153925854	22838
chr6	153903016	154103016	harbor2	chr6	153926182	153926396	LTR/ERV1	1270	+	107	153926289	23273
chr6	153903016	154103016	harbor2	chr6	153926399	153926775	LTR/ERV1	2308	+	188	153926587	23571
chr6	153903016	154103016	harbor2	chr6	153926776	153927203	LTR/ERV1	3375	+	214	153926990	23974
chr6	153903016	154103016	harbor2	chr6	153957346	153957804	LTR/ERV1	2066	+	229	153957575	54559
chr6	153903016	154103016	harbor2	chr6	153995937	153996467	LTR/ERV1	1786	+	265	153996202	93186
chr6	153903016	154103016	harbor2	chr6	153927602	153927903	LTR/ERV1	775	+	150	153927752	24736
chr6	153903016	154103016	harbor2	chr6	153959927	153960463	LTR/ERV1	3674	+	268	153960195	57179
chr6	153957261	154157261	harbor2	chr6	153957346	153957804	LTR/ERV1	2066	+	229	153957575	314
chr6	153957261	154157261	harbor2	chr6	153995937	153996467	LTR/ERV1	1786	+	265	153996202	38941
chr6	153957261	154157261	harbor2	chr6	153959927	153960463	LTR/ERV1	3674	+	268	153960195	2934
chr6	138057692	138257692	harbor2	chr6	138083888	138084346	LTR/ERV1	1592	+	229	138084117	26425
chr6	90906655	91106655	harbor2	chr6	90967830	90968517	LTR/ERV1	2502	+	344	90968174	61519
chr6	90906655	91106655	harbor2	chr6	90947025	90948906	LTR/ERV1	5741	+	940	90947965	41310
chr6	160240229	160440229	harbor2	chr6	160259573	160259593	LTR/ERV1	2643	+	10	160259583	19354
chr6	160240229	160440229	harbor2	chr6	160259666	160260169	LTR/ERV1	2643	+	252	160259918	19689
chr6	160240229	160440229	harbor2	chr6	160263215	160263654	LTR/ERV1	946	+	220	160263435	23206
chr6	160240229	160440229	harbor2	chr6	160331207	160331652	LTR/ERV1	2590	+	222	160331429	91200
chr6	45836312	46036312	harbor2	chr6	45927402	45927905	LTR/ERV1	3276	+	252	45927654	91342
chr6	131542373	131742373	harbor2	chr6	131635430	131635627	LTR/ERV1	1325	+	98	131635528	93155
chr6	131542373	131742373	harbor2	chr6	131635633	131635995	LTR/ERV1	2321	+	181	131635814	93441
chr6	137384853	137584853	harbor2	chr6	137410187	137410790	LTR/ERV1	1684	+	302	137410489	25636
chr6	137384853	137584853	harbor2	chr6	137418807	137419295	LTR/ERV1	1652	+	244	137419051	34198
chr6	137384853	137584853	harbor2	chr6	137419606	137419686	LTR/ERV1	1652	+	40	137419646	34793
chr6	137384853	137584853	harbor2	chr6	137421596	137422020	LTR/ERV1	2652	+	212	137421808	36955
chr6	115031139	115231139	harbor2	chr6	115032246	115035298	LTR/ERV1	17137	+	1526	115033772	2633
chr6	115031139	115231139	harbor2	chr6	115035278	115035423	LTR/ERV1	817	+	72	115035350	4211
chr6	115031139	115231139	harbor2	chr6	115035423	115035918	LTR/ERV1	3364	+	248	115035671	4532
chr6	115031139	115231139	harbor2	chr6	115035921	115036574	LTR/ERV1	4267	+	326	115036247	5108
chr6	115031139	115231139	harbor2	chr6	115036576	115036791	LTR/ERV1	1378	+	108	115036684	5545
chr6	115031139	115231139	harbor2	chr6	115036790	115037169	LTR/ERV1	2557	+	190	115036980	5841
chr6	115031139	115231139	harbor2	chr6	115037170	115037619	LTR/ERV1	3336	+	224	115037394	6255
chr6	115031139	115231139	harbor2	chr6	115070835	115071372	LTR/ERV1	2358	+	268	115071103	39964
chr6	115031139	115231139	harbor2	chr6	115031793	115032243	LTR/ERV1	3446	+	225	115032018	879
chr6	169972501	170172501	harbor2	chr6	169999476	170000000	LTR/ERV1	1700	+	262	169999738	27237
chr6	169972501	170172501	harbor2	chr6	170000002	170000155	LTR/ERV1	759	+	76	170000078	27577
chr6	169972501	170172501	harbor2	chr6	170035481	170035852	LTR/ERV1	1848	+	186	170035667	63166
chr6	169972501	170172501	harbor2	chr6	170040666	170041257	LTR/ERV1	2224	+	296	170040962	68461
chr6	169972501	170172501	harbor2	chr6	170042710	170043198	LTR/ERV1	2261	+	244	170042954	70453
chr6	165505728	165705728	harbor2	chr6	165585800	165586254	LTR/ERV1	1367	+	227	165586027	80299
chr6	96630774	96830774	harbor2	chr6	96717764	96718616	LTR/ERV1	5470	+	426	96718190	87416
chr6	122138709	122338709	harbor2	chr6	122151029	122151342	LTR/ERV1	551	+	156	122151185	12476
chr6	87971843	88171843	harbor2	chr6	88031106	88031815	LTR/ERV1	4008	+	354	88031460	59617
chr6	97655208	97855208	harbor2	chr6	97689157	97689483	LTR/ERV1	2010	+	163	97689320	34112
chr6	121539229	121739229	harbor2	chr6	121575988	121576176	LTR/ERV1	2467	+	94	121576082	36853
chr6	121539229	121739229	harbor2	chr6	121576469	121577041	LTR/ERV1	2467	+	286	121576755	37526
chr6	121539229	121739229	harbor2	chr6	121596255	121596574	LTR/ERV1	1788	+	160	121596415	57186
chr6	121539229	121739229	harbor2	chr6	121631911	121632100	LTR/ERV1	1325	+	94	121632005	92776
chr6	146843477	147043477	harbor2	chr6	146879944	146880550	LTR/ERV1	3916	+	303	146880247	36770
chr6	146843477	147043477	harbor2	chr6	146883926	146884252	LTR/ERV1	1894	+	163	146884089	40612
chr6	146843477	147043477	harbor2	chr6	146925639	146926500	LTR/ERV1	5450	+	430	146926069	82592
chr6	146843477	147043477	harbor2	chr6	146926501	146926924	LTR/ERV1	2504	+	212	146926713	83236
chr6	168571892	168771892	harbor2	chr6	168622306	168622417	LTR/ERV1	666	+	56	168622362	50470
chr6	168571892	168771892	harbor2	chr6	168627823	168628226	LTR/ERV1	735	+	202	168628025	56133
chr6	29991401	30191401	harbor2	chr6	30021189	30021740	LTR/ERV1	3323	+	276	30021465	30064
chr6	29991401	30191401	harbor2	chr6	30037129	30037692	LTR/ERV1	1945	+	282	30037411	46010
chr6	92285102	92485102	harbor2	chr6	92321388	92321417	LTR/ERV1	684	+	14	92321402	36300
chr6	92285102	92485102	harbor2	chr6	92321726	92321982	LTR/ERV1	684	+	128	92321854	36752
chr6	132357172	132557172	harbor2	chr6	132415897	132416451	LTR/ERV1	2143	+	277	132416174	59002
chr6	132357172	132557172	harbor2	chr6	132416483	132416715	LTR/ERV1	2143	+	116	132416599	59427
chr6	132357172	132557172	harbor2	chr6	132443847	132444328	LTR/ERV1	2269	+	240	132444087	86915
chr6	148572296	148772296	harbor2	chr6	148601105	148601322	LTR/ERV1	2721	+	108	148601213	28917
chr6	148572296	148772296	harbor2	chr6	148601638	148601685	LTR/ERV1	2721	+	24	148601662	29366
chr6	148572296	148772296	harbor2	chr6	148602200	148602481	LTR/ERV1	2721	+	140	148602340	30044
chr6	148572296	148772296	harbor2	chr6	148614596	148614995	LTR/ERV1	2690	+	200	148614796	42500
chr6	148572296	148772296	harbor2	chr6	148639772	148640179	LTR/ERV1	2790	+	204	148639976	67680
chr6	148572296	148772296	harbor2	chr6	148640182	148643203	LTR/ERV1	18955	+	1510	148641692	69396
chr6	148572296	148772296	harbor2	chr6	148643198	148643345	LTR/ERV1	878	+	74	148643272	70976
chr6	148572296	148772296	harbor2	chr6	148643336	148643838	LTR/ERV1	3211	+	251	148643587	71291
chr6	148572296	148772296	harbor2	chr6	148643841	148644503	LTR/ERV1	4111	+	331	148644172	71876
chr6	148572296	148772296	harbor2	chr6	148644505	148644721	LTR/ERV1	1297	+	108	148644613	72317
chr6	148572296	148772296	harbor2	chr6	148644722	148645079	LTR/ERV1	2095	+	178	148644900	72604
chr6	148572296	148772296	harbor2	chr6	148645099	148645508	LTR/ERV1	2903	+	204	148645303	73007
chr6	148572296	148772296	harbor2	chr6	148651073	148651716	LTR/ERV1	3987	+	322	148651395	79099
chr6	148572296	148772296	harbor2	chr6	148654932	148655813	LTR/ERV1	10797	+	440	148655372	83076
chr6	148572296	148772296	harbor2	chr6	148656111	148656931	LTR/ERV1	10797	+	410	148656521	84225
chr6	148572296	148772296	harbor2	chr6	148656936	148657323	LTR/ERV1	2560	+	194	148657130	84834
chr6	148572296	148772296	harbor2	chr6	148651713	148654594	LTR/ERV1	4698	+	1440	148653153	80857
chr6	130097882	130297882	harbor2	chr6	130192311	130192710	LTR/ERV1	2653	+	200	130192511	94629
chr6	130097882	130297882	harbor2	chr6	130192713	130195748	LTR/ERV1	22256	+	1518	130194231	96349
chr6	130097882	130297882	harbor2	chr6	130195735	130196565	LTR/ERV1	5940	+	415	130196150	98268
chr6	130097882	130297882	harbor2	chr6	130196568	130197229	LTR/ERV1	4566	+	330	130196898	99016
chr6	130097882	130297882	harbor2	chr6	130197231	130197442	LTR/ERV1	1378	+	106	130197337	99455
chr6	130097882	130297882	harbor2	chr6	130197441	130197819	LTR/ERV1	2453	+	189	130197630	99748
chr6	74997706	75197706	harbor2	chr6	75040284	75040379	LTR/ERV1	529	+	48	75040332	42626
chr6	74997706	75197706	harbor2	chr6	75079378	75080074	LTR/ERV1	1005	+	348	75079726	82020
chr6	74997706	75197706	harbor2	chr6	75080159	75080465	LTR/ERV1	454	+	153	75080312	82606
chr6	80852540	81052540	harbor2	chr6	80941637	80942120	LTR/ERV1	1979	+	242	80941879	89339
chr6	161305652	161505652	harbor2	chr6	161328116	161328342	LTR/ERV1	1343	+	113	161328229	22577
chr6	161305652	161505652	harbor2	chr6	161329709	161329804	LTR/ERV1	714	+	48	161329757	24105
chr6	161305652	161505652	harbor2	chr6	161329808	161330851	LTR/ERV1	3858	+	522	161330330	24678
chr6	161305652	161505652	harbor2	chr6	161330912	161331695	LTR/ERV1	5566	+	392	161331304	25652
chr6	161305652	161505652	harbor2	chr6	161331696	161332287	LTR/ERV1	4987	+	296	161331992	26340
chr6	161305652	161505652	harbor2	chr6	161332288	161332650	LTR/ERV1	5566	+	181	161332469	26817
chr6	161305652	161505652	harbor2	chr6	161333742	161335399	LTR/ERV1	14172	+	828	161334570	28918
chr6	161305652	161505652	harbor2	chr6	161335693	161335711	LTR/ERV1	14172	+	9	161335702	30050
chr6	161305652	161505652	harbor2	chr6	161335975	161337508	LTR/ERV1	14172	+	766	161336741	31089
chr6	161305652	161505652	harbor2	chr6	161366502	161366964	LTR/ERV1	2526	+	231	161366733	61081
chr6	161305652	161505652	harbor2	chr6	161398851	161399628	LTR/ERV1	5037	+	388	161399239	93587
chr6	161305652	161505652	harbor2	chr6	161332940	161333463	LTR/ERV1	14172	+	262	161333202	27550
chr6	158730669	158930669	harbor2	chr6	158730479	158730998	LTR/ERV1	2222	+	260	158730739	70
chr6	158730669	158930669	harbor2	chr6	158731312	158731543	LTR/ERV1	1330	+	116	158731428	759
chr6	158730669	158930669	harbor2	chr6	158731545	158731591	LTR/ERV1	697	+	23	158731568	899
chr6	158730669	158930669	harbor2	chr6	158731893	158732253	LTR/ERV1	697	+	180	158732073	1404
chr6	158730669	158930669	harbor2	chr6	158732274	158732891	LTR/ERV1	3030	+	308	158732582	1913
chr6	158730669	158930669	harbor2	chr6	158732994	158733323	LTR/ERV1	3851	+	164	158733158	2489
chr6	158730669	158930669	harbor2	chr6	158733627	158733815	LTR/ERV1	3851	+	94	158733721	3052
chr6	158730669	158930669	harbor2	chr6	158734120	158734232	LTR/ERV1	3851	+	56	158734176	3507
chr6	156328844	156528844	harbor2	chr6	156359412	156360045	LTR/ERV1	4099	+	316	156359728	30884
chr6	166679815	166879815	harbor2	chr6	166679581	166680847	LTR/ERV1	9124	+	633	166680214	399
chr6	166679815	166879815	harbor2	chr6	166684115	166684579	LTR/ERV1	2145	+	232	166684347	4532
chr6	166679815	166879815	harbor2	chr6	166729641	166730715	LTR/ERV1	3639	+	537	166730178	50363
chr6	166679815	166879815	harbor2	chr6	166731479	166731957	LTR/ERV1	2470	+	239	166731718	51903
chr6	155518162	155718162	harbor2	chr6	155584752	155585136	LTR/ERV1	2490	+	192	155584944	66782
chr6	161856379	162056379	harbor2	chr6	161932278	161932806	LTR/ERV1	2160	+	264	161932542	76163
chr6	161856379	162056379	harbor2	chr6	161934507	161935123	LTR/ERV1	2484	+	308	161934815	78436
chr6	161856379	162056379	harbor2	chr6	161937367	161938627	LTR/ERV1	4046	+	630	161937997	81618
chr6	161856379	162056379	harbor2	chr6	161938685	161939023	LTR/ERV1	823	+	169	161938854	82475
chr6	161856379	162056379	harbor2	chr6	161941006	161941813	LTR/ERV1	5451	+	404	161941410	85031
chr6	66868899	67068899	harbor2	chr6	66920598	66921313	LTR/ERV1	2383	+	358	66920956	52057
chr6	66868899	67068899	harbor2	chr6	66921585	66922194	LTR/ERV1	2504	+	304	66921889	52990
chr6	66868899	67068899	harbor2	chr6	66922711	66923205	LTR/ERV1	2285	+	247	66922958	54059
chr6	66868899	67068899	harbor2	chr6	66923249	66923477	LTR/ERV1	1050	+	114	66923363	54464
chr6	66868899	67068899	harbor2	chr6	66927106	66927814	LTR/ERV1	3897	+	354	66927460	58561
chr6	66868899	67068899	harbor2	chr6	66927801	66928509	LTR/ERV1	4618	+	354	66928155	59256
chr6	66868899	67068899	harbor2	chr6	66928651	66929121	LTR/ERV1	3138	+	235	66928886	59987
chr6	66868899	67068899	harbor2	chr6	66929142	66929752	LTR/ERV1	2964	+	305	66929447	60548
chr6	66868899	67068899	harbor2	chr6	66932545	66932788	LTR/ERV1	1055	+	122	66932667	63768
chr6	66868899	67068899	harbor2	chr6	66932784	66933091	LTR/ERV1	1590	+	154	66932938	64039
chr6	66868899	67068899	harbor2	chr6	66935552	66935827	LTR/ERV1	1039	+	138	66935690	66791
chr6	66868899	67068899	harbor2	chr6	66936117	66936413	LTR/ERV1	1039	+	148	66936265	67366
chr6	66868899	67068899	harbor2	chr6	66936423	66937623	LTR/ERV1	5857	+	600	66937023	68124
chr6	66868899	67068899	harbor2	chr6	66949034	66950638	LTR/ERV1	9182	+	802	66949836	80937
chr6	66868899	67068899	harbor2	chr6	66966304	66966765	LTR/ERV1	1274	+	230	66966534	97635
chr6	156263374	156463374	harbor2	chr6	156359412	156360045	LTR/ERV1	4099	+	316	156359728	96354
chr6	169345239	169545239	harbor2	chr6	169387273	169387931	LTR/ERV1	2677	+	329	169387602	42363
chr6	169345239	169545239	harbor2	chr6	169389346	169389776	LTR/ERV1	2295	+	215	169389561	44322
chr6	169345239	169545239	harbor2	chr6	169395234	169395482	LTR/ERV1	919	+	124	169395358	50119
chr6	169345239	169545239	harbor2	chr6	169430966	169431335	LTR/ERV1	1460	+	184	169431150	85911
chr6	169345239	169545239	harbor2	chr6	169432057	169432363	LTR/ERV1	693	+	153	169432210	86971
chr6	169345239	169545239	harbor2	chr6	169435912	169437449	LTR/ERV1	2659	+	768	169436680	91441
chr6	169345239	169545239	harbor2	chr6	169438544	169440773	LTR/ERV1	2916	+	1114	169439658	94419
chr6	169345239	169545239	harbor2	chr6	169441581	169441895	LTR/ERV1	1609	+	157	169441738	96499
chr6	161720605	161920605	harbor2	chr6	161760440	161760735	LTR/ERV1	1726	+	148	161760588	39983
chr6	161720605	161920605	harbor2	chr6	161802880	161803376	LTR/ERV1	1491	+	248	161803128	82523
chr6	66837425	67037425	harbor2	chr6	66849328	66849793	LTR/ERV1	1508	+	232	66849560	12135
chr6	66837425	67037425	harbor2	chr6	66849881	66850437	LTR/ERV1	1737	+	278	66850159	12734
chr6	66837425	67037425	harbor2	chr6	66920598	66921313	LTR/ERV1	2383	+	358	66920956	83531
chr6	66837425	67037425	harbor2	chr6	66921585	66922194	LTR/ERV1	2504	+	304	66921889	84464
chr6	66837425	67037425	harbor2	chr6	66922711	66923205	LTR/ERV1	2285	+	247	66922958	85533
chr6	66837425	67037425	harbor2	chr6	66923249	66923477	LTR/ERV1	1050	+	114	66923363	85938
chr6	66837425	67037425	harbor2	chr6	66927106	66927814	LTR/ERV1	3897	+	354	66927460	90035
chr6	66837425	67037425	harbor2	chr6	66927801	66928509	LTR/ERV1	4618	+	354	66928155	90730
chr6	66837425	67037425	harbor2	chr6	66928651	66929121	LTR/ERV1	3138	+	235	66928886	91461
chr6	66837425	67037425	harbor2	chr6	66929142	66929752	LTR/ERV1	2964	+	305	66929447	92022
chr6	66837425	67037425	harbor2	chr6	66932545	66932788	LTR/ERV1	1055	+	122	66932667	95242
chr6	66837425	67037425	harbor2	chr6	66932784	66933091	LTR/ERV1	1590	+	154	66932938	95513
chr6	66837425	67037425	harbor2	chr6	66935552	66935827	LTR/ERV1	1039	+	138	66935690	98265
chr6	66837425	67037425	harbor2	chr6	66936117	66936413	LTR/ERV1	1039	+	148	66936265	98840
chr6	66837425	67037425	harbor2	chr6	66936423	66937623	LTR/ERV1	5857	+	600	66937023	99598
chr6	129780150	129980150	harbor2	chr6	129865006	129865359	LTR/ERV1	1996	+	176	129865182	85032
chr6	146888609	147088609	harbor2	chr6	146925639	146926500	LTR/ERV1	5450	+	430	146926069	37460
chr6	146888609	147088609	harbor2	chr6	146926501	146926924	LTR/ERV1	2504	+	212	146926713	38104
chr6	168808701	169008701	harbor2	chr6	168860315	168860734	LTR/ERV1	1577	+	210	168860525	51824
chr6	168808701	169008701	harbor2	chr6	168869949	168870817	LTR/ERV1	4284	+	434	168870383	61682
chr6	140226038	140426038	harbor2	chr6	140254297	140254770	LTR/ERV1	725	+	236	140254533	28495
chr6	140226038	140426038	harbor2	chr6	140301231	140301667	LTR/ERV1	1963	+	218	140301449	75411
chr6	140226038	140426038	harbor2	chr6	140301668	140301896	LTR/ERV1	1186	+	114	140301782	75744
chr6	140226038	140426038	harbor2	chr6	140301897	140302057	LTR/ERV1	1089	+	80	140301977	75939
chr6	90147112	90347112	harbor2	chr6	90222630	90223186	LTR/ERV1	2258	+	278	90222908	75796
chr6	159849420	160049420	harbor2	chr6	159948100	159948904	LTR/ERV1	2267	+	402	159948502	99082
chr6	159849420	160049420	harbor2	chr6	159949023	159949112	LTR/ERV1	2015	+	44	159949067	99647
chr6	159849420	160049420	harbor2	chr6	159949115	159949238	LTR/ERV1	748	+	62	159949177	99757
chr6	159849420	160049420	harbor2	chr6	159949242	159949361	LTR/ERV1	643	+	60	159949302	99882
chr6	115317808	115517808	harbor2	chr6	115332657	115333169	LTR/ERV1	2104	+	256	115332913	15105
chr6	115317808	115517808	harbor2	chr6	115405141	115405563	LTR/ERV1	820	+	211	115405352	87544
chr6	115317808	115517808	harbor2	chr6	115416286	115416836	LTR/ERV1	4091	+	275	115416561	98753
chr6	167670830	167870830	harbor2	chr6	167690607	167690988	LTR/ERV1	3352	+	190	167690797	19967
chr6	167670830	167870830	harbor2	chr6	167693587	167693890	LTR/ERV1	2273	+	152	167693739	22909
chr6	167670830	167870830	harbor2	chr6	167730755	167730847	LTR/ERV1	2492	+	46	167730801	59971
chr6	167670830	167870830	harbor2	chr6	167731155	167731770	LTR/ERV1	2492	+	308	167731463	60633
chr6	167670830	167870830	harbor2	chr6	167750452	167750923	LTR/ERV1	1552	+	236	167750688	79858
chr6	167670830	167870830	harbor2	chr6	167690196	167690309	LTR/ERV1	3352	+	56	167690252	19422
chr6	165066872	165266872	harbor2	chr6	165083532	165084204	LTR/ERV1	4281	+	336	165083868	16996
chr6	165066872	165266872	harbor2	chr6	165095683	165096553	LTR/ERV1	2631	+	435	165096118	29246
chr6	165066872	165266872	harbor2	chr6	165096554	165097249	LTR/ERV1	3900	+	348	165096902	30030
chr6	165066872	165266872	harbor2	chr6	165097295	165097461	LTR/ERV1	3900	+	83	165097378	30506
chr6	165066872	165266872	harbor2	chr6	165097469	165097657	LTR/ERV1	1077	+	94	165097563	30691
chr6	165066872	165266872	harbor2	chr6	165097654	165098885	LTR/ERV1	7708	+	616	165098270	31398
chr6	165066872	165266872	harbor2	chr6	165098885	165098977	LTR/ERV1	570	+	46	165098931	32059
chr6	165066872	165266872	harbor2	chr6	165098979	165100834	LTR/ERV1	19249	+	928	165099907	33035
chr6	165066872	165266872	harbor2	chr6	165102125	165103003	LTR/ERV1	2747	+	439	165102564	35692
chr6	165066872	165266872	harbor2	chr6	165100873	165102123	LTR/ERV1	19249	+	625	165101498	34626
chr6	153121046	153321046	harbor2	chr6	153133441	153134820	LTR/ERV1	10502	+	690	153134131	13085
chr6	70577198	70777198	harbor2	chr6	70585885	70586031	LTR/ERV1	846	+	73	70585958	8760
chr6	116916365	117116365	harbor2	chr6	116997538	116998021	LTR/ERV1	2910	+	242	116997780	81415
chr6	116916365	117116365	harbor2	chr6	117014579	117015997	LTR/ERV1	9881	+	709	117015288	98923
chr6	145015612	145215612	harbor2	chr6	145017995	145018533	LTR/ERV1	2239	+	269	145018264	2652
chr6	145015612	145215612	harbor2	chr6	145038100	145038415	LTR/ERV1	619	+	158	145038258	22646
chr6	145015612	145215612	harbor2	chr6	145044753	145045208	LTR/ERV1	1852	+	228	145044981	29369
chr6	145015612	145215612	harbor2	chr6	145091659	145092078	LTR/ERV1	1035	+	210	145091869	76257
chr6	145015612	145215612	harbor2	chr6	145097378	145097819	LTR/ERV1	2008	+	220	145097598	81986
chr6	145015612	145215612	harbor2	chr6	145098850	145098948	LTR/ERV1	534	+	49	145098899	83287
chr6	145015612	145215612	harbor2	chr6	145102608	145103174	LTR/ERV1	2881	+	283	145102891	87279
chr6	145015612	145215612	harbor2	chr6	145111390	145111972	LTR/ERV1	4623	+	291	145111681	96069
chr6	150209643	150409643	harbor2	chr6	150297024	150297722	LTR/ERV1	2509	+	349	150297373	87730
chr6	72593689	72793689	harbor2	chr6	72597392	72597480	LTR/ERV1	2491	+	44	72597436	3747
chr6	72593689	72793689	harbor2	chr6	72597776	72598229	LTR/ERV1	2491	+	226	72598002	4313
chr6	72593689	72793689	harbor2	chr6	72599691	72599794	LTR/ERV1	615	+	52	72599743	6054
chr6	82153051	82353051	harbor2	chr6	82239521	82239854	LTR/ERV1	948	+	166	82239687	86636
chr6	161954446	162154446	harbor2	chr6	161969332	161969501	LTR/ERV1	614	+	84	161969416	14970
chr6	161954446	162154446	harbor2	chr6	161969808	161969965	LTR/ERV1	971	+	78	161969886	15440
chr6	161954446	162154446	harbor2	chr6	161986027	161986426	LTR/ERV1	2043	+	200	161986227	31781
chr6	27979642	28179642	harbor2	chr6	28004323	28004837	LTR/ERV1	4156	+	257	28004580	24938
chr6	27979642	28179642	harbor2	chr6	28004838	28005520	LTR/ERV1	4633	+	341	28005179	25537
chr6	27979642	28179642	harbor2	chr6	28005521	28005718	LTR/ERV1	4156	+	98	28005619	25977
chr6	27979642	28179642	harbor2	chr6	28077673	28077806	LTR/ERV1	454	+	66	28077739	98097
chr6	27979642	28179642	harbor2	chr6	28079305	28079629	LTR/ERV1	1699	+	162	28079467	99825
chr6	143423242	143623242	harbor2	chr6	143509891	143510117	LTR/ERV1	657	+	113	143510004	86762
chr6	155757033	155957033	harbor2	chr6	155782351	155782771	LTR/ERV1	1704	+	210	155782561	25528
chr6	101029160	101229160	harbor2	chr6	101031468	101031523	LTR/ERV1	6725	+	28	101031496	2336
chr6	101029160	101229160	harbor2	chr6	101031563	101032598	LTR/ERV1	6725	+	518	101032081	2921
chr6	101029160	101229160	harbor2	chr6	101032599	101033027	LTR/ERV1	2903	+	214	101032813	3653
chr6	101029160	101229160	harbor2	chr6	101070082	101071672	LTR/ERV1	9748	+	795	101070877	41717
chr6	101029160	101229160	harbor2	chr6	101083865	101084306	LTR/ERV1	1646	+	220	101084085	54925
chr6	161903771	162103771	harbor2	chr6	161932278	161932806	LTR/ERV1	2160	+	264	161932542	28771
chr6	161903771	162103771	harbor2	chr6	161934507	161935123	LTR/ERV1	2484	+	308	161934815	31044
chr6	161903771	162103771	harbor2	chr6	161937367	161938627	LTR/ERV1	4046	+	630	161937997	34226
chr6	161903771	162103771	harbor2	chr6	161938685	161939023	LTR/ERV1	823	+	169	161938854	35083
chr6	161903771	162103771	harbor2	chr6	161941006	161941813	LTR/ERV1	5451	+	404	161941410	37639
chr6	161903771	162103771	harbor2	chr6	161969332	161969501	LTR/ERV1	614	+	84	161969416	65645
chr6	161903771	162103771	harbor2	chr6	161969808	161969965	LTR/ERV1	971	+	78	161969886	66115
chr6	161903771	162103771	harbor2	chr6	161986027	161986426	LTR/ERV1	2043	+	200	161986227	82456
chr6	140870200	141070200	harbor2	chr6	140916138	140916697	LTR/ERV1	2080	+	280	140916418	46218
chr6	140870200	141070200	harbor2	chr6	140916982	140917772	LTR/ERV1	3162	+	395	140917377	47177
chr6	123435705	123635705	harbor2	chr6	123437245	123437376	LTR/ERV1	583	+	66	123437311	1606
chr6	123435705	123635705	harbor2	chr6	123437556	123437942	LTR/ERV1	1090	+	193	123437749	2044
chr6	75403514	75603514	harbor2	chr6	75409369	75410121	LTR/ERV1	4934	+	376	75409745	6231
chr6	156954378	157154378	harbor2	chr6	156976501	156976812	LTR/ERV1	1197	+	156	156976657	22279
chr6	166940676	167140676	harbor2	chr6	166970027	166970284	LTR/ERV1	662	+	128	166970155	29479
chr6	166940676	167140676	harbor2	chr6	166974736	166975165	LTR/ERV1	1515	+	214	166974950	34274
chr6	166940676	167140676	harbor2	chr6	166997983	166998100	LTR/ERV1	441	+	58	166998041	57365
chr6	109930813	110130813	harbor2	chr6	109963674	109964109	LTR/ERV1	1916	+	218	109963892	33079
chr6	161264527	161464527	harbor2	chr6	161291770	161292489	LTR/ERV1	2946	+	360	161292130	27603
chr6	161264527	161464527	harbor2	chr6	161292492	161294387	LTR/ERV1	6929	+	948	161293440	28913
chr6	161264527	161464527	harbor2	chr6	161294695	161298586	LTR/ERV1	12164	+	1946	161296641	32114
chr6	161264527	161464527	harbor2	chr6	161298881	161299086	LTR/ERV1	6733	+	102	161298983	34456
chr6	161264527	161464527	harbor2	chr6	161299087	161299807	LTR/ERV1	3186	+	360	161299447	34920
chr6	161264527	161464527	harbor2	chr6	161301563	161302008	LTR/ERV1	5593	+	222	161301785	37258
chr6	161264527	161464527	harbor2	chr6	161302295	161302652	LTR/ERV1	5593	+	178	161302473	37946
chr6	161264527	161464527	harbor2	chr6	161328116	161328342	LTR/ERV1	1343	+	113	161328229	63702
chr6	161264527	161464527	harbor2	chr6	161329709	161329804	LTR/ERV1	714	+	48	161329757	65230
chr6	161264527	161464527	harbor2	chr6	161329808	161330851	LTR/ERV1	3858	+	522	161330330	65803
chr6	161264527	161464527	harbor2	chr6	161330912	161331695	LTR/ERV1	5566	+	392	161331304	66777
chr6	161264527	161464527	harbor2	chr6	161331696	161332287	LTR/ERV1	4987	+	296	161331992	67465
chr6	161264527	161464527	harbor2	chr6	161332288	161332650	LTR/ERV1	5566	+	181	161332469	67942
chr6	161264527	161464527	harbor2	chr6	161333742	161335399	LTR/ERV1	14172	+	828	161334570	70043
chr6	161264527	161464527	harbor2	chr6	161335693	161335711	LTR/ERV1	14172	+	9	161335702	71175
chr6	161264527	161464527	harbor2	chr6	161335975	161337508	LTR/ERV1	14172	+	766	161336741	72214
chr6	161264527	161464527	harbor2	chr6	161332940	161333463	LTR/ERV1	14172	+	262	161333202	68675
chr6	154734902	154934902	harbor2	chr6	154831610	154831705	LTR/ERV1	468	+	48	154831658	96756
chr6	145161065	145361065	harbor2	chr6	145193031	145193279	LTR/ERV1	1084	+	124	145193155	32090
chr6	145161065	145361065	harbor2	chr6	145235104	145235474	LTR/ERV1	1373	+	185	145235289	74224
chr6	145161065	145361065	harbor2	chr6	145237559	145238313	LTR/ERV1	5274	+	377	145237936	76871
chr6	145161065	145361065	harbor2	chr6	145246119	145246514	LTR/ERV1	2732	+	198	145246317	85252
chr6	145161065	145361065	harbor2	chr6	145246810	145246906	LTR/ERV1	2732	+	48	145246858	85793
chr6	163531058	163731058	harbor2	chr6	163590193	163590688	LTR/ERV1	3039	+	248	163590441	59383
chr6	163531058	163731058	harbor2	chr6	163599687	163600225	LTR/ERV1	2702	+	269	163599956	68898
chr6	163531058	163731058	harbor2	chr6	163620667	163621051	LTR/ERV1	2334	+	192	163620859	89801
chr6	168074650	168274650	harbor2	chr6	168138735	168139022	LTR/ERV1	718	+	144	168138879	64229
chr6	168074650	168274650	harbor2	chr6	168170069	168170510	LTR/ERV1	2519	+	220	168170289	95639
chr6	168074650	168274650	harbor2	chr6	168170570	168171300	LTR/ERV1	6790	+	365	168170935	96285
chr6	168074650	168274650	harbor2	chr6	168171593	168173903	LTR/ERV1	6790	+	1155	168172748	98098
chr6	168074650	168274650	harbor2	chr6	168174117	168174365	LTR/ERV1	745	+	124	168174241	99591
chr6	112532305	112732305	harbor2	chr6	112574063	112575096	LTR/ERV1	1303	+	516	112574579	42274
chr6	140145928	140345928	harbor2	chr6	140191532	140191653	LTR/ERV1	690	+	60	140191592	45664
chr6	140145928	140345928	harbor2	chr6	140191657	140191765	LTR/ERV1	425	+	54	140191711	45783
chr6	140145928	140345928	harbor2	chr6	140191758	140192474	LTR/ERV1	2993	+	358	140192116	46188
chr6	140145928	140345928	harbor2	chr6	140192462	140193625	LTR/ERV1	11258	+	582	140193044	47116
chr6	140145928	140345928	harbor2	chr6	140193882	140194955	LTR/ERV1	11258	+	536	140194418	48490
chr6	140145928	140345928	harbor2	chr6	140194956	140195417	LTR/ERV1	3270	+	230	140195186	49258
chr6	140145928	140345928	harbor2	chr6	140205650	140206474	LTR/ERV1	5268	+	412	140206062	60134
chr6	83276125	83476125	harbor2	chr6	83341681	83342343	LTR/ERV1	2685	+	331	83342012	65887
chr6	144120730	144320730	harbor2	chr6	144202702	144203152	LTR/ERV1	2850	+	225	144202927	82197
chr6	144120730	144320730	harbor2	chr6	144203560	144203682	LTR/ERV1	912	+	61	144203621	82891
chr6	144120730	144320730	harbor2	chr6	144210431	144210728	LTR/ERV1	1497	+	148	144210579	89849
chr6	164416284	164616284	harbor2	chr6	164432199	164432612	LTR/ERV1	1112	+	206	164432405	16121
chr6	65755597	65955597	harbor2	chr6	65785246	65785528	LTR/ERV1	843	+	141	65785387	29790
chr6	65755597	65955597	harbor2	chr6	65786900	65787145	LTR/ERV1	1138	+	122	65787022	31425
chr6	65755597	65955597	harbor2	chr6	65838653	65838999	LTR/ERV1	2286	+	173	65838826	83229
chr6	86640098	86840098	harbor2	chr6	86663666	86664497	LTR/ERV1	4743	+	416	86664082	23984
chr6	134125113	134325113	harbor2	chr6	134193140	134193244	LTR/ERV1	450	+	52	134193192	68079
chr6	134125113	134325113	harbor2	chr6	134194212	134194514	LTR/ERV1	1546	+	151	134194363	69250
chr6	134125113	134325113	harbor2	chr6	134194823	134194842	LTR/ERV1	1546	+	10	134194833	69720
chr6	157528997	157728997	harbor2	chr6	157539621	157539985	LTR/ERV1	523	+	182	157539803	10806
chr6	161270863	161470863	harbor2	chr6	161291770	161292489	LTR/ERV1	2946	+	360	161292130	21267
chr6	161270863	161470863	harbor2	chr6	161292492	161294387	LTR/ERV1	6929	+	948	161293440	22577
chr6	161270863	161470863	harbor2	chr6	161294695	161298586	LTR/ERV1	12164	+	1946	161296641	25778
chr6	161270863	161470863	harbor2	chr6	161298881	161299086	LTR/ERV1	6733	+	102	161298983	28120
chr6	161270863	161470863	harbor2	chr6	161299087	161299807	LTR/ERV1	3186	+	360	161299447	28584
chr6	161270863	161470863	harbor2	chr6	161301563	161302008	LTR/ERV1	5593	+	222	161301785	30922
chr6	161270863	161470863	harbor2	chr6	161302295	161302652	LTR/ERV1	5593	+	178	161302473	31610
chr6	161270863	161470863	harbor2	chr6	161328116	161328342	LTR/ERV1	1343	+	113	161328229	57366
chr6	161270863	161470863	harbor2	chr6	161329709	161329804	LTR/ERV1	714	+	48	161329757	58894
chr6	161270863	161470863	harbor2	chr6	161329808	161330851	LTR/ERV1	3858	+	522	161330330	59467
chr6	161270863	161470863	harbor2	chr6	161330912	161331695	LTR/ERV1	5566	+	392	161331304	60441
chr6	161270863	161470863	harbor2	chr6	161331696	161332287	LTR/ERV1	4987	+	296	161331992	61129
chr6	161270863	161470863	harbor2	chr6	161332288	161332650	LTR/ERV1	5566	+	181	161332469	61606
chr6	161270863	161470863	harbor2	chr6	161333742	161335399	LTR/ERV1	14172	+	828	161334570	63707
chr6	161270863	161470863	harbor2	chr6	161335693	161335711	LTR/ERV1	14172	+	9	161335702	64839
chr6	161270863	161470863	harbor2	chr6	161335975	161337508	LTR/ERV1	14172	+	766	161336741	65878
chr6	161270863	161470863	harbor2	chr6	161366502	161366964	LTR/ERV1	2526	+	231	161366733	95870
chr6	161270863	161470863	harbor2	chr6	161332940	161333463	LTR/ERV1	14172	+	262	161333202	62339
chr6	158436311	158636311	harbor2	chr6	158441649	158442140	LTR/ERV1	828	+	246	158441895	5584
chr6	158436311	158636311	harbor2	chr6	158517054	158517339	LTR/ERV1	681	+	142	158517196	80885
chr6	158436311	158636311	harbor2	chr6	158517622	158517684	LTR/ERV1	681	+	31	158517653	81342
chr6	131451807	131651807	harbor2	chr6	131509271	131509816	LTR/ERV1	4241	+	272	131509543	57736
chr6	131451807	131651807	harbor2	chr6	131511099	131511826	LTR/ERV1	3844	+	364	131511463	59656
chr6	131451807	131651807	harbor2	chr6	131512606	131513172	LTR/ERV1	2570	+	283	131512889	61082
chr6	170699504	170899504	harbor2	chr6	170719385	170719997	LTR/ERV1	3327	+	306	170719691	20187
chr6	170699504	170899504	harbor2	chr6	170735075	170735866	LTR/ERV1	4242	+	396	170735471	35967
chr6	118034344	118234344	harbor2	chr6	118111849	118112051	LTR/ERV1	1621	+	101	118111950	77606
chr6	118034344	118234344	harbor2	chr6	118112267	118112610	LTR/ERV1	2372	+	172	118112439	78095
chr6	166093247	166293247	harbor2	chr6	166152380	166152798	LTR/ERV1	1345	+	209	166152589	59342
chr6	170617719	170817719	harbor2	chr6	170624680	170624840	LTR/ERV1	872	+	80	170624760	7041
chr6	170617719	170817719	harbor2	chr6	170693476	170693619	LTR/ERV1	3600	+	72	170693548	75829
chr6	170617719	170817719	harbor2	chr6	170693740	170694041	LTR/ERV1	3600	+	150	170693890	76171
chr6	170617719	170817719	harbor2	chr6	170694341	170694654	LTR/ERV1	3600	+	156	170694497	76778
chr6	170617719	170817719	harbor2	chr6	170698732	170699176	LTR/ERV1	1374	+	222	170698954	81235
chr6	152479011	152679011	harbor2	chr6	152490339	152490744	LTR/ERV1	1858	+	202	152490541	11530
chr6	152479011	152679011	harbor2	chr6	152490745	152491147	LTR/ERV1	1603	+	201	152490946	11935
chr6	152479011	152679011	harbor2	chr6	152491151	152491325	LTR/ERV1	439	+	87	152491238	12227
chr6	152479011	152679011	harbor2	chr6	152491384	152495382	LTR/ERV1	21904	+	1999	152493383	14372
chr6	152479011	152679011	harbor2	chr6	152495358	152495439	LTR/ERV1	1830	+	40	152495398	16387
chr6	152479011	152679011	harbor2	chr6	152495440	152495968	LTR/ERV1	3632	+	264	152495704	16693
chr6	152479011	152679011	harbor2	chr6	152495969	152496185	LTR/ERV1	1830	+	108	152496077	17066
chr6	152479011	152679011	harbor2	chr6	152496236	152496751	LTR/ERV1	3331	+	258	152496494	17483
chr6	152479011	152679011	harbor2	chr6	152496752	152497169	LTR/ERV1	1909	+	208	152496960	17949
chr6	165728998	165928998	harbor2	chr6	165751557	165751857	LTR/ERV1	3214	+	150	165751707	22709
chr6	165728998	165928998	harbor2	chr6	165752155	165752367	LTR/ERV1	3214	+	106	165752261	23263
chr6	165728998	165928998	harbor2	chr6	165760957	165761269	LTR/ERV1	1577	+	156	165761113	32115
chr6	165728998	165928998	harbor2	chr6	165761916	165762402	LTR/ERV1	3092	+	243	165762159	33161
chr6	125081735	125281735	harbor2	chr6	125118552	125118935	LTR/ERV1	2118	+	192	125118744	37009
chr6	125081735	125281735	harbor2	chr6	125119279	125120081	LTR/ERV1	5146	+	401	125119680	37945
chr6	125081735	125281735	harbor2	chr6	125120074	125121095	LTR/ERV1	6166	+	510	125120584	38849
chr6	125081735	125281735	harbor2	chr6	125121804	125122084	LTR/ERV1	2450	+	140	125121944	40209
chr6	125081735	125281735	harbor2	chr6	125122084	125122237	LTR/ERV1	896	+	76	125122160	40425
chr6	125081735	125281735	harbor2	chr6	125122234	125123586	LTR/ERV1	7732	+	676	125122910	41175
chr6	125081735	125281735	harbor2	chr6	125125672	125127113	LTR/ERV1	10558	+	720	125126392	44657
chr6	125081735	125281735	harbor2	chr6	125127914	125128139	LTR/ERV1	1225	+	112	125128026	46291
chr6	125081735	125281735	harbor2	chr6	125128140	125128206	LTR/ERV1	2069	+	33	125128173	46438
chr6	125081735	125281735	harbor2	chr6	125128520	125128826	LTR/ERV1	2069	+	153	125128673	46938
chr6	125081735	125281735	harbor2	chr6	125138371	125138910	LTR/ERV1	1869	+	270	125138641	56906
chr6	125081735	125281735	harbor2	chr6	125143900	125144130	LTR/ERV1	1092	+	115	125144015	62280
chr6	125081735	125281735	harbor2	chr6	125144164	125144436	LTR/ERV1	1776	+	136	125144300	62565
chr6	125081735	125281735	harbor2	chr6	125144875	125144957	LTR/ERV1	1776	+	41	125144916	63181
chr6	109474743	109674743	harbor2	chr6	109477938	109478514	LTR/ERV1	3038	+	288	109478226	3483
chr6	109474743	109674743	harbor2	chr6	109507725	109508135	LTR/ERV1	2906	+	205	109507930	33187
chr6	109474743	109674743	harbor2	chr6	109511983	109512527	LTR/ERV1	4150	+	272	109512255	37512
chr6	109474743	109674743	harbor2	chr6	109513625	109514173	LTR/ERV1	2636	+	274	109513899	39156
chr6	109474743	109674743	harbor2	chr6	109509519	109510815	LTR/ERV1	5413	+	648	109510167	35424
chr6	161292729	161492729	harbor2	chr6	161292492	161294387	LTR/ERV1	6929	+	948	161293440	711
chr6	161292729	161492729	harbor2	chr6	161294695	161298586	LTR/ERV1	12164	+	1946	161296641	3912
chr6	161292729	161492729	harbor2	chr6	161298881	161299086	LTR/ERV1	6733	+	102	161298983	6254
chr6	161292729	161492729	harbor2	chr6	161299087	161299807	LTR/ERV1	3186	+	360	161299447	6718
chr6	161292729	161492729	harbor2	chr6	161301563	161302008	LTR/ERV1	5593	+	222	161301785	9056
chr6	161292729	161492729	harbor2	chr6	161302295	161302652	LTR/ERV1	5593	+	178	161302473	9744
chr6	161292729	161492729	harbor2	chr6	161328116	161328342	LTR/ERV1	1343	+	113	161328229	35500
chr6	161292729	161492729	harbor2	chr6	161329709	161329804	LTR/ERV1	714	+	48	161329757	37028
chr6	161292729	161492729	harbor2	chr6	161329808	161330851	LTR/ERV1	3858	+	522	161330330	37601
chr6	161292729	161492729	harbor2	chr6	161330912	161331695	LTR/ERV1	5566	+	392	161331304	38575
chr6	161292729	161492729	harbor2	chr6	161331696	161332287	LTR/ERV1	4987	+	296	161331992	39263
chr6	161292729	161492729	harbor2	chr6	161332288	161332650	LTR/ERV1	5566	+	181	161332469	39740
chr6	161292729	161492729	harbor2	chr6	161333742	161335399	LTR/ERV1	14172	+	828	161334570	41841
chr6	161292729	161492729	harbor2	chr6	161335693	161335711	LTR/ERV1	14172	+	9	161335702	42973
chr6	161292729	161492729	harbor2	chr6	161335975	161337508	LTR/ERV1	14172	+	766	161336741	44012
chr6	161292729	161492729	harbor2	chr6	161366502	161366964	LTR/ERV1	2526	+	231	161366733	74004
chr6	161292729	161492729	harbor2	chr6	161332940	161333463	LTR/ERV1	14172	+	262	161333202	40473
chr6	128827983	129027983	harbor2	chr6	128865644	128866061	LTR/ERV1	1983	+	208	128865852	37869
chr6	119577673	119777673	harbor2	chr6	119665508	119665762	LTR/ERV1	1435	+	127	119665635	87962
chr6	119577673	119777673	harbor2	chr6	119665760	119666146	LTR/ERV1	2920	+	193	119665953	88280
chr6	119577673	119777673	harbor2	chr6	119675260	119675625	LTR/ERV1	411	+	182	119675442	97769
chr6	118508870	118708870	harbor2	chr6	118524733	118525119	LTR/ERV1	1955	+	193	118524926	16056
chr6	118508870	118708870	harbor2	chr6	118526592	118526996	LTR/ERV1	2424	+	202	118526794	17924
chr6	118508870	118708870	harbor2	chr6	118527304	118527418	LTR/ERV1	2424	+	57	118527361	18491
chr6	118508870	118708870	harbor2	chr6	118542798	118543189	LTR/ERV1	1352	+	196	118542994	34124
chr6	118508870	118708870	harbor2	chr6	118574044	118574503	LTR/ERV1	1313	+	230	118574274	65404
chr6	118508870	118708870	harbor2	chr6	118574512	118575515	LTR/ERV1	1916	+	502	118575014	66144
chr6	118508870	118708870	harbor2	chr6	118575541	118576282	LTR/ERV1	3067	+	370	118575911	67041
chr6	118508870	118708870	harbor2	chr6	118576269	118576608	LTR/ERV1	1572	+	170	118576439	67569
chr6	118508870	118708870	harbor2	chr6	118576711	118576796	LTR/ERV1	492	+	42	118576753	67883
chr6	118508870	118708870	harbor2	chr6	118576793	118578078	LTR/ERV1	4971	+	642	118577435	68565
chr6	118508870	118708870	harbor2	chr6	118578293	118578449	LTR/ERV1	1430	+	78	118578371	69501
chr6	118508870	118708870	harbor2	chr6	118578750	118578889	LTR/ERV1	1430	+	70	118578820	69950
chr6	118508870	118708870	harbor2	chr6	118579711	118580329	LTR/ERV1	3884	+	309	118580020	71150
chr6	118508870	118708870	harbor2	chr6	118590242	118590706	LTR/ERV1	2490	+	232	118590474	81604
chr6	118508870	118708870	harbor2	chr6	118590831	118590948	LTR/ERV1	733	+	58	118590889	82019
chr6	118508870	118708870	harbor2	chr6	118591194	118591837	LTR/ERV1	4700	+	322	118591516	82646
chr6	118508870	118708870	harbor2	chr6	118580330	118588950	LTR/ERV1	38427	+	4310	118584640	75770
chr6	121774161	121974161	harbor2	chr6	121797238	121797290	LTR/ERV1	424	+	26	121797264	23103
chr6	121774161	121974161	harbor2	chr6	121820110	121820650	LTR/ERV1	2778	+	270	121820380	46219
chr6	121774161	121974161	harbor2	chr6	121834328	121834820	LTR/ERV1	2635	+	246	121834574	60413
chr6	121774161	121974161	harbor2	chr6	121866815	121867174	LTR/ERV1	516	+	180	121866995	92834
chr6	121774161	121974161	harbor2	chr6	121798282	121798910	LTR/ERV1	2030	+	314	121798596	24435
chr6	65337740	65537740	harbor2	chr6	65340451	65340820	LTR/ERV1	1287	+	184	65340635	2895
chr6	144827223	145027223	harbor2	chr6	144865403	144866113	LTR/ERV1	3166	+	355	144865758	38535
chr6	144827223	145027223	harbor2	chr6	144870617	144871079	LTR/ERV1	1499	+	231	144870848	43625
chr6	144827223	145027223	harbor2	chr6	144873345	144874158	LTR/ERV1	5240	+	406	144873751	46528
chr6	144827223	145027223	harbor2	chr6	144921352	144921765	LTR/ERV1	1220	+	206	144921558	94335
chr6	144827223	145027223	harbor2	chr6	144923175	144923606	LTR/ERV1	2637	+	216	144923391	96168
chr6	144827223	145027223	harbor2	chr6	144923609	144926571	LTR/ERV1	18802	+	1481	144925090	97867
chr6	144827223	145027223	harbor2	chr6	144926566	144926713	LTR/ERV1	698	+	74	144926640	99417
chr6	144827223	145027223	harbor2	chr6	144926706	144927208	LTR/ERV1	3234	+	251	144926957	99734
chr6	136359282	136559282	harbor2	chr6	136445074	136445641	LTR/ERV1	2655	+	284	136445358	86076
chr6	136359282	136559282	harbor2	chr6	136450877	136451270	LTR/ERV1	2070	+	196	136451073	91791
chr6	136359282	136559282	harbor2	chr6	136453060	136453194	LTR/ERV1	566	+	67	136453127	93845
chr6	136359282	136559282	harbor2	chr6	136455732	136456258	LTR/ERV1	1469	+	263	136455995	96713
chr6	160638041	160838041	harbor2	chr6	160662807	160662902	LTR/ERV1	448	+	48	160662855	24814
chr6	160638041	160838041	harbor2	chr6	160663086	160663253	LTR/ERV1	969	+	84	160663170	25129
chr6	166509450	166709450	harbor2	chr6	166515717	166516191	LTR/ERV1	3444	+	237	166515954	6504
chr6	166509450	166709450	harbor2	chr6	166555188	166555696	LTR/ERV1	2515	+	254	166555442	45992
chr6	170274809	170474809	harbor2	chr6	170313416	170313610	LTR/ERV1	569	+	97	170313513	38704
chr6	154042696	154242696	harbor2	chr6	154138559	154139238	LTR/ERV1	4508	+	340	154138899	96203
chr6	154042696	154242696	harbor2	chr6	154142139	154142839	LTR/ERV1	3553	+	350	154142489	99793
chr6	140557701	140757701	harbor2	chr6	140650410	140650482	LTR/ERV1	462	+	36	140650446	92745
chr6	169362022	169562022	harbor2	chr6	169387273	169387931	LTR/ERV1	2677	+	329	169387602	25580
chr6	169362022	169562022	harbor2	chr6	169389346	169389776	LTR/ERV1	2295	+	215	169389561	27539
chr6	169362022	169562022	harbor2	chr6	169395234	169395482	LTR/ERV1	919	+	124	169395358	33336
chr6	169362022	169562022	harbor2	chr6	169430966	169431335	LTR/ERV1	1460	+	184	169431150	69128
chr6	169362022	169562022	harbor2	chr6	169432057	169432363	LTR/ERV1	693	+	153	169432210	70188
chr6	169362022	169562022	harbor2	chr6	169435912	169437449	LTR/ERV1	2659	+	768	169436680	74658
chr6	169362022	169562022	harbor2	chr6	169438544	169440773	LTR/ERV1	2916	+	1114	169439658	77636
chr6	169362022	169562022	harbor2	chr6	169441581	169441895	LTR/ERV1	1609	+	157	169441738	79716
chr6	169362022	169562022	harbor2	chr6	169450935	169451500	LTR/ERV1	3359	+	282	169451217	89195
chr6	84171601	84371601	harbor2	chr6	84189186	84190814	LTR/ERV1	10619	+	814	84190000	18399
chr6	140105758	140305758	harbor2	chr6	140191532	140191653	LTR/ERV1	690	+	60	140191592	85834
chr6	140105758	140305758	harbor2	chr6	140191657	140191765	LTR/ERV1	425	+	54	140191711	85953
chr6	140105758	140305758	harbor2	chr6	140191758	140192474	LTR/ERV1	2993	+	358	140192116	86358
chr6	140105758	140305758	harbor2	chr6	140192462	140193625	LTR/ERV1	11258	+	582	140193044	87286
chr6	140105758	140305758	harbor2	chr6	140193882	140194955	LTR/ERV1	11258	+	536	140194418	88660
chr6	140105758	140305758	harbor2	chr6	140194956	140195417	LTR/ERV1	3270	+	230	140195186	89428
chr6	169640899	169840899	harbor2	chr6	169676241	169677005	LTR/ERV1	3788	+	382	169676623	35724
chr6	169640899	169840899	harbor2	chr6	169678591	169679348	LTR/ERV1	6119	+	378	169678969	38070
chr6	169640899	169840899	harbor2	chr6	169725737	169726118	LTR/ERV1	2082	+	190	169725927	85028
chr7	119903331	120103331	harbor2	chr7	119931477	119931814	LTR/ERV1	455	+	168	119931645	28314
chr7	119903331	120103331	harbor2	chr7	119954498	119955228	LTR/ERV1	2657	+	365	119954863	51532
chr7	119903331	120103331	harbor2	chr7	119946905	119947386	LTR/ERV1	958	+	240	119947145	43814
chr7	119903331	120103331	harbor2	chr7	119996171	119996653	LTR/ERV1	1816	+	241	119996412	93081
chr7	102823324	103023324	harbor2	chr7	102832211	102832669	LTR/ERV1	1202	+	229	102832440	9116
chr7	148508704	148708704	harbor2	chr7	148519819	148520253	LTR/ERV1	3494	+	217	148520036	11332
chr7	148508704	148708704	harbor2	chr7	148526394	148527118	LTR/ERV1	4604	+	362	148526756	18052
chr7	148508704	148708704	harbor2	chr7	148527883	148528073	LTR/ERV1	1269	+	95	148527978	19274
chr7	148508704	148708704	harbor2	chr7	148571916	148572391	LTR/ERV1	2765	+	238	148572154	63450
chr7	148508704	148708704	harbor2	chr7	148586371	148586920	LTR/ERV1	4296	+	274	148586645	77941
chr7	66896286	67096286	harbor2	chr7	66970484	66970623	LTR/ERV1	799	+	70	66970554	74268
chr7	66896286	67096286	harbor2	chr7	66980045	66980119	LTR/ERV1	3172	+	37	66980082	83796
chr7	66896286	67096286	harbor2	chr7	66980430	66980869	LTR/ERV1	3172	+	220	66980650	84364
chr7	57105545	57305545	harbor2	chr7	57131598	57131930	LTR/ERV1	1766	+	166	57131764	26219
chr7	57105545	57305545	harbor2	chr7	57134085	57134660	LTR/ERV1	3265	+	288	57134373	28828
chr7	57105545	57305545	harbor2	chr7	57135052	57135401	LTR/ERV1	3492	+	174	57135226	29681
chr7	57105545	57305545	harbor2	chr7	57135711	57135961	LTR/ERV1	3492	+	125	57135836	30291
chr7	57105545	57305545	harbor2	chr7	57136015	57136092	LTR/ERV1	3492	+	38	57136053	30508
chr7	57105545	57305545	harbor2	chr7	57136449	57136937	LTR/ERV1	2505	+	244	57136693	31148
chr7	57105545	57305545	harbor2	chr7	57137025	57137167	LTR/ERV1	627	+	71	57137096	31551
chr7	57105545	57305545	harbor2	chr7	57175646	57175866	LTR/ERV1	1572	+	110	57175756	70211
chr7	57105545	57305545	harbor2	chr7	57176115	57176208	LTR/ERV1	1572	+	46	57176161	70616
chr7	57105545	57305545	harbor2	chr7	57176361	57176407	LTR/ERV1	1572	+	23	57176384	70839
chr7	57105545	57305545	harbor2	chr7	57199060	57199262	LTR/ERV1	1233	+	101	57199161	93616
chr7	57105545	57305545	harbor2	chr7	57199514	57199604	LTR/ERV1	1233	+	45	57199559	94014
chr7	89648725	89848725	harbor2	chr7	89723275	89723883	LTR/ERV1	2926	+	304	89723579	74854
chr7	89648725	89848725	harbor2	chr7	89735282	89735859	LTR/ERV1	2738	+	288	89735570	86845
chr7	89648725	89848725	harbor2	chr7	89745997	89746115	LTR/ERV1	3609	+	59	89746056	97331
chr7	89648725	89848725	harbor2	chr7	89746392	89747031	LTR/ERV1	3609	+	320	89746712	97987
chr7	132080533	132280533	harbor2	chr7	132084654	132085269	LTR/ERV1	3211	+	308	132084962	4429
chr7	132080533	132280533	harbor2	chr7	132115243	132115790	LTR/ERV1	4157	+	274	132115517	34984
chr7	135320164	135520164	harbor2	chr7	135337864	135338768	LTR/ERV1	5598	+	452	135338316	18152
chr7	96290428	96490428	harbor2	chr7	96357426	96357717	LTR/ERV1	2113	+	146	96357572	67144
chr7	96290428	96490428	harbor2	chr7	96358055	96358185	LTR/ERV1	2113	+	65	96358120	67692
chr7	152673224	152873224	harbor2	chr7	152697538	152698189	LTR/ERV1	4650	+	326	152697864	24640
chr7	152673224	152873224	harbor2	chr7	152704525	152705087	LTR/ERV1	2836	+	281	152704806	31582
chr7	152673224	152873224	harbor2	chr7	152711532	152711925	LTR/ERV1	2449	+	196	152711728	38504
chr7	152673224	152873224	harbor2	chr7	152724023	152724283	LTR/ERV1	891	+	130	152724153	50929
chr7	71902313	72102313	harbor2	chr7	71932944	71933560	LTR/ERV1	3732	+	308	71933252	30939
chr7	71902313	72102313	harbor2	chr7	71939718	71940021	LTR/ERV1	1468	+	152	71939870	37557
chr7	71902313	72102313	harbor2	chr7	71942758	71943216	LTR/ERV1	3130	+	229	71942987	40674
chr7	71902313	72102313	harbor2	chr7	71949186	71949383	LTR/ERV1	2570	+	98	71949284	46971
chr7	71902313	72102313	harbor2	chr7	71949680	71949765	LTR/ERV1	2570	+	42	71949722	47409
chr7	71902313	72102313	harbor2	chr7	71950062	71950180	LTR/ERV1	2570	+	59	71950121	47808
chr7	71902313	72102313	harbor2	chr7	71976651	71977185	LTR/ERV1	2847	+	267	71976918	74605
chr7	71902313	72102313	harbor2	chr7	71982678	71983317	LTR/ERV1	3416	+	320	71982998	80685
chr7	71902313	72102313	harbor2	chr7	71989964	71990467	LTR/ERV1	4182	+	252	71990216	87903
chr7	71902313	72102313	harbor2	chr7	71990753	71990900	LTR/ERV1	4182	+	74	71990827	88514
chr7	71902313	72102313	harbor2	chr7	71991870	71992351	LTR/ERV1	3533	+	240	71992110	89797
chr7	71902313	72102313	harbor2	chr7	71992657	71992819	LTR/ERV1	3533	+	81	71992738	90425
chr7	71902313	72102313	harbor2	chr7	72000844	72001087	LTR/ERV1	1503	+	122	72000966	98653
chr7	71902313	72102313	harbor2	chr7	72001086	72001219	LTR/ERV1	790	+	66	72001152	98839
chr7	71902313	72102313	harbor2	chr7	72001215	72001806	LTR/ERV1	3369	+	296	72001511	99198
chr7	112010964	112210964	harbor2	chr7	112014952	112015579	LTR/ERV1	4129	+	314	112015266	4302
chr7	112010964	112210964	harbor2	chr7	112072560	112073273	LTR/ERV1	3728	+	356	112072916	61952
chr7	84029667	84229667	harbor2	chr7	84127093	84127553	LTR/ERV1	1517	+	230	84127323	97656
chr7	155116397	155316397	harbor2	chr7	155119654	155120247	LTR/ERV1	3553	+	296	155119950	3553
chr7	155116397	155316397	harbor2	chr7	155165613	155166418	LTR/ERV1	5232	+	402	155166015	49618
chr7	155116397	155316397	harbor2	chr7	155191880	155192010	LTR/ERV1	463	+	65	155191945	75548
chr7	155116397	155316397	harbor2	chr7	155192059	155192284	LTR/ERV1	470	+	112	155192171	75774
chr7	65240785	65440785	harbor2	chr7	65252831	65252913	LTR/ERV1	535	+	41	65252872	12087
chr7	65240785	65440785	harbor2	chr7	65302904	65303592	LTR/ERV1	1201	+	344	65303248	62463
chr7	65240785	65440785	harbor2	chr7	65303595	65305650	LTR/ERV1	32397	+	1028	65304623	63838
chr7	65240785	65440785	harbor2	chr7	65305934	65306049	LTR/ERV1	32397	+	58	65305992	65207
chr7	65240785	65440785	harbor2	chr7	65311228	65311859	LTR/ERV1	1366	+	316	65311544	70759
chr7	65240785	65440785	harbor2	chr7	65313381	65313649	LTR/ERV1	813	+	134	65313515	72730
chr7	65240785	65440785	harbor2	chr7	65313644	65314521	LTR/ERV1	4005	+	438	65314082	73297
chr7	65240785	65440785	harbor2	chr7	65314845	65315148	LTR/ERV1	4005	+	152	65314997	74212
chr7	65240785	65440785	harbor2	chr7	65306354	65311227	LTR/ERV1	32397	+	2436	65308790	68005
chr7	106812202	107012202	harbor2	chr7	106817670	106818121	LTR/ERV1	847	+	226	106817896	5694
chr7	106812202	107012202	harbor2	chr7	106818767	106818860	LTR/ERV1	847	+	46	106818813	6611
chr7	106812202	107012202	harbor2	chr7	106829151	106829634	LTR/ERV1	2884	+	242	106829393	17191
chr7	106812202	107012202	harbor2	chr7	106829635	106830073	LTR/ERV1	2902	+	219	106829854	17652
chr7	106812202	107012202	harbor2	chr7	106830074	106835246	LTR/ERV1	9272	+	2586	106832660	20458
chr7	106812202	107012202	harbor2	chr7	106835466	106838081	LTR/ERV1	17538	+	1308	106836774	24572
chr7	106812202	107012202	harbor2	chr7	106838082	106838519	LTR/ERV1	2946	+	218	106838300	26098
chr7	106812202	107012202	harbor2	chr7	106838520	106838631	LTR/ERV1	726	+	56	106838576	26374
chr7	101720639	101920639	harbor2	chr7	101766945	101767127	LTR/ERV1	607	+	91	101767036	46397
chr7	148288457	148488457	harbor2	chr7	148363636	148365114	LTR/ERV1	10094	+	739	148364375	75918
chr7	148288457	148488457	harbor2	chr7	148387796	148388143	LTR/ERV1	2129	+	174	148387970	99513
chr7	55231173	55431173	harbor2	chr7	55267318	55267766	LTR/ERV1	3350	+	224	55267542	36369
chr7	55231173	55431173	harbor2	chr7	55269652	55269754	LTR/ERV1	490	+	51	55269703	38530
chr7	55231173	55431173	harbor2	chr7	55269822	55270298	LTR/ERV1	2064	+	238	55270060	38887
chr7	55231173	55431173	harbor2	chr7	55288080	55288452	LTR/ERV1	2417	+	186	55288266	57093
chr7	55231173	55431173	harbor2	chr7	55289013	55289476	LTR/ERV1	3183	+	232	55289245	58072
chr7	55231173	55431173	harbor2	chr7	55295354	55295407	LTR/ERV1	4142	+	26	55295380	64207
chr7	55231173	55431173	harbor2	chr7	55296013	55296391	LTR/ERV1	4142	+	189	55296202	65029
chr7	55231173	55431173	harbor2	chr7	55296690	55296921	LTR/ERV1	4142	+	116	55296806	65633
chr7	147003517	147203517	harbor2	chr7	147011550	147012181	LTR/ERV1	2835	+	316	147011866	8349
chr7	135866803	136066803	harbor2	chr7	135909425	135909978	LTR/ERV1	4656	+	276	135909701	42898
chr7	50551944	50751944	harbor2	chr7	50578827	50579286	LTR/ERV1	3771	+	230	50579057	27113
chr7	117603072	117803072	harbor2	chr7	117670213	117670878	LTR/ERV1	3211	+	332	117670545	67473
chr7	117603072	117803072	harbor2	chr7	117673016	117673858	LTR/ERV1	4554	+	421	117673437	70365
chr7	158299142	158499142	harbor2	chr7	158375525	158376317	LTR/ERV1	4336	+	396	158375921	76779
chr7	64083292	64283292	harbor2	chr7	64123017	64123269	LTR/ERV1	461	+	126	64123143	39851
chr7	64083292	64283292	harbor2	chr7	64125731	64126079	LTR/ERV1	1956	+	174	64125905	42613
chr7	64083292	64283292	harbor2	chr7	64126392	64126564	LTR/ERV1	1956	+	86	64126478	43186
chr7	64083292	64283292	harbor2	chr7	64135406	64135749	LTR/ERV1	2959	+	172	64135578	52286
chr7	64083292	64283292	harbor2	chr7	64136040	64136415	LTR/ERV1	2959	+	188	64136228	52936
chr7	150158504	150358504	harbor2	chr7	150172167	150172206	LTR/ERV1	539	+	20	150172187	13683
chr7	150158504	150358504	harbor2	chr7	150174513	150174574	LTR/ERV1	539	+	30	150174543	16039
chr7	150158504	150358504	harbor2	chr7	150192703	150193178	LTR/ERV1	2438	+	238	150192941	34437
chr7	150158504	150358504	harbor2	chr7	150254381	150254862	LTR/ERV1	2683	+	240	150254621	96117
chr7	113636993	113836993	harbor2	chr7	113649979	113650453	LTR/ERV1	2874	+	237	113650216	13223
chr7	113636993	113836993	harbor2	chr7	113683112	113683647	LTR/ERV1	2703	+	268	113683380	46387
chr7	113636993	113836993	harbor2	chr7	113683656	113684192	LTR/ERV1	4277	+	268	113683924	46931
chr7	113636993	113836993	harbor2	chr7	113685143	113685239	LTR/ERV1	4277	+	48	113685191	48198
chr7	113636993	113836993	harbor2	chr7	113685679	113685839	LTR/ERV1	854	+	80	113685759	48766
chr7	108197237	108397237	harbor2	chr7	108281737	108282032	LTR/ERV1	490	+	148	108281885	84648
chr7	150149002	150349002	harbor2	chr7	150150010	150150248	LTR/ERV1	845	+	119	150150129	1127
chr7	150149002	150349002	harbor2	chr7	150172167	150172206	LTR/ERV1	539	+	20	150172187	23185
chr7	150149002	150349002	harbor2	chr7	150174513	150174574	LTR/ERV1	539	+	30	150174543	25541
chr7	150149002	150349002	harbor2	chr7	150192703	150193178	LTR/ERV1	2438	+	238	150192941	43939
chr7	68941540	69141540	harbor2	chr7	68964838	68965454	LTR/ERV1	4081	+	308	68965146	23606
chr7	68941540	69141540	harbor2	chr7	68980201	68980884	LTR/ERV1	5031	+	342	68980543	39003
chr7	68941540	69141540	harbor2	chr7	68981943	68982531	LTR/ERV1	4775	+	294	68982237	40697
chr7	68941540	69141540	harbor2	chr7	68983061	68983745	LTR/ERV1	4406	+	342	68983403	41863
chr7	68941540	69141540	harbor2	chr7	68983746	68984293	LTR/ERV1	4447	+	274	68984020	42480
chr7	68941540	69141540	harbor2	chr7	68986276	68986409	LTR/ERV1	2545	+	66	68986342	44802
chr7	68941540	69141540	harbor2	chr7	68986882	68987163	LTR/ERV1	2545	+	140	68987022	45482
chr7	68941540	69141540	harbor2	chr7	68987234	68987306	LTR/ERV1	459	+	36	68987270	45730
chr7	68941540	69141540	harbor2	chr7	68999795	68999999	LTR/ERV1	1151	+	102	68999897	58357
chr7	68941540	69141540	harbor2	chr7	69000002	69000669	LTR/ERV1	3855	+	334	69000336	58796
chr7	68941540	69141540	harbor2	chr7	69014984	69015537	LTR/ERV1	1747	+	276	69015260	73720
chr7	157089570	157289570	harbor2	chr7	157093058	157093714	LTR/ERV1	4475	+	328	157093386	3816
chr7	157089570	157289570	harbor2	chr7	157094294	157094461	LTR/ERV1	4475	+	84	157094378	4808
chr7	157089570	157289570	harbor2	chr7	157094908	157095214	LTR/ERV1	1132	+	153	157095061	5491
chr7	157089570	157289570	harbor2	chr7	157095400	157095471	LTR/ERV1	898	+	36	157095436	5866
chr7	157089570	157289570	harbor2	chr7	157095776	157095877	LTR/ERV1	898	+	50	157095826	6256
chr7	157089570	157289570	harbor2	chr7	157099219	157099760	LTR/ERV1	1907	+	270	157099489	9919
chr7	157089570	157289570	harbor2	chr7	157107116	157107871	LTR/ERV1	4540	+	378	157107494	17924
chr7	157089570	157289570	harbor2	chr7	157110459	157110526	LTR/ERV1	1318	+	34	157110493	20923
chr7	157089570	157289570	harbor2	chr7	157110834	157111088	LTR/ERV1	1318	+	127	157110961	21391
chr7	150455077	150655077	harbor2	chr7	150508663	150509225	LTR/ERV1	1915	+	281	150508944	53867
chr7	150455077	150655077	harbor2	chr7	150509887	150510055	LTR/ERV1	539	+	84	150509971	54894
chr7	119066310	119266310	harbor2	chr7	119123300	119124065	LTR/ERV1	4477	+	382	119123682	57372
chr7	138153572	138353572	harbor2	chr7	138154730	138155207	LTR/ERV1	2088	+	238	138154968	1396
chr7	138153572	138353572	harbor2	chr7	138164368	138164540	LTR/ERV1	803	+	86	138164454	10882
chr7	138153572	138353572	harbor2	chr7	138165109	138165327	LTR/ERV1	803	+	109	138165218	11646
chr7	138153572	138353572	harbor2	chr7	138167540	138167821	LTR/ERV1	588	+	140	138167680	14108
chr7	138153572	138353572	harbor2	chr7	138171122	138171212	LTR/ERV1	531	+	45	138171167	17595
chr7	138153572	138353572	harbor2	chr7	138171380	138171646	LTR/ERV1	1335	+	133	138171513	17941
chr7	138153572	138353572	harbor2	chr7	138171934	138171961	LTR/ERV1	1335	+	14	138171948	18376
chr7	138153572	138353572	harbor2	chr7	138190382	138191075	LTR/ERV1	5717	+	346	138190728	37156
chr7	138153572	138353572	harbor2	chr7	138204198	138204748	LTR/ERV1	3599	+	275	138204473	50901
chr7	138153572	138353572	harbor2	chr7	138205624	138206166	LTR/ERV1	2808	+	271	138205895	52323
chr7	138153572	138353572	harbor2	chr7	138223473	138224091	LTR/ERV1	2144	+	309	138223782	70210
chr7	138153572	138353572	harbor2	chr7	138246444	138246885	LTR/ERV1	2553	+	220	138246664	93092
chr7	138153572	138353572	harbor2	chr7	138246937	138247204	LTR/ERV1	1043	+	134	138247071	93499
chr7	138153572	138353572	harbor2	chr7	138247205	138247622	LTR/ERV1	2493	+	208	138247413	93841
chr7	143403404	143603404	harbor2	chr7	143412490	143413043	LTR/ERV1	4263	+	276	143412766	9362
chr7	143403404	143603404	harbor2	chr7	143469181	143469565	LTR/ERV1	721	+	192	143469373	65969
chr7	143403404	143603404	harbor2	chr7	143469586	143469609	LTR/ERV1	629	+	12	143469598	66194
chr7	143403404	143603404	harbor2	chr7	143469983	143470308	LTR/ERV1	629	+	162	143470145	66741
chr7	143403404	143603404	harbor2	chr7	143500468	143500913	LTR/ERV1	651	+	222	143500690	97286
chr7	8695916	8895916	harbor2	chr7	8782746	8783093	LTR/ERV1	1915	+	174	8782920	87004
chr7	153406449	153606449	harbor2	chr7	153429838	153430408	LTR/ERV1	3343	+	285	153430123	23674
chr7	153406449	153606449	harbor2	chr7	153430581	153430608	LTR/ERV1	1291	+	14	153430595	24146
chr7	153406449	153606449	harbor2	chr7	153430920	153431427	LTR/ERV1	3172	+	254	153431174	24725
chr7	153406449	153606449	harbor2	chr7	153431428	153431982	LTR/ERV1	4351	+	277	153431705	25256
chr7	153406449	153606449	harbor2	chr7	153431983	153432153	LTR/ERV1	3172	+	85	153432068	25619
chr7	119979467	120179467	harbor2	chr7	120009179	120009629	LTR/ERV1	3276	+	225	120009404	29937
chr7	119979467	120179467	harbor2	chr7	120009632	120010006	LTR/ERV1	2615	+	187	120009819	30352
chr7	119979467	120179467	harbor2	chr7	120010068	120012295	LTR/ERV1	14486	+	1114	120011182	31715
chr7	119979467	120179467	harbor2	chr7	120013123	120013789	LTR/ERV1	4300	+	333	120013456	33989
chr7	119979467	120179467	harbor2	chr7	120013791	120014002	LTR/ERV1	1366	+	106	120013897	34430
chr7	119979467	120179467	harbor2	chr7	120014001	120014391	LTR/ERV1	2378	+	195	120014196	34729
chr7	119979467	120179467	harbor2	chr7	120014392	120014835	LTR/ERV1	3186	+	222	120014614	35147
chr7	119979467	120179467	harbor2	chr7	120033129	120033693	LTR/ERV1	3657	+	282	120033411	53944
chr7	119979467	120179467	harbor2	chr7	120046333	120046720	LTR/ERV1	1676	+	194	120046527	67060
chr7	119979467	120179467	harbor2	chr7	120047088	120047867	LTR/ERV1	5975	+	390	120047478	68011
chr7	119979467	120179467	harbor2	chr7	119996171	119996653	LTR/ERV1	1816	+	241	119996412	16945
chr7	119979467	120179467	harbor2	chr7	120012275	120013123	LTR/ERV1	5637	+	424	120012699	33232
chr7	134044141	134244141	harbor2	chr7	134099316	134099522	LTR/ERV1	559	+	103	134099419	55278
chr7	134044141	134244141	harbor2	chr7	134100027	134100186	LTR/ERV1	697	+	80	134100107	55966
chr7	134044141	134244141	harbor2	chr7	134105030	134105581	LTR/ERV1	1321	+	276	134105306	61165
chr7	134044141	134244141	harbor2	chr7	134113738	134114637	LTR/ERV1	5693	+	450	134114188	70047
chr7	134044141	134244141	harbor2	chr7	134125442	134125668	LTR/ERV1	835	+	113	134125555	81414
chr7	105131952	105331952	harbor2	chr7	105165378	105166056	LTR/ERV1	4639	+	339	105165717	33765
chr7	105131952	105331952	harbor2	chr7	105228563	105228953	LTR/ERV1	853	+	195	105228758	96806
chr7	40787092	40987092	harbor2	chr7	40828943	40829262	LTR/ERV1	2577	+	160	40829103	42011
chr7	40787092	40987092	harbor2	chr7	40829289	40829462	LTR/ERV1	2577	+	86	40829375	42283
chr7	40787092	40987092	harbor2	chr7	40847811	40848505	LTR/ERV1	3825	+	347	40848158	61066
chr7	158360873	158560873	harbor2	chr7	158375525	158376317	LTR/ERV1	4336	+	396	158375921	15048
chr7	158360873	158560873	harbor2	chr7	158438833	158439393	LTR/ERV1	2759	+	280	158439113	78240
chr7	153442944	153642944	harbor2	chr7	153517467	153517904	LTR/ERV1	2948	+	218	153517685	74741
chr7	153442944	153642944	harbor2	chr7	153517996	153518412	LTR/ERV1	1851	+	208	153518204	75260
chr7	153100017	153300017	harbor2	chr7	153156699	153156904	LTR/ERV1	2768	+	102	153156801	56784
chr7	153100017	153300017	harbor2	chr7	153157260	153157541	LTR/ERV1	2768	+	140	153157400	57383
chr7	156838302	157038302	harbor2	chr7	156884162	156884759	LTR/ERV1	2872	+	298	156884460	46158
chr7	156838302	157038302	harbor2	chr7	156923658	156923673	LTR/ERV1	493	+	8	156923666	85364
chr7	156838302	157038302	harbor2	chr7	156923976	156924477	LTR/ERV1	2015	+	250	156924226	85924
chr7	156838302	157038302	harbor2	chr7	156928043	156928769	LTR/ERV1	3285	+	363	156928406	90104
chr7	57446033	57646033	harbor2	chr7	57446164	57446242	LTR/ERV1	484	+	39	57446203	170
chr7	157787057	157987057	harbor2	chr7	157884209	157884517	LTR/ERV1	1972	+	154	157884363	97306
chr7	157787057	157987057	harbor2	chr7	157884880	157885105	LTR/ERV1	1972	+	112	157884992	97935
chr7	78324598	78524598	harbor2	chr7	78398450	78398943	LTR/ERV1	2565	+	246	78398696	74098
chr7	139222123	139422123	harbor2	chr7	139321261	139321443	LTR/ERV1	609	+	91	139321352	99229
chr7	156237581	156437581	harbor2	chr7	156275964	156276161	LTR/ERV1	1340	+	98	156276062	38481
chr7	143590674	143790674	harbor2	chr7	143645375	143645760	LTR/ERV1	2154	+	192	143645567	54893
chr7	118350414	118550414	harbor2	chr7	118354123	118354374	LTR/ERV1	1145	+	126	118354249	3835
chr7	85894966	86094966	harbor2	chr7	85977026	85977481	LTR/ERV1	3042	+	228	85977254	82288
chr7	85894966	86094966	harbor2	chr7	85977483	85977650	LTR/ERV1	1194	+	84	85977567	82601
chr7	154054491	154254491	harbor2	chr7	154057161	154057280	LTR/ERV1	859	+	60	154057221	2730
chr7	154054491	154254491	harbor2	chr7	154057430	154058031	LTR/ERV1	4053	+	300	154057730	3239
chr7	154054491	154254491	harbor2	chr7	154059368	154059965	LTR/ERV1	3902	+	298	154059666	5175
chr7	154054491	154254491	harbor2	chr7	154060507	154060583	LTR/ERV1	452	+	38	154060545	6054
chr7	154054491	154254491	harbor2	chr7	154060974	154061571	LTR/ERV1	3910	+	298	154061272	6781
chr7	154054491	154254491	harbor2	chr7	154062196	154062272	LTR/ERV1	449	+	38	154062234	7743
chr7	147541126	147741126	harbor2	chr7	147596661	147597258	LTR/ERV1	4178	+	298	147596959	55833
chr7	149045194	149245194	harbor2	chr7	149066524	149066633	LTR/ERV1	555	+	54	149066578	21384
chr7	149045194	149245194	harbor2	chr7	149066979	149067086	LTR/ERV1	1081	+	54	149067033	21839
chr7	149045194	149245194	harbor2	chr7	149067383	149067409	LTR/ERV1	1081	+	13	149067396	22202
chr7	149045194	149245194	harbor2	chr7	149067716	149067817	LTR/ERV1	1081	+	50	149067766	22572
chr7	149045194	149245194	harbor2	chr7	149068058	149068294	LTR/ERV1	1403	+	118	149068176	22982
chr7	61589270	61789270	harbor2	chr7	61592175	61592715	LTR/ERV1	2070	+	270	61592445	3175
chr7	61589270	61789270	harbor2	chr7	61592904	61593356	LTR/ERV1	1757	+	226	61593130	3860
chr7	61589270	61789270	harbor2	chr7	61594640	61594671	LTR/ERV1	1496	+	16	61594656	5386
chr7	61589270	61789270	harbor2	chr7	61594950	61595331	LTR/ERV1	1496	+	190	61595140	5870
chr7	142867782	143067782	harbor2	chr7	142954890	142955170	LTR/ERV1	1664	+	140	142955030	87248
chr7	142867782	143067782	harbor2	chr7	142958449	142959194	LTR/ERV1	5181	+	372	142958821	91039
chr7	152905932	153105932	harbor2	chr7	152933329	152933946	LTR/ERV1	3027	+	308	152933637	27705
chr7	152905932	153105932	harbor2	chr7	152935983	152936348	LTR/ERV1	1233	+	182	152936165	30233
chr7	152905932	153105932	harbor2	chr7	152936672	152936682	LTR/ERV1	1233	+	5	152936677	30745
chr7	152905932	153105932	harbor2	chr7	152936982	152937123	LTR/ERV1	1233	+	70	152937052	31120
chr7	152905932	153105932	harbor2	chr7	152967777	152968442	LTR/ERV1	4219	+	332	152968109	62177
chr7	152905932	153105932	harbor2	chr7	152968449	152969013	LTR/ERV1	2173	+	282	152968731	62799
chr7	152905932	153105932	harbor2	chr7	152970356	152970813	LTR/ERV1	2561	+	228	152970584	64652
chr7	152905932	153105932	harbor2	chr7	152982293	152982383	LTR/ERV1	716	+	45	152982338	76406
chr7	152905932	153105932	harbor2	chr7	152988769	152989285	LTR/ERV1	2462	+	258	152989027	83095
chr7	152905932	153105932	harbor2	chr7	152989908	152990416	LTR/ERV1	3203	+	254	152990162	84230
chr7	152905932	153105932	harbor2	chr7	152991048	152991352	LTR/ERV1	888	+	152	152991200	85268
chr7	152905932	153105932	harbor2	chr7	152992559	152992802	LTR/ERV1	1010	+	122	152992681	86749
chr7	152905932	153105932	harbor2	chr7	153004799	153004980	LTR/ERV1	3850	+	90	153004889	98957
chr7	152905932	153105932	harbor2	chr7	153005279	153005820	LTR/ERV1	3850	+	270	153005549	99617
chr7	156865305	157065305	harbor2	chr7	156884162	156884759	LTR/ERV1	2872	+	298	156884460	19155
chr7	156865305	157065305	harbor2	chr7	156923658	156923673	LTR/ERV1	493	+	8	156923666	58361
chr7	156865305	157065305	harbor2	chr7	156923976	156924477	LTR/ERV1	2015	+	250	156924226	58921
chr7	156865305	157065305	harbor2	chr7	156928043	156928769	LTR/ERV1	3285	+	363	156928406	63101
chr7	152422028	152622028	harbor2	chr7	152499150	152499286	LTR/ERV1	1044	+	68	152499218	77190
chr7	152422028	152622028	harbor2	chr7	152500001	152500244	LTR/ERV1	3165	+	122	152500123	78095
chr7	152422028	152622028	harbor2	chr7	152500545	152500636	LTR/ERV1	3165	+	46	152500591	78563
chr7	152422028	152622028	harbor2	chr7	152500969	152501161	LTR/ERV1	3165	+	96	152501065	79037
chr7	152422028	152622028	harbor2	chr7	152520832	152521251	LTR/ERV1	957	+	210	152521042	99014
chr7	152422028	152622028	harbor2	chr7	152521550	152521680	LTR/ERV1	957	+	65	152521615	99587
chr7	143362473	143562473	harbor2	chr7	143370361	143370905	LTR/ERV1	3628	+	272	143370633	8160
chr7	143362473	143562473	harbor2	chr7	143412490	143413043	LTR/ERV1	4263	+	276	143412766	50293
chr7	156887188	157087188	harbor2	chr7	156923658	156923673	LTR/ERV1	493	+	8	156923666	36478
chr7	156887188	157087188	harbor2	chr7	156923976	156924477	LTR/ERV1	2015	+	250	156924226	37038
chr7	156887188	157087188	harbor2	chr7	156928043	156928769	LTR/ERV1	3285	+	363	156928406	41218
chr7	123912276	124112276	harbor2	chr7	123925995	123926448	LTR/ERV1	3070	+	226	123926221	13945
chr7	123912276	124112276	harbor2	chr7	123931118	123931714	LTR/ERV1	3756	+	298	123931416	19140
chr7	123912276	124112276	harbor2	chr7	123939641	123940052	LTR/ERV1	1423	+	206	123939847	27571
chr7	123912276	124112276	harbor2	chr7	123992254	123992702	LTR/ERV1	3028	+	224	123992478	80202
chr7	123912276	124112276	harbor2	chr7	124008265	124008713	LTR/ERV1	3223	+	224	124008489	96213
chr7	123912276	124112276	harbor2	chr7	124012003	124012334	LTR/ERV1	1919	+	166	124012169	99893
chr7	86154760	86354760	harbor2	chr7	86214808	86215244	LTR/ERV1	1775	+	218	86215026	60266
chr7	137464289	137664289	harbor2	chr7	137484430	137484802	LTR/ERV1	750	+	186	137484616	20327
chr7	137464289	137664289	harbor2	chr7	137508165	137508219	LTR/ERV1	1409	+	27	137508192	43903
chr7	137464289	137664289	harbor2	chr7	137508526	137508822	LTR/ERV1	1409	+	148	137508674	44385
chr7	152875391	153075391	harbor2	chr7	152884633	152885000	LTR/ERV1	2274	+	184	152884817	9426
chr7	152875391	153075391	harbor2	chr7	152899495	152899926	LTR/ERV1	3001	+	216	152899711	24320
chr7	152875391	153075391	harbor2	chr7	152933329	152933946	LTR/ERV1	3027	+	308	152933637	58246
chr7	152875391	153075391	harbor2	chr7	152935983	152936348	LTR/ERV1	1233	+	182	152936165	60774
chr7	152875391	153075391	harbor2	chr7	152936672	152936682	LTR/ERV1	1233	+	5	152936677	61286
chr7	152875391	153075391	harbor2	chr7	152936982	152937123	LTR/ERV1	1233	+	70	152937052	61661
chr7	152875391	153075391	harbor2	chr7	152967777	152968442	LTR/ERV1	4219	+	332	152968109	92718
chr7	152875391	153075391	harbor2	chr7	152968449	152969013	LTR/ERV1	2173	+	282	152968731	93340
chr7	152875391	153075391	harbor2	chr7	152970356	152970813	LTR/ERV1	2561	+	228	152970584	95193
chr7	86428718	86628718	harbor2	chr7	86440386	86441810	LTR/ERV1	10243	+	712	86441098	12380
chr7	86428718	86628718	harbor2	chr7	86461073	86461674	LTR/ERV1	2634	+	300	86461373	32655
chr7	46416262	46616262	harbor2	chr7	46416597	46416712	LTR/ERV1	4058	+	58	46416655	393
chr7	46416262	46616262	harbor2	chr7	46415871	46416596	LTR/ERV1	4431	+	362	46416233	29
chr7	153649556	153849556	harbor2	chr7	153696090	153696881	LTR/ERV1	5316	+	396	153696486	46930
chr7	68025632	68225632	harbor2	chr7	68062077	68062156	LTR/ERV1	912	+	40	68062117	36485
chr7	68025632	68225632	harbor2	chr7	68062442	68062525	LTR/ERV1	912	+	42	68062484	36852
chr7	68025632	68225632	harbor2	chr7	68118848	68119675	LTR/ERV1	4648	+	414	68119262	93630
chr7	71830047	72030047	harbor2	chr7	71858000	71858028	LTR/ERV1	990	+	14	71858014	27967
chr7	71830047	72030047	harbor2	chr7	71858401	71858979	LTR/ERV1	2457	+	289	71858690	28643
chr7	71830047	72030047	harbor2	chr7	71859782	71860181	LTR/ERV1	3106	+	200	71859982	29935
chr7	71830047	72030047	harbor2	chr7	71860491	71860627	LTR/ERV1	3106	+	68	71860559	30512
chr7	71830047	72030047	harbor2	chr7	71878449	71879186	LTR/ERV1	866	+	368	71878817	48770
chr7	71830047	72030047	harbor2	chr7	71884584	71885150	LTR/ERV1	5043	+	283	71884867	54820
chr7	71830047	72030047	harbor2	chr7	71885452	71885637	LTR/ERV1	5043	+	92	71885544	55497
chr7	71830047	72030047	harbor2	chr7	71900697	71901160	LTR/ERV1	2384	+	232	71900929	70882
chr7	89740407	89940407	harbor2	chr7	89745997	89746115	LTR/ERV1	3609	+	59	89746056	5649
chr7	89740407	89940407	harbor2	chr7	89746392	89747031	LTR/ERV1	3609	+	320	89746712	6305
chr7	89740407	89940407	harbor2	chr7	89779814	89780742	LTR/ERV1	4759	+	464	89780278	39871
chr7	158055771	158255771	harbor2	chr7	158062389	158063825	LTR/ERV1	10333	+	718	158063107	7336
chr7	158055771	158255771	harbor2	chr7	158086008	158086535	LTR/ERV1	2608	+	264	158086272	30501
chr7	158055771	158255771	harbor2	chr7	158152500	158152879	LTR/ERV1	1838	+	190	158152690	96919
chr7	158055771	158255771	harbor2	chr7	158152971	158153614	LTR/ERV1	3458	+	322	158153293	97522
chr7	87269057	87469057	harbor2	chr7	87288542	87289869	LTR/ERV1	9735	+	664	87289206	20149
chr7	87269057	87469057	harbor2	chr7	87326726	87327417	LTR/ERV1	4335	+	346	87327072	58015
chr7	87269057	87469057	harbor2	chr7	87331453	87332152	LTR/ERV1	4066	+	350	87331803	62746
chr7	127853166	128053166	harbor2	chr7	127880776	127881167	LTR/ERV1	1114	+	196	127880972	27806
chr7	127853166	128053166	harbor2	chr7	127881168	127881427	LTR/ERV1	1156	+	130	127881298	28132
chr7	127853166	128053166	harbor2	chr7	127912549	127912733	LTR/ERV1	700	+	92	127912641	59475
chr7	118164179	118364179	harbor2	chr7	118216067	118216153	LTR/ERV1	575	+	43	118216110	51931
chr7	118164179	118364179	harbor2	chr7	118216127	118216434	LTR/ERV1	1351	+	154	118216281	52102
chr7	118164179	118364179	harbor2	chr7	118216471	118217087	LTR/ERV1	1131	+	308	118216779	52600
chr7	127044070	127244070	harbor2	chr7	127087129	127087317	LTR/ERV1	572	+	94	127087223	43153
chr7	127044070	127244070	harbor2	chr7	127091076	127091286	LTR/ERV1	1239	+	105	127091181	47111
chr7	127044070	127244070	harbor2	chr7	127092151	127092310	LTR/ERV1	761	+	80	127092231	48161
chr7	102886072	103086072	harbor2	chr7	102941347	102941613	LTR/ERV1	1604	+	133	102941480	55408
chr7	102886072	103086072	harbor2	chr7	102973617	102974108	LTR/ERV1	19732	+	246	102973863	87791
chr7	102886072	103086072	harbor2	chr7	102974409	102977040	LTR/ERV1	19732	+	1316	102975725	89653
chr7	102886072	103086072	harbor2	chr7	102977032	102977649	LTR/ERV1	5506	+	308	102977340	91268
chr7	102886072	103086072	harbor2	chr7	102978120	102978321	LTR/ERV1	5506	+	100	102978220	92148
chr7	102886072	103086072	harbor2	chr7	102978322	102978728	LTR/ERV1	3032	+	203	102978525	92453
chr7	102886072	103086072	harbor2	chr7	102973210	102973616	LTR/ERV1	2980	+	203	102973413	87341
chr7	80873878	81073878	harbor2	chr7	80961851	80962293	LTR/ERV1	2441	+	221	80962072	88194
chr7	158554890	158754890	harbor2	chr7	158625988	158626154	LTR/ERV1	3778	+	83	158626071	71181
chr7	158554890	158754890	harbor2	chr7	158626446	158626973	LTR/ERV1	3778	+	264	158626710	71820
chr7	140788529	140988529	harbor2	chr7	140839348	140839448	LTR/ERV1	2657	+	50	140839398	50869
chr7	140788529	140988529	harbor2	chr7	140839760	140840215	LTR/ERV1	2657	+	228	140839988	51459
chr7	140788529	140988529	harbor2	chr7	140844051	140844245	LTR/ERV1	1504	+	97	140844148	55619
chr7	158734220	158934220	harbor2	chr7	158739674	158740202	LTR/ERV1	2318	+	264	158739938	5718
chr7	158734220	158934220	harbor2	chr7	158740210	158740388	LTR/ERV1	533	+	89	158740299	6079
chr7	158734220	158934220	harbor2	chr7	158809673	158810027	LTR/ERV1	1938	+	177	158809850	75630
chr7	158734220	158934220	harbor2	chr7	158817073	158817770	LTR/ERV1	1984	+	348	158817421	83201
chr7	92539694	92739694	harbor2	chr7	92546851	92547433	LTR/ERV1	2700	+	291	92547142	7448
chr7	92539694	92739694	harbor2	chr7	92547442	92547920	LTR/ERV1	2945	+	239	92547681	7987
chr7	92539694	92739694	harbor2	chr7	92585016	92585333	LTR/ERV1	841	+	158	92585174	45480
chr7	124184453	124384453	harbor2	chr7	124227239	124227490	LTR/ERV1	597	+	126	124227365	42912
chr7	124184453	124384453	harbor2	chr7	124261700	124262080	LTR/ERV1	1216	+	190	124261890	77437
chr7	81854431	82054431	harbor2	chr7	81901189	81901648	LTR/ERV1	3690	+	230	81901419	46988
chr7	119806471	120006471	harbor2	chr7	119833020	119833692	LTR/ERV1	3909	+	336	119833356	26885
chr7	157417194	157617194	harbor2	chr7	157476822	157477424	LTR/ERV1	2570	+	301	157477123	59929
chr7	157417194	157617194	harbor2	chr7	157516089	157516276	LTR/ERV1	1113	+	94	157516183	98989
chr7	150098792	150298792	harbor2	chr7	150150010	150150248	LTR/ERV1	845	+	119	150150129	51337
chr7	150098792	150298792	harbor2	chr7	150172167	150172206	LTR/ERV1	539	+	20	150172187	73395
chr7	150098792	150298792	harbor2	chr7	150174513	150174574	LTR/ERV1	539	+	30	150174543	75751
chr7	150098792	150298792	harbor2	chr7	150192703	150193178	LTR/ERV1	2438	+	238	150192941	94149
chr7	30513750	30713750	harbor2	chr7	30533487	30533640	LTR/ERV1	829	+	76	30533563	19813
chr7	30513750	30713750	harbor2	chr7	30567785	30568319	LTR/ERV1	3038	+	267	30568052	54302
chr7	30513750	30713750	harbor2	chr7	30568322	30569340	LTR/ERV1	4204	+	509	30568831	55081
chr7	30513750	30713750	harbor2	chr7	30569371	30570047	LTR/ERV1	4204	+	338	30569709	55959
chr7	30513750	30713750	harbor2	chr7	30570052	30570902	LTR/ERV1	4304	+	425	30570477	56727
chr7	30513750	30713750	harbor2	chr7	30570907	30571827	LTR/ERV1	3318	+	460	30571367	57617
chr7	30513750	30713750	harbor2	chr7	30572122	30572402	LTR/ERV1	3318	+	140	30572262	58512
chr7	30513750	30713750	harbor2	chr7	30579723	30579881	LTR/ERV1	1990	+	79	30579802	66052
chr7	30513750	30713750	harbor2	chr7	30580157	30580501	LTR/ERV1	1990	+	172	30580329	66579
chr7	30513750	30713750	harbor2	chr7	30581428	30584276	LTR/ERV1	15501	+	1424	30582852	69102
chr7	30513750	30713750	harbor2	chr7	30584288	30584961	LTR/ERV1	3331	+	336	30584624	70874
chr7	30513750	30713750	harbor2	chr7	30588863	30589216	LTR/ERV1	549	+	176	30589039	75289
chr7	148172927	148372927	harbor2	chr7	148226317	148227034	LTR/ERV1	4252	+	358	148226675	53748
chr7	152683854	152883854	harbor2	chr7	152697538	152698189	LTR/ERV1	4650	+	326	152697864	14010
chr7	152683854	152883854	harbor2	chr7	152704525	152705087	LTR/ERV1	2836	+	281	152704806	20952
chr7	152683854	152883854	harbor2	chr7	152711532	152711925	LTR/ERV1	2449	+	196	152711728	27874
chr7	152683854	152883854	harbor2	chr7	152724023	152724283	LTR/ERV1	891	+	130	152724153	40299
chr7	158993817	159193817	harbor2	chr7	159015974	159016683	LTR/ERV1	2850	+	354	159016328	22511
chr7	158993817	159193817	harbor2	chr7	159075343	159075490	LTR/ERV1	586	+	74	159075417	81600
chr7	158993817	159193817	harbor2	chr7	159076447	159076854	LTR/ERV1	468	+	204	159076651	82834
chr7	158993817	159193817	harbor2	chr7	159076918	159077286	LTR/ERV1	1006	+	184	159077102	83285
chr7	158993817	159193817	harbor2	chr7	159077794	159078394	LTR/ERV1	1876	+	300	159078094	84277
chr7	119531939	119731939	harbor2	chr7	119566189	119567161	LTR/ERV1	5946	+	486	119566675	34736
chr7	119531939	119731939	harbor2	chr7	119567147	119570200	LTR/ERV1	25557	+	1526	119568673	36734
chr7	119531939	119731939	harbor2	chr7	119570513	119570829	LTR/ERV1	2472	+	158	119570671	38732
chr7	119531939	119731939	harbor2	chr7	119572232	119573845	LTR/ERV1	6288	+	806	119573038	41099
chr7	119531939	119731939	harbor2	chr7	119570223	119570512	LTR/ERV1	2395	+	144	119570367	38428
chr7	157050152	157250152	harbor2	chr7	157093058	157093714	LTR/ERV1	4475	+	328	157093386	43234
chr7	157050152	157250152	harbor2	chr7	157094294	157094461	LTR/ERV1	4475	+	84	157094378	44226
chr7	157050152	157250152	harbor2	chr7	157094908	157095214	LTR/ERV1	1132	+	153	157095061	44909
chr7	157050152	157250152	harbor2	chr7	157095400	157095471	LTR/ERV1	898	+	36	157095436	45284
chr7	157050152	157250152	harbor2	chr7	157095776	157095877	LTR/ERV1	898	+	50	157095826	45674
chr7	157050152	157250152	harbor2	chr7	157099219	157099760	LTR/ERV1	1907	+	270	157099489	49337
chr7	157050152	157250152	harbor2	chr7	157107116	157107871	LTR/ERV1	4540	+	378	157107494	57342
chr7	157050152	157250152	harbor2	chr7	157110459	157110526	LTR/ERV1	1318	+	34	157110493	60341
chr7	157050152	157250152	harbor2	chr7	157110834	157111088	LTR/ERV1	1318	+	127	157110961	60809
chr7	114034524	114234524	harbor2	chr7	114049438	114049919	LTR/ERV1	2851	+	240	114049678	15154
chr7	114034524	114234524	harbor2	chr7	114048669	114049423	LTR/ERV1	2772	+	377	114049046	14522
chr7	82324291	82524291	harbor2	chr7	82354123	82354332	LTR/ERV1	685	+	104	82354227	29936
chr7	82324291	82524291	harbor2	chr7	82391963	82392676	LTR/ERV1	4073	+	356	82392319	68028
chr7	50014165	50214165	harbor2	chr7	50026580	50027249	LTR/ERV1	3053	+	334	50026914	12749
chr7	50014165	50214165	harbor2	chr7	50032847	50033678	LTR/ERV1	6428	+	416	50033263	19098
chr7	50014165	50214165	harbor2	chr7	50033993	50034895	LTR/ERV1	6428	+	451	50034444	20279
chr7	50014165	50214165	harbor2	chr7	50056667	50056903	LTR/ERV1	3943	+	118	50056785	42620
chr7	50014165	50214165	harbor2	chr7	50057205	50057542	LTR/ERV1	3943	+	168	50057373	43208
chr7	50014165	50214165	harbor2	chr7	50061642	50061785	LTR/ERV1	1054	+	72	50061714	47549
chr7	50014165	50214165	harbor2	chr7	50093877	50094404	LTR/ERV1	2729	+	264	50094141	79976
chr7	144050315	144250315	harbor2	chr7	144145393	144145771	LTR/ERV1	444	+	189	144145582	95267
chr8	142293187	142493187	harbor2	chr8	142328083	142328640	LTR/ERV1	2292	+	278	142328361	35174
chr8	142293187	142493187	harbor2	chr8	142333981	142334366	LTR/ERV1	2412	+	192	142334173	40986
chr8	142293187	142493187	harbor2	chr8	142391461	142391984	LTR/ERV1	2709	+	262	142391723	98536
chr8	122600489	122800489	harbor2	chr8	122683127	122683387	LTR/ERV1	877	+	130	122683257	82768
chr8	122600489	122800489	harbor2	chr8	122683590	122684033	LTR/ERV1	863	+	222	122683812	83323
chr8	132035604	132235604	harbor2	chr8	132072824	132073129	LTR/ERV1	690	+	152	132072976	37372
chr8	132035604	132235604	harbor2	chr8	132108592	132109007	LTR/ERV1	1774	+	208	132108800	73196
chr8	132035604	132235604	harbor2	chr8	132109384	132109537	LTR/ERV1	1774	+	76	132109460	73856
chr8	113615636	113815636	harbor2	chr8	113645765	113646284	LTR/ERV1	2256	+	260	113646025	30389
chr8	113615636	113815636	harbor2	chr8	113650825	113651536	LTR/ERV1	3316	+	356	113651181	35545
chr8	113615636	113815636	harbor2	chr8	113675915	113676852	LTR/ERV1	5418	+	468	113676383	60747
chr8	141386963	141586963	harbor2	chr8	141461328	141461754	LTR/ERV1	2347	+	213	141461541	74578
chr8	143901876	144101876	harbor2	chr8	143904764	143905037	LTR/ERV1	1922	+	136	143904900	3024
chr8	143901876	144101876	harbor2	chr8	143905197	143905331	LTR/ERV1	1922	+	67	143905264	3388
chr8	143901876	144101876	harbor2	chr8	143905630	143905709	LTR/ERV1	1922	+	40	143905670	3794
chr8	143901876	144101876	harbor2	chr8	143995654	143996178	LTR/ERV1	2220	+	262	143995916	94040
chr8	134772848	134972848	harbor2	chr8	134847317	134848252	LTR/ERV1	3841	+	468	134847785	74937
chr8	133345337	133545337	harbor2	chr8	133362687	133363046	LTR/ERV1	2045	+	180	133362867	17530
chr8	133345337	133545337	harbor2	chr8	133364552	133365002	LTR/ERV1	1622	+	225	133364777	19440
chr8	133345337	133545337	harbor2	chr8	133426737	133427370	LTR/ERV1	4643	+	316	133427053	81716
chr8	133345337	133545337	harbor2	chr8	133427604	133427993	LTR/ERV1	3183	+	194	133427798	82461
chr8	133345337	133545337	harbor2	chr8	133428278	133428373	LTR/ERV1	3183	+	48	133428326	82989
chr8	140300235	140500235	harbor2	chr8	140315253	140316426	LTR/ERV1	7323	+	586	140315839	15604
chr8	140300235	140500235	harbor2	chr8	140341218	140341648	LTR/ERV1	1775	+	215	140341433	41198
chr8	140300235	140500235	harbor2	chr8	140347420	140347790	LTR/ERV1	1406	+	185	140347605	47370
chr8	86233310	86433310	harbor2	chr8	86233296	86233393	LTR/ERV1	438	+	48	86233344	34
chr8	86233310	86433310	harbor2	chr8	86233379	86233607	LTR/ERV1	593	+	114	86233493	183
chr8	86233310	86433310	harbor2	chr8	86237637	86237877	LTR/ERV1	1099	+	120	86237757	4447
chr8	86233310	86433310	harbor2	chr8	86238334	86238576	LTR/ERV1	1076	+	121	86238455	5145
chr8	86233310	86433310	harbor2	chr8	86254150	86254664	LTR/ERV1	2630	+	257	86254407	21097
chr8	86233310	86433310	harbor2	chr8	86255038	86255360	LTR/ERV1	1210	+	161	86255199	21889
chr8	86233310	86433310	harbor2	chr8	86261126	86261533	LTR/ERV1	1880	+	204	86261330	28020
chr8	86233310	86433310	harbor2	chr8	86290616	86291156	LTR/ERV1	3097	+	270	86290886	57576
chr8	86233310	86433310	harbor2	chr8	86311343	86312174	LTR/ERV1	4085	+	416	86311759	78449
chr8	140979826	141179826	harbor2	chr8	140980656	140980752	LTR/ERV1	536	+	48	140980704	878
chr8	140979826	141179826	harbor2	chr8	140981060	140981098	LTR/ERV1	536	+	19	140981079	1253
chr8	140979826	141179826	harbor2	chr8	141076505	141078018	LTR/ERV1	10992	+	756	141077261	97435
chr8	101744124	101944124	harbor2	chr8	101796790	101797238	LTR/ERV1	3014	+	224	101797014	52890
chr8	101744124	101944124	harbor2	chr8	101816213	101816696	LTR/ERV1	1896	+	242	101816455	72331
chr8	111561014	111761014	harbor2	chr8	111565602	111566228	LTR/ERV1	2442	+	313	111565915	4901
chr8	111561014	111761014	harbor2	chr8	111642688	111644217	LTR/ERV1	10279	+	764	111643452	82438
chr8	98539176	98739176	harbor2	chr8	98551416	98551845	LTR/ERV1	2046	+	214	98551630	12454
chr8	143190853	143390853	harbor2	chr8	143198381	143198819	LTR/ERV1	2220	+	219	143198600	7747
chr8	143190853	143390853	harbor2	chr8	143199776	143199814	LTR/ERV1	414	+	19	143199795	8942
chr8	143190853	143390853	harbor2	chr8	143200117	143200209	LTR/ERV1	414	+	46	143200163	9310
chr8	143190853	143390853	harbor2	chr8	143200509	143200552	LTR/ERV1	414	+	22	143200531	9678
chr8	143190853	143390853	harbor2	chr8	143200601	143200763	LTR/ERV1	967	+	81	143200682	9829
chr8	143190853	143390853	harbor2	chr8	143201044	143201173	LTR/ERV1	967	+	64	143201108	10255
chr8	143190853	143390853	harbor2	chr8	143222239	143222777	LTR/ERV1	2138	+	269	143222508	31655
chr8	143190853	143390853	harbor2	chr8	143223393	143223886	LTR/ERV1	2599	+	246	143223639	32786
chr8	143190853	143390853	harbor2	chr8	143224188	143224331	LTR/ERV1	2599	+	72	143224260	33407
chr8	17678203	17878203	harbor2	chr8	17744833	17745120	LTR/ERV1	1711	+	144	17744977	66774
chr8	17678203	17878203	harbor2	chr8	17747460	17747735	LTR/ERV1	1827	+	138	17747598	69395
chr8	17678203	17878203	harbor2	chr8	17748202	17748780	LTR/ERV1	2542	+	289	17748491	70288
chr8	17678203	17878203	harbor2	chr8	17748989	17749376	LTR/ERV1	3236	+	194	17749183	70980
chr8	17678203	17878203	harbor2	chr8	17749689	17749928	LTR/ERV1	3236	+	120	17749809	71606
chr8	17678203	17878203	harbor2	chr8	17743822	17744427	LTR/ERV1	4008	+	302	17744124	65921
chr8	125735247	125935247	harbor2	chr8	125735169	125735583	LTR/ERV1	3976	+	207	125735376	129
chr8	125735247	125935247	harbor2	chr8	125750118	125750579	LTR/ERV1	1640	+	230	125750348	15101
chr8	125735247	125935247	harbor2	chr8	125784653	125785429	LTR/ERV1	4799	+	388	125785041	49794
chr8	125735247	125935247	harbor2	chr8	125805268	125806180	LTR/ERV1	5496	+	456	125805724	70477
chr8	125735247	125935247	harbor2	chr8	125809471	125809858	LTR/ERV1	2498	+	194	125809665	74418
chr8	73964926	74164926	harbor2	chr8	74030534	74030708	LTR/ERV1	1224	+	87	74030621	65695
chr8	73964926	74164926	harbor2	chr8	74030711	74031194	LTR/ERV1	2795	+	242	74030953	66027
chr8	73964926	74164926	harbor2	chr8	74031195	74031290	LTR/ERV1	432	+	48	74031243	66317
chr8	73964926	74164926	harbor2	chr8	74031305	74031346	LTR/ERV1	719	+	20	74031325	66399
chr8	73964926	74164926	harbor2	chr8	74031650	74031740	LTR/ERV1	719	+	45	74031695	66769
chr8	73964926	74164926	harbor2	chr8	74031728	74031842	LTR/ERV1	5005	+	57	74031785	66859
chr8	73964926	74164926	harbor2	chr8	74032155	74032264	LTR/ERV1	5005	+	54	74032209	67283
chr8	73964926	74164926	harbor2	chr8	74032265	74032701	LTR/ERV1	3144	+	218	74032483	67557
chr8	73964926	74164926	harbor2	chr8	74032702	74033484	LTR/ERV1	5005	+	391	74033093	68167
chr8	73964926	74164926	harbor2	chr8	74033483	74034090	LTR/ERV1	8444	+	304	74033787	68861
chr8	73964926	74164926	harbor2	chr8	74034387	74035468	LTR/ERV1	8444	+	540	74034927	70001
chr8	73964926	74164926	harbor2	chr8	74035469	74036087	LTR/ERV1	4116	+	309	74035778	70852
chr8	73964926	74164926	harbor2	chr8	74036095	74036789	LTR/ERV1	3409	+	347	74036442	71516
chr8	134671447	134871447	harbor2	chr8	134689045	134689442	LTR/ERV1	1653	+	198	134689243	17796
chr8	134671447	134871447	harbor2	chr8	134710213	134710554	LTR/ERV1	669	+	170	134710383	38936
chr8	140406158	140606158	harbor2	chr8	140433762	140434263	LTR/ERV1	1650	+	250	140434012	27854
chr8	140406158	140606158	harbor2	chr8	140465771	140465904	LTR/ERV1	541	+	66	140465837	59679
chr8	140406158	140606158	harbor2	chr8	140466120	140466426	LTR/ERV1	1581	+	153	140466273	60115
chr8	140406158	140606158	harbor2	chr8	140492508	140492611	LTR/ERV1	2299	+	52	140492560	86402
chr8	140406158	140606158	harbor2	chr8	140492899	140493268	LTR/ERV1	2299	+	184	140493083	86925
chr8	128547797	128747797	harbor2	chr8	128594316	128594954	LTR/ERV1	3103	+	319	128594635	46838
chr8	113764596	113964596	harbor2	chr8	113764438	113765004	LTR/ERV1	1640	+	283	113764721	125
chr8	113764596	113964596	harbor2	chr8	113775732	113776283	LTR/ERV1	2308	+	276	113776008	11412
chr8	113764596	113964596	harbor2	chr8	113838462	113838778	LTR/ERV1	763	+	158	113838620	74024
chr8	113764596	113964596	harbor2	chr8	113839105	113839222	LTR/ERV1	465	+	58	113839163	74567
chr8	113764596	113964596	harbor2	chr8	113859097	113859514	LTR/ERV1	2404	+	208	113859305	94709
chr8	113764596	113964596	harbor2	chr8	113859607	113860140	LTR/ERV1	2956	+	266	113859873	95277
chr8	63433934	63633934	harbor2	chr8	63497054	63497454	LTR/ERV1	2593	+	200	63497254	63320
chr8	63433934	63633934	harbor2	chr8	63511257	63511736	LTR/ERV1	3119	+	240	63511497	77563
chr8	118248287	118448287	harbor2	chr8	118318747	118319402	LTR/ERV1	660	+	328	118319075	70788
chr8	91674303	91874303	harbor2	chr8	91721821	91722539	LTR/ERV1	3239	+	359	91722180	47877
chr8	143913192	144113192	harbor2	chr8	143995654	143996178	LTR/ERV1	2220	+	262	143995916	82724
chr8	126079079	126279079	harbor2	chr8	126141875	126142325	LTR/ERV1	3310	+	225	126142100	63021
chr8	115240895	115440895	harbor2	chr8	115241618	115242138	LTR/ERV1	2285	+	260	115241878	983
chr8	115240895	115440895	harbor2	chr8	115299052	115299586	LTR/ERV1	1922	+	267	115299319	58424
chr8	115240895	115440895	harbor2	chr8	115335730	115335906	LTR/ERV1	391	+	88	115335818	94923
chr8	57353890	57553890	harbor2	chr8	57366532	57366898	LTR/ERV1	2080	+	183	57366715	12825
chr8	57353890	57553890	harbor2	chr8	57366901	57368635	LTR/ERV1	6108	+	867	57367768	13878
chr8	57353890	57553890	harbor2	chr8	57368631	57371483	LTR/ERV1	16244	+	1426	57370057	16167
chr8	57353890	57553890	harbor2	chr8	57371529	57371809	LTR/ERV1	16244	+	140	57371669	17779
chr8	57353890	57553890	harbor2	chr8	57371811	57372124	LTR/ERV1	2247	+	156	57371967	18077
chr8	57353890	57553890	harbor2	chr8	57372125	57372856	LTR/ERV1	3829	+	366	57372491	18601
chr8	57353890	57553890	harbor2	chr8	57381670	57382108	LTR/ERV1	2430	+	219	57381889	27999
chr8	57353890	57553890	harbor2	chr8	57387693	57388392	LTR/ERV1	3966	+	350	57388043	34153
chr8	57353890	57553890	harbor2	chr8	57390769	57391200	LTR/ERV1	3020	+	216	57390985	37095
chr8	57353890	57553890	harbor2	chr8	57400612	57401306	LTR/ERV1	3888	+	347	57400959	47069
chr8	57353890	57553890	harbor2	chr8	57402281	57402869	LTR/ERV1	3582	+	294	57402575	48685
chr8	57353890	57553890	harbor2	chr8	57405873	57405987	LTR/ERV1	642	+	57	57405930	52040
chr8	120809838	121009838	harbor2	chr8	120858957	120859439	LTR/ERV1	907	+	241	120859198	49360
chr8	136521926	136721926	harbor2	chr8	136534055	136534473	LTR/ERV1	4395	+	209	136534264	12338
chr8	136521926	136721926	harbor2	chr8	136534766	136535221	LTR/ERV1	4395	+	228	136534994	13068
chr8	136521926	136721926	harbor2	chr8	136535743	136536508	LTR/ERV1	5528	+	382	136536125	14199
chr8	143624587	143824587	harbor2	chr8	143675468	143677606	LTR/ERV1	21923	+	1069	143676537	51950
chr8	143624587	143824587	harbor2	chr8	143677903	143678275	LTR/ERV1	21923	+	186	143678089	53502
chr8	143624587	143824587	harbor2	chr8	143678581	143679000	LTR/ERV1	21923	+	210	143678791	54204
chr8	143624587	143824587	harbor2	chr8	143679082	143679501	LTR/ERV1	21923	+	210	143679292	54705
chr8	143624587	143824587	harbor2	chr8	143679817	143679941	LTR/ERV1	21923	+	62	143679879	55292
chr8	143624587	143824587	harbor2	chr8	143679942	143680387	LTR/ERV1	3490	+	222	143680164	55577
chr8	143624587	143824587	harbor2	chr8	143682453	143682630	LTR/ERV1	1037	+	88	143682541	57954
chr8	143624587	143824587	harbor2	chr8	143682938	143682976	LTR/ERV1	1037	+	19	143682957	58370
chr8	143624587	143824587	harbor2	chr8	143701001	143701109	LTR/ERV1	406	+	54	143701055	76468
chr8	143624587	143824587	harbor2	chr8	143701422	143701568	LTR/ERV1	406	+	73	143701495	76908
chr8	143624587	143824587	harbor2	chr8	143709008	143709573	LTR/ERV1	3146	+	282	143709290	84703
chr8	58008491	58208491	harbor2	chr8	58011141	58011750	LTR/ERV1	2776	+	304	58011445	2954
chr8	136964841	137164841	harbor2	chr8	137010762	137010869	LTR/ERV1	508	+	54	137010816	45975
chr8	141052174	141252174	harbor2	chr8	141076505	141078018	LTR/ERV1	10992	+	756	141077261	25087
chr8	141052174	141252174	harbor2	chr8	141105277	141105341	LTR/ERV1	2377	+	32	141105309	53135
chr8	141052174	141252174	harbor2	chr8	141105644	141106026	LTR/ERV1	2377	+	191	141105835	53661
chr8	141052174	141252174	harbor2	chr8	141144363	141144522	LTR/ERV1	773	+	80	141144443	92269
chr8	141052174	141252174	harbor2	chr8	141144552	141145534	LTR/ERV1	4006	+	491	141145043	92869
chr8	87725827	87925827	harbor2	chr8	87750746	87751254	LTR/ERV1	4215	+	254	87751000	25173
chr8	87725827	87925827	harbor2	chr8	87752303	87752518	LTR/ERV1	4215	+	108	87752411	26584
chr8	87725827	87925827	harbor2	chr8	87756406	87756580	LTR/ERV1	1681	+	87	87756493	30666
chr8	87725827	87925827	harbor2	chr8	87756877	87757260	LTR/ERV1	1681	+	192	87757069	31242
chr8	87725827	87925827	harbor2	chr8	87820653	87821849	LTR/ERV1	7907	+	598	87821251	95424
chr8	115380708	115580708	harbor2	chr8	115400298	115400735	LTR/ERV1	638	+	218	115400516	19808
chr8	134843472	135043472	harbor2	chr8	134847317	134848252	LTR/ERV1	3841	+	468	134847785	4313
chr8	134843472	135043472	harbor2	chr8	134923553	134924014	LTR/ERV1	3315	+	230	134923783	80311
chr8	129924847	130124847	harbor2	chr8	129934485	129935129	LTR/ERV1	4718	+	322	129934807	9960
chr8	127241927	127441927	harbor2	chr8	127272463	127273089	LTR/ERV1	3939	+	313	127272776	30849
chr8	35888755	36088755	harbor2	chr8	35926802	35927199	LTR/ERV1	507	+	198	35927000	38245
chr8	35888755	36088755	harbor2	chr8	35932066	35932524	LTR/ERV1	3087	+	229	35932295	43540
chr8	35888755	36088755	harbor2	chr8	35932525	35936286	LTR/ERV1	19052	+	1880	35934405	45650
chr8	35888755	36088755	harbor2	chr8	35936284	35938069	LTR/ERV1	7440	+	892	35937176	48421
chr8	35888755	36088755	harbor2	chr8	35938068	35938842	LTR/ERV1	5642	+	387	35938455	49700
chr8	35888755	36088755	harbor2	chr8	35938843	35939361	LTR/ERV1	3080	+	259	35939102	50347
chr8	35888755	36088755	harbor2	chr8	35951628	35952014	LTR/ERV1	1313	+	193	35951821	63066
chr8	35888755	36088755	harbor2	chr8	35952015	35953668	LTR/ERV1	42534	+	826	35952841	64086
chr8	35888755	36088755	harbor2	chr8	35953723	35959814	LTR/ERV1	42534	+	3046	35956769	68014
chr8	35888755	36088755	harbor2	chr8	35959818	35960233	LTR/ERV1	1312	+	208	35960026	71271
chr8	88377779	88577779	harbor2	chr8	88382561	88382974	LTR/ERV1	1294	+	206	88382767	4988
chr8	88377779	88577779	harbor2	chr8	88422572	88423032	LTR/ERV1	2553	+	230	88422802	45023
chr8	88377779	88577779	harbor2	chr8	88425012	88425714	LTR/ERV1	3248	+	351	88425363	47584
chr8	126466380	126666380	harbor2	chr8	126466974	126467591	LTR/ERV1	4256	+	308	126467282	902
chr8	126466380	126666380	harbor2	chr8	126472826	126473178	LTR/ERV1	2555	+	176	126473002	6622
chr8	126466380	126666380	harbor2	chr8	126473491	126473578	LTR/ERV1	2555	+	44	126473535	7155
chr8	126466380	126666380	harbor2	chr8	126518720	126519060	LTR/ERV1	368	+	170	126518890	52510
chr8	126466380	126666380	harbor2	chr8	126519371	126519536	LTR/ERV1	368	+	82	126519453	53073
chr8	126466380	126666380	harbor2	chr8	126534107	126534722	LTR/ERV1	3608	+	308	126534415	68035
chr8	84922072	85122072	harbor2	chr8	84935894	84936317	LTR/ERV1	2325	+	212	84936106	14034
chr8	84922072	85122072	harbor2	chr8	84936318	84938135	LTR/ERV1	7769	+	908	84937226	15154
chr8	84922072	85122072	harbor2	chr8	84938515	84938961	LTR/ERV1	7769	+	223	84938738	16666
chr8	84922072	85122072	harbor2	chr8	84938944	84939928	LTR/ERV1	23357	+	492	84939436	17364
chr8	84922072	85122072	harbor2	chr8	84940239	84943309	LTR/ERV1	23357	+	1535	84941774	19702
chr8	84922072	85122072	harbor2	chr8	84943310	84943534	LTR/ERV1	2314	+	112	84943422	21350
chr8	84922072	85122072	harbor2	chr8	84943833	84943978	LTR/ERV1	2314	+	72	84943905	21833
chr8	123845879	124045879	harbor2	chr8	123886899	123887325	LTR/ERV1	2299	+	213	123887112	41233
chr8	123845879	124045879	harbor2	chr8	123887326	123887699	LTR/ERV1	2034	+	186	123887512	41633
chr8	123845879	124045879	harbor2	chr8	123887687	123887799	LTR/ERV1	511	+	56	123887743	41864
chr8	123845879	124045879	harbor2	chr8	123887796	123887977	LTR/ERV1	1258	+	90	123887886	42007
chr8	123845879	124045879	harbor2	chr8	123888039	123888112	LTR/ERV1	5668	+	36	123888075	42196
chr8	123845879	124045879	harbor2	chr8	123888417	123888528	LTR/ERV1	30076	+	56	123888473	42594
chr8	123845879	124045879	harbor2	chr8	123888555	123892293	LTR/ERV1	30076	+	1869	123890424	44545
chr8	123845879	124045879	harbor2	chr8	123892591	123893958	LTR/ERV1	30076	+	684	123893275	47396
chr8	123845879	124045879	harbor2	chr8	123893958	123894047	LTR/ERV1	574	+	44	123894002	48123
chr8	123845879	124045879	harbor2	chr8	123894049	123894475	LTR/ERV1	2320	+	213	123894262	48383
chr8	68854144	69054144	harbor2	chr8	68868147	68868821	LTR/ERV1	3654	+	337	68868484	14340
chr8	68854144	69054144	harbor2	chr8	68920240	68920742	LTR/ERV1	1965	+	251	68920491	66347
chr8	68854144	69054144	harbor2	chr8	68922941	68923688	LTR/ERV1	4482	+	374	68923315	69171
chr8	68854144	69054144	harbor2	chr8	68937679	68937962	LTR/ERV1	1473	+	142	68937821	83677
chr8	68854144	69054144	harbor2	chr8	68938002	68938205	LTR/ERV1	1473	+	102	68938104	83960
chr8	121559789	121759789	harbor2	chr8	121583707	121584029	LTR/ERV1	3808	+	161	121583868	24079
chr8	121559789	121759789	harbor2	chr8	121584340	121584590	LTR/ERV1	3808	+	125	121584465	24676
chr8	113201809	113401809	harbor2	chr8	113236088	113236442	LTR/ERV1	1318	+	177	113236265	34456
chr8	113201809	113401809	harbor2	chr8	113254164	113254591	LTR/ERV1	2248	+	214	113254378	52569
chr8	142564947	142764947	harbor2	chr8	142594052	142594179	LTR/ERV1	395	+	64	142594116	29169
chr8	142564947	142764947	harbor2	chr8	142646193	142646409	LTR/ERV1	833	+	108	142646301	81354
chr8	142564947	142764947	harbor2	chr8	142653039	142653387	LTR/ERV1	3528	+	174	142653213	88266
chr8	142564947	142764947	harbor2	chr8	142653677	142654028	LTR/ERV1	3528	+	176	142653853	88906
chr8	130478667	130678667	harbor2	chr8	130563034	130563174	LTR/ERV1	572	+	70	130563104	84437
chr8	130478667	130678667	harbor2	chr8	130563303	130563550	LTR/ERV1	530	+	124	130563427	84760
chr8	33191056	33391056	harbor2	chr8	33191334	33191547	LTR/ERV1	657	+	106	33191440	384
chr8	33191056	33391056	harbor2	chr8	33266407	33266789	LTR/ERV1	547	+	191	33266598	75542
chr8	33191056	33391056	harbor2	chr8	33267216	33267614	LTR/ERV1	1276	+	199	33267415	76359
chr8	69915173	70115173	harbor2	chr8	69951329	69951715	LTR/ERV1	2368	+	193	69951522	36349
chr8	69915173	70115173	harbor2	chr8	69990234	69990737	LTR/ERV1	2604	+	252	69990486	75313
chr8	86159278	86359278	harbor2	chr8	86195662	86195784	LTR/ERV1	535	+	61	86195723	36445
chr8	86159278	86359278	harbor2	chr8	86233296	86233393	LTR/ERV1	438	+	48	86233344	74066
chr8	86159278	86359278	harbor2	chr8	86233379	86233607	LTR/ERV1	593	+	114	86233493	74215
chr8	86159278	86359278	harbor2	chr8	86237637	86237877	LTR/ERV1	1099	+	120	86237757	78479
chr8	86159278	86359278	harbor2	chr8	86238334	86238576	LTR/ERV1	1076	+	121	86238455	79177
chr8	86159278	86359278	harbor2	chr8	86254150	86254664	LTR/ERV1	2630	+	257	86254407	95129
chr8	86159278	86359278	harbor2	chr8	86255038	86255360	LTR/ERV1	1210	+	161	86255199	95921
chr8	52009409	52209409	harbor2	chr8	52091697	52092005	LTR/ERV1	1171	+	154	52091851	82442
chr8	52009409	52209409	harbor2	chr8	52092038	52092359	LTR/ERV1	3099	+	160	52092198	82789
chr8	52009409	52209409	harbor2	chr8	52092982	52093408	LTR/ERV1	3099	+	213	52093195	83786
chr8	143773224	143973224	harbor2	chr8	143846452	143846922	LTR/ERV1	1956	+	235	143846687	73463
chr8	51331166	51531166	harbor2	chr8	51360599	51360984	LTR/ERV1	2395	+	192	51360791	29625
chr8	51331166	51531166	harbor2	chr8	51360985	51361679	LTR/ERV1	7608	+	347	51361332	30166
chr8	51331166	51531166	harbor2	chr8	51361966	51363285	LTR/ERV1	7608	+	660	51362626	31460
chr8	51331166	51531166	harbor2	chr8	51365238	51366134	LTR/ERV1	11924	+	448	51365686	34520
chr8	51331166	51531166	harbor2	chr8	51366135	51366510	LTR/ERV1	2036	+	188	51366323	35157
chr8	51331166	51531166	harbor2	chr8	51377329	51378976	LTR/ERV1	10167	+	824	51378153	46987
chr8	51331166	51531166	harbor2	chr8	51430319	51430713	LTR/ERV1	2272	+	197	51430516	99350
chr8	51331166	51531166	harbor2	chr8	51363785	51364930	LTR/ERV1	11924	+	572	51364357	33191
chr8	74785289	74985289	harbor2	chr8	74807351	74807901	LTR/ERV1	4078	+	275	74807626	22337
chr8	74785289	74985289	harbor2	chr8	74807910	74808616	LTR/ERV1	3551	+	353	74808263	22974
chr8	74785289	74985289	harbor2	chr8	74809161	74809890	LTR/ERV1	4145	+	364	74809525	24236
chr8	139754752	139954752	harbor2	chr8	139760472	139760688	LTR/ERV1	571	+	108	139760580	5828
chr8	86118807	86318807	harbor2	chr8	86195662	86195784	LTR/ERV1	535	+	61	86195723	76916
chr8	69327043	69527043	harbor2	chr8	69339005	69339447	LTR/ERV1	707	+	221	69339226	12183
chr8	69327043	69527043	harbor2	chr8	69360961	69361238	LTR/ERV1	1974	+	138	69361099	34056
chr8	69327043	69527043	harbor2	chr8	69361827	69362134	LTR/ERV1	1974	+	154	69361981	34938
chr8	69327043	69527043	harbor2	chr8	69368501	69368729	LTR/ERV1	1461	+	114	69368615	41572
chr8	126552234	126752234	harbor2	chr8	126567212	126567676	LTR/ERV1	3044	+	232	126567444	15210
chr8	126552234	126752234	harbor2	chr8	126568198	126568305	LTR/ERV1	744	+	54	126568252	16018
chr8	126552234	126752234	harbor2	chr8	126580959	126581692	LTR/ERV1	5683	+	366	126581325	29091
chr8	126552234	126752234	harbor2	chr8	126613553	126613600	LTR/ERV1	540	+	24	126613577	61343
chr8	126552234	126752234	harbor2	chr8	126613973	126614192	LTR/ERV1	540	+	110	126614083	61849
chr8	126552234	126752234	harbor2	chr8	126620837	126621599	LTR/ERV1	4547	+	381	126621218	68984
chr8	82520946	82720946	harbor2	chr8	82536849	82536968	LTR/ERV1	420	+	60	82536909	15963
chr8	134294299	134494299	harbor2	chr8	134378093	134378503	LTR/ERV1	4345	+	205	134378298	83999
chr8	134294299	134494299	harbor2	chr8	134379373	134379675	LTR/ERV1	4345	+	151	134379524	85225
chr8	144726723	144926723	harbor2	chr8	144755894	144756122	LTR/ERV1	957	+	114	144756008	29285
chr8	144726723	144926723	harbor2	chr8	144756299	144756393	LTR/ERV1	548	+	47	144756346	29623
chr8	144726723	144926723	harbor2	chr8	144810769	144811109	LTR/ERV1	1089	+	170	144810939	84216
chr8	142888574	143088574	harbor2	chr8	142907152	142907648	LTR/ERV1	2525	+	248	142907400	18826
chr8	142888574	143088574	harbor2	chr8	142958887	142959238	LTR/ERV1	1701	+	176	142959063	70489
chr8	142888574	143088574	harbor2	chr8	142959226	142959296	LTR/ERV1	650	+	35	142959261	70687
chr8	142888574	143088574	harbor2	chr8	142959297	142960879	LTR/ERV1	11013	+	791	142960088	71514
chr8	142888574	143088574	harbor2	chr8	142960880	142960949	LTR/ERV1	650	+	34	142960914	72340
chr8	142888574	143088574	harbor2	chr8	142960993	142962730	LTR/ERV1	12599	+	868	142961861	73287
chr8	142888574	143088574	harbor2	chr8	142963046	142964082	LTR/ERV1	12599	+	518	142963564	74990
chr8	142888574	143088574	harbor2	chr8	142965165	142965633	LTR/ERV1	12599	+	234	142965399	76825
chr8	142888574	143088574	harbor2	chr8	142965634	142966057	LTR/ERV1	3890	+	212	142965846	77272
chr8	142888574	143088574	harbor2	chr8	142966367	142966487	LTR/ERV1	3890	+	60	142966427	77853
chr8	142888574	143088574	harbor2	chr8	142973058	142973545	LTR/ERV1	2612	+	244	142973302	84728
chr8	142888574	143088574	harbor2	chr8	142966508	142966886	LTR/ERV1	2299	+	189	142966697	78123
chr8	115704589	115904589	harbor2	chr8	115709936	115710372	LTR/ERV1	2467	+	218	115710154	5565
chr8	59999989	60199989	harbor2	chr8	59999683	60000000	LTR/ERV1	1839	+	158	59999841	148
chr8	59999989	60199989	harbor2	chr8	60000001	60001136	LTR/ERV1	7041	+	568	60000569	580
chr8	80707940	80907940	harbor2	chr8	80742570	80742863	LTR/ERV1	2193	+	146	80742716	34776
chr8	80707940	80907940	harbor2	chr8	80742865	80743192	LTR/ERV1	2510	+	164	80743029	35089
chr8	80707940	80907940	harbor2	chr8	80739716	80742545	LTR/ERV1	22639	+	1414	80741130	33190
chr8	120940536	121140536	harbor2	chr8	120956255	120956640	LTR/ERV1	2343	+	192	120956447	15911
chr8	120940536	121140536	harbor2	chr8	120957035	120957231	LTR/ERV1	449	+	98	120957133	16597
chr8	120940536	121140536	harbor2	chr8	121019535	121019710	LTR/ERV1	527	+	88	121019623	79087
chr8	138577387	138777387	harbor2	chr8	138639552	138640328	LTR/ERV1	3712	+	388	138639940	62553
chr8	138577387	138777387	harbor2	chr8	138644442	138644544	LTR/ERV1	661	+	51	138644493	67106
chr8	138577387	138777387	harbor2	chr8	138644540	138644953	LTR/ERV1	2279	+	206	138644746	67359
chr8	138577387	138777387	harbor2	chr8	138644954	138645539	LTR/ERV1	4082	+	292	138645246	67859
chr8	138577387	138777387	harbor2	chr8	138648410	138649099	LTR/ERV1	3606	+	344	138648754	71367
chr8	134103965	134303965	harbor2	chr8	134113634	134114305	LTR/ERV1	2759	+	336	134113970	10005
chr8	142974531	143174531	harbor2	chr8	142991580	142992035	LTR/ERV1	1132	+	228	142991808	17277
chr8	142974531	143174531	harbor2	chr8	142992528	142992845	LTR/ERV1	1518	+	158	142992686	18155
chr8	142974531	143174531	harbor2	chr8	143012539	143012710	LTR/ERV1	624	+	86	143012625	38094
chr8	142974531	143174531	harbor2	chr8	143013063	143013336	LTR/ERV1	970	+	136	143013199	38668
chr8	142974531	143174531	harbor2	chr8	143031416	143031788	LTR/ERV1	1374	+	186	143031602	57071
chr8	142974531	143174531	harbor2	chr8	143031788	143031804	LTR/ERV1	1147	+	8	143031796	57265
chr8	142974531	143174531	harbor2	chr8	143032469	143032701	LTR/ERV1	1147	+	116	143032585	58054
chr8	142974531	143174531	harbor2	chr8	143032712	143032951	LTR/ERV1	597	+	120	143032832	58301
chr8	142974531	143174531	harbor2	chr8	143035572	143036097	LTR/ERV1	1415	+	262	143035834	61303
chr8	142974531	143174531	harbor2	chr8	143037292	143037461	LTR/ERV1	971	+	84	143037376	62845
chr8	142974531	143174531	harbor2	chr8	143039025	143039470	LTR/ERV1	1067	+	222	143039247	64716
chr8	142974531	143174531	harbor2	chr8	143046260	143046295	LTR/ERV1	1155	+	18	143046278	71747
chr8	142974531	143174531	harbor2	chr8	143046596	143046722	LTR/ERV1	1155	+	63	143046659	72128
chr8	142974531	143174531	harbor2	chr8	143047032	143047145	LTR/ERV1	1155	+	56	143047088	72557
chr8	142974531	143174531	harbor2	chr8	143047465	143048063	LTR/ERV1	3826	+	299	143047764	73233
chr8	142974531	143174531	harbor2	chr8	143048905	143049309	LTR/ERV1	1523	+	202	143049107	74576
chr8	142974531	143174531	harbor2	chr8	143050063	143050176	LTR/ERV1	1620	+	56	143050119	75588
chr8	142974531	143174531	harbor2	chr8	143050481	143051280	LTR/ERV1	1620	+	400	143050881	76350
chr8	142974531	143174531	harbor2	chr8	143051569	143051690	LTR/ERV1	1620	+	60	143051629	77098
chr8	142974531	143174531	harbor2	chr8	143052293	143053296	LTR/ERV1	1620	+	502	143052795	78264
chr8	142974531	143174531	harbor2	chr8	143053274	143053798	LTR/ERV1	1298	+	262	143053536	79005
chr8	142974531	143174531	harbor2	chr8	143054337	143054433	LTR/ERV1	424	+	48	143054385	79854
chr8	142974531	143174531	harbor2	chr8	143054498	143055195	LTR/ERV1	2891	+	348	143054846	80315
chr8	142974531	143174531	harbor2	chr8	143069252	143069838	LTR/ERV1	3143	+	293	143069545	95014
chr8	141411682	141611682	harbor2	chr8	141461328	141461754	LTR/ERV1	2347	+	213	141461541	49859
chr8	141411682	141611682	harbor2	chr8	141503296	141503729	LTR/ERV1	2139	+	216	141503512	91830
chr8	141411682	141611682	harbor2	chr8	141504040	141504062	LTR/ERV1	2139	+	11	141504051	92369
chr8	133622265	133822265	harbor2	chr8	133624223	133624681	LTR/ERV1	3274	+	229	133624452	2187
chr8	104735627	104935627	harbor2	chr8	104736408	104736843	LTR/ERV1	4291	+	218	104736626	999
chr8	104735627	104935627	harbor2	chr8	104737141	104737258	LTR/ERV1	4291	+	58	104737199	1572
chr8	104735627	104935627	harbor2	chr8	104772088	104772603	LTR/ERV1	821	+	258	104772346	36719
chr8	110689105	110889105	harbor2	chr8	110686409	110689319	LTR/ERV1	27347	+	1455	110687864	1241
chr8	110689105	110889105	harbor2	chr8	110689625	110690155	LTR/ERV1	27347	+	265	110689890	785
chr8	110689105	110889105	harbor2	chr8	110690767	110692077	LTR/ERV1	27347	+	655	110691422	2317
chr8	110689105	110889105	harbor2	chr8	110692103	110692542	LTR/ERV1	2124	+	220	110692323	3218
chr8	110689105	110889105	harbor2	chr8	110696667	110697460	LTR/ERV1	4904	+	396	110697063	7958
chr8	110689105	110889105	harbor2	chr8	110708269	110708675	LTR/ERV1	2124	+	203	110708472	19367
chr8	115304157	115504157	harbor2	chr8	115335730	115335906	LTR/ERV1	391	+	88	115335818	31661
chr8	115304157	115504157	harbor2	chr8	115400298	115400735	LTR/ERV1	638	+	218	115400516	96359
chr8	102206885	102406885	harbor2	chr8	102227954	102228861	LTR/ERV1	5638	+	454	102228408	21523
chr8	118467950	118667950	harbor2	chr8	118493632	118494074	LTR/ERV1	2248	+	221	118493853	25903
chr8	137729452	137929452	harbor2	chr8	137737278	137737739	LTR/ERV1	2747	+	230	137737508	8056
chr8	137729452	137929452	harbor2	chr8	137740700	137741578	LTR/ERV1	4985	+	439	137741139	11687
chr8	112310389	112510389	harbor2	chr8	112329199	112329691	LTR/ERV1	1438	+	246	112329445	19056
chr8	112310389	112510389	harbor2	chr8	112338980	112339616	LTR/ERV1	3362	+	318	112339298	28909
chr8	67620856	67820856	harbor2	chr8	67630552	67632063	LTR/ERV1	10748	+	756	67631308	10452
chr8	67620856	67820856	harbor2	chr8	67645915	67646486	LTR/ERV1	3183	+	286	67646201	25345
chr8	67620856	67820856	harbor2	chr8	67647510	67648103	LTR/ERV1	2428	+	296	67647806	26950
chr8	67620856	67820856	harbor2	chr8	67684677	67685141	LTR/ERV1	2655	+	232	67684909	64053
chr8	67620856	67820856	harbor2	chr8	67702016	67702174	LTR/ERV1	1000	+	79	67702095	81239
chr8	67620856	67820856	harbor2	chr8	67702374	67703079	LTR/ERV1	4292	+	352	67702726	81870
chr8	67620856	67820856	harbor2	chr8	67703081	67703932	LTR/ERV1	5000	+	426	67703507	82651
chr8	67620856	67820856	harbor2	chr8	67703951	67704106	LTR/ERV1	935	+	78	67704029	83173
chr8	67620856	67820856	harbor2	chr8	67704177	67704903	LTR/ERV1	4453	+	363	67704540	83684
chr8	67620856	67820856	harbor2	chr8	67704894	67705328	LTR/ERV1	2268	+	217	67705111	84255
chr8	67620856	67820856	harbor2	chr8	67705405	67707626	LTR/ERV1	13887	+	1110	67706515	85659
chr8	67620856	67820856	harbor2	chr8	67707930	67708510	LTR/ERV1	13887	+	290	67708220	87364
chr8	67620856	67820856	harbor2	chr8	67708509	67708822	LTR/ERV1	2084	+	156	67708665	87809
chr8	67620856	67820856	harbor2	chr8	67708823	67709490	LTR/ERV1	3423	+	334	67709157	88301
chr8	67620856	67820856	harbor2	chr8	67716191	67716329	LTR/ERV1	936	+	69	67716260	95404
chr8	117277292	117477292	harbor2	chr8	117282376	117283126	LTR/ERV1	4383	+	375	117282751	5459
chr8	117277292	117477292	harbor2	chr8	117366642	117367043	LTR/ERV1	2476	+	200	117366842	89550
chr8	134352370	134552370	harbor2	chr8	134378093	134378503	LTR/ERV1	4345	+	205	134378298	25928
chr8	134352370	134552370	harbor2	chr8	134379373	134379675	LTR/ERV1	4345	+	151	134379524	27154
chr8	134352370	134552370	harbor2	chr8	134449951	134450803	LTR/ERV1	5256	+	426	134450377	98007
chr8	54811819	55011819	harbor2	chr8	54875054	54876048	LTR/ERV1	5639	+	497	54875551	63732
chr8	54811819	55011819	harbor2	chr8	54895107	54895396	LTR/ERV1	1922	+	144	54895251	83432
chr8	54811819	55011819	harbor2	chr8	54896680	54897036	LTR/ERV1	1922	+	178	54896858	85039
chr8	39106270	39306270	harbor2	chr8	39179933	39181535	LTR/ERV1	11487	+	801	39180734	74464
chr8	144847302	145047302	harbor2	chr8	144874997	144876600	LTR/ERV1	10563	+	802	144875799	28497
chr8	131736662	131936662	harbor2	chr8	131739713	131740517	LTR/ERV1	5265	+	402	131740115	3453
chr8	131736662	131936662	harbor2	chr8	131740755	131741151	LTR/ERV1	2581	+	198	131740953	4291
chr8	131736662	131936662	harbor2	chr8	131744118	131744965	LTR/ERV1	6159	+	424	131744542	7880
chr8	131736662	131936662	harbor2	chr8	131744968	131745631	LTR/ERV1	4327	+	332	131745300	8638
chr8	131736662	131936662	harbor2	chr8	131745633	131745848	LTR/ERV1	1395	+	108	131745741	9079
chr8	131736662	131936662	harbor2	chr8	131745849	131746224	LTR/ERV1	2379	+	188	131746037	9375
chr8	131736662	131936662	harbor2	chr8	131746225	131746622	LTR/ERV1	2701	+	198	131746423	9761
chr8	131736662	131936662	harbor2	chr8	131786586	131787242	LTR/ERV1	5076	+	328	131786914	50252
chr8	131736662	131936662	harbor2	chr8	131820155	131820417	LTR/ERV1	1646	+	131	131820286	83624
chr8	131736662	131936662	harbor2	chr8	131820418	131822606	LTR/ERV1	15141	+	1094	131821512	84850
chr8	131736662	131936662	harbor2	chr8	131822586	131823437	LTR/ERV1	5901	+	426	131823012	86350
chr8	131736662	131936662	harbor2	chr8	131823440	131824101	LTR/ERV1	4687	+	330	131823770	87108
chr8	131736662	131936662	harbor2	chr8	131824103	131824318	LTR/ERV1	1431	+	108	131824211	87549
chr8	131736662	131936662	harbor2	chr8	131824319	131824695	LTR/ERV1	2513	+	188	131824507	87845
chr8	131736662	131936662	harbor2	chr8	131824696	131825105	LTR/ERV1	3159	+	204	131824900	88238
chr8	131736662	131936662	harbor2	chr8	131741154	131744138	LTR/ERV1	20661	+	1492	131742646	5984
chr8	62207449	62407449	harbor2	chr8	62266607	62267088	LTR/ERV1	2709	+	240	62266847	59398
chr8	107178472	107378472	harbor2	chr8	107208248	107208951	LTR/ERV1	3983	+	352	107208600	30128
chr8	106794709	106994709	harbor2	chr8	106818784	106819638	LTR/ERV1	5574	+	427	106819211	24502
chr8	106794709	106994709	harbor2	chr8	106878234	106878663	LTR/ERV1	2442	+	214	106878448	83739
chr8	106794709	106994709	harbor2	chr8	106881616	106882018	LTR/ERV1	1424	+	201	106881817	87108
chr8	118682130	118882130	harbor2	chr8	118763939	118764107	LTR/ERV1	554	+	84	118764023	81893
chr8	118682130	118882130	harbor2	chr8	118764143	118764265	LTR/ERV1	528	+	61	118764204	82074
chr8	118682130	118882130	harbor2	chr8	118764270	118764969	LTR/ERV1	3660	+	350	118764620	82490
chr8	143928143	144128143	harbor2	chr8	143995654	143996178	LTR/ERV1	2220	+	262	143995916	67773
chr8	82452601	82652601	harbor2	chr8	82517335	82517882	LTR/ERV1	2783	+	274	82517609	65008
chr8	82452601	82652601	harbor2	chr8	82536849	82536968	LTR/ERV1	420	+	60	82536909	84308
chr8	136316121	136516121	harbor2	chr8	136333495	136334196	LTR/ERV1	4409	+	350	136333845	17724
chr8	136316121	136516121	harbor2	chr8	136363314	136363512	LTR/ERV1	414	+	99	136363413	47292
chr8	136316121	136516121	harbor2	chr8	136374949	136375519	LTR/ERV1	3809	+	285	136375234	59113
chr8	100473971	100673971	harbor2	chr8	100489801	100490428	LTR/ERV1	3455	+	314	100490115	16144
chr8	100473971	100673971	harbor2	chr8	100495624	100496034	LTR/ERV1	2910	+	205	100495829	21858
chr8	100473971	100673971	harbor2	chr8	100498648	100499144	LTR/ERV1	1447	+	248	100498896	24925
chr8	100473971	100673971	harbor2	chr8	100508335	100508530	LTR/ERV1	491	+	98	100508433	34462
chr8	100473971	100673971	harbor2	chr8	100508958	100509046	LTR/ERV1	495	+	44	100509002	35031
chr8	103825947	104025947	harbor2	chr8	103859339	103859630	LTR/ERV1	652	+	146	103859485	33538
chr8	103825947	104025947	harbor2	chr8	103860076	103860207	LTR/ERV1	500	+	66	103860142	34195
chr8	115040581	115240581	harbor2	chr8	115053877	115054129	LTR/ERV1	686	+	126	115054003	13422
chr8	115040581	115240581	harbor2	chr8	115054769	115054831	LTR/ERV1	686	+	31	115054800	14219
chr8	115040581	115240581	harbor2	chr8	115055488	115055578	LTR/ERV1	369	+	45	115055533	14952
chr8	115040581	115240581	harbor2	chr8	115072048	115072550	LTR/ERV1	3538	+	251	115072299	31718
chr8	115040581	115240581	harbor2	chr8	115095434	115095988	LTR/ERV1	4187	+	277	115095711	55130
chr8	128790441	128990441	harbor2	chr8	128864751	128865329	LTR/ERV1	2648	+	289	128865040	74599
chr8	100408674	100608674	harbor2	chr8	100489801	100490428	LTR/ERV1	3455	+	314	100490115	81441
chr8	100408674	100608674	harbor2	chr8	100495624	100496034	LTR/ERV1	2910	+	205	100495829	87155
chr8	100408674	100608674	harbor2	chr8	100498648	100499144	LTR/ERV1	1447	+	248	100498896	90222
chr8	100408674	100608674	harbor2	chr8	100508335	100508530	LTR/ERV1	491	+	98	100508433	99759
chr8	115668369	115868369	harbor2	chr8	115709936	115710372	LTR/ERV1	2467	+	218	115710154	41785
chr8	137894807	138094807	harbor2	chr8	137967522	137967589	LTR/ERV1	376	+	34	137967556	72749
chr8	137894807	138094807	harbor2	chr8	137967590	137968168	LTR/ERV1	3131	+	289	137967879	73072
chr8	137894807	138094807	harbor2	chr8	137968206	137968427	LTR/ERV1	1070	+	110	137968316	73509
chr8	137894807	138094807	harbor2	chr8	137968586	137969011	LTR/ERV1	2408	+	212	137968798	73991
chr8	137894807	138094807	harbor2	chr8	137972150	137972387	LTR/ERV1	1316	+	118	137972268	77461
chr8	137894807	138094807	harbor2	chr8	137989057	137989768	LTR/ERV1	4755	+	356	137989413	94606
chr8	137894807	138094807	harbor2	chr8	137989771	137992203	LTR/ERV1	17865	+	1216	137990987	96180
chr9	98108223	98308223	harbor2	chr9	98111494	98111657	LTR/ERV1	2427	+	82	98111576	3353
chr9	98108223	98308223	harbor2	chr9	98111958	98112518	LTR/ERV1	7670	+	280	98112238	4015
chr9	98108223	98308223	harbor2	chr9	98112820	98112831	LTR/ERV1	7670	+	6	98112826	4603
chr9	98108223	98308223	harbor2	chr9	98113141	98113357	LTR/ERV1	7670	+	108	98113249	5026
chr9	98108223	98308223	harbor2	chr9	98113655	98114337	LTR/ERV1	7670	+	341	98113996	5773
chr9	98108223	98308223	harbor2	chr9	98114622	98115070	LTR/ERV1	7670	+	224	98114846	6623
chr9	98108223	98308223	harbor2	chr9	98115683	98115852	LTR/ERV1	7670	+	84	98115767	7544
chr9	98108223	98308223	harbor2	chr9	98116034	98116046	LTR/ERV1	2433	+	6	98116040	7817
chr9	98108223	98308223	harbor2	chr9	98116323	98116554	LTR/ERV1	2433	+	116	98116439	8216
chr9	98108223	98308223	harbor2	chr9	98116864	98117141	LTR/ERV1	2433	+	138	98117002	8779
chr9	98108223	98308223	harbor2	chr9	98117595	98117804	LTR/ERV1	875	+	104	98117699	9476
chr9	100258438	100458438	harbor2	chr9	100357854	100358029	LTR/ERV1	537	+	88	100357942	99504
chr9	104470066	104670066	harbor2	chr9	104557547	104557839	LTR/ERV1	2183	+	146	104557693	87627
chr9	78920351	79120351	harbor2	chr9	78919554	78920544	LTR/ERV1	6668	+	495	78920049	302
chr9	78920351	79120351	harbor2	chr9	78920902	78921671	LTR/ERV1	6668	+	384	78921286	935
chr9	78920351	79120351	harbor2	chr9	78923041	78923712	LTR/ERV1	3329	+	336	78923377	3026
chr9	78920351	79120351	harbor2	chr9	78923815	78925156	LTR/ERV1	6250	+	670	78924485	4134
chr9	78920351	79120351	harbor2	chr9	78925175	78926468	LTR/ERV1	15515	+	646	78925821	5470
chr9	78920351	79120351	harbor2	chr9	78926740	78928415	LTR/ERV1	15515	+	838	78927578	7227
chr9	78920351	79120351	harbor2	chr9	78928417	78928865	LTR/ERV1	1394	+	224	78928641	8290
chr9	78920351	79120351	harbor2	chr9	78970058	78970860	LTR/ERV1	3636	+	401	78970459	50108
chr9	78920351	79120351	harbor2	chr9	79008308	79008767	LTR/ERV1	3534	+	230	79008538	88187
chr9	90947332	91147332	harbor2	chr9	91043850	91044165	LTR/ERV1	1045	+	158	91044008	96676
chr9	90947332	91147332	harbor2	chr9	91044197	91044334	LTR/ERV1	1045	+	68	91044265	96933
chr9	108440982	108640982	harbor2	chr9	108468487	108468935	LTR/ERV1	2054	+	224	108468711	27729
chr9	108440982	108640982	harbor2	chr9	108528974	108529213	LTR/ERV1	544	+	120	108529094	88112
chr9	108440982	108640982	harbor2	chr9	108529964	108531317	LTR/ERV1	9447	+	676	108530640	89658
chr9	61160880	61360880	harbor2	chr9	61163587	61163989	LTR/ERV1	1304	+	201	61163788	2908
chr9	121406825	121606825	harbor2	chr9	121408456	121408534	LTR/ERV1	452	+	39	121408495	1670
chr9	121406825	121606825	harbor2	chr9	121408537	121409239	LTR/ERV1	3889	+	351	121408888	2063
chr9	121406825	121606825	harbor2	chr9	121435058	121435504	LTR/ERV1	535	+	223	121435281	28456
chr9	121406825	121606825	harbor2	chr9	121470577	121470860	LTR/ERV1	1163	+	142	121470719	63894
chr9	121406825	121606825	harbor2	chr9	121474983	121475530	LTR/ERV1	4267	+	274	121475257	68432
chr9	121406825	121606825	harbor2	chr9	121501206	121501833	LTR/ERV1	3667	+	314	121501520	94695
chr9	121406825	121606825	harbor2	chr9	121502135	121502247	LTR/ERV1	824	+	56	121502191	95366
chr9	121406825	121606825	harbor2	chr9	121502546	121502628	LTR/ERV1	824	+	41	121502587	95762
chr9	121406825	121606825	harbor2	chr9	121502822	121502927	LTR/ERV1	696	+	52	121502874	96049
chr9	121406825	121606825	harbor2	chr9	121470858	121471007	LTR/ERV1	1136	+	74	121470932	64107
chr9	133682269	133882269	harbor2	chr9	133735498	133735761	LTR/ERV1	3400	+	132	133735630	53361
chr9	133682269	133882269	harbor2	chr9	133736060	133736384	LTR/ERV1	3400	+	162	133736222	53953
chr9	133682269	133882269	harbor2	chr9	133736696	133736747	LTR/ERV1	3400	+	26	133736722	54453
chr9	133682269	133882269	harbor2	chr9	133753678	133754166	LTR/ERV1	3605	+	244	133753922	71653
chr9	131452157	131652157	harbor2	chr9	131547214	131547620	LTR/ERV1	2739	+	203	131547417	95260
chr9	131452157	131652157	harbor2	chr9	131547623	131548091	LTR/ERV1	2736	+	234	131547857	95700
chr9	131452157	131652157	harbor2	chr9	131548147	131548718	LTR/ERV1	11658	+	286	131548433	96276
chr9	131452157	131652157	harbor2	chr9	131548809	131550487	LTR/ERV1	11658	+	839	131549648	97491
chr9	131452157	131652157	harbor2	chr9	131550467	131550615	LTR/ERV1	820	+	74	131550541	98384
chr9	131452157	131652157	harbor2	chr9	131550618	131550789	LTR/ERV1	1000	+	86	131550704	98547
chr9	131452157	131652157	harbor2	chr9	131550807	131550930	LTR/ERV1	2235	+	62	131550869	98712
chr9	131452157	131652157	harbor2	chr9	131551242	131551528	LTR/ERV1	2235	+	143	131551385	99228
chr9	131452157	131652157	harbor2	chr9	131551529	131551936	LTR/ERV1	2872	+	204	131551733	99576
chr9	110043025	110243025	harbor2	chr9	110062766	110063281	LTR/ERV1	3642	+	258	110063024	19999
chr9	76666041	76866041	harbor2	chr9	76741421	76741921	LTR/ERV1	2157	+	250	76741671	75630
chr9	76666041	76866041	harbor2	chr9	76745085	76745808	LTR/ERV1	4116	+	362	76745447	79406
chr9	76666041	76866041	harbor2	chr9	76748926	76749720	LTR/ERV1	4854	+	397	76749323	83282
chr9	76666041	76866041	harbor2	chr9	76759267	76760014	LTR/ERV1	4918	+	374	76759641	93600
chr9	99729583	99929583	harbor2	chr9	99747169	99747740	LTR/ERV1	4199	+	286	99747455	17872
chr9	99729583	99929583	harbor2	chr9	99783583	99784285	LTR/ERV1	3248	+	351	99783934	54351
chr9	95467272	95667272	harbor2	chr9	95519055	95519686	LTR/ERV1	3902	+	316	95519371	52099
chr9	95467272	95667272	harbor2	chr9	95529896	95530231	LTR/ERV1	951	+	168	95530064	62792
chr9	111995960	112195960	harbor2	chr9	112042926	112043665	LTR/ERV1	4212	+	370	112043296	47336
chr9	89317874	89517874	harbor2	chr9	89398014	89398884	LTR/ERV1	4864	+	435	89398449	80575
chr9	80899446	81099446	harbor2	chr9	80961594	80961933	LTR/ERV1	1717	+	170	80961764	62318
chr9	80899446	81099446	harbor2	chr9	80974418	80975118	LTR/ERV1	4833	+	350	80974768	75322
chr9	80899446	81099446	harbor2	chr9	80978757	80979208	LTR/ERV1	2552	+	226	80978983	79537
chr9	117071547	117271547	harbor2	chr9	117131139	117131965	LTR/ERV1	4566	+	413	117131552	60005
chr9	117071547	117271547	harbor2	chr9	117162018	117162462	LTR/ERV1	741	+	222	117162240	90693
chr9	117071547	117271547	harbor2	chr9	117162779	117163503	LTR/ERV1	1573	+	362	117163141	91594
chr9	22411098	22611098	harbor2	chr9	22433698	22434972	LTR/ERV1	7959	+	637	22434335	23237
chr9	22411098	22611098	harbor2	chr9	22435012	22440437	LTR/ERV1	40802	+	2712	22437724	26626
chr9	22411098	22611098	harbor2	chr9	22440448	22440855	LTR/ERV1	3240	+	204	22440652	29554
chr9	22411098	22611098	harbor2	chr9	22440857	22441864	LTR/ERV1	6764	+	504	22441361	30263
chr9	129272052	129472052	harbor2	chr9	129272879	129273372	LTR/ERV1	2792	+	246	129273125	1073
chr9	81582716	81782716	harbor2	chr9	81603342	81603719	LTR/ERV1	2166	+	188	81603530	20814
chr9	81582716	81782716	harbor2	chr9	81604030	81604216	LTR/ERV1	2166	+	93	81604123	21407
chr9	134790587	134990587	harbor2	chr9	134859506	134860091	LTR/ERV1	3796	+	292	134859798	69211
chr9	134790587	134990587	harbor2	chr9	134890001	134890583	LTR/ERV1	3337	+	291	134890292	99705
chr9	67347834	67547834	harbor2	chr9	67347570	67348407	LTR/ERV1	4526	+	418	67347988	154
chr9	67347834	67547834	harbor2	chr9	67385995	67386070	LTR/ERV1	1406	+	38	67386033	38199
chr9	67347834	67547834	harbor2	chr9	67386377	67386900	LTR/ERV1	1406	+	262	67386639	38805
chr9	67347834	67547834	harbor2	chr9	67399810	67400091	LTR/ERV1	1494	+	140	67399950	52116
chr9	67347834	67547834	harbor2	chr9	67400159	67400488	LTR/ERV1	1199	+	164	67400323	52489
chr9	67347834	67547834	harbor2	chr9	67402121	67402571	LTR/ERV1	1615	+	225	67402346	54512
chr9	67347834	67547834	harbor2	chr9	67407946	67408345	LTR/ERV1	2684	+	200	67408146	60312
chr9	67347834	67547834	harbor2	chr9	67411175	67411618	LTR/ERV1	2231	+	222	67411397	63563
chr9	67347834	67547834	harbor2	chr9	67411744	67412036	LTR/ERV1	1206	+	146	67411890	64056
chr9	67347834	67547834	harbor2	chr9	67412349	67412516	LTR/ERV1	1206	+	84	67412433	64599
chr9	67347834	67547834	harbor2	chr9	67426262	67426734	LTR/ERV1	2289	+	236	67426498	78664
chr9	67347834	67547834	harbor2	chr9	67432764	67433404	LTR/ERV1	4112	+	320	67433084	85250
chr9	68782491	68982491	harbor2	chr9	68853245	68853713	LTR/ERV1	769	+	234	68853479	70988
chr9	68782491	68982491	harbor2	chr9	68853924	68854027	LTR/ERV1	673	+	52	68853976	71485
chr9	68782491	68982491	harbor2	chr9	68854055	68854127	LTR/ERV1	673	+	36	68854091	71600
chr9	68782491	68982491	harbor2	chr9	68854428	68854573	LTR/ERV1	673	+	72	68854500	72009
chr9	136169280	136369280	harbor2	chr9	136242881	136243724	LTR/ERV1	4407	+	422	136243303	74023
chr9	134794885	134994885	harbor2	chr9	134859506	134860091	LTR/ERV1	3796	+	292	134859798	64913
chr9	134794885	134994885	harbor2	chr9	134890001	134890583	LTR/ERV1	3337	+	291	134890292	95407
chr9	134794885	134994885	harbor2	chr9	134890625	134891349	LTR/ERV1	4769	+	362	134890987	96102
chr9	134794885	134994885	harbor2	chr9	134894255	134894737	LTR/ERV1	3327	+	241	134894496	99611
chr9	120169894	120369894	harbor2	chr9	120202185	120202349	LTR/ERV1	1051	+	82	120202267	32373
chr9	120169894	120369894	harbor2	chr9	120202584	120202890	LTR/ERV1	1729	+	153	120202737	32843
chr9	97532727	97732727	harbor2	chr9	97574037	97575455	LTR/ERV1	10646	+	709	97574746	42019
chr9	137843348	138043348	harbor2	chr9	137843940	137845115	LTR/ERV1	1809	+	588	137844528	1180
chr9	137843348	138043348	harbor2	chr9	137846428	137849606	LTR/ERV1	12168	+	1589	137848017	4669
chr9	137843348	138043348	harbor2	chr9	137849593	137850032	LTR/ERV1	2356	+	220	137849813	6465
chr9	137843348	138043348	harbor2	chr9	137850033	137850465	LTR/ERV1	3455	+	216	137850249	6901
chr9	137843348	138043348	harbor2	chr9	137920188	137920200	LTR/ERV1	642	+	6	137920194	76846
chr9	137843348	138043348	harbor2	chr9	137920497	137920721	LTR/ERV1	642	+	112	137920609	77261
chr9	110852309	111052309	harbor2	chr9	110858344	110858395	LTR/ERV1	406	+	26	110858370	6061
chr9	110852309	111052309	harbor2	chr9	110864375	110864452	LTR/ERV1	474	+	38	110864413	12104
chr9	110852309	111052309	harbor2	chr9	110908872	110909311	LTR/ERV1	2268	+	220	110909092	56783
chr9	110852309	111052309	harbor2	chr9	110909392	110909467	LTR/ERV1	516	+	38	110909430	57121
chr9	110852309	111052309	harbor2	chr9	110938314	110938573	LTR/ERV1	2866	+	130	110938444	86135
chr9	110852309	111052309	harbor2	chr9	110938893	110939110	LTR/ERV1	2866	+	108	110939001	86692
chr9	87077403	87277403	harbor2	chr9	87100543	87100666	LTR/ERV1	414	+	62	87100605	23202
chr9	120189137	120389137	harbor2	chr9	120202185	120202349	LTR/ERV1	1051	+	82	120202267	13130
chr9	120189137	120389137	harbor2	chr9	120202584	120202890	LTR/ERV1	1729	+	153	120202737	13600
chr9	120189137	120389137	harbor2	chr9	120282032	120282301	LTR/ERV1	405	+	134	120282166	93029
chr9	120189137	120389137	harbor2	chr9	120282652	120282806	LTR/ERV1	572	+	77	120282729	93592
chr9	90393530	90593530	harbor2	chr9	90394773	90394860	LTR/ERV1	438	+	44	90394817	1287
chr9	90393530	90593530	harbor2	chr9	90395081	90395157	LTR/ERV1	419	+	38	90395119	1589
chr9	90393530	90593530	harbor2	chr9	90395149	90395266	LTR/ERV1	521	+	58	90395207	1677
chr9	90393530	90593530	harbor2	chr9	90395265	90395616	LTR/ERV1	1486	+	176	90395441	1911
chr9	90393530	90593530	harbor2	chr9	90412695	90413144	LTR/ERV1	3476	+	224	90412919	19389
chr9	90393530	90593530	harbor2	chr9	90413147	90415976	LTR/ERV1	15381	+	1414	90414561	21031
chr9	90393530	90593530	harbor2	chr9	90415971	90416120	LTR/ERV1	839	+	74	90416045	22515
chr9	90393530	90593530	harbor2	chr9	90416111	90416616	LTR/ERV1	3072	+	252	90416363	22833
chr9	90393530	90593530	harbor2	chr9	90416619	90417279	LTR/ERV1	4116	+	330	90416949	23419
chr9	90393530	90593530	harbor2	chr9	90417281	90417498	LTR/ERV1	1267	+	108	90417389	23859
chr9	90393530	90593530	harbor2	chr9	90417499	90417868	LTR/ERV1	2247	+	184	90417683	24153
chr9	90393530	90593530	harbor2	chr9	90417869	90418349	LTR/ERV1	3344	+	240	90418109	24579
chr9	90393530	90593530	harbor2	chr9	90442098	90442510	LTR/ERV1	1341	+	206	90442304	48774
chr9	90393530	90593530	harbor2	chr9	90467682	90468127	LTR/ERV1	1053	+	222	90467904	74374
chr9	90393530	90593530	harbor2	chr9	90473829	90474027	LTR/ERV1	1680	+	99	90473928	80398
chr9	90393530	90593530	harbor2	chr9	90474277	90474572	LTR/ERV1	1680	+	148	90474425	80895
chr9	90393530	90593530	harbor2	chr9	90475218	90475643	LTR/ERV1	1752	+	212	90475430	81900
chr9	90393530	90593530	harbor2	chr9	90478830	90479281	LTR/ERV1	3183	+	226	90479056	85526
chr9	90393530	90593530	harbor2	chr9	90480232	90480348	LTR/ERV1	3108	+	58	90480290	86760
chr9	90393530	90593530	harbor2	chr9	90480670	90480984	LTR/ERV1	3108	+	157	90480827	87297
chr9	81833101	82033101	harbor2	chr9	81906339	81906751	LTR/ERV1	2682	+	206	81906545	73444
chr9	81833101	82033101	harbor2	chr9	81911880	81912309	LTR/ERV1	2654	+	214	81912094	78993
chr9	81833101	82033101	harbor2	chr9	81912509	81912929	LTR/ERV1	2292	+	210	81912719	79618
chr9	81833101	82033101	harbor2	chr9	81926781	81927210	LTR/ERV1	2564	+	214	81926995	93894
chr9	81833101	82033101	harbor2	chr9	81927408	81927910	LTR/ERV1	2193	+	251	81927659	94558
chr9	95979886	96179886	harbor2	chr9	96030010	96030430	LTR/ERV1	2769	+	210	96030220	50334
chr9	95979886	96179886	harbor2	chr9	96030721	96030794	LTR/ERV1	2769	+	36	96030757	50871
chr9	95979886	96179886	harbor2	chr9	96034624	96035714	LTR/ERV1	5249	+	545	96035169	55283
chr9	95979886	96179886	harbor2	chr9	96043527	96043755	LTR/ERV1	742	+	114	96043641	63755
chr9	129743476	129943476	harbor2	chr9	129753489	129753512	LTR/ERV1	579	+	12	129753501	10025
chr9	129743476	129943476	harbor2	chr9	129754040	129754170	LTR/ERV1	579	+	65	129754105	10629
chr9	129743476	129943476	harbor2	chr9	129754468	129754525	LTR/ERV1	579	+	28	129754496	11020
chr9	129743476	129943476	harbor2	chr9	129786513	129786973	LTR/ERV1	2830	+	230	129786743	43267
chr9	79065580	79265580	harbor2	chr9	79083622	79084129	LTR/ERV1	3297	+	254	79083876	18296
chr9	107905849	108105849	harbor2	chr9	107947562	107948081	LTR/ERV1	1659	+	260	107947822	41973
chr9	79373918	79573918	harbor2	chr9	79454781	79455236	LTR/ERV1	903	+	228	79455009	81091
chr9	128415043	128615043	harbor2	chr9	128509557	128509649	LTR/ERV1	501	+	46	128509603	94560
chr9	66978643	67178643	harbor2	chr9	67010968	67011394	LTR/ERV1	2474	+	213	67011181	32538
chr9	66978643	67178643	harbor2	chr9	67020138	67020401	LTR/ERV1	1595	+	132	67020270	41627
chr9	66978643	67178643	harbor2	chr9	67020698	67020993	LTR/ERV1	1595	+	148	67020846	42203
chr9	104122283	104322283	harbor2	chr9	104195008	104195722	LTR/ERV1	5119	+	357	104195365	73082
chr9	104122283	104322283	harbor2	chr9	104200425	104202062	LTR/ERV1	10813	+	818	104201243	78960
chr9	104122283	104322283	harbor2	chr9	104206619	104207321	LTR/ERV1	4433	+	351	104206970	84687
chr9	138220474	138420474	harbor2	chr9	138225185	138225371	LTR/ERV1	643	+	93	138225278	4804
chr9	138220474	138420474	harbor2	chr9	138235080	138235585	LTR/ERV1	895	+	252	138235332	14858
chr9	138220474	138420474	harbor2	chr9	138304686	138304846	LTR/ERV1	816	+	80	138304766	84292
chr9	105077485	105277485	harbor2	chr9	105080400	105080593	LTR/ERV1	3875	+	96	105080496	3011
chr9	105077485	105277485	harbor2	chr9	105080888	105081354	LTR/ERV1	3875	+	233	105081121	3636
chr9	105077485	105277485	harbor2	chr9	105084375	105084712	LTR/ERV1	1754	+	168	105084543	7058
chr9	105077485	105277485	harbor2	chr9	105134307	105134859	LTR/ERV1	4388	+	276	105134583	57098
chr9	127479016	127679016	harbor2	chr9	127511996	127512287	LTR/ERV1	3198	+	146	127512142	33126
chr9	127479016	127679016	harbor2	chr9	127512586	127512769	LTR/ERV1	3198	+	92	127512678	33662
chr9	127479016	127679016	harbor2	chr9	127513352	127513895	LTR/ERV1	4097	+	272	127513624	34608
chr9	112704170	112904170	harbor2	chr9	112715035	112715112	LTR/ERV1	546	+	38	112715073	10903
chr9	137297357	137497357	harbor2	chr9	137375951	137376062	LTR/ERV1	1897	+	56	137376007	78650
chr9	137297357	137497357	harbor2	chr9	137376373	137376647	LTR/ERV1	1897	+	137	137376510	79153
chr9	137297357	137497357	harbor2	chr9	137376949	137377101	LTR/ERV1	1897	+	76	137377025	79668
chr9	130643387	130843387	harbor2	chr9	130689849	130690460	LTR/ERV1	4257	+	306	130690155	46768
chr9	130643387	130843387	harbor2	chr9	130690806	130691011	LTR/ERV1	3168	+	102	130690908	47521
chr9	130643387	130843387	harbor2	chr9	130691339	130691608	LTR/ERV1	3168	+	134	130691473	48086
chr9	99400652	99600652	harbor2	chr9	99441800	99442068	LTR/ERV1	726	+	134	99441934	41282
chr9	137638837	137838837	harbor2	chr9	137676569	137677043	LTR/ERV1	1890	+	237	137676806	37969
chr9	63322269	63522269	harbor2	chr9	63418152	63418379	LTR/ERV1	667	+	114	63418266	95997
chr9	132353085	132553085	harbor2	chr9	132408541	132408933	LTR/ERV1	2298	+	196	132408737	55652
chr9	134770949	134970949	harbor2	chr9	134859506	134860091	LTR/ERV1	3796	+	292	134859798	88849
chr9	138089323	138289323	harbor2	chr9	138125226	138125804	LTR/ERV1	1267	+	289	138125515	36192
chr9	138089323	138289323	harbor2	chr9	138171763	138171936	LTR/ERV1	825	+	86	138171849	82526
chr9	138089323	138289323	harbor2	chr9	138172385	138172667	LTR/ERV1	6159	+	141	138172526	83203
chr9	138089323	138289323	harbor2	chr9	138173319	138174909	LTR/ERV1	6159	+	795	138174114	84791
chr9	90576741	90776741	harbor2	chr9	90586520	90586969	LTR/ERV1	1605	+	224	90586744	10003
chr9	90576741	90776741	harbor2	chr9	90608274	90608845	LTR/ERV1	3798	+	286	90608560	31819
chr9	36479068	36679068	harbor2	chr9	36495298	36496071	LTR/ERV1	4629	+	386	36495684	16616
chr9	36479068	36679068	harbor2	chr9	36571908	36572273	LTR/ERV1	1540	+	182	36572090	93022
chr9	62277627	62477627	harbor2	chr9	62313959	62314357	LTR/ERV1	2604	+	199	62314158	36531
chr9	62277627	62477627	harbor2	chr9	62314358	62314876	LTR/ERV1	967	+	259	62314617	36990
chr9	62277627	62477627	harbor2	chr9	62314867	62315494	LTR/ERV1	2839	+	314	62315181	37554
chr9	62277627	62477627	harbor2	chr9	62315818	62317268	LTR/ERV1	17132	+	725	62316543	38916
chr9	62277627	62477627	harbor2	chr9	62317635	62320077	LTR/ERV1	17132	+	1221	62318856	41229
chr9	62277627	62477627	harbor2	chr9	62320103	62320372	LTR/ERV1	17132	+	134	62320237	42610
chr9	62277627	62477627	harbor2	chr9	62320376	62320695	LTR/ERV1	2662	+	160	62320536	42909
chr9	62277627	62477627	harbor2	chr9	62320985	62321161	LTR/ERV1	2662	+	88	62321073	43446
chr9	62277627	62477627	harbor2	chr9	62321397	62321844	LTR/ERV1	2104	+	224	62321621	43994
chr9	62277627	62477627	harbor2	chr9	62331742	62332154	LTR/ERV1	2544	+	206	62331948	54321
chr9	62277627	62477627	harbor2	chr9	62291927	62292832	LTR/ERV1	4628	+	452	62292379	14752
chr9	88732292	88932292	harbor2	chr9	88808637	88808774	LTR/ERV1	475	+	68	88808705	76413
chr9	135195852	135395852	harbor2	chr9	135209860	135210350	LTR/ERV1	556	+	245	135210105	14253
chr9	135195852	135395852	harbor2	chr9	135211265	135212318	LTR/ERV1	4346	+	526	135211791	15939
chr9	135195852	135395852	harbor2	chr9	135238074	135238520	LTR/ERV1	1295	+	223	135238297	42445
chr9	135195852	135395852	harbor2	chr9	135238793	135238836	LTR/ERV1	1295	+	22	135238815	42963
chr9	135195852	135395852	harbor2	chr9	135290605	135291175	LTR/ERV1	2983	+	285	135290890	95038
chr9	135195852	135395852	harbor2	chr9	135291686	135293327	LTR/ERV1	17428	+	820	135292506	96654
chr9	135195852	135395852	harbor2	chr9	135293648	135294706	LTR/ERV1	17428	+	529	135294177	98325
chr9	135195852	135395852	harbor2	chr9	135295004	135295615	LTR/ERV1	17428	+	306	135295310	99458
chr9	86121897	86321897	harbor2	chr9	86122563	86122747	LTR/ERV1	1370	+	92	86122655	758
chr9	86121897	86321897	harbor2	chr9	86123051	86123367	LTR/ERV1	1370	+	158	86123209	1312
chr9	86121897	86321897	harbor2	chr9	86128297	86128733	LTR/ERV1	1577	+	218	86128515	6618
chr9	86121897	86321897	harbor2	chr9	86136348	86136443	LTR/ERV1	557	+	48	86136396	14499
chr9	86121897	86321897	harbor2	chr9	86140131	86140485	LTR/ERV1	2827	+	177	86140308	18411
chr9	86121897	86321897	harbor2	chr9	86142429	86142666	LTR/ERV1	1782	+	118	86142547	20650
chr9	86121897	86321897	harbor2	chr9	86142984	86143227	LTR/ERV1	1782	+	122	86143106	21209
chr9	86121897	86321897	harbor2	chr9	86143264	86143420	LTR/ERV1	862	+	78	86143342	21445
chr9	86121897	86321897	harbor2	chr9	86143421	86143822	LTR/ERV1	2442	+	200	86143621	21724
chr9	86121897	86321897	harbor2	chr9	86143823	86143858	LTR/ERV1	862	+	18	86143841	21944
chr9	86121897	86321897	harbor2	chr9	86144739	86145186	LTR/ERV1	4068	+	224	86144963	23066
chr9	86121897	86321897	harbor2	chr9	86145483	86145611	LTR/ERV1	4068	+	64	86145547	23650
chr9	86121897	86321897	harbor2	chr9	86145723	86145901	LTR/ERV1	1023	+	89	86145812	23915
chr9	86121897	86321897	harbor2	chr9	86146098	86146515	LTR/ERV1	2245	+	208	86146306	24409
chr9	86121897	86321897	harbor2	chr9	86146516	86147005	LTR/ERV1	1152	+	244	86146760	24863
chr9	86121897	86321897	harbor2	chr9	86166104	86166506	LTR/ERV1	2784	+	201	86166305	44408
chr9	86121897	86321897	harbor2	chr9	86183541	86184170	LTR/ERV1	4634	+	314	86183855	61958
chr9	86121897	86321897	harbor2	chr9	86203142	86203628	LTR/ERV1	4016	+	243	86203385	81488
chr9	86121897	86321897	harbor2	chr9	86203938	86204066	LTR/ERV1	4016	+	64	86204002	82105
chr9	86121897	86321897	harbor2	chr9	86217606	86218068	LTR/ERV1	2890	+	231	86217837	95940
chr9	86121897	86321897	harbor2	chr9	86146976	86147429	LTR/ERV1	2485	+	226	86147202	25305
chr9	133603394	133803394	harbor2	chr9	133678262	133678933	LTR/ERV1	3061	+	336	133678598	75204
chr9	136850915	137050915	harbor2	chr9	136871173	136871224	LTR/ERV1	607	+	26	136871199	20284
chr9	136850915	137050915	harbor2	chr9	136871520	136871824	LTR/ERV1	891	+	152	136871672	20757
chr9	136850915	137050915	harbor2	chr9	136872151	136872237	LTR/ERV1	891	+	43	136872194	21279
chr9	136850915	137050915	harbor2	chr9	136872550	136872625	LTR/ERV1	891	+	38	136872588	21673
chr9	136850915	137050915	harbor2	chr9	136872910	136873081	LTR/ERV1	891	+	86	136872996	22081
chr9	136850915	137050915	harbor2	chr9	136873391	136873735	LTR/ERV1	985	+	172	136873563	22648
chr9	136850915	137050915	harbor2	chr9	136873724	136873761	LTR/ERV1	766	+	18	136873742	22827
chr9	136850915	137050915	harbor2	chr9	136874363	136874659	LTR/ERV1	766	+	148	136874511	23596
chr9	136850915	137050915	harbor2	chr9	136874946	136875014	LTR/ERV1	760	+	34	136874980	24065
chr9	136850915	137050915	harbor2	chr9	136875045	136875278	LTR/ERV1	848	+	116	136875161	24246
chr9	136850915	137050915	harbor2	chr9	136875284	136875446	LTR/ERV1	478	+	81	136875365	24450
chr9	84229887	84429887	harbor2	chr9	84303042	84303324	LTR/ERV1	4483	+	141	84303183	73296
chr9	84229887	84429887	harbor2	chr9	84303620	84304097	LTR/ERV1	4483	+	238	84303858	73971
chr9	84229887	84429887	harbor2	chr9	84319157	84319257	LTR/ERV1	582	+	50	84319207	89320
chr9	104951871	105151871	harbor2	chr9	104982624	104982942	LTR/ERV1	3240	+	159	104982783	30912
chr9	104951871	105151871	harbor2	chr9	104983240	104983425	LTR/ERV1	3240	+	92	104983332	31461
chr9	130479733	130679733	harbor2	chr9	130549456	130549680	LTR/ERV1	1513	+	112	130549568	69835
chr9	87457687	87657687	harbor2	chr9	87465077	87465353	LTR/ERV1	1106	+	138	87465215	7528
chr9	87457687	87657687	harbor2	chr9	87465696	87465817	LTR/ERV1	523	+	60	87465756	8069
chr9	87457687	87657687	harbor2	chr9	87467310	87467501	LTR/ERV1	4015	+	96	87467406	9719
chr9	87457687	87657687	harbor2	chr9	87467810	87468240	LTR/ERV1	4015	+	215	87468025	10338
chr9	87457687	87657687	harbor2	chr9	87470104	87470642	LTR/ERV1	1010	+	269	87470373	12686
chr9	87457687	87657687	harbor2	chr9	87528940	87529383	LTR/ERV1	2607	+	222	87529162	71475
chr9	107698657	107898657	harbor2	chr9	107745972	107746489	LTR/ERV1	2377	+	258	107746230	47573
chr9	107698657	107898657	harbor2	chr9	107746788	107746861	LTR/ERV1	2377	+	36	107746824	48167
chr9	117958419	118158419	harbor2	chr9	118033491	118033921	LTR/ERV1	1699	+	215	118033706	75287
chr9	75534965	75734965	harbor2	chr9	75548303	75548720	LTR/ERV1	1633	+	208	75548511	13546
chr9	75534965	75734965	harbor2	chr9	75549167	75549297	LTR/ERV1	1633	+	65	75549232	14267
chr9	75534965	75734965	harbor2	chr9	75557605	75558131	LTR/ERV1	2982	+	263	75557868	22903
chr9	129541432	129741432	harbor2	chr9	129555687	129556163	LTR/ERV1	2394	+	238	129555925	14493
chr9	129541432	129741432	harbor2	chr9	129562962	129563227	LTR/ERV1	1322	+	132	129563094	21662
chr9	129541432	129741432	harbor2	chr9	129563532	129563704	LTR/ERV1	1322	+	86	129563618	22186
chr9	129541432	129741432	harbor2	chr9	129563996	129564070	LTR/ERV1	1322	+	37	129564033	22601
chr9	80730528	80930528	harbor2	chr9	80740946	80741274	LTR/ERV1	1449	+	164	80741110	10582
chr9	94340555	94540555	harbor2	chr9	94366153	94366393	LTR/ERV1	592	+	120	94366273	25718
chr9	94340555	94540555	harbor2	chr9	94436538	94436682	LTR/ERV1	588	+	72	94436610	96055
chr9	92859681	93059681	harbor2	chr9	92879797	92880274	LTR/ERV1	1609	+	238	92880035	20354
chr9	92859681	93059681	harbor2	chr9	92881245	92881327	LTR/ERV1	485	+	41	92881286	21605
chr9	123046876	123246876	harbor2	chr9	123141911	123142110	LTR/ERV1	1596	+	100	123142011	95135
chr9	123046876	123246876	harbor2	chr9	123142501	123142794	LTR/ERV1	1596	+	146	123142647	95771
chr9	136992666	137192666	harbor2	chr9	137058489	137058981	LTR/ERV1	3276	+	246	137058735	66069
chr9	136992666	137192666	harbor2	chr9	137075103	137075645	LTR/ERV1	3968	+	271	137075374	82708
chr9	112543059	112743059	harbor2	chr9	112546064	112546469	LTR/ERV1	2190	+	202	112546266	3207
chr9	112543059	112743059	harbor2	chr9	112546542	112546651	LTR/ERV1	474	+	54	112546596	3537
chr9	112543059	112743059	harbor2	chr9	112547402	112547998	LTR/ERV1	5295	+	298	112547700	4641
chr9	112543059	112743059	harbor2	chr9	112548289	112548555	LTR/ERV1	5295	+	133	112548422	5363
chr9	92691171	92891171	harbor2	chr9	92736006	92736730	LTR/ERV1	4041	+	362	92736368	45197
chr9	92691171	92891171	harbor2	chr9	92768835	92769024	LTR/ERV1	4564	+	94	92768929	77758
chr9	92691171	92891171	harbor2	chr9	92769335	92769773	LTR/ERV1	4564	+	219	92769554	78383
chr9	92691171	92891171	harbor2	chr9	92771357	92771664	LTR/ERV1	3198	+	154	92771511	80340
chr9	92691171	92891171	harbor2	chr9	92771853	92772112	LTR/ERV1	3198	+	130	92771983	80812
chr9	97844110	98044110	harbor2	chr9	97872986	97873056	LTR/ERV1	414	+	35	97873021	28911
chr9	97844110	98044110	harbor2	chr9	97873063	97873084	LTR/ERV1	2658	+	10	97873073	28963
chr9	97844110	98044110	harbor2	chr9	97873394	97873921	LTR/ERV1	2658	+	264	97873658	29548
chr9	97844110	98044110	harbor2	chr9	97882493	97882561	LTR/ERV1	481	+	34	97882527	38417
chr9	138121201	138321201	harbor2	chr9	138125226	138125804	LTR/ERV1	1267	+	289	138125515	4314
chr9	138121201	138321201	harbor2	chr9	138171763	138171936	LTR/ERV1	825	+	86	138171849	50648
chr9	138121201	138321201	harbor2	chr9	138172385	138172667	LTR/ERV1	6159	+	141	138172526	51325
chr9	138121201	138321201	harbor2	chr9	138173319	138174909	LTR/ERV1	6159	+	795	138174114	52913
chr9	138121201	138321201	harbor2	chr9	138214093	138214685	LTR/ERV1	4660	+	296	138214389	93188
chr9	101831259	102031259	harbor2	chr9	101891217	101891354	LTR/ERV1	1885	+	68	101891285	60026
chr9	101831259	102031259	harbor2	chr9	101891776	101892367	LTR/ERV1	1885	+	296	101892072	60813
chr9	35779188	35979188	harbor2	chr9	35779042	35779206	LTR/ERV1	614	+	82	35779124	64
chr9	35779188	35979188	harbor2	chr9	35779355	35779749	LTR/ERV1	1102	+	197	35779552	364
chr9	35779188	35979188	harbor2	chr9	35780028	35780495	LTR/ERV1	801	+	234	35780262	1074
chr9	103847919	104047919	harbor2	chr9	103897091	103897259	LTR/ERV1	660	+	84	103897175	49256
chr9	103847919	104047919	harbor2	chr9	103897399	103897541	LTR/ERV1	445	+	71	103897470	49551
chr9	95314538	95514538	harbor2	chr9	95327995	95328234	LTR/ERV1	1378	+	120	95328115	13577
chr9	95314538	95514538	harbor2	chr9	95340977	95341911	LTR/ERV1	5070	+	467	95341444	26906
chr9	95314538	95514538	harbor2	chr9	95370890	95371237	LTR/ERV1	1106	+	174	95371064	56526
chr9	95314538	95514538	harbor2	chr9	95371695	95371824	LTR/ERV1	1106	+	64	95371759	57221
chr9	95314538	95514538	harbor2	chr9	95336959	95338747	LTR/ERV1	8012	+	894	95337853	23315
chr9	135185950	135385950	harbor2	chr9	135209860	135210350	LTR/ERV1	556	+	245	135210105	24155
chr9	135185950	135385950	harbor2	chr9	135211265	135212318	LTR/ERV1	4346	+	526	135211791	25841
chr9	135185950	135385950	harbor2	chr9	135238074	135238520	LTR/ERV1	1295	+	223	135238297	52347
chr9	135185950	135385950	harbor2	chr9	135238793	135238836	LTR/ERV1	1295	+	22	135238815	52865
chr9	135477654	135677654	harbor2	chr9	135543388	135543932	LTR/ERV1	3918	+	272	135543660	66006
chr9	135477654	135677654	harbor2	chr9	135559789	135559954	LTR/ERV1	794	+	82	135559871	82217
chr9	135477654	135677654	harbor2	chr9	135570480	135570986	LTR/ERV1	3295	+	253	135570733	93079
chr9	96569508	96769508	harbor2	chr9	96582147	96582727	LTR/ERV1	4873	+	290	96582437	12929
chr9	127783022	127983022	harbor2	chr9	127848841	127849388	LTR/ERV1	2825	+	274	127849115	66093
chr9	134440292	134640292	harbor2	chr9	134516158	134516552	LTR/ERV1	1059	+	197	134516355	76063
chr9	63210422	63410422	harbor2	chr9	63296400	63297638	LTR/ERV1	6460	+	619	63297019	86597
chr9	115540471	115740471	harbor2	chr9	115590154	115590604	LTR/ERV1	750	+	225	115590379	49908
chr9	42008266	42208266	harbor2	chr9	42021848	42022562	LTR/ERV1	3780	+	357	42022205	13939
chr9	42008266	42208266	harbor2	chr9	42022810	42023416	LTR/ERV1	1990	+	303	42023113	14847
chr9	117999149	118199149	harbor2	chr9	118033491	118033921	LTR/ERV1	1699	+	215	118033706	34557
chr9	105036724	105236724	harbor2	chr9	105052976	105053440	LTR/ERV1	3654	+	232	105053208	16484
chr9	105036724	105236724	harbor2	chr9	105053738	105053900	LTR/ERV1	3654	+	81	105053819	17095
chr9	105036724	105236724	harbor2	chr9	105054268	105054434	LTR/ERV1	447	+	83	105054351	17627
chr9	105036724	105236724	harbor2	chr9	105054552	105054683	LTR/ERV1	403	+	66	105054618	17894
chr9	105036724	105236724	harbor2	chr9	105055371	105055431	LTR/ERV1	724	+	30	105055401	18677
chr9	105036724	105236724	harbor2	chr9	105055769	105056483	LTR/ERV1	3132	+	357	105056126	19402
chr9	105036724	105236724	harbor2	chr9	105056794	105056952	LTR/ERV1	3098	+	79	105056873	20149
chr9	105036724	105236724	harbor2	chr9	105057316	105057795	LTR/ERV1	1618	+	240	105057556	20832
chr9	105036724	105236724	harbor2	chr9	105057793	105057882	LTR/ERV1	1408	+	44	105057837	21113
chr9	105036724	105236724	harbor2	chr9	105058201	105058424	LTR/ERV1	1408	+	112	105058313	21589
chr9	105036724	105236724	harbor2	chr9	105058428	105058665	LTR/ERV1	1349	+	118	105058546	21822
chr9	105036724	105236724	harbor2	chr9	105058710	105058778	LTR/ERV1	426	+	34	105058744	22020
chr9	105036724	105236724	harbor2	chr9	105059083	105059334	LTR/ERV1	426	+	126	105059209	22485
chr9	105036724	105236724	harbor2	chr9	105059339	105059547	LTR/ERV1	1171	+	104	105059443	22719
chr9	105036724	105236724	harbor2	chr9	105059718	105059862	LTR/ERV1	2217	+	72	105059790	23066
chr9	105036724	105236724	harbor2	chr9	105060171	105060241	LTR/ERV1	2217	+	35	105060206	23482
chr9	105036724	105236724	harbor2	chr9	105060554	105060754	LTR/ERV1	2217	+	100	105060654	23930
chr9	105036724	105236724	harbor2	chr9	105080400	105080593	LTR/ERV1	3875	+	96	105080496	43772
chr9	105036724	105236724	harbor2	chr9	105080888	105081354	LTR/ERV1	3875	+	233	105081121	44397
chr9	105036724	105236724	harbor2	chr9	105084375	105084712	LTR/ERV1	1754	+	168	105084543	47819
chr9	105036724	105236724	harbor2	chr9	105134307	105134859	LTR/ERV1	4388	+	276	105134583	97859
chr9	65953297	66153297	harbor2	chr9	66031466	66031625	LTR/ERV1	520	+	80	66031546	78249
chr9	120238344	120438344	harbor2	chr9	120282032	120282301	LTR/ERV1	405	+	134	120282166	43822
chr9	120238344	120438344	harbor2	chr9	120282652	120282806	LTR/ERV1	572	+	77	120282729	44385
chr9	73473298	73673298	harbor2	chr9	73503989	73504447	LTR/ERV1	2134	+	229	73504218	30920
chr9	73473298	73673298	harbor2	chr9	73504504	73504980	LTR/ERV1	2410	+	238	73504742	31444
chr9	73473298	73673298	harbor2	chr9	73526976	73527396	LTR/ERV1	4506	+	210	73527186	53888
chr9	73473298	73673298	harbor2	chr9	73527691	73528018	LTR/ERV1	4506	+	164	73527855	54557
chr9	133812119	134012119	harbor2	chr9	133835075	133835245	LTR/ERV1	855	+	85	133835160	23041
chr9	133812119	134012119	harbor2	chr9	133900329	133900766	LTR/ERV1	1830	+	218	133900547	88428
chr9	133812119	134012119	harbor2	chr9	133901100	133901155	LTR/ERV1	603	+	28	133901128	89009
chr9	102594210	102794210	harbor2	chr9	102614954	102615404	LTR/ERV1	2903	+	225	102615179	20969
chr9	102594210	102794210	harbor2	chr9	102640364	102641039	LTR/ERV1	3698	+	338	102640702	46492
chr9	102594210	102794210	harbor2	chr9	102643125	102643358	LTR/ERV1	1563	+	116	102643241	49031
chr9	102594210	102794210	harbor2	chr9	102652586	102653273	LTR/ERV1	3974	+	344	102652930	58720
chr9	102594210	102794210	harbor2	chr9	102679428	102679887	LTR/ERV1	2396	+	230	102679658	85448
chr9	73622977	73822977	harbor2	chr9	73624885	73624961	LTR/ERV1	548	+	38	73624923	1946
chr9	135336313	135536313	harbor2	chr9	135365387	135365897	LTR/ERV1	1470	+	255	135365642	29329
chr9	135336313	135536313	harbor2	chr9	135368341	135368775	LTR/ERV1	2365	+	217	135368558	32245
chr9	135336313	135536313	harbor2	chr9	135388000	135388196	LTR/ERV1	1379	+	98	135388098	51785
chr9	135336313	135536313	harbor2	chr9	135388498	135388767	LTR/ERV1	1535	+	134	135388632	52319
chr9	135336313	135536313	harbor2	chr9	135420834	135420931	LTR/ERV1	4383	+	48	135420882	84569
chr9	135336313	135536313	harbor2	chr9	135421258	135421679	LTR/ERV1	4383	+	210	135421468	85155
chr9	135336313	135536313	harbor2	chr9	135421987	135422107	LTR/ERV1	4383	+	60	135422047	85734
chr9	135336313	135536313	harbor2	chr9	135423371	135424025	LTR/ERV1	2944	+	327	135423698	87385
chr9	135336313	135536313	harbor2	chr9	135424631	135425013	LTR/ERV1	2936	+	191	135424822	88509
chr9	135336313	135536313	harbor2	chr9	135425312	135425512	LTR/ERV1	2936	+	100	135425412	89099
chr9	135336313	135536313	harbor2	chr9	135426243	135426677	LTR/ERV1	3200	+	217	135426460	90147
chr9	137395843	137595843	harbor2	chr9	137418377	137418703	LTR/ERV1	1325	+	163	137418540	22697
chr9	137395843	137595843	harbor2	chr9	137418686	137419387	LTR/ERV1	8501	+	350	137419036	23193
chr9	137395843	137595843	harbor2	chr9	137419698	137419877	LTR/ERV1	8501	+	90	137419788	23945
chr9	137395843	137595843	harbor2	chr9	137420178	137420819	LTR/ERV1	8501	+	320	137420498	24655
chr9	137395843	137595843	harbor2	chr9	137421116	137421142	LTR/ERV1	8501	+	13	137421129	25286
chr9	137395843	137595843	harbor2	chr9	137421241	137421562	LTR/ERV1	8501	+	160	137421401	25558
chr9	137395843	137595843	harbor2	chr9	137421867	137422205	LTR/ERV1	1534	+	169	137422036	26193
chr9	95783267	95983267	harbor2	chr9	95803912	95804450	LTR/ERV1	3398	+	269	95804181	20914
chr9	95783267	95983267	harbor2	chr9	95847256	95847443	LTR/ERV1	1393	+	94	95847350	64083
chr9	95783267	95983267	harbor2	chr9	95847440	95848314	LTR/ERV1	3803	+	437	95847877	64610
chr9	95783267	95983267	harbor2	chr9	95848324	95848625	LTR/ERV1	2163	+	150	95848474	65207
chr9	95783267	95983267	harbor2	chr9	95882957	95883407	LTR/ERV1	2307	+	225	95883182	99915
chr9	114675553	114875553	harbor2	chr9	114698105	114698439	LTR/ERV1	1103	+	167	114698272	22719
chr9	114675553	114875553	harbor2	chr9	114699810	114700620	LTR/ERV1	2659	+	405	114700215	24662
chr9	114675553	114875553	harbor2	chr9	114756772	114757126	LTR/ERV1	805	+	177	114756949	81396
chr9	132748336	132948336	harbor2	chr9	132763429	132763833	LTR/ERV1	2509	+	202	132763631	15295
chr9	132748336	132948336	harbor2	chr9	132791683	132792144	LTR/ERV1	1889	+	230	132791913	43577
chr9	138282578	138482578	harbor2	chr9	138304686	138304846	LTR/ERV1	816	+	80	138304766	22188
chr9	67109652	67309652	harbor2	chr9	67134220	67134833	LTR/ERV1	4163	+	306	67134526	24874
chr9	67109652	67309652	harbor2	chr9	67202836	67203228	LTR/ERV1	1623	+	196	67203032	93380
chr9	119665161	119865161	harbor2	chr9	119742481	119742947	LTR/ERV1	2650	+	233	119742714	77553
chr9	79001458	79201458	harbor2	chr9	79008308	79008767	LTR/ERV1	3534	+	230	79008538	7080
chr9	79001458	79201458	harbor2	chr9	79083622	79084129	LTR/ERV1	3297	+	254	79083876	82418
chr9	127452094	127652094	harbor2	chr9	127511996	127512287	LTR/ERV1	3198	+	146	127512142	60048
chr9	127452094	127652094	harbor2	chr9	127512586	127512769	LTR/ERV1	3198	+	92	127512678	60584
chr9	127452094	127652094	harbor2	chr9	127513352	127513895	LTR/ERV1	4097	+	272	127513624	61530
chr9	87847032	88047032	harbor2	chr9	87871179	87871364	LTR/ERV1	1262	+	92	87871271	24239
chr9	87847032	88047032	harbor2	chr9	87871360	87871420	LTR/ERV1	422	+	30	87871390	24358
chr9	87847032	88047032	harbor2	chr9	87874023	87874740	LTR/ERV1	2053	+	358	87874381	27349
chr9	87847032	88047032	harbor2	chr9	87878320	87878908	LTR/ERV1	3481	+	294	87878614	31582
chr9	87847032	88047032	harbor2	chr9	87911718	87912201	LTR/ERV1	1456	+	242	87911960	64928
chr9	87847032	88047032	harbor2	chr9	87913162	87913244	LTR/ERV1	506	+	41	87913203	66171
chr9	87847032	88047032	harbor2	chr9	87916633	87916715	LTR/ERV1	506	+	41	87916674	69642
chr9	110380798	110580798	harbor2	chr9	110468354	110468882	LTR/ERV1	969	+	264	110468618	87820
chr9	135155490	135355490	harbor2	chr9	135172181	135172587	LTR/ERV1	2009	+	203	135172384	16894
chr9	135155490	135355490	harbor2	chr9	135209860	135210350	LTR/ERV1	556	+	245	135210105	54615
chr9	135155490	135355490	harbor2	chr9	135211265	135212318	LTR/ERV1	4346	+	526	135211791	56301
chr9	135155490	135355490	harbor2	chr9	135238074	135238520	LTR/ERV1	1295	+	223	135238297	82807
chr9	135155490	135355490	harbor2	chr9	135238793	135238836	LTR/ERV1	1295	+	22	135238815	83325
chr9	130773987	130973987	harbor2	chr9	130817152	130817741	LTR/ERV1	5154	+	294	130817446	43459
chr9	135154561	135354561	harbor2	chr9	135172181	135172587	LTR/ERV1	2009	+	203	135172384	17823
chr9	135154561	135354561	harbor2	chr9	135209860	135210350	LTR/ERV1	556	+	245	135210105	55544
chr9	135154561	135354561	harbor2	chr9	135211265	135212318	LTR/ERV1	4346	+	526	135211791	57230
chr9	135154561	135354561	harbor2	chr9	135238074	135238520	LTR/ERV1	1295	+	223	135238297	83736
chr9	135154561	135354561	harbor2	chr9	135238793	135238836	LTR/ERV1	1295	+	22	135238815	84254
chr9	86412780	86612780	harbor2	chr9	86436545	86437093	LTR/ERV1	2565	+	274	86436819	24039
chr9	86412780	86612780	harbor2	chr9	86438038	86438511	LTR/ERV1	3458	+	236	86438274	25494
chr9	86412780	86612780	harbor2	chr9	86460103	86460537	LTR/ERV1	3039	+	217	86460320	47540
chr9	86412780	86612780	harbor2	chr9	86467768	86468286	LTR/ERV1	2129	+	259	86468027	55247
chr9	86412780	86612780	harbor2	chr9	86488199	86489103	LTR/ERV1	4899	+	452	86488651	75871
chr9	101131497	101331497	harbor2	chr9	101211199	101211436	LTR/ERV1	978	+	118	101211317	79820
chr9	101131497	101331497	harbor2	chr9	101211443	101211548	LTR/ERV1	481	+	52	101211495	79998
chr9	115084853	115284853	harbor2	chr9	115182186	115182807	LTR/ERV1	4020	+	310	115182496	97643
chr9	115084853	115284853	harbor2	chr9	115183527	115184134	LTR/ERV1	2731	+	304	115183831	98978
chr9	126275475	126475475	harbor2	chr9	126303897	126304056	LTR/ERV1	922	+	80	126303977	28502
chr9	79981518	80181518	harbor2	chr9	80056597	80056699	LTR/ERV1	544	+	51	80056648	75130
chr9	79981518	80181518	harbor2	chr9	80075502	80075998	LTR/ERV1	2434	+	248	80075750	94232
chr9	136664701	136864701	harbor2	chr9	136693088	136693167	LTR/ERV1	428	+	40	136693128	28427
chr9	136664701	136864701	harbor2	chr9	136693167	136693434	LTR/ERV1	1258	+	134	136693301	28600
chr9	136664701	136864701	harbor2	chr9	136704861	136705030	LTR/ERV1	979	+	84	136704945	40244
chr9	136664701	136864701	harbor2	chr9	136705353	136705519	LTR/ERV1	979	+	83	136705436	40735
chr9	120489848	120689848	harbor2	chr9	120519386	120519845	LTR/ERV1	2365	+	230	120519616	29768
chr9	120489848	120689848	harbor2	chr9	120585856	120586294	LTR/ERV1	1099	+	219	120586075	96227
chr9	77807952	78007952	harbor2	chr9	77893076	77893693	LTR/ERV1	4217	+	308	77893384	85432
chr9	84999112	85199112	harbor2	chr9	85061899	85062357	LTR/ERV1	2608	+	229	85062128	63016
chr9	84999112	85199112	harbor2	chr9	85066340	85066771	LTR/ERV1	2632	+	216	85066556	67444
chr9	84999112	85199112	harbor2	chr9	85066834	85067282	LTR/ERV1	2407	+	224	85067058	67946
chr9	127315677	127515677	harbor2	chr9	127413306	127413662	LTR/ERV1	2030	+	178	127413484	97807
chr9	127315677	127515677	harbor2	chr9	127413663	127413947	LTR/ERV1	2610	+	142	127413805	98128
chr9	127315677	127515677	harbor2	chr9	127414257	127414475	LTR/ERV1	2610	+	109	127414366	98689
chr9	127315677	127515677	harbor2	chr9	127414474	127415068	LTR/ERV1	3118	+	297	127414771	99094
chr9	135983423	136183423	harbor2	chr9	136028520	136030023	LTR/ERV1	8133	+	752	136029272	45849
chr9	135983423	136183423	harbor2	chr9	136062384	136062631	LTR/ERV1	403	+	124	136062508	79085
chr9	135983423	136183423	harbor2	chr9	136073538	136074013	LTR/ERV1	1222	+	238	136073776	90353
chr9	135983423	136183423	harbor2	chr9	136076191	136076346	LTR/ERV1	490	+	78	136076269	92846
chr9	138195282	138395282	harbor2	chr9	138214093	138214685	LTR/ERV1	4660	+	296	138214389	19107
chr9	138195282	138395282	harbor2	chr9	138225185	138225371	LTR/ERV1	643	+	93	138225278	29996
chr9	138195282	138395282	harbor2	chr9	138235080	138235585	LTR/ERV1	895	+	252	138235332	40050
chr9	70361464	70561464	harbor2	chr9	70459682	70459816	LTR/ERV1	870	+	67	70459749	98285
chr9	106990723	107190723	harbor2	chr9	107063666	107064239	LTR/ERV1	2777	+	286	107063952	73229
chr9	117466202	117666202	harbor2	chr9	117516493	117516934	LTR/ERV1	1787	+	220	117516713	50511
chr9	136238156	136438156	harbor2	chr9	136242881	136243724	LTR/ERV1	4407	+	422	136243303	5147
chr9	136238156	136438156	harbor2	chr9	136287250	136287709	LTR/ERV1	2898	+	230	136287480	49324
chr9	136788307	136988307	harbor2	chr9	136871173	136871224	LTR/ERV1	607	+	26	136871199	82892
chr9	136788307	136988307	harbor2	chr9	136871520	136871824	LTR/ERV1	891	+	152	136871672	83365
chr9	136788307	136988307	harbor2	chr9	136872151	136872237	LTR/ERV1	891	+	43	136872194	83887
chr9	136788307	136988307	harbor2	chr9	136872550	136872625	LTR/ERV1	891	+	38	136872588	84281
chr9	136788307	136988307	harbor2	chr9	136872910	136873081	LTR/ERV1	891	+	86	136872996	84689
chr9	136788307	136988307	harbor2	chr9	136873391	136873735	LTR/ERV1	985	+	172	136873563	85256
chr9	136788307	136988307	harbor2	chr9	136873724	136873761	LTR/ERV1	766	+	18	136873742	85435
chr9	136788307	136988307	harbor2	chr9	136874363	136874659	LTR/ERV1	766	+	148	136874511	86204
chr9	136788307	136988307	harbor2	chr9	136874946	136875014	LTR/ERV1	760	+	34	136874980	86673
chr9	136788307	136988307	harbor2	chr9	136875045	136875278	LTR/ERV1	848	+	116	136875161	86854
chr9	136788307	136988307	harbor2	chr9	136875284	136875446	LTR/ERV1	478	+	81	136875365	87058
chr9	120524058	120724058	harbor2	chr9	120585856	120586294	LTR/ERV1	1099	+	219	120586075	62017
chr9	138260083	138460083	harbor2	chr9	138304686	138304846	LTR/ERV1	816	+	80	138304766	44683
chr9	76395034	76595034	harbor2	chr9	76415443	76415584	LTR/ERV1	861	+	70	76415513	20479
chr9	76395034	76595034	harbor2	chr9	76415957	76416669	LTR/ERV1	4761	+	356	76416313	21279
chr9	76395034	76595034	harbor2	chr9	76432666	76433782	LTR/ERV1	6066	+	558	76433224	38190
chr9	76395034	76595034	harbor2	chr9	76437166	76437718	LTR/ERV1	4218	+	276	76437442	42408
chr9	76395034	76595034	harbor2	chr9	76449024	76449045	LTR/ERV1	447	+	10	76449034	54000
chr9	76395034	76595034	harbor2	chr9	76449323	76449766	LTR/ERV1	912	+	222	76449545	54511
chr9	76395034	76595034	harbor2	chr9	76450115	76450374	LTR/ERV1	759	+	130	76450245	55211
chr9	76395034	76595034	harbor2	chr9	76457856	76458097	LTR/ERV1	448	+	120	76457976	62942
chr9	76395034	76595034	harbor2	chr9	76469231	76469990	LTR/ERV1	6368	+	380	76469611	74577
chr9	76395034	76595034	harbor2	chr9	76477879	76478576	LTR/ERV1	4784	+	348	76478227	83193
chr9	94223353	94423353	harbor2	chr9	94225340	94225935	LTR/ERV1	3636	+	298	94225638	2285
chr9	138223654	138423654	harbor2	chr9	138225185	138225371	LTR/ERV1	643	+	93	138225278	1624
chr9	138223654	138423654	harbor2	chr9	138235080	138235585	LTR/ERV1	895	+	252	138235332	11678
chr9	138223654	138423654	harbor2	chr9	138304686	138304846	LTR/ERV1	816	+	80	138304766	81112
chr9	128762246	128962246	harbor2	chr9	128781446	128781947	LTR/ERV1	3249	+	250	128781696	19450
chr9	134964344	135164344	harbor2	chr9	134998371	134998701	LTR/ERV1	1639	+	165	134998536	34192
chr9	134964344	135164344	harbor2	chr9	134998755	135000000	LTR/ERV1	5649	+	622	134999377	35033
chr9	134964344	135164344	harbor2	chr9	135000002	135001206	LTR/ERV1	3162	+	602	135000604	36260
chr9	134964344	135164344	harbor2	chr9	135014645	135014906	LTR/ERV1	574	+	130	135014775	50431
chr9	134964344	135164344	harbor2	chr9	135028444	135028762	LTR/ERV1	3682	+	159	135028603	64259
chr9	134964344	135164344	harbor2	chr9	135029058	135029319	LTR/ERV1	3682	+	130	135029188	64844
chr9	116776244	116976244	harbor2	chr9	116787202	116787759	LTR/ERV1	2266	+	278	116787480	11236
chr9	116776244	116976244	harbor2	chr9	116835159	116835583	LTR/ERV1	2958	+	212	116835371	59127
chr9	116776244	116976244	harbor2	chr9	116835637	116835787	LTR/ERV1	1210	+	75	116835712	59468
chr10	120263406	120463406	harbor2	chr10	120299129	120299536	LTR/ERV1	2936	+	204	120299333	35927
chr10	120263406	120463406	harbor2	chr10	120299654	120300433	LTR/ERV1	4081	+	390	120300044	36638
chr10	123683661	123883661	harbor2	chr10	123732829	123733095	LTR/ERV1	2016	+	133	123732962	49301
chr10	123683661	123883661	harbor2	chr10	123733398	123733781	LTR/ERV1	2016	+	192	123733590	49929
chr10	123683661	123883661	harbor2	chr10	123736221	123736701	LTR/ERV1	1818	+	240	123736461	52800
chr10	123683661	123883661	harbor2	chr10	123737734	123737892	LTR/ERV1	802	+	79	123737813	54152
chr10	123683661	123883661	harbor2	chr10	123738626	123738685	LTR/ERV1	802	+	30	123738656	54995
chr10	123683661	123883661	harbor2	chr10	123782733	123783365	LTR/ERV1	4492	+	316	123783049	99388
chr10	107628214	107828214	harbor2	chr10	107669514	107669958	LTR/ERV1	1667	+	222	107669736	41522
chr10	107628214	107828214	harbor2	chr10	107672571	107672855	LTR/ERV1	1411	+	142	107672713	44499
chr10	107628214	107828214	harbor2	chr10	107672850	107673200	LTR/ERV1	2405	+	175	107673025	44811
chr10	117552498	117752498	harbor2	chr10	117576229	117576568	LTR/ERV1	500	+	170	117576399	23901
chr10	117552498	117752498	harbor2	chr10	117618302	117618854	LTR/ERV1	4298	+	276	117618578	66080
chr10	131212061	131412061	harbor2	chr10	131293335	131293791	LTR/ERV1	2789	+	228	131293563	81502
chr10	131212061	131412061	harbor2	chr10	131294302	131294566	LTR/ERV1	526	+	132	131294434	82373
chr10	131212061	131412061	harbor2	chr10	131302377	131302609	LTR/ERV1	1679	+	116	131302493	90432
chr10	123323055	123523055	harbor2	chr10	123395636	123395780	LTR/ERV1	565	+	72	123395708	72653
chr10	80510470	80710470	harbor2	chr10	80585695	80587129	LTR/ERV1	10366	+	717	80586412	75942
chr10	80510470	80710470	harbor2	chr10	80543082	80544459	LTR/ERV1	10064	+	688	80543770	33300
chr10	132958917	133158917	harbor2	chr10	132962191	132962659	LTR/ERV1	2173	+	234	132962425	3508
chr10	132958917	133158917	harbor2	chr10	133004175	133004613	LTR/ERV1	3826	+	219	133004394	45477
chr10	132958917	133158917	harbor2	chr10	133035078	133035826	LTR/ERV1	5445	+	374	133035452	76535
chr10	132958917	133158917	harbor2	chr10	133036708	133037112	LTR/ERV1	3477	+	202	133036910	77993
chr10	132958917	133158917	harbor2	chr10	133037439	133037872	LTR/ERV1	3477	+	216	133037655	78738
chr10	72833819	73033819	harbor2	chr10	72888319	72888746	LTR/ERV1	2593	+	214	72888533	54714
chr10	72833819	73033819	harbor2	chr10	72903901	72904364	LTR/ERV1	4171	+	232	72904133	70314
chr10	106547378	106747378	harbor2	chr10	106584371	106584743	LTR/ERV1	2114	+	186	106584557	37179
chr10	106547378	106747378	harbor2	chr10	106615055	106615460	LTR/ERV1	1813	+	202	106615257	67879
chr10	132956164	133156164	harbor2	chr10	132956799	132956986	LTR/ERV1	2192	+	94	132956893	729
chr10	132956164	133156164	harbor2	chr10	132962191	132962659	LTR/ERV1	2173	+	234	132962425	6261
chr10	132956164	133156164	harbor2	chr10	133004175	133004613	LTR/ERV1	3826	+	219	133004394	48230
chr10	132956164	133156164	harbor2	chr10	133035078	133035826	LTR/ERV1	5445	+	374	133035452	79288
chr10	132956164	133156164	harbor2	chr10	133036708	133037112	LTR/ERV1	3477	+	202	133036910	80746
chr10	132956164	133156164	harbor2	chr10	133037439	133037872	LTR/ERV1	3477	+	216	133037655	81491
chr10	132956164	133156164	harbor2	chr10	132955898	132956444	LTR/ERV1	2192	+	273	132956171	7
chr10	132868375	133068375	harbor2	chr10	132886660	132886944	LTR/ERV1	714	+	142	132886802	18427
chr10	132868375	133068375	harbor2	chr10	132888070	132888197	LTR/ERV1	538	+	64	132888134	19759
chr10	132868375	133068375	harbor2	chr10	132890320	132890554	LTR/ERV1	682	+	117	132890437	22062
chr10	132868375	133068375	harbor2	chr10	132891218	132892094	LTR/ERV1	5038	+	438	132891656	23281
chr10	132868375	133068375	harbor2	chr10	132892488	132892809	LTR/ERV1	1198	+	160	132892648	24273
chr10	132868375	133068375	harbor2	chr10	132892850	132893316	LTR/ERV1	3671	+	233	132893083	24708
chr10	132868375	133068375	harbor2	chr10	132893317	132893661	LTR/ERV1	2315	+	172	132893489	25114
chr10	132868375	133068375	harbor2	chr10	132893662	132893895	LTR/ERV1	3671	+	116	132893778	25403
chr10	132868375	133068375	harbor2	chr10	132956799	132956986	LTR/ERV1	2192	+	94	132956893	88518
chr10	132868375	133068375	harbor2	chr10	132962191	132962659	LTR/ERV1	2173	+	234	132962425	94050
chr10	132868375	133068375	harbor2	chr10	132890600	132890765	LTR/ERV1	733	+	82	132890682	22307
chr10	132868375	133068375	harbor2	chr10	132955898	132956444	LTR/ERV1	2192	+	273	132956171	87796
chr10	97943130	98143130	harbor2	chr10	97999025	97999998	LTR/ERV1	3768	+	486	97999511	56381
chr10	97943130	98143130	harbor2	chr10	98000001	98000709	LTR/ERV1	3577	+	354	98000355	57225
chr10	51876603	52076603	harbor2	chr10	51916081	51916641	LTR/ERV1	4022	+	280	51916361	39758
chr10	127336351	127536351	harbor2	chr10	127400706	127401259	LTR/ERV1	1371	+	276	127400982	64631
chr10	127336351	127536351	harbor2	chr10	127401833	127401906	LTR/ERV1	469	+	36	127401869	65518
chr10	131961234	132161234	harbor2	chr10	131999687	132000000	LTR/ERV1	2324	+	156	131999843	38609
chr10	131961234	132161234	harbor2	chr10	132000001	132000048	LTR/ERV1	2149	+	24	132000025	38791
chr10	131961234	132161234	harbor2	chr10	132000352	132000671	LTR/ERV1	2149	+	160	132000512	39278
chr10	131961234	132161234	harbor2	chr10	132000810	132000855	LTR/ERV1	857	+	22	132000832	39598
chr10	131961234	132161234	harbor2	chr10	132001167	132001279	LTR/ERV1	857	+	56	132001223	39989
chr10	131961234	132161234	harbor2	chr10	132001507	132002041	LTR/ERV1	3206	+	267	132001774	40540
chr10	131961234	132161234	harbor2	chr10	132002344	132003066	LTR/ERV1	5457	+	361	132002705	41471
chr10	131961234	132161234	harbor2	chr10	132004132	132004391	LTR/ERV1	1232	+	130	132004262	43028
chr10	131961234	132161234	harbor2	chr10	132004808	132005489	LTR/ERV1	5284	+	340	132005148	43914
chr10	131961234	132161234	harbor2	chr10	132006891	132007004	LTR/ERV1	3268	+	56	132006947	45713
chr10	131961234	132161234	harbor2	chr10	132007578	132007910	LTR/ERV1	2250	+	166	132007744	46510
chr10	131961234	132161234	harbor2	chr10	132007911	132008301	LTR/ERV1	8088	+	195	132008106	46872
chr10	131961234	132161234	harbor2	chr10	132008335	132008417	LTR/ERV1	8088	+	41	132008376	47142
chr10	131961234	132161234	harbor2	chr10	132008714	132009666	LTR/ERV1	8088	+	476	132009190	47956
chr10	131961234	132161234	harbor2	chr10	132009682	132009949	LTR/ERV1	1216	+	134	132009816	48582
chr10	131961234	132161234	harbor2	chr10	132009950	132011358	LTR/ERV1	5217	+	704	132010654	49420
chr10	131961234	132161234	harbor2	chr10	132011333	132011777	LTR/ERV1	1874	+	222	132011555	50321
chr10	131961234	132161234	harbor2	chr10	132012097	132012507	LTR/ERV1	1775	+	205	132012302	51068
chr10	131961234	132161234	harbor2	chr10	132012485	132013540	LTR/ERV1	10095	+	528	132013013	51779
chr10	131961234	132161234	harbor2	chr10	132013805	132014393	LTR/ERV1	10095	+	294	132014099	52865
chr10	131961234	132161234	harbor2	chr10	132014394	132014529	LTR/ERV1	692	+	68	132014462	53228
chr10	131961234	132161234	harbor2	chr10	132014548	132014871	LTR/ERV1	2266	+	162	132014710	53476
chr10	131961234	132161234	harbor2	chr10	132014874	132015215	LTR/ERV1	2437	+	170	132015044	53810
chr10	131961234	132161234	harbor2	chr10	132015220	132015261	LTR/ERV1	2348	+	20	132015240	54006
chr10	131961234	132161234	harbor2	chr10	132016135	132016519	LTR/ERV1	2348	+	192	132016327	55093
chr10	131961234	132161234	harbor2	chr10	132016975	132017339	LTR/ERV1	810	+	182	132017157	55923
chr10	131961234	132161234	harbor2	chr10	132005628	132006047	LTR/ERV1	3268	+	210	132005838	44604
chr10	116926452	117126452	harbor2	chr10	116989409	116989926	LTR/ERV1	1504	+	258	116989667	63215
chr10	116926452	117126452	harbor2	chr10	116989949	116990277	LTR/ERV1	825	+	164	116990113	63661
chr10	116926452	117126452	harbor2	chr10	116992184	116992543	LTR/ERV1	656	+	180	116992364	65912
chr10	116926452	117126452	harbor2	chr10	116992719	116992881	LTR/ERV1	528	+	81	116992800	66348
chr10	116926452	117126452	harbor2	chr10	116992877	116993004	LTR/ERV1	911	+	64	116992941	66489
chr10	116926452	117126452	harbor2	chr10	116993316	116996952	LTR/ERV1	9740	+	1818	116995134	68682
chr10	116926452	117126452	harbor2	chr10	116996959	116997446	LTR/ERV1	1092	+	244	116997203	70751
chr10	48972285	49172285	harbor2	chr10	49013079	49013541	LTR/ERV1	2762	+	231	49013310	41025
chr10	54670085	54870085	harbor2	chr10	54687468	54687880	LTR/ERV1	1004	+	206	54687674	17589
chr10	132846357	133046357	harbor2	chr10	132848296	132848877	LTR/ERV1	2171	+	290	132848586	2229
chr10	132846357	133046357	harbor2	chr10	132886660	132886944	LTR/ERV1	714	+	142	132886802	40445
chr10	132846357	133046357	harbor2	chr10	132888070	132888197	LTR/ERV1	538	+	64	132888134	41777
chr10	132846357	133046357	harbor2	chr10	132890320	132890554	LTR/ERV1	682	+	117	132890437	44080
chr10	132846357	133046357	harbor2	chr10	132891218	132892094	LTR/ERV1	5038	+	438	132891656	45299
chr10	132846357	133046357	harbor2	chr10	132892488	132892809	LTR/ERV1	1198	+	160	132892648	46291
chr10	132846357	133046357	harbor2	chr10	132892850	132893316	LTR/ERV1	3671	+	233	132893083	46726
chr10	132846357	133046357	harbor2	chr10	132893317	132893661	LTR/ERV1	2315	+	172	132893489	47132
chr10	132846357	133046357	harbor2	chr10	132893662	132893895	LTR/ERV1	3671	+	116	132893778	47421
chr10	132846357	133046357	harbor2	chr10	132890600	132890765	LTR/ERV1	733	+	82	132890682	44325
chr10	95842479	96042479	harbor2	chr10	95896479	95896899	LTR/ERV1	1651	+	210	95896689	54210
chr10	94359759	94559759	harbor2	chr10	94380230	94380459	LTR/ERV1	1204	+	114	94380344	20585
chr10	94359759	94559759	harbor2	chr10	94380463	94381020	LTR/ERV1	3047	+	278	94380741	20982
chr10	94359759	94559759	harbor2	chr10	94381010	94381144	LTR/ERV1	1241	+	67	94381077	21318
chr10	94359759	94559759	harbor2	chr10	94381453	94381639	LTR/ERV1	1241	+	93	94381546	21787
chr10	94359759	94559759	harbor2	chr10	94382335	94382455	LTR/ERV1	700	+	60	94382395	22636
chr10	94359759	94559759	harbor2	chr10	94382530	94382802	LTR/ERV1	801	+	136	94382666	22907
chr10	94359759	94559759	harbor2	chr10	94382784	94383361	LTR/ERV1	1195	+	288	94383072	23313
chr10	94359759	94559759	harbor2	chr10	94383538	94383859	LTR/ERV1	1598	+	160	94383698	23939
chr10	94359759	94559759	harbor2	chr10	94384176	94384484	LTR/ERV1	1598	+	154	94384330	24571
chr10	94359759	94559759	harbor2	chr10	94384486	94384948	LTR/ERV1	3984	+	231	94384717	24958
chr10	94359759	94559759	harbor2	chr10	94384949	94387397	LTR/ERV1	30134	+	1224	94386173	26414
chr10	94359759	94559759	harbor2	chr10	94392146	94392604	LTR/ERV1	4104	+	229	94392375	32616
chr10	94359759	94559759	harbor2	chr10	94392605	94393096	LTR/ERV1	2157	+	246	94392851	33092
chr10	94359759	94559759	harbor2	chr10	94393093	94393308	LTR/ERV1	3358	+	108	94393201	33442
chr10	94359759	94559759	harbor2	chr10	94393602	94393683	LTR/ERV1	3358	+	40	94393642	33883
chr10	94359759	94559759	harbor2	chr10	94394002	94394117	LTR/ERV1	3358	+	58	94394060	34301
chr10	94359759	94559759	harbor2	chr10	94394425	94394730	LTR/ERV1	3358	+	152	94394577	34818
chr10	94359759	94559759	harbor2	chr10	94396099	94396262	LTR/ERV1	3358	+	82	94396181	36422
chr10	94359759	94559759	harbor2	chr10	94396568	94396741	LTR/ERV1	3358	+	86	94396654	36895
chr10	94359759	94559759	harbor2	chr10	94387699	94392145	LTR/ERV1	36857	+	2223	94389922	30163
chr10	93703293	93903293	harbor2	chr10	93712333	93712458	LTR/ERV1	2314	+	62	93712395	9102
chr10	93703293	93903293	harbor2	chr10	93712459	93712927	LTR/ERV1	2586	+	234	93712693	9400
chr10	93703293	93903293	harbor2	chr10	93712928	93713442	LTR/ERV1	2314	+	257	93713185	9892
chr10	93703293	93903293	harbor2	chr10	93714419	93714566	LTR/ERV1	3403	+	74	93714493	11200
chr10	93703293	93903293	harbor2	chr10	93714860	93715468	LTR/ERV1	3403	+	304	93715164	11871
chr10	93703293	93903293	harbor2	chr10	93740375	93741366	LTR/ERV1	6944	+	496	93740871	37578
chr10	93703293	93903293	harbor2	chr10	93741367	93741853	LTR/ERV1	3428	+	243	93741610	38317
chr10	94941807	95141807	harbor2	chr10	94954082	94954585	LTR/ERV1	1403	+	252	94954334	12527
chr10	94941807	95141807	harbor2	chr10	95035669	95036175	LTR/ERV1	2712	+	253	95035922	94115
chr10	117107575	117307575	harbor2	chr10	117178427	117178887	LTR/ERV1	3323	+	230	117178657	71082
chr10	36389931	36589931	harbor2	chr10	36425999	36426431	LTR/ERV1	2279	+	216	36426215	36284
chr10	93744844	93944844	harbor2	chr10	93838533	93838785	LTR/ERV1	1526	+	126	93838659	93815
chr10	93744844	93944844	harbor2	chr10	93839096	93839168	LTR/ERV1	1526	+	36	93839132	94288
chr10	93744844	93944844	harbor2	chr10	93843753	93844113	LTR/ERV1	2431	+	180	93843933	99089
chr10	93744844	93944844	harbor2	chr10	93844699	93844875	LTR/ERV1	2431	+	88	93844787	99943
chr10	71086628	71286628	harbor2	chr10	71128123	71128791	LTR/ERV1	3287	+	334	71128457	41829
chr10	112408909	112608909	harbor2	chr10	112479263	112479930	LTR/ERV1	2591	+	334	112479597	70688
chr10	90550312	90750312	harbor2	chr10	90561906	90562538	LTR/ERV1	1860	+	316	90562222	11910
chr10	90550312	90750312	harbor2	chr10	90571963	90572148	LTR/ERV1	1095	+	92	90572055	21743
chr10	90550312	90750312	harbor2	chr10	90617523	90617704	LTR/ERV1	627	+	90	90617613	67301
chr10	85316891	85516891	harbor2	chr10	85373780	85374479	LTR/ERV1	4143	+	350	85374130	57239
chr10	102833597	103033597	harbor2	chr10	102891979	102892687	LTR/ERV1	6098	+	354	102892333	58736
chr10	102833597	103033597	harbor2	chr10	102893091	102893313	LTR/ERV1	1417	+	111	102893202	59605
chr10	102833597	103033597	harbor2	chr10	102893934	102894143	LTR/ERV1	1140	+	104	102894038	60441
chr10	102833597	103033597	harbor2	chr10	102894456	102895059	LTR/ERV1	3315	+	302	102894758	61161
chr10	102833597	103033597	harbor2	chr10	102891360	102891666	LTR/ERV1	6098	+	153	102891513	57916
chr10	92875019	93075019	harbor2	chr10	92897442	92898037	LTR/ERV1	4278	+	298	92897740	22721
chr10	92875019	93075019	harbor2	chr10	92916022	92916228	LTR/ERV1	1095	+	103	92916125	41106
chr10	92875019	93075019	harbor2	chr10	92916531	92916810	LTR/ERV1	1095	+	140	92916671	41652
chr10	70548916	70748916	harbor2	chr10	70573909	70574514	LTR/ERV1	3059	+	302	70574211	25295
chr10	70548916	70748916	harbor2	chr10	70584677	70584872	LTR/ERV1	857	+	98	70584775	35859
chr10	70548916	70748916	harbor2	chr10	70586910	70587288	LTR/ERV1	2261	+	189	70587099	38183
chr10	70548916	70748916	harbor2	chr10	70621158	70621275	LTR/ERV1	2177	+	58	70621216	72300
chr10	70548916	70748916	harbor2	chr10	70621578	70621906	LTR/ERV1	2177	+	164	70621742	72826
chr10	70548916	70748916	harbor2	chr10	70622086	70622183	LTR/ERV1	3071	+	48	70622134	73218
chr10	70548916	70748916	harbor2	chr10	70622488	70622501	LTR/ERV1	3071	+	6	70622494	73578
chr10	70548916	70748916	harbor2	chr10	70622502	70623541	LTR/ERV1	5352	+	520	70623022	74106
chr10	70548916	70748916	harbor2	chr10	70623542	70623758	LTR/ERV1	3071	+	108	70623650	74734
chr10	70548916	70748916	harbor2	chr10	70624059	70624201	LTR/ERV1	3071	+	71	70624130	75214
chr10	70548916	70748916	harbor2	chr10	70625399	70625492	LTR/ERV1	3071	+	46	70625445	76529
chr10	70548916	70748916	harbor2	chr10	70625493	70625517	LTR/ERV1	1920	+	12	70625505	76589
chr10	70548916	70748916	harbor2	chr10	70625824	70626932	LTR/ERV1	2048	+	554	70626378	77462
chr10	70548916	70748916	harbor2	chr10	70638480	70638598	LTR/ERV1	543	+	59	70638539	89623
chr10	113662521	113862521	harbor2	chr10	113670425	113670739	LTR/ERV1	1674	+	157	113670582	8061
chr10	113662521	113862521	harbor2	chr10	113695513	113696146	LTR/ERV1	4521	+	316	113695829	33308
chr10	88792895	88992895	harbor2	chr10	88804495	88805017	LTR/ERV1	2678	+	261	88804756	11861
chr10	88792895	88992895	harbor2	chr10	88841585	88841990	LTR/ERV1	2108	+	202	88841787	48892
chr10	88792895	88992895	harbor2	chr10	88852490	88853007	LTR/ERV1	3065	+	258	88852748	59853
chr10	14097671	14297671	harbor2	chr10	14135162	14135593	LTR/ERV1	2980	+	216	14135378	37707
chr10	14097671	14297671	harbor2	chr10	14136172	14136911	LTR/ERV1	4163	+	370	14136542	38871
chr10	14097671	14297671	harbor2	chr10	14186089	14186589	LTR/ERV1	2725	+	250	14186339	88668
chr10	119935140	120135140	harbor2	chr10	119972348	119972813	LTR/ERV1	3396	+	232	119972580	37440
chr10	119935140	120135140	harbor2	chr10	120024816	120025360	LTR/ERV1	1796	+	272	120025088	89948
chr10	119935140	120135140	harbor2	chr10	120033079	120033294	LTR/ERV1	835	+	108	120033187	98047
chr10	119935140	120135140	harbor2	chr10	120033592	120033803	LTR/ERV1	936	+	106	120033698	98558
chr10	119935140	120135140	harbor2	chr10	120034119	120034195	LTR/ERV1	410	+	38	120034157	99017
chr10	116487021	116687021	harbor2	chr10	116500424	116500896	LTR/ERV1	3281	+	236	116500660	13639
chr10	116487021	116687021	harbor2	chr10	116528837	116529351	LTR/ERV1	2294	+	257	116529094	42073
chr10	111929341	112129341	harbor2	chr10	111962114	111962711	LTR/ERV1	2749	+	298	111962412	33071
chr10	111929341	112129341	harbor2	chr10	112002142	112002829	LTR/ERV1	1095	+	344	112002486	73145
chr10	133505207	133705207	harbor2	chr10	133540001	133540633	LTR/ERV1	1098	+	316	133540317	35110
chr10	133505207	133705207	harbor2	chr10	133543132	133543705	LTR/ERV1	2770	+	286	133543418	38211
chr10	133505207	133705207	harbor2	chr10	133560793	133561247	LTR/ERV1	2426	+	227	133561020	55813
chr10	133505207	133705207	harbor2	chr10	133561251	133562261	LTR/ERV1	3688	+	505	133561756	56549
chr10	133505207	133705207	harbor2	chr10	133591271	133591766	LTR/ERV1	3125	+	248	133591519	86312
chr10	133505207	133705207	harbor2	chr10	133562317	133562870	LTR/ERV1	2376	+	276	133562593	57386
chr10	108044744	108244744	harbor2	chr10	108081438	108081593	LTR/ERV1	749	+	78	108081516	36772
chr10	108044744	108244744	harbor2	chr10	108125933	108126698	LTR/ERV1	4035	+	382	108126315	81571
chr10	124058875	124258875	harbor2	chr10	124145754	124146144	LTR/ERV1	878	+	195	124145949	87074
chr10	124058875	124258875	harbor2	chr10	124148636	124149183	LTR/ERV1	4456	+	274	124148910	90035
chr10	80861833	81061833	harbor2	chr10	80896897	80897389	LTR/ERV1	3126	+	246	80897143	35310
chr10	80861833	81061833	harbor2	chr10	80945683	80946085	LTR/ERV1	2413	+	201	80945884	84051
chr10	80861833	81061833	harbor2	chr10	80946609	80947008	LTR/ERV1	1571	+	200	80946809	84976
chr10	80861833	81061833	harbor2	chr10	80948748	80949110	LTR/ERV1	1760	+	181	80948929	87096
chr10	80861833	81061833	harbor2	chr10	80951504	80952143	LTR/ERV1	3135	+	320	80951824	89991
chr10	80861833	81061833	harbor2	chr10	80920220	80920827	LTR/ERV1	4387	+	304	80920524	58691
chr10	121155520	121355520	harbor2	chr10	121165647	121166104	LTR/ERV1	1580	+	228	121165875	10355
chr10	87278880	87478880	harbor2	chr10	87354245	87354494	LTR/ERV1	1288	+	124	87354369	75489
chr10	73935508	74135508	harbor2	chr10	73938491	73938842	LTR/ERV1	3251	+	176	73938667	3159
chr10	73935508	74135508	harbor2	chr10	73939136	73939413	LTR/ERV1	3251	+	138	73939274	3766
chr10	73935508	74135508	harbor2	chr10	73944453	73945963	LTR/ERV1	8653	+	755	73945208	9700
chr10	109564190	109764190	harbor2	chr10	109562866	109565761	LTR/ERV1	14147	+	1448	109564314	124
chr10	109564190	109764190	harbor2	chr10	109565756	109566601	LTR/ERV1	5393	+	422	109566178	1988
chr10	109564190	109764190	harbor2	chr10	109566601	109567219	LTR/ERV1	2901	+	309	109566910	2720
chr10	109564190	109764190	harbor2	chr10	109567257	109567461	LTR/ERV1	1303	+	102	109567359	3169
chr10	109564190	109764190	harbor2	chr10	109567462	109567835	LTR/ERV1	2151	+	186	109567648	3458
chr10	109564190	109764190	harbor2	chr10	109567836	109568252	LTR/ERV1	2726	+	208	109568044	3854
chr10	109564190	109764190	harbor2	chr10	109611453	109611913	LTR/ERV1	1304	+	230	109611683	47493
chr10	109564190	109764190	harbor2	chr10	109632462	109633334	LTR/ERV1	5172	+	436	109632898	68708
chr10	109564190	109764190	harbor2	chr10	109633575	109634464	LTR/ERV1	3375	+	444	109634019	69829
chr10	109564190	109764190	harbor2	chr10	109634464	109636055	LTR/ERV1	10260	+	796	109635260	71070
chr10	109564190	109764190	harbor2	chr10	109636348	109636611	LTR/ERV1	10260	+	132	109636480	72290
chr10	109564190	109764190	harbor2	chr10	109636604	109637277	LTR/ERV1	4070	+	336	109636940	72750
chr10	109564190	109764190	harbor2	chr10	109637286	109637707	LTR/ERV1	3038	+	210	109637496	73306
chr10	109564190	109764190	harbor2	chr10	109638001	109638039	LTR/ERV1	3038	+	19	109638020	73830
chr10	109564190	109764190	harbor2	chr10	109639947	109640089	LTR/ERV1	860	+	71	109640018	75828
chr10	109564190	109764190	harbor2	chr10	109662998	109664886	LTR/ERV1	5542	+	944	109663942	99752
chr10	97498082	97698082	harbor2	chr10	97561933	97562122	LTR/ERV1	1222	+	94	97562027	63945
chr10	97498082	97698082	harbor2	chr10	97564297	97564560	LTR/ERV1	3186	+	132	97564429	66347
chr10	97498082	97698082	harbor2	chr10	97564864	97565211	LTR/ERV1	3186	+	174	97565038	66956
chr10	80830817	81030817	harbor2	chr10	80843267	80843382	LTR/ERV1	438	+	58	80843325	12508
chr10	80830817	81030817	harbor2	chr10	80843392	80843633	LTR/ERV1	653	+	120	80843512	12695
chr10	80830817	81030817	harbor2	chr10	80843634	80844188	LTR/ERV1	1427	+	277	80843911	13094
chr10	80830817	81030817	harbor2	chr10	80844485	80844890	LTR/ERV1	1446	+	202	80844687	13870
chr10	80830817	81030817	harbor2	chr10	80844948	80845687	LTR/ERV1	2238	+	370	80845318	14501
chr10	80830817	81030817	harbor2	chr10	80847243	80847508	LTR/ERV1	2444	+	132	80847375	16558
chr10	80830817	81030817	harbor2	chr10	80847737	80848010	LTR/ERV1	2444	+	136	80847873	17056
chr10	80830817	81030817	harbor2	chr10	80859052	80860696	LTR/ERV1	10563	+	822	80859874	29057
chr10	80830817	81030817	harbor2	chr10	80896897	80897389	LTR/ERV1	3126	+	246	80897143	66326
chr10	80830817	81030817	harbor2	chr10	80920220	80920827	LTR/ERV1	4387	+	304	80920524	89707
chr10	131914451	132114451	harbor2	chr10	131999687	132000000	LTR/ERV1	2324	+	156	131999843	85392
chr10	131914451	132114451	harbor2	chr10	132000001	132000048	LTR/ERV1	2149	+	24	132000025	85574
chr10	131914451	132114451	harbor2	chr10	132000352	132000671	LTR/ERV1	2149	+	160	132000512	86061
chr10	131914451	132114451	harbor2	chr10	132000810	132000855	LTR/ERV1	857	+	22	132000832	86381
chr10	131914451	132114451	harbor2	chr10	132001167	132001279	LTR/ERV1	857	+	56	132001223	86772
chr10	131914451	132114451	harbor2	chr10	132001507	132002041	LTR/ERV1	3206	+	267	132001774	87323
chr10	131914451	132114451	harbor2	chr10	132002344	132003066	LTR/ERV1	5457	+	361	132002705	88254
chr10	131914451	132114451	harbor2	chr10	132004132	132004391	LTR/ERV1	1232	+	130	132004262	89811
chr10	131914451	132114451	harbor2	chr10	132004808	132005489	LTR/ERV1	5284	+	340	132005148	90697
chr10	131914451	132114451	harbor2	chr10	132006891	132007004	LTR/ERV1	3268	+	56	132006947	92496
chr10	131914451	132114451	harbor2	chr10	132007578	132007910	LTR/ERV1	2250	+	166	132007744	93293
chr10	131914451	132114451	harbor2	chr10	132007911	132008301	LTR/ERV1	8088	+	195	132008106	93655
chr10	131914451	132114451	harbor2	chr10	132008335	132008417	LTR/ERV1	8088	+	41	132008376	93925
chr10	131914451	132114451	harbor2	chr10	132008714	132009666	LTR/ERV1	8088	+	476	132009190	94739
chr10	131914451	132114451	harbor2	chr10	132009682	132009949	LTR/ERV1	1216	+	134	132009816	95365
chr10	131914451	132114451	harbor2	chr10	132009950	132011358	LTR/ERV1	5217	+	704	132010654	96203
chr10	131914451	132114451	harbor2	chr10	132011333	132011777	LTR/ERV1	1874	+	222	132011555	97104
chr10	131914451	132114451	harbor2	chr10	132012097	132012507	LTR/ERV1	1775	+	205	132012302	97851
chr10	131914451	132114451	harbor2	chr10	132012485	132013540	LTR/ERV1	10095	+	528	132013013	98562
chr10	131914451	132114451	harbor2	chr10	132013805	132014393	LTR/ERV1	10095	+	294	132014099	99648
chr10	131914451	132114451	harbor2	chr10	132005628	132006047	LTR/ERV1	3268	+	210	132005838	91387
chr10	96788065	96988065	harbor2	chr10	96800399	96800774	LTR/ERV1	2952	+	188	96800587	12522
chr10	96788065	96988065	harbor2	chr10	96802589	96802770	LTR/ERV1	1138	+	90	96802679	14614
chr10	96788065	96988065	harbor2	chr10	96802995	96803483	LTR/ERV1	2366	+	244	96803239	15174
chr10	96788065	96988065	harbor2	chr10	96816812	96817177	LTR/ERV1	3767	+	182	96816994	28929
chr10	96788065	96988065	harbor2	chr10	96817481	96817623	LTR/ERV1	3767	+	71	96817552	29487
chr10	105917178	106117178	harbor2	chr10	105931674	105931886	LTR/ERV1	697	+	106	105931780	14602
chr10	105917178	106117178	harbor2	chr10	105952150	105952536	LTR/ERV1	2276	+	193	105952343	35165
chr10	65015027	65215027	harbor2	chr10	65016339	65016769	LTR/ERV1	1448	+	215	65016554	1527
chr10	65015027	65215027	harbor2	chr10	65017344	65017959	LTR/ERV1	2723	+	308	65017652	2625
chr10	65015027	65215027	harbor2	chr10	65028570	65028648	LTR/ERV1	1390	+	39	65028609	13582
chr10	65015027	65215027	harbor2	chr10	65029120	65029379	LTR/ERV1	1390	+	130	65029250	14223
chr10	65015027	65215027	harbor2	chr10	65033964	65035633	LTR/ERV1	7217	+	834	65034798	19771
chr10	65015027	65215027	harbor2	chr10	65037111	65037594	LTR/ERV1	1668	+	242	65037353	22326
chr10	65015027	65215027	harbor2	chr10	65037597	65038339	LTR/ERV1	4702	+	371	65037968	22941
chr10	65015027	65215027	harbor2	chr10	65027831	65028216	LTR/ERV1	762	+	192	65028023	12996
chr10	78359505	78559505	harbor2	chr10	78424052	78424535	LTR/ERV1	2984	+	242	78424294	64789
chr10	114531574	114731574	harbor2	chr10	114548848	114549099	LTR/ERV1	439	+	126	114548974	17400
chr10	114531574	114731574	harbor2	chr10	114553330	114554411	LTR/ERV1	543	+	540	114553870	22296
chr10	114531574	114731574	harbor2	chr10	114554709	114554794	LTR/ERV1	543	+	42	114554751	23177
chr10	114531574	114731574	harbor2	chr10	114557640	114558159	LTR/ERV1	2158	+	260	114557900	26326
chr10	114531574	114731574	harbor2	chr10	114579854	114580187	LTR/ERV1	1532	+	166	114580020	48446
chr10	114531574	114731574	harbor2	chr10	114580513	114580650	LTR/ERV1	1532	+	68	114580581	49007
chr10	122882476	123082476	harbor2	chr10	122913691	122913967	LTR/ERV1	903	+	138	122913829	31353
chr10	122882476	123082476	harbor2	chr10	122914267	122914392	LTR/ERV1	903	+	62	122914329	31853
chr10	122882476	123082476	harbor2	chr10	122927875	122928076	LTR/ERV1	1546	+	100	122927975	45499
chr10	122882476	123082476	harbor2	chr10	122928254	122928318	LTR/ERV1	1546	+	32	122928286	45810
chr10	108273291	108473291	harbor2	chr10	108325688	108326374	LTR/ERV1	4027	+	343	108326031	52740
chr11	115587420	115787420	harbor2	chr11	115647214	115647263	LTR/ERV1	382	+	24	115647238	59818
chr11	121372315	121572315	harbor2	chr11	121374955	121375627	LTR/ERV1	1735	+	336	121375291	2976
chr11	121372315	121572315	harbor2	chr11	121386629	121386689	LTR/ERV1	3140	+	30	121386659	14344
chr11	121372315	121572315	harbor2	chr11	121386992	121387447	LTR/ERV1	3140	+	228	121387220	14905
chr11	121372315	121572315	harbor2	chr11	121407313	121408205	LTR/ERV1	5279	+	446	121407759	35444
chr11	121372315	121572315	harbor2	chr11	121413155	121413220	LTR/ERV1	486	+	32	121413187	40872
chr11	121372315	121572315	harbor2	chr11	121414210	121414388	LTR/ERV1	884	+	89	121414299	41984
chr11	121372315	121572315	harbor2	chr11	121418621	121419256	LTR/ERV1	1684	+	318	121418939	46624
chr11	121372315	121572315	harbor2	chr11	121440064	121440094	LTR/ERV1	3194	+	15	121440079	67764
chr11	121372315	121572315	harbor2	chr11	121440402	121441008	LTR/ERV1	3194	+	303	121440705	68390
chr11	59814001	60014001	harbor2	chr11	59814041	59814385	LTR/ERV1	1509	+	172	59814213	212
chr11	59814001	60014001	harbor2	chr11	59818644	59819381	LTR/ERV1	955	+	368	59819012	5011
chr11	59814001	60014001	harbor2	chr11	59820427	59820576	LTR/ERV1	561	+	74	59820501	6500
chr11	59814001	60014001	harbor2	chr11	59848568	59849057	LTR/ERV1	2474	+	244	59848812	34811
chr11	106399700	106599700	harbor2	chr11	106460039	106460172	LTR/ERV1	486	+	66	106460105	60405
chr11	106399700	106599700	harbor2	chr11	106460146	106460321	LTR/ERV1	396	+	88	106460234	60534
chr11	106399700	106599700	harbor2	chr11	106467552	106468148	LTR/ERV1	2843	+	298	106467850	68150
chr11	104611140	104811140	harbor2	chr11	104684995	104685553	LTR/ERV1	2821	+	279	104685274	74134
chr11	104611140	104811140	harbor2	chr11	104704913	104705426	LTR/ERV1	2322	+	256	104705169	94029
chr11	109933823	110133823	harbor2	chr11	109952243	109952887	LTR/ERV1	2152	+	322	109952565	18742
chr11	109933823	110133823	harbor2	chr11	109954800	109955560	LTR/ERV1	4089	+	380	109955180	21357
chr11	109933823	110133823	harbor2	chr11	109977399	109978149	LTR/ERV1	4906	+	375	109977774	43951
chr11	126051486	126251486	harbor2	chr11	126088962	126089487	LTR/ERV1	2202	+	262	126089224	37738
chr11	56496321	56696321	harbor2	chr11	56545711	56546168	LTR/ERV1	1570	+	228	56545939	49618
chr11	56496321	56696321	harbor2	chr11	56546921	56547729	LTR/ERV1	4761	+	404	56547325	51004
chr11	56496321	56696321	harbor2	chr11	56575099	56575666	LTR/ERV1	2673	+	284	56575383	79062
chr11	56496321	56696321	harbor2	chr11	56583524	56584049	LTR/ERV1	2206	+	262	56583786	87465
chr11	121971062	122171062	harbor2	chr11	122025804	122026262	LTR/ERV1	1480	+	229	122026033	54971
chr11	133618884	133818884	harbor2	chr11	133626775	133627185	LTR/ERV1	2943	+	205	133626980	8096
chr11	133618884	133818884	harbor2	chr11	133630189	133631036	LTR/ERV1	5832	+	424	133630613	11729
chr11	133618884	133818884	harbor2	chr11	133631040	133631702	LTR/ERV1	4492	+	331	133631371	12487
chr11	133618884	133818884	harbor2	chr11	133631704	133631919	LTR/ERV1	1342	+	108	133631812	12928
chr11	133618884	133818884	harbor2	chr11	133631913	133632296	LTR/ERV1	2464	+	192	133632105	13221
chr11	133618884	133818884	harbor2	chr11	133632297	133632692	LTR/ERV1	2781	+	198	133632495	13611
chr11	133618884	133818884	harbor2	chr11	133627188	133630194	LTR/ERV1	19540	+	1503	133628691	9807
chr11	134413318	134613318	harbor2	chr11	134455415	134456036	LTR/ERV1	3399	+	310	134455725	42407
chr11	132542821	132742821	harbor2	chr11	132548970	132549505	LTR/ERV1	3953	+	268	132549238	6417
chr11	132542821	132742821	harbor2	chr11	132549506	132550020	LTR/ERV1	3106	+	257	132549763	6942
chr11	132542821	132742821	harbor2	chr11	132550021	132550117	LTR/ERV1	3953	+	48	132550069	7248
chr11	132542821	132742821	harbor2	chr11	132551251	132551944	LTR/ERV1	4808	+	346	132551597	8776
chr11	132542821	132742821	harbor2	chr11	132638393	132638992	LTR/ERV1	2512	+	300	132638693	95872
chr11	107535726	107735726	harbor2	chr11	107535935	107536319	LTR/ERV1	2366	+	192	107536127	401
chr11	107535726	107735726	harbor2	chr11	107566035	107566523	LTR/ERV1	3408	+	244	107566279	30553
chr11	107535726	107735726	harbor2	chr11	107576747	107577473	LTR/ERV1	3465	+	363	107577110	41384
chr11	102565532	102765532	harbor2	chr11	102566001	102566619	LTR/ERV1	2205	+	309	102566310	778
chr11	102565532	102765532	harbor2	chr11	102566625	102566896	LTR/ERV1	703	+	136	102566761	1229
chr11	102565532	102765532	harbor2	chr11	102566897	102567801	LTR/ERV1	2852	+	452	102567349	1817
chr11	102565532	102765532	harbor2	chr11	102663836	102664638	LTR/ERV1	4799	+	401	102664237	98705
chr11	77042675	77242675	harbor2	chr11	77053445	77053572	LTR/ERV1	919	+	64	77053509	10834
chr11	77042675	77242675	harbor2	chr11	77054013	77054363	LTR/ERV1	3365	+	175	77054188	11513
chr11	77042675	77242675	harbor2	chr11	77054667	77054837	LTR/ERV1	3365	+	85	77054752	12077
chr11	77042675	77242675	harbor2	chr11	77065321	77065982	LTR/ERV1	3111	+	330	77065651	22976
chr11	91654982	91854982	harbor2	chr11	91673307	91673815	LTR/ERV1	1513	+	254	91673561	18579
chr11	91654982	91854982	harbor2	chr11	91748890	91749660	LTR/ERV1	3338	+	385	91749275	94293
chr11	106123776	106323776	harbor2	chr11	106141760	106142136	LTR/ERV1	2656	+	188	106141948	18172
chr11	106123776	106323776	harbor2	chr11	106142138	106142511	LTR/ERV1	8347	+	186	106142324	18548
chr11	106123776	106323776	harbor2	chr11	106143140	106143525	LTR/ERV1	8347	+	192	106143332	19556
chr11	106123776	106323776	harbor2	chr11	106143830	106145252	LTR/ERV1	8347	+	711	106144541	20765
chr11	106123776	106323776	harbor2	chr11	106145547	106146594	LTR/ERV1	4900	+	524	106146071	22295
chr11	106123776	106323776	harbor2	chr11	106146600	106146983	LTR/ERV1	2459	+	192	106146792	23016
chr11	106123776	106323776	harbor2	chr11	106152225	106152596	LTR/ERV1	2177	+	186	106152411	28635
chr11	106123776	106323776	harbor2	chr11	106160965	106161531	LTR/ERV1	3024	+	283	106161248	37472
chr11	106123776	106323776	harbor2	chr11	106161536	106161652	LTR/ERV1	598	+	58	106161594	37818
chr11	106123776	106323776	harbor2	chr11	106163238	106163875	LTR/ERV1	3634	+	318	106163556	39780
chr11	106123776	106323776	harbor2	chr11	106167069	106167367	LTR/ERV1	1134	+	149	106167218	43442
chr11	106123776	106323776	harbor2	chr11	106169930	106170542	LTR/ERV1	3748	+	306	106170236	46460
chr11	106123776	106323776	harbor2	chr11	106170652	106171203	LTR/ERV1	4212	+	276	106170928	47152
chr11	106123776	106323776	harbor2	chr11	106172245	106172674	LTR/ERV1	957	+	214	106172459	48683
chr11	106123776	106323776	harbor2	chr11	106173297	106173748	LTR/ERV1	2913	+	226	106173523	49747
chr11	106123776	106323776	harbor2	chr11	106175040	106175396	LTR/ERV1	2392	+	178	106175218	51442
chr11	106123776	106323776	harbor2	chr11	106175397	106176824	LTR/ERV1	7815	+	714	106176111	52335
chr11	106123776	106323776	harbor2	chr11	106176828	106177612	LTR/ERV1	4012	+	392	106177220	53444
chr11	106123776	106323776	harbor2	chr11	106177670	106177908	LTR/ERV1	1277	+	119	106177789	54013
chr11	106123776	106323776	harbor2	chr11	106177911	106179279	LTR/ERV1	7514	+	684	106178595	54819
chr11	106123776	106323776	harbor2	chr11	106179278	106179727	LTR/ERV1	1632	+	224	106179502	55726
chr11	106123776	106323776	harbor2	chr11	106179707	106179786	LTR/ERV1	391	+	40	106179747	55971
chr11	106123776	106323776	harbor2	chr11	106179786	106180035	LTR/ERV1	1606	+	124	106179910	56134
chr11	106123776	106323776	harbor2	chr11	106182803	106184075	LTR/ERV1	5718	+	636	106183439	59663
chr11	106123776	106323776	harbor2	chr11	106184088	106184253	LTR/ERV1	880	+	82	106184170	60394
chr11	106123776	106323776	harbor2	chr11	106184250	106184563	LTR/ERV1	1847	+	156	106184406	60630
chr11	106123776	106323776	harbor2	chr11	106184790	106185203	LTR/ERV1	2644	+	206	106184996	61220
chr11	106123776	106323776	harbor2	chr11	106185204	106185649	LTR/ERV1	3899	+	222	106185426	61650
chr11	106123776	106323776	harbor2	chr11	106185975	106186193	LTR/ERV1	3899	+	109	106186084	62308
chr11	106123776	106323776	harbor2	chr11	106186191	106186492	LTR/ERV1	1630	+	150	106186341	62565
chr11	106123776	106323776	harbor2	chr11	106186493	106186959	LTR/ERV1	2255	+	233	106186726	62950
chr11	106123776	106323776	harbor2	chr11	106186959	106187603	LTR/ERV1	4631	+	322	106187281	63505
chr11	106123776	106323776	harbor2	chr11	106187912	106188762	LTR/ERV1	4631	+	425	106188337	64561
chr11	106123776	106323776	harbor2	chr11	106188772	106190661	LTR/ERV1	11124	+	944	106189716	65940
chr11	106123776	106323776	harbor2	chr11	106190662	106191071	LTR/ERV1	2276	+	204	106190866	67090
chr11	106123776	106323776	harbor2	chr11	106222427	106222849	LTR/ERV1	2228	+	211	106222638	98862
chr11	106123776	106323776	harbor2	chr11	106222878	106223353	LTR/ERV1	1650	+	238	106223116	99340
chr11	126031673	126231673	harbor2	chr11	126042940	126043537	LTR/ERV1	3208	+	298	126043238	11565
chr11	126031673	126231673	harbor2	chr11	126088962	126089487	LTR/ERV1	2202	+	262	126089224	57551
chr11	110321497	110521497	harbor2	chr11	110379118	110379692	LTR/ERV1	4226	+	287	110379405	57908
chr11	110321497	110521497	harbor2	chr11	110399819	110399974	LTR/ERV1	1058	+	78	110399897	78400
chr11	110321497	110521497	harbor2	chr11	110399975	110404847	LTR/ERV1	33610	+	2436	110402411	80914
chr11	110321497	110521497	harbor2	chr11	110404840	110406480	LTR/ERV1	13596	+	820	110405660	84163
chr11	110321497	110521497	harbor2	chr11	110406481	110407144	LTR/ERV1	5334	+	332	110406813	85316
chr11	110321497	110521497	harbor2	chr11	110416634	110416834	LTR/ERV1	1994	+	100	110416734	95237
chr11	110321497	110521497	harbor2	chr11	110417136	110417246	LTR/ERV1	1994	+	55	110417191	95694
chr11	110321497	110521497	harbor2	chr11	110417292	110418954	LTR/ERV1	60050	+	831	110418123	96626
chr11	110321497	110521497	harbor2	chr11	110419256	110419703	LTR/ERV1	60050	+	224	110419480	97983
chr11	110321497	110521497	harbor2	chr11	110420020	110421366	LTR/ERV1	60050	+	673	110420693	99196
chr11	21886649	22086649	harbor2	chr11	21923344	21923643	LTR/ERV1	1694	+	150	21923494	36845
chr11	21886649	22086649	harbor2	chr11	21940548	21941056	LTR/ERV1	2653	+	254	21940802	54153
chr11	21886649	22086649	harbor2	chr11	21963053	21963368	LTR/ERV1	765	+	158	21963211	76562
chr11	133218066	133418066	harbor2	chr11	133233258	133233865	LTR/ERV1	2332	+	304	133233562	15496
chr11	133218066	133418066	harbor2	chr11	133236479	133237067	LTR/ERV1	4877	+	294	133236773	18707
chr11	133218066	133418066	harbor2	chr11	133295682	133296043	LTR/ERV1	1511	+	180	133295862	77796
chr11	79313885	79513885	harbor2	chr11	79354944	79355251	LTR/ERV1	2419	+	154	79355098	41213
chr11	79313885	79513885	harbor2	chr11	79355554	79355689	LTR/ERV1	2419	+	68	79355622	41737
chr11	74498650	74698650	harbor2	chr11	74530968	74531429	LTR/ERV1	3710	+	230	74531198	32548
chr11	74498650	74698650	harbor2	chr11	74549960	74550508	LTR/ERV1	4137	+	274	74550234	51584
chr11	74498650	74698650	harbor2	chr11	74554606	74555027	LTR/ERV1	1250	+	210	74554816	56166
chr11	74498650	74698650	harbor2	chr11	74588472	74589072	LTR/ERV1	4357	+	300	74588772	90122
chr11	102830611	103030611	harbor2	chr11	102911690	102911953	LTR/ERV1	1421	+	132	102911822	81211
chr11	102830611	103030611	harbor2	chr11	102911954	102912394	LTR/ERV1	2453	+	220	102912174	81563
chr11	102830611	103030611	harbor2	chr11	102912395	102912429	LTR/ERV1	1421	+	17	102912412	81801
chr11	124337190	124537190	harbor2	chr11	124408671	124409102	LTR/ERV1	1829	+	216	124408887	71697
chr11	124337190	124537190	harbor2	chr11	124431698	124431799	LTR/ERV1	372	+	50	124431748	94558
chr11	124337190	124537190	harbor2	chr11	124432047	124432200	LTR/ERV1	466	+	76	124432123	94933
chr11	123121075	123321075	harbor2	chr11	123133246	123133596	LTR/ERV1	1134	+	175	123133421	12346
chr11	123121075	123321075	harbor2	chr11	123133600	123133985	LTR/ERV1	1026	+	192	123133792	12717
chr11	123121075	123321075	harbor2	chr11	123134271	123134363	LTR/ERV1	1026	+	46	123134317	13242
chr11	123121075	123321075	harbor2	chr11	123212670	123212784	LTR/ERV1	1439	+	57	123212727	91652
chr11	123121075	123321075	harbor2	chr11	123213284	123213660	LTR/ERV1	1439	+	188	123213472	92397
chr11	123121075	123321075	harbor2	chr11	123218497	123219129	LTR/ERV1	4588	+	316	123218813	97738
chr11	96041429	96241429	harbor2	chr11	96070326	96070832	LTR/ERV1	2815	+	253	96070579	29150
chr11	82529450	82729450	harbor2	chr11	82538029	82538462	LTR/ERV1	2561	+	216	82538245	8795
chr11	82529450	82729450	harbor2	chr11	82591884	82592043	LTR/ERV1	409	+	80	82591964	62514
chr11	82529450	82729450	harbor2	chr11	82592095	82592970	LTR/ERV1	1366	+	438	82592533	63083
chr11	82529450	82729450	harbor2	chr11	82593793	82594185	LTR/ERV1	521	+	196	82593989	64539
chr11	82529450	82729450	harbor2	chr11	82613222	82613862	LTR/ERV1	3658	+	320	82613542	84092
chr11	82529450	82729450	harbor2	chr11	82625682	82627202	LTR/ERV1	11867	+	760	82626442	96992
chr11	82529450	82729450	harbor2	chr11	82627203	82628729	LTR/ERV1	11887	+	763	82627966	98516
chr11	82529450	82729450	harbor2	chr11	82628730	82629395	LTR/ERV1	3284	+	332	82629062	99612
chr11	130353639	130553639	harbor2	chr11	130378259	130378614	LTR/ERV1	1259	+	178	130378437	24798
chr11	130353639	130553639	harbor2	chr11	130379582	130380165	LTR/ERV1	4535	+	292	130379874	26235
chr11	130353639	130553639	harbor2	chr11	130380463	130380597	LTR/ERV1	4535	+	67	130380530	26891
chr11	112454368	112654368	harbor2	chr11	112541615	112541966	LTR/ERV1	2377	+	176	112541791	87423
chr11	60266667	60466667	harbor2	chr11	60318009	60318333	LTR/ERV1	1200	+	162	60318171	51504
chr11	60266667	60466667	harbor2	chr11	60350778	60351196	LTR/ERV1	2047	+	209	60350987	84320
chr11	60266667	60466667	harbor2	chr11	60364270	60364473	LTR/ERV1	483	+	102	60364372	97705
chr11	60266667	60466667	harbor2	chr11	60365434	60365774	LTR/ERV1	539	+	170	60365604	98937
chr11	89942535	90142535	harbor2	chr11	90009602	90010133	LTR/ERV1	2349	+	266	90009868	67333
chr11	85109281	85309281	harbor2	chr11	85116690	85117120	LTR/ERV1	642	+	215	85116905	7624
chr11	85109281	85309281	harbor2	chr11	85117485	85117626	LTR/ERV1	368	+	70	85117555	8274
chr11	85109281	85309281	harbor2	chr11	85117657	85118019	LTR/ERV1	1057	+	181	85117838	8557
chr11	85109281	85309281	harbor2	chr11	85165300	85165723	LTR/ERV1	1348	+	212	85165512	56231
chr11	85109281	85309281	harbor2	chr11	85167397	85167860	LTR/ERV1	1483	+	232	85167629	58348
chr11	100170805	100370805	harbor2	chr11	100173374	100173601	LTR/ERV1	689	+	114	100173488	2683
chr11	100170805	100370805	harbor2	chr11	100173636	100174197	LTR/ERV1	1008	+	280	100173916	3111
chr11	130516266	130716266	harbor2	chr11	130518076	130518802	LTR/ERV1	3645	+	363	130518439	2173
chr11	130516266	130716266	harbor2	chr11	130535589	130535985	LTR/ERV1	2160	+	198	130535787	19521
chr11	130516266	130716266	harbor2	chr11	130543134	130543480	LTR/ERV1	1053	+	173	130543307	27041
chr11	117881882	118081882	harbor2	chr11	117903238	117903420	LTR/ERV1	895	+	91	117903329	21447
chr11	117881882	118081882	harbor2	chr11	117904651	117904861	LTR/ERV1	1814	+	105	117904756	22874
chr11	117881882	118081882	harbor2	chr11	117905195	117905445	LTR/ERV1	1814	+	125	117905320	23438
chr11	117881882	118081882	harbor2	chr11	117926965	117927340	LTR/ERV1	2213	+	188	117927153	45271
chr11	117881882	118081882	harbor2	chr11	117942282	117942889	LTR/ERV1	3379	+	304	117942586	60704
chr11	107800525	108000525	harbor2	chr11	107860282	107860348	LTR/ERV1	431	+	33	107860315	59790
chr11	107800525	108000525	harbor2	chr11	107860707	107860884	LTR/ERV1	532	+	88	107860795	60270
chr11	107800525	108000525	harbor2	chr11	107878985	107879367	LTR/ERV1	2326	+	191	107879176	78651
chr11	107800525	108000525	harbor2	chr11	107879525	107879675	LTR/ERV1	1165	+	75	107879600	79075
chr11	107800525	108000525	harbor2	chr11	107880413	107880967	LTR/ERV1	4196	+	277	107880690	80165
chr11	107800525	108000525	harbor2	chr11	107882140	107882833	LTR/ERV1	4386	+	346	107882486	81961
chr11	34617075	34817075	harbor2	chr11	34665947	34666090	LTR/ERV1	1038	+	72	34666019	48944
chr11	34617075	34817075	harbor2	chr11	34701201	34702706	LTR/ERV1	7289	+	752	34701953	84878
chr11	103565830	103765830	harbor2	chr11	103572042	103572502	LTR/ERV1	3452	+	230	103572272	6442
chr11	103565830	103765830	harbor2	chr11	103572511	103577581	LTR/ERV1	36672	+	2535	103575046	9216
chr11	103565830	103765830	harbor2	chr11	103577569	103578647	LTR/ERV1	7020	+	539	103578108	12278
chr11	103565830	103765830	harbor2	chr11	103578652	103579117	LTR/ERV1	2976	+	232	103578884	13054
chr11	103565830	103765830	harbor2	chr11	103589658	103590371	LTR/ERV1	3921	+	356	103590014	24184
chr11	103565830	103765830	harbor2	chr11	103600965	103601195	LTR/ERV1	451	+	115	103601080	35250
chr11	103565830	103765830	harbor2	chr11	103625288	103625818	LTR/ERV1	2662	+	265	103625553	59723
chr11	103565830	103765830	harbor2	chr11	103631587	103632026	LTR/ERV1	2781	+	220	103631807	65977
chr11	103565830	103765830	harbor2	chr11	103633782	103634399	LTR/ERV1	1301	+	308	103634090	68260
chr11	103565830	103765830	harbor2	chr11	103636949	103637452	LTR/ERV1	2761	+	252	103637201	71371
chr11	103565830	103765830	harbor2	chr11	103651762	103652512	LTR/ERV1	4527	+	375	103652137	86307
chr11	103565830	103765830	harbor2	chr11	103663571	103664203	LTR/ERV1	3624	+	316	103663887	98057
chr11	133830240	134030240	harbor2	chr11	133845587	133845751	LTR/ERV1	1040	+	82	133845669	15429
chr11	133830240	134030240	harbor2	chr11	133845774	133846303	LTR/ERV1	3568	+	264	133846038	15798
chr11	133830240	134030240	harbor2	chr11	133893179	133893538	LTR/ERV1	430	+	180	133893359	63119
chr11	125433357	125633357	harbor2	chr11	125458513	125458786	LTR/ERV1	728	+	136	125458649	25292
chr11	125433357	125633357	harbor2	chr11	125459096	125459165	LTR/ERV1	728	+	34	125459130	25773
chr11	125433357	125633357	harbor2	chr11	125459173	125459309	LTR/ERV1	929	+	68	125459241	25884
chr11	125433357	125633357	harbor2	chr11	125459617	125459708	LTR/ERV1	929	+	46	125459663	26306
chr11	125433357	125633357	harbor2	chr11	125506295	125506736	LTR/ERV1	2875	+	220	125506515	73158
chr11	125433357	125633357	harbor2	chr11	125507045	125507075	LTR/ERV1	2875	+	15	125507060	73703
chr11	125433357	125633357	harbor2	chr11	125511868	125511948	LTR/ERV1	467	+	40	125511908	78551
chr11	125433357	125633357	harbor2	chr11	125511949	125512392	LTR/ERV1	2031	+	222	125512171	78814
chr11	125433357	125633357	harbor2	chr11	125512599	125512661	LTR/ERV1	1913	+	31	125512630	79273
chr11	125433357	125633357	harbor2	chr11	125512970	125513374	LTR/ERV1	1913	+	202	125513172	79815
chr11	125433357	125633357	harbor2	chr11	125513688	125513892	LTR/ERV1	1913	+	102	125513790	80433
chr11	125433357	125633357	harbor2	chr11	125519621	125520337	LTR/ERV1	4258	+	358	125519979	86622
chr11	125433357	125633357	harbor2	chr11	125524013	125524138	LTR/ERV1	480	+	62	125524075	90718
chr11	125433357	125633357	harbor2	chr11	125525332	125525366	LTR/ERV1	1029	+	17	125525349	91992
chr11	125433357	125633357	harbor2	chr11	125525730	125525874	LTR/ERV1	1029	+	72	125525802	92445
chr11	125433357	125633357	harbor2	chr11	125526179	125526279	LTR/ERV1	1029	+	50	125526229	92872
chr11	125433357	125633357	harbor2	chr11	125526274	125526641	LTR/ERV1	1971	+	184	125526458	93101
chr11	125433357	125633357	harbor2	chr11	125526919	125527102	LTR/ERV1	925	+	92	125527011	93654
chr11	125433357	125633357	harbor2	chr11	125527220	125527355	LTR/ERV1	412	+	68	125527288	93931
chr11	59194541	59394541	harbor2	chr11	59231551	59231716	LTR/ERV1	890	+	82	59231633	37092
chr11	59194541	59394541	harbor2	chr11	59231717	59231807	LTR/ERV1	486	+	45	59231762	37221
chr11	59194541	59394541	harbor2	chr11	59231820	59232394	LTR/ERV1	2190	+	287	59232107	37566
chr11	59194541	59394541	harbor2	chr11	59232399	59233248	LTR/ERV1	5411	+	424	59232823	38282
chr11	59194541	59394541	harbor2	chr11	59239726	59244140	LTR/ERV1	25133	+	2207	59241933	47392
chr11	59194541	59394541	harbor2	chr11	59244126	59244423	LTR/ERV1	436	+	148	59244274	49733
chr11	59194541	59394541	harbor2	chr11	59244646	59244919	LTR/ERV1	2039	+	136	59244782	50241
chr11	59194541	59394541	harbor2	chr11	59244920	59245342	LTR/ERV1	1850	+	211	59245131	50590
chr11	59194541	59394541	harbor2	chr11	59273419	59274048	LTR/ERV1	2077	+	314	59273733	79192
chr11	59194541	59394541	harbor2	chr11	59274066	59275747	LTR/ERV1	8856	+	840	59274906	80365
chr11	59194541	59394541	harbor2	chr11	59282778	59283176	LTR/ERV1	2548	+	199	59282977	88436
chr11	59194541	59394541	harbor2	chr11	59283178	59283504	LTR/ERV1	1830	+	163	59283341	88800
chr11	126495669	126695669	harbor2	chr11	126554703	126555347	LTR/ERV1	4616	+	322	126555025	59356
chr11	59250997	59450997	harbor2	chr11	59273419	59274048	LTR/ERV1	2077	+	314	59273733	22736
chr11	59250997	59450997	harbor2	chr11	59274066	59275747	LTR/ERV1	8856	+	840	59274906	23909
chr11	59250997	59450997	harbor2	chr11	59282778	59283176	LTR/ERV1	2548	+	199	59282977	31980
chr11	59250997	59450997	harbor2	chr11	59283178	59283504	LTR/ERV1	1830	+	163	59283341	32344
chr11	81291438	81491438	harbor2	chr11	81316920	81317212	LTR/ERV1	503	+	146	81317066	25628
chr11	81291438	81491438	harbor2	chr11	81318118	81318519	LTR/ERV1	774	+	200	81318318	26880
chr11	68273088	68473088	harbor2	chr11	68275443	68275989	LTR/ERV1	3451	+	273	68275716	2628
chr11	68273088	68473088	harbor2	chr11	68287624	68287754	LTR/ERV1	1351	+	65	68287689	14601
chr11	68273088	68473088	harbor2	chr11	68288007	68288258	LTR/ERV1	1351	+	126	68288133	15045
chr11	134025000	134225000	harbor2	chr11	134061687	134062381	LTR/ERV1	3889	+	347	134062034	37034
chr11	134125356	134325356	harbor2	chr11	134188033	134188841	LTR/ERV1	6371	+	404	134188437	63081
chr11	134125356	134325356	harbor2	chr11	134198021	134198609	LTR/ERV1	2812	+	294	134198315	72959
chr11	134125356	134325356	harbor2	chr11	134199669	134199830	LTR/ERV1	454	+	80	134199749	74393
chr11	44457288	44657288	harbor2	chr11	44486699	44487067	LTR/ERV1	2630	+	184	44486883	29595
chr11	50130739	50330739	harbor2	chr11	50208034	50208857	LTR/ERV1	4174	+	412	50208446	77707
chr11	50130739	50330739	harbor2	chr11	50183089	50184666	LTR/ERV1	11473	+	788	50183877	53138
chr11	97400297	97600297	harbor2	chr11	97400449	97400631	LTR/ERV1	544	+	91	97400540	243
chr11	97400297	97600297	harbor2	chr11	97446836	97447224	LTR/ERV1	1851	+	194	97447030	46733
chr11	97400297	97600297	harbor2	chr11	97448609	97449094	LTR/ERV1	2566	+	242	97448851	48554
chr11	97400297	97600297	harbor2	chr11	97461124	97461830	LTR/ERV1	2547	+	353	97461477	61180
chr11	97400297	97600297	harbor2	chr11	97461808	97462342	LTR/ERV1	2408	+	267	97462075	61778
chr11	105300891	105500891	harbor2	chr11	105369071	105369214	LTR/ERV1	481	+	72	105369143	68252
chr11	134840767	135040767	harbor2	chr11	134844927	134845437	LTR/ERV1	1708	+	255	134845182	4415
chr11	134840767	135040767	harbor2	chr11	134855545	134855979	LTR/ERV1	2897	+	217	134855762	14995
chr11	134840767	135040767	harbor2	chr11	134857338	134857859	LTR/ERV1	2771	+	260	134857598	16831
chr11	134811151	135011151	harbor2	chr11	134844927	134845437	LTR/ERV1	1708	+	255	134845182	34031
chr11	134811151	135011151	harbor2	chr11	134855545	134855979	LTR/ERV1	2897	+	217	134855762	44611
chr11	134811151	135011151	harbor2	chr11	134857338	134857859	LTR/ERV1	2771	+	260	134857598	46447
chr11	89793894	89993894	harbor2	chr11	89859824	89859917	LTR/ERV1	775	+	46	89859870	65976
chr11	84027708	84227708	harbor2	chr11	84084578	84085055	LTR/ERV1	1401	+	238	84084816	57108
chr11	84027708	84227708	harbor2	chr11	84097169	84097629	LTR/ERV1	1952	+	230	84097399	69691
chr11	96982112	97182112	harbor2	chr11	97011002	97011686	LTR/ERV1	5272	+	342	97011344	29232
chr11	96982112	97182112	harbor2	chr11	97076417	97077983	LTR/ERV1	9589	+	783	97077200	95088
chr11	101791681	101991681	harbor2	chr11	101798693	101798763	LTR/ERV1	437	+	35	101798728	7047
chr11	101791681	101991681	harbor2	chr11	101878989	101879438	LTR/ERV1	3034	+	224	101879213	87532
chr11	134755098	134955098	harbor2	chr11	134844927	134845437	LTR/ERV1	1708	+	255	134845182	90084
chr11	111268056	111468056	harbor2	chr11	111319775	111319964	LTR/ERV1	1579	+	94	111319869	51813
chr11	111268056	111468056	harbor2	chr11	111320174	111320540	LTR/ERV1	2772	+	183	111320357	52301
chr11	125481315	125681315	harbor2	chr11	125506295	125506736	LTR/ERV1	2875	+	220	125506515	25200
chr11	125481315	125681315	harbor2	chr11	125507045	125507075	LTR/ERV1	2875	+	15	125507060	25745
chr11	125481315	125681315	harbor2	chr11	125511868	125511948	LTR/ERV1	467	+	40	125511908	30593
chr11	125481315	125681315	harbor2	chr11	125511949	125512392	LTR/ERV1	2031	+	222	125512171	30856
chr11	125481315	125681315	harbor2	chr11	125512599	125512661	LTR/ERV1	1913	+	31	125512630	31315
chr11	125481315	125681315	harbor2	chr11	125512970	125513374	LTR/ERV1	1913	+	202	125513172	31857
chr11	125481315	125681315	harbor2	chr11	125513688	125513892	LTR/ERV1	1913	+	102	125513790	32475
chr11	125481315	125681315	harbor2	chr11	125519621	125520337	LTR/ERV1	4258	+	358	125519979	38664
chr11	125481315	125681315	harbor2	chr11	125524013	125524138	LTR/ERV1	480	+	62	125524075	42760
chr11	125481315	125681315	harbor2	chr11	125525332	125525366	LTR/ERV1	1029	+	17	125525349	44034
chr11	125481315	125681315	harbor2	chr11	125525730	125525874	LTR/ERV1	1029	+	72	125525802	44487
chr11	125481315	125681315	harbor2	chr11	125526179	125526279	LTR/ERV1	1029	+	50	125526229	44914
chr11	125481315	125681315	harbor2	chr11	125526274	125526641	LTR/ERV1	1971	+	184	125526458	45143
chr11	125481315	125681315	harbor2	chr11	125526919	125527102	LTR/ERV1	925	+	92	125527011	45696
chr11	125481315	125681315	harbor2	chr11	125527220	125527355	LTR/ERV1	412	+	68	125527288	45973
chr11	125481315	125681315	harbor2	chr11	125535257	125536031	LTR/ERV1	4725	+	387	125535644	54329
chr11	125481315	125681315	harbor2	chr11	125536059	125536264	LTR/ERV1	1069	+	102	125536161	54846
chr11	125481315	125681315	harbor2	chr11	125536567	125536605	LTR/ERV1	1069	+	19	125536586	55271
chr11	125481315	125681315	harbor2	chr11	125542655	125543347	LTR/ERV1	3627	+	346	125543001	61686
chr11	125481315	125681315	harbor2	chr11	125543348	125543762	LTR/ERV1	2423	+	207	125543555	62240
chr11	125481315	125681315	harbor2	chr11	125543763	125544263	LTR/ERV1	12910	+	250	125544013	62698
chr11	125481315	125681315	harbor2	chr11	125544605	125544860	LTR/ERV1	12910	+	128	125544733	63418
chr11	125481315	125681315	harbor2	chr11	125545163	125547199	LTR/ERV1	12910	+	1018	125546181	64866
chr11	125481315	125681315	harbor2	chr11	125547200	125547417	LTR/ERV1	1648	+	108	125547308	65993
chr11	125481315	125681315	harbor2	chr11	125547726	125547780	LTR/ERV1	1648	+	27	125547753	66438
chr11	125481315	125681315	harbor2	chr11	125551738	125552166	LTR/ERV1	2461	+	214	125551952	70637
chr11	125481315	125681315	harbor2	chr11	125556622	125557700	LTR/ERV1	29257	+	539	125557161	75846
chr11	125481315	125681315	harbor2	chr11	125558002	125558479	LTR/ERV1	29257	+	238	125558240	76925
chr11	125481315	125681315	harbor2	chr11	125558775	125558804	LTR/ERV1	29257	+	14	125558789	77474
chr11	125481315	125681315	harbor2	chr11	125559090	125559294	LTR/ERV1	29257	+	102	125559192	77877
chr11	125481315	125681315	harbor2	chr11	125559583	125560308	LTR/ERV1	29257	+	362	125559945	78630
chr11	125481315	125681315	harbor2	chr11	125560616	125562427	LTR/ERV1	29257	+	906	125561522	80207
chr11	125481315	125681315	harbor2	chr11	125562463	125562850	LTR/ERV1	2785	+	194	125562657	81342
chr11	125481315	125681315	harbor2	chr11	125562851	125563247	LTR/ERV1	1874	+	198	125563049	81734
chr11	125481315	125681315	harbor2	chr11	125563551	125563655	LTR/ERV1	4035	+	52	125563603	82288
chr11	125481315	125681315	harbor2	chr11	125563956	125564490	LTR/ERV1	4035	+	267	125564223	82908
chr11	130506283	130706283	harbor2	chr11	130518076	130518802	LTR/ERV1	3645	+	363	130518439	12156
chr11	130506283	130706283	harbor2	chr11	130535589	130535985	LTR/ERV1	2160	+	198	130535787	29504
chr11	130506283	130706283	harbor2	chr11	130543134	130543480	LTR/ERV1	1053	+	173	130543307	37024
chr11	101353004	101553004	harbor2	chr11	101412034	101412827	LTR/ERV1	4604	+	396	101412430	59426
chr11	101353004	101553004	harbor2	chr11	101443884	101444580	LTR/ERV1	3834	+	348	101444232	91228
chr11	101353004	101553004	harbor2	chr11	101449406	101449637	LTR/ERV1	571	+	116	101449522	96518
chr11	101353004	101553004	harbor2	chr11	101449910	101450166	LTR/ERV1	893	+	128	101450038	97034
chr11	132897692	133097692	harbor2	chr11	132902584	132903259	LTR/ERV1	3146	+	338	132902922	5230
chr11	132897692	133097692	harbor2	chr11	132903411	132903577	LTR/ERV1	1196	+	83	132903494	5802
chr11	62187982	62387982	harbor2	chr11	62215040	62215948	LTR/ERV1	30335	+	454	62215494	27512
chr11	62187982	62387982	harbor2	chr11	62216940	62222806	LTR/ERV1	30335	+	2933	62219873	31891
chr11	62187982	62387982	harbor2	chr11	62222807	62223427	LTR/ERV1	2858	+	310	62223117	35135
chr11	62187982	62387982	harbor2	chr11	62223428	62223715	LTR/ERV1	1564	+	144	62223572	35590
chr11	62187982	62387982	harbor2	chr11	62223719	62224211	LTR/ERV1	2578	+	246	62223965	35983
chr11	62187982	62387982	harbor2	chr11	62224214	62225716	LTR/ERV1	9054	+	751	62224965	36983
chr11	62187982	62387982	harbor2	chr11	62227126	62227474	LTR/ERV1	1839	+	174	62227300	39318
chr11	62187982	62387982	harbor2	chr11	62227455	62227859	LTR/ERV1	2053	+	202	62227657	39675
chr11	62187982	62387982	harbor2	chr11	62227837	62229491	LTR/ERV1	7971	+	827	62228664	40682
chr11	62187982	62387982	harbor2	chr11	62229494	62229628	LTR/ERV1	621	+	67	62229561	41579
chr11	62187982	62387982	harbor2	chr11	62229646	62229956	LTR/ERV1	2133	+	155	62229801	41819
chr11	62187982	62387982	harbor2	chr11	62229957	62230315	LTR/ERV1	2517	+	179	62230136	42154
chr11	62187982	62387982	harbor2	chr11	62260253	62260827	LTR/ERV1	3352	+	287	62260540	72558
chr11	62187982	62387982	harbor2	chr11	62277660	62277822	LTR/ERV1	995	+	81	62277741	89759
chr11	62187982	62387982	harbor2	chr11	62280344	62280494	LTR/ERV1	701	+	75	62280419	92437
chr11	62187982	62387982	harbor2	chr11	62280495	62281057	LTR/ERV1	2085	+	281	62280776	92794
chr11	62187982	62387982	harbor2	chr11	62281055	62281199	LTR/ERV1	15124	+	72	62281127	93145
chr11	62187982	62387982	harbor2	chr11	62281487	62284051	LTR/ERV1	15124	+	1282	62282769	94787
chr11	62187982	62387982	harbor2	chr11	62285678	62286173	LTR/ERV1	3353	+	248	62285926	97944
chr11	62187982	62387982	harbor2	chr11	62226035	62226816	LTR/ERV1	9054	+	390	62226425	38443
chr11	130335148	130535148	harbor2	chr11	130378259	130378614	LTR/ERV1	1259	+	178	130378437	43289
chr11	130335148	130535148	harbor2	chr11	130379582	130380165	LTR/ERV1	4535	+	292	130379874	44726
chr11	130335148	130535148	harbor2	chr11	130380463	130380597	LTR/ERV1	4535	+	67	130380530	45382
chr11	24674604	24874604	harbor2	chr11	24697425	24698204	LTR/ERV1	3773	+	390	24697815	23211
chr11	24674604	24874604	harbor2	chr11	24755553	24756403	LTR/ERV1	3996	+	425	24755978	81374
chr11	122753206	122953206	harbor2	chr11	122818447	122819104	LTR/ERV1	2978	+	328	122818775	65569
chr11	122753206	122953206	harbor2	chr11	122819105	122819358	LTR/ERV1	1509	+	126	122819231	66025
chr11	122753206	122953206	harbor2	chr11	122819424	122820097	LTR/ERV1	3280	+	336	122819760	66554
chr11	122753206	122953206	harbor2	chr11	122820099	122821536	LTR/ERV1	7663	+	718	122820817	67611
chr11	122753206	122953206	harbor2	chr11	122821641	122821950	LTR/ERV1	1585	+	154	122821795	68589
chr11	122753206	122953206	harbor2	chr11	122821952	122822637	LTR/ERV1	2561	+	342	122822294	69088
chr11	122753206	122953206	harbor2	chr11	122824428	122824830	LTR/ERV1	2824	+	201	122824629	71423
chr11	122753206	122953206	harbor2	chr11	122824833	122826569	LTR/ERV1	6690	+	868	122825701	72495
chr11	122753206	122953206	harbor2	chr11	122829054	122830517	LTR/ERV1	10737	+	732	122829786	76580
chr11	122753206	122953206	harbor2	chr11	122830512	122830659	LTR/ERV1	906	+	74	122830586	77380
chr11	122753206	122953206	harbor2	chr11	122831155	122831817	LTR/ERV1	4495	+	331	122831486	78280
chr11	122753206	122953206	harbor2	chr11	122831819	122832035	LTR/ERV1	1409	+	108	122831927	78721
chr11	122753206	122953206	harbor2	chr11	122832034	122832414	LTR/ERV1	2463	+	190	122832224	79018
chr11	122753206	122953206	harbor2	chr11	122832415	122832822	LTR/ERV1	2847	+	204	122832619	79413
chr11	122753206	122953206	harbor2	chr11	122830650	122831152	LTR/ERV1	3420	+	251	122830901	77695
chr11	39441878	39641878	harbor2	chr11	39443900	39444336	LTR/ERV1	1919	+	218	39444118	2240
chr11	39441878	39641878	harbor2	chr11	39445380	39445802	LTR/ERV1	1873	+	211	39445591	3713
chr11	39441878	39641878	harbor2	chr11	39484476	39484555	LTR/ERV1	398	+	40	39484516	42638
chr11	39441878	39641878	harbor2	chr11	39486068	39486297	LTR/ERV1	1276	+	114	39486182	44304
chr11	129314371	129514371	harbor2	chr11	129338608	129338889	LTR/ERV1	1259	+	140	129338748	24377
chr11	129314371	129514371	harbor2	chr11	129344903	129345018	LTR/ERV1	690	+	58	129344961	30590
chr11	128841021	129041021	harbor2	chr11	128846775	128847337	LTR/ERV1	2460	+	281	128847056	6035
chr11	96809802	97009802	harbor2	chr11	96897414	96898075	LTR/ERV1	3713	+	330	96897744	87942
chr11	133566798	133766798	harbor2	chr11	133626775	133627185	LTR/ERV1	2943	+	205	133626980	60182
chr11	133566798	133766798	harbor2	chr11	133630189	133631036	LTR/ERV1	5832	+	424	133630613	63815
chr11	133566798	133766798	harbor2	chr11	133631040	133631702	LTR/ERV1	4492	+	331	133631371	64573
chr11	133566798	133766798	harbor2	chr11	133631704	133631919	LTR/ERV1	1342	+	108	133631812	65014
chr11	133566798	133766798	harbor2	chr11	133631913	133632296	LTR/ERV1	2464	+	192	133632105	65307
chr11	133566798	133766798	harbor2	chr11	133632297	133632692	LTR/ERV1	2781	+	198	133632495	65697
chr11	133566798	133766798	harbor2	chr11	133627188	133630194	LTR/ERV1	19540	+	1503	133628691	61893
chr11	119124851	119324851	harbor2	chr11	119198708	119198905	LTR/ERV1	2392	+	98	119198806	73955
chr11	119124851	119324851	harbor2	chr11	119199216	119199290	LTR/ERV1	2392	+	37	119199253	74402
chr11	119124851	119324851	harbor2	chr11	119199599	119199860	LTR/ERV1	2392	+	130	119199729	74878
chr11	119124851	119324851	harbor2	chr11	119200149	119200295	LTR/ERV1	2392	+	73	119200222	75371
chr11	119124851	119324851	harbor2	chr11	119201244	119201772	LTR/ERV1	4172	+	264	119201508	76657
chr11	134582088	134782088	harbor2	chr11	134586313	134586821	LTR/ERV1	2695	+	254	134586567	4479
chr11	72482129	72682129	harbor2	chr11	72526681	72527086	LTR/ERV1	1690	+	202	72526883	44754
chr11	72482129	72682129	harbor2	chr11	72527386	72527430	LTR/ERV1	1690	+	22	72527408	45279
chr11	72482129	72682129	harbor2	chr11	72540397	72540849	LTR/ERV1	2121	+	226	72540623	58494
chr11	72482129	72682129	harbor2	chr11	72569376	72569547	LTR/ERV1	2034	+	86	72569462	87333
chr11	72482129	72682129	harbor2	chr11	72569854	72570410	LTR/ERV1	2034	+	278	72570132	88003
chr11	72482129	72682129	harbor2	chr11	72564528	72564989	LTR/ERV1	3700	+	230	72564758	82629
chr11	126050602	126250602	harbor2	chr11	126088962	126089487	LTR/ERV1	2202	+	262	126089224	38622
chr11	106969454	107169454	harbor2	chr11	106979657	106980338	LTR/ERV1	1043	+	340	106979997	10543
chr11	106969454	107169454	harbor2	chr11	106980389	106980794	LTR/ERV1	769	+	202	106980591	11137
chr11	106969454	107169454	harbor2	chr11	107040564	107041098	LTR/ERV1	3276	+	267	107040831	71377
chr11	106969454	107169454	harbor2	chr11	107049953	107050521	LTR/ERV1	3307	+	284	107050237	80783
chr11	121931138	122131138	harbor2	chr11	122025804	122026262	LTR/ERV1	1480	+	229	122026033	94895
chr11	133036367	133236367	harbor2	chr11	133090017	133090261	LTR/ERV1	493	+	122	133090139	53772
chr11	57225564	57425564	harbor2	chr11	57262272	57262429	LTR/ERV1	718	+	78	57262350	36786
chr11	57225564	57425564	harbor2	chr11	57262401	57262460	LTR/ERV1	1915	+	30	57262431	36867
chr11	57225564	57425564	harbor2	chr11	57262767	57263025	LTR/ERV1	1915	+	129	57262896	37332
chr11	57225564	57425564	harbor2	chr11	57263026	57264030	LTR/ERV1	8762	+	502	57263528	37964
chr11	57225564	57425564	harbor2	chr11	57264061	57264492	LTR/ERV1	8762	+	216	57264277	38713
chr11	57225564	57425564	harbor2	chr11	57264780	57264960	LTR/ERV1	8762	+	90	57264870	39306
chr11	57225564	57425564	harbor2	chr11	57265041	57265250	LTR/ERV1	8762	+	104	57265145	39581
chr11	57225564	57425564	harbor2	chr11	57265241	57265790	LTR/ERV1	5901	+	274	57265515	39951
chr11	57225564	57425564	harbor2	chr11	57266099	57266574	LTR/ERV1	5901	+	238	57266337	40773
chr11	57225564	57425564	harbor2	chr11	57266598	57266942	LTR/ERV1	2189	+	172	57266770	41206
chr11	57225564	57425564	harbor2	chr11	57266942	57267237	LTR/ERV1	2128	+	148	57267090	41526
chr11	57225564	57425564	harbor2	chr11	57267238	57267351	LTR/ERV1	460	+	56	57267294	41730
chr11	57225564	57425564	harbor2	chr11	57267352	57267410	LTR/ERV1	507	+	29	57267381	41817
chr11	57225564	57425564	harbor2	chr11	57267410	57267827	LTR/ERV1	3029	+	208	57267618	42054
chr11	57225564	57425564	harbor2	chr11	57267828	57268225	LTR/ERV1	2467	+	198	57268026	42462
chr11	117474637	117674637	harbor2	chr11	117558270	117558482	LTR/ERV1	1207	+	106	117558376	83739
chr11	117474637	117674637	harbor2	chr11	117559158	117559702	LTR/ERV1	2179	+	272	117559430	84793
chr11	117474637	117674637	harbor2	chr11	117571693	117572235	LTR/ERV1	4130	+	271	117571964	97327
chr11	88796575	88996575	harbor2	chr11	88885695	88886301	LTR/ERV1	3925	+	303	88885998	89423
chr11	88796575	88996575	harbor2	chr11	88886307	88888991	LTR/ERV1	6327	+	1342	88887649	91074
chr11	88796575	88996575	harbor2	chr11	88889427	88893227	LTR/ERV1	14615	+	1900	88891327	94752
chr11	88796575	88996575	harbor2	chr11	88893233	88893403	LTR/ERV1	812	+	85	88893318	96743
chr11	88796575	88996575	harbor2	chr11	88893410	88893514	LTR/ERV1	438	+	52	88893462	96887
chr11	88796575	88996575	harbor2	chr11	88893674	88893871	LTR/ERV1	1396	+	98	88893772	97197
chr11	88796575	88996575	harbor2	chr11	88893872	88894481	LTR/ERV1	4057	+	304	88894176	97601
chr11	101172513	101372513	harbor2	chr11	101175298	101176089	LTR/ERV1	5086	+	396	101175694	3181
chr11	101172513	101372513	harbor2	chr11	101199825	101200017	LTR/ERV1	1207	+	96	101199921	27408
chr11	101172513	101372513	harbor2	chr11	101244310	101244771	LTR/ERV1	3495	+	230	101244540	72027
chr11	101172513	101372513	harbor2	chr11	101244772	101245154	LTR/ERV1	2599	+	191	101244963	72450
chr11	101172513	101372513	harbor2	chr11	101245150	101245266	LTR/ERV1	747	+	58	101245208	72695
chr11	101172513	101372513	harbor2	chr11	101245263	101246073	LTR/ERV1	4728	+	405	101245668	73155
chr11	101172513	101372513	harbor2	chr11	101246071	101246722	LTR/ERV1	1422	+	326	101246397	73884
chr11	101172513	101372513	harbor2	chr11	101246693	101247443	LTR/ERV1	3866	+	375	101247068	74555
chr11	101172513	101372513	harbor2	chr11	101247509	101251845	LTR/ERV1	32080	+	2168	101249677	77164
chr11	101172513	101372513	harbor2	chr11	101251846	101252307	LTR/ERV1	3653	+	230	101252076	79563
chr11	129936304	130136304	harbor2	chr11	130021490	130022851	LTR/ERV1	9607	+	680	130022170	85866
chr11	98256539	98456539	harbor2	chr11	98266822	98267386	LTR/ERV1	3061	+	282	98267104	10565
chr11	98256539	98456539	harbor2	chr11	98270724	98271039	LTR/ERV1	1061	+	158	98270882	14343
chr11	98256539	98456539	harbor2	chr11	98271038	98271210	LTR/ERV1	877	+	86	98271124	14585
chr11	92909724	93109724	harbor2	chr11	92935344	92935860	LTR/ERV1	2933	+	258	92935602	25878
chr11	92909724	93109724	harbor2	chr11	92936492	92936909	LTR/ERV1	1866	+	208	92936700	26976
chr11	92909724	93109724	harbor2	chr11	92939233	92939569	LTR/ERV1	1258	+	168	92939401	29677
chr11	92909724	93109724	harbor2	chr11	93002269	93002779	LTR/ERV1	2304	+	255	93002524	92800
chr11	92909724	93109724	harbor2	chr11	93005780	93006549	LTR/ERV1	5722	+	384	93006164	96440
chr11	124452527	124652527	harbor2	chr11	124459334	124459981	LTR/ERV1	4150	+	324	124459658	7131
chr11	63924099	64124099	harbor2	chr11	63965685	63965829	LTR/ERV1	890	+	72	63965757	41658
chr11	63924099	64124099	harbor2	chr11	63966517	63966740	LTR/ERV1	1006	+	112	63966629	42530
chr11	63924099	64124099	harbor2	chr11	63968647	63968783	LTR/ERV1	818	+	68	63968715	44616
chr11	63924099	64124099	harbor2	chr11	63968793	63968875	LTR/ERV1	1575	+	41	63968834	44735
chr11	63924099	64124099	harbor2	chr11	63969165	63969365	LTR/ERV1	1575	+	100	63969265	45166
chr11	63924099	64124099	harbor2	chr11	63969804	63969918	LTR/ERV1	1575	+	57	63969861	45762
chr11	129162465	129362465	harbor2	chr11	129180864	129180981	LTR/ERV1	434	+	58	129180922	18457
chr11	129162465	129362465	harbor2	chr11	129181267	129181662	LTR/ERV1	1256	+	198	129181465	19000
chr11	111892459	112092459	harbor2	chr11	111957858	111959682	LTR/ERV1	8657	+	912	111958770	66311
chr11	116089504	116289504	harbor2	chr11	116135915	116136470	LTR/ERV1	1394	+	278	116136193	46689
chr11	116089504	116289504	harbor2	chr11	116144373	116145242	LTR/ERV1	5601	+	434	116144807	55303
chr11	116089504	116289504	harbor2	chr11	116147577	116148397	LTR/ERV1	5073	+	410	116147987	58483
chr11	116089504	116289504	harbor2	chr11	116145305	116147576	LTR/ERV1	13364	+	1136	116146441	56937
chr11	123004849	123204849	harbor2	chr11	123085095	123085242	LTR/ERV1	500	+	74	123085169	80320
chr11	123004849	123204849	harbor2	chr11	123085549	123085743	LTR/ERV1	500	+	97	123085646	80797
chr11	123004849	123204849	harbor2	chr11	123101610	123101901	LTR/ERV1	1829	+	146	123101756	96907
chr11	123004849	123204849	harbor2	chr11	123102197	123102279	LTR/ERV1	1829	+	41	123102238	97389
chr11	132883750	133083750	harbor2	chr11	132902584	132903259	LTR/ERV1	3146	+	338	132902922	19172
chr11	132883750	133083750	harbor2	chr11	132903411	132903577	LTR/ERV1	1196	+	83	132903494	19744
chr11	72714012	72914012	harbor2	chr11	72794542	72795081	LTR/ERV1	3090	+	270	72794812	80800
chr11	72714012	72914012	harbor2	chr11	72795386	72795500	LTR/ERV1	3090	+	57	72795443	81431
chr11	72714012	72914012	harbor2	chr11	72796914	72797041	LTR/ERV1	582	+	64	72796978	82966
chr11	72714012	72914012	harbor2	chr11	72797363	72797387	LTR/ERV1	1719	+	12	72797375	83363
chr11	72714012	72914012	harbor2	chr11	72797699	72798096	LTR/ERV1	1719	+	198	72797897	83885
chr11	125890316	126090316	harbor2	chr11	125933649	125934187	LTR/ERV1	4117	+	269	125933918	43602
chr11	105468020	105668020	harbor2	chr11	105552057	105552219	LTR/ERV1	1627	+	81	105552138	84118
chr11	105468020	105668020	harbor2	chr11	105552529	105552745	LTR/ERV1	1627	+	108	105552637	84617
chr11	105468020	105668020	harbor2	chr11	105553487	105553714	LTR/ERV1	548	+	114	105553601	85581
chr11	105468020	105668020	harbor2	chr11	105558176	105558804	LTR/ERV1	3469	+	314	105558490	90470
chr11	134703317	134903317	harbor2	chr11	134731735	134731939	LTR/ERV1	1980	+	102	134731837	28520
chr11	134703317	134903317	harbor2	chr11	134731940	134732379	LTR/ERV1	1001	+	220	134732160	28843
chr11	134703317	134903317	harbor2	chr11	134732380	134732409	LTR/ERV1	1980	+	14	134732394	29077
chr11	134703317	134903317	harbor2	chr11	134733294	134733675	LTR/ERV1	1980	+	190	134733484	30167
chr11	134703317	134903317	harbor2	chr11	134751563	134752085	LTR/ERV1	1557	+	261	134751824	48507
chr11	105326011	105526011	harbor2	chr11	105369071	105369214	LTR/ERV1	481	+	72	105369143	43132
chr11	85378501	85578501	harbor2	chr11	85448413	85448868	LTR/ERV1	2177	+	228	85448641	70140
chr11	85378501	85578501	harbor2	chr11	85471986	85472296	LTR/ERV1	2942	+	155	85472141	93640
chr11	85378501	85578501	harbor2	chr11	85472598	85473331	LTR/ERV1	2942	+	366	85472964	94463
chr11	68235716	68435716	harbor2	chr11	68275443	68275989	LTR/ERV1	3451	+	273	68275716	40000
chr11	68235716	68435716	harbor2	chr11	68287624	68287754	LTR/ERV1	1351	+	65	68287689	51973
chr11	68235716	68435716	harbor2	chr11	68288007	68288258	LTR/ERV1	1351	+	126	68288133	52417
chr11	112816776	113016776	harbor2	chr11	112820503	112820673	LTR/ERV1	2501	+	85	112820588	3812
chr11	112816776	113016776	harbor2	chr11	112820674	112821302	LTR/ERV1	4050	+	314	112820988	4212
chr11	112816776	113016776	harbor2	chr11	112821303	112821702	LTR/ERV1	2501	+	200	112821503	4727
chr11	112816776	113016776	harbor2	chr11	112824218	112824984	LTR/ERV1	4472	+	383	112824601	7825
chr11	112816776	113016776	harbor2	chr11	112833018	112833551	LTR/ERV1	1497	+	266	112833284	16508
chr11	38637912	38837912	harbor2	chr11	38672202	38672954	LTR/ERV1	3420	+	376	38672578	34666
chr11	38637912	38837912	harbor2	chr11	38702509	38702854	LTR/ERV1	1574	+	172	38702681	64769
chr11	38637912	38837912	harbor2	chr11	38703217	38703341	LTR/ERV1	1574	+	62	38703279	65367
chr11	105338520	105538520	harbor2	chr11	105369071	105369214	LTR/ERV1	481	+	72	105369143	30623
chr11	131163137	131363137	harbor2	chr11	131213270	131213876	LTR/ERV1	3915	+	303	131213573	50436
chr11	133854988	134054988	harbor2	chr11	133893179	133893538	LTR/ERV1	430	+	180	133893359	38371
chr11	106528181	106728181	harbor2	chr11	106551795	106553758	LTR/ERV1	7534	+	982	106552777	24596
chr11	106528181	106728181	harbor2	chr11	106555620	106556328	LTR/ERV1	4950	+	354	106555974	27793
chr11	106528181	106728181	harbor2	chr11	106584431	106584692	LTR/ERV1	3529	+	130	106584561	56380
chr11	106528181	106728181	harbor2	chr11	106584997	106585306	LTR/ERV1	3529	+	154	106585151	56970
chr11	106528181	106728181	harbor2	chr11	106528745	106529233	LTR/ERV1	2447	+	244	106528989	808
chr11	121321596	121521596	harbor2	chr11	121346122	121346845	LTR/ERV1	3509	+	362	121346484	24888
chr11	121321596	121521596	harbor2	chr11	121374955	121375627	LTR/ERV1	1735	+	336	121375291	53695
chr11	121321596	121521596	harbor2	chr11	121386629	121386689	LTR/ERV1	3140	+	30	121386659	65063
chr11	121321596	121521596	harbor2	chr11	121386992	121387447	LTR/ERV1	3140	+	228	121387220	65624
chr11	121321596	121521596	harbor2	chr11	121407313	121408205	LTR/ERV1	5279	+	446	121407759	86163
chr11	121321596	121521596	harbor2	chr11	121413155	121413220	LTR/ERV1	486	+	32	121413187	91591
chr11	121321596	121521596	harbor2	chr11	121414210	121414388	LTR/ERV1	884	+	89	121414299	92703
chr11	121321596	121521596	harbor2	chr11	121418621	121419256	LTR/ERV1	1684	+	318	121418939	97343
chr11	106892552	107092552	harbor2	chr11	106905632	106905776	LTR/ERV1	842	+	72	106905704	13152
chr11	106892552	107092552	harbor2	chr11	106907087	106907349	LTR/ERV1	1454	+	131	106907218	14666
chr11	106892552	107092552	harbor2	chr11	106979657	106980338	LTR/ERV1	1043	+	340	106979997	87445
chr11	106892552	107092552	harbor2	chr11	106980389	106980794	LTR/ERV1	769	+	202	106980591	88039
chr11	84611613	84811613	harbor2	chr11	84634334	84634719	LTR/ERV1	2209	+	192	84634526	22913
chr11	26950706	27150706	harbor2	chr11	27019480	27020615	LTR/ERV1	1452	+	568	27020048	69342
chr11	125988263	126188263	harbor2	chr11	126042940	126043537	LTR/ERV1	3208	+	298	126043238	54975
chr11	78980672	79180672	harbor2	chr11	79048086	79048652	LTR/ERV1	2261	+	283	79048369	67697
chr11	89208181	89408181	harbor2	chr11	89279066	89279694	LTR/ERV1	2975	+	314	89279380	71199
chr11	134192454	134392454	harbor2	chr11	134198021	134198609	LTR/ERV1	2812	+	294	134198315	5861
chr11	134192454	134392454	harbor2	chr11	134199669	134199830	LTR/ERV1	454	+	80	134199749	7295
chr11	122739781	122939781	harbor2	chr11	122818447	122819104	LTR/ERV1	2978	+	328	122818775	78994
chr11	122739781	122939781	harbor2	chr11	122819105	122819358	LTR/ERV1	1509	+	126	122819231	79450
chr11	122739781	122939781	harbor2	chr11	122819424	122820097	LTR/ERV1	3280	+	336	122819760	79979
chr11	122739781	122939781	harbor2	chr11	122820099	122821536	LTR/ERV1	7663	+	718	122820817	81036
chr11	122739781	122939781	harbor2	chr11	122821641	122821950	LTR/ERV1	1585	+	154	122821795	82014
chr11	122739781	122939781	harbor2	chr11	122821952	122822637	LTR/ERV1	2561	+	342	122822294	82513
chr11	122739781	122939781	harbor2	chr11	122824428	122824830	LTR/ERV1	2824	+	201	122824629	84848
chr11	122739781	122939781	harbor2	chr11	122824833	122826569	LTR/ERV1	6690	+	868	122825701	85920
chr11	122739781	122939781	harbor2	chr11	122829054	122830517	LTR/ERV1	10737	+	732	122829786	90005
chr11	122739781	122939781	harbor2	chr11	122830512	122830659	LTR/ERV1	906	+	74	122830586	90805
chr11	122739781	122939781	harbor2	chr11	122831155	122831817	LTR/ERV1	4495	+	331	122831486	91705
chr11	122739781	122939781	harbor2	chr11	122831819	122832035	LTR/ERV1	1409	+	108	122831927	92146
chr11	122739781	122939781	harbor2	chr11	122832034	122832414	LTR/ERV1	2463	+	190	122832224	92443
chr11	122739781	122939781	harbor2	chr11	122832415	122832822	LTR/ERV1	2847	+	204	122832619	92838
chr11	122739781	122939781	harbor2	chr11	122830650	122831152	LTR/ERV1	3420	+	251	122830901	91120
chr11	125947387	126147387	harbor2	chr11	126042940	126043537	LTR/ERV1	3208	+	298	126043238	95851
chr11	36643658	36843658	harbor2	chr11	36665205	36665825	LTR/ERV1	3500	+	310	36665515	21857
chr11	36643658	36843658	harbor2	chr11	36665871	36665928	LTR/ERV1	400	+	28	36665899	22241
chr11	36643658	36843658	harbor2	chr11	36665932	36667226	LTR/ERV1	6693	+	647	36666579	22921
chr11	36643658	36843658	harbor2	chr11	36667697	36668022	LTR/ERV1	3467	+	162	36667859	24201
chr11	36643658	36843658	harbor2	chr11	36668446	36669411	LTR/ERV1	12042	+	482	36668928	25270
chr11	36643658	36843658	harbor2	chr11	36669696	36670656	LTR/ERV1	17383	+	480	36670176	26518
chr11	36643658	36843658	harbor2	chr11	36670958	36672349	LTR/ERV1	17383	+	696	36671654	27996
chr11	36643658	36843658	harbor2	chr11	36672663	36672826	LTR/ERV1	17383	+	82	36672745	29087
chr11	36643658	36843658	harbor2	chr11	36673097	36673388	LTR/ERV1	1353	+	146	36673243	29585
chr11	36643658	36843658	harbor2	chr11	36680088	36680681	LTR/ERV1	3376	+	296	36680384	36726
chr11	36643658	36843658	harbor2	chr11	36697098	36697688	LTR/ERV1	1132	+	295	36697393	53735
chr11	36643658	36843658	harbor2	chr11	36667226	36667397	LTR/ERV1	3467	+	86	36667312	23654
chr11	90422519	90622519	harbor2	chr11	90422037	90422521	LTR/ERV1	1317	+	242	90422279	240
chr11	90422519	90622519	harbor2	chr11	90462316	90462821	LTR/ERV1	1498	+	252	90462568	40049
chr11	90422519	90622519	harbor2	chr11	90482008	90482444	LTR/ERV1	2412	+	218	90482226	59707
chr11	119529564	119729564	harbor2	chr11	119530617	119531139	LTR/ERV1	3275	+	261	119530878	1314
chr11	119529564	119729564	harbor2	chr11	119539032	119539124	LTR/ERV1	1240	+	46	119539078	9514
chr11	119529564	119729564	harbor2	chr11	119539417	119539787	LTR/ERV1	1240	+	185	119539602	10038
chr11	119529564	119729564	harbor2	chr11	119546349	119547906	LTR/ERV1	8047	+	778	119547127	17563
chr11	119529564	119729564	harbor2	chr11	119556689	119557343	LTR/ERV1	4222	+	327	119557016	27452
chr11	119529564	119729564	harbor2	chr11	119560714	119560847	LTR/ERV1	785	+	66	119560780	31216
chr11	119529564	119729564	harbor2	chr11	119560851	119561038	LTR/ERV1	716	+	94	119560945	31381
chr11	119529564	119729564	harbor2	chr11	119579030	119579577	LTR/ERV1	3100	+	274	119579304	49740
chr11	119529564	119729564	harbor2	chr11	119579578	119579867	LTR/ERV1	4625	+	144	119579722	50158
chr11	119529564	119729564	harbor2	chr11	119580175	119580666	LTR/ERV1	4625	+	246	119580421	50857
chr11	119529564	119729564	harbor2	chr11	119580667	119580712	LTR/ERV1	3100	+	22	119580689	51125
chr11	119529564	119729564	harbor2	chr11	119591984	119592404	LTR/ERV1	2688	+	210	119592194	62630
chr11	119529564	119729564	harbor2	chr11	119592709	119592848	LTR/ERV1	2688	+	70	119592779	63215
chr11	119529564	119729564	harbor2	chr11	119614955	119615092	LTR/ERV1	482	+	68	119615023	85459
chr11	119995821	120195821	harbor2	chr11	120025716	120027154	LTR/ERV1	10011	+	719	120026435	30614
chr11	119995821	120195821	harbor2	chr11	120030850	120031135	LTR/ERV1	487	+	142	120030992	35171
chr11	30448581	30648581	harbor2	chr11	30449276	30449364	LTR/ERV1	2419	+	44	30449320	739
chr11	30448581	30648581	harbor2	chr11	30449658	30450155	LTR/ERV1	2419	+	248	30449906	1325
chr11	30448581	30648581	harbor2	chr11	30547572	30547845	LTR/ERV1	836	+	136	30547708	99127
chr11	82866824	83066824	harbor2	chr11	82887481	82888181	LTR/ERV1	3341	+	350	82887831	21007
chr11	82866824	83066824	harbor2	chr11	82908540	82908994	LTR/ERV1	2196	+	227	82908767	41943
chr11	82866824	83066824	harbor2	chr11	82909532	82909592	LTR/ERV1	2196	+	30	82909562	42738
chr11	97003824	97203824	harbor2	chr11	97011002	97011686	LTR/ERV1	5272	+	342	97011344	7520
chr11	97003824	97203824	harbor2	chr11	97076417	97077983	LTR/ERV1	9589	+	783	97077200	73376
chr11	134178511	134378511	harbor2	chr11	134188033	134188841	LTR/ERV1	6371	+	404	134188437	9926
chr11	134178511	134378511	harbor2	chr11	134198021	134198609	LTR/ERV1	2812	+	294	134198315	19804
chr11	134178511	134378511	harbor2	chr11	134199669	134199830	LTR/ERV1	454	+	80	134199749	21238
chr11	127804035	128004035	harbor2	chr11	127896988	127897539	LTR/ERV1	2765	+	276	127897264	93229
chr11	103934155	104134155	harbor2	chr11	103986531	103987265	LTR/ERV1	4084	+	367	103986898	52743
chr11	103934155	104134155	harbor2	chr11	104006439	104007183	LTR/ERV1	4010	+	372	104006811	72656
chr11	103934155	104134155	harbor2	chr11	104012870	104013595	LTR/ERV1	4649	+	362	104013232	79077
chr11	124311035	124511035	harbor2	chr11	124323112	124323226	LTR/ERV1	627	+	57	124323169	12134
chr11	124311035	124511035	harbor2	chr11	124327466	124328010	LTR/ERV1	3879	+	272	124327738	16703
chr11	124311035	124511035	harbor2	chr11	124408671	124409102	LTR/ERV1	1829	+	216	124408887	97852
chr11	94657573	94857573	harbor2	chr11	94671428	94673000	LTR/ERV1	8303	+	786	94672214	14641
chr11	42131070	42331070	harbor2	chr11	42203169	42203805	LTR/ERV1	4059	+	318	42203487	72417
chr11	101437089	101637089	harbor2	chr11	101443884	101444580	LTR/ERV1	3834	+	348	101444232	7143
chr11	101437089	101637089	harbor2	chr11	101449406	101449637	LTR/ERV1	571	+	116	101449522	12433
chr11	101437089	101637089	harbor2	chr11	101449910	101450166	LTR/ERV1	893	+	128	101450038	12949
chr11	134735334	134935334	harbor2	chr11	134751563	134752085	LTR/ERV1	1557	+	261	134751824	16490
chr11	121975182	122175182	harbor2	chr11	122025804	122026262	LTR/ERV1	1480	+	229	122026033	50851
chr11	126764677	126964677	harbor2	chr11	126843586	126844128	LTR/ERV1	3818	+	271	126843857	79180
chr11	126764677	126964677	harbor2	chr11	126845771	126846536	LTR/ERV1	1633	+	382	126846153	81476
chr11	126764677	126964677	harbor2	chr11	126846516	126848972	LTR/ERV1	12677	+	1228	126847744	83067
chr11	126764677	126964677	harbor2	chr11	126848973	126849518	LTR/ERV1	4014	+	272	126849245	84568
chr11	126764677	126964677	harbor2	chr11	126844386	126845768	LTR/ERV1	5373	+	691	126845077	80400
chr11	85083028	85283028	harbor2	chr11	85088739	85089119	LTR/ERV1	1602	+	190	85088929	5901
chr11	85083028	85283028	harbor2	chr11	85095914	85096642	LTR/ERV1	5065	+	364	85096278	13250
chr11	85083028	85283028	harbor2	chr11	85096691	85097361	LTR/ERV1	5180	+	335	85097026	13998
chr11	85083028	85283028	harbor2	chr11	85116690	85117120	LTR/ERV1	642	+	215	85116905	33877
chr11	85083028	85283028	harbor2	chr11	85117485	85117626	LTR/ERV1	368	+	70	85117555	34527
chr11	85083028	85283028	harbor2	chr11	85117657	85118019	LTR/ERV1	1057	+	181	85117838	34810
chr11	85083028	85283028	harbor2	chr11	85165300	85165723	LTR/ERV1	1348	+	212	85165512	82484
chr11	85083028	85283028	harbor2	chr11	85167397	85167860	LTR/ERV1	1483	+	232	85167629	84601
chr11	97897428	98097428	harbor2	chr11	97948391	97948526	LTR/ERV1	705	+	68	97948459	51031
chr11	97897428	98097428	harbor2	chr11	97981976	97982839	LTR/ERV1	2670	+	432	97982408	84980
chr11	57033219	57233219	harbor2	chr11	57049548	57050048	LTR/ERV1	1066	+	250	57049798	16579
chr11	108537014	108737014	harbor2	chr11	108563131	108563997	LTR/ERV1	1843	+	433	108563564	26550
chr11	108537014	108737014	harbor2	chr11	108564308	108564381	LTR/ERV1	1843	+	36	108564344	27330
chr11	108537014	108737014	harbor2	chr11	108620142	108620586	LTR/ERV1	2731	+	222	108620364	83350
chr11	134702523	134902523	harbor2	chr11	134731735	134731939	LTR/ERV1	1980	+	102	134731837	29314
chr11	134702523	134902523	harbor2	chr11	134731940	134732379	LTR/ERV1	1001	+	220	134732160	29637
chr11	134702523	134902523	harbor2	chr11	134732380	134732409	LTR/ERV1	1980	+	14	134732394	29871
chr11	134702523	134902523	harbor2	chr11	134733294	134733675	LTR/ERV1	1980	+	190	134733484	30961
chr11	134702523	134902523	harbor2	chr11	134751563	134752085	LTR/ERV1	1557	+	261	134751824	49301
chr11	106488846	106688846	harbor2	chr11	106551795	106553758	LTR/ERV1	7534	+	982	106552777	63931
chr11	106488846	106688846	harbor2	chr11	106555620	106556328	LTR/ERV1	4950	+	354	106555974	67128
chr11	106488846	106688846	harbor2	chr11	106584431	106584692	LTR/ERV1	3529	+	130	106584561	95715
chr11	106488846	106688846	harbor2	chr11	106584997	106585306	LTR/ERV1	3529	+	154	106585151	96305
chr11	106488846	106688846	harbor2	chr11	106528745	106529233	LTR/ERV1	2447	+	244	106528989	40143
chr11	96699014	96899014	harbor2	chr11	96746481	96747252	LTR/ERV1	4822	+	386	96746867	47853
chr11	76071393	76271393	harbor2	chr11	76089862	76090583	LTR/ERV1	3207	+	360	76090222	18829
chr11	67792776	67992776	harbor2	chr11	67822179	67822336	LTR/ERV1	441	+	78	67822257	29481
chr11	67792776	67992776	harbor2	chr11	67879771	67879813	LTR/ERV1	3096	+	21	67879792	87016
chr11	67792776	67992776	harbor2	chr11	67880095	67880532	LTR/ERV1	3096	+	218	67880313	87537
chr11	119118132	119318132	harbor2	chr11	119198708	119198905	LTR/ERV1	2392	+	98	119198806	80674
chr11	119118132	119318132	harbor2	chr11	119199216	119199290	LTR/ERV1	2392	+	37	119199253	81121
chr11	119118132	119318132	harbor2	chr11	119199599	119199860	LTR/ERV1	2392	+	130	119199729	81597
chr11	119118132	119318132	harbor2	chr11	119200149	119200295	LTR/ERV1	2392	+	73	119200222	82090
chr11	119118132	119318132	harbor2	chr11	119201244	119201772	LTR/ERV1	4172	+	264	119201508	83376
chr11	92856785	93056785	harbor2	chr11	92935344	92935860	LTR/ERV1	2933	+	258	92935602	78817
chr11	92856785	93056785	harbor2	chr11	92936492	92936909	LTR/ERV1	1866	+	208	92936700	79915
chr11	92856785	93056785	harbor2	chr11	92939233	92939569	LTR/ERV1	1258	+	168	92939401	82616
chr11	74106055	74306055	harbor2	chr11	74144178	74144454	LTR/ERV1	821	+	138	74144316	38261
chr11	74106055	74306055	harbor2	chr11	74145817	74145972	LTR/ERV1	914	+	78	74145895	39840
chr11	74106055	74306055	harbor2	chr11	74154341	74154417	LTR/ERV1	529	+	38	74154379	48324
chr11	107198782	107398782	harbor2	chr11	107219519	107219987	LTR/ERV1	3469	+	234	107219753	20971
chr11	107198782	107398782	harbor2	chr11	107253666	107254129	LTR/ERV1	3665	+	232	107253898	55116
chr11	107198782	107398782	harbor2	chr11	107279460	107279635	LTR/ERV1	453	+	88	107279548	80766
chr11	107198782	107398782	harbor2	chr11	107279639	107279974	LTR/ERV1	444	+	168	107279807	81025
chr11	117821010	118021010	harbor2	chr11	117903238	117903420	LTR/ERV1	895	+	91	117903329	82319
chr11	117821010	118021010	harbor2	chr11	117904651	117904861	LTR/ERV1	1814	+	105	117904756	83746
chr11	117821010	118021010	harbor2	chr11	117905195	117905445	LTR/ERV1	1814	+	125	117905320	84310
chr11	117821010	118021010	harbor2	chr11	117849671	117850314	LTR/ERV1	4004	+	322	117849993	28983
chr11	70428808	70628808	harbor2	chr11	70526009	70526755	LTR/ERV1	3212	+	373	70526382	97574
chr11	81056099	81256099	harbor2	chr11	81062048	81062423	LTR/ERV1	2104	+	188	81062236	6137
chr11	81056099	81256099	harbor2	chr11	81122403	81122516	LTR/ERV1	901	+	56	81122459	66360
chr11	81056099	81256099	harbor2	chr11	81122517	81125199	LTR/ERV1	14298	+	1341	81123858	67759
chr11	81056099	81256099	harbor2	chr11	81125186	81125332	LTR/ERV1	884	+	73	81125259	69160
chr11	81056099	81256099	harbor2	chr11	81125323	81125820	LTR/ERV1	3067	+	248	81125571	69472
chr11	81056099	81256099	harbor2	chr11	81125823	81126485	LTR/ERV1	4618	+	331	81126154	70055
chr11	81056099	81256099	harbor2	chr11	81126487	81126700	LTR/ERV1	1348	+	106	81126593	70494
chr11	81056099	81256099	harbor2	chr11	81126699	81127076	LTR/ERV1	2368	+	188	81126887	70788
chr11	81056099	81256099	harbor2	chr11	81127078	81127454	LTR/ERV1	2357	+	188	81127266	71167
chr11	128205223	128405223	harbor2	chr11	128273797	128274204	LTR/ERV1	2941	+	204	128274001	68778
chr11	128205223	128405223	harbor2	chr11	128274804	128274978	LTR/ERV1	2941	+	87	128274891	69668
chr11	128205223	128405223	harbor2	chr11	128275067	128275349	LTR/ERV1	634	+	141	128275208	69985
chr11	128205223	128405223	harbor2	chr11	128236908	128238347	LTR/ERV1	9516	+	720	128237628	32405
chr11	93509214	93709214	harbor2	chr11	93531726	93532173	LTR/ERV1	3076	+	224	93531950	22736
chr11	93509214	93709214	harbor2	chr11	93595771	93595966	LTR/ERV1	4062	+	98	93595869	86655
chr11	93509214	93709214	harbor2	chr11	93596269	93596691	LTR/ERV1	4062	+	211	93596480	87266
chr11	49734957	49934957	harbor2	chr11	49739722	49740151	LTR/ERV1	2306	+	214	49739936	4979
chr11	122022191	122222191	harbor2	chr11	122025804	122026262	LTR/ERV1	1480	+	229	122026033	3842
chr11	76838906	77038906	harbor2	chr11	76843362	76843487	LTR/ERV1	604	+	62	76843424	4518
chr11	76838906	77038906	harbor2	chr11	76843507	76843831	LTR/ERV1	2256	+	162	76843669	4763
chr11	76838906	77038906	harbor2	chr11	76843837	76844457	LTR/ERV1	3987	+	310	76844147	5241
chr11	76838906	77038906	harbor2	chr11	76903457	76903988	LTR/ERV1	4778	+	266	76903723	64817
chr11	76838906	77038906	harbor2	chr11	76904297	76904635	LTR/ERV1	4778	+	169	76904466	65560
chr11	76838906	77038906	harbor2	chr11	76905982	76906696	LTR/ERV1	4135	+	357	76906339	67433
chr11	123675965	123875965	harbor2	chr11	123752267	123752742	LTR/ERV1	2189	+	238	123752505	76540
chr11	123675965	123875965	harbor2	chr11	123769140	123769824	LTR/ERV1	3946	+	342	123769482	93517
chr11	73380972	73580972	harbor2	chr11	73454501	73455421	LTR/ERV1	6224	+	460	73454961	73989
chr11	104548764	104748764	harbor2	chr11	104583847	104584529	LTR/ERV1	4319	+	341	104584188	35424
chr11	104548764	104748764	harbor2	chr11	104593201	104593419	LTR/ERV1	1124	+	109	104593310	44546
chr11	104548764	104748764	harbor2	chr11	104593729	104593963	LTR/ERV1	1124	+	117	104593846	45082
chr11	132588900	132788900	harbor2	chr11	132638393	132638992	LTR/ERV1	2512	+	300	132638693	49793
chr11	132588900	132788900	harbor2	chr11	132681150	132681674	LTR/ERV1	4177	+	262	132681412	92512
chr11	132588900	132788900	harbor2	chr11	132681968	132682270	LTR/ERV1	4177	+	151	132682119	93219
chr11	133255352	133455352	harbor2	chr11	133295682	133296043	LTR/ERV1	1511	+	180	133295862	40510
chr11	133255352	133455352	harbor2	chr11	133318206	133318660	LTR/ERV1	2043	+	227	133318433	63081
chr11	133996879	134196879	harbor2	chr11	134061687	134062381	LTR/ERV1	3889	+	347	134062034	65155
chr11	130492466	130692466	harbor2	chr11	130518076	130518802	LTR/ERV1	3645	+	363	130518439	25973
chr11	130492466	130692466	harbor2	chr11	130535589	130535985	LTR/ERV1	2160	+	198	130535787	43321
chr11	130492466	130692466	harbor2	chr11	130543134	130543480	LTR/ERV1	1053	+	173	130543307	50841
chr11	57904710	58104710	harbor2	chr11	57936208	57936509	LTR/ERV1	790	+	150	57936358	31648
chr11	57904710	58104710	harbor2	chr11	57944794	57944908	LTR/ERV1	369	+	57	57944851	40141
chr11	104593410	104793410	harbor2	chr11	104593201	104593419	LTR/ERV1	1124	+	109	104593310	100
chr11	104593410	104793410	harbor2	chr11	104593729	104593963	LTR/ERV1	1124	+	117	104593846	436
chr11	104593410	104793410	harbor2	chr11	104684995	104685553	LTR/ERV1	2821	+	279	104685274	91864
chr11	60426000	60626000	harbor2	chr11	60476023	60476057	LTR/ERV1	2464	+	17	60476040	50040
chr11	60426000	60626000	harbor2	chr11	60476356	60476727	LTR/ERV1	2464	+	186	60476542	50542
chr11	91509517	91709517	harbor2	chr11	91586882	91587574	LTR/ERV1	4953	+	346	91587228	77711
chr11	101939647	102139647	harbor2	chr11	102028327	102029238	LTR/ERV1	3248	+	456	102028783	89136
chr11	132793627	132993627	harbor2	chr11	132851905	132852369	LTR/ERV1	1810	+	232	132852137	58510
chr11	132793627	132993627	harbor2	chr11	132854824	132855529	LTR/ERV1	4125	+	352	132855176	61549
chr11	132793627	132993627	harbor2	chr11	132856376	132857074	LTR/ERV1	4122	+	349	132856725	63098
chr11	132793627	132993627	harbor2	chr11	132863427	132863927	LTR/ERV1	3217	+	250	132863677	70050
chr11	132793627	132993627	harbor2	chr11	132864238	132864355	LTR/ERV1	3217	+	58	132864296	70669
chr11	133820416	134020416	harbor2	chr11	133845587	133845751	LTR/ERV1	1040	+	82	133845669	25253
chr11	133820416	134020416	harbor2	chr11	133845774	133846303	LTR/ERV1	3568	+	264	133846038	25622
chr11	133820416	134020416	harbor2	chr11	133893179	133893538	LTR/ERV1	430	+	180	133893359	72943
chr11	102144386	102344386	harbor2	chr11	102207860	102208460	LTR/ERV1	3594	+	300	102208160	63774
chr11	56520612	56720612	harbor2	chr11	56545711	56546168	LTR/ERV1	1570	+	228	56545939	25327
chr11	56520612	56720612	harbor2	chr11	56546921	56547729	LTR/ERV1	4761	+	404	56547325	26713
chr11	56520612	56720612	harbor2	chr11	56575099	56575666	LTR/ERV1	2673	+	284	56575383	54771
chr11	56520612	56720612	harbor2	chr11	56583524	56584049	LTR/ERV1	2206	+	262	56583786	63174
chr11	112183940	112383940	harbor2	chr11	112242178	112242356	LTR/ERV1	986	+	89	112242267	58327
chr11	112183940	112383940	harbor2	chr11	112242356	112242481	LTR/ERV1	1169	+	62	112242418	58478
chr11	112183940	112383940	harbor2	chr11	112242792	112242876	LTR/ERV1	1169	+	42	112242834	58894
chr11	112183940	112383940	harbor2	chr11	112247662	112247719	LTR/ERV1	453	+	28	112247690	63750
chr11	112183940	112383940	harbor2	chr11	112250261	112250813	LTR/ERV1	3795	+	276	112250537	66597
chr11	86803997	87003997	harbor2	chr11	86845542	86846235	LTR/ERV1	4656	+	346	86845888	41891
chr11	86803997	87003997	harbor2	chr11	86846236	86849842	LTR/ERV1	28396	+	1803	86848039	44042
chr11	86803997	87003997	harbor2	chr11	86849837	86850418	LTR/ERV1	4189	+	290	86850127	46130
chr11	86803997	87003997	harbor2	chr11	86850419	86851050	LTR/ERV1	4373	+	316	86850735	46738
chr11	128074175	128274175	harbor2	chr11	128104802	128105415	LTR/ERV1	2374	+	306	128105108	30933
chr12	119639906	119839906	harbor2	chr12	119661884	119662510	LTR/ERV1	3855	+	313	119662197	22291
chr12	119639906	119839906	harbor2	chr12	119707376	119707536	LTR/ERV1	2120	+	80	119707456	67550
chr12	119639906	119839906	harbor2	chr12	119707800	119708084	LTR/ERV1	2120	+	142	119707942	68036
chr12	99676176	99876176	harbor2	chr12	99686153	99686574	LTR/ERV1	2171	+	210	99686363	10187
chr12	99676176	99876176	harbor2	chr12	99715182	99715589	LTR/ERV1	2827	+	204	99715386	39210
chr12	99676176	99876176	harbor2	chr12	99715592	99717899	LTR/ERV1	20218	+	1154	99716746	40570
chr12	99676176	99876176	harbor2	chr12	99718200	99718897	LTR/ERV1	20218	+	348	99718548	42372
chr12	99676176	99876176	harbor2	chr12	99718895	99719044	LTR/ERV1	862	+	74	99718969	42793
chr12	99676176	99876176	harbor2	chr12	99719035	99720736	LTR/ERV1	7727	+	850	99719885	43709
chr12	99676176	99876176	harbor2	chr12	99720738	99720952	LTR/ERV1	1362	+	107	99720845	44669
chr12	99676176	99876176	harbor2	chr12	99720953	99721326	LTR/ERV1	2321	+	186	99721139	44963
chr12	99676176	99876176	harbor2	chr12	99721328	99721737	LTR/ERV1	2915	+	204	99721532	45356
chr12	32726335	32926335	harbor2	chr12	32779395	32779633	LTR/ERV1	1228	+	119	32779514	53179
chr12	32726335	32926335	harbor2	chr12	32779632	32779916	LTR/ERV1	1485	+	142	32779774	53439
chr12	130343067	130543067	harbor2	chr12	130432904	130433554	LTR/ERV1	2654	+	325	130433229	90162
chr12	55930913	56130913	harbor2	chr12	56006148	56006315	LTR/ERV1	2455	+	84	56006232	75319
chr12	55930913	56130913	harbor2	chr12	56006931	56007183	LTR/ERV1	2455	+	126	56007057	76144
chr12	53912196	54112196	harbor2	chr12	53925569	53925957	LTR/ERV1	659	+	194	53925763	13567
chr12	129287037	129487037	harbor2	chr12	129341478	129341694	LTR/ERV1	1661	+	108	129341586	54549
chr12	129287037	129487037	harbor2	chr12	129343588	129343630	LTR/ERV1	2486	+	21	129343609	56572
chr12	129287037	129487037	harbor2	chr12	129343952	129344248	LTR/ERV1	2486	+	148	129344100	57063
chr12	129287037	129487037	harbor2	chr12	129344337	129345711	LTR/ERV1	8644	+	687	129345024	57987
chr12	129287037	129487037	harbor2	chr12	129348737	129349192	LTR/ERV1	3248	+	228	129348965	61928
chr12	129287037	129487037	harbor2	chr12	129349188	129349419	LTR/ERV1	1640	+	116	129349304	62267
chr12	129287037	129487037	harbor2	chr12	129352037	129352445	LTR/ERV1	3145	+	204	129352241	65204
chr12	129287037	129487037	harbor2	chr12	129352937	129353062	LTR/ERV1	979	+	62	129352999	65962
chr12	129287037	129487037	harbor2	chr12	129376679	129377108	LTR/ERV1	2368	+	214	129376893	89856
chr12	129287037	129487037	harbor2	chr12	129349420	129352036	LTR/ERV1	18885	+	1308	129350728	63691
chr12	102232113	102432113	harbor2	chr12	102304214	102304630	LTR/ERV1	2768	+	208	102304422	72309
chr12	102232113	102432113	harbor2	chr12	102304631	102305292	LTR/ERV1	4331	+	330	102304961	72848
chr12	102232113	102432113	harbor2	chr12	102305290	102306010	LTR/ERV1	4036	+	360	102305650	73537
chr12	102232113	102432113	harbor2	chr12	102306324	102306924	LTR/ERV1	4036	+	300	102306624	74511
chr12	102232113	102432113	harbor2	chr12	102306920	102307057	LTR/ERV1	784	+	68	102306988	74875
chr12	102232113	102432113	harbor2	chr12	102307086	102307764	LTR/ERV1	2890	+	339	102307425	75312
chr12	102232113	102432113	harbor2	chr12	102313769	102314788	LTR/ERV1	4248	+	510	102314279	82166
chr12	102232113	102432113	harbor2	chr12	102314780	102314956	LTR/ERV1	4265	+	88	102314868	82755
chr12	102232113	102432113	harbor2	chr12	102314995	102315956	LTR/ERV1	4265	+	480	102315475	83362
chr12	102232113	102432113	harbor2	chr12	102315958	102316188	LTR/ERV1	1378	+	115	102316073	83960
chr12	102232113	102432113	harbor2	chr12	102323707	102323826	LTR/ERV1	536	+	60	102323767	91654
chr12	76855038	77055038	harbor2	chr12	76872342	76872937	LTR/ERV1	3857	+	298	76872640	17602
chr12	76855038	77055038	harbor2	chr12	76902393	76902426	LTR/ERV1	3413	+	16	76902409	47371
chr12	76855038	77055038	harbor2	chr12	76902712	76902864	LTR/ERV1	3413	+	76	76902788	47750
chr12	76855038	77055038	harbor2	chr12	76903179	76903643	LTR/ERV1	3413	+	232	76903411	48373
chr12	76855038	77055038	harbor2	chr12	76905618	76905657	LTR/ERV1	2711	+	20	76905638	50600
chr12	76855038	77055038	harbor2	chr12	76905967	76906344	LTR/ERV1	2711	+	188	76906155	51117
chr12	76855038	77055038	harbor2	chr12	76936569	76936953	LTR/ERV1	2684	+	192	76936761	81723
chr12	114199544	114399544	harbor2	chr12	114269743	114270584	LTR/ERV1	2015	+	420	114270163	70619
chr12	114199544	114399544	harbor2	chr12	114270775	114271070	LTR/ERV1	2015	+	148	114270923	71379
chr12	114199544	114399544	harbor2	chr12	114277309	114277726	LTR/ERV1	2839	+	208	114277517	77973
chr12	114199544	114399544	harbor2	chr12	114278949	114279406	LTR/ERV1	3833	+	228	114279177	79633
chr12	109829159	110029159	harbor2	chr12	109881110	109881661	LTR/ERV1	1533	+	276	109881386	52227
chr12	109829159	110029159	harbor2	chr12	109901364	109901927	LTR/ERV1	2836	+	282	109901646	72487
chr12	109829159	110029159	harbor2	chr12	109926145	109927290	LTR/ERV1	7085	+	572	109926717	97558
chr12	109829159	110029159	harbor2	chr12	109927599	109927722	LTR/ERV1	7085	+	62	109927661	98502
chr12	133089252	133289252	harbor2	chr12	133167921	133168251	LTR/ERV1	722	+	165	133168086	78834
chr12	133089252	133289252	harbor2	chr12	133168563	133168583	LTR/ERV1	722	+	10	133168573	79321
chr12	60797283	60997283	harbor2	chr12	60836774	60837231	LTR/ERV1	1988	+	228	60837002	39719
chr12	60797283	60997283	harbor2	chr12	60862979	60863487	LTR/ERV1	1892	+	254	60863233	65950
chr12	60797283	60997283	harbor2	chr12	60891607	60891894	LTR/ERV1	525	+	144	60891751	94468
chr12	119928213	120128213	harbor2	chr12	119954695	119954741	LTR/ERV1	3274	+	23	119954718	26505
chr12	119928213	120128213	harbor2	chr12	119955324	119955485	LTR/ERV1	3274	+	80	119955404	27191
chr12	119928213	120128213	harbor2	chr12	119955784	119956179	LTR/ERV1	3274	+	198	119955982	27769
chr12	55201276	55401276	harbor2	chr12	55241663	55242235	LTR/ERV1	2955	+	286	55241949	40673
chr12	55201276	55401276	harbor2	chr12	55242294	55242891	LTR/ERV1	3487	+	298	55242592	41316
chr12	55201276	55401276	harbor2	chr12	55258572	55258831	LTR/ERV1	1596	+	130	55258702	57426
chr12	103345079	103545079	harbor2	chr12	103351109	103351499	LTR/ERV1	2399	+	195	103351304	6225
chr12	108697819	108897819	harbor2	chr12	108710320	108710389	LTR/ERV1	514	+	34	108710354	12535
chr12	108697819	108897819	harbor2	chr12	108794606	108795206	LTR/ERV1	2564	+	300	108794906	97087
chr12	108697819	108897819	harbor2	chr12	108797340	108798234	LTR/ERV1	4316	+	447	108797787	99968
chr12	129723543	129923543	harbor2	chr12	129729891	129730145	LTR/ERV1	1524	+	127	129730018	6475
chr12	129723543	129923543	harbor2	chr12	129754977	129755400	LTR/ERV1	1239	+	212	129755189	31646
chr12	129723543	129923543	harbor2	chr12	129763687	129764160	LTR/ERV1	954	+	236	129763923	40380
chr12	129723543	129923543	harbor2	chr12	129765125	129765284	LTR/ERV1	1129	+	80	129765205	41662
chr12	129723543	129923543	harbor2	chr12	129765600	129765864	LTR/ERV1	1129	+	132	129765732	42189
chr12	129723543	129923543	harbor2	chr12	129766449	129766790	LTR/ERV1	1251	+	170	129766619	43076
chr12	129723543	129923543	harbor2	chr12	129766799	129767153	LTR/ERV1	999	+	177	129766976	43433
chr12	129723543	129923543	harbor2	chr12	129767172	129767398	LTR/ERV1	1141	+	113	129767285	43742
chr12	133073239	133273239	harbor2	chr12	133079235	133079463	LTR/ERV1	1542	+	114	133079349	6110
chr12	133073239	133273239	harbor2	chr12	133079464	133079975	LTR/ERV1	3692	+	256	133079720	6481
chr12	133073239	133273239	harbor2	chr12	133167921	133168251	LTR/ERV1	722	+	165	133168086	94847
chr12	133073239	133273239	harbor2	chr12	133168563	133168583	LTR/ERV1	722	+	10	133168573	95334
chr12	76017268	76217268	harbor2	chr12	76092418	76092895	LTR/ERV1	2922	+	238	76092656	75388
chr12	88392528	88592528	harbor2	chr12	88435362	88435690	LTR/ERV1	523	+	164	88435526	42998
chr12	110756045	110956045	harbor2	chr12	110770946	110771399	LTR/ERV1	3339	+	226	110771172	15127
chr12	110756045	110956045	harbor2	chr12	110773599	110773733	LTR/ERV1	876	+	67	110773666	17621
chr12	110756045	110956045	harbor2	chr12	110816760	110816879	LTR/ERV1	851	+	60	110816820	60775
chr12	48565382	48765382	harbor2	chr12	48584067	48584188	LTR/ERV1	802	+	60	48584127	18745
chr12	48565382	48765382	harbor2	chr12	48585037	48585586	LTR/ERV1	1829	+	274	48585311	19929
chr12	48565382	48765382	harbor2	chr12	48592986	48593740	LTR/ERV1	5774	+	377	48593363	27981
chr12	48565382	48765382	harbor2	chr12	48593992	48594508	LTR/ERV1	2926	+	258	48594250	28868
chr12	48565382	48765382	harbor2	chr12	48597523	48599421	LTR/ERV1	5477	+	949	48598472	33090
chr12	48565382	48765382	harbor2	chr12	48599436	48600230	LTR/ERV1	3971	+	397	48599833	34451
chr12	48565382	48765382	harbor2	chr12	48600230	48602220	LTR/ERV1	9061	+	995	48601225	35843
chr12	48565382	48765382	harbor2	chr12	48602223	48602680	LTR/ERV1	2080	+	228	48602451	37069
chr12	31162790	31362790	harbor2	chr12	31206560	31206874	LTR/ERV1	4861	+	157	31206717	43927
chr12	31162790	31362790	harbor2	chr12	31207006	31207592	LTR/ERV1	4861	+	293	31207299	44509
chr12	31162790	31362790	harbor2	chr12	31238891	31239541	LTR/ERV1	2448	+	325	31239216	76426
chr12	31162790	31362790	harbor2	chr12	31240870	31241625	LTR/ERV1	3626	+	378	31241248	78458
chr12	31162790	31362790	harbor2	chr12	31241635	31242361	LTR/ERV1	4121	+	363	31241998	79208
chr12	131071658	131271658	harbor2	chr12	131152012	131153012	LTR/ERV1	5496	+	500	131152512	80854
chr12	126756084	126956084	harbor2	chr12	126762225	126762492	LTR/ERV1	2954	+	134	126762359	6275
chr12	126756084	126956084	harbor2	chr12	126766274	126766731	LTR/ERV1	2135	+	228	126766502	10418
chr12	126756084	126956084	harbor2	chr12	126766732	126767712	LTR/ERV1	5185	+	490	126767222	11138
chr12	126756084	126956084	harbor2	chr12	126767713	126767774	LTR/ERV1	2135	+	30	126767743	11659
chr12	126756084	126956084	harbor2	chr12	126776291	126776667	LTR/ERV1	2120	+	188	126776479	20395
chr12	126756084	126956084	harbor2	chr12	126819553	126820086	LTR/ERV1	3372	+	266	126819819	63735
chr12	126756084	126956084	harbor2	chr12	126851758	126852414	LTR/ERV1	3436	+	328	126852086	96002
chr12	126756084	126956084	harbor2	chr12	126762848	126763182	LTR/ERV1	2954	+	167	126763015	6931
chr12	120988560	121188560	harbor2	chr12	121085137	121085599	LTR/ERV1	2597	+	231	121085368	96808
chr12	129249274	129449274	harbor2	chr12	129341478	129341694	LTR/ERV1	1661	+	108	129341586	92312
chr12	129249274	129449274	harbor2	chr12	129343588	129343630	LTR/ERV1	2486	+	21	129343609	94335
chr12	129249274	129449274	harbor2	chr12	129343952	129344248	LTR/ERV1	2486	+	148	129344100	94826
chr12	129249274	129449274	harbor2	chr12	129344337	129345711	LTR/ERV1	8644	+	687	129345024	95750
chr12	129249274	129449274	harbor2	chr12	129348737	129349192	LTR/ERV1	3248	+	228	129348965	99691
chr12	119213184	119413184	harbor2	chr12	119274028	119274822	LTR/ERV1	5393	+	397	119274425	61241
chr12	119213184	119413184	harbor2	chr12	119286421	119286683	LTR/ERV1	732	+	131	119286552	73368
chr12	119213184	119413184	harbor2	chr12	119291711	119291857	LTR/ERV1	634	+	73	119291784	78600
chr12	119213184	119413184	harbor2	chr12	119292777	119293234	LTR/ERV1	493	+	228	119293005	79821
chr12	47672999	47872999	harbor2	chr12	47680828	47681377	LTR/ERV1	2474	+	274	47681102	8103
chr12	117169644	117369644	harbor2	chr12	117197396	117197558	LTR/ERV1	500	+	81	117197477	27833
chr12	117169644	117369644	harbor2	chr12	117197634	117197774	LTR/ERV1	1048	+	70	117197704	28060
chr12	117169644	117369644	harbor2	chr12	117198359	117198446	LTR/ERV1	1048	+	44	117198403	28759
chr12	117169644	117369644	harbor2	chr12	117238253	117238503	LTR/ERV1	1417	+	125	117238378	68734
chr12	117169644	117369644	harbor2	chr12	117238815	117238851	LTR/ERV1	1417	+	18	117238833	69189
chr12	132951108	133151108	harbor2	chr12	132958913	132959107	LTR/ERV1	3546	+	97	132959010	7902
chr12	132951108	133151108	harbor2	chr12	132959410	132959961	LTR/ERV1	3546	+	276	132959686	8578
chr12	132951108	133151108	harbor2	chr12	132960253	132960661	LTR/ERV1	3546	+	204	132960457	9349
chr12	132951108	133151108	harbor2	chr12	132960700	132961069	LTR/ERV1	2309	+	184	132960884	9776
chr12	132951108	133151108	harbor2	chr12	132961368	132961431	LTR/ERV1	2309	+	32	132961400	10292
chr12	132951108	133151108	harbor2	chr12	132961493	132961822	LTR/ERV1	1496	+	164	132961657	10549
chr12	132951108	133151108	harbor2	chr12	132966405	132968033	LTR/ERV1	7964	+	814	132967219	16111
chr12	132951108	133151108	harbor2	chr12	132968183	132968339	LTR/ERV1	904	+	78	132968261	17153
chr12	132951108	133151108	harbor2	chr12	133027608	133028553	LTR/ERV1	4874	+	472	133028080	76972
chr12	132951108	133151108	harbor2	chr12	133035402	133035446	LTR/ERV1	2768	+	22	133035424	84316
chr12	132951108	133151108	harbor2	chr12	133035741	133036210	LTR/ERV1	2768	+	234	133035975	84867
chr12	132951108	133151108	harbor2	chr12	133047212	133047541	LTR/ERV1	2011	+	164	133047376	96268
chr12	132951108	133151108	harbor2	chr12	133047630	133047769	LTR/ERV1	742	+	70	133047700	96592
chr13	103122893	103322893	harbor2	chr13	103123678	103124216	LTR/ERV1	2265	+	269	103123947	1054
chr13	103122893	103322893	harbor2	chr13	103160876	103161349	LTR/ERV1	2280	+	236	103161112	38219
chr13	103122893	103322893	harbor2	chr13	103197323	103197694	LTR/ERV1	836	+	186	103197509	74616
chr13	23277787	23477787	harbor2	chr13	23291819	23292111	LTR/ERV1	1785	+	146	23291965	14178
chr13	23277787	23477787	harbor2	chr13	23292406	23292535	LTR/ERV1	1785	+	64	23292470	14683
chr13	103581973	103781973	harbor2	chr13	103599798	103601283	LTR/ERV1	11011	+	742	103600540	18567
chr13	89176757	89376757	harbor2	chr13	89185436	89186487	LTR/ERV1	2664	+	526	89185962	9205
chr13	89176757	89376757	harbor2	chr13	89208434	89208906	LTR/ERV1	3168	+	236	89208670	31913
chr13	89176757	89376757	harbor2	chr13	89271346	89271903	LTR/ERV1	917	+	278	89271624	94867
chr13	91519719	91719719	harbor2	chr13	91540073	91540361	LTR/ERV1	1192	+	144	91540217	20498
chr13	69420893	69620893	harbor2	chr13	69422245	69422402	LTR/ERV1	405	+	78	69422323	1430
chr13	69420893	69620893	harbor2	chr13	69425892	69426269	LTR/ERV1	2047	+	188	69426080	5187
chr13	69420893	69620893	harbor2	chr13	69431909	69432091	LTR/ERV1	706	+	91	69432000	11107
chr13	69420893	69620893	harbor2	chr13	69432139	69432333	LTR/ERV1	573	+	97	69432236	11343
chr13	69420893	69620893	harbor2	chr13	69484155	69484496	LTR/ERV1	28425	+	170	69484325	63432
chr13	69420893	69620893	harbor2	chr13	69485857	69489829	LTR/ERV1	28425	+	1986	69487843	66950
chr13	69420893	69620893	harbor2	chr13	69489999	69490451	LTR/ERV1	2301	+	226	69490225	69332
chr13	69420893	69620893	harbor2	chr13	69484527	69485587	LTR/ERV1	28425	+	530	69485057	64164
chr13	81927542	82127542	harbor2	chr13	81927670	81928106	LTR/ERV1	2755	+	218	81927888	346
chr13	81927542	82127542	harbor2	chr13	81977688	81978247	LTR/ERV1	3341	+	280	81977968	50426
chr13	81927542	82127542	harbor2	chr13	81987715	81988115	LTR/ERV1	1399	+	200	81987915	60373
chr13	114250005	114450005	harbor2	chr13	114254705	114255068	LTR/ERV1	2125	+	182	114254887	4882
chr13	114250005	114450005	harbor2	chr13	114310609	114310851	LTR/ERV1	582	+	121	114310730	60725
chr13	52806569	53006569	harbor2	chr13	52826099	52827341	LTR/ERV1	6529	+	621	52826720	20151
chr13	52806569	53006569	harbor2	chr13	52835443	52835999	LTR/ERV1	4250	+	278	52835721	29152
chr13	52806569	53006569	harbor2	chr13	52836305	52836428	LTR/ERV1	4250	+	62	52836367	29798
chr13	67964874	68164874	harbor2	chr13	67985717	67986205	LTR/ERV1	2725	+	244	67985961	21087
chr13	67964874	68164874	harbor2	chr13	68028070	68028508	LTR/ERV1	2117	+	219	68028289	63415
chr13	67964874	68164874	harbor2	chr13	68062016	68062282	LTR/ERV1	651	+	133	68062149	97275
chr13	64001967	64201967	harbor2	chr13	64029205	64030066	LTR/ERV1	4798	+	430	64029635	27668
chr13	33252164	33452164	harbor2	chr13	33254468	33255199	LTR/ERV1	4999	+	366	33254834	2670
chr13	80288286	80488286	harbor2	chr13	80294149	80294502	LTR/ERV1	1563	+	176	80294325	6039
chr13	80288286	80488286	harbor2	chr13	80355363	80356770	LTR/ERV1	10568	+	704	80356067	67781
chr13	80288286	80488286	harbor2	chr13	80378883	80379312	LTR/ERV1	2586	+	214	80379097	90811
chr13	107834376	108034376	harbor2	chr13	107910743	107911204	LTR/ERV1	3556	+	230	107910973	76597
chr13	69794535	69994535	harbor2	chr13	69802424	69802886	LTR/ERV1	3595	+	231	69802655	8120
chr13	69794535	69994535	harbor2	chr13	69872245	69872767	LTR/ERV1	3042	+	261	69872506	77971
chr13	69794535	69994535	harbor2	chr13	69844885	69845310	LTR/ERV1	1193	+	212	69845097	50562
chr13	106993100	107193100	harbor2	chr13	107020505	107020920	LTR/ERV1	1280	+	208	107020713	27613
chr13	106993100	107193100	harbor2	chr13	107023238	107023718	LTR/ERV1	2389	+	240	107023478	30378
chr13	106993100	107193100	harbor2	chr13	107023948	107024154	LTR/ERV1	911	+	103	107024051	30951
chr13	106993100	107193100	harbor2	chr13	107051062	107051175	LTR/ERV1	694	+	56	107051118	58018
chr13	106993100	107193100	harbor2	chr13	107056995	107057461	LTR/ERV1	2399	+	233	107057228	64128
chr13	106993100	107193100	harbor2	chr13	107051756	107053185	LTR/ERV1	3814	+	714	107052470	59370
chr13	60899199	61099199	harbor2	chr13	60941235	60941900	LTR/ERV1	3959	+	332	60941567	42368
chr13	60899199	61099199	harbor2	chr13	60966554	60966791	LTR/ERV1	1243	+	118	60966672	67473
chr13	60899199	61099199	harbor2	chr13	60966781	60967066	LTR/ERV1	1521	+	142	60966923	67724
chr13	60899199	61099199	harbor2	chr13	60973126	60973251	LTR/ERV1	1096	+	62	60973188	73989
chr13	60899199	61099199	harbor2	chr13	60974292	60974464	LTR/ERV1	1096	+	86	60974378	75179
chr13	60899199	61099199	harbor2	chr13	60974511	60974710	LTR/ERV1	491	+	100	60974611	75412
chr13	60899199	61099199	harbor2	chr13	60991279	60991542	LTR/ERV1	647	+	132	60991411	92212
chr13	105599873	105799873	harbor2	chr13	105672653	105672755	LTR/ERV1	478	+	51	105672704	72831
chr13	105599873	105799873	harbor2	chr13	105672789	105673479	LTR/ERV1	1969	+	345	105673134	73261
chr13	105599873	105799873	harbor2	chr13	105673749	105674466	LTR/ERV1	1739	+	358	105674107	74234
chr13	105599873	105799873	harbor2	chr13	105674531	105674728	LTR/ERV1	435	+	98	105674629	74756
chr13	105599873	105799873	harbor2	chr13	105674762	105675305	LTR/ERV1	1789	+	272	105675034	75161
chr13	105599873	105799873	harbor2	chr13	105675702	105676151	LTR/ERV1	1622	+	224	105675926	76053
chr13	105599873	105799873	harbor2	chr13	105677520	105677764	LTR/ERV1	2635	+	122	105677642	77769
chr13	105599873	105799873	harbor2	chr13	105685683	105686058	LTR/ERV1	1201	+	188	105685871	85998
chr13	105599873	105799873	harbor2	chr13	105676484	105677131	LTR/ERV1	2635	+	324	105676808	76935
chr13	97857659	98057659	harbor2	chr13	97867353	97868066	LTR/ERV1	4823	+	356	97867709	10050
chr13	97857659	98057659	harbor2	chr13	97875888	97876493	LTR/ERV1	3223	+	302	97876190	18531
chr13	97857659	98057659	harbor2	chr13	97880754	97881344	LTR/ERV1	3287	+	295	97881049	23390
chr13	97857659	98057659	harbor2	chr13	97913793	97914179	LTR/ERV1	1484	+	193	97913986	56327
chr13	31225586	31425586	harbor2	chr13	31309985	31311087	LTR/ERV1	4011	+	551	31310536	84950
chr13	75275868	75475868	harbor2	chr13	75363332	75363786	LTR/ERV1	3206	+	227	75363559	87691
chr13	90120971	90320971	harbor2	chr13	90167150	90167249	LTR/ERV1	466	+	50	90167200	46229
chr13	90120971	90320971	harbor2	chr13	90175692	90176288	LTR/ERV1	2776	+	298	90175990	55019
chr13	90120971	90320971	harbor2	chr13	90214347	90214773	LTR/ERV1	1929	+	213	90214560	93589
chr13	100673014	100873014	harbor2	chr13	100720278	100720836	LTR/ERV1	2823	+	279	100720557	47543
chr13	100673014	100873014	harbor2	chr13	100763507	100763885	LTR/ERV1	1472	+	189	100763696	90682
chr13	81118593	81318593	harbor2	chr13	81140686	81141297	LTR/ERV1	4622	+	306	81140992	22399
chr13	81118593	81318593	harbor2	chr13	81142314	81142669	LTR/ERV1	2062	+	178	81142492	23899
chr13	81118593	81318593	harbor2	chr13	81184441	81184523	LTR/ERV1	1530	+	41	81184482	65889
chr13	81118593	81318593	harbor2	chr13	81184524	81185138	LTR/ERV1	3107	+	307	81184831	66238
chr13	81118593	81318593	harbor2	chr13	81185139	81185348	LTR/ERV1	1530	+	104	81185243	66650
chr13	81118593	81318593	harbor2	chr13	81185379	81185732	LTR/ERV1	1342	+	176	81185555	66962
chr13	81118593	81318593	harbor2	chr13	81212114	81212211	LTR/ERV1	633	+	48	81212162	93569
chr13	81118593	81318593	harbor2	chr13	81212287	81212406	LTR/ERV1	705	+	60	81212347	93754
chr13	68772053	68972053	harbor2	chr13	68784279	68784674	LTR/ERV1	1581	+	198	68784477	12424
chr13	68772053	68972053	harbor2	chr13	68847182	68847754	LTR/ERV1	2551	+	286	68847468	75415
chr13	103156601	103356601	harbor2	chr13	103160876	103161349	LTR/ERV1	2280	+	236	103161112	4511
chr13	103156601	103356601	harbor2	chr13	103197323	103197694	LTR/ERV1	836	+	186	103197509	40908
chr13	103156601	103356601	harbor2	chr13	103224483	103224966	LTR/ERV1	1539	+	242	103224725	68124
chr13	103156601	103356601	harbor2	chr13	103229070	103229298	LTR/ERV1	545	+	114	103229184	72583
chr13	103156601	103356601	harbor2	chr13	103230039	103230296	LTR/ERV1	662	+	128	103230167	73566
chr13	103156601	103356601	harbor2	chr13	103230578	103230725	LTR/ERV1	827	+	74	103230652	74051
chr13	103156601	103356601	harbor2	chr13	103231020	103231603	LTR/ERV1	1339	+	292	103231312	74711
chr13	103156601	103356601	harbor2	chr13	103231610	103232026	LTR/ERV1	1391	+	208	103231818	75217
chr13	104452152	104652152	harbor2	chr13	104485839	104486155	LTR/ERV1	541	+	158	104485997	33845
chr13	98855832	99055832	harbor2	chr13	98905650	98905778	LTR/ERV1	895	+	64	98905714	49882
chr13	107385145	107585145	harbor2	chr13	107391229	107391989	LTR/ERV1	5050	+	380	107391609	6464
chr13	107385145	107585145	harbor2	chr13	107477190	107477602	LTR/ERV1	609	+	206	107477396	92251
chr13	107385145	107585145	harbor2	chr13	107477626	107478177	LTR/ERV1	1079	+	276	107477902	92757
chr13	77838969	78038969	harbor2	chr13	77859384	77859818	LTR/ERV1	2805	+	217	77859601	20632
chr13	77838969	78038969	harbor2	chr13	77862148	77862274	LTR/ERV1	1090	+	63	77862211	23242
chr13	77838969	78038969	harbor2	chr13	77862572	77862806	LTR/ERV1	1090	+	117	77862689	23720
chr13	77838969	78038969	harbor2	chr13	77902294	77902857	LTR/ERV1	2514	+	282	77902576	63607
chr13	31315096	31515096	harbor2	chr13	31340354	31340543	LTR/ERV1	954	+	94	31340448	25352
chr13	31315096	31515096	harbor2	chr13	31347211	31347616	LTR/ERV1	2996	+	202	31347413	32317
chr13	31315096	31515096	harbor2	chr13	31353085	31353204	LTR/ERV1	904	+	60	31353145	38049
chr13	31315096	31515096	harbor2	chr13	31360179	31360717	LTR/ERV1	545	+	269	31360448	45352
chr13	31315096	31515096	harbor2	chr13	31361082	31361315	LTR/ERV1	414	+	116	31361198	46102
chr13	31315096	31515096	harbor2	chr13	31361346	31361928	LTR/ERV1	3913	+	291	31361637	46541
chr13	31315096	31515096	harbor2	chr13	31362573	31362744	LTR/ERV1	1204	+	86	31362659	47563
chr13	31315096	31515096	harbor2	chr13	31362750	31362915	LTR/ERV1	801	+	82	31362832	47736
chr13	31315096	31515096	harbor2	chr13	31364690	31365852	LTR/ERV1	6504	+	581	31365271	50175
chr13	31315096	31515096	harbor2	chr13	31365853	31366399	LTR/ERV1	3596	+	273	31366126	51030
chr13	31315096	31515096	harbor2	chr13	31366510	31367863	LTR/ERV1	6512	+	676	31367186	52090
chr13	31315096	31515096	harbor2	chr13	31367871	31368078	LTR/ERV1	1358	+	104	31367975	52879
chr13	31315096	31515096	harbor2	chr13	31402088	31402252	LTR/ERV1	560	+	82	31402170	87074
chr13	31315096	31515096	harbor2	chr13	31402253	31402314	LTR/ERV1	5543	+	30	31402283	87187
chr13	31315096	31515096	harbor2	chr13	31402627	31403640	LTR/ERV1	5543	+	506	31403133	88037
chr13	31315096	31515096	harbor2	chr13	31403653	31404140	LTR/ERV1	1914	+	244	31403897	88801
chr13	31315096	31515096	harbor2	chr13	31404116	31404380	LTR/ERV1	1019	+	132	31404248	89152
chr13	31315096	31515096	harbor2	chr13	31404458	31404697	LTR/ERV1	9250	+	120	31404578	89482
chr13	31315096	31515096	harbor2	chr13	31404983	31406733	LTR/ERV1	9250	+	875	31405858	90762
chr13	31315096	31515096	harbor2	chr13	31406737	31407069	LTR/ERV1	2175	+	166	31406903	91807
chr13	31315096	31515096	harbor2	chr13	31358446	31359001	LTR/ERV1	626	+	278	31358724	43628
chr13	109053850	109253850	harbor2	chr13	109142405	109143008	LTR/ERV1	3158	+	302	109142707	88857
chr13	83442445	83642445	harbor2	chr13	83452256	83452788	LTR/ERV1	1417	+	266	83452522	10077
chr13	83442445	83642445	harbor2	chr13	83452798	83454138	LTR/ERV1	6360	+	670	83453468	11023
chr13	83442445	83642445	harbor2	chr13	83486627	83487207	LTR/ERV1	3645	+	290	83486917	44472
chr13	83442445	83642445	harbor2	chr13	83516768	83517929	LTR/ERV1	7292	+	580	83517348	74903
chr13	83442445	83642445	harbor2	chr13	83532682	83533462	LTR/ERV1	4448	+	390	83533072	90627
chr13	83442445	83642445	harbor2	chr13	83533513	83535174	LTR/ERV1	9297	+	830	83534343	91898
chr13	83442445	83642445	harbor2	chr13	83535176	83536048	LTR/ERV1	4561	+	436	83535612	93167
chr13	83442445	83642445	harbor2	chr13	83538476	83539106	LTR/ERV1	3819	+	315	83538791	96346
chr13	100490270	100690270	harbor2	chr13	100492544	100493289	LTR/ERV1	5013	+	372	100492916	2646
chr13	100490270	100690270	harbor2	chr13	100579317	100579919	LTR/ERV1	2798	+	301	100579618	89348
chr14	92055393	92255393	harbor2	chr14	92056622	92056780	LTR/ERV1	1186	+	79	92056701	1308
chr14	92055393	92255393	harbor2	chr14	92056781	92057145	LTR/ERV1	3828	+	182	92056963	1570
chr14	92055393	92255393	harbor2	chr14	92057428	92057622	LTR/ERV1	3828	+	97	92057525	2132
chr14	78299095	78499095	harbor2	chr14	78371031	78371819	LTR/ERV1	3048	+	394	78371425	72330
chr14	73511653	73711653	harbor2	chr14	73527456	73527546	LTR/ERV1	530	+	45	73527501	15848
chr14	73511653	73711653	harbor2	chr14	73549939	73550217	LTR/ERV1	3548	+	139	73550078	38425
chr14	73511653	73711653	harbor2	chr14	73550218	73550812	LTR/ERV1	4126	+	297	73550515	38862
chr14	73511653	73711653	harbor2	chr14	73550813	73550880	LTR/ERV1	3548	+	34	73550847	39194
chr14	73511653	73711653	harbor2	chr14	73551181	73551279	LTR/ERV1	3548	+	49	73551230	39577
chr14	73511653	73711653	harbor2	chr14	73551280	73551525	LTR/ERV1	3979	+	122	73551402	39749
chr14	73511653	73711653	harbor2	chr14	73551835	73552267	LTR/ERV1	3979	+	216	73552051	40398
chr14	73511653	73711653	harbor2	chr14	73552268	73552410	LTR/ERV1	3548	+	71	73552339	40686
chr14	73511653	73711653	harbor2	chr14	73553802	73554017	LTR/ERV1	1022	+	108	73553910	42257
chr14	73511653	73711653	harbor2	chr14	73567335	73568063	LTR/ERV1	4570	+	364	73567699	56046
chr14	73511653	73711653	harbor2	chr14	73582123	73582401	LTR/ERV1	3438	+	139	73582262	70609
chr14	73511653	73711653	harbor2	chr14	73582402	73582994	LTR/ERV1	4011	+	296	73582698	71045
chr14	73511653	73711653	harbor2	chr14	73582995	73583061	LTR/ERV1	3438	+	33	73583028	71375
chr14	73511653	73711653	harbor2	chr14	73583368	73583466	LTR/ERV1	3438	+	49	73583417	71764
chr14	73511653	73711653	harbor2	chr14	73583467	73583717	LTR/ERV1	4070	+	125	73583592	71939
chr14	73511653	73711653	harbor2	chr14	73584021	73584454	LTR/ERV1	4070	+	216	73584237	72584
chr14	73511653	73711653	harbor2	chr14	73584455	73584597	LTR/ERV1	3438	+	71	73584526	72873
chr14	73511653	73711653	harbor2	chr14	73605279	73605556	LTR/ERV1	4521	+	138	73605417	93764
chr14	73511653	73711653	harbor2	chr14	73605870	73606137	LTR/ERV1	4521	+	134	73606004	94351
chr14	73511653	73711653	harbor2	chr14	73606387	73606556	LTR/ERV1	4521	+	84	73606471	94818
chr14	59581272	59781272	harbor2	chr14	59610524	59611202	LTR/ERV1	5268	+	339	59610863	29591
chr14	59581272	59781272	harbor2	chr14	59611203	59613295	LTR/ERV1	44156	+	1046	59612249	30977
chr14	59581272	59781272	harbor2	chr14	59613598	59615167	LTR/ERV1	44156	+	784	59614382	33110
chr14	59581272	59781272	harbor2	chr14	59615479	59617992	LTR/ERV1	44156	+	1256	59616735	35463
chr14	59581272	59781272	harbor2	chr14	59617995	59618634	LTR/ERV1	5002	+	320	59618315	37043
chr14	27330265	27530265	harbor2	chr14	27420160	27420214	LTR/ERV1	477	+	27	27420187	89922
chr14	27330265	27530265	harbor2	chr14	27427635	27428224	LTR/ERV1	3883	+	294	27427929	97664
chr14	66927967	67127967	harbor2	chr14	67025737	67025871	LTR/ERV1	407	+	67	67025804	97837
chr14	66927967	67127967	harbor2	chr14	67025876	67026075	LTR/ERV1	722	+	100	67025976	98009
chr14	84404078	84604078	harbor2	chr14	84484370	84485002	LTR/ERV1	4691	+	316	84484686	80608
chr14	100007732	100207732	harbor2	chr14	100011174	100011572	LTR/ERV1	735	+	199	100011373	3641
chr14	95304695	95504695	harbor2	chr14	95346683	95347046	LTR/ERV1	411	+	182	95346865	42170
chr14	95304695	95504695	harbor2	chr14	95368030	95368167	LTR/ERV1	624	+	68	95368098	63403
chr14	49780471	49980471	harbor2	chr14	49858355	49858731	LTR/ERV1	2000	+	188	49858543	78072
chr14	89258789	89458789	harbor2	chr14	89269449	89270045	LTR/ERV1	3847	+	298	89269747	10958
chr14	89258789	89458789	harbor2	chr14	89294446	89294994	LTR/ERV1	4124	+	274	89294720	35931
chr14	88164775	88364775	harbor2	chr14	88222995	88223448	LTR/ERV1	2693	+	226	88223221	58446
chr14	88164775	88364775	harbor2	chr14	88223450	88223888	LTR/ERV1	1367	+	219	88223669	58894
chr14	65467609	65667609	harbor2	chr14	65478588	65478912	LTR/ERV1	883	+	162	65478750	11141
chr14	65467609	65667609	harbor2	chr14	65492239	65492664	LTR/ERV1	2166	+	212	65492451	24842
chr14	103321875	103521875	harbor2	chr14	103345006	103345333	LTR/ERV1	1972	+	164	103345170	23295
chr14	103321875	103521875	harbor2	chr14	103345629	103345752	LTR/ERV1	1972	+	62	103345691	23816
chr14	103321875	103521875	harbor2	chr14	103346273	103346715	LTR/ERV1	774	+	221	103346494	24619
chr14	103321875	103521875	harbor2	chr14	103347013	103347320	LTR/ERV1	1329	+	154	103347167	25292
chr14	103321875	103521875	harbor2	chr14	103347340	103347804	LTR/ERV1	2339	+	232	103347572	25697
chr14	102041982	102241982	harbor2	chr14	102056022	102056485	LTR/ERV1	3449	+	232	102056254	14272
chr14	102041982	102241982	harbor2	chr14	102057810	102057883	LTR/ERV1	583	+	36	102057846	15864
chr14	102041982	102241982	harbor2	chr14	102057970	102058587	LTR/ERV1	2824	+	308	102058278	16296
chr14	102041982	102241982	harbor2	chr14	102058890	102058980	LTR/ERV1	2824	+	45	102058935	16953
chr14	102041982	102241982	harbor2	chr14	102064726	102065279	LTR/ERV1	4488	+	276	102065002	23020
chr14	102041982	102241982	harbor2	chr14	102116414	102118271	LTR/ERV1	7284	+	928	102117342	75360
chr14	98000416	98200416	harbor2	chr14	98065910	98066336	LTR/ERV1	711	+	213	98066123	65707
chr14	81695896	81895896	harbor2	chr14	81711936	81712369	LTR/ERV1	2907	+	216	81712152	16256
chr14	81695896	81895896	harbor2	chr14	81767204	81767928	LTR/ERV1	4363	+	362	81767566	71670
chr14	81695896	81895896	harbor2	chr14	81786536	81787263	LTR/ERV1	3150	+	364	81786900	91004
chr14	81695896	81895896	harbor2	chr14	81791473	81792022	LTR/ERV1	3179	+	274	81791747	95851
chr14	56510063	56710063	harbor2	chr14	56531161	56531735	LTR/ERV1	4240	+	287	56531448	21385
chr14	56510063	56710063	harbor2	chr14	56550250	56550836	LTR/ERV1	3739	+	293	56550543	40480
chr14	95466410	95666410	harbor2	chr14	95532438	95532822	LTR/ERV1	2251	+	192	95532630	66220
chr14	95466410	95666410	harbor2	chr14	95563117	95563403	LTR/ERV1	1738	+	143	95563260	96850
chr14	105556527	105756527	harbor2	chr14	105556737	105557091	LTR/ERV1	1975	+	177	105556914	387
chr14	105556527	105756527	harbor2	chr14	105609924	105610740	LTR/ERV1	4450	+	408	105610332	53805
chr14	105556527	105756527	harbor2	chr14	105614125	105614230	LTR/ERV1	875	+	52	105614177	57650
chr14	105556527	105756527	harbor2	chr14	105614562	105614861	LTR/ERV1	875	+	150	105614712	58185
chr14	105556527	105756527	harbor2	chr14	105615503	105615632	LTR/ERV1	448	+	64	105615567	59040
chr14	105556527	105756527	harbor2	chr14	105615664	105615974	LTR/ERV1	1107	+	155	105615819	59292
chr14	105556527	105756527	harbor2	chr14	105618879	105619519	LTR/ERV1	1326	+	320	105619199	62672
chr14	105556527	105756527	harbor2	chr14	105633541	105633665	LTR/ERV1	864	+	62	105633603	77076
chr14	105556527	105756527	harbor2	chr14	105633997	105634295	LTR/ERV1	864	+	149	105634146	77619
chr14	105556527	105756527	harbor2	chr14	105634937	105635068	LTR/ERV1	436	+	66	105635003	78476
chr14	105556527	105756527	harbor2	chr14	105635100	105635410	LTR/ERV1	1094	+	155	105635255	78728
chr14	105556527	105756527	harbor2	chr14	105638125	105638753	LTR/ERV1	1324	+	314	105638439	81912
chr14	105556527	105756527	harbor2	chr14	105655563	105656381	LTR/ERV1	4606	+	409	105655972	99445
chr14	95753418	95953418	harbor2	chr14	95757273	95757747	LTR/ERV1	940	+	237	95757510	4092
chr14	95753418	95953418	harbor2	chr14	95845996	95846482	LTR/ERV1	2949	+	243	95846239	92821
chr14	24211827	24411827	harbor2	chr14	24282998	24283307	LTR/ERV1	2394	+	154	24283152	71325
chr14	24211827	24411827	harbor2	chr14	24283622	24283846	LTR/ERV1	2394	+	112	24283734	71907
chr14	71188843	71388843	harbor2	chr14	71198084	71198741	LTR/ERV1	3579	+	328	71198412	9569
chr14	71188843	71388843	harbor2	chr14	71230781	71232935	LTR/ERV1	9445	+	1077	71231858	43015
chr14	71188843	71388843	harbor2	chr14	71254112	71255547	LTR/ERV1	10280	+	718	71254830	65987
chr14	87649716	87849716	harbor2	chr14	87669909	87670199	LTR/ERV1	1136	+	145	87670054	20338
chr14	87649716	87849716	harbor2	chr14	87671197	87671691	LTR/ERV1	1815	+	247	87671444	21728
chr14	87649716	87849716	harbor2	chr14	87673159	87673395	LTR/ERV1	659	+	118	87673277	23561
chr14	87649716	87849716	harbor2	chr14	87692649	87693087	LTR/ERV1	2573	+	219	87692868	43152
chr14	87649716	87849716	harbor2	chr14	87741376	87741741	LTR/ERV1	854	+	182	87741558	91842
chr14	89468810	89668810	harbor2	chr14	89524827	89525069	LTR/ERV1	1867	+	121	89524948	56138
chr14	89468810	89668810	harbor2	chr14	89525085	89525631	LTR/ERV1	3926	+	273	89525358	56548
chr14	89468810	89668810	harbor2	chr14	89541213	89541765	LTR/ERV1	4234	+	276	89541489	72679
chr14	83320605	83520605	harbor2	chr14	83329153	83329573	LTR/ERV1	1961	+	210	83329363	8758
chr14	83320605	83520605	harbor2	chr14	83341277	83341465	LTR/ERV1	1381	+	94	83341371	20766
chr14	83320605	83520605	harbor2	chr14	83341499	83341671	LTR/ERV1	1155	+	86	83341585	20980
chr14	83320605	83520605	harbor2	chr14	83342423	83342942	LTR/ERV1	3748	+	260	83342683	22078
chr14	83320605	83520605	harbor2	chr14	83343257	83343376	LTR/ERV1	3748	+	60	83343317	22712
chr14	44968582	45168582	harbor2	chr14	45063783	45064236	LTR/ERV1	1706	+	226	45064009	95427
chr14	95706846	95906846	harbor2	chr14	95730102	95730227	LTR/ERV1	739	+	62	95730164	23318
chr14	95706846	95906846	harbor2	chr14	95730228	95730366	LTR/ERV1	731	+	69	95730297	23451
chr14	95706846	95906846	harbor2	chr14	95757273	95757747	LTR/ERV1	940	+	237	95757510	50664
chr14	101732328	101932328	harbor2	chr14	101735363	101735805	LTR/ERV1	1475	+	221	101735584	3256
chr14	101732328	101932328	harbor2	chr14	101753909	101754408	LTR/ERV1	3775	+	250	101754159	21831
chr14	75873247	76073247	harbor2	chr14	75943998	75944253	LTR/ERV1	1340	+	128	75944126	70879
chr14	75873247	76073247	harbor2	chr14	75944289	75944599	LTR/ERV1	2316	+	155	75944444	71197
chr14	75873247	76073247	harbor2	chr14	75944601	75945190	LTR/ERV1	3638	+	294	75944895	71648
chr14	90154189	90354189	harbor2	chr14	90170005	90170135	LTR/ERV1	772	+	65	90170070	15881
chr14	90154189	90354189	harbor2	chr14	90196049	90196473	LTR/ERV1	3207	+	212	90196261	42072
chr14	90154189	90354189	harbor2	chr14	90198322	90198922	LTR/ERV1	3647	+	300	90198622	44433
chr14	90154189	90354189	harbor2	chr14	90199214	90199360	LTR/ERV1	3647	+	73	90199287	45098
chr14	90154189	90354189	harbor2	chr14	90201707	90201944	LTR/ERV1	2117	+	118	90201825	47636
chr14	90154189	90354189	harbor2	chr14	90202278	90202403	LTR/ERV1	2117	+	62	90202340	48151
chr14	90154189	90354189	harbor2	chr14	90202887	90203634	LTR/ERV1	4352	+	374	90203261	49072
chr14	90154189	90354189	harbor2	chr14	90204328	90204426	LTR/ERV1	4352	+	49	90204377	50188
chr14	90154189	90354189	harbor2	chr14	90238596	90239349	LTR/ERV1	5468	+	376	90238972	84783
chr14	90154189	90354189	harbor2	chr14	90239351	90240078	LTR/ERV1	4725	+	364	90239715	85526
chr14	90154189	90354189	harbor2	chr14	90240386	90240779	LTR/ERV1	4725	+	196	90240582	86393
chr14	90154189	90354189	harbor2	chr14	90240784	90241730	LTR/ERV1	3467	+	473	90241257	87068
chr14	90154189	90354189	harbor2	chr14	90242033	90242873	LTR/ERV1	3467	+	420	90242453	88264
chr14	90154189	90354189	harbor2	chr14	90243178	90243455	LTR/ERV1	3467	+	138	90243316	89127
chr14	90154189	90354189	harbor2	chr14	90243910	90244657	LTR/ERV1	3467	+	374	90244284	90095
chr14	90154189	90354189	harbor2	chr14	90244957	90245051	LTR/ERV1	3467	+	47	90245004	90815
chr14	90154189	90354189	harbor2	chr14	90247014	90247700	LTR/ERV1	4429	+	343	90247357	93168
chr14	90154189	90354189	harbor2	chr14	90248045	90249041	LTR/ERV1	4429	+	498	90248543	94354
chr14	90154189	90354189	harbor2	chr14	90249298	90249373	LTR/ERV1	4429	+	38	90249336	95147
chr14	104235296	104435296	harbor2	chr14	104304402	104304986	LTR/ERV1	941	+	292	104304694	69398
chr14	104476017	104676017	harbor2	chr14	104528698	104528945	LTR/ERV1	2230	+	124	104528822	52805
chr14	104476017	104676017	harbor2	chr14	104529239	104529466	LTR/ERV1	2230	+	114	104529353	53336
chr14	104476017	104676017	harbor2	chr14	104531689	104532137	LTR/ERV1	2715	+	224	104531913	55896
chr14	104476017	104676017	harbor2	chr14	104534640	104535038	LTR/ERV1	1790	+	199	104534839	58822
chr14	103115900	103315900	harbor2	chr14	103116457	103117027	LTR/ERV1	2615	+	285	103116742	842
chr14	103115900	103315900	harbor2	chr14	103117852	103118043	LTR/ERV1	801	+	96	103117948	2048
chr14	103115900	103315900	harbor2	chr14	103142415	103142857	LTR/ERV1	2671	+	221	103142636	26736
chr14	103115900	103315900	harbor2	chr14	103143674	103144093	LTR/ERV1	1840	+	210	103143884	27984
chr14	103115900	103315900	harbor2	chr14	103145315	103145359	LTR/ERV1	757	+	22	103145337	29437
chr14	103115900	103315900	harbor2	chr14	103145659	103145759	LTR/ERV1	757	+	50	103145709	29809
chr14	103115900	103315900	harbor2	chr14	103158760	103159089	LTR/ERV1	2762	+	164	103158924	43024
chr14	103115900	103315900	harbor2	chr14	103159382	103159663	LTR/ERV1	2762	+	140	103159522	43622
chr14	103115900	103315900	harbor2	chr14	103163424	103164330	LTR/ERV1	6020	+	453	103163877	47977
chr14	103115900	103315900	harbor2	chr14	103164452	103167685	LTR/ERV1	23285	+	1616	103166068	50168
chr14	103115900	103315900	harbor2	chr14	103167996	103169995	LTR/ERV1	23285	+	1000	103168996	53096
chr14	103115900	103315900	harbor2	chr14	103174929	103175019	LTR/ERV1	621	+	45	103174974	59074
chr14	103115900	103315900	harbor2	chr14	103175028	103175880	LTR/ERV1	5375	+	426	103175454	59554
chr14	103115900	103315900	harbor2	chr14	103175984	103176517	LTR/ERV1	4760	+	266	103176250	60350
chr14	103115900	103315900	harbor2	chr14	103176828	103176906	LTR/ERV1	4760	+	39	103176867	60967
chr14	103115900	103315900	harbor2	chr14	103181249	103181338	LTR/ERV1	1590	+	44	103181293	65393
chr14	103115900	103315900	harbor2	chr14	103181466	103182367	LTR/ERV1	3020	+	450	103181916	66016
chr14	103115900	103315900	harbor2	chr14	103182768	103183734	LTR/ERV1	3020	+	483	103183251	67351
chr14	103115900	103315900	harbor2	chr14	103185116	103185242	LTR/ERV1	558	+	63	103185179	69279
chr14	103115900	103315900	harbor2	chr14	103185370	103185582	LTR/ERV1	635	+	106	103185476	69576
chr14	103115900	103315900	harbor2	chr14	103185676	103185959	LTR/ERV1	778	+	142	103185818	69918
chr14	103115900	103315900	harbor2	chr14	103186513	103186940	LTR/ERV1	1969	+	214	103186727	70827
chr14	103115900	103315900	harbor2	chr14	103203625	103204308	LTR/ERV1	3983	+	342	103203967	88067
chr14	103115900	103315900	harbor2	chr14	103206493	103207141	LTR/ERV1	4595	+	324	103206817	90917
chr14	103115900	103315900	harbor2	chr14	103214593	103214894	LTR/ERV1	1617	+	150	103214743	98843
chr14	103115900	103315900	harbor2	chr14	103215202	103215303	LTR/ERV1	1617	+	50	103215252	99352
chr14	103115900	103315900	harbor2	chr14	103186302	103186509	LTR/ERV1	778	+	104	103186406	70506
chr14	48653750	48853750	harbor2	chr14	48746317	48747112	LTR/ERV1	6219	+	398	48746715	92965
chr14	48553100	48753100	harbor2	chr14	48558519	48560391	LTR/ERV1	10923	+	936	48559455	6355
chr14	48553100	48753100	harbor2	chr14	48560359	48561002	LTR/ERV1	6833	+	322	48560681	7581
chr14	48553100	48753100	harbor2	chr14	48562636	48563403	LTR/ERV1	3869	+	384	48563020	9920
chr14	48553100	48753100	harbor2	chr14	48563452	48563969	LTR/ERV1	3131	+	258	48563710	10610
chr14	48553100	48753100	harbor2	chr14	48614955	48615625	LTR/ERV1	4928	+	335	48615290	62190
chr14	48553100	48753100	harbor2	chr14	48629557	48629947	LTR/ERV1	1493	+	195	48629752	76652
chr14	48553100	48753100	harbor2	chr14	48562029	48562646	LTR/ERV1	6833	+	308	48562337	9237
chr14	96935129	97135129	harbor2	chr14	96987421	96988212	LTR/ERV1	3840	+	396	96987817	52688
chr14	105493074	105693074	harbor2	chr14	105517390	105517598	LTR/ERV1	1964	+	104	105517494	24420
chr14	105493074	105693074	harbor2	chr14	105517951	105518177	LTR/ERV1	1964	+	113	105518064	24990
chr14	105493074	105693074	harbor2	chr14	105547656	105549512	LTR/ERV1	9975	+	928	105548584	55510
chr14	105493074	105693074	harbor2	chr14	105551552	105552097	LTR/ERV1	7219	+	272	105551824	58750
chr14	105493074	105693074	harbor2	chr14	105552397	105552603	LTR/ERV1	7219	+	103	105552500	59426
chr14	105493074	105693074	harbor2	chr14	105553921	105554314	LTR/ERV1	7219	+	196	105554117	61043
chr14	105493074	105693074	harbor2	chr14	105554608	105554876	LTR/ERV1	7219	+	134	105554742	61668
chr14	105493074	105693074	harbor2	chr14	105555805	105556329	LTR/ERV1	7219	+	262	105556067	62993
chr14	105493074	105693074	harbor2	chr14	105556336	105556441	LTR/ERV1	1975	+	52	105556388	63314
chr14	105493074	105693074	harbor2	chr14	105556737	105557091	LTR/ERV1	1975	+	177	105556914	63840
chr14	85272534	85472534	harbor2	chr14	85294667	85295156	LTR/ERV1	1185	+	244	85294911	22377
chr14	54251616	54451616	harbor2	chr14	54256055	54256761	LTR/ERV1	4802	+	353	54256408	4792
chr14	54251616	54451616	harbor2	chr14	54278240	54278547	LTR/ERV1	1837	+	154	54278394	26778
chr14	54251616	54451616	harbor2	chr14	54316755	54317081	LTR/ERV1	1725	+	163	54316918	65302
chr14	106413444	106613444	harbor2	chr14	106424835	106425274	LTR/ERV1	771	+	220	106425055	11611
chr14	106413444	106613444	harbor2	chr14	106474700	106474881	LTR/ERV1	450	+	90	106474790	61346
chr14	106413444	106613444	harbor2	chr14	106475221	106475701	LTR/ERV1	1505	+	240	106475461	62017
chr14	106413444	106613444	harbor2	chr14	106475702	106476589	LTR/ERV1	4367	+	444	106476146	62702
chr14	106413444	106613444	harbor2	chr14	106476590	106476921	LTR/ERV1	1505	+	166	106476756	63312
chr14	88834696	89034696	harbor2	chr14	88907423	88907907	LTR/ERV1	1854	+	242	88907665	72969
chr14	89174047	89374047	harbor2	chr14	89205333	89205948	LTR/ERV1	1988	+	308	89205641	31594
chr14	89174047	89374047	harbor2	chr14	89269449	89270045	LTR/ERV1	3847	+	298	89269747	95700
chr14	106165461	106365461	harbor2	chr14	106188136	106188238	LTR/ERV1	483	+	51	106188187	22726
chr14	106165461	106365461	harbor2	chr14	106215815	106216290	LTR/ERV1	1147	+	238	106216053	50592
chr14	106165461	106365461	harbor2	chr14	106216297	106217171	LTR/ERV1	4087	+	437	106216734	51273
chr14	106165461	106365461	harbor2	chr14	106241505	106241703	LTR/ERV1	822	+	99	106241604	76143
chr14	106165461	106365461	harbor2	chr14	106241717	106241835	LTR/ERV1	612	+	59	106241776	76315
chr14	106165461	106365461	harbor2	chr14	106242078	106242908	LTR/ERV1	2000	+	415	106242493	77032
chr14	106165461	106365461	harbor2	chr14	106248083	106248183	LTR/ERV1	431	+	50	106248133	82672
chr14	106165461	106365461	harbor2	chr14	106248771	106248892	LTR/ERV1	504	+	60	106248831	83370
chr14	94009966	94209966	harbor2	chr14	94094087	94094460	LTR/ERV1	2588	+	186	94094273	84307
chr14	94009966	94209966	harbor2	chr14	94094515	94094596	LTR/ERV1	500	+	40	94094555	84589
chr14	94009966	94209966	harbor2	chr14	94094572	94094813	LTR/ERV1	944	+	120	94094692	84726
chr14	94009966	94209966	harbor2	chr14	94094817	94095026	LTR/ERV1	1536	+	104	94094921	84955
chr14	61078531	61278531	harbor2	chr14	61124686	61125235	LTR/ERV1	4372	+	274	61124960	46429
chr14	102343438	102543438	harbor2	chr14	102410504	102410681	LTR/ERV1	1086	+	88	102410592	67154
chr14	102343438	102543438	harbor2	chr14	102410683	102410910	LTR/ERV1	1314	+	114	102410797	67359
chr14	102343438	102543438	harbor2	chr14	102410909	102411288	LTR/ERV1	2530	+	190	102411099	67661
chr14	102343438	102543438	harbor2	chr14	102411289	102411706	LTR/ERV1	3076	+	208	102411497	68059
chr14	86274117	86474117	harbor2	chr14	86294963	86295545	LTR/ERV1	3272	+	291	86295254	21137
chr14	86274117	86474117	harbor2	chr14	86363428	86365095	LTR/ERV1	7905	+	834	86364262	90145
chr14	87964188	88164188	harbor2	chr14	87964686	87964971	LTR/ERV1	503	+	142	87964828	640
chr14	87964188	88164188	harbor2	chr14	87993758	87994259	LTR/ERV1	2225	+	250	87994008	29820
chr14	87964188	88164188	harbor2	chr14	88015911	88016833	LTR/ERV1	5103	+	461	88016372	52184
chr14	87964188	88164188	harbor2	chr14	88019374	88019623	LTR/ERV1	1524	+	124	88019498	55310
chr14	87964188	88164188	harbor2	chr14	88020398	88020793	LTR/ERV1	2602	+	198	88020596	56408
chr14	104940505	105140505	harbor2	chr14	105015351	105015699	LTR/ERV1	1959	+	174	105015525	75020
chr14	104940505	105140505	harbor2	chr14	105015960	105016174	LTR/ERV1	1959	+	107	105016067	75562
chr14	104940505	105140505	harbor2	chr14	105027192	105027523	LTR/ERV1	1332	+	166	105027358	86853
chr14	104940505	105140505	harbor2	chr14	105028389	105028693	LTR/ERV1	935	+	152	105028541	88036
chr14	104940505	105140505	harbor2	chr14	105028845	105029064	LTR/ERV1	936	+	110	105028955	88450
chr14	104940505	105140505	harbor2	chr14	105031317	105031711	LTR/ERV1	1003	+	197	105031514	91009
chr14	104940505	105140505	harbor2	chr14	105031941	105031965	LTR/ERV1	2488	+	12	105031953	91448
chr14	104940505	105140505	harbor2	chr14	105032273	105032452	LTR/ERV1	2488	+	90	105032363	91858
chr14	104940505	105140505	harbor2	chr14	105032453	105033003	LTR/ERV1	4297	+	275	105032728	92223
chr14	104940505	105140505	harbor2	chr14	105033004	105033364	LTR/ERV1	2488	+	180	105033184	92679
chr14	104940505	105140505	harbor2	chr14	105033695	105034048	LTR/ERV1	1176	+	176	105033871	93366
chr14	104940505	105140505	harbor2	chr14	105034048	105034778	LTR/ERV1	5402	+	365	105034413	93908
chr14	104940505	105140505	harbor2	chr14	105035086	105035200	LTR/ERV1	6448	+	57	105035143	94638
chr14	104940505	105140505	harbor2	chr14	105036266	105036333	LTR/ERV1	6448	+	34	105036300	95795
chr14	104940505	105140505	harbor2	chr14	105036762	105036861	LTR/ERV1	6448	+	50	105036812	96307
chr14	104940505	105140505	harbor2	chr14	105037479	105037514	LTR/ERV1	6448	+	18	105037497	96992
chr14	104940505	105140505	harbor2	chr14	105038416	105038587	LTR/ERV1	3885	+	86	105038502	97997
chr14	104940505	105140505	harbor2	chr14	105038636	105038946	LTR/ERV1	3885	+	155	105038791	98286
chr14	104940505	105140505	harbor2	chr14	105038947	105039252	LTR/ERV1	6448	+	152	105039099	98594
chr14	104940505	105140505	harbor2	chr14	105039558	105039940	LTR/ERV1	6448	+	191	105039749	99244
chr14	104940505	105140505	harbor2	chr14	105040257	105040490	LTR/ERV1	1470	+	116	105040373	99868
chr14	104940505	105140505	harbor2	chr14	105037813	105038415	LTR/ERV1	6448	+	301	105038114	97609
chr14	94390701	94590701	harbor2	chr14	94396699	94397240	LTR/ERV1	3885	+	270	94396969	6268
chr14	94390701	94590701	harbor2	chr14	94433359	94433763	LTR/ERV1	1858	+	202	94433561	42860
chr14	98483380	98683380	harbor2	chr14	98559654	98560283	LTR/ERV1	3851	+	314	98559968	76588
chr14	106765419	106965419	harbor2	chr14	106766075	106766627	LTR/ERV1	2674	+	276	106766351	932
chr14	106765419	106965419	harbor2	chr14	106813137	106814166	LTR/ERV1	3203	+	514	106813651	48232
chr14	106765419	106965419	harbor2	chr14	106821740	106822260	LTR/ERV1	610	+	260	106822000	56581
chr14	106765419	106965419	harbor2	chr14	106855527	106855696	LTR/ERV1	560	+	84	106855611	90192
chr14	106765419	106965419	harbor2	chr14	106859467	106859897	LTR/ERV1	1058	+	215	106859682	94263
chr14	106765419	106965419	harbor2	chr14	106860217	106860397	LTR/ERV1	646	+	90	106860307	94888
chr14	65811169	66011169	harbor2	chr14	65826950	65827536	LTR/ERV1	1949	+	293	65827243	16074
chr14	65811169	66011169	harbor2	chr14	65901450	65901926	LTR/ERV1	1823	+	238	65901688	90519
chr14	74720793	74920793	harbor2	chr14	74761532	74761768	LTR/ERV1	1653	+	118	74761650	40857
chr14	74720793	74920793	harbor2	chr14	74762080	74762237	LTR/ERV1	1653	+	78	74762158	41365
chr14	83457160	83657160	harbor2	chr14	83457129	83458011	LTR/ERV1	6084	+	441	83457570	410
chr14	83457160	83657160	harbor2	chr14	83460163	83460349	LTR/ERV1	3994	+	93	83460256	3096
chr14	83457160	83657160	harbor2	chr14	83460716	83461234	LTR/ERV1	3994	+	259	83460975	3815
chr14	83457160	83657160	harbor2	chr14	83461426	83462131	LTR/ERV1	3616	+	352	83461778	4618
chr14	83457160	83657160	harbor2	chr14	83462132	83462529	LTR/ERV1	1898	+	198	83462330	5170
chr14	83457160	83657160	harbor2	chr14	83501953	83502383	LTR/ERV1	2798	+	215	83502168	45008
chr14	83457160	83657160	harbor2	chr14	83533646	83534161	LTR/ERV1	2178	+	258	83533904	76744
chr14	83457160	83657160	harbor2	chr14	83556407	83556962	LTR/ERV1	3071	+	278	83556685	99525
chr14	106874168	107074168	harbor2	chr14	106874062	106874263	LTR/ERV1	788	+	100	106874162	6
chr14	106874168	107074168	harbor2	chr14	106874320	106874431	LTR/ERV1	540	+	56	106874376	208
chr14	106874168	107074168	harbor2	chr14	106876635	106877150	LTR/ERV1	3102	+	258	106876893	2725
chr14	106874168	107074168	harbor2	chr14	106877518	106878009	LTR/ERV1	3085	+	246	106877764	3596
chr14	55825765	56025765	harbor2	chr14	55831318	55831940	LTR/ERV1	4416	+	311	55831629	5864
chr14	55825765	56025765	harbor2	chr14	55833828	55834334	LTR/ERV1	3727	+	253	55834081	8316
chr14	55825765	56025765	harbor2	chr14	55839339	55840661	LTR/ERV1	5830	+	661	55840000	14235
chr14	106536935	106736935	harbor2	chr14	106545833	106546211	LTR/ERV1	970	+	189	106546022	9087
chr14	106536935	106736935	harbor2	chr14	106546457	106546887	LTR/ERV1	1516	+	215	106546672	9737
chr14	106536935	106736935	harbor2	chr14	106547083	106547546	LTR/ERV1	1373	+	232	106547315	10380
chr14	106536935	106736935	harbor2	chr14	106547623	106547911	LTR/ERV1	688	+	144	106547767	10832
chr14	106536935	106736935	harbor2	chr14	106548062	106548232	LTR/ERV1	515	+	85	106548147	11212
chr14	106536935	106736935	harbor2	chr14	106560258	106560446	LTR/ERV1	662	+	94	106560352	23417
chr14	106536935	106736935	harbor2	chr14	106560761	106561258	LTR/ERV1	1277	+	248	106561009	24074
chr14	106536935	106736935	harbor2	chr14	106561541	106561796	LTR/ERV1	1277	+	128	106561669	24734
chr14	106536935	106736935	harbor2	chr14	106579497	106579623	LTR/ERV1	425	+	63	106579560	42625
chr14	106536935	106736935	harbor2	chr14	106594611	106594801	LTR/ERV1	1014	+	95	106594706	57771
chr14	106536935	106736935	harbor2	chr14	106594909	106595477	LTR/ERV1	2446	+	284	106595193	58258
chr14	106536935	106736935	harbor2	chr14	106595757	106595999	LTR/ERV1	480	+	121	106595878	58943
chr14	106536935	106736935	harbor2	chr14	106596326	106596783	LTR/ERV1	1456	+	228	106596554	59619
chr14	106536935	106736935	harbor2	chr14	106597080	106597383	LTR/ERV1	1456	+	152	106597232	60297
chr14	106536935	106736935	harbor2	chr14	106609455	106609612	LTR/ERV1	582	+	78	106609533	72598
chr14	106536935	106736935	harbor2	chr14	106612942	106613137	LTR/ERV1	479	+	98	106613040	76105
chr14	106536935	106736935	harbor2	chr14	106613214	106613562	LTR/ERV1	543	+	174	106613388	76453
chr14	106536935	106736935	harbor2	chr14	106614812	106615289	LTR/ERV1	805	+	238	106615050	78115
chr14	106536935	106736935	harbor2	chr14	106635080	106635259	LTR/ERV1	600	+	90	106635170	98235
chr14	83269944	83469944	harbor2	chr14	83329153	83329573	LTR/ERV1	1961	+	210	83329363	59419
chr14	83269944	83469944	harbor2	chr14	83341277	83341465	LTR/ERV1	1381	+	94	83341371	71427
chr14	83269944	83469944	harbor2	chr14	83341499	83341671	LTR/ERV1	1155	+	86	83341585	71641
chr14	83269944	83469944	harbor2	chr14	83342423	83342942	LTR/ERV1	3748	+	260	83342683	72739
chr14	83269944	83469944	harbor2	chr14	83343257	83343376	LTR/ERV1	3748	+	60	83343317	73373
chr14	96717236	96917236	harbor2	chr14	96816159	96816649	LTR/ERV1	1684	+	245	96816404	99168
chr14	106146599	106346599	harbor2	chr14	106157057	106157228	LTR/ERV1	457	+	86	106157143	10544
chr14	106146599	106346599	harbor2	chr14	106188136	106188238	LTR/ERV1	483	+	51	106188187	41588
chr14	106146599	106346599	harbor2	chr14	106215815	106216290	LTR/ERV1	1147	+	238	106216053	69454
chr14	106146599	106346599	harbor2	chr14	106216297	106217171	LTR/ERV1	4087	+	437	106216734	70135
chr14	106146599	106346599	harbor2	chr14	106241505	106241703	LTR/ERV1	822	+	99	106241604	95005
chr14	106146599	106346599	harbor2	chr14	106241717	106241835	LTR/ERV1	612	+	59	106241776	95177
chr14	106146599	106346599	harbor2	chr14	106242078	106242908	LTR/ERV1	2000	+	415	106242493	95894
chr14	93112809	93312809	harbor2	chr14	93116726	93116878	LTR/ERV1	745	+	76	93116802	3993
chr14	93112809	93312809	harbor2	chr14	93165121	93165588	LTR/ERV1	3817	+	234	93165355	52546
chr14	101705393	101905393	harbor2	chr14	101721191	101721544	LTR/ERV1	2345	+	176	101721367	15974
chr14	101705393	101905393	harbor2	chr14	101735363	101735805	LTR/ERV1	1475	+	221	101735584	30191
chr14	101705393	101905393	harbor2	chr14	101753909	101754408	LTR/ERV1	3775	+	250	101754159	48766
chr14	104132515	104332515	harbor2	chr14	104207710	104208037	LTR/ERV1	1687	+	164	104207874	75359
chr14	104132515	104332515	harbor2	chr14	104209489	104209613	LTR/ERV1	493	+	62	104209551	77036
chr14	103901865	104101865	harbor2	chr14	103950731	103951137	LTR/ERV1	2283	+	203	103950934	49069
chr14	102226082	102426082	harbor2	chr14	102233835	102234169	LTR/ERV1	1931	+	167	102234002	7920
chr14	102226082	102426082	harbor2	chr14	102239957	102240323	LTR/ERV1	2142	+	183	102240140	14058
chr14	102226082	102426082	harbor2	chr14	102240324	102240748	LTR/ERV1	1068	+	212	102240536	14454
chr14	102226082	102426082	harbor2	chr14	102240808	102243039	LTR/ERV1	12744	+	1116	102241924	15842
chr14	102226082	102426082	harbor2	chr14	102243019	102244960	LTR/ERV1	7184	+	970	102243989	17907
chr14	102226082	102426082	harbor2	chr14	102244969	102245402	LTR/ERV1	2747	+	216	102245185	19103
chr14	102226082	102426082	harbor2	chr14	102245403	102245769	LTR/ERV1	2040	+	183	102245586	19504
chr14	102226082	102426082	harbor2	chr14	102246006	102246172	LTR/ERV1	421	+	83	102246089	20007
chr14	102226082	102426082	harbor2	chr14	102246371	102248154	LTR/ERV1	7587	+	892	102247263	21181
chr14	102226082	102426082	harbor2	chr14	102248155	102248497	LTR/ERV1	2959	+	171	102248326	22244
chr14	102226082	102426082	harbor2	chr14	102248798	102248952	LTR/ERV1	2959	+	77	102248875	22793
chr14	102226082	102426082	harbor2	chr14	102297478	102299123	LTR/ERV1	10963	+	822	102298300	72218
chr14	102226082	102426082	harbor2	chr14	102234170	102239533	LTR/ERV1	26826	+	2682	102236852	10770
chr14	95531670	95731670	harbor2	chr14	95532438	95532822	LTR/ERV1	2251	+	192	95532630	960
chr14	95531670	95731670	harbor2	chr14	95563117	95563403	LTR/ERV1	1738	+	143	95563260	31590
chr14	95531670	95731670	harbor2	chr14	95577947	95578411	LTR/ERV1	2844	+	232	95578179	46509
chr14	101711565	101911565	harbor2	chr14	101721191	101721544	LTR/ERV1	2345	+	176	101721367	9802
chr14	101711565	101911565	harbor2	chr14	101735363	101735805	LTR/ERV1	1475	+	221	101735584	24019
chr14	101711565	101911565	harbor2	chr14	101753909	101754408	LTR/ERV1	3775	+	250	101754159	42594
chr14	102095574	102295574	harbor2	chr14	102116414	102118271	LTR/ERV1	7284	+	928	102117342	21768
chr14	85532163	85732163	harbor2	chr14	85548709	85549508	LTR/ERV1	5129	+	400	85549109	16946
chr14	39919423	40119423	harbor2	chr14	39970168	39970886	LTR/ERV1	4184	+	359	39970527	51104
chr14	39919423	40119423	harbor2	chr14	39971690	39972203	LTR/ERV1	3846	+	256	39971946	52523
chr14	39919423	40119423	harbor2	chr14	39972668	39973413	LTR/ERV1	2698	+	372	39973040	53617
chr14	80432504	80632504	harbor2	chr14	80501788	80502262	LTR/ERV1	2529	+	237	80502025	69521
chr14	80432504	80632504	harbor2	chr14	80513621	80514373	LTR/ERV1	5579	+	376	80513997	81493
chr14	87842599	88042599	harbor2	chr14	87902491	87902797	LTR/ERV1	1071	+	153	87902644	60045
chr14	40995967	41195967	harbor2	chr14	41092948	41093101	LTR/ERV1	436	+	76	41093024	97057
chr14	40995967	41195967	harbor2	chr14	41093328	41093564	LTR/ERV1	827	+	118	41093446	97479
chr14	40995967	41195967	harbor2	chr14	41093565	41094240	LTR/ERV1	2035	+	338	41093903	97936
chr14	103342273	103542273	harbor2	chr14	103345006	103345333	LTR/ERV1	1972	+	164	103345170	2897
chr14	103342273	103542273	harbor2	chr14	103345629	103345752	LTR/ERV1	1972	+	62	103345691	3418
chr14	103342273	103542273	harbor2	chr14	103346273	103346715	LTR/ERV1	774	+	221	103346494	4221
chr14	103342273	103542273	harbor2	chr14	103347013	103347320	LTR/ERV1	1329	+	154	103347167	4894
chr14	103342273	103542273	harbor2	chr14	103347340	103347804	LTR/ERV1	2339	+	232	103347572	5299
chr14	103647397	103847397	harbor2	chr14	103702720	103703132	LTR/ERV1	1586	+	206	103702926	55529
chr14	103647397	103847397	harbor2	chr14	103712861	103713310	LTR/ERV1	1300	+	224	103713085	65688
chr14	103647397	103847397	harbor2	chr14	103719951	103720339	LTR/ERV1	776	+	194	103720145	72748
chr14	61704763	61904763	harbor2	chr14	61755752	61755823	LTR/ERV1	440	+	36	61755788	51025
chr14	61704763	61904763	harbor2	chr14	61755851	61756061	LTR/ERV1	1354	+	105	61755956	51193
chr14	61704763	61904763	harbor2	chr14	61765998	61766536	LTR/ERV1	2273	+	269	61766267	61504
chr14	21814439	22014439	harbor2	chr14	21886833	21887071	LTR/ERV1	1301	+	119	21886952	72513
chr14	21814439	22014439	harbor2	chr14	21890981	21891531	LTR/ERV1	3189	+	275	21891256	76817
chr14	21814439	22014439	harbor2	chr14	21912371	21912879	LTR/ERV1	1936	+	254	21912625	98186
chr14	66173583	66373583	harbor2	chr14	66210364	66210704	LTR/ERV1	765	+	170	66210534	36951
chr14	66173583	66373583	harbor2	chr14	66211874	66212362	LTR/ERV1	2072	+	244	66212118	38535
chr14	66173583	66373583	harbor2	chr14	66212515	66212741	LTR/ERV1	975	+	113	66212628	39045
chr14	66173583	66373583	harbor2	chr14	66213518	66213787	LTR/ERV1	1297	+	134	66213652	40069
chr14	66173583	66373583	harbor2	chr14	66214388	66214621	LTR/ERV1	639	+	116	66214504	40921
chr14	66173583	66373583	harbor2	chr14	66215827	66216567	LTR/ERV1	2528	+	370	66216197	42614
chr14	66173583	66373583	harbor2	chr14	66216569	66217584	LTR/ERV1	3048	+	508	66217077	43494
chr14	66173583	66373583	harbor2	chr14	66217610	66217981	LTR/ERV1	3048	+	186	66217796	44213
chr14	66173583	66373583	harbor2	chr14	66217982	66218316	LTR/ERV1	1833	+	167	66218149	44566
chr14	66173583	66373583	harbor2	chr14	66219959	66220183	LTR/ERV1	1329	+	112	66220071	46488
chr14	66173583	66373583	harbor2	chr14	66220498	66220682	LTR/ERV1	1329	+	92	66220590	47007
chr14	66173583	66373583	harbor2	chr14	66223175	66223318	LTR/ERV1	995	+	72	66223247	49664
chr14	66173583	66373583	harbor2	chr14	66223721	66224017	LTR/ERV1	1964	+	148	66223869	50286
chr14	66173583	66373583	harbor2	chr14	66224622	66224714	LTR/ERV1	441	+	46	66224668	51085
chr14	66173583	66373583	harbor2	chr14	66224715	66225489	LTR/ERV1	5219	+	387	66225102	51519
chr14	66173583	66373583	harbor2	chr14	66225490	66225683	LTR/ERV1	815	+	96	66225586	52003
chr14	66173583	66373583	harbor2	chr14	66225738	66225791	LTR/ERV1	752	+	26	66225764	52181
chr14	66173583	66373583	harbor2	chr14	66225879	66225950	LTR/ERV1	752	+	36	66225915	52332
chr14	66173583	66373583	harbor2	chr14	66262517	66262663	LTR/ERV1	603	+	73	66262590	89007
chr14	50931066	51131066	harbor2	chr14	50937977	50938143	LTR/ERV1	1327	+	83	50938060	6994
chr14	50931066	51131066	harbor2	chr14	50938512	50938628	LTR/ERV1	790	+	58	50938570	7504
chr14	50931066	51131066	harbor2	chr14	50952720	50953181	LTR/ERV1	3678	+	230	50952950	21884
chr14	50931066	51131066	harbor2	chr14	50967833	50968171	LTR/ERV1	3458	+	169	50968002	36936
chr14	50931066	51131066	harbor2	chr14	50968479	50968702	LTR/ERV1	3458	+	112	50968591	37525
chr14	50931066	51131066	harbor2	chr14	50972854	50974423	LTR/ERV1	7690	+	784	50973638	42572
chr15	93009396	93209396	harbor2	chr15	93031645	93032922	LTR/ERV1	7736	+	638	93032283	22887
chr15	91613666	91813666	harbor2	chr15	91655581	91656134	LTR/ERV1	3484	+	276	91655857	42191
chr15	91613666	91813666	harbor2	chr15	91710129	91710756	LTR/ERV1	4568	+	314	91710443	96777
chr15	48254419	48454419	harbor2	chr15	48315836	48316238	LTR/ERV1	1691	+	201	48316037	61618
chr15	48254419	48454419	harbor2	chr15	48316547	48316576	LTR/ERV1	400	+	14	48316561	62142
chr15	48254419	48454419	harbor2	chr15	48317246	48317333	LTR/ERV1	611	+	44	48317290	62871
chr15	84604362	84804362	harbor2	chr15	84628877	84628987	LTR/ERV1	1484	+	55	84628932	24570
chr15	84604362	84804362	harbor2	chr15	84629254	84629442	LTR/ERV1	1484	+	94	84629348	24986
chr15	84604362	84804362	harbor2	chr15	84629485	84629560	LTR/ERV1	424	+	38	84629523	25161
chr15	100107270	100307270	harbor2	chr15	100149341	100149835	LTR/ERV1	2438	+	247	100149588	42318
chr15	100107270	100307270	harbor2	chr15	100172320	100172935	LTR/ERV1	2676	+	308	100172628	65358
chr15	100107270	100307270	harbor2	chr15	100173149	100173695	LTR/ERV1	3127	+	273	100173422	66152
chr15	80240601	80440601	harbor2	chr15	80275077	80275631	LTR/ERV1	2326	+	277	80275354	34753
chr15	80240601	80440601	harbor2	chr15	80280933	80281453	LTR/ERV1	3045	+	260	80281193	40592
chr15	37765971	37965971	harbor2	chr15	37864073	37864920	LTR/ERV1	4681	+	424	37864497	98526
chr15	94708455	94908455	harbor2	chr15	94710954	94711393	LTR/ERV1	2640	+	220	94711174	2719
chr15	94708455	94908455	harbor2	chr15	94750749	94751160	LTR/ERV1	2795	+	206	94750955	42500
chr15	94708455	94908455	harbor2	chr15	94751163	94754174	LTR/ERV1	20777	+	1506	94752669	44214
chr15	94708455	94908455	harbor2	chr15	94754169	94754316	LTR/ERV1	915	+	74	94754243	45788
chr15	94708455	94908455	harbor2	chr15	94754307	94754808	LTR/ERV1	3588	+	250	94754557	46102
chr15	94708455	94908455	harbor2	chr15	94754811	94755471	LTR/ERV1	4558	+	330	94755141	46686
chr15	94708455	94908455	harbor2	chr15	94755473	94755685	LTR/ERV1	1410	+	106	94755579	47124
chr15	94708455	94908455	harbor2	chr15	94755684	94756059	LTR/ERV1	2338	+	188	94755872	47417
chr15	94708455	94908455	harbor2	chr15	94756060	94756464	LTR/ERV1	2557	+	202	94756262	47807
chr15	94708455	94908455	harbor2	chr15	94756466	94757889	LTR/ERV1	9699	+	712	94757178	48723
chr15	94708455	94908455	harbor2	chr15	94757869	94758719	LTR/ERV1	5927	+	425	94758294	49839
chr15	94708455	94908455	harbor2	chr15	94758722	94759378	LTR/ERV1	4255	+	328	94759050	50595
chr15	94708455	94908455	harbor2	chr15	94759380	94759595	LTR/ERV1	1430	+	108	94759488	51033
chr15	94708455	94908455	harbor2	chr15	94759596	94759964	LTR/ERV1	2217	+	184	94759780	51325
chr15	94708455	94908455	harbor2	chr15	94759965	94760376	LTR/ERV1	2745	+	206	94760171	51716
chr15	100727768	100927768	harbor2	chr15	100807160	100808704	LTR/ERV1	7159	+	772	100807932	80164
chr15	100727768	100927768	harbor2	chr15	100814414	100815160	LTR/ERV1	4580	+	373	100814787	87019
chr15	93240863	93440863	harbor2	chr15	93240676	93241063	LTR/ERV1	2424	+	194	93240870	7
chr15	93240863	93440863	harbor2	chr15	93328278	93328751	LTR/ERV1	4086	+	236	93328514	87651
chr15	93240863	93440863	harbor2	chr15	93329371	93329504	LTR/ERV1	4086	+	66	93329437	88574
chr15	93990623	94190623	harbor2	chr15	94005929	94006441	LTR/ERV1	3931	+	256	94006185	15562
chr15	93990623	94190623	harbor2	chr15	94042095	94042769	LTR/ERV1	3703	+	337	94042432	51809
chr15	93990623	94190623	harbor2	chr15	94068208	94068691	LTR/ERV1	1594	+	242	94068450	77827
chr15	88998982	89198982	harbor2	chr15	89001103	89001718	LTR/ERV1	3277	+	308	89001411	2429
chr15	88998982	89198982	harbor2	chr15	89009166	89009935	LTR/ERV1	2716	+	384	89009550	10568
chr15	88998982	89198982	harbor2	chr15	89011728	89012065	LTR/ERV1	4646	+	168	89011896	12914
chr15	88998982	89198982	harbor2	chr15	89012359	89012613	LTR/ERV1	4646	+	127	89012486	13504
chr15	88998982	89198982	harbor2	chr15	89078349	89078469	LTR/ERV1	855	+	60	89078409	79427
chr15	88998982	89198982	harbor2	chr15	89078573	89078725	LTR/ERV1	2672	+	76	89078649	79667
chr15	88998982	89198982	harbor2	chr15	89079033	89079393	LTR/ERV1	2672	+	180	89079213	80231
chr15	27184835	27384835	harbor2	chr15	27236323	27237047	LTR/ERV1	3733	+	362	27236685	51850
chr15	27184835	27384835	harbor2	chr15	27264196	27264969	LTR/ERV1	1624	+	386	27264582	79747
chr15	27184835	27384835	harbor2	chr15	27265086	27265295	LTR/ERV1	555	+	104	27265190	80355
chr15	27184835	27384835	harbor2	chr15	27265303	27265475	LTR/ERV1	439	+	86	27265389	80554
chr15	97206770	97406770	harbor2	chr15	97224091	97225091	LTR/ERV1	3865	+	500	97224591	17821
chr15	97206770	97406770	harbor2	chr15	97234024	97234482	LTR/ERV1	2766	+	229	97234253	27483
chr15	76040712	76240712	harbor2	chr15	76071561	76072092	LTR/ERV1	465	+	266	76071827	31115
chr15	31105510	31305510	harbor2	chr15	31130264	31130999	LTR/ERV1	3810	+	368	31130632	25122
chr15	31105510	31305510	harbor2	chr15	31134272	31134719	LTR/ERV1	2974	+	224	31134496	28986
chr15	31105510	31305510	harbor2	chr15	31135015	31135169	LTR/ERV1	2974	+	77	31135092	29582
chr15	31105510	31305510	harbor2	chr15	31136569	31136905	LTR/ERV1	1531	+	168	31136737	31227
chr15	31105510	31305510	harbor2	chr15	31136936	31137237	LTR/ERV1	700	+	150	31137086	31576
chr15	31105510	31305510	harbor2	chr15	31137222	31137530	LTR/ERV1	639	+	154	31137376	31866
chr15	31105510	31305510	harbor2	chr15	31138733	31139022	LTR/ERV1	770	+	144	31138877	33367
chr15	31105510	31305510	harbor2	chr15	31139369	31140031	LTR/ERV1	1738	+	331	31139700	34190
chr15	31105510	31305510	harbor2	chr15	31141132	31141804	LTR/ERV1	1261	+	336	31141468	35958
chr15	31105510	31305510	harbor2	chr15	31142163	31142297	LTR/ERV1	523	+	67	31142230	36720
chr15	31105510	31305510	harbor2	chr15	31142309	31143401	LTR/ERV1	4557	+	546	31142855	37345
chr15	31105510	31305510	harbor2	chr15	31143713	31144157	LTR/ERV1	4557	+	222	31143935	38425
chr15	31105510	31305510	harbor2	chr15	31144458	31144712	LTR/ERV1	3430	+	127	31144585	39075
chr15	31105510	31305510	harbor2	chr15	31145016	31145442	LTR/ERV1	3430	+	213	31145229	39719
chr15	31105510	31305510	harbor2	chr15	31145604	31145818	LTR/ERV1	760	+	107	31145711	40201
chr15	31105510	31305510	harbor2	chr15	31146050	31146359	LTR/ERV1	1868	+	154	31146204	40694
chr15	31105510	31305510	harbor2	chr15	31146360	31146704	LTR/ERV1	2549	+	172	31146532	41022
chr15	31105510	31305510	harbor2	chr15	31147002	31147196	LTR/ERV1	2549	+	97	31147099	41589
chr15	31105510	31305510	harbor2	chr15	31150365	31150424	LTR/ERV1	3771	+	30	31150395	44885
chr15	31105510	31305510	harbor2	chr15	31150733	31151231	LTR/ERV1	3771	+	249	31150982	45472
chr15	31105510	31305510	harbor2	chr15	31152453	31152659	LTR/ERV1	4647	+	103	31152556	47046
chr15	31105510	31305510	harbor2	chr15	31152943	31153333	LTR/ERV1	4647	+	195	31153138	47628
chr15	31105510	31305510	harbor2	chr15	31153624	31153867	LTR/ERV1	4647	+	122	31153746	48236
chr15	31105510	31305510	harbor2	chr15	31154429	31155090	LTR/ERV1	5025	+	330	31154759	49249
chr15	31105510	31305510	harbor2	chr15	31155736	31155914	LTR/ERV1	3918	+	89	31155825	50315
chr15	31105510	31305510	harbor2	chr15	31156222	31156830	LTR/ERV1	3918	+	304	31156526	51016
chr15	31105510	31305510	harbor2	chr15	31198874	31199303	LTR/ERV1	3305	+	214	31199088	93578
chr15	81593607	81793607	harbor2	chr15	81651031	81652830	LTR/ERV1	8398	+	900	81651931	58324
chr15	34356676	34556676	harbor2	chr15	34374921	34375249	LTR/ERV1	4126	+	164	34375085	18409
chr15	34356676	34556676	harbor2	chr15	34375544	34375565	LTR/ERV1	4126	+	10	34375554	18878
chr15	34356676	34556676	harbor2	chr15	34375926	34376060	LTR/ERV1	4126	+	67	34375993	19317
chr15	34356676	34556676	harbor2	chr15	34376061	34376491	LTR/ERV1	3499	+	215	34376276	19600
chr15	34356676	34556676	harbor2	chr15	34376492	34376959	LTR/ERV1	4126	+	234	34376726	20050
chr15	34356676	34556676	harbor2	chr15	34377057	34377681	LTR/ERV1	4464	+	312	34377369	20693
chr15	34356676	34556676	harbor2	chr15	34377686	34378404	LTR/ERV1	4364	+	359	34378045	21369
chr15	34356676	34556676	harbor2	chr15	34378409	34378496	LTR/ERV1	437	+	44	34378453	21777
chr15	34356676	34556676	harbor2	chr15	34378797	34378830	LTR/ERV1	437	+	16	34378813	22137
chr15	100205344	100405344	harbor2	chr15	100240381	100240832	LTR/ERV1	2542	+	226	100240607	35263
chr15	100205344	100405344	harbor2	chr15	100241124	100241223	LTR/ERV1	2542	+	50	100241174	35830
chr15	53092892	53292892	harbor2	chr15	53150078	53150714	LTR/ERV1	3843	+	318	53150396	57504
chr15	101013161	101213161	harbor2	chr15	101072962	101075942	LTR/ERV1	20034	+	1490	101074452	61291
chr15	101013161	101213161	harbor2	chr15	101075937	101076086	LTR/ERV1	903	+	74	101076011	62850
chr15	101013161	101213161	harbor2	chr15	101076077	101076581	LTR/ERV1	3508	+	252	101076329	63168
chr15	101013161	101213161	harbor2	chr15	101076584	101077246	LTR/ERV1	4444	+	331	101076915	63754
chr15	101013161	101213161	harbor2	chr15	101077248	101077458	LTR/ERV1	1288	+	105	101077353	64192
chr15	101013161	101213161	harbor2	chr15	101077457	101077838	LTR/ERV1	2384	+	190	101077647	64486
chr15	101013161	101213161	harbor2	chr15	101077839	101078293	LTR/ERV1	3619	+	227	101078066	64905
chr15	101013161	101213161	harbor2	chr15	101101719	101102064	LTR/ERV1	1900	+	172	101101891	88730
chr15	101013161	101213161	harbor2	chr15	101072487	101072924	LTR/ERV1	3261	+	218	101072705	59544
chr15	93550710	93750710	harbor2	chr15	93554463	93554985	LTR/ERV1	2930	+	261	93554724	4014
chr15	93550710	93750710	harbor2	chr15	93610570	93611287	LTR/ERV1	4071	+	358	93610928	60218
chr15	53122743	53322743	harbor2	chr15	53150078	53150714	LTR/ERV1	3843	+	318	53150396	27653
chr15	87849584	88049584	harbor2	chr15	87895352	87895814	LTR/ERV1	3279	+	231	87895583	45999
chr15	87849584	88049584	harbor2	chr15	87895863	87896190	LTR/ERV1	2764	+	164	87896027	46443
chr15	94931494	95131494	harbor2	chr15	95006016	95006176	LTR/ERV1	1632	+	80	95006096	74602
chr15	94931494	95131494	harbor2	chr15	95006918	95007204	LTR/ERV1	1632	+	143	95007061	75567
chr15	62942301	63142301	harbor2	chr15	62983921	62984351	LTR/ERV1	3135	+	215	62984136	41835
chr15	94766390	94966390	harbor2	chr15	94831477	94832313	LTR/ERV1	5514	+	418	94831895	65505
chr15	94766390	94966390	harbor2	chr15	94834483	94835019	LTR/ERV1	987	+	268	94834751	68361
chr15	94766390	94966390	harbor2	chr15	94840701	94841392	LTR/ERV1	2920	+	346	94841047	74657
chr15	94766390	94966390	harbor2	chr15	94829973	94830830	LTR/ERV1	2802	+	428	94830401	64011
chr15	68789987	68989987	harbor2	chr15	68790829	68791428	LTR/ERV1	3336	+	300	68791129	1142
chr15	72642655	72842655	harbor2	chr15	72688936	72689022	LTR/ERV1	434	+	43	72688979	46324
chr15	97716318	97916318	harbor2	chr15	97742846	97743392	LTR/ERV1	4453	+	273	97743119	26801
chr15	97716318	97916318	harbor2	chr15	97761973	97762183	LTR/ERV1	418	+	105	97762078	45760
chr15	81398944	81598944	harbor2	chr15	81406417	81406836	LTR/ERV1	709	+	210	81406627	7683
chr15	81398944	81598944	harbor2	chr15	81407653	81407883	LTR/ERV1	514	+	115	81407768	8824
chr15	81398944	81598944	harbor2	chr15	81407922	81408506	LTR/ERV1	796	+	292	81408214	9270
chr15	81398944	81598944	harbor2	chr15	81409233	81409835	LTR/ERV1	3234	+	301	81409534	10590
chr15	81398944	81598944	harbor2	chr15	81413882	81415086	LTR/ERV1	7273	+	602	81414484	15540
chr15	81398944	81598944	harbor2	chr15	81426946	81427253	LTR/ERV1	1413	+	154	81427100	28156
chr15	81398944	81598944	harbor2	chr15	81427627	81427781	LTR/ERV1	1413	+	77	81427704	28760
chr15	81398944	81598944	harbor2	chr15	81456821	81457383	LTR/ERV1	3214	+	281	81457102	58158
chr15	56251227	56451227	harbor2	chr15	56337397	56337948	LTR/ERV1	3124	+	276	56337673	86446
chr15	24352124	24552124	harbor2	chr15	24387165	24387784	LTR/ERV1	2733	+	310	24387475	35351
chr15	24352124	24552124	harbor2	chr15	24433861	24434561	LTR/ERV1	4558	+	350	24434211	82087
chr15	81361556	81561556	harbor2	chr15	81406417	81406836	LTR/ERV1	709	+	210	81406627	45071
chr15	81361556	81561556	harbor2	chr15	81407653	81407883	LTR/ERV1	514	+	115	81407768	46212
chr15	81361556	81561556	harbor2	chr15	81407922	81408506	LTR/ERV1	796	+	292	81408214	46658
chr15	81361556	81561556	harbor2	chr15	81409233	81409835	LTR/ERV1	3234	+	301	81409534	47978
chr15	81361556	81561556	harbor2	chr15	81413882	81415086	LTR/ERV1	7273	+	602	81414484	52928
chr15	81361556	81561556	harbor2	chr15	81426946	81427253	LTR/ERV1	1413	+	154	81427100	65544
chr15	81361556	81561556	harbor2	chr15	81427627	81427781	LTR/ERV1	1413	+	77	81427704	66148
chr15	81361556	81561556	harbor2	chr15	81456821	81457383	LTR/ERV1	3214	+	281	81457102	95546
chr15	71965054	72165054	harbor2	chr15	71973320	71973787	LTR/ERV1	2583	+	234	71973554	8500
chr15	71965054	72165054	harbor2	chr15	72040096	72040310	LTR/ERV1	1369	+	107	72040203	75149
chr15	71965054	72165054	harbor2	chr15	72051220	72052984	LTR/ERV1	7745	+	882	72052102	87048
chr15	71965054	72165054	harbor2	chr15	72040311	72040602	LTR/ERV1	1262	+	146	72040457	75403
chr15	54718140	54918140	harbor2	chr15	54727276	54727590	LTR/ERV1	1351	+	157	54727433	9293
chr15	101768345	101968345	harbor2	chr15	101807186	101807253	LTR/ERV1	686	+	34	101807220	38875
chr15	101768345	101968345	harbor2	chr15	101807626	101807699	LTR/ERV1	686	+	36	101807662	39317
chr15	101768345	101968345	harbor2	chr15	101807784	101807982	LTR/ERV1	1158	+	99	101807883	39538
chr15	101768345	101968345	harbor2	chr15	101855112	101855328	LTR/ERV1	4182	+	108	101855220	86875
chr15	101768345	101968345	harbor2	chr15	101856040	101856127	LTR/ERV1	4182	+	44	101856084	87739
chr15	101768345	101968345	harbor2	chr15	101856428	101857158	LTR/ERV1	4950	+	365	101856793	88448
chr15	101768345	101968345	harbor2	chr15	101857541	101858050	LTR/ERV1	4950	+	254	101857795	89450
chr15	101768345	101968345	harbor2	chr15	101858329	101858702	LTR/ERV1	4950	+	186	101858515	90170
chr15	101768345	101968345	harbor2	chr15	101859703	101859976	LTR/ERV1	2902	+	136	101859839	91494
chr15	101768345	101968345	harbor2	chr15	101860945	101861193	LTR/ERV1	2902	+	124	101861069	92724
chr15	101768345	101968345	harbor2	chr15	101859256	101859449	LTR/ERV1	426	+	96	101859352	91007
chr15	59705231	59905231	harbor2	chr15	59708898	59709064	LTR/ERV1	1080	+	83	59708981	3750
chr15	59705231	59905231	harbor2	chr15	59760329	59761018	LTR/ERV1	4622	+	344	59760673	55442
chr15	87002504	87202504	harbor2	chr15	87041969	87043066	LTR/ERV1	7508	+	548	87042517	40013
chr15	87002504	87202504	harbor2	chr15	87043046	87043899	LTR/ERV1	5792	+	426	87043472	40968
chr15	87002504	87202504	harbor2	chr15	87043902	87044488	LTR/ERV1	2763	+	293	87044195	41691
chr15	87002504	87202504	harbor2	chr15	87044532	87044736	LTR/ERV1	1383	+	102	87044634	42130
chr15	87002504	87202504	harbor2	chr15	87044737	87045106	LTR/ERV1	2207	+	184	87044921	42417
chr15	87002504	87202504	harbor2	chr15	87045107	87045508	LTR/ERV1	2572	+	200	87045307	42803
chr15	97826731	98026731	harbor2	chr15	97875561	97876737	LTR/ERV1	7273	+	588	97876149	49418
chr15	29537359	29737359	harbor2	chr15	29548878	29549229	LTR/ERV1	1127	+	176	29549054	11695
chr15	29537359	29737359	harbor2	chr15	29612806	29613289	LTR/ERV1	1802	+	242	29613048	75689
chr15	62345191	62545191	harbor2	chr15	62420586	62421221	LTR/ERV1	4918	+	318	62420904	75713
chr15	97589673	97789673	harbor2	chr15	97626225	97626633	LTR/ERV1	1389	+	204	97626429	36756
chr15	97589673	97789673	harbor2	chr15	97663075	97663865	LTR/ERV1	5436	+	395	97663470	73797
chr15	71726991	71926991	harbor2	chr15	71801954	71802411	LTR/ERV1	2600	+	228	71802182	75191
chr15	38657418	38857418	harbor2	chr15	38678360	38679261	LTR/ERV1	5918	+	450	38678810	21392
chr15	38657418	38857418	harbor2	chr15	38685112	38685709	LTR/ERV1	3332	+	298	38685410	27992
chr15	38657418	38857418	harbor2	chr15	38687220	38687438	LTR/ERV1	564	+	109	38687329	29911
chr15	38657418	38857418	harbor2	chr15	38688559	38689288	LTR/ERV1	3735	+	364	38688923	31505
chr15	38657418	38857418	harbor2	chr15	38716065	38716510	LTR/ERV1	2879	+	222	38716287	58869
chr15	38657418	38857418	harbor2	chr15	38754669	38754882	LTR/ERV1	1379	+	106	38754775	97357
chr15	38657418	38857418	harbor2	chr15	38755437	38755993	LTR/ERV1	3522	+	278	38755715	98297
chr15	71814769	72014769	harbor2	chr15	71846245	71846710	LTR/ERV1	511	+	232	71846477	31708
chr15	71814769	72014769	harbor2	chr15	71887285	71887813	LTR/ERV1	2062	+	264	71887549	72780
chr15	71814769	72014769	harbor2	chr15	71889949	71890190	LTR/ERV1	1204	+	120	71890069	75300
chr15	42912197	43112197	harbor2	chr15	43008124	43009616	LTR/ERV1	6525	+	746	43008870	96673
chr15	92157688	92357688	harbor2	chr15	92207154	92207662	LTR/ERV1	3407	+	254	92207408	49720
chr15	92157688	92357688	harbor2	chr15	92210712	92214369	LTR/ERV1	29988	+	1828	92212540	54852
chr15	92157688	92357688	harbor2	chr15	92214370	92214977	LTR/ERV1	4241	+	304	92214674	56986
chr15	92157688	92357688	harbor2	chr15	92235575	92236502	LTR/ERV1	3897	+	464	92236039	78351
chr15	92157688	92357688	harbor2	chr15	92236492	92236903	LTR/ERV1	2033	+	206	92236698	79010
chr15	92157688	92357688	harbor2	chr15	92236908	92237509	LTR/ERV1	2966	+	300	92237208	79520
chr15	92157688	92357688	harbor2	chr15	92207685	92210712	LTR/ERV1	15912	+	1514	92209199	51511
chr15	79853386	80053386	harbor2	chr15	79925931	79927231	LTR/ERV1	9150	+	650	79926581	73195
chr16	63775723	63975723	harbor2	chr16	63822593	63823299	LTR/ERV1	2410	+	353	63822946	47223
chr16	63775723	63975723	harbor2	chr16	63823662	63824813	LTR/ERV1	14184	+	576	63824238	48515
chr16	63775723	63975723	harbor2	chr16	63824889	63827794	LTR/ERV1	14184	+	1452	63826341	50618
chr16	63775723	63975723	harbor2	chr16	63827822	63828060	LTR/ERV1	7956	+	119	63827941	52218
chr16	63775723	63975723	harbor2	chr16	63828390	63830311	LTR/ERV1	7956	+	960	63829350	53627
chr16	63775723	63975723	harbor2	chr16	63830729	63830845	LTR/ERV1	4743	+	58	63830787	55064
chr16	63775723	63975723	harbor2	chr16	63830848	63831542	LTR/ERV1	2998	+	347	63831195	55472
chr16	59981922	60181922	harbor2	chr16	60028104	60028683	LTR/ERV1	1370	+	290	60028394	46472
chr16	59981922	60181922	harbor2	chr16	60078535	60078985	LTR/ERV1	3464	+	225	60078760	96838
chr16	59981922	60181922	harbor2	chr16	60078988	60082249	LTR/ERV1	17053	+	1630	60080618	98696
chr16	59981922	60181922	harbor2	chr16	60030631	60031071	LTR/ERV1	2582	+	220	60030851	48929
chr16	65634977	65834977	harbor2	chr16	65639048	65639529	LTR/ERV1	930	+	240	65639288	4311
chr16	80957734	81157734	harbor2	chr16	81030432	81030466	LTR/ERV1	2248	+	17	81030449	72715
chr16	80957734	81157734	harbor2	chr16	81031077	81031518	LTR/ERV1	2248	+	220	81031297	73563
chr16	80957734	81157734	harbor2	chr16	81031989	81032554	LTR/ERV1	1167	+	282	81032271	74537
chr16	80957734	81157734	harbor2	chr16	81032579	81032653	LTR/ERV1	418	+	37	81032616	74882
chr16	80957734	81157734	harbor2	chr16	81032994	81033415	LTR/ERV1	2784	+	210	81033204	75470
chr16	72018677	72218677	harbor2	chr16	72034274	72034682	LTR/ERV1	2807	+	204	72034478	15801
chr16	72018677	72218677	harbor2	chr16	72048787	72049402	LTR/ERV1	3843	+	308	72049095	30418
chr16	72018677	72218677	harbor2	chr16	72064269	72064778	LTR/ERV1	3209	+	254	72064523	45846
chr16	72018677	72218677	harbor2	chr16	72064779	72072014	LTR/ERV1	68969	+	3618	72068397	49720
chr16	72018677	72218677	harbor2	chr16	72072308	72072861	LTR/ERV1	68969	+	276	72072584	53907
chr16	72018677	72218677	harbor2	chr16	72078601	72080139	LTR/ERV1	27046	+	769	72079370	60693
chr16	72018677	72218677	harbor2	chr16	72080440	72082191	LTR/ERV1	27046	+	876	72081316	62639
chr16	72018677	72218677	harbor2	chr16	72082491	72084362	LTR/ERV1	27046	+	936	72083427	64750
chr16	72018677	72218677	harbor2	chr16	72084451	72084730	LTR/ERV1	1230	+	140	72084591	65914
chr16	72018677	72218677	harbor2	chr16	72072862	72073376	LTR/ERV1	3410	+	257	72073119	54442
chr16	88097597	88297597	harbor2	chr16	88180054	88180126	LTR/ERV1	499	+	36	88180090	82493
chr16	61910127	62110127	harbor2	chr16	61949135	61949220	LTR/ERV1	703	+	42	61949177	39050
chr16	61910127	62110127	harbor2	chr16	61949222	61949641	LTR/ERV1	3296	+	210	61949432	39305
chr16	61910127	62110127	harbor2	chr16	61955181	61955566	LTR/ERV1	2142	+	192	61955373	45246
chr16	61910127	62110127	harbor2	chr16	61970786	61971275	LTR/ERV1	3537	+	244	61971030	60903
chr16	71456392	71656392	harbor2	chr16	71492990	71493613	LTR/ERV1	2774	+	312	71493302	36910
chr16	71456392	71656392	harbor2	chr16	71548341	71548974	LTR/ERV1	4679	+	316	71548657	92265
chr16	59318626	59518626	harbor2	chr16	59331765	59331982	LTR/ERV1	584	+	108	59331873	13247
chr16	59318626	59518626	harbor2	chr16	59332077	59332350	LTR/ERV1	1085	+	136	59332213	13587
chr16	59318626	59518626	harbor2	chr16	59337928	59338289	LTR/ERV1	2993	+	180	59338108	19482
chr16	59318626	59518626	harbor2	chr16	59338593	59338924	LTR/ERV1	2993	+	166	59338759	20133
chr16	59318626	59518626	harbor2	chr16	59367046	59367281	LTR/ERV1	2603	+	118	59367164	48538
chr16	59318626	59518626	harbor2	chr16	59367560	59367951	LTR/ERV1	2603	+	196	59367756	49130
chr16	59318626	59518626	harbor2	chr16	59375915	59376237	LTR/ERV1	1109	+	161	59376076	57450
chr16	59318626	59518626	harbor2	chr16	59375322	59375859	LTR/ERV1	2845	+	268	59375590	56964
chr16	77979567	78179567	harbor2	chr16	77991615	77992161	LTR/ERV1	3146	+	273	77991888	12321
chr16	77979567	78179567	harbor2	chr16	77993763	77994073	LTR/ERV1	3564	+	155	77993918	14351
chr16	77979567	78179567	harbor2	chr16	77994380	77994632	LTR/ERV1	3564	+	126	77994506	14939
chr16	77979567	78179567	harbor2	chr16	77995872	77996334	LTR/ERV1	1538	+	231	77996103	16536
chr16	77979567	78179567	harbor2	chr16	78000301	78000813	LTR/ERV1	3138	+	256	78000557	20990
chr16	77979567	78179567	harbor2	chr16	78065866	78065932	LTR/ERV1	454	+	33	78065899	86332
chr16	77979567	78179567	harbor2	chr16	78069509	78069605	LTR/ERV1	3424	+	48	78069557	89990
chr16	77979567	78179567	harbor2	chr16	78069917	78070406	LTR/ERV1	3424	+	244	78070161	90594
chr16	77979567	78179567	harbor2	chr16	78070427	78070880	LTR/ERV1	1875	+	226	78070653	91086
chr16	85121858	85321858	harbor2	chr16	85140408	85140585	LTR/ERV1	1008	+	88	85140496	18638
chr16	82027492	82227492	harbor2	chr16	82090047	82090167	LTR/ERV1	560	+	60	82090107	62615
chr16	82027492	82227492	harbor2	chr16	82118549	82118704	LTR/ERV1	1638	+	78	82118627	91135
chr16	82027492	82227492	harbor2	chr16	82118753	82118933	LTR/ERV1	1638	+	90	82118843	91351
chr16	82027492	82227492	harbor2	chr16	82118999	82119099	LTR/ERV1	561	+	50	82119049	91557
chr16	82027492	82227492	harbor2	chr16	82119229	82119486	LTR/ERV1	657	+	128	82119357	91865
chr16	82027492	82227492	harbor2	chr16	82126384	82126419	LTR/ERV1	4526	+	18	82126402	98910
chr16	82027492	82227492	harbor2	chr16	82126693	82127912	LTR/ERV1	4526	+	610	82127303	99811
chr16	78408728	78608728	harbor2	chr16	78413893	78414334	LTR/ERV1	2490	+	220	78414113	5385
chr16	71065314	71265314	harbor2	chr16	71071274	71071544	LTR/ERV1	547	+	135	71071409	6095
chr16	64408304	64608304	harbor2	chr16	64437939	64438262	LTR/ERV1	2101	+	162	64438101	29797
chr16	65998073	66198073	harbor2	chr16	66053912	66054584	LTR/ERV1	4037	+	336	66054248	56175
chr16	78803735	79003735	harbor2	chr16	78819271	78819747	LTR/ERV1	2819	+	238	78819509	15774
chr16	84115383	84315383	harbor2	chr16	84207346	84207972	LTR/ERV1	4444	+	313	84207659	92276
chr16	84115383	84315383	harbor2	chr16	84209916	84210301	LTR/ERV1	1884	+	192	84210108	94725
chr16	79780805	79980805	harbor2	chr16	79807503	79807973	LTR/ERV1	2835	+	235	79807738	26933
chr16	79780805	79980805	harbor2	chr16	79808160	79808793	LTR/ERV1	2997	+	316	79808476	27671
chr16	89522215	89722215	harbor2	chr16	89607317	89607482	LTR/ERV1	662	+	82	89607399	85184
chr16	89522215	89722215	harbor2	chr16	89608329	89608530	LTR/ERV1	522	+	100	89608429	86214
chr16	89522215	89722215	harbor2	chr16	89610017	89610598	LTR/ERV1	1360	+	290	89610307	88092
chr16	26625893	26825893	harbor2	chr16	26627120	26627216	LTR/ERV1	2212	+	48	26627168	1275
chr16	26625893	26825893	harbor2	chr16	26627516	26628110	LTR/ERV1	2212	+	297	26627813	1920
chr16	26625893	26825893	harbor2	chr16	26701658	26702511	LTR/ERV1	4320	+	426	26702084	76191
chr16	58556423	58756423	harbor2	chr16	58637874	58638055	LTR/ERV1	2487	+	90	58637964	81541
chr16	58556423	58756423	harbor2	chr16	58638341	58638693	LTR/ERV1	2487	+	176	58638517	82094
chr16	82121723	82321723	harbor2	chr16	82126384	82126419	LTR/ERV1	4526	+	18	82126402	4679
chr16	82121723	82321723	harbor2	chr16	82126693	82127912	LTR/ERV1	4526	+	610	82127303	5580
chr16	82121723	82321723	harbor2	chr16	82128215	82128374	LTR/ERV1	4526	+	80	82128295	6572
chr16	82121723	82321723	harbor2	chr16	82129243	82129629	LTR/ERV1	1450	+	193	82129436	7713
chr16	82121723	82321723	harbor2	chr16	82129634	82129681	LTR/ERV1	1278	+	24	82129658	7935
chr16	82121723	82321723	harbor2	chr16	82129985	82130190	LTR/ERV1	1278	+	102	82130087	8364
chr16	82121723	82321723	harbor2	chr16	82135967	82136634	LTR/ERV1	4608	+	334	82136301	14578
chr16	82121723	82321723	harbor2	chr16	82138496	82138996	LTR/ERV1	2220	+	250	82138746	17023
chr16	82121723	82321723	harbor2	chr16	82160785	82161284	LTR/ERV1	849	+	250	82161035	39312
chr16	89926180	90126180	harbor2	chr16	89939893	89940010	LTR/ERV1	664	+	58	89939951	13771
chr16	89926180	90126180	harbor2	chr16	89939998	89940015	LTR/ERV1	642	+	8	89940006	13826
chr16	89926180	90126180	harbor2	chr16	89940314	89940490	LTR/ERV1	1023	+	88	89940402	14222
chr16	89926180	90126180	harbor2	chr16	89941590	89941998	LTR/ERV1	1418	+	204	89941794	15614
chr16	31190682	31390682	harbor2	chr16	31216334	31216422	LTR/ERV1	612	+	44	31216378	25696
chr16	31190682	31390682	harbor2	chr16	31230075	31230445	LTR/ERV1	3236	+	185	31230260	39578
chr16	31190682	31390682	harbor2	chr16	31230745	31230875	LTR/ERV1	3236	+	65	31230810	40128
chr16	54737480	54937480	harbor2	chr16	54829644	54831075	LTR/ERV1	10546	+	716	54830360	92880
chr16	35383973	35583973	harbor2	chr16	35431309	35431641	LTR/ERV1	436	+	166	35431475	47502
chr16	90150802	90350802	harbor2	chr16	90214530	90214808	LTR/ERV1	1146	+	139	90214669	63867
chr16	81099703	81299703	harbor2	chr16	81117688	81117896	LTR/ERV1	1276	+	104	81117792	18089
chr16	81099703	81299703	harbor2	chr16	81119267	81119344	LTR/ERV1	421	+	38	81119305	19602
chr16	81099703	81299703	harbor2	chr16	81134654	81135149	LTR/ERV1	2491	+	248	81134902	35199
chr16	81099703	81299703	harbor2	chr16	81142961	81143381	LTR/ERV1	2029	+	210	81143171	43468
chr16	81099703	81299703	harbor2	chr16	81143868	81143952	LTR/ERV1	468	+	42	81143910	44207
chr16	81099703	81299703	harbor2	chr16	81196955	81197391	LTR/ERV1	2571	+	218	81197173	97470
chr16	81099703	81299703	harbor2	chr16	81198004	81198146	LTR/ERV1	2571	+	71	81198075	98372
chr16	32790008	32990008	harbor2	chr16	32830032	32830575	LTR/ERV1	2215	+	272	32830304	40296
chr16	32790008	32990008	harbor2	chr16	32830764	32831200	LTR/ERV1	1698	+	218	32830982	40974
chr16	32790008	32990008	harbor2	chr16	32832512	32832543	LTR/ERV1	1623	+	16	32832528	42520
chr16	32790008	32990008	harbor2	chr16	32832822	32833203	LTR/ERV1	1623	+	190	32833012	43004
chr16	77233015	77433015	harbor2	chr16	77233958	77234576	LTR/ERV1	4076	+	309	77234267	1252
chr16	77040685	77240685	harbor2	chr16	77065665	77066086	LTR/ERV1	2136	+	210	77065875	25190
chr16	77040685	77240685	harbor2	chr16	77131569	77131726	LTR/ERV1	683	+	78	77131647	90962
chr16	88792349	88992349	harbor2	chr16	88813681	88814167	LTR/ERV1	999	+	243	88813924	21575
chr16	87844570	88044570	harbor2	chr16	87859463	87859658	LTR/ERV1	1253	+	98	87859561	14991
chr16	87844570	88044570	harbor2	chr16	87859945	87860051	LTR/ERV1	1253	+	53	87859998	15428
chr16	87844570	88044570	harbor2	chr16	87860401	87860678	LTR/ERV1	1253	+	138	87860539	15969
chr16	87844570	88044570	harbor2	chr16	87872569	87872863	LTR/ERV1	920	+	147	87872716	28146
chr16	87844570	88044570	harbor2	chr16	87874496	87874754	LTR/ERV1	1459	+	129	87874625	30055
chr16	87844570	88044570	harbor2	chr16	87940363	87940802	LTR/ERV1	2962	+	220	87940583	96013
chr16	59094115	59294115	harbor2	chr16	59110047	59110195	LTR/ERV1	726	+	74	59110121	16006
chr16	59094115	59294115	harbor2	chr16	59110862	59111179	LTR/ERV1	1629	+	158	59111020	16905
chr16	59094115	59294115	harbor2	chr16	59116584	59117239	LTR/ERV1	2647	+	328	59116912	22797
chr16	59094115	59294115	harbor2	chr16	59152219	59152341	LTR/ERV1	3860	+	61	59152280	58165
chr16	59094115	59294115	harbor2	chr16	59152966	59153564	LTR/ERV1	3860	+	299	59153265	59150
chr16	46913511	47113511	harbor2	chr16	46937025	46937214	LTR/ERV1	4377	+	94	46937119	23608
chr16	46913511	47113511	harbor2	chr16	46937523	46937966	LTR/ERV1	4377	+	222	46937745	24234
chr16	46913511	47113511	harbor2	chr16	46993744	46994051	LTR/ERV1	1956	+	154	46993898	80387
chr16	87821284	88021284	harbor2	chr16	87821825	87822358	LTR/ERV1	934	+	266	87822091	807
chr16	87821284	88021284	harbor2	chr16	87825553	87825696	LTR/ERV1	595	+	72	87825625	4341
chr16	87821284	88021284	harbor2	chr16	87859463	87859658	LTR/ERV1	1253	+	98	87859561	38277
chr16	87821284	88021284	harbor2	chr16	87859945	87860051	LTR/ERV1	1253	+	53	87859998	38714
chr16	87821284	88021284	harbor2	chr16	87860401	87860678	LTR/ERV1	1253	+	138	87860539	39255
chr16	87821284	88021284	harbor2	chr16	87872569	87872863	LTR/ERV1	920	+	147	87872716	51432
chr16	87821284	88021284	harbor2	chr16	87874496	87874754	LTR/ERV1	1459	+	129	87874625	53341
chr16	46591299	46791299	harbor2	chr16	46650301	46650497	LTR/ERV1	3698	+	98	46650399	59100
chr16	46591299	46791299	harbor2	chr16	46651555	46652059	LTR/ERV1	3698	+	252	46651807	60508
chr16	46591299	46791299	harbor2	chr16	46656394	46656583	LTR/ERV1	916	+	94	46656488	65189
chr16	47571920	47771920	harbor2	chr16	47636272	47637543	LTR/ERV1	5446	+	636	47636908	64988
chr16	81721098	81921098	harbor2	chr16	81727780	81728048	LTR/ERV1	885	+	134	81727914	6816
chr16	81721098	81921098	harbor2	chr16	81728987	81729293	LTR/ERV1	1706	+	153	81729140	8042
chr16	31761548	31961548	harbor2	chr16	31848236	31848873	LTR/ERV1	4579	+	318	31848554	87006
chr16	31761548	31961548	harbor2	chr16	31848887	31849554	LTR/ERV1	2266	+	334	31849221	87673
chr16	31761548	31961548	harbor2	chr16	31850018	31850266	LTR/ERV1	1203	+	124	31850142	88594
chr16	31761548	31961548	harbor2	chr16	31850239	31850382	LTR/ERV1	610	+	72	31850311	88763
chr16	31761548	31961548	harbor2	chr16	31850804	31851322	LTR/ERV1	2227	+	259	31851063	89515
chr16	31761548	31961548	harbor2	chr16	31851325	31851932	LTR/ERV1	2945	+	304	31851629	90081
chr16	31761548	31961548	harbor2	chr16	31851916	31852021	LTR/ERV1	419	+	52	31851968	90420
chr16	31761548	31961548	harbor2	chr16	31852025	31852659	LTR/ERV1	3908	+	317	31852342	90794
chr16	75913124	76113124	harbor2	chr16	75927816	75928349	LTR/ERV1	1524	+	266	75928082	14958
chr16	75913124	76113124	harbor2	chr16	75987513	75987593	LTR/ERV1	554	+	40	75987553	74429
chr16	29318523	29518523	harbor2	chr16	29393187	29393616	LTR/ERV1	1602	+	214	29393401	74878
chr16	29318523	29518523	harbor2	chr16	29405914	29406402	LTR/ERV1	1716	+	244	29406158	87635
chr16	29318523	29518523	harbor2	chr16	29406406	29406435	LTR/ERV1	911	+	14	29406420	87897
chr16	29318523	29518523	harbor2	chr16	29406729	29406960	LTR/ERV1	911	+	116	29406845	88322
chr16	29318523	29518523	harbor2	chr16	29411960	29412305	LTR/ERV1	2066	+	172	29412132	93609
chr16	29318523	29518523	harbor2	chr16	29413083	29413517	LTR/ERV1	4149	+	217	29413300	94777
chr16	29318523	29518523	harbor2	chr16	29413814	29413937	LTR/ERV1	4149	+	62	29413876	95353
chr16	29318523	29518523	harbor2	chr16	29417705	29418264	LTR/ERV1	3854	+	280	29417985	99462
chr16	29318523	29518523	harbor2	chr16	29418265	29418713	LTR/ERV1	3532	+	224	29418489	99966
chr16	58256115	58456115	harbor2	chr16	58307595	58307993	LTR/ERV1	2376	+	199	58307794	51679
chr16	58256115	58456115	harbor2	chr16	58308003	58308173	LTR/ERV1	29390	+	85	58308088	51973
chr16	58256115	58456115	harbor2	chr16	58308473	58309105	LTR/ERV1	29390	+	316	58308789	52674
chr16	58256115	58456115	harbor2	chr16	58309439	58309520	LTR/ERV1	29390	+	40	58309479	53364
chr16	58256115	58456115	harbor2	chr16	58309828	58309889	LTR/ERV1	29390	+	30	58309858	53743
chr16	58256115	58456115	harbor2	chr16	58312743	58313165	LTR/ERV1	29390	+	211	58312954	56839
chr16	58256115	58456115	harbor2	chr16	58313531	58314900	LTR/ERV1	29390	+	684	58314215	58100
chr16	58256115	58456115	harbor2	chr16	58314952	58315280	LTR/ERV1	1802	+	164	58315116	59001
chr16	58256115	58456115	harbor2	chr16	58315659	58315845	LTR/ERV1	2295	+	93	58315752	59637
chr16	58256115	58456115	harbor2	chr16	58316142	58316368	LTR/ERV1	2295	+	113	58316255	60140
chr16	58256115	58456115	harbor2	chr16	58316369	58316742	LTR/ERV1	3151	+	186	58316555	60440
chr16	58256115	58456115	harbor2	chr16	58317040	58317295	LTR/ERV1	3151	+	128	58317168	61053
chr16	58256115	58456115	harbor2	chr16	58310186	58312189	LTR/ERV1	29390	+	1002	58311188	55073
chr16	66191418	66391418	harbor2	chr16	66249436	66249863	LTR/ERV1	1310	+	214	66249650	58232
chr16	68523578	68723578	harbor2	chr16	68526565	68528236	LTR/ERV1	10270	+	836	68527401	3823
chr16	68523578	68723578	harbor2	chr16	68620760	68621053	LTR/ERV1	2010	+	146	68620906	97328
chr16	82390386	82590386	harbor2	chr16	82469579	82470002	LTR/ERV1	2691	+	212	82469791	79405
chr16	82390386	82590386	harbor2	chr16	82476716	82477300	LTR/ERV1	3763	+	292	82477008	86622
chr16	25298540	25498540	harbor2	chr16	25358487	25358547	LTR/ERV1	469	+	30	25358517	59977
chr16	25298540	25498540	harbor2	chr16	25359568	25359985	LTR/ERV1	2977	+	208	25359776	61236
chr16	25298540	25498540	harbor2	chr16	25360452	25360804	LTR/ERV1	1621	+	176	25360628	62088
chr16	25298540	25498540	harbor2	chr16	25361046	25361114	LTR/ERV1	1621	+	34	25361080	62540
chr16	25298540	25498540	harbor2	chr16	25361409	25361467	LTR/ERV1	1621	+	29	25361438	62898
chr16	25298540	25498540	harbor2	chr16	25368246	25368570	LTR/ERV1	2694	+	162	25368408	69868
chr16	25298540	25498540	harbor2	chr16	25368872	25369009	LTR/ERV1	2694	+	68	25368940	70400
chr16	25298540	25498540	harbor2	chr16	25371609	25372318	LTR/ERV1	4123	+	354	25371963	73423
chr16	25298540	25498540	harbor2	chr16	25372759	25373508	LTR/ERV1	4228	+	374	25373133	74593
chr16	25298540	25498540	harbor2	chr16	25374193	25374298	LTR/ERV1	458	+	52	25374245	75705
chr16	25298540	25498540	harbor2	chr16	25374551	25375137	LTR/ERV1	3766	+	293	25374844	76304
chr16	69514404	69714404	harbor2	chr16	69515324	69515546	LTR/ERV1	3314	+	111	69515435	1031
chr16	69514404	69714404	harbor2	chr16	69515841	69516248	LTR/ERV1	3314	+	204	69516045	1641
chr16	69514404	69714404	harbor2	chr16	69518444	69518470	LTR/ERV1	750	+	13	69518457	4053
chr16	69514404	69714404	harbor2	chr16	69518777	69518874	LTR/ERV1	750	+	48	69518825	4421
chr16	29424793	29624793	harbor2	chr16	29494718	29495147	LTR/ERV1	1575	+	214	29494932	70139
chr16	29424793	29624793	harbor2	chr16	29507698	29508187	LTR/ERV1	1715	+	244	29507942	83149
chr16	29424793	29624793	harbor2	chr16	29508191	29508220	LTR/ERV1	971	+	14	29508205	83412
chr16	29424793	29624793	harbor2	chr16	29508516	29508743	LTR/ERV1	971	+	114	29508630	83837
chr16	29424793	29624793	harbor2	chr16	29513757	29514102	LTR/ERV1	1974	+	172	29513929	89136
chr16	29424793	29624793	harbor2	chr16	29514876	29515310	LTR/ERV1	4148	+	217	29515093	90300
chr16	29424793	29624793	harbor2	chr16	29515606	29515729	LTR/ERV1	4148	+	62	29515668	90875
chr16	29424793	29624793	harbor2	chr16	29519501	29520060	LTR/ERV1	3857	+	280	29519781	94988
chr16	29424793	29624793	harbor2	chr16	29520061	29520509	LTR/ERV1	3525	+	224	29520285	95492
chr16	29424793	29624793	harbor2	chr16	29520691	29521144	LTR/ERV1	3855	+	226	29520917	96124
chr16	86568627	86768627	harbor2	chr16	86619440	86619912	LTR/ERV1	2013	+	236	86619676	51049
chr16	86568627	86768627	harbor2	chr16	86642078	86642529	LTR/ERV1	2587	+	226	86642304	73677
chr16	75954982	76154982	harbor2	chr16	75987513	75987593	LTR/ERV1	554	+	40	75987553	32571
chr16	75954982	76154982	harbor2	chr16	76026643	76027441	LTR/ERV1	4484	+	399	76027042	72060
chr16	56941325	57141325	harbor2	chr16	56984581	56985148	LTR/ERV1	3003	+	284	56984865	43540
chr16	76557931	76757931	harbor2	chr16	76572422	76572590	LTR/ERV1	3933	+	84	76572506	14575
chr16	76557931	76757931	harbor2	chr16	76572899	76573344	LTR/ERV1	3933	+	222	76573121	15190
chr16	76557931	76757931	harbor2	chr16	76579333	76579691	LTR/ERV1	1483	+	179	76579512	21581
chr16	80277714	80477714	harbor2	chr16	80306196	80307064	LTR/ERV1	4295	+	434	80306630	28916
chr16	86563655	86763655	harbor2	chr16	86619440	86619912	LTR/ERV1	2013	+	236	86619676	56021
chr16	86563655	86763655	harbor2	chr16	86642078	86642529	LTR/ERV1	2587	+	226	86642304	78649
chr16	75930159	76130159	harbor2	chr16	75987513	75987593	LTR/ERV1	554	+	40	75987553	57394
chr16	75930159	76130159	harbor2	chr16	76026643	76027441	LTR/ERV1	4484	+	399	76027042	96883
chr16	79288218	79488218	harbor2	chr16	79292580	79293217	LTR/ERV1	4530	+	318	79292898	4680
chr16	65738546	65938546	harbor2	chr16	65760023	65760607	LTR/ERV1	3356	+	292	65760315	21769
chr16	65738546	65938546	harbor2	chr16	65765959	65765985	LTR/ERV1	4475	+	13	65765972	27426
chr16	65738546	65938546	harbor2	chr16	65766285	65766404	LTR/ERV1	4475	+	60	65766345	27799
chr16	65738546	65938546	harbor2	chr16	65768602	65768862	LTR/ERV1	3084	+	130	65768732	30186
chr16	65738546	65938546	harbor2	chr16	65769427	65769719	LTR/ERV1	3084	+	146	65769573	31027
chr16	65738546	65938546	harbor2	chr16	65769902	65770002	LTR/ERV1	763	+	50	65769952	31406
chr16	65738546	65938546	harbor2	chr16	65770011	65770177	LTR/ERV1	852	+	83	65770094	31548
chr16	65738546	65938546	harbor2	chr16	65770243	65770709	LTR/ERV1	2674	+	233	65770476	31930
chr16	65738546	65938546	harbor2	chr16	65770886	65771432	LTR/ERV1	3968	+	273	65771159	32613
chr16	65738546	65938546	harbor2	chr16	65772329	65772721	LTR/ERV1	2853	+	196	65772525	33979
chr16	65738546	65938546	harbor2	chr16	65773032	65773253	LTR/ERV1	2853	+	110	65773142	34596
chr16	65738546	65938546	harbor2	chr16	65776885	65777473	LTR/ERV1	3576	+	294	65777179	38633
chr16	65738546	65938546	harbor2	chr16	65764933	65765441	LTR/ERV1	4475	+	254	65765187	26641
chr16	65738546	65938546	harbor2	chr16	65797708	65798491	LTR/ERV1	4830	+	392	65798100	59554
chr16	51333094	51533094	harbor2	chr16	51336874	51337281	LTR/ERV1	1516	+	204	51337078	3984
chr16	51333094	51533094	harbor2	chr16	51383985	51384401	LTR/ERV1	1843	+	208	51384193	51099
chr16	51333094	51533094	harbor2	chr16	51385698	51386415	LTR/ERV1	4434	+	358	51386056	52962
chr16	51333094	51533094	harbor2	chr16	51395223	51396138	LTR/ERV1	5746	+	458	51395681	62587
chr16	51333094	51533094	harbor2	chr16	51400529	51400852	LTR/ERV1	1071	+	162	51400691	67597
chr16	51333094	51533094	harbor2	chr16	51400899	51401010	LTR/ERV1	454	+	56	51400955	67861
chr16	77095281	77295281	harbor2	chr16	77131569	77131726	LTR/ERV1	683	+	78	77131647	36366
chr16	77095281	77295281	harbor2	chr16	77189048	77189398	LTR/ERV1	2281	+	175	77189223	93942
chr16	12619223	12819223	harbor2	chr16	12619139	12619566	LTR/ERV1	2424	+	214	12619353	130
chr16	12619223	12819223	harbor2	chr16	12623372	12623560	LTR/ERV1	1119	+	94	12623466	4243
chr16	12619223	12819223	harbor2	chr16	12679716	12680401	LTR/ERV1	3206	+	342	12680058	60835
chr16	12619223	12819223	harbor2	chr16	12695218	12695256	LTR/ERV1	1903	+	19	12695237	76014
chr16	12619223	12819223	harbor2	chr16	12695571	12695911	LTR/ERV1	1903	+	170	12695741	76518
chr16	72170467	72370467	harbor2	chr16	72234228	72234758	LTR/ERV1	3011	+	265	72234493	64026
chr16	71109605	71309605	harbor2	chr16	71196561	71197106	LTR/ERV1	4118	+	272	71196833	87228
chr16	71109605	71309605	harbor2	chr16	71199839	71200394	LTR/ERV1	4512	+	278	71200117	90512
chr16	74100956	74300956	harbor2	chr16	74146264	74146752	LTR/ERV1	2939	+	244	74146508	45552
chr16	82692956	82892956	harbor2	chr16	82790905	82790956	LTR/ERV1	5197	+	26	82790931	97975
chr16	82692956	82892956	harbor2	chr16	82791260	82791979	LTR/ERV1	5197	+	360	82791620	98664
chr16	50372999	50572999	harbor2	chr16	50434579	50434663	LTR/ERV1	648	+	42	50434621	61622
chr16	50372999	50572999	harbor2	chr16	50434987	50435068	LTR/ERV1	506	+	40	50435027	62028
chr16	50372999	50572999	harbor2	chr16	50441059	50442669	LTR/ERV1	6860	+	805	50441864	68865
chr16	50372999	50572999	harbor2	chr16	50458067	50458689	LTR/ERV1	4607	+	311	50458378	85379
chr16	58265278	58465278	harbor2	chr16	58307595	58307993	LTR/ERV1	2376	+	199	58307794	42516
chr16	58265278	58465278	harbor2	chr16	58308003	58308173	LTR/ERV1	29390	+	85	58308088	42810
chr16	58265278	58465278	harbor2	chr16	58308473	58309105	LTR/ERV1	29390	+	316	58308789	43511
chr16	58265278	58465278	harbor2	chr16	58309439	58309520	LTR/ERV1	29390	+	40	58309479	44201
chr16	58265278	58465278	harbor2	chr16	58309828	58309889	LTR/ERV1	29390	+	30	58309858	44580
chr16	58265278	58465278	harbor2	chr16	58312743	58313165	LTR/ERV1	29390	+	211	58312954	47676
chr16	58265278	58465278	harbor2	chr16	58313531	58314900	LTR/ERV1	29390	+	684	58314215	48937
chr16	58265278	58465278	harbor2	chr16	58314952	58315280	LTR/ERV1	1802	+	164	58315116	49838
chr16	58265278	58465278	harbor2	chr16	58315659	58315845	LTR/ERV1	2295	+	93	58315752	50474
chr16	58265278	58465278	harbor2	chr16	58316142	58316368	LTR/ERV1	2295	+	113	58316255	50977
chr16	58265278	58465278	harbor2	chr16	58316369	58316742	LTR/ERV1	3151	+	186	58316555	51277
chr16	58265278	58465278	harbor2	chr16	58317040	58317295	LTR/ERV1	3151	+	128	58317168	51890
chr16	58265278	58465278	harbor2	chr16	58310186	58312189	LTR/ERV1	29390	+	1002	58311188	45910
chr16	25527793	25727793	harbor2	chr16	25544727	25545018	LTR/ERV1	2764	+	146	25544873	17080
chr16	25527793	25727793	harbor2	chr16	25545382	25545554	LTR/ERV1	2764	+	86	25545468	17675
chr16	25527793	25727793	harbor2	chr16	25554849	25555451	LTR/ERV1	2286	+	301	25555150	27357
chr16	25527793	25727793	harbor2	chr16	25564212	25564227	LTR/ERV1	1015	+	8	25564220	36427
chr16	25527793	25727793	harbor2	chr16	25564568	25565118	LTR/ERV1	1015	+	275	25564843	37050
chr16	25527793	25727793	harbor2	chr16	25566184	25566603	LTR/ERV1	3477	+	210	25566394	38601
chr16	25527793	25727793	harbor2	chr16	25566909	25567049	LTR/ERV1	3477	+	70	25566979	39186
chr16	25527793	25727793	harbor2	chr16	25571221	25571313	LTR/ERV1	2819	+	46	25571267	43474
chr16	25527793	25727793	harbor2	chr16	25571746	25572175	LTR/ERV1	2819	+	214	25571960	44167
chr16	25527793	25727793	harbor2	chr16	25579475	25579532	LTR/ERV1	504	+	28	25579503	51710
chr16	25527793	25727793	harbor2	chr16	25579534	25579673	LTR/ERV1	1067	+	70	25579604	51811
chr16	25527793	25727793	harbor2	chr16	25583773	25584201	LTR/ERV1	2838	+	214	25583987	56194
chr16	25527793	25727793	harbor2	chr16	25587554	25588004	LTR/ERV1	1706	+	225	25587779	59986
chr16	25527793	25727793	harbor2	chr16	25588232	25588255	LTR/ERV1	1761	+	12	25588244	60451
chr16	25527793	25727793	harbor2	chr16	25588504	25588974	LTR/ERV1	2193	+	235	25588739	60946
chr16	25527793	25727793	harbor2	chr16	25588975	25589088	LTR/ERV1	740	+	56	25589031	61238
chr16	25527793	25727793	harbor2	chr16	25589096	25589449	LTR/ERV1	1896	+	176	25589272	61479
chr16	25527793	25727793	harbor2	chr16	25589456	25589543	LTR/ERV1	568	+	44	25589500	61707
chr16	25527793	25727793	harbor2	chr16	25627003	25627152	LTR/ERV1	1061	+	74	25627077	99284
chr16	25527793	25727793	harbor2	chr16	25627235	25627262	LTR/ERV1	2775	+	14	25627249	99456
chr16	66843872	67043872	harbor2	chr16	66896616	66897052	LTR/ERV1	3380	+	218	66896834	52962
chr16	23718324	23918324	harbor2	chr16	23790034	23790179	LTR/ERV1	2301	+	72	23790106	71782
chr16	23718324	23918324	harbor2	chr16	23790479	23790751	LTR/ERV1	2301	+	136	23790615	72291
chr16	23718324	23918324	harbor2	chr16	23790925	23791062	LTR/ERV1	798	+	68	23790993	72669
chr16	23718324	23918324	harbor2	chr16	23794767	23795158	LTR/ERV1	3951	+	196	23794963	76639
chr16	23718324	23918324	harbor2	chr16	23795467	23795864	LTR/ERV1	3951	+	198	23795665	77341
chr16	82708028	82908028	harbor2	chr16	82790905	82790956	LTR/ERV1	5197	+	26	82790931	82903
chr16	82708028	82908028	harbor2	chr16	82791260	82791979	LTR/ERV1	5197	+	360	82791620	83592
chr16	46560948	46760948	harbor2	chr16	46650301	46650497	LTR/ERV1	3698	+	98	46650399	89451
chr16	46560948	46760948	harbor2	chr16	46651555	46652059	LTR/ERV1	3698	+	252	46651807	90859
chr16	46560948	46760948	harbor2	chr16	46656394	46656583	LTR/ERV1	916	+	94	46656488	95540
chr16	74031077	74231077	harbor2	chr16	74097092	74097662	LTR/ERV1	2019	+	285	74097377	66300
chr16	74031077	74231077	harbor2	chr16	74097676	74097966	LTR/ERV1	3071	+	145	74097821	66744
chr16	74031077	74231077	harbor2	chr16	74097967	74098411	LTR/ERV1	4337	+	222	74098189	67112
chr16	74031077	74231077	harbor2	chr16	74098725	74098850	LTR/ERV1	4337	+	62	74098787	67710
chr16	74031077	74231077	harbor2	chr16	74098851	74099204	LTR/ERV1	3071	+	176	74099027	67950
chr16	74031077	74231077	harbor2	chr16	74099381	74099885	LTR/ERV1	2916	+	252	74099633	68556
chr16	85229595	85429595	harbor2	chr16	85304797	85305067	LTR/ERV1	499	+	135	85304932	75337
chr16	52888577	53088577	harbor2	chr16	52889617	52890089	LTR/ERV1	943	+	236	52889853	1276
chr16	52888577	53088577	harbor2	chr16	52892030	52893796	LTR/ERV1	6367	+	883	52892913	4336
chr16	52888577	53088577	harbor2	chr16	52893846	52894671	LTR/ERV1	6367	+	412	52894258	5681
chr16	52888577	53088577	harbor2	chr16	52894793	52894838	LTR/ERV1	6367	+	22	52894815	6238
chr16	52888577	53088577	harbor2	chr16	52895212	52895398	LTR/ERV1	772	+	93	52895305	6728
chr16	52888577	53088577	harbor2	chr16	52895882	52896807	LTR/ERV1	2408	+	462	52896344	7767
chr16	52888577	53088577	harbor2	chr16	52896815	52897153	LTR/ERV1	1578	+	169	52896984	8407
chr16	52888577	53088577	harbor2	chr16	52913953	52914759	LTR/ERV1	4921	+	403	52914356	25779
chr16	85121673	85321673	harbor2	chr16	85140408	85140585	LTR/ERV1	1008	+	88	85140496	18823
chr16	90030136	90230136	harbor2	chr16	90048473	90048817	LTR/ERV1	1452	+	172	90048645	18509
chr16	90030136	90230136	harbor2	chr16	90050760	90050913	LTR/ERV1	802	+	76	90050836	20700
chr16	90030136	90230136	harbor2	chr16	90056422	90056523	LTR/ERV1	697	+	50	90056472	26336
chr16	90030136	90230136	harbor2	chr16	90090709	90090895	LTR/ERV1	840	+	93	90090802	60666
chr16	90030136	90230136	harbor2	chr16	90091311	90091650	LTR/ERV1	6018	+	170	90091481	61345
chr16	90030136	90230136	harbor2	chr16	90092306	90093890	LTR/ERV1	6018	+	792	90093098	62962
chr16	90030136	90230136	harbor2	chr16	90099296	90099888	LTR/ERV1	4601	+	296	90099592	69456
chr16	90030136	90230136	harbor2	chr16	90110562	90110748	LTR/ERV1	643	+	93	90110655	80519
chr16	90030136	90230136	harbor2	chr16	90120086	90120591	LTR/ERV1	895	+	252	90120338	90202
chr16	6696030	6896030	harbor2	chr16	6725487	6725677	LTR/ERV1	1188	+	95	6725582	29552
chr16	54836627	55036627	harbor2	chr16	54884164	54884417	LTR/ERV1	1639	+	126	54884290	47663
chr16	54836627	55036627	harbor2	chr16	54884418	54884760	LTR/ERV1	2163	+	171	54884589	47962
chr16	54836627	55036627	harbor2	chr16	54884761	54885009	LTR/ERV1	1639	+	124	54884885	48258
chr16	54836627	55036627	harbor2	chr16	54885939	54886551	LTR/ERV1	4372	+	306	54886245	49618
chr16	71122421	71322421	harbor2	chr16	71196561	71197106	LTR/ERV1	4118	+	272	71196833	74412
chr16	71122421	71322421	harbor2	chr16	71199839	71200394	LTR/ERV1	4512	+	278	71200117	77696
chr16	71122421	71322421	harbor2	chr16	71221783	71222111	LTR/ERV1	2433	+	164	71221947	99526
chr16	71866736	72066736	harbor2	chr16	71937918	71939464	LTR/ERV1	7486	+	773	71938691	71955
chr16	79041513	79241513	harbor2	chr16	79051702	79052021	LTR/ERV1	2770	+	160	79051862	10349
chr16	79041513	79241513	harbor2	chr16	79141009	79141479	LTR/ERV1	3640	+	235	79141244	99731
chr16	79041513	79241513	harbor2	chr16	79052571	79052844	LTR/ERV1	2207	+	136	79052707	11194
chr16	63994079	64194079	harbor2	chr16	63998697	63999160	LTR/ERV1	2895	+	232	63998929	4850
chr16	63994079	64194079	harbor2	chr16	64012556	64013201	LTR/ERV1	3431	+	322	64012878	18799
chr16	63994079	64194079	harbor2	chr16	64013580	64013713	LTR/ERV1	449	+	66	64013646	19567
chr16	87723209	87923209	harbor2	chr16	87782192	87782419	LTR/ERV1	1800	+	114	87782306	59097
chr16	87723209	87923209	harbor2	chr16	87782732	87782861	LTR/ERV1	1800	+	64	87782796	59587
chr16	87723209	87923209	harbor2	chr16	87785594	87785665	LTR/ERV1	438	+	36	87785630	62421
chr16	87723209	87923209	harbor2	chr16	87816884	87817307	LTR/ERV1	3051	+	212	87817096	93887
chr16	87723209	87923209	harbor2	chr16	87817430	87817652	LTR/ERV1	1038	+	111	87817541	94332
chr16	87723209	87923209	harbor2	chr16	87817877	87817996	LTR/ERV1	631	+	60	87817937	94728
chr16	87723209	87923209	harbor2	chr16	87820498	87821039	LTR/ERV1	1902	+	270	87820768	97559
chr16	87723209	87923209	harbor2	chr16	87821825	87822358	LTR/ERV1	934	+	266	87822091	98882
chr16	89875520	90075520	harbor2	chr16	89939893	89940010	LTR/ERV1	664	+	58	89939951	64431
chr16	89875520	90075520	harbor2	chr16	89939998	89940015	LTR/ERV1	642	+	8	89940006	64486
chr16	89875520	90075520	harbor2	chr16	89940314	89940490	LTR/ERV1	1023	+	88	89940402	64882
chr16	89875520	90075520	harbor2	chr16	89941590	89941998	LTR/ERV1	1418	+	204	89941794	66274
chr16	61391965	61591965	harbor2	chr16	61399415	61399985	LTR/ERV1	1457	+	285	61399700	7735
chr16	85065400	85265400	harbor2	chr16	85108898	85109128	LTR/ERV1	655	+	115	85109013	43613
chr16	85065400	85265400	harbor2	chr16	85109248	85109518	LTR/ERV1	1069	+	135	85109383	43983
chr16	85065400	85265400	harbor2	chr16	85109785	85109873	LTR/ERV1	1069	+	44	85109829	44429
chr16	85065400	85265400	harbor2	chr16	85140408	85140585	LTR/ERV1	1008	+	88	85140496	75096
chr16	75865568	76065568	harbor2	chr16	75927816	75928349	LTR/ERV1	1524	+	266	75928082	62514
chr16	46406922	46606922	harbor2	chr16	46444458	46444999	LTR/ERV1	2305	+	270	46444728	37806
chr16	46406922	46606922	harbor2	chr16	46445188	46445618	LTR/ERV1	1774	+	215	46445403	38481
chr16	46406922	46606922	harbor2	chr16	46446922	46446953	LTR/ERV1	1481	+	16	46446938	40016
chr16	46406922	46606922	harbor2	chr16	46447227	46447613	LTR/ERV1	1481	+	193	46447420	40498
chr16	66890862	67090862	harbor2	chr16	66896616	66897052	LTR/ERV1	3380	+	218	66896834	5972
chr16	66890862	67090862	harbor2	chr16	66974097	66975386	LTR/ERV1	9139	+	644	66974741	83879
chr16	66890862	67090862	harbor2	chr16	66987212	66987368	LTR/ERV1	430	+	78	66987290	96428
chr16	8437037	8637037	harbor2	chr16	8441099	8441843	LTR/ERV1	5058	+	372	8441471	4434
chr16	8437037	8637037	harbor2	chr16	8457243	8457706	LTR/ERV1	2347	+	232	8457475	20438
chr16	57990228	58190228	harbor2	chr16	58084176	58084797	LTR/ERV1	4460	+	310	58084486	94258
chr16	76182751	76382751	harbor2	chr16	76217564	76218190	LTR/ERV1	2384	+	313	76217877	35126
chr16	76182751	76382751	harbor2	chr16	76223614	76224155	LTR/ERV1	1927	+	270	76223884	41133
chr16	48371303	48571303	harbor2	chr16	48431592	48431747	LTR/ERV1	2324	+	78	48431670	60367
chr16	48371303	48571303	harbor2	chr16	48430977	48431296	LTR/ERV1	2324	+	160	48431137	59834
chr16	53519992	53719992	harbor2	chr16	53560083	53560494	LTR/ERV1	2945	+	206	53560289	40297
chr16	53519992	53719992	harbor2	chr16	53569194	53569635	LTR/ERV1	3854	+	220	53569414	49422
chr16	53519992	53719992	harbor2	chr16	53569945	53570066	LTR/ERV1	3854	+	60	53570005	50013
chr16	53519992	53719992	harbor2	chr16	53572609	53573189	LTR/ERV1	2436	+	290	53572899	52907
chr16	64686632	64886632	harbor2	chr16	64747083	64747202	LTR/ERV1	674	+	60	64747143	60511
chr16	64686632	64886632	harbor2	chr16	64747196	64747476	LTR/ERV1	3179	+	140	64747336	60704
chr16	64686632	64886632	harbor2	chr16	64747838	64748089	LTR/ERV1	3179	+	126	64747964	61332
chr16	64686632	64886632	harbor2	chr16	64770039	64771637	LTR/ERV1	7718	+	799	64770838	84206
chr16	75088438	75288438	harbor2	chr16	75116948	75117367	LTR/ERV1	3926	+	210	75117158	28720
chr16	75088438	75288438	harbor2	chr16	75117659	75117760	LTR/ERV1	3926	+	50	75117709	29271
chr16	75088438	75288438	harbor2	chr16	75118052	75118211	LTR/ERV1	3926	+	80	75118132	29694
chr16	75088438	75288438	harbor2	chr16	75118499	75118696	LTR/ERV1	3926	+	98	75118597	30159
chr16	75088438	75288438	harbor2	chr16	75118776	75119198	LTR/ERV1	2780	+	211	75118987	30549
chr16	75088438	75288438	harbor2	chr16	75119200	75119791	LTR/ERV1	2884	+	296	75119496	31058
chr16	75088438	75288438	harbor2	chr16	75119760	75119851	LTR/ERV1	422	+	46	75119806	31368
chr16	75088438	75288438	harbor2	chr16	75120009	75120591	LTR/ERV1	7455	+	291	75120300	31862
chr16	75088438	75288438	harbor2	chr16	75120925	75121158	LTR/ERV1	7455	+	116	75121041	32603
chr16	75088438	75288438	harbor2	chr16	75121424	75122025	LTR/ERV1	7455	+	300	75121724	33286
chr16	75088438	75288438	harbor2	chr16	75122602	75122669	LTR/ERV1	446	+	34	75122636	34198
chr16	75088438	75288438	harbor2	chr16	75122905	75123069	LTR/ERV1	706	+	82	75122987	34549
chr16	75088438	75288438	harbor2	chr16	75123778	75123810	LTR/ERV1	1027	+	16	75123794	35356
chr16	75088438	75288438	harbor2	chr16	75124120	75124167	LTR/ERV1	1027	+	24	75124144	35706
chr16	75088438	75288438	harbor2	chr16	75124459	75124501	LTR/ERV1	1027	+	21	75124480	36042
chr16	75088438	75288438	harbor2	chr16	75124803	75124975	LTR/ERV1	1027	+	86	75124889	36451
chr16	75088438	75288438	harbor2	chr16	75125622	75125760	LTR/ERV1	1003	+	69	75125691	37253
chr16	75088438	75288438	harbor2	chr16	75126071	75126136	LTR/ERV1	1003	+	32	75126103	37665
chr16	75088438	75288438	harbor2	chr16	75126704	75127253	LTR/ERV1	11948	+	274	75126978	38540
chr16	75088438	75288438	harbor2	chr16	75127621	75128780	LTR/ERV1	11948	+	580	75128201	39763
chr16	75088438	75288438	harbor2	chr16	75129090	75129372	LTR/ERV1	11948	+	141	75129231	40793
chr16	75088438	75288438	harbor2	chr16	75129383	75129829	LTR/ERV1	3126	+	223	75129606	41168
chr16	75088438	75288438	harbor2	chr16	75141505	75141597	LTR/ERV1	498	+	46	75141551	53113
chr16	75088438	75288438	harbor2	chr16	75142392	75142708	LTR/ERV1	1516	+	158	75142550	54112
chr16	75088438	75288438	harbor2	chr16	75143002	75143059	LTR/ERV1	1516	+	28	75143030	54592
chr16	75088438	75288438	harbor2	chr16	75145380	75146123	LTR/ERV1	4481	+	372	75145752	57314
chr16	52878735	53078735	harbor2	chr16	52889617	52890089	LTR/ERV1	943	+	236	52889853	11118
chr16	52878735	53078735	harbor2	chr16	52892030	52893796	LTR/ERV1	6367	+	883	52892913	14178
chr16	52878735	53078735	harbor2	chr16	52893846	52894671	LTR/ERV1	6367	+	412	52894258	15523
chr16	52878735	53078735	harbor2	chr16	52894793	52894838	LTR/ERV1	6367	+	22	52894815	16080
chr16	52878735	53078735	harbor2	chr16	52895212	52895398	LTR/ERV1	772	+	93	52895305	16570
chr16	52878735	53078735	harbor2	chr16	52895882	52896807	LTR/ERV1	2408	+	462	52896344	17609
chr16	52878735	53078735	harbor2	chr16	52896815	52897153	LTR/ERV1	1578	+	169	52896984	18249
chr16	52878735	53078735	harbor2	chr16	52913953	52914759	LTR/ERV1	4921	+	403	52914356	35621
chr16	21024074	21224074	harbor2	chr16	21073522	21074151	LTR/ERV1	2979	+	314	21073836	49762
chr16	21024074	21224074	harbor2	chr16	21076454	21076869	LTR/ERV1	1301	+	208	21076662	52588
chr16	53287027	53487027	harbor2	chr16	53339000	53339137	LTR/ERV1	474	+	68	53339068	52041
chr16	53287027	53487027	harbor2	chr16	53342059	53342784	LTR/ERV1	3594	+	362	53342421	55394
chr16	78412161	78612161	harbor2	chr16	78413893	78414334	LTR/ERV1	2490	+	220	78414113	1952
chr16	87087078	87287078	harbor2	chr16	87087529	87087616	LTR/ERV1	422	+	44	87087573	495
chr16	87087078	87287078	harbor2	chr16	87088502	87089266	LTR/ERV1	4222	+	382	87088884	1806
chr16	87087078	87287078	harbor2	chr16	87111761	87112332	LTR/ERV1	2802	+	286	87112047	24969
chr16	73948379	74148379	harbor2	chr16	73977516	73977674	LTR/ERV1	3596	+	79	73977595	29216
chr16	73948379	74148379	harbor2	chr16	73977722	73978036	LTR/ERV1	3596	+	157	73977879	29500
chr16	73948379	74148379	harbor2	chr16	73978318	73978540	LTR/ERV1	3596	+	111	73978429	30050
chr16	31974389	32174389	harbor2	chr16	32017699	32018183	LTR/ERV1	2861	+	242	32017941	43552
chr16	31974389	32174389	harbor2	chr16	32040365	32040653	LTR/ERV1	576	+	144	32040509	66120
chr16	31974389	32174389	harbor2	chr16	32040840	32041063	LTR/ERV1	966	+	112	32040952	66563
chr16	31974389	32174389	harbor2	chr16	32041066	32041989	LTR/ERV1	9555	+	462	32041528	67139
chr16	31974389	32174389	harbor2	chr16	32042052	32043084	LTR/ERV1	9555	+	516	32042568	68179
chr16	31974389	32174389	harbor2	chr16	32043362	32045574	LTR/ERV1	9555	+	1106	32044468	70079
chr16	31974389	32174389	harbor2	chr16	32045943	32045984	LTR/ERV1	9555	+	20	32045963	71574
chr16	31974389	32174389	harbor2	chr16	32045986	32046048	LTR/ERV1	1528	+	31	32046017	71628
chr16	31974389	32174389	harbor2	chr16	32046049	32046814	LTR/ERV1	3310	+	382	32046431	72042
chr16	31974389	32174389	harbor2	chr16	32047453	32047725	LTR/ERV1	941	+	136	32047589	73200
chr16	31974389	32174389	harbor2	chr16	32049926	32050525	LTR/ERV1	2640	+	300	32050226	75837
chr16	31974389	32174389	harbor2	chr16	32053226	32053539	LTR/ERV1	1205	+	156	32053382	78993
chr16	31974389	32174389	harbor2	chr16	32046815	32047214	LTR/ERV1	2060	+	200	32047015	72626
chr16	73688791	73888791	harbor2	chr16	73753196	73753743	LTR/ERV1	3345	+	274	73753470	64679
chr16	62980467	63180467	harbor2	chr16	62988067	62988549	LTR/ERV1	1440	+	241	62988308	7841
chr16	62980467	63180467	harbor2	chr16	63000833	63000964	LTR/ERV1	933	+	66	63000899	20432
chr16	62980467	63180467	harbor2	chr16	63033301	63034024	LTR/ERV1	3952	+	362	63033663	53196
chr16	76655957	76855957	harbor2	chr16	76679292	76679781	LTR/ERV1	1151	+	244	76679536	23579
chr16	76655957	76855957	harbor2	chr16	76683704	76684067	LTR/ERV1	741	+	182	76683886	27929
chr16	76655957	76855957	harbor2	chr16	76747272	76747454	LTR/ERV1	465	+	91	76747363	91406
chr16	76655957	76855957	harbor2	chr16	76677067	76677508	LTR/ERV1	933	+	220	76677287	21330
chr16	83180032	83380032	harbor2	chr16	83213744	83214155	LTR/ERV1	2489	+	206	83213950	33918
chr16	23273193	23473193	harbor2	chr16	23282568	23283046	LTR/ERV1	3058	+	239	23282807	9614
chr16	71515898	71715898	harbor2	chr16	71563977	71564501	LTR/ERV1	2413	+	262	71564239	48341
chr16	71515898	71715898	harbor2	chr16	71609203	71609432	LTR/ERV1	1383	+	114	71609317	93419
chr16	71515898	71715898	harbor2	chr16	71609553	71609759	LTR/ERV1	1197	+	103	71609656	93758
chr16	71515898	71715898	harbor2	chr16	71610055	71610208	LTR/ERV1	1197	+	76	71610131	94233
chr16	71515898	71715898	harbor2	chr16	71611808	71612164	LTR/ERV1	1372	+	178	71611986	96088
chr16	71515898	71715898	harbor2	chr16	71612476	71612510	LTR/ERV1	1372	+	17	71612493	96595
chr16	71515898	71715898	harbor2	chr16	71548341	71548974	LTR/ERV1	4679	+	316	71548657	32759
chr17	75504135	75704135	harbor2	chr17	75580825	75581711	LTR/ERV1	5179	+	443	75581268	77133
chr17	75504135	75704135	harbor2	chr17	75581717	75581756	LTR/ERV1	859	+	20	75581737	77602
chr17	75504135	75704135	harbor2	chr17	75582051	75582212	LTR/ERV1	859	+	80	75582131	77996
chr17	75504135	75704135	harbor2	chr17	75582509	75582555	LTR/ERV1	859	+	23	75582532	78397
chr17	64733458	64933458	harbor2	chr17	64830611	64831436	LTR/ERV1	4908	+	412	64831023	97565
chr17	64396792	64596792	harbor2	chr17	64406857	64407347	LTR/ERV1	3006	+	245	64407102	10310
chr17	64396792	64596792	harbor2	chr17	64408576	64408706	LTR/ERV1	697	+	65	64408641	11849
chr17	64396792	64596792	harbor2	chr17	64421422	64421844	LTR/ERV1	3231	+	211	64421633	24841
chr17	64396792	64596792	harbor2	chr17	64422100	64422117	LTR/ERV1	3231	+	8	64422108	25316
chr17	64396792	64596792	harbor2	chr17	64422436	64422577	LTR/ERV1	3231	+	70	64422506	25714
chr17	64396792	64596792	harbor2	chr17	64422580	64422876	LTR/ERV1	1854	+	148	64422728	25936
chr17	64396792	64596792	harbor2	chr17	64422876	64422963	LTR/ERV1	901	+	44	64422920	26128
chr17	64396792	64596792	harbor2	chr17	64423279	64423330	LTR/ERV1	901	+	26	64423305	26513
chr17	64396792	64596792	harbor2	chr17	64423331	64423500	LTR/ERV1	4919	+	84	64423415	26623
chr17	64396792	64596792	harbor2	chr17	64423812	64424331	LTR/ERV1	4919	+	260	64424072	27280
chr17	64396792	64596792	harbor2	chr17	64424332	64424385	LTR/ERV1	901	+	26	64424358	27566
chr17	64396792	64596792	harbor2	chr17	64426448	64427106	LTR/ERV1	2980	+	329	64426777	29985
chr17	64396792	64596792	harbor2	chr17	64432051	64432601	LTR/ERV1	8774	+	275	64432326	35534
chr17	64396792	64596792	harbor2	chr17	64432893	64433402	LTR/ERV1	8774	+	254	64433147	36355
chr17	64396792	64596792	harbor2	chr17	64433772	64434486	LTR/ERV1	8774	+	357	64434129	37337
chr17	64396792	64596792	harbor2	chr17	64434801	64435228	LTR/ERV1	8774	+	214	64435015	38223
chr17	64396792	64596792	harbor2	chr17	64435512	64435707	LTR/ERV1	8774	+	98	64435610	38818
chr17	64396792	64596792	harbor2	chr17	64436064	64436103	LTR/ERV1	6710	+	20	64436084	39292
chr17	64396792	64596792	harbor2	chr17	64436411	64436712	LTR/ERV1	6710	+	150	64436561	39769
chr17	64396792	64596792	harbor2	chr17	64437015	64437256	LTR/ERV1	4761	+	120	64437135	40343
chr17	64396792	64596792	harbor2	chr17	64437259	64437670	LTR/ERV1	2614	+	206	64437465	40673
chr17	64396792	64596792	harbor2	chr17	64437669	64437924	LTR/ERV1	1243	+	128	64437797	41005
chr17	75354192	75554192	harbor2	chr17	75376538	75376710	LTR/ERV1	845	+	86	75376624	22432
chr17	75354192	75554192	harbor2	chr17	75377939	75378085	LTR/ERV1	770	+	73	75378012	23820
chr17	62727831	62927831	harbor2	chr17	62777213	62777442	LTR/ERV1	2451	+	114	62777327	49496
chr17	62727831	62927831	harbor2	chr17	62777744	62777972	LTR/ERV1	2429	+	114	62777858	50027
chr17	34234218	34434218	harbor2	chr17	34316698	34316804	LTR/ERV1	515	+	53	34316751	82533
chr17	47534150	47734150	harbor2	chr17	47561661	47561953	LTR/ERV1	1623	+	146	47561807	27657
chr17	47534150	47734150	harbor2	chr17	47580532	47581041	LTR/ERV1	1797	+	254	47580786	46636
chr17	37304798	37504798	harbor2	chr17	37332949	37336355	LTR/ERV1	28681	+	1703	37334652	29854
chr17	37304798	37504798	harbor2	chr17	37336356	37336681	LTR/ERV1	2701	+	162	37336518	31720
chr17	37304798	37504798	harbor2	chr17	37322445	37323295	LTR/ERV1	4899	+	425	37322870	18072
chr17	77593117	77793117	harbor2	chr17	77616474	77616911	LTR/ERV1	4104	+	218	77616692	23575
chr17	77593117	77793117	harbor2	chr17	77617213	77617336	LTR/ERV1	4104	+	62	77617275	24158
chr17	77593117	77793117	harbor2	chr17	77619459	77619772	LTR/ERV1	1754	+	156	77619615	26498
chr17	77593117	77793117	harbor2	chr17	77621336	77621673	LTR/ERV1	2084	+	168	77621504	28387
chr17	77593117	77793117	harbor2	chr17	77622048	77622131	LTR/ERV1	2084	+	42	77622090	28973
chr17	77593117	77793117	harbor2	chr17	77622431	77622535	LTR/ERV1	2084	+	52	77622483	29366
chr17	77593117	77793117	harbor2	chr17	77686623	77687052	LTR/ERV1	2059	+	214	77686837	93720
chr17	77620535	77820535	harbor2	chr17	77621336	77621673	LTR/ERV1	2084	+	168	77621504	969
chr17	77620535	77820535	harbor2	chr17	77622048	77622131	LTR/ERV1	2084	+	42	77622090	1555
chr17	77620535	77820535	harbor2	chr17	77622431	77622535	LTR/ERV1	2084	+	52	77622483	1948
chr17	77620535	77820535	harbor2	chr17	77686623	77687052	LTR/ERV1	2059	+	214	77686837	66302
chr17	77620535	77820535	harbor2	chr17	77701875	77702034	LTR/ERV1	2454	+	80	77701955	81420
chr17	77620535	77820535	harbor2	chr17	77702409	77702760	LTR/ERV1	2454	+	176	77702585	82050
chr17	51588346	51788346	harbor2	chr17	51600000	51600574	LTR/ERV1	3163	+	287	51600287	11941
chr17	51588346	51788346	harbor2	chr17	51604357	51604629	LTR/ERV1	1291	+	136	51604493	16147
chr17	51588346	51788346	harbor2	chr17	51668600	51669762	LTR/ERV1	6799	+	581	51669181	80835
chr17	51588346	51788346	harbor2	chr17	51669764	51669853	LTR/ERV1	722	+	44	51669808	81462
chr17	82474370	82674370	harbor2	chr17	82507500	82507971	LTR/ERV1	1963	+	236	82507736	33366
chr17	76834271	77034271	harbor2	chr17	76858171	76858473	LTR/ERV1	2781	+	151	76858322	24051
chr17	76834271	77034271	harbor2	chr17	76858787	76859059	LTR/ERV1	2781	+	136	76858923	24652
chr17	76834271	77034271	harbor2	chr17	76860400	76860893	LTR/ERV1	2500	+	246	76860646	26375
chr17	77103472	77303472	harbor2	chr17	77163186	77163471	LTR/ERV1	968	+	142	77163328	59856
chr17	77103472	77303472	harbor2	chr17	77163740	77163896	LTR/ERV1	741	+	78	77163818	60346
chr17	76760535	76960535	harbor2	chr17	76787671	76787995	LTR/ERV1	1495	+	162	76787833	27298
chr17	76760535	76960535	harbor2	chr17	76789726	76789900	LTR/ERV1	996	+	87	76789813	29278
chr17	76760535	76960535	harbor2	chr17	76802771	76802938	LTR/ERV1	924	+	84	76802855	42320
chr17	76760535	76960535	harbor2	chr17	76803209	76803910	LTR/ERV1	4557	+	350	76803559	43024
chr17	76760535	76960535	harbor2	chr17	76804117	76804154	LTR/ERV1	789	+	18	76804135	43600
chr17	76760535	76960535	harbor2	chr17	76804458	76804564	LTR/ERV1	789	+	53	76804511	43976
chr17	76760535	76960535	harbor2	chr17	76805948	76807489	LTR/ERV1	10935	+	770	76806718	46183
chr17	76760535	76960535	harbor2	chr17	76807980	76808069	LTR/ERV1	1183	+	44	76808024	47489
chr17	76760535	76960535	harbor2	chr17	76808362	76808542	LTR/ERV1	1183	+	90	76808452	47917
chr17	76760535	76960535	harbor2	chr17	76808962	76809032	LTR/ERV1	883	+	35	76808997	48462
chr17	76760535	76960535	harbor2	chr17	76809646	76809743	LTR/ERV1	883	+	48	76809694	49159
chr17	76760535	76960535	harbor2	chr17	76810049	76810185	LTR/ERV1	883	+	68	76810117	49582
chr17	76760535	76960535	harbor2	chr17	76858171	76858473	LTR/ERV1	2781	+	151	76858322	97787
chr17	76760535	76960535	harbor2	chr17	76858787	76859059	LTR/ERV1	2781	+	136	76858923	98388
chr17	80866588	81066588	harbor2	chr17	80914119	80916662	LTR/ERV1	6418	+	1272	80915391	48803
chr17	78317100	78517100	harbor2	chr17	78373683	78373753	LTR/ERV1	3536	+	35	78373718	56618
chr17	78317100	78517100	harbor2	chr17	78374054	78374717	LTR/ERV1	3536	+	332	78374386	57286
chr17	80750530	80950530	harbor2	chr17	80804411	80804602	LTR/ERV1	863	+	96	80804507	53977
chr17	79966667	80166667	harbor2	chr17	80045730	80046122	LTR/ERV1	2023	+	196	80045926	79259
chr17	69570299	69770299	harbor2	chr17	69595613	69596496	LTR/ERV1	4862	+	442	69596055	25756
chr17	69570299	69770299	harbor2	chr17	69606425	69606802	LTR/ERV1	1648	+	188	69606613	36314
chr17	82403661	82603661	harbor2	chr17	82451575	82451756	LTR/ERV1	4325	+	90	82451665	48004
chr17	82403661	82603661	harbor2	chr17	82452067	82452721	LTR/ERV1	4325	+	327	82452394	48733
chr17	82403661	82603661	harbor2	chr17	82455835	82455870	LTR/ERV1	3586	+	18	82455853	52192
chr17	82403661	82603661	harbor2	chr17	82456170	82456726	LTR/ERV1	3586	+	278	82456448	52787
chr17	82403661	82603661	harbor2	chr17	82457038	82457193	LTR/ERV1	3586	+	78	82457116	53455
chr17	77071718	77271718	harbor2	chr17	77163186	77163471	LTR/ERV1	968	+	142	77163328	91610
chr17	77071718	77271718	harbor2	chr17	77163740	77163896	LTR/ERV1	741	+	78	77163818	92100
chr17	43326201	43526201	harbor2	chr17	43371969	43372203	LTR/ERV1	4171	+	117	43372086	45885
chr17	43326201	43526201	harbor2	chr17	43373445	43373840	LTR/ERV1	4171	+	198	43373643	47442
chr17	43326201	43526201	harbor2	chr17	43379804	43380096	LTR/ERV1	1580	+	146	43379950	53749
chr17	43326201	43526201	harbor2	chr17	43380251	43380535	LTR/ERV1	1628	+	142	43380393	54192
chr17	77433200	77633200	harbor2	chr17	77520752	77521332	LTR/ERV1	2012	+	290	77521042	87842
chr17	77433200	77633200	harbor2	chr17	77521713	77521845	LTR/ERV1	3583	+	66	77521779	88579
chr17	77433200	77633200	harbor2	chr17	77522149	77522445	LTR/ERV1	3583	+	148	77522297	89097
chr17	77433200	77633200	harbor2	chr17	77522918	77523102	LTR/ERV1	3583	+	92	77523010	89810
chr17	79630539	79830539	harbor2	chr17	79696529	79697275	LTR/ERV1	4411	+	373	79696902	66363
chr17	80793881	80993881	harbor2	chr17	80804411	80804602	LTR/ERV1	863	+	96	80804507	10626
chr17	59228891	59428891	harbor2	chr17	59298535	59299014	LTR/ERV1	2873	+	240	59298775	69884
chr17	79351217	79551217	harbor2	chr17	79446431	79446984	LTR/ERV1	2307	+	276	79446707	95490
chr17	35254117	35454117	harbor2	chr17	35297637	35298074	LTR/ERV1	3162	+	218	35297855	43738
chr17	35254117	35454117	harbor2	chr17	35298075	35298368	LTR/ERV1	16895	+	146	35298221	44104
chr17	35254117	35454117	harbor2	chr17	35298424	35300398	LTR/ERV1	16895	+	987	35299411	45294
chr17	35254117	35454117	harbor2	chr17	35300704	35300844	LTR/ERV1	1148	+	70	35300774	46657
chr17	35254117	35454117	harbor2	chr17	35304258	35305670	LTR/ERV1	10898	+	706	35304964	50847
chr17	35254117	35454117	harbor2	chr17	35305664	35306693	LTR/ERV1	7381	+	514	35306178	52061
chr17	35254117	35454117	harbor2	chr17	35306697	35307396	LTR/ERV1	5683	+	350	35307047	52930
chr17	35254117	35454117	harbor2	chr17	35321723	35321971	LTR/ERV1	1814	+	124	35321847	67730
chr17	35254117	35454117	harbor2	chr17	35322007	35322433	LTR/ERV1	2029	+	213	35322220	68103
chr17	35254117	35454117	harbor2	chr17	35322437	35323060	LTR/ERV1	3923	+	312	35322749	68632
chr17	35254117	35454117	harbor2	chr17	35324366	35324451	LTR/ERV1	622	+	42	35324408	70291
chr17	35254117	35454117	harbor2	chr17	35324451	35324541	LTR/ERV1	666	+	45	35324496	70379
chr17	35254117	35454117	harbor2	chr17	35324542	35324983	LTR/ERV1	2658	+	220	35324762	70645
chr17	9262632	9462632	harbor2	chr17	9307666	9307995	LTR/ERV1	1377	+	164	9307830	45198
chr17	9262632	9462632	harbor2	chr17	9315181	9315733	LTR/ERV1	1989	+	276	9315457	52825
chr17	9262632	9462632	harbor2	chr17	9316035	9316087	LTR/ERV1	1989	+	26	9316061	53429
chr17	9262632	9462632	harbor2	chr17	9334846	9335363	LTR/ERV1	3178	+	258	9335104	72472
chr17	73828804	74028804	harbor2	chr17	73859320	73859823	LTR/ERV1	3574	+	252	73859572	30768
chr17	70979984	71179984	harbor2	chr17	70980024	70980369	LTR/ERV1	1141	+	172	70980196	212
chr17	70979984	71179984	harbor2	chr17	70987030	70987531	LTR/ERV1	1116	+	250	70987280	7296
chr17	70979984	71179984	harbor2	chr17	71030766	71031274	LTR/ERV1	2822	+	254	71031020	51036
chr17	70979984	71179984	harbor2	chr17	71031914	71032083	LTR/ERV1	979	+	84	71031998	52014
chr17	44309104	44509104	harbor2	chr17	44368640	44370209	LTR/ERV1	11638	+	784	44369424	60320
chr17	53511252	53711252	harbor2	chr17	53607381	53607981	LTR/ERV1	3386	+	300	53607681	96429
chr17	53511252	53711252	harbor2	chr17	53609537	53610017	LTR/ERV1	1927	+	240	53609777	98525
chr17	53511252	53711252	harbor2	chr17	53610657	53611166	LTR/ERV1	3490	+	254	53610911	99659
chr17	53511252	53711252	harbor2	chr17	53608086	53608641	LTR/ERV1	2785	+	278	53608364	97112
chr17	45855500	46055500	harbor2	chr17	45867960	45868643	LTR/ERV1	4947	+	342	45868302	12802
chr17	45570687	45770687	harbor2	chr17	45576625	45577208	LTR/ERV1	4809	+	292	45576917	6230
chr17	52958646	53158646	harbor2	chr17	52987896	52988236	LTR/ERV1	1934	+	170	52988066	29420
chr17	52958646	53158646	harbor2	chr17	53050352	53050451	LTR/ERV1	533	+	50	53050402	91756
chr17	73944461	74144461	harbor2	chr17	73974628	73975019	LTR/ERV1	4098	+	196	73974824	30363
chr17	73944461	74144461	harbor2	chr17	73975645	73975870	LTR/ERV1	4098	+	112	73975757	31296
chr17	73944461	74144461	harbor2	chr17	73978043	73978592	LTR/ERV1	3919	+	274	73978317	33856
chr17	82487145	82687145	harbor2	chr17	82507500	82507971	LTR/ERV1	1963	+	236	82507736	20591
chr17	46731429	46931429	harbor2	chr17	46804688	46805128	LTR/ERV1	2665	+	220	46804908	73479
chr17	65419756	65619756	harbor2	chr17	65460650	65460678	LTR/ERV1	541	+	14	65460664	40908
chr17	65419756	65619756	harbor2	chr17	65460984	65461147	LTR/ERV1	541	+	82	65461066	41310
chr17	56826994	57026994	harbor2	chr17	56831791	56831870	LTR/ERV1	564	+	40	56831831	4837
chr17	56826994	57026994	harbor2	chr17	56831871	56831942	LTR/ERV1	2084	+	36	56831907	4913
chr17	56826994	57026994	harbor2	chr17	56832246	56832821	LTR/ERV1	2084	+	288	56832534	5540
chr17	56826994	57026994	harbor2	chr17	56871280	56871394	LTR/ERV1	736	+	57	56871337	44343
chr17	56826994	57026994	harbor2	chr17	56924092	56924777	LTR/ERV1	2265	+	342	56924434	97440
chr17	56826994	57026994	harbor2	chr17	56925170	56925579	LTR/ERV1	3032	+	204	56925374	98380
chr17	56826994	57026994	harbor2	chr17	56925889	56925937	LTR/ERV1	3032	+	24	56925913	98919
chr17	56826994	57026994	harbor2	chr17	56925941	56926379	LTR/ERV1	3009	+	219	56926160	99166
chr17	35379360	35579360	harbor2	chr17	35381612	35382070	LTR/ERV1	3848	+	229	35381841	2481
chr17	74216489	74416489	harbor2	chr17	74267020	74267555	LTR/ERV1	2743	+	268	74267288	50799
chr17	73842588	74042588	harbor2	chr17	73859320	73859823	LTR/ERV1	3574	+	252	73859572	16984
chr17	67269928	67469928	harbor2	chr17	67278518	67279142	LTR/ERV1	4745	+	312	67278830	8902
chr17	67269928	67469928	harbor2	chr17	67279143	67279569	LTR/ERV1	2763	+	213	67279356	9428
chr17	67269928	67469928	harbor2	chr17	67294578	67296138	LTR/ERV1	11133	+	780	67295358	25430
chr17	67269928	67469928	harbor2	chr17	67315210	67315444	LTR/ERV1	564	+	117	67315327	45399
chr17	67269928	67469928	harbor2	chr17	67321624	67321649	LTR/ERV1	3184	+	12	67321636	51708
chr17	67269928	67469928	harbor2	chr17	67321951	67322576	LTR/ERV1	3184	+	312	67322263	52335
chr17	67269928	67469928	harbor2	chr17	67324939	67325178	LTR/ERV1	1619	+	120	67325059	55131
chr17	67269928	67469928	harbor2	chr17	67328338	67328797	LTR/ERV1	3770	+	230	67328568	58640
chr17	67269928	67469928	harbor2	chr17	67333998	67334456	LTR/ERV1	4516	+	229	67334227	64299
chr17	67269928	67469928	harbor2	chr17	67334783	67335010	LTR/ERV1	4516	+	114	67334897	64969
chr17	82064868	82264868	harbor2	chr17	82066493	82066656	LTR/ERV1	2439	+	82	82066575	1707
chr17	82064868	82264868	harbor2	chr17	82066893	82067008	LTR/ERV1	2439	+	58	82066951	2083
chr17	82064868	82264868	harbor2	chr17	82137358	82137673	LTR/ERV1	1445	+	158	82137516	72648
chr17	82064868	82264868	harbor2	chr17	82137972	82138079	LTR/ERV1	1445	+	54	82138026	73158
chr17	82064868	82264868	harbor2	chr17	82139044	82139347	LTR/ERV1	2407	+	152	82139196	74328
chr17	82064868	82264868	harbor2	chr17	82139656	82140079	LTR/ERV1	2407	+	212	82139868	75000
chr17	82064868	82264868	harbor2	chr17	82140524	82140956	LTR/ERV1	1843	+	216	82140740	75872
chr17	82064868	82264868	harbor2	chr17	82141482	82141661	LTR/ERV1	811	+	90	82141572	76704
chr17	82064868	82264868	harbor2	chr17	82141828	82142188	LTR/ERV1	747	+	180	82142008	77140
chr17	82064868	82264868	harbor2	chr17	82067295	82067486	LTR/ERV1	2439	+	96	82067391	2523
chr17	79347960	79547960	harbor2	chr17	79446431	79446984	LTR/ERV1	2307	+	276	79446707	98747
chr17	78462222	78662222	harbor2	chr17	78508123	78508608	LTR/ERV1	1976	+	242	78508365	46143
chr17	78462222	78662222	harbor2	chr17	78512467	78512659	LTR/ERV1	1471	+	96	78512563	50341
chr17	78462222	78662222	harbor2	chr17	78512968	78513053	LTR/ERV1	1471	+	42	78513010	50788
chr17	78462222	78662222	harbor2	chr17	78513056	78513435	LTR/ERV1	2383	+	190	78513246	51024
chr17	78462222	78662222	harbor2	chr17	78513735	78513833	LTR/ERV1	537	+	49	78513784	51562
chr17	70347428	70547428	harbor2	chr17	70351767	70352561	LTR/ERV1	4914	+	397	70352164	4736
chr17	82063526	82263526	harbor2	chr17	82066493	82066656	LTR/ERV1	2439	+	82	82066575	3049
chr17	82063526	82263526	harbor2	chr17	82066893	82067008	LTR/ERV1	2439	+	58	82066951	3425
chr17	82063526	82263526	harbor2	chr17	82137358	82137673	LTR/ERV1	1445	+	158	82137516	73990
chr17	82063526	82263526	harbor2	chr17	82137972	82138079	LTR/ERV1	1445	+	54	82138026	74500
chr17	82063526	82263526	harbor2	chr17	82139044	82139347	LTR/ERV1	2407	+	152	82139196	75670
chr17	82063526	82263526	harbor2	chr17	82139656	82140079	LTR/ERV1	2407	+	212	82139868	76342
chr17	82063526	82263526	harbor2	chr17	82140524	82140956	LTR/ERV1	1843	+	216	82140740	77214
chr17	82063526	82263526	harbor2	chr17	82141482	82141661	LTR/ERV1	811	+	90	82141572	78046
chr17	82063526	82263526	harbor2	chr17	82141828	82142188	LTR/ERV1	747	+	180	82142008	78482
chr17	82063526	82263526	harbor2	chr17	82067295	82067486	LTR/ERV1	2439	+	96	82067391	3865
chr17	38973015	39173015	harbor2	chr17	39011630	39012479	LTR/ERV1	4446	+	424	39012054	39039
chr17	38973015	39173015	harbor2	chr17	39014173	39014879	LTR/ERV1	4351	+	353	39014526	41511
chr17	38973015	39173015	harbor2	chr17	39021037	39021358	LTR/ERV1	2083	+	160	39021197	48182
chr17	38973015	39173015	harbor2	chr17	39046748	39047258	LTR/ERV1	2180	+	255	39047003	73988
chr17	38973015	39173015	harbor2	chr17	39054225	39054539	LTR/ERV1	2807	+	157	39054382	81367
chr17	38973015	39173015	harbor2	chr17	39055684	39055706	LTR/ERV1	2807	+	11	39055695	82680
chr17	38973015	39173015	harbor2	chr17	39056006	39056393	LTR/ERV1	2807	+	194	39056200	83185
chr17	38973015	39173015	harbor2	chr17	39061679	39062250	LTR/ERV1	4435	+	286	39061965	88950
chr17	38973015	39173015	harbor2	chr17	39062560	39062727	LTR/ERV1	4435	+	84	39062644	89629
chr17	67280404	67480404	harbor2	chr17	67294578	67296138	LTR/ERV1	11133	+	780	67295358	14954
chr17	67280404	67480404	harbor2	chr17	67315210	67315444	LTR/ERV1	564	+	117	67315327	34923
chr17	67280404	67480404	harbor2	chr17	67321624	67321649	LTR/ERV1	3184	+	12	67321636	41232
chr17	67280404	67480404	harbor2	chr17	67321951	67322576	LTR/ERV1	3184	+	312	67322263	41859
chr17	67280404	67480404	harbor2	chr17	67324939	67325178	LTR/ERV1	1619	+	120	67325059	44655
chr17	67280404	67480404	harbor2	chr17	67328338	67328797	LTR/ERV1	3770	+	230	67328568	48164
chr17	67280404	67480404	harbor2	chr17	67333998	67334456	LTR/ERV1	4516	+	229	67334227	53823
chr17	67280404	67480404	harbor2	chr17	67334783	67335010	LTR/ERV1	4516	+	114	67334897	54493
chr17	73115608	73315608	harbor2	chr17	73145710	73146227	LTR/ERV1	2420	+	258	73145968	30360
chr17	73115608	73315608	harbor2	chr17	73146852	73147007	LTR/ERV1	806	+	78	73146930	31322
chr17	51248948	51448948	harbor2	chr17	51281348	51281491	LTR/ERV1	590	+	72	51281420	32472
chr17	51248948	51448948	harbor2	chr17	51302073	51302524	LTR/ERV1	3545	+	226	51302299	53351
chr17	51248948	51448948	harbor2	chr17	51302528	51303690	LTR/ERV1	5778	+	581	51303109	54161
chr17	51248948	51448948	harbor2	chr17	51303731	51303930	LTR/ERV1	5778	+	100	51303831	54883
chr17	51248948	51448948	harbor2	chr17	51304223	51304944	LTR/ERV1	5778	+	360	51304583	55635
chr17	51248948	51448948	harbor2	chr17	51311074	51311460	LTR/ERV1	2683	+	193	51311267	62319
chr17	51248948	51448948	harbor2	chr17	51312185	51312509	LTR/ERV1	4194	+	162	51312347	63399
chr17	51248948	51448948	harbor2	chr17	51312813	51312863	LTR/ERV1	4194	+	25	51312838	63890
chr17	51248948	51448948	harbor2	chr17	51313159	51313249	LTR/ERV1	4194	+	45	51313204	64256
chr17	51248948	51448948	harbor2	chr17	51313556	51313753	LTR/ERV1	4194	+	98	51313654	64706
chr17	51248948	51448948	harbor2	chr17	51314054	51314317	LTR/ERV1	4194	+	132	51314186	65238
chr17	51248948	51448948	harbor2	chr17	51314317	51314444	LTR/ERV1	16410	+	64	51314381	65433
chr17	51248948	51448948	harbor2	chr17	51314724	51314750	LTR/ERV1	16410	+	13	51314737	65789
chr17	51248948	51448948	harbor2	chr17	51315038	51315146	LTR/ERV1	16410	+	54	51315092	66144
chr17	51248948	51448948	harbor2	chr17	51315459	51317916	LTR/ERV1	16410	+	1228	51316687	67739
chr17	51248948	51448948	harbor2	chr17	51317918	51318326	LTR/ERV1	3253	+	204	51318122	69174
chr17	51248948	51448948	harbor2	chr17	51318633	51318674	LTR/ERV1	3253	+	20	51318653	69705
chr17	20648337	20848337	harbor2	chr17	20677523	20677962	LTR/ERV1	3309	+	220	20677743	29406
chr17	59512034	59712034	harbor2	chr17	59556949	59557004	LTR/ERV1	2590	+	28	59556977	44943
chr17	59512034	59712034	harbor2	chr17	59557292	59557677	LTR/ERV1	2590	+	192	59557484	45450
chr17	59512034	59712034	harbor2	chr17	59558091	59558528	LTR/ERV1	3033	+	218	59558309	46275
chr17	59512034	59712034	harbor2	chr17	59567240	59567644	LTR/ERV1	1999	+	202	59567442	55408
chr17	59512034	59712034	harbor2	chr17	59568255	59568279	LTR/ERV1	1999	+	12	59568267	56233
chr17	67681893	67881893	harbor2	chr17	67750624	67751707	LTR/ERV1	6860	+	542	67751166	69273
chr17	67681893	67881893	harbor2	chr17	67755165	67755311	LTR/ERV1	1531	+	73	67755238	73345
chr17	67681893	67881893	harbor2	chr17	67755312	67755664	LTR/ERV1	2673	+	176	67755488	73595
chr17	67681893	67881893	harbor2	chr17	67755968	67756349	LTR/ERV1	2673	+	190	67756158	74265
chr17	67681893	67881893	harbor2	chr17	67756350	67756649	LTR/ERV1	1531	+	150	67756500	74607
chr17	73773488	73973488	harbor2	chr17	73859320	73859823	LTR/ERV1	3574	+	252	73859572	86084
chr17	72760985	72960985	harbor2	chr17	72762083	72762715	LTR/ERV1	4945	+	316	72762399	1414
chr17	72760985	72960985	harbor2	chr17	72764878	72765553	LTR/ERV1	2790	+	338	72765216	4231
chr17	72760985	72960985	harbor2	chr17	72766734	72767197	LTR/ERV1	3124	+	232	72766966	5981
chr17	72760985	72960985	harbor2	chr17	72769416	72769540	LTR/ERV1	3227	+	62	72769478	8493
chr17	72760985	72960985	harbor2	chr17	72769820	72770178	LTR/ERV1	3227	+	179	72769999	9014
chr17	72760985	72960985	harbor2	chr17	72808273	72809074	LTR/ERV1	5011	+	400	72808673	47688
chr17	72760985	72960985	harbor2	chr17	72851501	72851876	LTR/ERV1	1564	+	188	72851689	90704
chr17	36052860	36252860	harbor2	chr17	36075651	36075848	LTR/ERV1	574	+	98	36075749	22889
chr17	36052860	36252860	harbor2	chr17	36111038	36111493	LTR/ERV1	2223	+	228	36111266	58406
chr17	36052860	36252860	harbor2	chr17	36116346	36116461	LTR/ERV1	801	+	58	36116404	63544
chr17	64411574	64611574	harbor2	chr17	64421422	64421844	LTR/ERV1	3231	+	211	64421633	10059
chr17	64411574	64611574	harbor2	chr17	64422100	64422117	LTR/ERV1	3231	+	8	64422108	10534
chr17	64411574	64611574	harbor2	chr17	64422436	64422577	LTR/ERV1	3231	+	70	64422506	10932
chr17	64411574	64611574	harbor2	chr17	64422580	64422876	LTR/ERV1	1854	+	148	64422728	11154
chr17	64411574	64611574	harbor2	chr17	64422876	64422963	LTR/ERV1	901	+	44	64422920	11346
chr17	64411574	64611574	harbor2	chr17	64423279	64423330	LTR/ERV1	901	+	26	64423305	11731
chr17	64411574	64611574	harbor2	chr17	64423331	64423500	LTR/ERV1	4919	+	84	64423415	11841
chr17	64411574	64611574	harbor2	chr17	64423812	64424331	LTR/ERV1	4919	+	260	64424072	12498
chr17	64411574	64611574	harbor2	chr17	64424332	64424385	LTR/ERV1	901	+	26	64424358	12784
chr17	64411574	64611574	harbor2	chr17	64426448	64427106	LTR/ERV1	2980	+	329	64426777	15203
chr17	64411574	64611574	harbor2	chr17	64432051	64432601	LTR/ERV1	8774	+	275	64432326	20752
chr17	64411574	64611574	harbor2	chr17	64432893	64433402	LTR/ERV1	8774	+	254	64433147	21573
chr17	64411574	64611574	harbor2	chr17	64433772	64434486	LTR/ERV1	8774	+	357	64434129	22555
chr17	64411574	64611574	harbor2	chr17	64434801	64435228	LTR/ERV1	8774	+	214	64435015	23441
chr17	64411574	64611574	harbor2	chr17	64435512	64435707	LTR/ERV1	8774	+	98	64435610	24036
chr17	64411574	64611574	harbor2	chr17	64436064	64436103	LTR/ERV1	6710	+	20	64436084	24510
chr17	64411574	64611574	harbor2	chr17	64436411	64436712	LTR/ERV1	6710	+	150	64436561	24987
chr17	64411574	64611574	harbor2	chr17	64437015	64437256	LTR/ERV1	4761	+	120	64437135	25561
chr17	64411574	64611574	harbor2	chr17	64437259	64437670	LTR/ERV1	2614	+	206	64437465	25891
chr17	64411574	64611574	harbor2	chr17	64437669	64437924	LTR/ERV1	1243	+	128	64437797	26223
chr17	40643156	40843156	harbor2	chr17	40674634	40675301	LTR/ERV1	3857	+	334	40674968	31812
chr17	40643156	40843156	harbor2	chr17	40697371	40697884	LTR/ERV1	2507	+	256	40697627	54471
chr17	54002434	54202434	harbor2	chr17	54017240	54017811	LTR/ERV1	2924	+	286	54017526	15092
chr17	54002434	54202434	harbor2	chr17	54057734	54058045	LTR/ERV1	1062	+	156	54057890	55456
chr17	54002434	54202434	harbor2	chr17	54097352	54097742	LTR/ERV1	1617	+	195	54097547	95113
chr17	37316079	37516079	harbor2	chr17	37332949	37336355	LTR/ERV1	28681	+	1703	37334652	18573
chr17	37316079	37516079	harbor2	chr17	37336356	37336681	LTR/ERV1	2701	+	162	37336518	20439
chr17	37316079	37516079	harbor2	chr17	37322445	37323295	LTR/ERV1	4899	+	425	37322870	6791
chr17	13411141	13611141	harbor2	chr17	13475687	13476489	LTR/ERV1	4926	+	401	13476088	64947
chr17	13411141	13611141	harbor2	chr17	13498284	13498924	LTR/ERV1	3843	+	320	13498604	87463
chr17	69162284	69362284	harbor2	chr17	69187021	69187556	LTR/ERV1	3297	+	268	69187289	25005
chr17	48024005	48224005	harbor2	chr17	48102999	48103578	LTR/ERV1	3442	+	290	48103289	79284
chr17	70069375	70269375	harbor2	chr17	70095223	70095676	LTR/ERV1	1826	+	226	70095449	26074
chr17	68105019	68305019	harbor2	chr17	68179674	68181122	LTR/ERV1	9439	+	724	68180398	75379
chr17	42457674	42657674	harbor2	chr17	42529850	42529960	LTR/ERV1	729	+	55	42529905	72231
chr17	42457674	42657674	harbor2	chr17	42530224	42530299	LTR/ERV1	729	+	38	42530262	72588
chr17	42457674	42657674	harbor2	chr17	42530578	42530736	LTR/ERV1	954	+	79	42530657	72983
chr17	40950820	41150820	harbor2	chr17	40986266	40986652	LTR/ERV1	2317	+	193	40986459	35639
chr17	71892499	72092499	harbor2	chr17	71915949	71916718	LTR/ERV1	5405	+	384	71916333	23834
chr17	71892499	72092499	harbor2	chr17	71949825	71950176	LTR/ERV1	2584	+	176	71950001	57502
chr17	71680333	71880333	harbor2	chr17	71739698	71740208	LTR/ERV1	2191	+	255	71739953	59620
chr17	59131980	59331980	harbor2	chr17	59172351	59173738	LTR/ERV1	9407	+	694	59173045	41065
chr17	52647184	52847184	harbor2	chr17	52659360	52659836	LTR/ERV1	2293	+	238	52659598	12414
chr17	52647184	52847184	harbor2	chr17	52709605	52710932	LTR/ERV1	5231	+	664	52710269	63085
chr17	82921146	83121146	harbor2	chr17	82981507	82981769	LTR/ERV1	1279	+	131	82981638	60492
chr17	76537788	76737788	harbor2	chr17	76620933	76621171	LTR/ERV1	2247	+	119	76621052	83264
chr17	76537788	76737788	harbor2	chr17	76621775	76621942	LTR/ERV1	2247	+	84	76621859	84071
chr17	73956592	74156592	harbor2	chr17	73974628	73975019	LTR/ERV1	4098	+	196	73974824	18232
chr17	73956592	74156592	harbor2	chr17	73975645	73975870	LTR/ERV1	4098	+	112	73975757	19165
chr17	73956592	74156592	harbor2	chr17	73978043	73978592	LTR/ERV1	3919	+	274	73978317	21725
chr17	71540782	71740782	harbor2	chr17	71577902	71578704	LTR/ERV1	3158	+	401	71578303	37521
chr17	71540782	71740782	harbor2	chr17	71580881	71581276	LTR/ERV1	2308	+	198	71581079	40297
chr17	72791413	72991413	harbor2	chr17	72808273	72809074	LTR/ERV1	5011	+	400	72808673	17260
chr17	72791413	72991413	harbor2	chr17	72851501	72851876	LTR/ERV1	1564	+	188	72851689	60276
chr17	72791413	72991413	harbor2	chr17	72867838	72868178	LTR/ERV1	1793	+	170	72868008	76595
chr17	72791413	72991413	harbor2	chr17	72872522	72872774	LTR/ERV1	1957	+	126	72872648	81235
chr17	72791413	72991413	harbor2	chr17	72873085	72873542	LTR/ERV1	1957	+	228	72873313	81900
chr17	72791413	72991413	harbor2	chr17	72876434	72876913	LTR/ERV1	3101	+	240	72876674	85261
chr17	72791413	72991413	harbor2	chr17	72879601	72880104	LTR/ERV1	1882	+	252	72879853	88440
chr17	72791413	72991413	harbor2	chr17	72875769	72876116	LTR/ERV1	1935	+	174	72875943	84530
chr17	35364082	35564082	harbor2	chr17	35381612	35382070	LTR/ERV1	3848	+	229	35381841	17759
chr17	82622227	82822227	harbor2	chr17	82636642	82637170	LTR/ERV1	3713	+	264	82636906	14679
chr17	82622227	82822227	harbor2	chr17	82653889	82654231	LTR/ERV1	792	+	171	82654060	31833
chr17	41608638	41808638	harbor2	chr17	41671949	41671999	LTR/ERV1	1110	+	25	41671974	63336
chr17	41608638	41808638	harbor2	chr17	41672308	41672583	LTR/ERV1	1110	+	138	41672446	63808
chr17	41608638	41808638	harbor2	chr17	41672718	41672743	LTR/ERV1	1110	+	12	41672730	64092
chr17	41608638	41808638	harbor2	chr17	41673048	41673066	LTR/ERV1	1110	+	9	41673057	64419
chr17	41608638	41808638	harbor2	chr17	41675224	41675426	LTR/ERV1	2788	+	101	41675325	66687
chr17	41608638	41808638	harbor2	chr17	41675732	41676059	LTR/ERV1	2788	+	164	41675896	67258
chr17	41608638	41808638	harbor2	chr17	41677844	41677957	LTR/ERV1	643	+	56	41677900	69262
chr17	41608638	41808638	harbor2	chr17	41678269	41678329	LTR/ERV1	643	+	30	41678299	69661
chr17	41608638	41808638	harbor2	chr17	41678325	41678495	LTR/ERV1	857	+	85	41678410	69772
chr17	41608638	41808638	harbor2	chr17	41678503	41678687	LTR/ERV1	710	+	92	41678595	69957
chr17	66967525	67167525	harbor2	chr17	67064670	67065020	LTR/ERV1	5482	+	175	67064845	97320
chr17	66967525	67167525	harbor2	chr17	67065321	67065733	LTR/ERV1	5482	+	206	67065527	98002
chr17	82504233	82704233	harbor2	chr17	82507500	82507971	LTR/ERV1	1963	+	236	82507736	3503
chr17	82563756	82763756	harbor2	chr17	82636642	82637170	LTR/ERV1	3713	+	264	82636906	73150
chr17	82563756	82763756	harbor2	chr17	82653889	82654231	LTR/ERV1	792	+	171	82654060	90304
chr17	64363021	64563021	harbor2	chr17	64392995	64393185	LTR/ERV1	945	+	95	64393090	30069
chr17	64363021	64563021	harbor2	chr17	64406857	64407347	LTR/ERV1	3006	+	245	64407102	44081
chr17	64363021	64563021	harbor2	chr17	64408576	64408706	LTR/ERV1	697	+	65	64408641	45620
chr17	64363021	64563021	harbor2	chr17	64421422	64421844	LTR/ERV1	3231	+	211	64421633	58612
chr17	64363021	64563021	harbor2	chr17	64422100	64422117	LTR/ERV1	3231	+	8	64422108	59087
chr17	64363021	64563021	harbor2	chr17	64422436	64422577	LTR/ERV1	3231	+	70	64422506	59485
chr17	64363021	64563021	harbor2	chr17	64422580	64422876	LTR/ERV1	1854	+	148	64422728	59707
chr17	64363021	64563021	harbor2	chr17	64422876	64422963	LTR/ERV1	901	+	44	64422920	59899
chr17	64363021	64563021	harbor2	chr17	64423279	64423330	LTR/ERV1	901	+	26	64423305	60284
chr17	64363021	64563021	harbor2	chr17	64423331	64423500	LTR/ERV1	4919	+	84	64423415	60394
chr17	64363021	64563021	harbor2	chr17	64423812	64424331	LTR/ERV1	4919	+	260	64424072	61051
chr17	64363021	64563021	harbor2	chr17	64424332	64424385	LTR/ERV1	901	+	26	64424358	61337
chr17	64363021	64563021	harbor2	chr17	64426448	64427106	LTR/ERV1	2980	+	329	64426777	63756
chr17	64363021	64563021	harbor2	chr17	64432051	64432601	LTR/ERV1	8774	+	275	64432326	69305
chr17	64363021	64563021	harbor2	chr17	64432893	64433402	LTR/ERV1	8774	+	254	64433147	70126
chr17	64363021	64563021	harbor2	chr17	64433772	64434486	LTR/ERV1	8774	+	357	64434129	71108
chr17	64363021	64563021	harbor2	chr17	64434801	64435228	LTR/ERV1	8774	+	214	64435015	71994
chr17	64363021	64563021	harbor2	chr17	64435512	64435707	LTR/ERV1	8774	+	98	64435610	72589
chr17	64363021	64563021	harbor2	chr17	64436064	64436103	LTR/ERV1	6710	+	20	64436084	73063
chr17	64363021	64563021	harbor2	chr17	64436411	64436712	LTR/ERV1	6710	+	150	64436561	73540
chr17	64363021	64563021	harbor2	chr17	64437015	64437256	LTR/ERV1	4761	+	120	64437135	74114
chr17	64363021	64563021	harbor2	chr17	64437259	64437670	LTR/ERV1	2614	+	206	64437465	74444
chr17	64363021	64563021	harbor2	chr17	64437669	64437924	LTR/ERV1	1243	+	128	64437797	74776
chr17	73127139	73327139	harbor2	chr17	73145710	73146227	LTR/ERV1	2420	+	258	73145968	18829
chr17	73127139	73327139	harbor2	chr17	73146852	73147007	LTR/ERV1	806	+	78	73146930	19791
chr17	50302361	50502361	harbor2	chr17	50308122	50308468	LTR/ERV1	2461	+	173	50308295	5934
chr17	50302361	50502361	harbor2	chr17	50308780	50308997	LTR/ERV1	2461	+	108	50308888	6527
chr17	50302361	50502361	harbor2	chr17	50309291	50309514	LTR/ERV1	766	+	112	50309403	7042
chr17	50302361	50502361	harbor2	chr17	50309689	50309821	LTR/ERV1	515	+	66	50309755	7394
chr17	50302361	50502361	harbor2	chr17	50323968	50324406	LTR/ERV1	990	+	219	50324187	21826
chr17	50302361	50502361	harbor2	chr17	50340678	50340779	LTR/ERV1	676	+	50	50340728	38367
chr17	75344412	75544412	harbor2	chr17	75347185	75347743	LTR/ERV1	3278	+	279	75347464	3052
chr17	75344412	75544412	harbor2	chr17	75376538	75376710	LTR/ERV1	845	+	86	75376624	32212
chr17	75344412	75544412	harbor2	chr17	75377939	75378085	LTR/ERV1	770	+	73	75378012	33600
chr17	79421133	79621133	harbor2	chr17	79446431	79446984	LTR/ERV1	2307	+	276	79446707	25574
chr17	46143862	46343862	harbor2	chr17	46239403	46239575	LTR/ERV1	2762	+	86	46239489	95627
chr17	46143862	46343862	harbor2	chr17	46239864	46240099	LTR/ERV1	2762	+	118	46239982	96120
chr17	46143862	46343862	harbor2	chr17	46240386	46240489	LTR/ERV1	2762	+	52	46240438	96576
chr17	51959180	52159180	harbor2	chr17	52035015	52035861	LTR/ERV1	5167	+	423	52035438	76258
chr17	72820192	73020192	harbor2	chr17	72851501	72851876	LTR/ERV1	1564	+	188	72851689	31497
chr17	72820192	73020192	harbor2	chr17	72867838	72868178	LTR/ERV1	1793	+	170	72868008	47816
chr17	72820192	73020192	harbor2	chr17	72872522	72872774	LTR/ERV1	1957	+	126	72872648	52456
chr17	72820192	73020192	harbor2	chr17	72873085	72873542	LTR/ERV1	1957	+	228	72873313	53121
chr17	72820192	73020192	harbor2	chr17	72876434	72876913	LTR/ERV1	3101	+	240	72876674	56482
chr17	72820192	73020192	harbor2	chr17	72879601	72880104	LTR/ERV1	1882	+	252	72879853	59661
chr17	72820192	73020192	harbor2	chr17	72875769	72876116	LTR/ERV1	1935	+	174	72875943	55751
chr17	78735269	78935269	harbor2	chr17	78747933	78748020	LTR/ERV1	738	+	44	78747977	12708
chr17	81189147	81389147	harbor2	chr17	81234841	81235306	LTR/ERV1	1836	+	232	81235073	45926
chr17	81189147	81389147	harbor2	chr17	81238279	81238616	LTR/ERV1	1076	+	168	81238447	49300
chr17	76766442	76966442	harbor2	chr17	76787671	76787995	LTR/ERV1	1495	+	162	76787833	21391
chr17	76766442	76966442	harbor2	chr17	76789726	76789900	LTR/ERV1	996	+	87	76789813	23371
chr17	76766442	76966442	harbor2	chr17	76802771	76802938	LTR/ERV1	924	+	84	76802855	36413
chr17	76766442	76966442	harbor2	chr17	76803209	76803910	LTR/ERV1	4557	+	350	76803559	37117
chr17	76766442	76966442	harbor2	chr17	76804117	76804154	LTR/ERV1	789	+	18	76804135	37693
chr17	76766442	76966442	harbor2	chr17	76804458	76804564	LTR/ERV1	789	+	53	76804511	38069
chr17	76766442	76966442	harbor2	chr17	76805948	76807489	LTR/ERV1	10935	+	770	76806718	40276
chr17	76766442	76966442	harbor2	chr17	76807980	76808069	LTR/ERV1	1183	+	44	76808024	41582
chr17	76766442	76966442	harbor2	chr17	76808362	76808542	LTR/ERV1	1183	+	90	76808452	42010
chr17	76766442	76966442	harbor2	chr17	76808962	76809032	LTR/ERV1	883	+	35	76808997	42555
chr17	76766442	76966442	harbor2	chr17	76809646	76809743	LTR/ERV1	883	+	48	76809694	43252
chr17	76766442	76966442	harbor2	chr17	76810049	76810185	LTR/ERV1	883	+	68	76810117	43675
chr17	76766442	76966442	harbor2	chr17	76858171	76858473	LTR/ERV1	2781	+	151	76858322	91880
chr17	76766442	76966442	harbor2	chr17	76858787	76859059	LTR/ERV1	2781	+	136	76858923	92481
chr17	76766442	76966442	harbor2	chr17	76860400	76860893	LTR/ERV1	2500	+	246	76860646	94204
chr17	60697132	60897132	harbor2	chr17	60792314	60792576	LTR/ERV1	1309	+	131	60792445	95313
chr17	63915538	64115538	harbor2	chr17	64009660	64009900	LTR/ERV1	1544	+	120	64009780	94242
chr17	63915538	64115538	harbor2	chr17	64009925	64010240	LTR/ERV1	1823	+	158	64010083	94545
chr18	57174368	57374368	harbor2	chr18	57211082	57211198	LTR/ERV1	871	+	58	57211140	36772
chr18	73657269	73857269	harbor2	chr18	73660292	73660748	LTR/ERV1	631	+	228	73660520	3251
chr18	73657269	73857269	harbor2	chr18	73661035	73661572	LTR/ERV1	2330	+	268	73661303	4034
chr18	73657269	73857269	harbor2	chr18	73691251	73691410	LTR/ERV1	815	+	80	73691331	34062
chr18	73657269	73857269	harbor2	chr18	73691411	73691858	LTR/ERV1	2522	+	224	73691635	34366
chr18	73657269	73857269	harbor2	chr18	73691855	73692183	LTR/ERV1	1808	+	164	73692019	34750
chr18	73657269	73857269	harbor2	chr18	73692210	73692383	LTR/ERV1	729	+	86	73692296	35027
chr18	73657269	73857269	harbor2	chr18	73692411	73692500	LTR/ERV1	435	+	44	73692455	35186
chr18	73657269	73857269	harbor2	chr18	73692628	73692819	LTR/ERV1	1118	+	96	73692724	35455
chr18	73657269	73857269	harbor2	chr18	73703467	73704001	LTR/ERV1	1396	+	267	73703734	46465
chr18	73657269	73857269	harbor2	chr18	73695222	73695534	LTR/ERV1	1026	+	156	73695378	38109
chr18	66966485	67166485	harbor2	chr18	67043369	67044766	LTR/ERV1	3532	+	698	67044067	77582
chr18	62249951	62449951	harbor2	chr18	62310421	62311175	LTR/ERV1	4164	+	377	62310798	60847
chr18	62249951	62449951	harbor2	chr18	62323820	62324578	LTR/ERV1	4638	+	379	62324199	74248
chr18	63193890	63393890	harbor2	chr18	63278327	63278782	LTR/ERV1	1796	+	228	63278555	84665
chr18	79818397	80018397	harbor2	chr18	79874970	79875601	LTR/ERV1	1455	+	316	79875286	56889
chr18	76133957	76333957	harbor2	chr18	76189255	76190103	LTR/ERV1	2504	+	424	76189679	55722
chr18	76133957	76333957	harbor2	chr18	76229098	76229436	LTR/ERV1	633	+	169	76229267	95310
chr18	38721815	38921815	harbor2	chr18	38799127	38799874	LTR/ERV1	3279	+	374	38799501	77686
chr18	61209030	61409030	harbor2	chr18	61265243	61265704	LTR/ERV1	3576	+	230	61265473	56443
chr18	61209030	61409030	harbor2	chr18	61274450	61274968	LTR/ERV1	2487	+	259	61274709	65679
chr18	61209030	61409030	harbor2	chr18	61287513	61287837	LTR/ERV1	633	+	162	61287675	78645
chr18	78738687	78938687	harbor2	chr18	78764380	78764700	LTR/ERV1	725	+	160	78764540	25853
chr18	78738687	78938687	harbor2	chr18	78764750	78765034	LTR/ERV1	1020	+	142	78764892	26205
chr18	35912189	36112189	harbor2	chr18	35926547	35927301	LTR/ERV1	3563	+	377	35926924	14735
chr18	35912189	36112189	harbor2	chr18	35985589	35985982	LTR/ERV1	2297	+	196	35985785	73596
chr18	72462255	72662255	harbor2	chr18	72504743	72504834	LTR/ERV1	1134	+	46	72504789	42534
chr18	72462255	72662255	harbor2	chr18	72505119	72505634	LTR/ERV1	1134	+	258	72505377	43122
chr18	68176797	68376797	harbor2	chr18	68275657	68275987	LTR/ERV1	419	+	165	68275822	99025
chr18	58692434	58892434	harbor2	chr18	58757839	58758439	LTR/ERV1	3589	+	300	58758139	65705
chr18	58692434	58892434	harbor2	chr18	58773270	58773414	LTR/ERV1	844	+	72	58773342	80908
chr18	58692434	58892434	harbor2	chr18	58773416	58773792	LTR/ERV1	2341	+	188	58773604	81170
chr18	63952609	64152609	harbor2	chr18	64042812	64044366	LTR/ERV1	9052	+	777	64043589	90980
chr18	70671600	70871600	harbor2	chr18	70752895	70753406	LTR/ERV1	490	+	256	70753151	81551
chr18	70671600	70871600	harbor2	chr18	70754951	70755751	LTR/ERV1	468	+	400	70755351	83751
chr18	23454328	23654328	harbor2	chr18	23485201	23485428	LTR/ERV1	1270	+	114	23485315	30987
chr18	23454328	23654328	harbor2	chr18	23485434	23485603	LTR/ERV1	739	+	84	23485518	31190
chr18	23454328	23654328	harbor2	chr18	23485686	23485749	LTR/ERV1	1041	+	32	23485718	31390
chr18	23454328	23654328	harbor2	chr18	23486059	23486342	LTR/ERV1	1041	+	142	23486201	31873
chr18	23454328	23654328	harbor2	chr18	23486343	23486459	LTR/ERV1	1616	+	58	23486401	32073
chr18	23454328	23654328	harbor2	chr18	23486727	23487101	LTR/ERV1	1616	+	187	23486914	32586
chr18	23454328	23654328	harbor2	chr18	23502524	23503082	LTR/ERV1	3359	+	279	23502803	48475
chr18	77221540	77421540	harbor2	chr18	77313944	77314084	LTR/ERV1	1132	+	70	77314014	92474
chr18	77221540	77421540	harbor2	chr18	77319987	77320710	LTR/ERV1	3815	+	362	77320349	98809
chr18	71884762	72084762	harbor2	chr18	71967523	71968305	LTR/ERV1	4413	+	391	71967914	83152
chr18	52636695	52836695	harbor2	chr18	52674749	52675048	LTR/ERV1	2366	+	150	52674899	38204
chr18	52636695	52836695	harbor2	chr18	52675355	52675657	LTR/ERV1	2366	+	151	52675506	38811
chr18	80037360	80237360	harbor2	chr18	80095983	80096243	LTR/ERV1	772	+	130	80096113	58753
chr18	80037360	80237360	harbor2	chr18	80096553	80097127	LTR/ERV1	931	+	287	80096840	59480
chr18	80037360	80237360	harbor2	chr18	80098921	80099081	LTR/ERV1	7936	+	80	80099001	61641
chr18	80037360	80237360	harbor2	chr18	80099735	80100811	LTR/ERV1	7936	+	538	80100273	62913
chr18	80037360	80237360	harbor2	chr18	80101948	80102920	LTR/ERV1	7936	+	486	80102434	65074
chr18	80037360	80237360	harbor2	chr18	80103263	80104029	LTR/ERV1	3582	+	383	80103646	66286
chr18	80037360	80237360	harbor2	chr18	80104097	80104282	LTR/ERV1	680	+	92	80104189	66829
chr18	80037360	80237360	harbor2	chr18	80101170	80101592	LTR/ERV1	7936	+	211	80101381	64021
chr18	71190502	71390502	harbor2	chr18	71210262	71210695	LTR/ERV1	2126	+	216	71210478	19976
chr18	71190502	71390502	harbor2	chr18	71281390	71281489	LTR/ERV1	4177	+	50	71281440	90938
chr18	71190502	71390502	harbor2	chr18	71281490	71282127	LTR/ERV1	4319	+	318	71281808	91306
chr18	71190502	71390502	harbor2	chr18	71282128	71282596	LTR/ERV1	4177	+	234	71282362	91860
chr18	71190502	71390502	harbor2	chr18	71282890	71283215	LTR/ERV1	4177	+	162	71283052	92550
chr18	71190502	71390502	harbor2	chr18	71284540	71285073	LTR/ERV1	3810	+	266	71284806	94304
chr18	71190502	71390502	harbor2	chr18	71287510	71288059	LTR/ERV1	4113	+	274	71287784	97282
chr18	71190502	71390502	harbor2	chr18	71288364	71288468	LTR/ERV1	4113	+	52	71288416	97914
chr18	50245482	50445482	harbor2	chr18	50288619	50288680	LTR/ERV1	2229	+	30	50288649	43167
chr18	50245482	50445482	harbor2	chr18	50289060	50289470	LTR/ERV1	2229	+	205	50289265	43783
chr18	50245482	50445482	harbor2	chr18	50289541	50289952	LTR/ERV1	1233	+	206	50289747	44265
chr18	50245482	50445482	harbor2	chr18	50312782	50313025	LTR/ERV1	2205	+	122	50312904	67422
chr18	50245482	50445482	harbor2	chr18	50313328	50313636	LTR/ERV1	2205	+	154	50313482	68000
chr18	50245482	50445482	harbor2	chr18	50339152	50339310	LTR/ERV1	785	+	79	50339231	93749
chr18	80141935	80341935	harbor2	chr18	80147834	80148209	LTR/ERV1	1193	+	188	80148022	6087
chr18	66334253	66534253	harbor2	chr18	66395710	66396117	LTR/ERV1	1735	+	204	66395914	61661
chr18	66334253	66534253	harbor2	chr18	66396123	66396489	LTR/ERV1	2565	+	183	66396306	62053
chr18	77652346	77852346	harbor2	chr18	77662380	77662949	LTR/ERV1	3380	+	284	77662664	10318
chr18	77652346	77852346	harbor2	chr18	77704339	77704792	LTR/ERV1	502	+	226	77704565	52219
chr18	79543822	79743822	harbor2	chr18	79600981	79601738	LTR/ERV1	5673	+	378	79601359	57537
chr18	79543822	79743822	harbor2	chr18	79639121	79640042	LTR/ERV1	4239	+	460	79639581	95759
chr19	54933384	55133384	harbor2	chr19	54951582	54951753	LTR/ERV1	2225	+	86	54951668	18284
chr19	54933384	55133384	harbor2	chr19	54952052	54952310	LTR/ERV1	2225	+	129	54952181	18797
chr19	54933384	55133384	harbor2	chr19	54952608	54952752	LTR/ERV1	2225	+	72	54952680	19296
chr19	54933384	55133384	harbor2	chr19	54952753	54952884	LTR/ERV1	2277	+	66	54952819	19435
chr19	54933384	55133384	harbor2	chr19	54953082	54953172	LTR/ERV1	2558	+	45	54953127	19743
chr19	54933384	55133384	harbor2	chr19	54953702	54953720	LTR/ERV1	2558	+	9	54953711	20327
chr19	54933384	55133384	harbor2	chr19	54954035	54954245	LTR/ERV1	2558	+	105	54954140	20756
chr19	54933384	55133384	harbor2	chr19	54954865	54954999	LTR/ERV1	2558	+	67	54954932	21548
chr19	54933384	55133384	harbor2	chr19	54957651	54957848	LTR/ERV1	1114	+	98	54957749	24365
chr19	34503634	34703634	harbor2	chr19	34514096	34514494	LTR/ERV1	2704	+	199	34514295	10661
chr19	34503634	34703634	harbor2	chr19	34514497	34517397	LTR/ERV1	14251	+	1450	34515947	12313
chr19	34503634	34703634	harbor2	chr19	34517392	34517613	LTR/ERV1	1282	+	110	34517502	13868
chr19	46561870	46761870	harbor2	chr19	46587668	46588412	LTR/ERV1	3984	+	372	46588040	26170
chr19	56771555	56971555	harbor2	chr19	56797892	56798339	LTR/ERV1	1731	+	224	56798116	26561
chr19	56771555	56971555	harbor2	chr19	56800219	56800934	LTR/ERV1	2544	+	358	56800577	29022
chr19	56771555	56971555	harbor2	chr19	56801236	56801300	LTR/ERV1	1095	+	32	56801268	29713
chr19	56771555	56971555	harbor2	chr19	56802385	56802795	LTR/ERV1	631	+	205	56802590	31035
chr19	56771555	56971555	harbor2	chr19	56871084	56871503	LTR/ERV1	5170	+	210	56871294	99739
chr19	48736803	48936803	harbor2	chr19	48810167	48810574	LTR/ERV1	1554	+	204	48810371	73568
chr19	48736803	48936803	harbor2	chr19	48830072	48830629	LTR/ERV1	3847	+	278	48830350	93547
chr19	19825687	20025687	harbor2	chr19	19859994	19860368	LTR/ERV1	2042	+	187	19860181	34494
chr19	19825687	20025687	harbor2	chr19	19860655	19860709	LTR/ERV1	2042	+	27	19860682	34995
chr19	19825687	20025687	harbor2	chr19	19864988	19865165	LTR/ERV1	753	+	88	19865076	39389
chr19	19825687	20025687	harbor2	chr19	19871513	19872561	LTR/ERV1	9006	+	524	19872037	46350
chr19	19825687	20025687	harbor2	chr19	19872602	19872804	LTR/ERV1	9006	+	101	19872703	47016
chr19	19825687	20025687	harbor2	chr19	19895560	19897352	LTR/ERV1	13385	+	896	19896456	70769
chr19	19825687	20025687	harbor2	chr19	19897353	19897814	LTR/ERV1	3635	+	230	19897583	71896
chr19	19825687	20025687	harbor2	chr19	19897815	19899157	LTR/ERV1	6342	+	671	19898486	72799
chr19	19825687	20025687	harbor2	chr19	19899202	19899805	LTR/ERV1	6342	+	302	19899504	73817
chr19	19825687	20025687	harbor2	chr19	19900136	19900640	LTR/ERV1	2520	+	252	19900388	74701
chr19	19825687	20025687	harbor2	chr19	19909367	19910648	LTR/ERV1	9292	+	640	19910007	84320
chr19	23135384	23335384	harbor2	chr19	23169122	23169168	LTR/ERV1	12595	+	23	23169145	33761
chr19	23135384	23335384	harbor2	chr19	23169466	23170520	LTR/ERV1	12595	+	527	23169993	34609
chr19	23135384	23335384	harbor2	chr19	23170521	23171118	LTR/ERV1	4152	+	298	23170819	35435
chr19	23135384	23335384	harbor2	chr19	23171119	23171150	LTR/ERV1	12595	+	16	23171135	35751
chr19	23135384	23335384	harbor2	chr19	23171439	23172048	LTR/ERV1	12595	+	304	23171743	36359
chr19	23135384	23335384	harbor2	chr19	23172049	23172493	LTR/ERV1	3031	+	222	23172271	36887
chr19	23135384	23335384	harbor2	chr19	23174098	23174207	LTR/ERV1	10393	+	54	23174152	38768
chr19	23135384	23335384	harbor2	chr19	23174511	23174946	LTR/ERV1	10393	+	218	23174729	39345
chr19	23135384	23335384	harbor2	chr19	23175233	23176858	LTR/ERV1	10393	+	812	23176045	40661
chr19	23135384	23335384	harbor2	chr19	23176980	23177389	LTR/ERV1	2583	+	204	23177184	41800
chr19	23135384	23335384	harbor2	chr19	23177390	23177823	LTR/ERV1	1954	+	216	23177606	42222
chr19	23135384	23335384	harbor2	chr19	23178790	23179743	LTR/ERV1	3914	+	476	23179266	43882
chr19	23135384	23335384	harbor2	chr19	23186832	23188026	LTR/ERV1	4476	+	597	23187429	52045
chr19	23135384	23335384	harbor2	chr19	23200237	23200696	LTR/ERV1	4135	+	230	23200467	65083
chr19	23135384	23335384	harbor2	chr19	23205914	23206398	LTR/ERV1	3384	+	242	23206156	70772
chr19	23135384	23335384	harbor2	chr19	23206711	23206842	LTR/ERV1	3384	+	66	23206777	71393
chr19	50741324	50941324	harbor2	chr19	50741308	50741713	LTR/ERV1	2189	+	202	50741510	186
chr19	50741324	50941324	harbor2	chr19	50742021	50742065	LTR/ERV1	2189	+	22	50742043	719
chr19	50741324	50941324	harbor2	chr19	50749624	50750135	LTR/ERV1	2098	+	256	50749880	8556
chr19	21377882	21577882	harbor2	chr19	21389642	21390352	LTR/ERV1	4203	+	355	21389997	12115
chr19	21377882	21577882	harbor2	chr19	21462337	21462708	LTR/ERV1	1881	+	186	21462523	84641
chr19	21377882	21577882	harbor2	chr19	21463378	21463449	LTR/ERV1	1881	+	36	21463414	85532
chr19	21377882	21577882	harbor2	chr19	21463005	21463067	LTR/ERV1	1881	+	31	21463036	85154
chr19	39881352	40081352	harbor2	chr19	39942040	39942513	LTR/ERV1	3235	+	236	39942276	60924
chr19	39881352	40081352	harbor2	chr19	39958057	39958404	LTR/ERV1	2869	+	174	39958231	76879
chr19	39881352	40081352	harbor2	chr19	39958975	39959078	LTR/ERV1	821	+	52	39959027	77675
chr19	39881352	40081352	harbor2	chr19	39966744	39966938	LTR/ERV1	786	+	97	39966841	85489
chr19	39881352	40081352	harbor2	chr19	39968477	39969195	LTR/ERV1	4784	+	359	39968836	87484
chr19	46287890	46487890	harbor2	chr19	46338948	46339449	LTR/ERV1	3735	+	250	46339198	51308
chr19	57475227	57675227	harbor2	chr19	57525573	57526089	LTR/ERV1	2579	+	258	57525831	50604
chr19	57475227	57675227	harbor2	chr19	57567416	57568579	LTR/ERV1	8308	+	582	57567998	92771
chr19	57475227	57675227	harbor2	chr19	57568984	57569200	LTR/ERV1	1363	+	108	57569092	93865
chr19	57475227	57675227	harbor2	chr19	57569209	57569609	LTR/ERV1	1927	+	200	57569409	94182
chr19	47578098	47778098	harbor2	chr19	47585331	47585395	LTR/ERV1	3070	+	32	47585363	7265
chr19	47578098	47778098	harbor2	chr19	47585706	47586254	LTR/ERV1	3070	+	274	47585980	7882
chr19	13175300	13375300	harbor2	chr19	13201929	13201973	LTR/ERV1	630	+	22	13201951	26651
chr19	13175300	13375300	harbor2	chr19	13202349	13202400	LTR/ERV1	630	+	26	13202375	27075
chr19	13175300	13375300	harbor2	chr19	13202708	13202785	LTR/ERV1	630	+	38	13202746	27446
chr19	49891845	50091845	harbor2	chr19	49936038	49936112	LTR/ERV1	667	+	37	49936075	44230
chr19	49891845	50091845	harbor2	chr19	49936246	49936674	LTR/ERV1	1659	+	214	49936460	44615
chr19	49891845	50091845	harbor2	chr19	49936904	49937023	LTR/ERV1	1659	+	60	49936964	45119
chr19	49891845	50091845	harbor2	chr19	49952495	49953047	LTR/ERV1	4074	+	276	49952771	60926
chr19	49891845	50091845	harbor2	chr19	49956030	49957315	LTR/ERV1	6537	+	642	49956672	64827
chr19	49891845	50091845	harbor2	chr19	49957318	49957720	LTR/ERV1	3224	+	201	49957519	65674
chr19	49891845	50091845	harbor2	chr19	49958018	49958143	LTR/ERV1	3224	+	62	49958080	66235
chr19	49891845	50091845	harbor2	chr19	49975426	49975845	LTR/ERV1	2844	+	210	49975636	83791
chr19	49891845	50091845	harbor2	chr19	49953048	49955205	LTR/ERV1	8069	+	1078	49954126	62281
chr19	44267578	44467578	harbor2	chr19	44281559	44282219	LTR/ERV1	2558	+	330	44281889	14311
chr19	44267578	44467578	harbor2	chr19	44282650	44283216	LTR/ERV1	1585	+	283	44282933	15355
chr19	44267578	44467578	harbor2	chr19	44283767	44284141	LTR/ERV1	1585	+	187	44283954	16376
chr19	44267578	44467578	harbor2	chr19	44284436	44284525	LTR/ERV1	1585	+	44	44284480	16902
chr19	44267578	44467578	harbor2	chr19	44284885	44285445	LTR/ERV1	2837	+	280	44285165	17587
chr19	52559235	52759235	harbor2	chr19	52565332	52565989	LTR/ERV1	3216	+	328	52565660	6425
chr19	52559235	52759235	harbor2	chr19	52566700	52566957	LTR/ERV1	1967	+	128	52566828	7593
chr19	52559235	52759235	harbor2	chr19	52567252	52567416	LTR/ERV1	1967	+	82	52567334	8099
chr19	52559235	52759235	harbor2	chr19	52568439	52568781	LTR/ERV1	1609	+	171	52568610	9375
chr19	52559235	52759235	harbor2	chr19	52568783	52569217	LTR/ERV1	1544	+	217	52569000	9765
chr19	52559235	52759235	harbor2	chr19	52599207	52599321	LTR/ERV1	1722	+	57	52599264	40029
chr19	52559235	52759235	harbor2	chr19	52599322	52599790	LTR/ERV1	2142	+	234	52599556	40321
chr19	52559235	52759235	harbor2	chr19	52599791	52600214	LTR/ERV1	1722	+	212	52600003	40768
chr19	52559235	52759235	harbor2	chr19	52605724	52606009	LTR/ERV1	1471	+	142	52605866	46631
chr19	52559235	52759235	harbor2	chr19	52620684	52621112	LTR/ERV1	2642	+	214	52620898	61663
chr19	52559235	52759235	harbor2	chr19	52621127	52625394	LTR/ERV1	15573	+	2134	52623261	64026
chr19	52559235	52759235	harbor2	chr19	52626894	52627315	LTR/ERV1	2526	+	210	52627104	67869
chr19	52559235	52759235	harbor2	chr19	52627795	52628192	LTR/ERV1	2504	+	198	52627993	68758
chr19	52559235	52759235	harbor2	chr19	52628195	52631191	LTR/ERV1	20769	+	1498	52629693	70458
chr19	52559235	52759235	harbor2	chr19	52631171	52631318	LTR/ERV1	888	+	74	52631245	72010
chr19	52559235	52759235	harbor2	chr19	52631318	52631810	LTR/ERV1	3562	+	246	52631564	72329
chr19	52559235	52759235	harbor2	chr19	52631813	52632449	LTR/ERV1	4188	+	318	52632131	72896
chr19	52559235	52759235	harbor2	chr19	52632451	52632666	LTR/ERV1	1319	+	108	52632559	73324
chr19	52559235	52759235	harbor2	chr19	52632667	52633045	LTR/ERV1	2391	+	189	52632856	73621
chr19	52559235	52759235	harbor2	chr19	52633046	52633395	LTR/ERV1	2114	+	174	52633220	73985
chr19	52559235	52759235	harbor2	chr19	52646591	52647096	LTR/ERV1	1692	+	252	52646843	87608
chr19	52559235	52759235	harbor2	chr19	52648308	52648595	LTR/ERV1	1711	+	144	52648452	89217
chr19	52559235	52759235	harbor2	chr19	52648596	52648931	LTR/ERV1	1880	+	168	52648764	89529
chr19	52559235	52759235	harbor2	chr19	52649405	52650252	LTR/ERV1	6473	+	424	52649829	90594
chr19	52559235	52759235	harbor2	chr19	52650557	52651539	LTR/ERV1	6473	+	491	52651048	91813
chr19	52559235	52759235	harbor2	chr19	52625393	52626863	LTR/ERV1	8555	+	735	52626128	66893
chr19	56725937	56925937	harbor2	chr19	56725994	56726057	LTR/ERV1	656	+	32	56726026	89
chr19	56725937	56925937	harbor2	chr19	56738446	56738995	LTR/ERV1	3193	+	274	56738720	12783
chr19	56725937	56925937	harbor2	chr19	56797892	56798339	LTR/ERV1	1731	+	224	56798116	72179
chr19	56725937	56925937	harbor2	chr19	56800219	56800934	LTR/ERV1	2544	+	358	56800577	74640
chr19	56725937	56925937	harbor2	chr19	56801236	56801300	LTR/ERV1	1095	+	32	56801268	75331
chr19	56725937	56925937	harbor2	chr19	56802385	56802795	LTR/ERV1	631	+	205	56802590	76653
chr19	57383039	57583039	harbor2	chr19	57388555	57389129	LTR/ERV1	3480	+	287	57388842	5803
chr19	57383039	57583039	harbor2	chr19	57403171	57404123	LTR/ERV1	4317	+	476	57403647	20608
chr19	57383039	57583039	harbor2	chr19	57434048	57434101	LTR/ERV1	2358	+	26	57434074	51035
chr19	57383039	57583039	harbor2	chr19	57434397	57434738	LTR/ERV1	2358	+	170	57434567	51528
chr19	52409424	52609424	harbor2	chr19	52484546	52484943	LTR/ERV1	2680	+	198	52484744	75320
chr19	55398315	55598315	harbor2	chr19	55419211	55420356	LTR/ERV1	5961	+	572	55419783	21468
chr19	56918896	57118896	harbor2	chr19	56959786	56959996	LTR/ERV1	1221	+	105	56959891	40995
chr19	56918896	57118896	harbor2	chr19	56960307	56960324	LTR/ERV1	1221	+	8	56960315	41419
chr19	56918896	57118896	harbor2	chr19	56995438	56995691	LTR/ERV1	1405	+	126	56995564	76668
chr19	56918896	57118896	harbor2	chr19	56996449	56996810	LTR/ERV1	1939	+	180	56996629	77733
chr19	36180404	36380404	harbor2	chr19	36253662	36253694	LTR/ERV1	2483	+	16	36253678	73274
chr19	36180404	36380404	harbor2	chr19	36253996	36254399	LTR/ERV1	2483	+	202	36254198	73794
chr19	58201656	58401656	harbor2	chr19	58217514	58218061	LTR/ERV1	4085	+	274	58217788	16132
chr19	58201656	58401656	harbor2	chr19	58228225	58228541	LTR/ERV1	744	+	158	58228383	26727
chr19	58201656	58401656	harbor2	chr19	58274863	58275354	LTR/ERV1	1720	+	246	58275109	73453
chr19	58201656	58401656	harbor2	chr19	58277944	58278458	LTR/ERV1	3638	+	257	58278201	76545
chr19	49840121	50040121	harbor2	chr19	49936038	49936112	LTR/ERV1	667	+	37	49936075	95954
chr19	49840121	50040121	harbor2	chr19	49936246	49936674	LTR/ERV1	1659	+	214	49936460	96339
chr19	49840121	50040121	harbor2	chr19	49936904	49937023	LTR/ERV1	1659	+	60	49936964	96843
chr19	55114765	55314765	harbor2	chr19	55122805	55123222	LTR/ERV1	2828	+	208	55123013	8248
chr19	55114765	55314765	harbor2	chr19	55123223	55125561	LTR/ERV1	11944	+	1169	55124392	9627
chr19	55114765	55314765	harbor2	chr19	55125865	55126093	LTR/ERV1	11944	+	114	55125979	11214
chr19	55114765	55314765	harbor2	chr19	55126094	55126163	LTR/ERV1	3891	+	34	55126128	11363
chr19	55114765	55314765	harbor2	chr19	55126479	55128045	LTR/ERV1	6254	+	783	55127262	12497
chr19	55114765	55314765	harbor2	chr19	55128041	55128175	LTR/ERV1	1162	+	67	55128108	13343
chr19	55114765	55314765	harbor2	chr19	55128473	55128605	LTR/ERV1	1162	+	66	55128539	13774
chr19	55114765	55314765	harbor2	chr19	55128599	55129155	LTR/ERV1	3198	+	278	55128877	14112
chr19	55114765	55314765	harbor2	chr19	55129156	55129538	LTR/ERV1	2679	+	191	55129347	14582
chr19	55114765	55314765	harbor2	chr19	55150599	55151081	LTR/ERV1	3140	+	241	55150840	36075
chr19	55114765	55314765	harbor2	chr19	55151377	55151635	LTR/ERV1	3140	+	129	55151506	36741
chr19	46322935	46522935	harbor2	chr19	46338948	46339449	LTR/ERV1	3735	+	250	46339198	16263
chr19	46322935	46522935	harbor2	chr19	46396203	46396222	LTR/ERV1	1383	+	10	46396213	73278
chr19	46322935	46522935	harbor2	chr19	46396511	46396776	LTR/ERV1	1383	+	132	46396643	73708
chr19	46322935	46522935	harbor2	chr19	46397395	46397544	LTR/ERV1	1383	+	74	46397469	74534
chr19	16845689	17045689	harbor2	chr19	16881719	16882390	LTR/ERV1	4297	+	336	16882055	36366
chr19	43375396	43575396	harbor2	chr19	43382950	43383131	LTR/ERV1	2947	+	90	43383040	7644
chr19	43375396	43575396	harbor2	chr19	43383434	43383737	LTR/ERV1	2947	+	152	43383586	8190
chr19	43375396	43575396	harbor2	chr19	43388276	43388887	LTR/ERV1	3199	+	306	43388582	13186
chr19	43375396	43575396	harbor2	chr19	43398839	43399046	LTR/ERV1	727	+	104	43398943	23547
chr19	43375396	43575396	harbor2	chr19	43412858	43413225	LTR/ERV1	3515	+	184	43413042	37646
chr19	43375396	43575396	harbor2	chr19	43413512	43413640	LTR/ERV1	3515	+	64	43413576	38180
chr19	43375396	43575396	harbor2	chr19	43420392	43420770	LTR/ERV1	3166	+	189	43420581	45185
chr19	43375396	43575396	harbor2	chr19	43421062	43421267	LTR/ERV1	3166	+	102	43421164	45768
chr19	43375396	43575396	harbor2	chr19	43421574	43421703	LTR/ERV1	3166	+	64	43421638	46242
chr19	43375396	43575396	harbor2	chr19	43423697	43423960	LTR/ERV1	3171	+	132	43423829	48433
chr19	43375396	43575396	harbor2	chr19	43424291	43424425	LTR/ERV1	3171	+	67	43424358	48962
chr19	43375396	43575396	harbor2	chr19	43424714	43424896	LTR/ERV1	3171	+	91	43424805	49409
chr19	43375396	43575396	harbor2	chr19	43425932	43426466	LTR/ERV1	3406	+	267	43426199	50803
chr19	43375396	43575396	harbor2	chr19	43445526	43445937	LTR/ERV1	1299	+	206	43445732	70336
chr19	43375396	43575396	harbor2	chr19	43448280	43448528	LTR/ERV1	1344	+	124	43448404	73008
chr19	43375396	43575396	harbor2	chr19	43467912	43468218	LTR/ERV1	1742	+	153	43468065	92669
chr19	43375396	43575396	harbor2	chr19	43468506	43468636	LTR/ERV1	1742	+	65	43468571	93175
chr19	36688196	36888196	harbor2	chr19	36771716	36772043	LTR/ERV1	1396	+	164	36771880	83684
chr19	56291581	56491581	harbor2	chr19	56344065	56344295	LTR/ERV1	1178	+	115	56344180	52599
chr19	56291581	56491581	harbor2	chr19	56347586	56348341	LTR/ERV1	5032	+	378	56347964	56383
chr19	56291581	56491581	harbor2	chr19	56348345	56348486	LTR/ERV1	810	+	70	56348415	56834
chr19	56291581	56491581	harbor2	chr19	56348486	56349132	LTR/ERV1	4272	+	323	56348809	57228
chr19	56291581	56491581	harbor2	chr19	56349118	56349414	LTR/ERV1	3819	+	148	56349266	57685
chr19	56291581	56491581	harbor2	chr19	56349732	56350178	LTR/ERV1	3819	+	223	56349955	58374
chr19	56291581	56491581	harbor2	chr19	56350283	56350455	LTR/ERV1	684	+	86	56350369	58788
chr19	56291581	56491581	harbor2	chr19	56350888	56351094	LTR/ERV1	1129	+	103	56350991	59410
chr19	56291581	56491581	harbor2	chr19	56351095	56351719	LTR/ERV1	2830	+	312	56351407	59826
chr19	56291581	56491581	harbor2	chr19	56365170	56365411	LTR/ERV1	1343	+	120	56365290	73709
chr19	56291581	56491581	harbor2	chr19	56366464	56366808	LTR/ERV1	2088	+	172	56366636	75055
chr19	56291581	56491581	harbor2	chr19	56371246	56371881	LTR/ERV1	4799	+	318	56371564	79983
chr19	52527518	52727518	harbor2	chr19	52534242	52534575	LTR/ERV1	1369	+	166	52534408	6890
chr19	52527518	52727518	harbor2	chr19	52565332	52565989	LTR/ERV1	3216	+	328	52565660	38142
chr19	52527518	52727518	harbor2	chr19	52566700	52566957	LTR/ERV1	1967	+	128	52566828	39310
chr19	52527518	52727518	harbor2	chr19	52567252	52567416	LTR/ERV1	1967	+	82	52567334	39816
chr19	52527518	52727518	harbor2	chr19	52568439	52568781	LTR/ERV1	1609	+	171	52568610	41092
chr19	52527518	52727518	harbor2	chr19	52568783	52569217	LTR/ERV1	1544	+	217	52569000	41482
chr19	52527518	52727518	harbor2	chr19	52599207	52599321	LTR/ERV1	1722	+	57	52599264	71746
chr19	52527518	52727518	harbor2	chr19	52599322	52599790	LTR/ERV1	2142	+	234	52599556	72038
chr19	52527518	52727518	harbor2	chr19	52599791	52600214	LTR/ERV1	1722	+	212	52600003	72485
chr19	52527518	52727518	harbor2	chr19	52605724	52606009	LTR/ERV1	1471	+	142	52605866	78348
chr19	52527518	52727518	harbor2	chr19	52620684	52621112	LTR/ERV1	2642	+	214	52620898	93380
chr19	52527518	52727518	harbor2	chr19	52621127	52625394	LTR/ERV1	15573	+	2134	52623261	95743
chr19	52527518	52727518	harbor2	chr19	52626894	52627315	LTR/ERV1	2526	+	210	52627104	99586
chr19	52527518	52727518	harbor2	chr19	52625393	52626863	LTR/ERV1	8555	+	735	52626128	98610
chr19	56170944	56370944	harbor2	chr19	56219093	56219680	LTR/ERV1	2968	+	294	56219387	48443
chr19	56170944	56370944	harbor2	chr19	56234419	56234436	LTR/ERV1	1460	+	8	56234427	63483
chr19	56170944	56370944	harbor2	chr19	56234437	56234919	LTR/ERV1	4184	+	241	56234678	63734
chr19	56170944	56370944	harbor2	chr19	56234920	56237271	LTR/ERV1	1833	+	1176	56236096	65152
chr19	32203702	32403702	harbor2	chr19	32264113	32264660	LTR/ERV1	4623	+	274	32264387	60685
chr19	18177536	18377536	harbor2	chr19	18187871	18188035	LTR/ERV1	948	+	82	18187953	10417
chr19	18177536	18377536	harbor2	chr19	18191910	18192294	LTR/ERV1	2584	+	192	18192102	14566
chr19	9984618	10184618	harbor2	chr19	10000058	10000276	LTR/ERV1	1118	+	109	10000167	15549
chr19	51850070	52050070	harbor2	chr19	51892764	51893376	LTR/ERV1	2390	+	306	51893070	43000
chr19	51850070	52050070	harbor2	chr19	51903831	51903863	LTR/ERV1	1095	+	16	51903847	53777
chr19	51850070	52050070	harbor2	chr19	51903864	51904282	LTR/ERV1	2838	+	209	51904073	54003
chr19	51850070	52050070	harbor2	chr19	51904283	51904415	LTR/ERV1	1095	+	66	51904349	54279
chr19	51850070	52050070	harbor2	chr19	51910107	51910483	LTR/ERV1	2282	+	188	51910295	60225
chr19	56152636	56352636	harbor2	chr19	56219093	56219680	LTR/ERV1	2968	+	294	56219387	66751
chr19	56152636	56352636	harbor2	chr19	56234419	56234436	LTR/ERV1	1460	+	8	56234427	81791
chr19	56152636	56352636	harbor2	chr19	56234437	56234919	LTR/ERV1	4184	+	241	56234678	82042
chr19	56152636	56352636	harbor2	chr19	56234920	56237271	LTR/ERV1	1833	+	1176	56236096	83460
chr19	46508923	46708923	harbor2	chr19	46511636	46511857	LTR/ERV1	1412	+	110	46511746	2823
chr19	46508923	46708923	harbor2	chr19	46512141	46512287	LTR/ERV1	1412	+	73	46512214	3291
chr19	46508923	46708923	harbor2	chr19	46556363	46556518	LTR/ERV1	685	+	78	46556441	47518
chr19	46508923	46708923	harbor2	chr19	46557887	46558344	LTR/ERV1	1503	+	228	46558115	49192
chr19	46508923	46708923	harbor2	chr19	46587668	46588412	LTR/ERV1	3984	+	372	46588040	79117
chr19	56699623	56899623	harbor2	chr19	56715804	56716051	LTR/ERV1	3080	+	124	56715928	16305
chr19	56699623	56899623	harbor2	chr19	56716365	56716624	LTR/ERV1	3080	+	130	56716495	16872
chr19	56699623	56899623	harbor2	chr19	56716930	56717042	LTR/ERV1	3080	+	56	56716986	17363
chr19	56699623	56899623	harbor2	chr19	56725069	56725522	LTR/ERV1	2623	+	226	56725295	25672
chr19	56699623	56899623	harbor2	chr19	56725524	56725685	LTR/ERV1	799	+	80	56725604	25981
chr19	56699623	56899623	harbor2	chr19	56725994	56726057	LTR/ERV1	656	+	32	56726026	26403
chr19	56699623	56899623	harbor2	chr19	56738446	56738995	LTR/ERV1	3193	+	274	56738720	39097
chr19	56699623	56899623	harbor2	chr19	56797892	56798339	LTR/ERV1	1731	+	224	56798116	98493
chr19	43014732	43214732	harbor2	chr19	43021891	43022651	LTR/ERV1	1949	+	380	43022271	7539
chr19	43014732	43214732	harbor2	chr19	43043134	43043878	LTR/ERV1	3568	+	372	43043506	28774
chr19	43014732	43214732	harbor2	chr19	43045234	43045311	LTR/ERV1	3536	+	38	43045272	30540
chr19	43014732	43214732	harbor2	chr19	43045982	43046858	LTR/ERV1	3536	+	438	43046420	31688
chr19	43014732	43214732	harbor2	chr19	43057400	43057608	LTR/ERV1	1133	+	104	43057504	42772
chr19	43014732	43214732	harbor2	chr19	43058396	43058607	LTR/ERV1	715	+	106	43058502	43770
chr19	43014732	43214732	harbor2	chr19	43078081	43078833	LTR/ERV1	1986	+	376	43078457	63725
chr19	43014732	43214732	harbor2	chr19	43099221	43099966	LTR/ERV1	3564	+	372	43099593	84861
chr19	43014732	43214732	harbor2	chr19	43105492	43106099	LTR/ERV1	3988	+	304	43105796	91064
chr19	43014732	43214732	harbor2	chr19	43106771	43107647	LTR/ERV1	3988	+	438	43107209	92477
chr19	51886429	52086429	harbor2	chr19	51892764	51893376	LTR/ERV1	2390	+	306	51893070	6641
chr19	51886429	52086429	harbor2	chr19	51903831	51903863	LTR/ERV1	1095	+	16	51903847	17418
chr19	51886429	52086429	harbor2	chr19	51903864	51904282	LTR/ERV1	2838	+	209	51904073	17644
chr19	51886429	52086429	harbor2	chr19	51904283	51904415	LTR/ERV1	1095	+	66	51904349	17920
chr19	51886429	52086429	harbor2	chr19	51910107	51910483	LTR/ERV1	2282	+	188	51910295	23866
chr19	51886429	52086429	harbor2	chr19	51982078	51982467	LTR/ERV1	951	+	194	51982272	95843
chr19	46135097	46335097	harbor2	chr19	46147246	46147814	LTR/ERV1	3697	+	284	46147530	12433
chr19	46135097	46335097	harbor2	chr19	46168374	46168804	LTR/ERV1	2609	+	215	46168589	33492
chr19	46135097	46335097	harbor2	chr19	46177802	46177996	LTR/ERV1	5264	+	97	46177899	42802
chr19	46135097	46335097	harbor2	chr19	46178293	46178991	LTR/ERV1	5264	+	349	46178642	43545
chr19	46135097	46335097	harbor2	chr19	46181089	46181197	LTR/ERV1	1514	+	54	46181143	46046
chr19	46135097	46335097	harbor2	chr19	46181225	46181874	LTR/ERV1	1514	+	324	46181549	46452
chr19	46135097	46335097	harbor2	chr19	46205120	46205748	LTR/ERV1	3157	+	314	46205434	70337
chr19	51121141	51321141	harbor2	chr19	51139646	51140020	LTR/ERV1	3323	+	187	51139833	18692
chr19	51121141	51321141	harbor2	chr19	51140285	51140573	LTR/ERV1	3323	+	144	51140429	19288
chr19	56690921	56890921	harbor2	chr19	56715804	56716051	LTR/ERV1	3080	+	124	56715928	25007
chr19	56690921	56890921	harbor2	chr19	56716365	56716624	LTR/ERV1	3080	+	130	56716495	25574
chr19	56690921	56890921	harbor2	chr19	56716930	56717042	LTR/ERV1	3080	+	56	56716986	26065
chr19	56690921	56890921	harbor2	chr19	56725069	56725522	LTR/ERV1	2623	+	226	56725295	34374
chr19	56690921	56890921	harbor2	chr19	56725524	56725685	LTR/ERV1	799	+	80	56725604	34683
chr19	56690921	56890921	harbor2	chr19	56725994	56726057	LTR/ERV1	656	+	32	56726026	35105
chr19	56690921	56890921	harbor2	chr19	56738446	56738995	LTR/ERV1	3193	+	274	56738720	47799
chr19	32605362	32805362	harbor2	chr19	32637511	32639028	LTR/ERV1	7304	+	758	32638269	32907
chr19	32605362	32805362	harbor2	chr19	32687220	32687352	LTR/ERV1	908	+	66	32687286	81924
chr19	55123371	55323371	harbor2	chr19	55123223	55125561	LTR/ERV1	11944	+	1169	55124392	1021
chr19	55123371	55323371	harbor2	chr19	55125865	55126093	LTR/ERV1	11944	+	114	55125979	2608
chr19	55123371	55323371	harbor2	chr19	55126094	55126163	LTR/ERV1	3891	+	34	55126128	2757
chr19	55123371	55323371	harbor2	chr19	55126479	55128045	LTR/ERV1	6254	+	783	55127262	3891
chr19	55123371	55323371	harbor2	chr19	55128041	55128175	LTR/ERV1	1162	+	67	55128108	4737
chr19	55123371	55323371	harbor2	chr19	55128473	55128605	LTR/ERV1	1162	+	66	55128539	5168
chr19	55123371	55323371	harbor2	chr19	55128599	55129155	LTR/ERV1	3198	+	278	55128877	5506
chr19	55123371	55323371	harbor2	chr19	55129156	55129538	LTR/ERV1	2679	+	191	55129347	5976
chr19	55123371	55323371	harbor2	chr19	55150599	55151081	LTR/ERV1	3140	+	241	55150840	27469
chr19	55123371	55323371	harbor2	chr19	55151377	55151635	LTR/ERV1	3140	+	129	55151506	28135
chr19	41692773	41892773	harbor2	chr19	41728927	41729274	LTR/ERV1	1294	+	174	41729101	36328
chr19	41692773	41892773	harbor2	chr19	41730434	41731149	LTR/ERV1	5542	+	358	41730792	38019
chr19	41692773	41892773	harbor2	chr19	41731202	41731711	LTR/ERV1	2843	+	254	41731456	38683
chr19	41692773	41892773	harbor2	chr19	41732142	41732412	LTR/ERV1	752	+	135	41732277	39504
chr19	41692773	41892773	harbor2	chr19	41767850	41768062	LTR/ERV1	763	+	106	41767956	75183
chr19	41692773	41892773	harbor2	chr19	41768838	41768941	LTR/ERV1	1627	+	52	41768890	76117
chr19	41692773	41892773	harbor2	chr19	41769245	41770124	LTR/ERV1	1627	+	440	41769685	76912
chr19	41692773	41892773	harbor2	chr19	41770581	41771297	LTR/ERV1	2939	+	358	41770939	78166
chr19	41692773	41892773	harbor2	chr19	41771342	41771925	LTR/ERV1	2274	+	292	41771634	78861
chr19	41692773	41892773	harbor2	chr19	41771968	41772234	LTR/ERV1	1000	+	133	41772101	79328
chr19	41692773	41892773	harbor2	chr19	41729515	41730138	LTR/ERV1	5542	+	312	41729827	37054
chr19	51278932	51478932	harbor2	chr19	51354696	51355102	LTR/ERV1	1793	+	203	51354899	75967
chr19	51278932	51478932	harbor2	chr19	51356115	51356304	LTR/ERV1	955	+	94	51356209	77277
chr19	51278932	51478932	harbor2	chr19	51376129	51376304	LTR/ERV1	2528	+	88	51376217	97285
chr19	51278932	51478932	harbor2	chr19	51376580	51376817	LTR/ERV1	2528	+	118	51376698	97766
chr19	52154315	52354315	harbor2	chr19	52178038	52178348	LTR/ERV1	2107	+	155	52178193	23878
chr19	52154315	52354315	harbor2	chr19	52178653	52178713	LTR/ERV1	2107	+	30	52178683	24368
chr19	57291441	57491441	harbor2	chr19	57361717	57361933	LTR/ERV1	1806	+	108	57361825	70384
chr19	57291441	57491441	harbor2	chr19	57362232	57362462	LTR/ERV1	1806	+	115	57362347	70906
chr19	57291441	57491441	harbor2	chr19	57388555	57389129	LTR/ERV1	3480	+	287	57388842	97401
chr19	13995614	14195614	harbor2	chr19	14009261	14009418	LTR/ERV1	3338	+	78	14009339	13725
chr19	13995614	14195614	harbor2	chr19	14010049	14010300	LTR/ERV1	3338	+	126	14010175	14561
chr19	13995614	14195614	harbor2	chr19	14010598	14010679	LTR/ERV1	3338	+	40	14010638	15024
chr19	13995614	14195614	harbor2	chr19	14010983	14011054	LTR/ERV1	3338	+	36	14011019	15405
chr19	58104899	58304899	harbor2	chr19	58148898	58149437	LTR/ERV1	3839	+	270	58149168	44269
chr19	58104899	58304899	harbor2	chr19	58157128	58158413	LTR/ERV1	8079	+	642	58157770	52871
chr19	48724323	48924323	harbor2	chr19	48810167	48810574	LTR/ERV1	1554	+	204	48810371	86048
chr19	57001592	57201592	harbor2	chr19	57022666	57023229	LTR/ERV1	2967	+	282	57022948	21356
chr19	57001592	57201592	harbor2	chr19	57023576	57023789	LTR/ERV1	1108	+	106	57023682	22090
chr19	57001592	57201592	harbor2	chr19	57041904	57042483	LTR/ERV1	3610	+	290	57042194	40602
chr19	57001592	57201592	harbor2	chr19	57076461	57076661	LTR/ERV1	975	+	100	57076561	74969
chr19	57001592	57201592	harbor2	chr19	57078270	57078408	LTR/ERV1	864	+	69	57078339	76747
chr19	57001592	57201592	harbor2	chr19	57091411	57091573	LTR/ERV1	919	+	81	57091492	89900
chr19	57001592	57201592	harbor2	chr19	57092506	57093103	LTR/ERV1	3033	+	298	57092804	91212
chr19	42943932	43143932	harbor2	chr19	42952278	42952494	LTR/ERV1	1190	+	108	42952386	8454
chr19	42943932	43143932	harbor2	chr19	42970632	42971176	LTR/ERV1	4681	+	272	42970904	26972
chr19	42943932	43143932	harbor2	chr19	42971608	42972146	LTR/ERV1	3988	+	269	42971877	27945
chr19	42943932	43143932	harbor2	chr19	42972192	42972761	LTR/ERV1	2808	+	284	42972476	28544
chr19	42943932	43143932	harbor2	chr19	42999231	42999586	LTR/ERV1	2113	+	178	42999409	55477
chr19	42943932	43143932	harbor2	chr19	42999694	43000000	LTR/ERV1	1557	+	153	42999847	55915
chr19	42943932	43143932	harbor2	chr19	43000937	43001144	LTR/ERV1	1200	+	104	43001041	57109
chr19	42943932	43143932	harbor2	chr19	43001935	43002146	LTR/ERV1	728	+	106	43002041	58109
chr19	42943932	43143932	harbor2	chr19	43021891	43022651	LTR/ERV1	1949	+	380	43022271	78339
chr19	42943932	43143932	harbor2	chr19	43043134	43043878	LTR/ERV1	3568	+	372	43043506	99574
chr19	46984664	47184664	harbor2	chr19	47057412	47057730	LTR/ERV1	989	+	159	47057571	72907
chr19	53742947	53942947	harbor2	chr19	53769073	53769384	LTR/ERV1	853	+	156	53769229	26282
chr19	53742947	53942947	harbor2	chr19	53780548	53780872	LTR/ERV1	963	+	162	53780710	37763
chr19	53742947	53942947	harbor2	chr19	53831404	53831854	LTR/ERV1	3444	+	225	53831629	88682
chr19	53742947	53942947	harbor2	chr19	53831857	53835005	LTR/ERV1	10019	+	1574	53833431	90484
chr19	53742947	53942947	harbor2	chr19	53835000	53835146	LTR/ERV1	834	+	73	53835073	92126
chr19	53742947	53942947	harbor2	chr19	53835137	53835639	LTR/ERV1	3350	+	251	53835388	92441
chr19	53742947	53942947	harbor2	chr19	53835642	53836300	LTR/ERV1	4125	+	329	53835971	93024
chr19	53742947	53942947	harbor2	chr19	53836302	53836519	LTR/ERV1	1355	+	108	53836410	93463
chr19	53742947	53942947	harbor2	chr19	53836518	53836897	LTR/ERV1	2441	+	190	53836708	93761
chr19	53742947	53942947	harbor2	chr19	53836898	53837348	LTR/ERV1	3616	+	225	53837123	94176
chr19	56682102	56882102	harbor2	chr19	56715804	56716051	LTR/ERV1	3080	+	124	56715928	33826
chr19	56682102	56882102	harbor2	chr19	56716365	56716624	LTR/ERV1	3080	+	130	56716495	34393
chr19	56682102	56882102	harbor2	chr19	56716930	56717042	LTR/ERV1	3080	+	56	56716986	34884
chr19	56682102	56882102	harbor2	chr19	56725069	56725522	LTR/ERV1	2623	+	226	56725295	43193
chr19	56682102	56882102	harbor2	chr19	56725524	56725685	LTR/ERV1	799	+	80	56725604	43502
chr19	56682102	56882102	harbor2	chr19	56725994	56726057	LTR/ERV1	656	+	32	56726026	43924
chr19	56682102	56882102	harbor2	chr19	56738446	56738995	LTR/ERV1	3193	+	274	56738720	56618
chr19	9747502	9947502	harbor2	chr19	9748660	9751420	LTR/ERV1	14673	+	1380	9750040	2538
chr19	9747502	9947502	harbor2	chr19	9751643	9751972	LTR/ERV1	1466	+	164	9751807	4305
chr19	9747502	9947502	harbor2	chr19	9798522	9798660	LTR/ERV1	3095	+	69	9798591	51089
chr19	9747502	9947502	harbor2	chr19	9802805	9802895	LTR/ERV1	1536	+	45	9802850	55348
chr19	9747502	9947502	harbor2	chr19	9803206	9803398	LTR/ERV1	1536	+	96	9803302	55800
chr19	9747502	9947502	harbor2	chr19	9825700	9826008	LTR/ERV1	1689	+	154	9825854	78352
chr19	9747502	9947502	harbor2	chr19	9826192	9826367	LTR/ERV1	1603	+	88	9826280	78778
chr19	9747502	9947502	harbor2	chr19	9826691	9826938	LTR/ERV1	1603	+	124	9826815	79313
chr19	9747502	9947502	harbor2	chr19	9827158	9827336	LTR/ERV1	1103	+	89	9827247	79745
chr19	9747502	9947502	harbor2	chr19	9797627	9798215	LTR/ERV1	3095	+	294	9797921	50419
chr19	22052641	22252641	harbor2	chr19	22066559	22067554	LTR/ERV1	7553	+	498	22067057	14416
chr19	22052641	22252641	harbor2	chr19	22067860	22068327	LTR/ERV1	7553	+	234	22068094	15453
chr19	22052641	22252641	harbor2	chr19	22143379	22143561	LTR/ERV1	27851	+	91	22143470	90829
chr19	22052641	22252641	harbor2	chr19	22143587	22147192	LTR/ERV1	27851	+	1802	22145389	92748
chr19	22052641	22252641	harbor2	chr19	22147491	22148364	LTR/ERV1	27851	+	436	22147927	95286
chr19	39466462	39666462	harbor2	chr19	39493404	39493821	LTR/ERV1	2601	+	208	39493612	27150
chr19	39466462	39666462	harbor2	chr19	39546714	39547161	LTR/ERV1	2060	+	224	39546938	80476
chr19	53773422	53973422	harbor2	chr19	53780548	53780872	LTR/ERV1	963	+	162	53780710	7288
chr19	53773422	53973422	harbor2	chr19	53831404	53831854	LTR/ERV1	3444	+	225	53831629	58207
chr19	53773422	53973422	harbor2	chr19	53831857	53835005	LTR/ERV1	10019	+	1574	53833431	60009
chr19	53773422	53973422	harbor2	chr19	53835000	53835146	LTR/ERV1	834	+	73	53835073	61651
chr19	53773422	53973422	harbor2	chr19	53835137	53835639	LTR/ERV1	3350	+	251	53835388	61966
chr19	53773422	53973422	harbor2	chr19	53835642	53836300	LTR/ERV1	4125	+	329	53835971	62549
chr19	53773422	53973422	harbor2	chr19	53836302	53836519	LTR/ERV1	1355	+	108	53836410	62988
chr19	53773422	53973422	harbor2	chr19	53836518	53836897	LTR/ERV1	2441	+	190	53836708	63286
chr19	53773422	53973422	harbor2	chr19	53836898	53837348	LTR/ERV1	3616	+	225	53837123	63701
chr19	53773422	53973422	harbor2	chr19	53845912	53846067	LTR/ERV1	851	+	78	53845990	72568
chr19	38856184	39056184	harbor2	chr19	38863197	38863556	LTR/ERV1	1105	+	180	38863377	7193
chr19	38856184	39056184	harbor2	chr19	38863867	38863974	LTR/ERV1	1105	+	54	38863921	7737
chr19	38856184	39056184	harbor2	chr19	38864287	38864376	LTR/ERV1	981	+	44	38864331	8147
chr19	38856184	39056184	harbor2	chr19	38950611	38950795	LTR/ERV1	1806	+	92	38950703	94519
chr19	38856184	39056184	harbor2	chr19	38951090	38951200	LTR/ERV1	1806	+	55	38951145	94961
chr19	38856184	39056184	harbor2	chr19	38951477	38951647	LTR/ERV1	947	+	85	38951562	95378
chr19	38856184	39056184	harbor2	chr19	38952247	38952294	LTR/ERV1	947	+	24	38952271	96087
chr19	50727908	50927908	harbor2	chr19	50740133	50740498	LTR/ERV1	2089	+	182	50740315	12407
chr19	50727908	50927908	harbor2	chr19	50740801	50740942	LTR/ERV1	2089	+	70	50740871	12963
chr19	50727908	50927908	harbor2	chr19	50741308	50741713	LTR/ERV1	2189	+	202	50741510	13602
chr19	50727908	50927908	harbor2	chr19	50742021	50742065	LTR/ERV1	2189	+	22	50742043	14135
chr19	50727908	50927908	harbor2	chr19	50749624	50750135	LTR/ERV1	2098	+	256	50749880	21972
chr19	57619136	57819136	harbor2	chr19	57624309	57624831	LTR/ERV1	1548	+	261	57624570	5434
chr19	57619136	57819136	harbor2	chr19	57651646	57653192	LTR/ERV1	4976	+	773	57652419	33283
chr19	57619136	57819136	harbor2	chr19	57696926	57697258	LTR/ERV1	1716	+	166	57697092	77956
chr19	57619136	57819136	harbor2	chr19	57714962	57715157	LTR/ERV1	3189	+	98	57715060	95924
chr19	57619136	57819136	harbor2	chr19	57715489	57715811	LTR/ERV1	3189	+	161	57715650	96514
chr19	57619136	57819136	harbor2	chr19	57653419	57656645	LTR/ERV1	16815	+	1613	57655032	35896
chr19	53480079	53680079	harbor2	chr19	53496520	53496643	LTR/ERV1	723	+	62	53496582	16503
chr19	53480079	53680079	harbor2	chr19	53519306	53519485	LTR/ERV1	1331	+	90	53519396	39317
chr19	53480079	53680079	harbor2	chr19	53519472	53519646	LTR/ERV1	1175	+	87	53519559	39480
chr19	22873262	23073262	harbor2	chr19	22877975	22878606	LTR/ERV1	3476	+	316	22878291	5029
chr19	22873262	23073262	harbor2	chr19	22878979	22879583	LTR/ERV1	2415	+	302	22879281	6019
chr19	22873262	23073262	harbor2	chr19	22879560	22879949	LTR/ERV1	1776	+	194	22879754	6492
chr19	22873262	23073262	harbor2	chr19	22879939	22881113	LTR/ERV1	8168	+	587	22880526	7264
chr19	22873262	23073262	harbor2	chr19	22881438	22881595	LTR/ERV1	8168	+	78	22881516	8254
chr19	22873262	23073262	harbor2	chr19	22881597	22882215	LTR/ERV1	3578	+	309	22881906	8644
chr19	22873262	23073262	harbor2	chr19	22882217	22882530	LTR/ERV1	1582	+	156	22882373	9111
chr19	22873262	23073262	harbor2	chr19	22882635	22882946	LTR/ERV1	1258	+	156	22882791	9529
chr19	22873262	23073262	harbor2	chr19	22882953	22884662	LTR/ERV1	5916	+	854	22883807	10545
chr19	22873262	23073262	harbor2	chr19	22886456	22887030	LTR/ERV1	3142	+	287	22886743	13481
chr19	22873262	23073262	harbor2	chr19	22887337	22887403	LTR/ERV1	3142	+	33	22887370	14108
chr19	22873262	23073262	harbor2	chr19	22897252	22897944	LTR/ERV1	4493	+	346	22897598	24336
chr19	22873262	23073262	harbor2	chr19	22942631	22943233	LTR/ERV1	3433	+	301	22942932	69670
chr19	22873262	23073262	harbor2	chr19	22943608	22944438	LTR/ERV1	5139	+	415	22944023	70761
chr19	22873262	23073262	harbor2	chr19	22944439	22948325	LTR/ERV1	28988	+	1943	22946382	73120
chr19	22873262	23073262	harbor2	chr19	22948632	22949508	LTR/ERV1	28988	+	438	22949070	75808
chr19	22873262	23073262	harbor2	chr19	22955673	22956157	LTR/ERV1	6348	+	242	22955915	82653
chr19	22873262	23073262	harbor2	chr19	22956452	22957017	LTR/ERV1	6348	+	282	22956734	83472
chr19	22873262	23073262	harbor2	chr19	22957414	22958561	LTR/ERV1	7613	+	574	22957988	84726
chr19	50240946	50440946	harbor2	chr19	50340155	50340701	LTR/ERV1	3803	+	273	50340428	99482
chr19	29358554	29558554	harbor2	chr19	29371225	29371642	LTR/ERV1	1447	+	208	29371433	12879
chr19	29358554	29558554	harbor2	chr19	29439515	29439845	LTR/ERV1	1732	+	165	29439680	81126
chr19	29358554	29558554	harbor2	chr19	29439846	29441309	LTR/ERV1	7350	+	732	29440578	82024
chr19	29358554	29558554	harbor2	chr19	29441313	29441563	LTR/ERV1	1023	+	125	29441438	82884
chr19	42785587	42985587	harbor2	chr19	42788486	42789229	LTR/ERV1	3654	+	372	42788858	3271
chr19	42785587	42985587	harbor2	chr19	42795997	42796879	LTR/ERV1	4377	+	441	42796438	10851
chr19	42785587	42985587	harbor2	chr19	42828460	42828817	LTR/ERV1	2151	+	178	42828638	43051
chr19	42785587	42985587	harbor2	chr19	42828925	42829240	LTR/ERV1	1588	+	158	42829083	43496
chr19	42785587	42985587	harbor2	chr19	42830174	42830375	LTR/ERV1	1168	+	100	42830274	44687
chr19	42785587	42985587	harbor2	chr19	42830379	42830633	LTR/ERV1	628	+	127	42830506	44919
chr19	42785587	42985587	harbor2	chr19	42831173	42831384	LTR/ERV1	737	+	106	42831279	45692
chr19	42785587	42985587	harbor2	chr19	42851138	42851909	LTR/ERV1	1941	+	386	42851524	65937
chr19	42785587	42985587	harbor2	chr19	42875095	42875873	LTR/ERV1	1979	+	389	42875484	89897
chr19	42785587	42985587	harbor2	chr19	42794720	42795331	LTR/ERV1	4377	+	306	42795026	9439
chr19	37318424	37518424	harbor2	chr19	37364012	37364652	LTR/ERV1	2656	+	320	37364332	45908
chr19	37287172	37487172	harbor2	chr19	37364012	37364652	LTR/ERV1	2656	+	320	37364332	77160
chr19	56040636	56240636	harbor2	chr19	56078017	56078243	LTR/ERV1	1152	+	113	56078130	37494
chr19	40124877	40324877	harbor2	chr19	40166965	40167230	LTR/ERV1	2048	+	132	40167097	42220
chr19	40124877	40324877	harbor2	chr19	40167543	40167669	LTR/ERV1	1942	+	63	40167606	42729
chr19	40124877	40324877	harbor2	chr19	40176587	40176743	LTR/ERV1	3414	+	78	40176665	51788
chr19	40124877	40324877	harbor2	chr19	40177052	40177739	LTR/ERV1	3414	+	344	40177396	52519
chr19	35550217	35750217	harbor2	chr19	35578890	35579252	LTR/ERV1	2511	+	181	35579071	28854
chr19	35550217	35750217	harbor2	chr19	35604596	35604970	LTR/ERV1	1792	+	187	35604783	54566
chr19	35550217	35750217	harbor2	chr19	35604971	35605415	LTR/ERV1	3078	+	222	35605193	54976
chr19	35550217	35750217	harbor2	chr19	35605725	35605975	LTR/ERV1	3078	+	125	35605850	55633
chr19	35550217	35750217	harbor2	chr19	35606347	35606371	LTR/ERV1	3078	+	12	35606359	56142
chr19	35550217	35750217	harbor2	chr19	35628109	35628305	LTR/ERV1	1308	+	98	35628207	77990
chr19	56323840	56523840	harbor2	chr19	56344065	56344295	LTR/ERV1	1178	+	115	56344180	20340
chr19	56323840	56523840	harbor2	chr19	56347586	56348341	LTR/ERV1	5032	+	378	56347964	24124
chr19	56323840	56523840	harbor2	chr19	56348345	56348486	LTR/ERV1	810	+	70	56348415	24575
chr19	56323840	56523840	harbor2	chr19	56348486	56349132	LTR/ERV1	4272	+	323	56348809	24969
chr19	56323840	56523840	harbor2	chr19	56349118	56349414	LTR/ERV1	3819	+	148	56349266	25426
chr19	56323840	56523840	harbor2	chr19	56349732	56350178	LTR/ERV1	3819	+	223	56349955	26115
chr19	56323840	56523840	harbor2	chr19	56350283	56350455	LTR/ERV1	684	+	86	56350369	26529
chr19	56323840	56523840	harbor2	chr19	56350888	56351094	LTR/ERV1	1129	+	103	56350991	27151
chr19	56323840	56523840	harbor2	chr19	56351095	56351719	LTR/ERV1	2830	+	312	56351407	27567
chr19	56323840	56523840	harbor2	chr19	56365170	56365411	LTR/ERV1	1343	+	120	56365290	41450
chr19	56323840	56523840	harbor2	chr19	56366464	56366808	LTR/ERV1	2088	+	172	56366636	42796
chr19	56323840	56523840	harbor2	chr19	56371246	56371881	LTR/ERV1	4799	+	318	56371564	47724
chr19	56323840	56523840	harbor2	chr19	56398731	56399240	LTR/ERV1	1873	+	254	56398985	75145
chr19	56323840	56523840	harbor2	chr19	56400216	56400746	LTR/ERV1	2905	+	265	56400481	76641
chr19	56323840	56523840	harbor2	chr19	56400973	56401001	LTR/ERV1	3929	+	14	56400987	77147
chr19	56323840	56523840	harbor2	chr19	56401308	56401884	LTR/ERV1	3929	+	288	56401596	77756
chr19	56323840	56523840	harbor2	chr19	56401924	56402228	LTR/ERV1	1609	+	152	56402076	78236
chr19	52132950	52332950	harbor2	chr19	52141845	52142566	LTR/ERV1	4095	+	360	52142205	9255
chr19	52132950	52332950	harbor2	chr19	52146518	52147147	LTR/ERV1	3515	+	314	52146832	13882
chr19	52132950	52332950	harbor2	chr19	52147163	52147565	LTR/ERV1	2598	+	201	52147364	14414
chr19	52132950	52332950	harbor2	chr19	52147866	52147969	LTR/ERV1	2598	+	52	52147918	14968
chr19	52132950	52332950	harbor2	chr19	52148062	52148503	LTR/ERV1	1657	+	220	52148282	15332
chr19	52132950	52332950	harbor2	chr19	52148502	52148700	LTR/ERV1	6690	+	99	52148601	15651
chr19	52132950	52332950	harbor2	chr19	52148995	52150045	LTR/ERV1	6690	+	525	52149520	16570
chr19	52132950	52332950	harbor2	chr19	52150658	52150874	LTR/ERV1	7496	+	108	52150766	17816
chr19	52132950	52332950	harbor2	chr19	52151171	52152215	LTR/ERV1	7496	+	522	52151693	18743
chr19	52132950	52332950	harbor2	chr19	52178038	52178348	LTR/ERV1	2107	+	155	52178193	45243
chr19	52132950	52332950	harbor2	chr19	52178653	52178713	LTR/ERV1	2107	+	30	52178683	45733
chr19	41556522	41756522	harbor2	chr19	41639975	41640224	LTR/ERV1	1063	+	124	41640099	83577
chr19	41825589	42025589	harbor2	chr19	41858027	41858412	LTR/ERV1	1514	+	192	41858219	32630
chr19	42459442	42659442	harbor2	chr19	42459939	42460310	LTR/ERV1	2195	+	186	42460125	683
chr19	42459442	42659442	harbor2	chr19	42480616	42481046	LTR/ERV1	2065	+	215	42480831	21389
chr19	42459442	42659442	harbor2	chr19	42557356	42557790	LTR/ERV1	2810	+	217	42557573	98131
chr19	42459442	42659442	harbor2	chr19	42558050	42558112	LTR/ERV1	4106	+	31	42558081	98639
chr19	42459442	42659442	harbor2	chr19	42558406	42558963	LTR/ERV1	4106	+	278	42558684	99242
chr19	46765405	46965405	harbor2	chr19	46805927	46806062	LTR/ERV1	727	+	68	46805995	40590
chr19	46765405	46965405	harbor2	chr19	46821460	46822578	LTR/ERV1	6468	+	559	46822019	56614
chr19	48067153	48267153	harbor2	chr19	48140323	48141025	LTR/ERV1	3137	+	351	48140674	73521
chr19	51596495	51796495	harbor2	chr19	51598979	51599473	LTR/ERV1	3173	+	247	51599226	2731
chr19	51596495	51796495	harbor2	chr19	51632163	51632559	LTR/ERV1	1795	+	198	51632361	35866
chr19	51596495	51796495	harbor2	chr19	51632879	51632952	LTR/ERV1	1795	+	36	51632915	36420
chr19	51596495	51796495	harbor2	chr19	51676237	51677080	LTR/ERV1	6035	+	422	51676659	80164
chr19	51596495	51796495	harbor2	chr19	51681564	51681935	LTR/ERV1	2172	+	186	51681750	85255
chr19	51596495	51796495	harbor2	chr19	51658603	51658863	LTR/ERV1	1033	+	130	51658733	62238
chr19	43052484	43252484	harbor2	chr19	43057400	43057608	LTR/ERV1	1133	+	104	43057504	5020
chr19	43052484	43252484	harbor2	chr19	43058396	43058607	LTR/ERV1	715	+	106	43058502	6018
chr19	43052484	43252484	harbor2	chr19	43078081	43078833	LTR/ERV1	1986	+	376	43078457	25973
chr19	43052484	43252484	harbor2	chr19	43099221	43099966	LTR/ERV1	3564	+	372	43099593	47109
chr19	43052484	43252484	harbor2	chr19	43105492	43106099	LTR/ERV1	3988	+	304	43105796	53312
chr19	43052484	43252484	harbor2	chr19	43106771	43107647	LTR/ERV1	3988	+	438	43107209	54725
chr19	43052484	43252484	harbor2	chr19	43125899	43126443	LTR/ERV1	4611	+	272	43126171	73687
chr19	43052484	43252484	harbor2	chr19	43126877	43127048	LTR/ERV1	1234	+	86	43126963	74479
chr19	53737426	53937426	harbor2	chr19	53769073	53769384	LTR/ERV1	853	+	156	53769229	31803
chr19	53737426	53937426	harbor2	chr19	53780548	53780872	LTR/ERV1	963	+	162	53780710	43284
chr19	53737426	53937426	harbor2	chr19	53831404	53831854	LTR/ERV1	3444	+	225	53831629	94203
chr19	53737426	53937426	harbor2	chr19	53831857	53835005	LTR/ERV1	10019	+	1574	53833431	96005
chr19	53737426	53937426	harbor2	chr19	53835000	53835146	LTR/ERV1	834	+	73	53835073	97647
chr19	53737426	53937426	harbor2	chr19	53835137	53835639	LTR/ERV1	3350	+	251	53835388	97962
chr19	53737426	53937426	harbor2	chr19	53835642	53836300	LTR/ERV1	4125	+	329	53835971	98545
chr19	53737426	53937426	harbor2	chr19	53836302	53836519	LTR/ERV1	1355	+	108	53836410	98984
chr19	53737426	53937426	harbor2	chr19	53836518	53836897	LTR/ERV1	2441	+	190	53836708	99282
chr19	53737426	53937426	harbor2	chr19	53836898	53837348	LTR/ERV1	3616	+	225	53837123	99697
chr19	32459460	32659460	harbor2	chr19	32487171	32487809	LTR/ERV1	4241	+	319	32487490	28030
chr19	32459460	32659460	harbor2	chr19	32498291	32498826	LTR/ERV1	2823	+	268	32498559	39099
chr19	32459460	32659460	harbor2	chr19	32532240	32532481	LTR/ERV1	659	+	120	32532360	72900
chr19	32459460	32659460	harbor2	chr19	32558683	32559148	LTR/ERV1	2043	+	232	32558915	99455
chr19	50822301	51022301	harbor2	chr19	50865709	50866507	LTR/ERV1	1828	+	399	50866108	43807
chr19	48173744	48373744	harbor2	chr19	48201261	48201468	LTR/ERV1	1155	+	104	48201365	27621
chr19	48173744	48373744	harbor2	chr19	48202502	48202852	LTR/ERV1	2681	+	175	48202677	28933
chr19	48173744	48373744	harbor2	chr19	48203151	48203197	LTR/ERV1	2681	+	23	48203174	29430
chr19	48173744	48373744	harbor2	chr19	48206418	48206823	LTR/ERV1	1887	+	202	48206620	32876
chr19	48173744	48373744	harbor2	chr19	48214208	48214769	LTR/ERV1	3860	+	280	48214488	40744
chr19	48173744	48373744	harbor2	chr19	48215090	48215276	LTR/ERV1	3860	+	93	48215183	41439
chr19	48173744	48373744	harbor2	chr19	48254703	48255085	LTR/ERV1	2155	+	191	48254894	81150
chr19	48173744	48373744	harbor2	chr19	48255380	48255425	LTR/ERV1	2155	+	22	48255402	81658
chr19	48173744	48373744	harbor2	chr19	48265292	48265679	LTR/ERV1	3047	+	194	48265486	91742
chr19	48173744	48373744	harbor2	chr19	48269717	48270187	LTR/ERV1	3891	+	235	48269952	96208
chr19	46450622	46650622	harbor2	chr19	46472183	46472664	LTR/ERV1	2766	+	240	46472423	21801
chr19	46450622	46650622	harbor2	chr19	46474090	46474374	LTR/ERV1	1390	+	142	46474232	23610
chr19	46450622	46650622	harbor2	chr19	46484635	46484894	LTR/ERV1	1442	+	130	46484765	34143
chr19	46450622	46650622	harbor2	chr19	46511636	46511857	LTR/ERV1	1412	+	110	46511746	61124
chr19	46450622	46650622	harbor2	chr19	46512141	46512287	LTR/ERV1	1412	+	73	46512214	61592
chr19	55358494	55558494	harbor2	chr19	55419211	55420356	LTR/ERV1	5961	+	572	55419783	61289
chr19	43895827	44095827	harbor2	chr19	43936331	43936700	LTR/ERV1	1285	+	184	43936515	40688
chr19	43895827	44095827	harbor2	chr19	43936885	43937218	LTR/ERV1	2723	+	166	43937051	41224
chr19	43895827	44095827	harbor2	chr19	43937509	43938002	LTR/ERV1	2723	+	246	43937755	41928
chr19	41603206	41803206	harbor2	chr19	41639975	41640224	LTR/ERV1	1063	+	124	41640099	36893
chr19	56076726	56276726	harbor2	chr19	56078017	56078243	LTR/ERV1	1152	+	113	56078130	1404
chr19	31758897	31958897	harbor2	chr19	31764559	31765348	LTR/ERV1	3522	+	394	31764953	6056
chr19	31758897	31958897	harbor2	chr19	31767376	31767860	LTR/ERV1	1305	+	242	31767618	8721
chr19	31758897	31958897	harbor2	chr19	31803842	31804441	LTR/ERV1	4301	+	300	31804142	45245
chr19	29315906	29515906	harbor2	chr19	29371225	29371642	LTR/ERV1	1447	+	208	29371433	55527
chr19	47946232	48146232	harbor2	chr19	47946348	47946426	LTR/ERV1	823	+	39	47946387	155
chr19	47946232	48146232	harbor2	chr19	47951338	47951409	LTR/ERV1	823	+	36	47951374	5142
chr19	47946232	48146232	harbor2	chr19	47951736	47951814	LTR/ERV1	823	+	39	47951775	5543
chr19	47946232	48146232	harbor2	chr19	47956726	47956797	LTR/ERV1	823	+	36	47956762	10530
chr19	47946232	48146232	harbor2	chr19	47957119	47957197	LTR/ERV1	823	+	39	47957158	10926
chr19	47946232	48146232	harbor2	chr19	47998447	47998508	LTR/ERV1	865	+	30	47998477	52245
chr19	47946232	48146232	harbor2	chr19	47998807	47998967	LTR/ERV1	865	+	80	47998887	52655
chr19	39447518	39647518	harbor2	chr19	39493404	39493821	LTR/ERV1	2601	+	208	39493612	46094
chr19	39447518	39647518	harbor2	chr19	39546714	39547161	LTR/ERV1	2060	+	224	39546938	99420
chr19	42019338	42219338	harbor2	chr19	42020458	42020881	LTR/ERV1	3466	+	212	42020670	1332
chr19	43317526	43517526	harbor2	chr19	43318788	43319039	LTR/ERV1	1376	+	126	43318914	1388
chr19	43317526	43517526	harbor2	chr19	43319559	43319767	LTR/ERV1	1376	+	104	43319663	2137
chr19	43317526	43517526	harbor2	chr19	43319768	43320299	LTR/ERV1	4054	+	266	43320034	2508
chr19	43317526	43517526	harbor2	chr19	43320611	43320801	LTR/ERV1	4054	+	95	43320706	3180
chr19	43317526	43517526	harbor2	chr19	43321400	43323080	LTR/ERV1	4434	+	840	43322240	4714
chr19	43317526	43517526	harbor2	chr19	43338339	43338847	LTR/ERV1	1585	+	254	43338593	21067
chr19	43317526	43517526	harbor2	chr19	43382950	43383131	LTR/ERV1	2947	+	90	43383040	65514
chr19	43317526	43517526	harbor2	chr19	43383434	43383737	LTR/ERV1	2947	+	152	43383586	66060
chr19	43317526	43517526	harbor2	chr19	43388276	43388887	LTR/ERV1	3199	+	306	43388582	71056
chr19	43317526	43517526	harbor2	chr19	43398839	43399046	LTR/ERV1	727	+	104	43398943	81417
chr19	43317526	43517526	harbor2	chr19	43412858	43413225	LTR/ERV1	3515	+	184	43413042	95516
chr19	43317526	43517526	harbor2	chr19	43413512	43413640	LTR/ERV1	3515	+	64	43413576	96050
chr19	53171747	53371747	harbor2	chr19	53225659	53226015	LTR/ERV1	2413	+	178	53225837	54090
chr19	53171747	53371747	harbor2	chr19	53226271	53226367	LTR/ERV1	2413	+	48	53226319	54572
chr19	58503856	58703856	harbor2	chr19	58528021	58528377	LTR/ERV1	2543	+	178	58528199	24343
chr19	58120451	58320451	harbor2	chr19	58148898	58149437	LTR/ERV1	3839	+	270	58149168	28717
chr19	58120451	58320451	harbor2	chr19	58157128	58158413	LTR/ERV1	8079	+	642	58157770	37319
chr19	58120451	58320451	harbor2	chr19	58217514	58218061	LTR/ERV1	4085	+	274	58217788	97337
chr19	52102372	52302372	harbor2	chr19	52102788	52103331	LTR/ERV1	2112	+	272	52103060	688
chr19	52102372	52302372	harbor2	chr19	52103333	52103895	LTR/ERV1	7893	+	281	52103614	1242
chr19	52102372	52302372	harbor2	chr19	52104191	52104730	LTR/ERV1	7893	+	270	52104461	2089
chr19	52102372	52302372	harbor2	chr19	52105016	52105041	LTR/ERV1	7893	+	12	52105028	2656
chr19	52102372	52302372	harbor2	chr19	52105329	52105764	LTR/ERV1	7893	+	218	52105547	3175
chr19	52102372	52302372	harbor2	chr19	52106047	52106152	LTR/ERV1	7893	+	52	52106099	3727
chr19	52102372	52302372	harbor2	chr19	52106462	52106910	LTR/ERV1	2868	+	224	52106686	4314
chr19	52102372	52302372	harbor2	chr19	52107237	52107649	LTR/ERV1	2431	+	206	52107443	5071
chr19	52102372	52302372	harbor2	chr19	52141845	52142566	LTR/ERV1	4095	+	360	52142205	39833
chr19	52102372	52302372	harbor2	chr19	52146518	52147147	LTR/ERV1	3515	+	314	52146832	44460
chr19	52102372	52302372	harbor2	chr19	52147163	52147565	LTR/ERV1	2598	+	201	52147364	44992
chr19	52102372	52302372	harbor2	chr19	52147866	52147969	LTR/ERV1	2598	+	52	52147918	45546
chr19	52102372	52302372	harbor2	chr19	52148062	52148503	LTR/ERV1	1657	+	220	52148282	45910
chr19	52102372	52302372	harbor2	chr19	52148502	52148700	LTR/ERV1	6690	+	99	52148601	46229
chr19	52102372	52302372	harbor2	chr19	52148995	52150045	LTR/ERV1	6690	+	525	52149520	47148
chr19	52102372	52302372	harbor2	chr19	52150658	52150874	LTR/ERV1	7496	+	108	52150766	48394
chr19	52102372	52302372	harbor2	chr19	52151171	52152215	LTR/ERV1	7496	+	522	52151693	49321
chr19	52102372	52302372	harbor2	chr19	52178038	52178348	LTR/ERV1	2107	+	155	52178193	75821
chr19	52102372	52302372	harbor2	chr19	52178653	52178713	LTR/ERV1	2107	+	30	52178683	76311
chr19	47391365	47591365	harbor2	chr19	47392829	47393269	LTR/ERV1	3245	+	220	47393049	1684
chr19	47391365	47591365	harbor2	chr19	47393272	47397073	LTR/ERV1	8376	+	1900	47395172	3807
chr19	47391365	47591365	harbor2	chr19	47397076	47397719	LTR/ERV1	3955	+	322	47397398	6033
chr19	47391365	47591365	harbor2	chr19	47397721	47397937	LTR/ERV1	1247	+	108	47397829	6464
chr19	47391365	47591365	harbor2	chr19	47397936	47398315	LTR/ERV1	2183	+	190	47398126	6761
chr19	47391365	47591365	harbor2	chr19	47398316	47398756	LTR/ERV1	3209	+	220	47398536	7171
chr19	52430626	52630626	harbor2	chr19	52484546	52484943	LTR/ERV1	2680	+	198	52484744	54118
chr19	52430626	52630626	harbor2	chr19	52516488	52516920	LTR/ERV1	3241	+	216	52516704	86078
chr19	52430626	52630626	harbor2	chr19	52523997	52524129	LTR/ERV1	783	+	66	52524063	93437
chr19	52430626	52630626	harbor2	chr19	52524414	52524539	LTR/ERV1	783	+	62	52524476	93850
chr19	52430626	52630626	harbor2	chr19	52524564	52524698	LTR/ERV1	2166	+	67	52524631	94005
chr19	52430626	52630626	harbor2	chr19	52525005	52525333	LTR/ERV1	2166	+	164	52525169	94543
chr19	52430626	52630626	harbor2	chr19	52525335	52525672	LTR/ERV1	1389	+	168	52525503	94877
chr19	52896023	53096023	harbor2	chr19	52896742	52897158	LTR/ERV1	2051	+	208	52896950	927
chr19	52896023	53096023	harbor2	chr19	52905183	52905448	LTR/ERV1	1952	+	132	52905315	9292
chr19	52896023	53096023	harbor2	chr19	52920546	52920938	LTR/ERV1	2794	+	196	52920742	24719
chr19	52896023	53096023	harbor2	chr19	52923622	52924121	LTR/ERV1	3706	+	250	52923872	27849
chr19	52896023	53096023	harbor2	chr19	52956727	52957204	LTR/ERV1	3400	+	238	52956965	60942
chr19	52896023	53096023	harbor2	chr19	52957205	52957363	LTR/ERV1	1106	+	79	52957284	61261
chr19	52896023	53096023	harbor2	chr19	52957363	52960571	LTR/ERV1	22418	+	1604	52958967	62944
chr19	52896023	53096023	harbor2	chr19	52960545	52962193	LTR/ERV1	11115	+	824	52961369	65346
chr19	52896023	53096023	harbor2	chr19	52962265	52962469	LTR/ERV1	1017	+	102	52962367	66344
chr19	23448983	23648983	harbor2	chr19	23507385	23507773	LTR/ERV1	2089	+	194	23507579	58596
chr19	23448983	23648983	harbor2	chr19	23511362	23511632	LTR/ERV1	2337	+	135	23511497	62514
chr19	23448983	23648983	harbor2	chr19	23511939	23512153	LTR/ERV1	2337	+	107	23512046	63063
chr19	23448983	23648983	harbor2	chr19	23520080	23520214	LTR/ERV1	811	+	67	23520147	71164
chr19	57823575	58023575	harbor2	chr19	57827477	57827799	LTR/ERV1	2646	+	161	57827638	4063
chr19	57823575	58023575	harbor2	chr19	57827997	57828169	LTR/ERV1	871	+	86	57828083	4508
chr19	57823575	58023575	harbor2	chr19	57847313	57847875	LTR/ERV1	2032	+	281	57847594	24019
chr19	57823575	58023575	harbor2	chr19	57887511	57888152	LTR/ERV1	2774	+	320	57887831	64256
chr19	57823575	58023575	harbor2	chr19	57890886	57891243	LTR/ERV1	2817	+	178	57891064	67489
chr19	57823575	58023575	harbor2	chr19	57891540	57891569	LTR/ERV1	2817	+	14	57891554	67979
chr19	57823575	58023575	harbor2	chr19	57892052	57892251	LTR/ERV1	1635	+	100	57892152	68577
chr19	57823575	58023575	harbor2	chr19	57892252	57893158	LTR/ERV1	4805	+	453	57892705	69130
chr19	57823575	58023575	harbor2	chr19	57915507	57916213	LTR/ERV1	3085	+	353	57915860	92285
chr19	57823575	58023575	harbor2	chr19	57917557	57917966	LTR/ERV1	2932	+	204	57917761	94186
chr19	57823575	58023575	harbor2	chr19	57918246	57918301	LTR/ERV1	2932	+	28	57918274	94699
chr19	57823575	58023575	harbor2	chr19	57918767	57919313	LTR/ERV1	4278	+	273	57919040	95465
chr19	57823575	58023575	harbor2	chr19	57919621	57919669	LTR/ERV1	4278	+	24	57919645	96070
chr19	56753361	56953361	harbor2	chr19	56797892	56798339	LTR/ERV1	1731	+	224	56798116	44755
chr19	56753361	56953361	harbor2	chr19	56800219	56800934	LTR/ERV1	2544	+	358	56800577	47216
chr19	56753361	56953361	harbor2	chr19	56801236	56801300	LTR/ERV1	1095	+	32	56801268	47907
chr19	56753361	56953361	harbor2	chr19	56802385	56802795	LTR/ERV1	631	+	205	56802590	49229
chr19	32971289	33171289	harbor2	chr19	32996345	32996866	LTR/ERV1	2647	+	260	32996605	25316
chr19	32971289	33171289	harbor2	chr19	33035599	33035834	LTR/ERV1	1861	+	118	33035717	64428
chr19	32971289	33171289	harbor2	chr19	33036146	33036186	LTR/ERV1	1861	+	20	33036166	64877
chr19	32971289	33171289	harbor2	chr19	33036456	33037857	LTR/ERV1	10276	+	700	33037156	65867
chr19	58442532	58642532	harbor2	chr19	58460025	58460629	LTR/ERV1	1012	+	302	58460327	17795
chr19	58442532	58642532	harbor2	chr19	58460626	58460686	LTR/ERV1	3219	+	30	58460656	18124
chr19	58442532	58642532	harbor2	chr19	58460987	58461867	LTR/ERV1	3219	+	440	58461427	18895
chr19	58442532	58642532	harbor2	chr19	58462175	58462224	LTR/ERV1	3219	+	24	58462199	19667
chr19	58442532	58642532	harbor2	chr19	58488940	58489636	LTR/ERV1	5160	+	348	58489288	46756
chr19	58442532	58642532	harbor2	chr19	58528021	58528377	LTR/ERV1	2543	+	178	58528199	85667
chr19	28452276	28652276	harbor2	chr19	28452546	28452827	LTR/ERV1	2298	+	140	28452686	410
chr19	28452276	28652276	harbor2	chr19	28452828	28453464	LTR/ERV1	3128	+	318	28453146	870
chr19	28452276	28652276	harbor2	chr19	28458180	28458663	LTR/ERV1	1548	+	242	28458422	6146
chr19	28452276	28652276	harbor2	chr19	28482092	28482610	LTR/ERV1	1607	+	259	28482351	30075
chr19	28452276	28652276	harbor2	chr19	28508471	28508545	LTR/ERV1	1682	+	37	28508508	56232
chr19	28452276	28652276	harbor2	chr19	28522096	28522646	LTR/ERV1	4387	+	275	28522371	70095
chr19	28452276	28652276	harbor2	chr19	28525251	28525579	LTR/ERV1	12670	+	164	28525415	73139
chr19	28452276	28652276	harbor2	chr19	28525895	28528650	LTR/ERV1	12670	+	1378	28527273	74997
chr19	28452276	28652276	harbor2	chr19	28528651	28529205	LTR/ERV1	4370	+	277	28528928	76652
chr19	28452276	28652276	harbor2	chr19	28550751	28551157	LTR/ERV1	5058	+	203	28550954	98678
chr19	28452276	28652276	harbor2	chr19	28551451	28551918	LTR/ERV1	5058	+	234	28551685	99409
chr19	28452276	28652276	harbor2	chr19	28458672	28459194	LTR/ERV1	2845	+	261	28458933	6657
chr19	28452276	28652276	harbor2	chr19	28507715	28508187	LTR/ERV1	1682	+	236	28507951	55675
chr19	28452276	28652276	harbor2	chr19	28522669	28524913	LTR/ERV1	6845	+	1122	28523791	71515
chr19	33452479	33652479	harbor2	chr19	33502387	33502922	LTR/ERV1	1519	+	268	33502655	50176
chr19	33452479	33652479	harbor2	chr19	33532438	33532567	LTR/ERV1	822	+	64	33532502	80023
chr19	33452479	33652479	harbor2	chr19	33539093	33539182	LTR/ERV1	1281	+	44	33539137	86658
chr19	33452479	33652479	harbor2	chr19	33539489	33539755	LTR/ERV1	1281	+	133	33539622	87143
chr19	33452479	33652479	harbor2	chr19	33540068	33540248	LTR/ERV1	1281	+	90	33540158	87679
chr19	33452479	33652479	harbor2	chr19	33540530	33540576	LTR/ERV1	1281	+	23	33540553	88074
chr19	57875476	58075476	harbor2	chr19	57887511	57888152	LTR/ERV1	2774	+	320	57887831	12355
chr19	57875476	58075476	harbor2	chr19	57890886	57891243	LTR/ERV1	2817	+	178	57891064	15588
chr19	57875476	58075476	harbor2	chr19	57891540	57891569	LTR/ERV1	2817	+	14	57891554	16078
chr19	57875476	58075476	harbor2	chr19	57892052	57892251	LTR/ERV1	1635	+	100	57892152	16676
chr19	57875476	58075476	harbor2	chr19	57892252	57893158	LTR/ERV1	4805	+	453	57892705	17229
chr19	57875476	58075476	harbor2	chr19	57915507	57916213	LTR/ERV1	3085	+	353	57915860	40384
chr19	57875476	58075476	harbor2	chr19	57917557	57917966	LTR/ERV1	2932	+	204	57917761	42285
chr19	57875476	58075476	harbor2	chr19	57918246	57918301	LTR/ERV1	2932	+	28	57918274	42798
chr19	57875476	58075476	harbor2	chr19	57918767	57919313	LTR/ERV1	4278	+	273	57919040	43564
chr19	57875476	58075476	harbor2	chr19	57919621	57919669	LTR/ERV1	4278	+	24	57919645	44169
chr19	57875476	58075476	harbor2	chr19	57970090	57970535	LTR/ERV1	2480	+	222	57970312	94836
chr19	53741217	53941217	harbor2	chr19	53769073	53769384	LTR/ERV1	853	+	156	53769229	28012
chr19	53741217	53941217	harbor2	chr19	53780548	53780872	LTR/ERV1	963	+	162	53780710	39493
chr19	53741217	53941217	harbor2	chr19	53831404	53831854	LTR/ERV1	3444	+	225	53831629	90412
chr19	53741217	53941217	harbor2	chr19	53831857	53835005	LTR/ERV1	10019	+	1574	53833431	92214
chr19	53741217	53941217	harbor2	chr19	53835000	53835146	LTR/ERV1	834	+	73	53835073	93856
chr19	53741217	53941217	harbor2	chr19	53835137	53835639	LTR/ERV1	3350	+	251	53835388	94171
chr19	53741217	53941217	harbor2	chr19	53835642	53836300	LTR/ERV1	4125	+	329	53835971	94754
chr19	53741217	53941217	harbor2	chr19	53836302	53836519	LTR/ERV1	1355	+	108	53836410	95193
chr19	53741217	53941217	harbor2	chr19	53836518	53836897	LTR/ERV1	2441	+	190	53836708	95491
chr19	53741217	53941217	harbor2	chr19	53836898	53837348	LTR/ERV1	3616	+	225	53837123	95906
chr19	44347879	44547879	harbor2	chr19	44369282	44370004	LTR/ERV1	3892	+	361	44369643	21764
chr19	44347879	44547879	harbor2	chr19	44375612	44375893	LTR/ERV1	938	+	140	44375752	27873
chr19	28563907	28763907	harbor2	chr19	28582762	28583191	LTR/ERV1	2343	+	214	28582976	19069
chr19	28563907	28763907	harbor2	chr19	28603020	28603116	LTR/ERV1	2238	+	48	28603068	39161
chr19	28563907	28763907	harbor2	chr19	28603427	28603861	LTR/ERV1	2238	+	217	28603644	39737
chr19	28563907	28763907	harbor2	chr19	28606630	28606838	LTR/ERV1	1522	+	104	28606734	42827
chr19	28563907	28763907	harbor2	chr19	28606839	28607227	LTR/ERV1	2582	+	194	28607033	43126
chr19	28563907	28763907	harbor2	chr19	28607468	28613524	LTR/ERV1	33644	+	3028	28610496	46589
chr19	28563907	28763907	harbor2	chr19	28613571	28614817	LTR/ERV1	25947	+	623	28614194	50287
chr19	28563907	28763907	harbor2	chr19	28614818	28615273	LTR/ERV1	1527	+	228	28615046	51139
chr19	28563907	28763907	harbor2	chr19	28631240	28631686	LTR/ERV1	2380	+	223	28631463	67556
chr19	44029636	44229636	harbor2	chr19	44050454	44051025	LTR/ERV1	2229	+	286	44050740	21104
chr19	44029636	44229636	harbor2	chr19	44071041	44071520	LTR/ERV1	3483	+	240	44071281	41645
chr19	52462173	52662173	harbor2	chr19	52484546	52484943	LTR/ERV1	2680	+	198	52484744	22571
chr19	52462173	52662173	harbor2	chr19	52516488	52516920	LTR/ERV1	3241	+	216	52516704	54531
chr19	52462173	52662173	harbor2	chr19	52523997	52524129	LTR/ERV1	783	+	66	52524063	61890
chr19	52462173	52662173	harbor2	chr19	52524414	52524539	LTR/ERV1	783	+	62	52524476	62303
chr19	52462173	52662173	harbor2	chr19	52524564	52524698	LTR/ERV1	2166	+	67	52524631	62458
chr19	52462173	52662173	harbor2	chr19	52525005	52525333	LTR/ERV1	2166	+	164	52525169	62996
chr19	52462173	52662173	harbor2	chr19	52525335	52525672	LTR/ERV1	1389	+	168	52525503	63330
chr19	52462173	52662173	harbor2	chr19	52534242	52534575	LTR/ERV1	1369	+	166	52534408	72235
chr19	50776081	50976081	harbor2	chr19	50865709	50866507	LTR/ERV1	1828	+	399	50866108	90027
chr19	50254588	50454588	harbor2	chr19	50340155	50340701	LTR/ERV1	3803	+	273	50340428	85840
chr19	50254588	50454588	harbor2	chr19	50341007	50341155	LTR/ERV1	3803	+	74	50341081	86493
chr19	53163353	53363353	harbor2	chr19	53225659	53226015	LTR/ERV1	2413	+	178	53225837	62484
chr19	53163353	53363353	harbor2	chr19	53226271	53226367	LTR/ERV1	2413	+	48	53226319	62966
chr19	33507401	33707401	harbor2	chr19	33532438	33532567	LTR/ERV1	822	+	64	33532502	25101
chr19	33507401	33707401	harbor2	chr19	33539093	33539182	LTR/ERV1	1281	+	44	33539137	31736
chr19	33507401	33707401	harbor2	chr19	33539489	33539755	LTR/ERV1	1281	+	133	33539622	32221
chr19	33507401	33707401	harbor2	chr19	33540068	33540248	LTR/ERV1	1281	+	90	33540158	32757
chr19	33507401	33707401	harbor2	chr19	33540530	33540576	LTR/ERV1	1281	+	23	33540553	33152
chr19	33507401	33707401	harbor2	chr19	33568542	33569199	LTR/ERV1	2870	+	328	33568870	61469
chr19	33507401	33707401	harbor2	chr19	33569386	33569928	LTR/ERV1	4155	+	271	33569657	62256
chr19	33507401	33707401	harbor2	chr19	33586645	33586745	LTR/ERV1	795	+	50	33586695	79294
chr19	33507401	33707401	harbor2	chr19	33593953	33594641	LTR/ERV1	2197	+	344	33594297	86896
chr19	33507401	33707401	harbor2	chr19	33601127	33601838	LTR/ERV1	2646	+	356	33601483	94082
chr19	33507401	33707401	harbor2	chr19	33605866	33606419	LTR/ERV1	4383	+	276	33606142	98741
chr19	33507401	33707401	harbor2	chr19	33586884	33587250	LTR/ERV1	2740	+	183	33587067	79666
chr19	56752259	56952259	harbor2	chr19	56797892	56798339	LTR/ERV1	1731	+	224	56798116	45857
chr19	56752259	56952259	harbor2	chr19	56800219	56800934	LTR/ERV1	2544	+	358	56800577	48318
chr19	56752259	56952259	harbor2	chr19	56801236	56801300	LTR/ERV1	1095	+	32	56801268	49009
chr19	56752259	56952259	harbor2	chr19	56802385	56802795	LTR/ERV1	631	+	205	56802590	50331
chr19	45571822	45771822	harbor2	chr19	45578001	45578544	LTR/ERV1	3869	+	272	45578273	6451
chr19	33310342	33510342	harbor2	chr19	33336556	33336682	LTR/ERV1	629	+	63	33336619	26277
chr19	57896331	58096331	harbor2	chr19	57915507	57916213	LTR/ERV1	3085	+	353	57915860	19529
chr19	57896331	58096331	harbor2	chr19	57917557	57917966	LTR/ERV1	2932	+	204	57917761	21430
chr19	57896331	58096331	harbor2	chr19	57918246	57918301	LTR/ERV1	2932	+	28	57918274	21943
chr19	57896331	58096331	harbor2	chr19	57918767	57919313	LTR/ERV1	4278	+	273	57919040	22709
chr19	57896331	58096331	harbor2	chr19	57919621	57919669	LTR/ERV1	4278	+	24	57919645	23314
chr19	57896331	58096331	harbor2	chr19	57970090	57970535	LTR/ERV1	2480	+	222	57970312	73981
chr19	55659254	55859254	harbor2	chr19	55733617	55733746	LTR/ERV1	655	+	64	55733681	74427
chr19	55659254	55859254	harbor2	chr19	55733747	55733919	LTR/ERV1	899	+	86	55733833	74579
chr19	23580744	23780744	harbor2	chr19	23666052	23666677	LTR/ERV1	3338	+	312	23666364	85620
chr19	23580744	23780744	harbor2	chr19	23666679	23666926	LTR/ERV1	634	+	124	23666803	86059
chr19	23580744	23780744	harbor2	chr19	23669092	23669593	LTR/ERV1	14507	+	250	23669342	88598
chr19	23580744	23780744	harbor2	chr19	23669876	23671676	LTR/ERV1	14507	+	900	23670776	90032
chr19	57442269	57642269	harbor2	chr19	57525573	57526089	LTR/ERV1	2579	+	258	57525831	83562
chr19	41953954	42153954	harbor2	chr19	42020458	42020881	LTR/ERV1	3466	+	212	42020670	66716
chr19	46042636	46242636	harbor2	chr19	46079791	46080252	LTR/ERV1	836	+	230	46080021	37385
chr19	46042636	46242636	harbor2	chr19	46080408	46080481	LTR/ERV1	836	+	36	46080444	37808
chr19	46042636	46242636	harbor2	chr19	46101890	46102116	LTR/ERV1	626	+	113	46102003	59367
chr19	46042636	46242636	harbor2	chr19	46109975	46110374	LTR/ERV1	961	+	200	46110175	67539
chr19	46042636	46242636	harbor2	chr19	46113920	46114459	LTR/ERV1	2727	+	270	46114190	71554
chr19	49549947	49749947	harbor2	chr19	49579292	49579734	LTR/ERV1	2218	+	221	49579513	29566
chr19	55929080	56129080	harbor2	chr19	55937793	55938330	LTR/ERV1	4044	+	268	55938061	8981
chr19	57134153	57334153	harbor2	chr19	57141445	57141481	LTR/ERV1	1803	+	18	57141463	7310
chr19	57134153	57334153	harbor2	chr19	57141518	57141617	LTR/ERV1	1803	+	50	57141568	7415
chr19	57134153	57334153	harbor2	chr19	57141864	57142137	LTR/ERV1	1803	+	136	57142000	7847
chr19	57134153	57334153	harbor2	chr19	57172534	57172693	LTR/ERV1	1067	+	80	57172614	38461
chr19	57134153	57334153	harbor2	chr19	57172998	57173036	LTR/ERV1	1067	+	19	57173017	38864
chr19	57134153	57334153	harbor2	chr19	57181546	57181759	LTR/ERV1	4102	+	106	57181652	47499
chr19	57134153	57334153	harbor2	chr19	57182059	57182439	LTR/ERV1	4102	+	190	57182249	48096
chr19	57134153	57334153	harbor2	chr19	57187710	57187815	LTR/ERV1	726	+	52	57187762	53609
chr19	57134153	57334153	harbor2	chr19	57187817	57188147	LTR/ERV1	1898	+	165	57187982	53829
chr19	57134153	57334153	harbor2	chr19	57188349	57188639	LTR/ERV1	1333	+	145	57188494	54341
chr19	57134153	57334153	harbor2	chr19	57188802	57188920	LTR/ERV1	3128	+	59	57188861	54708
chr19	57134153	57334153	harbor2	chr19	57189229	57189661	LTR/ERV1	3128	+	216	57189445	55292
chr19	57134153	57334153	harbor2	chr19	57189954	57190017	LTR/ERV1	3128	+	32	57189986	55833
chr19	57134153	57334153	harbor2	chr19	57190020	57190109	LTR/ERV1	666	+	44	57190064	55911
chr19	57134153	57334153	harbor2	chr19	57190110	57190615	LTR/ERV1	2897	+	252	57190362	56209
chr19	56750148	56950148	harbor2	chr19	56797892	56798339	LTR/ERV1	1731	+	224	56798116	47968
chr19	56750148	56950148	harbor2	chr19	56800219	56800934	LTR/ERV1	2544	+	358	56800577	50429
chr19	56750148	56950148	harbor2	chr19	56801236	56801300	LTR/ERV1	1095	+	32	56801268	51120
chr19	56750148	56950148	harbor2	chr19	56802385	56802795	LTR/ERV1	631	+	205	56802590	52442
chr19	58441921	58641921	harbor2	chr19	58460025	58460629	LTR/ERV1	1012	+	302	58460327	18406
chr19	58441921	58641921	harbor2	chr19	58460626	58460686	LTR/ERV1	3219	+	30	58460656	18735
chr19	58441921	58641921	harbor2	chr19	58460987	58461867	LTR/ERV1	3219	+	440	58461427	19506
chr19	58441921	58641921	harbor2	chr19	58462175	58462224	LTR/ERV1	3219	+	24	58462199	20278
chr19	58441921	58641921	harbor2	chr19	58488940	58489636	LTR/ERV1	5160	+	348	58489288	47367
chr19	58441921	58641921	harbor2	chr19	58528021	58528377	LTR/ERV1	2543	+	178	58528199	86278
chr19	28490522	28690522	harbor2	chr19	28508471	28508545	LTR/ERV1	1682	+	37	28508508	17986
chr19	28490522	28690522	harbor2	chr19	28522096	28522646	LTR/ERV1	4387	+	275	28522371	31849
chr19	28490522	28690522	harbor2	chr19	28525251	28525579	LTR/ERV1	12670	+	164	28525415	34893
chr19	28490522	28690522	harbor2	chr19	28525895	28528650	LTR/ERV1	12670	+	1378	28527273	36751
chr19	28490522	28690522	harbor2	chr19	28528651	28529205	LTR/ERV1	4370	+	277	28528928	38406
chr19	28490522	28690522	harbor2	chr19	28550751	28551157	LTR/ERV1	5058	+	203	28550954	60432
chr19	28490522	28690522	harbor2	chr19	28551451	28551918	LTR/ERV1	5058	+	234	28551685	61163
chr19	28490522	28690522	harbor2	chr19	28582762	28583191	LTR/ERV1	2343	+	214	28582976	92454
chr19	28490522	28690522	harbor2	chr19	28507715	28508187	LTR/ERV1	1682	+	236	28507951	17429
chr19	28490522	28690522	harbor2	chr19	28522669	28524913	LTR/ERV1	6845	+	1122	28523791	33269
chr19	45300476	45500476	harbor2	chr19	45331402	45331707	LTR/ERV1	1657	+	152	45331554	31078
chr19	45300476	45500476	harbor2	chr19	45332021	45332123	LTR/ERV1	1657	+	51	45332072	31596
chr19	45300476	45500476	harbor2	chr19	45375084	45375131	LTR/ERV1	1551	+	24	45375108	74632
chr19	45300476	45500476	harbor2	chr19	45375446	45375536	LTR/ERV1	1551	+	45	45375491	75015
chr19	45300476	45500476	harbor2	chr19	45375859	45376092	LTR/ERV1	1551	+	116	45375975	75499
chr19	45300476	45500476	harbor2	chr19	45390230	45390717	LTR/ERV1	3880	+	244	45390474	89998
chr19	58232447	58432447	harbor2	chr19	58274863	58275354	LTR/ERV1	1720	+	246	58275109	42662
chr19	58232447	58432447	harbor2	chr19	58277944	58278458	LTR/ERV1	3638	+	257	58278201	45754
chr19	41458890	41658890	harbor2	chr19	41480235	41480853	LTR/ERV1	3624	+	309	41480544	21654
chr19	41458890	41658890	harbor2	chr19	41501866	41502087	LTR/ERV1	1362	+	110	41501976	43086
chr19	41458890	41658890	harbor2	chr19	41536367	41537235	LTR/ERV1	3578	+	434	41536801	77911
chr19	41458890	41658890	harbor2	chr19	41537355	41539698	LTR/ERV1	14635	+	1172	41538527	79637
chr19	41458890	41658890	harbor2	chr19	41539689	41539822	LTR/ERV1	970	+	66	41539755	80865
chr19	41458890	41658890	harbor2	chr19	41539835	41540526	LTR/ERV1	4403	+	346	41540181	81291
chr19	41458890	41658890	harbor2	chr19	41546983	41547615	LTR/ERV1	3445	+	316	41547299	88409
chr19	48263877	48463877	harbor2	chr19	48265292	48265679	LTR/ERV1	3047	+	194	48265486	1609
chr19	48263877	48463877	harbor2	chr19	48269717	48270187	LTR/ERV1	3891	+	235	48269952	6075
chr19	48263877	48463877	harbor2	chr19	48304646	48304887	LTR/ERV1	1389	+	120	48304766	40889
chr19	48263877	48463877	harbor2	chr19	48308622	48309692	LTR/ERV1	5066	+	535	48309157	45280
chr19	23749556	23949556	harbor2	chr19	23799729	23800016	LTR/ERV1	7643	+	144	23799873	50317
chr19	23749556	23949556	harbor2	chr19	23800340	23800615	LTR/ERV1	7643	+	138	23800478	50922
chr19	23749556	23949556	harbor2	chr19	23800912	23801260	LTR/ERV1	7643	+	174	23801086	51530
chr19	23749556	23949556	harbor2	chr19	23801534	23801881	LTR/ERV1	7643	+	174	23801708	52152
chr19	58473552	58673552	harbor2	chr19	58488940	58489636	LTR/ERV1	5160	+	348	58489288	15736
chr19	58473552	58673552	harbor2	chr19	58528021	58528377	LTR/ERV1	2543	+	178	58528199	54647
chr19	56463868	56663868	harbor2	chr19	56466899	56467062	LTR/ERV1	1054	+	82	56466981	3113
chr19	56463868	56663868	harbor2	chr19	56468269	56468678	LTR/ERV1	2259	+	204	56468473	4605
chr19	56463868	56663868	harbor2	chr19	56499358	56500000	LTR/ERV1	4569	+	321	56499679	35811
chr19	56463868	56663868	harbor2	chr19	56500001	56500113	LTR/ERV1	953	+	56	56500057	36189
chr19	56463868	56663868	harbor2	chr19	56500114	56500266	LTR/ERV1	1153	+	76	56500190	36322
chr19	56463868	56663868	harbor2	chr19	56500267	56500616	LTR/ERV1	1164	+	174	56500441	36573
chr19	34019104	34219104	harbor2	chr19	34027826	34028086	LTR/ERV1	1614	+	130	34027956	8852
chr19	34019104	34219104	harbor2	chr19	34028386	34028396	LTR/ERV1	1614	+	5	34028391	9287
chr19	34019104	34219104	harbor2	chr19	34028692	34028878	LTR/ERV1	1614	+	93	34028785	9681
chr19	34019104	34219104	harbor2	chr19	34031011	34031279	LTR/ERV1	1468	+	134	34031145	12041
chr19	34019104	34219104	harbor2	chr19	34074257	34074372	LTR/ERV1	634	+	58	34074315	55211
chr19	34019104	34219104	harbor2	chr19	34075700	34076456	LTR/ERV1	4213	+	378	34076078	56974
chr19	39770825	39970825	harbor2	chr19	39772200	39772648	LTR/ERV1	1562	+	224	39772424	1599
chr19	33724703	33924703	harbor2	chr19	33733966	33734494	LTR/ERV1	4104	+	264	33734230	9527
chr19	33724703	33924703	harbor2	chr19	33736843	33737352	LTR/ERV1	2463	+	254	33737097	12394
chr19	21480106	21680106	harbor2	chr19	21499774	21499928	LTR/ERV1	768	+	77	21499851	19745
chr19	21480106	21680106	harbor2	chr19	21499973	21499994	LTR/ERV1	768	+	10	21499983	19877
chr19	21480106	21680106	harbor2	chr19	21500003	21500297	LTR/ERV1	10632	+	147	21500150	20044
chr19	21480106	21680106	harbor2	chr19	21501205	21502841	LTR/ERV1	10632	+	818	21502023	21917
chr19	21480106	21680106	harbor2	chr19	21502886	21503086	LTR/ERV1	10632	+	100	21502986	22880
chr19	21480106	21680106	harbor2	chr19	21503184	21503411	LTR/ERV1	1119	+	114	21503298	23192
chr19	21480106	21680106	harbor2	chr19	21519107	21519758	LTR/ERV1	3831	+	326	21519433	39327
chr19	21480106	21680106	harbor2	chr19	21520329	21520550	LTR/ERV1	719	+	110	21520439	40333
chr19	21480106	21680106	harbor2	chr19	21522146	21522636	LTR/ERV1	8329	+	245	21522391	42285
chr19	21480106	21680106	harbor2	chr19	21522910	21523790	LTR/ERV1	8329	+	440	21523350	43244
chr19	21480106	21680106	harbor2	chr19	21526423	21526456	LTR/ERV1	1725	+	16	21526439	46333
chr19	21480106	21680106	harbor2	chr19	21526536	21526777	LTR/ERV1	1725	+	120	21526656	46550
chr19	21480106	21680106	harbor2	chr19	21564031	21564202	LTR/ERV1	1557	+	86	21564117	84011
chr19	21480106	21680106	harbor2	chr19	21564499	21564833	LTR/ERV1	1557	+	167	21564666	84560
chr19	21480106	21680106	harbor2	chr19	21567548	21567771	LTR/ERV1	1338	+	112	21567660	87554
chr19	19996623	20196623	harbor2	chr19	19999338	19999524	LTR/ERV1	753	+	93	19999431	2808
chr19	19996623	20196623	harbor2	chr19	20038498	20038994	LTR/ERV1	2431	+	248	20038746	42123
chr19	19996623	20196623	harbor2	chr19	20045618	20046114	LTR/ERV1	3887	+	248	20045866	49243
chr19	19996623	20196623	harbor2	chr19	20047947	20048375	LTR/ERV1	1739	+	214	20048161	51538
chr19	19996623	20196623	harbor2	chr19	20059608	20060058	LTR/ERV1	3624	+	225	20059833	63210
chr19	19996623	20196623	harbor2	chr19	20068041	20068593	LTR/ERV1	3936	+	276	20068317	71694
chr19	19996623	20196623	harbor2	chr19	20077447	20077760	LTR/ERV1	1079	+	156	20077603	80980
chr19	19996623	20196623	harbor2	chr19	20078679	20078836	LTR/ERV1	654	+	78	20078757	82134
chr19	44367548	44567548	harbor2	chr19	44369282	44370004	LTR/ERV1	3892	+	361	44369643	2095
chr19	44367548	44567548	harbor2	chr19	44375612	44375893	LTR/ERV1	938	+	140	44375752	8204
chr19	56157717	56357717	harbor2	chr19	56219093	56219680	LTR/ERV1	2968	+	294	56219387	61670
chr19	56157717	56357717	harbor2	chr19	56234419	56234436	LTR/ERV1	1460	+	8	56234427	76710
chr19	56157717	56357717	harbor2	chr19	56234437	56234919	LTR/ERV1	4184	+	241	56234678	76961
chr19	56157717	56357717	harbor2	chr19	56234920	56237271	LTR/ERV1	1833	+	1176	56236096	78379
chr19	40813464	41013464	harbor2	chr19	40833689	40834138	LTR/ERV1	3069	+	224	40833913	20449
chr19	40813464	41013464	harbor2	chr19	40864582	40865031	LTR/ERV1	3008	+	224	40864806	51342
chr19	21692080	21892080	harbor2	chr19	21698045	21698223	LTR/ERV1	690	+	89	21698134	6054
chr19	21692080	21892080	harbor2	chr19	21698575	21698608	LTR/ERV1	1031	+	16	21698591	6511
chr19	21692080	21892080	harbor2	chr19	21698923	21699083	LTR/ERV1	1031	+	80	21699003	6923
chr19	21692080	21892080	harbor2	chr19	21699084	21699632	LTR/ERV1	3313	+	274	21699358	7278
chr19	21692080	21892080	harbor2	chr19	21699922	21700036	LTR/ERV1	3313	+	57	21699979	7899
chr19	21692080	21892080	harbor2	chr19	21704430	21704849	LTR/ERV1	2369	+	210	21704640	12560
chr19	21692080	21892080	harbor2	chr19	21713631	21714229	LTR/ERV1	3451	+	299	21713930	21850
chr19	21692080	21892080	harbor2	chr19	21759476	21759894	LTR/ERV1	2461	+	209	21759685	67605
chr19	21692080	21892080	harbor2	chr19	21760204	21760244	LTR/ERV1	5140	+	20	21760224	68144
chr19	21692080	21892080	harbor2	chr19	21760513	21760747	LTR/ERV1	5140	+	117	21760630	68550
chr19	21692080	21892080	harbor2	chr19	21761058	21761946	LTR/ERV1	5140	+	444	21761502	69422
chr19	21692080	21892080	harbor2	chr19	21762195	21762695	LTR/ERV1	5140	+	250	21762445	70365
chr19	21692080	21892080	harbor2	chr19	21762732	21763262	LTR/ERV1	3260	+	265	21762997	70917
chr19	21692080	21892080	harbor2	chr19	21763645	21763895	LTR/ERV1	631	+	125	21763770	71690
chr19	21692080	21892080	harbor2	chr19	21766302	21766711	LTR/ERV1	2649	+	204	21766506	74426
chr19	21692080	21892080	harbor2	chr19	21767007	21767079	LTR/ERV1	2649	+	36	21767043	74963
chr19	21692080	21892080	harbor2	chr19	21777392	21777612	LTR/ERV1	638	+	110	21777502	85422
chr19	51190757	51390757	harbor2	chr19	51246505	51247171	LTR/ERV1	5089	+	333	51246838	56081
chr19	51190757	51390757	harbor2	chr19	51247980	51248558	LTR/ERV1	3498	+	289	51248269	57512
chr19	57640488	57840488	harbor2	chr19	57651646	57653192	LTR/ERV1	4976	+	773	57652419	11931
chr19	57640488	57840488	harbor2	chr19	57696926	57697258	LTR/ERV1	1716	+	166	57697092	56604
chr19	57640488	57840488	harbor2	chr19	57714962	57715157	LTR/ERV1	3189	+	98	57715060	74572
chr19	57640488	57840488	harbor2	chr19	57715489	57715811	LTR/ERV1	3189	+	161	57715650	75162
chr19	57640488	57840488	harbor2	chr19	57653419	57656645	LTR/ERV1	16815	+	1613	57655032	14544
chr19	44396233	44596233	harbor2	chr19	44487501	44487711	LTR/ERV1	1496	+	105	44487606	91373
chr19	44396233	44596233	harbor2	chr19	44488023	44488044	LTR/ERV1	1496	+	10	44488033	91800
chr19	51903102	52103102	harbor2	chr19	51903831	51903863	LTR/ERV1	1095	+	16	51903847	745
chr19	51903102	52103102	harbor2	chr19	51903864	51904282	LTR/ERV1	2838	+	209	51904073	971
chr19	51903102	52103102	harbor2	chr19	51904283	51904415	LTR/ERV1	1095	+	66	51904349	1247
chr19	51903102	52103102	harbor2	chr19	51910107	51910483	LTR/ERV1	2282	+	188	51910295	7193
chr19	51903102	52103102	harbor2	chr19	51982078	51982467	LTR/ERV1	951	+	194	51982272	79170
chr19	46532058	46732058	harbor2	chr19	46556363	46556518	LTR/ERV1	685	+	78	46556441	24383
chr19	46532058	46732058	harbor2	chr19	46557887	46558344	LTR/ERV1	1503	+	228	46558115	26057
chr19	46532058	46732058	harbor2	chr19	46587668	46588412	LTR/ERV1	3984	+	372	46588040	55982
chr19	52573511	52773511	harbor2	chr19	52599207	52599321	LTR/ERV1	1722	+	57	52599264	25753
chr19	52573511	52773511	harbor2	chr19	52599322	52599790	LTR/ERV1	2142	+	234	52599556	26045
chr19	52573511	52773511	harbor2	chr19	52599791	52600214	LTR/ERV1	1722	+	212	52600003	26492
chr19	52573511	52773511	harbor2	chr19	52605724	52606009	LTR/ERV1	1471	+	142	52605866	32355
chr19	52573511	52773511	harbor2	chr19	52620684	52621112	LTR/ERV1	2642	+	214	52620898	47387
chr19	52573511	52773511	harbor2	chr19	52621127	52625394	LTR/ERV1	15573	+	2134	52623261	49750
chr19	52573511	52773511	harbor2	chr19	52626894	52627315	LTR/ERV1	2526	+	210	52627104	53593
chr19	52573511	52773511	harbor2	chr19	52627795	52628192	LTR/ERV1	2504	+	198	52627993	54482
chr19	52573511	52773511	harbor2	chr19	52628195	52631191	LTR/ERV1	20769	+	1498	52629693	56182
chr19	52573511	52773511	harbor2	chr19	52631171	52631318	LTR/ERV1	888	+	74	52631245	57734
chr19	52573511	52773511	harbor2	chr19	52631318	52631810	LTR/ERV1	3562	+	246	52631564	58053
chr19	52573511	52773511	harbor2	chr19	52631813	52632449	LTR/ERV1	4188	+	318	52632131	58620
chr19	52573511	52773511	harbor2	chr19	52632451	52632666	LTR/ERV1	1319	+	108	52632559	59048
chr19	52573511	52773511	harbor2	chr19	52632667	52633045	LTR/ERV1	2391	+	189	52632856	59345
chr19	52573511	52773511	harbor2	chr19	52633046	52633395	LTR/ERV1	2114	+	174	52633220	59709
chr19	52573511	52773511	harbor2	chr19	52646591	52647096	LTR/ERV1	1692	+	252	52646843	73332
chr19	52573511	52773511	harbor2	chr19	52648308	52648595	LTR/ERV1	1711	+	144	52648452	74941
chr19	52573511	52773511	harbor2	chr19	52648596	52648931	LTR/ERV1	1880	+	168	52648764	75253
chr19	52573511	52773511	harbor2	chr19	52649405	52650252	LTR/ERV1	6473	+	424	52649829	76318
chr19	52573511	52773511	harbor2	chr19	52650557	52651539	LTR/ERV1	6473	+	491	52651048	77537
chr19	52573511	52773511	harbor2	chr19	52665503	52665878	LTR/ERV1	2415	+	188	52665691	92180
chr19	52573511	52773511	harbor2	chr19	52666183	52666204	LTR/ERV1	2415	+	10	52666193	92682
chr19	52573511	52773511	harbor2	chr19	52666188	52668412	LTR/ERV1	15797	+	1112	52667300	93789
chr19	52573511	52773511	harbor2	chr19	52668610	52669973	LTR/ERV1	10023	+	682	52669292	95781
chr19	52573511	52773511	harbor2	chr19	52669975	52670554	LTR/ERV1	3066	+	290	52670265	96754
chr19	52573511	52773511	harbor2	chr19	52625393	52626863	LTR/ERV1	8555	+	735	52626128	52617
chr19	38716684	38916684	harbor2	chr19	38750493	38753013	LTR/ERV1	15638	+	1260	38751753	35069
chr19	38716684	38916684	harbor2	chr19	38753008	38753155	LTR/ERV1	825	+	74	38753082	36398
chr19	38716684	38916684	harbor2	chr19	38753146	38753648	LTR/ERV1	3220	+	251	38753397	36713
chr19	38716684	38916684	harbor2	chr19	38753651	38754296	LTR/ERV1	2602	+	322	38753973	37289
chr19	38716684	38916684	harbor2	chr19	38754298	38754514	LTR/ERV1	1211	+	108	38754406	37722
chr19	38716684	38916684	harbor2	chr19	38754515	38754888	LTR/ERV1	2246	+	186	38754701	38017
chr19	38716684	38916684	harbor2	chr19	38754889	38755295	LTR/ERV1	2713	+	203	38755092	38408
chr19	38716684	38916684	harbor2	chr19	38759648	38759886	LTR/ERV1	1102	+	119	38759767	43083
chr19	38716684	38916684	harbor2	chr19	38793391	38793705	LTR/ERV1	2148	+	157	38793548	76864
chr19	47282246	47482246	harbor2	chr19	47296710	47297157	LTR/ERV1	3151	+	224	47296934	14688
chr19	47282246	47482246	harbor2	chr19	47345779	47345875	LTR/ERV1	1473	+	48	47345827	63581
chr19	47282246	47482246	harbor2	chr19	47346189	47346421	LTR/ERV1	1473	+	116	47346305	64059
chr19	47282246	47482246	harbor2	chr19	47346734	47346863	LTR/ERV1	791	+	64	47346798	64552
chr19	46758662	46958662	harbor2	chr19	46805927	46806062	LTR/ERV1	727	+	68	46805995	47333
chr19	46758662	46958662	harbor2	chr19	46821460	46822578	LTR/ERV1	6468	+	559	46822019	63357
chr19	37746256	37946256	harbor2	chr19	37756047	37756780	LTR/ERV1	1148	+	366	37756413	10157
chr19	37746256	37946256	harbor2	chr19	37761313	37761953	LTR/ERV1	3960	+	320	37761633	15377
chr19	37746256	37946256	harbor2	chr19	37766321	37766748	LTR/ERV1	1207	+	214	37766535	20279
chr19	37746256	37946256	harbor2	chr19	37766856	37767233	LTR/ERV1	2338	+	188	37767044	20788
chr19	37746256	37946256	harbor2	chr19	37767532	37767687	LTR/ERV1	2338	+	78	37767610	21354
chr19	37746256	37946256	harbor2	chr19	37795386	37795563	LTR/ERV1	768	+	88	37795474	49218
chr19	55663040	55863040	harbor2	chr19	55733617	55733746	LTR/ERV1	655	+	64	55733681	70641
chr19	55663040	55863040	harbor2	chr19	55733747	55733919	LTR/ERV1	899	+	86	55733833	70793
chr19	42714578	42914578	harbor2	chr19	42735906	42736612	LTR/ERV1	1958	+	353	42736259	21681
chr19	42714578	42914578	harbor2	chr19	42736661	42736693	LTR/ERV1	1958	+	16	42736677	22099
chr19	42714578	42914578	harbor2	chr19	42761116	42761820	LTR/ERV1	1848	+	352	42761468	46890
chr19	42714578	42914578	harbor2	chr19	42761853	42761886	LTR/ERV1	1848	+	16	42761869	47291
chr19	42714578	42914578	harbor2	chr19	42788486	42789229	LTR/ERV1	3654	+	372	42788858	74280
chr19	42714578	42914578	harbor2	chr19	42795997	42796879	LTR/ERV1	4377	+	441	42796438	81860
chr19	42714578	42914578	harbor2	chr19	42794720	42795331	LTR/ERV1	4377	+	306	42795026	80448
chr19	53141792	53341792	harbor2	chr19	53225659	53226015	LTR/ERV1	2413	+	178	53225837	84045
chr19	53141792	53341792	harbor2	chr19	53226271	53226367	LTR/ERV1	2413	+	48	53226319	84527
chr19	35909791	36109791	harbor2	chr19	35910696	35910855	LTR/ERV1	773	+	80	35910776	985
chr19	35909791	36109791	harbor2	chr19	36001790	36002177	LTR/ERV1	2530	+	194	36001984	92193
chr19	35909791	36109791	harbor2	chr19	36002477	36002543	LTR/ERV1	2530	+	33	36002510	92719
chr19	56390023	56590023	harbor2	chr19	56398731	56399240	LTR/ERV1	1873	+	254	56398985	8962
chr19	56390023	56590023	harbor2	chr19	56400216	56400746	LTR/ERV1	2905	+	265	56400481	10458
chr19	56390023	56590023	harbor2	chr19	56400973	56401001	LTR/ERV1	3929	+	14	56400987	10964
chr19	56390023	56590023	harbor2	chr19	56401308	56401884	LTR/ERV1	3929	+	288	56401596	11573
chr19	56390023	56590023	harbor2	chr19	56401924	56402228	LTR/ERV1	1609	+	152	56402076	12053
chr19	56390023	56590023	harbor2	chr19	56466899	56467062	LTR/ERV1	1054	+	82	56466981	76958
chr19	56390023	56590023	harbor2	chr19	56468269	56468678	LTR/ERV1	2259	+	204	56468473	78450
chr19	57344739	57544739	harbor2	chr19	57361717	57361933	LTR/ERV1	1806	+	108	57361825	17086
chr19	57344739	57544739	harbor2	chr19	57362232	57362462	LTR/ERV1	1806	+	115	57362347	17608
chr19	57344739	57544739	harbor2	chr19	57388555	57389129	LTR/ERV1	3480	+	287	57388842	44103
chr19	57344739	57544739	harbor2	chr19	57403171	57404123	LTR/ERV1	4317	+	476	57403647	58908
chr19	57344739	57544739	harbor2	chr19	57434048	57434101	LTR/ERV1	2358	+	26	57434074	89335
chr19	57344739	57544739	harbor2	chr19	57434397	57434738	LTR/ERV1	2358	+	170	57434567	89828
chr19	8553202	8753202	harbor2	chr19	8632301	8632713	LTR/ERV1	3987	+	206	8632507	79305
chr19	8553202	8753202	harbor2	chr19	8633322	8633440	LTR/ERV1	3987	+	59	8633381	80179
chr19	35306692	35506692	harbor2	chr19	35376179	35376584	LTR/ERV1	1887	+	202	35376381	69689
chr19	35306692	35506692	harbor2	chr19	35376900	35376975	LTR/ERV1	1887	+	38	35376938	70246
chr19	35306692	35506692	harbor2	chr19	35382450	35382947	LTR/ERV1	4161	+	248	35382698	76006
chr19	35306692	35506692	harbor2	chr19	35388427	35389187	LTR/ERV1	4980	+	380	35388807	82115
chr19	35306692	35506692	harbor2	chr19	35398868	35398884	LTR/ERV1	5326	+	8	35398876	92184
chr19	35306692	35506692	harbor2	chr19	35399185	35399804	LTR/ERV1	5326	+	310	35399495	92803
chr19	35306692	35506692	harbor2	chr19	35400105	35400351	LTR/ERV1	5326	+	123	35400228	93536
chr19	33667896	33867896	harbor2	chr19	33733966	33734494	LTR/ERV1	4104	+	264	33734230	66334
chr19	33667896	33867896	harbor2	chr19	33736843	33737352	LTR/ERV1	2463	+	254	33737097	69201
chr19	50913534	51113534	harbor2	chr19	50994477	50994888	LTR/ERV1	1704	+	206	50994683	81149
chr19	38766878	38966878	harbor2	chr19	38793391	38793705	LTR/ERV1	2148	+	157	38793548	26670
chr19	38766878	38966878	harbor2	chr19	38821337	38823305	LTR/ERV1	9317	+	984	38822321	55443
chr19	38766878	38966878	harbor2	chr19	38823306	38827018	LTR/ERV1	22257	+	1856	38825162	58284
chr19	38766878	38966878	harbor2	chr19	38863197	38863556	LTR/ERV1	1105	+	180	38863377	96499
chr19	38766878	38966878	harbor2	chr19	38863867	38863974	LTR/ERV1	1105	+	54	38863921	97043
chr19	38766878	38966878	harbor2	chr19	38864287	38864376	LTR/ERV1	981	+	44	38864331	97453
chr19	51060666	51260666	harbor2	chr19	51139646	51140020	LTR/ERV1	3323	+	187	51139833	79167
chr19	51060666	51260666	harbor2	chr19	51140285	51140573	LTR/ERV1	3323	+	144	51140429	79763
chr19	57130888	57330888	harbor2	chr19	57141445	57141481	LTR/ERV1	1803	+	18	57141463	10575
chr19	57130888	57330888	harbor2	chr19	57141518	57141617	LTR/ERV1	1803	+	50	57141568	10680
chr19	57130888	57330888	harbor2	chr19	57141864	57142137	LTR/ERV1	1803	+	136	57142000	11112
chr19	57130888	57330888	harbor2	chr19	57172534	57172693	LTR/ERV1	1067	+	80	57172614	41726
chr19	57130888	57330888	harbor2	chr19	57172998	57173036	LTR/ERV1	1067	+	19	57173017	42129
chr19	57130888	57330888	harbor2	chr19	57181546	57181759	LTR/ERV1	4102	+	106	57181652	50764
chr19	57130888	57330888	harbor2	chr19	57182059	57182439	LTR/ERV1	4102	+	190	57182249	51361
chr19	57130888	57330888	harbor2	chr19	57187710	57187815	LTR/ERV1	726	+	52	57187762	56874
chr19	57130888	57330888	harbor2	chr19	57187817	57188147	LTR/ERV1	1898	+	165	57187982	57094
chr19	57130888	57330888	harbor2	chr19	57188349	57188639	LTR/ERV1	1333	+	145	57188494	57606
chr19	57130888	57330888	harbor2	chr19	57188802	57188920	LTR/ERV1	3128	+	59	57188861	57973
chr19	57130888	57330888	harbor2	chr19	57189229	57189661	LTR/ERV1	3128	+	216	57189445	58557
chr19	57130888	57330888	harbor2	chr19	57189954	57190017	LTR/ERV1	3128	+	32	57189986	59098
chr19	57130888	57330888	harbor2	chr19	57190020	57190109	LTR/ERV1	666	+	44	57190064	59176
chr19	57130888	57330888	harbor2	chr19	57190110	57190615	LTR/ERV1	2897	+	252	57190362	59474
chr19	58503304	58703304	harbor2	chr19	58528021	58528377	LTR/ERV1	2543	+	178	58528199	24895
chr19	53429313	53629313	harbor2	chr19	53430116	53430444	LTR/ERV1	1620	+	164	53430280	967
chr19	53429313	53629313	harbor2	chr19	53430446	53430887	LTR/ERV1	1745	+	220	53430666	1353
chr19	53429313	53629313	harbor2	chr19	53461059	53461618	LTR/ERV1	2798	+	280	53461339	32026
chr19	53429313	53629313	harbor2	chr19	53462003	53462209	LTR/ERV1	1041	+	103	53462106	32793
chr19	53429313	53629313	harbor2	chr19	53462303	53462392	LTR/ERV1	1338	+	44	53462347	33034
chr19	53429313	53629313	harbor2	chr19	53462697	53462898	LTR/ERV1	1338	+	100	53462797	33484
chr19	53429313	53629313	harbor2	chr19	53465033	53465246	LTR/ERV1	1226	+	106	53465139	35826
chr19	53429313	53629313	harbor2	chr19	53465247	53465316	LTR/ERV1	1823	+	34	53465281	35968
chr19	53429313	53629313	harbor2	chr19	53465845	53466211	LTR/ERV1	1823	+	183	53466028	36715
chr19	53429313	53629313	harbor2	chr19	53466213	53466651	LTR/ERV1	1719	+	219	53466432	37119
chr19	53429313	53629313	harbor2	chr19	53496520	53496643	LTR/ERV1	723	+	62	53496582	67269
chr19	53429313	53629313	harbor2	chr19	53519306	53519485	LTR/ERV1	1331	+	90	53519396	90083
chr19	53429313	53629313	harbor2	chr19	53519472	53519646	LTR/ERV1	1175	+	87	53519559	90246
chr19	52496306	52696306	harbor2	chr19	52516488	52516920	LTR/ERV1	3241	+	216	52516704	20398
chr19	52496306	52696306	harbor2	chr19	52523997	52524129	LTR/ERV1	783	+	66	52524063	27757
chr19	52496306	52696306	harbor2	chr19	52524414	52524539	LTR/ERV1	783	+	62	52524476	28170
chr19	52496306	52696306	harbor2	chr19	52524564	52524698	LTR/ERV1	2166	+	67	52524631	28325
chr19	52496306	52696306	harbor2	chr19	52525005	52525333	LTR/ERV1	2166	+	164	52525169	28863
chr19	52496306	52696306	harbor2	chr19	52525335	52525672	LTR/ERV1	1389	+	168	52525503	29197
chr19	52496306	52696306	harbor2	chr19	52534242	52534575	LTR/ERV1	1369	+	166	52534408	38102
chr19	52496306	52696306	harbor2	chr19	52565332	52565989	LTR/ERV1	3216	+	328	52565660	69354
chr19	52496306	52696306	harbor2	chr19	52566700	52566957	LTR/ERV1	1967	+	128	52566828	70522
chr19	52496306	52696306	harbor2	chr19	52567252	52567416	LTR/ERV1	1967	+	82	52567334	71028
chr19	52496306	52696306	harbor2	chr19	52568439	52568781	LTR/ERV1	1609	+	171	52568610	72304
chr19	52496306	52696306	harbor2	chr19	52568783	52569217	LTR/ERV1	1544	+	217	52569000	72694
chr19	36312737	36512737	harbor2	chr19	36404187	36404883	LTR/ERV1	1745	+	348	36404535	91798
chr19	47243493	47443493	harbor2	chr19	47296710	47297157	LTR/ERV1	3151	+	224	47296934	53441
chr19	57141588	57341588	harbor2	chr19	57141518	57141617	LTR/ERV1	1803	+	50	57141568	20
chr19	57141588	57341588	harbor2	chr19	57141864	57142137	LTR/ERV1	1803	+	136	57142000	412
chr19	57141588	57341588	harbor2	chr19	57172534	57172693	LTR/ERV1	1067	+	80	57172614	31026
chr19	57141588	57341588	harbor2	chr19	57172998	57173036	LTR/ERV1	1067	+	19	57173017	31429
chr19	57141588	57341588	harbor2	chr19	57181546	57181759	LTR/ERV1	4102	+	106	57181652	40064
chr19	57141588	57341588	harbor2	chr19	57182059	57182439	LTR/ERV1	4102	+	190	57182249	40661
chr19	57141588	57341588	harbor2	chr19	57187710	57187815	LTR/ERV1	726	+	52	57187762	46174
chr19	57141588	57341588	harbor2	chr19	57187817	57188147	LTR/ERV1	1898	+	165	57187982	46394
chr19	57141588	57341588	harbor2	chr19	57188349	57188639	LTR/ERV1	1333	+	145	57188494	46906
chr19	57141588	57341588	harbor2	chr19	57188802	57188920	LTR/ERV1	3128	+	59	57188861	47273
chr19	57141588	57341588	harbor2	chr19	57189229	57189661	LTR/ERV1	3128	+	216	57189445	47857
chr19	57141588	57341588	harbor2	chr19	57189954	57190017	LTR/ERV1	3128	+	32	57189986	48398
chr19	57141588	57341588	harbor2	chr19	57190020	57190109	LTR/ERV1	666	+	44	57190064	48476
chr19	57141588	57341588	harbor2	chr19	57190110	57190615	LTR/ERV1	2897	+	252	57190362	48774
chr19	57141588	57341588	harbor2	chr19	57241087	57241457	LTR/ERV1	1473	+	185	57241272	99684
chr19	39526331	39726331	harbor2	chr19	39546714	39547161	LTR/ERV1	2060	+	224	39546938	20607
chr19	56759212	56959212	harbor2	chr19	56797892	56798339	LTR/ERV1	1731	+	224	56798116	38904
chr19	56759212	56959212	harbor2	chr19	56800219	56800934	LTR/ERV1	2544	+	358	56800577	41365
chr19	56759212	56959212	harbor2	chr19	56801236	56801300	LTR/ERV1	1095	+	32	56801268	42056
chr19	56759212	56959212	harbor2	chr19	56802385	56802795	LTR/ERV1	631	+	205	56802590	43378
chr19	56215990	56415990	harbor2	chr19	56219093	56219680	LTR/ERV1	2968	+	294	56219387	3397
chr19	56215990	56415990	harbor2	chr19	56234419	56234436	LTR/ERV1	1460	+	8	56234427	18437
chr19	56215990	56415990	harbor2	chr19	56234437	56234919	LTR/ERV1	4184	+	241	56234678	18688
chr19	56215990	56415990	harbor2	chr19	56234920	56237271	LTR/ERV1	1833	+	1176	56236096	20106
chr19	56215990	56415990	harbor2	chr19	56271143	56271403	LTR/ERV1	1451	+	130	56271273	55283
chr19	45987649	46187649	harbor2	chr19	46032062	46033848	LTR/ERV1	8350	+	893	46032955	45306
chr19	45987649	46187649	harbor2	chr19	46036206	46037217	LTR/ERV1	2837	+	506	46036712	49063
chr19	45987649	46187649	harbor2	chr19	46079791	46080252	LTR/ERV1	836	+	230	46080021	92372
chr19	45987649	46187649	harbor2	chr19	46080408	46080481	LTR/ERV1	836	+	36	46080444	92795
chr19	30872396	31072396	harbor2	chr19	30883224	30883698	LTR/ERV1	3005	+	237	30883461	11065
chr19	30872396	31072396	harbor2	chr19	30928041	30928804	LTR/ERV1	3723	+	382	30928423	56027
chr19	52966133	53166133	harbor2	chr19	52996655	52996796	LTR/ERV1	723	+	70	52996725	30592
chr19	52966133	53166133	harbor2	chr19	52999313	52999581	LTR/ERV1	1835	+	134	52999447	33314
chr19	52966133	53166133	harbor2	chr19	53007252	53007672	LTR/ERV1	946	+	210	53007462	41329
chr19	52966133	53166133	harbor2	chr19	53007847	53008093	LTR/ERV1	786	+	123	53007970	41837
chr19	52966133	53166133	harbor2	chr19	53009302	53011424	LTR/ERV1	4715	+	1061	53010363	44230
chr19	52966133	53166133	harbor2	chr19	53011452	53011898	LTR/ERV1	658	+	223	53011675	45542
chr19	52966133	53166133	harbor2	chr19	53012627	53012881	LTR/ERV1	640	+	127	53012754	46621
chr19	52966133	53166133	harbor2	chr19	53015008	53015566	LTR/ERV1	988	+	279	53015287	49154
chr19	52966133	53166133	harbor2	chr19	53016034	53016299	LTR/ERV1	767	+	132	53016166	50033
chr19	52966133	53166133	harbor2	chr19	53016604	53016684	LTR/ERV1	767	+	40	53016644	50511
chr19	52966133	53166133	harbor2	chr19	53035488	53035729	LTR/ERV1	1413	+	120	53035608	69475
chr19	52966133	53166133	harbor2	chr19	53035724	53035903	LTR/ERV1	949	+	90	53035814	69681
chr19	52966133	53166133	harbor2	chr19	53044560	53044786	LTR/ERV1	800	+	113	53044673	78540
chr19	52966133	53166133	harbor2	chr19	53045068	53045293	LTR/ERV1	824	+	112	53045180	79047
chr19	52966133	53166133	harbor2	chr19	53050169	53050736	LTR/ERV1	1137	+	284	53050453	84320
chr19	52966133	53166133	harbor2	chr19	53055294	53055549	LTR/ERV1	1294	+	128	53055422	89289
chr19	52966133	53166133	harbor2	chr19	53055545	53055721	LTR/ERV1	1709	+	88	53055633	89500
chr19	52966133	53166133	harbor2	chr19	53056049	53056064	LTR/ERV1	1709	+	8	53056057	89924
chr19	52966133	53166133	harbor2	chr19	53056356	53056517	LTR/ERV1	1709	+	80	53056436	90303
chr19	40193138	40393138	harbor2	chr19	40292664	40293141	LTR/ERV1	1346	+	238	40292902	99764
chr19	58422926	58622926	harbor2	chr19	58460025	58460629	LTR/ERV1	1012	+	302	58460327	37401
chr19	58422926	58622926	harbor2	chr19	58460626	58460686	LTR/ERV1	3219	+	30	58460656	37730
chr19	58422926	58622926	harbor2	chr19	58460987	58461867	LTR/ERV1	3219	+	440	58461427	38501
chr19	58422926	58622926	harbor2	chr19	58462175	58462224	LTR/ERV1	3219	+	24	58462199	39273
chr19	58422926	58622926	harbor2	chr19	58488940	58489636	LTR/ERV1	5160	+	348	58489288	66362
chr19	56278732	56478732	harbor2	chr19	56344065	56344295	LTR/ERV1	1178	+	115	56344180	65448
chr19	56278732	56478732	harbor2	chr19	56347586	56348341	LTR/ERV1	5032	+	378	56347964	69232
chr19	56278732	56478732	harbor2	chr19	56348345	56348486	LTR/ERV1	810	+	70	56348415	69683
chr19	56278732	56478732	harbor2	chr19	56348486	56349132	LTR/ERV1	4272	+	323	56348809	70077
chr19	56278732	56478732	harbor2	chr19	56349118	56349414	LTR/ERV1	3819	+	148	56349266	70534
chr19	56278732	56478732	harbor2	chr19	56349732	56350178	LTR/ERV1	3819	+	223	56349955	71223
chr19	56278732	56478732	harbor2	chr19	56350283	56350455	LTR/ERV1	684	+	86	56350369	71637
chr19	56278732	56478732	harbor2	chr19	56350888	56351094	LTR/ERV1	1129	+	103	56350991	72259
chr19	56278732	56478732	harbor2	chr19	56351095	56351719	LTR/ERV1	2830	+	312	56351407	72675
chr19	56278732	56478732	harbor2	chr19	56365170	56365411	LTR/ERV1	1343	+	120	56365290	86558
chr19	56278732	56478732	harbor2	chr19	56366464	56366808	LTR/ERV1	2088	+	172	56366636	87904
chr19	56278732	56478732	harbor2	chr19	56371246	56371881	LTR/ERV1	4799	+	318	56371564	92832
chr19	53982372	54182372	harbor2	chr19	54034716	54034897	LTR/ERV1	616	+	90	54034806	52434
chr19	53982372	54182372	harbor2	chr19	54037997	54038539	LTR/ERV1	3433	+	271	54038268	55896
chr19	50725881	50925881	harbor2	chr19	50740133	50740498	LTR/ERV1	2089	+	182	50740315	14434
chr19	50725881	50925881	harbor2	chr19	50740801	50740942	LTR/ERV1	2089	+	70	50740871	14990
chr19	50725881	50925881	harbor2	chr19	50741308	50741713	LTR/ERV1	2189	+	202	50741510	15629
chr19	50725881	50925881	harbor2	chr19	50742021	50742065	LTR/ERV1	2189	+	22	50742043	16162
chr19	50725881	50925881	harbor2	chr19	50749624	50750135	LTR/ERV1	2098	+	256	50749880	23999
chr19	58076795	58276795	harbor2	chr19	58148898	58149437	LTR/ERV1	3839	+	270	58149168	72373
chr19	58076795	58276795	harbor2	chr19	58157128	58158413	LTR/ERV1	8079	+	642	58157770	80975
chr19	23454236	23654236	harbor2	chr19	23507385	23507773	LTR/ERV1	2089	+	194	23507579	53343
chr19	23454236	23654236	harbor2	chr19	23511362	23511632	LTR/ERV1	2337	+	135	23511497	57261
chr19	23454236	23654236	harbor2	chr19	23511939	23512153	LTR/ERV1	2337	+	107	23512046	57810
chr19	23454236	23654236	harbor2	chr19	23520080	23520214	LTR/ERV1	811	+	67	23520147	65911
chr19	23454236	23654236	harbor2	chr19	23549493	23549907	LTR/ERV1	2143	+	207	23549700	95464
chr19	23454236	23654236	harbor2	chr19	23549908	23550417	LTR/ERV1	1076	+	254	23550162	95926
chr19	23454236	23654236	harbor2	chr19	23550441	23553364	LTR/ERV1	15718	+	1462	23551903	97667
chr19	23454236	23654236	harbor2	chr19	23553332	23553878	LTR/ERV1	2239	+	273	23553605	99369
chr19	23454236	23654236	harbor2	chr19	23553855	23554044	LTR/ERV1	1189	+	94	23553949	99713
chr19	37677600	37877600	harbor2	chr19	37687834	37687958	LTR/ERV1	715	+	62	37687896	10296
chr19	37677600	37877600	harbor2	chr19	37701253	37701730	LTR/ERV1	3312	+	238	37701491	23891
chr19	37677600	37877600	harbor2	chr19	37718571	37719001	LTR/ERV1	2037	+	215	37718786	41186
chr19	37677600	37877600	harbor2	chr19	37756047	37756780	LTR/ERV1	1148	+	366	37756413	78813
chr19	37677600	37877600	harbor2	chr19	37761313	37761953	LTR/ERV1	3960	+	320	37761633	84033
chr19	37677600	37877600	harbor2	chr19	37766321	37766748	LTR/ERV1	1207	+	214	37766535	88935
chr19	37677600	37877600	harbor2	chr19	37766856	37767233	LTR/ERV1	2338	+	188	37767044	89444
chr19	37677600	37877600	harbor2	chr19	37767532	37767687	LTR/ERV1	2338	+	78	37767610	90010
chr19	42448145	42648145	harbor2	chr19	42459939	42460310	LTR/ERV1	2195	+	186	42460125	11980
chr19	42448145	42648145	harbor2	chr19	42480616	42481046	LTR/ERV1	2065	+	215	42480831	32686
chr19	28370618	28570618	harbor2	chr19	28393968	28394485	LTR/ERV1	1753	+	258	28394226	23608
chr19	28370618	28570618	harbor2	chr19	28396357	28396839	LTR/ERV1	2586	+	241	28396598	25980
chr19	28370618	28570618	harbor2	chr19	28423644	28424111	LTR/ERV1	2484	+	234	28423878	53260
chr19	28370618	28570618	harbor2	chr19	28429264	28429653	LTR/ERV1	2360	+	194	28429458	58840
chr19	28370618	28570618	harbor2	chr19	28429941	28430084	LTR/ERV1	2360	+	72	28430013	59395
chr19	28370618	28570618	harbor2	chr19	28444762	28445468	LTR/ERV1	3247	+	353	28445115	74497
chr19	28370618	28570618	harbor2	chr19	28445470	28446407	LTR/ERV1	10303	+	468	28445938	75320
chr19	28370618	28570618	harbor2	chr19	28446408	28447026	LTR/ERV1	4007	+	309	28446717	76099
chr19	28370618	28570618	harbor2	chr19	28447027	28448940	LTR/ERV1	10303	+	956	28447983	77365
chr19	28370618	28570618	harbor2	chr19	28449246	28449610	LTR/ERV1	10303	+	182	28449428	78810
chr19	28370618	28570618	harbor2	chr19	28449583	28450049	LTR/ERV1	1930	+	233	28449816	79198
chr19	28370618	28570618	harbor2	chr19	28450072	28450451	LTR/ERV1	1924	+	190	28450262	79644
chr19	28370618	28570618	harbor2	chr19	28450452	28451183	LTR/ERV1	2909	+	366	28450818	80200
chr19	28370618	28570618	harbor2	chr19	28451182	28452052	LTR/ERV1	6079	+	435	28451617	80999
chr19	28370618	28570618	harbor2	chr19	28452053	28452186	LTR/ERV1	660	+	66	28452119	81501
chr19	28370618	28570618	harbor2	chr19	28452204	28452264	LTR/ERV1	2298	+	30	28452234	81616
chr19	28370618	28570618	harbor2	chr19	28452546	28452827	LTR/ERV1	2298	+	140	28452686	82068
chr19	28370618	28570618	harbor2	chr19	28452828	28453464	LTR/ERV1	3128	+	318	28453146	82528
chr19	28370618	28570618	harbor2	chr19	28458180	28458663	LTR/ERV1	1548	+	242	28458422	87804
chr19	28370618	28570618	harbor2	chr19	28458672	28459194	LTR/ERV1	2845	+	261	28458933	88315
chr19	55896839	56096839	harbor2	chr19	55937793	55938330	LTR/ERV1	4044	+	268	55938061	41222
chr19	58429014	58629014	harbor2	chr19	58460025	58460629	LTR/ERV1	1012	+	302	58460327	31313
chr19	58429014	58629014	harbor2	chr19	58460626	58460686	LTR/ERV1	3219	+	30	58460656	31642
chr19	58429014	58629014	harbor2	chr19	58460987	58461867	LTR/ERV1	3219	+	440	58461427	32413
chr19	58429014	58629014	harbor2	chr19	58462175	58462224	LTR/ERV1	3219	+	24	58462199	33185
chr19	58429014	58629014	harbor2	chr19	58488940	58489636	LTR/ERV1	5160	+	348	58489288	60274
chr19	58429014	58629014	harbor2	chr19	58528021	58528377	LTR/ERV1	2543	+	178	58528199	99185
chr19	57508503	57708503	harbor2	chr19	57525573	57526089	LTR/ERV1	2579	+	258	57525831	17328
chr19	57508503	57708503	harbor2	chr19	57567416	57568579	LTR/ERV1	8308	+	582	57567998	59495
chr19	57508503	57708503	harbor2	chr19	57568984	57569200	LTR/ERV1	1363	+	108	57569092	60589
chr19	57508503	57708503	harbor2	chr19	57569209	57569609	LTR/ERV1	1927	+	200	57569409	60906
chr19	58010871	58210871	harbor2	chr19	58021872	58022171	LTR/ERV1	709	+	150	58022022	11151
chr19	58010871	58210871	harbor2	chr19	58023055	58023408	LTR/ERV1	976	+	176	58023231	12360
chr19	53417854	53617854	harbor2	chr19	53430116	53430444	LTR/ERV1	1620	+	164	53430280	12426
chr19	53417854	53617854	harbor2	chr19	53430446	53430887	LTR/ERV1	1745	+	220	53430666	12812
chr19	53417854	53617854	harbor2	chr19	53461059	53461618	LTR/ERV1	2798	+	280	53461339	43485
chr19	53417854	53617854	harbor2	chr19	53462003	53462209	LTR/ERV1	1041	+	103	53462106	44252
chr19	53417854	53617854	harbor2	chr19	53462303	53462392	LTR/ERV1	1338	+	44	53462347	44493
chr19	53417854	53617854	harbor2	chr19	53462697	53462898	LTR/ERV1	1338	+	100	53462797	44943
chr19	53417854	53617854	harbor2	chr19	53465033	53465246	LTR/ERV1	1226	+	106	53465139	47285
chr19	53417854	53617854	harbor2	chr19	53465247	53465316	LTR/ERV1	1823	+	34	53465281	47427
chr19	53417854	53617854	harbor2	chr19	53465845	53466211	LTR/ERV1	1823	+	183	53466028	48174
chr19	53417854	53617854	harbor2	chr19	53466213	53466651	LTR/ERV1	1719	+	219	53466432	48578
chr19	53417854	53617854	harbor2	chr19	53496520	53496643	LTR/ERV1	723	+	62	53496582	78728
chr19	51476617	51676617	harbor2	chr19	51547800	51548367	LTR/ERV1	3777	+	284	51548084	71467
chr19	12149379	12349379	harbor2	chr19	12154107	12154261	LTR/ERV1	956	+	77	12154184	4805
chr19	12149379	12349379	harbor2	chr19	12154498	12154635	LTR/ERV1	673	+	68	12154566	5187
chr19	12149379	12349379	harbor2	chr19	12154728	12154933	LTR/ERV1	983	+	102	12154830	5451
chr19	12149379	12349379	harbor2	chr19	12155239	12155320	LTR/ERV1	983	+	40	12155279	5900
chr19	12149379	12349379	harbor2	chr19	12157060	12157218	LTR/ERV1	815	+	79	12157139	7760
chr19	12149379	12349379	harbor2	chr19	12164738	12165032	LTR/ERV1	1518	+	147	12164885	15506
chr19	12149379	12349379	harbor2	chr19	12232959	12233402	LTR/ERV1	2303	+	222	12233181	83802
chr19	12149379	12349379	harbor2	chr19	12236273	12236468	LTR/ERV1	674	+	98	12236371	86992
chr19	12149379	12349379	harbor2	chr19	12236902	12237120	LTR/ERV1	860	+	109	12237011	87632
chr19	12149379	12349379	harbor2	chr19	12244304	12244446	LTR/ERV1	782	+	71	12244375	94996
chr19	12149379	12349379	harbor2	chr19	12244557	12245035	LTR/ERV1	1011	+	239	12244796	95417
chr19	12149379	12349379	harbor2	chr19	12173216	12173340	LTR/ERV1	644	+	62	12173278	23899
chr19	39528945	39728945	harbor2	chr19	39546714	39547161	LTR/ERV1	2060	+	224	39546938	17993
chr19	56779814	56979814	harbor2	chr19	56797892	56798339	LTR/ERV1	1731	+	224	56798116	18302
chr19	56779814	56979814	harbor2	chr19	56800219	56800934	LTR/ERV1	2544	+	358	56800577	20763
chr19	56779814	56979814	harbor2	chr19	56801236	56801300	LTR/ERV1	1095	+	32	56801268	21454
chr19	56779814	56979814	harbor2	chr19	56802385	56802795	LTR/ERV1	631	+	205	56802590	22776
chr19	56779814	56979814	harbor2	chr19	56871084	56871503	LTR/ERV1	5170	+	210	56871294	91480
chr19	56779814	56979814	harbor2	chr19	56871812	56872104	LTR/ERV1	5170	+	146	56871958	92144
chr19	56779814	56979814	harbor2	chr19	56874103	56874787	LTR/ERV1	3469	+	342	56874445	94631
chr19	52606083	52806083	harbor2	chr19	52620684	52621112	LTR/ERV1	2642	+	214	52620898	14815
chr19	52606083	52806083	harbor2	chr19	52621127	52625394	LTR/ERV1	15573	+	2134	52623261	17178
chr19	52606083	52806083	harbor2	chr19	52626894	52627315	LTR/ERV1	2526	+	210	52627104	21021
chr19	52606083	52806083	harbor2	chr19	52627795	52628192	LTR/ERV1	2504	+	198	52627993	21910
chr19	52606083	52806083	harbor2	chr19	52628195	52631191	LTR/ERV1	20769	+	1498	52629693	23610
chr19	52606083	52806083	harbor2	chr19	52631171	52631318	LTR/ERV1	888	+	74	52631245	25162
chr19	52606083	52806083	harbor2	chr19	52631318	52631810	LTR/ERV1	3562	+	246	52631564	25481
chr19	52606083	52806083	harbor2	chr19	52631813	52632449	LTR/ERV1	4188	+	318	52632131	26048
chr19	52606083	52806083	harbor2	chr19	52632451	52632666	LTR/ERV1	1319	+	108	52632559	26476
chr19	52606083	52806083	harbor2	chr19	52632667	52633045	LTR/ERV1	2391	+	189	52632856	26773
chr19	52606083	52806083	harbor2	chr19	52633046	52633395	LTR/ERV1	2114	+	174	52633220	27137
chr19	52606083	52806083	harbor2	chr19	52646591	52647096	LTR/ERV1	1692	+	252	52646843	40760
chr19	52606083	52806083	harbor2	chr19	52648308	52648595	LTR/ERV1	1711	+	144	52648452	42369
chr19	52606083	52806083	harbor2	chr19	52648596	52648931	LTR/ERV1	1880	+	168	52648764	42681
chr19	52606083	52806083	harbor2	chr19	52649405	52650252	LTR/ERV1	6473	+	424	52649829	43746
chr19	52606083	52806083	harbor2	chr19	52650557	52651539	LTR/ERV1	6473	+	491	52651048	44965
chr19	52606083	52806083	harbor2	chr19	52665503	52665878	LTR/ERV1	2415	+	188	52665691	59608
chr19	52606083	52806083	harbor2	chr19	52666183	52666204	LTR/ERV1	2415	+	10	52666193	60110
chr19	52606083	52806083	harbor2	chr19	52666188	52668412	LTR/ERV1	15797	+	1112	52667300	61217
chr19	52606083	52806083	harbor2	chr19	52668610	52669973	LTR/ERV1	10023	+	682	52669292	63209
chr19	52606083	52806083	harbor2	chr19	52669975	52670554	LTR/ERV1	3066	+	290	52670265	64182
chr19	52606083	52806083	harbor2	chr19	52688725	52689313	LTR/ERV1	3394	+	294	52689019	82936
chr19	52606083	52806083	harbor2	chr19	52693599	52693678	LTR/ERV1	2910	+	40	52693639	87556
chr19	52606083	52806083	harbor2	chr19	52693989	52694308	LTR/ERV1	2910	+	160	52694149	88066
chr19	52606083	52806083	harbor2	chr19	52694309	52694809	LTR/ERV1	3644	+	250	52694559	88476
chr19	52606083	52806083	harbor2	chr19	52625393	52626863	LTR/ERV1	8555	+	735	52626128	20045
chr19	41118521	41318521	harbor2	chr19	41185988	41186050	LTR/ERV1	2796	+	31	41186019	67498
chr19	41118521	41318521	harbor2	chr19	41186355	41186573	LTR/ERV1	2796	+	109	41186464	67943
chr19	41118521	41318521	harbor2	chr19	41186574	41186970	LTR/ERV1	2759	+	198	41186772	68251
chr19	41118521	41318521	harbor2	chr19	41186971	41187187	LTR/ERV1	2796	+	108	41187079	68558
chr19	41118521	41318521	harbor2	chr19	41188013	41188071	LTR/ERV1	2796	+	29	41188042	69521
chr19	53751230	53951230	harbor2	chr19	53769073	53769384	LTR/ERV1	853	+	156	53769229	17999
chr19	53751230	53951230	harbor2	chr19	53780548	53780872	LTR/ERV1	963	+	162	53780710	29480
chr19	53751230	53951230	harbor2	chr19	53831404	53831854	LTR/ERV1	3444	+	225	53831629	80399
chr19	53751230	53951230	harbor2	chr19	53831857	53835005	LTR/ERV1	10019	+	1574	53833431	82201
chr19	53751230	53951230	harbor2	chr19	53835000	53835146	LTR/ERV1	834	+	73	53835073	83843
chr19	53751230	53951230	harbor2	chr19	53835137	53835639	LTR/ERV1	3350	+	251	53835388	84158
chr19	53751230	53951230	harbor2	chr19	53835642	53836300	LTR/ERV1	4125	+	329	53835971	84741
chr19	53751230	53951230	harbor2	chr19	53836302	53836519	LTR/ERV1	1355	+	108	53836410	85180
chr19	53751230	53951230	harbor2	chr19	53836518	53836897	LTR/ERV1	2441	+	190	53836708	85478
chr19	53751230	53951230	harbor2	chr19	53836898	53837348	LTR/ERV1	3616	+	225	53837123	85893
chr19	53751230	53951230	harbor2	chr19	53845912	53846067	LTR/ERV1	851	+	78	53845990	94760
chr19	40584384	40784384	harbor2	chr19	40659973	40660404	LTR/ERV1	3531	+	216	40660189	75805
chr19	56170235	56370235	harbor2	chr19	56219093	56219680	LTR/ERV1	2968	+	294	56219387	49152
chr19	56170235	56370235	harbor2	chr19	56234419	56234436	LTR/ERV1	1460	+	8	56234427	64192
chr19	56170235	56370235	harbor2	chr19	56234437	56234919	LTR/ERV1	4184	+	241	56234678	64443
chr19	56170235	56370235	harbor2	chr19	56234920	56237271	LTR/ERV1	1833	+	1176	56236096	65861
chr19	55321292	55521292	harbor2	chr19	55419211	55420356	LTR/ERV1	5961	+	572	55419783	98491
chr19	54881062	55081062	harbor2	chr19	54916015	54916212	LTR/ERV1	1216	+	98	54916113	35051
chr19	54881062	55081062	harbor2	chr19	54951582	54951753	LTR/ERV1	2225	+	86	54951668	70606
chr19	54881062	55081062	harbor2	chr19	54952052	54952310	LTR/ERV1	2225	+	129	54952181	71119
chr19	54881062	55081062	harbor2	chr19	54952608	54952752	LTR/ERV1	2225	+	72	54952680	71618
chr19	54881062	55081062	harbor2	chr19	54952753	54952884	LTR/ERV1	2277	+	66	54952819	71757
chr19	54881062	55081062	harbor2	chr19	54953082	54953172	LTR/ERV1	2558	+	45	54953127	72065
chr19	54881062	55081062	harbor2	chr19	54953702	54953720	LTR/ERV1	2558	+	9	54953711	72649
chr19	54881062	55081062	harbor2	chr19	54954035	54954245	LTR/ERV1	2558	+	105	54954140	73078
chr19	54881062	55081062	harbor2	chr19	54954865	54954999	LTR/ERV1	2558	+	67	54954932	73870
chr19	54881062	55081062	harbor2	chr19	54957651	54957848	LTR/ERV1	1114	+	98	54957749	76687
chr19	17121863	17321863	harbor2	chr19	17130837	17131278	LTR/ERV1	2414	+	220	17131057	9194
chr19	39241078	39441078	harbor2	chr19	39249212	39249256	LTR/ERV1	2350	+	22	39249234	8156
chr19	39241078	39441078	harbor2	chr19	39249550	39249937	LTR/ERV1	2350	+	194	39249744	8666
chr19	39241078	39441078	harbor2	chr19	39250230	39250379	LTR/ERV1	2350	+	74	39250304	9226
chr19	39241078	39441078	harbor2	chr19	39262602	39262849	LTR/ERV1	1284	+	124	39262726	21648
chr19	39241078	39441078	harbor2	chr19	39263037	39263247	LTR/ERV1	1844	+	105	39263142	22064
chr19	39241078	39441078	harbor2	chr19	39263547	39263676	LTR/ERV1	1844	+	64	39263611	22533
chr19	39241078	39441078	harbor2	chr19	39305832	39306375	LTR/ERV1	1153	+	272	39306104	65026
chr19	58509226	58709226	harbor2	chr19	58528021	58528377	LTR/ERV1	2543	+	178	58528199	18973
chr19	58509226	58709226	harbor2	chr19	58605430	58606190	LTR/ERV1	1539	+	380	58605810	96584
chr19	36448508	36648508	harbor2	chr19	36507441	36507490	LTR/ERV1	790	+	24	36507465	58957
chr19	36448508	36648508	harbor2	chr19	36507789	36507985	LTR/ERV1	790	+	98	36507887	59379
chr19	36448508	36648508	harbor2	chr19	36508300	36508509	LTR/ERV1	1055	+	104	36508404	59896
chr19	36448508	36648508	harbor2	chr19	36509799	36509913	LTR/ERV1	1055	+	57	36509856	61348
chr19	52018240	52218240	harbor2	chr19	52059698	52060235	LTR/ERV1	2842	+	268	52059966	41726
chr19	52018240	52218240	harbor2	chr19	52060259	52061551	LTR/ERV1	6182	+	646	52060905	42665
chr19	52018240	52218240	harbor2	chr19	52061841	52062168	LTR/ERV1	6182	+	164	52062005	43765
chr19	52018240	52218240	harbor2	chr19	52096362	52096811	LTR/ERV1	3499	+	224	52096586	78346
chr19	52018240	52218240	harbor2	chr19	52097101	52097247	LTR/ERV1	3499	+	73	52097174	78934
chr19	52018240	52218240	harbor2	chr19	52099512	52100224	LTR/ERV1	4067	+	356	52099868	81628
chr19	52018240	52218240	harbor2	chr19	52102788	52103331	LTR/ERV1	2112	+	272	52103060	84820
chr19	52018240	52218240	harbor2	chr19	52103333	52103895	LTR/ERV1	7893	+	281	52103614	85374
chr19	52018240	52218240	harbor2	chr19	52104191	52104730	LTR/ERV1	7893	+	270	52104461	86221
chr19	52018240	52218240	harbor2	chr19	52105016	52105041	LTR/ERV1	7893	+	12	52105028	86788
chr19	52018240	52218240	harbor2	chr19	52105329	52105764	LTR/ERV1	7893	+	218	52105547	87307
chr19	52018240	52218240	harbor2	chr19	52106047	52106152	LTR/ERV1	7893	+	52	52106099	87859
chr19	52018240	52218240	harbor2	chr19	52106462	52106910	LTR/ERV1	2868	+	224	52106686	88446
chr19	52018240	52218240	harbor2	chr19	52107237	52107649	LTR/ERV1	2431	+	206	52107443	89203
chr19	29423401	29623401	harbor2	chr19	29439515	29439845	LTR/ERV1	1732	+	165	29439680	16279
chr19	29423401	29623401	harbor2	chr19	29439846	29441309	LTR/ERV1	7350	+	732	29440578	17177
chr19	29423401	29623401	harbor2	chr19	29441313	29441563	LTR/ERV1	1023	+	125	29441438	18037
chr19	29423401	29623401	harbor2	chr19	29477182	29477497	LTR/ERV1	1490	+	158	29477340	53939
chr19	29423401	29623401	harbor2	chr19	29477805	29477977	LTR/ERV1	1490	+	86	29477891	54490
chr19	29423401	29623401	harbor2	chr19	29480904	29481282	LTR/ERV1	1948	+	189	29481093	57692
chr19	29423401	29623401	harbor2	chr19	29481555	29481697	LTR/ERV1	955	+	71	29481626	58225
chr19	29423401	29623401	harbor2	chr19	29482458	29482811	LTR/ERV1	1930	+	176	29482634	59233
chr19	29423401	29623401	harbor2	chr19	29484566	29485065	LTR/ERV1	2713	+	250	29484816	61415
chr19	29423401	29623401	harbor2	chr19	29488756	29488812	LTR/ERV1	1897	+	28	29488784	65383
chr19	29423401	29623401	harbor2	chr19	29489115	29489501	LTR/ERV1	1897	+	193	29489308	65907
chr19	17110691	17310691	harbor2	chr19	17130837	17131278	LTR/ERV1	2414	+	220	17131057	20366
chr19	53940816	54140816	harbor2	chr19	54034716	54034897	LTR/ERV1	616	+	90	54034806	93990
chr19	53940816	54140816	harbor2	chr19	54037997	54038539	LTR/ERV1	3433	+	271	54038268	97452
chr19	55117942	55317942	harbor2	chr19	55122805	55123222	LTR/ERV1	2828	+	208	55123013	5071
chr19	55117942	55317942	harbor2	chr19	55123223	55125561	LTR/ERV1	11944	+	1169	55124392	6450
chr19	55117942	55317942	harbor2	chr19	55125865	55126093	LTR/ERV1	11944	+	114	55125979	8037
chr19	55117942	55317942	harbor2	chr19	55126094	55126163	LTR/ERV1	3891	+	34	55126128	8186
chr19	55117942	55317942	harbor2	chr19	55126479	55128045	LTR/ERV1	6254	+	783	55127262	9320
chr19	55117942	55317942	harbor2	chr19	55128041	55128175	LTR/ERV1	1162	+	67	55128108	10166
chr19	55117942	55317942	harbor2	chr19	55128473	55128605	LTR/ERV1	1162	+	66	55128539	10597
chr19	55117942	55317942	harbor2	chr19	55128599	55129155	LTR/ERV1	3198	+	278	55128877	10935
chr19	55117942	55317942	harbor2	chr19	55129156	55129538	LTR/ERV1	2679	+	191	55129347	11405
chr19	55117942	55317942	harbor2	chr19	55150599	55151081	LTR/ERV1	3140	+	241	55150840	32898
chr19	55117942	55317942	harbor2	chr19	55151377	55151635	LTR/ERV1	3140	+	129	55151506	33564
chr19	22039645	22239645	harbor2	chr19	22066559	22067554	LTR/ERV1	7553	+	498	22067057	27412
chr19	22039645	22239645	harbor2	chr19	22067860	22068327	LTR/ERV1	7553	+	234	22068094	28449
chr19	49561195	49761195	harbor2	chr19	49579292	49579734	LTR/ERV1	2218	+	221	49579513	18318
chr19	54917191	55117191	harbor2	chr19	54951582	54951753	LTR/ERV1	2225	+	86	54951668	34477
chr19	54917191	55117191	harbor2	chr19	54952052	54952310	LTR/ERV1	2225	+	129	54952181	34990
chr19	54917191	55117191	harbor2	chr19	54952608	54952752	LTR/ERV1	2225	+	72	54952680	35489
chr19	54917191	55117191	harbor2	chr19	54952753	54952884	LTR/ERV1	2277	+	66	54952819	35628
chr19	54917191	55117191	harbor2	chr19	54953082	54953172	LTR/ERV1	2558	+	45	54953127	35936
chr19	54917191	55117191	harbor2	chr19	54953702	54953720	LTR/ERV1	2558	+	9	54953711	36520
chr19	54917191	55117191	harbor2	chr19	54954035	54954245	LTR/ERV1	2558	+	105	54954140	36949
chr19	54917191	55117191	harbor2	chr19	54954865	54954999	LTR/ERV1	2558	+	67	54954932	37741
chr19	54917191	55117191	harbor2	chr19	54957651	54957848	LTR/ERV1	1114	+	98	54957749	40558
chr19	23526777	23726777	harbor2	chr19	23549493	23549907	LTR/ERV1	2143	+	207	23549700	22923
chr19	23526777	23726777	harbor2	chr19	23549908	23550417	LTR/ERV1	1076	+	254	23550162	23385
chr19	23526777	23726777	harbor2	chr19	23550441	23553364	LTR/ERV1	15718	+	1462	23551903	25126
chr19	23526777	23726777	harbor2	chr19	23553332	23553878	LTR/ERV1	2239	+	273	23553605	26828
chr19	23526777	23726777	harbor2	chr19	23553855	23554044	LTR/ERV1	1189	+	94	23553949	27172
chr19	23526777	23726777	harbor2	chr19	23554096	23554632	LTR/ERV1	3442	+	268	23554364	27587
chr19	23526777	23726777	harbor2	chr19	23554633	23555054	LTR/ERV1	2129	+	210	23554843	28066
chr19	23526777	23726777	harbor2	chr19	23568981	23569385	LTR/ERV1	1762	+	202	23569183	42406
chr19	23526777	23726777	harbor2	chr19	23569671	23569701	LTR/ERV1	1762	+	15	23569686	42909
chr19	23526777	23726777	harbor2	chr19	23570966	23571436	LTR/ERV1	1587	+	235	23571201	44424
chr19	23526777	23726777	harbor2	chr19	23579430	23579624	LTR/ERV1	1397	+	97	23579527	52750
chr19	23526777	23726777	harbor2	chr19	23579926	23580222	LTR/ERV1	1397	+	148	23580074	53297
chr19	43935900	44135900	harbor2	chr19	43936331	43936700	LTR/ERV1	1285	+	184	43936515	615
chr19	43935900	44135900	harbor2	chr19	43936885	43937218	LTR/ERV1	2723	+	166	43937051	1151
chr19	43935900	44135900	harbor2	chr19	43937509	43938002	LTR/ERV1	2723	+	246	43937755	1855
chr19	43935900	44135900	harbor2	chr19	43997621	43998440	LTR/ERV1	4852	+	410	43998031	62131
chr19	56652163	56852163	harbor2	chr19	56715804	56716051	LTR/ERV1	3080	+	124	56715928	63765
chr19	56652163	56852163	harbor2	chr19	56716365	56716624	LTR/ERV1	3080	+	130	56716495	64332
chr19	56652163	56852163	harbor2	chr19	56716930	56717042	LTR/ERV1	3080	+	56	56716986	64823
chr19	56652163	56852163	harbor2	chr19	56725069	56725522	LTR/ERV1	2623	+	226	56725295	73132
chr19	56652163	56852163	harbor2	chr19	56725524	56725685	LTR/ERV1	799	+	80	56725604	73441
chr19	56652163	56852163	harbor2	chr19	56725994	56726057	LTR/ERV1	656	+	32	56726026	73863
chr19	56652163	56852163	harbor2	chr19	56738446	56738995	LTR/ERV1	3193	+	274	56738720	86557
chr19	47867055	48067055	harbor2	chr19	47892220	47892697	LTR/ERV1	944	+	238	47892458	25403
chr19	47867055	48067055	harbor2	chr19	47908720	47908791	LTR/ERV1	835	+	36	47908756	41701
chr19	47867055	48067055	harbor2	chr19	47909108	47909186	LTR/ERV1	835	+	39	47909147	42092
chr19	47867055	48067055	harbor2	chr19	47914095	47914166	LTR/ERV1	835	+	36	47914131	47076
chr19	47867055	48067055	harbor2	chr19	47914498	47914576	LTR/ERV1	835	+	39	47914537	47482
chr19	47867055	48067055	harbor2	chr19	47919471	47919542	LTR/ERV1	771	+	36	47919507	52452
chr19	47867055	48067055	harbor2	chr19	47919850	47919928	LTR/ERV1	771	+	39	47919889	52834
chr19	47867055	48067055	harbor2	chr19	47924821	47924892	LTR/ERV1	761	+	36	47924857	57802
chr19	47867055	48067055	harbor2	chr19	47925200	47925278	LTR/ERV1	761	+	39	47925239	58184
chr19	47867055	48067055	harbor2	chr19	47929862	47929933	LTR/ERV1	835	+	36	47929898	62843
chr19	47867055	48067055	harbor2	chr19	47930250	47930328	LTR/ERV1	835	+	39	47930289	63234
chr19	47867055	48067055	harbor2	chr19	47935223	47935294	LTR/ERV1	771	+	36	47935259	68204
chr19	47867055	48067055	harbor2	chr19	47935601	47935679	LTR/ERV1	771	+	39	47935640	68585
chr19	47867055	48067055	harbor2	chr19	47940587	47940658	LTR/ERV1	835	+	36	47940623	73568
chr19	47867055	48067055	harbor2	chr19	47940990	47941068	LTR/ERV1	835	+	39	47941029	73974
chr19	47867055	48067055	harbor2	chr19	47945965	47946036	LTR/ERV1	823	+	36	47946001	78946
chr19	47867055	48067055	harbor2	chr19	47946348	47946426	LTR/ERV1	823	+	39	47946387	79332
chr19	47867055	48067055	harbor2	chr19	47951338	47951409	LTR/ERV1	823	+	36	47951374	84319
chr19	47867055	48067055	harbor2	chr19	47951736	47951814	LTR/ERV1	823	+	39	47951775	84720
chr19	47867055	48067055	harbor2	chr19	47956726	47956797	LTR/ERV1	823	+	36	47956762	89707
chr19	47867055	48067055	harbor2	chr19	47957119	47957197	LTR/ERV1	823	+	39	47957158	90103
chr19	19668269	19868269	harbor2	chr19	19697161	19697725	LTR/ERV1	3767	+	282	19697443	29174
chr19	19668269	19868269	harbor2	chr19	19698737	19698924	LTR/ERV1	1285	+	94	19698831	30562
chr19	19668269	19868269	harbor2	chr19	19701247	19701427	LTR/ERV1	1147	+	90	19701337	33068
chr19	19668269	19868269	harbor2	chr19	19701741	19701868	LTR/ERV1	1147	+	64	19701805	33536
chr19	19668269	19868269	harbor2	chr19	19709224	19709942	LTR/ERV1	3773	+	359	19709583	41314
chr19	50674173	50874173	harbor2	chr19	50740133	50740498	LTR/ERV1	2089	+	182	50740315	66142
chr19	50674173	50874173	harbor2	chr19	50740801	50740942	LTR/ERV1	2089	+	70	50740871	66698
chr19	50674173	50874173	harbor2	chr19	50741308	50741713	LTR/ERV1	2189	+	202	50741510	67337
chr19	50674173	50874173	harbor2	chr19	50742021	50742065	LTR/ERV1	2189	+	22	50742043	67870
chr19	50674173	50874173	harbor2	chr19	50749624	50750135	LTR/ERV1	2098	+	256	50749880	75707
chr19	54165401	54365401	harbor2	chr19	54245125	54245535	LTR/ERV1	2621	+	205	54245330	79929
chr19	53429210	53629210	harbor2	chr19	53430116	53430444	LTR/ERV1	1620	+	164	53430280	1070
chr19	53429210	53629210	harbor2	chr19	53430446	53430887	LTR/ERV1	1745	+	220	53430666	1456
chr19	53429210	53629210	harbor2	chr19	53461059	53461618	LTR/ERV1	2798	+	280	53461339	32129
chr19	53429210	53629210	harbor2	chr19	53462003	53462209	LTR/ERV1	1041	+	103	53462106	32896
chr19	53429210	53629210	harbor2	chr19	53462303	53462392	LTR/ERV1	1338	+	44	53462347	33137
chr19	53429210	53629210	harbor2	chr19	53462697	53462898	LTR/ERV1	1338	+	100	53462797	33587
chr19	53429210	53629210	harbor2	chr19	53465033	53465246	LTR/ERV1	1226	+	106	53465139	35929
chr19	53429210	53629210	harbor2	chr19	53465247	53465316	LTR/ERV1	1823	+	34	53465281	36071
chr19	53429210	53629210	harbor2	chr19	53465845	53466211	LTR/ERV1	1823	+	183	53466028	36818
chr19	53429210	53629210	harbor2	chr19	53466213	53466651	LTR/ERV1	1719	+	219	53466432	37222
chr19	53429210	53629210	harbor2	chr19	53496520	53496643	LTR/ERV1	723	+	62	53496582	67372
chr19	53429210	53629210	harbor2	chr19	53519306	53519485	LTR/ERV1	1331	+	90	53519396	90186
chr19	53429210	53629210	harbor2	chr19	53519472	53519646	LTR/ERV1	1175	+	87	53519559	90349
chr19	55639439	55839439	harbor2	chr19	55733617	55733746	LTR/ERV1	655	+	64	55733681	94242
chr19	55639439	55839439	harbor2	chr19	55733747	55733919	LTR/ERV1	899	+	86	55733833	94394
chr19	41394003	41594003	harbor2	chr19	41456814	41457087	LTR/ERV1	1780	+	136	41456950	62947
chr19	41394003	41594003	harbor2	chr19	41457861	41458122	LTR/ERV1	1287	+	130	41457991	63988
chr19	41394003	41594003	harbor2	chr19	41458123	41458317	LTR/ERV1	2282	+	97	41458220	64217
chr19	41394003	41594003	harbor2	chr19	41458619	41458823	LTR/ERV1	2282	+	102	41458721	64718
chr19	41394003	41594003	harbor2	chr19	41480235	41480853	LTR/ERV1	3624	+	309	41480544	86541
chr19	54179156	54379156	harbor2	chr19	54245125	54245535	LTR/ERV1	2621	+	205	54245330	66174
chr19	46986184	47186184	harbor2	chr19	47057412	47057730	LTR/ERV1	989	+	159	47057571	71387
chr19	22554563	22754563	harbor2	chr19	22568270	22568751	LTR/ERV1	3257	+	240	22568510	13947
chr19	22554563	22754563	harbor2	chr19	22568754	22571662	LTR/ERV1	16544	+	1454	22570208	15645
chr19	22554563	22754563	harbor2	chr19	22571642	22571787	LTR/ERV1	946	+	72	22571714	17151
chr19	22554563	22754563	harbor2	chr19	22571778	22574165	LTR/ERV1	14681	+	1194	22572972	18409
chr19	22554563	22754563	harbor2	chr19	22574166	22574537	LTR/ERV1	2665	+	186	22574352	19789
chr19	22554563	22754563	harbor2	chr19	22574538	22575020	LTR/ERV1	3248	+	241	22574779	20216
chr19	22554563	22754563	harbor2	chr19	22622218	22622357	LTR/ERV1	1007	+	70	22622288	67725
chr19	57708296	57908296	harbor2	chr19	57714962	57715157	LTR/ERV1	3189	+	98	57715060	6764
chr19	57708296	57908296	harbor2	chr19	57715489	57715811	LTR/ERV1	3189	+	161	57715650	7354
chr19	57708296	57908296	harbor2	chr19	57743868	57744033	LTR/ERV1	918	+	82	57743950	35654
chr19	57708296	57908296	harbor2	chr19	57762588	57763039	LTR/ERV1	3044	+	226	57762814	54518
chr19	57708296	57908296	harbor2	chr19	57763349	57763415	LTR/ERV1	3044	+	33	57763382	55086
chr19	57708296	57908296	harbor2	chr19	57763516	57763666	LTR/ERV1	2435	+	75	57763591	55295
chr19	57708296	57908296	harbor2	chr19	57763964	57764480	LTR/ERV1	2435	+	258	57764222	55926
chr19	57708296	57908296	harbor2	chr19	57764785	57765532	LTR/ERV1	2435	+	374	57765159	56863
chr19	57708296	57908296	harbor2	chr19	57765837	57765991	LTR/ERV1	2435	+	77	57765914	57618
chr19	57708296	57908296	harbor2	chr19	57766583	57767119	LTR/ERV1	2435	+	268	57766851	58555
chr19	58397546	58597546	harbor2	chr19	58460025	58460629	LTR/ERV1	1012	+	302	58460327	62781
chr19	58397546	58597546	harbor2	chr19	58460626	58460686	LTR/ERV1	3219	+	30	58460656	63110
chr19	58397546	58597546	harbor2	chr19	58460987	58461867	LTR/ERV1	3219	+	440	58461427	63881
chr19	58397546	58597546	harbor2	chr19	58462175	58462224	LTR/ERV1	3219	+	24	58462199	64653
chr19	58397546	58597546	harbor2	chr19	58488940	58489636	LTR/ERV1	5160	+	348	58489288	91742
chr19	18020434	18220434	harbor2	chr19	18061564	18061635	LTR/ERV1	1427	+	36	18061600	41166
chr19	18020434	18220434	harbor2	chr19	18061888	18062142	LTR/ERV1	1427	+	127	18062015	41581
chr19	18020434	18220434	harbor2	chr19	18064803	18065256	LTR/ERV1	2502	+	226	18065029	44595
chr19	55055862	55255862	harbor2	chr19	55122805	55123222	LTR/ERV1	2828	+	208	55123013	67151
chr19	55055862	55255862	harbor2	chr19	55123223	55125561	LTR/ERV1	11944	+	1169	55124392	68530
chr19	55055862	55255862	harbor2	chr19	55125865	55126093	LTR/ERV1	11944	+	114	55125979	70117
chr19	55055862	55255862	harbor2	chr19	55126094	55126163	LTR/ERV1	3891	+	34	55126128	70266
chr19	55055862	55255862	harbor2	chr19	55126479	55128045	LTR/ERV1	6254	+	783	55127262	71400
chr19	55055862	55255862	harbor2	chr19	55128041	55128175	LTR/ERV1	1162	+	67	55128108	72246
chr19	55055862	55255862	harbor2	chr19	55128473	55128605	LTR/ERV1	1162	+	66	55128539	72677
chr19	55055862	55255862	harbor2	chr19	55128599	55129155	LTR/ERV1	3198	+	278	55128877	73015
chr19	55055862	55255862	harbor2	chr19	55129156	55129538	LTR/ERV1	2679	+	191	55129347	73485
chr19	55055862	55255862	harbor2	chr19	55150599	55151081	LTR/ERV1	3140	+	241	55150840	94978
chr19	55055862	55255862	harbor2	chr19	55151377	55151635	LTR/ERV1	3140	+	129	55151506	95644
chr19	51544154	51744154	harbor2	chr19	51547800	51548367	LTR/ERV1	3777	+	284	51548084	3930
chr19	51544154	51744154	harbor2	chr19	51598979	51599473	LTR/ERV1	3173	+	247	51599226	55072
chr19	51544154	51744154	harbor2	chr19	51632163	51632559	LTR/ERV1	1795	+	198	51632361	88207
chr19	51544154	51744154	harbor2	chr19	51632879	51632952	LTR/ERV1	1795	+	36	51632915	88761
chr20	52642017	52842017	harbor2	chr20	52670167	52670668	LTR/ERV1	2336	+	250	52670417	28400
chr20	41845147	42045147	harbor2	chr20	41871042	41871432	LTR/ERV1	2184	+	195	41871237	26090
chr20	63576088	63776088	harbor2	chr20	63631614	63631716	LTR/ERV1	468	+	51	63631665	55577
chr20	63576088	63776088	harbor2	chr20	63632205	63632316	LTR/ERV1	573	+	56	63632261	56173
chr20	21252737	21452737	harbor2	chr20	21264549	21264660	LTR/ERV1	781	+	56	21264605	11868
chr20	21252737	21452737	harbor2	chr20	21291691	21293020	LTR/ERV1	9606	+	664	21292355	39618
chr20	29008928	29208928	harbor2	chr20	29064505	29064849	LTR/ERV1	915	+	172	29064677	55749
chr20	29008928	29208928	harbor2	chr20	29072665	29073070	LTR/ERV1	1208	+	202	29072867	63939
chr20	55854961	56054961	harbor2	chr20	55918801	55919346	LTR/ERV1	3855	+	272	55919073	64112
chr20	9231254	9431254	harbor2	chr20	9297976	9298087	LTR/ERV1	469	+	56	9298032	66778
chr20	9231254	9431254	harbor2	chr20	9298108	9298444	LTR/ERV1	1363	+	168	9298276	67022
chr20	63458903	63658903	harbor2	chr20	63525171	63525609	LTR/ERV1	3166	+	219	63525390	66487
chr20	63458903	63658903	harbor2	chr20	63525909	63525953	LTR/ERV1	3166	+	22	63525931	67028
chr20	63458903	63658903	harbor2	chr20	63526236	63526407	LTR/ERV1	3166	+	86	63526322	67419
chr20	63458903	63658903	harbor2	chr20	63527024	63527338	LTR/ERV1	3166	+	157	63527181	68278
chr20	54025090	54225090	harbor2	chr20	54045479	54045903	LTR/ERV1	1747	+	212	54045691	20601
chr20	57281273	57481273	harbor2	chr20	57348214	57349645	LTR/ERV1	10008	+	716	57348930	67657
chr20	40031136	40231136	harbor2	chr20	40043982	40044472	LTR/ERV1	2471	+	245	40044227	13091
chr20	40031136	40231136	harbor2	chr20	40093110	40093543	LTR/ERV1	2700	+	216	40093326	62190
chr20	40031136	40231136	harbor2	chr20	40093544	40094345	LTR/ERV1	17976	+	400	40093944	62808
chr20	40031136	40231136	harbor2	chr20	40094654	40096732	LTR/ERV1	17976	+	1039	40095693	64557
chr20	40031136	40231136	harbor2	chr20	40096727	40096873	LTR/ERV1	763	+	73	40096800	65664
chr20	40031136	40231136	harbor2	chr20	40096873	40097368	LTR/ERV1	3247	+	248	40097121	65985
chr20	40031136	40231136	harbor2	chr20	40097371	40097987	LTR/ERV1	2755	+	308	40097679	66543
chr20	40031136	40231136	harbor2	chr20	40097989	40098202	LTR/ERV1	1210	+	106	40098095	66959
chr20	40031136	40231136	harbor2	chr20	40098203	40098575	LTR/ERV1	2389	+	186	40098389	67253
chr20	40031136	40231136	harbor2	chr20	40098576	40099009	LTR/ERV1	2700	+	216	40098792	67656
chr20	63474502	63674502	harbor2	chr20	63525171	63525609	LTR/ERV1	3166	+	219	63525390	50888
chr20	63474502	63674502	harbor2	chr20	63525909	63525953	LTR/ERV1	3166	+	22	63525931	51429
chr20	63474502	63674502	harbor2	chr20	63526236	63526407	LTR/ERV1	3166	+	86	63526322	51820
chr20	63474502	63674502	harbor2	chr20	63527024	63527338	LTR/ERV1	3166	+	157	63527181	52679
chr20	63460219	63660219	harbor2	chr20	63525171	63525609	LTR/ERV1	3166	+	219	63525390	65171
chr20	63460219	63660219	harbor2	chr20	63525909	63525953	LTR/ERV1	3166	+	22	63525931	65712
chr20	63460219	63660219	harbor2	chr20	63526236	63526407	LTR/ERV1	3166	+	86	63526322	66103
chr20	63460219	63660219	harbor2	chr20	63527024	63527338	LTR/ERV1	3166	+	157	63527181	66962
chr20	56514760	56714760	harbor2	chr20	56552025	56552576	LTR/ERV1	4609	+	276	56552301	37541
chr20	56514760	56714760	harbor2	chr20	56554128	56554268	LTR/ERV1	1241	+	70	56554198	39438
chr20	56514760	56714760	harbor2	chr20	56554556	56554731	LTR/ERV1	1241	+	88	56554644	39884
chr20	58185158	58385158	harbor2	chr20	58248938	58249287	LTR/ERV1	1212	+	174	58249112	63954
chr20	55079476	55279476	harbor2	chr20	55172332	55172737	LTR/ERV1	2107	+	202	55172534	93058
chr20	56259557	56459557	harbor2	chr20	56269364	56269777	LTR/ERV1	1959	+	206	56269570	10013
chr20	56259557	56459557	harbor2	chr20	56270013	56270294	LTR/ERV1	552	+	140	56270153	10596
chr20	56259557	56459557	harbor2	chr20	56272044	56273074	LTR/ERV1	2520	+	515	56272559	13002
chr20	56259557	56459557	harbor2	chr20	56273084	56274085	LTR/ERV1	4630	+	500	56273584	14027
chr20	56259557	56459557	harbor2	chr20	56274083	56274938	LTR/ERV1	14145	+	428	56274511	14954
chr20	56259557	56459557	harbor2	chr20	56275340	56276493	LTR/ERV1	14145	+	576	56275916	16359
chr20	56259557	56459557	harbor2	chr20	56276490	56276738	LTR/ERV1	1885	+	124	56276614	17057
chr20	56259557	56459557	harbor2	chr20	56276740	56277970	LTR/ERV1	4231	+	615	56277355	17798
chr20	56259557	56459557	harbor2	chr20	56331227	56331984	LTR/ERV1	4149	+	378	56331605	72048
chr20	56259557	56459557	harbor2	chr20	56347951	56348637	LTR/ERV1	3293	+	343	56348294	88737
chr20	62005065	62205065	harbor2	chr20	62041971	62042694	LTR/ERV1	4730	+	362	62042333	37268
chr20	59406879	59606879	harbor2	chr20	59476557	59476650	LTR/ERV1	508	+	46	59476603	69724
chr20	59406879	59606879	harbor2	chr20	59476817	59477353	LTR/ERV1	1934	+	268	59477085	70206
chr20	40863435	41063435	harbor2	chr20	40911159	40912388	LTR/ERV1	7144	+	614	40911773	48338
chr20	31619816	31819816	harbor2	chr20	31662806	31663043	LTR/ERV1	1332	+	118	31662924	43108
chr20	31619816	31819816	harbor2	chr20	31663773	31663847	LTR/ERV1	394	+	37	31663810	43994
chr20	31619816	31819816	harbor2	chr20	31663985	31664056	LTR/ERV1	386	+	36	31664021	44205
chr20	31619816	31819816	harbor2	chr20	31715591	31715831	LTR/ERV1	1566	+	120	31715711	95895
chr20	31619816	31819816	harbor2	chr20	31715996	31716266	LTR/ERV1	1366	+	135	31716131	96315
chr20	52093618	52293618	harbor2	chr20	52143471	52143539	LTR/ERV1	1022	+	34	52143505	49887
chr20	52093618	52293618	harbor2	chr20	52143850	52144159	LTR/ERV1	1022	+	154	52144004	50386
chr20	30106296	30306296	harbor2	chr20	30193678	30194827	LTR/ERV1	3611	+	574	30194252	87956
chr20	61275901	61475901	harbor2	chr20	61374584	61374709	LTR/ERV1	595	+	62	61374646	98745
chr20	61275901	61475901	harbor2	chr20	61374711	61375235	LTR/ERV1	2285	+	262	61374973	99072
chr20	49628353	49828353	harbor2	chr20	49670028	49670122	LTR/ERV1	498	+	47	49670075	41722
chr20	49628353	49828353	harbor2	chr20	49699649	49700236	LTR/ERV1	1793	+	294	49699943	71590
chr20	54928924	55128924	harbor2	chr20	54935882	54936070	LTR/ERV1	968	+	94	54935976	7052
chr20	54928924	55128924	harbor2	chr20	54936071	54936207	LTR/ERV1	566	+	68	54936139	7215
chr20	59831954	60031954	harbor2	chr20	59923953	59924461	LTR/ERV1	2799	+	254	59924207	92253
chr20	55416796	55616796	harbor2	chr20	55481604	55481819	LTR/ERV1	397	+	108	55481712	64916
chr20	56242069	56442069	harbor2	chr20	56269364	56269777	LTR/ERV1	1959	+	206	56269570	27501
chr20	56242069	56442069	harbor2	chr20	56270013	56270294	LTR/ERV1	552	+	140	56270153	28084
chr20	56242069	56442069	harbor2	chr20	56272044	56273074	LTR/ERV1	2520	+	515	56272559	30490
chr20	56242069	56442069	harbor2	chr20	56273084	56274085	LTR/ERV1	4630	+	500	56273584	31515
chr20	56242069	56442069	harbor2	chr20	56274083	56274938	LTR/ERV1	14145	+	428	56274511	32442
chr20	56242069	56442069	harbor2	chr20	56275340	56276493	LTR/ERV1	14145	+	576	56275916	33847
chr20	56242069	56442069	harbor2	chr20	56276490	56276738	LTR/ERV1	1885	+	124	56276614	34545
chr20	56242069	56442069	harbor2	chr20	56276740	56277970	LTR/ERV1	4231	+	615	56277355	35286
chr20	56242069	56442069	harbor2	chr20	56331227	56331984	LTR/ERV1	4149	+	378	56331605	89536
chr20	60436802	60636802	harbor2	chr20	60449926	60450257	LTR/ERV1	1377	+	166	60450092	13290
chr20	60436802	60636802	harbor2	chr20	60450304	60450496	LTR/ERV1	570	+	96	60450400	13598
chr20	60147519	60347519	harbor2	chr20	60148920	60149597	LTR/ERV1	3593	+	338	60149258	1739
chr20	60147519	60347519	harbor2	chr20	60190194	60190637	LTR/ERV1	1312	+	222	60190416	42897
chr20	60147519	60347519	harbor2	chr20	60192210	60192599	LTR/ERV1	607	+	194	60192404	44885
chr20	59459940	59659940	harbor2	chr20	59476557	59476650	LTR/ERV1	508	+	46	59476603	16663
chr20	59459940	59659940	harbor2	chr20	59476817	59477353	LTR/ERV1	1934	+	268	59477085	17145
chr20	59459940	59659940	harbor2	chr20	59527449	59528248	LTR/ERV1	5115	+	400	59527849	67909
chr20	59459940	59659940	harbor2	chr20	59543419	59543868	LTR/ERV1	1246	+	224	59543643	83703
chr20	57440146	57640146	harbor2	chr20	57444186	57444298	LTR/ERV1	802	+	56	57444242	4096
chr20	57440146	57640146	harbor2	chr20	57457196	57457663	LTR/ERV1	2608	+	234	57457430	17284
chr20	57440146	57640146	harbor2	chr20	57503637	57503787	LTR/ERV1	2748	+	75	57503712	63566
chr20	57440146	57640146	harbor2	chr20	57503950	57504013	LTR/ERV1	2748	+	32	57503982	63836
chr20	57440146	57640146	harbor2	chr20	57504576	57505041	LTR/ERV1	2748	+	232	57504808	64662
chr20	57440146	57640146	harbor2	chr20	57535973	57536537	LTR/ERV1	4119	+	282	57536255	96109
chr20	63005041	63205041	harbor2	chr20	63011048	63012024	LTR/ERV1	6879	+	488	63011536	6495
chr20	63005041	63205041	harbor2	chr20	63012030	63012270	LTR/ERV1	1514	+	120	63012150	7109
chr20	35534598	35734598	harbor2	chr20	35539745	35540213	LTR/ERV1	2255	+	234	35539979	5381
chr20	34271011	34471011	harbor2	chr20	34321202	34321302	LTR/ERV1	3705	+	50	34321252	50241
chr20	34271011	34471011	harbor2	chr20	34321608	34322073	LTR/ERV1	3705	+	232	34321840	50829
chr20	34271011	34471011	harbor2	chr20	34322621	34322896	LTR/ERV1	1686	+	138	34322759	51748
chr20	34271011	34471011	harbor2	chr20	34322917	34323398	LTR/ERV1	3835	+	240	34323157	52146
chr20	34271011	34471011	harbor2	chr20	34323711	34323831	LTR/ERV1	3835	+	60	34323771	52760
chr20	34271011	34471011	harbor2	chr20	34323832	34323932	LTR/ERV1	617	+	50	34323882	52871
chr20	34271011	34471011	harbor2	chr20	34331964	34332854	LTR/ERV1	4123	+	445	34332409	61398
chr20	34271011	34471011	harbor2	chr20	34343708	34344028	LTR/ERV1	1683	+	160	34343868	72857
chr20	34271011	34471011	harbor2	chr20	34357764	34357867	LTR/ERV1	4095	+	52	34357816	86805
chr20	34271011	34471011	harbor2	chr20	34358142	34358541	LTR/ERV1	4095	+	200	34358342	87331
chr20	34271011	34471011	harbor2	chr20	34359182	34359209	LTR/ERV1	4095	+	14	34359196	88185
chr20	34271011	34471011	harbor2	chr20	34359512	34359615	LTR/ERV1	4095	+	52	34359564	88553
chr20	54747847	54947847	harbor2	chr20	54750195	54750533	LTR/ERV1	2014	+	169	54750364	2517
chr20	54747847	54947847	harbor2	chr20	54750526	54750611	LTR/ERV1	1778	+	42	54750568	2721
chr20	54747847	54947847	harbor2	chr20	54750991	54751192	LTR/ERV1	1778	+	100	54751091	3244
chr20	54747847	54947847	harbor2	chr20	54763613	54764142	LTR/ERV1	2265	+	264	54763877	16030
chr20	7139137	7339137	harbor2	chr20	7210306	7210698	LTR/ERV1	827	+	196	7210502	71365
chr20	21690466	21890466	harbor2	chr20	21728538	21729012	LTR/ERV1	2975	+	237	21728775	38309
chr20	45302503	45502503	harbor2	chr20	45330967	45331125	LTR/ERV1	1163	+	79	45331046	28543
chr20	45302503	45502503	harbor2	chr20	45331126	45331215	LTR/ERV1	529	+	44	45331170	28667
chr20	45302503	45502503	harbor2	chr20	45331212	45331425	LTR/ERV1	1562	+	106	45331318	28815
chr20	45302503	45502503	harbor2	chr20	45331426	45331964	LTR/ERV1	3707	+	269	45331695	29192
chr20	45302503	45502503	harbor2	chr20	45394207	45395454	LTR/ERV1	6681	+	624	45394831	92328
chr20	49819952	50019952	harbor2	chr20	49836867	49837406	LTR/ERV1	3273	+	270	49837137	17185
chr20	49819952	50019952	harbor2	chr20	49839379	49839498	LTR/ERV1	800	+	60	49839439	19487
chr20	41551960	41751960	harbor2	chr20	41553244	41553781	LTR/ERV1	2195	+	268	41553512	1552
chr20	41551960	41751960	harbor2	chr20	41574788	41575372	LTR/ERV1	3389	+	292	41575080	23120
chr20	41551960	41751960	harbor2	chr20	41585864	41586624	LTR/ERV1	5714	+	380	41586244	34284
chr20	41551960	41751960	harbor2	chr20	41594586	41595016	LTR/ERV1	1649	+	215	41594801	42841
chr20	41551960	41751960	harbor2	chr20	41595017	41597276	LTR/ERV1	11735	+	1130	41596147	44187
chr20	41551960	41751960	harbor2	chr20	41599676	41600107	LTR/ERV1	1644	+	216	41599892	47932
chr20	41551960	41751960	harbor2	chr20	41597270	41599672	LTR/ERV1	11454	+	1201	41598471	46511
chr20	13172221	13372221	harbor2	chr20	13188762	13189189	LTR/ERV1	2834	+	214	13188976	16755
chr20	42562055	42762055	harbor2	chr20	42622794	42623463	LTR/ERV1	3429	+	334	42623128	61073
chr20	42562055	42762055	harbor2	chr20	42657573	42657930	LTR/ERV1	1303	+	178	42657751	95696
chr20	53451293	53651293	harbor2	chr20	53454704	53455195	LTR/ERV1	3190	+	246	53454950	3657
chr20	57905744	58105744	harbor2	chr20	57935706	57936259	LTR/ERV1	3076	+	276	57935982	30238
chr20	39498304	39698304	harbor2	chr20	39548555	39548822	LTR/ERV1	1545	+	134	39548689	50385
chr20	46969313	47169313	harbor2	chr20	47063441	47063975	LTR/ERV1	2690	+	267	47063708	94395
chr20	59560138	59760138	harbor2	chr20	59563594	59563998	LTR/ERV1	1096	+	202	59563796	3658
chr21	39189910	39389910	harbor2	chr21	39208913	39209414	LTR/ERV1	2500	+	250	39209163	19253
chr21	25455653	25655653	harbor2	chr21	25538913	25539971	LTR/ERV1	6223	+	529	25539442	83789
chr21	23714425	23914425	harbor2	chr21	23742187	23742777	LTR/ERV1	3684	+	295	23742482	28057
chr21	23714425	23914425	harbor2	chr21	23806835	23808314	LTR/ERV1	10391	+	740	23807575	93150
chr21	27894491	28094491	harbor2	chr21	27925750	27925853	LTR/ERV1	639	+	52	27925802	31311
chr21	14196599	14396599	harbor2	chr21	14261291	14261617	LTR/ERV1	1550	+	163	14261454	64855
chr21	14196599	14396599	harbor2	chr21	14263877	14264460	LTR/ERV1	933	+	292	14264169	67570
chr21	38042328	38242328	harbor2	chr21	38106057	38106141	LTR/ERV1	491	+	42	38106099	63771
chr21	38042328	38242328	harbor2	chr21	38113069	38113432	LTR/ERV1	1779	+	182	38113251	70923
chr21	38042328	38242328	harbor2	chr21	38113442	38114496	LTR/ERV1	4328	+	527	38113969	71641
chr21	38042328	38242328	harbor2	chr21	38114617	38114950	LTR/ERV1	1573	+	166	38114783	72455
chr21	38042328	38242328	harbor2	chr21	38114953	38115324	LTR/ERV1	1193	+	186	38115139	72811
chr21	42905253	43105253	harbor2	chr21	42916378	42916741	LTR/ERV1	2394	+	182	42916560	11307
chr21	42905253	43105253	harbor2	chr21	42925878	42925960	LTR/ERV1	517	+	41	42925919	20666
chr21	42905253	43105253	harbor2	chr21	42928247	42928276	LTR/ERV1	2254	+	14	42928261	23008
chr21	42905253	43105253	harbor2	chr21	42928587	42928847	LTR/ERV1	2254	+	130	42928717	23464
chr21	42905253	43105253	harbor2	chr21	42929156	42929169	LTR/ERV1	2254	+	6	42929162	23909
chr21	42905253	43105253	harbor2	chr21	42929522	42929628	LTR/ERV1	2254	+	53	42929575	24322
chr21	42905253	43105253	harbor2	chr21	42929915	42929955	LTR/ERV1	2254	+	20	42929935	24682
chr21	42905253	43105253	harbor2	chr21	42930400	42930512	LTR/ERV1	2254	+	56	42930456	25203
chr21	42905253	43105253	harbor2	chr21	42931407	42931649	LTR/ERV1	1046	+	121	42931528	26275
chr21	42905253	43105253	harbor2	chr21	42931964	42932430	LTR/ERV1	2668	+	233	42932197	26944
chr21	42905253	43105253	harbor2	chr21	42932431	42932814	LTR/ERV1	2854	+	192	42932623	27370
chr21	42905253	43105253	harbor2	chr21	42932808	42933394	LTR/ERV1	4395	+	293	42933101	27848
chr21	42905253	43105253	harbor2	chr21	42933380	42933699	LTR/ERV1	2305	+	160	42933540	28287
chr21	42905253	43105253	harbor2	chr21	42933692	42935701	LTR/ERV1	13067	+	1004	42934696	29443
chr21	42905253	43105253	harbor2	chr21	42935862	42936444	LTR/ERV1	3942	+	291	42936153	30900
chr21	42905253	43105253	harbor2	chr21	42936445	42937000	LTR/ERV1	4769	+	278	42936723	31470
chr21	42905253	43105253	harbor2	chr21	42937001	42937075	LTR/ERV1	3942	+	37	42937038	31785
chr21	42905253	43105253	harbor2	chr21	42937076	42937545	LTR/ERV1	2808	+	234	42937310	32057
chr21	42905253	43105253	harbor2	chr21	42937596	42938069	LTR/ERV1	3511	+	236	42937832	32579
chr21	42905253	43105253	harbor2	chr21	42941242	42941432	LTR/ERV1	1391	+	95	42941337	36084
chr21	42905253	43105253	harbor2	chr21	42956871	42957321	LTR/ERV1	1518	+	225	42957096	51843
chr21	42905253	43105253	harbor2	chr21	42957615	42957886	LTR/ERV1	1141	+	136	42957751	52498
chr21	42905253	43105253	harbor2	chr21	42958167	42958326	LTR/ERV1	2006	+	80	42958247	52994
chr21	42905253	43105253	harbor2	chr21	42958618	42958630	LTR/ERV1	2006	+	6	42958624	53371
chr21	42905253	43105253	harbor2	chr21	42958913	42959238	LTR/ERV1	2006	+	162	42959075	53822
chr21	42905253	43105253	harbor2	chr21	42959356	42959403	LTR/ERV1	1407	+	24	42959380	54127
chr21	42905253	43105253	harbor2	chr21	42959721	42960016	LTR/ERV1	1407	+	148	42959869	54616
chr21	42905253	43105253	harbor2	chr21	42962273	42962464	LTR/ERV1	632	+	96	42962369	57116
chr21	42905253	43105253	harbor2	chr21	42969321	42969845	LTR/ERV1	2447	+	262	42969583	64330
chr21	42905253	43105253	harbor2	chr21	42971099	42971776	LTR/ERV1	3871	+	338	42971437	66184
chr21	42905253	43105253	harbor2	chr21	42942247	42942734	LTR/ERV1	2752	+	244	42942491	37238
chr21	35407864	35607864	harbor2	chr21	35414434	35414860	LTR/ERV1	1828	+	213	35414647	6783
chr21	35407864	35607864	harbor2	chr21	35431841	35432114	LTR/ERV1	1478	+	136	35431977	24113
chr21	35407864	35607864	harbor2	chr21	35434689	35434992	LTR/ERV1	1346	+	152	35434841	26977
chr21	46607339	46807339	harbor2	chr21	46697034	46697250	LTR/ERV1	1591	+	108	46697142	89803
chr21	46607339	46807339	harbor2	chr21	46697555	46698114	LTR/ERV1	1591	+	280	46697835	90496
chr21	45980230	46180230	harbor2	chr21	46061367	46062079	LTR/ERV1	3895	+	356	46061723	81493
chr21	44002399	44202399	harbor2	chr21	44010386	44010553	LTR/ERV1	2596	+	84	44010470	8071
chr21	44002399	44202399	harbor2	chr21	44011049	44011424	LTR/ERV1	2596	+	188	44011237	8838
chr21	15637369	15837369	harbor2	chr21	15638601	15639147	LTR/ERV1	3209	+	273	15638874	1505
chr21	15637369	15837369	harbor2	chr21	15660521	15660919	LTR/ERV1	1801	+	199	15660720	23351
chr21	15637369	15837369	harbor2	chr21	15724286	15724885	LTR/ERV1	2013	+	300	15724586	87217
chr21	43695506	43895506	harbor2	chr21	43711748	43711880	LTR/ERV1	661	+	66	43711814	16308
chr21	43695506	43895506	harbor2	chr21	43713759	43714057	LTR/ERV1	2161	+	149	43713908	18402
chr21	43695506	43895506	harbor2	chr21	43714359	43714402	LTR/ERV1	2161	+	22	43714381	18875
chr21	43695506	43895506	harbor2	chr21	43714688	43714784	LTR/ERV1	2161	+	48	43714736	19230
chr21	43695506	43895506	harbor2	chr21	43715376	43715497	LTR/ERV1	2161	+	60	43715436	19930
chr21	43695506	43895506	harbor2	chr21	43715498	43716246	LTR/ERV1	4718	+	374	43715872	20366
chr21	43695506	43895506	harbor2	chr21	43716247	43716329	LTR/ERV1	2161	+	41	43716288	20782
chr21	43695506	43895506	harbor2	chr21	43775666	43776004	LTR/ERV1	1168	+	169	43775835	80329
chr21	43695506	43895506	harbor2	chr21	43780457	43781098	LTR/ERV1	3642	+	320	43780777	85271
chr21	43695506	43895506	harbor2	chr21	43781394	43781459	LTR/ERV1	3642	+	32	43781426	85920
chr21	43695506	43895506	harbor2	chr21	43781612	43781660	LTR/ERV1	1580	+	24	43781636	86130
chr21	43695506	43895506	harbor2	chr21	43781954	43782241	LTR/ERV1	1580	+	144	43782098	86592
chr21	43695506	43895506	harbor2	chr21	43782558	43782666	LTR/ERV1	1580	+	54	43782612	87106
chr21	43695506	43895506	harbor2	chr21	43712420	43713038	LTR/ERV1	2844	+	309	43712729	17223
chr21	25818192	26018192	harbor2	chr21	25831392	25832026	LTR/ERV1	3921	+	317	25831709	13517
chr21	25818192	26018192	harbor2	chr21	25832281	25832987	LTR/ERV1	4305	+	353	25832634	14442
chr21	25818192	26018192	harbor2	chr21	25833389	25834298	LTR/ERV1	4962	+	454	25833843	15651
chr21	25818192	26018192	harbor2	chr21	25834468	25835308	LTR/ERV1	5144	+	420	25834888	16696
chr21	25818192	26018192	harbor2	chr21	25855837	25856140	LTR/ERV1	1613	+	152	25855989	37797
chr21	25818192	26018192	harbor2	chr21	25856128	25856320	LTR/ERV1	767	+	96	25856224	38032
chr21	25818192	26018192	harbor2	chr21	25856368	25856715	LTR/ERV1	1541	+	174	25856542	38350
chr21	25818192	26018192	harbor2	chr21	25878356	25878906	LTR/ERV1	3943	+	275	25878631	60439
chr21	25818192	26018192	harbor2	chr21	25879590	25880009	LTR/ERV1	2523	+	210	25879800	61608
chr21	30123654	30323654	harbor2	chr21	30143777	30143966	LTR/ERV1	3899	+	94	30143871	20217
chr21	30123654	30323654	harbor2	chr21	30144258	30144630	LTR/ERV1	3899	+	186	30144444	20790
chr21	30123654	30323654	harbor2	chr21	30144829	30145420	LTR/ERV1	2977	+	296	30145125	21471
chr21	30123654	30323654	harbor2	chr21	30183485	30183754	LTR/ERV1	1004	+	134	30183619	59965
chr21	19251643	19451643	harbor2	chr21	19291926	19292406	LTR/ERV1	1417	+	240	19292166	40523
chr21	19251643	19451643	harbor2	chr21	19306534	19306874	LTR/ERV1	2052	+	170	19306704	55061
chr21	40003845	40203845	harbor2	chr21	40095993	40096470	LTR/ERV1	3283	+	238	40096231	92386
chr21	37284892	37484892	harbor2	chr21	37314342	37314457	LTR/ERV1	995	+	58	37314400	29508
chr21	37284892	37484892	harbor2	chr21	37375874	37376113	LTR/ERV1	1230	+	120	37375994	91102
chr21	27489168	27689168	harbor2	chr21	27579295	27579696	LTR/ERV1	2531	+	200	27579495	90327
chr21	34437425	34637425	harbor2	chr21	34486440	34486926	LTR/ERV1	1500	+	243	34486683	49258
chr21	34437425	34637425	harbor2	chr21	34489605	34490142	LTR/ERV1	1606	+	268	34489873	52448
chr21	33373883	33573883	harbor2	chr21	33379750	33380116	LTR/ERV1	1871	+	183	33379933	6050
chr21	33373883	33573883	harbor2	chr21	33380421	33380603	LTR/ERV1	1871	+	91	33380512	6629
chr21	33373883	33573883	harbor2	chr21	33400939	33401317	LTR/ERV1	2603	+	189	33401128	27245
chr21	33373883	33573883	harbor2	chr21	33401650	33401820	LTR/ERV1	2603	+	85	33401735	27852
chr21	33373883	33573883	harbor2	chr21	33457784	33458144	LTR/ERV1	1506	+	180	33457964	84081
chr21	30033587	30233587	harbor2	chr21	30040700	30041128	LTR/ERV1	3373	+	214	30040914	7327
chr21	30033587	30233587	harbor2	chr21	30048465	30049098	LTR/ERV1	4222	+	316	30048781	15194
chr21	30033587	30233587	harbor2	chr21	30049775	30050427	LTR/ERV1	4789	+	326	30050101	16514
chr21	30033587	30233587	harbor2	chr21	30083182	30083677	LTR/ERV1	2734	+	248	30083430	49843
chr21	42725769	42925769	harbor2	chr21	42795353	42795860	LTR/ERV1	3877	+	254	42795607	69838
chr21	42725769	42925769	harbor2	chr21	42797481	42797953	LTR/ERV1	3351	+	236	42797717	71948
chr21	42725769	42925769	harbor2	chr21	42806586	42806772	LTR/ERV1	852	+	93	42806679	80910
chr21	42725769	42925769	harbor2	chr21	42807903	42808503	LTR/ERV1	3953	+	300	42808203	82434
chr21	42725769	42925769	harbor2	chr21	42811742	42812203	LTR/ERV1	2717	+	230	42811972	86203
chr21	42725769	42925769	harbor2	chr21	42812434	42812948	LTR/ERV1	3841	+	257	42812691	86922
chr21	7320018	7520018	harbor2	chr21	7378575	7379071	LTR/ERV1	1859	+	248	7378823	58805
chr21	7320018	7520018	harbor2	chr21	7405740	7406059	LTR/ERV1	1281	+	160	7405900	85882
chr21	7320018	7520018	harbor2	chr21	7415423	7415837	LTR/ERV1	2090	+	207	7415630	95612
chr21	24427357	24627357	harbor2	chr21	24509556	24509779	LTR/ERV1	1361	+	112	24509668	82311
chr21	28196245	28396245	harbor2	chr21	28262689	28263118	LTR/ERV1	3135	+	214	28262903	66658
chr21	36273269	36473269	harbor2	chr21	36305773	36305913	LTR/ERV1	688	+	70	36305843	32574
chr21	36273269	36473269	harbor2	chr21	36307686	36307835	LTR/ERV1	850	+	74	36307760	34491
chr21	36273269	36473269	harbor2	chr21	36308262	36308650	LTR/ERV1	1465	+	194	36308456	35187
chr21	36273269	36473269	harbor2	chr21	36329559	36329850	LTR/ERV1	2866	+	146	36329705	56436
chr21	36273269	36473269	harbor2	chr21	36330162	36330670	LTR/ERV1	3231	+	254	36330416	57147
chr21	35936216	36136216	harbor2	chr21	36005108	36005443	LTR/ERV1	2187	+	168	36005276	69060
chr21	19688838	19888838	harbor2	chr21	19781731	19782558	LTR/ERV1	4661	+	414	19782145	93307
chr22	22144665	22344665	harbor2	chr22	22176209	22176973	LTR/ERV1	3990	+	382	22176591	31926
chr22	22144665	22344665	harbor2	chr22	22234817	22234844	LTR/ERV1	4226	+	14	22234831	90166
chr22	22144665	22344665	harbor2	chr22	22235155	22235747	LTR/ERV1	4226	+	296	22235451	90786
chr22	43569028	43769028	harbor2	chr22	43582806	43583435	LTR/ERV1	2869	+	314	43583120	14092
chr22	43569028	43769028	harbor2	chr22	43605131	43605354	LTR/ERV1	1417	+	112	43605243	36215
chr22	30051312	30251312	harbor2	chr22	30094828	30095522	LTR/ERV1	4312	+	347	30095175	43863
chr22	41222840	41422840	harbor2	chr22	41300778	41301100	LTR/ERV1	1419	+	161	41300939	78099
chr22	15742458	15942458	harbor2	chr22	15815514	15815680	LTR/ERV1	1244	+	83	15815597	73139
chr22	50593495	50793495	harbor2	chr22	50629174	50629747	LTR/ERV1	3385	+	286	50629460	35965
chr22	50593495	50793495	harbor2	chr22	50629748	50630240	LTR/ERV1	5558	+	246	50629994	36499
chr22	50593495	50793495	harbor2	chr22	50630681	50630839	LTR/ERV1	5558	+	79	50630760	37265
chr22	50593495	50793495	harbor2	chr22	50631939	50632669	LTR/ERV1	5558	+	365	50632304	38809
chr22	50593495	50793495	harbor2	chr22	50633139	50634597	LTR/ERV1	8828	+	729	50633868	40373
chr22	50593495	50793495	harbor2	chr22	50634716	50635080	LTR/ERV1	3623	+	182	50634898	41403
chr22	50593495	50793495	harbor2	chr22	50635371	50635671	LTR/ERV1	3623	+	150	50635521	42026
chr22	50593495	50793495	harbor2	chr22	50635842	50635941	LTR/ERV1	1820	+	50	50635892	42397
chr22	50593495	50793495	harbor2	chr22	50636309	50636899	LTR/ERV1	1960	+	295	50636604	43109
chr22	50593495	50793495	harbor2	chr22	50637194	50637231	LTR/ERV1	1960	+	18	50637212	43717
chr22	50593495	50793495	harbor2	chr22	50637363	50637580	LTR/ERV1	1117	+	108	50637471	43976
chr22	50593495	50793495	harbor2	chr22	50637907	50638201	LTR/ERV1	1640	+	147	50638054	44559
chr22	50593495	50793495	harbor2	chr22	50638435	50639031	LTR/ERV1	3894	+	298	50638733	45238
chr22	50593495	50793495	harbor2	chr22	50639312	50639466	LTR/ERV1	3894	+	77	50639389	45894
chr22	50593495	50793495	harbor2	chr22	50639467	50639507	LTR/ERV1	3415	+	20	50639487	45992
chr22	50593495	50793495	harbor2	chr22	50639810	50640345	LTR/ERV1	3415	+	268	50640078	46583
chr22	50593495	50793495	harbor2	chr22	50643141	50643234	LTR/ERV1	542	+	46	50643187	49692
chr22	50593495	50793495	harbor2	chr22	50644614	50644917	LTR/ERV1	1471	+	152	50644766	51271
chr22	50593495	50793495	harbor2	chr22	50645106	50645497	LTR/ERV1	2617	+	196	50645302	51807
chr22	50593495	50793495	harbor2	chr22	50645501	50645910	LTR/ERV1	2649	+	204	50645705	52210
chr22	50593495	50793495	harbor2	chr22	50646180	50646302	LTR/ERV1	972	+	61	50646241	52746
chr22	50593495	50793495	harbor2	chr22	50646610	50646851	LTR/ERV1	972	+	120	50646730	53235
chr22	50593495	50793495	harbor2	chr22	50646848	50647018	LTR/ERV1	1054	+	85	50646933	53438
chr22	50593495	50793495	harbor2	chr22	50647143	50647218	LTR/ERV1	1982	+	38	50647181	53686
chr22	50593495	50793495	harbor2	chr22	50647531	50647881	LTR/ERV1	1982	+	175	50647706	54211
chr22	50593495	50793495	harbor2	chr22	50648121	50648256	LTR/ERV1	3859	+	68	50648189	54694
chr22	50593495	50793495	harbor2	chr22	50648547	50649038	LTR/ERV1	3859	+	246	50648793	55298
chr22	50593495	50793495	harbor2	chr22	50649332	50649625	LTR/ERV1	3859	+	146	50649478	55983
chr22	50593495	50793495	harbor2	chr22	50649625	50650658	LTR/ERV1	5709	+	516	50650141	56646
chr22	50593495	50793495	harbor2	chr22	50650878	50650906	LTR/ERV1	4960	+	14	50650892	57397
chr22	50593495	50793495	harbor2	chr22	50651222	50651508	LTR/ERV1	4960	+	143	50651365	57870
chr22	50593495	50793495	harbor2	chr22	50651812	50651969	LTR/ERV1	4960	+	78	50651890	58395
chr22	50593495	50793495	harbor2	chr22	50652280	50652675	LTR/ERV1	4960	+	198	50652478	58983
chr22	50593495	50793495	harbor2	chr22	50652686	50653154	LTR/ERV1	3568	+	234	50652920	59425
chr22	43484664	43684664	harbor2	chr22	43554119	43554555	LTR/ERV1	2926	+	218	43554337	69673
chr22	43484664	43684664	harbor2	chr22	43582806	43583435	LTR/ERV1	2869	+	314	43583120	98456
chr22	33344060	33544060	harbor2	chr22	33369237	33369559	LTR/ERV1	3558	+	161	33369398	25338
chr22	33344060	33544060	harbor2	chr22	33369869	33370698	LTR/ERV1	3558	+	414	33370283	26223
chr22	33344060	33544060	harbor2	chr22	33371108	33371703	LTR/ERV1	2681	+	298	33371406	27346
chr22	33344060	33544060	harbor2	chr22	33371999	33372363	LTR/ERV1	2681	+	182	33372181	28121
chr22	33344060	33544060	harbor2	chr22	33372725	33373436	LTR/ERV1	2845	+	356	33373081	29021
chr22	33344060	33544060	harbor2	chr22	33373564	33373696	LTR/ERV1	5258	+	66	33373630	29570
chr22	33344060	33544060	harbor2	chr22	33375499	33375729	LTR/ERV1	1275	+	115	33375614	31554
chr22	33344060	33544060	harbor2	chr22	33376170	33376636	LTR/ERV1	1608	+	233	33376403	32343
chr22	33344060	33544060	harbor2	chr22	33376632	33377100	LTR/ERV1	1763	+	234	33376866	32806
chr22	33344060	33544060	harbor2	chr22	33377101	33377550	LTR/ERV1	2567	+	224	33377325	33265
chr22	33344060	33544060	harbor2	chr22	33373996	33375384	LTR/ERV1	5258	+	694	33374690	30630
chr22	30286519	30486519	harbor2	chr22	30353337	30353831	LTR/ERV1	4030	+	247	30353584	67065
chr22	37535053	37735053	harbor2	chr22	37591660	37592159	LTR/ERV1	2569	+	250	37591910	56857
chr22	48257209	48457209	harbor2	chr22	48284765	48285255	LTR/ERV1	2831	+	245	48285010	27801
chr22	39612263	39812263	harbor2	chr22	39710693	39711131	LTR/ERV1	2485	+	219	39710912	98649
chr22	26689098	26889098	harbor2	chr22	26766771	26767323	LTR/ERV1	3740	+	276	26767047	77949
chr22	36925262	37125262	harbor2	chr22	36947139	36947745	LTR/ERV1	3716	+	303	36947442	22180
chr22	36925262	37125262	harbor2	chr22	36969444	36969600	LTR/ERV1	719	+	78	36969522	44260
chr22	36925262	37125262	harbor2	chr22	36975644	36976160	LTR/ERV1	2471	+	258	36975902	50640
chr22	36925262	37125262	harbor2	chr22	36976460	36976705	LTR/ERV1	2471	+	122	36976582	51320
chr22	36925262	37125262	harbor2	chr22	36976999	36977547	LTR/ERV1	908	+	274	36977273	52011
chr22	36925262	37125262	harbor2	chr22	36977670	36977769	LTR/ERV1	554	+	50	36977720	52458
chr22	36925262	37125262	harbor2	chr22	36979545	36979664	LTR/ERV1	647	+	60	36979605	54343
chr22	36925262	37125262	harbor2	chr22	36980299	36980373	LTR/ERV1	477	+	37	36980336	55074
chr22	36925262	37125262	harbor2	chr22	36981050	36981479	LTR/ERV1	1385	+	214	36981264	56002
chr22	43018281	43218281	harbor2	chr22	43095996	43096035	LTR/ERV1	807	+	20	43096016	77735
chr22	43018281	43218281	harbor2	chr22	43096343	43096707	LTR/ERV1	1165	+	182	43096525	78244
chr22	18996133	19196133	harbor2	chr22	19052960	19053145	LTR/ERV1	668	+	92	19053052	56919
chr22	36396017	36596017	harbor2	chr22	36426959	36427147	LTR/ERV1	4073	+	94	36427053	31036
chr22	36396017	36596017	harbor2	chr22	36427455	36427825	LTR/ERV1	4073	+	185	36427640	31623
chr22	45160513	45360513	harbor2	chr22	45160742	45160860	LTR/ERV1	494	+	59	45160801	288
chr22	45160513	45360513	harbor2	chr22	45161257	45161661	LTR/ERV1	2260	+	202	45161459	946
chr22	45160513	45360513	harbor2	chr22	45161971	45162014	LTR/ERV1	2260	+	22	45161993	1480
chr22	45160513	45360513	harbor2	chr22	45162015	45162109	LTR/ERV1	1014	+	47	45162062	1549
chr22	45160513	45360513	harbor2	chr22	45162110	45162544	LTR/ERV1	2732	+	217	45162327	1814
chr22	45160513	45360513	harbor2	chr22	45162545	45162810	LTR/ERV1	1014	+	132	45162677	2164
chr22	45160513	45360513	harbor2	chr22	45230322	45230577	LTR/ERV1	922	+	128	45230450	69937
chr22	45160513	45360513	harbor2	chr22	45230880	45230963	LTR/ERV1	922	+	42	45230922	70409
chr22	45160513	45360513	harbor2	chr22	45231250	45231411	LTR/ERV1	922	+	80	45231330	70817
chr22	46294727	46494727	harbor2	chr22	46333167	46333725	LTR/ERV1	1817	+	279	46333446	38719
chr22	46294727	46494727	harbor2	chr22	46334297	46334422	LTR/ERV1	1798	+	62	46334359	39632
chr22	46294727	46494727	harbor2	chr22	46333730	46333993	LTR/ERV1	1798	+	132	46333862	39135
chr22	47353666	47553666	harbor2	chr22	47377659	47378192	LTR/ERV1	2978	+	266	47377925	24259
chr22	47353666	47553666	harbor2	chr22	47406212	47406901	LTR/ERV1	3522	+	344	47406556	52890
chr22	47353666	47553666	harbor2	chr22	47408791	47409337	LTR/ERV1	3915	+	273	47409064	55398
chr22	47353666	47553666	harbor2	chr22	47442411	47442869	LTR/ERV1	2692	+	229	47442640	88974
chr22	32112552	32312552	harbor2	chr22	32117764	32118227	LTR/ERV1	1896	+	232	32117996	5444
chr22	32112552	32312552	harbor2	chr22	32126246	32126518	LTR/ERV1	1579	+	136	32126382	13830
chr22	32112552	32312552	harbor2	chr22	32126526	32126672	LTR/ERV1	628	+	73	32126599	14047
chr22	32112552	32312552	harbor2	chr22	32126980	32127006	LTR/ERV1	628	+	13	32126993	14441
chr22	32112552	32312552	harbor2	chr22	32127013	32127492	LTR/ERV1	2641	+	240	32127253	14701
chr22	32112552	32312552	harbor2	chr22	32127535	32127919	LTR/ERV1	1238	+	192	32127727	15175
chr22	32112552	32312552	harbor2	chr22	32127926	32127994	LTR/ERV1	533	+	34	32127960	15408
chr22	32112552	32312552	harbor2	chr22	32137454	32137666	LTR/ERV1	1459	+	106	32137560	25008
chr22	32112552	32312552	harbor2	chr22	32137667	32138166	LTR/ERV1	2556	+	250	32137917	25365
chr22	32112552	32312552	harbor2	chr22	32138160	32138244	LTR/ERV1	691	+	42	32138202	25650
chr22	32112552	32312552	harbor2	chr22	32138273	32138354	LTR/ERV1	691	+	40	32138313	25761
chr22	32112552	32312552	harbor2	chr22	32138351	32139805	LTR/ERV1	12452	+	727	32139078	26526
chr22	32112552	32312552	harbor2	chr22	32140316	32140576	LTR/ERV1	12452	+	130	32140446	27894
chr22	45293483	45493483	harbor2	chr22	45372686	45372716	LTR/ERV1	1280	+	15	45372701	79218
chr22	45293483	45493483	harbor2	chr22	45373012	45373326	LTR/ERV1	1611	+	157	45373169	79686
chr22	45293483	45493483	harbor2	chr22	45373766	45374378	LTR/ERV1	3260	+	306	45374072	80589
chr22	45293483	45493483	harbor2	chr22	45374368	45375008	LTR/ERV1	3662	+	320	45374688	81205
chr22	45293483	45493483	harbor2	chr22	45375017	45375490	LTR/ERV1	3856	+	236	45375253	81770
chr22	33839738	34039738	harbor2	chr22	33928037	33928666	LTR/ERV1	3991	+	314	33928351	88613
chr22	40785163	40985163	harbor2	chr22	40785402	40785442	LTR/ERV1	1710	+	20	40785422	259
chr22	36706475	36906475	harbor2	chr22	36759282	36759504	LTR/ERV1	608	+	111	36759393	52918
chr22	36706475	36906475	harbor2	chr22	36777750	36778233	LTR/ERV1	3712	+	242	36777992	71517
chr22	33859825	34059825	harbor2	chr22	33928037	33928666	LTR/ERV1	3991	+	314	33928351	68526
chr22	26773233	26973233	harbor2	chr22	26860296	26860755	LTR/ERV1	2852	+	230	26860526	87293
chr22	41512666	41712666	harbor2	chr22	41593353	41594824	LTR/ERV1	7905	+	736	41594089	81423
chr22	42455184	42655184	harbor2	chr22	42473295	42474035	LTR/ERV1	3662	+	370	42473665	18481
chr22	42455184	42655184	harbor2	chr22	42475934	42476180	LTR/ERV1	618	+	123	42476057	20873
chr22	42455184	42655184	harbor2	chr22	42476799	42476939	LTR/ERV1	618	+	70	42476869	21685
chr22	42455184	42655184	harbor2	chr22	42479546	42479852	LTR/ERV1	3970	+	153	42479699	24515
chr22	42455184	42655184	harbor2	chr22	42480158	42480511	LTR/ERV1	3970	+	176	42480334	25150
chr22	42455184	42655184	harbor2	chr22	42529025	42529237	LTR/ERV1	3234	+	106	42529131	73947
chr22	42455184	42655184	harbor2	chr22	42529569	42529924	LTR/ERV1	3234	+	178	42529747	74563
chr22	19222695	19422695	harbor2	chr22	19273424	19273961	LTR/ERV1	2439	+	268	19273692	50997
chr22	19222695	19422695	harbor2	chr22	19298641	19299219	LTR/ERV1	3255	+	289	19298930	76235
chr22	19222695	19422695	harbor2	chr22	19299223	19299710	LTR/ERV1	2512	+	244	19299467	76772
chr22	19222695	19422695	harbor2	chr22	19300803	19300924	LTR/ERV1	3891	+	60	19300863	78168
chr22	19222695	19422695	harbor2	chr22	19301247	19301391	LTR/ERV1	6610	+	72	19301319	78624
chr22	19222695	19422695	harbor2	chr22	19301690	19302128	LTR/ERV1	6924	+	219	19301909	79214
chr22	19222695	19422695	harbor2	chr22	19302429	19303065	LTR/ERV1	6924	+	318	19302747	80052
chr22	19222695	19422695	harbor2	chr22	19303386	19303599	LTR/ERV1	6924	+	106	19303492	80797
chr22	19222695	19422695	harbor2	chr22	19303863	19304075	LTR/ERV1	6924	+	106	19303969	81274
chr22	19222695	19422695	harbor2	chr22	19304715	19305134	LTR/ERV1	9531	+	210	19304925	82230
chr22	19222695	19422695	harbor2	chr22	19305447	19306571	LTR/ERV1	9531	+	562	19306009	83314
chr22	19222695	19422695	harbor2	chr22	19316022	19316309	LTR/ERV1	2437	+	144	19316166	93471
chr22	19222695	19422695	harbor2	chr22	19299895	19300485	LTR/ERV1	3891	+	295	19300190	77495
chr22	19222695	19422695	harbor2	chr22	19316621	19316963	LTR/ERV1	2437	+	171	19316792	94097
chr22	49875513	50075513	harbor2	chr22	49905301	49905369	LTR/ERV1	447	+	34	49905335	29822
chr22	49875513	50075513	harbor2	chr22	49905794	49905925	LTR/ERV1	447	+	66	49905860	30347
chr22	49875513	50075513	harbor2	chr22	49939162	49939249	LTR/ERV1	2210	+	44	49939206	63693
chr22	49875513	50075513	harbor2	chr22	49939552	49939792	LTR/ERV1	2210	+	120	49939672	64159
chr22	49875513	50075513	harbor2	chr22	49940087	49940258	LTR/ERV1	2210	+	86	49940173	64660
chr22	49875513	50075513	harbor2	chr22	49940571	49940651	LTR/ERV1	2210	+	40	49940611	65098
chr22	49875513	50075513	harbor2	chr22	49940974	49941097	LTR/ERV1	2210	+	62	49941036	65523
chr22	44279473	44479473	harbor2	chr22	44365735	44366343	LTR/ERV1	3863	+	304	44366039	86566
chr22	38996666	39196666	harbor2	chr22	39019077	39019516	LTR/ERV1	1480	+	220	39019297	22631
chr22	38996666	39196666	harbor2	chr22	39019778	39019796	LTR/ERV1	1589	+	9	39019787	23121
chr22	38996666	39196666	harbor2	chr22	39020095	39020349	LTR/ERV1	1589	+	127	39020222	23556
chr22	38996666	39196666	harbor2	chr22	39033296	39033594	LTR/ERV1	1397	+	149	39033445	36779
chr22	38996666	39196666	harbor2	chr22	39034200	39034343	LTR/ERV1	1397	+	72	39034272	37606
chr22	38996666	39196666	harbor2	chr22	39037964	39038625	LTR/ERV1	3041	+	330	39038294	41628
chr22	38996666	39196666	harbor2	chr22	39039429	39039689	LTR/ERV1	1653	+	130	39039559	42893
chr22	38996666	39196666	harbor2	chr22	39053707	39054003	LTR/ERV1	1587	+	148	39053855	57189
chr22	38996666	39196666	harbor2	chr22	39054622	39054776	LTR/ERV1	1587	+	77	39054699	58033
chr22	38996666	39196666	harbor2	chr22	39055608	39056013	LTR/ERV1	2139	+	202	39055810	59144
chr22	38996666	39196666	harbor2	chr22	39068365	39068978	LTR/ERV1	3059	+	306	39068671	72005
chr22	38996666	39196666	harbor2	chr22	39070732	39070844	LTR/ERV1	460	+	56	39070788	74122
chr22	38996666	39196666	harbor2	chr22	39074794	39075441	LTR/ERV1	3054	+	324	39075118	78452
chr22	38996666	39196666	harbor2	chr22	39076257	39076509	LTR/ERV1	1588	+	126	39076383	79717
chr22	38996666	39196666	harbor2	chr22	39092480	39092887	LTR/ERV1	1459	+	204	39092684	96018
chr22	38996666	39196666	harbor2	chr22	39094413	39094526	LTR/ERV1	556	+	56	39094469	97803
chr22	38996666	39196666	harbor2	chr22	39094901	39095081	LTR/ERV1	880	+	90	39094991	98325
chr22	20826285	21026285	harbor2	chr22	20840880	20841090	LTR/ERV1	1623	+	105	20840985	14700
chr22	38826857	39026857	harbor2	chr22	38879986	38880064	LTR/ERV1	523	+	39	38880025	53168
chr22	38826857	39026857	harbor2	chr22	38900942	38901492	LTR/ERV1	3505	+	275	38901217	74360
chr22	38826857	39026857	harbor2	chr22	38901494	38903305	LTR/ERV1	12140	+	906	38902400	75543
chr22	38826857	39026857	harbor2	chr22	38903544	38904294	LTR/ERV1	1905	+	375	38903919	77062
chr22	38826857	39026857	harbor2	chr22	38904587	38905275	LTR/ERV1	2901	+	344	38904931	78074
chr22	38826857	39026857	harbor2	chr22	38905582	38905601	LTR/ERV1	2901	+	10	38905592	78735
chr22	38826857	39026857	harbor2	chr22	38905895	38906115	LTR/ERV1	2901	+	110	38906005	79148
chr22	38826857	39026857	harbor2	chr22	38906252	38906432	LTR/ERV1	814	+	90	38906342	79485
chr22	38826857	39026857	harbor2	chr22	38906637	38906772	LTR/ERV1	533	+	68	38906705	79848
chr22	38826857	39026857	harbor2	chr22	38906773	38906911	LTR/ERV1	520	+	69	38906842	79985
chr22	38826857	39026857	harbor2	chr22	38906910	38907081	LTR/ERV1	948	+	86	38906996	80139
chr22	38826857	39026857	harbor2	chr22	38907086	38907333	LTR/ERV1	1059	+	124	38907210	80353
chr22	38826857	39026857	harbor2	chr22	38907317	38907801	LTR/ERV1	2953	+	242	38907559	80702
chr22	38826857	39026857	harbor2	chr22	38921652	38922157	LTR/ERV1	3339	+	252	38921904	95047
chr22	38826857	39026857	harbor2	chr22	38922483	38922571	LTR/ERV1	3339	+	44	38922527	95670
chr22	37103572	37303572	harbor2	chr22	37131408	37131644	LTR/ERV1	462	+	118	37131526	27954
chr22	37103572	37303572	harbor2	chr22	37140964	37141469	LTR/ERV1	1058	+	252	37141216	37644
chr22	37103572	37303572	harbor2	chr22	37141448	37141911	LTR/ERV1	1494	+	232	37141680	38108
chr22	37103572	37303572	harbor2	chr22	37174246	37174790	LTR/ERV1	2953	+	272	37174518	70946
chr22	37103572	37303572	harbor2	chr22	37189874	37189939	LTR/ERV1	517	+	32	37189906	86334
chr22	29070614	29270614	harbor2	chr22	29168806	29169240	LTR/ERV1	3024	+	217	29169023	98409
chr22	29070614	29270614	harbor2	chr22	29169538	29169596	LTR/ERV1	3024	+	29	29169567	98953
chr22	49869458	50069458	harbor2	chr22	49905301	49905369	LTR/ERV1	447	+	34	49905335	35877
chr22	49869458	50069458	harbor2	chr22	49905794	49905925	LTR/ERV1	447	+	66	49905860	36402
chr22	49869458	50069458	harbor2	chr22	49939162	49939249	LTR/ERV1	2210	+	44	49939206	69748
chr22	49869458	50069458	harbor2	chr22	49939552	49939792	LTR/ERV1	2210	+	120	49939672	70214
chr22	49869458	50069458	harbor2	chr22	49940087	49940258	LTR/ERV1	2210	+	86	49940173	70715
chr22	49869458	50069458	harbor2	chr22	49940571	49940651	LTR/ERV1	2210	+	40	49940611	71153
chr22	49869458	50069458	harbor2	chr22	49940974	49941097	LTR/ERV1	2210	+	62	49941036	71578
chr22	50602852	50802852	harbor2	chr22	50629174	50629747	LTR/ERV1	3385	+	286	50629460	26608
chr22	50602852	50802852	harbor2	chr22	50629748	50630240	LTR/ERV1	5558	+	246	50629994	27142
chr22	50602852	50802852	harbor2	chr22	50630681	50630839	LTR/ERV1	5558	+	79	50630760	27908
chr22	50602852	50802852	harbor2	chr22	50631939	50632669	LTR/ERV1	5558	+	365	50632304	29452
chr22	50602852	50802852	harbor2	chr22	50633139	50634597	LTR/ERV1	8828	+	729	50633868	31016
chr22	50602852	50802852	harbor2	chr22	50634716	50635080	LTR/ERV1	3623	+	182	50634898	32046
chr22	50602852	50802852	harbor2	chr22	50635371	50635671	LTR/ERV1	3623	+	150	50635521	32669
chr22	50602852	50802852	harbor2	chr22	50635842	50635941	LTR/ERV1	1820	+	50	50635892	33040
chr22	50602852	50802852	harbor2	chr22	50636309	50636899	LTR/ERV1	1960	+	295	50636604	33752
chr22	50602852	50802852	harbor2	chr22	50637194	50637231	LTR/ERV1	1960	+	18	50637212	34360
chr22	50602852	50802852	harbor2	chr22	50637363	50637580	LTR/ERV1	1117	+	108	50637471	34619
chr22	50602852	50802852	harbor2	chr22	50637907	50638201	LTR/ERV1	1640	+	147	50638054	35202
chr22	50602852	50802852	harbor2	chr22	50638435	50639031	LTR/ERV1	3894	+	298	50638733	35881
chr22	50602852	50802852	harbor2	chr22	50639312	50639466	LTR/ERV1	3894	+	77	50639389	36537
chr22	50602852	50802852	harbor2	chr22	50639467	50639507	LTR/ERV1	3415	+	20	50639487	36635
chr22	50602852	50802852	harbor2	chr22	50639810	50640345	LTR/ERV1	3415	+	268	50640078	37226
chr22	50602852	50802852	harbor2	chr22	50643141	50643234	LTR/ERV1	542	+	46	50643187	40335
chr22	50602852	50802852	harbor2	chr22	50644614	50644917	LTR/ERV1	1471	+	152	50644766	41914
chr22	50602852	50802852	harbor2	chr22	50645106	50645497	LTR/ERV1	2617	+	196	50645302	42450
chr22	50602852	50802852	harbor2	chr22	50645501	50645910	LTR/ERV1	2649	+	204	50645705	42853
chr22	50602852	50802852	harbor2	chr22	50646180	50646302	LTR/ERV1	972	+	61	50646241	43389
chr22	50602852	50802852	harbor2	chr22	50646610	50646851	LTR/ERV1	972	+	120	50646730	43878
chr22	50602852	50802852	harbor2	chr22	50646848	50647018	LTR/ERV1	1054	+	85	50646933	44081
chr22	50602852	50802852	harbor2	chr22	50647143	50647218	LTR/ERV1	1982	+	38	50647181	44329
chr22	50602852	50802852	harbor2	chr22	50647531	50647881	LTR/ERV1	1982	+	175	50647706	44854
chr22	50602852	50802852	harbor2	chr22	50648121	50648256	LTR/ERV1	3859	+	68	50648189	45337
chr22	50602852	50802852	harbor2	chr22	50648547	50649038	LTR/ERV1	3859	+	246	50648793	45941
chr22	50602852	50802852	harbor2	chr22	50649332	50649625	LTR/ERV1	3859	+	146	50649478	46626
chr22	50602852	50802852	harbor2	chr22	50649625	50650658	LTR/ERV1	5709	+	516	50650141	47289
chr22	50602852	50802852	harbor2	chr22	50650878	50650906	LTR/ERV1	4960	+	14	50650892	48040
chr22	50602852	50802852	harbor2	chr22	50651222	50651508	LTR/ERV1	4960	+	143	50651365	48513
chr22	50602852	50802852	harbor2	chr22	50651812	50651969	LTR/ERV1	4960	+	78	50651890	49038
chr22	50602852	50802852	harbor2	chr22	50652280	50652675	LTR/ERV1	4960	+	198	50652478	49626
chr22	50602852	50802852	harbor2	chr22	50652686	50653154	LTR/ERV1	3568	+	234	50652920	50068
chr22	32072245	32272245	harbor2	chr22	32117764	32118227	LTR/ERV1	1896	+	232	32117996	45751
chr22	32072245	32272245	harbor2	chr22	32126246	32126518	LTR/ERV1	1579	+	136	32126382	54137
chr22	32072245	32272245	harbor2	chr22	32126526	32126672	LTR/ERV1	628	+	73	32126599	54354
chr22	32072245	32272245	harbor2	chr22	32126980	32127006	LTR/ERV1	628	+	13	32126993	54748
chr22	32072245	32272245	harbor2	chr22	32127013	32127492	LTR/ERV1	2641	+	240	32127253	55008
chr22	32072245	32272245	harbor2	chr22	32127535	32127919	LTR/ERV1	1238	+	192	32127727	55482
chr22	32072245	32272245	harbor2	chr22	32127926	32127994	LTR/ERV1	533	+	34	32127960	55715
chr22	32072245	32272245	harbor2	chr22	32137454	32137666	LTR/ERV1	1459	+	106	32137560	65315
chr22	32072245	32272245	harbor2	chr22	32137667	32138166	LTR/ERV1	2556	+	250	32137917	65672
chr22	32072245	32272245	harbor2	chr22	32138160	32138244	LTR/ERV1	691	+	42	32138202	65957
chr22	32072245	32272245	harbor2	chr22	32138273	32138354	LTR/ERV1	691	+	40	32138313	66068
chr22	32072245	32272245	harbor2	chr22	32138351	32139805	LTR/ERV1	12452	+	727	32139078	66833
chr22	32072245	32272245	harbor2	chr22	32140316	32140576	LTR/ERV1	12452	+	130	32140446	68201
chrX	149138994	149338994	harbor2	chrX	149146703	149147445	LTR/ERV1	2078	+	371	149147074	8080
chrX	149138994	149338994	harbor2	chrX	149151229	149151786	LTR/ERV1	3228	+	278	149151507	12513
chrX	74552882	74752882	harbor2	chrX	74554154	74554302	LTR/ERV1	755	+	74	74554228	1346
chrX	74552882	74752882	harbor2	chrX	74555045	74555278	LTR/ERV1	661	+	116	74555161	2279
chrX	74552882	74752882	harbor2	chrX	74557891	74558615	LTR/ERV1	4332	+	362	74558253	5371
chrX	74552882	74752882	harbor2	chrX	74558652	74559360	LTR/ERV1	3207	+	354	74559006	6124
chrX	74552882	74752882	harbor2	chrX	74559361	74559575	LTR/ERV1	1024	+	107	74559468	6586
chrX	138746055	138946055	harbor2	chrX	138823240	138823588	LTR/ERV1	2116	+	174	138823414	77359
chrX	152507675	152707675	harbor2	chrX	152580058	152580322	LTR/ERV1	1228	+	132	152580190	72515
chrX	147541478	147741478	harbor2	chrX	147608940	147609329	LTR/ERV1	2564	+	194	147609134	67656
chrX	147541478	147741478	harbor2	chrX	147609481	147610030	LTR/ERV1	1003	+	274	147609755	68277
chrX	147541478	147741478	harbor2	chrX	147634472	147635057	LTR/ERV1	3003	+	292	147634764	93286
chrX	91266562	91466562	harbor2	chrX	91332760	91332922	LTR/ERV1	800	+	81	91332841	66279
chrX	91266562	91466562	harbor2	chrX	91336848	91337142	LTR/ERV1	1524	+	147	91336995	70433
chrX	91266562	91466562	harbor2	chrX	91340497	91340783	LTR/ERV1	1097	+	143	91340640	74078
chrX	91266562	91466562	harbor2	chrX	91340876	91341077	LTR/ERV1	883	+	100	91340976	74414
chrX	91266562	91466562	harbor2	chrX	91341382	91342030	LTR/ERV1	2386	+	324	91341706	75144
chrX	91266562	91466562	harbor2	chrX	91342204	91342733	LTR/ERV1	2733	+	264	91342468	75906
chrX	91266562	91466562	harbor2	chrX	91340769	91340867	LTR/ERV1	626	+	49	91340818	74256
chrX	18908355	19108355	harbor2	chrX	18909327	18909877	LTR/ERV1	3171	+	275	18909602	1247
chrX	18908355	19108355	harbor2	chrX	18929665	18930247	LTR/ERV1	3141	+	291	18929956	21601
chrX	155834425	156034425	harbor2	chrX	155863567	155863809	LTR/ERV1	596	+	121	155863688	29263
chrX	155834425	156034425	harbor2	chrX	155865202	155866304	LTR/ERV1	6150	+	551	155865753	31328
chrX	155834425	156034425	harbor2	chrX	155906099	155906527	LTR/ERV1	2000	+	214	155906313	71888
chrX	85399918	85599918	harbor2	chrX	85451712	85452279	LTR/ERV1	2491	+	284	85451996	52078
chrX	154874720	155074720	harbor2	chrX	154880215	154880740	LTR/ERV1	2415	+	262	154880477	5757
chrX	154874720	155074720	harbor2	chrX	154892747	154893377	LTR/ERV1	3057	+	315	154893062	18342
chrX	154874720	155074720	harbor2	chrX	154893581	154894330	LTR/ERV1	5812	+	374	154893955	19235
chrX	154874720	155074720	harbor2	chrX	154902301	154903180	LTR/ERV1	1975	+	440	154902741	28021
chrX	154874720	155074720	harbor2	chrX	154903480	154903569	LTR/ERV1	1975	+	44	154903524	28804
chrX	154874720	155074720	harbor2	chrX	154949132	154949449	LTR/ERV1	955	+	158	154949290	74570
chrX	154874720	155074720	harbor2	chrX	154961640	154962269	LTR/ERV1	2124	+	314	154961954	87234
chrX	91674660	91874660	harbor2	chrX	91764465	91765057	LTR/ERV1	2577	+	296	91764761	90101
chrX	91674660	91874660	harbor2	chrX	91765418	91765997	LTR/ERV1	2429	+	290	91765708	91048
