H_chr	H_start	H_end	Harbor	TE_chr	TE_start	TE_end	TE	score	TE_strand	TE_half	TE_middle_pos	TE_dis
chr1	239725062	239925062	harbor2	chr1	239742227	239742694	LTR/ERVL-MaLR	647	-	234	239742461	17399
chr1	239725062	239925062	harbor2	chr1	239753289	239753674	LTR/ERVL-MaLR	2150	-	192	239753481	28419
chr1	239725062	239925062	harbor2	chr1	239773328	239773880	LTR/ERVL-MaLR	602	-	276	239773604	48542
chr1	239725062	239925062	harbor2	chr1	239776668	239777044	LTR/ERVL-MaLR	2878	-	188	239776856	51794
chr1	239725062	239925062	harbor2	chr1	239788911	239789332	LTR/ERVL-MaLR	743	-	210	239789121	64059
chr1	239725062	239925062	harbor2	chr1	239789394	239789823	LTR/ERVL-MaLR	2852	-	214	239789608	64546
chr1	239725062	239925062	harbor2	chr1	239818010	239818396	LTR/ERVL-MaLR	1433	-	193	239818203	93141
chr1	240053088	240253088	harbor2	chr1	240070590	240071008	LTR/ERVL-MaLR	2390	-	209	240070799	17711
chr1	240053088	240253088	harbor2	chr1	240073137	240073603	LTR/ERVL-MaLR	1936	-	233	240073370	20282
chr1	240053088	240253088	harbor2	chr1	240075826	240075883	LTR/ERVL-MaLR	934	-	28	240075854	22766
chr1	240053088	240253088	harbor2	chr1	240076195	240076313	LTR/ERVL-MaLR	934	-	59	240076254	23166
chr1	205885423	206085423	harbor2	chr1	205908032	205908291	LTR/ERVL-MaLR	1380	-	130	205908162	22739
chr1	221568264	221768264	harbor2	chr1	221636406	221636714	LTR/ERVL-MaLR	1824	-	154	221636560	68296
chr1	221568264	221768264	harbor2	chr1	221638567	221638926	LTR/ERVL-MaLR	2180	-	180	221638747	70483
chr1	221568264	221768264	harbor2	chr1	221646905	221647272	LTR/ERVL-MaLR	1176	-	184	221647089	78825
chr1	173169202	173369202	harbor2	chr1	173172822	173173195	LTR/ERVL-MaLR	2334	-	186	173173008	3806
chr1	173169202	173369202	harbor2	chr1	173173196	173173515	LTR/ERVL-MaLR	1891	-	160	173173356	4154
chr1	173169202	173369202	harbor2	chr1	173173515	173174424	LTR/ERVL-MaLR	3474	-	454	173173969	4767
chr1	173169202	173369202	harbor2	chr1	173174427	173174767	LTR/ERVL-MaLR	1969	-	170	173174597	5395
chr1	173169202	173369202	harbor2	chr1	173211896	173212318	LTR/ERVL-MaLR	2516	-	211	173212107	42905
chr1	173169202	173369202	harbor2	chr1	173256212	173256578	LTR/ERVL-MaLR	1613	-	183	173256395	87193
chr1	173169202	173369202	harbor2	chr1	173267522	173267734	LTR/ERVL-MaLR	956	-	106	173267628	98426
chr1	193404752	193604752	harbor2	chr1	193404343	193404797	LTR/ERVL-MaLR	846	-	227	193404570	182
chr1	193404752	193604752	harbor2	chr1	193426038	193426533	LTR/ERVL-MaLR	1675	-	248	193426286	21534
chr1	193404752	193604752	harbor2	chr1	193427002	193427404	LTR/ERVL-MaLR	1717	-	201	193427203	22451
chr1	193404752	193604752	harbor2	chr1	193431885	193432257	LTR/ERVL-MaLR	2579	-	186	193432071	27319
chr1	193404752	193604752	harbor2	chr1	193432259	193433811	LTR/ERVL-MaLR	9848	-	776	193433035	28283
chr1	193404752	193604752	harbor2	chr1	193433812	193434141	LTR/ERVL-MaLR	1984	-	164	193433976	29224
chr1	193404752	193604752	harbor2	chr1	193468302	193468693	LTR/ERVL-MaLR	2024	-	196	193468498	63746
chr1	204668520	204868520	harbor2	chr1	204675268	204675770	LTR/ERVL-MaLR	1924	-	251	204675519	6999
chr1	204668520	204868520	harbor2	chr1	204722318	204722674	LTR/ERVL-MaLR	1736	-	178	204722496	53976
chr1	204668520	204868520	harbor2	chr1	204747582	204747985	LTR/ERVL-MaLR	870	-	202	204747784	79264
chr1	204668520	204868520	harbor2	chr1	204760442	204760604	LTR/ERVL-MaLR	719	-	81	204760523	92003
chr1	204668520	204868520	harbor2	chr1	204760841	204761182	LTR/ERVL-MaLR	687	-	170	204761011	92491
chr1	204668520	204868520	harbor2	chr1	204762249	204762804	LTR/ERVL-MaLR	2218	-	278	204762527	94007
chr1	242463745	242663745	harbor2	chr1	242492643	242493007	LTR/ERVL-MaLR	1637	-	182	242492825	29080
chr1	242463745	242663745	harbor2	chr1	242499686	242500000	LTR/ERVL-MaLR	1300	-	157	242499843	36098
chr1	242463745	242663745	harbor2	chr1	242500001	242500219	LTR/ERVL-MaLR	758	-	109	242500110	36365
chr1	231377078	231577078	harbor2	chr1	231417001	231417101	LTR/ERVL-MaLR	479	-	50	231417051	39973
chr1	231377078	231577078	harbor2	chr1	231428126	231428164	LTR/ERVL-MaLR	1849	-	19	231428145	51067
chr1	231377078	231577078	harbor2	chr1	231428422	231428773	LTR/ERVL-MaLR	1849	-	176	231428598	51520
chr1	231377078	231577078	harbor2	chr1	231428774	231429277	LTR/ERVL-MaLR	8884	-	252	231429026	51948
chr1	231377078	231577078	harbor2	chr1	231429576	231429923	LTR/ERVL-MaLR	8884	-	174	231429750	52672
chr1	231377078	231577078	harbor2	chr1	231431340	231431859	LTR/ERVL-MaLR	8884	-	260	231431600	54522
chr1	231377078	231577078	harbor2	chr1	231442694	231443060	LTR/ERVL-MaLR	1661	-	183	231442877	65799
chr1	231377078	231577078	harbor2	chr1	231474156	231474569	LTR/ERVL-MaLR	2479	-	206	231474362	97284
chr1	180421925	180621925	harbor2	chr1	180471445	180471794	LTR/ERVL-MaLR	2695	-	174	180471619	49694
chr1	180421925	180621925	harbor2	chr1	180521070	180521153	LTR/ERVL-MaLR	949	-	42	180521112	99187
chr1	180421925	180621925	harbor2	chr1	180521510	180521813	LTR/ERVL-MaLR	949	-	152	180521662	99737
chr1	238928802	239128802	harbor2	chr1	238933216	238933565	LTR/ERVL-MaLR	2058	-	174	238933390	4588
chr1	238928802	239128802	harbor2	chr1	238935815	238936127	LTR/ERVL-MaLR	1622	-	156	238935971	7169
chr1	238928802	239128802	harbor2	chr1	238936372	238936448	LTR/ERVL-MaLR	589	-	38	238936410	7608
chr1	238928802	239128802	harbor2	chr1	238947058	238947535	LTR/ERVL-MaLR	1508	-	238	238947296	18494
chr1	238928802	239128802	harbor2	chr1	238958301	238958823	LTR/ERVL-MaLR	1928	-	261	238958562	29760
chr1	244363444	244563444	harbor2	chr1	244381945	244382078	LTR/ERVL-MaLR	590	-	66	244382011	18567
chr1	191744002	191944002	harbor2	chr1	191744042	191744361	LTR/ERVL-MaLR	849	-	160	191744202	200
chr1	191744002	191944002	harbor2	chr1	191779518	191779888	LTR/ERVL-MaLR	2128	-	185	191779703	35701
chr1	191744002	191944002	harbor2	chr1	191791304	191791746	LTR/ERVL-MaLR	1760	-	221	191791525	47523
chr1	191744002	191944002	harbor2	chr1	191831563	191831791	LTR/ERVL-MaLR	1033	-	114	191831677	87675
chr1	191744002	191944002	harbor2	chr1	191842662	191843032	LTR/ERVL-MaLR	1350	-	185	191842847	98845
chr1	207031304	207231304	harbor2	chr1	207035304	207035376	LTR/ERVL-MaLR	1210	-	36	207035340	4036
chr1	207031304	207231304	harbor2	chr1	207035683	207035861	LTR/ERVL-MaLR	1210	-	89	207035772	4468
chr1	207031304	207231304	harbor2	chr1	207035967	207036209	LTR/ERVL-MaLR	984	-	121	207036088	4784
chr1	207031304	207231304	harbor2	chr1	207083587	207083704	LTR/ERVL-MaLR	442	-	58	207083645	52341
chr1	207031304	207231304	harbor2	chr1	207118311	207118689	LTR/ERVL-MaLR	2497	-	189	207118500	87196
chr1	228269738	228469738	harbor2	chr1	228284139	228284553	LTR/ERVL-MaLR	2541	-	207	228284346	14608
chr1	228269738	228469738	harbor2	chr1	228295520	228295805	LTR/ERVL-MaLR	599	-	142	228295662	25924
chr1	228269738	228469738	harbor2	chr1	228295806	228296158	LTR/ERVL-MaLR	1342	-	176	228295982	26244
chr1	228269738	228469738	harbor2	chr1	228296640	228297472	LTR/ERVL-MaLR	2627	-	416	228297056	27318
chr1	228269738	228469738	harbor2	chr1	228297488	228297779	LTR/ERVL-MaLR	1312	-	146	228297634	27896
chr1	228269738	228469738	harbor2	chr1	228300594	228300948	LTR/ERVL-MaLR	1637	-	177	228300771	31033
chr1	228269738	228469738	harbor2	chr1	228300950	228302310	LTR/ERVL-MaLR	2518	-	680	228301630	31892
chr1	228269738	228469738	harbor2	chr1	228302311	228302685	LTR/ERVL-MaLR	2027	-	187	228302498	32760
chr1	182771213	182971213	harbor2	chr1	182819801	182820116	LTR/ERVL-MaLR	697	-	158	182819959	48746
chr1	182771213	182971213	harbor2	chr1	182820493	182820880	LTR/ERVL-MaLR	2301	-	194	182820687	49474
chr1	182771213	182971213	harbor2	chr1	182832628	182832987	LTR/ERVL-MaLR	2536	-	180	182832808	61595
chr1	182771213	182971213	harbor2	chr1	182836170	182836354	LTR/ERVL-MaLR	920	-	92	182836262	65049
chr1	182771213	182971213	harbor2	chr1	182848658	182849072	LTR/ERVL-MaLR	2375	-	207	182848865	77652
chr1	219423544	219623544	harbor2	chr1	219424985	219425320	LTR/ERVL-MaLR	1668	-	168	219425153	1609
chr1	219423544	219623544	harbor2	chr1	219471638	219471992	LTR/ERVL-MaLR	2106	-	177	219471815	48271
chr1	219423544	219623544	harbor2	chr1	219491888	219492262	LTR/ERVL-MaLR	1703	-	187	219492075	68531
chr1	219423544	219623544	harbor2	chr1	219501860	219502295	LTR/ERVL-MaLR	870	-	218	219502078	78534
chr1	219423544	219623544	harbor2	chr1	219510553	219510665	LTR/ERVL-MaLR	452	-	56	219510609	87065
chr1	219423544	219623544	harbor2	chr1	219510670	219510867	LTR/ERVL-MaLR	417	-	98	219510768	87224
chr1	219423544	219623544	harbor2	chr1	219513792	219514780	LTR/ERVL-MaLR	1424	-	494	219514286	90742
chr1	231931002	232131002	harbor2	chr1	231956604	231957124	LTR/ERVL-MaLR	1427	-	260	231956864	25862
chr1	231931002	232131002	harbor2	chr1	231977210	231977699	LTR/ERVL-MaLR	2639	-	244	231977454	46452
chr1	231931002	232131002	harbor2	chr1	231994103	231994553	LTR/ERVL-MaLR	943	-	225	231994328	63326
chr1	231931002	232131002	harbor2	chr1	232021709	232022178	LTR/ERVL-MaLR	942	-	234	232021943	90941
chr1	194769394	194969394	harbor2	chr1	194782339	194782504	LTR/ERVL-MaLR	1142	-	82	194782421	13027
chr1	194769394	194969394	harbor2	chr1	194792220	194792633	LTR/ERVL-MaLR	1640	-	206	194792426	23032
chr1	194769394	194969394	harbor2	chr1	194793205	194793474	LTR/ERVL-MaLR	992	-	134	194793339	23945
chr1	194769394	194969394	harbor2	chr1	194811052	194811377	LTR/ERVL-MaLR	1557	-	162	194811214	41820
chr1	194769394	194969394	harbor2	chr1	194824428	194824576	LTR/ERVL-MaLR	689	-	74	194824502	55108
chr1	237772572	237972572	harbor2	chr1	237846040	237846437	LTR/ERVL-MaLR	1762	-	198	237846238	73666
chr1	237772572	237972572	harbor2	chr1	237870578	237870724	LTR/ERVL-MaLR	560	-	73	237870651	98079
chr1	237772572	237972572	harbor2	chr1	237870811	237870990	LTR/ERVL-MaLR	419	-	90	237870901	98329
chr1	16590078	16790078	harbor2	chr1	16598477	16598907	LTR/ERVL-MaLR	2564	-	215	16598692	8614
chr1	16590078	16790078	harbor2	chr1	16609362	16609473	LTR/ERVL-MaLR	434	-	56	16609418	19340
chr1	16590078	16790078	harbor2	chr1	16671507	16671858	LTR/ERVL-MaLR	2578	-	176	16671683	81605
chr1	119497315	119697315	harbor2	chr1	119527818	119528200	LTR/ERVL-MaLR	1288	-	191	119528009	30694
chr1	119497315	119697315	harbor2	chr1	119531452	119531819	LTR/ERVL-MaLR	1007	-	184	119531636	34321
chr1	119497315	119697315	harbor2	chr1	119556463	119556830	LTR/ERVL-MaLR	1143	-	184	119556647	59332
chr1	119497315	119697315	harbor2	chr1	119590683	119591051	LTR/ERVL-MaLR	1610	-	184	119590867	93552
chr1	119497315	119697315	harbor2	chr1	119593891	119594258	LTR/ERVL-MaLR	1111	-	184	119594075	96760
chr1	87815295	88015295	harbor2	chr1	87817630	87818023	LTR/ERVL-MaLR	1723	-	196	87817826	2531
chr1	87815295	88015295	harbor2	chr1	87819535	87819899	LTR/ERVL-MaLR	2256	-	182	87819717	4422
chr1	87815295	88015295	harbor2	chr1	87844128	87844460	LTR/ERVL-MaLR	844	-	166	87844294	28999
chr1	87815295	88015295	harbor2	chr1	87856456	87856894	LTR/ERVL-MaLR	1298	-	219	87856675	41380
chr1	87815295	88015295	harbor2	chr1	87875119	87875489	LTR/ERVL-MaLR	1841	-	185	87875304	60009
chr1	87815295	88015295	harbor2	chr1	87906919	87907412	LTR/ERVL-MaLR	1613	-	246	87907165	91870
chr1	149124647	149324647	harbor2	chr1	149132003	149132390	LTR/ERVL-MaLR	2614	-	194	149132197	7550
chr1	149124647	149324647	harbor2	chr1	149139004	149139370	LTR/ERVL-MaLR	938	-	183	149139187	14540
chr1	149124647	149324647	harbor2	chr1	149145825	149146161	LTR/ERVL-MaLR	1282	-	168	149145993	21346
chr1	149124647	149324647	harbor2	chr1	149197154	149197558	LTR/ERVL-MaLR	1842	-	202	149197356	72709
chr1	187609479	187809479	harbor2	chr1	187615023	187615398	LTR/ERVL-MaLR	2561	-	188	187615211	5732
chr1	187609479	187809479	harbor2	chr1	187643936	187644307	LTR/ERVL-MaLR	1879	-	186	187644122	34643
chr1	187609479	187809479	harbor2	chr1	187659205	187659310	LTR/ERVL-MaLR	797	-	52	187659257	49778
chr1	187609479	187809479	harbor2	chr1	187666810	187667147	LTR/ERVL-MaLR	1596	-	168	187666978	57499
chr1	187609479	187809479	harbor2	chr1	187688742	187689225	LTR/ERVL-MaLR	1489	-	242	187688984	79505
chr1	240690402	240890402	harbor2	chr1	240767586	240767957	LTR/ERVL-MaLR	1808	-	186	240767772	77370
chr1	240690402	240890402	harbor2	chr1	240777560	240777855	LTR/ERVL-MaLR	1612	-	148	240777708	87306
chr1	240690402	240890402	harbor2	chr1	240778193	240778310	LTR/ERVL-MaLR	520	-	58	240778251	87849
chr1	224191991	224391991	harbor2	chr1	224263190	224263267	LTR/ERVL-MaLR	409	-	38	224263228	71237
chr1	152478790	152678790	harbor2	chr1	152506415	152506905	LTR/ERVL-MaLR	2637	-	245	152506660	27870
chr1	230709504	230909504	harbor2	chr1	230745437	230745805	LTR/ERVL-MaLR	1873	-	184	230745621	36117
chr1	230709504	230909504	harbor2	chr1	230766673	230766965	LTR/ERVL-MaLR	1688	-	146	230766819	57315
chr1	230709504	230909504	harbor2	chr1	230775338	230775636	LTR/ERVL-MaLR	1436	-	149	230775487	65983
chr1	230709504	230909504	harbor2	chr1	230775935	230776034	LTR/ERVL-MaLR	1436	-	50	230775985	66481
chr1	230709504	230909504	harbor2	chr1	230776035	230776402	LTR/ERVL-MaLR	2149	-	184	230776219	66715
chr1	230709504	230909504	harbor2	chr1	230776403	230776547	LTR/ERVL-MaLR	1436	-	72	230776475	66971
chr1	230709504	230909504	harbor2	chr1	230776551	230776774	LTR/ERVL-MaLR	641	-	112	230776663	67159
chr1	230709504	230909504	harbor2	chr1	230779319	230779568	LTR/ERVL-MaLR	491	-	124	230779443	69939
chr1	230709504	230909504	harbor2	chr1	230806564	230806941	LTR/ERVL-MaLR	2191	-	188	230806752	97248
chr1	243259341	243459341	harbor2	chr1	243269056	243269272	LTR/ERVL-MaLR	535	-	108	243269164	9823
chr1	243259341	243459341	harbor2	chr1	243273980	243274379	LTR/ERVL-MaLR	2206	-	200	243274180	14839
chr1	243259341	243459341	harbor2	chr1	243318890	243319275	LTR/ERVL-MaLR	1770	-	192	243319082	59741
chr1	243259341	243459341	harbor2	chr1	243336375	243336745	LTR/ERVL-MaLR	1917	-	185	243336560	77219
chr1	241178131	241378131	harbor2	chr1	241223209	241223320	LTR/ERVL-MaLR	449	-	56	241223265	45134
chr1	241178131	241378131	harbor2	chr1	241256503	241256862	LTR/ERVL-MaLR	1489	-	180	241256683	78552
chr1	241178131	241378131	harbor2	chr1	241257090	241257432	LTR/ERVL-MaLR	1691	-	171	241257261	79130
chr1	241178131	241378131	harbor2	chr1	241254348	241254669	LTR/ERVL-MaLR	1437	-	160	241254508	76377
chr1	236818810	237018810	harbor2	chr1	236821042	236821461	LTR/ERVL-MaLR	1357	-	210	236821252	2442
chr1	236818810	237018810	harbor2	chr1	236858113	236858469	LTR/ERVL-MaLR	2513	-	178	236858291	39481
chr1	236818810	237018810	harbor2	chr1	236859052	236859373	LTR/ERVL-MaLR	1092	-	160	236859212	40402
chr1	236818810	237018810	harbor2	chr1	236901536	236901879	LTR/ERVL-MaLR	1509	-	172	236901708	82898
chr1	236818810	237018810	harbor2	chr1	236908784	236909182	LTR/ERVL-MaLR	2451	-	199	236908983	90173
chr1	236818810	237018810	harbor2	chr1	236914647	236914961	LTR/ERVL-MaLR	1845	-	157	236914804	95994
chr1	173238349	173438349	harbor2	chr1	173256212	173256578	LTR/ERVL-MaLR	1613	-	183	173256395	18046
chr1	173238349	173438349	harbor2	chr1	173267522	173267734	LTR/ERVL-MaLR	956	-	106	173267628	29279
chr1	173238349	173438349	harbor2	chr1	173291006	173291420	LTR/ERVL-MaLR	2351	-	207	173291213	52864
chr1	173238349	173438349	harbor2	chr1	173304636	173304966	LTR/ERVL-MaLR	1710	-	165	173304801	66452
chr1	173238349	173438349	harbor2	chr1	173305636	173305964	LTR/ERVL-MaLR	1465	-	164	173305800	67451
chr1	173238349	173438349	harbor2	chr1	173308572	173309074	LTR/ERVL-MaLR	1352	-	251	173308823	70474
chr1	191379444	191579444	harbor2	chr1	191456835	191457209	LTR/ERVL-MaLR	1822	-	187	191457022	77578
chr1	48196763	48396763	harbor2	chr1	48220528	48220901	LTR/ERVL-MaLR	2173	-	186	48220714	23951
chr1	48196763	48396763	harbor2	chr1	48240096	48240451	LTR/ERVL-MaLR	1960	-	178	48240274	43511
chr1	48196763	48396763	harbor2	chr1	48286680	48286753	LTR/ERVL-MaLR	2266	-	36	48286716	89953
chr1	48196763	48396763	harbor2	chr1	48287055	48287408	LTR/ERVL-MaLR	2266	-	176	48287231	90468
chr1	215226560	215426560	harbor2	chr1	215231703	215232065	LTR/ERVL-MaLR	2669	-	181	215231884	5324
chr1	215226560	215426560	harbor2	chr1	215245782	215246239	LTR/ERVL-MaLR	1997	-	228	215246010	19450
chr1	215226560	215426560	harbor2	chr1	215247692	215247976	LTR/ERVL-MaLR	1451	-	142	215247834	21274
chr1	215226560	215426560	harbor2	chr1	215248244	215248391	LTR/ERVL-MaLR	1451	-	74	215248318	21758
chr1	215226560	215426560	harbor2	chr1	215278267	215278463	LTR/ERVL-MaLR	638	-	98	215278365	51805
chr1	215226560	215426560	harbor2	chr1	215279017	215279197	LTR/ERVL-MaLR	719	-	90	215279107	52547
chr1	215226560	215426560	harbor2	chr1	215322919	215323279	LTR/ERVL-MaLR	2560	-	180	215323099	96539
chr1	215226560	215426560	harbor2	chr1	215323282	215324807	LTR/ERVL-MaLR	10448	-	762	215324044	97484
chr1	215226560	215426560	harbor2	chr1	215324808	215325183	LTR/ERVL-MaLR	2553	-	188	215324996	98436
chr1	164790245	164990245	harbor2	chr1	164802173	164802589	LTR/ERVL-MaLR	1656	-	208	164802381	12136
chr1	164790245	164990245	harbor2	chr1	164815489	164815871	LTR/ERVL-MaLR	2312	-	191	164815680	25435
chr1	225041215	225241215	harbor2	chr1	225052778	225053241	LTR/ERVL-MaLR	1202	-	232	225053010	11795
chr1	225041215	225241215	harbor2	chr1	225071602	225071966	LTR/ERVL-MaLR	2519	-	182	225071784	30569
chr1	225041215	225241215	harbor2	chr1	225087085	225087457	LTR/ERVL-MaLR	1664	-	186	225087271	46056
chr1	225041215	225241215	harbor2	chr1	225131190	225131706	LTR/ERVL-MaLR	2203	-	258	225131448	90233
chr1	246720650	246920650	harbor2	chr1	246722066	246722480	LTR/ERVL-MaLR	2380	-	207	246722273	1623
chr1	246720650	246920650	harbor2	chr1	246746995	246747159	LTR/ERVL-MaLR	493	-	82	246747077	26427
chr1	178352446	178552446	harbor2	chr1	178352367	178353679	LTR/ERVL-MaLR	9943	-	656	178353023	577
chr1	178352446	178552446	harbor2	chr1	178353735	178353824	LTR/ERVL-MaLR	440	-	44	178353779	1333
chr1	178352446	178552446	harbor2	chr1	178360638	178360842	LTR/ERVL-MaLR	1187	-	102	178360740	8294
chr1	178352446	178552446	harbor2	chr1	178408912	178409116	LTR/ERVL-MaLR	905	-	102	178409014	56568
chr1	178352446	178552446	harbor2	chr1	178441782	178442209	LTR/ERVL-MaLR	2344	-	214	178441996	89550
chr1	196795554	196995554	harbor2	chr1	196833404	196833776	LTR/ERVL-MaLR	1220	-	186	196833590	38036
chr1	183072411	183272411	harbor2	chr1	183106830	183107026	LTR/ERVL-MaLR	588	-	98	183106928	34517
chr1	183072411	183272411	harbor2	chr1	183170077	183170477	LTR/ERVL-MaLR	1808	-	200	183170277	97866
chr1	198689580	198889580	harbor2	chr1	198754701	198755249	LTR/ERVL-MaLR	1141	-	274	198754975	65395
chr1	198689580	198889580	harbor2	chr1	198777334	198777490	LTR/ERVL-MaLR	518	-	78	198777412	87832
chr1	198689580	198889580	harbor2	chr1	198785921	198786229	LTR/ERVL-MaLR	452	-	154	198786075	96495
chr1	237704271	237904271	harbor2	chr1	237719327	237719701	LTR/ERVL-MaLR	2062	-	187	237719514	15243
chr1	237704271	237904271	harbor2	chr1	237719704	237719794	LTR/ERVL-MaLR	473	-	45	237719749	15478
chr1	237704271	237904271	harbor2	chr1	237719781	237719920	LTR/ERVL-MaLR	727	-	70	237719851	15580
chr1	237704271	237904271	harbor2	chr1	237734127	237734494	LTR/ERVL-MaLR	2094	-	184	237734311	30040
chr1	236049308	236249308	harbor2	chr1	236087732	236087978	LTR/ERVL-MaLR	1790	-	123	236087855	38547
chr1	236049308	236249308	harbor2	chr1	236088281	236088429	LTR/ERVL-MaLR	1790	-	74	236088355	39047
chr1	236049308	236249308	harbor2	chr1	236113664	236114116	LTR/ERVL-MaLR	1849	-	226	236113890	64582
chr1	245828070	246028070	harbor2	chr1	245830189	245830536	LTR/ERVL-MaLR	2403	-	174	245830363	2293
chr1	245828070	246028070	harbor2	chr1	245844439	245844747	LTR/ERVL-MaLR	437	-	154	245844593	16523
chr1	245828070	246028070	harbor2	chr1	245903732	245904066	LTR/ERVL-MaLR	2087	-	167	245903899	75829
chr1	245828070	246028070	harbor2	chr1	245925916	245926264	LTR/ERVL-MaLR	826	-	174	245926090	98020
chr1	241981769	242181769	harbor2	chr1	242021267	242021435	LTR/ERVL-MaLR	1802	-	84	242021351	39582
chr1	241981769	242181769	harbor2	chr1	242021734	242022009	LTR/ERVL-MaLR	1802	-	138	242021872	40103
chr1	241981769	242181769	harbor2	chr1	242022432	242022553	LTR/ERVL-MaLR	609	-	60	242022492	40723
chr1	241981769	242181769	harbor2	chr1	242032666	242032756	LTR/ERVL-MaLR	813	-	45	242032711	50942
chr1	241981769	242181769	harbor2	chr1	242033057	242033388	LTR/ERVL-MaLR	813	-	166	242033223	51454
chr1	241981769	242181769	harbor2	chr1	242054683	242054891	LTR/ERVL-MaLR	2536	-	104	242054787	73018
chr1	241981769	242181769	harbor2	chr1	242055182	242055348	LTR/ERVL-MaLR	2536	-	83	242055265	73496
chr1	220935696	221135696	harbor2	chr1	220938682	220938855	LTR/ERVL-MaLR	430	-	86	220938768	3072
chr1	220935696	221135696	harbor2	chr1	220957986	220958342	LTR/ERVL-MaLR	1552	-	178	220958164	22468
chr1	220935696	221135696	harbor2	chr1	220964280	220964431	LTR/ERVL-MaLR	1436	-	76	220964356	28660
chr1	220935696	221135696	harbor2	chr1	220964472	220964671	LTR/ERVL-MaLR	1436	-	100	220964572	28876
chr1	220935696	221135696	harbor2	chr1	220974290	220974759	LTR/ERVL-MaLR	1464	-	234	220974524	38828
chr1	220935696	221135696	harbor2	chr1	221003346	221003636	LTR/ERVL-MaLR	772	-	145	221003491	67795
chr1	220935696	221135696	harbor2	chr1	221003953	221004154	LTR/ERVL-MaLR	770	-	100	221004053	68357
chr1	196829765	197029765	harbor2	chr1	196833404	196833776	LTR/ERVL-MaLR	1220	-	186	196833590	3825
chr1	196829765	197029765	harbor2	chr1	196898609	196899107	LTR/ERVL-MaLR	1895	-	249	196898858	69093
chr1	109823463	110023463	harbor2	chr1	109862466	109862861	LTR/ERVL-MaLR	1307	-	198	109862664	39201
chr1	109823463	110023463	harbor2	chr1	109899300	109899679	LTR/ERVL-MaLR	1704	-	190	109899490	76027
chr1	196228220	196428220	harbor2	chr1	196302370	196302705	LTR/ERVL-MaLR	1009	-	168	196302538	74318
chr1	196228220	196428220	harbor2	chr1	196247456	196247819	LTR/ERVL-MaLR	2292	-	182	196247638	19418
chr1	203480744	203680744	harbor2	chr1	203539898	203540350	LTR/ERVL-MaLR	761	-	226	203540124	59380
chr1	203480744	203680744	harbor2	chr1	203555053	203555304	LTR/ERVL-MaLR	746	-	126	203555179	74435
chr1	203480744	203680744	harbor2	chr1	203558490	203558615	LTR/ERVL-MaLR	508	-	62	203558552	77808
chr1	203480744	203680744	harbor2	chr1	203562444	203562822	LTR/ERVL-MaLR	2282	-	189	203562633	81889
chr1	177610094	177810094	harbor2	chr1	177624448	177624811	LTR/ERVL-MaLR	1668	-	182	177624630	14536
chr1	74936217	75136217	harbor2	chr1	74948172	74948521	LTR/ERVL-MaLR	1956	-	174	74948346	12129
chr1	74936217	75136217	harbor2	chr1	74979391	74979471	LTR/ERVL-MaLR	452	-	40	74979431	43214
chr1	74936217	75136217	harbor2	chr1	75002266	75002430	LTR/ERVL-MaLR	769	-	82	75002348	66131
chr1	74936217	75136217	harbor2	chr1	75002408	75002568	LTR/ERVL-MaLR	649	-	80	75002488	66271
chr1	74936217	75136217	harbor2	chr1	75034053	75034417	LTR/ERVL-MaLR	1938	-	182	75034235	98018
chr1	204042223	204242223	harbor2	chr1	204042481	204042835	LTR/ERVL-MaLR	2447	-	177	204042658	435
chr1	204042223	204242223	harbor2	chr1	204042972	204043181	LTR/ERVL-MaLR	1858	-	104	204043076	853
chr1	204042223	204242223	harbor2	chr1	204043487	204043656	LTR/ERVL-MaLR	1858	-	84	204043571	1348
chr1	204042223	204242223	harbor2	chr1	204057171	204057566	LTR/ERVL-MaLR	1823	-	198	204057369	15146
chr1	204042223	204242223	harbor2	chr1	204057859	204058014	LTR/ERVL-MaLR	1502	-	78	204057937	15714
chr1	204042223	204242223	harbor2	chr1	204059746	204059926	LTR/ERVL-MaLR	850	-	90	204059836	17613
chr1	204042223	204242223	harbor2	chr1	204060242	204060428	LTR/ERVL-MaLR	850	-	93	204060335	18112
chr1	204042223	204242223	harbor2	chr1	204063074	204063192	LTR/ERVL-MaLR	614	-	59	204063133	20910
chr1	204042223	204242223	harbor2	chr1	204063746	204064090	LTR/ERVL-MaLR	1824	-	172	204063918	21695
chr1	204042223	204242223	harbor2	chr1	204119237	204119586	LTR/ERVL-MaLR	1815	-	174	204119411	77188
chr1	204042223	204242223	harbor2	chr1	204119587	204119726	LTR/ERVL-MaLR	909	-	70	204119657	77434
chr1	204042223	204242223	harbor2	chr1	204120044	204120109	LTR/ERVL-MaLR	909	-	32	204120076	77853
chr1	204042223	204242223	harbor2	chr1	204062587	204062895	LTR/ERVL-MaLR	1254	-	154	204062741	20518
chr1	71303832	71503832	harbor2	chr1	71303875	71304242	LTR/ERVL-MaLR	2062	-	184	71304059	227
chr1	71303832	71503832	harbor2	chr1	71306793	71307136	LTR/ERVL-MaLR	815	-	172	71306965	3133
chr1	71303832	71503832	harbor2	chr1	71316600	71316946	LTR/ERVL-MaLR	1593	-	173	71316773	12941
chr1	71303832	71503832	harbor2	chr1	71318925	71319509	LTR/ERVL-MaLR	1627	-	292	71319217	15385
chr1	71303832	71503832	harbor2	chr1	71324437	71325180	LTR/ERVL-MaLR	1771	-	372	71324809	20977
chr1	71303832	71503832	harbor2	chr1	71331007	71331377	LTR/ERVL-MaLR	1813	-	185	71331192	27360
chr1	71303832	71503832	harbor2	chr1	71331378	71332401	LTR/ERVL-MaLR	2734	-	512	71331890	28058
chr1	71303832	71503832	harbor2	chr1	71369753	71369941	LTR/ERVL-MaLR	1111	-	94	71369847	66015
chr1	71303832	71503832	harbor2	chr1	71381309	71381729	LTR/ERVL-MaLR	2296	-	210	71381519	77687
chr1	57157366	57357366	harbor2	chr1	57157362	57157565	LTR/ERVL-MaLR	1526	-	102	57157464	98
chr1	57157366	57357366	harbor2	chr1	57157600	57157776	LTR/ERVL-MaLR	1526	-	88	57157688	322
chr1	57157366	57357366	harbor2	chr1	57171859	57172320	LTR/ERVL-MaLR	2589	-	230	57172089	14723
chr1	57157366	57357366	harbor2	chr1	57172453	57172879	LTR/ERVL-MaLR	2616	-	213	57172666	15300
chr1	57157366	57357366	harbor2	chr1	57176204	57176558	LTR/ERVL-MaLR	2371	-	177	57176381	19015
chr1	57157366	57357366	harbor2	chr1	57214047	57214374	LTR/ERVL-MaLR	1652	-	164	57214211	56845
chr1	57157366	57357366	harbor2	chr1	57234564	57235143	LTR/ERVL-MaLR	2280	-	290	57234854	77488
chr1	247152841	247352841	harbor2	chr1	247173409	247173828	LTR/ERVL-MaLR	1643	-	210	247173619	20778
chr1	247152841	247352841	harbor2	chr1	247212131	247212594	LTR/ERVL-MaLR	1352	-	232	247212363	59522
chr1	247152841	247352841	harbor2	chr1	247227580	247227947	LTR/ERVL-MaLR	2040	-	184	247227764	74923
chr1	100205855	100405855	harbor2	chr1	100267419	100267812	LTR/ERVL-MaLR	1735	-	196	100267615	61760
chr1	100205855	100405855	harbor2	chr1	100301377	100301429	LTR/ERVL-MaLR	2060	-	26	100301403	95548
chr1	100205855	100405855	harbor2	chr1	100301725	100302060	LTR/ERVL-MaLR	2060	-	168	100301893	96038
chr1	100205855	100405855	harbor2	chr1	100302357	100302530	LTR/ERVL-MaLR	2060	-	86	100302443	96588
chr1	215166803	215366803	harbor2	chr1	215172272	215172636	LTR/ERVL-MaLR	1191	-	182	215172454	5651
chr1	215166803	215366803	harbor2	chr1	215175223	215175296	LTR/ERVL-MaLR	444	-	36	215175259	8456
chr1	215166803	215366803	harbor2	chr1	215184454	215184814	LTR/ERVL-MaLR	2593	-	180	215184634	17831
chr1	215166803	215366803	harbor2	chr1	215197251	215197659	LTR/ERVL-MaLR	1519	-	204	215197455	30652
chr1	215166803	215366803	harbor2	chr1	215214087	215214464	LTR/ERVL-MaLR	2129	-	188	215214275	47472
chr1	215166803	215366803	harbor2	chr1	215219174	215219243	LTR/ERVL-MaLR	412	-	34	215219208	52405
chr1	215166803	215366803	harbor2	chr1	215221852	215222248	LTR/ERVL-MaLR	2196	-	198	215222050	55247
chr1	215166803	215366803	harbor2	chr1	215231703	215232065	LTR/ERVL-MaLR	2669	-	181	215231884	65081
chr1	215166803	215366803	harbor2	chr1	215245782	215246239	LTR/ERVL-MaLR	1997	-	228	215246010	79207
chr1	215166803	215366803	harbor2	chr1	215247692	215247976	LTR/ERVL-MaLR	1451	-	142	215247834	81031
chr1	215166803	215366803	harbor2	chr1	215248244	215248391	LTR/ERVL-MaLR	1451	-	74	215248318	81515
chr1	243072680	243272680	harbor2	chr1	243075124	243075480	LTR/ERVL-MaLR	1551	-	178	243075302	2622
chr1	243072680	243272680	harbor2	chr1	243085842	243086159	LTR/ERVL-MaLR	1664	-	158	243086000	13320
chr1	243072680	243272680	harbor2	chr1	243102917	243103048	LTR/ERVL-MaLR	435	-	66	243102983	30303
chr1	243072680	243272680	harbor2	chr1	243117415	243117770	LTR/ERVL-MaLR	2101	-	178	243117593	44913
chr1	169227112	169427112	harbor2	chr1	169227400	169227817	LTR/ERVL-MaLR	794	-	208	169227608	496
chr1	169227112	169427112	harbor2	chr1	169264822	169265196	LTR/ERVL-MaLR	2699	-	187	169265009	37897
chr1	169227112	169427112	harbor2	chr1	169312043	169312194	LTR/ERVL-MaLR	470	-	76	169312119	85007
chr1	169227112	169427112	harbor2	chr1	169312280	169312431	LTR/ERVL-MaLR	680	-	76	169312356	85244
chr1	201494641	201694641	harbor2	chr1	201514256	201514799	LTR/ERVL-MaLR	1458	-	272	201514528	19887
chr1	201494641	201694641	harbor2	chr1	201554758	201555238	LTR/ERVL-MaLR	2183	-	240	201554998	60357
chr1	201494641	201694641	harbor2	chr1	201564647	201565133	LTR/ERVL-MaLR	1859	-	243	201564890	70249
chr1	201494641	201694641	harbor2	chr1	201586427	201586885	LTR/ERVL-MaLR	1156	-	229	201586656	92015
chr1	192175076	192375076	harbor2	chr1	192183782	192184184	LTR/ERVL-MaLR	2228	-	201	192183983	8907
chr1	192175076	192375076	harbor2	chr1	192200853	192202416	LTR/ERVL-MaLR	9279	-	782	192201635	26559
chr1	192175076	192375076	harbor2	chr1	192202417	192202638	LTR/ERVL-MaLR	2286	-	110	192202527	27451
chr1	192175076	192375076	harbor2	chr1	192202953	192203122	LTR/ERVL-MaLR	2286	-	84	192203037	27961
chr1	192175076	192375076	harbor2	chr1	192203412	192203769	LTR/ERVL-MaLR	1568	-	178	192203590	28514
chr1	192175076	192375076	harbor2	chr1	192206815	192206978	LTR/ERVL-MaLR	763	-	82	192206897	31821
chr1	192175076	192375076	harbor2	chr1	192216571	192216973	LTR/ERVL-MaLR	1587	-	201	192216772	41696
chr1	192175076	192375076	harbor2	chr1	192260122	192260496	LTR/ERVL-MaLR	1936	-	187	192260309	85233
chr1	192175076	192375076	harbor2	chr1	192200480	192200852	LTR/ERVL-MaLR	2265	-	186	192200666	25590
chr1	231713143	231913143	harbor2	chr1	231714802	231714981	LTR/ERVL-MaLR	586	-	90	231714892	1749
chr1	231713143	231913143	harbor2	chr1	231752176	231752599	LTR/ERVL-MaLR	2901	-	212	231752388	39245
chr1	231713143	231913143	harbor2	chr1	231752600	231754223	LTR/ERVL-MaLR	10128	-	812	231753412	40269
chr1	231713143	231913143	harbor2	chr1	231754224	231754637	LTR/ERVL-MaLR	2848	-	206	231754430	41287
chr1	231713143	231913143	harbor2	chr1	231787221	231787660	LTR/ERVL-MaLR	1412	-	220	231787441	74298
chr1	231713143	231913143	harbor2	chr1	231787915	231788001	LTR/ERVL-MaLR	1394	-	43	231787958	74815
chr1	231713143	231913143	harbor2	chr1	231788301	231788606	LTR/ERVL-MaLR	1394	-	152	231788453	75310
chr1	231713143	231913143	harbor2	chr1	231790290	231790507	LTR/ERVL-MaLR	2359	-	108	231790398	77255
chr1	231713143	231913143	harbor2	chr1	231790818	231790995	LTR/ERVL-MaLR	2359	-	88	231790906	77763
chr1	231713143	231913143	harbor2	chr1	231797349	231797716	LTR/ERVL-MaLR	1617	-	184	231797533	84390
chr1	231713143	231913143	harbor2	chr1	231802531	231802986	LTR/ERVL-MaLR	1061	-	228	231802759	89616
chr1	231713143	231913143	harbor2	chr1	231802994	231803125	LTR/ERVL-MaLR	560	-	66	231803060	89917
chr1	231713143	231913143	harbor2	chr1	231803122	231803274	LTR/ERVL-MaLR	569	-	76	231803198	90055
chr1	231713143	231913143	harbor2	chr1	231803324	231803667	LTR/ERVL-MaLR	1837	-	172	231803496	90353
chr1	231713143	231913143	harbor2	chr1	231803975	231804149	LTR/ERVL-MaLR	1837	-	87	231804062	90919
chr1	231713143	231913143	harbor2	chr1	231805282	231805799	LTR/ERVL-MaLR	2166	-	258	231805540	92397
chr1	79196825	79396825	harbor2	chr1	79229745	79230140	LTR/ERVL-MaLR	1905	-	198	79229943	33118
chr1	79196825	79396825	harbor2	chr1	79238867	79239227	LTR/ERVL-MaLR	2027	-	180	79239047	42222
chr1	79196825	79396825	harbor2	chr1	79239229	79240677	LTR/ERVL-MaLR	9344	-	724	79239953	43128
chr1	79196825	79396825	harbor2	chr1	79240680	79241036	LTR/ERVL-MaLR	2026	-	178	79240858	44033
chr1	79196825	79396825	harbor2	chr1	79245103	79245142	LTR/ERVL-MaLR	885	-	20	79245123	48298
chr1	79196825	79396825	harbor2	chr1	79245510	79245634	LTR/ERVL-MaLR	885	-	62	79245572	48747
chr1	79196825	79396825	harbor2	chr1	79245667	79245847	LTR/ERVL-MaLR	885	-	90	79245757	48932
chr1	79196825	79396825	harbor2	chr1	79251254	79251629	LTR/ERVL-MaLR	2131	-	188	79251442	54617
chr1	157348253	157548253	harbor2	chr1	157348737	157348854	LTR/ERVL-MaLR	1029	-	58	157348795	542
chr1	157348253	157548253	harbor2	chr1	157349255	157349307	LTR/ERVL-MaLR	1029	-	26	157349281	1028
chr1	157348253	157548253	harbor2	chr1	157349308	157349663	LTR/ERVL-MaLR	1997	-	178	157349486	1233
chr1	157348253	157548253	harbor2	chr1	157349822	157349842	LTR/ERVL-MaLR	1997	-	10	157349832	1579
chr1	157348253	157548253	harbor2	chr1	157349843	157350238	LTR/ERVL-MaLR	1998	-	198	157350041	1788
chr1	157348253	157548253	harbor2	chr1	157350239	157351813	LTR/ERVL-MaLR	12154	-	787	157351026	2773
chr1	157348253	157548253	harbor2	chr1	157352463	157352516	LTR/ERVL-MaLR	1997	-	26	157352489	4236
chr1	157348253	157548253	harbor2	chr1	157391913	157392287	LTR/ERVL-MaLR	2328	-	187	157392100	43847
chr1	157348253	157548253	harbor2	chr1	157403997	157404376	LTR/ERVL-MaLR	1932	-	190	157404187	55934
chr1	157348253	157548253	harbor2	chr1	157407550	157407966	LTR/ERVL-MaLR	2497	-	208	157407758	59505
chr1	157348253	157548253	harbor2	chr1	157407985	157408097	LTR/ERVL-MaLR	580	-	56	157408041	59788
chr1	157348253	157548253	harbor2	chr1	157408129	157408515	LTR/ERVL-MaLR	1269	-	193	157408322	60069
chr1	157348253	157548253	harbor2	chr1	157408516	157408846	LTR/ERVL-MaLR	1231	-	165	157408681	60428
chr1	157348253	157548253	harbor2	chr1	157411848	157412254	LTR/ERVL-MaLR	738	-	203	157412051	63798
chr1	157348253	157548253	harbor2	chr1	157413233	157413477	LTR/ERVL-MaLR	1039	-	122	157413355	65102
chr1	157348253	157548253	harbor2	chr1	157413512	157413659	LTR/ERVL-MaLR	463	-	74	157413586	65333
chr1	157348253	157548253	harbor2	chr1	157428253	157428659	LTR/ERVL-MaLR	2137	-	203	157428456	80203
chr1	157348253	157548253	harbor2	chr1	157439026	157439402	LTR/ERVL-MaLR	2288	-	188	157439214	90961
chr1	157348253	157548253	harbor2	chr1	157439405	157440941	LTR/ERVL-MaLR	9748	-	768	157440173	91920
chr1	157348253	157548253	harbor2	chr1	157440942	157441288	LTR/ERVL-MaLR	1967	-	173	157441115	92862
chr1	157348253	157548253	harbor2	chr1	157351814	157352187	LTR/ERVL-MaLR	2424	-	186	157352000	3747
chr1	80833785	81033785	harbor2	chr1	80847270	80847667	LTR/ERVL-MaLR	1837	-	198	80847468	13683
chr1	80833785	81033785	harbor2	chr1	80847672	80849028	LTR/ERVL-MaLR	5024	-	678	80848350	14565
chr1	80833785	81033785	harbor2	chr1	80904396	80904697	LTR/ERVL-MaLR	2062	-	150	80904546	70761
chr1	80833785	81033785	harbor2	chr1	80904698	80905064	LTR/ERVL-MaLR	2528	-	183	80904881	71096
chr1	80833785	81033785	harbor2	chr1	80919822	80920268	LTR/ERVL-MaLR	2470	-	223	80920045	86260
chr1	80833785	81033785	harbor2	chr1	80922845	80923045	LTR/ERVL-MaLR	607	-	100	80922945	89160
chr1	248460708	248660708	harbor2	chr1	248480641	248480846	LTR/ERVL-MaLR	808	-	102	248480743	20035
chr1	248460708	248660708	harbor2	chr1	248511007	248511143	LTR/ERVL-MaLR	582	-	68	248511075	50367
chr1	248460708	248660708	harbor2	chr1	248513067	248513228	LTR/ERVL-MaLR	816	-	80	248513147	52439
chr1	248460708	248660708	harbor2	chr1	248535293	248535621	LTR/ERVL-MaLR	1415	-	164	248535457	74749
chr1	214163154	214363154	harbor2	chr1	214169748	214170073	LTR/ERVL-MaLR	1582	-	162	214169910	6756
chr1	214163154	214363154	harbor2	chr1	214174212	214175415	LTR/ERVL-MaLR	1279	-	602	214174814	11660
chr1	214163154	214363154	harbor2	chr1	214203749	214204112	LTR/ERVL-MaLR	2481	-	182	214203931	40777
chr1	207298643	207498643	harbor2	chr1	207391524	207391911	LTR/ERVL-MaLR	2092	-	194	207391718	93075
chr1	200909148	201109148	harbor2	chr1	200931507	200931727	LTR/ERVL-MaLR	1042	-	110	200931617	22469
chr1	85453983	85653983	harbor2	chr1	85468130	85468330	LTR/ERVL-MaLR	815	-	100	85468230	14247
chr1	85453983	85653983	harbor2	chr1	85468331	85468521	LTR/ERVL-MaLR	2626	-	95	85468426	14443
chr1	85453983	85653983	harbor2	chr1	85468818	85469001	LTR/ERVL-MaLR	2626	-	92	85468910	14927
chr1	85453983	85653983	harbor2	chr1	85469002	85469232	LTR/ERVL-MaLR	815	-	115	85469117	15134
chr1	85453983	85653983	harbor2	chr1	85470139	85470505	LTR/ERVL-MaLR	2212	-	183	85470322	16339
chr1	85453983	85653983	harbor2	chr1	85476268	85476749	LTR/ERVL-MaLR	581	-	240	85476508	22525
chr1	85453983	85653983	harbor2	chr1	85478328	85478682	LTR/ERVL-MaLR	2474	-	177	85478505	24522
chr1	85453983	85653983	harbor2	chr1	85488214	85488584	LTR/ERVL-MaLR	1765	-	185	85488399	34416
chr1	85453983	85653983	harbor2	chr1	85515823	85516221	LTR/ERVL-MaLR	1965	-	199	85516022	62039
chr1	85453983	85653983	harbor2	chr1	85518221	85518807	LTR/ERVL-MaLR	1867	-	293	85518514	64531
chr1	191057975	191257975	harbor2	chr1	191090162	191090343	LTR/ERVL-MaLR	446	-	90	191090252	32277
chr1	191057975	191257975	harbor2	chr1	191090352	191091333	LTR/ERVL-MaLR	1760	-	490	191090842	32867
chr1	191057975	191257975	harbor2	chr1	191109051	191109462	LTR/ERVL-MaLR	1693	-	206	191109257	51282
chr1	191057975	191257975	harbor2	chr1	191122844	191123206	LTR/ERVL-MaLR	1885	-	181	191123025	65050
chr1	156452400	156652400	harbor2	chr1	156461774	156462082	LTR/ERVL-MaLR	1100	-	154	156461928	9528
chr1	156452400	156652400	harbor2	chr1	156514955	156515356	LTR/ERVL-MaLR	845	-	200	156515155	62755
chr1	156452400	156652400	harbor2	chr1	156516859	156517154	LTR/ERVL-MaLR	459	-	148	156517007	64607
chr1	156452400	156652400	harbor2	chr1	156517920	156518035	LTR/ERVL-MaLR	447	-	58	156517978	65578
chr1	156452400	156652400	harbor2	chr1	156515947	156516429	LTR/ERVL-MaLR	1201	-	241	156516188	63788
chr1	234757802	234957802	harbor2	chr1	234774416	234774578	LTR/ERVL-MaLR	476	-	81	234774497	16695
chr1	234757802	234957802	harbor2	chr1	234801601	234801948	LTR/ERVL-MaLR	806	-	174	234801775	43973
chr1	234757802	234957802	harbor2	chr1	234808196	234808660	LTR/ERVL-MaLR	2177	-	232	234808428	50626
chr1	234757802	234957802	harbor2	chr1	234833579	234833954	LTR/ERVL-MaLR	1177	-	188	234833767	75965
chr1	156785551	156985551	harbor2	chr1	156791897	156792053	LTR/ERVL-MaLR	1160	-	78	156791975	6424
chr1	156785551	156985551	harbor2	chr1	156792200	156792438	LTR/ERVL-MaLR	1160	-	119	156792319	6768
chr1	156785551	156985551	harbor2	chr1	156792755	156792885	LTR/ERVL-MaLR	1160	-	65	156792820	7269
chr1	186035148	186235148	harbor2	chr1	186036238	186036576	LTR/ERVL-MaLR	1839	-	169	186036407	1259
chr1	186035148	186235148	harbor2	chr1	186061141	186061528	LTR/ERVL-MaLR	2229	-	194	186061335	26187
chr1	186035148	186235148	harbor2	chr1	186078382	186078882	LTR/ERVL-MaLR	1224	-	250	186078632	43484
chr1	186035148	186235148	harbor2	chr1	186082218	186082650	LTR/ERVL-MaLR	885	-	216	186082434	47286
chr1	186035148	186235148	harbor2	chr1	186085220	186085594	LTR/ERVL-MaLR	1147	-	187	186085407	50259
chr1	146253709	146453709	harbor2	chr1	146280906	146281373	LTR/ERVL-MaLR	2382	-	234	146281140	27431
chr1	146253709	146453709	harbor2	chr1	146289476	146289922	LTR/ERVL-MaLR	983	-	223	146289699	35990
chr1	146253709	146453709	harbor2	chr1	146315510	146315926	LTR/ERVL-MaLR	1185	-	208	146315718	62009
chr1	146253709	146453709	harbor2	chr1	146332500	146332904	LTR/ERVL-MaLR	1797	-	202	146332702	78993
chr1	146253709	146453709	harbor2	chr1	146339900	146340264	LTR/ERVL-MaLR	2383	-	182	146340082	86373
chr1	146253709	146453709	harbor2	chr1	146342579	146343121	LTR/ERVL-MaLR	790	-	271	146342850	89141
chr1	230652266	230852266	harbor2	chr1	230696409	230696821	LTR/ERVL-MaLR	1209	-	206	230696615	44349
chr1	230652266	230852266	harbor2	chr1	230745437	230745805	LTR/ERVL-MaLR	1873	-	184	230745621	93355
chr1	230652266	230852266	harbor2	chr1	230653644	230653980	LTR/ERVL-MaLR	1282	-	168	230653812	1546
chr1	233168713	233368713	harbor2	chr1	233181571	233181932	LTR/ERVL-MaLR	1882	-	180	233181751	13038
chr1	233168713	233368713	harbor2	chr1	233188028	233188533	LTR/ERVL-MaLR	2694	-	252	233188280	19567
chr1	233168713	233368713	harbor2	chr1	233188820	233189046	LTR/ERVL-MaLR	2694	-	113	233188933	20220
chr1	231406183	231606183	harbor2	chr1	231417001	231417101	LTR/ERVL-MaLR	479	-	50	231417051	10868
chr1	231406183	231606183	harbor2	chr1	231428126	231428164	LTR/ERVL-MaLR	1849	-	19	231428145	21962
chr1	231406183	231606183	harbor2	chr1	231428422	231428773	LTR/ERVL-MaLR	1849	-	176	231428598	22415
chr1	231406183	231606183	harbor2	chr1	231428774	231429277	LTR/ERVL-MaLR	8884	-	252	231429026	22843
chr1	231406183	231606183	harbor2	chr1	231429576	231429923	LTR/ERVL-MaLR	8884	-	174	231429750	23567
chr1	231406183	231606183	harbor2	chr1	231431340	231431859	LTR/ERVL-MaLR	8884	-	260	231431600	25417
chr1	231406183	231606183	harbor2	chr1	231442694	231443060	LTR/ERVL-MaLR	1661	-	183	231442877	36694
chr1	231406183	231606183	harbor2	chr1	231474156	231474569	LTR/ERVL-MaLR	2479	-	206	231474362	68179
chr1	231406183	231606183	harbor2	chr1	231486600	231486840	LTR/ERVL-MaLR	625	-	120	231486720	80537
chr1	231406183	231606183	harbor2	chr1	231498309	231498677	LTR/ERVL-MaLR	2588	-	184	231498493	92310
chr1	231406183	231606183	harbor2	chr1	231498678	231500000	LTR/ERVL-MaLR	8062	-	661	231499339	93156
chr1	231406183	231606183	harbor2	chr1	231500001	231500244	LTR/ERVL-MaLR	1619	-	122	231500123	93940
chr1	231406183	231606183	harbor2	chr1	231500246	231500615	LTR/ERVL-MaLR	2545	-	184	231500430	94247
chr1	231406183	231606183	harbor2	chr1	231501105	231501442	LTR/ERVL-MaLR	1692	-	168	231501273	95090
chr1	195498014	195698014	harbor2	chr1	195536516	195536656	LTR/ERVL-MaLR	427	-	70	195536586	38572
chr1	233098992	233298992	harbor2	chr1	233181571	233181932	LTR/ERVL-MaLR	1882	-	180	233181751	82759
chr1	233098992	233298992	harbor2	chr1	233188028	233188533	LTR/ERVL-MaLR	2694	-	252	233188280	89288
chr1	233098992	233298992	harbor2	chr1	233188820	233189046	LTR/ERVL-MaLR	2694	-	113	233188933	89941
chr1	248412265	248612265	harbor2	chr1	248480641	248480846	LTR/ERVL-MaLR	808	-	102	248480743	68478
chr1	248412265	248612265	harbor2	chr1	248511007	248511143	LTR/ERVL-MaLR	582	-	68	248511075	98810
chr1	59486895	59686895	harbor2	chr1	59574043	59574545	LTR/ERVL-MaLR	1852	-	251	59574294	87399
chr1	175313757	175513757	harbor2	chr1	175368127	175368583	LTR/ERVL-MaLR	2114	-	228	175368355	54598
chr1	175313757	175513757	harbor2	chr1	175369209	175369559	LTR/ERVL-MaLR	1449	-	175	175369384	55627
chr1	175313757	175513757	harbor2	chr1	175382549	175382621	LTR/ERVL-MaLR	2182	-	36	175382585	68828
chr1	175313757	175513757	harbor2	chr1	175382922	175383304	LTR/ERVL-MaLR	2182	-	191	175383113	69356
chr1	175313757	175513757	harbor2	chr1	175411401	175411865	LTR/ERVL-MaLR	2054	-	232	175411633	97876
chr1	186314093	186514093	harbor2	chr1	186384078	186384470	LTR/ERVL-MaLR	1688	-	196	186384274	70181
chr1	200602030	200802030	harbor2	chr1	200693034	200693246	LTR/ERVL-MaLR	663	-	106	200693140	91110
chr1	200602030	200802030	harbor2	chr1	200699841	200700316	LTR/ERVL-MaLR	1806	-	238	200700079	98049
chr1	200602030	200802030	harbor2	chr1	200700608	200700632	LTR/ERVL-MaLR	1806	-	12	200700620	98590
chr1	233993750	234193750	harbor2	chr1	234024435	234024811	LTR/ERVL-MaLR	1729	-	188	234024623	30873
chr1	233993750	234193750	harbor2	chr1	234037052	234037480	LTR/ERVL-MaLR	2332	-	214	234037266	43516
chr1	233993750	234193750	harbor2	chr1	234041178	234041510	LTR/ERVL-MaLR	448	-	166	234041344	47594
chr1	233993750	234193750	harbor2	chr1	234076920	234076987	LTR/ERVL-MaLR	2320	-	34	234076954	83204
chr1	233993750	234193750	harbor2	chr1	234077304	234077620	LTR/ERVL-MaLR	2320	-	158	234077462	83712
chr1	233993750	234193750	harbor2	chr1	234082605	234082951	LTR/ERVL-MaLR	1961	-	173	234082778	89028
chr1	238635275	238835275	harbor2	chr1	238661079	238661468	LTR/ERVL-MaLR	429	-	194	238661273	25998
chr1	238635275	238835275	harbor2	chr1	238720466	238720814	LTR/ERVL-MaLR	2291	-	174	238720640	85365
chr1	243559652	243759652	harbor2	chr1	243630218	243630664	LTR/ERVL-MaLR	1776	-	223	243630441	70789
chr1	219505965	219705965	harbor2	chr1	219510553	219510665	LTR/ERVL-MaLR	452	-	56	219510609	4644
chr1	219505965	219705965	harbor2	chr1	219510670	219510867	LTR/ERVL-MaLR	417	-	98	219510768	4803
chr1	219505965	219705965	harbor2	chr1	219513792	219514780	LTR/ERVL-MaLR	1424	-	494	219514286	8321
chr1	219505965	219705965	harbor2	chr1	219547946	219548300	LTR/ERVL-MaLR	2340	-	177	219548123	42158
chr1	219505965	219705965	harbor2	chr1	219557112	219557537	LTR/ERVL-MaLR	2267	-	212	219557324	51359
chr1	219505965	219705965	harbor2	chr1	219528925	219529356	LTR/ERVL-MaLR	1873	-	216	219529141	23176
chr1	246218848	246418848	harbor2	chr1	246229540	246229853	LTR/ERVL-MaLR	798	-	156	246229696	10848
chr1	204973204	205173204	harbor2	chr1	205037590	205037709	LTR/ERVL-MaLR	420	-	60	205037650	64446
chr1	231067764	231267764	harbor2	chr1	231098912	231099072	LTR/ERVL-MaLR	675	-	80	231098992	31228
chr1	231067764	231267764	harbor2	chr1	231100522	231100661	LTR/ERVL-MaLR	1024	-	70	231100592	32828
chr1	231067764	231267764	harbor2	chr1	231100962	231101106	LTR/ERVL-MaLR	1024	-	72	231101034	33270
chr1	231067764	231267764	harbor2	chr1	231126735	231127116	LTR/ERVL-MaLR	649	-	190	231126925	59161
chr1	231067764	231267764	harbor2	chr1	231150345	231150414	LTR/ERVL-MaLR	2287	-	34	231150379	82615
chr1	231067764	231267764	harbor2	chr1	231150701	231151042	LTR/ERVL-MaLR	2287	-	170	231150871	83107
chr1	231067764	231267764	harbor2	chr1	231151043	231152695	LTR/ERVL-MaLR	9954	-	826	231151869	84105
chr1	231067764	231267764	harbor2	chr1	231152696	231153185	LTR/ERVL-MaLR	1902	-	244	231152940	85176
chr1	217022700	217222700	harbor2	chr1	217037249	217037603	LTR/ERVL-MaLR	1952	-	177	217037426	14726
chr1	217022700	217222700	harbor2	chr1	217039319	217039686	LTR/ERVL-MaLR	1914	-	184	217039503	16803
chr1	217022700	217222700	harbor2	chr1	217100530	217100929	LTR/ERVL-MaLR	2405	-	200	217100730	78030
chr1	217022700	217222700	harbor2	chr1	217110424	217110820	LTR/ERVL-MaLR	2183	-	198	217110622	87922
chr1	217022700	217222700	harbor2	chr1	217037604	217039318	LTR/ERVL-MaLR	10882	-	857	217038461	15761
chr1	213209197	213409197	harbor2	chr1	213227389	213228028	LTR/ERVL-MaLR	1910	-	320	213227709	18512
chr1	213209197	213409197	harbor2	chr1	213285035	213285401	LTR/ERVL-MaLR	1583	-	183	213285218	76021
chr1	213209197	213409197	harbor2	chr1	213298844	213299240	LTR/ERVL-MaLR	695	-	198	213299042	89845
chr1	164775365	164975365	harbor2	chr1	164802173	164802589	LTR/ERVL-MaLR	1656	-	208	164802381	27016
chr1	164775365	164975365	harbor2	chr1	164815489	164815871	LTR/ERVL-MaLR	2312	-	191	164815680	40315
chr1	96968652	97168652	harbor2	chr1	96985566	96985935	LTR/ERVL-MaLR	2274	-	184	96985750	17098
chr1	96968652	97168652	harbor2	chr1	96998463	96998889	LTR/ERVL-MaLR	545	-	213	96998676	30024
chr1	96968652	97168652	harbor2	chr1	97014714	97015117	LTR/ERVL-MaLR	1929	-	202	97014916	46264
chr1	96968652	97168652	harbor2	chr1	97046214	97046667	LTR/ERVL-MaLR	1821	-	226	97046440	77788
chr1	96968652	97168652	harbor2	chr1	97055367	97055606	LTR/ERVL-MaLR	1158	-	120	97055487	86835
chr1	96968652	97168652	harbor2	chr1	97057869	97057995	LTR/ERVL-MaLR	1725	-	63	97057932	89280
chr1	223951694	224151694	harbor2	chr1	223958117	223958469	LTR/ERVL-MaLR	1613	-	176	223958293	6599
chr1	223951694	224151694	harbor2	chr1	223970136	223970486	LTR/ERVL-MaLR	1507	-	175	223970311	18617
chr1	223951694	224151694	harbor2	chr1	223980890	223981207	LTR/ERVL-MaLR	1651	-	158	223981048	29354
chr1	237411472	237611472	harbor2	chr1	237423813	237424179	LTR/ERVL-MaLR	1876	-	183	237423996	12524
chr1	237411472	237611472	harbor2	chr1	237436066	237436287	LTR/ERVL-MaLR	1098	-	110	237436176	24704
chr1	237411472	237611472	harbor2	chr1	237488234	237488519	LTR/ERVL-MaLR	1783	-	142	237488376	76904
chr1	237411472	237611472	harbor2	chr1	237488902	237488970	LTR/ERVL-MaLR	1783	-	34	237488936	77464
chr1	167887707	168087707	harbor2	chr1	167907275	167907657	LTR/ERVL-MaLR	698	-	191	167907466	19759
chr1	167887707	168087707	harbor2	chr1	167985253	167985705	LTR/ERVL-MaLR	2046	-	226	167985479	97772
chr1	167887707	168087707	harbor2	chr1	167984837	167985184	LTR/ERVL-MaLR	1949	-	174	167985011	97304
chr1	174187051	174387051	harbor2	chr1	174231528	174231967	LTR/ERVL-MaLR	2485	-	220	174231748	44697
chr1	174187051	174387051	harbor2	chr1	174232918	174233157	LTR/ERVL-MaLR	1190	-	120	174233038	45987
chr1	78244959	78444959	harbor2	chr1	78253709	78253893	LTR/ERVL-MaLR	624	-	92	78253801	8842
chr1	78244959	78444959	harbor2	chr1	78281996	78282132	LTR/ERVL-MaLR	441	-	68	78282064	37105
chr1	78244959	78444959	harbor2	chr1	78320642	78321048	LTR/ERVL-MaLR	921	-	203	78320845	75886
chr1	245986290	246186290	harbor2	chr1	245991399	245991788	LTR/ERVL-MaLR	1231	-	194	245991593	5303
chr1	245986290	246186290	harbor2	chr1	245992274	245992428	LTR/ERVL-MaLR	589	-	77	245992351	6061
chr1	174041563	174241563	harbor2	chr1	174046692	174047030	LTR/ERVL-MaLR	1654	-	169	174046861	5298
chr1	174041563	174241563	harbor2	chr1	174066476	174067026	LTR/ERVL-MaLR	2144	-	275	174066751	25188
chr1	174041563	174241563	harbor2	chr1	174121588	174122012	LTR/ERVL-MaLR	1764	-	212	174121800	80237
chr1	174041563	174241563	harbor2	chr1	174122780	174123181	LTR/ERVL-MaLR	2568	-	200	174122980	81417
chr1	239536944	239736944	harbor2	chr1	239537206	239537574	LTR/ERVL-MaLR	1814	-	184	239537390	446
chr1	239536944	239736944	harbor2	chr1	239548895	239549246	LTR/ERVL-MaLR	2321	-	176	239549071	12127
chr1	239536944	239736944	harbor2	chr1	239564836	239565297	LTR/ERVL-MaLR	1389	-	230	239565066	28122
chr1	239536944	239736944	harbor2	chr1	239632819	239632974	LTR/ERVL-MaLR	2001	-	78	239632897	95953
chr1	239536944	239736944	harbor2	chr1	239633270	239633492	LTR/ERVL-MaLR	2001	-	111	239633381	96437
chr1	242464051	242664051	harbor2	chr1	242492643	242493007	LTR/ERVL-MaLR	1637	-	182	242492825	28774
chr1	242464051	242664051	harbor2	chr1	242499686	242500000	LTR/ERVL-MaLR	1300	-	157	242499843	35792
chr1	242464051	242664051	harbor2	chr1	242500001	242500219	LTR/ERVL-MaLR	758	-	109	242500110	36059
chr1	46346229	46546229	harbor2	chr1	46350630	46350789	LTR/ERVL-MaLR	611	-	80	46350710	4481
chr1	46346229	46546229	harbor2	chr1	46350875	46351084	LTR/ERVL-MaLR	792	-	104	46350979	4750
chr1	46346229	46546229	harbor2	chr1	46351358	46351476	LTR/ERVL-MaLR	792	-	59	46351417	5188
chr1	46346229	46546229	harbor2	chr1	46371740	46372032	LTR/ERVL-MaLR	1586	-	146	46371886	25657
chr1	46346229	46546229	harbor2	chr1	46372033	46372134	LTR/ERVL-MaLR	2684	-	50	46372083	25854
chr1	46346229	46546229	harbor2	chr1	46372443	46372713	LTR/ERVL-MaLR	2684	-	135	46372578	26349
chr1	46346229	46546229	harbor2	chr1	46373021	46373367	LTR/ERVL-MaLR	2684	-	173	46373194	26965
chr1	46346229	46546229	harbor2	chr1	46373370	46373850	LTR/ERVL-MaLR	2257	-	240	46373610	27381
chr1	46346229	46546229	harbor2	chr1	46378627	46379131	LTR/ERVL-MaLR	1639	-	252	46378879	32650
chr1	46346229	46546229	harbor2	chr1	46379645	46380004	LTR/ERVL-MaLR	1558	-	180	46379825	33596
chr1	102037395	102237395	harbor2	chr1	102038442	102038654	LTR/ERVL-MaLR	1059	-	106	102038548	1153
chr1	102037395	102237395	harbor2	chr1	102038701	102039086	LTR/ERVL-MaLR	2167	-	192	102038893	1498
chr1	102037395	102237395	harbor2	chr1	102109303	102109583	LTR/ERVL-MaLR	1816	-	140	102109443	72048
chr1	102037395	102237395	harbor2	chr1	102109584	102111116	LTR/ERVL-MaLR	10012	-	766	102110350	72955
chr1	102037395	102237395	harbor2	chr1	102111117	102111463	LTR/ERVL-MaLR	2323	-	173	102111290	73895
chr1	102037395	102237395	harbor2	chr1	102111464	102111819	LTR/ERVL-MaLR	1679	-	178	102111642	74247
chr1	171376014	171576014	harbor2	chr1	171399197	171399571	LTR/ERVL-MaLR	1846	-	187	171399384	23370
chr1	171376014	171576014	harbor2	chr1	171437269	171437464	LTR/ERVL-MaLR	1967	-	98	171437367	61353
chr1	171376014	171576014	harbor2	chr1	171437774	171437799	LTR/ERVL-MaLR	1967	-	12	171437786	61772
chr1	171376014	171576014	harbor2	chr1	171438124	171438300	LTR/ERVL-MaLR	1967	-	88	171438212	62198
chr1	171376014	171576014	harbor2	chr1	171440191	171440613	LTR/ERVL-MaLR	1977	-	211	171440402	64388
chr1	171376014	171576014	harbor2	chr1	171473027	171473387	LTR/ERVL-MaLR	2725	-	180	171473207	97193
chr1	220257701	220457701	harbor2	chr1	220282397	220282789	LTR/ERVL-MaLR	1701	-	196	220282593	24892
chr1	220257701	220457701	harbor2	chr1	220317820	220318184	LTR/ERVL-MaLR	1808	-	182	220318002	60301
chr1	220257701	220457701	harbor2	chr1	220331389	220331811	LTR/ERVL-MaLR	1054	-	211	220331600	73899
chr1	220257701	220457701	harbor2	chr1	220342484	220342548	LTR/ERVL-MaLR	1006	-	32	220342516	84815
chr1	220257701	220457701	harbor2	chr1	220342853	220343267	LTR/ERVL-MaLR	1006	-	207	220343060	85359
chr1	220257701	220457701	harbor2	chr1	220343873	220344119	LTR/ERVL-MaLR	978	-	123	220343996	86295
chr1	192298548	192498548	harbor2	chr1	192340544	192340633	LTR/ERVL-MaLR	1648	-	44	192340588	42040
chr1	192298548	192498548	harbor2	chr1	192340634	192340988	LTR/ERVL-MaLR	2120	-	177	192340811	42263
chr1	192298548	192498548	harbor2	chr1	192340989	192341360	LTR/ERVL-MaLR	1648	-	186	192341175	42627
chr1	192298548	192498548	harbor2	chr1	192380711	192381140	LTR/ERVL-MaLR	1795	-	214	192380925	82377
chr1	225098806	225298806	harbor2	chr1	225131190	225131706	LTR/ERVL-MaLR	2203	-	258	225131448	32642
chr1	225098806	225298806	harbor2	chr1	225156251	225156458	LTR/ERVL-MaLR	630	-	104	225156355	57549
chr1	225098806	225298806	harbor2	chr1	225156601	225156706	LTR/ERVL-MaLR	438	-	52	225156653	57847
chr1	225098806	225298806	harbor2	chr1	225157015	225157102	LTR/ERVL-MaLR	438	-	44	225157059	58253
chr1	225098806	225298806	harbor2	chr1	225178207	225178559	LTR/ERVL-MaLR	2501	-	176	225178383	79577
chr1	225098806	225298806	harbor2	chr1	225180331	225180740	LTR/ERVL-MaLR	2081	-	204	225180535	81729
chr1	230252696	230452696	harbor2	chr1	230255863	230256156	LTR/ERVL-MaLR	1421	-	146	230256009	3313
chr1	230252696	230452696	harbor2	chr1	230256462	230256541	LTR/ERVL-MaLR	1421	-	40	230256502	3806
chr1	230252696	230452696	harbor2	chr1	230284885	230285238	LTR/ERVL-MaLR	830	-	176	230285061	32365
chr1	230252696	230452696	harbor2	chr1	230299956	230300473	LTR/ERVL-MaLR	1617	-	258	230300214	47518
chr1	230252696	230452696	harbor2	chr1	230305277	230305506	LTR/ERVL-MaLR	2221	-	114	230305391	52695
chr1	230252696	230452696	harbor2	chr1	230306119	230306315	LTR/ERVL-MaLR	2221	-	98	230306217	53521
chr1	230252696	230452696	harbor2	chr1	230338185	230338517	LTR/ERVL-MaLR	1967	-	166	230338351	85655
chr1	230252696	230452696	harbor2	chr1	230338831	230339089	LTR/ERVL-MaLR	1967	-	129	230338960	86264
chr1	65904856	66104856	harbor2	chr1	65924519	65925059	LTR/ERVL-MaLR	2018	-	270	65924789	19933
chr1	65904856	66104856	harbor2	chr1	65969074	65969457	LTR/ERVL-MaLR	840	-	192	65969266	64410
chr1	238453855	238653855	harbor2	chr1	238520551	238520958	LTR/ERVL-MaLR	548	-	204	238520755	66900
chr1	238453855	238653855	harbor2	chr1	238523592	238523983	LTR/ERVL-MaLR	1965	-	196	238523788	69933
chr1	238453855	238653855	harbor2	chr1	238545057	238545405	LTR/ERVL-MaLR	2505	-	174	238545231	91376
chr1	238453855	238653855	harbor2	chr1	238545406	238546488	LTR/ERVL-MaLR	11386	-	541	238545947	92092
chr1	238453855	238653855	harbor2	chr1	238546777	238547262	LTR/ERVL-MaLR	11386	-	242	238547019	93164
chr1	238453855	238653855	harbor2	chr1	238547263	238547608	LTR/ERVL-MaLR	2376	-	172	238547435	93580
chr1	238453855	238653855	harbor2	chr1	238550088	238550397	LTR/ERVL-MaLR	1770	-	154	238550242	96387
chr1	231714762	231914762	harbor2	chr1	231714802	231714981	LTR/ERVL-MaLR	586	-	90	231714892	130
chr1	231714762	231914762	harbor2	chr1	231752176	231752599	LTR/ERVL-MaLR	2901	-	212	231752388	37626
chr1	231714762	231914762	harbor2	chr1	231752600	231754223	LTR/ERVL-MaLR	10128	-	812	231753412	38650
chr1	231714762	231914762	harbor2	chr1	231754224	231754637	LTR/ERVL-MaLR	2848	-	206	231754430	39668
chr1	231714762	231914762	harbor2	chr1	231787221	231787660	LTR/ERVL-MaLR	1412	-	220	231787441	72679
chr1	231714762	231914762	harbor2	chr1	231787915	231788001	LTR/ERVL-MaLR	1394	-	43	231787958	73196
chr1	231714762	231914762	harbor2	chr1	231788301	231788606	LTR/ERVL-MaLR	1394	-	152	231788453	73691
chr1	231714762	231914762	harbor2	chr1	231790290	231790507	LTR/ERVL-MaLR	2359	-	108	231790398	75636
chr1	231714762	231914762	harbor2	chr1	231790818	231790995	LTR/ERVL-MaLR	2359	-	88	231790906	76144
chr1	231714762	231914762	harbor2	chr1	231797349	231797716	LTR/ERVL-MaLR	1617	-	184	231797533	82771
chr1	231714762	231914762	harbor2	chr1	231802531	231802986	LTR/ERVL-MaLR	1061	-	228	231802759	87997
chr1	231714762	231914762	harbor2	chr1	231802994	231803125	LTR/ERVL-MaLR	560	-	66	231803060	88298
chr1	231714762	231914762	harbor2	chr1	231803122	231803274	LTR/ERVL-MaLR	569	-	76	231803198	88436
chr1	231714762	231914762	harbor2	chr1	231803324	231803667	LTR/ERVL-MaLR	1837	-	172	231803496	88734
chr1	231714762	231914762	harbor2	chr1	231803975	231804149	LTR/ERVL-MaLR	1837	-	87	231804062	89300
chr1	231714762	231914762	harbor2	chr1	231805282	231805799	LTR/ERVL-MaLR	2166	-	258	231805540	90778
chr1	246665785	246865785	harbor2	chr1	246703619	246704133	LTR/ERVL-MaLR	1198	-	257	246703876	38091
chr1	246665785	246865785	harbor2	chr1	246711445	246711529	LTR/ERVL-MaLR	2036	-	42	246711487	45702
chr1	246665785	246865785	harbor2	chr1	246722066	246722480	LTR/ERVL-MaLR	2380	-	207	246722273	56488
chr1	246665785	246865785	harbor2	chr1	246746995	246747159	LTR/ERVL-MaLR	493	-	82	246747077	81292
chr1	246665785	246865785	harbor2	chr1	246710243	246710587	LTR/ERVL-MaLR	2036	-	172	246710415	44630
chr1	245437820	245637820	harbor2	chr1	245523442	245523803	LTR/ERVL-MaLR	2093	-	180	245523622	85802
chr1	245437820	245637820	harbor2	chr1	245536551	245537113	LTR/ERVL-MaLR	1944	-	281	245536832	99012
chr1	166085398	166285398	harbor2	chr1	166184421	166184801	LTR/ERVL-MaLR	1640	-	190	166184611	99213
chr1	206639002	206839002	harbor2	chr1	206680973	206681450	LTR/ERVL-MaLR	1229	-	238	206681211	42209
chr1	206639002	206839002	harbor2	chr1	206697329	206697739	LTR/ERVL-MaLR	2512	-	205	206697534	58532
chr1	206639002	206839002	harbor2	chr1	206727608	206727624	LTR/ERVL-MaLR	562	-	8	206727616	88614
chr1	206639002	206839002	harbor2	chr1	206727922	206728078	LTR/ERVL-MaLR	562	-	78	206728000	88998
chr1	206639002	206839002	harbor2	chr1	206735427	206735871	LTR/ERVL-MaLR	1597	-	222	206735649	96647
chr1	244929432	245129432	harbor2	chr1	244946351	244946436	LTR/ERVL-MaLR	439	-	42	244946393	16961
chr1	244929432	245129432	harbor2	chr1	244992794	244993271	LTR/ERVL-MaLR	1423	-	238	244993032	63600
chr1	244929432	245129432	harbor2	chr1	244993272	244993585	LTR/ERVL-MaLR	1387	-	156	244993428	63996
chr1	244929432	245129432	harbor2	chr1	244993586	244993946	LTR/ERVL-MaLR	1841	-	180	244993766	64334
chr1	244929432	245129432	harbor2	chr1	244993983	244994426	LTR/ERVL-MaLR	3624	-	222	244994205	64773
chr1	244929432	245129432	harbor2	chr1	244994726	244995080	LTR/ERVL-MaLR	3624	-	177	244994903	65471
chr1	244929432	245129432	harbor2	chr1	244995645	244995953	LTR/ERVL-MaLR	3624	-	154	244995799	66367
chr1	244929432	245129432	harbor2	chr1	244995984	244996436	LTR/ERVL-MaLR	1517	-	226	244996210	66778
chr1	244929432	245129432	harbor2	chr1	244998608	244998726	LTR/ERVL-MaLR	443	-	59	244998667	69235
chr1	244929432	245129432	harbor2	chr1	244998838	244998965	LTR/ERVL-MaLR	442	-	64	244998902	69470
chr1	199463082	199663082	harbor2	chr1	199464425	199464599	LTR/ERVL-MaLR	1128	-	87	199464512	1430
chr1	199463082	199663082	harbor2	chr1	199464721	199465056	LTR/ERVL-MaLR	1827	-	168	199464889	1807
chr1	199463082	199663082	harbor2	chr1	199468825	199469123	LTR/ERVL-MaLR	1613	-	149	199468974	5892
chr1	199463082	199663082	harbor2	chr1	199469292	199469600	LTR/ERVL-MaLR	1531	-	154	199469446	6364
chr1	199463082	199663082	harbor2	chr1	199474026	199474512	LTR/ERVL-MaLR	1591	-	243	199474269	11187
chr1	199463082	199663082	harbor2	chr1	199486902	199487258	LTR/ERVL-MaLR	1505	-	178	199487080	23998
chr1	199463082	199663082	harbor2	chr1	199490007	199490387	LTR/ERVL-MaLR	1427	-	190	199490197	27115
chr1	199463082	199663082	harbor2	chr1	199528798	199529172	LTR/ERVL-MaLR	1872	-	187	199528985	65903
chr1	114303921	114503921	harbor2	chr1	114313864	114314216	LTR/ERVL-MaLR	2469	-	176	114314040	10119
chr1	114303921	114503921	harbor2	chr1	114331015	114331475	LTR/ERVL-MaLR	1584	-	230	114331245	27324
chr1	114303921	114503921	harbor2	chr1	114340718	114341114	LTR/ERVL-MaLR	2473	-	198	114340916	36995
chr1	174021300	174221300	harbor2	chr1	174046692	174047030	LTR/ERVL-MaLR	1654	-	169	174046861	25561
chr1	174021300	174221300	harbor2	chr1	174066476	174067026	LTR/ERVL-MaLR	2144	-	275	174066751	45451
chr1	235471663	235671663	harbor2	chr1	235531904	235532220	LTR/ERVL-MaLR	2549	-	158	235532062	60399
chr1	235471663	235671663	harbor2	chr1	235532740	235532819	LTR/ERVL-MaLR	2549	-	40	235532780	61117
chr1	235471663	235671663	harbor2	chr1	235519880	235520024	LTR/ERVL-MaLR	1015	-	72	235519952	48289
chr1	58553333	58753333	harbor2	chr1	58557016	58557189	LTR/ERVL-MaLR	598	-	86	58557102	3769
chr1	58553333	58753333	harbor2	chr1	58570736	58570978	LTR/ERVL-MaLR	594	-	121	58570857	17524
chr1	58553333	58753333	harbor2	chr1	58609158	58609352	LTR/ERVL-MaLR	429	-	97	58609255	55922
chr1	58553333	58753333	harbor2	chr1	58610248	58610615	LTR/ERVL-MaLR	2296	-	184	58610432	57099
chr1	58553333	58753333	harbor2	chr1	58618370	58618803	LTR/ERVL-MaLR	753	-	216	58618586	65253
chr1	247233004	247433004	harbor2	chr1	247269314	247270372	LTR/ERVL-MaLR	6219	-	529	247269843	36839
chr1	247233004	247433004	harbor2	chr1	247271564	247272092	LTR/ERVL-MaLR	3101	-	264	247271828	38824
chr1	247233004	247433004	harbor2	chr1	247272093	247272516	LTR/ERVL-MaLR	2740	-	212	247272305	39301
chr1	247233004	247433004	harbor2	chr1	247277236	247277547	LTR/ERVL-MaLR	1641	-	156	247277392	44388
chr1	247233004	247433004	harbor2	chr1	247279460	247279527	LTR/ERVL-MaLR	546	-	34	247279494	46490
chr1	247233004	247433004	harbor2	chr1	247279834	247279907	LTR/ERVL-MaLR	546	-	36	247279870	46866
chr1	247233004	247433004	harbor2	chr1	247283970	247284132	LTR/ERVL-MaLR	1799	-	81	247284051	51047
chr1	247233004	247433004	harbor2	chr1	247284187	247284389	LTR/ERVL-MaLR	1799	-	101	247284288	51284
chr1	247233004	247433004	harbor2	chr1	247310511	247310870	LTR/ERVL-MaLR	1740	-	180	247310691	77687
chr1	247233004	247433004	harbor2	chr1	247310872	247311118	LTR/ERVL-MaLR	2709	-	123	247310995	77991
chr1	247233004	247433004	harbor2	chr1	247311464	247312479	LTR/ERVL-MaLR	2745	-	508	247311972	78968
chr1	247233004	247433004	harbor2	chr1	247312762	247312904	LTR/ERVL-MaLR	2745	-	71	247312833	79829
chr1	247233004	247433004	harbor2	chr1	247312907	247313278	LTR/ERVL-MaLR	1680	-	186	247313093	80089
chr1	182513510	182713510	harbor2	chr1	182527970	182528326	LTR/ERVL-MaLR	2163	-	178	182528148	14638
chr1	182513510	182713510	harbor2	chr1	182528328	182528750	LTR/ERVL-MaLR	2731	-	211	182528539	15029
chr1	182513510	182713510	harbor2	chr1	182528771	182529126	LTR/ERVL-MaLR	2040	-	178	182528949	15439
chr1	182513510	182713510	harbor2	chr1	182536585	182536926	LTR/ERVL-MaLR	2263	-	170	182536755	23245
chr1	182513510	182713510	harbor2	chr1	182552618	182552902	LTR/ERVL-MaLR	1585	-	142	182552760	39250
chr1	182513510	182713510	harbor2	chr1	182553203	182553299	LTR/ERVL-MaLR	1585	-	48	182553251	39741
chr1	182513510	182713510	harbor2	chr1	182558363	182558955	LTR/ERVL-MaLR	2349	-	296	182558659	45149
chr1	182513510	182713510	harbor2	chr1	182572555	182572801	LTR/ERVL-MaLR	1038	-	123	182572678	59168
chr1	209241036	209441036	harbor2	chr1	209287647	209287849	LTR/ERVL-MaLR	453	-	101	209287748	46712
chr1	209241036	209441036	harbor2	chr1	209317898	209318267	LTR/ERVL-MaLR	1967	-	184	209318082	77046
chr1	209241036	209441036	harbor2	chr1	209320872	209321027	LTR/ERVL-MaLR	700	-	78	209320950	79914
chr1	209241036	209441036	harbor2	chr1	209331160	209331512	LTR/ERVL-MaLR	432	-	176	209331336	90300
chr1	227465916	227665916	harbor2	chr1	227486542	227486909	LTR/ERVL-MaLR	1667	-	184	227486726	20810
chr1	227465916	227665916	harbor2	chr1	227486914	227488042	LTR/ERVL-MaLR	10341	-	564	227487478	21562
chr1	227465916	227665916	harbor2	chr1	227488334	227488726	LTR/ERVL-MaLR	10341	-	196	227488530	22614
chr1	227465916	227665916	harbor2	chr1	227488727	227489091	LTR/ERVL-MaLR	1942	-	182	227488909	22993
chr1	227465916	227665916	harbor2	chr1	227503797	227504006	LTR/ERVL-MaLR	2408	-	104	227503901	37985
chr1	227465916	227665916	harbor2	chr1	227504297	227504449	LTR/ERVL-MaLR	2408	-	76	227504373	38457
chr1	227465916	227665916	harbor2	chr1	227519066	227519353	LTR/ERVL-MaLR	674	-	144	227519210	53294
chr1	113088148	113288148	harbor2	chr1	113134843	113135229	LTR/ERVL-MaLR	2231	-	193	113135036	46888
chr1	113088148	113288148	harbor2	chr1	113156091	113156502	LTR/ERVL-MaLR	2695	-	206	113156297	68149
chr1	113088148	113288148	harbor2	chr1	113165685	113166114	LTR/ERVL-MaLR	1842	-	214	113165899	77751
chr1	227212491	227412491	harbor2	chr1	227267557	227267916	LTR/ERVL-MaLR	2229	-	180	227267737	55246
chr1	227212491	227412491	harbor2	chr1	227285888	227286660	LTR/ERVL-MaLR	3505	-	386	227286274	73783
chr1	227212491	227412491	harbor2	chr1	227286669	227287116	LTR/ERVL-MaLR	1887	-	224	227286893	74402
chr1	227212491	227412491	harbor2	chr1	227295583	227295947	LTR/ERVL-MaLR	706	-	182	227295765	83274
chr1	211170860	211370860	harbor2	chr1	211196980	211197326	LTR/ERVL-MaLR	1505	-	173	211197153	26293
chr1	211170860	211370860	harbor2	chr1	211204238	211204782	LTR/ERVL-MaLR	1785	-	272	211204510	33650
chr1	44531845	44731845	harbor2	chr1	44614874	44615454	LTR/ERVL-MaLR	2588	-	290	44615164	83319
chr1	44531845	44731845	harbor2	chr1	44615781	44616326	LTR/ERVL-MaLR	2520	-	272	44616053	84208
chr1	44531845	44731845	harbor2	chr1	44628922	44629360	LTR/ERVL-MaLR	920	-	219	44629141	97296
chr1	203511550	203711550	harbor2	chr1	203539898	203540350	LTR/ERVL-MaLR	761	-	226	203540124	28574
chr1	203511550	203711550	harbor2	chr1	203555053	203555304	LTR/ERVL-MaLR	746	-	126	203555179	43629
chr1	203511550	203711550	harbor2	chr1	203558490	203558615	LTR/ERVL-MaLR	508	-	62	203558552	47002
chr1	203511550	203711550	harbor2	chr1	203562444	203562822	LTR/ERVL-MaLR	2282	-	189	203562633	51083
chr1	164977481	165177481	harbor2	chr1	164980564	164980915	LTR/ERVL-MaLR	1504	-	176	164980740	3259
chr1	164977481	165177481	harbor2	chr1	165023624	165023981	LTR/ERVL-MaLR	1165	-	178	165023802	46321
chr1	164977481	165177481	harbor2	chr1	165041014	165041379	LTR/ERVL-MaLR	1103	-	182	165041196	63715
chr1	164977481	165177481	harbor2	chr1	165046388	165046770	LTR/ERVL-MaLR	1827	-	191	165046579	69098
chr1	164977481	165177481	harbor2	chr1	165052103	165052509	LTR/ERVL-MaLR	816	-	203	165052306	74825
chr1	246205223	246405223	harbor2	chr1	246229540	246229853	LTR/ERVL-MaLR	798	-	156	246229696	24473
chr1	115293225	115493225	harbor2	chr1	115351727	115352110	LTR/ERVL-MaLR	900	-	192	115351919	58694
chr1	115293225	115493225	harbor2	chr1	115356618	115356978	LTR/ERVL-MaLR	1692	-	180	115356798	63573
chr1	115293225	115493225	harbor2	chr1	115371912	115372271	LTR/ERVL-MaLR	753	-	180	115372092	78867
chr1	77829601	78029601	harbor2	chr1	77850056	77850400	LTR/ERVL-MaLR	1589	-	172	77850228	20627
chr1	77829601	78029601	harbor2	chr1	77882023	77882321	LTR/ERVL-MaLR	1331	-	149	77882172	52571
chr1	77829601	78029601	harbor2	chr1	77882454	77882666	LTR/ERVL-MaLR	1331	-	106	77882560	52959
chr1	77829601	78029601	harbor2	chr1	77918963	77919323	LTR/ERVL-MaLR	2440	-	180	77919143	89542
chr1	77829601	78029601	harbor2	chr1	77919447	77919582	LTR/ERVL-MaLR	690	-	68	77919515	89914
chr1	169740664	169940664	harbor2	chr1	169741971	169742526	LTR/ERVL-MaLR	2269	-	278	169742249	1585
chr1	169740664	169940664	harbor2	chr1	169742527	169742881	LTR/ERVL-MaLR	2230	-	177	169742704	2040
chr1	169740664	169940664	harbor2	chr1	169742882	169742964	LTR/ERVL-MaLR	1930	-	41	169742923	2259
chr1	169740664	169940664	harbor2	chr1	169757456	169757800	LTR/ERVL-MaLR	2346	-	172	169757628	16964
chr1	169740664	169940664	harbor2	chr1	169757803	169758331	LTR/ERVL-MaLR	9768	-	264	169758067	17403
chr1	169740664	169940664	harbor2	chr1	169758631	169759657	LTR/ERVL-MaLR	9768	-	513	169759144	18480
chr1	169740664	169940664	harbor2	chr1	169759658	169759992	LTR/ERVL-MaLR	2338	-	167	169759825	19161
chr1	169740664	169940664	harbor2	chr1	169809885	169810240	LTR/ERVL-MaLR	1703	-	178	169810063	69399
chr1	169740664	169940664	harbor2	chr1	169810325	169810721	LTR/ERVL-MaLR	1677	-	198	169810523	69859
chr1	231702696	231902696	harbor2	chr1	231710511	231710899	LTR/ERVL-MaLR	2184	-	194	231710705	8009
chr1	231702696	231902696	harbor2	chr1	231714802	231714981	LTR/ERVL-MaLR	586	-	90	231714892	12196
chr1	231702696	231902696	harbor2	chr1	231752176	231752599	LTR/ERVL-MaLR	2901	-	212	231752388	49692
chr1	231702696	231902696	harbor2	chr1	231752600	231754223	LTR/ERVL-MaLR	10128	-	812	231753412	50716
chr1	231702696	231902696	harbor2	chr1	231754224	231754637	LTR/ERVL-MaLR	2848	-	206	231754430	51734
chr1	231702696	231902696	harbor2	chr1	231787221	231787660	LTR/ERVL-MaLR	1412	-	220	231787441	84745
chr1	231702696	231902696	harbor2	chr1	231787915	231788001	LTR/ERVL-MaLR	1394	-	43	231787958	85262
chr1	231702696	231902696	harbor2	chr1	231788301	231788606	LTR/ERVL-MaLR	1394	-	152	231788453	85757
chr1	231702696	231902696	harbor2	chr1	231790290	231790507	LTR/ERVL-MaLR	2359	-	108	231790398	87702
chr1	231702696	231902696	harbor2	chr1	231790818	231790995	LTR/ERVL-MaLR	2359	-	88	231790906	88210
chr1	231702696	231902696	harbor2	chr1	231797349	231797716	LTR/ERVL-MaLR	1617	-	184	231797533	94837
chr1	245298974	245498974	harbor2	chr1	245348362	245348718	LTR/ERVL-MaLR	1880	-	178	245348540	49566
chr1	245298974	245498974	harbor2	chr1	245368589	245368850	LTR/ERVL-MaLR	755	-	130	245368719	69745
chr1	245298974	245498974	harbor2	chr1	245376626	245376678	LTR/ERVL-MaLR	863	-	26	245376652	77678
chr1	245298974	245498974	harbor2	chr1	245377215	245377487	LTR/ERVL-MaLR	863	-	136	245377351	78377
chr1	168053211	168253211	harbor2	chr1	168054154	168054543	LTR/ERVL-MaLR	2195	-	194	168054348	1137
chr1	168053211	168253211	harbor2	chr1	168107954	168108377	LTR/ERVL-MaLR	2202	-	212	168108166	54955
chr1	168053211	168253211	harbor2	chr1	168127534	168127851	LTR/ERVL-MaLR	1827	-	158	168127692	74481
chr1	168053211	168253211	harbor2	chr1	168141816	168142319	LTR/ERVL-MaLR	1750	-	252	168142068	88857
chr1	175564103	175764103	harbor2	chr1	175622653	175623100	LTR/ERVL-MaLR	2055	-	224	175622877	58774
chr1	95955950	96155950	harbor2	chr1	95997036	95997410	LTR/ERVL-MaLR	2607	-	187	95997223	41273
chr1	95955950	96155950	harbor2	chr1	96018799	96019226	LTR/ERVL-MaLR	1875	-	214	96019013	63063
chr1	228963634	229163634	harbor2	chr1	228985432	228985824	LTR/ERVL-MaLR	2014	-	196	228985628	21994
chr1	228963634	229163634	harbor2	chr1	229002017	229002433	LTR/ERVL-MaLR	2363	-	208	229002225	38591
chr1	228963634	229163634	harbor2	chr1	229002779	229003134	LTR/ERVL-MaLR	1886	-	178	229002957	39323
chr1	228963634	229163634	harbor2	chr1	229018838	229019207	LTR/ERVL-MaLR	2040	-	184	229019022	55388
chr1	228963634	229163634	harbor2	chr1	228999135	228999365	LTR/ERVL-MaLR	418	-	115	228999250	35616
chr1	245328212	245528212	harbor2	chr1	245348362	245348718	LTR/ERVL-MaLR	1880	-	178	245348540	20328
chr1	245328212	245528212	harbor2	chr1	245368589	245368850	LTR/ERVL-MaLR	755	-	130	245368719	40507
chr1	245328212	245528212	harbor2	chr1	245376626	245376678	LTR/ERVL-MaLR	863	-	26	245376652	48440
chr1	245328212	245528212	harbor2	chr1	245377215	245377487	LTR/ERVL-MaLR	863	-	136	245377351	49139
chr1	94636503	94836503	harbor2	chr1	94677808	94677976	LTR/ERVL-MaLR	452	-	84	94677892	41389
chr1	94636503	94836503	harbor2	chr1	94680321	94680673	LTR/ERVL-MaLR	1564	-	176	94680497	43994
chr1	94636503	94836503	harbor2	chr1	94686426	94686778	LTR/ERVL-MaLR	2638	-	176	94686602	50099
chr1	94636503	94836503	harbor2	chr1	94690495	94690836	LTR/ERVL-MaLR	694	-	170	94690665	54162
chr1	94636503	94836503	harbor2	chr1	94691143	94691233	LTR/ERVL-MaLR	694	-	45	94691188	54685
chr1	94636503	94836503	harbor2	chr1	94711773	94712041	LTR/ERVL-MaLR	1392	-	134	94711907	75404
chr1	94636503	94836503	harbor2	chr1	94712419	94712506	LTR/ERVL-MaLR	1392	-	44	94712463	75960
chr1	94636503	94836503	harbor2	chr1	94724371	94724425	LTR/ERVL-MaLR	424	-	27	94724398	87895
chr1	94636503	94836503	harbor2	chr1	94724616	94724934	LTR/ERVL-MaLR	1037	-	159	94724775	88272
chr1	94636503	94836503	harbor2	chr1	94734960	94735069	LTR/ERVL-MaLR	473	-	54	94735014	98511
chr1	169465864	169665864	harbor2	chr1	169498607	169498963	LTR/ERVL-MaLR	1735	-	178	169498785	32921
chr1	68304497	68504497	harbor2	chr1	68317497	68317866	LTR/ERVL-MaLR	938	-	184	68317681	13184
chr1	68304497	68504497	harbor2	chr1	68324268	68324730	LTR/ERVL-MaLR	884	-	231	68324499	20002
chr1	68304497	68504497	harbor2	chr1	68326975	68327271	LTR/ERVL-MaLR	434	-	148	68327123	22626
chr1	68304497	68504497	harbor2	chr1	68327326	68327497	LTR/ERVL-MaLR	434	-	86	68327412	22915
chr1	68304497	68504497	harbor2	chr1	68328159	68328581	LTR/ERVL-MaLR	1795	-	211	68328370	23873
chr1	68304497	68504497	harbor2	chr1	68368392	68368861	LTR/ERVL-MaLR	1688	-	234	68368626	64129
chr1	68304497	68504497	harbor2	chr1	68371315	68371688	LTR/ERVL-MaLR	1761	-	186	68371501	67004
chr1	68304497	68504497	harbor2	chr1	68380374	68380733	LTR/ERVL-MaLR	2084	-	180	68380554	76057
chr1	68304497	68504497	harbor2	chr1	68395023	68395378	LTR/ERVL-MaLR	2332	-	178	68395201	90704
chr1	68304497	68504497	harbor2	chr1	68395381	68396913	LTR/ERVL-MaLR	11251	-	766	68396147	91650
chr1	68304497	68504497	harbor2	chr1	68396914	68397268	LTR/ERVL-MaLR	2287	-	177	68397091	92594
chr1	216117544	216317544	harbor2	chr1	216137241	216137483	LTR/ERVL-MaLR	1802	-	121	216137362	19818
chr1	216087751	216287751	harbor2	chr1	216137241	216137483	LTR/ERVL-MaLR	1802	-	121	216137362	49611
chr1	198256296	198456296	harbor2	chr1	198265118	198265311	LTR/ERVL-MaLR	610	-	96	198265214	8918
chr1	198256296	198456296	harbor2	chr1	198270759	198271389	LTR/ERVL-MaLR	2259	-	315	198271074	14778
chr1	198256296	198456296	harbor2	chr1	198285341	198285744	LTR/ERVL-MaLR	715	-	202	198285543	29247
chr1	198256296	198456296	harbor2	chr1	198286561	198287034	LTR/ERVL-MaLR	1526	-	236	198286797	30501
chr1	198256296	198456296	harbor2	chr1	198336605	198337021	LTR/ERVL-MaLR	1873	-	208	198336813	80517
chr1	198256296	198456296	harbor2	chr1	198349689	198349868	LTR/ERVL-MaLR	765	-	90	198349779	93483
chr1	241404803	241604803	harbor2	chr1	241411219	241411417	LTR/ERVL-MaLR	464	-	99	241411318	6515
chr1	241404803	241604803	harbor2	chr1	241411532	241412005	LTR/ERVL-MaLR	1063	-	236	241411768	6965
chr1	241404803	241604803	harbor2	chr1	241412371	241412995	LTR/ERVL-MaLR	1063	-	312	241412683	7880
chr1	241404803	241604803	harbor2	chr1	241442100	241442263	LTR/ERVL-MaLR	1813	-	82	241442182	37379
chr1	241404803	241604803	harbor2	chr1	241442264	241442664	LTR/ERVL-MaLR	2449	-	200	241442464	37661
chr1	241404803	241604803	harbor2	chr1	241442665	241442782	LTR/ERVL-MaLR	1813	-	58	241442723	37920
chr1	241404803	241604803	harbor2	chr1	241443292	241443460	LTR/ERVL-MaLR	635	-	84	241443376	38573
chr1	241404803	241604803	harbor2	chr1	241443490	241443710	LTR/ERVL-MaLR	418	-	110	241443600	38797
chr1	241404803	241604803	harbor2	chr1	241461580	241461892	LTR/ERVL-MaLR	1109	-	156	241461736	56933
chr1	241404803	241604803	harbor2	chr1	241466484	241466909	LTR/ERVL-MaLR	2853	-	212	241466696	61893
chr1	238029745	238229745	harbor2	chr1	238057687	238058043	LTR/ERVL-MaLR	2246	-	178	238057865	28120
chr1	238029745	238229745	harbor2	chr1	238059622	238059988	LTR/ERVL-MaLR	2206	-	183	238059805	30060
chr1	238029745	238229745	harbor2	chr1	238074409	238074771	LTR/ERVL-MaLR	1876	-	181	238074590	44845
chr1	238029745	238229745	harbor2	chr1	238076375	238076741	LTR/ERVL-MaLR	1932	-	183	238076558	46813
chr1	238029745	238229745	harbor2	chr1	238089535	238089722	LTR/ERVL-MaLR	692	-	94	238089629	59884
chr1	238029745	238229745	harbor2	chr1	238092447	238092616	LTR/ERVL-MaLR	438	-	84	238092531	62786
chr1	238029745	238229745	harbor2	chr1	238092649	238093003	LTR/ERVL-MaLR	2165	-	177	238092826	63081
chr1	238029745	238229745	harbor2	chr1	238097561	238097771	LTR/ERVL-MaLR	934	-	105	238097666	67921
chr1	238029745	238229745	harbor2	chr1	238098082	238098107	LTR/ERVL-MaLR	934	-	12	238098094	68349
chr1	238029745	238229745	harbor2	chr1	238099099	238099425	LTR/ERVL-MaLR	1383	-	163	238099262	69517
chr1	238029745	238229745	harbor2	chr1	238099930	238100321	LTR/ERVL-MaLR	2139	-	196	238100126	70381
chr1	238029745	238229745	harbor2	chr1	238103803	238104164	LTR/ERVL-MaLR	1984	-	180	238103983	74238
chr1	238029745	238229745	harbor2	chr1	238105064	238105457	LTR/ERVL-MaLR	1499	-	196	238105260	75515
chr1	238029745	238229745	harbor2	chr1	238058071	238059621	LTR/ERVL-MaLR	11387	-	775	238058846	29101
chr1	238029745	238229745	harbor2	chr1	238074772	238076373	LTR/ERVL-MaLR	11096	-	800	238075572	45827
chr1	212211688	212411688	harbor2	chr1	212212487	212212717	LTR/ERVL-MaLR	813	-	115	212212602	914
chr1	212211688	212411688	harbor2	chr1	212217292	212217658	LTR/ERVL-MaLR	1841	-	183	212217475	5787
chr1	212211688	212411688	harbor2	chr1	212217721	212218059	LTR/ERVL-MaLR	531	-	169	212217890	6202
chr1	212211688	212411688	harbor2	chr1	212237282	212237355	LTR/ERVL-MaLR	1740	-	36	212237318	25630
chr1	212211688	212411688	harbor2	chr1	212237553	212237916	LTR/ERVL-MaLR	1740	-	182	212237735	26047
chr1	212211688	212411688	harbor2	chr1	212241427	212241684	LTR/ERVL-MaLR	443	-	128	212241555	29867
chr1	150000998	150200998	harbor2	chr1	150026104	150026342	LTR/ERVL-MaLR	918	-	119	150026223	25225
chr1	106642132	106842132	harbor2	chr1	106647346	106647785	LTR/ERVL-MaLR	1431	-	220	106647566	5434
chr1	106642132	106842132	harbor2	chr1	106647822	106648557	LTR/ERVL-MaLR	1450	-	368	106648190	6058
chr1	106642132	106842132	harbor2	chr1	106649632	106650401	LTR/ERVL-MaLR	2640	-	384	106650016	7884
chr1	106642132	106842132	harbor2	chr1	106650403	106650536	LTR/ERVL-MaLR	649	-	66	106650469	8337
chr1	106642132	106842132	harbor2	chr1	106655206	106655567	LTR/ERVL-MaLR	1958	-	180	106655386	13254
chr1	106642132	106842132	harbor2	chr1	106655568	106656936	LTR/ERVL-MaLR	8665	-	684	106656252	14120
chr1	106642132	106842132	harbor2	chr1	106656937	106657295	LTR/ERVL-MaLR	2118	-	179	106657116	14984
chr1	106642132	106842132	harbor2	chr1	106667534	106667895	LTR/ERVL-MaLR	1754	-	180	106667714	25582
chr1	106642132	106842132	harbor2	chr1	106684083	106684641	LTR/ERVL-MaLR	1948	-	279	106684362	42230
chr1	106642132	106842132	harbor2	chr1	106685026	106685062	LTR/ERVL-MaLR	1948	-	18	106685044	42912
chr1	248058849	248258849	harbor2	chr1	248110482	248110803	LTR/ERVL-MaLR	1590	-	160	248110642	51793
chr1	248058849	248258849	harbor2	chr1	248144086	248144485	LTR/ERVL-MaLR	1666	-	200	248144286	85437
chr1	238096011	238296011	harbor2	chr1	238097561	238097771	LTR/ERVL-MaLR	934	-	105	238097666	1655
chr1	238096011	238296011	harbor2	chr1	238098082	238098107	LTR/ERVL-MaLR	934	-	12	238098094	2083
chr1	238096011	238296011	harbor2	chr1	238099099	238099425	LTR/ERVL-MaLR	1383	-	163	238099262	3251
chr1	238096011	238296011	harbor2	chr1	238099930	238100321	LTR/ERVL-MaLR	2139	-	196	238100126	4115
chr1	238096011	238296011	harbor2	chr1	238103803	238104164	LTR/ERVL-MaLR	1984	-	180	238103983	7972
chr1	238096011	238296011	harbor2	chr1	238105064	238105457	LTR/ERVL-MaLR	1499	-	196	238105260	9249
chr1	238096011	238296011	harbor2	chr1	238149708	238150098	LTR/ERVL-MaLR	750	-	195	238149903	53892
chr1	238096011	238296011	harbor2	chr1	238150101	238150913	LTR/ERVL-MaLR	1211	-	406	238150507	54496
chr1	238096011	238296011	harbor2	chr1	238151042	238151522	LTR/ERVL-MaLR	907	-	240	238151282	55271
chr1	238096011	238296011	harbor2	chr1	238157145	238157509	LTR/ERVL-MaLR	2210	-	182	238157327	61316
chr1	238096011	238296011	harbor2	chr1	238167634	238167818	LTR/ERVL-MaLR	440	-	92	238167726	71715
chr1	238096011	238296011	harbor2	chr1	238169766	238170130	LTR/ERVL-MaLR	1598	-	182	238169948	73937
chr1	238096011	238296011	harbor2	chr1	238187371	238187907	LTR/ERVL-MaLR	1718	-	268	238187639	91628
chr1	237409367	237609367	harbor2	chr1	237423813	237424179	LTR/ERVL-MaLR	1876	-	183	237423996	14629
chr1	237409367	237609367	harbor2	chr1	237436066	237436287	LTR/ERVL-MaLR	1098	-	110	237436176	26809
chr1	237409367	237609367	harbor2	chr1	237488234	237488519	LTR/ERVL-MaLR	1783	-	142	237488376	79009
chr1	237409367	237609367	harbor2	chr1	237488902	237488970	LTR/ERVL-MaLR	1783	-	34	237488936	79569
chr1	248149923	248349923	harbor2	chr1	248178934	248179369	LTR/ERVL-MaLR	1442	-	218	248179152	29229
chr1	248149923	248349923	harbor2	chr1	248202025	248202424	LTR/ERVL-MaLR	1639	-	200	248202225	52302
chr1	248149923	248349923	harbor2	chr1	248218792	248219139	LTR/ERVL-MaLR	1388	-	174	248218966	69043
chr1	171922557	172122557	harbor2	chr1	171924368	171924745	LTR/ERVL-MaLR	2163	-	188	171924556	1999
chr1	171922557	172122557	harbor2	chr1	171946609	171947058	LTR/ERVL-MaLR	2306	-	224	171946833	24276
chr1	171922557	172122557	harbor2	chr1	171955739	171956095	LTR/ERVL-MaLR	2458	-	178	171955917	33360
chr1	171922557	172122557	harbor2	chr1	171956096	171957187	LTR/ERVL-MaLR	11316	-	546	171956642	34085
chr1	171922557	172122557	harbor2	chr1	171957498	171957979	LTR/ERVL-MaLR	11316	-	240	171957738	35181
chr1	171922557	172122557	harbor2	chr1	171957980	171958338	LTR/ERVL-MaLR	2422	-	179	171958159	35602
chr1	171922557	172122557	harbor2	chr1	171961861	171962289	LTR/ERVL-MaLR	2083	-	214	171962075	39518
chr1	171922557	172122557	harbor2	chr1	171962454	171962805	LTR/ERVL-MaLR	1390	-	176	171962630	40073
chr1	171922557	172122557	harbor2	chr1	171976275	171976629	LTR/ERVL-MaLR	2742	-	177	171976452	53895
chr1	171922557	172122557	harbor2	chr1	172006087	172006701	LTR/ERVL-MaLR	2192	-	307	172006394	83837
chr1	171922557	172122557	harbor2	chr1	172011680	172012040	LTR/ERVL-MaLR	1109	-	180	172011860	89303
chr1	171922557	172122557	harbor2	chr1	172012153	172012484	LTR/ERVL-MaLR	647	-	166	172012319	89762
chr1	112868264	113068264	harbor2	chr1	112868320	112868494	LTR/ERVL-MaLR	807	-	87	112868407	143
chr1	112868264	113068264	harbor2	chr1	112870697	112870828	LTR/ERVL-MaLR	461	-	66	112870763	2499
chr1	112868264	113068264	harbor2	chr1	112924512	112924573	LTR/ERVL-MaLR	418	-	30	112924542	56278
chr1	159811494	160011494	harbor2	chr1	159830827	159830997	LTR/ERVL-MaLR	717	-	85	159830912	19418
chr1	159811494	160011494	harbor2	chr1	159839169	159839273	LTR/ERVL-MaLR	441	-	52	159839221	27727
chr1	182959835	183159835	harbor2	chr1	183010142	183010407	LTR/ERVL-MaLR	1696	-	132	183010274	50439
chr1	182959835	183159835	harbor2	chr1	183011474	183011587	LTR/ERVL-MaLR	1696	-	56	183011530	51695
chr1	226731169	226931169	harbor2	chr1	226742520	226742711	LTR/ERVL-MaLR	2099	-	96	226742616	11447
chr1	226731169	226931169	harbor2	chr1	226743011	226743240	LTR/ERVL-MaLR	2099	-	114	226743125	11956
chr1	226731169	226931169	harbor2	chr1	226749364	226749860	LTR/ERVL-MaLR	1213	-	248	226749612	18443
chr1	226731169	226931169	harbor2	chr1	226771841	226772114	LTR/ERVL-MaLR	515	-	136	226771977	40808
chr1	226731169	226931169	harbor2	chr1	226781849	226782337	LTR/ERVL-MaLR	2188	-	244	226782093	50924
chr1	226731169	226931169	harbor2	chr1	226791261	226791526	LTR/ERVL-MaLR	970	-	132	226791393	60224
chr1	226731169	226931169	harbor2	chr1	226817180	226817577	LTR/ERVL-MaLR	1204	-	198	226817378	86209
chr1	226731169	226931169	harbor2	chr1	226817881	226818020	LTR/ERVL-MaLR	1204	-	70	226817951	86782
chr1	226731169	226931169	harbor2	chr1	226822034	226822189	LTR/ERVL-MaLR	596	-	78	226822112	90943
chr1	226731169	226931169	harbor2	chr1	226822632	226823099	LTR/ERVL-MaLR	2326	-	234	226822866	91697
chr1	181478814	181678814	harbor2	chr1	181524460	181524658	LTR/ERVL-MaLR	576	-	99	181524559	45745
chr1	181478814	181678814	harbor2	chr1	181527097	181527438	LTR/ERVL-MaLR	1961	-	170	181527267	48453
chr1	181478814	181678814	harbor2	chr1	181570445	181570908	LTR/ERVL-MaLR	1802	-	232	181570677	91863
chr1	223003259	223203259	harbor2	chr1	223017619	223017966	LTR/ERVL-MaLR	2760	-	174	223017793	14534
chr1	223003259	223203259	harbor2	chr1	223021886	223022257	LTR/ERVL-MaLR	530	-	186	223022072	18813
chr1	223003259	223203259	harbor2	chr1	223046495	223046863	LTR/ERVL-MaLR	2663	-	184	223046679	43420
chr1	223003259	223203259	harbor2	chr1	223072194	223072567	LTR/ERVL-MaLR	916	-	186	223072380	69121
chr1	223003259	223203259	harbor2	chr1	223083172	223083565	LTR/ERVL-MaLR	1306	-	196	223083368	80109
chr1	223003259	223203259	harbor2	chr1	223094393	223094673	LTR/ERVL-MaLR	1541	-	140	223094533	91274
chr1	223003259	223203259	harbor2	chr1	223096585	223096679	LTR/ERVL-MaLR	988	-	47	223096632	93373
chr1	223003259	223203259	harbor2	chr1	223096680	223097100	LTR/ERVL-MaLR	2514	-	210	223096890	93631
chr1	223003259	223203259	harbor2	chr1	223097101	223097191	LTR/ERVL-MaLR	988	-	45	223097146	93887
chr1	225075764	225275764	harbor2	chr1	225087085	225087457	LTR/ERVL-MaLR	1664	-	186	225087271	11507
chr1	225075764	225275764	harbor2	chr1	225131190	225131706	LTR/ERVL-MaLR	2203	-	258	225131448	55684
chr1	225075764	225275764	harbor2	chr1	225156251	225156458	LTR/ERVL-MaLR	630	-	104	225156355	80591
chr1	225075764	225275764	harbor2	chr1	225156601	225156706	LTR/ERVL-MaLR	438	-	52	225156653	80889
chr1	225075764	225275764	harbor2	chr1	225157015	225157102	LTR/ERVL-MaLR	438	-	44	225157059	81295
chr1	117649996	117849996	harbor2	chr1	117651781	117652348	LTR/ERVL-MaLR	1820	-	284	117652065	2069
chr1	117649996	117849996	harbor2	chr1	117738659	117739040	LTR/ERVL-MaLR	1930	-	190	117738849	88853
chr1	218441910	218641910	harbor2	chr1	218449614	218449969	LTR/ERVL-MaLR	1732	-	178	218449792	7882
chr1	218441910	218641910	harbor2	chr1	218450301	218450720	LTR/ERVL-MaLR	1860	-	210	218450511	8601
chr1	218441910	218641910	harbor2	chr1	218477023	218477401	LTR/ERVL-MaLR	1741	-	189	218477212	35302
chr1	218441910	218641910	harbor2	chr1	218503953	218504301	LTR/ERVL-MaLR	2320	-	174	218504127	62217
chr1	218441910	218641910	harbor2	chr1	218508614	218508971	LTR/ERVL-MaLR	1835	-	178	218508792	66882
chr1	240918967	241118967	harbor2	chr1	240989909	240990251	LTR/ERVL-MaLR	544	-	171	240990080	71113
chr1	191159213	191359213	harbor2	chr1	191188923	191189365	LTR/ERVL-MaLR	1141	-	221	191189144	29931
chr1	191159213	191359213	harbor2	chr1	191216530	191216914	LTR/ERVL-MaLR	1727	-	192	191216722	57509
chr1	191159213	191359213	harbor2	chr1	191218552	191218772	LTR/ERVL-MaLR	791	-	110	191218662	59449
chr1	191159213	191359213	harbor2	chr1	191218990	191219167	LTR/ERVL-MaLR	884	-	88	191219078	59865
chr1	191159213	191359213	harbor2	chr1	191228437	191228524	LTR/ERVL-MaLR	505	-	44	191228481	69268
chr1	191159213	191359213	harbor2	chr1	191229751	191230043	LTR/ERVL-MaLR	505	-	146	191229897	70684
chr1	191159213	191359213	harbor2	chr1	191241788	191242276	LTR/ERVL-MaLR	1056	-	244	191242032	82819
chr1	191159213	191359213	harbor2	chr1	191242607	191242824	LTR/ERVL-MaLR	1056	-	108	191242715	83502
chr1	191159213	191359213	harbor2	chr1	191216916	191218547	LTR/ERVL-MaLR	9904	-	816	191217732	58519
chr1	114571013	114771013	harbor2	chr1	114616531	114616572	LTR/ERVL-MaLR	2611	-	20	114616551	45538
chr1	114571013	114771013	harbor2	chr1	114616865	114617185	LTR/ERVL-MaLR	2611	-	160	114617025	46012
chr1	114571013	114771013	harbor2	chr1	114654716	114655146	LTR/ERVL-MaLR	802	-	215	114654931	83918
chr1	196709840	196909840	harbor2	chr1	196725532	196725938	LTR/ERVL-MaLR	1866	-	203	196725735	15895
chr1	196709840	196909840	harbor2	chr1	196737902	196738262	LTR/ERVL-MaLR	1897	-	180	196738082	28242
chr1	196709840	196909840	harbor2	chr1	196739831	196740200	LTR/ERVL-MaLR	2353	-	184	196740015	30175
chr1	196709840	196909840	harbor2	chr1	196741216	196741581	LTR/ERVL-MaLR	2012	-	182	196741398	31558
chr1	196709840	196909840	harbor2	chr1	196748721	196749093	LTR/ERVL-MaLR	1175	-	186	196748907	39067
chr1	196709840	196909840	harbor2	chr1	196738263	196739830	LTR/ERVL-MaLR	8791	-	784	196739047	29207
chr1	177842334	178042334	harbor2	chr1	177848675	177849243	LTR/ERVL-MaLR	1623	-	284	177848959	6625
chr1	177842334	178042334	harbor2	chr1	177854312	177854668	LTR/ERVL-MaLR	2458	-	178	177854490	12156
chr1	177842334	178042334	harbor2	chr1	177859547	177859917	LTR/ERVL-MaLR	1004	-	185	177859732	17398
chr1	177842334	178042334	harbor2	chr1	177904826	177905153	LTR/ERVL-MaLR	1113	-	164	177904990	62656
chr1	177842334	178042334	harbor2	chr1	177905335	177905495	LTR/ERVL-MaLR	1113	-	80	177905415	63081
chr1	177842334	178042334	harbor2	chr1	177916453	177917010	LTR/ERVL-MaLR	1719	-	278	177916731	74397
chr1	177842334	178042334	harbor2	chr1	177917470	177917496	LTR/ERVL-MaLR	1719	-	13	177917483	75149
chr1	96990780	97190780	harbor2	chr1	96998463	96998889	LTR/ERVL-MaLR	545	-	213	96998676	7896
chr1	96990780	97190780	harbor2	chr1	97014714	97015117	LTR/ERVL-MaLR	1929	-	202	97014916	24136
chr1	96990780	97190780	harbor2	chr1	97046214	97046667	LTR/ERVL-MaLR	1821	-	226	97046440	55660
chr1	96990780	97190780	harbor2	chr1	97055367	97055606	LTR/ERVL-MaLR	1158	-	120	97055487	64707
chr1	96990780	97190780	harbor2	chr1	97057869	97057995	LTR/ERVL-MaLR	1725	-	63	97057932	67152
chr1	96990780	97190780	harbor2	chr1	97069351	97069686	LTR/ERVL-MaLR	1939	-	168	97069519	78739
chr1	220478557	220678557	harbor2	chr1	220496015	220496394	LTR/ERVL-MaLR	2007	-	190	220496205	17648
chr1	220478557	220678557	harbor2	chr1	220559923	220560282	LTR/ERVL-MaLR	2194	-	180	220560103	81546
chr1	220478557	220678557	harbor2	chr1	220576141	220576524	LTR/ERVL-MaLR	722	-	192	220576333	97776
chr1	99208777	99408777	harbor2	chr1	99211479	99211782	LTR/ERVL-MaLR	1360	-	152	99211631	2854
chr1	99208777	99408777	harbor2	chr1	99232139	99232482	LTR/ERVL-MaLR	1726	-	172	99232311	23534
chr1	99208777	99408777	harbor2	chr1	99241546	99241655	LTR/ERVL-MaLR	622	-	54	99241600	32823
chr1	100043221	100243221	harbor2	chr1	100060354	100060721	LTR/ERVL-MaLR	1106	-	184	100060538	17317
chr1	238231855	238431855	harbor2	chr1	238303564	238303791	LTR/ERVL-MaLR	2110	-	114	238303678	71823
chr1	238231855	238431855	harbor2	chr1	238304106	238304241	LTR/ERVL-MaLR	2110	-	68	238304174	72319
chr1	238231855	238431855	harbor2	chr1	238312254	238312590	LTR/ERVL-MaLR	1302	-	168	238312422	80567
chr1	47995342	48195342	harbor2	chr1	48075504	48075847	LTR/ERVL-MaLR	1933	-	172	48075676	80334
chr1	47995342	48195342	harbor2	chr1	48083238	48083283	LTR/ERVL-MaLR	1381	-	22	48083260	87918
chr1	47995342	48195342	harbor2	chr1	48083613	48083725	LTR/ERVL-MaLR	1381	-	56	48083669	88327
chr1	47995342	48195342	harbor2	chr1	48083941	48084184	LTR/ERVL-MaLR	1381	-	122	48084063	88721
chr1	228367517	228567517	harbor2	chr1	228392004	228392129	LTR/ERVL-MaLR	592	-	62	228392066	24549
chr1	228367517	228567517	harbor2	chr1	228428078	228428487	LTR/ERVL-MaLR	2390	-	204	228428282	60765
chr1	228367517	228567517	harbor2	chr1	228436342	228436742	LTR/ERVL-MaLR	1657	-	200	228436542	69025
chr1	215415829	215615829	harbor2	chr1	215476555	215476919	LTR/ERVL-MaLR	1969	-	182	215476737	60908
chr1	215415829	215615829	harbor2	chr1	215476920	215478532	LTR/ERVL-MaLR	10039	-	806	215477726	61897
chr1	215415829	215615829	harbor2	chr1	215478533	215478947	LTR/ERVL-MaLR	2127	-	207	215478740	62911
chr1	215415829	215615829	harbor2	chr1	215487046	215487584	LTR/ERVL-MaLR	1078	-	269	215487315	71486
chr1	215415829	215615829	harbor2	chr1	215501784	215502148	LTR/ERVL-MaLR	1208	-	182	215501966	86137
chr1	89919810	90119810	harbor2	chr1	89945178	89945547	LTR/ERVL-MaLR	1822	-	184	89945362	25552
chr1	89919810	90119810	harbor2	chr1	89948370	89948772	LTR/ERVL-MaLR	1369	-	201	89948571	28761
chr1	218998799	219198799	harbor2	chr1	219006634	219006998	LTR/ERVL-MaLR	2104	-	182	219006816	8017
chr1	218998799	219198799	harbor2	chr1	219028086	219028467	LTR/ERVL-MaLR	2178	-	190	219028276	29477
chr1	218998799	219198799	harbor2	chr1	219046673	219047058	LTR/ERVL-MaLR	2129	-	192	219046865	48066
chr1	187686169	187886169	harbor2	chr1	187688742	187689225	LTR/ERVL-MaLR	1489	-	242	187688984	2815
chr1	187686169	187886169	harbor2	chr1	187731968	187732340	LTR/ERVL-MaLR	1804	-	186	187732154	45985
chr1	187686169	187886169	harbor2	chr1	187735891	187736252	LTR/ERVL-MaLR	2102	-	180	187736071	49902
chr1	187686169	187886169	harbor2	chr1	187736253	187737802	LTR/ERVL-MaLR	10774	-	774	187737027	50858
chr1	187686169	187886169	harbor2	chr1	187737803	187738161	LTR/ERVL-MaLR	2148	-	179	187737982	51813
chr1	187686169	187886169	harbor2	chr1	187744631	187745182	LTR/ERVL-MaLR	1745	-	276	187744907	58738
chr1	187686169	187886169	harbor2	chr1	187754530	187754784	LTR/ERVL-MaLR	1309	-	127	187754657	68488
chr1	235513665	235713665	harbor2	chr1	235531904	235532220	LTR/ERVL-MaLR	2549	-	158	235532062	18397
chr1	235513665	235713665	harbor2	chr1	235532740	235532819	LTR/ERVL-MaLR	2549	-	40	235532780	19115
chr1	235513665	235713665	harbor2	chr1	235604353	235604779	LTR/ERVL-MaLR	1529	-	213	235604566	90901
chr1	235513665	235713665	harbor2	chr1	235612486	235612535	LTR/ERVL-MaLR	1601	-	24	235612510	98845
chr1	235513665	235713665	harbor2	chr1	235612823	235613146	LTR/ERVL-MaLR	1601	-	162	235612985	99320
chr1	235513665	235713665	harbor2	chr1	235519880	235520024	LTR/ERVL-MaLR	1015	-	72	235519952	6287
chr1	215256336	215456336	harbor2	chr1	215278267	215278463	LTR/ERVL-MaLR	638	-	98	215278365	22029
chr1	215256336	215456336	harbor2	chr1	215279017	215279197	LTR/ERVL-MaLR	719	-	90	215279107	22771
chr1	215256336	215456336	harbor2	chr1	215322919	215323279	LTR/ERVL-MaLR	2560	-	180	215323099	66763
chr1	215256336	215456336	harbor2	chr1	215323282	215324807	LTR/ERVL-MaLR	10448	-	762	215324044	67708
chr1	215256336	215456336	harbor2	chr1	215324808	215325183	LTR/ERVL-MaLR	2553	-	188	215324996	68660
chr1	215256336	215456336	harbor2	chr1	215329816	215330234	LTR/ERVL-MaLR	2570	-	209	215330025	73689
chr1	215256336	215456336	harbor2	chr1	215342255	215342624	LTR/ERVL-MaLR	2195	-	184	215342439	86103
chr1	215256336	215456336	harbor2	chr1	215349867	215350285	LTR/ERVL-MaLR	2015	-	209	215350076	93740
chr1	176849541	177049541	harbor2	chr1	176859809	176860314	LTR/ERVL-MaLR	1922	-	252	176860061	10520
chr1	176849541	177049541	harbor2	chr1	176865710	176866052	LTR/ERVL-MaLR	2175	-	171	176865881	16340
chr1	176849541	177049541	harbor2	chr1	176903721	176904145	LTR/ERVL-MaLR	1164	-	212	176903933	54392
chr1	232015105	232215105	harbor2	chr1	232021709	232022178	LTR/ERVL-MaLR	942	-	234	232021943	6838
chr1	219599758	219799758	harbor2	chr1	219673283	219673362	LTR/ERVL-MaLR	1231	-	40	219673323	73565
chr1	219599758	219799758	harbor2	chr1	219673647	219673958	LTR/ERVL-MaLR	1231	-	156	219673803	74045
chr1	219599758	219799758	harbor2	chr1	219681144	219681506	LTR/ERVL-MaLR	1363	-	181	219681325	81567
chr1	219599758	219799758	harbor2	chr1	219687841	219687987	LTR/ERVL-MaLR	569	-	73	219687914	88156
chr1	219599758	219799758	harbor2	chr1	219688007	219688265	LTR/ERVL-MaLR	902	-	129	219688136	88378
chr1	219599758	219799758	harbor2	chr1	219688570	219688695	LTR/ERVL-MaLR	902	-	62	219688632	88874
chr1	219599758	219799758	harbor2	chr1	219688732	219689121	LTR/ERVL-MaLR	910	-	194	219688926	89168
chr1	219599758	219799758	harbor2	chr1	219698776	219699026	LTR/ERVL-MaLR	450	-	125	219698901	99143
chr1	219599758	219799758	harbor2	chr1	219692998	219693488	LTR/ERVL-MaLR	1145	-	245	219693243	93485
chr1	146814543	147014543	harbor2	chr1	146815925	146816378	LTR/ERVL-MaLR	1341	-	226	146816151	1608
chr1	146814543	147014543	harbor2	chr1	146819864	146820325	LTR/ERVL-MaLR	2056	-	230	146820094	5551
chr1	146814543	147014543	harbor2	chr1	146827932	146828416	LTR/ERVL-MaLR	2272	-	242	146828174	13631
chr1	146814543	147014543	harbor2	chr1	146837193	146837548	LTR/ERVL-MaLR	2702	-	178	146837371	22828
chr1	146814543	147014543	harbor2	chr1	146844941	146845801	LTR/ERVL-MaLR	6181	-	430	146845371	30828
chr1	146814543	147014543	harbor2	chr1	146845802	146846159	LTR/ERVL-MaLR	2146	-	178	146845980	31437
chr1	146814543	147014543	harbor2	chr1	146857062	146857515	LTR/ERVL-MaLR	782	-	226	146857288	42745
chr1	146814543	147014543	harbor2	chr1	146873620	146874039	LTR/ERVL-MaLR	1481	-	210	146873830	59287
chr1	146814543	147014543	harbor2	chr1	146874693	146875069	LTR/ERVL-MaLR	432	-	188	146874881	60338
chr1	146814543	147014543	harbor2	chr1	146894620	146894979	LTR/ERVL-MaLR	2334	-	180	146894800	80257
chr1	146814543	147014543	harbor2	chr1	146903673	146904063	LTR/ERVL-MaLR	2168	-	195	146903868	89325
chr1	146814543	147014543	harbor2	chr1	146904362	146904531	LTR/ERVL-MaLR	2168	-	84	146904446	89903
chr1	94183132	94383132	harbor2	chr1	94194425	94194738	LTR/ERVL-MaLR	1114	-	156	94194581	11449
chr1	94183132	94383132	harbor2	chr1	94270888	94271439	LTR/ERVL-MaLR	2285	-	276	94271164	88032
chr1	226058123	226258123	harbor2	chr1	226097056	226097318	LTR/ERVL-MaLR	629	-	131	226097187	39064
chr1	226058123	226258123	harbor2	chr1	226099338	226099493	LTR/ERVL-MaLR	779	-	78	226099416	41293
chr1	205142037	205342037	harbor2	chr1	205240521	205240997	LTR/ERVL-MaLR	657	-	238	205240759	98722
chr1	193560790	193760790	harbor2	chr1	193575024	193575233	LTR/ERVL-MaLR	905	-	104	193575128	14338
chr1	193560790	193760790	harbor2	chr1	193583322	193583681	LTR/ERVL-MaLR	2664	-	180	193583502	22712
chr1	193560790	193760790	harbor2	chr1	193615174	193615534	LTR/ERVL-MaLR	1592	-	180	193615354	54564
chr1	193560790	193760790	harbor2	chr1	193623164	193623400	LTR/ERVL-MaLR	463	-	118	193623282	62492
chr1	193560790	193760790	harbor2	chr1	193638155	193638476	LTR/ERVL-MaLR	941	-	160	193638315	77525
chr1	193560790	193760790	harbor2	chr1	193658207	193658389	LTR/ERVL-MaLR	527	-	91	193658298	97508
chr1	193560790	193760790	harbor2	chr1	193658401	193658578	LTR/ERVL-MaLR	544	-	88	193658489	97699
chr1	190556118	190756118	harbor2	chr1	190559105	190559609	LTR/ERVL-MaLR	1366	-	252	190559357	3239
chr1	190556118	190756118	harbor2	chr1	190573872	190574348	LTR/ERVL-MaLR	2040	-	238	190574110	17992
chr1	190556118	190756118	harbor2	chr1	190589081	190589494	LTR/ERVL-MaLR	2144	-	206	190589287	33169
chr1	190556118	190756118	harbor2	chr1	190600835	190601181	LTR/ERVL-MaLR	1473	-	173	190601008	44890
chr1	190556118	190756118	harbor2	chr1	190615119	190615472	LTR/ERVL-MaLR	1947	-	176	190615295	59177
chr1	190556118	190756118	harbor2	chr1	190615473	190616855	LTR/ERVL-MaLR	9435	-	691	190616164	60046
chr1	190556118	190756118	harbor2	chr1	190616854	190617213	LTR/ERVL-MaLR	2000	-	180	190617034	60916
chr1	190556118	190756118	harbor2	chr1	190621499	190621923	LTR/ERVL-MaLR	1405	-	212	190621711	65593
chr1	104648807	104848807	harbor2	chr1	104688896	104689246	LTR/ERVL-MaLR	2149	-	175	104689071	40264
chr1	104648807	104848807	harbor2	chr1	104704503	104704857	LTR/ERVL-MaLR	2149	-	177	104704680	55873
chr1	176199391	176399391	harbor2	chr1	176216766	176217001	LTR/ERVL-MaLR	427	-	118	176216884	17493
chr1	176199391	176399391	harbor2	chr1	176271119	176271322	LTR/ERVL-MaLR	608	-	102	176271221	71830
chr1	176199391	176399391	harbor2	chr1	176277490	176277762	LTR/ERVL-MaLR	592	-	136	176277626	78235
chr1	176199391	176399391	harbor2	chr1	176279030	176279426	LTR/ERVL-MaLR	2041	-	198	176279228	79837
chr1	225698716	225898716	harbor2	chr1	225700877	225701240	LTR/ERVL-MaLR	726	-	182	225701059	2343
chr1	181855680	182055680	harbor2	chr1	181864257	181864657	LTR/ERVL-MaLR	2280	-	200	181864457	8777
chr1	181855680	182055680	harbor2	chr1	181868301	181868721	LTR/ERVL-MaLR	2400	-	210	181868511	12831
chr1	181855680	182055680	harbor2	chr1	181915576	181916000	LTR/ERVL-MaLR	1272	-	212	181915788	60108
chr1	213152903	213352903	harbor2	chr1	213227389	213228028	LTR/ERVL-MaLR	1910	-	320	213227709	74806
chr1	15893017	16093017	harbor2	chr1	15980973	15981191	LTR/ERVL-MaLR	1558	-	109	15981082	88065
chr1	15893017	16093017	harbor2	chr1	15981327	15981523	LTR/ERVL-MaLR	1157	-	98	15981425	88408
chr1	201140882	201340882	harbor2	chr1	201164465	201164490	LTR/ERVL-MaLR	866	-	12	201164477	23595
chr1	201140882	201340882	harbor2	chr1	201164571	201164944	LTR/ERVL-MaLR	866	-	186	201164757	23875
chr1	201140882	201340882	harbor2	chr1	201197843	201198122	LTR/ERVL-MaLR	642	-	140	201197983	57101
chr1	201140882	201340882	harbor2	chr1	201198727	201198846	LTR/ERVL-MaLR	642	-	60	201198787	57905
chr1	116163884	116363884	harbor2	chr1	116171397	116171457	LTR/ERVL-MaLR	1457	-	30	116171427	7543
chr1	116163884	116363884	harbor2	chr1	116171751	116172168	LTR/ERVL-MaLR	1457	-	208	116171959	8075
chr1	116163884	116363884	harbor2	chr1	116197456	116197929	LTR/ERVL-MaLR	1097	-	236	116197692	33808
chr1	116163884	116363884	harbor2	chr1	116208568	116208926	LTR/ERVL-MaLR	1791	-	179	116208747	44863
chr1	116163884	116363884	harbor2	chr1	116229265	116229330	LTR/ERVL-MaLR	1408	-	32	116229297	65413
chr1	116163884	116363884	harbor2	chr1	116229641	116229656	LTR/ERVL-MaLR	1408	-	8	116229649	65765
chr1	116163884	116363884	harbor2	chr1	116229952	116230360	LTR/ERVL-MaLR	1408	-	204	116230156	66272
chr1	116163884	116363884	harbor2	chr1	116233996	116234422	LTR/ERVL-MaLR	1045	-	213	116234209	70325
chr1	116163884	116363884	harbor2	chr1	116237151	116237430	LTR/ERVL-MaLR	1190	-	140	116237291	73407
chr1	116163884	116363884	harbor2	chr1	116239553	116239770	LTR/ERVL-MaLR	416	-	108	116239661	75777
chr1	116163884	116363884	harbor2	chr1	116250732	116250991	LTR/ERVL-MaLR	475	-	130	116250862	86978
chr1	116163884	116363884	harbor2	chr1	116251607	116251822	LTR/ERVL-MaLR	475	-	108	116251715	87831
chr1	154343451	154543451	harbor2	chr1	154359366	154359731	LTR/ERVL-MaLR	2550	-	182	154359548	16097
chr1	202052412	202252412	harbor2	chr1	202060121	202060200	LTR/ERVL-MaLR	1429	-	40	202060161	7749
chr1	202052412	202252412	harbor2	chr1	202060789	202061117	LTR/ERVL-MaLR	1429	-	164	202060953	8541
chr1	216853558	217053558	harbor2	chr1	216916885	216917385	LTR/ERVL-MaLR	430	-	250	216917135	63577
chr1	216853558	217053558	harbor2	chr1	216934110	216934151	LTR/ERVL-MaLR	1937	-	20	216934130	80572
chr1	216853558	217053558	harbor2	chr1	216934449	216934781	LTR/ERVL-MaLR	1937	-	166	216934615	81057
chr1	248051005	248251005	harbor2	chr1	248110482	248110803	LTR/ERVL-MaLR	1590	-	160	248110642	59637
chr1	248051005	248251005	harbor2	chr1	248144086	248144485	LTR/ERVL-MaLR	1666	-	200	248144286	93281
chr1	215893309	216093309	harbor2	chr1	215923162	215923707	LTR/ERVL-MaLR	601	-	272	215923434	30125
chr1	215893309	216093309	harbor2	chr1	215941899	215942453	LTR/ERVL-MaLR	1129	-	277	215942176	48867
chr1	215893309	216093309	harbor2	chr1	215978972	215979332	LTR/ERVL-MaLR	2378	-	180	215979152	85843
chr1	73702043	73902043	harbor2	chr1	73743654	73744014	LTR/ERVL-MaLR	2136	-	180	73743834	41791
chr1	73702043	73902043	harbor2	chr1	73746583	73747018	LTR/ERVL-MaLR	2174	-	218	73746801	44758
chr1	192878717	193078717	harbor2	chr1	192931878	192932290	LTR/ERVL-MaLR	1595	-	206	192932084	53367
chr1	192878717	193078717	harbor2	chr1	192935730	192936054	LTR/ERVL-MaLR	684	-	162	192935892	57175
chr1	192878717	193078717	harbor2	chr1	192966438	192966793	LTR/ERVL-MaLR	2020	-	178	192966616	87899
chr1	192878717	193078717	harbor2	chr1	192888828	192889195	LTR/ERVL-MaLR	1744	-	184	192889012	10295
chr1	102484159	102684159	harbor2	chr1	102493617	102493813	LTR/ERVL-MaLR	1116	-	98	102493715	9556
chr1	102484159	102684159	harbor2	chr1	102493853	102494040	LTR/ERVL-MaLR	1116	-	94	102493947	9788
chr1	102484159	102684159	harbor2	chr1	102498686	102498867	LTR/ERVL-MaLR	750	-	90	102498776	14617
chr1	102484159	102684159	harbor2	chr1	102499799	102500000	LTR/ERVL-MaLR	799	-	100	102499899	15740
chr1	102484159	102684159	harbor2	chr1	102508432	102508814	LTR/ERVL-MaLR	1090	-	191	102508623	24464
chr1	102484159	102684159	harbor2	chr1	102508820	102509219	LTR/ERVL-MaLR	1786	-	200	102509020	24861
chr1	102484159	102684159	harbor2	chr1	102529514	102529874	LTR/ERVL-MaLR	1887	-	180	102529694	45535
chr1	102484159	102684159	harbor2	chr1	102535357	102535428	LTR/ERVL-MaLR	1740	-	36	102535393	51234
chr1	102484159	102684159	harbor2	chr1	102535688	102535973	LTR/ERVL-MaLR	1740	-	142	102535830	51671
chr1	102484159	102684159	harbor2	chr1	102536144	102536516	LTR/ERVL-MaLR	1738	-	186	102536330	52171
chr1	102484159	102684159	harbor2	chr1	102536518	102538097	LTR/ERVL-MaLR	9976	-	790	102537308	53149
chr1	102484159	102684159	harbor2	chr1	102538098	102538464	LTR/ERVL-MaLR	1589	-	183	102538281	54122
chr1	102484159	102684159	harbor2	chr1	102541051	102541087	LTR/ERVL-MaLR	1854	-	18	102541069	56910
chr1	102484159	102684159	harbor2	chr1	102541088	102541485	LTR/ERVL-MaLR	1892	-	198	102541286	57127
chr1	102484159	102684159	harbor2	chr1	102541486	102541838	LTR/ERVL-MaLR	1854	-	176	102541662	57503
chr1	102484159	102684159	harbor2	chr1	102544833	102545170	LTR/ERVL-MaLR	1300	-	168	102545001	60842
chr1	102484159	102684159	harbor2	chr1	102545171	102546784	LTR/ERVL-MaLR	4759	-	806	102545977	61818
chr1	102484159	102684159	harbor2	chr1	102546787	102547141	LTR/ERVL-MaLR	1258	-	177	102546964	62805
chr1	102484159	102684159	harbor2	chr1	102550053	102550419	LTR/ERVL-MaLR	1947	-	183	102550236	66077
chr1	102484159	102684159	harbor2	chr1	102550420	102551018	LTR/ERVL-MaLR	3910	-	299	102550719	66560
chr1	102484159	102684159	harbor2	chr1	102551017	102551298	LTR/ERVL-MaLR	1676	-	140	102551157	66998
chr1	102484159	102684159	harbor2	chr1	102552706	102553188	LTR/ERVL-MaLR	2974	-	241	102552947	68788
chr1	102484159	102684159	harbor2	chr1	102553201	102553567	LTR/ERVL-MaLR	2139	-	183	102553384	69225
chr1	102484159	102684159	harbor2	chr1	102581439	102581810	LTR/ERVL-MaLR	2134	-	186	102581625	97466
chr1	206211439	206411439	harbor2	chr1	206221326	206221713	LTR/ERVL-MaLR	2237	-	194	206221520	10081
chr1	206211439	206411439	harbor2	chr1	206296040	206296221	LTR/ERVL-MaLR	621	-	90	206296130	84691
chr1	206211439	206411439	harbor2	chr1	206310995	206311276	LTR/ERVL-MaLR	1009	-	140	206311135	99696
chr1	84421661	84621661	harbor2	chr1	84421734	84421864	LTR/ERVL-MaLR	693	-	65	84421799	138
chr1	84421661	84621661	harbor2	chr1	84422155	84422534	LTR/ERVL-MaLR	1461	-	190	84422345	684
chr1	84421661	84621661	harbor2	chr1	84457811	84457903	LTR/ERVL-MaLR	417	-	46	84457857	36196
chr1	84421661	84621661	harbor2	chr1	84458543	84458591	LTR/ERVL-MaLR	2132	-	24	84458567	36906
chr1	84421661	84621661	harbor2	chr1	84458896	84459284	LTR/ERVL-MaLR	2132	-	194	84459090	37429
chr1	188904227	189104227	harbor2	chr1	188926791	188927060	LTR/ERVL-MaLR	1451	-	134	188926925	22698
chr1	188904227	189104227	harbor2	chr1	188927190	188927264	LTR/ERVL-MaLR	1451	-	37	188927227	23000
chr1	188904227	189104227	harbor2	chr1	188932872	188933209	LTR/ERVL-MaLR	1277	-	168	188933040	28813
chr1	188904227	189104227	harbor2	chr1	188936678	188937108	LTR/ERVL-MaLR	1194	-	215	188936893	32666
chr1	188904227	189104227	harbor2	chr1	188955903	188956326	LTR/ERVL-MaLR	2095	-	212	188956115	51888
chr1	188904227	189104227	harbor2	chr1	188964712	188965001	LTR/ERVL-MaLR	1297	-	144	188964856	60629
chr1	188904227	189104227	harbor2	chr1	188965177	188965275	LTR/ERVL-MaLR	486	-	49	188965226	60999
chr1	208454815	208654815	harbor2	chr1	208515821	208516159	LTR/ERVL-MaLR	2205	-	169	208515990	61175
chr1	208454815	208654815	harbor2	chr1	208516160	208517722	LTR/ERVL-MaLR	12416	-	781	208516941	62126
chr1	208454815	208654815	harbor2	chr1	208517724	208518076	LTR/ERVL-MaLR	2574	-	176	208517900	63085
chr1	208454815	208654815	harbor2	chr1	208520265	208520384	LTR/ERVL-MaLR	629	-	60	208520325	65510
chr1	208454815	208654815	harbor2	chr1	208520826	208521135	LTR/ERVL-MaLR	848	-	154	208520980	66165
chr1	246157927	246357927	harbor2	chr1	246192317	246192413	LTR/ERVL-MaLR	543	-	48	246192365	34438
chr1	246157927	246357927	harbor2	chr1	246203386	246203758	LTR/ERVL-MaLR	1642	-	186	246203572	45645
chr1	246157927	246357927	harbor2	chr1	246229540	246229853	LTR/ERVL-MaLR	798	-	156	246229696	71769
chr1	244323369	244523369	harbor2	chr1	244343834	244344128	LTR/ERVL-MaLR	873	-	147	244343981	20612
chr1	244323369	244523369	harbor2	chr1	244344529	244344644	LTR/ERVL-MaLR	422	-	58	244344587	21218
chr1	244323369	244523369	harbor2	chr1	244381945	244382078	LTR/ERVL-MaLR	590	-	66	244382011	58642
chr1	238340873	238540873	harbor2	chr1	238346464	238346825	LTR/ERVL-MaLR	1976	-	180	238346644	5771
chr1	238340873	238540873	harbor2	chr1	238356326	238356697	LTR/ERVL-MaLR	1780	-	186	238356512	15639
chr1	238340873	238540873	harbor2	chr1	238369633	238369990	LTR/ERVL-MaLR	2486	-	178	238369811	28938
chr1	238340873	238540873	harbor2	chr1	238401581	238401989	LTR/ERVL-MaLR	2470	-	204	238401785	60912
chr1	238340873	238540873	harbor2	chr1	238412433	238412646	LTR/ERVL-MaLR	413	-	106	238412539	71666
chr1	238340873	238540873	harbor2	chr1	238434320	238434735	LTR/ERVL-MaLR	1162	-	208	238434528	93655
chr1	187375490	187575490	harbor2	chr1	187387430	187387853	LTR/ERVL-MaLR	2684	-	212	187387642	12152
chr1	187375490	187575490	harbor2	chr1	187396199	187396493	LTR/ERVL-MaLR	1407	-	147	187396346	20856
chr1	187375490	187575490	harbor2	chr1	187401495	187401663	LTR/ERVL-MaLR	558	-	84	187401579	26089
chr1	187375490	187575490	harbor2	chr1	187422031	187422414	LTR/ERVL-MaLR	1970	-	192	187422223	46733
chr1	187375490	187575490	harbor2	chr1	187451299	187451798	LTR/ERVL-MaLR	572	-	250	187451549	76059
chr1	227568675	227768675	harbor2	chr1	227618827	227619186	LTR/ERVL-MaLR	2377	-	180	227619007	50332
chr1	218004616	218204616	harbor2	chr1	218083837	218084276	LTR/ERVL-MaLR	1427	-	220	218084057	79441
chr1	218004616	218204616	harbor2	chr1	218085050	218085427	LTR/ERVL-MaLR	1550	-	188	218085238	80622
chr1	218004616	218204616	harbor2	chr1	218092118	218092590	LTR/ERVL-MaLR	594	-	236	218092354	87738
chr1	234711861	234911861	harbor2	chr1	234774416	234774578	LTR/ERVL-MaLR	476	-	81	234774497	62636
chr1	234711861	234911861	harbor2	chr1	234801601	234801948	LTR/ERVL-MaLR	806	-	174	234801775	89914
chr1	234711861	234911861	harbor2	chr1	234808196	234808660	LTR/ERVL-MaLR	2177	-	232	234808428	96567
chr1	148386489	148586489	harbor2	chr1	148394648	148395044	LTR/ERVL-MaLR	1339	-	198	148394846	8357
chr1	148386489	148586489	harbor2	chr1	148408592	148408641	LTR/ERVL-MaLR	636	-	24	148408616	22127
chr1	148386489	148586489	harbor2	chr1	148408941	148409341	LTR/ERVL-MaLR	636	-	200	148409141	22652
chr1	148386489	148586489	harbor2	chr1	148411569	148411783	LTR/ERVL-MaLR	581	-	107	148411676	25187
chr1	148386489	148586489	harbor2	chr1	148418859	148419237	LTR/ERVL-MaLR	2043	-	189	148419048	32559
chr1	148386489	148586489	harbor2	chr1	148471344	148471748	LTR/ERVL-MaLR	1846	-	202	148471546	85057
chr1	148386489	148586489	harbor2	chr1	148478437	148478801	LTR/ERVL-MaLR	2230	-	182	148478619	92130
chr1	148386489	148586489	harbor2	chr1	148481124	148481663	LTR/ERVL-MaLR	799	-	270	148481394	94905
chr1	106321362	106521362	harbor2	chr1	106328944	106329327	LTR/ERVL-MaLR	2270	-	192	106329136	7774
chr1	106321362	106521362	harbor2	chr1	106371781	106372131	LTR/ERVL-MaLR	1620	-	175	106371956	50594
chr1	106321362	106521362	harbor2	chr1	106372132	106373731	LTR/ERVL-MaLR	10571	-	800	106372932	51570
chr1	106321362	106521362	harbor2	chr1	106373732	106374087	LTR/ERVL-MaLR	1739	-	178	106373910	52548
chr1	106321362	106521362	harbor2	chr1	106384031	106384499	LTR/ERVL-MaLR	2138	-	234	106384265	62903
chr1	106321362	106521362	harbor2	chr1	106401003	106401376	LTR/ERVL-MaLR	1948	-	186	106401189	79827
chr1	106321362	106521362	harbor2	chr1	106415591	106415815	LTR/ERVL-MaLR	1032	-	112	106415703	94341
chr1	248343681	248543681	harbor2	chr1	248352864	248353095	LTR/ERVL-MaLR	630	-	116	248352980	9299
chr1	177464328	177664328	harbor2	chr1	177465618	177465991	LTR/ERVL-MaLR	2647	-	186	177465804	1476
chr1	177464328	177664328	harbor2	chr1	177505793	177507111	LTR/ERVL-MaLR	2812	-	659	177506452	42124
chr1	177464328	177664328	harbor2	chr1	177507112	177507553	LTR/ERVL-MaLR	1259	-	220	177507332	43004
chr1	177464328	177664328	harbor2	chr1	177523569	177523879	LTR/ERVL-MaLR	776	-	155	177523724	59396
chr1	177464328	177664328	harbor2	chr1	177532759	177533142	LTR/ERVL-MaLR	1998	-	192	177532951	68623
chr1	177464328	177664328	harbor2	chr1	177533148	177534671	LTR/ERVL-MaLR	9317	-	762	177533910	69582
chr1	177464328	177664328	harbor2	chr1	177534674	177535053	LTR/ERVL-MaLR	2080	-	190	177534864	70536
chr1	177464328	177664328	harbor2	chr1	177555187	177556018	LTR/ERVL-MaLR	1472	-	416	177555603	91275
chr1	177464328	177664328	harbor2	chr1	177556019	177556406	LTR/ERVL-MaLR	1784	-	194	177556213	91885
chr1	177464328	177664328	harbor2	chr1	177556407	177556762	LTR/ERVL-MaLR	1605	-	178	177556585	92257
chr1	210687508	210887508	harbor2	chr1	210732585	210732936	LTR/ERVL-MaLR	2000	-	176	210732761	45253
chr1	210687508	210887508	harbor2	chr1	210760567	210760936	LTR/ERVL-MaLR	2004	-	184	210760751	73243
chr1	231106840	231306840	harbor2	chr1	231126735	231127116	LTR/ERVL-MaLR	649	-	190	231126925	20085
chr1	231106840	231306840	harbor2	chr1	231150345	231150414	LTR/ERVL-MaLR	2287	-	34	231150379	43539
chr1	231106840	231306840	harbor2	chr1	231150701	231151042	LTR/ERVL-MaLR	2287	-	170	231150871	44031
chr1	231106840	231306840	harbor2	chr1	231151043	231152695	LTR/ERVL-MaLR	9954	-	826	231151869	45029
chr1	231106840	231306840	harbor2	chr1	231152696	231153185	LTR/ERVL-MaLR	1902	-	244	231152940	46100
chr1	231106840	231306840	harbor2	chr1	231179041	231179487	LTR/ERVL-MaLR	1898	-	223	231179264	72424
chr1	231106840	231306840	harbor2	chr1	231186360	231186764	LTR/ERVL-MaLR	1684	-	202	231186562	79722
chr1	231106840	231306840	harbor2	chr1	231189516	231189852	LTR/ERVL-MaLR	1659	-	168	231189684	82844
chr1	231106840	231306840	harbor2	chr1	231193584	231194005	LTR/ERVL-MaLR	2203	-	210	231193794	86954
chr1	245323050	245523050	harbor2	chr1	245348362	245348718	LTR/ERVL-MaLR	1880	-	178	245348540	25490
chr1	245323050	245523050	harbor2	chr1	245368589	245368850	LTR/ERVL-MaLR	755	-	130	245368719	45669
chr1	245323050	245523050	harbor2	chr1	245376626	245376678	LTR/ERVL-MaLR	863	-	26	245376652	53602
chr1	245323050	245523050	harbor2	chr1	245377215	245377487	LTR/ERVL-MaLR	863	-	136	245377351	54301
chr2	224224135	224424135	harbor2	chr2	224236951	224237266	LTR/ERVL-MaLR	1172	-	158	224237109	12974
chr2	188091667	188291667	harbor2	chr2	188104931	188105247	LTR/ERVL-MaLR	1683	-	158	188105089	13422
chr2	188091667	188291667	harbor2	chr2	188119832	188120199	LTR/ERVL-MaLR	1844	-	184	188120016	28349
chr2	188091667	188291667	harbor2	chr2	188145950	188146367	LTR/ERVL-MaLR	1396	-	208	188146158	54491
chr2	188091667	188291667	harbor2	chr2	188167373	188167841	LTR/ERVL-MaLR	1415	-	234	188167607	75940
chr2	188091667	188291667	harbor2	chr2	188175487	188175859	LTR/ERVL-MaLR	958	-	186	188175673	84006
chr2	97739523	97939523	harbor2	chr2	97751620	97752003	LTR/ERVL-MaLR	1547	-	192	97751812	12289
chr2	241845072	242045072	harbor2	chr2	241887729	241888218	LTR/ERVL-MaLR	606	-	244	241887973	42901
chr2	241845072	242045072	harbor2	chr2	241924652	241924859	LTR/ERVL-MaLR	532	-	104	241924756	79684
chr2	241845072	242045072	harbor2	chr2	241942915	241943507	LTR/ERVL-MaLR	1599	-	296	241943211	98139
chr2	233589012	233789012	harbor2	chr2	233597762	233597878	LTR/ERVL-MaLR	625	-	58	233597820	8808
chr2	233589012	233789012	harbor2	chr2	233604472	233604899	LTR/ERVL-MaLR	1877	-	214	233604686	15674
chr2	233589012	233789012	harbor2	chr2	233604901	233606517	LTR/ERVL-MaLR	9637	-	808	233605709	16697
chr2	233589012	233789012	harbor2	chr2	233606567	233606945	LTR/ERVL-MaLR	1761	-	189	233606756	17744
chr2	233589012	233789012	harbor2	chr2	233608093	233608500	LTR/ERVL-MaLR	1879	-	204	233608297	19285
chr2	233589012	233789012	harbor2	chr2	233611715	233611940	LTR/ERVL-MaLR	1255	-	112	233611827	22815
chr2	233589012	233789012	harbor2	chr2	233616626	233616797	LTR/ERVL-MaLR	877	-	86	233616712	27700
chr2	233589012	233789012	harbor2	chr2	233621122	233621187	LTR/ERVL-MaLR	420	-	32	233621154	32142
chr2	233589012	233789012	harbor2	chr2	233630489	233630720	LTR/ERVL-MaLR	1311	-	116	233630605	41593
chr2	233589012	233789012	harbor2	chr2	233635447	233635629	LTR/ERVL-MaLR	866	-	91	233635538	46526
chr2	233589012	233789012	harbor2	chr2	233645188	233645338	LTR/ERVL-MaLR	1065	-	75	233645263	56251
chr2	233589012	233789012	harbor2	chr2	233645341	233646904	LTR/ERVL-MaLR	11091	-	782	233646123	57111
chr2	233589012	233789012	harbor2	chr2	233646905	233647275	LTR/ERVL-MaLR	2287	-	185	233647090	58078
chr2	233589012	233789012	harbor2	chr2	233657254	233657665	LTR/ERVL-MaLR	1799	-	206	233657460	68448
chr2	233589012	233789012	harbor2	chr2	233663925	233664377	LTR/ERVL-MaLR	2671	-	226	233664151	75139
chr2	233589012	233789012	harbor2	chr2	233664413	233664801	LTR/ERVL-MaLR	1915	-	194	233664607	75595
chr2	233589012	233789012	harbor2	chr2	233665946	233666356	LTR/ERVL-MaLR	1988	-	205	233666151	77139
chr2	233589012	233789012	harbor2	chr2	233675194	233675265	LTR/ERVL-MaLR	433	-	36	233675230	86218
chr2	233589012	233789012	harbor2	chr2	233602871	233603175	LTR/ERVL-MaLR	1825	-	152	233603023	14011
chr2	218996117	219196117	harbor2	chr2	219048400	219048771	LTR/ERVL-MaLR	877	-	186	219048586	52469
chr2	201502385	201702385	harbor2	chr2	201507678	201508056	LTR/ERVL-MaLR	1923	-	189	201507867	5482
chr2	201502385	201702385	harbor2	chr2	201516248	201516602	LTR/ERVL-MaLR	1929	-	177	201516425	14040
chr2	201502385	201702385	harbor2	chr2	201521233	201521630	LTR/ERVL-MaLR	1681	-	198	201521431	19046
chr2	201502385	201702385	harbor2	chr2	201547993	201548054	LTR/ERVL-MaLR	1809	-	30	201548023	45638
chr2	201502385	201702385	harbor2	chr2	201548201	201548521	LTR/ERVL-MaLR	1809	-	160	201548361	45976
chr2	148649890	148849890	harbor2	chr2	148662900	148663185	LTR/ERVL-MaLR	470	-	142	148663042	13152
chr2	144946065	145146065	harbor2	chr2	144959075	144959447	LTR/ERVL-MaLR	680	-	186	144959261	13196
chr2	144946065	145146065	harbor2	chr2	144961849	144962222	LTR/ERVL-MaLR	978	-	186	144962035	15970
chr2	144946065	145146065	harbor2	chr2	144968482	144968854	LTR/ERVL-MaLR	1893	-	186	144968668	22603
chr2	144946065	145146065	harbor2	chr2	144968855	144970434	LTR/ERVL-MaLR	11979	-	790	144969645	23580
chr2	144946065	145146065	harbor2	chr2	144970435	144970803	LTR/ERVL-MaLR	1953	-	184	144970619	24554
chr2	144946065	145146065	harbor2	chr2	144974110	144974485	LTR/ERVL-MaLR	2620	-	188	144974298	28233
chr2	144946065	145146065	harbor2	chr2	144991297	144991653	LTR/ERVL-MaLR	1837	-	178	144991475	45410
chr2	144946065	145146065	harbor2	chr2	145033782	145034124	LTR/ERVL-MaLR	2312	-	171	145033953	87888
chr2	173845788	174045788	harbor2	chr2	173848229	173848643	LTR/ERVL-MaLR	2870	-	207	173848436	2648
chr2	173845788	174045788	harbor2	chr2	173878254	173878607	LTR/ERVL-MaLR	771	-	176	173878430	32642
chr2	173845788	174045788	harbor2	chr2	173896219	173896570	LTR/ERVL-MaLR	2206	-	176	173896395	50607
chr2	173845788	174045788	harbor2	chr2	173926863	173927266	LTR/ERVL-MaLR	2370	-	202	173927065	81277
chr2	173845788	174045788	harbor2	chr2	173928923	173929253	LTR/ERVL-MaLR	601	-	165	173929088	83300
chr2	173845788	174045788	harbor2	chr2	173929289	173930293	LTR/ERVL-MaLR	1513	-	502	173929791	84003
chr2	173845788	174045788	harbor2	chr2	173930424	173930769	LTR/ERVL-MaLR	1513	-	172	173930596	84808
chr2	230510549	230710549	harbor2	chr2	230541479	230541834	LTR/ERVL-MaLR	1308	-	178	230541657	31108
chr2	230510549	230710549	harbor2	chr2	230570390	230570770	LTR/ERVL-MaLR	2074	-	190	230570580	60031
chr2	230510549	230710549	harbor2	chr2	230570773	230571876	LTR/ERVL-MaLR	7544	-	552	230571325	60776
chr2	230510549	230710549	harbor2	chr2	230573958	230574494	LTR/ERVL-MaLR	3918	-	268	230574226	63677
chr2	230510549	230710549	harbor2	chr2	230574495	230574878	LTR/ERVL-MaLR	2255	-	192	230574687	64138
chr2	241957201	242157201	harbor2	chr2	241957123	241957348	LTR/ERVL-MaLR	1214	-	112	241957235	34
chr2	241957201	242157201	harbor2	chr2	241957356	241957657	LTR/ERVL-MaLR	1170	-	150	241957506	305
chr2	241957201	242157201	harbor2	chr2	241957671	241958051	LTR/ERVL-MaLR	1105	-	190	241957861	660
chr2	241957201	242157201	harbor2	chr2	241958052	241958277	LTR/ERVL-MaLR	2407	-	112	241958164	963
chr2	241957201	242157201	harbor2	chr2	241958580	241958726	LTR/ERVL-MaLR	2407	-	73	241958653	1452
chr2	241957201	242157201	harbor2	chr2	241958727	241958771	LTR/ERVL-MaLR	1105	-	22	241958749	1548
chr2	241957201	242157201	harbor2	chr2	241972966	241973306	LTR/ERVL-MaLR	1132	-	170	241973136	15935
chr2	241957201	242157201	harbor2	chr2	241978631	241978950	LTR/ERVL-MaLR	1254	-	160	241978791	21590
chr2	241957201	242157201	harbor2	chr2	241980704	241981067	LTR/ERVL-MaLR	1699	-	182	241980886	23685
chr2	241957201	242157201	harbor2	chr2	241990820	241991102	LTR/ERVL-MaLR	771	-	141	241990961	33760
chr2	241957201	242157201	harbor2	chr2	241993248	241993552	LTR/ERVL-MaLR	989	-	152	241993400	36199
chr2	241957201	242157201	harbor2	chr2	242017354	242017456	LTR/ERVL-MaLR	491	-	51	242017405	60204
chr2	123192333	123392333	harbor2	chr2	123193826	123194231	LTR/ERVL-MaLR	2226	-	202	123194028	1695
chr2	123192333	123392333	harbor2	chr2	123222711	123223068	LTR/ERVL-MaLR	2102	-	178	123222889	30556
chr2	123192333	123392333	harbor2	chr2	123224673	123225033	LTR/ERVL-MaLR	1957	-	180	123224853	32520
chr2	123192333	123392333	harbor2	chr2	123261535	123261888	LTR/ERVL-MaLR	2165	-	176	123261711	69378
chr2	123192333	123392333	harbor2	chr2	123268881	123269133	LTR/ERVL-MaLR	958	-	126	123269007	76674
chr2	123192333	123392333	harbor2	chr2	123223069	123224672	LTR/ERVL-MaLR	9987	-	802	123223871	31538
chr2	179329043	179529043	harbor2	chr2	179347346	179347763	LTR/ERVL-MaLR	1465	-	208	179347554	18511
chr2	179329043	179529043	harbor2	chr2	179356576	179356891	LTR/ERVL-MaLR	1651	-	158	179356734	27691
chr2	179329043	179529043	harbor2	chr2	179361279	179361810	LTR/ERVL-MaLR	873	-	266	179361545	32502
chr2	179329043	179529043	harbor2	chr2	179367732	179368264	LTR/ERVL-MaLR	2173	-	266	179367998	38955
chr2	179329043	179529043	harbor2	chr2	179405273	179405497	LTR/ERVL-MaLR	879	-	112	179405385	76342
chr2	179329043	179529043	harbor2	chr2	179408123	179408524	LTR/ERVL-MaLR	1696	-	200	179408323	79280
chr2	154137434	154337434	harbor2	chr2	154168485	154168552	LTR/ERVL-MaLR	1908	-	34	154168519	31085
chr2	154137434	154337434	harbor2	chr2	154168872	154169264	LTR/ERVL-MaLR	1908	-	196	154169068	31634
chr2	154137434	154337434	harbor2	chr2	154184569	154184787	LTR/ERVL-MaLR	662	-	109	154184678	47244
chr2	154137434	154337434	harbor2	chr2	154200431	154200824	LTR/ERVL-MaLR	2032	-	196	154200627	63193
chr2	154137434	154337434	harbor2	chr2	154205529	154205821	LTR/ERVL-MaLR	1767	-	146	154205675	68241
chr2	240485428	240685428	harbor2	chr2	240555976	240556198	LTR/ERVL-MaLR	565	-	111	240556087	70659
chr2	240485428	240685428	harbor2	chr2	240556748	240556797	LTR/ERVL-MaLR	542	-	24	240556772	71344
chr2	240485428	240685428	harbor2	chr2	240584104	240584142	LTR/ERVL-MaLR	1341	-	19	240584123	98695
chr2	240485428	240685428	harbor2	chr2	240584468	240584856	LTR/ERVL-MaLR	1341	-	194	240584662	99234
chr2	228308760	228508760	harbor2	chr2	228362471	228362844	LTR/ERVL-MaLR	2445	-	186	228362657	53897
chr2	228308760	228508760	harbor2	chr2	228373241	228373651	LTR/ERVL-MaLR	2494	-	205	228373446	64686
chr2	228308760	228508760	harbor2	chr2	228379068	228379562	LTR/ERVL-MaLR	1551	-	247	228379315	70555
chr2	228308760	228508760	harbor2	chr2	228394728	228395021	LTR/ERVL-MaLR	2249	-	146	228394874	86114
chr2	228308760	228508760	harbor2	chr2	228395222	228395286	LTR/ERVL-MaLR	492	-	32	228395254	86494
chr2	228308760	228508760	harbor2	chr2	228395291	228396812	LTR/ERVL-MaLR	10525	-	760	228396051	87291
chr2	228308760	228508760	harbor2	chr2	228396814	228397102	LTR/ERVL-MaLR	2569	-	144	228396958	88198
chr2	228308760	228508760	harbor2	chr2	228398095	228398169	LTR/ERVL-MaLR	2569	-	37	228398132	89372
chr2	189967004	190167004	harbor2	chr2	189986583	189986744	LTR/ERVL-MaLR	971	-	80	189986663	19659
chr2	189967004	190167004	harbor2	chr2	190014189	190014563	LTR/ERVL-MaLR	1904	-	187	190014376	47372
chr2	189967004	190167004	harbor2	chr2	190014564	190016181	LTR/ERVL-MaLR	9725	-	808	190015372	48368
chr2	189967004	190167004	harbor2	chr2	190016185	190016551	LTR/ERVL-MaLR	2173	-	183	190016368	49364
chr2	189967004	190167004	harbor2	chr2	190021816	190022233	LTR/ERVL-MaLR	2308	-	208	190022024	55020
chr2	171353917	171553917	harbor2	chr2	171406358	171406721	LTR/ERVL-MaLR	1558	-	182	171406540	52623
chr2	171353917	171553917	harbor2	chr2	171412045	171412461	LTR/ERVL-MaLR	1331	-	208	171412253	58336
chr2	201676087	201876087	harbor2	chr2	201680221	201680586	LTR/ERVL-MaLR	2413	-	182	201680403	4316
chr2	201676087	201876087	harbor2	chr2	201695004	201695340	LTR/ERVL-MaLR	773	-	168	201695172	19085
chr2	229281317	229481317	harbor2	chr2	229303232	229303467	LTR/ERVL-MaLR	982	-	118	229303350	22033
chr2	229281317	229481317	harbor2	chr2	229306477	229306650	LTR/ERVL-MaLR	753	-	86	229306563	25246
chr2	229281317	229481317	harbor2	chr2	229306750	229307190	LTR/ERVL-MaLR	1674	-	220	229306970	25653
chr2	182581973	182781973	harbor2	chr2	182598790	182599022	LTR/ERVL-MaLR	705	-	116	182598906	16933
chr2	182581973	182781973	harbor2	chr2	182599223	182599560	LTR/ERVL-MaLR	954	-	168	182599391	17418
chr2	182581973	182781973	harbor2	chr2	182615590	182616014	LTR/ERVL-MaLR	1897	-	212	182615802	33829
chr2	182581973	182781973	harbor2	chr2	182619739	182620093	LTR/ERVL-MaLR	1227	-	177	182619916	37943
chr2	182581973	182781973	harbor2	chr2	182636664	182637212	LTR/ERVL-MaLR	2202	-	274	182636938	54965
chr2	182581973	182781973	harbor2	chr2	182642463	182642554	LTR/ERVL-MaLR	411	-	46	182642509	60536
chr2	182581973	182781973	harbor2	chr2	182658103	182658558	LTR/ERVL-MaLR	1499	-	228	182658331	76358
chr2	168617520	168817520	harbor2	chr2	168643656	168643949	LTR/ERVL-MaLR	1085	-	146	168643802	26282
chr2	168617520	168817520	harbor2	chr2	168651444	168651804	LTR/ERVL-MaLR	2091	-	180	168651624	34104
chr2	168617520	168817520	harbor2	chr2	168669025	168669524	LTR/ERVL-MaLR	926	-	250	168669275	51755
chr2	168617520	168817520	harbor2	chr2	168686047	168686381	LTR/ERVL-MaLR	979	-	167	168686214	68694
chr2	168617520	168817520	harbor2	chr2	168693689	168693840	LTR/ERVL-MaLR	861	-	76	168693765	76245
chr2	168617520	168817520	harbor2	chr2	168696519	168696857	LTR/ERVL-MaLR	1467	-	169	168696688	79168
chr2	168617520	168817520	harbor2	chr2	168698273	168698667	LTR/ERVL-MaLR	2192	-	197	168698470	80950
chr2	168617520	168817520	harbor2	chr2	168713937	168714298	LTR/ERVL-MaLR	2121	-	180	168714117	96597
chr2	235579117	235779117	harbor2	chr2	235601108	235601263	LTR/ERVL-MaLR	587	-	78	235601186	22069
chr2	235579117	235779117	harbor2	chr2	235601358	235601698	LTR/ERVL-MaLR	2213	-	170	235601528	22411
chr2	235579117	235779117	harbor2	chr2	235610312	235610669	LTR/ERVL-MaLR	1541	-	178	235610490	31373
chr2	235579117	235779117	harbor2	chr2	235645537	235645774	LTR/ERVL-MaLR	518	-	118	235645655	66538
chr2	235579117	235779117	harbor2	chr2	235585109	235585553	LTR/ERVL-MaLR	1520	-	222	235585331	6214
chr2	174274517	174474517	harbor2	chr2	174281760	174282150	LTR/ERVL-MaLR	1879	-	195	174281955	7438
chr2	174274517	174474517	harbor2	chr2	174315092	174315494	LTR/ERVL-MaLR	2106	-	201	174315293	40776
chr2	174274517	174474517	harbor2	chr2	174363540	174363896	LTR/ERVL-MaLR	2517	-	178	174363718	89201
chr2	174274517	174474517	harbor2	chr2	174363899	174365479	LTR/ERVL-MaLR	12301	-	790	174364689	90172
chr2	174274517	174474517	harbor2	chr2	174365480	174365834	LTR/ERVL-MaLR	2237	-	177	174365657	91140
chr2	234952307	235152307	harbor2	chr2	234990704	234991133	LTR/ERVL-MaLR	1658	-	214	234990918	38611
chr2	234952307	235152307	harbor2	chr2	235010588	235010742	LTR/ERVL-MaLR	521	-	77	235010665	58358
chr2	234952307	235152307	harbor2	chr2	235011228	235011542	LTR/ERVL-MaLR	1135	-	157	235011385	59078
chr2	234952307	235152307	harbor2	chr2	235014477	235014889	LTR/ERVL-MaLR	1285	-	206	235014683	62376
chr2	234952307	235152307	harbor2	chr2	235033153	235033485	LTR/ERVL-MaLR	950	-	166	235033319	81012
chr2	234952307	235152307	harbor2	chr2	235051935	235052352	LTR/ERVL-MaLR	1160	-	208	235052143	99836
chr2	234736652	234936652	harbor2	chr2	234747842	234748192	LTR/ERVL-MaLR	2280	-	175	234748017	11365
chr2	234736652	234936652	harbor2	chr2	234749161	234749278	LTR/ERVL-MaLR	1589	-	58	234749219	12567
chr2	234736652	234936652	harbor2	chr2	234749580	234749836	LTR/ERVL-MaLR	1589	-	128	234749708	13056
chr2	234736652	234936652	harbor2	chr2	234763718	234764113	LTR/ERVL-MaLR	1592	-	198	234763916	27264
chr2	234736652	234936652	harbor2	chr2	234767963	234768433	LTR/ERVL-MaLR	1220	-	235	234768198	31546
chr2	234736652	234936652	harbor2	chr2	234786749	234786965	LTR/ERVL-MaLR	2063	-	108	234786857	50205
chr2	234736652	234936652	harbor2	chr2	234787278	234787440	LTR/ERVL-MaLR	2063	-	81	234787359	50707
chr2	234736652	234936652	harbor2	chr2	234798121	234798326	LTR/ERVL-MaLR	512	-	102	234798223	61571
chr2	234736652	234936652	harbor2	chr2	234798447	234798679	LTR/ERVL-MaLR	591	-	116	234798563	61911
chr2	234736652	234936652	harbor2	chr2	234803767	234804041	LTR/ERVL-MaLR	1737	-	137	234803904	67252
chr2	234736652	234936652	harbor2	chr2	234811767	234812305	LTR/ERVL-MaLR	1750	-	269	234812036	75384
chr2	214641648	214841648	harbor2	chr2	214672718	214672922	LTR/ERVL-MaLR	1757	-	102	214672820	31172
chr2	214641648	214841648	harbor2	chr2	214673231	214673505	LTR/ERVL-MaLR	1757	-	137	214673368	31720
chr2	214641648	214841648	harbor2	chr2	214693446	214693633	LTR/ERVL-MaLR	636	-	94	214693540	51892
chr2	214641648	214841648	harbor2	chr2	214701144	214701575	LTR/ERVL-MaLR	2163	-	216	214701360	59712
chr2	234396660	234596660	harbor2	chr2	234441338	234441640	LTR/ERVL-MaLR	1636	-	151	234441489	44829
chr2	234396660	234596660	harbor2	chr2	234464517	234464995	LTR/ERVL-MaLR	1458	-	239	234464756	68096
chr2	234396660	234596660	harbor2	chr2	234471781	234472029	LTR/ERVL-MaLR	1603	-	124	234471905	75245
chr2	234396660	234596660	harbor2	chr2	234472297	234472543	LTR/ERVL-MaLR	1603	-	123	234472420	75760
chr2	234396660	234596660	harbor2	chr2	234473091	234473223	LTR/ERVL-MaLR	709	-	66	234473157	76497
chr2	234396660	234596660	harbor2	chr2	234473688	234474097	LTR/ERVL-MaLR	2450	-	204	234473892	77232
chr2	234396660	234596660	harbor2	chr2	234486919	234487417	LTR/ERVL-MaLR	859	-	249	234487168	90508
chr2	188548667	188748667	harbor2	chr2	188556712	188556754	LTR/ERVL-MaLR	697	-	21	188556733	8066
chr2	188548667	188748667	harbor2	chr2	188557046	188557147	LTR/ERVL-MaLR	697	-	50	188557096	8429
chr2	188548667	188748667	harbor2	chr2	188557149	188557748	LTR/ERVL-MaLR	3784	-	300	188557449	8782
chr2	188548667	188748667	harbor2	chr2	188557769	188558160	LTR/ERVL-MaLR	2050	-	196	188557965	9298
chr2	188548667	188748667	harbor2	chr2	188560091	188560592	LTR/ERVL-MaLR	3132	-	250	188560341	11674
chr2	188548667	188748667	harbor2	chr2	188560593	188561033	LTR/ERVL-MaLR	2409	-	220	188560813	12146
chr2	188548667	188748667	harbor2	chr2	188584957	188586164	LTR/ERVL-MaLR	8713	-	604	188585561	36894
chr2	188548667	188748667	harbor2	chr2	188607501	188607818	LTR/ERVL-MaLR	410	-	158	188607659	58992
chr2	188548667	188748667	harbor2	chr2	188609320	188609646	LTR/ERVL-MaLR	1326	-	163	188609483	60816
chr2	188548667	188748667	harbor2	chr2	188610010	188610375	LTR/ERVL-MaLR	1712	-	182	188610192	61525
chr2	188548667	188748667	harbor2	chr2	188610367	188611695	LTR/ERVL-MaLR	3724	-	664	188611031	62364
chr2	188548667	188748667	harbor2	chr2	188611696	188612127	LTR/ERVL-MaLR	1767	-	216	188611912	63245
chr2	188548667	188748667	harbor2	chr2	188620684	188621044	LTR/ERVL-MaLR	2367	-	180	188620864	72197
chr2	188548667	188748667	harbor2	chr2	188621067	188621480	LTR/ERVL-MaLR	2086	-	206	188621273	72606
chr2	232266425	232466425	harbor2	chr2	232294111	232294315	LTR/ERVL-MaLR	469	-	102	232294213	27788
chr2	232266425	232466425	harbor2	chr2	232313691	232314054	LTR/ERVL-MaLR	2419	-	182	232313873	47448
chr2	213880953	214080953	harbor2	chr2	213881458	213881827	LTR/ERVL-MaLR	2301	-	184	213881642	689
chr2	213880953	214080953	harbor2	chr2	213902297	213902650	LTR/ERVL-MaLR	2331	-	176	213902473	21520
chr2	213880953	214080953	harbor2	chr2	213902652	213904222	LTR/ERVL-MaLR	10952	-	785	213903437	22484
chr2	213880953	214080953	harbor2	chr2	213904223	213904579	LTR/ERVL-MaLR	2212	-	178	213904401	23448
chr2	213880953	214080953	harbor2	chr2	213914933	213915122	LTR/ERVL-MaLR	1362	-	94	213915027	34074
chr2	213880953	214080953	harbor2	chr2	213916563	213916735	LTR/ERVL-MaLR	1035	-	86	213916649	35696
chr2	213880953	214080953	harbor2	chr2	213926926	213927300	LTR/ERVL-MaLR	1445	-	187	213927113	46160
chr2	213880953	214080953	harbor2	chr2	213942668	213942803	LTR/ERVL-MaLR	511	-	68	213942736	61783
chr2	213880953	214080953	harbor2	chr2	213969888	213970246	LTR/ERVL-MaLR	1848	-	179	213970067	89114
chr2	213880953	214080953	harbor2	chr2	213975783	213976098	LTR/ERVL-MaLR	792	-	158	213975941	94988
chr2	213880953	214080953	harbor2	chr2	213977190	213978125	LTR/ERVL-MaLR	3197	-	468	213977658	96705
chr2	213880953	214080953	harbor2	chr2	213978195	213978562	LTR/ERVL-MaLR	1454	-	184	213978379	97426
chr2	213880953	214080953	harbor2	chr2	213978566	213978852	LTR/ERVL-MaLR	942	-	143	213978709	97756
chr2	213880953	214080953	harbor2	chr2	213978990	213979205	LTR/ERVL-MaLR	424	-	108	213979098	98145
chr2	213880953	214080953	harbor2	chr2	213979369	213979741	LTR/ERVL-MaLR	2285	-	186	213979555	98602
chr2	199006957	199206957	harbor2	chr2	199034852	199035050	LTR/ERVL-MaLR	615	-	99	199034951	27994
chr2	199006957	199206957	harbor2	chr2	199038900	199039280	LTR/ERVL-MaLR	2272	-	190	199039090	32133
chr2	199006957	199206957	harbor2	chr2	199058588	199058782	LTR/ERVL-MaLR	1198	-	97	199058685	51728
chr2	199006957	199206957	harbor2	chr2	199081344	199081800	LTR/ERVL-MaLR	1343	-	228	199081572	74615
chr2	199006957	199206957	harbor2	chr2	199087812	199088088	LTR/ERVL-MaLR	589	-	138	199087950	80993
chr2	199006957	199206957	harbor2	chr2	199091472	199091831	LTR/ERVL-MaLR	1344	-	180	199091652	84695
chr2	199006957	199206957	harbor2	chr2	199091832	199093363	LTR/ERVL-MaLR	4284	-	766	199092598	85641
chr2	199006957	199206957	harbor2	chr2	199093364	199093762	LTR/ERVL-MaLR	1472	-	199	199093563	86606
chr2	177353826	177553826	harbor2	chr2	177404964	177405190	LTR/ERVL-MaLR	746	-	113	177405077	51251
chr2	177353826	177553826	harbor2	chr2	177407306	177407709	LTR/ERVL-MaLR	2093	-	202	177407508	53682
chr2	177353826	177553826	harbor2	chr2	177432711	177433089	LTR/ERVL-MaLR	2035	-	189	177432900	79074
chr2	72253737	72453737	harbor2	chr2	72311112	72311699	LTR/ERVL-MaLR	2291	-	294	72311406	57669
chr2	72253737	72453737	harbor2	chr2	72347986	72348337	LTR/ERVL-MaLR	1845	-	176	72348162	94425
chr2	197029951	197229951	harbor2	chr2	197049936	197050358	LTR/ERVL-MaLR	2533	-	211	197050147	20196
chr2	197029951	197229951	harbor2	chr2	197056870	197056985	LTR/ERVL-MaLR	677	-	58	197056928	26977
chr2	241465292	241665292	harbor2	chr2	241514391	241514693	LTR/ERVL-MaLR	911	-	151	241514542	49250
chr2	241465292	241665292	harbor2	chr2	241514694	241515053	LTR/ERVL-MaLR	1531	-	180	241514874	49582
chr2	241465292	241665292	harbor2	chr2	241515054	241515275	LTR/ERVL-MaLR	911	-	110	241515164	49872
chr2	241465292	241665292	harbor2	chr2	241526509	241526867	LTR/ERVL-MaLR	1784	-	179	241526688	61396
chr2	241465292	241665292	harbor2	chr2	241544695	241545219	LTR/ERVL-MaLR	1403	-	262	241544957	79665
chr2	241465292	241665292	harbor2	chr2	241553452	241553785	LTR/ERVL-MaLR	1466	-	166	241553618	88326
chr2	132934362	133134362	harbor2	chr2	133013315	133013673	LTR/ERVL-MaLR	2133	-	179	133013494	79132
chr2	132934362	133134362	harbor2	chr2	133030712	133030955	LTR/ERVL-MaLR	825	-	122	133030834	96472
chr2	132934362	133134362	harbor2	chr2	133032687	133033073	LTR/ERVL-MaLR	1962	-	193	133032880	98518
chr2	57469719	57669719	harbor2	chr2	57476329	57476943	LTR/ERVL-MaLR	1042	-	307	57476636	6917
chr2	57469719	57669719	harbor2	chr2	57477074	57477129	LTR/ERVL-MaLR	1042	-	28	57477102	7383
chr2	57469719	57669719	harbor2	chr2	57477455	57477594	LTR/ERVL-MaLR	1042	-	70	57477525	7806
chr2	57469719	57669719	harbor2	chr2	57477908	57478098	LTR/ERVL-MaLR	1042	-	95	57478003	8284
chr2	57469719	57669719	harbor2	chr2	57478102	57478614	LTR/ERVL-MaLR	1959	-	256	57478358	8639
chr2	57469719	57669719	harbor2	chr2	57503767	57504122	LTR/ERVL-MaLR	2363	-	178	57503945	34226
chr2	57469719	57669719	harbor2	chr2	57507018	57507349	LTR/ERVL-MaLR	1148	-	166	57507184	37465
chr2	57469719	57669719	harbor2	chr2	57529366	57529763	LTR/ERVL-MaLR	2043	-	198	57529564	59845
chr2	57469719	57669719	harbor2	chr2	57529808	57529873	LTR/ERVL-MaLR	421	-	32	57529840	60121
chr2	57469719	57669719	harbor2	chr2	57542095	57542449	LTR/ERVL-MaLR	1866	-	177	57542272	72553
chr2	57469719	57669719	harbor2	chr2	57551580	57551952	LTR/ERVL-MaLR	2596	-	186	57551766	82047
chr2	220743709	220943709	harbor2	chr2	220788923	220789280	LTR/ERVL-MaLR	1734	-	178	220789101	45392
chr2	220743709	220943709	harbor2	chr2	220801569	220801784	LTR/ERVL-MaLR	2223	-	108	220801677	57968
chr2	220743709	220943709	harbor2	chr2	220802081	220802272	LTR/ERVL-MaLR	2223	-	96	220802177	58468
chr2	220743709	220943709	harbor2	chr2	220810629	220811123	LTR/ERVL-MaLR	1978	-	247	220810876	67167
chr2	220743709	220943709	harbor2	chr2	220813724	220813848	LTR/ERVL-MaLR	535	-	62	220813786	70077
chr2	220743709	220943709	harbor2	chr2	220774344	220774582	LTR/ERVL-MaLR	1200	-	119	220774463	30754
chr2	13955983	14155983	harbor2	chr2	13975235	13975447	LTR/ERVL-MaLR	432	-	106	13975341	19358
chr2	13955983	14155983	harbor2	chr2	13991055	13991408	LTR/ERVL-MaLR	2388	-	176	13991231	35248
chr2	13955983	14155983	harbor2	chr2	13992914	13993268	LTR/ERVL-MaLR	2331	-	177	13993091	37108
chr2	13955983	14155983	harbor2	chr2	14055209	14055589	LTR/ERVL-MaLR	1281	-	190	14055399	99416
chr2	13955983	14155983	harbor2	chr2	13991414	13992911	LTR/ERVL-MaLR	9521	-	748	13992162	36179
chr2	203777634	203977634	harbor2	chr2	203780681	203780731	LTR/ERVL-MaLR	730	-	25	203780706	3072
chr2	203777634	203977634	harbor2	chr2	203781029	203781387	LTR/ERVL-MaLR	730	-	179	203781208	3574
chr2	203777634	203977634	harbor2	chr2	203809936	203810150	LTR/ERVL-MaLR	1169	-	107	203810043	32409
chr2	203777634	203977634	harbor2	chr2	203812260	203812781	LTR/ERVL-MaLR	703	-	260	203812520	34886
chr2	203777634	203977634	harbor2	chr2	203822143	203822681	LTR/ERVL-MaLR	1064	-	269	203822412	44778
chr2	203777634	203977634	harbor2	chr2	203827542	203827602	LTR/ERVL-MaLR	595	-	30	203827572	49938
chr2	203777634	203977634	harbor2	chr2	203827948	203828018	LTR/ERVL-MaLR	595	-	35	203827983	50349
chr2	203777634	203977634	harbor2	chr2	203828273	203828694	LTR/ERVL-MaLR	1604	-	210	203828483	50849
chr2	203777634	203977634	harbor2	chr2	203829001	203829114	LTR/ERVL-MaLR	1604	-	56	203829057	51423
chr2	203777634	203977634	harbor2	chr2	203839797	203840245	LTR/ERVL-MaLR	1767	-	224	203840021	62387
chr2	203777634	203977634	harbor2	chr2	203851859	203852219	LTR/ERVL-MaLR	1740	-	180	203852039	74405
chr2	157174367	157374367	harbor2	chr2	157200789	157201139	LTR/ERVL-MaLR	1264	-	175	157200964	26597
chr2	157174367	157374367	harbor2	chr2	157218612	157218809	LTR/ERVL-MaLR	931	-	98	157218710	44343
chr2	157174367	157374367	harbor2	chr2	157256837	157257194	LTR/ERVL-MaLR	2132	-	178	157257015	82648
chr2	225205974	225405974	harbor2	chr2	225214647	225215048	LTR/ERVL-MaLR	2209	-	200	225214847	8873
chr2	225205974	225405974	harbor2	chr2	225219027	225219380	LTR/ERVL-MaLR	2370	-	176	225219203	13229
chr2	225205974	225405974	harbor2	chr2	225235866	225236239	LTR/ERVL-MaLR	533	-	186	225236052	30078
chr2	225205974	225405974	harbor2	chr2	225256833	225257265	LTR/ERVL-MaLR	2547	-	216	225257049	51075
chr2	225205974	225405974	harbor2	chr2	225269453	225269825	LTR/ERVL-MaLR	2222	-	186	225269639	63665
chr2	180190418	180390418	harbor2	chr2	180243670	180244018	LTR/ERVL-MaLR	2035	-	174	180243844	53426
chr2	180190418	180390418	harbor2	chr2	180251697	180252079	LTR/ERVL-MaLR	1380	-	191	180251888	61470
chr2	210938248	211138248	harbor2	chr2	210942027	210942404	LTR/ERVL-MaLR	2241	-	188	210942215	3967
chr2	210938248	211138248	harbor2	chr2	210951713	210952101	LTR/ERVL-MaLR	1973	-	194	210951907	13659
chr2	214228839	214428839	harbor2	chr2	214317526	214317676	LTR/ERVL-MaLR	423	-	75	214317601	88762
chr2	214228839	214428839	harbor2	chr2	214317719	214317924	LTR/ERVL-MaLR	531	-	102	214317821	88982
chr2	214228839	214428839	harbor2	chr2	214320472	214320848	LTR/ERVL-MaLR	2150	-	188	214320660	91821
chr2	70597744	70797744	harbor2	chr2	70615391	70615747	LTR/ERVL-MaLR	1712	-	178	70615569	17825
chr2	70597744	70797744	harbor2	chr2	70639994	70640375	LTR/ERVL-MaLR	1119	-	190	70640184	42440
chr2	70597744	70797744	harbor2	chr2	70670139	70670211	LTR/ERVL-MaLR	402	-	36	70670175	72431
chr2	235445541	235645541	harbor2	chr2	235470470	235470847	LTR/ERVL-MaLR	1354	-	188	235470658	25117
chr2	235445541	235645541	harbor2	chr2	235485753	235486122	LTR/ERVL-MaLR	607	-	184	235485937	40396
chr2	235445541	235645541	harbor2	chr2	235489887	235490395	LTR/ERVL-MaLR	2356	-	254	235490141	44600
chr2	235445541	235645541	harbor2	chr2	235517020	235517344	LTR/ERVL-MaLR	946	-	162	235517182	71641
chr2	235445541	235645541	harbor2	chr2	235522948	235523318	LTR/ERVL-MaLR	1407	-	185	235523133	77592
chr2	235445541	235645541	harbor2	chr2	235530376	235530848	LTR/ERVL-MaLR	2169	-	236	235530612	85071
chr2	124433387	124633387	harbor2	chr2	124480986	124481350	LTR/ERVL-MaLR	1403	-	182	124481168	47781
chr2	124433387	124633387	harbor2	chr2	124489188	124489570	LTR/ERVL-MaLR	1993	-	191	124489379	55992
chr2	124433387	124633387	harbor2	chr2	124506684	124506919	LTR/ERVL-MaLR	950	-	118	124506802	73415
chr2	124433387	124633387	harbor2	chr2	124507843	124508082	LTR/ERVL-MaLR	880	-	120	124507963	74576
chr2	124433387	124633387	harbor2	chr2	124513069	124513428	LTR/ERVL-MaLR	1862	-	180	124513249	79862
chr2	226416283	226616283	harbor2	chr2	226416905	226416989	LTR/ERVL-MaLR	526	-	42	226416947	664
chr2	226416283	226616283	harbor2	chr2	226428129	226428473	LTR/ERVL-MaLR	1460	-	172	226428301	12018
chr2	226416283	226616283	harbor2	chr2	226436229	226436586	LTR/ERVL-MaLR	2142	-	178	226436407	20124
chr2	226416283	226616283	harbor2	chr2	226437155	226437589	LTR/ERVL-MaLR	2902	-	217	226437372	21089
chr2	226416283	226616283	harbor2	chr2	226460567	226460910	LTR/ERVL-MaLR	2037	-	172	226460739	44456
chr2	226416283	226616283	harbor2	chr2	226509715	226510130	LTR/ERVL-MaLR	589	-	208	226509923	93640
chr2	226416283	226616283	harbor2	chr2	226513116	226513489	LTR/ERVL-MaLR	2340	-	186	226513302	97019
chr2	223711393	223911393	harbor2	chr2	223726062	223726409	LTR/ERVL-MaLR	1471	-	174	223726236	14843
chr2	223711393	223911393	harbor2	chr2	223732173	223732554	LTR/ERVL-MaLR	2596	-	190	223732363	20970
chr2	223711393	223911393	harbor2	chr2	223739225	223739575	LTR/ERVL-MaLR	2776	-	175	223739400	28007
chr2	223711393	223911393	harbor2	chr2	223750147	223750455	LTR/ERVL-MaLR	406	-	154	223750301	38908
chr2	240927621	241127621	harbor2	chr2	240946483	240946729	LTR/ERVL-MaLR	713	-	123	240946606	18985
chr2	72744643	72944643	harbor2	chr2	72781287	72781436	LTR/ERVL-MaLR	798	-	74	72781361	36718
chr2	72744643	72944643	harbor2	chr2	72781664	72781847	LTR/ERVL-MaLR	727	-	92	72781756	37113
chr2	72744643	72944643	harbor2	chr2	72784436	72784789	LTR/ERVL-MaLR	2751	-	176	72784612	39969
chr2	72744643	72944643	harbor2	chr2	72784790	72785940	LTR/ERVL-MaLR	8419	-	575	72785365	40722
chr2	229317158	229517158	harbor2	chr2	229404205	229404570	LTR/ERVL-MaLR	2319	-	182	229404387	87229
chr2	203551851	203751851	harbor2	chr2	203623956	203624242	LTR/ERVL-MaLR	1816	-	143	203624099	72248
chr2	203551851	203751851	harbor2	chr2	203624530	203624692	LTR/ERVL-MaLR	1816	-	81	203624611	72760
chr2	241108461	241308461	harbor2	chr2	241192012	241192054	LTR/ERVL-MaLR	1383	-	21	241192033	83572
chr2	241108461	241308461	harbor2	chr2	241192340	241192658	LTR/ERVL-MaLR	1383	-	159	241192499	84038
chr2	241108461	241308461	harbor2	chr2	241208238	241208619	LTR/ERVL-MaLR	717	-	190	241208428	99967
chr2	228801323	229001323	harbor2	chr2	228810441	228810757	LTR/ERVL-MaLR	1657	-	158	228810599	9276
chr2	228801323	229001323	harbor2	chr2	228820844	228821196	LTR/ERVL-MaLR	2041	-	176	228821020	19697
chr2	228801323	229001323	harbor2	chr2	228830699	228830871	LTR/ERVL-MaLR	899	-	86	228830785	29462
chr2	228801323	229001323	harbor2	chr2	228833164	228833344	LTR/ERVL-MaLR	757	-	90	228833254	31931
chr2	228801323	229001323	harbor2	chr2	228836366	228836803	LTR/ERVL-MaLR	815	-	218	228836584	35261
chr2	228801323	229001323	harbor2	chr2	228879112	228879170	LTR/ERVL-MaLR	1235	-	29	228879141	77818
chr2	228801323	229001323	harbor2	chr2	228879466	228879809	LTR/ERVL-MaLR	1235	-	172	228879638	78315
chr2	228801323	229001323	harbor2	chr2	228885337	228885554	LTR/ERVL-MaLR	2069	-	108	228885445	84122
chr2	228801323	229001323	harbor2	chr2	228885867	228886068	LTR/ERVL-MaLR	2069	-	100	228885967	84644
chr2	205106837	205306837	harbor2	chr2	205120507	205120775	LTR/ERVL-MaLR	529	-	134	205120641	13804
chr2	205106837	205306837	harbor2	chr2	205137529	205138011	LTR/ERVL-MaLR	734	-	241	205137770	30933
chr2	205106837	205306837	harbor2	chr2	205182681	205183016	LTR/ERVL-MaLR	543	-	168	205182849	76012
chr2	238482499	238682499	harbor2	chr2	238505483	238505710	LTR/ERVL-MaLR	409	-	114	238505597	23098
chr2	238482499	238682499	harbor2	chr2	238506121	238506489	LTR/ERVL-MaLR	1777	-	184	238506305	23806
chr2	238482499	238682499	harbor2	chr2	238527448	238527669	LTR/ERVL-MaLR	504	-	110	238527558	45059
chr2	238482499	238682499	harbor2	chr2	238532442	238532809	LTR/ERVL-MaLR	2448	-	184	238532626	50127
chr2	238482499	238682499	harbor2	chr2	238554484	238554778	LTR/ERVL-MaLR	603	-	147	238554631	72132
chr2	238482499	238682499	harbor2	chr2	238576774	238577057	LTR/ERVL-MaLR	659	-	142	238576916	94417
chr2	238482499	238682499	harbor2	chr2	238577113	238577310	LTR/ERVL-MaLR	529	-	98	238577211	94712
chr2	238482499	238682499	harbor2	chr2	238577317	238577682	LTR/ERVL-MaLR	850	-	182	238577499	95000
chr2	238482499	238682499	harbor2	chr2	238577683	238578099	LTR/ERVL-MaLR	2403	-	208	238577891	95392
chr2	238482499	238682499	harbor2	chr2	238578100	238578154	LTR/ERVL-MaLR	850	-	27	238578127	95628
chr2	222917583	223117583	harbor2	chr2	222936666	222937065	LTR/ERVL-MaLR	1990	-	200	222936866	19283
chr2	222917583	223117583	harbor2	chr2	222964829	222964866	LTR/ERVL-MaLR	2235	-	18	222964847	47264
chr2	222917583	223117583	harbor2	chr2	222965167	222965497	LTR/ERVL-MaLR	2235	-	165	222965332	47749
chr2	222917583	223117583	harbor2	chr2	222987832	222988049	LTR/ERVL-MaLR	1630	-	108	222987940	70357
chr2	222917583	223117583	harbor2	chr2	222988050	222988402	LTR/ERVL-MaLR	2012	-	176	222988226	70643
chr2	222917583	223117583	harbor2	chr2	222988403	222988458	LTR/ERVL-MaLR	12217	-	28	222988431	70848
chr2	222917583	223117583	harbor2	chr2	222988770	222990291	LTR/ERVL-MaLR	12217	-	760	222989530	71947
chr2	222917583	223117583	harbor2	chr2	222990292	222990647	LTR/ERVL-MaLR	2213	-	178	222990470	72887
chr2	222917583	223117583	harbor2	chr2	222990648	222990777	LTR/ERVL-MaLR	1630	-	64	222990712	73129
chr2	222917583	223117583	harbor2	chr2	223005709	223006067	LTR/ERVL-MaLR	2079	-	179	223005888	88305
chr2	190765097	190965097	harbor2	chr2	190765954	190766115	LTR/ERVL-MaLR	472	-	80	190766034	937
chr2	190765097	190965097	harbor2	chr2	190766307	190766337	LTR/ERVL-MaLR	939	-	15	190766322	1225
chr2	190765097	190965097	harbor2	chr2	190766605	190766919	LTR/ERVL-MaLR	939	-	157	190766762	1665
chr2	190765097	190965097	harbor2	chr2	190793763	190794128	LTR/ERVL-MaLR	1703	-	182	190793945	28848
chr2	190765097	190965097	harbor2	chr2	190829570	190829968	LTR/ERVL-MaLR	2247	-	199	190829769	64672
chr2	190765097	190965097	harbor2	chr2	190838721	190838978	LTR/ERVL-MaLR	673	-	128	190838849	73752
chr2	190765097	190965097	harbor2	chr2	190839326	190839475	LTR/ERVL-MaLR	673	-	74	190839400	74303
chr2	141673041	141873041	harbor2	chr2	141709791	141710148	LTR/ERVL-MaLR	1821	-	178	141709969	36928
chr2	177490086	177690086	harbor2	chr2	177510085	177510452	LTR/ERVL-MaLR	1202	-	184	177510269	20183
chr2	177490086	177690086	harbor2	chr2	177560124	177560357	LTR/ERVL-MaLR	1590	-	116	177560240	70154
chr2	177490086	177690086	harbor2	chr2	177583000	177583351	LTR/ERVL-MaLR	1165	-	176	177583176	93090
chr2	241859547	242059547	harbor2	chr2	241887729	241888218	LTR/ERVL-MaLR	606	-	244	241887973	28426
chr2	241859547	242059547	harbor2	chr2	241924652	241924859	LTR/ERVL-MaLR	532	-	104	241924756	65209
chr2	241859547	242059547	harbor2	chr2	241942915	241943507	LTR/ERVL-MaLR	1599	-	296	241943211	83664
chr2	241859547	242059547	harbor2	chr2	241951702	241952198	LTR/ERVL-MaLR	574	-	248	241951950	92403
chr2	241859547	242059547	harbor2	chr2	241957123	241957348	LTR/ERVL-MaLR	1214	-	112	241957235	97688
chr2	241859547	242059547	harbor2	chr2	241957356	241957657	LTR/ERVL-MaLR	1170	-	150	241957506	97959
chr2	241859547	242059547	harbor2	chr2	241957671	241958051	LTR/ERVL-MaLR	1105	-	190	241957861	98314
chr2	241859547	242059547	harbor2	chr2	241958052	241958277	LTR/ERVL-MaLR	2407	-	112	241958164	98617
chr2	241859547	242059547	harbor2	chr2	241958580	241958726	LTR/ERVL-MaLR	2407	-	73	241958653	99106
chr2	241859547	242059547	harbor2	chr2	241958727	241958771	LTR/ERVL-MaLR	1105	-	22	241958749	99202
chr2	49297297	49497297	harbor2	chr2	49323234	49323658	LTR/ERVL-MaLR	2112	-	212	49323446	26149
chr2	49297297	49497297	harbor2	chr2	49330869	49331236	LTR/ERVL-MaLR	2010	-	184	49331053	33756
chr2	49297297	49497297	harbor2	chr2	49331938	49332142	LTR/ERVL-MaLR	520	-	102	49332040	34743
chr2	49297297	49497297	harbor2	chr2	49361980	49363553	LTR/ERVL-MaLR	11502	-	786	49362766	65469
chr2	49297297	49497297	harbor2	chr2	49363555	49363909	LTR/ERVL-MaLR	2700	-	177	49363732	66435
chr2	49297297	49497297	harbor2	chr2	49396160	49396517	LTR/ERVL-MaLR	1757	-	178	49396338	99041
chr2	49297297	49497297	harbor2	chr2	49396518	49396896	LTR/ERVL-MaLR	2115	-	189	49396707	99410
chr2	49297297	49497297	harbor2	chr2	49396897	49396908	LTR/ERVL-MaLR	1757	-	6	49396903	99606
chr2	209531007	209731007	harbor2	chr2	209617602	209617809	LTR/ERVL-MaLR	737	-	104	209617706	86699
chr2	175635640	175835640	harbor2	chr2	175641844	175642266	LTR/ERVL-MaLR	2606	-	211	175642055	6415
chr2	175635640	175835640	harbor2	chr2	175643587	175643937	LTR/ERVL-MaLR	2455	-	175	175643762	8122
chr2	175635640	175835640	harbor2	chr2	175732230	175732620	LTR/ERVL-MaLR	1174	-	195	175732425	96785
chr2	175515290	175715290	harbor2	chr2	175521954	175522508	LTR/ERVL-MaLR	2437	-	277	175522231	6941
chr2	175515290	175715290	harbor2	chr2	175542750	175543107	LTR/ERVL-MaLR	2212	-	178	175542928	27638
chr2	175515290	175715290	harbor2	chr2	175580121	175580516	LTR/ERVL-MaLR	790	-	198	175580319	65029
chr2	175515290	175715290	harbor2	chr2	175611279	175611496	LTR/ERVL-MaLR	636	-	108	175611387	96097
chr2	84989646	85189646	harbor2	chr2	85033361	85033780	LTR/ERVL-MaLR	1347	-	210	85033571	43925
chr2	84989646	85189646	harbor2	chr2	85079033	85079864	LTR/ERVL-MaLR	3293	-	416	85079449	89803
chr2	84989646	85189646	harbor2	chr2	85080173	85080250	LTR/ERVL-MaLR	911	-	38	85080211	90565
chr2	84989646	85189646	harbor2	chr2	85080805	85080899	LTR/ERVL-MaLR	2576	-	47	85080852	91206
chr2	84989646	85189646	harbor2	chr2	85081211	85081653	LTR/ERVL-MaLR	2576	-	221	85081432	91786
chr2	84989646	85189646	harbor2	chr2	85081654	85082215	LTR/ERVL-MaLR	1952	-	280	85081934	92288
chr2	149596618	149796618	harbor2	chr2	149607017	149607399	LTR/ERVL-MaLR	2479	-	191	149607208	10590
chr2	149596618	149796618	harbor2	chr2	149607753	149607779	LTR/ERVL-MaLR	2479	-	13	149607766	11148
chr2	149596618	149796618	harbor2	chr2	149607809	149608188	LTR/ERVL-MaLR	2047	-	190	149607999	11381
chr2	149596618	149796618	harbor2	chr2	149690408	149690515	LTR/ERVL-MaLR	1856	-	54	149690462	93844
chr2	149596618	149796618	harbor2	chr2	149690823	149691307	LTR/ERVL-MaLR	1856	-	242	149691065	94447
chr2	149596618	149796618	harbor2	chr2	149694816	149695192	LTR/ERVL-MaLR	1147	-	188	149695004	98386
chr2	215840333	216040333	harbor2	chr2	215852385	215852737	LTR/ERVL-MaLR	2169	-	176	215852561	12228
chr2	215840333	216040333	harbor2	chr2	215866836	215867332	LTR/ERVL-MaLR	2303	-	248	215867084	26751
chr2	215840333	216040333	harbor2	chr2	215882934	215883311	LTR/ERVL-MaLR	1466	-	188	215883122	42789
chr2	215840333	216040333	harbor2	chr2	215891248	215891747	LTR/ERVL-MaLR	1859	-	250	215891498	51165
chr2	215840333	216040333	harbor2	chr2	215896598	215896952	LTR/ERVL-MaLR	1928	-	177	215896775	56442
chr2	233170747	233370747	harbor2	chr2	233179852	233180287	LTR/ERVL-MaLR	1157	-	218	233180070	9323
chr2	233170747	233370747	harbor2	chr2	233191048	233191436	LTR/ERVL-MaLR	2451	-	194	233191242	20495
chr2	233170747	233370747	harbor2	chr2	233225405	233225733	LTR/ERVL-MaLR	1165	-	164	233225569	54822
chr2	233170747	233370747	harbor2	chr2	233225875	233226075	LTR/ERVL-MaLR	651	-	100	233225975	55228
chr2	233170747	233370747	harbor2	chr2	233231140	233231350	LTR/ERVL-MaLR	1495	-	105	233231245	60498
chr2	233170747	233370747	harbor2	chr2	233231690	233231843	LTR/ERVL-MaLR	1495	-	76	233231766	61019
chr2	233170747	233370747	harbor2	chr2	233237529	233237915	LTR/ERVL-MaLR	2202	-	193	233237722	66975
chr2	233170747	233370747	harbor2	chr2	233239206	233239423	LTR/ERVL-MaLR	677	-	108	233239314	68567
chr2	233170747	233370747	harbor2	chr2	233239588	233239808	LTR/ERVL-MaLR	562	-	110	233239698	68951
chr2	197048463	197248463	harbor2	chr2	197049936	197050358	LTR/ERVL-MaLR	2533	-	211	197050147	1684
chr2	197048463	197248463	harbor2	chr2	197056870	197056985	LTR/ERVL-MaLR	677	-	58	197056928	8465
chr2	127462755	127662755	harbor2	chr2	127530305	127530692	LTR/ERVL-MaLR	1322	-	194	127530499	67744
chr2	127462755	127662755	harbor2	chr2	127550880	127551271	LTR/ERVL-MaLR	911	-	196	127551076	88321
chr2	127462755	127662755	harbor2	chr2	127551282	127551629	LTR/ERVL-MaLR	1083	-	174	127551456	88701
chr2	127462755	127662755	harbor2	chr2	127561791	127562227	LTR/ERVL-MaLR	1099	-	218	127562009	99254
chr2	195318620	195518620	harbor2	chr2	195331157	195331571	LTR/ERVL-MaLR	408	-	207	195331364	12744
chr2	195318620	195518620	harbor2	chr2	195343865	195343995	LTR/ERVL-MaLR	845	-	65	195343930	25310
chr2	195318620	195518620	harbor2	chr2	195345431	195345809	LTR/ERVL-MaLR	1483	-	189	195345620	27000
chr2	195318620	195518620	harbor2	chr2	195361350	195361884	LTR/ERVL-MaLR	1423	-	267	195361617	42997
chr2	195318620	195518620	harbor2	chr2	195384229	195384620	LTR/ERVL-MaLR	2395	-	196	195384425	65805
chr2	232405183	232605183	harbor2	chr2	232494942	232495680	LTR/ERVL-MaLR	1705	-	369	232495311	90128
chr2	232405183	232605183	harbor2	chr2	232499316	232499670	LTR/ERVL-MaLR	1072	-	177	232499493	94310
chr2	223624939	223824939	harbor2	chr2	223632905	223633274	LTR/ERVL-MaLR	1615	-	184	223633089	8150
chr2	223624939	223824939	harbor2	chr2	223640234	223640594	LTR/ERVL-MaLR	2634	-	180	223640414	15475
chr2	223624939	223824939	harbor2	chr2	223649609	223649783	LTR/ERVL-MaLR	511	-	87	223649696	24757
chr2	223624939	223824939	harbor2	chr2	223654112	223654163	LTR/ERVL-MaLR	552	-	26	223654138	29199
chr2	223624939	223824939	harbor2	chr2	223654481	223654754	LTR/ERVL-MaLR	552	-	136	223654617	29678
chr2	223624939	223824939	harbor2	chr2	223668098	223668464	LTR/ERVL-MaLR	2745	-	183	223668281	43342
chr2	223624939	223824939	harbor2	chr2	223672379	223672616	LTR/ERVL-MaLR	2221	-	118	223672497	47558
chr2	223624939	223824939	harbor2	chr2	223672923	223673103	LTR/ERVL-MaLR	2221	-	90	223673013	48074
chr2	223624939	223824939	harbor2	chr2	223677307	223677655	LTR/ERVL-MaLR	1487	-	174	223677481	52542
chr2	223624939	223824939	harbor2	chr2	223682541	223682899	LTR/ERVL-MaLR	2079	-	179	223682720	57781
chr2	223624939	223824939	harbor2	chr2	223691165	223691347	LTR/ERVL-MaLR	2335	-	91	223691256	66317
chr2	223624939	223824939	harbor2	chr2	223690563	223690849	LTR/ERVL-MaLR	2335	-	143	223690706	65767
chr2	230038502	230238502	harbor2	chr2	230069523	230070036	LTR/ERVL-MaLR	2109	-	256	230069779	31277
chr2	230038502	230238502	harbor2	chr2	230076591	230076952	LTR/ERVL-MaLR	2308	-	180	230076771	38269
chr2	230038502	230238502	harbor2	chr2	230087277	230087344	LTR/ERVL-MaLR	1163	-	34	230087311	48809
chr2	230038502	230238502	harbor2	chr2	230087638	230088087	LTR/ERVL-MaLR	1163	-	224	230087862	49360
chr2	230038502	230238502	harbor2	chr2	230088836	230089239	LTR/ERVL-MaLR	1723	-	202	230089038	50536
chr2	230038502	230238502	harbor2	chr2	230124099	230124345	LTR/ERVL-MaLR	530	-	123	230124222	85720
chr2	230038502	230238502	harbor2	chr2	230131370	230131775	LTR/ERVL-MaLR	1757	-	202	230131572	93070
chr2	230038502	230238502	harbor2	chr2	230132892	230133258	LTR/ERVL-MaLR	2209	-	183	230133075	94573
chr2	230038502	230238502	harbor2	chr2	230133259	230133872	LTR/ERVL-MaLR	4597	-	306	230133565	95063
chr2	207938153	208138153	harbor2	chr2	208022272	208022770	LTR/ERVL-MaLR	2010	-	249	208022521	84368
chr2	146617968	146817968	harbor2	chr2	146629350	146629797	LTR/ERVL-MaLR	1735	-	224	146629574	11606
chr2	146617968	146817968	harbor2	chr2	146632481	146632824	LTR/ERVL-MaLR	1692	-	172	146632653	14685
chr2	146617968	146817968	harbor2	chr2	146640670	146641062	LTR/ERVL-MaLR	1735	-	196	146640866	22898
chr2	146617968	146817968	harbor2	chr2	146683375	146683789	LTR/ERVL-MaLR	2183	-	207	146683582	65614
chr2	146617968	146817968	harbor2	chr2	146711479	146711845	LTR/ERVL-MaLR	1544	-	183	146711662	93694
chr2	169728161	169928161	harbor2	chr2	169757760	169757869	LTR/ERVL-MaLR	492	-	54	169757814	29653
chr2	169728161	169928161	harbor2	chr2	169757892	169757977	LTR/ERVL-MaLR	411	-	42	169757934	29773
chr2	169728161	169928161	harbor2	chr2	169762319	169762639	LTR/ERVL-MaLR	1211	-	160	169762479	34318
chr2	169728161	169928161	harbor2	chr2	169762946	169763048	LTR/ERVL-MaLR	1211	-	51	169762997	34836
chr2	169728161	169928161	harbor2	chr2	169793688	169794054	LTR/ERVL-MaLR	802	-	183	169793871	65710
chr2	169728161	169928161	harbor2	chr2	169794091	169794461	LTR/ERVL-MaLR	1457	-	185	169794276	66115
chr2	169728161	169928161	harbor2	chr2	169797596	169797946	LTR/ERVL-MaLR	1794	-	175	169797771	69610
chr2	220648732	220848732	harbor2	chr2	220675686	220676096	LTR/ERVL-MaLR	2424	-	205	220675891	27159
chr2	220648732	220848732	harbor2	chr2	220687311	220687710	LTR/ERVL-MaLR	723	-	200	220687511	38779
chr2	220648732	220848732	harbor2	chr2	220687735	220688076	LTR/ERVL-MaLR	1721	-	170	220687905	39173
chr2	220648732	220848732	harbor2	chr2	220688345	220689396	LTR/ERVL-MaLR	1721	-	526	220688871	40139
chr2	220648732	220848732	harbor2	chr2	220689397	220689729	LTR/ERVL-MaLR	820	-	166	220689563	40831
chr2	220648732	220848732	harbor2	chr2	220710503	220711020	LTR/ERVL-MaLR	826	-	258	220710761	62029
chr2	220648732	220848732	harbor2	chr2	220715259	220715621	LTR/ERVL-MaLR	1919	-	181	220715440	66708
chr2	220648732	220848732	harbor2	chr2	220715622	220717200	LTR/ERVL-MaLR	11065	-	789	220716411	67679
chr2	220648732	220848732	harbor2	chr2	220717201	220717563	LTR/ERVL-MaLR	1939	-	181	220717382	68650
chr2	220648732	220848732	harbor2	chr2	220736619	220737106	LTR/ERVL-MaLR	893	-	244	220736863	88131
chr2	220648732	220848732	harbor2	chr2	220743114	220743611	LTR/ERVL-MaLR	1723	-	248	220743362	94630
chr2	54896789	55096789	harbor2	chr2	54933803	54934095	LTR/ERVL-MaLR	457	-	146	54933949	37160
chr2	187646878	187846878	harbor2	chr2	187739556	187740032	LTR/ERVL-MaLR	1744	-	238	187739794	92916
chr2	234615400	234815400	harbor2	chr2	234658570	234658933	LTR/ERVL-MaLR	1862	-	182	234658752	43352
chr2	234615400	234815400	harbor2	chr2	234696272	234696614	LTR/ERVL-MaLR	1684	-	171	234696443	81043
chr2	234615400	234815400	harbor2	chr2	234696615	234698118	LTR/ERVL-MaLR	10503	-	752	234697367	81967
chr2	234615400	234815400	harbor2	chr2	234698119	234698494	LTR/ERVL-MaLR	2080	-	188	234698307	82907
chr2	234615400	234815400	harbor2	chr2	234700417	234700740	LTR/ERVL-MaLR	1987	-	162	234700579	85179
chr2	209097031	209297031	harbor2	chr2	209120846	209120919	LTR/ERVL-MaLR	440	-	36	209120882	23851
chr2	209097031	209297031	harbor2	chr2	209191200	209191454	LTR/ERVL-MaLR	1077	-	127	209191327	94296
chr2	231737676	231937676	harbor2	chr2	231813215	231813423	LTR/ERVL-MaLR	1898	-	104	231813319	75643
chr2	231737676	231937676	harbor2	chr2	231813709	231813907	LTR/ERVL-MaLR	1898	-	99	231813808	76132
chr2	241356121	241556121	harbor2	chr2	241376071	241376410	LTR/ERVL-MaLR	518	-	170	241376241	20120
chr2	241356121	241556121	harbor2	chr2	241412176	241412384	LTR/ERVL-MaLR	1340	-	104	241412280	56159
chr2	101324815	101524815	harbor2	chr2	101336433	101336565	LTR/ERVL-MaLR	686	-	66	101336499	11684
chr2	199135002	199335002	harbor2	chr2	199188570	199188951	LTR/ERVL-MaLR	2137	-	190	199188760	53758
chr2	25668844	25868844	harbor2	chr2	25678737	25678858	LTR/ERVL-MaLR	776	-	60	25678797	9953
chr2	25668844	25868844	harbor2	chr2	25679483	25679622	LTR/ERVL-MaLR	980	-	70	25679553	10709
chr2	25668844	25868844	harbor2	chr2	25725630	25725842	LTR/ERVL-MaLR	1301	-	106	25725736	56892
chr2	25668844	25868844	harbor2	chr2	25726154	25726306	LTR/ERVL-MaLR	1301	-	76	25726230	57386
chr2	224586360	224786360	harbor2	chr2	224595675	224595807	LTR/ERVL-MaLR	504	-	66	224595741	9381
chr2	224586360	224786360	harbor2	chr2	224595855	224596058	LTR/ERVL-MaLR	543	-	102	224595957	9597
chr2	224586360	224786360	harbor2	chr2	224661031	224661158	LTR/ERVL-MaLR	2661	-	64	224661095	74735
chr2	224586360	224786360	harbor2	chr2	224661455	224661691	LTR/ERVL-MaLR	2661	-	118	224661573	75213
chr2	224586360	224786360	harbor2	chr2	224661692	224662264	LTR/ERVL-MaLR	9487	-	286	224661978	75618
chr2	224586360	224786360	harbor2	chr2	224662394	224663530	LTR/ERVL-MaLR	9487	-	568	224662962	76602
chr2	224586360	224786360	harbor2	chr2	224663533	224663882	LTR/ERVL-MaLR	2805	-	174	224663707	77347
chr2	224586360	224786360	harbor2	chr2	224665291	224665884	LTR/ERVL-MaLR	1126	-	296	224665587	79227
chr2	224586360	224786360	harbor2	chr2	224670538	224671017	LTR/ERVL-MaLR	1040	-	240	224670778	84418
chr2	224586360	224786360	harbor2	chr2	224674074	224674416	LTR/ERVL-MaLR	1480	-	171	224674245	87885
chr2	224586360	224786360	harbor2	chr2	224675510	224675904	LTR/ERVL-MaLR	2627	-	197	224675707	89347
chr2	224586360	224786360	harbor2	chr2	224681351	224681523	LTR/ERVL-MaLR	1451	-	86	224681437	95077
chr2	224586360	224786360	harbor2	chr2	224681552	224681747	LTR/ERVL-MaLR	1451	-	98	224681650	95290
chr2	170347697	170547697	harbor2	chr2	170399870	170400122	LTR/ERVL-MaLR	585	-	126	170399996	52299
chr2	170347697	170547697	harbor2	chr2	170417487	170417936	LTR/ERVL-MaLR	2321	-	224	170417711	70014
chr2	170347697	170547697	harbor2	chr2	170419260	170419579	LTR/ERVL-MaLR	1549	-	160	170419420	71723
chr2	220072649	220272649	harbor2	chr2	220090042	220090461	LTR/ERVL-MaLR	718	-	210	220090252	17603
chr2	220072649	220272649	harbor2	chr2	220122553	220122711	LTR/ERVL-MaLR	886	-	79	220122632	49983
chr2	220072649	220272649	harbor2	chr2	220160860	220161138	LTR/ERVL-MaLR	550	-	139	220160999	88350
chr2	220072649	220272649	harbor2	chr2	220164941	220165302	LTR/ERVL-MaLR	2321	-	180	220165121	92472
chr2	220072649	220272649	harbor2	chr2	220171664	220171820	LTR/ERVL-MaLR	606	-	78	220171742	99093
chr2	195630835	195830835	harbor2	chr2	195634618	195634765	LTR/ERVL-MaLR	801	-	74	195634692	3857
chr2	195630835	195830835	harbor2	chr2	195635090	195635358	LTR/ERVL-MaLR	801	-	134	195635224	4389
chr2	195630835	195830835	harbor2	chr2	195646391	195646609	LTR/ERVL-MaLR	1047	-	109	195646500	15665
chr2	195630835	195830835	harbor2	chr2	195647008	195647251	LTR/ERVL-MaLR	608	-	122	195647130	16295
chr2	195630835	195830835	harbor2	chr2	195711973	195712423	LTR/ERVL-MaLR	759	-	225	195712198	81363
chr2	211421627	211621627	harbor2	chr2	211462045	211462384	LTR/ERVL-MaLR	2157	-	170	211462215	40588
chr2	186979665	187179665	harbor2	chr2	187015004	187015469	LTR/ERVL-MaLR	2324	-	232	187015236	35571
chr2	186979665	187179665	harbor2	chr2	187022420	187022767	LTR/ERVL-MaLR	1783	-	174	187022594	42929
chr2	186979665	187179665	harbor2	chr2	187027691	187028039	LTR/ERVL-MaLR	2224	-	174	187027865	48200
chr2	140898307	141098307	harbor2	chr2	140928306	140928708	LTR/ERVL-MaLR	671	-	201	140928507	30200
chr2	220695013	220895013	harbor2	chr2	220710503	220711020	LTR/ERVL-MaLR	826	-	258	220710761	15748
chr2	220695013	220895013	harbor2	chr2	220715259	220715621	LTR/ERVL-MaLR	1919	-	181	220715440	20427
chr2	220695013	220895013	harbor2	chr2	220715622	220717200	LTR/ERVL-MaLR	11065	-	789	220716411	21398
chr2	220695013	220895013	harbor2	chr2	220717201	220717563	LTR/ERVL-MaLR	1939	-	181	220717382	22369
chr2	220695013	220895013	harbor2	chr2	220736619	220737106	LTR/ERVL-MaLR	893	-	244	220736863	41850
chr2	220695013	220895013	harbor2	chr2	220743114	220743611	LTR/ERVL-MaLR	1723	-	248	220743362	48349
chr2	220695013	220895013	harbor2	chr2	220788923	220789280	LTR/ERVL-MaLR	1734	-	178	220789101	94088
chr2	220695013	220895013	harbor2	chr2	220774344	220774582	LTR/ERVL-MaLR	1200	-	119	220774463	79450
chr2	68858427	69058427	harbor2	chr2	68898189	68898539	LTR/ERVL-MaLR	1687	-	175	68898364	39937
chr2	68858427	69058427	harbor2	chr2	68913183	68913527	LTR/ERVL-MaLR	2161	-	172	68913355	54928
chr2	68858427	69058427	harbor2	chr2	68917623	68918122	LTR/ERVL-MaLR	2397	-	250	68917873	59446
chr2	68858427	69058427	harbor2	chr2	68931298	68931703	LTR/ERVL-MaLR	2037	-	202	68931500	73073
chr2	178124015	178324015	harbor2	chr2	178147738	178148025	LTR/ERVL-MaLR	815	-	144	178147882	23867
chr2	178124015	178324015	harbor2	chr2	178149534	178149649	LTR/ERVL-MaLR	519	-	58	178149592	25577
chr2	178124015	178324015	harbor2	chr2	178153622	178153978	LTR/ERVL-MaLR	1936	-	178	178153800	29785
chr2	178124015	178324015	harbor2	chr2	178153979	178155562	LTR/ERVL-MaLR	11997	-	792	178154771	30756
chr2	178124015	178324015	harbor2	chr2	178155565	178155916	LTR/ERVL-MaLR	2079	-	176	178155741	31726
chr2	178124015	178324015	harbor2	chr2	178158220	178158606	LTR/ERVL-MaLR	1471	-	193	178158413	34398
chr2	178124015	178324015	harbor2	chr2	178164333	178164401	LTR/ERVL-MaLR	955	-	34	178164367	40352
chr2	178124015	178324015	harbor2	chr2	178164402	178164825	LTR/ERVL-MaLR	2496	-	212	178164614	40599
chr2	178124015	178324015	harbor2	chr2	178164826	178164978	LTR/ERVL-MaLR	955	-	76	178164902	40887
chr2	178124015	178324015	harbor2	chr2	178207155	178207533	LTR/ERVL-MaLR	663	-	189	178207344	83329
chr2	130915569	131115569	harbor2	chr2	130940071	130940177	LTR/ERVL-MaLR	579	-	53	130940124	24555
chr2	162794510	162994510	harbor2	chr2	162847878	162848104	LTR/ERVL-MaLR	1218	-	113	162847991	53481
chr2	162794510	162994510	harbor2	chr2	162848132	162849012	LTR/ERVL-MaLR	5257	-	440	162848572	54062
chr2	162794510	162994510	harbor2	chr2	162849013	162849373	LTR/ERVL-MaLR	1577	-	180	162849193	54683
chr2	162794510	162994510	harbor2	chr2	162864030	162864393	LTR/ERVL-MaLR	1883	-	182	162864212	69702
chr2	162794510	162994510	harbor2	chr2	162864394	162865946	LTR/ERVL-MaLR	10491	-	776	162865170	70660
chr2	162794510	162994510	harbor2	chr2	162865947	162866306	LTR/ERVL-MaLR	2245	-	180	162866127	71617
chr2	162794510	162994510	harbor2	chr2	162870590	162870941	LTR/ERVL-MaLR	2297	-	176	162870766	76256
chr2	162794510	162994510	harbor2	chr2	162881230	162881697	LTR/ERVL-MaLR	750	-	234	162881464	86954
chr2	162794510	162994510	harbor2	chr2	162882440	162882927	LTR/ERVL-MaLR	1532	-	244	162882684	88174
chr2	208872417	209072417	harbor2	chr2	208892622	208892870	LTR/ERVL-MaLR	1051	-	124	208892746	20329
chr2	208872417	209072417	harbor2	chr2	208893415	208893767	LTR/ERVL-MaLR	778	-	176	208893591	21174
chr2	208872417	209072417	harbor2	chr2	208938322	208938739	LTR/ERVL-MaLR	1775	-	208	208938530	66113
chr2	123570999	123770999	harbor2	chr2	123587226	123587570	LTR/ERVL-MaLR	900	-	172	123587398	16399
chr2	123570999	123770999	harbor2	chr2	123590449	123590802	LTR/ERVL-MaLR	2257	-	176	123590625	19626
chr2	123570999	123770999	harbor2	chr2	123590803	123592381	LTR/ERVL-MaLR	10956	-	789	123591592	20593
chr2	123570999	123770999	harbor2	chr2	123592382	123592748	LTR/ERVL-MaLR	2129	-	183	123592565	21566
chr2	123570999	123770999	harbor2	chr2	123595658	123596006	LTR/ERVL-MaLR	1163	-	174	123595832	24833
chr2	123570999	123770999	harbor2	chr2	123657438	123657760	LTR/ERVL-MaLR	1359	-	161	123657599	86600
chr2	123570999	123770999	harbor2	chr2	123658069	123658157	LTR/ERVL-MaLR	1359	-	44	123658113	87114
chr2	123570999	123770999	harbor2	chr2	123665739	123666093	LTR/ERVL-MaLR	2001	-	177	123665916	94917
chr2	123570999	123770999	harbor2	chr2	123668197	123668378	LTR/ERVL-MaLR	609	-	90	123668287	97288
chr2	219826320	220026320	harbor2	chr2	219825923	219826391	LTR/ERVL-MaLR	1316	-	234	219826157	163
chr2	219826320	220026320	harbor2	chr2	219833310	219833472	LTR/ERVL-MaLR	563	-	81	219833391	7071
chr2	219826320	220026320	harbor2	chr2	219833930	219834063	LTR/ERVL-MaLR	563	-	66	219833996	7676
chr2	219826320	220026320	harbor2	chr2	219848753	219848977	LTR/ERVL-MaLR	431	-	112	219848865	22545
chr2	219826320	220026320	harbor2	chr2	219867086	219867497	LTR/ERVL-MaLR	1337	-	206	219867292	40972
chr2	219826320	220026320	harbor2	chr2	219869141	219869248	LTR/ERVL-MaLR	723	-	54	219869195	42875
chr2	219826320	220026320	harbor2	chr2	219869249	219869625	LTR/ERVL-MaLR	2651	-	188	219869437	43117
chr2	219826320	220026320	harbor2	chr2	219869626	219869795	LTR/ERVL-MaLR	723	-	84	219869710	43390
chr2	219826320	220026320	harbor2	chr2	219869876	219870007	LTR/ERVL-MaLR	437	-	66	219869942	43622
chr2	219826320	220026320	harbor2	chr2	219870059	219870416	LTR/ERVL-MaLR	545	-	178	219870237	43917
chr2	219826320	220026320	harbor2	chr2	219890477	219890819	LTR/ERVL-MaLR	703	-	171	219890648	64328
chr2	219826320	220026320	harbor2	chr2	219890820	219891305	LTR/ERVL-MaLR	861	-	242	219891062	64742
chr2	219826320	220026320	harbor2	chr2	219894704	219894919	LTR/ERVL-MaLR	729	-	108	219894812	68492
chr2	219826320	220026320	harbor2	chr2	219894932	219895159	LTR/ERVL-MaLR	446	-	114	219895046	68726
chr2	219826320	220026320	harbor2	chr2	219897325	219897735	LTR/ERVL-MaLR	2343	-	205	219897530	71210
chr2	219826320	220026320	harbor2	chr2	219905098	219905431	LTR/ERVL-MaLR	1080	-	166	219905264	78944
chr2	219826320	220026320	harbor2	chr2	219906075	219906199	LTR/ERVL-MaLR	1080	-	62	219906137	79817
chr2	219826320	220026320	harbor2	chr2	219909507	219909924	LTR/ERVL-MaLR	1749	-	208	219909715	83395
chr2	219826320	220026320	harbor2	chr2	219913411	219913766	LTR/ERVL-MaLR	2180	-	178	219913589	87269
chr2	219826320	220026320	harbor2	chr2	219905432	219906074	LTR/ERVL-MaLR	2938	-	321	219905753	79433
chr2	239706336	239906336	harbor2	chr2	239712495	239712765	LTR/ERVL-MaLR	703	-	135	239712630	6294
chr2	239706336	239906336	harbor2	chr2	239734158	239734522	LTR/ERVL-MaLR	2658	-	182	239734340	28004
chr2	239706336	239906336	harbor2	chr2	239760628	239761114	LTR/ERVL-MaLR	991	-	243	239760871	54535
chr2	239706336	239906336	harbor2	chr2	239774420	239774811	LTR/ERVL-MaLR	1194	-	196	239774616	68280
chr2	239706336	239906336	harbor2	chr2	239780933	239781290	LTR/ERVL-MaLR	2042	-	178	239781111	74775
chr2	239706336	239906336	harbor2	chr2	239783122	239783443	LTR/ERVL-MaLR	1334	-	160	239783282	76946
chr2	119331641	119531641	harbor2	chr2	119384933	119385450	LTR/ERVL-MaLR	1604	-	258	119385191	53550
chr2	119331641	119531641	harbor2	chr2	119393644	119393729	LTR/ERVL-MaLR	861	-	42	119393686	62045
chr2	119331641	119531641	harbor2	chr2	119394029	119394213	LTR/ERVL-MaLR	861	-	92	119394121	62480
chr2	119331641	119531641	harbor2	chr2	119406116	119406479	LTR/ERVL-MaLR	1830	-	182	119406298	74657
chr2	119331641	119531641	harbor2	chr2	119419460	119419494	LTR/ERVL-MaLR	2013	-	17	119419477	87836
chr2	119331641	119531641	harbor2	chr2	119419794	119420189	LTR/ERVL-MaLR	2013	-	198	119419992	88351
chr2	119331641	119531641	harbor2	chr2	119420190	119420528	LTR/ERVL-MaLR	2153	-	169	119420359	88718
chr2	119331641	119531641	harbor2	chr2	119420947	119422200	LTR/ERVL-MaLR	6166	-	626	119421573	89932
chr2	119331641	119531641	harbor2	chr2	119422201	119422608	LTR/ERVL-MaLR	2366	-	204	119422405	90764
chr2	174899698	175099698	harbor2	chr2	174921558	174921935	LTR/ERVL-MaLR	2770	-	188	174921746	22048
chr2	223706650	223906650	harbor2	chr2	223726062	223726409	LTR/ERVL-MaLR	1471	-	174	223726236	19586
chr2	223706650	223906650	harbor2	chr2	223732173	223732554	LTR/ERVL-MaLR	2596	-	190	223732363	25713
chr2	223706650	223906650	harbor2	chr2	223739225	223739575	LTR/ERVL-MaLR	2776	-	175	223739400	32750
chr2	223706650	223906650	harbor2	chr2	223750147	223750455	LTR/ERVL-MaLR	406	-	154	223750301	43651
chr2	141327226	141527226	harbor2	chr2	141349877	141350222	LTR/ERVL-MaLR	2037	-	172	141350049	22823
chr2	115472111	115672111	harbor2	chr2	115476503	115476747	LTR/ERVL-MaLR	1117	-	122	115476625	4514
chr2	115472111	115672111	harbor2	chr2	115477788	115478191	LTR/ERVL-MaLR	2188	-	202	115477990	5879
chr2	115472111	115672111	harbor2	chr2	115490134	115490493	LTR/ERVL-MaLR	2226	-	180	115490314	18203
chr2	115472111	115672111	harbor2	chr2	115517835	115518251	LTR/ERVL-MaLR	2462	-	208	115518043	45932
chr2	115472111	115672111	harbor2	chr2	115537706	115538167	LTR/ERVL-MaLR	1057	-	230	115537936	65825
chr2	228327938	228527938	harbor2	chr2	228362471	228362844	LTR/ERVL-MaLR	2445	-	186	228362657	34719
chr2	228327938	228527938	harbor2	chr2	228373241	228373651	LTR/ERVL-MaLR	2494	-	205	228373446	45508
chr2	228327938	228527938	harbor2	chr2	228379068	228379562	LTR/ERVL-MaLR	1551	-	247	228379315	51377
chr2	228327938	228527938	harbor2	chr2	228394728	228395021	LTR/ERVL-MaLR	2249	-	146	228394874	66936
chr2	228327938	228527938	harbor2	chr2	228395222	228395286	LTR/ERVL-MaLR	492	-	32	228395254	67316
chr2	228327938	228527938	harbor2	chr2	228395291	228396812	LTR/ERVL-MaLR	10525	-	760	228396051	68113
chr2	228327938	228527938	harbor2	chr2	228396814	228397102	LTR/ERVL-MaLR	2569	-	144	228396958	69020
chr2	228327938	228527938	harbor2	chr2	228398095	228398169	LTR/ERVL-MaLR	2569	-	37	228398132	70194
chr2	133457274	133657274	harbor2	chr2	133521455	133521830	LTR/ERVL-MaLR	1849	-	188	133521643	64369
chr2	133457274	133657274	harbor2	chr2	133542033	133542210	LTR/ERVL-MaLR	492	-	88	133542121	84847
chr2	133457274	133657274	harbor2	chr2	133553817	133554395	LTR/ERVL-MaLR	2225	-	289	133554106	96832
chr2	142280076	142480076	harbor2	chr2	142279640	142280108	LTR/ERVL-MaLR	1527	-	234	142279874	202
chr2	142280076	142480076	harbor2	chr2	142296683	142297065	LTR/ERVL-MaLR	1318	-	191	142296874	16798
chr2	142280076	142480076	harbor2	chr2	142309506	142309851	LTR/ERVL-MaLR	1810	-	172	142309678	29602
chr2	142280076	142480076	harbor2	chr2	142311446	142311813	LTR/ERVL-MaLR	2164	-	184	142311630	31554
chr2	142280076	142480076	harbor2	chr2	142321863	142322258	LTR/ERVL-MaLR	1562	-	198	142322061	41985
chr2	142280076	142480076	harbor2	chr2	142333560	142333945	LTR/ERVL-MaLR	2150	-	192	142333752	53676
chr2	142280076	142480076	harbor2	chr2	142333960	142335502	LTR/ERVL-MaLR	6952	-	771	142334731	54655
chr2	142280076	142480076	harbor2	chr2	142335504	142335948	LTR/ERVL-MaLR	2267	-	222	142335726	55650
chr2	142280076	142480076	harbor2	chr2	142342170	142342296	LTR/ERVL-MaLR	517	-	63	142342233	62157
chr2	142280076	142480076	harbor2	chr2	142346690	142347067	LTR/ERVL-MaLR	2220	-	188	142346878	66802
chr2	142280076	142480076	harbor2	chr2	142363570	142363994	LTR/ERVL-MaLR	684	-	212	142363782	83706
chr2	142280076	142480076	harbor2	chr2	142364092	142364458	LTR/ERVL-MaLR	1658	-	183	142364275	84199
chr2	142280076	142480076	harbor2	chr2	142309853	142311445	LTR/ERVL-MaLR	10960	-	796	142310649	30573
chr2	217110449	217310449	harbor2	chr2	217117196	217117392	LTR/ERVL-MaLR	502	-	98	217117294	6845
chr2	217110449	217310449	harbor2	chr2	217146793	217147039	LTR/ERVL-MaLR	491	-	123	217146916	36467
chr2	217110449	217310449	harbor2	chr2	217147810	217148216	LTR/ERVL-MaLR	658	-	203	217148013	37564
chr2	217110449	217310449	harbor2	chr2	217178258	217178763	LTR/ERVL-MaLR	1080	-	252	217178510	68061
chr2	217110449	217310449	harbor2	chr2	217196882	217197376	LTR/ERVL-MaLR	1585	-	247	217197129	86680
chr2	217110449	217310449	harbor2	chr2	217203258	217203690	LTR/ERVL-MaLR	1939	-	216	217203474	93025
chr2	208269806	208469806	harbor2	chr2	208280164	208280267	LTR/ERVL-MaLR	552	-	52	208280216	10410
chr2	208269806	208469806	harbor2	chr2	208341483	208341857	LTR/ERVL-MaLR	1497	-	187	208341670	71864
chr2	208269806	208469806	harbor2	chr2	208351521	208351946	LTR/ERVL-MaLR	2321	-	212	208351733	81927
chr2	200856643	201056643	harbor2	chr2	200898181	200898540	LTR/ERVL-MaLR	2228	-	180	200898361	41718
chr2	178161413	178361413	harbor2	chr2	178164333	178164401	LTR/ERVL-MaLR	955	-	34	178164367	2954
chr2	178161413	178361413	harbor2	chr2	178164402	178164825	LTR/ERVL-MaLR	2496	-	212	178164614	3201
chr2	178161413	178361413	harbor2	chr2	178164826	178164978	LTR/ERVL-MaLR	955	-	76	178164902	3489
chr2	178161413	178361413	harbor2	chr2	178207155	178207533	LTR/ERVL-MaLR	663	-	189	178207344	45931
chr2	178161413	178361413	harbor2	chr2	178225567	178225926	LTR/ERVL-MaLR	2208	-	180	178225747	64334
chr2	178161413	178361413	harbor2	chr2	178228913	178229279	LTR/ERVL-MaLR	1361	-	183	178229096	67683
chr2	178161413	178361413	harbor2	chr2	178254849	178255023	LTR/ERVL-MaLR	2458	-	87	178254936	93523
chr2	178161413	178361413	harbor2	chr2	178255337	178255541	LTR/ERVL-MaLR	2458	-	102	178255439	94026
chr2	230188101	230388101	harbor2	chr2	230266455	230266916	LTR/ERVL-MaLR	1730	-	230	230266685	78584
chr2	231803450	232003450	harbor2	chr2	231813215	231813423	LTR/ERVL-MaLR	1898	-	104	231813319	9869
chr2	231803450	232003450	harbor2	chr2	231813709	231813907	LTR/ERVL-MaLR	1898	-	99	231813808	10358
chr2	231803450	232003450	harbor2	chr2	231858942	231859307	LTR/ERVL-MaLR	1117	-	182	231859124	55674
chr2	231803450	232003450	harbor2	chr2	231860608	231860842	LTR/ERVL-MaLR	547	-	117	231860725	57275
chr2	231803450	232003450	harbor2	chr2	231861365	231861781	LTR/ERVL-MaLR	663	-	208	231861573	58123
chr2	231803450	232003450	harbor2	chr2	231886164	231886398	LTR/ERVL-MaLR	1063	-	117	231886281	82831
chr2	231803450	232003450	harbor2	chr2	231886428	231886593	LTR/ERVL-MaLR	1063	-	82	231886510	83060
chr2	231803450	232003450	harbor2	chr2	231902383	231902881	LTR/ERVL-MaLR	1817	-	249	231902632	99182
chr2	145008898	145208898	harbor2	chr2	145033782	145034124	LTR/ERVL-MaLR	2312	-	171	145033953	25055
chr2	145008898	145208898	harbor2	chr2	145052727	145053258	LTR/ERVL-MaLR	1523	-	266	145052993	44095
chr2	145008898	145208898	harbor2	chr2	145053263	145053400	LTR/ERVL-MaLR	510	-	68	145053331	44433
chr2	145008898	145208898	harbor2	chr2	145053488	145053772	LTR/ERVL-MaLR	1221	-	142	145053630	44732
chr2	145008898	145208898	harbor2	chr2	145053907	145054057	LTR/ERVL-MaLR	1221	-	75	145053982	45084
chr2	145008898	145208898	harbor2	chr2	145072552	145072746	LTR/ERVL-MaLR	417	-	97	145072649	63751
chr2	145008898	145208898	harbor2	chr2	145102133	145102536	LTR/ERVL-MaLR	2276	-	202	145102335	93437
chr2	230141723	230341723	harbor2	chr2	230142226	230142333	LTR/ERVL-MaLR	1267	-	54	230142280	557
chr2	230141723	230341723	harbor2	chr2	230147979	230148442	LTR/ERVL-MaLR	741	-	232	230148211	6488
chr2	230141723	230341723	harbor2	chr2	230153301	230153925	LTR/ERVL-MaLR	2332	-	312	230153613	11890
chr2	230141723	230341723	harbor2	chr2	230184802	230184868	LTR/ERVL-MaLR	819	-	33	230184835	43112
chr2	230141723	230341723	harbor2	chr2	230185056	230185310	LTR/ERVL-MaLR	819	-	127	230185183	43460
chr2	183753159	183953159	harbor2	chr2	183753664	183753793	LTR/ERVL-MaLR	494	-	64	183753728	569
chr2	183753159	183953159	harbor2	chr2	183761210	183761700	LTR/ERVL-MaLR	2062	-	245	183761455	8296
chr2	183753159	183953159	harbor2	chr2	183771848	183772202	LTR/ERVL-MaLR	1830	-	177	183772025	18866
chr2	183753159	183953159	harbor2	chr2	183827806	183828179	LTR/ERVL-MaLR	1714	-	186	183827992	74833
chr2	183753159	183953159	harbor2	chr2	183836070	183836477	LTR/ERVL-MaLR	1451	-	204	183836274	83115
chr2	95570265	95770265	harbor2	chr2	95622738	95623181	LTR/ERVL-MaLR	1210	-	222	95622960	52695
chr2	95570265	95770265	harbor2	chr2	95657500	95657938	LTR/ERVL-MaLR	1385	-	219	95657719	87454
chr2	95570265	95770265	harbor2	chr2	95600581	95600752	LTR/ERVL-MaLR	409	-	86	95600667	30402
chr2	149577102	149777102	harbor2	chr2	149591673	149591877	LTR/ERVL-MaLR	578	-	102	149591775	14673
chr2	149577102	149777102	harbor2	chr2	149607017	149607399	LTR/ERVL-MaLR	2479	-	191	149607208	30106
chr2	149577102	149777102	harbor2	chr2	149607753	149607779	LTR/ERVL-MaLR	2479	-	13	149607766	30664
chr2	149577102	149777102	harbor2	chr2	149607809	149608188	LTR/ERVL-MaLR	2047	-	190	149607999	30897
chr2	150982019	151182019	harbor2	chr2	151005169	151005489	LTR/ERVL-MaLR	1135	-	160	151005329	23310
chr2	150982019	151182019	harbor2	chr2	151005556	151005707	LTR/ERVL-MaLR	442	-	76	151005632	23613
chr2	150982019	151182019	harbor2	chr2	151011659	151011988	LTR/ERVL-MaLR	1446	-	164	151011823	29804
chr2	150982019	151182019	harbor2	chr2	151017834	151018323	LTR/ERVL-MaLR	2070	-	244	151018078	36059
chr2	150982019	151182019	harbor2	chr2	151020317	151020964	LTR/ERVL-MaLR	1789	-	324	151020641	38622
chr2	150982019	151182019	harbor2	chr2	151049878	151050251	LTR/ERVL-MaLR	1345	-	186	151050064	68045
chr2	150982019	151182019	harbor2	chr2	151062440	151062792	LTR/ERVL-MaLR	2695	-	176	151062616	80597
chr2	150982019	151182019	harbor2	chr2	151072588	151072959	LTR/ERVL-MaLR	2714	-	186	151072774	90755
chr2	150982019	151182019	harbor2	chr2	151080479	151080877	LTR/ERVL-MaLR	1873	-	199	151080678	98659
chr2	173003780	173203780	harbor2	chr2	173039093	173039175	LTR/ERVL-MaLR	600	-	41	173039134	35354
chr2	173003780	173203780	harbor2	chr2	173039478	173039706	LTR/ERVL-MaLR	600	-	114	173039592	35812
chr2	173003780	173203780	harbor2	chr2	173058072	173058582	LTR/ERVL-MaLR	985	-	255	173058327	54547
chr2	173003780	173203780	harbor2	chr2	173080341	173080691	LTR/ERVL-MaLR	1148	-	175	173080516	76736
chr2	228104609	228304609	harbor2	chr2	228160313	228160691	LTR/ERVL-MaLR	2629	-	189	228160502	55893
chr2	228104609	228304609	harbor2	chr2	228166758	228167163	LTR/ERVL-MaLR	2453	-	202	228166960	62351
chr2	228104609	228304609	harbor2	chr2	228172612	228173016	LTR/ERVL-MaLR	1341	-	202	228172814	68205
chr2	228104609	228304609	harbor2	chr2	228188459	228188576	LTR/ERVL-MaLR	514	-	58	228188517	83908
chr2	228104609	228304609	harbor2	chr2	228188579	228189133	LTR/ERVL-MaLR	1805	-	277	228188856	84247
chr2	228104609	228304609	harbor2	chr2	228189372	228189735	LTR/ERVL-MaLR	1603	-	182	228189554	84945
chr2	228104609	228304609	harbor2	chr2	228195060	228195461	LTR/ERVL-MaLR	1418	-	200	228195260	90651
chr2	148151022	148351022	harbor2	chr2	148164735	148164873	LTR/ERVL-MaLR	803	-	69	148164804	13782
chr2	148151022	148351022	harbor2	chr2	148207904	148208101	LTR/ERVL-MaLR	758	-	98	148208002	56980
chr2	148151022	148351022	harbor2	chr2	148238559	148238990	LTR/ERVL-MaLR	2077	-	216	148238775	87753
chr2	148151022	148351022	harbor2	chr2	148209589	148209996	LTR/ERVL-MaLR	2245	-	204	148209793	58771
chr2	217681055	217881055	harbor2	chr2	217705972	217706203	LTR/ERVL-MaLR	443	-	116	217706088	25033
chr2	217681055	217881055	harbor2	chr2	217719854	217720193	LTR/ERVL-MaLR	1468	-	170	217720024	38969
chr2	217681055	217881055	harbor2	chr2	217726787	217726902	LTR/ERVL-MaLR	779	-	58	217726845	45790
chr2	217681055	217881055	harbor2	chr2	217731232	217731560	LTR/ERVL-MaLR	1471	-	164	217731396	50341
chr2	217681055	217881055	harbor2	chr2	217734624	217734997	LTR/ERVL-MaLR	2465	-	186	217734810	53755
chr2	217681055	217881055	harbor2	chr2	217745154	217745677	LTR/ERVL-MaLR	2498	-	262	217745416	64361
chr2	217681055	217881055	harbor2	chr2	217758891	217759068	LTR/ERVL-MaLR	1410	-	88	217758979	77924
chr2	217681055	217881055	harbor2	chr2	217759069	217759433	LTR/ERVL-MaLR	2341	-	182	217759251	78196
chr2	217681055	217881055	harbor2	chr2	217759434	217759639	LTR/ERVL-MaLR	1410	-	102	217759536	78481
chr2	217681055	217881055	harbor2	chr2	217770107	217770568	LTR/ERVL-MaLR	2538	-	230	217770337	89282
chr2	217681055	217881055	harbor2	chr2	217772637	217772913	LTR/ERVL-MaLR	2240	-	138	217772775	91720
chr2	217681055	217881055	harbor2	chr2	217773293	217773381	LTR/ERVL-MaLR	2240	-	44	217773337	92282
chr2	174735903	174935903	harbor2	chr2	174783342	174783736	LTR/ERVL-MaLR	1824	-	197	174783539	47636
chr2	174735903	174935903	harbor2	chr2	174821064	174821463	LTR/ERVL-MaLR	1825	-	200	174821264	85361
chr2	174735903	174935903	harbor2	chr2	174821846	174821976	LTR/ERVL-MaLR	574	-	65	174821911	86008
chr2	192948548	193148548	harbor2	chr2	193007219	193007573	LTR/ERVL-MaLR	2580	-	177	193007396	58848
chr2	192948548	193148548	harbor2	chr2	193007574	193009145	LTR/ERVL-MaLR	11009	-	786	193008360	59812
chr2	192948548	193148548	harbor2	chr2	193009146	193009501	LTR/ERVL-MaLR	2625	-	178	193009324	60776
chr2	192948548	193148548	harbor2	chr2	193041302	193041533	LTR/ERVL-MaLR	874	-	116	193041418	92870
chr2	192948548	193148548	harbor2	chr2	193043263	193043369	LTR/ERVL-MaLR	580	-	53	193043316	94768
chr2	192948548	193148548	harbor2	chr2	193043473	193043730	LTR/ERVL-MaLR	877	-	128	193043601	95053
chr2	239618147	239818147	harbor2	chr2	239634279	239634629	LTR/ERVL-MaLR	1588	-	175	239634454	16307
chr2	239618147	239818147	harbor2	chr2	239647116	239647454	LTR/ERVL-MaLR	1765	-	169	239647285	29138
chr2	239618147	239818147	harbor2	chr2	239712495	239712765	LTR/ERVL-MaLR	703	-	135	239712630	94483
chr2	131964762	132164762	harbor2	chr2	131971339	131971623	LTR/ERVL-MaLR	671	-	142	131971481	6719
chr2	131964762	132164762	harbor2	chr2	131979699	131980069	LTR/ERVL-MaLR	2594	-	185	131979884	15122
chr2	131964762	132164762	harbor2	chr2	131980070	131981534	LTR/ERVL-MaLR	9777	-	732	131980802	16040
chr2	131964762	132164762	harbor2	chr2	131984668	131985041	LTR/ERVL-MaLR	2598	-	186	131984854	20092
chr2	131964762	132164762	harbor2	chr2	131997437	131997805	LTR/ERVL-MaLR	1805	-	184	131997621	32859
chr2	131964762	132164762	harbor2	chr2	132044070	132044493	LTR/ERVL-MaLR	1946	-	212	132044282	79520
chr2	202939107	203139107	harbor2	chr2	202965834	202966297	LTR/ERVL-MaLR	1450	-	232	202966066	26959
chr2	202939107	203139107	harbor2	chr2	202995498	202995858	LTR/ERVL-MaLR	2276	-	180	202995678	56571
chr2	202939107	203139107	harbor2	chr2	203025556	203025700	LTR/ERVL-MaLR	530	-	72	203025628	86521
chr2	185085181	185285181	harbor2	chr2	185139548	185139699	LTR/ERVL-MaLR	966	-	76	185139624	54443
chr2	185085181	185285181	harbor2	chr2	185139692	185140929	LTR/ERVL-MaLR	6705	-	618	185140310	55129
chr2	185085181	185285181	harbor2	chr2	185140932	185141300	LTR/ERVL-MaLR	2338	-	184	185141116	55935
chr2	185085181	185285181	harbor2	chr2	185151438	185151562	LTR/ERVL-MaLR	544	-	62	185151500	66319
chr2	225089496	225289496	harbor2	chr2	225108403	225108747	LTR/ERVL-MaLR	1987	-	172	225108575	19079
chr2	225089496	225289496	harbor2	chr2	225121949	225122343	LTR/ERVL-MaLR	2049	-	197	225122146	32650
chr2	225089496	225289496	harbor2	chr2	225133798	225134171	LTR/ERVL-MaLR	2686	-	186	225133984	44488
chr2	225089496	225289496	harbor2	chr2	225157818	225158181	LTR/ERVL-MaLR	2205	-	182	225158000	68504
chr2	225089496	225289496	harbor2	chr2	225177412	225177799	LTR/ERVL-MaLR	1722	-	194	225177606	88110
chr2	225089496	225289496	harbor2	chr2	225178104	225178144	LTR/ERVL-MaLR	1722	-	20	225178124	88628
chr2	225089496	225289496	harbor2	chr2	225132268	225132709	LTR/ERVL-MaLR	1180	-	220	225132488	42992
chr2	142599861	142799861	harbor2	chr2	142629421	142629793	LTR/ERVL-MaLR	2394	-	186	142629607	29746
chr2	142599861	142799861	harbor2	chr2	142630583	142630815	LTR/ERVL-MaLR	1060	-	116	142630699	30838
chr2	142599861	142799861	harbor2	chr2	142631460	142631589	LTR/ERVL-MaLR	683	-	64	142631524	31663
chr2	142599861	142799861	harbor2	chr2	142675189	142675656	LTR/ERVL-MaLR	526	-	234	142675423	75562
chr2	151993138	152193138	harbor2	chr2	152022934	152023351	LTR/ERVL-MaLR	1986	-	208	152023142	30004
chr2	151993138	152193138	harbor2	chr2	152081257	152081372	LTR/ERVL-MaLR	1505	-	58	152081315	88177
chr2	151993138	152193138	harbor2	chr2	152081503	152081747	LTR/ERVL-MaLR	1505	-	122	152081625	88487
chr2	43066399	43266399	harbor2	chr2	43084603	43085227	LTR/ERVL-MaLR	1908	-	312	43084915	18516
chr2	43066399	43266399	harbor2	chr2	43088123	43088694	LTR/ERVL-MaLR	606	-	286	43088409	22010
chr2	43066399	43266399	harbor2	chr2	43089001	43089324	LTR/ERVL-MaLR	1059	-	162	43089163	22764
chr2	43066399	43266399	harbor2	chr2	43089622	43089857	LTR/ERVL-MaLR	1059	-	118	43089740	23341
chr2	43066399	43266399	harbor2	chr2	43090413	43090688	LTR/ERVL-MaLR	4247	-	138	43090551	24152
chr2	43066399	43266399	harbor2	chr2	43091039	43091390	LTR/ERVL-MaLR	4247	-	176	43091215	24816
chr2	43066399	43266399	harbor2	chr2	43091495	43091895	LTR/ERVL-MaLR	4247	-	200	43091695	25296
chr2	43066399	43266399	harbor2	chr2	43092204	43092468	LTR/ERVL-MaLR	4247	-	132	43092336	25937
chr2	43066399	43266399	harbor2	chr2	43092486	43092977	LTR/ERVL-MaLR	1183	-	246	43092732	26333
chr2	43066399	43266399	harbor2	chr2	43098128	43098682	LTR/ERVL-MaLR	1821	-	277	43098405	32006
chr2	43066399	43266399	harbor2	chr2	43115576	43115701	LTR/ERVL-MaLR	1454	-	62	43115638	49239
chr2	43066399	43266399	harbor2	chr2	43115993	43116173	LTR/ERVL-MaLR	1454	-	90	43116083	49684
chr2	43066399	43266399	harbor2	chr2	43116482	43116592	LTR/ERVL-MaLR	1454	-	55	43116537	50138
chr2	43066399	43266399	harbor2	chr2	43116594	43116955	LTR/ERVL-MaLR	2105	-	180	43116774	50375
chr2	43066399	43266399	harbor2	chr2	43117240	43117353	LTR/ERVL-MaLR	2105	-	56	43117296	50897
chr2	43066399	43266399	harbor2	chr2	43117480	43117642	LTR/ERVL-MaLR	563	-	81	43117561	51162
chr2	43066399	43266399	harbor2	chr2	43117636	43118339	LTR/ERVL-MaLR	3832	-	352	43117988	51589
chr2	43066399	43266399	harbor2	chr2	43119375	43119876	LTR/ERVL-MaLR	1814	-	250	43119625	53226
chr2	43066399	43266399	harbor2	chr2	43142864	43143298	LTR/ERVL-MaLR	571	-	217	43143081	76682
chr2	43066399	43266399	harbor2	chr2	43164840	43164904	LTR/ERVL-MaLR	1042	-	32	43164872	98473
chr2	43066399	43266399	harbor2	chr2	43165178	43165473	LTR/ERVL-MaLR	1042	-	148	43165326	98927
chr2	43066399	43266399	harbor2	chr2	43089858	43090108	LTR/ERVL-MaLR	4247	-	125	43089983	23584
chr2	209610584	209810584	harbor2	chr2	209617602	209617809	LTR/ERVL-MaLR	737	-	104	209617706	7122
chr2	209610584	209810584	harbor2	chr2	209634302	209634690	LTR/ERVL-MaLR	792	-	194	209634496	23912
chr2	209610584	209810584	harbor2	chr2	209646898	209647310	LTR/ERVL-MaLR	2731	-	206	209647104	36520
chr2	191225204	191425204	harbor2	chr2	191230162	191230563	LTR/ERVL-MaLR	1361	-	200	191230362	5158
chr2	191225204	191425204	harbor2	chr2	191236741	191237078	LTR/ERVL-MaLR	1646	-	168	191236909	11705
chr2	191225204	191425204	harbor2	chr2	191243555	191244013	LTR/ERVL-MaLR	1258	-	229	191243784	18580
chr2	191225204	191425204	harbor2	chr2	191261415	191261615	LTR/ERVL-MaLR	571	-	100	191261515	36311
chr2	191225204	191425204	harbor2	chr2	191268122	191268490	LTR/ERVL-MaLR	1919	-	184	191268306	43102
chr2	191225204	191425204	harbor2	chr2	191272931	191273111	LTR/ERVL-MaLR	685	-	90	191273021	47817
chr2	191225204	191425204	harbor2	chr2	191273423	191273560	LTR/ERVL-MaLR	685	-	68	191273491	48287
chr2	191225204	191425204	harbor2	chr2	191278087	191278434	LTR/ERVL-MaLR	2044	-	174	191278261	53057
chr2	191225204	191425204	harbor2	chr2	191282179	191282384	LTR/ERVL-MaLR	847	-	102	191282281	57077
chr2	191225204	191425204	harbor2	chr2	191292780	191293319	LTR/ERVL-MaLR	763	-	270	191293050	67846
chr2	191225204	191425204	harbor2	chr2	191313871	191313979	LTR/ERVL-MaLR	431	-	54	191313925	88721
chr2	138403142	138603142	harbor2	chr2	138446504	138446802	LTR/ERVL-MaLR	583	-	149	138446653	43511
chr2	138403142	138603142	harbor2	chr2	138452216	138452628	LTR/ERVL-MaLR	907	-	206	138452422	49280
chr2	138403142	138603142	harbor2	chr2	138461246	138461329	LTR/ERVL-MaLR	560	-	42	138461288	58146
chr2	138403142	138603142	harbor2	chr2	138462873	138463179	LTR/ERVL-MaLR	2291	-	153	138463026	59884
chr2	138403142	138603142	harbor2	chr2	138460874	138461245	LTR/ERVL-MaLR	2132	-	186	138461060	57918
chr2	137695810	137895810	harbor2	chr2	137719191	137719582	LTR/ERVL-MaLR	1714	-	196	137719387	23577
chr2	137695810	137895810	harbor2	chr2	137768032	137768236	LTR/ERVL-MaLR	1276	-	102	137768134	72324
chr2	137695810	137895810	harbor2	chr2	137768373	137768524	LTR/ERVL-MaLR	772	-	76	137768449	72639
chr2	137695810	137895810	harbor2	chr2	137781261	137781672	LTR/ERVL-MaLR	2377	-	206	137781467	85657
chr2	137695810	137895810	harbor2	chr2	137783149	137783479	LTR/ERVL-MaLR	1950	-	165	137783314	87504
chr2	137695810	137895810	harbor2	chr2	137786814	137787229	LTR/ERVL-MaLR	2179	-	208	137787022	91212
chr2	137695810	137895810	harbor2	chr2	137790046	137790406	LTR/ERVL-MaLR	2467	-	180	137790226	94416
chr2	137695810	137895810	harbor2	chr2	137790407	137791990	LTR/ERVL-MaLR	10654	-	792	137791199	95389
chr2	137695810	137895810	harbor2	chr2	137791993	137792352	LTR/ERVL-MaLR	2281	-	180	137792173	96363
chr2	137695810	137895810	harbor2	chr2	137795327	137795683	LTR/ERVL-MaLR	1616	-	178	137795505	99695
chr2	162607381	162807381	harbor2	chr2	162648095	162648478	LTR/ERVL-MaLR	1995	-	192	162648287	40906
chr2	205344147	205544147	harbor2	chr2	205355671	205356050	LTR/ERVL-MaLR	2320	-	190	205355861	11714
chr2	205344147	205544147	harbor2	chr2	205421635	205421929	LTR/ERVL-MaLR	838	-	147	205421782	77635
chr2	205344147	205544147	harbor2	chr2	205429717	205430120	LTR/ERVL-MaLR	1234	-	202	205429919	85772
chr2	205344147	205544147	harbor2	chr2	205435908	205436270	LTR/ERVL-MaLR	1256	-	181	205436089	91942
chr2	224856958	225056958	harbor2	chr2	224951592	224952184	LTR/ERVL-MaLR	1567	-	296	224951888	94930
chr2	80661486	80861486	harbor2	chr2	80684512	80684981	LTR/ERVL-MaLR	1986	-	234	80684746	23260
chr2	80661486	80861486	harbor2	chr2	80698714	80699075	LTR/ERVL-MaLR	1953	-	180	80698894	37408
chr2	80661486	80861486	harbor2	chr2	80713023	80713499	LTR/ERVL-MaLR	1972	-	238	80713261	51775
chr2	80661486	80861486	harbor2	chr2	80731708	80731884	LTR/ERVL-MaLR	1241	-	88	80731796	70310
chr2	80661486	80861486	harbor2	chr2	80731885	80732229	LTR/ERVL-MaLR	1872	-	172	80732057	70571
chr2	73432808	73632808	harbor2	chr2	73489181	73489387	LTR/ERVL-MaLR	457	-	103	73489284	56476
chr2	73432808	73632808	harbor2	chr2	73493854	73494344	LTR/ERVL-MaLR	1110	-	245	73494099	61291
chr2	73432808	73632808	harbor2	chr2	73520487	73520739	LTR/ERVL-MaLR	470	-	126	73520613	87805
chr2	73432808	73632808	harbor2	chr2	73529698	73530061	LTR/ERVL-MaLR	1923	-	182	73529880	97072
chr2	73432808	73632808	harbor2	chr2	73531662	73532017	LTR/ERVL-MaLR	1851	-	178	73531840	99032
chr2	73432808	73632808	harbor2	chr2	73530062	73531658	LTR/ERVL-MaLR	11139	-	798	73530860	98052
chr2	148756488	148956488	harbor2	chr2	148793464	148793995	LTR/ERVL-MaLR	645	-	266	148793730	37242
chr2	148756488	148956488	harbor2	chr2	148801931	148802319	LTR/ERVL-MaLR	1888	-	194	148802125	45637
chr2	148756488	148956488	harbor2	chr2	148805875	148806292	LTR/ERVL-MaLR	2480	-	208	148806083	49595
chr2	148756488	148956488	harbor2	chr2	148834893	148835358	LTR/ERVL-MaLR	1385	-	232	148835125	78637
chr2	148756488	148956488	harbor2	chr2	148852900	148853257	LTR/ERVL-MaLR	2063	-	178	148853078	96590
chr2	235997299	236197299	harbor2	chr2	236080608	236081044	LTR/ERVL-MaLR	1874	-	218	236080826	83527
chr2	152751904	152951904	harbor2	chr2	152767964	152768317	LTR/ERVL-MaLR	2416	-	176	152768140	16236
chr2	152751904	152951904	harbor2	chr2	152780257	152780629	LTR/ERVL-MaLR	2273	-	186	152780443	28539
chr2	152751904	152951904	harbor2	chr2	152785702	152786084	LTR/ERVL-MaLR	2079	-	191	152785893	33989
chr2	152751904	152951904	harbor2	chr2	152786085	152787093	LTR/ERVL-MaLR	9031	-	504	152786589	34685
chr2	152751904	152951904	harbor2	chr2	152787541	152788042	LTR/ERVL-MaLR	9031	-	250	152787791	35887
chr2	152751904	152951904	harbor2	chr2	152788044	152788379	LTR/ERVL-MaLR	1761	-	168	152788212	36308
chr2	152751904	152951904	harbor2	chr2	152803244	152803603	LTR/ERVL-MaLR	1740	-	180	152803424	51520
chr2	152751904	152951904	harbor2	chr2	152820108	152820304	LTR/ERVL-MaLR	1366	-	98	152820206	68302
chr2	152751904	152951904	harbor2	chr2	152820336	152820513	LTR/ERVL-MaLR	1366	-	88	152820424	68520
chr2	152751904	152951904	harbor2	chr2	152822224	152822440	LTR/ERVL-MaLR	838	-	108	152822332	70428
chr2	152751904	152951904	harbor2	chr2	152825450	152825862	LTR/ERVL-MaLR	2541	-	206	152825656	73752
chr2	152751904	152951904	harbor2	chr2	152830597	152830817	LTR/ERVL-MaLR	561	-	110	152830707	78803
chr2	152751904	152951904	harbor2	chr2	152833346	152833685	LTR/ERVL-MaLR	1603	-	170	152833516	81612
chr2	155578211	155778211	harbor2	chr2	155604978	155605701	LTR/ERVL-MaLR	715	-	362	155605340	27129
chr2	155578211	155778211	harbor2	chr2	155628639	155629129	LTR/ERVL-MaLR	1043	-	245	155628884	50673
chr2	181856323	182056323	harbor2	chr2	181875396	181875588	LTR/ERVL-MaLR	705	-	96	181875492	19169
chr2	181856323	182056323	harbor2	chr2	181875742	181875807	LTR/ERVL-MaLR	705	-	32	181875774	19451
chr2	181856323	182056323	harbor2	chr2	181949409	181949703	LTR/ERVL-MaLR	1704	-	147	181949556	93233
chr2	178194991	178394991	harbor2	chr2	178207155	178207533	LTR/ERVL-MaLR	663	-	189	178207344	12353
chr2	178194991	178394991	harbor2	chr2	178225567	178225926	LTR/ERVL-MaLR	2208	-	180	178225747	30756
chr2	178194991	178394991	harbor2	chr2	178228913	178229279	LTR/ERVL-MaLR	1361	-	183	178229096	34105
chr2	178194991	178394991	harbor2	chr2	178254849	178255023	LTR/ERVL-MaLR	2458	-	87	178254936	59945
chr2	178194991	178394991	harbor2	chr2	178255337	178255541	LTR/ERVL-MaLR	2458	-	102	178255439	60448
chr2	178194991	178394991	harbor2	chr2	178283616	178284038	LTR/ERVL-MaLR	2433	-	211	178283827	88836
chr3	135737425	135937425	harbor2	chr3	135745701	135746206	LTR/ERVL-MaLR	1110	-	252	135745953	8528
chr3	135737425	135937425	harbor2	chr3	135762044	135762387	LTR/ERVL-MaLR	393	-	172	135762216	24791
chr3	135737425	135937425	harbor2	chr3	135769969	135770307	LTR/ERVL-MaLR	1243	-	169	135770138	32713
chr3	135737425	135937425	harbor2	chr3	135772628	135773058	LTR/ERVL-MaLR	2560	-	215	135772843	35418
chr3	135737425	135937425	harbor2	chr3	135814960	135815492	LTR/ERVL-MaLR	2009	-	266	135815226	77801
chr3	135737425	135937425	harbor2	chr3	135832761	135833058	LTR/ERVL-MaLR	1692	-	148	135832909	95484
chr3	135737425	135937425	harbor2	chr3	135833368	135833467	LTR/ERVL-MaLR	1626	-	50	135833418	95993
chr3	157350228	157550228	harbor2	chr3	157392264	157392505	LTR/ERVL-MaLR	1333	-	120	157392384	42156
chr3	157350228	157550228	harbor2	chr3	157394475	157394738	LTR/ERVL-MaLR	1296	-	132	157394607	44379
chr3	157350228	157550228	harbor2	chr3	157430794	157430987	LTR/ERVL-MaLR	2216	-	96	157430890	80662
chr3	157350228	157550228	harbor2	chr3	157431351	157431660	LTR/ERVL-MaLR	2216	-	154	157431505	81277
chr3	159804571	160004571	harbor2	chr3	159812762	159813175	LTR/ERVL-MaLR	1490	-	206	159812968	8397
chr3	159804571	160004571	harbor2	chr3	159818891	159819450	LTR/ERVL-MaLR	1987	-	280	159819171	14600
chr3	159804571	160004571	harbor2	chr3	159833113	159833500	LTR/ERVL-MaLR	1678	-	194	159833307	28736
chr3	159804571	160004571	harbor2	chr3	159836139	159836492	LTR/ERVL-MaLR	2116	-	176	159836315	31744
chr3	159804571	160004571	harbor2	chr3	159850233	159850271	LTR/ERVL-MaLR	2492	-	19	159850252	45681
chr3	159804571	160004571	harbor2	chr3	159850572	159850934	LTR/ERVL-MaLR	2492	-	181	159850753	46182
chr3	159804571	160004571	harbor2	chr3	159881813	159882176	LTR/ERVL-MaLR	816	-	182	159881995	77424
chr3	159804571	160004571	harbor2	chr3	159886769	159887092	LTR/ERVL-MaLR	2132	-	162	159886931	82360
chr3	176067346	176267346	harbor2	chr3	176072017	176072513	LTR/ERVL-MaLR	841	-	248	176072265	4919
chr3	176067346	176267346	harbor2	chr3	176084972	176085321	LTR/ERVL-MaLR	1777	-	174	176085146	17800
chr3	176067346	176267346	harbor2	chr3	176097909	176098267	LTR/ERVL-MaLR	1827	-	179	176098088	30742
chr3	176067346	176267346	harbor2	chr3	176098274	176098394	LTR/ERVL-MaLR	711	-	60	176098334	30988
chr3	176067346	176267346	harbor2	chr3	176098371	176098654	LTR/ERVL-MaLR	1352	-	142	176098513	31167
chr3	176067346	176267346	harbor2	chr3	176103533	176104082	LTR/ERVL-MaLR	1676	-	274	176103807	36461
chr3	176067346	176267346	harbor2	chr3	176115024	176115255	LTR/ERVL-MaLR	527	-	116	176115140	47794
chr3	176067346	176267346	harbor2	chr3	176121993	176122351	LTR/ERVL-MaLR	1648	-	179	176122172	54826
chr3	176067346	176267346	harbor2	chr3	176146687	176147050	LTR/ERVL-MaLR	2402	-	182	176146869	79523
chr3	55922194	56122194	harbor2	chr3	55964582	55965225	LTR/ERVL-MaLR	2005	-	322	55964904	42710
chr3	167855307	168055307	harbor2	chr3	167890926	167891284	LTR/ERVL-MaLR	1265	-	179	167891105	35798
chr3	167855307	168055307	harbor2	chr3	167942554	167942684	LTR/ERVL-MaLR	793	-	65	167942619	87312
chr3	198026190	198226190	harbor2	chr3	198032449	198032834	LTR/ERVL-MaLR	2038	-	192	198032641	6451
chr3	198026190	198226190	harbor2	chr3	198045245	198045570	LTR/ERVL-MaLR	1746	-	162	198045407	19217
chr3	198026190	198226190	harbor2	chr3	198048109	198048293	LTR/ERVL-MaLR	539	-	92	198048201	22011
chr3	198026190	198226190	harbor2	chr3	198048667	198048773	LTR/ERVL-MaLR	488	-	53	198048720	22530
chr3	198026190	198226190	harbor2	chr3	198048780	198049118	LTR/ERVL-MaLR	1327	-	169	198048949	22759
chr3	198026190	198226190	harbor2	chr3	198049115	198049218	LTR/ERVL-MaLR	396	-	52	198049167	22977
chr3	198026190	198226190	harbor2	chr3	198049264	198049362	LTR/ERVL-MaLR	445	-	49	198049313	23123
chr3	198026190	198226190	harbor2	chr3	198051674	198051966	LTR/ERVL-MaLR	6254	-	146	198051820	25630
chr3	198026190	198226190	harbor2	chr3	198093162	198093523	LTR/ERVL-MaLR	2480	-	180	198093342	67152
chr3	198026190	198226190	harbor2	chr3	198093529	198094117	LTR/ERVL-MaLR	4166	-	294	198093823	67633
chr3	198026190	198226190	harbor2	chr3	198049363	198050671	LTR/ERVL-MaLR	6254	-	654	198050017	23827
chr3	158110215	158310215	harbor2	chr3	158124000	158124295	LTR/ERVL-MaLR	520	-	148	158124148	13933
chr3	158110215	158310215	harbor2	chr3	158129977	158130343	LTR/ERVL-MaLR	1347	-	183	158130160	19945
chr3	158110215	158310215	harbor2	chr3	158142434	158142830	LTR/ERVL-MaLR	1908	-	198	158142632	32417
chr3	158110215	158310215	harbor2	chr3	158149249	158149443	LTR/ERVL-MaLR	655	-	97	158149346	39131
chr3	196283785	196483785	harbor2	chr3	196321828	196322160	LTR/ERVL-MaLR	1794	-	166	196321994	38209
chr3	196283785	196483785	harbor2	chr3	196322226	196322526	LTR/ERVL-MaLR	1399	-	150	196322376	38591
chr3	196283785	196483785	harbor2	chr3	196322655	196322692	LTR/ERVL-MaLR	1399	-	18	196322673	38888
chr3	196283785	196483785	harbor2	chr3	196322991	196323071	LTR/ERVL-MaLR	1399	-	40	196323031	39246
chr3	196283785	196483785	harbor2	chr3	196367770	196367928	LTR/ERVL-MaLR	402	-	79	196367849	84064
chr3	151071040	151271040	harbor2	chr3	151077302	151077613	LTR/ERVL-MaLR	489	-	156	151077458	6418
chr3	151071040	151271040	harbor2	chr3	151098336	151098764	LTR/ERVL-MaLR	1423	-	214	151098550	27510
chr3	151071040	151271040	harbor2	chr3	151098813	151099171	LTR/ERVL-MaLR	2055	-	179	151098992	27952
chr3	151071040	151271040	harbor2	chr3	151104639	151105072	LTR/ERVL-MaLR	1203	-	216	151104855	33815
chr3	151071040	151271040	harbor2	chr3	151119270	151119634	LTR/ERVL-MaLR	1711	-	182	151119452	48412
chr3	138051657	138251657	harbor2	chr3	138117275	138117639	LTR/ERVL-MaLR	2186	-	182	138117457	65800
chr3	138051657	138251657	harbor2	chr3	138128249	138128664	LTR/ERVL-MaLR	2567	-	208	138128457	76800
chr3	194279864	194479864	harbor2	chr3	194283670	194284031	LTR/ERVL-MaLR	2193	-	180	194283850	3986
chr3	194279864	194479864	harbor2	chr3	194284077	194284294	LTR/ERVL-MaLR	2193	-	108	194284185	4321
chr3	194279864	194479864	harbor2	chr3	194288442	194288623	LTR/ERVL-MaLR	1121	-	90	194288532	8668
chr3	194279864	194479864	harbor2	chr3	194317570	194317991	LTR/ERVL-MaLR	2441	-	210	194317780	37916
chr3	194279864	194479864	harbor2	chr3	194318006	194319571	LTR/ERVL-MaLR	8465	-	782	194318788	38924
chr3	194279864	194479864	harbor2	chr3	194319572	194319990	LTR/ERVL-MaLR	2660	-	209	194319781	39917
chr3	77365189	77565189	harbor2	chr3	77366557	77367025	LTR/ERVL-MaLR	1881	-	234	77366791	1602
chr3	77365189	77565189	harbor2	chr3	77391477	77391687	LTR/ERVL-MaLR	1274	-	105	77391582	26393
chr3	77365189	77565189	harbor2	chr3	77405975	77406350	LTR/ERVL-MaLR	1682	-	188	77406163	40974
chr3	77365189	77565189	harbor2	chr3	77418936	77419077	LTR/ERVL-MaLR	574	-	70	77419006	53817
chr3	187273367	187473367	harbor2	chr3	187298211	187298337	LTR/ERVL-MaLR	462	-	63	187298274	24907
chr3	187273367	187473367	harbor2	chr3	187325501	187325955	LTR/ERVL-MaLR	2866	-	227	187325728	52361
chr3	187273367	187473367	harbor2	chr3	187332018	187332373	LTR/ERVL-MaLR	2278	-	178	187332196	58829
chr3	187273367	187473367	harbor2	chr3	187351124	187351380	LTR/ERVL-MaLR	954	-	128	187351252	77885
chr3	189944963	190144963	harbor2	chr3	189976250	189976592	LTR/ERVL-MaLR	2148	-	171	189976421	31458
chr3	189944963	190144963	harbor2	chr3	190023313	190023692	LTR/ERVL-MaLR	2015	-	190	190023503	78540
chr3	150526410	150726410	harbor2	chr3	150576988	150577320	LTR/ERVL-MaLR	1518	-	166	150577154	50744
chr3	150526410	150726410	harbor2	chr3	150600194	150600538	LTR/ERVL-MaLR	1471	-	172	150600366	73956
chr3	150526410	150726410	harbor2	chr3	150613090	150613255	LTR/ERVL-MaLR	884	-	82	150613172	86762
chr3	193056224	193256224	harbor2	chr3	193074233	193074584	LTR/ERVL-MaLR	1842	-	176	193074409	18185
chr3	193056224	193256224	harbor2	chr3	193106836	193107155	LTR/ERVL-MaLR	676	-	160	193106996	50772
chr3	193056224	193256224	harbor2	chr3	193122894	193123231	LTR/ERVL-MaLR	1815	-	168	193123062	66838
chr3	193056224	193256224	harbor2	chr3	193136432	193136700	LTR/ERVL-MaLR	522	-	134	193136566	80342
chr3	89942464	90142464	harbor2	chr3	89953999	89954193	LTR/ERVL-MaLR	574	-	97	89954096	11632
chr3	89942464	90142464	harbor2	chr3	89968173	89968550	LTR/ERVL-MaLR	2351	-	188	89968361	25897
chr3	89942464	90142464	harbor2	chr3	90017770	90018232	LTR/ERVL-MaLR	1847	-	231	90018001	75537
chr3	89942464	90142464	harbor2	chr3	90024734	90025137	LTR/ERVL-MaLR	1472	-	202	90024936	82472
chr3	89942464	90142464	harbor2	chr3	90029904	90030277	LTR/ERVL-MaLR	2496	-	186	90030090	87626
chr3	168263475	168463475	harbor2	chr3	168319112	168319467	LTR/ERVL-MaLR	1977	-	178	168319290	55815
chr3	129380109	129580109	harbor2	chr3	129385350	129385699	LTR/ERVL-MaLR	2199	-	174	129385524	5415
chr3	26115753	26315753	harbor2	chr3	26166128	26166526	LTR/ERVL-MaLR	533	-	199	26166327	50574
chr3	26115753	26315753	harbor2	chr3	26183004	26183536	LTR/ERVL-MaLR	1089	-	266	26183270	67517
chr3	145842706	146042706	harbor2	chr3	145882441	145882897	LTR/ERVL-MaLR	722	-	228	145882669	39963
chr3	145842706	146042706	harbor2	chr3	145933888	145934347	LTR/ERVL-MaLR	1684	-	230	145934118	91412
chr3	165833534	166033534	harbor2	chr3	165863939	165864482	LTR/ERVL-MaLR	1026	-	272	165864211	30677
chr3	165833534	166033534	harbor2	chr3	165891890	165891924	LTR/ERVL-MaLR	1960	-	17	165891907	58373
chr3	165833534	166033534	harbor2	chr3	165892241	165892627	LTR/ERVL-MaLR	1960	-	193	165892434	58900
chr3	165833534	166033534	harbor2	chr3	165919694	165919906	LTR/ERVL-MaLR	435	-	106	165919800	86266
chr3	165833534	166033534	harbor2	chr3	165887925	165888339	LTR/ERVL-MaLR	1151	-	207	165888132	54598
chr3	174557268	174757268	harbor2	chr3	174559530	174559889	LTR/ERVL-MaLR	1624	-	180	174559710	2442
chr3	174557268	174757268	harbor2	chr3	174573468	174573901	LTR/ERVL-MaLR	2038	-	216	174573684	16416
chr3	174557268	174757268	harbor2	chr3	174600574	174600949	LTR/ERVL-MaLR	2015	-	188	174600762	43494
chr3	174557268	174757268	harbor2	chr3	174652357	174652717	LTR/ERVL-MaLR	2578	-	180	174652537	95269
chr3	137121287	137321287	harbor2	chr3	137122760	137123148	LTR/ERVL-MaLR	1349	-	194	137122954	1667
chr3	137121287	137321287	harbor2	chr3	137124897	137125369	LTR/ERVL-MaLR	673	-	236	137125133	3846
chr3	137121287	137321287	harbor2	chr3	137159158	137159671	LTR/ERVL-MaLR	635	-	256	137159414	38127
chr3	137121287	137321287	harbor2	chr3	137165486	137165942	LTR/ERVL-MaLR	1107	-	228	137165714	44427
chr3	137121287	137321287	harbor2	chr3	137178612	137179011	LTR/ERVL-MaLR	1494	-	200	137178812	57525
chr3	137121287	137321287	harbor2	chr3	137195781	137196237	LTR/ERVL-MaLR	1652	-	228	137196009	74722
chr3	137121287	137321287	harbor2	chr3	137196241	137196761	LTR/ERVL-MaLR	1533	-	260	137196501	75214
chr3	137121287	137321287	harbor2	chr3	137200399	137200579	LTR/ERVL-MaLR	945	-	90	137200489	79202
chr3	137121287	137321287	harbor2	chr3	137219803	137220332	LTR/ERVL-MaLR	1758	-	264	137220067	98780
chr3	137121287	137321287	harbor2	chr3	137199403	137200398	LTR/ERVL-MaLR	3246	-	498	137199901	78614
chr3	186785198	186985198	harbor2	chr3	186808165	186808533	LTR/ERVL-MaLR	1635	-	184	186808349	23151
chr3	186785198	186985198	harbor2	chr3	186816296	186816684	LTR/ERVL-MaLR	2032	-	194	186816490	31292
chr3	186785198	186985198	harbor2	chr3	186832655	186832919	LTR/ERVL-MaLR	587	-	132	186832787	47589
chr3	186785198	186985198	harbor2	chr3	186851835	186852021	LTR/ERVL-MaLR	1882	-	93	186851928	66730
chr3	186785198	186985198	harbor2	chr3	186852052	186852223	LTR/ERVL-MaLR	1882	-	86	186852138	66940
chr3	186785198	186985198	harbor2	chr3	186872085	186872437	LTR/ERVL-MaLR	1658	-	176	186872261	87063
chr3	197809322	198009322	harbor2	chr3	197814084	197814438	LTR/ERVL-MaLR	2273	-	177	197814261	4939
chr3	197809322	198009322	harbor2	chr3	197841036	197841624	LTR/ERVL-MaLR	2124	-	294	197841330	32008
chr3	197809322	198009322	harbor2	chr3	197896544	197896852	LTR/ERVL-MaLR	1335	-	154	197896698	87376
chr3	197809322	198009322	harbor2	chr3	197896930	197896999	LTR/ERVL-MaLR	408	-	34	197896964	87642
chr3	197809322	198009322	harbor2	chr3	197898528	197898859	LTR/ERVL-MaLR	2107	-	166	197898694	89372
chr3	115871018	116071018	harbor2	chr3	115967017	115967558	LTR/ERVL-MaLR	4081	-	270	115967287	96269
chr3	115871018	116071018	harbor2	chr3	115967564	115967929	LTR/ERVL-MaLR	2259	-	182	115967746	96728
chr3	88889054	89089054	harbor2	chr3	88934330	88934564	LTR/ERVL-MaLR	932	-	117	88934447	45393
chr3	88889054	89089054	harbor2	chr3	88934868	88935143	LTR/ERVL-MaLR	932	-	138	88935006	45952
chr3	88889054	89089054	harbor2	chr3	88938561	88938976	LTR/ERVL-MaLR	2148	-	208	88938769	49715
chr3	88889054	89089054	harbor2	chr3	88959903	88960305	LTR/ERVL-MaLR	1567	-	201	88960104	71050
chr3	88889054	89089054	harbor2	chr3	88981554	88981726	LTR/ERVL-MaLR	459	-	86	88981640	92586
chr3	194006829	194206829	harbor2	chr3	194015863	194016108	LTR/ERVL-MaLR	1170	-	122	194015985	9156
chr3	194006829	194206829	harbor2	chr3	194016267	194016422	LTR/ERVL-MaLR	859	-	78	194016345	9516
chr3	194006829	194206829	harbor2	chr3	194028460	194028890	LTR/ERVL-MaLR	1026	-	215	194028675	21846
chr3	194006829	194206829	harbor2	chr3	194046313	194046855	LTR/ERVL-MaLR	2543	-	271	194046584	39755
chr3	194006829	194206829	harbor2	chr3	194074048	194074379	LTR/ERVL-MaLR	1576	-	166	194074214	67385
chr3	194006829	194206829	harbor2	chr3	194106190	194106587	LTR/ERVL-MaLR	1666	-	198	194106388	99559
chr3	194006829	194206829	harbor2	chr3	194084711	194085225	LTR/ERVL-MaLR	2336	-	257	194084968	78139
chr3	57459528	57659528	harbor2	chr3	57527365	57527745	LTR/ERVL-MaLR	2591	-	190	57527555	68027
chr3	174325597	174525597	harbor2	chr3	174384869	174385286	LTR/ERVL-MaLR	456	-	208	174385077	59480
chr3	174325597	174525597	harbor2	chr3	174385352	174385514	LTR/ERVL-MaLR	648	-	81	174385433	59836
chr3	174325597	174525597	harbor2	chr3	174386017	174386224	LTR/ERVL-MaLR	1862	-	104	174386121	60524
chr3	174325597	174525597	harbor2	chr3	174386225	174386568	LTR/ERVL-MaLR	2212	-	172	174386397	60800
chr3	174325597	174525597	harbor2	chr3	174386569	174386734	LTR/ERVL-MaLR	1862	-	82	174386651	61054
chr3	174325597	174525597	harbor2	chr3	174388126	174388538	LTR/ERVL-MaLR	2542	-	206	174388332	62735
chr3	174325597	174525597	harbor2	chr3	174388544	174388739	LTR/ERVL-MaLR	9160	-	98	174388642	63045
chr3	174325597	174525597	harbor2	chr3	174388740	174389123	LTR/ERVL-MaLR	2236	-	192	174388932	63335
chr3	174325597	174525597	harbor2	chr3	174389124	174390544	LTR/ERVL-MaLR	9160	-	710	174389834	64237
chr3	174325597	174525597	harbor2	chr3	174390551	174390965	LTR/ERVL-MaLR	2890	-	207	174390758	65161
chr3	174325597	174525597	harbor2	chr3	174406385	174406735	LTR/ERVL-MaLR	1397	-	175	174406560	80963
chr3	174325597	174525597	harbor2	chr3	174407035	174407438	LTR/ERVL-MaLR	1773	-	202	174407237	81640
chr3	174325597	174525597	harbor2	chr3	174423442	174423818	LTR/ERVL-MaLR	2285	-	188	174423630	98033
chr3	141405871	141605871	harbor2	chr3	141418991	141419349	LTR/ERVL-MaLR	1838	-	179	141419170	13299
chr3	141405871	141605871	harbor2	chr3	141454177	141454346	LTR/ERVL-MaLR	480	-	84	141454261	48390
chr3	141405871	141605871	harbor2	chr3	141464399	141464772	LTR/ERVL-MaLR	2696	-	186	141464585	58714
chr3	138510963	138710963	harbor2	chr3	138595320	138595494	LTR/ERVL-MaLR	477	-	87	138595407	84444
chr3	138510963	138710963	harbor2	chr3	138598390	138598909	LTR/ERVL-MaLR	1968	-	260	138598650	87687
chr3	138510963	138710963	harbor2	chr3	138606585	138606890	LTR/ERVL-MaLR	1138	-	152	138606737	95774
chr3	119051027	119251027	harbor2	chr3	119066168	119066308	LTR/ERVL-MaLR	445	-	70	119066238	15211
chr3	119051027	119251027	harbor2	chr3	119068251	119068419	LTR/ERVL-MaLR	437	-	84	119068335	17308
chr3	119051027	119251027	harbor2	chr3	119096974	119097207	LTR/ERVL-MaLR	636	-	116	119097090	46063
chr3	119051027	119251027	harbor2	chr3	119112797	119113184	LTR/ERVL-MaLR	2115	-	194	119112991	61964
chr3	119051027	119251027	harbor2	chr3	119113185	119114790	LTR/ERVL-MaLR	10609	-	802	119113987	62960
chr3	119051027	119251027	harbor2	chr3	119114791	119115156	LTR/ERVL-MaLR	2000	-	182	119114973	63946
chr3	119051027	119251027	harbor2	chr3	119117243	119117594	LTR/ERVL-MaLR	2216	-	176	119117419	66392
chr3	119051027	119251027	harbor2	chr3	119117601	119119178	LTR/ERVL-MaLR	11825	-	788	119118389	67362
chr3	119051027	119251027	harbor2	chr3	119119179	119119531	LTR/ERVL-MaLR	2250	-	176	119119355	68328
chr3	83733080	83933080	harbor2	chr3	83753230	83753577	LTR/ERVL-MaLR	1443	-	174	83753404	20324
chr3	83733080	83933080	harbor2	chr3	83757907	83758249	LTR/ERVL-MaLR	1259	-	171	83758078	24998
chr3	83733080	83933080	harbor2	chr3	83772099	83772509	LTR/ERVL-MaLR	1325	-	205	83772304	39224
chr3	83733080	83933080	harbor2	chr3	83791776	83792183	LTR/ERVL-MaLR	1915	-	204	83791980	58900
chr3	83733080	83933080	harbor2	chr3	83820943	83821109	LTR/ERVL-MaLR	520	-	83	83821026	87946
chr3	176116167	176316167	harbor2	chr3	176121993	176122351	LTR/ERVL-MaLR	1648	-	179	176122172	6005
chr3	176116167	176316167	harbor2	chr3	176146687	176147050	LTR/ERVL-MaLR	2402	-	182	176146869	30702
chr3	176116167	176316167	harbor2	chr3	176171857	176172302	LTR/ERVL-MaLR	776	-	222	176172079	55912
chr3	196587820	196787820	harbor2	chr3	196627807	196627922	LTR/ERVL-MaLR	479	-	58	196627865	40045
chr3	196587820	196787820	harbor2	chr3	196642243	196642590	LTR/ERVL-MaLR	1220	-	174	196642417	54597
chr3	196587820	196787820	harbor2	chr3	196663602	196663743	LTR/ERVL-MaLR	434	-	70	196663672	75852
chr3	170366424	170566424	harbor2	chr3	170397386	170397450	LTR/ERVL-MaLR	809	-	32	170397418	30994
chr3	170366424	170566424	harbor2	chr3	170397628	170398044	LTR/ERVL-MaLR	809	-	208	170397836	31412
chr3	188647536	188847536	harbor2	chr3	188651506	188651850	LTR/ERVL-MaLR	2125	-	172	188651678	4142
chr3	188647536	188847536	harbor2	chr3	188701572	188701676	LTR/ERVL-MaLR	561	-	52	188701624	54088
chr3	188647536	188847536	harbor2	chr3	188730672	188731145	LTR/ERVL-MaLR	1685	-	236	188730908	83372
chr3	118156705	118356705	harbor2	chr3	118157244	118157618	LTR/ERVL-MaLR	2349	-	187	118157431	726
chr3	118156705	118356705	harbor2	chr3	118157619	118158638	LTR/ERVL-MaLR	9463	-	510	118158129	1424
chr3	118156705	118356705	harbor2	chr3	118158926	118159450	LTR/ERVL-MaLR	9463	-	262	118159188	2483
chr3	118156705	118356705	harbor2	chr3	118159732	118159969	LTR/ERVL-MaLR	1105	-	118	118159850	3145
chr3	118156705	118356705	harbor2	chr3	118159970	118160244	LTR/ERVL-MaLR	2043	-	137	118160107	3402
chr3	118156705	118356705	harbor2	chr3	118167502	118167602	LTR/ERVL-MaLR	483	-	50	118167552	10847
chr3	118156705	118356705	harbor2	chr3	118167948	118168673	LTR/ERVL-MaLR	2549	-	362	118168310	11605
chr3	118156705	118356705	harbor2	chr3	118169089	118169443	LTR/ERVL-MaLR	1317	-	177	118169266	12561
chr3	118156705	118356705	harbor2	chr3	118178936	118179343	LTR/ERVL-MaLR	1246	-	204	118179140	22435
chr3	118156705	118356705	harbor2	chr3	118235024	118235612	LTR/ERVL-MaLR	2082	-	294	118235318	78613
chr3	118156705	118356705	harbor2	chr3	118252043	118252484	LTR/ERVL-MaLR	549	-	220	118252263	95558
chr3	197318617	197518617	harbor2	chr3	197351237	197351348	LTR/ERVL-MaLR	409	-	56	197351293	32676
chr3	197318617	197518617	harbor2	chr3	197406237	197406637	LTR/ERVL-MaLR	778	-	200	197406437	87820
chr3	104312672	104512672	harbor2	chr3	104315474	104315946	LTR/ERVL-MaLR	1520	-	236	104315710	3038
chr3	104312672	104512672	harbor2	chr3	104390216	104390585	LTR/ERVL-MaLR	1887	-	184	104390400	77728
chr3	104312672	104512672	harbor2	chr3	104390586	104392050	LTR/ERVL-MaLR	7846	-	732	104391318	78646
chr3	104312672	104512672	harbor2	chr3	104392053	104392424	LTR/ERVL-MaLR	1941	-	186	104392239	79567
chr3	87852220	88052220	harbor2	chr3	87857806	87857901	LTR/ERVL-MaLR	579	-	48	87857854	5634
chr3	87852220	88052220	harbor2	chr3	87862275	87862674	LTR/ERVL-MaLR	986	-	200	87862475	10255
chr3	87852220	88052220	harbor2	chr3	87863116	87863772	LTR/ERVL-MaLR	1867	-	328	87863444	11224
chr3	87852220	88052220	harbor2	chr3	87863773	87864277	LTR/ERVL-MaLR	1508	-	252	87864025	11805
chr3	87852220	88052220	harbor2	chr3	87909601	87909917	LTR/ERVL-MaLR	471	-	158	87909759	57539
chr3	87852220	88052220	harbor2	chr3	87949851	87950307	LTR/ERVL-MaLR	2057	-	228	87950079	97859
chr3	105864673	106064673	harbor2	chr3	105872774	105873248	LTR/ERVL-MaLR	893	-	237	105873011	8338
chr3	105864673	106064673	harbor2	chr3	105936059	105936409	LTR/ERVL-MaLR	2525	-	175	105936234	71561
chr3	105864673	106064673	harbor2	chr3	105952580	105952952	LTR/ERVL-MaLR	2216	-	186	105952766	88093
chr3	105864673	106064673	harbor2	chr3	105958305	105958676	LTR/ERVL-MaLR	1546	-	186	105958491	93818
chr3	191350027	191550027	harbor2	chr3	191361384	191361811	LTR/ERVL-MaLR	1838	-	214	191361598	11571
chr3	191350027	191550027	harbor2	chr3	191404456	191404855	LTR/ERVL-MaLR	1950	-	200	191404656	54629
chr3	191350027	191550027	harbor2	chr3	191404858	191406482	LTR/ERVL-MaLR	8450	-	812	191405670	55643
chr3	191350027	191550027	harbor2	chr3	191406486	191406880	LTR/ERVL-MaLR	2149	-	197	191406683	56656
chr3	191350027	191550027	harbor2	chr3	191415053	191415134	LTR/ERVL-MaLR	2378	-	40	191415093	65066
chr3	191350027	191550027	harbor2	chr3	191415422	191415776	LTR/ERVL-MaLR	2378	-	177	191415599	65572
chr3	191350027	191550027	harbor2	chr3	191432152	191432490	LTR/ERVL-MaLR	1592	-	169	191432321	82294
chr3	178365210	178565210	harbor2	chr3	178369522	178369914	LTR/ERVL-MaLR	1759	-	196	178369718	4508
chr3	178365210	178565210	harbor2	chr3	178449462	178449829	LTR/ERVL-MaLR	2065	-	184	178449646	84436
chr3	178365210	178565210	harbor2	chr3	178452681	178453125	LTR/ERVL-MaLR	596	-	222	178452903	87693
chr3	146521192	146721192	harbor2	chr3	146552160	146552452	LTR/ERVL-MaLR	1134	-	146	146552306	31114
chr3	146521192	146721192	harbor2	chr3	146559465	146559569	LTR/ERVL-MaLR	583	-	52	146559517	38325
chr3	146521192	146721192	harbor2	chr3	146560147	146560546	LTR/ERVL-MaLR	832	-	200	146560347	39155
chr3	146521192	146721192	harbor2	chr3	146561308	146561692	LTR/ERVL-MaLR	2231	-	192	146561500	40308
chr3	146521192	146721192	harbor2	chr3	146561705	146563281	LTR/ERVL-MaLR	9868	-	788	146562493	41301
chr3	146521192	146721192	harbor2	chr3	146563284	146563677	LTR/ERVL-MaLR	1823	-	196	146563480	42288
chr3	146521192	146721192	harbor2	chr3	146566025	146566380	LTR/ERVL-MaLR	2219	-	178	146566203	45011
chr3	146521192	146721192	harbor2	chr3	146566381	146567982	LTR/ERVL-MaLR	9850	-	800	146567181	45989
chr3	146521192	146721192	harbor2	chr3	146567984	146568344	LTR/ERVL-MaLR	2096	-	180	146568164	46972
chr3	156431661	156631661	harbor2	chr3	156455856	156455959	LTR/ERVL-MaLR	406	-	52	156455908	24247
chr3	156431661	156631661	harbor2	chr3	156461160	156461571	LTR/ERVL-MaLR	1332	-	206	156461366	29705
chr3	156431661	156631661	harbor2	chr3	156501754	156502107	LTR/ERVL-MaLR	2802	-	176	156501930	70269
chr3	156431661	156631661	harbor2	chr3	156505637	156506059	LTR/ERVL-MaLR	2482	-	211	156505848	74187
chr3	171116709	171316709	harbor2	chr3	171205846	171206015	LTR/ERVL-MaLR	1095	-	84	171205930	89221
chr3	85078702	85278702	harbor2	chr3	85118336	85118691	LTR/ERVL-MaLR	2422	-	178	85118514	39812
chr3	85078702	85278702	harbor2	chr3	85151647	85151830	LTR/ERVL-MaLR	652	-	92	85151739	73037
chr3	125027321	125227321	harbor2	chr3	125061855	125062291	LTR/ERVL-MaLR	1664	-	218	125062073	34752
chr3	125027321	125227321	harbor2	chr3	125064056	125064418	LTR/ERVL-MaLR	2528	-	181	125064237	36916
chr3	125027321	125227321	harbor2	chr3	125123513	125123811	LTR/ERVL-MaLR	1948	-	149	125123662	96341
chr3	125027321	125227321	harbor2	chr3	125058998	125059275	LTR/ERVL-MaLR	920	-	138	125059136	31815
chr3	193545693	193745693	harbor2	chr3	193576652	193576866	LTR/ERVL-MaLR	902	-	107	193576759	31066
chr3	193545693	193745693	harbor2	chr3	193587128	193587574	LTR/ERVL-MaLR	1665	-	223	193587351	41658
chr3	193545693	193745693	harbor2	chr3	193623074	193623325	LTR/ERVL-MaLR	1258	-	126	193623200	77507
chr3	187042236	187242236	harbor2	chr3	187066244	187066527	LTR/ERVL-MaLR	844	-	142	187066386	24150
chr3	187042236	187242236	harbor2	chr3	187069832	187070314	LTR/ERVL-MaLR	1855	-	241	187070073	27837
chr3	187042236	187242236	harbor2	chr3	187080764	187080821	LTR/ERVL-MaLR	828	-	28	187080792	38556
chr3	187042236	187242236	harbor2	chr3	187080822	187081222	LTR/ERVL-MaLR	2175	-	200	187081022	38786
chr3	187042236	187242236	harbor2	chr3	187081223	187081353	LTR/ERVL-MaLR	828	-	65	187081288	39052
chr3	187042236	187242236	harbor2	chr3	187114122	187114547	LTR/ERVL-MaLR	1481	-	212	187114334	72098
chr3	187042236	187242236	harbor2	chr3	187122598	187122859	LTR/ERVL-MaLR	493	-	130	187122728	80492
chr3	187042236	187242236	harbor2	chr3	187135727	187135975	LTR/ERVL-MaLR	1184	-	124	187135851	93615
chr3	187042236	187242236	harbor2	chr3	187141964	187142212	LTR/ERVL-MaLR	2135	-	124	187142088	99852
chr3	122843372	123043372	harbor2	chr3	122853012	122853349	LTR/ERVL-MaLR	1713	-	168	122853180	9808
chr3	122843372	123043372	harbor2	chr3	122854320	122854784	LTR/ERVL-MaLR	694	-	232	122854552	11180
chr3	122843372	123043372	harbor2	chr3	122860773	122861297	LTR/ERVL-MaLR	1719	-	262	122861035	17663
chr3	67611370	67811370	harbor2	chr3	67641711	67642192	LTR/ERVL-MaLR	2193	-	240	67641951	30581
chr3	67611370	67811370	harbor2	chr3	67689184	67689663	LTR/ERVL-MaLR	1602	-	240	67689424	78054
chr3	67611370	67811370	harbor2	chr3	67693073	67693380	LTR/ERVL-MaLR	1193	-	154	67693227	81857
chr3	67611370	67811370	harbor2	chr3	67694553	67694934	LTR/ERVL-MaLR	706	-	190	67694743	83373
chr3	67611370	67811370	harbor2	chr3	67704941	67705158	LTR/ERVL-MaLR	514	-	108	67705049	93679
chr3	67611370	67811370	harbor2	chr3	67705423	67705592	LTR/ERVL-MaLR	514	-	84	67705507	94137
chr3	178343339	178543339	harbor2	chr3	178346046	178346401	LTR/ERVL-MaLR	1382	-	178	178346224	2885
chr3	178343339	178543339	harbor2	chr3	178369522	178369914	LTR/ERVL-MaLR	1759	-	196	178369718	26379
chr3	141073010	141273010	harbor2	chr3	141085246	141085652	LTR/ERVL-MaLR	1277	-	203	141085449	12439
chr3	141073010	141273010	harbor2	chr3	141107002	141107246	LTR/ERVL-MaLR	524	-	122	141107124	34114
chr3	141073010	141273010	harbor2	chr3	141110487	141110872	LTR/ERVL-MaLR	1336	-	192	141110679	37669
chr3	141073010	141273010	harbor2	chr3	141153426	141153782	LTR/ERVL-MaLR	1807	-	178	141153604	80594
chr3	141073010	141273010	harbor2	chr3	141098801	141099170	LTR/ERVL-MaLR	1450	-	184	141098985	25975
chr3	159535986	159735986	harbor2	chr3	159578496	159578987	LTR/ERVL-MaLR	1893	-	246	159578742	42756
chr3	159535986	159735986	harbor2	chr3	159597818	159598184	LTR/ERVL-MaLR	1902	-	183	159598001	62015
chr3	159535986	159735986	harbor2	chr3	159598185	159598697	LTR/ERVL-MaLR	3314	-	256	159598441	62455
chr3	159535986	159735986	harbor2	chr3	159603710	159604101	LTR/ERVL-MaLR	1582	-	196	159603906	67920
chr3	159535986	159735986	harbor2	chr3	159616646	159616839	LTR/ERVL-MaLR	742	-	96	159616742	80756
chr3	184956312	185156312	harbor2	chr3	184965988	184966391	LTR/ERVL-MaLR	1952	-	202	184966190	9878
chr3	184956312	185156312	harbor2	chr3	184994773	184995116	LTR/ERVL-MaLR	2263	-	172	184994945	38633
chr3	184956312	185156312	harbor2	chr3	185039269	185039462	LTR/ERVL-MaLR	2571	-	96	185039365	83053
chr3	184956312	185156312	harbor2	chr3	185040000	185040237	LTR/ERVL-MaLR	2571	-	118	185040118	83806
chr3	184956312	185156312	harbor2	chr3	185049104	185049271	LTR/ERVL-MaLR	451	-	84	185049188	92876
chr3	113641073	113841073	harbor2	chr3	113675683	113675809	LTR/ERVL-MaLR	822	-	63	113675746	34673
chr3	113641073	113841073	harbor2	chr3	113675816	113676268	LTR/ERVL-MaLR	2354	-	226	113676042	34969
chr3	113641073	113841073	harbor2	chr3	113676271	113676639	LTR/ERVL-MaLR	2541	-	184	113676455	35382
chr3	113641073	113841073	harbor2	chr3	113732398	113732775	LTR/ERVL-MaLR	1005	-	188	113732586	91513
chr3	134613723	134813723	harbor2	chr3	134657032	134657382	LTR/ERVL-MaLR	2621	-	175	134657207	43484
chr3	134613723	134813723	harbor2	chr3	134683543	134684075	LTR/ERVL-MaLR	979	-	266	134683809	70086
chr3	134613723	134813723	harbor2	chr3	134705116	134705563	LTR/ERVL-MaLR	2206	-	224	134705340	91617
chr3	134613723	134813723	harbor2	chr3	134706631	134707098	LTR/ERVL-MaLR	2046	-	234	134706865	93142
chr3	115309506	115509506	harbor2	chr3	115326006	115326573	LTR/ERVL-MaLR	1994	-	284	115326290	16784
chr3	115309506	115509506	harbor2	chr3	115360387	115360601	LTR/ERVL-MaLR	459	-	107	115360494	50988
chr3	115309506	115509506	harbor2	chr3	115361505	115361923	LTR/ERVL-MaLR	2150	-	209	115361714	52208
chr3	115309506	115509506	harbor2	chr3	115380068	115380496	LTR/ERVL-MaLR	2065	-	214	115380282	70776
chr3	115309506	115509506	harbor2	chr3	115310398	115310759	LTR/ERVL-MaLR	1296	-	180	115310578	1072
chr3	193279023	193479023	harbor2	chr3	193304743	193305084	LTR/ERVL-MaLR	1775	-	170	193304913	25890
chr3	193279023	193479023	harbor2	chr3	193371381	193372002	LTR/ERVL-MaLR	1656	-	310	193371691	92668
chr3	193279023	193479023	harbor2	chr3	193376238	193376380	LTR/ERVL-MaLR	814	-	71	193376309	97286
chr3	175748277	175948277	harbor2	chr3	175749336	175749723	LTR/ERVL-MaLR	1724	-	194	175749530	1253
chr3	175748277	175948277	harbor2	chr3	175771410	175771759	LTR/ERVL-MaLR	1264	-	174	175771584	23307
chr3	175748277	175948277	harbor2	chr3	175771760	175772087	LTR/ERVL-MaLR	2075	-	164	175771924	23647
chr3	175748277	175948277	harbor2	chr3	175772088	175772177	LTR/ERVL-MaLR	1264	-	44	175772132	23855
chr3	175748277	175948277	harbor2	chr3	175792669	175793070	LTR/ERVL-MaLR	463	-	200	175792869	44592
chr3	175748277	175948277	harbor2	chr3	175794814	175795191	LTR/ERVL-MaLR	1369	-	188	175795002	46725
chr3	175748277	175948277	harbor2	chr3	175795761	175796387	LTR/ERVL-MaLR	531	-	313	175796074	47797
chr3	175748277	175948277	harbor2	chr3	175837269	175837823	LTR/ERVL-MaLR	1799	-	277	175837546	89269
chr3	175748277	175948277	harbor2	chr3	175840357	175840704	LTR/ERVL-MaLR	1073	-	174	175840531	92254
chr3	175748277	175948277	harbor2	chr3	175842984	175843415	LTR/ERVL-MaLR	1376	-	216	175843200	94923
chr3	175748277	175948277	harbor2	chr3	175845736	175846269	LTR/ERVL-MaLR	1977	-	266	175846002	97725
chr3	36333782	36533782	harbor2	chr3	36389185	36389531	LTR/ERVL-MaLR	1919	-	173	36389358	55576
chr3	36333782	36533782	harbor2	chr3	36407726	36408106	LTR/ERVL-MaLR	1594	-	190	36407916	74134
chr3	36333782	36533782	harbor2	chr3	36408166	36408261	LTR/ERVL-MaLR	471	-	48	36408214	74432
chr3	36333782	36533782	harbor2	chr3	36412000	36412404	LTR/ERVL-MaLR	410	-	202	36412202	78420
chr3	36333782	36533782	harbor2	chr3	36422900	36423357	LTR/ERVL-MaLR	393	-	228	36423128	89346
chr3	36333782	36533782	harbor2	chr3	36430641	36431010	LTR/ERVL-MaLR	2201	-	184	36430825	97043
chr3	168884260	169084260	harbor2	chr3	168896352	168897333	LTR/ERVL-MaLR	6921	-	490	168896842	12582
chr3	168884260	169084260	harbor2	chr3	168897334	168897709	LTR/ERVL-MaLR	2121	-	188	168897522	13262
chr3	168884260	169084260	harbor2	chr3	168928845	168929198	LTR/ERVL-MaLR	2382	-	176	168929021	44761
chr3	168884260	169084260	harbor2	chr3	168929199	168930805	LTR/ERVL-MaLR	11407	-	803	168930002	45742
chr3	168884260	169084260	harbor2	chr3	168930807	168930919	LTR/ERVL-MaLR	882	-	56	168930863	46603
chr3	168884260	169084260	harbor2	chr3	168933318	168933559	LTR/ERVL-MaLR	1491	-	120	168933438	49178
chr3	168884260	169084260	harbor2	chr3	168933743	168934183	LTR/ERVL-MaLR	1681	-	220	168933963	49703
chr3	168884260	169084260	harbor2	chr3	168945156	168945376	LTR/ERVL-MaLR	998	-	110	168945266	61006
chr3	168884260	169084260	harbor2	chr3	168945990	168946446	LTR/ERVL-MaLR	2487	-	228	168946218	61958
chr3	168884260	169084260	harbor2	chr3	168967600	168967630	LTR/ERVL-MaLR	426	-	15	168967615	83355
chr3	168884260	169084260	harbor2	chr3	168967753	168968129	LTR/ERVL-MaLR	1430	-	188	168967941	83681
chr3	168884260	169084260	harbor2	chr3	168968130	168968457	LTR/ERVL-MaLR	1039	-	164	168968294	84034
chr3	111715251	111915251	harbor2	chr3	111731091	111731362	LTR/ERVL-MaLR	2429	-	136	111731227	15976
chr3	111715251	111915251	harbor2	chr3	111731654	111731863	LTR/ERVL-MaLR	2429	-	104	111731758	16507
chr3	111715251	111915251	harbor2	chr3	111759140	111759489	LTR/ERVL-MaLR	2040	-	174	111759314	44063
chr3	111715251	111915251	harbor2	chr3	111771142	111771351	LTR/ERVL-MaLR	1746	-	104	111771246	55995
chr3	111715251	111915251	harbor2	chr3	111798870	111799244	LTR/ERVL-MaLR	2605	-	187	111799057	83806
chr3	111715251	111915251	harbor2	chr3	111810313	111810699	LTR/ERVL-MaLR	1496	-	193	111810506	95255
chr3	111715251	111915251	harbor2	chr3	111814572	111814866	LTR/ERVL-MaLR	1767	-	147	111814719	99468
chr3	111715251	111915251	harbor2	chr3	111771640	111771855	LTR/ERVL-MaLR	1746	-	108	111771748	56497
chr3	193604971	193804971	harbor2	chr3	193623074	193623325	LTR/ERVL-MaLR	1258	-	126	193623200	18229
chr3	50719379	50919379	harbor2	chr3	50735725	50735899	LTR/ERVL-MaLR	965	-	87	50735812	16433
chr3	50719379	50919379	harbor2	chr3	50737290	50737537	LTR/ERVL-MaLR	1349	-	124	50737414	18035
chr3	50719379	50919379	harbor2	chr3	50746552	50746950	LTR/ERVL-MaLR	2255	-	199	50746751	27372
chr3	50719379	50919379	harbor2	chr3	50751681	50752062	LTR/ERVL-MaLR	2349	-	190	50751871	32492
chr3	50719379	50919379	harbor2	chr3	50776832	50777198	LTR/ERVL-MaLR	2051	-	183	50777015	57636
chr3	50719379	50919379	harbor2	chr3	50780309	50780552	LTR/ERVL-MaLR	1502	-	122	50780431	61052
chr3	50719379	50919379	harbor2	chr3	50807359	50807548	LTR/ERVL-MaLR	988	-	94	50807453	88074
chr3	110162472	110362472	harbor2	chr3	110170974	110171334	LTR/ERVL-MaLR	1671	-	180	110171154	8682
chr3	110162472	110362472	harbor2	chr3	110176652	110177011	LTR/ERVL-MaLR	1482	-	180	110176832	14360
chr3	110162472	110362472	harbor2	chr3	110187691	110188077	LTR/ERVL-MaLR	2012	-	193	110187884	25412
chr3	110162472	110362472	harbor2	chr3	110188078	110188692	LTR/ERVL-MaLR	3771	-	307	110188385	25913
chr3	110162472	110362472	harbor2	chr3	110188696	110188965	LTR/ERVL-MaLR	1157	-	134	110188830	26358
chr3	110162472	110362472	harbor2	chr3	110209549	110209773	LTR/ERVL-MaLR	928	-	112	110209661	47189
chr3	110162472	110362472	harbor2	chr3	110219311	110219672	LTR/ERVL-MaLR	1564	-	180	110219491	57019
chr3	110162472	110362472	harbor2	chr3	110242917	110243278	LTR/ERVL-MaLR	1802	-	180	110243097	80625
chr3	133058622	133258622	harbor2	chr3	133058915	133059256	LTR/ERVL-MaLR	1473	-	170	133059085	463
chr3	133058622	133258622	harbor2	chr3	133067799	133068225	LTR/ERVL-MaLR	935	-	213	133068012	9390
chr3	133058622	133258622	harbor2	chr3	133071165	133071549	LTR/ERVL-MaLR	2230	-	192	133071357	12735
chr3	133058622	133258622	harbor2	chr3	133079351	133079707	LTR/ERVL-MaLR	1667	-	178	133079529	20907
chr3	133058622	133258622	harbor2	chr3	133081170	133081525	LTR/ERVL-MaLR	1599	-	178	133081348	22726
chr3	133058622	133258622	harbor2	chr3	133088856	133089258	LTR/ERVL-MaLR	2394	-	201	133089057	30435
chr3	133058622	133258622	harbor2	chr3	133098074	133098428	LTR/ERVL-MaLR	2591	-	177	133098251	39629
chr3	133058622	133258622	harbor2	chr3	133098429	133099989	LTR/ERVL-MaLR	11847	-	780	133099209	40587
chr3	133058622	133258622	harbor2	chr3	133099992	133100329	LTR/ERVL-MaLR	2420	-	168	133100160	41538
chr3	133058622	133258622	harbor2	chr3	133105038	133105560	LTR/ERVL-MaLR	1515	-	261	133105299	46677
chr3	133058622	133258622	harbor2	chr3	133130238	133130703	LTR/ERVL-MaLR	1176	-	232	133130470	71848
chr3	173224997	173424997	harbor2	chr3	173243881	173244360	LTR/ERVL-MaLR	561	-	240	173244121	19124
chr3	173224997	173424997	harbor2	chr3	173249942	173250264	LTR/ERVL-MaLR	1787	-	161	173250103	25106
chr3	173224997	173424997	harbor2	chr3	173251949	173252363	LTR/ERVL-MaLR	2367	-	207	173252156	27159
chr3	173224997	173424997	harbor2	chr3	173252366	173253194	LTR/ERVL-MaLR	6564	-	414	173252780	27783
chr3	173224997	173424997	harbor2	chr3	173253496	173253857	LTR/ERVL-MaLR	6564	-	180	173253676	28679
chr3	173224997	173424997	harbor2	chr3	173255065	173255529	LTR/ERVL-MaLR	2906	-	232	173255297	30300
chr3	173224997	173424997	harbor2	chr3	173255530	173255938	LTR/ERVL-MaLR	2397	-	204	173255734	30737
chr3	173224997	173424997	harbor2	chr3	173287100	173287307	LTR/ERVL-MaLR	396	-	104	173287204	62207
chr3	173224997	173424997	harbor2	chr3	173287355	173287436	LTR/ERVL-MaLR	396	-	40	173287395	62398
chr3	173224997	173424997	harbor2	chr3	173289234	173289697	LTR/ERVL-MaLR	1886	-	232	173289466	64469
chr3	173224997	173424997	harbor2	chr3	173313389	173313552	LTR/ERVL-MaLR	527	-	82	173313471	88474
chr3	173224997	173424997	harbor2	chr3	173313815	173313983	LTR/ERVL-MaLR	572	-	84	173313899	88902
chr3	169648746	169848746	harbor2	chr3	169696028	169696358	LTR/ERVL-MaLR	1610	-	165	169696193	47447
chr3	169648746	169848746	harbor2	chr3	169703808	169704160	LTR/ERVL-MaLR	1330	-	176	169703984	55238
chr3	169648746	169848746	harbor2	chr3	169704170	169704279	LTR/ERVL-MaLR	492	-	54	169704224	55478
chr3	178590644	178790644	harbor2	chr3	178614193	178614247	LTR/ERVL-MaLR	2370	-	27	178614220	23576
chr3	178590644	178790644	harbor2	chr3	178614359	178614651	LTR/ERVL-MaLR	2370	-	146	178614505	23861
chr3	178590644	178790644	harbor2	chr3	178620378	178620723	LTR/ERVL-MaLR	1600	-	172	178620550	29906
chr3	178590644	178790644	harbor2	chr3	178626421	178626795	LTR/ERVL-MaLR	2185	-	187	178626608	35964
chr3	178590644	178790644	harbor2	chr3	178632314	178632683	LTR/ERVL-MaLR	2570	-	184	178632498	41854
chr3	178590644	178790644	harbor2	chr3	178632684	178634287	LTR/ERVL-MaLR	10129	-	802	178633486	42842
chr3	178590644	178790644	harbor2	chr3	178634288	178634663	LTR/ERVL-MaLR	2730	-	188	178634476	43832
chr3	178590644	178790644	harbor2	chr3	178640184	178640565	LTR/ERVL-MaLR	2173	-	190	178640374	49730
chr3	178590644	178790644	harbor2	chr3	178657632	178658034	LTR/ERVL-MaLR	1490	-	201	178657833	67189
chr3	178590644	178790644	harbor2	chr3	178662907	178663316	LTR/ERVL-MaLR	695	-	204	178663111	72467
chr3	172831577	173031577	harbor2	chr3	172846228	172846610	LTR/ERVL-MaLR	1692	-	191	172846419	14842
chr3	172831577	173031577	harbor2	chr3	172870292	172870767	LTR/ERVL-MaLR	1302	-	238	172870530	38953
chr3	172831577	173031577	harbor2	chr3	172873368	172873714	LTR/ERVL-MaLR	1139	-	173	172873541	41964
chr3	193595590	193795590	harbor2	chr3	193623074	193623325	LTR/ERVL-MaLR	1258	-	126	193623200	27610
chr3	149199458	149399458	harbor2	chr3	149216126	149216462	LTR/ERVL-MaLR	1515	-	168	149216294	16836
chr3	173403692	173603692	harbor2	chr3	173422897	173423284	LTR/ERVL-MaLR	1912	-	194	173423091	19399
chr3	173403692	173603692	harbor2	chr3	173424927	173425292	LTR/ERVL-MaLR	2057	-	182	173425109	21417
chr3	173403692	173603692	harbor2	chr3	173455125	173455480	LTR/ERVL-MaLR	1455	-	178	173455303	51611
chr3	173403692	173603692	harbor2	chr3	173467742	173467865	LTR/ERVL-MaLR	463	-	62	173467804	64112
chr3	173403692	173603692	harbor2	chr3	173471210	173471669	LTR/ERVL-MaLR	2549	-	230	173471440	67748
chr3	173403692	173603692	harbor2	chr3	173484955	173485314	LTR/ERVL-MaLR	1794	-	180	173485135	81443
chr3	173403692	173603692	harbor2	chr3	173423285	173424926	LTR/ERVL-MaLR	10595	-	820	173424105	20413
chr3	47851809	48051809	harbor2	chr3	47924604	47924816	LTR/ERVL-MaLR	1222	-	106	47924710	72901
chr3	47851809	48051809	harbor2	chr3	47925109	47925282	LTR/ERVL-MaLR	1222	-	86	47925195	73386
chr3	169567198	169767198	harbor2	chr3	169606531	169607040	LTR/ERVL-MaLR	834	-	254	169606785	39587
chr3	169567198	169767198	harbor2	chr3	169639828	169640008	LTR/ERVL-MaLR	568	-	90	169639918	72720
chr3	42417874	42617874	harbor2	chr3	42441614	42442064	LTR/ERVL-MaLR	870	-	225	42441839	23965
chr3	42417874	42617874	harbor2	chr3	42454351	42454727	LTR/ERVL-MaLR	2160	-	188	42454539	36665
chr3	42417874	42617874	harbor2	chr3	42454728	42455318	LTR/ERVL-MaLR	3923	-	295	42455023	37149
chr3	42417874	42617874	harbor2	chr3	42489070	42489519	LTR/ERVL-MaLR	1493	-	224	42489294	71420
chr3	42417874	42617874	harbor2	chr3	42511044	42511585	LTR/ERVL-MaLR	1097	-	270	42511314	93440
chr3	149640932	149840932	harbor2	chr3	149672278	149672490	LTR/ERVL-MaLR	519	-	106	149672384	31452
chr3	149640932	149840932	harbor2	chr3	149686034	149686366	LTR/ERVL-MaLR	1093	-	166	149686200	45268
chr3	149640932	149840932	harbor2	chr3	149686556	149686732	LTR/ERVL-MaLR	631	-	88	149686644	45712
chr3	149640932	149840932	harbor2	chr3	149697085	149697404	LTR/ERVL-MaLR	2114	-	160	149697245	56313
chr3	149640932	149840932	harbor2	chr3	149697522	149697616	LTR/ERVL-MaLR	626	-	47	149697569	56637
chr3	149640932	149840932	harbor2	chr3	149697620	149698149	LTR/ERVL-MaLR	3065	-	264	149697884	56952
chr3	149640932	149840932	harbor2	chr3	149698517	149699289	LTR/ERVL-MaLR	6724	-	386	149698903	57971
chr3	149640932	149840932	harbor2	chr3	149699593	149699940	LTR/ERVL-MaLR	6724	-	174	149699767	58835
chr3	149640932	149840932	harbor2	chr3	149699941	149700147	LTR/ERVL-MaLR	1211	-	103	149700044	59112
chr3	103056839	103256839	harbor2	chr3	103059411	103059859	LTR/ERVL-MaLR	1577	-	224	103059635	2796
chr3	103056839	103256839	harbor2	chr3	103121897	103122364	LTR/ERVL-MaLR	1511	-	234	103122131	65292
chr3	103056839	103256839	harbor2	chr3	103134861	103135342	LTR/ERVL-MaLR	1605	-	240	103135101	78262
chr3	173847773	174047773	harbor2	chr3	173884725	173885108	LTR/ERVL-MaLR	1583	-	192	173884917	37144
chr3	173847773	174047773	harbor2	chr3	173894937	173895314	LTR/ERVL-MaLR	546	-	188	173895125	47352
chr3	173847773	174047773	harbor2	chr3	173918763	173919257	LTR/ERVL-MaLR	1885	-	247	173919010	71237
chr3	159740595	159940595	harbor2	chr3	159752420	159752834	LTR/ERVL-MaLR	2539	-	207	159752627	12032
chr3	159740595	159940595	harbor2	chr3	159754884	159754953	LTR/ERVL-MaLR	2263	-	34	159754918	14323
chr3	159740595	159940595	harbor2	chr3	159755256	159755556	LTR/ERVL-MaLR	2263	-	150	159755406	14811
chr3	159740595	159940595	harbor2	chr3	159755557	159757142	LTR/ERVL-MaLR	12102	-	792	159756349	15754
chr3	159740595	159940595	harbor2	chr3	159757143	159757508	LTR/ERVL-MaLR	2352	-	182	159757325	16730
chr3	159740595	159940595	harbor2	chr3	159793410	159793575	LTR/ERVL-MaLR	2575	-	82	159793492	52897
chr3	159740595	159940595	harbor2	chr3	159793858	159794160	LTR/ERVL-MaLR	2575	-	151	159794009	53414
chr3	159740595	159940595	harbor2	chr3	159802736	159803262	LTR/ERVL-MaLR	1605	-	263	159802999	62404
chr3	159740595	159940595	harbor2	chr3	159812762	159813175	LTR/ERVL-MaLR	1490	-	206	159812968	72373
chr3	159740595	159940595	harbor2	chr3	159818891	159819450	LTR/ERVL-MaLR	1987	-	280	159819171	78576
chr3	159740595	159940595	harbor2	chr3	159833113	159833500	LTR/ERVL-MaLR	1678	-	194	159833307	92712
chr3	159740595	159940595	harbor2	chr3	159836139	159836492	LTR/ERVL-MaLR	2116	-	176	159836315	95720
chr3	35692225	35892225	harbor2	chr3	35711487	35712021	LTR/ERVL-MaLR	1969	-	267	35711754	19529
chr3	35692225	35892225	harbor2	chr3	35743322	35743752	LTR/ERVL-MaLR	590	-	215	35743537	51312
chr3	35692225	35892225	harbor2	chr3	35759709	35759826	LTR/ERVL-MaLR	543	-	58	35759767	67542
chr3	198057526	198257526	harbor2	chr3	198093162	198093523	LTR/ERVL-MaLR	2480	-	180	198093342	35816
chr3	198057526	198257526	harbor2	chr3	198093529	198094117	LTR/ERVL-MaLR	4166	-	294	198093823	36297
chr3	198057526	198257526	harbor2	chr3	198137083	198137509	LTR/ERVL-MaLR	1198	-	213	198137296	79770
chr3	114185871	114385871	harbor2	chr3	114188554	114188757	LTR/ERVL-MaLR	551	-	102	114188656	2785
chr3	114185871	114385871	harbor2	chr3	114199192	114199579	LTR/ERVL-MaLR	2452	-	194	114199386	13515
chr3	114185871	114385871	harbor2	chr3	114206964	114207162	LTR/ERVL-MaLR	974	-	99	114207063	21192
chr3	114185871	114385871	harbor2	chr3	114273332	114273483	LTR/ERVL-MaLR	984	-	76	114273408	87537
chr3	114185871	114385871	harbor2	chr3	114276321	114276715	LTR/ERVL-MaLR	2081	-	197	114276518	90647
chr3	110538434	110738434	harbor2	chr3	110546133	110546521	LTR/ERVL-MaLR	1962	-	194	110546327	7893
chr3	110538434	110738434	harbor2	chr3	110586477	110586678	LTR/ERVL-MaLR	1226	-	100	110586577	48143
chr3	110538434	110738434	harbor2	chr3	110586965	110587151	LTR/ERVL-MaLR	1226	-	93	110587058	48624
chr3	110538434	110738434	harbor2	chr3	110591492	110591904	LTR/ERVL-MaLR	2358	-	206	110591698	53264
chr3	110538434	110738434	harbor2	chr3	110594824	110595552	LTR/ERVL-MaLR	5349	-	364	110595188	56754
chr3	110538434	110738434	harbor2	chr3	110595583	110595843	LTR/ERVL-MaLR	5349	-	130	110595713	57279
chr3	110538434	110738434	harbor2	chr3	110595844	110596173	LTR/ERVL-MaLR	1868	-	164	110596008	57574
chr3	110538434	110738434	harbor2	chr3	110591905	110592509	LTR/ERVL-MaLR	3074	-	302	110592207	53773
chr3	194544952	194744952	harbor2	chr3	194545166	194545376	LTR/ERVL-MaLR	1767	-	105	194545271	319
chr3	194544952	194744952	harbor2	chr3	194545685	194545836	LTR/ERVL-MaLR	1767	-	76	194545761	809
chr3	194544952	194744952	harbor2	chr3	194605377	194605723	LTR/ERVL-MaLR	2288	-	173	194605550	60598
chr3	194544952	194744952	harbor2	chr3	194637783	194638156	LTR/ERVL-MaLR	1494	-	186	194637969	93017
chr3	194544952	194744952	harbor2	chr3	194638466	194638568	LTR/ERVL-MaLR	1494	-	51	194638517	93565
chr3	194544952	194744952	harbor2	chr3	194640771	194641132	LTR/ERVL-MaLR	1827	-	180	194640951	95999
chr3	156753933	156953933	harbor2	chr3	156783321	156783763	LTR/ERVL-MaLR	471	-	221	156783542	29609
chr3	156753933	156953933	harbor2	chr3	156800311	156800674	LTR/ERVL-MaLR	2769	-	182	156800493	46560
chr3	156753933	156953933	harbor2	chr3	156802802	156803169	LTR/ERVL-MaLR	1403	-	184	156802986	49053
chr3	156753933	156953933	harbor2	chr3	156831486	156831838	LTR/ERVL-MaLR	2462	-	176	156831662	77729
chr3	102504874	102704874	harbor2	chr3	102532983	102533159	LTR/ERVL-MaLR	436	-	88	102533071	28197
chr3	102504874	102704874	harbor2	chr3	102533590	102533800	LTR/ERVL-MaLR	483	-	105	102533695	28821
chr3	102504874	102704874	harbor2	chr3	102553453	102553845	LTR/ERVL-MaLR	1570	-	196	102553649	48775
chr3	102504874	102704874	harbor2	chr3	102565269	102565450	LTR/ERVL-MaLR	1002	-	90	102565359	60485
chr3	102504874	102704874	harbor2	chr3	102587701	102588207	LTR/ERVL-MaLR	1120	-	253	102587954	83080
chr3	102504874	102704874	harbor2	chr3	102595304	102595662	LTR/ERVL-MaLR	2431	-	179	102595483	90609
chr3	102504874	102704874	harbor2	chr3	102597714	102598168	LTR/ERVL-MaLR	1606	-	227	102597941	93067
chr3	102504874	102704874	harbor2	chr3	102599083	102599470	LTR/ERVL-MaLR	2094	-	194	102599277	94403
chr3	102504874	102704874	harbor2	chr3	102600720	102600860	LTR/ERVL-MaLR	639	-	70	102600790	95916
chr3	102504874	102704874	harbor2	chr3	102596241	102596721	LTR/ERVL-MaLR	1666	-	240	102596481	91607
chr3	174156561	174356561	harbor2	chr3	174212656	174213155	LTR/ERVL-MaLR	1620	-	250	174212906	56345
chr3	174156561	174356561	harbor2	chr3	174216956	174217357	LTR/ERVL-MaLR	1224	-	200	174217156	60595
chr3	174156561	174356561	harbor2	chr3	174217359	174217716	LTR/ERVL-MaLR	1261	-	178	174217537	60976
chr3	174156561	174356561	harbor2	chr3	174221631	174222078	LTR/ERVL-MaLR	1201	-	224	174221855	65294
chr3	109314596	109514596	harbor2	chr3	109348849	109349239	LTR/ERVL-MaLR	1865	-	195	109349044	34448
chr3	109314596	109514596	harbor2	chr3	109401155	109401592	LTR/ERVL-MaLR	2242	-	218	109401373	86777
chr3	109314596	109514596	harbor2	chr3	109402987	109403356	LTR/ERVL-MaLR	1639	-	184	109403171	88575
chr3	109314596	109514596	harbor2	chr3	109412480	109412646	LTR/ERVL-MaLR	1194	-	83	109412563	97967
chr3	165847588	166047588	harbor2	chr3	165863939	165864482	LTR/ERVL-MaLR	1026	-	272	165864211	16623
chr3	165847588	166047588	harbor2	chr3	165891890	165891924	LTR/ERVL-MaLR	1960	-	17	165891907	44319
chr3	165847588	166047588	harbor2	chr3	165892241	165892627	LTR/ERVL-MaLR	1960	-	193	165892434	44846
chr3	165847588	166047588	harbor2	chr3	165919694	165919906	LTR/ERVL-MaLR	435	-	106	165919800	72212
chr3	165847588	166047588	harbor2	chr3	165937409	165937739	LTR/ERVL-MaLR	1263	-	165	165937574	89986
chr3	165847588	166047588	harbor2	chr3	165887925	165888339	LTR/ERVL-MaLR	1151	-	207	165888132	40544
chr3	189206628	189406628	harbor2	chr3	189239100	189239452	LTR/ERVL-MaLR	2421	-	176	189239276	32648
chr3	189206628	189406628	harbor2	chr3	189240414	189240769	LTR/ERVL-MaLR	2281	-	178	189240592	33964
chr3	189206628	189406628	harbor2	chr3	189243045	189243384	LTR/ERVL-MaLR	1657	-	170	189243215	36587
chr3	189206628	189406628	harbor2	chr3	189243383	189244077	LTR/ERVL-MaLR	3586	-	347	189243730	37102
chr3	189206628	189406628	harbor2	chr3	189244078	189244148	LTR/ERVL-MaLR	2490	-	35	189244113	37485
chr3	189206628	189406628	harbor2	chr3	189244439	189244782	LTR/ERVL-MaLR	2490	-	172	189244611	37983
chr3	189206628	189406628	harbor2	chr3	189262646	189263186	LTR/ERVL-MaLR	1851	-	270	189262916	56288
chr3	179731060	179931060	harbor2	chr3	179770986	179771446	LTR/ERVL-MaLR	773	-	230	179771216	40156
chr3	179731060	179931060	harbor2	chr3	179771614	179771672	LTR/ERVL-MaLR	773	-	29	179771643	40583
chr3	179731060	179931060	harbor2	chr3	179773943	179774287	LTR/ERVL-MaLR	2242	-	172	179774115	43055
chr3	179731060	179931060	harbor2	chr3	179776043	179776119	LTR/ERVL-MaLR	2242	-	38	179776081	45021
chr3	179731060	179931060	harbor2	chr3	179789792	179790066	LTR/ERVL-MaLR	1823	-	137	179789929	58869
chr3	179731060	179931060	harbor2	chr3	179790366	179790537	LTR/ERVL-MaLR	1823	-	86	179790452	59392
chr3	157929982	158129982	harbor2	chr3	157953687	157954099	LTR/ERVL-MaLR	2515	-	206	157953893	23911
chr3	157929982	158129982	harbor2	chr3	157960431	157960682	LTR/ERVL-MaLR	546	-	126	157960557	30575
chr3	157929982	158129982	harbor2	chr3	157960771	157961083	LTR/ERVL-MaLR	799	-	156	157960927	30945
chr3	157929982	158129982	harbor2	chr3	157989218	157989573	LTR/ERVL-MaLR	2244	-	178	157989396	59414
chr3	157929982	158129982	harbor2	chr3	157996601	157996729	LTR/ERVL-MaLR	1503	-	64	157996665	66683
chr3	157929982	158129982	harbor2	chr3	157997145	157997284	LTR/ERVL-MaLR	1503	-	70	157997215	67233
chr3	157929982	158129982	harbor2	chr3	157997311	157997577	LTR/ERVL-MaLR	1503	-	133	157997444	67462
chr3	157929982	158129982	harbor2	chr3	158009433	158009802	LTR/ERVL-MaLR	2185	-	184	158009617	79635
chr3	157929982	158129982	harbor2	chr3	158009803	158011419	LTR/ERVL-MaLR	10878	-	808	158010611	80629
chr3	157929982	158129982	harbor2	chr3	158011422	158011793	LTR/ERVL-MaLR	2090	-	186	158011608	81626
chr3	157929982	158129982	harbor2	chr3	158016522	158017009	LTR/ERVL-MaLR	2185	-	244	158016766	86784
chr3	157929982	158129982	harbor2	chr3	158018195	158018467	LTR/ERVL-MaLR	937	-	136	158018331	88349
chr3	197645112	197845112	harbor2	chr3	197663032	197663358	LTR/ERVL-MaLR	1524	-	163	197663195	18083
chr3	171183654	171383654	harbor2	chr3	171205846	171206015	LTR/ERVL-MaLR	1095	-	84	171205930	22276
chr3	181791604	181991604	harbor2	chr3	181845751	181846008	LTR/ERVL-MaLR	1010	-	128	181845879	54275
chr3	115948689	116148689	harbor2	chr3	115967017	115967558	LTR/ERVL-MaLR	4081	-	270	115967287	18598
chr3	115948689	116148689	harbor2	chr3	115967564	115967929	LTR/ERVL-MaLR	2259	-	182	115967746	19057
chr3	115948689	116148689	harbor2	chr3	116001467	116001972	LTR/ERVL-MaLR	2461	-	252	116001719	53030
chr3	196753114	196953114	harbor2	chr3	196780270	196780620	LTR/ERVL-MaLR	2324	-	175	196780445	27331
chr3	196753114	196953114	harbor2	chr3	196785638	196785959	LTR/ERVL-MaLR	2052	-	160	196785798	32684
chr3	95925212	96125212	harbor2	chr3	95934520	95935012	LTR/ERVL-MaLR	470	-	246	95934766	9554
chr3	95925212	96125212	harbor2	chr3	95935063	95936421	LTR/ERVL-MaLR	1007	-	679	95935742	10530
chr3	95925212	96125212	harbor2	chr3	95936626	95936885	LTR/ERVL-MaLR	480	-	130	95936756	11544
chr3	95925212	96125212	harbor2	chr3	96012103	96012531	LTR/ERVL-MaLR	1901	-	214	96012317	87105
chr3	182004530	182204530	harbor2	chr3	182007813	182008403	LTR/ERVL-MaLR	1459	-	295	182008108	3578
chr3	182004530	182204530	harbor2	chr3	182036640	182036974	LTR/ERVL-MaLR	2168	-	167	182036807	32277
chr3	182004530	182204530	harbor2	chr3	182038548	182038834	LTR/ERVL-MaLR	991	-	143	182038691	34161
chr3	182004530	182204530	harbor2	chr3	182058277	182058754	LTR/ERVL-MaLR	2356	-	238	182058515	53985
chr3	182004530	182204530	harbor2	chr3	182070043	182070347	LTR/ERVL-MaLR	1370	-	152	182070195	65665
chr3	182004530	182204530	harbor2	chr3	182070403	182070555	LTR/ERVL-MaLR	645	-	76	182070479	65949
chr3	182004530	182204530	harbor2	chr3	182070863	182071102	LTR/ERVL-MaLR	714	-	120	182070983	66453
chr3	182004530	182204530	harbor2	chr3	182071106	182071303	LTR/ERVL-MaLR	976	-	98	182071204	66674
chr3	182004530	182204530	harbor2	chr3	182071597	182071679	LTR/ERVL-MaLR	543	-	41	182071638	67108
chr3	182004530	182204530	harbor2	chr3	182074194	182074302	LTR/ERVL-MaLR	673	-	54	182074248	69718
chr3	182004530	182204530	harbor2	chr3	182094921	182095224	LTR/ERVL-MaLR	1395	-	152	182095073	90543
chr3	168725440	168925440	harbor2	chr3	168745438	168745702	LTR/ERVL-MaLR	1484	-	132	168745570	20130
chr3	168725440	168925440	harbor2	chr3	168745995	168746009	LTR/ERVL-MaLR	1484	-	7	168746002	20562
chr3	168725440	168925440	harbor2	chr3	168746460	168746566	LTR/ERVL-MaLR	1484	-	53	168746513	21073
chr3	168725440	168925440	harbor2	chr3	168818417	168818768	LTR/ERVL-MaLR	1686	-	176	168818593	93153
chr3	168725440	168925440	harbor2	chr3	168819526	168819940	LTR/ERVL-MaLR	1761	-	207	168819733	94293
chr3	168725440	168925440	harbor2	chr3	168825031	168825547	LTR/ERVL-MaLR	900	-	258	168825289	99849
chr3	160681626	160881626	harbor2	chr3	160709793	160710168	LTR/ERVL-MaLR	972	-	188	160709981	28355
chr3	160681626	160881626	harbor2	chr3	160730846	160731139	LTR/ERVL-MaLR	939	-	146	160730992	49366
chr3	160681626	160881626	harbor2	chr3	160731991	160732118	LTR/ERVL-MaLR	614	-	64	160732055	50429
chr3	160681626	160881626	harbor2	chr3	160735042	160735290	LTR/ERVL-MaLR	607	-	124	160735166	53540
chr3	160681626	160881626	harbor2	chr3	160761672	160762019	LTR/ERVL-MaLR	2087	-	174	160761846	80220
chr3	160681626	160881626	harbor2	chr3	160768902	160769260	LTR/ERVL-MaLR	873	-	179	160769081	87455
chr3	158289550	158489550	harbor2	chr3	158330831	158331207	LTR/ERVL-MaLR	2076	-	188	158331019	41469
chr3	158289550	158489550	harbor2	chr3	158350474	158350612	LTR/ERVL-MaLR	802	-	69	158350543	60993
chr3	124459021	124659021	harbor2	chr3	124459878	124460270	LTR/ERVL-MaLR	1629	-	196	124460074	1053
chr3	124459021	124659021	harbor2	chr3	124530889	124531267	LTR/ERVL-MaLR	465	-	189	124531078	72057
chr3	124459021	124659021	harbor2	chr3	124531459	124531846	LTR/ERVL-MaLR	2601	-	194	124531653	72632
chr3	124459021	124659021	harbor2	chr3	124535712	124536187	LTR/ERVL-MaLR	721	-	238	124535950	76929
chr3	124459021	124659021	harbor2	chr3	124542009	124542187	LTR/ERVL-MaLR	573	-	89	124542098	83077
chr3	124459021	124659021	harbor2	chr3	124542793	124543304	LTR/ERVL-MaLR	2577	-	256	124543049	84028
chr3	124459021	124659021	harbor2	chr3	124543601	124543627	LTR/ERVL-MaLR	2577	-	13	124543614	84593
chr3	81566951	81766951	harbor2	chr3	81569436	81569686	LTR/ERVL-MaLR	520	-	125	81569561	2610
chr3	81566951	81766951	harbor2	chr3	81602373	81602710	LTR/ERVL-MaLR	1520	-	168	81602541	35590
chr3	81566951	81766951	harbor2	chr3	81623995	81624379	LTR/ERVL-MaLR	2344	-	192	81624187	57236
chr3	179747648	179947648	harbor2	chr3	179770986	179771446	LTR/ERVL-MaLR	773	-	230	179771216	23568
chr3	179747648	179947648	harbor2	chr3	179771614	179771672	LTR/ERVL-MaLR	773	-	29	179771643	23995
chr3	179747648	179947648	harbor2	chr3	179773943	179774287	LTR/ERVL-MaLR	2242	-	172	179774115	26467
chr3	179747648	179947648	harbor2	chr3	179776043	179776119	LTR/ERVL-MaLR	2242	-	38	179776081	28433
chr3	179747648	179947648	harbor2	chr3	179789792	179790066	LTR/ERVL-MaLR	1823	-	137	179789929	42281
chr3	179747648	179947648	harbor2	chr3	179790366	179790537	LTR/ERVL-MaLR	1823	-	86	179790452	42804
chr3	14648385	14848385	harbor2	chr3	14650276	14650746	LTR/ERVL-MaLR	1851	-	235	14650511	2126
chr3	14648385	14848385	harbor2	chr3	14668760	14669221	LTR/ERVL-MaLR	695	-	230	14668990	20605
chr3	14648385	14848385	harbor2	chr3	14679368	14679633	LTR/ERVL-MaLR	576	-	132	14679500	31115
chr3	14648385	14848385	harbor2	chr3	14702055	14702399	LTR/ERVL-MaLR	2598	-	172	14702227	53842
chr3	14648385	14848385	harbor2	chr3	14702400	14702440	LTR/ERVL-MaLR	2906	-	20	14702420	54035
chr3	14648385	14848385	harbor2	chr3	14702741	14703103	LTR/ERVL-MaLR	2906	-	181	14702922	54537
chr3	14648385	14848385	harbor2	chr3	14721962	14722520	LTR/ERVL-MaLR	1964	-	279	14722241	73856
chr3	14648385	14848385	harbor2	chr3	14742652	14743004	LTR/ERVL-MaLR	2742	-	176	14742828	94443
chr3	14648385	14848385	harbor2	chr3	14743007	14744567	LTR/ERVL-MaLR	12124	-	780	14743787	95402
chr3	14648385	14848385	harbor2	chr3	14744568	14744920	LTR/ERVL-MaLR	2669	-	176	14744744	96359
chr3	194806497	195006497	harbor2	chr3	194859256	194859664	LTR/ERVL-MaLR	2345	-	204	194859460	52963
chr3	194806497	195006497	harbor2	chr3	194867336	194867543	LTR/ERVL-MaLR	439	-	104	194867440	60943
chr3	194806497	195006497	harbor2	chr3	194869993	194870389	LTR/ERVL-MaLR	1335	-	198	194870191	63694
chr3	194806497	195006497	harbor2	chr3	194883587	194883781	LTR/ERVL-MaLR	406	-	97	194883684	77187
chr3	194806497	195006497	harbor2	chr3	194886119	194886476	LTR/ERVL-MaLR	1969	-	178	194886297	79800
chr3	194806497	195006497	harbor2	chr3	194888045	194888405	LTR/ERVL-MaLR	2573	-	180	194888225	81728
chr3	194806497	195006497	harbor2	chr3	194890072	194890409	LTR/ERVL-MaLR	1159	-	168	194890240	83743
chr3	194806497	195006497	harbor2	chr3	194890708	194890781	LTR/ERVL-MaLR	1159	-	36	194890744	84247
chr3	194806497	195006497	harbor2	chr3	194886478	194888042	LTR/ERVL-MaLR	10271	-	782	194887260	80763
chr3	154694415	154894415	harbor2	chr3	154725308	154725777	LTR/ERVL-MaLR	2019	-	234	154725542	31127
chr3	154694415	154894415	harbor2	chr3	154746703	154747118	LTR/ERVL-MaLR	2104	-	208	154746911	52496
chr3	189896620	190096620	harbor2	chr3	189976250	189976592	LTR/ERVL-MaLR	2148	-	171	189976421	79801
chr3	149677721	149877721	harbor2	chr3	149686034	149686366	LTR/ERVL-MaLR	1093	-	166	149686200	8479
chr3	149677721	149877721	harbor2	chr3	149686556	149686732	LTR/ERVL-MaLR	631	-	88	149686644	8923
chr3	149677721	149877721	harbor2	chr3	149697085	149697404	LTR/ERVL-MaLR	2114	-	160	149697245	19524
chr3	149677721	149877721	harbor2	chr3	149697522	149697616	LTR/ERVL-MaLR	626	-	47	149697569	19848
chr3	149677721	149877721	harbor2	chr3	149697620	149698149	LTR/ERVL-MaLR	3065	-	264	149697884	20163
chr3	149677721	149877721	harbor2	chr3	149698517	149699289	LTR/ERVL-MaLR	6724	-	386	149698903	21182
chr3	149677721	149877721	harbor2	chr3	149699593	149699940	LTR/ERVL-MaLR	6724	-	174	149699767	22046
chr3	149677721	149877721	harbor2	chr3	149699941	149700147	LTR/ERVL-MaLR	1211	-	103	149700044	22323
chr3	149677721	149877721	harbor2	chr3	149746426	149746489	LTR/ERVL-MaLR	2007	-	32	149746458	68737
chr3	149677721	149877721	harbor2	chr3	149746810	149747097	LTR/ERVL-MaLR	2007	-	144	149746954	69233
chr3	150858506	151058506	harbor2	chr3	150863970	150864177	LTR/ERVL-MaLR	2342	-	104	150864074	5568
chr3	150858506	151058506	harbor2	chr3	150864479	150864641	LTR/ERVL-MaLR	2342	-	81	150864560	6054
chr3	150858506	151058506	harbor2	chr3	150886484	150886905	LTR/ERVL-MaLR	2239	-	210	150886694	28188
chr3	150858506	151058506	harbor2	chr3	150887443	150887480	LTR/ERVL-MaLR	2239	-	18	150887461	28955
chr3	150858506	151058506	harbor2	chr3	150887702	150887827	LTR/ERVL-MaLR	1662	-	62	150887764	29258
chr3	150858506	151058506	harbor2	chr3	150888118	150888455	LTR/ERVL-MaLR	1662	-	168	150888286	29780
chr3	150858506	151058506	harbor2	chr3	150889096	150889598	LTR/ERVL-MaLR	1838	-	251	150889347	30841
chr3	150858506	151058506	harbor2	chr3	150910302	150910892	LTR/ERVL-MaLR	2149	-	295	150910597	52091
chr3	150858506	151058506	harbor2	chr3	150911233	150911730	LTR/ERVL-MaLR	1407	-	248	150911481	52975
chr3	150858506	151058506	harbor2	chr3	150915695	150916059	LTR/ERVL-MaLR	1084	-	182	150915877	57371
chr3	150858506	151058506	harbor2	chr3	150923726	150923911	LTR/ERVL-MaLR	755	-	92	150923818	65312
chr3	150858506	151058506	harbor2	chr3	150951285	150951349	LTR/ERVL-MaLR	2277	-	32	150951317	92811
chr3	150858506	151058506	harbor2	chr3	150951638	150952003	LTR/ERVL-MaLR	2277	-	182	150951820	93314
chr3	78439352	78639352	harbor2	chr3	78450633	78451040	LTR/ERVL-MaLR	2447	-	204	78450837	11485
chr3	78439352	78639352	harbor2	chr3	78458562	78458893	LTR/ERVL-MaLR	1656	-	166	78458728	19376
chr3	78439352	78639352	harbor2	chr3	78510218	78510531	LTR/ERVL-MaLR	1732	-	156	78510374	71022
chr3	78439352	78639352	harbor2	chr3	78516637	78516973	LTR/ERVL-MaLR	1481	-	168	78516805	77453
chr3	78439352	78639352	harbor2	chr3	78519286	78519515	LTR/ERVL-MaLR	927	-	114	78519400	80048
chr3	78439352	78639352	harbor2	chr3	78519878	78520243	LTR/ERVL-MaLR	1581	-	182	78520060	80708
chr3	78439352	78639352	harbor2	chr3	78530451	78530817	LTR/ERVL-MaLR	1886	-	183	78530634	91282
chr3	78439352	78639352	harbor2	chr3	78533803	78534285	LTR/ERVL-MaLR	1081	-	241	78534044	94692
chr3	78439352	78639352	harbor2	chr3	78534383	78534762	LTR/ERVL-MaLR	1315	-	190	78534573	95221
chr3	78439352	78639352	harbor2	chr3	78537159	78537330	LTR/ERVL-MaLR	600	-	86	78537245	97893
chr3	130950921	131150921	harbor2	chr3	130974319	130974580	LTR/ERVL-MaLR	406	-	130	130974449	23528
chr3	52564304	52764304	harbor2	chr3	52574074	52574440	LTR/ERVL-MaLR	1646	-	183	52574257	9953
chr3	127167106	127367106	harbor2	chr3	127176684	127177054	LTR/ERVL-MaLR	2767	-	185	127176869	9763
chr3	127167106	127367106	harbor2	chr3	127235611	127235970	LTR/ERVL-MaLR	1976	-	180	127235791	68685
chr3	127167106	127367106	harbor2	chr3	127262909	127263230	LTR/ERVL-MaLR	1049	-	160	127263069	95963
chr3	120593500	120793500	harbor2	chr3	120657610	120658075	LTR/ERVL-MaLR	2736	-	232	120657842	64342
chr3	120593500	120793500	harbor2	chr3	120658076	120659731	LTR/ERVL-MaLR	10030	-	828	120658904	65404
chr3	120593500	120793500	harbor2	chr3	120659734	120659953	LTR/ERVL-MaLR	1243	-	110	120659844	66344
chr3	120593500	120793500	harbor2	chr3	120663295	120663564	LTR/ERVL-MaLR	1197	-	134	120663429	69929
chr3	13842048	14042048	harbor2	chr3	13898843	13898994	LTR/ERVL-MaLR	422	-	76	13898919	56871
chr3	13842048	14042048	harbor2	chr3	13899031	13899205	LTR/ERVL-MaLR	440	-	87	13899118	57070
chr3	13842048	14042048	harbor2	chr3	13902006	13902454	LTR/ERVL-MaLR	1736	-	224	13902230	60182
chr3	13842048	14042048	harbor2	chr3	13916078	13916429	LTR/ERVL-MaLR	2038	-	176	13916254	74206
chr3	181335743	181535743	harbor2	chr3	181392803	181393244	LTR/ERVL-MaLR	2308	-	220	181393023	57280
chr3	181335743	181535743	harbor2	chr3	181428570	181428968	LTR/ERVL-MaLR	2148	-	199	181428769	93026
chr3	191945779	192145779	harbor2	chr3	192016695	192017058	LTR/ERVL-MaLR	900	-	182	192016877	71098
chr3	137762873	137962873	harbor2	chr3	137829692	137830111	LTR/ERVL-MaLR	2442	-	210	137829902	67029
chr3	137762873	137962873	harbor2	chr3	137831147	137831661	LTR/ERVL-MaLR	1886	-	257	137831404	68531
chr3	137762873	137962873	harbor2	chr3	137853331	137853775	LTR/ERVL-MaLR	1415	-	222	137853553	90680
chr3	137762873	137962873	harbor2	chr3	137855891	137856379	LTR/ERVL-MaLR	1953	-	244	137856135	93262
chr3	172192277	172392277	harbor2	chr3	172241235	172241401	LTR/ERVL-MaLR	1072	-	83	172241318	49041
chr3	172192277	172392277	harbor2	chr3	172241402	172241757	LTR/ERVL-MaLR	1993	-	178	172241580	49303
chr3	172192277	172392277	harbor2	chr3	172241765	172243314	LTR/ERVL-MaLR	11000	-	774	172242539	50262
chr3	172192277	172392277	harbor2	chr3	172243315	172243670	LTR/ERVL-MaLR	2198	-	178	172243493	51216
chr3	172192277	172392277	harbor2	chr3	172243671	172243893	LTR/ERVL-MaLR	839	-	111	172243782	51505
chr3	172192277	172392277	harbor2	chr3	172266473	172266883	LTR/ERVL-MaLR	1126	-	205	172266678	74401
chr3	172192277	172392277	harbor2	chr3	172274598	172274956	LTR/ERVL-MaLR	1762	-	179	172274777	82500
chr3	172192277	172392277	harbor2	chr3	172277238	172277591	LTR/ERVL-MaLR	1304	-	176	172277414	85137
chr3	172192277	172392277	harbor2	chr3	172289004	172289463	LTR/ERVL-MaLR	2265	-	230	172289234	96957
chr3	189000753	189200753	harbor2	chr3	189001315	189001665	LTR/ERVL-MaLR	1718	-	175	189001490	737
chr3	189000753	189200753	harbor2	chr3	189011389	189011753	LTR/ERVL-MaLR	2063	-	182	189011571	10818
chr3	189000753	189200753	harbor2	chr3	189026064	189026466	LTR/ERVL-MaLR	1244	-	201	189026265	25512
chr3	189000753	189200753	harbor2	chr3	189033019	189033264	LTR/ERVL-MaLR	590	-	122	189033141	32388
chr3	189000753	189200753	harbor2	chr3	189078928	189079358	LTR/ERVL-MaLR	2189	-	215	189079143	78390
chr3	189000753	189200753	harbor2	chr3	189089456	189089865	LTR/ERVL-MaLR	2426	-	204	189089660	88907
chr3	122674825	122874825	harbor2	chr3	122676003	122676370	LTR/ERVL-MaLR	2160	-	184	122676187	1362
chr3	122674825	122874825	harbor2	chr3	122690448	122690512	LTR/ERVL-MaLR	818	-	32	122690480	15655
chr3	122674825	122874825	harbor2	chr3	122690812	122691137	LTR/ERVL-MaLR	818	-	162	122690974	16149
chr3	182921064	183121064	harbor2	chr3	182925373	182925939	LTR/ERVL-MaLR	2457	-	283	182925656	4592
chr3	182921064	183121064	harbor2	chr3	182991325	182991697	LTR/ERVL-MaLR	2127	-	186	182991511	70447
chr3	182921064	183121064	harbor2	chr3	183013869	183014227	LTR/ERVL-MaLR	1107	-	179	183014048	92984
chr3	195390492	195590492	harbor2	chr3	195405364	195405404	LTR/ERVL-MaLR	2325	-	20	195405384	14892
chr3	195390492	195590492	harbor2	chr3	195405700	195406070	LTR/ERVL-MaLR	2325	-	185	195405885	15393
chr3	195390492	195590492	harbor2	chr3	195447110	195447251	LTR/ERVL-MaLR	507	-	70	195447180	56688
chr3	195390492	195590492	harbor2	chr3	195450902	195451076	LTR/ERVL-MaLR	418	-	87	195450989	60497
chr3	195390492	195590492	harbor2	chr3	195452127	195452402	LTR/ERVL-MaLR	1875	-	138	195452265	61773
chr3	195390492	195590492	harbor2	chr3	195452989	195453196	LTR/ERVL-MaLR	1875	-	104	195453093	62601
chr3	195390492	195590492	harbor2	chr3	195455617	195456078	LTR/ERVL-MaLR	854	-	230	195455847	65355
chr3	195390492	195590492	harbor2	chr3	195456079	195456445	LTR/ERVL-MaLR	1715	-	183	195456262	65770
chr3	195390492	195590492	harbor2	chr3	195456446	195456476	LTR/ERVL-MaLR	854	-	15	195456461	65969
chr3	195390492	195590492	harbor2	chr3	195465912	195465962	LTR/ERVL-MaLR	2099	-	25	195465937	75445
chr3	195390492	195590492	harbor2	chr3	195466263	195466605	LTR/ERVL-MaLR	2099	-	171	195466434	75942
chr3	195390492	195590492	harbor2	chr3	195466911	195467006	LTR/ERVL-MaLR	2099	-	48	195466959	76467
chr3	195390492	195590492	harbor2	chr3	195468522	195468732	LTR/ERVL-MaLR	1270	-	105	195468627	78135
chr3	193190665	193390665	harbor2	chr3	193227752	193227914	LTR/ERVL-MaLR	413	-	81	193227833	37168
chr3	193190665	193390665	harbor2	chr3	193244560	193245009	LTR/ERVL-MaLR	2558	-	224	193244784	54119
chr3	193190665	193390665	harbor2	chr3	193251990	193252381	LTR/ERVL-MaLR	2153	-	196	193252186	61521
chr3	138919317	139119317	harbor2	chr3	138923932	138924328	LTR/ERVL-MaLR	761	-	198	138924130	4813
chr3	138919317	139119317	harbor2	chr3	138988696	138988903	LTR/ERVL-MaLR	1021	-	104	138988800	69483
chr3	138919317	139119317	harbor2	chr3	138989170	138989278	LTR/ERVL-MaLR	1021	-	54	138989224	69907
chr3	2267694	2467694	harbor2	chr3	2288152	2288574	LTR/ERVL-MaLR	2537	-	211	2288363	20669
chr3	2267694	2467694	harbor2	chr3	2293843	2293992	LTR/ERVL-MaLR	398	-	74	2293917	26223
chr3	2267694	2467694	harbor2	chr3	2294045	2294295	LTR/ERVL-MaLR	610	-	125	2294170	26476
chr3	2267694	2467694	harbor2	chr3	2339758	2340206	LTR/ERVL-MaLR	1394	-	224	2339982	72288
chr3	2267694	2467694	harbor2	chr3	2340811	2340993	LTR/ERVL-MaLR	494	-	91	2340902	73208
chr3	2267694	2467694	harbor2	chr3	2343774	2344178	LTR/ERVL-MaLR	2114	-	202	2343976	76282
chr3	2267694	2467694	harbor2	chr3	2347113	2347410	LTR/ERVL-MaLR	835	-	148	2347261	79567
chr3	2267694	2467694	harbor2	chr3	2347710	2347783	LTR/ERVL-MaLR	835	-	36	2347746	80052
chr3	2267694	2467694	harbor2	chr3	2360506	2360884	LTR/ERVL-MaLR	2361	-	189	2360695	93001
chr3	172834891	173034891	harbor2	chr3	172846228	172846610	LTR/ERVL-MaLR	1692	-	191	172846419	11528
chr3	172834891	173034891	harbor2	chr3	172870292	172870767	LTR/ERVL-MaLR	1302	-	238	172870530	35639
chr3	172834891	173034891	harbor2	chr3	172873368	172873714	LTR/ERVL-MaLR	1139	-	173	172873541	38650
chr3	186457632	186657632	harbor2	chr3	186528302	186528656	LTR/ERVL-MaLR	2245	-	177	186528479	70847
chr3	183074128	183274128	harbor2	chr3	183078753	183079123	LTR/ERVL-MaLR	2445	-	185	183078938	4810
chr3	183074128	183274128	harbor2	chr3	183079124	183080689	LTR/ERVL-MaLR	12093	-	782	183079906	5778
chr3	183074128	183274128	harbor2	chr3	183080692	183081045	LTR/ERVL-MaLR	2071	-	176	183080868	6740
chr3	183074128	183274128	harbor2	chr3	183112262	183112401	LTR/ERVL-MaLR	605	-	70	183112332	38204
chr3	183074128	183274128	harbor2	chr3	183167041	183167160	LTR/ERVL-MaLR	1635	-	60	183167101	92973
chr3	183074128	183274128	harbor2	chr3	183167473	183167686	LTR/ERVL-MaLR	1635	-	106	183167579	93451
chr3	183074128	183274128	harbor2	chr3	183167687	183168045	LTR/ERVL-MaLR	2541	-	179	183167866	93738
chr3	183074128	183274128	harbor2	chr3	183168046	183169473	LTR/ERVL-MaLR	10423	-	714	183168760	94632
chr3	183074128	183274128	harbor2	chr3	183169474	183169827	LTR/ERVL-MaLR	3030	-	176	183169650	95522
chr3	164735911	164935911	harbor2	chr3	164738980	164739402	LTR/ERVL-MaLR	2479	-	211	164739191	3280
chr3	164735911	164935911	harbor2	chr3	164739408	164740342	LTR/ERVL-MaLR	4489	-	467	164739875	3964
chr3	164735911	164935911	harbor2	chr3	164740337	164740558	LTR/ERVL-MaLR	1378	-	110	164740447	4536
chr3	164735911	164935911	harbor2	chr3	164740559	164740999	LTR/ERVL-MaLR	2089	-	220	164740779	4868
chr3	164735911	164935911	harbor2	chr3	164741213	164741308	LTR/ERVL-MaLR	575	-	48	164741261	5350
chr3	164735911	164935911	harbor2	chr3	164779836	164780318	LTR/ERVL-MaLR	474	-	241	164780077	44166
chr3	164735911	164935911	harbor2	chr3	164801339	164801682	LTR/ERVL-MaLR	2513	-	172	164801511	65600
chr3	164735911	164935911	harbor2	chr3	164802234	164802666	LTR/ERVL-MaLR	898	-	216	164802450	66539
chr3	140575673	140775673	harbor2	chr3	140620038	140620158	LTR/ERVL-MaLR	419	-	60	140620098	44425
chr3	140575673	140775673	harbor2	chr3	140649093	140649500	LTR/ERVL-MaLR	2390	-	204	140649297	73624
chr3	144365639	144565639	harbor2	chr3	144366533	144366902	LTR/ERVL-MaLR	2054	-	184	144366717	1078
chr3	144365639	144565639	harbor2	chr3	144366903	144368469	LTR/ERVL-MaLR	11347	-	783	144367686	2047
chr3	144365639	144565639	harbor2	chr3	144368470	144368845	LTR/ERVL-MaLR	2066	-	188	144368658	3019
chr3	144365639	144565639	harbor2	chr3	144385649	144386043	LTR/ERVL-MaLR	1799	-	197	144385846	20207
chr3	144365639	144565639	harbor2	chr3	144386364	144386535	LTR/ERVL-MaLR	1799	-	86	144386450	20811
chr3	144365639	144565639	harbor2	chr3	144394767	144395175	LTR/ERVL-MaLR	1823	-	204	144394971	29332
chr3	144365639	144565639	harbor2	chr3	144401634	144401820	LTR/ERVL-MaLR	611	-	93	144401727	36088
chr3	144365639	144565639	harbor2	chr3	144419260	144419715	LTR/ERVL-MaLR	2051	-	228	144419488	53849
chr3	144365639	144565639	harbor2	chr3	144448219	144448582	LTR/ERVL-MaLR	1904	-	182	144448401	82762
chr3	144365639	144565639	harbor2	chr3	144456063	144456564	LTR/ERVL-MaLR	1071	-	250	144456313	90674
chr3	86763365	86963365	harbor2	chr3	86767968	86768499	LTR/ERVL-MaLR	810	-	266	86768234	4869
chr3	86763365	86963365	harbor2	chr3	86777970	86778322	LTR/ERVL-MaLR	1271	-	176	86778146	14781
chr3	86763365	86963365	harbor2	chr3	86778323	86779958	LTR/ERVL-MaLR	5855	-	818	86779141	15776
chr3	86763365	86963365	harbor2	chr3	86779975	86780360	LTR/ERVL-MaLR	1467	-	192	86780167	16802
chr3	86763365	86963365	harbor2	chr3	86789609	86789999	LTR/ERVL-MaLR	1856	-	195	86789804	26439
chr3	86763365	86963365	harbor2	chr3	86825876	86826289	LTR/ERVL-MaLR	1303	-	206	86826082	62717
chr3	86763365	86963365	harbor2	chr3	86838975	86839315	LTR/ERVL-MaLR	1428	-	170	86839145	75780
chr3	86763365	86963365	harbor2	chr3	86844042	86844202	LTR/ERVL-MaLR	498	-	80	86844122	80757
chr3	103692844	103892844	harbor2	chr3	103717606	103717960	LTR/ERVL-MaLR	2315	-	177	103717783	24939
chr3	103692844	103892844	harbor2	chr3	103717961	103719402	LTR/ERVL-MaLR	10368	-	720	103718681	25837
chr3	103692844	103892844	harbor2	chr3	103719444	103719566	LTR/ERVL-MaLR	10368	-	61	103719505	26661
chr3	103692844	103892844	harbor2	chr3	103719569	103719919	LTR/ERVL-MaLR	2190	-	175	103719744	26900
chr3	103692844	103892844	harbor2	chr3	103730204	103730557	LTR/ERVL-MaLR	1475	-	176	103730380	37536
chr3	103692844	103892844	harbor2	chr3	103733313	103733724	LTR/ERVL-MaLR	1819	-	206	103733519	40675
chr3	103692844	103892844	harbor2	chr3	103740174	103740547	LTR/ERVL-MaLR	1900	-	186	103740360	47516
chr3	103692844	103892844	harbor2	chr3	103748069	103748290	LTR/ERVL-MaLR	2059	-	110	103748179	55335
chr3	103692844	103892844	harbor2	chr3	103748595	103748760	LTR/ERVL-MaLR	2059	-	82	103748677	55833
chr3	103692844	103892844	harbor2	chr3	103772742	103773225	LTR/ERVL-MaLR	2011	-	242	103772984	80140
chr3	103692844	103892844	harbor2	chr3	103784448	103784796	LTR/ERVL-MaLR	1120	-	174	103784622	91778
chr3	103692844	103892844	harbor2	chr3	103788065	103788221	LTR/ERVL-MaLR	513	-	78	103788143	95299
chr3	181055847	181255847	harbor2	chr3	181083175	181083351	LTR/ERVL-MaLR	894	-	88	181083263	27416
chr3	181055847	181255847	harbor2	chr3	181083651	181083699	LTR/ERVL-MaLR	702	-	24	181083675	27828
chr3	181055847	181255847	harbor2	chr3	181094415	181094802	LTR/ERVL-MaLR	1578	-	194	181094609	38762
chr3	181055847	181255847	harbor2	chr3	181097955	181098255	LTR/ERVL-MaLR	1030	-	150	181098105	42258
chr3	181055847	181255847	harbor2	chr3	181113759	181114154	LTR/ERVL-MaLR	1882	-	198	181113957	58110
chr3	181055847	181255847	harbor2	chr3	181125350	181125786	LTR/ERVL-MaLR	951	-	218	181125568	69721
chr3	181055847	181255847	harbor2	chr3	181132245	181132650	LTR/ERVL-MaLR	1751	-	202	181132447	76600
chr3	181055847	181255847	harbor2	chr3	181138536	181138748	LTR/ERVL-MaLR	523	-	106	181138642	82795
chr3	146525067	146725067	harbor2	chr3	146552160	146552452	LTR/ERVL-MaLR	1134	-	146	146552306	27239
chr3	146525067	146725067	harbor2	chr3	146559465	146559569	LTR/ERVL-MaLR	583	-	52	146559517	34450
chr3	146525067	146725067	harbor2	chr3	146560147	146560546	LTR/ERVL-MaLR	832	-	200	146560347	35280
chr3	146525067	146725067	harbor2	chr3	146561308	146561692	LTR/ERVL-MaLR	2231	-	192	146561500	36433
chr3	146525067	146725067	harbor2	chr3	146561705	146563281	LTR/ERVL-MaLR	9868	-	788	146562493	37426
chr3	146525067	146725067	harbor2	chr3	146563284	146563677	LTR/ERVL-MaLR	1823	-	196	146563480	38413
chr3	146525067	146725067	harbor2	chr3	146566025	146566380	LTR/ERVL-MaLR	2219	-	178	146566203	41136
chr3	146525067	146725067	harbor2	chr3	146566381	146567982	LTR/ERVL-MaLR	9850	-	800	146567181	42114
chr3	146525067	146725067	harbor2	chr3	146567984	146568344	LTR/ERVL-MaLR	2096	-	180	146568164	43097
chr3	167464650	167664650	harbor2	chr3	167481580	167481934	LTR/ERVL-MaLR	2556	-	177	167481757	17107
chr3	77059245	77259245	harbor2	chr3	77069800	77069854	LTR/ERVL-MaLR	816	-	27	77069827	10582
chr3	77059245	77259245	harbor2	chr3	77106979	77107291	LTR/ERVL-MaLR	1315	-	156	77107135	47890
chr3	77059245	77259245	harbor2	chr3	77070308	77070601	LTR/ERVL-MaLR	816	-	146	77070454	11209
chr3	176320770	176520770	harbor2	chr3	176341947	176342306	LTR/ERVL-MaLR	1409	-	180	176342127	21357
chr3	176320770	176520770	harbor2	chr3	176356358	176356747	LTR/ERVL-MaLR	2094	-	194	176356552	35782
chr3	176320770	176520770	harbor2	chr3	176375501	176375727	LTR/ERVL-MaLR	894	-	113	176375614	54844
chr3	176320770	176520770	harbor2	chr3	176403509	176403877	LTR/ERVL-MaLR	494	-	184	176403693	82923
chr3	173608339	173808339	harbor2	chr3	173612310	173612703	LTR/ERVL-MaLR	1290	-	196	173612506	4167
chr3	173608339	173808339	harbor2	chr3	173612705	173613122	LTR/ERVL-MaLR	1632	-	208	173612913	4574
chr3	173608339	173808339	harbor2	chr3	173669268	173669699	LTR/ERVL-MaLR	1646	-	216	173669484	61145
chr3	48459347	48659347	harbor2	chr3	48513845	48513982	LTR/ERVL-MaLR	686	-	68	48513913	54566
chr3	48459347	48659347	harbor2	chr3	48513970	48514125	LTR/ERVL-MaLR	892	-	78	48514048	54701
chr3	64021949	64221949	harbor2	chr3	64037328	64037616	LTR/ERVL-MaLR	1451	-	144	64037472	15523
chr3	64021949	64221949	harbor2	chr3	64057467	64057637	LTR/ERVL-MaLR	536	-	85	64057552	35603
chr3	64021949	64221949	harbor2	chr3	64057986	64058344	LTR/ERVL-MaLR	1885	-	179	64058165	36216
chr3	64021949	64221949	harbor2	chr3	64078309	64078758	LTR/ERVL-MaLR	1128	-	224	64078533	56584
chr3	64021949	64221949	harbor2	chr3	64084651	64084989	LTR/ERVL-MaLR	650	-	169	64084820	62871
chr3	64021949	64221949	harbor2	chr3	64091521	64091744	LTR/ERVL-MaLR	455	-	112	64091633	69684
chr3	64021949	64221949	harbor2	chr3	64092053	64092092	LTR/ERVL-MaLR	455	-	20	64092073	70124
chr4	124208264	124408264	harbor2	chr4	124255777	124256067	LTR/ERVL-MaLR	1297	-	145	124255922	47658
chr4	124208264	124408264	harbor2	chr4	124275762	124277121	LTR/ERVL-MaLR	1988	-	680	124276442	68178
chr4	177470228	177670228	harbor2	chr4	177484739	177485253	LTR/ERVL-MaLR	1944	-	257	177484996	14768
chr4	177470228	177670228	harbor2	chr4	177488179	177488338	LTR/ERVL-MaLR	463	-	80	177488259	18031
chr4	177470228	177670228	harbor2	chr4	177513098	177513434	LTR/ERVL-MaLR	1187	-	168	177513266	43038
chr4	177470228	177670228	harbor2	chr4	177535009	177535368	LTR/ERVL-MaLR	2384	-	180	177535189	64961
chr4	177470228	177670228	harbor2	chr4	177567326	177567459	LTR/ERVL-MaLR	501	-	66	177567392	97164
chr4	111493042	111693042	harbor2	chr4	111496734	111496888	LTR/ERVL-MaLR	1902	-	77	111496811	3769
chr4	111493042	111693042	harbor2	chr4	111497273	111497574	LTR/ERVL-MaLR	1902	-	150	111497423	4381
chr4	111493042	111693042	harbor2	chr4	111583422	111583793	LTR/ERVL-MaLR	2033	-	186	111583608	90566
chr4	111493042	111693042	harbor2	chr4	111583794	111585399	LTR/ERVL-MaLR	11089	-	802	111584596	91554
chr4	111493042	111693042	harbor2	chr4	111585400	111585772	LTR/ERVL-MaLR	1897	-	186	111585586	92544
chr4	111493042	111693042	harbor2	chr4	111587025	111587377	LTR/ERVL-MaLR	1592	-	176	111587201	94159
chr4	183412328	183612328	harbor2	chr4	183426576	183427004	LTR/ERVL-MaLR	843	-	214	183426790	14462
chr4	183412328	183612328	harbor2	chr4	183429657	183429834	LTR/ERVL-MaLR	428	-	88	183429745	17417
chr4	177551851	177751851	harbor2	chr4	177567326	177567459	LTR/ERVL-MaLR	501	-	66	177567392	15541
chr4	177551851	177751851	harbor2	chr4	177572432	177572827	LTR/ERVL-MaLR	1874	-	198	177572630	20779
chr4	177551851	177751851	harbor2	chr4	177574746	177574885	LTR/ERVL-MaLR	462	-	70	177574816	22965
chr4	177551851	177751851	harbor2	chr4	177596012	177596567	LTR/ERVL-MaLR	1460	-	278	177596290	44439
chr4	177551851	177751851	harbor2	chr4	177599150	177599533	LTR/ERVL-MaLR	1814	-	192	177599342	47491
chr4	177551851	177751851	harbor2	chr4	177603186	177603555	LTR/ERVL-MaLR	1783	-	184	177603370	51519
chr4	131545464	131745464	harbor2	chr4	131564337	131564883	LTR/ERVL-MaLR	816	-	273	131564610	19146
chr4	131545464	131745464	harbor2	chr4	131580054	131580482	LTR/ERVL-MaLR	912	-	214	131580268	34804
chr4	131545464	131745464	harbor2	chr4	131594540	131594738	LTR/ERVL-MaLR	590	-	99	131594639	49175
chr4	131545464	131745464	harbor2	chr4	131594804	131595050	LTR/ERVL-MaLR	479	-	123	131594927	49463
chr4	131545464	131745464	harbor2	chr4	131634699	131634816	LTR/ERVL-MaLR	665	-	58	131634757	89293
chr4	182403966	182603966	harbor2	chr4	182466173	182466423	LTR/ERVL-MaLR	1162	-	125	182466298	62332
chr4	182403966	182603966	harbor2	chr4	182466620	182466802	LTR/ERVL-MaLR	1162	-	91	182466711	62745
chr4	182403966	182603966	harbor2	chr4	182483644	182484025	LTR/ERVL-MaLR	1890	-	190	182483834	79868
chr4	62114084	62314084	harbor2	chr4	62120981	62121521	LTR/ERVL-MaLR	1262	-	270	62121251	7167
chr4	62114084	62314084	harbor2	chr4	62122733	62122948	LTR/ERVL-MaLR	952	-	108	62122841	8757
chr4	62114084	62314084	harbor2	chr4	62122944	62123004	LTR/ERVL-MaLR	664	-	30	62122974	8890
chr4	62114084	62314084	harbor2	chr4	62123474	62123587	LTR/ERVL-MaLR	664	-	56	62123530	9446
chr4	62114084	62314084	harbor2	chr4	62123745	62124098	LTR/ERVL-MaLR	2396	-	176	62123921	9837
chr4	62114084	62314084	harbor2	chr4	62129679	62129883	LTR/ERVL-MaLR	481	-	102	62129781	15697
chr4	62114084	62314084	harbor2	chr4	62139222	62139339	LTR/ERVL-MaLR	509	-	58	62139280	25196
chr4	62114084	62314084	harbor2	chr4	62146973	62147334	LTR/ERVL-MaLR	1244	-	180	62147153	33069
chr4	62114084	62314084	harbor2	chr4	62148503	62148853	LTR/ERVL-MaLR	1504	-	175	62148678	34594
chr4	144269383	144469383	harbor2	chr4	144274115	144274540	LTR/ERVL-MaLR	512	-	212	144274327	4944
chr4	144269383	144469383	harbor2	chr4	144332301	144332666	LTR/ERVL-MaLR	1894	-	182	144332483	63100
chr4	144269383	144469383	harbor2	chr4	144334252	144334627	LTR/ERVL-MaLR	1665	-	188	144334440	65057
chr4	144269383	144469383	harbor2	chr4	144344370	144344745	LTR/ERVL-MaLR	1732	-	188	144344558	75175
chr4	44473915	44673915	harbor2	chr4	44510388	44510849	LTR/ERVL-MaLR	1206	-	230	44510618	36703
chr4	44473915	44673915	harbor2	chr4	44520174	44520543	LTR/ERVL-MaLR	2444	-	184	44520358	46443
chr4	44473915	44673915	harbor2	chr4	44530268	44530618	LTR/ERVL-MaLR	1603	-	175	44530443	56528
chr4	44473915	44673915	harbor2	chr4	44542148	44542501	LTR/ERVL-MaLR	1367	-	176	44542324	68409
chr4	44473915	44673915	harbor2	chr4	44551256	44551619	LTR/ERVL-MaLR	1502	-	182	44551438	77523
chr4	44473915	44673915	harbor2	chr4	44551877	44552234	LTR/ERVL-MaLR	1949	-	178	44552055	78140
chr4	73676317	73876317	harbor2	chr4	73720900	73721266	LTR/ERVL-MaLR	2384	-	183	73721083	44766
chr4	76774114	76974114	harbor2	chr4	76806993	76807367	LTR/ERVL-MaLR	2488	-	187	76807180	33066
chr4	76774114	76974114	harbor2	chr4	76808726	76809110	LTR/ERVL-MaLR	2291	-	192	76808918	34804
chr4	76774114	76974114	harbor2	chr4	76809771	76810313	LTR/ERVL-MaLR	1207	-	271	76810042	35928
chr4	76774114	76974114	harbor2	chr4	76847284	76847703	LTR/ERVL-MaLR	1392	-	210	76847494	73380
chr4	76774114	76974114	harbor2	chr4	76869917	76870264	LTR/ERVL-MaLR	2194	-	174	76870091	95977
chr4	173361095	173561095	harbor2	chr4	173366142	173366500	LTR/ERVL-MaLR	1701	-	179	173366321	5226
chr4	173361095	173561095	harbor2	chr4	173423730	173424137	LTR/ERVL-MaLR	1619	-	204	173423934	62839
chr4	173361095	173561095	harbor2	chr4	173440648	173441019	LTR/ERVL-MaLR	1553	-	186	173440834	79739
chr4	173361095	173561095	harbor2	chr4	173442589	173442963	LTR/ERVL-MaLR	1713	-	187	173442776	81681
chr4	173361095	173561095	harbor2	chr4	173447050	173447412	LTR/ERVL-MaLR	1658	-	181	173447231	86136
chr4	173361095	173561095	harbor2	chr4	173449993	173450348	LTR/ERVL-MaLR	2092	-	178	173450171	89076
chr4	170858821	171058821	harbor2	chr4	170892497	170892839	LTR/ERVL-MaLR	1792	-	171	170892668	33847
chr4	170858821	171058821	harbor2	chr4	170892840	170894421	LTR/ERVL-MaLR	11668	-	790	170893630	34809
chr4	170858821	171058821	harbor2	chr4	170894423	170894772	LTR/ERVL-MaLR	1871	-	174	170894597	35776
chr4	182865896	183065896	harbor2	chr4	182869639	182869791	LTR/ERVL-MaLR	432	-	76	182869715	3819
chr4	182865896	183065896	harbor2	chr4	182872057	182872504	LTR/ERVL-MaLR	2006	-	224	182872281	6385
chr4	182865896	183065896	harbor2	chr4	182906143	182906273	LTR/ERVL-MaLR	823	-	65	182906208	40312
chr4	182865896	183065896	harbor2	chr4	182911018	182911373	LTR/ERVL-MaLR	1519	-	178	182911196	45300
chr4	182865896	183065896	harbor2	chr4	182937847	182938242	LTR/ERVL-MaLR	1729	-	198	182938045	72149
chr4	164638326	164838326	harbor2	chr4	164679035	164679492	LTR/ERVL-MaLR	1207	-	228	164679263	40937
chr4	164638326	164838326	harbor2	chr4	164692542	164692957	LTR/ERVL-MaLR	920	-	208	164692750	54424
chr4	164638326	164838326	harbor2	chr4	164698695	164698859	LTR/ERVL-MaLR	628	-	82	164698777	60451
chr4	164638326	164838326	harbor2	chr4	164705635	164705940	LTR/ERVL-MaLR	649	-	152	164705787	67461
chr4	164638326	164838326	harbor2	chr4	164706785	164706896	LTR/ERVL-MaLR	649	-	56	164706841	68515
chr4	164638326	164838326	harbor2	chr4	164712242	164712754	LTR/ERVL-MaLR	1271	-	256	164712498	74172
chr4	164638326	164838326	harbor2	chr4	164713743	164713901	LTR/ERVL-MaLR	743	-	79	164713822	75496
chr4	164638326	164838326	harbor2	chr4	164734304	164734760	LTR/ERVL-MaLR	1707	-	228	164734532	96206
chr4	182479447	182679447	harbor2	chr4	182483644	182484025	LTR/ERVL-MaLR	1890	-	190	182483834	4387
chr4	188767028	188967028	harbor2	chr4	188767467	188767827	LTR/ERVL-MaLR	1295	-	180	188767647	619
chr4	188767028	188967028	harbor2	chr4	188770509	188770867	LTR/ERVL-MaLR	2303	-	179	188770688	3660
chr4	188767028	188967028	harbor2	chr4	188787105	188787432	LTR/ERVL-MaLR	1206	-	164	188787269	20241
chr4	188767028	188967028	harbor2	chr4	188787562	188787671	LTR/ERVL-MaLR	501	-	54	188787616	20588
chr4	176958474	177158474	harbor2	chr4	177026153	177026326	LTR/ERVL-MaLR	487	-	86	177026239	67765
chr4	176958474	177158474	harbor2	chr4	177026338	177026578	LTR/ERVL-MaLR	709	-	120	177026458	67984
chr4	176958474	177158474	harbor2	chr4	177041195	177041719	LTR/ERVL-MaLR	919	-	262	177041457	82983
chr4	176958474	177158474	harbor2	chr4	176996317	176996684	LTR/ERVL-MaLR	1459	-	184	176996501	38027
chr4	148612420	148812420	harbor2	chr4	148624898	148625295	LTR/ERVL-MaLR	1272	-	198	148625096	12676
chr4	148612420	148812420	harbor2	chr4	148636399	148636754	LTR/ERVL-MaLR	2717	-	178	148636577	24157
chr4	148612420	148812420	harbor2	chr4	148636755	148638295	LTR/ERVL-MaLR	10977	-	770	148637525	25105
chr4	148612420	148812420	harbor2	chr4	148638296	148638650	LTR/ERVL-MaLR	2723	-	177	148638473	26053
chr4	129543363	129743363	harbor2	chr4	129559033	129559324	LTR/ERVL-MaLR	1698	-	146	129559179	15816
chr4	129543363	129743363	harbor2	chr4	129559314	129559434	LTR/ERVL-MaLR	435	-	60	129559374	16011
chr4	129543363	129743363	harbor2	chr4	129570527	129570706	LTR/ERVL-MaLR	453	-	90	129570617	27254
chr4	129543363	129743363	harbor2	chr4	129587870	129588287	LTR/ERVL-MaLR	1526	-	208	129588078	44715
chr4	129543363	129743363	harbor2	chr4	129599299	129599654	LTR/ERVL-MaLR	1905	-	178	129599477	56114
chr4	129543363	129743363	harbor2	chr4	129632724	129633076	LTR/ERVL-MaLR	2668	-	176	129632900	89537
chr4	129543363	129743363	harbor2	chr4	129639513	129639864	LTR/ERVL-MaLR	2024	-	176	129639689	96326
chr4	73135446	73335446	harbor2	chr4	73175075	73175450	LTR/ERVL-MaLR	2248	-	188	73175263	39817
chr4	178777268	178977268	harbor2	chr4	178806190	178806543	LTR/ERVL-MaLR	1112	-	176	178806366	29098
chr4	178777268	178977268	harbor2	chr4	178820268	178820499	LTR/ERVL-MaLR	1286	-	116	178820384	43116
chr4	178777268	178977268	harbor2	chr4	178820798	178820839	LTR/ERVL-MaLR	1286	-	20	178820818	43550
chr4	178777268	178977268	harbor2	chr4	178822525	178822742	LTR/ERVL-MaLR	987	-	108	178822633	45365
chr4	60348704	60548704	harbor2	chr4	60390266	60390689	LTR/ERVL-MaLR	2749	-	212	60390478	41774
chr4	60348704	60548704	harbor2	chr4	60412135	60412607	LTR/ERVL-MaLR	1591	-	236	60412371	63667
chr4	60348704	60548704	harbor2	chr4	60445846	60446302	LTR/ERVL-MaLR	2080	-	228	60446074	97370
chr4	156008608	156208608	harbor2	chr4	156012090	156012386	LTR/ERVL-MaLR	1262	-	148	156012238	3630
chr4	156008608	156208608	harbor2	chr4	156030588	156030830	LTR/ERVL-MaLR	796	-	121	156030709	22101
chr4	156008608	156208608	harbor2	chr4	156042784	156042981	LTR/ERVL-MaLR	1027	-	98	156042882	34274
chr4	156008608	156208608	harbor2	chr4	156043070	156043295	LTR/ERVL-MaLR	997	-	112	156043182	34574
chr4	156008608	156208608	harbor2	chr4	156043322	156043350	LTR/ERVL-MaLR	789	-	14	156043336	34728
chr4	156008608	156208608	harbor2	chr4	156043940	156044097	LTR/ERVL-MaLR	789	-	78	156044018	35410
chr4	156008608	156208608	harbor2	chr4	156070925	156071286	LTR/ERVL-MaLR	2233	-	180	156071105	62497
chr4	156008608	156208608	harbor2	chr4	156092045	156092408	LTR/ERVL-MaLR	2467	-	182	156092227	83619
chr4	156008608	156208608	harbor2	chr4	156093645	156094004	LTR/ERVL-MaLR	2549	-	180	156093825	85217
chr4	189939715	190139715	harbor2	chr4	189996793	189996831	LTR/ERVL-MaLR	1151	-	19	189996812	57097
chr4	189939715	190139715	harbor2	chr4	189997139	189997169	LTR/ERVL-MaLR	1151	-	15	189997154	57439
chr4	189939715	190139715	harbor2	chr4	189997449	189997776	LTR/ERVL-MaLR	1769	-	164	189997613	57898
chr4	189939715	190139715	harbor2	chr4	189999084	189999488	LTR/ERVL-MaLR	1761	-	202	189999286	59571
chr4	189939715	190139715	harbor2	chr4	189999494	189999998	LTR/ERVL-MaLR	2441	-	252	189999746	60031
chr4	189939715	190139715	harbor2	chr4	190000003	190001124	LTR/ERVL-MaLR	5340	-	560	190000563	60848
chr4	189939715	190139715	harbor2	chr4	190001125	190001536	LTR/ERVL-MaLR	1833	-	206	190001331	61616
chr4	189939715	190139715	harbor2	chr4	190032612	190032994	LTR/ERVL-MaLR	1902	-	191	190032803	93088
chr4	146499401	146699401	harbor2	chr4	146523812	146524212	LTR/ERVL-MaLR	974	-	200	146524012	24611
chr4	146499401	146699401	harbor2	chr4	146534579	146534928	LTR/ERVL-MaLR	1163	-	174	146534753	35352
chr4	146499401	146699401	harbor2	chr4	146535090	146535425	LTR/ERVL-MaLR	2047	-	168	146535258	35857
chr4	146499401	146699401	harbor2	chr4	146535896	146536064	LTR/ERVL-MaLR	2047	-	84	146535980	36579
chr4	146499401	146699401	harbor2	chr4	146538694	146539054	LTR/ERVL-MaLR	1741	-	180	146538874	39473
chr4	146499401	146699401	harbor2	chr4	146549887	146549926	LTR/ERVL-MaLR	2085	-	20	146549907	50506
chr4	146499401	146699401	harbor2	chr4	146550221	146550592	LTR/ERVL-MaLR	2085	-	186	146550407	51006
chr4	146499401	146699401	harbor2	chr4	146559658	146559725	LTR/ERVL-MaLR	501	-	34	146559692	60291
chr4	146499401	146699401	harbor2	chr4	146596614	146596969	LTR/ERVL-MaLR	2614	-	178	146596792	97391
chr4	146499401	146699401	harbor2	chr4	146596970	146598612	LTR/ERVL-MaLR	10357	-	821	146597791	98390
chr4	146499401	146699401	harbor2	chr4	146598618	146598966	LTR/ERVL-MaLR	2055	-	174	146598792	99391
chr4	187475114	187675114	harbor2	chr4	187485381	187485869	LTR/ERVL-MaLR	702	-	244	187485625	10511
chr4	154351076	154551076	harbor2	chr4	154371555	154371982	LTR/ERVL-MaLR	2576	-	214	154371769	20693
chr4	154351076	154551076	harbor2	chr4	154394466	154395064	LTR/ERVL-MaLR	929	-	299	154394765	43689
chr4	154351076	154551076	harbor2	chr4	154402497	154402651	LTR/ERVL-MaLR	1024	-	77	154402574	51498
chr4	179291754	179491754	harbor2	chr4	179319921	179320322	LTR/ERVL-MaLR	2001	-	200	179320121	28367
chr4	179291754	179491754	harbor2	chr4	179370773	179371237	LTR/ERVL-MaLR	1405	-	232	179371005	79251
chr4	179291754	179491754	harbor2	chr4	179371250	179371584	LTR/ERVL-MaLR	4725	-	167	179371417	79663
chr4	179291754	179491754	harbor2	chr4	179371585	179372001	LTR/ERVL-MaLR	2086	-	208	179371793	80039
chr4	179291754	179491754	harbor2	chr4	179373160	179373202	LTR/ERVL-MaLR	1256	-	21	179373181	81427
chr4	179291754	179491754	harbor2	chr4	179374265	179374709	LTR/ERVL-MaLR	1256	-	222	179374487	82733
chr4	179291754	179491754	harbor2	chr4	179386286	179386648	LTR/ERVL-MaLR	2064	-	181	179386467	94713
chr4	179291754	179491754	harbor2	chr4	179372002	179373159	LTR/ERVL-MaLR	4725	-	578	179372580	80826
chr4	172198149	172398149	harbor2	chr4	172211633	172211986	LTR/ERVL-MaLR	1532	-	176	172211809	13660
chr4	172198149	172398149	harbor2	chr4	172280811	172280884	LTR/ERVL-MaLR	1861	-	36	172280847	82698
chr4	172198149	172398149	harbor2	chr4	172281186	172281413	LTR/ERVL-MaLR	1861	-	114	172281300	83151
chr4	172198149	172398149	harbor2	chr4	172281733	172281886	LTR/ERVL-MaLR	1861	-	76	172281809	83660
chr4	96488286	96688286	harbor2	chr4	96492548	96492907	LTR/ERVL-MaLR	2123	-	180	96492728	4442
chr4	96488286	96688286	harbor2	chr4	96502165	96502530	LTR/ERVL-MaLR	772	-	182	96502347	14061
chr4	96488286	96688286	harbor2	chr4	96518711	96519106	LTR/ERVL-MaLR	2023	-	198	96518909	30623
chr4	96488286	96688286	harbor2	chr4	96548089	96548456	LTR/ERVL-MaLR	1882	-	184	96548273	59987
chr4	140941023	141141023	harbor2	chr4	140993065	140993505	LTR/ERVL-MaLR	2031	-	220	140993285	52262
chr4	172661969	172861969	harbor2	chr4	172663413	172663646	LTR/ERVL-MaLR	978	-	116	172663529	1560
chr4	172661969	172861969	harbor2	chr4	172663952	172664398	LTR/ERVL-MaLR	978	-	223	172664175	2206
chr4	172661969	172861969	harbor2	chr4	172667352	172667663	LTR/ERVL-MaLR	940	-	156	172667508	5539
chr4	172661969	172861969	harbor2	chr4	172698921	172699278	LTR/ERVL-MaLR	2182	-	178	172699099	37130
chr4	172661969	172861969	harbor2	chr4	172722846	172723303	LTR/ERVL-MaLR	1851	-	228	172723074	61105
chr4	172661969	172861969	harbor2	chr4	172734420	172734758	LTR/ERVL-MaLR	2058	-	169	172734589	72620
chr4	180487785	180687785	harbor2	chr4	180532621	180532986	LTR/ERVL-MaLR	1721	-	182	180532803	45018
chr4	187685066	187885066	harbor2	chr4	187729749	187730079	LTR/ERVL-MaLR	1346	-	165	187729914	44848
chr4	187685066	187885066	harbor2	chr4	187730078	187730189	LTR/ERVL-MaLR	1398	-	56	187730134	45068
chr4	187685066	187885066	harbor2	chr4	187730616	187730822	LTR/ERVL-MaLR	1398	-	103	187730719	45653
chr4	187685066	187885066	harbor2	chr4	187751882	187752337	LTR/ERVL-MaLR	1049	-	228	187752110	67044
chr4	111182672	111382672	harbor2	chr4	111182256	111183774	LTR/ERVL-MaLR	9385	-	759	111183015	343
chr4	111182672	111382672	harbor2	chr4	111183781	111184135	LTR/ERVL-MaLR	1868	-	177	111183958	1286
chr4	111182672	111382672	harbor2	chr4	111198963	111199340	LTR/ERVL-MaLR	2250	-	188	111199151	16479
chr4	111182672	111382672	harbor2	chr4	111221446	111221647	LTR/ERVL-MaLR	836	-	100	111221546	38874
chr4	111182672	111382672	harbor2	chr4	111221693	111221825	LTR/ERVL-MaLR	520	-	66	111221759	39087
chr4	111182672	111382672	harbor2	chr4	111226688	111226928	LTR/ERVL-MaLR	1099	-	120	111226808	44136
chr4	111182672	111382672	harbor2	chr4	111227350	111227827	LTR/ERVL-MaLR	1516	-	238	111227588	44916
chr4	111182672	111382672	harbor2	chr4	111227833	111228007	LTR/ERVL-MaLR	841	-	87	111227920	45248
chr4	111182672	111382672	harbor2	chr4	111228008	111228361	LTR/ERVL-MaLR	2266	-	176	111228184	45512
chr4	111182672	111382672	harbor2	chr4	111228362	111228638	LTR/ERVL-MaLR	841	-	138	111228500	45828
chr4	111182672	111382672	harbor2	chr4	111236876	111237254	LTR/ERVL-MaLR	1578	-	189	111237065	54393
chr4	86720220	86920220	harbor2	chr4	86722755	86722956	LTR/ERVL-MaLR	464	-	100	86722855	2635
chr4	86720220	86920220	harbor2	chr4	86739280	86739612	LTR/ERVL-MaLR	2078	-	166	86739446	19226
chr4	86720220	86920220	harbor2	chr4	86739613	86741221	LTR/ERVL-MaLR	11697	-	804	86740417	20197
chr4	86720220	86920220	harbor2	chr4	86741222	86741564	LTR/ERVL-MaLR	2115	-	171	86741393	21173
chr4	86720220	86920220	harbor2	chr4	86777101	86777606	LTR/ERVL-MaLR	2322	-	252	86777353	57133
chr4	155739217	155939217	harbor2	chr4	155747211	155747508	LTR/ERVL-MaLR	488	-	148	155747359	8142
chr4	155739217	155939217	harbor2	chr4	155750107	155750463	LTR/ERVL-MaLR	1630	-	178	155750285	11068
chr4	155739217	155939217	harbor2	chr4	155750517	155750952	LTR/ERVL-MaLR	1998	-	218	155750735	11518
chr4	155739217	155939217	harbor2	chr4	155751590	155751954	LTR/ERVL-MaLR	2087	-	182	155751772	12555
chr4	155739217	155939217	harbor2	chr4	155788040	155788628	LTR/ERVL-MaLR	1870	-	294	155788334	49117
chr4	155739217	155939217	harbor2	chr4	155820416	155820784	LTR/ERVL-MaLR	782	-	184	155820600	81383
chr4	155739217	155939217	harbor2	chr4	155824390	155824731	LTR/ERVL-MaLR	2074	-	170	155824560	85343
chr4	130164162	130364162	harbor2	chr4	130183665	130184016	LTR/ERVL-MaLR	2015	-	176	130183841	19679
chr4	130164162	130364162	harbor2	chr4	130189953	130190089	LTR/ERVL-MaLR	946	-	68	130190021	25859
chr4	130164162	130364162	harbor2	chr4	130190506	130190733	LTR/ERVL-MaLR	1330	-	114	130190620	26458
chr4	130164162	130364162	harbor2	chr4	130190734	130192322	LTR/ERVL-MaLR	9412	-	794	130191528	27366
chr4	130164162	130364162	harbor2	chr4	130192323	130192684	LTR/ERVL-MaLR	1977	-	180	130192503	28341
chr4	176514013	176714013	harbor2	chr4	176545710	176546238	LTR/ERVL-MaLR	1178	-	264	176545974	31961
chr4	176514013	176714013	harbor2	chr4	176588392	176588750	LTR/ERVL-MaLR	2015	-	179	176588571	74558
chr4	173641364	173841364	harbor2	chr4	173647461	173647556	LTR/ERVL-MaLR	432	-	48	173647509	6145
chr4	173641364	173841364	harbor2	chr4	173647609	173647899	LTR/ERVL-MaLR	712	-	145	173647754	6390
chr4	173641364	173841364	harbor2	chr4	173648122	173648323	LTR/ERVL-MaLR	497	-	100	173648222	6858
chr4	173641364	173841364	harbor2	chr4	173676457	173676945	LTR/ERVL-MaLR	1717	-	244	173676701	35337
chr4	173641364	173841364	harbor2	chr4	173691982	173692348	LTR/ERVL-MaLR	2116	-	183	173692165	50801
chr4	190103240	190303240	harbor2	chr4	190113875	190114319	LTR/ERVL-MaLR	1769	-	222	190114097	10857
chr4	190103240	190303240	harbor2	chr4	190187415	190187828	LTR/ERVL-MaLR	601	-	206	190187621	84381
chr4	190103240	190303240	harbor2	chr4	190191604	190192047	LTR/ERVL-MaLR	1779	-	222	190191826	88586
chr4	135085562	135285562	harbor2	chr4	135103054	135103554	LTR/ERVL-MaLR	1422	-	250	135103304	17742
chr4	135085562	135285562	harbor2	chr4	135103590	135104710	LTR/ERVL-MaLR	1644	-	560	135104150	18588
chr4	135085562	135285562	harbor2	chr4	135123976	135124415	LTR/ERVL-MaLR	853	-	220	135124196	38634
chr4	124573540	124773540	harbor2	chr4	124580812	124581186	LTR/ERVL-MaLR	1941	-	187	124580999	7459
chr4	124573540	124773540	harbor2	chr4	124581227	124582695	LTR/ERVL-MaLR	10043	-	734	124581961	8421
chr4	124573540	124773540	harbor2	chr4	124582696	124582838	LTR/ERVL-MaLR	765	-	71	124582767	9227
chr4	124573540	124773540	harbor2	chr4	124589606	124589863	LTR/ERVL-MaLR	1415	-	128	124589734	16194
chr4	124573540	124773540	harbor2	chr4	124604781	124604837	LTR/ERVL-MaLR	936	-	28	124604809	31269
chr4	124573540	124773540	harbor2	chr4	124604913	124605248	LTR/ERVL-MaLR	936	-	168	124605081	31541
chr4	124573540	124773540	harbor2	chr4	124607862	124608325	LTR/ERVL-MaLR	1203	-	232	124608094	34554
chr4	124573540	124773540	harbor2	chr4	124622181	124622557	LTR/ERVL-MaLR	1551	-	188	124622369	48829
chr4	124573540	124773540	harbor2	chr4	124622558	124624246	LTR/ERVL-MaLR	6359	-	844	124623402	49862
chr4	124573540	124773540	harbor2	chr4	124624249	124624631	LTR/ERVL-MaLR	1426	-	191	124624440	50900
chr4	83076091	83276091	harbor2	chr4	83123145	83123363	LTR/ERVL-MaLR	710	-	109	83123254	47163
chr4	83076091	83276091	harbor2	chr4	83134452	83134810	LTR/ERVL-MaLR	2353	-	179	83134631	58540
chr4	83076091	83276091	harbor2	chr4	83134815	83136404	LTR/ERVL-MaLR	11992	-	794	83135609	59518
chr4	83076091	83276091	harbor2	chr4	83136405	83136764	LTR/ERVL-MaLR	2154	-	180	83136585	60494
chr4	83076091	83276091	harbor2	chr4	83159226	83159611	LTR/ERVL-MaLR	2358	-	192	83159418	83327
chr4	83076091	83276091	harbor2	chr4	83159849	83159914	LTR/ERVL-MaLR	2458	-	32	83159881	83790
chr4	83076091	83276091	harbor2	chr4	83160220	83160535	LTR/ERVL-MaLR	2458	-	158	83160378	84287
chr4	101491315	101691315	harbor2	chr4	101501655	101502032	LTR/ERVL-MaLR	1596	-	188	101501843	10528
chr4	101491315	101691315	harbor2	chr4	101503150	101503511	LTR/ERVL-MaLR	1889	-	180	101503330	12015
chr4	101491315	101691315	harbor2	chr4	101526371	101526721	LTR/ERVL-MaLR	1391	-	175	101526546	35231
chr4	101491315	101691315	harbor2	chr4	101545725	101546203	LTR/ERVL-MaLR	2050	-	239	101545964	54649
chr4	101491315	101691315	harbor2	chr4	101556822	101557192	LTR/ERVL-MaLR	2156	-	185	101557007	65692
chr4	189859474	190059474	harbor2	chr4	189887331	189887691	LTR/ERVL-MaLR	2191	-	180	189887511	28037
chr4	189859474	190059474	harbor2	chr4	189887692	189889211	LTR/ERVL-MaLR	9850	-	760	189888452	28978
chr4	189859474	190059474	harbor2	chr4	189889212	189889588	LTR/ERVL-MaLR	2741	-	188	189889400	29926
chr4	189859474	190059474	harbor2	chr4	189932218	189932360	LTR/ERVL-MaLR	822	-	71	189932289	72815
chr4	189859474	190059474	harbor2	chr4	189932361	189932509	LTR/ERVL-MaLR	777	-	74	189932435	72961
chr4	78043274	78243274	harbor2	chr4	78079451	78079649	LTR/ERVL-MaLR	446	-	99	78079550	36276
chr4	78043274	78243274	harbor2	chr4	78092290	78092657	LTR/ERVL-MaLR	2241	-	184	78092474	49200
chr4	78043274	78243274	harbor2	chr4	78095505	78095866	LTR/ERVL-MaLR	2013	-	180	78095685	52411
chr4	78043274	78243274	harbor2	chr4	78095867	78097424	LTR/ERVL-MaLR	11799	-	778	78096645	53371
chr4	78043274	78243274	harbor2	chr4	78097425	78097786	LTR/ERVL-MaLR	2015	-	180	78097605	54331
chr4	73048892	73248892	harbor2	chr4	73051663	73052066	LTR/ERVL-MaLR	2082	-	202	73051865	2973
chr4	185070158	185270158	harbor2	chr4	185113956	185114360	LTR/ERVL-MaLR	2470	-	202	185114158	44000
chr4	185070158	185270158	harbor2	chr4	185148009	185148363	LTR/ERVL-MaLR	1816	-	177	185148186	78028
chr4	156528381	156728381	harbor2	chr4	156529186	156529522	LTR/ERVL-MaLR	1511	-	168	156529354	973
chr4	156528381	156728381	harbor2	chr4	156550836	156550958	LTR/ERVL-MaLR	588	-	61	156550897	22516
chr4	156528381	156728381	harbor2	chr4	156560777	156561136	LTR/ERVL-MaLR	1614	-	180	156560957	32576
chr4	156528381	156728381	harbor2	chr4	156617376	156617920	LTR/ERVL-MaLR	844	-	272	156617648	89267
chr4	156528381	156728381	harbor2	chr4	156627039	156627401	LTR/ERVL-MaLR	483	-	181	156627220	98839
chr4	156528381	156728381	harbor2	chr4	156628128	156628484	LTR/ERVL-MaLR	2122	-	178	156628306	99925
chr4	175451337	175651337	harbor2	chr4	175481749	175482185	LTR/ERVL-MaLR	1329	-	218	175481967	30630
chr4	175451337	175651337	harbor2	chr4	175508048	175508240	LTR/ERVL-MaLR	608	-	96	175508144	56807
chr4	175451337	175651337	harbor2	chr4	175532230	175532593	LTR/ERVL-MaLR	1821	-	182	175532412	81075
chr4	175451337	175651337	harbor2	chr4	175536027	175536125	LTR/ERVL-MaLR	627	-	49	175536076	84739
chr4	178715824	178915824	harbor2	chr4	178765211	178765561	LTR/ERVL-MaLR	1247	-	175	178765386	49562
chr4	178715824	178915824	harbor2	chr4	178774804	178775277	LTR/ERVL-MaLR	1168	-	236	178775040	59216
chr4	178715824	178915824	harbor2	chr4	178806190	178806543	LTR/ERVL-MaLR	1112	-	176	178806366	90542
chr4	147697520	147897520	harbor2	chr4	147710789	147711039	LTR/ERVL-MaLR	1396	-	125	147710914	13394
chr4	147697520	147897520	harbor2	chr4	147720020	147720176	LTR/ERVL-MaLR	494	-	78	147720098	22578
chr4	147697520	147897520	harbor2	chr4	147770786	147771078	LTR/ERVL-MaLR	1840	-	146	147770932	73412
chr4	147697520	147897520	harbor2	chr4	147790020	147790390	LTR/ERVL-MaLR	1767	-	185	147790205	92685
chr4	147060843	147260843	harbor2	chr4	147127669	147128032	LTR/ERVL-MaLR	2467	-	182	147127851	67008
chr4	147060843	147260843	harbor2	chr4	147133530	147133677	LTR/ERVL-MaLR	777	-	74	147133604	72761
chr4	147060843	147260843	harbor2	chr4	147140297	147140738	LTR/ERVL-MaLR	2144	-	220	147140517	79674
chr5	169371166	169571166	harbor2	chr5	169420735	169421058	LTR/ERVL-MaLR	877	-	162	169420897	49731
chr5	169371166	169571166	harbor2	chr5	169466317	169466709	LTR/ERVL-MaLR	967	-	196	169466513	95347
chr5	169371166	169571166	harbor2	chr5	169426694	169427116	LTR/ERVL-MaLR	2322	-	211	169426905	55739
chr5	169371166	169571166	harbor2	chr5	169459444	169459890	LTR/ERVL-MaLR	1904	-	223	169459667	88501
chr5	124439845	124639845	harbor2	chr5	124442169	124442527	LTR/ERVL-MaLR	2051	-	179	124442348	2503
chr5	124439845	124639845	harbor2	chr5	124453665	124454022	LTR/ERVL-MaLR	1137	-	178	124453843	13998
chr5	124439845	124639845	harbor2	chr5	124472633	124473162	LTR/ERVL-MaLR	1551	-	264	124472897	33052
chr5	124439845	124639845	harbor2	chr5	124488155	124488508	LTR/ERVL-MaLR	2689	-	176	124488331	48486
chr5	124439845	124639845	harbor2	chr5	124488509	124490089	LTR/ERVL-MaLR	11370	-	790	124489299	49454
chr5	124439845	124639845	harbor2	chr5	124490090	124490444	LTR/ERVL-MaLR	2758	-	177	124490267	50422
chr5	124439845	124639845	harbor2	chr5	124492965	124493418	LTR/ERVL-MaLR	486	-	226	124493191	53346
chr5	124439845	124639845	harbor2	chr5	124509883	124510199	LTR/ERVL-MaLR	690	-	158	124510041	70196
chr5	124439845	124639845	harbor2	chr5	124510399	124510532	LTR/ERVL-MaLR	400	-	66	124510465	70620
chr5	124439845	124639845	harbor2	chr5	124532534	124532986	LTR/ERVL-MaLR	1156	-	226	124532760	92915
chr5	124439845	124639845	harbor2	chr5	124533689	124534173	LTR/ERVL-MaLR	1859	-	242	124533931	94086
chr5	177328908	177528908	harbor2	chr5	177355707	177356068	LTR/ERVL-MaLR	872	-	180	177355887	26979
chr5	177328908	177528908	harbor2	chr5	177410252	177410294	LTR/ERVL-MaLR	952	-	21	177410273	81365
chr5	177328908	177528908	harbor2	chr5	177410599	177410761	LTR/ERVL-MaLR	952	-	81	177410680	81772
chr5	177328908	177528908	harbor2	chr5	177413847	177414340	LTR/ERVL-MaLR	1154	-	246	177414093	85185
chr5	177328908	177528908	harbor2	chr5	177418974	177419319	LTR/ERVL-MaLR	1234	-	172	177419146	90238
chr5	177328908	177528908	harbor2	chr5	177421044	177421645	LTR/ERVL-MaLR	1694	-	300	177421344	92436
chr5	165170376	165370376	harbor2	chr5	165185909	165186100	LTR/ERVL-MaLR	396	-	96	165186005	15629
chr5	165170376	165370376	harbor2	chr5	165207496	165207716	LTR/ERVL-MaLR	570	-	110	165207606	37230
chr5	165170376	165370376	harbor2	chr5	165214557	165214960	LTR/ERVL-MaLR	1317	-	202	165214759	44383
chr5	165170376	165370376	harbor2	chr5	165222061	165222129	LTR/ERVL-MaLR	488	-	34	165222095	51719
chr5	165170376	165370376	harbor2	chr5	165233677	165234039	LTR/ERVL-MaLR	2124	-	181	165233858	63482
chr5	165170376	165370376	harbor2	chr5	165244191	165244327	LTR/ERVL-MaLR	424	-	68	165244259	73883
chr5	165170376	165370376	harbor2	chr5	165244374	165244444	LTR/ERVL-MaLR	424	-	35	165244409	74033
chr5	165170376	165370376	harbor2	chr5	165244558	165244726	LTR/ERVL-MaLR	939	-	84	165244642	74266
chr5	168449915	168649915	harbor2	chr5	168457946	168458152	LTR/ERVL-MaLR	467	-	103	168458049	8134
chr5	168449915	168649915	harbor2	chr5	168463098	168463517	LTR/ERVL-MaLR	1328	-	210	168463308	13393
chr5	168449915	168649915	harbor2	chr5	168463654	168464086	LTR/ERVL-MaLR	1426	-	216	168463870	13955
chr5	168449915	168649915	harbor2	chr5	168478188	168478367	LTR/ERVL-MaLR	1594	-	90	168478278	28363
chr5	168449915	168649915	harbor2	chr5	168478671	168478790	LTR/ERVL-MaLR	1594	-	60	168478731	28816
chr5	168449915	168649915	harbor2	chr5	168497533	168497661	LTR/ERVL-MaLR	739	-	64	168497597	47682
chr5	168449915	168649915	harbor2	chr5	168511244	168511524	LTR/ERVL-MaLR	1567	-	140	168511384	61469
chr5	168449915	168649915	harbor2	chr5	168533479	168533879	LTR/ERVL-MaLR	1350	-	200	168533679	83764
chr5	168449915	168649915	harbor2	chr5	168538702	168539026	LTR/ERVL-MaLR	777	-	162	168538864	88949
chr5	168449915	168649915	harbor2	chr5	168539027	168539448	LTR/ERVL-MaLR	827	-	210	168539237	89322
chr5	148136332	148336332	harbor2	chr5	148146231	148146685	LTR/ERVL-MaLR	1314	-	227	148146458	10126
chr5	148136332	148336332	harbor2	chr5	148152874	148153247	LTR/ERVL-MaLR	1469	-	186	148153060	16728
chr5	148136332	148336332	harbor2	chr5	148153886	148153953	LTR/ERVL-MaLR	473	-	34	148153920	17588
chr5	148136332	148336332	harbor2	chr5	148162738	148163119	LTR/ERVL-MaLR	1809	-	190	148162928	26596
chr5	148136332	148336332	harbor2	chr5	148163120	148163943	LTR/ERVL-MaLR	4663	-	412	148163532	27200
chr5	148136332	148336332	harbor2	chr5	148160202	148160573	LTR/ERVL-MaLR	1822	-	186	148160388	24056
chr5	181364939	181564939	harbor2	chr5	181404190	181404208	LTR/ERVL-MaLR	2117	-	9	181404199	39260
chr5	181364939	181564939	harbor2	chr5	181404257	181404507	LTR/ERVL-MaLR	2117	-	125	181404382	39443
chr5	181364939	181564939	harbor2	chr5	181404800	181404948	LTR/ERVL-MaLR	2117	-	74	181404874	39935
chr5	181364939	181564939	harbor2	chr5	181410490	181410647	LTR/ERVL-MaLR	658	-	78	181410568	45629
chr5	181364939	181564939	harbor2	chr5	181421770	181421833	LTR/ERVL-MaLR	571	-	32	181421802	56863
chr5	181364939	181564939	harbor2	chr5	181422144	181422193	LTR/ERVL-MaLR	571	-	24	181422168	57229
chr5	181364939	181564939	harbor2	chr5	181427726	181428182	LTR/ERVL-MaLR	1777	-	228	181427954	63015
chr5	181364939	181564939	harbor2	chr5	181431818	181431988	LTR/ERVL-MaLR	569	-	85	181431903	66964
chr5	181364939	181564939	harbor2	chr5	181463858	181464339	LTR/ERVL-MaLR	492	-	240	181464098	99159
chr5	147475542	147675542	harbor2	chr5	147482736	147483101	LTR/ERVL-MaLR	2222	-	182	147482918	7376
chr5	147475542	147675542	harbor2	chr5	147501973	147502298	LTR/ERVL-MaLR	1516	-	162	147502135	26593
chr5	45600664	45800664	harbor2	chr5	45617245	45617557	LTR/ERVL-MaLR	557	-	156	45617401	16737
chr5	15948365	16148365	harbor2	chr5	15949967	15950343	LTR/ERVL-MaLR	2800	-	188	15950155	1790
chr5	15948365	16148365	harbor2	chr5	15951727	15951950	LTR/ERVL-MaLR	905	-	112	15951839	3474
chr5	15948365	16148365	harbor2	chr5	15951938	15952169	LTR/ERVL-MaLR	648	-	116	15952054	3689
chr5	15948365	16148365	harbor2	chr5	15983487	15983826	LTR/ERVL-MaLR	1730	-	170	15983657	35292
chr5	15948365	16148365	harbor2	chr5	16000934	16001099	LTR/ERVL-MaLR	542	-	82	16001016	52651
chr5	15948365	16148365	harbor2	chr5	16020601	16020905	LTR/ERVL-MaLR	410	-	152	16020753	72388
chr5	15948365	16148365	harbor2	chr5	16020906	16021392	LTR/ERVL-MaLR	1407	-	243	16021149	72784
chr5	15948365	16148365	harbor2	chr5	16030322	16030684	LTR/ERVL-MaLR	2205	-	181	16030503	82138
chr5	15948365	16148365	harbor2	chr5	15957799	15958183	LTR/ERVL-MaLR	1852	-	192	15957991	9626
chr5	163108959	163308959	harbor2	chr5	163185524	163185766	LTR/ERVL-MaLR	632	-	121	163185645	76686
chr5	112464181	112664181	harbor2	chr5	112469105	112469600	LTR/ERVL-MaLR	1827	-	248	112469353	5172
chr5	112464181	112664181	harbor2	chr5	112480210	112480635	LTR/ERVL-MaLR	438	-	212	112480422	16241
chr5	112464181	112664181	harbor2	chr5	112483599	112484124	LTR/ERVL-MaLR	864	-	262	112483861	19680
chr5	112464181	112664181	harbor2	chr5	112500758	112501018	LTR/ERVL-MaLR	926	-	130	112500888	36707
chr5	113429064	113629064	harbor2	chr5	113431246	113431418	LTR/ERVL-MaLR	777	-	86	113431332	2268
chr5	113429064	113629064	harbor2	chr5	113431398	113431552	LTR/ERVL-MaLR	789	-	77	113431475	2411
chr5	113429064	113629064	harbor2	chr5	113451804	113452305	LTR/ERVL-MaLR	669	-	250	113452054	22990
chr5	113429064	113629064	harbor2	chr5	113452668	113452687	LTR/ERVL-MaLR	662	-	10	113452678	23614
chr5	113429064	113629064	harbor2	chr5	113494735	113495101	LTR/ERVL-MaLR	1633	-	183	113494918	65854
chr5	113429064	113629064	harbor2	chr5	113495511	113496039	LTR/ERVL-MaLR	1335	-	264	113495775	66711
chr5	113429064	113629064	harbor2	chr5	113512090	113512116	LTR/ERVL-MaLR	1058	-	13	113512103	83039
chr5	113429064	113629064	harbor2	chr5	113512117	113512617	LTR/ERVL-MaLR	1100	-	250	113512367	83303
chr5	113429064	113629064	harbor2	chr5	113512618	113512953	LTR/ERVL-MaLR	1058	-	168	113512786	83722
chr5	113429064	113629064	harbor2	chr5	113512957	113513252	LTR/ERVL-MaLR	1040	-	148	113513105	84041
chr5	113429064	113629064	harbor2	chr5	113519611	113519697	LTR/ERVL-MaLR	472	-	43	113519654	90590
chr5	128746720	128946720	harbor2	chr5	128754691	128754766	LTR/ERVL-MaLR	421	-	38	128754729	8009
chr5	128746720	128946720	harbor2	chr5	128754757	128754860	LTR/ERVL-MaLR	494	-	52	128754809	8089
chr5	128746720	128946720	harbor2	chr5	128756593	128756974	LTR/ERVL-MaLR	1455	-	190	128756783	10063
chr5	128746720	128946720	harbor2	chr5	128787097	128787450	LTR/ERVL-MaLR	2556	-	176	128787273	40553
chr5	128746720	128946720	harbor2	chr5	128797387	128797634	LTR/ERVL-MaLR	1045	-	124	128797511	50791
chr5	159305169	159505169	harbor2	chr5	159391085	159391448	LTR/ERVL-MaLR	2512	-	182	159391267	86098
chr5	159305169	159505169	harbor2	chr5	159402863	159403128	LTR/ERVL-MaLR	499	-	132	159402995	97826
chr5	168340798	168540798	harbor2	chr5	168387495	168387833	LTR/ERVL-MaLR	1249	-	169	168387664	46866
chr5	168340798	168540798	harbor2	chr5	168411421	168411989	LTR/ERVL-MaLR	1509	-	284	168411705	70907
chr5	168340798	168540798	harbor2	chr5	168420154	168420527	LTR/ERVL-MaLR	2041	-	186	168420340	79542
chr5	168340798	168540798	harbor2	chr5	168420997	168421169	LTR/ERVL-MaLR	585	-	86	168421083	80285
chr5	175697009	175897009	harbor2	chr5	175701296	175701811	LTR/ERVL-MaLR	1065	-	258	175701554	4545
chr5	175697009	175897009	harbor2	chr5	175725609	175725965	LTR/ERVL-MaLR	2643	-	178	175725787	28778
chr5	175697009	175897009	harbor2	chr5	175727489	175727985	LTR/ERVL-MaLR	1600	-	248	175727737	30728
chr5	175697009	175897009	harbor2	chr5	175732054	175732448	LTR/ERVL-MaLR	997	-	197	175732251	35242
chr5	175697009	175897009	harbor2	chr5	175733353	175733805	LTR/ERVL-MaLR	1998	-	226	175733579	36570
chr5	175697009	175897009	harbor2	chr5	175743077	175743490	LTR/ERVL-MaLR	2410	-	206	175743283	46274
chr5	175697009	175897009	harbor2	chr5	175765850	175766237	LTR/ERVL-MaLR	2343	-	194	175766044	69035
chr5	175697009	175897009	harbor2	chr5	175766238	175767318	LTR/ERVL-MaLR	10769	-	540	175766778	69769
chr5	175697009	175897009	harbor2	chr5	175767627	175768168	LTR/ERVL-MaLR	10769	-	270	175767897	70888
chr5	175697009	175897009	harbor2	chr5	175768169	175768571	LTR/ERVL-MaLR	2431	-	201	175768370	71361
chr5	175697009	175897009	harbor2	chr5	175779481	175779698	LTR/ERVL-MaLR	985	-	108	175779589	82580
chr5	175697009	175897009	harbor2	chr5	175780122	175780468	LTR/ERVL-MaLR	985	-	173	175780295	83286
chr5	175697009	175897009	harbor2	chr5	175781074	175781424	LTR/ERVL-MaLR	664	-	175	175781249	84240
chr5	175697009	175897009	harbor2	chr5	175785007	175785166	LTR/ERVL-MaLR	411	-	80	175785087	88078
chr5	106859988	107059988	harbor2	chr5	106912249	106912540	LTR/ERVL-MaLR	1422	-	146	106912395	52407
chr5	106859988	107059988	harbor2	chr5	106912524	106912618	LTR/ERVL-MaLR	485	-	47	106912571	52583
chr5	106859988	107059988	harbor2	chr5	106920943	106921316	LTR/ERVL-MaLR	1370	-	186	106921129	61141
chr5	106859988	107059988	harbor2	chr5	106946835	106947193	LTR/ERVL-MaLR	739	-	179	106947014	87026
chr5	106859988	107059988	harbor2	chr5	106959227	106959682	LTR/ERVL-MaLR	671	-	228	106959455	99467
chr5	133577924	133777924	harbor2	chr5	133590724	133591069	LTR/ERVL-MaLR	1456	-	172	133590896	12972
chr5	133577924	133777924	harbor2	chr5	133627187	133627544	LTR/ERVL-MaLR	2061	-	178	133627365	49441
chr5	133577924	133777924	harbor2	chr5	133649871	133650300	LTR/ERVL-MaLR	2816	-	214	133650085	72161
chr5	107786803	107986803	harbor2	chr5	107789907	107790098	LTR/ERVL-MaLR	477	-	96	107790003	3200
chr5	107786803	107986803	harbor2	chr5	107795625	107796041	LTR/ERVL-MaLR	2543	-	208	107795833	9030
chr5	107786803	107986803	harbor2	chr5	107804644	107804996	LTR/ERVL-MaLR	1598	-	176	107804820	18017
chr5	107786803	107986803	harbor2	chr5	107805110	107805172	LTR/ERVL-MaLR	389	-	31	107805141	18338
chr5	107786803	107986803	harbor2	chr5	107805173	107805584	LTR/ERVL-MaLR	2246	-	206	107805379	18576
chr5	107786803	107986803	harbor2	chr5	107805585	107805647	LTR/ERVL-MaLR	389	-	31	107805616	18813
chr5	113847054	114047054	harbor2	chr5	113850728	113851140	LTR/ERVL-MaLR	2235	-	206	113850934	3880
chr5	113847054	114047054	harbor2	chr5	113886748	113887083	LTR/ERVL-MaLR	711	-	168	113886916	39862
chr5	113847054	114047054	harbor2	chr5	113917144	113917356	LTR/ERVL-MaLR	1567	-	106	113917250	70196
chr5	113847054	114047054	harbor2	chr5	113917631	113917804	LTR/ERVL-MaLR	1567	-	86	113917717	70663
chr5	174832574	175032574	harbor2	chr5	174832836	174833209	LTR/ERVL-MaLR	901	-	186	174833022	448
chr5	174832574	175032574	harbor2	chr5	174839295	174839527	LTR/ERVL-MaLR	638	-	116	174839411	6837
chr5	174832574	175032574	harbor2	chr5	174839865	174839958	LTR/ERVL-MaLR	638	-	46	174839911	7337
chr5	174832574	175032574	harbor2	chr5	174852234	174852760	LTR/ERVL-MaLR	885	-	263	174852497	19923
chr5	174832574	175032574	harbor2	chr5	174853034	174853155	LTR/ERVL-MaLR	618	-	60	174853094	20520
chr5	174832574	175032574	harbor2	chr5	174856406	174856833	LTR/ERVL-MaLR	2285	-	214	174856620	24046
chr5	174832574	175032574	harbor2	chr5	174932144	174932315	LTR/ERVL-MaLR	394	-	86	174932230	99656
chr5	174832574	175032574	harbor2	chr5	174932472	174932631	LTR/ERVL-MaLR	872	-	80	174932552	99978
chr5	168176684	168376684	harbor2	chr5	168188897	168189261	LTR/ERVL-MaLR	2055	-	182	168189079	12395
chr5	168176684	168376684	harbor2	chr5	168233680	168234035	LTR/ERVL-MaLR	2857	-	178	168233858	57174
chr5	168176684	168376684	harbor2	chr5	168241813	168242205	LTR/ERVL-MaLR	604	-	196	168242009	65325
chr5	168176684	168376684	harbor2	chr5	168270890	168271121	LTR/ERVL-MaLR	393	-	116	168271006	94322
chr5	168176684	168376684	harbor2	chr5	168273858	168274229	LTR/ERVL-MaLR	1583	-	186	168274044	97360
chr5	145814051	146014051	harbor2	chr5	145841427	145841712	LTR/ERVL-MaLR	1534	-	142	145841569	27518
chr5	145814051	146014051	harbor2	chr5	145842097	145842209	LTR/ERVL-MaLR	1534	-	56	145842153	28102
chr5	145814051	146014051	harbor2	chr5	145852853	145853419	LTR/ERVL-MaLR	2808	-	283	145853136	39085
chr5	145814051	146014051	harbor2	chr5	145904693	145905128	LTR/ERVL-MaLR	836	-	218	145904911	90860
chr5	150016885	150216885	harbor2	chr5	150035135	150035502	LTR/ERVL-MaLR	1875	-	184	150035319	18434
chr5	150016885	150216885	harbor2	chr5	150092453	150092809	LTR/ERVL-MaLR	2454	-	178	150092631	75746
chr5	179633500	179833500	harbor2	chr5	179655478	179655721	LTR/ERVL-MaLR	435	-	122	179655600	22100
chr5	172848887	173048887	harbor2	chr5	172936196	172936570	LTR/ERVL-MaLR	707	-	187	172936383	87496
chr5	38951439	39151439	harbor2	chr5	38979544	38979765	LTR/ERVL-MaLR	915	-	110	38979654	28215
chr5	38951439	39151439	harbor2	chr5	39007153	39007526	LTR/ERVL-MaLR	1895	-	186	39007339	55900
chr5	38951439	39151439	harbor2	chr5	39025511	39025871	LTR/ERVL-MaLR	1542	-	180	39025691	74252
chr5	152353164	152553164	harbor2	chr5	152374823	152375072	LTR/ERVL-MaLR	556	-	124	152374947	21783
chr5	152353164	152553164	harbor2	chr5	152379981	152380323	LTR/ERVL-MaLR	979	-	171	152380152	26988
chr5	152353164	152553164	harbor2	chr5	152380629	152380772	LTR/ERVL-MaLR	979	-	72	152380701	27537
chr5	152353164	152553164	harbor2	chr5	152406766	152407160	LTR/ERVL-MaLR	843	-	197	152406963	53799
chr5	152353164	152553164	harbor2	chr5	152411054	152411237	LTR/ERVL-MaLR	555	-	92	152411146	57982
chr5	152353164	152553164	harbor2	chr5	152411259	152411423	LTR/ERVL-MaLR	594	-	82	152411341	58177
chr5	176964090	177164090	harbor2	chr5	177036009	177036109	LTR/ERVL-MaLR	527	-	50	177036059	71969
chr5	176964090	177164090	harbor2	chr5	177036210	177036325	LTR/ERVL-MaLR	446	-	58	177036268	72178
chr5	155158380	155358380	harbor2	chr5	155165200	155165347	LTR/ERVL-MaLR	443	-	74	155165274	6894
chr5	155158380	155358380	harbor2	chr5	155165648	155166113	LTR/ERVL-MaLR	870	-	232	155165880	7500
chr5	155158380	155358380	harbor2	chr5	155191483	155191856	LTR/ERVL-MaLR	1769	-	186	155191669	33289
chr5	155158380	155358380	harbor2	chr5	155195415	155195576	LTR/ERVL-MaLR	495	-	80	155195495	37115
chr5	155158380	155358380	harbor2	chr5	155244105	155244482	LTR/ERVL-MaLR	2630	-	188	155244293	85913
chr5	155158380	155358380	harbor2	chr5	155255903	155256337	LTR/ERVL-MaLR	1801	-	217	155256120	97740
chr5	149157560	149357560	harbor2	chr5	149163402	149163761	LTR/ERVL-MaLR	2273	-	180	149163582	6022
chr5	149157560	149357560	harbor2	chr5	149169175	149169706	LTR/ERVL-MaLR	920	-	266	149169441	11881
chr5	149157560	149357560	harbor2	chr5	149170413	149170608	LTR/ERVL-MaLR	557	-	98	149170511	12951
chr5	149157560	149357560	harbor2	chr5	149181798	149182128	LTR/ERVL-MaLR	870	-	165	149181963	24403
chr5	149157560	149357560	harbor2	chr5	149185109	149185579	LTR/ERVL-MaLR	933	-	235	149185344	27784
chr5	149157560	149357560	harbor2	chr5	149188587	149188807	LTR/ERVL-MaLR	887	-	110	149188697	31137
chr5	149157560	149357560	harbor2	chr5	149208156	149208350	LTR/ERVL-MaLR	1557	-	97	149208253	50693
chr5	149157560	149357560	harbor2	chr5	149208444	149208795	LTR/ERVL-MaLR	1557	-	176	149208620	51060
chr5	149157560	149357560	harbor2	chr5	149214246	149214652	LTR/ERVL-MaLR	884	-	203	149214449	56889
chr5	149157560	149357560	harbor2	chr5	149218107	149218452	LTR/ERVL-MaLR	1625	-	172	149218279	60719
chr5	149157560	149357560	harbor2	chr5	149246587	149246824	LTR/ERVL-MaLR	640	-	118	149246705	89145
chr5	149157560	149357560	harbor2	chr5	149253836	149254188	LTR/ERVL-MaLR	2349	-	176	149254012	96452
chr5	120300361	120500361	harbor2	chr5	120315920	120316272	LTR/ERVL-MaLR	2106	-	176	120316096	15735
chr5	120300361	120500361	harbor2	chr5	120322388	120322665	LTR/ERVL-MaLR	611	-	138	120322526	22165
chr5	120300361	120500361	harbor2	chr5	120376943	120377328	LTR/ERVL-MaLR	2127	-	192	120377135	76774
chr5	120300361	120500361	harbor2	chr5	120386931	120387288	LTR/ERVL-MaLR	1774	-	178	120387109	86748
chr5	120300361	120500361	harbor2	chr5	120387314	120387542	LTR/ERVL-MaLR	1056	-	114	120387428	87067
chr5	120300361	120500361	harbor2	chr5	120389777	120390132	LTR/ERVL-MaLR	1695	-	178	120389955	89594
chr5	120300361	120500361	harbor2	chr5	120395137	120395495	LTR/ERVL-MaLR	2504	-	179	120395316	94955
chr5	173411990	173611990	harbor2	chr5	173412103	173412357	LTR/ERVL-MaLR	472	-	127	173412230	240
chr5	173411990	173611990	harbor2	chr5	173413685	173413870	LTR/ERVL-MaLR	561	-	92	173413777	1787
chr5	173411990	173611990	harbor2	chr5	173421584	173421961	LTR/ERVL-MaLR	1707	-	188	173421772	9782
chr5	173411990	173611990	harbor2	chr5	173425072	173425464	LTR/ERVL-MaLR	2125	-	196	173425268	13278
chr5	173411990	173611990	harbor2	chr5	173428119	173428502	LTR/ERVL-MaLR	2308	-	192	173428311	16321
chr5	173411990	173611990	harbor2	chr5	173434417	173434745	LTR/ERVL-MaLR	445	-	164	173434581	22591
chr5	173411990	173611990	harbor2	chr5	173439336	173439758	LTR/ERVL-MaLR	2922	-	211	173439547	27557
chr5	173411990	173611990	harbor2	chr5	173447194	173447527	LTR/ERVL-MaLR	1242	-	166	173447360	35370
chr5	173411990	173611990	harbor2	chr5	173452629	173452843	LTR/ERVL-MaLR	609	-	107	173452736	40746
chr5	173411990	173611990	harbor2	chr5	173459966	173460139	LTR/ERVL-MaLR	556	-	86	173460052	48062
chr5	173411990	173611990	harbor2	chr5	173460355	173460689	LTR/ERVL-MaLR	949	-	167	173460522	48532
chr5	173411990	173611990	harbor2	chr5	173492229	173492646	LTR/ERVL-MaLR	1901	-	208	173492437	80447
chr5	173411990	173611990	harbor2	chr5	173493912	173494288	LTR/ERVL-MaLR	1540	-	188	173494100	82110
chr5	173411990	173611990	harbor2	chr5	173494505	173494823	LTR/ERVL-MaLR	1149	-	159	173494664	82674
chr5	173411990	173611990	harbor2	chr5	173490137	173490482	LTR/ERVL-MaLR	2089	-	172	173490309	78319
chr5	89493842	89693842	harbor2	chr5	89521400	89521722	LTR/ERVL-MaLR	1176	-	161	89521561	27719
chr5	89493842	89693842	harbor2	chr5	89521723	89522085	LTR/ERVL-MaLR	2369	-	181	89521904	28062
chr5	89493842	89693842	harbor2	chr5	89523890	89524055	LTR/ERVL-MaLR	1035	-	82	89523972	30130
chr5	89493842	89693842	harbor2	chr5	89524053	89524827	LTR/ERVL-MaLR	5702	-	387	89524440	30598
chr5	89493842	89693842	harbor2	chr5	89524829	89525197	LTR/ERVL-MaLR	2184	-	184	89525013	31171
chr5	89493842	89693842	harbor2	chr5	89530559	89530934	LTR/ERVL-MaLR	554	-	188	89530747	36905
chr5	89493842	89693842	harbor2	chr5	89534043	89534615	LTR/ERVL-MaLR	2010	-	286	89534329	40487
chr5	89493842	89693842	harbor2	chr5	89556982	89557353	LTR/ERVL-MaLR	1177	-	186	89557168	63326
chr5	89493842	89693842	harbor2	chr5	89562983	89563347	LTR/ERVL-MaLR	1447	-	182	89563165	69323
chr5	89493842	89693842	harbor2	chr5	89583578	89583958	LTR/ERVL-MaLR	1782	-	190	89583768	89926
chr5	89493842	89693842	harbor2	chr5	89585809	89586155	LTR/ERVL-MaLR	1691	-	173	89585982	92140
chr5	89493842	89693842	harbor2	chr5	89587892	89588246	LTR/ERVL-MaLR	1737	-	177	89588069	94227
chr5	89493842	89693842	harbor2	chr5	89592753	89593117	LTR/ERVL-MaLR	1951	-	182	89592935	99093
chr5	89493842	89693842	harbor2	chr5	89586165	89587889	LTR/ERVL-MaLR	4951	-	862	89587027	93185
chr5	108949068	109149068	harbor2	chr5	109009644	109009813	LTR/ERVL-MaLR	564	-	84	109009728	60660
chr5	108949068	109149068	harbor2	chr5	109009886	109010094	LTR/ERVL-MaLR	709	-	104	109009990	60922
chr5	18617846	18817846	harbor2	chr5	18629349	18629733	LTR/ERVL-MaLR	1830	-	192	18629541	11695
chr5	18617846	18817846	harbor2	chr5	18629734	18631336	LTR/ERVL-MaLR	9910	-	801	18630535	12689
chr5	18617846	18817846	harbor2	chr5	18631337	18631721	LTR/ERVL-MaLR	1804	-	192	18631529	13683
chr5	18617846	18817846	harbor2	chr5	18675501	18675840	LTR/ERVL-MaLR	1385	-	170	18675671	57825
chr5	18617846	18817846	harbor2	chr5	18693677	18693921	LTR/ERVL-MaLR	865	-	122	18693799	75953
chr5	18617846	18817846	harbor2	chr5	18697747	18698075	LTR/ERVL-MaLR	1916	-	164	18697911	80065
chr5	18617846	18817846	harbor2	chr5	18700535	18700911	LTR/ERVL-MaLR	1535	-	188	18700723	82877
chr5	18617846	18817846	harbor2	chr5	18707243	18707321	LTR/ERVL-MaLR	505	-	39	18707282	89436
chr5	18617846	18817846	harbor2	chr5	18709674	18710006	LTR/ERVL-MaLR	1786	-	166	18709840	91994
chr5	178863597	179063597	harbor2	chr5	178901314	178901719	LTR/ERVL-MaLR	1376	-	202	178901516	37919
chr5	178863597	179063597	harbor2	chr5	178927426	178927484	LTR/ERVL-MaLR	2515	-	29	178927455	63858
chr5	178863597	179063597	harbor2	chr5	178927836	178928223	LTR/ERVL-MaLR	2515	-	194	178928030	64433
chr5	178863597	179063597	harbor2	chr5	178929819	178930231	LTR/ERVL-MaLR	2490	-	206	178930025	66428
chr5	178863597	179063597	harbor2	chr5	178935541	178935767	LTR/ERVL-MaLR	435	-	113	178935654	72057
chr5	178863597	179063597	harbor2	chr5	178943133	178943544	LTR/ERVL-MaLR	2656	-	206	178943339	79742
chr5	178863597	179063597	harbor2	chr5	178928224	178929818	LTR/ERVL-MaLR	9046	-	797	178929021	65424
chr5	167496504	167696504	harbor2	chr5	167522882	167523298	LTR/ERVL-MaLR	586	-	208	167523090	26586
chr5	167496504	167696504	harbor2	chr5	167532332	167532681	LTR/ERVL-MaLR	2322	-	174	167532506	36002
chr5	167496504	167696504	harbor2	chr5	167543182	167543476	LTR/ERVL-MaLR	916	-	147	167543329	46825
chr5	167496504	167696504	harbor2	chr5	167543577	167544063	LTR/ERVL-MaLR	1689	-	243	167543820	47316
chr5	167496504	167696504	harbor2	chr5	167564546	167565009	LTR/ERVL-MaLR	741	-	232	167564778	68274
chr5	98852768	99052768	harbor2	chr5	98944109	98944451	LTR/ERVL-MaLR	1132	-	171	98944280	91512
chr5	98852768	99052768	harbor2	chr5	98948158	98948325	LTR/ERVL-MaLR	1426	-	84	98948242	95474
chr5	98852768	99052768	harbor2	chr5	98948623	98948783	LTR/ERVL-MaLR	1426	-	80	98948703	95935
chr5	174393716	174593716	harbor2	chr5	174400736	174401142	LTR/ERVL-MaLR	2415	-	203	174400939	7223
chr5	174393716	174593716	harbor2	chr5	174484460	174484910	LTR/ERVL-MaLR	1574	-	225	174484685	90969
chr5	179990546	180190546	harbor2	chr5	180017944	180018013	LTR/ERVL-MaLR	2013	-	34	180017978	27432
chr5	179990546	180190546	harbor2	chr5	180018325	180018601	LTR/ERVL-MaLR	2013	-	138	180018463	27917
chr5	179990546	180190546	harbor2	chr5	180049996	180050124	LTR/ERVL-MaLR	805	-	64	180050060	59514
chr5	179990546	180190546	harbor2	chr5	180061396	180061838	LTR/ERVL-MaLR	1465	-	221	180061617	71071
chr5	179990546	180190546	harbor2	chr5	180061840	180062055	LTR/ERVL-MaLR	1960	-	108	180061948	71402
chr5	179990546	180190546	harbor2	chr5	180062360	180062516	LTR/ERVL-MaLR	1960	-	78	180062438	71892
chr5	179990546	180190546	harbor2	chr5	180083642	180084063	LTR/ERVL-MaLR	593	-	210	180083852	93306
chr5	110221772	110421772	harbor2	chr5	110235573	110236051	LTR/ERVL-MaLR	1548	-	239	110235812	14040
chr5	110221772	110421772	harbor2	chr5	110241825	110242201	LTR/ERVL-MaLR	2354	-	188	110242013	20241
chr5	110221772	110421772	harbor2	chr5	110242231	110242651	LTR/ERVL-MaLR	2754	-	210	110242441	20669
chr5	110221772	110421772	harbor2	chr5	110272490	110272821	LTR/ERVL-MaLR	1502	-	166	110272656	50884
chr5	110221772	110421772	harbor2	chr5	110274742	110275120	LTR/ERVL-MaLR	638	-	189	110274931	53159
chr5	110221772	110421772	harbor2	chr5	110277217	110277605	LTR/ERVL-MaLR	2110	-	194	110277411	55639
chr5	110221772	110421772	harbor2	chr5	110285812	110286180	LTR/ERVL-MaLR	2344	-	184	110285996	64224
chr5	110221772	110421772	harbor2	chr5	110300033	110300476	LTR/ERVL-MaLR	788	-	222	110300255	78483
chr5	179473522	179673522	harbor2	chr5	179475177	179475638	LTR/ERVL-MaLR	1372	-	230	179475407	1885
chr5	179473522	179673522	harbor2	chr5	179479905	179480058	LTR/ERVL-MaLR	1786	-	76	179479981	6459
chr5	179473522	179673522	harbor2	chr5	179480356	179480654	LTR/ERVL-MaLR	1786	-	149	179480505	6983
chr5	72268943	72468943	harbor2	chr5	72328091	72328575	LTR/ERVL-MaLR	706	-	242	72328333	59390
chr5	72268943	72468943	harbor2	chr5	72348994	72349481	LTR/ERVL-MaLR	1068	-	244	72349238	80295
chr5	72268943	72468943	harbor2	chr5	72361187	72361624	LTR/ERVL-MaLR	737	-	218	72361405	92462
chr5	72268943	72468943	harbor2	chr5	72351487	72351839	LTR/ERVL-MaLR	2283	-	176	72351663	82720
chr5	148949930	149149930	harbor2	chr5	148963471	148963900	LTR/ERVL-MaLR	586	-	214	148963685	13755
chr5	148949930	149149930	harbor2	chr5	149018346	149018708	LTR/ERVL-MaLR	2110	-	181	149018527	68597
chr5	156505983	156705983	harbor2	chr5	156552900	156553311	LTR/ERVL-MaLR	2309	-	206	156553106	47123
chr5	156505983	156705983	harbor2	chr5	156597278	156597629	LTR/ERVL-MaLR	2200	-	176	156597454	91471
chr5	20846176	21046176	harbor2	chr5	20852532	20852886	LTR/ERVL-MaLR	1371	-	177	20852709	6533
chr5	20846176	21046176	harbor2	chr5	20856127	20856317	LTR/ERVL-MaLR	888	-	95	20856222	10046
chr5	20846176	21046176	harbor2	chr5	20856432	20856568	LTR/ERVL-MaLR	888	-	68	20856500	10324
chr5	20846176	21046176	harbor2	chr5	20867330	20867696	LTR/ERVL-MaLR	1485	-	183	20867513	21337
chr5	20846176	21046176	harbor2	chr5	20887813	20888224	LTR/ERVL-MaLR	2645	-	206	20888019	41843
chr5	20846176	21046176	harbor2	chr5	20903076	20903498	LTR/ERVL-MaLR	1973	-	211	20903287	57111
chr5	20846176	21046176	harbor2	chr5	20903923	20904332	LTR/ERVL-MaLR	2127	-	204	20904127	57951
chr5	20846176	21046176	harbor2	chr5	20904333	20905623	LTR/ERVL-MaLR	8351	-	645	20904978	58802
chr5	20846176	21046176	harbor2	chr5	20906278	20906574	LTR/ERVL-MaLR	1554	-	148	20906426	60250
chr5	20846176	21046176	harbor2	chr5	20909061	20909159	LTR/ERVL-MaLR	618	-	49	20909110	62934
chr5	20846176	21046176	harbor2	chr5	20913848	20914194	LTR/ERVL-MaLR	1743	-	173	20914021	67845
chr5	20846176	21046176	harbor2	chr5	20915746	20915947	LTR/ERVL-MaLR	1188	-	100	20915846	69670
chr5	20846176	21046176	harbor2	chr5	20916517	20916679	LTR/ERVL-MaLR	838	-	81	20916598	70422
chr5	20846176	21046176	harbor2	chr5	20905915	20906269	LTR/ERVL-MaLR	8351	-	177	20906092	59916
chr5	20846176	21046176	harbor2	chr5	20922029	20922408	LTR/ERVL-MaLR	1763	-	190	20922219	76043
chr5	160690315	160890315	harbor2	chr5	160716617	160716890	LTR/ERVL-MaLR	727	-	136	160716753	26438
chr5	160690315	160890315	harbor2	chr5	160718420	160718871	LTR/ERVL-MaLR	2690	-	226	160718646	28331
chr5	160690315	160890315	harbor2	chr5	160755014	160755373	LTR/ERVL-MaLR	1909	-	180	160755194	64879
chr5	158192152	158392152	harbor2	chr5	158192828	158193218	LTR/ERVL-MaLR	2098	-	195	158193023	871
chr5	158192152	158392152	harbor2	chr5	158193686	158193802	LTR/ERVL-MaLR	2098	-	58	158193744	1592
chr5	158192152	158392152	harbor2	chr5	158206977	158207223	LTR/ERVL-MaLR	406	-	123	158207100	14948
chr5	158192152	158392152	harbor2	chr5	158210096	158210598	LTR/ERVL-MaLR	761	-	251	158210347	18195
chr5	158192152	158392152	harbor2	chr5	158232101	158232468	LTR/ERVL-MaLR	2322	-	184	158232285	40133
chr5	158192152	158392152	harbor2	chr5	158240358	158240740	LTR/ERVL-MaLR	1891	-	191	158240549	48397
chr5	158192152	158392152	harbor2	chr5	158245354	158245749	LTR/ERVL-MaLR	422	-	198	158245552	53400
chr5	158192152	158392152	harbor2	chr5	158256093	158256448	LTR/ERVL-MaLR	849	-	178	158256271	64119
chr5	157990183	158190183	harbor2	chr5	157992302	157992353	LTR/ERVL-MaLR	414	-	26	157992328	2145
chr5	157990183	158190183	harbor2	chr5	157992837	157993177	LTR/ERVL-MaLR	1315	-	170	157993007	2824
chr5	157990183	158190183	harbor2	chr5	158051665	158052007	LTR/ERVL-MaLR	1381	-	171	158051836	61653
chr5	157990183	158190183	harbor2	chr5	158052318	158052549	LTR/ERVL-MaLR	1381	-	116	158052434	62251
chr5	157990183	158190183	harbor2	chr5	158066550	158066954	LTR/ERVL-MaLR	2613	-	202	158066752	76569
chr5	157990183	158190183	harbor2	chr5	158070883	158071420	LTR/ERVL-MaLR	1073	-	268	158071151	80968
chr5	51430356	51630356	harbor2	chr5	51505102	51505443	LTR/ERVL-MaLR	1760	-	170	51505272	74916
chr5	51430356	51630356	harbor2	chr5	51506064	51506333	LTR/ERVL-MaLR	1526	-	134	51506198	75842
chr5	51430356	51630356	harbor2	chr5	51506731	51507010	LTR/ERVL-MaLR	942	-	140	51506871	76515
chr5	117953165	118153165	harbor2	chr5	117952997	117953214	LTR/ERVL-MaLR	807	-	108	117953105	60
chr5	117953165	118153165	harbor2	chr5	117954232	117954421	LTR/ERVL-MaLR	534	-	94	117954326	1161
chr5	117953165	118153165	harbor2	chr5	117955859	117956370	LTR/ERVL-MaLR	773	-	256	117956115	2950
chr5	117953165	118153165	harbor2	chr5	117972692	117973094	LTR/ERVL-MaLR	1953	-	201	117972893	19728
chr5	117953165	118153165	harbor2	chr5	117973095	117974673	LTR/ERVL-MaLR	8445	-	789	117973884	20719
chr5	117953165	118153165	harbor2	chr5	117974674	117975069	LTR/ERVL-MaLR	2063	-	198	117974872	21707
chr5	158283094	158483094	harbor2	chr5	158293335	158293819	LTR/ERVL-MaLR	1243	-	242	158293577	10483
chr5	158283094	158483094	harbor2	chr5	158302942	158303314	LTR/ERVL-MaLR	1298	-	186	158303128	20034
chr5	158283094	158483094	harbor2	chr5	158341044	158341390	LTR/ERVL-MaLR	1224	-	173	158341217	58123
chr5	158283094	158483094	harbor2	chr5	158342448	158342560	LTR/ERVL-MaLR	565	-	56	158342504	59410
chr5	158283094	158483094	harbor2	chr5	158362324	158362717	LTR/ERVL-MaLR	1248	-	196	158362520	79426
chr5	158283094	158483094	harbor2	chr5	158382509	158382966	LTR/ERVL-MaLR	1478	-	228	158382737	99643
chr5	168201309	168401309	harbor2	chr5	168233680	168234035	LTR/ERVL-MaLR	2857	-	178	168233858	32549
chr5	168201309	168401309	harbor2	chr5	168241813	168242205	LTR/ERVL-MaLR	604	-	196	168242009	40700
chr5	168201309	168401309	harbor2	chr5	168270890	168271121	LTR/ERVL-MaLR	393	-	116	168271006	69697
chr5	168201309	168401309	harbor2	chr5	168273858	168274229	LTR/ERVL-MaLR	1583	-	186	168274044	72735
chr5	168201309	168401309	harbor2	chr5	168279645	168279681	LTR/ERVL-MaLR	2613	-	18	168279663	78354
chr5	168201309	168401309	harbor2	chr5	168280518	168280695	LTR/ERVL-MaLR	2613	-	88	168280606	79297
chr5	168201309	168401309	harbor2	chr5	168279985	168280208	LTR/ERVL-MaLR	2613	-	112	168280097	78788
chr5	125572120	125772120	harbor2	chr5	125587145	125587532	LTR/ERVL-MaLR	2312	-	194	125587339	15219
chr5	125572120	125772120	harbor2	chr5	125589265	125589625	LTR/ERVL-MaLR	2283	-	180	125589445	17325
chr5	125572120	125772120	harbor2	chr5	125608495	125608580	LTR/ERVL-MaLR	1986	-	42	125608537	36417
chr5	125572120	125772120	harbor2	chr5	125609049	125609612	LTR/ERVL-MaLR	1986	-	282	125609331	37211
chr5	125572120	125772120	harbor2	chr5	125610334	125610873	LTR/ERVL-MaLR	502	-	270	125610604	38484
chr5	125572120	125772120	harbor2	chr5	125670040	125670398	LTR/ERVL-MaLR	2125	-	179	125670219	98099
chr5	125572120	125772120	harbor2	chr5	125671757	125672067	LTR/ERVL-MaLR	1090	-	155	125671912	99792
chr5	125569177	125769177	harbor2	chr5	125587145	125587532	LTR/ERVL-MaLR	2312	-	194	125587339	18162
chr5	125569177	125769177	harbor2	chr5	125589265	125589625	LTR/ERVL-MaLR	2283	-	180	125589445	20268
chr5	125569177	125769177	harbor2	chr5	125608495	125608580	LTR/ERVL-MaLR	1986	-	42	125608537	39360
chr5	125569177	125769177	harbor2	chr5	125609049	125609612	LTR/ERVL-MaLR	1986	-	282	125609331	40154
chr5	125569177	125769177	harbor2	chr5	125610334	125610873	LTR/ERVL-MaLR	502	-	270	125610604	41427
chr5	154900897	155100897	harbor2	chr5	154949976	154950337	LTR/ERVL-MaLR	1980	-	180	154950156	49259
chr5	154900897	155100897	harbor2	chr5	154971813	154971918	LTR/ERVL-MaLR	389	-	52	154971865	70968
chr5	154900897	155100897	harbor2	chr5	154989639	154989958	LTR/ERVL-MaLR	880	-	160	154989799	88902
chr5	154900897	155100897	harbor2	chr5	154990502	154990645	LTR/ERVL-MaLR	880	-	72	154990574	89677
chr5	161153651	161353651	harbor2	chr5	161173963	161174339	LTR/ERVL-MaLR	1199	-	188	161174151	20500
chr5	161153651	161353651	harbor2	chr5	161186409	161186754	LTR/ERVL-MaLR	1662	-	172	161186581	32930
chr5	161153651	161353651	harbor2	chr5	161235292	161235700	LTR/ERVL-MaLR	627	-	204	161235496	81845
chr5	161153651	161353651	harbor2	chr5	161238748	161239132	LTR/ERVL-MaLR	2034	-	192	161238940	85289
chr5	161153651	161353651	harbor2	chr5	161246902	161247128	LTR/ERVL-MaLR	517	-	113	161247015	93364
chr5	161153651	161353651	harbor2	chr5	161234632	161235044	LTR/ERVL-MaLR	1113	-	206	161234838	81187
chr5	84681162	84881162	harbor2	chr5	84683603	84683980	LTR/ERVL-MaLR	1954	-	188	84683791	2629
chr5	84681162	84881162	harbor2	chr5	84731673	84732112	LTR/ERVL-MaLR	1015	-	220	84731893	50731
chr5	84681162	84881162	harbor2	chr5	84736320	84736695	LTR/ERVL-MaLR	1704	-	188	84736508	55346
chr5	84681162	84881162	harbor2	chr5	84747250	84747616	LTR/ERVL-MaLR	666	-	183	84747433	66271
chr5	84681162	84881162	harbor2	chr5	84780449	84780793	LTR/ERVL-MaLR	661	-	172	84780621	99459
chr5	84681162	84881162	harbor2	chr5	84780815	84780898	LTR/ERVL-MaLR	471	-	42	84780857	99695
chr5	126266477	126466477	harbor2	chr5	126279919	126280287	LTR/ERVL-MaLR	2002	-	184	126280103	13626
chr5	126266477	126466477	harbor2	chr5	126283165	126283370	LTR/ERVL-MaLR	487	-	102	126283267	16790
chr5	126266477	126466477	harbor2	chr5	126325781	126325955	LTR/ERVL-MaLR	712	-	87	126325868	59391
chr5	126266477	126466477	harbor2	chr5	126340167	126340474	LTR/ERVL-MaLR	1170	-	154	126340321	73844
chr5	126266477	126466477	harbor2	chr5	126351619	126351971	LTR/ERVL-MaLR	1524	-	176	126351795	85318
chr5	126266477	126466477	harbor2	chr5	126354845	126355174	LTR/ERVL-MaLR	1068	-	164	126355009	88532
chr5	126266477	126466477	harbor2	chr5	126355972	126356325	LTR/ERVL-MaLR	2100	-	176	126356148	89671
chr5	126266477	126466477	harbor2	chr5	126358481	126358953	LTR/ERVL-MaLR	969	-	236	126358717	92240
chr5	169590646	169790646	harbor2	chr5	169599521	169599669	LTR/ERVL-MaLR	439	-	74	169599595	8949
chr5	169590646	169790646	harbor2	chr5	169599656	169599789	LTR/ERVL-MaLR	600	-	66	169599722	9076
chr5	169590646	169790646	harbor2	chr5	169607298	169607693	LTR/ERVL-MaLR	1220	-	198	169607496	16850
chr5	169590646	169790646	harbor2	chr5	169608404	169608752	LTR/ERVL-MaLR	1574	-	174	169608578	17932
chr5	169590646	169790646	harbor2	chr5	169639379	169639842	LTR/ERVL-MaLR	1692	-	232	169639611	48965
chr5	169590646	169790646	harbor2	chr5	169640955	169641299	LTR/ERVL-MaLR	1754	-	172	169641127	50481
chr5	169590646	169790646	harbor2	chr5	169662482	169662847	LTR/ERVL-MaLR	2210	-	182	169662664	72018
chr5	169590646	169790646	harbor2	chr5	169662848	169664475	LTR/ERVL-MaLR	11635	-	814	169663662	73016
chr5	169590646	169790646	harbor2	chr5	169664476	169664836	LTR/ERVL-MaLR	1966	-	180	169664656	74010
chr5	169590646	169790646	harbor2	chr5	169666014	169666361	LTR/ERVL-MaLR	1472	-	174	169666188	75542
chr5	169590646	169790646	harbor2	chr5	169639847	169640233	LTR/ERVL-MaLR	1618	-	193	169640040	49394
chr5	40398259	40598259	harbor2	chr5	40446217	40446290	LTR/ERVL-MaLR	2072	-	36	40446253	47994
chr5	40398259	40598259	harbor2	chr5	40446606	40446914	LTR/ERVL-MaLR	2072	-	154	40446760	48501
chr5	40398259	40598259	harbor2	chr5	40475487	40476012	LTR/ERVL-MaLR	1957	-	262	40475749	77490
chr5	40398259	40598259	harbor2	chr5	40493471	40493619	LTR/ERVL-MaLR	689	-	74	40493545	95286
chr5	175828877	176028877	harbor2	chr5	175855411	175855701	LTR/ERVL-MaLR	940	-	145	175855556	26679
chr5	175828877	176028877	harbor2	chr5	175855773	175855903	LTR/ERVL-MaLR	472	-	65	175855838	26961
chr5	175828877	176028877	harbor2	chr5	175859923	175860190	LTR/ERVL-MaLR	924	-	134	175860057	31180
chr5	175828877	176028877	harbor2	chr5	175860644	175860847	LTR/ERVL-MaLR	911	-	102	175860746	31869
chr5	175828877	176028877	harbor2	chr5	175885695	175886275	LTR/ERVL-MaLR	2326	-	290	175885985	57108
chr5	175828877	176028877	harbor2	chr5	175889289	175889758	LTR/ERVL-MaLR	2364	-	234	175889523	60646
chr5	175828877	176028877	harbor2	chr5	175903845	175904181	LTR/ERVL-MaLR	2117	-	168	175904013	75136
chr5	175828877	176028877	harbor2	chr5	175913275	175913621	LTR/ERVL-MaLR	1889	-	173	175913448	84571
chr5	175828877	176028877	harbor2	chr5	175916027	175916498	LTR/ERVL-MaLR	1457	-	236	175916263	87386
chr5	175828877	176028877	harbor2	chr5	175917497	175917688	LTR/ERVL-MaLR	614	-	96	175917593	88716
chr5	79943567	80143567	harbor2	chr5	79965991	79966093	LTR/ERVL-MaLR	500	-	51	79966042	22475
chr5	79943567	80143567	harbor2	chr5	80023606	80024058	LTR/ERVL-MaLR	1825	-	226	80023832	80265
chr5	79943567	80143567	harbor2	chr5	80031526	80031792	LTR/ERVL-MaLR	493	-	133	80031659	88092
chr5	79943567	80143567	harbor2	chr5	80040594	80040706	LTR/ERVL-MaLR	1928	-	56	80040650	97083
chr5	79943567	80143567	harbor2	chr5	80040707	80041150	LTR/ERVL-MaLR	2796	-	222	80040929	97362
chr5	79943567	80143567	harbor2	chr5	80041151	80041433	LTR/ERVL-MaLR	1928	-	141	80041292	97725
chr5	175656669	175856669	harbor2	chr5	175687849	175688316	LTR/ERVL-MaLR	1298	-	234	175688083	31414
chr5	175656669	175856669	harbor2	chr5	175701296	175701811	LTR/ERVL-MaLR	1065	-	258	175701554	44885
chr5	175656669	175856669	harbor2	chr5	175725609	175725965	LTR/ERVL-MaLR	2643	-	178	175725787	69118
chr5	175656669	175856669	harbor2	chr5	175727489	175727985	LTR/ERVL-MaLR	1600	-	248	175727737	71068
chr5	175656669	175856669	harbor2	chr5	175732054	175732448	LTR/ERVL-MaLR	997	-	197	175732251	75582
chr5	175656669	175856669	harbor2	chr5	175733353	175733805	LTR/ERVL-MaLR	1998	-	226	175733579	76910
chr5	175656669	175856669	harbor2	chr5	175743077	175743490	LTR/ERVL-MaLR	2410	-	206	175743283	86614
chr5	157072669	157272669	harbor2	chr5	157089961	157090109	LTR/ERVL-MaLR	470	-	74	157090035	17366
chr5	157072669	157272669	harbor2	chr5	157114999	157115136	LTR/ERVL-MaLR	470	-	68	157115067	42398
chr5	157072669	157272669	harbor2	chr5	157137641	157137995	LTR/ERVL-MaLR	737	-	177	157137818	65149
chr5	101732708	101932708	harbor2	chr5	101741584	101741943	LTR/ERVL-MaLR	1755	-	180	101741764	9056
chr5	101732708	101932708	harbor2	chr5	101748939	101749139	LTR/ERVL-MaLR	414	-	100	101749039	16331
chr5	101732708	101932708	harbor2	chr5	101767951	101768303	LTR/ERVL-MaLR	2407	-	176	101768127	35419
chr5	101732708	101932708	harbor2	chr5	101768306	101770015	LTR/ERVL-MaLR	8685	-	854	101769160	36452
chr5	101732708	101932708	harbor2	chr5	101770016	101770364	LTR/ERVL-MaLR	2215	-	174	101770190	37482
chr5	101732708	101932708	harbor2	chr5	101790465	101790796	LTR/ERVL-MaLR	1167	-	166	101790631	57923
chr5	101732708	101932708	harbor2	chr5	101791048	101791123	LTR/ERVL-MaLR	660	-	38	101791086	58378
chr5	101732708	101932708	harbor2	chr5	101791129	101792734	LTR/ERVL-MaLR	5218	-	802	101791931	59223
chr5	101732708	101932708	harbor2	chr5	101792739	101793073	LTR/ERVL-MaLR	1051	-	167	101792906	60198
chr5	101732708	101932708	harbor2	chr5	101795615	101795951	LTR/ERVL-MaLR	1906	-	168	101795783	63075
chr5	101732708	101932708	harbor2	chr5	101821230	101821459	LTR/ERVL-MaLR	1721	-	114	101821344	88636
chr5	101732708	101932708	harbor2	chr5	101821590	101821756	LTR/ERVL-MaLR	1721	-	83	101821673	88965
chr5	109234010	109434010	harbor2	chr5	109241936	109242371	LTR/ERVL-MaLR	957	-	218	109242154	8144
chr5	109234010	109434010	harbor2	chr5	109307602	109307715	LTR/ERVL-MaLR	451	-	56	109307658	73648
chr5	174693798	174893798	harbor2	chr5	174745208	174745594	LTR/ERVL-MaLR	2287	-	193	174745401	51603
chr5	174693798	174893798	harbor2	chr5	174760254	174760618	LTR/ERVL-MaLR	998	-	182	174760436	66638
chr5	174693798	174893798	harbor2	chr5	174787516	174787739	LTR/ERVL-MaLR	1337	-	112	174787628	93830
chr5	174693798	174893798	harbor2	chr5	174788033	174788058	LTR/ERVL-MaLR	1337	-	12	174788045	94247
chr5	174693798	174893798	harbor2	chr5	174788059	174788413	LTR/ERVL-MaLR	1594	-	177	174788236	94438
chr5	174693798	174893798	harbor2	chr5	174788414	174788538	LTR/ERVL-MaLR	1337	-	62	174788476	94678
chr5	148285819	148485819	harbor2	chr5	148290169	148290585	LTR/ERVL-MaLR	2445	-	208	148290377	4558
chr5	148285819	148485819	harbor2	chr5	148297452	148297570	LTR/ERVL-MaLR	695	-	59	148297511	11692
chr5	148285819	148485819	harbor2	chr5	148307333	148307711	LTR/ERVL-MaLR	2115	-	189	148307522	21703
chr5	148285819	148485819	harbor2	chr5	148311200	148311561	LTR/ERVL-MaLR	2299	-	180	148311380	25561
chr5	148285819	148485819	harbor2	chr5	148349284	148349714	LTR/ERVL-MaLR	2367	-	215	148349499	63680
chr5	148285819	148485819	harbor2	chr5	148375083	148375579	LTR/ERVL-MaLR	736	-	248	148375331	89512
chr5	148285819	148485819	harbor2	chr5	148376137	148376418	LTR/ERVL-MaLR	578	-	140	148376277	90458
chr5	148285819	148485819	harbor2	chr5	148378280	148378664	LTR/ERVL-MaLR	1620	-	192	148378472	92653
chr5	148285819	148485819	harbor2	chr5	148378665	148379046	LTR/ERVL-MaLR	1972	-	190	148378855	93036
chr5	148285819	148485819	harbor2	chr5	148379047	148379092	LTR/ERVL-MaLR	1620	-	22	148379069	93250
chr5	88247775	88447775	harbor2	chr5	88279468	88279857	LTR/ERVL-MaLR	922	-	194	88279662	31887
chr5	88247775	88447775	harbor2	chr5	88279867	88280800	LTR/ERVL-MaLR	4725	-	466	88280333	32558
chr5	88247775	88447775	harbor2	chr5	88280918	88281350	LTR/ERVL-MaLR	4725	-	216	88281134	33359
chr5	88247775	88447775	harbor2	chr5	88281352	88281784	LTR/ERVL-MaLR	1432	-	216	88281568	33793
chr5	88247775	88447775	harbor2	chr5	88282188	88282257	LTR/ERVL-MaLR	1281	-	34	88282222	34447
chr5	88247775	88447775	harbor2	chr5	88330514	88330845	LTR/ERVL-MaLR	1136	-	166	88330680	82905
chr5	119764175	119964175	harbor2	chr5	119847249	119847325	LTR/ERVL-MaLR	395	-	38	119847287	83112
chr5	119764175	119964175	harbor2	chr5	119848252	119848397	LTR/ERVL-MaLR	625	-	72	119848324	84149
chr5	133011623	133211623	harbor2	chr5	133014660	133014911	LTR/ERVL-MaLR	474	-	126	133014786	3163
chr5	139755432	139955432	harbor2	chr5	139827568	139827920	LTR/ERVL-MaLR	2379	-	176	139827744	72312
chr5	55479545	55679545	harbor2	chr5	55555631	55555700	LTR/ERVL-MaLR	2178	-	34	55555665	76120
chr5	55479545	55679545	harbor2	chr5	55555974	55556441	LTR/ERVL-MaLR	2178	-	234	55556208	76663
chr5	179391211	179591211	harbor2	chr5	179393159	179393456	LTR/ERVL-MaLR	588	-	148	179393307	2096
chr5	179391211	179591211	harbor2	chr5	179393711	179394118	LTR/ERVL-MaLR	1061	-	204	179393915	2704
chr5	179391211	179591211	harbor2	chr5	179394123	179394321	LTR/ERVL-MaLR	758	-	99	179394222	3011
chr5	179391211	179591211	harbor2	chr5	179430862	179431224	LTR/ERVL-MaLR	1867	-	181	179431043	39832
chr5	179391211	179591211	harbor2	chr5	179431247	179431715	LTR/ERVL-MaLR	831	-	234	179431481	40270
chr5	179391211	179591211	harbor2	chr5	179435805	179436033	LTR/ERVL-MaLR	612	-	114	179435919	44708
chr5	179391211	179591211	harbor2	chr5	179436036	179436151	LTR/ERVL-MaLR	616	-	58	179436094	44883
chr5	179391211	179591211	harbor2	chr5	179440108	179440483	LTR/ERVL-MaLR	1886	-	188	179440296	49085
chr5	179391211	179591211	harbor2	chr5	179465820	179466348	LTR/ERVL-MaLR	1404	-	264	179466084	74873
chr5	179391211	179591211	harbor2	chr5	179469635	179469918	LTR/ERVL-MaLR	1124	-	142	179469777	78566
chr5	179391211	179591211	harbor2	chr5	179475177	179475638	LTR/ERVL-MaLR	1372	-	230	179475407	84196
chr5	179391211	179591211	harbor2	chr5	179479905	179480058	LTR/ERVL-MaLR	1786	-	76	179479981	88770
chr5	179391211	179591211	harbor2	chr5	179480356	179480654	LTR/ERVL-MaLR	1786	-	149	179480505	89294
chr5	180850364	181050364	harbor2	chr5	180867409	180867616	LTR/ERVL-MaLR	2733	-	104	180867513	17149
chr5	180850364	181050364	harbor2	chr5	180868125	180868391	LTR/ERVL-MaLR	2733	-	133	180868258	17894
chr5	180850364	181050364	harbor2	chr5	180870834	180871139	LTR/ERVL-MaLR	440	-	152	180870986	20622
chr5	180850364	181050364	harbor2	chr5	180871425	180871942	LTR/ERVL-MaLR	2128	-	258	180871683	21319
chr5	180850364	181050364	harbor2	chr5	180878093	180878472	LTR/ERVL-MaLR	2921	-	190	180878283	27919
chr5	180850364	181050364	harbor2	chr5	180915941	180916282	LTR/ERVL-MaLR	1672	-	170	180916111	65747
chr5	175794759	175994759	harbor2	chr5	175814885	175815061	LTR/ERVL-MaLR	514	-	88	175814973	20214
chr5	175794759	175994759	harbor2	chr5	175815973	175816174	LTR/ERVL-MaLR	486	-	100	175816073	21314
chr5	175794759	175994759	harbor2	chr5	175816466	175816574	LTR/ERVL-MaLR	486	-	54	175816520	21761
chr5	175794759	175994759	harbor2	chr5	175826834	175827347	LTR/ERVL-MaLR	1410	-	256	175827090	32331
chr5	175794759	175994759	harbor2	chr5	175855411	175855701	LTR/ERVL-MaLR	940	-	145	175855556	60797
chr5	175794759	175994759	harbor2	chr5	175855773	175855903	LTR/ERVL-MaLR	472	-	65	175855838	61079
chr5	175794759	175994759	harbor2	chr5	175859923	175860190	LTR/ERVL-MaLR	924	-	134	175860057	65298
chr5	175794759	175994759	harbor2	chr5	175860644	175860847	LTR/ERVL-MaLR	911	-	102	175860746	65987
chr5	175794759	175994759	harbor2	chr5	175885695	175886275	LTR/ERVL-MaLR	2326	-	290	175885985	91226
chr5	175794759	175994759	harbor2	chr5	175889289	175889758	LTR/ERVL-MaLR	2364	-	234	175889523	94764
chr5	168068816	168268816	harbor2	chr5	168075692	168076058	LTR/ERVL-MaLR	2839	-	183	168075875	7059
chr5	175733812	175933812	harbor2	chr5	175743077	175743490	LTR/ERVL-MaLR	2410	-	206	175743283	9471
chr5	175733812	175933812	harbor2	chr5	175765850	175766237	LTR/ERVL-MaLR	2343	-	194	175766044	32232
chr5	175733812	175933812	harbor2	chr5	175766238	175767318	LTR/ERVL-MaLR	10769	-	540	175766778	32966
chr5	175733812	175933812	harbor2	chr5	175767627	175768168	LTR/ERVL-MaLR	10769	-	270	175767897	34085
chr5	175733812	175933812	harbor2	chr5	175768169	175768571	LTR/ERVL-MaLR	2431	-	201	175768370	34558
chr5	175733812	175933812	harbor2	chr5	175779481	175779698	LTR/ERVL-MaLR	985	-	108	175779589	45777
chr5	175733812	175933812	harbor2	chr5	175780122	175780468	LTR/ERVL-MaLR	985	-	173	175780295	46483
chr5	175733812	175933812	harbor2	chr5	175781074	175781424	LTR/ERVL-MaLR	664	-	175	175781249	47437
chr5	175733812	175933812	harbor2	chr5	175785007	175785166	LTR/ERVL-MaLR	411	-	80	175785087	51275
chr5	175733812	175933812	harbor2	chr5	175814885	175815061	LTR/ERVL-MaLR	514	-	88	175814973	81161
chr5	175733812	175933812	harbor2	chr5	175815973	175816174	LTR/ERVL-MaLR	486	-	100	175816073	82261
chr5	175733812	175933812	harbor2	chr5	175816466	175816574	LTR/ERVL-MaLR	486	-	54	175816520	82708
chr5	175733812	175933812	harbor2	chr5	175826834	175827347	LTR/ERVL-MaLR	1410	-	256	175827090	93278
chr5	155515478	155715478	harbor2	chr5	155517007	155517424	LTR/ERVL-MaLR	1660	-	208	155517215	1737
chr5	155515478	155715478	harbor2	chr5	155529269	155529727	LTR/ERVL-MaLR	1028	-	229	155529498	14020
chr5	155515478	155715478	harbor2	chr5	155537010	155537199	LTR/ERVL-MaLR	1464	-	94	155537104	21626
chr5	155515478	155715478	harbor2	chr5	155537239	155537418	LTR/ERVL-MaLR	1464	-	90	155537329	21851
chr5	155515478	155715478	harbor2	chr5	155569451	155569874	LTR/ERVL-MaLR	2933	-	212	155569663	54185
chr5	155515478	155715478	harbor2	chr5	155577219	155577418	LTR/ERVL-MaLR	651	-	100	155577319	61841
chr5	155515478	155715478	harbor2	chr5	155595061	155595589	LTR/ERVL-MaLR	1135	-	264	155595325	79847
chr5	179527553	179727553	harbor2	chr5	179575255	179575693	LTR/ERVL-MaLR	851	-	219	179575474	47921
chr5	170419457	170619457	harbor2	chr5	170421405	170421757	LTR/ERVL-MaLR	1755	-	176	170421581	2124
chr5	170419457	170619457	harbor2	chr5	170444085	170444591	LTR/ERVL-MaLR	2000	-	253	170444338	24881
chr5	170419457	170619457	harbor2	chr5	170466546	170466894	LTR/ERVL-MaLR	1939	-	174	170466720	47263
chr5	170419457	170619457	harbor2	chr5	170500001	170500335	LTR/ERVL-MaLR	1398	-	167	170500168	80711
chr5	170419457	170619457	harbor2	chr5	170517034	170517417	LTR/ERVL-MaLR	2004	-	192	170517226	97769
chr5	63074122	63274122	harbor2	chr5	63080019	63080391	LTR/ERVL-MaLR	2420	-	186	63080205	6083
chr5	63074122	63274122	harbor2	chr5	63107347	63107806	LTR/ERVL-MaLR	1898	-	230	63107577	33455
chr5	63074122	63274122	harbor2	chr5	63107836	63107965	LTR/ERVL-MaLR	671	-	64	63107900	33778
chr5	63074122	63274122	harbor2	chr5	63123530	63123945	LTR/ERVL-MaLR	1754	-	208	63123738	49616
chr5	63074122	63274122	harbor2	chr5	63126266	63126669	LTR/ERVL-MaLR	1650	-	202	63126468	52346
chr5	63074122	63274122	harbor2	chr5	63131461	63132022	LTR/ERVL-MaLR	1922	-	280	63131741	57619
chr5	63074122	63274122	harbor2	chr5	63160554	63160918	LTR/ERVL-MaLR	1744	-	182	63160736	86614
chr5	63074122	63274122	harbor2	chr5	63170616	63170908	LTR/ERVL-MaLR	978	-	146	63170762	96640
chr5	92866703	93066703	harbor2	chr5	92889221	92889384	LTR/ERVL-MaLR	788	-	82	92889303	22600
chr5	92866703	93066703	harbor2	chr5	92905502	92905999	LTR/ERVL-MaLR	1251	-	248	92905750	39047
chr5	92866703	93066703	harbor2	chr5	92914947	92915309	LTR/ERVL-MaLR	1814	-	181	92915128	48425
chr5	92866703	93066703	harbor2	chr5	92950630	92951020	LTR/ERVL-MaLR	1778	-	195	92950825	84122
chr5	92866703	93066703	harbor2	chr5	92961962	92962321	LTR/ERVL-MaLR	1894	-	180	92962142	95439
chr5	175170609	175370609	harbor2	chr5	175180895	175181325	LTR/ERVL-MaLR	1105	-	215	175181110	10501
chr5	175170609	175370609	harbor2	chr5	175182588	175183103	LTR/ERVL-MaLR	1213	-	258	175182846	12237
chr5	175170609	175370609	harbor2	chr5	175187606	175188166	LTR/ERVL-MaLR	1134	-	280	175187886	17277
chr5	175170609	175370609	harbor2	chr5	175192133	175192426	LTR/ERVL-MaLR	874	-	146	175192279	21670
chr5	175170609	175370609	harbor2	chr5	175209977	175210346	LTR/ERVL-MaLR	2095	-	184	175210161	39552
chr5	175170609	175370609	harbor2	chr5	175218408	175218700	LTR/ERVL-MaLR	732	-	146	175218554	47945
chr5	175170609	175370609	harbor2	chr5	175228831	175229248	LTR/ERVL-MaLR	2413	-	208	175229039	58430
chr5	175170609	175370609	harbor2	chr5	175256091	175256501	LTR/ERVL-MaLR	2296	-	205	175256296	85687
chr5	175170609	175370609	harbor2	chr5	175257700	175258080	LTR/ERVL-MaLR	486	-	190	175257890	87281
chr5	176103331	176303331	harbor2	chr5	176187272	176187775	LTR/ERVL-MaLR	494	-	252	176187524	84193
chr5	171730868	171930868	harbor2	chr5	171730995	171731188	LTR/ERVL-MaLR	1110	-	96	171731091	223
chr5	171730868	171930868	harbor2	chr5	171740900	171741291	LTR/ERVL-MaLR	2713	-	196	171741096	10228
chr5	171730868	171930868	harbor2	chr5	171744339	171744623	LTR/ERVL-MaLR	589	-	142	171744481	13613
chr5	171730868	171930868	harbor2	chr5	171747766	171748115	LTR/ERVL-MaLR	2155	-	174	171747940	17072
chr5	171730868	171930868	harbor2	chr5	171748133	171748606	LTR/ERVL-MaLR	847	-	236	171748369	17501
chr5	171730868	171930868	harbor2	chr5	171757823	171758370	LTR/ERVL-MaLR	1185	-	274	171758097	27229
chr5	171730868	171930868	harbor2	chr5	171760465	171760832	LTR/ERVL-MaLR	1846	-	184	171760649	29781
chr5	171730868	171930868	harbor2	chr5	171797562	171797954	LTR/ERVL-MaLR	1107	-	196	171797758	66890
chr5	171730868	171930868	harbor2	chr5	171822546	171823027	LTR/ERVL-MaLR	429	-	240	171822786	91918
chr5	158093956	158293956	harbor2	chr5	158129245	158129444	LTR/ERVL-MaLR	1742	-	100	158129345	35389
chr5	158093956	158293956	harbor2	chr5	158129748	158129898	LTR/ERVL-MaLR	1742	-	75	158129823	35867
chr5	158093956	158293956	harbor2	chr5	158142145	158142526	LTR/ERVL-MaLR	709	-	190	158142335	48379
chr5	158093956	158293956	harbor2	chr5	158151340	158151476	LTR/ERVL-MaLR	425	-	68	158151408	57452
chr5	158093956	158293956	harbor2	chr5	158192828	158193218	LTR/ERVL-MaLR	2098	-	195	158193023	99067
chr5	158093956	158293956	harbor2	chr5	158193686	158193802	LTR/ERVL-MaLR	2098	-	58	158193744	99788
chr5	133771609	133971609	harbor2	chr5	133772477	133772871	LTR/ERVL-MaLR	2323	-	197	133772674	1065
chr5	133771609	133971609	harbor2	chr5	133789604	133789972	LTR/ERVL-MaLR	1598	-	184	133789788	18179
chr5	133771609	133971609	harbor2	chr5	133826330	133826780	LTR/ERVL-MaLR	1144	-	225	133826555	54946
chr5	133771609	133971609	harbor2	chr5	133838294	133838963	LTR/ERVL-MaLR	994	-	334	133838628	67019
chr5	133771609	133971609	harbor2	chr5	133843038	133843421	LTR/ERVL-MaLR	1668	-	192	133843230	71621
chr5	133771609	133971609	harbor2	chr5	133843430	133843571	LTR/ERVL-MaLR	598	-	70	133843500	71891
chr5	133771609	133971609	harbor2	chr5	133859779	133860065	LTR/ERVL-MaLR	2311	-	143	133859922	88313
chr5	133771609	133971609	harbor2	chr5	133860363	133860550	LTR/ERVL-MaLR	2311	-	94	133860457	88848
chr5	42726834	42926834	harbor2	chr5	42732322	42732494	LTR/ERVL-MaLR	431	-	86	42732408	5574
chr5	42726834	42926834	harbor2	chr5	42745804	42746168	LTR/ERVL-MaLR	1745	-	182	42745986	19152
chr5	163798978	163998978	harbor2	chr5	163832996	163833244	LTR/ERVL-MaLR	883	-	124	163833120	34142
chr5	163798978	163998978	harbor2	chr5	163833250	163833317	LTR/ERVL-MaLR	1565	-	34	163833284	34306
chr5	163798978	163998978	harbor2	chr5	163833579	163833989	LTR/ERVL-MaLR	1565	-	205	163833784	34806
chr5	163798978	163998978	harbor2	chr5	163848008	163848291	LTR/ERVL-MaLR	792	-	142	163848150	49172
chr5	163798978	163998978	harbor2	chr5	163848294	163849527	LTR/ERVL-MaLR	2385	-	616	163848910	49932
chr5	163798978	163998978	harbor2	chr5	163849637	163850146	LTR/ERVL-MaLR	1569	-	254	163849891	50913
chr5	163798978	163998978	harbor2	chr5	163875703	163875812	LTR/ERVL-MaLR	1648	-	54	163875757	76779
chr5	163798978	163998978	harbor2	chr5	163876097	163876253	LTR/ERVL-MaLR	1648	-	78	163876175	77197
chr5	163798978	163998978	harbor2	chr5	163876254	163876826	LTR/ERVL-MaLR	2149	-	286	163876540	77562
chr5	163798978	163998978	harbor2	chr5	163876827	163877091	LTR/ERVL-MaLR	1648	-	132	163876959	77981
chr5	163798978	163998978	harbor2	chr5	163895543	163895894	LTR/ERVL-MaLR	1299	-	176	163895719	96741
chr5	160088972	160288972	harbor2	chr5	160126935	160127016	LTR/ERVL-MaLR	547	-	40	160126975	38003
chr5	160088972	160288972	harbor2	chr5	160127316	160127407	LTR/ERVL-MaLR	547	-	46	160127362	38390
chr5	160088972	160288972	harbor2	chr5	160127872	160127911	LTR/ERVL-MaLR	1458	-	20	160127892	38920
chr5	160088972	160288972	harbor2	chr5	160128139	160128470	LTR/ERVL-MaLR	1458	-	166	160128305	39333
chr5	160088972	160288972	harbor2	chr5	160161700	160161844	LTR/ERVL-MaLR	782	-	72	160161772	72800
chr5	160725356	160925356	harbor2	chr5	160755014	160755373	LTR/ERVL-MaLR	1909	-	180	160755194	29838
chr5	160725356	160925356	harbor2	chr5	160791423	160791870	LTR/ERVL-MaLR	859	-	224	160791647	66291
chr5	160725356	160925356	harbor2	chr5	160808783	160809096	LTR/ERVL-MaLR	1712	-	156	160808939	83583
chr5	149861530	150061530	harbor2	chr5	149885680	149886118	LTR/ERVL-MaLR	2193	-	219	149885899	24369
chr5	152450127	152650127	harbor2	chr5	152488842	152489476	LTR/ERVL-MaLR	2081	-	317	152489159	39032
chr5	152450127	152650127	harbor2	chr5	152493684	152494098	LTR/ERVL-MaLR	2727	-	207	152493891	43764
chr5	152450127	152650127	harbor2	chr5	152518314	152518641	LTR/ERVL-MaLR	843	-	164	152518478	68351
chr5	152450127	152650127	harbor2	chr5	152518927	152519029	LTR/ERVL-MaLR	843	-	51	152518978	68851
chr5	152450127	152650127	harbor2	chr5	152539537	152539929	LTR/ERVL-MaLR	634	-	196	152539733	89606
chr5	167214039	167414039	harbor2	chr5	167234985	167235370	LTR/ERVL-MaLR	2030	-	192	167235177	21138
chr5	167214039	167414039	harbor2	chr5	167235426	167236001	LTR/ERVL-MaLR	1246	-	288	167235714	21675
chr5	167214039	167414039	harbor2	chr5	167240500	167240883	LTR/ERVL-MaLR	405	-	192	167240692	26653
chr5	167214039	167414039	harbor2	chr5	167252424	167252741	LTR/ERVL-MaLR	655	-	158	167252582	38543
chr5	167214039	167414039	harbor2	chr5	167262802	167263143	LTR/ERVL-MaLR	1523	-	170	167262972	48933
chr5	167214039	167414039	harbor2	chr5	167291858	167292221	LTR/ERVL-MaLR	2711	-	182	167292040	78001
chr5	179967824	180167824	harbor2	chr5	179988974	179989340	LTR/ERVL-MaLR	2205	-	183	179989157	21333
chr5	179967824	180167824	harbor2	chr5	180017944	180018013	LTR/ERVL-MaLR	2013	-	34	180017978	50154
chr5	179967824	180167824	harbor2	chr5	180018325	180018601	LTR/ERVL-MaLR	2013	-	138	180018463	50639
chr5	179967824	180167824	harbor2	chr5	180049996	180050124	LTR/ERVL-MaLR	805	-	64	180050060	82236
chr5	179967824	180167824	harbor2	chr5	180061396	180061838	LTR/ERVL-MaLR	1465	-	221	180061617	93793
chr5	179967824	180167824	harbor2	chr5	180061840	180062055	LTR/ERVL-MaLR	1960	-	108	180061948	94124
chr5	179967824	180167824	harbor2	chr5	180062360	180062516	LTR/ERVL-MaLR	1960	-	78	180062438	94614
chr5	165456247	165656247	harbor2	chr5	165476873	165476973	LTR/ERVL-MaLR	453	-	50	165476923	20676
chr5	165456247	165656247	harbor2	chr5	165484684	165485175	LTR/ERVL-MaLR	1231	-	246	165484930	28683
chr5	165456247	165656247	harbor2	chr5	165512912	165513325	LTR/ERVL-MaLR	2307	-	206	165513118	56871
chr5	165456247	165656247	harbor2	chr5	165513649	165513942	LTR/ERVL-MaLR	1556	-	146	165513795	57548
chr5	165456247	165656247	harbor2	chr5	165514239	165514320	LTR/ERVL-MaLR	1556	-	40	165514279	58032
chr5	165456247	165656247	harbor2	chr5	165516251	165516616	LTR/ERVL-MaLR	1923	-	182	165516433	60186
chr5	165456247	165656247	harbor2	chr5	165539167	165539541	LTR/ERVL-MaLR	1799	-	187	165539354	83107
chr5	165456247	165656247	harbor2	chr5	165548814	165549142	LTR/ERVL-MaLR	1565	-	164	165548978	92731
chr5	165456247	165656247	harbor2	chr5	165554407	165554603	LTR/ERVL-MaLR	525	-	98	165554505	98258
chr5	165456247	165656247	harbor2	chr5	165554644	165554791	LTR/ERVL-MaLR	402	-	74	165554718	98471
chr5	82419363	82619363	harbor2	chr5	82424945	82425233	LTR/ERVL-MaLR	2311	-	144	82425089	5726
chr5	82419363	82619363	harbor2	chr5	82425528	82425720	LTR/ERVL-MaLR	2311	-	96	82425624	6261
chr5	82419363	82619363	harbor2	chr5	82478422	82478627	LTR/ERVL-MaLR	1626	-	102	82478524	59161
chr5	82419363	82619363	harbor2	chr5	82478657	82478800	LTR/ERVL-MaLR	1626	-	72	82478729	59366
chr5	82419363	82619363	harbor2	chr5	82494321	82494675	LTR/ERVL-MaLR	1179	-	177	82494498	75135
chr5	82419363	82619363	harbor2	chr5	82506678	82507119	LTR/ERVL-MaLR	1264	-	220	82506898	87535
chr5	82419363	82619363	harbor2	chr5	82510219	82510712	LTR/ERVL-MaLR	1769	-	246	82510465	91102
chr5	82419363	82619363	harbor2	chr5	82518594	82519009	LTR/ERVL-MaLR	1352	-	208	82518802	99439
chr5	123519188	123719188	harbor2	chr5	123550237	123550491	LTR/ERVL-MaLR	416	-	127	123550364	31176
chr5	123519188	123719188	harbor2	chr5	123558835	123559132	LTR/ERVL-MaLR	576	-	148	123558983	39795
chr5	123519188	123719188	harbor2	chr5	123565580	123565983	LTR/ERVL-MaLR	2060	-	202	123565782	46594
chr5	123519188	123719188	harbor2	chr5	123566945	123567290	LTR/ERVL-MaLR	1983	-	172	123567117	47929
chr5	123519188	123719188	harbor2	chr5	123572401	123573006	LTR/ERVL-MaLR	2407	-	302	123572703	53515
chr5	123519188	123719188	harbor2	chr5	123586767	123587121	LTR/ERVL-MaLR	2234	-	177	123586944	67756
chr5	123519188	123719188	harbor2	chr5	123617438	123617851	LTR/ERVL-MaLR	1392	-	206	123617644	98456
chr5	146395613	146595613	harbor2	chr5	146425062	146425419	LTR/ERVL-MaLR	655	-	178	146425240	29627
chr5	146395613	146595613	harbor2	chr5	146425845	146426237	LTR/ERVL-MaLR	419	-	196	146426041	30428
chr5	146395613	146595613	harbor2	chr5	146442539	146442874	LTR/ERVL-MaLR	1699	-	168	146442707	47094
chr5	179391642	179591642	harbor2	chr5	179393159	179393456	LTR/ERVL-MaLR	588	-	148	179393307	1665
chr5	179391642	179591642	harbor2	chr5	179393711	179394118	LTR/ERVL-MaLR	1061	-	204	179393915	2273
chr5	179391642	179591642	harbor2	chr5	179394123	179394321	LTR/ERVL-MaLR	758	-	99	179394222	2580
chr5	179391642	179591642	harbor2	chr5	179430862	179431224	LTR/ERVL-MaLR	1867	-	181	179431043	39401
chr5	179391642	179591642	harbor2	chr5	179431247	179431715	LTR/ERVL-MaLR	831	-	234	179431481	39839
chr5	179391642	179591642	harbor2	chr5	179435805	179436033	LTR/ERVL-MaLR	612	-	114	179435919	44277
chr5	179391642	179591642	harbor2	chr5	179436036	179436151	LTR/ERVL-MaLR	616	-	58	179436094	44452
chr5	179391642	179591642	harbor2	chr5	179440108	179440483	LTR/ERVL-MaLR	1886	-	188	179440296	48654
chr5	179391642	179591642	harbor2	chr5	179465820	179466348	LTR/ERVL-MaLR	1404	-	264	179466084	74442
chr5	179391642	179591642	harbor2	chr5	179469635	179469918	LTR/ERVL-MaLR	1124	-	142	179469777	78135
chr5	179391642	179591642	harbor2	chr5	179475177	179475638	LTR/ERVL-MaLR	1372	-	230	179475407	83765
chr5	179391642	179591642	harbor2	chr5	179479905	179480058	LTR/ERVL-MaLR	1786	-	76	179479981	88339
chr5	179391642	179591642	harbor2	chr5	179480356	179480654	LTR/ERVL-MaLR	1786	-	149	179480505	88863
chr5	168397784	168597784	harbor2	chr5	168411421	168411989	LTR/ERVL-MaLR	1509	-	284	168411705	13921
chr5	168397784	168597784	harbor2	chr5	168420154	168420527	LTR/ERVL-MaLR	2041	-	186	168420340	22556
chr5	168397784	168597784	harbor2	chr5	168420997	168421169	LTR/ERVL-MaLR	585	-	86	168421083	23299
chr5	168397784	168597784	harbor2	chr5	168445728	168446105	LTR/ERVL-MaLR	922	-	188	168445916	48132
chr5	168397784	168597784	harbor2	chr5	168457946	168458152	LTR/ERVL-MaLR	467	-	103	168458049	60265
chr5	168397784	168597784	harbor2	chr5	168463098	168463517	LTR/ERVL-MaLR	1328	-	210	168463308	65524
chr5	168397784	168597784	harbor2	chr5	168463654	168464086	LTR/ERVL-MaLR	1426	-	216	168463870	66086
chr5	168397784	168597784	harbor2	chr5	168478188	168478367	LTR/ERVL-MaLR	1594	-	90	168478278	80494
chr5	168397784	168597784	harbor2	chr5	168478671	168478790	LTR/ERVL-MaLR	1594	-	60	168478731	80947
chr5	168397784	168597784	harbor2	chr5	168497533	168497661	LTR/ERVL-MaLR	739	-	64	168497597	99813
chr5	122204614	122404614	harbor2	chr5	122204599	122204829	LTR/ERVL-MaLR	671	-	115	122204714	100
chr5	122204614	122404614	harbor2	chr5	122232573	122232988	LTR/ERVL-MaLR	721	-	208	122232781	28167
chr5	122204614	122404614	harbor2	chr5	122255615	122256001	LTR/ERVL-MaLR	1728	-	193	122255808	51194
chr5	122204614	122404614	harbor2	chr5	122300374	122300725	LTR/ERVL-MaLR	468	-	176	122300550	95936
chr5	180071636	180271636	harbor2	chr5	180083642	180084063	LTR/ERVL-MaLR	593	-	210	180083852	12216
chr5	65519450	65719450	harbor2	chr5	65538472	65538625	LTR/ERVL-MaLR	725	-	76	65538548	19098
chr5	65519450	65719450	harbor2	chr5	65539183	65539606	LTR/ERVL-MaLR	2009	-	212	65539395	19945
chr5	65519450	65719450	harbor2	chr5	65540003	65540393	LTR/ERVL-MaLR	1805	-	195	65540198	20748
chr5	65519450	65719450	harbor2	chr5	65541562	65541858	LTR/ERVL-MaLR	1312	-	148	65541710	22260
chr5	65519450	65719450	harbor2	chr5	65541861	65542196	LTR/ERVL-MaLR	1632	-	168	65542029	22579
chr5	65519450	65719450	harbor2	chr5	65544137	65544356	LTR/ERVL-MaLR	607	-	110	65544247	24797
chr5	65519450	65719450	harbor2	chr5	65566146	65566579	LTR/ERVL-MaLR	746	-	216	65566362	46912
chr5	65519450	65719450	harbor2	chr5	65570560	65570872	LTR/ERVL-MaLR	969	-	156	65570716	51266
chr5	65519450	65719450	harbor2	chr5	65599852	65600275	LTR/ERVL-MaLR	2734	-	212	65600064	80614
chr5	65519450	65719450	harbor2	chr5	65601606	65602601	LTR/ERVL-MaLR	6593	-	498	65602104	82654
chr5	65519450	65719450	harbor2	chr5	65602602	65602954	LTR/ERVL-MaLR	2808	-	176	65602778	83328
chr5	65519450	65719450	harbor2	chr5	65615821	65616178	LTR/ERVL-MaLR	881	-	178	65615999	96549
chr5	65519450	65719450	harbor2	chr5	65601290	65601635	LTR/ERVL-MaLR	2795	-	172	65601462	82012
chr5	165437225	165637225	harbor2	chr5	165441133	165441472	LTR/ERVL-MaLR	1654	-	170	165441303	4078
chr5	165437225	165637225	harbor2	chr5	165441475	165442562	LTR/ERVL-MaLR	11567	-	544	165442019	4794
chr5	165437225	165637225	harbor2	chr5	165442865	165442966	LTR/ERVL-MaLR	11567	-	50	165442915	5690
chr5	165437225	165637225	harbor2	chr5	165443257	165443685	LTR/ERVL-MaLR	11567	-	214	165443471	6246
chr5	165437225	165637225	harbor2	chr5	165443686	165444030	LTR/ERVL-MaLR	2171	-	172	165443858	6633
chr5	165437225	165637225	harbor2	chr5	165476873	165476973	LTR/ERVL-MaLR	453	-	50	165476923	39698
chr5	165437225	165637225	harbor2	chr5	165484684	165485175	LTR/ERVL-MaLR	1231	-	246	165484930	47705
chr5	165437225	165637225	harbor2	chr5	165512912	165513325	LTR/ERVL-MaLR	2307	-	206	165513118	75893
chr5	165437225	165637225	harbor2	chr5	165513649	165513942	LTR/ERVL-MaLR	1556	-	146	165513795	76570
chr5	165437225	165637225	harbor2	chr5	165514239	165514320	LTR/ERVL-MaLR	1556	-	40	165514279	77054
chr5	165437225	165637225	harbor2	chr5	165516251	165516616	LTR/ERVL-MaLR	1923	-	182	165516433	79208
chr5	149384362	149584362	harbor2	chr5	149388608	149388734	LTR/ERVL-MaLR	498	-	63	149388671	4309
chr5	149384362	149584362	harbor2	chr5	149398549	149398624	LTR/ERVL-MaLR	2313	-	38	149398587	14225
chr5	149384362	149584362	harbor2	chr5	149398911	149399196	LTR/ERVL-MaLR	2313	-	142	149399053	14691
chr5	149384362	149584362	harbor2	chr5	149433384	149433753	LTR/ERVL-MaLR	2141	-	184	149433568	49206
chr5	149384362	149584362	harbor2	chr5	149437608	149437867	LTR/ERVL-MaLR	1265	-	130	149437738	53376
chr5	149384362	149584362	harbor2	chr5	149438164	149438377	LTR/ERVL-MaLR	1265	-	106	149438270	53908
chr5	149384362	149584362	harbor2	chr5	149444837	149444881	LTR/ERVL-MaLR	839	-	22	149444859	60497
chr5	149384362	149584362	harbor2	chr5	149445153	149445194	LTR/ERVL-MaLR	839	-	20	149445173	60811
chr5	149384362	149584362	harbor2	chr5	149445709	149446074	LTR/ERVL-MaLR	839	-	182	149445891	61529
chr5	149384362	149584362	harbor2	chr5	149446587	149446688	LTR/ERVL-MaLR	1728	-	50	149446637	62275
chr5	149384362	149584362	harbor2	chr5	149446997	149447516	LTR/ERVL-MaLR	1728	-	260	149447257	62895
chr5	149384362	149584362	harbor2	chr5	149455412	149455687	LTR/ERVL-MaLR	503	-	138	149455550	71188
chr5	149384362	149584362	harbor2	chr5	149461130	149461294	LTR/ERVL-MaLR	590	-	82	149461212	76850
chr5	149384362	149584362	harbor2	chr5	149465362	149465780	LTR/ERVL-MaLR	2043	-	209	149465571	81209
chr5	149384362	149584362	harbor2	chr5	149466085	149466128	LTR/ERVL-MaLR	2043	-	22	149466107	81745
chr5	149384362	149584362	harbor2	chr5	149477754	149477966	LTR/ERVL-MaLR	1004	-	106	149477860	93498
chr5	149384362	149584362	harbor2	chr5	149478395	149478500	LTR/ERVL-MaLR	935	-	52	149478447	94085
chr5	149384362	149584362	harbor2	chr5	149478804	149478885	LTR/ERVL-MaLR	935	-	40	149478844	94482
chr5	160248716	160448716	harbor2	chr5	160317713	160318005	LTR/ERVL-MaLR	1702	-	146	160317859	69143
chr5	160248716	160448716	harbor2	chr5	160318317	160318495	LTR/ERVL-MaLR	1702	-	89	160318406	69690
chr5	115352520	115552520	harbor2	chr5	115356292	115356416	LTR/ERVL-MaLR	394	-	62	115356354	3834
chr5	115352520	115552520	harbor2	chr5	115408945	115409299	LTR/ERVL-MaLR	1968	-	177	115409122	56602
chr5	115352520	115552520	harbor2	chr5	115419686	115420159	LTR/ERVL-MaLR	1103	-	236	115419922	67402
chr5	115352520	115552520	harbor2	chr5	115433862	115434053	LTR/ERVL-MaLR	533	-	96	115433958	81438
chr5	173689405	173889405	harbor2	chr5	173706477	173706835	LTR/ERVL-MaLR	1638	-	179	173706656	17251
chr5	173689405	173889405	harbor2	chr5	173758587	173759068	LTR/ERVL-MaLR	858	-	240	173758827	69422
chr5	173689405	173889405	harbor2	chr5	173759689	173760212	LTR/ERVL-MaLR	2287	-	262	173759951	70546
chr5	173689405	173889405	harbor2	chr5	173763281	173763463	LTR/ERVL-MaLR	424	-	91	173763372	73967
chr5	173689405	173889405	harbor2	chr5	173788568	173788961	LTR/ERVL-MaLR	712	-	196	173788764	99359
chr5	92851329	93051329	harbor2	chr5	92889221	92889384	LTR/ERVL-MaLR	788	-	82	92889303	37974
chr5	92851329	93051329	harbor2	chr5	92905502	92905999	LTR/ERVL-MaLR	1251	-	248	92905750	54421
chr5	92851329	93051329	harbor2	chr5	92914947	92915309	LTR/ERVL-MaLR	1814	-	181	92915128	63799
chr5	92851329	93051329	harbor2	chr5	92950630	92951020	LTR/ERVL-MaLR	1778	-	195	92950825	99496
chr5	58108157	58308157	harbor2	chr5	58108523	58108939	LTR/ERVL-MaLR	1309	-	208	58108731	574
chr5	58108157	58308157	harbor2	chr5	58120434	58120976	LTR/ERVL-MaLR	2121	-	271	58120705	12548
chr5	58108157	58308157	harbor2	chr5	58147979	58148377	LTR/ERVL-MaLR	1417	-	199	58148178	40021
chr5	58108157	58308157	harbor2	chr5	58175732	58176167	LTR/ERVL-MaLR	2260	-	218	58175950	67793
chr5	58108157	58308157	harbor2	chr5	58207568	58207762	LTR/ERVL-MaLR	752	-	97	58207665	99508
chr5	118080672	118280672	harbor2	chr5	118087256	118087788	LTR/ERVL-MaLR	2168	-	266	118087522	6850
chr5	118080672	118280672	harbor2	chr5	118104277	118104652	LTR/ERVL-MaLR	536	-	188	118104465	23793
chr5	118080672	118280672	harbor2	chr5	118104647	118105384	LTR/ERVL-MaLR	2522	-	368	118105015	24343
chr5	118080672	118280672	harbor2	chr5	118105417	118105962	LTR/ERVL-MaLR	2274	-	272	118105689	25017
chr5	118080672	118280672	harbor2	chr5	118105972	118106429	LTR/ERVL-MaLR	879	-	228	118106200	25528
chr5	118080672	118280672	harbor2	chr5	118122357	118122774	LTR/ERVL-MaLR	2538	-	208	118122565	41893
chr5	118080672	118280672	harbor2	chr5	118130925	118131093	LTR/ERVL-MaLR	496	-	84	118131009	50337
chr5	118080672	118280672	harbor2	chr5	118142562	118142869	LTR/ERVL-MaLR	1170	-	154	118142716	62044
chr6	70749683	70949683	harbor2	chr6	70780108	70780201	LTR/ERVL-MaLR	450	-	46	70780154	30471
chr6	70749683	70949683	harbor2	chr6	70795317	70795682	LTR/ERVL-MaLR	2087	-	182	70795499	45816
chr6	70749683	70949683	harbor2	chr6	70832537	70832919	LTR/ERVL-MaLR	2045	-	191	70832728	83045
chr6	70749683	70949683	harbor2	chr6	70836132	70836470	LTR/ERVL-MaLR	1970	-	169	70836301	86618
chr6	70749683	70949683	harbor2	chr6	70839195	70839379	LTR/ERVL-MaLR	438	-	92	70839287	89604
chr6	70749683	70949683	harbor2	chr6	70842622	70843019	LTR/ERVL-MaLR	520	-	198	70842820	93137
chr6	169229148	169429148	harbor2	chr6	169287617	169287718	LTR/ERVL-MaLR	403	-	50	169287667	58519
chr6	169229148	169429148	harbor2	chr6	169288142	169288487	LTR/ERVL-MaLR	782	-	172	169288314	59166
chr6	169229148	169429148	harbor2	chr6	169291086	169291440	LTR/ERVL-MaLR	1580	-	177	169291263	62115
chr6	169229148	169429148	harbor2	chr6	169298622	169298995	LTR/ERVL-MaLR	2663	-	186	169298808	69660
chr6	169229148	169429148	harbor2	chr6	169311741	169312094	LTR/ERVL-MaLR	2803	-	176	169311917	82769
chr6	169229148	169429148	harbor2	chr6	169323482	169324313	LTR/ERVL-MaLR	3211	-	416	169323898	94750
chr6	169229148	169429148	harbor2	chr6	169324317	169324678	LTR/ERVL-MaLR	2112	-	180	169324497	95349
chr6	29668969	29868969	harbor2	chr6	29688475	29688890	LTR/ERVL-MaLR	1257	-	208	29688683	19714
chr6	143029044	143229044	harbor2	chr6	143053744	143053949	LTR/ERVL-MaLR	1005	-	102	143053846	24802
chr6	143029044	143229044	harbor2	chr6	143054069	143054111	LTR/ERVL-MaLR	738	-	21	143054090	25046
chr6	143029044	143229044	harbor2	chr6	143054420	143054601	LTR/ERVL-MaLR	1096	-	90	143054510	25466
chr6	143029044	143229044	harbor2	chr6	143055390	143055556	LTR/ERVL-MaLR	655	-	83	143055473	26429
chr6	143029044	143229044	harbor2	chr6	143070472	143070849	LTR/ERVL-MaLR	1766	-	188	143070660	41616
chr6	143029044	143229044	harbor2	chr6	143073619	143073992	LTR/ERVL-MaLR	2110	-	186	143073805	44761
chr6	143029044	143229044	harbor2	chr6	143078462	143078823	LTR/ERVL-MaLR	2312	-	180	143078642	49598
chr6	143029044	143229044	harbor2	chr6	143089534	143089942	LTR/ERVL-MaLR	2228	-	204	143089738	60694
chr6	143029044	143229044	harbor2	chr6	143106720	143107063	LTR/ERVL-MaLR	1527	-	172	143106892	77848
chr6	143029044	143229044	harbor2	chr6	143120343	143120708	LTR/ERVL-MaLR	2653	-	182	143120525	91481
chr6	143029044	143229044	harbor2	chr6	143124592	143124963	LTR/ERVL-MaLR	2496	-	186	143124778	95734
chr6	153903016	154103016	harbor2	chr6	153957281	153957343	LTR/ERVL-MaLR	484	-	31	153957312	54296
chr6	153903016	154103016	harbor2	chr6	153957808	153958083	LTR/ERVL-MaLR	1219	-	138	153957946	54930
chr6	153903016	154103016	harbor2	chr6	153958356	153959747	LTR/ERVL-MaLR	6161	-	696	153959052	56036
chr6	153903016	154103016	harbor2	chr6	153959748	153959926	LTR/ERVL-MaLR	1097	-	89	153959837	56821
chr6	153903016	154103016	harbor2	chr6	153960464	153960497	LTR/ERVL-MaLR	1097	-	16	153960480	57464
chr6	153903016	154103016	harbor2	chr6	153975522	153975892	LTR/ERVL-MaLR	444	-	185	153975707	72691
chr6	153903016	154103016	harbor2	chr6	153991798	153992287	LTR/ERVL-MaLR	423	-	244	153992042	89026
chr6	158215953	158415953	harbor2	chr6	158219141	158219496	LTR/ERVL-MaLR	558	-	178	158219319	3366
chr6	158215953	158415953	harbor2	chr6	158222091	158222159	LTR/ERVL-MaLR	411	-	34	158222125	6172
chr6	158215953	158415953	harbor2	chr6	158222347	158222491	LTR/ERVL-MaLR	419	-	72	158222419	6466
chr6	158215953	158415953	harbor2	chr6	158261646	158262121	LTR/ERVL-MaLR	757	-	238	158261884	45931
chr6	158215953	158415953	harbor2	chr6	158268432	158268574	LTR/ERVL-MaLR	896	-	71	158268503	52550
chr6	158215953	158415953	harbor2	chr6	158268573	158268673	LTR/ERVL-MaLR	696	-	50	158268623	52670
chr6	158215953	158415953	harbor2	chr6	158310093	158310317	LTR/ERVL-MaLR	1361	-	112	158310205	94252
chr6	158215953	158415953	harbor2	chr6	158310550	158310731	LTR/ERVL-MaLR	1098	-	90	158310640	94687
chr6	158215953	158415953	harbor2	chr6	158315162	158315476	LTR/ERVL-MaLR	1523	-	157	158315319	99366
chr6	158215953	158415953	harbor2	chr6	158315623	158315982	LTR/ERVL-MaLR	2205	-	180	158315803	99850
chr6	153957261	154157261	harbor2	chr6	153957281	153957343	LTR/ERVL-MaLR	484	-	31	153957312	51
chr6	153957261	154157261	harbor2	chr6	153957808	153958083	LTR/ERVL-MaLR	1219	-	138	153957946	685
chr6	153957261	154157261	harbor2	chr6	153958356	153959747	LTR/ERVL-MaLR	6161	-	696	153959052	1791
chr6	153957261	154157261	harbor2	chr6	153959748	153959926	LTR/ERVL-MaLR	1097	-	89	153959837	2576
chr6	153957261	154157261	harbor2	chr6	153960464	153960497	LTR/ERVL-MaLR	1097	-	16	153960480	3219
chr6	153957261	154157261	harbor2	chr6	153975522	153975892	LTR/ERVL-MaLR	444	-	185	153975707	18446
chr6	153957261	154157261	harbor2	chr6	153991798	153992287	LTR/ERVL-MaLR	423	-	244	153992042	34781
chr6	153957261	154157261	harbor2	chr6	154012698	154013051	LTR/ERVL-MaLR	1554	-	176	154012874	55613
chr6	153957261	154157261	harbor2	chr6	154013691	154014055	LTR/ERVL-MaLR	781	-	182	154013873	56612
chr6	153957261	154157261	harbor2	chr6	154047780	154048126	LTR/ERVL-MaLR	1831	-	173	154047953	90692
chr6	138057692	138257692	harbor2	chr6	138062555	138063017	LTR/ERVL-MaLR	1145	-	231	138062786	5094
chr6	138057692	138257692	harbor2	chr6	138128081	138128518	LTR/ERVL-MaLR	1681	-	218	138128299	70607
chr6	138057692	138257692	harbor2	chr6	138130146	138130532	LTR/ERVL-MaLR	2396	-	193	138130339	72647
chr6	138057692	138257692	harbor2	chr6	138130533	138130950	LTR/ERVL-MaLR	2707	-	208	138130741	73049
chr6	90906655	91106655	harbor2	chr6	90928468	90928759	LTR/ERVL-MaLR	408	-	146	90928614	21959
chr6	90906655	91106655	harbor2	chr6	90966263	90966450	LTR/ERVL-MaLR	821	-	94	90966357	59702
chr6	90906655	91106655	harbor2	chr6	90967394	90967670	LTR/ERVL-MaLR	1292	-	138	90967532	60877
chr6	90906655	91106655	harbor2	chr6	90983599	90983845	LTR/ERVL-MaLR	691	-	123	90983722	77067
chr6	90906655	91106655	harbor2	chr6	90991089	90991488	LTR/ERVL-MaLR	1815	-	200	90991289	84634
chr6	90906655	91106655	harbor2	chr6	90994337	90994452	LTR/ERVL-MaLR	656	-	58	90994395	87740
chr6	90906655	91106655	harbor2	chr6	90994496	90994837	LTR/ERVL-MaLR	814	-	170	90994666	88011
chr6	90906655	91106655	harbor2	chr6	91006346	91006678	LTR/ERVL-MaLR	408	-	166	91006512	99857
chr6	128525513	128725513	harbor2	chr6	128566363	128566879	LTR/ERVL-MaLR	1801	-	258	128566621	41108
chr6	128525513	128725513	harbor2	chr6	128606028	128606183	LTR/ERVL-MaLR	507	-	78	128606106	80593
chr6	160240229	160440229	harbor2	chr6	160302722	160303083	LTR/ERVL-MaLR	2709	-	180	160302902	62673
chr6	160240229	160440229	harbor2	chr6	160303084	160304766	LTR/ERVL-MaLR	9108	-	841	160303925	63696
chr6	160240229	160440229	harbor2	chr6	160304769	160305131	LTR/ERVL-MaLR	2566	-	181	160304950	64721
chr6	160240229	160440229	harbor2	chr6	160322337	160322507	LTR/ERVL-MaLR	588	-	85	160322422	82193
chr6	160240229	160440229	harbor2	chr6	160325303	160325419	LTR/ERVL-MaLR	516	-	58	160325361	85132
chr6	45836312	46036312	harbor2	chr6	45856919	45857501	LTR/ERVL-MaLR	1717	-	291	45857210	20898
chr6	45836312	46036312	harbor2	chr6	45884019	45884190	LTR/ERVL-MaLR	499	-	86	45884105	47793
chr6	45836312	46036312	harbor2	chr6	45887161	45887597	LTR/ERVL-MaLR	1377	-	218	45887379	51067
chr6	45836312	46036312	harbor2	chr6	45889081	45889445	LTR/ERVL-MaLR	1824	-	182	45889263	52951
chr6	45836312	46036312	harbor2	chr6	45896942	45897202	LTR/ERVL-MaLR	700	-	130	45897072	60760
chr6	131542373	131742373	harbor2	chr6	131629140	131629390	LTR/ERVL-MaLR	1638	-	125	131629265	86892
chr6	36244557	36444557	harbor2	chr6	36257276	36257569	LTR/ERVL-MaLR	616	-	146	36257422	12865
chr6	36244557	36444557	harbor2	chr6	36277219	36277497	LTR/ERVL-MaLR	1209	-	139	36277358	32801
chr6	137384853	137584853	harbor2	chr6	137386589	137386937	LTR/ERVL-MaLR	2396	-	174	137386763	1910
chr6	137384853	137584853	harbor2	chr6	137449039	137449334	LTR/ERVL-MaLR	1149	-	148	137449187	64334
chr6	137384853	137584853	harbor2	chr6	137457574	137457784	LTR/ERVL-MaLR	1222	-	105	137457679	72826
chr6	137384853	137584853	harbor2	chr6	137459669	137460041	LTR/ERVL-MaLR	2828	-	186	137459855	75002
chr6	137384853	137584853	harbor2	chr6	137460047	137460488	LTR/ERVL-MaLR	2465	-	220	137460267	75414
chr6	137384853	137584853	harbor2	chr6	137461421	137461859	LTR/ERVL-MaLR	2458	-	219	137461640	76787
chr6	115031139	115231139	harbor2	chr6	115073497	115073954	LTR/ERVL-MaLR	775	-	228	115073725	42586
chr6	115031139	115231139	harbor2	chr6	115088310	115088680	LTR/ERVL-MaLR	2047	-	185	115088495	57356
chr6	115031139	115231139	harbor2	chr6	115106779	115107147	LTR/ERVL-MaLR	2326	-	184	115106963	75824
chr6	115031139	115231139	harbor2	chr6	115115755	115116091	LTR/ERVL-MaLR	1387	-	168	115115923	84784
chr6	169972501	170172501	harbor2	chr6	170000766	170001093	LTR/ERVL-MaLR	1937	-	164	170000930	28429
chr6	169972501	170172501	harbor2	chr6	170001094	170002652	LTR/ERVL-MaLR	12024	-	779	170001873	29372
chr6	169972501	170172501	harbor2	chr6	170002653	170002994	LTR/ERVL-MaLR	2312	-	170	170002823	30322
chr6	169972501	170172501	harbor2	chr6	170003745	170004120	LTR/ERVL-MaLR	2876	-	188	170003933	31432
chr6	169972501	170172501	harbor2	chr6	170004121	170005661	LTR/ERVL-MaLR	10578	-	770	170004891	32390
chr6	169972501	170172501	harbor2	chr6	170005664	170006037	LTR/ERVL-MaLR	2582	-	186	170005850	33349
chr6	169972501	170172501	harbor2	chr6	170013373	170013703	LTR/ERVL-MaLR	867	-	165	170013538	41037
chr6	169972501	170172501	harbor2	chr6	170035837	170036872	LTR/ERVL-MaLR	6785	-	518	170036355	63854
chr6	169972501	170172501	harbor2	chr6	170036873	170037255	LTR/ERVL-MaLR	1729	-	191	170037064	64563
chr6	165505728	165705728	harbor2	chr6	165595617	165595974	LTR/ERVL-MaLR	1625	-	178	165595795	90067
chr6	96630774	96830774	harbor2	chr6	96669695	96669956	LTR/ERVL-MaLR	563	-	130	96669825	39051
chr6	96630774	96830774	harbor2	chr6	96673897	96674230	LTR/ERVL-MaLR	1523	-	166	96674063	43289
chr6	96630774	96830774	harbor2	chr6	96677923	96678311	LTR/ERVL-MaLR	2006	-	194	96678117	47343
chr6	96630774	96830774	harbor2	chr6	96700350	96700779	LTR/ERVL-MaLR	1401	-	214	96700564	69790
chr6	96630774	96830774	harbor2	chr6	96717545	96717763	LTR/ERVL-MaLR	1235	-	109	96717654	86880
chr6	96630774	96830774	harbor2	chr6	96718617	96718809	LTR/ERVL-MaLR	1235	-	96	96718713	87939
chr6	96630774	96830774	harbor2	chr6	96726466	96726779	LTR/ERVL-MaLR	713	-	156	96726622	95848
chr6	122138709	122338709	harbor2	chr6	122213708	122214063	LTR/ERVL-MaLR	815	-	178	122213886	75177
chr6	122138709	122338709	harbor2	chr6	122225645	122226041	LTR/ERVL-MaLR	1100	-	198	122225843	87134
chr6	122138709	122338709	harbor2	chr6	122224408	122224779	LTR/ERVL-MaLR	1313	-	186	122224594	85885
chr6	155204207	155404207	harbor2	chr6	155204797	155205163	LTR/ERVL-MaLR	1212	-	183	155204980	773
chr6	155204207	155404207	harbor2	chr6	155229700	155230059	LTR/ERVL-MaLR	2630	-	180	155229880	25673
chr6	155204207	155404207	harbor2	chr6	155236680	155236915	LTR/ERVL-MaLR	1422	-	118	155236798	32591
chr6	155204207	155404207	harbor2	chr6	155302763	155303036	LTR/ERVL-MaLR	1925	-	136	155302899	98692
chr6	155204207	155404207	harbor2	chr6	155236921	155238466	LTR/ERVL-MaLR	11805	-	772	155237693	33486
chr6	62201863	62401863	harbor2	chr6	62214584	62214745	LTR/ERVL-MaLR	509	-	80	62214664	12801
chr6	62201863	62401863	harbor2	chr6	62222279	62222629	LTR/ERVL-MaLR	2226	-	175	62222454	20591
chr6	62201863	62401863	harbor2	chr6	62222682	62224045	LTR/ERVL-MaLR	9903	-	682	62223364	21501
chr6	62201863	62401863	harbor2	chr6	62224046	62224403	LTR/ERVL-MaLR	2023	-	178	62224224	22361
chr6	62201863	62401863	harbor2	chr6	62231195	62231573	LTR/ERVL-MaLR	1940	-	189	62231384	29521
chr6	62201863	62401863	harbor2	chr6	62296277	62296469	LTR/ERVL-MaLR	832	-	96	62296373	94510
chr6	62201863	62401863	harbor2	chr6	62297495	62297898	LTR/ERVL-MaLR	1497	-	202	62297697	95834
chr6	62201863	62401863	harbor2	chr6	62298383	62298456	LTR/ERVL-MaLR	1497	-	36	62298419	96556
chr6	87971843	88171843	harbor2	chr6	87975489	87975870	LTR/ERVL-MaLR	1057	-	190	87975679	3836
chr6	87971843	88171843	harbor2	chr6	87976174	87976267	LTR/ERVL-MaLR	1057	-	46	87976220	4377
chr6	87971843	88171843	harbor2	chr6	88027278	88027677	LTR/ERVL-MaLR	2023	-	200	88027478	55635
chr6	87971843	88171843	harbor2	chr6	88027678	88029321	LTR/ERVL-MaLR	9401	-	822	88028500	56657
chr6	87971843	88171843	harbor2	chr6	88029322	88029737	LTR/ERVL-MaLR	1763	-	208	88029530	57687
chr6	97655208	97855208	harbor2	chr6	97714801	97715190	LTR/ERVL-MaLR	1600	-	194	97714995	59787
chr6	97655208	97855208	harbor2	chr6	97723672	97723850	LTR/ERVL-MaLR	784	-	89	97723761	68553
chr6	97655208	97855208	harbor2	chr6	97724042	97724269	LTR/ERVL-MaLR	1192	-	114	97724156	68948
chr6	72668379	72868379	harbor2	chr6	72668594	72669014	LTR/ERVL-MaLR	799	-	210	72668804	425
chr6	72668379	72868379	harbor2	chr6	72669016	72670528	LTR/ERVL-MaLR	4083	-	756	72669772	1393
chr6	72668379	72868379	harbor2	chr6	72670529	72670827	LTR/ERVL-MaLR	866	-	149	72670678	2299
chr6	72668379	72868379	harbor2	chr6	72670965	72671187	LTR/ERVL-MaLR	1074	-	111	72671076	2697
chr6	72668379	72868379	harbor2	chr6	72685823	72686194	LTR/ERVL-MaLR	1297	-	186	72686009	17630
chr6	72668379	72868379	harbor2	chr6	72731367	72731640	LTR/ERVL-MaLR	660	-	136	72731503	63124
chr6	72668379	72868379	harbor2	chr6	72739889	72740048	LTR/ERVL-MaLR	725	-	80	72739969	71590
chr6	72668379	72868379	harbor2	chr6	72743844	72744252	LTR/ERVL-MaLR	846	-	204	72744048	75669
chr6	72668379	72868379	harbor2	chr6	72745676	72746177	LTR/ERVL-MaLR	1367	-	250	72745926	77547
chr6	72668379	72868379	harbor2	chr6	72728197	72728660	LTR/ERVL-MaLR	681	-	232	72728429	60050
chr6	121539229	121739229	harbor2	chr6	121591170	121591544	LTR/ERVL-MaLR	1902	-	187	121591357	52128
chr6	121539229	121739229	harbor2	chr6	121603592	121603780	LTR/ERVL-MaLR	410	-	94	121603686	64457
chr6	121539229	121739229	harbor2	chr6	121603781	121604122	LTR/ERVL-MaLR	1351	-	170	121603951	64722
chr6	121539229	121739229	harbor2	chr6	121604123	121604324	LTR/ERVL-MaLR	410	-	100	121604223	64994
chr6	139566587	139766587	harbor2	chr6	139603792	139604281	LTR/ERVL-MaLR	1623	-	244	139604036	37449
chr6	139566587	139766587	harbor2	chr6	139604580	139604680	LTR/ERVL-MaLR	1378	-	50	139604630	38043
chr6	139566587	139766587	harbor2	chr6	139628893	139629051	LTR/ERVL-MaLR	687	-	79	139628972	62385
chr6	139566587	139766587	harbor2	chr6	139637443	139637664	LTR/ERVL-MaLR	1457	-	110	139637553	70966
chr6	139566587	139766587	harbor2	chr6	139637683	139637934	LTR/ERVL-MaLR	911	-	126	139637809	71222
chr6	139566587	139766587	harbor2	chr6	139637960	139638079	LTR/ERVL-MaLR	409	-	60	139638020	71433
chr6	139566587	139766587	harbor2	chr6	139664356	139664680	LTR/ERVL-MaLR	916	-	162	139664518	97931
chr6	139566587	139766587	harbor2	chr6	139664988	139665100	LTR/ERVL-MaLR	916	-	56	139665044	98457
chr6	146843477	147043477	harbor2	chr6	146844200	146844553	LTR/ERVL-MaLR	2192	-	176	146844376	899
chr6	146843477	147043477	harbor2	chr6	146844555	146846096	LTR/ERVL-MaLR	10508	-	770	146845325	1848
chr6	146843477	147043477	harbor2	chr6	146846097	146846470	LTR/ERVL-MaLR	2502	-	186	146846283	2806
chr6	146843477	147043477	harbor2	chr6	146851081	146851531	LTR/ERVL-MaLR	1310	-	225	146851306	7829
chr6	146843477	147043477	harbor2	chr6	146852005	146852208	LTR/ERVL-MaLR	753	-	102	146852107	8630
chr6	146843477	147043477	harbor2	chr6	146852375	146852648	LTR/ERVL-MaLR	2497	-	136	146852511	9034
chr6	146843477	147043477	harbor2	chr6	146853017	146853167	LTR/ERVL-MaLR	2497	-	75	146853092	9615
chr6	146843477	147043477	harbor2	chr6	146853643	146853808	LTR/ERVL-MaLR	738	-	82	146853725	10248
chr6	146843477	147043477	harbor2	chr6	146936729	146937217	LTR/ERVL-MaLR	1893	-	244	146936973	93496
chr6	133228895	133428895	harbor2	chr6	133232462	133232844	LTR/ERVL-MaLR	1120	-	191	133232653	3758
chr6	133228895	133428895	harbor2	chr6	133232845	133233802	LTR/ERVL-MaLR	5003	-	478	133233323	4428
chr6	133228895	133428895	harbor2	chr6	133234716	133235081	LTR/ERVL-MaLR	844	-	182	133234898	6003
chr6	133228895	133428895	harbor2	chr6	133234109	133234704	LTR/ERVL-MaLR	5003	-	298	133234407	5512
chr6	168571892	168771892	harbor2	chr6	168573762	168573998	LTR/ERVL-MaLR	527	-	118	168573880	1988
chr6	168571892	168771892	harbor2	chr6	168587883	168588120	LTR/ERVL-MaLR	1351	-	118	168588001	16109
chr6	168571892	168771892	harbor2	chr6	168588423	168588583	LTR/ERVL-MaLR	1351	-	80	168588503	16611
chr6	168571892	168771892	harbor2	chr6	168603921	168604379	LTR/ERVL-MaLR	751	-	229	168604150	32258
chr6	168571892	168771892	harbor2	chr6	168621504	168621876	LTR/ERVL-MaLR	2210	-	186	168621690	49798
chr6	168571892	168771892	harbor2	chr6	168657603	168657963	LTR/ERVL-MaLR	1569	-	180	168657783	85891
chr6	29991401	30191401	harbor2	chr6	30044477	30044838	LTR/ERVL-MaLR	622	-	180	30044657	53256
chr6	29991401	30191401	harbor2	chr6	30046119	30046494	LTR/ERVL-MaLR	2002	-	188	30046307	54906
chr6	29991401	30191401	harbor2	chr6	30047140	30047529	LTR/ERVL-MaLR	1997	-	194	30047334	55933
chr6	92285102	92485102	harbor2	chr6	92338311	92338718	LTR/ERVL-MaLR	839	-	204	92338515	53413
chr6	92285102	92485102	harbor2	chr6	92352184	92352626	LTR/ERVL-MaLR	2232	-	221	92352405	67303
chr6	92285102	92485102	harbor2	chr6	92366384	92366745	LTR/ERVL-MaLR	2088	-	180	92366564	81462
chr6	120243317	120443317	harbor2	chr6	120260892	120261295	LTR/ERVL-MaLR	491	-	202	120261094	17777
chr6	120243317	120443317	harbor2	chr6	120272141	120272523	LTR/ERVL-MaLR	1617	-	191	120272332	29015
chr6	120243317	120443317	harbor2	chr6	120272525	120273171	LTR/ERVL-MaLR	2253	-	323	120272848	29531
chr6	120243317	120443317	harbor2	chr6	120273166	120273476	LTR/ERVL-MaLR	828	-	155	120273321	30004
chr6	120243317	120443317	harbor2	chr6	120283204	120283562	LTR/ERVL-MaLR	2122	-	179	120283383	40066
chr6	120243317	120443317	harbor2	chr6	120301395	120301694	LTR/ERVL-MaLR	712	-	150	120301545	58228
chr6	120243317	120443317	harbor2	chr6	120301830	120302135	LTR/ERVL-MaLR	1586	-	152	120301982	58665
chr6	120243317	120443317	harbor2	chr6	120313359	120313741	LTR/ERVL-MaLR	2238	-	191	120313550	70233
chr6	120243317	120443317	harbor2	chr6	120318068	120318283	LTR/ERVL-MaLR	1150	-	108	120318176	74859
chr6	120243317	120443317	harbor2	chr6	120323409	120323756	LTR/ERVL-MaLR	2444	-	174	120323583	80266
chr6	120243317	120443317	harbor2	chr6	120324056	120324087	LTR/ERVL-MaLR	2444	-	16	120324072	80755
chr6	132357172	132557172	harbor2	chr6	132418164	132418530	LTR/ERVL-MaLR	2310	-	183	132418347	61175
chr6	132357172	132557172	harbor2	chr6	132437554	132437952	LTR/ERVL-MaLR	2071	-	199	132437753	80581
chr6	162931369	163131369	harbor2	chr6	162933708	162933983	LTR/ERVL-MaLR	1905	-	138	162933846	2477
chr6	162931369	163131369	harbor2	chr6	162934290	162934449	LTR/ERVL-MaLR	1905	-	80	162934370	3001
chr6	162931369	163131369	harbor2	chr6	162935947	162936307	LTR/ERVL-MaLR	2103	-	180	162936127	4758
chr6	162931369	163131369	harbor2	chr6	162956450	162956894	LTR/ERVL-MaLR	1001	-	222	162956672	25303
chr6	162931369	163131369	harbor2	chr6	162960741	162961054	LTR/ERVL-MaLR	541	-	156	162960897	29528
chr6	162931369	163131369	harbor2	chr6	162965309	162965661	LTR/ERVL-MaLR	1800	-	176	162965485	34116
chr6	162931369	163131369	harbor2	chr6	163004296	163004683	LTR/ERVL-MaLR	2292	-	194	163004490	73121
chr6	148572296	148772296	harbor2	chr6	148619266	148619783	LTR/ERVL-MaLR	891	-	258	148619524	47228
chr6	148572296	148772296	harbor2	chr6	148635590	148635953	LTR/ERVL-MaLR	2073	-	182	148635772	63476
chr6	23124269	23324269	harbor2	chr6	23126172	23126508	LTR/ERVL-MaLR	1449	-	168	23126340	2071
chr6	23124269	23324269	harbor2	chr6	23131564	23131977	LTR/ERVL-MaLR	2255	-	206	23131770	7501
chr6	23124269	23324269	harbor2	chr6	23149507	23149820	LTR/ERVL-MaLR	2299	-	156	23149663	25394
chr6	23124269	23324269	harbor2	chr6	23149821	23150194	LTR/ERVL-MaLR	2702	-	186	23150007	25738
chr6	23124269	23324269	harbor2	chr6	23174353	23174705	LTR/ERVL-MaLR	1762	-	176	23174529	50260
chr6	23124269	23324269	harbor2	chr6	23213707	23214315	LTR/ERVL-MaLR	1689	-	304	23214011	89742
chr6	23124269	23324269	harbor2	chr6	23216217	23216617	LTR/ERVL-MaLR	1418	-	200	23216417	92148
chr6	130097882	130297882	harbor2	chr6	130128188	130128616	LTR/ERVL-MaLR	794	-	214	130128402	30520
chr6	130097882	130297882	harbor2	chr6	130138221	130138674	LTR/ERVL-MaLR	1914	-	226	130138447	40565
chr6	170364714	170564714	harbor2	chr6	170368684	170369050	LTR/ERVL-MaLR	914	-	183	170368867	4153
chr6	170364714	170564714	harbor2	chr6	170407452	170407869	LTR/ERVL-MaLR	667	-	208	170407660	42946
chr6	74997706	75197706	harbor2	chr6	75012348	75012679	LTR/ERVL-MaLR	1445	-	166	75012514	14808
chr6	74997706	75197706	harbor2	chr6	75048668	75048721	LTR/ERVL-MaLR	1464	-	26	75048694	50988
chr6	74997706	75197706	harbor2	chr6	75048777	75049207	LTR/ERVL-MaLR	1464	-	215	75048992	51286
chr6	74997706	75197706	harbor2	chr6	75058006	75058347	LTR/ERVL-MaLR	1886	-	170	75058176	60470
chr6	74997706	75197706	harbor2	chr6	75058355	75059930	LTR/ERVL-MaLR	11104	-	788	75059143	61437
chr6	74997706	75197706	harbor2	chr6	75059931	75060294	LTR/ERVL-MaLR	1909	-	182	75060113	62407
chr6	74997706	75197706	harbor2	chr6	75060645	75061015	LTR/ERVL-MaLR	871	-	185	75060830	63124
chr6	94062142	94262142	harbor2	chr6	94138046	94138251	LTR/ERVL-MaLR	409	-	102	94138148	76006
chr6	94062142	94262142	harbor2	chr6	94156330	94156755	LTR/ERVL-MaLR	1069	-	212	94156542	94400
chr6	80852540	81052540	harbor2	chr6	80899249	80899636	LTR/ERVL-MaLR	1859	-	194	80899443	46903
chr6	80852540	81052540	harbor2	chr6	80899639	80901230	LTR/ERVL-MaLR	9755	-	796	80900435	47895
chr6	80852540	81052540	harbor2	chr6	80901231	80901615	LTR/ERVL-MaLR	1854	-	192	80901423	48883
chr6	80852540	81052540	harbor2	chr6	80902989	80903358	LTR/ERVL-MaLR	1935	-	184	80903173	50633
chr6	143585689	143785689	harbor2	chr6	143589018	143589179	LTR/ERVL-MaLR	2210	-	80	143589098	3409
chr6	143585689	143785689	harbor2	chr6	143589559	143589800	LTR/ERVL-MaLR	2210	-	120	143589679	3990
chr6	143585689	143785689	harbor2	chr6	143628276	143628741	LTR/ERVL-MaLR	2271	-	232	143628508	42819
chr6	143585689	143785689	harbor2	chr6	143637484	143638009	LTR/ERVL-MaLR	1138	-	262	143637746	52057
chr6	143585689	143785689	harbor2	chr6	143640953	143641303	LTR/ERVL-MaLR	1136	-	175	143641128	55439
chr6	143585689	143785689	harbor2	chr6	143659377	143659624	LTR/ERVL-MaLR	589	-	124	143659501	73812
chr6	143585689	143785689	harbor2	chr6	143660188	143660544	LTR/ERVL-MaLR	2155	-	178	143660366	74677
chr6	158730669	158930669	harbor2	chr6	158745913	158746272	LTR/ERVL-MaLR	1977	-	180	158746093	15424
chr6	156328844	156528844	harbor2	chr6	156361137	156361253	LTR/ERVL-MaLR	671	-	58	156361195	32351
chr6	156328844	156528844	harbor2	chr6	156367299	156367576	LTR/ERVL-MaLR	1382	-	138	156367437	38593
chr6	156328844	156528844	harbor2	chr6	156369418	156369789	LTR/ERVL-MaLR	2319	-	186	156369604	40760
chr6	156328844	156528844	harbor2	chr6	156415526	156415878	LTR/ERVL-MaLR	1846	-	176	156415702	86858
chr6	166679815	166879815	harbor2	chr6	166744934	166745148	LTR/ERVL-MaLR	1574	-	107	166745041	65226
chr6	166679815	166879815	harbor2	chr6	166745452	166745624	LTR/ERVL-MaLR	1574	-	86	166745538	65723
chr6	155518162	155718162	harbor2	chr6	155522514	155522919	LTR/ERVL-MaLR	2438	-	202	155522716	4554
chr6	155518162	155718162	harbor2	chr6	155563324	155563678	LTR/ERVL-MaLR	2151	-	177	155563501	45339
chr6	155518162	155718162	harbor2	chr6	155606538	155606914	LTR/ERVL-MaLR	1997	-	188	155606726	88564
chr6	161856379	162056379	harbor2	chr6	161861841	161862241	LTR/ERVL-MaLR	731	-	200	161862041	5662
chr6	116187857	116387857	harbor2	chr6	116213157	116213620	LTR/ERVL-MaLR	671	-	232	116213389	25532
chr6	116187857	116387857	harbor2	chr6	116218858	116219008	LTR/ERVL-MaLR	577	-	75	116218933	31076
chr6	116187857	116387857	harbor2	chr6	116219174	116219621	LTR/ERVL-MaLR	577	-	224	116219398	31541
chr6	116187857	116387857	harbor2	chr6	116231922	116232303	LTR/ERVL-MaLR	1961	-	190	116232112	44255
chr6	116187857	116387857	harbor2	chr6	116257491	116257655	LTR/ERVL-MaLR	1685	-	82	116257573	69716
chr6	116187857	116387857	harbor2	chr6	116257689	116257887	LTR/ERVL-MaLR	1685	-	99	116257788	69931
chr6	116187857	116387857	harbor2	chr6	116267690	116268046	LTR/ERVL-MaLR	795	-	178	116267868	80011
chr6	66868899	67068899	harbor2	chr6	66880016	66880397	LTR/ERVL-MaLR	2042	-	190	66880206	11307
chr6	66868899	67068899	harbor2	chr6	66880402	66882024	LTR/ERVL-MaLR	10432	-	811	66881213	12314
chr6	66868899	67068899	harbor2	chr6	66882028	66882399	LTR/ERVL-MaLR	1714	-	186	66882214	13315
chr6	66868899	67068899	harbor2	chr6	66919324	66919681	LTR/ERVL-MaLR	2132	-	178	66919502	50603
chr6	66868899	67068899	harbor2	chr6	66943476	66943723	LTR/ERVL-MaLR	1174	-	124	66943600	74701
chr6	66868899	67068899	harbor2	chr6	66943724	66944090	LTR/ERVL-MaLR	1881	-	183	66943907	75008
chr6	66868899	67068899	harbor2	chr6	66944091	66944224	LTR/ERVL-MaLR	1174	-	66	66944157	75258
chr6	66868899	67068899	harbor2	chr6	66955565	66955937	LTR/ERVL-MaLR	1880	-	186	66955751	86852
chr6	156263374	156463374	harbor2	chr6	156266049	156266412	LTR/ERVL-MaLR	2206	-	182	156266231	2857
chr6	156263374	156463374	harbor2	chr6	156293535	156293919	LTR/ERVL-MaLR	2215	-	192	156293727	30353
chr6	156263374	156463374	harbor2	chr6	156303541	156303791	LTR/ERVL-MaLR	1906	-	125	156303666	40292
chr6	156263374	156463374	harbor2	chr6	156304088	156304269	LTR/ERVL-MaLR	1906	-	90	156304178	40804
chr6	156263374	156463374	harbor2	chr6	156311274	156311448	LTR/ERVL-MaLR	780	-	87	156311361	47987
chr6	156263374	156463374	harbor2	chr6	156311520	156311708	LTR/ERVL-MaLR	568	-	94	156311614	48240
chr6	156263374	156463374	harbor2	chr6	156317945	156318310	LTR/ERVL-MaLR	2099	-	182	156318127	54753
chr6	156263374	156463374	harbor2	chr6	156361137	156361253	LTR/ERVL-MaLR	671	-	58	156361195	97821
chr6	169345239	169545239	harbor2	chr6	169382082	169382421	LTR/ERVL-MaLR	896	-	170	169382252	37013
chr6	169345239	169545239	harbor2	chr6	169405165	169405501	LTR/ERVL-MaLR	472	-	168	169405333	60094
chr6	169345239	169545239	harbor2	chr6	169429373	169429669	LTR/ERVL-MaLR	763	-	148	169429521	84282
chr6	161720605	161920605	harbor2	chr6	161807444	161807920	LTR/ERVL-MaLR	1470	-	238	161807682	87077
chr6	161720605	161920605	harbor2	chr6	161814359	161814503	LTR/ERVL-MaLR	2090	-	72	161814431	93826
chr6	161720605	161920605	harbor2	chr6	161814802	161814978	LTR/ERVL-MaLR	2090	-	88	161814890	94285
chr6	66837425	67037425	harbor2	chr6	66880016	66880397	LTR/ERVL-MaLR	2042	-	190	66880206	42781
chr6	66837425	67037425	harbor2	chr6	66880402	66882024	LTR/ERVL-MaLR	10432	-	811	66881213	43788
chr6	66837425	67037425	harbor2	chr6	66882028	66882399	LTR/ERVL-MaLR	1714	-	186	66882214	44789
chr6	66837425	67037425	harbor2	chr6	66919324	66919681	LTR/ERVL-MaLR	2132	-	178	66919502	82077
chr6	129780150	129980150	harbor2	chr6	129796766	129797142	LTR/ERVL-MaLR	2542	-	188	129796954	16804
chr6	129780150	129980150	harbor2	chr6	129871590	129871711	LTR/ERVL-MaLR	543	-	60	129871650	91500
chr6	129780150	129980150	harbor2	chr6	129872992	129873438	LTR/ERVL-MaLR	1036	-	223	129873215	93065
chr6	146888609	147088609	harbor2	chr6	146936729	146937217	LTR/ERVL-MaLR	1893	-	244	146936973	48364
chr6	146888609	147088609	harbor2	chr6	146948487	146948941	LTR/ERVL-MaLR	1805	-	227	146948714	60105
chr6	146888609	147088609	harbor2	chr6	146950602	146951044	LTR/ERVL-MaLR	1212	-	221	146950823	62214
chr6	168808701	169008701	harbor2	chr6	168843763	168844115	LTR/ERVL-MaLR	1490	-	176	168843939	35238
chr6	168808701	169008701	harbor2	chr6	168845652	168846038	LTR/ERVL-MaLR	2639	-	193	168845845	37144
chr6	140226038	140426038	harbor2	chr6	140241257	140241525	LTR/ERVL-MaLR	521	-	134	140241391	15353
chr6	140226038	140426038	harbor2	chr6	140252581	140252965	LTR/ERVL-MaLR	1893	-	192	140252773	26735
chr6	140226038	140426038	harbor2	chr6	140312011	140312390	LTR/ERVL-MaLR	1805	-	190	140312201	86163
chr6	140226038	140426038	harbor2	chr6	140314039	140314421	LTR/ERVL-MaLR	1918	-	191	140314230	88192
chr6	140226038	140426038	harbor2	chr6	140322454	140322853	LTR/ERVL-MaLR	506	-	200	140322654	96616
chr6	140226038	140426038	harbor2	chr6	140312392	140314038	LTR/ERVL-MaLR	10303	-	823	140313215	87177
chr6	90147112	90347112	harbor2	chr6	90157422	90157573	LTR/ERVL-MaLR	489	-	76	90157498	10386
chr6	159849420	160049420	harbor2	chr6	159862586	159863073	LTR/ERVL-MaLR	1323	-	244	159862830	13410
chr6	159849420	160049420	harbor2	chr6	159879097	159879135	LTR/ERVL-MaLR	2313	-	19	159879116	29696
chr6	159849420	160049420	harbor2	chr6	159879446	159879678	LTR/ERVL-MaLR	2313	-	116	159879562	30142
chr6	159849420	160049420	harbor2	chr6	159879884	159880042	LTR/ERVL-MaLR	2313	-	79	159879963	30543
chr6	159849420	160049420	harbor2	chr6	159900909	159901302	LTR/ERVL-MaLR	1762	-	196	159901105	51685
chr6	159849420	160049420	harbor2	chr6	159935706	159936287	LTR/ERVL-MaLR	1442	-	290	159935996	86576
chr6	159849420	160049420	harbor2	chr6	159924185	159924551	LTR/ERVL-MaLR	2204	-	183	159924368	74948
chr6	158008970	158208970	harbor2	chr6	158025009	158025354	LTR/ERVL-MaLR	1324	-	172	158025181	16211
chr6	158008970	158208970	harbor2	chr6	158037093	158037393	LTR/ERVL-MaLR	1353	-	150	158037243	28273
chr6	158008970	158208970	harbor2	chr6	158037701	158037815	LTR/ERVL-MaLR	1353	-	57	158037758	28788
chr6	158008970	158208970	harbor2	chr6	158052379	158052785	LTR/ERVL-MaLR	2497	-	203	158052582	43612
chr6	115317808	115517808	harbor2	chr6	115319849	115320235	LTR/ERVL-MaLR	727	-	193	115320042	2234
chr6	115317808	115517808	harbor2	chr6	115375975	115376429	LTR/ERVL-MaLR	596	-	227	115376202	58394
chr6	167670830	167870830	harbor2	chr6	167674896	167675265	LTR/ERVL-MaLR	2762	-	184	167675080	4250
chr6	167670830	167870830	harbor2	chr6	167684309	167684690	LTR/ERVL-MaLR	2409	-	190	167684499	13669
chr6	167670830	167870830	harbor2	chr6	167752265	167752618	LTR/ERVL-MaLR	2505	-	176	167752441	81611
chr6	167670830	167870830	harbor2	chr6	167752619	167754202	LTR/ERVL-MaLR	12273	-	792	167753411	82581
chr6	167670830	167870830	harbor2	chr6	167754203	167754547	LTR/ERVL-MaLR	2663	-	172	167754375	83545
chr6	167670830	167870830	harbor2	chr6	167765738	167766143	LTR/ERVL-MaLR	1938	-	202	167765940	95110
chr6	127770974	127970974	harbor2	chr6	127773884	127773984	LTR/ERVL-MaLR	434	-	50	127773934	2960
chr6	127770974	127970974	harbor2	chr6	127774679	127775559	LTR/ERVL-MaLR	1201	-	440	127775119	4145
chr6	127770974	127970974	harbor2	chr6	127867286	127867654	LTR/ERVL-MaLR	672	-	184	127867470	96496
chr6	127770974	127970974	harbor2	chr6	127811172	127811672	LTR/ERVL-MaLR	2078	-	250	127811422	40448
chr6	72276611	72476611	harbor2	chr6	72361653	72361968	LTR/ERVL-MaLR	1043	-	158	72361811	85200
chr6	165066872	165266872	harbor2	chr6	165075120	165075470	LTR/ERVL-MaLR	1276	-	175	165075295	8423
chr6	165066872	165266872	harbor2	chr6	165078949	165079308	LTR/ERVL-MaLR	2503	-	180	165079129	12257
chr6	165066872	165266872	harbor2	chr6	165133229	165133403	LTR/ERVL-MaLR	499	-	87	165133316	66444
chr6	165066872	165266872	harbor2	chr6	165162578	165162826	LTR/ERVL-MaLR	1867	-	124	165162702	95830
chr6	165066872	165266872	harbor2	chr6	165162827	165164393	LTR/ERVL-MaLR	9628	-	783	165163610	96738
chr6	165066872	165266872	harbor2	chr6	165164394	165164768	LTR/ERVL-MaLR	2569	-	187	165164581	97709
chr6	167536745	167736745	harbor2	chr6	167565136	167565495	LTR/ERVL-MaLR	2261	-	180	167565316	28571
chr6	167536745	167736745	harbor2	chr6	167575152	167575275	LTR/ERVL-MaLR	483	-	62	167575214	38469
chr6	167536745	167736745	harbor2	chr6	167578789	167579134	LTR/ERVL-MaLR	1666	-	172	167578961	42216
chr6	153121046	153321046	harbor2	chr6	153132475	153132825	LTR/ERVL-MaLR	2179	-	175	153132650	11604
chr6	153121046	153321046	harbor2	chr6	153149211	153149387	LTR/ERVL-MaLR	1045	-	88	153149299	28253
chr6	153121046	153321046	harbor2	chr6	153149638	153149996	LTR/ERVL-MaLR	2095	-	179	153149817	28771
chr6	153121046	153321046	harbor2	chr6	153153122	153153564	LTR/ERVL-MaLR	2069	-	221	153153343	32297
chr6	153121046	153321046	harbor2	chr6	153165402	153165765	LTR/ERVL-MaLR	2980	-	182	153165584	44538
chr6	153121046	153321046	harbor2	chr6	153183239	153183615	LTR/ERVL-MaLR	1995	-	188	153183427	62381
chr6	153121046	153321046	harbor2	chr6	153191520	153191924	LTR/ERVL-MaLR	2233	-	202	153191722	70676
chr6	153121046	153321046	harbor2	chr6	153200197	153200644	LTR/ERVL-MaLR	1436	-	224	153200421	79375
chr6	153121046	153321046	harbor2	chr6	153209426	153209876	LTR/ERVL-MaLR	1509	-	225	153209651	88605
chr6	153121046	153321046	harbor2	chr6	153213382	153213768	LTR/ERVL-MaLR	2274	-	193	153213575	92529
chr6	70577198	70777198	harbor2	chr6	70576872	70577327	LTR/ERVL-MaLR	1900	-	228	70577100	98
chr6	70577198	70777198	harbor2	chr6	70615275	70615687	LTR/ERVL-MaLR	1163	-	206	70615481	38283
chr6	70577198	70777198	harbor2	chr6	70645706	70646096	LTR/ERVL-MaLR	1408	-	195	70645901	68703
chr6	70577198	70777198	harbor2	chr6	70650951	70651299	LTR/ERVL-MaLR	1495	-	174	70651125	73927
chr6	70577198	70777198	harbor2	chr6	70656872	70657089	LTR/ERVL-MaLR	1702	-	108	70656980	79782
chr6	70577198	70777198	harbor2	chr6	70657403	70657549	LTR/ERVL-MaLR	1702	-	73	70657476	80278
chr6	70577198	70777198	harbor2	chr6	70657958	70658059	LTR/ERVL-MaLR	481	-	50	70658008	80810
chr6	116916365	117116365	harbor2	chr6	116963881	116964493	LTR/ERVL-MaLR	2526	-	306	116964187	47822
chr6	116916365	117116365	harbor2	chr6	117002907	117003280	LTR/ERVL-MaLR	2542	-	186	117003093	86728
chr6	145015612	145215612	harbor2	chr6	145035112	145035475	LTR/ERVL-MaLR	2674	-	182	145035294	19682
chr6	145015612	145215612	harbor2	chr6	145040134	145040573	LTR/ERVL-MaLR	1157	-	220	145040354	24742
chr6	145015612	145215612	harbor2	chr6	145041601	145041866	LTR/ERVL-MaLR	867	-	132	145041733	26121
chr6	145015612	145215612	harbor2	chr6	145041878	145042233	LTR/ERVL-MaLR	2472	-	178	145042056	26444
chr6	145015612	145215612	harbor2	chr6	145050963	145051335	LTR/ERVL-MaLR	2394	-	186	145051149	35537
chr6	145015612	145215612	harbor2	chr6	145069538	145069885	LTR/ERVL-MaLR	1903	-	174	145069712	54100
chr6	145015612	145215612	harbor2	chr6	145086143	145086574	LTR/ERVL-MaLR	2187	-	216	145086359	70747
chr6	145015612	145215612	harbor2	chr6	145110909	145111058	LTR/ERVL-MaLR	882	-	74	145110983	95371
chr6	125468561	125668561	harbor2	chr6	125473203	125473738	LTR/ERVL-MaLR	2225	-	268	125473471	4910
chr6	125468561	125668561	harbor2	chr6	125485470	125485564	LTR/ERVL-MaLR	688	-	47	125485517	16956
chr6	125468561	125668561	harbor2	chr6	125485567	125485910	LTR/ERVL-MaLR	2397	-	172	125485739	17178
chr6	125468561	125668561	harbor2	chr6	125542116	125542263	LTR/ERVL-MaLR	738	-	74	125542190	73629
chr6	125468561	125668561	harbor2	chr6	125560452	125560790	LTR/ERVL-MaLR	2103	-	169	125560621	92060
chr6	125468561	125668561	harbor2	chr6	125567961	125568331	LTR/ERVL-MaLR	1444	-	185	125568146	99585
chr6	150209643	150409643	harbor2	chr6	150247883	150248256	LTR/ERVL-MaLR	1180	-	186	150248069	38426
chr6	150209643	150409643	harbor2	chr6	150258789	150259140	LTR/ERVL-MaLR	2317	-	176	150258965	49322
chr6	150209643	150409643	harbor2	chr6	150266898	150267332	LTR/ERVL-MaLR	1994	-	217	150267115	57472
chr6	150209643	150409643	harbor2	chr6	150292020	150292373	LTR/ERVL-MaLR	2317	-	176	150292196	82553
chr6	150209643	150409643	harbor2	chr6	150307350	150307852	LTR/ERVL-MaLR	1037	-	251	150307601	97958
chr6	72593689	72793689	harbor2	chr6	72659412	72659814	LTR/ERVL-MaLR	1790	-	201	72659613	65924
chr6	72593689	72793689	harbor2	chr6	72668594	72669014	LTR/ERVL-MaLR	799	-	210	72668804	75115
chr6	72593689	72793689	harbor2	chr6	72669016	72670528	LTR/ERVL-MaLR	4083	-	756	72669772	76083
chr6	72593689	72793689	harbor2	chr6	72670529	72670827	LTR/ERVL-MaLR	866	-	149	72670678	76989
chr6	72593689	72793689	harbor2	chr6	72670965	72671187	LTR/ERVL-MaLR	1074	-	111	72671076	77387
chr6	72593689	72793689	harbor2	chr6	72685823	72686194	LTR/ERVL-MaLR	1297	-	186	72686009	92320
chr6	82153051	82353051	harbor2	chr6	82160549	82160927	LTR/ERVL-MaLR	2258	-	189	82160738	7687
chr6	161954446	162154446	harbor2	chr6	161993668	161994082	LTR/ERVL-MaLR	2494	-	207	161993875	39429
chr6	161954446	162154446	harbor2	chr6	162034914	162035382	LTR/ERVL-MaLR	2172	-	234	162035148	80702
chr6	161954446	162154446	harbor2	chr6	162039887	162040404	LTR/ERVL-MaLR	450	-	258	162040145	85699
chr6	161954446	162154446	harbor2	chr6	162042932	162043283	LTR/ERVL-MaLR	2605	-	176	162043108	88662
chr6	27979642	28179642	harbor2	chr6	27987055	27987645	LTR/ERVL-MaLR	1004	-	295	27987350	7708
chr6	27979642	28179642	harbor2	chr6	27988200	27988287	LTR/ERVL-MaLR	669	-	44	27988244	8602
chr6	27979642	28179642	harbor2	chr6	27988412	27988733	LTR/ERVL-MaLR	669	-	160	27988572	8930
chr6	27979642	28179642	harbor2	chr6	27990585	27990947	LTR/ERVL-MaLR	1574	-	181	27990766	11124
chr6	27979642	28179642	harbor2	chr6	27995537	27995918	LTR/ERVL-MaLR	1461	-	190	27995727	16085
chr6	27979642	28179642	harbor2	chr6	27999367	27999958	LTR/ERVL-MaLR	931	-	296	27999663	20021
chr6	27979642	28179642	harbor2	chr6	28000008	28000193	LTR/ERVL-MaLR	452	-	92	28000100	20458
chr6	27979642	28179642	harbor2	chr6	28005993	28006433	LTR/ERVL-MaLR	1340	-	220	28006213	26571
chr6	27979642	28179642	harbor2	chr6	28064645	28064822	LTR/ERVL-MaLR	782	-	88	28064733	85091
chr6	27979642	28179642	harbor2	chr6	28075759	28076125	LTR/ERVL-MaLR	507	-	183	28075942	96300
chr6	104218893	104418893	harbor2	chr6	104239864	104240346	LTR/ERVL-MaLR	1544	-	241	104240105	21212
chr6	104218893	104418893	harbor2	chr6	104240408	104240551	LTR/ERVL-MaLR	600	-	72	104240480	21587
chr6	104218893	104418893	harbor2	chr6	104254409	104254754	LTR/ERVL-MaLR	1959	-	172	104254581	35688
chr6	104218893	104418893	harbor2	chr6	104291340	104291367	LTR/ERVL-MaLR	1887	-	14	104291354	72461
chr6	104218893	104418893	harbor2	chr6	104291684	104292081	LTR/ERVL-MaLR	1887	-	198	104291882	72989
chr6	104218893	104418893	harbor2	chr6	104294197	104294350	LTR/ERVL-MaLR	1077	-	76	104294273	75380
chr6	104218893	104418893	harbor2	chr6	104294664	104294971	LTR/ERVL-MaLR	1077	-	154	104294818	75925
chr6	143423242	143623242	harbor2	chr6	143441358	143441730	LTR/ERVL-MaLR	1840	-	186	143441544	18302
chr6	143423242	143623242	harbor2	chr6	143456466	143456781	LTR/ERVL-MaLR	1309	-	158	143456624	33382
chr6	143423242	143623242	harbor2	chr6	143493536	143493884	LTR/ERVL-MaLR	699	-	174	143493710	70468
chr6	143423242	143623242	harbor2	chr6	143493959	143494227	LTR/ERVL-MaLR	1490	-	134	143494093	70851
chr6	143423242	143623242	harbor2	chr6	143495368	143495422	LTR/ERVL-MaLR	1490	-	27	143495395	72153
chr6	143423242	143623242	harbor2	chr6	143522734	143523200	LTR/ERVL-MaLR	1851	-	233	143522967	99725
chr6	155757033	155957033	harbor2	chr6	155815021	155815407	LTR/ERVL-MaLR	1840	-	193	155815214	58181
chr6	155757033	155957033	harbor2	chr6	155815409	155816882	LTR/ERVL-MaLR	5985	-	736	155816145	59112
chr6	155757033	155957033	harbor2	chr6	155850471	155850884	LTR/ERVL-MaLR	1027	-	206	155850677	93644
chr6	113526634	113726634	harbor2	chr6	113560400	113560859	LTR/ERVL-MaLR	2188	-	230	113560630	33996
chr6	113526634	113726634	harbor2	chr6	113593299	113593661	LTR/ERVL-MaLR	2141	-	181	113593480	66846
chr6	162738529	162938529	harbor2	chr6	162741301	162741682	LTR/ERVL-MaLR	1352	-	190	162741491	2962
chr6	162738529	162938529	harbor2	chr6	162838172	162838562	LTR/ERVL-MaLR	829	-	195	162838367	99838
chr6	101029160	101229160	harbor2	chr6	101045978	101046187	LTR/ERVL-MaLR	838	-	104	101046082	16922
chr6	101029160	101229160	harbor2	chr6	101054616	101054789	LTR/ERVL-MaLR	774	-	86	101054702	25542
chr6	101029160	101229160	harbor2	chr6	101054790	101056360	LTR/ERVL-MaLR	8223	-	785	101055575	26415
chr6	101029160	101229160	harbor2	chr6	101058248	101058867	LTR/ERVL-MaLR	2649	-	310	101058558	29398
chr6	101029160	101229160	harbor2	chr6	101078150	101078365	LTR/ERVL-MaLR	975	-	108	101078258	49098
chr6	101029160	101229160	harbor2	chr6	101128396	101128851	LTR/ERVL-MaLR	930	-	228	101128624	99464
chr6	101029160	101229160	harbor2	chr6	101056361	101056564	LTR/ERVL-MaLR	1235	-	102	101056463	27303
chr6	165795412	165995412	harbor2	chr6	165843390	165843731	LTR/ERVL-MaLR	1162	-	170	165843560	48148
chr6	165795412	165995412	harbor2	chr6	165879390	165879550	LTR/ERVL-MaLR	432	-	80	165879470	84058
chr6	165795412	165995412	harbor2	chr6	165885180	165885534	LTR/ERVL-MaLR	1995	-	177	165885357	89945
chr6	161903771	162103771	harbor2	chr6	161993668	161994082	LTR/ERVL-MaLR	2494	-	207	161993875	90104
chr6	140870200	141070200	harbor2	chr6	140885234	140885591	LTR/ERVL-MaLR	2163	-	178	140885412	15212
chr6	140870200	141070200	harbor2	chr6	140913427	140913970	LTR/ERVL-MaLR	1013	-	272	140913699	43499
chr6	140870200	141070200	harbor2	chr6	140923620	140923813	LTR/ERVL-MaLR	530	-	96	140923716	53516
chr6	140870200	141070200	harbor2	chr6	140935010	140935056	LTR/ERVL-MaLR	1571	-	23	140935033	64833
chr6	140870200	141070200	harbor2	chr6	140935387	140935686	LTR/ERVL-MaLR	1571	-	150	140935537	65337
chr6	140870200	141070200	harbor2	chr6	140959346	140959379	LTR/ERVL-MaLR	2116	-	16	140959362	89162
chr6	140870200	141070200	harbor2	chr6	140959738	140960183	LTR/ERVL-MaLR	2116	-	222	140959960	89760
chr6	123435705	123635705	harbor2	chr6	123511583	123512085	LTR/ERVL-MaLR	820	-	251	123511834	76129
chr6	75403514	75603514	harbor2	chr6	75453947	75454566	LTR/ERVL-MaLR	2766	-	310	75454257	50743
chr6	156818824	157018824	harbor2	chr6	156839144	156839498	LTR/ERVL-MaLR	1175	-	177	156839321	20497
chr6	156818824	157018824	harbor2	chr6	156868393	156868754	LTR/ERVL-MaLR	2072	-	180	156868573	49749
chr6	156818824	157018824	harbor2	chr6	156878230	156878788	LTR/ERVL-MaLR	762	-	279	156878509	59685
chr6	156954378	157154378	harbor2	chr6	156971529	156972031	LTR/ERVL-MaLR	965	-	251	156971780	17402
chr6	156954378	157154378	harbor2	chr6	157030036	157030459	LTR/ERVL-MaLR	1170	-	212	157030248	75870
chr6	166940676	167140676	harbor2	chr6	166960094	166960291	LTR/ERVL-MaLR	417	-	98	166960192	19516
chr6	166940676	167140676	harbor2	chr6	166976616	166976947	LTR/ERVL-MaLR	738	-	166	166976782	36106
chr6	166940676	167140676	harbor2	chr6	166982810	166983300	LTR/ERVL-MaLR	1872	-	245	166983055	42379
chr6	166940676	167140676	harbor2	chr6	166984910	166985419	LTR/ERVL-MaLR	2184	-	254	166985164	44488
chr6	166940676	167140676	harbor2	chr6	167011615	167011969	LTR/ERVL-MaLR	1654	-	177	167011792	71116
chr6	166940676	167140676	harbor2	chr6	167017917	167018338	LTR/ERVL-MaLR	1651	-	210	167018127	77451
chr6	156583979	156783979	harbor2	chr6	156593793	156594349	LTR/ERVL-MaLR	1167	-	278	156594071	10092
chr6	156583979	156783979	harbor2	chr6	156594678	156595051	LTR/ERVL-MaLR	2168	-	186	156594864	10885
chr6	156583979	156783979	harbor2	chr6	156612926	156613295	LTR/ERVL-MaLR	2332	-	184	156613110	29131
chr6	156583979	156783979	harbor2	chr6	156614923	156615265	LTR/ERVL-MaLR	1917	-	171	156615094	31115
chr6	156583979	156783979	harbor2	chr6	156619903	156620261	LTR/ERVL-MaLR	2381	-	179	156620082	36103
chr6	156583979	156783979	harbor2	chr6	156641371	156641780	LTR/ERVL-MaLR	2344	-	204	156641575	57596
chr6	156583979	156783979	harbor2	chr6	156642082	156642209	LTR/ERVL-MaLR	2344	-	64	156642146	58167
chr6	156583979	156783979	harbor2	chr6	156642210	156642364	LTR/ERVL-MaLR	880	-	77	156642287	58308
chr6	156583979	156783979	harbor2	chr6	156678674	156679149	LTR/ERVL-MaLR	696	-	238	156678912	94933
chr6	156583979	156783979	harbor2	chr6	156679210	156679995	LTR/ERVL-MaLR	3447	-	392	156679602	95623
chr6	156583979	156783979	harbor2	chr6	156679975	156680139	LTR/ERVL-MaLR	583	-	82	156680057	96078
chr6	156583979	156783979	harbor2	chr6	156680233	156680333	LTR/ERVL-MaLR	427	-	50	156680283	96304
chr6	156583979	156783979	harbor2	chr6	156680409	156680627	LTR/ERVL-MaLR	564	-	109	156680518	96539
chr6	156583979	156783979	harbor2	chr6	156613296	156614922	LTR/ERVL-MaLR	11114	-	813	156614109	30130
chr6	109930813	110130813	harbor2	chr6	109935344	109935721	LTR/ERVL-MaLR	2862	-	188	109935532	4719
chr6	109930813	110130813	harbor2	chr6	109935814	109936279	LTR/ERVL-MaLR	802	-	232	109936046	5233
chr6	109930813	110130813	harbor2	chr6	109939787	109940148	LTR/ERVL-MaLR	642	-	180	109939967	9154
chr6	109930813	110130813	harbor2	chr6	109955346	109955706	LTR/ERVL-MaLR	2228	-	180	109955526	24713
chr6	109930813	110130813	harbor2	chr6	109966363	109966857	LTR/ERVL-MaLR	2053	-	247	109966610	35797
chr6	109930813	110130813	harbor2	chr6	109991193	109991282	LTR/ERVL-MaLR	468	-	44	109991237	60424
chr6	109930813	110130813	harbor2	chr6	109993257	109993648	LTR/ERVL-MaLR	1608	-	196	109993453	62640
chr6	109930813	110130813	harbor2	chr6	109996641	109997022	LTR/ERVL-MaLR	1169	-	190	109996831	66018
chr6	109930813	110130813	harbor2	chr6	110003261	110003327	LTR/ERVL-MaLR	497	-	33	110003294	72481
chr6	109930813	110130813	harbor2	chr6	110004044	110004138	LTR/ERVL-MaLR	1784	-	47	110004091	73278
chr6	109930813	110130813	harbor2	chr6	110004500	110004827	LTR/ERVL-MaLR	1784	-	164	110004664	73851
chr6	109930813	110130813	harbor2	chr6	110027758	110028127	LTR/ERVL-MaLR	1688	-	184	110027942	97129
chr6	136041197	136241197	harbor2	chr6	136052996	136053061	LTR/ERVL-MaLR	508	-	32	136053028	11831
chr6	136041197	136241197	harbor2	chr6	136054757	136055032	LTR/ERVL-MaLR	1646	-	138	136054895	13698
chr6	136041197	136241197	harbor2	chr6	136073372	136073739	LTR/ERVL-MaLR	1865	-	184	136073556	32359
chr6	136041197	136241197	harbor2	chr6	136093959	136094297	LTR/ERVL-MaLR	1373	-	169	136094128	52931
chr6	136041197	136241197	harbor2	chr6	136130696	136131053	LTR/ERVL-MaLR	2238	-	178	136130874	89677
chr6	133055704	133255704	harbor2	chr6	133077668	133078158	LTR/ERVL-MaLR	930	-	245	133077913	22209
chr6	133055704	133255704	harbor2	chr6	133092726	133093081	LTR/ERVL-MaLR	2274	-	178	133092904	37200
chr6	133055704	133255704	harbor2	chr6	133093385	133093538	LTR/ERVL-MaLR	2274	-	76	133093461	37757
chr6	133055704	133255704	harbor2	chr6	133112681	133113008	LTR/ERVL-MaLR	432	-	164	133112845	57141
chr6	161264527	161464527	harbor2	chr6	161281173	161281557	LTR/ERVL-MaLR	1424	-	192	161281365	16838
chr6	161264527	161464527	harbor2	chr6	161300814	161300982	LTR/ERVL-MaLR	1778	-	84	161300898	36371
chr6	161264527	161464527	harbor2	chr6	161304413	161304715	LTR/ERVL-MaLR	1218	-	151	161304564	40037
chr6	161264527	161464527	harbor2	chr6	161300261	161300508	LTR/ERVL-MaLR	1778	-	124	161300385	35858
chr6	154734902	154934902	harbor2	chr6	154762127	154762446	LTR/ERVL-MaLR	1397	-	160	154762287	27385
chr6	154734902	154934902	harbor2	chr6	154762486	154762619	LTR/ERVL-MaLR	595	-	66	154762552	27650
chr6	145161065	145361065	harbor2	chr6	145194863	145194933	LTR/ERVL-MaLR	2146	-	35	145194898	33833
chr6	145161065	145361065	harbor2	chr6	145195229	145195544	LTR/ERVL-MaLR	2146	-	158	145195387	34322
chr6	145161065	145361065	harbor2	chr6	145223840	145224256	LTR/ERVL-MaLR	528	-	208	145224048	62983
chr6	145161065	145361065	harbor2	chr6	145233194	145233355	LTR/ERVL-MaLR	1092	-	80	145233274	72209
chr6	145161065	145361065	harbor2	chr6	145233721	145233817	LTR/ERVL-MaLR	1092	-	48	145233769	72704
chr6	145161065	145361065	harbor2	chr6	145233949	145234020	LTR/ERVL-MaLR	710	-	36	145233985	72920
chr6	145161065	145361065	harbor2	chr6	145234021	145234384	LTR/ERVL-MaLR	1869	-	182	145234203	73138
chr6	145161065	145361065	harbor2	chr6	145234385	145234502	LTR/ERVL-MaLR	710	-	58	145234443	73378
chr6	167949845	168149845	harbor2	chr6	167979902	167980292	LTR/ERVL-MaLR	2115	-	195	167980097	30252
chr6	167949845	168149845	harbor2	chr6	167987308	167987640	LTR/ERVL-MaLR	769	-	166	167987474	37629
chr6	138097019	138297019	harbor2	chr6	138128081	138128518	LTR/ERVL-MaLR	1681	-	218	138128299	31280
chr6	138097019	138297019	harbor2	chr6	138130146	138130532	LTR/ERVL-MaLR	2396	-	193	138130339	33320
chr6	138097019	138297019	harbor2	chr6	138130533	138130950	LTR/ERVL-MaLR	2707	-	208	138130741	33722
chr6	138097019	138297019	harbor2	chr6	138170794	138171168	LTR/ERVL-MaLR	1988	-	187	138170981	73962
chr6	163531058	163731058	harbor2	chr6	163549025	163549165	LTR/ERVL-MaLR	867	-	70	163549095	18037
chr6	163531058	163731058	harbor2	chr6	163550069	163550436	LTR/ERVL-MaLR	1778	-	184	163550253	19195
chr6	163531058	163731058	harbor2	chr6	163579125	163579549	LTR/ERVL-MaLR	1385	-	212	163579337	48279
chr6	163531058	163731058	harbor2	chr6	163594865	163595245	LTR/ERVL-MaLR	781	-	190	163595055	63997
chr6	163531058	163731058	harbor2	chr6	163601462	163601935	LTR/ERVL-MaLR	1811	-	236	163601698	70640
chr6	163531058	163731058	harbor2	chr6	163619527	163619902	LTR/ERVL-MaLR	1790	-	188	163619715	88657
chr6	163531058	163731058	harbor2	chr6	163626339	163626463	LTR/ERVL-MaLR	835	-	62	163626401	95343
chr6	168074650	168274650	harbor2	chr6	168092888	168093246	LTR/ERVL-MaLR	2538	-	179	168093067	18417
chr6	168074650	168274650	harbor2	chr6	168108632	168109076	LTR/ERVL-MaLR	1643	-	222	168108854	34204
chr6	168074650	168274650	harbor2	chr6	168135344	168135639	LTR/ERVL-MaLR	1479	-	148	168135492	60842
chr6	168074650	168274650	harbor2	chr6	168135939	168136026	LTR/ERVL-MaLR	1479	-	44	168135983	61333
chr6	168074650	168274650	harbor2	chr6	168167105	168167444	LTR/ERVL-MaLR	1848	-	170	168167275	92625
chr6	112532305	112732305	harbor2	chr6	112540063	112540193	LTR/ERVL-MaLR	420	-	65	112540128	7823
chr6	112532305	112732305	harbor2	chr6	112608006	112608103	LTR/ERVL-MaLR	1088	-	48	112608054	75749
chr6	112532305	112732305	harbor2	chr6	112610676	112610950	LTR/ERVL-MaLR	1088	-	137	112610813	78508
chr6	140145928	140345928	harbor2	chr6	140152970	140153062	LTR/ERVL-MaLR	461	-	46	140153016	7088
chr6	140145928	140345928	harbor2	chr6	140153435	140153861	LTR/ERVL-MaLR	1640	-	213	140153648	7720
chr6	140145928	140345928	harbor2	chr6	140158921	140159303	LTR/ERVL-MaLR	2229	-	191	140159112	13184
chr6	140145928	140345928	harbor2	chr6	140170218	140170557	LTR/ERVL-MaLR	1896	-	170	140170388	24460
chr6	140145928	140345928	harbor2	chr6	140170558	140172140	LTR/ERVL-MaLR	11704	-	791	140171349	25421
chr6	140145928	140345928	harbor2	chr6	140172141	140172330	LTR/ERVL-MaLR	1781	-	94	140172235	26307
chr6	140145928	140345928	harbor2	chr6	140172627	140172649	LTR/ERVL-MaLR	1781	-	11	140172638	26710
chr6	140145928	140345928	harbor2	chr6	140172962	140173105	LTR/ERVL-MaLR	1781	-	72	140173034	27106
chr6	140145928	140345928	harbor2	chr6	140181812	140181921	LTR/ERVL-MaLR	651	-	54	140181866	35938
chr6	140145928	140345928	harbor2	chr6	140241257	140241525	LTR/ERVL-MaLR	521	-	134	140241391	95463
chr6	144120730	144320730	harbor2	chr6	144136972	144137314	LTR/ERVL-MaLR	1780	-	171	144137143	16413
chr6	144120730	144320730	harbor2	chr6	144172268	144172592	LTR/ERVL-MaLR	623	-	162	144172430	51700
chr6	144120730	144320730	harbor2	chr6	144172601	144173938	LTR/ERVL-MaLR	4334	-	668	144173269	52539
chr6	144120730	144320730	harbor2	chr6	144174089	144174354	LTR/ERVL-MaLR	488	-	132	144174221	53491
chr6	144120730	144320730	harbor2	chr6	144192886	144193073	LTR/ERVL-MaLR	2261	-	94	144192980	72250
chr6	144120730	144320730	harbor2	chr6	144193108	144193293	LTR/ERVL-MaLR	2261	-	92	144193200	72470
chr6	144120730	144320730	harbor2	chr6	144198483	144198856	LTR/ERVL-MaLR	2727	-	186	144198669	77939
chr6	144120730	144320730	harbor2	chr6	144203235	144203541	LTR/ERVL-MaLR	794	-	153	144203388	82658
chr6	144120730	144320730	harbor2	chr6	144212772	144213286	LTR/ERVL-MaLR	2115	-	257	144213029	92299
chr6	144120730	144320730	harbor2	chr6	144213905	144214461	LTR/ERVL-MaLR	1550	-	278	144214183	93453
chr6	144120730	144320730	harbor2	chr6	144178951	144179345	LTR/ERVL-MaLR	2155	-	197	144179148	58418
chr6	164416284	164616284	harbor2	chr6	164426561	164426851	LTR/ERVL-MaLR	689	-	145	164426706	10422
chr6	164416284	164616284	harbor2	chr6	164433077	164433386	LTR/ERVL-MaLR	1657	-	154	164433231	16947
chr6	164416284	164616284	harbor2	chr6	164433697	164433748	LTR/ERVL-MaLR	1657	-	26	164433723	17439
chr6	164416284	164616284	harbor2	chr6	164482354	164482715	LTR/ERVL-MaLR	1982	-	180	164482534	66250
chr6	164416284	164616284	harbor2	chr6	164482716	164484292	LTR/ERVL-MaLR	9512	-	788	164483504	67220
chr6	164416284	164616284	harbor2	chr6	164484293	164484630	LTR/ERVL-MaLR	1998	-	168	164484461	68177
chr6	164416284	164616284	harbor2	chr6	164484882	164485100	LTR/ERVL-MaLR	1646	-	109	164484991	68707
chr6	164416284	164616284	harbor2	chr6	164485101	164485493	LTR/ERVL-MaLR	1701	-	196	164485297	69013
chr6	164416284	164616284	harbor2	chr6	164485494	164485568	LTR/ERVL-MaLR	1646	-	37	164485531	69247
chr6	164416284	164616284	harbor2	chr6	164509781	164510135	LTR/ERVL-MaLR	419	-	177	164509958	93674
chr6	164416284	164616284	harbor2	chr6	164515759	164516130	LTR/ERVL-MaLR	2440	-	186	164515945	99661
chr6	108950817	109150817	harbor2	chr6	108953854	108954240	LTR/ERVL-MaLR	1303	-	193	108954047	3230
chr6	108950817	109150817	harbor2	chr6	108954824	108955199	LTR/ERVL-MaLR	1487	-	188	108955012	4195
chr6	108950817	109150817	harbor2	chr6	108982166	108982492	LTR/ERVL-MaLR	1394	-	163	108982329	31512
chr6	108950817	109150817	harbor2	chr6	108984263	108984619	LTR/ERVL-MaLR	1763	-	178	108984441	33624
chr6	65755597	65955597	harbor2	chr6	65787168	65787518	LTR/ERVL-MaLR	1136	-	175	65787343	31746
chr6	65755597	65955597	harbor2	chr6	65821075	65821471	LTR/ERVL-MaLR	2062	-	198	65821273	65676
chr6	65755597	65955597	harbor2	chr6	65832953	65833287	LTR/ERVL-MaLR	1488	-	167	65833120	77523
chr6	65755597	65955597	harbor2	chr6	65834699	65835084	LTR/ERVL-MaLR	613	-	192	65834891	79294
chr6	65755597	65955597	harbor2	chr6	65847485	65847715	LTR/ERVL-MaLR	1315	-	115	65847600	92003
chr6	65755597	65955597	harbor2	chr6	65848919	65849109	LTR/ERVL-MaLR	944	-	95	65849014	93417
chr6	86640098	86840098	harbor2	chr6	86700732	86700906	LTR/ERVL-MaLR	548	-	87	86700819	60721
chr6	86640098	86840098	harbor2	chr6	86717835	86718191	LTR/ERVL-MaLR	2029	-	178	86718013	77915
chr6	86640098	86840098	harbor2	chr6	86718192	86719803	LTR/ERVL-MaLR	10676	-	806	86718998	78900
chr6	86640098	86840098	harbor2	chr6	86719806	86720165	LTR/ERVL-MaLR	1819	-	180	86719986	79888
chr6	86640098	86840098	harbor2	chr6	86725811	86726293	LTR/ERVL-MaLR	1650	-	241	86726052	85954
chr6	96301735	96501735	harbor2	chr6	96317161	96317516	LTR/ERVL-MaLR	2192	-	178	96317339	15604
chr6	96301735	96501735	harbor2	chr6	96317517	96319092	LTR/ERVL-MaLR	11171	-	788	96318305	16570
chr6	96301735	96501735	harbor2	chr6	96319096	96319378	LTR/ERVL-MaLR	1367	-	141	96319237	17502
chr6	96301735	96501735	harbor2	chr6	96340991	96341344	LTR/ERVL-MaLR	2191	-	176	96341167	39432
chr6	96301735	96501735	harbor2	chr6	96341345	96342915	LTR/ERVL-MaLR	11673	-	785	96342130	40395
chr6	96301735	96501735	harbor2	chr6	96342916	96343270	LTR/ERVL-MaLR	2279	-	177	96343093	41358
chr6	96301735	96501735	harbor2	chr6	96373576	96373939	LTR/ERVL-MaLR	1721	-	182	96373758	72023
chr6	96301735	96501735	harbor2	chr6	96370403	96370725	LTR/ERVL-MaLR	1560	-	161	96370564	68829
chr6	112793836	112993836	harbor2	chr6	112797271	112797541	LTR/ERVL-MaLR	802	-	135	112797406	3570
chr6	112793836	112993836	harbor2	chr6	112799304	112799445	LTR/ERVL-MaLR	485	-	70	112799374	5538
chr6	112793836	112993836	harbor2	chr6	112842534	112842981	LTR/ERVL-MaLR	2099	-	224	112842758	48922
chr6	112793836	112993836	harbor2	chr6	112846541	112846597	LTR/ERVL-MaLR	611	-	28	112846569	52733
chr6	112793836	112993836	harbor2	chr6	112846710	112847018	LTR/ERVL-MaLR	611	-	154	112846864	53028
chr6	112793836	112993836	harbor2	chr6	112848991	112849154	LTR/ERVL-MaLR	687	-	82	112849073	55237
chr6	112793836	112993836	harbor2	chr6	112849230	112849871	LTR/ERVL-MaLR	1533	-	320	112849550	55714
chr6	112793836	112993836	harbor2	chr6	112887493	112887726	LTR/ERVL-MaLR	2253	-	116	112887609	93773
chr6	112793836	112993836	harbor2	chr6	112888026	112888222	LTR/ERVL-MaLR	2253	-	98	112888124	94288
chr6	134125113	134325113	harbor2	chr6	134146732	134146898	LTR/ERVL-MaLR	1073	-	83	134146815	21702
chr6	134125113	134325113	harbor2	chr6	134146895	134147247	LTR/ERVL-MaLR	2091	-	176	134147071	21958
chr6	157528997	157728997	harbor2	chr6	157588980	157589367	LTR/ERVL-MaLR	2126	-	194	157589174	60177
chr6	157528997	157728997	harbor2	chr6	157620079	157620459	LTR/ERVL-MaLR	1859	-	190	157620269	91272
chr6	157528997	157728997	harbor2	chr6	157624824	157625191	LTR/ERVL-MaLR	2076	-	184	157625008	96011
chr6	161270863	161470863	harbor2	chr6	161281173	161281557	LTR/ERVL-MaLR	1424	-	192	161281365	10502
chr6	161270863	161470863	harbor2	chr6	161300814	161300982	LTR/ERVL-MaLR	1778	-	84	161300898	30035
chr6	161270863	161470863	harbor2	chr6	161304413	161304715	LTR/ERVL-MaLR	1218	-	151	161304564	33701
chr6	161270863	161470863	harbor2	chr6	161300261	161300508	LTR/ERVL-MaLR	1778	-	124	161300385	29522
chr6	158436311	158636311	harbor2	chr6	158446637	158447005	LTR/ERVL-MaLR	1226	-	184	158446821	10510
chr6	158436311	158636311	harbor2	chr6	158468665	158469014	LTR/ERVL-MaLR	1876	-	174	158468839	32528
chr6	158436311	158636311	harbor2	chr6	158531611	158532110	LTR/ERVL-MaLR	455	-	250	158531861	95550
chr6	131451807	131651807	harbor2	chr6	131454462	131454686	LTR/ERVL-MaLR	416	-	112	131454574	2767
chr6	131451807	131651807	harbor2	chr6	131466264	131466373	LTR/ERVL-MaLR	483	-	54	131466318	14511
chr6	131451807	131651807	harbor2	chr6	131466503	131466823	LTR/ERVL-MaLR	950	-	160	131466663	14856
chr6	131451807	131651807	harbor2	chr6	131486967	131487307	LTR/ERVL-MaLR	1699	-	170	131487137	35330
chr6	131451807	131651807	harbor2	chr6	131489009	131489049	LTR/ERVL-MaLR	2147	-	20	131489029	37222
chr6	131451807	131651807	harbor2	chr6	131489660	131490004	LTR/ERVL-MaLR	2147	-	172	131489832	38025
chr6	131451807	131651807	harbor2	chr6	131494448	131494767	LTR/ERVL-MaLR	924	-	160	131494608	42801
chr6	131451807	131651807	harbor2	chr6	131494960	131495076	LTR/ERVL-MaLR	448	-	58	131495018	43211
chr6	131451807	131651807	harbor2	chr6	131497519	131497869	LTR/ERVL-MaLR	2004	-	175	131497694	45887
chr6	131451807	131651807	harbor2	chr6	131522230	131522308	LTR/ERVL-MaLR	870	-	39	131522269	70462
chr6	131451807	131651807	harbor2	chr6	131523080	131523374	LTR/ERVL-MaLR	870	-	147	131523227	71420
chr6	127992873	128192873	harbor2	chr6	128025537	128026011	LTR/ERVL-MaLR	1571	-	237	128025774	32901
chr6	127992873	128192873	harbor2	chr6	128041927	128042265	LTR/ERVL-MaLR	1061	-	169	128042096	49223
chr6	127992873	128192873	harbor2	chr6	128042286	128042759	LTR/ERVL-MaLR	2307	-	236	128042522	49649
chr6	127992873	128192873	harbor2	chr6	128073516	128073678	LTR/ERVL-MaLR	663	-	81	128073597	80724
chr6	170699504	170899504	harbor2	chr6	170703320	170703782	LTR/ERVL-MaLR	1767	-	231	170703551	4047
chr6	170699504	170899504	harbor2	chr6	170707418	170707589	LTR/ERVL-MaLR	494	-	86	170707504	8000
chr6	170699504	170899504	harbor2	chr6	170737716	170737885	LTR/ERVL-MaLR	439	-	84	170737800	38296
chr6	170699504	170899504	harbor2	chr6	170738975	170739370	LTR/ERVL-MaLR	809	-	198	170739173	39669
chr6	170699504	170899504	harbor2	chr6	170743158	170743597	LTR/ERVL-MaLR	1849	-	220	170743378	43874
chr6	106442911	106642911	harbor2	chr6	106457074	106457514	LTR/ERVL-MaLR	2619	-	220	106457294	14383
chr6	106442911	106642911	harbor2	chr6	106479245	106479321	LTR/ERVL-MaLR	436	-	38	106479283	36372
chr6	106442911	106642911	harbor2	chr6	106479319	106479455	LTR/ERVL-MaLR	642	-	68	106479387	36476
chr6	106442911	106642911	harbor2	chr6	106482051	106482490	LTR/ERVL-MaLR	1336	-	220	106482271	39360
chr6	154697768	154897768	harbor2	chr6	154702674	154702716	LTR/ERVL-MaLR	844	-	21	154702695	4927
chr6	154697768	154897768	harbor2	chr6	154703026	154703195	LTR/ERVL-MaLR	844	-	84	154703110	5342
chr6	154697768	154897768	harbor2	chr6	154716359	154716566	LTR/ERVL-MaLR	2487	-	104	154716463	18695
chr6	154697768	154897768	harbor2	chr6	154716879	154717102	LTR/ERVL-MaLR	2487	-	112	154716991	19223
chr6	154697768	154897768	harbor2	chr6	154726279	154726671	LTR/ERVL-MaLR	2162	-	196	154726475	28707
chr6	154697768	154897768	harbor2	chr6	154762127	154762446	LTR/ERVL-MaLR	1397	-	160	154762287	64519
chr6	154697768	154897768	harbor2	chr6	154762486	154762619	LTR/ERVL-MaLR	595	-	66	154762552	64784
chr6	118034344	118234344	harbor2	chr6	118059482	118059834	LTR/ERVL-MaLR	758	-	176	118059658	25314
chr6	118034344	118234344	harbor2	chr6	118063961	118064313	LTR/ERVL-MaLR	2274	-	176	118064137	29793
chr6	118034344	118234344	harbor2	chr6	118067903	118068012	LTR/ERVL-MaLR	550	-	54	118067957	33613
chr6	118034344	118234344	harbor2	chr6	118076339	118076718	LTR/ERVL-MaLR	1944	-	190	118076529	42185
chr6	118034344	118234344	harbor2	chr6	118082526	118082946	LTR/ERVL-MaLR	1090	-	210	118082736	48392
chr6	118034344	118234344	harbor2	chr6	118087049	118087431	LTR/ERVL-MaLR	2130	-	191	118087240	52896
chr6	166093247	166293247	harbor2	chr6	166101355	166102890	LTR/ERVL-MaLR	8416	-	768	166102123	8876
chr6	166093247	166293247	harbor2	chr6	166102891	166103296	LTR/ERVL-MaLR	2463	-	202	166103093	9846
chr6	166093247	166293247	harbor2	chr6	166117099	166117316	LTR/ERVL-MaLR	619	-	108	166117207	23960
chr6	166093247	166293247	harbor2	chr6	166148531	166149093	LTR/ERVL-MaLR	769	-	281	166148812	55565
chr6	166093247	166293247	harbor2	chr6	166149294	166149506	LTR/ERVL-MaLR	735	-	106	166149400	56153
chr6	166093247	166293247	harbor2	chr6	166100957	166101354	LTR/ERVL-MaLR	2266	-	198	166101155	7908
chr6	170617719	170817719	harbor2	chr6	170621157	170621566	LTR/ERVL-MaLR	1130	-	204	170621361	3642
chr6	170617719	170817719	harbor2	chr6	170625244	170625520	LTR/ERVL-MaLR	1123	-	138	170625382	7663
chr6	170617719	170817719	harbor2	chr6	170627801	170628040	LTR/ERVL-MaLR	1123	-	120	170627921	10202
chr6	170617719	170817719	harbor2	chr6	170679756	170679774	LTR/ERVL-MaLR	2262	-	9	170679765	62046
chr6	170617719	170817719	harbor2	chr6	170679813	170680063	LTR/ERVL-MaLR	2262	-	125	170679938	62219
chr6	170617719	170817719	harbor2	chr6	170680356	170680504	LTR/ERVL-MaLR	2262	-	74	170680430	62711
chr6	170617719	170817719	harbor2	chr6	170685922	170686205	LTR/ERVL-MaLR	649	-	142	170686064	68345
chr6	170617719	170817719	harbor2	chr6	170697322	170697385	LTR/ERVL-MaLR	596	-	32	170697354	79635
chr6	170617719	170817719	harbor2	chr6	170697708	170697753	LTR/ERVL-MaLR	596	-	22	170697730	80011
chr6	170617719	170817719	harbor2	chr6	170703320	170703782	LTR/ERVL-MaLR	1767	-	231	170703551	85832
chr6	170617719	170817719	harbor2	chr6	170707418	170707589	LTR/ERVL-MaLR	494	-	86	170707504	89785
chr6	149360081	149560081	harbor2	chr6	149360217	149360621	LTR/ERVL-MaLR	2188	-	202	149360419	338
chr6	149360081	149560081	harbor2	chr6	149360622	149362186	LTR/ERVL-MaLR	8265	-	782	149361404	1323
chr6	149360081	149560081	harbor2	chr6	149362187	149362593	LTR/ERVL-MaLR	2225	-	203	149362390	2309
chr6	149360081	149560081	harbor2	chr6	149363271	149363343	LTR/ERVL-MaLR	438	-	36	149363307	3226
chr6	149360081	149560081	harbor2	chr6	149388076	149388430	LTR/ERVL-MaLR	1044	-	177	149388253	28172
chr6	149360081	149560081	harbor2	chr6	149403542	149403975	LTR/ERVL-MaLR	2200	-	216	149403758	43677
chr6	125081735	125281735	harbor2	chr6	125101491	125101699	LTR/ERVL-MaLR	1109	-	104	125101595	19860
chr6	125081735	125281735	harbor2	chr6	125102177	125102271	LTR/ERVL-MaLR	420	-	47	125102224	20489
chr6	125081735	125281735	harbor2	chr6	125108896	125109260	LTR/ERVL-MaLR	2161	-	182	125109078	27343
chr6	125081735	125281735	harbor2	chr6	125136688	125137099	LTR/ERVL-MaLR	1842	-	206	125136894	55159
chr6	125081735	125281735	harbor2	chr6	125157790	125158244	LTR/ERVL-MaLR	1428	-	227	125158017	76282
chr6	109474743	109674743	harbor2	chr6	109505801	109506156	LTR/ERVL-MaLR	1894	-	178	109505979	31236
chr6	109474743	109674743	harbor2	chr6	109559750	109560199	LTR/ERVL-MaLR	1944	-	224	109559974	85231
chr6	161292729	161492729	harbor2	chr6	161300814	161300982	LTR/ERVL-MaLR	1778	-	84	161300898	8169
chr6	161292729	161492729	harbor2	chr6	161304413	161304715	LTR/ERVL-MaLR	1218	-	151	161304564	11835
chr6	161292729	161492729	harbor2	chr6	161300261	161300508	LTR/ERVL-MaLR	1778	-	124	161300385	7656
chr6	128827983	129027983	harbor2	chr6	128841483	128841947	LTR/ERVL-MaLR	1430	-	232	128841715	13732
chr6	128827983	129027983	harbor2	chr6	128901896	128902263	LTR/ERVL-MaLR	2032	-	184	128902080	74097
chr6	128827983	129027983	harbor2	chr6	128923722	128924037	LTR/ERVL-MaLR	510	-	158	128923880	95897
chr6	150573167	150773167	harbor2	chr6	150625193	150625498	LTR/ERVL-MaLR	2389	-	152	150625345	52178
chr6	150573167	150773167	harbor2	chr6	150625794	150625903	LTR/ERVL-MaLR	2389	-	54	150625848	52681
chr6	150573167	150773167	harbor2	chr6	150664038	150664169	LTR/ERVL-MaLR	432	-	66	150664104	90937
chr6	156566783	156766783	harbor2	chr6	156581229	156581708	LTR/ERVL-MaLR	1464	-	240	156581469	14686
chr6	156566783	156766783	harbor2	chr6	156593793	156594349	LTR/ERVL-MaLR	1167	-	278	156594071	27288
chr6	156566783	156766783	harbor2	chr6	156594678	156595051	LTR/ERVL-MaLR	2168	-	186	156594864	28081
chr6	156566783	156766783	harbor2	chr6	156612926	156613295	LTR/ERVL-MaLR	2332	-	184	156613110	46327
chr6	156566783	156766783	harbor2	chr6	156614923	156615265	LTR/ERVL-MaLR	1917	-	171	156615094	48311
chr6	156566783	156766783	harbor2	chr6	156619903	156620261	LTR/ERVL-MaLR	2381	-	179	156620082	53299
chr6	156566783	156766783	harbor2	chr6	156641371	156641780	LTR/ERVL-MaLR	2344	-	204	156641575	74792
chr6	156566783	156766783	harbor2	chr6	156642082	156642209	LTR/ERVL-MaLR	2344	-	64	156642146	75363
chr6	156566783	156766783	harbor2	chr6	156642210	156642364	LTR/ERVL-MaLR	880	-	77	156642287	75504
chr6	156566783	156766783	harbor2	chr6	156613296	156614922	LTR/ERVL-MaLR	11114	-	813	156614109	47326
chr6	119577673	119777673	harbor2	chr6	119605520	119605876	LTR/ERVL-MaLR	1755	-	178	119605698	28025
chr6	119577673	119777673	harbor2	chr6	119640385	119640767	LTR/ERVL-MaLR	1910	-	191	119640576	62903
chr6	119577673	119777673	harbor2	chr6	119651449	119651555	LTR/ERVL-MaLR	578	-	53	119651502	73829
chr6	119577673	119777673	harbor2	chr6	119652475	119652681	LTR/ERVL-MaLR	1160	-	103	119652578	74905
chr6	156584004	156784004	harbor2	chr6	156593793	156594349	LTR/ERVL-MaLR	1167	-	278	156594071	10067
chr6	156584004	156784004	harbor2	chr6	156594678	156595051	LTR/ERVL-MaLR	2168	-	186	156594864	10860
chr6	156584004	156784004	harbor2	chr6	156612926	156613295	LTR/ERVL-MaLR	2332	-	184	156613110	29106
chr6	156584004	156784004	harbor2	chr6	156614923	156615265	LTR/ERVL-MaLR	1917	-	171	156615094	31090
chr6	156584004	156784004	harbor2	chr6	156619903	156620261	LTR/ERVL-MaLR	2381	-	179	156620082	36078
chr6	156584004	156784004	harbor2	chr6	156641371	156641780	LTR/ERVL-MaLR	2344	-	204	156641575	57571
chr6	156584004	156784004	harbor2	chr6	156642082	156642209	LTR/ERVL-MaLR	2344	-	64	156642146	58142
chr6	156584004	156784004	harbor2	chr6	156642210	156642364	LTR/ERVL-MaLR	880	-	77	156642287	58283
chr6	156584004	156784004	harbor2	chr6	156678674	156679149	LTR/ERVL-MaLR	696	-	238	156678912	94908
chr6	156584004	156784004	harbor2	chr6	156679210	156679995	LTR/ERVL-MaLR	3447	-	392	156679602	95598
chr6	156584004	156784004	harbor2	chr6	156679975	156680139	LTR/ERVL-MaLR	583	-	82	156680057	96053
chr6	156584004	156784004	harbor2	chr6	156680233	156680333	LTR/ERVL-MaLR	427	-	50	156680283	96279
chr6	156584004	156784004	harbor2	chr6	156680409	156680627	LTR/ERVL-MaLR	564	-	109	156680518	96514
chr6	156584004	156784004	harbor2	chr6	156613296	156614922	LTR/ERVL-MaLR	11114	-	813	156614109	30105
chr6	118508870	118708870	harbor2	chr6	118593429	118593652	LTR/ERVL-MaLR	1161	-	112	118593541	84671
chr6	158190498	158390498	harbor2	chr6	158208306	158208423	LTR/ERVL-MaLR	606	-	58	158208364	17866
chr6	158190498	158390498	harbor2	chr6	158219141	158219496	LTR/ERVL-MaLR	558	-	178	158219319	28821
chr6	158190498	158390498	harbor2	chr6	158222091	158222159	LTR/ERVL-MaLR	411	-	34	158222125	31627
chr6	158190498	158390498	harbor2	chr6	158222347	158222491	LTR/ERVL-MaLR	419	-	72	158222419	31921
chr6	158190498	158390498	harbor2	chr6	158261646	158262121	LTR/ERVL-MaLR	757	-	238	158261884	71386
chr6	158190498	158390498	harbor2	chr6	158268432	158268574	LTR/ERVL-MaLR	896	-	71	158268503	78005
chr6	158190498	158390498	harbor2	chr6	158268573	158268673	LTR/ERVL-MaLR	696	-	50	158268623	78125
chr6	121774161	121974161	harbor2	chr6	121778072	121778453	LTR/ERVL-MaLR	1227	-	190	121778262	4101
chr6	121774161	121974161	harbor2	chr6	121780290	121780788	LTR/ERVL-MaLR	1634	-	249	121780539	6378
chr6	121774161	121974161	harbor2	chr6	121815804	121815889	LTR/ERVL-MaLR	1790	-	42	121815846	41685
chr6	121774161	121974161	harbor2	chr6	121816463	121816755	LTR/ERVL-MaLR	1790	-	146	121816609	42448
chr6	121774161	121974161	harbor2	chr6	121831709	121832083	LTR/ERVL-MaLR	2808	-	187	121831896	57735
chr6	121774161	121974161	harbor2	chr6	121871302	121871656	LTR/ERVL-MaLR	2468	-	177	121871479	97318
chr6	121774161	121974161	harbor2	chr6	121871660	121873193	LTR/ERVL-MaLR	10813	-	766	121872426	98265
chr6	121774161	121974161	harbor2	chr6	121873194	121873549	LTR/ERVL-MaLR	2451	-	178	121873372	99211
chr6	65337740	65537740	harbor2	chr6	65366635	65367137	LTR/ERVL-MaLR	1770	-	251	65366886	29146
chr6	65337740	65537740	harbor2	chr6	65367911	65368292	LTR/ERVL-MaLR	2652	-	190	65368101	30361
chr6	65337740	65537740	harbor2	chr6	65403954	65404396	LTR/ERVL-MaLR	1473	-	221	65404175	66435
chr6	144827223	145027223	harbor2	chr6	144854669	144855077	LTR/ERVL-MaLR	590	-	204	144854873	27650
chr6	144827223	145027223	harbor2	chr6	144896927	144897325	LTR/ERVL-MaLR	1768	-	199	144897126	69903
chr6	160638041	160838041	harbor2	chr6	160689898	160690339	LTR/ERVL-MaLR	1219	-	220	160690118	52077
chr6	166509450	166709450	harbor2	chr6	166584067	166584429	LTR/ERVL-MaLR	1280	-	181	166584248	74798
chr6	170274809	170474809	harbor2	chr6	170299694	170299960	LTR/ERVL-MaLR	404	-	133	170299827	25018
chr6	170274809	170474809	harbor2	chr6	170300090	170300466	LTR/ERVL-MaLR	2893	-	188	170300278	25469
chr6	170274809	170474809	harbor2	chr6	170300469	170302063	LTR/ERVL-MaLR	10361	-	797	170301266	26457
chr6	170274809	170474809	harbor2	chr6	170302064	170302440	LTR/ERVL-MaLR	2977	-	188	170302252	27443
chr6	170274809	170474809	harbor2	chr6	170304855	170305191	LTR/ERVL-MaLR	1465	-	168	170305023	30214
chr6	170274809	170474809	harbor2	chr6	170368684	170369050	LTR/ERVL-MaLR	914	-	183	170368867	94058
chr6	154042696	154242696	harbor2	chr6	154047780	154048126	LTR/ERVL-MaLR	1831	-	173	154047953	5257
chr6	154042696	154242696	harbor2	chr6	154094394	154094895	LTR/ERVL-MaLR	1701	-	250	154094644	51948
chr6	83769979	83969979	harbor2	chr6	83788963	83789184	LTR/ERVL-MaLR	470	-	110	83789073	19094
chr6	83769979	83969979	harbor2	chr6	83805893	83806245	LTR/ERVL-MaLR	2124	-	176	83806069	36090
chr6	83769979	83969979	harbor2	chr6	83835378	83835814	LTR/ERVL-MaLR	2235	-	218	83835596	65617
chr6	83769979	83969979	harbor2	chr6	83842427	83842571	LTR/ERVL-MaLR	482	-	72	83842499	72520
chr6	83769979	83969979	harbor2	chr6	83842621	83842802	LTR/ERVL-MaLR	739	-	90	83842711	72732
chr6	83769979	83969979	harbor2	chr6	83843866	83844447	LTR/ERVL-MaLR	1169	-	290	83844156	74177
chr6	83769979	83969979	harbor2	chr6	83865304	83865762	LTR/ERVL-MaLR	2780	-	229	83865533	95554
chr6	140557701	140757701	harbor2	chr6	140568253	140568688	LTR/ERVL-MaLR	2938	-	218	140568471	10770
chr6	140557701	140757701	harbor2	chr6	140568689	140569073	LTR/ERVL-MaLR	1912	-	192	140568881	11180
chr6	140557701	140757701	harbor2	chr6	140569591	140569930	LTR/ERVL-MaLR	473	-	170	140569761	12060
chr6	140557701	140757701	harbor2	chr6	140587773	140588142	LTR/ERVL-MaLR	2226	-	184	140587957	30256
chr6	140557701	140757701	harbor2	chr6	140625647	140626000	LTR/ERVL-MaLR	2043	-	176	140625823	68122
chr6	140557701	140757701	harbor2	chr6	140626001	140626183	LTR/ERVL-MaLR	9289	-	91	140626092	68391
chr6	140557701	140757701	harbor2	chr6	140626481	140627832	LTR/ERVL-MaLR	9289	-	676	140627157	69456
chr6	140557701	140757701	harbor2	chr6	140627837	140628185	LTR/ERVL-MaLR	2189	-	174	140628011	70310
chr6	140557701	140757701	harbor2	chr6	140643239	140643388	LTR/ERVL-MaLR	1051	-	74	140643313	85612
chr6	140557701	140757701	harbor2	chr6	140643386	140644779	LTR/ERVL-MaLR	7194	-	696	140644082	86381
chr6	140557701	140757701	harbor2	chr6	140644782	140645141	LTR/ERVL-MaLR	2487	-	180	140644962	87261
chr6	140557701	140757701	harbor2	chr6	140645416	140645781	LTR/ERVL-MaLR	1923	-	182	140645598	87897
chr6	140557701	140757701	harbor2	chr6	140655329	140655658	LTR/ERVL-MaLR	954	-	164	140655493	97792
chr6	140557701	140757701	harbor2	chr6	140656716	140657077	LTR/ERVL-MaLR	871	-	180	140656896	99195
chr6	140557701	140757701	harbor2	chr6	140558313	140558764	LTR/ERVL-MaLR	1931	-	226	140558539	838
chr6	169362022	169562022	harbor2	chr6	169382082	169382421	LTR/ERVL-MaLR	896	-	170	169382252	20230
chr6	169362022	169562022	harbor2	chr6	169405165	169405501	LTR/ERVL-MaLR	472	-	168	169405333	43311
chr6	169362022	169562022	harbor2	chr6	169429373	169429669	LTR/ERVL-MaLR	763	-	148	169429521	67499
chr6	116240826	116440826	harbor2	chr6	116257491	116257655	LTR/ERVL-MaLR	1685	-	82	116257573	16747
chr6	116240826	116440826	harbor2	chr6	116257689	116257887	LTR/ERVL-MaLR	1685	-	99	116257788	16962
chr6	116240826	116440826	harbor2	chr6	116267690	116268046	LTR/ERVL-MaLR	795	-	178	116267868	27042
chr6	116240826	116440826	harbor2	chr6	116309566	116309981	LTR/ERVL-MaLR	2132	-	208	116309774	68948
chr6	116240826	116440826	harbor2	chr6	116319226	116319547	LTR/ERVL-MaLR	863	-	160	116319386	78560
chr6	116240826	116440826	harbor2	chr6	116320538	116320935	LTR/ERVL-MaLR	1912	-	198	116320736	79910
chr6	116240826	116440826	harbor2	chr6	116331218	116331594	LTR/ERVL-MaLR	2348	-	188	116331406	90580
chr6	116240826	116440826	harbor2	chr6	116333194	116333569	LTR/ERVL-MaLR	1526	-	188	116333382	92556
chr6	84171601	84371601	harbor2	chr6	84268790	84269211	LTR/ERVL-MaLR	2772	-	210	84269000	97399
chr6	140105758	140305758	harbor2	chr6	140113185	140113564	LTR/ERVL-MaLR	850	-	190	140113375	7617
chr6	140105758	140305758	harbor2	chr6	140152970	140153062	LTR/ERVL-MaLR	461	-	46	140153016	47258
chr6	140105758	140305758	harbor2	chr6	140153435	140153861	LTR/ERVL-MaLR	1640	-	213	140153648	47890
chr6	140105758	140305758	harbor2	chr6	140158921	140159303	LTR/ERVL-MaLR	2229	-	191	140159112	53354
chr6	140105758	140305758	harbor2	chr6	140170218	140170557	LTR/ERVL-MaLR	1896	-	170	140170388	64630
chr6	140105758	140305758	harbor2	chr6	140170558	140172140	LTR/ERVL-MaLR	11704	-	791	140171349	65591
chr6	140105758	140305758	harbor2	chr6	140172141	140172330	LTR/ERVL-MaLR	1781	-	94	140172235	66477
chr6	140105758	140305758	harbor2	chr6	140172627	140172649	LTR/ERVL-MaLR	1781	-	11	140172638	66880
chr6	140105758	140305758	harbor2	chr6	140172962	140173105	LTR/ERVL-MaLR	1781	-	72	140173034	67276
chr6	140105758	140305758	harbor2	chr6	140181812	140181921	LTR/ERVL-MaLR	651	-	54	140181866	76108
chr6	169640899	169840899	harbor2	chr6	169738738	169738838	LTR/ERVL-MaLR	642	-	50	169738788	97889
chr7	119903331	120103331	harbor2	chr7	119907220	119907508	LTR/ERVL-MaLR	1951	-	144	119907364	4033
chr7	119903331	120103331	harbor2	chr7	119907496	119909013	LTR/ERVL-MaLR	10246	-	758	119908254	4923
chr7	119903331	120103331	harbor2	chr7	119909015	119909333	LTR/ERVL-MaLR	2038	-	159	119909174	5843
chr7	119903331	120103331	harbor2	chr7	119943939	119944327	LTR/ERVL-MaLR	1549	-	194	119944133	40802
chr7	119903331	120103331	harbor2	chr7	119973780	119974143	LTR/ERVL-MaLR	1694	-	182	119973962	70631
chr7	102823324	103023324	harbor2	chr7	102881588	102881870	LTR/ERVL-MaLR	1357	-	141	102881729	58405
chr7	102823324	103023324	harbor2	chr7	102896490	102896875	LTR/ERVL-MaLR	1472	-	192	102896682	73358
chr7	102823324	103023324	harbor2	chr7	102905915	102906240	LTR/ERVL-MaLR	2424	-	162	102906077	82753
chr7	148508704	148708704	harbor2	chr7	148513117	148513537	LTR/ERVL-MaLR	2373	-	210	148513327	4623
chr7	148508704	148708704	harbor2	chr7	148559906	148560562	LTR/ERVL-MaLR	2499	-	328	148560234	51530
chr7	148508704	148708704	harbor2	chr7	148562698	148563050	LTR/ERVL-MaLR	1886	-	176	148562874	54170
chr7	148508704	148708704	harbor2	chr7	148579310	148579672	LTR/ERVL-MaLR	2430	-	181	148579491	70787
chr7	148508704	148708704	harbor2	chr7	148585258	148585825	LTR/ERVL-MaLR	982	-	284	148585542	76838
chr7	148508704	148708704	harbor2	chr7	148596392	148596757	LTR/ERVL-MaLR	2070	-	182	148596574	87870
chr7	66896286	67096286	harbor2	chr7	66899369	66899580	LTR/ERVL-MaLR	519	-	106	66899475	3189
chr7	66896286	67096286	harbor2	chr7	66970908	66971119	LTR/ERVL-MaLR	2263	-	106	66971014	74728
chr7	66896286	67096286	harbor2	chr7	66971419	66971591	LTR/ERVL-MaLR	2263	-	86	66971505	75219
chr7	116098646	116298646	harbor2	chr7	116115251	116115746	LTR/ERVL-MaLR	2213	-	248	116115499	16853
chr7	116098646	116298646	harbor2	chr7	116179362	116179735	LTR/ERVL-MaLR	1826	-	186	116179548	80902
chr7	129794382	129994382	harbor2	chr7	129806860	129806918	LTR/ERVL-MaLR	1399	-	29	129806889	12507
chr7	129794382	129994382	harbor2	chr7	129807213	129807530	LTR/ERVL-MaLR	1399	-	158	129807371	12989
chr7	129794382	129994382	harbor2	chr7	129821569	129821754	LTR/ERVL-MaLR	620	-	92	129821661	27279
chr7	129794382	129994382	harbor2	chr7	129824681	129825091	LTR/ERVL-MaLR	910	-	205	129824886	30504
chr7	57105545	57305545	harbor2	chr7	57107520	57107856	LTR/ERVL-MaLR	847	-	168	57107688	2143
chr7	57105545	57305545	harbor2	chr7	57114227	57114469	LTR/ERVL-MaLR	1215	-	121	57114348	8803
chr7	57105545	57305545	harbor2	chr7	57115591	57115831	LTR/ERVL-MaLR	1502	-	120	57115711	10166
chr7	57105545	57305545	harbor2	chr7	57115832	57116171	LTR/ERVL-MaLR	1633	-	170	57116002	10457
chr7	57105545	57305545	harbor2	chr7	57123027	57123424	LTR/ERVL-MaLR	1605	-	198	57123225	17680
chr7	57105545	57305545	harbor2	chr7	57150818	57151011	LTR/ERVL-MaLR	469	-	96	57150914	45369
chr7	57105545	57305545	harbor2	chr7	57156714	57157090	LTR/ERVL-MaLR	2130	-	188	57156902	51357
chr7	57105545	57305545	harbor2	chr7	57161296	57161547	LTR/ERVL-MaLR	1371	-	126	57161422	55877
chr7	57105545	57305545	harbor2	chr7	57161553	57162179	LTR/ERVL-MaLR	3265	-	313	57161866	56321
chr7	57105545	57305545	harbor2	chr7	57114475	57115598	LTR/ERVL-MaLR	6456	-	562	57115037	9492
chr7	152391724	152591724	harbor2	chr7	152476983	152477238	LTR/ERVL-MaLR	1419	-	128	152477111	85387
chr7	89648725	89848725	harbor2	chr7	89666927	89667327	LTR/ERVL-MaLR	2047	-	200	89667127	18402
chr7	89648725	89848725	harbor2	chr7	89679352	89679707	LTR/ERVL-MaLR	2426	-	178	89679530	30805
chr7	89648725	89848725	harbor2	chr7	89692368	89692826	LTR/ERVL-MaLR	853	-	229	89692597	43872
chr7	132080533	132280533	harbor2	chr7	132101317	132101662	LTR/ERVL-MaLR	1952	-	172	132101489	20956
chr7	132080533	132280533	harbor2	chr7	132119879	132120147	LTR/ERVL-MaLR	705	-	134	132120013	39480
chr7	135320164	135520164	harbor2	chr7	135332851	135333212	LTR/ERVL-MaLR	2385	-	180	135333031	12867
chr7	96290428	96490428	harbor2	chr7	96323149	96323493	LTR/ERVL-MaLR	2147	-	172	96323321	32893
chr7	96290428	96490428	harbor2	chr7	96325841	96326326	LTR/ERVL-MaLR	1964	-	242	96326083	35655
chr7	96290428	96490428	harbor2	chr7	96326751	96327133	LTR/ERVL-MaLR	2854	-	191	96326942	36514
chr7	96290428	96490428	harbor2	chr7	96328360	96328619	LTR/ERVL-MaLR	1348	-	130	96328490	38062
chr7	96290428	96490428	harbor2	chr7	96328620	96328994	LTR/ERVL-MaLR	2455	-	187	96328807	38379
chr7	96290428	96490428	harbor2	chr7	96328995	96329110	LTR/ERVL-MaLR	1348	-	58	96329053	38625
chr7	96290428	96490428	harbor2	chr7	96349418	96349575	LTR/ERVL-MaLR	824	-	78	96349496	59068
chr7	96290428	96490428	harbor2	chr7	96350015	96350333	LTR/ERVL-MaLR	1314	-	159	96350174	59746
chr7	96290428	96490428	harbor2	chr7	96354960	96355316	LTR/ERVL-MaLR	1986	-	178	96355138	64710
chr7	96290428	96490428	harbor2	chr7	96373660	96374031	LTR/ERVL-MaLR	1265	-	186	96373846	83418
chr7	96290428	96490428	harbor2	chr7	96378040	96378413	LTR/ERVL-MaLR	1514	-	186	96378226	87798
chr7	152673224	152873224	harbor2	chr7	152677026	152677229	LTR/ERVL-MaLR	461	-	102	152677128	3904
chr7	152673224	152873224	harbor2	chr7	152721994	152722147	LTR/ERVL-MaLR	1063	-	76	152722070	48846
chr7	152673224	152873224	harbor2	chr7	152743616	152743879	LTR/ERVL-MaLR	1680	-	132	152743748	70524
chr7	152673224	152873224	harbor2	chr7	152744473	152744632	LTR/ERVL-MaLR	1680	-	80	152744553	71329
chr7	152673224	152873224	harbor2	chr7	152752824	152752906	LTR/ERVL-MaLR	1869	-	41	152752865	79641
chr7	152673224	152873224	harbor2	chr7	152753198	152753506	LTR/ERVL-MaLR	1869	-	154	152753352	80128
chr7	152673224	152873224	harbor2	chr7	152755729	152755907	LTR/ERVL-MaLR	998	-	89	152755818	82594
chr7	152673224	152873224	harbor2	chr7	152765788	152765971	LTR/ERVL-MaLR	925	-	92	152765880	92656
chr7	156141128	156341128	harbor2	chr7	156193277	156193678	LTR/ERVL-MaLR	2258	-	200	156193477	52349
chr7	156141128	156341128	harbor2	chr7	156197167	156197363	LTR/ERVL-MaLR	474	-	98	156197265	56137
chr7	156141128	156341128	harbor2	chr7	156229047	156229389	LTR/ERVL-MaLR	1632	-	171	156229218	88090
chr7	71902313	72102313	harbor2	chr7	71905785	71906153	LTR/ERVL-MaLR	2252	-	184	71905969	3656
chr7	71902313	72102313	harbor2	chr7	71909849	71910185	LTR/ERVL-MaLR	2045	-	168	71910017	7704
chr7	71902313	72102313	harbor2	chr7	71910248	71910452	LTR/ERVL-MaLR	689	-	102	71910350	8037
chr7	71902313	72102313	harbor2	chr7	71917486	71917828	LTR/ERVL-MaLR	1960	-	171	71917657	15344
chr7	71902313	72102313	harbor2	chr7	71934347	71934704	LTR/ERVL-MaLR	2623	-	178	71934525	32212
chr7	71902313	72102313	harbor2	chr7	71934705	71935071	LTR/ERVL-MaLR	2615	-	183	71934888	32575
chr7	71902313	72102313	harbor2	chr7	71935072	71935123	LTR/ERVL-MaLR	2623	-	26	71935098	32785
chr7	71902313	72102313	harbor2	chr7	71954998	71955368	LTR/ERVL-MaLR	2339	-	185	71955183	52870
chr7	112010964	112210964	harbor2	chr7	112015713	112016078	LTR/ERVL-MaLR	1254	-	182	112015895	4931
chr7	155116397	155316397	harbor2	chr7	155144795	155145148	LTR/ERVL-MaLR	1854	-	176	155144971	28574
chr7	155116397	155316397	harbor2	chr7	155158421	155158713	LTR/ERVL-MaLR	837	-	146	155158567	42170
chr7	155116397	155316397	harbor2	chr7	155158714	155159068	LTR/ERVL-MaLR	1722	-	177	155158891	42494
chr7	155116397	155316397	harbor2	chr7	155206325	155206544	LTR/ERVL-MaLR	1822	-	110	155206435	90038
chr7	155116397	155316397	harbor2	chr7	155206545	155206954	LTR/ERVL-MaLR	2088	-	204	155206749	90352
chr7	155116397	155316397	harbor2	chr7	155206955	155207101	LTR/ERVL-MaLR	1822	-	73	155207028	90631
chr7	155116397	155316397	harbor2	chr7	155211522	155211877	LTR/ERVL-MaLR	1046	-	178	155211700	95303
chr7	155116397	155316397	harbor2	chr7	155216073	155216188	LTR/ERVL-MaLR	618	-	58	155216131	99734
chr7	65240785	65440785	harbor2	chr7	65274952	65275229	LTR/ERVL-MaLR	1337	-	138	65275090	34305
chr7	65240785	65440785	harbor2	chr7	65275832	65275916	LTR/ERVL-MaLR	1337	-	42	65275874	35089
chr7	106812202	107012202	harbor2	chr7	106851631	106852014	LTR/ERVL-MaLR	2201	-	192	106851823	39621
chr7	106812202	107012202	harbor2	chr7	106854775	106855140	LTR/ERVL-MaLR	581	-	182	106854957	42755
chr7	148288457	148488457	harbor2	chr7	148288399	148288569	LTR/ERVL-MaLR	1242	-	85	148288484	27
chr7	148288457	148488457	harbor2	chr7	148305472	148305857	LTR/ERVL-MaLR	1869	-	192	148305664	17207
chr7	148288457	148488457	harbor2	chr7	148351438	148351462	LTR/ERVL-MaLR	806	-	12	148351450	62993
chr7	148288457	148488457	harbor2	chr7	148351767	148352013	LTR/ERVL-MaLR	806	-	123	148351890	63433
chr7	148288457	148488457	harbor2	chr7	148361348	148361698	LTR/ERVL-MaLR	1721	-	175	148361523	73066
chr7	148288457	148488457	harbor2	chr7	148361699	148361910	LTR/ERVL-MaLR	2149	-	106	148361805	73348
chr7	148288457	148488457	harbor2	chr7	148362222	148362375	LTR/ERVL-MaLR	2149	-	76	148362298	73841
chr7	148288457	148488457	harbor2	chr7	148362376	148362467	LTR/ERVL-MaLR	1721	-	46	148362422	73965
chr7	55231173	55431173	harbor2	chr7	55268224	55268607	LTR/ERVL-MaLR	1628	-	192	55268416	37243
chr7	55231173	55431173	harbor2	chr7	55278662	55279092	LTR/ERVL-MaLR	1081	-	215	55278877	47704
chr7	55231173	55431173	harbor2	chr7	55329546	55329921	LTR/ERVL-MaLR	1888	-	188	55329734	98561
chr7	147003517	147203517	harbor2	chr7	147024484	147024597	LTR/ERVL-MaLR	625	-	56	147024540	21023
chr7	147003517	147203517	harbor2	chr7	147024776	147025000	LTR/ERVL-MaLR	957	-	112	147024888	21371
chr7	147003517	147203517	harbor2	chr7	147025525	147025650	LTR/ERVL-MaLR	663	-	62	147025587	22070
chr7	147003517	147203517	harbor2	chr7	147048958	147049121	LTR/ERVL-MaLR	828	-	82	147049040	45523
chr7	147003517	147203517	harbor2	chr7	147049118	147049227	LTR/ERVL-MaLR	719	-	54	147049172	45655
chr7	147003517	147203517	harbor2	chr7	147050704	147051127	LTR/ERVL-MaLR	1260	-	212	147050916	47399
chr7	147003517	147203517	harbor2	chr7	147066782	147067010	LTR/ERVL-MaLR	1263	-	114	147066896	63379
chr7	147003517	147203517	harbor2	chr7	147067314	147067446	LTR/ERVL-MaLR	1263	-	66	147067380	63863
chr7	147003517	147203517	harbor2	chr7	147067859	147068219	LTR/ERVL-MaLR	518	-	180	147068039	64522
chr7	147003517	147203517	harbor2	chr7	147068853	147069268	LTR/ERVL-MaLR	1909	-	208	147069061	65544
chr7	147003517	147203517	harbor2	chr7	147069308	147069484	LTR/ERVL-MaLR	746	-	88	147069396	65879
chr7	147003517	147203517	harbor2	chr7	147082400	147082574	LTR/ERVL-MaLR	470	-	87	147082487	78970
chr7	147003517	147203517	harbor2	chr7	147093616	147094183	LTR/ERVL-MaLR	1794	-	284	147093900	90383
chr7	147003517	147203517	harbor2	chr7	147094201	147094399	LTR/ERVL-MaLR	1136	-	99	147094300	90783
chr7	147003517	147203517	harbor2	chr7	147094681	147094804	LTR/ERVL-MaLR	843	-	62	147094743	91226
chr7	147003517	147203517	harbor2	chr7	147094807	147095012	LTR/ERVL-MaLR	1737	-	102	147094909	91392
chr7	147003517	147203517	harbor2	chr7	147095336	147095492	LTR/ERVL-MaLR	1737	-	78	147095414	91897
chr7	147003517	147203517	harbor2	chr7	147097349	147097711	LTR/ERVL-MaLR	1856	-	181	147097530	94013
chr7	135866803	136066803	harbor2	chr7	135880062	135880480	LTR/ERVL-MaLR	934	-	209	135880271	13468
chr7	135866803	136066803	harbor2	chr7	135896233	135896587	LTR/ERVL-MaLR	2084	-	177	135896410	29607
chr7	135866803	136066803	harbor2	chr7	135903366	135903439	LTR/ERVL-MaLR	1801	-	36	135903402	36599
chr7	135866803	136066803	harbor2	chr7	135904056	135904374	LTR/ERVL-MaLR	1801	-	159	135904215	37412
chr7	135866803	136066803	harbor2	chr7	135915507	135915951	LTR/ERVL-MaLR	2326	-	222	135915729	48926
chr7	135866803	136066803	harbor2	chr7	135920978	135921335	LTR/ERVL-MaLR	2369	-	178	135921156	54353
chr7	135866803	136066803	harbor2	chr7	135921704	135922147	LTR/ERVL-MaLR	852	-	222	135921926	55123
chr7	50551944	50751944	harbor2	chr7	50556170	50556521	LTR/ERVL-MaLR	1791	-	176	50556346	4402
chr7	50551944	50751944	harbor2	chr7	50651176	50651630	LTR/ERVL-MaLR	2209	-	227	50651403	99459
chr7	130801709	131001709	harbor2	chr7	130830297	130830500	LTR/ERVL-MaLR	972	-	102	130830399	28690
chr7	130801709	131001709	harbor2	chr7	130831144	130831366	LTR/ERVL-MaLR	1222	-	111	130831255	29546
chr7	130801709	131001709	harbor2	chr7	130836409	130836660	LTR/ERVL-MaLR	884	-	126	130836535	34826
chr7	130801709	131001709	harbor2	chr7	130836957	130837083	LTR/ERVL-MaLR	884	-	63	130837020	35311
chr7	130801709	131001709	harbor2	chr7	130846849	130847211	LTR/ERVL-MaLR	1789	-	181	130847030	45321
chr7	130801709	131001709	harbor2	chr7	130852796	130853038	LTR/ERVL-MaLR	628	-	121	130852917	51208
chr7	130801709	131001709	harbor2	chr7	130872324	130872950	LTR/ERVL-MaLR	1995	-	313	130872637	70928
chr7	130801709	131001709	harbor2	chr7	130875764	130876180	LTR/ERVL-MaLR	2269	-	208	130875972	74263
chr7	129161134	129361134	harbor2	chr7	129172862	129173186	LTR/ERVL-MaLR	1754	-	162	129173024	11890
chr7	129161134	129361134	harbor2	chr7	129173493	129173620	LTR/ERVL-MaLR	1754	-	64	129173557	12423
chr7	129161134	129361134	harbor2	chr7	129174022	129174088	LTR/ERVL-MaLR	1957	-	33	129174055	12921
chr7	129161134	129361134	harbor2	chr7	129174391	129174821	LTR/ERVL-MaLR	1957	-	215	129174606	13472
chr7	129161134	129361134	harbor2	chr7	129186369	129186413	LTR/ERVL-MaLR	2584	-	22	129186391	25257
chr7	129161134	129361134	harbor2	chr7	129186731	129187103	LTR/ERVL-MaLR	2584	-	186	129186917	25783
chr7	129161134	129361134	harbor2	chr7	129244397	129244766	LTR/ERVL-MaLR	2091	-	184	129244581	83447
chr7	129161134	129361134	harbor2	chr7	129171091	129171539	LTR/ERVL-MaLR	2024	-	224	129171315	10181
chr7	114574153	114774153	harbor2	chr7	114604047	114604392	LTR/ERVL-MaLR	1498	-	172	114604219	30066
chr7	114574153	114774153	harbor2	chr7	114608123	114608644	LTR/ERVL-MaLR	1235	-	260	114608383	34230
chr7	117603072	117803072	harbor2	chr7	117647269	117647667	LTR/ERVL-MaLR	2497	-	199	117647468	44396
chr7	117603072	117803072	harbor2	chr7	117653655	117654436	LTR/ERVL-MaLR	6976	-	390	117654045	50973
chr7	117603072	117803072	harbor2	chr7	117654795	117655707	LTR/ERVL-MaLR	6976	-	456	117655251	52179
chr7	117603072	117803072	harbor2	chr7	117655712	117656069	LTR/ERVL-MaLR	1603	-	178	117655890	52818
chr7	117603072	117803072	harbor2	chr7	117688679	117689071	LTR/ERVL-MaLR	1216	-	196	117688875	85803
chr7	117603072	117803072	harbor2	chr7	117653300	117653654	LTR/ERVL-MaLR	1828	-	177	117653477	50405
chr7	155300054	155500054	harbor2	chr7	155326192	155326521	LTR/ERVL-MaLR	888	-	164	155326356	26302
chr7	155300054	155500054	harbor2	chr7	155341648	155341967	LTR/ERVL-MaLR	1500	-	160	155341808	41754
chr7	155300054	155500054	harbor2	chr7	155341960	155342213	LTR/ERVL-MaLR	1093	-	126	155342086	42032
chr7	155300054	155500054	harbor2	chr7	155359778	155360205	LTR/ERVL-MaLR	1305	-	214	155359992	59938
chr7	158299142	158499142	harbor2	chr7	158345707	158346057	LTR/ERVL-MaLR	1973	-	175	158345882	46740
chr7	158299142	158499142	harbor2	chr7	158379762	158380129	LTR/ERVL-MaLR	2675	-	184	158379946	80804
chr7	158299142	158499142	harbor2	chr7	158380130	158381696	LTR/ERVL-MaLR	12023	-	783	158380913	81771
chr7	158299142	158499142	harbor2	chr7	158381697	158382051	LTR/ERVL-MaLR	2566	-	177	158381874	82732
chr7	143673511	143873511	harbor2	chr7	143735021	143735387	LTR/ERVL-MaLR	1814	-	183	143735204	61693
chr7	143673511	143873511	harbor2	chr7	143761205	143761579	LTR/ERVL-MaLR	1719	-	187	143761392	87881
chr7	150979848	151179848	harbor2	chr7	150982314	150982805	LTR/ERVL-MaLR	1501	-	246	150982560	2712
chr7	150979848	151179848	harbor2	chr7	150987849	150988257	LTR/ERVL-MaLR	1128	-	204	150988053	8205
chr7	64083292	64283292	harbor2	chr7	64097594	64097755	LTR/ERVL-MaLR	964	-	80	64097674	14382
chr7	64083292	64283292	harbor2	chr7	64142422	64142490	LTR/ERVL-MaLR	1275	-	34	64142456	59164
chr7	64083292	64283292	harbor2	chr7	64142785	64143061	LTR/ERVL-MaLR	1275	-	138	64142923	59631
chr7	150158504	150358504	harbor2	chr7	150169946	150170409	LTR/ERVL-MaLR	1723	-	232	150170178	11674
chr7	150158504	150358504	harbor2	chr7	150172207	150172560	LTR/ERVL-MaLR	2693	-	176	150172383	13879
chr7	150158504	150358504	harbor2	chr7	150172561	150174156	LTR/ERVL-MaLR	11497	-	798	150173359	14855
chr7	150158504	150358504	harbor2	chr7	150174157	150174512	LTR/ERVL-MaLR	2750	-	178	150174335	15831
chr7	150158504	150358504	harbor2	chr7	150190711	150191085	LTR/ERVL-MaLR	2760	-	187	150190898	32394
chr7	150158504	150358504	harbor2	chr7	150223735	150224266	LTR/ERVL-MaLR	1620	-	266	150224001	65497
chr7	150158504	150358504	harbor2	chr7	150224268	150224634	LTR/ERVL-MaLR	1444	-	183	150224451	65947
chr7	150158504	150358504	harbor2	chr7	150234881	150235068	LTR/ERVL-MaLR	585	-	94	150234975	76471
chr7	113636993	113836993	harbor2	chr7	113639883	113640221	LTR/ERVL-MaLR	2041	-	169	113640052	3059
chr7	113636993	113836993	harbor2	chr7	113640225	113641757	LTR/ERVL-MaLR	10551	-	766	113640991	3998
chr7	113636993	113836993	harbor2	chr7	113641758	113642105	LTR/ERVL-MaLR	2136	-	174	113641932	4939
chr7	113636993	113836993	harbor2	chr7	113644654	113645007	LTR/ERVL-MaLR	2212	-	176	113644830	7837
chr7	113636993	113836993	harbor2	chr7	113645013	113646460	LTR/ERVL-MaLR	9402	-	724	113645737	8744
chr7	113636993	113836993	harbor2	chr7	113652737	113653122	LTR/ERVL-MaLR	2101	-	192	113652929	15936
chr7	113636993	113836993	harbor2	chr7	113658489	113658736	LTR/ERVL-MaLR	1913	-	124	113658613	21620
chr7	113636993	113836993	harbor2	chr7	113659025	113659204	LTR/ERVL-MaLR	1913	-	90	113659115	22122
chr7	113636993	113836993	harbor2	chr7	113674834	113675192	LTR/ERVL-MaLR	1911	-	179	113675013	38020
chr7	113636993	113836993	harbor2	chr7	113699158	113699533	LTR/ERVL-MaLR	1866	-	188	113699346	62353
chr7	113636993	113836993	harbor2	chr7	113731538	113731903	LTR/ERVL-MaLR	1878	-	182	113731720	94727
chr7	108197237	108397237	harbor2	chr7	108199358	108199881	LTR/ERVL-MaLR	2275	-	262	108199620	2383
chr7	108197237	108397237	harbor2	chr7	108295324	108295677	LTR/ERVL-MaLR	1816	-	176	108295500	98263
chr7	150149002	150349002	harbor2	chr7	150169946	150170409	LTR/ERVL-MaLR	1723	-	232	150170178	21176
chr7	150149002	150349002	harbor2	chr7	150172207	150172560	LTR/ERVL-MaLR	2693	-	176	150172383	23381
chr7	150149002	150349002	harbor2	chr7	150172561	150174156	LTR/ERVL-MaLR	11497	-	798	150173359	24357
chr7	150149002	150349002	harbor2	chr7	150174157	150174512	LTR/ERVL-MaLR	2750	-	178	150174335	25333
chr7	150149002	150349002	harbor2	chr7	150190711	150191085	LTR/ERVL-MaLR	2760	-	187	150190898	41896
chr7	150149002	150349002	harbor2	chr7	150223735	150224266	LTR/ERVL-MaLR	1620	-	266	150224001	74999
chr7	150149002	150349002	harbor2	chr7	150224268	150224634	LTR/ERVL-MaLR	1444	-	183	150224451	75449
chr7	150149002	150349002	harbor2	chr7	150234881	150235068	LTR/ERVL-MaLR	585	-	94	150234975	85973
chr7	68941540	69141540	harbor2	chr7	68964069	68964365	LTR/ERVL-MaLR	709	-	148	68964217	22677
chr7	68941540	69141540	harbor2	chr7	68995684	68995994	LTR/ERVL-MaLR	1277	-	155	68995839	54299
chr7	68941540	69141540	harbor2	chr7	69007044	69007407	LTR/ERVL-MaLR	2765	-	182	69007226	65686
chr7	68941540	69141540	harbor2	chr7	69017588	69017976	LTR/ERVL-MaLR	2095	-	194	69017782	76242
chr7	68941540	69141540	harbor2	chr7	69017977	69019645	LTR/ERVL-MaLR	7454	-	834	69018811	77271
chr7	68941540	69141540	harbor2	chr7	69019646	69020050	LTR/ERVL-MaLR	2398	-	202	69019848	78308
chr7	68941540	69141540	harbor2	chr7	68976470	68976889	LTR/ERVL-MaLR	2685	-	210	68976680	35140
chr7	157089570	157289570	harbor2	chr7	157118715	157118844	LTR/ERVL-MaLR	508	-	64	157118779	29209
chr7	157089570	157289570	harbor2	chr7	157121226	157121700	LTR/ERVL-MaLR	782	-	237	157121463	31893
chr7	157089570	157289570	harbor2	chr7	157135381	157135717	LTR/ERVL-MaLR	1502	-	168	157135549	45979
chr7	157089570	157289570	harbor2	chr7	157150895	157151075	LTR/ERVL-MaLR	461	-	90	157150985	61415
chr7	130790798	130990798	harbor2	chr7	130791217	130791581	LTR/ERVL-MaLR	2626	-	182	130791399	601
chr7	130790798	130990798	harbor2	chr7	130830297	130830500	LTR/ERVL-MaLR	972	-	102	130830399	39601
chr7	130790798	130990798	harbor2	chr7	130831144	130831366	LTR/ERVL-MaLR	1222	-	111	130831255	40457
chr7	130790798	130990798	harbor2	chr7	130836409	130836660	LTR/ERVL-MaLR	884	-	126	130836535	45737
chr7	130790798	130990798	harbor2	chr7	130836957	130837083	LTR/ERVL-MaLR	884	-	63	130837020	46222
chr7	130790798	130990798	harbor2	chr7	130846849	130847211	LTR/ERVL-MaLR	1789	-	181	130847030	56232
chr7	130790798	130990798	harbor2	chr7	130852796	130853038	LTR/ERVL-MaLR	628	-	121	130852917	62119
chr7	130790798	130990798	harbor2	chr7	130872324	130872950	LTR/ERVL-MaLR	1995	-	313	130872637	81839
chr7	130790798	130990798	harbor2	chr7	130875764	130876180	LTR/ERVL-MaLR	2269	-	208	130875972	85174
chr7	150455077	150655077	harbor2	chr7	150456189	150456684	LTR/ERVL-MaLR	2072	-	248	150456437	1360
chr7	150455077	150655077	harbor2	chr7	150521793	150521959	LTR/ERVL-MaLR	898	-	83	150521876	66799
chr7	150455077	150655077	harbor2	chr7	150521960	150522378	LTR/ERVL-MaLR	3243	-	209	150522169	67092
chr7	150455077	150655077	harbor2	chr7	150522684	150522721	LTR/ERVL-MaLR	3243	-	18	150522702	67625
chr7	150455077	150655077	harbor2	chr7	150523794	150525108	LTR/ERVL-MaLR	3243	-	657	150524451	69374
chr7	150455077	150655077	harbor2	chr7	150525120	150525323	LTR/ERVL-MaLR	1007	-	102	150525222	70145
chr7	150455077	150655077	harbor2	chr7	150525429	150525592	LTR/ERVL-MaLR	544	-	82	150525511	70434
chr7	150455077	150655077	harbor2	chr7	150536746	150537158	LTR/ERVL-MaLR	2293	-	206	150536952	81875
chr7	150455077	150655077	harbor2	chr7	150538973	150539385	LTR/ERVL-MaLR	2057	-	206	150539179	84102
chr7	150455077	150655077	harbor2	chr7	150539386	150541082	LTR/ERVL-MaLR	7361	-	848	150540234	85157
chr7	150455077	150655077	harbor2	chr7	150541083	150541231	LTR/ERVL-MaLR	917	-	74	150541157	86080
chr7	150455077	150655077	harbor2	chr7	150541233	150541463	LTR/ERVL-MaLR	1333	-	115	150541348	86271
chr7	150455077	150655077	harbor2	chr7	150541454	150541560	LTR/ERVL-MaLR	639	-	53	150541507	86430
chr7	150455077	150655077	harbor2	chr7	150542104	150542322	LTR/ERVL-MaLR	599	-	109	150542213	87136
chr7	119066310	119266310	harbor2	chr7	119071603	119072027	LTR/ERVL-MaLR	1906	-	212	119071815	5505
chr7	119066310	119266310	harbor2	chr7	119086916	119087255	LTR/ERVL-MaLR	1302	-	170	119087086	20776
chr7	119066310	119266310	harbor2	chr7	119094856	119095205	LTR/ERVL-MaLR	2544	-	174	119095030	28720
chr7	119066310	119266310	harbor2	chr7	119096713	119097075	LTR/ERVL-MaLR	2465	-	181	119096894	30584
chr7	119066310	119266310	harbor2	chr7	119131205	119131577	LTR/ERVL-MaLR	1277	-	186	119131391	65081
chr7	119066310	119266310	harbor2	chr7	119134161	119134572	LTR/ERVL-MaLR	1882	-	206	119134367	68057
chr7	119066310	119266310	harbor2	chr7	119136328	119136566	LTR/ERVL-MaLR	863	-	119	119136447	70137
chr7	119066310	119266310	harbor2	chr7	119136693	119136759	LTR/ERVL-MaLR	452	-	33	119136726	70416
chr7	119066310	119266310	harbor2	chr7	119139453	119139831	LTR/ERVL-MaLR	1848	-	189	119139642	73332
chr7	119066310	119266310	harbor2	chr7	119095204	119096710	LTR/ERVL-MaLR	9638	-	753	119095957	29647
chr7	138153572	138353572	harbor2	chr7	138185131	138185339	LTR/ERVL-MaLR	1810	-	104	138185235	31663
chr7	138153572	138353572	harbor2	chr7	138185650	138185907	LTR/ERVL-MaLR	1810	-	128	138185778	32206
chr7	138153572	138353572	harbor2	chr7	138208833	138208955	LTR/ERVL-MaLR	2187	-	61	138208894	55322
chr7	138153572	138353572	harbor2	chr7	138209818	138210060	LTR/ERVL-MaLR	2187	-	121	138209939	56367
chr7	143403404	143603404	harbor2	chr7	143420682	143421040	LTR/ERVL-MaLR	2483	-	179	143420861	17457
chr7	143403404	143603404	harbor2	chr7	143439333	143439683	LTR/ERVL-MaLR	1526	-	175	143439508	36104
chr7	143403404	143603404	harbor2	chr7	143459294	143459495	LTR/ERVL-MaLR	1352	-	100	143459394	55990
chr7	143403404	143603404	harbor2	chr7	143459526	143459714	LTR/ERVL-MaLR	1352	-	94	143459620	56216
chr7	143403404	143603404	harbor2	chr7	143462629	143462827	LTR/ERVL-MaLR	831	-	99	143462728	59324
chr7	143403404	143603404	harbor2	chr7	143463514	143463982	LTR/ERVL-MaLR	1256	-	234	143463748	60344
chr7	143403404	143603404	harbor2	chr7	143464071	143464581	LTR/ERVL-MaLR	491	-	255	143464326	60922
chr7	143403404	143603404	harbor2	chr7	143486286	143486530	LTR/ERVL-MaLR	1853	-	122	143486408	83004
chr7	123349681	123549681	harbor2	chr7	123354679	123355038	LTR/ERVL-MaLR	2179	-	180	123354859	5178
chr7	123349681	123549681	harbor2	chr7	123392742	123393170	LTR/ERVL-MaLR	1396	-	214	123392956	43275
chr7	123349681	123549681	harbor2	chr7	123417454	123418692	LTR/ERVL-MaLR	6823	-	619	123418073	68392
chr7	123349681	123549681	harbor2	chr7	123418697	123419054	LTR/ERVL-MaLR	1961	-	178	123418875	69194
chr7	123349681	123549681	harbor2	chr7	123424124	123424499	LTR/ERVL-MaLR	1322	-	188	123424312	74631
chr7	123349681	123549681	harbor2	chr7	123424500	123424639	LTR/ERVL-MaLR	710	-	70	123424570	74889
chr7	8695916	8895916	harbor2	chr7	8791634	8792086	LTR/ERVL-MaLR	1521	-	226	8791860	95944
chr7	153406449	153606449	harbor2	chr7	153430482	153430580	LTR/ERVL-MaLR	485	-	49	153430531	24082
chr7	153406449	153606449	harbor2	chr7	153432154	153432410	LTR/ERVL-MaLR	1476	-	128	153432282	25833
chr7	153406449	153606449	harbor2	chr7	153432789	153432930	LTR/ERVL-MaLR	1476	-	70	153432859	26410
chr7	153406449	153606449	harbor2	chr7	153441752	153441875	LTR/ERVL-MaLR	642	-	62	153441814	35365
chr7	153406449	153606449	harbor2	chr7	153463421	153463762	LTR/ERVL-MaLR	1189	-	170	153463591	57142
chr7	153406449	153606449	harbor2	chr7	153473439	153473657	LTR/ERVL-MaLR	594	-	109	153473548	67099
chr7	153406449	153606449	harbor2	chr7	153497313	153497667	LTR/ERVL-MaLR	1987	-	177	153497490	91041
chr7	119979467	120179467	harbor2	chr7	120024127	120024503	LTR/ERVL-MaLR	1462	-	188	120024315	44848
chr7	119979467	120179467	harbor2	chr7	120036958	120037843	LTR/ERVL-MaLR	5495	-	442	120037400	57933
chr7	119979467	120179467	harbor2	chr7	120037844	120038150	LTR/ERVL-MaLR	2408	-	153	120037997	58530
chr7	119979467	120179467	harbor2	chr7	120038151	120038513	LTR/ERVL-MaLR	1795	-	181	120038332	58865
chr7	119979467	120179467	harbor2	chr7	120038514	120040080	LTR/ERVL-MaLR	10957	-	783	120039297	59830
chr7	119979467	120179467	harbor2	chr7	120040084	120040446	LTR/ERVL-MaLR	2246	-	181	120040265	60798
chr7	119979467	120179467	harbor2	chr7	120040447	120040511	LTR/ERVL-MaLR	2408	-	32	120040479	61012
chr7	134044141	134244141	harbor2	chr7	134075340	134075700	LTR/ERVL-MaLR	2236	-	180	134075520	31379
chr7	134044141	134244141	harbor2	chr7	134083373	134083857	LTR/ERVL-MaLR	1929	-	242	134083615	39474
chr7	134044141	134244141	harbor2	chr7	134120458	134120976	LTR/ERVL-MaLR	978	-	259	134120717	76576
chr7	105131952	105331952	harbor2	chr7	105211344	105211753	LTR/ERVL-MaLR	2648	-	204	105211548	79596
chr7	40787092	40987092	harbor2	chr7	40824608	40824951	LTR/ERVL-MaLR	1133	-	172	40824780	37688
chr7	40787092	40987092	harbor2	chr7	40824955	40825292	LTR/ERVL-MaLR	704	-	168	40825123	38031
chr7	40787092	40987092	harbor2	chr7	40847168	40847404	LTR/ERVL-MaLR	646	-	118	40847286	60194
chr7	40787092	40987092	harbor2	chr7	40847715	40847810	LTR/ERVL-MaLR	646	-	48	40847763	60671
chr7	40787092	40987092	harbor2	chr7	40848506	40848547	LTR/ERVL-MaLR	646	-	20	40848526	61434
chr7	40787092	40987092	harbor2	chr7	40870077	40870601	LTR/ERVL-MaLR	1018	-	262	40870339	83247
chr7	158360873	158560873	harbor2	chr7	158379762	158380129	LTR/ERVL-MaLR	2675	-	184	158379946	19073
chr7	158360873	158560873	harbor2	chr7	158380130	158381696	LTR/ERVL-MaLR	12023	-	783	158380913	20040
chr7	158360873	158560873	harbor2	chr7	158381697	158382051	LTR/ERVL-MaLR	2566	-	177	158381874	21001
chr7	158360873	158560873	harbor2	chr7	158449952	158450326	LTR/ERVL-MaLR	670	-	187	158450139	89266
chr7	153442944	153642944	harbor2	chr7	153463421	153463762	LTR/ERVL-MaLR	1189	-	170	153463591	20647
chr7	153442944	153642944	harbor2	chr7	153473439	153473657	LTR/ERVL-MaLR	594	-	109	153473548	30604
chr7	153442944	153642944	harbor2	chr7	153497313	153497667	LTR/ERVL-MaLR	1987	-	177	153497490	54546
chr7	153442944	153642944	harbor2	chr7	153519009	153519364	LTR/ERVL-MaLR	761	-	178	153519187	76243
chr7	153442944	153642944	harbor2	chr7	153523624	153523989	LTR/ERVL-MaLR	1941	-	182	153523806	80862
chr7	153442944	153642944	harbor2	chr7	153527862	153528003	LTR/ERVL-MaLR	2330	-	70	153527932	84988
chr7	153442944	153642944	harbor2	chr7	153528383	153528656	LTR/ERVL-MaLR	2330	-	136	153528519	85575
chr7	151842393	152042393	harbor2	chr7	151849492	151849934	LTR/ERVL-MaLR	1540	-	221	151849713	7320
chr7	151842393	152042393	harbor2	chr7	151867248	151867685	LTR/ERVL-MaLR	1037	-	218	151867466	25073
chr7	151842393	152042393	harbor2	chr7	151881250	151881592	LTR/ERVL-MaLR	2651	-	171	151881421	39028
chr7	151842393	152042393	harbor2	chr7	151896999	151897446	LTR/ERVL-MaLR	2097	-	224	151897223	54830
chr7	151842393	152042393	harbor2	chr7	151913533	151913852	LTR/ERVL-MaLR	1951	-	160	151913693	71300
chr7	151842393	152042393	harbor2	chr7	151916611	151916706	LTR/ERVL-MaLR	1108	-	48	151916659	74266
chr7	151842393	152042393	harbor2	chr7	151916937	151917098	LTR/ERVL-MaLR	1108	-	80	151917017	74624
chr7	151842393	152042393	harbor2	chr7	151920527	151920955	LTR/ERVL-MaLR	1259	-	214	151920741	78348
chr7	153100017	153300017	harbor2	chr7	153116513	153116655	LTR/ERVL-MaLR	747	-	71	153116584	16567
chr7	153100017	153300017	harbor2	chr7	153132621	153132960	LTR/ERVL-MaLR	1740	-	170	153132791	32774
chr7	153100017	153300017	harbor2	chr7	153149378	153149785	LTR/ERVL-MaLR	2547	-	204	153149582	49565
chr7	153100017	153300017	harbor2	chr7	153156905	153157259	LTR/ERVL-MaLR	2439	-	177	153157082	57065
chr7	153100017	153300017	harbor2	chr7	153161301	153161519	LTR/ERVL-MaLR	1007	-	109	153161410	61393
chr7	153100017	153300017	harbor2	chr7	153161820	153161989	LTR/ERVL-MaLR	1007	-	84	153161904	61887
chr7	153100017	153300017	harbor2	chr7	153162277	153162701	LTR/ERVL-MaLR	2290	-	212	153162489	62472
chr7	153100017	153300017	harbor2	chr7	153172545	153172925	LTR/ERVL-MaLR	2488	-	190	153172735	72718
chr7	153100017	153300017	harbor2	chr7	153183227	153183587	LTR/ERVL-MaLR	2243	-	180	153183407	83390
chr7	153100017	153300017	harbor2	chr7	153184708	153185139	LTR/ERVL-MaLR	2550	-	216	153184924	84907
chr7	153100017	153300017	harbor2	chr7	153185141	153186957	LTR/ERVL-MaLR	9028	-	908	153186049	86032
chr7	153100017	153300017	harbor2	chr7	153186961	153187378	LTR/ERVL-MaLR	2460	-	208	153187169	87152
chr7	156838302	157038302	harbor2	chr7	156860499	156862068	LTR/ERVL-MaLR	11411	-	784	156861283	22981
chr7	156838302	157038302	harbor2	chr7	156862069	156862436	LTR/ERVL-MaLR	2501	-	184	156862253	23951
chr7	156838302	157038302	harbor2	chr7	156883556	156883994	LTR/ERVL-MaLR	1806	-	219	156883775	45473
chr7	156838302	157038302	harbor2	chr7	156896360	156896548	LTR/ERVL-MaLR	1014	-	94	156896454	58152
chr7	156838302	157038302	harbor2	chr7	156896633	156896770	LTR/ERVL-MaLR	659	-	68	156896701	58399
chr7	156838302	157038302	harbor2	chr7	156860137	156860498	LTR/ERVL-MaLR	2411	-	180	156860317	22015
chr7	57446033	57646033	harbor2	chr7	57449072	57449411	LTR/ERVL-MaLR	1411	-	170	57449242	3209
chr7	57446033	57646033	harbor2	chr7	57449753	57449807	LTR/ERVL-MaLR	1411	-	27	57449780	3747
chr7	57446033	57646033	harbor2	chr7	57500002	57500265	LTR/ERVL-MaLR	719	-	132	57500134	54101
chr7	57446033	57646033	harbor2	chr7	57500289	57500507	LTR/ERVL-MaLR	1211	-	109	57500398	54365
chr7	57446033	57646033	harbor2	chr7	57500807	57500936	LTR/ERVL-MaLR	1211	-	64	57500871	54838
chr7	57446033	57646033	harbor2	chr7	57500937	57501311	LTR/ERVL-MaLR	1755	-	187	57501124	55091
chr7	57446033	57646033	harbor2	chr7	57501319	57501606	LTR/ERVL-MaLR	593	-	144	57501463	55430
chr7	57446033	57646033	harbor2	chr7	57501618	57501850	LTR/ERVL-MaLR	786	-	116	57501734	55701
chr7	57446033	57646033	harbor2	chr7	57527356	57527839	LTR/ERVL-MaLR	717	-	242	57527598	81565
chr7	57446033	57646033	harbor2	chr7	57534484	57534972	LTR/ERVL-MaLR	1195	-	244	57534728	88695
chr7	57446033	57646033	harbor2	chr7	57537675	57537967	LTR/ERVL-MaLR	466	-	146	57537821	91788
chr7	57446033	57646033	harbor2	chr7	57540977	57541463	LTR/ERVL-MaLR	483	-	243	57541220	95187
chr7	134700347	134900347	harbor2	chr7	134726669	134727113	LTR/ERVL-MaLR	774	-	222	134726891	26544
chr7	134700347	134900347	harbor2	chr7	134741115	134741476	LTR/ERVL-MaLR	2795	-	180	134741295	40948
chr7	134700347	134900347	harbor2	chr7	134762457	134762861	LTR/ERVL-MaLR	2787	-	202	134762659	62312
chr7	134700347	134900347	harbor2	chr7	134770303	134770754	LTR/ERVL-MaLR	1437	-	226	134770529	70182
chr7	134700347	134900347	harbor2	chr7	134791761	134792083	LTR/ERVL-MaLR	2063	-	161	134791922	91575
chr7	134700347	134900347	harbor2	chr7	134792103	134792276	LTR/ERVL-MaLR	1489	-	86	134792189	91842
chr7	134700347	134900347	harbor2	chr7	134792592	134792766	LTR/ERVL-MaLR	1489	-	87	134792679	92332
chr7	130868684	131068684	harbor2	chr7	130872324	130872950	LTR/ERVL-MaLR	1995	-	313	130872637	3953
chr7	130868684	131068684	harbor2	chr7	130875764	130876180	LTR/ERVL-MaLR	2269	-	208	130875972	7288
chr7	157787057	157987057	harbor2	chr7	157796576	157796967	LTR/ERVL-MaLR	1851	-	196	157796772	9715
chr7	157787057	157987057	harbor2	chr7	157884518	157884879	LTR/ERVL-MaLR	2387	-	180	157884698	97641
chr7	120282487	120482487	harbor2	chr7	120299495	120299751	LTR/ERVL-MaLR	760	-	128	120299623	17136
chr7	120282487	120482487	harbor2	chr7	120347799	120348142	LTR/ERVL-MaLR	1612	-	172	120347971	65484
chr7	120282487	120482487	harbor2	chr7	120357639	120357971	LTR/ERVL-MaLR	1277	-	166	120357805	75318
chr7	120282487	120482487	harbor2	chr7	120370935	120371217	LTR/ERVL-MaLR	504	-	141	120371076	88589
chr7	156237581	156437581	harbor2	chr7	156257556	156257973	LTR/ERVL-MaLR	2810	-	208	156257764	20183
chr7	156237581	156437581	harbor2	chr7	156258539	156258878	LTR/ERVL-MaLR	1528	-	170	156258709	21128
chr7	156237581	156437581	harbor2	chr7	156281168	156281569	LTR/ERVL-MaLR	2277	-	200	156281368	43787
chr7	156237581	156437581	harbor2	chr7	156289695	156290187	LTR/ERVL-MaLR	1725	-	246	156289941	52360
chr7	118350414	118550414	harbor2	chr7	118350079	118350423	LTR/ERVL-MaLR	2013	-	172	118350251	163
chr7	118350414	118550414	harbor2	chr7	118371010	118371367	LTR/ERVL-MaLR	2353	-	178	118371188	20774
chr7	118350414	118550414	harbor2	chr7	118398904	118399299	LTR/ERVL-MaLR	2091	-	198	118399102	48688
chr7	118350414	118550414	harbor2	chr7	118407415	118407778	LTR/ERVL-MaLR	2532	-	182	118407597	57183
chr7	118350414	118550414	harbor2	chr7	118427680	118428211	LTR/ERVL-MaLR	1887	-	266	118427946	77532
chr7	118350414	118550414	harbor2	chr7	118450111	118450549	LTR/ERVL-MaLR	1627	-	219	118450330	99916
chr7	85894966	86094966	harbor2	chr7	85935239	85935804	LTR/ERVL-MaLR	1430	-	282	85935521	40555
chr7	85894966	86094966	harbor2	chr7	85958439	85958880	LTR/ERVL-MaLR	1094	-	220	85958659	63693
chr7	154054491	154254491	harbor2	chr7	154097603	154098043	LTR/ERVL-MaLR	673	-	220	154097823	43332
chr7	154054491	154254491	harbor2	chr7	154098419	154098456	LTR/ERVL-MaLR	626	-	18	154098437	43946
chr7	147541126	147741126	harbor2	chr7	147545435	147545764	LTR/ERVL-MaLR	578	-	164	147545599	4473
chr7	147541126	147741126	harbor2	chr7	147546122	147546259	LTR/ERVL-MaLR	578	-	68	147546190	5064
chr7	147541126	147741126	harbor2	chr7	147566433	147566794	LTR/ERVL-MaLR	2135	-	180	147566613	25487
chr7	147541126	147741126	harbor2	chr7	147569759	147570321	LTR/ERVL-MaLR	1593	-	281	147570040	28914
chr7	147541126	147741126	harbor2	chr7	147591181	147591536	LTR/ERVL-MaLR	1816	-	178	147591359	50233
chr7	147541126	147741126	harbor2	chr7	147599506	147599909	LTR/ERVL-MaLR	1468	-	202	147599708	58582
chr7	128242757	128442757	harbor2	chr7	128249195	128249687	LTR/ERVL-MaLR	1257	-	246	128249441	6684
chr7	128242757	128442757	harbor2	chr7	128263398	128263802	LTR/ERVL-MaLR	1460	-	202	128263600	20843
chr7	128242757	128442757	harbor2	chr7	128285889	128286394	LTR/ERVL-MaLR	1283	-	252	128286141	43384
chr7	128242757	128442757	harbor2	chr7	128299674	128299787	LTR/ERVL-MaLR	539	-	56	128299730	56973
chr7	140143500	140343500	harbor2	chr7	140197045	140197450	LTR/ERVL-MaLR	2526	-	202	140197247	53747
chr7	140143500	140343500	harbor2	chr7	140225686	140225968	LTR/ERVL-MaLR	2392	-	141	140225827	82327
chr7	140143500	140343500	harbor2	chr7	140226293	140226424	LTR/ERVL-MaLR	2392	-	66	140226359	82859
chr7	39223880	39423880	harbor2	chr7	39279459	39279734	LTR/ERVL-MaLR	1859	-	138	39279597	55717
chr7	39223880	39423880	harbor2	chr7	39280045	39280219	LTR/ERVL-MaLR	1859	-	87	39280132	56252
chr7	39223880	39423880	harbor2	chr7	39300498	39300917	LTR/ERVL-MaLR	2075	-	210	39300708	76828
chr7	149045194	149245194	harbor2	chr7	149046874	149047055	LTR/ERVL-MaLR	485	-	90	149046964	1770
chr7	149045194	149245194	harbor2	chr7	149086176	149086345	LTR/ERVL-MaLR	2030	-	84	149086260	41066
chr7	149045194	149245194	harbor2	chr7	149086659	149086844	LTR/ERVL-MaLR	2030	-	92	149086751	41557
chr7	149045194	149245194	harbor2	chr7	149087143	149087191	LTR/ERVL-MaLR	2030	-	24	149087167	41973
chr7	107140879	107340879	harbor2	chr7	107149324	107149676	LTR/ERVL-MaLR	1997	-	176	107149500	8621
chr7	142867782	143067782	harbor2	chr7	142927406	142927797	LTR/ERVL-MaLR	2081	-	196	142927602	59820
chr7	142867782	143067782	harbor2	chr7	142967008	142967474	LTR/ERVL-MaLR	1037	-	233	142967241	99459
chr7	152905932	153105932	harbor2	chr7	152920646	152921003	LTR/ERVL-MaLR	2359	-	178	152920824	14892
chr7	152905932	153105932	harbor2	chr7	152929214	152929549	LTR/ERVL-MaLR	2428	-	168	152929382	23450
chr7	152905932	153105932	harbor2	chr7	152929909	152929991	LTR/ERVL-MaLR	2428	-	41	152929950	24018
chr7	152905932	153105932	harbor2	chr7	152930705	152931161	LTR/ERVL-MaLR	2261	-	228	152930933	25001
chr7	152905932	153105932	harbor2	chr7	152973684	152973759	LTR/ERVL-MaLR	1256	-	38	152973722	67790
chr7	152905932	153105932	harbor2	chr7	152973760	152974181	LTR/ERVL-MaLR	2539	-	210	152973970	68038
chr7	152905932	153105932	harbor2	chr7	152974182	152974639	LTR/ERVL-MaLR	1256	-	228	152974410	68478
chr7	152905932	153105932	harbor2	chr7	152978905	152979318	LTR/ERVL-MaLR	1594	-	206	152979111	73179
chr7	152905932	153105932	harbor2	chr7	152984710	152985124	LTR/ERVL-MaLR	1121	-	207	152984917	78985
chr7	152905932	153105932	harbor2	chr7	152985326	152985489	LTR/ERVL-MaLR	715	-	82	152985408	79476
chr7	152905932	153105932	harbor2	chr7	152987252	152987602	LTR/ERVL-MaLR	2785	-	175	152987427	81495
chr7	152905932	153105932	harbor2	chr7	152999898	153000000	LTR/ERVL-MaLR	720	-	51	152999949	94017
chr7	152905932	153105932	harbor2	chr7	153000022	153000269	LTR/ERVL-MaLR	1055	-	124	153000146	94214
chr7	152905932	153105932	harbor2	chr7	153000270	153001919	LTR/ERVL-MaLR	11566	-	824	153001094	95162
chr7	152905932	153105932	harbor2	chr7	153001921	153002278	LTR/ERVL-MaLR	1780	-	178	153002099	96167
chr7	146762074	146962074	harbor2	chr7	146762632	146762994	LTR/ERVL-MaLR	2563	-	181	146762813	739
chr7	146762074	146962074	harbor2	chr7	146763008	146763079	LTR/ERVL-MaLR	520	-	36	146763044	970
chr7	146762074	146962074	harbor2	chr7	146800995	146801399	LTR/ERVL-MaLR	2058	-	202	146801197	39123
chr7	146762074	146962074	harbor2	chr7	146802047	146802418	LTR/ERVL-MaLR	1155	-	186	146802233	40159
chr7	146762074	146962074	harbor2	chr7	146817150	146817189	LTR/ERVL-MaLR	2509	-	20	146817170	55096
chr7	146762074	146962074	harbor2	chr7	146817485	146817876	LTR/ERVL-MaLR	2509	-	196	146817681	55607
chr7	146762074	146962074	harbor2	chr7	146842472	146842688	LTR/ERVL-MaLR	1956	-	108	146842580	80506
chr7	146762074	146962074	harbor2	chr7	146843312	146843486	LTR/ERVL-MaLR	1956	-	87	146843399	81325
chr7	146762074	146962074	harbor2	chr7	146851426	146851650	LTR/ERVL-MaLR	1503	-	112	146851538	89464
chr7	146762074	146962074	harbor2	chr7	146851986	146852174	LTR/ERVL-MaLR	1503	-	94	146852080	90006
chr7	139719990	139919990	harbor2	chr7	139728296	139728710	LTR/ERVL-MaLR	1945	-	207	139728503	8513
chr7	139719990	139919990	harbor2	chr7	139748343	139748805	LTR/ERVL-MaLR	2463	-	231	139748574	28584
chr7	139719990	139919990	harbor2	chr7	139791178	139791508	LTR/ERVL-MaLR	980	-	165	139791343	71353
chr7	156865305	157065305	harbor2	chr7	156883556	156883994	LTR/ERVL-MaLR	1806	-	219	156883775	18470
chr7	156865305	157065305	harbor2	chr7	156896360	156896548	LTR/ERVL-MaLR	1014	-	94	156896454	31149
chr7	156865305	157065305	harbor2	chr7	156896633	156896770	LTR/ERVL-MaLR	659	-	68	156896701	31396
chr7	152422028	152622028	harbor2	chr7	152476983	152477238	LTR/ERVL-MaLR	1419	-	128	152477111	55083
chr7	152422028	152622028	harbor2	chr7	152520782	152520831	LTR/ERVL-MaLR	2153	-	24	152520806	98778
chr7	152422028	152622028	harbor2	chr7	152521681	152522129	LTR/ERVL-MaLR	2153	-	224	152521905	99877
chr7	156401956	156601956	harbor2	chr7	156445231	156445618	LTR/ERVL-MaLR	1117	-	194	156445425	43469
chr7	156401956	156601956	harbor2	chr7	156446836	156447252	LTR/ERVL-MaLR	2680	-	208	156447044	45088
chr7	92243039	92443039	harbor2	chr7	92273237	92273400	LTR/ERVL-MaLR	469	-	82	92273319	30280
chr7	92243039	92443039	harbor2	chr7	92306139	92306316	LTR/ERVL-MaLR	1016	-	88	92306227	63188
chr7	92243039	92443039	harbor2	chr7	92331099	92331265	LTR/ERVL-MaLR	621	-	83	92331182	88143
chr7	92243039	92443039	harbor2	chr7	92331574	92331780	LTR/ERVL-MaLR	621	-	103	92331677	88638
chr7	143362473	143562473	harbor2	chr7	143420682	143421040	LTR/ERVL-MaLR	2483	-	179	143420861	58388
chr7	143362473	143562473	harbor2	chr7	143439333	143439683	LTR/ERVL-MaLR	1526	-	175	143439508	77035
chr7	143362473	143562473	harbor2	chr7	143459294	143459495	LTR/ERVL-MaLR	1352	-	100	143459394	96921
chr7	143362473	143562473	harbor2	chr7	143459526	143459714	LTR/ERVL-MaLR	1352	-	94	143459620	97147
chr7	156887188	157087188	harbor2	chr7	156896360	156896548	LTR/ERVL-MaLR	1014	-	94	156896454	9266
chr7	156887188	157087188	harbor2	chr7	156896633	156896770	LTR/ERVL-MaLR	659	-	68	156896701	9513
chr7	123912276	124112276	harbor2	chr7	123957549	123958131	LTR/ERVL-MaLR	1963	-	291	123957840	45564
chr7	123912276	124112276	harbor2	chr7	123961705	123962066	LTR/ERVL-MaLR	2031	-	180	123961885	49609
chr7	123912276	124112276	harbor2	chr7	123970111	123970472	LTR/ERVL-MaLR	1704	-	180	123970291	58015
chr7	123912276	124112276	harbor2	chr7	123980236	123980602	LTR/ERVL-MaLR	1444	-	183	123980419	68143
chr7	123912276	124112276	harbor2	chr7	123982185	123982545	LTR/ERVL-MaLR	2236	-	180	123982365	70089
chr7	123912276	124112276	harbor2	chr7	124000527	124000906	LTR/ERVL-MaLR	2150	-	190	124000717	88441
chr7	123912276	124112276	harbor2	chr7	124000907	124001600	LTR/ERVL-MaLR	4267	-	346	124001253	88977
chr7	86154760	86354760	harbor2	chr7	86167796	86168178	LTR/ERVL-MaLR	1623	-	191	86167987	13227
chr7	86154760	86354760	harbor2	chr7	86221973	86222100	LTR/ERVL-MaLR	836	-	64	86222037	67277
chr7	86154760	86354760	harbor2	chr7	86222101	86223672	LTR/ERVL-MaLR	10651	-	786	86222887	68127
chr7	86154760	86354760	harbor2	chr7	86223674	86224032	LTR/ERVL-MaLR	1782	-	179	86223853	69093
chr7	50847315	51047315	harbor2	chr7	50848439	50848822	LTR/ERVL-MaLR	1379	-	192	50848631	1316
chr7	50847315	51047315	harbor2	chr7	50856884	50857469	LTR/ERVL-MaLR	1223	-	292	50857176	9861
chr7	50847315	51047315	harbor2	chr7	50864645	50865024	LTR/ERVL-MaLR	1115	-	190	50864835	17520
chr7	50847315	51047315	harbor2	chr7	50867415	50867707	LTR/ERVL-MaLR	490	-	146	50867561	20246
chr7	50847315	51047315	harbor2	chr7	50892849	50893223	LTR/ERVL-MaLR	2403	-	187	50893036	45721
chr7	50847315	51047315	harbor2	chr7	50893279	50893463	LTR/ERVL-MaLR	1166	-	92	50893371	46056
chr7	50847315	51047315	harbor2	chr7	50916120	50916269	LTR/ERVL-MaLR	545	-	74	50916194	68879
chr7	50847315	51047315	harbor2	chr7	50926170	50926502	LTR/ERVL-MaLR	1274	-	166	50926336	79021
chr7	50847315	51047315	harbor2	chr7	50943925	50944255	LTR/ERVL-MaLR	1105	-	165	50944090	96775
chr7	50847315	51047315	harbor2	chr7	50946215	50946612	LTR/ERVL-MaLR	2266	-	198	50946413	99098
chr7	152875391	153075391	harbor2	chr7	152881912	152882186	LTR/ERVL-MaLR	539	-	137	152882049	6658
chr7	152875391	153075391	harbor2	chr7	152882606	152883063	LTR/ERVL-MaLR	1459	-	228	152882834	7443
chr7	152875391	153075391	harbor2	chr7	152890306	152890583	LTR/ERVL-MaLR	852	-	138	152890444	15053
chr7	152875391	153075391	harbor2	chr7	152900240	152900609	LTR/ERVL-MaLR	1470	-	184	152900424	25033
chr7	152875391	153075391	harbor2	chr7	152901085	152901447	LTR/ERVL-MaLR	2109	-	181	152901266	25875
chr7	152875391	153075391	harbor2	chr7	152920646	152921003	LTR/ERVL-MaLR	2359	-	178	152920824	45433
chr7	152875391	153075391	harbor2	chr7	152929214	152929549	LTR/ERVL-MaLR	2428	-	168	152929382	53991
chr7	152875391	153075391	harbor2	chr7	152929909	152929991	LTR/ERVL-MaLR	2428	-	41	152929950	54559
chr7	152875391	153075391	harbor2	chr7	152930705	152931161	LTR/ERVL-MaLR	2261	-	228	152930933	55542
chr7	152875391	153075391	harbor2	chr7	152973684	152973759	LTR/ERVL-MaLR	1256	-	38	152973722	98331
chr7	152875391	153075391	harbor2	chr7	152973760	152974181	LTR/ERVL-MaLR	2539	-	210	152973970	98579
chr7	152875391	153075391	harbor2	chr7	152974182	152974639	LTR/ERVL-MaLR	1256	-	228	152974410	99019
chr7	86428718	86628718	harbor2	chr7	86480997	86481469	LTR/ERVL-MaLR	2046	-	236	86481233	52515
chr7	46416262	46616262	harbor2	chr7	46428696	46429044	LTR/ERVL-MaLR	2659	-	174	46428870	12608
chr7	46416262	46616262	harbor2	chr7	46429049	46430267	LTR/ERVL-MaLR	11574	-	609	46429658	13396
chr7	46416262	46616262	harbor2	chr7	46430574	46430944	LTR/ERVL-MaLR	11574	-	185	46430759	14497
chr7	46416262	46616262	harbor2	chr7	46430945	46431294	LTR/ERVL-MaLR	2442	-	174	46431119	14857
chr7	46416262	46616262	harbor2	chr7	46492124	46492567	LTR/ERVL-MaLR	833	-	222	46492346	76084
chr7	46416262	46616262	harbor2	chr7	46507519	46508101	LTR/ERVL-MaLR	2269	-	291	46507810	91548
chr7	153649556	153849556	harbor2	chr7	153652030	153652382	LTR/ERVL-MaLR	2319	-	176	153652206	2650
chr7	153649556	153849556	harbor2	chr7	153670705	153671057	LTR/ERVL-MaLR	1869	-	176	153670881	21325
chr7	153649556	153849556	harbor2	chr7	153684803	153685240	LTR/ERVL-MaLR	1842	-	218	153685021	35465
chr7	153649556	153849556	harbor2	chr7	153690682	153691034	LTR/ERVL-MaLR	2613	-	176	153690858	41302
chr7	153649556	153849556	harbor2	chr7	153721474	153721837	LTR/ERVL-MaLR	1821	-	182	153721656	72100
chr7	153649556	153849556	harbor2	chr7	153737627	153738053	LTR/ERVL-MaLR	2395	-	213	153737840	88284
chr7	153649556	153849556	harbor2	chr7	153740496	153740938	LTR/ERVL-MaLR	1466	-	221	153740717	91161
chr7	68025632	68225632	harbor2	chr7	68029723	68030083	LTR/ERVL-MaLR	1555	-	180	68029903	4271
chr7	68025632	68225632	harbor2	chr7	68030432	68030993	LTR/ERVL-MaLR	1540	-	280	68030712	5080
chr7	68025632	68225632	harbor2	chr7	68033909	68034271	LTR/ERVL-MaLR	2705	-	181	68034090	8458
chr7	68025632	68225632	harbor2	chr7	68077241	68077487	LTR/ERVL-MaLR	2172	-	123	68077364	51732
chr7	68025632	68225632	harbor2	chr7	68077791	68077933	LTR/ERVL-MaLR	2172	-	71	68077862	52230
chr7	68025632	68225632	harbor2	chr7	68081122	68081341	LTR/ERVL-MaLR	2341	-	110	68081232	55600
chr7	68025632	68225632	harbor2	chr7	68081649	68081846	LTR/ERVL-MaLR	2341	-	98	68081747	56115
chr7	68025632	68225632	harbor2	chr7	68086444	68087015	LTR/ERVL-MaLR	2193	-	286	68086730	61098
chr7	68025632	68225632	harbor2	chr7	68092305	68092386	LTR/ERVL-MaLR	1733	-	40	68092345	66713
chr7	68025632	68225632	harbor2	chr7	68109735	68110096	LTR/ERVL-MaLR	2273	-	180	68109915	84283
chr7	68025632	68225632	harbor2	chr7	68111302	68111470	LTR/ERVL-MaLR	2016	-	84	68111386	85754
chr7	68025632	68225632	harbor2	chr7	68112009	68112160	LTR/ERVL-MaLR	2045	-	76	68112085	86453
chr7	68025632	68225632	harbor2	chr7	68112459	68112669	LTR/ERVL-MaLR	2045	-	105	68112564	86932
chr7	68025632	68225632	harbor2	chr7	68091629	68092001	LTR/ERVL-MaLR	1733	-	186	68091815	66183
chr7	71830047	72030047	harbor2	chr7	71839612	71839943	LTR/ERVL-MaLR	788	-	166	71839778	9731
chr7	71830047	72030047	harbor2	chr7	71868148	71868370	LTR/ERVL-MaLR	2076	-	111	71868259	38212
chr7	71830047	72030047	harbor2	chr7	71868645	71868813	LTR/ERVL-MaLR	2076	-	84	71868729	38682
chr7	71830047	72030047	harbor2	chr7	71881701	71881791	LTR/ERVL-MaLR	2251	-	45	71881746	51699
chr7	71830047	72030047	harbor2	chr7	71882079	71882486	LTR/ERVL-MaLR	2251	-	204	71882283	52236
chr7	71830047	72030047	harbor2	chr7	71889109	71889316	LTR/ERVL-MaLR	1220	-	104	71889213	59166
chr7	71830047	72030047	harbor2	chr7	71889472	71889626	LTR/ERVL-MaLR	687	-	77	71889549	59502
chr7	71830047	72030047	harbor2	chr7	71905785	71906153	LTR/ERVL-MaLR	2252	-	184	71905969	75922
chr7	71830047	72030047	harbor2	chr7	71909849	71910185	LTR/ERVL-MaLR	2045	-	168	71910017	79970
chr7	71830047	72030047	harbor2	chr7	71910248	71910452	LTR/ERVL-MaLR	689	-	102	71910350	80303
chr7	71830047	72030047	harbor2	chr7	71917486	71917828	LTR/ERVL-MaLR	1960	-	171	71917657	87610
chr7	89740407	89940407	harbor2	chr7	89808277	89808538	LTR/ERVL-MaLR	664	-	130	89808407	68000
chr7	89740407	89940407	harbor2	chr7	89813838	89814206	LTR/ERVL-MaLR	2042	-	184	89814022	73615
chr7	155265144	155465144	harbor2	chr7	155269687	155270074	LTR/ERVL-MaLR	556	-	194	155269881	4737
chr7	155265144	155465144	harbor2	chr7	155273495	155273912	LTR/ERVL-MaLR	1852	-	208	155273703	8559
chr7	155265144	155465144	harbor2	chr7	155289669	155290019	LTR/ERVL-MaLR	1787	-	175	155289844	24700
chr7	155265144	155465144	harbor2	chr7	155290743	155291086	LTR/ERVL-MaLR	962	-	172	155290915	25771
chr7	155265144	155465144	harbor2	chr7	155326192	155326521	LTR/ERVL-MaLR	888	-	164	155326356	61212
chr7	155265144	155465144	harbor2	chr7	155341648	155341967	LTR/ERVL-MaLR	1500	-	160	155341808	76664
chr7	155265144	155465144	harbor2	chr7	155341960	155342213	LTR/ERVL-MaLR	1093	-	126	155342086	76942
chr7	155265144	155465144	harbor2	chr7	155359778	155360205	LTR/ERVL-MaLR	1305	-	214	155359992	94848
chr7	158055771	158255771	harbor2	chr7	158060451	158060670	LTR/ERVL-MaLR	594	-	110	158060561	4790
chr7	139741525	139941525	harbor2	chr7	139748343	139748805	LTR/ERVL-MaLR	2463	-	231	139748574	7049
chr7	139741525	139941525	harbor2	chr7	139791178	139791508	LTR/ERVL-MaLR	980	-	165	139791343	49818
chr7	87269057	87469057	harbor2	chr7	87273220	87273564	LTR/ERVL-MaLR	1517	-	172	87273392	4335
chr7	87269057	87469057	harbor2	chr7	87273565	87274832	LTR/ERVL-MaLR	11104	-	634	87274199	5142
chr7	87269057	87469057	harbor2	chr7	87275130	87275497	LTR/ERVL-MaLR	11104	-	184	87275314	6257
chr7	87269057	87469057	harbor2	chr7	87275498	87275837	LTR/ERVL-MaLR	1550	-	170	87275668	6611
chr7	87269057	87469057	harbor2	chr7	87296667	87297039	LTR/ERVL-MaLR	2180	-	186	87296853	27796
chr7	87269057	87469057	harbor2	chr7	87297876	87298233	LTR/ERVL-MaLR	1968	-	178	87298054	28997
chr7	87269057	87469057	harbor2	chr7	87298234	87299810	LTR/ERVL-MaLR	12566	-	788	87299022	29965
chr7	87269057	87469057	harbor2	chr7	87299811	87300172	LTR/ERVL-MaLR	2096	-	180	87299991	30934
chr7	87269057	87469057	harbor2	chr7	87346760	87347312	LTR/ERVL-MaLR	1699	-	276	87347036	77979
chr7	87269057	87469057	harbor2	chr7	87353499	87353924	LTR/ERVL-MaLR	2567	-	212	87353711	84654
chr7	151475141	151675141	harbor2	chr7	151531135	151531561	LTR/ERVL-MaLR	1990	-	213	151531348	56207
chr7	151475141	151675141	harbor2	chr7	151531570	151532739	LTR/ERVL-MaLR	10388	-	584	151532154	57013
chr7	151475141	151675141	harbor2	chr7	151533009	151533386	LTR/ERVL-MaLR	10388	-	188	151533197	58056
chr7	151475141	151675141	harbor2	chr7	151533880	151534202	LTR/ERVL-MaLR	1861	-	161	151534041	58900
chr7	151475141	151675141	harbor2	chr7	151549051	151549315	LTR/ERVL-MaLR	1676	-	132	151549183	74042
chr7	151475141	151675141	harbor2	chr7	151549970	151550153	LTR/ERVL-MaLR	1676	-	92	151550062	74921
chr7	118164179	118364179	harbor2	chr7	118175616	118176164	LTR/ERVL-MaLR	2096	-	274	118175890	11711
chr7	118164179	118364179	harbor2	chr7	118202590	118202768	LTR/ERVL-MaLR	461	-	89	118202679	38500
chr7	118164179	118364179	harbor2	chr7	118215396	118215795	LTR/ERVL-MaLR	2017	-	200	118215596	51417
chr7	118164179	118364179	harbor2	chr7	118245774	118246256	LTR/ERVL-MaLR	2132	-	241	118246015	81836
chr7	118164179	118364179	harbor2	chr7	118246485	118246600	LTR/ERVL-MaLR	516	-	58	118246543	82364
chr7	102115261	102315261	harbor2	chr7	102156214	102156632	LTR/ERVL-MaLR	2250	-	209	102156423	41162
chr7	115377747	115577747	harbor2	chr7	115409890	115410079	LTR/ERVL-MaLR	475	-	94	115409984	32237
chr7	115377747	115577747	harbor2	chr7	115410187	115411032	LTR/ERVL-MaLR	857	-	422	115410609	32862
chr7	115377747	115577747	harbor2	chr7	115411505	115411801	LTR/ERVL-MaLR	671	-	148	115411653	33906
chr7	115377747	115577747	harbor2	chr7	115412092	115412229	LTR/ERVL-MaLR	490	-	68	115412160	34413
chr7	115377747	115577747	harbor2	chr7	115421987	115422171	LTR/ERVL-MaLR	826	-	92	115422079	44332
chr7	115377747	115577747	harbor2	chr7	115430794	115431137	LTR/ERVL-MaLR	2087	-	172	115430966	53219
chr7	115377747	115577747	harbor2	chr7	115465938	115466306	LTR/ERVL-MaLR	1059	-	184	115466122	88375
chr7	151570336	151770336	harbor2	chr7	151666095	151666166	LTR/ERVL-MaLR	1304	-	36	151666131	95795
chr7	151570336	151770336	harbor2	chr7	151666520	151666742	LTR/ERVL-MaLR	1304	-	111	151666631	96295
chr7	127044070	127244070	harbor2	chr7	127100482	127100837	LTR/ERVL-MaLR	2008	-	178	127100660	56590
chr7	127044070	127244070	harbor2	chr7	127121522	127121914	LTR/ERVL-MaLR	2111	-	196	127121718	77648
chr7	102886072	103086072	harbor2	chr7	102896490	102896875	LTR/ERVL-MaLR	1472	-	192	102896682	10610
chr7	102886072	103086072	harbor2	chr7	102905915	102906240	LTR/ERVL-MaLR	2424	-	162	102906077	20005
chr7	102886072	103086072	harbor2	chr7	102979353	102979558	LTR/ERVL-MaLR	989	-	102	102979455	93383
chr7	102886072	103086072	harbor2	chr7	102981524	102981880	LTR/ERVL-MaLR	1949	-	178	102981702	95630
chr7	141882688	142082688	harbor2	chr7	141894851	141895164	LTR/ERVL-MaLR	1353	-	156	141895007	12319
chr7	141882688	142082688	harbor2	chr7	141905825	141905986	LTR/ERVL-MaLR	586	-	80	141905905	23217
chr7	141882688	142082688	harbor2	chr7	141910548	141910933	LTR/ERVL-MaLR	2198	-	192	141910740	28052
chr7	141882688	142082688	harbor2	chr7	141957046	141957084	LTR/ERVL-MaLR	2049	-	19	141957065	74377
chr7	141882688	142082688	harbor2	chr7	141957396	141957720	LTR/ERVL-MaLR	2049	-	162	141957558	74870
chr7	80873878	81073878	harbor2	chr7	80967104	80967496	LTR/ERVL-MaLR	2249	-	196	80967300	93422
chr7	158554890	158754890	harbor2	chr7	158562081	158562439	LTR/ERVL-MaLR	1124	-	179	158562260	7370
chr7	158554890	158754890	harbor2	chr7	158595570	158595980	LTR/ERVL-MaLR	2348	-	205	158595775	40885
chr7	158554890	158754890	harbor2	chr7	158629989	158630275	LTR/ERVL-MaLR	725	-	143	158630132	75242
chr7	137361699	137561699	harbor2	chr7	137362138	137362490	LTR/ERVL-MaLR	2586	-	176	137362314	615
chr7	137361699	137561699	harbor2	chr7	137362491	137362858	LTR/ERVL-MaLR	2013	-	184	137362675	976
chr7	137361699	137561699	harbor2	chr7	137368278	137368651	LTR/ERVL-MaLR	2411	-	186	137368464	6765
chr7	137361699	137561699	harbor2	chr7	137370870	137371279	LTR/ERVL-MaLR	464	-	204	137371074	9375
chr7	137361699	137561699	harbor2	chr7	137419938	137420411	LTR/ERVL-MaLR	1235	-	236	137420174	58475
chr7	137361699	137561699	harbor2	chr7	137439289	137439645	LTR/ERVL-MaLR	2430	-	178	137439467	77768
chr7	137361699	137561699	harbor2	chr7	137461574	137461709	LTR/ERVL-MaLR	627	-	68	137461642	99943
chr7	77726427	77926427	harbor2	chr7	77746135	77746534	LTR/ERVL-MaLR	2467	-	200	77746335	19908
chr7	77726427	77926427	harbor2	chr7	77746535	77747151	LTR/ERVL-MaLR	3975	-	308	77746843	20416
chr7	77726427	77926427	harbor2	chr7	77747779	77747939	LTR/ERVL-MaLR	1111	-	80	77747859	21432
chr7	77726427	77926427	harbor2	chr7	77757515	77757947	LTR/ERVL-MaLR	489	-	216	77757731	31304
chr7	77726427	77926427	harbor2	chr7	77817318	77817694	LTR/ERVL-MaLR	2604	-	188	77817506	91079
chr7	92539694	92739694	harbor2	chr7	92629721	92630106	LTR/ERVL-MaLR	1641	-	192	92629913	90219
chr7	142417687	142617687	harbor2	chr7	142431333	142431796	LTR/ERVL-MaLR	1108	-	232	142431565	13878
chr7	142417687	142617687	harbor2	chr7	142439226	142439697	LTR/ERVL-MaLR	1744	-	236	142439462	21775
chr7	124184453	124384453	harbor2	chr7	124189948	124190320	LTR/ERVL-MaLR	1835	-	186	124190134	5681
chr7	124184453	124384453	harbor2	chr7	124190629	124190703	LTR/ERVL-MaLR	1835	-	37	124190666	6213
chr7	124184453	124384453	harbor2	chr7	124218855	124219011	LTR/ERVL-MaLR	1005	-	78	124218933	34480
chr7	124184453	124384453	harbor2	chr7	124248391	124248846	LTR/ERVL-MaLR	2132	-	228	124248619	64166
chr7	124184453	124384453	harbor2	chr7	124274630	124275050	LTR/ERVL-MaLR	1010	-	210	124274840	90387
chr7	81854431	82054431	harbor2	chr7	81867510	81867969	LTR/ERVL-MaLR	1570	-	230	81867740	13309
chr7	81854431	82054431	harbor2	chr7	81904405	81904726	LTR/ERVL-MaLR	1483	-	160	81904565	50134
chr7	81854431	82054431	harbor2	chr7	81907110	81907480	LTR/ERVL-MaLR	1956	-	185	81907295	52864
chr7	81854431	82054431	harbor2	chr7	81907481	81908222	LTR/ERVL-MaLR	4667	-	370	81907851	53420
chr7	140844786	141044786	harbor2	chr7	140927334	140927813	LTR/ERVL-MaLR	2054	-	240	140927574	82788
chr7	140844786	141044786	harbor2	chr7	140932953	140933294	LTR/ERVL-MaLR	1325	-	170	140933123	88337
chr7	140844786	141044786	harbor2	chr7	140937729	140938084	LTR/ERVL-MaLR	2011	-	178	140937907	93121
chr7	140844786	141044786	harbor2	chr7	140939884	140940240	LTR/ERVL-MaLR	2206	-	178	140940062	95276
chr7	119806471	120006471	harbor2	chr7	119830312	119830679	LTR/ERVL-MaLR	1435	-	184	119830496	24025
chr7	119806471	120006471	harbor2	chr7	119844357	119844509	LTR/ERVL-MaLR	815	-	76	119844433	37962
chr7	119806471	120006471	harbor2	chr7	119844510	119844951	LTR/ERVL-MaLR	2134	-	220	119844730	38259
chr7	119806471	120006471	harbor2	chr7	119884916	119885270	LTR/ERVL-MaLR	2255	-	177	119885093	78622
chr7	119806471	120006471	harbor2	chr7	119885271	119886862	LTR/ERVL-MaLR	9214	-	796	119886067	79596
chr7	119806471	120006471	harbor2	chr7	119886865	119887226	LTR/ERVL-MaLR	2283	-	180	119887045	80574
chr7	119806471	120006471	harbor2	chr7	119895151	119895471	LTR/ERVL-MaLR	1334	-	160	119895311	88840
chr7	119806471	120006471	harbor2	chr7	119899662	119900006	LTR/ERVL-MaLR	1516	-	172	119899834	93363
chr7	157417194	157617194	harbor2	chr7	157494328	157494753	LTR/ERVL-MaLR	2307	-	212	157494540	77346
chr7	157417194	157617194	harbor2	chr7	157506118	157506555	LTR/ERVL-MaLR	1216	-	218	157506336	89142
chr7	157417194	157617194	harbor2	chr7	157514696	157514999	LTR/ERVL-MaLR	795	-	152	157514848	97654
chr7	150098792	150298792	harbor2	chr7	150169946	150170409	LTR/ERVL-MaLR	1723	-	232	150170178	71386
chr7	150098792	150298792	harbor2	chr7	150172207	150172560	LTR/ERVL-MaLR	2693	-	176	150172383	73591
chr7	150098792	150298792	harbor2	chr7	150172561	150174156	LTR/ERVL-MaLR	11497	-	798	150173359	74567
chr7	150098792	150298792	harbor2	chr7	150174157	150174512	LTR/ERVL-MaLR	2750	-	178	150174335	75543
chr7	150098792	150298792	harbor2	chr7	150190711	150191085	LTR/ERVL-MaLR	2760	-	187	150190898	92106
chr7	30513750	30713750	harbor2	chr7	30521538	30522067	LTR/ERVL-MaLR	2051	-	264	30521802	8052
chr7	30513750	30713750	harbor2	chr7	30555284	30555638	LTR/ERVL-MaLR	1666	-	177	30555461	41711
chr7	30513750	30713750	harbor2	chr7	30562660	30563014	LTR/ERVL-MaLR	1980	-	177	30562837	49087
chr7	30513750	30713750	harbor2	chr7	30563655	30564076	LTR/ERVL-MaLR	1505	-	210	30563865	50115
chr7	30513750	30713750	harbor2	chr7	30576481	30576831	LTR/ERVL-MaLR	2108	-	175	30576656	62906
chr7	30513750	30713750	harbor2	chr7	30585836	30586197	LTR/ERVL-MaLR	1690	-	180	30586016	72266
chr7	30513750	30713750	harbor2	chr7	30587595	30587948	LTR/ERVL-MaLR	2577	-	176	30587771	74021
chr7	30513750	30713750	harbor2	chr7	30588151	30588426	LTR/ERVL-MaLR	1497	-	138	30588289	74539
chr7	148172927	148372927	harbor2	chr7	148191039	148191060	LTR/ERVL-MaLR	1554	-	10	148191049	18122
chr7	148172927	148372927	harbor2	chr7	148191485	148191834	LTR/ERVL-MaLR	1554	-	174	148191659	18732
chr7	148172927	148372927	harbor2	chr7	148222215	148222702	LTR/ERVL-MaLR	2404	-	244	148222459	49532
chr7	148172927	148372927	harbor2	chr7	148224664	148225037	LTR/ERVL-MaLR	2643	-	186	148224850	51923
chr7	148172927	148372927	harbor2	chr7	148235455	148235685	LTR/ERVL-MaLR	1740	-	115	148235570	62643
chr7	148172927	148372927	harbor2	chr7	148235984	148236632	LTR/ERVL-MaLR	1740	-	324	148236308	63381
chr7	148172927	148372927	harbor2	chr7	148236633	148237045	LTR/ERVL-MaLR	2319	-	206	148236839	63912
chr7	148172927	148372927	harbor2	chr7	148237046	148237173	LTR/ERVL-MaLR	1237	-	64	148237110	64183
chr7	148172927	148372927	harbor2	chr7	148243398	148243756	LTR/ERVL-MaLR	2240	-	179	148243577	70650
chr7	148172927	148372927	harbor2	chr7	148262345	148262800	LTR/ERVL-MaLR	1976	-	228	148262573	89646
chr7	131512363	131712363	harbor2	chr7	131517501	131517746	LTR/ERVL-MaLR	1419	-	122	131517623	5260
chr7	131512363	131712363	harbor2	chr7	131518039	131518221	LTR/ERVL-MaLR	1419	-	91	131518130	5767
chr7	131512363	131712363	harbor2	chr7	131518269	131518488	LTR/ERVL-MaLR	496	-	110	131518379	6016
chr7	131512363	131712363	harbor2	chr7	131531518	131531830	LTR/ERVL-MaLR	658	-	156	131531674	19311
chr7	131512363	131712363	harbor2	chr7	131565110	131565162	LTR/ERVL-MaLR	2410	-	26	131565136	52773
chr7	131512363	131712363	harbor2	chr7	131565472	131565663	LTR/ERVL-MaLR	2410	-	96	131565568	53205
chr7	131512363	131712363	harbor2	chr7	131565994	131566155	LTR/ERVL-MaLR	2410	-	80	131566074	53711
chr7	131512363	131712363	harbor2	chr7	131598227	131598520	LTR/ERVL-MaLR	1885	-	146	131598373	86010
chr7	131512363	131712363	harbor2	chr7	131598823	131598979	LTR/ERVL-MaLR	1885	-	78	131598901	86538
chr7	152683854	152883854	harbor2	chr7	152721994	152722147	LTR/ERVL-MaLR	1063	-	76	152722070	38216
chr7	152683854	152883854	harbor2	chr7	152743616	152743879	LTR/ERVL-MaLR	1680	-	132	152743748	59894
chr7	152683854	152883854	harbor2	chr7	152744473	152744632	LTR/ERVL-MaLR	1680	-	80	152744553	60699
chr7	152683854	152883854	harbor2	chr7	152752824	152752906	LTR/ERVL-MaLR	1869	-	41	152752865	69011
chr7	152683854	152883854	harbor2	chr7	152753198	152753506	LTR/ERVL-MaLR	1869	-	154	152753352	69498
chr7	152683854	152883854	harbor2	chr7	152755729	152755907	LTR/ERVL-MaLR	998	-	89	152755818	71964
chr7	152683854	152883854	harbor2	chr7	152765788	152765971	LTR/ERVL-MaLR	925	-	92	152765880	82026
chr7	19468207	19668207	harbor2	chr7	19486645	19487298	LTR/ERVL-MaLR	1727	-	326	19486971	18764
chr7	19468207	19668207	harbor2	chr7	19513613	19513863	LTR/ERVL-MaLR	1281	-	125	19513738	45531
chr7	19468207	19668207	harbor2	chr7	19524689	19524975	LTR/ERVL-MaLR	1028	-	143	19524832	56625
chr7	19468207	19668207	harbor2	chr7	19525279	19525447	LTR/ERVL-MaLR	1028	-	84	19525363	57156
chr7	119531939	119731939	harbor2	chr7	119548484	119548713	LTR/ERVL-MaLR	534	-	114	119548598	16659
chr7	119531939	119731939	harbor2	chr7	119577355	119577596	LTR/ERVL-MaLR	1054	-	120	119577475	45536
chr7	119531939	119731939	harbor2	chr7	119594889	119595312	LTR/ERVL-MaLR	2284	-	212	119595101	63162
chr7	119531939	119731939	harbor2	chr7	119623734	119624160	LTR/ERVL-MaLR	1667	-	213	119623947	92008
chr7	132827115	133027115	harbor2	chr7	132846878	132847161	LTR/ERVL-MaLR	545	-	142	132847020	19905
chr7	157050152	157250152	harbor2	chr7	157073415	157073870	LTR/ERVL-MaLR	2439	-	228	157073643	23491
chr7	157050152	157250152	harbor2	chr7	157118715	157118844	LTR/ERVL-MaLR	508	-	64	157118779	68627
chr7	157050152	157250152	harbor2	chr7	157121226	157121700	LTR/ERVL-MaLR	782	-	237	157121463	71311
chr7	157050152	157250152	harbor2	chr7	157135381	157135717	LTR/ERVL-MaLR	1502	-	168	157135549	85397
chr7	114034524	114234524	harbor2	chr7	114075518	114075983	LTR/ERVL-MaLR	1573	-	232	114075750	41226
chr7	114034524	114234524	harbor2	chr7	114077407	114077478	LTR/ERVL-MaLR	1573	-	36	114077443	42919
chr7	114034524	114234524	harbor2	chr7	114117714	114118070	LTR/ERVL-MaLR	1403	-	178	114117892	83368
chr7	114034524	114234524	harbor2	chr7	114126893	114127430	LTR/ERVL-MaLR	1426	-	268	114127161	92637
chr7	82324291	82524291	harbor2	chr7	82333331	82333690	LTR/ERVL-MaLR	2597	-	180	82333511	9220
chr7	82324291	82524291	harbor2	chr7	82416380	82416827	LTR/ERVL-MaLR	2070	-	224	82416604	92313
chr7	82324291	82524291	harbor2	chr7	82417986	82418362	LTR/ERVL-MaLR	2246	-	188	82418174	93883
chr7	50014165	50214165	harbor2	chr7	50037354	50037728	LTR/ERVL-MaLR	1867	-	187	50037541	23376
chr7	50014165	50214165	harbor2	chr7	50056112	50056595	LTR/ERVL-MaLR	2216	-	242	50056354	42189
chr7	50014165	50214165	harbor2	chr7	50098523	50098864	LTR/ERVL-MaLR	1253	-	170	50098693	84528
chr7	50014165	50214165	harbor2	chr7	50101888	50102039	LTR/ERVL-MaLR	1152	-	76	50101964	87799
chr7	50014165	50214165	harbor2	chr7	50102339	50102598	LTR/ERVL-MaLR	1152	-	130	50102469	88304
chr7	144050315	144250315	harbor2	chr7	144058400	144058619	LTR/ERVL-MaLR	2388	-	110	144058510	8195
chr7	144050315	144250315	harbor2	chr7	144058912	144059094	LTR/ERVL-MaLR	2388	-	91	144059003	8688
chr7	144050315	144250315	harbor2	chr7	144059095	144059603	LTR/ERVL-MaLR	3309	-	254	144059349	9034
chr7	144050315	144250315	harbor2	chr7	144062415	144062542	LTR/ERVL-MaLR	763	-	64	144062479	12164
chr7	144050315	144250315	harbor2	chr7	144137506	144137927	LTR/ERVL-MaLR	662	-	210	144137716	87401
chr7	151465348	151665348	harbor2	chr7	151531135	151531561	LTR/ERVL-MaLR	1990	-	213	151531348	66000
chr7	151465348	151665348	harbor2	chr7	151531570	151532739	LTR/ERVL-MaLR	10388	-	584	151532154	66806
chr7	151465348	151665348	harbor2	chr7	151533009	151533386	LTR/ERVL-MaLR	10388	-	188	151533197	67849
chr7	151465348	151665348	harbor2	chr7	151533880	151534202	LTR/ERVL-MaLR	1861	-	161	151534041	68693
chr7	151465348	151665348	harbor2	chr7	151549051	151549315	LTR/ERVL-MaLR	1676	-	132	151549183	83835
chr7	151465348	151665348	harbor2	chr7	151549970	151550153	LTR/ERVL-MaLR	1676	-	92	151550062	84714
chr8	143390926	143590926	harbor2	chr8	143416433	143416791	LTR/ERVL-MaLR	2696	-	179	143416612	25686
chr8	143390926	143590926	harbor2	chr8	143433243	143433563	LTR/ERVL-MaLR	512	-	160	143433403	42477
chr8	143390926	143590926	harbor2	chr8	143434074	143434357	LTR/ERVL-MaLR	765	-	142	143434216	43290
chr8	143390926	143590926	harbor2	chr8	143447540	143447835	LTR/ERVL-MaLR	1441	-	148	143447688	56762
chr8	143390926	143590926	harbor2	chr8	143448325	143449448	LTR/ERVL-MaLR	8020	-	562	143448887	57961
chr8	143390926	143590926	harbor2	chr8	143449763	143450134	LTR/ERVL-MaLR	8020	-	186	143449949	59023
chr8	143390926	143590926	harbor2	chr8	143450135	143450185	LTR/ERVL-MaLR	2231	-	25	143450160	59234
chr8	143390926	143590926	harbor2	chr8	143450481	143450866	LTR/ERVL-MaLR	2231	-	192	143450673	59747
chr8	143390926	143590926	harbor2	chr8	143486281	143486614	LTR/ERVL-MaLR	950	-	166	143486447	95521
chr8	142293187	142493187	harbor2	chr8	142362441	142362555	LTR/ERVL-MaLR	487	-	57	142362498	69311
chr8	142293187	142493187	harbor2	chr8	142362650	142362745	LTR/ERVL-MaLR	430	-	48	142362698	69511
chr8	142293187	142493187	harbor2	chr8	142385772	142386284	LTR/ERVL-MaLR	1765	-	256	142386028	92841
chr8	32835494	33035494	harbor2	chr8	32846844	32847216	LTR/ERVL-MaLR	2375	-	186	32847030	11536
chr8	32835494	33035494	harbor2	chr8	32900414	32900805	LTR/ERVL-MaLR	2328	-	196	32900610	65116
chr8	32835494	33035494	harbor2	chr8	32901117	32901212	LTR/ERVL-MaLR	2328	-	48	32901165	65671
chr8	32835494	33035494	harbor2	chr8	32914320	32914749	LTR/ERVL-MaLR	2671	-	214	32914534	79040
chr8	122600489	122800489	harbor2	chr8	122613892	122614244	LTR/ERVL-MaLR	1430	-	176	122614068	13579
chr8	122600489	122800489	harbor2	chr8	122624229	122624421	LTR/ERVL-MaLR	1165	-	96	122624325	23836
chr8	122600489	122800489	harbor2	chr8	122624743	122624901	LTR/ERVL-MaLR	1165	-	79	122624822	24333
chr8	122600489	122800489	harbor2	chr8	122627999	122628395	LTR/ERVL-MaLR	697	-	198	122628197	27708
chr8	122600489	122800489	harbor2	chr8	122630652	122631001	LTR/ERVL-MaLR	1423	-	174	122630826	30337
chr8	122600489	122800489	harbor2	chr8	122631602	122631742	LTR/ERVL-MaLR	762	-	70	122631672	31183
chr8	122600489	122800489	harbor2	chr8	122632126	122632343	LTR/ERVL-MaLR	832	-	108	122632234	31745
chr8	122600489	122800489	harbor2	chr8	122660184	122660541	LTR/ERVL-MaLR	980	-	178	122660362	59873
chr8	122600489	122800489	harbor2	chr8	122660542	122660745	LTR/ERVL-MaLR	663	-	102	122660644	60155
chr8	122600489	122800489	harbor2	chr8	122674962	122675187	LTR/ERVL-MaLR	421	-	112	122675074	74585
chr8	122600489	122800489	harbor2	chr8	122690071	122690482	LTR/ERVL-MaLR	672	-	206	122690277	89788
chr8	122600489	122800489	harbor2	chr8	122691300	122691608	LTR/ERVL-MaLR	888	-	154	122691454	90965
chr8	122600489	122800489	harbor2	chr8	122700226	122700323	LTR/ERVL-MaLR	498	-	48	122700274	99785
chr8	132829375	133029375	harbor2	chr8	132829965	132830451	LTR/ERVL-MaLR	1712	-	243	132830208	833
chr8	132829375	133029375	harbor2	chr8	132870569	132870973	LTR/ERVL-MaLR	2257	-	202	132870771	41396
chr8	132829375	133029375	harbor2	chr8	132883805	132884249	LTR/ERVL-MaLR	1597	-	222	132884027	54652
chr8	132829375	133029375	harbor2	chr8	132885677	132886076	LTR/ERVL-MaLR	1696	-	200	132885877	56502
chr8	132829375	133029375	harbor2	chr8	132913761	132914259	LTR/ERVL-MaLR	1707	-	249	132914010	84635
chr8	132829375	133029375	harbor2	chr8	132920873	132921249	LTR/ERVL-MaLR	1244	-	188	132921061	91686
chr8	132829375	133029375	harbor2	chr8	132922582	132922938	LTR/ERVL-MaLR	2137	-	178	132922760	93385
chr8	132035604	132235604	harbor2	chr8	132096050	132096499	LTR/ERVL-MaLR	1418	-	224	132096274	60670
chr8	132035604	132235604	harbor2	chr8	132105393	132105757	LTR/ERVL-MaLR	536	-	182	132105575	69971
chr8	141236987	141436987	harbor2	chr8	141246250	141246674	LTR/ERVL-MaLR	526	-	212	141246462	9475
chr8	66731921	66931921	harbor2	chr8	66739068	66739369	LTR/ERVL-MaLR	1704	-	150	66739218	7297
chr8	66731921	66931921	harbor2	chr8	66739696	66740041	LTR/ERVL-MaLR	2430	-	172	66739868	7947
chr8	66731921	66931921	harbor2	chr8	66745645	66746010	LTR/ERVL-MaLR	1945	-	182	66745827	13906
chr8	66731921	66931921	harbor2	chr8	66758865	66758962	LTR/ERVL-MaLR	434	-	48	66758913	26992
chr8	66731921	66931921	harbor2	chr8	66809796	66810141	LTR/ERVL-MaLR	1276	-	172	66809968	78047
chr8	113615636	113815636	harbor2	chr8	113701718	113702074	LTR/ERVL-MaLR	2199	-	178	113701896	86260
chr8	113615636	113815636	harbor2	chr8	113702076	113703648	LTR/ERVL-MaLR	10811	-	786	113702862	87226
chr8	113615636	113815636	harbor2	chr8	113703649	113704008	LTR/ERVL-MaLR	1846	-	180	113703829	88193
chr8	113615636	113815636	harbor2	chr8	113709782	113710313	LTR/ERVL-MaLR	1713	-	266	113710048	94412
chr8	113615636	113815636	harbor2	chr8	113715072	113715434	LTR/ERVL-MaLR	2154	-	181	113715253	99617
chr8	141820671	142020671	harbor2	chr8	141828761	141829126	LTR/ERVL-MaLR	1771	-	182	141828943	8272
chr8	141820671	142020671	harbor2	chr8	141844004	141844515	LTR/ERVL-MaLR	933	-	256	141844260	23589
chr8	141820671	142020671	harbor2	chr8	141848336	141848701	LTR/ERVL-MaLR	1085	-	182	141848518	27847
chr8	141820671	142020671	harbor2	chr8	141849600	141849915	LTR/ERVL-MaLR	368	-	158	141849758	29087
chr8	141820671	142020671	harbor2	chr8	141864241	141864517	LTR/ERVL-MaLR	578	-	138	141864379	43708
chr8	141820671	142020671	harbor2	chr8	141877568	141877793	LTR/ERVL-MaLR	480	-	112	141877680	57009
chr8	141820671	142020671	harbor2	chr8	141877842	141877941	LTR/ERVL-MaLR	364	-	50	141877892	57221
chr8	141820671	142020671	harbor2	chr8	141880957	141881133	LTR/ERVL-MaLR	727	-	88	141881045	60374
chr8	141820671	142020671	harbor2	chr8	141881132	141881195	LTR/ERVL-MaLR	378	-	32	141881164	60493
chr8	141820671	142020671	harbor2	chr8	141881256	141881657	LTR/ERVL-MaLR	1374	-	200	141881456	60785
chr8	141820671	142020671	harbor2	chr8	141890485	141890895	LTR/ERVL-MaLR	2416	-	205	141890690	70019
chr8	141820671	142020671	harbor2	chr8	141900433	141900716	LTR/ERVL-MaLR	857	-	142	141900575	79904
chr8	134772848	134972848	harbor2	chr8	134820465	134820792	LTR/ERVL-MaLR	565	-	164	134820629	47781
chr8	134772848	134972848	harbor2	chr8	134850083	134850495	LTR/ERVL-MaLR	1432	-	206	134850289	77441
chr8	134772848	134972848	harbor2	chr8	134855681	134856039	LTR/ERVL-MaLR	1853	-	179	134855860	83012
chr8	134772848	134972848	harbor2	chr8	134859499	134859821	LTR/ERVL-MaLR	953	-	161	134859660	86812
chr8	92041702	92241702	harbor2	chr8	92131656	92132034	LTR/ERVL-MaLR	2131	-	189	92131845	90143
chr8	92041702	92241702	harbor2	chr8	92132036	92132434	LTR/ERVL-MaLR	2654	-	199	92132235	90533
chr8	92041702	92241702	harbor2	chr8	92136035	92136478	LTR/ERVL-MaLR	1849	-	222	92136257	94555
chr8	137348870	137548870	harbor2	chr8	137359634	137360092	LTR/ERVL-MaLR	748	-	229	137359863	10993
chr8	137348870	137548870	harbor2	chr8	137386402	137386726	LTR/ERVL-MaLR	1862	-	162	137386564	37694
chr8	137348870	137548870	harbor2	chr8	137386731	137388312	LTR/ERVL-MaLR	9088	-	790	137387521	38651
chr8	137348870	137548870	harbor2	chr8	137388320	137388671	LTR/ERVL-MaLR	2157	-	176	137388496	39626
chr8	137348870	137548870	harbor2	chr8	137417763	137418120	LTR/ERVL-MaLR	2163	-	178	137417941	69071
chr8	137348870	137548870	harbor2	chr8	137418121	137419700	LTR/ERVL-MaLR	9766	-	790	137418911	70041
chr8	137348870	137548870	harbor2	chr8	137419701	137420055	LTR/ERVL-MaLR	2367	-	177	137419878	71008
chr8	137348870	137548870	harbor2	chr8	137433805	137433962	LTR/ERVL-MaLR	2020	-	78	137433883	85013
chr8	137348870	137548870	harbor2	chr8	137433993	137434285	LTR/ERVL-MaLR	2020	-	146	137434139	85269
chr8	133345337	133545337	harbor2	chr8	133351114	133351476	LTR/ERVL-MaLR	1591	-	181	133351295	5958
chr8	133345337	133545337	harbor2	chr8	133351896	133352272	LTR/ERVL-MaLR	2326	-	188	133352084	6747
chr8	133345337	133545337	harbor2	chr8	133363438	133363613	LTR/ERVL-MaLR	564	-	88	133363526	18189
chr8	133345337	133545337	harbor2	chr8	133367524	133367987	LTR/ERVL-MaLR	645	-	232	133367756	22419
chr8	133345337	133545337	harbor2	chr8	133372481	133372624	LTR/ERVL-MaLR	518	-	72	133372553	27216
chr8	133345337	133545337	harbor2	chr8	133379412	133379452	LTR/ERVL-MaLR	1966	-	20	133379432	34095
chr8	133345337	133545337	harbor2	chr8	133379753	133380107	LTR/ERVL-MaLR	1966	-	177	133379930	34593
chr8	133345337	133545337	harbor2	chr8	133383775	133384151	LTR/ERVL-MaLR	2078	-	188	133383963	38626
chr8	133345337	133545337	harbor2	chr8	133396812	133396926	LTR/ERVL-MaLR	783	-	57	133396869	51532
chr8	133345337	133545337	harbor2	chr8	133397247	133397597	LTR/ERVL-MaLR	783	-	175	133397422	52085
chr8	133345337	133545337	harbor2	chr8	133397683	133398193	LTR/ERVL-MaLR	2259	-	255	133397938	52601
chr8	133345337	133545337	harbor2	chr8	133401410	133401922	LTR/ERVL-MaLR	1327	-	256	133401666	56329
chr8	133345337	133545337	harbor2	chr8	133405039	133405214	LTR/ERVL-MaLR	397	-	88	133405127	59790
chr8	133345337	133545337	harbor2	chr8	133410179	133410534	LTR/ERVL-MaLR	1904	-	178	133410357	65020
chr8	133345337	133545337	harbor2	chr8	133413728	133413953	LTR/ERVL-MaLR	717	-	112	133413840	68503
chr8	133345337	133545337	harbor2	chr8	133414107	133414274	LTR/ERVL-MaLR	778	-	84	133414191	68854
chr8	133345337	133545337	harbor2	chr8	133429775	133430209	LTR/ERVL-MaLR	2106	-	217	133429992	84655
chr8	133345337	133545337	harbor2	chr8	133430937	133431072	LTR/ERVL-MaLR	923	-	68	133431005	85668
chr8	133345337	133545337	harbor2	chr8	133431105	133431265	LTR/ERVL-MaLR	923	-	80	133431185	85848
chr8	86233310	86433310	harbor2	chr8	86239513	86239955	LTR/ERVL-MaLR	1567	-	221	86239734	6424
chr8	86233310	86433310	harbor2	chr8	86253327	86254149	LTR/ERVL-MaLR	3277	-	411	86253738	20428
chr8	86233310	86433310	harbor2	chr8	86254665	86254767	LTR/ERVL-MaLR	3277	-	51	86254716	21406
chr8	86233310	86433310	harbor2	chr8	86254778	86254983	LTR/ERVL-MaLR	809	-	102	86254880	21570
chr8	86233310	86433310	harbor2	chr8	86260428	86260561	LTR/ERVL-MaLR	1752	-	66	86260494	27184
chr8	86233310	86433310	harbor2	chr8	86261011	86261125	LTR/ERVL-MaLR	1752	-	57	86261068	27758
chr8	86233310	86433310	harbor2	chr8	86286740	86286868	LTR/ERVL-MaLR	751	-	64	86286804	53494
chr8	86233310	86433310	harbor2	chr8	86309028	86309098	LTR/ERVL-MaLR	881	-	35	86309063	75753
chr8	86233310	86433310	harbor2	chr8	86309284	86309308	LTR/ERVL-MaLR	881	-	12	86309296	75986
chr8	86233310	86433310	harbor2	chr8	86309613	86309884	LTR/ERVL-MaLR	881	-	136	86309749	76439
chr8	86233310	86433310	harbor2	chr8	86331490	86331790	LTR/ERVL-MaLR	1159	-	150	86331640	98330
chr8	86233310	86433310	harbor2	chr8	86261534	86261778	LTR/ERVL-MaLR	1752	-	122	86261656	28346
chr8	131191988	131391988	harbor2	chr8	131209016	131209402	LTR/ERVL-MaLR	1396	-	193	131209209	17221
chr8	131191988	131391988	harbor2	chr8	131217168	131217657	LTR/ERVL-MaLR	1139	-	244	131217412	25424
chr8	131191988	131391988	harbor2	chr8	131217719	131218090	LTR/ERVL-MaLR	988	-	186	131217905	25917
chr8	131191988	131391988	harbor2	chr8	131226660	131227009	LTR/ERVL-MaLR	2372	-	174	131226834	34846
chr8	131191988	131391988	harbor2	chr8	131231173	131231510	LTR/ERVL-MaLR	547	-	168	131231341	39353
chr8	131191988	131391988	harbor2	chr8	131259304	131259684	LTR/ERVL-MaLR	2225	-	190	131259494	67506
chr8	131191988	131391988	harbor2	chr8	131277901	131278284	LTR/ERVL-MaLR	1665	-	192	131278093	86105
chr8	131191988	131391988	harbor2	chr8	131278513	131278586	LTR/ERVL-MaLR	413	-	36	131278549	86561
chr8	131191988	131391988	harbor2	chr8	131278798	131279159	LTR/ERVL-MaLR	1678	-	180	131278978	86990
chr8	131191988	131391988	harbor2	chr8	131279438	131279642	LTR/ERVL-MaLR	610	-	102	131279540	87552
chr8	131191988	131391988	harbor2	chr8	131279710	131279799	LTR/ERVL-MaLR	396	-	44	131279754	87766
chr8	88131932	88331932	harbor2	chr8	88132306	88132823	LTR/ERVL-MaLR	1467	-	258	88132564	632
chr8	88131932	88331932	harbor2	chr8	88139931	88140524	LTR/ERVL-MaLR	1096	-	296	88140227	8295
chr8	140979826	141179826	harbor2	chr8	141013623	141014081	LTR/ERVL-MaLR	816	-	229	141013852	34026
chr8	140979826	141179826	harbor2	chr8	141016512	141016868	LTR/ERVL-MaLR	2031	-	178	141016690	36864
chr8	140979826	141179826	harbor2	chr8	141025174	141025502	LTR/ERVL-MaLR	2617	-	164	141025338	45512
chr8	140979826	141179826	harbor2	chr8	141026114	141026278	LTR/ERVL-MaLR	2617	-	82	141026196	46370
chr8	140979826	141179826	harbor2	chr8	141031180	141031526	LTR/ERVL-MaLR	1575	-	173	141031353	51527
chr8	140979826	141179826	harbor2	chr8	141036512	141036931	LTR/ERVL-MaLR	1322	-	210	141036722	56896
chr8	140979826	141179826	harbor2	chr8	141044084	141044352	LTR/ERVL-MaLR	450	-	134	141044218	64392
chr8	140979826	141179826	harbor2	chr8	141059905	141060316	LTR/ERVL-MaLR	1350	-	206	141060111	80285
chr8	140979826	141179826	harbor2	chr8	141068082	141068472	LTR/ERVL-MaLR	1858	-	195	141068277	88451
chr8	140979826	141179826	harbor2	chr8	141069130	141069297	LTR/ERVL-MaLR	737	-	84	141069214	89388
chr8	140979826	141179826	harbor2	chr8	141070905	141071089	LTR/ERVL-MaLR	1098	-	92	141070997	91171
chr8	140979826	141179826	harbor2	chr8	141071399	141071556	LTR/ERVL-MaLR	1098	-	78	141071477	91651
chr8	140979826	141179826	harbor2	chr8	141074258	141074685	LTR/ERVL-MaLR	504	-	214	141074472	94646
chr8	140979826	141179826	harbor2	chr8	141078034	141078487	LTR/ERVL-MaLR	2040	-	226	141078260	98434
chr8	101744124	101944124	harbor2	chr8	101749924	101750302	LTR/ERVL-MaLR	2843	-	189	101750113	5989
chr8	101744124	101944124	harbor2	chr8	101754336	101754683	LTR/ERVL-MaLR	2096	-	174	101754510	10386
chr8	101744124	101944124	harbor2	chr8	101784029	101784522	LTR/ERVL-MaLR	1616	-	246	101784275	40151
chr8	101744124	101944124	harbor2	chr8	101784809	101784867	LTR/ERVL-MaLR	1616	-	29	101784838	40714
chr8	101744124	101944124	harbor2	chr8	101795311	101795677	LTR/ERVL-MaLR	2046	-	183	101795494	51370
chr8	101744124	101944124	harbor2	chr8	101826959	101827435	LTR/ERVL-MaLR	1543	-	238	101827197	83073
chr8	101744124	101944124	harbor2	chr8	101835250	101835295	LTR/ERVL-MaLR	657	-	22	101835272	91148
chr8	101744124	101944124	harbor2	chr8	101835538	101835700	LTR/ERVL-MaLR	657	-	81	101835619	91495
chr8	101744124	101944124	harbor2	chr8	101841948	101842320	LTR/ERVL-MaLR	2377	-	186	101842134	98010
chr8	101744124	101944124	harbor2	chr8	101842382	101842770	LTR/ERVL-MaLR	471	-	194	101842576	98452
chr8	111561014	111761014	harbor2	chr8	111569926	111570411	LTR/ERVL-MaLR	1527	-	242	111570168	9154
chr8	111561014	111761014	harbor2	chr8	111599973	111600391	LTR/ERVL-MaLR	1188	-	209	111600182	39168
chr8	111561014	111761014	harbor2	chr8	111600859	111601242	LTR/ERVL-MaLR	1895	-	192	111601051	40037
chr8	111561014	111761014	harbor2	chr8	111602463	111602766	LTR/ERVL-MaLR	497	-	152	111602615	41601
chr8	111561014	111761014	harbor2	chr8	111608504	111608588	LTR/ERVL-MaLR	1168	-	42	111608546	47532
chr8	111561014	111761014	harbor2	chr8	111608868	111609163	LTR/ERVL-MaLR	1168	-	148	111609016	48002
chr8	111561014	111761014	harbor2	chr8	111623344	111623419	LTR/ERVL-MaLR	876	-	38	111623382	62368
chr8	111561014	111761014	harbor2	chr8	111623726	111623849	LTR/ERVL-MaLR	876	-	62	111623788	62774
chr8	111561014	111761014	harbor2	chr8	111625028	111625277	LTR/ERVL-MaLR	1315	-	124	111625152	64138
chr8	111561014	111761014	harbor2	chr8	111641966	111642329	LTR/ERVL-MaLR	1944	-	182	111642148	81134
chr8	98539176	98739176	harbor2	chr8	98573232	98573579	LTR/ERVL-MaLR	2163	-	174	98573406	34230
chr8	98539176	98739176	harbor2	chr8	98573580	98573727	LTR/ERVL-MaLR	1149	-	74	98573654	34478
chr8	98539176	98739176	harbor2	chr8	98573761	98574120	LTR/ERVL-MaLR	2264	-	180	98573941	34765
chr8	98539176	98739176	harbor2	chr8	98604262	98604672	LTR/ERVL-MaLR	2550	-	205	98604467	65291
chr8	98539176	98739176	harbor2	chr8	98604658	98605252	LTR/ERVL-MaLR	3469	-	297	98604955	65779
chr8	98539176	98739176	harbor2	chr8	98605253	98605430	LTR/ERVL-MaLR	1183	-	88	98605341	66165
chr8	98539176	98739176	harbor2	chr8	98605605	98605703	LTR/ERVL-MaLR	531	-	49	98605654	66478
chr8	143190853	143390853	harbor2	chr8	143190976	143191019	LTR/ERVL-MaLR	1919	-	22	143190998	145
chr8	143190853	143390853	harbor2	chr8	143191340	143191705	LTR/ERVL-MaLR	1919	-	182	143191522	669
chr8	143190853	143390853	harbor2	chr8	143192606	143192963	LTR/ERVL-MaLR	2558	-	178	143192784	1931
chr8	143190853	143390853	harbor2	chr8	143197567	143197963	LTR/ERVL-MaLR	1348	-	198	143197765	6912
chr8	143190853	143390853	harbor2	chr8	143218938	143219347	LTR/ERVL-MaLR	1121	-	204	143219142	28289
chr8	143190853	143390853	harbor2	chr8	143235490	143235948	LTR/ERVL-MaLR	783	-	229	143235719	44866
chr8	143190853	143390853	harbor2	chr8	143265666	143265924	LTR/ERVL-MaLR	953	-	129	143265795	74942
chr8	143190853	143390853	harbor2	chr8	143286875	143287098	LTR/ERVL-MaLR	435	-	112	143286987	96134
chr8	17678203	17878203	harbor2	chr8	17740661	17740871	LTR/ERVL-MaLR	1238	-	105	17740766	62563
chr8	17678203	17878203	harbor2	chr8	17741179	17741349	LTR/ERVL-MaLR	1238	-	85	17741264	63061
chr8	17678203	17878203	harbor2	chr8	17746355	17746713	LTR/ERVL-MaLR	2248	-	179	17746534	68331
chr8	17678203	17878203	harbor2	chr8	17747736	17748092	LTR/ERVL-MaLR	2211	-	178	17747914	69711
chr8	17678203	17878203	harbor2	chr8	17773454	17773771	LTR/ERVL-MaLR	644	-	158	17773612	95409
chr8	129305812	129505812	harbor2	chr8	129323485	129323693	LTR/ERVL-MaLR	410	-	104	129323589	17777
chr8	129305812	129505812	harbor2	chr8	129349081	129349386	LTR/ERVL-MaLR	1189	-	152	129349233	43421
chr8	129305812	129505812	harbor2	chr8	129350025	129350173	LTR/ERVL-MaLR	776	-	74	129350099	44287
chr8	129305812	129505812	harbor2	chr8	129392878	129393151	LTR/ERVL-MaLR	836	-	136	129393014	87202
chr8	129305812	129505812	harbor2	chr8	129399132	129399255	LTR/ERVL-MaLR	527	-	62	129399194	93382
chr8	129305812	129505812	harbor2	chr8	129399256	129399619	LTR/ERVL-MaLR	2621	-	182	129399438	93626
chr8	129305812	129505812	harbor2	chr8	129399620	129399843	LTR/ERVL-MaLR	527	-	112	129399732	93920
chr8	125735247	125935247	harbor2	chr8	125745106	125745462	LTR/ERVL-MaLR	1044	-	178	125745284	10037
chr8	125735247	125935247	harbor2	chr8	125748216	125748540	LTR/ERVL-MaLR	1915	-	162	125748378	13131
chr8	125735247	125935247	harbor2	chr8	125749005	125749196	LTR/ERVL-MaLR	607	-	96	125749101	13854
chr8	125735247	125935247	harbor2	chr8	125749648	125749831	LTR/ERVL-MaLR	743	-	92	125749740	14493
chr8	125735247	125935247	harbor2	chr8	125815375	125815515	LTR/ERVL-MaLR	1042	-	70	125815445	80198
chr8	125735247	125935247	harbor2	chr8	125821523	125821883	LTR/ERVL-MaLR	1848	-	180	125821703	86456
chr8	125735247	125935247	harbor2	chr8	125825109	125825671	LTR/ERVL-MaLR	542	-	281	125825390	90143
chr8	125735247	125935247	harbor2	chr8	125826764	125827119	LTR/ERVL-MaLR	2274	-	178	125826942	91695
chr8	73964926	74164926	harbor2	chr8	73986439	73986935	LTR/ERVL-MaLR	1984	-	248	73986687	21761
chr8	73964926	74164926	harbor2	chr8	73994792	73994943	LTR/ERVL-MaLR	2153	-	76	73994868	29942
chr8	73964926	74164926	harbor2	chr8	73995321	73995551	LTR/ERVL-MaLR	2153	-	115	73995436	30510
chr8	73964926	74164926	harbor2	chr8	74000104	74000201	LTR/ERVL-MaLR	522	-	48	74000152	35226
chr8	73964926	74164926	harbor2	chr8	74000194	74000694	LTR/ERVL-MaLR	2443	-	250	74000444	35518
chr8	73964926	74164926	harbor2	chr8	74000697	74001094	LTR/ERVL-MaLR	1940	-	198	74000895	35969
chr8	73964926	74164926	harbor2	chr8	74004968	74005447	LTR/ERVL-MaLR	1821	-	240	74005208	40282
chr8	73964926	74164926	harbor2	chr8	74015246	74015683	LTR/ERVL-MaLR	1718	-	218	74015464	50538
chr8	73964926	74164926	harbor2	chr8	74048488	74048676	LTR/ERVL-MaLR	486	-	94	74048582	83656
chr8	73964926	74164926	harbor2	chr8	74048916	74049059	LTR/ERVL-MaLR	492	-	72	74048988	84062
chr8	73964926	74164926	harbor2	chr8	74053652	74053707	LTR/ERVL-MaLR	565	-	28	74053680	88754
chr8	73964926	74164926	harbor2	chr8	74054393	74054488	LTR/ERVL-MaLR	565	-	48	74054441	89515
chr8	73964926	74164926	harbor2	chr8	74062907	74063423	LTR/ERVL-MaLR	2214	-	258	74063165	98239
chr8	122989981	123189981	harbor2	chr8	123006913	123007372	LTR/ERVL-MaLR	1420	-	230	123007143	17162
chr8	122989981	123189981	harbor2	chr8	123068737	123069102	LTR/ERVL-MaLR	2051	-	182	123068919	78938
chr8	122989981	123189981	harbor2	chr8	123081593	123081950	LTR/ERVL-MaLR	2100	-	178	123081771	91790
chr8	108376556	108576556	harbor2	chr8	108391398	108391528	LTR/ERVL-MaLR	401	-	65	108391463	14907
chr8	108376556	108576556	harbor2	chr8	108395105	108395463	LTR/ERVL-MaLR	1909	-	179	108395284	18728
chr8	108376556	108576556	harbor2	chr8	108424377	108424541	LTR/ERVL-MaLR	2091	-	82	108424459	47903
chr8	108376556	108576556	harbor2	chr8	108424812	108425038	LTR/ERVL-MaLR	2091	-	113	108424925	48369
chr8	108376556	108576556	harbor2	chr8	108426631	108426724	LTR/ERVL-MaLR	396	-	46	108426677	50121
chr8	108376556	108576556	harbor2	chr8	108432882	108433392	LTR/ERVL-MaLR	2262	-	255	108433137	56581
chr8	108376556	108576556	harbor2	chr8	108457404	108457775	LTR/ERVL-MaLR	2216	-	186	108457590	81034
chr8	108376556	108576556	harbor2	chr8	108457776	108459337	LTR/ERVL-MaLR	11329	-	780	108458556	82000
chr8	108376556	108576556	harbor2	chr8	108459338	108459701	LTR/ERVL-MaLR	2172	-	182	108459520	82964
chr8	108376556	108576556	harbor2	chr8	108396306	108396702	LTR/ERVL-MaLR	1164	-	198	108396504	19948
chr8	134671447	134871447	harbor2	chr8	134743989	134744295	LTR/ERVL-MaLR	2409	-	153	134744142	72695
chr8	134671447	134871447	harbor2	chr8	134744596	134744727	LTR/ERVL-MaLR	2409	-	66	134744662	73215
chr8	134671447	134871447	harbor2	chr8	134745028	134745258	LTR/ERVL-MaLR	2409	-	115	134745143	73696
chr8	134671447	134871447	harbor2	chr8	134749281	134749627	LTR/ERVL-MaLR	1929	-	173	134749454	78007
chr8	134671447	134871447	harbor2	chr8	134752572	134752963	LTR/ERVL-MaLR	1555	-	196	134752768	81321
chr8	134671447	134871447	harbor2	chr8	134768419	134768771	LTR/ERVL-MaLR	2227	-	176	134768595	97148
chr8	134671447	134871447	harbor2	chr8	134768772	134768890	LTR/ERVL-MaLR	11749	-	59	134768831	97384
chr8	134671447	134871447	harbor2	chr8	134769175	134770262	LTR/ERVL-MaLR	11749	-	544	134769719	98272
chr8	134671447	134871447	harbor2	chr8	134725267	134725684	LTR/ERVL-MaLR	2479	-	208	134725475	54028
chr8	140406158	140606158	harbor2	chr8	140461876	140462029	LTR/ERVL-MaLR	872	-	76	140461952	55794
chr8	140406158	140606158	harbor2	chr8	140476713	140477899	LTR/ERVL-MaLR	12116	-	593	140477306	71148
chr8	140406158	140606158	harbor2	chr8	140478200	140478623	LTR/ERVL-MaLR	12116	-	212	140478412	72254
chr8	140406158	140606158	harbor2	chr8	140478624	140478977	LTR/ERVL-MaLR	2385	-	176	140478800	72642
chr8	140406158	140606158	harbor2	chr8	140480245	140480630	LTR/ERVL-MaLR	616	-	192	140480437	74279
chr8	140406158	140606158	harbor2	chr8	140503318	140503437	LTR/ERVL-MaLR	364	-	60	140503378	97220
chr8	140406158	140606158	harbor2	chr8	140476361	140476712	LTR/ERVL-MaLR	2464	-	176	140476537	70379
chr8	128547797	128747797	harbor2	chr8	128552991	128553350	LTR/ERVL-MaLR	2073	-	180	128553171	5374
chr8	128547797	128747797	harbor2	chr8	128564704	128564843	LTR/ERVL-MaLR	417	-	70	128564774	16977
chr8	128547797	128747797	harbor2	chr8	128621601	128621989	LTR/ERVL-MaLR	735	-	194	128621795	73998
chr8	128547797	128747797	harbor2	chr8	128622617	128622714	LTR/ERVL-MaLR	2187	-	48	128622665	74868
chr8	128547797	128747797	harbor2	chr8	128623124	128624157	LTR/ERVL-MaLR	2187	-	516	128623640	75843
chr8	128547797	128747797	harbor2	chr8	128634735	128635095	LTR/ERVL-MaLR	2440	-	180	128634915	87118
chr8	128547797	128747797	harbor2	chr8	128597677	128598049	LTR/ERVL-MaLR	2602	-	186	128597863	50066
chr8	142469077	142669077	harbor2	chr8	142485789	142486107	LTR/ERVL-MaLR	720	-	159	142485948	16871
chr8	142469077	142669077	harbor2	chr8	142495414	142495862	LTR/ERVL-MaLR	1473	-	224	142495638	26561
chr8	111272284	111472284	harbor2	chr8	111284432	111284809	LTR/ERVL-MaLR	2402	-	188	111284620	12336
chr8	111272284	111472284	harbor2	chr8	111284810	111286351	LTR/ERVL-MaLR	9367	-	770	111285580	13296
chr8	111272284	111472284	harbor2	chr8	111286353	111286728	LTR/ERVL-MaLR	2113	-	188	111286541	14257
chr8	111272284	111472284	harbor2	chr8	111307600	111308052	LTR/ERVL-MaLR	2512	-	226	111307826	35542
chr8	111272284	111472284	harbor2	chr8	111322240	111322612	LTR/ERVL-MaLR	2678	-	186	111322426	50142
chr8	111272284	111472284	harbor2	chr8	111363681	111363761	LTR/ERVL-MaLR	612	-	40	111363721	91437
chr8	111272284	111472284	harbor2	chr8	111363751	111363819	LTR/ERVL-MaLR	478	-	34	111363785	91501
chr8	111272284	111472284	harbor2	chr8	111363823	111365402	LTR/ERVL-MaLR	10789	-	790	111364613	92329
chr8	111272284	111472284	harbor2	chr8	111365403	111365758	LTR/ERVL-MaLR	2290	-	178	111365581	93297
chr8	111272284	111472284	harbor2	chr8	111367043	111367402	LTR/ERVL-MaLR	1162	-	180	111367223	94939
chr8	82662078	82862078	harbor2	chr8	82708675	82709069	LTR/ERVL-MaLR	1728	-	197	82708872	46794
chr8	82662078	82862078	harbor2	chr8	82716248	82716361	LTR/ERVL-MaLR	436	-	56	82716304	54226
chr8	113764596	113964596	harbor2	chr8	113785288	113785769	LTR/ERVL-MaLR	939	-	240	113785528	20932
chr8	113764596	113964596	harbor2	chr8	113797646	113798000	LTR/ERVL-MaLR	2347	-	177	113797823	33227
chr8	63433934	63633934	harbor2	chr8	63442480	63442737	LTR/ERVL-MaLR	574	-	128	63442608	8674
chr8	63433934	63633934	harbor2	chr8	63454867	63455218	LTR/ERVL-MaLR	1928	-	176	63455043	21109
chr8	63433934	63633934	harbor2	chr8	63498004	63498354	LTR/ERVL-MaLR	2416	-	175	63498179	64245
chr8	118248287	118448287	harbor2	chr8	118265937	118266295	LTR/ERVL-MaLR	2050	-	179	118266116	17829
chr8	118248287	118448287	harbor2	chr8	118271094	118271449	LTR/ERVL-MaLR	2349	-	178	118271272	22985
chr8	118248287	118448287	harbor2	chr8	118271450	118273053	LTR/ERVL-MaLR	9772	-	802	118272252	23965
chr8	118248287	118448287	harbor2	chr8	118273054	118273425	LTR/ERVL-MaLR	2346	-	186	118273240	24953
chr8	118248287	118448287	harbor2	chr8	118340949	118341423	LTR/ERVL-MaLR	751	-	237	118341186	92899
chr8	118248287	118448287	harbor2	chr8	118341478	118341698	LTR/ERVL-MaLR	746	-	110	118341588	93301
chr8	91674303	91874303	harbor2	chr8	91704323	91704696	LTR/ERVL-MaLR	2019	-	186	91704509	30206
chr8	127507490	127707490	harbor2	chr8	127507722	127507914	LTR/ERVL-MaLR	551	-	96	127507818	328
chr8	127507490	127707490	harbor2	chr8	127517192	127517388	LTR/ERVL-MaLR	842	-	98	127517290	9800
chr8	127507490	127707490	harbor2	chr8	127519989	127520196	LTR/ERVL-MaLR	1178	-	104	127520093	12603
chr8	127507490	127707490	harbor2	chr8	127530014	127530462	LTR/ERVL-MaLR	1268	-	224	127530238	22748
chr8	127507490	127707490	harbor2	chr8	127557507	127557781	LTR/ERVL-MaLR	1414	-	137	127557644	50154
chr8	127507490	127707490	harbor2	chr8	127558236	127558488	LTR/ERVL-MaLR	953	-	126	127558362	50872
chr8	127507490	127707490	harbor2	chr8	127564305	127564646	LTR/ERVL-MaLR	1486	-	170	127564475	56985
chr8	127507490	127707490	harbor2	chr8	127581283	127581751	LTR/ERVL-MaLR	1171	-	234	127581517	74027
chr8	127507490	127707490	harbor2	chr8	127584192	127584566	LTR/ERVL-MaLR	2549	-	187	127584379	76889
chr8	127507490	127707490	harbor2	chr8	127595876	127595959	LTR/ERVL-MaLR	1037	-	42	127595918	88428
chr8	127507490	127707490	harbor2	chr8	127596251	127596541	LTR/ERVL-MaLR	1037	-	145	127596396	88906
chr8	126079079	126279079	harbor2	chr8	126109835	126110095	LTR/ERVL-MaLR	1240	-	130	126109965	30886
chr8	126079079	126279079	harbor2	chr8	126111103	126111309	LTR/ERVL-MaLR	593	-	103	126111206	32127
chr8	126079079	126279079	harbor2	chr8	126121220	126121521	LTR/ERVL-MaLR	1584	-	150	126121370	42291
chr8	126079079	126279079	harbor2	chr8	126123842	126124009	LTR/ERVL-MaLR	521	-	84	126123926	44847
chr8	126079079	126279079	harbor2	chr8	126134951	126135400	LTR/ERVL-MaLR	1209	-	224	126135175	56096
chr8	126079079	126279079	harbor2	chr8	126137578	126137955	LTR/ERVL-MaLR	1771	-	188	126137766	58687
chr8	126079079	126279079	harbor2	chr8	126140202	126140628	LTR/ERVL-MaLR	1280	-	213	126140415	61336
chr8	141186908	141386908	harbor2	chr8	141192871	141193260	LTR/ERVL-MaLR	700	-	194	141193065	6157
chr8	141186908	141386908	harbor2	chr8	141193261	141193599	LTR/ERVL-MaLR	947	-	169	141193430	6522
chr8	141186908	141386908	harbor2	chr8	141246250	141246674	LTR/ERVL-MaLR	526	-	212	141246462	59554
chr8	115240895	115440895	harbor2	chr8	115280304	115280688	LTR/ERVL-MaLR	1902	-	192	115280496	39601
chr8	115240895	115440895	harbor2	chr8	115281823	115282193	LTR/ERVL-MaLR	2273	-	185	115282008	41113
chr8	115240895	115440895	harbor2	chr8	115301939	115302146	LTR/ERVL-MaLR	1847	-	104	115302043	61148
chr8	115240895	115440895	harbor2	chr8	115302456	115302616	LTR/ERVL-MaLR	1847	-	80	115302536	61641
chr8	115240895	115440895	harbor2	chr8	115308889	115309558	LTR/ERVL-MaLR	4619	-	334	115309223	68328
chr8	115240895	115440895	harbor2	chr8	115309559	115309897	LTR/ERVL-MaLR	2376	-	169	115309728	68833
chr8	115240895	115440895	harbor2	chr8	115325525	115325879	LTR/ERVL-MaLR	1949	-	177	115325702	84807
chr8	57353890	57553890	harbor2	chr8	57354147	57354335	LTR/ERVL-MaLR	2022	-	94	57354241	351
chr8	57353890	57553890	harbor2	chr8	57358252	57358599	LTR/ERVL-MaLR	2527	-	174	57358426	4536
chr8	57353890	57553890	harbor2	chr8	57360813	57360886	LTR/ERVL-MaLR	2527	-	36	57360849	6959
chr8	57353890	57553890	harbor2	chr8	57395264	57395823	LTR/ERVL-MaLR	1781	-	280	57395544	41654
chr8	57353890	57553890	harbor2	chr8	57403937	57404300	LTR/ERVL-MaLR	1985	-	182	57404119	50229
chr8	57353890	57553890	harbor2	chr8	57406109	57406494	LTR/ERVL-MaLR	1852	-	192	57406301	52411
chr8	120809838	121009838	harbor2	chr8	120843163	120843487	LTR/ERVL-MaLR	685	-	162	120843325	33487
chr8	120809838	121009838	harbor2	chr8	120850687	120851042	LTR/ERVL-MaLR	1895	-	178	120850865	41027
chr8	120809838	121009838	harbor2	chr8	120851415	120851575	LTR/ERVL-MaLR	1895	-	80	120851495	41657
chr8	120809838	121009838	harbor2	chr8	120853372	120853490	LTR/ERVL-MaLR	841	-	59	120853431	43593
chr8	120809838	121009838	harbor2	chr8	120862971	120863347	LTR/ERVL-MaLR	2384	-	188	120863159	53321
chr8	120809838	121009838	harbor2	chr8	120895563	120895757	LTR/ERVL-MaLR	728	-	97	120895660	85822
chr8	120809838	121009838	harbor2	chr8	120895758	120896066	LTR/ERVL-MaLR	1089	-	154	120895912	86074
chr8	120809838	121009838	harbor2	chr8	120902192	120902680	LTR/ERVL-MaLR	1764	-	244	120902436	92598
chr8	120809838	121009838	harbor2	chr8	120831820	120832279	LTR/ERVL-MaLR	725	-	230	120832050	22212
chr8	105772674	105972674	harbor2	chr8	105810186	105810631	LTR/ERVL-MaLR	1427	-	222	105810408	37734
chr8	105772674	105972674	harbor2	chr8	105813020	105813400	LTR/ERVL-MaLR	2448	-	190	105813210	40536
chr8	105772674	105972674	harbor2	chr8	105826163	105826573	LTR/ERVL-MaLR	805	-	205	105826368	53694
chr8	105772674	105972674	harbor2	chr8	105835546	105835926	LTR/ERVL-MaLR	1831	-	190	105835736	63062
chr8	105772674	105972674	harbor2	chr8	105839873	105840277	LTR/ERVL-MaLR	605	-	202	105840075	67401
chr8	105772674	105972674	harbor2	chr8	105843047	105843163	LTR/ERVL-MaLR	719	-	58	105843105	70431
chr8	105772674	105972674	harbor2	chr8	105858498	105858864	LTR/ERVL-MaLR	2340	-	183	105858681	86007
chr8	136521926	136721926	harbor2	chr8	136526524	136526913	LTR/ERVL-MaLR	1543	-	194	136526718	4792
chr8	136521926	136721926	harbor2	chr8	136533574	136533913	LTR/ERVL-MaLR	2632	-	170	136533744	11818
chr8	136521926	136721926	harbor2	chr8	136567731	136568119	LTR/ERVL-MaLR	1741	-	194	136567925	45999
chr8	136521926	136721926	harbor2	chr8	136575885	136576248	LTR/ERVL-MaLR	2501	-	182	136576067	54141
chr8	136521926	136721926	harbor2	chr8	136584595	136584752	LTR/ERVL-MaLR	406	-	78	136584673	62747
chr8	136521926	136721926	harbor2	chr8	136607469	136607846	LTR/ERVL-MaLR	365	-	188	136607657	85731
chr8	136521926	136721926	harbor2	chr8	136610796	136611129	LTR/ERVL-MaLR	1425	-	166	136610962	89036
chr8	143624587	143824587	harbor2	chr8	143624376	143624715	LTR/ERVL-MaLR	2244	-	170	143624546	41
chr8	143624587	143824587	harbor2	chr8	143643900	143644013	LTR/ERVL-MaLR	618	-	56	143643956	19369
chr8	143624587	143824587	harbor2	chr8	143644316	143644496	LTR/ERVL-MaLR	618	-	90	143644406	19819
chr8	143624587	143824587	harbor2	chr8	143653931	143654257	LTR/ERVL-MaLR	1423	-	163	143654094	29507
chr8	143624587	143824587	harbor2	chr8	143657454	143657591	LTR/ERVL-MaLR	647	-	68	143657522	32935
chr8	143624587	143824587	harbor2	chr8	143657592	143658733	LTR/ERVL-MaLR	5122	-	570	143658162	33575
chr8	143624587	143824587	harbor2	chr8	143659042	143659453	LTR/ERVL-MaLR	5122	-	206	143659248	34661
chr8	143624587	143824587	harbor2	chr8	143659664	143659995	LTR/ERVL-MaLR	1690	-	166	143659830	35243
chr8	143624587	143824587	harbor2	chr8	143666148	143666350	LTR/ERVL-MaLR	751	-	101	143666249	41662
chr8	143624587	143824587	harbor2	chr8	143667105	143667295	LTR/ERVL-MaLR	912	-	95	143667200	42613
chr8	143624587	143824587	harbor2	chr8	143670098	143670273	LTR/ERVL-MaLR	898	-	88	143670186	45599
chr8	143624587	143824587	harbor2	chr8	143690644	143690980	LTR/ERVL-MaLR	926	-	168	143690812	66225
chr8	143624587	143824587	harbor2	chr8	143696557	143696863	LTR/ERVL-MaLR	539	-	153	143696710	72123
chr8	143624587	143824587	harbor2	chr8	143701856	143702291	LTR/ERVL-MaLR	1529	-	218	143702074	77487
chr8	58008491	58208491	harbor2	chr8	58016251	58016557	LTR/ERVL-MaLR	728	-	153	58016404	7913
chr8	58008491	58208491	harbor2	chr8	58045794	58046107	LTR/ERVL-MaLR	1391	-	156	58045950	37459
chr8	58008491	58208491	harbor2	chr8	58050327	58050762	LTR/ERVL-MaLR	759	-	218	58050545	42054
chr8	58008491	58208491	harbor2	chr8	58063858	58064256	LTR/ERVL-MaLR	2611	-	199	58064057	55566
chr8	58008491	58208491	harbor2	chr8	58100393	58100863	LTR/ERVL-MaLR	2643	-	235	58100628	92137
chr8	136964841	137164841	harbor2	chr8	137004501	137004958	LTR/ERVL-MaLR	539	-	228	137004729	39888
chr8	136964841	137164841	harbor2	chr8	137012145	137012518	LTR/ERVL-MaLR	2572	-	186	137012331	47490
chr8	136964841	137164841	harbor2	chr8	137012519	137013221	LTR/ERVL-MaLR	4595	-	351	137012870	48029
chr8	136964841	137164841	harbor2	chr8	137024228	137024759	LTR/ERVL-MaLR	897	-	266	137024494	59653
chr8	136964841	137164841	harbor2	chr8	137025985	137026178	LTR/ERVL-MaLR	1176	-	96	137026081	61240
chr8	136964841	137164841	harbor2	chr8	137026593	137026730	LTR/ERVL-MaLR	945	-	68	137026661	61820
chr8	136964841	137164841	harbor2	chr8	137028924	137029337	LTR/ERVL-MaLR	2031	-	206	137029130	64289
chr8	136964841	137164841	harbor2	chr8	137030075	137030474	LTR/ERVL-MaLR	779	-	200	137030275	65434
chr8	136964841	137164841	harbor2	chr8	137046041	137046408	LTR/ERVL-MaLR	1987	-	184	137046225	81384
chr8	136964841	137164841	harbor2	chr8	137047291	137047661	LTR/ERVL-MaLR	2558	-	185	137047476	82635
chr8	136964841	137164841	harbor2	chr8	137047664	137048025	LTR/ERVL-MaLR	2200	-	180	137047844	83003
chr8	139539541	139739541	harbor2	chr8	139550812	139550930	LTR/ERVL-MaLR	775	-	59	139550871	11330
chr8	139539541	139739541	harbor2	chr8	139552132	139552500	LTR/ERVL-MaLR	2220	-	184	139552316	12775
chr8	139539541	139739541	harbor2	chr8	139589533	139589868	LTR/ERVL-MaLR	1161	-	168	139589701	50160
chr8	139539541	139739541	harbor2	chr8	139601913	139602270	LTR/ERVL-MaLR	660	-	178	139602091	62550
chr8	139539541	139739541	harbor2	chr8	139629563	139629945	LTR/ERVL-MaLR	1221	-	191	139629754	90213
chr8	141052174	141252174	harbor2	chr8	141059905	141060316	LTR/ERVL-MaLR	1350	-	206	141060111	7937
chr8	141052174	141252174	harbor2	chr8	141068082	141068472	LTR/ERVL-MaLR	1858	-	195	141068277	16103
chr8	141052174	141252174	harbor2	chr8	141069130	141069297	LTR/ERVL-MaLR	737	-	84	141069214	17040
chr8	141052174	141252174	harbor2	chr8	141070905	141071089	LTR/ERVL-MaLR	1098	-	92	141070997	18823
chr8	141052174	141252174	harbor2	chr8	141071399	141071556	LTR/ERVL-MaLR	1098	-	78	141071477	19303
chr8	141052174	141252174	harbor2	chr8	141074258	141074685	LTR/ERVL-MaLR	504	-	214	141074472	22298
chr8	141052174	141252174	harbor2	chr8	141078034	141078487	LTR/ERVL-MaLR	2040	-	226	141078260	26086
chr8	141052174	141252174	harbor2	chr8	141100528	141100766	LTR/ERVL-MaLR	654	-	119	141100647	48473
chr8	141052174	141252174	harbor2	chr8	141115804	141116098	LTR/ERVL-MaLR	847	-	147	141115951	63777
chr8	87725827	87925827	harbor2	chr8	87725464	87725832	LTR/ERVL-MaLR	1825	-	184	87725648	179
chr8	87725827	87925827	harbor2	chr8	87755568	87755932	LTR/ERVL-MaLR	2620	-	182	87755750	29923
chr8	87725827	87925827	harbor2	chr8	87767999	87768341	LTR/ERVL-MaLR	2085	-	171	87768170	42343
chr8	87725827	87925827	harbor2	chr8	87784139	87784489	LTR/ERVL-MaLR	2069	-	175	87784314	58487
chr8	87725827	87925827	harbor2	chr8	87786054	87786406	LTR/ERVL-MaLR	2194	-	176	87786230	60403
chr8	87725827	87925827	harbor2	chr8	87811591	87811956	LTR/ERVL-MaLR	1983	-	182	87811773	85946
chr8	87725827	87925827	harbor2	chr8	87784490	87786053	LTR/ERVL-MaLR	11304	-	782	87785272	59445
chr8	115380708	115580708	harbor2	chr8	115384283	115384519	LTR/ERVL-MaLR	380	-	118	115384401	3693
chr8	115380708	115580708	harbor2	chr8	115385933	115386250	LTR/ERVL-MaLR	670	-	158	115386091	5383
chr8	115380708	115580708	harbor2	chr8	115398554	115398742	LTR/ERVL-MaLR	914	-	94	115398648	17940
chr8	115380708	115580708	harbor2	chr8	115436128	115436507	LTR/ERVL-MaLR	497	-	190	115436318	55610
chr8	115380708	115580708	harbor2	chr8	115471155	115471533	LTR/ERVL-MaLR	2389	-	189	115471344	90636
chr8	115380708	115580708	harbor2	chr8	115471534	115473128	LTR/ERVL-MaLR	10448	-	797	115472331	91623
chr8	115380708	115580708	harbor2	chr8	115473131	115473507	LTR/ERVL-MaLR	2563	-	188	115473319	92611
chr8	134843472	135043472	harbor2	chr8	134850083	134850495	LTR/ERVL-MaLR	1432	-	206	134850289	6817
chr8	134843472	135043472	harbor2	chr8	134855681	134856039	LTR/ERVL-MaLR	1853	-	179	134855860	12388
chr8	134843472	135043472	harbor2	chr8	134859499	134859821	LTR/ERVL-MaLR	953	-	161	134859660	16188
chr8	134843472	135043472	harbor2	chr8	134873972	134874431	LTR/ERVL-MaLR	1764	-	230	134874202	30730
chr8	134843472	135043472	harbor2	chr8	134876335	134876441	LTR/ERVL-MaLR	941	-	53	134876388	32916
chr8	134843472	135043472	harbor2	chr8	134879554	134879904	LTR/ERVL-MaLR	1402	-	175	134879729	36257
chr8	134843472	135043472	harbor2	chr8	134894034	134894400	LTR/ERVL-MaLR	1010	-	183	134894217	50745
chr8	134843472	135043472	harbor2	chr8	134894744	134894814	LTR/ERVL-MaLR	747	-	35	134894779	51307
chr8	134843472	135043472	harbor2	chr8	134895498	134895792	LTR/ERVL-MaLR	747	-	147	134895645	52173
chr8	134843472	135043472	harbor2	chr8	134896586	134896949	LTR/ERVL-MaLR	1999	-	182	134896768	53296
chr8	134843472	135043472	harbor2	chr8	134900363	134900564	LTR/ERVL-MaLR	419	-	100	134900463	56991
chr8	134843472	135043472	harbor2	chr8	134900576	134900998	LTR/ERVL-MaLR	1629	-	211	134900787	57315
chr8	134843472	135043472	harbor2	chr8	134906619	134906812	LTR/ERVL-MaLR	931	-	96	134906715	63243
chr8	134843472	135043472	harbor2	chr8	134907267	134907339	LTR/ERVL-MaLR	428	-	36	134907303	63831
chr8	134843472	135043472	harbor2	chr8	134909602	134909680	LTR/ERVL-MaLR	502	-	39	134909641	66169
chr8	134843472	135043472	harbor2	chr8	134916849	134917014	LTR/ERVL-MaLR	784	-	82	134916931	73459
chr8	134843472	135043472	harbor2	chr8	134918698	134919186	LTR/ERVL-MaLR	847	-	244	134918942	75470
chr8	134843472	135043472	harbor2	chr8	134919727	134920113	LTR/ERVL-MaLR	1094	-	193	134919920	76448
chr8	134843472	135043472	harbor2	chr8	134932009	134932119	LTR/ERVL-MaLR	571	-	55	134932064	88592
chr8	134843472	135043472	harbor2	chr8	134932201	134932334	LTR/ERVL-MaLR	388	-	66	134932267	88795
chr8	134843472	135043472	harbor2	chr8	134933280	134933790	LTR/ERVL-MaLR	647	-	255	134933535	90063
chr8	129924847	130124847	harbor2	chr8	130021336	130021689	LTR/ERVL-MaLR	1644	-	176	130021512	96665
chr8	124549068	124749068	harbor2	chr8	124595247	124595758	LTR/ERVL-MaLR	2625	-	256	124595503	46435
chr8	124549068	124749068	harbor2	chr8	124596601	124597047	LTR/ERVL-MaLR	1270	-	223	124596824	47756
chr8	119578592	119778592	harbor2	chr8	119664918	119665238	LTR/ERVL-MaLR	1429	-	160	119665078	86486
chr8	119578592	119778592	harbor2	chr8	119652006	119652366	LTR/ERVL-MaLR	1958	-	180	119652186	73594
chr8	127241927	127441927	harbor2	chr8	127248807	127249178	LTR/ERVL-MaLR	1625	-	186	127248993	7066
chr8	127241927	127441927	harbor2	chr8	127249470	127249539	LTR/ERVL-MaLR	1625	-	34	127249504	7577
chr8	127241927	127441927	harbor2	chr8	127264334	127264718	LTR/ERVL-MaLR	2204	-	192	127264526	22599
chr8	127241927	127441927	harbor2	chr8	127289762	127290233	LTR/ERVL-MaLR	1667	-	236	127289998	48071
chr8	127241927	127441927	harbor2	chr8	127290287	127290390	LTR/ERVL-MaLR	388	-	52	127290339	48412
chr8	127241927	127441927	harbor2	chr8	127335247	127335877	LTR/ERVL-MaLR	1736	-	315	127335562	93635
chr8	35888755	36088755	harbor2	chr8	35909642	35910005	LTR/ERVL-MaLR	1348	-	182	35909824	21069
chr8	35888755	36088755	harbor2	chr8	35910006	35910418	LTR/ERVL-MaLR	1609	-	206	35910212	21457
chr8	35888755	36088755	harbor2	chr8	35910889	35911210	LTR/ERVL-MaLR	2365	-	160	35911049	22294
chr8	35888755	36088755	harbor2	chr8	35911511	35911578	LTR/ERVL-MaLR	2365	-	34	35911545	22790
chr8	35888755	36088755	harbor2	chr8	35915261	35915600	LTR/ERVL-MaLR	1394	-	170	35915431	26676
chr8	35888755	36088755	harbor2	chr8	35922915	35923370	LTR/ERVL-MaLR	1433	-	228	35923143	34388
chr8	142415878	142615878	harbor2	chr8	142438342	142438548	LTR/ERVL-MaLR	699	-	103	142438445	22567
chr8	142415878	142615878	harbor2	chr8	142439187	142439251	LTR/ERVL-MaLR	728	-	32	142439219	23341
chr8	142415878	142615878	harbor2	chr8	142439551	142439694	LTR/ERVL-MaLR	728	-	72	142439623	23745
chr8	142415878	142615878	harbor2	chr8	142485789	142486107	LTR/ERVL-MaLR	720	-	159	142485948	70070
chr8	142415878	142615878	harbor2	chr8	142495414	142495862	LTR/ERVL-MaLR	1473	-	224	142495638	79760
chr8	88377779	88577779	harbor2	chr8	88451117	88451485	LTR/ERVL-MaLR	2463	-	184	88451301	73522
chr8	88377779	88577779	harbor2	chr8	88451488	88453125	LTR/ERVL-MaLR	9881	-	818	88452306	74527
chr8	88377779	88577779	harbor2	chr8	88453126	88453486	LTR/ERVL-MaLR	2475	-	180	88453306	75527
chr8	88377779	88577779	harbor2	chr8	88470791	88471161	LTR/ERVL-MaLR	1898	-	185	88470976	93197
chr8	88377779	88577779	harbor2	chr8	88471162	88471586	LTR/ERVL-MaLR	2720	-	212	88471374	93595
chr8	88377779	88577779	harbor2	chr8	88471587	88472402	LTR/ERVL-MaLR	4350	-	408	88471995	94216
chr8	88377779	88577779	harbor2	chr8	88472403	88472768	LTR/ERVL-MaLR	2301	-	182	88472585	94806
chr8	126466380	126666380	harbor2	chr8	126479668	126479868	LTR/ERVL-MaLR	2173	-	100	126479768	13388
chr8	126466380	126666380	harbor2	chr8	126480160	126480315	LTR/ERVL-MaLR	2173	-	78	126480238	13858
chr8	126466380	126666380	harbor2	chr8	126493484	126493812	LTR/ERVL-MaLR	2325	-	164	126493648	27268
chr8	126466380	126666380	harbor2	chr8	126494112	126494165	LTR/ERVL-MaLR	2325	-	26	126494138	27758
chr8	126466380	126666380	harbor2	chr8	126510388	126510664	LTR/ERVL-MaLR	945	-	138	126510526	44146
chr8	126466380	126666380	harbor2	chr8	126512930	126513290	LTR/ERVL-MaLR	1257	-	180	126513110	46730
chr8	126466380	126666380	harbor2	chr8	126514414	126514843	LTR/ERVL-MaLR	2632	-	214	126514628	48248
chr8	126466380	126666380	harbor2	chr8	126527188	126527279	LTR/ERVL-MaLR	366	-	46	126527234	60854
chr8	126466380	126666380	harbor2	chr8	126527958	126528298	LTR/ERVL-MaLR	1643	-	170	126528128	61748
chr8	126466380	126666380	harbor2	chr8	126528404	126528785	LTR/ERVL-MaLR	2097	-	190	126528594	62214
chr8	126466380	126666380	harbor2	chr8	126530096	126530211	LTR/ERVL-MaLR	593	-	58	126530154	63774
chr8	126466380	126666380	harbor2	chr8	126530399	126530633	LTR/ERVL-MaLR	1043	-	117	126530516	64136
chr8	126466380	126666380	harbor2	chr8	126532983	126533325	LTR/ERVL-MaLR	1340	-	171	126533154	66774
chr8	126466380	126666380	harbor2	chr8	126542360	126542565	LTR/ERVL-MaLR	1141	-	102	126542462	76082
chr8	84922072	85122072	harbor2	chr8	84926829	84927194	LTR/ERVL-MaLR	1677	-	182	84927011	4939
chr8	84922072	85122072	harbor2	chr8	84985233	84985575	LTR/ERVL-MaLR	1361	-	171	84985404	63332
chr8	84922072	85122072	harbor2	chr8	84990470	84990915	LTR/ERVL-MaLR	1758	-	222	84990692	68620
chr8	84922072	85122072	harbor2	chr8	84990916	84991277	LTR/ERVL-MaLR	2200	-	180	84991096	69024
chr8	84922072	85122072	harbor2	chr8	84991278	84991304	LTR/ERVL-MaLR	1758	-	13	84991291	69219
chr8	84922072	85122072	harbor2	chr8	85001087	85001616	LTR/ERVL-MaLR	2608	-	264	85001351	79279
chr8	84922072	85122072	harbor2	chr8	85001655	85002114	LTR/ERVL-MaLR	3404	-	230	85001885	79813
chr8	84922072	85122072	harbor2	chr8	85002398	85002899	LTR/ERVL-MaLR	3404	-	250	85002648	80576
chr8	84922072	85122072	harbor2	chr8	85007714	85007900	LTR/ERVL-MaLR	597	-	93	85007807	85735
chr8	123845879	124045879	harbor2	chr8	123858389	123858766	LTR/ERVL-MaLR	980	-	188	123858577	12698
chr8	123845879	124045879	harbor2	chr8	123871922	123872310	LTR/ERVL-MaLR	2531	-	194	123872116	26237
chr8	123845879	124045879	harbor2	chr8	123883573	123883985	LTR/ERVL-MaLR	1632	-	206	123883779	37900
chr8	123845879	124045879	harbor2	chr8	123925144	123925610	LTR/ERVL-MaLR	786	-	233	123925377	79498
chr8	123845879	124045879	harbor2	chr8	123942423	123942851	LTR/ERVL-MaLR	1200	-	214	123942637	96758
chr8	68854144	69054144	harbor2	chr8	68857964	68858314	LTR/ERVL-MaLR	2694	-	175	68858139	3995
chr8	68854144	69054144	harbor2	chr8	68897277	68897435	LTR/ERVL-MaLR	385	-	79	68897356	43212
chr8	68854144	69054144	harbor2	chr8	68897517	68897657	LTR/ERVL-MaLR	583	-	70	68897587	43443
chr8	68854144	69054144	harbor2	chr8	68930919	68931362	LTR/ERVL-MaLR	1715	-	222	68931141	76997
chr8	121559789	121759789	harbor2	chr8	121566924	121567280	LTR/ERVL-MaLR	2585	-	178	121567102	7313
chr8	121559789	121759789	harbor2	chr8	121576401	121576547	LTR/ERVL-MaLR	478	-	73	121576474	16685
chr8	121559789	121759789	harbor2	chr8	121579515	121579871	LTR/ERVL-MaLR	2220	-	178	121579693	19904
chr8	121559789	121759789	harbor2	chr8	121581938	121582259	LTR/ERVL-MaLR	1385	-	160	121582098	22309
chr8	121559789	121759789	harbor2	chr8	121582558	121582690	LTR/ERVL-MaLR	1385	-	66	121582624	22835
chr8	113201809	113401809	harbor2	chr8	113204788	113204988	LTR/ERVL-MaLR	1941	-	100	113204888	3079
chr8	113201809	113401809	harbor2	chr8	113205282	113205446	LTR/ERVL-MaLR	1941	-	82	113205364	3555
chr8	113201809	113401809	harbor2	chr8	113218914	113218980	LTR/ERVL-MaLR	402	-	33	113218947	17138
chr8	142564947	142764947	harbor2	chr8	142605408	142605781	LTR/ERVL-MaLR	2003	-	186	142605594	40647
chr8	142564947	142764947	harbor2	chr8	142605791	142605897	LTR/ERVL-MaLR	516	-	53	142605844	40897
chr8	142564947	142764947	harbor2	chr8	142631863	142632096	LTR/ERVL-MaLR	530	-	116	142631979	67032
chr8	142564947	142764947	harbor2	chr8	142657414	142657828	LTR/ERVL-MaLR	2406	-	207	142657621	92674
chr8	142564947	142764947	harbor2	chr8	142658218	142658387	LTR/ERVL-MaLR	579	-	84	142658302	93355
chr8	142564947	142764947	harbor2	chr8	142658518	142658741	LTR/ERVL-MaLR	789	-	112	142658630	93683
chr8	130478667	130678667	harbor2	chr8	130479705	130480108	LTR/ERVL-MaLR	2242	-	202	130479907	1240
chr8	130478667	130678667	harbor2	chr8	130485702	130486043	LTR/ERVL-MaLR	534	-	170	130485872	7205
chr8	130478667	130678667	harbor2	chr8	130487873	130488287	LTR/ERVL-MaLR	2765	-	207	130488080	9413
chr8	130478667	130678667	harbor2	chr8	130508876	130509255	LTR/ERVL-MaLR	1355	-	190	130509066	30399
chr8	130478667	130678667	harbor2	chr8	130515311	130515459	LTR/ERVL-MaLR	1646	-	74	130515385	36718
chr8	130478667	130678667	harbor2	chr8	130527903	130528087	LTR/ERVL-MaLR	478	-	92	130527995	49328
chr8	130478667	130678667	harbor2	chr8	130529543	130529912	LTR/ERVL-MaLR	1319	-	184	130529727	51060
chr8	130478667	130678667	harbor2	chr8	130533865	130534214	LTR/ERVL-MaLR	2437	-	174	130534039	55372
chr8	130478667	130678667	harbor2	chr8	130547822	130548087	LTR/ERVL-MaLR	2026	-	132	130547954	69287
chr8	130478667	130678667	harbor2	chr8	130548392	130548426	LTR/ERVL-MaLR	2026	-	17	130548409	69742
chr8	130478667	130678667	harbor2	chr8	130548646	130548962	LTR/ERVL-MaLR	2026	-	158	130548804	70137
chr8	130478667	130678667	harbor2	chr8	130548989	130549133	LTR/ERVL-MaLR	553	-	72	130549061	70394
chr8	130478667	130678667	harbor2	chr8	130549616	130549968	LTR/ERVL-MaLR	1257	-	176	130549792	71125
chr8	130478667	130678667	harbor2	chr8	130562782	130562976	LTR/ERVL-MaLR	498	-	97	130562879	84212
chr8	130478667	130678667	harbor2	chr8	130563561	130563735	LTR/ERVL-MaLR	575	-	87	130563648	84981
chr8	130478667	130678667	harbor2	chr8	130564369	130564927	LTR/ERVL-MaLR	1312	-	279	130564648	85981
chr8	130478667	130678667	harbor2	chr8	130514714	130515010	LTR/ERVL-MaLR	1646	-	148	130514862	36195
chr8	130478667	130678667	harbor2	chr8	130547633	130547822	LTR/ERVL-MaLR	728	-	94	130547727	69060
chr8	104515804	104715804	harbor2	chr8	104567177	104567527	LTR/ERVL-MaLR	2497	-	175	104567352	51548
chr8	104515804	104715804	harbor2	chr8	104601348	104601706	LTR/ERVL-MaLR	1819	-	179	104601527	85723
chr8	100361852	100561852	harbor2	chr8	100377690	100377986	LTR/ERVL-MaLR	647	-	148	100377838	15986
chr8	100361852	100561852	harbor2	chr8	100378294	100378449	LTR/ERVL-MaLR	647	-	78	100378372	16520
chr8	100361852	100561852	harbor2	chr8	100435722	100436181	LTR/ERVL-MaLR	2009	-	230	100435952	74100
chr8	100361852	100561852	harbor2	chr8	100449584	100449734	LTR/ERVL-MaLR	810	-	75	100449659	87807
chr8	100361852	100561852	harbor2	chr8	100450570	100450944	LTR/ERVL-MaLR	1528	-	187	100450757	88905
chr8	109060874	109260874	harbor2	chr8	109060979	109061227	LTR/ERVL-MaLR	1877	-	124	109061103	229
chr8	109060874	109260874	harbor2	chr8	109061930	109062211	LTR/ERVL-MaLR	474	-	140	109062070	1196
chr8	109060874	109260874	harbor2	chr8	109081316	109081652	LTR/ERVL-MaLR	1898	-	168	109081484	20610
chr8	109060874	109260874	harbor2	chr8	109081660	109082440	LTR/ERVL-MaLR	5541	-	390	109082050	21176
chr8	109060874	109260874	harbor2	chr8	109128153	109128519	LTR/ERVL-MaLR	1667	-	183	109128336	67462
chr8	109060874	109260874	harbor2	chr8	109149190	109149550	LTR/ERVL-MaLR	2135	-	180	109149370	88496
chr8	33191056	33391056	harbor2	chr8	33192530	33192882	LTR/ERVL-MaLR	1673	-	176	33192706	1650
chr8	33191056	33391056	harbor2	chr8	33206705	33207079	LTR/ERVL-MaLR	2171	-	187	33206892	15836
chr8	33191056	33391056	harbor2	chr8	33208937	33209375	LTR/ERVL-MaLR	3210	-	219	33209156	18100
chr8	33191056	33391056	harbor2	chr8	33255396	33255744	LTR/ERVL-MaLR	2417	-	174	33255570	64514
chr8	33191056	33391056	harbor2	chr8	33256140	33256533	LTR/ERVL-MaLR	747	-	196	33256336	65280
chr8	33191056	33391056	harbor2	chr8	33282461	33282890	LTR/ERVL-MaLR	1700	-	214	33282675	91619
chr8	33191056	33391056	harbor2	chr8	33209733	33210669	LTR/ERVL-MaLR	3210	-	468	33210201	19145
chr8	105483030	105683030	harbor2	chr8	105488160	105488366	LTR/ERVL-MaLR	507	-	103	105488263	5233
chr8	105483030	105683030	harbor2	chr8	105530381	105530791	LTR/ERVL-MaLR	1577	-	205	105530586	47556
chr8	105483030	105683030	harbor2	chr8	105531197	105531651	LTR/ERVL-MaLR	1821	-	227	105531424	48394
chr8	105483030	105683030	harbor2	chr8	105562406	105562914	LTR/ERVL-MaLR	1721	-	254	105562660	79630
chr8	105483030	105683030	harbor2	chr8	105572986	105573378	LTR/ERVL-MaLR	845	-	196	105573182	90152
chr8	105483030	105683030	harbor2	chr8	105528984	105529367	LTR/ERVL-MaLR	2040	-	192	105529176	46146
chr8	131178775	131378775	harbor2	chr8	131209016	131209402	LTR/ERVL-MaLR	1396	-	193	131209209	30434
chr8	131178775	131378775	harbor2	chr8	131217168	131217657	LTR/ERVL-MaLR	1139	-	244	131217412	38637
chr8	131178775	131378775	harbor2	chr8	131217719	131218090	LTR/ERVL-MaLR	988	-	186	131217905	39130
chr8	131178775	131378775	harbor2	chr8	131226660	131227009	LTR/ERVL-MaLR	2372	-	174	131226834	48059
chr8	131178775	131378775	harbor2	chr8	131231173	131231510	LTR/ERVL-MaLR	547	-	168	131231341	52566
chr8	131178775	131378775	harbor2	chr8	131259304	131259684	LTR/ERVL-MaLR	2225	-	190	131259494	80719
chr8	131178775	131378775	harbor2	chr8	131277901	131278284	LTR/ERVL-MaLR	1665	-	192	131278093	99318
chr8	131178775	131378775	harbor2	chr8	131278513	131278586	LTR/ERVL-MaLR	413	-	36	131278549	99774
chr8	69915173	70115173	harbor2	chr8	69914961	69915306	LTR/ERVL-MaLR	1787	-	172	69915133	40
chr8	69915173	70115173	harbor2	chr8	69992708	69993077	LTR/ERVL-MaLR	1291	-	184	69992892	77719
chr8	141905435	142105435	harbor2	chr8	141923847	141924024	LTR/ERVL-MaLR	420	-	88	141923935	18500
chr8	141905435	142105435	harbor2	chr8	141932872	141933235	LTR/ERVL-MaLR	1433	-	182	141933054	27619
chr8	141905435	142105435	harbor2	chr8	141944520	141944693	LTR/ERVL-MaLR	375	-	86	141944606	39171
chr8	141905435	142105435	harbor2	chr8	141973218	141973379	LTR/ERVL-MaLR	1002	-	80	141973298	67863
chr8	141905435	142105435	harbor2	chr8	141995638	141996087	LTR/ERVL-MaLR	1456	-	224	141995862	90427
chr8	141905435	142105435	harbor2	chr8	141998846	141999207	LTR/ERVL-MaLR	766	-	180	141999026	93591
chr8	86159278	86359278	harbor2	chr8	86178715	86178997	LTR/ERVL-MaLR	790	-	141	86178856	19578
chr8	86159278	86359278	harbor2	chr8	86188389	86188733	LTR/ERVL-MaLR	1788	-	172	86188561	29283
chr8	86159278	86359278	harbor2	chr8	86189149	86189519	LTR/ERVL-MaLR	2641	-	185	86189334	30056
chr8	86159278	86359278	harbor2	chr8	86189520	86191105	LTR/ERVL-MaLR	9603	-	792	86190312	31034
chr8	86159278	86359278	harbor2	chr8	86191108	86191479	LTR/ERVL-MaLR	2449	-	186	86191294	32016
chr8	86159278	86359278	harbor2	chr8	86203478	86203732	LTR/ERVL-MaLR	590	-	127	86203605	44327
chr8	86159278	86359278	harbor2	chr8	86239513	86239955	LTR/ERVL-MaLR	1567	-	221	86239734	80456
chr8	86159278	86359278	harbor2	chr8	86253327	86254149	LTR/ERVL-MaLR	3277	-	411	86253738	94460
chr8	86159278	86359278	harbor2	chr8	86254665	86254767	LTR/ERVL-MaLR	3277	-	51	86254716	95438
chr8	86159278	86359278	harbor2	chr8	86254778	86254983	LTR/ERVL-MaLR	809	-	102	86254880	95602
chr8	134488229	134688229	harbor2	chr8	134491412	134491900	LTR/ERVL-MaLR	2212	-	244	134491656	3427
chr8	134488229	134688229	harbor2	chr8	134495123	134495480	LTR/ERVL-MaLR	1422	-	178	134495301	7072
chr8	134488229	134688229	harbor2	chr8	134579252	134579602	LTR/ERVL-MaLR	2066	-	175	134579427	91198
chr8	52009409	52209409	harbor2	chr8	52037820	52038033	LTR/ERVL-MaLR	2633	-	106	52037926	28517
chr8	52009409	52209409	harbor2	chr8	52038336	52038512	LTR/ERVL-MaLR	2633	-	88	52038424	29015
chr8	52009409	52209409	harbor2	chr8	52053647	52054019	LTR/ERVL-MaLR	1635	-	186	52053833	44424
chr8	52009409	52209409	harbor2	chr8	52077093	52077555	LTR/ERVL-MaLR	1017	-	231	52077324	67915
chr8	52009409	52209409	harbor2	chr8	52078102	52078694	LTR/ERVL-MaLR	1117	-	296	52078398	68989
chr8	52009409	52209409	harbor2	chr8	52089778	52090001	LTR/ERVL-MaLR	1862	-	112	52089890	80481
chr8	52009409	52209409	harbor2	chr8	52090318	52090497	LTR/ERVL-MaLR	1862	-	90	52090408	80999
chr8	52009409	52209409	harbor2	chr8	52097784	52098126	LTR/ERVL-MaLR	1191	-	171	52097955	88546
chr8	52009409	52209409	harbor2	chr8	52106976	52107396	LTR/ERVL-MaLR	2225	-	210	52107186	97777
chr8	135753873	135953873	harbor2	chr8	135758252	135758617	LTR/ERVL-MaLR	1186	-	182	135758434	4561
chr8	135753873	135953873	harbor2	chr8	135779135	135779499	LTR/ERVL-MaLR	2111	-	182	135779317	25444
chr8	135753873	135953873	harbor2	chr8	135780186	135780448	LTR/ERVL-MaLR	411	-	131	135780317	26444
chr8	135753873	135953873	harbor2	chr8	135783129	135783498	LTR/ERVL-MaLR	1906	-	184	135783313	29440
chr8	135753873	135953873	harbor2	chr8	135784102	135784199	LTR/ERVL-MaLR	409	-	48	135784150	30277
chr8	135753873	135953873	harbor2	chr8	135823426	135823784	LTR/ERVL-MaLR	1886	-	179	135823605	69732
chr8	135753873	135953873	harbor2	chr8	135826512	135826884	LTR/ERVL-MaLR	2605	-	186	135826698	72825
chr8	135753873	135953873	harbor2	chr8	135829357	135829728	LTR/ERVL-MaLR	1064	-	186	135829543	75670
chr8	135753873	135953873	harbor2	chr8	135841368	135841584	LTR/ERVL-MaLR	481	-	108	135841476	87603
chr8	135753873	135953873	harbor2	chr8	135845459	135845639	LTR/ERVL-MaLR	524	-	90	135845549	91676
chr8	135753873	135953873	harbor2	chr8	135846461	135846859	LTR/ERVL-MaLR	1449	-	199	135846660	92787
chr8	67991814	68191814	harbor2	chr8	68050234	68050608	LTR/ERVL-MaLR	1956	-	187	68050421	58607
chr8	67991814	68191814	harbor2	chr8	68059577	68060177	LTR/ERVL-MaLR	1858	-	300	68059877	68063
chr8	143773224	143973224	harbor2	chr8	143784134	143784160	LTR/ERVL-MaLR	825	-	13	143784147	10923
chr8	143773224	143973224	harbor2	chr8	143784540	143784728	LTR/ERVL-MaLR	825	-	94	143784634	11410
chr8	143773224	143973224	harbor2	chr8	143784750	143784892	LTR/ERVL-MaLR	448	-	71	143784821	11597
chr8	51331166	51531166	harbor2	chr8	51351116	51351183	LTR/ERVL-MaLR	765	-	34	51351150	19984
chr8	51331166	51531166	harbor2	chr8	51351622	51352059	LTR/ERVL-MaLR	765	-	218	51351840	20674
chr8	51331166	51531166	harbor2	chr8	51415251	51415621	LTR/ERVL-MaLR	2010	-	185	51415436	84270
chr8	74785289	74985289	harbor2	chr8	74857140	74857495	LTR/ERVL-MaLR	1335	-	178	74857318	72029
chr8	139754752	139954752	harbor2	chr8	139760698	139760944	LTR/ERVL-MaLR	1200	-	123	139760821	6069
chr8	139754752	139954752	harbor2	chr8	139798771	139799009	LTR/ERVL-MaLR	1002	-	119	139798890	44138
chr8	139754752	139954752	harbor2	chr8	139799252	139799415	LTR/ERVL-MaLR	518	-	82	139799334	44582
chr8	139754752	139954752	harbor2	chr8	139822816	139823175	LTR/ERVL-MaLR	1143	-	180	139822996	68244
chr8	139754752	139954752	harbor2	chr8	139827714	139828132	LTR/ERVL-MaLR	2185	-	209	139827923	73171
chr8	139754752	139954752	harbor2	chr8	139840963	139841392	LTR/ERVL-MaLR	1092	-	214	139841177	86425
chr8	86118807	86318807	harbor2	chr8	86178715	86178997	LTR/ERVL-MaLR	790	-	141	86178856	60049
chr8	86118807	86318807	harbor2	chr8	86188389	86188733	LTR/ERVL-MaLR	1788	-	172	86188561	69754
chr8	86118807	86318807	harbor2	chr8	86189149	86189519	LTR/ERVL-MaLR	2641	-	185	86189334	70527
chr8	86118807	86318807	harbor2	chr8	86189520	86191105	LTR/ERVL-MaLR	9603	-	792	86190312	71505
chr8	86118807	86318807	harbor2	chr8	86191108	86191479	LTR/ERVL-MaLR	2449	-	186	86191294	72487
chr8	86118807	86318807	harbor2	chr8	86203478	86203732	LTR/ERVL-MaLR	590	-	127	86203605	84798
chr8	128930423	129130423	harbor2	chr8	128958999	128959459	LTR/ERVL-MaLR	760	-	230	128959229	28806
chr8	128930423	129130423	harbor2	chr8	128959632	128960012	LTR/ERVL-MaLR	2075	-	190	128959822	29399
chr8	128930423	129130423	harbor2	chr8	128965825	128966199	LTR/ERVL-MaLR	2506	-	187	128966012	35589
chr8	128930423	129130423	harbor2	chr8	128989484	128989944	LTR/ERVL-MaLR	1845	-	230	128989714	59291
chr8	52154516	52354516	harbor2	chr8	52229204	52229748	LTR/ERVL-MaLR	1489	-	272	52229476	74960
chr8	69327043	69527043	harbor2	chr8	69343211	69343605	LTR/ERVL-MaLR	2119	-	197	69343408	16365
chr8	69327043	69527043	harbor2	chr8	69389106	69389523	LTR/ERVL-MaLR	2303	-	208	69389314	62271
chr8	69327043	69527043	harbor2	chr8	69391831	69391956	LTR/ERVL-MaLR	479	-	62	69391893	64850
chr8	69327043	69527043	harbor2	chr8	69420670	69420931	LTR/ERVL-MaLR	617	-	130	69420800	93757
chr8	138691793	138891793	harbor2	chr8	138790092	138790423	LTR/ERVL-MaLR	2006	-	166	138790258	98465
chr8	126552234	126752234	harbor2	chr8	126566927	126567210	LTR/ERVL-MaLR	1328	-	142	126567069	14835
chr8	126552234	126752234	harbor2	chr8	126568729	126568795	LTR/ERVL-MaLR	408	-	33	126568762	16528
chr8	126552234	126752234	harbor2	chr8	126576354	126576719	LTR/ERVL-MaLR	2209	-	182	126576536	24302
chr8	126552234	126752234	harbor2	chr8	126578520	126578992	LTR/ERVL-MaLR	1025	-	236	126578756	26522
chr8	126552234	126752234	harbor2	chr8	126595990	126596336	LTR/ERVL-MaLR	1674	-	173	126596163	43929
chr8	126552234	126752234	harbor2	chr8	126596643	126596826	LTR/ERVL-MaLR	1674	-	92	126596735	44501
chr8	126552234	126752234	harbor2	chr8	126599667	126600007	LTR/ERVL-MaLR	2088	-	170	126599837	47603
chr8	126552234	126752234	harbor2	chr8	126601199	126601544	LTR/ERVL-MaLR	1446	-	172	126601371	49137
chr8	126552234	126752234	harbor2	chr8	126627019	126627224	LTR/ERVL-MaLR	705	-	102	126627121	74887
chr8	82520946	82720946	harbor2	chr8	82520538	82521127	LTR/ERVL-MaLR	1828	-	294	82520832	114
chr8	82520946	82720946	harbor2	chr8	82560105	82560695	LTR/ERVL-MaLR	1340	-	295	82560400	39454
chr8	82520946	82720946	harbor2	chr8	82568090	82568505	LTR/ERVL-MaLR	1393	-	208	82568298	47352
chr8	82520946	82720946	harbor2	chr8	82575411	82576374	LTR/ERVL-MaLR	3159	-	482	82575893	54947
chr8	82520946	82720946	harbor2	chr8	82576375	82576715	LTR/ERVL-MaLR	1110	-	170	82576545	55599
chr8	82520946	82720946	harbor2	chr8	82576716	82577026	LTR/ERVL-MaLR	3159	-	155	82576871	55925
chr8	82520946	82720946	harbor2	chr8	82577030	82577421	LTR/ERVL-MaLR	1239	-	196	82577226	56280
chr8	82520946	82720946	harbor2	chr8	82592232	82592561	LTR/ERVL-MaLR	1293	-	164	82592396	71450
chr8	82520946	82720946	harbor2	chr8	82596593	82596717	LTR/ERVL-MaLR	486	-	62	82596655	75709
chr8	82520946	82720946	harbor2	chr8	82575043	82575409	LTR/ERVL-MaLR	1274	-	183	82575226	54280
chr8	134294299	134494299	harbor2	chr8	134312433	134312801	LTR/ERVL-MaLR	2054	-	184	134312617	18318
chr8	134294299	134494299	harbor2	chr8	134328614	134328793	LTR/ERVL-MaLR	1063	-	90	134328704	34405
chr8	134294299	134494299	harbor2	chr8	134328791	134329088	LTR/ERVL-MaLR	2099	-	148	134328939	34640
chr8	134294299	134494299	harbor2	chr8	134335150	134335256	LTR/ERVL-MaLR	397	-	53	134335203	40904
chr8	134294299	134494299	harbor2	chr8	134344265	134344608	LTR/ERVL-MaLR	1877	-	172	134344437	50138
chr8	134294299	134494299	harbor2	chr8	134356182	134356549	LTR/ERVL-MaLR	2406	-	184	134356366	62067
chr8	134294299	134494299	harbor2	chr8	134364666	134365019	LTR/ERVL-MaLR	2159	-	176	134364842	70543
chr8	134294299	134494299	harbor2	chr8	134299194	134299723	LTR/ERVL-MaLR	1073	-	264	134299458	5159
chr8	142888574	143088574	harbor2	chr8	142887741	142888756	LTR/ERVL-MaLR	10739	-	508	142888249	325
chr8	142888574	143088574	harbor2	chr8	142889141	142889745	LTR/ERVL-MaLR	10739	-	302	142889443	869
chr8	142888574	143088574	harbor2	chr8	142889746	142890145	LTR/ERVL-MaLR	2293	-	200	142889946	1372
chr8	142888574	143088574	harbor2	chr8	142902877	142903257	LTR/ERVL-MaLR	1418	-	190	142903067	14493
chr8	142888574	143088574	harbor2	chr8	142907750	142908101	LTR/ERVL-MaLR	1637	-	176	142907926	19352
chr8	142888574	143088574	harbor2	chr8	142946342	142946690	LTR/ERVL-MaLR	1375	-	174	142946516	57942
chr8	142888574	143088574	harbor2	chr8	142948131	142948354	LTR/ERVL-MaLR	1136	-	112	142948243	59669
chr8	142888574	143088574	harbor2	chr8	142948437	142948847	LTR/ERVL-MaLR	2100	-	205	142948642	60068
chr8	142888574	143088574	harbor2	chr8	142948848	142948967	LTR/ERVL-MaLR	744	-	60	142948908	60334
chr8	142888574	143088574	harbor2	chr8	142957350	142957424	LTR/ERVL-MaLR	2295	-	37	142957387	68813
chr8	142888574	143088574	harbor2	chr8	142957723	142958098	LTR/ERVL-MaLR	2295	-	188	142957911	69337
chr8	115704589	115904589	harbor2	chr8	115726829	115727220	LTR/ERVL-MaLR	950	-	196	115727025	22436
chr8	115704589	115904589	harbor2	chr8	115727221	115727571	LTR/ERVL-MaLR	1567	-	175	115727396	22807
chr8	115704589	115904589	harbor2	chr8	115727572	115727604	LTR/ERVL-MaLR	950	-	16	115727588	22999
chr8	115704589	115904589	harbor2	chr8	115734178	115734732	LTR/ERVL-MaLR	2059	-	277	115734455	29866
chr8	115704589	115904589	harbor2	chr8	115776932	115777393	LTR/ERVL-MaLR	1352	-	230	115777162	72573
chr8	59999989	60199989	harbor2	chr8	60052502	60052984	LTR/ERVL-MaLR	1209	-	241	60052743	52754
chr8	59999989	60199989	harbor2	chr8	60083807	60084156	LTR/ERVL-MaLR	1668	-	174	60083981	83992
chr8	59999989	60199989	harbor2	chr8	60086405	60086752	LTR/ERVL-MaLR	1858	-	174	60086579	86590
chr8	59999989	60199989	harbor2	chr8	60097160	60097514	LTR/ERVL-MaLR	2477	-	177	60097337	97348
chr8	59999989	60199989	harbor2	chr8	60098526	60098900	LTR/ERVL-MaLR	1922	-	187	60098713	98724
chr8	59999989	60199989	harbor2	chr8	60098901	60100532	LTR/ERVL-MaLR	11367	-	816	60099717	99728
chr8	59999989	60199989	harbor2	chr8	60014386	60014735	LTR/ERVL-MaLR	2047	-	174	60014560	14571
chr8	59999989	60199989	harbor2	chr8	60096488	60096618	LTR/ERVL-MaLR	865	-	65	60096553	96564
chr8	130834258	131034258	harbor2	chr8	130918127	130918474	LTR/ERVL-MaLR	1515	-	174	130918301	84043
chr8	80707940	80907940	harbor2	chr8	80737140	80737672	LTR/ERVL-MaLR	2218	-	266	80737406	29466
chr8	80707940	80907940	harbor2	chr8	80760337	80760375	LTR/ERVL-MaLR	2825	-	19	80760356	52416
chr8	80707940	80907940	harbor2	chr8	80760687	80761090	LTR/ERVL-MaLR	2825	-	202	80760889	52949
chr8	80707940	80907940	harbor2	chr8	80762264	80762650	LTR/ERVL-MaLR	2335	-	193	80762457	54517
chr8	80707940	80907940	harbor2	chr8	80762651	80764187	LTR/ERVL-MaLR	9922	-	768	80763419	55479
chr8	80707940	80907940	harbor2	chr8	80764225	80764555	LTR/ERVL-MaLR	1768	-	165	80764390	56450
chr8	80707940	80907940	harbor2	chr8	80769362	80769463	LTR/ERVL-MaLR	610	-	50	80769412	61472
chr8	80707940	80907940	harbor2	chr8	80769465	80769858	LTR/ERVL-MaLR	2919	-	196	80769661	61721
chr8	80707940	80907940	harbor2	chr8	80769859	80770198	LTR/ERVL-MaLR	2215	-	170	80770029	62089
chr8	80707940	80907940	harbor2	chr8	80772319	80772708	LTR/ERVL-MaLR	2440	-	194	80772513	64573
chr8	80707940	80907940	harbor2	chr8	80796081	80796506	LTR/ERVL-MaLR	2405	-	212	80796293	88353
chr8	80707940	80907940	harbor2	chr8	80796509	80796713	LTR/ERVL-MaLR	543	-	102	80796611	88671
chr8	80707940	80907940	harbor2	chr8	80797017	80798258	LTR/ERVL-MaLR	3748	-	620	80797637	89697
chr8	80707940	80907940	harbor2	chr8	80798555	80798778	LTR/ERVL-MaLR	3748	-	112	80798667	90727
chr8	80707940	80907940	harbor2	chr8	80798785	80799191	LTR/ERVL-MaLR	2592	-	203	80798988	91048
chr8	84834921	85034921	harbor2	chr8	84866948	84867210	LTR/ERVL-MaLR	1268	-	131	84867079	32158
chr8	84834921	85034921	harbor2	chr8	84883339	84883689	LTR/ERVL-MaLR	2133	-	175	84883514	48593
chr8	84834921	85034921	harbor2	chr8	84902072	84902492	LTR/ERVL-MaLR	2673	-	210	84902282	67361
chr8	84834921	85034921	harbor2	chr8	84926829	84927194	LTR/ERVL-MaLR	1677	-	182	84927011	92090
chr8	120940536	121140536	harbor2	chr8	120947956	120948317	LTR/ERVL-MaLR	2553	-	180	120948136	7600
chr8	120940536	121140536	harbor2	chr8	120963832	120964173	LTR/ERVL-MaLR	2659	-	170	120964002	23466
chr8	120940536	121140536	harbor2	chr8	120973987	120974198	LTR/ERVL-MaLR	1051	-	106	120974093	33557
chr8	120940536	121140536	harbor2	chr8	120974619	120974770	LTR/ERVL-MaLR	644	-	76	120974695	34159
chr8	120940536	121140536	harbor2	chr8	120995458	120995797	LTR/ERVL-MaLR	1414	-	170	120995628	55092
chr8	120940536	121140536	harbor2	chr8	121013946	121014095	LTR/ERVL-MaLR	365	-	74	121014020	73484
chr8	120940536	121140536	harbor2	chr8	121014956	121015353	LTR/ERVL-MaLR	713	-	198	121015154	74618
chr8	120940536	121140536	harbor2	chr8	121020749	121021142	LTR/ERVL-MaLR	1835	-	196	121020945	80409
chr8	120940536	121140536	harbor2	chr8	121021143	121021284	LTR/ERVL-MaLR	880	-	70	121021213	80677
chr8	134103965	134303965	harbor2	chr8	134117853	134118197	LTR/ERVL-MaLR	1688	-	172	134118025	14060
chr8	134103965	134303965	harbor2	chr8	134123917	134124240	LTR/ERVL-MaLR	1336	-	162	134124079	20114
chr8	134103965	134303965	harbor2	chr8	134146992	134147229	LTR/ERVL-MaLR	589	-	118	134147110	43145
chr8	134103965	134303965	harbor2	chr8	134150721	134151127	LTR/ERVL-MaLR	770	-	203	134150924	46959
chr8	134103965	134303965	harbor2	chr8	134164585	134164923	LTR/ERVL-MaLR	1142	-	169	134164754	60789
chr8	134103965	134303965	harbor2	chr8	134191913	134192281	LTR/ERVL-MaLR	2158	-	184	134192097	88132
chr8	142974531	143174531	harbor2	chr8	143037114	143037290	LTR/ERVL-MaLR	667	-	88	143037202	62671
chr8	142974531	143174531	harbor2	chr8	143069959	143070339	LTR/ERVL-MaLR	1923	-	190	143070149	95618
chr8	103975478	104175478	harbor2	chr8	104046051	104046409	LTR/ERVL-MaLR	1501	-	179	104046230	70752
chr8	96819223	97019223	harbor2	chr8	96823124	96823275	LTR/ERVL-MaLR	486	-	76	96823200	3977
chr8	96819223	97019223	harbor2	chr8	96826378	96826613	LTR/ERVL-MaLR	692	-	118	96826496	7273
chr8	96819223	97019223	harbor2	chr8	96827015	96827134	LTR/ERVL-MaLR	692	-	60	96827075	7852
chr8	96819223	97019223	harbor2	chr8	96838216	96838608	LTR/ERVL-MaLR	982	-	196	96838412	19189
chr8	96819223	97019223	harbor2	chr8	96851343	96851724	LTR/ERVL-MaLR	2030	-	190	96851533	32310
chr8	96819223	97019223	harbor2	chr8	96881159	96881564	LTR/ERVL-MaLR	2502	-	202	96881361	62138
chr8	96819223	97019223	harbor2	chr8	96885026	96885427	LTR/ERVL-MaLR	2169	-	200	96885226	66003
chr8	96819223	97019223	harbor2	chr8	96899391	96899801	LTR/ERVL-MaLR	2522	-	205	96899596	80373
chr8	96819223	97019223	harbor2	chr8	96904991	96905363	LTR/ERVL-MaLR	2008	-	186	96905177	85954
chr8	96819223	97019223	harbor2	chr8	96906508	96906858	LTR/ERVL-MaLR	1854	-	175	96906683	87460
chr8	96819223	97019223	harbor2	chr8	96907098	96907557	LTR/ERVL-MaLR	662	-	230	96907328	88105
chr8	133622265	133822265	harbor2	chr8	133655981	133656319	LTR/ERVL-MaLR	1078	-	169	133656150	33885
chr8	133622265	133822265	harbor2	chr8	133657021	133657102	LTR/ERVL-MaLR	419	-	40	133657061	34796
chr8	133622265	133822265	harbor2	chr8	133660236	133660631	LTR/ERVL-MaLR	2138	-	198	133660434	38169
chr8	133622265	133822265	harbor2	chr8	133672484	133672542	LTR/ERVL-MaLR	428	-	29	133672513	50248
chr8	133622265	133822265	harbor2	chr8	133690381	133690923	LTR/ERVL-MaLR	568	-	271	133690652	68387
chr8	133622265	133822265	harbor2	chr8	133692184	133692685	LTR/ERVL-MaLR	2091	-	250	133692434	70169
chr8	133622265	133822265	harbor2	chr8	133697718	133697913	LTR/ERVL-MaLR	879	-	98	133697816	75551
chr8	133622265	133822265	harbor2	chr8	133698215	133698485	LTR/ERVL-MaLR	879	-	135	133698350	76085
chr8	133622265	133822265	harbor2	chr8	133712760	133712816	LTR/ERVL-MaLR	434	-	28	133712788	90523
chr8	133622265	133822265	harbor2	chr8	133712997	133713321	LTR/ERVL-MaLR	434	-	162	133713159	90894
chr8	104735627	104935627	harbor2	chr8	104774095	104774262	LTR/ERVL-MaLR	426	-	84	104774179	38552
chr8	104735627	104935627	harbor2	chr8	104777893	104778257	LTR/ERVL-MaLR	2119	-	182	104778075	42448
chr8	129037790	129237790	harbor2	chr8	129074914	129075309	LTR/ERVL-MaLR	1848	-	198	129075112	37322
chr8	129037790	129237790	harbor2	chr8	129130204	129130672	LTR/ERVL-MaLR	1317	-	234	129130438	92648
chr8	129037790	129237790	harbor2	chr8	129132096	129132454	LTR/ERVL-MaLR	2046	-	179	129132275	94485
chr8	129037790	129237790	harbor2	chr8	129132455	129132659	LTR/ERVL-MaLR	1270	-	102	129132557	94767
chr8	129037790	129237790	harbor2	chr8	129132644	129132708	LTR/ERVL-MaLR	428	-	32	129132676	94886
chr8	129037790	129237790	harbor2	chr8	129040139	129040751	LTR/ERVL-MaLR	1753	-	306	129040445	2655
chr8	110689105	110889105	harbor2	chr8	110721378	110721745	LTR/ERVL-MaLR	1245	-	184	110721562	32457
chr8	110689105	110889105	harbor2	chr8	110776956	110777327	LTR/ERVL-MaLR	993	-	186	110777142	88037
chr8	110689105	110889105	harbor2	chr8	110784781	110785041	LTR/ERVL-MaLR	1196	-	130	110784911	95806
chr8	115304157	115504157	harbor2	chr8	115308889	115309558	LTR/ERVL-MaLR	4619	-	334	115309223	5066
chr8	115304157	115504157	harbor2	chr8	115309559	115309897	LTR/ERVL-MaLR	2376	-	169	115309728	5571
chr8	115304157	115504157	harbor2	chr8	115325525	115325879	LTR/ERVL-MaLR	1949	-	177	115325702	21545
chr8	115304157	115504157	harbor2	chr8	115375276	115375804	LTR/ERVL-MaLR	2440	-	264	115375540	71383
chr8	115304157	115504157	harbor2	chr8	115384283	115384519	LTR/ERVL-MaLR	380	-	118	115384401	80244
chr8	115304157	115504157	harbor2	chr8	115385933	115386250	LTR/ERVL-MaLR	670	-	158	115386091	81934
chr8	115304157	115504157	harbor2	chr8	115398554	115398742	LTR/ERVL-MaLR	914	-	94	115398648	94491
chr8	102206885	102406885	harbor2	chr8	102227628	102227932	LTR/ERVL-MaLR	1260	-	152	102227780	20895
chr8	118467950	118667950	harbor2	chr8	118479282	118479629	LTR/ERVL-MaLR	2101	-	174	118479456	11506
chr8	118467950	118667950	harbor2	chr8	118490682	118490939	LTR/ERVL-MaLR	541	-	128	118490810	22860
chr8	118467950	118667950	harbor2	chr8	118499010	118499371	LTR/ERVL-MaLR	478	-	180	118499190	31240
chr8	118467950	118667950	harbor2	chr8	118517977	118518199	LTR/ERVL-MaLR	599	-	111	118518088	50138
chr8	118467950	118667950	harbor2	chr8	118561398	118561781	LTR/ERVL-MaLR	2560	-	192	118561590	93640
chr8	137729452	137929452	harbor2	chr8	137751861	137752233	LTR/ERVL-MaLR	2018	-	186	137752047	22595
chr8	137729452	137929452	harbor2	chr8	137763826	137764093	LTR/ERVL-MaLR	493	-	134	137763960	34508
chr8	137729452	137929452	harbor2	chr8	137778329	137778635	LTR/ERVL-MaLR	661	-	153	137778482	49030
chr8	137729452	137929452	harbor2	chr8	137789462	137789829	LTR/ERVL-MaLR	2522	-	184	137789646	60194
chr8	137729452	137929452	harbor2	chr8	137802113	137802400	LTR/ERVL-MaLR	1080	-	144	137802257	72805
chr8	81466757	81666757	harbor2	chr8	81517334	81517418	LTR/ERVL-MaLR	495	-	42	81517376	50619
chr8	81466757	81666757	harbor2	chr8	81519036	81519375	LTR/ERVL-MaLR	2186	-	170	81519206	52449
chr8	81466757	81666757	harbor2	chr8	81537897	81538318	LTR/ERVL-MaLR	2560	-	210	81538107	71350
chr8	81466757	81666757	harbor2	chr8	81544174	81544440	LTR/ERVL-MaLR	789	-	133	81544307	77550
chr8	112310389	112510389	harbor2	chr8	112397467	112397811	LTR/ERVL-MaLR	1808	-	172	112397639	87250
chr8	112310389	112510389	harbor2	chr8	112397812	112398920	LTR/ERVL-MaLR	4849	-	554	112398366	87977
chr8	112310389	112510389	harbor2	chr8	112399190	112399265	LTR/ERVL-MaLR	4849	-	38	112399228	88839
chr8	112310389	112510389	harbor2	chr8	112399555	112400091	LTR/ERVL-MaLR	4849	-	268	112399823	89434
chr8	112310389	112510389	harbor2	chr8	112400096	112400435	LTR/ERVL-MaLR	1578	-	170	112400266	89877
chr8	112310389	112510389	harbor2	chr8	112403425	112403751	LTR/ERVL-MaLR	1707	-	163	112403588	93199
chr8	67620856	67820856	harbor2	chr8	67650232	67650490	LTR/ERVL-MaLR	415	-	129	67650361	29505
chr8	67620856	67820856	harbor2	chr8	67664141	67664260	LTR/ERVL-MaLR	386	-	60	67664201	43345
chr8	67620856	67820856	harbor2	chr8	67670125	67670492	LTR/ERVL-MaLR	1985	-	184	67670309	49453
chr8	137471062	137671062	harbor2	chr8	137480641	137481059	LTR/ERVL-MaLR	958	-	209	137480850	9788
chr8	137471062	137671062	harbor2	chr8	137486229	137486674	LTR/ERVL-MaLR	2340	-	222	137486451	15389
chr8	137471062	137671062	harbor2	chr8	137500074	137500503	LTR/ERVL-MaLR	2145	-	214	137500288	29226
chr8	137471062	137671062	harbor2	chr8	137522667	137522820	LTR/ERVL-MaLR	382	-	76	137522743	51681
chr8	137471062	137671062	harbor2	chr8	137523490	137523724	LTR/ERVL-MaLR	507	-	117	137523607	52545
chr8	137471062	137671062	harbor2	chr8	137523725	137523884	LTR/ERVL-MaLR	411	-	80	137523805	52743
chr8	137471062	137671062	harbor2	chr8	137526162	137526289	LTR/ERVL-MaLR	374	-	64	137526226	55164
chr8	137471062	137671062	harbor2	chr8	137526287	137526621	LTR/ERVL-MaLR	649	-	167	137526454	55392
chr8	117277292	117477292	harbor2	chr8	117281933	117282375	LTR/ERVL-MaLR	1710	-	221	117282154	4862
chr8	117277292	117477292	harbor2	chr8	117283127	117283156	LTR/ERVL-MaLR	1710	-	14	117283141	5849
chr8	117277292	117477292	harbor2	chr8	117296887	117297404	LTR/ERVL-MaLR	816	-	258	117297145	19853
chr8	117277292	117477292	harbor2	chr8	117321521	117321812	LTR/ERVL-MaLR	1617	-	146	117321667	44375
chr8	117277292	117477292	harbor2	chr8	117338024	117338374	LTR/ERVL-MaLR	1352	-	175	117338199	60907
chr8	117277292	117477292	harbor2	chr8	117338364	117338482	LTR/ERVL-MaLR	446	-	59	117338423	61131
chr8	117277292	117477292	harbor2	chr8	117356002	117356262	LTR/ERVL-MaLR	969	-	130	117356132	78840
chr8	117277292	117477292	harbor2	chr8	117356726	117357149	LTR/ERVL-MaLR	1407	-	212	117356938	79646
chr8	117277292	117477292	harbor2	chr8	117376201	117376549	LTR/ERVL-MaLR	375	-	174	117376375	99083
chr8	134352370	134552370	harbor2	chr8	134356182	134356549	LTR/ERVL-MaLR	2406	-	184	134356366	3996
chr8	134352370	134552370	harbor2	chr8	134364666	134365019	LTR/ERVL-MaLR	2159	-	176	134364842	12472
chr8	134352370	134552370	harbor2	chr8	134436115	134436388	LTR/ERVL-MaLR	850	-	136	134436251	83881
chr8	134352370	134552370	harbor2	chr8	134436597	134436706	LTR/ERVL-MaLR	706	-	54	134436651	84281
chr8	134352370	134552370	harbor2	chr8	134446911	134447173	LTR/ERVL-MaLR	403	-	131	134447042	94672
chr8	39106270	39306270	harbor2	chr8	39108791	39109077	LTR/ERVL-MaLR	927	-	143	39108934	2664
chr8	39106270	39306270	harbor2	chr8	39123374	39123481	LTR/ERVL-MaLR	367	-	54	39123428	17158
chr8	39106270	39306270	harbor2	chr8	39156579	39156964	LTR/ERVL-MaLR	1935	-	192	39156771	50501
chr8	39106270	39306270	harbor2	chr8	39160032	39160262	LTR/ERVL-MaLR	813	-	115	39160147	53877
chr8	123005513	123205513	harbor2	chr8	123006913	123007372	LTR/ERVL-MaLR	1420	-	230	123007143	1630
chr8	123005513	123205513	harbor2	chr8	123068737	123069102	LTR/ERVL-MaLR	2051	-	182	123068919	63406
chr8	123005513	123205513	harbor2	chr8	123081593	123081950	LTR/ERVL-MaLR	2100	-	178	123081771	76258
chr8	123005513	123205513	harbor2	chr8	123099727	123100109	LTR/ERVL-MaLR	1740	-	191	123099918	94405
chr8	127934366	128134366	harbor2	chr8	127940908	127941397	LTR/ERVL-MaLR	1564	-	244	127941152	6786
chr8	127934366	128134366	harbor2	chr8	127964494	127964750	LTR/ERVL-MaLR	962	-	128	127964622	30256
chr8	127934366	128134366	harbor2	chr8	128001667	128002009	LTR/ERVL-MaLR	2039	-	171	128001838	67472
chr8	127934366	128134366	harbor2	chr8	128002401	128002837	LTR/ERVL-MaLR	1776	-	218	128002619	68253
chr8	127934366	128134366	harbor2	chr8	128003829	128004200	LTR/ERVL-MaLR	1335	-	186	128004015	69649
chr8	127934366	128134366	harbor2	chr8	128015403	128015494	LTR/ERVL-MaLR	407	-	46	128015449	81083
chr8	127934366	128134366	harbor2	chr8	128015791	128015910	LTR/ERVL-MaLR	407	-	60	128015851	81485
chr8	144847302	145047302	harbor2	chr8	144854011	144854164	LTR/ERVL-MaLR	878	-	76	144854087	6785
chr8	144847302	145047302	harbor2	chr8	144856005	144856122	LTR/ERVL-MaLR	393	-	58	144856063	8761
chr8	144847302	145047302	harbor2	chr8	144940694	144941064	LTR/ERVL-MaLR	1633	-	185	144940879	93577
chr8	131736662	131936662	harbor2	chr8	131763639	131763992	LTR/ERVL-MaLR	2281	-	176	131763815	27153
chr8	131736662	131936662	harbor2	chr8	131769612	131769678	LTR/ERVL-MaLR	413	-	33	131769645	32983
chr8	131736662	131936662	harbor2	chr8	131770293	131770669	LTR/ERVL-MaLR	1557	-	188	131770481	33819
chr8	131736662	131936662	harbor2	chr8	131785496	131785548	LTR/ERVL-MaLR	1618	-	26	131785522	48860
chr8	131736662	131936662	harbor2	chr8	131785886	131786367	LTR/ERVL-MaLR	1618	-	240	131786126	49464
chr8	131736662	131936662	harbor2	chr8	131790668	131791030	LTR/ERVL-MaLR	1292	-	181	131790849	54187
chr8	131736662	131936662	harbor2	chr8	131793408	131793803	LTR/ERVL-MaLR	2705	-	198	131793606	56944
chr8	131736662	131936662	harbor2	chr8	131829063	131829243	LTR/ERVL-MaLR	440	-	90	131829153	92491
chr8	131736662	131936662	harbor2	chr8	131834053	131834393	LTR/ERVL-MaLR	1506	-	170	131834223	97561
chr8	62207449	62407449	harbor2	chr8	62231895	62232105	LTR/ERVL-MaLR	615	-	105	62232000	24551
chr8	62207449	62407449	harbor2	chr8	62232988	62233339	LTR/ERVL-MaLR	1806	-	176	62233164	25715
chr8	107178472	107378472	harbor2	chr8	107194117	107194475	LTR/ERVL-MaLR	2104	-	179	107194296	15824
chr8	107178472	107378472	harbor2	chr8	107201792	107202163	LTR/ERVL-MaLR	2573	-	186	107201978	23506
chr8	107178472	107378472	harbor2	chr8	107202164	107202431	LTR/ERVL-MaLR	1796	-	134	107202298	23826
chr8	107178472	107378472	harbor2	chr8	107202524	107202767	LTR/ERVL-MaLR	1595	-	122	107202646	24174
chr8	107178472	107378472	harbor2	chr8	107202785	107203104	LTR/ERVL-MaLR	1992	-	160	107202945	24473
chr8	107178472	107378472	harbor2	chr8	107203107	107203167	LTR/ERVL-MaLR	446	-	30	107203137	24665
chr8	107178472	107378472	harbor2	chr8	107248265	107248767	LTR/ERVL-MaLR	1493	-	251	107248516	70044
chr8	106794709	106994709	harbor2	chr8	106802940	106803267	LTR/ERVL-MaLR	1769	-	164	106803104	8395
chr8	106794709	106994709	harbor2	chr8	106814350	106814844	LTR/ERVL-MaLR	2398	-	247	106814597	19888
chr8	106794709	106994709	harbor2	chr8	106828455	106828975	LTR/ERVL-MaLR	697	-	260	106828715	34006
chr8	106794709	106994709	harbor2	chr8	106852572	106852860	LTR/ERVL-MaLR	1387	-	144	106852716	58007
chr8	118682130	118882130	harbor2	chr8	118693937	118694101	LTR/ERVL-MaLR	9862	-	82	118694019	11889
chr8	118682130	118882130	harbor2	chr8	118694131	118695562	LTR/ERVL-MaLR	9862	-	716	118694847	12717
chr8	118682130	118882130	harbor2	chr8	118695563	118695940	LTR/ERVL-MaLR	2046	-	188	118695751	13621
chr8	118682130	118882130	harbor2	chr8	118724882	118725257	LTR/ERVL-MaLR	553	-	188	118725070	42940
chr8	118682130	118882130	harbor2	chr8	118747300	118747718	LTR/ERVL-MaLR	801	-	209	118747509	65379
chr8	118682130	118882130	harbor2	chr8	118775296	118775716	LTR/ERVL-MaLR	2546	-	210	118775506	93376
chr8	81257934	81457934	harbor2	chr8	81288545	81288934	LTR/ERVL-MaLR	2323	-	194	81288739	30805
chr8	81257934	81457934	harbor2	chr8	81313176	81313591	LTR/ERVL-MaLR	1536	-	208	81313384	55450
chr8	81257934	81457934	harbor2	chr8	81315798	81316029	LTR/ERVL-MaLR	417	-	116	81315914	57980
chr8	81257934	81457934	harbor2	chr8	81316522	81316687	LTR/ERVL-MaLR	584	-	82	81316604	58670
chr8	81257934	81457934	harbor2	chr8	81335976	81336425	LTR/ERVL-MaLR	2400	-	224	81336200	78266
chr8	81257934	81457934	harbor2	chr8	81348563	81349039	LTR/ERVL-MaLR	1067	-	238	81348801	90867
chr8	82452601	82652601	harbor2	chr8	82471247	82471613	LTR/ERVL-MaLR	1246	-	183	82471430	18829
chr8	82452601	82652601	harbor2	chr8	82491113	82491507	LTR/ERVL-MaLR	2012	-	197	82491310	38709
chr8	82452601	82652601	harbor2	chr8	82497587	82497634	LTR/ERVL-MaLR	421	-	24	82497611	45010
chr8	82452601	82652601	harbor2	chr8	82500056	82500410	LTR/ERVL-MaLR	1303	-	177	82500233	47632
chr8	82452601	82652601	harbor2	chr8	82510577	82510910	LTR/ERVL-MaLR	1571	-	166	82510743	58142
chr8	82452601	82652601	harbor2	chr8	82515374	82515807	LTR/ERVL-MaLR	598	-	216	82515590	62989
chr8	82452601	82652601	harbor2	chr8	82516388	82516867	LTR/ERVL-MaLR	1550	-	240	82516628	64027
chr8	82452601	82652601	harbor2	chr8	82516873	82517113	LTR/ERVL-MaLR	938	-	120	82516993	64392
chr8	82452601	82652601	harbor2	chr8	82517240	82517334	LTR/ERVL-MaLR	938	-	47	82517287	64686
chr8	82452601	82652601	harbor2	chr8	82517883	82518975	LTR/ERVL-MaLR	2617	-	546	82518429	65828
chr8	82452601	82652601	harbor2	chr8	82518976	82519378	LTR/ERVL-MaLR	1077	-	201	82519177	66576
chr8	82452601	82652601	harbor2	chr8	82520538	82521127	LTR/ERVL-MaLR	1828	-	294	82520832	68231
chr8	136316121	136516121	harbor2	chr8	136322549	136322856	LTR/ERVL-MaLR	450	-	154	136322703	6582
chr8	136316121	136516121	harbor2	chr8	136335053	136335277	LTR/ERVL-MaLR	572	-	112	136335165	19044
chr8	136316121	136516121	harbor2	chr8	136353943	136354144	LTR/ERVL-MaLR	464	-	100	136354043	37922
chr8	136316121	136516121	harbor2	chr8	136377125	136377489	LTR/ERVL-MaLR	2028	-	182	136377307	61186
chr8	136316121	136516121	harbor2	chr8	136386669	136387039	LTR/ERVL-MaLR	2011	-	185	136386854	70733
chr8	136316121	136516121	harbor2	chr8	136409366	136409797	LTR/ERVL-MaLR	1638	-	216	136409582	93461
chr8	111013653	111213653	harbor2	chr8	111030337	111030760	LTR/ERVL-MaLR	1955	-	212	111030549	16896
chr8	111013653	111213653	harbor2	chr8	111084824	111085227	LTR/ERVL-MaLR	1691	-	202	111085026	71373
chr8	111013653	111213653	harbor2	chr8	111086674	111087254	LTR/ERVL-MaLR	1297	-	290	111086964	73311
chr8	111013653	111213653	harbor2	chr8	111087496	111087678	LTR/ERVL-MaLR	999	-	91	111087587	73934
chr8	111013653	111213653	harbor2	chr8	111094558	111094892	LTR/ERVL-MaLR	1207	-	167	111094725	81072
chr8	100473971	100673971	harbor2	chr8	100502227	100502421	LTR/ERVL-MaLR	411	-	97	100502324	28353
chr8	100473971	100673971	harbor2	chr8	100562385	100562885	LTR/ERVL-MaLR	2681	-	250	100562635	88664
chr8	100473971	100673971	harbor2	chr8	100564756	100564830	LTR/ERVL-MaLR	459	-	37	100564793	90822
chr8	100473971	100673971	harbor2	chr8	100565496	100565873	LTR/ERVL-MaLR	1921	-	188	100565684	91713
chr8	103272372	103472372	harbor2	chr8	103310967	103311079	LTR/ERVL-MaLR	415	-	56	103311023	38651
chr8	103272372	103472372	harbor2	chr8	103338343	103338681	LTR/ERVL-MaLR	2220	-	169	103338512	66140
chr8	103272372	103472372	harbor2	chr8	103350590	103350998	LTR/ERVL-MaLR	2024	-	204	103350794	78422
chr8	103272372	103472372	harbor2	chr8	103356451	103356831	LTR/ERVL-MaLR	2096	-	190	103356641	84269
chr8	103272372	103472372	harbor2	chr8	103359479	103359798	LTR/ERVL-MaLR	668	-	160	103359639	87267
chr8	103825947	104025947	harbor2	chr8	103831808	103831951	LTR/ERVL-MaLR	376	-	72	103831880	5933
chr8	103825947	104025947	harbor2	chr8	103837068	103837376	LTR/ERVL-MaLR	1725	-	154	103837222	11275
chr8	103825947	104025947	harbor2	chr8	103837888	103837930	LTR/ERVL-MaLR	1725	-	21	103837909	11962
chr8	103825947	104025947	harbor2	chr8	103838241	103838325	LTR/ERVL-MaLR	1725	-	42	103838283	12336
chr8	103825947	104025947	harbor2	chr8	103842766	103843162	LTR/ERVL-MaLR	2264	-	198	103842964	17017
chr8	103825947	104025947	harbor2	chr8	103859646	103859996	LTR/ERVL-MaLR	386	-	175	103859821	33874
chr8	103825947	104025947	harbor2	chr8	103872433	103872648	LTR/ERVL-MaLR	490	-	108	103872541	46594
chr8	103825947	104025947	harbor2	chr8	103872845	103872937	LTR/ERVL-MaLR	367	-	46	103872891	46944
chr8	103825947	104025947	harbor2	chr8	103895265	103895617	LTR/ERVL-MaLR	1409	-	176	103895441	69494
chr8	103825947	104025947	harbor2	chr8	103896594	103897018	LTR/ERVL-MaLR	960	-	212	103896806	70859
chr8	103825947	104025947	harbor2	chr8	103901927	103902462	LTR/ERVL-MaLR	854	-	268	103902195	76248
chr8	103825947	104025947	harbor2	chr8	103913539	103913947	LTR/ERVL-MaLR	2300	-	204	103913743	87796
chr8	115040581	115240581	harbor2	chr8	115049942	115050360	LTR/ERVL-MaLR	1728	-	209	115050151	9570
chr8	115040581	115240581	harbor2	chr8	115051919	115052265	LTR/ERVL-MaLR	1890	-	173	115052092	11511
chr8	115040581	115240581	harbor2	chr8	115087253	115087524	LTR/ERVL-MaLR	1777	-	136	115087389	46808
chr8	115040581	115240581	harbor2	chr8	115120560	115121023	LTR/ERVL-MaLR	1401	-	232	115120792	80211
chr8	115040581	115240581	harbor2	chr8	115125187	115125550	LTR/ERVL-MaLR	2735	-	182	115125369	84788
chr8	128790441	128990441	harbor2	chr8	128797253	128797401	LTR/ERVL-MaLR	670	-	74	128797327	6886
chr8	128790441	128990441	harbor2	chr8	128797402	128797796	LTR/ERVL-MaLR	1461	-	197	128797599	7158
chr8	128790441	128990441	harbor2	chr8	128797797	128798198	LTR/ERVL-MaLR	415	-	200	128797997	7556
chr8	128790441	128990441	harbor2	chr8	128856616	128856991	LTR/ERVL-MaLR	527	-	188	128856804	66363
chr8	128790441	128990441	harbor2	chr8	128859714	128860174	LTR/ERVL-MaLR	2404	-	230	128859944	69503
chr8	100408674	100608674	harbor2	chr8	100435722	100436181	LTR/ERVL-MaLR	2009	-	230	100435952	27278
chr8	100408674	100608674	harbor2	chr8	100449584	100449734	LTR/ERVL-MaLR	810	-	75	100449659	40985
chr8	100408674	100608674	harbor2	chr8	100450570	100450944	LTR/ERVL-MaLR	1528	-	187	100450757	42083
chr8	100408674	100608674	harbor2	chr8	100502227	100502421	LTR/ERVL-MaLR	411	-	97	100502324	93650
chr8	115668369	115868369	harbor2	chr8	115726829	115727220	LTR/ERVL-MaLR	950	-	196	115727025	58656
chr8	115668369	115868369	harbor2	chr8	115727221	115727571	LTR/ERVL-MaLR	1567	-	175	115727396	59027
chr8	115668369	115868369	harbor2	chr8	115727572	115727604	LTR/ERVL-MaLR	950	-	16	115727588	59219
chr8	115668369	115868369	harbor2	chr8	115734178	115734732	LTR/ERVL-MaLR	2059	-	277	115734455	66086
chr8	137894807	138094807	harbor2	chr8	137894619	137895154	LTR/ERVL-MaLR	399	-	268	137894887	80
chr8	137894807	138094807	harbor2	chr8	137907191	137907667	LTR/ERVL-MaLR	1024	-	238	137907429	12622
chr8	137894807	138094807	harbor2	chr8	137911921	137912287	LTR/ERVL-MaLR	2198	-	183	137912104	17297
chr8	137894807	138094807	harbor2	chr8	137912288	137913838	LTR/ERVL-MaLR	11310	-	775	137913063	18256
chr8	137894807	138094807	harbor2	chr8	137913839	137914206	LTR/ERVL-MaLR	2155	-	184	137914023	19216
chr8	137894807	138094807	harbor2	chr8	137923230	137923592	LTR/ERVL-MaLR	2434	-	181	137923411	28604
chr8	137894807	138094807	harbor2	chr8	137949609	137949958	LTR/ERVL-MaLR	1800	-	174	137949783	54976
chr8	137894807	138094807	harbor2	chr8	137954198	137954569	LTR/ERVL-MaLR	2652	-	186	137954384	59577
chr8	137894807	138094807	harbor2	chr8	137954728	137954863	LTR/ERVL-MaLR	593	-	68	137954796	59989
chr8	137894807	138094807	harbor2	chr8	137954874	137955234	LTR/ERVL-MaLR	1048	-	180	137955054	60247
chr8	137894807	138094807	harbor2	chr8	137962686	137962759	LTR/ERVL-MaLR	373	-	36	137962722	67915
chr8	137894807	138094807	harbor2	chr8	137966869	137967136	LTR/ERVL-MaLR	892	-	134	137967003	72196
chr9	107556332	107756332	harbor2	chr9	107606752	107606967	LTR/ERVL-MaLR	669	-	108	107606860	50528
chr9	107556332	107756332	harbor2	chr9	107622669	107623051	LTR/ERVL-MaLR	1212	-	191	107622860	66528
chr9	98108223	98308223	harbor2	chr9	98149403	98149780	LTR/ERVL-MaLR	1879	-	188	98149591	41368
chr9	98108223	98308223	harbor2	chr9	98187479	98187797	LTR/ERVL-MaLR	1882	-	159	98187638	79415
chr9	100258438	100458438	harbor2	chr9	100263225	100263740	LTR/ERVL-MaLR	2061	-	258	100263483	5045
chr9	100258438	100458438	harbor2	chr9	100286971	100287397	LTR/ERVL-MaLR	808	-	213	100287184	28746
chr9	100258438	100458438	harbor2	chr9	100287454	100287505	LTR/ERVL-MaLR	5204	-	26	100287480	29042
chr9	100258438	100458438	harbor2	chr9	100287838	100288624	LTR/ERVL-MaLR	5204	-	393	100288231	29793
chr9	100258438	100458438	harbor2	chr9	100288928	100289409	LTR/ERVL-MaLR	5204	-	240	100289168	30730
chr9	100258438	100458438	harbor2	chr9	100289424	100289637	LTR/ERVL-MaLR	489	-	106	100289530	31092
chr9	100258438	100458438	harbor2	chr9	100354467	100354884	LTR/ERVL-MaLR	2236	-	208	100354675	96237
chr9	100258438	100458438	harbor2	chr9	100355830	100356216	LTR/ERVL-MaLR	1576	-	193	100356023	97585
chr9	100258438	100458438	harbor2	chr9	100356586	100356994	LTR/ERVL-MaLR	1816	-	204	100356790	98352
chr9	104470066	104670066	harbor2	chr9	104470809	104471225	LTR/ERVL-MaLR	2542	-	208	104471017	951
chr9	104470066	104670066	harbor2	chr9	104524142	104524281	LTR/ERVL-MaLR	917	-	70	104524212	54146
chr9	104470066	104670066	harbor2	chr9	104524318	104525826	LTR/ERVL-MaLR	10509	-	754	104525072	55006
chr9	104470066	104670066	harbor2	chr9	104525829	104526186	LTR/ERVL-MaLR	2192	-	178	104526007	55941
chr9	104470066	104670066	harbor2	chr9	104547426	104547840	LTR/ERVL-MaLR	2201	-	207	104547633	77567
chr9	104470066	104670066	harbor2	chr9	104552308	104552770	LTR/ERVL-MaLR	1940	-	231	104552539	82473
chr9	78920351	79120351	harbor2	chr9	78933414	78933787	LTR/ERVL-MaLR	1648	-	186	78933600	13249
chr9	78920351	79120351	harbor2	chr9	78938312	78938684	LTR/ERVL-MaLR	1840	-	186	78938498	18147
chr9	78920351	79120351	harbor2	chr9	78974046	78974318	LTR/ERVL-MaLR	576	-	136	78974182	53831
chr9	78920351	79120351	harbor2	chr9	78974362	78974476	LTR/ERVL-MaLR	542	-	57	78974419	54068
chr9	78920351	79120351	harbor2	chr9	78974687	78974802	LTR/ERVL-MaLR	542	-	58	78974745	54394
chr9	78920351	79120351	harbor2	chr9	78987615	78987876	LTR/ERVL-MaLR	491	-	130	78987745	67394
chr9	78920351	79120351	harbor2	chr9	79010772	79011189	LTR/ERVL-MaLR	1291	-	208	79010980	90629
chr9	78920351	79120351	harbor2	chr9	79003586	79003761	LTR/ERVL-MaLR	489	-	88	79003674	83323
chr9	123165155	123365155	harbor2	chr9	123226803	123227151	LTR/ERVL-MaLR	1659	-	174	123226977	61822
chr9	90947332	91147332	harbor2	chr9	90948806	90949229	LTR/ERVL-MaLR	598	-	212	90949018	1686
chr9	90947332	91147332	harbor2	chr9	90962406	90962775	LTR/ERVL-MaLR	2037	-	184	90962590	15258
chr9	90947332	91147332	harbor2	chr9	90966864	90967138	LTR/ERVL-MaLR	624	-	137	90967001	19669
chr9	90947332	91147332	harbor2	chr9	90968205	90968392	LTR/ERVL-MaLR	679	-	94	90968299	20967
chr9	90947332	91147332	harbor2	chr9	90989119	90989548	LTR/ERVL-MaLR	2317	-	214	90989333	42001
chr9	90947332	91147332	harbor2	chr9	90989852	90990038	LTR/ERVL-MaLR	2317	-	93	90989945	42613
chr9	90947332	91147332	harbor2	chr9	90990048	90991391	LTR/ERVL-MaLR	4059	-	672	90990720	43388
chr9	90947332	91147332	harbor2	chr9	90995711	90996180	LTR/ERVL-MaLR	695	-	234	90995945	48613
chr9	90947332	91147332	harbor2	chr9	90998511	90999084	LTR/ERVL-MaLR	829	-	286	90998797	51465
chr9	108440982	108640982	harbor2	chr9	108487658	108488011	LTR/ERVL-MaLR	2152	-	176	108487834	46852
chr9	108440982	108640982	harbor2	chr9	108488355	108488788	LTR/ERVL-MaLR	1519	-	216	108488571	47589
chr9	108440982	108640982	harbor2	chr9	108515581	108515934	LTR/ERVL-MaLR	1918	-	176	108515757	74775
chr9	108440982	108640982	harbor2	chr9	108522100	108522474	LTR/ERVL-MaLR	2476	-	187	108522287	81305
chr9	61160880	61360880	harbor2	chr9	61206608	61206681	LTR/ERVL-MaLR	544	-	36	61206644	45764
chr9	61160880	61360880	harbor2	chr9	61207086	61207418	LTR/ERVL-MaLR	1711	-	166	61207252	46372
chr9	61160880	61360880	harbor2	chr9	61216193	61216556	LTR/ERVL-MaLR	1841	-	182	61216375	55495
chr9	61160880	61360880	harbor2	chr9	61227079	61227400	LTR/ERVL-MaLR	691	-	160	61227239	66359
chr9	121406825	121606825	harbor2	chr9	121408069	121408454	LTR/ERVL-MaLR	1716	-	192	121408261	1436
chr9	121406825	121606825	harbor2	chr9	121412073	121412568	LTR/ERVL-MaLR	1342	-	248	121412321	5496
chr9	121406825	121606825	harbor2	chr9	121425444	121425875	LTR/ERVL-MaLR	2564	-	216	121425660	18835
chr9	121406825	121606825	harbor2	chr9	121430503	121430657	LTR/ERVL-MaLR	419	-	77	121430580	23755
chr9	121406825	121606825	harbor2	chr9	121441798	121442008	LTR/ERVL-MaLR	542	-	105	121441903	35078
chr9	134531104	134731104	harbor2	chr9	134535187	134535599	LTR/ERVL-MaLR	1338	-	206	134535393	4289
chr9	134531104	134731104	harbor2	chr9	134542039	134542378	LTR/ERVL-MaLR	2160	-	170	134542209	11105
chr9	134531104	134731104	harbor2	chr9	134548305	134548707	LTR/ERVL-MaLR	1836	-	201	134548506	17402
chr9	134531104	134731104	harbor2	chr9	134566902	134567448	LTR/ERVL-MaLR	1771	-	273	134567175	36071
chr9	134531104	134731104	harbor2	chr9	134571507	134571965	LTR/ERVL-MaLR	1567	-	229	134571736	40632
chr9	134531104	134731104	harbor2	chr9	134604854	134605088	LTR/ERVL-MaLR	1442	-	117	134604971	73867
chr9	134531104	134731104	harbor2	chr9	134605383	134606612	LTR/ERVL-MaLR	4214	-	614	134605997	74893
chr9	134531104	134731104	harbor2	chr9	134606617	134606679	LTR/ERVL-MaLR	410	-	31	134606648	75544
chr9	134531104	134731104	harbor2	chr9	134606983	134607013	LTR/ERVL-MaLR	410	-	15	134606998	75894
chr9	134531104	134731104	harbor2	chr9	134628420	134628846	LTR/ERVL-MaLR	810	-	213	134628633	97529
chr9	134531104	134731104	harbor2	chr9	134630153	134630497	LTR/ERVL-MaLR	646	-	172	134630325	99221
chr9	133682269	133882269	harbor2	chr9	133720482	133720841	LTR/ERVL-MaLR	2537	-	180	133720662	38393
chr9	133682269	133882269	harbor2	chr9	133753202	133753639	LTR/ERVL-MaLR	2235	-	218	133753420	71151
chr9	131452157	131652157	harbor2	chr9	131538204	131538278	LTR/ERVL-MaLR	1424	-	37	131538241	86084
chr9	131452157	131652157	harbor2	chr9	131538570	131538715	LTR/ERVL-MaLR	1424	-	72	131538642	86485
chr9	131452157	131652157	harbor2	chr9	131538986	131538996	LTR/ERVL-MaLR	1424	-	5	131538991	86834
chr9	131452157	131652157	harbor2	chr9	131539304	131539480	LTR/ERVL-MaLR	1424	-	88	131539392	87235
chr9	105459241	105659241	harbor2	chr9	105485141	105485496	LTR/ERVL-MaLR	877	-	178	105485319	26078
chr9	110043025	110243025	harbor2	chr9	110055522	110055662	LTR/ERVL-MaLR	863	-	70	110055592	12567
chr9	110043025	110243025	harbor2	chr9	110062684	110062765	LTR/ERVL-MaLR	2058	-	40	110062724	19699
chr9	110043025	110243025	harbor2	chr9	110063282	110063433	LTR/ERVL-MaLR	2058	-	76	110063358	20333
chr9	110043025	110243025	harbor2	chr9	110063743	110063932	LTR/ERVL-MaLR	2058	-	94	110063837	20812
chr9	110043025	110243025	harbor2	chr9	110092627	110093088	LTR/ERVL-MaLR	1125	-	230	110092857	49832
chr9	110043025	110243025	harbor2	chr9	110094380	110094786	LTR/ERVL-MaLR	2584	-	203	110094583	51558
chr9	110043025	110243025	harbor2	chr9	110114038	110114481	LTR/ERVL-MaLR	2110	-	222	110114260	71235
chr9	110043025	110243025	harbor2	chr9	110117529	110117848	LTR/ERVL-MaLR	1137	-	160	110117689	74664
chr9	110043025	110243025	harbor2	chr9	110123189	110123580	LTR/ERVL-MaLR	1493	-	196	110123385	80360
chr9	76666041	76866041	harbor2	chr9	76668810	76669150	LTR/ERVL-MaLR	1840	-	170	76668980	2939
chr9	76666041	76866041	harbor2	chr9	76680668	76681030	LTR/ERVL-MaLR	1881	-	181	76680849	14808
chr9	76666041	76866041	harbor2	chr9	76736420	76736779	LTR/ERVL-MaLR	2046	-	180	76736600	70559
chr9	99729583	99929583	harbor2	chr9	99749632	99750158	LTR/ERVL-MaLR	531	-	263	99749895	20312
chr9	99729583	99929583	harbor2	chr9	99750451	99750500	LTR/ERVL-MaLR	531	-	24	99750475	20892
chr9	99729583	99929583	harbor2	chr9	99762608	99763043	LTR/ERVL-MaLR	579	-	218	99762826	33243
chr9	99729583	99929583	harbor2	chr9	99768036	99768212	LTR/ERVL-MaLR	398	-	88	99768124	38541
chr9	99729583	99929583	harbor2	chr9	99769911	99770307	LTR/ERVL-MaLR	1786	-	198	99770109	40526
chr9	99729583	99929583	harbor2	chr9	99781185	99781653	LTR/ERVL-MaLR	2018	-	234	99781419	51836
chr9	99729583	99929583	harbor2	chr9	99808597	99809056	LTR/ERVL-MaLR	1334	-	230	99808827	79244
chr9	107527226	107727226	harbor2	chr9	107606752	107606967	LTR/ERVL-MaLR	669	-	108	107606860	79634
chr9	107527226	107727226	harbor2	chr9	107622669	107623051	LTR/ERVL-MaLR	1212	-	191	107622860	95634
chr9	95467272	95667272	harbor2	chr9	95522257	95522442	LTR/ERVL-MaLR	2036	-	92	95522349	55077
chr9	95467272	95667272	harbor2	chr9	95522754	95522934	LTR/ERVL-MaLR	2036	-	90	95522844	55572
chr9	95467272	95667272	harbor2	chr9	95527325	95527764	LTR/ERVL-MaLR	2026	-	220	95527545	60273
chr9	95467272	95667272	harbor2	chr9	95531041	95531437	LTR/ERVL-MaLR	667	-	198	95531239	63967
chr9	109602614	109802614	harbor2	chr9	109605315	109605342	LTR/ERVL-MaLR	509	-	14	109605329	2715
chr9	109602614	109802614	harbor2	chr9	109608080	109608167	LTR/ERVL-MaLR	509	-	44	109608124	5510
chr9	109602614	109802614	harbor2	chr9	109610126	109610419	LTR/ERVL-MaLR	654	-	146	109610272	7658
chr9	109602614	109802614	harbor2	chr9	109617256	109617772	LTR/ERVL-MaLR	1504	-	258	109617514	14900
chr9	109602614	109802614	harbor2	chr9	109624468	109624829	LTR/ERVL-MaLR	2500	-	180	109624648	22034
chr9	109602614	109802614	harbor2	chr9	109643776	109644184	LTR/ERVL-MaLR	1874	-	204	109643980	41366
chr9	109602614	109802614	harbor2	chr9	109644560	109645077	LTR/ERVL-MaLR	3731	-	258	109644818	42204
chr9	109602614	109802614	harbor2	chr9	109645078	109645444	LTR/ERVL-MaLR	2170	-	183	109645261	42647
chr9	109602614	109802614	harbor2	chr9	109658549	109658768	LTR/ERVL-MaLR	1060	-	110	109658659	56045
chr9	109602614	109802614	harbor2	chr9	109608581	109608961	LTR/ERVL-MaLR	1738	-	190	109608771	6157
chr9	114087302	114287302	harbor2	chr9	114087351	114087716	LTR/ERVL-MaLR	2808	-	182	114087533	231
chr9	114087302	114287302	harbor2	chr9	114127808	114128304	LTR/ERVL-MaLR	1968	-	248	114128056	40754
chr9	114087302	114287302	harbor2	chr9	114129018	114129387	LTR/ERVL-MaLR	2215	-	184	114129202	41900
chr9	114087302	114287302	harbor2	chr9	114148070	114148217	LTR/ERVL-MaLR	1494	-	74	114148144	60842
chr9	114087302	114287302	harbor2	chr9	114148529	114148929	LTR/ERVL-MaLR	1494	-	200	114148729	61427
chr9	114087302	114287302	harbor2	chr9	114160959	114161388	LTR/ERVL-MaLR	1391	-	214	114161173	73871
chr9	111995960	112195960	harbor2	chr9	112046905	112047021	LTR/ERVL-MaLR	2436	-	58	112046963	51003
chr9	111995960	112195960	harbor2	chr9	112047022	112047403	LTR/ERVL-MaLR	2126	-	190	112047212	51252
chr9	111995960	112195960	harbor2	chr9	112047404	112047518	LTR/ERVL-MaLR	2436	-	57	112047461	51501
chr9	111995960	112195960	harbor2	chr9	112047970	112048346	LTR/ERVL-MaLR	2436	-	188	112048158	52198
chr9	80899446	81099446	harbor2	chr9	80922543	80922902	LTR/ERVL-MaLR	1815	-	180	80922723	23277
chr9	80899446	81099446	harbor2	chr9	80954938	80955284	LTR/ERVL-MaLR	1184	-	173	80955111	55665
chr9	80899446	81099446	harbor2	chr9	80962534	80962900	LTR/ERVL-MaLR	2254	-	183	80962717	63271
chr9	80899446	81099446	harbor2	chr9	80991351	80991725	LTR/ERVL-MaLR	1298	-	187	80991538	92092
chr9	117071547	117271547	harbor2	chr9	117121651	117122037	LTR/ERVL-MaLR	1958	-	193	117121844	50297
chr9	117071547	117271547	harbor2	chr9	117128698	117129070	LTR/ERVL-MaLR	2046	-	186	117128884	57337
chr9	117071547	117271547	harbor2	chr9	117143602	117143937	LTR/ERVL-MaLR	942	-	168	117143770	72223
chr9	22411098	22611098	harbor2	chr9	22499749	22499999	LTR/ERVL-MaLR	592	-	125	22499874	88776
chr9	22411098	22611098	harbor2	chr9	22500058	22500279	LTR/ERVL-MaLR	499	-	110	22500168	89070
chr9	22411098	22611098	harbor2	chr9	22500283	22500433	LTR/ERVL-MaLR	3092	-	75	22500358	89260
chr9	22411098	22611098	harbor2	chr9	22500807	22500993	LTR/ERVL-MaLR	3092	-	93	22500900	89802
chr9	22411098	22611098	harbor2	chr9	22500994	22501368	LTR/ERVL-MaLR	2292	-	187	22501181	90083
chr9	22411098	22611098	harbor2	chr9	22501369	22502385	LTR/ERVL-MaLR	3092	-	508	22501877	90779
chr9	22411098	22611098	harbor2	chr9	22502401	22502599	LTR/ERVL-MaLR	678	-	99	22502500	91402
chr9	129272052	129472052	harbor2	chr9	129309123	129309375	LTR/ERVL-MaLR	781	-	126	129309249	37197
chr9	129272052	129472052	harbor2	chr9	129310940	129311134	LTR/ERVL-MaLR	1066	-	97	129311037	38985
chr9	129272052	129472052	harbor2	chr9	129316044	129316468	LTR/ERVL-MaLR	2416	-	212	129316256	44204
chr9	129272052	129472052	harbor2	chr9	129330763	129331248	LTR/ERVL-MaLR	2190	-	242	129331005	58953
chr9	129272052	129472052	harbor2	chr9	129355741	129356014	LTR/ERVL-MaLR	495	-	136	129355877	83825
chr9	129272052	129472052	harbor2	chr9	129356029	129356159	LTR/ERVL-MaLR	578	-	65	129356094	84042
chr9	129272052	129472052	harbor2	chr9	129370933	129371031	LTR/ERVL-MaLR	508	-	49	129370982	98930
chr9	129272052	129472052	harbor2	chr9	129371032	129371097	LTR/ERVL-MaLR	1483	-	32	129371064	99012
chr9	129272052	129472052	harbor2	chr9	129371420	129371555	LTR/ERVL-MaLR	1483	-	68	129371488	99436
chr9	129272052	129472052	harbor2	chr9	129371864	129371942	LTR/ERVL-MaLR	1483	-	39	129371903	99851
chr9	134790587	134990587	harbor2	chr9	134797199	134797478	LTR/ERVL-MaLR	971	-	140	134797339	6752
chr9	134790587	134990587	harbor2	chr9	134797774	134797955	LTR/ERVL-MaLR	971	-	90	134797864	7277
chr9	134790587	134990587	harbor2	chr9	134836113	134836485	LTR/ERVL-MaLR	1587	-	186	134836299	45712
chr9	134790587	134990587	harbor2	chr9	134840469	134840902	LTR/ERVL-MaLR	1044	-	216	134840685	50098
chr9	134790587	134990587	harbor2	chr9	134853940	134854440	LTR/ERVL-MaLR	1372	-	250	134854190	63603
chr9	134790587	134990587	harbor2	chr9	134872477	134872826	LTR/ERVL-MaLR	2547	-	174	134872651	82064
chr9	134790587	134990587	harbor2	chr9	134873213	134873602	LTR/ERVL-MaLR	1670	-	194	134873407	82820
chr9	67347834	67547834	harbor2	chr9	67423967	67424373	LTR/ERVL-MaLR	2460	-	203	67424170	76336
chr9	68782491	68982491	harbor2	chr9	68822788	68823281	LTR/ERVL-MaLR	1332	-	246	68823034	40543
chr9	68782491	68982491	harbor2	chr9	68840415	68840915	LTR/ERVL-MaLR	1825	-	250	68840665	58174
chr9	68782491	68982491	harbor2	chr9	68855898	68856056	LTR/ERVL-MaLR	943	-	79	68855977	73486
chr9	136169280	136369280	harbor2	chr9	136183232	136183713	LTR/ERVL-MaLR	840	-	240	136183472	14192
chr9	134794885	134994885	harbor2	chr9	134797199	134797478	LTR/ERVL-MaLR	971	-	140	134797339	2454
chr9	134794885	134994885	harbor2	chr9	134797774	134797955	LTR/ERVL-MaLR	971	-	90	134797864	2979
chr9	134794885	134994885	harbor2	chr9	134836113	134836485	LTR/ERVL-MaLR	1587	-	186	134836299	41414
chr9	134794885	134994885	harbor2	chr9	134840469	134840902	LTR/ERVL-MaLR	1044	-	216	134840685	45800
chr9	134794885	134994885	harbor2	chr9	134853940	134854440	LTR/ERVL-MaLR	1372	-	250	134854190	59305
chr9	134794885	134994885	harbor2	chr9	134872477	134872826	LTR/ERVL-MaLR	2547	-	174	134872651	77766
chr9	134794885	134994885	harbor2	chr9	134873213	134873602	LTR/ERVL-MaLR	1670	-	194	134873407	78522
chr9	120169894	120369894	harbor2	chr9	120182611	120182990	LTR/ERVL-MaLR	2144	-	190	120182801	12907
chr9	120169894	120369894	harbor2	chr9	120185587	120185793	LTR/ERVL-MaLR	670	-	103	120185690	15796
chr9	120169894	120369894	harbor2	chr9	120233167	120233549	LTR/ERVL-MaLR	2462	-	191	120233358	63464
chr9	120169894	120369894	harbor2	chr9	120236240	120236700	LTR/ERVL-MaLR	1382	-	230	120236470	66576
chr9	120169894	120369894	harbor2	chr9	120237682	120238131	LTR/ERVL-MaLR	1565	-	224	120237906	68012
chr9	120169894	120369894	harbor2	chr9	120248094	120248560	LTR/ERVL-MaLR	781	-	233	120248327	78433
chr9	120169894	120369894	harbor2	chr9	120254965	120255306	LTR/ERVL-MaLR	2009	-	170	120255135	85241
chr9	134298943	134498943	harbor2	chr9	134299772	134300293	LTR/ERVL-MaLR	2611	-	260	134300032	1089
chr9	130586813	130786813	harbor2	chr9	130646421	130646639	LTR/ERVL-MaLR	1909	-	109	130646530	59717
chr9	130586813	130786813	harbor2	chr9	130646948	130647109	LTR/ERVL-MaLR	1909	-	80	130647028	60215
chr9	130586813	130786813	harbor2	chr9	130686111	130686206	LTR/ERVL-MaLR	882	-	48	130686159	99346
chr9	130586813	130786813	harbor2	chr9	130686516	130686649	LTR/ERVL-MaLR	882	-	66	130686582	99769
chr9	134067326	134267326	harbor2	chr9	134093827	134094218	LTR/ERVL-MaLR	2174	-	196	134094023	26697
chr9	134067326	134267326	harbor2	chr9	134121362	134121750	LTR/ERVL-MaLR	1937	-	194	134121556	54230
chr9	126834794	127034794	harbor2	chr9	126899712	126900034	LTR/ERVL-MaLR	1922	-	161	126899873	65079
chr9	126834794	127034794	harbor2	chr9	126908909	126909178	LTR/ERVL-MaLR	1555	-	134	126909043	74249
chr9	126834794	127034794	harbor2	chr9	126909512	126909796	LTR/ERVL-MaLR	1555	-	142	126909654	74860
chr9	126834794	127034794	harbor2	chr9	126930944	126931292	LTR/ERVL-MaLR	713	-	174	126931118	96324
chr9	124772609	124972609	harbor2	chr9	124823317	124823476	LTR/ERVL-MaLR	1045	-	80	124823397	50788
chr9	124772609	124972609	harbor2	chr9	124846647	124846741	LTR/ERVL-MaLR	436	-	47	124846694	74085
chr9	122911468	123111468	harbor2	chr9	122966711	122967070	LTR/ERVL-MaLR	2183	-	180	122966891	55423
chr9	122911468	123111468	harbor2	chr9	122972429	122972670	LTR/ERVL-MaLR	405	-	120	122972549	61081
chr9	114816475	115016475	harbor2	chr9	114817669	114817770	LTR/ERVL-MaLR	424	-	50	114817719	1244
chr9	114816475	115016475	harbor2	chr9	114838789	114839142	LTR/ERVL-MaLR	1511	-	176	114838965	22490
chr9	114816475	115016475	harbor2	chr9	114857818	114858384	LTR/ERVL-MaLR	1150	-	283	114858101	41626
chr9	114816475	115016475	harbor2	chr9	114865488	114865687	LTR/ERVL-MaLR	1613	-	100	114865588	49113
chr9	114816475	115016475	harbor2	chr9	114865715	114865879	LTR/ERVL-MaLR	1613	-	82	114865797	49322
chr9	114816475	115016475	harbor2	chr9	114874929	114875303	LTR/ERVL-MaLR	2437	-	187	114875116	58641
chr9	114816475	115016475	harbor2	chr9	114875304	114876894	LTR/ERVL-MaLR	10102	-	795	114876099	59624
chr9	114816475	115016475	harbor2	chr9	114876895	114877266	LTR/ERVL-MaLR	2249	-	186	114877081	60606
chr9	97532727	97732727	harbor2	chr9	97540164	97540550	LTR/ERVL-MaLR	1466	-	193	97540357	7630
chr9	97532727	97732727	harbor2	chr9	97549207	97549371	LTR/ERVL-MaLR	462	-	82	97549289	16562
chr9	97532727	97732727	harbor2	chr9	97573481	97573978	LTR/ERVL-MaLR	1778	-	248	97573729	41002
chr9	97532727	97732727	harbor2	chr9	97533785	97534277	LTR/ERVL-MaLR	940	-	246	97534031	1304
chr9	137843348	138043348	harbor2	chr9	137892173	137892332	LTR/ERVL-MaLR	620	-	80	137892253	48905
chr9	130280801	130480801	harbor2	chr9	130310224	130310462	LTR/ERVL-MaLR	975	-	119	130310343	29542
chr9	130280801	130480801	harbor2	chr9	130315629	130316012	LTR/ERVL-MaLR	1320	-	192	130315821	35020
chr9	130280801	130480801	harbor2	chr9	130368570	130368947	LTR/ERVL-MaLR	2173	-	188	130368758	87957
chr9	110852309	111052309	harbor2	chr9	110855224	110855397	LTR/ERVL-MaLR	757	-	86	110855310	3001
chr9	110852309	111052309	harbor2	chr9	110900052	110900297	LTR/ERVL-MaLR	1287	-	122	110900174	47865
chr9	110852309	111052309	harbor2	chr9	110901380	110901733	LTR/ERVL-MaLR	2609	-	176	110901556	49247
chr9	110852309	111052309	harbor2	chr9	110914217	110914581	LTR/ERVL-MaLR	2392	-	182	110914399	62090
chr9	110852309	111052309	harbor2	chr9	110945571	110946051	LTR/ERVL-MaLR	2100	-	240	110945811	93502
chr9	87077403	87277403	harbor2	chr9	87081543	87081706	LTR/ERVL-MaLR	572	-	82	87081625	4222
chr9	87077403	87277403	harbor2	chr9	87103002	87103069	LTR/ERVL-MaLR	1339	-	34	87103036	25633
chr9	87077403	87277403	harbor2	chr9	87103372	87103639	LTR/ERVL-MaLR	1339	-	134	87103506	26103
chr9	87077403	87277403	harbor2	chr9	87161553	87161931	LTR/ERVL-MaLR	2328	-	189	87161742	84339
chr9	87077403	87277403	harbor2	chr9	87173615	87174061	LTR/ERVL-MaLR	2640	-	223	87173838	96435
chr9	87077403	87277403	harbor2	chr9	87176688	87176973	LTR/ERVL-MaLR	1156	-	142	87176830	99427
chr9	97740641	97940641	harbor2	chr9	97765455	97765975	LTR/ERVL-MaLR	653	-	260	97765715	25074
chr9	97740641	97940641	harbor2	chr9	97793847	97794223	LTR/ERVL-MaLR	2871	-	188	97794035	53394
chr9	97740641	97940641	harbor2	chr9	97822122	97822419	LTR/ERVL-MaLR	1493	-	148	97822270	81629
chr9	97740641	97940641	harbor2	chr9	97822731	97822806	LTR/ERVL-MaLR	1493	-	38	97822769	82128
chr9	113213443	113413443	harbor2	chr9	113311269	113311796	LTR/ERVL-MaLR	659	-	264	113311533	98090
chr9	75984471	76184471	harbor2	chr9	75989511	75989937	LTR/ERVL-MaLR	1056	-	213	75989724	5253
chr9	75984471	76184471	harbor2	chr9	76033618	76033963	LTR/ERVL-MaLR	1624	-	172	76033790	49319
chr9	75984471	76184471	harbor2	chr9	76052285	76052647	LTR/ERVL-MaLR	2605	-	181	76052466	67995
chr9	75984471	76184471	harbor2	chr9	76052648	76053894	LTR/ERVL-MaLR	6075	-	623	76053271	68800
chr9	75984471	76184471	harbor2	chr9	76053897	76054256	LTR/ERVL-MaLR	2584	-	180	76054077	69606
chr9	120189137	120389137	harbor2	chr9	120233167	120233549	LTR/ERVL-MaLR	2462	-	191	120233358	44221
chr9	120189137	120389137	harbor2	chr9	120236240	120236700	LTR/ERVL-MaLR	1382	-	230	120236470	47333
chr9	120189137	120389137	harbor2	chr9	120237682	120238131	LTR/ERVL-MaLR	1565	-	224	120237906	48769
chr9	120189137	120389137	harbor2	chr9	120248094	120248560	LTR/ERVL-MaLR	781	-	233	120248327	59190
chr9	120189137	120389137	harbor2	chr9	120254965	120255306	LTR/ERVL-MaLR	2009	-	170	120255135	65998
chr9	120189137	120389137	harbor2	chr9	120279520	120279759	LTR/ERVL-MaLR	448	-	120	120279640	90503
chr9	120189137	120389137	harbor2	chr9	120280555	120280701	LTR/ERVL-MaLR	626	-	73	120280628	91491
chr9	120189137	120389137	harbor2	chr9	120281232	120281405	LTR/ERVL-MaLR	581	-	86	120281318	92181
chr9	120189137	120389137	harbor2	chr9	120285269	120285399	LTR/ERVL-MaLR	441	-	65	120285334	96197
chr9	37822987	38022987	harbor2	chr9	37869919	37870159	LTR/ERVL-MaLR	1407	-	120	37870039	47052
chr9	37822987	38022987	harbor2	chr9	37870331	37870509	LTR/ERVL-MaLR	505	-	89	37870420	47433
chr9	90393530	90593530	harbor2	chr9	90440853	90441188	LTR/ERVL-MaLR	1468	-	168	90441021	47491
chr9	90393530	90593530	harbor2	chr9	90482885	90483175	LTR/ERVL-MaLR	2009	-	145	90483030	89500
chr9	90393530	90593530	harbor2	chr9	90483473	90483561	LTR/ERVL-MaLR	2009	-	44	90483517	89987
chr9	90393530	90593530	harbor2	chr9	90493323	90493522	LTR/ERVL-MaLR	808	-	100	90493423	99893
chr9	81833101	82033101	harbor2	chr9	81836262	81836312	LTR/ERVL-MaLR	1746	-	25	81836287	3186
chr9	81833101	82033101	harbor2	chr9	81836652	81836999	LTR/ERVL-MaLR	1746	-	174	81836826	3725
chr9	95979886	96179886	harbor2	chr9	95986199	95986447	LTR/ERVL-MaLR	463	-	124	95986323	6437
chr9	95979886	96179886	harbor2	chr9	95986819	95987182	LTR/ERVL-MaLR	2070	-	182	95987001	7115
chr9	95979886	96179886	harbor2	chr9	95987183	95988163	LTR/ERVL-MaLR	7148	-	490	95987673	7787
chr9	95979886	96179886	harbor2	chr9	96011081	96011472	LTR/ERVL-MaLR	1433	-	196	96011277	31391
chr9	95979886	96179886	harbor2	chr9	96019679	96019903	LTR/ERVL-MaLR	1648	-	112	96019791	39905
chr9	95979886	96179886	harbor2	chr9	96020191	96020335	LTR/ERVL-MaLR	1648	-	72	96020263	40377
chr9	95979886	96179886	harbor2	chr9	96054318	96054692	LTR/ERVL-MaLR	1991	-	187	96054505	74619
chr9	95979886	96179886	harbor2	chr9	96064299	96064649	LTR/ERVL-MaLR	572	-	175	96064474	84588
chr9	95979886	96179886	harbor2	chr9	96064836	96065323	LTR/ERVL-MaLR	472	-	244	96065080	85194
chr9	129743476	129943476	harbor2	chr9	129778622	129778657	LTR/ERVL-MaLR	1557	-	18	129778640	35164
chr9	129743476	129943476	harbor2	chr9	129778964	129779254	LTR/ERVL-MaLR	1557	-	145	129779109	35633
chr9	129743476	129943476	harbor2	chr9	129798173	129798336	LTR/ERVL-MaLR	1186	-	82	129798255	54779
chr9	129743476	129943476	harbor2	chr9	129798921	129799033	LTR/ERVL-MaLR	1186	-	56	129798977	55501
chr9	129743476	129943476	harbor2	chr9	129841097	129841480	LTR/ERVL-MaLR	2346	-	192	129841289	97813
chr9	23350550	23550550	harbor2	chr9	23359732	23360090	LTR/ERVL-MaLR	2112	-	179	23359911	9361
chr9	23350550	23550550	harbor2	chr9	23360091	23360785	LTR/ERVL-MaLR	10408	-	347	23360438	9888
chr9	23350550	23550550	harbor2	chr9	23361099	23361978	LTR/ERVL-MaLR	10408	-	440	23361539	10989
chr9	23350550	23550550	harbor2	chr9	23361979	23362307	LTR/ERVL-MaLR	1702	-	164	23362143	11593
chr9	23350550	23550550	harbor2	chr9	23374406	23374736	LTR/ERVL-MaLR	1370	-	165	23374571	24021
chr9	79065580	79265580	harbor2	chr9	79085781	79086013	LTR/ERVL-MaLR	1067	-	116	79085897	20317
chr9	79065580	79265580	harbor2	chr9	79087965	79088326	LTR/ERVL-MaLR	2140	-	180	79088145	22565
chr9	79065580	79265580	harbor2	chr9	79088327	79089900	LTR/ERVL-MaLR	11390	-	786	79089113	23533
chr9	79065580	79265580	harbor2	chr9	79089901	79090270	LTR/ERVL-MaLR	2067	-	184	79090085	24505
chr9	79065580	79265580	harbor2	chr9	79146747	79147125	LTR/ERVL-MaLR	1147	-	189	79146936	81356
chr9	79065580	79265580	harbor2	chr9	79152280	79152875	LTR/ERVL-MaLR	2173	-	298	79152578	86998
chr9	107905849	108105849	harbor2	chr9	107908273	107908749	LTR/ERVL-MaLR	2259	-	238	107908511	2662
chr9	107905849	108105849	harbor2	chr9	107909258	107909394	LTR/ERVL-MaLR	2259	-	68	107909326	3477
chr9	107905849	108105849	harbor2	chr9	107913128	107913635	LTR/ERVL-MaLR	2009	-	254	107913382	7533
chr9	107905849	108105849	harbor2	chr9	107942261	107942768	LTR/ERVL-MaLR	1669	-	254	107942515	36666
chr9	107905849	108105849	harbor2	chr9	107942774	107943181	LTR/ERVL-MaLR	446	-	204	107942978	37129
chr9	107905849	108105849	harbor2	chr9	108000613	108000983	LTR/ERVL-MaLR	1367	-	185	108000798	94949
chr9	79373918	79573918	harbor2	chr9	79379681	79380131	LTR/ERVL-MaLR	1727	-	225	79379906	5988
chr9	79373918	79573918	harbor2	chr9	79386507	79386920	LTR/ERVL-MaLR	2101	-	206	79386713	12795
chr9	79373918	79573918	harbor2	chr9	79399759	79399946	LTR/ERVL-MaLR	517	-	94	79399853	25935
chr9	79373918	79573918	harbor2	chr9	79401453	79401719	LTR/ERVL-MaLR	606	-	133	79401586	27668
chr9	79373918	79573918	harbor2	chr9	79403014	79403323	LTR/ERVL-MaLR	691	-	154	79403168	29250
chr9	79373918	79573918	harbor2	chr9	79405053	79405493	LTR/ERVL-MaLR	1195	-	220	79405273	31355
chr9	79373918	79573918	harbor2	chr9	79406849	79407060	LTR/ERVL-MaLR	1366	-	106	79406955	33037
chr9	79373918	79573918	harbor2	chr9	79407382	79407541	LTR/ERVL-MaLR	1366	-	80	79407462	33544
chr9	79373918	79573918	harbor2	chr9	79433661	79434186	LTR/ERVL-MaLR	2592	-	262	79433923	60005
chr9	79373918	79573918	harbor2	chr9	79469901	79470184	LTR/ERVL-MaLR	404	-	142	79470043	96125
chr9	128415043	128615043	harbor2	chr9	128418026	128418204	LTR/ERVL-MaLR	1423	-	89	128418115	3072
chr9	128415043	128615043	harbor2	chr9	128418498	128418584	LTR/ERVL-MaLR	1423	-	43	128418541	3498
chr9	128415043	128615043	harbor2	chr9	128418893	128418980	LTR/ERVL-MaLR	1423	-	44	128418937	3894
chr9	128415043	128615043	harbor2	chr9	128417747	128417819	LTR/ERVL-MaLR	1423	-	36	128417783	2740
chr9	66978643	67178643	harbor2	chr9	67001453	67001523	LTR/ERVL-MaLR	2007	-	35	67001488	22845
chr9	66978643	67178643	harbor2	chr9	67001814	67002109	LTR/ERVL-MaLR	2007	-	148	67001962	23319
chr9	66978643	67178643	harbor2	chr9	67002110	67003675	LTR/ERVL-MaLR	10649	-	782	67002892	24249
chr9	66978643	67178643	harbor2	chr9	67003676	67004035	LTR/ERVL-MaLR	1895	-	180	67003856	25213
chr9	66978643	67178643	harbor2	chr9	67028000	67028359	LTR/ERVL-MaLR	2120	-	180	67028180	49537
chr9	66978643	67178643	harbor2	chr9	67028360	67029830	LTR/ERVL-MaLR	10165	-	735	67029095	50452
chr9	66978643	67178643	harbor2	chr9	67030129	67030251	LTR/ERVL-MaLR	10165	-	61	67030190	51547
chr9	66978643	67178643	harbor2	chr9	67030252	67030566	LTR/ERVL-MaLR	1732	-	157	67030409	51766
chr9	66978643	67178643	harbor2	chr9	67037327	67037507	LTR/ERVL-MaLR	964	-	90	67037417	58774
chr9	66978643	67178643	harbor2	chr9	67077281	67077733	LTR/ERVL-MaLR	627	-	226	67077507	98864
chr9	134719323	134919323	harbor2	chr9	134736204	134736590	LTR/ERVL-MaLR	1679	-	193	134736397	17074
chr9	134719323	134919323	harbor2	chr9	134736593	134737536	LTR/ERVL-MaLR	1361	-	472	134737065	17742
chr9	134719323	134919323	harbor2	chr9	134745719	134746121	LTR/ERVL-MaLR	682	-	201	134745920	26597
chr9	134719323	134919323	harbor2	chr9	134776706	134777069	LTR/ERVL-MaLR	1738	-	182	134776888	57565
chr9	134719323	134919323	harbor2	chr9	134797199	134797478	LTR/ERVL-MaLR	971	-	140	134797339	78016
chr9	134719323	134919323	harbor2	chr9	134797774	134797955	LTR/ERVL-MaLR	971	-	90	134797864	78541
chr9	104122283	104322283	harbor2	chr9	104186634	104186806	LTR/ERVL-MaLR	584	-	86	104186720	64437
chr9	104122283	104322283	harbor2	chr9	104211568	104211875	LTR/ERVL-MaLR	920	-	154	104211722	89439
chr9	104122283	104322283	harbor2	chr9	104213125	104213479	LTR/ERVL-MaLR	2504	-	177	104213302	91019
chr9	138220474	138420474	harbor2	chr9	138228473	138228742	LTR/ERVL-MaLR	1101	-	134	138228607	8133
chr9	138220474	138420474	harbor2	chr9	138301168	138301577	LTR/ERVL-MaLR	1022	-	204	138301372	80898
chr9	138220474	138420474	harbor2	chr9	138305250	138305526	LTR/ERVL-MaLR	969	-	138	138305388	84914
chr9	138220474	138420474	harbor2	chr9	138307809	138308049	LTR/ERVL-MaLR	969	-	120	138307929	87455
chr9	138220474	138420474	harbor2	chr9	138248138	138248565	LTR/ERVL-MaLR	1427	-	214	138248352	27878
chr9	138220474	138420474	harbor2	chr9	138297179	138297668	LTR/ERVL-MaLR	1737	-	244	138297423	76949
chr9	105077485	105277485	harbor2	chr9	105105687	105105735	LTR/ERVL-MaLR	2057	-	24	105105711	28226
chr9	105077485	105277485	harbor2	chr9	105106033	105106054	LTR/ERVL-MaLR	2057	-	10	105106043	28558
chr9	105077485	105277485	harbor2	chr9	105106360	105106723	LTR/ERVL-MaLR	2057	-	182	105106542	29057
chr9	105077485	105277485	harbor2	chr9	105111749	105111815	LTR/ERVL-MaLR	1076	-	33	105111782	34297
chr9	105077485	105277485	harbor2	chr9	105112118	105112422	LTR/ERVL-MaLR	1076	-	152	105112270	34785
chr9	105077485	105277485	harbor2	chr9	105121105	105121170	LTR/ERVL-MaLR	873	-	32	105121137	43652
chr9	105077485	105277485	harbor2	chr9	105121479	105121650	LTR/ERVL-MaLR	873	-	86	105121565	44080
chr9	105077485	105277485	harbor2	chr9	105122218	105122352	LTR/ERVL-MaLR	592	-	67	105122285	44800
chr9	105077485	105277485	harbor2	chr9	105162594	105162862	LTR/ERVL-MaLR	448	-	134	105162728	85243
chr9	105077485	105277485	harbor2	chr9	105167538	105167902	LTR/ERVL-MaLR	2501	-	182	105167720	90235
chr9	105077485	105277485	harbor2	chr9	105172148	105172343	LTR/ERVL-MaLR	615	-	98	105172246	94761
chr9	112704170	112904170	harbor2	chr9	112708561	112708696	LTR/ERVL-MaLR	823	-	68	112708629	4459
chr9	112704170	112904170	harbor2	chr9	112724257	112724490	LTR/ERVL-MaLR	947	-	116	112724373	20203
chr9	112704170	112904170	harbor2	chr9	112724796	112724825	LTR/ERVL-MaLR	947	-	14	112724810	20640
chr9	112704170	112904170	harbor2	chr9	112725037	112725158	LTR/ERVL-MaLR	7754	-	60	112725097	20927
chr9	112704170	112904170	harbor2	chr9	112725465	112726655	LTR/ERVL-MaLR	7754	-	595	112726060	21890
chr9	112704170	112904170	harbor2	chr9	112726951	112727335	LTR/ERVL-MaLR	7754	-	192	112727143	22973
chr9	112704170	112904170	harbor2	chr9	112727336	112727385	LTR/ERVL-MaLR	1505	-	24	112727360	23190
chr9	112704170	112904170	harbor2	chr9	112727688	112727997	LTR/ERVL-MaLR	1505	-	154	112727842	23672
chr9	112704170	112904170	harbor2	chr9	112743229	112743481	LTR/ERVL-MaLR	599	-	126	112743355	39185
chr9	112704170	112904170	harbor2	chr9	112752720	112753163	LTR/ERVL-MaLR	1600	-	222	112752942	48772
chr9	112704170	112904170	harbor2	chr9	112755611	112755822	LTR/ERVL-MaLR	808	-	106	112755717	51547
chr9	112704170	112904170	harbor2	chr9	112755846	112755960	LTR/ERVL-MaLR	432	-	57	112755903	51733
chr9	112704170	112904170	harbor2	chr9	112777875	112778270	LTR/ERVL-MaLR	848	-	198	112778073	73903
chr9	112704170	112904170	harbor2	chr9	112778572	112778738	LTR/ERVL-MaLR	848	-	83	112778655	74485
chr9	137297357	137497357	harbor2	chr9	137344629	137344804	LTR/ERVL-MaLR	826	-	88	137344717	47360
chr9	137297357	137497357	harbor2	chr9	137344812	137344915	LTR/ERVL-MaLR	437	-	52	137344864	47507
chr9	137297357	137497357	harbor2	chr9	137344907	137344988	LTR/ERVL-MaLR	403	-	40	137344947	47590
chr9	137297357	137497357	harbor2	chr9	137344990	137345224	LTR/ERVL-MaLR	455	-	117	137345107	47750
chr9	137297357	137497357	harbor2	chr9	137346609	137346807	LTR/ERVL-MaLR	670	-	99	137346708	49351
chr9	137297357	137497357	harbor2	chr9	137347112	137347443	LTR/ERVL-MaLR	721	-	166	137347278	49921
chr9	137297357	137497357	harbor2	chr9	137347744	137347858	LTR/ERVL-MaLR	608	-	57	137347801	50444
chr9	125823469	126023469	harbor2	chr9	125860026	125860411	LTR/ERVL-MaLR	783	-	192	125860218	36749
chr9	125823469	126023469	harbor2	chr9	125869895	125870026	LTR/ERVL-MaLR	1738	-	66	125869961	46492
chr9	125823469	126023469	harbor2	chr9	125870368	125870659	LTR/ERVL-MaLR	1738	-	146	125870514	47045
chr9	130643387	130843387	harbor2	chr9	130646421	130646639	LTR/ERVL-MaLR	1909	-	109	130646530	3143
chr9	130643387	130843387	harbor2	chr9	130646948	130647109	LTR/ERVL-MaLR	1909	-	80	130647028	3641
chr9	130643387	130843387	harbor2	chr9	130686111	130686206	LTR/ERVL-MaLR	882	-	48	130686159	42772
chr9	130643387	130843387	harbor2	chr9	130686516	130686649	LTR/ERVL-MaLR	882	-	66	130686582	43195
chr9	130643387	130843387	harbor2	chr9	130686958	130687007	LTR/ERVL-MaLR	882	-	24	130686982	43595
chr9	99400652	99600652	harbor2	chr9	99410449	99410826	LTR/ERVL-MaLR	845	-	188	99410637	9985
chr9	99400652	99600652	harbor2	chr9	99430269	99430634	LTR/ERVL-MaLR	1838	-	182	99430451	29799
chr9	99400652	99600652	harbor2	chr9	99432112	99432383	LTR/ERVL-MaLR	1309	-	136	99432248	31596
chr9	99400652	99600652	harbor2	chr9	99470023	99470247	LTR/ERVL-MaLR	472	-	112	99470135	69483
chr9	99400652	99600652	harbor2	chr9	99481638	99482034	LTR/ERVL-MaLR	923	-	198	99481836	81184
chr9	99400652	99600652	harbor2	chr9	99497660	99498246	LTR/ERVL-MaLR	2052	-	293	99497953	97301
chr9	137638837	137838837	harbor2	chr9	137695458	137695924	LTR/ERVL-MaLR	432	-	233	137695691	56854
chr9	137638837	137838837	harbor2	chr9	137700841	137701229	LTR/ERVL-MaLR	2005	-	194	137701035	62198
chr9	137638837	137838837	harbor2	chr9	137701230	137701271	LTR/ERVL-MaLR	9345	-	20	137701250	62413
chr9	137638837	137838837	harbor2	chr9	137702199	137703857	LTR/ERVL-MaLR	9345	-	829	137703028	64191
chr9	137638837	137838837	harbor2	chr9	137703858	137704236	LTR/ERVL-MaLR	1960	-	189	137704047	65210
chr9	114251538	114451538	harbor2	chr9	114305536	114305843	LTR/ERVL-MaLR	564	-	154	114305690	54152
chr9	114251538	114451538	harbor2	chr9	114312617	114313027	LTR/ERVL-MaLR	1382	-	205	114312822	61284
chr9	63322269	63522269	harbor2	chr9	63349347	63349715	LTR/ERVL-MaLR	2115	-	184	63349531	27262
chr9	63322269	63522269	harbor2	chr9	63358158	63358625	LTR/ERVL-MaLR	1158	-	234	63358392	36123
chr9	63322269	63522269	harbor2	chr9	63369176	63369607	LTR/ERVL-MaLR	1096	-	216	63369392	47123
chr9	132353085	132553085	harbor2	chr9	132427638	132427951	LTR/ERVL-MaLR	930	-	156	132427794	74709
chr9	132353085	132553085	harbor2	chr9	132436064	132436458	LTR/ERVL-MaLR	794	-	197	132436261	83176
chr9	134770949	134970949	harbor2	chr9	134776706	134777069	LTR/ERVL-MaLR	1738	-	182	134776888	5939
chr9	134770949	134970949	harbor2	chr9	134797199	134797478	LTR/ERVL-MaLR	971	-	140	134797339	26390
chr9	134770949	134970949	harbor2	chr9	134797774	134797955	LTR/ERVL-MaLR	971	-	90	134797864	26915
chr9	134770949	134970949	harbor2	chr9	134836113	134836485	LTR/ERVL-MaLR	1587	-	186	134836299	65350
chr9	134770949	134970949	harbor2	chr9	134840469	134840902	LTR/ERVL-MaLR	1044	-	216	134840685	69736
chr9	134770949	134970949	harbor2	chr9	134853940	134854440	LTR/ERVL-MaLR	1372	-	250	134854190	83241
chr9	99329565	99529565	harbor2	chr9	99392293	99392657	LTR/ERVL-MaLR	741	-	182	99392475	62910
chr9	99329565	99529565	harbor2	chr9	99393961	99394242	LTR/ERVL-MaLR	528	-	140	99394101	64536
chr9	99329565	99529565	harbor2	chr9	99410449	99410826	LTR/ERVL-MaLR	845	-	188	99410637	81072
chr9	109704297	109904297	harbor2	chr9	109748693	109749081	LTR/ERVL-MaLR	2655	-	194	109748887	44590
chr9	109704297	109904297	harbor2	chr9	109754548	109754897	LTR/ERVL-MaLR	1709	-	174	109754722	50425
chr9	109704297	109904297	harbor2	chr9	109763555	109764055	LTR/ERVL-MaLR	945	-	250	109763805	59508
chr9	109704297	109904297	harbor2	chr9	109767349	109767417	LTR/ERVL-MaLR	393	-	34	109767383	63086
chr9	109704297	109904297	harbor2	chr9	109785459	109785803	LTR/ERVL-MaLR	2360	-	172	109785631	81334
chr9	109704297	109904297	harbor2	chr9	109796524	109796900	LTR/ERVL-MaLR	2235	-	188	109796712	92415
chr9	109704297	109904297	harbor2	chr9	109797921	109798312	LTR/ERVL-MaLR	1750	-	196	109798117	93820
chr9	109704297	109904297	harbor2	chr9	109802575	109802863	LTR/ERVL-MaLR	509	-	144	109802719	98422
chr9	111560543	111760543	harbor2	chr9	111600740	111600857	LTR/ERVL-MaLR	466	-	58	111600798	40255
chr9	111560543	111760543	harbor2	chr9	111600846	111600989	LTR/ERVL-MaLR	835	-	72	111600918	40375
chr9	111560543	111760543	harbor2	chr9	111609571	111609713	LTR/ERVL-MaLR	724	-	71	111609642	49099
chr9	111560543	111760543	harbor2	chr9	111623013	111623400	LTR/ERVL-MaLR	2798	-	194	111623207	62664
chr9	111560543	111760543	harbor2	chr9	111626871	111627173	LTR/ERVL-MaLR	2018	-	151	111627022	66479
chr9	111560543	111760543	harbor2	chr9	111627469	111627623	LTR/ERVL-MaLR	2018	-	77	111627546	67003
chr9	33841818	34041818	harbor2	chr9	33889183	33889369	LTR/ERVL-MaLR	660	-	93	33889276	47458
chr9	77466909	77666909	harbor2	chr9	77470662	77471036	LTR/ERVL-MaLR	2146	-	187	77470849	3940
chr9	77466909	77666909	harbor2	chr9	77523163	77523588	LTR/ERVL-MaLR	3130	-	212	77523375	56466
chr9	77466909	77666909	harbor2	chr9	77548076	77548473	LTR/ERVL-MaLR	1162	-	198	77548274	81365
chr9	138089323	138289323	harbor2	chr9	138109315	138109695	LTR/ERVL-MaLR	821	-	190	138109505	20182
chr9	138089323	138289323	harbor2	chr9	138145005	138145119	LTR/ERVL-MaLR	767	-	57	138145062	55739
chr9	138089323	138289323	harbor2	chr9	138145685	138145762	LTR/ERVL-MaLR	767	-	38	138145723	56400
chr9	138089323	138289323	harbor2	chr9	138172668	138172875	LTR/ERVL-MaLR	2551	-	104	138172772	83449
chr9	138089323	138289323	harbor2	chr9	138173156	138173318	LTR/ERVL-MaLR	2551	-	81	138173237	83914
chr9	90576741	90776741	harbor2	chr9	90580307	90580858	LTR/ERVL-MaLR	1883	-	276	90580583	3842
chr9	90576741	90776741	harbor2	chr9	90581228	90581549	LTR/ERVL-MaLR	1146	-	160	90581388	4647
chr9	90576741	90776741	harbor2	chr9	90588694	90589095	LTR/ERVL-MaLR	2033	-	200	90588894	12153
chr9	90576741	90776741	harbor2	chr9	90603983	90604357	LTR/ERVL-MaLR	912	-	187	90604170	27429
chr9	90576741	90776741	harbor2	chr9	90615553	90615910	LTR/ERVL-MaLR	809	-	178	90615731	38990
chr9	90576741	90776741	harbor2	chr9	90653165	90653516	LTR/ERVL-MaLR	2516	-	176	90653341	76600
chr9	36479068	36679068	harbor2	chr9	36494979	36495297	LTR/ERVL-MaLR	817	-	159	36495138	16070
chr9	36479068	36679068	harbor2	chr9	36496072	36496150	LTR/ERVL-MaLR	817	-	39	36496111	17043
chr9	36479068	36679068	harbor2	chr9	36500001	36500426	LTR/ERVL-MaLR	2104	-	212	36500213	21145
chr9	124666645	124866645	harbor2	chr9	124735705	124735998	LTR/ERVL-MaLR	1374	-	146	124735851	69206
chr9	62277627	62477627	harbor2	chr9	62280727	62281112	LTR/ERVL-MaLR	1380	-	192	62280919	3292
chr9	62277627	62477627	harbor2	chr9	62285156	62285514	LTR/ERVL-MaLR	1933	-	179	62285335	7708
chr9	62277627	62477627	harbor2	chr9	62285515	62287058	LTR/ERVL-MaLR	10594	-	772	62286287	8660
chr9	62277627	62477627	harbor2	chr9	62287059	62287420	LTR/ERVL-MaLR	1929	-	180	62287239	9612
chr9	62277627	62477627	harbor2	chr9	62295978	62296520	LTR/ERVL-MaLR	1189	-	271	62296249	18622
chr9	62277627	62477627	harbor2	chr9	62299206	62299603	LTR/ERVL-MaLR	928	-	198	62299404	21777
chr9	62277627	62477627	harbor2	chr9	62339911	62340256	LTR/ERVL-MaLR	1012	-	172	62340083	62456
chr9	62277627	62477627	harbor2	chr9	62342538	62342779	LTR/ERVL-MaLR	569	-	120	62342658	65031
chr9	62277627	62477627	harbor2	chr9	62345072	62345411	LTR/ERVL-MaLR	1289	-	170	62345242	67615
chr9	88732292	88932292	harbor2	chr9	88736986	88737533	LTR/ERVL-MaLR	2907	-	274	88737260	4968
chr9	88732292	88932292	harbor2	chr9	88796116	88796478	LTR/ERVL-MaLR	2798	-	181	88796297	64005
chr9	135195852	135395852	harbor2	chr9	135200312	135200676	LTR/ERVL-MaLR	2624	-	182	135200494	4642
chr9	135195852	135395852	harbor2	chr9	135204452	135205027	LTR/ERVL-MaLR	1590	-	288	135204740	8888
chr9	135195852	135395852	harbor2	chr9	135234695	135235072	LTR/ERVL-MaLR	1846	-	188	135234883	39031
chr9	135195852	135395852	harbor2	chr9	135236802	135236920	LTR/ERVL-MaLR	516	-	59	135236861	41009
chr9	135195852	135395852	harbor2	chr9	135236921	135237074	LTR/ERVL-MaLR	651	-	76	135236997	41145
chr9	135195852	135395852	harbor2	chr9	135245546	135245940	LTR/ERVL-MaLR	828	-	197	135245743	49891
chr9	135195852	135395852	harbor2	chr9	135276728	135277017	LTR/ERVL-MaLR	680	-	144	135276872	81020
chr9	86121897	86321897	harbor2	chr9	86130903	86131402	LTR/ERVL-MaLR	2348	-	250	86131153	9256
chr9	86121897	86321897	harbor2	chr9	86178530	86178911	LTR/ERVL-MaLR	1906	-	190	86178720	56823
chr9	86121897	86321897	harbor2	chr9	86185250	86185563	LTR/ERVL-MaLR	459	-	156	86185406	63509
chr9	86121897	86321897	harbor2	chr9	86203050	86203141	LTR/ERVL-MaLR	411	-	46	86203096	81199
chr9	86121897	86321897	harbor2	chr9	86217069	86217605	LTR/ERVL-MaLR	2612	-	268	86217337	95440
chr9	133603394	133803394	harbor2	chr9	133624448	133624831	LTR/ERVL-MaLR	2354	-	192	133624640	21246
chr9	133603394	133803394	harbor2	chr9	133624834	133626626	LTR/ERVL-MaLR	11273	-	896	133625730	22336
chr9	133603394	133803394	harbor2	chr9	133626628	133626890	LTR/ERVL-MaLR	1284	-	131	133626759	23365
chr9	133603394	133803394	harbor2	chr9	133626891	133627247	LTR/ERVL-MaLR	2543	-	178	133627069	23675
chr9	133603394	133803394	harbor2	chr9	133630572	133630998	LTR/ERVL-MaLR	1329	-	213	133630785	27391
chr9	133603394	133803394	harbor2	chr9	133671971	133672415	LTR/ERVL-MaLR	1021	-	222	133672193	68799
chr9	136850915	137050915	harbor2	chr9	136906261	136906619	LTR/ERVL-MaLR	2552	-	179	136906440	55525
chr9	84229887	84429887	harbor2	chr9	84236646	84237121	LTR/ERVL-MaLR	1744	-	238	84236884	6997
chr9	84229887	84429887	harbor2	chr9	84264287	84264768	LTR/ERVL-MaLR	1800	-	240	84264527	34640
chr9	108580134	108780134	harbor2	chr9	108585866	108586341	LTR/ERVL-MaLR	609	-	238	108586104	5970
chr9	108580134	108780134	harbor2	chr9	108593494	108593878	LTR/ERVL-MaLR	2404	-	192	108593686	13552
chr9	108580134	108780134	harbor2	chr9	108639758	108640012	LTR/ERVL-MaLR	439	-	127	108639885	59751
chr9	108580134	108780134	harbor2	chr9	108646092	108646591	LTR/ERVL-MaLR	1014	-	250	108646342	66208
chr9	108580134	108780134	harbor2	chr9	108677979	108678050	LTR/ERVL-MaLR	684	-	36	108678015	97881
chr9	108580134	108780134	harbor2	chr9	108678368	108678672	LTR/ERVL-MaLR	684	-	152	108678520	98386
chr9	106149327	106349327	harbor2	chr9	106158576	106158779	LTR/ERVL-MaLR	847	-	102	106158678	9351
chr9	106149327	106349327	harbor2	chr9	106159084	106159189	LTR/ERVL-MaLR	847	-	52	106159136	9809
chr9	106149327	106349327	harbor2	chr9	106245392	106245913	LTR/ERVL-MaLR	1988	-	260	106245652	96325
chr9	106149327	106349327	harbor2	chr9	106246511	106246582	LTR/ERVL-MaLR	587	-	36	106246547	97220
chr9	106149327	106349327	harbor2	chr9	106246898	106246973	LTR/ERVL-MaLR	587	-	38	106246936	97609
chr9	104951871	105151871	harbor2	chr9	104981927	104982235	LTR/ERVL-MaLR	1020	-	154	104982081	30210
chr9	104951871	105151871	harbor2	chr9	104987236	104987596	LTR/ERVL-MaLR	2001	-	180	104987416	35545
chr9	104951871	105151871	harbor2	chr9	104992996	104993315	LTR/ERVL-MaLR	1321	-	160	104993156	41285
chr9	104951871	105151871	harbor2	chr9	105016073	105016379	LTR/ERVL-MaLR	768	-	153	105016226	64355
chr9	104951871	105151871	harbor2	chr9	105017394	105017456	LTR/ERVL-MaLR	2589	-	31	105017425	65554
chr9	104951871	105151871	harbor2	chr9	105017759	105018161	LTR/ERVL-MaLR	2589	-	201	105017960	66089
chr9	104951871	105151871	harbor2	chr9	105023869	105024092	LTR/ERVL-MaLR	749	-	112	105023981	72110
chr9	104951871	105151871	harbor2	chr9	105040267	105040693	LTR/ERVL-MaLR	1499	-	213	105040480	88609
chr9	104951871	105151871	harbor2	chr9	105050371	105050674	LTR/ERVL-MaLR	647	-	152	105050523	98652
chr9	130479733	130679733	harbor2	chr9	130508255	130508521	LTR/ERVL-MaLR	964	-	133	130508388	28655
chr9	130479733	130679733	harbor2	chr9	130508813	130508830	LTR/ERVL-MaLR	964	-	8	130508821	29088
chr9	130479733	130679733	harbor2	chr9	130522091	130522429	LTR/ERVL-MaLR	1875	-	169	130522260	42527
chr9	130479733	130679733	harbor2	chr9	130529611	130529713	LTR/ERVL-MaLR	527	-	51	130529662	49929
chr9	130479733	130679733	harbor2	chr9	130529822	130530035	LTR/ERVL-MaLR	771	-	106	130529928	50195
chr9	130479733	130679733	harbor2	chr9	130530340	130530538	LTR/ERVL-MaLR	771	-	99	130530439	50706
chr9	130479733	130679733	harbor2	chr9	130530666	130530698	LTR/ERVL-MaLR	550	-	16	130530682	50949
chr9	130479733	130679733	harbor2	chr9	130554992	130555493	LTR/ERVL-MaLR	1906	-	250	130555242	75509
chr9	130479733	130679733	harbor2	chr9	130562545	130562901	LTR/ERVL-MaLR	2636	-	178	130562723	82990
chr9	87457687	87657687	harbor2	chr9	87495172	87495361	LTR/ERVL-MaLR	663	-	94	87495266	37579
chr9	87457687	87657687	harbor2	chr9	87550322	87550734	LTR/ERVL-MaLR	1667	-	206	87550528	92841
chr9	115261594	115461594	harbor2	chr9	115264672	115265106	LTR/ERVL-MaLR	902	-	217	115264889	3295
chr9	115261594	115461594	harbor2	chr9	115282162	115282529	LTR/ERVL-MaLR	1943	-	184	115282346	20752
chr9	115261594	115461594	harbor2	chr9	115306577	115306936	LTR/ERVL-MaLR	2331	-	180	115306757	45163
chr9	115261594	115461594	harbor2	chr9	115336774	115337253	LTR/ERVL-MaLR	1607	-	240	115337014	75420
chr9	115261594	115461594	harbor2	chr9	115346891	115347066	LTR/ERVL-MaLR	1224	-	88	115346979	85385
chr9	115261594	115461594	harbor2	chr9	115347071	115347375	LTR/ERVL-MaLR	11920	-	152	115347223	85629
chr9	115261594	115461594	harbor2	chr9	115347709	115348987	LTR/ERVL-MaLR	11920	-	639	115348348	86754
chr9	115261594	115461594	harbor2	chr9	115348989	115349354	LTR/ERVL-MaLR	2321	-	182	115349171	87577
chr9	107698657	107898657	harbor2	chr9	107747705	107748129	LTR/ERVL-MaLR	429	-	212	107747917	49260
chr9	107698657	107898657	harbor2	chr9	107772100	107772480	LTR/ERVL-MaLR	2040	-	190	107772290	73633
chr9	107698657	107898657	harbor2	chr9	107774125	107774505	LTR/ERVL-MaLR	2229	-	190	107774315	75658
chr9	107698657	107898657	harbor2	chr9	107796564	107796904	LTR/ERVL-MaLR	2494	-	170	107796734	98077
chr9	107698657	107898657	harbor2	chr9	107797313	107797666	LTR/ERVL-MaLR	2840	-	176	107797489	98832
chr9	107698657	107898657	harbor2	chr9	107798149	107798539	LTR/ERVL-MaLR	1448	-	195	107798344	99687
chr9	107698657	107898657	harbor2	chr9	107772481	107774124	LTR/ERVL-MaLR	11008	-	822	107773303	74646
chr9	117958419	118158419	harbor2	chr9	117968915	117969288	LTR/ERVL-MaLR	2022	-	186	117969101	10682
chr9	117958419	118158419	harbor2	chr9	117989013	117989336	LTR/ERVL-MaLR	1481	-	162	117989175	30756
chr9	117958419	118158419	harbor2	chr9	118011467	118011698	LTR/ERVL-MaLR	526	-	116	118011583	53164
chr9	117958419	118158419	harbor2	chr9	118053323	118053727	LTR/ERVL-MaLR	1004	-	202	118053525	95106
chr9	117958419	118158419	harbor2	chr9	118030239	118030603	LTR/ERVL-MaLR	2069	-	182	118030421	72002
chr9	75534965	75734965	harbor2	chr9	75554810	75555190	LTR/ERVL-MaLR	2140	-	190	75555000	20035
chr9	75534965	75734965	harbor2	chr9	75562172	75562546	LTR/ERVL-MaLR	1946	-	187	75562359	27394
chr9	75534965	75734965	harbor2	chr9	75579523	75579690	LTR/ERVL-MaLR	1103	-	84	75579607	44642
chr9	75534965	75734965	harbor2	chr9	75582926	75583403	LTR/ERVL-MaLR	468	-	238	75583164	48199
chr9	75534965	75734965	harbor2	chr9	75583811	75584184	LTR/ERVL-MaLR	2176	-	186	75583997	49032
chr9	75534965	75734965	harbor2	chr9	75617766	75618219	LTR/ERVL-MaLR	2111	-	226	75617992	83027
chr9	95889036	96089036	harbor2	chr9	95956488	95956857	LTR/ERVL-MaLR	2340	-	184	95956672	67636
chr9	95889036	96089036	harbor2	chr9	95961720	95962073	LTR/ERVL-MaLR	2207	-	176	95961896	72860
chr9	95889036	96089036	harbor2	chr9	95973413	95973773	LTR/ERVL-MaLR	2370	-	180	95973593	84557
chr9	95889036	96089036	harbor2	chr9	95986199	95986447	LTR/ERVL-MaLR	463	-	124	95986323	97287
chr9	95889036	96089036	harbor2	chr9	95986819	95987182	LTR/ERVL-MaLR	2070	-	182	95987001	97965
chr9	95889036	96089036	harbor2	chr9	95987183	95988163	LTR/ERVL-MaLR	7148	-	490	95987673	98637
chr9	129541432	129741432	harbor2	chr9	129541289	129541594	LTR/ERVL-MaLR	875	-	152	129541441	9
chr9	129541432	129741432	harbor2	chr9	129552404	129552618	LTR/ERVL-MaLR	1822	-	107	129552511	11079
chr9	129541432	129741432	harbor2	chr9	129552940	129553086	LTR/ERVL-MaLR	1822	-	73	129553013	11581
chr9	129541432	129741432	harbor2	chr9	129554696	129554806	LTR/ERVL-MaLR	403	-	55	129554751	13319
chr9	129541432	129741432	harbor2	chr9	129574060	129574417	LTR/ERVL-MaLR	2451	-	178	129574238	32806
chr9	129541432	129741432	harbor2	chr9	129574717	129574770	LTR/ERVL-MaLR	2451	-	26	129574743	33311
chr9	129541432	129741432	harbor2	chr9	129580518	129580827	LTR/ERVL-MaLR	793	-	154	129580672	39240
chr9	129541432	129741432	harbor2	chr9	129607905	129608122	LTR/ERVL-MaLR	1480	-	108	129608013	66581
chr9	129541432	129741432	harbor2	chr9	129608433	129608584	LTR/ERVL-MaLR	1480	-	76	129608509	67077
chr9	80730528	80930528	harbor2	chr9	80753078	80753500	LTR/ERVL-MaLR	1555	-	211	80753289	22761
chr9	80730528	80930528	harbor2	chr9	80756822	80757224	LTR/ERVL-MaLR	2278	-	201	80757023	26495
chr9	80730528	80930528	harbor2	chr9	80767478	80767855	LTR/ERVL-MaLR	2208	-	188	80767666	37138
chr9	134607339	134807339	harbor2	chr9	134628420	134628846	LTR/ERVL-MaLR	810	-	213	134628633	21294
chr9	134607339	134807339	harbor2	chr9	134630153	134630497	LTR/ERVL-MaLR	646	-	172	134630325	22986
chr9	134607339	134807339	harbor2	chr9	134675533	134676028	LTR/ERVL-MaLR	1189	-	248	134675781	68442
chr9	134607339	134807339	harbor2	chr9	134689486	134689749	LTR/ERVL-MaLR	547	-	132	134689618	82279
chr9	128211085	128411085	harbor2	chr9	128283605	128283842	LTR/ERVL-MaLR	906	-	118	128283723	72638
chr9	128211085	128411085	harbor2	chr9	128284003	128284015	LTR/ERVL-MaLR	906	-	6	128284009	72924
chr9	128211085	128411085	harbor2	chr9	128284309	128284449	LTR/ERVL-MaLR	906	-	70	128284379	73294
chr9	134331196	134531196	harbor2	chr9	134421143	134421572	LTR/ERVL-MaLR	1328	-	214	134421357	90161
chr9	134331196	134531196	harbor2	chr9	134423534	134423622	LTR/ERVL-MaLR	401	-	44	134423578	92382
chr9	126094804	126294804	harbor2	chr9	126098046	126098525	LTR/ERVL-MaLR	1171	-	240	126098286	3482
chr9	126094804	126294804	harbor2	chr9	126098851	126098944	LTR/ERVL-MaLR	1171	-	46	126098897	4093
chr9	126094804	126294804	harbor2	chr9	126132625	126133072	LTR/ERVL-MaLR	891	-	224	126132849	38045
chr9	126094804	126294804	harbor2	chr9	126136218	126136540	LTR/ERVL-MaLR	1264	-	161	126136379	41575
chr9	126094804	126294804	harbor2	chr9	126175966	126176326	LTR/ERVL-MaLR	2687	-	180	126176146	81342
chr9	131178330	131378330	harbor2	chr9	131207196	131207728	LTR/ERVL-MaLR	2088	-	266	131207462	29132
chr9	94340555	94540555	harbor2	chr9	94378147	94378399	LTR/ERVL-MaLR	1922	-	126	94378273	37718
chr9	94340555	94540555	harbor2	chr9	94378624	94378804	LTR/ERVL-MaLR	1922	-	90	94378714	38159
chr9	94340555	94540555	harbor2	chr9	94395422	94395786	LTR/ERVL-MaLR	749	-	182	94395604	55049
chr9	94340555	94540555	harbor2	chr9	94401573	94401717	LTR/ERVL-MaLR	567	-	72	94401645	61090
chr9	94340555	94540555	harbor2	chr9	94402264	94402316	LTR/ERVL-MaLR	567	-	26	94402290	61735
chr9	94340555	94540555	harbor2	chr9	94413684	94414178	LTR/ERVL-MaLR	505	-	247	94413931	73376
chr9	92859681	93059681	harbor2	chr9	92867941	92868064	LTR/ERVL-MaLR	585	-	62	92868003	8322
chr9	92859681	93059681	harbor2	chr9	92868065	92868191	LTR/ERVL-MaLR	526	-	63	92868128	8447
chr9	92859681	93059681	harbor2	chr9	92868480	92868892	LTR/ERVL-MaLR	2437	-	206	92868686	9005
chr9	92859681	93059681	harbor2	chr9	92869022	92869079	LTR/ERVL-MaLR	2277	-	28	92869050	9369
chr9	92859681	93059681	harbor2	chr9	92888421	92888596	LTR/ERVL-MaLR	882	-	88	92888509	28828
chr9	92859681	93059681	harbor2	chr9	92888768	92888997	LTR/ERVL-MaLR	704	-	114	92888882	29201
chr9	92859681	93059681	harbor2	chr9	92889484	92889827	LTR/ERVL-MaLR	1454	-	172	92889656	29975
chr9	92859681	93059681	harbor2	chr9	92890065	92891628	LTR/ERVL-MaLR	6421	-	782	92890847	31166
chr9	92859681	93059681	harbor2	chr9	92891794	92892087	LTR/ERVL-MaLR	1198	-	146	92891940	32259
chr9	92859681	93059681	harbor2	chr9	92892301	92892434	LTR/ERVL-MaLR	399	-	66	92892367	32686
chr9	92859681	93059681	harbor2	chr9	92892435	92892679	LTR/ERVL-MaLR	1281	-	122	92892557	32876
chr9	92859681	93059681	harbor2	chr9	92892677	92892924	LTR/ERVL-MaLR	1395	-	124	92892801	33120
chr9	92859681	93059681	harbor2	chr9	92892942	92893300	LTR/ERVL-MaLR	1503	-	179	92893121	33440
chr9	92859681	93059681	harbor2	chr9	92934290	92934637	LTR/ERVL-MaLR	625	-	174	92934464	74783
chr9	93579957	93779957	harbor2	chr9	93632399	93632758	LTR/ERVL-MaLR	2168	-	180	93632579	52622
chr9	136584963	136784963	harbor2	chr9	136615319	136615641	LTR/ERVL-MaLR	919	-	161	136615480	30517
chr9	136584963	136784963	harbor2	chr9	136643586	136643733	LTR/ERVL-MaLR	450	-	74	136643660	58697
chr9	123046876	123246876	harbor2	chr9	123074807	123075054	LTR/ERVL-MaLR	718	-	124	123074931	28055
chr9	116973115	117173115	harbor2	chr9	117009783	117009987	LTR/ERVL-MaLR	480	-	102	117009885	36770
chr9	112543059	112743059	harbor2	chr9	112555454	112555792	LTR/ERVL-MaLR	1432	-	169	112555623	12564
chr9	112543059	112743059	harbor2	chr9	112556090	112556163	LTR/ERVL-MaLR	1432	-	36	112556126	13067
chr9	112543059	112743059	harbor2	chr9	112567242	112567496	LTR/ERVL-MaLR	567	-	127	112567369	24310
chr9	118405048	118605048	harbor2	chr9	118409518	118409682	LTR/ERVL-MaLR	1516	-	82	118409600	4552
chr9	118405048	118605048	harbor2	chr9	118409683	118410070	LTR/ERVL-MaLR	1799	-	194	118409877	4829
chr9	118405048	118605048	harbor2	chr9	118410071	118410286	LTR/ERVL-MaLR	1516	-	108	118410179	5131
chr9	118405048	118605048	harbor2	chr9	118466630	118467053	LTR/ERVL-MaLR	913	-	212	118466842	61794
chr9	92691171	92891171	harbor2	chr9	92705582	92705637	LTR/ERVL-MaLR	1082	-	28	92705610	14439
chr9	92691171	92891171	harbor2	chr9	92705944	92706259	LTR/ERVL-MaLR	1082	-	158	92706102	14931
chr9	92691171	92891171	harbor2	chr9	92706260	92706731	LTR/ERVL-MaLR	2265	-	236	92706496	15325
chr9	92691171	92891171	harbor2	chr9	92706836	92707345	LTR/ERVL-MaLR	1375	-	254	92707090	15919
chr9	92691171	92891171	harbor2	chr9	92707443	92707559	LTR/ERVL-MaLR	633	-	58	92707501	16330
chr9	92691171	92891171	harbor2	chr9	92789711	92789961	LTR/ERVL-MaLR	950	-	125	92789836	98665
chr9	97844110	98044110	harbor2	chr9	97889560	97889890	LTR/ERVL-MaLR	1475	-	165	97889725	45615
chr9	138121201	138321201	harbor2	chr9	138145005	138145119	LTR/ERVL-MaLR	767	-	57	138145062	23861
chr9	138121201	138321201	harbor2	chr9	138145685	138145762	LTR/ERVL-MaLR	767	-	38	138145723	24522
chr9	138121201	138321201	harbor2	chr9	138172668	138172875	LTR/ERVL-MaLR	2551	-	104	138172772	51571
chr9	138121201	138321201	harbor2	chr9	138173156	138173318	LTR/ERVL-MaLR	2551	-	81	138173237	52036
chr9	138121201	138321201	harbor2	chr9	138200797	138201223	LTR/ERVL-MaLR	1243	-	213	138201010	79809
chr9	126344181	126544181	harbor2	chr9	126344664	126345030	LTR/ERVL-MaLR	1790	-	183	126344847	666
chr9	126344181	126544181	harbor2	chr9	126350488	126350817	LTR/ERVL-MaLR	1865	-	164	126350652	6471
chr9	126344181	126544181	harbor2	chr9	126393148	126393692	LTR/ERVL-MaLR	642	-	272	126393420	49239
chr9	126344181	126544181	harbor2	chr9	126442615	126442765	LTR/ERVL-MaLR	489	-	75	126442690	98509
chr9	24234184	24434184	harbor2	chr9	24234598	24234955	LTR/ERVL-MaLR	1823	-	178	24234776	592
chr9	24234184	24434184	harbor2	chr9	24249981	24250351	LTR/ERVL-MaLR	1910	-	185	24250166	15982
chr9	24234184	24434184	harbor2	chr9	24252296	24252665	LTR/ERVL-MaLR	1382	-	184	24252480	18296
chr9	24234184	24434184	harbor2	chr9	24290055	24290419	LTR/ERVL-MaLR	2657	-	182	24290237	56053
chr9	24234184	24434184	harbor2	chr9	24290422	24291979	LTR/ERVL-MaLR	9877	-	778	24291200	57016
chr9	24234184	24434184	harbor2	chr9	24291980	24292343	LTR/ERVL-MaLR	2698	-	182	24292162	57978
chr9	24234184	24434184	harbor2	chr9	24311905	24312275	LTR/ERVL-MaLR	1796	-	185	24312090	77906
chr9	24234184	24434184	harbor2	chr9	24316849	24317213	LTR/ERVL-MaLR	2108	-	182	24317031	82847
chr9	24234184	24434184	harbor2	chr9	24319689	24320090	LTR/ERVL-MaLR	2274	-	200	24319889	85705
chr9	24234184	24434184	harbor2	chr9	24320102	24321722	LTR/ERVL-MaLR	8218	-	810	24320912	86728
chr9	24234184	24434184	harbor2	chr9	24321723	24322124	LTR/ERVL-MaLR	1528	-	200	24321923	87739
chr9	137462800	137662800	harbor2	chr9	137472972	137473260	LTR/ERVL-MaLR	1954	-	144	137473116	10316
chr9	130027485	130227485	harbor2	chr9	130027531	130027975	LTR/ERVL-MaLR	1577	-	222	130027753	268
chr9	130027485	130227485	harbor2	chr9	130028070	130028255	LTR/ERVL-MaLR	861	-	92	130028162	677
chr9	130027485	130227485	harbor2	chr9	130078487	130078735	LTR/ERVL-MaLR	512	-	124	130078611	51126
chr9	130027485	130227485	harbor2	chr9	130081896	130082260	LTR/ERVL-MaLR	2179	-	182	130082078	54593
chr9	130027485	130227485	harbor2	chr9	130103802	130104274	LTR/ERVL-MaLR	798	-	236	130104038	76553
chr9	133386044	133586044	harbor2	chr9	133415997	133416363	LTR/ERVL-MaLR	1826	-	183	133416180	30136
chr9	101831259	102031259	harbor2	chr9	101836206	101836586	LTR/ERVL-MaLR	774	-	190	101836396	5137
chr9	101831259	102031259	harbor2	chr9	101869789	101870332	LTR/ERVL-MaLR	1703	-	272	101870061	38802
chr9	101831259	102031259	harbor2	chr9	101874337	101874777	LTR/ERVL-MaLR	1733	-	220	101874557	43298
chr9	101831259	102031259	harbor2	chr9	101879571	101879959	LTR/ERVL-MaLR	1716	-	194	101879765	48506
chr9	101831259	102031259	harbor2	chr9	101891355	101891775	LTR/ERVL-MaLR	2442	-	210	101891565	60306
chr9	128312963	128512963	harbor2	chr9	128358029	128358166	LTR/ERVL-MaLR	393	-	68	128358097	45134
chr9	128312963	128512963	harbor2	chr9	128358799	128359111	LTR/ERVL-MaLR	872	-	156	128358955	45992
chr9	35779188	35979188	harbor2	chr9	35863544	35863730	LTR/ERVL-MaLR	532	-	93	35863637	84449
chr9	103847919	104047919	harbor2	chr9	103853067	103853436	LTR/ERVL-MaLR	2100	-	184	103853251	5332
chr9	103847919	104047919	harbor2	chr9	103871675	103872159	LTR/ERVL-MaLR	701	-	242	103871917	23998
chr9	103847919	104047919	harbor2	chr9	103877601	103877926	LTR/ERVL-MaLR	1430	-	162	103877763	29844
chr9	103847919	104047919	harbor2	chr9	103882388	103882891	LTR/ERVL-MaLR	1504	-	252	103882640	34721
chr9	103847919	104047919	harbor2	chr9	103946586	103946999	LTR/ERVL-MaLR	2139	-	206	103946792	98873
chr9	126572782	126772782	harbor2	chr9	126572667	126573068	LTR/ERVL-MaLR	1951	-	200	126572867	85
chr9	126572782	126772782	harbor2	chr9	126590938	126591441	LTR/ERVL-MaLR	1030	-	252	126591190	18408
chr9	126572782	126772782	harbor2	chr9	126599096	126599483	LTR/ERVL-MaLR	2272	-	194	126599290	26508
chr9	95314538	95514538	harbor2	chr9	95335219	95335696	LTR/ERVL-MaLR	1707	-	238	95335457	20919
chr9	95314538	95514538	harbor2	chr9	95338957	95339279	LTR/ERVL-MaLR	1720	-	161	95339118	24580
chr9	95314538	95514538	harbor2	chr9	95346661	95347157	LTR/ERVL-MaLR	1612	-	248	95346909	32371
chr9	95314538	95514538	harbor2	chr9	95369329	95369761	LTR/ERVL-MaLR	853	-	216	95369545	55007
chr9	95314538	95514538	harbor2	chr9	95384697	95384766	LTR/ERVL-MaLR	1702	-	34	95384731	70193
chr9	95314538	95514538	harbor2	chr9	95385078	95385388	LTR/ERVL-MaLR	1702	-	155	95385233	70695
chr9	102450618	102650618	harbor2	chr9	102470534	102470913	LTR/ERVL-MaLR	2079	-	190	102470724	20106
chr9	102450618	102650618	harbor2	chr9	102471220	102471272	LTR/ERVL-MaLR	2079	-	26	102471246	20628
chr9	102450618	102650618	harbor2	chr9	102492944	102493337	LTR/ERVL-MaLR	1740	-	196	102493140	42522
chr9	102450618	102650618	harbor2	chr9	102528794	102529194	LTR/ERVL-MaLR	1571	-	200	102528994	78376
chr9	135185950	135385950	harbor2	chr9	135191003	135191314	LTR/ERVL-MaLR	894	-	156	135191159	5209
chr9	135185950	135385950	harbor2	chr9	135200312	135200676	LTR/ERVL-MaLR	2624	-	182	135200494	14544
chr9	135185950	135385950	harbor2	chr9	135204452	135205027	LTR/ERVL-MaLR	1590	-	288	135204740	18790
chr9	135185950	135385950	harbor2	chr9	135234695	135235072	LTR/ERVL-MaLR	1846	-	188	135234883	48933
chr9	135185950	135385950	harbor2	chr9	135236802	135236920	LTR/ERVL-MaLR	516	-	59	135236861	50911
chr9	135185950	135385950	harbor2	chr9	135236921	135237074	LTR/ERVL-MaLR	651	-	76	135236997	51047
chr9	135185950	135385950	harbor2	chr9	135245546	135245940	LTR/ERVL-MaLR	828	-	197	135245743	59793
chr9	135185950	135385950	harbor2	chr9	135276728	135277017	LTR/ERVL-MaLR	680	-	144	135276872	90922
chr9	135477654	135677654	harbor2	chr9	135536921	135537316	LTR/ERVL-MaLR	1608	-	198	135537119	59465
chr9	125107518	125307518	harbor2	chr9	125119635	125120197	LTR/ERVL-MaLR	1913	-	281	125119916	12398
chr9	125107518	125307518	harbor2	chr9	125126110	125126339	LTR/ERVL-MaLR	649	-	114	125126224	18706
chr9	125107518	125307518	harbor2	chr9	125126597	125126799	LTR/ERVL-MaLR	737	-	101	125126698	19180
chr9	96569508	96769508	harbor2	chr9	96602405	96602745	LTR/ERVL-MaLR	2343	-	170	96602575	33067
chr9	96569508	96769508	harbor2	chr9	96669191	96669512	LTR/ERVL-MaLR	1984	-	160	96669351	99843
chr9	68654845	68854845	harbor2	chr9	68666250	68666554	LTR/ERVL-MaLR	1266	-	152	68666402	11557
chr9	68654845	68854845	harbor2	chr9	68666894	68666953	LTR/ERVL-MaLR	1266	-	30	68666924	12079
chr9	68654845	68854845	harbor2	chr9	68677531	68677695	LTR/ERVL-MaLR	440	-	82	68677613	22768
chr9	68654845	68854845	harbor2	chr9	68677989	68678151	LTR/ERVL-MaLR	440	-	81	68678070	23225
chr9	68654845	68854845	harbor2	chr9	68702524	68702858	LTR/ERVL-MaLR	723	-	167	68702691	47846
chr9	68654845	68854845	harbor2	chr9	68717418	68717736	LTR/ERVL-MaLR	1251	-	159	68717577	62732
chr9	68654845	68854845	harbor2	chr9	68728149	68728532	LTR/ERVL-MaLR	1939	-	192	68728341	73496
chr9	68654845	68854845	harbor2	chr9	68736450	68736916	LTR/ERVL-MaLR	2387	-	233	68736683	81838
chr9	127783022	127983022	harbor2	chr9	127791107	127791346	LTR/ERVL-MaLR	1241	-	120	127791227	8205
chr9	127783022	127983022	harbor2	chr9	127791644	127791804	LTR/ERVL-MaLR	1241	-	80	127791724	8702
chr9	111379637	111579637	harbor2	chr9	111461710	111462076	LTR/ERVL-MaLR	2077	-	183	111461893	82256
chr9	134440292	134640292	harbor2	chr9	134450681	134450988	LTR/ERVL-MaLR	1272	-	154	134450835	10543
chr9	134440292	134640292	harbor2	chr9	134461511	134461912	LTR/ERVL-MaLR	1175	-	200	134461711	21419
chr9	134440292	134640292	harbor2	chr9	134479286	134479619	LTR/ERVL-MaLR	816	-	166	134479452	39160
chr9	134440292	134640292	harbor2	chr9	134479625	134479826	LTR/ERVL-MaLR	458	-	100	134479725	39433
chr9	134440292	134640292	harbor2	chr9	134480298	134480658	LTR/ERVL-MaLR	1153	-	180	134480478	40186
chr9	134440292	134640292	harbor2	chr9	134481432	134481597	LTR/ERVL-MaLR	702	-	82	134481514	41222
chr9	134440292	134640292	harbor2	chr9	134481603	134482173	LTR/ERVL-MaLR	945	-	285	134481888	41596
chr9	134440292	134640292	harbor2	chr9	134512191	134512596	LTR/ERVL-MaLR	1270	-	202	134512393	72101
chr9	134440292	134640292	harbor2	chr9	134530361	134530830	LTR/ERVL-MaLR	1409	-	234	134530595	90303
chr9	134440292	134640292	harbor2	chr9	134535187	134535599	LTR/ERVL-MaLR	1338	-	206	134535393	95101
chr9	63210422	63410422	harbor2	chr9	63286401	63286620	LTR/ERVL-MaLR	465	-	110	63286511	76089
chr9	63210422	63410422	harbor2	chr9	63286707	63286873	LTR/ERVL-MaLR	428	-	83	63286790	76368
chr9	63210422	63410422	harbor2	chr9	63287007	63287416	LTR/ERVL-MaLR	736	-	204	63287211	76789
chr9	63210422	63410422	harbor2	chr9	63292992	63293453	LTR/ERVL-MaLR	2156	-	230	63293222	82800
chr9	115540471	115740471	harbor2	chr9	115555363	115555719	LTR/ERVL-MaLR	2194	-	178	115555541	15070
chr9	115540471	115740471	harbor2	chr9	115557343	115557699	LTR/ERVL-MaLR	2080	-	178	115557521	17050
chr9	115540471	115740471	harbor2	chr9	115564821	115565131	LTR/ERVL-MaLR	1594	-	155	115564976	24505
chr9	115540471	115740471	harbor2	chr9	115565132	115565291	LTR/ERVL-MaLR	1114	-	80	115565212	24741
chr9	115540471	115740471	harbor2	chr9	115565280	115565371	LTR/ERVL-MaLR	547	-	46	115565326	24855
chr9	115540471	115740471	harbor2	chr9	115565372	115565733	LTR/ERVL-MaLR	1997	-	180	115565552	25081
chr9	115540471	115740471	harbor2	chr9	115618632	115618985	LTR/ERVL-MaLR	2611	-	176	115618808	78337
chr9	115540471	115740471	harbor2	chr9	115618986	115620558	LTR/ERVL-MaLR	11526	-	786	115619772	79301
chr9	115540471	115740471	harbor2	chr9	115620559	115620912	LTR/ERVL-MaLR	2769	-	176	115620735	80264
chr9	115540471	115740471	harbor2	chr9	115555721	115557342	LTR/ERVL-MaLR	10802	-	810	115556531	16060
chr9	115540471	115740471	harbor2	chr9	115621628	115621989	LTR/ERVL-MaLR	2005	-	180	115621808	81337
chr9	42008266	42208266	harbor2	chr9	42032698	42033050	LTR/ERVL-MaLR	1422	-	176	42032874	24608
chr9	42008266	42208266	harbor2	chr9	42064239	42064403	LTR/ERVL-MaLR	754	-	82	42064321	56055
chr9	42008266	42208266	harbor2	chr9	42074901	42075338	LTR/ERVL-MaLR	1390	-	218	42075119	66853
chr9	42008266	42208266	harbor2	chr9	42085994	42086354	LTR/ERVL-MaLR	2100	-	180	42086174	77908
chr9	117999149	118199149	harbor2	chr9	118011467	118011698	LTR/ERVL-MaLR	526	-	116	118011583	12434
chr9	117999149	118199149	harbor2	chr9	118053323	118053727	LTR/ERVL-MaLR	1004	-	202	118053525	54376
chr9	117999149	118199149	harbor2	chr9	118086372	118086722	LTR/ERVL-MaLR	790	-	175	118086547	87398
chr9	117999149	118199149	harbor2	chr9	118030239	118030603	LTR/ERVL-MaLR	2069	-	182	118030421	31272
chr9	105036724	105236724	harbor2	chr9	105040267	105040693	LTR/ERVL-MaLR	1499	-	213	105040480	3756
chr9	105036724	105236724	harbor2	chr9	105050371	105050674	LTR/ERVL-MaLR	647	-	152	105050523	13799
chr9	105036724	105236724	harbor2	chr9	105105687	105105735	LTR/ERVL-MaLR	2057	-	24	105105711	68987
chr9	105036724	105236724	harbor2	chr9	105106033	105106054	LTR/ERVL-MaLR	2057	-	10	105106043	69319
chr9	105036724	105236724	harbor2	chr9	105106360	105106723	LTR/ERVL-MaLR	2057	-	182	105106542	69818
chr9	105036724	105236724	harbor2	chr9	105111749	105111815	LTR/ERVL-MaLR	1076	-	33	105111782	75058
chr9	105036724	105236724	harbor2	chr9	105112118	105112422	LTR/ERVL-MaLR	1076	-	152	105112270	75546
chr9	105036724	105236724	harbor2	chr9	105121105	105121170	LTR/ERVL-MaLR	873	-	32	105121137	84413
chr9	105036724	105236724	harbor2	chr9	105121479	105121650	LTR/ERVL-MaLR	873	-	86	105121565	84841
chr9	105036724	105236724	harbor2	chr9	105122218	105122352	LTR/ERVL-MaLR	592	-	67	105122285	85561
chr9	65953297	66153297	harbor2	chr9	65954557	65954899	LTR/ERVL-MaLR	2018	-	171	65954728	1431
chr9	65953297	66153297	harbor2	chr9	65954905	65956069	LTR/ERVL-MaLR	7839	-	582	65955487	2190
chr9	65953297	66153297	harbor2	chr9	65956228	65956631	LTR/ERVL-MaLR	7839	-	202	65956430	3133
chr9	65953297	66153297	harbor2	chr9	65956634	65956975	LTR/ERVL-MaLR	2026	-	170	65956804	3507
chr9	65953297	66153297	harbor2	chr9	65994855	65995195	LTR/ERVL-MaLR	1213	-	170	65995025	41728
chr9	65953297	66153297	harbor2	chr9	66000867	66001228	LTR/ERVL-MaLR	2276	-	180	66001047	47750
chr9	65953297	66153297	harbor2	chr9	66001446	66001623	LTR/ERVL-MaLR	420	-	88	66001534	48237
chr9	65953297	66153297	harbor2	chr9	66039587	66039888	LTR/ERVL-MaLR	1327	-	150	66039737	86440
chr9	65953297	66153297	harbor2	chr9	66040153	66040274	LTR/ERVL-MaLR	833	-	60	66040213	86916
chr9	65953297	66153297	harbor2	chr9	66046048	66046447	LTR/ERVL-MaLR	834	-	200	66046248	92951
chr9	27892714	28092714	harbor2	chr9	27898692	27898998	LTR/ERVL-MaLR	709	-	153	27898845	6131
chr9	27892714	28092714	harbor2	chr9	27931419	27931792	LTR/ERVL-MaLR	2138	-	186	27931605	38891
chr9	27892714	28092714	harbor2	chr9	27954684	27954765	LTR/ERVL-MaLR	613	-	40	27954724	62010
chr9	27892714	28092714	harbor2	chr9	27967172	27967528	LTR/ERVL-MaLR	838	-	178	27967350	74636
chr9	99796057	99996057	harbor2	chr9	99808597	99809056	LTR/ERVL-MaLR	1334	-	230	99808827	12770
chr9	99796057	99996057	harbor2	chr9	99873823	99874088	LTR/ERVL-MaLR	551	-	132	99873955	77898
chr9	99796057	99996057	harbor2	chr9	99876151	99876531	LTR/ERVL-MaLR	2160	-	190	99876341	80284
chr9	99796057	99996057	harbor2	chr9	99881726	99882291	LTR/ERVL-MaLR	1708	-	282	99882008	85951
chr9	111592584	111792584	harbor2	chr9	111600740	111600857	LTR/ERVL-MaLR	466	-	58	111600798	8214
chr9	111592584	111792584	harbor2	chr9	111600846	111600989	LTR/ERVL-MaLR	835	-	72	111600918	8334
chr9	111592584	111792584	harbor2	chr9	111609571	111609713	LTR/ERVL-MaLR	724	-	71	111609642	17058
chr9	111592584	111792584	harbor2	chr9	111623013	111623400	LTR/ERVL-MaLR	2798	-	194	111623207	30623
chr9	111592584	111792584	harbor2	chr9	111626871	111627173	LTR/ERVL-MaLR	2018	-	151	111627022	34438
chr9	111592584	111792584	harbor2	chr9	111627469	111627623	LTR/ERVL-MaLR	2018	-	77	111627546	34962
chr9	111592584	111792584	harbor2	chr9	111665309	111665720	LTR/ERVL-MaLR	1410	-	206	111665515	72931
chr9	111592584	111792584	harbor2	chr9	111666035	111666128	LTR/ERVL-MaLR	1410	-	46	111666081	73497
chr9	111592584	111792584	harbor2	chr9	111680561	111680952	LTR/ERVL-MaLR	1929	-	196	111680757	88173
chr9	123209294	123409294	harbor2	chr9	123226803	123227151	LTR/ERVL-MaLR	1659	-	174	123226977	17683
chr9	107405664	107605664	harbor2	chr9	107433897	107434154	LTR/ERVL-MaLR	2553	-	128	107434025	28361
chr9	107405664	107605664	harbor2	chr9	107434468	107434626	LTR/ERVL-MaLR	2553	-	79	107434547	28883
chr9	120238344	120438344	harbor2	chr9	120248094	120248560	LTR/ERVL-MaLR	781	-	233	120248327	9983
chr9	120238344	120438344	harbor2	chr9	120254965	120255306	LTR/ERVL-MaLR	2009	-	170	120255135	16791
chr9	120238344	120438344	harbor2	chr9	120279520	120279759	LTR/ERVL-MaLR	448	-	120	120279640	41296
chr9	120238344	120438344	harbor2	chr9	120280555	120280701	LTR/ERVL-MaLR	626	-	73	120280628	42284
chr9	120238344	120438344	harbor2	chr9	120281232	120281405	LTR/ERVL-MaLR	581	-	86	120281318	42974
chr9	120238344	120438344	harbor2	chr9	120285269	120285399	LTR/ERVL-MaLR	441	-	65	120285334	46990
chr9	120238344	120438344	harbor2	chr9	120291758	120291902	LTR/ERVL-MaLR	455	-	72	120291830	53486
chr9	120238344	120438344	harbor2	chr9	120320249	120320625	LTR/ERVL-MaLR	1798	-	188	120320437	82093
chr9	120238344	120438344	harbor2	chr9	120335705	120336050	LTR/ERVL-MaLR	2044	-	172	120335877	97533
chr9	126546276	126746276	harbor2	chr9	126546572	126546773	LTR/ERVL-MaLR	1909	-	100	126546672	396
chr9	126546276	126746276	harbor2	chr9	126547084	126547226	LTR/ERVL-MaLR	1909	-	71	126547155	879
chr9	126546276	126746276	harbor2	chr9	126572667	126573068	LTR/ERVL-MaLR	1951	-	200	126572867	26591
chr9	126546276	126746276	harbor2	chr9	126590938	126591441	LTR/ERVL-MaLR	1030	-	252	126591190	44914
chr9	126546276	126746276	harbor2	chr9	126599096	126599483	LTR/ERVL-MaLR	2272	-	194	126599290	53014
chr9	73473298	73673298	harbor2	chr9	73472956	73473459	LTR/ERVL-MaLR	834	-	252	73473208	90
chr9	73473298	73673298	harbor2	chr9	73473842	73473914	LTR/ERVL-MaLR	761	-	36	73473878	580
chr9	73473298	73673298	harbor2	chr9	73481854	73482084	LTR/ERVL-MaLR	799	-	115	73481969	8671
chr9	73473298	73673298	harbor2	chr9	73559262	73559911	LTR/ERVL-MaLR	2482	-	324	73559586	86288
chr9	73473298	73673298	harbor2	chr9	73565071	73565240	LTR/ERVL-MaLR	414	-	84	73565155	91857
chr9	114369103	114569103	harbor2	chr9	114400487	114400929	LTR/ERVL-MaLR	1737	-	221	114400708	31605
chr9	114369103	114569103	harbor2	chr9	114443217	114443711	LTR/ERVL-MaLR	2087	-	247	114443464	74361
chr9	114369103	114569103	harbor2	chr9	114443779	114444137	LTR/ERVL-MaLR	1769	-	179	114443958	74855
chr9	114369103	114569103	harbor2	chr9	114453047	114453447	LTR/ERVL-MaLR	2460	-	200	114453247	84144
chr9	114369103	114569103	harbor2	chr9	114464282	114464627	LTR/ERVL-MaLR	2329	-	172	114464454	95351
chr9	114369103	114569103	harbor2	chr9	114464873	114465040	LTR/ERVL-MaLR	950	-	84	114464957	95854
chr9	112736080	112936080	harbor2	chr9	112743229	112743481	LTR/ERVL-MaLR	599	-	126	112743355	7275
chr9	112736080	112936080	harbor2	chr9	112752720	112753163	LTR/ERVL-MaLR	1600	-	222	112752942	16862
chr9	112736080	112936080	harbor2	chr9	112755611	112755822	LTR/ERVL-MaLR	808	-	106	112755717	19637
chr9	112736080	112936080	harbor2	chr9	112755846	112755960	LTR/ERVL-MaLR	432	-	57	112755903	19823
chr9	112736080	112936080	harbor2	chr9	112777875	112778270	LTR/ERVL-MaLR	848	-	198	112778073	41993
chr9	112736080	112936080	harbor2	chr9	112778572	112778738	LTR/ERVL-MaLR	848	-	83	112778655	42575
chr9	112736080	112936080	harbor2	chr9	112824545	112824795	LTR/ERVL-MaLR	1290	-	125	112824670	88590
chr9	133812119	134012119	harbor2	chr9	133849537	133849988	LTR/ERVL-MaLR	1299	-	226	133849763	37644
chr9	133812119	134012119	harbor2	chr9	133856579	133856853	LTR/ERVL-MaLR	699	-	137	133856716	44597
chr9	136336970	136536970	harbor2	chr9	136344313	136344630	LTR/ERVL-MaLR	730	-	158	136344471	7501
chr9	102594210	102794210	harbor2	chr9	102624427	102624775	LTR/ERVL-MaLR	1836	-	174	102624601	30391
chr9	102594210	102794210	harbor2	chr9	102624776	102626375	LTR/ERVL-MaLR	10311	-	800	102625576	31366
chr9	102594210	102794210	harbor2	chr9	102626376	102626727	LTR/ERVL-MaLR	2094	-	176	102626552	32342
chr9	102594210	102794210	harbor2	chr9	102635523	102635963	LTR/ERVL-MaLR	2184	-	220	102635743	41533
chr9	102594210	102794210	harbor2	chr9	102654989	102655358	LTR/ERVL-MaLR	2139	-	184	102655173	60963
chr9	102594210	102794210	harbor2	chr9	102684091	102684454	LTR/ERVL-MaLR	1556	-	182	102684273	90063
chr9	102594210	102794210	harbor2	chr9	102691122	102691478	LTR/ERVL-MaLR	1568	-	178	102691300	97090
chr9	102594210	102794210	harbor2	chr9	102612974	102613050	LTR/ERVL-MaLR	396	-	38	102613012	18802
chr9	73622977	73822977	harbor2	chr9	73641293	73641767	LTR/ERVL-MaLR	2365	-	237	73641530	18553
chr9	73622977	73822977	harbor2	chr9	73680775	73681151	LTR/ERVL-MaLR	1254	-	188	73680963	57986
chr9	73622977	73822977	harbor2	chr9	73690019	73690563	LTR/ERVL-MaLR	685	-	272	73690291	67314
chr9	135336313	135536313	harbor2	chr9	135380545	135380647	LTR/ERVL-MaLR	463	-	51	135380596	44283
chr9	135336313	135536313	harbor2	chr9	135382271	135382506	LTR/ERVL-MaLR	403	-	118	135382389	46076
chr9	135336313	135536313	harbor2	chr9	135384326	135384475	LTR/ERVL-MaLR	622	-	74	135384400	48087
chr9	135336313	135536313	harbor2	chr9	135408335	135408535	LTR/ERVL-MaLR	405	-	100	135408435	72122
chr9	135336313	135536313	harbor2	chr9	135413036	135413398	LTR/ERVL-MaLR	695	-	181	135413217	76904
chr9	135336313	135536313	harbor2	chr9	135432129	135432186	LTR/ERVL-MaLR	2276	-	28	135432157	95844
chr9	135336313	135536313	harbor2	chr9	135432477	135432799	LTR/ERVL-MaLR	2276	-	161	135432638	96325
chr9	137395843	137595843	harbor2	chr9	137399599	137399756	LTR/ERVL-MaLR	2681	-	78	137399677	3834
chr9	137395843	137595843	harbor2	chr9	137400054	137400249	LTR/ERVL-MaLR	2681	-	98	137400152	4309
chr9	137395843	137595843	harbor2	chr9	137400250	137400483	LTR/ERVL-MaLR	11849	-	116	137400366	4523
chr9	137395843	137595843	harbor2	chr9	137400779	137401147	LTR/ERVL-MaLR	11849	-	184	137400963	5120
chr9	137395843	137595843	harbor2	chr9	137401455	137402013	LTR/ERVL-MaLR	11849	-	279	137401734	5891
chr9	137395843	137595843	harbor2	chr9	137402314	137402737	LTR/ERVL-MaLR	11849	-	212	137402526	6683
chr9	137395843	137595843	harbor2	chr9	137402738	137403086	LTR/ERVL-MaLR	2525	-	174	137402912	7069
chr9	137395843	137595843	harbor2	chr9	137404058	137404261	LTR/ERVL-MaLR	915	-	102	137404160	8317
chr9	137395843	137595843	harbor2	chr9	137472972	137473260	LTR/ERVL-MaLR	1954	-	144	137473116	77273
chr9	85766630	85966630	harbor2	chr9	85802617	85803032	LTR/ERVL-MaLR	653	-	208	85802825	36195
chr9	95783267	95983267	harbor2	chr9	95786982	95787099	LTR/ERVL-MaLR	396	-	58	95787040	3773
chr9	95783267	95983267	harbor2	chr9	95826455	95826731	LTR/ERVL-MaLR	663	-	138	95826593	43326
chr9	95783267	95983267	harbor2	chr9	95836763	95837140	LTR/ERVL-MaLR	2320	-	188	95836951	53684
chr9	95783267	95983267	harbor2	chr9	95881837	95882381	LTR/ERVL-MaLR	1911	-	272	95882109	98842
chr9	124163345	124363345	harbor2	chr9	124170456	124170684	LTR/ERVL-MaLR	2764	-	114	124170570	7225
chr9	124163345	124363345	harbor2	chr9	124170990	124171188	LTR/ERVL-MaLR	2764	-	99	124171089	7744
chr9	124163345	124363345	harbor2	chr9	124183667	124183984	LTR/ERVL-MaLR	521	-	158	124183825	20480
chr9	124163345	124363345	harbor2	chr9	124195201	124195618	LTR/ERVL-MaLR	2698	-	208	124195409	32064
chr9	124163345	124363345	harbor2	chr9	124197024	124197388	LTR/ERVL-MaLR	741	-	182	124197206	33861
chr9	124163345	124363345	harbor2	chr9	124207486	124207748	LTR/ERVL-MaLR	1047	-	131	124207617	44272
chr9	124163345	124363345	harbor2	chr9	124208094	124208224	LTR/ERVL-MaLR	1047	-	65	124208159	44814
chr9	124163345	124363345	harbor2	chr9	124208551	124208644	LTR/ERVL-MaLR	964	-	46	124208597	45252
chr9	124163345	124363345	harbor2	chr9	124231205	124231621	LTR/ERVL-MaLR	1220	-	208	124231413	68068
chr9	135030113	135230113	harbor2	chr9	135042393	135042775	LTR/ERVL-MaLR	1209	-	191	135042584	12471
chr9	135030113	135230113	harbor2	chr9	135044461	135044683	LTR/ERVL-MaLR	974	-	111	135044572	14459
chr9	135030113	135230113	harbor2	chr9	135055231	135055705	LTR/ERVL-MaLR	1681	-	237	135055468	25355
chr9	135030113	135230113	harbor2	chr9	135062808	135063161	LTR/ERVL-MaLR	2432	-	176	135062984	32871
chr9	135030113	135230113	harbor2	chr9	135063162	135064743	LTR/ERVL-MaLR	12000	-	790	135063952	33839
chr9	135030113	135230113	harbor2	chr9	135064744	135065097	LTR/ERVL-MaLR	2333	-	176	135064920	34807
chr9	135030113	135230113	harbor2	chr9	135113819	135114123	LTR/ERVL-MaLR	820	-	152	135113971	83858
chr9	135030113	135230113	harbor2	chr9	135114415	135114515	LTR/ERVL-MaLR	820	-	50	135114465	84352
chr9	114675553	114875553	harbor2	chr9	114707707	114707847	LTR/ERVL-MaLR	711	-	70	114707777	32224
chr9	114675553	114875553	harbor2	chr9	114715302	114715671	LTR/ERVL-MaLR	1889	-	184	114715486	39933
chr9	114675553	114875553	harbor2	chr9	114715924	114716313	LTR/ERVL-MaLR	2608	-	194	114716118	40565
chr9	114675553	114875553	harbor2	chr9	114728552	114728911	LTR/ERVL-MaLR	2140	-	180	114728732	53179
chr9	114675553	114875553	harbor2	chr9	114739603	114739746	LTR/ERVL-MaLR	586	-	72	114739675	64122
chr9	114675553	114875553	harbor2	chr9	114742274	114742390	LTR/ERVL-MaLR	457	-	58	114742332	66779
chr9	114675553	114875553	harbor2	chr9	114753612	114753792	LTR/ERVL-MaLR	1144	-	90	114753702	78149
chr9	114675553	114875553	harbor2	chr9	114754099	114754243	LTR/ERVL-MaLR	1144	-	72	114754171	78618
chr9	132748336	132948336	harbor2	chr9	132771793	132772149	LTR/ERVL-MaLR	2548	-	178	132771971	23635
chr9	132748336	132948336	harbor2	chr9	132788249	132788463	LTR/ERVL-MaLR	516	-	107	132788356	40020
chr9	132748336	132948336	harbor2	chr9	132789647	132790007	LTR/ERVL-MaLR	938	-	180	132789827	41491
chr9	132748336	132948336	harbor2	chr9	132791054	132791423	LTR/ERVL-MaLR	2346	-	184	132791238	42902
chr9	132748336	132948336	harbor2	chr9	132793071	132793382	LTR/ERVL-MaLR	1620	-	156	132793227	44891
chr9	132748336	132948336	harbor2	chr9	132802932	132803280	LTR/ERVL-MaLR	2678	-	174	132803106	54770
chr9	132748336	132948336	harbor2	chr9	132840118	132840219	LTR/ERVL-MaLR	613	-	50	132840168	91832
chr9	132748336	132948336	harbor2	chr9	132842597	132843108	LTR/ERVL-MaLR	1279	-	256	132842853	94517
chr9	124274319	124474319	harbor2	chr9	124282057	124282438	LTR/ERVL-MaLR	912	-	190	124282247	7928
chr9	124274319	124474319	harbor2	chr9	124343869	124344341	LTR/ERVL-MaLR	1100	-	236	124344105	69786
chr9	117903973	118103973	harbor2	chr9	117911213	117911555	LTR/ERVL-MaLR	1375	-	171	117911384	7411
chr9	117903973	118103973	harbor2	chr9	117932911	117933262	LTR/ERVL-MaLR	1199	-	176	117933087	29114
chr9	117903973	118103973	harbor2	chr9	117968915	117969288	LTR/ERVL-MaLR	2022	-	186	117969101	65128
chr9	117903973	118103973	harbor2	chr9	117989013	117989336	LTR/ERVL-MaLR	1481	-	162	117989175	85202
chr9	138282578	138482578	harbor2	chr9	138301168	138301577	LTR/ERVL-MaLR	1022	-	204	138301372	18794
chr9	138282578	138482578	harbor2	chr9	138305250	138305526	LTR/ERVL-MaLR	969	-	138	138305388	22810
chr9	138282578	138482578	harbor2	chr9	138307809	138308049	LTR/ERVL-MaLR	969	-	120	138307929	25351
chr9	138282578	138482578	harbor2	chr9	138297179	138297668	LTR/ERVL-MaLR	1737	-	244	138297423	14845
chr9	125247298	125447298	harbor2	chr9	125312647	125312828	LTR/ERVL-MaLR	1760	-	90	125312737	65439
chr9	125247298	125447298	harbor2	chr9	125313119	125313278	LTR/ERVL-MaLR	1760	-	80	125313199	65901
chr9	119665161	119865161	harbor2	chr9	119697442	119697804	LTR/ERVL-MaLR	1989	-	181	119697623	32462
chr9	119665161	119865161	harbor2	chr9	119721495	119721652	LTR/ERVL-MaLR	483	-	78	119721573	56412
chr9	119665161	119865161	harbor2	chr9	119685000	119685342	LTR/ERVL-MaLR	1161	-	171	119685171	20010
chr9	97263539	97463539	harbor2	chr9	97263430	97263830	LTR/ERVL-MaLR	2297	-	200	97263630	91
chr9	97263539	97463539	harbor2	chr9	97268115	97268177	LTR/ERVL-MaLR	441	-	31	97268146	4607
chr9	97263539	97463539	harbor2	chr9	97277720	97278250	LTR/ERVL-MaLR	1934	-	265	97277985	14446
chr9	97263539	97463539	harbor2	chr9	97278557	97278621	LTR/ERVL-MaLR	1934	-	32	97278589	15050
chr9	97263539	97463539	harbor2	chr9	97278738	97279244	LTR/ERVL-MaLR	1074	-	253	97278991	15452
chr9	97263539	97463539	harbor2	chr9	97280319	97280724	LTR/ERVL-MaLR	1127	-	202	97280521	16982
chr9	93492769	93692769	harbor2	chr9	93496590	93496780	LTR/ERVL-MaLR	576	-	95	93496685	3916
chr9	93492769	93692769	harbor2	chr9	93513984	93514361	LTR/ERVL-MaLR	2320	-	188	93514172	21403
chr9	79001458	79201458	harbor2	chr9	79010772	79011189	LTR/ERVL-MaLR	1291	-	208	79010980	9522
chr9	79001458	79201458	harbor2	chr9	79020284	79020713	LTR/ERVL-MaLR	1118	-	214	79020498	19040
chr9	79001458	79201458	harbor2	chr9	79021953	79022447	LTR/ERVL-MaLR	2253	-	247	79022200	20742
chr9	79001458	79201458	harbor2	chr9	79030133	79030325	LTR/ERVL-MaLR	467	-	96	79030229	28771
chr9	79001458	79201458	harbor2	chr9	79059642	79059989	LTR/ERVL-MaLR	2331	-	174	79059816	58358
chr9	79001458	79201458	harbor2	chr9	79060235	79060727	LTR/ERVL-MaLR	1639	-	246	79060481	59023
chr9	79001458	79201458	harbor2	chr9	79085781	79086013	LTR/ERVL-MaLR	1067	-	116	79085897	84439
chr9	79001458	79201458	harbor2	chr9	79087965	79088326	LTR/ERVL-MaLR	2140	-	180	79088145	86687
chr9	79001458	79201458	harbor2	chr9	79088327	79089900	LTR/ERVL-MaLR	11390	-	786	79089113	87655
chr9	79001458	79201458	harbor2	chr9	79089901	79090270	LTR/ERVL-MaLR	2067	-	184	79090085	88627
chr9	79001458	79201458	harbor2	chr9	79003586	79003761	LTR/ERVL-MaLR	489	-	88	79003674	2216
chr9	127452094	127652094	harbor2	chr9	127463423	127463739	LTR/ERVL-MaLR	1882	-	158	127463581	11487
chr9	127452094	127652094	harbor2	chr9	127470160	127470515	LTR/ERVL-MaLR	1831	-	178	127470338	18244
chr9	87847032	88047032	harbor2	chr9	87847646	87848009	LTR/ERVL-MaLR	2370	-	182	87847828	796
chr9	87847032	88047032	harbor2	chr9	87849392	87849676	LTR/ERVL-MaLR	528	-	142	87849534	2502
chr9	87847032	88047032	harbor2	chr9	87867615	87867761	LTR/ERVL-MaLR	405	-	73	87867688	20656
chr9	87847032	88047032	harbor2	chr9	87926313	87926529	LTR/ERVL-MaLR	606	-	108	87926421	79389
chr9	87847032	88047032	harbor2	chr9	87926915	87927008	LTR/ERVL-MaLR	467	-	46	87926961	79929
chr9	87847032	88047032	harbor2	chr9	87927009	87927360	LTR/ERVL-MaLR	1533	-	176	87927185	80153
chr9	87847032	88047032	harbor2	chr9	87927556	87929147	LTR/ERVL-MaLR	6362	-	796	87928352	81320
chr9	87847032	88047032	harbor2	chr9	87929321	87929580	LTR/ERVL-MaLR	970	-	130	87929451	82419
chr9	87847032	88047032	harbor2	chr9	87929940	87930035	LTR/ERVL-MaLR	412	-	48	87929988	82956
chr9	87847032	88047032	harbor2	chr9	87930042	87930379	LTR/ERVL-MaLR	1497	-	168	87930210	83178
chr9	87847032	88047032	harbor2	chr9	87930620	87930995	LTR/ERVL-MaLR	1482	-	188	87930808	83776
chr9	135155490	135355490	harbor2	chr9	135173740	135173960	LTR/ERVL-MaLR	1429	-	110	135173850	18360
chr9	135155490	135355490	harbor2	chr9	135173999	135174221	LTR/ERVL-MaLR	1429	-	111	135174110	18620
chr9	135155490	135355490	harbor2	chr9	135191003	135191314	LTR/ERVL-MaLR	894	-	156	135191159	35669
chr9	135155490	135355490	harbor2	chr9	135200312	135200676	LTR/ERVL-MaLR	2624	-	182	135200494	45004
chr9	135155490	135355490	harbor2	chr9	135204452	135205027	LTR/ERVL-MaLR	1590	-	288	135204740	49250
chr9	135155490	135355490	harbor2	chr9	135234695	135235072	LTR/ERVL-MaLR	1846	-	188	135234883	79393
chr9	135155490	135355490	harbor2	chr9	135236802	135236920	LTR/ERVL-MaLR	516	-	59	135236861	81371
chr9	135155490	135355490	harbor2	chr9	135236921	135237074	LTR/ERVL-MaLR	651	-	76	135236997	81507
chr9	135155490	135355490	harbor2	chr9	135245546	135245940	LTR/ERVL-MaLR	828	-	197	135245743	90253
chr9	130773987	130973987	harbor2	chr9	130816569	130816718	LTR/ERVL-MaLR	921	-	74	130816643	42656
chr9	130773987	130973987	harbor2	chr9	130823526	130823864	LTR/ERVL-MaLR	723	-	169	130823695	49708
chr9	135154561	135354561	harbor2	chr9	135173740	135173960	LTR/ERVL-MaLR	1429	-	110	135173850	19289
chr9	135154561	135354561	harbor2	chr9	135173999	135174221	LTR/ERVL-MaLR	1429	-	111	135174110	19549
chr9	135154561	135354561	harbor2	chr9	135191003	135191314	LTR/ERVL-MaLR	894	-	156	135191159	36598
chr9	135154561	135354561	harbor2	chr9	135200312	135200676	LTR/ERVL-MaLR	2624	-	182	135200494	45933
chr9	135154561	135354561	harbor2	chr9	135204452	135205027	LTR/ERVL-MaLR	1590	-	288	135204740	50179
chr9	135154561	135354561	harbor2	chr9	135234695	135235072	LTR/ERVL-MaLR	1846	-	188	135234883	80322
chr9	135154561	135354561	harbor2	chr9	135236802	135236920	LTR/ERVL-MaLR	516	-	59	135236861	82300
chr9	135154561	135354561	harbor2	chr9	135236921	135237074	LTR/ERVL-MaLR	651	-	76	135236997	82436
chr9	135154561	135354561	harbor2	chr9	135245546	135245940	LTR/ERVL-MaLR	828	-	197	135245743	91182
chr9	124166574	124366574	harbor2	chr9	124170456	124170684	LTR/ERVL-MaLR	2764	-	114	124170570	3996
chr9	124166574	124366574	harbor2	chr9	124170990	124171188	LTR/ERVL-MaLR	2764	-	99	124171089	4515
chr9	124166574	124366574	harbor2	chr9	124183667	124183984	LTR/ERVL-MaLR	521	-	158	124183825	17251
chr9	124166574	124366574	harbor2	chr9	124195201	124195618	LTR/ERVL-MaLR	2698	-	208	124195409	28835
chr9	124166574	124366574	harbor2	chr9	124197024	124197388	LTR/ERVL-MaLR	741	-	182	124197206	30632
chr9	124166574	124366574	harbor2	chr9	124207486	124207748	LTR/ERVL-MaLR	1047	-	131	124207617	41043
chr9	124166574	124366574	harbor2	chr9	124208094	124208224	LTR/ERVL-MaLR	1047	-	65	124208159	41585
chr9	124166574	124366574	harbor2	chr9	124208551	124208644	LTR/ERVL-MaLR	964	-	46	124208597	42023
chr9	124166574	124366574	harbor2	chr9	124231205	124231621	LTR/ERVL-MaLR	1220	-	208	124231413	64839
chr9	113241042	113441042	harbor2	chr9	113311269	113311796	LTR/ERVL-MaLR	659	-	264	113311533	70491
chr9	132839864	133039864	harbor2	chr9	132840118	132840219	LTR/ERVL-MaLR	613	-	50	132840168	304
chr9	132839864	133039864	harbor2	chr9	132842597	132843108	LTR/ERVL-MaLR	1279	-	256	132842853	2989
chr9	79641870	79841870	harbor2	chr9	79684671	79684927	LTR/ERVL-MaLR	473	-	128	79684799	42929
chr9	79641870	79841870	harbor2	chr9	79692558	79692905	LTR/ERVL-MaLR	1790	-	174	79692732	50862
chr9	121854484	122054484	harbor2	chr9	121892285	121892632	LTR/ERVL-MaLR	1960	-	174	121892459	37975
chr9	121854484	122054484	harbor2	chr9	121908727	121908982	LTR/ERVL-MaLR	1522	-	128	121908855	54371
chr9	121854484	122054484	harbor2	chr9	121926784	121927157	LTR/ERVL-MaLR	1315	-	186	121926970	72486
chr9	86412780	86612780	harbor2	chr9	86421571	86421686	LTR/ERVL-MaLR	884	-	58	86421629	8849
chr9	86412780	86612780	harbor2	chr9	86421678	86421872	LTR/ERVL-MaLR	939	-	97	86421775	8995
chr9	86412780	86612780	harbor2	chr9	86431165	86431525	LTR/ERVL-MaLR	1565	-	180	86431345	18565
chr9	86412780	86612780	harbor2	chr9	86451586	86451983	LTR/ERVL-MaLR	2030	-	198	86451784	39004
chr9	86412780	86612780	harbor2	chr9	86453001	86453402	LTR/ERVL-MaLR	2018	-	200	86453201	40421
chr9	86412780	86612780	harbor2	chr9	86485282	86485650	LTR/ERVL-MaLR	737	-	184	86485466	72686
chr9	109742329	109942329	harbor2	chr9	109748693	109749081	LTR/ERVL-MaLR	2655	-	194	109748887	6558
chr9	109742329	109942329	harbor2	chr9	109754548	109754897	LTR/ERVL-MaLR	1709	-	174	109754722	12393
chr9	109742329	109942329	harbor2	chr9	109763555	109764055	LTR/ERVL-MaLR	945	-	250	109763805	21476
chr9	109742329	109942329	harbor2	chr9	109767349	109767417	LTR/ERVL-MaLR	393	-	34	109767383	25054
chr9	109742329	109942329	harbor2	chr9	109785459	109785803	LTR/ERVL-MaLR	2360	-	172	109785631	43302
chr9	109742329	109942329	harbor2	chr9	109796524	109796900	LTR/ERVL-MaLR	2235	-	188	109796712	54383
chr9	109742329	109942329	harbor2	chr9	109797921	109798312	LTR/ERVL-MaLR	1750	-	196	109798117	55788
chr9	109742329	109942329	harbor2	chr9	109802575	109802863	LTR/ERVL-MaLR	509	-	144	109802719	60390
chr9	109742329	109942329	harbor2	chr9	109807342	109807565	LTR/ERVL-MaLR	1370	-	112	109807454	65125
chr9	109742329	109942329	harbor2	chr9	109810047	109810149	LTR/ERVL-MaLR	444	-	51	109810098	67769
chr9	109742329	109942329	harbor2	chr9	109822066	109822258	LTR/ERVL-MaLR	475	-	96	109822162	79833
chr9	109742329	109942329	harbor2	chr9	109822320	109822368	LTR/ERVL-MaLR	475	-	24	109822344	80015
chr9	109742329	109942329	harbor2	chr9	109822959	109823081	LTR/ERVL-MaLR	475	-	61	109823020	80691
chr9	101131497	101331497	harbor2	chr9	101155260	101155587	LTR/ERVL-MaLR	1562	-	164	101155424	23927
chr9	101131497	101331497	harbor2	chr9	101155899	101155951	LTR/ERVL-MaLR	1562	-	26	101155925	24428
chr9	101131497	101331497	harbor2	chr9	101167816	101168168	LTR/ERVL-MaLR	2600	-	176	101167992	36495
chr9	101131497	101331497	harbor2	chr9	101170234	101170564	LTR/ERVL-MaLR	2177	-	165	101170399	38902
chr9	101131497	101331497	harbor2	chr9	101194962	101195285	LTR/ERVL-MaLR	819	-	162	101195124	63627
chr9	101131497	101331497	harbor2	chr9	101200918	101201320	LTR/ERVL-MaLR	1551	-	201	101201119	69622
chr9	101131497	101331497	harbor2	chr9	101220750	101220980	LTR/ERVL-MaLR	498	-	115	101220865	89368
chr9	101131497	101331497	harbor2	chr9	101226401	101226742	LTR/ERVL-MaLR	1994	-	170	101226571	95074
chr9	115084853	115284853	harbor2	chr9	115128406	115128607	LTR/ERVL-MaLR	2557	-	100	115128506	43653
chr9	115084853	115284853	harbor2	chr9	115128909	115129090	LTR/ERVL-MaLR	2557	-	90	115128999	44146
chr9	115084853	115284853	harbor2	chr9	115133302	115133652	LTR/ERVL-MaLR	1890	-	175	115133477	48624
chr9	115084853	115284853	harbor2	chr9	115154622	115154955	LTR/ERVL-MaLR	959	-	166	115154788	69935
chr9	115084853	115284853	harbor2	chr9	115165480	115165578	LTR/ERVL-MaLR	495	-	49	115165529	80676
chr9	115084853	115284853	harbor2	chr9	115167578	115167676	LTR/ERVL-MaLR	726	-	49	115167627	82774
chr9	115084853	115284853	harbor2	chr9	115167975	115168156	LTR/ERVL-MaLR	726	-	90	115168065	83212
chr9	115084853	115284853	harbor2	chr9	115169904	115170313	LTR/ERVL-MaLR	1112	-	204	115170108	85255
chr9	126275475	126475475	harbor2	chr9	126303471	126303805	LTR/ERVL-MaLR	871	-	167	126303638	28163
chr9	126275475	126475475	harbor2	chr9	126306848	126307236	LTR/ERVL-MaLR	2286	-	194	126307042	31567
chr9	126275475	126475475	harbor2	chr9	126311170	126311211	LTR/ERVL-MaLR	2713	-	20	126311190	35715
chr9	126275475	126475475	harbor2	chr9	126311515	126311914	LTR/ERVL-MaLR	2713	-	200	126311715	36240
chr9	126275475	126475475	harbor2	chr9	126312419	126312780	LTR/ERVL-MaLR	967	-	180	126312599	37124
chr9	126275475	126475475	harbor2	chr9	126344664	126345030	LTR/ERVL-MaLR	1790	-	183	126344847	69372
chr9	126275475	126475475	harbor2	chr9	126350488	126350817	LTR/ERVL-MaLR	1865	-	164	126350652	75177
chr9	79981518	80181518	harbor2	chr9	79982573	79982924	LTR/ERVL-MaLR	2383	-	176	79982749	1231
chr9	79981518	80181518	harbor2	chr9	79991878	79992232	LTR/ERVL-MaLR	672	-	177	79992055	10537
chr9	79981518	80181518	harbor2	chr9	80029924	80030347	LTR/ERVL-MaLR	858	-	212	80030136	48618
chr9	79981518	80181518	harbor2	chr9	80031836	80032214	LTR/ERVL-MaLR	2172	-	189	80032025	50507
chr9	79981518	80181518	harbor2	chr9	80032215	80033800	LTR/ERVL-MaLR	8290	-	792	80033007	51489
chr9	79981518	80181518	harbor2	chr9	80033801	80034214	LTR/ERVL-MaLR	2290	-	206	80034007	52489
chr9	79981518	80181518	harbor2	chr9	80059996	80060507	LTR/ERVL-MaLR	1598	-	256	80060252	78734
chr9	136664701	136864701	harbor2	chr9	136701795	136701986	LTR/ERVL-MaLR	437	-	96	136701891	37190
chr9	136664701	136864701	harbor2	chr9	136703722	136703904	LTR/ERVL-MaLR	1117	-	91	136703813	39112
chr9	136664701	136864701	harbor2	chr9	136704207	136704300	LTR/ERVL-MaLR	1117	-	46	136704253	39552
chr9	136664701	136864701	harbor2	chr9	136704301	136704506	LTR/ERVL-MaLR	1039	-	102	136704403	39702
chr9	136664701	136864701	harbor2	chr9	136731571	136731871	LTR/ERVL-MaLR	1249	-	150	136731721	67020
chr9	136664701	136864701	harbor2	chr9	136751810	136752192	LTR/ERVL-MaLR	2261	-	191	136752001	87300
chr9	71124876	71324876	harbor2	chr9	71185860	71186277	LTR/ERVL-MaLR	1640	-	208	71186068	61192
chr9	71124876	71324876	harbor2	chr9	71210700	71211087	LTR/ERVL-MaLR	1447	-	194	71210894	86018
chr9	71124876	71324876	harbor2	chr9	71211452	71211912	LTR/ERVL-MaLR	2471	-	230	71211682	86806
chr9	77807952	78007952	harbor2	chr9	77823489	77823869	LTR/ERVL-MaLR	2217	-	190	77823679	15727
chr9	77807952	78007952	harbor2	chr9	77860951	77860990	LTR/ERVL-MaLR	2272	-	20	77860971	53019
chr9	77807952	78007952	harbor2	chr9	77860991	77861342	LTR/ERVL-MaLR	2250	-	176	77861167	53215
chr9	77807952	78007952	harbor2	chr9	77861348	77861720	LTR/ERVL-MaLR	10312	-	186	77861534	53582
chr9	77807952	78007952	harbor2	chr9	77862032	77862897	LTR/ERVL-MaLR	10312	-	432	77862464	54512
chr9	77807952	78007952	harbor2	chr9	77863182	77863625	LTR/ERVL-MaLR	10312	-	222	77863404	55452
chr9	77807952	78007952	harbor2	chr9	77863629	77863982	LTR/ERVL-MaLR	2370	-	176	77863805	55853
chr9	77807952	78007952	harbor2	chr9	77863983	77864376	LTR/ERVL-MaLR	2272	-	196	77864179	56227
chr9	77807952	78007952	harbor2	chr9	77901724	77902083	LTR/ERVL-MaLR	1863	-	180	77901904	93952
chr9	84999112	85199112	harbor2	chr9	85028662	85029018	LTR/ERVL-MaLR	1068	-	178	85028840	29728
chr9	84999112	85199112	harbor2	chr9	85029308	85029495	LTR/ERVL-MaLR	1068	-	94	85029402	30290
chr9	84999112	85199112	harbor2	chr9	85070568	85070988	LTR/ERVL-MaLR	2344	-	210	85070778	71666
chr9	84999112	85199112	harbor2	chr9	85083439	85083800	LTR/ERVL-MaLR	2149	-	180	85083619	84507
chr9	127315677	127515677	harbor2	chr9	127338947	127339015	LTR/ERVL-MaLR	2630	-	34	127338981	23304
chr9	127315677	127515677	harbor2	chr9	127339312	127339608	LTR/ERVL-MaLR	2630	-	148	127339460	23783
chr9	137195461	137395461	harbor2	chr9	137268237	137268303	LTR/ERVL-MaLR	630	-	33	137268270	72809
chr9	137195461	137395461	harbor2	chr9	137268599	137268728	LTR/ERVL-MaLR	630	-	64	137268663	73202
chr9	137195461	137395461	harbor2	chr9	137283633	137283705	LTR/ERVL-MaLR	489	-	36	137283669	88208
chr9	137195461	137395461	harbor2	chr9	137284013	137284084	LTR/ERVL-MaLR	489	-	36	137284049	88588
chr9	123174661	123374661	harbor2	chr9	123226803	123227151	LTR/ERVL-MaLR	1659	-	174	123226977	52316
chr9	135983423	136183423	harbor2	chr9	135984539	135984917	LTR/ERVL-MaLR	709	-	189	135984728	1305
chr9	138195282	138395282	harbor2	chr9	138200797	138201223	LTR/ERVL-MaLR	1243	-	213	138201010	5728
chr9	138195282	138395282	harbor2	chr9	138228473	138228742	LTR/ERVL-MaLR	1101	-	134	138228607	33325
chr9	138195282	138395282	harbor2	chr9	138248138	138248565	LTR/ERVL-MaLR	1427	-	214	138248352	53070
chr9	70361464	70561464	harbor2	chr9	70429215	70429287	LTR/ERVL-MaLR	1568	-	36	70429251	67787
chr9	70361464	70561464	harbor2	chr9	70429866	70430182	LTR/ERVL-MaLR	1568	-	158	70430024	68560
chr9	70361464	70561464	harbor2	chr9	70444730	70444859	LTR/ERVL-MaLR	420	-	64	70444794	83330
chr9	70361464	70561464	harbor2	chr9	70459520	70459681	LTR/ERVL-MaLR	1140	-	80	70459600	98136
chr9	106990723	107190723	harbor2	chr9	107018164	107018611	LTR/ERVL-MaLR	1685	-	224	107018388	27665
chr9	106990723	107190723	harbor2	chr9	107022386	107022612	LTR/ERVL-MaLR	611	-	113	107022499	31776
chr9	106990723	107190723	harbor2	chr9	107037430	107037824	LTR/ERVL-MaLR	943	-	197	107037627	46904
chr9	106990723	107190723	harbor2	chr9	107041523	107041880	LTR/ERVL-MaLR	1901	-	178	107041701	50978
chr9	106990723	107190723	harbor2	chr9	107053671	107053941	LTR/ERVL-MaLR	876	-	135	107053806	63083
chr9	106990723	107190723	harbor2	chr9	107054286	107054549	LTR/ERVL-MaLR	876	-	132	107054418	63695
chr9	106990723	107190723	harbor2	chr9	107057130	107057575	LTR/ERVL-MaLR	966	-	222	107057352	66629
chr9	106990723	107190723	harbor2	chr9	107058202	107058560	LTR/ERVL-MaLR	1554	-	179	107058381	67658
chr9	106990723	107190723	harbor2	chr9	107060616	107060958	LTR/ERVL-MaLR	1724	-	171	107060787	70064
chr9	106990723	107190723	harbor2	chr9	107074728	107075178	LTR/ERVL-MaLR	1931	-	225	107074953	84230
chr9	117466202	117666202	harbor2	chr9	117474316	117474676	LTR/ERVL-MaLR	2261	-	180	117474496	8294
chr9	117466202	117666202	harbor2	chr9	117494972	117495077	LTR/ERVL-MaLR	601	-	52	117495024	28822
chr9	117466202	117666202	harbor2	chr9	117501039	117501409	LTR/ERVL-MaLR	2245	-	185	117501224	35022
chr9	117466202	117666202	harbor2	chr9	117515627	117516107	LTR/ERVL-MaLR	2133	-	240	117515867	49665
chr9	136238156	136438156	harbor2	chr9	136322258	136322607	LTR/ERVL-MaLR	1110	-	174	136322432	84276
chr9	138260083	138460083	harbor2	chr9	138301168	138301577	LTR/ERVL-MaLR	1022	-	204	138301372	41289
chr9	138260083	138460083	harbor2	chr9	138305250	138305526	LTR/ERVL-MaLR	969	-	138	138305388	45305
chr9	138260083	138460083	harbor2	chr9	138307809	138308049	LTR/ERVL-MaLR	969	-	120	138307929	47846
chr9	138260083	138460083	harbor2	chr9	138297179	138297668	LTR/ERVL-MaLR	1737	-	244	138297423	37340
chr9	76395034	76595034	harbor2	chr9	76421896	76422265	LTR/ERVL-MaLR	2188	-	184	76422080	27046
chr9	76395034	76595034	harbor2	chr9	76429426	76429706	LTR/ERVL-MaLR	644	-	140	76429566	34532
chr9	76395034	76595034	harbor2	chr9	76430014	76430203	LTR/ERVL-MaLR	644	-	94	76430108	35074
chr9	76395034	76595034	harbor2	chr9	76435420	76435811	LTR/ERVL-MaLR	1621	-	196	76435616	40582
chr9	76395034	76595034	harbor2	chr9	76452410	76452805	LTR/ERVL-MaLR	2361	-	198	76452608	57574
chr9	76395034	76595034	harbor2	chr9	76464712	76464980	LTR/ERVL-MaLR	753	-	134	76464846	69812
chr9	76395034	76595034	harbor2	chr9	76488884	76489287	LTR/ERVL-MaLR	1030	-	202	76489086	94052
chr9	94223353	94423353	harbor2	chr9	94250278	94250584	LTR/ERVL-MaLR	2115	-	153	94250431	27078
chr9	94223353	94423353	harbor2	chr9	94251395	94251514	LTR/ERVL-MaLR	2115	-	60	94251455	28102
chr9	94223353	94423353	harbor2	chr9	94273921	94274313	LTR/ERVL-MaLR	2385	-	196	94274117	50764
chr9	94223353	94423353	harbor2	chr9	94301518	94301900	LTR/ERVL-MaLR	1591	-	191	94301709	78356
chr9	94223353	94423353	harbor2	chr9	94301911	94303000	LTR/ERVL-MaLR	3489	-	544	94302455	79102
chr9	94223353	94423353	harbor2	chr9	94303151	94303316	LTR/ERVL-MaLR	728	-	82	94303233	79880
chr9	94223353	94423353	harbor2	chr9	94303317	94303700	LTR/ERVL-MaLR	1777	-	192	94303509	80156
chr9	94223353	94423353	harbor2	chr9	94315872	94316256	LTR/ERVL-MaLR	1251	-	192	94316064	92711
chr9	138223654	138423654	harbor2	chr9	138228473	138228742	LTR/ERVL-MaLR	1101	-	134	138228607	4953
chr9	138223654	138423654	harbor2	chr9	138301168	138301577	LTR/ERVL-MaLR	1022	-	204	138301372	77718
chr9	138223654	138423654	harbor2	chr9	138305250	138305526	LTR/ERVL-MaLR	969	-	138	138305388	81734
chr9	138223654	138423654	harbor2	chr9	138307809	138308049	LTR/ERVL-MaLR	969	-	120	138307929	84275
chr9	138223654	138423654	harbor2	chr9	138248138	138248565	LTR/ERVL-MaLR	1427	-	214	138248352	24698
chr9	138223654	138423654	harbor2	chr9	138297179	138297668	LTR/ERVL-MaLR	1737	-	244	138297423	73769
chr9	134964344	135164344	harbor2	chr9	134982750	134982880	LTR/ERVL-MaLR	534	-	65	134982815	18471
chr9	134964344	135164344	harbor2	chr9	134988649	134989034	LTR/ERVL-MaLR	1706	-	192	134988841	24497
chr9	134964344	135164344	harbor2	chr9	135001994	135002393	LTR/ERVL-MaLR	2605	-	200	135002194	37850
chr9	134964344	135164344	harbor2	chr9	135042393	135042775	LTR/ERVL-MaLR	1209	-	191	135042584	78240
chr9	134964344	135164344	harbor2	chr9	135044461	135044683	LTR/ERVL-MaLR	974	-	111	135044572	80228
chr9	134964344	135164344	harbor2	chr9	135055231	135055705	LTR/ERVL-MaLR	1681	-	237	135055468	91124
chr9	134964344	135164344	harbor2	chr9	135062808	135063161	LTR/ERVL-MaLR	2432	-	176	135062984	98640
chr9	134964344	135164344	harbor2	chr9	135063162	135064743	LTR/ERVL-MaLR	12000	-	790	135063952	99608
chr9	109663871	109863871	harbor2	chr9	109748693	109749081	LTR/ERVL-MaLR	2655	-	194	109748887	85016
chr9	109663871	109863871	harbor2	chr9	109754548	109754897	LTR/ERVL-MaLR	1709	-	174	109754722	90851
chr9	109663871	109863871	harbor2	chr9	109763555	109764055	LTR/ERVL-MaLR	945	-	250	109763805	99934
chr9	116776244	116976244	harbor2	chr9	116829421	116829792	LTR/ERVL-MaLR	2270	-	186	116829607	53363
chr9	116776244	116976244	harbor2	chr9	116858851	116859315	LTR/ERVL-MaLR	1521	-	232	116859083	82839
chr9	116776244	116976244	harbor2	chr9	116868604	116868909	LTR/ERVL-MaLR	1350	-	152	116868756	92512
chr9	116776244	116976244	harbor2	chr9	116869209	116869344	LTR/ERVL-MaLR	1350	-	68	116869277	93033
chr10	82387658	82587658	harbor2	chr10	82399429	82399770	LTR/ERVL-MaLR	1040	-	170	82399599	11941
chr10	82387658	82587658	harbor2	chr10	82409628	82410143	LTR/ERVL-MaLR	1162	-	258	82409886	22228
chr10	120263406	120463406	harbor2	chr10	120269994	120270356	LTR/ERVL-MaLR	1517	-	181	120270175	6769
chr10	120263406	120463406	harbor2	chr10	120281788	120282117	LTR/ERVL-MaLR	1159	-	164	120281952	18546
chr10	120263406	120463406	harbor2	chr10	120285485	120286000	LTR/ERVL-MaLR	1592	-	258	120285743	22337
chr10	120263406	120463406	harbor2	chr10	120291709	120292119	LTR/ERVL-MaLR	2848	-	205	120291914	28508
chr10	120263406	120463406	harbor2	chr10	120296811	120297234	LTR/ERVL-MaLR	2873	-	212	120297023	33617
chr10	120263406	120463406	harbor2	chr10	120314818	120315249	LTR/ERVL-MaLR	1540	-	216	120315034	51628
chr10	120263406	120463406	harbor2	chr10	120325168	120325624	LTR/ERVL-MaLR	1358	-	228	120325396	61990
chr10	120263406	120463406	harbor2	chr10	120340589	120341093	LTR/ERVL-MaLR	1829	-	252	120340841	77435
chr10	120263406	120463406	harbor2	chr10	120359833	120360180	LTR/ERVL-MaLR	1279	-	174	120360007	96601
chr10	127080771	127280771	harbor2	chr10	127082300	127082678	LTR/ERVL-MaLR	2562	-	189	127082489	1718
chr10	127080771	127280771	harbor2	chr10	127092909	127093191	LTR/ERVL-MaLR	631	-	141	127093050	12279
chr10	127080771	127280771	harbor2	chr10	127093773	127094061	LTR/ERVL-MaLR	1002	-	144	127093917	13146
chr10	127080771	127280771	harbor2	chr10	127099391	127099806	LTR/ERVL-MaLR	2282	-	208	127099599	18828
chr10	123683661	123883661	harbor2	chr10	123684447	123684878	LTR/ERVL-MaLR	2091	-	216	123684663	1002
chr10	123683661	123883661	harbor2	chr10	123713365	123713728	LTR/ERVL-MaLR	2712	-	182	123713547	29886
chr10	123683661	123883661	harbor2	chr10	123718633	123718986	LTR/ERVL-MaLR	815	-	176	123718809	35148
chr10	123683661	123883661	harbor2	chr10	123758180	123758643	LTR/ERVL-MaLR	944	-	232	123758412	74751
chr10	107628214	107828214	harbor2	chr10	107640548	107640959	LTR/ERVL-MaLR	1926	-	206	107640754	12540
chr10	107628214	107828214	harbor2	chr10	107654018	107654254	LTR/ERVL-MaLR	1611	-	118	107654136	25922
chr10	107628214	107828214	harbor2	chr10	107654568	107654784	LTR/ERVL-MaLR	1611	-	108	107654676	26462
chr10	107628214	107828214	harbor2	chr10	107663905	107664279	LTR/ERVL-MaLR	2064	-	187	107664092	35878
chr10	107628214	107828214	harbor2	chr10	107670322	107670741	LTR/ERVL-MaLR	2559	-	210	107670532	42318
chr10	107628214	107828214	harbor2	chr10	107670943	107671296	LTR/ERVL-MaLR	2412	-	176	107671119	42905
chr10	107628214	107828214	harbor2	chr10	107686118	107686526	LTR/ERVL-MaLR	1759	-	204	107686322	58108
chr10	107628214	107828214	harbor2	chr10	107697662	107698031	LTR/ERVL-MaLR	1161	-	184	107697846	69632
chr10	117552498	117752498	harbor2	chr10	117606860	117607005	LTR/ERVL-MaLR	455	-	72	117606932	54434
chr10	117552498	117752498	harbor2	chr10	117625182	117625548	LTR/ERVL-MaLR	2144	-	183	117625365	72867
chr10	128805473	129005473	harbor2	chr10	128808451	128808847	LTR/ERVL-MaLR	1113	-	198	128808649	3176
chr10	128805473	129005473	harbor2	chr10	128819750	128820114	LTR/ERVL-MaLR	2149	-	182	128819932	14459
chr10	128805473	129005473	harbor2	chr10	128820390	128820417	LTR/ERVL-MaLR	2149	-	14	128820404	14931
chr10	128805473	129005473	harbor2	chr10	128895458	128895856	LTR/ERVL-MaLR	1160	-	199	128895657	90184
chr10	123323055	123523055	harbor2	chr10	123336265	123336618	LTR/ERVL-MaLR	2736	-	176	123336441	13386
chr10	123323055	123523055	harbor2	chr10	123336627	123338173	LTR/ERVL-MaLR	11813	-	773	123337400	14345
chr10	123323055	123523055	harbor2	chr10	123338174	123338523	LTR/ERVL-MaLR	2821	-	174	123338348	15293
chr10	123323055	123523055	harbor2	chr10	123382334	123382745	LTR/ERVL-MaLR	2691	-	206	123382540	59485
chr10	123323055	123523055	harbor2	chr10	123385512	123385963	LTR/ERVL-MaLR	852	-	226	123385738	62683
chr10	123323055	123523055	harbor2	chr10	123386963	123387067	LTR/ERVL-MaLR	623	-	52	123387015	63960
chr10	123323055	123523055	harbor2	chr10	123389380	123389769	LTR/ERVL-MaLR	1107	-	194	123389574	66519
chr10	123323055	123523055	harbor2	chr10	123412505	123412956	LTR/ERVL-MaLR	1605	-	226	123412731	89676
chr10	123323055	123523055	harbor2	chr10	123418711	123419019	LTR/ERVL-MaLR	746	-	154	123418865	95810
chr10	80510470	80710470	harbor2	chr10	80515154	80515570	LTR/ERVL-MaLR	2034	-	208	80515362	4892
chr10	80510470	80710470	harbor2	chr10	80522845	80523029	LTR/ERVL-MaLR	586	-	92	80522937	12467
chr10	80510470	80710470	harbor2	chr10	80527647	80527715	LTR/ERVL-MaLR	669	-	34	80527681	17211
chr10	80510470	80710470	harbor2	chr10	80528022	80528346	LTR/ERVL-MaLR	669	-	162	80528184	17714
chr10	80510470	80710470	harbor2	chr10	80531826	80532249	LTR/ERVL-MaLR	1338	-	212	80532038	21568
chr10	80510470	80710470	harbor2	chr10	80551817	80552175	LTR/ERVL-MaLR	1383	-	179	80551996	41526
chr10	80510470	80710470	harbor2	chr10	80565586	80565808	LTR/ERVL-MaLR	532	-	111	80565697	55227
chr10	80510470	80710470	harbor2	chr10	80566119	80566293	LTR/ERVL-MaLR	447	-	87	80566206	55736
chr10	80510470	80710470	harbor2	chr10	80566596	80566738	LTR/ERVL-MaLR	447	-	71	80566667	56197
chr10	80510470	80710470	harbor2	chr10	80566991	80567341	LTR/ERVL-MaLR	494	-	175	80567166	56696
chr10	80510470	80710470	harbor2	chr10	80567364	80568082	LTR/ERVL-MaLR	1065	-	359	80567723	57253
chr10	80510470	80710470	harbor2	chr10	80568623	80568977	LTR/ERVL-MaLR	1123	-	177	80568800	58330
chr10	80510470	80710470	harbor2	chr10	80591294	80591505	LTR/ERVL-MaLR	1861	-	106	80591400	80930
chr10	80510470	80710470	harbor2	chr10	80591800	80591966	LTR/ERVL-MaLR	1861	-	83	80591883	81413
chr10	132958917	133158917	harbor2	chr10	132963964	132964151	LTR/ERVL-MaLR	527	-	94	132964058	5141
chr10	132958917	133158917	harbor2	chr10	132976600	132976951	LTR/ERVL-MaLR	570	-	176	132976776	17859
chr10	132958917	133158917	harbor2	chr10	132978581	132978925	LTR/ERVL-MaLR	1347	-	172	132978753	19836
chr10	132958917	133158917	harbor2	chr10	133051759	133052120	LTR/ERVL-MaLR	2129	-	180	133051939	93022
chr10	72833819	73033819	harbor2	chr10	72847643	72848099	LTR/ERVL-MaLR	1499	-	228	72847871	14052
chr10	72833819	73033819	harbor2	chr10	72848240	72848641	LTR/ERVL-MaLR	1429	-	200	72848440	14621
chr10	72833819	73033819	harbor2	chr10	72902528	72902893	LTR/ERVL-MaLR	2306	-	182	72902710	68891
chr10	72833819	73033819	harbor2	chr10	72903804	72903900	LTR/ERVL-MaLR	465	-	48	72903852	70033
chr10	72833819	73033819	harbor2	chr10	72904365	72904508	LTR/ERVL-MaLR	465	-	72	72904437	70618
chr10	72833819	73033819	harbor2	chr10	72904827	72905188	LTR/ERVL-MaLR	1962	-	180	72905007	71188
chr10	72833819	73033819	harbor2	chr10	72905482	72905525	LTR/ERVL-MaLR	1962	-	22	72905504	71685
chr10	106547378	106747378	harbor2	chr10	106601638	106601976	LTR/ERVL-MaLR	515	-	169	106601807	54429
chr10	106547378	106747378	harbor2	chr10	106636407	106636750	LTR/ERVL-MaLR	2102	-	172	106636579	89201
chr10	132956164	133156164	harbor2	chr10	132963964	132964151	LTR/ERVL-MaLR	527	-	94	132964058	7894
chr10	132956164	133156164	harbor2	chr10	132976600	132976951	LTR/ERVL-MaLR	570	-	176	132976776	20612
chr10	132956164	133156164	harbor2	chr10	132978581	132978925	LTR/ERVL-MaLR	1347	-	172	132978753	22589
chr10	132956164	133156164	harbor2	chr10	133051759	133052120	LTR/ERVL-MaLR	2129	-	180	133051939	95775
chr10	73977799	74177799	harbor2	chr10	73981609	73982040	LTR/ERVL-MaLR	980	-	216	73981825	4026
chr10	73977799	74177799	harbor2	chr10	73989512	73989667	LTR/ERVL-MaLR	459	-	78	73989590	11791
chr10	73977799	74177799	harbor2	chr10	73993768	73993859	LTR/ERVL-MaLR	426	-	46	73993814	16015
chr10	73977799	74177799	harbor2	chr10	73993985	73994057	LTR/ERVL-MaLR	1838	-	36	73994021	16222
chr10	73977799	74177799	harbor2	chr10	73994368	73994379	LTR/ERVL-MaLR	1838	-	6	73994374	16575
chr10	73977799	74177799	harbor2	chr10	73994665	73995227	LTR/ERVL-MaLR	1838	-	281	73994946	17147
chr10	73977799	74177799	harbor2	chr10	74063289	74063536	LTR/ERVL-MaLR	1203	-	124	74063413	85614
chr10	132868375	133068375	harbor2	chr10	132944629	132944968	LTR/ERVL-MaLR	1188	-	170	132944799	76424
chr10	132868375	133068375	harbor2	chr10	132963964	132964151	LTR/ERVL-MaLR	527	-	94	132964058	95683
chr10	103635085	103835085	harbor2	chr10	103719645	103719699	LTR/ERVL-MaLR	985	-	27	103719672	84587
chr10	103635085	103835085	harbor2	chr10	103720020	103720248	LTR/ERVL-MaLR	985	-	114	103720134	85049
chr10	97943130	98143130	harbor2	chr10	97946196	97946536	LTR/ERVL-MaLR	423	-	170	97946366	3236
chr10	97943130	98143130	harbor2	chr10	97948711	97949075	LTR/ERVL-MaLR	2487	-	182	97948893	5763
chr10	97943130	98143130	harbor2	chr10	97954670	97955003	LTR/ERVL-MaLR	893	-	166	97954836	11706
chr10	97943130	98143130	harbor2	chr10	98003257	98003752	LTR/ERVL-MaLR	2379	-	248	98003505	60375
chr10	51876603	52076603	harbor2	chr10	51881237	51881678	LTR/ERVL-MaLR	1013	-	220	51881457	4854
chr10	51876603	52076603	harbor2	chr10	51884532	51884931	LTR/ERVL-MaLR	901	-	200	51884732	8129
chr10	51876603	52076603	harbor2	chr10	51934453	51934653	LTR/ERVL-MaLR	551	-	100	51934553	57950
chr10	51876603	52076603	harbor2	chr10	51963880	51964339	LTR/ERVL-MaLR	1979	-	230	51964110	87507
chr10	51876603	52076603	harbor2	chr10	51973662	51973823	LTR/ERVL-MaLR	515	-	80	51973742	97139
chr10	51876603	52076603	harbor2	chr10	51974152	51974300	LTR/ERVL-MaLR	515	-	74	51974226	97623
chr10	127336351	127536351	harbor2	chr10	127349591	127350050	LTR/ERVL-MaLR	1988	-	230	127349821	13470
chr10	127336351	127536351	harbor2	chr10	127385606	127386036	LTR/ERVL-MaLR	1264	-	215	127385821	49470
chr10	127336351	127536351	harbor2	chr10	127395153	127395514	LTR/ERVL-MaLR	1608	-	180	127395333	58982
chr10	127336351	127536351	harbor2	chr10	127407186	127407523	LTR/ERVL-MaLR	1780	-	168	127407354	71003
chr10	131961234	132161234	harbor2	chr10	131977446	131977735	LTR/ERVL-MaLR	616	-	144	131977590	16356
chr10	131961234	132161234	harbor2	chr10	131993896	131994041	LTR/ERVL-MaLR	712	-	72	131993968	32734
chr10	116926452	117126452	harbor2	chr10	116927322	116927661	LTR/ERVL-MaLR	2382	-	170	116927492	1040
chr10	116926452	117126452	harbor2	chr10	116991301	116991767	LTR/ERVL-MaLR	1782	-	233	116991534	65082
chr10	48972285	49172285	harbor2	chr10	48984467	48984801	LTR/ERVL-MaLR	1615	-	167	48984634	12349
chr10	48972285	49172285	harbor2	chr10	49056801	49057221	LTR/ERVL-MaLR	2415	-	210	49057011	84726
chr10	54670085	54870085	harbor2	chr10	54741498	54742005	LTR/ERVL-MaLR	1761	-	254	54741752	71667
chr10	127076241	127276241	harbor2	chr10	127082300	127082678	LTR/ERVL-MaLR	2562	-	189	127082489	6248
chr10	127076241	127276241	harbor2	chr10	127092909	127093191	LTR/ERVL-MaLR	631	-	141	127093050	16809
chr10	127076241	127276241	harbor2	chr10	127093773	127094061	LTR/ERVL-MaLR	1002	-	144	127093917	17676
chr10	127076241	127276241	harbor2	chr10	127099391	127099806	LTR/ERVL-MaLR	2282	-	208	127099599	23358
chr10	132846357	133046357	harbor2	chr10	132944629	132944968	LTR/ERVL-MaLR	1188	-	170	132944799	98442
chr10	114340499	114540499	harbor2	chr10	114360913	114361259	LTR/ERVL-MaLR	2100	-	173	114361086	20587
chr10	114340499	114540499	harbor2	chr10	114364272	114364712	LTR/ERVL-MaLR	1664	-	220	114364492	23993
chr10	129017222	129217222	harbor2	chr10	129054066	129054489	LTR/ERVL-MaLR	1022	-	212	129054278	37056
chr10	129017222	129217222	harbor2	chr10	129068347	129068848	LTR/ERVL-MaLR	1415	-	250	129068597	51375
chr10	95842479	96042479	harbor2	chr10	95860763	95861194	LTR/ERVL-MaLR	488	-	216	95860979	18500
chr10	95842479	96042479	harbor2	chr10	95873701	95874049	LTR/ERVL-MaLR	2797	-	174	95873875	31396
chr10	95842479	96042479	harbor2	chr10	95874050	95875624	LTR/ERVL-MaLR	11521	-	787	95874837	32358
chr10	95842479	96042479	harbor2	chr10	95875625	95875966	LTR/ERVL-MaLR	2732	-	170	95875795	33316
chr10	95842479	96042479	harbor2	chr10	95910261	95910662	LTR/ERVL-MaLR	2186	-	200	95910461	67982
chr10	95842479	96042479	harbor2	chr10	95920188	95920552	LTR/ERVL-MaLR	2151	-	182	95920370	77891
chr10	95842479	96042479	harbor2	chr10	95939915	95940356	LTR/ERVL-MaLR	2803	-	220	95940135	97656
chr10	94359759	94559759	harbor2	chr10	94369695	94370159	LTR/ERVL-MaLR	2038	-	232	94369927	10168
chr10	94359759	94559759	harbor2	chr10	94372231	94372735	LTR/ERVL-MaLR	1635	-	252	94372483	12724
chr10	94359759	94559759	harbor2	chr10	94434855	94434986	LTR/ERVL-MaLR	890	-	66	94434921	75162
chr10	93703293	93903293	harbor2	chr10	93717309	93717674	LTR/ERVL-MaLR	1656	-	182	93717491	14198
chr10	93703293	93903293	harbor2	chr10	93717675	93717960	LTR/ERVL-MaLR	1714	-	142	93717817	14524
chr10	93703293	93903293	harbor2	chr10	93718138	93718218	LTR/ERVL-MaLR	467	-	40	93718178	14885
chr10	93703293	93903293	harbor2	chr10	93741900	93742133	LTR/ERVL-MaLR	1772	-	116	93742016	38723
chr10	93703293	93903293	harbor2	chr10	93742446	93742606	LTR/ERVL-MaLR	1772	-	80	93742526	39233
chr10	93703293	93903293	harbor2	chr10	93795216	93795585	LTR/ERVL-MaLR	2124	-	184	93795400	92107
chr10	93703293	93903293	harbor2	chr10	93716473	93716865	LTR/ERVL-MaLR	2269	-	196	93716669	13376
chr10	46675917	46875917	harbor2	chr10	46691647	46691969	LTR/ERVL-MaLR	552	-	161	46691808	15891
chr10	46675917	46875917	harbor2	chr10	46727449	46727871	LTR/ERVL-MaLR	2484	-	211	46727660	51743
chr10	46675917	46875917	harbor2	chr10	46677987	46678135	LTR/ERVL-MaLR	733	-	74	46678061	2144
chr10	94941807	95141807	harbor2	chr10	94973762	94974036	LTR/ERVL-MaLR	1169	-	137	94973899	32092
chr10	94941807	95141807	harbor2	chr10	94982315	94982735	LTR/ERVL-MaLR	2029	-	210	94982525	40718
chr10	94941807	95141807	harbor2	chr10	94987177	94987557	LTR/ERVL-MaLR	1972	-	190	94987367	45560
chr10	94941807	95141807	harbor2	chr10	94987614	94987969	LTR/ERVL-MaLR	1187	-	178	94987792	45985
chr10	94941807	95141807	harbor2	chr10	94991160	94991349	LTR/ERVL-MaLR	594	-	94	94991254	49447
chr10	94941807	95141807	harbor2	chr10	94977758	94978112	LTR/ERVL-MaLR	2158	-	177	94977935	36128
chr10	110135988	110335988	harbor2	chr10	110147890	110148371	LTR/ERVL-MaLR	1913	-	240	110148130	12142
chr10	110135988	110335988	harbor2	chr10	110157735	110157985	LTR/ERVL-MaLR	1338	-	125	110157860	21872
chr10	110135988	110335988	harbor2	chr10	110175353	110175710	LTR/ERVL-MaLR	1345	-	178	110175531	39543
chr10	74338582	74538582	harbor2	chr10	74427851	74428270	LTR/ERVL-MaLR	1338	-	210	74428061	89479
chr10	124541250	124741250	harbor2	chr10	124583454	124583845	LTR/ERVL-MaLR	2070	-	196	124583650	42400
chr10	124541250	124741250	harbor2	chr10	124584106	124584174	LTR/ERVL-MaLR	452	-	34	124584140	42890
chr10	124541250	124741250	harbor2	chr10	124584390	124584705	LTR/ERVL-MaLR	1140	-	158	124584548	43298
chr10	117107575	117307575	harbor2	chr10	117150244	117150309	LTR/ERVL-MaLR	2006	-	32	117150276	42701
chr10	117107575	117307575	harbor2	chr10	117150615	117150671	LTR/ERVL-MaLR	2006	-	28	117150643	43068
chr10	117107575	117307575	harbor2	chr10	117150968	117151293	LTR/ERVL-MaLR	2006	-	162	117151130	43555
chr10	117107575	117307575	harbor2	chr10	117153472	117153862	LTR/ERVL-MaLR	2048	-	195	117153667	46092
chr10	117107575	117307575	harbor2	chr10	117177788	117178152	LTR/ERVL-MaLR	1785	-	182	117177970	70395
chr10	117107575	117307575	harbor2	chr10	117206080	117206562	LTR/ERVL-MaLR	1815	-	241	117206321	98746
chr10	36389931	36589931	harbor2	chr10	36458522	36458880	LTR/ERVL-MaLR	2125	-	179	36458701	68770
chr10	36389931	36589931	harbor2	chr10	36470996	36471478	LTR/ERVL-MaLR	946	-	241	36471237	81306
chr10	93744844	93944844	harbor2	chr10	93795216	93795585	LTR/ERVL-MaLR	2124	-	184	93795400	50556
chr10	93744844	93944844	harbor2	chr10	93806744	93807186	LTR/ERVL-MaLR	1583	-	221	93806965	62121
chr10	93744844	93944844	harbor2	chr10	93809404	93809818	LTR/ERVL-MaLR	768	-	207	93809611	64767
chr10	93744844	93944844	harbor2	chr10	93819416	93819798	LTR/ERVL-MaLR	1974	-	191	93819607	74763
chr10	93744844	93944844	harbor2	chr10	93825198	93825320	LTR/ERVL-MaLR	416	-	61	93825259	80415
chr10	93744844	93944844	harbor2	chr10	93829579	93829927	LTR/ERVL-MaLR	2546	-	174	93829753	84909
chr10	93744844	93944844	harbor2	chr10	93832508	93832921	LTR/ERVL-MaLR	2861	-	206	93832714	87870
chr10	93744844	93944844	harbor2	chr10	93832922	93834513	LTR/ERVL-MaLR	9933	-	796	93833718	88874
chr10	93744844	93944844	harbor2	chr10	93834514	93834648	LTR/ERVL-MaLR	2220	-	67	93834581	89737
chr10	93744844	93944844	harbor2	chr10	93834935	93835220	LTR/ERVL-MaLR	2220	-	142	93835077	90233
chr10	71086628	71286628	harbor2	chr10	71104159	71104612	LTR/ERVL-MaLR	1670	-	226	71104385	17757
chr10	71086628	71286628	harbor2	chr10	71105047	71105214	LTR/ERVL-MaLR	1187	-	84	71105131	18503
chr10	71086628	71286628	harbor2	chr10	71135386	71135729	LTR/ERVL-MaLR	1218	-	172	71135558	48930
chr10	71086628	71286628	harbor2	chr10	71144104	71144204	LTR/ERVL-MaLR	520	-	50	71144154	57526
chr10	112408909	112608909	harbor2	chr10	112466747	112467119	LTR/ERVL-MaLR	2017	-	186	112466933	58024
chr10	107029040	107229040	harbor2	chr10	107032985	107033371	LTR/ERVL-MaLR	2110	-	193	107033178	4138
chr10	107029040	107229040	harbor2	chr10	107104119	107104626	LTR/ERVL-MaLR	669	-	254	107104373	75333
chr10	107029040	107229040	harbor2	chr10	107108230	107108640	LTR/ERVL-MaLR	2436	-	205	107108435	79395
chr10	107029040	107229040	harbor2	chr10	107108641	107110279	LTR/ERVL-MaLR	9032	-	819	107109460	80420
chr10	107029040	107229040	harbor2	chr10	107110280	107110703	LTR/ERVL-MaLR	2150	-	212	107110492	81452
chr10	90550312	90750312	harbor2	chr10	90556412	90556642	LTR/ERVL-MaLR	855	-	115	90556527	6215
chr10	90550312	90750312	harbor2	chr10	90594107	90594465	LTR/ERVL-MaLR	2511	-	179	90594286	43974
chr10	90550312	90750312	harbor2	chr10	90619212	90619677	LTR/ERVL-MaLR	1960	-	232	90619444	69132
chr10	90550312	90750312	harbor2	chr10	90623305	90623756	LTR/ERVL-MaLR	1566	-	226	90623531	73219
chr10	90550312	90750312	harbor2	chr10	90624066	90624357	LTR/ERVL-MaLR	452	-	146	90624212	73900
chr10	85316891	85516891	harbor2	chr10	85317859	85318196	LTR/ERVL-MaLR	846	-	168	85318027	1136
chr10	85316891	85516891	harbor2	chr10	85318213	85318400	LTR/ERVL-MaLR	777	-	94	85318307	1416
chr10	85316891	85516891	harbor2	chr10	85332969	85333269	LTR/ERVL-MaLR	1089	-	150	85333119	16228
chr10	85316891	85516891	harbor2	chr10	85333270	85334800	LTR/ERVL-MaLR	6001	-	765	85334035	17144
chr10	85316891	85516891	harbor2	chr10	85336561	85336823	LTR/ERVL-MaLR	1323	-	131	85336692	19801
chr10	85316891	85516891	harbor2	chr10	85336824	85337226	LTR/ERVL-MaLR	1791	-	201	85337025	20134
chr10	85316891	85516891	harbor2	chr10	85349803	85350028	LTR/ERVL-MaLR	706	-	112	85349915	33024
chr10	85316891	85516891	harbor2	chr10	85350028	85351341	LTR/ERVL-MaLR	2312	-	656	85350684	33793
chr10	85316891	85516891	harbor2	chr10	85351364	85351865	LTR/ERVL-MaLR	856	-	250	85351614	34723
chr10	85316891	85516891	harbor2	chr10	85402714	85403070	LTR/ERVL-MaLR	692	-	178	85402892	86001
chr10	85316891	85516891	harbor2	chr10	85414807	85414969	LTR/ERVL-MaLR	438	-	81	85414888	97997
chr10	85316891	85516891	harbor2	chr10	85415045	85415228	LTR/ERVL-MaLR	694	-	92	85415137	98246
chr10	129250848	129450848	harbor2	chr10	129252524	129252886	LTR/ERVL-MaLR	2748	-	181	129252705	1857
chr10	129250848	129450848	harbor2	chr10	129312694	129313079	LTR/ERVL-MaLR	2151	-	192	129312886	62038
chr10	129250848	129450848	harbor2	chr10	129327619	129327758	LTR/ERVL-MaLR	410	-	70	129327689	76841
chr10	129250848	129450848	harbor2	chr10	129340737	129341086	LTR/ERVL-MaLR	1995	-	174	129340911	90063
chr10	102833597	103033597	harbor2	chr10	102849785	102850402	LTR/ERVL-MaLR	1131	-	308	102850093	16496
chr10	102833597	103033597	harbor2	chr10	102928237	102928304	LTR/ERVL-MaLR	1244	-	34	102928271	94674
chr10	102833597	103033597	harbor2	chr10	102928604	102928871	LTR/ERVL-MaLR	1244	-	134	102928738	95141
chr10	113747177	113947177	harbor2	chr10	113750191	113750586	LTR/ERVL-MaLR	2037	-	198	113750389	3212
chr10	113747177	113947177	harbor2	chr10	113767648	113768095	LTR/ERVL-MaLR	2130	-	224	113767872	20695
chr10	113747177	113947177	harbor2	chr10	113819999	113820379	LTR/ERVL-MaLR	914	-	190	113820189	73012
chr10	113747177	113947177	harbor2	chr10	113828617	113828976	LTR/ERVL-MaLR	2265	-	180	113828797	81620
chr10	92875019	93075019	harbor2	chr10	92880970	92881409	LTR/ERVL-MaLR	910	-	220	92881190	6171
chr10	92875019	93075019	harbor2	chr10	92923352	92923833	LTR/ERVL-MaLR	2089	-	240	92923592	48573
chr10	92875019	93075019	harbor2	chr10	92947319	92947433	LTR/ERVL-MaLR	434	-	57	92947376	72357
chr10	92875019	93075019	harbor2	chr10	92964640	92965168	LTR/ERVL-MaLR	519	-	264	92964904	89885
chr10	70548916	70748916	harbor2	chr10	70593935	70594110	LTR/ERVL-MaLR	617	-	88	70594023	45107
chr10	70548916	70748916	harbor2	chr10	70628256	70628619	LTR/ERVL-MaLR	2051	-	182	70628438	79522
chr10	113662521	113862521	harbor2	chr10	113670242	113670446	LTR/ERVL-MaLR	1413	-	102	113670344	7823
chr10	113662521	113862521	harbor2	chr10	113686076	113686418	LTR/ERVL-MaLR	1689	-	171	113686247	23726
chr10	113662521	113862521	harbor2	chr10	113715866	113716102	LTR/ERVL-MaLR	482	-	118	113715984	53463
chr10	113662521	113862521	harbor2	chr10	113726502	113726965	LTR/ERVL-MaLR	2197	-	232	113726734	64213
chr10	113662521	113862521	harbor2	chr10	113728143	113728524	LTR/ERVL-MaLR	1661	-	190	113728333	65812
chr10	113662521	113862521	harbor2	chr10	113741351	113741468	LTR/ERVL-MaLR	1526	-	58	113741409	78888
chr10	113662521	113862521	harbor2	chr10	113742067	113742373	LTR/ERVL-MaLR	1526	-	153	113742220	79699
chr10	113662521	113862521	harbor2	chr10	113750191	113750586	LTR/ERVL-MaLR	2037	-	198	113750389	87868
chr10	122234087	122434087	harbor2	chr10	122255096	122255515	LTR/ERVL-MaLR	1361	-	210	122255306	21219
chr10	122234087	122434087	harbor2	chr10	122277428	122277856	LTR/ERVL-MaLR	2815	-	214	122277642	43555
chr10	122234087	122434087	harbor2	chr10	122278813	122279150	LTR/ERVL-MaLR	505	-	168	122278981	44894
chr10	88792895	88992895	harbor2	chr10	88797913	88798196	LTR/ERVL-MaLR	2184	-	142	88798055	5160
chr10	88792895	88992895	harbor2	chr10	88798197	88798535	LTR/ERVL-MaLR	2012	-	169	88798366	5471
chr10	88792895	88992895	harbor2	chr10	88813669	88814050	LTR/ERVL-MaLR	2139	-	190	88813859	20964
chr10	14097671	14297671	harbor2	chr10	14118520	14118875	LTR/ERVL-MaLR	2440	-	178	14118698	21027
chr10	14097671	14297671	harbor2	chr10	14122386	14122811	LTR/ERVL-MaLR	2696	-	212	14122598	24927
chr10	14097671	14297671	harbor2	chr10	14149851	14150229	LTR/ERVL-MaLR	2246	-	189	14150040	52369
chr10	62683146	62883146	harbor2	chr10	62717107	62717332	LTR/ERVL-MaLR	522	-	112	62717219	34073
chr10	62683146	62883146	harbor2	chr10	62727973	62728341	LTR/ERVL-MaLR	2316	-	184	62728157	45011
chr10	62683146	62883146	harbor2	chr10	62729458	62729590	LTR/ERVL-MaLR	410	-	66	62729524	46378
chr10	62683146	62883146	harbor2	chr10	62766323	62766825	LTR/ERVL-MaLR	1547	-	251	62766574	83428
chr10	62683146	62883146	harbor2	chr10	62773630	62774064	LTR/ERVL-MaLR	522	-	217	62773847	90701
chr10	62683146	62883146	harbor2	chr10	62717764	62718163	LTR/ERVL-MaLR	2182	-	200	62717964	34818
chr10	119935140	120135140	harbor2	chr10	119963795	119963948	LTR/ERVL-MaLR	2077	-	76	119963871	28731
chr10	119935140	120135140	harbor2	chr10	119964247	119964636	LTR/ERVL-MaLR	2077	-	194	119964441	29301
chr10	119935140	120135140	harbor2	chr10	119984714	119985067	LTR/ERVL-MaLR	1950	-	176	119984890	49750
chr10	119935140	120135140	harbor2	chr10	120004431	120004838	LTR/ERVL-MaLR	1579	-	204	120004635	69495
chr10	119935140	120135140	harbor2	chr10	120005729	120006168	LTR/ERVL-MaLR	587	-	220	120005949	70809
chr10	119935140	120135140	harbor2	chr10	120009988	120010197	LTR/ERVL-MaLR	1826	-	104	120010092	74952
chr10	119935140	120135140	harbor2	chr10	120010198	120010625	LTR/ERVL-MaLR	2609	-	214	120010412	75272
chr10	119935140	120135140	harbor2	chr10	120010626	120010730	LTR/ERVL-MaLR	1826	-	52	120010678	75538
chr10	119935140	120135140	harbor2	chr10	120010871	120010930	LTR/ERVL-MaLR	398	-	30	120010901	75761
chr10	119935140	120135140	harbor2	chr10	120023970	120024279	LTR/ERVL-MaLR	776	-	154	120024124	88984
chr10	119935140	120135140	harbor2	chr10	120025431	120025767	LTR/ERVL-MaLR	1621	-	168	120025599	90459
chr10	119935140	120135140	harbor2	chr10	120032267	120032371	LTR/ERVL-MaLR	561	-	52	120032319	97179
chr10	101368209	101568209	harbor2	chr10	101419313	101419753	LTR/ERVL-MaLR	979	-	220	101419533	51324
chr10	61703519	61903519	harbor2	chr10	61708413	61708769	LTR/ERVL-MaLR	1827	-	178	61708591	5072
chr10	61703519	61903519	harbor2	chr10	61716269	61716477	LTR/ERVL-MaLR	707	-	104	61716373	12854
chr10	61703519	61903519	harbor2	chr10	61723493	61723848	LTR/ERVL-MaLR	1279	-	178	61723671	20152
chr10	61703519	61903519	harbor2	chr10	61775320	61775746	LTR/ERVL-MaLR	1073	-	213	61775533	72014
chr10	61703519	61903519	harbor2	chr10	61791680	61792230	LTR/ERVL-MaLR	1039	-	275	61791955	88436
chr10	132714509	132914509	harbor2	chr10	132732928	132733307	LTR/ERVL-MaLR	628	-	190	132733118	18609
chr10	132714509	132914509	harbor2	chr10	132799685	132799822	LTR/ERVL-MaLR	752	-	68	132799753	85244
chr10	132714509	132914509	harbor2	chr10	132802101	132802377	LTR/ERVL-MaLR	614	-	138	132802239	87730
chr10	116487021	116687021	harbor2	chr10	116530763	116531246	LTR/ERVL-MaLR	1002	-	242	116531005	43984
chr10	116487021	116687021	harbor2	chr10	116543002	116543244	LTR/ERVL-MaLR	684	-	121	116543123	56102
chr10	116487021	116687021	harbor2	chr10	116543544	116543685	LTR/ERVL-MaLR	684	-	70	116543614	56593
chr10	116487021	116687021	harbor2	chr10	116569115	116569464	LTR/ERVL-MaLR	408	-	174	116569289	82268
chr10	116487021	116687021	harbor2	chr10	116570502	116571013	LTR/ERVL-MaLR	1769	-	256	116570758	83737
chr10	116487021	116687021	harbor2	chr10	116574643	116575027	LTR/ERVL-MaLR	1832	-	192	116574835	87814
chr10	111929341	112129341	harbor2	chr10	111931272	111931708	LTR/ERVL-MaLR	2329	-	218	111931490	2149
chr10	111929341	112129341	harbor2	chr10	111935639	111936026	LTR/ERVL-MaLR	2260	-	194	111935833	6492
chr10	111929341	112129341	harbor2	chr10	111964673	111965039	LTR/ERVL-MaLR	2715	-	183	111964856	35515
chr10	111929341	112129341	harbor2	chr10	111966071	111966338	LTR/ERVL-MaLR	1297	-	134	111966205	36864
chr10	111929341	112129341	harbor2	chr10	111966727	111966928	LTR/ERVL-MaLR	471	-	100	111966827	37486
chr10	111929341	112129341	harbor2	chr10	111967281	111967515	LTR/ERVL-MaLR	557	-	117	111967398	38057
chr10	111929341	112129341	harbor2	chr10	111973005	111973370	LTR/ERVL-MaLR	1772	-	182	111973187	43846
chr10	111929341	112129341	harbor2	chr10	111988484	111988867	LTR/ERVL-MaLR	2090	-	192	111988676	59335
chr10	133505207	133705207	harbor2	chr10	133514137	133514490	LTR/ERVL-MaLR	2289	-	176	133514313	9106
chr10	133505207	133705207	harbor2	chr10	133543717	133543826	LTR/ERVL-MaLR	511	-	54	133543771	38564
chr10	133505207	133705207	harbor2	chr10	133543832	133544230	LTR/ERVL-MaLR	1413	-	199	133544031	38824
chr10	133505207	133705207	harbor2	chr10	133544513	133544944	LTR/ERVL-MaLR	2578	-	216	133544729	39522
chr10	133505207	133705207	harbor2	chr10	133562871	133562967	LTR/ERVL-MaLR	733	-	48	133562919	57712
chr10	129782685	129982685	harbor2	chr10	129805258	129805707	LTR/ERVL-MaLR	553	-	224	129805482	22797
chr10	129782685	129982685	harbor2	chr10	129805768	129807108	LTR/ERVL-MaLR	3892	-	670	129806438	23753
chr10	51274934	51474934	harbor2	chr10	51291202	51291582	LTR/ERVL-MaLR	481	-	190	51291392	16458
chr10	51274934	51474934	harbor2	chr10	51341711	51342055	LTR/ERVL-MaLR	2171	-	172	51341883	66949
chr10	51274934	51474934	harbor2	chr10	51344034	51344463	LTR/ERVL-MaLR	2737	-	214	51344248	69314
chr10	51274934	51474934	harbor2	chr10	51357992	51358435	LTR/ERVL-MaLR	1308	-	222	51358214	83280
chr10	51274934	51474934	harbor2	chr10	51369188	51369479	LTR/ERVL-MaLR	1499	-	146	51369334	94400
chr10	51274934	51474934	harbor2	chr10	51373199	51373381	LTR/ERVL-MaLR	705	-	91	51373290	98356
chr10	108044744	108244744	harbor2	chr10	108046840	108047246	LTR/ERVL-MaLR	2164	-	203	108047043	2299
chr10	108044744	108244744	harbor2	chr10	108056437	108056794	LTR/ERVL-MaLR	2099	-	178	108056615	11871
chr10	108044744	108244744	harbor2	chr10	108056924	108057405	LTR/ERVL-MaLR	942	-	240	108057164	12420
chr10	108044744	108244744	harbor2	chr10	108071303	108071694	LTR/ERVL-MaLR	1172	-	196	108071499	26755
chr10	108044744	108244744	harbor2	chr10	108074786	108075259	LTR/ERVL-MaLR	1426	-	236	108075022	30278
chr10	108044744	108244744	harbor2	chr10	108133487	108133672	LTR/ERVL-MaLR	772	-	92	108133579	88835
chr10	124058875	124258875	harbor2	chr10	124099884	124100378	LTR/ERVL-MaLR	1299	-	247	124100131	41256
chr10	124058875	124258875	harbor2	chr10	124143408	124143809	LTR/ERVL-MaLR	2733	-	200	124143608	84733
chr10	124058875	124258875	harbor2	chr10	124158012	124158370	LTR/ERVL-MaLR	2475	-	179	124158191	99316
chr10	124058875	124258875	harbor2	chr10	124141214	124141574	LTR/ERVL-MaLR	2053	-	180	124141394	82519
chr10	93294618	93494618	harbor2	chr10	93297638	93297809	LTR/ERVL-MaLR	1440	-	86	93297724	3106
chr10	93294618	93494618	harbor2	chr10	93298111	93298380	LTR/ERVL-MaLR	1440	-	134	93298245	3627
chr10	102901169	103101169	harbor2	chr10	102928237	102928304	LTR/ERVL-MaLR	1244	-	34	102928271	27102
chr10	102901169	103101169	harbor2	chr10	102928604	102928871	LTR/ERVL-MaLR	1244	-	134	102928738	27569
chr10	106143184	106343184	harbor2	chr10	106219809	106220178	LTR/ERVL-MaLR	1563	-	184	106219993	76809
chr10	106143184	106343184	harbor2	chr10	106236581	106236934	LTR/ERVL-MaLR	1654	-	176	106236757	93573
chr10	106143184	106343184	harbor2	chr10	106239703	106239745	LTR/ERVL-MaLR	2336	-	21	106239724	96540
chr10	106143184	106343184	harbor2	chr10	106240058	106240476	LTR/ERVL-MaLR	2336	-	209	106240267	97083
chr10	80861833	81061833	harbor2	chr10	80868809	80869033	LTR/ERVL-MaLR	909	-	112	80868921	7088
chr10	80861833	81061833	harbor2	chr10	80878414	80879518	LTR/ERVL-MaLR	4101	-	552	80878966	17133
chr10	80861833	81061833	harbor2	chr10	80879520	80880046	LTR/ERVL-MaLR	1003	-	263	80879783	17950
chr10	80861833	81061833	harbor2	chr10	80907268	80907547	LTR/ERVL-MaLR	617	-	140	80907408	45575
chr10	80861833	81061833	harbor2	chr10	80909256	80909676	LTR/ERVL-MaLR	2449	-	210	80909466	47633
chr10	80861833	81061833	harbor2	chr10	80915802	80916171	LTR/ERVL-MaLR	2124	-	184	80915986	54153
chr10	80861833	81061833	harbor2	chr10	80929478	80929821	LTR/ERVL-MaLR	1399	-	172	80929650	67817
chr10	88881543	89081543	harbor2	chr10	88895009	88895321	LTR/ERVL-MaLR	670	-	156	88895165	13622
chr10	88881543	89081543	harbor2	chr10	88900694	88900934	LTR/ERVL-MaLR	925	-	120	88900814	19271
chr10	88881543	89081543	harbor2	chr10	88900948	88901251	LTR/ERVL-MaLR	762	-	152	88901100	19557
chr10	88881543	89081543	harbor2	chr10	88917737	88918130	LTR/ERVL-MaLR	1668	-	196	88917933	36390
chr10	88881543	89081543	harbor2	chr10	88927452	88927810	LTR/ERVL-MaLR	984	-	179	88927631	46088
chr10	88881543	89081543	harbor2	chr10	88929147	88929502	LTR/ERVL-MaLR	2213	-	178	88929325	47782
chr10	88881543	89081543	harbor2	chr10	88956149	88956625	LTR/ERVL-MaLR	1895	-	238	88956387	74844
chr10	88881543	89081543	harbor2	chr10	88956759	88957085	LTR/ERVL-MaLR	1376	-	163	88956922	75379
chr10	88881543	89081543	harbor2	chr10	88962721	88962912	LTR/ERVL-MaLR	2510	-	96	88962817	81274
chr10	88881543	89081543	harbor2	chr10	88962982	88963196	LTR/ERVL-MaLR	2510	-	107	88963089	81546
chr10	121155520	121355520	harbor2	chr10	121157692	121157788	LTR/ERVL-MaLR	1372	-	48	121157740	2220
chr10	121155520	121355520	harbor2	chr10	121158097	121158499	LTR/ERVL-MaLR	1372	-	201	121158298	2778
chr10	121155520	121355520	harbor2	chr10	121221664	121221805	LTR/ERVL-MaLR	453	-	70	121221734	66214
chr10	121155520	121355520	harbor2	chr10	121227650	121228031	LTR/ERVL-MaLR	1585	-	190	121227840	72320
chr10	121155520	121355520	harbor2	chr10	121228044	121229741	LTR/ERVL-MaLR	6918	-	848	121228892	73372
chr10	121155520	121355520	harbor2	chr10	121229746	121230122	LTR/ERVL-MaLR	1557	-	188	121229934	74414
chr10	121155520	121355520	harbor2	chr10	121230649	121231058	LTR/ERVL-MaLR	1947	-	204	121230853	75333
chr10	121155520	121355520	harbor2	chr10	121232428	121232918	LTR/ERVL-MaLR	2006	-	245	121232673	77153
chr10	121155520	121355520	harbor2	chr10	121208820	121209263	LTR/ERVL-MaLR	1007	-	222	121209042	53522
chr10	87278880	87478880	harbor2	chr10	87290381	87290732	LTR/ERVL-MaLR	1567	-	176	87290557	11677
chr10	87278880	87478880	harbor2	chr10	87290911	87291297	LTR/ERVL-MaLR	1248	-	193	87291104	12224
chr10	87278880	87478880	harbor2	chr10	87291885	87292302	LTR/ERVL-MaLR	1296	-	208	87292093	13213
chr10	87278880	87478880	harbor2	chr10	87294914	87294948	LTR/ERVL-MaLR	1703	-	17	87294931	16051
chr10	87278880	87478880	harbor2	chr10	87295244	87295722	LTR/ERVL-MaLR	1703	-	239	87295483	16603
chr10	87278880	87478880	harbor2	chr10	87347867	87348215	LTR/ERVL-MaLR	1296	-	174	87348041	69161
chr10	87278880	87478880	harbor2	chr10	87362545	87362898	LTR/ERVL-MaLR	839	-	176	87362721	83841
chr10	73935508	74135508	harbor2	chr10	73981609	73982040	LTR/ERVL-MaLR	980	-	216	73981825	46317
chr10	73935508	74135508	harbor2	chr10	73989512	73989667	LTR/ERVL-MaLR	459	-	78	73989590	54082
chr10	73935508	74135508	harbor2	chr10	73993768	73993859	LTR/ERVL-MaLR	426	-	46	73993814	58306
chr10	73935508	74135508	harbor2	chr10	73993985	73994057	LTR/ERVL-MaLR	1838	-	36	73994021	58513
chr10	73935508	74135508	harbor2	chr10	73994368	73994379	LTR/ERVL-MaLR	1838	-	6	73994374	58866
chr10	73935508	74135508	harbor2	chr10	73994665	73995227	LTR/ERVL-MaLR	1838	-	281	73994946	59438
chr10	105268978	105468978	harbor2	chr10	105270788	105270886	LTR/ERVL-MaLR	445	-	49	105270837	1859
chr10	105268978	105468978	harbor2	chr10	105275457	105275861	LTR/ERVL-MaLR	1322	-	202	105275659	6681
chr10	105268978	105468978	harbor2	chr10	105337296	105337656	LTR/ERVL-MaLR	1892	-	180	105337476	68498
chr10	105268978	105468978	harbor2	chr10	105367391	105367836	LTR/ERVL-MaLR	1721	-	222	105367613	98635
chr10	105268978	105468978	harbor2	chr10	105299630	105299995	LTR/ERVL-MaLR	2249	-	182	105299812	30834
chr10	109564190	109764190	harbor2	chr10	109581469	109581816	LTR/ERVL-MaLR	677	-	174	109581643	17453
chr10	109564190	109764190	harbor2	chr10	109596110	109596465	LTR/ERVL-MaLR	2008	-	178	109596288	32098
chr10	109564190	109764190	harbor2	chr10	109596468	109598031	LTR/ERVL-MaLR	11299	-	782	109597250	33060
chr10	109564190	109764190	harbor2	chr10	109598033	109598383	LTR/ERVL-MaLR	2125	-	175	109598208	34018
chr10	109564190	109764190	harbor2	chr10	109621270	109621621	LTR/ERVL-MaLR	2214	-	176	109621446	57256
chr10	109564190	109764190	harbor2	chr10	109626141	109626510	LTR/ERVL-MaLR	2352	-	184	109626325	62135
chr10	109564190	109764190	harbor2	chr10	109626511	109628089	LTR/ERVL-MaLR	11684	-	789	109627300	63110
chr10	109564190	109764190	harbor2	chr10	109628091	109628384	LTR/ERVL-MaLR	1670	-	146	109628237	64047
chr10	109564190	109764190	harbor2	chr10	109646936	109647427	LTR/ERVL-MaLR	1734	-	246	109647182	82992
chr10	97498082	97698082	harbor2	chr10	97515457	97515883	LTR/ERVL-MaLR	1082	-	213	97515670	17588
chr10	97498082	97698082	harbor2	chr10	97569563	97569799	LTR/ERVL-MaLR	1402	-	118	97569681	71599
chr10	97498082	97698082	harbor2	chr10	97569931	97570090	LTR/ERVL-MaLR	1402	-	80	97570011	71929
chr10	80830817	81030817	harbor2	chr10	80868809	80869033	LTR/ERVL-MaLR	909	-	112	80868921	38104
chr10	80830817	81030817	harbor2	chr10	80878414	80879518	LTR/ERVL-MaLR	4101	-	552	80878966	48149
chr10	80830817	81030817	harbor2	chr10	80879520	80880046	LTR/ERVL-MaLR	1003	-	263	80879783	48966
chr10	80830817	81030817	harbor2	chr10	80907268	80907547	LTR/ERVL-MaLR	617	-	140	80907408	76591
chr10	80830817	81030817	harbor2	chr10	80909256	80909676	LTR/ERVL-MaLR	2449	-	210	80909466	78649
chr10	80830817	81030817	harbor2	chr10	80915802	80916171	LTR/ERVL-MaLR	2124	-	184	80915986	85169
chr10	80830817	81030817	harbor2	chr10	80929478	80929821	LTR/ERVL-MaLR	1399	-	172	80929650	98833
chr10	131914451	132114451	harbor2	chr10	131977446	131977735	LTR/ERVL-MaLR	616	-	144	131977590	63139
chr10	131914451	132114451	harbor2	chr10	131993896	131994041	LTR/ERVL-MaLR	712	-	72	131993968	79517
chr10	94435153	94635153	harbor2	chr10	94463222	94463645	LTR/ERVL-MaLR	2475	-	212	94463434	28281
chr10	94435153	94635153	harbor2	chr10	94519561	94519998	LTR/ERVL-MaLR	2071	-	218	94519779	84626
chr10	94435153	94635153	harbor2	chr10	94524093	94524407	LTR/ERVL-MaLR	878	-	157	94524250	89097
chr10	96788065	96988065	harbor2	chr10	96819843	96819882	LTR/ERVL-MaLR	772	-	20	96819863	31798
chr10	96788065	96988065	harbor2	chr10	96820175	96820201	LTR/ERVL-MaLR	772	-	13	96820188	32123
chr10	96788065	96988065	harbor2	chr10	96820500	96820580	LTR/ERVL-MaLR	772	-	40	96820540	32475
chr10	96788065	96988065	harbor2	chr10	96821166	96821246	LTR/ERVL-MaLR	772	-	40	96821206	33141
chr10	96788065	96988065	harbor2	chr10	96853515	96853711	LTR/ERVL-MaLR	449	-	98	96853613	65548
chr10	96788065	96988065	harbor2	chr10	96853722	96854078	LTR/ERVL-MaLR	2005	-	178	96853900	65835
chr10	96788065	96988065	harbor2	chr10	96858996	96859243	LTR/ERVL-MaLR	1197	-	124	96859120	71055
chr10	96788065	96988065	harbor2	chr10	96859512	96859563	LTR/ERVL-MaLR	1197	-	26	96859538	71473
chr10	96788065	96988065	harbor2	chr10	96859856	96860116	LTR/ERVL-MaLR	1197	-	130	96859986	71921
chr10	96788065	96988065	harbor2	chr10	96876074	96876435	LTR/ERVL-MaLR	1184	-	180	96876254	88189
chr10	105917178	106117178	harbor2	chr10	105969981	105970333	LTR/ERVL-MaLR	1963	-	176	105970157	52979
chr10	105917178	106117178	harbor2	chr10	106014456	106014750	LTR/ERVL-MaLR	2037	-	147	106014603	97425
chr10	105917178	106117178	harbor2	chr10	106014753	106016261	LTR/ERVL-MaLR	9631	-	754	106015507	98329
chr10	105917178	106117178	harbor2	chr10	106016262	106016641	LTR/ERVL-MaLR	2057	-	190	106016452	99274
chr10	127281110	127481110	harbor2	chr10	127295092	127295508	LTR/ERVL-MaLR	2381	-	208	127295300	14190
chr10	127281110	127481110	harbor2	chr10	127349591	127350050	LTR/ERVL-MaLR	1988	-	230	127349821	68711
chr10	65015027	65215027	harbor2	chr10	65022995	65023394	LTR/ERVL-MaLR	1803	-	200	65023195	8168
chr10	65015027	65215027	harbor2	chr10	65028229	65028569	LTR/ERVL-MaLR	809	-	170	65028399	13372
chr10	65015027	65215027	harbor2	chr10	65028649	65029119	LTR/ERVL-MaLR	1791	-	235	65028884	13857
chr10	65015027	65215027	harbor2	chr10	65031727	65032094	LTR/ERVL-MaLR	2079	-	184	65031911	16884
chr10	65015027	65215027	harbor2	chr10	65073268	65073743	LTR/ERVL-MaLR	849	-	238	65073506	58479
chr10	78359505	78559505	harbor2	chr10	78387872	78387999	LTR/ERVL-MaLR	409	-	64	78387936	28431
chr10	78359505	78559505	harbor2	chr10	78439836	78439901	LTR/ERVL-MaLR	2234	-	32	78439868	80363
chr10	78359505	78559505	harbor2	chr10	78440221	78440549	LTR/ERVL-MaLR	2234	-	164	78440385	80880
chr10	78359505	78559505	harbor2	chr10	78444686	78444867	LTR/ERVL-MaLR	1774	-	90	78444776	85271
chr10	78359505	78559505	harbor2	chr10	78445160	78445325	LTR/ERVL-MaLR	1774	-	82	78445242	85737
chr10	78359505	78559505	harbor2	chr10	78448385	78448461	LTR/ERVL-MaLR	682	-	38	78448423	88918
chr10	78359505	78559505	harbor2	chr10	78448923	78449239	LTR/ERVL-MaLR	682	-	158	78449081	89576
chr10	133351901	133551901	harbor2	chr10	133360928	133361156	LTR/ERVL-MaLR	650	-	114	133361042	9141
chr10	133351901	133551901	harbor2	chr10	133361567	133361691	LTR/ERVL-MaLR	420	-	62	133361629	9728
chr10	80991778	81191778	harbor2	chr10	81006991	81007282	LTR/ERVL-MaLR	591	-	146	81007137	15359
chr10	80991778	81191778	harbor2	chr10	81007588	81007647	LTR/ERVL-MaLR	591	-	30	81007618	15840
chr10	80991778	81191778	harbor2	chr10	81017307	81017719	LTR/ERVL-MaLR	1910	-	206	81017513	25735
chr10	80991778	81191778	harbor2	chr10	81027671	81027735	LTR/ERVL-MaLR	499	-	32	81027703	35925
chr10	80991778	81191778	harbor2	chr10	81028555	81028919	LTR/ERVL-MaLR	2272	-	182	81028737	36959
chr10	80991778	81191778	harbor2	chr10	81028920	81030496	LTR/ERVL-MaLR	11298	-	788	81029708	37930
chr10	80991778	81191778	harbor2	chr10	81030497	81030858	LTR/ERVL-MaLR	1905	-	180	81030677	38899
chr10	80991778	81191778	harbor2	chr10	81058722	81059135	LTR/ERVL-MaLR	1445	-	206	81058928	67150
chr10	80991778	81191778	harbor2	chr10	81059671	81060182	LTR/ERVL-MaLR	761	-	256	81059927	68149
chr10	122882476	123082476	harbor2	chr10	122958124	122958210	LTR/ERVL-MaLR	680	-	43	122958167	75691
chr10	122882476	123082476	harbor2	chr10	122968830	122969016	LTR/ERVL-MaLR	861	-	93	122968923	86447
chr10	122882476	123082476	harbor2	chr10	122973691	122974005	LTR/ERVL-MaLR	2029	-	157	122973848	91372
chr10	122882476	123082476	harbor2	chr10	122974393	122974489	LTR/ERVL-MaLR	2029	-	48	122974441	91965
chr10	108273291	108473291	harbor2	chr10	108276314	108276530	LTR/ERVL-MaLR	462	-	108	108276422	3131
chr10	108273291	108473291	harbor2	chr10	108362821	108362973	LTR/ERVL-MaLR	535	-	76	108362897	89606
chr10	122727500	122927500	harbor2	chr10	122740642	122741133	LTR/ERVL-MaLR	1850	-	246	122740888	13388
chr10	122727500	122927500	harbor2	chr10	122757792	122758355	LTR/ERVL-MaLR	1477	-	282	122758074	30574
chr10	122727500	122927500	harbor2	chr10	122760177	122760770	LTR/ERVL-MaLR	2416	-	296	122760473	32973
chr10	122727500	122927500	harbor2	chr10	122781964	122782282	LTR/ERVL-MaLR	1527	-	159	122782123	54623
chr10	122727500	122927500	harbor2	chr10	122782574	122782798	LTR/ERVL-MaLR	1527	-	112	122782686	55186
chr10	132563727	132763727	harbor2	chr10	132592783	132593342	LTR/ERVL-MaLR	801	-	280	132593063	29336
chr10	132563727	132763727	harbor2	chr10	132598712	132599064	LTR/ERVL-MaLR	2732	-	176	132598888	35161
chr10	132563727	132763727	harbor2	chr10	132599065	132600636	LTR/ERVL-MaLR	11899	-	786	132599851	36124
chr10	132563727	132763727	harbor2	chr10	132600638	132600990	LTR/ERVL-MaLR	2896	-	176	132600814	37087
chr10	132563727	132763727	harbor2	chr10	132618582	132619005	LTR/ERVL-MaLR	2464	-	212	132618794	55067
chr10	132563727	132763727	harbor2	chr10	132619006	132619692	LTR/ERVL-MaLR	6790	-	343	132619349	55622
chr10	132563727	132763727	harbor2	chr10	132619944	132620591	LTR/ERVL-MaLR	6790	-	324	132620268	56541
chr10	94144607	94344607	harbor2	chr10	94183611	94184022	LTR/ERVL-MaLR	2588	-	206	94183817	39210
chr10	94144607	94344607	harbor2	chr10	94219226	94219599	LTR/ERVL-MaLR	1094	-	186	94219412	74805
chr10	94144607	94344607	harbor2	chr10	94229296	94229595	LTR/ERVL-MaLR	1109	-	150	94229446	84839
chr10	75978938	76178938	harbor2	chr10	75985294	75985812	LTR/ERVL-MaLR	985	-	259	75985553	6615
chr10	75978938	76178938	harbor2	chr10	75989206	75989597	LTR/ERVL-MaLR	2129	-	196	75989402	10464
chr10	75978938	76178938	harbor2	chr10	76001986	76002395	LTR/ERVL-MaLR	1247	-	204	76002190	23252
chr10	75978938	76178938	harbor2	chr10	76015158	76015704	LTR/ERVL-MaLR	2325	-	273	76015431	36493
chr10	75978938	76178938	harbor2	chr10	76037516	76037856	LTR/ERVL-MaLR	1489	-	170	76037686	58748
chr10	75978938	76178938	harbor2	chr10	76038788	76039236	LTR/ERVL-MaLR	1177	-	224	76039012	60074
chr10	75978938	76178938	harbor2	chr10	76070279	76070639	LTR/ERVL-MaLR	1071	-	180	76070459	91521
chr10	75978938	76178938	harbor2	chr10	76074916	76075138	LTR/ERVL-MaLR	775	-	111	76075027	96089
chr10	75978938	76178938	harbor2	chr10	76075537	76075605	LTR/ERVL-MaLR	775	-	34	76075571	96633
chr11	115587420	115787420	harbor2	chr11	115657221	115657630	LTR/ERVL-MaLR	2851	-	204	115657425	70005
chr11	105728734	105928734	harbor2	chr11	105732759	105732904	LTR/ERVL-MaLR	568	-	72	105732831	4097
chr11	105728734	105928734	harbor2	chr11	105748040	105748127	LTR/ERVL-MaLR	370	-	44	105748084	19350
chr11	105728734	105928734	harbor2	chr11	105748174	105748383	LTR/ERVL-MaLR	840	-	104	105748278	19544
chr11	105728734	105928734	harbor2	chr11	105748683	105748846	LTR/ERVL-MaLR	840	-	82	105748765	20031
chr11	105728734	105928734	harbor2	chr11	105821328	105821735	LTR/ERVL-MaLR	2323	-	204	105821532	92798
chr11	105728734	105928734	harbor2	chr11	105774865	105775359	LTR/ERVL-MaLR	1849	-	247	105775112	46378
chr11	121372315	121572315	harbor2	chr11	121391668	121391985	LTR/ERVL-MaLR	1279	-	158	121391826	19511
chr11	121372315	121572315	harbor2	chr11	121425395	121425590	LTR/ERVL-MaLR	2222	-	98	121425493	53178
chr11	121372315	121572315	harbor2	chr11	121425907	121426100	LTR/ERVL-MaLR	2222	-	96	121426003	53688
chr11	121372315	121572315	harbor2	chr11	121468979	121469351	LTR/ERVL-MaLR	556	-	186	121469165	96850
chr11	59814001	60014001	harbor2	chr11	59819912	59820297	LTR/ERVL-MaLR	1568	-	192	59820104	6103
chr11	131569515	131769515	harbor2	chr11	131588184	131588377	LTR/ERVL-MaLR	604	-	96	131588280	18765
chr11	131569515	131769515	harbor2	chr11	131629797	131630237	LTR/ERVL-MaLR	733	-	220	131630017	60502
chr11	106399700	106599700	harbor2	chr11	106405112	106405522	LTR/ERVL-MaLR	1199	-	205	106405317	5617
chr11	106399700	106599700	harbor2	chr11	106413295	106413460	LTR/ERVL-MaLR	797	-	82	106413377	13677
chr11	106399700	106599700	harbor2	chr11	106481366	106481763	LTR/ERVL-MaLR	1229	-	198	106481564	81864
chr11	106399700	106599700	harbor2	chr11	106489650	106489997	LTR/ERVL-MaLR	1801	-	174	106489824	90124
chr11	106399700	106599700	harbor2	chr11	106499391	106499748	LTR/ERVL-MaLR	1562	-	178	106499569	99869
chr11	100668883	100868883	harbor2	chr11	100699823	100700027	LTR/ERVL-MaLR	624	-	102	100699925	31042
chr11	104611140	104811140	harbor2	chr11	104621954	104622307	LTR/ERVL-MaLR	1596	-	176	104622130	10990
chr11	104611140	104811140	harbor2	chr11	104643919	104644008	LTR/ERVL-MaLR	376	-	44	104643963	32823
chr11	104611140	104811140	harbor2	chr11	104643991	104644121	LTR/ERVL-MaLR	525	-	65	104644056	32916
chr11	104611140	104811140	harbor2	chr11	104657375	104657760	LTR/ERVL-MaLR	1597	-	192	104657567	46427
chr11	104611140	104811140	harbor2	chr11	104657788	104657876	LTR/ERVL-MaLR	1597	-	44	104657832	46692
chr11	104611140	104811140	harbor2	chr11	104658347	104658461	LTR/ERVL-MaLR	573	-	57	104658404	47264
chr11	104611140	104811140	harbor2	chr11	104688029	104688489	LTR/ERVL-MaLR	1567	-	230	104688259	77119
chr11	104611140	104811140	harbor2	chr11	104698158	104698437	LTR/ERVL-MaLR	629	-	140	104698298	87158
chr11	104611140	104811140	harbor2	chr11	104706974	104707351	LTR/ERVL-MaLR	2255	-	188	104707162	96022
chr11	109933823	110133823	harbor2	chr11	109949717	109950240	LTR/ERVL-MaLR	3176	-	262	109949979	16156
chr11	109933823	110133823	harbor2	chr11	109991491	109991556	LTR/ERVL-MaLR	378	-	32	109991523	57700
chr11	109933823	110133823	harbor2	chr11	110012190	110012644	LTR/ERVL-MaLR	1014	-	227	110012417	78594
chr11	109933823	110133823	harbor2	chr11	110013797	110014209	LTR/ERVL-MaLR	2232	-	206	110014003	80180
chr11	109933823	110133823	harbor2	chr11	110014221	110014664	LTR/ERVL-MaLR	2369	-	222	110014443	80620
chr11	109933823	110133823	harbor2	chr11	110014663	110015026	LTR/ERVL-MaLR	1786	-	182	110014845	81022
chr11	109933823	110133823	harbor2	chr11	110015027	110015426	LTR/ERVL-MaLR	2252	-	200	110015227	81404
chr11	109933823	110133823	harbor2	chr11	109952940	109953291	LTR/ERVL-MaLR	1330	-	176	109953116	19293
chr11	126051486	126251486	harbor2	chr11	126110935	126111181	LTR/ERVL-MaLR	1530	-	123	126111058	59572
chr11	126051486	126251486	harbor2	chr11	126127021	126127383	LTR/ERVL-MaLR	2782	-	181	126127202	75716
chr11	56496321	56696321	harbor2	chr11	56517265	56517365	LTR/ERVL-MaLR	459	-	50	56517315	20994
chr11	56496321	56696321	harbor2	chr11	56517949	56518559	LTR/ERVL-MaLR	2273	-	305	56518254	21933
chr11	56496321	56696321	harbor2	chr11	56518560	56518943	LTR/ERVL-MaLR	1178	-	192	56518752	22431
chr11	56496321	56696321	harbor2	chr11	56558942	56559234	LTR/ERVL-MaLR	1211	-	146	56559088	62767
chr11	131088421	131288421	harbor2	chr11	131105265	131105608	LTR/ERVL-MaLR	1876	-	172	131105437	17016
chr11	131088421	131288421	harbor2	chr11	131107276	131107648	LTR/ERVL-MaLR	514	-	186	131107462	19041
chr11	131088421	131288421	harbor2	chr11	131132611	131132966	LTR/ERVL-MaLR	1878	-	178	131132789	44368
chr11	131088421	131288421	harbor2	chr11	131133539	131133992	LTR/ERVL-MaLR	1052	-	226	131133765	45344
chr11	131088421	131288421	harbor2	chr11	131134022	131134443	LTR/ERVL-MaLR	1001	-	210	131134232	45811
chr11	131088421	131288421	harbor2	chr11	131153238	131153589	LTR/ERVL-MaLR	2165	-	176	131153414	64993
chr11	131088421	131288421	harbor2	chr11	131187943	131188269	LTR/ERVL-MaLR	1950	-	163	131188106	99685
chr11	131088421	131288421	harbor2	chr11	131104485	131104837	LTR/ERVL-MaLR	2201	-	176	131104661	16240
chr11	121971062	122171062	harbor2	chr11	121979627	121980016	LTR/ERVL-MaLR	1776	-	194	121979821	8759
chr11	121971062	122171062	harbor2	chr11	121987416	121987904	LTR/ERVL-MaLR	1127	-	244	121987660	16598
chr11	121971062	122171062	harbor2	chr11	122004786	122005186	LTR/ERVL-MaLR	741	-	200	122004986	33924
chr11	121971062	122171062	harbor2	chr11	122066058	122066503	LTR/ERVL-MaLR	1491	-	222	122066280	95218
chr11	121971062	122171062	harbor2	chr11	122027678	122028101	LTR/ERVL-MaLR	2726	-	212	122027890	56828
chr11	133618884	133818884	harbor2	chr11	133698486	133698858	LTR/ERVL-MaLR	625	-	186	133698672	79788
chr11	133618884	133818884	harbor2	chr11	133717773	133718123	LTR/ERVL-MaLR	1437	-	175	133717948	99064
chr11	134413318	134613318	harbor2	chr11	134444196	134444458	LTR/ERVL-MaLR	1417	-	131	134444327	31009
chr11	134413318	134613318	harbor2	chr11	134444430	134444594	LTR/ERVL-MaLR	459	-	82	134444512	31194
chr11	134413318	134613318	harbor2	chr11	134444566	134444661	LTR/ERVL-MaLR	453	-	48	134444614	31296
chr11	134413318	134613318	harbor2	chr11	134444634	134444730	LTR/ERVL-MaLR	408	-	48	134444682	31364
chr11	134413318	134613318	harbor2	chr11	134444711	134444798	LTR/ERVL-MaLR	438	-	44	134444755	31437
chr11	134413318	134613318	harbor2	chr11	134444770	134445034	LTR/ERVL-MaLR	1074	-	132	134444902	31584
chr11	134413318	134613318	harbor2	chr11	134469733	134469904	LTR/ERVL-MaLR	562	-	86	134469819	56501
chr11	134413318	134613318	harbor2	chr11	134470032	134470822	LTR/ERVL-MaLR	1617	-	395	134470427	57109
chr11	134413318	134613318	harbor2	chr11	134490423	134490614	LTR/ERVL-MaLR	490	-	96	134490519	77201
chr11	134413318	134613318	harbor2	chr11	134500143	134500537	LTR/ERVL-MaLR	1561	-	197	134500340	87022
chr11	132542821	132742821	harbor2	chr11	132555185	132555570	LTR/ERVL-MaLR	2022	-	192	132555377	12556
chr11	132542821	132742821	harbor2	chr11	132617572	132617961	LTR/ERVL-MaLR	1597	-	194	132617766	74945
chr11	132542821	132742821	harbor2	chr11	132633842	132634142	LTR/ERVL-MaLR	609	-	150	132633992	91171
chr11	131381073	131581073	harbor2	chr11	131384788	131385241	LTR/ERVL-MaLR	481	-	226	131385014	3941
chr11	131381073	131581073	harbor2	chr11	131390005	131390397	LTR/ERVL-MaLR	2180	-	196	131390201	9128
chr11	107535726	107735726	harbor2	chr11	107570523	107570891	LTR/ERVL-MaLR	554	-	184	107570707	34981
chr11	107535726	107735726	harbor2	chr11	107571465	107571684	LTR/ERVL-MaLR	554	-	110	107571575	35849
chr11	102565532	102765532	harbor2	chr11	102567803	102568169	LTR/ERVL-MaLR	2123	-	183	102567986	2454
chr11	102565532	102765532	harbor2	chr11	102568170	102569669	LTR/ERVL-MaLR	9566	-	750	102568920	3388
chr11	102565532	102765532	harbor2	chr11	102569670	102570031	LTR/ERVL-MaLR	2033	-	180	102569850	4318
chr11	102565532	102765532	harbor2	chr11	102570474	102570539	LTR/ERVL-MaLR	496	-	32	102570506	4974
chr11	102565532	102765532	harbor2	chr11	102638574	102638918	LTR/ERVL-MaLR	1875	-	172	102638746	73214
chr11	102565532	102765532	harbor2	chr11	102655488	102655979	LTR/ERVL-MaLR	1323	-	246	102655734	90202
chr11	129616325	129816325	harbor2	chr11	129632501	129632857	LTR/ERVL-MaLR	2075	-	178	129632679	16354
chr11	129616325	129816325	harbor2	chr11	129682191	129682409	LTR/ERVL-MaLR	858	-	109	129682300	65975
chr11	77042675	77242675	harbor2	chr11	77043130	77043424	LTR/ERVL-MaLR	1277	-	147	77043277	602
chr11	77042675	77242675	harbor2	chr11	77043730	77043762	LTR/ERVL-MaLR	1277	-	16	77043746	1071
chr11	77042675	77242675	harbor2	chr11	77045168	77045653	LTR/ERVL-MaLR	995	-	242	77045410	2735
chr11	77042675	77242675	harbor2	chr11	77070636	77071088	LTR/ERVL-MaLR	1878	-	226	77070862	28187
chr11	91654982	91854982	harbor2	chr11	91660260	91660579	LTR/ERVL-MaLR	1312	-	160	91660420	5438
chr11	91654982	91854982	harbor2	chr11	91705438	91705828	LTR/ERVL-MaLR	714	-	195	91705633	50651
chr11	91654982	91854982	harbor2	chr11	91709812	91710123	LTR/ERVL-MaLR	869	-	156	91709968	54986
chr11	91654982	91854982	harbor2	chr11	91711730	91712072	LTR/ERVL-MaLR	1471	-	171	91711901	56919
chr11	91654982	91854982	harbor2	chr11	91720423	91720584	LTR/ERVL-MaLR	769	-	80	91720503	65521
chr11	91654982	91854982	harbor2	chr11	91723339	91723732	LTR/ERVL-MaLR	1483	-	196	91723535	68553
chr11	91654982	91854982	harbor2	chr11	91733401	91733763	LTR/ERVL-MaLR	2185	-	181	91733582	78600
chr11	91654982	91854982	harbor2	chr11	91745228	91745341	LTR/ERVL-MaLR	562	-	56	91745284	90302
chr11	91654982	91854982	harbor2	chr11	91751517	91751897	LTR/ERVL-MaLR	1499	-	190	91751707	96725
chr11	106123776	106323776	harbor2	chr11	106135327	106135546	LTR/ERVL-MaLR	552	-	110	106135437	11661
chr11	106123776	106323776	harbor2	chr11	106165082	106166125	LTR/ERVL-MaLR	4512	-	522	106165604	41828
chr11	106123776	106323776	harbor2	chr11	106166127	106166491	LTR/ERVL-MaLR	1950	-	182	106166309	42533
chr11	106123776	106323776	harbor2	chr11	106216342	106216884	LTR/ERVL-MaLR	1388	-	271	106216613	92837
chr11	126031673	126231673	harbor2	chr11	126110935	126111181	LTR/ERVL-MaLR	1530	-	123	126111058	79385
chr11	126031673	126231673	harbor2	chr11	126127021	126127383	LTR/ERVL-MaLR	2782	-	181	126127202	95529
chr11	110321497	110521497	harbor2	chr11	110330356	110330722	LTR/ERVL-MaLR	5800	-	183	110330539	9042
chr11	110321497	110521497	harbor2	chr11	110330723	110331132	LTR/ERVL-MaLR	1974	-	204	110330927	9430
chr11	110321497	110521497	harbor2	chr11	110368046	110368421	LTR/ERVL-MaLR	2302	-	188	110368234	46737
chr11	110321497	110521497	harbor2	chr11	110368750	110368804	LTR/ERVL-MaLR	2302	-	27	110368777	47280
chr11	110321497	110521497	harbor2	chr11	110371742	110372177	LTR/ERVL-MaLR	1705	-	218	110371960	50463
chr11	110321497	110521497	harbor2	chr11	110377425	110377772	LTR/ERVL-MaLR	1708	-	174	110377599	56102
chr11	110321497	110521497	harbor2	chr11	110413143	110413623	LTR/ERVL-MaLR	705	-	240	110413383	91886
chr11	110321497	110521497	harbor2	chr11	110413863	110414135	LTR/ERVL-MaLR	1101	-	136	110413999	92502
chr11	110321497	110521497	harbor2	chr11	110329450	110330059	LTR/ERVL-MaLR	5800	-	304	110329754	8257
chr11	21886649	22086649	harbor2	chr11	21903976	21904331	LTR/ERVL-MaLR	1886	-	178	21904154	17505
chr11	21886649	22086649	harbor2	chr11	21929893	21930355	LTR/ERVL-MaLR	1046	-	231	21930124	43475
chr11	21886649	22086649	harbor2	chr11	21969819	21970403	LTR/ERVL-MaLR	774	-	292	21970111	83462
chr11	21886649	22086649	harbor2	chr11	21979880	21980263	LTR/ERVL-MaLR	1919	-	192	21980072	93423
chr11	21886649	22086649	harbor2	chr11	21986022	21986406	LTR/ERVL-MaLR	751	-	192	21986214	99565
chr11	133218066	133418066	harbor2	chr11	133242359	133242758	LTR/ERVL-MaLR	1452	-	200	133242559	24493
chr11	133218066	133418066	harbor2	chr11	133249097	133249515	LTR/ERVL-MaLR	2220	-	209	133249306	31240
chr11	118530420	118730420	harbor2	chr11	118542120	118542466	LTR/ERVL-MaLR	2202	-	173	118542293	11873
chr11	74498650	74698650	harbor2	chr11	74504405	74504598	LTR/ERVL-MaLR	592	-	96	74504501	5851
chr11	74498650	74698650	harbor2	chr11	74533337	74533746	LTR/ERVL-MaLR	2471	-	204	74533541	34891
chr11	74498650	74698650	harbor2	chr11	74547470	74547626	LTR/ERVL-MaLR	744	-	78	74547548	48898
chr11	74498650	74698650	harbor2	chr11	74557628	74558015	LTR/ERVL-MaLR	1775	-	194	74557822	59172
chr11	74498650	74698650	harbor2	chr11	74566357	74566561	LTR/ERVL-MaLR	804	-	102	74566459	67809
chr11	74498650	74698650	harbor2	chr11	74566639	74566772	LTR/ERVL-MaLR	458	-	66	74566705	68055
chr11	74498650	74698650	harbor2	chr11	74571742	74572051	LTR/ERVL-MaLR	706	-	154	74571896	73246
chr11	74498650	74698650	harbor2	chr11	74574844	74574904	LTR/ERVL-MaLR	2209	-	30	74574874	76224
chr11	74498650	74698650	harbor2	chr11	74575225	74575536	LTR/ERVL-MaLR	2209	-	156	74575381	76731
chr11	74498650	74698650	harbor2	chr11	74594221	74594500	LTR/ERVL-MaLR	1405	-	140	74594361	95711
chr11	74498650	74698650	harbor2	chr11	74594656	74594986	LTR/ERVL-MaLR	1930	-	165	74594821	96171
chr11	66306005	66506005	harbor2	chr11	66359790	66359930	LTR/ERVL-MaLR	459	-	70	66359860	53855
chr11	102830611	103030611	harbor2	chr11	102888399	102888754	LTR/ERVL-MaLR	2327	-	178	102888577	57966
chr11	102830611	103030611	harbor2	chr11	102894326	102894823	LTR/ERVL-MaLR	3244	-	248	102894574	63963
chr11	102830611	103030611	harbor2	chr11	102894826	102894867	LTR/ERVL-MaLR	2214	-	20	102894846	64235
chr11	102830611	103030611	harbor2	chr11	102895193	102895517	LTR/ERVL-MaLR	2214	-	162	102895355	64744
chr11	92604486	92804486	harbor2	chr11	92620756	92621115	LTR/ERVL-MaLR	1100	-	180	92620936	16450
chr11	92604486	92804486	harbor2	chr11	92624720	92625072	LTR/ERVL-MaLR	1326	-	176	92624896	20410
chr11	92604486	92804486	harbor2	chr11	92641341	92641775	LTR/ERVL-MaLR	1195	-	217	92641558	37072
chr11	92604486	92804486	harbor2	chr11	92646017	92646520	LTR/ERVL-MaLR	1612	-	252	92646269	41783
chr11	92604486	92804486	harbor2	chr11	92677521	92677717	LTR/ERVL-MaLR	889	-	98	92677619	73133
chr11	92604486	92804486	harbor2	chr11	92678447	92678581	LTR/ERVL-MaLR	610	-	67	92678514	74028
chr11	130634854	130834854	harbor2	chr11	130647136	130647541	LTR/ERVL-MaLR	2251	-	202	130647338	12484
chr11	130634854	130834854	harbor2	chr11	130679581	130679946	LTR/ERVL-MaLR	2226	-	182	130679763	44909
chr11	130634854	130834854	harbor2	chr11	130705175	130705640	LTR/ERVL-MaLR	2309	-	232	130705407	70553
chr11	130634854	130834854	harbor2	chr11	130715749	130716220	LTR/ERVL-MaLR	1638	-	236	130715985	81131
chr11	130634854	130834854	harbor2	chr11	130734282	130734687	LTR/ERVL-MaLR	1005	-	202	130734484	99630
chr11	124337190	124537190	harbor2	chr11	124341428	124341768	LTR/ERVL-MaLR	1290	-	170	124341598	4408
chr11	124337190	124537190	harbor2	chr11	124369384	124369746	LTR/ERVL-MaLR	586	-	181	124369565	32375
chr11	124337190	124537190	harbor2	chr11	124401056	124401216	LTR/ERVL-MaLR	1057	-	80	124401136	63946
chr11	124337190	124537190	harbor2	chr11	124401250	124401432	LTR/ERVL-MaLR	1057	-	91	124401341	64151
chr11	123121075	123321075	harbor2	chr11	123149382	123149582	LTR/ERVL-MaLR	737	-	100	123149482	28407
chr11	123121075	123321075	harbor2	chr11	123175150	123175521	LTR/ERVL-MaLR	1912	-	186	123175336	54261
chr11	114899611	115099611	harbor2	chr11	114907625	114908145	LTR/ERVL-MaLR	2034	-	260	114907885	8274
chr11	114899611	115099611	harbor2	chr11	114923330	114923694	LTR/ERVL-MaLR	1656	-	182	114923512	23901
chr11	114899611	115099611	harbor2	chr11	114951063	114951610	LTR/ERVL-MaLR	2187	-	274	114951337	51726
chr11	114899611	115099611	harbor2	chr11	114954558	114954803	LTR/ERVL-MaLR	1876	-	122	114954680	55069
chr11	114899611	115099611	harbor2	chr11	114955079	114955213	LTR/ERVL-MaLR	1876	-	67	114955146	55535
chr11	114899611	115099611	harbor2	chr11	114964012	114964661	LTR/ERVL-MaLR	1353	-	324	114964336	64725
chr11	114899611	115099611	harbor2	chr11	114974876	114975175	LTR/ERVL-MaLR	611	-	150	114975026	75415
chr11	82529450	82729450	harbor2	chr11	82548843	82549187	LTR/ERVL-MaLR	2037	-	172	82549015	19565
chr11	82529450	82729450	harbor2	chr11	82601107	82601435	LTR/ERVL-MaLR	1295	-	164	82601271	71821
chr11	82529450	82729450	harbor2	chr11	82618759	82619239	LTR/ERVL-MaLR	794	-	240	82618999	89549
chr11	130353639	130553639	harbor2	chr11	130358944	130359392	LTR/ERVL-MaLR	2463	-	224	130359168	5529
chr11	130353639	130553639	harbor2	chr11	130360606	130360834	LTR/ERVL-MaLR	1408	-	114	130360720	7081
chr11	130353639	130553639	harbor2	chr11	130361138	130361269	LTR/ERVL-MaLR	1408	-	66	130361204	7565
chr11	130353639	130553639	harbor2	chr11	130370348	130370871	LTR/ERVL-MaLR	1059	-	262	130370610	16971
chr11	130353639	130553639	harbor2	chr11	130441176	130441581	LTR/ERVL-MaLR	2692	-	202	130441378	87739
chr11	112454368	112654368	harbor2	chr11	112466582	112466942	LTR/ERVL-MaLR	2140	-	180	112466762	12394
chr11	112454368	112654368	harbor2	chr11	112484653	112485003	LTR/ERVL-MaLR	1754	-	175	112484828	30460
chr11	112454368	112654368	harbor2	chr11	112489193	112489604	LTR/ERVL-MaLR	1740	-	206	112489399	35031
chr11	112454368	112654368	harbor2	chr11	112493407	112493801	LTR/ERVL-MaLR	2382	-	197	112493604	39236
chr11	112454368	112654368	harbor2	chr11	112501943	112502315	LTR/ERVL-MaLR	1422	-	186	112502129	47761
chr11	112454368	112654368	harbor2	chr11	112506185	112506632	LTR/ERVL-MaLR	1794	-	224	112506409	52041
chr11	112454368	112654368	harbor2	chr11	112509310	112509775	LTR/ERVL-MaLR	1326	-	232	112509542	55174
chr11	112454368	112654368	harbor2	chr11	112522584	112523077	LTR/ERVL-MaLR	1413	-	246	112522830	68462
chr11	112454368	112654368	harbor2	chr11	112524297	112524403	LTR/ERVL-MaLR	370	-	53	112524350	69982
chr11	112454368	112654368	harbor2	chr11	112525387	112525876	LTR/ERVL-MaLR	856	-	244	112525631	71263
chr11	112454368	112654368	harbor2	chr11	112542144	112542670	LTR/ERVL-MaLR	754	-	263	112542407	88039
chr11	60266667	60466667	harbor2	chr11	60276958	60277318	LTR/ERVL-MaLR	2122	-	180	60277138	10471
chr11	60266667	60466667	harbor2	chr11	60287186	60287551	LTR/ERVL-MaLR	1308	-	182	60287368	20701
chr11	60266667	60466667	harbor2	chr11	60287564	60288307	LTR/ERVL-MaLR	2822	-	372	60287936	21269
chr11	60266667	60466667	harbor2	chr11	60297530	60297680	LTR/ERVL-MaLR	372	-	75	60297605	30938
chr11	60266667	60466667	harbor2	chr11	60297740	60297912	LTR/ERVL-MaLR	686	-	86	60297826	31159
chr11	60266667	60466667	harbor2	chr11	60305243	60305656	LTR/ERVL-MaLR	1477	-	206	60305449	38782
chr11	60266667	60466667	harbor2	chr11	60306231	60306470	LTR/ERVL-MaLR	1006	-	120	60306351	39684
chr11	60266667	60466667	harbor2	chr11	60306514	60306712	LTR/ERVL-MaLR	399	-	99	60306613	39946
chr11	60266667	60466667	harbor2	chr11	60322649	60322915	LTR/ERVL-MaLR	1465	-	133	60322782	56115
chr11	60266667	60466667	harbor2	chr11	60364514	60365100	LTR/ERVL-MaLR	1063	-	293	60364807	98140
chr11	55336962	55536962	harbor2	chr11	55370476	55370690	LTR/ERVL-MaLR	789	-	107	55370583	33621
chr11	55336962	55536962	harbor2	chr11	55370691	55372258	LTR/ERVL-MaLR	7425	-	784	55371475	34513
chr11	55336962	55536962	harbor2	chr11	55372259	55372676	LTR/ERVL-MaLR	2104	-	208	55372467	35505
chr11	55336962	55536962	harbor2	chr11	55389583	55389806	LTR/ERVL-MaLR	473	-	112	55389695	52733
chr11	55336962	55536962	harbor2	chr11	55389855	55390525	LTR/ERVL-MaLR	1100	-	335	55390190	53228
chr11	55336962	55536962	harbor2	chr11	55390579	55391048	LTR/ERVL-MaLR	575	-	234	55390813	53851
chr11	55336962	55536962	harbor2	chr11	55392107	55392314	LTR/ERVL-MaLR	416	-	104	55392211	55249
chr11	55336962	55536962	harbor2	chr11	55399775	55400192	LTR/ERVL-MaLR	1930	-	208	55399983	63021
chr11	55336962	55536962	harbor2	chr11	55400193	55401833	LTR/ERVL-MaLR	8075	-	820	55401013	64051
chr11	55336962	55536962	harbor2	chr11	55401836	55402250	LTR/ERVL-MaLR	2147	-	207	55402043	65081
chr11	55336962	55536962	harbor2	chr11	55411720	55411940	LTR/ERVL-MaLR	375	-	110	55411830	74868
chr11	55336962	55536962	harbor2	chr11	55411950	55412749	LTR/ERVL-MaLR	1090	-	400	55412350	75388
chr11	55336962	55536962	harbor2	chr11	55412750	55413268	LTR/ERVL-MaLR	897	-	259	55413009	76047
chr11	55336962	55536962	harbor2	chr11	55414364	55414602	LTR/ERVL-MaLR	850	-	119	55414483	77521
chr11	55336962	55536962	harbor2	chr11	55432560	55433233	LTR/ERVL-MaLR	1184	-	336	55432896	95934
chr11	55336962	55536962	harbor2	chr11	55433268	55433302	LTR/ERVL-MaLR	545	-	17	55433285	96323
chr11	55336962	55536962	harbor2	chr11	55433580	55433778	LTR/ERVL-MaLR	545	-	99	55433679	96717
chr11	55336962	55536962	harbor2	chr11	55435159	55435345	LTR/ERVL-MaLR	494	-	93	55435252	98290
chr11	55336962	55536962	harbor2	chr11	55435908	55436078	LTR/ERVL-MaLR	1298	-	85	55435993	99031
chr11	55336962	55536962	harbor2	chr11	55436068	55436120	LTR/ERVL-MaLR	367	-	26	55436094	99132
chr11	100170805	100370805	harbor2	chr11	100182207	100182549	LTR/ERVL-MaLR	1091	-	171	100182378	11573
chr11	100170805	100370805	harbor2	chr11	100208198	100208662	LTR/ERVL-MaLR	1473	-	232	100208430	37625
chr11	100170805	100370805	harbor2	chr11	100208756	100209153	LTR/ERVL-MaLR	651	-	198	100208954	38149
chr11	100170805	100370805	harbor2	chr11	100214382	100214767	LTR/ERVL-MaLR	749	-	192	100214574	43769
chr11	100170805	100370805	harbor2	chr11	100214780	100214969	LTR/ERVL-MaLR	572	-	94	100214874	44069
chr11	100170805	100370805	harbor2	chr11	100215161	100215417	LTR/ERVL-MaLR	733	-	128	100215289	44484
chr11	100170805	100370805	harbor2	chr11	100242446	100242784	LTR/ERVL-MaLR	2000	-	169	100242615	71810
chr11	100170805	100370805	harbor2	chr11	100245009	100245251	LTR/ERVL-MaLR	501	-	121	100245130	74325
chr11	100170805	100370805	harbor2	chr11	100251134	100251279	LTR/ERVL-MaLR	370	-	72	100251206	80401
chr11	100170805	100370805	harbor2	chr11	100252685	100253019	LTR/ERVL-MaLR	808	-	167	100252852	82047
chr11	100170805	100370805	harbor2	chr11	100267117	100267253	LTR/ERVL-MaLR	896	-	68	100267185	96380
chr11	100170805	100370805	harbor2	chr11	100267282	100267471	LTR/ERVL-MaLR	896	-	94	100267376	96571
chr11	130516266	130716266	harbor2	chr11	130521089	130521454	LTR/ERVL-MaLR	2200	-	182	130521271	5005
chr11	130516266	130716266	harbor2	chr11	130530715	130531096	LTR/ERVL-MaLR	1518	-	190	130530905	14639
chr11	130516266	130716266	harbor2	chr11	130579337	130579724	LTR/ERVL-MaLR	1866	-	194	130579531	63265
chr11	130516266	130716266	harbor2	chr11	130587065	130587391	LTR/ERVL-MaLR	1080	-	163	130587228	70962
chr11	130516266	130716266	harbor2	chr11	130589066	130589452	LTR/ERVL-MaLR	2104	-	193	130589259	72993
chr11	130516266	130716266	harbor2	chr11	130594113	130594701	LTR/ERVL-MaLR	728	-	294	130594407	78141
chr11	130516266	130716266	harbor2	chr11	130600500	130600899	LTR/ERVL-MaLR	2440	-	200	130600700	84434
chr11	47531890	47731890	harbor2	chr11	47539803	47540083	LTR/ERVL-MaLR	693	-	140	47539943	8053
chr11	117881882	118081882	harbor2	chr11	117980583	117980969	LTR/ERVL-MaLR	814	-	193	117980776	98894
chr11	107800525	108000525	harbor2	chr11	107864010	107864169	LTR/ERVL-MaLR	643	-	80	107864090	63565
chr11	107800525	108000525	harbor2	chr11	107865312	107865490	LTR/ERVL-MaLR	728	-	89	107865401	64876
chr11	107800525	108000525	harbor2	chr11	107876743	107876799	LTR/ERVL-MaLR	1864	-	28	107876771	76246
chr11	107800525	108000525	harbor2	chr11	107877094	107877426	LTR/ERVL-MaLR	1864	-	166	107877260	76735
chr11	73234538	73434538	harbor2	chr11	73286973	73287536	LTR/ERVL-MaLR	743	-	282	73287255	52717
chr11	73234538	73434538	harbor2	chr11	73318781	73319063	LTR/ERVL-MaLR	1854	-	141	73318922	84384
chr11	73234538	73434538	harbor2	chr11	73319362	73319554	LTR/ERVL-MaLR	1854	-	96	73319458	84920
chr11	103565830	103765830	harbor2	chr11	103585771	103586152	LTR/ERVL-MaLR	1952	-	190	103585961	20131
chr11	103565830	103765830	harbor2	chr11	103599221	103599636	LTR/ERVL-MaLR	1866	-	208	103599429	33599
chr11	103565830	103765830	harbor2	chr11	103606213	103606385	LTR/ERVL-MaLR	640	-	86	103606299	40469
chr11	103565830	103765830	harbor2	chr11	103606398	103606707	LTR/ERVL-MaLR	861	-	154	103606552	40722
chr11	103565830	103765830	harbor2	chr11	103646984	103647365	LTR/ERVL-MaLR	2201	-	190	103647174	81344
chr11	103565830	103765830	harbor2	chr11	103659383	103659553	LTR/ERVL-MaLR	470	-	85	103659468	93638
chr11	120334298	120534298	harbor2	chr11	120346210	120346544	LTR/ERVL-MaLR	931	-	167	120346377	12079
chr11	120334298	120534298	harbor2	chr11	120358525	120358570	LTR/ERVL-MaLR	1796	-	22	120358547	24249
chr11	120334298	120534298	harbor2	chr11	120358778	120359230	LTR/ERVL-MaLR	1796	-	226	120359004	24706
chr11	120334298	120534298	harbor2	chr11	120359542	120359574	LTR/ERVL-MaLR	1796	-	16	120359558	25260
chr11	120334298	120534298	harbor2	chr11	120392504	120392686	LTR/ERVL-MaLR	604	-	91	120392595	58297
chr11	120334298	120534298	harbor2	chr11	120395507	120395872	LTR/ERVL-MaLR	2704	-	182	120395689	61391
chr11	120334298	120534298	harbor2	chr11	120396787	120396882	LTR/ERVL-MaLR	368	-	48	120396835	62537
chr11	120334298	120534298	harbor2	chr11	120412326	120412535	LTR/ERVL-MaLR	887	-	104	120412430	78132
chr11	99147087	99347087	harbor2	chr11	99172883	99173226	LTR/ERVL-MaLR	1897	-	172	99173055	25968
chr11	99147087	99347087	harbor2	chr11	99199534	99199850	LTR/ERVL-MaLR	655	-	158	99199692	52605
chr11	99147087	99347087	harbor2	chr11	99209224	99209643	LTR/ERVL-MaLR	2491	-	210	99209434	62347
chr11	121465489	121665489	harbor2	chr11	121468979	121469351	LTR/ERVL-MaLR	556	-	186	121469165	3676
chr11	121465489	121665489	harbor2	chr11	121501475	121501835	LTR/ERVL-MaLR	2846	-	180	121501655	36166
chr11	121465489	121665489	harbor2	chr11	121506288	121506649	LTR/ERVL-MaLR	2327	-	180	121506468	40979
chr11	121465489	121665489	harbor2	chr11	121510263	121510762	LTR/ERVL-MaLR	1119	-	250	121510513	45024
chr11	133830240	134030240	harbor2	chr11	133866028	133866447	LTR/ERVL-MaLR	2627	-	210	133866238	35998
chr11	133830240	134030240	harbor2	chr11	133870699	133871057	LTR/ERVL-MaLR	1812	-	179	133870878	40638
chr11	133830240	134030240	harbor2	chr11	133886062	133886417	LTR/ERVL-MaLR	404	-	178	133886240	56000
chr11	59194541	59394541	harbor2	chr11	59199994	59200354	LTR/ERVL-MaLR	2218	-	180	59200174	5633
chr11	59194541	59394541	harbor2	chr11	59200960	59201335	LTR/ERVL-MaLR	2073	-	188	59201148	6607
chr11	59194541	59394541	harbor2	chr11	59225357	59225787	LTR/ERVL-MaLR	2568	-	215	59225572	31031
chr11	59194541	59394541	harbor2	chr11	59226218	59226381	LTR/ERVL-MaLR	595	-	82	59226300	31759
chr11	59194541	59394541	harbor2	chr11	59226388	59226485	LTR/ERVL-MaLR	402	-	48	59226436	31895
chr11	59194541	59394541	harbor2	chr11	59251335	59251465	LTR/ERVL-MaLR	611	-	65	59251400	56859
chr11	59194541	59394541	harbor2	chr11	59268826	59269031	LTR/ERVL-MaLR	1076	-	102	59268928	74387
chr11	116593308	116793308	harbor2	chr11	116606738	116607096	LTR/ERVL-MaLR	1390	-	179	116606917	13609
chr11	116593308	116793308	harbor2	chr11	116611323	116611818	LTR/ERVL-MaLR	1260	-	248	116611571	18263
chr11	116593308	116793308	harbor2	chr11	116617403	116617674	LTR/ERVL-MaLR	459	-	136	116617539	24231
chr11	116593308	116793308	harbor2	chr11	116627404	116627595	LTR/ERVL-MaLR	890	-	96	116627500	34192
chr11	116593308	116793308	harbor2	chr11	116627698	116628001	LTR/ERVL-MaLR	1028	-	152	116627850	34542
chr11	116593308	116793308	harbor2	chr11	116628006	116628137	LTR/ERVL-MaLR	540	-	66	116628072	34764
chr11	116593308	116793308	harbor2	chr11	116628138	116628501	LTR/ERVL-MaLR	2328	-	182	116628320	35012
chr11	116593308	116793308	harbor2	chr11	116628502	116628519	LTR/ERVL-MaLR	540	-	8	116628510	35202
chr11	116593308	116793308	harbor2	chr11	116628520	116628922	LTR/ERVL-MaLR	2449	-	201	116628721	35413
chr11	116593308	116793308	harbor2	chr11	116628923	116629027	LTR/ERVL-MaLR	540	-	52	116628975	35667
chr11	116593308	116793308	harbor2	chr11	116629029	116630409	LTR/ERVL-MaLR	5380	-	690	116629719	36411
chr11	116593308	116793308	harbor2	chr11	116630410	116630854	LTR/ERVL-MaLR	1732	-	222	116630632	37324
chr11	116593308	116793308	harbor2	chr11	116634678	116635022	LTR/ERVL-MaLR	1949	-	172	116634850	41542
chr11	116593308	116793308	harbor2	chr11	116658172	116658537	LTR/ERVL-MaLR	1308	-	182	116658354	65046
chr11	116593308	116793308	harbor2	chr11	116664404	116664472	LTR/ERVL-MaLR	391	-	34	116664438	71130
chr11	116593308	116793308	harbor2	chr11	116678556	116678712	LTR/ERVL-MaLR	571	-	78	116678634	85326
chr11	116593308	116793308	harbor2	chr11	116678770	116679148	LTR/ERVL-MaLR	1429	-	189	116678959	85651
chr11	116593308	116793308	harbor2	chr11	116679596	116680559	LTR/ERVL-MaLR	1114	-	482	116680078	86770
chr11	116593308	116793308	harbor2	chr11	116680742	116681106	LTR/ERVL-MaLR	1025	-	182	116680924	87616
chr11	116593308	116793308	harbor2	chr11	116683870	116684229	LTR/ERVL-MaLR	1732	-	180	116684050	90742
chr11	116593308	116793308	harbor2	chr11	116690322	116690358	LTR/ERVL-MaLR	2236	-	18	116690340	97032
chr11	116593308	116793308	harbor2	chr11	116690639	116690980	LTR/ERVL-MaLR	2236	-	170	116690809	97501
chr11	102035105	102235105	harbor2	chr11	102049129	102049495	LTR/ERVL-MaLR	1227	-	183	102049312	14207
chr11	102035105	102235105	harbor2	chr11	102051376	102051569	LTR/ERVL-MaLR	366	-	96	102051472	16367
chr11	102035105	102235105	harbor2	chr11	102063988	102064095	LTR/ERVL-MaLR	553	-	54	102064042	28937
chr11	102035105	102235105	harbor2	chr11	102089325	102089548	LTR/ERVL-MaLR	654	-	112	102089437	54332
chr11	102035105	102235105	harbor2	chr11	102089859	102090099	LTR/ERVL-MaLR	654	-	120	102089979	54874
chr11	102035105	102235105	harbor2	chr11	102107069	102107467	LTR/ERVL-MaLR	2106	-	199	102107268	72163
chr11	102035105	102235105	harbor2	chr11	102133772	102134139	LTR/ERVL-MaLR	897	-	184	102133956	98851
chr11	59250997	59450997	harbor2	chr11	59251335	59251465	LTR/ERVL-MaLR	611	-	65	59251400	403
chr11	59250997	59450997	harbor2	chr11	59268826	59269031	LTR/ERVL-MaLR	1076	-	102	59268928	17931
chr11	59250997	59450997	harbor2	chr11	59325776	59326142	LTR/ERVL-MaLR	2474	-	183	59325959	74962
chr11	59250997	59450997	harbor2	chr11	59329481	59329665	LTR/ERVL-MaLR	572	-	92	59329573	78576
chr11	59250997	59450997	harbor2	chr11	59330571	59330865	LTR/ERVL-MaLR	681	-	147	59330718	79721
chr11	59250997	59450997	harbor2	chr11	59330945	59331549	LTR/ERVL-MaLR	1251	-	302	59331247	80250
chr11	59250997	59450997	harbor2	chr11	59331827	59332273	LTR/ERVL-MaLR	422	-	223	59332050	81053
chr11	59250997	59450997	harbor2	chr11	59340961	59341335	LTR/ERVL-MaLR	2296	-	187	59341148	90151
chr11	115988127	116188127	harbor2	chr11	116018469	116018748	LTR/ERVL-MaLR	1725	-	140	116018609	30482
chr11	115988127	116188127	harbor2	chr11	116018909	116019223	LTR/ERVL-MaLR	1243	-	157	116019066	30939
chr11	115988127	116188127	harbor2	chr11	116019272	116019483	LTR/ERVL-MaLR	1243	-	106	116019378	31251
chr11	115988127	116188127	harbor2	chr11	116044199	116044547	LTR/ERVL-MaLR	1329	-	174	116044373	56246
chr11	115988127	116188127	harbor2	chr11	116055998	116056341	LTR/ERVL-MaLR	407	-	172	116056170	68043
chr11	115988127	116188127	harbor2	chr11	116063650	116064111	LTR/ERVL-MaLR	2498	-	230	116063880	75753
chr11	115988127	116188127	harbor2	chr11	116068031	116068385	LTR/ERVL-MaLR	1000	-	177	116068208	80081
chr11	115988127	116188127	harbor2	chr11	116068672	116068705	LTR/ERVL-MaLR	1000	-	16	116068688	80561
chr11	115988127	116188127	harbor2	chr11	116031424	116031762	LTR/ERVL-MaLR	644	-	169	116031593	43466
chr11	81291438	81491438	harbor2	chr11	81315197	81315579	LTR/ERVL-MaLR	1335	-	191	81315388	23950
chr11	81291438	81491438	harbor2	chr11	81315605	81315783	LTR/ERVL-MaLR	540	-	89	81315694	24256
chr11	96303532	96503532	harbor2	chr11	96330521	96330989	LTR/ERVL-MaLR	924	-	234	96330755	27223
chr11	96303532	96503532	harbor2	chr11	96396360	96396716	LTR/ERVL-MaLR	1322	-	178	96396538	93006
chr11	96303532	96503532	harbor2	chr11	96396917	96397107	LTR/ERVL-MaLR	1322	-	95	96397012	93480
chr11	96303532	96503532	harbor2	chr11	96397138	96397456	LTR/ERVL-MaLR	495	-	159	96397297	93765
chr11	68273088	68473088	harbor2	chr11	68288814	68289152	LTR/ERVL-MaLR	1184	-	169	68288983	15895
chr11	68273088	68473088	harbor2	chr11	68289214	68289664	LTR/ERVL-MaLR	1023	-	225	68289439	16351
chr11	68273088	68473088	harbor2	chr11	68305853	68306136	LTR/ERVL-MaLR	1759	-	142	68305995	32907
chr11	68273088	68473088	harbor2	chr11	68306436	68306628	LTR/ERVL-MaLR	1759	-	96	68306532	33444
chr11	68273088	68473088	harbor2	chr11	68359058	68359299	LTR/ERVL-MaLR	858	-	120	68359178	86090
chr11	15935050	16135050	harbor2	chr11	15935372	15935799	LTR/ERVL-MaLR	854	-	214	15935586	536
chr11	15935050	16135050	harbor2	chr11	15953774	15954203	LTR/ERVL-MaLR	2599	-	214	15953988	18938
chr11	15935050	16135050	harbor2	chr11	15956972	15957358	LTR/ERVL-MaLR	2262	-	193	15957165	22115
chr11	134125356	134325356	harbor2	chr11	134128896	134129119	LTR/ERVL-MaLR	1364	-	112	134129008	3652
chr11	134125356	134325356	harbor2	chr11	134129416	134129515	LTR/ERVL-MaLR	1364	-	50	134129466	4110
chr11	127026399	127226399	harbor2	chr11	127026840	127027206	LTR/ERVL-MaLR	504	-	183	127027023	624
chr11	127026399	127226399	harbor2	chr11	127030785	127030989	LTR/ERVL-MaLR	518	-	102	127030887	4488
chr11	127026399	127226399	harbor2	chr11	127033449	127033684	LTR/ERVL-MaLR	931	-	118	127033567	7168
chr11	127026399	127226399	harbor2	chr11	127042882	127043322	LTR/ERVL-MaLR	1922	-	220	127043102	16703
chr11	127026399	127226399	harbor2	chr11	127056277	127056665	LTR/ERVL-MaLR	992	-	194	127056471	30072
chr11	107303657	107503657	harbor2	chr11	107311263	107311617	LTR/ERVL-MaLR	721	-	177	107311440	7783
chr11	125207210	125407210	harbor2	chr11	125218745	125219026	LTR/ERVL-MaLR	895	-	140	125218885	11675
chr11	125207210	125407210	harbor2	chr11	125236929	125237486	LTR/ERVL-MaLR	1691	-	278	125237207	29997
chr11	125207210	125407210	harbor2	chr11	125246096	125246466	LTR/ERVL-MaLR	1359	-	185	125246281	39071
chr11	125207210	125407210	harbor2	chr11	125298924	125299342	LTR/ERVL-MaLR	2554	-	209	125299133	91923
chr11	44457288	44657288	harbor2	chr11	44461064	44461562	LTR/ERVL-MaLR	935	-	249	44461313	4025
chr11	44457288	44657288	harbor2	chr11	44462940	44463152	LTR/ERVL-MaLR	982	-	106	44463046	5758
chr11	44457288	44657288	harbor2	chr11	44496334	44496597	LTR/ERVL-MaLR	1271	-	132	44496466	39178
chr11	44457288	44657288	harbor2	chr11	44504957	44505322	LTR/ERVL-MaLR	1820	-	182	44505139	47851
chr11	44457288	44657288	harbor2	chr11	44507563	44507948	LTR/ERVL-MaLR	983	-	192	44507755	50467
chr11	44457288	44657288	harbor2	chr11	44519267	44519641	LTR/ERVL-MaLR	1780	-	187	44519454	62166
chr11	44457288	44657288	harbor2	chr11	44552185	44552289	LTR/ERVL-MaLR	408	-	52	44552237	94949
chr11	44457288	44657288	harbor2	chr11	44553460	44553662	LTR/ERVL-MaLR	570	-	101	44553561	96273
chr11	44457288	44657288	harbor2	chr11	44498607	44499032	LTR/ERVL-MaLR	859	-	212	44498819	41531
chr11	132267467	132467467	harbor2	chr11	132278185	132278519	LTR/ERVL-MaLR	1282	-	167	132278352	10885
chr11	132267467	132467467	harbor2	chr11	132284603	132284694	LTR/ERVL-MaLR	426	-	46	132284649	17182
chr11	132267467	132467467	harbor2	chr11	132301036	132301402	LTR/ERVL-MaLR	2598	-	183	132301219	33752
chr11	132267467	132467467	harbor2	chr11	132303179	132303632	LTR/ERVL-MaLR	1557	-	226	132303405	35938
chr11	132267467	132467467	harbor2	chr11	132354850	132355374	LTR/ERVL-MaLR	2319	-	262	132355112	87645
chr11	132267467	132467467	harbor2	chr11	132284210	132284529	LTR/ERVL-MaLR	1480	-	160	132284370	16903
chr11	50130739	50330739	harbor2	chr11	50138816	50138868	LTR/ERVL-MaLR	593	-	26	50138842	8103
chr11	50130739	50330739	harbor2	chr11	50139253	50139573	LTR/ERVL-MaLR	593	-	160	50139413	8674
chr11	50130739	50330739	harbor2	chr11	50139869	50140211	LTR/ERVL-MaLR	1209	-	171	50140040	9301
chr11	50130739	50330739	harbor2	chr11	50160701	50161042	LTR/ERVL-MaLR	2065	-	170	50160871	30132
chr11	50130739	50330739	harbor2	chr11	50201125	50201491	LTR/ERVL-MaLR	2163	-	183	50201308	70569
chr11	50130739	50330739	harbor2	chr11	50202917	50203132	LTR/ERVL-MaLR	1052	-	108	50203025	72286
chr11	50130739	50330739	harbor2	chr11	50212041	50212400	LTR/ERVL-MaLR	2056	-	180	50212221	81482
chr11	50130739	50330739	harbor2	chr11	50134683	50135062	LTR/ERVL-MaLR	799	-	190	50134873	4134
chr11	131109189	131309189	harbor2	chr11	131132611	131132966	LTR/ERVL-MaLR	1878	-	178	131132789	23600
chr11	131109189	131309189	harbor2	chr11	131133539	131133992	LTR/ERVL-MaLR	1052	-	226	131133765	24576
chr11	131109189	131309189	harbor2	chr11	131134022	131134443	LTR/ERVL-MaLR	1001	-	210	131134232	25043
chr11	131109189	131309189	harbor2	chr11	131153238	131153589	LTR/ERVL-MaLR	2165	-	176	131153414	44225
chr11	131109189	131309189	harbor2	chr11	131187943	131188269	LTR/ERVL-MaLR	1950	-	163	131188106	78917
chr11	97400297	97600297	harbor2	chr11	97408382	97408743	LTR/ERVL-MaLR	1836	-	180	97408562	8265
chr11	105300891	105500891	harbor2	chr11	105322405	105322803	LTR/ERVL-MaLR	1049	-	199	105322604	21713
chr11	105300891	105500891	harbor2	chr11	105348800	105349015	LTR/ERVL-MaLR	1277	-	108	105348908	48017
chr11	105300891	105500891	harbor2	chr11	105350104	105350269	LTR/ERVL-MaLR	952	-	82	105350186	49295
chr11	105300891	105500891	harbor2	chr11	105350270	105351602	LTR/ERVL-MaLR	9327	-	666	105350936	50045
chr11	105300891	105500891	harbor2	chr11	105360871	105361331	LTR/ERVL-MaLR	421	-	230	105361101	60210
chr11	105300891	105500891	harbor2	chr11	105374635	105375004	LTR/ERVL-MaLR	2134	-	184	105374819	73928
chr11	105300891	105500891	harbor2	chr11	105375010	105376606	LTR/ERVL-MaLR	10387	-	798	105375808	74917
chr11	105300891	105500891	harbor2	chr11	105376607	105376977	LTR/ERVL-MaLR	2299	-	185	105376792	75901
chr11	105300891	105500891	harbor2	chr11	105332670	105333029	LTR/ERVL-MaLR	1014	-	180	105332850	31959
chr11	134840767	135040767	harbor2	chr11	134848676	134849171	LTR/ERVL-MaLR	1688	-	248	134848924	8157
chr11	134840767	135040767	harbor2	chr11	134938042	134938483	LTR/ERVL-MaLR	1579	-	220	134938262	97495
chr11	116746118	116946118	harbor2	chr11	116746250	116746701	LTR/ERVL-MaLR	2313	-	226	116746476	358
chr11	116746118	116946118	harbor2	chr11	116771802	116772202	LTR/ERVL-MaLR	1669	-	200	116772002	25884
chr11	116746118	116946118	harbor2	chr11	116793651	116794050	LTR/ERVL-MaLR	1495	-	200	116793851	47733
chr11	116746118	116946118	harbor2	chr11	116795926	116796210	LTR/ERVL-MaLR	498	-	142	116796068	49950
chr11	116746118	116946118	harbor2	chr11	116796512	116796650	LTR/ERVL-MaLR	498	-	69	116796581	50463
chr11	116746118	116946118	harbor2	chr11	116797318	116797386	LTR/ERVL-MaLR	498	-	34	116797352	51234
chr11	116746118	116946118	harbor2	chr11	116813086	116813500	LTR/ERVL-MaLR	1900	-	207	116813293	67175
chr11	116746118	116946118	harbor2	chr11	116816919	116817365	LTR/ERVL-MaLR	517	-	223	116817142	71024
chr11	116746118	116946118	harbor2	chr11	116817480	116817843	LTR/ERVL-MaLR	2205	-	182	116817662	71544
chr11	134811151	135011151	harbor2	chr11	134848676	134849171	LTR/ERVL-MaLR	1688	-	248	134848924	37773
chr11	84027708	84227708	harbor2	chr11	84038685	84039026	LTR/ERVL-MaLR	2381	-	170	84038855	11147
chr11	84027708	84227708	harbor2	chr11	84091626	84092243	LTR/ERVL-MaLR	2282	-	308	84091934	64226
chr11	84027708	84227708	harbor2	chr11	84093085	84093601	LTR/ERVL-MaLR	1793	-	258	84093343	65635
chr11	84027708	84227708	harbor2	chr11	84094497	84094825	LTR/ERVL-MaLR	1344	-	164	84094661	66953
chr11	84027708	84227708	harbor2	chr11	84116355	84116700	LTR/ERVL-MaLR	2422	-	172	84116527	88819
chr11	84027708	84227708	harbor2	chr11	84127403	84127603	LTR/ERVL-MaLR	1102	-	100	84127503	99795
chr11	96982112	97182112	harbor2	chr11	96983238	96983652	LTR/ERVL-MaLR	454	-	207	96983445	1333
chr11	96982112	97182112	harbor2	chr11	96993461	96993826	LTR/ERVL-MaLR	1743	-	182	96993643	11531
chr11	96982112	97182112	harbor2	chr11	97036824	97037105	LTR/ERVL-MaLR	434	-	140	97036964	54852
chr11	96982112	97182112	harbor2	chr11	97061762	97062176	LTR/ERVL-MaLR	1807	-	207	97061969	79857
chr11	131765004	131965004	harbor2	chr11	131773029	131773403	LTR/ERVL-MaLR	1709	-	187	131773216	8212
chr11	131765004	131965004	harbor2	chr11	131776625	131776962	LTR/ERVL-MaLR	674	-	168	131776793	11789
chr11	131765004	131965004	harbor2	chr11	131824939	131825380	LTR/ERVL-MaLR	2587	-	220	131825159	60155
chr11	131765004	131965004	harbor2	chr11	131849242	131849642	LTR/ERVL-MaLR	2111	-	200	131849442	84438
chr11	131765004	131965004	harbor2	chr11	131775966	131776614	LTR/ERVL-MaLR	1921	-	324	131776290	11286
chr11	101791681	101991681	harbor2	chr11	101816988	101817359	LTR/ERVL-MaLR	2033	-	186	101817174	25493
chr11	101791681	101991681	harbor2	chr11	101826948	101827305	LTR/ERVL-MaLR	1966	-	178	101827126	35445
chr11	101791681	101991681	harbor2	chr11	101827311	101828679	LTR/ERVL-MaLR	4221	-	684	101827995	36314
chr11	101791681	101991681	harbor2	chr11	101845702	101846075	LTR/ERVL-MaLR	2645	-	186	101845888	54207
chr11	101791681	101991681	harbor2	chr11	101851517	101851866	LTR/ERVL-MaLR	1633	-	174	101851691	60010
chr11	101791681	101991681	harbor2	chr11	101861519	101861684	LTR/ERVL-MaLR	1080	-	82	101861601	69920
chr11	101791681	101991681	harbor2	chr11	101868532	101868895	LTR/ERVL-MaLR	1860	-	182	101868714	77033
chr11	101791681	101991681	harbor2	chr11	101871363	101871734	LTR/ERVL-MaLR	2195	-	186	101871549	79868
chr11	131041936	131241936	harbor2	chr11	131042819	131042967	LTR/ERVL-MaLR	381	-	74	131042893	957
chr11	131041936	131241936	harbor2	chr11	131055469	131055573	LTR/ERVL-MaLR	636	-	52	131055521	13585
chr11	131041936	131241936	harbor2	chr11	131057890	131058249	LTR/ERVL-MaLR	2347	-	180	131058070	16134
chr11	131041936	131241936	harbor2	chr11	131058760	131058875	LTR/ERVL-MaLR	485	-	58	131058818	16882
chr11	131041936	131241936	harbor2	chr11	131058874	131059009	LTR/ERVL-MaLR	415	-	68	131058942	17006
chr11	131041936	131241936	harbor2	chr11	131059580	131060035	LTR/ERVL-MaLR	1247	-	228	131059808	17872
chr11	131041936	131241936	harbor2	chr11	131076513	131076995	LTR/ERVL-MaLR	1827	-	241	131076754	34818
chr11	131041936	131241936	harbor2	chr11	131105265	131105608	LTR/ERVL-MaLR	1876	-	172	131105437	63501
chr11	131041936	131241936	harbor2	chr11	131107276	131107648	LTR/ERVL-MaLR	514	-	186	131107462	65526
chr11	131041936	131241936	harbor2	chr11	131132611	131132966	LTR/ERVL-MaLR	1878	-	178	131132789	90853
chr11	131041936	131241936	harbor2	chr11	131133539	131133992	LTR/ERVL-MaLR	1052	-	226	131133765	91829
chr11	131041936	131241936	harbor2	chr11	131134022	131134443	LTR/ERVL-MaLR	1001	-	210	131134232	92296
chr11	131041936	131241936	harbor2	chr11	131104485	131104837	LTR/ERVL-MaLR	2201	-	176	131104661	62725
chr11	134755098	134955098	harbor2	chr11	134775383	134775647	LTR/ERVL-MaLR	734	-	132	134775515	20417
chr11	134755098	134955098	harbor2	chr11	134848676	134849171	LTR/ERVL-MaLR	1688	-	248	134848924	93826
chr11	111268056	111468056	harbor2	chr11	111279319	111279763	LTR/ERVL-MaLR	1749	-	222	111279541	11485
chr11	130506283	130706283	harbor2	chr11	130521089	130521454	LTR/ERVL-MaLR	2200	-	182	130521271	14988
chr11	130506283	130706283	harbor2	chr11	130530715	130531096	LTR/ERVL-MaLR	1518	-	190	130530905	24622
chr11	130506283	130706283	harbor2	chr11	130579337	130579724	LTR/ERVL-MaLR	1866	-	194	130579531	73248
chr11	130506283	130706283	harbor2	chr11	130587065	130587391	LTR/ERVL-MaLR	1080	-	163	130587228	80945
chr11	130506283	130706283	harbor2	chr11	130589066	130589452	LTR/ERVL-MaLR	2104	-	193	130589259	82976
chr11	130506283	130706283	harbor2	chr11	130594113	130594701	LTR/ERVL-MaLR	728	-	294	130594407	88124
chr11	130506283	130706283	harbor2	chr11	130600500	130600899	LTR/ERVL-MaLR	2440	-	200	130600700	94417
chr11	120339062	120539062	harbor2	chr11	120346210	120346544	LTR/ERVL-MaLR	931	-	167	120346377	7315
chr11	120339062	120539062	harbor2	chr11	120358525	120358570	LTR/ERVL-MaLR	1796	-	22	120358547	19485
chr11	120339062	120539062	harbor2	chr11	120358778	120359230	LTR/ERVL-MaLR	1796	-	226	120359004	19942
chr11	120339062	120539062	harbor2	chr11	120359542	120359574	LTR/ERVL-MaLR	1796	-	16	120359558	20496
chr11	120339062	120539062	harbor2	chr11	120392504	120392686	LTR/ERVL-MaLR	604	-	91	120392595	53533
chr11	120339062	120539062	harbor2	chr11	120395507	120395872	LTR/ERVL-MaLR	2704	-	182	120395689	56627
chr11	120339062	120539062	harbor2	chr11	120396787	120396882	LTR/ERVL-MaLR	368	-	48	120396835	57773
chr11	120339062	120539062	harbor2	chr11	120412326	120412535	LTR/ERVL-MaLR	887	-	104	120412430	73368
chr11	101353004	101553004	harbor2	chr11	101357578	101357712	LTR/ERVL-MaLR	986	-	67	101357645	4641
chr11	101353004	101553004	harbor2	chr11	101357720	101357775	LTR/ERVL-MaLR	409	-	28	101357748	4744
chr11	101353004	101553004	harbor2	chr11	101406975	101407345	LTR/ERVL-MaLR	1969	-	185	101407160	54156
chr11	101353004	101553004	harbor2	chr11	101417201	101417419	LTR/ERVL-MaLR	2040	-	109	101417310	64306
chr11	101353004	101553004	harbor2	chr11	101417763	101417955	LTR/ERVL-MaLR	2040	-	96	101417859	64855
chr11	101353004	101553004	harbor2	chr11	101420716	101421112	LTR/ERVL-MaLR	2218	-	198	101420914	67910
chr11	132897692	133097692	harbor2	chr11	132951212	132951556	LTR/ERVL-MaLR	1066	-	172	132951384	53692
chr11	132897692	133097692	harbor2	chr11	132968234	132968695	LTR/ERVL-MaLR	2086	-	230	132968464	70772
chr11	132897692	133097692	harbor2	chr11	132985134	132985746	LTR/ERVL-MaLR	2265	-	306	132985440	87748
chr11	62187982	62387982	harbor2	chr11	62194295	62194356	LTR/ERVL-MaLR	876	-	30	62194325	6343
chr11	62187982	62387982	harbor2	chr11	62195629	62196045	LTR/ERVL-MaLR	876	-	208	62195837	7855
chr11	62187982	62387982	harbor2	chr11	62230816	62230935	LTR/ERVL-MaLR	528	-	60	62230876	42894
chr11	62187982	62387982	harbor2	chr11	62245568	62245854	LTR/ERVL-MaLR	742	-	143	62245711	57729
chr11	62187982	62387982	harbor2	chr11	62246148	62246336	LTR/ERVL-MaLR	742	-	94	62246242	58260
chr11	130335148	130535148	harbor2	chr11	130358944	130359392	LTR/ERVL-MaLR	2463	-	224	130359168	24020
chr11	130335148	130535148	harbor2	chr11	130360606	130360834	LTR/ERVL-MaLR	1408	-	114	130360720	25572
chr11	130335148	130535148	harbor2	chr11	130361138	130361269	LTR/ERVL-MaLR	1408	-	66	130361204	26056
chr11	130335148	130535148	harbor2	chr11	130370348	130370871	LTR/ERVL-MaLR	1059	-	262	130370610	35462
chr11	24674604	24874604	harbor2	chr11	24701054	24701143	LTR/ERVL-MaLR	448	-	44	24701098	26494
chr11	24674604	24874604	harbor2	chr11	24702406	24702751	LTR/ERVL-MaLR	1905	-	172	24702578	27974
chr11	24674604	24874604	harbor2	chr11	24722235	24722576	LTR/ERVL-MaLR	2004	-	170	24722405	47801
chr11	24674604	24874604	harbor2	chr11	24728769	24728918	LTR/ERVL-MaLR	834	-	74	24728843	54239
chr11	24674604	24874604	harbor2	chr11	24761088	24761488	LTR/ERVL-MaLR	2122	-	200	24761288	86684
chr11	24674604	24874604	harbor2	chr11	24772631	24773035	LTR/ERVL-MaLR	960	-	202	24772833	98229
chr11	25785849	25985849	harbor2	chr11	25786126	25786577	LTR/ERVL-MaLR	895	-	226	25786352	503
chr11	25785849	25985849	harbor2	chr11	25828537	25828917	LTR/ERVL-MaLR	1485	-	190	25828727	42878
chr11	25785849	25985849	harbor2	chr11	25828942	25830576	LTR/ERVL-MaLR	3478	-	817	25829759	43910
chr11	25785849	25985849	harbor2	chr11	25830633	25830971	LTR/ERVL-MaLR	1280	-	169	25830802	44953
chr11	25785849	25985849	harbor2	chr11	25841612	25842195	LTR/ERVL-MaLR	1180	-	292	25841904	56055
chr11	122753206	122953206	harbor2	chr11	122758980	122759332	LTR/ERVL-MaLR	1543	-	176	122759156	5950
chr11	122753206	122953206	harbor2	chr11	122759854	122760026	LTR/ERVL-MaLR	415	-	86	122759940	6734
chr11	122753206	122953206	harbor2	chr11	122769025	122769413	LTR/ERVL-MaLR	2171	-	194	122769219	16013
chr11	122753206	122953206	harbor2	chr11	122805032	122805247	LTR/ERVL-MaLR	1284	-	108	122805140	51934
chr11	122753206	122953206	harbor2	chr11	122805562	122805747	LTR/ERVL-MaLR	1272	-	92	122805654	52448
chr11	36334086	36534086	harbor2	chr11	36333925	36334292	LTR/ERVL-MaLR	998	-	184	36334109	23
chr11	36334086	36534086	harbor2	chr11	36337800	36338183	LTR/ERVL-MaLR	578	-	192	36337992	3906
chr11	36334086	36534086	harbor2	chr11	36392572	36392927	LTR/ERVL-MaLR	2199	-	178	36392750	58664
chr11	36334086	36534086	harbor2	chr11	36394442	36394888	LTR/ERVL-MaLR	1175	-	223	36394665	60579
chr11	36334086	36534086	harbor2	chr11	36405669	36406015	LTR/ERVL-MaLR	1607	-	173	36405842	71756
chr11	39441878	39641878	harbor2	chr11	39448932	39449152	LTR/ERVL-MaLR	2449	-	110	39449042	7164
chr11	39441878	39641878	harbor2	chr11	39449436	39449607	LTR/ERVL-MaLR	2449	-	86	39449522	7644
chr11	39441878	39641878	harbor2	chr11	39449608	39451196	LTR/ERVL-MaLR	9551	-	794	39450402	8524
chr11	39441878	39641878	harbor2	chr11	39451197	39451577	LTR/ERVL-MaLR	2345	-	190	39451387	9509
chr11	39441878	39641878	harbor2	chr11	39451857	39451903	LTR/ERVL-MaLR	2345	-	23	39451880	10002
chr11	39441878	39641878	harbor2	chr11	39470567	39470933	LTR/ERVL-MaLR	612	-	183	39470750	28872
chr11	39441878	39641878	harbor2	chr11	39481283	39481516	LTR/ERVL-MaLR	1713	-	116	39481399	39521
chr11	39441878	39641878	harbor2	chr11	39481929	39482046	LTR/ERVL-MaLR	1713	-	58	39481987	40109
chr11	39441878	39641878	harbor2	chr11	39506146	39506524	LTR/ERVL-MaLR	1953	-	189	39506335	64457
chr11	39441878	39641878	harbor2	chr11	39512357	39513089	LTR/ERVL-MaLR	3509	-	366	39512723	70845
chr11	39441878	39641878	harbor2	chr11	39513090	39513452	LTR/ERVL-MaLR	1770	-	181	39513271	71393
chr11	129314371	129514371	harbor2	chr11	129327736	129328116	LTR/ERVL-MaLR	2368	-	190	129327926	13555
chr11	129314371	129514371	harbor2	chr11	129354533	129354997	LTR/ERVL-MaLR	1017	-	232	129354765	40394
chr11	129314371	129514371	harbor2	chr11	129355086	129355355	LTR/ERVL-MaLR	403	-	134	129355220	40849
chr11	129314371	129514371	harbor2	chr11	129355940	129356035	LTR/ERVL-MaLR	488	-	48	129355988	41617
chr11	129314371	129514371	harbor2	chr11	129356282	129356771	LTR/ERVL-MaLR	1770	-	244	129356526	42155
chr11	128841021	129041021	harbor2	chr11	128887349	128887598	LTR/ERVL-MaLR	1684	-	124	128887473	46452
chr11	128841021	129041021	harbor2	chr11	128887886	128888006	LTR/ERVL-MaLR	1684	-	60	128887946	46925
chr11	128841021	129041021	harbor2	chr11	128906334	128906921	LTR/ERVL-MaLR	2577	-	294	128906628	65607
chr11	128841021	129041021	harbor2	chr11	128924056	128924417	LTR/ERVL-MaLR	1884	-	180	128924236	83215
chr11	96809802	97009802	harbor2	chr11	96826498	96826903	LTR/ERVL-MaLR	1781	-	202	96826700	16898
chr11	96809802	97009802	harbor2	chr11	96887931	96888288	LTR/ERVL-MaLR	1440	-	178	96888109	78307
chr11	96809802	97009802	harbor2	chr11	96907964	96908296	LTR/ERVL-MaLR	1590	-	166	96908130	98328
chr11	122206826	122406826	harbor2	chr11	122297140	122297462	LTR/ERVL-MaLR	2427	-	161	122297301	90475
chr11	122206826	122406826	harbor2	chr11	122297755	122297856	LTR/ERVL-MaLR	2427	-	50	122297805	90979
chr11	122206826	122406826	harbor2	chr11	122297861	122299508	LTR/ERVL-MaLR	8066	-	824	122298685	91859
chr11	122206826	122406826	harbor2	chr11	122299509	122299913	LTR/ERVL-MaLR	2294	-	202	122299711	92885
chr11	133566798	133766798	harbor2	chr11	133574059	133574447	LTR/ERVL-MaLR	766	-	194	133574253	7455
chr11	133566798	133766798	harbor2	chr11	133585696	133585854	LTR/ERVL-MaLR	396	-	79	133585775	18977
chr11	133566798	133766798	harbor2	chr11	133609265	133609797	LTR/ERVL-MaLR	569	-	266	133609531	42733
chr11	133566798	133766798	harbor2	chr11	133609879	133611325	LTR/ERVL-MaLR	2777	-	723	133610602	43804
chr11	133566798	133766798	harbor2	chr11	133612565	133612913	LTR/ERVL-MaLR	1477	-	174	133612739	45941
chr11	121443829	121643829	harbor2	chr11	121468979	121469351	LTR/ERVL-MaLR	556	-	186	121469165	25336
chr11	121443829	121643829	harbor2	chr11	121501475	121501835	LTR/ERVL-MaLR	2846	-	180	121501655	57826
chr11	121443829	121643829	harbor2	chr11	121506288	121506649	LTR/ERVL-MaLR	2327	-	180	121506468	62639
chr11	121443829	121643829	harbor2	chr11	121510263	121510762	LTR/ERVL-MaLR	1119	-	250	121510513	66684
chr11	119124851	119324851	harbor2	chr11	119184194	119184260	LTR/ERVL-MaLR	2689	-	33	119184227	59376
chr11	119124851	119324851	harbor2	chr11	119184551	119184858	LTR/ERVL-MaLR	2689	-	154	119184705	59854
chr11	134582088	134782088	harbor2	chr11	134604864	134605283	LTR/ERVL-MaLR	2296	-	210	134605074	22986
chr11	134582088	134782088	harbor2	chr11	134631492	134631674	LTR/ERVL-MaLR	937	-	91	134631583	49495
chr11	134582088	134782088	harbor2	chr11	134631969	134632120	LTR/ERVL-MaLR	937	-	76	134632045	49957
chr11	134582088	134782088	harbor2	chr11	134663294	134663652	LTR/ERVL-MaLR	1471	-	179	134663473	81385
chr11	134582088	134782088	harbor2	chr11	134671571	134671954	LTR/ERVL-MaLR	1764	-	192	134671763	89675
chr11	134227707	134427707	harbor2	chr11	134300055	134300331	LTR/ERVL-MaLR	1788	-	138	134300193	72486
chr11	134227707	134427707	harbor2	chr11	134300634	134300656	LTR/ERVL-MaLR	537	-	11	134300645	72938
chr11	134227707	134427707	harbor2	chr11	134300652	134300945	LTR/ERVL-MaLR	1255	-	146	134300798	73091
chr11	72482129	72682129	harbor2	chr11	72487599	72487983	LTR/ERVL-MaLR	1575	-	192	72487791	5662
chr11	72482129	72682129	harbor2	chr11	72505561	72505709	LTR/ERVL-MaLR	2218	-	74	72505635	23506
chr11	72482129	72682129	harbor2	chr11	72506014	72506288	LTR/ERVL-MaLR	2218	-	137	72506151	24022
chr11	72482129	72682129	harbor2	chr11	72506290	72507590	LTR/ERVL-MaLR	7705	-	650	72506940	24811
chr11	72482129	72682129	harbor2	chr11	72507813	72507985	LTR/ERVL-MaLR	2242	-	86	72507899	25770
chr11	72482129	72682129	harbor2	chr11	72508318	72508501	LTR/ERVL-MaLR	2242	-	92	72508410	26281
chr11	72482129	72682129	harbor2	chr11	72508502	72508902	LTR/ERVL-MaLR	2151	-	200	72508702	26573
chr11	72482129	72682129	harbor2	chr11	72528304	72528428	LTR/ERVL-MaLR	464	-	62	72528366	46237
chr11	72482129	72682129	harbor2	chr11	72548950	72548971	LTR/ERVL-MaLR	385	-	10	72548960	66831
chr11	72482129	72682129	harbor2	chr11	72549280	72549463	LTR/ERVL-MaLR	385	-	92	72549372	67243
chr11	72482129	72682129	harbor2	chr11	72549708	72549859	LTR/ERVL-MaLR	508	-	76	72549784	67655
chr11	72482129	72682129	harbor2	chr11	72554128	72554564	LTR/ERVL-MaLR	1242	-	218	72554346	72217
chr11	126645293	126845293	harbor2	chr11	126648905	126649258	LTR/ERVL-MaLR	2284	-	176	126649081	3788
chr11	126645293	126845293	harbor2	chr11	126649259	126650812	LTR/ERVL-MaLR	11719	-	776	126650035	4742
chr11	126645293	126845293	harbor2	chr11	126650813	126651166	LTR/ERVL-MaLR	2420	-	176	126650989	5696
chr11	126645293	126845293	harbor2	chr11	126662378	126662753	LTR/ERVL-MaLR	1527	-	188	126662566	17273
chr11	126645293	126845293	harbor2	chr11	126668070	126668416	LTR/ERVL-MaLR	1980	-	173	126668243	22950
chr11	126050602	126250602	harbor2	chr11	126110935	126111181	LTR/ERVL-MaLR	1530	-	123	126111058	60456
chr11	126050602	126250602	harbor2	chr11	126127021	126127383	LTR/ERVL-MaLR	2782	-	181	126127202	76600
chr11	106969454	107169454	harbor2	chr11	107053779	107053960	LTR/ERVL-MaLR	761	-	90	107053869	84415
chr11	106969454	107169454	harbor2	chr11	107058008	107058147	LTR/ERVL-MaLR	515	-	70	107058078	88624
chr11	106969454	107169454	harbor2	chr11	107068687	107069019	LTR/ERVL-MaLR	1074	-	166	107068853	99399
chr11	121931138	122131138	harbor2	chr11	121935347	121935783	LTR/ERVL-MaLR	2370	-	218	121935565	4427
chr11	121931138	122131138	harbor2	chr11	121942261	121942618	LTR/ERVL-MaLR	2319	-	178	121942439	11301
chr11	121931138	122131138	harbor2	chr11	121946491	121946585	LTR/ERVL-MaLR	464	-	47	121946538	15400
chr11	121931138	122131138	harbor2	chr11	121947017	121947311	LTR/ERVL-MaLR	464	-	147	121947164	16026
chr11	121931138	122131138	harbor2	chr11	121960606	121960926	LTR/ERVL-MaLR	725	-	160	121960766	29628
chr11	121931138	122131138	harbor2	chr11	121979627	121980016	LTR/ERVL-MaLR	1776	-	194	121979821	48683
chr11	121931138	122131138	harbor2	chr11	121987416	121987904	LTR/ERVL-MaLR	1127	-	244	121987660	56522
chr11	121931138	122131138	harbor2	chr11	122004786	122005186	LTR/ERVL-MaLR	741	-	200	122004986	73848
chr11	121931138	122131138	harbor2	chr11	122027678	122028101	LTR/ERVL-MaLR	2726	-	212	122027890	96752
chr11	15211424	15411424	harbor2	chr11	15217049	15217405	LTR/ERVL-MaLR	2481	-	178	15217227	5803
chr11	15211424	15411424	harbor2	chr11	15229758	15229798	LTR/ERVL-MaLR	2897	-	20	15229778	18354
chr11	15211424	15411424	harbor2	chr11	15230211	15230592	LTR/ERVL-MaLR	2897	-	190	15230401	18977
chr11	15211424	15411424	harbor2	chr11	15250670	15250850	LTR/ERVL-MaLR	462	-	90	15250760	39336
chr11	15211424	15411424	harbor2	chr11	15252406	15252802	LTR/ERVL-MaLR	1677	-	198	15252604	41180
chr11	15211424	15411424	harbor2	chr11	15263585	15264123	LTR/ERVL-MaLR	2419	-	269	15263854	52430
chr11	15211424	15411424	harbor2	chr11	15264139	15264447	LTR/ERVL-MaLR	1046	-	154	15264293	52869
chr11	15211424	15411424	harbor2	chr11	15264463	15264890	LTR/ERVL-MaLR	1384	-	214	15264677	53253
chr11	57225564	57425564	harbor2	chr11	57251312	57251517	LTR/ERVL-MaLR	1030	-	102	57251414	25850
chr11	57225564	57425564	harbor2	chr11	57254025	57254446	LTR/ERVL-MaLR	2286	-	210	57254235	28671
chr11	57225564	57425564	harbor2	chr11	57271500	57271916	LTR/ERVL-MaLR	1979	-	208	57271708	46144
chr11	57225564	57425564	harbor2	chr11	57274974	57275416	LTR/ERVL-MaLR	797	-	221	57275195	49631
chr11	57225564	57425564	harbor2	chr11	57278664	57279070	LTR/ERVL-MaLR	2731	-	203	57278867	53303
chr11	57225564	57425564	harbor2	chr11	57281096	57281455	LTR/ERVL-MaLR	2318	-	180	57281276	55712
chr11	57225564	57425564	harbor2	chr11	57285843	57286242	LTR/ERVL-MaLR	1395	-	200	57286043	60479
chr11	88796575	88996575	harbor2	chr11	88815459	88815877	LTR/ERVL-MaLR	1874	-	209	88815668	19093
chr11	88796575	88996575	harbor2	chr11	88819690	88820087	LTR/ERVL-MaLR	1882	-	198	88819888	23313
chr11	88796575	88996575	harbor2	chr11	88830737	88831087	LTR/ERVL-MaLR	1834	-	175	88830912	34337
chr11	127080810	127280810	harbor2	chr11	127134406	127134769	LTR/ERVL-MaLR	2855	-	182	127134588	53778
chr11	127080810	127280810	harbor2	chr11	127136610	127136807	LTR/ERVL-MaLR	554	-	98	127136708	55898
chr11	127080810	127280810	harbor2	chr11	127158503	127158854	LTR/ERVL-MaLR	1746	-	176	127158679	77869
chr11	127080810	127280810	harbor2	chr11	127158878	127160175	LTR/ERVL-MaLR	7363	-	648	127159526	78716
chr11	127080810	127280810	harbor2	chr11	127160147	127160286	LTR/ERVL-MaLR	802	-	70	127160217	79407
chr11	101172513	101372513	harbor2	chr11	101172624	101173000	LTR/ERVL-MaLR	1223	-	188	101172812	299
chr11	101172513	101372513	harbor2	chr11	101179385	101179716	LTR/ERVL-MaLR	946	-	166	101179551	7038
chr11	101172513	101372513	harbor2	chr11	101229408	101229701	LTR/ERVL-MaLR	955	-	146	101229554	57041
chr11	129936304	130136304	harbor2	chr11	130020349	130020807	LTR/ERVL-MaLR	1471	-	229	130020578	84274
chr11	98256539	98456539	harbor2	chr11	98267761	98268137	LTR/ERVL-MaLR	2373	-	188	98267949	11410
chr11	98256539	98456539	harbor2	chr11	98268138	98269648	LTR/ERVL-MaLR	9848	-	755	98268893	12354
chr11	98256539	98456539	harbor2	chr11	98269649	98270023	LTR/ERVL-MaLR	2233	-	187	98269836	13297
chr11	98256539	98456539	harbor2	chr11	98348336	98348773	LTR/ERVL-MaLR	916	-	218	98348554	92015
chr11	92909724	93109724	harbor2	chr11	93006720	93007074	LTR/ERVL-MaLR	2144	-	177	93006897	97173
chr11	108706522	108906522	harbor2	chr11	108758433	108758915	LTR/ERVL-MaLR	1438	-	241	108758674	52152
chr11	108706522	108906522	harbor2	chr11	108804523	108805055	LTR/ERVL-MaLR	1128	-	266	108804789	98267
chr11	108706522	108906522	harbor2	chr11	108789698	108789927	LTR/ERVL-MaLR	788	-	114	108789812	83290
chr11	126641768	126841768	harbor2	chr11	126648905	126649258	LTR/ERVL-MaLR	2284	-	176	126649081	7313
chr11	126641768	126841768	harbor2	chr11	126649259	126650812	LTR/ERVL-MaLR	11719	-	776	126650035	8267
chr11	126641768	126841768	harbor2	chr11	126650813	126651166	LTR/ERVL-MaLR	2420	-	176	126650989	9221
chr11	126641768	126841768	harbor2	chr11	126662378	126662753	LTR/ERVL-MaLR	1527	-	188	126662566	20798
chr11	126641768	126841768	harbor2	chr11	126668070	126668416	LTR/ERVL-MaLR	1980	-	173	126668243	26475
chr11	131091737	131291737	harbor2	chr11	131105265	131105608	LTR/ERVL-MaLR	1876	-	172	131105437	13700
chr11	131091737	131291737	harbor2	chr11	131107276	131107648	LTR/ERVL-MaLR	514	-	186	131107462	15725
chr11	131091737	131291737	harbor2	chr11	131132611	131132966	LTR/ERVL-MaLR	1878	-	178	131132789	41052
chr11	131091737	131291737	harbor2	chr11	131133539	131133992	LTR/ERVL-MaLR	1052	-	226	131133765	42028
chr11	131091737	131291737	harbor2	chr11	131134022	131134443	LTR/ERVL-MaLR	1001	-	210	131134232	42495
chr11	131091737	131291737	harbor2	chr11	131153238	131153589	LTR/ERVL-MaLR	2165	-	176	131153414	61677
chr11	131091737	131291737	harbor2	chr11	131187943	131188269	LTR/ERVL-MaLR	1950	-	163	131188106	96369
chr11	131091737	131291737	harbor2	chr11	131104485	131104837	LTR/ERVL-MaLR	2201	-	176	131104661	12924
chr11	127088018	127288018	harbor2	chr11	127134406	127134769	LTR/ERVL-MaLR	2855	-	182	127134588	46570
chr11	127088018	127288018	harbor2	chr11	127136610	127136807	LTR/ERVL-MaLR	554	-	98	127136708	48690
chr11	127088018	127288018	harbor2	chr11	127158503	127158854	LTR/ERVL-MaLR	1746	-	176	127158679	70661
chr11	127088018	127288018	harbor2	chr11	127158878	127160175	LTR/ERVL-MaLR	7363	-	648	127159526	71508
chr11	127088018	127288018	harbor2	chr11	127160147	127160286	LTR/ERVL-MaLR	802	-	70	127160217	72199
chr11	128309831	128509831	harbor2	chr11	128314048	128314415	LTR/ERVL-MaLR	1830	-	184	128314232	4401
chr11	128309831	128509831	harbor2	chr11	128314416	128315953	LTR/ERVL-MaLR	10900	-	768	128315184	5353
chr11	128309831	128509831	harbor2	chr11	128315954	128316323	LTR/ERVL-MaLR	1848	-	184	128316138	6307
chr11	128309831	128509831	harbor2	chr11	128349565	128349661	LTR/ERVL-MaLR	386	-	48	128349613	39782
chr11	128309831	128509831	harbor2	chr11	128370102	128370463	LTR/ERVL-MaLR	2062	-	180	128370282	60451
chr11	128309831	128509831	harbor2	chr11	128374758	128375097	LTR/ERVL-MaLR	1990	-	170	128374928	65097
chr11	128309831	128509831	harbor2	chr11	128378872	128379258	LTR/ERVL-MaLR	1504	-	193	128379065	69234
chr11	127243005	127443005	harbor2	chr11	127261073	127261484	LTR/ERVL-MaLR	1474	-	206	127261279	18274
chr11	127243005	127443005	harbor2	chr11	127272418	127272553	LTR/ERVL-MaLR	780	-	68	127272486	29481
chr11	127243005	127443005	harbor2	chr11	127272687	127272980	LTR/ERVL-MaLR	1719	-	146	127272833	29828
chr11	127243005	127443005	harbor2	chr11	127280925	127281485	LTR/ERVL-MaLR	1143	-	280	127281205	38200
chr11	127243005	127443005	harbor2	chr11	127317992	127318345	LTR/ERVL-MaLR	2638	-	176	127318168	75163
chr11	127243005	127443005	harbor2	chr11	127319651	127320021	LTR/ERVL-MaLR	1891	-	185	127319836	76831
chr11	127243005	127443005	harbor2	chr11	127321762	127322126	LTR/ERVL-MaLR	2651	-	182	127321944	78939
chr11	127243005	127443005	harbor2	chr11	127322367	127322732	LTR/ERVL-MaLR	1794	-	182	127322549	79544
chr11	127243005	127443005	harbor2	chr11	127330913	127331048	LTR/ERVL-MaLR	747	-	68	127330981	87976
chr11	127243005	127443005	harbor2	chr11	127335464	127335832	LTR/ERVL-MaLR	1186	-	184	127335648	92643
chr11	127243005	127443005	harbor2	chr11	127320022	127321761	LTR/ERVL-MaLR	9246	-	870	127320892	77887
chr11	63924099	64124099	harbor2	chr11	63928302	63928646	LTR/ERVL-MaLR	486	-	172	63928474	4375
chr11	63924099	64124099	harbor2	chr11	63929585	63930030	LTR/ERVL-MaLR	1495	-	222	63929807	5708
chr11	46572022	46772022	harbor2	chr11	46575135	46575178	LTR/ERVL-MaLR	434	-	22	46575157	3135
chr11	46572022	46772022	harbor2	chr11	46575471	46575504	LTR/ERVL-MaLR	434	-	16	46575487	3465
chr11	127947075	128147075	harbor2	chr11	127950041	127950274	LTR/ERVL-MaLR	590	-	116	127950157	3082
chr11	127947075	128147075	harbor2	chr11	127950859	127952186	LTR/ERVL-MaLR	2546	-	664	127951523	4448
chr11	127947075	128147075	harbor2	chr11	127952230	127952563	LTR/ERVL-MaLR	382	-	166	127952396	5321
chr11	127947075	128147075	harbor2	chr11	127957891	127958368	LTR/ERVL-MaLR	1770	-	238	127958129	11054
chr11	127947075	128147075	harbor2	chr11	127962863	127963119	LTR/ERVL-MaLR	796	-	128	127962991	15916
chr11	127947075	128147075	harbor2	chr11	127963955	127964212	LTR/ERVL-MaLR	578	-	128	127964083	17008
chr11	127947075	128147075	harbor2	chr11	127989334	127989715	LTR/ERVL-MaLR	661	-	190	127989524	42449
chr11	127947075	128147075	harbor2	chr11	127992302	127992652	LTR/ERVL-MaLR	1968	-	175	127992477	45402
chr11	127947075	128147075	harbor2	chr11	127992959	127993065	LTR/ERVL-MaLR	1968	-	53	127993012	45937
chr11	127947075	128147075	harbor2	chr11	128027804	128028241	LTR/ERVL-MaLR	2262	-	218	128028022	80947
chr11	129162465	129362465	harbor2	chr11	129214439	129214637	LTR/ERVL-MaLR	384	-	99	129214538	52073
chr11	129162465	129362465	harbor2	chr11	129215385	129215782	LTR/ERVL-MaLR	2327	-	198	129215583	53118
chr11	129162465	129362465	harbor2	chr11	129216207	129216279	LTR/ERVL-MaLR	384	-	36	129216243	53778
chr11	129162465	129362465	harbor2	chr11	129232602	129232890	LTR/ERVL-MaLR	1164	-	144	129232746	70281
chr11	111892459	112092459	harbor2	chr11	111906362	111906950	LTR/ERVL-MaLR	1526	-	294	111906656	14197
chr11	111892459	112092459	harbor2	chr11	111944991	111945522	LTR/ERVL-MaLR	386	-	266	111945257	52798
chr11	116089504	116289504	harbor2	chr11	116094991	116095362	LTR/ERVL-MaLR	2424	-	186	116095177	5673
chr11	116089504	116289504	harbor2	chr11	116113460	116113576	LTR/ERVL-MaLR	514	-	58	116113518	24014
chr11	116089504	116289504	harbor2	chr11	116115560	116115741	LTR/ERVL-MaLR	493	-	90	116115650	26146
chr11	116089504	116289504	harbor2	chr11	116116805	116117152	LTR/ERVL-MaLR	1017	-	174	116116979	27475
chr11	116089504	116289504	harbor2	chr11	116122668	116123175	LTR/ERVL-MaLR	1043	-	254	116122922	33418
chr11	116089504	116289504	harbor2	chr11	116140600	116141073	LTR/ERVL-MaLR	2239	-	236	116140836	51332
chr11	131592850	131792850	harbor2	chr11	131629797	131630237	LTR/ERVL-MaLR	733	-	220	131630017	37167
chr11	123004849	123204849	harbor2	chr11	123020529	123020845	LTR/ERVL-MaLR	1728	-	158	123020687	15838
chr11	123004849	123204849	harbor2	chr11	123020846	123021381	LTR/ERVL-MaLR	2559	-	268	123021114	16265
chr11	123004849	123204849	harbor2	chr11	123034026	123034467	LTR/ERVL-MaLR	595	-	220	123034246	29397
chr11	123004849	123204849	harbor2	chr11	123044767	123044830	LTR/ERVL-MaLR	994	-	32	123044799	39950
chr11	123004849	123204849	harbor2	chr11	123045136	123045553	LTR/ERVL-MaLR	994	-	208	123045344	40495
chr11	123004849	123204849	harbor2	chr11	123080003	123080326	LTR/ERVL-MaLR	1106	-	162	123080165	75316
chr11	123004849	123204849	harbor2	chr11	123080622	123080690	LTR/ERVL-MaLR	1106	-	34	123080656	75807
chr11	132883750	133083750	harbor2	chr11	132886243	132886801	LTR/ERVL-MaLR	1014	-	279	132886522	2772
chr11	132883750	133083750	harbor2	chr11	132951212	132951556	LTR/ERVL-MaLR	1066	-	172	132951384	67634
chr11	132883750	133083750	harbor2	chr11	132968234	132968695	LTR/ERVL-MaLR	2086	-	230	132968464	84714
chr11	72714012	72914012	harbor2	chr11	72806468	72806675	LTR/ERVL-MaLR	2204	-	104	72806572	92560
chr11	72714012	72914012	harbor2	chr11	72806992	72807185	LTR/ERVL-MaLR	2204	-	96	72807088	93076
chr11	112904796	113104796	harbor2	chr11	112915959	112916278	LTR/ERVL-MaLR	1158	-	160	112916119	11323
chr11	112904796	113104796	harbor2	chr11	112917457	112917724	LTR/ERVL-MaLR	407	-	134	112917591	12795
chr11	112904796	113104796	harbor2	chr11	112947470	112947824	LTR/ERVL-MaLR	2045	-	177	112947647	42851
chr11	112904796	113104796	harbor2	chr11	112947827	112948676	LTR/ERVL-MaLR	5499	-	424	112948251	43455
chr11	112904796	113104796	harbor2	chr11	112948669	112949205	LTR/ERVL-MaLR	2645	-	268	112948937	44141
chr11	112904796	113104796	harbor2	chr11	112949206	112949561	LTR/ERVL-MaLR	1979	-	178	112949384	44588
chr11	112904796	113104796	harbor2	chr11	112993097	112993502	LTR/ERVL-MaLR	2203	-	202	112993299	88503
chr11	112904796	113104796	harbor2	chr11	113001736	113002116	LTR/ERVL-MaLR	1087	-	190	113001926	97130
chr11	105468020	105668020	harbor2	chr11	105468990	105469100	LTR/ERVL-MaLR	708	-	55	105469045	1025
chr11	105468020	105668020	harbor2	chr11	105494377	105494828	LTR/ERVL-MaLR	2616	-	226	105494603	26583
chr11	105468020	105668020	harbor2	chr11	105503350	105503592	LTR/ERVL-MaLR	999	-	121	105503471	35451
chr11	105468020	105668020	harbor2	chr11	105505968	105506066	LTR/ERVL-MaLR	366	-	49	105506017	37997
chr11	105468020	105668020	harbor2	chr11	105506154	105506271	LTR/ERVL-MaLR	421	-	58	105506212	38192
chr11	105468020	105668020	harbor2	chr11	105506285	105506470	LTR/ERVL-MaLR	579	-	92	105506377	38357
chr11	105468020	105668020	harbor2	chr11	105517139	105517583	LTR/ERVL-MaLR	1294	-	222	105517361	49341
chr11	105468020	105668020	harbor2	chr11	105536075	105536524	LTR/ERVL-MaLR	2232	-	224	105536299	68279
chr11	105468020	105668020	harbor2	chr11	105538156	105538507	LTR/ERVL-MaLR	1364	-	176	105538332	70312
chr11	105468020	105668020	harbor2	chr11	105561030	105561440	LTR/ERVL-MaLR	1982	-	205	105561235	93215
chr11	134703317	134903317	harbor2	chr11	134717580	134717794	LTR/ERVL-MaLR	1147	-	107	134717687	14370
chr11	134703317	134903317	harbor2	chr11	134717848	134718522	LTR/ERVL-MaLR	1459	-	337	134718185	14868
chr11	134703317	134903317	harbor2	chr11	134751197	134751562	LTR/ERVL-MaLR	821	-	182	134751379	48062
chr11	134703317	134903317	harbor2	chr11	134752086	134752242	LTR/ERVL-MaLR	821	-	78	134752164	48847
chr11	134703317	134903317	harbor2	chr11	134754223	134754410	LTR/ERVL-MaLR	394	-	94	134754317	51000
chr11	134703317	134903317	harbor2	chr11	134775383	134775647	LTR/ERVL-MaLR	734	-	132	134775515	72198
chr11	105326011	105526011	harbor2	chr11	105348800	105349015	LTR/ERVL-MaLR	1277	-	108	105348908	22897
chr11	105326011	105526011	harbor2	chr11	105350104	105350269	LTR/ERVL-MaLR	952	-	82	105350186	24175
chr11	105326011	105526011	harbor2	chr11	105350270	105351602	LTR/ERVL-MaLR	9327	-	666	105350936	24925
chr11	105326011	105526011	harbor2	chr11	105360871	105361331	LTR/ERVL-MaLR	421	-	230	105361101	35090
chr11	105326011	105526011	harbor2	chr11	105374635	105375004	LTR/ERVL-MaLR	2134	-	184	105374819	48808
chr11	105326011	105526011	harbor2	chr11	105375010	105376606	LTR/ERVL-MaLR	10387	-	798	105375808	49797
chr11	105326011	105526011	harbor2	chr11	105376607	105376977	LTR/ERVL-MaLR	2299	-	185	105376792	50781
chr11	105326011	105526011	harbor2	chr11	105407186	105407490	LTR/ERVL-MaLR	692	-	152	105407338	81327
chr11	105326011	105526011	harbor2	chr11	105332670	105333029	LTR/ERVL-MaLR	1014	-	180	105332850	6839
chr11	85378501	85578501	harbor2	chr11	85437915	85438327	LTR/ERVL-MaLR	2251	-	206	85438121	59620
chr11	133102959	133302959	harbor2	chr11	133159423	133159614	LTR/ERVL-MaLR	479	-	96	133159519	56560
chr11	79608636	79808636	harbor2	chr11	79644443	79644821	LTR/ERVL-MaLR	1978	-	189	79644632	35996
chr11	79608636	79808636	harbor2	chr11	79646452	79646557	LTR/ERVL-MaLR	440	-	52	79646504	37868
chr11	79608636	79808636	harbor2	chr11	79658523	79658899	LTR/ERVL-MaLR	1593	-	188	79658711	50075
chr11	79608636	79808636	harbor2	chr11	79694050	79694448	LTR/ERVL-MaLR	2194	-	199	79694249	85613
chr11	68235716	68435716	harbor2	chr11	68240892	68241261	LTR/ERVL-MaLR	1961	-	184	68241076	5360
chr11	68235716	68435716	harbor2	chr11	68288814	68289152	LTR/ERVL-MaLR	1184	-	169	68288983	53267
chr11	68235716	68435716	harbor2	chr11	68289214	68289664	LTR/ERVL-MaLR	1023	-	225	68289439	53723
chr11	68235716	68435716	harbor2	chr11	68305853	68306136	LTR/ERVL-MaLR	1759	-	142	68305995	70279
chr11	68235716	68435716	harbor2	chr11	68306436	68306628	LTR/ERVL-MaLR	1759	-	96	68306532	70816
chr11	112816776	113016776	harbor2	chr11	112823531	112824089	LTR/ERVL-MaLR	1105	-	279	112823810	7034
chr11	112816776	113016776	harbor2	chr11	112843937	112844332	LTR/ERVL-MaLR	913	-	198	112844135	27359
chr11	112816776	113016776	harbor2	chr11	112855196	112855290	LTR/ERVL-MaLR	371	-	47	112855243	38467
chr11	112816776	113016776	harbor2	chr11	112882209	112882570	LTR/ERVL-MaLR	1681	-	180	112882389	65613
chr11	112816776	113016776	harbor2	chr11	112890432	112890525	LTR/ERVL-MaLR	403	-	46	112890478	73702
chr11	112816776	113016776	harbor2	chr11	112891193	112891416	LTR/ERVL-MaLR	378	-	112	112891305	74529
chr11	112816776	113016776	harbor2	chr11	112915959	112916278	LTR/ERVL-MaLR	1158	-	160	112916119	99343
chr11	38637912	38837912	harbor2	chr11	38650062	38650207	LTR/ERVL-MaLR	525	-	72	38650134	12222
chr11	38637912	38837912	harbor2	chr11	38660880	38661455	LTR/ERVL-MaLR	1448	-	288	38661168	23256
chr11	38637912	38837912	harbor2	chr11	38668690	38668822	LTR/ERVL-MaLR	414	-	66	38668756	30844
chr11	38637912	38837912	harbor2	chr11	38695472	38695826	LTR/ERVL-MaLR	2663	-	177	38695649	57737
chr11	38637912	38837912	harbor2	chr11	38695827	38696915	LTR/ERVL-MaLR	11266	-	544	38696371	58459
chr11	38637912	38837912	harbor2	chr11	38697247	38697743	LTR/ERVL-MaLR	11266	-	248	38697495	59583
chr11	38637912	38837912	harbor2	chr11	38697744	38698096	LTR/ERVL-MaLR	2481	-	176	38697920	60008
chr11	38637912	38837912	harbor2	chr11	38725766	38725967	LTR/ERVL-MaLR	850	-	100	38725866	87954
chr11	38637912	38837912	harbor2	chr11	38732607	38732968	LTR/ERVL-MaLR	2113	-	180	38732787	94875
chr11	38637912	38837912	harbor2	chr11	38732969	38734527	LTR/ERVL-MaLR	9122	-	779	38733748	95836
chr11	38637912	38837912	harbor2	chr11	38734533	38734906	LTR/ERVL-MaLR	2582	-	186	38734719	96807
chr11	66826160	67026160	harbor2	chr11	66832763	66833040	LTR/ERVL-MaLR	1192	-	138	66832901	6741
chr11	66826160	67026160	harbor2	chr11	66833329	66833489	LTR/ERVL-MaLR	1192	-	80	66833409	7249
chr11	66826160	67026160	harbor2	chr11	66887820	66888193	LTR/ERVL-MaLR	911	-	186	66888006	61846
chr11	122047721	122247721	harbor2	chr11	122066058	122066503	LTR/ERVL-MaLR	1491	-	222	122066280	18559
chr11	105338520	105538520	harbor2	chr11	105348800	105349015	LTR/ERVL-MaLR	1277	-	108	105348908	10388
chr11	105338520	105538520	harbor2	chr11	105350104	105350269	LTR/ERVL-MaLR	952	-	82	105350186	11666
chr11	105338520	105538520	harbor2	chr11	105350270	105351602	LTR/ERVL-MaLR	9327	-	666	105350936	12416
chr11	105338520	105538520	harbor2	chr11	105360871	105361331	LTR/ERVL-MaLR	421	-	230	105361101	22581
chr11	105338520	105538520	harbor2	chr11	105374635	105375004	LTR/ERVL-MaLR	2134	-	184	105374819	36299
chr11	105338520	105538520	harbor2	chr11	105375010	105376606	LTR/ERVL-MaLR	10387	-	798	105375808	37288
chr11	105338520	105538520	harbor2	chr11	105376607	105376977	LTR/ERVL-MaLR	2299	-	185	105376792	38272
chr11	105338520	105538520	harbor2	chr11	105407186	105407490	LTR/ERVL-MaLR	692	-	152	105407338	68818
chr11	105338520	105538520	harbor2	chr11	105433608	105433980	LTR/ERVL-MaLR	1986	-	186	105433794	95274
chr11	131163137	131363137	harbor2	chr11	131187943	131188269	LTR/ERVL-MaLR	1950	-	163	131188106	24969
chr11	131163137	131363137	harbor2	chr11	131215836	131216203	LTR/ERVL-MaLR	555	-	184	131216020	52883
chr11	131163137	131363137	harbor2	chr11	131224750	131224900	LTR/ERVL-MaLR	472	-	75	131224825	61688
chr11	131163137	131363137	harbor2	chr11	131229324	131229550	LTR/ERVL-MaLR	768	-	113	131229437	66300
chr11	131163137	131363137	harbor2	chr11	131249597	131249946	LTR/ERVL-MaLR	1843	-	174	131249771	86634
chr11	133854988	134054988	harbor2	chr11	133866028	133866447	LTR/ERVL-MaLR	2627	-	210	133866238	11250
chr11	133854988	134054988	harbor2	chr11	133870699	133871057	LTR/ERVL-MaLR	1812	-	179	133870878	15890
chr11	133854988	134054988	harbor2	chr11	133886062	133886417	LTR/ERVL-MaLR	404	-	178	133886240	31252
chr11	106528181	106728181	harbor2	chr11	106528184	106528561	LTR/ERVL-MaLR	528	-	188	106528372	191
chr11	106528181	106728181	harbor2	chr11	106567352	106567710	LTR/ERVL-MaLR	2438	-	179	106567531	39350
chr11	106528181	106728181	harbor2	chr11	106578398	106578518	LTR/ERVL-MaLR	662	-	60	106578458	50277
chr11	106528181	106728181	harbor2	chr11	106579454	106579838	LTR/ERVL-MaLR	2257	-	192	106579646	51465
chr11	106528181	106728181	harbor2	chr11	106597641	106598063	LTR/ERVL-MaLR	2568	-	211	106597852	69671
chr11	106528181	106728181	harbor2	chr11	106618313	106618710	LTR/ERVL-MaLR	1770	-	198	106618511	90330
chr11	106528181	106728181	harbor2	chr11	106625569	106626017	LTR/ERVL-MaLR	1839	-	224	106625793	97612
chr11	121321596	121521596	harbor2	chr11	121370752	121371140	LTR/ERVL-MaLR	2064	-	194	121370946	49350
chr11	121321596	121521596	harbor2	chr11	121391668	121391985	LTR/ERVL-MaLR	1279	-	158	121391826	70230
chr11	106892552	107092552	harbor2	chr11	106905292	106905568	LTR/ERVL-MaLR	638	-	138	106905430	12878
chr11	106892552	107092552	harbor2	chr11	106913201	106913640	LTR/ERVL-MaLR	2066	-	220	106913421	20869
chr11	84611613	84811613	harbor2	chr11	84627623	84628017	LTR/ERVL-MaLR	2036	-	197	84627820	16207
chr11	84611613	84811613	harbor2	chr11	84672769	84673166	LTR/ERVL-MaLR	2098	-	198	84672967	61354
chr11	84611613	84811613	harbor2	chr11	84681911	84682235	LTR/ERVL-MaLR	2016	-	162	84682073	70460
chr11	26950706	27150706	harbor2	chr11	26955914	26956256	LTR/ERVL-MaLR	1507	-	171	26956085	5379
chr11	26950706	27150706	harbor2	chr11	26957191	26957362	LTR/ERVL-MaLR	372	-	86	26957277	6571
chr11	26950706	27150706	harbor2	chr11	26972444	26972896	LTR/ERVL-MaLR	1687	-	226	26972670	21964
chr11	26950706	27150706	harbor2	chr11	26999480	26999824	LTR/ERVL-MaLR	1210	-	172	26999652	48946
chr11	26950706	27150706	harbor2	chr11	27015281	27015642	LTR/ERVL-MaLR	2126	-	180	27015461	64755
chr11	26950706	27150706	harbor2	chr11	27017458	27017727	LTR/ERVL-MaLR	456	-	134	27017592	66886
chr11	26950706	27150706	harbor2	chr11	27018044	27018107	LTR/ERVL-MaLR	456	-	32	27018076	67370
chr11	113179290	113379290	harbor2	chr11	113196866	113197243	LTR/ERVL-MaLR	2352	-	188	113197054	17764
chr11	78980672	79180672	harbor2	chr11	79010453	79010800	LTR/ERVL-MaLR	2349	-	174	79010627	29955
chr11	78980672	79180672	harbor2	chr11	79076289	79076621	LTR/ERVL-MaLR	2204	-	166	79076455	95783
chr11	99089171	99289171	harbor2	chr11	99100949	99101313	LTR/ERVL-MaLR	2045	-	182	99101131	11960
chr11	99089171	99289171	harbor2	chr11	99101314	99102876	LTR/ERVL-MaLR	10694	-	781	99102095	12924
chr11	99089171	99289171	harbor2	chr11	99102877	99103250	LTR/ERVL-MaLR	1963	-	186	99103063	13892
chr11	99089171	99289171	harbor2	chr11	99172883	99173226	LTR/ERVL-MaLR	1897	-	172	99173055	83884
chr11	89208181	89408181	harbor2	chr11	89217406	89217621	LTR/ERVL-MaLR	490	-	108	89217514	9333
chr11	89208181	89408181	harbor2	chr11	89220094	89220506	LTR/ERVL-MaLR	2336	-	206	89220300	12119
chr11	89208181	89408181	harbor2	chr11	89250492	89250862	LTR/ERVL-MaLR	2283	-	185	89250677	42496
chr11	89208181	89408181	harbor2	chr11	89271247	89271278	LTR/ERVL-MaLR	2064	-	16	89271263	63082
chr11	89208181	89408181	harbor2	chr11	89273719	89274074	LTR/ERVL-MaLR	2064	-	178	89273897	65716
chr11	89208181	89408181	harbor2	chr11	89283828	89283924	LTR/ERVL-MaLR	540	-	48	89283876	75695
chr11	89208181	89408181	harbor2	chr11	89301028	89301380	LTR/ERVL-MaLR	1984	-	176	89301204	93023
chr11	122739781	122939781	harbor2	chr11	122758980	122759332	LTR/ERVL-MaLR	1543	-	176	122759156	19375
chr11	122739781	122939781	harbor2	chr11	122759854	122760026	LTR/ERVL-MaLR	415	-	86	122759940	20159
chr11	122739781	122939781	harbor2	chr11	122769025	122769413	LTR/ERVL-MaLR	2171	-	194	122769219	29438
chr11	122739781	122939781	harbor2	chr11	122805032	122805247	LTR/ERVL-MaLR	1284	-	108	122805140	65359
chr11	122739781	122939781	harbor2	chr11	122805562	122805747	LTR/ERVL-MaLR	1272	-	92	122805654	65873
chr11	36643658	36843658	harbor2	chr11	36648504	36648886	LTR/ERVL-MaLR	544	-	191	36648695	5037
chr11	36643658	36843658	harbor2	chr11	36722382	36722762	LTR/ERVL-MaLR	1292	-	190	36722572	78914
chr11	36643658	36843658	harbor2	chr11	36725766	36726142	LTR/ERVL-MaLR	2161	-	188	36725954	82296
chr11	36643658	36843658	harbor2	chr11	36727205	36727588	LTR/ERVL-MaLR	2335	-	192	36727397	83739
chr11	36643658	36843658	harbor2	chr11	36737882	36738232	LTR/ERVL-MaLR	609	-	175	36738057	94399
chr11	130856728	131056728	harbor2	chr11	130858391	130858513	LTR/ERVL-MaLR	392	-	61	130858452	1724
chr11	130856728	131056728	harbor2	chr11	130919501	130919874	LTR/ERVL-MaLR	2241	-	186	130919687	62959
chr11	130856728	131056728	harbor2	chr11	130919875	130921414	LTR/ERVL-MaLR	11121	-	770	130920645	63917
chr11	130856728	131056728	harbor2	chr11	130921415	130921770	LTR/ERVL-MaLR	2129	-	178	130921593	64865
chr11	130856728	131056728	harbor2	chr11	130922024	130922286	LTR/ERVL-MaLR	646	-	131	130922155	65427
chr11	130856728	131056728	harbor2	chr11	130922501	130922692	LTR/ERVL-MaLR	731	-	96	130922597	65869
chr11	130856728	131056728	harbor2	chr11	130938377	130938578	LTR/ERVL-MaLR	421	-	100	130938477	81749
chr11	130856728	131056728	harbor2	chr11	130938992	130939746	LTR/ERVL-MaLR	1686	-	377	130939369	82641
chr11	130856728	131056728	harbor2	chr11	130951934	130952302	LTR/ERVL-MaLR	1636	-	184	130952118	95390
chr11	130856728	131056728	harbor2	chr11	130924192	130924564	LTR/ERVL-MaLR	1808	-	186	130924378	67650
chr11	120611621	120811621	harbor2	chr11	120622607	120623013	LTR/ERVL-MaLR	824	-	203	120622810	11189
chr11	120611621	120811621	harbor2	chr11	120675872	120676355	LTR/ERVL-MaLR	1564	-	242	120676114	64493
chr11	120611621	120811621	harbor2	chr11	120676356	120676807	LTR/ERVL-MaLR	2948	-	226	120676582	64961
chr11	120611621	120811621	harbor2	chr11	120676808	120676885	LTR/ERVL-MaLR	1564	-	38	120676846	65225
chr11	120611621	120811621	harbor2	chr11	120707553	120708120	LTR/ERVL-MaLR	1919	-	284	120707837	96216
chr11	90422519	90622519	harbor2	chr11	90463352	90463703	LTR/ERVL-MaLR	1417	-	176	90463528	41009
chr11	71998292	72198292	harbor2	chr11	72085653	72086138	LTR/ERVL-MaLR	1172	-	242	72085895	87603
chr11	124030302	124230302	harbor2	chr11	124113566	124113921	LTR/ERVL-MaLR	803	-	178	124113744	83442
chr11	119529564	119729564	harbor2	chr11	119535848	119536221	LTR/ERVL-MaLR	1890	-	186	119536034	6470
chr11	119529564	119729564	harbor2	chr11	119558792	119559150	LTR/ERVL-MaLR	2382	-	179	119558971	29407
chr11	119529564	119729564	harbor2	chr11	119572426	119572749	LTR/ERVL-MaLR	787	-	162	119572588	43024
chr11	119529564	119729564	harbor2	chr11	119575750	119576129	LTR/ERVL-MaLR	1502	-	190	119575940	46376
chr11	119529564	119729564	harbor2	chr11	119576387	119576541	LTR/ERVL-MaLR	1502	-	77	119576464	46900
chr11	119529564	119729564	harbor2	chr11	119576715	119577080	LTR/ERVL-MaLR	956	-	182	119576897	47333
chr11	119529564	119729564	harbor2	chr11	119593387	119593726	LTR/ERVL-MaLR	739	-	170	119593557	63993
chr11	119529564	119729564	harbor2	chr11	119612821	119613256	LTR/ERVL-MaLR	1772	-	218	119613039	83475
chr11	119995821	120195821	harbor2	chr11	119998207	119998586	LTR/ERVL-MaLR	2198	-	190	119998397	2576
chr11	119995821	120195821	harbor2	chr11	120005546	120005658	LTR/ERVL-MaLR	376	-	56	120005602	9781
chr11	119995821	120195821	harbor2	chr11	120006110	120006491	LTR/ERVL-MaLR	2257	-	190	120006300	10479
chr11	119995821	120195821	harbor2	chr11	120023836	120024353	LTR/ERVL-MaLR	761	-	258	120024094	28273
chr11	119995821	120195821	harbor2	chr11	120029948	120030335	LTR/ERVL-MaLR	2303	-	194	120030142	34321
chr11	119995821	120195821	harbor2	chr11	120031543	120032012	LTR/ERVL-MaLR	537	-	234	120031777	35956
chr11	119995821	120195821	harbor2	chr11	120042704	120043121	LTR/ERVL-MaLR	2416	-	208	120042912	47091
chr11	119995821	120195821	harbor2	chr11	120043136	120044743	LTR/ERVL-MaLR	8623	-	804	120043940	48119
chr11	119995821	120195821	harbor2	chr11	120044748	120045166	LTR/ERVL-MaLR	2680	-	209	120044957	49136
chr11	119995821	120195821	harbor2	chr11	120051757	120052122	LTR/ERVL-MaLR	823	-	182	120051939	56118
chr11	119995821	120195821	harbor2	chr11	120052828	120053246	LTR/ERVL-MaLR	513	-	209	120053037	57216
chr11	119225147	119425147	harbor2	chr11	119257904	119257944	LTR/ERVL-MaLR	2277	-	20	119257924	32777
chr11	119225147	119425147	harbor2	chr11	119258257	119258621	LTR/ERVL-MaLR	2277	-	182	119258439	33292
chr11	119225147	119425147	harbor2	chr11	119288284	119288609	LTR/ERVL-MaLR	973	-	162	119288446	63299
chr11	119225147	119425147	harbor2	chr11	119293693	119293846	LTR/ERVL-MaLR	809	-	76	119293769	68622
chr11	121865952	122065952	harbor2	chr11	121875640	121875993	LTR/ERVL-MaLR	1516	-	176	121875816	9864
chr11	121865952	122065952	harbor2	chr11	121889183	121889727	LTR/ERVL-MaLR	2049	-	272	121889455	23503
chr11	121865952	122065952	harbor2	chr11	121900510	121901005	LTR/ERVL-MaLR	1775	-	248	121900758	34806
chr11	121865952	122065952	harbor2	chr11	121916438	121916869	LTR/ERVL-MaLR	1228	-	216	121916654	50702
chr11	121865952	122065952	harbor2	chr11	121935347	121935783	LTR/ERVL-MaLR	2370	-	218	121935565	69613
chr11	121865952	122065952	harbor2	chr11	121942261	121942618	LTR/ERVL-MaLR	2319	-	178	121942439	76487
chr11	121865952	122065952	harbor2	chr11	121946491	121946585	LTR/ERVL-MaLR	464	-	47	121946538	80586
chr11	121865952	122065952	harbor2	chr11	121947017	121947311	LTR/ERVL-MaLR	464	-	147	121947164	81212
chr11	121865952	122065952	harbor2	chr11	121960606	121960926	LTR/ERVL-MaLR	725	-	160	121960766	94814
chr11	82866824	83066824	harbor2	chr11	82940523	82940914	LTR/ERVL-MaLR	2265	-	196	82940719	73895
chr11	82866824	83066824	harbor2	chr11	82943160	82943493	LTR/ERVL-MaLR	1842	-	166	82943326	76502
chr11	82866824	83066824	harbor2	chr11	82943494	82945064	LTR/ERVL-MaLR	11582	-	785	82944279	77455
chr11	82866824	83066824	harbor2	chr11	82945065	82945425	LTR/ERVL-MaLR	2081	-	180	82945245	78421
chr11	131701632	131901632	harbor2	chr11	131715981	131716350	LTR/ERVL-MaLR	1891	-	184	131716165	14533
chr11	131701632	131901632	harbor2	chr11	131773029	131773403	LTR/ERVL-MaLR	1709	-	187	131773216	71584
chr11	131701632	131901632	harbor2	chr11	131776625	131776962	LTR/ERVL-MaLR	674	-	168	131776793	75161
chr11	131701632	131901632	harbor2	chr11	131775966	131776614	LTR/ERVL-MaLR	1921	-	324	131776290	74658
chr11	97003824	97203824	harbor2	chr11	97036824	97037105	LTR/ERVL-MaLR	434	-	140	97036964	33140
chr11	97003824	97203824	harbor2	chr11	97061762	97062176	LTR/ERVL-MaLR	1807	-	207	97061969	58145
chr11	127804035	128004035	harbor2	chr11	127884592	127884872	LTR/ERVL-MaLR	1327	-	140	127884732	80697
chr11	127804035	128004035	harbor2	chr11	127884873	127886366	LTR/ERVL-MaLR	7335	-	746	127885619	81584
chr11	127804035	128004035	harbor2	chr11	127886367	127886717	LTR/ERVL-MaLR	2068	-	175	127886542	82507
chr11	103934155	104134155	harbor2	chr11	103934483	103934871	LTR/ERVL-MaLR	2043	-	194	103934677	522
chr11	103934155	104134155	harbor2	chr11	103960683	103961034	LTR/ERVL-MaLR	1354	-	176	103960859	26704
chr11	103934155	104134155	harbor2	chr11	104012684	104012784	LTR/ERVL-MaLR	429	-	50	104012734	78579
chr11	103934155	104134155	harbor2	chr11	104016109	104016546	LTR/ERVL-MaLR	1049	-	218	104016327	82172
chr11	117252503	117452503	harbor2	chr11	117256285	117256849	LTR/ERVL-MaLR	870	-	282	117256567	4064
chr11	117252503	117452503	harbor2	chr11	117337089	117337422	LTR/ERVL-MaLR	657	-	166	117337255	84752
chr11	131522932	131722932	harbor2	chr11	131524066	131524504	LTR/ERVL-MaLR	852	-	219	131524285	1353
chr11	131522932	131722932	harbor2	chr11	131559743	131559975	LTR/ERVL-MaLR	502	-	116	131559859	36927
chr11	131522932	131722932	harbor2	chr11	131564288	131564435	LTR/ERVL-MaLR	667	-	74	131564362	41430
chr11	131522932	131722932	harbor2	chr11	131588184	131588377	LTR/ERVL-MaLR	604	-	96	131588280	65348
chr11	124311035	124511035	harbor2	chr11	124341428	124341768	LTR/ERVL-MaLR	1290	-	170	124341598	30563
chr11	124311035	124511035	harbor2	chr11	124369384	124369746	LTR/ERVL-MaLR	586	-	181	124369565	58530
chr11	124311035	124511035	harbor2	chr11	124401056	124401216	LTR/ERVL-MaLR	1057	-	80	124401136	90101
chr11	124311035	124511035	harbor2	chr11	124401250	124401432	LTR/ERVL-MaLR	1057	-	91	124401341	90306
chr11	94657573	94857573	harbor2	chr11	94684101	94684172	LTR/ERVL-MaLR	491	-	36	94684137	26564
chr11	94657573	94857573	harbor2	chr11	94692070	94692476	LTR/ERVL-MaLR	1697	-	203	94692273	34700
chr11	94657573	94857573	harbor2	chr11	94702518	94702852	LTR/ERVL-MaLR	1561	-	167	94702685	45112
chr11	94657573	94857573	harbor2	chr11	94742680	94743043	LTR/ERVL-MaLR	2248	-	182	94742862	85289
chr11	94657573	94857573	harbor2	chr11	94747629	94748025	LTR/ERVL-MaLR	857	-	198	94747827	90254
chr11	94657573	94857573	harbor2	chr11	94748107	94748232	LTR/ERVL-MaLR	431	-	62	94748169	90596
chr11	94657573	94857573	harbor2	chr11	94748244	94748447	LTR/ERVL-MaLR	552	-	102	94748346	90773
chr11	42131070	42331070	harbor2	chr11	42143607	42143976	LTR/ERVL-MaLR	1716	-	184	42143791	12721
chr11	42131070	42331070	harbor2	chr11	42143977	42145005	LTR/ERVL-MaLR	10426	-	514	42144491	13421
chr11	42131070	42331070	harbor2	chr11	42145311	42145901	LTR/ERVL-MaLR	10426	-	295	42145606	14536
chr11	42131070	42331070	harbor2	chr11	42145903	42146299	LTR/ERVL-MaLR	1684	-	198	42146101	15031
chr11	42131070	42331070	harbor2	chr11	42171814	42172091	LTR/ERVL-MaLR	556	-	138	42171952	40882
chr11	42131070	42331070	harbor2	chr11	42177002	42177197	LTR/ERVL-MaLR	1000	-	98	42177100	46030
chr11	42131070	42331070	harbor2	chr11	42177547	42177722	LTR/ERVL-MaLR	863	-	88	42177635	46565
chr11	42131070	42331070	harbor2	chr11	42177890	42178365	LTR/ERVL-MaLR	485	-	238	42178128	47058
chr11	42131070	42331070	harbor2	chr11	42193604	42193776	LTR/ERVL-MaLR	715	-	86	42193690	62620
chr11	42131070	42331070	harbor2	chr11	42202280	42202625	LTR/ERVL-MaLR	1360	-	172	42202452	71382
chr11	115709221	115909221	harbor2	chr11	115733938	115734317	LTR/ERVL-MaLR	2014	-	190	115734128	24907
chr11	115709221	115909221	harbor2	chr11	115773098	115773639	LTR/ERVL-MaLR	560	-	270	115773368	64147
chr11	123325886	123525886	harbor2	chr11	123337840	123338265	LTR/ERVL-MaLR	1029	-	212	123338052	12166
chr11	123325886	123525886	harbor2	chr11	123393314	123393853	LTR/ERVL-MaLR	1722	-	270	123393584	67698
chr11	123325886	123525886	harbor2	chr11	123394683	123395077	LTR/ERVL-MaLR	1912	-	197	123394880	68994
chr11	123325886	123525886	harbor2	chr11	123398166	123398517	LTR/ERVL-MaLR	920	-	176	123398342	72456
chr11	123325886	123525886	harbor2	chr11	123400126	123400194	LTR/ERVL-MaLR	1804	-	34	123400160	74274
chr11	123325886	123525886	harbor2	chr11	123400497	123400792	LTR/ERVL-MaLR	1804	-	148	123400645	74759
chr11	123646098	123846098	harbor2	chr11	123659978	123660338	LTR/ERVL-MaLR	1963	-	180	123660158	14060
chr11	123646098	123846098	harbor2	chr11	123661419	123661781	LTR/ERVL-MaLR	2310	-	181	123661600	15502
chr11	123646098	123846098	harbor2	chr11	123661782	123662325	LTR/ERVL-MaLR	4270	-	272	123662054	15956
chr11	123646098	123846098	harbor2	chr11	123662598	123663599	LTR/ERVL-MaLR	7468	-	500	123663098	17000
chr11	123646098	123846098	harbor2	chr11	123663602	123663981	LTR/ERVL-MaLR	2202	-	190	123663792	17694
chr11	123646098	123846098	harbor2	chr11	123690175	123690744	LTR/ERVL-MaLR	649	-	284	123690459	44361
chr11	123646098	123846098	harbor2	chr11	123692084	123692440	LTR/ERVL-MaLR	2010	-	178	123692262	46164
chr11	101437089	101637089	harbor2	chr11	101495911	101496271	LTR/ERVL-MaLR	1783	-	180	101496091	59002
chr11	101437089	101637089	harbor2	chr11	101533152	101533572	LTR/ERVL-MaLR	2143	-	210	101533362	96273
chr11	134735334	134935334	harbor2	chr11	134751197	134751562	LTR/ERVL-MaLR	821	-	182	134751379	16045
chr11	134735334	134935334	harbor2	chr11	134752086	134752242	LTR/ERVL-MaLR	821	-	78	134752164	16830
chr11	134735334	134935334	harbor2	chr11	134754223	134754410	LTR/ERVL-MaLR	394	-	94	134754317	18983
chr11	134735334	134935334	harbor2	chr11	134775383	134775647	LTR/ERVL-MaLR	734	-	132	134775515	40181
chr11	121975182	122175182	harbor2	chr11	121979627	121980016	LTR/ERVL-MaLR	1776	-	194	121979821	4639
chr11	121975182	122175182	harbor2	chr11	121987416	121987904	LTR/ERVL-MaLR	1127	-	244	121987660	12478
chr11	121975182	122175182	harbor2	chr11	122004786	122005186	LTR/ERVL-MaLR	741	-	200	122004986	29804
chr11	121975182	122175182	harbor2	chr11	122066058	122066503	LTR/ERVL-MaLR	1491	-	222	122066280	91098
chr11	121975182	122175182	harbor2	chr11	122027678	122028101	LTR/ERVL-MaLR	2726	-	212	122027890	52708
chr11	126764677	126964677	harbor2	chr11	126783028	126783492	LTR/ERVL-MaLR	1857	-	232	126783260	18583
chr11	126764677	126964677	harbor2	chr11	126822563	126823023	LTR/ERVL-MaLR	1204	-	230	126822793	58116
chr11	85083028	85283028	harbor2	chr11	85090782	85091185	LTR/ERVL-MaLR	2118	-	202	85090984	7956
chr11	85083028	85283028	harbor2	chr11	85093469	85093831	LTR/ERVL-MaLR	2453	-	181	85093650	10622
chr11	85083028	85283028	harbor2	chr11	85109032	85109201	LTR/ERVL-MaLR	609	-	84	85109116	26088
chr11	130927594	131127594	harbor2	chr11	130938377	130938578	LTR/ERVL-MaLR	421	-	100	130938477	10883
chr11	130927594	131127594	harbor2	chr11	130938992	130939746	LTR/ERVL-MaLR	1686	-	377	130939369	11775
chr11	130927594	131127594	harbor2	chr11	130951934	130952302	LTR/ERVL-MaLR	1636	-	184	130952118	24524
chr11	69870248	70070248	harbor2	chr11	69873851	69874189	LTR/ERVL-MaLR	1568	-	169	69874020	3772
chr11	69870248	70070248	harbor2	chr11	69882894	69883296	LTR/ERVL-MaLR	849	-	201	69883095	12847
chr11	69870248	70070248	harbor2	chr11	69897129	69897517	LTR/ERVL-MaLR	2147	-	194	69897323	27075
chr11	69870248	70070248	harbor2	chr11	69916883	69917036	LTR/ERVL-MaLR	772	-	76	69916959	46711
chr11	69870248	70070248	harbor2	chr11	69918028	69918255	LTR/ERVL-MaLR	518	-	114	69918142	47894
chr11	69870248	70070248	harbor2	chr11	69946174	69946301	LTR/ERVL-MaLR	519	-	64	69946238	75990
chr11	69870248	70070248	harbor2	chr11	69947082	69947233	LTR/ERVL-MaLR	843	-	76	69947158	76910
chr11	69870248	70070248	harbor2	chr11	69961905	69962027	LTR/ERVL-MaLR	472	-	61	69961966	91718
chr11	97897428	98097428	harbor2	chr11	97911303	97911688	LTR/ERVL-MaLR	1925	-	192	97911495	14067
chr11	97897428	98097428	harbor2	chr11	97912370	97912790	LTR/ERVL-MaLR	443	-	210	97912580	15152
chr11	97897428	98097428	harbor2	chr11	97947588	97947948	LTR/ERVL-MaLR	1242	-	180	97947768	50340
chr11	97897428	98097428	harbor2	chr11	97957447	97957848	LTR/ERVL-MaLR	2059	-	200	97957647	60219
chr11	97897428	98097428	harbor2	chr11	97959399	97959752	LTR/ERVL-MaLR	2049	-	176	97959575	62147
chr11	97897428	98097428	harbor2	chr11	97990562	97990908	LTR/ERVL-MaLR	966	-	173	97990735	93307
chr11	97897428	98097428	harbor2	chr11	97991213	97991698	LTR/ERVL-MaLR	1557	-	242	97991455	94027
chr11	97897428	98097428	harbor2	chr11	97992733	97993095	LTR/ERVL-MaLR	710	-	181	97992914	95486
chr11	97897428	98097428	harbor2	chr11	97995627	97995960	LTR/ERVL-MaLR	1780	-	166	97995793	98365
chr11	57033219	57233219	harbor2	chr11	57047517	57047759	LTR/ERVL-MaLR	905	-	121	57047638	14419
chr11	57033219	57233219	harbor2	chr11	57049133	57049362	LTR/ERVL-MaLR	1018	-	114	57049247	16028
chr11	57033219	57233219	harbor2	chr11	57072165	57072571	LTR/ERVL-MaLR	1766	-	203	57072368	39149
chr11	57033219	57233219	harbor2	chr11	57078221	57078519	LTR/ERVL-MaLR	379	-	149	57078370	45151
chr11	57033219	57233219	harbor2	chr11	57083259	57083617	LTR/ERVL-MaLR	2202	-	179	57083438	50219
chr11	57033219	57233219	harbor2	chr11	57096200	57096463	LTR/ERVL-MaLR	1131	-	132	57096332	63113
chr11	57033219	57233219	harbor2	chr11	57096773	57096906	LTR/ERVL-MaLR	1131	-	66	57096839	63620
chr11	57033219	57233219	harbor2	chr11	57097113	57097411	LTR/ERVL-MaLR	940	-	149	57097262	64043
chr11	57033219	57233219	harbor2	chr11	57116792	57117038	LTR/ERVL-MaLR	1619	-	123	57116915	83696
chr11	57033219	57233219	harbor2	chr11	57117336	57117483	LTR/ERVL-MaLR	1619	-	74	57117410	84191
chr11	57033219	57233219	harbor2	chr11	57123218	57123452	LTR/ERVL-MaLR	391	-	117	57123335	90116
chr11	57033219	57233219	harbor2	chr11	57126668	57127044	LTR/ERVL-MaLR	1199	-	188	57126856	93637
chr11	57033219	57233219	harbor2	chr11	57049077	57049147	LTR/ERVL-MaLR	452	-	35	57049112	15893
chr11	108537014	108737014	harbor2	chr11	108582623	108583052	LTR/ERVL-MaLR	1812	-	214	108582837	45823
chr11	108537014	108737014	harbor2	chr11	108622302	108622673	LTR/ERVL-MaLR	2216	-	186	108622488	85474
chr11	68472860	68672860	harbor2	chr11	68499143	68499555	LTR/ERVL-MaLR	1370	-	206	68499349	26489
chr11	68472860	68672860	harbor2	chr11	68512159	68512328	LTR/ERVL-MaLR	815	-	84	68512243	39383
chr11	68472860	68672860	harbor2	chr11	68515652	68515838	LTR/ERVL-MaLR	495	-	93	68515745	42885
chr11	68472860	68672860	harbor2	chr11	68563202	68563590	LTR/ERVL-MaLR	877	-	194	68563396	90536
chr11	134702523	134902523	harbor2	chr11	134717580	134717794	LTR/ERVL-MaLR	1147	-	107	134717687	15164
chr11	134702523	134902523	harbor2	chr11	134717848	134718522	LTR/ERVL-MaLR	1459	-	337	134718185	15662
chr11	134702523	134902523	harbor2	chr11	134751197	134751562	LTR/ERVL-MaLR	821	-	182	134751379	48856
chr11	134702523	134902523	harbor2	chr11	134752086	134752242	LTR/ERVL-MaLR	821	-	78	134752164	49641
chr11	134702523	134902523	harbor2	chr11	134754223	134754410	LTR/ERVL-MaLR	394	-	94	134754317	51794
chr11	134702523	134902523	harbor2	chr11	134775383	134775647	LTR/ERVL-MaLR	734	-	132	134775515	72992
chr11	106488846	106688846	harbor2	chr11	106489650	106489997	LTR/ERVL-MaLR	1801	-	174	106489824	978
chr11	106488846	106688846	harbor2	chr11	106499391	106499748	LTR/ERVL-MaLR	1562	-	178	106499569	10723
chr11	106488846	106688846	harbor2	chr11	106528184	106528561	LTR/ERVL-MaLR	528	-	188	106528372	39526
chr11	106488846	106688846	harbor2	chr11	106567352	106567710	LTR/ERVL-MaLR	2438	-	179	106567531	78685
chr11	106488846	106688846	harbor2	chr11	106578398	106578518	LTR/ERVL-MaLR	662	-	60	106578458	89612
chr11	106488846	106688846	harbor2	chr11	106579454	106579838	LTR/ERVL-MaLR	2257	-	192	106579646	90800
chr11	132208572	132408572	harbor2	chr11	132262368	132262734	LTR/ERVL-MaLR	1756	-	183	132262551	53979
chr11	132208572	132408572	harbor2	chr11	132262735	132263191	LTR/ERVL-MaLR	1855	-	228	132262963	54391
chr11	132208572	132408572	harbor2	chr11	132263468	132264005	LTR/ERVL-MaLR	2579	-	268	132263736	55164
chr11	132208572	132408572	harbor2	chr11	132264850	132265060	LTR/ERVL-MaLR	543	-	105	132264955	56383
chr11	132208572	132408572	harbor2	chr11	132278185	132278519	LTR/ERVL-MaLR	1282	-	167	132278352	69780
chr11	132208572	132408572	harbor2	chr11	132284603	132284694	LTR/ERVL-MaLR	426	-	46	132284649	76077
chr11	132208572	132408572	harbor2	chr11	132301036	132301402	LTR/ERVL-MaLR	2598	-	183	132301219	92647
chr11	132208572	132408572	harbor2	chr11	132303179	132303632	LTR/ERVL-MaLR	1557	-	226	132303405	94833
chr11	132208572	132408572	harbor2	chr11	132284210	132284529	LTR/ERVL-MaLR	1480	-	160	132284370	75798
chr11	96699014	96899014	harbor2	chr11	96714481	96714497	LTR/ERVL-MaLR	1953	-	8	96714489	15475
chr11	96699014	96899014	harbor2	chr11	96739794	96740017	LTR/ERVL-MaLR	1068	-	112	96739906	40892
chr11	96699014	96899014	harbor2	chr11	96740351	96740476	LTR/ERVL-MaLR	1068	-	62	96740413	41399
chr11	96699014	96899014	harbor2	chr11	96797869	96797999	LTR/ERVL-MaLR	748	-	65	96797934	98920
chr11	96699014	96899014	harbor2	chr11	96714541	96714876	LTR/ERVL-MaLR	1953	-	168	96714709	15695
chr11	105217804	105417804	harbor2	chr11	105219245	105219670	LTR/ERVL-MaLR	2794	-	212	105219457	1653
chr11	105217804	105417804	harbor2	chr11	105263383	105263731	LTR/ERVL-MaLR	2164	-	174	105263557	45753
chr11	105217804	105417804	harbor2	chr11	105274782	105275064	LTR/ERVL-MaLR	863	-	141	105274923	57119
chr11	105217804	105417804	harbor2	chr11	105280988	105281340	LTR/ERVL-MaLR	2619	-	176	105281164	63360
chr11	105217804	105417804	harbor2	chr11	105285373	105285735	LTR/ERVL-MaLR	2175	-	181	105285554	67750
chr11	76071393	76271393	harbor2	chr11	76076224	76076595	LTR/ERVL-MaLR	2638	-	186	76076410	5017
chr11	76071393	76271393	harbor2	chr11	76079880	76080223	LTR/ERVL-MaLR	1332	-	172	76080052	8659
chr11	76071393	76271393	harbor2	chr11	76102811	76103223	LTR/ERVL-MaLR	2130	-	206	76103017	31624
chr11	77900685	78100685	harbor2	chr11	77909292	77909632	LTR/ERVL-MaLR	1901	-	170	77909462	8777
chr11	77900685	78100685	harbor2	chr11	77981996	77982136	LTR/ERVL-MaLR	607	-	70	77982066	81381
chr11	77900685	78100685	harbor2	chr11	77982438	77982584	LTR/ERVL-MaLR	607	-	73	77982511	81826
chr11	67792776	67992776	harbor2	chr11	67834982	67835312	LTR/ERVL-MaLR	1293	-	165	67835147	42371
chr11	67792776	67992776	harbor2	chr11	67835607	67835678	LTR/ERVL-MaLR	1293	-	36	67835643	42867
chr11	67792776	67992776	harbor2	chr11	67839209	67839334	LTR/ERVL-MaLR	781	-	62	67839271	46495
chr11	67792776	67992776	harbor2	chr11	67878579	67878937	LTR/ERVL-MaLR	559	-	179	67878758	85982
chr11	119118132	119318132	harbor2	chr11	119184194	119184260	LTR/ERVL-MaLR	2689	-	33	119184227	66095
chr11	119118132	119318132	harbor2	chr11	119184551	119184858	LTR/ERVL-MaLR	2689	-	154	119184705	66573
chr11	92856785	93056785	harbor2	chr11	92904455	92904729	LTR/ERVL-MaLR	1536	-	137	92904592	47807
chr11	50059486	50259486	harbor2	chr11	50084506	50084862	LTR/ERVL-MaLR	1650	-	178	50084684	25198
chr11	50059486	50259486	harbor2	chr11	50138816	50138868	LTR/ERVL-MaLR	593	-	26	50138842	79356
chr11	50059486	50259486	harbor2	chr11	50139253	50139573	LTR/ERVL-MaLR	593	-	160	50139413	79927
chr11	50059486	50259486	harbor2	chr11	50139869	50140211	LTR/ERVL-MaLR	1209	-	171	50140040	80554
chr11	50059486	50259486	harbor2	chr11	50134683	50135062	LTR/ERVL-MaLR	799	-	190	50134873	75387
chr11	74106055	74306055	harbor2	chr11	74178060	74178525	LTR/ERVL-MaLR	1296	-	232	74178292	72237
chr11	74106055	74306055	harbor2	chr11	74199666	74200025	LTR/ERVL-MaLR	2158	-	180	74199846	93791
chr11	107198782	107398782	harbor2	chr11	107204529	107204912	LTR/ERVL-MaLR	2237	-	192	107204721	5939
chr11	107198782	107398782	harbor2	chr11	107204913	107206500	LTR/ERVL-MaLR	9421	-	794	107205707	6925
chr11	107198782	107398782	harbor2	chr11	107206501	107206878	LTR/ERVL-MaLR	2047	-	188	107206689	7907
chr11	107198782	107398782	harbor2	chr11	107214170	107214439	LTR/ERVL-MaLR	527	-	134	107214304	15522
chr11	107198782	107398782	harbor2	chr11	107214749	107214955	LTR/ERVL-MaLR	599	-	103	107214852	16070
chr11	107198782	107398782	harbor2	chr11	107222427	107222608	LTR/ERVL-MaLR	620	-	90	107222517	23735
chr11	107198782	107398782	harbor2	chr11	107241060	107241443	LTR/ERVL-MaLR	2489	-	192	107241252	42470
chr11	119385523	119585523	harbor2	chr11	119389782	119390021	LTR/ERVL-MaLR	807	-	120	119389902	4379
chr11	119385523	119585523	harbor2	chr11	119390574	119390658	LTR/ERVL-MaLR	454	-	42	119390616	5093
chr11	119385523	119585523	harbor2	chr11	119390774	119390989	LTR/ERVL-MaLR	1175	-	108	119390882	5359
chr11	119385523	119585523	harbor2	chr11	119409705	119410181	LTR/ERVL-MaLR	1293	-	238	119409943	24420
chr11	119385523	119585523	harbor2	chr11	119411591	119411956	LTR/ERVL-MaLR	2154	-	182	119411773	26250
chr11	119385523	119585523	harbor2	chr11	119414319	119414776	LTR/ERVL-MaLR	1455	-	228	119414547	29024
chr11	119385523	119585523	harbor2	chr11	119437094	119437336	LTR/ERVL-MaLR	1455	-	121	119437215	51692
chr11	119385523	119585523	harbor2	chr11	119438299	119438448	LTR/ERVL-MaLR	1455	-	74	119438373	52850
chr11	119385523	119585523	harbor2	chr11	119441256	119441502	LTR/ERVL-MaLR	1643	-	123	119441379	55856
chr11	119385523	119585523	harbor2	chr11	119441503	119441566	LTR/ERVL-MaLR	2406	-	32	119441535	56012
chr11	119385523	119585523	harbor2	chr11	119441858	119442205	LTR/ERVL-MaLR	2406	-	174	119442032	56509
chr11	119385523	119585523	harbor2	chr11	119442206	119442365	LTR/ERVL-MaLR	1643	-	80	119442286	56763
chr11	119385523	119585523	harbor2	chr11	119449979	119450462	LTR/ERVL-MaLR	1202	-	242	119450221	64698
chr11	70428808	70628808	harbor2	chr11	70430318	70430606	LTR/ERVL-MaLR	658	-	144	70430462	1654
chr11	70428808	70628808	harbor2	chr11	70430666	70430857	LTR/ERVL-MaLR	527	-	96	70430762	1954
chr11	70428808	70628808	harbor2	chr11	70442724	70442770	LTR/ERVL-MaLR	1826	-	23	70442747	13939
chr11	70428808	70628808	harbor2	chr11	70443078	70443424	LTR/ERVL-MaLR	1826	-	173	70443251	14443
chr11	70428808	70628808	harbor2	chr11	70450769	70451174	LTR/ERVL-MaLR	1157	-	202	70450971	22163
chr11	70428808	70628808	harbor2	chr11	70498702	70498979	LTR/ERVL-MaLR	551	-	138	70498840	70032
chr11	72304702	72504702	harbor2	chr11	72378272	72378626	LTR/ERVL-MaLR	2675	-	177	72378449	73747
chr11	81056099	81256099	harbor2	chr11	81098523	81098913	LTR/ERVL-MaLR	1165	-	195	81098718	42619
chr11	81056099	81256099	harbor2	chr11	81110931	81111321	LTR/ERVL-MaLR	1390	-	195	81111126	55027
chr11	81056099	81256099	harbor2	chr11	81143858	81143950	LTR/ERVL-MaLR	433	-	46	81143904	87805
chr11	128205223	128405223	harbor2	chr11	128205793	128206214	LTR/ERVL-MaLR	2609	-	210	128206003	780
chr11	128205223	128405223	harbor2	chr11	128234578	128234943	LTR/ERVL-MaLR	1431	-	182	128234760	29537
chr11	100744923	100944923	harbor2	chr11	100814472	100814879	LTR/ERVL-MaLR	2407	-	204	100814676	69753
chr11	100744923	100944923	harbor2	chr11	100833347	100833890	LTR/ERVL-MaLR	964	-	272	100833619	88696
chr11	93509214	93709214	harbor2	chr11	93559235	93559478	LTR/ERVL-MaLR	742	-	122	93559357	50143
chr11	49734957	49934957	harbor2	chr11	49744188	49744549	LTR/ERVL-MaLR	2532	-	180	49744368	9411
chr11	49734957	49934957	harbor2	chr11	49744550	49746019	LTR/ERVL-MaLR	8698	-	734	49745284	10327
chr11	49734957	49934957	harbor2	chr11	49746020	49746380	LTR/ERVL-MaLR	2339	-	180	49746200	11243
chr11	49734957	49934957	harbor2	chr11	49761088	49761471	LTR/ERVL-MaLR	1634	-	192	49761280	26323
chr11	122022191	122222191	harbor2	chr11	122066058	122066503	LTR/ERVL-MaLR	1491	-	222	122066280	44089
chr11	122022191	122222191	harbor2	chr11	122027678	122028101	LTR/ERVL-MaLR	2726	-	212	122027890	5699
chr11	76838906	77038906	harbor2	chr11	76839479	76839689	LTR/ERVL-MaLR	482	-	105	76839584	678
chr11	76838906	77038906	harbor2	chr11	76888416	76888912	LTR/ERVL-MaLR	1401	-	248	76888664	49758
chr11	76838906	77038906	harbor2	chr11	76911629	76911832	LTR/ERVL-MaLR	380	-	102	76911731	72825
chr11	76838906	77038906	harbor2	chr11	76915629	76915991	LTR/ERVL-MaLR	2082	-	181	76915810	76904
chr11	76838906	77038906	harbor2	chr11	76936016	76936184	LTR/ERVL-MaLR	927	-	84	76936100	97194
chr11	88138487	88338487	harbor2	chr11	88144336	88144508	LTR/ERVL-MaLR	624	-	86	88144422	5935
chr11	88138487	88338487	harbor2	chr11	88211547	88213192	LTR/ERVL-MaLR	9709	-	822	88212369	73882
chr11	88138487	88338487	harbor2	chr11	88213195	88213584	LTR/ERVL-MaLR	2199	-	194	88213389	74902
chr11	88138487	88338487	harbor2	chr11	88211325	88211546	LTR/ERVL-MaLR	1050	-	110	88211435	72948
chr11	130639853	130839853	harbor2	chr11	130647136	130647541	LTR/ERVL-MaLR	2251	-	202	130647338	7485
chr11	130639853	130839853	harbor2	chr11	130679581	130679946	LTR/ERVL-MaLR	2226	-	182	130679763	39910
chr11	130639853	130839853	harbor2	chr11	130705175	130705640	LTR/ERVL-MaLR	2309	-	232	130705407	65554
chr11	130639853	130839853	harbor2	chr11	130715749	130716220	LTR/ERVL-MaLR	1638	-	236	130715985	76132
chr11	130639853	130839853	harbor2	chr11	130734282	130734687	LTR/ERVL-MaLR	1005	-	202	130734484	94631
chr11	130639853	130839853	harbor2	chr11	130734948	130735549	LTR/ERVL-MaLR	1028	-	300	130735248	95395
chr11	123675965	123875965	harbor2	chr11	123690175	123690744	LTR/ERVL-MaLR	649	-	284	123690459	14494
chr11	123675965	123875965	harbor2	chr11	123692084	123692440	LTR/ERVL-MaLR	2010	-	178	123692262	16297
chr11	123675965	123875965	harbor2	chr11	123761968	123762655	LTR/ERVL-MaLR	3655	-	344	123762312	86347
chr11	123675965	123875965	harbor2	chr11	123762656	123763072	LTR/ERVL-MaLR	2724	-	208	123762864	86899
chr11	123675965	123875965	harbor2	chr11	123771169	123771533	LTR/ERVL-MaLR	2472	-	182	123771351	95386
chr11	123675965	123875965	harbor2	chr11	123771968	123772197	LTR/ERVL-MaLR	1645	-	114	123772082	96117
chr11	123675965	123875965	harbor2	chr11	123772398	123772550	LTR/ERVL-MaLR	1645	-	76	123772474	96509
chr11	123675965	123875965	harbor2	chr11	123774366	123774718	LTR/ERVL-MaLR	2304	-	176	123774542	98577
chr11	114688660	114888660	harbor2	chr11	114693838	114694314	LTR/ERVL-MaLR	1771	-	238	114694076	5416
chr11	114688660	114888660	harbor2	chr11	114714425	114714653	LTR/ERVL-MaLR	536	-	114	114714539	25879
chr11	114688660	114888660	harbor2	chr11	114726512	114727145	LTR/ERVL-MaLR	2889	-	316	114726828	38168
chr11	114688660	114888660	harbor2	chr11	114727147	114727504	LTR/ERVL-MaLR	1283	-	178	114727325	38665
chr11	114688660	114888660	harbor2	chr11	114727880	114728357	LTR/ERVL-MaLR	1581	-	238	114728118	39458
chr11	114688660	114888660	harbor2	chr11	114745150	114745576	LTR/ERVL-MaLR	2095	-	213	114745363	56703
chr11	114688660	114888660	harbor2	chr11	114747445	114747798	LTR/ERVL-MaLR	1827	-	176	114747621	58961
chr11	114688660	114888660	harbor2	chr11	114750385	114750829	LTR/ERVL-MaLR	1098	-	222	114750607	61947
chr11	114688660	114888660	harbor2	chr11	114750868	114751267	LTR/ERVL-MaLR	538	-	200	114751068	62408
chr11	114688660	114888660	harbor2	chr11	114764727	114764847	LTR/ERVL-MaLR	504	-	60	114764787	76127
chr11	114688660	114888660	harbor2	chr11	114775688	114775856	LTR/ERVL-MaLR	814	-	84	114775772	87112
chr11	114688660	114888660	harbor2	chr11	114775905	114776037	LTR/ERVL-MaLR	492	-	66	114775971	87311
chr11	73380972	73580972	harbor2	chr11	73465465	73465773	LTR/ERVL-MaLR	1498	-	154	73465619	84647
chr11	73380972	73580972	harbor2	chr11	73474129	73474298	LTR/ERVL-MaLR	1067	-	84	73474213	93241
chr11	73380972	73580972	harbor2	chr11	73474477	73474635	LTR/ERVL-MaLR	668	-	79	73474556	93584
chr11	127044278	127244278	harbor2	chr11	127056277	127056665	LTR/ERVL-MaLR	992	-	194	127056471	12193
chr11	127044278	127244278	harbor2	chr11	127134406	127134769	LTR/ERVL-MaLR	2855	-	182	127134588	90310
chr11	127044278	127244278	harbor2	chr11	127136610	127136807	LTR/ERVL-MaLR	554	-	98	127136708	92430
chr11	129598243	129798243	harbor2	chr11	129632501	129632857	LTR/ERVL-MaLR	2075	-	178	129632679	34436
chr11	129598243	129798243	harbor2	chr11	129682191	129682409	LTR/ERVL-MaLR	858	-	109	129682300	84057
chr11	134858538	135058538	harbor2	chr11	134938042	134938483	LTR/ERVL-MaLR	1579	-	220	134938262	79724
chr11	134858538	135058538	harbor2	chr11	134949328	134949853	LTR/ERVL-MaLR	1822	-	262	134949590	91052
chr11	104548764	104748764	harbor2	chr11	104621954	104622307	LTR/ERVL-MaLR	1596	-	176	104622130	73366
chr11	104548764	104748764	harbor2	chr11	104643919	104644008	LTR/ERVL-MaLR	376	-	44	104643963	95199
chr11	104548764	104748764	harbor2	chr11	104643991	104644121	LTR/ERVL-MaLR	525	-	65	104644056	95292
chr11	132588900	132788900	harbor2	chr11	132617572	132617961	LTR/ERVL-MaLR	1597	-	194	132617766	28866
chr11	132588900	132788900	harbor2	chr11	132633842	132634142	LTR/ERVL-MaLR	609	-	150	132633992	45092
chr11	132588900	132788900	harbor2	chr11	132666146	132666534	LTR/ERVL-MaLR	2163	-	194	132666340	77440
chr11	133996879	134196879	harbor2	chr11	134007262	134007784	LTR/ERVL-MaLR	2416	-	261	134007523	10644
chr11	133996879	134196879	harbor2	chr11	134011422	134011883	LTR/ERVL-MaLR	906	-	230	134011652	14773
chr11	130492466	130692466	harbor2	chr11	130521089	130521454	LTR/ERVL-MaLR	2200	-	182	130521271	28805
chr11	130492466	130692466	harbor2	chr11	130530715	130531096	LTR/ERVL-MaLR	1518	-	190	130530905	38439
chr11	130492466	130692466	harbor2	chr11	130579337	130579724	LTR/ERVL-MaLR	1866	-	194	130579531	87065
chr11	130492466	130692466	harbor2	chr11	130587065	130587391	LTR/ERVL-MaLR	1080	-	163	130587228	94762
chr11	130492466	130692466	harbor2	chr11	130589066	130589452	LTR/ERVL-MaLR	2104	-	193	130589259	96793
chr11	57904710	58104710	harbor2	chr11	57914006	57914399	LTR/ERVL-MaLR	1456	-	196	57914202	9492
chr11	57904710	58104710	harbor2	chr11	57914528	57914938	LTR/ERVL-MaLR	1979	-	205	57914733	10023
chr11	57904710	58104710	harbor2	chr11	57935423	57935761	LTR/ERVL-MaLR	1316	-	169	57935592	30882
chr11	104593410	104793410	harbor2	chr11	104621954	104622307	LTR/ERVL-MaLR	1596	-	176	104622130	28720
chr11	104593410	104793410	harbor2	chr11	104643919	104644008	LTR/ERVL-MaLR	376	-	44	104643963	50553
chr11	104593410	104793410	harbor2	chr11	104643991	104644121	LTR/ERVL-MaLR	525	-	65	104644056	50646
chr11	104593410	104793410	harbor2	chr11	104657375	104657760	LTR/ERVL-MaLR	1597	-	192	104657567	64157
chr11	104593410	104793410	harbor2	chr11	104657788	104657876	LTR/ERVL-MaLR	1597	-	44	104657832	64422
chr11	104593410	104793410	harbor2	chr11	104658347	104658461	LTR/ERVL-MaLR	573	-	57	104658404	64994
chr11	104593410	104793410	harbor2	chr11	104688029	104688489	LTR/ERVL-MaLR	1567	-	230	104688259	94849
chr11	60426000	60626000	harbor2	chr11	60496626	60496885	LTR/ERVL-MaLR	1267	-	130	60496756	70756
chr11	60426000	60626000	harbor2	chr11	60505059	60505419	LTR/ERVL-MaLR	2160	-	180	60505239	79239
chr11	60426000	60626000	harbor2	chr11	60520253	60521817	LTR/ERVL-MaLR	11659	-	782	60521035	95035
chr11	60426000	60626000	harbor2	chr11	60521819	60522186	LTR/ERVL-MaLR	2375	-	184	60522003	96003
chr11	91509517	91709517	harbor2	chr11	91537028	91537619	LTR/ERVL-MaLR	1628	-	296	91537324	27807
chr11	101939647	102139647	harbor2	chr11	101940464	101940938	LTR/ERVL-MaLR	705	-	237	101940701	1054
chr11	101939647	102139647	harbor2	chr11	101945548	101945802	LTR/ERVL-MaLR	633	-	127	101945675	6028
chr11	101939647	102139647	harbor2	chr11	102005169	102005589	LTR/ERVL-MaLR	2583	-	210	102005379	65732
chr11	132793627	132993627	harbor2	chr11	132834383	132834839	LTR/ERVL-MaLR	1420	-	228	132834611	40984
chr11	132793627	132993627	harbor2	chr11	132886243	132886801	LTR/ERVL-MaLR	1014	-	279	132886522	92895
chr11	133820416	134020416	harbor2	chr11	133866028	133866447	LTR/ERVL-MaLR	2627	-	210	133866238	45822
chr11	133820416	134020416	harbor2	chr11	133870699	133871057	LTR/ERVL-MaLR	1812	-	179	133870878	50462
chr11	133820416	134020416	harbor2	chr11	133886062	133886417	LTR/ERVL-MaLR	404	-	178	133886240	65824
chr11	102144386	102344386	harbor2	chr11	102178741	102179149	LTR/ERVL-MaLR	2162	-	204	102178945	34559
chr11	102144386	102344386	harbor2	chr11	102238862	102239232	LTR/ERVL-MaLR	2132	-	185	102239047	94661
chr11	112134148	112334148	harbor2	chr11	112215358	112215428	LTR/ERVL-MaLR	2153	-	35	112215393	81245
chr11	112134148	112334148	harbor2	chr11	112215737	112216128	LTR/ERVL-MaLR	2153	-	196	112215933	81785
chr11	112134148	112334148	harbor2	chr11	112223093	112223411	LTR/ERVL-MaLR	1230	-	159	112223252	89104
chr11	112134148	112334148	harbor2	chr11	112227449	112227860	LTR/ERVL-MaLR	2431	-	206	112227655	93507
chr11	121472785	121672785	harbor2	chr11	121501475	121501835	LTR/ERVL-MaLR	2846	-	180	121501655	28870
chr11	121472785	121672785	harbor2	chr11	121506288	121506649	LTR/ERVL-MaLR	2327	-	180	121506468	33683
chr11	121472785	121672785	harbor2	chr11	121510263	121510762	LTR/ERVL-MaLR	1119	-	250	121510513	37728
chr11	56520612	56720612	harbor2	chr11	56558942	56559234	LTR/ERVL-MaLR	1211	-	146	56559088	38476
chr11	112183940	112383940	harbor2	chr11	112215358	112215428	LTR/ERVL-MaLR	2153	-	35	112215393	31453
chr11	112183940	112383940	harbor2	chr11	112215737	112216128	LTR/ERVL-MaLR	2153	-	196	112215933	31993
chr11	112183940	112383940	harbor2	chr11	112223093	112223411	LTR/ERVL-MaLR	1230	-	159	112223252	39312
chr11	112183940	112383940	harbor2	chr11	112227449	112227860	LTR/ERVL-MaLR	2431	-	206	112227655	43715
chr11	112183940	112383940	harbor2	chr11	112237221	112237638	LTR/ERVL-MaLR	1582	-	208	112237429	53489
chr11	112183940	112383940	harbor2	chr11	112281675	112282087	LTR/ERVL-MaLR	813	-	206	112281881	97941
chr11	86803997	87003997	harbor2	chr11	86864608	86865121	LTR/ERVL-MaLR	2167	-	256	86864864	60867
chr11	86803997	87003997	harbor2	chr11	86874646	86875220	LTR/ERVL-MaLR	2544	-	287	86874933	70936
chr11	86803997	87003997	harbor2	chr11	86889307	86889701	LTR/ERVL-MaLR	2125	-	197	86889504	85507
chr11	130816546	131016546	harbor2	chr11	130858391	130858513	LTR/ERVL-MaLR	392	-	61	130858452	41906
chr11	128074175	128274175	harbor2	chr11	128088136	128088533	LTR/ERVL-MaLR	752	-	198	128088334	14159
chr11	128074175	128274175	harbor2	chr11	128090188	128090333	LTR/ERVL-MaLR	711	-	72	128090260	16085
chr11	128074175	128274175	harbor2	chr11	128093657	128093964	LTR/ERVL-MaLR	1852	-	154	128093811	19636
chr11	128074175	128274175	harbor2	chr11	128098809	128099173	LTR/ERVL-MaLR	1659	-	182	128098991	24816
chr11	128074175	128274175	harbor2	chr11	128088534	128090178	LTR/ERVL-MaLR	5926	-	822	128089356	15181
chr11	121650782	121850782	harbor2	chr11	121651313	121651661	LTR/ERVL-MaLR	2015	-	174	121651487	705
chr11	121650782	121850782	harbor2	chr11	121667687	121667861	LTR/ERVL-MaLR	467	-	87	121667774	16992
chr12	119639906	119839906	harbor2	chr12	119643825	119644374	LTR/ERVL-MaLR	909	-	274	119644099	4193
chr12	119639906	119839906	harbor2	chr12	119646384	119646923	LTR/ERVL-MaLR	1362	-	270	119646654	6748
chr12	119639906	119839906	harbor2	chr12	119657534	119657906	LTR/ERVL-MaLR	2438	-	186	119657720	17814
chr12	119639906	119839906	harbor2	chr12	119663763	119663864	LTR/ERVL-MaLR	1125	-	50	119663813	23907
chr12	119639906	119839906	harbor2	chr12	119664264	119664565	LTR/ERVL-MaLR	1125	-	150	119664414	24508
chr12	119639906	119839906	harbor2	chr12	119671356	119671706	LTR/ERVL-MaLR	2225	-	175	119671531	31625
chr12	108289208	108489208	harbor2	chr12	108300159	108300324	LTR/ERVL-MaLR	572	-	82	108300241	11033
chr12	108289208	108489208	harbor2	chr12	108340992	108341355	LTR/ERVL-MaLR	2262	-	182	108341174	51966
chr12	108289208	108489208	harbor2	chr12	108347040	108347140	LTR/ERVL-MaLR	570	-	50	108347090	57882
chr12	108289208	108489208	harbor2	chr12	108350147	108350486	LTR/ERVL-MaLR	1656	-	170	108350317	61109
chr12	108289208	108489208	harbor2	chr12	108354228	108354645	LTR/ERVL-MaLR	2627	-	208	108354436	65228
chr12	108289208	108489208	harbor2	chr12	108360921	108361248	LTR/ERVL-MaLR	649	-	164	108361085	71877
chr12	108289208	108489208	harbor2	chr12	108373830	108374408	LTR/ERVL-MaLR	1666	-	289	108374119	84911
chr12	108289208	108489208	harbor2	chr12	108375520	108375847	LTR/ERVL-MaLR	1170	-	164	108375684	86476
chr12	114870048	115070048	harbor2	chr12	114923229	114923429	LTR/ERVL-MaLR	607	-	100	114923329	53281
chr12	114870048	115070048	harbor2	chr12	114925689	114925822	LTR/ERVL-MaLR	642	-	66	114925755	55707
chr12	114870048	115070048	harbor2	chr12	114929587	114929734	LTR/ERVL-MaLR	751	-	74	114929661	59613
chr12	114870048	115070048	harbor2	chr12	114939986	114940491	LTR/ERVL-MaLR	2489	-	252	114940238	70190
chr12	114870048	115070048	harbor2	chr12	114941208	114941624	LTR/ERVL-MaLR	2358	-	208	114941416	71368
chr12	114870048	115070048	harbor2	chr12	114963383	114963554	LTR/ERVL-MaLR	1905	-	86	114963469	93421
chr12	114870048	115070048	harbor2	chr12	114963775	114964119	LTR/ERVL-MaLR	1905	-	172	114963947	93899
chr12	114870048	115070048	harbor2	chr12	114917142	114917633	LTR/ERVL-MaLR	1559	-	246	114917388	47340
chr12	99676176	99876176	harbor2	chr12	99682866	99683233	LTR/ERVL-MaLR	2003	-	184	99683050	6874
chr12	99676176	99876176	harbor2	chr12	99689916	99690291	LTR/ERVL-MaLR	2279	-	188	99690104	13928
chr12	99676176	99876176	harbor2	chr12	99690292	99691815	LTR/ERVL-MaLR	10296	-	762	99691054	14878
chr12	99676176	99876176	harbor2	chr12	99708368	99708877	LTR/ERVL-MaLR	2125	-	254	99708622	32446
chr12	99676176	99876176	harbor2	chr12	99713911	99714356	LTR/ERVL-MaLR	1439	-	222	99714133	37957
chr12	99676176	99876176	harbor2	chr12	99712502	99713906	LTR/ERVL-MaLR	3631	-	702	99713204	37028
chr12	32726335	32926335	harbor2	chr12	32768413	32768846	LTR/ERVL-MaLR	2160	-	216	32768629	42294
chr12	32726335	32926335	harbor2	chr12	32785291	32785663	LTR/ERVL-MaLR	486	-	186	32785477	59142
chr12	32726335	32926335	harbor2	chr12	32787957	32788323	LTR/ERVL-MaLR	1951	-	183	32788140	61805
chr12	55930913	56130913	harbor2	chr12	55945408	55945793	LTR/ERVL-MaLR	2179	-	192	55945600	14687
chr12	55930913	56130913	harbor2	chr12	55946088	55946153	LTR/ERVL-MaLR	2179	-	32	55946120	15207
chr12	53912196	54112196	harbor2	chr12	53918675	53919038	LTR/ERVL-MaLR	1998	-	182	53918857	6661
chr12	53912196	54112196	harbor2	chr12	53926003	53926346	LTR/ERVL-MaLR	734	-	172	53926175	13979
chr12	129287037	129487037	harbor2	chr12	129297705	129297913	LTR/ERVL-MaLR	564	-	104	129297809	10772
chr12	129287037	129487037	harbor2	chr12	129300460	129300626	LTR/ERVL-MaLR	625	-	83	129300543	13506
chr12	129287037	129487037	harbor2	chr12	129300842	129301135	LTR/ERVL-MaLR	699	-	146	129300988	13951
chr12	129287037	129487037	harbor2	chr12	129374088	129374269	LTR/ERVL-MaLR	1113	-	90	129374178	87141
chr12	129287037	129487037	harbor2	chr12	129374297	129374463	LTR/ERVL-MaLR	1113	-	83	129374380	87343
chr12	129287037	129487037	harbor2	chr12	129376194	129376570	LTR/ERVL-MaLR	2514	-	188	129376382	89345
chr12	69880314	70080314	harbor2	chr12	69886205	69886550	LTR/ERVL-MaLR	462	-	172	69886377	6063
chr12	69880314	70080314	harbor2	chr12	69891212	69891539	LTR/ERVL-MaLR	1143	-	164	69891376	11062
chr12	69880314	70080314	harbor2	chr12	69937364	69937723	LTR/ERVL-MaLR	592	-	180	69937544	57230
chr12	69880314	70080314	harbor2	chr12	69951183	69951423	LTR/ERVL-MaLR	1693	-	120	69951303	70989
chr12	69880314	70080314	harbor2	chr12	69951727	69951920	LTR/ERVL-MaLR	1693	-	96	69951823	71509
chr12	69880314	70080314	harbor2	chr12	69971207	69971561	LTR/ERVL-MaLR	2271	-	177	69971384	91070
chr12	102232113	102432113	harbor2	chr12	102235848	102236065	LTR/ERVL-MaLR	701	-	108	102235956	3843
chr12	102232113	102432113	harbor2	chr12	102236491	102236634	LTR/ERVL-MaLR	533	-	72	102236563	4450
chr12	102232113	102432113	harbor2	chr12	102258606	102259138	LTR/ERVL-MaLR	1053	-	266	102258872	26759
chr12	102232113	102432113	harbor2	chr12	102324756	102324891	LTR/ERVL-MaLR	728	-	68	102324824	92711
chr12	102232113	102432113	harbor2	chr12	102325335	102325563	LTR/ERVL-MaLR	1194	-	114	102325449	93336
chr12	102232113	102432113	harbor2	chr12	102330549	102330891	LTR/ERVL-MaLR	1039	-	171	102330720	98607
chr12	102232113	102432113	harbor2	chr12	102331229	102331320	LTR/ERVL-MaLR	1039	-	46	102331275	99162
chr12	102232113	102432113	harbor2	chr12	102236066	102236388	LTR/ERVL-MaLR	1722	-	161	102236227	4114
chr12	76855038	77055038	harbor2	chr12	76856690	76857143	LTR/ERVL-MaLR	1253	-	226	76856916	1878
chr12	76855038	77055038	harbor2	chr12	76868993	76869386	LTR/ERVL-MaLR	1661	-	196	76869189	14151
chr12	76855038	77055038	harbor2	chr12	76917803	76918158	LTR/ERVL-MaLR	1378	-	178	76917981	62943
chr12	76855038	77055038	harbor2	chr12	76920259	76920677	LTR/ERVL-MaLR	2188	-	209	76920468	65430
chr12	76855038	77055038	harbor2	chr12	76946765	76947119	LTR/ERVL-MaLR	1049	-	177	76946942	91904
chr12	114199544	114399544	harbor2	chr12	114229556	114229853	LTR/ERVL-MaLR	786	-	148	114229704	30160
chr12	114199544	114399544	harbor2	chr12	114230029	114230217	LTR/ERVL-MaLR	762	-	94	114230123	30579
chr12	114199544	114399544	harbor2	chr12	114230645	114231194	LTR/ERVL-MaLR	1635	-	274	114230919	31375
chr12	114199544	114399544	harbor2	chr12	114243209	114243422	LTR/ERVL-MaLR	1261	-	106	114243315	43771
chr12	114199544	114399544	harbor2	chr12	114243679	114243736	LTR/ERVL-MaLR	1261	-	28	114243707	44163
chr12	114199544	114399544	harbor2	chr12	114243789	114244176	LTR/ERVL-MaLR	1068	-	194	114243983	44439
chr12	114199544	114399544	harbor2	chr12	114254909	114255284	LTR/ERVL-MaLR	1241	-	188	114255097	55553
chr12	114199544	114399544	harbor2	chr12	114257823	114258154	LTR/ERVL-MaLR	1122	-	166	114257989	58445
chr12	114199544	114399544	harbor2	chr12	114269210	114269583	LTR/ERVL-MaLR	1051	-	186	114269396	69852
chr12	114199544	114399544	harbor2	chr12	114274504	114274823	LTR/ERVL-MaLR	1218	-	160	114274664	75120
chr12	114199544	114399544	harbor2	chr12	114277821	114278311	LTR/ERVL-MaLR	1863	-	245	114278066	78522
chr12	114199544	114399544	harbor2	chr12	114286632	114287092	LTR/ERVL-MaLR	722	-	230	114286862	87318
chr12	109829159	110029159	harbor2	chr12	109888782	109888914	LTR/ERVL-MaLR	636	-	66	109888848	59689
chr12	109829159	110029159	harbor2	chr12	109889477	109889605	LTR/ERVL-MaLR	636	-	64	109889541	60382
chr12	133089252	133289252	harbor2	chr12	133143678	133144080	LTR/ERVL-MaLR	1435	-	201	133143879	54627
chr12	133089252	133289252	harbor2	chr12	133153707	133154146	LTR/ERVL-MaLR	1517	-	220	133153927	64675
chr12	133089252	133289252	harbor2	chr12	133183965	133184102	LTR/ERVL-MaLR	1442	-	68	133184033	94781
chr12	133089252	133289252	harbor2	chr12	133184404	133184607	LTR/ERVL-MaLR	1442	-	102	133184506	95254
chr12	133089252	133289252	harbor2	chr12	133184786	133184867	LTR/ERVL-MaLR	542	-	40	133184826	95574
chr12	116672089	116872089	harbor2	chr12	116741347	116741658	LTR/ERVL-MaLR	1618	-	156	116741503	69414
chr12	116672089	116872089	harbor2	chr12	116741950	116741998	LTR/ERVL-MaLR	1618	-	24	116741974	69885
chr12	116672089	116872089	harbor2	chr12	116749058	116749295	LTR/ERVL-MaLR	2054	-	118	116749176	77087
chr12	116672089	116872089	harbor2	chr12	116749572	116749750	LTR/ERVL-MaLR	2054	-	89	116749661	77572
chr12	60797283	60997283	harbor2	chr12	60821261	60821612	LTR/ERVL-MaLR	1395	-	176	60821437	24154
chr12	60797283	60997283	harbor2	chr12	60838962	60839303	LTR/ERVL-MaLR	1396	-	170	60839132	41849
chr12	60797283	60997283	harbor2	chr12	60840684	60841105	LTR/ERVL-MaLR	1819	-	210	60840894	43611
chr12	119928213	120128213	harbor2	chr12	119953182	119953340	LTR/ERVL-MaLR	911	-	79	119953261	25048
chr12	119928213	120128213	harbor2	chr12	120002169	120002342	LTR/ERVL-MaLR	1007	-	86	120002255	74042
chr12	119928213	120128213	harbor2	chr12	120011062	120011367	LTR/ERVL-MaLR	845	-	152	120011214	83001
chr12	119928213	120128213	harbor2	chr12	120011688	120011787	LTR/ERVL-MaLR	479	-	50	120011738	83525
chr12	105847551	106047551	harbor2	chr12	105862643	105863100	LTR/ERVL-MaLR	2041	-	228	105862871	15320
chr12	105847551	106047551	harbor2	chr12	105864167	105864476	LTR/ERVL-MaLR	855	-	154	105864321	16770
chr12	105847551	106047551	harbor2	chr12	105864477	105864882	LTR/ERVL-MaLR	1945	-	202	105864679	17128
chr12	105847551	106047551	harbor2	chr12	105864883	105865088	LTR/ERVL-MaLR	855	-	102	105864985	17434
chr12	105847551	106047551	harbor2	chr12	105890184	105890521	LTR/ERVL-MaLR	600	-	168	105890352	42801
chr12	105847551	106047551	harbor2	chr12	105895373	105895738	LTR/ERVL-MaLR	2471	-	182	105895555	48004
chr12	105847551	106047551	harbor2	chr12	105904555	105904933	LTR/ERVL-MaLR	1147	-	189	105904744	57193
chr12	105847551	106047551	harbor2	chr12	105927381	105927745	LTR/ERVL-MaLR	2816	-	182	105927563	80012
chr12	105847551	106047551	harbor2	chr12	105933883	105934102	LTR/ERVL-MaLR	481	-	110	105933993	86442
chr12	105847551	106047551	harbor2	chr12	105935424	105935935	LTR/ERVL-MaLR	2304	-	256	105935680	88129
chr12	105847551	106047551	harbor2	chr12	105940865	105941379	LTR/ERVL-MaLR	798	-	257	105941122	93571
chr12	105847551	106047551	harbor2	chr12	105945065	105945538	LTR/ERVL-MaLR	956	-	236	105945301	97750
chr12	55201276	55401276	harbor2	chr12	55232277	55232642	LTR/ERVL-MaLR	1841	-	182	55232459	31183
chr12	55201276	55401276	harbor2	chr12	55277223	55277444	LTR/ERVL-MaLR	1260	-	110	55277333	76057
chr12	103345079	103545079	harbor2	chr12	103393106	103393509	LTR/ERVL-MaLR	2053	-	202	103393308	48229
chr12	110540774	110740774	harbor2	chr12	110557709	110558035	LTR/ERVL-MaLR	2073	-	163	110557872	17098
chr12	108697819	108897819	harbor2	chr12	108759864	108760267	LTR/ERVL-MaLR	1812	-	202	108760066	62247
chr12	108697819	108897819	harbor2	chr12	108760577	108760646	LTR/ERVL-MaLR	1812	-	34	108760611	62792
chr12	108697819	108897819	harbor2	chr12	108760647	108760992	LTR/ERVL-MaLR	1312	-	172	108760819	63000
chr12	108697819	108897819	harbor2	chr12	108760993	108761037	LTR/ERVL-MaLR	1812	-	22	108761015	63196
chr12	129723543	129923543	harbor2	chr12	129727160	129727535	LTR/ERVL-MaLR	1692	-	188	129727348	3805
chr12	129723543	129923543	harbor2	chr12	129742175	129742564	LTR/ERVL-MaLR	2213	-	194	129742369	18826
chr12	129723543	129923543	harbor2	chr12	129751103	129751482	LTR/ERVL-MaLR	1745	-	190	129751293	27750
chr12	129723543	129923543	harbor2	chr12	129767780	129768155	LTR/ERVL-MaLR	2335	-	188	129767968	44425
chr12	129723543	129923543	harbor2	chr12	129769178	129769537	LTR/ERVL-MaLR	2287	-	180	129769358	45815
chr12	129723543	129923543	harbor2	chr12	129778943	129779290	LTR/ERVL-MaLR	649	-	174	129779117	55574
chr12	129723543	129923543	harbor2	chr12	129781583	129781895	LTR/ERVL-MaLR	827	-	156	129781739	58196
chr12	129723543	129923543	harbor2	chr12	129822561	129822886	LTR/ERVL-MaLR	1593	-	162	129822723	99180
chr12	123602139	123802139	harbor2	chr12	123642486	123642575	LTR/ERVL-MaLR	447	-	44	123642530	40391
chr12	80500266	80700266	harbor2	chr12	80525262	80525354	LTR/ERVL-MaLR	433	-	46	80525308	25042
chr12	80500266	80700266	harbor2	chr12	80563132	80563545	LTR/ERVL-MaLR	1291	-	206	80563338	63072
chr12	80500266	80700266	harbor2	chr12	80577167	80577541	LTR/ERVL-MaLR	2455	-	187	80577354	77088
chr12	80500266	80700266	harbor2	chr12	80583642	80584245	LTR/ERVL-MaLR	2466	-	302	80583944	83678
chr12	133073239	133273239	harbor2	chr12	133143678	133144080	LTR/ERVL-MaLR	1435	-	201	133143879	70640
chr12	133073239	133273239	harbor2	chr12	133153707	133154146	LTR/ERVL-MaLR	1517	-	220	133153927	80688
chr12	76017268	76217268	harbor2	chr12	76093451	76093838	LTR/ERVL-MaLR	1864	-	194	76093645	76377
chr12	118125568	118325568	harbor2	chr12	118125504	118125619	LTR/ERVL-MaLR	435	-	58	118125562	6
chr12	118125568	118325568	harbor2	chr12	118126476	118126729	LTR/ERVL-MaLR	938	-	126	118126602	1034
chr12	118125568	118325568	harbor2	chr12	118127036	118127090	LTR/ERVL-MaLR	938	-	27	118127063	1495
chr12	118125568	118325568	harbor2	chr12	118127378	118127525	LTR/ERVL-MaLR	938	-	74	118127452	1884
chr12	132496218	132696218	harbor2	chr12	132566066	132566387	LTR/ERVL-MaLR	1066	-	160	132566226	70008
chr12	88392528	88592528	harbor2	chr12	88446280	88446367	LTR/ERVL-MaLR	598	-	44	88446324	53796
chr12	88392528	88592528	harbor2	chr12	88454712	88454908	LTR/ERVL-MaLR	1102	-	98	88454810	62282
chr12	88392528	88592528	harbor2	chr12	88455226	88455386	LTR/ERVL-MaLR	1102	-	80	88455306	62778
chr12	88392528	88592528	harbor2	chr12	88456443	88457054	LTR/ERVL-MaLR	2367	-	306	88456749	64221
chr12	88392528	88592528	harbor2	chr12	88460773	88461088	LTR/ERVL-MaLR	1346	-	158	88460931	68403
chr12	51521873	51721873	harbor2	chr12	51525286	51525350	LTR/ERVL-MaLR	1257	-	32	51525318	3445
chr12	51521873	51721873	harbor2	chr12	51525659	51525922	LTR/ERVL-MaLR	1257	-	132	51525791	3918
chr12	51521873	51721873	harbor2	chr12	51526343	51526514	LTR/ERVL-MaLR	782	-	86	51526429	4556
chr12	51521873	51721873	harbor2	chr12	51538618	51539130	LTR/ERVL-MaLR	1271	-	256	51538874	17001
chr12	112384419	112584419	harbor2	chr12	112388740	112388762	LTR/ERVL-MaLR	991	-	11	112388751	4332
chr12	112384419	112584419	harbor2	chr12	112389075	112389207	LTR/ERVL-MaLR	1300	-	66	112389141	4722
chr12	112384419	112584419	harbor2	chr12	112389499	112389683	LTR/ERVL-MaLR	1300	-	92	112389591	5172
chr12	112384419	112584419	harbor2	chr12	112467266	112467489	LTR/ERVL-MaLR	2063	-	112	112467378	82959
chr12	112384419	112584419	harbor2	chr12	112467795	112467968	LTR/ERVL-MaLR	2063	-	86	112467881	83462
chr12	110756045	110956045	harbor2	chr12	110762761	110763233	LTR/ERVL-MaLR	840	-	236	110762997	6952
chr12	110756045	110956045	harbor2	chr12	110769129	110769412	LTR/ERVL-MaLR	474	-	142	110769271	13226
chr12	110756045	110956045	harbor2	chr12	110770876	110770945	LTR/ERVL-MaLR	1197	-	34	110770910	14865
chr12	110756045	110956045	harbor2	chr12	110771400	110771679	LTR/ERVL-MaLR	1197	-	140	110771540	15495
chr12	110756045	110956045	harbor2	chr12	110790666	110791099	LTR/ERVL-MaLR	1332	-	216	110790882	34837
chr12	110756045	110956045	harbor2	chr12	110798274	110798598	LTR/ERVL-MaLR	1920	-	162	110798436	42391
chr12	110756045	110956045	harbor2	chr12	110799248	110799441	LTR/ERVL-MaLR	1304	-	96	110799344	43299
chr12	110756045	110956045	harbor2	chr12	110799745	110799840	LTR/ERVL-MaLR	1304	-	48	110799793	43748
chr12	110756045	110956045	harbor2	chr12	110810572	110810989	LTR/ERVL-MaLR	712	-	208	110810780	54735
chr12	110756045	110956045	harbor2	chr12	110834457	110834698	LTR/ERVL-MaLR	523	-	120	110834577	78532
chr12	110756045	110956045	harbor2	chr12	110849194	110849490	LTR/ERVL-MaLR	886	-	148	110849342	93297
chr12	110756045	110956045	harbor2	chr12	110849799	110849960	LTR/ERVL-MaLR	886	-	80	110849879	93834
chr12	110756045	110956045	harbor2	chr12	110850023	110850343	LTR/ERVL-MaLR	510	-	160	110850183	94138
chr12	110756045	110956045	harbor2	chr12	110851138	110851681	LTR/ERVL-MaLR	728	-	272	110851410	95365
chr12	110756045	110956045	harbor2	chr12	110853725	110854158	LTR/ERVL-MaLR	791	-	216	110853941	97896
chr12	48565382	48765382	harbor2	chr12	48605175	48605268	LTR/ERVL-MaLR	2565	-	46	48605221	39839
chr12	48565382	48765382	harbor2	chr12	48605307	48605618	LTR/ERVL-MaLR	2565	-	156	48605463	40081
chr12	48565382	48765382	harbor2	chr12	48605621	48607233	LTR/ERVL-MaLR	10194	-	806	48606427	41045
chr12	48565382	48765382	harbor2	chr12	48607234	48607627	LTR/ERVL-MaLR	2440	-	196	48607430	42048
chr12	48565382	48765382	harbor2	chr12	48650847	48651162	LTR/ERVL-MaLR	1070	-	158	48651005	85623
chr12	31162790	31362790	harbor2	chr12	31257755	31258199	LTR/ERVL-MaLR	1652	-	222	31257977	95187
chr12	131071658	131271658	harbor2	chr12	131073593	131074008	LTR/ERVL-MaLR	1990	-	208	131073801	2143
chr12	131071658	131271658	harbor2	chr12	131108343	131108564	LTR/ERVL-MaLR	490	-	110	131108453	36795
chr12	131071658	131271658	harbor2	chr12	131115096	131115456	LTR/ERVL-MaLR	595	-	180	131115276	43618
chr12	131071658	131271658	harbor2	chr12	131117288	131117803	LTR/ERVL-MaLR	880	-	258	131117546	45888
chr12	131071658	131271658	harbor2	chr12	131124872	131125256	LTR/ERVL-MaLR	2147	-	192	131125064	53406
chr12	108046019	108246019	harbor2	chr12	108052740	108053122	LTR/ERVL-MaLR	2448	-	191	108052931	6912
chr12	108046019	108246019	harbor2	chr12	108056885	108057268	LTR/ERVL-MaLR	2140	-	192	108057077	11058
chr12	108046019	108246019	harbor2	chr12	108058892	108059127	LTR/ERVL-MaLR	436	-	118	108059010	12991
chr12	108046019	108246019	harbor2	chr12	108059267	108059759	LTR/ERVL-MaLR	1283	-	246	108059513	13494
chr12	108046019	108246019	harbor2	chr12	108079624	108080076	LTR/ERVL-MaLR	1149	-	226	108079850	33831
chr12	108046019	108246019	harbor2	chr12	108100575	108100827	LTR/ERVL-MaLR	478	-	126	108100701	54682
chr12	108046019	108246019	harbor2	chr12	108103345	108103755	LTR/ERVL-MaLR	1030	-	205	108103550	57531
chr12	108046019	108246019	harbor2	chr12	108141403	108141744	LTR/ERVL-MaLR	1488	-	170	108141573	95554
chr12	126756084	126956084	harbor2	chr12	126756656	126757130	LTR/ERVL-MaLR	1787	-	237	126756893	809
chr12	126756084	126956084	harbor2	chr12	126762493	126762847	LTR/ERVL-MaLR	2128	-	177	126762670	6586
chr12	126756084	126956084	harbor2	chr12	126763626	126763934	LTR/ERVL-MaLR	935	-	154	126763780	7696
chr12	126756084	126956084	harbor2	chr12	126764333	126764424	LTR/ERVL-MaLR	935	-	46	126764379	8295
chr12	126756084	126956084	harbor2	chr12	126769889	126770108	LTR/ERVL-MaLR	507	-	110	126769999	13915
chr12	126756084	126956084	harbor2	chr12	126770109	126770467	LTR/ERVL-MaLR	2203	-	179	126770288	14204
chr12	126756084	126956084	harbor2	chr12	126770468	126770607	LTR/ERVL-MaLR	507	-	70	126770538	14454
chr12	126756084	126956084	harbor2	chr12	126770612	126770780	LTR/ERVL-MaLR	462	-	84	126770696	14612
chr12	126756084	126956084	harbor2	chr12	126796270	126796792	LTR/ERVL-MaLR	1184	-	261	126796531	40447
chr12	126756084	126956084	harbor2	chr12	126807023	126807380	LTR/ERVL-MaLR	2284	-	178	126807201	51117
chr12	126756084	126956084	harbor2	chr12	126839263	126839752	LTR/ERVL-MaLR	608	-	244	126839507	83423
chr12	126756084	126956084	harbor2	chr12	126849472	126849768	LTR/ERVL-MaLR	1364	-	148	126849620	93536
chr12	126756084	126956084	harbor2	chr12	126849769	126850131	LTR/ERVL-MaLR	2146	-	181	126849950	93866
chr12	126756084	126956084	harbor2	chr12	126850132	126850237	LTR/ERVL-MaLR	1364	-	52	126850184	94100
chr12	103013653	103213653	harbor2	chr12	103017478	103017928	LTR/ERVL-MaLR	913	-	225	103017703	4050
chr12	103013653	103213653	harbor2	chr12	103017982	103018160	LTR/ERVL-MaLR	931	-	89	103018071	4418
chr12	103013653	103213653	harbor2	chr12	103018136	103018857	LTR/ERVL-MaLR	3360	-	360	103018496	4843
chr12	103013653	103213653	harbor2	chr12	103018859	103019287	LTR/ERVL-MaLR	2651	-	214	103019073	5420
chr12	103013653	103213653	harbor2	chr12	103027872	103028079	LTR/ERVL-MaLR	1043	-	104	103027976	14323
chr12	103013653	103213653	harbor2	chr12	103028862	103029016	LTR/ERVL-MaLR	1055	-	77	103028939	15286
chr12	103013653	103213653	harbor2	chr12	103047591	103048078	LTR/ERVL-MaLR	1586	-	244	103047835	34182
chr12	103013653	103213653	harbor2	chr12	103079585	103079922	LTR/ERVL-MaLR	951	-	168	103079753	66100
chr12	103013653	103213653	harbor2	chr12	103101677	103102189	LTR/ERVL-MaLR	2146	-	256	103101933	88280
chr12	103013653	103213653	harbor2	chr12	103102670	103103255	LTR/ERVL-MaLR	1464	-	292	103102962	89309
chr12	116709784	116909784	harbor2	chr12	116741347	116741658	LTR/ERVL-MaLR	1618	-	156	116741503	31719
chr12	116709784	116909784	harbor2	chr12	116741950	116741998	LTR/ERVL-MaLR	1618	-	24	116741974	32190
chr12	116709784	116909784	harbor2	chr12	116749058	116749295	LTR/ERVL-MaLR	2054	-	118	116749176	39392
chr12	116709784	116909784	harbor2	chr12	116749572	116749750	LTR/ERVL-MaLR	2054	-	89	116749661	39877
chr12	116709784	116909784	harbor2	chr12	116781393	116781794	LTR/ERVL-MaLR	954	-	200	116781593	71809
chr12	116709784	116909784	harbor2	chr12	116784320	116784524	LTR/ERVL-MaLR	673	-	102	116784422	74638
chr12	116709784	116909784	harbor2	chr12	116786668	116787135	LTR/ERVL-MaLR	1711	-	234	116786902	77118
chr12	116709784	116909784	harbor2	chr12	116798892	116799433	LTR/ERVL-MaLR	2056	-	270	116799162	89378
chr12	116709784	116909784	harbor2	chr12	116803539	116803714	LTR/ERVL-MaLR	432	-	88	116803627	93843
chr12	116709784	116909784	harbor2	chr12	116803792	116804037	LTR/ERVL-MaLR	625	-	122	116803914	94130
chr12	116709784	116909784	harbor2	chr12	116806969	116807174	LTR/ERVL-MaLR	606	-	102	116807071	97287
chr12	120988560	121188560	harbor2	chr12	120992055	120992356	LTR/ERVL-MaLR	1200	-	150	120992205	3645
chr12	120988560	121188560	harbor2	chr12	121050889	121051043	LTR/ERVL-MaLR	916	-	77	121050966	62406
chr12	120988560	121188560	harbor2	chr12	121072732	121073185	LTR/ERVL-MaLR	1767	-	226	121072958	84398
chr12	44787354	44987354	harbor2	chr12	44843586	44843739	LTR/ERVL-MaLR	1839	-	76	44843662	56308
chr12	44787354	44987354	harbor2	chr12	44844040	44844272	LTR/ERVL-MaLR	1839	-	116	44844156	56802
chr12	44787354	44987354	harbor2	chr12	44860346	44860838	LTR/ERVL-MaLR	1773	-	246	44860592	73238
chr12	44787354	44987354	harbor2	chr12	44869053	44870430	LTR/ERVL-MaLR	3146	-	688	44869741	82387
chr12	44787354	44987354	harbor2	chr12	44870432	44870926	LTR/ERVL-MaLR	1973	-	247	44870679	83325
chr12	44787354	44987354	harbor2	chr12	44883149	44883595	LTR/ERVL-MaLR	1518	-	223	44883372	96018
chr12	129249274	129449274	harbor2	chr12	129249672	129249800	LTR/ERVL-MaLR	453	-	64	129249736	462
chr12	129249274	129449274	harbor2	chr12	129261174	129261214	LTR/ERVL-MaLR	2153	-	20	129261194	11920
chr12	129249274	129449274	harbor2	chr12	129261582	129261930	LTR/ERVL-MaLR	2153	-	174	129261756	12482
chr12	129249274	129449274	harbor2	chr12	129263854	129264110	LTR/ERVL-MaLR	840	-	128	129263982	14708
chr12	129249274	129449274	harbor2	chr12	129265072	129265308	LTR/ERVL-MaLR	840	-	118	129265190	15916
chr12	129249274	129449274	harbor2	chr12	129297705	129297913	LTR/ERVL-MaLR	564	-	104	129297809	48535
chr12	129249274	129449274	harbor2	chr12	129300460	129300626	LTR/ERVL-MaLR	625	-	83	129300543	51269
chr12	129249274	129449274	harbor2	chr12	129300842	129301135	LTR/ERVL-MaLR	699	-	146	129300988	51714
chr12	119213184	119413184	harbor2	chr12	119220057	119220409	LTR/ERVL-MaLR	1331	-	176	119220233	7049
chr12	119213184	119413184	harbor2	chr12	119221493	119221843	LTR/ERVL-MaLR	2822	-	175	119221668	8484
chr12	119213184	119413184	harbor2	chr12	119254623	119254905	LTR/ERVL-MaLR	1698	-	141	119254764	41580
chr12	119213184	119413184	harbor2	chr12	119262400	119262848	LTR/ERVL-MaLR	923	-	224	119262624	49440
chr12	119213184	119413184	harbor2	chr12	119270277	119270629	LTR/ERVL-MaLR	2372	-	176	119270453	57269
chr12	119213184	119413184	harbor2	chr12	119283860	119284237	LTR/ERVL-MaLR	1141	-	188	119284048	70864
chr12	119213184	119413184	harbor2	chr12	119285385	119285930	LTR/ERVL-MaLR	2454	-	272	119285657	72473
chr12	119213184	119413184	harbor2	chr12	119289670	119290039	LTR/ERVL-MaLR	2476	-	184	119289854	76670
chr12	119213184	119413184	harbor2	chr12	119290095	119290444	LTR/ERVL-MaLR	2144	-	174	119290269	77085
chr12	119213184	119413184	harbor2	chr12	119303161	119303524	LTR/ERVL-MaLR	904	-	182	119303343	90159
chr12	119213184	119413184	harbor2	chr12	119303842	119303984	LTR/ERVL-MaLR	904	-	71	119303913	90729
chr12	119213184	119413184	harbor2	chr12	119310941	119311136	LTR/ERVL-MaLR	1113	-	98	119311039	97855
chr12	119213184	119413184	harbor2	chr12	119311449	119311473	LTR/ERVL-MaLR	1113	-	12	119311461	98277
chr12	119213184	119413184	harbor2	chr12	119311734	119312056	LTR/ERVL-MaLR	1113	-	161	119311895	98711
chr12	47672999	47872999	harbor2	chr12	47708040	47708489	LTR/ERVL-MaLR	1532	-	224	47708264	35265
chr12	47672999	47872999	harbor2	chr12	47768932	47769251	LTR/ERVL-MaLR	673	-	160	47769092	96093
chr12	122814334	123014334	harbor2	chr12	122903522	122903951	LTR/ERVL-MaLR	1466	-	214	122903736	89402
chr12	75156606	75356606	harbor2	chr12	75170787	75171420	LTR/ERVL-MaLR	2152	-	316	75171103	14497
chr12	75156606	75356606	harbor2	chr12	75210255	75210683	LTR/ERVL-MaLR	1781	-	214	75210469	53863
chr12	75156606	75356606	harbor2	chr12	75214463	75214835	LTR/ERVL-MaLR	1177	-	186	75214649	58043
chr12	75156606	75356606	harbor2	chr12	75221115	75221678	LTR/ERVL-MaLR	1643	-	282	75221397	64791
chr12	75156606	75356606	harbor2	chr12	75249808	75250299	LTR/ERVL-MaLR	1816	-	246	75250054	93448
chr12	75156606	75356606	harbor2	chr12	75253645	75254060	LTR/ERVL-MaLR	2247	-	208	75253853	97247
chr12	117169644	117369644	harbor2	chr12	117201958	117202198	LTR/ERVL-MaLR	826	-	120	117202078	32434
chr12	132951108	133151108	harbor2	chr12	132968482	132968719	LTR/ERVL-MaLR	1874	-	118	132968600	17492
chr12	132951108	133151108	harbor2	chr12	132969027	132969184	LTR/ERVL-MaLR	1874	-	78	132969105	17997
chr12	132951108	133151108	harbor2	chr12	133008450	133008494	LTR/ERVL-MaLR	2012	-	22	133008472	57364
chr12	132951108	133151108	harbor2	chr12	133008802	133009163	LTR/ERVL-MaLR	2012	-	180	133008982	57874
chr12	132951108	133151108	harbor2	chr12	133020644	133021047	LTR/ERVL-MaLR	1557	-	202	133020846	69738
chr12	66689491	66889491	harbor2	chr12	66728212	66728589	LTR/ERVL-MaLR	946	-	188	66728400	38909
chr12	66689491	66889491	harbor2	chr12	66758116	66758471	LTR/ERVL-MaLR	2658	-	178	66758294	68803
chr12	66689491	66889491	harbor2	chr12	66758472	66759858	LTR/ERVL-MaLR	11447	-	693	66759165	69674
chr12	66689491	66889491	harbor2	chr12	66760153	66760336	LTR/ERVL-MaLR	11447	-	92	66760245	70754
chr12	66689491	66889491	harbor2	chr12	66760338	66760693	LTR/ERVL-MaLR	2473	-	178	66760516	71025
chr12	103720962	103920962	harbor2	chr12	103720708	103721176	LTR/ERVL-MaLR	1196	-	234	103720942	20
chr12	103720962	103920962	harbor2	chr12	103723186	103723540	LTR/ERVL-MaLR	2116	-	177	103723363	2401
chr12	103720962	103920962	harbor2	chr12	103734675	103735150	LTR/ERVL-MaLR	2032	-	238	103734913	13951
chr12	103720962	103920962	harbor2	chr12	103736184	103736408	LTR/ERVL-MaLR	622	-	112	103736296	15334
chr12	103720962	103920962	harbor2	chr12	103747265	103747712	LTR/ERVL-MaLR	917	-	224	103747489	26527
chr12	103720962	103920962	harbor2	chr12	103748015	103748075	LTR/ERVL-MaLR	917	-	30	103748045	27083
chr12	103720962	103920962	harbor2	chr12	103758349	103758685	LTR/ERVL-MaLR	456	-	168	103758517	37555
chr12	103720962	103920962	harbor2	chr12	103809453	103809800	LTR/ERVL-MaLR	2594	-	174	103809627	88665
chr12	93581067	93781067	harbor2	chr12	93605936	93606134	LTR/ERVL-MaLR	812	-	99	93606035	24968
chr12	93581067	93781067	harbor2	chr12	93606152	93606322	LTR/ERVL-MaLR	681	-	85	93606237	25170
chr12	93581067	93781067	harbor2	chr12	93609772	93610141	LTR/ERVL-MaLR	2124	-	184	93609956	28889
chr12	93581067	93781067	harbor2	chr12	93622256	93622644	LTR/ERVL-MaLR	441	-	194	93622450	41383
chr12	93581067	93781067	harbor2	chr12	93644116	93644244	LTR/ERVL-MaLR	449	-	64	93644180	63113
chr12	93581067	93781067	harbor2	chr12	93644245	93644600	LTR/ERVL-MaLR	2558	-	178	93644423	63356
chr12	93581067	93781067	harbor2	chr12	93644601	93644667	LTR/ERVL-MaLR	449	-	33	93644634	63567
chr12	93581067	93781067	harbor2	chr12	93650675	93650936	LTR/ERVL-MaLR	1165	-	130	93650805	69738
chr12	93581067	93781067	harbor2	chr12	93664232	93664592	LTR/ERVL-MaLR	2428	-	180	93664412	83345
chr12	93581067	93781067	harbor2	chr12	93669523	93669916	LTR/ERVL-MaLR	2390	-	196	93669719	88652
chr12	93581067	93781067	harbor2	chr12	93585172	93585555	LTR/ERVL-MaLR	664	-	192	93585364	4297
chr13	103122893	103322893	harbor2	chr13	103145364	103145722	LTR/ERVL-MaLR	1336	-	179	103145543	22650
chr13	103122893	103322893	harbor2	chr13	103162144	103162494	LTR/ERVL-MaLR	2233	-	175	103162319	39426
chr13	103122893	103322893	harbor2	chr13	103200249	103200762	LTR/ERVL-MaLR	1741	-	256	103200505	77612
chr13	44084326	44284326	harbor2	chr13	44084160	44084461	LTR/ERVL-MaLR	706	-	150	44084310	16
chr13	44084326	44284326	harbor2	chr13	44089623	44090040	LTR/ERVL-MaLR	1959	-	208	44089831	5505
chr13	44084326	44284326	harbor2	chr13	44099326	44099730	LTR/ERVL-MaLR	2186	-	202	44099528	15202
chr13	44084326	44284326	harbor2	chr13	44125467	44125893	LTR/ERVL-MaLR	2542	-	213	44125680	41354
chr13	44084326	44284326	harbor2	chr13	44145906	44146365	LTR/ERVL-MaLR	2327	-	230	44146136	61810
chr13	44084326	44284326	harbor2	chr13	44180214	44180654	LTR/ERVL-MaLR	1467	-	220	44180434	96108
chr13	103581973	103781973	harbor2	chr13	103583825	103584161	LTR/ERVL-MaLR	1861	-	168	103583993	2020
chr13	103581973	103781973	harbor2	chr13	103584734	103585078	LTR/ERVL-MaLR	1820	-	172	103584906	2933
chr13	103581973	103781973	harbor2	chr13	103608721	103609191	LTR/ERVL-MaLR	1403	-	235	103608956	26983
chr13	103581973	103781973	harbor2	chr13	103638605	103639217	LTR/ERVL-MaLR	1823	-	306	103638911	56938
chr13	103581973	103781973	harbor2	chr13	103658654	103658989	LTR/ERVL-MaLR	1053	-	168	103658822	76849
chr13	103581973	103781973	harbor2	chr13	103659299	103659651	LTR/ERVL-MaLR	2301	-	176	103659475	77502
chr13	103581973	103781973	harbor2	chr13	103663053	103663737	LTR/ERVL-MaLR	994	-	342	103663395	81422
chr13	103581973	103781973	harbor2	chr13	103664089	103664288	LTR/ERVL-MaLR	649	-	100	103664189	82216
chr13	89176757	89376757	harbor2	chr13	89182687	89183058	LTR/ERVL-MaLR	2530	-	186	89182873	6116
chr13	89176757	89376757	harbor2	chr13	89183059	89184576	LTR/ERVL-MaLR	8467	-	758	89183817	7060
chr13	89176757	89376757	harbor2	chr13	89184579	89184955	LTR/ERVL-MaLR	2493	-	188	89184767	8010
chr13	89176757	89376757	harbor2	chr13	89256030	89256501	LTR/ERVL-MaLR	895	-	236	89256266	79509
chr13	91519719	91719719	harbor2	chr13	91526690	91527053	LTR/ERVL-MaLR	2049	-	182	91526872	7153
chr13	91519719	91719719	harbor2	chr13	91527054	91528666	LTR/ERVL-MaLR	11215	-	806	91527860	8141
chr13	91519719	91719719	harbor2	chr13	91528667	91529030	LTR/ERVL-MaLR	1793	-	182	91528849	9130
chr13	91519719	91719719	harbor2	chr13	91536513	91536758	LTR/ERVL-MaLR	854	-	122	91536635	16916
chr13	91519719	91719719	harbor2	chr13	91539261	91539626	LTR/ERVL-MaLR	563	-	182	91539443	19724
chr13	91519719	91719719	harbor2	chr13	91544708	91545239	LTR/ERVL-MaLR	2027	-	266	91544974	25255
chr13	91519719	91719719	harbor2	chr13	91555623	91555991	LTR/ERVL-MaLR	2289	-	184	91555807	36088
chr13	91519719	91719719	harbor2	chr13	91565726	91566177	LTR/ERVL-MaLR	1431	-	226	91565952	46233
chr13	91519719	91719719	harbor2	chr13	91572346	91572765	LTR/ERVL-MaLR	2120	-	210	91572556	52837
chr13	91519719	91719719	harbor2	chr13	91580830	91581194	LTR/ERVL-MaLR	2410	-	182	91581012	61293
chr13	91519719	91719719	harbor2	chr13	91586345	91586499	LTR/ERVL-MaLR	1712	-	77	91586422	66703
chr13	91519719	91719719	harbor2	chr13	91586598	91586768	LTR/ERVL-MaLR	1712	-	85	91586683	66964
chr13	91519719	91719719	harbor2	chr13	91613165	91613514	LTR/ERVL-MaLR	2022	-	174	91613339	93620
chr13	91519719	91719719	harbor2	chr13	91615302	91615508	LTR/ERVL-MaLR	559	-	103	91615405	95686
chr13	78151813	78351813	harbor2	chr13	78154432	78154787	LTR/ERVL-MaLR	1461	-	178	78154610	2797
chr13	78151813	78351813	harbor2	chr13	78164271	78164661	LTR/ERVL-MaLR	2147	-	195	78164466	12653
chr13	78151813	78351813	harbor2	chr13	78175787	78176101	LTR/ERVL-MaLR	1262	-	157	78175944	24131
chr13	78151813	78351813	harbor2	chr13	78222287	78222782	LTR/ERVL-MaLR	1320	-	248	78222535	70722
chr13	69420893	69620893	harbor2	chr13	69472129	69472518	LTR/ERVL-MaLR	1853	-	194	69472323	51430
chr13	69420893	69620893	harbor2	chr13	69512219	69512415	LTR/ERVL-MaLR	918	-	98	69512317	91424
chr13	69420893	69620893	harbor2	chr13	69513142	69513362	LTR/ERVL-MaLR	658	-	110	69513252	92359
chr13	81927542	82127542	harbor2	chr13	81969189	81969572	LTR/ERVL-MaLR	823	-	192	81969381	41839
chr13	81927542	82127542	harbor2	chr13	81973468	81973544	LTR/ERVL-MaLR	454	-	38	81973506	45964
chr13	81927542	82127542	harbor2	chr13	81982826	81983271	LTR/ERVL-MaLR	965	-	222	81983048	55506
chr13	81927542	82127542	harbor2	chr13	81990844	81990952	LTR/ERVL-MaLR	451	-	54	81990898	63356
chr13	81927542	82127542	harbor2	chr13	81991838	81992164	LTR/ERVL-MaLR	1768	-	163	81992001	64459
chr13	81927542	82127542	harbor2	chr13	82025476	82025875	LTR/ERVL-MaLR	1965	-	200	82025676	98134
chr13	75583739	75783739	harbor2	chr13	75619010	75619444	LTR/ERVL-MaLR	2381	-	217	75619227	35488
chr13	75583739	75783739	harbor2	chr13	75624529	75624882	LTR/ERVL-MaLR	2389	-	176	75624705	40966
chr13	75583739	75783739	harbor2	chr13	75626202	75626553	LTR/ERVL-MaLR	2830	-	176	75626378	42639
chr13	75583739	75783739	harbor2	chr13	75659369	75659726	LTR/ERVL-MaLR	2833	-	178	75659547	75808
chr13	112052966	112252966	harbor2	chr13	112082324	112082762	LTR/ERVL-MaLR	1709	-	219	112082543	29577
chr13	114250005	114450005	harbor2	chr13	114251644	114251885	LTR/ERVL-MaLR	1055	-	120	114251764	1759
chr13	114250005	114450005	harbor2	chr13	114252293	114252446	LTR/ERVL-MaLR	501	-	76	114252369	2364
chr13	114250005	114450005	harbor2	chr13	114269010	114269425	LTR/ERVL-MaLR	709	-	208	114269218	19213
chr13	114250005	114450005	harbor2	chr13	114270071	114270478	LTR/ERVL-MaLR	2656	-	204	114270275	20270
chr13	52806569	53006569	harbor2	chr13	52823274	52823680	LTR/ERVL-MaLR	796	-	203	52823477	16908
chr13	52806569	53006569	harbor2	chr13	52824224	52824357	LTR/ERVL-MaLR	413	-	66	52824290	17721
chr13	52806569	53006569	harbor2	chr13	52824624	52824649	LTR/ERVL-MaLR	413	-	12	52824636	18067
chr13	52806569	53006569	harbor2	chr13	52825215	52825294	LTR/ERVL-MaLR	413	-	40	52825255	18686
chr13	52806569	53006569	harbor2	chr13	52827460	52827717	LTR/ERVL-MaLR	425	-	128	52827588	21019
chr13	52806569	53006569	harbor2	chr13	52831948	52832312	LTR/ERVL-MaLR	2141	-	182	52832130	25561
chr13	52806569	53006569	harbor2	chr13	52853788	52854172	LTR/ERVL-MaLR	2107	-	192	52853980	47411
chr13	52806569	53006569	harbor2	chr13	52858080	52858369	LTR/ERVL-MaLR	1346	-	144	52858224	51655
chr13	52806569	53006569	harbor2	chr13	52885785	52886169	LTR/ERVL-MaLR	439	-	192	52885977	79408
chr13	67964874	68164874	harbor2	chr13	67990899	67991289	LTR/ERVL-MaLR	1805	-	195	67991094	26220
chr13	67964874	68164874	harbor2	chr13	68034390	68034807	LTR/ERVL-MaLR	1243	-	208	68034598	69724
chr13	67964874	68164874	harbor2	chr13	68034831	68035270	LTR/ERVL-MaLR	1565	-	220	68035051	70177
chr13	67964874	68164874	harbor2	chr13	68035278	68035810	LTR/ERVL-MaLR	704	-	266	68035544	70670
chr13	67964874	68164874	harbor2	chr13	68036069	68036625	LTR/ERVL-MaLR	766	-	278	68036347	71473
chr13	67964874	68164874	harbor2	chr13	68039344	68039673	LTR/ERVL-MaLR	569	-	164	68039508	74634
chr13	67964874	68164874	harbor2	chr13	68039718	68040074	LTR/ERVL-MaLR	1622	-	178	68039896	75022
chr13	67964874	68164874	harbor2	chr13	68040115	68041129	LTR/ERVL-MaLR	1622	-	507	68040622	75748
chr13	67964874	68164874	harbor2	chr13	68041176	68041315	LTR/ERVL-MaLR	416	-	70	68041246	76372
chr13	67964874	68164874	harbor2	chr13	68058205	68058413	LTR/ERVL-MaLR	1609	-	104	68058309	93435
chr13	67964874	68164874	harbor2	chr13	68058882	68059263	LTR/ERVL-MaLR	1609	-	190	68059072	94198
chr13	64001967	64201967	harbor2	chr13	64034026	64034180	LTR/ERVL-MaLR	556	-	77	64034103	32136
chr13	64001967	64201967	harbor2	chr13	64049156	64049537	LTR/ERVL-MaLR	1067	-	190	64049346	47379
chr13	64001967	64201967	harbor2	chr13	64062384	64062734	LTR/ERVL-MaLR	2278	-	175	64062559	60592
chr13	64001967	64201967	harbor2	chr13	64071280	64071789	LTR/ERVL-MaLR	1578	-	254	64071534	69567
chr13	64001967	64201967	harbor2	chr13	64091272	64091648	LTR/ERVL-MaLR	2159	-	188	64091460	89493
chr13	85029067	85229067	harbor2	chr13	85031857	85032140	LTR/ERVL-MaLR	1021	-	142	85031999	2932
chr13	85029067	85229067	harbor2	chr13	85036785	85037177	LTR/ERVL-MaLR	1134	-	196	85036981	7914
chr13	85029067	85229067	harbor2	chr13	85046962	85047246	LTR/ERVL-MaLR	961	-	142	85047104	18037
chr13	85029067	85229067	harbor2	chr13	85049641	85049967	LTR/ERVL-MaLR	2102	-	163	85049804	20737
chr13	85029067	85229067	harbor2	chr13	85049968	85050053	LTR/ERVL-MaLR	626	-	42	85050010	20943
chr13	85029067	85229067	harbor2	chr13	85050801	85051178	LTR/ERVL-MaLR	2548	-	188	85050989	21922
chr13	85029067	85229067	harbor2	chr13	85051502	85051859	LTR/ERVL-MaLR	2295	-	178	85051680	22613
chr13	85029067	85229067	harbor2	chr13	85055771	85056162	LTR/ERVL-MaLR	1931	-	196	85055967	26900
chr13	80288286	80488286	harbor2	chr13	80385178	80385315	LTR/ERVL-MaLR	842	-	68	80385246	96960
chr13	80288286	80488286	harbor2	chr13	80385295	80385375	LTR/ERVL-MaLR	491	-	40	80385335	97049
chr13	107834376	108034376	harbor2	chr13	107848995	107849089	LTR/ERVL-MaLR	420	-	47	107849042	14666
chr13	107834376	108034376	harbor2	chr13	107849391	107849703	LTR/ERVL-MaLR	1153	-	156	107849547	15171
chr13	107834376	108034376	harbor2	chr13	107882458	107882993	LTR/ERVL-MaLR	610	-	268	107882726	48350
chr13	107834376	108034376	harbor2	chr13	107886879	107886927	LTR/ERVL-MaLR	948	-	24	107886903	52527
chr13	107834376	108034376	harbor2	chr13	107887221	107887491	LTR/ERVL-MaLR	948	-	135	107887356	52980
chr13	107834376	108034376	harbor2	chr13	107889053	107889432	LTR/ERVL-MaLR	2106	-	190	107889243	54867
chr13	107834376	108034376	harbor2	chr13	107906201	107906480	LTR/ERVL-MaLR	1808	-	140	107906341	71965
chr13	107834376	108034376	harbor2	chr13	107929549	107929980	LTR/ERVL-MaLR	738	-	216	107929765	95389
chr13	107834376	108034376	harbor2	chr13	107887496	107889051	LTR/ERVL-MaLR	8951	-	778	107888274	53898
chr13	69794535	69994535	harbor2	chr13	69799584	69799782	LTR/ERVL-MaLR	1285	-	99	69799683	5148
chr13	69794535	69994535	harbor2	chr13	69800109	69800399	LTR/ERVL-MaLR	1285	-	145	69800254	5719
chr13	69794535	69994535	harbor2	chr13	69844516	69844635	LTR/ERVL-MaLR	524	-	60	69844576	50041
chr13	69794535	69994535	harbor2	chr13	69854137	69854533	LTR/ERVL-MaLR	2133	-	198	69854335	59800
chr13	69794535	69994535	harbor2	chr13	69870064	69870472	LTR/ERVL-MaLR	1949	-	204	69870268	75733
chr13	69794535	69994535	harbor2	chr13	69870473	69872020	LTR/ERVL-MaLR	4600	-	774	69871247	76712
chr13	69794535	69994535	harbor2	chr13	69872021	69872244	LTR/ERVL-MaLR	2532	-	112	69872133	77598
chr13	69794535	69994535	harbor2	chr13	69872768	69872969	LTR/ERVL-MaLR	2532	-	100	69872868	78333
chr13	69794535	69994535	harbor2	chr13	69887358	69887964	LTR/ERVL-MaLR	3003	-	303	69887661	93126
chr13	69794535	69994535	harbor2	chr13	69887965	69888306	LTR/ERVL-MaLR	1552	-	170	69888135	93600
chr13	106993100	107193100	harbor2	chr13	107046260	107046558	LTR/ERVL-MaLR	1237	-	149	107046409	53309
chr13	106993100	107193100	harbor2	chr13	107059047	107059409	LTR/ERVL-MaLR	2438	-	181	107059228	66128
chr13	106993100	107193100	harbor2	chr13	107059410	107060921	LTR/ERVL-MaLR	10172	-	756	107060166	67066
chr13	106993100	107193100	harbor2	chr13	107060923	107061295	LTR/ERVL-MaLR	2367	-	186	107061109	68009
chr13	106993100	107193100	harbor2	chr13	107061348	107061708	LTR/ERVL-MaLR	2357	-	180	107061528	68428
chr13	106993100	107193100	harbor2	chr13	107074943	107075327	LTR/ERVL-MaLR	2261	-	192	107075135	82035
chr13	106993100	107193100	harbor2	chr13	107083038	107083395	LTR/ERVL-MaLR	1413	-	178	107083216	90116
chr13	106993100	107193100	harbor2	chr13	107084937	107085520	LTR/ERVL-MaLR	1502	-	292	107085229	92129
chr13	60899199	61099199	harbor2	chr13	60917712	60918099	LTR/ERVL-MaLR	1909	-	194	60917906	18707
chr13	60899199	61099199	harbor2	chr13	60918122	60919740	LTR/ERVL-MaLR	6704	-	809	60918931	19732
chr13	60899199	61099199	harbor2	chr13	60919731	60920115	LTR/ERVL-MaLR	1559	-	192	60919923	20724
chr13	60899199	61099199	harbor2	chr13	60980165	60980526	LTR/ERVL-MaLR	2171	-	180	60980345	81146
chr13	60899199	61099199	harbor2	chr13	60982055	60982416	LTR/ERVL-MaLR	1878	-	180	60982235	83036
chr13	60899199	61099199	harbor2	chr13	60980527	60982054	LTR/ERVL-MaLR	10785	-	764	60981291	82092
chr13	106353966	106553966	harbor2	chr13	106360777	106361077	LTR/ERVL-MaLR	1725	-	150	106360927	6961
chr13	106353966	106553966	harbor2	chr13	106388305	106388372	LTR/ERVL-MaLR	1590	-	34	106388339	34373
chr13	106353966	106553966	harbor2	chr13	106388680	106389091	LTR/ERVL-MaLR	1590	-	206	106388886	34920
chr13	106353966	106553966	harbor2	chr13	106392831	106393260	LTR/ERVL-MaLR	2227	-	214	106393045	39079
chr13	106353966	106553966	harbor2	chr13	106394728	106395092	LTR/ERVL-MaLR	2299	-	182	106394910	40944
chr13	106353966	106553966	harbor2	chr13	106395263	106395457	LTR/ERVL-MaLR	988	-	97	106395360	41394
chr13	106353966	106553966	harbor2	chr13	106411289	106411652	LTR/ERVL-MaLR	1679	-	182	106411471	57505
chr13	106353966	106553966	harbor2	chr13	106446013	106446122	LTR/ERVL-MaLR	403	-	54	106446067	92101
chr13	106353966	106553966	harbor2	chr13	106446174	106446391	LTR/ERVL-MaLR	696	-	108	106446282	92316
chr13	105599873	105799873	harbor2	chr13	105600802	105601208	LTR/ERVL-MaLR	2191	-	203	105601005	1132
chr13	105599873	105799873	harbor2	chr13	105604155	105604297	LTR/ERVL-MaLR	697	-	71	105604226	4353
chr13	105599873	105799873	harbor2	chr13	105604427	105604716	LTR/ERVL-MaLR	1217	-	144	105604571	4698
chr13	105599873	105799873	harbor2	chr13	105610758	105611101	LTR/ERVL-MaLR	1796	-	172	105610930	11057
chr13	105599873	105799873	harbor2	chr13	105666634	105666978	LTR/ERVL-MaLR	1683	-	172	105666806	66933
chr13	105599873	105799873	harbor2	chr13	105675306	105675684	LTR/ERVL-MaLR	1598	-	189	105675495	75622
chr13	97857659	98057659	harbor2	chr13	97862732	97863107	LTR/ERVL-MaLR	2186	-	188	97862920	5261
chr13	97857659	98057659	harbor2	chr13	97863108	97864350	LTR/ERVL-MaLR	9508	-	621	97863729	6070
chr13	97857659	98057659	harbor2	chr13	97864357	97864510	LTR/ERVL-MaLR	1040	-	76	97864433	6774
chr13	97857659	98057659	harbor2	chr13	97864511	97864860	LTR/ERVL-MaLR	2079	-	174	97864685	7026
chr13	97857659	98057659	harbor2	chr13	97872679	97873093	LTR/ERVL-MaLR	2592	-	207	97872886	15227
chr13	97857659	98057659	harbor2	chr13	97886330	97886647	LTR/ERVL-MaLR	1005	-	158	97886488	28829
chr13	97857659	98057659	harbor2	chr13	97893516	97893862	LTR/ERVL-MaLR	1801	-	173	97893689	36030
chr13	97857659	98057659	harbor2	chr13	97897090	97897449	LTR/ERVL-MaLR	2046	-	180	97897270	39611
chr13	97857659	98057659	harbor2	chr13	97897813	97898242	LTR/ERVL-MaLR	1724	-	214	97898027	40368
chr13	97857659	98057659	harbor2	chr13	97906064	97906347	LTR/ERVL-MaLR	467	-	142	97906206	48547
chr13	97857659	98057659	harbor2	chr13	97908982	97909351	LTR/ERVL-MaLR	507	-	184	97909166	51507
chr13	97857659	98057659	harbor2	chr13	97913436	97913710	LTR/ERVL-MaLR	1024	-	137	97913573	55914
chr13	97857659	98057659	harbor2	chr13	97916397	97916787	LTR/ERVL-MaLR	2622	-	195	97916592	58933
chr13	97857659	98057659	harbor2	chr13	97931343	97931417	LTR/ERVL-MaLR	1700	-	37	97931380	73721
chr13	97857659	98057659	harbor2	chr13	97931809	97932138	LTR/ERVL-MaLR	1700	-	164	97931973	74314
chr13	97857659	98057659	harbor2	chr13	97932276	97932466	LTR/ERVL-MaLR	551	-	95	97932371	74712
chr13	97857659	98057659	harbor2	chr13	97932776	97933176	LTR/ERVL-MaLR	4015	-	200	97932976	75317
chr13	97857659	98057659	harbor2	chr13	97933489	97934112	LTR/ERVL-MaLR	4015	-	312	97933801	76142
chr13	97857659	98057659	harbor2	chr13	97934200	97934475	LTR/ERVL-MaLR	4015	-	138	97934338	76679
chr13	97857659	98057659	harbor2	chr13	97938615	97939031	LTR/ERVL-MaLR	2523	-	208	97938823	81164
chr13	98953146	99153146	harbor2	chr13	99008608	99008953	LTR/ERVL-MaLR	1279	-	172	99008780	55634
chr13	31225586	31425586	harbor2	chr13	31228377	31228791	LTR/ERVL-MaLR	1847	-	207	31228584	2998
chr13	31225586	31425586	harbor2	chr13	31232223	31232626	LTR/ERVL-MaLR	2396	-	202	31232425	6839
chr13	31225586	31425586	harbor2	chr13	31233592	31233809	LTR/ERVL-MaLR	404	-	108	31233700	8114
chr13	31225586	31425586	harbor2	chr13	31263893	31264239	LTR/ERVL-MaLR	1834	-	173	31264066	38480
chr13	31225586	31425586	harbor2	chr13	31296304	31296603	LTR/ERVL-MaLR	1166	-	150	31296454	70868
chr13	75275868	75475868	harbor2	chr13	75375462	75375719	LTR/ERVL-MaLR	513	-	128	75375590	99722
chr13	90120971	90320971	harbor2	chr13	90126976	90127326	LTR/ERVL-MaLR	983	-	175	90127151	6180
chr13	90120971	90320971	harbor2	chr13	90150122	90150570	LTR/ERVL-MaLR	1264	-	224	90150346	29375
chr13	90120971	90320971	harbor2	chr13	90162804	90163167	LTR/ERVL-MaLR	1979	-	182	90162986	42015
chr13	90120971	90320971	harbor2	chr13	90183488	90184154	LTR/ERVL-MaLR	2976	-	333	90183821	62850
chr13	90120971	90320971	harbor2	chr13	90184192	90184504	LTR/ERVL-MaLR	1311	-	156	90184348	63377
chr13	90120971	90320971	harbor2	chr13	90190978	90191371	LTR/ERVL-MaLR	1555	-	196	90191174	70203
chr13	100673014	100873014	harbor2	chr13	100681162	100681537	LTR/ERVL-MaLR	644	-	188	100681350	8336
chr13	100673014	100873014	harbor2	chr13	100686085	100686271	LTR/ERVL-MaLR	1252	-	93	100686178	13164
chr13	100673014	100873014	harbor2	chr13	100686658	100686882	LTR/ERVL-MaLR	1252	-	112	100686770	13756
chr13	100673014	100873014	harbor2	chr13	100706758	100707171	LTR/ERVL-MaLR	1896	-	206	100706964	33950
chr13	100673014	100873014	harbor2	chr13	100708573	100708959	LTR/ERVL-MaLR	2052	-	193	100708766	35752
chr13	100673014	100873014	harbor2	chr13	100736926	100737258	LTR/ERVL-MaLR	1059	-	166	100737092	64078
chr13	100673014	100873014	harbor2	chr13	100759514	100759863	LTR/ERVL-MaLR	1420	-	174	100759688	86674
chr13	81118593	81318593	harbor2	chr13	81143293	81143645	LTR/ERVL-MaLR	1830	-	176	81143469	24876
chr13	81118593	81318593	harbor2	chr13	81146851	81147222	LTR/ERVL-MaLR	2280	-	186	81147037	28444
chr13	81118593	81318593	harbor2	chr13	81160286	81160443	LTR/ERVL-MaLR	488	-	78	81160364	41771
chr13	81118593	81318593	harbor2	chr13	81163914	81165491	LTR/ERVL-MaLR	11415	-	788	81164702	46109
chr13	81118593	81318593	harbor2	chr13	81165492	81165835	LTR/ERVL-MaLR	1999	-	172	81165664	47071
chr13	81118593	81318593	harbor2	chr13	81166808	81167176	LTR/ERVL-MaLR	1920	-	184	81166992	48399
chr13	81118593	81318593	harbor2	chr13	81193335	81193695	LTR/ERVL-MaLR	2047	-	180	81193515	74922
chr13	81118593	81318593	harbor2	chr13	81193696	81195288	LTR/ERVL-MaLR	10372	-	796	81194492	75899
chr13	81118593	81318593	harbor2	chr13	81195289	81195660	LTR/ERVL-MaLR	2541	-	186	81195475	76882
chr13	81118593	81318593	harbor2	chr13	81195661	81195812	LTR/ERVL-MaLR	1029	-	76	81195737	77144
chr13	81118593	81318593	harbor2	chr13	81195813	81196169	LTR/ERVL-MaLR	1951	-	178	81195991	77398
chr13	81118593	81318593	harbor2	chr13	81196253	81196646	LTR/ERVL-MaLR	1592	-	196	81196449	77856
chr13	81118593	81318593	harbor2	chr13	81199370	81199493	LTR/ERVL-MaLR	535	-	62	81199432	80839
chr13	81118593	81318593	harbor2	chr13	81208754	81209319	LTR/ERVL-MaLR	1550	-	282	81209036	90443
chr13	68772053	68972053	harbor2	chr13	68806536	68806967	LTR/ERVL-MaLR	519	-	216	68806752	34699
chr13	68772053	68972053	harbor2	chr13	68807096	68807681	LTR/ERVL-MaLR	494	-	292	68807388	35335
chr13	68772053	68972053	harbor2	chr13	68808049	68808324	LTR/ERVL-MaLR	633	-	138	68808187	36134
chr13	68772053	68972053	harbor2	chr13	68810827	68811190	LTR/ERVL-MaLR	901	-	182	68811009	38956
chr13	68772053	68972053	harbor2	chr13	68816309	68816551	LTR/ERVL-MaLR	1786	-	121	68816430	44377
chr13	68772053	68972053	harbor2	chr13	68817039	68817366	LTR/ERVL-MaLR	1786	-	164	68817203	45150
chr13	103156601	103356601	harbor2	chr13	103162144	103162494	LTR/ERVL-MaLR	2233	-	175	103162319	5718
chr13	103156601	103356601	harbor2	chr13	103200249	103200762	LTR/ERVL-MaLR	1741	-	256	103200505	43904
chr13	103156601	103356601	harbor2	chr13	103242744	103242902	LTR/ERVL-MaLR	432	-	79	103242823	86222
chr13	104452152	104652152	harbor2	chr13	104462281	104462690	LTR/ERVL-MaLR	2048	-	204	104462485	10333
chr13	104452152	104652152	harbor2	chr13	104462701	104464360	LTR/ERVL-MaLR	7906	-	830	104463531	11379
chr13	104452152	104652152	harbor2	chr13	104469024	104469473	LTR/ERVL-MaLR	1905	-	224	104469248	17096
chr13	104452152	104652152	harbor2	chr13	104479736	104480104	LTR/ERVL-MaLR	1716	-	184	104479920	27768
chr13	104452152	104652152	harbor2	chr13	104524012	104524430	LTR/ERVL-MaLR	857	-	209	104524221	72069
chr13	104452152	104652152	harbor2	chr13	104538985	104539440	LTR/ERVL-MaLR	2314	-	228	104539213	87061
chr13	104452152	104652152	harbor2	chr13	104546439	104546829	LTR/ERVL-MaLR	1862	-	195	104546634	94482
chr13	104452152	104652152	harbor2	chr13	104464361	104464770	LTR/ERVL-MaLR	2096	-	204	104464565	12413
chr13	107385145	107585145	harbor2	chr13	107395618	107395967	LTR/ERVL-MaLR	2058	-	174	107395792	10647
chr13	107385145	107585145	harbor2	chr13	107395968	107396304	LTR/ERVL-MaLR	1112	-	168	107396136	10991
chr13	107385145	107585145	harbor2	chr13	107431974	107432368	LTR/ERVL-MaLR	2226	-	197	107432171	47026
chr13	107385145	107585145	harbor2	chr13	107452254	107452628	LTR/ERVL-MaLR	2158	-	187	107452441	67296
chr13	107385145	107585145	harbor2	chr13	107452631	107454238	LTR/ERVL-MaLR	10111	-	804	107453435	68290
chr13	107385145	107585145	harbor2	chr13	107454243	107454620	LTR/ERVL-MaLR	2204	-	188	107454431	69286
chr13	107385145	107585145	harbor2	chr13	107465675	107465931	LTR/ERVL-MaLR	1375	-	128	107465803	80658
chr13	107385145	107585145	harbor2	chr13	107465932	107466288	LTR/ERVL-MaLR	2293	-	178	107466110	80965
chr13	107385145	107585145	harbor2	chr13	107466289	107466398	LTR/ERVL-MaLR	1375	-	54	107466343	81198
chr13	30310256	30510256	harbor2	chr13	30314895	30315161	LTR/ERVL-MaLR	1168	-	133	30315028	4772
chr13	30310256	30510256	harbor2	chr13	30345405	30345917	LTR/ERVL-MaLR	1482	-	256	30345661	35405
chr13	30310256	30510256	harbor2	chr13	30381519	30381552	LTR/ERVL-MaLR	1838	-	16	30381535	71279
chr13	30310256	30510256	harbor2	chr13	30381831	30382162	LTR/ERVL-MaLR	1838	-	166	30381997	71741
chr13	77838969	78038969	harbor2	chr13	77926157	77926761	LTR/ERVL-MaLR	4171	-	302	77926459	87490
chr13	77838969	78038969	harbor2	chr13	77926762	77927115	LTR/ERVL-MaLR	2243	-	176	77926938	87969
chr13	79508942	79708942	harbor2	chr13	79522463	79522943	LTR/ERVL-MaLR	1291	-	240	79522703	13761
chr13	79508942	79708942	harbor2	chr13	79537844	79538264	LTR/ERVL-MaLR	2309	-	210	79538054	29112
chr13	79508942	79708942	harbor2	chr13	79538267	79538597	LTR/ERVL-MaLR	2866	-	165	79538432	29490
chr13	79508942	79708942	harbor2	chr13	79538882	79539034	LTR/ERVL-MaLR	2866	-	76	79538958	30016
chr13	79508942	79708942	harbor2	chr13	79585171	79585374	LTR/ERVL-MaLR	421	-	102	79585273	76331
chr13	79508942	79708942	harbor2	chr13	79594127	79594568	LTR/ERVL-MaLR	1503	-	220	79594347	85405
chr13	79508942	79708942	harbor2	chr13	79606180	79606589	LTR/ERVL-MaLR	1954	-	204	79606384	97442
chr13	79508942	79708942	harbor2	chr13	79606592	79607176	LTR/ERVL-MaLR	3975	-	292	79606884	97942
chr13	31315096	31515096	harbor2	chr13	31382258	31382479	LTR/ERVL-MaLR	1597	-	110	31382368	67272
chr13	31315096	31515096	harbor2	chr13	31382712	31382846	LTR/ERVL-MaLR	1597	-	67	31382779	67683
chr13	109053850	109253850	harbor2	chr13	109065105	109065294	LTR/ERVL-MaLR	419	-	94	109065199	11349
chr13	109053850	109253850	harbor2	chr13	109069438	109069858	LTR/ERVL-MaLR	1169	-	210	109069648	15798
chr13	109053850	109253850	harbor2	chr13	109074317	109074568	LTR/ERVL-MaLR	1288	-	126	109074443	20593
chr13	109053850	109253850	harbor2	chr13	109074671	109074918	LTR/ERVL-MaLR	716	-	124	109074795	20945
chr13	109053850	109253850	harbor2	chr13	109096073	109096479	LTR/ERVL-MaLR	762	-	203	109096276	42426
chr13	109053850	109253850	harbor2	chr13	109097989	109098186	LTR/ERVL-MaLR	1361	-	98	109098087	44237
chr13	109053850	109253850	harbor2	chr13	109099461	109099631	LTR/ERVL-MaLR	1361	-	85	109099546	45696
chr13	109053850	109253850	harbor2	chr13	109134504	109134839	LTR/ERVL-MaLR	467	-	168	109134672	80822
chr13	109053850	109253850	harbor2	chr13	109134882	109135480	LTR/ERVL-MaLR	1111	-	299	109135181	81331
chr13	109053850	109253850	harbor2	chr13	109135722	109136038	LTR/ERVL-MaLR	1759	-	158	109135880	82030
chr13	109053850	109253850	harbor2	chr13	109136390	109136874	LTR/ERVL-MaLR	1759	-	242	109136632	82782
chr13	109053850	109253850	harbor2	chr13	109136887	109137415	LTR/ERVL-MaLR	428	-	264	109137151	83301
chr13	91843147	92043147	harbor2	chr13	91869648	91870027	LTR/ERVL-MaLR	2015	-	190	91869838	26691
chr13	91843147	92043147	harbor2	chr13	91879392	91879743	LTR/ERVL-MaLR	1688	-	176	91879568	36421
chr13	91843147	92043147	harbor2	chr13	91882932	91883450	LTR/ERVL-MaLR	1560	-	259	91883191	40044
chr13	91843147	92043147	harbor2	chr13	91886045	91886414	LTR/ERVL-MaLR	2482	-	184	91886229	43082
chr13	91843147	92043147	harbor2	chr13	91886415	91888019	LTR/ERVL-MaLR	9056	-	802	91887217	44070
chr13	91843147	92043147	harbor2	chr13	91888022	91888382	LTR/ERVL-MaLR	2309	-	180	91888202	45055
chr13	91843147	92043147	harbor2	chr13	91895746	91896107	LTR/ERVL-MaLR	1174	-	180	91895926	52779
chr13	91843147	92043147	harbor2	chr13	91896418	91896463	LTR/ERVL-MaLR	1174	-	22	91896440	53293
chr13	91843147	92043147	harbor2	chr13	91916597	91916955	LTR/ERVL-MaLR	2030	-	179	91916776	73629
chr13	91843147	92043147	harbor2	chr13	91916958	91917615	LTR/ERVL-MaLR	4074	-	328	91917286	74139
chr13	91843147	92043147	harbor2	chr13	91917600	91917983	LTR/ERVL-MaLR	2582	-	192	91917792	74645
chr13	91843147	92043147	harbor2	chr13	91917986	91918347	LTR/ERVL-MaLR	2232	-	180	91918166	75019
chr13	91843147	92043147	harbor2	chr13	91936218	91936454	LTR/ERVL-MaLR	532	-	118	91936336	93189
chr13	91843147	92043147	harbor2	chr13	91938097	91938517	LTR/ERVL-MaLR	2442	-	210	91938307	95160
chr13	83442445	83642445	harbor2	chr13	83445981	83446369	LTR/ERVL-MaLR	2074	-	194	83446175	3730
chr13	83442445	83642445	harbor2	chr13	83499255	83499701	LTR/ERVL-MaLR	965	-	223	83499478	57033
chr13	83442445	83642445	harbor2	chr13	83499729	83499984	LTR/ERVL-MaLR	541	-	128	83499857	57412
chr13	83442445	83642445	harbor2	chr13	83530970	83531550	LTR/ERVL-MaLR	1142	-	290	83531260	88815
chr13	43527131	43727131	harbor2	chr13	43542740	43543072	LTR/ERVL-MaLR	1689	-	166	43542906	15775
chr13	43527131	43727131	harbor2	chr13	43548298	43548659	LTR/ERVL-MaLR	983	-	180	43548478	21347
chr13	43527131	43727131	harbor2	chr13	43577452	43577744	LTR/ERVL-MaLR	1198	-	146	43577598	50467
chr13	43527131	43727131	harbor2	chr13	43596915	43597302	LTR/ERVL-MaLR	1917	-	194	43597109	69978
chr13	100490270	100690270	harbor2	chr13	100568241	100568626	LTR/ERVL-MaLR	2378	-	192	100568433	78163
chr13	100490270	100690270	harbor2	chr13	100568627	100570225	LTR/ERVL-MaLR	10350	-	799	100569426	79156
chr13	100490270	100690270	harbor2	chr13	100570226	100570594	LTR/ERVL-MaLR	2508	-	184	100570410	80140
chr13	72300107	72500107	harbor2	chr13	72326140	72326497	LTR/ERVL-MaLR	2511	-	178	72326318	26211
chr13	72300107	72500107	harbor2	chr13	72329637	72329689	LTR/ERVL-MaLR	1965	-	26	72329663	29556
chr13	72300107	72500107	harbor2	chr13	72329768	72330115	LTR/ERVL-MaLR	1965	-	174	72329942	29835
chr13	72300107	72500107	harbor2	chr13	72354346	72354726	LTR/ERVL-MaLR	2077	-	190	72354536	54429
chr13	72300107	72500107	harbor2	chr13	72356925	72357203	LTR/ERVL-MaLR	1007	-	139	72357064	56957
chr13	72300107	72500107	harbor2	chr13	72378670	72378737	LTR/ERVL-MaLR	620	-	34	72378704	78597
chr13	72300107	72500107	harbor2	chr13	72379039	72379106	LTR/ERVL-MaLR	620	-	34	72379073	78966
chr13	72300107	72500107	harbor2	chr13	72379102	72379306	LTR/ERVL-MaLR	491	-	102	72379204	79097
chr13	72300107	72500107	harbor2	chr13	72379855	72380051	LTR/ERVL-MaLR	478	-	98	72379953	79846
chr13	72300107	72500107	harbor2	chr13	72385696	72386033	LTR/ERVL-MaLR	2186	-	168	72385864	85757
chr13	72300107	72500107	harbor2	chr13	72389146	72389580	LTR/ERVL-MaLR	2640	-	217	72389363	89256
chr14	92055393	92255393	harbor2	chr14	92110011	92110365	LTR/ERVL-MaLR	1572	-	177	92110188	54795
chr14	78299095	78499095	harbor2	chr14	78314292	78314701	LTR/ERVL-MaLR	1335	-	204	78314496	15401
chr14	78299095	78499095	harbor2	chr14	78316654	78316867	LTR/ERVL-MaLR	433	-	106	78316760	17665
chr14	78299095	78499095	harbor2	chr14	78340378	78340878	LTR/ERVL-MaLR	683	-	250	78340628	41533
chr14	78299095	78499095	harbor2	chr14	78353263	78353605	LTR/ERVL-MaLR	2069	-	171	78353434	54339
chr14	78299095	78499095	harbor2	chr14	78357083	78357462	LTR/ERVL-MaLR	2192	-	190	78357273	58178
chr14	78299095	78499095	harbor2	chr14	78365290	78365648	LTR/ERVL-MaLR	859	-	179	78365469	66374
chr14	78299095	78499095	harbor2	chr14	78366526	78366871	LTR/ERVL-MaLR	2140	-	172	78366698	67603
chr14	78299095	78499095	harbor2	chr14	78377529	78377887	LTR/ERVL-MaLR	1460	-	179	78377708	78613
chr14	78299095	78499095	harbor2	chr14	78396794	78397124	LTR/ERVL-MaLR	974	-	165	78396959	97864
chr14	73511653	73711653	harbor2	chr14	73548980	73549254	LTR/ERVL-MaLR	1558	-	137	73549117	37464
chr14	73511653	73711653	harbor2	chr14	73581165	73581439	LTR/ERVL-MaLR	1468	-	137	73581302	69649
chr14	73511653	73711653	harbor2	chr14	73599326	73599850	LTR/ERVL-MaLR	937	-	262	73599588	87935
chr14	73511653	73711653	harbor2	chr14	73599861	73600452	LTR/ERVL-MaLR	1726	-	296	73600157	88504
chr14	73511653	73711653	harbor2	chr14	73600751	73600849	LTR/ERVL-MaLR	1726	-	49	73600800	89147
chr14	73511653	73711653	harbor2	chr14	73607336	73607610	LTR/ERVL-MaLR	4340	-	137	73607473	95820
chr14	73511653	73711653	harbor2	chr14	73608223	73608730	LTR/ERVL-MaLR	4340	-	254	73608477	96824
chr14	73511653	73711653	harbor2	chr14	73608731	73609098	LTR/ERVL-MaLR	2800	-	184	73608915	97262
chr14	27330265	27530265	harbor2	chr14	27390832	27391270	LTR/ERVL-MaLR	733	-	219	27391051	60786
chr14	27330265	27530265	harbor2	chr14	27391290	27391890	LTR/ERVL-MaLR	939	-	300	27391590	61325
chr14	27330265	27530265	harbor2	chr14	27392088	27392410	LTR/ERVL-MaLR	538	-	161	27392249	61984
chr14	27330265	27530265	harbor2	chr14	27399930	27400063	LTR/ERVL-MaLR	484	-	66	27399996	69731
chr14	27330265	27530265	harbor2	chr14	27405534	27405734	LTR/ERVL-MaLR	452	-	100	27405634	75369
chr14	27330265	27530265	harbor2	chr14	27420649	27420788	LTR/ERVL-MaLR	947	-	70	27420719	90454
chr14	27330265	27530265	harbor2	chr14	27420790	27421155	LTR/ERVL-MaLR	2290	-	182	27420972	90707
chr14	27330265	27530265	harbor2	chr14	27421186	27421587	LTR/ERVL-MaLR	2130	-	200	27421386	91121
chr14	27330265	27530265	harbor2	chr14	27421596	27423212	LTR/ERVL-MaLR	7743	-	808	27422404	92139
chr14	27330265	27530265	harbor2	chr14	27423213	27423628	LTR/ERVL-MaLR	2364	-	208	27423421	93156
chr14	66927967	67127967	harbor2	chr14	66989960	66990325	LTR/ERVL-MaLR	2092	-	182	66990142	62175
chr14	84404078	84604078	harbor2	chr14	84407981	84408358	LTR/ERVL-MaLR	1890	-	188	84408169	4091
chr14	84404078	84604078	harbor2	chr14	84471748	84472234	LTR/ERVL-MaLR	1592	-	243	84471991	67913
chr14	100007732	100207732	harbor2	chr14	100052808	100053194	LTR/ERVL-MaLR	1649	-	193	100053001	45269
chr14	95304695	95504695	harbor2	chr14	95309842	95310033	LTR/ERVL-MaLR	867	-	96	95309938	5243
chr14	95304695	95504695	harbor2	chr14	95310287	95310580	LTR/ERVL-MaLR	1360	-	146	95310433	5738
chr14	95304695	95504695	harbor2	chr14	95341241	95341676	LTR/ERVL-MaLR	635	-	218	95341459	36764
chr14	95304695	95504695	harbor2	chr14	95357753	95358305	LTR/ERVL-MaLR	917	-	276	95358029	53334
chr14	95304695	95504695	harbor2	chr14	95376706	95376747	LTR/ERVL-MaLR	2376	-	20	95376726	72031
chr14	95304695	95504695	harbor2	chr14	95377060	95377463	LTR/ERVL-MaLR	2376	-	202	95377262	72567
chr14	95304695	95504695	harbor2	chr14	95386830	95386972	LTR/ERVL-MaLR	557	-	71	95386901	82206
chr14	95304695	95504695	harbor2	chr14	95387173	95387575	LTR/ERVL-MaLR	423	-	201	95387374	82679
chr14	95304695	95504695	harbor2	chr14	95388011	95388420	LTR/ERVL-MaLR	1657	-	204	95388215	83520
chr14	95304695	95504695	harbor2	chr14	95392880	95393013	LTR/ERVL-MaLR	429	-	66	95392946	88251
chr14	95304695	95504695	harbor2	chr14	95393999	95394223	LTR/ERVL-MaLR	1054	-	112	95394111	89416
chr14	95304695	95504695	harbor2	chr14	95399504	95399863	LTR/ERVL-MaLR	2097	-	180	95399684	94989
chr14	49780471	49980471	harbor2	chr14	49787242	49787699	LTR/ERVL-MaLR	1137	-	228	49787470	6999
chr14	49780471	49980471	harbor2	chr14	49855940	49856158	LTR/ERVL-MaLR	1050	-	109	49856049	75578
chr14	49780471	49980471	harbor2	chr14	49860078	49860166	LTR/ERVL-MaLR	880	-	44	49860122	79651
chr14	49780471	49980471	harbor2	chr14	49860452	49860590	LTR/ERVL-MaLR	880	-	69	49860521	80050
chr14	89258789	89458789	harbor2	chr14	89264174	89264539	LTR/ERVL-MaLR	2159	-	182	89264356	5567
chr14	89258789	89458789	harbor2	chr14	89266114	89266522	LTR/ERVL-MaLR	1592	-	204	89266318	7529
chr14	89258789	89458789	harbor2	chr14	89278071	89278415	LTR/ERVL-MaLR	2068	-	172	89278243	19454
chr14	89258789	89458789	harbor2	chr14	89293310	89293741	LTR/ERVL-MaLR	2025	-	216	89293526	34737
chr14	88164775	88364775	harbor2	chr14	88215190	88215546	LTR/ERVL-MaLR	2385	-	178	88215368	50593
chr14	88164775	88364775	harbor2	chr14	88221984	88222333	LTR/ERVL-MaLR	2819	-	174	88222158	57383
chr14	88164775	88364775	harbor2	chr14	88233078	88233411	LTR/ERVL-MaLR	450	-	166	88233244	68469
chr14	65467609	65667609	harbor2	chr14	65472057	65472455	LTR/ERVL-MaLR	1968	-	199	65472256	4647
chr14	65467609	65667609	harbor2	chr14	65549804	65549873	LTR/ERVL-MaLR	436	-	34	65549838	82229
chr14	65467609	65667609	harbor2	chr14	65550087	65550265	LTR/ERVL-MaLR	944	-	89	65550176	82567
chr14	65467609	65667609	harbor2	chr14	65556119	65556718	LTR/ERVL-MaLR	1712	-	300	65556419	88810
chr14	65467609	65667609	harbor2	chr14	65564926	65565372	LTR/ERVL-MaLR	2091	-	223	65565149	97540
chr14	65467609	65667609	harbor2	chr14	65565974	65566410	LTR/ERVL-MaLR	895	-	218	65566192	98583
chr14	95011729	95211729	harbor2	chr14	95015062	95015461	LTR/ERVL-MaLR	936	-	200	95015262	3533
chr14	95011729	95211729	harbor2	chr14	95017329	95017688	LTR/ERVL-MaLR	2027	-	180	95017509	5780
chr14	95011729	95211729	harbor2	chr14	95020938	95021328	LTR/ERVL-MaLR	1574	-	195	95021133	9404
chr14	95011729	95211729	harbor2	chr14	95022951	95023354	LTR/ERVL-MaLR	2544	-	202	95023153	11424
chr14	95011729	95211729	harbor2	chr14	95037423	95037723	LTR/ERVL-MaLR	634	-	150	95037573	25844
chr14	95011729	95211729	harbor2	chr14	95048719	95049007	LTR/ERVL-MaLR	1254	-	144	95048863	37134
chr14	95011729	95211729	harbor2	chr14	95061007	95061463	LTR/ERVL-MaLR	1430	-	228	95061235	49506
chr14	95011729	95211729	harbor2	chr14	95077935	95078307	LTR/ERVL-MaLR	2545	-	186	95078121	66392
chr14	90929987	91129987	harbor2	chr14	90937544	90937901	LTR/ERVL-MaLR	2126	-	178	90937722	7735
chr14	90929987	91129987	harbor2	chr14	90937902	90939453	LTR/ERVL-MaLR	11724	-	776	90938678	8691
chr14	90929987	91129987	harbor2	chr14	90939454	90939814	LTR/ERVL-MaLR	2165	-	180	90939634	9647
chr14	90929987	91129987	harbor2	chr14	90967972	90968515	LTR/ERVL-MaLR	1262	-	272	90968244	38257
chr14	90929987	91129987	harbor2	chr14	91027564	91027872	LTR/ERVL-MaLR	705	-	154	91027718	97731
chr14	103321875	103521875	harbor2	chr14	103410111	103410431	LTR/ERVL-MaLR	873	-	160	103410271	88396
chr14	102041982	102241982	harbor2	chr14	102111491	102111566	LTR/ERVL-MaLR	547	-	38	102111529	69547
chr14	98000416	98200416	harbor2	chr14	98019961	98020117	LTR/ERVL-MaLR	769	-	78	98020039	19623
chr14	98000416	98200416	harbor2	chr14	98020130	98020254	LTR/ERVL-MaLR	421	-	62	98020192	19776
chr14	98000416	98200416	harbor2	chr14	98021289	98021411	LTR/ERVL-MaLR	678	-	61	98021350	20934
chr14	98000416	98200416	harbor2	chr14	98027000	98027373	LTR/ERVL-MaLR	1751	-	186	98027186	26770
chr14	98000416	98200416	harbor2	chr14	98032345	98032763	LTR/ERVL-MaLR	661	-	209	98032554	32138
chr14	98000416	98200416	harbor2	chr14	98036473	98036932	LTR/ERVL-MaLR	1224	-	230	98036703	36287
chr14	98000416	98200416	harbor2	chr14	98047184	98047347	LTR/ERVL-MaLR	887	-	82	98047266	46850
chr14	98000416	98200416	harbor2	chr14	98073013	98073392	LTR/ERVL-MaLR	1382	-	190	98073203	72787
chr14	98000416	98200416	harbor2	chr14	98077561	98077904	LTR/ERVL-MaLR	1515	-	172	98077733	77317
chr14	98000416	98200416	harbor2	chr14	98079432	98079847	LTR/ERVL-MaLR	531	-	208	98079640	79224
chr14	98000416	98200416	harbor2	chr14	98098433	98098611	LTR/ERVL-MaLR	416	-	89	98098522	98106
chr14	81695896	81895896	harbor2	chr14	81699703	81699925	LTR/ERVL-MaLR	2110	-	111	81699814	3918
chr14	81695896	81895896	harbor2	chr14	81700301	81700445	LTR/ERVL-MaLR	2110	-	72	81700373	4477
chr14	81695896	81895896	harbor2	chr14	81702084	81702416	LTR/ERVL-MaLR	592	-	166	81702250	6354
chr14	81695896	81895896	harbor2	chr14	81719279	81719749	LTR/ERVL-MaLR	2272	-	235	81719514	23618
chr14	81695896	81895896	harbor2	chr14	81727883	81728451	LTR/ERVL-MaLR	1706	-	284	81728167	32271
chr14	56510063	56710063	harbor2	chr14	56517466	56517823	LTR/ERVL-MaLR	1060	-	178	56517644	7581
chr14	56510063	56710063	harbor2	chr14	56578134	56578711	LTR/ERVL-MaLR	2119	-	288	56578422	68359
chr14	56510063	56710063	harbor2	chr14	56580894	56581325	LTR/ERVL-MaLR	664	-	216	56581110	71047
chr14	96521686	96721686	harbor2	chr14	96604535	96604896	LTR/ERVL-MaLR	741	-	180	96604715	83029
chr14	96521686	96721686	harbor2	chr14	96608260	96608631	LTR/ERVL-MaLR	1598	-	186	96608446	86760
chr14	95466410	95666410	harbor2	chr14	95560266	95560332	LTR/ERVL-MaLR	1803	-	33	95560299	93889
chr14	95466410	95666410	harbor2	chr14	95560618	95560924	LTR/ERVL-MaLR	1803	-	153	95560771	94361
chr14	105556527	105756527	harbor2	chr14	105592894	105593267	LTR/ERVL-MaLR	1244	-	186	105593080	36553
chr14	105556527	105756527	harbor2	chr14	105594743	105594880	LTR/ERVL-MaLR	413	-	68	105594811	38284
chr14	105556527	105756527	harbor2	chr14	105608822	105608976	LTR/ERVL-MaLR	553	-	77	105608899	52372
chr14	105556527	105756527	harbor2	chr14	105612345	105612524	LTR/ERVL-MaLR	500	-	90	105612435	55908
chr14	105556527	105756527	harbor2	chr14	105631446	105631886	LTR/ERVL-MaLR	2047	-	220	105631666	75139
chr14	105556527	105756527	harbor2	chr14	105631887	105632039	LTR/ERVL-MaLR	609	-	76	105631963	75436
chr14	105556527	105756527	harbor2	chr14	105651404	105651844	LTR/ERVL-MaLR	2073	-	220	105651624	95097
chr14	105556527	105756527	harbor2	chr14	105651845	105652010	LTR/ERVL-MaLR	663	-	82	105651927	95400
chr14	105556527	105756527	harbor2	chr14	105654460	105654614	LTR/ERVL-MaLR	553	-	77	105654537	98010
chr14	77119391	77319391	harbor2	chr14	77147391	77147662	LTR/ERVL-MaLR	1154	-	136	77147527	28136
chr14	77119391	77319391	harbor2	chr14	77148285	77148324	LTR/ERVL-MaLR	1154	-	20	77148305	28914
chr14	77119391	77319391	harbor2	chr14	77148621	77148811	LTR/ERVL-MaLR	1154	-	95	77148716	29325
chr14	77119391	77319391	harbor2	chr14	77153669	77153873	LTR/ERVL-MaLR	709	-	102	77153771	34380
chr14	77119391	77319391	harbor2	chr14	77153881	77154287	LTR/ERVL-MaLR	1476	-	203	77154084	34693
chr14	77119391	77319391	harbor2	chr14	77161934	77162034	LTR/ERVL-MaLR	481	-	50	77161984	42593
chr14	77119391	77319391	harbor2	chr14	77177236	77177436	LTR/ERVL-MaLR	1395	-	100	77177336	57945
chr14	77119391	77319391	harbor2	chr14	77177821	77178247	LTR/ERVL-MaLR	757	-	213	77178034	58643
chr14	77119391	77319391	harbor2	chr14	77202366	77202775	LTR/ERVL-MaLR	1094	-	204	77202570	83179
chr14	95753418	95953418	harbor2	chr14	95763823	95764186	LTR/ERVL-MaLR	1654	-	182	95764005	10587
chr14	95753418	95953418	harbor2	chr14	95769818	95770192	LTR/ERVL-MaLR	2224	-	187	95770005	16587
chr14	95753418	95953418	harbor2	chr14	95775757	95776174	LTR/ERVL-MaLR	2706	-	208	95775965	22547
chr14	95753418	95953418	harbor2	chr14	95790568	95790984	LTR/ERVL-MaLR	2447	-	208	95790776	37358
chr14	95753418	95953418	harbor2	chr14	95816494	95816938	LTR/ERVL-MaLR	1972	-	222	95816716	63298
chr14	95753418	95953418	harbor2	chr14	95818981	95819367	LTR/ERVL-MaLR	2541	-	193	95819174	65756
chr14	95753418	95953418	harbor2	chr14	95828716	95829052	LTR/ERVL-MaLR	522	-	168	95828884	75466
chr14	95753418	95953418	harbor2	chr14	95833515	95833867	LTR/ERVL-MaLR	948	-	176	95833691	80273
chr14	95753418	95953418	harbor2	chr14	95835895	95836273	LTR/ERVL-MaLR	2320	-	189	95836084	82666
chr14	95753418	95953418	harbor2	chr14	95847540	95847901	LTR/ERVL-MaLR	1637	-	180	95847720	94302
chr14	95753418	95953418	harbor2	chr14	95813314	95813787	LTR/ERVL-MaLR	2684	-	236	95813550	60132
chr14	81844453	82044453	harbor2	chr14	81849085	81849773	LTR/ERVL-MaLR	3632	-	344	81849429	4976
chr14	81844453	82044453	harbor2	chr14	81849778	81850021	LTR/ERVL-MaLR	902	-	122	81849900	5447
chr14	81844453	82044453	harbor2	chr14	81856940	81857094	LTR/ERVL-MaLR	784	-	77	81857017	12564
chr14	81844453	82044453	harbor2	chr14	81873035	81873570	LTR/ERVL-MaLR	1928	-	268	81873303	28850
chr14	81844453	82044453	harbor2	chr14	81905236	81905640	LTR/ERVL-MaLR	864	-	202	81905438	60985
chr14	81844453	82044453	harbor2	chr14	81909296	81909691	LTR/ERVL-MaLR	1938	-	198	81909494	65041
chr14	81844453	82044453	harbor2	chr14	81919033	81919476	LTR/ERVL-MaLR	1873	-	222	81919255	74802
chr14	81844453	82044453	harbor2	chr14	81931129	81931515	LTR/ERVL-MaLR	1937	-	193	81931322	86869
chr14	74207141	74407141	harbor2	chr14	74230789	74230963	LTR/ERVL-MaLR	525	-	87	74230876	23735
chr14	74207141	74407141	harbor2	chr14	74231295	74231373	LTR/ERVL-MaLR	958	-	39	74231334	24193
chr14	74207141	74407141	harbor2	chr14	74231686	74232088	LTR/ERVL-MaLR	958	-	201	74231887	24746
chr14	74207141	74407141	harbor2	chr14	74232383	74232496	LTR/ERVL-MaLR	958	-	56	74232439	25298
chr14	74207141	74407141	harbor2	chr14	74266424	74266494	LTR/ERVL-MaLR	1801	-	35	74266459	59318
chr14	74207141	74407141	harbor2	chr14	74266795	74267087	LTR/ERVL-MaLR	1801	-	146	74266941	59800
chr14	102697105	102897105	harbor2	chr14	102700821	102701182	LTR/ERVL-MaLR	2166	-	180	102701001	3896
chr14	102697105	102897105	harbor2	chr14	102718005	102718362	LTR/ERVL-MaLR	631	-	178	102718183	21078
chr14	102697105	102897105	harbor2	chr14	102756933	102756971	LTR/ERVL-MaLR	605	-	19	102756952	59847
chr14	102697105	102897105	harbor2	chr14	102757277	102757509	LTR/ERVL-MaLR	605	-	116	102757393	60288
chr14	102697105	102897105	harbor2	chr14	102790399	102790747	LTR/ERVL-MaLR	2418	-	174	102790573	93468
chr14	102697105	102897105	harbor2	chr14	102793791	102794173	LTR/ERVL-MaLR	1625	-	191	102793982	96877
chr14	102697105	102897105	harbor2	chr14	102794483	102794643	LTR/ERVL-MaLR	1625	-	80	102794563	97458
chr14	76856363	77056363	harbor2	chr14	76858124	76858571	LTR/ERVL-MaLR	2506	-	224	76858348	1985
chr14	76856363	77056363	harbor2	chr14	76890502	76890768	LTR/ERVL-MaLR	1103	-	133	76890635	34272
chr14	76856363	77056363	harbor2	chr14	76895381	76895573	LTR/ERVL-MaLR	708	-	96	76895477	39114
chr14	76856363	77056363	harbor2	chr14	76895886	76896203	LTR/ERVL-MaLR	708	-	158	76896044	39681
chr14	76856363	77056363	harbor2	chr14	76930764	76931054	LTR/ERVL-MaLR	1834	-	145	76930909	74546
chr14	76856363	77056363	harbor2	chr14	76931357	76931504	LTR/ERVL-MaLR	1834	-	74	76931431	75068
chr14	76856363	77056363	harbor2	chr14	76890069	76890270	LTR/ERVL-MaLR	854	-	100	76890169	33806
chr14	71188843	71388843	harbor2	chr14	71191368	71191776	LTR/ERVL-MaLR	1354	-	204	71191572	2729
chr14	71188843	71388843	harbor2	chr14	71208370	71208564	LTR/ERVL-MaLR	611	-	97	71208467	19624
chr14	71188843	71388843	harbor2	chr14	71217044	71217460	LTR/ERVL-MaLR	947	-	208	71217252	28409
chr14	71188843	71388843	harbor2	chr14	71217449	71217530	LTR/ERVL-MaLR	441	-	40	71217489	28646
chr14	71188843	71388843	harbor2	chr14	71223613	71223871	LTR/ERVL-MaLR	557	-	129	71223742	34899
chr14	71188843	71388843	harbor2	chr14	71226279	71226626	LTR/ERVL-MaLR	1749	-	174	71226453	37610
chr14	71188843	71388843	harbor2	chr14	71229793	71230119	LTR/ERVL-MaLR	2303	-	163	71229956	41113
chr14	71188843	71388843	harbor2	chr14	71236515	71236695	LTR/ERVL-MaLR	416	-	90	71236605	47762
chr14	71188843	71388843	harbor2	chr14	71245225	71245585	LTR/ERVL-MaLR	492	-	180	71245405	56562
chr14	71188843	71388843	harbor2	chr14	71247620	71248018	LTR/ERVL-MaLR	2828	-	199	71247819	58976
chr14	71188843	71388843	harbor2	chr14	71275423	71275753	LTR/ERVL-MaLR	1445	-	165	71275588	86745
chr14	71188843	71388843	harbor2	chr14	71285422	71285714	LTR/ERVL-MaLR	1402	-	146	71285568	96725
chr14	71188843	71388843	harbor2	chr14	71286026	71286236	LTR/ERVL-MaLR	1402	-	105	71286131	97288
chr14	87649716	87849716	harbor2	chr14	87655106	87655256	LTR/ERVL-MaLR	497	-	75	87655181	5465
chr14	87649716	87849716	harbor2	chr14	87696898	87697361	LTR/ERVL-MaLR	829	-	232	87697130	47414
chr14	87649716	87849716	harbor2	chr14	87697401	87697692	LTR/ERVL-MaLR	697	-	146	87697547	47831
chr14	87649716	87849716	harbor2	chr14	87697738	87698198	LTR/ERVL-MaLR	1079	-	230	87697968	48252
chr14	87649716	87849716	harbor2	chr14	87698263	87698434	LTR/ERVL-MaLR	421	-	86	87698349	48633
chr14	87649716	87849716	harbor2	chr14	87698544	87698980	LTR/ERVL-MaLR	642	-	218	87698762	49046
chr14	87649716	87849716	harbor2	chr14	87699880	87700254	LTR/ERVL-MaLR	2472	-	187	87700067	50351
chr14	87649716	87849716	harbor2	chr14	87721905	87722273	LTR/ERVL-MaLR	1752	-	184	87722089	72373
chr14	87649716	87849716	harbor2	chr14	87724408	87724794	LTR/ERVL-MaLR	2025	-	193	87724601	74885
chr14	87649716	87849716	harbor2	chr14	87741793	87742195	LTR/ERVL-MaLR	1560	-	201	87741994	92278
chr14	87649716	87849716	harbor2	chr14	87747355	87747641	LTR/ERVL-MaLR	1103	-	143	87747498	97782
chr14	87649716	87849716	harbor2	chr14	87747659	87747965	LTR/ERVL-MaLR	652	-	153	87747812	98096
chr14	87649716	87849716	harbor2	chr14	87748304	87748458	LTR/ERVL-MaLR	652	-	77	87748381	98665
chr14	89468810	89668810	harbor2	chr14	89501290	89501624	LTR/ERVL-MaLR	446	-	167	89501457	32647
chr14	89468810	89668810	harbor2	chr14	89511684	89512051	LTR/ERVL-MaLR	2480	-	184	89511868	43058
chr14	89468810	89668810	harbor2	chr14	89517379	89517701	LTR/ERVL-MaLR	1836	-	161	89517540	48730
chr14	89468810	89668810	harbor2	chr14	89529890	89529941	LTR/ERVL-MaLR	2494	-	26	89529916	61106
chr14	89468810	89668810	harbor2	chr14	89530238	89530563	LTR/ERVL-MaLR	2494	-	162	89530400	61590
chr14	89468810	89668810	harbor2	chr14	89559949	89560324	LTR/ERVL-MaLR	2097	-	188	89560137	91327
chr14	83320605	83520605	harbor2	chr14	83364732	83365123	LTR/ERVL-MaLR	1892	-	196	83364928	44323
chr14	83320605	83520605	harbor2	chr14	83386567	83386927	LTR/ERVL-MaLR	1831	-	180	83386747	66142
chr14	83320605	83520605	harbor2	chr14	83392892	83393266	LTR/ERVL-MaLR	1132	-	187	83393079	72474
chr14	83320605	83520605	harbor2	chr14	83393906	83394270	LTR/ERVL-MaLR	1082	-	182	83394088	73483
chr14	83320605	83520605	harbor2	chr14	83405412	83405762	LTR/ERVL-MaLR	2053	-	175	83405587	84982
chr14	44968582	45168582	harbor2	chr14	44971848	44972202	LTR/ERVL-MaLR	1588	-	177	44972025	3443
chr14	44968582	45168582	harbor2	chr14	44979223	44979562	LTR/ERVL-MaLR	1965	-	170	44979393	10811
chr14	44968582	45168582	harbor2	chr14	44989596	44989769	LTR/ERVL-MaLR	1203	-	86	44989682	21100
chr14	44968582	45168582	harbor2	chr14	44989774	44990145	LTR/ERVL-MaLR	2001	-	186	44989960	21378
chr14	44968582	45168582	harbor2	chr14	44996626	44997010	LTR/ERVL-MaLR	1995	-	192	44996818	28236
chr14	44968582	45168582	harbor2	chr14	45036560	45036805	LTR/ERVL-MaLR	920	-	122	45036682	68100
chr14	44968582	45168582	harbor2	chr14	45036810	45037101	LTR/ERVL-MaLR	2079	-	146	45036956	68374
chr14	44968582	45168582	harbor2	chr14	45037120	45037527	LTR/ERVL-MaLR	1471	-	204	45037324	68742
chr14	44968582	45168582	harbor2	chr14	45048489	45048694	LTR/ERVL-MaLR	660	-	102	45048591	80009
chr14	44968582	45168582	harbor2	chr14	45049085	45049268	LTR/ERVL-MaLR	921	-	92	45049177	80595
chr14	44968582	45168582	harbor2	chr14	45049559	45049727	LTR/ERVL-MaLR	921	-	84	45049643	81061
chr14	95706846	95906846	harbor2	chr14	95729149	95729243	LTR/ERVL-MaLR	499	-	47	95729196	22350
chr14	95706846	95906846	harbor2	chr14	95743840	95743913	LTR/ERVL-MaLR	1072	-	36	95743876	37030
chr14	95706846	95906846	harbor2	chr14	95744489	95744816	LTR/ERVL-MaLR	1072	-	164	95744653	37807
chr14	95706846	95906846	harbor2	chr14	95763823	95764186	LTR/ERVL-MaLR	1654	-	182	95764005	57159
chr14	95706846	95906846	harbor2	chr14	95769818	95770192	LTR/ERVL-MaLR	2224	-	187	95770005	63159
chr14	95706846	95906846	harbor2	chr14	95775757	95776174	LTR/ERVL-MaLR	2706	-	208	95775965	69119
chr14	95706846	95906846	harbor2	chr14	95790568	95790984	LTR/ERVL-MaLR	2447	-	208	95790776	83930
chr14	99291582	99491582	harbor2	chr14	99304609	99304941	LTR/ERVL-MaLR	1407	-	166	99304775	13193
chr14	99291582	99491582	harbor2	chr14	99305312	99305339	LTR/ERVL-MaLR	1407	-	14	99305326	13744
chr14	99291582	99491582	harbor2	chr14	99307585	99307814	LTR/ERVL-MaLR	2787	-	114	99307699	16117
chr14	99291582	99491582	harbor2	chr14	99308127	99308325	LTR/ERVL-MaLR	2787	-	99	99308226	16644
chr14	99291582	99491582	harbor2	chr14	99339532	99339965	LTR/ERVL-MaLR	1619	-	216	99339748	48166
chr14	99291582	99491582	harbor2	chr14	99353799	99354155	LTR/ERVL-MaLR	1603	-	178	99353977	62395
chr14	99291582	99491582	harbor2	chr14	99358180	99358424	LTR/ERVL-MaLR	984	-	122	99358302	66720
chr14	99291582	99491582	harbor2	chr14	99358726	99358884	LTR/ERVL-MaLR	984	-	79	99358805	67223
chr14	99291582	99491582	harbor2	chr14	99365821	99366094	LTR/ERVL-MaLR	1416	-	136	99365957	74375
chr14	99291582	99491582	harbor2	chr14	99366698	99366851	LTR/ERVL-MaLR	1416	-	76	99366774	75192
chr14	99291582	99491582	harbor2	chr14	99387013	99387384	LTR/ERVL-MaLR	2645	-	186	99387199	95617
chr14	101732328	101932328	harbor2	chr14	101733150	101733666	LTR/ERVL-MaLR	1195	-	258	101733408	1080
chr14	101732328	101932328	harbor2	chr14	101740076	101740441	LTR/ERVL-MaLR	2093	-	182	101740258	7930
chr14	101732328	101932328	harbor2	chr14	101740442	101742035	LTR/ERVL-MaLR	11693	-	796	101741238	8910
chr14	101732328	101932328	harbor2	chr14	101742348	101742391	LTR/ERVL-MaLR	11693	-	22	101742370	10042
chr14	101732328	101932328	harbor2	chr14	101742393	101742768	LTR/ERVL-MaLR	2162	-	188	101742581	10253
chr14	101732328	101932328	harbor2	chr14	101757919	101758333	LTR/ERVL-MaLR	2600	-	207	101758126	25798
chr14	101732328	101932328	harbor2	chr14	101784326	101784697	LTR/ERVL-MaLR	2161	-	186	101784512	52184
chr14	101732328	101932328	harbor2	chr14	101785260	101785756	LTR/ERVL-MaLR	2050	-	248	101785508	53180
chr14	75873247	76073247	harbor2	chr14	75878199	75878697	LTR/ERVL-MaLR	640	-	249	75878448	5201
chr14	75873247	76073247	harbor2	chr14	75917846	75918360	LTR/ERVL-MaLR	820	-	257	75918103	44856
chr14	75873247	76073247	harbor2	chr14	75933107	75933175	LTR/ERVL-MaLR	1235	-	34	75933141	59894
chr14	75873247	76073247	harbor2	chr14	75933472	75933672	LTR/ERVL-MaLR	1235	-	100	75933572	60325
chr14	75873247	76073247	harbor2	chr14	75934065	75934306	LTR/ERVL-MaLR	1235	-	120	75934185	60938
chr14	90154189	90354189	harbor2	chr14	90158965	90159316	LTR/ERVL-MaLR	1392	-	176	90159141	4952
chr14	90154189	90354189	harbor2	chr14	90164908	90165257	LTR/ERVL-MaLR	2080	-	174	90165082	10893
chr14	90154189	90354189	harbor2	chr14	90173812	90174024	LTR/ERVL-MaLR	2199	-	106	90173918	19729
chr14	90154189	90354189	harbor2	chr14	90174338	90174499	LTR/ERVL-MaLR	2199	-	80	90174418	20229
chr14	90154189	90354189	harbor2	chr14	90175664	90175837	LTR/ERVL-MaLR	559	-	86	90175750	21561
chr14	90154189	90354189	harbor2	chr14	90175889	90176142	LTR/ERVL-MaLR	702	-	126	90176015	21826
chr14	90154189	90354189	harbor2	chr14	90181238	90181580	LTR/ERVL-MaLR	1587	-	171	90181409	27220
chr14	90154189	90354189	harbor2	chr14	90192084	90192511	LTR/ERVL-MaLR	2144	-	214	90192298	38109
chr14	90154189	90354189	harbor2	chr14	90199841	90199927	LTR/ERVL-MaLR	409	-	43	90199884	45695
chr14	90154189	90354189	harbor2	chr14	90200187	90200430	LTR/ERVL-MaLR	693	-	122	90200309	46120
chr14	90154189	90354189	harbor2	chr14	90201034	90201084	LTR/ERVL-MaLR	693	-	25	90201059	46870
chr14	90154189	90354189	harbor2	chr14	90201610	90201706	LTR/ERVL-MaLR	509	-	48	90201658	47469
chr14	90154189	90354189	harbor2	chr14	90202410	90202549	LTR/ERVL-MaLR	661	-	70	90202480	48291
chr14	90154189	90354189	harbor2	chr14	90213697	90214052	LTR/ERVL-MaLR	2424	-	178	90213875	59686
chr14	90154189	90354189	harbor2	chr14	90214053	90215557	LTR/ERVL-MaLR	10722	-	752	90214805	60616
chr14	90154189	90354189	harbor2	chr14	90215558	90215911	LTR/ERVL-MaLR	2354	-	176	90215734	61545
chr14	90154189	90354189	harbor2	chr14	90222914	90223260	LTR/ERVL-MaLR	1791	-	173	90223087	68898
chr14	104235296	104435296	harbor2	chr14	104238356	104238712	LTR/ERVL-MaLR	1259	-	178	104238534	3238
chr14	104235296	104435296	harbor2	chr14	104248510	104248814	LTR/ERVL-MaLR	1008	-	152	104248662	13366
chr14	104235296	104435296	harbor2	chr14	104286110	104286459	LTR/ERVL-MaLR	1179	-	174	104286284	50988
chr14	104235296	104435296	harbor2	chr14	104303447	104303574	LTR/ERVL-MaLR	508	-	64	104303511	68215
chr14	104235296	104435296	harbor2	chr14	104327565	104327960	LTR/ERVL-MaLR	1620	-	198	104327763	92467
chr14	94883246	95083246	harbor2	chr14	94911521	94911706	LTR/ERVL-MaLR	891	-	92	94911613	28367
chr14	94883246	95083246	harbor2	chr14	94911825	94911977	LTR/ERVL-MaLR	705	-	76	94911901	28655
chr14	94883246	95083246	harbor2	chr14	94922882	94923358	LTR/ERVL-MaLR	1677	-	238	94923120	39874
chr14	94883246	95083246	harbor2	chr14	94929374	94929461	LTR/ERVL-MaLR	522	-	44	94929418	46172
chr14	94883246	95083246	harbor2	chr14	94949425	94949717	LTR/ERVL-MaLR	1433	-	146	94949571	66325
chr14	94883246	95083246	harbor2	chr14	94952914	94953195	LTR/ERVL-MaLR	1889	-	140	94953054	69808
chr14	94883246	95083246	harbor2	chr14	94953719	94953871	LTR/ERVL-MaLR	1889	-	76	94953795	70549
chr14	94883246	95083246	harbor2	chr14	94954329	94954504	LTR/ERVL-MaLR	799	-	88	94954417	71171
chr14	94883246	95083246	harbor2	chr14	94968333	94968716	LTR/ERVL-MaLR	1597	-	192	94968525	85279
chr14	94883246	95083246	harbor2	chr14	94970169	94970441	LTR/ERVL-MaLR	1247	-	136	94970305	87059
chr14	94883246	95083246	harbor2	chr14	94970442	94970818	LTR/ERVL-MaLR	2383	-	188	94970630	87384
chr14	94883246	95083246	harbor2	chr14	94970819	94971032	LTR/ERVL-MaLR	1247	-	106	94970925	87679
chr14	94883246	95083246	harbor2	chr14	94974873	94975088	LTR/ERVL-MaLR	663	-	108	94974981	91735
chr14	104476017	104676017	harbor2	chr14	104498624	104498804	LTR/ERVL-MaLR	497	-	90	104498714	22697
chr14	104476017	104676017	harbor2	chr14	104499144	104499504	LTR/ERVL-MaLR	2348	-	180	104499324	23307
chr14	104476017	104676017	harbor2	chr14	104523535	104523926	LTR/ERVL-MaLR	2114	-	196	104523731	47714
chr14	104476017	104676017	harbor2	chr14	104537708	104537957	LTR/ERVL-MaLR	630	-	124	104537832	61815
chr14	33576013	33776013	harbor2	chr14	33607702	33608070	LTR/ERVL-MaLR	2480	-	184	33607886	31873
chr14	103115900	103315900	harbor2	chr14	103136231	103136520	LTR/ERVL-MaLR	1672	-	144	103136375	20475
chr14	103115900	103315900	harbor2	chr14	103136806	103137010	LTR/ERVL-MaLR	1672	-	102	103136908	21008
chr14	103115900	103315900	harbor2	chr14	103196195	103196651	LTR/ERVL-MaLR	2282	-	228	103196423	80523
chr14	89793742	89993742	harbor2	chr14	89839593	89839998	LTR/ERVL-MaLR	2523	-	202	89839795	46053
chr14	89793742	89993742	harbor2	chr14	89873020	89873406	LTR/ERVL-MaLR	2703	-	193	89873213	79471
chr14	89793742	89993742	harbor2	chr14	89873407	89874616	LTR/ERVL-MaLR	9082	-	604	89874011	80269
chr14	89793742	89993742	harbor2	chr14	89874904	89875026	LTR/ERVL-MaLR	9082	-	61	89874965	81223
chr14	89793742	89993742	harbor2	chr14	89875230	89875413	LTR/ERVL-MaLR	1340	-	92	89875322	81580
chr14	89793742	89993742	harbor2	chr14	89888300	89888692	LTR/ERVL-MaLR	2519	-	196	89888496	94754
chr14	97951996	98151996	harbor2	chr14	97962655	97963108	LTR/ERVL-MaLR	1643	-	226	97962881	10885
chr14	97951996	98151996	harbor2	chr14	97963403	97963920	LTR/ERVL-MaLR	1397	-	258	97963661	11665
chr14	97951996	98151996	harbor2	chr14	97980426	97980791	LTR/ERVL-MaLR	1183	-	182	97980608	28612
chr14	97951996	98151996	harbor2	chr14	97992095	97992348	LTR/ERVL-MaLR	694	-	126	97992221	40225
chr14	97951996	98151996	harbor2	chr14	98019961	98020117	LTR/ERVL-MaLR	769	-	78	98020039	68043
chr14	97951996	98151996	harbor2	chr14	98020130	98020254	LTR/ERVL-MaLR	421	-	62	98020192	68196
chr14	97951996	98151996	harbor2	chr14	98021289	98021411	LTR/ERVL-MaLR	678	-	61	98021350	69354
chr14	97951996	98151996	harbor2	chr14	98027000	98027373	LTR/ERVL-MaLR	1751	-	186	98027186	75190
chr14	97951996	98151996	harbor2	chr14	98032345	98032763	LTR/ERVL-MaLR	661	-	209	98032554	80558
chr14	97951996	98151996	harbor2	chr14	98036473	98036932	LTR/ERVL-MaLR	1224	-	230	98036703	84707
chr14	97951996	98151996	harbor2	chr14	98047184	98047347	LTR/ERVL-MaLR	887	-	82	98047266	95270
chr14	48653750	48853750	harbor2	chr14	48693602	48694005	LTR/ERVL-MaLR	1054	-	202	48693804	40054
chr14	48653750	48853750	harbor2	chr14	48719580	48719939	LTR/ERVL-MaLR	1927	-	180	48719760	66010
chr14	48653750	48853750	harbor2	chr14	48733430	48733816	LTR/ERVL-MaLR	2182	-	193	48733623	79873
chr14	48653750	48853750	harbor2	chr14	48733821	48735410	LTR/ERVL-MaLR	9736	-	794	48734615	80865
chr14	48653750	48853750	harbor2	chr14	48735961	48736345	LTR/ERVL-MaLR	2212	-	192	48736153	82403
chr14	48653750	48853750	harbor2	chr14	48739050	48739557	LTR/ERVL-MaLR	1702	-	254	48739304	85554
chr14	48653750	48853750	harbor2	chr14	48693201	48693273	LTR/ERVL-MaLR	443	-	36	48693237	39487
chr14	74156785	74356785	harbor2	chr14	74230789	74230963	LTR/ERVL-MaLR	525	-	87	74230876	74091
chr14	74156785	74356785	harbor2	chr14	74231295	74231373	LTR/ERVL-MaLR	958	-	39	74231334	74549
chr14	74156785	74356785	harbor2	chr14	74231686	74232088	LTR/ERVL-MaLR	958	-	201	74231887	75102
chr14	74156785	74356785	harbor2	chr14	74232383	74232496	LTR/ERVL-MaLR	958	-	56	74232439	75654
chr14	48553100	48753100	harbor2	chr14	48556025	48556382	LTR/ERVL-MaLR	1765	-	178	48556203	3103
chr14	48553100	48753100	harbor2	chr14	48620266	48620654	LTR/ERVL-MaLR	1686	-	194	48620460	67360
chr14	96935129	97135129	harbor2	chr14	96944374	96944802	LTR/ERVL-MaLR	1442	-	214	96944588	9459
chr14	96935129	97135129	harbor2	chr14	96946173	96946534	LTR/ERVL-MaLR	1975	-	180	96946353	11224
chr14	96935129	97135129	harbor2	chr14	96948430	96948792	LTR/ERVL-MaLR	2184	-	181	96948611	13482
chr14	96935129	97135129	harbor2	chr14	96971576	96972028	LTR/ERVL-MaLR	1201	-	226	96971802	36673
chr14	96935129	97135129	harbor2	chr14	96977970	96978279	LTR/ERVL-MaLR	541	-	154	96978124	42995
chr14	96935129	97135129	harbor2	chr14	96990766	96990960	LTR/ERVL-MaLR	499	-	97	96990863	55734
chr14	96935129	97135129	harbor2	chr14	96991025	96991423	LTR/ERVL-MaLR	1271	-	199	96991224	56095
chr14	96935129	97135129	harbor2	chr14	96991456	96991590	LTR/ERVL-MaLR	616	-	67	96991523	56394
chr14	96935129	97135129	harbor2	chr14	97021962	97022039	LTR/ERVL-MaLR	465	-	38	97022000	86871
chr14	96935129	97135129	harbor2	chr14	97022765	97023188	LTR/ERVL-MaLR	1591	-	212	97022977	87848
chr14	96935129	97135129	harbor2	chr14	97030765	97031231	LTR/ERVL-MaLR	680	-	233	97030998	95869
chr14	76525809	76725809	harbor2	chr14	76530988	76531425	LTR/ERVL-MaLR	1233	-	218	76531206	5397
chr14	76525809	76725809	harbor2	chr14	76539785	76540189	LTR/ERVL-MaLR	2326	-	202	76539987	14178
chr14	76525809	76725809	harbor2	chr14	76575302	76575617	LTR/ERVL-MaLR	1402	-	158	76575460	49651
chr14	76525809	76725809	harbor2	chr14	76575929	76576055	LTR/ERVL-MaLR	1402	-	63	76575992	50183
chr14	76525809	76725809	harbor2	chr14	76579243	76579335	LTR/ERVL-MaLR	1724	-	46	76579289	53480
chr14	76525809	76725809	harbor2	chr14	76579632	76580033	LTR/ERVL-MaLR	1724	-	200	76579832	54023
chr14	76525809	76725809	harbor2	chr14	76585442	76585789	LTR/ERVL-MaLR	1745	-	174	76585616	59807
chr14	76525809	76725809	harbor2	chr14	76587664	76587982	LTR/ERVL-MaLR	1498	-	159	76587823	62014
chr14	76525809	76725809	harbor2	chr14	76589183	76589398	LTR/ERVL-MaLR	607	-	108	76589291	63482
chr14	76525809	76725809	harbor2	chr14	76589408	76589650	LTR/ERVL-MaLR	419	-	121	76589529	63720
chr14	76525809	76725809	harbor2	chr14	76596902	76597084	LTR/ERVL-MaLR	2074	-	91	76596993	71184
chr14	76525809	76725809	harbor2	chr14	76597386	76597599	LTR/ERVL-MaLR	2074	-	106	76597492	71683
chr14	76525809	76725809	harbor2	chr14	76601395	76601808	LTR/ERVL-MaLR	2660	-	206	76601601	75792
chr14	76525809	76725809	harbor2	chr14	76612800	76613297	LTR/ERVL-MaLR	1186	-	248	76613048	87239
chr14	76525809	76725809	harbor2	chr14	76622536	76622787	LTR/ERVL-MaLR	1847	-	126	76622662	96853
chr14	76525809	76725809	harbor2	chr14	76623060	76623233	LTR/ERVL-MaLR	1847	-	86	76623146	97337
chr14	105493074	105693074	harbor2	chr14	105512610	105512775	LTR/ERVL-MaLR	579	-	82	105512692	19618
chr14	105493074	105693074	harbor2	chr14	105517262	105517384	LTR/ERVL-MaLR	529	-	61	105517323	24249
chr14	105493074	105693074	harbor2	chr14	105518194	105518421	LTR/ERVL-MaLR	664	-	114	105518308	25234
chr14	105493074	105693074	harbor2	chr14	105535090	105535393	LTR/ERVL-MaLR	1321	-	152	105535242	42168
chr14	105493074	105693074	harbor2	chr14	105535981	105536055	LTR/ERVL-MaLR	1321	-	37	105536018	42944
chr14	85272534	85472534	harbor2	chr14	85274376	85274652	LTR/ERVL-MaLR	1659	-	138	85274514	1980
chr14	85272534	85472534	harbor2	chr14	85275196	85275380	LTR/ERVL-MaLR	1659	-	92	85275288	2754
chr14	85272534	85472534	harbor2	chr14	85289227	85289545	LTR/ERVL-MaLR	1371	-	159	85289386	16852
chr14	85272534	85472534	harbor2	chr14	85289676	85290244	LTR/ERVL-MaLR	3041	-	284	85289960	17426
chr14	85272534	85472534	harbor2	chr14	85296993	85297418	LTR/ERVL-MaLR	2279	-	212	85297205	24671
chr14	85272534	85472534	harbor2	chr14	85300943	85301133	LTR/ERVL-MaLR	426	-	95	85301038	28504
chr14	85272534	85472534	harbor2	chr14	85310167	85310248	LTR/ERVL-MaLR	1800	-	40	85310207	37673
chr14	85272534	85472534	harbor2	chr14	85310561	85310907	LTR/ERVL-MaLR	1800	-	173	85310734	38200
chr14	85272534	85472534	harbor2	chr14	85317411	85317776	LTR/ERVL-MaLR	1824	-	182	85317593	45059
chr14	85272534	85472534	harbor2	chr14	85323950	85324307	LTR/ERVL-MaLR	2209	-	178	85324128	51594
chr14	85272534	85472534	harbor2	chr14	85329591	85330013	LTR/ERVL-MaLR	2405	-	211	85329802	57268
chr14	85272534	85472534	harbor2	chr14	85347280	85347516	LTR/ERVL-MaLR	2694	-	118	85347398	74864
chr14	85272534	85472534	harbor2	chr14	85347814	85348010	LTR/ERVL-MaLR	2694	-	98	85347912	75378
chr14	85272534	85472534	harbor2	chr14	85311469	85311617	LTR/ERVL-MaLR	421	-	74	85311543	39009
chr14	54251616	54451616	harbor2	chr14	54275107	54275558	LTR/ERVL-MaLR	1933	-	226	54275333	23717
chr14	54251616	54451616	harbor2	chr14	54281572	54281671	LTR/ERVL-MaLR	683	-	50	54281622	30006
chr14	54251616	54451616	harbor2	chr14	54283194	54283394	LTR/ERVL-MaLR	683	-	100	54283294	31678
chr14	54251616	54451616	harbor2	chr14	54283926	54284154	LTR/ERVL-MaLR	496	-	114	54284040	32424
chr14	54251616	54451616	harbor2	chr14	54294883	54295274	LTR/ERVL-MaLR	2303	-	196	54295079	43463
chr14	54251616	54451616	harbor2	chr14	54302359	54302746	LTR/ERVL-MaLR	1350	-	194	54302553	50937
chr14	106413444	106613444	harbor2	chr14	106420914	106421300	LTR/ERVL-MaLR	974	-	193	106421107	7663
chr14	106413444	106613444	harbor2	chr14	106426756	106427152	LTR/ERVL-MaLR	1856	-	198	106426954	13510
chr14	106413444	106613444	harbor2	chr14	106431754	106432115	LTR/ERVL-MaLR	1752	-	180	106431934	18490
chr14	106413444	106613444	harbor2	chr14	106452837	106453190	LTR/ERVL-MaLR	1427	-	176	106453013	39569
chr14	106413444	106613444	harbor2	chr14	106453209	106453371	LTR/ERVL-MaLR	2936	-	81	106453290	39846
chr14	106413444	106613444	harbor2	chr14	106453659	106454242	LTR/ERVL-MaLR	2936	-	292	106453951	40507
chr14	106413444	106613444	harbor2	chr14	106454988	106455363	LTR/ERVL-MaLR	1487	-	188	106455176	41732
chr14	106413444	106613444	harbor2	chr14	106484153	106484610	LTR/ERVL-MaLR	1554	-	228	106484381	70937
chr14	106413444	106613444	harbor2	chr14	106430293	106430990	LTR/ERVL-MaLR	2879	-	348	106430641	17197
chr14	88834696	89034696	harbor2	chr14	88882586	88882911	LTR/ERVL-MaLR	1758	-	162	88882748	48052
chr14	88834696	89034696	harbor2	chr14	88884075	88884932	LTR/ERVL-MaLR	5908	-	428	88884503	49807
chr14	88834696	89034696	harbor2	chr14	88884933	88885283	LTR/ERVL-MaLR	1963	-	175	88885108	50412
chr14	88834696	89034696	harbor2	chr14	88893665	88894023	LTR/ERVL-MaLR	2455	-	179	88893844	59148
chr14	88834696	89034696	harbor2	chr14	88894459	88894637	LTR/ERVL-MaLR	685	-	89	88894548	59852
chr14	88834696	89034696	harbor2	chr14	88894814	88894973	LTR/ERVL-MaLR	656	-	80	88894894	60198
chr14	88834696	89034696	harbor2	chr14	88897739	88898163	LTR/ERVL-MaLR	2652	-	212	88897951	63255
chr14	88834696	89034696	harbor2	chr14	88904886	88905325	LTR/ERVL-MaLR	499	-	220	88905106	70410
chr14	88834696	89034696	harbor2	chr14	88906781	88907050	LTR/ERVL-MaLR	1422	-	134	88906915	72219
chr14	88834696	89034696	harbor2	chr14	88907362	88907422	LTR/ERVL-MaLR	1422	-	30	88907392	72696
chr14	88834696	89034696	harbor2	chr14	88928340	88928712	LTR/ERVL-MaLR	2501	-	186	88928526	93830
chr14	88834696	89034696	harbor2	chr14	88882912	88883562	LTR/ERVL-MaLR	4615	-	325	88883237	48541
chr14	89174047	89374047	harbor2	chr14	89234189	89234407	LTR/ERVL-MaLR	811	-	109	89234298	60251
chr14	89174047	89374047	harbor2	chr14	89264174	89264539	LTR/ERVL-MaLR	2159	-	182	89264356	90309
chr14	89174047	89374047	harbor2	chr14	89266114	89266522	LTR/ERVL-MaLR	1592	-	204	89266318	92271
chr14	106165461	106365461	harbor2	chr14	106167662	106168301	LTR/ERVL-MaLR	3742	-	320	106167982	2521
chr14	106165461	106365461	harbor2	chr14	106192537	106192954	LTR/ERVL-MaLR	1890	-	208	106192745	27284
chr14	106165461	106365461	harbor2	chr14	106192968	106193706	LTR/ERVL-MaLR	3504	-	369	106193337	27876
chr14	106165461	106365461	harbor2	chr14	106194475	106194562	LTR/ERVL-MaLR	477	-	44	106194519	29058
chr14	106165461	106365461	harbor2	chr14	106223632	106224018	LTR/ERVL-MaLR	588	-	193	106223825	58364
chr14	106165461	106365461	harbor2	chr14	106224509	106224890	LTR/ERVL-MaLR	1350	-	190	106224699	59238
chr14	106165461	106365461	harbor2	chr14	106224974	106226424	LTR/ERVL-MaLR	3102	-	725	106225699	60238
chr14	106165461	106365461	harbor2	chr14	106226427	106226879	LTR/ERVL-MaLR	1754	-	226	106226653	61192
chr14	106165461	106365461	harbor2	chr14	106229081	106229444	LTR/ERVL-MaLR	985	-	182	106229263	63802
chr14	106165461	106365461	harbor2	chr14	106254026	106254378	LTR/ERVL-MaLR	2545	-	176	106254202	88741
chr14	94009966	94209966	harbor2	chr14	94014411	94015049	LTR/ERVL-MaLR	787	-	319	94014730	4764
chr14	94009966	94209966	harbor2	chr14	94021263	94021828	LTR/ERVL-MaLR	2122	-	282	94021545	11579
chr14	94009966	94209966	harbor2	chr14	94029280	94029712	LTR/ERVL-MaLR	2486	-	216	94029496	19530
chr14	94009966	94209966	harbor2	chr14	94095445	94095860	LTR/ERVL-MaLR	2536	-	208	94095653	85687
chr14	94009966	94209966	harbor2	chr14	94098128	94098579	LTR/ERVL-MaLR	2076	-	226	94098354	88388
chr14	94009966	94209966	harbor2	chr14	94105946	94106304	LTR/ERVL-MaLR	1810	-	179	94106125	96159
chr14	94009966	94209966	harbor2	chr14	94106610	94107004	LTR/ERVL-MaLR	1834	-	197	94106807	96841
chr14	61078531	61278531	harbor2	chr14	61104356	61104722	LTR/ERVL-MaLR	1939	-	183	61104539	26008
chr14	61078531	61278531	harbor2	chr14	61106216	61106488	LTR/ERVL-MaLR	608	-	136	61106352	27821
chr14	61078531	61278531	harbor2	chr14	61106794	61106870	LTR/ERVL-MaLR	608	-	38	61106832	28301
chr14	61078531	61278531	harbor2	chr14	61143335	61143679	LTR/ERVL-MaLR	2141	-	172	61143507	64976
chr14	61078531	61278531	harbor2	chr14	61143680	61144418	LTR/ERVL-MaLR	5836	-	369	61144049	65518
chr14	61078531	61278531	harbor2	chr14	61144419	61144561	LTR/ERVL-MaLR	1075	-	71	61144490	65959
chr14	61078531	61278531	harbor2	chr14	61144562	61144883	LTR/ERVL-MaLR	1911	-	160	61144722	66191
chr14	39852683	40052683	harbor2	chr14	39872983	39873380	LTR/ERVL-MaLR	502	-	198	39873181	20498
chr14	39852683	40052683	harbor2	chr14	39907997	39908261	LTR/ERVL-MaLR	1120	-	132	39908129	55446
chr14	39852683	40052683	harbor2	chr14	39908527	39908697	LTR/ERVL-MaLR	1120	-	85	39908612	55929
chr14	39852683	40052683	harbor2	chr14	39919525	39919871	LTR/ERVL-MaLR	1475	-	173	39919698	67015
chr14	39852683	40052683	harbor2	chr14	39921248	39921447	LTR/ERVL-MaLR	887	-	100	39921348	68665
chr14	39852683	40052683	harbor2	chr14	39925134	39925317	LTR/ERVL-MaLR	809	-	92	39925226	72543
chr14	39852683	40052683	harbor2	chr14	39941023	39941532	LTR/ERVL-MaLR	2500	-	254	39941277	88594
chr14	39852683	40052683	harbor2	chr14	39947806	39948028	LTR/ERVL-MaLR	507	-	111	39947917	95234
chr14	102343438	102543438	harbor2	chr14	102380349	102380636	LTR/ERVL-MaLR	1313	-	144	102380493	37055
chr14	102343438	102543438	harbor2	chr14	102384258	102384395	LTR/ERVL-MaLR	639	-	68	102384326	40888
chr14	102343438	102543438	harbor2	chr14	102385214	102385431	LTR/ERVL-MaLR	1151	-	108	102385322	41884
chr14	79056172	79256172	harbor2	chr14	79065520	79065794	LTR/ERVL-MaLR	1257	-	137	79065657	9485
chr14	79056172	79256172	harbor2	chr14	79067676	79067825	LTR/ERVL-MaLR	629	-	74	79067750	11578
chr14	79056172	79256172	harbor2	chr14	79076250	79076775	LTR/ERVL-MaLR	2067	-	262	79076512	20340
chr14	79056172	79256172	harbor2	chr14	79098779	79099159	LTR/ERVL-MaLR	664	-	190	79098969	42797
chr14	79056172	79256172	harbor2	chr14	79152460	79152814	LTR/ERVL-MaLR	2135	-	177	79152637	96465
chr14	86274117	86474117	harbor2	chr14	86277321	86277457	LTR/ERVL-MaLR	771	-	68	86277389	3272
chr14	86274117	86474117	harbor2	chr14	86277459	86277769	LTR/ERVL-MaLR	1079	-	155	86277614	3497
chr14	86274117	86474117	harbor2	chr14	86320377	86320734	LTR/ERVL-MaLR	2385	-	178	86320555	46438
chr14	86274117	86474117	harbor2	chr14	86334420	86334803	LTR/ERVL-MaLR	1483	-	192	86334612	60495
chr14	86274117	86474117	harbor2	chr14	86363051	86363407	LTR/ERVL-MaLR	2192	-	178	86363229	89112
chr14	87964188	88164188	harbor2	chr14	88001548	88001726	LTR/ERVL-MaLR	1047	-	89	88001637	37449
chr14	87964188	88164188	harbor2	chr14	88002018	88002445	LTR/ERVL-MaLR	2338	-	214	88002232	38044
chr14	87964188	88164188	harbor2	chr14	88022755	88023188	LTR/ERVL-MaLR	932	-	216	88022971	58783
chr14	104940505	105140505	harbor2	chr14	104983631	104984031	LTR/ERVL-MaLR	1378	-	200	104983831	43326
chr14	104940505	105140505	harbor2	chr14	105023112	105023417	LTR/ERVL-MaLR	1930	-	152	105023264	82759
chr14	104940505	105140505	harbor2	chr14	105030777	105031149	LTR/ERVL-MaLR	2127	-	186	105030963	90458
chr14	94390701	94590701	harbor2	chr14	94420790	94421138	LTR/ERVL-MaLR	1518	-	174	94420964	30263
chr14	98483380	98683380	harbor2	chr14	98484370	98484732	LTR/ERVL-MaLR	1132	-	181	98484551	1171
chr14	98483380	98683380	harbor2	chr14	98486784	98487346	LTR/ERVL-MaLR	1236	-	281	98487065	3685
chr14	98483380	98683380	harbor2	chr14	98530719	98531087	LTR/ERVL-MaLR	542	-	184	98530903	47523
chr14	98483380	98683380	harbor2	chr14	98533792	98534298	LTR/ERVL-MaLR	1773	-	253	98534045	50665
chr14	98483380	98683380	harbor2	chr14	98559263	98559612	LTR/ERVL-MaLR	2153	-	174	98559437	76057
chr14	98483380	98683380	harbor2	chr14	98572095	98572328	LTR/ERVL-MaLR	512	-	116	98572211	88831
chr14	106765419	106965419	harbor2	chr14	106784287	106784705	LTR/ERVL-MaLR	1732	-	209	106784496	19077
chr14	106765419	106965419	harbor2	chr14	106784711	106785448	LTR/ERVL-MaLR	2331	-	368	106785079	19660
chr14	106765419	106965419	harbor2	chr14	106786221	106786581	LTR/ERVL-MaLR	1399	-	180	106786401	20982
chr14	106765419	106965419	harbor2	chr14	106804638	106804989	LTR/ERVL-MaLR	1116	-	176	106804814	39395
chr14	65811169	66011169	harbor2	chr14	65863691	65864186	LTR/ERVL-MaLR	2288	-	248	65863939	52770
chr14	65811169	66011169	harbor2	chr14	65910931	65911254	LTR/ERVL-MaLR	1784	-	162	65911093	99924
chr14	100905820	101105820	harbor2	chr14	100929096	100929624	LTR/ERVL-MaLR	2566	-	264	100929360	23540
chr14	74720793	74920793	harbor2	chr14	74745388	74745596	LTR/ERVL-MaLR	1967	-	104	74745492	24699
chr14	74720793	74920793	harbor2	chr14	74745882	74746043	LTR/ERVL-MaLR	1967	-	80	74745962	25169
chr14	74720793	74920793	harbor2	chr14	74749164	74749375	LTR/ERVL-MaLR	833	-	106	74749270	28477
chr14	74720793	74920793	harbor2	chr14	74749680	74749747	LTR/ERVL-MaLR	833	-	34	74749714	28921
chr14	74720793	74920793	harbor2	chr14	74751777	74752167	LTR/ERVL-MaLR	2286	-	195	74751972	31179
chr14	74720793	74920793	harbor2	chr14	74760429	74760861	LTR/ERVL-MaLR	2174	-	216	74760645	39852
chr14	74720793	74920793	harbor2	chr14	74795925	74796182	LTR/ERVL-MaLR	719	-	128	74796053	75260
chr14	83457160	83657160	harbor2	chr14	83460350	83460715	LTR/ERVL-MaLR	2488	-	182	83460532	3372
chr14	83457160	83657160	harbor2	chr14	83491088	83491446	LTR/ERVL-MaLR	1459	-	179	83491267	34107
chr14	83457160	83657160	harbor2	chr14	83493633	83493945	LTR/ERVL-MaLR	1426	-	156	83493789	36629
chr14	83457160	83657160	harbor2	chr14	83527517	83527855	LTR/ERVL-MaLR	2442	-	169	83527686	70526
chr14	83457160	83657160	harbor2	chr14	83542861	83543421	LTR/ERVL-MaLR	1510	-	280	83543141	85981
chr14	83457160	83657160	harbor2	chr14	83548597	83549214	LTR/ERVL-MaLR	2027	-	308	83548905	91745
chr14	104658237	104858237	harbor2	chr14	104674646	104674686	LTR/ERVL-MaLR	1887	-	20	104674666	16429
chr14	104658237	104858237	harbor2	chr14	104674984	104675291	LTR/ERVL-MaLR	1887	-	154	104675138	16901
chr14	80222000	80422000	harbor2	chr14	80235436	80235628	LTR/ERVL-MaLR	2146	-	96	80235532	13532
chr14	80222000	80422000	harbor2	chr14	80235982	80236155	LTR/ERVL-MaLR	2146	-	86	80236068	14068
chr14	80222000	80422000	harbor2	chr14	80236156	80236852	LTR/ERVL-MaLR	10681	-	348	80236504	14504
chr14	80222000	80422000	harbor2	chr14	80237155	80238015	LTR/ERVL-MaLR	10681	-	430	80237585	15585
chr14	80222000	80422000	harbor2	chr14	80238017	80238384	LTR/ERVL-MaLR	2061	-	184	80238201	16201
chr14	80222000	80422000	harbor2	chr14	80293155	80293518	LTR/ERVL-MaLR	2078	-	182	80293337	71337
chr14	80222000	80422000	harbor2	chr14	80319488	80319850	LTR/ERVL-MaLR	2496	-	181	80319669	97669
chr14	55825765	56025765	harbor2	chr14	55843409	55843800	LTR/ERVL-MaLR	879	-	196	55843605	17840
chr14	55825765	56025765	harbor2	chr14	55857519	55857923	LTR/ERVL-MaLR	1191	-	202	55857721	31956
chr14	55825765	56025765	harbor2	chr14	55899676	55899804	LTR/ERVL-MaLR	932	-	64	55899740	73975
chr14	55825765	56025765	harbor2	chr14	55900960	55901250	LTR/ERVL-MaLR	932	-	145	55901105	75340
chr14	55825765	56025765	harbor2	chr14	55905388	55905678	LTR/ERVL-MaLR	1572	-	145	55905533	79768
chr14	55825765	56025765	harbor2	chr14	55905858	55906034	LTR/ERVL-MaLR	708	-	88	55905946	80181
chr14	55825765	56025765	harbor2	chr14	55906832	55907386	LTR/ERVL-MaLR	1533	-	277	55907109	81344
chr14	55825765	56025765	harbor2	chr14	55914590	55915088	LTR/ERVL-MaLR	924	-	249	55914839	89074
chr14	55825765	56025765	harbor2	chr14	55924830	55925228	LTR/ERVL-MaLR	811	-	199	55925029	99264
chr14	106536935	106736935	harbor2	chr14	106553060	106553436	LTR/ERVL-MaLR	2310	-	188	106553248	16313
chr14	106536935	106736935	harbor2	chr14	106605139	106605452	LTR/ERVL-MaLR	791	-	156	106605295	68360
chr14	106536935	106736935	harbor2	chr14	106615304	106615664	LTR/ERVL-MaLR	2110	-	180	106615484	78549
chr14	106536935	106736935	harbor2	chr14	106615667	106616276	LTR/ERVL-MaLR	3874	-	304	106615971	79036
chr14	106536935	106736935	harbor2	chr14	106626457	106626845	LTR/ERVL-MaLR	902	-	194	106626651	89716
chr14	83269944	83469944	harbor2	chr14	83298015	83298399	LTR/ERVL-MaLR	2372	-	192	83298207	28263
chr14	83269944	83469944	harbor2	chr14	83298473	83298836	LTR/ERVL-MaLR	1780	-	182	83298655	28711
chr14	83269944	83469944	harbor2	chr14	83364732	83365123	LTR/ERVL-MaLR	1892	-	196	83364928	94984
chr14	102306153	102506153	harbor2	chr14	102326918	102327146	LTR/ERVL-MaLR	2298	-	114	102327032	20879
chr14	102306153	102506153	harbor2	chr14	102327441	102327616	LTR/ERVL-MaLR	2298	-	88	102327529	21376
chr14	102306153	102506153	harbor2	chr14	102380349	102380636	LTR/ERVL-MaLR	1313	-	144	102380493	74340
chr14	102306153	102506153	harbor2	chr14	102384258	102384395	LTR/ERVL-MaLR	639	-	68	102384326	78173
chr14	102306153	102506153	harbor2	chr14	102385214	102385431	LTR/ERVL-MaLR	1151	-	108	102385322	79169
chr14	96717236	96917236	harbor2	chr14	96717398	96717519	LTR/ERVL-MaLR	1938	-	60	96717458	222
chr14	96717236	96917236	harbor2	chr14	96717824	96718206	LTR/ERVL-MaLR	1938	-	191	96718015	779
chr14	96717236	96917236	harbor2	chr14	96724582	96725073	LTR/ERVL-MaLR	2049	-	246	96724828	7592
chr14	96717236	96917236	harbor2	chr14	96732695	96733142	LTR/ERVL-MaLR	1320	-	224	96732919	15683
chr14	96717236	96917236	harbor2	chr14	96752838	96752971	LTR/ERVL-MaLR	1683	-	66	96752904	35668
chr14	96717236	96917236	harbor2	chr14	96753487	96753819	LTR/ERVL-MaLR	1683	-	166	96753653	36417
chr14	96717236	96917236	harbor2	chr14	96757896	96758183	LTR/ERVL-MaLR	548	-	144	96758040	40804
chr14	96717236	96917236	harbor2	chr14	96762792	96762973	LTR/ERVL-MaLR	506	-	90	96762882	45646
chr14	96717236	96917236	harbor2	chr14	96769447	96769865	LTR/ERVL-MaLR	2132	-	209	96769656	52420
chr14	96717236	96917236	harbor2	chr14	96774460	96774622	LTR/ERVL-MaLR	2108	-	81	96774541	57305
chr14	96717236	96917236	harbor2	chr14	96774922	96775136	LTR/ERVL-MaLR	2108	-	107	96775029	57793
chr14	96717236	96917236	harbor2	chr14	96775268	96775700	LTR/ERVL-MaLR	2127	-	216	96775484	58248
chr14	96717236	96917236	harbor2	chr14	96776837	96777013	LTR/ERVL-MaLR	706	-	88	96776925	59689
chr14	96717236	96917236	harbor2	chr14	96777103	96777269	LTR/ERVL-MaLR	914	-	83	96777186	59950
chr14	96717236	96917236	harbor2	chr14	96777463	96777653	LTR/ERVL-MaLR	914	-	95	96777558	60322
chr14	96717236	96917236	harbor2	chr14	96780541	96780844	LTR/ERVL-MaLR	835	-	152	96780693	63457
chr14	96717236	96917236	harbor2	chr14	96788254	96788639	LTR/ERVL-MaLR	1810	-	192	96788446	71210
chr14	96717236	96917236	harbor2	chr14	96793038	96793348	LTR/ERVL-MaLR	1898	-	155	96793193	75957
chr14	96717236	96917236	harbor2	chr14	96808792	96809354	LTR/ERVL-MaLR	1383	-	281	96809073	91837
chr14	106146599	106346599	harbor2	chr14	106167662	106168301	LTR/ERVL-MaLR	3742	-	320	106167982	21383
chr14	106146599	106346599	harbor2	chr14	106192537	106192954	LTR/ERVL-MaLR	1890	-	208	106192745	46146
chr14	106146599	106346599	harbor2	chr14	106192968	106193706	LTR/ERVL-MaLR	3504	-	369	106193337	46738
chr14	106146599	106346599	harbor2	chr14	106194475	106194562	LTR/ERVL-MaLR	477	-	44	106194519	47920
chr14	106146599	106346599	harbor2	chr14	106223632	106224018	LTR/ERVL-MaLR	588	-	193	106223825	77226
chr14	106146599	106346599	harbor2	chr14	106224509	106224890	LTR/ERVL-MaLR	1350	-	190	106224699	78100
chr14	106146599	106346599	harbor2	chr14	106224974	106226424	LTR/ERVL-MaLR	3102	-	725	106225699	79100
chr14	106146599	106346599	harbor2	chr14	106226427	106226879	LTR/ERVL-MaLR	1754	-	226	106226653	80054
chr14	106146599	106346599	harbor2	chr14	106229081	106229444	LTR/ERVL-MaLR	985	-	182	106229263	82664
chr14	93112809	93312809	harbor2	chr14	93124872	93125226	LTR/ERVL-MaLR	2752	-	177	93125049	12240
chr14	93112809	93312809	harbor2	chr14	93126314	93126355	LTR/ERVL-MaLR	2045	-	20	93126334	13525
chr14	93112809	93312809	harbor2	chr14	93126668	93126690	LTR/ERVL-MaLR	2045	-	11	93126679	13870
chr14	93112809	93312809	harbor2	chr14	93126990	93127018	LTR/ERVL-MaLR	2045	-	14	93127004	14195
chr14	93112809	93312809	harbor2	chr14	93127316	93127495	LTR/ERVL-MaLR	2045	-	90	93127406	14597
chr14	93112809	93312809	harbor2	chr14	93127797	93127997	LTR/ERVL-MaLR	2045	-	100	93127897	15088
chr14	101705393	101905393	harbor2	chr14	101714377	101714727	LTR/ERVL-MaLR	1631	-	175	101714552	9159
chr14	101705393	101905393	harbor2	chr14	101716093	101716174	LTR/ERVL-MaLR	531	-	40	101716133	10740
chr14	101705393	101905393	harbor2	chr14	101717771	101718124	LTR/ERVL-MaLR	1563	-	176	101717947	12554
chr14	101705393	101905393	harbor2	chr14	101733150	101733666	LTR/ERVL-MaLR	1195	-	258	101733408	28015
chr14	101705393	101905393	harbor2	chr14	101740076	101740441	LTR/ERVL-MaLR	2093	-	182	101740258	34865
chr14	101705393	101905393	harbor2	chr14	101740442	101742035	LTR/ERVL-MaLR	11693	-	796	101741238	35845
chr14	101705393	101905393	harbor2	chr14	101742348	101742391	LTR/ERVL-MaLR	11693	-	22	101742370	36977
chr14	101705393	101905393	harbor2	chr14	101742393	101742768	LTR/ERVL-MaLR	2162	-	188	101742581	37188
chr14	101705393	101905393	harbor2	chr14	101757919	101758333	LTR/ERVL-MaLR	2600	-	207	101758126	52733
chr14	101705393	101905393	harbor2	chr14	101784326	101784697	LTR/ERVL-MaLR	2161	-	186	101784512	79119
chr14	101705393	101905393	harbor2	chr14	101785260	101785756	LTR/ERVL-MaLR	2050	-	248	101785508	80115
chr14	104132515	104332515	harbor2	chr14	104200286	104200570	LTR/ERVL-MaLR	894	-	142	104200428	67913
chr14	104132515	104332515	harbor2	chr14	104213780	104214160	LTR/ERVL-MaLR	447	-	190	104213970	81455
chr14	104132515	104332515	harbor2	chr14	104227706	104227936	LTR/ERVL-MaLR	457	-	115	104227821	95306
chr14	103901865	104101865	harbor2	chr14	103979335	103979694	LTR/ERVL-MaLR	1331	-	180	103979515	77650
chr14	103901865	104101865	harbor2	chr14	103993441	103993863	LTR/ERVL-MaLR	1740	-	211	103993652	91787
chr14	72289946	72489946	harbor2	chr14	72294499	72294914	LTR/ERVL-MaLR	2642	-	208	72294707	4761
chr14	72289946	72489946	harbor2	chr14	72301551	72301982	LTR/ERVL-MaLR	2084	-	216	72301767	11821
chr14	72289946	72489946	harbor2	chr14	72314262	72314478	LTR/ERVL-MaLR	444	-	108	72314370	24424
chr14	72289946	72489946	harbor2	chr14	72336679	72337089	LTR/ERVL-MaLR	1985	-	205	72336884	46938
chr14	72289946	72489946	harbor2	chr14	72338189	72338555	LTR/ERVL-MaLR	2032	-	183	72338372	48426
chr14	72289946	72489946	harbor2	chr14	72341059	72341440	LTR/ERVL-MaLR	2189	-	190	72341249	51303
chr14	72289946	72489946	harbor2	chr14	72343084	72343596	LTR/ERVL-MaLR	2753	-	256	72343340	53394
chr14	72289946	72489946	harbor2	chr14	72354143	72354343	LTR/ERVL-MaLR	1333	-	100	72354243	64297
chr14	72289946	72489946	harbor2	chr14	72354640	72354791	LTR/ERVL-MaLR	1333	-	76	72354716	64770
chr14	72289946	72489946	harbor2	chr14	72362336	72362871	LTR/ERVL-MaLR	1094	-	268	72362604	72658
chr14	72289946	72489946	harbor2	chr14	72387738	72388126	LTR/ERVL-MaLR	2578	-	194	72387932	97986
chr14	72289946	72489946	harbor2	chr14	72368040	72368463	LTR/ERVL-MaLR	1091	-	212	72368252	78306
chr14	95531670	95731670	harbor2	chr14	95560266	95560332	LTR/ERVL-MaLR	1803	-	33	95560299	28629
chr14	95531670	95731670	harbor2	chr14	95560618	95560924	LTR/ERVL-MaLR	1803	-	153	95560771	29101
chr14	95531670	95731670	harbor2	chr14	95580385	95580697	LTR/ERVL-MaLR	2285	-	156	95580541	48871
chr14	95531670	95731670	harbor2	chr14	95583139	95583497	LTR/ERVL-MaLR	2393	-	179	95583318	51648
chr14	95531670	95731670	harbor2	chr14	95585077	95585406	LTR/ERVL-MaLR	2532	-	164	95585241	53571
chr14	95531670	95731670	harbor2	chr14	95600087	95600374	LTR/ERVL-MaLR	1436	-	144	95600231	68561
chr14	95531670	95731670	harbor2	chr14	95600783	95601325	LTR/ERVL-MaLR	2043	-	271	95601054	69384
chr14	95531670	95731670	harbor2	chr14	95607179	95607299	LTR/ERVL-MaLR	441	-	60	95607239	75569
chr14	95531670	95731670	harbor2	chr14	95618612	95619060	LTR/ERVL-MaLR	1643	-	224	95618836	87166
chr14	95531670	95731670	harbor2	chr14	95623806	95624135	LTR/ERVL-MaLR	1884	-	164	95623970	92300
chr14	95531670	95731670	harbor2	chr14	95625761	95626114	LTR/ERVL-MaLR	2052	-	176	95625937	94267
chr14	95531670	95731670	harbor2	chr14	95628846	95629325	LTR/ERVL-MaLR	1995	-	240	95629086	97416
chr14	95531670	95731670	harbor2	chr14	95583498	95585076	LTR/ERVL-MaLR	12053	-	789	95584287	52617
chr14	101711565	101911565	harbor2	chr14	101714377	101714727	LTR/ERVL-MaLR	1631	-	175	101714552	2987
chr14	101711565	101911565	harbor2	chr14	101716093	101716174	LTR/ERVL-MaLR	531	-	40	101716133	4568
chr14	101711565	101911565	harbor2	chr14	101717771	101718124	LTR/ERVL-MaLR	1563	-	176	101717947	6382
chr14	101711565	101911565	harbor2	chr14	101733150	101733666	LTR/ERVL-MaLR	1195	-	258	101733408	21843
chr14	101711565	101911565	harbor2	chr14	101740076	101740441	LTR/ERVL-MaLR	2093	-	182	101740258	28693
chr14	101711565	101911565	harbor2	chr14	101740442	101742035	LTR/ERVL-MaLR	11693	-	796	101741238	29673
chr14	101711565	101911565	harbor2	chr14	101742348	101742391	LTR/ERVL-MaLR	11693	-	22	101742370	30805
chr14	101711565	101911565	harbor2	chr14	101742393	101742768	LTR/ERVL-MaLR	2162	-	188	101742581	31016
chr14	101711565	101911565	harbor2	chr14	101757919	101758333	LTR/ERVL-MaLR	2600	-	207	101758126	46561
chr14	101711565	101911565	harbor2	chr14	101784326	101784697	LTR/ERVL-MaLR	2161	-	186	101784512	72947
chr14	101711565	101911565	harbor2	chr14	101785260	101785756	LTR/ERVL-MaLR	2050	-	248	101785508	73943
chr14	33572273	33772273	harbor2	chr14	33607702	33608070	LTR/ERVL-MaLR	2480	-	184	33607886	35613
chr14	102095574	102295574	harbor2	chr14	102111491	102111566	LTR/ERVL-MaLR	547	-	38	102111529	15955
chr14	102095574	102295574	harbor2	chr14	102154203	102154555	LTR/ERVL-MaLR	2066	-	176	102154379	58805
chr14	85532163	85732163	harbor2	chr14	85555293	85555656	LTR/ERVL-MaLR	2108	-	182	85555475	23312
chr14	85532163	85732163	harbor2	chr14	85556821	85557173	LTR/ERVL-MaLR	2476	-	176	85556997	24834
chr14	85532163	85732163	harbor2	chr14	85563358	85563736	LTR/ERVL-MaLR	2040	-	189	85563547	31384
chr14	85532163	85732163	harbor2	chr14	85607789	85608192	LTR/ERVL-MaLR	2124	-	202	85607991	75828
chr14	39919423	40119423	harbor2	chr14	39919525	39919871	LTR/ERVL-MaLR	1475	-	173	39919698	275
chr14	39919423	40119423	harbor2	chr14	39921248	39921447	LTR/ERVL-MaLR	887	-	100	39921348	1925
chr14	39919423	40119423	harbor2	chr14	39925134	39925317	LTR/ERVL-MaLR	809	-	92	39925226	5803
chr14	39919423	40119423	harbor2	chr14	39941023	39941532	LTR/ERVL-MaLR	2500	-	254	39941277	21854
chr14	39919423	40119423	harbor2	chr14	39947806	39948028	LTR/ERVL-MaLR	507	-	111	39947917	28494
chr14	39919423	40119423	harbor2	chr14	39979570	39980019	LTR/ERVL-MaLR	1057	-	224	39979794	60371
chr14	39919423	40119423	harbor2	chr14	39996379	39996547	LTR/ERVL-MaLR	1095	-	84	39996463	77040
chr14	39919423	40119423	harbor2	chr14	40004788	40005320	LTR/ERVL-MaLR	2137	-	266	40005054	85631
chr14	39919423	40119423	harbor2	chr14	40012484	40012836	LTR/ERVL-MaLR	2134	-	176	40012660	93237
chr14	39919423	40119423	harbor2	chr14	40017786	40018132	LTR/ERVL-MaLR	2065	-	173	40017959	98536
chr14	80432504	80632504	harbor2	chr14	80463916	80464300	LTR/ERVL-MaLR	2027	-	192	80464108	31604
chr14	80432504	80632504	harbor2	chr14	80464301	80464387	LTR/ERVL-MaLR	497	-	43	80464344	31840
chr14	80432504	80632504	harbor2	chr14	80473043	80474476	LTR/ERVL-MaLR	8936	-	716	80473759	41255
chr14	80432504	80632504	harbor2	chr14	80474477	80474870	LTR/ERVL-MaLR	2188	-	196	80474673	42169
chr14	80432504	80632504	harbor2	chr14	80479319	80479661	LTR/ERVL-MaLR	2372	-	171	80479490	46986
chr14	80432504	80632504	harbor2	chr14	80479662	80481123	LTR/ERVL-MaLR	10469	-	730	80480392	47888
chr14	80432504	80632504	harbor2	chr14	80481124	80481478	LTR/ERVL-MaLR	2595	-	177	80481301	48797
chr14	80432504	80632504	harbor2	chr14	80508856	80509150	LTR/ERVL-MaLR	1723	-	147	80509003	76499
chr14	87842599	88042599	harbor2	chr14	87860500	87860914	LTR/ERVL-MaLR	2546	-	207	87860707	18108
chr14	87842599	88042599	harbor2	chr14	87872192	87872553	LTR/ERVL-MaLR	2933	-	180	87872372	29773
chr14	87842599	88042599	harbor2	chr14	87885169	87885529	LTR/ERVL-MaLR	2486	-	180	87885349	42750
chr14	87842599	88042599	harbor2	chr14	87892488	87892857	LTR/ERVL-MaLR	1717	-	184	87892672	50073
chr14	87842599	88042599	harbor2	chr14	87922567	87923011	LTR/ERVL-MaLR	2107	-	222	87922789	80190
chr14	70560515	70760515	harbor2	chr14	70581210	70581667	LTR/ERVL-MaLR	2181	-	228	70581438	20923
chr14	70560515	70760515	harbor2	chr14	70634114	70634257	LTR/ERVL-MaLR	415	-	72	70634186	73671
chr14	40995967	41195967	harbor2	chr14	41010455	41010819	LTR/ERVL-MaLR	1397	-	182	41010637	14670
chr14	40995967	41195967	harbor2	chr14	41034091	41034333	LTR/ERVL-MaLR	721	-	121	41034212	38245
chr14	40995967	41195967	harbor2	chr14	41071595	41071993	LTR/ERVL-MaLR	1644	-	199	41071794	75827
chr14	91800823	92000823	harbor2	chr14	91809936	91810344	LTR/ERVL-MaLR	2456	-	204	91810140	9317
chr14	91800823	92000823	harbor2	chr14	91827219	91827731	LTR/ERVL-MaLR	2730	-	256	91827475	26652
chr14	91800823	92000823	harbor2	chr14	91845908	91846065	LTR/ERVL-MaLR	551	-	78	91845986	45163
chr14	91800823	92000823	harbor2	chr14	91848038	91848207	LTR/ERVL-MaLR	492	-	84	91848122	47299
chr14	91800823	92000823	harbor2	chr14	91855244	91855690	LTR/ERVL-MaLR	1826	-	223	91855467	54644
chr14	62055953	62255953	harbor2	chr14	62090732	62091087	LTR/ERVL-MaLR	2537	-	178	62090910	34957
chr14	62055953	62255953	harbor2	chr14	62094158	62094646	LTR/ERVL-MaLR	886	-	244	62094402	38449
chr14	62055953	62255953	harbor2	chr14	62113169	62113551	LTR/ERVL-MaLR	819	-	191	62113360	57407
chr14	62055953	62255953	harbor2	chr14	62134789	62135145	LTR/ERVL-MaLR	2105	-	178	62134967	79014
chr14	62055953	62255953	harbor2	chr14	62135146	62136742	LTR/ERVL-MaLR	10870	-	798	62135944	79991
chr14	62055953	62255953	harbor2	chr14	62136743	62137091	LTR/ERVL-MaLR	2122	-	174	62136917	80964
chr14	79464095	79664095	harbor2	chr14	79470245	79470614	LTR/ERVL-MaLR	1646	-	184	79470429	6334
chr14	79464095	79664095	harbor2	chr14	79505279	79505615	LTR/ERVL-MaLR	712	-	168	79505447	41352
chr14	79464095	79664095	harbor2	chr14	79505787	79506265	LTR/ERVL-MaLR	1081	-	239	79506026	41931
chr14	79464095	79664095	harbor2	chr14	79540870	79541128	LTR/ERVL-MaLR	1065	-	129	79540999	76904
chr14	79464095	79664095	harbor2	chr14	79541413	79541568	LTR/ERVL-MaLR	1065	-	78	79541491	77396
chr14	79464095	79664095	harbor2	chr14	79545134	79545644	LTR/ERVL-MaLR	1380	-	255	79545389	81294
chr14	103342273	103542273	harbor2	chr14	103410111	103410431	LTR/ERVL-MaLR	873	-	160	103410271	67998
chr14	103647397	103847397	harbor2	chr14	103655887	103656245	LTR/ERVL-MaLR	692	-	179	103656066	8669
chr14	103647397	103847397	harbor2	chr14	103659754	103660114	LTR/ERVL-MaLR	1623	-	180	103659934	12537
chr14	61704763	61904763	harbor2	chr14	61755624	61755736	LTR/ERVL-MaLR	726	-	56	61755680	50917
chr14	61704763	61904763	harbor2	chr14	61756119	61756541	LTR/ERVL-MaLR	3050	-	211	61756330	51567
chr14	21814439	22014439	harbor2	chr14	21816713	21817241	LTR/ERVL-MaLR	3032	-	264	21816977	2538
chr14	21814439	22014439	harbor2	chr14	21817244	21817592	LTR/ERVL-MaLR	2152	-	174	21817418	2979
chr14	21814439	22014439	harbor2	chr14	21857523	21857890	LTR/ERVL-MaLR	1688	-	184	21857707	43268
chr14	21814439	22014439	harbor2	chr14	21870242	21870554	LTR/ERVL-MaLR	831	-	156	21870398	55959
chr14	21814439	22014439	harbor2	chr14	21910211	21910595	LTR/ERVL-MaLR	1732	-	192	21910403	95964
chr14	21814439	22014439	harbor2	chr14	21912044	21912370	LTR/ERVL-MaLR	1934	-	163	21912207	97768
chr14	21814439	22014439	harbor2	chr14	21912880	21912936	LTR/ERVL-MaLR	1934	-	28	21912908	98469
chr14	66173583	66373583	harbor2	chr14	66178039	66178522	LTR/ERVL-MaLR	1066	-	242	66178281	4698
chr14	66173583	66373583	harbor2	chr14	66214624	66214977	LTR/ERVL-MaLR	2284	-	176	66214800	41217
chr14	66173583	66373583	harbor2	chr14	66214978	66215752	LTR/ERVL-MaLR	5209	-	387	66215365	41782
chr14	66173583	66373583	harbor2	chr14	66226526	66226914	LTR/ERVL-MaLR	2405	-	194	66226720	53137
chr14	94647001	94847001	harbor2	chr14	94647607	94647950	LTR/ERVL-MaLR	2274	-	172	94647779	778
chr14	94647001	94847001	harbor2	chr14	94648327	94648571	LTR/ERVL-MaLR	1441	-	122	94648449	1448
chr14	94647001	94847001	harbor2	chr14	94648790	94648975	LTR/ERVL-MaLR	722	-	92	94648882	1881
chr14	94647001	94847001	harbor2	chr14	94679839	94680113	LTR/ERVL-MaLR	531	-	137	94679976	32975
chr14	94647001	94847001	harbor2	chr14	94681297	94681858	LTR/ERVL-MaLR	778	-	280	94681577	34576
chr14	94647001	94847001	harbor2	chr14	94731641	94731835	LTR/ERVL-MaLR	1302	-	97	94731738	84737
chr14	94647001	94847001	harbor2	chr14	94731867	94732024	LTR/ERVL-MaLR	1302	-	78	94731945	84944
chr14	105767117	105967117	harbor2	chr14	105777273	105777711	LTR/ERVL-MaLR	1846	-	219	105777492	10375
chr14	105767117	105967117	harbor2	chr14	105777712	105778067	LTR/ERVL-MaLR	2007	-	178	105777890	10773
chr14	105767117	105967117	harbor2	chr14	105784396	105784564	LTR/ERVL-MaLR	614	-	84	105784480	17363
chr14	105767117	105967117	harbor2	chr14	105785908	105786375	LTR/ERVL-MaLR	2655	-	234	105786142	19025
chr14	105767117	105967117	harbor2	chr14	105792803	105793134	LTR/ERVL-MaLR	1737	-	166	105792969	25852
chr14	105767117	105967117	harbor2	chr14	105796656	105797006	LTR/ERVL-MaLR	900	-	175	105796831	29714
chr14	105767117	105967117	harbor2	chr14	105797299	105797341	LTR/ERVL-MaLR	900	-	21	105797320	30203
chr14	105767117	105967117	harbor2	chr14	105804739	105805120	LTR/ERVL-MaLR	1324	-	190	105804929	37812
chr14	105767117	105967117	harbor2	chr14	105810869	105811277	LTR/ERVL-MaLR	2708	-	204	105811073	43956
chr14	105767117	105967117	harbor2	chr14	105811298	105811365	LTR/ERVL-MaLR	420	-	34	105811332	44215
chr14	105767117	105967117	harbor2	chr14	105819131	105819361	LTR/ERVL-MaLR	769	-	115	105819246	52129
chr14	105767117	105967117	harbor2	chr14	105835677	105836018	LTR/ERVL-MaLR	1311	-	170	105835847	68730
chr15	87162145	87362145	harbor2	chr15	87192864	87193224	LTR/ERVL-MaLR	1438	-	180	87193044	30899
chr15	87162145	87362145	harbor2	chr15	87215057	87215463	LTR/ERVL-MaLR	1109	-	203	87215260	53115
chr15	87162145	87362145	harbor2	chr15	87224832	87225447	LTR/ERVL-MaLR	2154	-	308	87225140	62995
chr15	93009396	93209396	harbor2	chr15	93018525	93018957	LTR/ERVL-MaLR	1513	-	216	93018741	9345
chr15	93009396	93209396	harbor2	chr15	93022097	93022479	LTR/ERVL-MaLR	2107	-	191	93022288	12892
chr15	93009396	93209396	harbor2	chr15	93098196	93098586	LTR/ERVL-MaLR	2021	-	195	93098391	88995
chr15	101253459	101453459	harbor2	chr15	101265290	101265571	LTR/ERVL-MaLR	1330	-	140	101265430	11971
chr15	101253459	101453459	harbor2	chr15	101265856	101265878	LTR/ERVL-MaLR	1330	-	11	101265867	12408
chr15	101253459	101453459	harbor2	chr15	101266266	101266417	LTR/ERVL-MaLR	1330	-	76	101266342	12883
chr15	101253459	101453459	harbor2	chr15	101309070	101309275	LTR/ERVL-MaLR	706	-	102	101309172	55713
chr15	91613666	91813666	harbor2	chr15	91617183	91617597	LTR/ERVL-MaLR	2123	-	207	91617390	3724
chr15	91613666	91813666	harbor2	chr15	91630428	91630810	LTR/ERVL-MaLR	2287	-	191	91630619	16953
chr15	91613666	91813666	harbor2	chr15	91639988	91640347	LTR/ERVL-MaLR	2295	-	180	91640168	26502
chr15	91613666	91813666	harbor2	chr15	91650784	91651192	LTR/ERVL-MaLR	1146	-	204	91650988	37322
chr15	91613666	91813666	harbor2	chr15	91662846	91663299	LTR/ERVL-MaLR	1252	-	226	91663072	49406
chr15	91613666	91813666	harbor2	chr15	91664214	91664407	LTR/ERVL-MaLR	422	-	96	91664310	50644
chr15	91613666	91813666	harbor2	chr15	91664695	91664836	LTR/ERVL-MaLR	566	-	70	91664765	51099
chr15	91613666	91813666	harbor2	chr15	91671337	91671752	LTR/ERVL-MaLR	1041	-	208	91671545	57879
chr15	91613666	91813666	harbor2	chr15	91682850	91683249	LTR/ERVL-MaLR	1584	-	200	91683050	69384
chr15	91613666	91813666	harbor2	chr15	91707910	91708256	LTR/ERVL-MaLR	1350	-	173	91708083	94417
chr15	91613666	91813666	harbor2	chr15	91713208	91713519	LTR/ERVL-MaLR	1678	-	156	91713364	99698
chr15	84950446	85150446	harbor2	chr15	84964493	84964880	LTR/ERVL-MaLR	871	-	194	84964687	14241
chr15	84950446	85150446	harbor2	chr15	84966538	84966877	LTR/ERVL-MaLR	2259	-	170	84966708	16262
chr15	84950446	85150446	harbor2	chr15	84968305	84968688	LTR/ERVL-MaLR	2041	-	192	84968497	18051
chr15	84950446	85150446	harbor2	chr15	84969967	84970440	LTR/ERVL-MaLR	1536	-	236	84970203	19757
chr15	84950446	85150446	harbor2	chr15	84973277	84973412	LTR/ERVL-MaLR	433	-	68	84973345	22899
chr15	84950446	85150446	harbor2	chr15	85003838	85004150	LTR/ERVL-MaLR	963	-	156	85003994	53548
chr15	84950446	85150446	harbor2	chr15	85013633	85014089	LTR/ERVL-MaLR	1570	-	228	85013861	63415
chr15	84950446	85150446	harbor2	chr15	85026134	85026669	LTR/ERVL-MaLR	1829	-	268	85026402	75956
chr15	48254419	48454419	harbor2	chr15	48256442	48256810	LTR/ERVL-MaLR	2593	-	184	48256626	2207
chr15	48254419	48454419	harbor2	chr15	48256811	48258079	LTR/ERVL-MaLR	10734	-	634	48257445	3026
chr15	48254419	48454419	harbor2	chr15	48258387	48258706	LTR/ERVL-MaLR	10734	-	160	48258547	4128
chr15	48254419	48454419	harbor2	chr15	48258707	48258961	LTR/ERVL-MaLR	948	-	127	48258834	4415
chr15	48254419	48454419	harbor2	chr15	48272758	48272825	LTR/ERVL-MaLR	1560	-	34	48272792	18373
chr15	48254419	48454419	harbor2	chr15	48273121	48273531	LTR/ERVL-MaLR	1560	-	205	48273326	18907
chr15	48254419	48454419	harbor2	chr15	48292522	48292899	LTR/ERVL-MaLR	1669	-	188	48292710	38291
chr15	48254419	48454419	harbor2	chr15	48310423	48310530	LTR/ERVL-MaLR	952	-	54	48310477	56058
chr15	48254419	48454419	harbor2	chr15	48310564	48310955	LTR/ERVL-MaLR	983	-	196	48310760	56341
chr15	48254419	48454419	harbor2	chr15	48311264	48311427	LTR/ERVL-MaLR	983	-	82	48311346	56927
chr15	48254419	48454419	harbor2	chr15	48343652	48343971	LTR/ERVL-MaLR	939	-	160	48343812	89393
chr15	48254419	48454419	harbor2	chr15	48347323	48347442	LTR/ERVL-MaLR	554	-	60	48347383	92964
chr15	100107270	100307270	harbor2	chr15	100147791	100148212	LTR/ERVL-MaLR	2109	-	210	100148001	40731
chr15	100107270	100307270	harbor2	chr15	100156897	100157262	LTR/ERVL-MaLR	2205	-	182	100157079	49809
chr15	100107270	100307270	harbor2	chr15	100182076	100182428	LTR/ERVL-MaLR	1996	-	176	100182252	74982
chr15	80240601	80440601	harbor2	chr15	80245359	80245706	LTR/ERVL-MaLR	860	-	174	80245533	4932
chr15	80240601	80440601	harbor2	chr15	80256767	80257255	LTR/ERVL-MaLR	876	-	244	80257011	16410
chr15	80240601	80440601	harbor2	chr15	80310744	80311128	LTR/ERVL-MaLR	2429	-	192	80310936	70335
chr15	80240601	80440601	harbor2	chr15	80318079	80318421	LTR/ERVL-MaLR	1759	-	171	80318250	77649
chr15	80240601	80440601	harbor2	chr15	80320831	80321361	LTR/ERVL-MaLR	1922	-	265	80321096	80495
chr15	80240601	80440601	harbor2	chr15	80327352	80327699	LTR/ERVL-MaLR	733	-	174	80327526	86925
chr15	80240601	80440601	harbor2	chr15	80328004	80328191	LTR/ERVL-MaLR	733	-	94	80328098	87497
chr15	101231254	101431254	harbor2	chr15	101265290	101265571	LTR/ERVL-MaLR	1330	-	140	101265430	34176
chr15	101231254	101431254	harbor2	chr15	101265856	101265878	LTR/ERVL-MaLR	1330	-	11	101265867	34613
chr15	101231254	101431254	harbor2	chr15	101266266	101266417	LTR/ERVL-MaLR	1330	-	76	101266342	35088
chr15	101231254	101431254	harbor2	chr15	101309070	101309275	LTR/ERVL-MaLR	706	-	102	101309172	77918
chr15	88189601	88389601	harbor2	chr15	88214145	88214585	LTR/ERVL-MaLR	1716	-	220	88214365	24764
chr15	37765971	37965971	harbor2	chr15	37768092	37768511	LTR/ERVL-MaLR	2208	-	210	37768302	2331
chr15	37765971	37965971	harbor2	chr15	37840361	37840775	LTR/ERVL-MaLR	2551	-	207	37840568	74597
chr15	37765971	37965971	harbor2	chr15	37841340	37841758	LTR/ERVL-MaLR	1448	-	209	37841549	75578
chr15	37765971	37965971	harbor2	chr15	37851280	37851671	LTR/ERVL-MaLR	1216	-	196	37851476	85505
chr15	86268953	86468953	harbor2	chr15	86270744	86271043	LTR/ERVL-MaLR	2012	-	150	86270894	1941
chr15	86268953	86468953	harbor2	chr15	86271362	86271569	LTR/ERVL-MaLR	2012	-	104	86271466	2513
chr15	86268953	86468953	harbor2	chr15	86289627	86289926	LTR/ERVL-MaLR	1215	-	150	86289777	20824
chr15	86268953	86468953	harbor2	chr15	86293178	86293683	LTR/ERVL-MaLR	1576	-	252	86293430	24477
chr15	86268953	86468953	harbor2	chr15	86351072	86351425	LTR/ERVL-MaLR	1367	-	176	86351248	82295
chr15	86268953	86468953	harbor2	chr15	86367090	86367644	LTR/ERVL-MaLR	549	-	277	86367367	98414
chr15	100653583	100853583	harbor2	chr15	100669854	100670144	LTR/ERVL-MaLR	1952	-	145	100669999	16416
chr15	100653583	100853583	harbor2	chr15	100670482	100670654	LTR/ERVL-MaLR	1952	-	86	100670568	16985
chr15	100653583	100853583	harbor2	chr15	100702925	100703174	LTR/ERVL-MaLR	423	-	124	100703049	49466
chr15	100653583	100853583	harbor2	chr15	100717298	100717458	LTR/ERVL-MaLR	432	-	80	100717378	63795
chr15	100653583	100853583	harbor2	chr15	100724387	100724451	LTR/ERVL-MaLR	943	-	32	100724419	70836
chr15	100653583	100853583	harbor2	chr15	100725110	100725451	LTR/ERVL-MaLR	943	-	170	100725280	71697
chr15	92004002	92204002	harbor2	chr15	92015232	92015594	LTR/ERVL-MaLR	2399	-	181	92015413	11411
chr15	92004002	92204002	harbor2	chr15	92058656	92059073	LTR/ERVL-MaLR	1252	-	208	92058864	54862
chr15	92004002	92204002	harbor2	chr15	92067755	92068121	LTR/ERVL-MaLR	2048	-	183	92067938	63936
chr15	92004002	92204002	harbor2	chr15	92072548	92072940	LTR/ERVL-MaLR	753	-	196	92072744	68742
chr15	92004002	92204002	harbor2	chr15	92076887	92077258	LTR/ERVL-MaLR	2574	-	186	92077073	73071
chr15	92004002	92204002	harbor2	chr15	92079306	92079688	LTR/ERVL-MaLR	1660	-	191	92079497	75495
chr15	92004002	92204002	harbor2	chr15	92088479	92088956	LTR/ERVL-MaLR	1695	-	238	92088717	84715
chr15	92004002	92204002	harbor2	chr15	92093119	92093534	LTR/ERVL-MaLR	2701	-	208	92093327	89325
chr15	92004002	92204002	harbor2	chr15	92095616	92095720	LTR/ERVL-MaLR	462	-	52	92095668	91666
chr15	92004002	92204002	harbor2	chr15	92095952	92096463	LTR/ERVL-MaLR	1611	-	256	92096208	92206
chr15	92004002	92204002	harbor2	chr15	92100725	92100843	LTR/ERVL-MaLR	575	-	59	92100784	96782
chr15	47435603	47635603	harbor2	chr15	47463684	47464156	LTR/ERVL-MaLR	1340	-	236	47463920	28317
chr15	47435603	47635603	harbor2	chr15	47478733	47479105	LTR/ERVL-MaLR	2387	-	186	47478919	43316
chr15	47435603	47635603	harbor2	chr15	47528615	47528774	LTR/ERVL-MaLR	524	-	80	47528695	93092
chr15	90165452	90365452	harbor2	chr15	90167281	90167683	LTR/ERVL-MaLR	985	-	201	90167482	2030
chr15	90165452	90365452	harbor2	chr15	90239341	90239704	LTR/ERVL-MaLR	2583	-	182	90239523	74071
chr15	94708455	94908455	harbor2	chr15	94748788	94749018	LTR/ERVL-MaLR	1698	-	115	94748903	40448
chr15	94708455	94908455	harbor2	chr15	94749320	94749476	LTR/ERVL-MaLR	1698	-	78	94749398	40943
chr15	94708455	94908455	harbor2	chr15	94771244	94771647	LTR/ERVL-MaLR	1773	-	202	94771446	62991
chr15	94708455	94908455	harbor2	chr15	94788529	94788948	LTR/ERVL-MaLR	2385	-	210	94788739	80284
chr15	94708455	94908455	harbor2	chr15	94804719	94805119	LTR/ERVL-MaLR	2019	-	200	94804919	96464
chr15	28086898	28286898	harbor2	chr15	28102373	28102586	LTR/ERVL-MaLR	538	-	106	28102479	15581
chr15	28086898	28286898	harbor2	chr15	28128663	28129125	LTR/ERVL-MaLR	889	-	231	28128894	41996
chr15	100727768	100927768	harbor2	chr15	100793681	100794860	LTR/ERVL-MaLR	8850	-	590	100794271	66503
chr15	95644507	95844507	harbor2	chr15	95699657	95699987	LTR/ERVL-MaLR	2124	-	165	95699822	55315
chr15	95644507	95844507	harbor2	chr15	95699988	95701558	LTR/ERVL-MaLR	11124	-	785	95700773	56266
chr15	95644507	95844507	harbor2	chr15	95701559	95701923	LTR/ERVL-MaLR	2269	-	182	95701741	57234
chr15	95644507	95844507	harbor2	chr15	95721509	95721874	LTR/ERVL-MaLR	1798	-	182	95721691	77184
chr15	95644507	95844507	harbor2	chr15	95727323	95727701	LTR/ERVL-MaLR	2133	-	189	95727512	83005
chr15	95644507	95844507	harbor2	chr15	95736219	95736575	LTR/ERVL-MaLR	1957	-	178	95736397	91890
chr15	95644507	95844507	harbor2	chr15	95742487	95742942	LTR/ERVL-MaLR	2325	-	228	95742715	98208
chr15	83887786	84087786	harbor2	chr15	83896746	83897125	LTR/ERVL-MaLR	2283	-	190	83896936	9150
chr15	83887786	84087786	harbor2	chr15	83908728	83909328	LTR/ERVL-MaLR	2192	-	300	83909028	21242
chr15	83887786	84087786	harbor2	chr15	83929203	83929618	LTR/ERVL-MaLR	1841	-	208	83929411	41625
chr15	83887786	84087786	harbor2	chr15	83940293	83940651	LTR/ERVL-MaLR	1674	-	179	83940472	52686
chr15	93240863	93440863	harbor2	chr15	93259026	93259235	LTR/ERVL-MaLR	457	-	104	93259130	18267
chr15	93240863	93440863	harbor2	chr15	93263290	93263686	LTR/ERVL-MaLR	1887	-	198	93263488	22625
chr15	93240863	93440863	harbor2	chr15	93267498	93267853	LTR/ERVL-MaLR	1911	-	178	93267676	26813
chr15	93240863	93440863	harbor2	chr15	93269058	93269469	LTR/ERVL-MaLR	2172	-	206	93269264	28401
chr15	93240863	93440863	harbor2	chr15	93291533	93291921	LTR/ERVL-MaLR	2081	-	194	93291727	50864
chr15	93240863	93440863	harbor2	chr15	93314882	93315172	LTR/ERVL-MaLR	2411	-	145	93315027	74164
chr15	93240863	93440863	harbor2	chr15	93315487	93315670	LTR/ERVL-MaLR	2411	-	92	93315579	74716
chr15	93240863	93440863	harbor2	chr15	93329736	93329923	LTR/ERVL-MaLR	2150	-	94	93329830	88967
chr15	93240863	93440863	harbor2	chr15	93329962	93330034	LTR/ERVL-MaLR	2150	-	36	93329998	89135
chr15	93240863	93440863	harbor2	chr15	93331073	93331186	LTR/ERVL-MaLR	2150	-	56	93331129	90266
chr15	93990623	94190623	harbor2	chr15	94038275	94038629	LTR/ERVL-MaLR	2646	-	177	94038452	47829
chr15	93990623	94190623	harbor2	chr15	94060167	94060442	LTR/ERVL-MaLR	703	-	138	94060305	69682
chr15	93990623	94190623	harbor2	chr15	94060853	94060975	LTR/ERVL-MaLR	703	-	61	94060914	70291
chr15	93990623	94190623	harbor2	chr15	94062353	94062687	LTR/ERVL-MaLR	449	-	167	94062520	71897
chr15	93990623	94190623	harbor2	chr15	94066835	94067148	LTR/ERVL-MaLR	478	-	156	94066991	76368
chr15	41264784	41464784	harbor2	chr15	41288302	41288719	LTR/ERVL-MaLR	1720	-	208	41288510	23726
chr15	41264784	41464784	harbor2	chr15	41290762	41290905	LTR/ERVL-MaLR	1202	-	72	41290834	26050
chr15	41264784	41464784	harbor2	chr15	41291202	41291443	LTR/ERVL-MaLR	1202	-	120	41291322	26538
chr15	41264784	41464784	harbor2	chr15	41292737	41292840	LTR/ERVL-MaLR	551	-	52	41292789	28005
chr15	41264784	41464784	harbor2	chr15	41317130	41317375	LTR/ERVL-MaLR	535	-	122	41317252	52468
chr15	41264784	41464784	harbor2	chr15	41317979	41318113	LTR/ERVL-MaLR	535	-	67	41318046	53262
chr15	41264784	41464784	harbor2	chr15	41351197	41351503	LTR/ERVL-MaLR	1498	-	153	41351350	86566
chr15	41264784	41464784	harbor2	chr15	41351799	41351930	LTR/ERVL-MaLR	1498	-	66	41351865	87081
chr15	88998982	89198982	harbor2	chr15	89007964	89008449	LTR/ERVL-MaLR	1576	-	242	89008206	9224
chr15	88998982	89198982	harbor2	chr15	89010732	89011094	LTR/ERVL-MaLR	1264	-	181	89010913	11931
chr15	88998982	89198982	harbor2	chr15	89011402	89011594	LTR/ERVL-MaLR	1264	-	96	89011498	12516
chr15	88998982	89198982	harbor2	chr15	89026094	89026642	LTR/ERVL-MaLR	1434	-	274	89026368	27386
chr15	88998982	89198982	harbor2	chr15	89066143	89066578	LTR/ERVL-MaLR	2262	-	218	89066361	67379
chr15	88998982	89198982	harbor2	chr15	89068251	89068729	LTR/ERVL-MaLR	2214	-	239	89068490	69508
chr15	88998982	89198982	harbor2	chr15	89070003	89070342	LTR/ERVL-MaLR	1194	-	170	89070173	71191
chr15	88998982	89198982	harbor2	chr15	89070756	89070948	LTR/ERVL-MaLR	590	-	96	89070852	71870
chr15	27184835	27384835	harbor2	chr15	27209724	27210104	LTR/ERVL-MaLR	1794	-	190	27209914	25079
chr15	27184835	27384835	harbor2	chr15	27233326	27233704	LTR/ERVL-MaLR	1221	-	189	27233515	48680
chr15	27184835	27384835	harbor2	chr15	27245527	27245591	LTR/ERVL-MaLR	1868	-	32	27245559	60724
chr15	27184835	27384835	harbor2	chr15	27245883	27246191	LTR/ERVL-MaLR	1868	-	154	27246037	61202
chr15	27184835	27384835	harbor2	chr15	27247610	27247970	LTR/ERVL-MaLR	2053	-	180	27247790	62955
chr15	27184835	27384835	harbor2	chr15	27254449	27254793	LTR/ERVL-MaLR	1724	-	172	27254621	69786
chr15	27184835	27384835	harbor2	chr15	27260084	27260452	LTR/ERVL-MaLR	1753	-	184	27260268	75433
chr15	27184835	27384835	harbor2	chr15	27273807	27274136	LTR/ERVL-MaLR	849	-	164	27273971	89136
chr15	27184835	27384835	harbor2	chr15	27274263	27274670	LTR/ERVL-MaLR	2128	-	204	27274467	89632
chr15	97206770	97406770	harbor2	chr15	97228163	97228527	LTR/ERVL-MaLR	843	-	182	97228345	21575
chr15	97206770	97406770	harbor2	chr15	97228785	97228952	LTR/ERVL-MaLR	451	-	84	97228869	22099
chr15	97206770	97406770	harbor2	chr15	97253027	97253287	LTR/ERVL-MaLR	563	-	130	97253157	46387
chr15	97206770	97406770	harbor2	chr15	97253595	97253775	LTR/ERVL-MaLR	563	-	90	97253685	46915
chr15	97206770	97406770	harbor2	chr15	97263643	97264117	LTR/ERVL-MaLR	1472	-	237	97263880	57110
chr15	97206770	97406770	harbor2	chr15	97273949	97274442	LTR/ERVL-MaLR	1247	-	246	97274195	67425
chr15	76475964	76675964	harbor2	chr15	76476935	76477454	LTR/ERVL-MaLR	673	-	260	76477195	1231
chr15	76475964	76675964	harbor2	chr15	76543481	76543717	LTR/ERVL-MaLR	756	-	118	76543599	67635
chr15	96079283	96279283	harbor2	chr15	96082005	96082555	LTR/ERVL-MaLR	1826	-	275	96082280	2997
chr15	96079283	96279283	harbor2	chr15	96138163	96138525	LTR/ERVL-MaLR	2474	-	181	96138344	59061
chr15	96108433	96308433	harbor2	chr15	96138163	96138525	LTR/ERVL-MaLR	2474	-	181	96138344	29911
chr15	76040712	76240712	harbor2	chr15	76070043	76070410	LTR/ERVL-MaLR	594	-	184	76070227	29515
chr15	76040712	76240712	harbor2	chr15	76078749	76078985	LTR/ERVL-MaLR	794	-	118	76078867	38155
chr15	76040712	76240712	harbor2	chr15	76079397	76079507	LTR/ERVL-MaLR	570	-	55	76079452	38740
chr15	76040712	76240712	harbor2	chr15	76082237	76082475	LTR/ERVL-MaLR	710	-	119	76082356	41644
chr15	76040712	76240712	harbor2	chr15	76082584	76082686	LTR/ERVL-MaLR	1451	-	51	76082635	41923
chr15	76040712	76240712	harbor2	chr15	76082998	76083174	LTR/ERVL-MaLR	1451	-	88	76083086	42374
chr15	76040712	76240712	harbor2	chr15	76099745	76100110	LTR/ERVL-MaLR	1784	-	182	76099927	59215
chr15	76040712	76240712	harbor2	chr15	76122014	76122141	LTR/ERVL-MaLR	479	-	64	76122078	81366
chr15	76040712	76240712	harbor2	chr15	76134797	76135254	LTR/ERVL-MaLR	671	-	228	76135025	94313
chr15	31105510	31305510	harbor2	chr15	31115772	31116128	LTR/ERVL-MaLR	1840	-	178	31115950	10440
chr15	31105510	31305510	harbor2	chr15	31118526	31118933	LTR/ERVL-MaLR	1226	-	204	31118730	13220
chr15	31105510	31305510	harbor2	chr15	31171295	31171497	LTR/ERVL-MaLR	985	-	101	31171396	65886
chr15	31105510	31305510	harbor2	chr15	31171673	31171841	LTR/ERVL-MaLR	765	-	84	31171757	66247
chr15	31105510	31305510	harbor2	chr15	31173197	31173612	LTR/ERVL-MaLR	1229	-	208	31173405	67895
chr15	31105510	31305510	harbor2	chr15	31182779	31183175	LTR/ERVL-MaLR	2220	-	198	31182977	77467
chr15	31105510	31305510	harbor2	chr15	31192387	31192741	LTR/ERVL-MaLR	846	-	177	31192564	87054
chr15	31105510	31305510	harbor2	chr15	31193806	31193920	LTR/ERVL-MaLR	1021	-	57	31193863	88353
chr15	31105510	31305510	harbor2	chr15	31194221	31194440	LTR/ERVL-MaLR	1021	-	110	31194331	88821
chr15	31105510	31305510	harbor2	chr15	31194453	31194866	LTR/ERVL-MaLR	2692	-	206	31194659	89149
chr15	31105510	31305510	harbor2	chr15	31194916	31195150	LTR/ERVL-MaLR	590	-	117	31195033	89523
chr15	95759439	95959439	harbor2	chr15	95765085	95765458	LTR/ERVL-MaLR	2420	-	186	95765271	5832
chr15	95759439	95959439	harbor2	chr15	95778290	95778598	LTR/ERVL-MaLR	934	-	154	95778444	19005
chr15	99805976	100005976	harbor2	chr15	99847527	99847961	LTR/ERVL-MaLR	1523	-	217	99847744	41768
chr15	99805976	100005976	harbor2	chr15	99896183	99896523	LTR/ERVL-MaLR	2024	-	170	99896353	90377
chr15	99805976	100005976	harbor2	chr15	99896526	99898091	LTR/ERVL-MaLR	11594	-	782	99897308	91332
chr15	99805976	100005976	harbor2	chr15	99898094	99898441	LTR/ERVL-MaLR	2114	-	174	99898268	92292
chr15	81593607	81793607	harbor2	chr15	81638807	81639270	LTR/ERVL-MaLR	878	-	232	81639039	45432
chr15	81593607	81793607	harbor2	chr15	81639276	81639769	LTR/ERVL-MaLR	1122	-	246	81639522	45915
chr15	81593607	81793607	harbor2	chr15	81639767	81639927	LTR/ERVL-MaLR	660	-	80	81639847	46240
chr15	81593607	81793607	harbor2	chr15	81689616	81690051	LTR/ERVL-MaLR	608	-	218	81689834	96227
chr15	92406950	92606950	harbor2	chr15	92423442	92423833	LTR/ERVL-MaLR	1710	-	196	92423638	16688
chr15	92406950	92606950	harbor2	chr15	92435836	92436255	LTR/ERVL-MaLR	1128	-	210	92436046	29096
chr15	92406950	92606950	harbor2	chr15	92446010	92446507	LTR/ERVL-MaLR	975	-	248	92446258	39308
chr15	92406950	92606950	harbor2	chr15	92450390	92450799	LTR/ERVL-MaLR	2463	-	204	92450594	43644
chr15	92406950	92606950	harbor2	chr15	92454082	92454490	LTR/ERVL-MaLR	1760	-	204	92454286	47336
chr15	92406950	92606950	harbor2	chr15	92458074	92458411	LTR/ERVL-MaLR	455	-	168	92458242	51292
chr15	92406950	92606950	harbor2	chr15	92475173	92475531	LTR/ERVL-MaLR	1616	-	179	92475352	68402
chr15	34356676	34556676	harbor2	chr15	34413336	34413602	LTR/ERVL-MaLR	1236	-	133	34413469	56793
chr15	34356676	34556676	harbor2	chr15	34415688	34416204	LTR/ERVL-MaLR	718	-	258	34415946	59270
chr15	34356676	34556676	harbor2	chr15	34439910	34440206	LTR/ERVL-MaLR	1369	-	148	34440058	83382
chr15	34356676	34556676	harbor2	chr15	34442483	34442805	LTR/ERVL-MaLR	777	-	161	34442644	85968
chr15	100205344	100405344	harbor2	chr15	100243960	100244312	LTR/ERVL-MaLR	2611	-	176	100244136	38792
chr15	100205344	100405344	harbor2	chr15	100258400	100258728	LTR/ERVL-MaLR	2069	-	164	100258564	53220
chr15	100205344	100405344	harbor2	chr15	100298850	100299215	LTR/ERVL-MaLR	1913	-	182	100299032	93688
chr15	91885842	92085842	harbor2	chr15	91893308	91893671	LTR/ERVL-MaLR	2245	-	182	91893490	7648
chr15	91885842	92085842	harbor2	chr15	91921020	91921428	LTR/ERVL-MaLR	1999	-	204	91921224	35382
chr15	91885842	92085842	harbor2	chr15	91939024	91939444	LTR/ERVL-MaLR	2687	-	210	91939234	53392
chr15	53092892	53292892	harbor2	chr15	53192515	53192728	LTR/ERVL-MaLR	1258	-	106	53192621	99729
chr15	76171495	76371495	harbor2	chr15	76173557	76173650	LTR/ERVL-MaLR	796	-	46	76173603	2108
chr15	76171495	76371495	harbor2	chr15	76173959	76174167	LTR/ERVL-MaLR	796	-	104	76174063	2568
chr15	76171495	76371495	harbor2	chr15	76175170	76175362	LTR/ERVL-MaLR	607	-	96	76175266	3771
chr15	76171495	76371495	harbor2	chr15	76182923	76183103	LTR/ERVL-MaLR	958	-	90	76183013	11518
chr15	76171495	76371495	harbor2	chr15	76183416	76183623	LTR/ERVL-MaLR	958	-	104	76183520	12025
chr15	76171495	76371495	harbor2	chr15	76188154	76188365	LTR/ERVL-MaLR	2774	-	106	76188260	16765
chr15	76171495	76371495	harbor2	chr15	76188625	76188792	LTR/ERVL-MaLR	2774	-	84	76188709	17214
chr15	76171495	76371495	harbor2	chr15	76194496	76194928	LTR/ERVL-MaLR	2288	-	216	76194712	23217
chr15	76171495	76371495	harbor2	chr15	76203257	76203534	LTR/ERVL-MaLR	804	-	138	76203395	31900
chr15	97501674	97701674	harbor2	chr15	97531511	97531954	LTR/ERVL-MaLR	2130	-	222	97531733	30059
chr15	97501674	97701674	harbor2	chr15	97541966	97542149	LTR/ERVL-MaLR	901	-	92	97542058	40384
chr15	97501674	97701674	harbor2	chr15	97544579	97544721	LTR/ERVL-MaLR	528	-	71	97544650	42976
chr15	97501674	97701674	harbor2	chr15	97545159	97545647	LTR/ERVL-MaLR	1721	-	244	97545403	43729
chr15	97501674	97701674	harbor2	chr15	97547411	97547795	LTR/ERVL-MaLR	2070	-	192	97547603	45929
chr15	97501674	97701674	harbor2	chr15	97558193	97558682	LTR/ERVL-MaLR	1833	-	244	97558437	56763
chr15	101013161	101213161	harbor2	chr15	101014513	101014871	LTR/ERVL-MaLR	1813	-	179	101014692	1531
chr15	101013161	101213161	harbor2	chr15	101015795	101015953	LTR/ERVL-MaLR	543	-	79	101015874	2713
chr15	101013161	101213161	harbor2	chr15	101016487	101016653	LTR/ERVL-MaLR	766	-	83	101016570	3409
chr15	101013161	101213161	harbor2	chr15	101025431	101025834	LTR/ERVL-MaLR	2161	-	202	101025633	12472
chr15	101013161	101213161	harbor2	chr15	101032932	101033134	LTR/ERVL-MaLR	899	-	101	101033033	19872
chr15	101013161	101213161	harbor2	chr15	101038844	101039054	LTR/ERVL-MaLR	778	-	105	101038949	25788
chr15	101013161	101213161	harbor2	chr15	101107308	101107576	LTR/ERVL-MaLR	616	-	134	101107442	94281
chr15	93550710	93750710	harbor2	chr15	93579830	93579929	LTR/ERVL-MaLR	1722	-	50	93579880	29170
chr15	93550710	93750710	harbor2	chr15	93580160	93580460	LTR/ERVL-MaLR	1722	-	150	93580310	29600
chr15	93550710	93750710	harbor2	chr15	93602111	93602416	LTR/ERVL-MaLR	589	-	152	93602263	51553
chr15	93550710	93750710	harbor2	chr15	93646519	93646632	LTR/ERVL-MaLR	1984	-	56	93646575	95865
chr15	93550710	93750710	harbor2	chr15	93646945	93647234	LTR/ERVL-MaLR	1984	-	144	93647089	96379
chr15	93550710	93750710	harbor2	chr15	93601414	93601841	LTR/ERVL-MaLR	812	-	214	93601628	50918
chr15	53122743	53322743	harbor2	chr15	53192515	53192728	LTR/ERVL-MaLR	1258	-	106	53192621	69878
chr15	53122743	53322743	harbor2	chr15	53193026	53193173	LTR/ERVL-MaLR	1258	-	74	53193100	70357
chr15	53122743	53322743	harbor2	chr15	53206173	53206597	LTR/ERVL-MaLR	1724	-	212	53206385	83642
chr15	57528740	57728740	harbor2	chr15	57535970	57536332	LTR/ERVL-MaLR	2881	-	181	57536151	7411
chr15	57528740	57728740	harbor2	chr15	57540213	57540570	LTR/ERVL-MaLR	2536	-	178	57540391	11651
chr15	57528740	57728740	harbor2	chr15	57542984	57543460	LTR/ERVL-MaLR	2144	-	238	57543222	14482
chr15	57528740	57728740	harbor2	chr15	57602204	57602611	LTR/ERVL-MaLR	1753	-	204	57602408	73668
chr15	57528740	57728740	harbor2	chr15	57609242	57609630	LTR/ERVL-MaLR	1240	-	194	57609436	80696
chr15	59830782	60030782	harbor2	chr15	59852828	59853193	LTR/ERVL-MaLR	1572	-	182	59853010	22228
chr15	59830782	60030782	harbor2	chr15	59887245	59887420	LTR/ERVL-MaLR	700	-	88	59887333	56551
chr15	59830782	60030782	harbor2	chr15	59919949	59920155	LTR/ERVL-MaLR	1177	-	103	59920052	89270
chr15	80720064	80920064	harbor2	chr15	80733410	80733543	LTR/ERVL-MaLR	455	-	66	80733476	13412
chr15	80720064	80920064	harbor2	chr15	80748659	80748934	LTR/ERVL-MaLR	659	-	138	80748797	28733
chr15	80720064	80920064	harbor2	chr15	80762514	80762868	LTR/ERVL-MaLR	2285	-	177	80762691	42627
chr15	80720064	80920064	harbor2	chr15	80801159	80801704	LTR/ERVL-MaLR	1308	-	272	80801431	81367
chr15	80720064	80920064	harbor2	chr15	80802920	80803057	LTR/ERVL-MaLR	746	-	68	80802988	82924
chr15	80720064	80920064	harbor2	chr15	80803875	80804236	LTR/ERVL-MaLR	2647	-	180	80804055	83991
chr15	80720064	80920064	harbor2	chr15	80809512	80810134	LTR/ERVL-MaLR	2243	-	311	80809823	89759
chr15	80720064	80920064	harbor2	chr15	80818066	80818462	LTR/ERVL-MaLR	1281	-	198	80818264	98200
chr15	79460615	79660615	harbor2	chr15	79476852	79477189	LTR/ERVL-MaLR	741	-	168	79477020	16405
chr15	79460615	79660615	harbor2	chr15	79505880	79506353	LTR/ERVL-MaLR	1879	-	236	79506116	45501
chr15	79460615	79660615	harbor2	chr15	79506833	79507037	LTR/ERVL-MaLR	1519	-	102	79506935	46320
chr15	79460615	79660615	harbor2	chr15	79507082	79507220	LTR/ERVL-MaLR	1519	-	69	79507151	46536
chr15	79460615	79660615	harbor2	chr15	79526968	79527441	LTR/ERVL-MaLR	2075	-	236	79527204	66589
chr15	79460615	79660615	harbor2	chr15	79529535	79529721	LTR/ERVL-MaLR	439	-	93	79529628	69013
chr15	79460615	79660615	harbor2	chr15	79543526	79543881	LTR/ERVL-MaLR	1755	-	178	79543704	83089
chr15	79460615	79660615	harbor2	chr15	79550698	79551069	LTR/ERVL-MaLR	1531	-	186	79550884	90269
chr15	94931494	95131494	harbor2	chr15	94933665	94934024	LTR/ERVL-MaLR	2186	-	180	94933845	2351
chr15	94931494	95131494	harbor2	chr15	94934027	94935503	LTR/ERVL-MaLR	9195	-	738	94934765	3271
chr15	94931494	95131494	harbor2	chr15	94935504	94935871	LTR/ERVL-MaLR	2109	-	184	94935688	4194
chr15	94931494	95131494	harbor2	chr15	94991526	94991916	LTR/ERVL-MaLR	1731	-	195	94991721	60227
chr15	99109236	99309236	harbor2	chr15	99114096	99114464	LTR/ERVL-MaLR	2224	-	184	99114280	5044
chr15	99109236	99309236	harbor2	chr15	99116348	99116444	LTR/ERVL-MaLR	410	-	48	99116396	7160
chr15	99109236	99309236	harbor2	chr15	99116445	99116667	LTR/ERVL-MaLR	2349	-	111	99116556	7320
chr15	99109236	99309236	harbor2	chr15	99116975	99117172	LTR/ERVL-MaLR	2349	-	98	99117073	7837
chr15	99109236	99309236	harbor2	chr15	99117173	99117201	LTR/ERVL-MaLR	410	-	14	99117187	7951
chr15	99109236	99309236	harbor2	chr15	99136367	99136711	LTR/ERVL-MaLR	1594	-	172	99136539	27303
chr15	99109236	99309236	harbor2	chr15	99156418	99156779	LTR/ERVL-MaLR	2487	-	180	99156598	47362
chr15	90980623	91180623	harbor2	chr15	91027614	91028093	LTR/ERVL-MaLR	1295	-	240	91027854	47231
chr15	90980623	91180623	harbor2	chr15	91028384	91028483	LTR/ERVL-MaLR	1043	-	50	91028434	47811
chr15	90980623	91180623	harbor2	chr15	91044400	91044790	LTR/ERVL-MaLR	710	-	195	91044595	63972
chr15	78484889	78684889	harbor2	chr15	78501948	78502354	LTR/ERVL-MaLR	2837	-	203	78502151	17262
chr15	78484889	78684889	harbor2	chr15	78516666	78516737	LTR/ERVL-MaLR	550	-	36	78516702	31813
chr15	78484889	78684889	harbor2	chr15	78523103	78523518	LTR/ERVL-MaLR	2655	-	208	78523311	38422
chr15	78484889	78684889	harbor2	chr15	78523521	78524587	LTR/ERVL-MaLR	7223	-	533	78524054	39165
chr15	78484889	78684889	harbor2	chr15	78524839	78525015	LTR/ERVL-MaLR	1250	-	88	78524927	40038
chr15	78484889	78684889	harbor2	chr15	78537600	78537780	LTR/ERVL-MaLR	700	-	90	78537690	52801
chr15	78484889	78684889	harbor2	chr15	78538361	78538682	LTR/ERVL-MaLR	1262	-	160	78538521	53632
chr15	62942301	63142301	harbor2	chr15	62945384	62945747	LTR/ERVL-MaLR	2394	-	182	62945566	3265
chr15	62942301	63142301	harbor2	chr15	62954990	62955350	LTR/ERVL-MaLR	2155	-	180	62955170	12869
chr15	62942301	63142301	harbor2	chr15	63016907	63017189	LTR/ERVL-MaLR	1066	-	141	63017048	74747
chr15	62942301	63142301	harbor2	chr15	63039420	63039777	LTR/ERVL-MaLR	735	-	178	63039598	97297
chr15	62942301	63142301	harbor2	chr15	62979873	62980390	LTR/ERVL-MaLR	2019	-	258	62980131	37830
chr15	89117489	89317489	harbor2	chr15	89130158	89130451	LTR/ERVL-MaLR	884	-	146	89130304	12815
chr15	89117489	89317489	harbor2	chr15	89130869	89130901	LTR/ERVL-MaLR	884	-	16	89130885	13396
chr15	89117489	89317489	harbor2	chr15	89160562	89160891	LTR/ERVL-MaLR	1054	-	164	89160726	43237
chr15	89117489	89317489	harbor2	chr15	89161799	89162194	LTR/ERVL-MaLR	2177	-	198	89161997	44508
chr15	94766390	94966390	harbor2	chr15	94771244	94771647	LTR/ERVL-MaLR	1773	-	202	94771446	5056
chr15	94766390	94966390	harbor2	chr15	94788529	94788948	LTR/ERVL-MaLR	2385	-	210	94788739	22349
chr15	94766390	94966390	harbor2	chr15	94804719	94805119	LTR/ERVL-MaLR	2019	-	200	94804919	38529
chr15	94766390	94966390	harbor2	chr15	94847474	94847722	LTR/ERVL-MaLR	1354	-	124	94847598	81208
chr15	94766390	94966390	harbor2	chr15	94863603	94864023	LTR/ERVL-MaLR	2534	-	210	94863813	97423
chr15	68789987	68989987	harbor2	chr15	68858476	68858836	LTR/ERVL-MaLR	541	-	180	68858656	68669
chr15	72642655	72842655	harbor2	chr15	72643830	72644034	LTR/ERVL-MaLR	869	-	102	72643932	1277
chr15	72642655	72842655	harbor2	chr15	72644154	72644302	LTR/ERVL-MaLR	943	-	74	72644228	1573
chr15	72642655	72842655	harbor2	chr15	72717459	72717759	LTR/ERVL-MaLR	512	-	150	72717609	74954
chr15	97716318	97916318	harbor2	chr15	97726559	97726770	LTR/ERVL-MaLR	587	-	106	97726665	10347
chr15	97716318	97916318	harbor2	chr15	97784316	97784661	LTR/ERVL-MaLR	1839	-	172	97784488	68170
chr15	97716318	97916318	harbor2	chr15	97804484	97804714	LTR/ERVL-MaLR	791	-	115	97804599	88281
chr15	97716318	97916318	harbor2	chr15	97811291	97811745	LTR/ERVL-MaLR	1708	-	227	97811518	95200
chr15	81398944	81598944	harbor2	chr15	81401061	81401339	LTR/ERVL-MaLR	855	-	139	81401200	2256
chr15	81398944	81598944	harbor2	chr15	81420607	81421004	LTR/ERVL-MaLR	645	-	198	81420805	21861
chr15	81398944	81598944	harbor2	chr15	81490904	81491281	LTR/ERVL-MaLR	2395	-	188	81491092	92148
chr15	45170595	45370595	harbor2	chr15	45223239	45223694	LTR/ERVL-MaLR	1153	-	228	45223467	52872
chr15	45170595	45370595	harbor2	chr15	45225569	45225946	LTR/ERVL-MaLR	1458	-	188	45225757	55162
chr15	45170595	45370595	harbor2	chr15	45245350	45245721	LTR/ERVL-MaLR	2510	-	186	45245536	74941
chr15	45170595	45370595	harbor2	chr15	45245978	45246030	LTR/ERVL-MaLR	2510	-	26	45246004	75409
chr15	56251227	56451227	harbor2	chr15	56320270	56320475	LTR/ERVL-MaLR	1064	-	102	56320372	69145
chr15	85335452	85535452	harbor2	chr15	85366561	85366781	LTR/ERVL-MaLR	862	-	110	85366671	31219
chr15	85335452	85535452	harbor2	chr15	85372103	85372302	LTR/ERVL-MaLR	1661	-	100	85372203	36751
chr15	85335452	85535452	harbor2	chr15	85372603	85372773	LTR/ERVL-MaLR	1661	-	85	85372688	37236
chr15	85335452	85535452	harbor2	chr15	85376416	85376619	LTR/ERVL-MaLR	486	-	102	85376518	41066
chr15	24352124	24552124	harbor2	chr15	24360778	24361145	LTR/ERVL-MaLR	1601	-	184	24360962	8838
chr15	24352124	24552124	harbor2	chr15	24361148	24362182	LTR/ERVL-MaLR	9302	-	517	24361665	9541
chr15	24352124	24552124	harbor2	chr15	24362497	24362564	LTR/ERVL-MaLR	9302	-	34	24362531	10407
chr15	24352124	24552124	harbor2	chr15	24363408	24363781	LTR/ERVL-MaLR	1886	-	186	24363594	11470
chr15	24352124	24552124	harbor2	chr15	24371437	24371620	LTR/ERVL-MaLR	419	-	92	24371529	19405
chr15	24352124	24552124	harbor2	chr15	24388752	24389065	LTR/ERVL-MaLR	783	-	156	24388908	36784
chr15	24352124	24552124	harbor2	chr15	24415149	24415515	LTR/ERVL-MaLR	1652	-	183	24415332	63208
chr15	24352124	24552124	harbor2	chr15	24415518	24416622	LTR/ERVL-MaLR	9385	-	552	24416070	63946
chr15	24352124	24552124	harbor2	chr15	24416932	24417461	LTR/ERVL-MaLR	9385	-	264	24417196	65072
chr15	24352124	24552124	harbor2	chr15	24417462	24417844	LTR/ERVL-MaLR	2097	-	191	24417653	65529
chr15	24352124	24552124	harbor2	chr15	24431461	24431644	LTR/ERVL-MaLR	491	-	92	24431553	79429
chr15	24352124	24552124	harbor2	chr15	24445580	24445935	LTR/ERVL-MaLR	2238	-	178	24445758	93634
chr15	24352124	24552124	harbor2	chr15	24362869	24363407	LTR/ERVL-MaLR	9302	-	269	24363138	11014
chr15	78022918	78222918	harbor2	chr15	78071805	78072160	LTR/ERVL-MaLR	1646	-	178	78071983	49065
chr15	81361556	81561556	harbor2	chr15	81401061	81401339	LTR/ERVL-MaLR	855	-	139	81401200	39644
chr15	81361556	81561556	harbor2	chr15	81420607	81421004	LTR/ERVL-MaLR	645	-	198	81420805	59249
chr15	54718140	54918140	harbor2	chr15	54736589	54736968	LTR/ERVL-MaLR	2009	-	190	54736779	18639
chr15	54718140	54918140	harbor2	chr15	54739643	54740044	LTR/ERVL-MaLR	2001	-	200	54739843	21703
chr15	54718140	54918140	harbor2	chr15	54801008	54801372	LTR/ERVL-MaLR	1877	-	182	54801190	83050
chr15	54718140	54918140	harbor2	chr15	54803558	54803843	LTR/ERVL-MaLR	713	-	142	54803700	85560
chr15	54718140	54918140	harbor2	chr15	54804170	54804219	LTR/ERVL-MaLR	713	-	24	54804194	86054
chr15	54718140	54918140	harbor2	chr15	54813355	54813583	LTR/ERVL-MaLR	1740	-	114	54813469	95329
chr15	54718140	54918140	harbor2	chr15	54815932	54816061	LTR/ERVL-MaLR	1740	-	64	54815996	97856
chr15	101768345	101968345	harbor2	chr15	101799241	101799329	LTR/ERVL-MaLR	454	-	44	101799285	30940
chr15	101768345	101968345	harbor2	chr15	101829965	101830096	LTR/ERVL-MaLR	421	-	66	101830031	61686
chr15	101768345	101968345	harbor2	chr15	101861596	101861871	LTR/ERVL-MaLR	1157	-	138	101861734	93389
chr15	101768345	101968345	harbor2	chr15	101864162	101864402	LTR/ERVL-MaLR	1157	-	120	101864282	95937
chr15	59705231	59905231	harbor2	chr15	59708345	59708897	LTR/ERVL-MaLR	2266	-	276	59708621	3390
chr15	59705231	59905231	harbor2	chr15	59723933	59724164	LTR/ERVL-MaLR	1386	-	116	59724049	18818
chr15	59705231	59905231	harbor2	chr15	59729895	59730266	LTR/ERVL-MaLR	2308	-	186	59730081	24850
chr15	59705231	59905231	harbor2	chr15	59744644	59745184	LTR/ERVL-MaLR	2674	-	270	59744914	39683
chr15	59705231	59905231	harbor2	chr15	59753500	59753825	LTR/ERVL-MaLR	1476	-	162	59753662	48431
chr15	59705231	59905231	harbor2	chr15	59754298	59754376	LTR/ERVL-MaLR	509	-	39	59754337	49106
chr15	59705231	59905231	harbor2	chr15	59754977	59755373	LTR/ERVL-MaLR	2359	-	198	59755175	49944
chr15	59705231	59905231	harbor2	chr15	59755684	59755773	LTR/ERVL-MaLR	2359	-	44	59755728	50497
chr15	59705231	59905231	harbor2	chr15	59787381	59787571	LTR/ERVL-MaLR	934	-	95	59787476	82245
chr15	87002504	87202504	harbor2	chr15	87059021	87059375	LTR/ERVL-MaLR	2248	-	177	87059198	56694
chr15	87002504	87202504	harbor2	chr15	87059378	87059656	LTR/ERVL-MaLR	1782	-	139	87059517	57013
chr15	87002504	87202504	harbor2	chr15	87072788	87072815	LTR/ERVL-MaLR	724	-	14	87072802	70298
chr15	87002504	87202504	harbor2	chr15	87073105	87073441	LTR/ERVL-MaLR	724	-	168	87073273	70769
chr15	87002504	87202504	harbor2	chr15	87081533	87081945	LTR/ERVL-MaLR	664	-	206	87081739	79235
chr15	87002504	87202504	harbor2	chr15	87082244	87082370	LTR/ERVL-MaLR	664	-	63	87082307	79803
chr15	87679535	87879535	harbor2	chr15	87703697	87704050	LTR/ERVL-MaLR	2811	-	176	87703873	24338
chr15	87679535	87879535	harbor2	chr15	87756494	87756584	LTR/ERVL-MaLR	698	-	45	87756539	77004
chr15	87679535	87879535	harbor2	chr15	87758363	87758687	LTR/ERVL-MaLR	1783	-	162	87758525	78990
chr15	100662622	100862622	harbor2	chr15	100669854	100670144	LTR/ERVL-MaLR	1952	-	145	100669999	7377
chr15	100662622	100862622	harbor2	chr15	100670482	100670654	LTR/ERVL-MaLR	1952	-	86	100670568	7946
chr15	100662622	100862622	harbor2	chr15	100702925	100703174	LTR/ERVL-MaLR	423	-	124	100703049	40427
chr15	100662622	100862622	harbor2	chr15	100717298	100717458	LTR/ERVL-MaLR	432	-	80	100717378	54756
chr15	100662622	100862622	harbor2	chr15	100724387	100724451	LTR/ERVL-MaLR	943	-	32	100724419	61797
chr15	100662622	100862622	harbor2	chr15	100725110	100725451	LTR/ERVL-MaLR	943	-	170	100725280	62658
chr15	97826731	98026731	harbor2	chr15	97830763	97831122	LTR/ERVL-MaLR	2567	-	180	97830943	4212
chr15	97826731	98026731	harbor2	chr15	97833535	97834082	LTR/ERVL-MaLR	1940	-	274	97833809	7078
chr15	97826731	98026731	harbor2	chr15	97852488	97852844	LTR/ERVL-MaLR	1204	-	178	97852666	25935
chr15	97826731	98026731	harbor2	chr15	97852845	97854274	LTR/ERVL-MaLR	3614	-	714	97853559	26828
chr15	97826731	98026731	harbor2	chr15	97873275	97873665	LTR/ERVL-MaLR	1857	-	195	97873470	46739
chr15	97826731	98026731	harbor2	chr15	97879624	97880042	LTR/ERVL-MaLR	2335	-	209	97879833	53102
chr15	97826731	98026731	harbor2	chr15	97902623	97903060	LTR/ERVL-MaLR	1953	-	218	97902841	76110
chr15	29537359	29737359	harbor2	chr15	29559423	29559903	LTR/ERVL-MaLR	2278	-	240	29559663	22304
chr15	29537359	29737359	harbor2	chr15	29567550	29567693	LTR/ERVL-MaLR	411	-	72	29567622	30263
chr15	29537359	29737359	harbor2	chr15	29592315	29592633	LTR/ERVL-MaLR	930	-	159	29592474	55115
chr15	29537359	29737359	harbor2	chr15	29593081	29593104	LTR/ERVL-MaLR	760	-	12	29593093	55734
chr15	43272832	43472832	harbor2	chr15	43311957	43312214	LTR/ERVL-MaLR	623	-	128	43312085	39253
chr15	43272832	43472832	harbor2	chr15	43312513	43312717	LTR/ERVL-MaLR	623	-	102	43312615	39783
chr15	62345191	62545191	harbor2	chr15	62346102	62346535	LTR/ERVL-MaLR	1114	-	216	62346318	1127
chr15	62345191	62545191	harbor2	chr15	62406108	62406313	LTR/ERVL-MaLR	937	-	102	62406210	61019
chr15	62345191	62545191	harbor2	chr15	62406767	62406993	LTR/ERVL-MaLR	963	-	113	62406880	61689
chr15	62345191	62545191	harbor2	chr15	62432247	62432538	LTR/ERVL-MaLR	967	-	146	62432393	87202
chr15	62345191	62545191	harbor2	chr15	62442734	62443211	LTR/ERVL-MaLR	2417	-	238	62442972	97781
chr15	97589673	97789673	harbor2	chr15	97628859	97629101	LTR/ERVL-MaLR	2132	-	121	97628980	39307
chr15	97589673	97789673	harbor2	chr15	97630132	97630262	LTR/ERVL-MaLR	2132	-	65	97630197	40524
chr15	97589673	97789673	harbor2	chr15	97656712	97657111	LTR/ERVL-MaLR	2050	-	200	97656912	67239
chr15	97589673	97789673	harbor2	chr15	97662677	97663030	LTR/ERVL-MaLR	1838	-	176	97662853	73180
chr15	71726991	71926991	harbor2	chr15	71731799	71732256	LTR/ERVL-MaLR	2481	-	228	71732027	5036
chr15	71726991	71926991	harbor2	chr15	71788488	71788869	LTR/ERVL-MaLR	472	-	190	71788678	61687
chr15	38657418	38857418	harbor2	chr15	38670151	38670646	LTR/ERVL-MaLR	918	-	248	38670399	12981
chr15	38657418	38857418	harbor2	chr15	38670777	38671365	LTR/ERVL-MaLR	985	-	294	38671071	13653
chr15	38657418	38857418	harbor2	chr15	38682159	38682522	LTR/ERVL-MaLR	2739	-	182	38682341	24923
chr15	38657418	38857418	harbor2	chr15	38683361	38683579	LTR/ERVL-MaLR	410	-	109	38683470	26052
chr15	38657418	38857418	harbor2	chr15	38691607	38691735	LTR/ERVL-MaLR	646	-	64	38691671	34253
chr15	38657418	38857418	harbor2	chr15	38692037	38692116	LTR/ERVL-MaLR	646	-	40	38692077	34659
chr15	38657418	38857418	harbor2	chr15	38700524	38700912	LTR/ERVL-MaLR	1430	-	194	38700718	43300
chr15	38657418	38857418	harbor2	chr15	38733542	38733908	LTR/ERVL-MaLR	2401	-	183	38733725	76307
chr15	38657418	38857418	harbor2	chr15	38734096	38734453	LTR/ERVL-MaLR	1873	-	178	38734274	76856
chr15	71814769	72014769	harbor2	chr15	71867955	71868620	LTR/ERVL-MaLR	1888	-	332	71868287	53518
chr15	42912197	43112197	harbor2	chr15	42918362	42918479	LTR/ERVL-MaLR	652	-	58	42918420	6223
chr15	42912197	43112197	harbor2	chr15	42931132	42931456	LTR/ERVL-MaLR	1972	-	162	42931294	19097
chr15	42912197	43112197	harbor2	chr15	42931758	42931908	LTR/ERVL-MaLR	1972	-	75	42931833	19636
chr15	92157688	92357688	harbor2	chr15	92180366	92180704	LTR/ERVL-MaLR	2115	-	169	92180535	22847
chr15	92157688	92357688	harbor2	chr15	92181843	92182023	LTR/ERVL-MaLR	1135	-	90	92181933	24245
chr15	92157688	92357688	harbor2	chr15	92223421	92223887	LTR/ERVL-MaLR	1099	-	233	92223654	65966
chr15	92157688	92357688	harbor2	chr15	92223921	92224285	LTR/ERVL-MaLR	1065	-	182	92224103	66415
chr15	92157688	92357688	harbor2	chr15	92224344	92224364	LTR/ERVL-MaLR	948	-	10	92224354	66666
chr15	92157688	92357688	harbor2	chr15	92224365	92224722	LTR/ERVL-MaLR	2007	-	178	92224543	66855
chr15	92157688	92357688	harbor2	chr15	92224723	92224926	LTR/ERVL-MaLR	948	-	102	92224825	67137
chr15	92157688	92357688	harbor2	chr15	92225047	92225315	LTR/ERVL-MaLR	752	-	134	92225181	67493
chr15	95663697	95863697	harbor2	chr15	95699657	95699987	LTR/ERVL-MaLR	2124	-	165	95699822	36125
chr15	95663697	95863697	harbor2	chr15	95699988	95701558	LTR/ERVL-MaLR	11124	-	785	95700773	37076
chr15	95663697	95863697	harbor2	chr15	95701559	95701923	LTR/ERVL-MaLR	2269	-	182	95701741	38044
chr15	95663697	95863697	harbor2	chr15	95721509	95721874	LTR/ERVL-MaLR	1798	-	182	95721691	57994
chr15	95663697	95863697	harbor2	chr15	95727323	95727701	LTR/ERVL-MaLR	2133	-	189	95727512	63815
chr15	95663697	95863697	harbor2	chr15	95736219	95736575	LTR/ERVL-MaLR	1957	-	178	95736397	72700
chr15	95663697	95863697	harbor2	chr15	95742487	95742942	LTR/ERVL-MaLR	2325	-	228	95742715	79018
chr15	95663697	95863697	harbor2	chr15	95745553	95745803	LTR/ERVL-MaLR	2294	-	125	95745678	81981
chr15	95663697	95863697	harbor2	chr15	95745991	95746199	LTR/ERVL-MaLR	2294	-	104	95746095	82398
chr15	95663697	95863697	harbor2	chr15	95750445	95750615	LTR/ERVL-MaLR	1867	-	85	95750530	86833
chr15	95663697	95863697	harbor2	chr15	95750660	95750860	LTR/ERVL-MaLR	1867	-	100	95750760	87063
chr15	77709090	77909090	harbor2	chr15	77778015	77778428	LTR/ERVL-MaLR	1337	-	206	77778221	69131
chr16	63775723	63975723	harbor2	chr16	63843106	63843467	LTR/ERVL-MaLR	2442	-	180	63843286	67563
chr16	59423603	59623603	harbor2	chr16	59427042	59427429	LTR/ERVL-MaLR	1856	-	194	59427236	3633
chr16	59423603	59623603	harbor2	chr16	59430842	59430933	LTR/ERVL-MaLR	441	-	46	59430888	7285
chr16	59423603	59623603	harbor2	chr16	59430953	59431074	LTR/ERVL-MaLR	429	-	60	59431013	7410
chr16	59423603	59623603	harbor2	chr16	59447732	59448049	LTR/ERVL-MaLR	1730	-	158	59447890	24287
chr16	59423603	59623603	harbor2	chr16	59478490	59478850	LTR/ERVL-MaLR	946	-	180	59478670	55067
chr16	59981922	60181922	harbor2	chr16	60015564	60015989	LTR/ERVL-MaLR	1706	-	212	60015776	33854
chr16	59981922	60181922	harbor2	chr16	60015990	60017603	LTR/ERVL-MaLR	10953	-	806	60016796	34874
chr16	59981922	60181922	harbor2	chr16	60017606	60017959	LTR/ERVL-MaLR	1949	-	176	60017782	35860
chr16	59981922	60181922	harbor2	chr16	60023294	60023754	LTR/ERVL-MaLR	1957	-	230	60023524	41602
chr16	59981922	60181922	harbor2	chr16	60064075	60064609	LTR/ERVL-MaLR	1470	-	267	60064342	82420
chr16	59981922	60181922	harbor2	chr16	60064630	60064787	LTR/ERVL-MaLR	539	-	78	60064708	82786
chr16	59981922	60181922	harbor2	chr16	60064786	60065734	LTR/ERVL-MaLR	1821	-	474	60065260	83338
chr16	59981922	60181922	harbor2	chr16	60065749	60066255	LTR/ERVL-MaLR	1015	-	253	60066002	84080
chr16	59981922	60181922	harbor2	chr16	60077898	60078284	LTR/ERVL-MaLR	1769	-	193	60078091	96169
chr16	69635357	69835357	harbor2	chr16	69635518	69635846	LTR/ERVL-MaLR	2495	-	164	69635682	325
chr16	69635357	69835357	harbor2	chr16	69635847	69637415	LTR/ERVL-MaLR	11324	-	784	69636631	1274
chr16	69635357	69835357	harbor2	chr16	69637416	69637769	LTR/ERVL-MaLR	2455	-	176	69637592	2235
chr16	69635357	69835357	harbor2	chr16	69706985	69707178	LTR/ERVL-MaLR	1102	-	96	69707081	71724
chr16	69635357	69835357	harbor2	chr16	69707319	69707441	LTR/ERVL-MaLR	1106	-	61	69707380	72023
chr16	69635357	69835357	harbor2	chr16	69707746	69707843	LTR/ERVL-MaLR	1106	-	48	69707794	72437
chr16	65634977	65834977	harbor2	chr16	65670025	65670462	LTR/ERVL-MaLR	2441	-	218	65670243	35266
chr16	65634977	65834977	harbor2	chr16	65689375	65689909	LTR/ERVL-MaLR	2293	-	267	65689642	54665
chr16	65634977	65834977	harbor2	chr16	65730005	65730400	LTR/ERVL-MaLR	1301	-	198	65730203	95226
chr16	80957734	81157734	harbor2	chr16	81029858	81030209	LTR/ERVL-MaLR	2160	-	176	81030034	72300
chr16	86964460	87164460	harbor2	chr16	86968407	86968550	LTR/ERVL-MaLR	566	-	72	86968479	4019
chr16	86964460	87164460	harbor2	chr16	86990387	86990785	LTR/ERVL-MaLR	1823	-	199	86990586	26126
chr16	86964460	87164460	harbor2	chr16	87001843	87002215	LTR/ERVL-MaLR	2320	-	186	87002029	37569
chr16	86964460	87164460	harbor2	chr16	87017968	87018136	LTR/ERVL-MaLR	638	-	84	87018052	53592
chr16	86964460	87164460	harbor2	chr16	87027649	87027855	LTR/ERVL-MaLR	638	-	103	87027752	63292
chr16	86964460	87164460	harbor2	chr16	87030321	87030519	LTR/ERVL-MaLR	1636	-	99	87030420	65960
chr16	86964460	87164460	harbor2	chr16	87030815	87030971	LTR/ERVL-MaLR	1636	-	78	87030893	66433
chr16	86964460	87164460	harbor2	chr16	87046624	87046999	LTR/ERVL-MaLR	1693	-	188	87046812	82352
chr16	86964460	87164460	harbor2	chr16	87049281	87049751	LTR/ERVL-MaLR	1636	-	235	87049516	85056
chr16	86964460	87164460	harbor2	chr16	86966048	86966517	LTR/ERVL-MaLR	1098	-	234	86966282	1822
chr16	72018677	72218677	harbor2	chr16	72035396	72035733	LTR/ERVL-MaLR	2391	-	168	72035564	16887
chr16	72018677	72218677	harbor2	chr16	72038165	72038345	LTR/ERVL-MaLR	1421	-	90	72038255	19578
chr16	72018677	72218677	harbor2	chr16	72038633	72038650	LTR/ERVL-MaLR	1421	-	8	72038641	19964
chr16	72018677	72218677	harbor2	chr16	72038851	72038956	LTR/ERVL-MaLR	1421	-	52	72038903	20226
chr16	72018677	72218677	harbor2	chr16	72040971	72041343	LTR/ERVL-MaLR	2811	-	186	72041157	22480
chr16	72018677	72218677	harbor2	chr16	72050899	72051324	LTR/ERVL-MaLR	827	-	212	72051111	32434
chr16	88097597	88297597	harbor2	chr16	88107198	88107558	LTR/ERVL-MaLR	2000	-	180	88107378	9781
chr16	88097597	88297597	harbor2	chr16	88153696	88153816	LTR/ERVL-MaLR	545	-	60	88153756	56159
chr16	88097597	88297597	harbor2	chr16	88153849	88154039	LTR/ERVL-MaLR	420	-	95	88153944	56347
chr16	88097597	88297597	harbor2	chr16	88193371	88193416	LTR/ERVL-MaLR	1985	-	22	88193393	95796
chr16	88097597	88297597	harbor2	chr16	88193727	88194038	LTR/ERVL-MaLR	1985	-	156	88193883	96286
chr16	61910127	62110127	harbor2	chr16	61983679	61983879	LTR/ERVL-MaLR	1456	-	100	61983779	73652
chr16	61910127	62110127	harbor2	chr16	61984214	61984366	LTR/ERVL-MaLR	1456	-	76	61984290	74163
chr16	71456392	71656392	harbor2	chr16	71474772	71474921	LTR/ERVL-MaLR	439	-	74	71474846	18454
chr16	81440204	81640204	harbor2	chr16	81481607	81481878	LTR/ERVL-MaLR	2074	-	136	81481743	41539
chr16	81440204	81640204	harbor2	chr16	81482179	81482354	LTR/ERVL-MaLR	2074	-	88	81482267	42063
chr16	81440204	81640204	harbor2	chr16	81477621	81478106	LTR/ERVL-MaLR	477	-	242	81477863	37659
chr16	59318626	59518626	harbor2	chr16	59330660	59330999	LTR/ERVL-MaLR	2171	-	170	59330830	12204
chr16	59318626	59518626	harbor2	chr16	59376403	59376837	LTR/ERVL-MaLR	2392	-	217	59376620	57994
chr16	59318626	59518626	harbor2	chr16	59377190	59377547	LTR/ERVL-MaLR	1418	-	178	59377368	58742
chr16	59318626	59518626	harbor2	chr16	59382879	59382906	LTR/ERVL-MaLR	1843	-	14	59382893	64267
chr16	59318626	59518626	harbor2	chr16	59383195	59383536	LTR/ERVL-MaLR	1843	-	170	59383365	64739
chr16	59318626	59518626	harbor2	chr16	59390916	59390940	LTR/ERVL-MaLR	720	-	12	59390928	72302
chr16	59318626	59518626	harbor2	chr16	59391611	59391923	LTR/ERVL-MaLR	720	-	156	59391767	73141
chr16	77979567	78179567	harbor2	chr16	77986773	77987011	LTR/ERVL-MaLR	446	-	119	77986892	7325
chr16	77979567	78179567	harbor2	chr16	77999644	77999999	LTR/ERVL-MaLR	859	-	178	77999822	20255
chr16	77979567	78179567	harbor2	chr16	78006844	78006871	LTR/ERVL-MaLR	516	-	14	78006858	27291
chr16	77979567	78179567	harbor2	chr16	78007176	78007277	LTR/ERVL-MaLR	516	-	50	78007226	27659
chr16	77979567	78179567	harbor2	chr16	78007273	78007494	LTR/ERVL-MaLR	1034	-	110	78007383	27816
chr16	77979567	78179567	harbor2	chr16	78036199	78036546	LTR/ERVL-MaLR	603	-	174	78036373	56806
chr16	77979567	78179567	harbor2	chr16	78039077	78039438	LTR/ERVL-MaLR	1249	-	180	78039257	59690
chr16	77979567	78179567	harbor2	chr16	78040188	78040490	LTR/ERVL-MaLR	1995	-	151	78040339	60772
chr16	77979567	78179567	harbor2	chr16	78040839	78040900	LTR/ERVL-MaLR	1995	-	30	78040869	61302
chr16	77979567	78179567	harbor2	chr16	78066265	78066446	LTR/ERVL-MaLR	1140	-	90	78066355	86788
chr16	77979567	78179567	harbor2	chr16	78066749	78066808	LTR/ERVL-MaLR	1140	-	30	78066779	87212
chr16	77979567	78179567	harbor2	chr16	78067264	78067532	LTR/ERVL-MaLR	900	-	134	78067398	87831
chr16	77979567	78179567	harbor2	chr16	78067660	78067817	LTR/ERVL-MaLR	699	-	78	78067738	88171
chr16	77979567	78179567	harbor2	chr16	78079239	78079337	LTR/ERVL-MaLR	625	-	49	78079288	99721
chr16	85121858	85321858	harbor2	chr16	85136962	85137098	LTR/ERVL-MaLR	538	-	68	85137030	15172
chr16	85121858	85321858	harbor2	chr16	85144642	85145098	LTR/ERVL-MaLR	1285	-	228	85144870	23012
chr16	82027492	82227492	harbor2	chr16	82052782	82053139	LTR/ERVL-MaLR	874	-	178	82052960	25468
chr16	82027492	82227492	harbor2	chr16	82079225	82079628	LTR/ERVL-MaLR	1983	-	202	82079427	51935
chr16	82027492	82227492	harbor2	chr16	82086732	82087127	LTR/ERVL-MaLR	1332	-	198	82086930	59438
chr16	82027492	82227492	harbor2	chr16	82087654	82088028	LTR/ERVL-MaLR	1980	-	187	82087841	60349
chr16	82027492	82227492	harbor2	chr16	82088954	82089133	LTR/ERVL-MaLR	828	-	90	82089044	61552
chr16	82027492	82227492	harbor2	chr16	82089539	82089915	LTR/ERVL-MaLR	1197	-	188	82089727	62235
chr16	82027492	82227492	harbor2	chr16	82100254	82100641	LTR/ERVL-MaLR	2348	-	194	82100448	72956
chr16	82027492	82227492	harbor2	chr16	82100642	82100666	LTR/ERVL-MaLR	1923	-	12	82100654	73162
chr16	82027492	82227492	harbor2	chr16	82101090	82101419	LTR/ERVL-MaLR	1752	-	164	82101254	73762
chr16	82027492	82227492	harbor2	chr16	82109244	82109602	LTR/ERVL-MaLR	2227	-	179	82109423	81931
chr16	82027492	82227492	harbor2	chr16	82113126	82113348	LTR/ERVL-MaLR	1022	-	111	82113237	85745
chr16	82027492	82227492	harbor2	chr16	82113433	82113467	LTR/ERVL-MaLR	1022	-	17	82113450	85958
chr16	82027492	82227492	harbor2	chr16	82113787	82113993	LTR/ERVL-MaLR	1022	-	103	82113890	86398
chr16	82027492	82227492	harbor2	chr16	82114358	82114739	LTR/ERVL-MaLR	900	-	190	82114548	87056
chr16	82027492	82227492	harbor2	chr16	82099804	82100253	LTR/ERVL-MaLR	1923	-	224	82100028	72536
chr16	78408728	78608728	harbor2	chr16	78409511	78409940	LTR/ERVL-MaLR	1637	-	214	78409725	997
chr16	78408728	78608728	harbor2	chr16	78410318	78410425	LTR/ERVL-MaLR	1637	-	54	78410372	1644
chr16	78408728	78608728	harbor2	chr16	78410417	78410527	LTR/ERVL-MaLR	1909	-	55	78410472	1744
chr16	78408728	78608728	harbor2	chr16	78410829	78411239	LTR/ERVL-MaLR	1909	-	205	78411034	2306
chr16	78408728	78608728	harbor2	chr16	78421137	78421541	LTR/ERVL-MaLR	1474	-	202	78421339	12611
chr16	78408728	78608728	harbor2	chr16	78448307	78448484	LTR/ERVL-MaLR	1774	-	88	78448395	39667
chr16	78408728	78608728	harbor2	chr16	78449073	78449431	LTR/ERVL-MaLR	1774	-	179	78449252	40524
chr16	78408728	78608728	harbor2	chr16	78464852	78465214	LTR/ERVL-MaLR	2202	-	181	78465033	56305
chr16	78408728	78608728	harbor2	chr16	78469961	78470264	LTR/ERVL-MaLR	579	-	152	78470113	61385
chr16	78408728	78608728	harbor2	chr16	78493946	78494372	LTR/ERVL-MaLR	1687	-	213	78494159	85431
chr16	78408728	78608728	harbor2	chr16	78429993	78430348	LTR/ERVL-MaLR	2349	-	178	78430171	21443
chr16	71065314	71265314	harbor2	chr16	71087213	71087573	LTR/ERVL-MaLR	1829	-	180	71087393	22079
chr16	71065314	71265314	harbor2	chr16	71108535	71108634	LTR/ERVL-MaLR	476	-	50	71108585	43271
chr16	71065314	71265314	harbor2	chr16	71108723	71109174	LTR/ERVL-MaLR	1142	-	226	71108949	43635
chr16	71065314	71265314	harbor2	chr16	71157549	71157642	LTR/ERVL-MaLR	442	-	46	71157595	92281
chr16	71065314	71265314	harbor2	chr16	71161568	71161838	LTR/ERVL-MaLR	803	-	135	71161703	96389
chr16	64408304	64608304	harbor2	chr16	64426420	64426850	LTR/ERVL-MaLR	1158	-	215	64426635	18331
chr16	64408304	64608304	harbor2	chr16	64426997	64427369	LTR/ERVL-MaLR	1655	-	186	64427183	18879
chr16	64408304	64608304	harbor2	chr16	64427739	64428266	LTR/ERVL-MaLR	920	-	264	64428003	19699
chr16	64408304	64608304	harbor2	chr16	64443049	64443456	LTR/ERVL-MaLR	2050	-	204	64443253	34949
chr16	64408304	64608304	harbor2	chr16	64457588	64457942	LTR/ERVL-MaLR	1674	-	177	64457765	49461
chr16	64408304	64608304	harbor2	chr16	64462256	64462718	LTR/ERVL-MaLR	2007	-	231	64462487	54183
chr16	65998073	66198073	harbor2	chr16	66015972	66016437	LTR/ERVL-MaLR	2278	-	232	66016204	18131
chr16	65998073	66198073	harbor2	chr16	66070447	66070955	LTR/ERVL-MaLR	2677	-	254	66070701	72628
chr16	65998073	66198073	harbor2	chr16	66072567	66072994	LTR/ERVL-MaLR	2615	-	214	66072781	74708
chr16	65998073	66198073	harbor2	chr16	66081015	66081377	LTR/ERVL-MaLR	2383	-	181	66081196	83123
chr16	65998073	66198073	harbor2	chr16	66076310	66076673	LTR/ERVL-MaLR	2089	-	182	66076492	78419
chr16	65998073	66198073	harbor2	chr16	66092788	66093159	LTR/ERVL-MaLR	1852	-	186	66092974	94901
chr16	78803735	79003735	harbor2	chr16	78806329	78806860	LTR/ERVL-MaLR	1947	-	266	78806595	2860
chr16	78803735	79003735	harbor2	chr16	78811679	78811845	LTR/ERVL-MaLR	726	-	83	78811762	8027
chr16	78803735	79003735	harbor2	chr16	78820675	78821115	LTR/ERVL-MaLR	1734	-	220	78820895	17160
chr16	78803735	79003735	harbor2	chr16	78824494	78824848	LTR/ERVL-MaLR	2707	-	177	78824671	20936
chr16	78803735	79003735	harbor2	chr16	78826355	78826765	LTR/ERVL-MaLR	815	-	205	78826560	22825
chr16	78803735	79003735	harbor2	chr16	78832011	78832525	LTR/ERVL-MaLR	1970	-	257	78832268	28533
chr16	28032397	28232397	harbor2	chr16	28034372	28034528	LTR/ERVL-MaLR	464	-	78	28034450	2053
chr16	28032397	28232397	harbor2	chr16	28073196	28073548	LTR/ERVL-MaLR	2528	-	176	28073372	40975
chr16	28032397	28232397	harbor2	chr16	28076968	28077206	LTR/ERVL-MaLR	512	-	119	28077087	44690
chr16	28032397	28232397	harbor2	chr16	28077397	28077679	LTR/ERVL-MaLR	415	-	141	28077538	45141
chr16	28032397	28232397	harbor2	chr16	28078373	28078574	LTR/ERVL-MaLR	524	-	100	28078473	46076
chr16	28032397	28232397	harbor2	chr16	28082846	28083052	LTR/ERVL-MaLR	617	-	103	28082949	50552
chr16	84115383	84315383	harbor2	chr16	84151588	84151908	LTR/ERVL-MaLR	1338	-	160	84151748	36365
chr16	84115383	84315383	harbor2	chr16	84154131	84154497	LTR/ERVL-MaLR	2137	-	183	84154314	38931
chr16	84115383	84315383	harbor2	chr16	84157868	84157925	LTR/ERVL-MaLR	2013	-	28	84157896	42513
chr16	84115383	84315383	harbor2	chr16	84158236	84158562	LTR/ERVL-MaLR	2013	-	163	84158399	43016
chr16	84115383	84315383	harbor2	chr16	84167673	84167733	LTR/ERVL-MaLR	1915	-	30	84167703	52320
chr16	84115383	84315383	harbor2	chr16	84168031	84168435	LTR/ERVL-MaLR	1915	-	202	84168233	52850
chr16	84115383	84315383	harbor2	chr16	84188178	84188438	LTR/ERVL-MaLR	1408	-	130	84188308	72925
chr16	84115383	84315383	harbor2	chr16	84189039	84189173	LTR/ERVL-MaLR	1408	-	67	84189106	73723
chr16	79780805	79980805	harbor2	chr16	79791431	79791952	LTR/ERVL-MaLR	2359	-	260	79791691	10886
chr16	79780805	79980805	harbor2	chr16	79867309	79867523	LTR/ERVL-MaLR	1134	-	107	79867416	86611
chr16	26625893	26825893	harbor2	chr16	26630739	26631083	LTR/ERVL-MaLR	1944	-	172	26630911	5018
chr16	26625893	26825893	harbor2	chr16	26631084	26632720	LTR/ERVL-MaLR	11105	-	818	26631902	6009
chr16	26625893	26825893	harbor2	chr16	26632721	26633081	LTR/ERVL-MaLR	2041	-	180	26632901	7008
chr16	26625893	26825893	harbor2	chr16	26636075	26636511	LTR/ERVL-MaLR	2468	-	218	26636293	10400
chr16	26625893	26825893	harbor2	chr16	26652248	26652646	LTR/ERVL-MaLR	2368	-	199	26652447	26554
chr16	26625893	26825893	harbor2	chr16	26668864	26669149	LTR/ERVL-MaLR	1706	-	142	26669006	43113
chr16	26625893	26825893	harbor2	chr16	26669444	26669534	LTR/ERVL-MaLR	1706	-	45	26669489	43596
chr16	26625893	26825893	harbor2	chr16	26669536	26669736	LTR/ERVL-MaLR	1138	-	100	26669636	43743
chr16	26625893	26825893	harbor2	chr16	26670392	26671467	LTR/ERVL-MaLR	2343	-	538	26670930	45037
chr16	26625893	26825893	harbor2	chr16	26671468	26671883	LTR/ERVL-MaLR	1986	-	208	26671676	45783
chr16	26625893	26825893	harbor2	chr16	26675601	26675969	LTR/ERVL-MaLR	801	-	184	26675785	49892
chr16	26625893	26825893	harbor2	chr16	26686645	26687014	LTR/ERVL-MaLR	1305	-	184	26686829	60936
chr16	26625893	26825893	harbor2	chr16	26691171	26691483	LTR/ERVL-MaLR	594	-	156	26691327	65434
chr16	26625893	26825893	harbor2	chr16	26693756	26694090	LTR/ERVL-MaLR	1820	-	167	26693923	68030
chr16	26625893	26825893	harbor2	chr16	26694091	26695685	LTR/ERVL-MaLR	11370	-	797	26694888	68995
chr16	26625893	26825893	harbor2	chr16	26695686	26696043	LTR/ERVL-MaLR	2139	-	178	26695864	69971
chr16	26625893	26825893	harbor2	chr16	26711300	26711518	LTR/ERVL-MaLR	1732	-	109	26711409	85516
chr16	26625893	26825893	harbor2	chr16	26711801	26711964	LTR/ERVL-MaLR	1732	-	82	26711883	85990
chr16	26625893	26825893	harbor2	chr16	26712033	26712468	LTR/ERVL-MaLR	991	-	218	26712251	86358
chr16	83337720	83537720	harbor2	chr16	83375960	83376469	LTR/ERVL-MaLR	957	-	254	83376214	38494
chr16	83337720	83537720	harbor2	chr16	83380486	83380906	LTR/ERVL-MaLR	727	-	210	83380696	42976
chr16	83337720	83537720	harbor2	chr16	83398159	83398626	LTR/ERVL-MaLR	1143	-	234	83398393	60673
chr16	83337720	83537720	harbor2	chr16	83421270	83421675	LTR/ERVL-MaLR	480	-	202	83421472	83752
chr16	83337720	83537720	harbor2	chr16	83431471	83431892	LTR/ERVL-MaLR	2604	-	210	83431681	93961
chr16	79477727	79677727	harbor2	chr16	79494109	79494601	LTR/ERVL-MaLR	1774	-	246	79494355	16628
chr16	79477727	79677727	harbor2	chr16	79501011	79501447	LTR/ERVL-MaLR	1392	-	218	79501229	23502
chr16	82121723	82321723	harbor2	chr16	82134564	82134928	LTR/ERVL-MaLR	686	-	182	82134746	13023
chr16	82121723	82321723	harbor2	chr16	82153887	82154120	LTR/ERVL-MaLR	791	-	116	82154003	32280
chr16	82121723	82321723	harbor2	chr16	82199256	82199529	LTR/ERVL-MaLR	572	-	136	82199392	77669
chr16	82121723	82321723	harbor2	chr16	82211328	82211723	LTR/ERVL-MaLR	2562	-	198	82211526	89803
chr16	89926180	90126180	harbor2	chr16	89951697	89951798	LTR/ERVL-MaLR	442	-	50	89951747	25567
chr16	89926180	90126180	harbor2	chr16	89957851	89958204	LTR/ERVL-MaLR	586	-	176	89958027	31847
chr16	89926180	90126180	harbor2	chr16	89980348	89980449	LTR/ERVL-MaLR	443	-	50	89980398	54218
chr16	89926180	90126180	harbor2	chr16	89980627	89980772	LTR/ERVL-MaLR	679	-	72	89980699	54519
chr16	31190682	31390682	harbor2	chr16	31234336	31234693	LTR/ERVL-MaLR	1215	-	178	31234514	43832
chr16	31190682	31390682	harbor2	chr16	31248490	31248685	LTR/ERVL-MaLR	429	-	98	31248588	57906
chr16	31190682	31390682	harbor2	chr16	31273671	31274034	LTR/ERVL-MaLR	808	-	182	31273853	83171
chr16	31190682	31390682	harbor2	chr16	31275033	31275190	LTR/ERVL-MaLR	808	-	78	31275111	84429
chr16	84042513	84242513	harbor2	chr16	84044212	84044618	LTR/ERVL-MaLR	1054	-	203	84044415	1902
chr16	54737480	54937480	harbor2	chr16	54744705	54745304	LTR/ERVL-MaLR	1557	-	300	54745005	7525
chr16	54737480	54937480	harbor2	chr16	54753836	54754226	LTR/ERVL-MaLR	2173	-	195	54754031	16551
chr16	54737480	54937480	harbor2	chr16	54758229	54758272	LTR/ERVL-MaLR	2008	-	22	54758251	20771
chr16	54737480	54937480	harbor2	chr16	54758585	54759133	LTR/ERVL-MaLR	2008	-	274	54758859	21379
chr16	54737480	54937480	harbor2	chr16	54766513	54766955	LTR/ERVL-MaLR	495	-	221	54766734	29254
chr16	54737480	54937480	harbor2	chr16	54798382	54798768	LTR/ERVL-MaLR	1439	-	193	54798575	61095
chr16	54737480	54937480	harbor2	chr16	54805667	54805919	LTR/ERVL-MaLR	1533	-	126	54805793	68313
chr16	54737480	54937480	harbor2	chr16	54805914	54806032	LTR/ERVL-MaLR	803	-	59	54805973	68493
chr16	35383973	35583973	harbor2	chr16	35386995	35387248	LTR/ERVL-MaLR	919	-	126	35387121	3148
chr16	35383973	35583973	harbor2	chr16	35409840	35410129	LTR/ERVL-MaLR	998	-	144	35409984	26011
chr16	35383973	35583973	harbor2	chr16	35481379	35481631	LTR/ERVL-MaLR	965	-	126	35481505	97532
chr16	90150802	90350802	harbor2	chr16	90188831	90189320	LTR/ERVL-MaLR	1896	-	244	90189075	38273
chr16	90150802	90350802	harbor2	chr16	90192824	90193233	LTR/ERVL-MaLR	1132	-	204	90193028	42226
chr16	90150802	90350802	harbor2	chr16	90199165	90199471	LTR/ERVL-MaLR	1076	-	153	90199318	48516
chr16	90150802	90350802	harbor2	chr16	90202723	90202741	LTR/ERVL-MaLR	2104	-	9	90202732	51930
chr16	90150802	90350802	harbor2	chr16	90202774	90203021	LTR/ERVL-MaLR	2104	-	124	90202898	52096
chr16	90150802	90350802	harbor2	chr16	90203315	90203463	LTR/ERVL-MaLR	2104	-	74	90203389	52587
chr16	90150802	90350802	harbor2	chr16	90208995	90209124	LTR/ERVL-MaLR	619	-	64	90209059	58257
chr16	90150802	90350802	harbor2	chr16	90216955	90217124	LTR/ERVL-MaLR	518	-	84	90217039	66237
chr16	90150802	90350802	harbor2	chr16	90223815	90224212	LTR/ERVL-MaLR	777	-	198	90224013	73211
chr16	90150802	90350802	harbor2	chr16	90228015	90228345	LTR/ERVL-MaLR	1131	-	165	90228180	77378
chr16	81099703	81299703	harbor2	chr16	81161036	81161408	LTR/ERVL-MaLR	1245	-	186	81161222	61519
chr16	86915111	87115111	harbor2	chr16	86923532	86923896	LTR/ERVL-MaLR	590	-	182	86923714	8603
chr16	86915111	87115111	harbor2	chr16	86961701	86962131	LTR/ERVL-MaLR	1118	-	215	86961916	46805
chr16	86915111	87115111	harbor2	chr16	86963476	86963903	LTR/ERVL-MaLR	1504	-	214	86963690	48579
chr16	86915111	87115111	harbor2	chr16	86968407	86968550	LTR/ERVL-MaLR	566	-	72	86968479	53368
chr16	86915111	87115111	harbor2	chr16	86990387	86990785	LTR/ERVL-MaLR	1823	-	199	86990586	75475
chr16	86915111	87115111	harbor2	chr16	87001843	87002215	LTR/ERVL-MaLR	2320	-	186	87002029	86918
chr16	86915111	87115111	harbor2	chr16	86966048	86966517	LTR/ERVL-MaLR	1098	-	234	86966282	51171
chr16	32790008	32990008	harbor2	chr16	32817543	32817974	LTR/ERVL-MaLR	1755	-	216	32817759	27751
chr16	82809848	83009848	harbor2	chr16	82822814	82823360	LTR/ERVL-MaLR	668	-	273	82823087	13239
chr16	82809848	83009848	harbor2	chr16	82847203	82847702	LTR/ERVL-MaLR	1985	-	250	82847453	37605
chr16	82809848	83009848	harbor2	chr16	82862725	82863073	LTR/ERVL-MaLR	637	-	174	82862899	53051
chr16	82809848	83009848	harbor2	chr16	82864325	82864713	LTR/ERVL-MaLR	2195	-	194	82864519	54671
chr16	82809848	83009848	harbor2	chr16	82864714	82866341	LTR/ERVL-MaLR	11080	-	814	82865528	55680
chr16	82809848	83009848	harbor2	chr16	82866610	82866982	LTR/ERVL-MaLR	2362	-	186	82866796	56948
chr16	82809848	83009848	harbor2	chr16	82871627	82872032	LTR/ERVL-MaLR	1107	-	202	82871829	61981
chr16	82809848	83009848	harbor2	chr16	82875836	82876202	LTR/ERVL-MaLR	2457	-	183	82876019	66171
chr16	82809848	83009848	harbor2	chr16	82906605	82907046	LTR/ERVL-MaLR	1479	-	220	82906825	96977
chr16	82809848	83009848	harbor2	chr16	82909460	82909817	LTR/ERVL-MaLR	2463	-	178	82909638	99790
chr16	77233015	77433015	harbor2	chr16	77238635	77238962	LTR/ERVL-MaLR	413	-	164	77238799	5784
chr16	77233015	77433015	harbor2	chr16	77247767	77248251	LTR/ERVL-MaLR	1763	-	242	77248009	14994
chr16	61985022	62185022	harbor2	chr16	62075519	62075828	LTR/ERVL-MaLR	1006	-	154	62075673	90651
chr16	61985022	62185022	harbor2	chr16	62082443	62082833	LTR/ERVL-MaLR	1569	-	195	62082638	97616
chr16	77040685	77240685	harbor2	chr16	77067168	77067576	LTR/ERVL-MaLR	1555	-	204	77067372	26687
chr16	77040685	77240685	harbor2	chr16	77122408	77122759	LTR/ERVL-MaLR	2305	-	176	77122584	81899
chr16	77040685	77240685	harbor2	chr16	77126917	77127270	LTR/ERVL-MaLR	2142	-	176	77127093	86408
chr16	77040685	77240685	harbor2	chr16	77139763	77140014	LTR/ERVL-MaLR	538	-	126	77139889	99204
chr16	85395447	85595447	harbor2	chr16	85402607	85402639	LTR/ERVL-MaLR	1216	-	16	85402623	7176
chr16	85395447	85595447	harbor2	chr16	85402930	85403412	LTR/ERVL-MaLR	1216	-	241	85403171	7724
chr16	85395447	85595447	harbor2	chr16	85403823	85404111	LTR/ERVL-MaLR	423	-	144	85403967	8520
chr16	85395447	85595447	harbor2	chr16	85412759	85412917	LTR/ERVL-MaLR	505	-	79	85412838	17391
chr16	85395447	85595447	harbor2	chr16	85442751	85443181	LTR/ERVL-MaLR	1081	-	215	85442966	47519
chr16	85395447	85595447	harbor2	chr16	85454526	85454987	LTR/ERVL-MaLR	1157	-	230	85454756	59309
chr16	85395447	85595447	harbor2	chr16	85467343	85467818	LTR/ERVL-MaLR	965	-	238	85467581	72134
chr16	85395447	85595447	harbor2	chr16	85472180	85472578	LTR/ERVL-MaLR	1262	-	199	85472379	76932
chr16	85395447	85595447	harbor2	chr16	85473380	85473776	LTR/ERVL-MaLR	728	-	198	85473578	78131
chr16	85395447	85595447	harbor2	chr16	85494089	85494453	LTR/ERVL-MaLR	1210	-	182	85494271	98824
chr16	85395447	85595447	harbor2	chr16	85494704	85494768	LTR/ERVL-MaLR	1210	-	32	85494736	99289
chr16	87844570	88044570	harbor2	chr16	87915869	87916051	LTR/ERVL-MaLR	1053	-	91	87915960	71390
chr16	87844570	88044570	harbor2	chr16	87921476	87921615	LTR/ERVL-MaLR	503	-	70	87921546	76976
chr16	59094115	59294115	harbor2	chr16	59139469	59139826	LTR/ERVL-MaLR	1559	-	178	59139647	45532
chr16	59094115	59294115	harbor2	chr16	59166322	59166685	LTR/ERVL-MaLR	2440	-	182	59166504	72389
chr16	59094115	59294115	harbor2	chr16	59178494	59178679	LTR/ERVL-MaLR	1135	-	92	59178586	84471
chr16	59094115	59294115	harbor2	chr16	59178873	59178967	LTR/ERVL-MaLR	1135	-	47	59178920	84805
chr16	59094115	59294115	harbor2	chr16	59179035	59179171	LTR/ERVL-MaLR	462	-	68	59179103	84988
chr16	59094115	59294115	harbor2	chr16	59183950	59184290	LTR/ERVL-MaLR	1691	-	170	59184120	90005
chr16	59094115	59294115	harbor2	chr16	59184291	59185684	LTR/ERVL-MaLR	4542	-	696	59184987	90872
chr16	59094115	59294115	harbor2	chr16	59185993	59186264	LTR/ERVL-MaLR	4542	-	136	59186129	92014
chr16	59094115	59294115	harbor2	chr16	59186267	59186631	LTR/ERVL-MaLR	1443	-	182	59186449	92334
chr16	59094115	59294115	harbor2	chr16	59189174	59189720	LTR/ERVL-MaLR	1365	-	273	59189447	95332
chr16	46913511	47113511	harbor2	chr16	46916885	46917245	LTR/ERVL-MaLR	636	-	180	46917065	3554
chr16	46913511	47113511	harbor2	chr16	46997411	46997459	LTR/ERVL-MaLR	1781	-	24	46997435	83924
chr16	46913511	47113511	harbor2	chr16	46997773	46998089	LTR/ERVL-MaLR	1781	-	158	46997931	84420
chr16	46913511	47113511	harbor2	chr16	47004725	47005092	LTR/ERVL-MaLR	1133	-	184	47004909	91398
chr16	46913511	47113511	harbor2	chr16	47008782	47008837	LTR/ERVL-MaLR	421	-	28	47008810	95299
chr16	46913511	47113511	harbor2	chr16	47010027	47010539	LTR/ERVL-MaLR	1282	-	256	47010283	96772
chr16	46913511	47113511	harbor2	chr16	47012441	47012848	LTR/ERVL-MaLR	2625	-	204	47012645	99134
chr16	87821284	88021284	harbor2	chr16	87915869	87916051	LTR/ERVL-MaLR	1053	-	91	87915960	94676
chr16	47571920	47771920	harbor2	chr16	47574537	47574860	LTR/ERVL-MaLR	952	-	162	47574699	2779
chr16	47571920	47771920	harbor2	chr16	47613941	47614363	LTR/ERVL-MaLR	2042	-	211	47614152	42232
chr16	47571920	47771920	harbor2	chr16	47637764	47638141	LTR/ERVL-MaLR	1860	-	188	47637952	66032
chr16	81721098	81921098	harbor2	chr16	81735431	81735930	LTR/ERVL-MaLR	1959	-	250	81735681	14583
chr16	81721098	81921098	harbor2	chr16	81736210	81736274	LTR/ERVL-MaLR	1959	-	32	81736242	15144
chr16	81721098	81921098	harbor2	chr16	81760114	81760615	LTR/ERVL-MaLR	991	-	250	81760364	39266
chr16	81721098	81921098	harbor2	chr16	81763270	81763684	LTR/ERVL-MaLR	632	-	207	81763477	42379
chr16	81721098	81921098	harbor2	chr16	81763994	81764010	LTR/ERVL-MaLR	521	-	8	81764002	42904
chr16	81721098	81921098	harbor2	chr16	81764326	81764474	LTR/ERVL-MaLR	521	-	74	81764400	43302
chr16	81721098	81921098	harbor2	chr16	81791400	81791563	LTR/ERVL-MaLR	739	-	82	81791482	70384
chr16	81721098	81921098	harbor2	chr16	81791865	81792026	LTR/ERVL-MaLR	739	-	80	81791945	70847
chr16	81721098	81921098	harbor2	chr16	81792158	81792201	LTR/ERVL-MaLR	2373	-	22	81792180	71082
chr16	81721098	81921098	harbor2	chr16	81792511	81792871	LTR/ERVL-MaLR	2373	-	180	81792691	71593
chr16	81721098	81921098	harbor2	chr16	81795556	81795699	LTR/ERVL-MaLR	466	-	72	81795628	74530
chr16	81721098	81921098	harbor2	chr16	81795864	81795955	LTR/ERVL-MaLR	466	-	46	81795910	74812
chr16	81721098	81921098	harbor2	chr16	81807668	81808055	LTR/ERVL-MaLR	2121	-	194	81807862	86764
chr16	31761548	31961548	harbor2	chr16	31770148	31770279	LTR/ERVL-MaLR	442	-	66	31770214	8666
chr16	31761548	31961548	harbor2	chr16	31782821	31783191	LTR/ERVL-MaLR	2422	-	185	31783006	21458
chr16	31761548	31961548	harbor2	chr16	31783196	31783826	LTR/ERVL-MaLR	4270	-	315	31783511	21963
chr16	31761548	31961548	harbor2	chr16	31799062	31799381	LTR/ERVL-MaLR	1205	-	160	31799222	37674
chr16	31761548	31961548	harbor2	chr16	31833789	31833974	LTR/ERVL-MaLR	1718	-	92	31833881	72333
chr16	31761548	31961548	harbor2	chr16	31834284	31834523	LTR/ERVL-MaLR	1718	-	120	31834404	72856
chr16	65171752	65371752	harbor2	chr16	65178680	65179022	LTR/ERVL-MaLR	2301	-	171	65178851	7099
chr16	65171752	65371752	harbor2	chr16	65242527	65243081	LTR/ERVL-MaLR	816	-	277	65242804	71052
chr16	65171752	65371752	harbor2	chr16	65255863	65256284	LTR/ERVL-MaLR	2041	-	210	65256073	84321
chr16	83339658	83539658	harbor2	chr16	83375960	83376469	LTR/ERVL-MaLR	957	-	254	83376214	36556
chr16	83339658	83539658	harbor2	chr16	83380486	83380906	LTR/ERVL-MaLR	727	-	210	83380696	41038
chr16	83339658	83539658	harbor2	chr16	83398159	83398626	LTR/ERVL-MaLR	1143	-	234	83398393	58735
chr16	83339658	83539658	harbor2	chr16	83421270	83421675	LTR/ERVL-MaLR	480	-	202	83421472	81814
chr16	83339658	83539658	harbor2	chr16	83431471	83431892	LTR/ERVL-MaLR	2604	-	210	83431681	92023
chr16	87331467	87531467	harbor2	chr16	87353087	87353355	LTR/ERVL-MaLR	458	-	134	87353221	21754
chr16	75913124	76113124	harbor2	chr16	75916897	75917346	LTR/ERVL-MaLR	1085	-	224	75917121	3997
chr16	75913124	76113124	harbor2	chr16	75932140	75932344	LTR/ERVL-MaLR	566	-	102	75932242	19118
chr16	75913124	76113124	harbor2	chr16	75935744	75936076	LTR/ERVL-MaLR	1628	-	166	75935910	22786
chr16	75913124	76113124	harbor2	chr16	75963849	75964234	LTR/ERVL-MaLR	1685	-	192	75964041	50917
chr16	75913124	76113124	harbor2	chr16	76008641	76008990	LTR/ERVL-MaLR	2357	-	174	76008815	95691
chr16	29318523	29518523	harbor2	chr16	29354306	29354772	LTR/ERVL-MaLR	1551	-	233	29354539	36016
chr16	29318523	29518523	harbor2	chr16	29363177	29363521	LTR/ERVL-MaLR	783	-	172	29363349	44826
chr16	29318523	29518523	harbor2	chr16	29363838	29363863	LTR/ERVL-MaLR	783	-	12	29363850	45327
chr16	29318523	29518523	harbor2	chr16	29364172	29364261	LTR/ERVL-MaLR	783	-	44	29364216	45693
chr16	29318523	29518523	harbor2	chr16	29371502	29371847	LTR/ERVL-MaLR	543	-	172	29371674	53151
chr16	29318523	29518523	harbor2	chr16	29375376	29375444	LTR/ERVL-MaLR	1714	-	34	29375410	56887
chr16	29318523	29518523	harbor2	chr16	29375749	29376070	LTR/ERVL-MaLR	1714	-	160	29375909	57386
chr16	58256115	58456115	harbor2	chr16	58302123	58302249	LTR/ERVL-MaLR	777	-	63	58302186	46071
chr16	58256115	58456115	harbor2	chr16	58313166	58313530	LTR/ERVL-MaLR	2820	-	182	58313348	57233
chr16	58256115	58456115	harbor2	chr16	58322317	58322648	LTR/ERVL-MaLR	1694	-	166	58322483	66368
chr16	66191418	66391418	harbor2	chr16	66206693	66207088	LTR/ERVL-MaLR	1590	-	198	66206891	15473
chr16	66191418	66391418	harbor2	chr16	66227596	66227975	LTR/ERVL-MaLR	2415	-	190	66227786	36368
chr16	66191418	66391418	harbor2	chr16	66238413	66238801	LTR/ERVL-MaLR	2394	-	194	66238607	47189
chr16	66191418	66391418	harbor2	chr16	66262832	66263292	LTR/ERVL-MaLR	1186	-	230	66263062	71644
chr16	66191418	66391418	harbor2	chr16	66284510	66284878	LTR/ERVL-MaLR	2297	-	184	66284694	93276
chr16	66191418	66391418	harbor2	chr16	66287981	66288252	LTR/ERVL-MaLR	832	-	136	66288117	96699
chr16	66191418	66391418	harbor2	chr16	66289010	66289551	LTR/ERVL-MaLR	1762	-	270	66289280	97862
chr16	86330724	86530724	harbor2	chr16	86331804	86332065	LTR/ERVL-MaLR	1148	-	130	86331934	1210
chr16	86330724	86530724	harbor2	chr16	86353628	86353756	LTR/ERVL-MaLR	531	-	64	86353692	22968
chr16	86330724	86530724	harbor2	chr16	86356010	86356360	LTR/ERVL-MaLR	900	-	175	86356185	25461
chr16	86330724	86530724	harbor2	chr16	86364681	86364810	LTR/ERVL-MaLR	495	-	64	86364745	34021
chr16	86330724	86530724	harbor2	chr16	86364953	86365098	LTR/ERVL-MaLR	505	-	72	86365025	34301
chr16	86330724	86530724	harbor2	chr16	86368390	86368769	LTR/ERVL-MaLR	1101	-	190	86368580	37856
chr16	86330724	86530724	harbor2	chr16	86376563	86376815	LTR/ERVL-MaLR	1118	-	126	86376689	45965
chr16	86330724	86530724	harbor2	chr16	86378413	86378852	LTR/ERVL-MaLR	1363	-	220	86378633	47909
chr16	86330724	86530724	harbor2	chr16	86380267	86380902	LTR/ERVL-MaLR	851	-	318	86380585	49861
chr16	86330724	86530724	harbor2	chr16	86381188	86381470	LTR/ERVL-MaLR	851	-	141	86381329	50605
chr16	86330724	86530724	harbor2	chr16	86381477	86381841	LTR/ERVL-MaLR	552	-	182	86381659	50935
chr16	86330724	86530724	harbor2	chr16	86387738	86388173	LTR/ERVL-MaLR	1270	-	218	86387956	57232
chr16	86330724	86530724	harbor2	chr16	86402497	86402841	LTR/ERVL-MaLR	1119	-	172	86402669	71945
chr16	86330724	86530724	harbor2	chr16	86403417	86403822	LTR/ERVL-MaLR	2395	-	202	86403619	72895
chr16	86330724	86530724	harbor2	chr16	86420903	86421313	LTR/ERVL-MaLR	2749	-	205	86421108	90384
chr16	86330724	86530724	harbor2	chr16	86422336	86422724	LTR/ERVL-MaLR	612	-	194	86422530	91806
chr16	86330724	86530724	harbor2	chr16	86427950	86428219	LTR/ERVL-MaLR	494	-	134	86428084	97360
chr16	86330724	86530724	harbor2	chr16	86428829	86429034	LTR/ERVL-MaLR	809	-	102	86428931	98207
chr16	86330724	86530724	harbor2	chr16	86429687	86430014	LTR/ERVL-MaLR	609	-	164	86429851	99127
chr16	68523578	68723578	harbor2	chr16	68603079	68603118	LTR/ERVL-MaLR	2379	-	20	68603099	79521
chr16	68523578	68723578	harbor2	chr16	68603415	68603774	LTR/ERVL-MaLR	2379	-	180	68603595	80017
chr16	82390386	82590386	harbor2	chr16	82402162	82402578	LTR/ERVL-MaLR	2168	-	208	82402370	11984
chr16	82390386	82590386	harbor2	chr16	82414457	82414844	LTR/ERVL-MaLR	1792	-	194	82414651	24265
chr16	82390386	82590386	harbor2	chr16	82415108	82415383	LTR/ERVL-MaLR	1792	-	138	82415246	24860
chr16	82390386	82590386	harbor2	chr16	82421876	82422380	LTR/ERVL-MaLR	1490	-	252	82422128	31742
chr16	82390386	82590386	harbor2	chr16	82441153	82441242	LTR/ERVL-MaLR	1432	-	44	82441197	50811
chr16	82390386	82590386	harbor2	chr16	82441763	82442051	LTR/ERVL-MaLR	1432	-	144	82441907	51521
chr16	82390386	82590386	harbor2	chr16	82447742	82448198	LTR/ERVL-MaLR	1906	-	228	82447970	57584
chr16	82390386	82590386	harbor2	chr16	82451520	82451811	LTR/ERVL-MaLR	440	-	146	82451666	61280
chr16	82390386	82590386	harbor2	chr16	82453750	82454158	LTR/ERVL-MaLR	864	-	204	82453954	63568
chr16	82390386	82590386	harbor2	chr16	82466181	82466221	LTR/ERVL-MaLR	2328	-	20	82466201	75815
chr16	82390386	82590386	harbor2	chr16	82466529	82466883	LTR/ERVL-MaLR	2328	-	177	82466706	76320
chr16	82390386	82590386	harbor2	chr16	82473487	82473976	LTR/ERVL-MaLR	2256	-	244	82473731	83345
chr16	82390386	82590386	harbor2	chr16	82477723	82478119	LTR/ERVL-MaLR	2212	-	198	82477921	87535
chr16	25298540	25498540	harbor2	chr16	25302845	25302946	LTR/ERVL-MaLR	552	-	50	25302895	4355
chr16	25298540	25498540	harbor2	chr16	25302976	25303211	LTR/ERVL-MaLR	486	-	118	25303094	4554
chr16	25298540	25498540	harbor2	chr16	25318940	25318990	LTR/ERVL-MaLR	1529	-	25	25318965	20425
chr16	25298540	25498540	harbor2	chr16	25319288	25319754	LTR/ERVL-MaLR	1529	-	233	25319521	20981
chr16	25298540	25498540	harbor2	chr16	25340073	25340263	LTR/ERVL-MaLR	2318	-	95	25340168	41628
chr16	25298540	25498540	harbor2	chr16	25340558	25340720	LTR/ERVL-MaLR	2318	-	81	25340639	42099
chr16	25298540	25498540	harbor2	chr16	25347198	25347553	LTR/ERVL-MaLR	2181	-	178	25347376	48836
chr16	25298540	25498540	harbor2	chr16	25379179	25379220	LTR/ERVL-MaLR	1955	-	20	25379199	80659
chr16	25298540	25498540	harbor2	chr16	25379530	25379704	LTR/ERVL-MaLR	1955	-	87	25379617	81077
chr16	25298540	25498540	harbor2	chr16	25380196	25380416	LTR/ERVL-MaLR	1955	-	110	25380306	81766
chr16	25298540	25498540	harbor2	chr16	25391298	25391681	LTR/ERVL-MaLR	1689	-	192	25391490	92950
chr16	25298540	25498540	harbor2	chr16	25396796	25397257	LTR/ERVL-MaLR	979	-	230	25397026	98486
chr16	25298540	25498540	harbor2	chr16	25345989	25346365	LTR/ERVL-MaLR	2890	-	188	25346177	47637
chr16	69514404	69714404	harbor2	chr16	69539394	69539596	LTR/ERVL-MaLR	1051	-	101	69539495	25091
chr16	69514404	69714404	harbor2	chr16	69539907	69540062	LTR/ERVL-MaLR	1051	-	78	69539985	25581
chr16	69514404	69714404	harbor2	chr16	69554886	69555230	LTR/ERVL-MaLR	2171	-	172	69555058	40654
chr16	69514404	69714404	harbor2	chr16	69557496	69557859	LTR/ERVL-MaLR	2420	-	182	69557678	43274
chr16	69514404	69714404	harbor2	chr16	69558167	69558221	LTR/ERVL-MaLR	2420	-	27	69558194	43790
chr16	69514404	69714404	harbor2	chr16	69611469	69611834	LTR/ERVL-MaLR	1521	-	182	69611651	97247
chr16	86568627	86768627	harbor2	chr16	86607714	86608085	LTR/ERVL-MaLR	2601	-	186	86607900	39273
chr16	86568627	86768627	harbor2	chr16	86614815	86615171	LTR/ERVL-MaLR	847	-	178	86614993	46366
chr16	86568627	86768627	harbor2	chr16	86627356	86627531	LTR/ERVL-MaLR	696	-	88	86627444	58817
chr16	86568627	86768627	harbor2	chr16	86627538	86627717	LTR/ERVL-MaLR	432	-	90	86627628	59001
chr16	86568627	86768627	harbor2	chr16	86642628	86642851	LTR/ERVL-MaLR	424	-	112	86642740	74113
chr16	86568627	86768627	harbor2	chr16	86647705	86648115	LTR/ERVL-MaLR	574	-	205	86647910	79283
chr16	75954982	76154982	harbor2	chr16	75963849	75964234	LTR/ERVL-MaLR	1685	-	192	75964041	9059
chr16	75954982	76154982	harbor2	chr16	76008641	76008990	LTR/ERVL-MaLR	2357	-	174	76008815	53833
chr16	75954982	76154982	harbor2	chr16	76037319	76037695	LTR/ERVL-MaLR	2453	-	188	76037507	82525
chr16	75954982	76154982	harbor2	chr16	76037719	76037834	LTR/ERVL-MaLR	641	-	58	76037777	82795
chr16	75954982	76154982	harbor2	chr16	76046564	76046993	LTR/ERVL-MaLR	2796	-	214	76046778	91796
chr16	85146889	85346889	harbor2	chr16	85225745	85226144	LTR/ERVL-MaLR	1217	-	200	85225945	79056
chr16	85146889	85346889	harbor2	chr16	85229808	85229996	LTR/ERVL-MaLR	460	-	94	85229902	83013
chr16	85146889	85346889	harbor2	chr16	85230377	85230632	LTR/ERVL-MaLR	717	-	128	85230505	83616
chr16	85146889	85346889	harbor2	chr16	85243184	85243343	LTR/ERVL-MaLR	631	-	80	85243264	96375
chr16	70756256	70956256	harbor2	chr16	70797115	70797472	LTR/ERVL-MaLR	1394	-	178	70797293	41037
chr16	87491220	87691220	harbor2	chr16	87500955	87501220	LTR/ERVL-MaLR	1116	-	132	87501087	9867
chr16	87491220	87691220	harbor2	chr16	87505859	87506200	LTR/ERVL-MaLR	419	-	170	87506029	14809
chr16	87491220	87691220	harbor2	chr16	87508847	87508987	LTR/ERVL-MaLR	1611	-	70	87508917	17697
chr16	87491220	87691220	harbor2	chr16	87509290	87509470	LTR/ERVL-MaLR	1611	-	90	87509380	18160
chr16	87491220	87691220	harbor2	chr16	87509720	87509862	LTR/ERVL-MaLR	991	-	71	87509791	18571
chr16	87491220	87691220	harbor2	chr16	87509863	87510556	LTR/ERVL-MaLR	10640	-	346	87510209	18989
chr16	87491220	87691220	harbor2	chr16	87510859	87511222	LTR/ERVL-MaLR	10640	-	182	87511041	19821
chr16	87491220	87691220	harbor2	chr16	87511529	87512122	LTR/ERVL-MaLR	10640	-	296	87511825	20605
chr16	87491220	87691220	harbor2	chr16	87512938	87513054	LTR/ERVL-MaLR	675	-	58	87512996	21776
chr16	87491220	87691220	harbor2	chr16	87519689	87519748	LTR/ERVL-MaLR	648	-	30	87519719	28499
chr16	87491220	87691220	harbor2	chr16	87520087	87520278	LTR/ERVL-MaLR	648	-	96	87520183	28963
chr16	87491220	87691220	harbor2	chr16	87521721	87522043	LTR/ERVL-MaLR	856	-	161	87521882	30662
chr16	87491220	87691220	harbor2	chr16	87522940	87523074	LTR/ERVL-MaLR	480	-	67	87523007	31787
chr16	87491220	87691220	harbor2	chr16	87525028	87525463	LTR/ERVL-MaLR	1120	-	218	87525246	34026
chr16	87491220	87691220	harbor2	chr16	87531783	87532046	LTR/ERVL-MaLR	426	-	132	87531915	40695
chr16	87491220	87691220	harbor2	chr16	87533234	87533553	LTR/ERVL-MaLR	618	-	160	87533394	42174
chr16	87491220	87691220	harbor2	chr16	87535299	87535763	LTR/ERVL-MaLR	1852	-	232	87535531	44311
chr16	87491220	87691220	harbor2	chr16	87536015	87536226	LTR/ERVL-MaLR	901	-	106	87536121	44901
chr16	87491220	87691220	harbor2	chr16	87537193	87537325	LTR/ERVL-MaLR	901	-	66	87537259	46039
chr16	87491220	87691220	harbor2	chr16	87545663	87545719	LTR/ERVL-MaLR	1188	-	28	87545691	54471
chr16	87491220	87691220	harbor2	chr16	87546028	87546522	LTR/ERVL-MaLR	1188	-	247	87546275	55055
chr16	87491220	87691220	harbor2	chr16	87576429	87576782	LTR/ERVL-MaLR	1206	-	176	87576605	85385
chr16	87491220	87691220	harbor2	chr16	87580988	87581291	LTR/ERVL-MaLR	772	-	152	87581140	89920
chr16	87491220	87691220	harbor2	chr16	87585918	87586441	LTR/ERVL-MaLR	1687	-	262	87586180	94960
chr16	87491220	87691220	harbor2	chr16	87506807	87507282	LTR/ERVL-MaLR	947	-	238	87507045	15825
chr16	56941325	57141325	harbor2	chr16	56966047	56966282	LTR/ERVL-MaLR	1040	-	118	56966165	24840
chr16	56941325	57141325	harbor2	chr16	56969000	56969297	LTR/ERVL-MaLR	690	-	148	56969148	27823
chr16	56941325	57141325	harbor2	chr16	56998910	56999266	LTR/ERVL-MaLR	1778	-	178	56999088	57763
chr16	56941325	57141325	harbor2	chr16	57014103	57014195	LTR/ERVL-MaLR	511	-	46	57014149	72824
chr16	56941325	57141325	harbor2	chr16	57014695	57014920	LTR/ERVL-MaLR	1600	-	112	57014807	73482
chr16	56941325	57141325	harbor2	chr16	57015229	57015392	LTR/ERVL-MaLR	1600	-	82	57015311	73986
chr16	56941325	57141325	harbor2	chr16	57017466	57017870	LTR/ERVL-MaLR	1308	-	202	57017668	76343
chr16	56941325	57141325	harbor2	chr16	57019457	57019870	LTR/ERVL-MaLR	1341	-	206	57019663	78338
chr16	56941325	57141325	harbor2	chr16	57027469	57027958	LTR/ERVL-MaLR	1087	-	244	57027713	86388
chr16	76557931	76757931	harbor2	chr16	76567371	76567654	LTR/ERVL-MaLR	640	-	142	76567513	9582
chr16	76557931	76757931	harbor2	chr16	76585523	76586056	LTR/ERVL-MaLR	1146	-	266	76585789	27858
chr16	76557931	76757931	harbor2	chr16	76596269	76596478	LTR/ERVL-MaLR	705	-	104	76596373	38442
chr16	76557931	76757931	harbor2	chr16	76599246	76599374	LTR/ERVL-MaLR	584	-	64	76599310	41379
chr16	76557931	76757931	harbor2	chr16	76634638	76634935	LTR/ERVL-MaLR	883	-	148	76634786	76855
chr16	76557931	76757931	harbor2	chr16	76635381	76635600	LTR/ERVL-MaLR	556	-	110	76635491	77560
chr16	76557931	76757931	harbor2	chr16	76636763	76637288	LTR/ERVL-MaLR	1266	-	262	76637025	79094
chr16	90220735	90420735	harbor2	chr16	90223815	90224212	LTR/ERVL-MaLR	777	-	198	90224013	3278
chr16	90220735	90420735	harbor2	chr16	90228015	90228345	LTR/ERVL-MaLR	1131	-	165	90228180	7445
chr16	80277714	80477714	harbor2	chr16	80280798	80281148	LTR/ERVL-MaLR	2248	-	175	80280973	3259
chr16	80277714	80477714	harbor2	chr16	80284054	80284541	LTR/ERVL-MaLR	1905	-	244	80284298	6584
chr16	80277714	80477714	harbor2	chr16	80294453	80294921	LTR/ERVL-MaLR	2218	-	234	80294687	16973
chr16	80277714	80477714	harbor2	chr16	80307219	80307586	LTR/ERVL-MaLR	1779	-	184	80307403	29689
chr16	80277714	80477714	harbor2	chr16	80314577	80314869	LTR/ERVL-MaLR	1097	-	146	80314723	37009
chr16	80277714	80477714	harbor2	chr16	80315167	80315290	LTR/ERVL-MaLR	1097	-	62	80315229	37515
chr16	80277714	80477714	harbor2	chr16	80323515	80324007	LTR/ERVL-MaLR	1512	-	246	80323761	46047
chr16	80277714	80477714	harbor2	chr16	80329454	80329585	LTR/ERVL-MaLR	494	-	66	80329520	51806
chr16	80277714	80477714	harbor2	chr16	80336204	80336607	LTR/ERVL-MaLR	2262	-	202	80336406	58692
chr16	80277714	80477714	harbor2	chr16	80350073	80350385	LTR/ERVL-MaLR	2071	-	156	80350229	72515
chr16	80277714	80477714	harbor2	chr16	80350678	80350879	LTR/ERVL-MaLR	2071	-	100	80350778	73064
chr16	80277714	80477714	harbor2	chr16	80353580	80354095	LTR/ERVL-MaLR	770	-	258	80353838	76124
chr16	80277714	80477714	harbor2	chr16	80363647	80364007	LTR/ERVL-MaLR	1234	-	180	80363827	86113
chr16	80277714	80477714	harbor2	chr16	80364251	80364507	LTR/ERVL-MaLR	517	-	128	80364379	86665
chr16	80277714	80477714	harbor2	chr16	80372966	80373415	LTR/ERVL-MaLR	1667	-	224	80373190	95476
chr16	80277714	80477714	harbor2	chr16	80374015	80374186	LTR/ERVL-MaLR	1022	-	86	80374101	96387
chr16	86563655	86763655	harbor2	chr16	86607714	86608085	LTR/ERVL-MaLR	2601	-	186	86607900	44245
chr16	86563655	86763655	harbor2	chr16	86614815	86615171	LTR/ERVL-MaLR	847	-	178	86614993	51338
chr16	86563655	86763655	harbor2	chr16	86627356	86627531	LTR/ERVL-MaLR	696	-	88	86627444	63789
chr16	86563655	86763655	harbor2	chr16	86627538	86627717	LTR/ERVL-MaLR	432	-	90	86627628	63973
chr16	86563655	86763655	harbor2	chr16	86642628	86642851	LTR/ERVL-MaLR	424	-	112	86642740	79085
chr16	86563655	86763655	harbor2	chr16	86647705	86648115	LTR/ERVL-MaLR	574	-	205	86647910	84255
chr16	63498290	63698290	harbor2	chr16	63515535	63515683	LTR/ERVL-MaLR	439	-	74	63515609	17319
chr16	63498290	63698290	harbor2	chr16	63551808	63552167	LTR/ERVL-MaLR	2429	-	180	63551988	53698
chr16	63498290	63698290	harbor2	chr16	63560300	63560475	LTR/ERVL-MaLR	893	-	88	63560388	62098
chr16	63498290	63698290	harbor2	chr16	63560476	63562098	LTR/ERVL-MaLR	10820	-	811	63561287	62997
chr16	63498290	63698290	harbor2	chr16	63562099	63562467	LTR/ERVL-MaLR	1809	-	184	63562283	63993
chr16	63498290	63698290	harbor2	chr16	63563767	63564094	LTR/ERVL-MaLR	1070	-	164	63563931	65641
chr16	82162045	82362045	harbor2	chr16	82199256	82199529	LTR/ERVL-MaLR	572	-	136	82199392	37347
chr16	82162045	82362045	harbor2	chr16	82211328	82211723	LTR/ERVL-MaLR	2562	-	198	82211526	49481
chr16	82162045	82362045	harbor2	chr16	82241294	82241701	LTR/ERVL-MaLR	413	-	204	82241498	79453
chr16	82162045	82362045	harbor2	chr16	82256336	82256712	LTR/ERVL-MaLR	2745	-	188	82256524	94479
chr16	82162045	82362045	harbor2	chr16	82259638	82259995	LTR/ERVL-MaLR	1151	-	178	82259816	97771
chr16	69563004	69763004	harbor2	chr16	69611469	69611834	LTR/ERVL-MaLR	1521	-	182	69611651	48647
chr16	69563004	69763004	harbor2	chr16	69635518	69635846	LTR/ERVL-MaLR	2495	-	164	69635682	72678
chr16	69563004	69763004	harbor2	chr16	69635847	69637415	LTR/ERVL-MaLR	11324	-	784	69636631	73627
chr16	69563004	69763004	harbor2	chr16	69637416	69637769	LTR/ERVL-MaLR	2455	-	176	69637592	74588
chr16	6116683	6316683	harbor2	chr16	6118286	6118507	LTR/ERVL-MaLR	973	-	110	6118396	1713
chr16	6116683	6316683	harbor2	chr16	6118852	6118967	LTR/ERVL-MaLR	639	-	58	6118910	2227
chr16	6116683	6316683	harbor2	chr16	6138363	6138486	LTR/ERVL-MaLR	429	-	62	6138425	21742
chr16	6116683	6316683	harbor2	chr16	6138893	6139029	LTR/ERVL-MaLR	634	-	68	6138961	22278
chr16	6116683	6316683	harbor2	chr16	6157791	6158158	LTR/ERVL-MaLR	908	-	184	6157975	41292
chr16	6116683	6316683	harbor2	chr16	6172775	6173249	LTR/ERVL-MaLR	1717	-	237	6173012	56329
chr16	6116683	6316683	harbor2	chr16	6179722	6179829	LTR/ERVL-MaLR	436	-	54	6179776	63093
chr16	6116683	6316683	harbor2	chr16	6181958	6182129	LTR/ERVL-MaLR	612	-	86	6182044	65361
chr16	6116683	6316683	harbor2	chr16	6183911	6184269	LTR/ERVL-MaLR	2216	-	179	6184090	67407
chr16	84868900	85068900	harbor2	chr16	84887996	84888248	LTR/ERVL-MaLR	1584	-	126	84888122	19222
chr16	84868900	85068900	harbor2	chr16	84891071	84891176	LTR/ERVL-MaLR	541	-	52	84891123	22223
chr16	84868900	85068900	harbor2	chr16	84909774	84910085	LTR/ERVL-MaLR	1465	-	156	84909930	41030
chr16	84868900	85068900	harbor2	chr16	84910380	84910404	LTR/ERVL-MaLR	1049	-	12	84910392	41492
chr16	84868900	85068900	harbor2	chr16	84931017	84931287	LTR/ERVL-MaLR	1215	-	135	84931152	62252
chr16	84868900	85068900	harbor2	chr16	84957806	84958050	LTR/ERVL-MaLR	436	-	122	84957928	89028
chr16	84868900	85068900	harbor2	chr16	84951004	84951393	LTR/ERVL-MaLR	1153	-	194	84951198	82298
chr16	75930159	76130159	harbor2	chr16	75932140	75932344	LTR/ERVL-MaLR	566	-	102	75932242	2083
chr16	75930159	76130159	harbor2	chr16	75935744	75936076	LTR/ERVL-MaLR	1628	-	166	75935910	5751
chr16	75930159	76130159	harbor2	chr16	75963849	75964234	LTR/ERVL-MaLR	1685	-	192	75964041	33882
chr16	75930159	76130159	harbor2	chr16	76008641	76008990	LTR/ERVL-MaLR	2357	-	174	76008815	78656
chr16	79288218	79488218	harbor2	chr16	79305694	79306228	LTR/ERVL-MaLR	527	-	267	79305961	17743
chr16	79288218	79488218	harbor2	chr16	79324757	79325216	LTR/ERVL-MaLR	1413	-	230	79324987	36769
chr16	79288218	79488218	harbor2	chr16	79370918	79371449	LTR/ERVL-MaLR	1949	-	266	79371184	82966
chr16	65738546	65938546	harbor2	chr16	65753950	65754317	LTR/ERVL-MaLR	2071	-	184	65754134	15588
chr16	65738546	65938546	harbor2	chr16	65792621	65792992	LTR/ERVL-MaLR	2263	-	186	65792807	54261
chr16	65738546	65938546	harbor2	chr16	65810594	65811002	LTR/ERVL-MaLR	1007	-	204	65810798	72252
chr16	65738546	65938546	harbor2	chr16	65822210	65822458	LTR/ERVL-MaLR	581	-	124	65822334	83788
chr16	65738546	65938546	harbor2	chr16	65826737	65827244	LTR/ERVL-MaLR	1939	-	254	65826991	88445
chr16	51333094	51533094	harbor2	chr16	51337722	51338159	LTR/ERVL-MaLR	1166	-	218	51337940	4846
chr16	51333094	51533094	harbor2	chr16	51338709	51339104	LTR/ERVL-MaLR	2218	-	198	51338907	5813
chr16	51333094	51533094	harbor2	chr16	51350858	51351260	LTR/ERVL-MaLR	2250	-	201	51351059	17965
chr16	51333094	51533094	harbor2	chr16	51352037	51352408	LTR/ERVL-MaLR	2313	-	186	51352223	19129
chr16	51333094	51533094	harbor2	chr16	51352409	51352784	LTR/ERVL-MaLR	2334	-	188	51352597	19503
chr16	51333094	51533094	harbor2	chr16	51352785	51352967	LTR/ERVL-MaLR	2313	-	91	51352876	19782
chr16	51333094	51533094	harbor2	chr16	51369201	51369575	LTR/ERVL-MaLR	756	-	187	51369388	36294
chr16	51333094	51533094	harbor2	chr16	51369729	51370107	LTR/ERVL-MaLR	1191	-	189	51369918	36824
chr16	51333094	51533094	harbor2	chr16	51370142	51370436	LTR/ERVL-MaLR	1187	-	147	51370289	37195
chr16	51333094	51533094	harbor2	chr16	51370741	51370921	LTR/ERVL-MaLR	1187	-	90	51370831	37737
chr16	51333094	51533094	harbor2	chr16	51382597	51382953	LTR/ERVL-MaLR	806	-	178	51382775	49681
chr16	51333094	51533094	harbor2	chr16	51389276	51389650	LTR/ERVL-MaLR	1276	-	187	51389463	56369
chr16	51333094	51533094	harbor2	chr16	51389785	51390169	LTR/ERVL-MaLR	1801	-	192	51389977	56883
chr16	51333094	51533094	harbor2	chr16	51397097	51397430	LTR/ERVL-MaLR	2042	-	166	51397263	64169
chr16	51333094	51533094	harbor2	chr16	51397770	51397839	LTR/ERVL-MaLR	2042	-	34	51397804	64710
chr16	51333094	51533094	harbor2	chr16	51404153	51404740	LTR/ERVL-MaLR	887	-	294	51404447	71353
chr16	51333094	51533094	harbor2	chr16	51421256	51421605	LTR/ERVL-MaLR	2135	-	174	51421430	88336
chr16	51333094	51533094	harbor2	chr16	51421606	51423156	LTR/ERVL-MaLR	11727	-	775	51422381	89287
chr16	51333094	51533094	harbor2	chr16	51423157	51423510	LTR/ERVL-MaLR	2439	-	176	51423333	90239
chr16	51333094	51533094	harbor2	chr16	51380073	51380576	LTR/ERVL-MaLR	902	-	252	51380325	47231
chr16	88200187	88400187	harbor2	chr16	88203544	88203916	LTR/ERVL-MaLR	911	-	186	88203730	3543
chr16	88200187	88400187	harbor2	chr16	88207540	88207960	LTR/ERVL-MaLR	787	-	210	88207750	7563
chr16	88200187	88400187	harbor2	chr16	88221647	88222036	LTR/ERVL-MaLR	593	-	194	88221841	21654
chr16	88200187	88400187	harbor2	chr16	88227957	88228198	LTR/ERVL-MaLR	483	-	120	88228077	27890
chr16	88200187	88400187	harbor2	chr16	88231469	88231901	LTR/ERVL-MaLR	1293	-	216	88231685	31498
chr16	88200187	88400187	harbor2	chr16	88242317	88242634	LTR/ERVL-MaLR	1454	-	158	88242475	42288
chr16	88200187	88400187	harbor2	chr16	88297609	88297869	LTR/ERVL-MaLR	623	-	130	88297739	97552
chr16	77095281	77295281	harbor2	chr16	77122408	77122759	LTR/ERVL-MaLR	2305	-	176	77122584	27303
chr16	77095281	77295281	harbor2	chr16	77126917	77127270	LTR/ERVL-MaLR	2142	-	176	77127093	31812
chr16	77095281	77295281	harbor2	chr16	77139763	77140014	LTR/ERVL-MaLR	538	-	126	77139889	44608
chr16	77095281	77295281	harbor2	chr16	77158390	77158730	LTR/ERVL-MaLR	1596	-	170	77158560	63279
chr16	77095281	77295281	harbor2	chr16	77159037	77159139	LTR/ERVL-MaLR	1596	-	51	77159088	63807
chr16	88324619	88524619	harbor2	chr16	88324828	88325047	LTR/ERVL-MaLR	1165	-	110	88324938	319
chr16	88324619	88524619	harbor2	chr16	88335262	88335669	LTR/ERVL-MaLR	699	-	204	88335466	10847
chr16	88324619	88524619	harbor2	chr16	88343477	88343876	LTR/ERVL-MaLR	2652	-	200	88343677	19058
chr16	88324619	88524619	harbor2	chr16	88348252	88348477	LTR/ERVL-MaLR	459	-	112	88348364	23745
chr16	88324619	88524619	harbor2	chr16	88396137	88396338	LTR/ERVL-MaLR	647	-	100	88396237	71618
chr16	88324619	88524619	harbor2	chr16	88397166	88397368	LTR/ERVL-MaLR	465	-	101	88397267	72648
chr16	88324619	88524619	harbor2	chr16	88404862	88405020	LTR/ERVL-MaLR	490	-	79	88404941	80322
chr16	88324619	88524619	harbor2	chr16	88410851	88411182	LTR/ERVL-MaLR	685	-	166	88411017	86398
chr16	88324619	88524619	harbor2	chr16	88423503	88424006	LTR/ERVL-MaLR	1892	-	252	88423755	99136
chr16	64027681	64227681	harbor2	chr16	64035273	64035636	LTR/ERVL-MaLR	1880	-	182	64035455	7774
chr16	64027681	64227681	harbor2	chr16	64042204	64042496	LTR/ERVL-MaLR	1606	-	146	64042350	14669
chr16	64027681	64227681	harbor2	chr16	64058371	64058759	LTR/ERVL-MaLR	2286	-	194	64058565	30884
chr16	64027681	64227681	harbor2	chr16	64058760	64059093	LTR/ERVL-MaLR	2226	-	166	64058926	31245
chr16	64027681	64227681	harbor2	chr16	64089202	64089568	LTR/ERVL-MaLR	1607	-	183	64089385	61704
chr16	64027681	64227681	harbor2	chr16	64113348	64113724	LTR/ERVL-MaLR	1893	-	188	64113536	85855
chr16	12619223	12819223	harbor2	chr16	12641989	12642242	LTR/ERVL-MaLR	728	-	126	12642115	22892
chr16	12619223	12819223	harbor2	chr16	12642566	12642577	LTR/ERVL-MaLR	668	-	6	12642572	23349
chr16	12619223	12819223	harbor2	chr16	12642881	12643049	LTR/ERVL-MaLR	765	-	84	12642965	23742
chr16	12619223	12819223	harbor2	chr16	12643129	12643427	LTR/ERVL-MaLR	770	-	149	12643278	24055
chr16	12619223	12819223	harbor2	chr16	12649446	12649822	LTR/ERVL-MaLR	688	-	188	12649634	30411
chr16	12619223	12819223	harbor2	chr16	12659751	12660104	LTR/ERVL-MaLR	2152	-	176	12659927	40704
chr16	12619223	12819223	harbor2	chr16	12683827	12684123	LTR/ERVL-MaLR	531	-	148	12683975	64752
chr16	12619223	12819223	harbor2	chr16	12718959	12719148	LTR/ERVL-MaLR	1137	-	94	12719053	99830
chr16	69755848	69955848	harbor2	chr16	69781660	69782001	LTR/ERVL-MaLR	1070	-	170	69781830	25982
chr16	69755848	69955848	harbor2	chr16	69782294	69782320	LTR/ERVL-MaLR	1070	-	13	69782307	26459
chr16	69755848	69955848	harbor2	chr16	69838468	69838686	LTR/ERVL-MaLR	691	-	109	69838577	82729
chr16	69755848	69955848	harbor2	chr16	69847708	69847911	LTR/ERVL-MaLR	1101	-	102	69847810	91962
chr16	72170467	72370467	harbor2	chr16	72172284	72172590	LTR/ERVL-MaLR	1566	-	153	72172437	1970
chr16	72170467	72370467	harbor2	chr16	72174551	72174897	LTR/ERVL-MaLR	2126	-	173	72174724	4257
chr16	72170467	72370467	harbor2	chr16	72183273	72183709	LTR/ERVL-MaLR	2750	-	218	72183491	13024
chr16	72170467	72370467	harbor2	chr16	72212102	72212288	LTR/ERVL-MaLR	704	-	93	72212195	41728
chr16	72170467	72370467	harbor2	chr16	72258608	72258972	LTR/ERVL-MaLR	1562	-	182	72258790	88323
chr16	72170467	72370467	harbor2	chr16	72236919	72237392	LTR/ERVL-MaLR	887	-	236	72237155	66688
chr16	87496326	87696326	harbor2	chr16	87500955	87501220	LTR/ERVL-MaLR	1116	-	132	87501087	4761
chr16	87496326	87696326	harbor2	chr16	87505859	87506200	LTR/ERVL-MaLR	419	-	170	87506029	9703
chr16	87496326	87696326	harbor2	chr16	87508847	87508987	LTR/ERVL-MaLR	1611	-	70	87508917	12591
chr16	87496326	87696326	harbor2	chr16	87509290	87509470	LTR/ERVL-MaLR	1611	-	90	87509380	13054
chr16	87496326	87696326	harbor2	chr16	87509720	87509862	LTR/ERVL-MaLR	991	-	71	87509791	13465
chr16	87496326	87696326	harbor2	chr16	87509863	87510556	LTR/ERVL-MaLR	10640	-	346	87510209	13883
chr16	87496326	87696326	harbor2	chr16	87510859	87511222	LTR/ERVL-MaLR	10640	-	182	87511041	14715
chr16	87496326	87696326	harbor2	chr16	87511529	87512122	LTR/ERVL-MaLR	10640	-	296	87511825	15499
chr16	87496326	87696326	harbor2	chr16	87512938	87513054	LTR/ERVL-MaLR	675	-	58	87512996	16670
chr16	87496326	87696326	harbor2	chr16	87519689	87519748	LTR/ERVL-MaLR	648	-	30	87519719	23393
chr16	87496326	87696326	harbor2	chr16	87520087	87520278	LTR/ERVL-MaLR	648	-	96	87520183	23857
chr16	87496326	87696326	harbor2	chr16	87521721	87522043	LTR/ERVL-MaLR	856	-	161	87521882	25556
chr16	87496326	87696326	harbor2	chr16	87522940	87523074	LTR/ERVL-MaLR	480	-	67	87523007	26681
chr16	87496326	87696326	harbor2	chr16	87525028	87525463	LTR/ERVL-MaLR	1120	-	218	87525246	28920
chr16	87496326	87696326	harbor2	chr16	87531783	87532046	LTR/ERVL-MaLR	426	-	132	87531915	35589
chr16	87496326	87696326	harbor2	chr16	87533234	87533553	LTR/ERVL-MaLR	618	-	160	87533394	37068
chr16	87496326	87696326	harbor2	chr16	87535299	87535763	LTR/ERVL-MaLR	1852	-	232	87535531	39205
chr16	87496326	87696326	harbor2	chr16	87536015	87536226	LTR/ERVL-MaLR	901	-	106	87536121	39795
chr16	87496326	87696326	harbor2	chr16	87537193	87537325	LTR/ERVL-MaLR	901	-	66	87537259	40933
chr16	87496326	87696326	harbor2	chr16	87545663	87545719	LTR/ERVL-MaLR	1188	-	28	87545691	49365
chr16	87496326	87696326	harbor2	chr16	87546028	87546522	LTR/ERVL-MaLR	1188	-	247	87546275	49949
chr16	87496326	87696326	harbor2	chr16	87576429	87576782	LTR/ERVL-MaLR	1206	-	176	87576605	80279
chr16	87496326	87696326	harbor2	chr16	87580988	87581291	LTR/ERVL-MaLR	772	-	152	87581140	84814
chr16	87496326	87696326	harbor2	chr16	87585918	87586441	LTR/ERVL-MaLR	1687	-	262	87586180	89854
chr16	87496326	87696326	harbor2	chr16	87506807	87507282	LTR/ERVL-MaLR	947	-	238	87507045	10719
chr16	71109605	71309605	harbor2	chr16	71157549	71157642	LTR/ERVL-MaLR	442	-	46	71157595	47990
chr16	71109605	71309605	harbor2	chr16	71161568	71161838	LTR/ERVL-MaLR	803	-	135	71161703	52098
chr16	71109605	71309605	harbor2	chr16	71168447	71168888	LTR/ERVL-MaLR	770	-	220	71168667	59062
chr16	71109605	71309605	harbor2	chr16	71194603	71195136	LTR/ERVL-MaLR	2236	-	266	71194869	85264
chr16	74100956	74300956	harbor2	chr16	74102711	74103084	LTR/ERVL-MaLR	2789	-	186	74102897	1941
chr16	74100956	74300956	harbor2	chr16	74122162	74122537	LTR/ERVL-MaLR	1956	-	188	74122350	21394
chr16	74100956	74300956	harbor2	chr16	74135401	74135817	LTR/ERVL-MaLR	1365	-	208	74135609	34653
chr16	74100956	74300956	harbor2	chr16	74173473	74173819	LTR/ERVL-MaLR	1333	-	173	74173646	72690
chr16	74100956	74300956	harbor2	chr16	74188065	74188473	LTR/ERVL-MaLR	2100	-	204	74188269	87313
chr16	82692956	82892956	harbor2	chr16	82696714	82697220	LTR/ERVL-MaLR	1709	-	253	82696967	4011
chr16	82692956	82892956	harbor2	chr16	82701432	82701978	LTR/ERVL-MaLR	1230	-	273	82701705	8749
chr16	82692956	82892956	harbor2	chr16	82717546	82717842	LTR/ERVL-MaLR	756	-	148	82717694	24738
chr16	82692956	82892956	harbor2	chr16	82718548	82718887	LTR/ERVL-MaLR	2123	-	170	82718718	25762
chr16	82692956	82892956	harbor2	chr16	82722197	82722694	LTR/ERVL-MaLR	1050	-	248	82722445	29489
chr16	82692956	82892956	harbor2	chr16	82760632	82761017	LTR/ERVL-MaLR	2342	-	192	82760824	67868
chr16	82692956	82892956	harbor2	chr16	82761317	82761365	LTR/ERVL-MaLR	2342	-	24	82761341	68385
chr16	82692956	82892956	harbor2	chr16	82777562	82778137	LTR/ERVL-MaLR	2029	-	288	82777850	84894
chr16	82692956	82892956	harbor2	chr16	82784071	82784438	LTR/ERVL-MaLR	952	-	184	82784255	91299
chr16	82692956	82892956	harbor2	chr16	82790584	82790904	LTR/ERVL-MaLR	2223	-	160	82790744	97788
chr16	82692956	82892956	harbor2	chr16	82791980	82792019	LTR/ERVL-MaLR	2223	-	20	82792000	99044
chr16	50372999	50572999	harbor2	chr16	50378595	50379055	LTR/ERVL-MaLR	903	-	230	50378825	5826
chr16	50372999	50572999	harbor2	chr16	50392151	50392510	LTR/ERVL-MaLR	2249	-	180	50392331	19332
chr16	50372999	50572999	harbor2	chr16	50398009	50398226	LTR/ERVL-MaLR	747	-	108	50398117	25118
chr16	50372999	50572999	harbor2	chr16	50398411	50398708	LTR/ERVL-MaLR	1182	-	148	50398559	25560
chr16	50372999	50572999	harbor2	chr16	50398773	50399046	LTR/ERVL-MaLR	572	-	136	50398909	25910
chr16	50372999	50572999	harbor2	chr16	50419724	50420112	LTR/ERVL-MaLR	941	-	194	50419918	46919
chr16	50372999	50572999	harbor2	chr16	50426896	50427328	LTR/ERVL-MaLR	2447	-	216	50427112	54113
chr16	50372999	50572999	harbor2	chr16	50428586	50428769	LTR/ERVL-MaLR	647	-	92	50428678	55679
chr16	58265278	58465278	harbor2	chr16	58302123	58302249	LTR/ERVL-MaLR	777	-	63	58302186	36908
chr16	58265278	58465278	harbor2	chr16	58313166	58313530	LTR/ERVL-MaLR	2820	-	182	58313348	48070
chr16	58265278	58465278	harbor2	chr16	58322317	58322648	LTR/ERVL-MaLR	1694	-	166	58322483	57205
chr16	70519926	70719926	harbor2	chr16	70595695	70595729	LTR/ERVL-MaLR	1771	-	17	70595712	75786
chr16	70519926	70719926	harbor2	chr16	70596030	70596335	LTR/ERVL-MaLR	1771	-	152	70596182	76256
chr16	25527793	25727793	harbor2	chr16	25528854	25529215	LTR/ERVL-MaLR	2179	-	180	25529034	1241
chr16	25527793	25727793	harbor2	chr16	25544379	25544498	LTR/ERVL-MaLR	707	-	60	25544439	16646
chr16	25527793	25727793	harbor2	chr16	25545019	25545381	LTR/ERVL-MaLR	2802	-	181	25545200	17407
chr16	25527793	25727793	harbor2	chr16	25545637	25545866	LTR/ERVL-MaLR	2198	-	114	25545751	17958
chr16	25527793	25727793	harbor2	chr16	25546163	25546400	LTR/ERVL-MaLR	2198	-	118	25546281	18488
chr16	25527793	25727793	harbor2	chr16	25573846	25574100	LTR/ERVL-MaLR	706	-	127	25573973	46180
chr16	25527793	25727793	harbor2	chr16	25605998	25606338	LTR/ERVL-MaLR	677	-	170	25606168	78375
chr16	25527793	25727793	harbor2	chr16	25610332	25610486	LTR/ERVL-MaLR	843	-	77	25610409	82616
chr16	25527793	25727793	harbor2	chr16	25613298	25613662	LTR/ERVL-MaLR	2632	-	182	25613480	85687
chr16	25527793	25727793	harbor2	chr16	25618058	25618440	LTR/ERVL-MaLR	1892	-	191	25618249	90456
chr16	25527793	25727793	harbor2	chr16	25627263	25627683	LTR/ERVL-MaLR	3160	-	210	25627473	99680
chr16	66843872	67043872	harbor2	chr16	66876237	66876452	LTR/ERVL-MaLR	1970	-	108	66876345	32473
chr16	66843872	67043872	harbor2	chr16	66876688	66876840	LTR/ERVL-MaLR	1970	-	76	66876764	32892
chr16	23718324	23918324	harbor2	chr16	23720615	23720976	LTR/ERVL-MaLR	1884	-	180	23720795	2471
chr16	23718324	23918324	harbor2	chr16	23721011	23721102	LTR/ERVL-MaLR	1884	-	46	23721057	2733
chr16	23718324	23918324	harbor2	chr16	23721403	23721528	LTR/ERVL-MaLR	1884	-	62	23721465	3141
chr16	23718324	23918324	harbor2	chr16	23758256	23758735	LTR/ERVL-MaLR	1670	-	240	23758496	40172
chr16	23718324	23918324	harbor2	chr16	23764905	23765070	LTR/ERVL-MaLR	612	-	82	23764987	46663
chr16	23718324	23918324	harbor2	chr16	23765363	23765419	LTR/ERVL-MaLR	612	-	28	23765391	47067
chr16	23718324	23918324	harbor2	chr16	23765727	23765776	LTR/ERVL-MaLR	612	-	24	23765751	47427
chr16	23718324	23918324	harbor2	chr16	23765999	23766384	LTR/ERVL-MaLR	859	-	192	23766191	47867
chr16	23718324	23918324	harbor2	chr16	23766653	23766752	LTR/ERVL-MaLR	532	-	50	23766703	48379
chr16	23718324	23918324	harbor2	chr16	23785948	23786155	LTR/ERVL-MaLR	608	-	104	23786052	67728
chr16	82708028	82908028	harbor2	chr16	82717546	82717842	LTR/ERVL-MaLR	756	-	148	82717694	9666
chr16	82708028	82908028	harbor2	chr16	82718548	82718887	LTR/ERVL-MaLR	2123	-	170	82718718	10690
chr16	82708028	82908028	harbor2	chr16	82722197	82722694	LTR/ERVL-MaLR	1050	-	248	82722445	14417
chr16	82708028	82908028	harbor2	chr16	82760632	82761017	LTR/ERVL-MaLR	2342	-	192	82760824	52796
chr16	82708028	82908028	harbor2	chr16	82761317	82761365	LTR/ERVL-MaLR	2342	-	24	82761341	53313
chr16	82708028	82908028	harbor2	chr16	82777562	82778137	LTR/ERVL-MaLR	2029	-	288	82777850	69822
chr16	82708028	82908028	harbor2	chr16	82784071	82784438	LTR/ERVL-MaLR	952	-	184	82784255	76227
chr16	82708028	82908028	harbor2	chr16	82790584	82790904	LTR/ERVL-MaLR	2223	-	160	82790744	82716
chr16	82708028	82908028	harbor2	chr16	82791980	82792019	LTR/ERVL-MaLR	2223	-	20	82792000	83972
chr16	79818624	80018624	harbor2	chr16	79867309	79867523	LTR/ERVL-MaLR	1134	-	107	79867416	48792
chr16	79818624	80018624	harbor2	chr16	79889650	79890151	LTR/ERVL-MaLR	539	-	250	79889900	71276
chr16	79818624	80018624	harbor2	chr16	79901906	79902413	LTR/ERVL-MaLR	1910	-	254	79902160	83536
chr16	74031077	74231077	harbor2	chr16	74095317	74095576	LTR/ERVL-MaLR	1694	-	130	74095447	64370
chr16	74031077	74231077	harbor2	chr16	74096170	74096254	LTR/ERVL-MaLR	1694	-	42	74096212	65135
chr16	74031077	74231077	harbor2	chr16	74102711	74103084	LTR/ERVL-MaLR	2789	-	186	74102897	71820
chr16	74031077	74231077	harbor2	chr16	74122162	74122537	LTR/ERVL-MaLR	1956	-	188	74122350	91273
chr16	74031077	74231077	harbor2	chr16	74055430	74055952	LTR/ERVL-MaLR	1586	-	261	74055691	24614
chr16	85229595	85429595	harbor2	chr16	85229808	85229996	LTR/ERVL-MaLR	460	-	94	85229902	307
chr16	85229595	85429595	harbor2	chr16	85230377	85230632	LTR/ERVL-MaLR	717	-	128	85230505	910
chr16	85229595	85429595	harbor2	chr16	85243184	85243343	LTR/ERVL-MaLR	631	-	80	85243264	13669
chr16	85229595	85429595	harbor2	chr16	85282802	85283134	LTR/ERVL-MaLR	922	-	166	85282968	53373
chr16	85229595	85429595	harbor2	chr16	85293217	85293263	LTR/ERVL-MaLR	585	-	23	85293240	63645
chr16	85229595	85429595	harbor2	chr16	85293559	85293940	LTR/ERVL-MaLR	994	-	190	85293749	64154
chr16	85229595	85429595	harbor2	chr16	85295532	85295706	LTR/ERVL-MaLR	503	-	87	85295619	66024
chr16	85229595	85429595	harbor2	chr16	85312250	85312672	LTR/ERVL-MaLR	732	-	211	85312461	82866
chr16	85229595	85429595	harbor2	chr16	85320620	85320737	LTR/ERVL-MaLR	435	-	58	85320678	91083
chr16	85229595	85429595	harbor2	chr16	85326873	85327320	LTR/ERVL-MaLR	971	-	224	85327097	97502
chr16	85229595	85429595	harbor2	chr16	85327631	85327704	LTR/ERVL-MaLR	971	-	36	85327667	98072
chr16	85229595	85429595	harbor2	chr16	85295032	85295142	LTR/ERVL-MaLR	461	-	55	85295087	65492
chr16	52888577	53088577	harbor2	chr16	52894840	52895211	LTR/ERVL-MaLR	1049	-	186	52895026	6449
chr16	52888577	53088577	harbor2	chr16	52910997	52911155	LTR/ERVL-MaLR	755	-	79	52911076	22499
chr16	52888577	53088577	harbor2	chr16	52911425	52911520	LTR/ERVL-MaLR	450	-	48	52911473	22896
chr16	52888577	53088577	harbor2	chr16	52915031	52915586	LTR/ERVL-MaLR	625	-	278	52915309	26732
chr16	52888577	53088577	harbor2	chr16	52959528	52959690	LTR/ERVL-MaLR	733	-	81	52959609	71032
chr16	52888577	53088577	harbor2	chr16	52986016	52986120	LTR/ERVL-MaLR	1653	-	52	52986068	97491
chr16	52888577	53088577	harbor2	chr16	52986416	52986761	LTR/ERVL-MaLR	1653	-	172	52986588	98011
chr16	32264518	32464518	harbor2	chr16	32270876	32271285	LTR/ERVL-MaLR	2263	-	204	32271080	6562
chr16	32264518	32464518	harbor2	chr16	32296268	32296676	LTR/ERVL-MaLR	2144	-	204	32296472	31954
chr16	32264518	32464518	harbor2	chr16	32313811	32314264	LTR/ERVL-MaLR	1163	-	226	32314037	49519
chr16	32264518	32464518	harbor2	chr16	32315343	32315609	LTR/ERVL-MaLR	2028	-	133	32315476	50958
chr16	32264518	32464518	harbor2	chr16	32315983	32316044	LTR/ERVL-MaLR	2028	-	30	32316013	51495
chr16	32264518	32464518	harbor2	chr16	32316345	32316508	LTR/ERVL-MaLR	2028	-	82	32316427	51909
chr16	32264518	32464518	harbor2	chr16	32352205	32352657	LTR/ERVL-MaLR	1134	-	226	32352431	87913
chr16	32264518	32464518	harbor2	chr16	32353735	32354000	LTR/ERVL-MaLR	2145	-	132	32353867	89349
chr16	32264518	32464518	harbor2	chr16	32354376	32354437	LTR/ERVL-MaLR	2145	-	30	32354406	89888
chr16	32264518	32464518	harbor2	chr16	32354737	32354900	LTR/ERVL-MaLR	2145	-	82	32354819	90301
chr16	85121673	85321673	harbor2	chr16	85136962	85137098	LTR/ERVL-MaLR	538	-	68	85137030	15357
chr16	85121673	85321673	harbor2	chr16	85144642	85145098	LTR/ERVL-MaLR	1285	-	228	85144870	23197
chr16	90218475	90418475	harbor2	chr16	90223815	90224212	LTR/ERVL-MaLR	777	-	198	90224013	5538
chr16	90218475	90418475	harbor2	chr16	90228015	90228345	LTR/ERVL-MaLR	1131	-	165	90228180	9705
chr16	90030136	90230136	harbor2	chr16	90071080	90071134	LTR/ERVL-MaLR	1700	-	27	90071107	40971
chr16	90030136	90230136	harbor2	chr16	90071429	90071781	LTR/ERVL-MaLR	1700	-	176	90071605	41469
chr16	90030136	90230136	harbor2	chr16	90078620	90078949	LTR/ERVL-MaLR	1822	-	164	90078784	48648
chr16	90030136	90230136	harbor2	chr16	90091651	90091858	LTR/ERVL-MaLR	2511	-	104	90091755	61619
chr16	90030136	90230136	harbor2	chr16	90092143	90092305	LTR/ERVL-MaLR	2511	-	81	90092224	62088
chr16	90030136	90230136	harbor2	chr16	90113853	90114122	LTR/ERVL-MaLR	1101	-	134	90113987	83851
chr16	6696030	6896030	harbor2	chr16	6697353	6697555	LTR/ERVL-MaLR	532	-	101	6697454	1424
chr16	6696030	6896030	harbor2	chr16	6697538	6697781	LTR/ERVL-MaLR	457	-	122	6697660	1630
chr16	6696030	6896030	harbor2	chr16	6701401	6701620	LTR/ERVL-MaLR	1967	-	110	6701511	5481
chr16	6696030	6896030	harbor2	chr16	6702111	6702270	LTR/ERVL-MaLR	1967	-	80	6702191	6161
chr16	54836627	55036627	harbor2	chr16	54840500	54840844	LTR/ERVL-MaLR	1007	-	172	54840672	4045
chr16	54836627	55036627	harbor2	chr16	54844612	54845139	LTR/ERVL-MaLR	2480	-	264	54844876	8249
chr16	54836627	55036627	harbor2	chr16	54845285	54845417	LTR/ERVL-MaLR	510	-	66	54845351	8724
chr16	54836627	55036627	harbor2	chr16	54848411	54848696	LTR/ERVL-MaLR	832	-	142	54848553	11926
chr16	54836627	55036627	harbor2	chr16	54867476	54867878	LTR/ERVL-MaLR	445	-	201	54867677	31050
chr16	54836627	55036627	harbor2	chr16	54871033	54871449	LTR/ERVL-MaLR	2683	-	208	54871241	34614
chr16	54836627	55036627	harbor2	chr16	54873973	54874354	LTR/ERVL-MaLR	2389	-	190	54874163	37536
chr16	54836627	55036627	harbor2	chr16	54877246	54877629	LTR/ERVL-MaLR	2437	-	192	54877438	40811
chr16	54836627	55036627	harbor2	chr16	54886657	54887157	LTR/ERVL-MaLR	2003	-	250	54886907	50280
chr16	71122421	71322421	harbor2	chr16	71157549	71157642	LTR/ERVL-MaLR	442	-	46	71157595	35174
chr16	71122421	71322421	harbor2	chr16	71161568	71161838	LTR/ERVL-MaLR	803	-	135	71161703	39282
chr16	71122421	71322421	harbor2	chr16	71168447	71168888	LTR/ERVL-MaLR	770	-	220	71168667	46246
chr16	71122421	71322421	harbor2	chr16	71194603	71195136	LTR/ERVL-MaLR	2236	-	266	71194869	72448
chr16	71866736	72066736	harbor2	chr16	71953338	71953491	LTR/ERVL-MaLR	839	-	76	71953414	86678
chr16	71866736	72066736	harbor2	chr16	71953702	71953861	LTR/ERVL-MaLR	797	-	80	71953782	87046
chr16	77385178	77585178	harbor2	chr16	77405596	77405913	LTR/ERVL-MaLR	1094	-	158	77405754	20576
chr16	77385178	77585178	harbor2	chr16	77412523	77412884	LTR/ERVL-MaLR	2330	-	180	77412703	27525
chr16	77385178	77585178	harbor2	chr16	77418801	77418869	LTR/ERVL-MaLR	2049	-	34	77418835	33657
chr16	77385178	77585178	harbor2	chr16	77419163	77419716	LTR/ERVL-MaLR	2049	-	276	77419439	34261
chr16	77385178	77585178	harbor2	chr16	77477204	77477534	LTR/ERVL-MaLR	1679	-	165	77477369	92191
chr16	77385178	77585178	harbor2	chr16	77477839	77477891	LTR/ERVL-MaLR	1679	-	26	77477865	92687
chr16	77385178	77585178	harbor2	chr16	77478190	77478214	LTR/ERVL-MaLR	1679	-	12	77478202	93024
chr16	77385178	77585178	harbor2	chr16	77478986	77479279	LTR/ERVL-MaLR	741	-	146	77479132	93954
chr16	86341082	86541082	harbor2	chr16	86353628	86353756	LTR/ERVL-MaLR	531	-	64	86353692	12610
chr16	86341082	86541082	harbor2	chr16	86356010	86356360	LTR/ERVL-MaLR	900	-	175	86356185	15103
chr16	86341082	86541082	harbor2	chr16	86364681	86364810	LTR/ERVL-MaLR	495	-	64	86364745	23663
chr16	86341082	86541082	harbor2	chr16	86364953	86365098	LTR/ERVL-MaLR	505	-	72	86365025	23943
chr16	86341082	86541082	harbor2	chr16	86368390	86368769	LTR/ERVL-MaLR	1101	-	190	86368580	27498
chr16	86341082	86541082	harbor2	chr16	86376563	86376815	LTR/ERVL-MaLR	1118	-	126	86376689	35607
chr16	86341082	86541082	harbor2	chr16	86378413	86378852	LTR/ERVL-MaLR	1363	-	220	86378633	37551
chr16	86341082	86541082	harbor2	chr16	86380267	86380902	LTR/ERVL-MaLR	851	-	318	86380585	39503
chr16	86341082	86541082	harbor2	chr16	86381188	86381470	LTR/ERVL-MaLR	851	-	141	86381329	40247
chr16	86341082	86541082	harbor2	chr16	86381477	86381841	LTR/ERVL-MaLR	552	-	182	86381659	40577
chr16	86341082	86541082	harbor2	chr16	86387738	86388173	LTR/ERVL-MaLR	1270	-	218	86387956	46874
chr16	86341082	86541082	harbor2	chr16	86402497	86402841	LTR/ERVL-MaLR	1119	-	172	86402669	61587
chr16	86341082	86541082	harbor2	chr16	86403417	86403822	LTR/ERVL-MaLR	2395	-	202	86403619	62537
chr16	86341082	86541082	harbor2	chr16	86420903	86421313	LTR/ERVL-MaLR	2749	-	205	86421108	80026
chr16	86341082	86541082	harbor2	chr16	86422336	86422724	LTR/ERVL-MaLR	612	-	194	86422530	81448
chr16	86341082	86541082	harbor2	chr16	86427950	86428219	LTR/ERVL-MaLR	494	-	134	86428084	87002
chr16	86341082	86541082	harbor2	chr16	86428829	86429034	LTR/ERVL-MaLR	809	-	102	86428931	87849
chr16	86341082	86541082	harbor2	chr16	86429687	86430014	LTR/ERVL-MaLR	609	-	164	86429851	88769
chr16	79041513	79241513	harbor2	chr16	79043735	79044164	LTR/ERVL-MaLR	827	-	214	79043949	2436
chr16	79041513	79241513	harbor2	chr16	79046371	79046582	LTR/ERVL-MaLR	823	-	106	79046477	4964
chr16	79041513	79241513	harbor2	chr16	79047548	79047642	LTR/ERVL-MaLR	582	-	47	79047595	6082
chr16	79041513	79241513	harbor2	chr16	79050097	79050601	LTR/ERVL-MaLR	684	-	252	79050349	8836
chr16	79041513	79241513	harbor2	chr16	79051478	79051625	LTR/ERVL-MaLR	522	-	74	79051552	10039
chr16	79041513	79241513	harbor2	chr16	79079022	79079195	LTR/ERVL-MaLR	582	-	86	79079108	37595
chr16	79041513	79241513	harbor2	chr16	79098888	79099314	LTR/ERVL-MaLR	2182	-	213	79099101	57588
chr16	79041513	79241513	harbor2	chr16	79120504	79120760	LTR/ERVL-MaLR	733	-	128	79120632	79119
chr16	79041513	79241513	harbor2	chr16	79121068	79121258	LTR/ERVL-MaLR	733	-	95	79121163	79650
chr16	79041513	79241513	harbor2	chr16	79131743	79132103	LTR/ERVL-MaLR	2112	-	180	79131923	90410
chr16	57965578	58165578	harbor2	chr16	57988300	57988649	LTR/ERVL-MaLR	2339	-	174	57988474	22896
chr16	57965578	58165578	harbor2	chr16	58012293	58012475	LTR/ERVL-MaLR	462	-	91	58012384	46806
chr16	57965578	58165578	harbor2	chr16	58018102	58018222	LTR/ERVL-MaLR	1666	-	60	58018162	52584
chr16	57965578	58165578	harbor2	chr16	58018524	58018783	LTR/ERVL-MaLR	1666	-	130	58018654	53076
chr16	63994079	64194079	harbor2	chr16	64035273	64035636	LTR/ERVL-MaLR	1880	-	182	64035455	41376
chr16	63994079	64194079	harbor2	chr16	64042204	64042496	LTR/ERVL-MaLR	1606	-	146	64042350	48271
chr16	63994079	64194079	harbor2	chr16	64058371	64058759	LTR/ERVL-MaLR	2286	-	194	64058565	64486
chr16	63994079	64194079	harbor2	chr16	64058760	64059093	LTR/ERVL-MaLR	2226	-	166	64058926	64847
chr16	63994079	64194079	harbor2	chr16	64089202	64089568	LTR/ERVL-MaLR	1607	-	183	64089385	95306
chr16	87723209	87923209	harbor2	chr16	87791869	87792132	LTR/ERVL-MaLR	720	-	132	87792001	68792
chr16	87723209	87923209	harbor2	chr16	87800125	87800174	LTR/ERVL-MaLR	1420	-	24	87800149	76940
chr16	87723209	87923209	harbor2	chr16	87800422	87800779	LTR/ERVL-MaLR	1420	-	178	87800600	77391
chr16	87723209	87923209	harbor2	chr16	87809357	87809767	LTR/ERVL-MaLR	826	-	205	87809562	86353
chr16	89875520	90075520	harbor2	chr16	89951697	89951798	LTR/ERVL-MaLR	442	-	50	89951747	76227
chr16	89875520	90075520	harbor2	chr16	89957851	89958204	LTR/ERVL-MaLR	586	-	176	89958027	82507
chr16	61391965	61591965	harbor2	chr16	61420672	61421103	LTR/ERVL-MaLR	1359	-	216	61420888	28923
chr16	61391965	61591965	harbor2	chr16	61421359	61421472	LTR/ERVL-MaLR	1359	-	56	61421415	29450
chr16	61391965	61591965	harbor2	chr16	61468755	61469264	LTR/ERVL-MaLR	760	-	254	61469009	77044
chr16	85065400	85265400	harbor2	chr16	85118096	85118255	LTR/ERVL-MaLR	1110	-	80	85118176	52776
chr16	85065400	85265400	harbor2	chr16	85118511	85118653	LTR/ERVL-MaLR	1110	-	71	85118582	53182
chr16	85065400	85265400	harbor2	chr16	85136962	85137098	LTR/ERVL-MaLR	538	-	68	85137030	71630
chr16	85065400	85265400	harbor2	chr16	85144642	85145098	LTR/ERVL-MaLR	1285	-	228	85144870	79470
chr16	75865568	76065568	harbor2	chr16	75871425	75871772	LTR/ERVL-MaLR	753	-	174	75871599	6031
chr16	75865568	76065568	harbor2	chr16	75872777	75873149	LTR/ERVL-MaLR	1633	-	186	75872963	7395
chr16	75865568	76065568	harbor2	chr16	75884824	75885191	LTR/ERVL-MaLR	2419	-	184	75885008	19440
chr16	75865568	76065568	harbor2	chr16	75916897	75917346	LTR/ERVL-MaLR	1085	-	224	75917121	51553
chr16	75865568	76065568	harbor2	chr16	75932140	75932344	LTR/ERVL-MaLR	566	-	102	75932242	66674
chr16	75865568	76065568	harbor2	chr16	75935744	75936076	LTR/ERVL-MaLR	1628	-	166	75935910	70342
chr16	75865568	76065568	harbor2	chr16	75963849	75964234	LTR/ERVL-MaLR	1685	-	192	75964041	98473
chr16	46406922	46606922	harbor2	chr16	46480920	46481299	LTR/ERVL-MaLR	1943	-	190	46481110	74188
chr16	66890862	67090862	harbor2	chr16	66946222	66946358	LTR/ERVL-MaLR	664	-	68	66946290	55428
chr16	66890862	67090862	harbor2	chr16	66952757	66953062	LTR/ERVL-MaLR	1355	-	152	66952909	62047
chr16	66890862	67090862	harbor2	chr16	66962366	66962477	LTR/ERVL-MaLR	658	-	56	66962422	71560
chr16	8437037	8637037	harbor2	chr16	8462325	8462682	LTR/ERVL-MaLR	1647	-	178	8462503	25466
chr16	8437037	8637037	harbor2	chr16	8466057	8466512	LTR/ERVL-MaLR	1217	-	228	8466285	29248
chr16	8437037	8637037	harbor2	chr16	8468001	8468391	LTR/ERVL-MaLR	1573	-	195	8468196	31159
chr16	8437037	8637037	harbor2	chr16	8488101	8488348	LTR/ERVL-MaLR	520	-	124	8488225	51188
chr16	8437037	8637037	harbor2	chr16	8493071	8493637	LTR/ERVL-MaLR	2084	-	283	8493354	56317
chr16	8437037	8637037	harbor2	chr16	8514178	8514673	LTR/ERVL-MaLR	1818	-	248	8514426	77389
chr16	57990228	58190228	harbor2	chr16	58012293	58012475	LTR/ERVL-MaLR	462	-	91	58012384	22156
chr16	57990228	58190228	harbor2	chr16	58018102	58018222	LTR/ERVL-MaLR	1666	-	60	58018162	27934
chr16	57990228	58190228	harbor2	chr16	58018524	58018783	LTR/ERVL-MaLR	1666	-	130	58018654	28426
chr16	57990228	58190228	harbor2	chr16	58074106	58074416	LTR/ERVL-MaLR	1853	-	155	58074261	84033
chr16	57990228	58190228	harbor2	chr16	58074722	58074841	LTR/ERVL-MaLR	1853	-	60	58074782	84554
chr16	76182751	76382751	harbor2	chr16	76203232	76203716	LTR/ERVL-MaLR	1984	-	242	76203474	20723
chr16	88238107	88438107	harbor2	chr16	88242317	88242634	LTR/ERVL-MaLR	1454	-	158	88242475	4368
chr16	88238107	88438107	harbor2	chr16	88297609	88297869	LTR/ERVL-MaLR	623	-	130	88297739	59632
chr16	88238107	88438107	harbor2	chr16	88311911	88312282	LTR/ERVL-MaLR	2403	-	186	88312097	73990
chr16	88238107	88438107	harbor2	chr16	88323919	88324364	LTR/ERVL-MaLR	532	-	222	88324141	86034
chr16	88238107	88438107	harbor2	chr16	88324828	88325047	LTR/ERVL-MaLR	1165	-	110	88324938	86831
chr16	88238107	88438107	harbor2	chr16	88335262	88335669	LTR/ERVL-MaLR	699	-	204	88335466	97359
chr16	48371303	48571303	harbor2	chr16	48399194	48399233	LTR/ERVL-MaLR	1526	-	20	48399214	27911
chr16	48371303	48571303	harbor2	chr16	48400011	48400347	LTR/ERVL-MaLR	1526	-	168	48400179	28876
chr16	48371303	48571303	harbor2	chr16	48401092	48401362	LTR/ERVL-MaLR	576	-	135	48401227	29924
chr16	53519992	53719992	harbor2	chr16	53540357	53540736	LTR/ERVL-MaLR	2290	-	190	53540547	20555
chr16	53519992	53719992	harbor2	chr16	53570107	53570279	LTR/ERVL-MaLR	443	-	86	53570193	50201
chr16	53519992	53719992	harbor2	chr16	53577111	53577268	LTR/ERVL-MaLR	647	-	78	53577189	57197
chr16	74433944	74633944	harbor2	chr16	74434198	74434511	LTR/ERVL-MaLR	1658	-	156	74434354	410
chr16	74433944	74633944	harbor2	chr16	74442743	74443114	LTR/ERVL-MaLR	2127	-	186	74442929	8985
chr16	64686632	64886632	harbor2	chr16	64704497	64705039	LTR/ERVL-MaLR	636	-	271	64704768	18136
chr16	64686632	64886632	harbor2	chr16	64720732	64721069	LTR/ERVL-MaLR	925	-	168	64720900	34268
chr16	64686632	64886632	harbor2	chr16	64743371	64743861	LTR/ERVL-MaLR	949	-	245	64743616	56984
chr16	64686632	64886632	harbor2	chr16	64747477	64747837	LTR/ERVL-MaLR	2083	-	180	64747657	61025
chr16	64686632	64886632	harbor2	chr16	64767056	64767457	LTR/ERVL-MaLR	2507	-	200	64767256	80624
chr16	64686632	64886632	harbor2	chr16	64770012	64770038	LTR/ERVL-MaLR	1936	-	13	64770025	83393
chr16	64686632	64886632	harbor2	chr16	64771638	64772017	LTR/ERVL-MaLR	1936	-	190	64771828	85196
chr16	75088438	75288438	harbor2	chr16	75160174	75160247	LTR/ERVL-MaLR	512	-	36	75160210	71772
chr16	75088438	75288438	harbor2	chr16	75160684	75161008	LTR/ERVL-MaLR	1665	-	162	75160846	72408
chr16	75088438	75288438	harbor2	chr16	75181661	75182022	LTR/ERVL-MaLR	1842	-	180	75181841	93403
chr16	52878735	53078735	harbor2	chr16	52884004	52884372	LTR/ERVL-MaLR	2176	-	184	52884188	5453
chr16	52878735	53078735	harbor2	chr16	52894840	52895211	LTR/ERVL-MaLR	1049	-	186	52895026	16291
chr16	52878735	53078735	harbor2	chr16	52910997	52911155	LTR/ERVL-MaLR	755	-	79	52911076	32341
chr16	52878735	53078735	harbor2	chr16	52911425	52911520	LTR/ERVL-MaLR	450	-	48	52911473	32738
chr16	52878735	53078735	harbor2	chr16	52915031	52915586	LTR/ERVL-MaLR	625	-	278	52915309	36574
chr16	52878735	53078735	harbor2	chr16	52959528	52959690	LTR/ERVL-MaLR	733	-	81	52959609	80874
chr16	27297383	27497383	harbor2	chr16	27302505	27302819	LTR/ERVL-MaLR	741	-	157	27302662	5279
chr16	27297383	27497383	harbor2	chr16	27332161	27332534	LTR/ERVL-MaLR	2278	-	186	27332347	34964
chr16	27297383	27497383	harbor2	chr16	27348441	27348875	LTR/ERVL-MaLR	1368	-	217	27348658	51275
chr16	27297383	27497383	harbor2	chr16	27350940	27351470	LTR/ERVL-MaLR	1388	-	265	27351205	53822
chr16	27297383	27497383	harbor2	chr16	27352842	27353037	LTR/ERVL-MaLR	665	-	98	27352940	55557
chr16	27297383	27497383	harbor2	chr16	27353945	27354115	LTR/ERVL-MaLR	468	-	85	27354030	56647
chr16	27297383	27497383	harbor2	chr16	27359807	27360012	LTR/ERVL-MaLR	1143	-	102	27359909	62526
chr16	27297383	27497383	harbor2	chr16	27360314	27360556	LTR/ERVL-MaLR	1143	-	121	27360435	63052
chr16	27297383	27497383	harbor2	chr16	27384696	27384903	LTR/ERVL-MaLR	574	-	104	27384800	87417
chr16	27297383	27497383	harbor2	chr16	27385948	27386046	LTR/ERVL-MaLR	547	-	49	27385997	88614
chr16	27297383	27497383	harbor2	chr16	27386219	27386479	LTR/ERVL-MaLR	768	-	130	27386349	88966
chr16	27297383	27497383	harbor2	chr16	27387891	27388066	LTR/ERVL-MaLR	770	-	88	27387979	90596
chr16	27297383	27497383	harbor2	chr16	27388418	27388668	LTR/ERVL-MaLR	457	-	125	27388543	91160
chr16	27297383	27497383	harbor2	chr16	27389647	27390014	LTR/ERVL-MaLR	2366	-	184	27389831	92448
chr16	21024074	21224074	harbor2	chr16	21112344	21112694	LTR/ERVL-MaLR	2698	-	175	21112519	88445
chr16	79162423	79362423	harbor2	chr16	79177833	79178176	LTR/ERVL-MaLR	1782	-	172	79178005	15582
chr16	79162423	79362423	harbor2	chr16	79186222	79186671	LTR/ERVL-MaLR	1591	-	224	79186446	24023
chr16	53287027	53487027	harbor2	chr16	53294390	53294810	LTR/ERVL-MaLR	989	-	210	53294600	7573
chr16	53287027	53487027	harbor2	chr16	53351387	53351771	LTR/ERVL-MaLR	1929	-	192	53351579	64552
chr16	53287027	53487027	harbor2	chr16	53381254	53381703	LTR/ERVL-MaLR	2244	-	224	53381478	94451
chr16	53938045	54138045	harbor2	chr16	53996612	53996825	LTR/ERVL-MaLR	1441	-	106	53996718	58673
chr16	53938045	54138045	harbor2	chr16	53997214	53997404	LTR/ERVL-MaLR	1155	-	95	53997309	59264
chr16	53938045	54138045	harbor2	chr16	53998484	53998868	LTR/ERVL-MaLR	684	-	192	53998676	60631
chr16	53938045	54138045	harbor2	chr16	54018907	54019390	LTR/ERVL-MaLR	692	-	242	54019149	81104
chr16	53938045	54138045	harbor2	chr16	54026098	54026372	LTR/ERVL-MaLR	480	-	137	54026235	88190
chr16	53938045	54138045	harbor2	chr16	54036957	54037303	LTR/ERVL-MaLR	560	-	173	54037130	99085
chr16	81738226	81938226	harbor2	chr16	81760114	81760615	LTR/ERVL-MaLR	991	-	250	81760364	22138
chr16	81738226	81938226	harbor2	chr16	81763270	81763684	LTR/ERVL-MaLR	632	-	207	81763477	25251
chr16	81738226	81938226	harbor2	chr16	81763994	81764010	LTR/ERVL-MaLR	521	-	8	81764002	25776
chr16	81738226	81938226	harbor2	chr16	81764326	81764474	LTR/ERVL-MaLR	521	-	74	81764400	26174
chr16	81738226	81938226	harbor2	chr16	81791400	81791563	LTR/ERVL-MaLR	739	-	82	81791482	53256
chr16	81738226	81938226	harbor2	chr16	81791865	81792026	LTR/ERVL-MaLR	739	-	80	81791945	53719
chr16	81738226	81938226	harbor2	chr16	81792158	81792201	LTR/ERVL-MaLR	2373	-	22	81792180	53954
chr16	81738226	81938226	harbor2	chr16	81792511	81792871	LTR/ERVL-MaLR	2373	-	180	81792691	54465
chr16	81738226	81938226	harbor2	chr16	81795556	81795699	LTR/ERVL-MaLR	466	-	72	81795628	57402
chr16	81738226	81938226	harbor2	chr16	81795864	81795955	LTR/ERVL-MaLR	466	-	46	81795910	57684
chr16	81738226	81938226	harbor2	chr16	81807668	81808055	LTR/ERVL-MaLR	2121	-	194	81807862	69636
chr16	81738226	81938226	harbor2	chr16	81835651	81836081	LTR/ERVL-MaLR	1605	-	215	81835866	97640
chr16	78412161	78612161	harbor2	chr16	78421137	78421541	LTR/ERVL-MaLR	1474	-	202	78421339	9178
chr16	78412161	78612161	harbor2	chr16	78448307	78448484	LTR/ERVL-MaLR	1774	-	88	78448395	36234
chr16	78412161	78612161	harbor2	chr16	78449073	78449431	LTR/ERVL-MaLR	1774	-	179	78449252	37091
chr16	78412161	78612161	harbor2	chr16	78464852	78465214	LTR/ERVL-MaLR	2202	-	181	78465033	52872
chr16	78412161	78612161	harbor2	chr16	78469961	78470264	LTR/ERVL-MaLR	579	-	152	78470113	57952
chr16	78412161	78612161	harbor2	chr16	78493946	78494372	LTR/ERVL-MaLR	1687	-	213	78494159	81998
chr16	78412161	78612161	harbor2	chr16	78429993	78430348	LTR/ERVL-MaLR	2349	-	178	78430171	18010
chr16	89827450	90027450	harbor2	chr16	89861539	89862000	LTR/ERVL-MaLR	1516	-	230	89861769	34319
chr16	81402142	81602142	harbor2	chr16	81415899	81416253	LTR/ERVL-MaLR	1004	-	177	81416076	13934
chr16	81402142	81602142	harbor2	chr16	81420013	81420115	LTR/ERVL-MaLR	1876	-	51	81420064	17922
chr16	81402142	81602142	harbor2	chr16	81420425	81420701	LTR/ERVL-MaLR	1876	-	138	81420563	18421
chr16	81402142	81602142	harbor2	chr16	81421831	81421932	LTR/ERVL-MaLR	420	-	50	81421881	19739
chr16	81402142	81602142	harbor2	chr16	81423848	81424178	LTR/ERVL-MaLR	643	-	165	81424013	21871
chr16	81402142	81602142	harbor2	chr16	81481607	81481878	LTR/ERVL-MaLR	2074	-	136	81481743	79601
chr16	81402142	81602142	harbor2	chr16	81482179	81482354	LTR/ERVL-MaLR	2074	-	88	81482267	80125
chr16	81402142	81602142	harbor2	chr16	81477621	81478106	LTR/ERVL-MaLR	477	-	242	81477863	75721
chr16	87087078	87287078	harbor2	chr16	87110927	87111154	LTR/ERVL-MaLR	455	-	114	87111041	23963
chr16	87087078	87287078	harbor2	chr16	87128930	87129383	LTR/ERVL-MaLR	2014	-	226	87129156	42078
chr16	87087078	87287078	harbor2	chr16	87133683	87134075	LTR/ERVL-MaLR	1138	-	196	87133879	46801
chr16	87087078	87287078	harbor2	chr16	87138381	87138745	LTR/ERVL-MaLR	1595	-	182	87138563	51485
chr16	87087078	87287078	harbor2	chr16	87146605	87146933	LTR/ERVL-MaLR	886	-	164	87146769	59691
chr16	87087078	87287078	harbor2	chr16	87148732	87149022	LTR/ERVL-MaLR	1129	-	145	87148877	61799
chr16	87087078	87287078	harbor2	chr16	87152454	87152708	LTR/ERVL-MaLR	760	-	127	87152581	65503
chr16	73948379	74148379	harbor2	chr16	73975250	73975490	LTR/ERVL-MaLR	554	-	120	73975370	26991
chr16	73948379	74148379	harbor2	chr16	73981763	73982116	LTR/ERVL-MaLR	2074	-	176	73981939	33560
chr16	73948379	74148379	harbor2	chr16	73987787	73988130	LTR/ERVL-MaLR	1694	-	172	73987959	39580
chr16	73948379	74148379	harbor2	chr16	74018412	74018642	LTR/ERVL-MaLR	547	-	115	74018527	70148
chr16	31974389	32174389	harbor2	chr16	32027623	32027985	LTR/ERVL-MaLR	1790	-	181	32027804	53415
chr16	31974389	32174389	harbor2	chr16	32027986	32029566	LTR/ERVL-MaLR	10314	-	790	32028776	54387
chr16	31974389	32174389	harbor2	chr16	32029567	32029974	LTR/ERVL-MaLR	1898	-	204	32029771	55382
chr16	31974389	32174389	harbor2	chr16	32047215	32047456	LTR/ERVL-MaLR	1583	-	120	32047335	72946
chr16	31974389	32174389	harbor2	chr16	32071598	32072009	LTR/ERVL-MaLR	1818	-	206	32071804	97415
chr16	68412446	68612446	harbor2	chr16	68494306	68494685	LTR/ERVL-MaLR	2681	-	190	68494496	82050
chr16	73688791	73888791	harbor2	chr16	73726497	73726876	LTR/ERVL-MaLR	2045	-	190	73726687	37896
chr16	73688791	73888791	harbor2	chr16	73752333	73752676	LTR/ERVL-MaLR	478	-	172	73752505	63714
chr16	73688791	73888791	harbor2	chr16	73759117	73759492	LTR/ERVL-MaLR	1404	-	188	73759305	70514
chr16	73688791	73888791	harbor2	chr16	73772181	73772533	LTR/ERVL-MaLR	2367	-	176	73772357	83566
chr16	57629550	57829550	harbor2	chr16	57680772	57681132	LTR/ERVL-MaLR	701	-	180	57680952	51402
chr16	57629550	57829550	harbor2	chr16	57681945	57682183	LTR/ERVL-MaLR	629	-	119	57682064	52514
chr16	57629550	57829550	harbor2	chr16	57686100	57686515	LTR/ERVL-MaLR	2394	-	208	57686308	56758
chr16	57629550	57829550	harbor2	chr16	57696212	57696616	LTR/ERVL-MaLR	558	-	202	57696414	66864
chr16	57629550	57829550	harbor2	chr16	57719288	57719507	LTR/ERVL-MaLR	1822	-	110	57719398	89848
chr16	57629550	57829550	harbor2	chr16	57719808	57719896	LTR/ERVL-MaLR	1822	-	44	57719852	90302
chr16	57629550	57829550	harbor2	chr16	57724984	57725405	LTR/ERVL-MaLR	1908	-	210	57725194	95644
chr16	62980467	63180467	harbor2	chr16	63005918	63006356	LTR/ERVL-MaLR	2535	-	219	63006137	25670
chr16	62980467	63180467	harbor2	chr16	63030918	63031381	LTR/ERVL-MaLR	1350	-	232	63031150	50683
chr16	62980467	63180467	harbor2	chr16	63040780	63041169	LTR/ERVL-MaLR	1475	-	194	63040974	60507
chr16	62980467	63180467	harbor2	chr16	63076598	63076977	LTR/ERVL-MaLR	1310	-	190	63076788	96321
chr16	62980467	63180467	harbor2	chr16	63077828	63078177	LTR/ERVL-MaLR	901	-	174	63078002	97535
chr16	83180032	83380032	harbor2	chr16	83195285	83195708	LTR/ERVL-MaLR	2326	-	212	83195497	15465
chr16	83180032	83380032	harbor2	chr16	83204670	83205042	LTR/ERVL-MaLR	1215	-	186	83204856	24824
chr16	83180032	83380032	harbor2	chr16	83223096	83223497	LTR/ERVL-MaLR	1451	-	200	83223296	43264
chr16	83180032	83380032	harbor2	chr16	83233407	83233885	LTR/ERVL-MaLR	1769	-	239	83233646	53614
chr16	83180032	83380032	harbor2	chr16	83238166	83238528	LTR/ERVL-MaLR	2536	-	181	83238347	58315
chr16	83180032	83380032	harbor2	chr16	83243202	83243560	LTR/ERVL-MaLR	2321	-	179	83243381	63349
chr16	83180032	83380032	harbor2	chr16	83267143	83267449	LTR/ERVL-MaLR	987	-	153	83267296	87264
chr16	83180032	83380032	harbor2	chr16	83267848	83267990	LTR/ERVL-MaLR	987	-	71	83267919	87887
chr16	83180032	83380032	harbor2	chr16	83276444	83276588	LTR/ERVL-MaLR	1939	-	72	83276516	96484
chr16	83180032	83380032	harbor2	chr16	83276888	83277101	LTR/ERVL-MaLR	1939	-	106	83276994	96962
chr16	23273193	23473193	harbor2	chr16	23273513	23273823	LTR/ERVL-MaLR	897	-	155	23273668	475
chr16	23273193	23473193	harbor2	chr16	23274874	23275312	LTR/ERVL-MaLR	1986	-	219	23275093	1900
chr16	23273193	23473193	harbor2	chr16	23288357	23288520	LTR/ERVL-MaLR	1604	-	82	23288439	15246
chr16	23273193	23473193	harbor2	chr16	23288798	23289165	LTR/ERVL-MaLR	1604	-	184	23288982	15789
chr16	23273193	23473193	harbor2	chr16	23297382	23297553	LTR/ERVL-MaLR	494	-	86	23297468	24275
chr16	23273193	23473193	harbor2	chr16	23331298	23331325	LTR/ERVL-MaLR	496	-	14	23331312	58119
chr16	23273193	23473193	harbor2	chr16	23331620	23331759	LTR/ERVL-MaLR	496	-	70	23331690	58497
chr16	23273193	23473193	harbor2	chr16	23345339	23345675	LTR/ERVL-MaLR	902	-	168	23345507	72314
chr16	23273193	23473193	harbor2	chr16	23353240	23353775	LTR/ERVL-MaLR	1878	-	268	23353508	80315
chr16	23273193	23473193	harbor2	chr16	23366980	23367242	LTR/ERVL-MaLR	713	-	131	23367111	93918
chr16	71515898	71715898	harbor2	chr16	71615074	71615201	LTR/ERVL-MaLR	2461	-	64	71615138	99240
chr16	71515898	71715898	harbor2	chr16	71615501	71615536	LTR/ERVL-MaLR	2461	-	18	71615519	99621
chr16	71515898	71715898	harbor2	chr16	71614165	71614596	LTR/ERVL-MaLR	2461	-	216	71614381	98483
chr17	78082558	78282558	harbor2	chr17	78099332	78099694	LTR/ERVL-MaLR	2405	-	181	78099513	16955
chr17	78082558	78282558	harbor2	chr17	78099695	78100765	LTR/ERVL-MaLR	10859	-	535	78100230	17672
chr17	78082558	78282558	harbor2	chr17	78101076	78101478	LTR/ERVL-MaLR	10859	-	201	78101277	18719
chr17	78082558	78282558	harbor2	chr17	78101967	78102030	LTR/ERVL-MaLR	510	-	32	78101999	19441
chr17	78082558	78282558	harbor2	chr17	78103674	78104000	LTR/ERVL-MaLR	1663	-	163	78103837	21279
chr17	78082558	78282558	harbor2	chr17	78114000	78114474	LTR/ERVL-MaLR	1503	-	237	78114237	31679
chr17	64396792	64596792	harbor2	chr17	64402091	64402402	LTR/ERVL-MaLR	1231	-	156	64402247	5455
chr17	64396792	64596792	harbor2	chr17	64402699	64402809	LTR/ERVL-MaLR	1231	-	55	64402754	5962
chr17	64396792	64596792	harbor2	chr17	64438904	64439307	LTR/ERVL-MaLR	8642	-	202	64439106	42314
chr17	64396792	64596792	harbor2	chr17	64439606	64439728	LTR/ERVL-MaLR	8642	-	61	64439667	42875
chr17	64396792	64596792	harbor2	chr17	64439729	64439769	LTR/ERVL-MaLR	2044	-	20	64439749	42957
chr17	64396792	64596792	harbor2	chr17	64440074	64440411	LTR/ERVL-MaLR	2044	-	168	64440242	43450
chr17	64396792	64596792	harbor2	chr17	64465941	64466317	LTR/ERVL-MaLR	2402	-	188	64466129	69337
chr17	64396792	64596792	harbor2	chr17	64437915	64438605	LTR/ERVL-MaLR	8642	-	345	64438260	41468
chr17	62727831	62927831	harbor2	chr17	62811648	62811987	LTR/ERVL-MaLR	1811	-	170	62811818	83987
chr17	34234218	34434218	harbor2	chr17	34259354	34259503	LTR/ERVL-MaLR	804	-	74	34259428	25210
chr17	34234218	34434218	harbor2	chr17	34259504	34259966	LTR/ERVL-MaLR	1902	-	231	34259735	25517
chr17	34234218	34434218	harbor2	chr17	34286426	34286807	LTR/ERVL-MaLR	585	-	190	34286616	52398
chr17	34234218	34434218	harbor2	chr17	34309131	34309648	LTR/ERVL-MaLR	1603	-	258	34309389	75171
chr17	77593117	77793117	harbor2	chr17	77599815	77600080	LTR/ERVL-MaLR	647	-	132	77599947	6830
chr17	77593117	77793117	harbor2	chr17	77620324	77620659	LTR/ERVL-MaLR	2150	-	168	77620492	27375
chr17	77593117	77793117	harbor2	chr17	77634767	77635187	LTR/ERVL-MaLR	989	-	210	77634977	41860
chr17	77593117	77793117	harbor2	chr17	77636570	77636953	LTR/ERVL-MaLR	1246	-	192	77636762	43645
chr17	77593117	77793117	harbor2	chr17	77642353	77642630	LTR/ERVL-MaLR	1090	-	138	77642491	49374
chr17	77593117	77793117	harbor2	chr17	77642937	77643104	LTR/ERVL-MaLR	1090	-	84	77643021	49904
chr17	77593117	77793117	harbor2	chr17	77672084	77672277	LTR/ERVL-MaLR	558	-	96	77672180	79063
chr17	75135961	75335961	harbor2	chr17	75226268	75226633	LTR/ERVL-MaLR	1684	-	182	75226450	90489
chr17	77620535	77820535	harbor2	chr17	77620324	77620659	LTR/ERVL-MaLR	2150	-	168	77620492	43
chr17	77620535	77820535	harbor2	chr17	77634767	77635187	LTR/ERVL-MaLR	989	-	210	77634977	14442
chr17	77620535	77820535	harbor2	chr17	77636570	77636953	LTR/ERVL-MaLR	1246	-	192	77636762	16227
chr17	77620535	77820535	harbor2	chr17	77642353	77642630	LTR/ERVL-MaLR	1090	-	138	77642491	21956
chr17	77620535	77820535	harbor2	chr17	77642937	77643104	LTR/ERVL-MaLR	1090	-	84	77643021	22486
chr17	77620535	77820535	harbor2	chr17	77672084	77672277	LTR/ERVL-MaLR	558	-	96	77672180	51645
chr17	77620535	77820535	harbor2	chr17	77695476	77695898	LTR/ERVL-MaLR	1143	-	211	77695687	75152
chr17	77620535	77820535	harbor2	chr17	77701581	77701780	LTR/ERVL-MaLR	861	-	100	77701681	81146
chr17	77620535	77820535	harbor2	chr17	77702035	77702408	LTR/ERVL-MaLR	2700	-	186	77702221	81686
chr17	77620535	77820535	harbor2	chr17	77708157	77708540	LTR/ERVL-MaLR	2021	-	192	77708349	87814
chr17	77620535	77820535	harbor2	chr17	77716566	77716906	LTR/ERVL-MaLR	1342	-	170	77716736	96201
chr17	77620535	77820535	harbor2	chr17	77719617	77719643	LTR/ERVL-MaLR	1355	-	13	77719630	99095
chr17	77620535	77820535	harbor2	chr17	77719870	77720216	LTR/ERVL-MaLR	1355	-	173	77720043	99508
chr17	51588346	51788346	harbor2	chr17	51620102	51620453	LTR/ERVL-MaLR	2111	-	176	51620278	31932
chr17	51588346	51788346	harbor2	chr17	51636164	51636504	LTR/ERVL-MaLR	1119	-	170	51636334	47988
chr17	65289511	65489511	harbor2	chr17	65302072	65302145	LTR/ERVL-MaLR	938	-	36	65302108	12597
chr17	65289511	65489511	harbor2	chr17	65302456	65302797	LTR/ERVL-MaLR	938	-	170	65302626	13115
chr17	65289511	65489511	harbor2	chr17	65303213	65303598	LTR/ERVL-MaLR	1538	-	192	65303405	13894
chr17	65289511	65489511	harbor2	chr17	65319791	65320175	LTR/ERVL-MaLR	1556	-	192	65319983	30472
chr17	65289511	65489511	harbor2	chr17	65332793	65333153	LTR/ERVL-MaLR	2047	-	180	65332973	43462
chr17	65289511	65489511	harbor2	chr17	65334882	65335306	LTR/ERVL-MaLR	1494	-	212	65335094	45583
chr17	65289511	65489511	harbor2	chr17	65342047	65342446	LTR/ERVL-MaLR	2061	-	200	65342247	52736
chr17	65289511	65489511	harbor2	chr17	65358415	65358837	LTR/ERVL-MaLR	2720	-	211	65358626	69115
chr17	65289511	65489511	harbor2	chr17	65359350	65359653	LTR/ERVL-MaLR	1744	-	152	65359502	69991
chr17	65289511	65489511	harbor2	chr17	65381016	65381439	LTR/ERVL-MaLR	511	-	212	65381228	91717
chr17	65289511	65489511	harbor2	chr17	65322924	65323281	LTR/ERVL-MaLR	900	-	178	65323102	33591
chr17	77347578	77547578	harbor2	chr17	77352049	77352115	LTR/ERVL-MaLR	1613	-	33	77352082	4504
chr17	77347578	77547578	harbor2	chr17	77352436	77352660	LTR/ERVL-MaLR	1613	-	112	77352548	4970
chr17	77347578	77547578	harbor2	chr17	77352949	77353125	LTR/ERVL-MaLR	1613	-	88	77353037	5459
chr17	77347578	77547578	harbor2	chr17	77358910	77359293	LTR/ERVL-MaLR	1076	-	192	77359102	11524
chr17	77347578	77547578	harbor2	chr17	77370129	77370500	LTR/ERVL-MaLR	1187	-	186	77370315	22737
chr17	77347578	77547578	harbor2	chr17	77387093	77387497	LTR/ERVL-MaLR	1125	-	202	77387295	39717
chr17	77347578	77547578	harbor2	chr17	77391350	77391660	LTR/ERVL-MaLR	842	-	155	77391505	43927
chr17	77347578	77547578	harbor2	chr17	77397095	77397535	LTR/ERVL-MaLR	1114	-	220	77397315	49737
chr17	77347578	77547578	harbor2	chr17	77446095	77446360	LTR/ERVL-MaLR	947	-	132	77446227	98649
chr17	77347578	77547578	harbor2	chr17	77446651	77446760	LTR/ERVL-MaLR	947	-	54	77446705	99127
chr17	36928410	37128410	harbor2	chr17	36965124	36965576	LTR/ERVL-MaLR	2125	-	226	36965350	36940
chr17	36928410	37128410	harbor2	chr17	37013342	37013742	LTR/ERVL-MaLR	2175	-	200	37013542	85132
chr17	36928410	37128410	harbor2	chr17	37015297	37015675	LTR/ERVL-MaLR	1899	-	189	37015486	87076
chr17	82474370	82674370	harbor2	chr17	82505405	82505535	LTR/ERVL-MaLR	934	-	65	82505470	31100
chr17	32320889	32520889	harbor2	chr17	32342977	32343070	LTR/ERVL-MaLR	552	-	46	32343023	22134
chr17	32320889	32520889	harbor2	chr17	32346877	32346945	LTR/ERVL-MaLR	899	-	34	32346911	26022
chr17	32320889	32520889	harbor2	chr17	32347574	32347852	LTR/ERVL-MaLR	899	-	139	32347713	26824
chr17	76834271	77034271	harbor2	chr17	76852443	76852657	LTR/ERVL-MaLR	2529	-	107	76852550	18279
chr17	76834271	77034271	harbor2	chr17	76852969	76853129	LTR/ERVL-MaLR	2529	-	80	76853049	18778
chr17	76834271	77034271	harbor2	chr17	76857743	76857841	LTR/ERVL-MaLR	519	-	49	76857792	23521
chr17	76834271	77034271	harbor2	chr17	76859060	76859282	LTR/ERVL-MaLR	779	-	111	76859171	24900
chr17	76834271	77034271	harbor2	chr17	76861384	76861756	LTR/ERVL-MaLR	2178	-	186	76861570	27299
chr17	76834271	77034271	harbor2	chr17	76861866	76862241	LTR/ERVL-MaLR	2292	-	188	76862054	27783
chr17	76834271	77034271	harbor2	chr17	76890448	76890502	LTR/ERVL-MaLR	1374	-	27	76890475	56204
chr17	76834271	77034271	harbor2	chr17	76890803	76890961	LTR/ERVL-MaLR	1374	-	79	76890882	56611
chr17	76834271	77034271	harbor2	chr17	76891265	76891372	LTR/ERVL-MaLR	1374	-	54	76891319	57048
chr17	76834271	77034271	harbor2	chr17	76891680	76891737	LTR/ERVL-MaLR	1297	-	28	76891708	57437
chr17	76834271	77034271	harbor2	chr17	76895469	76895832	LTR/ERVL-MaLR	1102	-	182	76895651	61380
chr17	76834271	77034271	harbor2	chr17	76897276	76897660	LTR/ERVL-MaLR	1436	-	192	76897468	63197
chr17	76834271	77034271	harbor2	chr17	76911774	76912259	LTR/ERVL-MaLR	1632	-	242	76912016	77745
chr17	76834271	77034271	harbor2	chr17	76914492	76914631	LTR/ERVL-MaLR	903	-	70	76914562	80291
chr17	76834271	77034271	harbor2	chr17	76914938	76915104	LTR/ERVL-MaLR	903	-	83	76915021	80750
chr17	76834271	77034271	harbor2	chr17	76933707	76934120	LTR/ERVL-MaLR	705	-	206	76933913	99642
chr17	77103472	77303472	harbor2	chr17	77136800	77136897	LTR/ERVL-MaLR	858	-	48	77136848	33376
chr17	77103472	77303472	harbor2	chr17	77137209	77137586	LTR/ERVL-MaLR	1648	-	188	77137397	33925
chr17	76760535	76960535	harbor2	chr17	76767465	76767944	LTR/ERVL-MaLR	523	-	240	76767705	7170
chr17	76760535	76960535	harbor2	chr17	76769197	76769563	LTR/ERVL-MaLR	1800	-	183	76769380	8845
chr17	76760535	76960535	harbor2	chr17	76780961	76781464	LTR/ERVL-MaLR	1316	-	252	76781213	20678
chr17	76760535	76960535	harbor2	chr17	76817897	76818256	LTR/ERVL-MaLR	2113	-	180	76818077	57542
chr17	76760535	76960535	harbor2	chr17	76824319	76824380	LTR/ERVL-MaLR	756	-	30	76824349	63814
chr17	76760535	76960535	harbor2	chr17	76824681	76824938	LTR/ERVL-MaLR	756	-	128	76824809	64274
chr17	76760535	76960535	harbor2	chr17	76825228	76825383	LTR/ERVL-MaLR	756	-	78	76825306	64771
chr17	76760535	76960535	harbor2	chr17	76829929	76830292	LTR/ERVL-MaLR	1763	-	182	76830111	69576
chr17	76760535	76960535	harbor2	chr17	76830595	76830750	LTR/ERVL-MaLR	1763	-	78	76830673	70138
chr17	76760535	76960535	harbor2	chr17	76852443	76852657	LTR/ERVL-MaLR	2529	-	107	76852550	92015
chr17	76760535	76960535	harbor2	chr17	76852969	76853129	LTR/ERVL-MaLR	2529	-	80	76853049	92514
chr17	76760535	76960535	harbor2	chr17	76857743	76857841	LTR/ERVL-MaLR	519	-	49	76857792	97257
chr17	76760535	76960535	harbor2	chr17	76859060	76859282	LTR/ERVL-MaLR	779	-	111	76859171	98636
chr17	80750530	80950530	harbor2	chr17	80769971	80770343	LTR/ERVL-MaLR	1286	-	186	80770157	19627
chr17	80750530	80950530	harbor2	chr17	80796338	80796656	LTR/ERVL-MaLR	1390	-	159	80796497	45967
chr17	79966667	80166667	harbor2	chr17	79984982	79985366	LTR/ERVL-MaLR	1167	-	192	79985174	18507
chr17	79966667	80166667	harbor2	chr17	80029730	80030211	LTR/ERVL-MaLR	2194	-	240	80029970	63303
chr17	60875080	61075080	harbor2	chr17	60959703	60960130	LTR/ERVL-MaLR	578	-	214	60959917	84837
chr17	60875080	61075080	harbor2	chr17	60960143	60961049	LTR/ERVL-MaLR	1478	-	453	60960596	85516
chr17	73638169	73838169	harbor2	chr17	73649380	73649767	LTR/ERVL-MaLR	761	-	194	73649574	11405
chr17	73638169	73838169	harbor2	chr17	73662519	73662879	LTR/ERVL-MaLR	1482	-	180	73662699	24530
chr17	73638169	73838169	harbor2	chr17	73682027	73682358	LTR/ERVL-MaLR	852	-	166	73682193	44024
chr17	73638169	73838169	harbor2	chr17	73682440	73682485	LTR/ERVL-MaLR	852	-	22	73682462	44293
chr17	73638169	73838169	harbor2	chr17	73707352	73707613	LTR/ERVL-MaLR	618	-	130	73707482	69313
chr17	73638169	73838169	harbor2	chr17	73733851	73734221	LTR/ERVL-MaLR	1337	-	185	73734036	95867
chr17	73638169	73838169	harbor2	chr17	73737192	73737670	LTR/ERVL-MaLR	1653	-	239	73737431	99262
chr17	69570299	69770299	harbor2	chr17	69603975	69604030	LTR/ERVL-MaLR	1181	-	28	69604003	33704
chr17	69570299	69770299	harbor2	chr17	69604233	69604611	LTR/ERVL-MaLR	1181	-	189	69604422	34123
chr17	69570299	69770299	harbor2	chr17	69610093	69610448	LTR/ERVL-MaLR	2121	-	178	69610271	39972
chr17	69570299	69770299	harbor2	chr17	69620050	69620097	LTR/ERVL-MaLR	733	-	24	69620074	49775
chr17	69570299	69770299	harbor2	chr17	69620359	69620639	LTR/ERVL-MaLR	733	-	140	69620499	50200
chr17	69570299	69770299	harbor2	chr17	69622471	69622599	LTR/ERVL-MaLR	592	-	64	69622535	52236
chr17	69570299	69770299	harbor2	chr17	69625431	69625963	LTR/ERVL-MaLR	2316	-	266	69625697	55398
chr17	69570299	69770299	harbor2	chr17	69636620	69637005	LTR/ERVL-MaLR	1221	-	192	69636812	66513
chr17	69570299	69770299	harbor2	chr17	69652628	69652993	LTR/ERVL-MaLR	2551	-	182	69652810	82511
chr17	69570299	69770299	harbor2	chr17	69659520	69659922	LTR/ERVL-MaLR	2188	-	201	69659721	89422
chr17	74733557	74933557	harbor2	chr17	74734100	74734465	LTR/ERVL-MaLR	1236	-	182	74734282	725
chr17	82403661	82603661	harbor2	chr17	82464945	82465308	LTR/ERVL-MaLR	1911	-	182	82465127	61466
chr17	77071718	77271718	harbor2	chr17	77136800	77136897	LTR/ERVL-MaLR	858	-	48	77136848	65130
chr17	77071718	77271718	harbor2	chr17	77137209	77137586	LTR/ERVL-MaLR	1648	-	188	77137397	65679
chr17	77433200	77633200	harbor2	chr17	77446095	77446360	LTR/ERVL-MaLR	947	-	132	77446227	13027
chr17	77433200	77633200	harbor2	chr17	77446651	77446760	LTR/ERVL-MaLR	947	-	54	77446705	13505
chr17	77433200	77633200	harbor2	chr17	77459520	77459711	LTR/ERVL-MaLR	1848	-	96	77459616	26416
chr17	77433200	77633200	harbor2	chr17	77459976	77460153	LTR/ERVL-MaLR	1848	-	88	77460064	26864
chr17	77433200	77633200	harbor2	chr17	77493497	77493761	LTR/ERVL-MaLR	788	-	132	77493629	60429
chr17	77433200	77633200	harbor2	chr17	77494077	77494278	LTR/ERVL-MaLR	788	-	100	77494177	60977
chr17	77433200	77633200	harbor2	chr17	77501830	77502208	LTR/ERVL-MaLR	562	-	189	77502019	68819
chr17	77433200	77633200	harbor2	chr17	77514736	77515084	LTR/ERVL-MaLR	2097	-	174	77514910	81710
chr17	77433200	77633200	harbor2	chr17	77516138	77516199	LTR/ERVL-MaLR	2165	-	30	77516168	82968
chr17	77433200	77633200	harbor2	chr17	77516939	77517384	LTR/ERVL-MaLR	2165	-	222	77517161	83961
chr17	79630539	79830539	harbor2	chr17	79646359	79646703	LTR/ERVL-MaLR	2080	-	172	79646531	15992
chr17	79630539	79830539	harbor2	chr17	79649388	79649423	LTR/ERVL-MaLR	2539	-	18	79649406	18867
chr17	79630539	79830539	harbor2	chr17	79649719	79650099	LTR/ERVL-MaLR	2539	-	190	79649909	19370
chr17	79630539	79830539	harbor2	chr17	79666440	79666604	LTR/ERVL-MaLR	1820	-	82	79666522	35983
chr17	79630539	79830539	harbor2	chr17	79666898	79667111	LTR/ERVL-MaLR	2041	-	106	79667004	36465
chr17	79630539	79830539	harbor2	chr17	79677146	79677529	LTR/ERVL-MaLR	2435	-	192	79677338	46799
chr17	79630539	79830539	harbor2	chr17	79704608	79704995	LTR/ERVL-MaLR	2259	-	194	79704802	74263
chr17	79630539	79830539	harbor2	chr17	79728637	79728876	LTR/ERVL-MaLR	644	-	120	79728757	98218
chr17	80793881	80993881	harbor2	chr17	80796338	80796656	LTR/ERVL-MaLR	1390	-	159	80796497	2616
chr17	51112291	51312291	harbor2	chr17	51157292	51157569	LTR/ERVL-MaLR	1569	-	138	51157430	45139
chr17	79333994	79533994	harbor2	chr17	79400172	79400576	LTR/ERVL-MaLR	1060	-	202	79400374	66380
chr17	59228891	59428891	harbor2	chr17	59254613	59254831	LTR/ERVL-MaLR	696	-	109	59254722	25831
chr17	59228891	59428891	harbor2	chr17	59284193	59284366	LTR/ERVL-MaLR	723	-	86	59284279	55388
chr17	82848275	83048275	harbor2	chr17	82852358	82852736	LTR/ERVL-MaLR	1297	-	189	82852547	4272
chr17	79351217	79551217	harbor2	chr17	79400172	79400576	LTR/ERVL-MaLR	1060	-	202	79400374	49157
chr17	66938402	67138402	harbor2	chr17	66948612	66949087	LTR/ERVL-MaLR	1302	-	238	66948850	10448
chr17	66938402	67138402	harbor2	chr17	66951528	66951962	LTR/ERVL-MaLR	1419	-	217	66951745	13343
chr17	66938402	67138402	harbor2	chr17	66970311	66970472	LTR/ERVL-MaLR	759	-	80	66970391	31989
chr17	66938402	67138402	harbor2	chr17	66970607	66970800	LTR/ERVL-MaLR	724	-	96	66970703	32301
chr17	66938402	67138402	harbor2	chr17	66986694	66986991	LTR/ERVL-MaLR	1519	-	148	66986842	48440
chr17	66938402	67138402	harbor2	chr17	66989978	66990512	LTR/ERVL-MaLR	1366	-	267	66990245	51843
chr17	66938402	67138402	harbor2	chr17	66999396	66999810	LTR/ERVL-MaLR	2302	-	207	66999603	61201
chr17	66938402	67138402	harbor2	chr17	67002047	67002409	LTR/ERVL-MaLR	2659	-	181	67002228	63826
chr17	66938402	67138402	harbor2	chr17	67007730	67008092	LTR/ERVL-MaLR	703	-	181	67007911	69509
chr17	66938402	67138402	harbor2	chr17	67009594	67009914	LTR/ERVL-MaLR	1692	-	160	67009754	71352
chr17	66938402	67138402	harbor2	chr17	67022917	67023265	LTR/ERVL-MaLR	1013	-	174	67023091	84689
chr17	66938402	67138402	harbor2	chr17	67023877	67023959	LTR/ERVL-MaLR	1013	-	41	67023918	85516
chr17	66938402	67138402	harbor2	chr17	67037610	67038007	LTR/ERVL-MaLR	2254	-	198	67037808	99406
chr17	35254117	35454117	harbor2	chr17	35319444	35319647	LTR/ERVL-MaLR	1216	-	102	35319546	65429
chr17	35254117	35454117	harbor2	chr17	35319653	35319807	LTR/ERVL-MaLR	1004	-	77	35319730	65613
chr17	35254117	35454117	harbor2	chr17	35337603	35337816	LTR/ERVL-MaLR	592	-	106	35337709	83592
chr17	35254117	35454117	harbor2	chr17	35338028	35338239	LTR/ERVL-MaLR	600	-	106	35338134	84017
chr17	35254117	35454117	harbor2	chr17	35338499	35338636	LTR/ERVL-MaLR	600	-	68	35338567	84450
chr17	35254117	35454117	harbor2	chr17	35342989	35343422	LTR/ERVL-MaLR	683	-	216	35343205	89088
chr17	35254117	35454117	harbor2	chr17	35343423	35343760	LTR/ERVL-MaLR	1006	-	168	35343591	89474
chr17	35254117	35454117	harbor2	chr17	35351021	35351410	LTR/ERVL-MaLR	1040	-	194	35351215	97098
chr17	35254117	35454117	harbor2	chr17	35258188	35258544	LTR/ERVL-MaLR	2119	-	178	35258366	4249
chr17	9262632	9462632	harbor2	chr17	9334652	9334768	LTR/ERVL-MaLR	636	-	58	9334710	72078
chr17	9262632	9462632	harbor2	chr17	9335377	9335530	LTR/ERVL-MaLR	668	-	76	9335453	72821
chr17	73828804	74028804	harbor2	chr17	73829942	73830365	LTR/ERVL-MaLR	1208	-	212	73830154	1350
chr17	73828804	74028804	harbor2	chr17	73832109	73832528	LTR/ERVL-MaLR	1315	-	210	73832319	3515
chr17	73828804	74028804	harbor2	chr17	73873146	73873651	LTR/ERVL-MaLR	2199	-	252	73873398	44594
chr17	73828804	74028804	harbor2	chr17	73874015	73874050	LTR/ERVL-MaLR	2199	-	18	73874033	45229
chr17	73828804	74028804	harbor2	chr17	73880316	73880614	LTR/ERVL-MaLR	1804	-	149	73880465	51661
chr17	73828804	74028804	harbor2	chr17	73880915	73881078	LTR/ERVL-MaLR	1804	-	82	73880997	52193
chr17	73828804	74028804	harbor2	chr17	73891884	73892272	LTR/ERVL-MaLR	739	-	194	73892078	63274
chr17	73828804	74028804	harbor2	chr17	73894695	73894883	LTR/ERVL-MaLR	558	-	94	73894789	65985
chr17	73828804	74028804	harbor2	chr17	73906516	73906701	LTR/ERVL-MaLR	509	-	92	73906608	77804
chr17	70979984	71179984	harbor2	chr17	70983165	70983530	LTR/ERVL-MaLR	2124	-	182	70983347	3363
chr17	70979984	71179984	harbor2	chr17	70983531	70985106	LTR/ERVL-MaLR	11433	-	788	70984319	4335
chr17	70979984	71179984	harbor2	chr17	70985112	70985472	LTR/ERVL-MaLR	2024	-	180	70985292	5308
chr17	70979984	71179984	harbor2	chr17	71077385	71077600	LTR/ERVL-MaLR	553	-	108	71077493	97509
chr17	70979984	71179984	harbor2	chr17	71078290	71078750	LTR/ERVL-MaLR	1280	-	230	71078520	98536
chr17	82688326	82888326	harbor2	chr17	82747788	82747959	LTR/ERVL-MaLR	584	-	86	82747874	59548
chr17	82688326	82888326	harbor2	chr17	82769039	82769413	LTR/ERVL-MaLR	580	-	187	82769226	80900
chr17	45936705	46136705	harbor2	chr17	45938091	45938615	LTR/ERVL-MaLR	1917	-	262	45938353	1648
chr17	45936705	46136705	harbor2	chr17	45972521	45972914	LTR/ERVL-MaLR	713	-	196	45972717	36012
chr17	45936705	46136705	harbor2	chr17	45997278	45997478	LTR/ERVL-MaLR	1122	-	100	45997378	60673
chr17	45936705	46136705	harbor2	chr17	45997787	45997947	LTR/ERVL-MaLR	1122	-	80	45997867	61162
chr17	45936705	46136705	harbor2	chr17	46019030	46019392	LTR/ERVL-MaLR	3027	-	181	46019211	82506
chr17	45936705	46136705	harbor2	chr17	46020513	46020869	LTR/ERVL-MaLR	2522	-	178	46020691	83986
chr17	71356408	71556408	harbor2	chr17	71359778	71360133	LTR/ERVL-MaLR	2058	-	178	71359956	3548
chr17	71356408	71556408	harbor2	chr17	71363182	71363540	LTR/ERVL-MaLR	2092	-	179	71363361	6953
chr17	71356408	71556408	harbor2	chr17	71367839	71368097	LTR/ERVL-MaLR	1659	-	129	71367968	11560
chr17	71356408	71556408	harbor2	chr17	71386924	71387286	LTR/ERVL-MaLR	2087	-	181	71387105	30697
chr17	71356408	71556408	harbor2	chr17	71387289	71388840	LTR/ERVL-MaLR	10020	-	776	71388065	31657
chr17	71356408	71556408	harbor2	chr17	71413316	71413771	LTR/ERVL-MaLR	1879	-	228	71413544	57136
chr17	71356408	71556408	harbor2	chr17	71414499	71414707	LTR/ERVL-MaLR	2168	-	104	71414603	58195
chr17	71356408	71556408	harbor2	chr17	71414747	71414939	LTR/ERVL-MaLR	2168	-	96	71414843	58435
chr17	74137052	74337052	harbor2	chr17	74143844	74144203	LTR/ERVL-MaLR	1350	-	180	74144024	6972
chr17	74137052	74337052	harbor2	chr17	74158929	74159313	LTR/ERVL-MaLR	706	-	192	74159121	22069
chr17	74137052	74337052	harbor2	chr17	74188183	74188513	LTR/ERVL-MaLR	1778	-	165	74188348	51296
chr17	74137052	74337052	harbor2	chr17	74188851	74189006	LTR/ERVL-MaLR	1778	-	78	74188929	51877
chr17	74137052	74337052	harbor2	chr17	74189228	74189342	LTR/ERVL-MaLR	1778	-	57	74189285	52233
chr17	74137052	74337052	harbor2	chr17	74189765	74189897	LTR/ERVL-MaLR	536	-	66	74189831	52779
chr17	81800876	82000876	harbor2	chr17	81836661	81836724	LTR/ERVL-MaLR	1715	-	32	81836693	35817
chr17	81800876	82000876	harbor2	chr17	81837635	81838000	LTR/ERVL-MaLR	1715	-	182	81837817	36941
chr17	45855500	46055500	harbor2	chr17	45860377	45860814	LTR/ERVL-MaLR	952	-	218	45860595	5095
chr17	45855500	46055500	harbor2	chr17	45880341	45880713	LTR/ERVL-MaLR	913	-	186	45880527	25027
chr17	45855500	46055500	harbor2	chr17	45881032	45881239	LTR/ERVL-MaLR	913	-	104	45881136	25636
chr17	45855500	46055500	harbor2	chr17	45888432	45888790	LTR/ERVL-MaLR	2571	-	179	45888611	33111
chr17	45855500	46055500	harbor2	chr17	45913072	45913406	LTR/ERVL-MaLR	2101	-	167	45913239	57739
chr17	45855500	46055500	harbor2	chr17	45918691	45918772	LTR/ERVL-MaLR	596	-	40	45918731	63231
chr17	45855500	46055500	harbor2	chr17	45938091	45938615	LTR/ERVL-MaLR	1917	-	262	45938353	82853
chr17	61631075	61831075	harbor2	chr17	61680873	61681230	LTR/ERVL-MaLR	2332	-	178	61681051	49976
chr17	45570687	45770687	harbor2	chr17	45589839	45590044	LTR/ERVL-MaLR	890	-	102	45589941	19254
chr17	45570687	45770687	harbor2	chr17	45590428	45590548	LTR/ERVL-MaLR	554	-	60	45590488	19801
chr17	45570687	45770687	harbor2	chr17	45605332	45605461	LTR/ERVL-MaLR	990	-	64	45605396	34709
chr17	45570687	45770687	harbor2	chr17	45606565	45606726	LTR/ERVL-MaLR	990	-	80	45606645	35958
chr17	45570687	45770687	harbor2	chr17	45626597	45626761	LTR/ERVL-MaLR	718	-	82	45626679	55992
chr17	45570687	45770687	harbor2	chr17	45627238	45627353	LTR/ERVL-MaLR	664	-	58	45627296	56609
chr17	45570687	45770687	harbor2	chr17	45627651	45627708	LTR/ERVL-MaLR	664	-	28	45627679	56992
chr17	52958646	53158646	harbor2	chr17	52994481	52994904	LTR/ERVL-MaLR	2192	-	212	52994693	36047
chr17	52958646	53158646	harbor2	chr17	52999699	53000000	LTR/ERVL-MaLR	1773	-	150	52999849	41203
chr17	52958646	53158646	harbor2	chr17	53000002	53000070	LTR/ERVL-MaLR	512	-	34	53000036	41390
chr17	52958646	53158646	harbor2	chr17	53008329	53008707	LTR/ERVL-MaLR	2575	-	189	53008518	49872
chr17	52958646	53158646	harbor2	chr17	53018679	53020254	LTR/ERVL-MaLR	10791	-	788	53019467	60821
chr17	52958646	53158646	harbor2	chr17	53020255	53020605	LTR/ERVL-MaLR	2597	-	175	53020430	61784
chr17	52958646	53158646	harbor2	chr17	53048068	53049583	LTR/ERVL-MaLR	9367	-	758	53048826	90180
chr17	52958646	53158646	harbor2	chr17	53049584	53049959	LTR/ERVL-MaLR	2449	-	188	53049772	91126
chr17	52958646	53158646	harbor2	chr17	53018325	53018678	LTR/ERVL-MaLR	2507	-	176	53018501	59855
chr17	73944461	74144461	harbor2	chr17	73978786	73979305	LTR/ERVL-MaLR	1067	-	260	73979046	34585
chr17	73944461	74144461	harbor2	chr17	74002590	74003013	LTR/ERVL-MaLR	1577	-	212	74002802	58341
chr17	73944461	74144461	harbor2	chr17	74003024	74003333	LTR/ERVL-MaLR	2232	-	154	74003178	58717
chr17	73944461	74144461	harbor2	chr17	74014557	74014752	LTR/ERVL-MaLR	632	-	98	74014655	70194
chr17	73944461	74144461	harbor2	chr17	74015239	74015793	LTR/ERVL-MaLR	2484	-	277	74015516	71055
chr17	73944461	74144461	harbor2	chr17	74023239	74023635	LTR/ERVL-MaLR	622	-	198	74023437	78976
chr17	73944461	74144461	harbor2	chr17	74025053	74025424	LTR/ERVL-MaLR	1702	-	186	74025239	80778
chr17	82487145	82687145	harbor2	chr17	82505405	82505535	LTR/ERVL-MaLR	934	-	65	82505470	18325
chr17	65419756	65619756	harbor2	chr17	65427056	65427630	LTR/ERVL-MaLR	2163	-	287	65427343	7587
chr17	65419756	65619756	harbor2	chr17	65444124	65444639	LTR/ERVL-MaLR	1002	-	258	65444382	24626
chr17	65419756	65619756	harbor2	chr17	65463965	65464408	LTR/ERVL-MaLR	2198	-	222	65464187	44431
chr17	65419756	65619756	harbor2	chr17	65466486	65466846	LTR/ERVL-MaLR	2453	-	180	65466666	46910
chr17	65419756	65619756	harbor2	chr17	65482805	65483224	LTR/ERVL-MaLR	1681	-	210	65483015	63259
chr17	65419756	65619756	harbor2	chr17	65487263	65487497	LTR/ERVL-MaLR	1126	-	117	65487380	67624
chr17	65419756	65619756	harbor2	chr17	65487499	65487699	LTR/ERVL-MaLR	908	-	100	65487599	67843
chr17	65419756	65619756	harbor2	chr17	65489027	65489250	LTR/ERVL-MaLR	1316	-	112	65489139	69383
chr17	65419756	65619756	harbor2	chr17	65489251	65489393	LTR/ERVL-MaLR	795	-	71	65489322	69566
chr17	65419756	65619756	harbor2	chr17	65504113	65504352	LTR/ERVL-MaLR	1355	-	120	65504233	84477
chr17	65419756	65619756	harbor2	chr17	65510069	65510425	LTR/ERVL-MaLR	2005	-	178	65510247	90491
chr17	65419756	65619756	harbor2	chr17	65518121	65518664	LTR/ERVL-MaLR	739	-	272	65518393	98637
chr17	79174182	79374182	harbor2	chr17	79231862	79232184	LTR/ERVL-MaLR	1883	-	161	79232023	57841
chr17	79174182	79374182	harbor2	chr17	79241633	79242004	LTR/ERVL-MaLR	1514	-	186	79241819	67637
chr17	56826994	57026994	harbor2	chr17	56885441	56885818	LTR/ERVL-MaLR	2473	-	188	56885629	58635
chr17	35379360	35579360	harbor2	chr17	35400833	35401347	LTR/ERVL-MaLR	2638	-	257	35401090	21730
chr17	35379360	35579360	harbor2	chr17	35438953	35439336	LTR/ERVL-MaLR	977	-	192	35439145	59785
chr17	35379360	35579360	harbor2	chr17	35463806	35464219	LTR/ERVL-MaLR	2359	-	206	35464012	84652
chr17	45308827	45508827	harbor2	chr17	45319887	45320210	LTR/ERVL-MaLR	1882	-	162	45320049	11222
chr17	45308827	45508827	harbor2	chr17	45320509	45320549	LTR/ERVL-MaLR	1882	-	20	45320529	11702
chr17	45308827	45508827	harbor2	chr17	45353480	45353697	LTR/ERVL-MaLR	566	-	108	45353588	44761
chr17	45308827	45508827	harbor2	chr17	45361867	45362199	LTR/ERVL-MaLR	603	-	166	45362033	53206
chr17	74216489	74416489	harbor2	chr17	74246683	74246901	LTR/ERVL-MaLR	1826	-	109	74246792	30303
chr17	74216489	74416489	harbor2	chr17	74247203	74247327	LTR/ERVL-MaLR	1826	-	62	74247265	30776
chr17	73842588	74042588	harbor2	chr17	73873146	73873651	LTR/ERVL-MaLR	2199	-	252	73873398	30810
chr17	73842588	74042588	harbor2	chr17	73874015	73874050	LTR/ERVL-MaLR	2199	-	18	73874033	31445
chr17	73842588	74042588	harbor2	chr17	73880316	73880614	LTR/ERVL-MaLR	1804	-	149	73880465	37877
chr17	73842588	74042588	harbor2	chr17	73880915	73881078	LTR/ERVL-MaLR	1804	-	82	73880997	38409
chr17	73842588	74042588	harbor2	chr17	73891884	73892272	LTR/ERVL-MaLR	739	-	194	73892078	49490
chr17	73842588	74042588	harbor2	chr17	73894695	73894883	LTR/ERVL-MaLR	558	-	94	73894789	52201
chr17	73842588	74042588	harbor2	chr17	73906516	73906701	LTR/ERVL-MaLR	509	-	92	73906608	64020
chr17	73842588	74042588	harbor2	chr17	73933873	73934338	LTR/ERVL-MaLR	2140	-	232	73934105	91517
chr17	53827955	54027955	harbor2	chr17	53846549	53847043	LTR/ERVL-MaLR	1883	-	247	53846796	18841
chr17	53827955	54027955	harbor2	chr17	53866859	53867263	LTR/ERVL-MaLR	1990	-	202	53867061	39106
chr17	53827955	54027955	harbor2	chr17	53867264	53868178	LTR/ERVL-MaLR	4790	-	457	53867721	39766
chr17	53827955	54027955	harbor2	chr17	53885922	53886344	LTR/ERVL-MaLR	2263	-	211	53886133	58178
chr17	67269928	67469928	harbor2	chr17	67287491	67287697	LTR/ERVL-MaLR	559	-	103	67287594	17666
chr17	67269928	67469928	harbor2	chr17	67307162	67307328	LTR/ERVL-MaLR	800	-	83	67307245	37317
chr17	79347960	79547960	harbor2	chr17	79400172	79400576	LTR/ERVL-MaLR	1060	-	202	79400374	52414
chr17	80963561	81163561	harbor2	chr17	81044415	81044609	LTR/ERVL-MaLR	701	-	97	81044512	80951
chr17	80963561	81163561	harbor2	chr17	80986013	80986331	LTR/ERVL-MaLR	1018	-	159	80986172	22611
chr17	80963561	81163561	harbor2	chr17	81002433	81002720	LTR/ERVL-MaLR	614	-	144	81002577	39016
chr17	78462222	78662222	harbor2	chr17	78545324	78545691	LTR/ERVL-MaLR	1456	-	184	78545508	83286
chr17	68359538	68559538	harbor2	chr17	68372340	68372709	LTR/ERVL-MaLR	2169	-	184	68372524	12986
chr17	73735688	73935688	harbor2	chr17	73737192	73737670	LTR/ERVL-MaLR	1653	-	239	73737431	1743
chr17	73735688	73935688	harbor2	chr17	73751504	73751864	LTR/ERVL-MaLR	2059	-	180	73751684	15996
chr17	73735688	73935688	harbor2	chr17	73765544	73765908	LTR/ERVL-MaLR	1386	-	182	73765726	30038
chr17	73735688	73935688	harbor2	chr17	73778937	73779305	LTR/ERVL-MaLR	1607	-	184	73779121	43433
chr17	73735688	73935688	harbor2	chr17	73802848	73803370	LTR/ERVL-MaLR	1500	-	261	73803109	67421
chr17	73735688	73935688	harbor2	chr17	73806831	73807150	LTR/ERVL-MaLR	1618	-	160	73806991	71303
chr17	73735688	73935688	harbor2	chr17	73829942	73830365	LTR/ERVL-MaLR	1208	-	212	73830154	94466
chr17	73735688	73935688	harbor2	chr17	73832109	73832528	LTR/ERVL-MaLR	1315	-	210	73832319	96631
chr17	64581505	64781505	harbor2	chr17	64619539	64619872	LTR/ERVL-MaLR	1625	-	166	64619705	38200
chr17	70347428	70547428	harbor2	chr17	70347376	70347766	LTR/ERVL-MaLR	1480	-	195	70347571	143
chr17	70347428	70547428	harbor2	chr17	70368738	70369121	LTR/ERVL-MaLR	2200	-	192	70368930	21502
chr17	70347428	70547428	harbor2	chr17	70391998	70392361	LTR/ERVL-MaLR	1598	-	182	70392180	44752
chr17	70347428	70547428	harbor2	chr17	70398711	70399072	LTR/ERVL-MaLR	2004	-	180	70398891	51463
chr17	70347428	70547428	harbor2	chr17	70434582	70435094	LTR/ERVL-MaLR	1677	-	256	70434838	87410
chr17	81496384	81696384	harbor2	chr17	81533297	81533665	LTR/ERVL-MaLR	540	-	184	81533481	37097
chr17	81496384	81696384	harbor2	chr17	81578466	81578825	LTR/ERVL-MaLR	1869	-	180	81578646	82262
chr17	38973015	39173015	harbor2	chr17	38978175	38978420	LTR/ERVL-MaLR	1358	-	122	38978297	5282
chr17	67280404	67480404	harbor2	chr17	67287491	67287697	LTR/ERVL-MaLR	559	-	103	67287594	7190
chr17	67280404	67480404	harbor2	chr17	67307162	67307328	LTR/ERVL-MaLR	800	-	83	67307245	26841
chr17	51922007	52122007	harbor2	chr17	51926432	51926903	LTR/ERVL-MaLR	2026	-	236	51926668	4661
chr17	51922007	52122007	harbor2	chr17	51952209	51952293	LTR/ERVL-MaLR	527	-	42	51952251	30244
chr17	51922007	52122007	harbor2	chr17	51952309	51952411	LTR/ERVL-MaLR	509	-	51	51952360	30353
chr17	70362518	70562518	harbor2	chr17	70368738	70369121	LTR/ERVL-MaLR	2200	-	192	70368930	6412
chr17	70362518	70562518	harbor2	chr17	70391998	70392361	LTR/ERVL-MaLR	1598	-	182	70392180	29662
chr17	70362518	70562518	harbor2	chr17	70398711	70399072	LTR/ERVL-MaLR	2004	-	180	70398891	36373
chr17	70362518	70562518	harbor2	chr17	70448539	70448808	LTR/ERVL-MaLR	1411	-	134	70448673	86155
chr17	70362518	70562518	harbor2	chr17	70448809	70449145	LTR/ERVL-MaLR	2129	-	168	70448977	86459
chr17	70362518	70562518	harbor2	chr17	70449146	70449247	LTR/ERVL-MaLR	1411	-	50	70449196	86678
chr17	70362518	70562518	harbor2	chr17	70458442	70458807	LTR/ERVL-MaLR	2287	-	182	70458624	96106
chr17	70362518	70562518	harbor2	chr17	70434582	70435094	LTR/ERVL-MaLR	1677	-	256	70434838	72320
chr17	73115608	73315608	harbor2	chr17	73135801	73136119	LTR/ERVL-MaLR	980	-	159	73135960	20352
chr17	73115608	73315608	harbor2	chr17	73136432	73136667	LTR/ERVL-MaLR	980	-	118	73136550	20942
chr17	73115608	73315608	harbor2	chr17	73144248	73144612	LTR/ERVL-MaLR	2818	-	182	73144430	28822
chr17	73115608	73315608	harbor2	chr17	73145412	73145709	LTR/ERVL-MaLR	1528	-	148	73145560	29952
chr17	73115608	73315608	harbor2	chr17	73146228	73146252	LTR/ERVL-MaLR	1528	-	12	73146240	30632
chr17	73115608	73315608	harbor2	chr17	73146577	73146670	LTR/ERVL-MaLR	1528	-	46	73146623	31015
chr17	73115608	73315608	harbor2	chr17	73150501	73150654	LTR/ERVL-MaLR	984	-	76	73150577	34969
chr17	73115608	73315608	harbor2	chr17	73150655	73151016	LTR/ERVL-MaLR	2500	-	180	73150835	35227
chr17	73115608	73315608	harbor2	chr17	73151017	73151441	LTR/ERVL-MaLR	984	-	212	73151229	35621
chr17	73115608	73315608	harbor2	chr17	73195965	73196133	LTR/ERVL-MaLR	799	-	84	73196049	80441
chr17	51248948	51448948	harbor2	chr17	51270471	51270859	LTR/ERVL-MaLR	1135	-	194	51270665	21717
chr17	51248948	51448948	harbor2	chr17	51334985	51335329	LTR/ERVL-MaLR	1702	-	172	51335157	86209
chr17	51248948	51448948	harbor2	chr17	51348305	51348812	LTR/ERVL-MaLR	1672	-	254	51348559	99611
chr17	20648337	20848337	harbor2	chr17	20662593	20662634	LTR/ERVL-MaLR	2155	-	20	20662613	14276
chr17	20648337	20848337	harbor2	chr17	20662935	20662981	LTR/ERVL-MaLR	2155	-	23	20662958	14621
chr17	20648337	20848337	harbor2	chr17	20663283	20663614	LTR/ERVL-MaLR	2155	-	166	20663449	15112
chr17	20648337	20848337	harbor2	chr17	20727781	20728255	LTR/ERVL-MaLR	2807	-	237	20728018	79681
chr17	81123912	81323912	harbor2	chr17	81161287	81161516	LTR/ERVL-MaLR	724	-	114	81161401	37489
chr17	81123912	81323912	harbor2	chr17	81170361	81170546	LTR/ERVL-MaLR	677	-	92	81170453	46541
chr17	82672847	82872847	harbor2	chr17	82675513	82675842	LTR/ERVL-MaLR	1382	-	164	82675677	2830
chr17	82672847	82872847	harbor2	chr17	82747788	82747959	LTR/ERVL-MaLR	584	-	86	82747874	75027
chr17	82672847	82872847	harbor2	chr17	82769039	82769413	LTR/ERVL-MaLR	580	-	187	82769226	96379
chr17	49439195	49639195	harbor2	chr17	49464082	49464503	LTR/ERVL-MaLR	2121	-	210	49464292	25097
chr17	49439195	49639195	harbor2	chr17	49475610	49476006	LTR/ERVL-MaLR	2291	-	198	49475808	36613
chr17	49439195	49639195	harbor2	chr17	49480654	49481064	LTR/ERVL-MaLR	550	-	205	49480859	41664
chr17	59512034	59712034	harbor2	chr17	59526557	59526799	LTR/ERVL-MaLR	805	-	121	59526678	14644
chr17	67681893	67881893	harbor2	chr17	67704404	67704764	LTR/ERVL-MaLR	2810	-	180	67704584	22691
chr17	67681893	67881893	harbor2	chr17	67704935	67705323	LTR/ERVL-MaLR	2192	-	194	67705129	23236
chr17	67681893	67881893	harbor2	chr17	67705621	67705662	LTR/ERVL-MaLR	2192	-	20	67705641	23748
chr17	69627362	69827362	harbor2	chr17	69636620	69637005	LTR/ERVL-MaLR	1221	-	192	69636812	9450
chr17	69627362	69827362	harbor2	chr17	69652628	69652993	LTR/ERVL-MaLR	2551	-	182	69652810	25448
chr17	69627362	69827362	harbor2	chr17	69659520	69659922	LTR/ERVL-MaLR	2188	-	201	69659721	32359
chr17	69627362	69827362	harbor2	chr17	69697640	69699212	LTR/ERVL-MaLR	11839	-	786	69698426	71064
chr17	69627362	69827362	harbor2	chr17	69699214	69699566	LTR/ERVL-MaLR	2596	-	176	69699390	72028
chr17	69627362	69827362	harbor2	chr17	69715831	69716189	LTR/ERVL-MaLR	2098	-	179	69716010	88648
chr17	69627362	69827362	harbor2	chr17	69726629	69727179	LTR/ERVL-MaLR	1703	-	275	69726904	99542
chr17	69627362	69827362	harbor2	chr17	69697287	69697639	LTR/ERVL-MaLR	2512	-	176	69697463	70101
chr17	73773488	73973488	harbor2	chr17	73778937	73779305	LTR/ERVL-MaLR	1607	-	184	73779121	5633
chr17	73773488	73973488	harbor2	chr17	73802848	73803370	LTR/ERVL-MaLR	1500	-	261	73803109	29621
chr17	73773488	73973488	harbor2	chr17	73806831	73807150	LTR/ERVL-MaLR	1618	-	160	73806991	33503
chr17	73773488	73973488	harbor2	chr17	73829942	73830365	LTR/ERVL-MaLR	1208	-	212	73830154	56666
chr17	73773488	73973488	harbor2	chr17	73832109	73832528	LTR/ERVL-MaLR	1315	-	210	73832319	58831
chr17	73773488	73973488	harbor2	chr17	73873146	73873651	LTR/ERVL-MaLR	2199	-	252	73873398	99910
chr17	67847044	68047044	harbor2	chr17	67862637	67863035	LTR/ERVL-MaLR	689	-	199	67862836	15792
chr17	67847044	68047044	harbor2	chr17	67863042	67863277	LTR/ERVL-MaLR	1637	-	118	67863160	16116
chr17	67847044	68047044	harbor2	chr17	67863584	67863785	LTR/ERVL-MaLR	1637	-	100	67863684	16640
chr17	67847044	68047044	harbor2	chr17	67879546	67879981	LTR/ERVL-MaLR	2195	-	218	67879764	32720
chr17	67847044	68047044	harbor2	chr17	67887607	67887860	LTR/ERVL-MaLR	665	-	126	67887733	40689
chr17	72760985	72960985	harbor2	chr17	72794786	72794901	LTR/ERVL-MaLR	575	-	58	72794844	33859
chr17	72760985	72960985	harbor2	chr17	72795093	72795674	LTR/ERVL-MaLR	1544	-	290	72795383	34398
chr17	72760985	72960985	harbor2	chr17	72798191	72798407	LTR/ERVL-MaLR	1512	-	108	72798299	37314
chr17	72760985	72960985	harbor2	chr17	72798685	72798851	LTR/ERVL-MaLR	1512	-	83	72798768	37783
chr17	72760985	72960985	harbor2	chr17	72811085	72811416	LTR/ERVL-MaLR	1668	-	166	72811251	50266
chr17	72760985	72960985	harbor2	chr17	72817072	72817568	LTR/ERVL-MaLR	1822	-	248	72817320	56335
chr17	72760985	72960985	harbor2	chr17	72817787	72818164	LTR/ERVL-MaLR	2705	-	188	72817975	56990
chr17	36052860	36252860	harbor2	chr17	36059695	36060037	LTR/ERVL-MaLR	945	-	171	36059866	7006
chr17	36052860	36252860	harbor2	chr17	36060065	36060506	LTR/ERVL-MaLR	1524	-	220	36060285	7425
chr17	36052860	36252860	harbor2	chr17	36138095	36138450	LTR/ERVL-MaLR	2162	-	178	36138273	85413
chr17	36052860	36252860	harbor2	chr17	36144703	36145068	LTR/ERVL-MaLR	2132	-	182	36144885	92025
chr17	36052860	36252860	harbor2	chr17	36145117	36145131	LTR/ERVL-MaLR	1759	-	7	36145124	92264
chr17	36052860	36252860	harbor2	chr17	36145703	36146213	LTR/ERVL-MaLR	1759	-	255	36145958	93098
chr17	36052860	36252860	harbor2	chr17	36146214	36146575	LTR/ERVL-MaLR	1559	-	180	36146394	93534
chr17	81550929	81750929	harbor2	chr17	81578466	81578825	LTR/ERVL-MaLR	1869	-	180	81578646	27717
chr17	81550929	81750929	harbor2	chr17	81640288	81640452	LTR/ERVL-MaLR	742	-	82	81640370	89441
chr17	81550929	81750929	harbor2	chr17	81640748	81640847	LTR/ERVL-MaLR	742	-	50	81640798	89869
chr17	64411574	64611574	harbor2	chr17	64438904	64439307	LTR/ERVL-MaLR	8642	-	202	64439106	27532
chr17	64411574	64611574	harbor2	chr17	64439606	64439728	LTR/ERVL-MaLR	8642	-	61	64439667	28093
chr17	64411574	64611574	harbor2	chr17	64439729	64439769	LTR/ERVL-MaLR	2044	-	20	64439749	28175
chr17	64411574	64611574	harbor2	chr17	64440074	64440411	LTR/ERVL-MaLR	2044	-	168	64440242	28668
chr17	64411574	64611574	harbor2	chr17	64465941	64466317	LTR/ERVL-MaLR	2402	-	188	64466129	54555
chr17	64411574	64611574	harbor2	chr17	64437915	64438605	LTR/ERVL-MaLR	8642	-	345	64438260	26686
chr17	40643156	40843156	harbor2	chr17	40710553	40710971	LTR/ERVL-MaLR	2925	-	209	40710762	67606
chr17	40643156	40843156	harbor2	chr17	40742255	40742617	LTR/ERVL-MaLR	1862	-	181	40742436	99280
chr17	54002434	54202434	harbor2	chr17	54036617	54037098	LTR/ERVL-MaLR	984	-	240	54036857	34423
chr17	54002434	54202434	harbor2	chr17	54041049	54041475	LTR/ERVL-MaLR	2282	-	213	54041262	38828
chr17	54002434	54202434	harbor2	chr17	54049342	54049705	LTR/ERVL-MaLR	2505	-	182	54049524	47090
chr17	54002434	54202434	harbor2	chr17	54051310	54051674	LTR/ERVL-MaLR	2636	-	182	54051492	49058
chr17	54002434	54202434	harbor2	chr17	54063606	54064054	LTR/ERVL-MaLR	704	-	224	54063830	61396
chr17	54002434	54202434	harbor2	chr17	54081540	54081956	LTR/ERVL-MaLR	2381	-	208	54081748	79314
chr17	54002434	54202434	harbor2	chr17	54082051	54082432	LTR/ERVL-MaLR	2771	-	190	54082241	79807
chr17	54002434	54202434	harbor2	chr17	54082435	54082810	LTR/ERVL-MaLR	2632	-	188	54082623	80189
chr17	54002434	54202434	harbor2	chr17	54049706	54051309	LTR/ERVL-MaLR	10503	-	802	54050508	48074
chr17	16095547	16295547	harbor2	chr17	16113987	16114361	LTR/ERVL-MaLR	2296	-	187	16114174	18627
chr17	16095547	16295547	harbor2	chr17	16114362	16115919	LTR/ERVL-MaLR	11618	-	778	16115140	19593
chr17	16095547	16295547	harbor2	chr17	16115921	16116283	LTR/ERVL-MaLR	2241	-	181	16116102	20555
chr17	69966224	70166224	harbor2	chr17	69965427	69966440	LTR/ERVL-MaLR	1155	-	506	69965933	291
chr17	69966224	70166224	harbor2	chr17	69966576	69966704	LTR/ERVL-MaLR	561	-	64	69966640	416
chr17	69966224	70166224	harbor2	chr17	69966737	69966788	LTR/ERVL-MaLR	561	-	26	69966763	539
chr17	69966224	70166224	harbor2	chr17	69973036	69973408	LTR/ERVL-MaLR	2360	-	186	69973222	6998
chr17	69966224	70166224	harbor2	chr17	69973677	69973966	LTR/ERVL-MaLR	568	-	144	69973821	7597
chr17	69966224	70166224	harbor2	chr17	69974156	69974440	LTR/ERVL-MaLR	973	-	142	69974298	8074
chr17	69966224	70166224	harbor2	chr17	69974459	69974983	LTR/ERVL-MaLR	2192	-	262	69974721	8497
chr17	69966224	70166224	harbor2	chr17	69984447	69984851	LTR/ERVL-MaLR	1780	-	202	69984649	18425
chr17	69966224	70166224	harbor2	chr17	69993977	69994127	LTR/ERVL-MaLR	681	-	75	69994052	27828
chr17	69966224	70166224	harbor2	chr17	69995372	69995698	LTR/ERVL-MaLR	811	-	163	69995535	29311
chr17	69966224	70166224	harbor2	chr17	69995702	69995859	LTR/ERVL-MaLR	712	-	78	69995780	29556
chr17	69966224	70166224	harbor2	chr17	70004139	70004609	LTR/ERVL-MaLR	1817	-	235	70004374	38150
chr17	69966224	70166224	harbor2	chr17	70031931	70032292	LTR/ERVL-MaLR	2194	-	180	70032111	65887
chr17	69966224	70166224	harbor2	chr17	70032360	70032728	LTR/ERVL-MaLR	2359	-	184	70032544	66320
chr17	53405240	53605240	harbor2	chr17	53408483	53408807	LTR/ERVL-MaLR	567	-	162	53408645	3405
chr17	53405240	53605240	harbor2	chr17	53438166	53438519	LTR/ERVL-MaLR	1863	-	176	53438342	33102
chr17	53405240	53605240	harbor2	chr17	53440394	53440649	LTR/ERVL-MaLR	546	-	128	53440522	35282
chr17	53405240	53605240	harbor2	chr17	53472051	53472365	LTR/ERVL-MaLR	1455	-	157	53472208	66968
chr17	53405240	53605240	harbor2	chr17	53476353	53476804	LTR/ERVL-MaLR	1769	-	226	53476579	71339
chr17	53405240	53605240	harbor2	chr17	53490013	53490393	LTR/ERVL-MaLR	1957	-	190	53490203	84963
chr17	53405240	53605240	harbor2	chr17	53490394	53492052	LTR/ERVL-MaLR	10193	-	829	53491223	85983
chr17	53405240	53605240	harbor2	chr17	53492053	53492375	LTR/ERVL-MaLR	1536	-	161	53492214	86974
chr17	69162284	69362284	harbor2	chr17	69231027	69231121	LTR/ERVL-MaLR	531	-	47	69231074	68790
chr17	50103877	50303877	harbor2	chr17	50158290	50158808	LTR/ERVL-MaLR	835	-	259	50158549	54672
chr17	81950879	82150879	harbor2	chr17	81979329	81979684	LTR/ERVL-MaLR	566	-	178	81979507	28628
chr17	81950879	82150879	harbor2	chr17	81984597	81984760	LTR/ERVL-MaLR	570	-	82	81984679	33800
chr17	70069375	70269375	harbor2	chr17	70093178	70093605	LTR/ERVL-MaLR	1619	-	214	70093392	24017
chr17	70069375	70269375	harbor2	chr17	70118454	70118809	LTR/ERVL-MaLR	1709	-	178	70118632	49257
chr17	70069375	70269375	harbor2	chr17	70118810	70120423	LTR/ERVL-MaLR	8938	-	806	70119616	50241
chr17	70069375	70269375	harbor2	chr17	70120424	70120847	LTR/ERVL-MaLR	1859	-	212	70120636	51261
chr17	70069375	70269375	harbor2	chr17	70141497	70141858	LTR/ERVL-MaLR	1417	-	180	70141677	72302
chr17	70069375	70269375	harbor2	chr17	70147760	70148205	LTR/ERVL-MaLR	2278	-	222	70147982	78607
chr17	68893890	69093890	harbor2	chr17	68965708	68966060	LTR/ERVL-MaLR	2175	-	176	68965884	71994
chr17	68893890	69093890	harbor2	chr17	68973540	68973823	LTR/ERVL-MaLR	615	-	142	68973682	79792
chr17	68105019	68305019	harbor2	chr17	68176339	68176799	LTR/ERVL-MaLR	1380	-	230	68176569	71550
chr17	68105019	68305019	harbor2	chr17	68186657	68186779	LTR/ERVL-MaLR	635	-	61	68186718	81699
chr17	68105019	68305019	harbor2	chr17	68187784	68188179	LTR/ERVL-MaLR	1912	-	198	68187982	82963
chr17	79212468	79412468	harbor2	chr17	79231862	79232184	LTR/ERVL-MaLR	1883	-	161	79232023	19555
chr17	79212468	79412468	harbor2	chr17	79241633	79242004	LTR/ERVL-MaLR	1514	-	186	79241819	29351
chr17	42457674	42657674	harbor2	chr17	42530324	42530535	LTR/ERVL-MaLR	1162	-	106	42530430	72756
chr17	29255173	29455173	harbor2	chr17	29303710	29304127	LTR/ERVL-MaLR	1931	-	208	29303918	48745
chr17	29255173	29455173	harbor2	chr17	29304414	29304507	LTR/ERVL-MaLR	1931	-	46	29304460	49287
chr17	29255173	29455173	harbor2	chr17	29307764	29308049	LTR/ERVL-MaLR	550	-	142	29307906	52733
chr17	29255173	29455173	harbor2	chr17	29323329	29323580	LTR/ERVL-MaLR	549	-	126	29323455	68282
chr17	29255173	29455173	harbor2	chr17	29323883	29323930	LTR/ERVL-MaLR	549	-	24	29323907	68734
chr17	29255173	29455173	harbor2	chr17	29350167	29350348	LTR/ERVL-MaLR	1145	-	90	29350257	95084
chr17	30466528	30666528	harbor2	chr17	30547761	30548906	LTR/ERVL-MaLR	3876	-	572	30548333	81805
chr17	40950820	41150820	harbor2	chr17	41005076	41005160	LTR/ERVL-MaLR	635	-	42	41005118	54298
chr17	71892499	72092499	harbor2	chr17	71904351	71904712	LTR/ERVL-MaLR	2737	-	180	71904531	12032
chr17	71892499	72092499	harbor2	chr17	71910607	71910978	LTR/ERVL-MaLR	2113	-	186	71910793	18294
chr17	71892499	72092499	harbor2	chr17	71954088	71954280	LTR/ERVL-MaLR	1895	-	96	71954184	61685
chr17	71892499	72092499	harbor2	chr17	71954341	71954495	LTR/ERVL-MaLR	1895	-	77	71954418	61919
chr17	71892499	72092499	harbor2	chr17	71960479	71960841	LTR/ERVL-MaLR	2799	-	181	71960660	68161
chr17	71892499	72092499	harbor2	chr17	71971971	71972110	LTR/ERVL-MaLR	1643	-	70	71972041	79542
chr17	71892499	72092499	harbor2	chr17	71972399	71972622	LTR/ERVL-MaLR	1643	-	112	71972511	80012
chr17	71892499	72092499	harbor2	chr17	71972623	71972982	LTR/ERVL-MaLR	1691	-	180	71972803	80304
chr17	71892499	72092499	harbor2	chr17	71972983	71973083	LTR/ERVL-MaLR	1643	-	50	71973033	80534
chr17	71680333	71880333	harbor2	chr17	71689317	71689678	LTR/ERVL-MaLR	2564	-	180	71689497	9164
chr17	71680333	71880333	harbor2	chr17	71763263	71763592	LTR/ERVL-MaLR	2014	-	164	71763427	83094
chr17	71680333	71880333	harbor2	chr17	71764437	71764866	LTR/ERVL-MaLR	941	-	214	71764651	84318
chr17	59131980	59331980	harbor2	chr17	59187941	59188205	LTR/ERVL-MaLR	916	-	132	59188073	56093
chr17	59131980	59331980	harbor2	chr17	59190627	59190821	LTR/ERVL-MaLR	566	-	97	59190724	58744
chr17	59131980	59331980	harbor2	chr17	59192448	59192839	LTR/ERVL-MaLR	2149	-	196	59192644	60664
chr17	73148530	73348530	harbor2	chr17	73150501	73150654	LTR/ERVL-MaLR	984	-	76	73150577	2047
chr17	73148530	73348530	harbor2	chr17	73150655	73151016	LTR/ERVL-MaLR	2500	-	180	73150835	2305
chr17	73148530	73348530	harbor2	chr17	73151017	73151441	LTR/ERVL-MaLR	984	-	212	73151229	2699
chr17	73148530	73348530	harbor2	chr17	73195965	73196133	LTR/ERVL-MaLR	799	-	84	73196049	47519
chr17	27938244	28138244	harbor2	chr17	27965685	27966050	LTR/ERVL-MaLR	2253	-	182	27965867	27623
chr17	27938244	28138244	harbor2	chr17	27974006	27974427	LTR/ERVL-MaLR	1479	-	210	27974216	35972
chr17	27938244	28138244	harbor2	chr17	27976077	27976706	LTR/ERVL-MaLR	1264	-	314	27976391	38147
chr17	27938244	28138244	harbor2	chr17	27993712	27994238	LTR/ERVL-MaLR	2051	-	263	27993975	55731
chr17	27938244	28138244	harbor2	chr17	27997547	27997822	LTR/ERVL-MaLR	657	-	138	27997685	59441
chr17	52647184	52847184	harbor2	chr17	52653616	52653878	LTR/ERVL-MaLR	613	-	131	52653747	6563
chr17	52647184	52847184	harbor2	chr17	52667279	52667644	LTR/ERVL-MaLR	2097	-	182	52667461	20277
chr17	52647184	52847184	harbor2	chr17	52667647	52668766	LTR/ERVL-MaLR	6969	-	560	52668207	21023
chr17	52647184	52847184	harbor2	chr17	52733471	52733839	LTR/ERVL-MaLR	1956	-	184	52733655	86471
chr17	82921146	83121146	harbor2	chr17	82967112	82967231	LTR/ERVL-MaLR	548	-	60	82967172	46026
chr17	82921146	83121146	harbor2	chr17	82970835	82971173	LTR/ERVL-MaLR	590	-	169	82971004	49858
chr17	76537788	76737788	harbor2	chr17	76553241	76553448	LTR/ERVL-MaLR	632	-	104	76553345	15557
chr17	76537788	76737788	harbor2	chr17	76583523	76583607	LTR/ERVL-MaLR	582	-	42	76583565	45777
chr17	76537788	76737788	harbor2	chr17	76602940	76603351	LTR/ERVL-MaLR	2749	-	206	76603146	65358
chr17	76537788	76737788	harbor2	chr17	76631457	76631684	LTR/ERVL-MaLR	625	-	114	76631571	93783
chr17	73956592	74156592	harbor2	chr17	73978786	73979305	LTR/ERVL-MaLR	1067	-	260	73979046	22454
chr17	73956592	74156592	harbor2	chr17	74002590	74003013	LTR/ERVL-MaLR	1577	-	212	74002802	46210
chr17	73956592	74156592	harbor2	chr17	74003024	74003333	LTR/ERVL-MaLR	2232	-	154	74003178	46586
chr17	73956592	74156592	harbor2	chr17	74014557	74014752	LTR/ERVL-MaLR	632	-	98	74014655	58063
chr17	73956592	74156592	harbor2	chr17	74015239	74015793	LTR/ERVL-MaLR	2484	-	277	74015516	58924
chr17	73956592	74156592	harbor2	chr17	74023239	74023635	LTR/ERVL-MaLR	622	-	198	74023437	66845
chr17	73956592	74156592	harbor2	chr17	74025053	74025424	LTR/ERVL-MaLR	1702	-	186	74025239	68647
chr17	71540782	71740782	harbor2	chr17	71543294	71543648	LTR/ERVL-MaLR	2033	-	177	71543471	2689
chr17	71540782	71740782	harbor2	chr17	71546924	71547325	LTR/ERVL-MaLR	2186	-	200	71547124	6342
chr17	71540782	71740782	harbor2	chr17	71552736	71553086	LTR/ERVL-MaLR	2134	-	175	71552911	12129
chr17	71540782	71740782	harbor2	chr17	71556896	71557254	LTR/ERVL-MaLR	2146	-	179	71557075	16293
chr17	71540782	71740782	harbor2	chr17	71589336	71589706	LTR/ERVL-MaLR	2032	-	185	71589521	48739
chr17	71540782	71740782	harbor2	chr17	71594398	71594761	LTR/ERVL-MaLR	1448	-	182	71594580	53798
chr17	71540782	71740782	harbor2	chr17	71602800	71603157	LTR/ERVL-MaLR	2471	-	178	71602978	62196
chr17	71540782	71740782	harbor2	chr17	71623348	71623713	LTR/ERVL-MaLR	1747	-	182	71623530	82748
chr17	71540782	71740782	harbor2	chr17	71629655	71630025	LTR/ERVL-MaLR	2196	-	185	71629840	89058
chr17	71540782	71740782	harbor2	chr17	71638055	71638452	LTR/ERVL-MaLR	2267	-	198	71638253	97471
chr17	72791413	72991413	harbor2	chr17	72794786	72794901	LTR/ERVL-MaLR	575	-	58	72794844	3431
chr17	72791413	72991413	harbor2	chr17	72795093	72795674	LTR/ERVL-MaLR	1544	-	290	72795383	3970
chr17	72791413	72991413	harbor2	chr17	72798191	72798407	LTR/ERVL-MaLR	1512	-	108	72798299	6886
chr17	72791413	72991413	harbor2	chr17	72798685	72798851	LTR/ERVL-MaLR	1512	-	83	72798768	7355
chr17	72791413	72991413	harbor2	chr17	72811085	72811416	LTR/ERVL-MaLR	1668	-	166	72811251	19838
chr17	72791413	72991413	harbor2	chr17	72817072	72817568	LTR/ERVL-MaLR	1822	-	248	72817320	25907
chr17	72791413	72991413	harbor2	chr17	72817787	72818164	LTR/ERVL-MaLR	2705	-	188	72817975	26562
chr17	35364082	35564082	harbor2	chr17	35400833	35401347	LTR/ERVL-MaLR	2638	-	257	35401090	37008
chr17	35364082	35564082	harbor2	chr17	35438953	35439336	LTR/ERVL-MaLR	977	-	192	35439145	75063
chr17	35364082	35564082	harbor2	chr17	35463806	35464219	LTR/ERVL-MaLR	2359	-	206	35464012	99930
chr17	82622227	82822227	harbor2	chr17	82655121	82655308	LTR/ERVL-MaLR	689	-	94	82655215	32988
chr17	82622227	82822227	harbor2	chr17	82675513	82675842	LTR/ERVL-MaLR	1382	-	164	82675677	53450
chr17	82848727	83048727	harbor2	chr17	82852358	82852736	LTR/ERVL-MaLR	1297	-	189	82852547	3820
chr17	41608638	41808638	harbor2	chr17	41670888	41670981	LTR/ERVL-MaLR	1601	-	46	41670934	62296
chr17	41608638	41808638	harbor2	chr17	41671283	41671424	LTR/ERVL-MaLR	1601	-	70	41671353	62715
chr17	41608638	41808638	harbor2	chr17	41671781	41671911	LTR/ERVL-MaLR	1601	-	65	41671846	63208
chr17	41608638	41808638	harbor2	chr17	41693148	41693358	LTR/ERVL-MaLR	514	-	105	41693253	84615
chr17	41608638	41808638	harbor2	chr17	41707755	41708246	LTR/ERVL-MaLR	1986	-	246	41708001	99363
chr17	41608638	41808638	harbor2	chr17	41708388	41708505	LTR/ERVL-MaLR	735	-	58	41708446	99808
chr17	50633840	50833840	harbor2	chr17	50671472	50671702	LTR/ERVL-MaLR	2310	-	115	50671587	37747
chr17	50633840	50833840	harbor2	chr17	50672022	50672235	LTR/ERVL-MaLR	2310	-	106	50672128	38288
chr17	50633840	50833840	harbor2	chr17	50712259	50712299	LTR/ERVL-MaLR	1965	-	20	50712279	78439
chr17	50633840	50833840	harbor2	chr17	50712610	50712933	LTR/ERVL-MaLR	1965	-	162	50712772	78932
chr17	50633840	50833840	harbor2	chr17	50713275	50713571	LTR/ERVL-MaLR	1402	-	148	50713423	79583
chr17	50633840	50833840	harbor2	chr17	50714909	50715313	LTR/ERVL-MaLR	1471	-	202	50715111	81271
chr17	50633840	50833840	harbor2	chr17	50727231	50727462	LTR/ERVL-MaLR	1191	-	116	50727347	93507
chr17	66967525	67167525	harbor2	chr17	66970311	66970472	LTR/ERVL-MaLR	759	-	80	66970391	2866
chr17	66967525	67167525	harbor2	chr17	66970607	66970800	LTR/ERVL-MaLR	724	-	96	66970703	3178
chr17	66967525	67167525	harbor2	chr17	66986694	66986991	LTR/ERVL-MaLR	1519	-	148	66986842	19317
chr17	66967525	67167525	harbor2	chr17	66989978	66990512	LTR/ERVL-MaLR	1366	-	267	66990245	22720
chr17	66967525	67167525	harbor2	chr17	66999396	66999810	LTR/ERVL-MaLR	2302	-	207	66999603	32078
chr17	66967525	67167525	harbor2	chr17	67002047	67002409	LTR/ERVL-MaLR	2659	-	181	67002228	34703
chr17	66967525	67167525	harbor2	chr17	67007730	67008092	LTR/ERVL-MaLR	703	-	181	67007911	40386
chr17	66967525	67167525	harbor2	chr17	67009594	67009914	LTR/ERVL-MaLR	1692	-	160	67009754	42229
chr17	66967525	67167525	harbor2	chr17	67022917	67023265	LTR/ERVL-MaLR	1013	-	174	67023091	55566
chr17	66967525	67167525	harbor2	chr17	67023877	67023959	LTR/ERVL-MaLR	1013	-	41	67023918	56393
chr17	66967525	67167525	harbor2	chr17	67037610	67038007	LTR/ERVL-MaLR	2254	-	198	67037808	70283
chr17	66967525	67167525	harbor2	chr17	67041083	67041109	LTR/ERVL-MaLR	672	-	13	67041096	73571
chr17	66967525	67167525	harbor2	chr17	67041465	67041602	LTR/ERVL-MaLR	672	-	68	67041533	74008
chr17	66967525	67167525	harbor2	chr17	67063397	67063768	LTR/ERVL-MaLR	1623	-	186	67063583	96058
chr17	66967525	67167525	harbor2	chr17	67064065	67064209	LTR/ERVL-MaLR	1623	-	72	67064137	96612
chr17	82504233	82704233	harbor2	chr17	82505405	82505535	LTR/ERVL-MaLR	934	-	65	82505470	1237
chr17	82563756	82763756	harbor2	chr17	82655121	82655308	LTR/ERVL-MaLR	689	-	94	82655215	91459
chr17	58174345	58374345	harbor2	chr17	58181779	58182296	LTR/ERVL-MaLR	1170	-	258	58182037	7692
chr17	58174345	58374345	harbor2	chr17	58243076	58243505	LTR/ERVL-MaLR	1878	-	214	58243290	68945
chr17	64363021	64563021	harbor2	chr17	64402091	64402402	LTR/ERVL-MaLR	1231	-	156	64402247	39226
chr17	64363021	64563021	harbor2	chr17	64402699	64402809	LTR/ERVL-MaLR	1231	-	55	64402754	39733
chr17	64363021	64563021	harbor2	chr17	64438904	64439307	LTR/ERVL-MaLR	8642	-	202	64439106	76085
chr17	64363021	64563021	harbor2	chr17	64439606	64439728	LTR/ERVL-MaLR	8642	-	61	64439667	76646
chr17	64363021	64563021	harbor2	chr17	64439729	64439769	LTR/ERVL-MaLR	2044	-	20	64439749	76728
chr17	64363021	64563021	harbor2	chr17	64440074	64440411	LTR/ERVL-MaLR	2044	-	168	64440242	77221
chr17	64363021	64563021	harbor2	chr17	64437915	64438605	LTR/ERVL-MaLR	8642	-	345	64438260	75239
chr17	57321430	57521430	harbor2	chr17	57336770	57337091	LTR/ERVL-MaLR	1068	-	160	57336930	15500
chr17	57321430	57521430	harbor2	chr17	57354994	57355384	LTR/ERVL-MaLR	827	-	195	57355189	33759
chr17	57321430	57521430	harbor2	chr17	57384109	57384608	LTR/ERVL-MaLR	2271	-	250	57384359	62929
chr17	57321430	57521430	harbor2	chr17	57394885	57395337	LTR/ERVL-MaLR	1859	-	226	57395111	73681
chr17	65643697	65843697	harbor2	chr17	65652814	65653188	LTR/ERVL-MaLR	1542	-	187	65653001	9304
chr17	65643697	65843697	harbor2	chr17	65664788	65665152	LTR/ERVL-MaLR	1642	-	182	65664970	21273
chr17	65643697	65843697	harbor2	chr17	65672936	65673574	LTR/ERVL-MaLR	3088	-	319	65673255	29558
chr17	65643697	65843697	harbor2	chr17	65680680	65681036	LTR/ERVL-MaLR	2289	-	178	65680858	37161
chr17	65643697	65843697	harbor2	chr17	65702645	65703007	LTR/ERVL-MaLR	2781	-	181	65702826	59129
chr17	65643697	65843697	harbor2	chr17	65709286	65709646	LTR/ERVL-MaLR	2398	-	180	65709466	65769
chr17	65643697	65843697	harbor2	chr17	65725608	65725941	LTR/ERVL-MaLR	1825	-	166	65725774	82077
chr17	73127139	73327139	harbor2	chr17	73135801	73136119	LTR/ERVL-MaLR	980	-	159	73135960	8821
chr17	73127139	73327139	harbor2	chr17	73136432	73136667	LTR/ERVL-MaLR	980	-	118	73136550	9411
chr17	73127139	73327139	harbor2	chr17	73144248	73144612	LTR/ERVL-MaLR	2818	-	182	73144430	17291
chr17	73127139	73327139	harbor2	chr17	73145412	73145709	LTR/ERVL-MaLR	1528	-	148	73145560	18421
chr17	73127139	73327139	harbor2	chr17	73146228	73146252	LTR/ERVL-MaLR	1528	-	12	73146240	19101
chr17	73127139	73327139	harbor2	chr17	73146577	73146670	LTR/ERVL-MaLR	1528	-	46	73146623	19484
chr17	73127139	73327139	harbor2	chr17	73150501	73150654	LTR/ERVL-MaLR	984	-	76	73150577	23438
chr17	73127139	73327139	harbor2	chr17	73150655	73151016	LTR/ERVL-MaLR	2500	-	180	73150835	23696
chr17	73127139	73327139	harbor2	chr17	73151017	73151441	LTR/ERVL-MaLR	984	-	212	73151229	24090
chr17	73127139	73327139	harbor2	chr17	73195965	73196133	LTR/ERVL-MaLR	799	-	84	73196049	68910
chr17	79236240	79436240	harbor2	chr17	79241633	79242004	LTR/ERVL-MaLR	1514	-	186	79241819	5579
chr17	79421133	79621133	harbor2	chr17	79492963	79493370	LTR/ERVL-MaLR	2662	-	204	79493167	72034
chr17	79421133	79621133	harbor2	chr17	79502920	79503260	LTR/ERVL-MaLR	1040	-	170	79503090	81957
chr17	79421133	79621133	harbor2	chr17	79504375	79504853	LTR/ERVL-MaLR	1816	-	239	79504614	83481
chr17	58492305	58692305	harbor2	chr17	58549393	58549701	LTR/ERVL-MaLR	1220	-	154	58549547	57242
chr17	51959180	52159180	harbor2	chr17	52026491	52026865	LTR/ERVL-MaLR	2505	-	187	52026678	67498
chr17	81924026	82124026	harbor2	chr17	81979329	81979684	LTR/ERVL-MaLR	566	-	178	81979507	55481
chr17	81924026	82124026	harbor2	chr17	81984597	81984760	LTR/ERVL-MaLR	570	-	82	81984679	60653
chr17	79861909	80061909	harbor2	chr17	79883170	79883558	LTR/ERVL-MaLR	2096	-	194	79883364	21455
chr17	79861909	80061909	harbor2	chr17	79899022	79899386	LTR/ERVL-MaLR	2348	-	182	79899204	37295
chr17	79861909	80061909	harbor2	chr17	79901495	79901933	LTR/ERVL-MaLR	1500	-	219	79901714	39805
chr17	79861909	80061909	harbor2	chr17	79905132	79905663	LTR/ERVL-MaLR	1853	-	266	79905398	43489
chr17	79861909	80061909	harbor2	chr17	79912046	79912456	LTR/ERVL-MaLR	1149	-	205	79912251	50342
chr17	44686384	44886384	harbor2	chr17	44727632	44727687	LTR/ERVL-MaLR	987	-	28	44727660	41276
chr17	44686384	44886384	harbor2	chr17	44745347	44745713	LTR/ERVL-MaLR	2320	-	183	44745530	59146
chr17	44686384	44886384	harbor2	chr17	44728018	44728459	LTR/ERVL-MaLR	987	-	220	44728238	41854
chr17	49459931	49659931	harbor2	chr17	49464082	49464503	LTR/ERVL-MaLR	2121	-	210	49464292	4361
chr17	49459931	49659931	harbor2	chr17	49475610	49476006	LTR/ERVL-MaLR	2291	-	198	49475808	15877
chr17	49459931	49659931	harbor2	chr17	49480654	49481064	LTR/ERVL-MaLR	550	-	205	49480859	20928
chr17	49459931	49659931	harbor2	chr17	49543861	49544239	LTR/ERVL-MaLR	2237	-	189	49544050	84119
chr17	49459931	49659931	harbor2	chr17	49546447	49546922	LTR/ERVL-MaLR	2084	-	238	49546685	86754
chr17	61628646	61828646	harbor2	chr17	61680873	61681230	LTR/ERVL-MaLR	2332	-	178	61681051	52405
chr17	81189147	81389147	harbor2	chr17	81242743	81243032	LTR/ERVL-MaLR	970	-	144	81242887	53740
chr17	76766442	76966442	harbor2	chr17	76767465	76767944	LTR/ERVL-MaLR	523	-	240	76767705	1263
chr17	76766442	76966442	harbor2	chr17	76769197	76769563	LTR/ERVL-MaLR	1800	-	183	76769380	2938
chr17	76766442	76966442	harbor2	chr17	76780961	76781464	LTR/ERVL-MaLR	1316	-	252	76781213	14771
chr17	76766442	76966442	harbor2	chr17	76817897	76818256	LTR/ERVL-MaLR	2113	-	180	76818077	51635
chr17	76766442	76966442	harbor2	chr17	76824319	76824380	LTR/ERVL-MaLR	756	-	30	76824349	57907
chr17	76766442	76966442	harbor2	chr17	76824681	76824938	LTR/ERVL-MaLR	756	-	128	76824809	58367
chr17	76766442	76966442	harbor2	chr17	76825228	76825383	LTR/ERVL-MaLR	756	-	78	76825306	58864
chr17	76766442	76966442	harbor2	chr17	76829929	76830292	LTR/ERVL-MaLR	1763	-	182	76830111	63669
chr17	76766442	76966442	harbor2	chr17	76830595	76830750	LTR/ERVL-MaLR	1763	-	78	76830673	64231
chr17	76766442	76966442	harbor2	chr17	76852443	76852657	LTR/ERVL-MaLR	2529	-	107	76852550	86108
chr17	76766442	76966442	harbor2	chr17	76852969	76853129	LTR/ERVL-MaLR	2529	-	80	76853049	86607
chr17	76766442	76966442	harbor2	chr17	76857743	76857841	LTR/ERVL-MaLR	519	-	49	76857792	91350
chr17	76766442	76966442	harbor2	chr17	76859060	76859282	LTR/ERVL-MaLR	779	-	111	76859171	92729
chr17	76766442	76966442	harbor2	chr17	76861384	76861756	LTR/ERVL-MaLR	2178	-	186	76861570	95128
chr17	76766442	76966442	harbor2	chr17	76861866	76862241	LTR/ERVL-MaLR	2292	-	188	76862054	95612
chr17	79060569	79260569	harbor2	chr17	79062653	79063001	LTR/ERVL-MaLR	2034	-	174	79062827	2258
chr17	79060569	79260569	harbor2	chr17	79072150	79072553	LTR/ERVL-MaLR	605	-	202	79072352	11783
chr17	27603443	27803443	harbor2	chr17	27634080	27634266	LTR/ERVL-MaLR	1677	-	93	27634173	30730
chr17	27603443	27803443	harbor2	chr17	27634580	27634827	LTR/ERVL-MaLR	1677	-	124	27634704	31261
chr17	27603443	27803443	harbor2	chr17	27675999	27676352	LTR/ERVL-MaLR	1906	-	176	27676175	72732
chr17	49960885	50160885	harbor2	chr17	50013701	50014026	LTR/ERVL-MaLR	1757	-	162	50013863	52978
chr17	49960885	50160885	harbor2	chr17	50014034	50015586	LTR/ERVL-MaLR	8819	-	776	50014810	53925
chr17	49960885	50160885	harbor2	chr17	50015587	50015623	LTR/ERVL-MaLR	2535	-	18	50015605	54720
chr17	49960885	50160885	harbor2	chr17	50015924	50016291	LTR/ERVL-MaLR	2535	-	184	50016108	55223
chr18	57174368	57374368	harbor2	chr18	57174804	57175371	LTR/ERVL-MaLR	2514	-	284	57175088	720
chr18	57174368	57374368	harbor2	chr18	57191226	57191443	LTR/ERVL-MaLR	1813	-	108	57191334	16966
chr18	57174368	57374368	harbor2	chr18	57191472	57191675	LTR/ERVL-MaLR	1813	-	102	57191574	17206
chr18	57174368	57374368	harbor2	chr18	57192643	57192968	LTR/ERVL-MaLR	890	-	162	57192805	18437
chr18	57174368	57374368	harbor2	chr18	57214780	57214875	LTR/ERVL-MaLR	482	-	48	57214828	40460
chr18	57174368	57374368	harbor2	chr18	57215055	57215249	LTR/ERVL-MaLR	502	-	97	57215152	40784
chr18	57174368	57374368	harbor2	chr18	57223443	57223884	LTR/ERVL-MaLR	1144	-	220	57223663	49295
chr18	57174368	57374368	harbor2	chr18	57237520	57237812	LTR/ERVL-MaLR	2007	-	146	57237666	63298
chr18	57174368	57374368	harbor2	chr18	57247901	57248031	LTR/ERVL-MaLR	732	-	65	57247966	73598
chr18	57174368	57374368	harbor2	chr18	57251341	57251735	LTR/ERVL-MaLR	1108	-	197	57251538	77170
chr18	73657269	73857269	harbor2	chr18	73681687	73682218	LTR/ERVL-MaLR	589	-	266	73681953	24684
chr18	73657269	73857269	harbor2	chr18	73700206	73700556	LTR/ERVL-MaLR	2230	-	175	73700381	43112
chr18	73657269	73857269	harbor2	chr18	73707697	73708119	LTR/ERVL-MaLR	2727	-	211	73707908	50639
chr18	73657269	73857269	harbor2	chr18	73713517	73713881	LTR/ERVL-MaLR	2218	-	182	73713699	56430
chr18	73657269	73857269	harbor2	chr18	73716113	73716329	LTR/ERVL-MaLR	1167	-	108	73716221	58952
chr18	73657269	73857269	harbor2	chr18	73716362	73716513	LTR/ERVL-MaLR	1167	-	76	73716438	59169
chr18	73657269	73857269	harbor2	chr18	73722518	73722900	LTR/ERVL-MaLR	2649	-	191	73722709	65440
chr18	73657269	73857269	harbor2	chr18	73728210	73728560	LTR/ERVL-MaLR	1479	-	175	73728385	71116
chr18	66966485	67166485	harbor2	chr18	66966180	66966577	LTR/ERVL-MaLR	1682	-	198	66966378	107
chr18	66966485	67166485	harbor2	chr18	67012789	67013171	LTR/ERVL-MaLR	1611	-	191	67012980	46495
chr18	66966485	67166485	harbor2	chr18	67032102	67032467	LTR/ERVL-MaLR	2272	-	182	67032284	65799
chr18	66966485	67166485	harbor2	chr18	67049665	67050129	LTR/ERVL-MaLR	1331	-	232	67049897	83412
chr18	62249951	62449951	harbor2	chr18	62251122	62251652	LTR/ERVL-MaLR	1543	-	265	62251387	1436
chr18	62249951	62449951	harbor2	chr18	62262769	62263227	LTR/ERVL-MaLR	2447	-	229	62262998	13047
chr18	62249951	62449951	harbor2	chr18	62269942	62270385	LTR/ERVL-MaLR	718	-	222	62270164	20213
chr18	63193890	63393890	harbor2	chr18	63227887	63228321	LTR/ERVL-MaLR	1093	-	217	63228104	34214
chr18	63193890	63393890	harbor2	chr18	63232914	63233261	LTR/ERVL-MaLR	1929	-	174	63233088	39198
chr18	63193890	63393890	harbor2	chr18	63246356	63246673	LTR/ERVL-MaLR	1974	-	158	63246514	52624
chr18	79818397	80018397	harbor2	chr18	79836528	79836894	LTR/ERVL-MaLR	2323	-	183	79836711	18314
chr18	79818397	80018397	harbor2	chr18	79836901	79837534	LTR/ERVL-MaLR	4409	-	316	79837217	18820
chr18	79818397	80018397	harbor2	chr18	79837537	79837879	LTR/ERVL-MaLR	2429	-	171	79837708	19311
chr18	79818397	80018397	harbor2	chr18	79837880	79838240	LTR/ERVL-MaLR	2109	-	180	79838060	19663
chr18	79818397	80018397	harbor2	chr18	79859262	79859675	LTR/ERVL-MaLR	1796	-	206	79859468	41071
chr18	79818397	80018397	harbor2	chr18	79859898	79860152	LTR/ERVL-MaLR	1528	-	127	79860025	41628
chr18	76133957	76333957	harbor2	chr18	76135224	76135616	LTR/ERVL-MaLR	2410	-	196	76135420	1463
chr18	76133957	76333957	harbor2	chr18	76162292	76162676	LTR/ERVL-MaLR	1992	-	192	76162484	28527
chr18	38721815	38921815	harbor2	chr18	38738575	38738936	LTR/ERVL-MaLR	1662	-	180	38738755	16940
chr18	38721815	38921815	harbor2	chr18	38749464	38749754	LTR/ERVL-MaLR	1113	-	145	38749609	27794
chr18	38721815	38921815	harbor2	chr18	38771590	38771964	LTR/ERVL-MaLR	2359	-	187	38771777	49962
chr18	38721815	38921815	harbor2	chr18	38771965	38773096	LTR/ERVL-MaLR	7464	-	566	38772531	50716
chr18	38721815	38921815	harbor2	chr18	38782218	38782641	LTR/ERVL-MaLR	2203	-	212	38782430	60615
chr18	38721815	38921815	harbor2	chr18	38782644	38784283	LTR/ERVL-MaLR	8725	-	820	38783464	61649
chr18	38721815	38921815	harbor2	chr18	38784284	38784701	LTR/ERVL-MaLR	1951	-	208	38784492	62677
chr18	38721815	38921815	harbor2	chr18	38809872	38810250	LTR/ERVL-MaLR	1767	-	189	38810061	88246
chr18	38721815	38921815	harbor2	chr18	38820817	38821185	LTR/ERVL-MaLR	2108	-	184	38821001	99186
chr18	61209030	61409030	harbor2	chr18	61212609	61213149	LTR/ERVL-MaLR	1770	-	270	61212879	3849
chr18	61209030	61409030	harbor2	chr18	61222764	61223105	LTR/ERVL-MaLR	1052	-	170	61222934	13904
chr18	61209030	61409030	harbor2	chr18	61223684	61223959	LTR/ERVL-MaLR	1023	-	138	61223822	14792
chr18	61209030	61409030	harbor2	chr18	61235120	61235413	LTR/ERVL-MaLR	1715	-	146	61235266	26236
chr18	61209030	61409030	harbor2	chr18	61283202	61283589	LTR/ERVL-MaLR	2047	-	194	61283396	74366
chr18	61209030	61409030	harbor2	chr18	61210479	61210672	LTR/ERVL-MaLR	892	-	96	61210575	1545
chr18	44214395	44414395	harbor2	chr18	44235435	44235926	LTR/ERVL-MaLR	1728	-	246	44235681	21286
chr18	76819366	77019366	harbor2	chr18	76887545	76887905	LTR/ERVL-MaLR	2465	-	180	76887725	68359
chr18	76819366	77019366	harbor2	chr18	76899803	76900041	LTR/ERVL-MaLR	967	-	119	76899922	80556
chr18	78738687	78938687	harbor2	chr18	78741942	78742396	LTR/ERVL-MaLR	729	-	227	78742169	3482
chr18	78738687	78938687	harbor2	chr18	78762512	78762881	LTR/ERVL-MaLR	2315	-	184	78762696	24009
chr18	78738687	78938687	harbor2	chr18	78790880	78791140	LTR/ERVL-MaLR	546	-	130	78791010	52323
chr18	62838927	63038927	harbor2	chr18	62887392	62887718	LTR/ERVL-MaLR	1588	-	163	62887555	48628
chr18	61459745	61659745	harbor2	chr18	61461278	61461586	LTR/ERVL-MaLR	783	-	154	61461432	1687
chr18	61459745	61659745	harbor2	chr18	61462388	61462535	LTR/ERVL-MaLR	712	-	74	61462462	2717
chr18	61459745	61659745	harbor2	chr18	61466939	61467124	LTR/ERVL-MaLR	415	-	92	61467031	7286
chr18	61459745	61659745	harbor2	chr18	61540347	61540708	LTR/ERVL-MaLR	2433	-	180	61540527	80782
chr18	61459745	61659745	harbor2	chr18	61542620	61543039	LTR/ERVL-MaLR	2639	-	210	61542830	83085
chr18	61459745	61659745	harbor2	chr18	61548568	61548939	LTR/ERVL-MaLR	841	-	186	61548754	89009
chr18	35912189	36112189	harbor2	chr18	35917345	35917554	LTR/ERVL-MaLR	769	-	104	35917449	5260
chr18	35912189	36112189	harbor2	chr18	35934824	35935210	LTR/ERVL-MaLR	2042	-	193	35935017	22828
chr18	35912189	36112189	harbor2	chr18	35946853	35947071	LTR/ERVL-MaLR	566	-	109	35946962	34773
chr18	35912189	36112189	harbor2	chr18	35947318	35947553	LTR/ERVL-MaLR	566	-	118	35947436	35247
chr18	35912189	36112189	harbor2	chr18	35951761	35952328	LTR/ERVL-MaLR	2377	-	284	35952045	39856
chr18	72462255	72662255	harbor2	chr18	72485185	72485445	LTR/ERVL-MaLR	438	-	130	72485315	23060
chr18	72462255	72662255	harbor2	chr18	72508947	72509166	LTR/ERVL-MaLR	1038	-	110	72509057	46802
chr18	72462255	72662255	harbor2	chr18	72509153	72510670	LTR/ERVL-MaLR	9985	-	758	72509911	47656
chr18	72462255	72662255	harbor2	chr18	72511799	72511938	LTR/ERVL-MaLR	661	-	70	72511869	49614
chr18	72462255	72662255	harbor2	chr18	72514837	72515201	LTR/ERVL-MaLR	2586	-	182	72515019	52764
chr18	72462255	72662255	harbor2	chr18	72527693	72527932	LTR/ERVL-MaLR	1576	-	120	72527813	65558
chr18	72462255	72662255	harbor2	chr18	72528117	72528233	LTR/ERVL-MaLR	777	-	58	72528175	65920
chr18	72462255	72662255	harbor2	chr18	72482482	72482894	LTR/ERVL-MaLR	2063	-	206	72482688	20433
chr18	68176797	68376797	harbor2	chr18	68208273	68208673	LTR/ERVL-MaLR	2260	-	200	68208473	31676
chr18	68176797	68376797	harbor2	chr18	68218899	68219258	LTR/ERVL-MaLR	1992	-	180	68219079	42282
chr18	68176797	68376797	harbor2	chr18	68238882	68239245	LTR/ERVL-MaLR	2243	-	182	68239064	62267
chr18	68176797	68376797	harbor2	chr18	68258063	68258554	LTR/ERVL-MaLR	1351	-	246	68258309	81512
chr18	58692434	58892434	harbor2	chr18	58694623	58694915	LTR/ERVL-MaLR	1551	-	146	58694769	2335
chr18	58692434	58892434	harbor2	chr18	58695258	58695358	LTR/ERVL-MaLR	1551	-	50	58695308	2874
chr18	58692434	58892434	harbor2	chr18	58695580	58695891	LTR/ERVL-MaLR	1107	-	156	58695736	3302
chr18	58692434	58892434	harbor2	chr18	58703412	58703772	LTR/ERVL-MaLR	2159	-	180	58703592	11158
chr18	58692434	58892434	harbor2	chr18	58719069	58719284	LTR/ERVL-MaLR	670	-	108	58719177	26743
chr18	58692434	58892434	harbor2	chr18	58780025	58780390	LTR/ERVL-MaLR	2043	-	182	58780207	87773
chr18	58692434	58892434	harbor2	chr18	58788709	58789092	LTR/ERVL-MaLR	727	-	192	58788901	96467
chr18	63952609	64152609	harbor2	chr18	63953701	63954049	LTR/ERVL-MaLR	665	-	174	63953875	1266
chr18	63952609	64152609	harbor2	chr18	63964203	63964237	LTR/ERVL-MaLR	1529	-	17	63964220	11611
chr18	63952609	64152609	harbor2	chr18	63964557	63964879	LTR/ERVL-MaLR	1529	-	161	63964718	12109
chr18	63952609	64152609	harbor2	chr18	63965711	63966199	LTR/ERVL-MaLR	1530	-	244	63965955	13346
chr18	63952609	64152609	harbor2	chr18	63977759	63978209	LTR/ERVL-MaLR	2007	-	225	63977984	25375
chr18	63952609	64152609	harbor2	chr18	64007503	64007887	LTR/ERVL-MaLR	2207	-	192	64007695	55086
chr18	63952609	64152609	harbor2	chr18	64041507	64041716	LTR/ERVL-MaLR	1262	-	104	64041611	89002
chr18	63952609	64152609	harbor2	chr18	64042007	64042159	LTR/ERVL-MaLR	1262	-	76	64042083	89474
chr18	63952609	64152609	harbor2	chr18	64042456	64042809	LTR/ERVL-MaLR	2445	-	176	64042632	90023
chr18	80209221	80409221	harbor2	chr18	80217742	80218115	LTR/ERVL-MaLR	2795	-	186	80217928	8707
chr18	80209221	80409221	harbor2	chr18	80218116	80219203	LTR/ERVL-MaLR	10817	-	544	80218660	9439
chr18	80209221	80409221	harbor2	chr18	80219510	80220003	LTR/ERVL-MaLR	10817	-	246	80219756	10535
chr18	80209221	80409221	harbor2	chr18	80220004	80220377	LTR/ERVL-MaLR	2677	-	186	80220190	10969
chr18	80209221	80409221	harbor2	chr18	80239845	80240217	LTR/ERVL-MaLR	2145	-	186	80240031	30810
chr18	80209221	80409221	harbor2	chr18	80240218	80240329	LTR/ERVL-MaLR	586	-	56	80240274	31053
chr18	80209221	80409221	harbor2	chr18	80232355	80232708	LTR/ERVL-MaLR	2645	-	176	80232531	23310
chr18	70671600	70871600	harbor2	chr18	70703034	70703402	LTR/ERVL-MaLR	892	-	184	70703218	31618
chr18	70671600	70871600	harbor2	chr18	70703683	70703747	LTR/ERVL-MaLR	892	-	32	70703715	32115
chr18	70671600	70871600	harbor2	chr18	70709166	70709572	LTR/ERVL-MaLR	1949	-	203	70709369	37769
chr18	70671600	70871600	harbor2	chr18	70725816	70725878	LTR/ERVL-MaLR	1848	-	31	70725847	54247
chr18	70671600	70871600	harbor2	chr18	70726203	70726542	LTR/ERVL-MaLR	1848	-	170	70726373	54773
chr18	78010560	78210560	harbor2	chr18	78039813	78040282	LTR/ERVL-MaLR	1979	-	234	78040047	29487
chr18	78010560	78210560	harbor2	chr18	78059348	78059723	LTR/ERVL-MaLR	2049	-	188	78059536	48976
chr18	78010560	78210560	harbor2	chr18	78097502	78097862	LTR/ERVL-MaLR	2538	-	180	78097682	87122
chr18	23454328	23654328	harbor2	chr18	23468748	23469265	LTR/ERVL-MaLR	1572	-	258	23469006	14678
chr18	23454328	23654328	harbor2	chr18	23493193	23493438	LTR/ERVL-MaLR	917	-	122	23493315	38987
chr18	23454328	23654328	harbor2	chr18	23493752	23494000	LTR/ERVL-MaLR	917	-	124	23493876	39548
chr18	23454328	23654328	harbor2	chr18	23495812	23496171	LTR/ERVL-MaLR	1862	-	180	23495992	41664
chr18	23454328	23654328	harbor2	chr18	23498845	23499213	LTR/ERVL-MaLR	2011	-	184	23499029	44701
chr18	23454328	23654328	harbor2	chr18	23521713	23521868	LTR/ERVL-MaLR	899	-	78	23521791	67463
chr18	77221540	77421540	harbor2	chr18	77241962	77242201	LTR/ERVL-MaLR	436	-	120	77242082	20542
chr18	77221540	77421540	harbor2	chr18	77247301	77247702	LTR/ERVL-MaLR	2500	-	200	77247501	25961
chr18	77221540	77421540	harbor2	chr18	77260087	77260324	LTR/ERVL-MaLR	1339	-	118	77260205	38665
chr18	77221540	77421540	harbor2	chr18	77260382	77260581	LTR/ERVL-MaLR	953	-	100	77260482	38942
chr18	77221540	77421540	harbor2	chr18	77261482	77261611	LTR/ERVL-MaLR	727	-	64	77261546	40006
chr18	77221540	77421540	harbor2	chr18	77264595	77264969	LTR/ERVL-MaLR	2524	-	187	77264782	43242
chr18	77221540	77421540	harbor2	chr18	77264973	77266541	LTR/ERVL-MaLR	9835	-	784	77265757	44217
chr18	77221540	77421540	harbor2	chr18	77266543	77266914	LTR/ERVL-MaLR	2465	-	186	77266729	45189
chr18	77221540	77421540	harbor2	chr18	77291974	77292340	LTR/ERVL-MaLR	1959	-	183	77292157	70617
chr18	43872668	44072668	harbor2	chr18	43896855	43897100	LTR/ERVL-MaLR	918	-	122	43896977	24309
chr18	43872668	44072668	harbor2	chr18	43933152	43933549	LTR/ERVL-MaLR	1931	-	198	43933350	60682
chr18	43872668	44072668	harbor2	chr18	43940285	43940511	LTR/ERVL-MaLR	1121	-	113	43940398	67730
chr18	43872668	44072668	harbor2	chr18	43955277	43955639	LTR/ERVL-MaLR	1773	-	181	43955458	82790
chr18	71884762	72084762	harbor2	chr18	71885358	71885704	LTR/ERVL-MaLR	1783	-	173	71885531	769
chr18	71884762	72084762	harbor2	chr18	71897305	71897628	LTR/ERVL-MaLR	2221	-	162	71897467	12705
chr18	71884762	72084762	harbor2	chr18	71946489	71946706	LTR/ERVL-MaLR	489	-	108	71946597	61835
chr18	71884762	72084762	harbor2	chr18	71963401	71963761	LTR/ERVL-MaLR	2043	-	180	71963581	78819
chr18	71884762	72084762	harbor2	chr18	71971820	71972249	LTR/ERVL-MaLR	2108	-	214	71972034	87272
chr18	52636695	52836695	harbor2	chr18	52654387	52654759	LTR/ERVL-MaLR	1471	-	186	52654573	17878
chr18	52636695	52836695	harbor2	chr18	52662729	52663029	LTR/ERVL-MaLR	1366	-	150	52662879	26184
chr18	52636695	52836695	harbor2	chr18	52691337	52691779	LTR/ERVL-MaLR	1693	-	221	52691558	54863
chr18	52636695	52836695	harbor2	chr18	52718899	52719276	LTR/ERVL-MaLR	1100	-	188	52719087	82392
chr18	80037360	80237360	harbor2	chr18	80055472	80055664	LTR/ERVL-MaLR	690	-	96	80055568	18208
chr18	80037360	80237360	harbor2	chr18	80076716	80077082	LTR/ERVL-MaLR	1621	-	183	80076899	39539
chr18	80037360	80237360	harbor2	chr18	80099379	80099734	LTR/ERVL-MaLR	1980	-	178	80099557	62197
chr18	80037360	80237360	harbor2	chr18	80114649	80115168	LTR/ERVL-MaLR	1754	-	260	80114909	77549
chr18	71190502	71390502	harbor2	chr18	71222543	71222898	LTR/ERVL-MaLR	2012	-	178	71222721	32219
chr18	71190502	71390502	harbor2	chr18	71227670	71228001	LTR/ERVL-MaLR	2027	-	166	71227836	37334
chr18	71190502	71390502	harbor2	chr18	71229365	71229833	LTR/ERVL-MaLR	1530	-	234	71229599	39097
chr18	71190502	71390502	harbor2	chr18	71287206	71287509	LTR/ERVL-MaLR	1765	-	152	71287358	96856
chr18	71190502	71390502	harbor2	chr18	71288469	71288527	LTR/ERVL-MaLR	1765	-	29	71288498	97996
chr18	50245482	50445482	harbor2	chr18	50310125	50310477	LTR/ERVL-MaLR	2671	-	176	50310301	64819
chr18	50245482	50445482	harbor2	chr18	50316749	50317195	LTR/ERVL-MaLR	1566	-	223	50316972	71490
chr18	50245482	50445482	harbor2	chr18	50325537	50325692	LTR/ERVL-MaLR	607	-	78	50325615	80133
chr18	50245482	50445482	harbor2	chr18	50325962	50326049	LTR/ERVL-MaLR	607	-	44	50326006	80524
chr18	80141935	80341935	harbor2	chr18	80175244	80175609	LTR/ERVL-MaLR	1114	-	182	80175426	33491
chr18	80141935	80341935	harbor2	chr18	80217742	80218115	LTR/ERVL-MaLR	2795	-	186	80217928	75993
chr18	80141935	80341935	harbor2	chr18	80218116	80219203	LTR/ERVL-MaLR	10817	-	544	80218660	76725
chr18	80141935	80341935	harbor2	chr18	80219510	80220003	LTR/ERVL-MaLR	10817	-	246	80219756	77821
chr18	80141935	80341935	harbor2	chr18	80220004	80220377	LTR/ERVL-MaLR	2677	-	186	80220190	78255
chr18	80141935	80341935	harbor2	chr18	80239845	80240217	LTR/ERVL-MaLR	2145	-	186	80240031	98096
chr18	80141935	80341935	harbor2	chr18	80240218	80240329	LTR/ERVL-MaLR	586	-	56	80240274	98339
chr18	80141935	80341935	harbor2	chr18	80232355	80232708	LTR/ERVL-MaLR	2645	-	176	80232531	90596
chr18	48857021	49057021	harbor2	chr18	48865982	48866333	LTR/ERVL-MaLR	1728	-	176	48866158	9137
chr18	48857021	49057021	harbor2	chr18	48888698	48889004	LTR/ERVL-MaLR	1357	-	153	48888851	31830
chr18	48857021	49057021	harbor2	chr18	48903088	48903536	LTR/ERVL-MaLR	831	-	224	48903312	46291
chr18	48857021	49057021	harbor2	chr18	48913831	48913942	LTR/ERVL-MaLR	487	-	56	48913887	56866
chr18	66334253	66534253	harbor2	chr18	66338260	66338625	LTR/ERVL-MaLR	1695	-	182	66338442	4189
chr18	66334253	66534253	harbor2	chr18	66365467	66365837	LTR/ERVL-MaLR	2246	-	185	66365652	31399
chr18	66334253	66534253	harbor2	chr18	66369381	66369471	LTR/ERVL-MaLR	506	-	45	66369426	35173
chr18	66334253	66534253	harbor2	chr18	66379363	66379783	LTR/ERVL-MaLR	2043	-	210	66379573	45320
chr18	69492678	69692678	harbor2	chr18	69527243	69527615	LTR/ERVL-MaLR	2618	-	186	69527429	34751
chr18	69492678	69692678	harbor2	chr18	69539849	69540209	LTR/ERVL-MaLR	1600	-	180	69540029	47351
chr18	69492678	69692678	harbor2	chr18	69546855	69547087	LTR/ERVL-MaLR	2231	-	116	69546971	54293
chr18	69492678	69692678	harbor2	chr18	69547399	69547595	LTR/ERVL-MaLR	2231	-	98	69547497	54819
chr18	69492678	69692678	harbor2	chr18	69559652	69560049	LTR/ERVL-MaLR	1193	-	198	69559850	67172
chr18	69492678	69692678	harbor2	chr18	69580054	69580541	LTR/ERVL-MaLR	1556	-	244	69580298	87620
chr18	69492678	69692678	harbor2	chr18	69581112	69581224	LTR/ERVL-MaLR	1341	-	56	69581168	88490
chr18	69492678	69692678	harbor2	chr18	69587143	69587555	LTR/ERVL-MaLR	1185	-	206	69587349	94671
chr18	77652346	77852346	harbor2	chr18	77655359	77655581	LTR/ERVL-MaLR	730	-	111	77655470	3124
chr18	77652346	77852346	harbor2	chr18	77684041	77684277	LTR/ERVL-MaLR	1457	-	118	77684159	31813
chr18	77652346	77852346	harbor2	chr18	77695643	77696054	LTR/ERVL-MaLR	921	-	206	77695849	43503
chr18	77652346	77852346	harbor2	chr18	77702044	77702400	LTR/ERVL-MaLR	1877	-	178	77702222	49876
chr18	77652346	77852346	harbor2	chr18	77709989	77710336	LTR/ERVL-MaLR	2050	-	174	77710163	57817
chr18	77652346	77852346	harbor2	chr18	77728389	77728901	LTR/ERVL-MaLR	1381	-	256	77728645	76299
chr18	79543822	79743822	harbor2	chr18	79552236	79552417	LTR/ERVL-MaLR	415	-	90	79552326	8504
chr18	79543822	79743822	harbor2	chr18	79592669	79592966	LTR/ERVL-MaLR	1662	-	148	79592817	48995
chr18	79543822	79743822	harbor2	chr18	79604278	79604644	LTR/ERVL-MaLR	580	-	183	79604461	60639
chr19	54933384	55133384	harbor2	chr19	54993830	54994134	LTR/ERVL-MaLR	989	-	152	54993982	60598
chr19	34503634	34703634	harbor2	chr19	34509193	34509559	LTR/ERVL-MaLR	2178	-	183	34509376	5742
chr19	34503634	34703634	harbor2	chr19	34509560	34511110	LTR/ERVL-MaLR	11567	-	775	34510335	6701
chr19	34503634	34703634	harbor2	chr19	34511111	34511455	LTR/ERVL-MaLR	2092	-	172	34511283	7649
chr19	34503634	34703634	harbor2	chr19	34550278	34550670	LTR/ERVL-MaLR	1371	-	196	34550474	46840
chr19	34503634	34703634	harbor2	chr19	34561771	34562135	LTR/ERVL-MaLR	2080	-	182	34561953	58319
chr19	34503634	34703634	harbor2	chr19	34599337	34599696	LTR/ERVL-MaLR	1941	-	180	34599517	95883
chr19	46561870	46761870	harbor2	chr19	46566357	46566396	LTR/ERVL-MaLR	1707	-	20	46566377	4507
chr19	46561870	46761870	harbor2	chr19	46566699	46567072	LTR/ERVL-MaLR	1707	-	186	46566885	5015
chr19	46561870	46761870	harbor2	chr19	46568082	46568568	LTR/ERVL-MaLR	1730	-	243	46568325	6455
chr19	46561870	46761870	harbor2	chr19	46574476	46574628	LTR/ERVL-MaLR	710	-	76	46574552	12682
chr19	46561870	46761870	harbor2	chr19	46575801	46576001	LTR/ERVL-MaLR	1117	-	100	46575901	14031
chr19	46561870	46761870	harbor2	chr19	46576316	46576484	LTR/ERVL-MaLR	1117	-	84	46576400	14530
chr19	46561870	46761870	harbor2	chr19	46581269	46581564	LTR/ERVL-MaLR	1376	-	148	46581417	19547
chr19	46561870	46761870	harbor2	chr19	46581698	46581878	LTR/ERVL-MaLR	1376	-	90	46581788	19918
chr19	46561870	46761870	harbor2	chr19	46599753	46599902	LTR/ERVL-MaLR	1017	-	74	46599827	37957
chr19	56771555	56971555	harbor2	chr19	56806230	56806616	LTR/ERVL-MaLR	948	-	193	56806423	34868
chr19	56771555	56971555	harbor2	chr19	56869051	56869448	LTR/ERVL-MaLR	2013	-	198	56869249	97694
chr19	48736803	48936803	harbor2	chr19	48785406	48785757	LTR/ERVL-MaLR	1750	-	176	48785582	48779
chr19	31523344	31723344	harbor2	chr19	31544192	31544593	LTR/ERVL-MaLR	2418	-	200	31544392	21048
chr19	31523344	31723344	harbor2	chr19	31550271	31550644	LTR/ERVL-MaLR	2756	-	186	31550457	27113
chr19	31523344	31723344	harbor2	chr19	31621692	31622204	LTR/ERVL-MaLR	1800	-	256	31621948	98604
chr19	50741324	50941324	harbor2	chr19	50760178	50760240	LTR/ERVL-MaLR	1319	-	31	50760209	18885
chr19	50741324	50941324	harbor2	chr19	50760845	50761279	LTR/ERVL-MaLR	1319	-	217	50761062	19738
chr19	36843405	37043405	harbor2	chr19	36870987	36871354	LTR/ERVL-MaLR	2163	-	184	36871171	27766
chr19	36843405	37043405	harbor2	chr19	36922051	36922533	LTR/ERVL-MaLR	2262	-	241	36922292	78887
chr19	21377882	21577882	harbor2	chr19	21459856	21459898	LTR/ERVL-MaLR	3002	-	21	21459877	81995
chr19	21377882	21577882	harbor2	chr19	21460197	21460249	LTR/ERVL-MaLR	3002	-	26	21460223	82341
chr19	21377882	21577882	harbor2	chr19	21460553	21460964	LTR/ERVL-MaLR	3002	-	206	21460759	82877
chr19	46287890	46487890	harbor2	chr19	46295528	46295968	LTR/ERVL-MaLR	1367	-	220	46295748	7858
chr19	46287890	46487890	harbor2	chr19	46311203	46311582	LTR/ERVL-MaLR	944	-	190	46311393	23503
chr19	46287890	46487890	harbor2	chr19	46311890	46312002	LTR/ERVL-MaLR	944	-	56	46311946	24056
chr19	46287890	46487890	harbor2	chr19	46323626	46323986	LTR/ERVL-MaLR	2341	-	180	46323806	35916
chr19	46287890	46487890	harbor2	chr19	46325946	46326500	LTR/ERVL-MaLR	1714	-	277	46326223	38333
chr19	46287890	46487890	harbor2	chr19	46326500	46326855	LTR/ERVL-MaLR	1386	-	178	46326678	38788
chr19	46287890	46487890	harbor2	chr19	46328364	46328724	LTR/ERVL-MaLR	1718	-	180	46328544	40654
chr19	46287890	46487890	harbor2	chr19	46329018	46329065	LTR/ERVL-MaLR	1718	-	24	46329042	41152
chr19	57475227	57675227	harbor2	chr19	57496101	57496337	LTR/ERVL-MaLR	619	-	118	57496219	20992
chr19	57475227	57675227	harbor2	chr19	57509575	57509841	LTR/ERVL-MaLR	999	-	133	57509708	34481
chr19	47578098	47778098	harbor2	chr19	47587262	47587612	LTR/ERVL-MaLR	1081	-	175	47587437	9339
chr19	47578098	47778098	harbor2	chr19	47660029	47660501	LTR/ERVL-MaLR	967	-	236	47660265	82167
chr19	47578098	47778098	harbor2	chr19	47662156	47662393	LTR/ERVL-MaLR	1066	-	118	47662274	84176
chr19	47578098	47778098	harbor2	chr19	47662682	47662839	LTR/ERVL-MaLR	1066	-	78	47662760	84662
chr19	47578098	47778098	harbor2	chr19	47674474	47674980	LTR/ERVL-MaLR	2371	-	253	47674727	96629
chr19	54095288	54295288	harbor2	chr19	54122075	54122456	LTR/ERVL-MaLR	829	-	190	54122265	26977
chr19	54095288	54295288	harbor2	chr19	54126788	54126848	LTR/ERVL-MaLR	1447	-	30	54126818	31530
chr19	54095288	54295288	harbor2	chr19	54127137	54127552	LTR/ERVL-MaLR	1447	-	208	54127345	32057
chr19	44267578	44467578	harbor2	chr19	44270175	44270226	LTR/ERVL-MaLR	1804	-	26	44270201	2623
chr19	44267578	44467578	harbor2	chr19	44270537	44271004	LTR/ERVL-MaLR	1804	-	234	44270771	3193
chr19	44267578	44467578	harbor2	chr19	44350910	44351372	LTR/ERVL-MaLR	2201	-	231	44351141	83563
chr19	58310378	58510378	harbor2	chr19	58364347	58364612	LTR/ERVL-MaLR	1029	-	132	58364479	54101
chr19	58310378	58510378	harbor2	chr19	58370061	58370527	LTR/ERVL-MaLR	1651	-	233	58370294	59916
chr19	58310378	58510378	harbor2	chr19	58398820	58398879	LTR/ERVL-MaLR	2124	-	30	58398850	88472
chr19	58310378	58510378	harbor2	chr19	58399488	58399896	LTR/ERVL-MaLR	2124	-	204	58399692	89314
chr19	11219245	11419245	harbor2	chr19	11286729	11286794	LTR/ERVL-MaLR	1124	-	32	11286761	67516
chr19	11219245	11419245	harbor2	chr19	11287095	11287327	LTR/ERVL-MaLR	1124	-	116	11287211	67966
chr19	11219245	11419245	harbor2	chr19	11288267	11288452	LTR/ERVL-MaLR	1124	-	92	11288359	69114
chr19	56725937	56925937	harbor2	chr19	56761877	56762273	LTR/ERVL-MaLR	999	-	198	56762075	36138
chr19	56725937	56925937	harbor2	chr19	56806230	56806616	LTR/ERVL-MaLR	948	-	193	56806423	80486
chr19	54764526	54964526	harbor2	chr19	54765838	54766279	LTR/ERVL-MaLR	2329	-	220	54766058	1532
chr19	54764526	54964526	harbor2	chr19	54779196	54779753	LTR/ERVL-MaLR	1467	-	278	54779474	14948
chr19	54764526	54964526	harbor2	chr19	54782283	54782724	LTR/ERVL-MaLR	2291	-	220	54782503	17977
chr19	54764526	54964526	harbor2	chr19	54809416	54809977	LTR/ERVL-MaLR	1507	-	280	54809696	45170
chr19	54764526	54964526	harbor2	chr19	54812490	54812927	LTR/ERVL-MaLR	2106	-	218	54812708	48182
chr19	54764526	54964526	harbor2	chr19	54825611	54826167	LTR/ERVL-MaLR	1326	-	278	54825889	61363
chr19	54764526	54964526	harbor2	chr19	54828724	54829163	LTR/ERVL-MaLR	2323	-	220	54828944	64418
chr19	54764526	54964526	harbor2	chr19	54843452	54844009	LTR/ERVL-MaLR	1040	-	278	54843730	79204
chr19	54764526	54964526	harbor2	chr19	54846545	54846986	LTR/ERVL-MaLR	2303	-	220	54846765	82239
chr19	54764526	54964526	harbor2	chr19	54859662	54860220	LTR/ERVL-MaLR	1410	-	279	54859941	95415
chr19	55214824	55414824	harbor2	chr19	55214654	55214834	LTR/ERVL-MaLR	2476	-	90	55214744	80
chr19	55214824	55414824	harbor2	chr19	55217859	55218109	LTR/ERVL-MaLR	1437	-	125	55217984	3160
chr19	55214824	55414824	harbor2	chr19	55219277	55219401	LTR/ERVL-MaLR	712	-	62	55219339	4515
chr19	55214824	55414824	harbor2	chr19	55281215	55281649	LTR/ERVL-MaLR	1993	-	217	55281432	66608
chr19	55214824	55414824	harbor2	chr19	55300870	55301078	LTR/ERVL-MaLR	617	-	104	55300974	86150
chr19	55214824	55414824	harbor2	chr19	55309394	55309734	LTR/ERVL-MaLR	1906	-	170	55309564	94740
chr19	55214824	55414824	harbor2	chr19	55310112	55310543	LTR/ERVL-MaLR	1059	-	216	55310328	95504
chr19	57383039	57583039	harbor2	chr19	57395376	57395758	LTR/ERVL-MaLR	1927	-	191	57395567	12528
chr19	57383039	57583039	harbor2	chr19	57430121	57430475	LTR/ERVL-MaLR	1457	-	177	57430298	47259
chr19	57383039	57583039	harbor2	chr19	57451213	57451437	LTR/ERVL-MaLR	2150	-	112	57451325	68286
chr19	57383039	57583039	harbor2	chr19	57451775	57451967	LTR/ERVL-MaLR	2150	-	96	57451871	68832
chr19	52409424	52609424	harbor2	chr19	52424111	52424297	LTR/ERVL-MaLR	872	-	93	52424204	14780
chr19	52409424	52609424	harbor2	chr19	52424590	52424833	LTR/ERVL-MaLR	872	-	122	52424712	15288
chr19	52409424	52609424	harbor2	chr19	52446506	52446575	LTR/ERVL-MaLR	1054	-	34	52446540	37116
chr19	52409424	52609424	harbor2	chr19	52446859	52447299	LTR/ERVL-MaLR	1054	-	220	52447079	37655
chr19	52409424	52609424	harbor2	chr19	52507565	52507766	LTR/ERVL-MaLR	677	-	100	52507665	98241
chr19	55398315	55598315	harbor2	chr19	55424689	55425089	LTR/ERVL-MaLR	1304	-	200	55424889	26574
chr19	55398315	55598315	harbor2	chr19	55470331	55470550	LTR/ERVL-MaLR	721	-	110	55470441	72126
chr19	52344950	52544950	harbor2	chr19	52388787	52389149	LTR/ERVL-MaLR	2574	-	181	52388968	44018
chr19	52344950	52544950	harbor2	chr19	52389150	52389803	LTR/ERVL-MaLR	4535	-	326	52389476	44526
chr19	52344950	52544950	harbor2	chr19	52389794	52390038	LTR/ERVL-MaLR	1410	-	122	52389916	44966
chr19	52344950	52544950	harbor2	chr19	52390039	52390127	LTR/ERVL-MaLR	696	-	44	52390083	45133
chr19	52344950	52544950	harbor2	chr19	52394648	52395061	LTR/ERVL-MaLR	954	-	206	52394854	49904
chr19	52344950	52544950	harbor2	chr19	52424111	52424297	LTR/ERVL-MaLR	872	-	93	52424204	79254
chr19	52344950	52544950	harbor2	chr19	52424590	52424833	LTR/ERVL-MaLR	872	-	122	52424712	79762
chr19	56918896	57118896	harbor2	chr19	56923519	56923856	LTR/ERVL-MaLR	1323	-	168	56923687	4791
chr19	56918896	57118896	harbor2	chr19	56940342	56940480	LTR/ERVL-MaLR	746	-	69	56940411	21515
chr19	56918896	57118896	harbor2	chr19	56940752	56940913	LTR/ERVL-MaLR	669	-	80	56940832	21936
chr19	56918896	57118896	harbor2	chr19	56947130	56947500	LTR/ERVL-MaLR	2048	-	185	56947315	28419
chr19	56918896	57118896	harbor2	chr19	56952942	56953325	LTR/ERVL-MaLR	2058	-	192	56953134	34238
chr19	56918896	57118896	harbor2	chr19	56972802	56973082	LTR/ERVL-MaLR	1442	-	140	56972942	54046
chr19	56918896	57118896	harbor2	chr19	56973436	56973538	LTR/ERVL-MaLR	1442	-	51	56973487	54591
chr19	56918896	57118896	harbor2	chr19	56985356	56985620	LTR/ERVL-MaLR	677	-	132	56985488	66592
chr19	56918896	57118896	harbor2	chr19	56988017	56988156	LTR/ERVL-MaLR	648	-	70	56988087	69191
chr19	56918896	57118896	harbor2	chr19	56992006	56992425	LTR/ERVL-MaLR	1817	-	210	56992216	73320
chr19	56918896	57118896	harbor2	chr19	57001842	57002209	LTR/ERVL-MaLR	1740	-	184	57002026	83130
chr19	58201656	58401656	harbor2	chr19	58227125	58227406	LTR/ERVL-MaLR	871	-	140	58227265	25609
chr19	58201656	58401656	harbor2	chr19	58227726	58227863	LTR/ERVL-MaLR	871	-	68	58227794	26138
chr19	58201656	58401656	harbor2	chr19	58232610	58232647	LTR/ERVL-MaLR	2449	-	18	58232628	30972
chr19	58201656	58401656	harbor2	chr19	58232970	58233298	LTR/ERVL-MaLR	2449	-	164	58233134	31478
chr19	58201656	58401656	harbor2	chr19	58245915	58246238	LTR/ERVL-MaLR	1089	-	162	58246077	44421
chr19	58201656	58401656	harbor2	chr19	58259403	58259618	LTR/ERVL-MaLR	861	-	108	58259511	57855
chr19	58201656	58401656	harbor2	chr19	58280084	58280578	LTR/ERVL-MaLR	1919	-	247	58280331	78675
chr19	58201656	58401656	harbor2	chr19	58280625	58281112	LTR/ERVL-MaLR	1703	-	244	58280869	79213
chr19	58201656	58401656	harbor2	chr19	58289146	58289213	LTR/ERVL-MaLR	1763	-	34	58289180	87524
chr19	58201656	58401656	harbor2	chr19	58289517	58289799	LTR/ERVL-MaLR	1763	-	141	58289658	88002
chr19	58201656	58401656	harbor2	chr19	58290414	58290514	LTR/ERVL-MaLR	1763	-	50	58290464	88808
chr19	58201656	58401656	harbor2	chr19	58292217	58292573	LTR/ERVL-MaLR	1638	-	178	58292395	90739
chr19	48534724	48734724	harbor2	chr19	48586248	48586666	LTR/ERVL-MaLR	1132	-	209	48586457	51733
chr19	48534724	48734724	harbor2	chr19	48597947	48598149	LTR/ERVL-MaLR	1092	-	101	48598048	63324
chr19	49840121	50040121	harbor2	chr19	49844246	49844614	LTR/ERVL-MaLR	2005	-	184	49844430	4309
chr19	49840121	50040121	harbor2	chr19	49844921	49845107	LTR/ERVL-MaLR	2005	-	93	49845014	4893
chr19	44797164	44997164	harbor2	chr19	44803975	44804475	LTR/ERVL-MaLR	776	-	250	44804225	7061
chr19	55114765	55314765	harbor2	chr19	55130317	55130678	LTR/ERVL-MaLR	1944	-	180	55130497	15732
chr19	55114765	55314765	harbor2	chr19	55139300	55139538	LTR/ERVL-MaLR	980	-	119	55139419	24654
chr19	55114765	55314765	harbor2	chr19	55139552	55139682	LTR/ERVL-MaLR	656	-	65	55139617	24852
chr19	55114765	55314765	harbor2	chr19	55214151	55214396	LTR/ERVL-MaLR	2476	-	122	55214273	99508
chr19	55114765	55314765	harbor2	chr19	55214654	55214834	LTR/ERVL-MaLR	2476	-	90	55214744	99979
chr19	46685707	46885707	harbor2	chr19	46759207	46759570	LTR/ERVL-MaLR	2594	-	182	46759389	73682
chr19	46322935	46522935	harbor2	chr19	46323626	46323986	LTR/ERVL-MaLR	2341	-	180	46323806	871
chr19	46322935	46522935	harbor2	chr19	46325946	46326500	LTR/ERVL-MaLR	1714	-	277	46326223	3288
chr19	46322935	46522935	harbor2	chr19	46326500	46326855	LTR/ERVL-MaLR	1386	-	178	46326678	3743
chr19	46322935	46522935	harbor2	chr19	46328364	46328724	LTR/ERVL-MaLR	1718	-	180	46328544	5609
chr19	46322935	46522935	harbor2	chr19	46329018	46329065	LTR/ERVL-MaLR	1718	-	24	46329042	6107
chr19	43375396	43575396	harbor2	chr19	43396708	43396826	LTR/ERVL-MaLR	1027	-	59	43396767	21371
chr19	43375396	43575396	harbor2	chr19	43397136	43397298	LTR/ERVL-MaLR	1027	-	81	43397217	21821
chr19	43375396	43575396	harbor2	chr19	43412082	43412468	LTR/ERVL-MaLR	2027	-	193	43412275	36879
chr19	43375396	43575396	harbor2	chr19	43442952	43443005	LTR/ERVL-MaLR	1979	-	26	43442978	67582
chr19	43375396	43575396	harbor2	chr19	43443300	43443609	LTR/ERVL-MaLR	1979	-	154	43443454	68058
chr19	36688196	36888196	harbor2	chr19	36705960	36706301	LTR/ERVL-MaLR	1621	-	170	36706130	17934
chr19	36688196	36888196	harbor2	chr19	36706594	36706633	LTR/ERVL-MaLR	1621	-	20	36706614	18418
chr19	56291581	56491581	harbor2	chr19	56313202	56313542	LTR/ERVL-MaLR	2408	-	170	56313372	21791
chr19	32203702	32403702	harbor2	chr19	32208069	32208419	LTR/ERVL-MaLR	975	-	175	32208244	4542
chr19	32203702	32403702	harbor2	chr19	32296636	32297026	LTR/ERVL-MaLR	1984	-	195	32296831	93129
chr19	9984618	10184618	harbor2	chr19	10044561	10044722	LTR/ERVL-MaLR	639	-	80	10044641	60023
chr19	9984618	10184618	harbor2	chr19	10057739	10057887	LTR/ERVL-MaLR	617	-	74	10057813	73195
chr19	9984618	10184618	harbor2	chr19	10074259	10074454	LTR/ERVL-MaLR	843	-	98	10074357	89739
chr19	51850070	52050070	harbor2	chr19	51889309	51889696	LTR/ERVL-MaLR	1232	-	194	51889503	39433
chr19	56152636	56352636	harbor2	chr19	56152600	56152952	LTR/ERVL-MaLR	1992	-	176	56152776	140
chr19	56152636	56352636	harbor2	chr19	56158095	56158391	LTR/ERVL-MaLR	761	-	148	56158243	5607
chr19	46508923	46708923	harbor2	chr19	46512295	46512459	LTR/ERVL-MaLR	632	-	82	46512377	3454
chr19	46508923	46708923	harbor2	chr19	46518726	46518987	LTR/ERVL-MaLR	2135	-	130	46518856	9933
chr19	46508923	46708923	harbor2	chr19	46519297	46519393	LTR/ERVL-MaLR	2135	-	48	46519345	10422
chr19	46508923	46708923	harbor2	chr19	46520523	46520961	LTR/ERVL-MaLR	708	-	219	46520742	11819
chr19	46508923	46708923	harbor2	chr19	46526328	46526706	LTR/ERVL-MaLR	2208	-	189	46526517	17594
chr19	46508923	46708923	harbor2	chr19	46538724	46539082	LTR/ERVL-MaLR	2254	-	179	46538903	29980
chr19	46508923	46708923	harbor2	chr19	46540384	46540588	LTR/ERVL-MaLR	2097	-	102	46540486	31563
chr19	46508923	46708923	harbor2	chr19	46540899	46541065	LTR/ERVL-MaLR	2097	-	83	46540982	32059
chr19	46508923	46708923	harbor2	chr19	46558352	46558557	LTR/ERVL-MaLR	1219	-	102	46558454	49531
chr19	46508923	46708923	harbor2	chr19	46559859	46560026	LTR/ERVL-MaLR	1321	-	84	46559943	51020
chr19	46508923	46708923	harbor2	chr19	46566357	46566396	LTR/ERVL-MaLR	1707	-	20	46566377	57454
chr19	46508923	46708923	harbor2	chr19	46566699	46567072	LTR/ERVL-MaLR	1707	-	186	46566885	57962
chr19	46508923	46708923	harbor2	chr19	46568082	46568568	LTR/ERVL-MaLR	1730	-	243	46568325	59402
chr19	46508923	46708923	harbor2	chr19	46574476	46574628	LTR/ERVL-MaLR	710	-	76	46574552	65629
chr19	46508923	46708923	harbor2	chr19	46575801	46576001	LTR/ERVL-MaLR	1117	-	100	46575901	66978
chr19	46508923	46708923	harbor2	chr19	46576316	46576484	LTR/ERVL-MaLR	1117	-	84	46576400	67477
chr19	46508923	46708923	harbor2	chr19	46581269	46581564	LTR/ERVL-MaLR	1376	-	148	46581417	72494
chr19	46508923	46708923	harbor2	chr19	46581698	46581878	LTR/ERVL-MaLR	1376	-	90	46581788	72865
chr19	46508923	46708923	harbor2	chr19	46599753	46599902	LTR/ERVL-MaLR	1017	-	74	46599827	90904
chr19	56699623	56899623	harbor2	chr19	56761877	56762273	LTR/ERVL-MaLR	999	-	198	56762075	62452
chr19	29756428	29956428	harbor2	chr19	29801270	29801491	LTR/ERVL-MaLR	1351	-	110	29801380	44952
chr19	29756428	29956428	harbor2	chr19	29801797	29801839	LTR/ERVL-MaLR	1351	-	21	29801818	45390
chr19	29756428	29956428	harbor2	chr19	29806008	29806367	LTR/ERVL-MaLR	650	-	180	29806188	49760
chr19	29756428	29956428	harbor2	chr19	29841553	29842010	LTR/ERVL-MaLR	1136	-	228	29841781	85353
chr19	29756428	29956428	harbor2	chr19	29855156	29855462	LTR/ERVL-MaLR	1111	-	153	29855309	98881
chr19	43014732	43214732	harbor2	chr19	43046860	43047256	LTR/ERVL-MaLR	1798	-	198	43047058	32326
chr19	43014732	43214732	harbor2	chr19	43047266	43047668	LTR/ERVL-MaLR	2498	-	201	43047467	32735
chr19	43014732	43214732	harbor2	chr19	43107649	43108046	LTR/ERVL-MaLR	1822	-	198	43107847	93115
chr19	43014732	43214732	harbor2	chr19	43108069	43108458	LTR/ERVL-MaLR	2466	-	194	43108263	93531
chr19	51886429	52086429	harbor2	chr19	51889309	51889696	LTR/ERVL-MaLR	1232	-	194	51889503	3074
chr19	46135097	46335097	harbor2	chr19	46173380	46173779	LTR/ERVL-MaLR	2300	-	200	46173580	38483
chr19	46135097	46335097	harbor2	chr19	46182985	46183351	LTR/ERVL-MaLR	1851	-	183	46183168	48071
chr19	46135097	46335097	harbor2	chr19	46190073	46190637	LTR/ERVL-MaLR	769	-	282	46190355	55258
chr19	39553475	39753475	harbor2	chr19	39565025	39565374	LTR/ERVL-MaLR	1729	-	174	39565199	11724
chr19	51121141	51321141	harbor2	chr19	51139052	51139411	LTR/ERVL-MaLR	1691	-	180	51139232	18091
chr19	51121141	51321141	harbor2	chr19	51151971	51152440	LTR/ERVL-MaLR	2138	-	234	51152205	31064
chr19	51121141	51321141	harbor2	chr19	51183050	51183251	LTR/ERVL-MaLR	868	-	100	51183150	62009
chr19	51121141	51321141	harbor2	chr19	51208199	51208262	LTR/ERVL-MaLR	1380	-	32	51208231	87090
chr19	51121141	51321141	harbor2	chr19	51208540	51208851	LTR/ERVL-MaLR	1380	-	156	51208696	87555
chr19	51121141	51321141	harbor2	chr19	51220296	51220723	LTR/ERVL-MaLR	653	-	214	51220510	99369
chr19	56690921	56890921	harbor2	chr19	56694280	56694615	LTR/ERVL-MaLR	1263	-	168	56694448	3527
chr19	56690921	56890921	harbor2	chr19	56761877	56762273	LTR/ERVL-MaLR	999	-	198	56762075	71154
chr19	54741866	54941866	harbor2	chr19	54747919	54748476	LTR/ERVL-MaLR	1303	-	278	54748197	6331
chr19	54741866	54941866	harbor2	chr19	54751010	54751451	LTR/ERVL-MaLR	2315	-	220	54751230	9364
chr19	54741866	54941866	harbor2	chr19	54765838	54766279	LTR/ERVL-MaLR	2329	-	220	54766058	24192
chr19	54741866	54941866	harbor2	chr19	54779196	54779753	LTR/ERVL-MaLR	1467	-	278	54779474	37608
chr19	54741866	54941866	harbor2	chr19	54782283	54782724	LTR/ERVL-MaLR	2291	-	220	54782503	40637
chr19	54741866	54941866	harbor2	chr19	54809416	54809977	LTR/ERVL-MaLR	1507	-	280	54809696	67830
chr19	54741866	54941866	harbor2	chr19	54812490	54812927	LTR/ERVL-MaLR	2106	-	218	54812708	70842
chr19	54741866	54941866	harbor2	chr19	54825611	54826167	LTR/ERVL-MaLR	1326	-	278	54825889	84023
chr19	54741866	54941866	harbor2	chr19	54828724	54829163	LTR/ERVL-MaLR	2323	-	220	54828944	87078
chr19	55123371	55323371	harbor2	chr19	55130317	55130678	LTR/ERVL-MaLR	1944	-	180	55130497	7126
chr19	55123371	55323371	harbor2	chr19	55139300	55139538	LTR/ERVL-MaLR	980	-	119	55139419	16048
chr19	55123371	55323371	harbor2	chr19	55139552	55139682	LTR/ERVL-MaLR	656	-	65	55139617	16246
chr19	55123371	55323371	harbor2	chr19	55214151	55214396	LTR/ERVL-MaLR	2476	-	122	55214273	90902
chr19	55123371	55323371	harbor2	chr19	55214654	55214834	LTR/ERVL-MaLR	2476	-	90	55214744	91373
chr19	55123371	55323371	harbor2	chr19	55217859	55218109	LTR/ERVL-MaLR	1437	-	125	55217984	94613
chr19	55123371	55323371	harbor2	chr19	55219277	55219401	LTR/ERVL-MaLR	712	-	62	55219339	95968
chr19	43675817	43875817	harbor2	chr19	43690399	43690880	LTR/ERVL-MaLR	784	-	240	43690639	14822
chr19	43675817	43875817	harbor2	chr19	43708862	43709224	LTR/ERVL-MaLR	679	-	181	43709043	33226
chr19	43675817	43875817	harbor2	chr19	43696118	43696582	LTR/ERVL-MaLR	1173	-	232	43696350	20533
chr19	41692773	41892773	harbor2	chr19	41732456	41732669	LTR/ERVL-MaLR	1123	-	106	41732562	39789
chr19	41692773	41892773	harbor2	chr19	41772281	41772493	LTR/ERVL-MaLR	1088	-	106	41772387	79614
chr19	51278932	51478932	harbor2	chr19	51288381	51288744	LTR/ERVL-MaLR	2234	-	182	51288563	9631
chr19	51278932	51478932	harbor2	chr19	51289209	51289240	LTR/ERVL-MaLR	1058	-	16	51289225	10293
chr19	51278932	51478932	harbor2	chr19	51289241	51289602	LTR/ERVL-MaLR	2109	-	180	51289421	10489
chr19	51278932	51478932	harbor2	chr19	51289603	51290043	LTR/ERVL-MaLR	1058	-	220	51289823	10891
chr19	51278932	51478932	harbor2	chr19	51290079	51290146	LTR/ERVL-MaLR	1186	-	34	51290113	11181
chr19	51278932	51478932	harbor2	chr19	51290453	51290613	LTR/ERVL-MaLR	1186	-	80	51290533	11601
chr19	51278932	51478932	harbor2	chr19	51290984	51291212	LTR/ERVL-MaLR	1186	-	114	51291098	12166
chr19	51278932	51478932	harbor2	chr19	51291213	51291477	LTR/ERVL-MaLR	717	-	132	51291345	12413
chr19	51278932	51478932	harbor2	chr19	51294059	51294442	LTR/ERVL-MaLR	1848	-	192	51294251	15319
chr19	51278932	51478932	harbor2	chr19	51297868	51297963	LTR/ERVL-MaLR	626	-	48	51297916	18984
chr19	51278932	51478932	harbor2	chr19	51356690	51357072	LTR/ERVL-MaLR	1545	-	191	51356881	77949
chr19	51278932	51478932	harbor2	chr19	51357374	51357470	LTR/ERVL-MaLR	1545	-	48	51357422	78490
chr19	52154315	52354315	harbor2	chr19	52154345	52154379	LTR/ERVL-MaLR	2250	-	17	52154362	47
chr19	52154315	52354315	harbor2	chr19	52154683	52154860	LTR/ERVL-MaLR	2250	-	88	52154771	456
chr19	52154315	52354315	harbor2	chr19	52161260	52161680	LTR/ERVL-MaLR	1506	-	210	52161470	7155
chr19	52154315	52354315	harbor2	chr19	52161681	52162488	LTR/ERVL-MaLR	3504	-	404	52162085	7770
chr19	52154315	52354315	harbor2	chr19	52162947	52163492	LTR/ERVL-MaLR	1990	-	272	52163219	8904
chr19	52154315	52354315	harbor2	chr19	52196607	52197033	LTR/ERVL-MaLR	980	-	213	52196820	42505
chr19	52154315	52354315	harbor2	chr19	52200545	52200922	LTR/ERVL-MaLR	1343	-	188	52200733	46418
chr19	33187056	33387056	harbor2	chr19	33189356	33189721	LTR/ERVL-MaLR	2651	-	182	33189538	2482
chr19	57291441	57491441	harbor2	chr19	57353861	57353971	LTR/ERVL-MaLR	1509	-	55	57353916	62475
chr19	57291441	57491441	harbor2	chr19	57354306	57354754	LTR/ERVL-MaLR	1509	-	224	57354530	63089
chr19	57291441	57491441	harbor2	chr19	57369815	57369896	LTR/ERVL-MaLR	772	-	40	57369855	78414
chr19	57291441	57491441	harbor2	chr19	57370191	57370251	LTR/ERVL-MaLR	772	-	30	57370221	78780
chr19	57291441	57491441	harbor2	chr19	57373049	57373423	LTR/ERVL-MaLR	2219	-	187	57373236	81795
chr19	57291441	57491441	harbor2	chr19	57373424	57375026	LTR/ERVL-MaLR	9944	-	801	57374225	82784
chr19	57291441	57491441	harbor2	chr19	57375029	57375068	LTR/ERVL-MaLR	2085	-	20	57375049	83608
chr19	57291441	57491441	harbor2	chr19	57375353	57375368	LTR/ERVL-MaLR	2085	-	8	57375361	83920
chr19	57291441	57491441	harbor2	chr19	57375688	57375880	LTR/ERVL-MaLR	2085	-	96	57375784	84343
chr19	57291441	57491441	harbor2	chr19	57376180	57376338	LTR/ERVL-MaLR	2085	-	79	57376259	84818
chr19	13995614	14195614	harbor2	chr19	14021561	14021909	LTR/ERVL-MaLR	909	-	174	14021735	26121
chr19	13995614	14195614	harbor2	chr19	14022201	14022246	LTR/ERVL-MaLR	909	-	22	14022223	26609
chr19	58104899	58304899	harbor2	chr19	58122714	58122898	LTR/ERVL-MaLR	996	-	92	58122806	17907
chr19	58104899	58304899	harbor2	chr19	58122899	58124489	LTR/ERVL-MaLR	10508	-	795	58123694	18795
chr19	58104899	58304899	harbor2	chr19	58124490	58124862	LTR/ERVL-MaLR	1931	-	186	58124676	19777
chr19	58104899	58304899	harbor2	chr19	58139356	58139715	LTR/ERVL-MaLR	1764	-	180	58139536	34637
chr19	58104899	58304899	harbor2	chr19	58158806	58158991	LTR/ERVL-MaLR	663	-	92	58158898	53999
chr19	58104899	58304899	harbor2	chr19	58159301	58159329	LTR/ERVL-MaLR	663	-	14	58159315	54416
chr19	58104899	58304899	harbor2	chr19	58161736	58162167	LTR/ERVL-MaLR	1389	-	216	58161952	57053
chr19	58104899	58304899	harbor2	chr19	58171634	58171842	LTR/ERVL-MaLR	1218	-	104	58171738	66839
chr19	58104899	58304899	harbor2	chr19	58172780	58173046	LTR/ERVL-MaLR	1218	-	133	58172913	68014
chr19	58104899	58304899	harbor2	chr19	58200771	58200996	LTR/ERVL-MaLR	1784	-	112	58200883	95984
chr19	58104899	58304899	harbor2	chr19	58201312	58201463	LTR/ERVL-MaLR	1784	-	76	58201388	96489
chr19	48724323	48924323	harbor2	chr19	48785406	48785757	LTR/ERVL-MaLR	1750	-	176	48785582	61259
chr19	57001592	57201592	harbor2	chr19	57001842	57002209	LTR/ERVL-MaLR	1740	-	184	57002026	434
chr19	57001592	57201592	harbor2	chr19	57055426	57055816	LTR/ERVL-MaLR	1496	-	195	57055621	54029
chr19	57001592	57201592	harbor2	chr19	57068409	57068795	LTR/ERVL-MaLR	2020	-	193	57068602	67010
chr19	42943932	43143932	harbor2	chr19	42952488	42952827	LTR/ERVL-MaLR	1379	-	170	42952658	8726
chr19	42943932	43143932	harbor2	chr19	42952843	42953236	LTR/ERVL-MaLR	2388	-	196	42953039	9107
chr19	42943932	43143932	harbor2	chr19	42973139	42973380	LTR/ERVL-MaLR	1868	-	120	42973259	29327
chr19	42943932	43143932	harbor2	chr19	42973595	42973708	LTR/ERVL-MaLR	1868	-	56	42973651	29719
chr19	46984664	47184664	harbor2	chr19	47015755	47015886	LTR/ERVL-MaLR	755	-	66	47015821	31157
chr19	46984664	47184664	harbor2	chr19	47016196	47016224	LTR/ERVL-MaLR	755	-	14	47016210	31546
chr19	34206756	34406756	harbor2	chr19	34279630	34279703	LTR/ERVL-MaLR	1918	-	36	34279666	72910
chr19	34206756	34406756	harbor2	chr19	34280008	34280314	LTR/ERVL-MaLR	1918	-	153	34280161	73405
chr19	34206756	34406756	harbor2	chr19	34287597	34287941	LTR/ERVL-MaLR	1666	-	172	34287769	81013
chr19	34206756	34406756	harbor2	chr19	34291462	34291777	LTR/ERVL-MaLR	1759	-	158	34291620	84864
chr19	56682102	56882102	harbor2	chr19	56687496	56687912	LTR/ERVL-MaLR	1144	-	208	56687704	5602
chr19	56682102	56882102	harbor2	chr19	56694280	56694615	LTR/ERVL-MaLR	1263	-	168	56694448	12346
chr19	56682102	56882102	harbor2	chr19	56761877	56762273	LTR/ERVL-MaLR	999	-	198	56762075	79973
chr19	9747502	9947502	harbor2	chr19	9752887	9753219	LTR/ERVL-MaLR	1447	-	166	9753053	5551
chr19	9747502	9947502	harbor2	chr19	9753554	9753579	LTR/ERVL-MaLR	1447	-	12	9753566	6064
chr19	9747502	9947502	harbor2	chr19	9814062	9814228	LTR/ERVL-MaLR	1311	-	83	9814145	66643
chr19	9747502	9947502	harbor2	chr19	9814728	9814924	LTR/ERVL-MaLR	1481	-	98	9814826	67324
chr19	9747502	9947502	harbor2	chr19	9814925	9815653	LTR/ERVL-MaLR	11359	-	364	9815289	67787
chr19	9747502	9947502	harbor2	chr19	9815949	9816795	LTR/ERVL-MaLR	11359	-	423	9816372	68870
chr19	9747502	9947502	harbor2	chr19	9816797	9817147	LTR/ERVL-MaLR	2595	-	175	9816972	69470
chr19	9747502	9947502	harbor2	chr19	9843520	9843765	LTR/ERVL-MaLR	1533	-	122	9843642	96140
chr19	9747502	9947502	harbor2	chr19	9844060	9844211	LTR/ERVL-MaLR	1533	-	76	9844136	96634
chr19	22052641	22252641	harbor2	chr19	22079385	22079740	LTR/ERVL-MaLR	2407	-	178	22079563	26922
chr19	39466462	39666462	harbor2	chr19	39511509	39511696	LTR/ERVL-MaLR	1093	-	94	39511603	45141
chr19	39466462	39666462	harbor2	chr19	39512143	39512328	LTR/ERVL-MaLR	927	-	92	39512235	45773
chr19	39466462	39666462	harbor2	chr19	39565025	39565374	LTR/ERVL-MaLR	1729	-	174	39565199	98737
chr19	53773422	53973422	harbor2	chr19	53857359	53857509	LTR/ERVL-MaLR	888	-	75	53857434	84012
chr19	53773422	53973422	harbor2	chr19	53857798	53857848	LTR/ERVL-MaLR	888	-	25	53857823	84401
chr19	50727908	50927908	harbor2	chr19	50731956	50732356	LTR/ERVL-MaLR	1832	-	200	50732156	4248
chr19	50727908	50927908	harbor2	chr19	50760178	50760240	LTR/ERVL-MaLR	1319	-	31	50760209	32301
chr19	50727908	50927908	harbor2	chr19	50760845	50761279	LTR/ERVL-MaLR	1319	-	217	50761062	33154
chr19	57619136	57819136	harbor2	chr19	57712867	57713290	LTR/ERVL-MaLR	2200	-	212	57713079	93943
chr19	53480079	53680079	harbor2	chr19	53499183	53499519	LTR/ERVL-MaLR	740	-	168	53499351	19272
chr19	53480079	53680079	harbor2	chr19	53509763	53510114	LTR/ERVL-MaLR	1494	-	176	53509939	29860
chr19	53480079	53680079	harbor2	chr19	53529936	53530309	LTR/ERVL-MaLR	1532	-	186	53530122	50043
chr19	53480079	53680079	harbor2	chr19	53534134	53534294	LTR/ERVL-MaLR	1326	-	80	53534214	54135
chr19	53480079	53680079	harbor2	chr19	53534586	53534862	LTR/ERVL-MaLR	1326	-	138	53534724	54645
chr19	53480079	53680079	harbor2	chr19	53540174	53540433	LTR/ERVL-MaLR	745	-	130	53540304	60225
chr19	53480079	53680079	harbor2	chr19	53540736	53541076	LTR/ERVL-MaLR	854	-	170	53540906	60827
chr19	53480079	53680079	harbor2	chr19	53556418	53556493	LTR/ERVL-MaLR	1270	-	38	53556456	76377
chr19	53480079	53680079	harbor2	chr19	53557258	53557547	LTR/ERVL-MaLR	1270	-	144	53557402	77323
chr19	53480079	53680079	harbor2	chr19	53560512	53560966	LTR/ERVL-MaLR	1327	-	227	53560739	80660
chr19	40973208	41173208	harbor2	chr19	40973347	40973806	LTR/ERVL-MaLR	1466	-	230	40973577	369
chr19	40973208	41173208	harbor2	chr19	40973811	40973995	LTR/ERVL-MaLR	1115	-	92	40973903	695
chr19	40973208	41173208	harbor2	chr19	40979757	40980124	LTR/ERVL-MaLR	2559	-	184	40979941	6733
chr19	40973208	41173208	harbor2	chr19	40980125	40981546	LTR/ERVL-MaLR	9279	-	710	40980835	7627
chr19	40973208	41173208	harbor2	chr19	40981547	40981918	LTR/ERVL-MaLR	2257	-	186	40981733	8525
chr19	40973208	41173208	harbor2	chr19	40993255	40993660	LTR/ERVL-MaLR	2138	-	202	40993457	20249
chr19	40973208	41173208	harbor2	chr19	41021789	41022146	LTR/ERVL-MaLR	2229	-	178	41021967	48759
chr19	50240946	50440946	harbor2	chr19	50242285	50242640	LTR/ERVL-MaLR	2215	-	178	50242463	1517
chr19	50240946	50440946	harbor2	chr19	50296901	50296978	LTR/ERVL-MaLR	1800	-	38	50296939	55993
chr19	50240946	50440946	harbor2	chr19	50297284	50297489	LTR/ERVL-MaLR	1800	-	102	50297386	56440
chr19	50240946	50440946	harbor2	chr19	50297800	50297967	LTR/ERVL-MaLR	1800	-	84	50297884	56938
chr19	50240946	50440946	harbor2	chr19	50303055	50303642	LTR/ERVL-MaLR	2019	-	294	50303349	62403
chr19	48339065	48539065	harbor2	chr19	48408939	48409270	LTR/ERVL-MaLR	1253	-	166	48409105	70040
chr19	48339065	48539065	harbor2	chr19	48409577	48409624	LTR/ERVL-MaLR	1253	-	24	48409601	70536
chr19	48339065	48539065	harbor2	chr19	48427871	48428041	LTR/ERVL-MaLR	963	-	85	48427956	88891
chr19	48339065	48539065	harbor2	chr19	48428337	48428360	LTR/ERVL-MaLR	963	-	12	48428349	89284
chr19	48339065	48539065	harbor2	chr19	48428663	48428840	LTR/ERVL-MaLR	963	-	88	48428751	89686
chr19	48339065	48539065	harbor2	chr19	48435057	48435280	LTR/ERVL-MaLR	890	-	112	48435169	96104
chr19	29358554	29558554	harbor2	chr19	29383680	29383869	LTR/ERVL-MaLR	623	-	94	29383774	25220
chr19	29358554	29558554	harbor2	chr19	29409894	29410206	LTR/ERVL-MaLR	1081	-	156	29410050	51496
chr19	29358554	29558554	harbor2	chr19	29416189	29416536	LTR/ERVL-MaLR	622	-	174	29416363	57809
chr19	29358554	29558554	harbor2	chr19	29424802	29425196	LTR/ERVL-MaLR	1876	-	197	29424999	66445
chr19	29358554	29558554	harbor2	chr19	29429482	29429675	LTR/ERVL-MaLR	679	-	96	29429578	71024
chr19	29358554	29558554	harbor2	chr19	29457722	29458103	LTR/ERVL-MaLR	1710	-	190	29457912	99358
chr19	42785587	42985587	harbor2	chr19	42796881	42797278	LTR/ERVL-MaLR	1913	-	198	42797079	11492
chr19	42785587	42985587	harbor2	chr19	42797301	42797690	LTR/ERVL-MaLR	2344	-	194	42797495	11908
chr19	37318424	37518424	harbor2	chr19	37320478	37320787	LTR/ERVL-MaLR	1222	-	154	37320632	2208
chr19	37318424	37518424	harbor2	chr19	37321679	37321862	LTR/ERVL-MaLR	1222	-	92	37321771	3347
chr19	37318424	37518424	harbor2	chr19	37341217	37341653	LTR/ERVL-MaLR	753	-	218	37341435	23011
chr19	37318424	37518424	harbor2	chr19	37341658	37341925	LTR/ERVL-MaLR	792	-	134	37341792	23368
chr19	37318424	37518424	harbor2	chr19	37341937	37342409	LTR/ERVL-MaLR	2827	-	236	37342173	23749
chr19	37318424	37518424	harbor2	chr19	37342712	37343030	LTR/ERVL-MaLR	2827	-	159	37342871	24447
chr19	37318424	37518424	harbor2	chr19	37343380	37343833	LTR/ERVL-MaLR	940	-	226	37343606	25182
chr19	37318424	37518424	harbor2	chr19	37348879	37349329	LTR/ERVL-MaLR	2830	-	225	37349104	30680
chr19	37318424	37518424	harbor2	chr19	37383063	37383234	LTR/ERVL-MaLR	864	-	86	37383149	64725
chr19	37318424	37518424	harbor2	chr19	37383837	37383854	LTR/ERVL-MaLR	864	-	8	37383845	65421
chr19	37318424	37518424	harbor2	chr19	37397550	37397905	LTR/ERVL-MaLR	1601	-	178	37397728	79304
chr19	37318424	37518424	harbor2	chr19	37397930	37399537	LTR/ERVL-MaLR	4195	-	804	37398734	80310
chr19	37318424	37518424	harbor2	chr19	37399538	37399743	LTR/ERVL-MaLR	1116	-	102	37399640	81216
chr19	37318424	37518424	harbor2	chr19	37400047	37400167	LTR/ERVL-MaLR	1116	-	60	37400107	81683
chr19	37287172	37487172	harbor2	chr19	37308908	37309463	LTR/ERVL-MaLR	1488	-	278	37309186	22014
chr19	37287172	37487172	harbor2	chr19	37320478	37320787	LTR/ERVL-MaLR	1222	-	154	37320632	33460
chr19	37287172	37487172	harbor2	chr19	37321679	37321862	LTR/ERVL-MaLR	1222	-	92	37321771	34599
chr19	37287172	37487172	harbor2	chr19	37341217	37341653	LTR/ERVL-MaLR	753	-	218	37341435	54263
chr19	37287172	37487172	harbor2	chr19	37341658	37341925	LTR/ERVL-MaLR	792	-	134	37341792	54620
chr19	37287172	37487172	harbor2	chr19	37341937	37342409	LTR/ERVL-MaLR	2827	-	236	37342173	55001
chr19	37287172	37487172	harbor2	chr19	37342712	37343030	LTR/ERVL-MaLR	2827	-	159	37342871	55699
chr19	37287172	37487172	harbor2	chr19	37343380	37343833	LTR/ERVL-MaLR	940	-	226	37343606	56434
chr19	37287172	37487172	harbor2	chr19	37348879	37349329	LTR/ERVL-MaLR	2830	-	225	37349104	61932
chr19	37287172	37487172	harbor2	chr19	37383063	37383234	LTR/ERVL-MaLR	864	-	86	37383149	95977
chr19	37287172	37487172	harbor2	chr19	37383837	37383854	LTR/ERVL-MaLR	864	-	8	37383845	96673
chr19	56040636	56240636	harbor2	chr19	56064626	56065116	LTR/ERVL-MaLR	897	-	245	56064871	24235
chr19	56040636	56240636	harbor2	chr19	56135352	56135787	LTR/ERVL-MaLR	1109	-	218	56135570	94934
chr19	40124877	40324877	harbor2	chr19	40137196	40137573	LTR/ERVL-MaLR	2042	-	188	40137384	12507
chr19	40124877	40324877	harbor2	chr19	40145609	40145801	LTR/ERVL-MaLR	1668	-	96	40145705	20828
chr19	40124877	40324877	harbor2	chr19	40146054	40146299	LTR/ERVL-MaLR	1668	-	122	40146176	21299
chr19	40124877	40324877	harbor2	chr19	40167789	40167857	LTR/ERVL-MaLR	1643	-	34	40167823	42946
chr19	40124877	40324877	harbor2	chr19	40168787	40169086	LTR/ERVL-MaLR	1643	-	150	40168937	44060
chr19	40124877	40324877	harbor2	chr19	40171249	40171493	LTR/ERVL-MaLR	2146	-	122	40171371	46494
chr19	40124877	40324877	harbor2	chr19	40171781	40171959	LTR/ERVL-MaLR	2146	-	89	40171870	46993
chr19	40124877	40324877	harbor2	chr19	40174390	40174458	LTR/ERVL-MaLR	1371	-	34	40174424	49547
chr19	40124877	40324877	harbor2	chr19	40174770	40174997	LTR/ERVL-MaLR	1371	-	114	40174884	50007
chr19	40124877	40324877	harbor2	chr19	40183225	40183379	LTR/ERVL-MaLR	994	-	77	40183302	58425
chr19	40124877	40324877	harbor2	chr19	40185702	40185957	LTR/ERVL-MaLR	2057	-	128	40185830	60953
chr19	40124877	40324877	harbor2	chr19	40186008	40186028	LTR/ERVL-MaLR	2057	-	10	40186018	61141
chr19	40124877	40324877	harbor2	chr19	40186162	40186341	LTR/ERVL-MaLR	2057	-	90	40186252	61375
chr19	40124877	40324877	harbor2	chr19	40196989	40197313	LTR/ERVL-MaLR	772	-	162	40197151	72274
chr19	40124877	40324877	harbor2	chr19	40197626	40197714	LTR/ERVL-MaLR	772	-	44	40197670	72793
chr19	35550217	35750217	harbor2	chr19	35584792	35585360	LTR/ERVL-MaLR	2573	-	284	35585076	34859
chr19	35550217	35750217	harbor2	chr19	35605976	35606346	LTR/ERVL-MaLR	2555	-	185	35606161	55944
chr19	55531049	55731049	harbor2	chr19	55560757	55561344	LTR/ERVL-MaLR	2135	-	294	55561051	30002
chr19	52132950	52332950	harbor2	chr19	52153816	52154043	LTR/ERVL-MaLR	2250	-	114	52153930	20980
chr19	52132950	52332950	harbor2	chr19	52154345	52154379	LTR/ERVL-MaLR	2250	-	17	52154362	21412
chr19	52132950	52332950	harbor2	chr19	52154683	52154860	LTR/ERVL-MaLR	2250	-	88	52154771	21821
chr19	52132950	52332950	harbor2	chr19	52161260	52161680	LTR/ERVL-MaLR	1506	-	210	52161470	28520
chr19	52132950	52332950	harbor2	chr19	52161681	52162488	LTR/ERVL-MaLR	3504	-	404	52162085	29135
chr19	52132950	52332950	harbor2	chr19	52162947	52163492	LTR/ERVL-MaLR	1990	-	272	52163219	30269
chr19	52132950	52332950	harbor2	chr19	52196607	52197033	LTR/ERVL-MaLR	980	-	213	52196820	63870
chr19	52132950	52332950	harbor2	chr19	52200545	52200922	LTR/ERVL-MaLR	1343	-	188	52200733	67783
chr19	41556522	41756522	harbor2	chr19	41581545	41581870	LTR/ERVL-MaLR	2198	-	162	41581707	25185
chr19	41556522	41756522	harbor2	chr19	41583481	41583829	LTR/ERVL-MaLR	2312	-	174	41583655	27133
chr19	41556522	41756522	harbor2	chr19	41588048	41588435	LTR/ERVL-MaLR	1455	-	194	41588242	31720
chr19	41556522	41756522	harbor2	chr19	41581871	41583480	LTR/ERVL-MaLR	11623	-	804	41582675	26153
chr19	58334603	58534603	harbor2	chr19	58364347	58364612	LTR/ERVL-MaLR	1029	-	132	58364479	29876
chr19	58334603	58534603	harbor2	chr19	58370061	58370527	LTR/ERVL-MaLR	1651	-	233	58370294	35691
chr19	58334603	58534603	harbor2	chr19	58398820	58398879	LTR/ERVL-MaLR	2124	-	30	58398850	64247
chr19	58334603	58534603	harbor2	chr19	58399488	58399896	LTR/ERVL-MaLR	2124	-	204	58399692	65089
chr19	32102054	32302054	harbor2	chr19	32122876	32123253	LTR/ERVL-MaLR	1201	-	188	32123064	21010
chr19	32102054	32302054	harbor2	chr19	32185031	32185385	LTR/ERVL-MaLR	2390	-	177	32185208	83154
chr19	32102054	32302054	harbor2	chr19	32194278	32194627	LTR/ERVL-MaLR	2371	-	174	32194452	92398
chr19	46765405	46965405	harbor2	chr19	46798328	46798743	LTR/ERVL-MaLR	1754	-	208	46798536	33131
chr19	46765405	46965405	harbor2	chr19	46854182	46854531	LTR/ERVL-MaLR	1548	-	174	46854356	88951
chr19	48067153	48267153	harbor2	chr19	48073580	48073952	LTR/ERVL-MaLR	2687	-	186	48073766	6613
chr19	48067153	48267153	harbor2	chr19	48074593	48074648	LTR/ERVL-MaLR	2687	-	28	48074621	7468
chr19	48067153	48267153	harbor2	chr19	48075658	48075770	LTR/ERVL-MaLR	689	-	56	48075714	8561
chr19	51596495	51796495	harbor2	chr19	51639432	51639794	LTR/ERVL-MaLR	1789	-	181	51639613	43118
chr19	51596495	51796495	harbor2	chr19	51668174	51668521	LTR/ERVL-MaLR	1506	-	174	51668348	71853
chr19	51596495	51796495	harbor2	chr19	51672289	51672675	LTR/ERVL-MaLR	2167	-	193	51672482	75987
chr19	51596495	51796495	harbor2	chr19	51679213	51679789	LTR/ERVL-MaLR	1995	-	288	51679501	83006
chr19	51596495	51796495	harbor2	chr19	51682693	51682761	LTR/ERVL-MaLR	1835	-	34	51682727	86232
chr19	51596495	51796495	harbor2	chr19	51683067	51683458	LTR/ERVL-MaLR	1835	-	196	51683263	86768
chr19	43052484	43252484	harbor2	chr19	43107649	43108046	LTR/ERVL-MaLR	1822	-	198	43107847	55363
chr19	43052484	43252484	harbor2	chr19	43108069	43108458	LTR/ERVL-MaLR	2466	-	194	43108263	55779
chr19	43052484	43252484	harbor2	chr19	43133141	43133425	LTR/ERVL-MaLR	2081	-	142	43133283	80799
chr19	43052484	43252484	harbor2	chr19	43133640	43133753	LTR/ERVL-MaLR	2081	-	56	43133696	81212
chr19	32459460	32659460	harbor2	chr19	32477770	32478125	LTR/ERVL-MaLR	2278	-	178	32477948	18488
chr19	32459460	32659460	harbor2	chr19	32488587	32488941	LTR/ERVL-MaLR	2601	-	177	32488764	29304
chr19	32459460	32659460	harbor2	chr19	32494439	32494979	LTR/ERVL-MaLR	1541	-	270	32494709	35249
chr19	32459460	32659460	harbor2	chr19	32495537	32495887	LTR/ERVL-MaLR	2180	-	175	32495712	36252
chr19	32459460	32659460	harbor2	chr19	32517611	32518156	LTR/ERVL-MaLR	2338	-	272	32517883	58423
chr19	32459460	32659460	harbor2	chr19	32519119	32519544	LTR/ERVL-MaLR	1116	-	212	32519331	59871
chr19	32459460	32659460	harbor2	chr19	32520586	32520974	LTR/ERVL-MaLR	1146	-	194	32520780	61320
chr19	32459460	32659460	harbor2	chr19	32528083	32528457	LTR/ERVL-MaLR	2642	-	187	32528270	68810
chr19	32459460	32659460	harbor2	chr19	32489242	32489493	LTR/ERVL-MaLR	2601	-	126	32489368	29908
chr19	32459460	32659460	harbor2	chr19	32538584	32538959	LTR/ERVL-MaLR	2532	-	188	32538772	79312
chr19	50822301	51022301	harbor2	chr19	50919192	50919695	LTR/ERVL-MaLR	2153	-	252	50919444	97143
chr19	48173744	48373744	harbor2	chr19	48179786	48180013	LTR/ERVL-MaLR	1623	-	114	48179900	6156
chr19	48173744	48373744	harbor2	chr19	48180316	48180710	LTR/ERVL-MaLR	1623	-	197	48180513	6769
chr19	48173744	48373744	harbor2	chr19	48190313	48190688	LTR/ERVL-MaLR	967	-	188	48190501	16757
chr19	48173744	48373744	harbor2	chr19	48237076	48237490	LTR/ERVL-MaLR	2337	-	207	48237283	63539
chr19	48173744	48373744	harbor2	chr19	48239454	48239472	LTR/ERVL-MaLR	1566	-	9	48239463	65719
chr19	48173744	48373744	harbor2	chr19	48239776	48240101	LTR/ERVL-MaLR	1566	-	162	48239938	66194
chr19	48173744	48373744	harbor2	chr19	48262853	48263217	LTR/ERVL-MaLR	1868	-	182	48263035	89291
chr19	46450622	46650622	harbor2	chr19	46474375	46474598	LTR/ERVL-MaLR	1056	-	112	46474487	23865
chr19	46450622	46650622	harbor2	chr19	46512295	46512459	LTR/ERVL-MaLR	632	-	82	46512377	61755
chr19	46450622	46650622	harbor2	chr19	46518726	46518987	LTR/ERVL-MaLR	2135	-	130	46518856	68234
chr19	46450622	46650622	harbor2	chr19	46519297	46519393	LTR/ERVL-MaLR	2135	-	48	46519345	68723
chr19	46450622	46650622	harbor2	chr19	46520523	46520961	LTR/ERVL-MaLR	708	-	219	46520742	70120
chr19	46450622	46650622	harbor2	chr19	46526328	46526706	LTR/ERVL-MaLR	2208	-	189	46526517	75895
chr19	46450622	46650622	harbor2	chr19	46538724	46539082	LTR/ERVL-MaLR	2254	-	179	46538903	88281
chr19	46450622	46650622	harbor2	chr19	46540384	46540588	LTR/ERVL-MaLR	2097	-	102	46540486	89864
chr19	46450622	46650622	harbor2	chr19	46540899	46541065	LTR/ERVL-MaLR	2097	-	83	46540982	90360
chr19	55358494	55558494	harbor2	chr19	55424689	55425089	LTR/ERVL-MaLR	1304	-	200	55424889	66395
chr19	43895827	44095827	harbor2	chr19	43929980	43930335	LTR/ERVL-MaLR	1338	-	178	43930158	34331
chr19	43895827	44095827	harbor2	chr19	43992343	43992709	LTR/ERVL-MaLR	902	-	183	43992526	96699
chr19	41603206	41803206	harbor2	chr19	41663184	41663495	LTR/ERVL-MaLR	1619	-	156	41663340	60134
chr19	41603206	41803206	harbor2	chr19	41663496	41663907	LTR/ERVL-MaLR	3179	-	206	41663702	60496
chr19	41603206	41803206	harbor2	chr19	41663907	41664182	LTR/ERVL-MaLR	1473	-	138	41664045	60839
chr19	56076726	56276726	harbor2	chr19	56135352	56135787	LTR/ERVL-MaLR	1109	-	218	56135570	58844
chr19	56076726	56276726	harbor2	chr19	56145766	56146091	LTR/ERVL-MaLR	732	-	162	56145928	69202
chr19	56076726	56276726	harbor2	chr19	56148738	56149063	LTR/ERVL-MaLR	814	-	162	56148900	72174
chr19	56076726	56276726	harbor2	chr19	56149362	56149481	LTR/ERVL-MaLR	693	-	60	56149422	72696
chr19	56076726	56276726	harbor2	chr19	56149867	56150035	LTR/ERVL-MaLR	693	-	84	56149951	73225
chr19	56076726	56276726	harbor2	chr19	56152600	56152952	LTR/ERVL-MaLR	1992	-	176	56152776	76050
chr19	56076726	56276726	harbor2	chr19	56158095	56158391	LTR/ERVL-MaLR	761	-	148	56158243	81517
chr19	31758897	31958897	harbor2	chr19	31787406	31787964	LTR/ERVL-MaLR	1530	-	279	31787685	28788
chr19	31758897	31958897	harbor2	chr19	31820869	31821269	LTR/ERVL-MaLR	1796	-	200	31821069	62172
chr19	31758897	31958897	harbor2	chr19	31839837	31840193	LTR/ERVL-MaLR	2454	-	178	31840015	81118
chr19	31758897	31958897	harbor2	chr19	31784654	31785065	LTR/ERVL-MaLR	674	-	206	31784860	25963
chr19	29315906	29515906	harbor2	chr19	29328063	29328417	LTR/ERVL-MaLR	2492	-	177	29328240	12334
chr19	29315906	29515906	harbor2	chr19	29383680	29383869	LTR/ERVL-MaLR	623	-	94	29383774	67868
chr19	29315906	29515906	harbor2	chr19	29409894	29410206	LTR/ERVL-MaLR	1081	-	156	29410050	94144
chr19	47946232	48146232	harbor2	chr19	47967385	47967789	LTR/ERVL-MaLR	2190	-	202	47967587	21355
chr19	47946232	48146232	harbor2	chr19	47986784	47987189	LTR/ERVL-MaLR	1572	-	202	47986986	40754
chr19	47946232	48146232	harbor2	chr19	48000890	48001175	LTR/ERVL-MaLR	1819	-	142	48001032	54800
chr19	47946232	48146232	harbor2	chr19	48001451	48001556	LTR/ERVL-MaLR	1819	-	52	48001503	55271
chr19	47946232	48146232	harbor2	chr19	48009714	48010171	LTR/ERVL-MaLR	1089	-	228	48009942	63710
chr19	47946232	48146232	harbor2	chr19	48013396	48013434	LTR/ERVL-MaLR	1821	-	19	48013415	67183
chr19	47946232	48146232	harbor2	chr19	48013745	48014093	LTR/ERVL-MaLR	1821	-	174	48013919	67687
chr19	30938672	31138672	harbor2	chr19	30963783	30963891	LTR/ERVL-MaLR	1459	-	54	30963837	25165
chr19	30938672	31138672	harbor2	chr19	30964206	30964461	LTR/ERVL-MaLR	1459	-	128	30964334	25662
chr19	30938672	31138672	harbor2	chr19	30966095	30966412	LTR/ERVL-MaLR	1694	-	158	30966253	27581
chr19	30938672	31138672	harbor2	chr19	30981171	30981855	LTR/ERVL-MaLR	1471	-	342	30981513	42841
chr19	30938672	31138672	harbor2	chr19	30988879	30989218	LTR/ERVL-MaLR	970	-	170	30989049	50377
chr19	30938672	31138672	harbor2	chr19	31017329	31017706	LTR/ERVL-MaLR	2858	-	188	31017517	78845
chr19	30938672	31138672	harbor2	chr19	31019586	31019962	LTR/ERVL-MaLR	2784	-	188	31019774	81102
chr19	30938672	31138672	harbor2	chr19	31020657	31020910	LTR/ERVL-MaLR	617	-	126	31020783	82111
chr19	39447518	39647518	harbor2	chr19	39511509	39511696	LTR/ERVL-MaLR	1093	-	94	39511603	64085
chr19	39447518	39647518	harbor2	chr19	39512143	39512328	LTR/ERVL-MaLR	927	-	92	39512235	64717
chr19	41349234	41549234	harbor2	chr19	41358270	41358538	LTR/ERVL-MaLR	1249	-	134	41358404	9170
chr19	41349234	41549234	harbor2	chr19	41380194	41380492	LTR/ERVL-MaLR	1057	-	149	41380343	31109
chr19	41349234	41549234	harbor2	chr19	41401916	41402281	LTR/ERVL-MaLR	2697	-	182	41402098	52864
chr19	41349234	41549234	harbor2	chr19	41447145	41447559	LTR/ERVL-MaLR	1197	-	207	41447352	98118
chr19	41349234	41549234	harbor2	chr19	41447856	41447964	LTR/ERVL-MaLR	1197	-	54	41447910	98676
chr19	56512581	56712581	harbor2	chr19	56520863	56521219	LTR/ERVL-MaLR	2479	-	178	56521041	8460
chr19	56512581	56712581	harbor2	chr19	56547051	56547445	LTR/ERVL-MaLR	2293	-	197	56547248	34667
chr19	56512581	56712581	harbor2	chr19	56562169	56562701	LTR/ERVL-MaLR	2282	-	266	56562435	49854
chr19	56512581	56712581	harbor2	chr19	56562720	56563128	LTR/ERVL-MaLR	1645	-	204	56562924	50343
chr19	56512581	56712581	harbor2	chr19	56563270	56564002	LTR/ERVL-MaLR	2290	-	366	56563636	51055
chr19	56512581	56712581	harbor2	chr19	56566304	56566679	LTR/ERVL-MaLR	1391	-	188	56566492	53911
chr19	56512581	56712581	harbor2	chr19	56586766	56587118	LTR/ERVL-MaLR	2736	-	176	56586942	74361
chr19	56512581	56712581	harbor2	chr19	56607731	56608106	LTR/ERVL-MaLR	1101	-	188	56607919	95338
chr19	56512581	56712581	harbor2	chr19	56608564	56608724	LTR/ERVL-MaLR	1101	-	80	56608644	96063
chr19	56512581	56712581	harbor2	chr19	56611706	56611975	LTR/ERVL-MaLR	1674	-	134	56611840	99259
chr19	56512581	56712581	harbor2	chr19	56606446	56606970	LTR/ERVL-MaLR	836	-	262	56606708	94127
chr19	43317526	43517526	harbor2	chr19	43323084	43323473	LTR/ERVL-MaLR	2032	-	194	43323278	5752
chr19	43317526	43517526	harbor2	chr19	43329386	43330434	LTR/ERVL-MaLR	6154	-	524	43329910	12384
chr19	43317526	43517526	harbor2	chr19	43396708	43396826	LTR/ERVL-MaLR	1027	-	59	43396767	79241
chr19	43317526	43517526	harbor2	chr19	43397136	43397298	LTR/ERVL-MaLR	1027	-	81	43397217	79691
chr19	43317526	43517526	harbor2	chr19	43412082	43412468	LTR/ERVL-MaLR	2027	-	193	43412275	94749
chr19	53171747	53371747	harbor2	chr19	53230989	53231377	LTR/ERVL-MaLR	1009	-	194	53231183	59436
chr19	58503856	58703856	harbor2	chr19	58533240	58533395	LTR/ERVL-MaLR	766	-	78	58533318	29462
chr19	58503856	58703856	harbor2	chr19	58594828	58595271	LTR/ERVL-MaLR	1707	-	222	58595050	91194
chr19	48696657	48896657	harbor2	chr19	48700242	48700319	LTR/ERVL-MaLR	807	-	38	48700280	3623
chr19	48696657	48896657	harbor2	chr19	48700631	48700996	LTR/ERVL-MaLR	807	-	182	48700813	4156
chr19	48696657	48896657	harbor2	chr19	48704091	48704139	LTR/ERVL-MaLR	838	-	24	48704115	7458
chr19	48696657	48896657	harbor2	chr19	48704452	48704884	LTR/ERVL-MaLR	838	-	216	48704668	8011
chr19	48696657	48896657	harbor2	chr19	48785406	48785757	LTR/ERVL-MaLR	1750	-	176	48785582	88925
chr19	58120451	58320451	harbor2	chr19	58122714	58122898	LTR/ERVL-MaLR	996	-	92	58122806	2355
chr19	58120451	58320451	harbor2	chr19	58122899	58124489	LTR/ERVL-MaLR	10508	-	795	58123694	3243
chr19	58120451	58320451	harbor2	chr19	58124490	58124862	LTR/ERVL-MaLR	1931	-	186	58124676	4225
chr19	58120451	58320451	harbor2	chr19	58139356	58139715	LTR/ERVL-MaLR	1764	-	180	58139536	19085
chr19	58120451	58320451	harbor2	chr19	58158806	58158991	LTR/ERVL-MaLR	663	-	92	58158898	38447
chr19	58120451	58320451	harbor2	chr19	58159301	58159329	LTR/ERVL-MaLR	663	-	14	58159315	38864
chr19	58120451	58320451	harbor2	chr19	58161736	58162167	LTR/ERVL-MaLR	1389	-	216	58161952	41501
chr19	58120451	58320451	harbor2	chr19	58171634	58171842	LTR/ERVL-MaLR	1218	-	104	58171738	51287
chr19	58120451	58320451	harbor2	chr19	58172780	58173046	LTR/ERVL-MaLR	1218	-	133	58172913	52462
chr19	58120451	58320451	harbor2	chr19	58200771	58200996	LTR/ERVL-MaLR	1784	-	112	58200883	80432
chr19	58120451	58320451	harbor2	chr19	58201312	58201463	LTR/ERVL-MaLR	1784	-	76	58201388	80937
chr19	52102372	52302372	harbor2	chr19	52114352	52114774	LTR/ERVL-MaLR	1890	-	211	52114563	12191
chr19	52102372	52302372	harbor2	chr19	52124696	52125116	LTR/ERVL-MaLR	1728	-	210	52124906	22534
chr19	52102372	52302372	harbor2	chr19	52125123	52125784	LTR/ERVL-MaLR	2890	-	330	52125453	23081
chr19	52102372	52302372	harbor2	chr19	52153816	52154043	LTR/ERVL-MaLR	2250	-	114	52153930	51558
chr19	52102372	52302372	harbor2	chr19	52154345	52154379	LTR/ERVL-MaLR	2250	-	17	52154362	51990
chr19	52102372	52302372	harbor2	chr19	52154683	52154860	LTR/ERVL-MaLR	2250	-	88	52154771	52399
chr19	52102372	52302372	harbor2	chr19	52161260	52161680	LTR/ERVL-MaLR	1506	-	210	52161470	59098
chr19	52102372	52302372	harbor2	chr19	52161681	52162488	LTR/ERVL-MaLR	3504	-	404	52162085	59713
chr19	52102372	52302372	harbor2	chr19	52162947	52163492	LTR/ERVL-MaLR	1990	-	272	52163219	60847
chr19	52102372	52302372	harbor2	chr19	52196607	52197033	LTR/ERVL-MaLR	980	-	213	52196820	94448
chr19	52102372	52302372	harbor2	chr19	52200545	52200922	LTR/ERVL-MaLR	1343	-	188	52200733	98361
chr19	52430626	52630626	harbor2	chr19	52446506	52446575	LTR/ERVL-MaLR	1054	-	34	52446540	15914
chr19	52430626	52630626	harbor2	chr19	52446859	52447299	LTR/ERVL-MaLR	1054	-	220	52447079	16453
chr19	52430626	52630626	harbor2	chr19	52507565	52507766	LTR/ERVL-MaLR	677	-	100	52507665	77039
chr19	50056601	50256601	harbor2	chr19	50083875	50084216	LTR/ERVL-MaLR	887	-	170	50084045	27444
chr19	50056601	50256601	harbor2	chr19	50084217	50084266	LTR/ERVL-MaLR	1766	-	24	50084241	27640
chr19	50056601	50256601	harbor2	chr19	50084518	50084859	LTR/ERVL-MaLR	1766	-	170	50084688	28087
chr19	23448983	23648983	harbor2	chr19	23462765	23463114	LTR/ERVL-MaLR	1953	-	174	23462939	13956
chr19	56753361	56953361	harbor2	chr19	56761877	56762273	LTR/ERVL-MaLR	999	-	198	56762075	8714
chr19	56753361	56953361	harbor2	chr19	56806230	56806616	LTR/ERVL-MaLR	948	-	193	56806423	53062
chr19	58442532	58642532	harbor2	chr19	58458583	58458809	LTR/ERVL-MaLR	2206	-	113	58458696	16164
chr19	58442532	58642532	harbor2	chr19	58459416	58459522	LTR/ERVL-MaLR	2206	-	53	58459469	16937
chr19	58442532	58642532	harbor2	chr19	58459920	58460016	LTR/ERVL-MaLR	2206	-	48	58459968	17436
chr19	58442532	58642532	harbor2	chr19	58481666	58481777	LTR/ERVL-MaLR	1127	-	56	58481722	39190
chr19	58442532	58642532	harbor2	chr19	58482094	58482428	LTR/ERVL-MaLR	1127	-	167	58482261	39729
chr19	58442532	58642532	harbor2	chr19	58533240	58533395	LTR/ERVL-MaLR	766	-	78	58533318	90786
chr19	28452276	28652276	harbor2	chr19	28453764	28454036	LTR/ERVL-MaLR	1808	-	136	28453900	1624
chr19	28452276	28652276	harbor2	chr19	28454126	28454327	LTR/ERVL-MaLR	1808	-	100	28454226	1950
chr19	28452276	28652276	harbor2	chr19	28514093	28514420	LTR/ERVL-MaLR	892	-	164	28514257	61981
chr19	33452479	33652479	harbor2	chr19	33508412	33508864	LTR/ERVL-MaLR	803	-	226	33508638	56159
chr19	33452479	33652479	harbor2	chr19	33537571	33537929	LTR/ERVL-MaLR	2292	-	179	33537750	85271
chr19	33452479	33652479	harbor2	chr19	33540751	33541183	LTR/ERVL-MaLR	1495	-	216	33540967	88488
chr19	33452479	33652479	harbor2	chr19	33543074	33543488	LTR/ERVL-MaLR	1121	-	207	33543281	90802
chr19	33452479	33652479	harbor2	chr19	33551301	33551624	LTR/ERVL-MaLR	1963	-	162	33551463	98984
chr19	50752524	50952524	harbor2	chr19	50760178	50760240	LTR/ERVL-MaLR	1319	-	31	50760209	7685
chr19	50752524	50952524	harbor2	chr19	50760845	50761279	LTR/ERVL-MaLR	1319	-	217	50761062	8538
chr19	57875476	58075476	harbor2	chr19	57952531	57952779	LTR/ERVL-MaLR	967	-	124	57952655	77179
chr19	57875476	58075476	harbor2	chr19	57967410	57967471	LTR/ERVL-MaLR	1780	-	30	57967440	91964
chr19	57875476	58075476	harbor2	chr19	57968042	57968357	LTR/ERVL-MaLR	1780	-	158	57968200	92724
chr19	55157585	55357585	harbor2	chr19	55214151	55214396	LTR/ERVL-MaLR	2476	-	122	55214273	56688
chr19	55157585	55357585	harbor2	chr19	55214654	55214834	LTR/ERVL-MaLR	2476	-	90	55214744	57159
chr19	55157585	55357585	harbor2	chr19	55217859	55218109	LTR/ERVL-MaLR	1437	-	125	55217984	60399
chr19	55157585	55357585	harbor2	chr19	55219277	55219401	LTR/ERVL-MaLR	712	-	62	55219339	61754
chr19	45434881	45634881	harbor2	chr19	45501499	45501953	LTR/ERVL-MaLR	1166	-	227	45501726	66845
chr19	44347879	44547879	harbor2	chr19	44350910	44351372	LTR/ERVL-MaLR	2201	-	231	44351141	3262
chr19	44347879	44547879	harbor2	chr19	44385766	44385951	LTR/ERVL-MaLR	737	-	92	44385858	37979
chr19	44347879	44547879	harbor2	chr19	44391383	44391749	LTR/ERVL-MaLR	2581	-	183	44391566	43687
chr19	44347879	44547879	harbor2	chr19	44392514	44392762	LTR/ERVL-MaLR	970	-	124	44392638	44759
chr19	44347879	44547879	harbor2	chr19	44426872	44427224	LTR/ERVL-MaLR	1901	-	176	44427048	79169
chr19	28563907	28763907	harbor2	chr19	28576050	28576458	LTR/ERVL-MaLR	2383	-	204	28576254	12347
chr19	28563907	28763907	harbor2	chr19	28595400	28595459	LTR/ERVL-MaLR	688	-	30	28595430	31523
chr19	28563907	28763907	harbor2	chr19	28595764	28596062	LTR/ERVL-MaLR	688	-	149	28595913	32006
chr19	44029636	44229636	harbor2	chr19	44042443	44042697	LTR/ERVL-MaLR	1304	-	127	44042570	12934
chr19	44029636	44229636	harbor2	chr19	44061250	44061758	LTR/ERVL-MaLR	926	-	254	44061504	31868
chr19	44029636	44229636	harbor2	chr19	44081208	44081429	LTR/ERVL-MaLR	2367	-	110	44081318	51682
chr19	44029636	44229636	harbor2	chr19	44081762	44081921	LTR/ERVL-MaLR	2367	-	80	44081842	52206
chr19	44029636	44229636	harbor2	chr19	44082512	44083002	LTR/ERVL-MaLR	1358	-	245	44082757	53121
chr19	44029636	44229636	harbor2	chr19	44101642	44102130	LTR/ERVL-MaLR	1163	-	244	44101886	72250
chr19	44029636	44229636	harbor2	chr19	44109943	44110131	LTR/ERVL-MaLR	1027	-	94	44110037	80401
chr19	44029636	44229636	harbor2	chr19	44119296	44119782	LTR/ERVL-MaLR	1335	-	243	44119539	89903
chr19	34080621	34280621	harbor2	chr19	34086526	34086771	LTR/ERVL-MaLR	1826	-	122	34086648	6027
chr19	34080621	34280621	harbor2	chr19	34087137	34087459	LTR/ERVL-MaLR	1826	-	161	34087298	6677
chr19	34080621	34280621	harbor2	chr19	34093729	34094121	LTR/ERVL-MaLR	2441	-	196	34093925	13304
chr19	34080621	34280621	harbor2	chr19	34130051	34130260	LTR/ERVL-MaLR	2055	-	104	34130155	49534
chr19	34080621	34280621	harbor2	chr19	34130557	34130714	LTR/ERVL-MaLR	2055	-	78	34130635	50014
chr19	52462173	52662173	harbor2	chr19	52507565	52507766	LTR/ERVL-MaLR	677	-	100	52507665	45492
chr19	50254588	50454588	harbor2	chr19	50296901	50296978	LTR/ERVL-MaLR	1800	-	38	50296939	42351
chr19	50254588	50454588	harbor2	chr19	50297284	50297489	LTR/ERVL-MaLR	1800	-	102	50297386	42798
chr19	50254588	50454588	harbor2	chr19	50297800	50297967	LTR/ERVL-MaLR	1800	-	84	50297884	43296
chr19	50254588	50454588	harbor2	chr19	50303055	50303642	LTR/ERVL-MaLR	2019	-	294	50303349	48761
chr19	52322596	52522596	harbor2	chr19	52388787	52389149	LTR/ERVL-MaLR	2574	-	181	52388968	66372
chr19	52322596	52522596	harbor2	chr19	52389150	52389803	LTR/ERVL-MaLR	4535	-	326	52389476	66880
chr19	52322596	52522596	harbor2	chr19	52389794	52390038	LTR/ERVL-MaLR	1410	-	122	52389916	67320
chr19	52322596	52522596	harbor2	chr19	52390039	52390127	LTR/ERVL-MaLR	696	-	44	52390083	67487
chr19	52322596	52522596	harbor2	chr19	52394648	52395061	LTR/ERVL-MaLR	954	-	206	52394854	72258
chr19	53163353	53363353	harbor2	chr19	53230989	53231377	LTR/ERVL-MaLR	1009	-	194	53231183	67830
chr19	35705377	35905377	harbor2	chr19	35763060	35763209	LTR/ERVL-MaLR	870	-	74	35763134	57757
chr19	35705377	35905377	harbor2	chr19	35764085	35764315	LTR/ERVL-MaLR	870	-	115	35764200	58823
chr19	35705377	35905377	harbor2	chr19	35772805	35773347	LTR/ERVL-MaLR	1532	-	271	35773076	67699
chr19	33507401	33707401	harbor2	chr19	33508412	33508864	LTR/ERVL-MaLR	803	-	226	33508638	1237
chr19	33507401	33707401	harbor2	chr19	33537571	33537929	LTR/ERVL-MaLR	2292	-	179	33537750	30349
chr19	33507401	33707401	harbor2	chr19	33540751	33541183	LTR/ERVL-MaLR	1495	-	216	33540967	33566
chr19	33507401	33707401	harbor2	chr19	33543074	33543488	LTR/ERVL-MaLR	1121	-	207	33543281	35880
chr19	33507401	33707401	harbor2	chr19	33551301	33551624	LTR/ERVL-MaLR	1963	-	162	33551463	44062
chr19	33507401	33707401	harbor2	chr19	33555715	33556084	LTR/ERVL-MaLR	2388	-	184	33555899	48498
chr19	33507401	33707401	harbor2	chr19	33596326	33596642	LTR/ERVL-MaLR	1164	-	158	33596484	89083
chr19	54369734	54569734	harbor2	chr19	54398798	54399240	LTR/ERVL-MaLR	1066	-	221	54399019	29285
chr19	56752259	56952259	harbor2	chr19	56761877	56762273	LTR/ERVL-MaLR	999	-	198	56762075	9816
chr19	56752259	56952259	harbor2	chr19	56806230	56806616	LTR/ERVL-MaLR	948	-	193	56806423	54164
chr19	45571822	45771822	harbor2	chr19	45575545	45575609	LTR/ERVL-MaLR	2397	-	32	45575577	3755
chr19	45571822	45771822	harbor2	chr19	45575906	45575951	LTR/ERVL-MaLR	2397	-	22	45575928	4106
chr19	45571822	45771822	harbor2	chr19	45576558	45576946	LTR/ERVL-MaLR	2397	-	194	45576752	4930
chr19	33310342	33510342	harbor2	chr19	33323097	33323452	LTR/ERVL-MaLR	2516	-	178	33323275	12933
chr19	33310342	33510342	harbor2	chr19	33342617	33342996	LTR/ERVL-MaLR	2534	-	190	33342807	32465
chr19	57896331	58096331	harbor2	chr19	57952531	57952779	LTR/ERVL-MaLR	967	-	124	57952655	56324
chr19	57896331	58096331	harbor2	chr19	57967410	57967471	LTR/ERVL-MaLR	1780	-	30	57967440	71109
chr19	57896331	58096331	harbor2	chr19	57968042	57968357	LTR/ERVL-MaLR	1780	-	158	57968200	71869
chr19	57896331	58096331	harbor2	chr19	57982023	57982526	LTR/ERVL-MaLR	2488	-	252	57982275	85944
chr19	55659254	55859254	harbor2	chr19	55714619	55714971	LTR/ERVL-MaLR	1912	-	176	55714795	55541
chr19	48311499	48511499	harbor2	chr19	48408939	48409270	LTR/ERVL-MaLR	1253	-	166	48409105	97606
chr19	48311499	48511499	harbor2	chr19	48409577	48409624	LTR/ERVL-MaLR	1253	-	24	48409601	98102
chr19	23580744	23780744	harbor2	chr19	23587164	23587498	LTR/ERVL-MaLR	699	-	167	23587331	6587
chr19	23580744	23780744	harbor2	chr19	23655279	23655702	LTR/ERVL-MaLR	1483	-	212	23655491	74747
chr19	57442269	57642269	harbor2	chr19	57451213	57451437	LTR/ERVL-MaLR	2150	-	112	57451325	9056
chr19	57442269	57642269	harbor2	chr19	57451775	57451967	LTR/ERVL-MaLR	2150	-	96	57451871	9602
chr19	57442269	57642269	harbor2	chr19	57496101	57496337	LTR/ERVL-MaLR	619	-	118	57496219	53950
chr19	57442269	57642269	harbor2	chr19	57509575	57509841	LTR/ERVL-MaLR	999	-	133	57509708	67439
chr19	54372168	54572168	harbor2	chr19	54398798	54399240	LTR/ERVL-MaLR	1066	-	221	54399019	26851
chr19	46042636	46242636	harbor2	chr19	46057624	46057989	LTR/ERVL-MaLR	2644	-	182	46057806	15170
chr19	46042636	46242636	harbor2	chr19	46057990	46058857	LTR/ERVL-MaLR	6150	-	434	46058424	15788
chr19	46042636	46242636	harbor2	chr19	46066470	46066863	LTR/ERVL-MaLR	2065	-	196	46066666	24030
chr19	46042636	46242636	harbor2	chr19	46073958	46074225	LTR/ERVL-MaLR	729	-	134	46074092	31456
chr19	46042636	46242636	harbor2	chr19	46075924	46076290	LTR/ERVL-MaLR	1876	-	183	46076107	33471
chr19	46042636	46242636	harbor2	chr19	46084469	46084854	LTR/ERVL-MaLR	2036	-	192	46084661	42025
chr19	46042636	46242636	harbor2	chr19	46084855	46085161	LTR/ERVL-MaLR	1793	-	153	46085008	42372
chr19	49549947	49749947	harbor2	chr19	49574530	49574721	LTR/ERVL-MaLR	1270	-	96	49574626	24679
chr19	49549947	49749947	harbor2	chr19	49575299	49575446	LTR/ERVL-MaLR	1270	-	74	49575373	25426
chr19	41189303	41389303	harbor2	chr19	41258754	41259229	LTR/ERVL-MaLR	2301	-	238	41258992	69689
chr19	55929080	56129080	harbor2	chr19	55978356	55978619	LTR/ERVL-MaLR	1423	-	132	55978488	49408
chr19	55929080	56129080	harbor2	chr19	55980359	55980867	LTR/ERVL-MaLR	1142	-	254	55980613	51533
chr19	5280731	5480731	harbor2	chr19	5325016	5325410	LTR/ERVL-MaLR	975	-	197	5325213	44482
chr19	5280731	5480731	harbor2	chr19	5348574	5348868	LTR/ERVL-MaLR	1338	-	147	5348721	67990
chr19	5280731	5480731	harbor2	chr19	5351048	5351385	LTR/ERVL-MaLR	2150	-	168	5351216	70485
chr19	5280731	5480731	harbor2	chr19	5351699	5351749	LTR/ERVL-MaLR	2150	-	25	5351724	70993
chr19	56750148	56950148	harbor2	chr19	56761877	56762273	LTR/ERVL-MaLR	999	-	198	56762075	11927
chr19	56750148	56950148	harbor2	chr19	56806230	56806616	LTR/ERVL-MaLR	948	-	193	56806423	56275
chr19	58441921	58641921	harbor2	chr19	58458583	58458809	LTR/ERVL-MaLR	2206	-	113	58458696	16775
chr19	58441921	58641921	harbor2	chr19	58459416	58459522	LTR/ERVL-MaLR	2206	-	53	58459469	17548
chr19	58441921	58641921	harbor2	chr19	58459920	58460016	LTR/ERVL-MaLR	2206	-	48	58459968	18047
chr19	58441921	58641921	harbor2	chr19	58481666	58481777	LTR/ERVL-MaLR	1127	-	56	58481722	39801
chr19	58441921	58641921	harbor2	chr19	58482094	58482428	LTR/ERVL-MaLR	1127	-	167	58482261	40340
chr19	58441921	58641921	harbor2	chr19	58533240	58533395	LTR/ERVL-MaLR	766	-	78	58533318	91397
chr19	28490522	28690522	harbor2	chr19	28514093	28514420	LTR/ERVL-MaLR	892	-	164	28514257	23735
chr19	28490522	28690522	harbor2	chr19	28563286	28563650	LTR/ERVL-MaLR	1855	-	182	28563468	72946
chr19	28490522	28690522	harbor2	chr19	28576050	28576458	LTR/ERVL-MaLR	2383	-	204	28576254	85732
chr19	45300476	45500476	harbor2	chr19	45300687	45300945	LTR/ERVL-MaLR	688	-	129	45300816	340
chr19	45300476	45500476	harbor2	chr19	45304039	45304347	LTR/ERVL-MaLR	816	-	154	45304193	3717
chr19	45300476	45500476	harbor2	chr19	45376453	45376640	LTR/ERVL-MaLR	797	-	94	45376547	76071
chr19	45300476	45500476	harbor2	chr19	45376945	45377064	LTR/ERVL-MaLR	797	-	60	45377005	76529
chr19	58232447	58432447	harbor2	chr19	58232610	58232647	LTR/ERVL-MaLR	2449	-	18	58232628	181
chr19	58232447	58432447	harbor2	chr19	58232970	58233298	LTR/ERVL-MaLR	2449	-	164	58233134	687
chr19	58232447	58432447	harbor2	chr19	58245915	58246238	LTR/ERVL-MaLR	1089	-	162	58246077	13630
chr19	58232447	58432447	harbor2	chr19	58259403	58259618	LTR/ERVL-MaLR	861	-	108	58259511	27064
chr19	58232447	58432447	harbor2	chr19	58280084	58280578	LTR/ERVL-MaLR	1919	-	247	58280331	47884
chr19	58232447	58432447	harbor2	chr19	58280625	58281112	LTR/ERVL-MaLR	1703	-	244	58280869	48422
chr19	58232447	58432447	harbor2	chr19	58289146	58289213	LTR/ERVL-MaLR	1763	-	34	58289180	56733
chr19	58232447	58432447	harbor2	chr19	58289517	58289799	LTR/ERVL-MaLR	1763	-	141	58289658	57211
chr19	58232447	58432447	harbor2	chr19	58290414	58290514	LTR/ERVL-MaLR	1763	-	50	58290464	58017
chr19	58232447	58432447	harbor2	chr19	58292217	58292573	LTR/ERVL-MaLR	1638	-	178	58292395	59948
chr19	48263877	48463877	harbor2	chr19	48281211	48281506	LTR/ERVL-MaLR	1897	-	148	48281359	17482
chr19	48263877	48463877	harbor2	chr19	48281825	48281892	LTR/ERVL-MaLR	1897	-	34	48281859	17982
chr19	48263877	48463877	harbor2	chr19	48282198	48282332	LTR/ERVL-MaLR	1897	-	67	48282265	18388
chr19	23749556	23949556	harbor2	chr19	23816638	23816973	LTR/ERVL-MaLR	2040	-	168	23816806	67250
chr19	58473552	58673552	harbor2	chr19	58481666	58481777	LTR/ERVL-MaLR	1127	-	56	58481722	8170
chr19	58473552	58673552	harbor2	chr19	58482094	58482428	LTR/ERVL-MaLR	1127	-	167	58482261	8709
chr19	58473552	58673552	harbor2	chr19	58533240	58533395	LTR/ERVL-MaLR	766	-	78	58533318	59766
chr19	56463868	56663868	harbor2	chr19	56520863	56521219	LTR/ERVL-MaLR	2479	-	178	56521041	57173
chr19	56463868	56663868	harbor2	chr19	56547051	56547445	LTR/ERVL-MaLR	2293	-	197	56547248	83380
chr19	56463868	56663868	harbor2	chr19	56562169	56562701	LTR/ERVL-MaLR	2282	-	266	56562435	98567
chr19	56463868	56663868	harbor2	chr19	56562720	56563128	LTR/ERVL-MaLR	1645	-	204	56562924	99056
chr19	56463868	56663868	harbor2	chr19	56563270	56564002	LTR/ERVL-MaLR	2290	-	366	56563636	99768
chr19	34019104	34219104	harbor2	chr19	34086526	34086771	LTR/ERVL-MaLR	1826	-	122	34086648	67544
chr19	34019104	34219104	harbor2	chr19	34087137	34087459	LTR/ERVL-MaLR	1826	-	161	34087298	68194
chr19	34019104	34219104	harbor2	chr19	34093729	34094121	LTR/ERVL-MaLR	2441	-	196	34093925	74821
chr19	39770825	39970825	harbor2	chr19	39772739	39773108	LTR/ERVL-MaLR	1779	-	184	39772923	2098
chr19	39770825	39970825	harbor2	chr19	39796254	39796479	LTR/ERVL-MaLR	853	-	112	39796366	25541
chr19	39770825	39970825	harbor2	chr19	39804012	39804554	LTR/ERVL-MaLR	1571	-	271	39804283	33458
chr19	39770825	39970825	harbor2	chr19	39805214	39805619	LTR/ERVL-MaLR	1314	-	202	39805416	34591
chr19	39770825	39970825	harbor2	chr19	39820846	39821181	LTR/ERVL-MaLR	906	-	168	39821014	50189
chr19	39770825	39970825	harbor2	chr19	39821491	39821590	LTR/ERVL-MaLR	906	-	50	39821541	50716
chr19	39770825	39970825	harbor2	chr19	39852854	39853244	LTR/ERVL-MaLR	1594	-	195	39853049	82224
chr19	39770825	39970825	harbor2	chr19	39855847	39856096	LTR/ERVL-MaLR	710	-	124	39855971	85146
chr19	39770825	39970825	harbor2	chr19	39856337	39856513	LTR/ERVL-MaLR	753	-	88	39856425	85600
chr19	33724703	33924703	harbor2	chr19	33729188	33729590	LTR/ERVL-MaLR	1599	-	201	33729389	4686
chr19	33724703	33924703	harbor2	chr19	33742253	33742648	LTR/ERVL-MaLR	2343	-	198	33742451	17748
chr19	33724703	33924703	harbor2	chr19	33758787	33759206	LTR/ERVL-MaLR	2098	-	210	33758997	34294
chr19	33724703	33924703	harbor2	chr19	33782079	33782413	LTR/ERVL-MaLR	1683	-	167	33782246	57543
chr19	33724703	33924703	harbor2	chr19	33782601	33782923	LTR/ERVL-MaLR	2415	-	161	33782762	58059
chr19	33724703	33924703	harbor2	chr19	33822261	33822328	LTR/ERVL-MaLR	1610	-	34	33822295	97592
chr19	33724703	33924703	harbor2	chr19	33822461	33822887	LTR/ERVL-MaLR	1610	-	213	33822674	97971
chr19	32291118	32491118	harbor2	chr19	32296636	32297026	LTR/ERVL-MaLR	1984	-	195	32296831	5713
chr19	32291118	32491118	harbor2	chr19	32330821	32331002	LTR/ERVL-MaLR	1975	-	90	32330911	39793
chr19	32291118	32491118	harbor2	chr19	32331299	32331321	LTR/ERVL-MaLR	1975	-	11	32331310	40192
chr19	32291118	32491118	harbor2	chr19	32331625	32331791	LTR/ERVL-MaLR	1975	-	83	32331708	40590
chr19	32291118	32491118	harbor2	chr19	32342622	32342655	LTR/ERVL-MaLR	683	-	16	32342638	51520
chr19	32291118	32491118	harbor2	chr19	32343531	32343871	LTR/ERVL-MaLR	683	-	170	32343701	52583
chr19	32291118	32491118	harbor2	chr19	32366992	32367377	LTR/ERVL-MaLR	2025	-	192	32367184	76066
chr19	32291118	32491118	harbor2	chr19	32368135	32368526	LTR/ERVL-MaLR	1142	-	196	32368331	77213
chr19	32291118	32491118	harbor2	chr19	32372475	32372867	LTR/ERVL-MaLR	2026	-	196	32372671	81553
chr19	32291118	32491118	harbor2	chr19	32372880	32373245	LTR/ERVL-MaLR	2151	-	182	32373062	81944
chr19	32291118	32491118	harbor2	chr19	32373247	32373383	LTR/ERVL-MaLR	694	-	68	32373315	82197
chr19	37962723	38162723	harbor2	chr19	37966967	37967257	LTR/ERVL-MaLR	2162	-	145	37967112	4389
chr19	37962723	38162723	harbor2	chr19	37967551	37967723	LTR/ERVL-MaLR	2162	-	86	37967637	4914
chr19	37962723	38162723	harbor2	chr19	37972904	37973098	LTR/ERVL-MaLR	729	-	97	37973001	10278
chr19	37962723	38162723	harbor2	chr19	38019144	38019589	LTR/ERVL-MaLR	747	-	222	38019366	56643
chr19	37962723	38162723	harbor2	chr19	38024836	38025216	LTR/ERVL-MaLR	851	-	190	38025026	62303
chr19	37962723	38162723	harbor2	chr19	38026020	38026584	LTR/ERVL-MaLR	962	-	282	38026302	63579
chr19	21480106	21680106	harbor2	chr19	21571259	21571756	LTR/ERVL-MaLR	1446	-	248	21571507	91401
chr19	19996623	20196623	harbor2	chr19	19998466	19998789	LTR/ERVL-MaLR	863	-	162	19998628	2005
chr19	19996623	20196623	harbor2	chr19	20001584	20001903	LTR/ERVL-MaLR	1395	-	160	20001744	5121
chr19	19996623	20196623	harbor2	chr19	20049108	20049438	LTR/ERVL-MaLR	1467	-	165	20049273	52650
chr19	19996623	20196623	harbor2	chr19	20050508	20050879	LTR/ERVL-MaLR	2516	-	186	20050694	54071
chr19	44367548	44567548	harbor2	chr19	44385766	44385951	LTR/ERVL-MaLR	737	-	92	44385858	18310
chr19	44367548	44567548	harbor2	chr19	44391383	44391749	LTR/ERVL-MaLR	2581	-	183	44391566	24018
chr19	44367548	44567548	harbor2	chr19	44392514	44392762	LTR/ERVL-MaLR	970	-	124	44392638	25090
chr19	44367548	44567548	harbor2	chr19	44426872	44427224	LTR/ERVL-MaLR	1901	-	176	44427048	59500
chr19	44367548	44567548	harbor2	chr19	44465266	44465537	LTR/ERVL-MaLR	876	-	136	44465402	97854
chr19	44367548	44567548	harbor2	chr19	44465558	44465731	LTR/ERVL-MaLR	629	-	86	44465644	98096
chr19	37913892	38113892	harbor2	chr19	37935448	37935908	LTR/ERVL-MaLR	768	-	230	37935678	21786
chr19	37913892	38113892	harbor2	chr19	37939455	37939830	LTR/ERVL-MaLR	683	-	188	37939643	25751
chr19	37913892	38113892	harbor2	chr19	37966967	37967257	LTR/ERVL-MaLR	2162	-	145	37967112	53220
chr19	37913892	38113892	harbor2	chr19	37967551	37967723	LTR/ERVL-MaLR	2162	-	86	37967637	53745
chr19	37913892	38113892	harbor2	chr19	37972904	37973098	LTR/ERVL-MaLR	729	-	97	37973001	59109
chr19	37913892	38113892	harbor2	chr19	37928761	37929161	LTR/ERVL-MaLR	892	-	200	37928961	15069
chr19	56157717	56357717	harbor2	chr19	56158095	56158391	LTR/ERVL-MaLR	761	-	148	56158243	526
chr19	40813464	41013464	harbor2	chr19	40855960	40856119	LTR/ERVL-MaLR	834	-	80	40856040	42576
chr19	40813464	41013464	harbor2	chr19	40858569	40859043	LTR/ERVL-MaLR	1766	-	237	40858806	45342
chr19	40813464	41013464	harbor2	chr19	40895904	40896154	LTR/ERVL-MaLR	1161	-	125	40896029	82565
chr19	40813464	41013464	harbor2	chr19	40896454	40896689	LTR/ERVL-MaLR	1161	-	118	40896572	83108
chr19	40813464	41013464	harbor2	chr19	40911308	40911361	LTR/ERVL-MaLR	1907	-	26	40911334	97870
chr19	40813464	41013464	harbor2	chr19	40911647	40912004	LTR/ERVL-MaLR	1907	-	178	40911825	98361
chr19	40813464	41013464	harbor2	chr19	40828736	40828992	LTR/ERVL-MaLR	909	-	128	40828864	15400
chr19	21692080	21892080	harbor2	chr19	21738634	21738676	LTR/ERVL-MaLR	657	-	21	21738655	46575
chr19	21692080	21892080	harbor2	chr19	21738959	21739157	LTR/ERVL-MaLR	876	-	99	21739058	46978
chr19	21692080	21892080	harbor2	chr19	21768847	21769340	LTR/ERVL-MaLR	1197	-	246	21769093	77013
chr19	51190757	51390757	harbor2	chr19	51208199	51208262	LTR/ERVL-MaLR	1380	-	32	51208231	17474
chr19	51190757	51390757	harbor2	chr19	51208540	51208851	LTR/ERVL-MaLR	1380	-	156	51208696	17939
chr19	51190757	51390757	harbor2	chr19	51220296	51220723	LTR/ERVL-MaLR	653	-	214	51220510	29753
chr19	51190757	51390757	harbor2	chr19	51242556	51242918	LTR/ERVL-MaLR	2475	-	181	51242737	51980
chr19	51190757	51390757	harbor2	chr19	51273757	51274383	LTR/ERVL-MaLR	1493	-	313	51274070	83313
chr19	51190757	51390757	harbor2	chr19	51288381	51288744	LTR/ERVL-MaLR	2234	-	182	51288563	97806
chr19	51190757	51390757	harbor2	chr19	51289209	51289240	LTR/ERVL-MaLR	1058	-	16	51289225	98468
chr19	51190757	51390757	harbor2	chr19	51289241	51289602	LTR/ERVL-MaLR	2109	-	180	51289421	98664
chr19	51190757	51390757	harbor2	chr19	51289603	51290043	LTR/ERVL-MaLR	1058	-	220	51289823	99066
chr19	51190757	51390757	harbor2	chr19	51290079	51290146	LTR/ERVL-MaLR	1186	-	34	51290113	99356
chr19	51190757	51390757	harbor2	chr19	51290453	51290613	LTR/ERVL-MaLR	1186	-	80	51290533	99776
chr19	57640488	57840488	harbor2	chr19	57712867	57713290	LTR/ERVL-MaLR	2200	-	212	57713079	72591
chr19	44396233	44596233	harbor2	chr19	44426872	44427224	LTR/ERVL-MaLR	1901	-	176	44427048	30815
chr19	44396233	44596233	harbor2	chr19	44465266	44465537	LTR/ERVL-MaLR	876	-	136	44465402	69169
chr19	44396233	44596233	harbor2	chr19	44465558	44465731	LTR/ERVL-MaLR	629	-	86	44465644	69411
chr19	44396233	44596233	harbor2	chr19	44468782	44469139	LTR/ERVL-MaLR	2349	-	178	44468960	72727
chr19	44396233	44596233	harbor2	chr19	44469140	44469727	LTR/ERVL-MaLR	4525	-	294	44469434	73201
chr19	46532058	46732058	harbor2	chr19	46538724	46539082	LTR/ERVL-MaLR	2254	-	179	46538903	6845
chr19	46532058	46732058	harbor2	chr19	46540384	46540588	LTR/ERVL-MaLR	2097	-	102	46540486	8428
chr19	46532058	46732058	harbor2	chr19	46540899	46541065	LTR/ERVL-MaLR	2097	-	83	46540982	8924
chr19	46532058	46732058	harbor2	chr19	46558352	46558557	LTR/ERVL-MaLR	1219	-	102	46558454	26396
chr19	46532058	46732058	harbor2	chr19	46559859	46560026	LTR/ERVL-MaLR	1321	-	84	46559943	27885
chr19	46532058	46732058	harbor2	chr19	46566357	46566396	LTR/ERVL-MaLR	1707	-	20	46566377	34319
chr19	46532058	46732058	harbor2	chr19	46566699	46567072	LTR/ERVL-MaLR	1707	-	186	46566885	34827
chr19	46532058	46732058	harbor2	chr19	46568082	46568568	LTR/ERVL-MaLR	1730	-	243	46568325	36267
chr19	46532058	46732058	harbor2	chr19	46574476	46574628	LTR/ERVL-MaLR	710	-	76	46574552	42494
chr19	46532058	46732058	harbor2	chr19	46575801	46576001	LTR/ERVL-MaLR	1117	-	100	46575901	43843
chr19	46532058	46732058	harbor2	chr19	46576316	46576484	LTR/ERVL-MaLR	1117	-	84	46576400	44342
chr19	46532058	46732058	harbor2	chr19	46581269	46581564	LTR/ERVL-MaLR	1376	-	148	46581417	49359
chr19	46532058	46732058	harbor2	chr19	46581698	46581878	LTR/ERVL-MaLR	1376	-	90	46581788	49730
chr19	46532058	46732058	harbor2	chr19	46599753	46599902	LTR/ERVL-MaLR	1017	-	74	46599827	67769
chr19	49001963	49201963	harbor2	chr19	49004473	49004887	LTR/ERVL-MaLR	778	-	207	49004680	2717
chr19	47282246	47482246	harbor2	chr19	47322106	47322458	LTR/ERVL-MaLR	2505	-	176	47322282	40036
chr19	47282246	47482246	harbor2	chr19	47364066	47364351	LTR/ERVL-MaLR	798	-	142	47364208	81962
chr19	46758662	46958662	harbor2	chr19	46759207	46759570	LTR/ERVL-MaLR	2594	-	182	46759389	727
chr19	46758662	46958662	harbor2	chr19	46798328	46798743	LTR/ERVL-MaLR	1754	-	208	46798536	39874
chr19	46758662	46958662	harbor2	chr19	46854182	46854531	LTR/ERVL-MaLR	1548	-	174	46854356	95694
chr19	37746256	37946256	harbor2	chr19	37821219	37821751	LTR/ERVL-MaLR	1993	-	266	37821485	75229
chr19	55663040	55863040	harbor2	chr19	55714619	55714971	LTR/ERVL-MaLR	1912	-	176	55714795	51755
chr19	42714578	42914578	harbor2	chr19	42796881	42797278	LTR/ERVL-MaLR	1913	-	198	42797079	82501
chr19	42714578	42914578	harbor2	chr19	42797301	42797690	LTR/ERVL-MaLR	2344	-	194	42797495	82917
chr19	53141792	53341792	harbor2	chr19	53230989	53231377	LTR/ERVL-MaLR	1009	-	194	53231183	89391
chr19	32111992	32311992	harbor2	chr19	32122876	32123253	LTR/ERVL-MaLR	1201	-	188	32123064	11072
chr19	32111992	32311992	harbor2	chr19	32185031	32185385	LTR/ERVL-MaLR	2390	-	177	32185208	73216
chr19	32111992	32311992	harbor2	chr19	32208069	32208419	LTR/ERVL-MaLR	975	-	175	32208244	96252
chr19	32111992	32311992	harbor2	chr19	32194278	32194627	LTR/ERVL-MaLR	2371	-	174	32194452	82460
chr19	35909791	36109791	harbor2	chr19	35991801	35992150	LTR/ERVL-MaLR	980	-	174	35991975	82184
chr19	35909791	36109791	harbor2	chr19	35992755	35992788	LTR/ERVL-MaLR	980	-	16	35992771	82980
chr19	35909791	36109791	harbor2	chr19	35992803	35993150	LTR/ERVL-MaLR	879	-	174	35992977	83186
chr19	56390023	56590023	harbor2	chr19	56439473	56439667	LTR/ERVL-MaLR	1686	-	97	56439570	49547
chr19	56390023	56590023	harbor2	chr19	56439958	56440127	LTR/ERVL-MaLR	1686	-	84	56440042	50019
chr19	56390023	56590023	harbor2	chr19	56444136	56444528	LTR/ERVL-MaLR	2217	-	196	56444332	54309
chr19	56390023	56590023	harbor2	chr19	56444523	56444605	LTR/ERVL-MaLR	660	-	41	56444564	54541
chr19	56390023	56590023	harbor2	chr19	56444689	56444771	LTR/ERVL-MaLR	638	-	41	56444730	54707
chr19	56390023	56590023	harbor2	chr19	56444772	56444854	LTR/ERVL-MaLR	638	-	41	56444813	54790
chr19	56390023	56590023	harbor2	chr19	56444938	56445020	LTR/ERVL-MaLR	638	-	41	56444979	54956
chr19	56390023	56590023	harbor2	chr19	56445021	56445103	LTR/ERVL-MaLR	638	-	41	56445062	55039
chr19	56390023	56590023	harbor2	chr19	56445187	56445269	LTR/ERVL-MaLR	638	-	41	56445228	55205
chr19	56390023	56590023	harbor2	chr19	56445270	56445353	LTR/ERVL-MaLR	692	-	42	56445312	55289
chr19	56390023	56590023	harbor2	chr19	56445354	56445437	LTR/ERVL-MaLR	674	-	42	56445396	55373
chr19	56390023	56590023	harbor2	chr19	56445438	56445520	LTR/ERVL-MaLR	638	-	41	56445479	55456
chr19	56390023	56590023	harbor2	chr19	56445521	56445604	LTR/ERVL-MaLR	692	-	42	56445563	55540
chr19	56390023	56590023	harbor2	chr19	56445605	56445688	LTR/ERVL-MaLR	692	-	42	56445647	55624
chr19	56390023	56590023	harbor2	chr19	56445689	56445772	LTR/ERVL-MaLR	674	-	42	56445731	55708
chr19	56390023	56590023	harbor2	chr19	56445773	56445856	LTR/ERVL-MaLR	674	-	42	56445815	55792
chr19	56390023	56590023	harbor2	chr19	56445857	56445939	LTR/ERVL-MaLR	638	-	41	56445898	55875
chr19	56390023	56590023	harbor2	chr19	56445940	56446048	LTR/ERVL-MaLR	846	-	54	56445994	55971
chr19	57344739	57544739	harbor2	chr19	57353861	57353971	LTR/ERVL-MaLR	1509	-	55	57353916	9177
chr19	57344739	57544739	harbor2	chr19	57354306	57354754	LTR/ERVL-MaLR	1509	-	224	57354530	9791
chr19	57344739	57544739	harbor2	chr19	57369815	57369896	LTR/ERVL-MaLR	772	-	40	57369855	25116
chr19	57344739	57544739	harbor2	chr19	57370191	57370251	LTR/ERVL-MaLR	772	-	30	57370221	25482
chr19	57344739	57544739	harbor2	chr19	57373049	57373423	LTR/ERVL-MaLR	2219	-	187	57373236	28497
chr19	57344739	57544739	harbor2	chr19	57373424	57375026	LTR/ERVL-MaLR	9944	-	801	57374225	29486
chr19	57344739	57544739	harbor2	chr19	57375029	57375068	LTR/ERVL-MaLR	2085	-	20	57375049	30310
chr19	57344739	57544739	harbor2	chr19	57375353	57375368	LTR/ERVL-MaLR	2085	-	8	57375361	30622
chr19	57344739	57544739	harbor2	chr19	57375688	57375880	LTR/ERVL-MaLR	2085	-	96	57375784	31045
chr19	57344739	57544739	harbor2	chr19	57376180	57376338	LTR/ERVL-MaLR	2085	-	79	57376259	31520
chr19	57344739	57544739	harbor2	chr19	57395376	57395758	LTR/ERVL-MaLR	1927	-	191	57395567	50828
chr19	57344739	57544739	harbor2	chr19	57430121	57430475	LTR/ERVL-MaLR	1457	-	177	57430298	85559
chr19	8553202	8753202	harbor2	chr19	8628118	8628382	LTR/ERVL-MaLR	1480	-	132	8628250	75048
chr19	8553202	8753202	harbor2	chr19	8628996	8629165	LTR/ERVL-MaLR	1480	-	84	8629080	75878
chr19	8553202	8753202	harbor2	chr19	8642389	8642854	LTR/ERVL-MaLR	1074	-	232	8642621	89419
chr19	55204935	55404935	harbor2	chr19	55214151	55214396	LTR/ERVL-MaLR	2476	-	122	55214273	9338
chr19	55204935	55404935	harbor2	chr19	55214654	55214834	LTR/ERVL-MaLR	2476	-	90	55214744	9809
chr19	55204935	55404935	harbor2	chr19	55217859	55218109	LTR/ERVL-MaLR	1437	-	125	55217984	13049
chr19	55204935	55404935	harbor2	chr19	55219277	55219401	LTR/ERVL-MaLR	712	-	62	55219339	14404
chr19	55204935	55404935	harbor2	chr19	55281215	55281649	LTR/ERVL-MaLR	1993	-	217	55281432	76497
chr19	55204935	55404935	harbor2	chr19	55300870	55301078	LTR/ERVL-MaLR	617	-	104	55300974	96039
chr19	33667896	33867896	harbor2	chr19	33682815	33683239	LTR/ERVL-MaLR	2749	-	212	33683027	15131
chr19	33667896	33867896	harbor2	chr19	33716757	33717032	LTR/ERVL-MaLR	1939	-	138	33716895	48999
chr19	33667896	33867896	harbor2	chr19	33717867	33717975	LTR/ERVL-MaLR	1939	-	54	33717921	50025
chr19	33667896	33867896	harbor2	chr19	33729188	33729590	LTR/ERVL-MaLR	1599	-	201	33729389	61493
chr19	33667896	33867896	harbor2	chr19	33742253	33742648	LTR/ERVL-MaLR	2343	-	198	33742451	74555
chr19	33667896	33867896	harbor2	chr19	33758787	33759206	LTR/ERVL-MaLR	2098	-	210	33758997	91101
chr19	50913534	51113534	harbor2	chr19	50919192	50919695	LTR/ERVL-MaLR	2153	-	252	50919444	5910
chr19	50913534	51113534	harbor2	chr19	50927788	50928210	LTR/ERVL-MaLR	1596	-	211	50927999	14465
chr19	50913534	51113534	harbor2	chr19	50941518	50941757	LTR/ERVL-MaLR	1177	-	120	50941638	28104
chr19	50913534	51113534	harbor2	chr19	50942052	50942297	LTR/ERVL-MaLR	1035	-	122	50942174	28640
chr19	51060666	51260666	harbor2	chr19	51119024	51119414	LTR/ERVL-MaLR	1666	-	195	51119219	58553
chr19	51060666	51260666	harbor2	chr19	51139052	51139411	LTR/ERVL-MaLR	1691	-	180	51139232	78566
chr19	51060666	51260666	harbor2	chr19	51151971	51152440	LTR/ERVL-MaLR	2138	-	234	51152205	91539
chr19	58503304	58703304	harbor2	chr19	58533240	58533395	LTR/ERVL-MaLR	766	-	78	58533318	30014
chr19	58503304	58703304	harbor2	chr19	58594828	58595271	LTR/ERVL-MaLR	1707	-	222	58595050	91746
chr19	53429313	53629313	harbor2	chr19	53452579	53452914	LTR/ERVL-MaLR	923	-	168	53452747	23434
chr19	53429313	53629313	harbor2	chr19	53499183	53499519	LTR/ERVL-MaLR	740	-	168	53499351	70038
chr19	53429313	53629313	harbor2	chr19	53509763	53510114	LTR/ERVL-MaLR	1494	-	176	53509939	80626
chr19	52496306	52696306	harbor2	chr19	52507565	52507766	LTR/ERVL-MaLR	677	-	100	52507665	11359
chr19	36312737	36512737	harbor2	chr19	36316528	36316920	LTR/ERVL-MaLR	2053	-	196	36316724	3987
chr19	36312737	36512737	harbor2	chr19	36343564	36343985	LTR/ERVL-MaLR	1865	-	210	36343774	31037
chr19	36312737	36512737	harbor2	chr19	36391951	36392426	LTR/ERVL-MaLR	1309	-	238	36392189	79452
chr19	47243493	47443493	harbor2	chr19	47322106	47322458	LTR/ERVL-MaLR	2505	-	176	47322282	78789
chr19	39526331	39726331	harbor2	chr19	39565025	39565374	LTR/ERVL-MaLR	1729	-	174	39565199	38868
chr19	56759212	56959212	harbor2	chr19	56761877	56762273	LTR/ERVL-MaLR	999	-	198	56762075	2863
chr19	56759212	56959212	harbor2	chr19	56806230	56806616	LTR/ERVL-MaLR	948	-	193	56806423	47211
chr19	56215990	56415990	harbor2	chr19	56280552	56280906	LTR/ERVL-MaLR	1701	-	177	56280729	64739
chr19	56215990	56415990	harbor2	chr19	56313202	56313542	LTR/ERVL-MaLR	2408	-	170	56313372	97382
chr19	45987649	46187649	harbor2	chr19	46037671	46037885	LTR/ERVL-MaLR	953	-	107	46037778	50129
chr19	45987649	46187649	harbor2	chr19	46057624	46057989	LTR/ERVL-MaLR	2644	-	182	46057806	70157
chr19	45987649	46187649	harbor2	chr19	46057990	46058857	LTR/ERVL-MaLR	6150	-	434	46058424	70775
chr19	45987649	46187649	harbor2	chr19	46066470	46066863	LTR/ERVL-MaLR	2065	-	196	46066666	79017
chr19	45987649	46187649	harbor2	chr19	46073958	46074225	LTR/ERVL-MaLR	729	-	134	46074092	86443
chr19	45987649	46187649	harbor2	chr19	46075924	46076290	LTR/ERVL-MaLR	1876	-	183	46076107	88458
chr19	45987649	46187649	harbor2	chr19	46084469	46084854	LTR/ERVL-MaLR	2036	-	192	46084661	97012
chr19	45987649	46187649	harbor2	chr19	46084855	46085161	LTR/ERVL-MaLR	1793	-	153	46085008	97359
chr19	30872396	31072396	harbor2	chr19	30876297	30876759	LTR/ERVL-MaLR	1224	-	231	30876528	4132
chr19	30872396	31072396	harbor2	chr19	30890244	30890482	LTR/ERVL-MaLR	656	-	119	30890363	17967
chr19	30872396	31072396	harbor2	chr19	30892833	30893295	LTR/ERVL-MaLR	703	-	231	30893064	20668
chr19	30872396	31072396	harbor2	chr19	30895501	30895882	LTR/ERVL-MaLR	1949	-	190	30895691	23295
chr19	30872396	31072396	harbor2	chr19	30933371	30933733	LTR/ERVL-MaLR	2238	-	181	30933552	61156
chr19	30872396	31072396	harbor2	chr19	30963783	30963891	LTR/ERVL-MaLR	1459	-	54	30963837	91441
chr19	30872396	31072396	harbor2	chr19	30964206	30964461	LTR/ERVL-MaLR	1459	-	128	30964334	91938
chr19	30872396	31072396	harbor2	chr19	30966095	30966412	LTR/ERVL-MaLR	1694	-	158	30966253	93857
chr19	40193138	40393138	harbor2	chr19	40196989	40197313	LTR/ERVL-MaLR	772	-	162	40197151	4013
chr19	40193138	40393138	harbor2	chr19	40197626	40197714	LTR/ERVL-MaLR	772	-	44	40197670	4532
chr19	58422926	58622926	harbor2	chr19	58458583	58458809	LTR/ERVL-MaLR	2206	-	113	58458696	35770
chr19	58422926	58622926	harbor2	chr19	58459416	58459522	LTR/ERVL-MaLR	2206	-	53	58459469	36543
chr19	58422926	58622926	harbor2	chr19	58459920	58460016	LTR/ERVL-MaLR	2206	-	48	58459968	37042
chr19	58422926	58622926	harbor2	chr19	58481666	58481777	LTR/ERVL-MaLR	1127	-	56	58481722	58796
chr19	58422926	58622926	harbor2	chr19	58482094	58482428	LTR/ERVL-MaLR	1127	-	167	58482261	59335
chr19	56278732	56478732	harbor2	chr19	56280552	56280906	LTR/ERVL-MaLR	1701	-	177	56280729	1997
chr19	56278732	56478732	harbor2	chr19	56313202	56313542	LTR/ERVL-MaLR	2408	-	170	56313372	34640
chr19	53982372	54182372	harbor2	chr19	54006291	54006517	LTR/ERVL-MaLR	1389	-	113	54006404	24032
chr19	53982372	54182372	harbor2	chr19	54006835	54006851	LTR/ERVL-MaLR	1389	-	8	54006843	24471
chr19	53982372	54182372	harbor2	chr19	54006879	54007046	LTR/ERVL-MaLR	1389	-	84	54006963	24591
chr19	53982372	54182372	harbor2	chr19	54007341	54007458	LTR/ERVL-MaLR	1389	-	58	54007399	25027
chr19	53982372	54182372	harbor2	chr19	54013149	54013340	LTR/ERVL-MaLR	662	-	96	54013245	30873
chr19	53982372	54182372	harbor2	chr19	54024608	54024957	LTR/ERVL-MaLR	1124	-	174	54024782	42410
chr19	53982372	54182372	harbor2	chr19	54033167	54033361	LTR/ERVL-MaLR	919	-	97	54033264	50892
chr19	53982372	54182372	harbor2	chr19	54036196	54036247	LTR/ERVL-MaLR	1828	-	26	54036222	53850
chr19	53982372	54182372	harbor2	chr19	54036560	54036766	LTR/ERVL-MaLR	1828	-	103	54036663	54291
chr19	53982372	54182372	harbor2	chr19	54037730	54037845	LTR/ERVL-MaLR	1828	-	58	54037788	55416
chr19	50725881	50925881	harbor2	chr19	50731956	50732356	LTR/ERVL-MaLR	1832	-	200	50732156	6275
chr19	50725881	50925881	harbor2	chr19	50760178	50760240	LTR/ERVL-MaLR	1319	-	31	50760209	34328
chr19	50725881	50925881	harbor2	chr19	50760845	50761279	LTR/ERVL-MaLR	1319	-	217	50761062	35181
chr19	58076795	58276795	harbor2	chr19	58079386	58079617	LTR/ERVL-MaLR	1249	-	116	58079502	2707
chr19	58076795	58276795	harbor2	chr19	58079905	58079915	LTR/ERVL-MaLR	1249	-	5	58079910	3115
chr19	58076795	58276795	harbor2	chr19	58080200	58080355	LTR/ERVL-MaLR	1249	-	78	58080278	3483
chr19	58076795	58276795	harbor2	chr19	58122714	58122898	LTR/ERVL-MaLR	996	-	92	58122806	46011
chr19	58076795	58276795	harbor2	chr19	58122899	58124489	LTR/ERVL-MaLR	10508	-	795	58123694	46899
chr19	58076795	58276795	harbor2	chr19	58124490	58124862	LTR/ERVL-MaLR	1931	-	186	58124676	47881
chr19	58076795	58276795	harbor2	chr19	58139356	58139715	LTR/ERVL-MaLR	1764	-	180	58139536	62741
chr19	58076795	58276795	harbor2	chr19	58158806	58158991	LTR/ERVL-MaLR	663	-	92	58158898	82103
chr19	58076795	58276795	harbor2	chr19	58159301	58159329	LTR/ERVL-MaLR	663	-	14	58159315	82520
chr19	58076795	58276795	harbor2	chr19	58161736	58162167	LTR/ERVL-MaLR	1389	-	216	58161952	85157
chr19	58076795	58276795	harbor2	chr19	58171634	58171842	LTR/ERVL-MaLR	1218	-	104	58171738	94943
chr19	58076795	58276795	harbor2	chr19	58172780	58173046	LTR/ERVL-MaLR	1218	-	133	58172913	96118
chr19	52322232	52522232	harbor2	chr19	52388787	52389149	LTR/ERVL-MaLR	2574	-	181	52388968	66736
chr19	52322232	52522232	harbor2	chr19	52389150	52389803	LTR/ERVL-MaLR	4535	-	326	52389476	67244
chr19	52322232	52522232	harbor2	chr19	52389794	52390038	LTR/ERVL-MaLR	1410	-	122	52389916	67684
chr19	52322232	52522232	harbor2	chr19	52390039	52390127	LTR/ERVL-MaLR	696	-	44	52390083	67851
chr19	52322232	52522232	harbor2	chr19	52394648	52395061	LTR/ERVL-MaLR	954	-	206	52394854	72622
chr19	23454236	23654236	harbor2	chr19	23462765	23463114	LTR/ERVL-MaLR	1953	-	174	23462939	8703
chr19	28370618	28570618	harbor2	chr19	28453764	28454036	LTR/ERVL-MaLR	1808	-	136	28453900	83282
chr19	28370618	28570618	harbor2	chr19	28454126	28454327	LTR/ERVL-MaLR	1808	-	100	28454226	83608
chr19	55896839	56096839	harbor2	chr19	55921915	55922278	LTR/ERVL-MaLR	2566	-	182	55922097	25258
chr19	55896839	56096839	harbor2	chr19	55978356	55978619	LTR/ERVL-MaLR	1423	-	132	55978488	81649
chr19	55896839	56096839	harbor2	chr19	55980359	55980867	LTR/ERVL-MaLR	1142	-	254	55980613	83774
chr19	58429014	58629014	harbor2	chr19	58458583	58458809	LTR/ERVL-MaLR	2206	-	113	58458696	29682
chr19	58429014	58629014	harbor2	chr19	58459416	58459522	LTR/ERVL-MaLR	2206	-	53	58459469	30455
chr19	58429014	58629014	harbor2	chr19	58459920	58460016	LTR/ERVL-MaLR	2206	-	48	58459968	30954
chr19	58429014	58629014	harbor2	chr19	58481666	58481777	LTR/ERVL-MaLR	1127	-	56	58481722	52708
chr19	58429014	58629014	harbor2	chr19	58482094	58482428	LTR/ERVL-MaLR	1127	-	167	58482261	53247
chr19	57508503	57708503	harbor2	chr19	57509575	57509841	LTR/ERVL-MaLR	999	-	133	57509708	1205
chr19	57508503	57708503	harbor2	chr19	57586741	57586899	LTR/ERVL-MaLR	1103	-	79	57586820	78317
chr19	57508503	57708503	harbor2	chr19	57586900	57587255	LTR/ERVL-MaLR	2319	-	178	57587078	78575
chr19	57508503	57708503	harbor2	chr19	57601669	57602041	LTR/ERVL-MaLR	1866	-	186	57601855	93352
chr19	57508503	57708503	harbor2	chr19	57602052	57602419	LTR/ERVL-MaLR	1155	-	184	57602236	93733
chr19	57508503	57708503	harbor2	chr19	57602692	57602895	LTR/ERVL-MaLR	2377	-	102	57602794	94291
chr19	57508503	57708503	harbor2	chr19	57603189	57603358	LTR/ERVL-MaLR	2377	-	84	57603273	94770
chr19	58010871	58210871	harbor2	chr19	58062036	58062353	LTR/ERVL-MaLR	1840	-	158	58062194	51323
chr19	58010871	58210871	harbor2	chr19	58062980	58063027	LTR/ERVL-MaLR	1840	-	24	58063004	52133
chr19	58010871	58210871	harbor2	chr19	58064279	58064319	LTR/ERVL-MaLR	1656	-	20	58064299	53428
chr19	58010871	58210871	harbor2	chr19	58065040	58065183	LTR/ERVL-MaLR	1656	-	72	58065112	54241
chr19	58010871	58210871	harbor2	chr19	58065495	58065802	LTR/ERVL-MaLR	1656	-	154	58065649	54778
chr19	58010871	58210871	harbor2	chr19	58079386	58079617	LTR/ERVL-MaLR	1249	-	116	58079502	68631
chr19	58010871	58210871	harbor2	chr19	58079905	58079915	LTR/ERVL-MaLR	1249	-	5	58079910	69039
chr19	58010871	58210871	harbor2	chr19	58080200	58080355	LTR/ERVL-MaLR	1249	-	78	58080278	69407
chr19	53417854	53617854	harbor2	chr19	53452579	53452914	LTR/ERVL-MaLR	923	-	168	53452747	34893
chr19	53417854	53617854	harbor2	chr19	53499183	53499519	LTR/ERVL-MaLR	740	-	168	53499351	81497
chr19	53417854	53617854	harbor2	chr19	53509763	53510114	LTR/ERVL-MaLR	1494	-	176	53509939	92085
chr19	39528945	39728945	harbor2	chr19	39565025	39565374	LTR/ERVL-MaLR	1729	-	174	39565199	36254
chr19	56779814	56979814	harbor2	chr19	56806230	56806616	LTR/ERVL-MaLR	948	-	193	56806423	26609
chr19	56779814	56979814	harbor2	chr19	56869051	56869448	LTR/ERVL-MaLR	2013	-	198	56869249	89435
chr19	56779814	56979814	harbor2	chr19	56877863	56878157	LTR/ERVL-MaLR	1651	-	147	56878010	98196
chr19	54810043	55010043	harbor2	chr19	54812490	54812927	LTR/ERVL-MaLR	2106	-	218	54812708	2665
chr19	54810043	55010043	harbor2	chr19	54825611	54826167	LTR/ERVL-MaLR	1326	-	278	54825889	15846
chr19	54810043	55010043	harbor2	chr19	54828724	54829163	LTR/ERVL-MaLR	2323	-	220	54828944	18901
chr19	54810043	55010043	harbor2	chr19	54843452	54844009	LTR/ERVL-MaLR	1040	-	278	54843730	33687
chr19	54810043	55010043	harbor2	chr19	54846545	54846986	LTR/ERVL-MaLR	2303	-	220	54846765	36722
chr19	54810043	55010043	harbor2	chr19	54859662	54860220	LTR/ERVL-MaLR	1410	-	279	54859941	49898
chr19	54810043	55010043	harbor2	chr19	54865192	54865609	LTR/ERVL-MaLR	1968	-	208	54865400	55357
chr19	40584384	40784384	harbor2	chr19	40591845	40591895	LTR/ERVL-MaLR	677	-	25	40591870	7486
chr19	40584384	40784384	harbor2	chr19	40592207	40592445	LTR/ERVL-MaLR	677	-	119	40592326	7942
chr19	40584384	40784384	harbor2	chr19	40618786	40619233	LTR/ERVL-MaLR	1023	-	224	40619010	34626
chr19	40584384	40784384	harbor2	chr19	40650820	40651019	LTR/ERVL-MaLR	626	-	100	40650920	66536
chr19	40584384	40784384	harbor2	chr19	40651606	40651822	LTR/ERVL-MaLR	761	-	108	40651714	67330
chr19	55321292	55521292	harbor2	chr19	55331126	55331416	LTR/ERVL-MaLR	1323	-	145	55331271	9979
chr19	55321292	55521292	harbor2	chr19	55331479	55331505	LTR/ERVL-MaLR	1323	-	13	55331492	10200
chr19	55321292	55521292	harbor2	chr19	55331813	55331992	LTR/ERVL-MaLR	1323	-	90	55331903	10611
chr19	55321292	55521292	harbor2	chr19	55332293	55332341	LTR/ERVL-MaLR	1323	-	24	55332317	11025
chr19	17121863	17321863	harbor2	chr19	17140210	17140490	LTR/ERVL-MaLR	1543	-	140	17140350	18487
chr19	17121863	17321863	harbor2	chr19	17140788	17140820	LTR/ERVL-MaLR	1543	-	16	17140804	18941
chr19	17121863	17321863	harbor2	chr19	17141121	17141154	LTR/ERVL-MaLR	1543	-	16	17141137	19274
chr19	17121863	17321863	harbor2	chr19	17148332	17148578	LTR/ERVL-MaLR	1011	-	123	17148455	26592
chr19	17121863	17321863	harbor2	chr19	17148884	17148979	LTR/ERVL-MaLR	1011	-	48	17148932	27069
chr19	17121863	17321863	harbor2	chr19	17149278	17149328	LTR/ERVL-MaLR	1011	-	25	17149303	27440
chr19	40532098	40732098	harbor2	chr19	40542967	40543168	LTR/ERVL-MaLR	900	-	100	40543067	10969
chr19	40532098	40732098	harbor2	chr19	40543300	40543531	LTR/ERVL-MaLR	900	-	116	40543416	11318
chr19	40532098	40732098	harbor2	chr19	40550819	40551204	LTR/ERVL-MaLR	1355	-	192	40551011	18913
chr19	40532098	40732098	harbor2	chr19	40591845	40591895	LTR/ERVL-MaLR	677	-	25	40591870	59772
chr19	40532098	40732098	harbor2	chr19	40592207	40592445	LTR/ERVL-MaLR	677	-	119	40592326	60228
chr19	40532098	40732098	harbor2	chr19	40618786	40619233	LTR/ERVL-MaLR	1023	-	224	40619010	86912
chr19	40532098	40732098	harbor2	chr19	40550353	40550504	LTR/ERVL-MaLR	1355	-	76	40550429	18331
chr19	39241078	39441078	harbor2	chr19	39241733	39242080	LTR/ERVL-MaLR	1274	-	174	39241907	829
chr19	39241078	39441078	harbor2	chr19	39270220	39270501	LTR/ERVL-MaLR	806	-	140	39270360	29282
chr19	39241078	39441078	harbor2	chr19	39270905	39271210	LTR/ERVL-MaLR	958	-	152	39271057	29979
chr19	39241078	39441078	harbor2	chr19	39291377	39291763	LTR/ERVL-MaLR	2177	-	193	39291570	50492
chr19	39241078	39441078	harbor2	chr19	39292202	39292356	LTR/ERVL-MaLR	631	-	77	39292279	51201
chr19	58509226	58709226	harbor2	chr19	58533240	58533395	LTR/ERVL-MaLR	766	-	78	58533318	24092
chr19	58509226	58709226	harbor2	chr19	58594828	58595271	LTR/ERVL-MaLR	1707	-	222	58595050	85824
chr19	36448508	36648508	harbor2	chr19	36537851	36538231	LTR/ERVL-MaLR	1287	-	190	36538041	89533
chr19	36448508	36648508	harbor2	chr19	36543016	36543566	LTR/ERVL-MaLR	1506	-	275	36543291	94783
chr19	52018240	52218240	harbor2	chr19	52064417	52064653	LTR/ERVL-MaLR	1920	-	118	52064535	46295
chr19	52018240	52218240	harbor2	chr19	52064922	52065093	LTR/ERVL-MaLR	1920	-	86	52065008	46768
chr19	52018240	52218240	harbor2	chr19	52077741	52077927	LTR/ERVL-MaLR	898	-	93	52077834	59594
chr19	52018240	52218240	harbor2	chr19	52114352	52114774	LTR/ERVL-MaLR	1890	-	211	52114563	96323
chr19	29423401	29623401	harbor2	chr19	29424802	29425196	LTR/ERVL-MaLR	1876	-	197	29424999	1598
chr19	29423401	29623401	harbor2	chr19	29429482	29429675	LTR/ERVL-MaLR	679	-	96	29429578	6177
chr19	29423401	29623401	harbor2	chr19	29457722	29458103	LTR/ERVL-MaLR	1710	-	190	29457912	34511
chr19	29423401	29623401	harbor2	chr19	29481698	29482064	LTR/ERVL-MaLR	2094	-	183	29481881	58480
chr19	29423401	29623401	harbor2	chr19	29482065	29482457	LTR/ERVL-MaLR	2915	-	196	29482261	58860
chr19	29423401	29623401	harbor2	chr19	29491299	29491710	LTR/ERVL-MaLR	2367	-	206	29491505	68104
chr19	29423401	29623401	harbor2	chr19	29501344	29501743	LTR/ERVL-MaLR	2301	-	200	29501544	78143
chr19	41326236	41526236	harbor2	chr19	41358270	41358538	LTR/ERVL-MaLR	1249	-	134	41358404	32168
chr19	41326236	41526236	harbor2	chr19	41380194	41380492	LTR/ERVL-MaLR	1057	-	149	41380343	54107
chr19	41326236	41526236	harbor2	chr19	41401916	41402281	LTR/ERVL-MaLR	2697	-	182	41402098	75862
chr19	17110691	17310691	harbor2	chr19	17140210	17140490	LTR/ERVL-MaLR	1543	-	140	17140350	29659
chr19	17110691	17310691	harbor2	chr19	17140788	17140820	LTR/ERVL-MaLR	1543	-	16	17140804	30113
chr19	17110691	17310691	harbor2	chr19	17141121	17141154	LTR/ERVL-MaLR	1543	-	16	17141137	30446
chr19	17110691	17310691	harbor2	chr19	17148332	17148578	LTR/ERVL-MaLR	1011	-	123	17148455	37764
chr19	17110691	17310691	harbor2	chr19	17148884	17148979	LTR/ERVL-MaLR	1011	-	48	17148932	38241
chr19	17110691	17310691	harbor2	chr19	17149278	17149328	LTR/ERVL-MaLR	1011	-	25	17149303	38612
chr19	53940816	54140816	harbor2	chr19	53953351	53953649	LTR/ERVL-MaLR	1813	-	149	53953500	12684
chr19	53940816	54140816	harbor2	chr19	53953960	53954171	LTR/ERVL-MaLR	1813	-	106	53954066	13250
chr19	53940816	54140816	harbor2	chr19	54006291	54006517	LTR/ERVL-MaLR	1389	-	113	54006404	65588
chr19	53940816	54140816	harbor2	chr19	54006835	54006851	LTR/ERVL-MaLR	1389	-	8	54006843	66027
chr19	53940816	54140816	harbor2	chr19	54006879	54007046	LTR/ERVL-MaLR	1389	-	84	54006963	66147
chr19	53940816	54140816	harbor2	chr19	54007341	54007458	LTR/ERVL-MaLR	1389	-	58	54007399	66583
chr19	53940816	54140816	harbor2	chr19	54013149	54013340	LTR/ERVL-MaLR	662	-	96	54013245	72429
chr19	53940816	54140816	harbor2	chr19	54024608	54024957	LTR/ERVL-MaLR	1124	-	174	54024782	83966
chr19	53940816	54140816	harbor2	chr19	54033167	54033361	LTR/ERVL-MaLR	919	-	97	54033264	92448
chr19	53940816	54140816	harbor2	chr19	54036196	54036247	LTR/ERVL-MaLR	1828	-	26	54036222	95406
chr19	53940816	54140816	harbor2	chr19	54036560	54036766	LTR/ERVL-MaLR	1828	-	103	54036663	95847
chr19	53940816	54140816	harbor2	chr19	54037730	54037845	LTR/ERVL-MaLR	1828	-	58	54037788	96972
chr19	55117942	55317942	harbor2	chr19	55130317	55130678	LTR/ERVL-MaLR	1944	-	180	55130497	12555
chr19	55117942	55317942	harbor2	chr19	55139300	55139538	LTR/ERVL-MaLR	980	-	119	55139419	21477
chr19	55117942	55317942	harbor2	chr19	55139552	55139682	LTR/ERVL-MaLR	656	-	65	55139617	21675
chr19	55117942	55317942	harbor2	chr19	55214151	55214396	LTR/ERVL-MaLR	2476	-	122	55214273	96331
chr19	55117942	55317942	harbor2	chr19	55214654	55214834	LTR/ERVL-MaLR	2476	-	90	55214744	96802
chr19	22039645	22239645	harbor2	chr19	22079385	22079740	LTR/ERVL-MaLR	2407	-	178	22079563	39918
chr19	49561195	49761195	harbor2	chr19	49574530	49574721	LTR/ERVL-MaLR	1270	-	96	49574626	13431
chr19	49561195	49761195	harbor2	chr19	49575299	49575446	LTR/ERVL-MaLR	1270	-	74	49575373	14178
chr19	54917191	55117191	harbor2	chr19	54993830	54994134	LTR/ERVL-MaLR	989	-	152	54993982	76791
chr19	33122410	33322410	harbor2	chr19	33157792	33158056	LTR/ERVL-MaLR	959	-	132	33157924	35514
chr19	33122410	33322410	harbor2	chr19	33186090	33186244	LTR/ERVL-MaLR	2040	-	77	33186167	63757
chr19	33122410	33322410	harbor2	chr19	33186548	33186793	LTR/ERVL-MaLR	2040	-	122	33186670	64260
chr19	33122410	33322410	harbor2	chr19	33189356	33189721	LTR/ERVL-MaLR	2651	-	182	33189538	67128
chr19	23526777	23726777	harbor2	chr19	23587164	23587498	LTR/ERVL-MaLR	699	-	167	23587331	60554
chr19	43935900	44135900	harbor2	chr19	43992343	43992709	LTR/ERVL-MaLR	902	-	183	43992526	56626
chr19	43935900	44135900	harbor2	chr19	44027946	44028392	LTR/ERVL-MaLR	898	-	223	44028169	92269
chr19	56652163	56852163	harbor2	chr19	56675766	56675986	LTR/ERVL-MaLR	1876	-	110	56675876	23713
chr19	56652163	56852163	harbor2	chr19	56676013	56676028	LTR/ERVL-MaLR	1876	-	8	56676021	23858
chr19	56652163	56852163	harbor2	chr19	56676351	56676501	LTR/ERVL-MaLR	1876	-	75	56676426	24263
chr19	56652163	56852163	harbor2	chr19	56677259	56677343	LTR/ERVL-MaLR	1606	-	42	56677301	25138
chr19	56652163	56852163	harbor2	chr19	56677461	56677757	LTR/ERVL-MaLR	1606	-	148	56677609	25446
chr19	56652163	56852163	harbor2	chr19	56678220	56678559	LTR/ERVL-MaLR	743	-	170	56678390	26227
chr19	56652163	56852163	harbor2	chr19	56687496	56687912	LTR/ERVL-MaLR	1144	-	208	56687704	35541
chr19	56652163	56852163	harbor2	chr19	56694280	56694615	LTR/ERVL-MaLR	1263	-	168	56694448	42285
chr19	47867055	48067055	harbor2	chr19	47879337	47879560	LTR/ERVL-MaLR	1248	-	112	47879449	12394
chr19	47867055	48067055	harbor2	chr19	47879939	47879954	LTR/ERVL-MaLR	1037	-	8	47879947	12892
chr19	47867055	48067055	harbor2	chr19	47880259	47880450	LTR/ERVL-MaLR	1196	-	96	47880355	13300
chr19	47867055	48067055	harbor2	chr19	47896180	47896432	LTR/ERVL-MaLR	632	-	126	47896306	29251
chr19	19668269	19868269	harbor2	chr19	19683861	19684207	LTR/ERVL-MaLR	1841	-	173	19684034	15765
chr19	19668269	19868269	harbor2	chr19	19684515	19684565	LTR/ERVL-MaLR	1841	-	25	19684540	16271
chr19	19668269	19868269	harbor2	chr19	19684568	19684693	LTR/ERVL-MaLR	658	-	62	19684630	16361
chr19	19668269	19868269	harbor2	chr19	19756320	19756509	LTR/ERVL-MaLR	2601	-	94	19756414	88145
chr19	19668269	19868269	harbor2	chr19	19756816	19757050	LTR/ERVL-MaLR	2601	-	117	19756933	88664
chr19	19668269	19868269	harbor2	chr19	19757053	19757108	LTR/ERVL-MaLR	4694	-	28	19757081	88812
chr19	19668269	19868269	harbor2	chr19	19757431	19758126	LTR/ERVL-MaLR	4694	-	348	19757779	89510
chr19	19668269	19868269	harbor2	chr19	19763464	19763745	LTR/ERVL-MaLR	880	-	140	19763604	95335
chr19	19668269	19868269	harbor2	chr19	19764059	19764168	LTR/ERVL-MaLR	880	-	54	19764113	95844
chr19	44777051	44977051	harbor2	chr19	44783025	44783088	LTR/ERVL-MaLR	858	-	32	44783057	6006
chr19	44777051	44977051	harbor2	chr19	44783709	44783955	LTR/ERVL-MaLR	858	-	123	44783832	6781
chr19	44777051	44977051	harbor2	chr19	44803975	44804475	LTR/ERVL-MaLR	776	-	250	44804225	27174
chr19	50674173	50874173	harbor2	chr19	50731956	50732356	LTR/ERVL-MaLR	1832	-	200	50732156	57983
chr19	50674173	50874173	harbor2	chr19	50760178	50760240	LTR/ERVL-MaLR	1319	-	31	50760209	86036
chr19	50674173	50874173	harbor2	chr19	50760845	50761279	LTR/ERVL-MaLR	1319	-	217	50761062	86889
chr19	54165401	54365401	harbor2	chr19	54264345	54264511	LTR/ERVL-MaLR	1489	-	83	54264428	99027
chr19	54165401	54365401	harbor2	chr19	54264822	54265125	LTR/ERVL-MaLR	1489	-	152	54264974	99573
chr19	38161530	38361530	harbor2	chr19	38162607	38162974	LTR/ERVL-MaLR	1375	-	184	38162791	1261
chr19	38161530	38361530	harbor2	chr19	38185489	38185917	LTR/ERVL-MaLR	2103	-	214	38185703	24173
chr19	38161530	38361530	harbor2	chr19	38236777	38237117	LTR/ERVL-MaLR	1303	-	170	38236947	75417
chr19	38161530	38361530	harbor2	chr19	38237720	38237822	LTR/ERVL-MaLR	1303	-	51	38237771	76241
chr19	53429210	53629210	harbor2	chr19	53452579	53452914	LTR/ERVL-MaLR	923	-	168	53452747	23537
chr19	53429210	53629210	harbor2	chr19	53499183	53499519	LTR/ERVL-MaLR	740	-	168	53499351	70141
chr19	53429210	53629210	harbor2	chr19	53509763	53510114	LTR/ERVL-MaLR	1494	-	176	53509939	80729
chr19	58278737	58478737	harbor2	chr19	58280084	58280578	LTR/ERVL-MaLR	1919	-	247	58280331	1594
chr19	58278737	58478737	harbor2	chr19	58280625	58281112	LTR/ERVL-MaLR	1703	-	244	58280869	2132
chr19	58278737	58478737	harbor2	chr19	58289146	58289213	LTR/ERVL-MaLR	1763	-	34	58289180	10443
chr19	58278737	58478737	harbor2	chr19	58289517	58289799	LTR/ERVL-MaLR	1763	-	141	58289658	10921
chr19	58278737	58478737	harbor2	chr19	58290414	58290514	LTR/ERVL-MaLR	1763	-	50	58290464	11727
chr19	58278737	58478737	harbor2	chr19	58292217	58292573	LTR/ERVL-MaLR	1638	-	178	58292395	13658
chr19	58278737	58478737	harbor2	chr19	58364347	58364612	LTR/ERVL-MaLR	1029	-	132	58364479	85742
chr19	58278737	58478737	harbor2	chr19	58370061	58370527	LTR/ERVL-MaLR	1651	-	233	58370294	91557
chr19	55639439	55839439	harbor2	chr19	55714619	55714971	LTR/ERVL-MaLR	1912	-	176	55714795	75356
chr19	41394003	41594003	harbor2	chr19	41401916	41402281	LTR/ERVL-MaLR	2697	-	182	41402098	8095
chr19	41394003	41594003	harbor2	chr19	41447145	41447559	LTR/ERVL-MaLR	1197	-	207	41447352	53349
chr19	41394003	41594003	harbor2	chr19	41447856	41447964	LTR/ERVL-MaLR	1197	-	54	41447910	53907
chr19	31146417	31346417	harbor2	chr19	31158347	31158511	LTR/ERVL-MaLR	758	-	82	31158429	12012
chr19	31146417	31346417	harbor2	chr19	31170139	31170485	LTR/ERVL-MaLR	1374	-	173	31170312	23895
chr19	31146417	31346417	harbor2	chr19	31203859	31204210	LTR/ERVL-MaLR	2206	-	176	31204035	57618
chr19	31146417	31346417	harbor2	chr19	31220618	31220854	LTR/ERVL-MaLR	939	-	118	31220736	74319
chr19	55618564	55818564	harbor2	chr19	55638007	55638231	LTR/ERVL-MaLR	2264	-	112	55638119	19555
chr19	55618564	55818564	harbor2	chr19	55638535	55638706	LTR/ERVL-MaLR	2264	-	86	55638621	20057
chr19	55618564	55818564	harbor2	chr19	55639036	55639068	LTR/ERVL-MaLR	2264	-	16	55639052	20488
chr19	55618564	55818564	harbor2	chr19	55714619	55714971	LTR/ERVL-MaLR	1912	-	176	55714795	96231
chr19	54179156	54379156	harbor2	chr19	54264345	54264511	LTR/ERVL-MaLR	1489	-	83	54264428	85272
chr19	54179156	54379156	harbor2	chr19	54264822	54265125	LTR/ERVL-MaLR	1489	-	152	54264974	85818
chr19	46986184	47186184	harbor2	chr19	47015755	47015886	LTR/ERVL-MaLR	755	-	66	47015821	29637
chr19	46986184	47186184	harbor2	chr19	47016196	47016224	LTR/ERVL-MaLR	755	-	14	47016210	30026
chr19	57708296	57908296	harbor2	chr19	57712867	57713290	LTR/ERVL-MaLR	2200	-	212	57713079	4783
chr19	58397546	58597546	harbor2	chr19	58398820	58398879	LTR/ERVL-MaLR	2124	-	30	58398850	1304
chr19	58397546	58597546	harbor2	chr19	58399488	58399896	LTR/ERVL-MaLR	2124	-	204	58399692	2146
chr19	58397546	58597546	harbor2	chr19	58458583	58458809	LTR/ERVL-MaLR	2206	-	113	58458696	61150
chr19	58397546	58597546	harbor2	chr19	58459416	58459522	LTR/ERVL-MaLR	2206	-	53	58459469	61923
chr19	58397546	58597546	harbor2	chr19	58459920	58460016	LTR/ERVL-MaLR	2206	-	48	58459968	62422
chr19	58397546	58597546	harbor2	chr19	58481666	58481777	LTR/ERVL-MaLR	1127	-	56	58481722	84176
chr19	58397546	58597546	harbor2	chr19	58482094	58482428	LTR/ERVL-MaLR	1127	-	167	58482261	84715
chr19	55055862	55255862	harbor2	chr19	55060857	55061112	LTR/ERVL-MaLR	1591	-	128	55060985	5123
chr19	55055862	55255862	harbor2	chr19	55061425	55061513	LTR/ERVL-MaLR	1591	-	44	55061469	5607
chr19	55055862	55255862	harbor2	chr19	55061807	55061835	LTR/ERVL-MaLR	1591	-	14	55061821	5959
chr19	55055862	55255862	harbor2	chr19	55062132	55062242	LTR/ERVL-MaLR	1591	-	55	55062187	6325
chr19	55055862	55255862	harbor2	chr19	55130317	55130678	LTR/ERVL-MaLR	1944	-	180	55130497	74635
chr19	55055862	55255862	harbor2	chr19	55139300	55139538	LTR/ERVL-MaLR	980	-	119	55139419	83557
chr19	55055862	55255862	harbor2	chr19	55139552	55139682	LTR/ERVL-MaLR	656	-	65	55139617	83755
chr19	51544154	51744154	harbor2	chr19	51639432	51639794	LTR/ERVL-MaLR	1789	-	181	51639613	95459
chr20	52642017	52842017	harbor2	chr20	52654915	52655385	LTR/ERVL-MaLR	1890	-	235	52655150	13133
chr20	52642017	52842017	harbor2	chr20	52655880	52656269	LTR/ERVL-MaLR	1949	-	194	52656074	14057
chr20	52642017	52842017	harbor2	chr20	52661920	52662248	LTR/ERVL-MaLR	1904	-	164	52662084	20067
chr20	52642017	52842017	harbor2	chr20	52667210	52667328	LTR/ERVL-MaLR	475	-	59	52667269	25252
chr20	52642017	52842017	harbor2	chr20	52686557	52686915	LTR/ERVL-MaLR	2244	-	179	52686736	44719
chr20	52642017	52842017	harbor2	chr20	52711685	52711865	LTR/ERVL-MaLR	849	-	90	52711775	69758
chr20	41845147	42045147	harbor2	chr20	41849477	41849942	LTR/ERVL-MaLR	1028	-	232	41849709	4562
chr20	41845147	42045147	harbor2	chr20	41849943	41850261	LTR/ERVL-MaLR	1052	-	159	41850102	4955
chr20	41845147	42045147	harbor2	chr20	41850283	41850464	LTR/ERVL-MaLR	397	-	90	41850373	5226
chr20	41845147	42045147	harbor2	chr20	41850464	41850693	LTR/ERVL-MaLR	436	-	114	41850578	5431
chr20	41845147	42045147	harbor2	chr20	41851452	41851653	LTR/ERVL-MaLR	475	-	100	41851552	6405
chr20	41845147	42045147	harbor2	chr20	41851680	41851838	LTR/ERVL-MaLR	412	-	79	41851759	6612
chr20	41845147	42045147	harbor2	chr20	41852711	41852969	LTR/ERVL-MaLR	908	-	129	41852840	7693
chr20	41845147	42045147	harbor2	chr20	41860255	41860585	LTR/ERVL-MaLR	1021	-	165	41860420	15273
chr20	41845147	42045147	harbor2	chr20	41865933	41866289	LTR/ERVL-MaLR	935	-	178	41866111	20964
chr20	41845147	42045147	harbor2	chr20	41870250	41870397	LTR/ERVL-MaLR	568	-	74	41870324	25177
chr20	41845147	42045147	harbor2	chr20	41887492	41888041	LTR/ERVL-MaLR	2023	-	274	41887766	42619
chr20	41845147	42045147	harbor2	chr20	41896730	41896973	LTR/ERVL-MaLR	454	-	122	41896852	51705
chr20	41845147	42045147	harbor2	chr20	41904842	41904973	LTR/ERVL-MaLR	489	-	66	41904908	59761
chr20	41845147	42045147	harbor2	chr20	41910647	41911077	LTR/ERVL-MaLR	1675	-	215	41910862	65715
chr20	41845147	42045147	harbor2	chr20	41930211	41930599	LTR/ERVL-MaLR	2121	-	194	41930405	85258
chr20	41845147	42045147	harbor2	chr20	41930601	41931773	LTR/ERVL-MaLR	6462	-	586	41931187	86040
chr20	63576088	63776088	harbor2	chr20	63629509	63629914	LTR/ERVL-MaLR	752	-	202	63629711	53623
chr20	63576088	63776088	harbor2	chr20	63635722	63636009	LTR/ERVL-MaLR	1038	-	144	63635866	59778
chr20	63576088	63776088	harbor2	chr20	63657150	63657395	LTR/ERVL-MaLR	841	-	122	63657272	81184
chr20	21252737	21452737	harbor2	chr20	21260798	21261153	LTR/ERVL-MaLR	2468	-	178	21260976	8239
chr20	21252737	21452737	harbor2	chr20	21262807	21262923	LTR/ERVL-MaLR	435	-	58	21262865	10128
chr20	21252737	21452737	harbor2	chr20	21264852	21265088	LTR/ERVL-MaLR	774	-	118	21264970	12233
chr20	21252737	21452737	harbor2	chr20	21269094	21269504	LTR/ERVL-MaLR	426	-	205	21269299	16562
chr20	21252737	21452737	harbor2	chr20	21279317	21279366	LTR/ERVL-MaLR	2475	-	24	21279341	26604
chr20	21252737	21452737	harbor2	chr20	21279656	21280047	LTR/ERVL-MaLR	2475	-	196	21279852	27115
chr20	21252737	21452737	harbor2	chr20	21285892	21286353	LTR/ERVL-MaLR	1133	-	230	21286122	33385
chr20	21252737	21452737	harbor2	chr20	21287204	21287576	LTR/ERVL-MaLR	901	-	186	21287390	34653
chr20	21252737	21452737	harbor2	chr20	21287608	21287733	LTR/ERVL-MaLR	901	-	62	21287670	34933
chr20	21252737	21452737	harbor2	chr20	21288040	21288117	LTR/ERVL-MaLR	901	-	38	21288078	35341
chr20	29008928	29208928	harbor2	chr20	29037782	29038120	LTR/ERVL-MaLR	2108	-	169	29037951	29023
chr20	29008928	29208928	harbor2	chr20	29038121	29039562	LTR/ERVL-MaLR	8590	-	720	29038841	29913
chr20	29008928	29208928	harbor2	chr20	29039563	29039936	LTR/ERVL-MaLR	2537	-	186	29039749	30821
chr20	29008928	29208928	harbor2	chr20	29071566	29071855	LTR/ERVL-MaLR	774	-	144	29071710	62782
chr20	55854961	56054961	harbor2	chr20	55868871	55869252	LTR/ERVL-MaLR	2262	-	190	55869061	14100
chr20	55854961	56054961	harbor2	chr20	55890968	55891614	LTR/ERVL-MaLR	1887	-	323	55891291	36330
chr20	55854961	56054961	harbor2	chr20	55916621	55917177	LTR/ERVL-MaLR	1107	-	278	55916899	61938
chr20	55854961	56054961	harbor2	chr20	55939770	55940135	LTR/ERVL-MaLR	1730	-	182	55939952	84991
chr20	55854961	56054961	harbor2	chr20	55945924	55946410	LTR/ERVL-MaLR	798	-	243	55946167	91206
chr20	55854961	56054961	harbor2	chr20	55954138	55954533	LTR/ERVL-MaLR	1909	-	198	55954336	99375
chr20	9231254	9431254	harbor2	chr20	9241766	9242197	LTR/ERVL-MaLR	1146	-	216	9241982	10728
chr20	9231254	9431254	harbor2	chr20	9244859	9245328	LTR/ERVL-MaLR	990	-	234	9245093	13839
chr20	9231254	9431254	harbor2	chr20	9248787	9249223	LTR/ERVL-MaLR	1419	-	218	9249005	17751
chr20	9231254	9431254	harbor2	chr20	9249605	9249717	LTR/ERVL-MaLR	470	-	56	9249661	18407
chr20	9231254	9431254	harbor2	chr20	9262973	9263246	LTR/ERVL-MaLR	475	-	136	9263109	31855
chr20	9231254	9431254	harbor2	chr20	9275078	9275428	LTR/ERVL-MaLR	2614	-	175	9275253	43999
chr20	9231254	9431254	harbor2	chr20	9276076	9276388	LTR/ERVL-MaLR	659	-	156	9276232	44978
chr20	9231254	9431254	harbor2	chr20	9282654	9283096	LTR/ERVL-MaLR	400	-	221	9282875	51621
chr20	9231254	9431254	harbor2	chr20	9300857	9301294	LTR/ERVL-MaLR	1341	-	218	9301075	69821
chr20	9231254	9431254	harbor2	chr20	9325836	9326176	LTR/ERVL-MaLR	1564	-	170	9326006	94752
chr20	63458903	63658903	harbor2	chr20	63514490	63514774	LTR/ERVL-MaLR	2128	-	142	63514632	55729
chr20	63458903	63658903	harbor2	chr20	63515095	63515199	LTR/ERVL-MaLR	2128	-	52	63515147	56244
chr20	54025090	54225090	harbor2	chr20	54037100	54037474	LTR/ERVL-MaLR	2258	-	187	54037287	12197
chr20	54025090	54225090	harbor2	chr20	54046152	54046247	LTR/ERVL-MaLR	576	-	48	54046200	21110
chr20	54025090	54225090	harbor2	chr20	54046552	54046562	LTR/ERVL-MaLR	576	-	5	54046557	21467
chr20	54025090	54225090	harbor2	chr20	54046862	54046959	LTR/ERVL-MaLR	576	-	48	54046910	21820
chr20	54025090	54225090	harbor2	chr20	54047040	54047382	LTR/ERVL-MaLR	552	-	171	54047211	22121
chr20	54025090	54225090	harbor2	chr20	54050018	54050363	LTR/ERVL-MaLR	1331	-	172	54050190	25100
chr20	54025090	54225090	harbor2	chr20	54053900	54054262	LTR/ERVL-MaLR	2835	-	181	54054081	28991
chr20	54025090	54225090	harbor2	chr20	54055266	54055621	LTR/ERVL-MaLR	2350	-	178	54055444	30354
chr20	54025090	54225090	harbor2	chr20	54058857	54059213	LTR/ERVL-MaLR	2243	-	178	54059035	33945
chr20	54025090	54225090	harbor2	chr20	54078430	54078611	LTR/ERVL-MaLR	496	-	90	54078520	53430
chr20	54025090	54225090	harbor2	chr20	54078751	54078925	LTR/ERVL-MaLR	408	-	87	54078838	53748
chr20	54025090	54225090	harbor2	chr20	54089858	54090273	LTR/ERVL-MaLR	705	-	208	54090066	64976
chr20	54025090	54225090	harbor2	chr20	54100342	54100712	LTR/ERVL-MaLR	2589	-	185	54100527	75437
chr20	54025090	54225090	harbor2	chr20	54103333	54103678	LTR/ERVL-MaLR	1644	-	172	54103505	78415
chr20	54025090	54225090	harbor2	chr20	54111482	54111850	LTR/ERVL-MaLR	2093	-	184	54111666	86576
chr20	54025090	54225090	harbor2	chr20	54118719	54119090	LTR/ERVL-MaLR	1045	-	186	54118905	93815
chr20	64037074	64237074	harbor2	chr20	64101290	64101649	LTR/ERVL-MaLR	1172	-	180	64101470	64396
chr20	64037074	64237074	harbor2	chr20	64121591	64122030	LTR/ERVL-MaLR	2140	-	220	64121811	84737
chr20	57281273	57481273	harbor2	chr20	57290261	57290723	LTR/ERVL-MaLR	1459	-	231	57290492	9219
chr20	57281273	57481273	harbor2	chr20	57310711	57311078	LTR/ERVL-MaLR	418	-	184	57310895	29622
chr20	57281273	57481273	harbor2	chr20	57318012	57318594	LTR/ERVL-MaLR	2176	-	291	57318303	37030
chr20	57281273	57481273	harbor2	chr20	57366273	57366648	LTR/ERVL-MaLR	1868	-	188	57366461	85188
chr20	59328909	59528909	harbor2	chr20	59333217	59333717	LTR/ERVL-MaLR	1218	-	250	59333467	4558
chr20	59328909	59528909	harbor2	chr20	59345351	59345676	LTR/ERVL-MaLR	1721	-	162	59345513	16604
chr20	59328909	59528909	harbor2	chr20	59389188	59389652	LTR/ERVL-MaLR	1311	-	232	59389420	60511
chr20	59328909	59528909	harbor2	chr20	59392065	59392331	LTR/ERVL-MaLR	407	-	133	59392198	63289
chr20	59328909	59528909	harbor2	chr20	59395369	59395633	LTR/ERVL-MaLR	417	-	132	59395501	66592
chr20	59328909	59528909	harbor2	chr20	59414302	59414760	LTR/ERVL-MaLR	2381	-	229	59414531	85622
chr20	59328909	59528909	harbor2	chr20	59426796	59426965	LTR/ERVL-MaLR	515	-	84	59426880	97971
chr20	59328909	59528909	harbor2	chr20	59391882	59392034	LTR/ERVL-MaLR	469	-	76	59391958	63049
chr20	40031136	40231136	harbor2	chr20	40048268	40048655	LTR/ERVL-MaLR	1582	-	194	40048462	17326
chr20	40031136	40231136	harbor2	chr20	40064069	40064342	LTR/ERVL-MaLR	445	-	136	40064205	33069
chr20	40031136	40231136	harbor2	chr20	40090580	40090968	LTR/ERVL-MaLR	2001	-	194	40090774	59638
chr20	40031136	40231136	harbor2	chr20	40092622	40092928	LTR/ERVL-MaLR	9107	-	153	40092775	61639
chr20	40031136	40231136	harbor2	chr20	40092929	40093109	LTR/ERVL-MaLR	969	-	90	40093019	61883
chr20	40031136	40231136	harbor2	chr20	40099012	40099212	LTR/ERVL-MaLR	974	-	100	40099112	67976
chr20	40031136	40231136	harbor2	chr20	40058541	40058926	LTR/ERVL-MaLR	2035	-	192	40058733	27597
chr20	40031136	40231136	harbor2	chr20	40090969	40092344	LTR/ERVL-MaLR	9107	-	688	40091657	60521
chr20	63474502	63674502	harbor2	chr20	63514490	63514774	LTR/ERVL-MaLR	2128	-	142	63514632	40130
chr20	63474502	63674502	harbor2	chr20	63515095	63515199	LTR/ERVL-MaLR	2128	-	52	63515147	40645
chr20	63460219	63660219	harbor2	chr20	63514490	63514774	LTR/ERVL-MaLR	2128	-	142	63514632	54413
chr20	63460219	63660219	harbor2	chr20	63515095	63515199	LTR/ERVL-MaLR	2128	-	52	63515147	54928
chr20	56514760	56714760	harbor2	chr20	56559563	56559632	LTR/ERVL-MaLR	739	-	34	56559597	44837
chr20	56514760	56714760	harbor2	chr20	56559902	56560123	LTR/ERVL-MaLR	739	-	110	56560012	45252
chr20	56514760	56714760	harbor2	chr20	56561096	56561270	LTR/ERVL-MaLR	720	-	87	56561183	46423
chr20	56514760	56714760	harbor2	chr20	56571082	56571301	LTR/ERVL-MaLR	980	-	110	56571192	56432
chr20	56514760	56714760	harbor2	chr20	56582227	56582266	LTR/ERVL-MaLR	1742	-	20	56582247	67487
chr20	56514760	56714760	harbor2	chr20	56582566	56582897	LTR/ERVL-MaLR	1742	-	166	56582732	67972
chr20	56514760	56714760	harbor2	chr20	56588098	56588202	LTR/ERVL-MaLR	586	-	52	56588150	73390
chr20	56514760	56714760	harbor2	chr20	56588478	56588546	LTR/ERVL-MaLR	586	-	34	56588512	73752
chr20	56514760	56714760	harbor2	chr20	56588679	56588992	LTR/ERVL-MaLR	1469	-	156	56588835	74075
chr20	50298758	50498758	harbor2	chr20	50328189	50328556	LTR/ERVL-MaLR	2584	-	184	50328373	29615
chr20	50298758	50498758	harbor2	chr20	50335136	50335390	LTR/ERVL-MaLR	927	-	127	50335263	36505
chr20	50298758	50498758	harbor2	chr20	50354994	50355559	LTR/ERVL-MaLR	873	-	282	50355276	56518
chr20	50298758	50498758	harbor2	chr20	50364085	50364213	LTR/ERVL-MaLR	404	-	64	50364149	65391
chr20	50298758	50498758	harbor2	chr20	50367356	50367786	LTR/ERVL-MaLR	973	-	215	50367571	68813
chr20	50298758	50498758	harbor2	chr20	50368903	50369247	LTR/ERVL-MaLR	927	-	172	50369075	70317
chr20	50298758	50498758	harbor2	chr20	50382579	50382718	LTR/ERVL-MaLR	710	-	70	50382649	83891
chr20	50298758	50498758	harbor2	chr20	50383028	50383396	LTR/ERVL-MaLR	710	-	184	50383212	84454
chr20	50298758	50498758	harbor2	chr20	50383864	50383994	LTR/ERVL-MaLR	655	-	65	50383929	85171
chr20	50298758	50498758	harbor2	chr20	50384709	50384857	LTR/ERVL-MaLR	655	-	74	50384783	86025
chr20	58185158	58385158	harbor2	chr20	58194139	58194357	LTR/ERVL-MaLR	497	-	109	58194248	9090
chr20	58185158	58385158	harbor2	chr20	58194375	58194547	LTR/ERVL-MaLR	629	-	86	58194461	9303
chr20	58185158	58385158	harbor2	chr20	58195096	58195293	LTR/ERVL-MaLR	491	-	98	58195194	10036
chr20	55079476	55279476	harbor2	chr20	55085059	55085232	LTR/ERVL-MaLR	546	-	86	55085145	5669
chr20	55079476	55279476	harbor2	chr20	55085267	55085374	LTR/ERVL-MaLR	546	-	54	55085321	5845
chr20	55079476	55279476	harbor2	chr20	55089433	55089818	LTR/ERVL-MaLR	2020	-	192	55089625	10149
chr20	55079476	55279476	harbor2	chr20	55091960	55092493	LTR/ERVL-MaLR	686	-	266	55092226	12750
chr20	55079476	55279476	harbor2	chr20	55098622	55098998	LTR/ERVL-MaLR	1549	-	188	55098810	19334
chr20	55079476	55279476	harbor2	chr20	55104718	55104897	LTR/ERVL-MaLR	638	-	90	55104808	25332
chr20	55079476	55279476	harbor2	chr20	55133101	55133500	LTR/ERVL-MaLR	850	-	200	55133301	53825
chr20	55079476	55279476	harbor2	chr20	55133734	55134009	LTR/ERVL-MaLR	1312	-	138	55133872	54396
chr20	55079476	55279476	harbor2	chr20	55140532	55140688	LTR/ERVL-MaLR	485	-	78	55140610	61134
chr20	55079476	55279476	harbor2	chr20	55164519	55164968	LTR/ERVL-MaLR	1733	-	224	55164743	85267
chr20	56259557	56459557	harbor2	chr20	56287710	56287952	LTR/ERVL-MaLR	481	-	121	56287831	28274
chr20	56259557	56459557	harbor2	chr20	56291414	56291741	LTR/ERVL-MaLR	1828	-	164	56291578	32021
chr20	56259557	56459557	harbor2	chr20	56296314	56296751	LTR/ERVL-MaLR	929	-	218	56296532	36975
chr20	56259557	56459557	harbor2	chr20	56324065	56324417	LTR/ERVL-MaLR	1619	-	176	56324241	64684
chr20	56259557	56459557	harbor2	chr20	56342839	56343237	LTR/ERVL-MaLR	1167	-	199	56343038	83481
chr20	56259557	56459557	harbor2	chr20	56351765	56352246	LTR/ERVL-MaLR	2007	-	240	56352005	92448
chr20	56259557	56459557	harbor2	chr20	56311663	56311856	LTR/ERVL-MaLR	394	-	96	56311759	52202
chr20	17242425	17442425	harbor2	chr20	17251670	17252246	LTR/ERVL-MaLR	2222	-	288	17251958	9533
chr20	17242425	17442425	harbor2	chr20	17273696	17274094	LTR/ERVL-MaLR	393	-	199	17273895	31470
chr20	17242425	17442425	harbor2	chr20	17290701	17291092	LTR/ERVL-MaLR	1627	-	196	17290897	48472
chr20	17242425	17442425	harbor2	chr20	17291684	17291938	LTR/ERVL-MaLR	794	-	127	17291811	49386
chr20	17242425	17442425	harbor2	chr20	17307806	17308071	LTR/ERVL-MaLR	1588	-	132	17307938	65513
chr20	17242425	17442425	harbor2	chr20	17308072	17308326	LTR/ERVL-MaLR	1540	-	127	17308199	65774
chr20	17242425	17442425	harbor2	chr20	17308569	17309106	LTR/ERVL-MaLR	1873	-	268	17308837	66412
chr20	17242425	17442425	harbor2	chr20	17309468	17309536	LTR/ERVL-MaLR	473	-	34	17309502	67077
chr20	17242425	17442425	harbor2	chr20	17309938	17310175	LTR/ERVL-MaLR	1241	-	118	17310056	67631
chr20	17242425	17442425	harbor2	chr20	17319216	17319726	LTR/ERVL-MaLR	689	-	255	17319471	77046
chr20	17242425	17442425	harbor2	chr20	17322517	17322852	LTR/ERVL-MaLR	2037	-	168	17322685	80260
chr20	17242425	17442425	harbor2	chr20	17323165	17323243	LTR/ERVL-MaLR	2037	-	39	17323204	80779
chr20	17242425	17442425	harbor2	chr20	17335034	17335427	LTR/ERVL-MaLR	582	-	196	17335230	92805
chr20	17242425	17442425	harbor2	chr20	17335463	17335499	LTR/ERVL-MaLR	582	-	18	17335481	93056
chr20	17242425	17442425	harbor2	chr20	17335974	17336114	LTR/ERVL-MaLR	582	-	70	17336044	93619
chr20	61706775	61906775	harbor2	chr20	61710891	61710986	LTR/ERVL-MaLR	1457	-	48	61710939	4164
chr20	61706775	61906775	harbor2	chr20	61711391	61711733	LTR/ERVL-MaLR	1457	-	171	61711562	4787
chr20	61706775	61906775	harbor2	chr20	61715340	61715631	LTR/ERVL-MaLR	884	-	146	61715486	8711
chr20	61706775	61906775	harbor2	chr20	61727492	61727905	LTR/ERVL-MaLR	1725	-	206	61727698	20923
chr20	61706775	61906775	harbor2	chr20	61754916	61755267	LTR/ERVL-MaLR	2734	-	176	61755092	48317
chr20	61706775	61906775	harbor2	chr20	61776782	61776939	LTR/ERVL-MaLR	583	-	78	61776860	70085
chr20	61706775	61906775	harbor2	chr20	61787206	61787577	LTR/ERVL-MaLR	2696	-	186	61787392	80617
chr20	61706775	61906775	harbor2	chr20	61801482	61801966	LTR/ERVL-MaLR	1290	-	242	61801724	94949
chr20	61706775	61906775	harbor2	chr20	61804801	61805198	LTR/ERVL-MaLR	488	-	198	61804999	98224
chr20	58103543	58303543	harbor2	chr20	58106332	58106715	LTR/ERVL-MaLR	1762	-	192	58106524	2981
chr20	58103543	58303543	harbor2	chr20	58117988	58118396	LTR/ERVL-MaLR	1175	-	204	58118192	14649
chr20	58103543	58303543	harbor2	chr20	58140505	58140946	LTR/ERVL-MaLR	1467	-	220	58140725	37182
chr20	58103543	58303543	harbor2	chr20	58147579	58147995	LTR/ERVL-MaLR	2702	-	208	58147787	44244
chr20	58103543	58303543	harbor2	chr20	58165248	58165393	LTR/ERVL-MaLR	622	-	72	58165320	61777
chr20	58103543	58303543	harbor2	chr20	58165898	58166223	LTR/ERVL-MaLR	533	-	162	58166060	62517
chr20	58103543	58303543	harbor2	chr20	58172203	58172297	LTR/ERVL-MaLR	460	-	47	58172250	68707
chr20	58103543	58303543	harbor2	chr20	58181519	58181820	LTR/ERVL-MaLR	753	-	150	58181669	78126
chr20	58103543	58303543	harbor2	chr20	58182206	58182354	LTR/ERVL-MaLR	553	-	74	58182280	78737
chr20	58103543	58303543	harbor2	chr20	58184157	58184576	LTR/ERVL-MaLR	884	-	210	58184367	80824
chr20	58103543	58303543	harbor2	chr20	58194139	58194357	LTR/ERVL-MaLR	497	-	109	58194248	90705
chr20	58103543	58303543	harbor2	chr20	58194375	58194547	LTR/ERVL-MaLR	629	-	86	58194461	90918
chr20	58103543	58303543	harbor2	chr20	58195096	58195293	LTR/ERVL-MaLR	491	-	98	58195194	91651
chr20	62456395	62656395	harbor2	chr20	62493897	62494350	LTR/ERVL-MaLR	1034	-	226	62494123	37728
chr20	62456395	62656395	harbor2	chr20	62525713	62526161	LTR/ERVL-MaLR	1246	-	224	62525937	69542
chr20	62456395	62656395	harbor2	chr20	62538279	62538718	LTR/ERVL-MaLR	923	-	220	62538499	82104
chr20	62456395	62656395	harbor2	chr20	62543128	62543437	LTR/ERVL-MaLR	648	-	154	62543282	86887
chr20	62456395	62656395	harbor2	chr20	62544583	62544970	LTR/ERVL-MaLR	1821	-	194	62544777	88382
chr20	62005065	62205065	harbor2	chr20	62069118	62069523	LTR/ERVL-MaLR	1228	-	202	62069320	64255
chr20	62005065	62205065	harbor2	chr20	62079778	62079828	LTR/ERVL-MaLR	1905	-	25	62079803	74738
chr20	62005065	62205065	harbor2	chr20	62080134	62080410	LTR/ERVL-MaLR	1905	-	138	62080272	75207
chr20	62005065	62205065	harbor2	chr20	62090812	62090861	LTR/ERVL-MaLR	2268	-	24	62090836	85771
chr20	62005065	62205065	harbor2	chr20	62091164	62091540	LTR/ERVL-MaLR	2268	-	188	62091352	86287
chr20	59406879	59606879	harbor2	chr20	59414302	59414760	LTR/ERVL-MaLR	2381	-	229	59414531	7652
chr20	59406879	59606879	harbor2	chr20	59426796	59426965	LTR/ERVL-MaLR	515	-	84	59426880	20001
chr20	59406879	59606879	harbor2	chr20	59469956	59470534	LTR/ERVL-MaLR	1743	-	289	59470245	63366
chr20	59406879	59606879	harbor2	chr20	59481957	59482392	LTR/ERVL-MaLR	1790	-	218	59482175	75296
chr20	59406879	59606879	harbor2	chr20	59495982	59496433	LTR/ERVL-MaLR	702	-	226	59496208	89329
chr20	59406879	59606879	harbor2	chr20	59496915	59497362	LTR/ERVL-MaLR	1712	-	224	59497139	90260
chr20	59406879	59606879	harbor2	chr20	59504983	59505454	LTR/ERVL-MaLR	1999	-	236	59505219	98340
chr20	40863435	41063435	harbor2	chr20	40870237	40870530	LTR/ERVL-MaLR	1701	-	146	40870383	6948
chr20	40863435	41063435	harbor2	chr20	40870842	40871011	LTR/ERVL-MaLR	1701	-	84	40870926	7491
chr20	40863435	41063435	harbor2	chr20	40883500	40883956	LTR/ERVL-MaLR	2413	-	228	40883728	20293
chr20	40863435	41063435	harbor2	chr20	40889270	40889623	LTR/ERVL-MaLR	2594	-	176	40889446	26011
chr20	40863435	41063435	harbor2	chr20	40905055	40905475	LTR/ERVL-MaLR	1355	-	210	40905265	41830
chr20	40863435	41063435	harbor2	chr20	40908310	40908658	LTR/ERVL-MaLR	1546	-	174	40908484	45049
chr20	40863435	41063435	harbor2	chr20	40908959	40909096	LTR/ERVL-MaLR	1546	-	68	40909027	45592
chr20	40863435	41063435	harbor2	chr20	40928554	40928909	LTR/ERVL-MaLR	1674	-	178	40928732	65297
chr20	40863435	41063435	harbor2	chr20	40942022	40942395	LTR/ERVL-MaLR	1982	-	186	40942208	78773
chr20	40863435	41063435	harbor2	chr20	40943379	40943475	LTR/ERVL-MaLR	421	-	48	40943427	79992
chr20	40863435	41063435	harbor2	chr20	40943491	40943657	LTR/ERVL-MaLR	586	-	83	40943574	80139
chr20	31619816	31819816	harbor2	chr20	31630286	31630668	LTR/ERVL-MaLR	2324	-	191	31630477	10661
chr20	31619816	31819816	harbor2	chr20	31631278	31631481	LTR/ERVL-MaLR	2324	-	102	31631380	11564
chr20	31619816	31819816	harbor2	chr20	31649390	31649499	LTR/ERVL-MaLR	642	-	54	31649444	29628
chr20	31619816	31819816	harbor2	chr20	31649983	31650313	LTR/ERVL-MaLR	1751	-	165	31650148	30332
chr20	31619816	31819816	harbor2	chr20	31650603	31650644	LTR/ERVL-MaLR	1751	-	20	31650623	30807
chr20	31619816	31819816	harbor2	chr20	31650959	31651141	LTR/ERVL-MaLR	1751	-	91	31651050	31234
chr20	30106296	30306296	harbor2	chr20	30191681	30191964	LTR/ERVL-MaLR	1333	-	142	30191823	85527
chr20	30106296	30306296	harbor2	chr20	30192295	30192379	LTR/ERVL-MaLR	1333	-	42	30192337	86041
chr20	30106296	30306296	harbor2	chr20	30206040	30206410	LTR/ERVL-MaLR	1820	-	185	30206225	99929
chr20	30106296	30306296	harbor2	chr20	30195509	30195839	LTR/ERVL-MaLR	1271	-	165	30195674	89378
chr20	46146723	46346723	harbor2	chr20	46167059	46167532	LTR/ERVL-MaLR	1394	-	236	46167295	20572
chr20	46146723	46346723	harbor2	chr20	46221333	46221755	LTR/ERVL-MaLR	1125	-	211	46221544	74821
chr20	61275901	61475901	harbor2	chr20	61290847	61290977	LTR/ERVL-MaLR	540	-	65	61290912	15011
chr20	61275901	61475901	harbor2	chr20	61310270	61310324	LTR/ERVL-MaLR	1803	-	27	61310297	34396
chr20	61275901	61475901	harbor2	chr20	61310664	61311003	LTR/ERVL-MaLR	1803	-	170	61310834	34933
chr20	61275901	61475901	harbor2	chr20	61324291	61324639	LTR/ERVL-MaLR	1003	-	174	61324465	48564
chr20	61275901	61475901	harbor2	chr20	61334415	61334730	LTR/ERVL-MaLR	664	-	158	61334573	58672
chr20	61275901	61475901	harbor2	chr20	61348098	61348460	LTR/ERVL-MaLR	2723	-	181	61348279	72378
chr20	49628353	49828353	harbor2	chr20	49724774	49725212	LTR/ERVL-MaLR	1200	-	219	49724993	96640
chr20	59375210	59575210	harbor2	chr20	59389188	59389652	LTR/ERVL-MaLR	1311	-	232	59389420	14210
chr20	59375210	59575210	harbor2	chr20	59392065	59392331	LTR/ERVL-MaLR	407	-	133	59392198	16988
chr20	59375210	59575210	harbor2	chr20	59395369	59395633	LTR/ERVL-MaLR	417	-	132	59395501	20291
chr20	59375210	59575210	harbor2	chr20	59414302	59414760	LTR/ERVL-MaLR	2381	-	229	59414531	39321
chr20	59375210	59575210	harbor2	chr20	59426796	59426965	LTR/ERVL-MaLR	515	-	84	59426880	51670
chr20	59375210	59575210	harbor2	chr20	59469956	59470534	LTR/ERVL-MaLR	1743	-	289	59470245	95035
chr20	59375210	59575210	harbor2	chr20	59391882	59392034	LTR/ERVL-MaLR	469	-	76	59391958	16748
chr20	53300081	53500081	harbor2	chr20	53310386	53310969	LTR/ERVL-MaLR	1566	-	292	53310678	10597
chr20	53300081	53500081	harbor2	chr20	53314323	53314622	LTR/ERVL-MaLR	573	-	150	53314473	14392
chr20	53300081	53500081	harbor2	chr20	53314922	53315153	LTR/ERVL-MaLR	573	-	116	53315038	14957
chr20	53300081	53500081	harbor2	chr20	53318795	53319157	LTR/ERVL-MaLR	2503	-	181	53318976	18895
chr20	53300081	53500081	harbor2	chr20	53349787	53350246	LTR/ERVL-MaLR	2062	-	230	53350017	49936
chr20	53300081	53500081	harbor2	chr20	53370839	53371240	LTR/ERVL-MaLR	1279	-	200	53371039	70958
chr20	53300081	53500081	harbor2	chr20	53371473	53371603	LTR/ERVL-MaLR	625	-	65	53371538	71457
chr20	53300081	53500081	harbor2	chr20	53371900	53372142	LTR/ERVL-MaLR	625	-	121	53372021	71940
chr20	53300081	53500081	harbor2	chr20	53376750	53376999	LTR/ERVL-MaLR	894	-	124	53376874	76793
chr20	54928924	55128924	harbor2	chr20	54946922	54947374	LTR/ERVL-MaLR	1449	-	226	54947148	18224
chr20	54928924	55128924	harbor2	chr20	54957766	54958182	LTR/ERVL-MaLR	2011	-	208	54957974	29050
chr20	54928924	55128924	harbor2	chr20	54965596	54965957	LTR/ERVL-MaLR	1896	-	180	54965776	36852
chr20	54928924	55128924	harbor2	chr20	55003569	55003843	LTR/ERVL-MaLR	1371	-	137	55003706	74782
chr20	54928924	55128924	harbor2	chr20	55012375	55012975	LTR/ERVL-MaLR	1680	-	300	55012675	83751
chr20	59831954	60031954	harbor2	chr20	59904685	59904943	LTR/ERVL-MaLR	1287	-	129	59904814	72860
chr20	59831954	60031954	harbor2	chr20	59926226	59926679	LTR/ERVL-MaLR	1437	-	226	59926452	94498
chr20	55416796	55616796	harbor2	chr20	55441283	55441432	LTR/ERVL-MaLR	442	-	74	55441357	24561
chr20	55416796	55616796	harbor2	chr20	55480097	55480456	LTR/ERVL-MaLR	2415	-	180	55480277	63481
chr20	55416796	55616796	harbor2	chr20	55505209	55505758	LTR/ERVL-MaLR	684	-	274	55505483	88687
chr20	52428002	52628002	harbor2	chr20	52429294	52429495	LTR/ERVL-MaLR	1270	-	100	52429394	1392
chr20	52428002	52628002	harbor2	chr20	52430366	52430542	LTR/ERVL-MaLR	1012	-	88	52430454	2452
chr20	52428002	52628002	harbor2	chr20	52431316	52431673	LTR/ERVL-MaLR	2635	-	178	52431494	3492
chr20	52428002	52628002	harbor2	chr20	52454599	52454994	LTR/ERVL-MaLR	782	-	198	52454797	26795
chr20	52428002	52628002	harbor2	chr20	52455497	52455758	LTR/ERVL-MaLR	1516	-	130	52455627	27625
chr20	52428002	52628002	harbor2	chr20	52465306	52465627	LTR/ERVL-MaLR	1372	-	160	52465466	37464
chr20	52428002	52628002	harbor2	chr20	52472305	52472691	LTR/ERVL-MaLR	575	-	193	52472498	44496
chr20	52428002	52628002	harbor2	chr20	52482330	52482672	LTR/ERVL-MaLR	2203	-	171	52482501	54499
chr20	52428002	52628002	harbor2	chr20	52517411	52517807	LTR/ERVL-MaLR	853	-	198	52517609	89607
chr20	59725068	59925068	harbor2	chr20	59739339	59739741	LTR/ERVL-MaLR	2259	-	201	59739540	14472
chr20	59725068	59925068	harbor2	chr20	59770513	59770631	LTR/ERVL-MaLR	686	-	59	59770572	45504
chr20	59725068	59925068	harbor2	chr20	59776932	59777360	LTR/ERVL-MaLR	993	-	214	59777146	52078
chr20	59725068	59925068	harbor2	chr20	59780306	59780657	LTR/ERVL-MaLR	1858	-	176	59780482	55414
chr20	59725068	59925068	harbor2	chr20	59782150	59782239	LTR/ERVL-MaLR	1970	-	44	59782194	57126
chr20	59725068	59925068	harbor2	chr20	59782552	59782826	LTR/ERVL-MaLR	1970	-	137	59782689	57621
chr20	59725068	59925068	harbor2	chr20	59798007	59798391	LTR/ERVL-MaLR	1385	-	192	59798199	73131
chr20	59725068	59925068	harbor2	chr20	59785112	59785434	LTR/ERVL-MaLR	943	-	161	59785273	60205
chr20	19608705	19808705	harbor2	chr20	19615312	19615665	LTR/ERVL-MaLR	2421	-	176	19615488	6783
chr20	19608705	19808705	harbor2	chr20	19618227	19618614	LTR/ERVL-MaLR	2252	-	194	19618421	9716
chr20	19608705	19808705	harbor2	chr20	19622703	19623108	LTR/ERVL-MaLR	2353	-	202	19622905	14200
chr20	19608705	19808705	harbor2	chr20	19624394	19624729	LTR/ERVL-MaLR	514	-	168	19624562	15857
chr20	19608705	19808705	harbor2	chr20	19624843	19625227	LTR/ERVL-MaLR	820	-	192	19625035	16330
chr20	19608705	19808705	harbor2	chr20	19632223	19632649	LTR/ERVL-MaLR	2045	-	213	19632436	23731
chr20	19608705	19808705	harbor2	chr20	19633131	19633367	LTR/ERVL-MaLR	2133	-	118	19633249	24544
chr20	19608705	19808705	harbor2	chr20	19633674	19633834	LTR/ERVL-MaLR	2133	-	80	19633754	25049
chr20	19608705	19808705	harbor2	chr20	19635466	19635858	LTR/ERVL-MaLR	2682	-	196	19635662	26957
chr20	19608705	19808705	harbor2	chr20	19636169	19636333	LTR/ERVL-MaLR	2682	-	82	19636251	27546
chr20	19608705	19808705	harbor2	chr20	19674234	19674710	LTR/ERVL-MaLR	2112	-	238	19674472	65767
chr20	19608705	19808705	harbor2	chr20	19687011	19687403	LTR/ERVL-MaLR	675	-	196	19687207	78502
chr20	19608705	19808705	harbor2	chr20	19697899	19698312	LTR/ERVL-MaLR	2621	-	206	19698105	89400
chr20	19608705	19808705	harbor2	chr20	19693511	19693989	LTR/ERVL-MaLR	415	-	239	19693750	85045
chr20	56242069	56442069	harbor2	chr20	56243421	56243925	LTR/ERVL-MaLR	707	-	252	56243673	1604
chr20	56242069	56442069	harbor2	chr20	56287710	56287952	LTR/ERVL-MaLR	481	-	121	56287831	45762
chr20	56242069	56442069	harbor2	chr20	56291414	56291741	LTR/ERVL-MaLR	1828	-	164	56291578	49509
chr20	56242069	56442069	harbor2	chr20	56296314	56296751	LTR/ERVL-MaLR	929	-	218	56296532	54463
chr20	56242069	56442069	harbor2	chr20	56324065	56324417	LTR/ERVL-MaLR	1619	-	176	56324241	82172
chr20	56242069	56442069	harbor2	chr20	56311663	56311856	LTR/ERVL-MaLR	394	-	96	56311759	69690
chr20	62232255	62432255	harbor2	chr20	62252629	62253019	LTR/ERVL-MaLR	1973	-	195	62252824	20569
chr20	62232255	62432255	harbor2	chr20	62253506	62253782	LTR/ERVL-MaLR	1075	-	138	62253644	21389
chr20	62232255	62432255	harbor2	chr20	62254098	62254260	LTR/ERVL-MaLR	1075	-	81	62254179	21924
chr20	60436802	60636802	harbor2	chr20	60469641	60470039	LTR/ERVL-MaLR	634	-	199	60469840	33038
chr20	60436802	60636802	harbor2	chr20	60526390	60526749	LTR/ERVL-MaLR	1805	-	180	60526570	89768
chr20	60147519	60347519	harbor2	chr20	60166439	60166865	LTR/ERVL-MaLR	584	-	213	60166652	19133
chr20	60147519	60347519	harbor2	chr20	60169602	60169864	LTR/ERVL-MaLR	449	-	131	60169733	22214
chr20	60147519	60347519	harbor2	chr20	60201238	60201581	LTR/ERVL-MaLR	686	-	172	60201410	53891
chr20	60147519	60347519	harbor2	chr20	60206646	60206686	LTR/ERVL-MaLR	1742	-	20	60206666	59147
chr20	60147519	60347519	harbor2	chr20	60207006	60207041	LTR/ERVL-MaLR	1742	-	18	60207024	59505
chr20	60147519	60347519	harbor2	chr20	60207334	60207675	LTR/ERVL-MaLR	1742	-	170	60207504	59985
chr20	60147519	60347519	harbor2	chr20	60235987	60236145	LTR/ERVL-MaLR	386	-	79	60236066	88547
chr20	60147519	60347519	harbor2	chr20	60237936	60238308	LTR/ERVL-MaLR	729	-	186	60238122	90603
chr20	60147519	60347519	harbor2	chr20	60243373	60243810	LTR/ERVL-MaLR	1647	-	218	60243591	96072
chr20	59459940	59659940	harbor2	chr20	59469956	59470534	LTR/ERVL-MaLR	1743	-	289	59470245	10305
chr20	59459940	59659940	harbor2	chr20	59481957	59482392	LTR/ERVL-MaLR	1790	-	218	59482175	22235
chr20	59459940	59659940	harbor2	chr20	59495982	59496433	LTR/ERVL-MaLR	702	-	226	59496208	36268
chr20	59459940	59659940	harbor2	chr20	59496915	59497362	LTR/ERVL-MaLR	1712	-	224	59497139	37199
chr20	59459940	59659940	harbor2	chr20	59504983	59505454	LTR/ERVL-MaLR	1999	-	236	59505219	45279
chr20	59459940	59659940	harbor2	chr20	59508795	59509125	LTR/ERVL-MaLR	1885	-	165	59508960	49020
chr20	59459940	59659940	harbor2	chr20	59546438	59546911	LTR/ERVL-MaLR	1486	-	236	59546674	86734
chr20	57440146	57640146	harbor2	chr20	57445969	57446439	LTR/ERVL-MaLR	1469	-	235	57446204	6058
chr20	57440146	57640146	harbor2	chr20	57449396	57449879	LTR/ERVL-MaLR	569	-	242	57449638	9492
chr20	57440146	57640146	harbor2	chr20	57454257	57454656	LTR/ERVL-MaLR	1481	-	200	57454457	14311
chr20	57440146	57640146	harbor2	chr20	57459069	57459593	LTR/ERVL-MaLR	1252	-	262	57459331	19185
chr20	57440146	57640146	harbor2	chr20	57475373	57475812	LTR/ERVL-MaLR	1122	-	220	57475593	35447
chr20	57440146	57640146	harbor2	chr20	57476281	57476478	LTR/ERVL-MaLR	728	-	98	57476379	36233
chr20	57440146	57640146	harbor2	chr20	57458250	57458831	LTR/ERVL-MaLR	1757	-	290	57458540	18394
chr20	63005041	63205041	harbor2	chr20	63026317	63026688	LTR/ERVL-MaLR	958	-	186	63026503	21462
chr20	63005041	63205041	harbor2	chr20	63054206	63054577	LTR/ERVL-MaLR	1029	-	186	63054392	49351
chr20	63005041	63205041	harbor2	chr20	63076320	63076732	LTR/ERVL-MaLR	1962	-	206	63076526	71485
chr20	63129145	63329145	harbor2	chr20	63131666	63132030	LTR/ERVL-MaLR	2126	-	182	63131848	2703
chr20	63129145	63329145	harbor2	chr20	63218133	63218547	LTR/ERVL-MaLR	1175	-	207	63218340	89195
chr20	35534598	35734598	harbor2	chr20	35543832	35544000	LTR/ERVL-MaLR	703	-	84	35543916	9318
chr20	35534598	35734598	harbor2	chr20	35545103	35545275	LTR/ERVL-MaLR	1544	-	86	35545189	10591
chr20	35534598	35734598	harbor2	chr20	35545587	35545753	LTR/ERVL-MaLR	1544	-	83	35545670	11072
chr20	58505673	58705673	harbor2	chr20	58527030	58527405	LTR/ERVL-MaLR	2915	-	188	58527218	21545
chr20	58505673	58705673	harbor2	chr20	58536790	58537149	LTR/ERVL-MaLR	2558	-	180	58536970	31297
chr20	58505673	58705673	harbor2	chr20	58538672	58539063	LTR/ERVL-MaLR	766	-	196	58538868	33195
chr20	58505673	58705673	harbor2	chr20	58582282	58582679	LTR/ERVL-MaLR	1375	-	198	58582480	76807
chr20	58505673	58705673	harbor2	chr20	58599434	58599638	LTR/ERVL-MaLR	400	-	102	58599536	93863
chr20	58505673	58705673	harbor2	chr20	58602979	58603564	LTR/ERVL-MaLR	2033	-	292	58603271	97598
chr20	34271011	34471011	harbor2	chr20	34275514	34275678	LTR/ERVL-MaLR	634	-	82	34275596	4585
chr20	34271011	34471011	harbor2	chr20	34275991	34276097	LTR/ERVL-MaLR	634	-	53	34276044	5033
chr20	34271011	34471011	harbor2	chr20	34317249	34317300	LTR/ERVL-MaLR	1283	-	26	34317275	46264
chr20	34271011	34471011	harbor2	chr20	34317604	34318014	LTR/ERVL-MaLR	1283	-	205	34317809	46798
chr20	34271011	34471011	harbor2	chr20	34318018	34318086	LTR/ERVL-MaLR	2395	-	34	34318052	47041
chr20	34271011	34471011	harbor2	chr20	34318721	34319085	LTR/ERVL-MaLR	2395	-	182	34318903	47892
chr20	34271011	34471011	harbor2	chr20	34325840	34326151	LTR/ERVL-MaLR	755	-	156	34325996	54985
chr20	54747847	54947847	harbor2	chr20	54748049	54748473	LTR/ERVL-MaLR	2396	-	212	54748261	414
chr20	54747847	54947847	harbor2	chr20	54750612	54750990	LTR/ERVL-MaLR	2101	-	189	54750801	2954
chr20	54747847	54947847	harbor2	chr20	54770242	54770455	LTR/ERVL-MaLR	530	-	106	54770348	22501
chr20	54747847	54947847	harbor2	chr20	54773592	54773909	LTR/ERVL-MaLR	827	-	158	54773750	25903
chr20	54747847	54947847	harbor2	chr20	54774525	54774976	LTR/ERVL-MaLR	862	-	226	54774751	26904
chr20	54747847	54947847	harbor2	chr20	54777511	54777856	LTR/ERVL-MaLR	1296	-	172	54777683	29836
chr20	54747847	54947847	harbor2	chr20	54826865	54826970	LTR/ERVL-MaLR	1231	-	52	54826917	79070
chr20	54747847	54947847	harbor2	chr20	54827334	54827700	LTR/ERVL-MaLR	1231	-	183	54827517	79670
chr20	7139137	7339137	harbor2	chr20	7157702	7158006	LTR/ERVL-MaLR	609	-	152	7157854	18717
chr20	7139137	7339137	harbor2	chr20	7176217	7177660	LTR/ERVL-MaLR	9664	-	722	7176939	37802
chr20	7139137	7339137	harbor2	chr20	7177663	7178020	LTR/ERVL-MaLR	2129	-	178	7177841	38704
chr20	7139137	7339137	harbor2	chr20	7190148	7190338	LTR/ERVL-MaLR	546	-	95	7190243	51106
chr20	7139137	7339137	harbor2	chr20	7212420	7212544	LTR/ERVL-MaLR	478	-	62	7212482	73345
chr20	7139137	7339137	harbor2	chr20	7175853	7176216	LTR/ERVL-MaLR	2144	-	182	7176035	36898
chr20	21690466	21890466	harbor2	chr20	21726210	21726653	LTR/ERVL-MaLR	2462	-	222	21726432	35966
chr20	21690466	21890466	harbor2	chr20	21743335	21743667	LTR/ERVL-MaLR	1929	-	166	21743501	53035
chr20	21690466	21890466	harbor2	chr20	21744881	21745299	LTR/ERVL-MaLR	2125	-	209	21745090	54624
chr20	21690466	21890466	harbor2	chr20	21773287	21773496	LTR/ERVL-MaLR	454	-	104	21773391	82925
chr20	21690466	21890466	harbor2	chr20	21724690	21725227	LTR/ERVL-MaLR	1535	-	268	21724958	34492
chr20	62852545	63052545	harbor2	chr20	62870094	62870375	LTR/ERVL-MaLR	1739	-	140	62870234	17689
chr20	62852545	63052545	harbor2	chr20	62870690	62870780	LTR/ERVL-MaLR	1739	-	45	62870735	18190
chr20	56682454	56882454	harbor2	chr20	56693942	56694453	LTR/ERVL-MaLR	1005	-	256	56694198	11744
chr20	56682454	56882454	harbor2	chr20	56698603	56699026	LTR/ERVL-MaLR	601	-	212	56698815	16361
chr20	56682454	56882454	harbor2	chr20	56702238	56702408	LTR/ERVL-MaLR	867	-	85	56702323	19869
chr20	56682454	56882454	harbor2	chr20	56707729	56708106	LTR/ERVL-MaLR	1255	-	188	56707917	25463
chr20	56682454	56882454	harbor2	chr20	56709419	56709853	LTR/ERVL-MaLR	820	-	217	56709636	27182
chr20	56682454	56882454	harbor2	chr20	56713743	56714101	LTR/ERVL-MaLR	1044	-	179	56713922	31468
chr20	56682454	56882454	harbor2	chr20	56725217	56725323	LTR/ERVL-MaLR	689	-	53	56725270	42816
chr20	56682454	56882454	harbor2	chr20	56725632	56725747	LTR/ERVL-MaLR	689	-	58	56725690	43236
chr20	56682454	56882454	harbor2	chr20	56740202	56740533	LTR/ERVL-MaLR	1502	-	166	56740368	57914
chr20	56682454	56882454	harbor2	chr20	56740747	56741156	LTR/ERVL-MaLR	1885	-	204	56740951	58497
chr20	56682454	56882454	harbor2	chr20	56747622	56747941	LTR/ERVL-MaLR	699	-	160	56747782	65328
chr20	56682454	56882454	harbor2	chr20	56749723	56749877	LTR/ERVL-MaLR	586	-	77	56749800	67346
chr20	56682454	56882454	harbor2	chr20	56754973	56755598	LTR/ERVL-MaLR	2771	-	312	56755285	72831
chr20	56682454	56882454	harbor2	chr20	56755886	56755962	LTR/ERVL-MaLR	2771	-	38	56755924	73470
chr20	56682454	56882454	harbor2	chr20	56755964	56756355	LTR/ERVL-MaLR	2264	-	196	56756160	73706
chr20	56682454	56882454	harbor2	chr20	56757363	56757785	LTR/ERVL-MaLR	633	-	211	56757574	75120
chr20	56682454	56882454	harbor2	chr20	56761939	56762368	LTR/ERVL-MaLR	1547	-	214	56762153	79699
chr20	56682454	56882454	harbor2	chr20	56765941	56766166	LTR/ERVL-MaLR	663	-	112	56766053	83599
chr20	56682454	56882454	harbor2	chr20	56766565	56766955	LTR/ERVL-MaLR	1015	-	195	56766760	84306
chr20	56682454	56882454	harbor2	chr20	56768412	56768705	LTR/ERVL-MaLR	479	-	146	56768558	86104
chr20	56682454	56882454	harbor2	chr20	56773806	56774174	LTR/ERVL-MaLR	2247	-	184	56773990	91536
chr20	56682454	56882454	harbor2	chr20	56774484	56774736	LTR/ERVL-MaLR	2247	-	126	56774610	92156
chr20	56682454	56882454	harbor2	chr20	56774886	56774977	LTR/ERVL-MaLR	425	-	46	56774932	92478
chr20	45302503	45502503	harbor2	chr20	45322078	45322218	LTR/ERVL-MaLR	678	-	70	45322148	19645
chr20	45302503	45502503	harbor2	chr20	45384582	45384687	LTR/ERVL-MaLR	443	-	52	45384634	82131
chr20	45302503	45502503	harbor2	chr20	45391997	45392343	LTR/ERVL-MaLR	1460	-	173	45392170	89667
chr20	45302503	45502503	harbor2	chr20	45392575	45392744	LTR/ERVL-MaLR	802	-	84	45392659	90156
chr20	45302503	45502503	harbor2	chr20	45392997	45393206	LTR/ERVL-MaLR	965	-	104	45393101	90598
chr20	45302503	45502503	harbor2	chr20	45393751	45394206	LTR/ERVL-MaLR	1760	-	228	45393979	91476
chr20	45302503	45502503	harbor2	chr20	45395455	45395538	LTR/ERVL-MaLR	1760	-	42	45395497	92994
chr20	52165656	52365656	harbor2	chr20	52213690	52214101	LTR/ERVL-MaLR	1986	-	206	52213896	48240
chr20	52165656	52365656	harbor2	chr20	52220172	52220543	LTR/ERVL-MaLR	2458	-	186	52220358	54702
chr20	52165656	52365656	harbor2	chr20	52220550	52221967	LTR/ERVL-MaLR	9543	-	708	52221258	55602
chr20	52165656	52365656	harbor2	chr20	52221970	52222012	LTR/ERVL-MaLR	1668	-	21	52221991	56335
chr20	52165656	52365656	harbor2	chr20	52222310	52222539	LTR/ERVL-MaLR	1668	-	114	52222424	56768
chr20	52165656	52365656	harbor2	chr20	52224171	52224524	LTR/ERVL-MaLR	1253	-	176	52224347	58691
chr20	52165656	52365656	harbor2	chr20	52261542	52262048	LTR/ERVL-MaLR	917	-	253	52261795	96139
chr20	52165656	52365656	harbor2	chr20	52262779	52263141	LTR/ERVL-MaLR	2662	-	181	52262960	97304
chr20	57764562	57964562	harbor2	chr20	57800217	57800752	LTR/ERVL-MaLR	1055	-	268	57800485	35923
chr20	57764562	57964562	harbor2	chr20	57805867	57806155	LTR/ERVL-MaLR	748	-	144	57806011	41449
chr20	57764562	57964562	harbor2	chr20	57810721	57810983	LTR/ERVL-MaLR	467	-	131	57810852	46290
chr20	57764562	57964562	harbor2	chr20	57816005	57816308	LTR/ERVL-MaLR	469	-	152	57816157	51595
chr20	57764562	57964562	harbor2	chr20	57826761	57827159	LTR/ERVL-MaLR	534	-	199	57826960	62398
chr20	57764562	57964562	harbor2	chr20	57830850	57830933	LTR/ERVL-MaLR	385	-	42	57830892	66330
chr20	57764562	57964562	harbor2	chr20	57834783	57835177	LTR/ERVL-MaLR	1092	-	197	57834980	70418
chr20	57764562	57964562	harbor2	chr20	57847058	57847481	LTR/ERVL-MaLR	2632	-	212	57847270	82708
chr20	57764562	57964562	harbor2	chr20	57850957	57851106	LTR/ERVL-MaLR	625	-	74	57851031	86469
chr20	57764562	57964562	harbor2	chr20	57854083	57854642	LTR/ERVL-MaLR	1716	-	280	57854363	89801
chr20	57764562	57964562	harbor2	chr20	57857511	57857725	LTR/ERVL-MaLR	520	-	107	57857618	93056
chr20	49819952	50019952	harbor2	chr20	49825310	49825358	LTR/ERVL-MaLR	415	-	24	49825334	5382
chr20	49819952	50019952	harbor2	chr20	49825664	49825948	LTR/ERVL-MaLR	415	-	142	49825806	5854
chr20	49819952	50019952	harbor2	chr20	49842733	49843164	LTR/ERVL-MaLR	1214	-	216	49842949	22997
chr20	49819952	50019952	harbor2	chr20	49864911	49865038	LTR/ERVL-MaLR	427	-	64	49864975	45023
chr20	49819952	50019952	harbor2	chr20	49899907	49900255	LTR/ERVL-MaLR	1543	-	174	49900081	80129
chr20	49819952	50019952	harbor2	chr20	49901025	49901441	LTR/ERVL-MaLR	954	-	208	49901233	81281
chr20	41551960	41751960	harbor2	chr20	41607866	41608025	LTR/ERVL-MaLR	639	-	80	41607946	55986
chr20	41551960	41751960	harbor2	chr20	41623467	41623943	LTR/ERVL-MaLR	1334	-	238	41623705	71745
chr20	41551960	41751960	harbor2	chr20	41627810	41628208	LTR/ERVL-MaLR	2164	-	199	41628009	76049
chr20	41551960	41751960	harbor2	chr20	41632401	41632496	LTR/ERVL-MaLR	858	-	48	41632449	80489
chr20	41551960	41751960	harbor2	chr20	41632949	41633263	LTR/ERVL-MaLR	858	-	157	41633106	81146
chr20	13172221	13372221	harbor2	chr20	13193549	13193971	LTR/ERVL-MaLR	664	-	211	13193760	21539
chr20	13172221	13372221	harbor2	chr20	13198236	13198550	LTR/ERVL-MaLR	1459	-	157	13198393	26172
chr20	13172221	13372221	harbor2	chr20	13206521	13206866	LTR/ERVL-MaLR	698	-	172	13206693	34472
chr20	13172221	13372221	harbor2	chr20	13214249	13214515	LTR/ERVL-MaLR	494	-	133	13214382	42161
chr20	13172221	13372221	harbor2	chr20	13214618	13214798	LTR/ERVL-MaLR	416	-	90	13214708	42487
chr20	13172221	13372221	harbor2	chr20	13216634	13217027	LTR/ERVL-MaLR	943	-	196	13216830	44609
chr20	13172221	13372221	harbor2	chr20	13226439	13226937	LTR/ERVL-MaLR	1475	-	249	13226688	54467
chr20	13172221	13372221	harbor2	chr20	13236342	13236466	LTR/ERVL-MaLR	904	-	62	13236404	64183
chr20	13172221	13372221	harbor2	chr20	13236467	13237126	LTR/ERVL-MaLR	5278	-	330	13236797	64576
chr20	13172221	13372221	harbor2	chr20	13237132	13237208	LTR/ERVL-MaLR	599	-	38	13237170	64949
chr20	13172221	13372221	harbor2	chr20	13245118	13245572	LTR/ERVL-MaLR	1478	-	227	13245345	73124
chr20	13172221	13372221	harbor2	chr20	13260767	13261131	LTR/ERVL-MaLR	435	-	182	13260949	88728
chr20	13172221	13372221	harbor2	chr20	13261450	13261538	LTR/ERVL-MaLR	435	-	44	13261494	89273
chr20	13172221	13372221	harbor2	chr20	13265840	13266251	LTR/ERVL-MaLR	533	-	206	13266046	93825
chr20	13172221	13372221	harbor2	chr20	13205391	13205749	LTR/ERVL-MaLR	1334	-	179	13205570	33349
chr20	42562055	42762055	harbor2	chr20	42563821	42564174	LTR/ERVL-MaLR	1190	-	176	42563997	1942
chr20	42562055	42762055	harbor2	chr20	42570732	42570981	LTR/ERVL-MaLR	854	-	124	42570856	8801
chr20	42562055	42762055	harbor2	chr20	42571966	42572311	LTR/ERVL-MaLR	1744	-	172	42572138	10083
chr20	42562055	42762055	harbor2	chr20	42596920	42597388	LTR/ERVL-MaLR	1909	-	234	42597154	35099
chr20	42562055	42762055	harbor2	chr20	42597803	42597900	LTR/ERVL-MaLR	1909	-	48	42597851	35796
chr20	42562055	42762055	harbor2	chr20	42608882	42608970	LTR/ERVL-MaLR	427	-	44	42608926	46871
chr20	42562055	42762055	harbor2	chr20	42613943	42614391	LTR/ERVL-MaLR	2433	-	224	42614167	52112
chr20	42562055	42762055	harbor2	chr20	42620968	42621147	LTR/ERVL-MaLR	1233	-	90	42621058	59003
chr20	42562055	42762055	harbor2	chr20	42648730	42648799	LTR/ERVL-MaLR	2724	-	34	42648764	86709
chr20	42562055	42762055	harbor2	chr20	42649119	42649431	LTR/ERVL-MaLR	2724	-	156	42649275	87220
chr20	42562055	42762055	harbor2	chr20	42649910	42650161	LTR/ERVL-MaLR	389	-	126	42650036	87981
chr20	42562055	42762055	harbor2	chr20	42614705	42614903	LTR/ERVL-MaLR	1185	-	99	42614804	52749
chr20	39073199	39273199	harbor2	chr20	39082197	39082469	LTR/ERVL-MaLR	1355	-	136	39082333	9134
chr20	39073199	39273199	harbor2	chr20	39094757	39095091	LTR/ERVL-MaLR	1763	-	167	39094924	21725
chr20	39073199	39273199	harbor2	chr20	39095724	39095825	LTR/ERVL-MaLR	1763	-	50	39095774	22575
chr20	39073199	39273199	harbor2	chr20	39103748	39104200	LTR/ERVL-MaLR	1289	-	226	39103974	30775
chr20	39073199	39273199	harbor2	chr20	39106546	39106938	LTR/ERVL-MaLR	775	-	196	39106742	33543
chr20	39073199	39273199	harbor2	chr20	39117523	39118006	LTR/ERVL-MaLR	1648	-	242	39117765	44566
chr20	39073199	39273199	harbor2	chr20	39118672	39119127	LTR/ERVL-MaLR	402	-	228	39118900	45701
chr20	39073199	39273199	harbor2	chr20	39125315	39125805	LTR/ERVL-MaLR	1901	-	245	39125560	52361
chr20	39073199	39273199	harbor2	chr20	39140524	39140652	LTR/ERVL-MaLR	390	-	64	39140588	67389
chr20	39073199	39273199	harbor2	chr20	39141576	39141982	LTR/ERVL-MaLR	1153	-	203	39141779	68580
chr20	39073199	39273199	harbor2	chr20	39164216	39164236	LTR/ERVL-MaLR	524	-	10	39164226	91027
chr20	39073199	39273199	harbor2	chr20	39164656	39164992	LTR/ERVL-MaLR	524	-	168	39164824	91625
chr20	53451293	53651293	harbor2	chr20	53462276	53462447	LTR/ERVL-MaLR	999	-	86	53462362	11069
chr20	53451293	53651293	harbor2	chr20	53522769	53522920	LTR/ERVL-MaLR	447	-	76	53522845	71552
chr20	53451293	53651293	harbor2	chr20	53528553	53528599	LTR/ERVL-MaLR	1236	-	23	53528576	77283
chr20	53451293	53651293	harbor2	chr20	53528903	53529294	LTR/ERVL-MaLR	1236	-	196	53529099	77806
chr20	53451293	53651293	harbor2	chr20	53549741	53549779	LTR/ERVL-MaLR	2448	-	19	53549760	98467
chr20	53451293	53651293	harbor2	chr20	53550084	53550462	LTR/ERVL-MaLR	2448	-	189	53550273	98980
chr20	57905744	58105744	harbor2	chr20	57914895	57915312	LTR/ERVL-MaLR	2552	-	208	57915103	9359
chr20	57905744	58105744	harbor2	chr20	57920276	57920632	LTR/ERVL-MaLR	1270	-	178	57920454	14710
chr20	57905744	58105744	harbor2	chr20	57928308	57928477	LTR/ERVL-MaLR	393	-	84	57928392	22648
chr20	57905744	58105744	harbor2	chr20	57928969	57929233	LTR/ERVL-MaLR	504	-	132	57929101	23357
chr20	57905744	58105744	harbor2	chr20	57935379	57935704	LTR/ERVL-MaLR	2057	-	162	57935541	29797
chr20	57905744	58105744	harbor2	chr20	57939934	57940133	LTR/ERVL-MaLR	611	-	100	57940034	34290
chr20	57905744	58105744	harbor2	chr20	57964711	57964970	LTR/ERVL-MaLR	485	-	130	57964841	59097
chr20	57905744	58105744	harbor2	chr20	57968152	57968242	LTR/ERVL-MaLR	413	-	45	57968197	62453
chr20	57905744	58105744	harbor2	chr20	57968266	57968358	LTR/ERVL-MaLR	431	-	46	57968312	62568
chr20	57905744	58105744	harbor2	chr20	57972005	57972372	LTR/ERVL-MaLR	1392	-	184	57972189	66445
chr20	57905744	58105744	harbor2	chr20	57992659	57992951	LTR/ERVL-MaLR	557	-	146	57992805	87061
chr20	57905744	58105744	harbor2	chr20	57917288	57917651	LTR/ERVL-MaLR	1349	-	182	57917470	11726
chr20	39498304	39698304	harbor2	chr20	39594194	39594664	LTR/ERVL-MaLR	1299	-	235	39594429	96125
chr20	46969313	47169313	harbor2	chr20	46971188	46971640	LTR/ERVL-MaLR	1524	-	226	46971414	2101
chr20	46969313	47169313	harbor2	chr20	46978037	46978275	LTR/ERVL-MaLR	460	-	119	46978156	8843
chr20	46969313	47169313	harbor2	chr20	46986525	46986933	LTR/ERVL-MaLR	2202	-	204	46986729	17416
chr20	46969313	47169313	harbor2	chr20	46996671	46996882	LTR/ERVL-MaLR	1303	-	106	46996777	27464
chr20	46969313	47169313	harbor2	chr20	46997223	46997349	LTR/ERVL-MaLR	491	-	63	46997286	27973
chr20	46969313	47169313	harbor2	chr20	47004419	47004833	LTR/ERVL-MaLR	1196	-	207	47004626	35313
chr20	46969313	47169313	harbor2	chr20	47005442	47005635	LTR/ERVL-MaLR	610	-	96	47005538	36225
chr20	46969313	47169313	harbor2	chr20	47005891	47006339	LTR/ERVL-MaLR	1218	-	224	47006115	36802
chr20	46969313	47169313	harbor2	chr20	47010198	47010398	LTR/ERVL-MaLR	459	-	100	47010298	40985
chr20	46969313	47169313	harbor2	chr20	47030570	47030737	LTR/ERVL-MaLR	704	-	84	47030654	61341
chr20	46969313	47169313	harbor2	chr20	47030918	47031061	LTR/ERVL-MaLR	579	-	72	47030990	61677
chr20	46969313	47169313	harbor2	chr20	47034680	47035109	LTR/ERVL-MaLR	2080	-	214	47034894	65581
chr20	46969313	47169313	harbor2	chr20	47036922	47037308	LTR/ERVL-MaLR	2277	-	193	47037115	67802
chr20	46969313	47169313	harbor2	chr20	47037456	47037943	LTR/ERVL-MaLR	1745	-	244	47037700	68387
chr20	46969313	47169313	harbor2	chr20	47042687	47043011	LTR/ERVL-MaLR	559	-	162	47042849	73536
chr20	46969313	47169313	harbor2	chr20	47045034	47045538	LTR/ERVL-MaLR	1164	-	252	47045286	75973
chr20	46969313	47169313	harbor2	chr20	47045973	47046331	LTR/ERVL-MaLR	1932	-	179	47046152	76839
chr20	46969313	47169313	harbor2	chr20	47047718	47048168	LTR/ERVL-MaLR	1790	-	225	47047943	78630
chr20	46969313	47169313	harbor2	chr20	47055076	47055186	LTR/ERVL-MaLR	431	-	55	47055131	85818
chr20	46969313	47169313	harbor2	chr20	47060144	47060399	LTR/ERVL-MaLR	553	-	128	47060272	90959
chr20	46969313	47169313	harbor2	chr20	47064876	47065238	LTR/ERVL-MaLR	3021	-	181	47065057	95744
chr20	46969313	47169313	harbor2	chr20	47066605	47066782	LTR/ERVL-MaLR	640	-	88	47066693	97380
chr20	46969313	47169313	harbor2	chr20	47054812	47055048	LTR/ERVL-MaLR	463	-	118	47054930	85617
chr20	16082262	16282262	harbor2	chr20	16110376	16110877	LTR/ERVL-MaLR	2008	-	250	16110626	28364
chr20	16082262	16282262	harbor2	chr20	16120010	16120463	LTR/ERVL-MaLR	1893	-	226	16120236	37974
chr20	16082262	16282262	harbor2	chr20	16128567	16129010	LTR/ERVL-MaLR	1103	-	222	16128789	46527
chr20	16082262	16282262	harbor2	chr20	16133980	16134151	LTR/ERVL-MaLR	555	-	86	16134066	51804
chr20	16082262	16282262	harbor2	chr20	16134794	16134944	LTR/ERVL-MaLR	501	-	75	16134869	52607
chr20	16082262	16282262	harbor2	chr20	16170755	16170898	LTR/ERVL-MaLR	811	-	72	16170827	88565
chr20	16082262	16282262	harbor2	chr20	16177868	16178406	LTR/ERVL-MaLR	1047	-	269	16178137	95875
chr20	16082262	16282262	harbor2	chr20	16179709	16180134	LTR/ERVL-MaLR	896	-	212	16179921	97659
chr20	16082262	16282262	harbor2	chr20	16180281	16180678	LTR/ERVL-MaLR	1581	-	198	16180479	98217
chr20	16082262	16282262	harbor2	chr20	16180683	16181153	LTR/ERVL-MaLR	2536	-	235	16180918	98656
chr20	16082262	16282262	harbor2	chr20	16181438	16181560	LTR/ERVL-MaLR	595	-	61	16181499	99237
chr20	16082262	16282262	harbor2	chr20	16181554	16181810	LTR/ERVL-MaLR	1277	-	128	16181682	99420
chr20	16082262	16282262	harbor2	chr20	16181817	16182226	LTR/ERVL-MaLR	1164	-	204	16182021	99759
chr20	39920556	40120556	harbor2	chr20	39934020	39934378	LTR/ERVL-MaLR	2227	-	179	39934199	13643
chr20	39920556	40120556	harbor2	chr20	39948383	39948591	LTR/ERVL-MaLR	404	-	104	39948487	27931
chr20	39920556	40120556	harbor2	chr20	40016444	40016776	LTR/ERVL-MaLR	495	-	166	40016610	96054
chr20	33998335	34198335	harbor2	chr20	34021273	34021658	LTR/ERVL-MaLR	2105	-	192	34021465	23130
chr20	33998335	34198335	harbor2	chr20	34033344	34033761	LTR/ERVL-MaLR	2018	-	208	34033552	35217
chr20	33998335	34198335	harbor2	chr20	34066464	34066558	LTR/ERVL-MaLR	429	-	47	34066511	68176
chr20	33998335	34198335	harbor2	chr20	34066690	34066847	LTR/ERVL-MaLR	662	-	78	34066768	68433
chr20	33998335	34198335	harbor2	chr20	34070812	34071200	LTR/ERVL-MaLR	2316	-	194	34071006	72671
chr20	33998335	34198335	harbor2	chr20	34083114	34083499	LTR/ERVL-MaLR	895	-	192	34083306	84971
chr20	33998335	34198335	harbor2	chr20	34084031	34084171	LTR/ERVL-MaLR	456	-	70	34084101	85766
chr20	62854414	63054414	harbor2	chr20	62870094	62870375	LTR/ERVL-MaLR	1739	-	140	62870234	15820
chr20	62854414	63054414	harbor2	chr20	62870690	62870780	LTR/ERVL-MaLR	1739	-	45	62870735	16321
chr20	59560138	59760138	harbor2	chr20	59575354	59575754	LTR/ERVL-MaLR	530	-	200	59575554	15416
chr20	59560138	59760138	harbor2	chr20	59584837	59585047	LTR/ERVL-MaLR	818	-	105	59584942	24804
chr20	59560138	59760138	harbor2	chr20	59587487	59587732	LTR/ERVL-MaLR	1415	-	122	59587609	27471
chr20	59560138	59760138	harbor2	chr20	59587782	59588086	LTR/ERVL-MaLR	1415	-	152	59587934	27796
chr20	59560138	59760138	harbor2	chr20	59590652	59590917	LTR/ERVL-MaLR	1200	-	132	59590784	30646
chr20	59560138	59760138	harbor2	chr20	59612737	59613143	LTR/ERVL-MaLR	2709	-	203	59612940	52802
chr20	59560138	59760138	harbor2	chr20	59613172	59613534	LTR/ERVL-MaLR	455	-	181	59613353	53215
chr20	59560138	59760138	harbor2	chr20	59615741	59615908	LTR/ERVL-MaLR	537	-	84	59615825	55687
chr20	59560138	59760138	harbor2	chr20	59629397	59629605	LTR/ERVL-MaLR	680	-	104	59629501	69363
chr20	59560138	59760138	harbor2	chr20	59647052	59647404	LTR/ERVL-MaLR	2379	-	176	59647228	87090
chr20	59042868	59242868	harbor2	chr20	59071249	59071556	LTR/ERVL-MaLR	719	-	154	59071403	28535
chr20	59042868	59242868	harbor2	chr20	59106883	59107272	LTR/ERVL-MaLR	461	-	194	59107077	64209
chr20	59042868	59242868	harbor2	chr20	59108265	59108700	LTR/ERVL-MaLR	1634	-	218	59108483	65615
chr20	59042868	59242868	harbor2	chr20	59135150	59135305	LTR/ERVL-MaLR	781	-	78	59135228	92360
chr20	59042868	59242868	harbor2	chr20	59135988	59136390	LTR/ERVL-MaLR	1473	-	201	59136189	93321
chr20	19458647	19658647	harbor2	chr20	19499250	19499472	LTR/ERVL-MaLR	710	-	111	19499361	40714
chr20	19458647	19658647	harbor2	chr20	19499592	19499720	LTR/ERVL-MaLR	733	-	64	19499656	41009
chr20	19458647	19658647	harbor2	chr20	19507373	19507757	LTR/ERVL-MaLR	787	-	192	19507565	48918
chr20	19458647	19658647	harbor2	chr20	19516392	19516818	LTR/ERVL-MaLR	790	-	213	19516605	57958
chr20	19458647	19658647	harbor2	chr20	19533042	19533394	LTR/ERVL-MaLR	532	-	176	19533218	74571
chr20	19458647	19658647	harbor2	chr20	19535174	19535579	LTR/ERVL-MaLR	1503	-	202	19535376	76729
chr20	19458647	19658647	harbor2	chr20	19535770	19536104	LTR/ERVL-MaLR	1263	-	167	19535937	77290
chr20	19458647	19658647	harbor2	chr20	19548425	19548465	LTR/ERVL-MaLR	1190	-	20	19548445	89798
chr20	19458647	19658647	harbor2	chr20	19548466	19548864	LTR/ERVL-MaLR	1124	-	199	19548665	90018
chr20	19458647	19658647	harbor2	chr20	19548865	19549225	LTR/ERVL-MaLR	1190	-	180	19549045	90398
chr20	19458647	19658647	harbor2	chr20	19555875	19556239	LTR/ERVL-MaLR	2229	-	182	19556057	97410
chr21	17511820	17711820	harbor2	chr21	17539917	17540288	LTR/ERVL-MaLR	1354	-	186	17540103	28283
chr21	17511820	17711820	harbor2	chr21	17546338	17546694	LTR/ERVL-MaLR	2307	-	178	17546516	34696
chr21	17511820	17711820	harbor2	chr21	17570425	17570695	LTR/ERVL-MaLR	1147	-	135	17570560	58740
chr21	17511820	17711820	harbor2	chr21	17572981	17573365	LTR/ERVL-MaLR	1030	-	192	17573173	61353
chr21	39189910	39389910	harbor2	chr21	39287891	39288414	LTR/ERVL-MaLR	1809	-	262	39288153	98243
chr21	46462306	46662306	harbor2	chr21	46464460	46464793	LTR/ERVL-MaLR	1312	-	166	46464626	2320
chr21	46462306	46662306	harbor2	chr21	46480112	46480470	LTR/ERVL-MaLR	2415	-	179	46480291	17985
chr21	46462306	46662306	harbor2	chr21	46489524	46489661	LTR/ERVL-MaLR	487	-	68	46489592	27286
chr21	25455653	25655653	harbor2	chr21	25468912	25469359	LTR/ERVL-MaLR	1798	-	224	25469136	13483
chr21	25455653	25655653	harbor2	chr21	25471058	25471172	LTR/ERVL-MaLR	650	-	57	25471115	15462
chr21	25455653	25655653	harbor2	chr21	25483035	25483164	LTR/ERVL-MaLR	993	-	64	25483099	27446
chr21	25455653	25655653	harbor2	chr21	25500193	25500566	LTR/ERVL-MaLR	1426	-	186	25500379	44726
chr21	25455653	25655653	harbor2	chr21	25501926	25502182	LTR/ERVL-MaLR	1751	-	128	25502054	46401
chr21	25455653	25655653	harbor2	chr21	25502212	25502346	LTR/ERVL-MaLR	943	-	67	25502279	46626
chr21	25455653	25655653	harbor2	chr21	25502350	25502687	LTR/ERVL-MaLR	1987	-	168	25502518	46865
chr21	25455653	25655653	harbor2	chr21	25513752	25514152	LTR/ERVL-MaLR	2402	-	200	25513952	58299
chr21	25455653	25655653	harbor2	chr21	25515726	25516361	LTR/ERVL-MaLR	2618	-	318	25516044	60391
chr21	25455653	25655653	harbor2	chr21	25529172	25529619	LTR/ERVL-MaLR	1332	-	224	25529396	73743
chr21	25455653	25655653	harbor2	chr21	25543416	25543832	LTR/ERVL-MaLR	2439	-	208	25543624	87971
chr21	25455653	25655653	harbor2	chr21	25543839	25545074	LTR/ERVL-MaLR	9258	-	618	25544457	88804
chr21	25455653	25655653	harbor2	chr21	25545387	25545793	LTR/ERVL-MaLR	9258	-	203	25545590	89937
chr21	25455653	25655653	harbor2	chr21	25545802	25546191	LTR/ERVL-MaLR	2273	-	194	25545996	90343
chr21	25455653	25655653	harbor2	chr21	25546316	25546790	LTR/ERVL-MaLR	1815	-	237	25546553	90900
chr21	25455653	25655653	harbor2	chr21	25549764	25550179	LTR/ERVL-MaLR	2460	-	208	25549972	94319
chr21	25455653	25655653	harbor2	chr21	25551555	25551964	LTR/ERVL-MaLR	2615	-	204	25551759	96106
chr21	23714425	23914425	harbor2	chr21	23718991	23719155	LTR/ERVL-MaLR	853	-	82	23719073	4648
chr21	23714425	23914425	harbor2	chr21	23724676	23725027	LTR/ERVL-MaLR	1542	-	176	23724852	10427
chr21	23714425	23914425	harbor2	chr21	23745463	23745810	LTR/ERVL-MaLR	2129	-	174	23745637	31212
chr21	23714425	23914425	harbor2	chr21	23745815	23747330	LTR/ERVL-MaLR	9539	-	758	23746573	32148
chr21	23714425	23914425	harbor2	chr21	23747331	23747684	LTR/ERVL-MaLR	2047	-	176	23747507	33082
chr21	23714425	23914425	harbor2	chr21	23801321	23801693	LTR/ERVL-MaLR	2444	-	186	23801507	87082
chr21	23714425	23914425	harbor2	chr21	23802068	23802707	LTR/ERVL-MaLR	1792	-	320	23802388	87963
chr21	23714425	23914425	harbor2	chr21	23806790	23806834	LTR/ERVL-MaLR	818	-	22	23806812	92387
chr21	23714425	23914425	harbor2	chr21	23808315	23808638	LTR/ERVL-MaLR	818	-	162	23808477	94052
chr21	23714425	23914425	harbor2	chr21	23811820	23812191	LTR/ERVL-MaLR	1522	-	186	23812006	97581
chr21	27894491	28094491	harbor2	chr21	27967404	27967799	LTR/ERVL-MaLR	1992	-	198	27967602	73111
chr21	34833681	35033681	harbor2	chr21	34862396	34862778	LTR/ERVL-MaLR	1518	-	191	34862587	28906
chr21	34833681	35033681	harbor2	chr21	34924722	34925081	LTR/ERVL-MaLR	1723	-	180	34924902	91221
chr21	14196599	14396599	harbor2	chr21	14223382	14223643	LTR/ERVL-MaLR	2479	-	130	14223512	26913
chr21	14196599	14396599	harbor2	chr21	14224106	14224299	LTR/ERVL-MaLR	2479	-	96	14224202	27603
chr21	14196599	14396599	harbor2	chr21	14247586	14247999	LTR/ERVL-MaLR	2527	-	206	14247792	51193
chr21	14196599	14396599	harbor2	chr21	14277866	14278228	LTR/ERVL-MaLR	999	-	181	14278047	81448
chr21	14196599	14396599	harbor2	chr21	14284400	14284769	LTR/ERVL-MaLR	2518	-	184	14284584	87985
chr21	14196599	14396599	harbor2	chr21	14294485	14294851	LTR/ERVL-MaLR	2000	-	183	14294668	98069
chr21	38042328	38242328	harbor2	chr21	38044021	38044376	LTR/ERVL-MaLR	2235	-	178	38044199	1871
chr21	38042328	38242328	harbor2	chr21	38055484	38055843	LTR/ERVL-MaLR	1027	-	180	38055664	13336
chr21	38042328	38242328	harbor2	chr21	38063360	38063724	LTR/ERVL-MaLR	2176	-	182	38063542	21214
chr21	38042328	38242328	harbor2	chr21	38063753	38064063	LTR/ERVL-MaLR	1297	-	155	38063908	21580
chr21	38042328	38242328	harbor2	chr21	38064060	38064168	LTR/ERVL-MaLR	539	-	54	38064114	21786
chr21	38042328	38242328	harbor2	chr21	38064164	38064391	LTR/ERVL-MaLR	1042	-	114	38064278	21950
chr21	38042328	38242328	harbor2	chr21	38066737	38066801	LTR/ERVL-MaLR	1034	-	32	38066769	24441
chr21	38042328	38242328	harbor2	chr21	38067101	38067503	LTR/ERVL-MaLR	1034	-	201	38067302	24974
chr21	38042328	38242328	harbor2	chr21	38090298	38090431	LTR/ERVL-MaLR	781	-	66	38090364	48036
chr21	38042328	38242328	harbor2	chr21	38107087	38107506	LTR/ERVL-MaLR	2476	-	210	38107297	64969
chr21	44097865	44297865	harbor2	chr21	44156534	44156879	LTR/ERVL-MaLR	557	-	172	44156706	58841
chr21	44097865	44297865	harbor2	chr21	44157832	44158129	LTR/ERVL-MaLR	745	-	148	44157980	60115
chr21	44097865	44297865	harbor2	chr21	44178203	44178552	LTR/ERVL-MaLR	581	-	174	44178377	80512
chr21	39994405	40194405	harbor2	chr21	39999835	39999990	LTR/ERVL-MaLR	716	-	78	39999913	5508
chr21	39994405	40194405	harbor2	chr21	40000060	40000242	LTR/ERVL-MaLR	627	-	91	40000151	5746
chr21	39994405	40194405	harbor2	chr21	40091615	40091979	LTR/ERVL-MaLR	2789	-	182	40091797	97392
chr21	42905253	43105253	harbor2	chr21	42992453	42992700	LTR/ERVL-MaLR	806	-	124	42992577	87324
chr21	42905253	43105253	harbor2	chr21	42992953	42993187	LTR/ERVL-MaLR	565	-	117	42993070	87817
chr21	42905253	43105253	harbor2	chr21	42998037	42998392	LTR/ERVL-MaLR	2221	-	178	42998215	92962
chr21	42905253	43105253	harbor2	chr21	42998397	42999474	LTR/ERVL-MaLR	9516	-	538	42998935	93682
chr21	42905253	43105253	harbor2	chr21	42999778	43000000	LTR/ERVL-MaLR	9516	-	111	42999889	94636
chr21	42905253	43105253	harbor2	chr21	43000001	43000265	LTR/ERVL-MaLR	1869	-	132	43000133	94880
chr21	42905253	43105253	harbor2	chr21	43000267	43000621	LTR/ERVL-MaLR	2210	-	177	43000444	95191
chr21	35407864	35607864	harbor2	chr21	35421111	35421526	LTR/ERVL-MaLR	2494	-	208	35421319	13455
chr21	35407864	35607864	harbor2	chr21	35445360	35445645	LTR/ERVL-MaLR	1536	-	142	35445502	37638
chr21	35407864	35607864	harbor2	chr21	35445943	35446084	LTR/ERVL-MaLR	1536	-	70	35446013	38149
chr21	35407864	35607864	harbor2	chr21	35449706	35449804	LTR/ERVL-MaLR	548	-	49	35449755	41891
chr21	35407864	35607864	harbor2	chr21	35449809	35450232	LTR/ERVL-MaLR	2382	-	212	35450021	42157
chr21	35407864	35607864	harbor2	chr21	35450243	35451721	LTR/ERVL-MaLR	6674	-	739	35450982	43118
chr21	35407864	35607864	harbor2	chr21	35451722	35452177	LTR/ERVL-MaLR	2159	-	228	35451950	44086
chr21	35407864	35607864	harbor2	chr21	35452178	35452550	LTR/ERVL-MaLR	970	-	186	35452364	44500
chr21	46607339	46807339	harbor2	chr21	46617056	46617426	LTR/ERVL-MaLR	2801	-	185	46617241	9902
chr21	46607339	46807339	harbor2	chr21	46625432	46625796	LTR/ERVL-MaLR	686	-	182	46625614	18275
chr21	46607339	46807339	harbor2	chr21	46625960	46626506	LTR/ERVL-MaLR	1126	-	273	46626233	18894
chr21	46607339	46807339	harbor2	chr21	46626687	46627153	LTR/ERVL-MaLR	507	-	233	46626920	19581
chr21	46607339	46807339	harbor2	chr21	46627202	46627578	LTR/ERVL-MaLR	2588	-	188	46627390	20051
chr21	46607339	46807339	harbor2	chr21	46628446	46628749	LTR/ERVL-MaLR	561	-	152	46628598	21259
chr21	46607339	46807339	harbor2	chr21	46646802	46647081	LTR/ERVL-MaLR	685	-	140	46646942	39603
chr21	46607339	46807339	harbor2	chr21	46671415	46671941	LTR/ERVL-MaLR	1279	-	263	46671678	64339
chr21	46607339	46807339	harbor2	chr21	46682425	46682708	LTR/ERVL-MaLR	620	-	142	46682567	75228
chr21	46607339	46807339	harbor2	chr21	46686630	46687073	LTR/ERVL-MaLR	1782	-	222	46686852	79513
chr21	45980230	46180230	harbor2	chr21	46007950	46008000	LTR/ERVL-MaLR	1967	-	25	46007975	27745
chr21	45980230	46180230	harbor2	chr21	46008316	46008632	LTR/ERVL-MaLR	1967	-	158	46008474	28244
chr21	45980230	46180230	harbor2	chr21	46013914	46014186	LTR/ERVL-MaLR	1127	-	136	46014050	33820
chr21	45980230	46180230	harbor2	chr21	46018539	46018915	LTR/ERVL-MaLR	1225	-	188	46018727	38497
chr21	45980230	46180230	harbor2	chr21	46071580	46071892	LTR/ERVL-MaLR	947	-	156	46071736	91506
chr21	44002399	44202399	harbor2	chr21	44019627	44019760	LTR/ERVL-MaLR	585	-	66	44019693	17294
chr21	44002399	44202399	harbor2	chr21	44029597	44029928	LTR/ERVL-MaLR	991	-	166	44029763	27364
chr21	15637369	15837369	harbor2	chr21	15642928	15643401	LTR/ERVL-MaLR	1959	-	236	15643164	5795
chr21	15637369	15837369	harbor2	chr21	15671451	15671876	LTR/ERVL-MaLR	658	-	212	15671663	34294
chr21	15637369	15837369	harbor2	chr21	15676068	15676232	LTR/ERVL-MaLR	573	-	82	15676150	38781
chr21	15637369	15837369	harbor2	chr21	15685367	15685873	LTR/ERVL-MaLR	1809	-	253	15685620	48251
chr21	15637369	15837369	harbor2	chr21	15699499	15699874	LTR/ERVL-MaLR	2571	-	188	15699687	62318
chr21	15637369	15837369	harbor2	chr21	15721783	15722393	LTR/ERVL-MaLR	3075	-	305	15722088	84719
chr21	15637369	15837369	harbor2	chr21	15722394	15722810	LTR/ERVL-MaLR	2345	-	208	15722602	85233
chr21	15637369	15837369	harbor2	chr21	15727456	15727874	LTR/ERVL-MaLR	1630	-	209	15727665	90296
chr21	43695506	43895506	harbor2	chr21	43704292	43704550	LTR/ERVL-MaLR	808	-	129	43704421	8915
chr21	43695506	43895506	harbor2	chr21	43722499	43722833	LTR/ERVL-MaLR	494	-	167	43722666	27160
chr21	43695506	43895506	harbor2	chr21	43731198	43731454	LTR/ERVL-MaLR	547	-	128	43731326	35820
chr21	43695506	43895506	harbor2	chr21	43739418	43739773	LTR/ERVL-MaLR	2062	-	178	43739596	44090
chr21	43695506	43895506	harbor2	chr21	43751199	43751266	LTR/ERVL-MaLR	1083	-	34	43751233	55727
chr21	43695506	43895506	harbor2	chr21	43751581	43751873	LTR/ERVL-MaLR	1083	-	146	43751727	56221
chr21	43695506	43895506	harbor2	chr21	43763056	43763499	LTR/ERVL-MaLR	1661	-	222	43763278	67772
chr21	43695506	43895506	harbor2	chr21	43771602	43771971	LTR/ERVL-MaLR	2830	-	184	43771786	76280
chr21	25818192	26018192	harbor2	chr21	25836797	25837263	LTR/ERVL-MaLR	1952	-	233	25837030	18838
chr21	25818192	26018192	harbor2	chr21	25838445	25838907	LTR/ERVL-MaLR	1376	-	231	25838676	20484
chr21	25818192	26018192	harbor2	chr21	25839252	25839291	LTR/ERVL-MaLR	2054	-	20	25839272	21080
chr21	25818192	26018192	harbor2	chr21	25839602	25839950	LTR/ERVL-MaLR	2054	-	174	25839776	21584
chr21	25818192	26018192	harbor2	chr21	25840344	25840568	LTR/ERVL-MaLR	1240	-	112	25840456	22264
chr21	25818192	26018192	harbor2	chr21	25853170	25853564	LTR/ERVL-MaLR	2149	-	197	25853367	35175
chr21	25818192	26018192	harbor2	chr21	25862141	25862512	LTR/ERVL-MaLR	1660	-	186	25862327	44135
chr21	25818192	26018192	harbor2	chr21	25871616	25871841	LTR/ERVL-MaLR	801	-	112	25871728	53536
chr21	30123654	30323654	harbor2	chr21	30131915	30132278	LTR/ERVL-MaLR	1783	-	182	30132097	8443
chr21	30123654	30323654	harbor2	chr21	30132288	30133888	LTR/ERVL-MaLR	9517	-	800	30133088	9434
chr21	30123654	30323654	harbor2	chr21	30133889	30134249	LTR/ERVL-MaLR	1783	-	180	30134069	10415
chr21	30123654	30323654	harbor2	chr21	30150195	30150696	LTR/ERVL-MaLR	1504	-	250	30150445	26791
chr21	30123654	30323654	harbor2	chr21	30156793	30157149	LTR/ERVL-MaLR	2255	-	178	30156971	33317
chr21	30123654	30323654	harbor2	chr21	30161446	30161853	LTR/ERVL-MaLR	1578	-	204	30161650	37996
chr21	30123654	30323654	harbor2	chr21	30191752	30191979	LTR/ERVL-MaLR	1072	-	114	30191866	68212
chr21	30123654	30323654	harbor2	chr21	30192034	30192321	LTR/ERVL-MaLR	1072	-	144	30192178	68524
chr21	30123654	30323654	harbor2	chr21	30220078	30220452	LTR/ERVL-MaLR	1188	-	187	30220265	96611
chr21	19251643	19451643	harbor2	chr21	19258634	19258965	LTR/ERVL-MaLR	1446	-	166	19258800	7157
chr21	19251643	19451643	harbor2	chr21	19271978	19272336	LTR/ERVL-MaLR	1923	-	179	19272157	20514
chr21	19251643	19451643	harbor2	chr21	19315659	19316018	LTR/ERVL-MaLR	1748	-	180	19315839	64196
chr21	19251643	19451643	harbor2	chr21	19316335	19316618	LTR/ERVL-MaLR	1170	-	142	19316477	64834
chr21	19251643	19451643	harbor2	chr21	19335497	19335709	LTR/ERVL-MaLR	1955	-	106	19335603	83960
chr21	19251643	19451643	harbor2	chr21	19335999	19336164	LTR/ERVL-MaLR	1955	-	82	19336081	84438
chr21	19251643	19451643	harbor2	chr21	19316619	19317625	LTR/ERVL-MaLR	6421	-	503	19317122	65479
chr21	31895891	32095891	harbor2	chr21	31896909	31896962	LTR/ERVL-MaLR	1646	-	26	31896935	1044
chr21	31895891	32095891	harbor2	chr21	31897267	31897666	LTR/ERVL-MaLR	1646	-	200	31897467	1576
chr21	31895891	32095891	harbor2	chr21	31899178	31899628	LTR/ERVL-MaLR	2341	-	225	31899403	3512
chr21	31895891	32095891	harbor2	chr21	31900829	31901235	LTR/ERVL-MaLR	1579	-	203	31901032	5141
chr21	31895891	32095891	harbor2	chr21	31910135	31910447	LTR/ERVL-MaLR	1335	-	156	31910291	14400
chr21	31895891	32095891	harbor2	chr21	31914539	31914910	LTR/ERVL-MaLR	1755	-	186	31914725	18834
chr21	31895891	32095891	harbor2	chr21	31918411	31918886	LTR/ERVL-MaLR	1661	-	238	31918649	22758
chr21	31895891	32095891	harbor2	chr21	31919927	31920338	LTR/ERVL-MaLR	1429	-	206	31920133	24242
chr21	31895891	32095891	harbor2	chr21	31949646	31949894	LTR/ERVL-MaLR	1650	-	124	31949770	53879
chr21	31895891	32095891	harbor2	chr21	31960497	31960847	LTR/ERVL-MaLR	2474	-	175	31960672	64781
chr21	31895891	32095891	harbor2	chr21	31961880	31962280	LTR/ERVL-MaLR	1055	-	200	31962080	66189
chr21	31895891	32095891	harbor2	chr21	31984836	31985179	LTR/ERVL-MaLR	2368	-	172	31985008	89117
chr21	31895891	32095891	harbor2	chr21	31989124	31989295	LTR/ERVL-MaLR	927	-	86	31989210	93319
chr21	40003845	40203845	harbor2	chr21	40094985	40095349	LTR/ERVL-MaLR	2157	-	182	40095167	91322
chr21	40003845	40203845	harbor2	chr21	40091615	40091979	LTR/ERVL-MaLR	2789	-	182	40091797	87952
chr21	37284892	37484892	harbor2	chr21	37285934	37286225	LTR/ERVL-MaLR	1258	-	146	37286080	1188
chr21	37284892	37484892	harbor2	chr21	37286530	37286703	LTR/ERVL-MaLR	1258	-	86	37286616	1724
chr21	37284892	37484892	harbor2	chr21	37334639	37334877	LTR/ERVL-MaLR	1976	-	119	37334758	49866
chr21	37284892	37484892	harbor2	chr21	37335186	37335345	LTR/ERVL-MaLR	1976	-	80	37335266	50374
chr21	37284892	37484892	harbor2	chr21	37342256	37342633	LTR/ERVL-MaLR	2663	-	188	37342444	57552
chr21	37284892	37484892	harbor2	chr21	37363632	37363991	LTR/ERVL-MaLR	1417	-	180	37363812	78920
chr21	37284892	37484892	harbor2	chr21	37373660	37373869	LTR/ERVL-MaLR	728	-	104	37373764	88872
chr21	27489168	27689168	harbor2	chr21	27500905	27501067	LTR/ERVL-MaLR	697	-	81	27500986	11818
chr21	27489168	27689168	harbor2	chr21	27506077	27506370	LTR/ERVL-MaLR	1536	-	146	27506223	17055
chr21	27489168	27689168	harbor2	chr21	27510585	27510927	LTR/ERVL-MaLR	1243	-	171	27510756	21588
chr21	27489168	27689168	harbor2	chr21	27510928	27511390	LTR/ERVL-MaLR	1838	-	231	27511159	21991
chr21	27489168	27689168	harbor2	chr21	27511648	27512193	LTR/ERVL-MaLR	1494	-	272	27511920	22752
chr21	27489168	27689168	harbor2	chr21	27512200	27512551	LTR/ERVL-MaLR	1232	-	176	27512376	23208
chr21	27489168	27689168	harbor2	chr21	27551212	27551574	LTR/ERVL-MaLR	2516	-	181	27551393	62225
chr21	27489168	27689168	harbor2	chr21	27551575	27553161	LTR/ERVL-MaLR	9954	-	793	27552368	63200
chr21	27489168	27689168	harbor2	chr21	27553164	27553515	LTR/ERVL-MaLR	2375	-	176	27553340	64172
chr21	27489168	27689168	harbor2	chr21	27562255	27562694	LTR/ERVL-MaLR	1278	-	220	27562475	73307
chr21	27489168	27689168	harbor2	chr21	27582928	27583157	LTR/ERVL-MaLR	492	-	114	27583042	93874
chr21	34437425	34637425	harbor2	chr21	34442637	34443009	LTR/ERVL-MaLR	2700	-	186	34442823	5398
chr21	34437425	34637425	harbor2	chr21	34447798	34448200	LTR/ERVL-MaLR	1312	-	201	34447999	10574
chr21	34437425	34637425	harbor2	chr21	34448816	34449064	LTR/ERVL-MaLR	643	-	124	34448940	11515
chr21	34437425	34637425	harbor2	chr21	34461795	34462169	LTR/ERVL-MaLR	2490	-	187	34461982	24557
chr21	34437425	34637425	harbor2	chr21	34474458	34474861	LTR/ERVL-MaLR	2122	-	202	34474660	37235
chr21	34437425	34637425	harbor2	chr21	34509047	34509440	LTR/ERVL-MaLR	1950	-	196	34509243	71818
chr21	34437425	34637425	harbor2	chr21	34509960	34510189	LTR/ERVL-MaLR	1950	-	114	34510074	72649
chr21	45621915	45821915	harbor2	chr21	45631281	45631503	LTR/ERVL-MaLR	587	-	111	45631392	9477
chr21	45621915	45821915	harbor2	chr21	45646453	45646568	LTR/ERVL-MaLR	732	-	58	45646511	24596
chr21	45621915	45821915	harbor2	chr21	45646569	45646754	LTR/ERVL-MaLR	1147	-	92	45646661	24746
chr21	45621915	45821915	harbor2	chr21	45649028	45649375	LTR/ERVL-MaLR	2295	-	174	45649202	27287
chr21	45621915	45821915	harbor2	chr21	45671235	45671546	LTR/ERVL-MaLR	675	-	156	45671391	49476
chr21	45621915	45821915	harbor2	chr21	45671943	45671976	LTR/ERVL-MaLR	1352	-	16	45671959	50044
chr21	45621915	45821915	harbor2	chr21	45672371	45673084	LTR/ERVL-MaLR	1352	-	356	45672727	50812
chr21	45621915	45821915	harbor2	chr21	45680857	45681226	LTR/ERVL-MaLR	1460	-	184	45681041	59126
chr21	45621915	45821915	harbor2	chr21	45699547	45699909	LTR/ERVL-MaLR	2376	-	181	45699728	77813
chr21	45621915	45821915	harbor2	chr21	45699910	45700038	LTR/ERVL-MaLR	887	-	64	45699974	78059
chr21	45621915	45821915	harbor2	chr21	45716360	45716733	LTR/ERVL-MaLR	1610	-	186	45716546	94631
chr21	42070245	42270245	harbor2	chr21	42087701	42088086	LTR/ERVL-MaLR	2108	-	192	42087893	17648
chr21	42070245	42270245	harbor2	chr21	42094841	42095089	LTR/ERVL-MaLR	1690	-	124	42094965	24720
chr21	42070245	42270245	harbor2	chr21	42095395	42095682	LTR/ERVL-MaLR	1690	-	144	42095539	25294
chr21	42070245	42270245	harbor2	chr21	42128848	42129262	LTR/ERVL-MaLR	1650	-	207	42129055	58810
chr21	42070245	42270245	harbor2	chr21	42133520	42133883	LTR/ERVL-MaLR	913	-	182	42133702	63457
chr21	42070245	42270245	harbor2	chr21	42139239	42139552	LTR/ERVL-MaLR	1763	-	156	42139395	69150
chr21	42070245	42270245	harbor2	chr21	42157592	42158057	LTR/ERVL-MaLR	1453	-	232	42157824	87579
chr21	42070245	42270245	harbor2	chr21	42074044	42074457	LTR/ERVL-MaLR	1626	-	206	42074250	4005
chr21	30033587	30233587	harbor2	chr21	30057000	30057382	LTR/ERVL-MaLR	2742	-	191	30057191	23604
chr21	30033587	30233587	harbor2	chr21	30073512	30073874	LTR/ERVL-MaLR	1702	-	181	30073693	40106
chr21	30033587	30233587	harbor2	chr21	30079179	30079650	LTR/ERVL-MaLR	1355	-	236	30079415	45828
chr21	30033587	30233587	harbor2	chr21	30087148	30087578	LTR/ERVL-MaLR	1372	-	215	30087363	53776
chr21	30033587	30233587	harbor2	chr21	30112065	30112431	LTR/ERVL-MaLR	1764	-	183	30112248	78661
chr21	30033587	30233587	harbor2	chr21	30131915	30132278	LTR/ERVL-MaLR	1783	-	182	30132097	98510
chr21	30033587	30233587	harbor2	chr21	30132288	30133888	LTR/ERVL-MaLR	9517	-	800	30133088	99501
chr21	42725769	42925769	harbor2	chr21	42735004	42735209	LTR/ERVL-MaLR	720	-	102	42735106	9337
chr21	42725769	42925769	harbor2	chr21	42735384	42735858	LTR/ERVL-MaLR	1363	-	237	42735621	9852
chr21	42725769	42925769	harbor2	chr21	42746269	42746684	LTR/ERVL-MaLR	1588	-	208	42746477	20708
chr21	42725769	42925769	harbor2	chr21	42757487	42757656	LTR/ERVL-MaLR	717	-	84	42757571	31802
chr21	42725769	42925769	harbor2	chr21	42757702	42757950	LTR/ERVL-MaLR	566	-	124	42757826	32057
chr21	42725769	42925769	harbor2	chr21	42784027	42784489	LTR/ERVL-MaLR	693	-	231	42784258	58489
chr21	42725769	42925769	harbor2	chr21	42787058	42787221	LTR/ERVL-MaLR	505	-	82	42787140	61371
chr21	42725769	42925769	harbor2	chr21	42816613	42816932	LTR/ERVL-MaLR	2152	-	160	42816773	91004
chr21	42725769	42925769	harbor2	chr21	42817247	42817329	LTR/ERVL-MaLR	2152	-	41	42817288	91519
chr21	7320018	7520018	harbor2	chr21	7394903	7395221	LTR/ERVL-MaLR	753	-	159	7395062	75044
chr21	7320018	7520018	harbor2	chr21	7414537	7414866	LTR/ERVL-MaLR	613	-	164	7414701	94683
chr21	24427357	24627357	harbor2	chr21	24436248	24436783	LTR/ERVL-MaLR	1125	-	268	24436516	9159
chr21	24427357	24627357	harbor2	chr21	24439366	24439734	LTR/ERVL-MaLR	1828	-	184	24439550	12193
chr21	24427357	24627357	harbor2	chr21	24442277	24442671	LTR/ERVL-MaLR	1821	-	197	24442474	15117
chr21	24427357	24627357	harbor2	chr21	24446919	24447297	LTR/ERVL-MaLR	1668	-	189	24447108	19751
chr21	24427357	24627357	harbor2	chr21	24447298	24447659	LTR/ERVL-MaLR	2538	-	180	24447478	20121
chr21	24427357	24627357	harbor2	chr21	24447659	24448001	LTR/ERVL-MaLR	1587	-	171	24447830	20473
chr21	24427357	24627357	harbor2	chr21	24449219	24449518	LTR/ERVL-MaLR	993	-	150	24449369	22012
chr21	24427357	24627357	harbor2	chr21	24493438	24493729	LTR/ERVL-MaLR	1971	-	146	24493584	66227
chr21	24427357	24627357	harbor2	chr21	24505532	24505844	LTR/ERVL-MaLR	979	-	156	24505688	78331
chr21	24427357	24627357	harbor2	chr21	24507419	24507607	LTR/ERVL-MaLR	806	-	94	24507513	80156
chr21	24427357	24627357	harbor2	chr21	24516568	24516796	LTR/ERVL-MaLR	1028	-	114	24516682	89325
chr21	24427357	24627357	harbor2	chr21	24519459	24519687	LTR/ERVL-MaLR	1025	-	114	24519573	92216
chr21	24427357	24627357	harbor2	chr21	24522493	24522772	LTR/ERVL-MaLR	1017	-	140	24522633	95276
chr21	28196245	28396245	harbor2	chr21	28197779	28198129	LTR/ERVL-MaLR	2118	-	175	28197954	1709
chr21	28196245	28396245	harbor2	chr21	28225801	28226126	LTR/ERVL-MaLR	1584	-	162	28225963	29718
chr21	28196245	28396245	harbor2	chr21	28231389	28231734	LTR/ERVL-MaLR	1300	-	172	28231561	35316
chr21	28196245	28396245	harbor2	chr21	28258253	28258608	LTR/ERVL-MaLR	1684	-	178	28258431	62186
chr21	28196245	28396245	harbor2	chr21	28269871	28270234	LTR/ERVL-MaLR	2069	-	182	28270053	73808
chr21	28196245	28396245	harbor2	chr21	28272959	28273363	LTR/ERVL-MaLR	918	-	202	28273161	76916
chr21	28196245	28396245	harbor2	chr21	28275961	28276314	LTR/ERVL-MaLR	1378	-	176	28276137	79892
chr21	28196245	28396245	harbor2	chr21	28289112	28289473	LTR/ERVL-MaLR	2240	-	180	28289292	93047
chr21	28196245	28396245	harbor2	chr21	28289474	28291101	LTR/ERVL-MaLR	10854	-	814	28290288	94043
chr21	28196245	28396245	harbor2	chr21	28196209	28197778	LTR/ERVL-MaLR	11622	-	784	28196993	748
chr21	44022851	44222851	harbor2	chr21	44029597	44029928	LTR/ERVL-MaLR	991	-	166	44029763	6912
chr21	36273269	36473269	harbor2	chr21	36281622	36281951	LTR/ERVL-MaLR	1345	-	164	36281786	8517
chr21	36273269	36473269	harbor2	chr21	36297379	36297726	LTR/ERVL-MaLR	1960	-	174	36297553	24284
chr21	36273269	36473269	harbor2	chr21	36304716	36304772	LTR/ERVL-MaLR	1032	-	28	36304744	31475
chr21	36273269	36473269	harbor2	chr21	36305066	36305312	LTR/ERVL-MaLR	1032	-	123	36305189	31920
chr21	35936216	36136216	harbor2	chr21	35950626	35951068	LTR/ERVL-MaLR	1569	-	221	35950847	14631
chr21	35936216	36136216	harbor2	chr21	35957680	35958027	LTR/ERVL-MaLR	1503	-	174	35957854	21638
chr21	35936216	36136216	harbor2	chr21	36001478	36001695	LTR/ERVL-MaLR	1581	-	108	36001586	65370
chr21	35936216	36136216	harbor2	chr21	36001987	36002129	LTR/ERVL-MaLR	1581	-	71	36002058	65842
chr21	35936216	36136216	harbor2	chr21	36008996	36009602	LTR/ERVL-MaLR	1799	-	303	36009299	73083
chr21	35936216	36136216	harbor2	chr21	36009980	36010227	LTR/ERVL-MaLR	533	-	124	36010104	73888
chr21	19688838	19888838	harbor2	chr21	19696879	19697232	LTR/ERVL-MaLR	1403	-	176	19697055	8217
chr21	19688838	19888838	harbor2	chr21	19699764	19700140	LTR/ERVL-MaLR	1928	-	188	19699952	11114
chr21	19688838	19888838	harbor2	chr21	19703754	19704045	LTR/ERVL-MaLR	1656	-	146	19703900	15062
chr21	19688838	19888838	harbor2	chr21	19753936	19754307	LTR/ERVL-MaLR	1613	-	186	19754122	65284
chr21	19688838	19888838	harbor2	chr21	19754705	19754863	LTR/ERVL-MaLR	689	-	79	19754784	65946
chr21	19688838	19888838	harbor2	chr21	19761683	19762032	LTR/ERVL-MaLR	1474	-	174	19761857	73019
chr21	19688838	19888838	harbor2	chr21	19782852	19783197	LTR/ERVL-MaLR	1903	-	172	19783024	94186
chr21	19688838	19888838	harbor2	chr21	19783199	19784786	LTR/ERVL-MaLR	11624	-	794	19783993	95155
chr21	19688838	19888838	harbor2	chr21	19784787	19785141	LTR/ERVL-MaLR	2063	-	177	19784964	96126
chr21	19688838	19888838	harbor2	chr21	19787266	19787629	LTR/ERVL-MaLR	1463	-	182	19787448	98610
chr22	22144665	22344665	harbor2	chr22	22210421	22210801	LTR/ERVL-MaLR	443	-	190	22210611	65946
chr22	22144665	22344665	harbor2	chr22	22238673	22238901	LTR/ERVL-MaLR	1391	-	114	22238787	94122
chr22	22144665	22344665	harbor2	chr22	22239210	22239364	LTR/ERVL-MaLR	1391	-	77	22239287	94622
chr22	22144665	22344665	harbor2	chr22	22244044	22244211	LTR/ERVL-MaLR	850	-	84	22244128	99463
chr22	43569028	43769028	harbor2	chr22	43587333	43587801	LTR/ERVL-MaLR	1587	-	234	43587567	18539
chr22	45858944	46058944	harbor2	chr22	45859913	45860288	LTR/ERVL-MaLR	1711	-	188	45860101	1157
chr22	45858944	46058944	harbor2	chr22	45873933	45874129	LTR/ERVL-MaLR	1058	-	98	45874031	15087
chr22	30051312	30251312	harbor2	chr22	30084123	30084505	LTR/ERVL-MaLR	1838	-	191	30084314	33002
chr22	30051312	30251312	harbor2	chr22	30087503	30087867	LTR/ERVL-MaLR	2022	-	182	30087685	36373
chr22	39591802	39791802	harbor2	chr22	39610589	39611047	LTR/ERVL-MaLR	707	-	229	39610818	19016
chr22	39591802	39791802	harbor2	chr22	39612384	39612745	LTR/ERVL-MaLR	1999	-	180	39612564	20762
chr22	39591802	39791802	harbor2	chr22	39614294	39614680	LTR/ERVL-MaLR	784	-	193	39614487	22685
chr22	29764322	29964322	harbor2	chr22	29839355	29839433	LTR/ERVL-MaLR	1217	-	39	29839394	75072
chr22	29764322	29964322	harbor2	chr22	29839745	29840034	LTR/ERVL-MaLR	1217	-	144	29839889	75567
chr22	29764322	29964322	harbor2	chr22	29840532	29840700	LTR/ERVL-MaLR	776	-	84	29840616	76294
chr22	29764322	29964322	harbor2	chr22	29843080	29843143	LTR/ERVL-MaLR	2188	-	32	29843112	78790
chr22	29764322	29964322	harbor2	chr22	29843437	29843455	LTR/ERVL-MaLR	2188	-	9	29843446	79124
chr22	29764322	29964322	harbor2	chr22	29843571	29844043	LTR/ERVL-MaLR	2188	-	236	29843807	79485
chr22	29764322	29964322	harbor2	chr22	29846373	29846670	LTR/ERVL-MaLR	1060	-	148	29846521	82199
chr22	29764322	29964322	harbor2	chr22	29846867	29846911	LTR/ERVL-MaLR	934	-	22	29846889	82567
chr22	29764322	29964322	harbor2	chr22	29847905	29848021	LTR/ERVL-MaLR	575	-	58	29847963	83641
chr22	29764322	29964322	harbor2	chr22	29850326	29850591	LTR/ERVL-MaLR	2275	-	132	29850458	86136
chr22	29764322	29964322	harbor2	chr22	29850885	29851021	LTR/ERVL-MaLR	2275	-	68	29850953	86631
chr22	29764322	29964322	harbor2	chr22	29854054	29854305	LTR/ERVL-MaLR	550	-	126	29854180	89858
chr22	29764322	29964322	harbor2	chr22	29854567	29854770	LTR/ERVL-MaLR	509	-	102	29854669	90347
chr22	41222840	41422840	harbor2	chr22	41298814	41299137	LTR/ERVL-MaLR	1624	-	162	41298976	76136
chr22	41222840	41422840	harbor2	chr22	41315522	41315920	LTR/ERVL-MaLR	1634	-	199	41315721	92881
chr22	41222840	41422840	harbor2	chr22	41317375	41317486	LTR/ERVL-MaLR	428	-	56	41317431	94591
chr22	15742458	15942458	harbor2	chr22	15815801	15816098	LTR/ERVL-MaLR	1806	-	148	15815949	73491
chr22	50593495	50793495	harbor2	chr22	50635942	50636308	LTR/ERVL-MaLR	2508	-	183	50636125	42630
chr22	50593495	50793495	harbor2	chr22	50657600	50657790	LTR/ERVL-MaLR	592	-	95	50657695	64200
chr22	43484664	43684664	harbor2	chr22	43493872	43494043	LTR/ERVL-MaLR	1324	-	86	43493958	9294
chr22	43484664	43684664	harbor2	chr22	43494340	43494694	LTR/ERVL-MaLR	1324	-	177	43494517	9853
chr22	43484664	43684664	harbor2	chr22	43494733	43495094	LTR/ERVL-MaLR	2299	-	180	43494913	10249
chr22	43484664	43684664	harbor2	chr22	43538803	43539265	LTR/ERVL-MaLR	1833	-	231	43539034	54370
chr22	33344060	33544060	harbor2	chr22	33360014	33360047	LTR/ERVL-MaLR	2401	-	16	33360030	15970
chr22	33344060	33544060	harbor2	chr22	33360333	33360707	LTR/ERVL-MaLR	2401	-	187	33360520	16460
chr22	33344060	33544060	harbor2	chr22	33363237	33363608	LTR/ERVL-MaLR	2142	-	186	33363423	19363
chr22	33344060	33544060	harbor2	chr22	33372364	33372724	LTR/ERVL-MaLR	2076	-	180	33372544	28484
chr22	33344060	33544060	harbor2	chr22	33417528	33417957	LTR/ERVL-MaLR	2464	-	214	33417742	73682
chr22	33344060	33544060	harbor2	chr22	33418247	33418432	LTR/ERVL-MaLR	2464	-	92	33418339	74279
chr22	33344060	33544060	harbor2	chr22	33418978	33419341	LTR/ERVL-MaLR	2084	-	182	33419160	75100
chr22	33344060	33544060	harbor2	chr22	33422267	33422510	LTR/ERVL-MaLR	3103	-	122	33422389	78329
chr22	33344060	33544060	harbor2	chr22	33422765	33422959	LTR/ERVL-MaLR	3103	-	97	33422862	78802
chr22	41672984	41872984	harbor2	chr22	41718645	41718861	LTR/ERVL-MaLR	994	-	108	41718753	45769
chr22	41672984	41872984	harbor2	chr22	41719488	41719691	LTR/ERVL-MaLR	942	-	102	41719590	46606
chr22	41672984	41872984	harbor2	chr22	41735922	41736237	LTR/ERVL-MaLR	1166	-	158	41736080	63096
chr22	41672984	41872984	harbor2	chr22	41736694	41736862	LTR/ERVL-MaLR	1166	-	84	41736778	63794
chr22	41672984	41872984	harbor2	chr22	41768490	41768874	LTR/ERVL-MaLR	2141	-	192	41768682	95698
chr22	30286519	30486519	harbor2	chr22	30377862	30378347	LTR/ERVL-MaLR	1547	-	242	30378104	91585
chr22	30286519	30486519	harbor2	chr22	30378659	30378761	LTR/ERVL-MaLR	1547	-	51	30378710	92191
chr22	48257209	48457209	harbor2	chr22	48270899	48271276	LTR/ERVL-MaLR	1673	-	188	48271087	13878
chr22	48257209	48457209	harbor2	chr22	48325146	48325535	LTR/ERVL-MaLR	1783	-	194	48325340	68131
chr22	48257209	48457209	harbor2	chr22	48335735	48336100	LTR/ERVL-MaLR	1331	-	182	48335917	78708
chr22	48257209	48457209	harbor2	chr22	48352768	48353039	LTR/ERVL-MaLR	523	-	136	48352904	95695
chr22	48257209	48457209	harbor2	chr22	48354669	48354930	LTR/ERVL-MaLR	615	-	130	48354799	97590
chr22	24011935	24211935	harbor2	chr22	24043401	24043469	LTR/ERVL-MaLR	437	-	34	24043435	31500
chr22	24011935	24211935	harbor2	chr22	24043775	24044063	LTR/ERVL-MaLR	1492	-	144	24043919	31984
chr22	24011935	24211935	harbor2	chr22	24044307	24044925	LTR/ERVL-MaLR	2695	-	309	24044616	32681
chr22	24011935	24211935	harbor2	chr22	24045224	24045348	LTR/ERVL-MaLR	2695	-	62	24045286	33351
chr22	24011935	24211935	harbor2	chr22	24045622	24045676	LTR/ERVL-MaLR	2695	-	27	24045649	33714
chr22	24011935	24211935	harbor2	chr22	24045682	24045775	LTR/ERVL-MaLR	585	-	46	24045728	33793
chr22	16440141	16640141	harbor2	chr22	16446714	16447222	LTR/ERVL-MaLR	3161	-	254	16446968	6827
chr22	16440141	16640141	harbor2	chr22	16456037	16456402	LTR/ERVL-MaLR	2412	-	182	16456219	16078
chr22	16440141	16640141	harbor2	chr22	16461250	16461534	LTR/ERVL-MaLR	715	-	142	16461392	21251
chr22	16440141	16640141	harbor2	chr22	16489754	16490181	LTR/ERVL-MaLR	1786	-	214	16489968	49827
chr22	16440141	16640141	harbor2	chr22	16490200	16491951	LTR/ERVL-MaLR	5275	-	876	16491076	50935
chr22	16440141	16640141	harbor2	chr22	16491952	16492364	LTR/ERVL-MaLR	1859	-	206	16492158	52017
chr22	16440141	16640141	harbor2	chr22	16504326	16504687	LTR/ERVL-MaLR	1924	-	180	16504506	64365
chr22	16440141	16640141	harbor2	chr22	16512078	16512452	LTR/ERVL-MaLR	2031	-	187	16512265	72124
chr22	50702698	50902698	harbor2	chr22	50724429	50724695	LTR/ERVL-MaLR	595	-	133	50724562	21864
chr22	50702698	50902698	harbor2	chr22	50794504	50794947	LTR/ERVL-MaLR	1758	-	222	50794726	92028
chr22	50702698	50902698	harbor2	chr22	50790327	50790731	LTR/ERVL-MaLR	636	-	202	50790529	87831
chr22	39612263	39812263	harbor2	chr22	39612384	39612745	LTR/ERVL-MaLR	1999	-	180	39612564	301
chr22	39612263	39812263	harbor2	chr22	39614294	39614680	LTR/ERVL-MaLR	784	-	193	39614487	2224
chr22	39612263	39812263	harbor2	chr22	39700665	39700910	LTR/ERVL-MaLR	711	-	122	39700787	88524
chr22	26689098	26889098	harbor2	chr22	26690453	26691034	LTR/ERVL-MaLR	2600	-	290	26690743	1645
chr22	26689098	26889098	harbor2	chr22	26694722	26695171	LTR/ERVL-MaLR	1015	-	224	26694946	5848
chr22	26689098	26889098	harbor2	chr22	26695470	26695603	LTR/ERVL-MaLR	868	-	66	26695536	6438
chr22	26689098	26889098	harbor2	chr22	26723776	26724157	LTR/ERVL-MaLR	1580	-	190	26723966	34868
chr22	26689098	26889098	harbor2	chr22	26726082	26726507	LTR/ERVL-MaLR	753	-	212	26726294	37196
chr22	26689098	26889098	harbor2	chr22	26727226	26727626	LTR/ERVL-MaLR	2229	-	200	26727426	38328
chr22	26689098	26889098	harbor2	chr22	26727750	26728107	LTR/ERVL-MaLR	1402	-	178	26727928	38830
chr22	26689098	26889098	harbor2	chr22	26731458	26731837	LTR/ERVL-MaLR	2404	-	190	26731648	42550
chr22	26689098	26889098	harbor2	chr22	26733619	26734121	LTR/ERVL-MaLR	2174	-	251	26733870	44772
chr22	26689098	26889098	harbor2	chr22	26750631	26750739	LTR/ERVL-MaLR	434	-	54	26750685	61587
chr22	26689098	26889098	harbor2	chr22	26763322	26763690	LTR/ERVL-MaLR	1110	-	184	26763506	74408
chr22	26689098	26889098	harbor2	chr22	26767640	26767772	LTR/ERVL-MaLR	413	-	66	26767706	78608
chr22	36925262	37125262	harbor2	chr22	36945447	36945821	LTR/ERVL-MaLR	2131	-	187	36945634	20372
chr22	36925262	37125262	harbor2	chr22	36948160	36948488	LTR/ERVL-MaLR	1823	-	164	36948324	23062
chr22	36925262	37125262	harbor2	chr22	36956938	36957151	LTR/ERVL-MaLR	2382	-	106	36957044	31782
chr22	36925262	37125262	harbor2	chr22	36957183	36957221	LTR/ERVL-MaLR	2382	-	19	36957202	31940
chr22	36925262	37125262	harbor2	chr22	36957531	36957731	LTR/ERVL-MaLR	2382	-	100	36957631	32369
chr22	36925262	37125262	harbor2	chr22	36980385	36980481	LTR/ERVL-MaLR	1622	-	48	36980433	55171
chr22	36925262	37125262	harbor2	chr22	36980772	36981048	LTR/ERVL-MaLR	1622	-	138	36980910	55648
chr22	36925262	37125262	harbor2	chr22	37008909	37009451	LTR/ERVL-MaLR	1438	-	271	37009180	83918
chr22	43018281	43218281	harbor2	chr22	43071722	43072143	LTR/ERVL-MaLR	1088	-	210	43071932	53651
chr22	18996133	19196133	harbor2	chr22	19009550	19009999	LTR/ERVL-MaLR	1901	-	224	19009774	13641
chr22	28112470	28312470	harbor2	chr22	28137563	28137732	LTR/ERVL-MaLR	511	-	84	28137647	25177
chr22	28112470	28312470	harbor2	chr22	28138013	28138141	LTR/ERVL-MaLR	629	-	64	28138077	25607
chr22	28112470	28312470	harbor2	chr22	28198567	28199007	LTR/ERVL-MaLR	1061	-	220	28198787	86317
chr22	40053222	40253222	harbor2	chr22	40134900	40135313	LTR/ERVL-MaLR	1167	-	206	40135106	81884
chr22	40053222	40253222	harbor2	chr22	40147389	40147756	LTR/ERVL-MaLR	1535	-	184	40147573	94351
chr22	46695745	46895745	harbor2	chr22	46755561	46756681	LTR/ERVL-MaLR	3534	-	560	46756121	60376
chr22	46695745	46895745	harbor2	chr22	46756682	46756898	LTR/ERVL-MaLR	1130	-	108	46756790	61045
chr22	46695745	46895745	harbor2	chr22	46785083	46785409	LTR/ERVL-MaLR	1161	-	163	46785246	89501
chr22	46695745	46895745	harbor2	chr22	46790025	46790506	LTR/ERVL-MaLR	1743	-	240	46790265	94520
chr22	26898866	27098866	harbor2	chr22	26908894	26909291	LTR/ERVL-MaLR	1386	-	198	26909092	10226
chr22	26898866	27098866	harbor2	chr22	26944429	26944837	LTR/ERVL-MaLR	1996	-	204	26944633	45767
chr22	26898866	27098866	harbor2	chr22	26935183	26935721	LTR/ERVL-MaLR	1362	-	269	26935452	36586
chr22	36396017	36596017	harbor2	chr22	36428229	36428651	LTR/ERVL-MaLR	948	-	211	36428440	32423
chr22	36396017	36596017	harbor2	chr22	36433873	36433999	LTR/ERVL-MaLR	708	-	63	36433936	37919
chr22	36396017	36596017	harbor2	chr22	36445825	36446018	LTR/ERVL-MaLR	833	-	96	36445921	49904
chr22	36396017	36596017	harbor2	chr22	36446838	36446966	LTR/ERVL-MaLR	681	-	64	36446902	50885
chr22	45160513	45360513	harbor2	chr22	45251918	45252217	LTR/ERVL-MaLR	883	-	150	45252068	91555
chr22	45160513	45360513	harbor2	chr22	45252519	45252538	LTR/ERVL-MaLR	883	-	10	45252529	92016
chr22	45160513	45360513	harbor2	chr22	45252824	45252942	LTR/ERVL-MaLR	883	-	59	45252883	92370
chr22	45160513	45360513	harbor2	chr22	45255411	45255793	LTR/ERVL-MaLR	2093	-	191	45255602	95089
chr22	45160513	45360513	harbor2	chr22	45256186	45256416	LTR/ERVL-MaLR	820	-	115	45256301	95788
chr22	45160513	45360513	harbor2	chr22	45257276	45257563	LTR/ERVL-MaLR	1017	-	144	45257420	96907
chr22	46294727	46494727	harbor2	chr22	46295096	46295495	LTR/ERVL-MaLR	2452	-	200	46295296	569
chr22	46294727	46494727	harbor2	chr22	46318822	46319132	LTR/ERVL-MaLR	520	-	155	46318977	24250
chr22	46294727	46494727	harbor2	chr22	46324983	46325194	LTR/ERVL-MaLR	1660	-	106	46325089	30362
chr22	46294727	46494727	harbor2	chr22	46325657	46325802	LTR/ERVL-MaLR	1660	-	72	46325729	31002
chr22	47353666	47553666	harbor2	chr22	47364360	47364781	LTR/ERVL-MaLR	2586	-	210	47364570	10904
chr22	47353666	47553666	harbor2	chr22	47367823	47368118	LTR/ERVL-MaLR	1948	-	148	47367971	14305
chr22	47353666	47553666	harbor2	chr22	47396939	47397413	LTR/ERVL-MaLR	1295	-	237	47397176	43510
chr22	47353666	47553666	harbor2	chr22	47399658	47399953	LTR/ERVL-MaLR	1743	-	148	47399806	46140
chr22	47353666	47553666	harbor2	chr22	47400250	47400364	LTR/ERVL-MaLR	681	-	57	47400307	46641
chr22	47353666	47553666	harbor2	chr22	47403394	47403629	LTR/ERVL-MaLR	1061	-	118	47403512	49846
chr22	47353666	47553666	harbor2	chr22	47403920	47404104	LTR/ERVL-MaLR	1061	-	92	47404012	50346
chr22	47353666	47553666	harbor2	chr22	47437597	47438068	LTR/ERVL-MaLR	1120	-	236	47437833	84167
chr22	47353666	47553666	harbor2	chr22	47449773	47450175	LTR/ERVL-MaLR	1164	-	201	47449974	96308
chr22	36831013	37031013	harbor2	chr22	36833350	36833526	LTR/ERVL-MaLR	413	-	88	36833438	2425
chr22	36831013	37031013	harbor2	chr22	36837792	36838148	LTR/ERVL-MaLR	2401	-	178	36837970	6957
chr22	36831013	37031013	harbor2	chr22	36852660	36852918	LTR/ERVL-MaLR	952	-	129	36852789	21776
chr22	36831013	37031013	harbor2	chr22	36878928	36879380	LTR/ERVL-MaLR	1436	-	226	36879154	48141
chr22	36831013	37031013	harbor2	chr22	36882242	36882291	LTR/ERVL-MaLR	474	-	24	36882266	51253
chr22	36831013	37031013	harbor2	chr22	36882592	36882687	LTR/ERVL-MaLR	474	-	48	36882640	51627
chr22	36831013	37031013	harbor2	chr22	36888676	36889043	LTR/ERVL-MaLR	1621	-	184	36888860	57847
chr22	36831013	37031013	harbor2	chr22	36899072	36899449	LTR/ERVL-MaLR	1516	-	188	36899260	68247
chr22	36831013	37031013	harbor2	chr22	36902066	36902179	LTR/ERVL-MaLR	453	-	56	36902122	71109
chr22	36831013	37031013	harbor2	chr22	36907459	36907918	LTR/ERVL-MaLR	1679	-	230	36907689	76676
chr22	36831013	37031013	harbor2	chr22	36918694	36919178	LTR/ERVL-MaLR	1088	-	242	36918936	87923
chr22	30235408	30435408	harbor2	chr22	30235167	30235604	LTR/ERVL-MaLR	1460	-	218	30235385	23
chr22	30235408	30435408	harbor2	chr22	30236552	30236915	LTR/ERVL-MaLR	1246	-	182	30236734	1326
chr22	30235408	30435408	harbor2	chr22	30269650	30269848	LTR/ERVL-MaLR	1225	-	99	30269749	34341
chr22	30235408	30435408	harbor2	chr22	30270146	30270207	LTR/ERVL-MaLR	1225	-	30	30270176	34768
chr22	30235408	30435408	harbor2	chr22	30270387	30270403	LTR/ERVL-MaLR	527	-	8	30270395	34987
chr22	30235408	30435408	harbor2	chr22	30270717	30270821	LTR/ERVL-MaLR	527	-	52	30270769	35361
chr22	32112552	32312552	harbor2	chr22	32168312	32168383	LTR/ERVL-MaLR	2238	-	36	32168348	55796
chr22	32112552	32312552	harbor2	chr22	32168719	32169000	LTR/ERVL-MaLR	2238	-	140	32168859	56307
chr22	32112552	32312552	harbor2	chr22	32182729	32183046	LTR/ERVL-MaLR	1830	-	158	32182887	70335
chr22	32112552	32312552	harbor2	chr22	32183359	32183406	LTR/ERVL-MaLR	1830	-	24	32183383	70831
chr22	32112552	32312552	harbor2	chr22	32201900	32202195	LTR/ERVL-MaLR	998	-	148	32202048	89496
chr22	32112552	32312552	harbor2	chr22	32202218	32202443	LTR/ERVL-MaLR	486	-	112	32202330	89778
chr22	45293483	45493483	harbor2	chr22	45317819	45318008	LTR/ERVL-MaLR	422	-	94	45317913	24430
chr22	45293483	45493483	harbor2	chr22	45328798	45329162	LTR/ERVL-MaLR	1829	-	182	45328980	35497
chr22	33839738	34039738	harbor2	chr22	33841284	33841675	LTR/ERVL-MaLR	487	-	196	33841480	1742
chr22	33839738	34039738	harbor2	chr22	33892159	33892495	LTR/ERVL-MaLR	504	-	168	33892327	52589
chr22	33839738	34039738	harbor2	chr22	33895353	33895900	LTR/ERVL-MaLR	1279	-	274	33895627	55889
chr22	33839738	34039738	harbor2	chr22	33927780	33928035	LTR/ERVL-MaLR	881	-	128	33927908	88170
chr22	33839738	34039738	harbor2	chr22	33938489	33938900	LTR/ERVL-MaLR	549	-	206	33938695	98957
chr22	45680331	45880331	harbor2	chr22	45693289	45693658	LTR/ERVL-MaLR	2021	-	184	45693473	13142
chr22	45680331	45880331	harbor2	chr22	45709329	45709529	LTR/ERVL-MaLR	708	-	100	45709429	29098
chr22	45680331	45880331	harbor2	chr22	45720770	45720954	LTR/ERVL-MaLR	1035	-	92	45720862	40531
chr22	46904972	47104972	harbor2	chr22	46957254	46957624	LTR/ERVL-MaLR	1777	-	185	46957439	52467
chr22	46904972	47104972	harbor2	chr22	46977589	46977971	LTR/ERVL-MaLR	1880	-	191	46977780	72808
chr22	46904972	47104972	harbor2	chr22	46986753	46987322	LTR/ERVL-MaLR	1021	-	284	46987037	82065
chr22	46904972	47104972	harbor2	chr22	46996491	46996603	LTR/ERVL-MaLR	468	-	56	46996547	91575
chr22	40785163	40985163	harbor2	chr22	40811588	40811926	LTR/ERVL-MaLR	2083	-	169	40811757	26594
chr22	36706475	36906475	harbor2	chr22	36733788	36733937	LTR/ERVL-MaLR	544	-	74	36733862	27387
chr22	36706475	36906475	harbor2	chr22	36738532	36739061	LTR/ERVL-MaLR	1217	-	264	36738796	32321
chr22	36706475	36906475	harbor2	chr22	36739063	36739107	LTR/ERVL-MaLR	1029	-	22	36739085	32610
chr22	36706475	36906475	harbor2	chr22	36739493	36739810	LTR/ERVL-MaLR	1029	-	158	36739651	33176
chr22	36706475	36906475	harbor2	chr22	36739974	36740564	LTR/ERVL-MaLR	1741	-	295	36740269	33794
chr22	36706475	36906475	harbor2	chr22	36741140	36741319	LTR/ERVL-MaLR	480	-	90	36741230	34755
chr22	36706475	36906475	harbor2	chr22	36741532	36741683	LTR/ERVL-MaLR	573	-	76	36741608	35133
chr22	36706475	36906475	harbor2	chr22	36789238	36789673	LTR/ERVL-MaLR	1161	-	218	36789456	82981
chr22	36706475	36906475	harbor2	chr22	36795989	36796353	LTR/ERVL-MaLR	2108	-	182	36796171	89696
chr22	33500920	33700920	harbor2	chr22	33521778	33522195	LTR/ERVL-MaLR	2659	-	208	33521986	21066
chr22	33500920	33700920	harbor2	chr22	33537129	33537562	LTR/ERVL-MaLR	1917	-	216	33537345	36425
chr22	33500920	33700920	harbor2	chr22	33537871	33537952	LTR/ERVL-MaLR	1917	-	40	33537911	36991
chr22	33500920	33700920	harbor2	chr22	33543621	33543787	LTR/ERVL-MaLR	965	-	83	33543704	42784
chr22	33500920	33700920	harbor2	chr22	33544329	33544406	LTR/ERVL-MaLR	965	-	38	33544367	43447
chr22	33500920	33700920	harbor2	chr22	33544715	33545022	LTR/ERVL-MaLR	965	-	154	33544869	43949
chr22	33500920	33700920	harbor2	chr22	33559028	33559190	LTR/ERVL-MaLR	1604	-	81	33559109	58189
chr22	33500920	33700920	harbor2	chr22	33559481	33559681	LTR/ERVL-MaLR	1604	-	100	33559581	58661
chr22	33500920	33700920	harbor2	chr22	33573643	33574147	LTR/ERVL-MaLR	1801	-	252	33573895	72975
chr22	33500920	33700920	harbor2	chr22	33521198	33521699	LTR/ERVL-MaLR	1222	-	250	33521448	20528
chr22	33859825	34059825	harbor2	chr22	33892159	33892495	LTR/ERVL-MaLR	504	-	168	33892327	32502
chr22	33859825	34059825	harbor2	chr22	33895353	33895900	LTR/ERVL-MaLR	1279	-	274	33895627	35802
chr22	33859825	34059825	harbor2	chr22	33927780	33928035	LTR/ERVL-MaLR	881	-	128	33927908	68083
chr22	33859825	34059825	harbor2	chr22	33938489	33938900	LTR/ERVL-MaLR	549	-	206	33938695	78870
chr22	26773233	26973233	harbor2	chr22	26794009	26794113	LTR/ERVL-MaLR	769	-	52	26794061	20828
chr22	26773233	26973233	harbor2	chr22	26794416	26794614	LTR/ERVL-MaLR	769	-	99	26794515	21282
chr22	26773233	26973233	harbor2	chr22	26807520	26807706	LTR/ERVL-MaLR	574	-	93	26807613	34380
chr22	26773233	26973233	harbor2	chr22	26818001	26818301	LTR/ERVL-MaLR	686	-	150	26818151	44918
chr22	26773233	26973233	harbor2	chr22	26828182	26828700	LTR/ERVL-MaLR	1082	-	259	26828441	55208
chr22	26773233	26973233	harbor2	chr22	26832555	26832948	LTR/ERVL-MaLR	1410	-	196	26832751	59518
chr22	26773233	26973233	harbor2	chr22	26846692	26846809	LTR/ERVL-MaLR	404	-	58	26846750	73517
chr22	42455184	42655184	harbor2	chr22	42471101	42471348	LTR/ERVL-MaLR	1336	-	124	42471225	16041
chr22	42455184	42655184	harbor2	chr22	42481319	42481456	LTR/ERVL-MaLR	1051	-	68	42481387	26203
chr22	42455184	42655184	harbor2	chr22	42482169	42482408	LTR/ERVL-MaLR	1051	-	120	42482289	27105
chr22	42455184	42655184	harbor2	chr22	42496352	42496564	LTR/ERVL-MaLR	862	-	106	42496458	41274
chr22	42455184	42655184	harbor2	chr22	42522424	42522605	LTR/ERVL-MaLR	891	-	90	42522514	67330
chr22	42455184	42655184	harbor2	chr22	42522996	42523076	LTR/ERVL-MaLR	891	-	40	42523036	67852
chr22	42455184	42655184	harbor2	chr22	42530759	42530887	LTR/ERVL-MaLR	424	-	64	42530823	75639
chr22	42455184	42655184	harbor2	chr22	42532627	42532766	LTR/ERVL-MaLR	729	-	70	42532697	77513
chr22	42455184	42655184	harbor2	chr22	42533769	42533884	LTR/ERVL-MaLR	729	-	58	42533827	78643
chr22	42455184	42655184	harbor2	chr22	42537964	42538185	LTR/ERVL-MaLR	737	-	110	42538074	82890
chr22	42455184	42655184	harbor2	chr22	42542555	42542938	LTR/ERVL-MaLR	1543	-	192	42542747	87563
chr22	50080690	50280690	harbor2	chr22	50131842	50132196	LTR/ERVL-MaLR	1843	-	177	50132019	51329
chr22	50080690	50280690	harbor2	chr22	50172170	50172435	LTR/ERVL-MaLR	846	-	132	50172302	91612
chr22	50080690	50280690	harbor2	chr22	50172701	50172712	LTR/ERVL-MaLR	846	-	6	50172707	92017
chr22	50080690	50280690	harbor2	chr22	50173656	50173881	LTR/ERVL-MaLR	714	-	112	50173768	93078
chr22	44563860	44763860	harbor2	chr22	44572431	44572807	LTR/ERVL-MaLR	485	-	188	44572619	8759
chr22	44563860	44763860	harbor2	chr22	44579145	44579651	LTR/ERVL-MaLR	1009	-	253	44579398	15538
chr22	44563860	44763860	harbor2	chr22	44582489	44582809	LTR/ERVL-MaLR	617	-	160	44582649	18789
chr22	44563860	44763860	harbor2	chr22	44601147	44601281	LTR/ERVL-MaLR	485	-	67	44601214	37354
chr22	44563860	44763860	harbor2	chr22	44601640	44601961	LTR/ERVL-MaLR	1680	-	160	44601800	37940
chr22	44563860	44763860	harbor2	chr22	44602269	44602423	LTR/ERVL-MaLR	1680	-	77	44602346	38486
chr22	44563860	44763860	harbor2	chr22	44603364	44603759	LTR/ERVL-MaLR	1916	-	198	44603562	39702
chr22	44563860	44763860	harbor2	chr22	44660834	44661316	LTR/ERVL-MaLR	1989	-	241	44661075	97215
chr22	44563860	44763860	harbor2	chr22	44662902	44662971	LTR/ERVL-MaLR	1752	-	34	44662936	99076
chr22	44563860	44763860	harbor2	chr22	44663271	44663730	LTR/ERVL-MaLR	1752	-	230	44663501	99641
chr22	21758119	21958119	harbor2	chr22	21843911	21844183	LTR/ERVL-MaLR	1383	-	136	21844047	85928
chr22	49875513	50075513	harbor2	chr22	49925960	49926329	LTR/ERVL-MaLR	779	-	184	49926144	50631
chr22	44279473	44479473	harbor2	chr22	44337054	44337450	LTR/ERVL-MaLR	1141	-	198	44337252	57779
chr22	38996666	39196666	harbor2	chr22	39019575	39019758	LTR/ERVL-MaLR	553	-	92	39019667	23001
chr22	38996666	39196666	harbor2	chr22	39024475	39024637	LTR/ERVL-MaLR	450	-	81	39024556	27890
chr22	38996666	39196666	harbor2	chr22	39026117	39026502	LTR/ERVL-MaLR	1144	-	192	39026309	29643
chr22	38996666	39196666	harbor2	chr22	39034407	39034590	LTR/ERVL-MaLR	544	-	92	39034499	37833
chr22	38996666	39196666	harbor2	chr22	39045975	39046361	LTR/ERVL-MaLR	1242	-	193	39046168	49502
chr22	38996666	39196666	harbor2	chr22	39054899	39055035	LTR/ERVL-MaLR	514	-	68	39054967	58301
chr22	38996666	39196666	harbor2	chr22	39070955	39071092	LTR/ERVL-MaLR	475	-	68	39071023	74357
chr22	38996666	39196666	harbor2	chr22	39082038	39082341	LTR/ERVL-MaLR	1034	-	152	39082190	85524
chr22	38996666	39196666	harbor2	chr22	39082646	39082732	LTR/ERVL-MaLR	1034	-	43	39082689	86023
chr22	20826285	21026285	harbor2	chr22	20898578	20898882	LTR/ERVL-MaLR	1131	-	152	20898730	72445
chr22	38826857	39026857	harbor2	chr22	38874174	38874448	LTR/ERVL-MaLR	1788	-	137	38874311	47454
chr22	38826857	39026857	harbor2	chr22	38874757	38874973	LTR/ERVL-MaLR	1788	-	108	38874865	48008
chr22	38826857	39026857	harbor2	chr22	38877171	38877518	LTR/ERVL-MaLR	1015	-	174	38877345	50488
chr22	38826857	39026857	harbor2	chr22	38878434	38878513	LTR/ERVL-MaLR	1015	-	40	38878474	51617
chr22	19399630	19599630	harbor2	chr22	19437125	19437521	LTR/ERVL-MaLR	1797	-	198	19437323	37693
chr22	19399630	19599630	harbor2	chr22	19452079	19452430	LTR/ERVL-MaLR	1935	-	176	19452255	52625
chr22	19399630	19599630	harbor2	chr22	19488201	19488373	LTR/ERVL-MaLR	746	-	86	19488287	88657
chr22	30812209	31012209	harbor2	chr22	30814156	30814434	LTR/ERVL-MaLR	2118	-	139	30814295	2086
chr22	30812209	31012209	harbor2	chr22	30814700	30814828	LTR/ERVL-MaLR	2118	-	64	30814764	2555
chr22	30812209	31012209	harbor2	chr22	30854778	30855141	LTR/ERVL-MaLR	2424	-	182	30854960	42751
chr22	30812209	31012209	harbor2	chr22	30898405	30898769	LTR/ERVL-MaLR	2214	-	182	30898587	86378
chr22	26873842	27073842	harbor2	chr22	26876778	26877171	LTR/ERVL-MaLR	2152	-	196	26876974	3132
chr22	26873842	27073842	harbor2	chr22	26908894	26909291	LTR/ERVL-MaLR	1386	-	198	26909092	35250
chr22	26873842	27073842	harbor2	chr22	26944429	26944837	LTR/ERVL-MaLR	1996	-	204	26944633	70791
chr22	26873842	27073842	harbor2	chr22	26935183	26935721	LTR/ERVL-MaLR	1362	-	269	26935452	61610
chr22	37103572	37303572	harbor2	chr22	37114566	37115008	LTR/ERVL-MaLR	1526	-	221	37114787	11215
chr22	37103572	37303572	harbor2	chr22	37115307	37115371	LTR/ERVL-MaLR	1808	-	32	37115339	11767
chr22	37103572	37303572	harbor2	chr22	37115680	37116068	LTR/ERVL-MaLR	1808	-	194	37115874	12302
chr22	37103572	37303572	harbor2	chr22	37117993	37118354	LTR/ERVL-MaLR	2582	-	180	37118173	14601
chr22	37103572	37303572	harbor2	chr22	37156311	37156799	LTR/ERVL-MaLR	1513	-	244	37156555	52983
chr22	37103572	37303572	harbor2	chr22	37174876	37175252	LTR/ERVL-MaLR	2296	-	188	37175064	71492
chr22	37103572	37303572	harbor2	chr22	37201052	37201336	LTR/ERVL-MaLR	2060	-	142	37201194	97622
chr22	37103572	37303572	harbor2	chr22	37201648	37201826	LTR/ERVL-MaLR	2060	-	89	37201737	98165
chr22	29070614	29270614	harbor2	chr22	29110047	29110411	LTR/ERVL-MaLR	875	-	182	29110229	39615
chr22	29070614	29270614	harbor2	chr22	29111918	29112294	LTR/ERVL-MaLR	532	-	188	29112106	41492
chr22	29070614	29270614	harbor2	chr22	29117872	29118412	LTR/ERVL-MaLR	1945	-	270	29118142	47528
chr22	29070614	29270614	harbor2	chr22	29118413	29118748	LTR/ERVL-MaLR	1637	-	168	29118581	47967
chr22	29070614	29270614	harbor2	chr22	29126254	29126665	LTR/ERVL-MaLR	1458	-	206	29126460	55846
chr22	29070614	29270614	harbor2	chr22	29157883	29158069	LTR/ERVL-MaLR	470	-	93	29157976	87362
chr22	29070614	29270614	harbor2	chr22	29165421	29165562	LTR/ERVL-MaLR	559	-	70	29165491	94877
chr22	49869458	50069458	harbor2	chr22	49925960	49926329	LTR/ERVL-MaLR	779	-	184	49926144	56686
chr22	50602852	50802852	harbor2	chr22	50635942	50636308	LTR/ERVL-MaLR	2508	-	183	50636125	33273
chr22	50602852	50802852	harbor2	chr22	50657600	50657790	LTR/ERVL-MaLR	592	-	95	50657695	54843
chr22	50688850	50888850	harbor2	chr22	50724429	50724695	LTR/ERVL-MaLR	595	-	133	50724562	35712
chr22	32072245	32272245	harbor2	chr22	32111133	32111510	LTR/ERVL-MaLR	2131	-	188	32111321	39076
chr22	32072245	32272245	harbor2	chr22	32168312	32168383	LTR/ERVL-MaLR	2238	-	36	32168348	96103
chr22	32072245	32272245	harbor2	chr22	32168719	32169000	LTR/ERVL-MaLR	2238	-	140	32168859	96614
chr22	21519592	21719592	harbor2	chr22	21610044	21610335	LTR/ERVL-MaLR	1569	-	146	21610190	90598
chr22	21519592	21719592	harbor2	chr22	21613604	21614021	LTR/ERVL-MaLR	629	-	208	21613812	94220
chr22	40849498	41049498	harbor2	chr22	40887359	40887693	LTR/ERVL-MaLR	1102	-	167	40887526	38028
chr22	40849498	41049498	harbor2	chr22	40906739	40907108	LTR/ERVL-MaLR	1748	-	184	40906923	57425
chrX	149138994	149338994	harbor2	chrX	149138681	149139051	LTR/ERVL-MaLR	641	-	185	149138866	128
chrX	149138994	149338994	harbor2	chrX	149158480	149158830	LTR/ERVL-MaLR	2273	-	175	149158655	19661
chrX	149138994	149338994	harbor2	chrX	149160376	149160742	LTR/ERVL-MaLR	2270	-	183	149160559	21565
chrX	149138994	149338994	harbor2	chrX	149171451	149171835	LTR/ERVL-MaLR	1757	-	192	149171643	32649
chrX	149138994	149338994	harbor2	chrX	149171838	149173149	LTR/ERVL-MaLR	8085	-	656	149172494	33500
chrX	149138994	149338994	harbor2	chrX	149173955	149174196	LTR/ERVL-MaLR	1717	-	120	149174075	35081
chrX	149138994	149338994	harbor2	chrX	149158831	149160375	LTR/ERVL-MaLR	9926	-	772	149159603	20609
chrX	133993859	134193859	harbor2	chrX	134089751	134090170	LTR/ERVL-MaLR	2683	-	210	134089961	96102
chrX	74552882	74752882	harbor2	chrX	74643170	74643577	LTR/ERVL-MaLR	1803	-	204	74643374	90492
chrX	138746055	138946055	harbor2	chrX	138787316	138787543	LTR/ERVL-MaLR	1404	-	114	138787430	41375
chrX	138746055	138946055	harbor2	chrX	138787803	138787956	LTR/ERVL-MaLR	1404	-	76	138787879	41824
chrX	138746055	138946055	harbor2	chrX	138789480	138789695	LTR/ERVL-MaLR	3141	-	108	138789588	43533
chrX	138746055	138946055	harbor2	chrX	138790125	138790415	LTR/ERVL-MaLR	1086	-	145	138790270	44215
chrX	138746055	138946055	harbor2	chrX	138787963	138789165	LTR/ERVL-MaLR	3141	-	601	138788564	42509
chrX	152507675	152707675	harbor2	chrX	152507402	152507751	LTR/ERVL-MaLR	1916	-	174	152507576	99
chrX	152507675	152707675	harbor2	chrX	152529881	152530244	LTR/ERVL-MaLR	2098	-	182	152530063	22388
chrX	152507675	152707675	harbor2	chrX	152530249	152531863	LTR/ERVL-MaLR	11402	-	807	152531056	23381
chrX	152507675	152707675	harbor2	chrX	152531864	152532224	LTR/ERVL-MaLR	2025	-	180	152532044	24369
chrX	152507675	152707675	harbor2	chrX	152558599	152559005	LTR/ERVL-MaLR	2348	-	203	152558802	51127
chrX	152507675	152707675	harbor2	chrX	152572709	152572931	LTR/ERVL-MaLR	2053	-	111	152572820	65145
chrX	152507675	152707675	harbor2	chrX	152572986	152573182	LTR/ERVL-MaLR	2053	-	98	152573084	65409
chrX	152507675	152707675	harbor2	chrX	152574626	152575149	LTR/ERVL-MaLR	1338	-	262	152574888	67213
chrX	152507675	152707675	harbor2	chrX	152575676	152576026	LTR/ERVL-MaLR	2211	-	175	152575851	68176
chrX	152507675	152707675	harbor2	chrX	152604367	152604563	LTR/ERVL-MaLR	1720	-	98	152604465	96790
chrX	152507675	152707675	harbor2	chrX	152604596	152604780	LTR/ERVL-MaLR	1720	-	92	152604688	97013
chrX	147541478	147741478	harbor2	chrX	147624022	147624319	LTR/ERVL-MaLR	644	-	148	147624170	82692
chrX	147541478	147741478	harbor2	chrX	147631646	147632009	LTR/ERVL-MaLR	2081	-	182	147631828	90350
chrX	147541478	147741478	harbor2	chrX	147632314	147632344	LTR/ERVL-MaLR	2081	-	15	147632329	90851
chrX	147541478	147741478	harbor2	chrX	147635432	147635895	LTR/ERVL-MaLR	586	-	232	147635664	94186
chrX	152799737	152999737	harbor2	chrX	152820219	152820485	LTR/ERVL-MaLR	996	-	133	152820352	20615
chrX	152799737	152999737	harbor2	chrX	152820625	152820789	LTR/ERVL-MaLR	708	-	82	152820707	20970
chrX	152799737	152999737	harbor2	chrX	152843324	152843635	LTR/ERVL-MaLR	1071	-	156	152843480	43743
chrX	152799737	152999737	harbor2	chrX	152846562	152846836	LTR/ERVL-MaLR	519	-	137	152846699	46962
chrX	152799737	152999737	harbor2	chrX	152866069	152866409	LTR/ERVL-MaLR	1687	-	170	152866239	66502
chrX	152799737	152999737	harbor2	chrX	152866431	152866867	LTR/ERVL-MaLR	1596	-	218	152866649	66912
chrX	152799737	152999737	harbor2	chrX	152876400	152876879	LTR/ERVL-MaLR	2139	-	240	152876640	76903
chrX	91266562	91466562	harbor2	chrX	91330584	91330714	LTR/ERVL-MaLR	442	-	65	91330649	64087
chrX	154663780	154863780	harbor2	chrX	154721244	154721643	LTR/ERVL-MaLR	2094	-	200	154721444	57664
chrX	154663780	154863780	harbor2	chrX	154741325	154741395	LTR/ERVL-MaLR	2273	-	35	154741360	77580
chrX	154663780	154863780	harbor2	chrX	154741703	154742026	LTR/ERVL-MaLR	2273	-	162	154741865	78085
chrX	18908355	19108355	harbor2	chrX	18960152	18960314	LTR/ERVL-MaLR	545	-	81	18960233	51878
chrX	18908355	19108355	harbor2	chrX	18960327	18960747	LTR/ERVL-MaLR	2481	-	210	18960537	52182
chrX	18908355	19108355	harbor2	chrX	18971685	18971907	LTR/ERVL-MaLR	1314	-	111	18971796	63441
chrX	18908355	19108355	harbor2	chrX	18974508	18974853	LTR/ERVL-MaLR	1683	-	172	18974680	66325
chrX	155834425	156034425	harbor2	chrX	155879673	155879742	LTR/ERVL-MaLR	452	-	34	155879707	45282
chrX	155834425	156034425	harbor2	chrX	155891278	155891879	LTR/ERVL-MaLR	1833	-	300	155891578	57153
chrX	155834425	156034425	harbor2	chrX	155909594	155909812	LTR/ERVL-MaLR	927	-	109	155909703	75278
chrX	155834425	156034425	harbor2	chrX	155928283	155928755	LTR/ERVL-MaLR	1716	-	236	155928519	94094
chrX	155834425	156034425	harbor2	chrX	155893488	155893828	LTR/ERVL-MaLR	1557	-	170	155893658	59233
chrX	85399918	85599918	harbor2	chrX	85433986	85434637	LTR/ERVL-MaLR	2598	-	326	85434312	34394
chrX	85399918	85599918	harbor2	chrX	85442195	85442550	LTR/ERVL-MaLR	2518	-	178	85442373	42455
chrX	85399918	85599918	harbor2	chrX	85444108	85444461	LTR/ERVL-MaLR	2607	-	176	85444284	44366
chrX	85399918	85599918	harbor2	chrX	85475862	85476323	LTR/ERVL-MaLR	2026	-	230	85476092	76174
chrX	85399918	85599918	harbor2	chrX	85442553	85444107	LTR/ERVL-MaLR	10932	-	777	85443330	43412
chrX	154874720	155074720	harbor2	chrX	154883510	154883846	LTR/ERVL-MaLR	665	-	168	154883678	8958
chrX	154874720	155074720	harbor2	chrX	154912688	154913011	LTR/ERVL-MaLR	2057	-	162	154912850	38130
chrX	154874720	155074720	harbor2	chrX	154913358	154914929	LTR/ERVL-MaLR	10159	-	786	154914144	39424
chrX	154874720	155074720	harbor2	chrX	154914930	154915307	LTR/ERVL-MaLR	2443	-	188	154915118	40398
chrX	154874720	155074720	harbor2	chrX	154949569	154949764	LTR/ERVL-MaLR	1823	-	98	154949667	74947
chrX	154874720	155074720	harbor2	chrX	154950065	154950241	LTR/ERVL-MaLR	1823	-	88	154950153	75433
chrX	154874720	155074720	harbor2	chrX	154966719	154967095	LTR/ERVL-MaLR	1376	-	188	154966907	92187
chrX	155059601	155259601	harbor2	chrX	155076091	155076128	LTR/ERVL-MaLR	1792	-	18	155076109	16508
chrX	155059601	155259601	harbor2	chrX	155076417	155076755	LTR/ERVL-MaLR	1792	-	169	155076586	16985
chrX	155059601	155259601	harbor2	chrX	155099120	155099647	LTR/ERVL-MaLR	1230	-	264	155099384	39783
chrX	155059601	155259601	harbor2	chrX	155118491	155118868	LTR/ERVL-MaLR	2168	-	188	155118679	59078
chrX	91674660	91874660	harbor2	chrX	91677055	91677430	LTR/ERVL-MaLR	2487	-	188	91677243	2583
chrX	91674660	91874660	harbor2	chrX	91677435	91677557	LTR/ERVL-MaLR	673	-	61	91677496	2836
chrX	91674660	91874660	harbor2	chrX	91677564	91677753	LTR/ERVL-MaLR	1393	-	94	91677658	2998
chrX	91674660	91874660	harbor2	chrX	91677758	91678102	LTR/ERVL-MaLR	2229	-	172	91677930	3270
chrX	91674660	91874660	harbor2	chrX	91681514	91681875	LTR/ERVL-MaLR	2066	-	180	91681694	7034
chrX	91674660	91874660	harbor2	chrX	91707836	91708248	LTR/ERVL-MaLR	942	-	206	91708042	33382
chrX	91674660	91874660	harbor2	chrX	91708291	91708686	LTR/ERVL-MaLR	1699	-	198	91708489	33829
chrX	91674660	91874660	harbor2	chrX	91760731	91761364	LTR/ERVL-MaLR	2288	-	316	91761047	86387
chrX	151019982	151219982	harbor2	chrX	151032509	151032802	LTR/ERVL-MaLR	2599	-	146	151032655	12673
chrX	151019982	151219982	harbor2	chrX	151033107	151033280	LTR/ERVL-MaLR	2599	-	86	151033193	13211
chrX	151019982	151219982	harbor2	chrX	151033541	151033698	LTR/ERVL-MaLR	610	-	78	151033619	13637
chrX	151019982	151219982	harbor2	chrX	151043680	151043891	LTR/ERVL-MaLR	476	-	106	151043786	23804
chrX	151019982	151219982	harbor2	chrX	151049479	151050013	LTR/ERVL-MaLR	1618	-	267	151049746	29764
chrX	151019982	151219982	harbor2	chrX	151117878	151118228	LTR/ERVL-MaLR	1587	-	175	151118053	98071
chrX	151019982	151219982	harbor2	chrX	151118486	151118564	LTR/ERVL-MaLR	478	-	39	151118525	98543
chrX	132672815	132872815	harbor2	chrX	132688376	132688751	LTR/ERVL-MaLR	3149	-	188	132688564	15749
chrX	132672815	132872815	harbor2	chrX	132766557	132766684	LTR/ERVL-MaLR	728	-	64	132766621	93806
