H_chr	H_start	H_end	Harbor	TE_chr	TE_start	TE_end	TE	score	TE_strand	TE_half	TE_middle_pos	TE_dis
chr1	96244610	96444610	harbor1	chr1	96247315	96247863	LTR/ERVL	2104	+	274	96247589	2979
chr1	96244610	96444610	harbor1	chr1	96305339	96305752	LTR/ERVL	1057	+	206	96305545	60935
chr1	96244610	96444610	harbor1	chr1	96338421	96338796	LTR/ERVL	773	+	188	96338609	93999
chr1	96244610	96444610	harbor1	chr1	96339548	96340361	LTR/ERVL	1760	+	406	96339954	95344
chr1	96244610	96444610	harbor1	chr1	96340853	96342230	LTR/ERVL	2870	+	688	96341541	96931
chr1	193326713	193526713	harbor1	chr1	193352406	193352749	LTR/ERVL	1575	+	172	193352578	25865
chr1	193326713	193526713	harbor1	chr1	193352986	193353083	LTR/ERVL	455	+	48	193353034	26321
chr1	193326713	193526713	harbor1	chr1	193397117	193397677	LTR/ERVL	2755	+	280	193397397	70684
chr1	193326713	193526713	harbor1	chr1	193407761	193407967	LTR/ERVL	1474	+	103	193407864	81151
chr1	193326713	193526713	harbor1	chr1	193408260	193408563	LTR/ERVL	1474	+	152	193408412	81699
chr1	193326713	193526713	harbor1	chr1	193408659	193408701	LTR/ERVL	1474	+	21	193408680	81967
chr1	193326713	193526713	harbor1	chr1	193421583	193421750	LTR/ERVL	435	+	84	193421667	94954
chr1	193326713	193526713	harbor1	chr1	193422060	193422378	LTR/ERVL	435	+	159	193422219	95506
chr1	56532729	56732729	harbor1	chr1	56608052	56608155	LTR/ERVL	430	+	52	56608104	75375
chr1	56532729	56732729	harbor1	chr1	56608250	56608727	LTR/ERVL	1073	+	238	56608488	75759
chr1	56532729	56732729	harbor1	chr1	56608732	56608811	LTR/ERVL	522	+	40	56608772	76043
chr1	2751372	2951372	harbor1	chr1	2823715	2824095	LTR/ERVL	955	+	190	2823905	72533
chr1	2751372	2951372	harbor1	chr1	2840476	2840825	LTR/ERVL	863	+	174	2840650	89278
chr1	215294019	215494019	harbor1	chr1	215302438	215302731	LTR/ERVL	586	+	146	215302584	8565
chr1	215294019	215494019	harbor1	chr1	215303039	215303200	LTR/ERVL	586	+	80	215303119	9100
chr1	215294019	215494019	harbor1	chr1	215303424	215303599	LTR/ERVL	448	+	88	215303512	9493
chr1	215294019	215494019	harbor1	chr1	215349765	215349866	LTR/ERVL	2030	+	50	215349815	55796
chr1	215294019	215494019	harbor1	chr1	215350286	215350603	LTR/ERVL	2030	+	158	215350444	56425
chr1	215294019	215494019	harbor1	chr1	215358478	215358751	LTR/ERVL	512	+	136	215358614	64595
chr1	215294019	215494019	harbor1	chr1	215358809	215359824	LTR/ERVL	2051	+	508	215359317	65298
chr1	215294019	215494019	harbor1	chr1	215359811	215360872	LTR/ERVL	2119	+	530	215360341	66322
chr1	215294019	215494019	harbor1	chr1	215366319	215366539	LTR/ERVL	770	+	110	215366429	72410
chr1	38045254	38245254	harbor1	chr1	38064395	38064796	LTR/ERVL	1458	+	200	38064595	19341
chr1	38045254	38245254	harbor1	chr1	38143249	38143714	LTR/ERVL	759	+	232	38143481	98227
chr1	38045254	38245254	harbor1	chr1	38143731	38144383	LTR/ERVL	2085	+	326	38144057	98803
chr1	38045254	38245254	harbor1	chr1	38144395	38144849	LTR/ERVL	2965	+	227	38144622	99368
chr1	102982162	103182162	harbor1	chr1	103042426	103042763	LTR/ERVL	420	+	168	103042594	60432
chr1	236259460	236459460	harbor1	chr1	236262780	236263204	LTR/ERVL	1444	+	212	236262992	3532
chr1	236259460	236459460	harbor1	chr1	236325762	236325898	LTR/ERVL	857	+	68	236325830	66370
chr1	236259460	236459460	harbor1	chr1	236325928	236326038	LTR/ERVL	703	+	55	236325983	66523
chr1	247505213	247705213	harbor1	chr1	247520167	247520587	LTR/ERVL	2125	+	210	247520377	15164
chr1	247505213	247705213	harbor1	chr1	247528515	247529066	LTR/ERVL	1497	+	276	247528791	23578
chr1	247505213	247705213	harbor1	chr1	247529631	247529718	LTR/ERVL	2081	+	44	247529675	24462
chr1	247505213	247705213	harbor1	chr1	247529746	247530112	LTR/ERVL	2081	+	183	247529929	24716
chr1	247505213	247705213	harbor1	chr1	247530113	247530280	LTR/ERVL	793	+	84	247530197	24984
chr1	247505213	247705213	harbor1	chr1	247580667	247580848	LTR/ERVL	1105	+	90	247580757	75544
chr1	247505213	247705213	harbor1	chr1	247599790	247600383	LTR/ERVL	1771	+	296	247600086	94873
chr1	247505213	247705213	harbor1	chr1	247529076	247529630	LTR/ERVL	793	+	277	247529353	24140
chr1	247505213	247705213	harbor1	chr1	247577934	247580586	LTR/ERVL	13162	+	1326	247579260	74047
chr1	206125916	206325916	harbor1	chr1	206148662	206148968	LTR/ERVL	2006	+	153	206148815	22899
chr1	206125916	206325916	harbor1	chr1	206158395	206159342	LTR/ERVL	3561	+	474	206158869	32953
chr1	74353744	74553744	harbor1	chr1	74397000	74397067	LTR/ERVL	475	+	34	74397034	43290
chr1	74353744	74553744	harbor1	chr1	74417209	74417632	LTR/ERVL	1331	+	212	74417421	63677
chr1	240850481	241050481	harbor1	chr1	240927916	240928372	LTR/ERVL	2365	+	228	240928144	77663
chr1	199803951	200003951	harbor1	chr1	199896140	199896237	LTR/ERVL	441	+	48	199896188	92237
chr1	230369077	230569077	harbor1	chr1	230462524	230463303	LTR/ERVL	1988	+	390	230462914	93837
chr1	201026708	201226708	harbor1	chr1	201079526	201080029	LTR/ERVL	3094	+	252	201079778	53070
chr1	4794226	4994226	harbor1	chr1	4800884	4801176	LTR/ERVL	468	+	146	4801030	6804
chr1	4794226	4994226	harbor1	chr1	4817228	4817770	LTR/ERVL	1972	+	271	4817499	23273
chr1	4794226	4994226	harbor1	chr1	4878401	4878912	LTR/ERVL	3135	+	256	4878657	84431
chr1	21703949	21903949	harbor1	chr1	21754485	21755157	LTR/ERVL	1153	+	336	21754821	50872
chr1	144283332	144483332	harbor1	chr1	144321629	144321820	LTR/ERVL	436	+	96	144321725	38393
chr1	144283332	144483332	harbor1	chr1	144356317	144356500	LTR/ERVL	558	+	92	144356409	73077
chr1	220592982	220792982	harbor1	chr1	220684958	220685287	LTR/ERVL	922	+	164	220685122	92140
chr1	220592982	220792982	harbor1	chr1	220685975	220686218	LTR/ERVL	922	+	122	220686097	93115
chr1	220592982	220792982	harbor1	chr1	220594081	220594180	LTR/ERVL	524	+	50	220594131	1149
chr1	67038643	67238643	harbor1	chr1	67077777	67077911	LTR/ERVL	429	+	67	67077844	39201
chr1	152106119	152306119	harbor1	chr1	152152274	152152435	LTR/ERVL	563	+	80	152152354	46235
chr1	59604000	59804000	harbor1	chr1	59687046	59687468	LTR/ERVL	986	+	211	59687257	83257
chr1	59604000	59804000	harbor1	chr1	59687767	59687848	LTR/ERVL	986	+	40	59687807	83807
chr1	72566007	72766007	harbor1	chr1	72623279	72623894	LTR/ERVL	1190	+	308	72623587	57580
chr1	72566007	72766007	harbor1	chr1	72660950	72661059	LTR/ERVL	654	+	54	72661004	94997
chr1	233496035	233696035	harbor1	chr1	233497477	233497718	LTR/ERVL	3571	+	120	233497597	1562
chr1	233496035	233696035	harbor1	chr1	233498385	233498956	LTR/ERVL	3571	+	286	233498671	2636
chr1	233496035	233696035	harbor1	chr1	233509706	233510159	LTR/ERVL	986	+	226	233509932	13897
chr1	233496035	233696035	harbor1	chr1	233510501	233510524	LTR/ERVL	986	+	12	233510513	14478
chr1	233496035	233696035	harbor1	chr1	233518478	233519078	LTR/ERVL	1339	+	300	233518778	22743
chr1	233496035	233696035	harbor1	chr1	233588967	233591163	LTR/ERVL	5046	+	1098	233590065	94030
chr1	233496035	233696035	harbor1	chr1	233591184	233591305	LTR/ERVL	658	+	60	233591244	95209
chr1	233496035	233696035	harbor1	chr1	233591318	233591471	LTR/ERVL	800	+	76	233591394	95359
chr1	233496035	233696035	harbor1	chr1	233591465	233591567	LTR/ERVL	595	+	51	233591516	95481
chr1	233496035	233696035	harbor1	chr1	233591575	233591729	LTR/ERVL	588	+	77	233591652	95617
chr1	233496035	233696035	harbor1	chr1	233520604	233521196	LTR/ERVL	2223	+	296	233520900	24865
chr1	103645883	103845883	harbor1	chr1	103729512	103729707	LTR/ERVL	550	+	98	103729610	83727
chr1	29790768	29990768	harbor1	chr1	29793094	29793740	LTR/ERVL	1822	+	323	29793417	2649
chr1	29790768	29990768	harbor1	chr1	29794201	29794568	LTR/ERVL	3025	+	184	29794385	3617
chr1	29790768	29990768	harbor1	chr1	29794683	29794724	LTR/ERVL	3025	+	20	29794703	3935
chr1	29790768	29990768	harbor1	chr1	29794725	29796234	LTR/ERVL	32601	+	754	29795479	4711
chr1	29790768	29990768	harbor1	chr1	29796326	29799198	LTR/ERVL	32601	+	1436	29797762	6994
chr1	29790768	29990768	harbor1	chr1	29799192	29799579	LTR/ERVL	2698	+	194	29799386	8618
chr1	29790768	29990768	harbor1	chr1	29799584	29800046	LTR/ERVL	2925	+	231	29799815	9047
chr1	82675227	82875227	harbor1	chr1	82678310	82678663	LTR/ERVL	979	+	176	82678486	3259
chr1	82675227	82875227	harbor1	chr1	82681247	82681815	LTR/ERVL	1377	+	284	82681531	6304
chr1	82675227	82875227	harbor1	chr1	82734133	82734464	LTR/ERVL	746	+	166	82734299	59072
chr1	214447168	214647168	harbor1	chr1	214511903	214512398	LTR/ERVL	1775	+	248	214512151	64983
chr1	5150589	5350589	harbor1	chr1	5165142	5165678	LTR/ERVL	1690	+	268	5165410	14821
chr1	5150589	5350589	harbor1	chr1	5225027	5225233	LTR/ERVL	2285	+	103	5225130	74541
chr1	5150589	5350589	harbor1	chr1	5225331	5225585	LTR/ERVL	2285	+	127	5225458	74869
chr1	17254467	17454467	harbor1	chr1	17295845	17296296	LTR/ERVL	1682	+	226	17296071	41604
chr1	17254467	17454467	harbor1	chr1	17296525	17296925	LTR/ERVL	1798	+	200	17296725	42258
chr1	181849301	182049301	harbor1	chr1	181863861	181864256	LTR/ERVL	1619	+	198	181864059	14758
chr1	181849301	182049301	harbor1	chr1	181864658	181864707	LTR/ERVL	1619	+	24	181864682	15381
chr1	233174045	233374045	harbor1	chr1	233268790	233269164	LTR/ERVL	536	+	187	233268977	94932
chr1	93927525	94127525	harbor1	chr1	93938764	93939125	LTR/ERVL	743	+	180	93938944	11419
chr1	93927525	94127525	harbor1	chr1	93941254	93941451	LTR/ERVL	854	+	98	93941352	13827
chr1	93927525	94127525	harbor1	chr1	93983795	93984321	LTR/ERVL	2806	+	263	93984058	56533
chr1	177311812	177511812	harbor1	chr1	177316724	177317110	LTR/ERVL	703	+	193	177316917	5105
chr1	177311812	177511812	harbor1	chr1	177329573	177329713	LTR/ERVL	497	+	70	177329643	17831
chr1	177311812	177511812	harbor1	chr1	177377754	177378204	LTR/ERVL	3446	+	225	177377979	66167
chr1	177311812	177511812	harbor1	chr1	177378235	177378278	LTR/ERVL	3446	+	22	177378257	66445
chr1	116667850	116867850	harbor1	chr1	116711287	116711842	LTR/ERVL	1992	+	278	116711565	43715
chr1	106457917	106657917	harbor1	chr1	106524246	106524490	LTR/ERVL	561	+	122	106524368	66451
chr1	106457917	106657917	harbor1	chr1	106525035	106525061	LTR/ERVL	561	+	13	106525048	67131
chr1	106457917	106657917	harbor1	chr1	106535855	106536101	LTR/ERVL	674	+	123	106535978	78061
chr1	175248650	175448650	harbor1	chr1	175248540	175248681	LTR/ERVL	1148	+	70	175248610	40
chr1	175248650	175448650	harbor1	chr1	175284945	175285315	LTR/ERVL	1419	+	185	175285130	36480
chr1	175248650	175448650	harbor1	chr1	175312172	175312621	LTR/ERVL	2162	+	224	175312396	63746
chr1	175248650	175448650	harbor1	chr1	175312667	175312725	LTR/ERVL	2162	+	29	175312696	64046
chr1	175248650	175448650	harbor1	chr1	175332022	175332460	LTR/ERVL	1464	+	219	175332241	83591
chr1	220494210	220694210	harbor1	chr1	220594081	220594180	LTR/ERVL	524	+	50	220594131	99921
chr1	229486705	229686705	harbor1	chr1	229527764	229527974	LTR/ERVL	414	+	105	229527869	41164
chr1	118666573	118866573	harbor1	chr1	118745053	118745434	LTR/ERVL	604	+	190	118745243	78670
chr1	55874565	56074565	harbor1	chr1	55876217	55876587	LTR/ERVL	1877	+	185	55876402	1837
chr1	55874565	56074565	harbor1	chr1	55887826	55887971	LTR/ERVL	501	+	72	55887898	13333
chr1	55874565	56074565	harbor1	chr1	55897968	55898462	LTR/ERVL	1273	+	247	55898215	23650
chr1	55874565	56074565	harbor1	chr1	55899184	55899262	LTR/ERVL	429	+	39	55899223	24658
chr1	55874565	56074565	harbor1	chr1	55899309	55899340	LTR/ERVL	429	+	16	55899325	24760
chr1	55874565	56074565	harbor1	chr1	55942913	55943115	LTR/ERVL	498	+	101	55943014	68449
chr1	55874565	56074565	harbor1	chr1	55943150	55943325	LTR/ERVL	498	+	88	55943238	68673
chr1	55874565	56074565	harbor1	chr1	55952797	55953233	LTR/ERVL	3035	+	218	55953015	78450
chr1	55874565	56074565	harbor1	chr1	55953446	55953992	LTR/ERVL	931	+	273	55953719	79154
chr1	55874565	56074565	harbor1	chr1	55951087	55951623	LTR/ERVL	1793	+	268	55951355	76790
chr1	61547258	61747258	harbor1	chr1	61609167	61610974	LTR/ERVL	4920	+	904	61610071	62813
chr1	61547258	61747258	harbor1	chr1	61624862	61625411	LTR/ERVL	1205	+	274	61625136	77878
chr1	61547258	61747258	harbor1	chr1	61626690	61627187	LTR/ERVL	1426	+	248	61626938	79680
chr1	61547258	61747258	harbor1	chr1	61632364	61632456	LTR/ERVL	1590	+	46	61632410	85152
chr1	61547258	61747258	harbor1	chr1	61632619	61634362	LTR/ERVL	1757	+	872	61633491	86233
chr1	192476602	192676602	harbor1	chr1	192476813	192477042	LTR/ERVL	427	+	114	192476927	325
chr1	192476602	192676602	harbor1	chr1	192492287	192492491	LTR/ERVL	635	+	102	192492389	15787
chr1	192476602	192676602	harbor1	chr1	192492501	192493084	LTR/ERVL	982	+	292	192492793	16191
chr1	192476602	192676602	harbor1	chr1	192499745	192500000	LTR/ERVL	1333	+	128	192499873	23271
chr1	192476602	192676602	harbor1	chr1	192500001	192500177	LTR/ERVL	816	+	88	192500089	23487
chr1	192476602	192676602	harbor1	chr1	192542991	192543498	LTR/ERVL	639	+	254	192543245	66643
chr1	192476602	192676602	harbor1	chr1	192561372	192561777	LTR/ERVL	1172	+	202	192561574	84972
chr1	179379132	179579132	harbor1	chr1	179416546	179416967	LTR/ERVL	2609	+	210	179416756	37624
chr1	239145859	239345859	harbor1	chr1	239202607	239203198	LTR/ERVL	1900	+	296	239202903	57044
chr1	239145859	239345859	harbor1	chr1	239224710	239225116	LTR/ERVL	3097	+	203	239224913	79054
chr1	239145859	239345859	harbor1	chr1	239229081	239229450	LTR/ERVL	1837	+	184	239229265	83406
chr1	35024738	35224738	harbor1	chr1	35036608	35037003	LTR/ERVL	1514	+	198	35036806	12068
chr1	35024738	35224738	harbor1	chr1	35062130	35062374	LTR/ERVL	544	+	122	35062252	37514
chr1	35024738	35224738	harbor1	chr1	35062393	35062517	LTR/ERVL	524	+	62	35062455	37717
chr1	235520757	235720757	harbor1	chr1	235589033	235589593	LTR/ERVL	2680	+	280	235589313	68556
chr1	228028121	228228121	harbor1	chr1	228085858	228086233	LTR/ERVL	2085	+	188	228086046	57925
chr1	228028121	228228121	harbor1	chr1	228086543	228087054	LTR/ERVL	2085	+	256	228086799	58678
chr1	228028121	228228121	harbor1	chr1	228104356	228104844	LTR/ERVL	2420	+	244	228104600	76479
chr1	228028121	228228121	harbor1	chr1	228125570	228125724	LTR/ERVL	481	+	77	228125647	97526
chr1	118267868	118467868	harbor1	chr1	118278478	118278848	LTR/ERVL	1582	+	185	118278663	10795
chr1	118267868	118467868	harbor1	chr1	118345271	118346163	LTR/ERVL	2090	+	446	118345717	77849
chr1	118267868	118467868	harbor1	chr1	118346639	118346978	LTR/ERVL	1225	+	170	118346809	78941
chr1	56036486	56236486	harbor1	chr1	56083511	56083956	LTR/ERVL	1392	+	222	56083733	47247
chr1	56036486	56236486	harbor1	chr1	56083954	56084398	LTR/ERVL	622	+	222	56084176	47690
chr1	56036486	56236486	harbor1	chr1	56093459	56093913	LTR/ERVL	1444	+	227	56093686	57200
chr1	56036486	56236486	harbor1	chr1	56095307	56095773	LTR/ERVL	995	+	233	56095540	59054
chr1	66900725	67100725	harbor1	chr1	66908322	66908664	LTR/ERVL	882	+	171	66908493	7768
chr1	90716908	90916908	harbor1	chr1	90740364	90740479	LTR/ERVL	553	+	58	90740422	23514
chr1	90716908	90916908	harbor1	chr1	90778443	90778778	LTR/ERVL	720	+	168	90778611	61703
chr1	90716908	90916908	harbor1	chr1	90778834	90779227	LTR/ERVL	1225	+	196	90779030	62122
chr1	90716908	90916908	harbor1	chr1	90779248	90780083	LTR/ERVL	1395	+	418	90779666	62758
chr1	108672567	108872567	harbor1	chr1	108684104	108684270	LTR/ERVL	596	+	83	108684187	11620
chr1	108672567	108872567	harbor1	chr1	108705019	108705576	LTR/ERVL	1592	+	278	108705297	32730
chr1	108672567	108872567	harbor1	chr1	108705894	108706103	LTR/ERVL	1592	+	104	108705998	33431
chr1	75516586	75716586	harbor1	chr1	75585982	75586446	LTR/ERVL	1524	+	232	75586214	69628
chr1	70731232	70931232	harbor1	chr1	70826506	70826981	LTR/ERVL	837	+	238	70826744	95512
chr1	74122454	74322454	harbor1	chr1	74177249	74177486	LTR/ERVL	1807	+	118	74177367	54913
chr1	165814343	166014343	harbor1	chr1	165815775	165816219	LTR/ERVL	1618	+	222	165815997	1654
chr1	165814343	166014343	harbor1	chr1	165816220	165816588	LTR/ERVL	3334	+	184	165816404	2061
chr1	165814343	166014343	harbor1	chr1	165816886	165817340	LTR/ERVL	3334	+	227	165817113	2770
chr1	165814343	166014343	harbor1	chr1	165817965	165818468	LTR/ERVL	3334	+	252	165818217	3874
chr1	165814343	166014343	harbor1	chr1	165844342	165845322	LTR/ERVL	4321	+	490	165844832	30489
chr1	5164389	5364389	harbor1	chr1	5165142	5165678	LTR/ERVL	1690	+	268	5165410	1021
chr1	5164389	5364389	harbor1	chr1	5225027	5225233	LTR/ERVL	2285	+	103	5225130	60741
chr1	5164389	5364389	harbor1	chr1	5225331	5225585	LTR/ERVL	2285	+	127	5225458	61069
chr1	5164389	5364389	harbor1	chr1	5257288	5257614	LTR/ERVL	2159	+	163	5257451	93062
chr1	5164389	5364389	harbor1	chr1	5257975	5258172	LTR/ERVL	2159	+	98	5258073	93684
chr1	48815287	49015287	harbor1	chr1	48820322	48820754	LTR/ERVL	2061	+	216	48820538	5251
chr1	48815287	49015287	harbor1	chr1	48822695	48822841	LTR/ERVL	685	+	73	48822768	7481
chr1	48815287	49015287	harbor1	chr1	48828259	48828597	LTR/ERVL	1123	+	169	48828428	13141
chr1	48815287	49015287	harbor1	chr1	48832592	48833108	LTR/ERVL	2505	+	258	48832850	17563
chr1	48815287	49015287	harbor1	chr1	48837302	48837663	LTR/ERVL	2726	+	180	48837482	22195
chr1	48815287	49015287	harbor1	chr1	48837743	48837782	LTR/ERVL	2726	+	20	48837763	22476
chr1	48815287	49015287	harbor1	chr1	48859217	48859584	LTR/ERVL	989	+	184	48859401	44114
chr1	48815287	49015287	harbor1	chr1	48912171	48912512	LTR/ERVL	1386	+	170	48912341	97054
chr1	48815287	49015287	harbor1	chr1	48912657	48912804	LTR/ERVL	753	+	74	48912731	97444
chr1	179246732	179446732	harbor1	chr1	179312549	179312870	LTR/ERVL	618	+	160	179312709	65977
chr1	71214482	71414482	harbor1	chr1	71295358	71295787	LTR/ERVL	1039	+	214	71295572	81090
chr1	36885394	37085394	harbor1	chr1	36907855	36908264	LTR/ERVL	1081	+	204	36908059	22665
chr1	36885394	37085394	harbor1	chr1	36912316	36912610	LTR/ERVL	687	+	147	36912463	27069
chr1	36885394	37085394	harbor1	chr1	36973957	36974216	LTR/ERVL	579	+	130	36974087	88693
chr1	42698225	42898225	harbor1	chr1	42719961	42720382	LTR/ERVL	1250	+	210	42720171	21946
chr1	225021401	225221401	harbor1	chr1	225107922	225108471	LTR/ERVL	2177	+	274	225108196	86795
chr1	94639859	94839859	harbor1	chr1	94699859	94700373	LTR/ERVL	2749	+	257	94700116	60257
chr1	94639859	94839859	harbor1	chr1	94705789	94706239	LTR/ERVL	1618	+	225	94706014	66155
chr1	49940313	50140313	harbor1	chr1	50026601	50026770	LTR/ERVL	581	+	84	50026685	86372
chr1	49940313	50140313	harbor1	chr1	50027872	50028371	LTR/ERVL	2647	+	250	50028122	87809
chr1	80182806	80382806	harbor1	chr1	80241496	80241881	LTR/ERVL	1774	+	192	80241688	58882
chr1	80182806	80382806	harbor1	chr1	80241979	80242148	LTR/ERVL	776	+	84	80242063	59257
chr1	80182806	80382806	harbor1	chr1	80244543	80244840	LTR/ERVL	809	+	148	80244691	61885
chr1	246450637	246650637	harbor1	chr1	246473772	246473968	LTR/ERVL	476	+	98	246473870	23233
chr1	246450637	246650637	harbor1	chr1	246481215	246481596	LTR/ERVL	1567	+	190	246481405	30768
chr1	246450637	246650637	harbor1	chr1	246545113	246545248	LTR/ERVL	811	+	68	246545181	94544
chr1	246450637	246650637	harbor1	chr1	246545527	246545568	LTR/ERVL	811	+	20	246545547	94910
chr1	246450637	246650637	harbor1	chr1	246545835	246545929	LTR/ERVL	811	+	47	246545882	95245
chr1	86700808	86900808	harbor1	chr1	86761590	86762056	LTR/ERVL	1423	+	233	86761823	61015
chr1	107018212	107218212	harbor1	chr1	107019580	107019931	LTR/ERVL	2213	+	176	107019756	1544
chr1	107018212	107218212	harbor1	chr1	107116980	107117196	LTR/ERVL	744	+	108	107117088	98876
chr1	171745570	171945570	harbor1	chr1	171770588	171770950	LTR/ERVL	1782	+	181	171770769	25199
chr1	96214412	96414412	harbor1	chr1	96228091	96228576	LTR/ERVL	962	+	242	96228333	13921
chr1	96214412	96414412	harbor1	chr1	96247315	96247863	LTR/ERVL	2104	+	274	96247589	33177
chr1	96214412	96414412	harbor1	chr1	96305339	96305752	LTR/ERVL	1057	+	206	96305545	91133
chr1	96214412	96414412	harbor1	chr1	96239375	96239864	LTR/ERVL	2169	+	244	96239619	25207
chr1	80147950	80347950	harbor1	chr1	80178667	80179557	LTR/ERVL	3779	+	445	80179112	31162
chr1	80147950	80347950	harbor1	chr1	80241496	80241881	LTR/ERVL	1774	+	192	80241688	93738
chr1	80147950	80347950	harbor1	chr1	80241979	80242148	LTR/ERVL	776	+	84	80242063	94113
chr1	80147950	80347950	harbor1	chr1	80244543	80244840	LTR/ERVL	809	+	148	80244691	96741
chr1	240463778	240663778	harbor1	chr1	240485614	240486003	LTR/ERVL	627	+	194	240485808	22030
chr1	240463778	240663778	harbor1	chr1	240486126	240486196	LTR/ERVL	412	+	35	240486161	22383
chr1	240463778	240663778	harbor1	chr1	240486822	240487028	LTR/ERVL	412	+	103	240486925	23147
chr1	240463778	240663778	harbor1	chr1	240487223	240488679	LTR/ERVL	1774	+	728	240487951	24173
chr1	240463778	240663778	harbor1	chr1	240544960	240545756	LTR/ERVL	3455	+	398	240545358	81580
chr1	119735737	119935737	harbor1	chr1	119782750	119783025	LTR/ERVL	695	+	138	119782888	47151
chr1	119735737	119935737	harbor1	chr1	119794782	119795178	LTR/ERVL	2120	+	198	119794980	59243
chr1	119735737	119935737	harbor1	chr1	119803209	119803584	LTR/ERVL	2047	+	188	119803397	67660
chr1	119735737	119935737	harbor1	chr1	119831892	119832092	LTR/ERVL	990	+	100	119831992	96255
chr1	38998273	39198273	harbor1	chr1	39059424	39059593	LTR/ERVL	747	+	84	39059508	61235
chr1	190045914	190245914	harbor1	chr1	190081518	190082117	LTR/ERVL	1796	+	300	190081818	35904
chr1	190045914	190245914	harbor1	chr1	190109492	190110078	LTR/ERVL	3068	+	293	190109785	63871
chr1	190045914	190245914	harbor1	chr1	190123129	190123468	LTR/ERVL	955	+	170	190123299	77385
chr1	193664295	193864295	harbor1	chr1	193668736	193668855	LTR/ERVL	421	+	60	193668796	4501
chr1	193664295	193864295	harbor1	chr1	193675893	193676341	LTR/ERVL	2028	+	224	193676117	11822
chr1	193664295	193864295	harbor1	chr1	193697075	193697564	LTR/ERVL	2044	+	244	193697319	33024
chr1	179541365	179741365	harbor1	chr1	179563902	179564250	LTR/ERVL	1560	+	174	179564076	22711
chr1	179541365	179741365	harbor1	chr1	179583981	179584182	LTR/ERVL	1655	+	100	179584081	42716
chr1	179541365	179741365	harbor1	chr1	179584506	179585324	LTR/ERVL	1655	+	409	179584915	43550
chr1	179939717	180139717	harbor1	chr1	179941336	179941663	LTR/ERVL	1874	+	164	179941500	1783
chr1	90017094	90217094	harbor1	chr1	90093331	90093589	LTR/ERVL	618	+	129	90093460	76366
chr1	90017094	90217094	harbor1	chr1	90100541	90101030	LTR/ERVL	1269	+	244	90100785	83691
chr1	33187251	33387251	harbor1	chr1	33190670	33191020	LTR/ERVL	1171	+	175	33190845	3594
chr1	33187251	33387251	harbor1	chr1	33191009	33191267	LTR/ERVL	916	+	129	33191138	3887
chr1	33187251	33387251	harbor1	chr1	33196836	33197412	LTR/ERVL	2383	+	288	33197124	9873
chr1	207408421	207608421	harbor1	chr1	207417758	207418024	LTR/ERVL	437	+	133	207417891	9470
chr1	207408421	207608421	harbor1	chr1	207418039	207418534	LTR/ERVL	1539	+	248	207418287	9866
chr1	207408421	207608421	harbor1	chr1	207426048	207426256	LTR/ERVL	484	+	104	207426152	17731
chr1	207408421	207608421	harbor1	chr1	207426628	207426824	LTR/ERVL	484	+	98	207426726	18305
chr1	207408421	207608421	harbor1	chr1	207426835	207427067	LTR/ERVL	839	+	116	207426951	18530
chr1	207408421	207608421	harbor1	chr1	207427164	207427383	LTR/ERVL	694	+	110	207427274	18853
chr1	148672769	148872769	harbor1	chr1	148695602	148696128	LTR/ERVL	3038	+	263	148695865	23096
chr1	148672769	148872769	harbor1	chr1	148735858	148736183	LTR/ERVL	1222	+	162	148736020	63251
chr1	148672769	148872769	harbor1	chr1	148736495	148736588	LTR/ERVL	1222	+	46	148736541	63772
chr1	55993739	56193739	harbor1	chr1	56001603	56001757	LTR/ERVL	648	+	77	56001680	7941
chr1	55993739	56193739	harbor1	chr1	56001817	56002008	LTR/ERVL	509	+	96	56001913	8174
chr1	55993739	56193739	harbor1	chr1	56007486	56008333	LTR/ERVL	1883	+	424	56007910	14171
chr1	55993739	56193739	harbor1	chr1	56027493	56028028	LTR/ERVL	1497	+	268	56027761	34022
chr1	55993739	56193739	harbor1	chr1	56032470	56032809	LTR/ERVL	1866	+	170	56032640	38901
chr1	55993739	56193739	harbor1	chr1	56083511	56083956	LTR/ERVL	1392	+	222	56083733	89994
chr1	55993739	56193739	harbor1	chr1	56083954	56084398	LTR/ERVL	622	+	222	56084176	90437
chr1	55993739	56193739	harbor1	chr1	56093459	56093913	LTR/ERVL	1444	+	227	56093686	99947
chr1	218376359	218576359	harbor1	chr1	218469519	218470780	LTR/ERVL	4543	+	630	218470149	93790
chr1	218376359	218576359	harbor1	chr1	218470788	218471099	LTR/ERVL	968	+	156	218470944	94585
chr1	232605632	232805632	harbor1	chr1	232642451	232643307	LTR/ERVL	4200	+	428	232642879	37247
chr1	232046476	232246476	harbor1	chr1	232132094	232132882	LTR/ERVL	3959	+	394	232132488	86012
chr1	101969950	102169950	harbor1	chr1	101982467	101982899	LTR/ERVL	1435	+	216	101982683	12733
chr1	220727059	220927059	harbor1	chr1	220772902	220773727	LTR/ERVL	3186	+	412	220773314	46255
chr1	220727059	220927059	harbor1	chr1	220821927	220822214	LTR/ERVL	458	+	144	220822071	95012
chr1	85104441	85304441	harbor1	chr1	85149116	85149327	LTR/ERVL	526	+	106	85149222	44781
chr1	49016890	49216890	harbor1	chr1	49043186	49043648	LTR/ERVL	658	+	231	49043417	26527
chr1	49016890	49216890	harbor1	chr1	49084954	49085262	LTR/ERVL	1823	+	154	49085108	68218
chr1	49016890	49216890	harbor1	chr1	49085309	49085502	LTR/ERVL	1823	+	96	49085405	68515
chr1	163133149	163333149	harbor1	chr1	163176913	163177459	LTR/ERVL	1526	+	273	163177186	44037
chr1	163133149	163333149	harbor1	chr1	163187346	163188097	LTR/ERVL	2999	+	376	163187722	54573
chr1	163133149	163333149	harbor1	chr1	163188098	163188677	LTR/ERVL	8569	+	290	163188388	55239
chr1	163133149	163333149	harbor1	chr1	163188974	163191562	LTR/ERVL	8569	+	1294	163190268	57119
chr1	163133149	163333149	harbor1	chr1	163191589	163192445	LTR/ERVL	3813	+	428	163192017	58868
chr1	241728723	241928723	harbor1	chr1	241808050	241808341	LTR/ERVL	636	+	146	241808196	79473
chr1	168659160	168859160	harbor1	chr1	168667803	168668181	LTR/ERVL	1949	+	189	168667992	8832
chr1	168659160	168859160	harbor1	chr1	168668228	168668267	LTR/ERVL	1949	+	20	168668248	9088
chr1	168659160	168859160	harbor1	chr1	168668271	168668378	LTR/ERVL	1121	+	54	168668325	9165
chr1	168659160	168859160	harbor1	chr1	168668666	168668862	LTR/ERVL	1121	+	98	168668764	9604
chr1	168659160	168859160	harbor1	chr1	168737994	168738473	LTR/ERVL	1373	+	240	168738234	79074
chr1	168659160	168859160	harbor1	chr1	168741595	168741930	LTR/ERVL	937	+	168	168741763	82603
chr1	168659160	168859160	harbor1	chr1	168757777	168758198	LTR/ERVL	1626	+	210	168757987	98827
chr1	114328488	114528488	harbor1	chr1	114334656	114335110	LTR/ERVL	2683	+	227	114334883	6395
chr1	114328488	114528488	harbor1	chr1	114335176	114335237	LTR/ERVL	2683	+	30	114335206	6718
chr1	114328488	114528488	harbor1	chr1	114340341	114340588	LTR/ERVL	618	+	124	114340465	11977
chr1	114328488	114528488	harbor1	chr1	114409710	114410125	LTR/ERVL	1384	+	208	114409918	81430
chr1	73697291	73897291	harbor1	chr1	73698563	73698724	LTR/ERVL	956	+	80	73698643	1352
chr1	73697291	73897291	harbor1	chr1	73704933	73705246	LTR/ERVL	723	+	156	73705089	7798
chr1	73697291	73897291	harbor1	chr1	73719202	73719684	LTR/ERVL	16843	+	241	73719443	22152
chr1	73697291	73897291	harbor1	chr1	73719964	73720017	LTR/ERVL	16843	+	26	73719990	22699
chr1	73697291	73897291	harbor1	chr1	73720147	73724526	LTR/ERVL	17448	+	2190	73722337	25046
chr1	73697291	73897291	harbor1	chr1	73724527	73725016	LTR/ERVL	1692	+	244	73724771	27480
chr1	73697291	73897291	harbor1	chr1	73741899	73742128	LTR/ERVL	539	+	114	73742013	44722
chr1	73697291	73897291	harbor1	chr1	73742524	73742782	LTR/ERVL	689	+	129	73742653	45362
chr1	73697291	73897291	harbor1	chr1	73781200	73781621	LTR/ERVL	1086	+	210	73781410	84119
chr1	38736685	38936685	harbor1	chr1	38755490	38755656	LTR/ERVL	850	+	83	38755573	18888
chr1	38736685	38936685	harbor1	chr1	38756222	38756320	LTR/ERVL	850	+	49	38756271	19586
chr1	38736685	38936685	harbor1	chr1	38756324	38756467	LTR/ERVL	866	+	72	38756396	19711
chr1	38736685	38936685	harbor1	chr1	38756499	38756859	LTR/ERVL	1282	+	180	38756679	19994
chr1	38736685	38936685	harbor1	chr1	38761177	38761285	LTR/ERVL	562	+	54	38761231	24546
chr1	71055478	71255478	harbor1	chr1	71090416	71090978	LTR/ERVL	1917	+	281	71090697	35219
chr1	71055478	71255478	harbor1	chr1	71101808	71101958	LTR/ERVL	757	+	75	71101883	46405
chr1	196591551	196791551	harbor1	chr1	196616979	196617535	LTR/ERVL	3156	+	278	196617257	25706
chr1	184262829	184462829	harbor1	chr1	184287499	184287966	LTR/ERVL	2288	+	234	184287733	24904
chr1	184262829	184462829	harbor1	chr1	184287965	184288400	LTR/ERVL	2251	+	218	184288183	25354
chr1	184262829	184462829	harbor1	chr1	184288431	184288684	LTR/ERVL	1179	+	126	184288557	25728
chr1	184262829	184462829	harbor1	chr1	184288686	184289042	LTR/ERVL	1958	+	178	184288864	26035
chr1	184262829	184462829	harbor1	chr1	184289031	184289607	LTR/ERVL	3388	+	288	184289319	26490
chr1	184262829	184462829	harbor1	chr1	184289611	184289951	LTR/ERVL	2172	+	170	184289781	26952
chr1	184262829	184462829	harbor1	chr1	184290033	184290132	LTR/ERVL	473	+	50	184290083	27254
chr1	184262829	184462829	harbor1	chr1	184290254	184290618	LTR/ERVL	2166	+	182	184290436	27607
chr1	184262829	184462829	harbor1	chr1	184270611	184271051	LTR/ERVL	1562	+	220	184270831	8002
chr1	184262829	184462829	harbor1	chr1	184287074	184287472	LTR/ERVL	2068	+	199	184287273	24444
chr1	28272919	28472919	harbor1	chr1	28287000	28287385	LTR/ERVL	1134	+	192	28287192	14273
chr1	28272919	28472919	harbor1	chr1	28363610	28363798	LTR/ERVL	639	+	94	28363704	90785
chr1	38930014	39130014	harbor1	chr1	38961239	38961301	LTR/ERVL	1331	+	31	38961270	31256
chr1	38930014	39130014	harbor1	chr1	38961608	38962042	LTR/ERVL	1331	+	217	38961825	31811
chr1	215993077	216193077	harbor1	chr1	216020201	216020481	LTR/ERVL	1667	+	140	216020341	27264
chr1	215993077	216193077	harbor1	chr1	216020483	216021169	LTR/ERVL	2061	+	343	216020826	27749
chr1	215993077	216193077	harbor1	chr1	216021555	216021727	LTR/ERVL	770	+	86	216021641	28564
chr1	53922804	54122804	harbor1	chr1	53929028	53929505	LTR/ERVL	1177	+	238	53929266	6462
chr1	53922804	54122804	harbor1	chr1	53977994	53978354	LTR/ERVL	2037	+	180	53978174	55370
chr1	39659410	39859410	harbor1	chr1	39711642	39711781	LTR/ERVL	673	+	70	39711712	52302
chr1	39659410	39859410	harbor1	chr1	39712356	39712829	LTR/ERVL	1191	+	236	39712592	53182
chr1	39659410	39859410	harbor1	chr1	39714173	39714419	LTR/ERVL	1151	+	123	39714296	54886
chr1	39659410	39859410	harbor1	chr1	39714916	39715074	LTR/ERVL	1151	+	79	39714995	55585
chr1	17385748	17585748	harbor1	chr1	17434149	17434250	LTR/ERVL	552	+	50	17434199	48451
chr1	17385748	17585748	harbor1	chr1	17434264	17434827	LTR/ERVL	2436	+	282	17434546	48798
chr1	216212967	216412967	harbor1	chr1	216240336	216240426	LTR/ERVL	539	+	45	216240381	27414
chr1	222042006	222242006	harbor1	chr1	222051009	222051454	LTR/ERVL	3770	+	222	222051231	9225
chr1	39546151	39746151	harbor1	chr1	39587477	39587790	LTR/ERVL	1544	+	156	39587633	41482
chr1	39546151	39746151	harbor1	chr1	39588539	39588689	LTR/ERVL	1544	+	75	39588614	42463
chr1	39546151	39746151	harbor1	chr1	39609192	39609577	LTR/ERVL	1766	+	192	39609384	63233
chr1	76437856	76637856	harbor1	chr1	76463729	76464044	LTR/ERVL	849	+	158	76463887	26031
chr1	76437856	76637856	harbor1	chr1	76522641	76523184	LTR/ERVL	1587	+	272	76522913	85057
chr1	247605058	247805058	harbor1	chr1	247681380	247681556	LTR/ERVL	492	+	88	247681468	76410
chr1	113153566	113353566	harbor1	chr1	113187973	113188425	LTR/ERVL	2460	+	226	113188199	34633
chr1	113153566	113353566	harbor1	chr1	113196327	113196459	LTR/ERVL	659	+	66	113196393	42827
chr1	113153566	113353566	harbor1	chr1	113245249	113245639	LTR/ERVL	1385	+	195	113245444	91878
chr1	221498075	221698075	harbor1	chr1	221535710	221536162	LTR/ERVL	614	+	226	221535936	37861
chr1	221498075	221698075	harbor1	chr1	221545581	221545998	LTR/ERVL	586	+	208	221545789	47714
chr1	221498075	221698075	harbor1	chr1	221590753	221591200	LTR/ERVL	3377	+	224	221590977	92902
chr1	224477029	224677029	harbor1	chr1	224519226	224519506	LTR/ERVL	1235	+	140	224519366	42337
chr1	224477029	224677029	harbor1	chr1	224542843	224543606	LTR/ERVL	1369	+	382	224543225	66196
chr1	224477029	224677029	harbor1	chr1	224561480	224561829	LTR/ERVL	1365	+	174	224561654	84625
chr1	16331144	16531144	harbor1	chr1	16342599	16342682	LTR/ERVL	514	+	42	16342641	11497
chr1	16331144	16531144	harbor1	chr1	16343111	16343232	LTR/ERVL	514	+	60	16343171	12027
chr1	16331144	16531144	harbor1	chr1	16401970	16402244	LTR/ERVL	643	+	137	16402107	70963
chr1	16331144	16531144	harbor1	chr1	16416294	16416395	LTR/ERVL	2514	+	50	16416344	85200
chr1	16331144	16531144	harbor1	chr1	16416699	16417079	LTR/ERVL	2514	+	190	16416889	85745
chr1	63671700	63871700	harbor1	chr1	63681458	63681875	LTR/ERVL	1776	+	208	63681666	9966
chr1	63671700	63871700	harbor1	chr1	63681969	63681999	LTR/ERVL	681	+	15	63681984	10284
chr1	63671700	63871700	harbor1	chr1	63683731	63684044	LTR/ERVL	1173	+	156	63683887	12187
chr1	63671700	63871700	harbor1	chr1	63705544	63705825	LTR/ERVL	1021	+	140	63705684	33984
chr1	63671700	63871700	harbor1	chr1	63705826	63707137	LTR/ERVL	1662	+	656	63706482	34782
chr1	63671700	63871700	harbor1	chr1	63707285	63707991	LTR/ERVL	1706	+	353	63707638	35938
chr1	63671700	63871700	harbor1	chr1	63707997	63708437	LTR/ERVL	1316	+	220	63708217	36517
chr1	63671700	63871700	harbor1	chr1	63722470	63722748	LTR/ERVL	1540	+	139	63722609	50909
chr1	63671700	63871700	harbor1	chr1	63723203	63723525	LTR/ERVL	1540	+	161	63723364	51664
chr1	63671700	63871700	harbor1	chr1	63749624	63750138	LTR/ERVL	3030	+	257	63749881	78181
chr1	63671700	63871700	harbor1	chr1	63751116	63751552	LTR/ERVL	1217	+	218	63751334	79634
chr1	63671700	63871700	harbor1	chr1	63766360	63766506	LTR/ERVL	643	+	73	63766433	94733
chr1	63671700	63871700	harbor1	chr1	63767120	63767491	LTR/ERVL	737	+	186	63767306	95606
chr1	116219508	116419508	harbor1	chr1	116239771	116240795	LTR/ERVL	4168	+	512	116240283	20775
chr1	8854775	9054775	harbor1	chr1	8858594	8858733	LTR/ERVL	612	+	70	8858664	3889
chr1	8854775	9054775	harbor1	chr1	8858736	8858901	LTR/ERVL	510	+	82	8858818	4043
chr1	8854775	9054775	harbor1	chr1	8859195	8859355	LTR/ERVL	510	+	80	8859275	4500
chr1	8854775	9054775	harbor1	chr1	8901715	8902004	LTR/ERVL	1348	+	144	8901859	47084
chr1	8854775	9054775	harbor1	chr1	8902453	8902708	LTR/ERVL	876	+	128	8902581	47806
chr1	8854775	9054775	harbor1	chr1	8902876	8903241	LTR/ERVL	3109	+	182	8903058	48283
chr1	8854775	9054775	harbor1	chr1	8903556	8903844	LTR/ERVL	3109	+	144	8903700	48925
chr1	8854775	9054775	harbor1	chr1	8908992	8909231	LTR/ERVL	1046	+	120	8909112	54337
chr1	8854775	9054775	harbor1	chr1	8909358	8909370	LTR/ERVL	1046	+	6	8909364	54589
chr1	8854775	9054775	harbor1	chr1	8909680	8909741	LTR/ERVL	1046	+	30	8909710	54935
chr1	201894848	202094848	harbor1	chr1	201952407	201952810	LTR/ERVL	1620	+	202	201952609	57761
chr1	201894848	202094848	harbor1	chr1	201953109	201953134	LTR/ERVL	968	+	12	201953121	58273
chr1	82411925	82611925	harbor1	chr1	82412847	82413002	LTR/ERVL	438	+	78	82412925	1000
chr1	82411925	82611925	harbor1	chr1	82449193	82449324	LTR/ERVL	2550	+	66	82449259	37334
chr1	82411925	82611925	harbor1	chr1	82449706	82450078	LTR/ERVL	2550	+	186	82449892	37967
chr1	82411925	82611925	harbor1	chr1	82450166	82450234	LTR/ERVL	2550	+	34	82450200	38275
chr1	82411925	82611925	harbor1	chr1	82452322	82454446	LTR/ERVL	11987	+	1062	82453384	41459
chr1	82411925	82611925	harbor1	chr1	82454517	82454754	LTR/ERVL	1049	+	118	82454635	42710
chr1	82411925	82611925	harbor1	chr1	82480784	82480967	LTR/ERVL	624	+	92	82480876	68951
chr1	82411925	82611925	harbor1	chr1	82482949	82483345	LTR/ERVL	1477	+	198	82483147	71222
chr1	168316166	168516166	harbor1	chr1	168328830	168329342	LTR/ERVL	1748	+	256	168329086	12920
chr1	118740451	118940451	harbor1	chr1	118745053	118745434	LTR/ERVL	604	+	190	118745243	4792
chr1	189566158	189766158	harbor1	chr1	189583301	189583610	LTR/ERVL	985	+	154	189583455	17297
chr1	189566158	189766158	harbor1	chr1	189633707	189634139	LTR/ERVL	1505	+	216	189633923	67765
chr1	189566158	189766158	harbor1	chr1	189637295	189637735	LTR/ERVL	3036	+	220	189637515	71357
chr1	50699189	50899189	harbor1	chr1	50727617	50728114	LTR/ERVL	1826	+	248	50727865	28676
chr1	50699189	50899189	harbor1	chr1	50730574	50731346	LTR/ERVL	4750	+	386	50730960	31771
chr1	50699189	50899189	harbor1	chr1	50791313	50791485	LTR/ERVL	552	+	86	50791399	92210
chr1	50699189	50899189	harbor1	chr1	50791576	50791869	LTR/ERVL	414	+	146	50791722	92533
chr1	50699189	50899189	harbor1	chr1	50792486	50792973	LTR/ERVL	1104	+	244	50792730	93541
chr1	50699189	50899189	harbor1	chr1	50793028	50793395	LTR/ERVL	665	+	184	50793212	94023
chr1	50699189	50899189	harbor1	chr1	50793427	50793609	LTR/ERVL	561	+	91	50793518	94329
chr1	50699189	50899189	harbor1	chr1	50793613	50793849	LTR/ERVL	1038	+	118	50793731	94542
chr1	50699189	50899189	harbor1	chr1	50794089	50794193	LTR/ERVL	1038	+	52	50794141	94952
chr1	50699189	50899189	harbor1	chr1	50794256	50794623	LTR/ERVL	2993	+	184	50794440	95251
chr1	50699189	50899189	harbor1	chr1	50794936	50795452	LTR/ERVL	2993	+	258	50795194	96005
chr1	50699189	50899189	harbor1	chr1	50795657	50796194	LTR/ERVL	797	+	268	50795925	96736
chr1	80893542	81093542	harbor1	chr1	80961870	80962258	LTR/ERVL	682	+	194	80962064	68522
chr1	80893542	81093542	harbor1	chr1	80962509	80962727	LTR/ERVL	517	+	109	80962618	69076
chr1	80893542	81093542	harbor1	chr1	80965547	80965928	LTR/ERVL	957	+	190	80965737	72195
chr1	80893542	81093542	harbor1	chr1	80973705	80973928	LTR/ERVL	612	+	112	80973817	80275
chr1	107028936	107228936	harbor1	chr1	107116980	107117196	LTR/ERVL	744	+	108	107117088	88152
chr1	17023977	17223977	harbor1	chr1	17065877	17066151	LTR/ERVL	815	+	137	17066014	42037
chr1	17023977	17223977	harbor1	chr1	17066461	17066524	LTR/ERVL	815	+	32	17066493	42516
chr1	2780000	2980000	harbor1	chr1	2823715	2824095	LTR/ERVL	955	+	190	2823905	43905
chr1	2780000	2980000	harbor1	chr1	2840476	2840825	LTR/ERVL	863	+	174	2840650	60650
chr1	209267998	209467998	harbor1	chr1	209312007	209312312	LTR/ERVL	546	+	152	209312159	44161
chr1	209267998	209467998	harbor1	chr1	209312994	209313140	LTR/ERVL	546	+	73	209313067	45069
chr1	144908369	145108369	harbor1	chr1	145006067	145006509	LTR/ERVL	568	+	221	145006288	97919
chr1	65456012	65656012	harbor1	chr1	65505438	65505864	LTR/ERVL	802	+	213	65505651	49639
chr1	226483174	226683174	harbor1	chr1	226488716	226489181	LTR/ERVL	2461	+	232	226488948	5774
chr1	226483174	226683174	harbor1	chr1	226533715	226534105	LTR/ERVL	1015	+	195	226533910	50736
chr1	226483174	226683174	harbor1	chr1	226564953	226565365	LTR/ERVL	984	+	206	226565159	81985
chr1	154306693	154506693	harbor1	chr1	154391548	154391729	LTR/ERVL	446	+	90	154391638	84945
chr1	190853712	191053712	harbor1	chr1	190906386	190906708	LTR/ERVL	568	+	161	190906547	52835
chr1	8064362	8264362	harbor1	chr1	8156759	8157050	LTR/ERVL	1076	+	146	8156905	92543
chr1	8064362	8264362	harbor1	chr1	8157086	8157473	LTR/ERVL	1270	+	194	8157280	92918
chr1	240926295	241126295	harbor1	chr1	240927916	240928372	LTR/ERVL	2365	+	228	240928144	1849
chr1	240926295	241126295	harbor1	chr1	240956989	240957544	LTR/ERVL	1963	+	278	240957267	30972
chr1	240926295	241126295	harbor1	chr1	240976384	240976725	LTR/ERVL	1964	+	170	240976554	50259
chr1	240926295	241126295	harbor1	chr1	240977141	240977179	LTR/ERVL	1964	+	19	240977160	50865
chr1	216128166	216328166	harbor1	chr1	216175774	216176037	LTR/ERVL	700	+	132	216175906	47740
chr1	216128166	216328166	harbor1	chr1	216193885	216194131	LTR/ERVL	724	+	123	216194008	65842
chr1	216128166	216328166	harbor1	chr1	216194134	216194484	LTR/ERVL	573	+	175	216194309	66143
chr1	216128166	216328166	harbor1	chr1	216194495	216195860	LTR/ERVL	3249	+	682	216195177	67011
chr1	216128166	216328166	harbor1	chr1	216209660	216210201	LTR/ERVL	2218	+	270	216209930	81764
chr1	216128166	216328166	harbor1	chr1	216210703	216210744	LTR/ERVL	2218	+	20	216210723	82557
chr1	216128166	216328166	harbor1	chr1	216210996	216211399	LTR/ERVL	2218	+	202	216211198	83032
chr1	73345949	73545949	harbor1	chr1	73362499	73362813	LTR/ERVL	1300	+	157	73362656	16707
chr1	73345949	73545949	harbor1	chr1	73362860	73362909	LTR/ERVL	1300	+	24	73362884	16935
chr1	73345949	73545949	harbor1	chr1	73401795	73401960	LTR/ERVL	508	+	82	73401877	55928
chr1	73345949	73545949	harbor1	chr1	73401968	73402553	LTR/ERVL	1440	+	292	73402260	56311
chr1	73345949	73545949	harbor1	chr1	73414753	73415263	LTR/ERVL	2410	+	255	73415008	69059
chr1	73345949	73545949	harbor1	chr1	73424089	73424479	LTR/ERVL	1267	+	195	73424284	78335
chr1	117182262	117382262	harbor1	chr1	117233442	117233805	LTR/ERVL	1523	+	182	117233624	51362
chr1	72806385	73006385	harbor1	chr1	72846011	72846345	LTR/ERVL	518	+	167	72846178	39793
chr1	72806385	73006385	harbor1	chr1	72863247	72863846	LTR/ERVL	2099	+	300	72863547	57162
chr1	72806385	73006385	harbor1	chr1	72877408	72877632	LTR/ERVL	1579	+	112	72877520	71135
chr1	72806385	73006385	harbor1	chr1	72877616	72878130	LTR/ERVL	2706	+	257	72877873	71488
chr1	72806385	73006385	harbor1	chr1	72878139	72878678	LTR/ERVL	1570	+	270	72878409	72024
chr1	205897915	206097915	harbor1	chr1	205911640	205912045	LTR/ERVL	958	+	202	205911842	13927
chr1	69341619	69541619	harbor1	chr1	69378109	69378547	LTR/ERVL	2421	+	219	69378328	36709
chr1	69341619	69541619	harbor1	chr1	69378764	69378833	LTR/ERVL	476	+	34	69378798	37179
chr1	69341619	69541619	harbor1	chr1	69405268	69405609	LTR/ERVL	1086	+	170	69405438	63819
chr1	160416622	160616622	harbor1	chr1	160456130	160456360	LTR/ERVL	1560	+	115	160456245	39623
chr1	160416622	160616622	harbor1	chr1	160456692	160456891	LTR/ERVL	1560	+	100	160456792	40170
chr1	160416622	160616622	harbor1	chr1	160468974	160469105	LTR/ERVL	634	+	66	160469040	52418
chr1	160416622	160616622	harbor1	chr1	160469186	160469482	LTR/ERVL	1194	+	148	160469334	52712
chr1	242162182	242362182	harbor1	chr1	242165632	242166435	LTR/ERVL	5127	+	402	242166034	3852
chr1	242162182	242362182	harbor1	chr1	242237367	242238124	LTR/ERVL	1298	+	378	242237745	75563
chr1	44843895	45043895	harbor1	chr1	44890623	44890857	LTR/ERVL	1594	+	117	44890740	46845
chr1	44843895	45043895	harbor1	chr1	44905315	44905545	LTR/ERVL	493	+	115	44905430	61535
chr1	242712184	242912184	harbor1	chr1	242760758	242760905	LTR/ERVL	457	+	74	242760832	48648
chr1	5725143	5925143	harbor1	chr1	5729176	5729681	LTR/ERVL	1840	+	252	5729428	4285
chr1	5725143	5925143	harbor1	chr1	5817814	5817988	LTR/ERVL	468	+	87	5817901	92758
chr1	5725143	5925143	harbor1	chr1	5820123	5820594	LTR/ERVL	852	+	236	5820359	95216
chr1	5725143	5925143	harbor1	chr1	5820723	5821047	LTR/ERVL	561	+	162	5820885	95742
chr1	5725143	5925143	harbor1	chr1	5821599	5822501	LTR/ERVL	1404	+	451	5822050	96907
chr1	5725143	5925143	harbor1	chr1	5822505	5823005	LTR/ERVL	1080	+	250	5822755	97612
chr1	82454501	82654501	harbor1	chr1	82454517	82454754	LTR/ERVL	1049	+	118	82454635	134
chr1	82454501	82654501	harbor1	chr1	82480784	82480967	LTR/ERVL	624	+	92	82480876	26375
chr1	82454501	82654501	harbor1	chr1	82482949	82483345	LTR/ERVL	1477	+	198	82483147	28646
chr1	44151458	44351458	harbor1	chr1	44171271	44171394	LTR/ERVL	608	+	62	44171333	19875
chr1	44151458	44351458	harbor1	chr1	44193881	44194199	LTR/ERVL	1121	+	159	44194040	42582
chr1	44151458	44351458	harbor1	chr1	44200893	44201208	LTR/ERVL	1245	+	158	44201051	49593
chr1	44151458	44351458	harbor1	chr1	44201452	44201564	LTR/ERVL	925	+	56	44201508	50050
chr1	44151458	44351458	harbor1	chr1	44201878	44202008	LTR/ERVL	925	+	65	44201943	50485
chr1	44151458	44351458	harbor1	chr1	44202305	44202603	LTR/ERVL	925	+	149	44202454	50996
chr1	44151458	44351458	harbor1	chr1	44170427	44171268	LTR/ERVL	3463	+	420	44170847	19389
chr1	201915938	202115938	harbor1	chr1	201952407	201952810	LTR/ERVL	1620	+	202	201952609	36671
chr1	201915938	202115938	harbor1	chr1	201953109	201953134	LTR/ERVL	968	+	12	201953121	37183
chr1	88560581	88760581	harbor1	chr1	88575390	88575814	LTR/ERVL	935	+	212	88575602	15021
chr1	88560581	88760581	harbor1	chr1	88575994	88577200	LTR/ERVL	2998	+	603	88576597	16016
chr1	88560581	88760581	harbor1	chr1	88577335	88577840	LTR/ERVL	1313	+	252	88577587	17006
chr1	88560581	88760581	harbor1	chr1	88578270	88578712	LTR/ERVL	1564	+	221	88578491	17910
chr1	88560581	88760581	harbor1	chr1	88579290	88579457	LTR/ERVL	1300	+	84	88579374	18793
chr1	88560581	88760581	harbor1	chr1	88579607	88580028	LTR/ERVL	1353	+	210	88579817	19236
chr1	88560581	88760581	harbor1	chr1	88595833	88596225	LTR/ERVL	2790	+	196	88596029	35448
chr1	88560581	88760581	harbor1	chr1	88596430	88597616	LTR/ERVL	41811	+	593	88597023	36442
chr1	88560581	88760581	harbor1	chr1	88597910	88602327	LTR/ERVL	41811	+	2208	88600118	39537
chr1	88560581	88760581	harbor1	chr1	88602328	88602753	LTR/ERVL	2720	+	212	88602540	41959
chr1	165274943	165474943	harbor1	chr1	165367899	165368516	LTR/ERVL	1117	+	308	165368207	93264
chr1	38673487	38873487	harbor1	chr1	38755490	38755656	LTR/ERVL	850	+	83	38755573	82086
chr1	38673487	38873487	harbor1	chr1	38756222	38756320	LTR/ERVL	850	+	49	38756271	82784
chr1	38673487	38873487	harbor1	chr1	38756324	38756467	LTR/ERVL	866	+	72	38756396	82909
chr1	38673487	38873487	harbor1	chr1	38756499	38756859	LTR/ERVL	1282	+	180	38756679	83192
chr1	38673487	38873487	harbor1	chr1	38761177	38761285	LTR/ERVL	562	+	54	38761231	87744
chr1	216396949	216596949	harbor1	chr1	216397341	216397970	LTR/ERVL	1958	+	314	216397655	706
chr1	216396949	216596949	harbor1	chr1	216452697	216453249	LTR/ERVL	2001	+	276	216452973	56024
chr1	165907007	166107007	harbor1	chr1	165989299	165989413	LTR/ERVL	485	+	57	165989356	82349
chr1	108874438	109074438	harbor1	chr1	108955541	108956075	LTR/ERVL	2759	+	267	108955808	81370
chr1	3030817	3230817	harbor1	chr1	3033129	3033510	LTR/ERVL	636	+	190	3033319	2502
chr1	243260514	243460514	harbor1	chr1	243269420	243269592	LTR/ERVL	479	+	86	243269506	8992
chr1	33130703	33330703	harbor1	chr1	33145865	33145971	LTR/ERVL	411	+	53	33145918	15215
chr1	33130703	33330703	harbor1	chr1	33146118	33146265	LTR/ERVL	596	+	74	33146192	15489
chr1	33130703	33330703	harbor1	chr1	33190670	33191020	LTR/ERVL	1171	+	175	33190845	60142
chr1	33130703	33330703	harbor1	chr1	33191009	33191267	LTR/ERVL	916	+	129	33191138	60435
chr1	33130703	33330703	harbor1	chr1	33196836	33197412	LTR/ERVL	2383	+	288	33197124	66421
chr1	247863749	248063749	harbor1	chr1	247915541	247915957	LTR/ERVL	969	+	208	247915749	52000
chr1	165988721	166188721	harbor1	chr1	165989299	165989413	LTR/ERVL	485	+	57	165989356	635
chr1	165988721	166188721	harbor1	chr1	166009964	166010419	LTR/ERVL	1321	+	228	166010192	21471
chr1	165988721	166188721	harbor1	chr1	166013980	166014392	LTR/ERVL	752	+	206	166014186	25465
chr1	165988721	166188721	harbor1	chr1	166014407	166015029	LTR/ERVL	1180	+	311	166014718	25997
chr1	108719431	108919431	harbor1	chr1	108810449	108810558	LTR/ERVL	528	+	54	108810503	91072
chr1	75177820	75377820	harbor1	chr1	75212844	75213224	LTR/ERVL	473	+	190	75213034	35214
chr1	30654731	30854731	harbor1	chr1	30671164	30671509	LTR/ERVL	1730	+	172	30671336	16605
chr1	30654731	30854731	harbor1	chr1	30728465	30728734	LTR/ERVL	775	+	134	30728599	73868
chr1	30654731	30854731	harbor1	chr1	30737921	30738133	LTR/ERVL	927	+	106	30738027	83296
chr1	30654731	30854731	harbor1	chr1	30738643	30738860	LTR/ERVL	927	+	108	30738751	84020
chr1	231241357	231441357	harbor1	chr1	231285295	231285371	LTR/ERVL	1097	+	38	231285333	43976
chr1	231241357	231441357	harbor1	chr1	231286263	231286339	LTR/ERVL	1097	+	38	231286301	44944
chr1	231241357	231441357	harbor1	chr1	231286469	231286721	LTR/ERVL	883	+	126	231286595	45238
chr1	231241357	231441357	harbor1	chr1	231288085	231288523	LTR/ERVL	1410	+	219	231288304	46947
chr1	87886192	88086192	harbor1	chr1	87925932	87926089	LTR/ERVL	776	+	78	87926010	39818
chr1	18061130	18261130	harbor1	chr1	18061544	18062005	LTR/ERVL	1070	+	230	18061774	644
chr1	18061130	18261130	harbor1	chr1	18139728	18139957	LTR/ERVL	1108	+	114	18139842	78712
chr1	18061130	18261130	harbor1	chr1	18140224	18140456	LTR/ERVL	1108	+	116	18140340	79210
chr1	54878262	55078262	harbor1	chr1	54897119	54897588	LTR/ERVL	2475	+	234	54897353	19091
chr1	54878262	55078262	harbor1	chr1	54897654	54897736	LTR/ERVL	2475	+	41	54897695	19433
chr1	54878262	55078262	harbor1	chr1	54926078	54926151	LTR/ERVL	608	+	36	54926114	47852
chr1	54878262	55078262	harbor1	chr1	54926508	54926567	LTR/ERVL	608	+	30	54926538	48276
chr1	54878262	55078262	harbor1	chr1	54926747	54927133	LTR/ERVL	699	+	193	54926940	48678
chr1	189641690	189841690	harbor1	chr1	189692153	189692401	LTR/ERVL	2328	+	124	189692277	50587
chr1	189641690	189841690	harbor1	chr1	189692878	189693268	LTR/ERVL	2328	+	195	189693073	51383
chr1	108896613	109096613	harbor1	chr1	108955541	108956075	LTR/ERVL	2759	+	267	108955808	59195
chr1	186223348	186423348	harbor1	chr1	186248007	186248233	LTR/ERVL	686	+	113	186248120	24772
chr1	186223348	186423348	harbor1	chr1	186273201	186273358	LTR/ERVL	626	+	78	186273279	49931
chr1	74488833	74688833	harbor1	chr1	74545054	74545517	LTR/ERVL	2016	+	232	74545286	56453
chr1	74488833	74688833	harbor1	chr1	74565357	74565761	LTR/ERVL	662	+	202	74565559	76726
chr1	74488833	74688833	harbor1	chr1	74576375	74576664	LTR/ERVL	1304	+	144	74576519	87686
chr1	56585265	56785265	harbor1	chr1	56608052	56608155	LTR/ERVL	430	+	52	56608104	22839
chr1	56585265	56785265	harbor1	chr1	56608250	56608727	LTR/ERVL	1073	+	238	56608488	23223
chr1	56585265	56785265	harbor1	chr1	56608732	56608811	LTR/ERVL	522	+	40	56608772	23507
chr1	67190858	67390858	harbor1	chr1	67288388	67288843	LTR/ERVL	2669	+	228	67288616	97758
chr1	67190858	67390858	harbor1	chr1	67288844	67290879	LTR/ERVL	15269	+	1018	67289862	99004
chr1	101379637	101579637	harbor1	chr1	101394558	101395483	LTR/ERVL	4499	+	462	101395020	15383
chr1	101379637	101579637	harbor1	chr1	101418418	101418898	LTR/ERVL	2070	+	240	101418658	39021
chr1	101379637	101579637	harbor1	chr1	101420433	101420895	LTR/ERVL	1571	+	231	101420664	41027
chr1	101379637	101579637	harbor1	chr1	101472477	101473159	LTR/ERVL	2343	+	341	101472818	93181
chr1	55790704	55990704	harbor1	chr1	55818860	55819275	LTR/ERVL	1106	+	208	55819068	28364
chr1	55790704	55990704	harbor1	chr1	55832186	55832621	LTR/ERVL	1161	+	218	55832404	41700
chr1	55790704	55990704	harbor1	chr1	55850874	55851226	LTR/ERVL	695	+	176	55851050	60346
chr1	55790704	55990704	harbor1	chr1	55866307	55866499	LTR/ERVL	646	+	96	55866403	75699
chr1	55790704	55990704	harbor1	chr1	55871112	55871647	LTR/ERVL	1735	+	268	55871380	80676
chr1	55790704	55990704	harbor1	chr1	55876217	55876587	LTR/ERVL	1877	+	185	55876402	85698
chr1	55790704	55990704	harbor1	chr1	55887826	55887971	LTR/ERVL	501	+	72	55887898	97194
chr1	210248530	210448530	harbor1	chr1	210285313	210285542	LTR/ERVL	760	+	114	210285427	36897
chr1	210248530	210448530	harbor1	chr1	210285596	210285961	LTR/ERVL	1074	+	182	210285778	37248
chr1	202931084	203131084	harbor1	chr1	202952559	202952846	LTR/ERVL	1370	+	144	202952703	21619
chr1	75750929	75950929	harbor1	chr1	75800130	75800344	LTR/ERVL	476	+	107	75800237	49308
chr1	75750929	75950929	harbor1	chr1	75835884	75836273	LTR/ERVL	1086	+	194	75836078	85149
chr1	75750929	75950929	harbor1	chr1	75836513	75836591	LTR/ERVL	471	+	39	75836552	85623
chr1	42260145	42460145	harbor1	chr1	42306908	42307593	LTR/ERVL	1720	+	342	42307250	47105
chr1	42260145	42460145	harbor1	chr1	42345729	42345991	LTR/ERVL	516	+	131	42345860	85715
chr1	42260145	42460145	harbor1	chr1	42353267	42353684	LTR/ERVL	886	+	208	42353475	93330
chr1	168367675	168567675	harbor1	chr1	168434251	168434385	LTR/ERVL	488	+	67	168434318	66643
chr1	168367675	168567675	harbor1	chr1	168434418	168435098	LTR/ERVL	2160	+	340	168434758	67083
chr1	168367675	168567675	harbor1	chr1	168435116	168435836	LTR/ERVL	1691	+	360	168435476	67801
chr1	168367675	168567675	harbor1	chr1	168435886	168436218	LTR/ERVL	769	+	166	168436052	68377
chr1	3847357	4047357	harbor1	chr1	3879943	3880467	LTR/ERVL	1243	+	262	3880205	32848
chr1	3847357	4047357	harbor1	chr1	3916053	3916155	LTR/ERVL	417	+	51	3916104	68747
chr1	3847357	4047357	harbor1	chr1	3932325	3932573	LTR/ERVL	422	+	124	3932449	85092
chr1	3847357	4047357	harbor1	chr1	3932733	3933030	LTR/ERVL	907	+	148	3932881	85524
chr1	3847357	4047357	harbor1	chr1	3931848	3932322	LTR/ERVL	1312	+	237	3932085	84728
chr1	179358465	179558465	harbor1	chr1	179416546	179416967	LTR/ERVL	2609	+	210	179416756	58291
chr1	55236310	55436310	harbor1	chr1	55289386	55289469	LTR/ERVL	442	+	42	55289428	53118
chr1	211863063	212063063	harbor1	chr1	211885041	211885458	LTR/ERVL	1281	+	208	211885249	22186
chr1	211863063	212063063	harbor1	chr1	211915404	211915779	LTR/ERVL	829	+	188	211915592	52529
chr1	211863063	212063063	harbor1	chr1	211919561	211919772	LTR/ERVL	816	+	106	211919667	56604
chr1	211863063	212063063	harbor1	chr1	211944208	211944644	LTR/ERVL	638	+	218	211944426	81363
chr2	42685366	42885366	harbor1	chr2	42687634	42688023	LTR/ERVL	882	+	194	42687828	2462
chr2	42685366	42885366	harbor1	chr2	42747601	42747687	LTR/ERVL	423	+	43	42747644	62278
chr2	195754584	195954584	harbor1	chr2	195769363	195769783	LTR/ERVL	1660	+	210	195769573	14989
chr2	195754584	195954584	harbor1	chr2	195780944	195781435	LTR/ERVL	472	+	246	195781190	26606
chr2	195754584	195954584	harbor1	chr2	195846554	195846949	LTR/ERVL	3119	+	198	195846752	92168
chr2	195754584	195954584	harbor1	chr2	195846983	195847033	LTR/ERVL	3119	+	25	195847008	92424
chr2	134657306	134857306	harbor1	chr2	134691361	134691501	LTR/ERVL	467	+	70	134691431	34125
chr2	134657306	134857306	harbor1	chr2	134704250	134704429	LTR/ERVL	564	+	90	134704340	47034
chr2	163940225	164140225	harbor1	chr2	163941420	163941979	LTR/ERVL	2268	+	280	163941700	1475
chr2	163940225	164140225	harbor1	chr2	164003638	164003863	LTR/ERVL	551	+	112	164003750	63525
chr2	120540389	120740389	harbor1	chr2	120560367	120560776	LTR/ERVL	1222	+	204	120560571	20182
chr2	120540389	120740389	harbor1	chr2	120569132	120569248	LTR/ERVL	436	+	58	120569190	28801
chr2	120540389	120740389	harbor1	chr2	120589682	120590117	LTR/ERVL	2413	+	218	120589900	49511
chr2	120540389	120740389	harbor1	chr2	120615163	120615329	LTR/ERVL	417	+	83	120615246	74857
chr2	120540389	120740389	harbor1	chr2	120628300	120628412	LTR/ERVL	456	+	56	120628356	87967
chr2	120540389	120740389	harbor1	chr2	120628489	120628765	LTR/ERVL	690	+	138	120628627	88238
chr2	130910460	131110460	harbor1	chr2	130975232	130975781	LTR/ERVL	1652	+	274	130975506	65046
chr2	74265851	74465851	harbor1	chr2	74319516	74319652	LTR/ERVL	878	+	68	74319584	53733
chr2	74265851	74465851	harbor1	chr2	74319659	74319924	LTR/ERVL	1386	+	132	74319791	53940
chr2	74265851	74465851	harbor1	chr2	74331789	74332159	LTR/ERVL	523	+	185	74331974	66123
chr2	74265851	74465851	harbor1	chr2	74358084	74358339	LTR/ERVL	532	+	128	74358212	92361
chr2	123280433	123480433	harbor1	chr2	123349343	123349481	LTR/ERVL	459	+	69	123349412	68979
chr2	9601477	9801477	harbor1	chr2	9634690	9634812	LTR/ERVL	1158	+	61	9634751	33274
chr2	9601477	9801477	harbor1	chr2	9635116	9635429	LTR/ERVL	1158	+	156	9635272	33795
chr2	9601477	9801477	harbor1	chr2	9651974	9652162	LTR/ERVL	480	+	94	9652068	50591
chr2	9601477	9801477	harbor1	chr2	9660108	9660245	LTR/ERVL	535	+	68	9660176	58699
chr2	9601477	9801477	harbor1	chr2	9680233	9680590	LTR/ERVL	1771	+	178	9680411	78934
chr2	42421341	42621341	harbor1	chr2	42433279	42433456	LTR/ERVL	1484	+	88	42433367	12026
chr2	42421341	42621341	harbor1	chr2	42433762	42433898	LTR/ERVL	1484	+	68	42433830	12489
chr2	5327766	5527766	harbor1	chr2	5343250	5343692	LTR/ERVL	3565	+	221	5343471	15705
chr2	5327766	5527766	harbor1	chr2	5417101	5417501	LTR/ERVL	2374	+	200	5417301	89535
chr2	76301164	76501164	harbor1	chr2	76301868	76302285	LTR/ERVL	1010	+	208	76302076	912
chr2	76301164	76501164	harbor1	chr2	76317326	76317597	LTR/ERVL	789	+	136	76317462	16298
chr2	76301164	76501164	harbor1	chr2	76317907	76318094	LTR/ERVL	789	+	94	76318001	16837
chr2	76301164	76501164	harbor1	chr2	76326239	76326729	LTR/ERVL	3080	+	245	76326484	25320
chr2	76301164	76501164	harbor1	chr2	76343760	76343963	LTR/ERVL	523	+	102	76343862	42698
chr2	76301164	76501164	harbor1	chr2	76363707	76364242	LTR/ERVL	1723	+	268	76363975	62811
chr2	34728845	34928845	harbor1	chr2	34751821	34752106	LTR/ERVL	914	+	142	34751963	23118
chr2	34728845	34928845	harbor1	chr2	34789237	34789757	LTR/ERVL	1556	+	260	34789497	60652
chr2	42870195	43070195	harbor1	chr2	42882051	42882450	LTR/ERVL	2369	+	200	42882251	12056
chr2	42870195	43070195	harbor1	chr2	42882498	42882539	LTR/ERVL	2369	+	20	42882518	12323
chr2	42870195	43070195	harbor1	chr2	42882540	42885076	LTR/ERVL	29826	+	1268	42883808	13613
chr2	42870195	43070195	harbor1	chr2	42885388	42886779	LTR/ERVL	29826	+	696	42886084	15889
chr2	42870195	43070195	harbor1	chr2	42887081	42888154	LTR/ERVL	29826	+	536	42887617	17422
chr2	42870195	43070195	harbor1	chr2	42888407	42888600	LTR/ERVL	2877	+	96	42888503	18308
chr2	42870195	43070195	harbor1	chr2	42889237	42889593	LTR/ERVL	2877	+	178	42889415	19220
chr2	42870195	43070195	harbor1	chr2	42890290	42890304	LTR/ERVL	2877	+	7	42890297	20102
chr2	42870195	43070195	harbor1	chr2	42891006	42891079	LTR/ERVL	2877	+	36	42891042	20847
chr2	42870195	43070195	harbor1	chr2	42891080	42891268	LTR/ERVL	1267	+	94	42891174	20979
chr2	42870195	43070195	harbor1	chr2	42891567	42891594	LTR/ERVL	1267	+	14	42891581	21386
chr2	42870195	43070195	harbor1	chr2	42892141	42892223	LTR/ERVL	1267	+	41	42892182	21987
chr2	113826643	114026643	harbor1	chr2	113839915	113839930	LTR/ERVL	1359	+	8	113839923	13280
chr2	113826643	114026643	harbor1	chr2	113839980	113840218	LTR/ERVL	1359	+	119	113840099	13456
chr2	113826643	114026643	harbor1	chr2	113840224	113840765	LTR/ERVL	2938	+	270	113840494	13851
chr2	113826643	114026643	harbor1	chr2	113909957	113910773	LTR/ERVL	4408	+	408	113910365	83722
chr2	193084609	193284609	harbor1	chr2	193088636	193088914	LTR/ERVL	1438	+	139	193088775	4166
chr2	193084609	193284609	harbor1	chr2	193107158	193107525	LTR/ERVL	519	+	184	193107342	22733
chr2	193084609	193284609	harbor1	chr2	193117942	193118341	LTR/ERVL	1994	+	200	193118142	33533
chr2	182216821	182416821	harbor1	chr2	182242494	182242847	LTR/ERVL	2092	+	176	182242670	25849
chr2	182216821	182416821	harbor1	chr2	182296680	182297147	LTR/ERVL	2048	+	234	182296914	80093
chr2	182216821	182416821	harbor1	chr2	182297614	182297759	LTR/ERVL	606	+	72	182297686	80865
chr2	182216821	182416821	harbor1	chr2	182297786	182297940	LTR/ERVL	619	+	77	182297863	81042
chr2	182216821	182416821	harbor1	chr2	182298486	182298862	LTR/ERVL	539	+	188	182298674	81853
chr2	182216821	182416821	harbor1	chr2	182299156	182300152	LTR/ERVL	2479	+	498	182299654	82833
chr2	182216821	182416821	harbor1	chr2	182300310	182302014	LTR/ERVL	2484	+	852	182301162	84341
chr2	182216821	182416821	harbor1	chr2	182302134	182302304	LTR/ERVL	610	+	85	182302219	85398
chr2	182216821	182416821	harbor1	chr2	182304962	182305252	LTR/ERVL	977	+	145	182305107	88286
chr2	41892405	42092405	harbor1	chr2	41976392	41976811	LTR/ERVL	2365	+	210	41976602	84197
chr2	41892405	42092405	harbor1	chr2	41976860	41976886	LTR/ERVL	2365	+	13	41976873	84468
chr2	41892405	42092405	harbor1	chr2	41976964	41976995	LTR/ERVL	2365	+	16	41976980	84575
chr2	41892405	42092405	harbor1	chr2	41991428	41991538	LTR/ERVL	474	+	55	41991483	99078
chr2	25802089	26002089	harbor1	chr2	25802371	25802848	LTR/ERVL	3613	+	238	25802609	520
chr2	25802089	26002089	harbor1	chr2	25803171	25803547	LTR/ERVL	3613	+	188	25803359	1270
chr2	25802089	26002089	harbor1	chr2	25803859	25803989	LTR/ERVL	534	+	65	25803924	1835
chr2	25802089	26002089	harbor1	chr2	25854612	25854859	LTR/ERVL	465	+	124	25854736	52647
chr2	25802089	26002089	harbor1	chr2	25883138	25883527	LTR/ERVL	1372	+	194	25883332	81243
chr2	25802089	26002089	harbor1	chr2	25883646	25883848	LTR/ERVL	499	+	101	25883747	81658
chr2	25802089	26002089	harbor1	chr2	25883862	25884234	LTR/ERVL	1077	+	186	25884048	81959
chr2	25802089	26002089	harbor1	chr2	25885128	25885487	LTR/ERVL	2858	+	180	25885308	83219
chr2	25802089	26002089	harbor1	chr2	25886073	25886569	LTR/ERVL	2858	+	248	25886321	84232
chr2	25802089	26002089	harbor1	chr2	25887526	25887820	LTR/ERVL	2098	+	147	25887673	85584
chr2	25802089	26002089	harbor1	chr2	25888132	25888290	LTR/ERVL	2098	+	79	25888211	86122
chr2	25802089	26002089	harbor1	chr2	25888535	25888792	LTR/ERVL	1959	+	128	25888663	86574
chr2	25802089	26002089	harbor1	chr2	25888851	25889177	LTR/ERVL	1313	+	163	25889014	86925
chr2	25802089	26002089	harbor1	chr2	25899474	25899692	LTR/ERVL	639	+	109	25899583	97494
chr2	7172265	7372265	harbor1	chr2	7174521	7174952	LTR/ERVL	2184	+	216	7174737	2472
chr2	7172265	7372265	harbor1	chr2	7188417	7188614	LTR/ERVL	512	+	98	7188515	16250
chr2	7172265	7372265	harbor1	chr2	7195333	7195808	LTR/ERVL	1192	+	238	7195571	23306
chr2	197224648	197424648	harbor1	chr2	197248189	197248471	LTR/ERVL	1081	+	141	197248330	23682
chr2	197224648	197424648	harbor1	chr2	197274354	197274717	LTR/ERVL	808	+	182	197274536	49888
chr2	197224648	197424648	harbor1	chr2	197313057	197313365	LTR/ERVL	4051	+	154	197313211	88563
chr2	197224648	197424648	harbor1	chr2	197313677	197316196	LTR/ERVL	5396	+	1260	197314937	90289
chr2	197224648	197424648	harbor1	chr2	197316266	197316440	LTR/ERVL	5396	+	87	197316353	91705
chr2	197224648	197424648	harbor1	chr2	197316750	197316775	LTR/ERVL	3240	+	12	197316762	92114
chr2	197224648	197424648	harbor1	chr2	197317073	197317919	LTR/ERVL	3240	+	423	197317496	92848
chr2	197224648	197424648	harbor1	chr2	197317932	197318116	LTR/ERVL	696	+	92	197318024	93376
chr2	197224648	197424648	harbor1	chr2	197318950	197318977	LTR/ERVL	696	+	14	197318964	94316
chr2	197224648	197424648	harbor1	chr2	197319264	197319308	LTR/ERVL	696	+	22	197319286	94638
chr2	197224648	197424648	harbor1	chr2	197320167	197320596	LTR/ERVL	1641	+	214	197320381	95733
chr2	136206040	136406040	harbor1	chr2	136216938	136217137	LTR/ERVL	664	+	100	136217038	10998
chr2	136206040	136406040	harbor1	chr2	136250330	136250747	LTR/ERVL	1154	+	208	136250538	44498
chr2	136206040	136406040	harbor1	chr2	136275866	136276212	LTR/ERVL	928	+	173	136276039	69999
chr2	136206040	136406040	harbor1	chr2	136287865	136288457	LTR/ERVL	2178	+	296	136288161	82121
chr2	213233812	213433812	harbor1	chr2	213282365	213282572	LTR/ERVL	1020	+	104	213282469	48657
chr2	31894075	32094075	harbor1	chr2	31904142	31904468	LTR/ERVL	942	+	163	31904305	10230
chr2	31894075	32094075	harbor1	chr2	31962772	31963268	LTR/ERVL	2282	+	248	31963020	68945
chr2	223285718	223485718	harbor1	chr2	223295924	223296472	LTR/ERVL	1809	+	274	223296198	10480
chr2	223285718	223485718	harbor1	chr2	223302151	223302392	LTR/ERVL	38344	+	120	223302271	16553
chr2	223285718	223485718	harbor1	chr2	223302393	223302936	LTR/ERVL	1683	+	272	223302665	16947
chr2	223285718	223485718	harbor1	chr2	223304977	223305370	LTR/ERVL	1952	+	196	223305173	19455
chr2	223285718	223485718	harbor1	chr2	223305436	223305485	LTR/ERVL	1952	+	24	223305460	19742
chr2	223285718	223485718	harbor1	chr2	223380507	223380607	LTR/ERVL	463	+	50	223380557	94839
chr2	223285718	223485718	harbor1	chr2	223296473	223301857	LTR/ERVL	38344	+	2692	223299165	13447
chr2	9046979	9246979	harbor1	chr2	9055423	9055911	LTR/ERVL	812	+	244	9055667	8688
chr2	9046979	9246979	harbor1	chr2	9064524	9064909	LTR/ERVL	1166	+	192	9064716	17737
chr2	9046979	9246979	harbor1	chr2	9065616	9065732	LTR/ERVL	1166	+	58	9065674	18695
chr2	9046979	9246979	harbor1	chr2	9077106	9077549	LTR/ERVL	1002	+	222	9077328	30349
chr2	119632942	119832942	harbor1	chr2	119670929	119671456	LTR/ERVL	2106	+	264	119671193	38251
chr2	119632942	119832942	harbor1	chr2	119688806	119689216	LTR/ERVL	1621	+	205	119689011	56069
chr2	119632942	119832942	harbor1	chr2	119703591	119704004	LTR/ERVL	594	+	206	119703797	70855
chr2	119632942	119832942	harbor1	chr2	119707843	119708222	LTR/ERVL	991	+	190	119708033	75091
chr2	119632942	119832942	harbor1	chr2	119720995	119721712	LTR/ERVL	1618	+	358	119721353	88411
chr2	240602160	240802160	harbor1	chr2	240650947	240651654	LTR/ERVL	2949	+	354	240651301	49141
chr2	240602160	240802160	harbor1	chr2	240651681	240651994	LTR/ERVL	1302	+	156	240651837	49677
chr2	240602160	240802160	harbor1	chr2	240653373	240653703	LTR/ERVL	1079	+	165	240653538	51378
chr2	240602160	240802160	harbor1	chr2	240654791	240654974	LTR/ERVL	4342	+	92	240654883	52723
chr2	240602160	240802160	harbor1	chr2	240655334	240656024	LTR/ERVL	4342	+	345	240655679	53519
chr2	240602160	240802160	harbor1	chr2	240656322	240657248	LTR/ERVL	4342	+	463	240656785	54625
chr2	240602160	240802160	harbor1	chr2	240662603	240663048	LTR/ERVL	2153	+	222	240662825	60665
chr2	240602160	240802160	harbor1	chr2	240663348	240663453	LTR/ERVL	2153	+	52	240663400	61240
chr2	240602160	240802160	harbor1	chr2	240687020	240687386	LTR/ERVL	856	+	183	240687203	85043
chr2	210185676	210385676	harbor1	chr2	210212838	210213099	LTR/ERVL	1663	+	130	210212968	27292
chr2	210185676	210385676	harbor1	chr2	210233648	210234033	LTR/ERVL	1959	+	192	210233840	48164
chr2	210185676	210385676	harbor1	chr2	210253238	210253316	LTR/ERVL	432	+	39	210253277	67601
chr2	210185676	210385676	harbor1	chr2	210253336	210253584	LTR/ERVL	1132	+	124	210253460	67784
chr2	210185676	210385676	harbor1	chr2	210264755	210264939	LTR/ERVL	509	+	92	210264847	79171
chr2	210185676	210385676	harbor1	chr2	210266393	210266783	LTR/ERVL	1981	+	195	210266588	80912
chr2	95723477	95923477	harbor1	chr2	95786947	95787072	LTR/ERVL	656	+	62	95787009	63532
chr2	172205691	172405691	harbor1	chr2	172215764	172216058	LTR/ERVL	521	+	147	172215911	10220
chr2	172205691	172405691	harbor1	chr2	172245824	172246101	LTR/ERVL	506	+	138	172245962	40271
chr2	172205691	172405691	harbor1	chr2	172291270	172291685	LTR/ERVL	842	+	208	172291478	85787
chr2	29092604	29292604	harbor1	chr2	29095526	29095760	LTR/ERVL	633	+	117	29095643	3039
chr2	68585632	68785632	harbor1	chr2	68663061	68663452	LTR/ERVL	917	+	196	68663257	77625
chr2	186224083	186424083	harbor1	chr2	186263759	186265173	LTR/ERVL	8585	+	707	186264466	40383
chr2	60560764	60760764	harbor1	chr2	60589178	60589425	LTR/ERVL	929	+	124	60589302	28538
chr2	103708411	103908411	harbor1	chr2	103722245	103722784	LTR/ERVL	1894	+	270	103722515	14104
chr2	103708411	103908411	harbor1	chr2	103746017	103746689	LTR/ERVL	2571	+	336	103746353	37942
chr2	103708411	103908411	harbor1	chr2	103746998	103747151	LTR/ERVL	2571	+	76	103747074	38663
chr2	180612621	180812621	harbor1	chr2	180679734	180680130	LTR/ERVL	1606	+	198	180679932	67311
chr2	77766252	77966252	harbor1	chr2	77819469	77820027	LTR/ERVL	2049	+	279	77819748	53496
chr2	77766252	77966252	harbor1	chr2	77842417	77842648	LTR/ERVL	850	+	116	77842533	76281
chr2	77766252	77966252	harbor1	chr2	77846413	77846604	LTR/ERVL	627	+	96	77846509	80257
chr2	54616800	54816800	harbor1	chr2	54686018	54686156	LTR/ERVL	742	+	69	54686087	69287
chr2	126189980	126389980	harbor1	chr2	126201273	126201439	LTR/ERVL	602	+	83	126201356	11376
chr2	126189980	126389980	harbor1	chr2	126243699	126244098	LTR/ERVL	478	+	200	126243899	53919
chr2	57474039	57674039	harbor1	chr2	57487933	57488281	LTR/ERVL	565	+	174	57488107	14068
chr2	57474039	57674039	harbor1	chr2	57506840	57507008	LTR/ERVL	669	+	84	57506924	32885
chr2	57474039	57674039	harbor1	chr2	57532528	57532809	LTR/ERVL	1287	+	140	57532668	58629
chr2	133408711	133608711	harbor1	chr2	133480599	133480833	LTR/ERVL	685	+	117	133480716	72005
chr2	133408711	133608711	harbor1	chr2	133506376	133506827	LTR/ERVL	1001	+	226	133506602	97891
chr2	240571283	240771283	harbor1	chr2	240650947	240651654	LTR/ERVL	2949	+	354	240651301	80018
chr2	240571283	240771283	harbor1	chr2	240651681	240651994	LTR/ERVL	1302	+	156	240651837	80554
chr2	240571283	240771283	harbor1	chr2	240653373	240653703	LTR/ERVL	1079	+	165	240653538	82255
chr2	240571283	240771283	harbor1	chr2	240654791	240654974	LTR/ERVL	4342	+	92	240654883	83600
chr2	240571283	240771283	harbor1	chr2	240655334	240656024	LTR/ERVL	4342	+	345	240655679	84396
chr2	240571283	240771283	harbor1	chr2	240656322	240657248	LTR/ERVL	4342	+	463	240656785	85502
chr2	240571283	240771283	harbor1	chr2	240662603	240663048	LTR/ERVL	2153	+	222	240662825	91542
chr2	240571283	240771283	harbor1	chr2	240663348	240663453	LTR/ERVL	2153	+	52	240663400	92117
chr2	193242813	193442813	harbor1	chr2	193276009	193276152	LTR/ERVL	417	+	72	193276081	33268
chr2	193242813	193442813	harbor1	chr2	193276165	193276579	LTR/ERVL	838	+	207	193276372	33559
chr2	193242813	193442813	harbor1	chr2	193307367	193307494	LTR/ERVL	630	+	64	193307431	64618
chr2	193242813	193442813	harbor1	chr2	193308750	193309158	LTR/ERVL	1052	+	204	193308954	66141
chr2	193242813	193442813	harbor1	chr2	193309170	193309294	LTR/ERVL	462	+	62	193309232	66419
chr2	135188054	135388054	harbor1	chr2	135195254	135195388	LTR/ERVL	453	+	67	135195321	7267
chr2	130997773	131197773	harbor1	chr2	131077293	131077569	LTR/ERVL	479	+	138	131077431	79658
chr2	134175196	134375196	harbor1	chr2	134214102	134214228	LTR/ERVL	520	+	63	134214165	38969
chr2	134175196	134375196	harbor1	chr2	134228487	134229131	LTR/ERVL	2012	+	322	134228809	53613
chr2	32320790	32520790	harbor1	chr2	32320598	32320937	LTR/ERVL	1743	+	170	32320768	22
chr2	32320790	32520790	harbor1	chr2	32321774	32321842	LTR/ERVL	437	+	34	32321808	1018
chr2	32320790	32520790	harbor1	chr2	32321862	32322103	LTR/ERVL	1494	+	120	32321982	1192
chr2	32320790	32520790	harbor1	chr2	32340430	32340524	LTR/ERVL	512	+	47	32340477	19687
chr2	78536330	78736330	harbor1	chr2	78592453	78592754	LTR/ERVL	898	+	150	78592603	56273
chr2	78536330	78736330	harbor1	chr2	78635272	78635661	LTR/ERVL	676	+	194	78635466	99136
chr2	78536330	78736330	harbor1	chr2	78636020	78636039	LTR/ERVL	676	+	10	78636030	99700
chr2	225426811	225626811	harbor1	chr2	225464136	225464354	LTR/ERVL	557	+	109	225464245	37434
chr2	156906539	157106539	harbor1	chr2	156933479	156934006	LTR/ERVL	1980	+	264	156933743	27204
chr2	156906539	157106539	harbor1	chr2	156934552	156934736	LTR/ERVL	1980	+	92	156934644	28105
chr2	215896575	216096575	harbor1	chr2	215965744	215966294	LTR/ERVL	1655	+	275	215966019	69444
chr2	238638661	238838661	harbor1	chr2	238725387	238725862	LTR/ERVL	1342	+	238	238725625	86964
chr2	163954190	164154190	harbor1	chr2	164046087	164046472	LTR/ERVL	1067	+	192	164046279	92089
chr2	163954190	164154190	harbor1	chr2	164046811	164047136	LTR/ERVL	1067	+	162	164046973	92783
chr2	163954190	164154190	harbor1	chr2	164048786	164049220	LTR/ERVL	1970	+	217	164049003	94813
chr2	163954190	164154190	harbor1	chr2	164003638	164003863	LTR/ERVL	551	+	112	164003750	49560
chr2	2423672	2623672	harbor1	chr2	2440641	2441059	LTR/ERVL	986	+	209	2440850	17178
chr2	2423672	2623672	harbor1	chr2	2441580	2441812	LTR/ERVL	986	+	116	2441696	18024
chr2	2423672	2623672	harbor1	chr2	2441908	2443187	LTR/ERVL	3292	+	640	2442548	18876
chr2	2423672	2623672	harbor1	chr2	2443232	2443506	LTR/ERVL	3292	+	137	2443369	19697
chr2	2423672	2623672	harbor1	chr2	2443833	2444460	LTR/ERVL	2642	+	314	2444147	20475
chr2	2423672	2623672	harbor1	chr2	2444451	2445154	LTR/ERVL	1631	+	352	2444803	21131
chr2	2423672	2623672	harbor1	chr2	2461808	2462108	LTR/ERVL	592	+	150	2461958	38286
chr2	2423672	2623672	harbor1	chr2	2462650	2463601	LTR/ERVL	1775	+	476	2463126	39454
chr2	2423672	2623672	harbor1	chr2	2493094	2493354	LTR/ERVL	1964	+	130	2493224	69552
chr2	2423672	2623672	harbor1	chr2	2493387	2493477	LTR/ERVL	1964	+	45	2493432	69760
chr2	2423672	2623672	harbor1	chr2	2493546	2493687	LTR/ERVL	1964	+	70	2493616	69944
chr2	2423672	2623672	harbor1	chr2	2512595	2512929	LTR/ERVL	698	+	167	2512762	89090
chr2	106178080	106378080	harbor1	chr2	106199247	106199356	LTR/ERVL	436	+	54	106199301	21221
chr2	106178080	106378080	harbor1	chr2	106215827	106216276	LTR/ERVL	1118	+	224	106216051	37971
chr2	106178080	106378080	harbor1	chr2	106244879	106245668	LTR/ERVL	2752	+	394	106245273	67193
chr2	176713923	176913923	harbor1	chr2	176737886	176738322	LTR/ERVL	1615	+	218	176738104	24181
chr2	221552791	221752791	harbor1	chr2	221590895	221591360	LTR/ERVL	1553	+	232	221591127	38336
chr2	221552791	221752791	harbor1	chr2	221640684	221640778	LTR/ERVL	445	+	47	221640731	87940
chr2	143531667	143731667	harbor1	chr2	143627715	143627825	LTR/ERVL	827	+	55	143627770	96103
chr2	143531667	143731667	harbor1	chr2	143628410	143628815	LTR/ERVL	827	+	202	143628612	96945
chr2	75734051	75934051	harbor1	chr2	75735674	75736024	LTR/ERVL	1392	+	175	75735849	1798
chr2	75734051	75934051	harbor1	chr2	75739227	75739836	LTR/ERVL	1558	+	304	75739531	5480
chr2	75734051	75934051	harbor1	chr2	75761932	75762502	LTR/ERVL	2121	+	285	75762217	28166
chr2	16677378	16877378	harbor1	chr2	16745971	16746214	LTR/ERVL	455	+	122	16746093	68715
chr2	16677378	16877378	harbor1	chr2	16746235	16746337	LTR/ERVL	502	+	51	16746286	68908
chr2	16677378	16877378	harbor1	chr2	16774529	16774764	LTR/ERVL	541	+	118	16774647	97269
chr2	132259605	132459605	harbor1	chr2	132283741	132283898	LTR/ERVL	877	+	78	132283819	24214
chr2	132259605	132459605	harbor1	chr2	132283892	132284194	LTR/ERVL	1123	+	151	132284043	24438
chr2	132259605	132459605	harbor1	chr2	132289639	132290231	LTR/ERVL	1872	+	296	132289935	30330
chr2	132259605	132459605	harbor1	chr2	132306428	132306827	LTR/ERVL	953	+	200	132306628	47023
chr2	132259605	132459605	harbor1	chr2	132322141	132322646	LTR/ERVL	569	+	252	132322393	62788
chr2	132259605	132459605	harbor1	chr2	132323963	132324422	LTR/ERVL	1453	+	230	132324193	64588
chr2	32742019	32942019	harbor1	chr2	32816651	32817050	LTR/ERVL	977	+	200	32816851	74832
chr2	51998752	52198752	harbor1	chr2	52001446	52001697	LTR/ERVL	661	+	126	52001572	2820
chr2	51998752	52198752	harbor1	chr2	52035905	52036295	LTR/ERVL	905	+	195	52036100	37348
chr2	175304281	175504281	harbor1	chr2	175355004	175355316	LTR/ERVL	1008	+	156	175355160	50879
chr2	175304281	175504281	harbor1	chr2	175355377	175356189	LTR/ERVL	2696	+	406	175355783	51502
chr2	175304281	175504281	harbor1	chr2	175356269	175356810	LTR/ERVL	1274	+	270	175356539	52258
chr2	175304281	175504281	harbor1	chr2	175357328	175357682	LTR/ERVL	1179	+	177	175357505	53224
chr2	69307949	69507949	harbor1	chr2	69372805	69373259	LTR/ERVL	1563	+	227	69373032	65083
chr2	69307949	69507949	harbor1	chr2	69398395	69398857	LTR/ERVL	1891	+	231	69398626	90677
chr2	122667344	122867344	harbor1	chr2	122718229	122718369	LTR/ERVL	795	+	70	122718299	50955
chr2	122667344	122867344	harbor1	chr2	122729457	122729653	LTR/ERVL	448	+	98	122729555	62211
chr2	122667344	122867344	harbor1	chr2	122738675	122739391	LTR/ERVL	987	+	358	122739033	71689
chr2	122667344	122867344	harbor1	chr2	122740818	122741420	LTR/ERVL	769	+	301	122741119	73775
chr2	122667344	122867344	harbor1	chr2	122745253	122745731	LTR/ERVL	927	+	239	122745492	78148
chr2	193116264	193316264	harbor1	chr2	193204082	193204336	LTR/ERVL	445	+	127	193204209	87945
chr2	193116264	193316264	harbor1	chr2	193204353	193204894	LTR/ERVL	643	+	270	193204623	88359
chr2	193116264	193316264	harbor1	chr2	193204895	193205339	LTR/ERVL	3181	+	222	193205117	88853
chr2	193116264	193316264	harbor1	chr2	193205340	193205414	LTR/ERVL	643	+	37	193205377	89113
chr2	193116264	193316264	harbor1	chr2	193205532	193206013	LTR/ERVL	766	+	240	193205772	89508
chr2	193116264	193316264	harbor1	chr2	193117942	193118341	LTR/ERVL	1994	+	200	193118142	1878
chr2	48791628	48991628	harbor1	chr2	48799664	48800396	LTR/ERVL	1451	+	366	48800030	8402
chr2	48791628	48991628	harbor1	chr2	48853942	48854184	LTR/ERVL	722	+	121	48854063	62435
chr2	48791628	48991628	harbor1	chr2	48857985	48858456	LTR/ERVL	666	+	236	48858221	66593
chr2	119697662	119897662	harbor1	chr2	119703591	119704004	LTR/ERVL	594	+	206	119703797	6135
chr2	119697662	119897662	harbor1	chr2	119707843	119708222	LTR/ERVL	991	+	190	119708033	10371
chr2	119697662	119897662	harbor1	chr2	119720995	119721712	LTR/ERVL	1618	+	358	119721353	23691
chr2	101511528	101711528	harbor1	chr2	101583475	101583676	LTR/ERVL	1028	+	100	101583575	72047
chr2	101511528	101711528	harbor1	chr2	101589214	101589786	LTR/ERVL	2249	+	286	101589500	77972
chr2	42985673	43185673	harbor1	chr2	43010107	43010530	LTR/ERVL	1011	+	212	43010319	24646
chr2	127197970	127397970	harbor1	chr2	127294920	127295202	LTR/ERVL	1499	+	141	127295061	97091
chr2	229075680	229275680	harbor1	chr2	229119667	229120115	LTR/ERVL	1746	+	224	229119891	44211
chr2	229075680	229275680	harbor1	chr2	229159280	229159677	LTR/ERVL	1118	+	198	229159478	83798
chr2	229075680	229275680	harbor1	chr2	229173792	229174099	LTR/ERVL	654	+	154	229173946	98266
chr2	229075680	229275680	harbor1	chr2	229113793	229114100	LTR/ERVL	1296	+	154	229113947	38267
chr2	97556787	97756787	harbor1	chr2	97570309	97570858	LTR/ERVL	2380	+	274	97570583	13796
chr2	97556787	97756787	harbor1	chr2	97634421	97634685	LTR/ERVL	730	+	132	97634553	77766
chr2	97556787	97756787	harbor1	chr2	97634901	97634952	LTR/ERVL	539	+	26	97634927	78140
chr2	68201057	68401057	harbor1	chr2	68222335	68222813	LTR/ERVL	2012	+	239	68222574	21517
chr2	54712240	54912240	harbor1	chr2	54788367	54788594	LTR/ERVL	1025	+	114	54788481	76241
chr2	54712240	54912240	harbor1	chr2	54787818	54788368	LTR/ERVL	2019	+	275	54788093	75853
chr2	223042568	223242568	harbor1	chr2	223109003	223109389	LTR/ERVL	2099	+	193	223109196	66628
chr2	223042568	223242568	harbor1	chr2	223136520	223137032	LTR/ERVL	1832	+	256	223136776	94208
chr2	151242934	151442934	harbor1	chr2	151300900	151301369	LTR/ERVL	2992	+	234	151301134	58200
chr2	86119671	86319671	harbor1	chr2	86191026	86191063	LTR/ERVL	808	+	18	86191044	71373
chr2	86119671	86319671	harbor1	chr2	86191364	86191622	LTR/ERVL	808	+	129	86191493	71822
chr2	86119671	86319671	harbor1	chr2	86191923	86191949	LTR/ERVL	808	+	13	86191936	72265
chr2	86119671	86319671	harbor1	chr2	86192233	86192284	LTR/ERVL	808	+	26	86192259	72588
chr2	196352248	196552248	harbor1	chr2	196390956	196391425	LTR/ERVL	930	+	234	196391190	38942
chr2	139121758	139321758	harbor1	chr2	139134355	139134811	LTR/ERVL	2209	+	228	139134583	12825
chr2	139121758	139321758	harbor1	chr2	139134840	139134894	LTR/ERVL	2209	+	27	139134867	13109
chr2	139121758	139321758	harbor1	chr2	139208198	139208633	LTR/ERVL	2509	+	218	139208416	86658
chr2	139121758	139321758	harbor1	chr2	139208634	139210896	LTR/ERVL	43868	+	1131	139209765	88007
chr2	139121758	139321758	harbor1	chr2	139211212	139214597	LTR/ERVL	43868	+	1692	139212904	91146
chr2	139121758	139321758	harbor1	chr2	139217528	139217597	LTR/ERVL	624	+	34	139217562	95804
chr2	139121758	139321758	harbor1	chr2	139217980	139218243	LTR/ERVL	624	+	132	139218112	96354
chr2	139121758	139321758	harbor1	chr2	139214600	139215001	LTR/ERVL	2662	+	200	139214800	93042
chr2	239906963	240106963	harbor1	chr2	239949305	239949514	LTR/ERVL	795	+	104	239949409	42446
chr2	239906963	240106963	harbor1	chr2	239949781	239949958	LTR/ERVL	795	+	88	239949869	42906
chr2	239906963	240106963	harbor1	chr2	239969355	239969775	LTR/ERVL	858	+	210	239969565	62602
chr2	239906963	240106963	harbor1	chr2	239998473	239998918	LTR/ERVL	1432	+	222	239998695	91732
chr2	239906963	240106963	harbor1	chr2	239999579	239999730	LTR/ERVL	505	+	76	239999655	92692
chr2	96196591	96396591	harbor1	chr2	96225095	96225361	LTR/ERVL	854	+	133	96225228	28637
chr2	96196591	96396591	harbor1	chr2	96233989	96234253	LTR/ERVL	1101	+	132	96234121	37530
chr2	96196591	96396591	harbor1	chr2	96234375	96234563	LTR/ERVL	627	+	94	96234469	37878
chr2	96196591	96396591	harbor1	chr2	96235418	96235444	LTR/ERVL	4963	+	13	96235431	38840
chr2	96196591	96396591	harbor1	chr2	96235742	96238331	LTR/ERVL	4963	+	1294	96237036	40445
chr2	96196591	96396591	harbor1	chr2	96238343	96238537	LTR/ERVL	768	+	97	96238440	41849
chr2	96196591	96396591	harbor1	chr2	96241345	96241546	LTR/ERVL	458	+	100	96241445	44854
chr2	96196591	96396591	harbor1	chr2	96245582	96246075	LTR/ERVL	2147	+	246	96245828	49237
chr2	96196591	96396591	harbor1	chr2	96239359	96239799	LTR/ERVL	1078	+	220	96239579	42988
chr2	116604199	116804199	harbor1	chr2	116649371	116649532	LTR/ERVL	556	+	80	116649451	45252
chr2	116604199	116804199	harbor1	chr2	116680394	116680587	LTR/ERVL	546	+	96	116680490	76291
chr2	116604199	116804199	harbor1	chr2	116683240	116683425	LTR/ERVL	493	+	92	116683332	79133
chr2	133978193	134178193	harbor1	chr2	134010988	134011169	LTR/ERVL	976	+	90	134011078	32885
chr2	133978193	134178193	harbor1	chr2	134011397	134011531	LTR/ERVL	976	+	67	134011464	33271
chr2	133978193	134178193	harbor1	chr2	134030501	134030739	LTR/ERVL	574	+	119	134030620	52427
chr2	133978193	134178193	harbor1	chr2	134057585	134057705	LTR/ERVL	536	+	60	134057645	79452
chr2	221920783	222120783	harbor1	chr2	221941058	221941248	LTR/ERVL	2163	+	95	221941153	20370
chr2	221920783	222120783	harbor1	chr2	221941293	221941463	LTR/ERVL	2163	+	85	221941378	20595
chr2	221920783	222120783	harbor1	chr2	221941500	221941555	LTR/ERVL	2163	+	28	221941528	20745
chr2	221920783	222120783	harbor1	chr2	221951259	221951389	LTR/ERVL	951	+	65	221951324	30541
chr2	221920783	222120783	harbor1	chr2	221951539	221951949	LTR/ERVL	1121	+	205	221951744	30961
chr2	221920783	222120783	harbor1	chr2	221978693	221978898	LTR/ERVL	592	+	102	221978795	58012
chr2	221920783	222120783	harbor1	chr2	221979291	221979389	LTR/ERVL	592	+	49	221979340	58557
chr2	221920783	222120783	harbor1	chr2	222008972	222009561	LTR/ERVL	1459	+	294	222009266	88483
chr2	221920783	222120783	harbor1	chr2	222018453	222021038	LTR/ERVL	5780	+	1292	222019745	98962
chr2	131471511	131671511	harbor1	chr2	131485198	131485689	LTR/ERVL	1984	+	246	131485444	13933
chr2	131471511	131671511	harbor1	chr2	131524246	131524320	LTR/ERVL	506	+	37	131524283	52772
chr2	131471511	131671511	harbor1	chr2	131524323	131524444	LTR/ERVL	598	+	60	131524383	52872
chr2	123099682	123299682	harbor1	chr2	123099834	123100312	LTR/ERVL	2253	+	239	123100073	391
chr2	123099682	123299682	harbor1	chr2	123130662	123131092	LTR/ERVL	1565	+	215	123130877	31195
chr2	123099682	123299682	harbor1	chr2	123133471	123133565	LTR/ERVL	682	+	47	123133518	33836
chr2	123099682	123299682	harbor1	chr2	123133864	123133986	LTR/ERVL	682	+	61	123133925	34243
chr2	123099682	123299682	harbor1	chr2	123134362	123134538	LTR/ERVL	682	+	88	123134450	34768
chr2	123099682	123299682	harbor1	chr2	123144642	123145079	LTR/ERVL	601	+	218	123144860	45178
chr2	123099682	123299682	harbor1	chr2	123156460	123156632	LTR/ERVL	983	+	86	123156546	56864
chr2	123099682	123299682	harbor1	chr2	123156630	123156740	LTR/ERVL	643	+	55	123156685	57003
chr2	123099682	123299682	harbor1	chr2	123165798	123166289	LTR/ERVL	566	+	246	123166044	66362
chr2	123099682	123299682	harbor1	chr2	123166547	123166737	LTR/ERVL	448	+	95	123166642	66960
chr2	123099682	123299682	harbor1	chr2	123167502	123167664	LTR/ERVL	419	+	81	123167583	67901
chr2	123099682	123299682	harbor1	chr2	123193603	123193825	LTR/ERVL	4716	+	111	123193714	94032
chr2	123099682	123299682	harbor1	chr2	123194232	123194461	LTR/ERVL	4716	+	114	123194346	94664
chr2	123099682	123299682	harbor1	chr2	123194877	123195339	LTR/ERVL	4716	+	231	123195108	95426
chr2	189580564	189780564	harbor1	chr2	189670852	189670985	LTR/ERVL	2316	+	66	189670918	90354
chr2	189580564	189780564	harbor1	chr2	189671281	189671898	LTR/ERVL	2316	+	308	189671589	91025
chr2	102979449	103179449	harbor1	chr2	103067255	103068089	LTR/ERVL	1223	+	417	103067672	88223
chr2	39868772	40068772	harbor1	chr2	39963940	39964226	LTR/ERVL	1911	+	143	39964083	95311
chr2	23166736	23366736	harbor1	chr2	23223938	23224404	LTR/ERVL	1209	+	233	23224171	57435
chr2	23166736	23366736	harbor1	chr2	23262605	23263053	LTR/ERVL	1659	+	224	23262829	96093
chr2	78965850	79165850	harbor1	chr2	79006488	79007005	LTR/ERVL	1553	+	258	79006746	40896
chr2	78965850	79165850	harbor1	chr2	79050745	79051293	LTR/ERVL	1543	+	274	79051019	85169
chr2	180210023	180410023	harbor1	chr2	180231523	180231676	LTR/ERVL	1180	+	76	180231599	21576
chr2	180210023	180410023	harbor1	chr2	180239321	180239591	LTR/ERVL	1892	+	135	180239456	29433
chr2	180210023	180410023	harbor1	chr2	180244350	180244644	LTR/ERVL	688	+	147	180244497	34474
chr2	180210023	180410023	harbor1	chr2	180250128	180250453	LTR/ERVL	525	+	162	180250290	40267
chr2	180210023	180410023	harbor1	chr2	180291794	180291960	LTR/ERVL	553	+	83	180291877	81854
chr2	180210023	180410023	harbor1	chr2	180292069	180292290	LTR/ERVL	859	+	110	180292179	82156
chr2	153027578	153227578	harbor1	chr2	153047349	153047848	LTR/ERVL	1170	+	250	153047599	20021
chr2	153027578	153227578	harbor1	chr2	153052161	153052620	LTR/ERVL	1112	+	230	153052391	24813
chr2	153027578	153227578	harbor1	chr2	153112066	153112566	LTR/ERVL	1227	+	250	153112316	84738
chr2	153027578	153227578	harbor1	chr2	153119670	153120025	LTR/ERVL	754	+	178	153119848	92270
chr2	169264857	169464857	harbor1	chr2	169349615	169349905	LTR/ERVL	745	+	145	169349760	84903
chr2	186156725	186356725	harbor1	chr2	186173869	186174251	LTR/ERVL	2781	+	191	186174060	17335
chr2	186156725	186356725	harbor1	chr2	186174317	186174350	LTR/ERVL	2781	+	16	186174333	17608
chr2	186156725	186356725	harbor1	chr2	186174390	186174432	LTR/ERVL	2781	+	21	186174411	17686
chr2	186156725	186356725	harbor1	chr2	186177935	186178146	LTR/ERVL	630	+	106	186178041	21316
chr2	135552252	135752252	harbor1	chr2	135625505	135626173	LTR/ERVL	3455	+	334	135625839	73587
chr2	135552252	135752252	harbor1	chr2	135626250	135626336	LTR/ERVL	3455	+	43	135626293	74041
chr2	230923629	231123629	harbor1	chr2	230950632	230951402	LTR/ERVL	2545	+	385	230951017	27388
chr2	230923629	231123629	harbor1	chr2	231020851	231021103	LTR/ERVL	785	+	126	231020977	97348
chr2	161896896	162096896	harbor1	chr2	161912494	161913141	LTR/ERVL	2175	+	324	161912818	15922
chr2	237167582	237367582	harbor1	chr2	237194161	237194582	LTR/ERVL	446	+	210	237194371	26789
chr2	237167582	237367582	harbor1	chr2	237227047	237227305	LTR/ERVL	444	+	129	237227176	59594
chr2	237167582	237367582	harbor1	chr2	237227644	237228087	LTR/ERVL	919	+	222	237227866	60284
chr2	237167582	237367582	harbor1	chr2	237241635	237243000	LTR/ERVL	1093	+	682	237242317	74735
chr2	237167582	237367582	harbor1	chr2	237223545	237223957	LTR/ERVL	1203	+	206	237223751	56169
chr2	237167582	237367582	harbor1	chr2	237240043	237240505	LTR/ERVL	1256	+	231	237240274	72692
chr2	229902204	230102204	harbor1	chr2	229974412	229974723	LTR/ERVL	1199	+	156	229974568	72364
chr2	98489119	98689119	harbor1	chr2	98514286	98514633	LTR/ERVL	1928	+	174	98514460	25341
chr2	98489119	98689119	harbor1	chr2	98514937	98515115	LTR/ERVL	1928	+	89	98515026	25907
chr2	117164905	117364905	harbor1	chr2	117186356	117186665	LTR/ERVL	835	+	154	117186510	21605
chr2	117164905	117364905	harbor1	chr2	117186683	117186962	LTR/ERVL	936	+	140	117186823	21918
chr2	117164905	117364905	harbor1	chr2	117187576	117187925	LTR/ERVL	630	+	174	117187750	22845
chr2	125467540	125667540	harbor1	chr2	125475084	125475430	LTR/ERVL	1970	+	173	125475257	7717
chr2	125467540	125667540	harbor1	chr2	125477740	125477879	LTR/ERVL	1970	+	70	125477810	10270
chr2	18668350	18868350	harbor1	chr2	18685664	18686149	LTR/ERVL	2208	+	242	18685906	17556
chr2	18668350	18868350	harbor1	chr2	18690848	18691302	LTR/ERVL	1221	+	227	18691075	22725
chr2	18668350	18868350	harbor1	chr2	18699227	18699486	LTR/ERVL	1098	+	130	18699357	31007
chr2	18668350	18868350	harbor1	chr2	18724467	18724686	LTR/ERVL	1578	+	110	18724577	56227
chr2	18668350	18868350	harbor1	chr2	18724687	18724771	LTR/ERVL	622	+	42	18724729	56379
chr2	148754121	148954121	harbor1	chr2	148813727	148814121	LTR/ERVL	1204	+	197	148813924	59803
chr2	148754121	148954121	harbor1	chr2	148824061	148824577	LTR/ERVL	2709	+	258	148824319	70198
chr2	148754121	148954121	harbor1	chr2	148824610	148824717	LTR/ERVL	1982	+	54	148824664	70543
chr2	148754121	148954121	harbor1	chr2	148825322	148825661	LTR/ERVL	1209	+	170	148825492	71371
chr2	148754121	148954121	harbor1	chr2	148852161	148852598	LTR/ERVL	3293	+	218	148852379	98258
chr2	115845966	116045966	harbor1	chr2	115914524	115914935	LTR/ERVL	858	+	206	115914730	68764
chr2	115845966	116045966	harbor1	chr2	115915424	115915625	LTR/ERVL	858	+	100	115915524	69558
chr2	115845966	116045966	harbor1	chr2	115934286	115934697	LTR/ERVL	866	+	206	115934492	88526
chr2	204903500	205103500	harbor1	chr2	204985361	204985819	LTR/ERVL	550	+	229	204985590	82090
chr2	204903500	205103500	harbor1	chr2	204986127	204986176	LTR/ERVL	550	+	24	204986151	82651
chr2	116428871	116628871	harbor1	chr2	116467981	116468754	LTR/ERVL	3273	+	386	116468367	39496
chr2	116428871	116628871	harbor1	chr2	116487282	116488562	LTR/ERVL	6945	+	640	116487922	59051
chr2	116428871	116628871	harbor1	chr2	116488679	116488771	LTR/ERVL	417	+	46	116488725	59854
chr2	116428871	116628871	harbor1	chr2	116491747	116492807	LTR/ERVL	3103	+	530	116492277	63406
chr2	116428871	116628871	harbor1	chr2	116492810	116492952	LTR/ERVL	712	+	71	116492881	64010
chr2	116428871	116628871	harbor1	chr2	116496230	116496796	LTR/ERVL	2717	+	283	116496513	67642
chr2	116428871	116628871	harbor1	chr2	116496797	116497325	LTR/ERVL	10598	+	264	116497061	68190
chr2	116428871	116628871	harbor1	chr2	116497883	116500000	LTR/ERVL	10598	+	1058	116498941	70070
chr2	116428871	116628871	harbor1	chr2	116500242	116500322	LTR/ERVL	784	+	40	116500282	71411
chr2	116428871	116628871	harbor1	chr2	116500735	116500820	LTR/ERVL	784	+	42	116500777	71906
chr2	29361405	29561405	harbor1	chr2	29415601	29416184	LTR/ERVL	2758	+	292	29415893	54488
chr2	29361405	29561405	harbor1	chr2	29443175	29443543	LTR/ERVL	2421	+	184	29443359	81954
chr2	40631039	40831039	harbor1	chr2	40716956	40717505	LTR/ERVL	1696	+	274	40717230	86191
chr2	131016703	131216703	harbor1	chr2	131077293	131077569	LTR/ERVL	479	+	138	131077431	60728
chr2	131016703	131216703	harbor1	chr2	131111920	131112461	LTR/ERVL	2601	+	270	131112190	95487
chr2	131016703	131216703	harbor1	chr2	131112916	131113087	LTR/ERVL	1484	+	86	131113002	96299
chr2	131016703	131216703	harbor1	chr2	131113351	131113497	LTR/ERVL	1484	+	73	131113424	96721
chr2	21302947	21502947	harbor1	chr2	21307175	21307641	LTR/ERVL	684	+	233	21307408	4461
chr2	21302947	21502947	harbor1	chr2	21307670	21308614	LTR/ERVL	1253	+	472	21308142	5195
chr2	21302947	21502947	harbor1	chr2	21311667	21313374	LTR/ERVL	2891	+	854	21312521	9574
chr2	21302947	21502947	harbor1	chr2	21332011	21332393	LTR/ERVL	1179	+	191	21332202	29255
chr2	21302947	21502947	harbor1	chr2	21344908	21345413	LTR/ERVL	735	+	252	21345160	42213
chr2	21302947	21502947	harbor1	chr2	21360271	21360357	LTR/ERVL	2185	+	43	21360314	57367
chr2	21302947	21502947	harbor1	chr2	21360669	21361111	LTR/ERVL	2185	+	221	21360890	57943
chr2	21302947	21502947	harbor1	chr2	21396567	21396762	LTR/ERVL	429	+	98	21396665	93718
chr2	21302947	21502947	harbor1	chr2	21396846	21397430	LTR/ERVL	1395	+	292	21397138	94191
chr2	21302947	21502947	harbor1	chr2	21398218	21398547	LTR/ERVL	826	+	164	21398382	95435
chr2	21302947	21502947	harbor1	chr2	21397434	21398147	LTR/ERVL	2193	+	356	21397790	94843
chr2	191746117	191946117	harbor1	chr2	191820610	191821039	LTR/ERVL	1093	+	214	191820824	74707
chr2	19672922	19872922	harbor1	chr2	19721085	19721532	LTR/ERVL	1882	+	224	19721309	48387
chr2	19080776	19280776	harbor1	chr2	19096220	19096780	LTR/ERVL	1774	+	280	19096500	15724
chr2	238622783	238822783	harbor1	chr2	238627450	238627901	LTR/ERVL	2000	+	226	238627676	4893
chr2	238622783	238822783	harbor1	chr2	238627969	238628018	LTR/ERVL	2000	+	24	238627993	5210
chr2	76389566	76589566	harbor1	chr2	76417000	76417383	LTR/ERVL	1796	+	192	76417192	27626
chr2	76389566	76589566	harbor1	chr2	76453634	76453888	LTR/ERVL	1603	+	127	76453761	64195
chr2	76389566	76589566	harbor1	chr2	76454581	76454800	LTR/ERVL	1603	+	110	76454691	65125
chr2	76389566	76589566	harbor1	chr2	76454840	76455763	LTR/ERVL	4417	+	462	76455302	65736
chr2	76389566	76589566	harbor1	chr2	76456411	76456770	LTR/ERVL	1322	+	180	76456591	67025
chr2	29616251	29816251	harbor1	chr2	29652435	29653265	LTR/ERVL	4818	+	415	29652850	36599
chr3	27090827	27290827	harbor1	chr3	27114906	27115287	LTR/ERVL	1075	+	190	27115096	24269
chr3	27090827	27290827	harbor1	chr3	27137922	27138643	LTR/ERVL	1112	+	360	27138282	47455
chr3	27090827	27290827	harbor1	chr3	27138754	27139165	LTR/ERVL	785	+	206	27138960	48133
chr3	27090827	27290827	harbor1	chr3	27139283	27140686	LTR/ERVL	3189	+	702	27139985	49158
chr3	27090827	27290827	harbor1	chr3	27185410	27185676	LTR/ERVL	618	+	133	27185543	94716
chr3	13369420	13569420	harbor1	chr3	13405062	13405543	LTR/ERVL	1801	+	240	13405302	35882
chr3	13369420	13569420	harbor1	chr3	13425369	13425859	LTR/ERVL	2236	+	245	13425614	56194
chr3	95883953	96083953	harbor1	chr3	95959088	95959218	LTR/ERVL	742	+	65	95959153	75200
chr3	95883953	96083953	harbor1	chr3	95959222	95959898	LTR/ERVL	3630	+	338	95959560	75607
chr3	73186653	73386653	harbor1	chr3	73193050	73193367	LTR/ERVL	921	+	158	73193208	6555
chr3	73186653	73386653	harbor1	chr3	73196077	73196254	LTR/ERVL	662	+	88	73196165	9512
chr3	73186653	73386653	harbor1	chr3	73219416	73219681	LTR/ERVL	722	+	132	73219548	32895
chr3	73186653	73386653	harbor1	chr3	73219825	73220090	LTR/ERVL	755	+	132	73219957	33304
chr3	73186653	73386653	harbor1	chr3	73222710	73222866	LTR/ERVL	872	+	78	73222788	36135
chr3	73186653	73386653	harbor1	chr3	73222886	73223491	LTR/ERVL	1554	+	302	73223188	36535
chr3	73186653	73386653	harbor1	chr3	73223940	73224228	LTR/ERVL	482	+	144	73224084	37431
chr3	170830118	171030118	harbor1	chr3	170829783	170830315	LTR/ERVL	2240	+	266	170830049	69
chr3	170830118	171030118	harbor1	chr3	170901934	170902282	LTR/ERVL	1039	+	174	170902108	71990
chr3	170830118	171030118	harbor1	chr3	170902942	170903659	LTR/ERVL	1192	+	358	170903300	73182
chr3	180215742	180415742	harbor1	chr3	180281807	180282037	LTR/ERVL	596	+	115	180281922	66180
chr3	180215742	180415742	harbor1	chr3	180282038	180282306	LTR/ERVL	744	+	134	180282172	66430
chr3	180215742	180415742	harbor1	chr3	180282314	180282695	LTR/ERVL	584	+	190	180282504	66762
chr3	180215742	180415742	harbor1	chr3	180288271	180288536	LTR/ERVL	476	+	132	180288403	72661
chr3	180215742	180415742	harbor1	chr3	180297290	180297436	LTR/ERVL	534	+	73	180297363	81621
chr3	148235898	148435898	harbor1	chr3	148267617	148267899	LTR/ERVL	1273	+	141	148267758	31860
chr3	148235898	148435898	harbor1	chr3	148278809	148279076	LTR/ERVL	435	+	134	148278943	43045
chr3	148235898	148435898	harbor1	chr3	148279064	148279432	LTR/ERVL	421	+	184	148279248	43350
chr3	148235898	148435898	harbor1	chr3	148281082	148281370	LTR/ERVL	561	+	144	148281226	45328
chr3	148235898	148435898	harbor1	chr3	148282169	148282515	LTR/ERVL	1217	+	173	148282342	46444
chr3	85960814	86160814	harbor1	chr3	86003043	86003468	LTR/ERVL	1427	+	212	86003255	42441
chr3	62843731	63043731	harbor1	chr3	62886428	62886892	LTR/ERVL	1540	+	232	62886660	42929
chr3	62843731	63043731	harbor1	chr3	62901836	62902373	LTR/ERVL	1711	+	268	62902104	58373
chr3	62843731	63043731	harbor1	chr3	62907434	62907785	LTR/ERVL	907	+	176	62907610	63879
chr3	62843731	63043731	harbor1	chr3	62922080	62922458	LTR/ERVL	2067	+	189	62922269	78538
chr3	62843731	63043731	harbor1	chr3	62922554	62922730	LTR/ERVL	1067	+	88	62922642	78911
chr3	62843731	63043731	harbor1	chr3	62935267	62935440	LTR/ERVL	553	+	86	62935353	91622
chr3	78175664	78375664	harbor1	chr3	78217625	78217912	LTR/ERVL	1145	+	144	78217769	42105
chr3	78175664	78375664	harbor1	chr3	78229318	78229769	LTR/ERVL	3172	+	226	78229544	53880
chr3	78175664	78375664	harbor1	chr3	78229924	78229963	LTR/ERVL	3172	+	20	78229944	54280
chr3	78175664	78375664	harbor1	chr3	78253610	78254059	LTR/ERVL	2123	+	224	78253834	78170
chr3	78241197	78441197	harbor1	chr3	78253610	78254059	LTR/ERVL	2123	+	224	78253834	12637
chr3	78241197	78441197	harbor1	chr3	78289169	78289643	LTR/ERVL	1792	+	237	78289406	48209
chr3	78241197	78441197	harbor1	chr3	78307736	78307917	LTR/ERVL	622	+	90	78307826	66629
chr3	6696378	6896378	harbor1	chr3	6716539	6716956	LTR/ERVL	2057	+	208	6716747	20369
chr3	6696378	6896378	harbor1	chr3	6739288	6739772	LTR/ERVL	929	+	242	6739530	43152
chr3	6696378	6896378	harbor1	chr3	6780468	6780872	LTR/ERVL	1259	+	202	6780670	84292
chr3	187483700	187683700	harbor1	chr3	187497493	187497945	LTR/ERVL	1543	+	226	187497719	14019
chr3	127734383	127934383	harbor1	chr3	127756224	127756667	LTR/ERVL	1867	+	222	127756446	22063
chr3	98572522	98772522	harbor1	chr3	98599991	98600407	LTR/ERVL	1582	+	208	98600199	27677
chr3	98572522	98772522	harbor1	chr3	98614506	98615012	LTR/ERVL	2448	+	253	98614759	42237
chr3	98572522	98772522	harbor1	chr3	98615013	98615286	LTR/ERVL	1105	+	136	98615149	42627
chr3	73785099	73985099	harbor1	chr3	73791191	73791511	LTR/ERVL	1268	+	160	73791351	6252
chr3	73785099	73985099	harbor1	chr3	73793134	73793286	LTR/ERVL	781	+	76	73793210	8111
chr3	73785099	73985099	harbor1	chr3	73793350	73793389	LTR/ERVL	781	+	20	73793370	8271
chr3	73785099	73985099	harbor1	chr3	73795059	73795292	LTR/ERVL	395	+	116	73795175	10076
chr3	73785099	73985099	harbor1	chr3	73810338	73810774	LTR/ERVL	2338	+	218	73810556	25457
chr3	166218706	166418706	harbor1	chr3	166279002	166279347	LTR/ERVL	939	+	172	166279174	60468
chr3	166218706	166418706	harbor1	chr3	166279410	166279449	LTR/ERVL	700	+	20	166279430	60724
chr3	166218706	166418706	harbor1	chr3	166290453	166290897	LTR/ERVL	1915	+	222	166290675	71969
chr3	64137021	64337021	harbor1	chr3	64146027	64146373	LTR/ERVL	1097	+	173	64146200	9179
chr3	178024200	178224200	harbor1	chr3	178105431	178105853	LTR/ERVL	2028	+	211	178105642	81442
chr3	177329771	177529771	harbor1	chr3	177351190	177351582	LTR/ERVL	1855	+	196	177351386	21615
chr3	148748364	148948364	harbor1	chr3	148776432	148776680	LTR/ERVL	3010	+	124	148776556	28192
chr3	148748364	148948364	harbor1	chr3	148776728	148777050	LTR/ERVL	3010	+	161	148776889	28525
chr3	14456512	14656512	harbor1	chr3	14518232	14518499	LTR/ERVL	669	+	134	14518366	61854
chr3	125839499	126039499	harbor1	chr3	125843340	125843642	LTR/ERVL	1089	+	151	125843491	3992
chr3	125839499	126039499	harbor1	chr3	125921029	125921386	LTR/ERVL	515	+	178	125921207	81708
chr3	167028592	167228592	harbor1	chr3	167084576	167084721	LTR/ERVL	569	+	72	167084648	56056
chr3	167028592	167228592	harbor1	chr3	167084728	167085055	LTR/ERVL	448	+	164	167084892	56300
chr3	167028592	167228592	harbor1	chr3	167101461	167101974	LTR/ERVL	1458	+	256	167101717	73125
chr3	167028592	167228592	harbor1	chr3	167101991	167102890	LTR/ERVL	2963	+	450	167102441	73849
chr3	167028592	167228592	harbor1	chr3	167102926	167103323	LTR/ERVL	2963	+	198	167103124	74532
chr3	167028592	167228592	harbor1	chr3	167105188	167105598	LTR/ERVL	1051	+	205	167105393	76801
chr3	130348148	130548148	harbor1	chr3	130375100	130375543	LTR/ERVL	986	+	222	130375322	27174
chr3	130348148	130548148	harbor1	chr3	130398523	130398956	LTR/ERVL	450	+	216	130398739	50591
chr3	41775781	41975781	harbor1	chr3	41807786	41808219	LTR/ERVL	557	+	216	41808002	32221
chr3	41775781	41975781	harbor1	chr3	41854291	41854829	LTR/ERVL	684	+	269	41854560	78779
chr3	22629002	22829002	harbor1	chr3	22669546	22669677	LTR/ERVL	541	+	66	22669612	40610
chr3	22629002	22829002	harbor1	chr3	22684064	22684545	LTR/ERVL	1668	+	240	22684304	55302
chr3	22629002	22829002	harbor1	chr3	22713412	22713614	LTR/ERVL	651	+	101	22713513	84511
chr3	53184757	53384757	harbor1	chr3	53258108	53258290	LTR/ERVL	568	+	91	53258199	73442
chr3	53184757	53384757	harbor1	chr3	53258615	53259265	LTR/ERVL	2421	+	325	53258940	74183
chr3	53184757	53384757	harbor1	chr3	53269194	53269266	LTR/ERVL	486	+	36	53269230	84473
chr3	53184757	53384757	harbor1	chr3	53278750	53278943	LTR/ERVL	924	+	96	53278846	94089
chr3	53184757	53384757	harbor1	chr3	53279728	53279900	LTR/ERVL	753	+	86	53279814	95057
chr3	53184757	53384757	harbor1	chr3	53280209	53280243	LTR/ERVL	753	+	17	53280226	95469
chr3	163586393	163786393	harbor1	chr3	163629324	163629773	LTR/ERVL	1041	+	224	163629548	43155
chr3	163065342	163265342	harbor1	chr3	163097600	163097733	LTR/ERVL	679	+	66	163097666	32324
chr3	172006451	172206451	harbor1	chr3	172012541	172012822	LTR/ERVL	1015	+	140	172012681	6230
chr3	172006451	172206451	harbor1	chr3	172021123	172021928	LTR/ERVL	4275	+	402	172021525	15074
chr3	172006451	172206451	harbor1	chr3	172014901	172015660	LTR/ERVL	3418	+	380	172015281	8830
chr3	146369564	146569564	harbor1	chr3	146451411	146452287	LTR/ERVL	3043	+	438	146451849	82285
chr3	146369564	146569564	harbor1	chr3	146464232	146464389	LTR/ERVL	721	+	78	146464310	94746
chr3	111054285	111254285	harbor1	chr3	111113021	111113426	LTR/ERVL	538	+	202	111113223	58938
chr3	99346211	99546211	harbor1	chr3	99418399	99418796	LTR/ERVL	456	+	198	99418597	72386
chr3	30117745	30317745	harbor1	chr3	30118448	30118608	LTR/ERVL	415	+	80	30118528	783
chr3	30117745	30317745	harbor1	chr3	30122782	30122915	LTR/ERVL	501	+	66	30122848	5103
chr3	30117745	30317745	harbor1	chr3	30123344	30123436	LTR/ERVL	501	+	46	30123390	5645
chr3	30117745	30317745	harbor1	chr3	30169508	30169635	LTR/ERVL	577	+	64	30169572	51827
chr3	30117745	30317745	harbor1	chr3	30169678	30170068	LTR/ERVL	1169	+	195	30169873	52128
chr3	30117745	30317745	harbor1	chr3	30180113	30180435	LTR/ERVL	1487	+	161	30180274	62529
chr3	30117745	30317745	harbor1	chr3	30180995	30181172	LTR/ERVL	1487	+	88	30181083	63338
chr3	30117745	30317745	harbor1	chr3	30204117	30204564	LTR/ERVL	1025	+	224	30204341	86596
chr3	115167125	115367125	harbor1	chr3	115181075	115181525	LTR/ERVL	3450	+	225	115181300	14175
chr3	115167125	115367125	harbor1	chr3	115187655	115188134	LTR/ERVL	1674	+	240	115187895	20770
chr3	115167125	115367125	harbor1	chr3	115231234	115231622	LTR/ERVL	2824	+	194	115231428	64303
chr3	44662630	44862630	harbor1	chr3	44674880	44675027	LTR/ERVL	407	+	74	44674954	12324
chr3	44662630	44862630	harbor1	chr3	44739263	44739692	LTR/ERVL	2360	+	214	44739477	76847
chr3	17160529	17360529	harbor1	chr3	17216126	17216512	LTR/ERVL	1140	+	193	17216319	55790
chr3	17160529	17360529	harbor1	chr3	17226406	17226802	LTR/ERVL	1096	+	198	17226604	66075
chr3	17160529	17360529	harbor1	chr3	17246816	17247261	LTR/ERVL	2243	+	222	17247038	86509
chr3	189905305	190105305	harbor1	chr3	189980682	189980847	LTR/ERVL	459	+	82	189980764	75459
chr3	189905305	190105305	harbor1	chr3	189980817	189981509	LTR/ERVL	2106	+	346	189981163	75858
chr3	18858148	19058148	harbor1	chr3	18898342	18898640	LTR/ERVL	1564	+	149	18898491	40343
chr3	18858148	19058148	harbor1	chr3	18898642	18899007	LTR/ERVL	1737	+	182	18898824	40676
chr3	18858148	19058148	harbor1	chr3	18899049	18899087	LTR/ERVL	1737	+	19	18899068	40920
chr3	18858148	19058148	harbor1	chr3	18941802	18942254	LTR/ERVL	2917	+	226	18942028	83880
chr3	18858148	19058148	harbor1	chr3	18942313	18946177	LTR/ERVL	26280	+	1932	18944245	86097
chr3	47212979	47412979	harbor1	chr3	47299158	47299277	LTR/ERVL	880	+	60	47299218	86239
chr3	47212979	47412979	harbor1	chr3	47299410	47299542	LTR/ERVL	1657	+	66	47299476	86497
chr3	47212979	47412979	harbor1	chr3	47299856	47300026	LTR/ERVL	1657	+	85	47299941	86962
chr3	106333449	106533449	harbor1	chr3	106339679	106340060	LTR/ERVL	1557	+	190	106339869	6420
chr3	106333449	106533449	harbor1	chr3	106358497	106360221	LTR/ERVL	13413	+	862	106359359	25910
chr3	106333449	106533449	harbor1	chr3	106396378	106396461	LTR/ERVL	460	+	42	106396420	62971
chr3	120420998	120620998	harbor1	chr3	120468830	120469194	LTR/ERVL	975	+	182	120469012	48014
chr3	120420998	120620998	harbor1	chr3	120469486	120469505	LTR/ERVL	975	+	10	120469496	48498
chr3	120420998	120620998	harbor1	chr3	120504320	120504763	LTR/ERVL	1264	+	222	120504542	83544
chr3	120420998	120620998	harbor1	chr3	120517348	120517754	LTR/ERVL	1425	+	203	120517551	96553
chr3	127118619	127318619	harbor1	chr3	127122155	127122477	LTR/ERVL	828	+	161	127122316	3697
chr3	127118619	127318619	harbor1	chr3	127123755	127124490	LTR/ERVL	2085	+	368	127124123	5504
chr3	127118619	127318619	harbor1	chr3	127160651	127160908	LTR/ERVL	421	+	128	127160779	42160
chr3	127118619	127318619	harbor1	chr3	127167248	127167728	LTR/ERVL	2165	+	240	127167488	48869
chr3	127118619	127318619	harbor1	chr3	127177367	127177679	LTR/ERVL	591	+	156	127177523	58904
chr3	127118619	127318619	harbor1	chr3	127177981	127178066	LTR/ERVL	591	+	42	127178023	59404
chr3	127118619	127318619	harbor1	chr3	127178250	127178663	LTR/ERVL	1532	+	206	127178456	59837
chr3	127118619	127318619	harbor1	chr3	127178725	127178764	LTR/ERVL	772	+	20	127178745	60126
chr3	127118619	127318619	harbor1	chr3	127206848	127207228	LTR/ERVL	518	+	190	127207038	88419
chr3	127118619	127318619	harbor1	chr3	127208862	127209177	LTR/ERVL	635	+	158	127209020	90401
chr3	127118619	127318619	harbor1	chr3	127122805	127123521	LTR/ERVL	1452	+	358	127123163	4544
chr3	166890196	167090196	harbor1	chr3	166930098	166930830	LTR/ERVL	1572	+	366	166930464	40268
chr3	115434438	115634438	harbor1	chr3	115434465	115435254	LTR/ERVL	2468	+	394	115434859	421
chr3	115434438	115634438	harbor1	chr3	115435324	115436014	LTR/ERVL	1297	+	345	115435669	1231
chr3	115434438	115634438	harbor1	chr3	115436617	115438163	LTR/ERVL	3240	+	773	115437390	2952
chr3	115434438	115634438	harbor1	chr3	115438232	115438659	LTR/ERVL	1205	+	214	115438446	4008
chr3	115434438	115634438	harbor1	chr3	115465479	115466003	LTR/ERVL	877	+	262	115465741	31303
chr3	115434438	115634438	harbor1	chr3	115504482	115504670	LTR/ERVL	1398	+	94	115504576	70138
chr3	115434438	115634438	harbor1	chr3	115506979	115507270	LTR/ERVL	1398	+	146	115507125	72687
chr3	144120876	144320876	harbor1	chr3	144159594	144160110	LTR/ERVL	1290	+	258	144159852	38976
chr3	144120876	144320876	harbor1	chr3	144172420	144172835	LTR/ERVL	517	+	208	144172628	51752
chr3	144120876	144320876	harbor1	chr3	144179993	144180465	LTR/ERVL	630	+	236	144180229	59353
chr3	144120876	144320876	harbor1	chr3	144180767	144180995	LTR/ERVL	630	+	114	144180881	60005
chr3	144120876	144320876	harbor1	chr3	144189097	144189356	LTR/ERVL	600	+	130	144189227	68351
chr3	144120876	144320876	harbor1	chr3	144189517	144189817	LTR/ERVL	888	+	150	144189667	68791
chr3	108503691	108703691	harbor1	chr3	108532147	108532690	LTR/ERVL	2657	+	272	108532419	28728
chr3	9547620	9747620	harbor1	chr3	9618738	9619045	LTR/ERVL	973	+	154	9618892	71272
chr3	9547620	9747620	harbor1	chr3	9620151	9620254	LTR/ERVL	973	+	52	9620203	72583
chr3	9547620	9747620	harbor1	chr3	9620577	9620632	LTR/ERVL	973	+	28	9620605	72985
chr3	9547620	9747620	harbor1	chr3	9620654	9620877	LTR/ERVL	970	+	112	9620766	73146
chr3	9547620	9747620	harbor1	chr3	9621178	9621328	LTR/ERVL	970	+	75	9621253	73633
chr3	9547620	9747620	harbor1	chr3	9623272	9623404	LTR/ERVL	399	+	66	9623338	75718
chr3	75503631	75703631	harbor1	chr3	75581982	75582578	LTR/ERVL	2893	+	298	75582280	78649
chr3	19646513	19846513	harbor1	chr3	19733358	19733753	LTR/ERVL	722	+	198	19733556	87043
chr3	19646513	19846513	harbor1	chr3	19734461	19735031	LTR/ERVL	1648	+	285	19734746	88233
chr3	19646513	19846513	harbor1	chr3	19735795	19736290	LTR/ERVL	1541	+	248	19736043	89530
chr3	19419056	19619056	harbor1	chr3	19440886	19441083	LTR/ERVL	552	+	98	19440984	21928
chr3	19419056	19619056	harbor1	chr3	19441157	19441431	LTR/ERVL	492	+	137	19441294	22238
chr3	63166434	63366434	harbor1	chr3	63220423	63221017	LTR/ERVL	1058	+	297	63220720	54286
chr3	194322481	194522481	harbor1	chr3	194325897	194326330	LTR/ERVL	978	+	216	194326113	3632
chr3	194322481	194522481	harbor1	chr3	194328516	194328753	LTR/ERVL	648	+	118	194328634	6153
chr3	194322481	194522481	harbor1	chr3	194332370	194332827	LTR/ERVL	1775	+	228	194332598	10117
chr3	43067022	43267022	harbor1	chr3	43073994	43074496	LTR/ERVL	825	+	251	43074245	7223
chr3	43067022	43267022	harbor1	chr3	43078172	43078471	LTR/ERVL	970	+	150	43078322	11300
chr3	43067022	43267022	harbor1	chr3	43082160	43082792	LTR/ERVL	706	+	316	43082476	15454
chr3	43067022	43267022	harbor1	chr3	43093658	43093919	LTR/ERVL	915	+	130	43093788	26766
chr3	43067022	43267022	harbor1	chr3	43141294	43141373	LTR/ERVL	438	+	40	43141334	74312
chr3	43067022	43267022	harbor1	chr3	43141371	43141613	LTR/ERVL	803	+	121	43141492	74470
chr3	43067022	43267022	harbor1	chr3	43145607	43146425	LTR/ERVL	2885	+	409	43146016	78994
chr3	43067022	43267022	harbor1	chr3	43148505	43148777	LTR/ERVL	798	+	136	43148641	81619
chr3	43067022	43267022	harbor1	chr3	43149142	43149213	LTR/ERVL	798	+	36	43149178	82156
chr3	43067022	43267022	harbor1	chr3	43151795	43152045	LTR/ERVL	619	+	125	43151920	84898
chr3	43067022	43267022	harbor1	chr3	43154370	43154679	LTR/ERVL	909	+	154	43154524	87502
chr3	43067022	43267022	harbor1	chr3	43157954	43158315	LTR/ERVL	532	+	180	43158134	91112
chr3	43067022	43267022	harbor1	chr3	43161805	43162155	LTR/ERVL	1004	+	175	43161980	94958
chr3	38667832	38867832	harbor1	chr3	38680090	38680504	LTR/ERVL	1386	+	207	38680297	12465
chr3	38667832	38867832	harbor1	chr3	38719817	38720146	LTR/ERVL	1037	+	164	38719981	52149
chr3	38667832	38867832	harbor1	chr3	38750962	38751435	LTR/ERVL	1543	+	236	38751198	83366
chr3	38667832	38867832	harbor1	chr3	38756153	38756257	LTR/ERVL	397	+	52	38756205	88373
chr3	38667832	38867832	harbor1	chr3	38756308	38756540	LTR/ERVL	1196	+	116	38756424	88592
chr3	14776796	14976796	harbor1	chr3	14797949	14798108	LTR/ERVL	455	+	80	14798029	21233
chr3	106161167	106361167	harbor1	chr3	106204476	106204929	LTR/ERVL	729	+	226	106204702	43535
chr3	110428521	110628521	harbor1	chr3	110459172	110459634	LTR/ERVL	1345	+	231	110459403	30882
chr3	110428521	110628521	harbor1	chr3	110517239	110517649	LTR/ERVL	923	+	205	110517444	88923
chr3	110428521	110628521	harbor1	chr3	110517660	110518025	LTR/ERVL	893	+	182	110517842	89321
chr3	132010545	132210545	harbor1	chr3	132058466	132058812	LTR/ERVL	914	+	173	132058639	48094
chr3	132010545	132210545	harbor1	chr3	132080375	132080935	LTR/ERVL	2149	+	280	132080655	70110
chr3	44992868	45192868	harbor1	chr3	45014804	45016480	LTR/ERVL	2322	+	838	45015642	22774
chr3	44992868	45192868	harbor1	chr3	45048140	45048238	LTR/ERVL	478	+	49	45048189	55321
chr3	44992868	45192868	harbor1	chr3	45048287	45048715	LTR/ERVL	1741	+	214	45048501	55633
chr3	118648676	118848676	harbor1	chr3	118674895	118675328	LTR/ERVL	1606	+	216	118675111	26435
chr3	118648676	118848676	harbor1	chr3	118691083	118691458	LTR/ERVL	621	+	188	118691271	42595
chr3	118648676	118848676	harbor1	chr3	118713567	118714006	LTR/ERVL	1500	+	220	118713787	65111
chr3	118648676	118848676	harbor1	chr3	118739904	118740288	LTR/ERVL	773	+	192	118740096	91420
chr3	131740056	131940056	harbor1	chr3	131742046	131742530	LTR/ERVL	1933	+	242	131742288	2232
chr3	131740056	131940056	harbor1	chr3	131784437	131784826	LTR/ERVL	1046	+	194	131784631	44575
chr3	124261308	124461308	harbor1	chr3	124323832	124324274	LTR/ERVL	1085	+	221	124324053	62745
chr3	87105672	87305672	harbor1	chr3	87121949	87122443	LTR/ERVL	2234	+	247	87122196	16524
chr3	87105672	87305672	harbor1	chr3	87136305	87136543	LTR/ERVL	417	+	119	87136424	30752
chr3	87105672	87305672	harbor1	chr3	87157221	87157669	LTR/ERVL	2920	+	224	87157445	51773
chr3	159046335	159246335	harbor1	chr3	159131314	159131766	LTR/ERVL	605	+	226	159131540	85205
chr3	111229580	111429580	harbor1	chr3	111241686	111241930	LTR/ERVL	2023	+	122	111241808	12228
chr3	111229580	111429580	harbor1	chr3	111243591	111243803	LTR/ERVL	2023	+	106	111243697	14117
chr3	111229580	111429580	harbor1	chr3	111244018	111244079	LTR/ERVL	2023	+	30	111244048	14468
chr3	111229580	111429580	harbor1	chr3	111245938	111246081	LTR/ERVL	443	+	72	111246010	16430
chr3	111229580	111429580	harbor1	chr3	111285922	111286298	LTR/ERVL	1554	+	188	111286110	56530
chr3	67013546	67213546	harbor1	chr3	67090558	67090806	LTR/ERVL	1180	+	124	67090682	77136
chr3	151032723	151232723	harbor1	chr3	151067140	151067708	LTR/ERVL	2165	+	284	151067424	34701
chr3	151032723	151232723	harbor1	chr3	151068012	151068033	LTR/ERVL	2165	+	10	151068022	35299
chr3	151032723	151232723	harbor1	chr3	151068245	151068353	LTR/ERVL	2165	+	54	151068299	35576
chr3	155283974	155483974	harbor1	chr3	155332201	155333689	LTR/ERVL	3846	+	744	155332945	48971
chr3	155283974	155483974	harbor1	chr3	155333993	155334090	LTR/ERVL	3563	+	48	155334041	50067
chr3	155283974	155483974	harbor1	chr3	155357643	155357947	LTR/ERVL	738	+	152	155357795	73821
chr3	155283974	155483974	harbor1	chr3	155358240	155358809	LTR/ERVL	1812	+	284	155358524	74550
chr3	134055029	134255029	harbor1	chr3	134081248	134081670	LTR/ERVL	1456	+	211	134081459	26430
chr3	134055029	134255029	harbor1	chr3	134147915	134148406	LTR/ERVL	3120	+	246	134148161	93132
chr3	56851451	57051451	harbor1	chr3	56894084	56894207	LTR/ERVL	477	+	62	56894146	42695
chr3	56851451	57051451	harbor1	chr3	56938627	56939053	LTR/ERVL	1828	+	213	56938840	87389
chr3	65939161	66139161	harbor1	chr3	66011507	66011819	LTR/ERVL	903	+	156	66011663	72502
chr3	65939161	66139161	harbor1	chr3	66029619	66029766	LTR/ERVL	479	+	74	66029693	90532
chr3	148140118	148340118	harbor1	chr3	148177037	148177374	LTR/ERVL	1757	+	168	148177205	37087
chr3	148140118	148340118	harbor1	chr3	148177424	148177478	LTR/ERVL	1757	+	27	148177451	37333
chr3	148140118	148340118	harbor1	chr3	148218499	148218739	LTR/ERVL	708	+	120	148218619	78501
chr3	138927722	139127722	harbor1	chr3	138994624	138995011	LTR/ERVL	1235	+	194	138994818	67096
chr3	118501713	118701713	harbor1	chr3	118544432	118544885	LTR/ERVL	1111	+	226	118544658	42945
chr3	118501713	118701713	harbor1	chr3	118578160	118578517	LTR/ERVL	1936	+	178	118578338	76625
chr3	118501713	118701713	harbor1	chr3	118597486	118597586	LTR/ERVL	520	+	50	118597536	95823
chr3	118501713	118701713	harbor1	chr3	118601229	118601664	LTR/ERVL	1719	+	218	118601447	99734
chr3	118501713	118701713	harbor1	chr3	118601692	118601708	LTR/ERVL	1719	+	8	118601700	99987
chr3	68289947	68489947	harbor1	chr3	68320305	68320719	LTR/ERVL	975	+	207	68320512	30565
chr3	45188929	45388929	harbor1	chr3	45209460	45209799	LTR/ERVL	476	+	170	45209630	20701
chr3	45188929	45388929	harbor1	chr3	45215602	45216019	LTR/ERVL	1436	+	208	45215810	26881
chr3	106788919	106988919	harbor1	chr3	106881297	106881429	LTR/ERVL	787	+	66	106881363	92444
chr3	191800883	192000883	harbor1	chr3	191819809	191820178	LTR/ERVL	1081	+	184	191819993	19110
chr3	191800883	192000883	harbor1	chr3	191852452	191852955	LTR/ERVL	2713	+	252	191852704	51821
chr3	191800883	192000883	harbor1	chr3	191853045	191853104	LTR/ERVL	2713	+	30	191853075	52192
chr3	164200804	164400804	harbor1	chr3	164208862	164209260	LTR/ERVL	3154	+	199	164209061	8257
chr3	164200804	164400804	harbor1	chr3	164209294	164209333	LTR/ERVL	3154	+	20	164209314	8510
chr3	164200804	164400804	harbor1	chr3	164270468	164270786	LTR/ERVL	1150	+	159	164270627	69823
chr3	164200804	164400804	harbor1	chr3	164271712	164272262	LTR/ERVL	4487	+	275	164271987	71183
chr3	164200804	164400804	harbor1	chr3	164272584	164273724	LTR/ERVL	4487	+	570	164273154	72350
chr3	164200804	164400804	harbor1	chr3	164283902	164284654	LTR/ERVL	3209	+	376	164284278	83474
chr3	164200804	164400804	harbor1	chr3	164284699	164284954	LTR/ERVL	977	+	128	164284827	84023
chr3	153769427	153969427	harbor1	chr3	153779166	153779364	LTR/ERVL	570	+	99	153779265	9838
chr3	153769427	153969427	harbor1	chr3	153779757	153779983	LTR/ERVL	653	+	113	153779870	10443
chr3	153769427	153969427	harbor1	chr3	153795328	153795678	LTR/ERVL	821	+	175	153795503	26076
chr3	153769427	153969427	harbor1	chr3	153835395	153835925	LTR/ERVL	1247	+	265	153835660	66233
chr3	153769427	153969427	harbor1	chr3	153835933	153836141	LTR/ERVL	550	+	104	153836037	66610
chr3	153769427	153969427	harbor1	chr3	153855901	153856237	LTR/ERVL	867	+	168	153856069	86642
chr3	175930496	176130496	harbor1	chr3	175946903	175947400	LTR/ERVL	1898	+	248	175947151	16655
chr3	175930496	176130496	harbor1	chr3	175956342	175956390	LTR/ERVL	2583	+	24	175956366	25870
chr3	175930496	176130496	harbor1	chr3	175956760	175957182	LTR/ERVL	2583	+	211	175956971	26475
chr3	175930496	176130496	harbor1	chr3	175987508	175988086	LTR/ERVL	2086	+	289	175987797	57301
chr3	175930496	176130496	harbor1	chr3	176000343	176000475	LTR/ERVL	576	+	66	176000409	69913
chr3	184393792	184593792	harbor1	chr3	184459396	184459776	LTR/ERVL	1035	+	190	184459586	65794
chr3	184393792	184593792	harbor1	chr3	184460682	184461089	LTR/ERVL	2468	+	204	184460886	67094
chr3	184393792	184593792	harbor1	chr3	184461389	184462230	LTR/ERVL	2468	+	420	184461809	68017
chr3	184393792	184593792	harbor1	chr3	184463043	184463295	LTR/ERVL	1908	+	126	184463169	69377
chr3	184393792	184593792	harbor1	chr3	184463597	184464055	LTR/ERVL	1908	+	229	184463826	70034
chr3	184393792	184593792	harbor1	chr3	184464483	184464734	LTR/ERVL	1814	+	126	184464609	70817
chr3	184393792	184593792	harbor1	chr3	184465034	184465339	LTR/ERVL	1814	+	152	184465186	71394
chr3	184393792	184593792	harbor1	chr3	184466204	184466426	LTR/ERVL	666	+	111	184466315	72523
chr3	184393792	184593792	harbor1	chr3	184466460	184466878	LTR/ERVL	1183	+	209	184466669	72877
chr3	180562876	180762876	harbor1	chr3	180573210	180573570	LTR/ERVL	2339	+	180	180573390	10514
chr3	180562876	180762876	harbor1	chr3	180573621	180573656	LTR/ERVL	2339	+	18	180573639	10763
chr3	180562876	180762876	harbor1	chr3	180589434	180589841	LTR/ERVL	1746	+	204	180589638	26762
chr3	180562876	180762876	harbor1	chr3	180598892	180599148	LTR/ERVL	618	+	128	180599020	36144
chr3	104833518	105033518	harbor1	chr3	104850571	104851005	LTR/ERVL	1758	+	217	104850788	17270
chr3	104833518	105033518	harbor1	chr3	104926889	104927096	LTR/ERVL	595	+	104	104926993	93475
chr3	104833518	105033518	harbor1	chr3	104931932	104933129	LTR/ERVL	2047	+	598	104932530	99012
chr3	175637784	175837784	harbor1	chr3	175726363	175726760	LTR/ERVL	733	+	198	175726561	88777
chr3	185276513	185476513	harbor1	chr3	185279949	185280266	LTR/ERVL	654	+	158	185280107	3594
chr3	194789738	194989738	harbor1	chr3	194813774	194814219	LTR/ERVL	1187	+	222	194813996	24258
chr3	107446626	107646626	harbor1	chr3	107481523	107482014	LTR/ERVL	2668	+	246	107481769	35143
chr3	107446626	107646626	harbor1	chr3	107493163	107493888	LTR/ERVL	2237	+	362	107493525	46899
chr3	107446626	107646626	harbor1	chr3	107505564	107506099	LTR/ERVL	874	+	268	107505832	59206
chr3	140425080	140625080	harbor1	chr3	140442071	140442501	LTR/ERVL	1986	+	215	140442286	17206
chr3	140425080	140625080	harbor1	chr3	140474756	140475078	LTR/ERVL	923	+	161	140474917	49837
chr3	167770839	167970839	harbor1	chr3	167788191	167788675	LTR/ERVL	1570	+	242	167788433	17594
chr3	43722216	43922216	harbor1	chr3	43734083	43734486	LTR/ERVL	1310	+	202	43734285	12069
chr3	43722216	43922216	harbor1	chr3	43764879	43765315	LTR/ERVL	1505	+	218	43765097	42881
chr3	41915219	42115219	harbor1	chr3	41963802	41964400	LTR/ERVL	2769	+	299	41964101	48882
chr3	41915219	42115219	harbor1	chr3	41984276	41984468	LTR/ERVL	438	+	96	41984372	69153
chr3	41915219	42115219	harbor1	chr3	41984938	41985637	LTR/ERVL	2151	+	350	41985288	70069
chr3	41915219	42115219	harbor1	chr3	41985952	41986188	LTR/ERVL	2151	+	118	41986070	70851
chr3	41915219	42115219	harbor1	chr3	41986554	41986702	LTR/ERVL	438	+	74	41986628	71409
chr3	41915219	42115219	harbor1	chr3	41986702	41986921	LTR/ERVL	672	+	110	41986812	71593
chr3	41915219	42115219	harbor1	chr3	42010104	42010369	LTR/ERVL	584	+	132	42010236	95017
chr3	1956276	2156276	harbor1	chr3	1989907	1990241	LTR/ERVL	736	+	167	1990074	33798
chr3	1956276	2156276	harbor1	chr3	2048566	2049210	LTR/ERVL	1489	+	322	2048888	92612
chr3	56633660	56833660	harbor1	chr3	56654503	56655035	LTR/ERVL	2128	+	266	56654769	21109
chr3	39331501	39531501	harbor1	chr3	39336852	39337297	LTR/ERVL	3614	+	222	39337074	5573
chr3	39331501	39531501	harbor1	chr3	39343254	39343428	LTR/ERVL	863	+	87	39343341	11840
chr3	39331501	39531501	harbor1	chr3	39391107	39391387	LTR/ERVL	1196	+	140	39391247	59746
chr3	115276941	115476941	harbor1	chr3	115302179	115302582	LTR/ERVL	1650	+	202	115302381	25440
chr3	115276941	115476941	harbor1	chr3	115331155	115331222	LTR/ERVL	428	+	34	115331189	54248
chr3	115276941	115476941	harbor1	chr3	115331221	115331828	LTR/ERVL	3037	+	304	115331525	54584
chr3	115276941	115476941	harbor1	chr3	115345857	115346058	LTR/ERVL	696	+	100	115345957	69016
chr3	115276941	115476941	harbor1	chr3	115351224	115351716	LTR/ERVL	1329	+	246	115351470	74529
chr3	115276941	115476941	harbor1	chr3	115372616	115372964	LTR/ERVL	672	+	174	115372790	95849
chr3	115276941	115476941	harbor1	chr3	115374196	115374824	LTR/ERVL	1525	+	314	115374510	97569
chr3	148245382	148445382	harbor1	chr3	148267617	148267899	LTR/ERVL	1273	+	141	148267758	22376
chr3	148245382	148445382	harbor1	chr3	148278809	148279076	LTR/ERVL	435	+	134	148278943	33561
chr3	148245382	148445382	harbor1	chr3	148279064	148279432	LTR/ERVL	421	+	184	148279248	33866
chr3	148245382	148445382	harbor1	chr3	148281082	148281370	LTR/ERVL	561	+	144	148281226	35844
chr3	148245382	148445382	harbor1	chr3	148282169	148282515	LTR/ERVL	1217	+	173	148282342	36960
chr3	143883951	144083951	harbor1	chr3	143891971	143892167	LTR/ERVL	491	+	98	143892069	8118
chr3	143883951	144083951	harbor1	chr3	143919191	143919562	LTR/ERVL	573	+	186	143919377	35426
chr3	143883951	144083951	harbor1	chr3	143926213	143926818	LTR/ERVL	965	+	302	143926515	42564
chr3	143883951	144083951	harbor1	chr3	143955936	143955996	LTR/ERVL	407	+	30	143955966	72015
chr3	143883951	144083951	harbor1	chr3	143962711	143962821	LTR/ERVL	2118	+	55	143962766	78815
chr3	143883951	144083951	harbor1	chr3	143963222	143963650	LTR/ERVL	2118	+	214	143963436	79485
chr3	125456918	125656918	harbor1	chr3	125554936	125555436	LTR/ERVL	2860	+	250	125555186	98268
chr3	56417541	56617541	harbor1	chr3	56455275	56455543	LTR/ERVL	789	+	134	56455409	37868
chr3	56417541	56617541	harbor1	chr3	56487077	56487524	LTR/ERVL	1330	+	224	56487301	69760
chr3	31198167	31398167	harbor1	chr3	31222285	31222747	LTR/ERVL	833	+	231	31222516	24349
chr3	31198167	31398167	harbor1	chr3	31241632	31242025	LTR/ERVL	959	+	196	31241828	43661
chr3	31198167	31398167	harbor1	chr3	31286567	31286930	LTR/ERVL	2105	+	182	31286749	88582
chr3	31198167	31398167	harbor1	chr3	31287000	31287068	LTR/ERVL	2105	+	34	31287034	88867
chr3	36289477	36489477	harbor1	chr3	36291094	36291411	LTR/ERVL	821	+	158	36291252	1775
chr3	36289477	36489477	harbor1	chr3	36297637	36297999	LTR/ERVL	1739	+	181	36297818	8341
chr3	36289477	36489477	harbor1	chr3	36302894	36303349	LTR/ERVL	748	+	228	36303122	13645
chr3	36289477	36489477	harbor1	chr3	36311122	36311457	LTR/ERVL	673	+	168	36311290	21813
chr3	36289477	36489477	harbor1	chr3	36361820	36362250	LTR/ERVL	1617	+	215	36362035	72558
chr3	36289477	36489477	harbor1	chr3	36362253	36362597	LTR/ERVL	871	+	172	36362425	72948
chr3	36289477	36489477	harbor1	chr3	36369041	36369432	LTR/ERVL	1373	+	196	36369237	79760
chr3	71599523	71799523	harbor1	chr3	71631478	71631659	LTR/ERVL	867	+	90	71631568	32045
chr3	71599523	71799523	harbor1	chr3	71631970	71632230	LTR/ERVL	867	+	130	71632100	32577
chr3	86915125	87115125	harbor1	chr3	86924847	86925206	LTR/ERVL	1921	+	180	86925027	9902
chr3	86915125	87115125	harbor1	chr3	86965559	86965961	LTR/ERVL	1169	+	201	86965760	50635
chr3	116153669	116353669	harbor1	chr3	116210182	116210722	LTR/ERVL	1802	+	270	116210452	56783
chr3	116153669	116353669	harbor1	chr3	116194915	116195354	LTR/ERVL	573	+	220	116195135	41466
chr3	81830726	82030726	harbor1	chr3	81855199	81855337	LTR/ERVL	644	+	69	81855268	24542
chr3	81830726	82030726	harbor1	chr3	81856016	81856083	LTR/ERVL	644	+	34	81856050	25324
chr3	81830726	82030726	harbor1	chr3	81892584	81893042	LTR/ERVL	1224	+	229	81892813	62087
chr3	81830726	82030726	harbor1	chr3	81838030	81838170	LTR/ERVL	554	+	70	81838100	7374
chr3	81830726	82030726	harbor1	chr3	81854407	81854659	LTR/ERVL	984	+	126	81854533	23807
chr3	2208237	2408237	harbor1	chr3	2223132	2223453	LTR/ERVL	468	+	160	2223292	15055
chr3	2208237	2408237	harbor1	chr3	2223554	2223774	LTR/ERVL	2357	+	110	2223664	15427
chr3	2208237	2408237	harbor1	chr3	2224270	2224635	LTR/ERVL	2357	+	182	2224452	16215
chr3	26127294	26327294	harbor1	chr3	26185085	26185244	LTR/ERVL	441	+	80	26185165	57871
chr3	146633647	146833647	harbor1	chr3	146687358	146687577	LTR/ERVL	626	+	110	146687468	53821
chr3	129959240	130159240	harbor1	chr3	129982337	129982623	LTR/ERVL	723	+	143	129982480	23240
chr3	129959240	130159240	harbor1	chr3	129988401	129988711	LTR/ERVL	535	+	155	129988556	29316
chr3	129959240	130159240	harbor1	chr3	130004788	130005388	LTR/ERVL	2919	+	300	130005088	45848
chr3	142238269	142438269	harbor1	chr3	142270627	142270961	LTR/ERVL	1275	+	167	142270794	32525
chr3	142238269	142438269	harbor1	chr3	142276801	142277060	LTR/ERVL	485	+	130	142276931	38662
chr3	177802793	178002793	harbor1	chr3	177893242	177893639	LTR/ERVL	843	+	198	177893440	90647
chr3	177802793	178002793	harbor1	chr3	177893658	177893793	LTR/ERVL	669	+	68	177893726	90933
chr3	56183057	56383057	harbor1	chr3	56260319	56260600	LTR/ERVL	567	+	140	56260459	77402
chr3	126091217	126291217	harbor1	chr3	126112249	126112541	LTR/ERVL	597	+	146	126112395	21178
chr3	126091217	126291217	harbor1	chr3	126133781	126134100	LTR/ERVL	839	+	160	126133941	42724
chr3	126091217	126291217	harbor1	chr3	126151995	126152415	LTR/ERVL	792	+	210	126152205	60988
chr3	112534884	112734884	harbor1	chr3	112545795	112546143	LTR/ERVL	1975	+	174	112545969	11085
chr3	112534884	112734884	harbor1	chr3	112621653	112622005	LTR/ERVL	449	+	176	112621829	86945
chr3	89994876	90194876	harbor1	chr3	90016558	90016941	LTR/ERVL	759	+	192	90016750	21874
chr3	89994876	90194876	harbor1	chr3	90021955	90022210	LTR/ERVL	555	+	128	90022083	27207
chr3	89994876	90194876	harbor1	chr3	90023533	90023918	LTR/ERVL	922	+	192	90023725	28849
chr3	89994876	90194876	harbor1	chr3	90060168	90060454	LTR/ERVL	952	+	143	90060311	65435
chr3	89994876	90194876	harbor1	chr3	90063587	90064464	LTR/ERVL	2482	+	438	90064025	69149
chr3	89994876	90194876	harbor1	chr3	90064658	90064832	LTR/ERVL	413	+	87	90064745	69869
chr3	89994876	90194876	harbor1	chr3	90065178	90065361	LTR/ERVL	727	+	92	90065270	70394
chr3	89994876	90194876	harbor1	chr3	90065366	90065857	LTR/ERVL	1412	+	246	90065612	70736
chr3	89994876	90194876	harbor1	chr3	90060685	90062982	LTR/ERVL	3917	+	1148	90061833	66957
chr3	26450645	26650645	harbor1	chr3	26501345	26501521	LTR/ERVL	621	+	88	26501433	50788
chr3	26450645	26650645	harbor1	chr3	26501557	26502229	LTR/ERVL	2173	+	336	26501893	51248
chr3	26450645	26650645	harbor1	chr3	26502364	26502859	LTR/ERVL	2318	+	248	26502612	51967
chr3	26450645	26650645	harbor1	chr3	26503340	26503656	LTR/ERVL	919	+	158	26503498	52853
chr3	26450645	26650645	harbor1	chr3	26503659	26503831	LTR/ERVL	683	+	86	26503745	53100
chr3	26450645	26650645	harbor1	chr3	26505061	26505158	LTR/ERVL	474	+	48	26505109	54464
chr4	87690445	87890445	harbor1	chr4	87767500	87767903	LTR/ERVL	1454	+	202	87767702	77257
chr4	19465923	19665923	harbor1	chr4	19469616	19470018	LTR/ERVL	1966	+	201	19469817	3894
chr4	19465923	19665923	harbor1	chr4	19497612	19498109	LTR/ERVL	2023	+	248	19497860	31937
chr4	19465923	19665923	harbor1	chr4	19518539	19518600	LTR/ERVL	1017	+	30	19518569	52646
chr4	19465923	19665923	harbor1	chr4	19519263	19519715	LTR/ERVL	1017	+	226	19519489	53566
chr4	19465923	19665923	harbor1	chr4	19545322	19545796	LTR/ERVL	2290	+	237	19545559	79636
chr4	167327796	167527796	harbor1	chr4	167407423	167407682	LTR/ERVL	423	+	130	167407553	79757
chr4	167327796	167527796	harbor1	chr4	167407804	167407960	LTR/ERVL	773	+	78	167407882	80086
chr4	167327796	167527796	harbor1	chr4	167407990	167408491	LTR/ERVL	1078	+	250	167408240	80444
chr4	87152883	87352883	harbor1	chr4	87230972	87231406	LTR/ERVL	947	+	217	87231189	78306
chr4	87152883	87352883	harbor1	chr4	87227929	87228478	LTR/ERVL	1160	+	274	87228203	75320
chr4	67892792	68092792	harbor1	chr4	67892325	67893547	LTR/ERVL	3185	+	611	67892936	144
chr4	67892792	68092792	harbor1	chr4	67893668	67894000	LTR/ERVL	1266	+	166	67893834	1042
chr4	67892792	68092792	harbor1	chr4	67983409	67983797	LTR/ERVL	1518	+	194	67983603	90811
chr4	67892792	68092792	harbor1	chr4	67983851	67985637	LTR/ERVL	4224	+	893	67984744	91952
chr4	117755301	117955301	harbor1	chr4	117818659	117819218	LTR/ERVL	1894	+	280	117818939	63638
chr4	64762341	64962341	harbor1	chr4	64777419	64777888	LTR/ERVL	1056	+	234	64777653	15312
chr4	64762341	64962341	harbor1	chr4	64778184	64778412	LTR/ERVL	1056	+	114	64778298	15957
chr4	81360392	81560392	harbor1	chr4	81410396	81410728	LTR/ERVL	1029	+	166	81410562	50170
chr4	81360392	81560392	harbor1	chr4	81411114	81411189	LTR/ERVL	1029	+	38	81411152	50760
chr4	81360392	81560392	harbor1	chr4	81425389	81425910	LTR/ERVL	1585	+	260	81425649	65257
chr4	182489796	182689796	harbor1	chr4	182510820	182511223	LTR/ERVL	1336	+	202	182511022	21226
chr4	182489796	182689796	harbor1	chr4	182513659	182514162	LTR/ERVL	2604	+	252	182513911	24115
chr4	186071309	186271309	harbor1	chr4	186123387	186123830	LTR/ERVL	769	+	222	186123609	52300
chr4	186071309	186271309	harbor1	chr4	186126317	186126872	LTR/ERVL	2565	+	278	186126595	55286
chr4	186071309	186271309	harbor1	chr4	186162559	186162761	LTR/ERVL	431	+	101	186162660	91351
chr4	171701926	171901926	harbor1	chr4	171702029	171702200	LTR/ERVL	463	+	86	171702115	189
chr4	171701926	171901926	harbor1	chr4	171713338	171713475	LTR/ERVL	438	+	68	171713406	11480
chr4	171701926	171901926	harbor1	chr4	171772099	171772750	LTR/ERVL	1601	+	326	171772425	70499
chr4	171701926	171901926	harbor1	chr4	171720393	171720938	LTR/ERVL	2015	+	272	171720665	18739
chr4	103346054	103546054	harbor1	chr4	103375610	103375719	LTR/ERVL	2014	+	54	103375664	29610
chr4	103346054	103546054	harbor1	chr4	103376033	103376480	LTR/ERVL	2014	+	224	103376257	30203
chr4	103346054	103546054	harbor1	chr4	103399249	103399409	LTR/ERVL	482	+	80	103399329	53275
chr4	103346054	103546054	harbor1	chr4	103427585	103427954	LTR/ERVL	682	+	184	103427769	81715
chr4	53204913	53404913	harbor1	chr4	53210694	53210931	LTR/ERVL	1372	+	118	53210812	5899
chr4	53204913	53404913	harbor1	chr4	53210938	53210962	LTR/ERVL	3184	+	12	53210950	6037
chr4	53204913	53404913	harbor1	chr4	53211257	53211777	LTR/ERVL	3184	+	260	53211517	6604
chr4	53204913	53404913	harbor1	chr4	53235997	53236364	LTR/ERVL	2313	+	184	53236181	31268
chr4	122433307	122633307	harbor1	chr4	122528046	122528080	LTR/ERVL	686	+	17	122528063	94756
chr4	122433307	122633307	harbor1	chr4	122528458	122528526	LTR/ERVL	686	+	34	122528492	95185
chr4	122433307	122633307	harbor1	chr4	122531138	122531504	LTR/ERVL	2153	+	183	122531321	98014
chr4	122433307	122633307	harbor1	chr4	122531505	122531637	LTR/ERVL	620	+	66	122531571	98264
chr4	31741690	31941690	harbor1	chr4	31761956	31762166	LTR/ERVL	574	+	105	31762061	20371
chr4	66816175	67016175	harbor1	chr4	66865693	66866090	LTR/ERVL	818	+	198	66865891	49716
chr4	66816175	67016175	harbor1	chr4	66914963	66915371	LTR/ERVL	954	+	204	66915167	98992
chr4	66816175	67016175	harbor1	chr4	66915744	66915917	LTR/ERVL	1114	+	86	66915830	99655
chr4	173923504	174123504	harbor1	chr4	173999215	173999616	LTR/ERVL	871	+	200	173999415	75911
chr4	173923504	174123504	harbor1	chr4	173999629	173999900	LTR/ERVL	1145	+	136	173999765	76261
chr4	173923504	174123504	harbor1	chr4	174000055	174000211	LTR/ERVL	642	+	78	174000133	76629
chr4	33702504	33902504	harbor1	chr4	33763380	33763951	LTR/ERVL	2086	+	286	33763666	61162
chr4	172651186	172851186	harbor1	chr4	172659611	172659990	LTR/ERVL	1236	+	190	172659801	8615
chr4	172651186	172851186	harbor1	chr4	172661017	172661458	LTR/ERVL	1885	+	220	172661237	10051
chr4	89605590	89805590	harbor1	chr4	89629677	89630026	LTR/ERVL	1037	+	174	89629851	24261
chr4	89605590	89805590	harbor1	chr4	89687392	89687819	LTR/ERVL	906	+	214	89687606	82016
chr4	89605590	89805590	harbor1	chr4	89688002	89688442	LTR/ERVL	1756	+	220	89688222	82632
chr4	3428470	3628470	harbor1	chr4	3453754	3453895	LTR/ERVL	678	+	70	3453824	25354
chr4	3428470	3628470	harbor1	chr4	3453908	3454348	LTR/ERVL	3153	+	220	3454128	25658
chr4	3428470	3628470	harbor1	chr4	3454349	3456213	LTR/ERVL	38802	+	932	3455281	26811
chr4	3428470	3628470	harbor1	chr4	3458732	3460384	LTR/ERVL	38802	+	826	3459558	31088
chr4	3428470	3628470	harbor1	chr4	3456524	3458303	LTR/ERVL	38802	+	890	3457414	28944
chr4	174662017	174862017	harbor1	chr4	174666469	174666739	LTR/ERVL	641	+	135	174666604	4587
chr4	174662017	174862017	harbor1	chr4	174666782	174666919	LTR/ERVL	641	+	68	174666850	4833
chr4	174662017	174862017	harbor1	chr4	174667341	174667533	LTR/ERVL	472	+	96	174667437	5420
chr4	174662017	174862017	harbor1	chr4	174720547	174720755	LTR/ERVL	730	+	104	174720651	58634
chr4	174662017	174862017	harbor1	chr4	174733357	174733878	LTR/ERVL	1396	+	260	174733617	71600
chr4	174662017	174862017	harbor1	chr4	174748799	174749343	LTR/ERVL	841	+	272	174749071	87054
chr4	174662017	174862017	harbor1	chr4	174749466	174750006	LTR/ERVL	691	+	270	174749736	87719
chr4	174662017	174862017	harbor1	chr4	174750131	174750717	LTR/ERVL	706	+	293	174750424	88407
chr4	22340424	22540424	harbor1	chr4	22340590	22342142	LTR/ERVL	10343	+	776	22341366	942
chr4	114921141	115121141	harbor1	chr4	114928546	114929038	LTR/ERVL	1648	+	246	114928792	7651
chr4	114921141	115121141	harbor1	chr4	114941712	114941898	LTR/ERVL	620	+	93	114941805	20664
chr4	114921141	115121141	harbor1	chr4	114944103	114944531	LTR/ERVL	737	+	214	114944317	23176
chr4	114921141	115121141	harbor1	chr4	115019332	115019648	LTR/ERVL	786	+	158	115019490	98349
chr4	114921141	115121141	harbor1	chr4	115013416	115016984	LTR/ERVL	17244	+	1784	115015200	94059
chr4	88909884	89109884	harbor1	chr4	88912095	88912556	LTR/ERVL	2537	+	230	88912325	2441
chr4	88909884	89109884	harbor1	chr4	88912605	88912634	LTR/ERVL	2537	+	14	88912619	2735
chr4	88909884	89109884	harbor1	chr4	88982943	88983223	LTR/ERVL	705	+	140	88983083	73199
chr4	88909884	89109884	harbor1	chr4	88995270	88995811	LTR/ERVL	1967	+	270	88995540	85656
chr4	76221191	76421191	harbor1	chr4	76220843	76221335	LTR/ERVL	994	+	246	76221089	102
chr4	76221191	76421191	harbor1	chr4	76221928	76222015	LTR/ERVL	994	+	44	76221972	781
chr4	76221191	76421191	harbor1	chr4	76265514	76265796	LTR/ERVL	764	+	141	76265655	44464
chr4	76221191	76421191	harbor1	chr4	76292597	76292683	LTR/ERVL	417	+	43	76292640	71449
chr4	24634283	24834283	harbor1	chr4	24647642	24647744	LTR/ERVL	615	+	51	24647693	13410
chr4	24634283	24834283	harbor1	chr4	24648054	24648425	LTR/ERVL	615	+	186	24648240	13957
chr4	24634283	24834283	harbor1	chr4	24666854	24667206	LTR/ERVL	1243	+	176	24667030	32747
chr4	24634283	24834283	harbor1	chr4	24729073	24729531	LTR/ERVL	2455	+	229	24729302	95019
chr4	122482770	122682770	harbor1	chr4	122528046	122528080	LTR/ERVL	686	+	17	122528063	45293
chr4	122482770	122682770	harbor1	chr4	122528458	122528526	LTR/ERVL	686	+	34	122528492	45722
chr4	122482770	122682770	harbor1	chr4	122531138	122531504	LTR/ERVL	2153	+	183	122531321	48551
chr4	122482770	122682770	harbor1	chr4	122531505	122531637	LTR/ERVL	620	+	66	122531571	48801
chr4	122482770	122682770	harbor1	chr4	122537981	122538522	LTR/ERVL	1714	+	270	122538251	55481
chr4	122482770	122682770	harbor1	chr4	122555318	122555824	LTR/ERVL	995	+	253	122555571	72801
chr4	136325228	136525228	harbor1	chr4	136335249	136335750	LTR/ERVL	3072	+	250	136335499	10271
chr4	136325228	136525228	harbor1	chr4	136380419	136380506	LTR/ERVL	1553	+	44	136380463	55235
chr4	136325228	136525228	harbor1	chr4	136380923	136381142	LTR/ERVL	1553	+	110	136381033	55805
chr4	136325228	136525228	harbor1	chr4	136381182	136381341	LTR/ERVL	827	+	80	136381262	56034
chr4	136325228	136525228	harbor1	chr4	136381627	136382368	LTR/ERVL	4325	+	370	136381997	56769
chr4	136325228	136525228	harbor1	chr4	136382365	136383058	LTR/ERVL	3131	+	346	136382711	57483
chr4	136325228	136525228	harbor1	chr4	136383067	136383512	LTR/ERVL	1473	+	222	136383289	58061
chr4	103536203	103736203	harbor1	chr4	103548863	103549020	LTR/ERVL	449	+	78	103548941	12738
chr4	171028070	171228070	harbor1	chr4	171031810	171032074	LTR/ERVL	495	+	132	171031942	3872
chr4	171028070	171228070	harbor1	chr4	171082899	171083212	LTR/ERVL	743	+	156	171083055	54985
chr4	171028070	171228070	harbor1	chr4	171090688	171091025	LTR/ERVL	618	+	168	171090856	62786
chr4	171028070	171228070	harbor1	chr4	171122070	171122315	LTR/ERVL	493	+	122	171122192	94122
chr4	171028070	171228070	harbor1	chr4	171122611	171122727	LTR/ERVL	493	+	58	171122669	94599
chr4	171028070	171228070	harbor1	chr4	171123208	171123620	LTR/ERVL	640	+	206	171123414	95344
chr4	52664284	52864284	harbor1	chr4	52746895	52746946	LTR/ERVL	1315	+	26	52746921	82637
chr4	52664284	52864284	harbor1	chr4	52747261	52747548	LTR/ERVL	1315	+	144	52747405	83121
chr4	52664284	52864284	harbor1	chr4	52756898	52757075	LTR/ERVL	485	+	88	52756986	92702
chr4	52664284	52864284	harbor1	chr4	52757554	52757766	LTR/ERVL	556	+	106	52757660	93376
chr4	52664284	52864284	harbor1	chr4	52762979	52763134	LTR/ERVL	430	+	78	52763057	98773
chr4	52664284	52864284	harbor1	chr4	52756275	52756650	LTR/ERVL	1142	+	188	52756463	92179
chr4	164239654	164439654	harbor1	chr4	164293824	164294363	LTR/ERVL	1976	+	270	164294094	54440
chr4	71190398	71390398	harbor1	chr4	71214399	71214563	LTR/ERVL	600	+	82	71214481	24083
chr4	111728081	111928081	harbor1	chr4	111809282	111809889	LTR/ERVL	2298	+	304	111809586	81505
chr4	111728081	111928081	harbor1	chr4	111822525	111822760	LTR/ERVL	1448	+	118	111822643	94562
chr4	111728081	111928081	harbor1	chr4	111823046	111823445	LTR/ERVL	1448	+	200	111823246	95165
chr4	121032894	121232894	harbor1	chr4	121049181	121049639	LTR/ERVL	1978	+	229	121049410	16516
chr4	121032894	121232894	harbor1	chr4	121084437	121085021	LTR/ERVL	1240	+	292	121084729	51835
chr4	121032894	121232894	harbor1	chr4	121121837	121122310	LTR/ERVL	1503	+	236	121122073	89179
chr4	145326562	145526562	harbor1	chr4	145363669	145363761	LTR/ERVL	532	+	46	145363715	37153
chr4	62636841	62836841	harbor1	chr4	62661948	62662527	LTR/ERVL	1421	+	290	62662238	25397
chr4	62636841	62836841	harbor1	chr4	62705960	62706790	LTR/ERVL	3097	+	415	62706375	69534
chr4	32833478	33033478	harbor1	chr4	32865771	32865979	LTR/ERVL	684	+	104	32865875	32397
chr4	32833478	33033478	harbor1	chr4	32882980	32883347	LTR/ERVL	537	+	184	32883164	49686
chr4	32833478	33033478	harbor1	chr4	32865957	32866586	LTR/ERVL	2826	+	314	32866271	32793
chr4	9586484	9786484	harbor1	chr4	9610796	9610905	LTR/ERVL	1178	+	54	9610850	24366
chr4	9586484	9786484	harbor1	chr4	9611206	9611511	LTR/ERVL	1178	+	152	9611358	24874
chr4	24602274	24802274	harbor1	chr4	24607148	24607750	LTR/ERVL	1972	+	301	24607449	5175
chr4	24602274	24802274	harbor1	chr4	24607821	24607900	LTR/ERVL	916	+	40	24607861	5587
chr4	24602274	24802274	harbor1	chr4	24608211	24608701	LTR/ERVL	916	+	245	24608456	6182
chr4	24602274	24802274	harbor1	chr4	24608889	24609416	LTR/ERVL	1355	+	264	24609153	6879
chr4	24602274	24802274	harbor1	chr4	24610213	24610742	LTR/ERVL	1577	+	264	24610477	8203
chr4	24602274	24802274	harbor1	chr4	24611157	24611453	LTR/ERVL	1575	+	148	24611305	9031
chr4	24602274	24802274	harbor1	chr4	24611734	24611869	LTR/ERVL	1585	+	68	24611802	9528
chr4	24602274	24802274	harbor1	chr4	24647642	24647744	LTR/ERVL	615	+	51	24647693	45419
chr4	24602274	24802274	harbor1	chr4	24648054	24648425	LTR/ERVL	615	+	186	24648240	45966
chr4	24602274	24802274	harbor1	chr4	24666854	24667206	LTR/ERVL	1243	+	176	24667030	64756
chr4	135566888	135766888	harbor1	chr4	135634840	135635290	LTR/ERVL	3178	+	225	135635065	68177
chr4	16404468	16604468	harbor1	chr4	16420861	16421163	LTR/ERVL	668	+	151	16421012	16544
chr4	16404468	16604468	harbor1	chr4	16423625	16424035	LTR/ERVL	2027	+	205	16423830	19362
chr4	16404468	16604468	harbor1	chr4	16457348	16457588	LTR/ERVL	631	+	120	16457468	53000
chr4	16404468	16604468	harbor1	chr4	16464224	16464566	LTR/ERVL	826	+	171	16464395	59927
chr4	16404468	16604468	harbor1	chr4	16500023	16500302	LTR/ERVL	435	+	140	16500163	95695
chr4	16404468	16604468	harbor1	chr4	16500949	16501423	LTR/ERVL	2800	+	237	16501186	96718
chr4	44527873	44727873	harbor1	chr4	44535350	44535769	LTR/ERVL	1845	+	210	44535560	7687
chr4	44527873	44727873	harbor1	chr4	44536083	44536257	LTR/ERVL	1845	+	87	44536170	8297
chr4	44527873	44727873	harbor1	chr4	44554890	44555442	LTR/ERVL	2591	+	276	44555166	27293
chr4	44527873	44727873	harbor1	chr4	44555448	44555642	LTR/ERVL	483	+	97	44555545	27672
chr4	44527873	44727873	harbor1	chr4	44555720	44555909	LTR/ERVL	613	+	94	44555814	27941
chr4	44527873	44727873	harbor1	chr4	44558822	44559028	LTR/ERVL	817	+	103	44558925	31052
chr4	32934290	33134290	harbor1	chr4	32968765	32969308	LTR/ERVL	1786	+	272	32969037	34747
chr4	32934290	33134290	harbor1	chr4	32985027	32985287	LTR/ERVL	540	+	130	32985157	50867
chr4	12388433	12588433	harbor1	chr4	12406434	12406639	LTR/ERVL	477	+	102	12406536	18103
chr4	12388433	12588433	harbor1	chr4	12408246	12409103	LTR/ERVL	661	+	428	12408674	20241
chr4	12388433	12588433	harbor1	chr4	12409633	12410598	LTR/ERVL	1780	+	482	12410115	21682
chr4	12388433	12588433	harbor1	chr4	12410959	12411561	LTR/ERVL	1780	+	301	12411260	22827
chr4	12388433	12588433	harbor1	chr4	12411737	12412007	LTR/ERVL	554	+	135	12411872	23439
chr4	12388433	12588433	harbor1	chr4	12434311	12434515	LTR/ERVL	425	+	102	12434413	45980
chr4	12388433	12588433	harbor1	chr4	12435084	12435363	LTR/ERVL	428	+	140	12435224	46791
chr4	12388433	12588433	harbor1	chr4	12452318	12452507	LTR/ERVL	428	+	94	12452412	63979
chr4	12388433	12588433	harbor1	chr4	12452512	12452879	LTR/ERVL	533	+	184	12452696	64263
chr4	12388433	12588433	harbor1	chr4	12452870	12453194	LTR/ERVL	573	+	162	12453032	64599
chr4	12388433	12588433	harbor1	chr4	12454470	12454906	LTR/ERVL	978	+	218	12454688	66255
chr4	27699988	27899988	harbor1	chr4	27733855	27734054	LTR/ERVL	474	+	100	27733955	33967
chr4	27699988	27899988	harbor1	chr4	27734061	27734456	LTR/ERVL	706	+	198	27734259	34271
chr4	27699988	27899988	harbor1	chr4	27734537	27735043	LTR/ERVL	750	+	253	27734790	34802
chr4	27699988	27899988	harbor1	chr4	27735072	27735255	LTR/ERVL	750	+	92	27735164	35176
chr4	27699988	27899988	harbor1	chr4	27735776	27735908	LTR/ERVL	406	+	66	27735842	35854
chr4	27699988	27899988	harbor1	chr4	27736453	27736910	LTR/ERVL	1196	+	228	27736681	36693
chr4	37503265	37703265	harbor1	chr4	37538973	37539375	LTR/ERVL	2283	+	201	37539174	35909
chr4	37503265	37703265	harbor1	chr4	37539668	37539765	LTR/ERVL	2283	+	48	37539716	36451
chr4	37503265	37703265	harbor1	chr4	37565729	37566168	LTR/ERVL	3319	+	220	37565949	62684
chr4	134887308	135087308	harbor1	chr4	134975815	134976138	LTR/ERVL	1186	+	162	134975977	88669
chr4	134887308	135087308	harbor1	chr4	134976178	134976249	LTR/ERVL	1186	+	36	134976214	88906
chr4	134887308	135087308	harbor1	chr4	134986507	134986959	LTR/ERVL	3167	+	226	134986733	99425
chr4	134887308	135087308	harbor1	chr4	134986960	134987071	LTR/ERVL	774	+	56	134987016	99708
chr5	167109941	167309941	harbor1	chr5	167202679	167202935	LTR/ERVL	630	+	128	167202807	92866
chr5	44727948	44927948	harbor1	chr5	44753305	44754030	LTR/ERVL	3919	+	362	44753667	25719
chr5	44727948	44927948	harbor1	chr5	44821992	44822455	LTR/ERVL	1636	+	232	44822224	94276
chr5	9059748	9259748	harbor1	chr5	9127263	9127649	LTR/ERVL	1946	+	193	9127456	67708
chr5	9059748	9259748	harbor1	chr5	9148380	9148712	LTR/ERVL	1097	+	166	9148546	88798
chr5	9059748	9259748	harbor1	chr5	9149019	9149169	LTR/ERVL	1097	+	75	9149094	89346
chr5	148364371	148564371	harbor1	chr5	148452966	148453486	LTR/ERVL	697	+	260	148453226	88855
chr5	177550980	177750980	harbor1	chr5	177555408	177555930	LTR/ERVL	2546	+	261	177555669	4689
chr5	177550980	177750980	harbor1	chr5	177556234	177556575	LTR/ERVL	2546	+	170	177556404	5424
chr5	177550980	177750980	harbor1	chr5	177556903	177557737	LTR/ERVL	2546	+	417	177557320	6340
chr5	95433082	95633082	harbor1	chr5	95486920	95487349	LTR/ERVL	2961	+	214	95487134	54052
chr5	50410718	50610718	harbor1	chr5	50505787	50505908	LTR/ERVL	562	+	60	50505847	95129
chr5	112039980	112239980	harbor1	chr5	112040573	112040843	LTR/ERVL	591	+	135	112040708	728
chr5	112039980	112239980	harbor1	chr5	112104633	112104950	LTR/ERVL	564	+	158	112104791	64811
chr5	112039980	112239980	harbor1	chr5	112105212	112105435	LTR/ERVL	426	+	112	112105324	65344
chr5	112039980	112239980	harbor1	chr5	112105495	112105730	LTR/ERVL	549	+	118	112105613	65633
chr5	112039980	112239980	harbor1	chr5	112109261	112109715	LTR/ERVL	929	+	227	112109488	69508
chr5	112039980	112239980	harbor1	chr5	112120720	112121185	LTR/ERVL	2519	+	232	112120952	80972
chr5	96697633	96897633	harbor1	chr5	96782538	96782793	LTR/ERVL	694	+	128	96782666	85033
chr5	70055089	70255089	harbor1	chr5	70091525	70092156	LTR/ERVL	1464	+	316	70091841	36752
chr5	70055089	70255089	harbor1	chr5	70092847	70092919	LTR/ERVL	1464	+	36	70092883	37794
chr5	177516851	177716851	harbor1	chr5	177555408	177555930	LTR/ERVL	2546	+	261	177555669	38818
chr5	177516851	177716851	harbor1	chr5	177556234	177556575	LTR/ERVL	2546	+	170	177556404	39553
chr5	177516851	177716851	harbor1	chr5	177556903	177557737	LTR/ERVL	2546	+	417	177557320	40469
chr5	114862092	115062092	harbor1	chr5	114883815	114884159	LTR/ERVL	733	+	172	114883987	21895
chr5	96307567	96507567	harbor1	chr5	96353408	96353950	LTR/ERVL	2555	+	271	96353679	46112
chr5	96307567	96507567	harbor1	chr5	96375546	96375899	LTR/ERVL	1992	+	176	96375722	68155
chr5	96307567	96507567	harbor1	chr5	96375959	96375999	LTR/ERVL	1992	+	20	96375979	68412
chr5	96307567	96507567	harbor1	chr5	96402184	96402793	LTR/ERVL	2449	+	304	96402488	94921
chr5	180658311	180858311	harbor1	chr5	180696170	180696580	LTR/ERVL	1245	+	205	180696375	38064
chr5	180658311	180858311	harbor1	chr5	180744003	180744537	LTR/ERVL	1820	+	267	180744270	85959
chr5	83427109	83627109	harbor1	chr5	83450567	83451102	LTR/ERVL	1922	+	268	83450835	23726
chr5	83427109	83627109	harbor1	chr5	83451132	83451173	LTR/ERVL	1922	+	20	83451152	24043
chr5	83427109	83627109	harbor1	chr5	83465598	83466084	LTR/ERVL	1314	+	243	83465841	38732
chr5	113279058	113479058	harbor1	chr5	113335738	113335900	LTR/ERVL	1670	+	81	113335819	56761
chr5	113279058	113479058	harbor1	chr5	113336280	113336765	LTR/ERVL	1670	+	242	113336522	57464
chr5	113279058	113479058	harbor1	chr5	113336958	113337694	LTR/ERVL	963	+	368	113337326	58268
chr5	113279058	113479058	harbor1	chr5	113361564	113362126	LTR/ERVL	3221	+	281	113361845	82787
chr5	113279058	113479058	harbor1	chr5	113362745	113362874	LTR/ERVL	400	+	64	113362809	83751
chr5	171431517	171631517	harbor1	chr5	171504168	171504729	LTR/ERVL	2855	+	280	171504448	72931
chr5	164730783	164930783	harbor1	chr5	164827238	164827687	LTR/ERVL	2780	+	224	164827462	96679
chr5	164730783	164930783	harbor1	chr5	164827688	164829608	LTR/ERVL	15132	+	960	164828648	97865
chr5	164730783	164930783	harbor1	chr5	164829615	164830631	LTR/ERVL	8049	+	508	164830123	99340
chr5	104760047	104960047	harbor1	chr5	104799243	104799705	LTR/ERVL	2162	+	231	104799474	39427
chr5	104760047	104960047	harbor1	chr5	104815278	104815772	LTR/ERVL	671	+	247	104815525	55478
chr5	7109963	7309963	harbor1	chr5	7150576	7150842	LTR/ERVL	585	+	133	7150709	40746
chr5	22138530	22338530	harbor1	chr5	22161990	22162785	LTR/ERVL	3374	+	398	22162388	23858
chr5	92843353	93043353	harbor1	chr5	92847399	92847927	LTR/ERVL	977	+	264	92847663	4310
chr5	92843353	93043353	harbor1	chr5	92929831	92930397	LTR/ERVL	2613	+	283	92930114	86761
chr5	15139137	15339137	harbor1	chr5	15171693	15171884	LTR/ERVL	827	+	96	15171789	32652
chr5	15139137	15339137	harbor1	chr5	15194003	15194333	LTR/ERVL	876	+	165	15194168	55031
chr5	15139137	15339137	harbor1	chr5	15194687	15194852	LTR/ERVL	876	+	82	15194769	55632
chr5	15139137	15339137	harbor1	chr5	15219794	15219989	LTR/ERVL	724	+	98	15219892	80755
chr5	15139137	15339137	harbor1	chr5	15219990	15220162	LTR/ERVL	404	+	86	15220076	80939
chr5	51549445	51749445	harbor1	chr5	51554203	51554614	LTR/ERVL	2376	+	206	51554409	4964
chr5	51549445	51749445	harbor1	chr5	51610557	51610982	LTR/ERVL	2112	+	212	51610769	61324
chr5	51549445	51749445	harbor1	chr5	51612698	51613072	LTR/ERVL	1181	+	187	51612885	63440
chr5	95975372	96175372	harbor1	chr5	96015879	96016282	LTR/ERVL	1254	+	202	96016081	40709
chr5	95975372	96175372	harbor1	chr5	96058097	96058512	LTR/ERVL	1248	+	208	96058305	82933
chr5	95975372	96175372	harbor1	chr5	96058609	96058808	LTR/ERVL	471	+	100	96058709	83337
chr5	95975372	96175372	harbor1	chr5	96061173	96061393	LTR/ERVL	4164	+	110	96061283	85911
chr5	95975372	96175372	harbor1	chr5	96061399	96061644	LTR/ERVL	590	+	122	96061521	86149
chr5	95975372	96175372	harbor1	chr5	96061681	96061952	LTR/ERVL	866	+	136	96061817	86445
chr5	95975372	96175372	harbor1	chr5	96061978	96063059	LTR/ERVL	2453	+	540	96062518	87146
chr5	95975372	96175372	harbor1	chr5	96063132	96063559	LTR/ERVL	1457	+	214	96063346	87974
chr5	95975372	96175372	harbor1	chr5	96059272	96060780	LTR/ERVL	4164	+	754	96060026	84654
chr5	22925057	23125057	harbor1	chr5	22935388	22935731	LTR/ERVL	1995	+	172	22935560	10503
chr5	22925057	23125057	harbor1	chr5	22944988	22945214	LTR/ERVL	582	+	113	22945101	20044
chr5	22925057	23125057	harbor1	chr5	22945236	22945418	LTR/ERVL	487	+	91	22945327	20270
chr5	22925057	23125057	harbor1	chr5	22945714	22946981	LTR/ERVL	3594	+	634	22946348	21291
chr5	22925057	23125057	harbor1	chr5	22947095	22947289	LTR/ERVL	473	+	97	22947192	22135
chr5	22925057	23125057	harbor1	chr5	22961795	22962231	LTR/ERVL	870	+	218	22962013	36956
chr5	22925057	23125057	harbor1	chr5	23003787	23004196	LTR/ERVL	868	+	204	23003991	78934
chr5	22925057	23125057	harbor1	chr5	23024166	23024439	LTR/ERVL	557	+	136	23024302	99245
chr5	99621094	99821094	harbor1	chr5	99654001	99654123	LTR/ERVL	668	+	61	99654062	32968
chr5	99621094	99821094	harbor1	chr5	99662073	99662376	LTR/ERVL	475	+	152	99662225	41131
chr5	75317080	75517080	harbor1	chr5	75318405	75318981	LTR/ERVL	4864	+	288	75318693	1613
chr5	75317080	75517080	harbor1	chr5	75327403	75327912	LTR/ERVL	878	+	254	75327657	10577
chr5	33444330	33644330	harbor1	chr5	33468912	33469461	LTR/ERVL	1852	+	274	33469186	24856
chr5	33444330	33644330	harbor1	chr5	33534095	33534433	LTR/ERVL	1009	+	169	33534264	89934
chr5	123076963	123276963	harbor1	chr5	123164727	123165114	LTR/ERVL	800	+	194	123164921	87958
chr5	60655448	60855448	harbor1	chr5	60670640	60670835	LTR/ERVL	660	+	98	60670738	15290
chr5	60655448	60855448	harbor1	chr5	60670838	60671296	LTR/ERVL	1748	+	229	60671067	15619
chr5	60655448	60855448	harbor1	chr5	60671414	60671772	LTR/ERVL	995	+	179	60671593	16145
chr5	43783044	43983044	harbor1	chr5	43799747	43800203	LTR/ERVL	1195	+	228	43799975	16931
chr5	43783044	43983044	harbor1	chr5	43857495	43857645	LTR/ERVL	593	+	75	43857570	74526
chr5	43783044	43983044	harbor1	chr5	43863867	43864345	LTR/ERVL	1574	+	239	43864106	81062
chr5	43783044	43983044	harbor1	chr5	43880928	43881297	LTR/ERVL	931	+	184	43881112	98068
chr5	43783044	43983044	harbor1	chr5	43859464	43860242	LTR/ERVL	2771	+	389	43859853	76809
chr5	111051662	111251662	harbor1	chr5	111148547	111148921	LTR/ERVL	2079	+	187	111148734	97072
chr5	111051662	111251662	harbor1	chr5	111149228	111149336	LTR/ERVL	2079	+	54	111149282	97620
chr5	118312744	118512744	harbor1	chr5	118368861	118369416	LTR/ERVL	1913	+	278	118369139	56395
chr5	41759133	41959133	harbor1	chr5	41800369	41800799	LTR/ERVL	660	+	215	41800584	41451
chr5	41759133	41959133	harbor1	chr5	41857415	41857804	LTR/ERVL	857	+	194	41857609	98476
chr5	98711181	98911181	harbor1	chr5	98727450	98727969	LTR/ERVL	1080	+	260	98727710	16529
chr5	65814010	66014010	harbor1	chr5	65840942	65841317	LTR/ERVL	1418	+	188	65841130	27120
chr5	65814010	66014010	harbor1	chr5	65882290	65882594	LTR/ERVL	1674	+	152	65882442	68432
chr5	101394276	101594276	harbor1	chr5	101454996	101455111	LTR/ERVL	402	+	58	101455054	60778
chr5	101394276	101594276	harbor1	chr5	101483797	101484522	LTR/ERVL	637	+	362	101484159	89883
chr5	101394276	101594276	harbor1	chr5	101484751	101484844	LTR/ERVL	570	+	46	101484797	90521
chr5	101394276	101594276	harbor1	chr5	101485169	101485268	LTR/ERVL	570	+	50	101485219	90943
chr5	101394276	101594276	harbor1	chr5	101485283	101485629	LTR/ERVL	933	+	173	101485456	91180
chr5	101394276	101594276	harbor1	chr5	101485908	101486067	LTR/ERVL	933	+	80	101485988	91712
chr5	101394276	101594276	harbor1	chr5	101486100	101486318	LTR/ERVL	815	+	109	101486209	91933
chr5	101394276	101594276	harbor1	chr5	101486357	101486566	LTR/ERVL	525	+	104	101486461	92185
chr5	101394276	101594276	harbor1	chr5	101489628	101490042	LTR/ERVL	1995	+	207	101489835	95559
chr5	101394276	101594276	harbor1	chr5	101490115	101490161	LTR/ERVL	1995	+	23	101490138	95862
chr5	27914713	28114713	harbor1	chr5	27948325	27948622	LTR/ERVL	785	+	148	27948473	33760
chr5	27914713	28114713	harbor1	chr5	27986500	27986877	LTR/ERVL	1272	+	188	27986688	71975
chr5	27914713	28114713	harbor1	chr5	27997535	27998049	LTR/ERVL	2552	+	257	27997792	83079
chr5	42277158	42477158	harbor1	chr5	42293711	42293932	LTR/ERVL	688	+	110	42293821	16663
chr5	42277158	42477158	harbor1	chr5	42311446	42311630	LTR/ERVL	829	+	92	42311538	34380
chr5	143816291	144016291	harbor1	chr5	143868187	143868413	LTR/ERVL	435	+	113	143868300	52009
chr5	143816291	144016291	harbor1	chr5	143880297	143880606	LTR/ERVL	733	+	154	143880451	64160
chr5	144083314	144283314	harbor1	chr5	144125411	144125786	LTR/ERVL	1003	+	188	144125599	42285
chr5	144083314	144283314	harbor1	chr5	144139671	144139922	LTR/ERVL	1100	+	126	144139797	56483
chr5	144083314	144283314	harbor1	chr5	144139951	144140058	LTR/ERVL	603	+	54	144140005	56691
chr5	144083314	144283314	harbor1	chr5	144179122	144179622	LTR/ERVL	2194	+	250	144179372	96058
chr5	19031826	19231826	harbor1	chr5	19113416	19114065	LTR/ERVL	1628	+	324	19113740	81914
chr5	19031826	19231826	harbor1	chr5	19129198	19129707	LTR/ERVL	886	+	254	19129452	97626
chr5	121653930	121853930	harbor1	chr5	121709302	121709370	LTR/ERVL	421	+	34	121709336	55406
chr5	121653930	121853930	harbor1	chr5	121753291	121753761	LTR/ERVL	2002	+	235	121753526	99596
chr5	128832174	129032174	harbor1	chr5	128863256	128863676	LTR/ERVL	2116	+	210	128863466	31292
chr5	115531756	115731756	harbor1	chr5	115588361	115588559	LTR/ERVL	442	+	99	115588460	56704
chr5	115531756	115731756	harbor1	chr5	115588827	115589056	LTR/ERVL	574	+	114	115588941	57185
chr5	115531756	115731756	harbor1	chr5	115604301	115605777	LTR/ERVL	3504	+	738	115605039	73283
chr5	17635028	17835028	harbor1	chr5	17693801	17693959	LTR/ERVL	635	+	79	17693880	58852
chr5	17635028	17835028	harbor1	chr5	17694424	17694715	LTR/ERVL	471	+	146	17694570	59542
chr5	17635028	17835028	harbor1	chr5	17721049	17721759	LTR/ERVL	1028	+	355	17721404	86376
chr5	32051944	32251944	harbor1	chr5	32123433	32123633	LTR/ERVL	700	+	100	32123533	71589
chr5	37872064	38072064	harbor1	chr5	37930415	37930620	LTR/ERVL	1184	+	102	37930517	58453
chr5	65171456	65371456	harbor1	chr5	65235392	65235827	LTR/ERVL	3419	+	218	65235610	64154
chr5	65171456	65371456	harbor1	chr5	65245169	65245605	LTR/ERVL	1004	+	218	65245387	73931
chr5	20148205	20348205	harbor1	chr5	20177509	20177655	LTR/ERVL	1941	+	73	20177582	29377
chr5	20148205	20348205	harbor1	chr5	20178015	20178408	LTR/ERVL	1941	+	196	20178211	30006
chr5	63242813	63442813	harbor1	chr5	63248924	63249301	LTR/ERVL	935	+	188	63249112	6299
chr5	63242813	63442813	harbor1	chr5	63284927	63285343	LTR/ERVL	878	+	208	63285135	42322
chr5	63242813	63442813	harbor1	chr5	63285374	63285526	LTR/ERVL	439	+	76	63285450	42637
chr5	63242813	63442813	harbor1	chr5	63286785	63287259	LTR/ERVL	1129	+	237	63287022	44209
chr5	63242813	63442813	harbor1	chr5	63292665	63293281	LTR/ERVL	2452	+	308	63292973	50160
chr5	63242813	63442813	harbor1	chr5	63308904	63309402	LTR/ERVL	1920	+	249	63309153	66340
chr5	114800153	115000153	harbor1	chr5	114883815	114884159	LTR/ERVL	733	+	172	114883987	83834
chr5	112236126	112436126	harbor1	chr5	112291411	112291606	LTR/ERVL	1126	+	98	112291509	55383
chr5	112236126	112436126	harbor1	chr5	112291685	112291846	LTR/ERVL	822	+	80	112291765	55639
chr5	112236126	112436126	harbor1	chr5	112291856	112291958	LTR/ERVL	689	+	51	112291907	55781
chr5	109617531	109817531	harbor1	chr5	109680865	109681403	LTR/ERVL	1072	+	269	109681134	63603
chr5	17685819	17885819	harbor1	chr5	17693801	17693959	LTR/ERVL	635	+	79	17693880	8061
chr5	17685819	17885819	harbor1	chr5	17694424	17694715	LTR/ERVL	471	+	146	17694570	8751
chr5	17685819	17885819	harbor1	chr5	17721049	17721759	LTR/ERVL	1028	+	355	17721404	35585
chr5	87820412	88020412	harbor1	chr5	87843185	87843538	LTR/ERVL	962	+	176	87843361	22949
chr5	130990269	131190269	harbor1	chr5	131058975	131059542	LTR/ERVL	2286	+	284	131059259	68990
chr5	107909962	108109962	harbor1	chr5	107925380	107925855	LTR/ERVL	1151	+	238	107925618	15656
chr5	131721269	131921269	harbor1	chr5	131812471	131813426	LTR/ERVL	11794	+	478	131812949	91680
chr5	131721269	131921269	harbor1	chr5	131813727	131813795	LTR/ERVL	11794	+	34	131813761	92492
chr5	131721269	131921269	harbor1	chr5	131814240	131814278	LTR/ERVL	11794	+	19	131814259	92990
chr5	131721269	131921269	harbor1	chr5	131814573	131815945	LTR/ERVL	11794	+	686	131815259	93990
chr5	131721269	131921269	harbor1	chr5	131815943	131816235	LTR/ERVL	1386	+	146	131816089	94820
chr5	131721269	131921269	harbor1	chr5	131816239	131816580	LTR/ERVL	1381	+	170	131816409	95140
chr5	131721269	131921269	harbor1	chr5	131816867	131817329	LTR/ERVL	2653	+	231	131817098	95829
chr5	131721269	131921269	harbor1	chr5	131817628	131817690	LTR/ERVL	2653	+	31	131817659	96390
chr5	45648147	45848147	harbor1	chr5	45708122	45708632	LTR/ERVL	811	+	255	45708377	60230
chr5	45648147	45848147	harbor1	chr5	45712256	45712613	LTR/ERVL	758	+	178	45712434	64287
chr5	45648147	45848147	harbor1	chr5	45714348	45714751	LTR/ERVL	912	+	202	45714550	66403
chr5	116224122	116424122	harbor1	chr5	116292064	116292149	LTR/ERVL	403	+	42	116292106	67984
chr5	116224122	116424122	harbor1	chr5	116304656	116305392	LTR/ERVL	2194	+	368	116305024	80902
chr5	116224122	116424122	harbor1	chr5	116305683	116305765	LTR/ERVL	2194	+	41	116305724	81602
chr5	116224122	116424122	harbor1	chr5	116318506	116318707	LTR/ERVL	575	+	100	116318606	94484
chr5	149875079	150075079	harbor1	chr5	149909465	149909631	LTR/ERVL	458	+	83	149909548	34469
chr5	149875079	150075079	harbor1	chr5	149946717	149947405	LTR/ERVL	3829	+	344	149947061	71982
chr5	24059798	24259798	harbor1	chr5	24073061	24073526	LTR/ERVL	2047	+	232	24073293	13495
chr5	24059798	24259798	harbor1	chr5	24082608	24083119	LTR/ERVL	3722	+	256	24082864	23066
chr5	24059798	24259798	harbor1	chr5	24083120	24083514	LTR/ERVL	3030	+	197	24083317	23519
chr5	24059798	24259798	harbor1	chr5	24083558	24083601	LTR/ERVL	3030	+	22	24083580	23782
chr5	24059798	24259798	harbor1	chr5	24083602	24084077	LTR/ERVL	3722	+	238	24083840	24042
chr5	24059798	24259798	harbor1	chr5	24120963	24121303	LTR/ERVL	1165	+	170	24121133	61335
chr5	24059798	24259798	harbor1	chr5	24123633	24123810	LTR/ERVL	783	+	88	24123721	63923
chr5	137122856	137322856	harbor1	chr5	137211377	137212268	LTR/ERVL	4612	+	446	137211823	88967
chr5	112647473	112847473	harbor1	chr5	112657484	112657581	LTR/ERVL	1597	+	48	112657532	10059
chr5	112647473	112847473	harbor1	chr5	112657905	112658286	LTR/ERVL	1597	+	190	112658095	10622
chr5	112647473	112847473	harbor1	chr5	112691747	112692518	LTR/ERVL	1898	+	386	112692133	44660
chr5	112647473	112847473	harbor1	chr5	112702237	112702656	LTR/ERVL	1508	+	210	112702447	54974
chr5	33107989	33307989	harbor1	chr5	33118859	33119433	LTR/ERVL	2232	+	287	33119146	11157
chr5	14631793	14831793	harbor1	chr5	14637321	14637905	LTR/ERVL	1548	+	292	14637613	5820
chr5	14631793	14831793	harbor1	chr5	14662802	14662928	LTR/ERVL	861	+	63	14662865	31072
chr5	22312254	22512254	harbor1	chr5	22347118	22347666	LTR/ERVL	2028	+	274	22347392	35138
chr5	22312254	22512254	harbor1	chr5	22398761	22399011	LTR/ERVL	572	+	125	22398886	86632
chr5	127092167	127292167	harbor1	chr5	127095527	127095760	LTR/ERVL	846	+	116	127095643	3476
chr5	127092167	127292167	harbor1	chr5	127114902	127115328	LTR/ERVL	1563	+	213	127115115	22948
chr5	127092167	127292167	harbor1	chr5	127115466	127118381	LTR/ERVL	13969	+	1458	127116924	24757
chr5	127092167	127292167	harbor1	chr5	127118763	127120113	LTR/ERVL	13969	+	675	127119438	27271
chr5	127092167	127292167	harbor1	chr5	127122430	127122711	LTR/ERVL	13969	+	140	127122570	30403
chr5	127092167	127292167	harbor1	chr5	127123013	127123399	LTR/ERVL	13969	+	193	127123206	31039
chr5	50283460	50483460	harbor1	chr5	50343880	50344205	LTR/ERVL	1165	+	162	50344042	60582
chr5	50283460	50483460	harbor1	chr5	50352445	50353017	LTR/ERVL	2495	+	286	50352731	69271
chr5	50283460	50483460	harbor1	chr5	50354639	50355182	LTR/ERVL	2694	+	272	50354911	71451
chr5	162383375	162583375	harbor1	chr5	162384384	162384520	LTR/ERVL	408	+	68	162384452	1077
chr5	162383375	162583375	harbor1	chr5	162406005	162406193	LTR/ERVL	1505	+	94	162406099	22724
chr5	162383375	162583375	harbor1	chr5	162406501	162406805	LTR/ERVL	1505	+	152	162406653	23278
chr5	162383375	162583375	harbor1	chr5	162467744	162468217	LTR/ERVL	2315	+	236	162467980	84605
chr5	162383375	162583375	harbor1	chr5	162468222	162469266	LTR/ERVL	2430	+	522	162468744	85369
chr5	162383375	162583375	harbor1	chr5	162469267	162470359	LTR/ERVL	5294	+	546	162469813	86438
chr5	162383375	162583375	harbor1	chr5	162470362	162472364	LTR/ERVL	10491	+	1001	162471363	87988
chr5	162383375	162583375	harbor1	chr5	162472370	162472476	LTR/ERVL	653	+	53	162472423	89048
chr5	162383375	162583375	harbor1	chr5	162473135	162473511	LTR/ERVL	2240	+	188	162473323	89948
chr5	25446584	25646584	harbor1	chr5	25471595	25472614	LTR/ERVL	1048	+	510	25472105	25521
chr5	25446584	25646584	harbor1	chr5	25472616	25472969	LTR/ERVL	765	+	176	25472792	26208
chr5	136067757	136267757	harbor1	chr5	136095061	136095494	LTR/ERVL	1011	+	216	136095277	27520
chr5	136067757	136267757	harbor1	chr5	136148552	136148723	LTR/ERVL	549	+	86	136148638	80881
chr5	103312636	103512636	harbor1	chr5	103399648	103400247	LTR/ERVL	2853	+	300	103399948	87312
chr5	103312636	103512636	harbor1	chr5	103401178	103402064	LTR/ERVL	3809	+	443	103401621	88985
chr5	75524268	75724268	harbor1	chr5	75601383	75601915	LTR/ERVL	2067	+	266	75601649	77381
chr5	43382296	43582296	harbor1	chr5	43401753	43402344	LTR/ERVL	1034	+	296	43402049	19753
chr5	43382296	43582296	harbor1	chr5	43413782	43413869	LTR/ERVL	552	+	44	43413826	31530
chr5	43382296	43582296	harbor1	chr5	43414035	43414605	LTR/ERVL	2340	+	285	43414320	32024
chr5	43382296	43582296	harbor1	chr5	43415717	43416040	LTR/ERVL	1885	+	162	43415879	33583
chr5	43382296	43582296	harbor1	chr5	43475912	43476497	LTR/ERVL	1325	+	292	43476204	93908
chr5	94389696	94589696	harbor1	chr5	94422896	94423331	LTR/ERVL	735	+	218	94423114	33418
chr5	94389696	94589696	harbor1	chr5	94443871	94444658	LTR/ERVL	1808	+	394	94444265	54569
chr5	44656601	44856601	harbor1	chr5	44753305	44754030	LTR/ERVL	3919	+	362	44753667	97066
chr6	148689440	148889440	harbor1	chr6	148715406	148716084	LTR/ERVL	2056	+	339	148715745	26305
chr6	148689440	148889440	harbor1	chr6	148716089	148716461	LTR/ERVL	1425	+	186	148716275	26835
chr6	8867257	9067257	harbor1	chr6	8875902	8876354	LTR/ERVL	1179	+	226	8876128	8871
chr6	8867257	9067257	harbor1	chr6	8902279	8902745	LTR/ERVL	1472	+	233	8902512	35255
chr6	27159620	27359620	harbor1	chr6	27171461	27171755	LTR/ERVL	2010	+	147	27171608	11988
chr6	27159620	27359620	harbor1	chr6	27172093	27172168	LTR/ERVL	2010	+	38	27172131	12511
chr6	27159620	27359620	harbor1	chr6	27172204	27172244	LTR/ERVL	2010	+	20	27172224	12604
chr6	27159620	27359620	harbor1	chr6	27206996	27208022	LTR/ERVL	8661	+	513	27207509	47889
chr6	27159620	27359620	harbor1	chr6	27208349	27208644	LTR/ERVL	8661	+	148	27208497	48877
chr6	27159620	27359620	harbor1	chr6	27208956	27209753	LTR/ERVL	8661	+	398	27209354	49734
chr6	15243281	15443281	harbor1	chr6	15293059	15293226	LTR/ERVL	715	+	84	15293143	49862
chr6	15243281	15443281	harbor1	chr6	15293620	15294082	LTR/ERVL	1213	+	231	15293851	50570
chr6	29529982	29729982	harbor1	chr6	29578311	29579158	LTR/ERVL	4012	+	424	29578735	48753
chr6	29529982	29729982	harbor1	chr6	29579485	29579564	LTR/ERVL	4012	+	40	29579525	49543
chr6	29529982	29729982	harbor1	chr6	29604100	29604442	LTR/ERVL	474	+	171	29604271	74289
chr6	153930576	154130576	harbor1	chr6	153931675	153931778	LTR/ERVL	701	+	52	153931727	1151
chr6	153930576	154130576	harbor1	chr6	153931770	153932015	LTR/ERVL	594	+	122	153931892	1316
chr6	153930576	154130576	harbor1	chr6	153944144	153944306	LTR/ERVL	1062	+	81	153944225	13649
chr6	153930576	154130576	harbor1	chr6	153944500	153944842	LTR/ERVL	1062	+	171	153944671	14095
chr6	153930576	154130576	harbor1	chr6	153995221	153995627	LTR/ERVL	1308	+	203	153995424	64848
chr6	153930576	154130576	harbor1	chr6	153996724	153996839	LTR/ERVL	599	+	58	153996782	66206
chr6	150209265	150409265	harbor1	chr6	150241902	150242046	LTR/ERVL	4170	+	72	150241974	32709
chr6	150209265	150409265	harbor1	chr6	150254083	150254503	LTR/ERVL	1532	+	210	150254293	45028
chr6	150209265	150409265	harbor1	chr6	150269234	150269685	LTR/ERVL	1794	+	226	150269460	60195
chr6	150209265	150409265	harbor1	chr6	150285189	150286039	LTR/ERVL	3387	+	425	150285614	76349
chr6	150209265	150409265	harbor1	chr6	150240832	150241605	LTR/ERVL	4170	+	386	150241218	31953
chr6	163018289	163218289	harbor1	chr6	163060685	163060867	LTR/ERVL	495	+	91	163060776	42487
chr6	163018289	163218289	harbor1	chr6	163061050	163061197	LTR/ERVL	511	+	74	163061124	42835
chr6	96030095	96230095	harbor1	chr6	96062906	96063204	LTR/ERVL	1007	+	149	96063055	32960
chr6	96030095	96230095	harbor1	chr6	96063619	96063672	LTR/ERVL	1007	+	26	96063645	33550
chr6	153428299	153628299	harbor1	chr6	153503727	153504221	LTR/ERVL	1940	+	247	153503974	75675
chr6	61730792	61930792	harbor1	chr6	61826215	61826554	LTR/ERVL	707	+	170	61826385	95593
chr6	61730792	61930792	harbor1	chr6	61827277	61827580	LTR/ERVL	617	+	152	61827429	96637
chr6	61730792	61930792	harbor1	chr6	61827964	61828243	LTR/ERVL	1003	+	140	61828104	97312
chr6	74419851	74619851	harbor1	chr6	74453837	74454030	LTR/ERVL	484	+	96	74453933	34082
chr6	74419851	74619851	harbor1	chr6	74454119	74454464	LTR/ERVL	627	+	172	74454291	34440
chr6	74419851	74619851	harbor1	chr6	74498343	74498686	LTR/ERVL	596	+	172	74498515	78664
chr6	74419851	74619851	harbor1	chr6	74509080	74509348	LTR/ERVL	1013	+	134	74509214	89363
chr6	7224375	7424375	harbor1	chr6	7266136	7266589	LTR/ERVL	1323	+	226	7266362	41987
chr6	7224375	7424375	harbor1	chr6	7266702	7266841	LTR/ERVL	565	+	70	7266772	42397
chr6	7224375	7424375	harbor1	chr6	7320195	7320218	LTR/ERVL	807	+	12	7320207	95832
chr6	7224375	7424375	harbor1	chr6	7320823	7321238	LTR/ERVL	807	+	208	7321031	96656
chr6	7224375	7424375	harbor1	chr6	7321545	7321597	LTR/ERVL	659	+	26	7321571	97196
chr6	7224375	7424375	harbor1	chr6	7322584	7322666	LTR/ERVL	659	+	41	7322625	98250
chr6	7224375	7424375	harbor1	chr6	7322794	7322911	LTR/ERVL	486	+	58	7322852	98477
chr6	152968030	153168030	harbor1	chr6	152988352	152988436	LTR/ERVL	449	+	42	152988394	20364
chr6	152968030	153168030	harbor1	chr6	152988570	152988883	LTR/ERVL	1074	+	156	152988726	20696
chr6	152968030	153168030	harbor1	chr6	152989009	152989276	LTR/ERVL	793	+	134	152989143	21113
chr6	98276776	98476776	harbor1	chr6	98278101	98278585	LTR/ERVL	2488	+	242	98278343	1567
chr6	25022521	25222521	harbor1	chr6	25060679	25061072	LTR/ERVL	1887	+	196	25060875	38354
chr6	25022521	25222521	harbor1	chr6	25061150	25061196	LTR/ERVL	1887	+	23	25061173	38652
chr6	25022521	25222521	harbor1	chr6	25061295	25061651	LTR/ERVL	1182	+	178	25061473	38952
chr6	62461566	62661566	harbor1	chr6	62522568	62523229	LTR/ERVL	1280	+	330	62522898	61332
chr6	62461566	62661566	harbor1	chr6	62533820	62534042	LTR/ERVL	662	+	111	62533931	72365
chr6	62461566	62661566	harbor1	chr6	62534043	62534460	LTR/ERVL	1298	+	208	62534251	72685
chr6	62461566	62661566	harbor1	chr6	62560463	62561077	LTR/ERVL	773	+	307	62560770	99204
chr6	9477553	9677553	harbor1	chr6	9486773	9486965	LTR/ERVL	782	+	96	9486869	9316
chr6	9477553	9677553	harbor1	chr6	9549336	9549669	LTR/ERVL	1351	+	166	9549502	71949
chr6	9477553	9677553	harbor1	chr6	9549766	9550098	LTR/ERVL	2604	+	166	9549932	72379
chr6	9477553	9677553	harbor1	chr6	9550149	9551824	LTR/ERVL	13582	+	838	9550987	73434
chr6	132745761	132945761	harbor1	chr6	132806659	132807052	LTR/ERVL	3039	+	196	132806855	61094
chr6	132745761	132945761	harbor1	chr6	132838077	132838259	LTR/ERVL	557	+	91	132838168	92407
chr6	132745761	132945761	harbor1	chr6	132845044	132845283	LTR/ERVL	1301	+	120	132845164	99403
chr6	132745761	132945761	harbor1	chr6	132845596	132845756	LTR/ERVL	1301	+	80	132845676	99915
chr6	117895445	118095445	harbor1	chr6	117897842	117898244	LTR/ERVL	1798	+	201	117898043	2598
chr6	161082136	161282136	harbor1	chr6	161169759	161170340	LTR/ERVL	1946	+	290	161170049	87913
chr6	113165636	113365636	harbor1	chr6	113192368	113192877	LTR/ERVL	1883	+	254	113192622	26986
chr6	6379237	6579237	harbor1	chr6	6397413	6397733	LTR/ERVL	1026	+	160	6397573	18336
chr6	6379237	6579237	harbor1	chr6	6399456	6401139	LTR/ERVL	3505	+	842	6400298	21061
chr6	6379237	6579237	harbor1	chr6	6401206	6401477	LTR/ERVL	540	+	136	6401342	22105
chr6	6379237	6579237	harbor1	chr6	6401512	6402344	LTR/ERVL	584	+	416	6401928	22691
chr6	6379237	6579237	harbor1	chr6	6402467	6402848	LTR/ERVL	714	+	190	6402657	23420
chr6	6379237	6579237	harbor1	chr6	6442158	6442286	LTR/ERVL	480	+	64	6442222	62985
chr6	6379237	6579237	harbor1	chr6	6443416	6443891	LTR/ERVL	2164	+	238	6443654	64417
chr6	6379237	6579237	harbor1	chr6	6454039	6454478	LTR/ERVL	2711	+	220	6454259	75022
chr6	6379237	6579237	harbor1	chr6	6454542	6454592	LTR/ERVL	2711	+	25	6454567	75330
chr6	163648038	163848038	harbor1	chr6	163655765	163656155	LTR/ERVL	1624	+	195	163655960	7922
chr6	163648038	163848038	harbor1	chr6	163676346	163677217	LTR/ERVL	6317	+	436	163676782	28744
chr6	163648038	163848038	harbor1	chr6	163677218	163677775	LTR/ERVL	2121	+	278	163677496	29458
chr6	163648038	163848038	harbor1	chr6	163687481	163687777	LTR/ERVL	584	+	148	163687629	39591
chr6	79859249	80059249	harbor1	chr6	79859626	79860016	LTR/ERVL	2128	+	195	79859821	572
chr6	79859249	80059249	harbor1	chr6	79864474	79865032	LTR/ERVL	1773	+	279	79864753	5504
chr6	79859249	80059249	harbor1	chr6	79902620	79903103	LTR/ERVL	722	+	242	79902862	43613
chr6	73413880	73613880	harbor1	chr6	73421611	73422177	LTR/ERVL	2126	+	283	73421894	8014
chr6	80477025	80677025	harbor1	chr6	80489321	80489735	LTR/ERVL	1796	+	207	80489528	12503
chr6	80477025	80677025	harbor1	chr6	80521976	80522347	LTR/ERVL	517	+	186	80522162	45137
chr6	108788723	108988723	harbor1	chr6	108841965	108842055	LTR/ERVL	431	+	45	108842010	53287
chr6	108788723	108988723	harbor1	chr6	108842186	108842590	LTR/ERVL	3398	+	202	108842388	53665
chr6	31571137	31771137	harbor1	chr6	31609686	31610427	LTR/ERVL	2269	+	370	31610056	38919
chr6	165141769	165341769	harbor1	chr6	165161480	165161818	LTR/ERVL	626	+	169	165161649	19880
chr6	165141769	165341769	harbor1	chr6	165178221	165178740	LTR/ERVL	2187	+	260	165178481	36712
chr6	165141769	165341769	harbor1	chr6	165182170	165182495	LTR/ERVL	2227	+	162	165182332	40563
chr6	165141769	165341769	harbor1	chr6	165194331	165194798	LTR/ERVL	3252	+	234	165194565	52796
chr6	165141769	165341769	harbor1	chr6	165194799	165196960	LTR/ERVL	16790	+	1080	165195879	54110
chr6	165141769	165341769	harbor1	chr6	165199199	165199751	LTR/ERVL	1408	+	276	165199475	57706
chr6	71573459	71773459	harbor1	chr6	71606636	71607405	LTR/ERVL	1363	+	384	71607020	33561
chr6	71573459	71773459	harbor1	chr6	71652869	71653389	LTR/ERVL	2412	+	260	71653129	79670
chr6	117705520	117905520	harbor1	chr6	117720147	117720627	LTR/ERVL	2091	+	240	117720387	14867
chr6	117705520	117905520	harbor1	chr6	117794094	117794422	LTR/ERVL	581	+	164	117794258	88738
chr6	117705520	117905520	harbor1	chr6	117797385	117797525	LTR/ERVL	614	+	70	117797455	91935
chr6	117705520	117905520	harbor1	chr6	117768114	117768391	LTR/ERVL	489	+	138	117768252	62732
chr6	88558850	88758850	harbor1	chr6	88564345	88564889	LTR/ERVL	1837	+	272	88564617	5767
chr6	88558850	88758850	harbor1	chr6	88588650	88589108	LTR/ERVL	999	+	229	88588879	30029
chr6	88558850	88758850	harbor1	chr6	88658549	88659094	LTR/ERVL	2247	+	272	88658821	99971
chr6	100740193	100940193	harbor1	chr6	100744874	100745011	LTR/ERVL	468	+	68	100744942	4749
chr6	100740193	100940193	harbor1	chr6	100830532	100830645	LTR/ERVL	455	+	56	100830588	90395
chr6	50922904	51122904	harbor1	chr6	50997553	50997951	LTR/ERVL	1635	+	199	50997752	74848
chr6	81785581	81985581	harbor1	chr6	81799860	81800293	LTR/ERVL	992	+	216	81800076	14495
chr6	81785581	81985581	harbor1	chr6	81819552	81819705	LTR/ERVL	436	+	76	81819628	34047
chr6	81785581	81985581	harbor1	chr6	81827583	81828208	LTR/ERVL	2502	+	312	81827895	42314
chr6	81785581	81985581	harbor1	chr6	81875811	81876344	LTR/ERVL	948	+	266	81876077	90496
chr6	141986311	142186311	harbor1	chr6	142031038	142031487	LTR/ERVL	1471	+	224	142031262	44951
chr6	60875370	61075370	harbor1	chr6	60970439	60971040	LTR/ERVL	2856	+	300	60970739	95369
chr6	98759920	98959920	harbor1	chr6	98769324	98769500	LTR/ERVL	418	+	88	98769412	9492
chr6	98759920	98959920	harbor1	chr6	98800961	98801428	LTR/ERVL	535	+	234	98801195	41275
chr6	98759920	98959920	harbor1	chr6	98818520	98818625	LTR/ERVL	424	+	52	98818572	58652
chr6	98759920	98959920	harbor1	chr6	98819072	98820608	LTR/ERVL	3523	+	768	98819840	59920
chr6	98759920	98959920	harbor1	chr6	98820866	98821340	LTR/ERVL	1051	+	237	98821103	61183
chr6	109462889	109662889	harbor1	chr6	109503707	109504043	LTR/ERVL	717	+	168	109503875	40986
chr6	109462889	109662889	harbor1	chr6	109504861	109504941	LTR/ERVL	717	+	40	109504901	42012
chr6	155632587	155832587	harbor1	chr6	155638650	155638963	LTR/ERVL	1368	+	156	155638806	6219
chr6	155632587	155832587	harbor1	chr6	155639559	155639739	LTR/ERVL	725	+	90	155639649	7062
chr6	155632587	155832587	harbor1	chr6	155667820	155668361	LTR/ERVL	2135	+	270	155668090	35503
chr6	140403	340403	harbor1	chr6	185348	185690	LTR/ERVL	625	+	171	185519	45116
chr6	167063438	167263438	harbor1	chr6	167065886	167066706	LTR/ERVL	4685	+	410	167066296	2858
chr6	167063438	167263438	harbor1	chr6	167075419	167075549	LTR/ERVL	488	+	65	167075484	12046
chr6	167063438	167263438	harbor1	chr6	167076316	167076748	LTR/ERVL	743	+	216	167076532	13094
chr6	54694823	54894823	harbor1	chr6	54707339	54707791	LTR/ERVL	774	+	226	54707565	12742
chr6	102529509	102729509	harbor1	chr6	102570717	102571035	LTR/ERVL	446	+	159	102570876	41367
chr6	102529509	102729509	harbor1	chr6	102571043	102571557	LTR/ERVL	1349	+	257	102571300	41791
chr6	102529509	102729509	harbor1	chr6	102588495	102588631	LTR/ERVL	555	+	68	102588563	59054
chr6	102529509	102729509	harbor1	chr6	102606638	102607091	LTR/ERVL	2212	+	226	102606864	77355
chr6	102529509	102729509	harbor1	chr6	102611188	102611541	LTR/ERVL	1581	+	176	102611364	81855
chr6	102529509	102729509	harbor1	chr6	102613420	102613571	LTR/ERVL	479	+	76	102613496	83987
chr6	102529509	102729509	harbor1	chr6	102618171	102618559	LTR/ERVL	550	+	194	102618365	88856
chr6	102529509	102729509	harbor1	chr6	102619011	102619160	LTR/ERVL	433	+	74	102619085	89576
chr6	113974501	114174501	harbor1	chr6	113974900	113975101	LTR/ERVL	1242	+	100	113975000	499
chr6	113974501	114174501	harbor1	chr6	113975161	113975394	LTR/ERVL	1242	+	116	113975277	776
chr6	113974501	114174501	harbor1	chr6	113976148	113976308	LTR/ERVL	572	+	80	113976228	1727
chr6	113974501	114174501	harbor1	chr6	113976529	113976827	LTR/ERVL	1234	+	149	113976678	2177
chr6	44780389	44980389	harbor1	chr6	44784804	44785041	LTR/ERVL	946	+	118	44784922	4533
chr6	44780389	44980389	harbor1	chr6	44811346	44811454	LTR/ERVL	615	+	54	44811400	31011
chr6	44780389	44980389	harbor1	chr6	44811468	44812006	LTR/ERVL	1664	+	269	44811737	31348
chr6	44780389	44980389	harbor1	chr6	44814279	44814643	LTR/ERVL	2611	+	182	44814461	34072
chr6	44780389	44980389	harbor1	chr6	44823451	44823679	LTR/ERVL	1422	+	114	44823565	43176
chr6	44780389	44980389	harbor1	chr6	44823991	44824265	LTR/ERVL	1422	+	137	44824128	43739
chr6	44780389	44980389	harbor1	chr6	44810227	44810598	LTR/ERVL	1788	+	186	44810413	30024
chr6	25548072	25748072	harbor1	chr6	25621709	25622184	LTR/ERVL	1516	+	238	25621947	73875
chr6	25548072	25748072	harbor1	chr6	25629210	25629637	LTR/ERVL	1784	+	214	25629424	81352
chr6	453657	653657	harbor1	chr6	551963	552426	LTR/ERVL	1367	+	232	552195	98538
chr6	30123827	30323827	harbor1	chr6	30219247	30219616	LTR/ERVL	1458	+	184	30219431	95604
chr6	99732432	99932432	harbor1	chr6	99736375	99736852	LTR/ERVL	1140	+	238	99736613	4181
chr6	99732432	99932432	harbor1	chr6	99807732	99807992	LTR/ERVL	796	+	130	99807862	75430
chr6	99732432	99932432	harbor1	chr6	99818766	99819258	LTR/ERVL	2147	+	246	99819012	86580
chr6	99732432	99932432	harbor1	chr6	99819556	99819579	LTR/ERVL	1929	+	12	99819568	87136
chr6	99732432	99932432	harbor1	chr6	99821247	99821752	LTR/ERVL	1522	+	252	99821499	89067
chr6	3943555	4143555	harbor1	chr6	3992052	3992475	LTR/ERVL	1853	+	212	3992264	48709
chr6	3943555	4143555	harbor1	chr6	3993326	3993663	LTR/ERVL	1227	+	168	3993494	49939
chr6	3943555	4143555	harbor1	chr6	4003550	4003899	LTR/ERVL	541	+	174	4003724	60169
chr6	24247705	24447705	harbor1	chr6	24261384	24261797	LTR/ERVL	878	+	206	24261590	13885
chr6	48375001	48575001	harbor1	chr6	48404150	48404484	LTR/ERVL	484	+	167	48404317	29316
chr6	48375001	48575001	harbor1	chr6	48414795	48415234	LTR/ERVL	724	+	220	48415015	40014
chr6	138798632	138998632	harbor1	chr6	138815100	138815834	LTR/ERVL	1713	+	367	138815467	16835
chr6	138798632	138998632	harbor1	chr6	138896359	138896605	LTR/ERVL	941	+	123	138896482	97850
chr6	54697121	54897121	harbor1	chr6	54707339	54707791	LTR/ERVL	774	+	226	54707565	10444
chr6	71028237	71228237	harbor1	chr6	71091057	71091615	LTR/ERVL	1898	+	279	71091336	63099
chr6	71028237	71228237	harbor1	chr6	71102904	71103078	LTR/ERVL	539	+	87	71102991	74754
chr6	71028237	71228237	harbor1	chr6	71127366	71127803	LTR/ERVL	1454	+	218	71127584	99347
chr6	7229988	7429988	harbor1	chr6	7266136	7266589	LTR/ERVL	1323	+	226	7266362	36374
chr6	7229988	7429988	harbor1	chr6	7266702	7266841	LTR/ERVL	565	+	70	7266772	36784
chr6	7229988	7429988	harbor1	chr6	7320195	7320218	LTR/ERVL	807	+	12	7320207	90219
chr6	7229988	7429988	harbor1	chr6	7320823	7321238	LTR/ERVL	807	+	208	7321031	91043
chr6	7229988	7429988	harbor1	chr6	7321545	7321597	LTR/ERVL	659	+	26	7321571	91583
chr6	7229988	7429988	harbor1	chr6	7322584	7322666	LTR/ERVL	659	+	41	7322625	92637
chr6	7229988	7429988	harbor1	chr6	7322794	7322911	LTR/ERVL	486	+	58	7322852	92864
chr6	125933489	126133489	harbor1	chr6	125983221	125983561	LTR/ERVL	492	+	170	125983391	49902
chr6	3113258	3313258	harbor1	chr6	3184165	3184518	LTR/ERVL	1323	+	176	3184341	71083
chr6	3113258	3313258	harbor1	chr6	3184531	3184979	LTR/ERVL	1402	+	224	3184755	71497
chr6	3113258	3313258	harbor1	chr6	3184993	3185169	LTR/ERVL	1538	+	88	3185081	71823
chr6	3113258	3313258	harbor1	chr6	3185476	3185740	LTR/ERVL	1538	+	132	3185608	72350
chr6	3113258	3313258	harbor1	chr6	3185820	3187273	LTR/ERVL	5897	+	726	3186546	73288
chr6	3113258	3313258	harbor1	chr6	3188331	3189089	LTR/ERVL	5897	+	379	3188710	75452
chr6	3113258	3313258	harbor1	chr6	3189394	3189578	LTR/ERVL	3008	+	92	3189486	76228
chr6	3113258	3313258	harbor1	chr6	3190121	3190800	LTR/ERVL	2508	+	340	3190461	77203
chr6	107600402	107800402	harbor1	chr6	107683518	107683817	LTR/ERVL	468	+	150	107683668	83266
chr6	107600402	107800402	harbor1	chr6	107684116	107684260	LTR/ERVL	468	+	72	107684188	83786
chr6	24052026	24252026	harbor1	chr6	24056648	24056979	LTR/ERVL	1489	+	166	24056814	4788
chr6	24052026	24252026	harbor1	chr6	24072021	24072271	LTR/ERVL	971	+	125	24072146	20120
chr6	24052026	24252026	harbor1	chr6	24072340	24072615	LTR/ERVL	1004	+	138	24072478	20452
chr6	6773892	6973892	harbor1	chr6	6805623	6805991	LTR/ERVL	572	+	184	6805807	31915
chr6	6773892	6973892	harbor1	chr6	6839460	6839858	LTR/ERVL	497	+	199	6839659	65767
chr6	22614550	22814550	harbor1	chr6	22641103	22641535	LTR/ERVL	3292	+	216	22641319	26769
chr6	22614550	22814550	harbor1	chr6	22684120	22684515	LTR/ERVL	1361	+	198	22684318	69768
chr6	22614550	22814550	harbor1	chr6	22687064	22687552	LTR/ERVL	2008	+	244	22687308	72758
chr6	83311936	83511936	harbor1	chr6	83310608	83312525	LTR/ERVL	3956	+	958	83311566	370
chr6	83311936	83511936	harbor1	chr6	83341025	83341465	LTR/ERVL	1766	+	220	83341245	29309
chr6	83311936	83511936	harbor1	chr6	83357517	83357935	LTR/ERVL	3335	+	209	83357726	45790
chr6	83311936	83511936	harbor1	chr6	83357975	83358014	LTR/ERVL	3335	+	20	83357995	46059
chr6	83311936	83511936	harbor1	chr6	83358054	83358868	LTR/ERVL	6534	+	407	83358461	46525
chr6	83311936	83511936	harbor1	chr6	83364005	83364446	LTR/ERVL	3465	+	220	83364225	52289
chr6	83311936	83511936	harbor1	chr6	83381020	83381395	LTR/ERVL	773	+	188	83381208	69272
chr6	83311936	83511936	harbor1	chr6	83382816	83383121	LTR/ERVL	1441	+	152	83382968	71032
chr6	83311936	83511936	harbor1	chr6	83401633	83403265	LTR/ERVL	9855	+	816	83402449	90513
chr6	83311936	83511936	harbor1	chr6	83406640	83406971	LTR/ERVL	1158	+	166	83406806	94870
chr6	83311936	83511936	harbor1	chr6	83407005	83407044	LTR/ERVL	1158	+	20	83407025	95089
chr6	83311936	83511936	harbor1	chr6	83359227	83364004	LTR/ERVL	32036	+	2388	83361615	49679
chr6	135902251	136102251	harbor1	chr6	135941328	135941673	LTR/ERVL	1279	+	172	135941500	39249
chr6	85001241	85201241	harbor1	chr6	85017394	85017612	LTR/ERVL	464	+	109	85017503	16262
chr6	85001241	85201241	harbor1	chr6	85018163	85018294	LTR/ERVL	464	+	66	85018229	16988
chr6	85001241	85201241	harbor1	chr6	85034785	85035213	LTR/ERVL	1008	+	214	85034999	33758
chr6	85001241	85201241	harbor1	chr6	85081246	85081668	LTR/ERVL	1693	+	211	85081457	80216
chr6	70568469	70768469	harbor1	chr6	70596159	70596547	LTR/ERVL	1587	+	194	70596353	27884
chr6	70568469	70768469	harbor1	chr6	70601050	70601556	LTR/ERVL	3222	+	253	70601303	32834
chr6	70568469	70768469	harbor1	chr6	70601731	70601904	LTR/ERVL	720	+	86	70601817	33348
chr6	70568469	70768469	harbor1	chr6	70616744	70617289	LTR/ERVL	2196	+	272	70617016	48547
chr6	70568469	70768469	harbor1	chr6	70623936	70624326	LTR/ERVL	1565	+	195	70624131	55662
chr6	134023350	134223350	harbor1	chr6	134023872	134024403	LTR/ERVL	855	+	266	134024138	788
chr6	134023350	134223350	harbor1	chr6	134066903	134067342	LTR/ERVL	3595	+	220	134067123	43773
chr6	134023350	134223350	harbor1	chr6	134085549	134086096	LTR/ERVL	2281	+	274	134085823	62473
chr6	134023350	134223350	harbor1	chr6	134106215	134106514	LTR/ERVL	577	+	150	134106365	83015
chr6	132818469	133018469	harbor1	chr6	132838077	132838259	LTR/ERVL	557	+	91	132838168	19699
chr6	132818469	133018469	harbor1	chr6	132845044	132845283	LTR/ERVL	1301	+	120	132845164	26695
chr6	132818469	133018469	harbor1	chr6	132845596	132845756	LTR/ERVL	1301	+	80	132845676	27207
chr6	132818469	133018469	harbor1	chr6	132845787	132845833	LTR/ERVL	1116	+	23	132845810	27341
chr6	132818469	133018469	harbor1	chr6	132912136	132912612	LTR/ERVL	1440	+	238	132912374	93905
chr6	125456439	125656439	harbor1	chr6	125510462	125511281	LTR/ERVL	1374	+	410	125510872	54433
chr6	125456439	125656439	harbor1	chr6	125511686	125511862	LTR/ERVL	1374	+	88	125511774	55335
chr6	125456439	125656439	harbor1	chr6	125512003	125512425	LTR/ERVL	1668	+	211	125512214	55775
chr6	125456439	125656439	harbor1	chr6	125541153	125541446	LTR/ERVL	531	+	146	125541299	84860
chr6	80418666	80618666	harbor1	chr6	80489321	80489735	LTR/ERVL	1796	+	207	80489528	70862
chr6	144538617	144738617	harbor1	chr6	144608022	144608371	LTR/ERVL	2034	+	174	144608196	69579
chr6	126254536	126454536	harbor1	chr6	126264497	126264960	LTR/ERVL	1264	+	232	126264729	10193
chr6	117765525	117965525	harbor1	chr6	117794094	117794422	LTR/ERVL	581	+	164	117794258	28733
chr6	117765525	117965525	harbor1	chr6	117797385	117797525	LTR/ERVL	614	+	70	117797455	31930
chr6	117765525	117965525	harbor1	chr6	117823254	117823646	LTR/ERVL	779	+	196	117823450	57925
chr6	117765525	117965525	harbor1	chr6	117768114	117768391	LTR/ERVL	489	+	138	117768252	2727
chr6	69558022	69758022	harbor1	chr6	69570863	69571419	LTR/ERVL	2170	+	278	69571141	13119
chr6	69558022	69758022	harbor1	chr6	69614347	69614775	LTR/ERVL	1609	+	214	69614561	56539
chr6	152069271	152269271	harbor1	chr6	152104589	152105352	LTR/ERVL	4146	+	382	152104971	35700
chr6	94652875	94852875	harbor1	chr6	94699048	94699390	LTR/ERVL	879	+	171	94699219	46344
chr6	94652875	94852875	harbor1	chr6	94699391	94699687	LTR/ERVL	917	+	148	94699539	46664
chr6	624018	824018	harbor1	chr6	641281	641566	LTR/ERVL	415	+	142	641423	17405
chr6	624018	824018	harbor1	chr6	642330	642520	LTR/ERVL	652	+	95	642425	18407
chr6	624018	824018	harbor1	chr6	667364	667860	LTR/ERVL	2953	+	248	667612	43594
chr6	624018	824018	harbor1	chr6	667921	667958	LTR/ERVL	2953	+	18	667939	43921
chr6	624018	824018	harbor1	chr6	674757	675200	LTR/ERVL	1195	+	222	674979	50961
chr6	624018	824018	harbor1	chr6	697827	698193	LTR/ERVL	651	+	183	698010	73992
chr6	624018	824018	harbor1	chr6	698336	698633	LTR/ERVL	840	+	148	698484	74466
chr6	624018	824018	harbor1	chr6	698795	699109	LTR/ERVL	442	+	157	698952	74934
chr6	38756841	38956841	harbor1	chr6	38796001	38796433	LTR/ERVL	484	+	216	38796217	39376
chr6	38756841	38956841	harbor1	chr6	38796893	38796993	LTR/ERVL	484	+	50	38796943	40102
chr6	38756841	38956841	harbor1	chr6	38817377	38817804	LTR/ERVL	1423	+	214	38817591	60750
chr6	87126938	87326938	harbor1	chr6	87179970	87180052	LTR/ERVL	1642	+	41	87180011	53073
chr6	87126938	87326938	harbor1	chr6	87180261	87180884	LTR/ERVL	1642	+	312	87180573	53635
chr6	102727206	102927206	harbor1	chr6	102736546	102737129	LTR/ERVL	2353	+	292	102736838	9632
chr6	102727206	102927206	harbor1	chr6	102758908	102759166	LTR/ERVL	1208	+	129	102759037	31831
chr6	102727206	102927206	harbor1	chr6	102813460	102813788	LTR/ERVL	2044	+	164	102813624	86418
chr6	102727206	102927206	harbor1	chr6	102813932	102813966	LTR/ERVL	2044	+	17	102813949	86743
chr6	102727206	102927206	harbor1	chr6	102814260	102814419	LTR/ERVL	2044	+	80	102814340	87134
chr6	79479490	79679490	harbor1	chr6	79507555	79507993	LTR/ERVL	2756	+	219	79507774	28284
chr6	79479490	79679490	harbor1	chr6	79525778	79525911	LTR/ERVL	499	+	66	79525844	46354
chr6	79479490	79679490	harbor1	chr6	79542212	79542269	LTR/ERVL	473	+	28	79542240	62750
chr6	79479490	79679490	harbor1	chr6	79542569	79542734	LTR/ERVL	473	+	82	79542651	63161
chr6	160506981	160706981	harbor1	chr6	160564388	160564524	LTR/ERVL	1001	+	68	160564456	57475
chr6	160506981	160706981	harbor1	chr6	160545996	160546834	LTR/ERVL	4357	+	419	160546415	39434
chr6	3909859	4109859	harbor1	chr6	3920418	3921148	LTR/ERVL	2801	+	365	3920783	10924
chr6	3909859	4109859	harbor1	chr6	3992052	3992475	LTR/ERVL	1853	+	212	3992264	82405
chr6	3909859	4109859	harbor1	chr6	3993326	3993663	LTR/ERVL	1227	+	168	3993494	83635
chr6	3909859	4109859	harbor1	chr6	4003550	4003899	LTR/ERVL	541	+	174	4003724	93865
chr6	3909859	4109859	harbor1	chr6	3915210	3916090	LTR/ERVL	4974	+	440	3915650	5791
chr6	67565228	67765228	harbor1	chr6	67589803	67590223	LTR/ERVL	2682	+	210	67590013	24785
chr6	67565228	67765228	harbor1	chr6	67590270	67590325	LTR/ERVL	2682	+	28	67590298	25070
chr6	154531721	154731721	harbor1	chr6	154560951	154561492	LTR/ERVL	2500	+	270	154561221	29500
chr6	154531721	154731721	harbor1	chr6	154561493	154563266	LTR/ERVL	15815	+	886	154562379	30658
chr6	154531721	154731721	harbor1	chr6	154563569	154564451	LTR/ERVL	15815	+	441	154564010	32289
chr6	154531721	154731721	harbor1	chr6	154564815	154565576	LTR/ERVL	4041	+	380	154565195	33474
chr6	154531721	154731721	harbor1	chr6	154565581	154565691	LTR/ERVL	765	+	55	154565636	33915
chr6	154531721	154731721	harbor1	chr6	154565703	154566592	LTR/ERVL	13361	+	444	154566147	34426
chr6	154531721	154731721	harbor1	chr6	154566731	154568095	LTR/ERVL	13361	+	682	154567413	35692
chr6	154531721	154731721	harbor1	chr6	154568097	154568180	LTR/ERVL	418	+	42	154568139	36418
chr6	154531721	154731721	harbor1	chr6	154603637	154603894	LTR/ERVL	593	+	128	154603765	72044
chr6	154531721	154731721	harbor1	chr6	154604214	154604456	LTR/ERVL	829	+	121	154604335	72614
chr6	154531721	154731721	harbor1	chr6	154604557	154604722	LTR/ERVL	551	+	82	154604639	72918
chr6	154531721	154731721	harbor1	chr6	154605088	154605433	LTR/ERVL	1153	+	172	154605260	73539
chr6	154531721	154731721	harbor1	chr6	154615686	154615852	LTR/ERVL	438	+	83	154615769	84048
chr6	36222729	36422729	harbor1	chr6	36263633	36264166	LTR/ERVL	1620	+	266	36263899	41170
chr6	157849752	158049752	harbor1	chr6	157946136	157946566	LTR/ERVL	1292	+	215	157946351	96599
chr6	87992008	88192008	harbor1	chr6	88012261	88012697	LTR/ERVL	1939	+	218	88012479	20471
chr6	87992008	88192008	harbor1	chr6	88013067	88013409	LTR/ERVL	1061	+	171	88013238	21230
chr6	87992008	88192008	harbor1	chr6	88013489	88013603	LTR/ERVL	448	+	57	88013546	21538
chr6	87992008	88192008	harbor1	chr6	88013602	88014540	LTR/ERVL	3484	+	469	88014071	22063
chr6	87992008	88192008	harbor1	chr6	88016780	88017679	LTR/ERVL	3664	+	450	88017230	25222
chr6	19937851	20137851	harbor1	chr6	19942687	19942792	LTR/ERVL	433	+	52	19942739	4888
chr6	60935073	61135073	harbor1	chr6	60970439	60971040	LTR/ERVL	2856	+	300	60970739	35666
chr6	38459905	38659905	harbor1	chr6	38517369	38517946	LTR/ERVL	1633	+	288	38517657	57752
chr6	51677616	51877616	harbor1	chr6	51710940	51711028	LTR/ERVL	500	+	44	51710984	33368
chr6	51677616	51877616	harbor1	chr6	51711044	51711393	LTR/ERVL	823	+	174	51711218	33602
chr6	51677616	51877616	harbor1	chr6	51741394	51741824	LTR/ERVL	1119	+	215	51741609	63993
chr6	51677616	51877616	harbor1	chr6	51770797	51771148	LTR/ERVL	1605	+	176	51770973	93357
chr6	79664104	79864104	harbor1	chr6	79732451	79732984	LTR/ERVL	2579	+	266	79732717	68613
chr6	3555333	3755333	harbor1	chr6	3630245	3630731	LTR/ERVL	2046	+	243	3630488	75155
chr6	3555333	3755333	harbor1	chr6	3633151	3633776	LTR/ERVL	1268	+	312	3633463	78130
chr6	3555333	3755333	harbor1	chr6	3604314	3604776	LTR/ERVL	2487	+	231	3604545	49212
chr6	81385411	81585411	harbor1	chr6	81424669	81425010	LTR/ERVL	1388	+	170	81424839	39428
chr6	81385411	81585411	harbor1	chr6	81425043	81425096	LTR/ERVL	678	+	26	81425069	39658
chr6	19972286	20172286	harbor1	chr6	20070226	20070708	LTR/ERVL	2097	+	241	20070467	98181
chr6	146806804	147006804	harbor1	chr6	146854796	146855346	LTR/ERVL	2060	+	275	146855071	48267
chr6	134979173	135179173	harbor1	chr6	134984763	134984914	LTR/ERVL	515	+	76	134984839	5666
chr6	134979173	135179173	harbor1	chr6	135048005	135048783	LTR/ERVL	1311	+	389	135048394	69221
chr6	134979173	135179173	harbor1	chr6	135077893	135078009	LTR/ERVL	543	+	58	135077951	98778
chr6	134979173	135179173	harbor1	chr6	135078309	135078368	LTR/ERVL	543	+	30	135078339	99166
chr6	133830762	134030762	harbor1	chr6	133866799	133867292	LTR/ERVL	3270	+	246	133867045	36283
chr6	133830762	134030762	harbor1	chr6	133916248	133916376	LTR/ERVL	525	+	64	133916312	85550
chr6	133830762	134030762	harbor1	chr6	133916898	133917023	LTR/ERVL	440	+	62	133916960	86198
chr6	133830762	134030762	harbor1	chr6	133927067	133927268	LTR/ERVL	951	+	100	133927167	96405
chr6	133830762	134030762	harbor1	chr6	133927579	133927762	LTR/ERVL	951	+	92	133927671	96909
chr6	133830762	134030762	harbor1	chr6	133928084	133928294	LTR/ERVL	951	+	105	133928189	97427
chr6	24462613	24662613	harbor1	chr6	24478499	24478797	LTR/ERVL	913	+	149	24478648	16035
chr6	24462613	24662613	harbor1	chr6	24478824	24478921	LTR/ERVL	450	+	48	24478872	16259
chr6	24462613	24662613	harbor1	chr6	24481111	24481309	LTR/ERVL	844	+	99	24481210	18597
chr6	24462613	24662613	harbor1	chr6	24553357	24554270	LTR/ERVL	3455	+	456	24553813	91200
chr6	24462613	24662613	harbor1	chr6	24559414	24559624	LTR/ERVL	569	+	105	24559519	96906
chr6	116222704	116422704	harbor1	chr6	116297218	116297511	LTR/ERVL	816	+	146	116297364	74660
chr6	71821092	72021092	harbor1	chr6	71850263	71850425	LTR/ERVL	489	+	81	71850344	29252
chr6	44752213	44952213	harbor1	chr6	44784804	44785041	LTR/ERVL	946	+	118	44784922	32709
chr6	44752213	44952213	harbor1	chr6	44811346	44811454	LTR/ERVL	615	+	54	44811400	59187
chr6	44752213	44952213	harbor1	chr6	44811468	44812006	LTR/ERVL	1664	+	269	44811737	59524
chr6	44752213	44952213	harbor1	chr6	44814279	44814643	LTR/ERVL	2611	+	182	44814461	62248
chr6	44752213	44952213	harbor1	chr6	44823451	44823679	LTR/ERVL	1422	+	114	44823565	71352
chr6	44752213	44952213	harbor1	chr6	44823991	44824265	LTR/ERVL	1422	+	137	44824128	71915
chr6	44752213	44952213	harbor1	chr6	44810227	44810598	LTR/ERVL	1788	+	186	44810413	58200
chr6	143240959	143440959	harbor1	chr6	143268766	143269211	LTR/ERVL	1719	+	222	143268988	28029
chr6	108006476	108206476	harbor1	chr6	108033423	108033786	LTR/ERVL	1681	+	182	108033605	27129
chr6	108006476	108206476	harbor1	chr6	108087035	108087715	LTR/ERVL	5642	+	340	108087375	80899
chr6	108006476	108206476	harbor1	chr6	108087748	108087804	LTR/ERVL	5642	+	28	108087776	81300
chr6	108006476	108206476	harbor1	chr6	108088111	108088363	LTR/ERVL	5642	+	126	108088237	81761
chr6	108006476	108206476	harbor1	chr6	108088378	108088799	LTR/ERVL	1761	+	210	108088588	82112
chr6	97763843	97963843	harbor1	chr6	97792095	97792188	LTR/ERVL	489	+	46	97792141	28298
chr6	97763843	97963843	harbor1	chr6	97853236	97853636	LTR/ERVL	1885	+	200	97853436	89593
chr6	30666475	30866475	harbor1	chr6	30691876	30691908	LTR/ERVL	488	+	16	30691892	25417
chr6	30666475	30866475	harbor1	chr6	30692209	30692421	LTR/ERVL	488	+	106	30692315	25840
chr6	78275810	78475810	harbor1	chr6	78325974	78326385	LTR/ERVL	811	+	206	78326180	50370
chr6	78275810	78475810	harbor1	chr6	78339320	78341120	LTR/ERVL	2773	+	900	78340220	64410
chr6	78275810	78475810	harbor1	chr6	78342130	78342797	LTR/ERVL	1273	+	334	78342464	66654
chr6	78275810	78475810	harbor1	chr6	78342810	78343451	LTR/ERVL	729	+	320	78343130	67320
chr6	63504901	63704901	harbor1	chr6	63525227	63525875	LTR/ERVL	1564	+	324	63525551	20650
chr6	62778669	62978669	harbor1	chr6	62788224	62788460	LTR/ERVL	489	+	118	62788342	9673
chr6	131760859	131960859	harbor1	chr6	131782176	131783854	LTR/ERVL	2896	+	839	131783015	22156
chr6	20769308	20969308	harbor1	chr6	20804686	20804937	LTR/ERVL	475	+	126	20804812	35504
chr6	20769308	20969308	harbor1	chr6	20805048	20805332	LTR/ERVL	711	+	142	20805190	35882
chr6	8255098	8455098	harbor1	chr6	8255286	8255538	LTR/ERVL	640	+	126	8255412	314
chr6	8255098	8455098	harbor1	chr6	8301964	8302424	LTR/ERVL	1817	+	230	8302194	47096
chr6	8255098	8455098	harbor1	chr6	8305022	8305296	LTR/ERVL	462	+	137	8305159	50061
chr6	19440348	19640348	harbor1	chr6	19478251	19478725	LTR/ERVL	805	+	237	19478488	38140
chr6	19440348	19640348	harbor1	chr6	19489711	19490514	LTR/ERVL	3806	+	402	19490113	49765
chr6	19440348	19640348	harbor1	chr6	19531369	19531949	LTR/ERVL	3026	+	290	19531659	91311
chr6	60410334	60610334	harbor1	chr6	60497337	60497541	LTR/ERVL	811	+	102	60497439	87105
chr6	159247284	159447284	harbor1	chr6	159282618	159282875	LTR/ERVL	1384	+	128	159282746	35462
chr6	159247284	159447284	harbor1	chr6	159283822	159284272	LTR/ERVL	2144	+	225	159284047	36763
chr6	159247284	159447284	harbor1	chr6	159310268	159310706	LTR/ERVL	3329	+	219	159310487	63203
chr6	98075041	98275041	harbor1	chr6	98166615	98167057	LTR/ERVL	3213	+	221	98166836	91795
chr6	98075041	98275041	harbor1	chr6	98167058	98171984	LTR/ERVL	37846	+	2463	98169521	94480
chr6	98075041	98275041	harbor1	chr6	98172946	98173383	LTR/ERVL	3403	+	218	98173164	98123
chr6	98075041	98275041	harbor1	chr6	98172244	98172945	LTR/ERVL	37846	+	350	98172594	97553
chr6	40323831	40523831	harbor1	chr6	40341356	40342174	LTR/ERVL	3543	+	409	40341765	17934
chr6	40323831	40523831	harbor1	chr6	40348648	40349098	LTR/ERVL	1154	+	225	40348873	25042
chr6	40323831	40523831	harbor1	chr6	40398911	40399423	LTR/ERVL	935	+	256	40399167	75336
chr6	40323831	40523831	harbor1	chr6	40399738	40399801	LTR/ERVL	935	+	32	40399770	75939
chr6	64629114	64829114	harbor1	chr6	64708491	64708951	LTR/ERVL	1368	+	230	64708721	79607
chr6	166643222	166843222	harbor1	chr6	166696570	166697057	LTR/ERVL	2509	+	244	166696814	53592
chr6	166643222	166843222	harbor1	chr6	166697109	166697174	LTR/ERVL	2509	+	32	166697141	53919
chr7	90103790	90303790	harbor1	chr7	90130790	90130966	LTR/ERVL	583	+	88	90130878	27088
chr7	1736607	1936607	harbor1	chr7	1795258	1795410	LTR/ERVL	507	+	76	1795334	58727
chr7	1736607	1936607	harbor1	chr7	1795986	1796390	LTR/ERVL	1333	+	202	1796188	59581
chr7	94137973	94337973	harbor1	chr7	94148471	94148898	LTR/ERVL	1249	+	214	94148685	10712
chr7	94137973	94337973	harbor1	chr7	94168678	94168906	LTR/ERVL	569	+	114	94168792	30819
chr7	94137973	94337973	harbor1	chr7	94169977	94170109	LTR/ERVL	562	+	66	94170043	32070
chr7	72221260	72421260	harbor1	chr7	72284360	72284821	LTR/ERVL	1774	+	230	72284590	63330
chr7	72221260	72421260	harbor1	chr7	72284897	72284927	LTR/ERVL	1774	+	15	72284912	63652
chr7	72221260	72421260	harbor1	chr7	72289334	72289459	LTR/ERVL	1465	+	62	72289396	68136
chr7	72221260	72421260	harbor1	chr7	72290225	72290644	LTR/ERVL	1465	+	210	72290435	69175
chr7	80204926	80404926	harbor1	chr7	80243433	80243836	LTR/ERVL	1235	+	202	80243635	38709
chr7	80204926	80404926	harbor1	chr7	80299069	80299603	LTR/ERVL	2567	+	267	80299336	94410
chr7	1735810	1935810	harbor1	chr7	1795258	1795410	LTR/ERVL	507	+	76	1795334	59524
chr7	1735810	1935810	harbor1	chr7	1795986	1796390	LTR/ERVL	1333	+	202	1796188	60378
chr7	112003637	112203637	harbor1	chr7	112010943	112011345	LTR/ERVL	1307	+	201	112011144	7507
chr7	112003637	112203637	harbor1	chr7	112066044	112066519	LTR/ERVL	1989	+	238	112066282	62645
chr7	112003637	112203637	harbor1	chr7	112074417	112075098	LTR/ERVL	1850	+	340	112074757	71120
chr7	140849259	141049259	harbor1	chr7	140937326	140937728	LTR/ERVL	1663	+	201	140937527	88268
chr7	140849259	141049259	harbor1	chr7	140938085	140938433	LTR/ERVL	1663	+	174	140938259	89000
chr7	140849259	141049259	harbor1	chr7	140938727	140938764	LTR/ERVL	1663	+	18	140938745	89486
chr7	140849259	141049259	harbor1	chr7	140938765	140939220	LTR/ERVL	2583	+	228	140938993	89734
chr7	140849259	141049259	harbor1	chr7	140939301	140939883	LTR/ERVL	12709	+	291	140939592	90333
chr7	140849259	141049259	harbor1	chr7	140940241	140941829	LTR/ERVL	12709	+	794	140941035	91776
chr7	140849259	141049259	harbor1	chr7	140941906	140942076	LTR/ERVL	662	+	85	140941991	92732
chr7	20821087	21021087	harbor1	chr7	20832176	20832407	LTR/ERVL	847	+	116	20832292	11205
chr7	20821087	21021087	harbor1	chr7	20900994	20901402	LTR/ERVL	635	+	204	20901198	80111
chr7	119108827	119308827	harbor1	chr7	119184157	119184707	LTR/ERVL	2071	+	275	119184432	75605
chr7	119108827	119308827	harbor1	chr7	119184708	119188706	LTR/ERVL	27878	+	1999	119186707	77880
chr7	119108827	119308827	harbor1	chr7	119188931	119190622	LTR/ERVL	12298	+	846	119189777	80950
chr7	119108827	119308827	harbor1	chr7	119190623	119191167	LTR/ERVL	1970	+	272	119190895	82068
chr7	65736488	65936488	harbor1	chr7	65808229	65808774	LTR/ERVL	1556	+	272	65808501	72013
chr7	65736488	65936488	harbor1	chr7	65809075	65809224	LTR/ERVL	1556	+	74	65809149	72661
chr7	67644948	67844948	harbor1	chr7	67694502	67694822	LTR/ERVL	484	+	160	67694662	49714
chr7	67644948	67844948	harbor1	chr7	67719257	67719667	LTR/ERVL	1769	+	205	67719462	74514
chr7	125700627	125900627	harbor1	chr7	125706466	125706815	LTR/ERVL	1795	+	174	125706640	6013
chr7	125700627	125900627	harbor1	chr7	125706816	125707305	LTR/ERVL	7150	+	244	125707060	6433
chr7	125700627	125900627	harbor1	chr7	125707690	125708189	LTR/ERVL	7150	+	250	125707940	7313
chr7	125700627	125900627	harbor1	chr7	125708227	125708625	LTR/ERVL	7150	+	199	125708426	7799
chr7	125700627	125900627	harbor1	chr7	125716839	125717389	LTR/ERVL	2890	+	275	125717114	16487
chr7	125700627	125900627	harbor1	chr7	125717471	125717785	LTR/ERVL	772	+	157	125717628	17001
chr7	125700627	125900627	harbor1	chr7	125717870	125719088	LTR/ERVL	2642	+	609	125718479	17852
chr7	125700627	125900627	harbor1	chr7	125762390	125762742	LTR/ERVL	3070	+	176	125762566	61939
chr7	125700627	125900627	harbor1	chr7	125763100	125763316	LTR/ERVL	3070	+	108	125763208	62581
chr7	125700627	125900627	harbor1	chr7	125789282	125789624	LTR/ERVL	633	+	171	125789453	88826
chr7	109307046	109507046	harbor1	chr7	109338464	109339043	LTR/ERVL	1647	+	290	109338754	31708
chr7	109307046	109507046	harbor1	chr7	109355997	109356524	LTR/ERVL	1024	+	264	109356261	49215
chr7	109307046	109507046	harbor1	chr7	109397030	109397554	LTR/ERVL	974	+	262	109397292	90246
chr7	131046448	131246448	harbor1	chr7	131072672	131072979	LTR/ERVL	1057	+	154	131072826	26378
chr7	47137398	47337398	harbor1	chr7	47204586	47204794	LTR/ERVL	804	+	104	47204690	67292
chr7	47137398	47337398	harbor1	chr7	47204872	47205139	LTR/ERVL	491	+	134	47205006	67608
chr7	126403725	126603725	harbor1	chr7	126426877	126427094	LTR/ERVL	562	+	108	126426985	23260
chr7	126403725	126603725	harbor1	chr7	126489692	126490201	LTR/ERVL	2312	+	254	126489946	86221
chr7	23889592	24089592	harbor1	chr7	23915021	23915153	LTR/ERVL	464	+	66	23915087	25495
chr7	23889592	24089592	harbor1	chr7	23917315	23918076	LTR/ERVL	2897	+	380	23917695	28103
chr7	23889592	24089592	harbor1	chr7	23971648	23972097	LTR/ERVL	2050	+	224	23971872	82280
chr7	7322911	7522911	harbor1	chr7	7369617	7370086	LTR/ERVL	949	+	234	7369851	46940
chr7	7322911	7522911	harbor1	chr7	7397519	7398276	LTR/ERVL	1449	+	378	7397897	74986
chr7	81996945	82196945	harbor1	chr7	82054327	82054648	LTR/ERVL	945	+	160	82054487	57542
chr7	81996945	82196945	harbor1	chr7	82056197	82057048	LTR/ERVL	1818	+	426	82056623	59678
chr7	81996945	82196945	harbor1	chr7	82057692	82057882	LTR/ERVL	447	+	95	82057787	60842
chr7	81996945	82196945	harbor1	chr7	82057990	82058328	LTR/ERVL	583	+	169	82058159	61214
chr7	81996945	82196945	harbor1	chr7	82067901	82068655	LTR/ERVL	2245	+	377	82068278	71333
chr7	150218205	150418205	harbor1	chr7	150237220	150237568	LTR/ERVL	918	+	174	150237394	19189
chr7	150218205	150418205	harbor1	chr7	150237624	150237786	LTR/ERVL	472	+	81	150237705	19500
chr7	150218205	150418205	harbor1	chr7	150257200	150257383	LTR/ERVL	496	+	92	150257292	39087
chr7	150218205	150418205	harbor1	chr7	150257455	150257615	LTR/ERVL	494	+	80	150257535	39330
chr7	150218205	150418205	harbor1	chr7	150276881	150277176	LTR/ERVL	1314	+	148	150277029	58824
chr7	150218205	150418205	harbor1	chr7	150257614	150259082	LTR/ERVL	2978	+	734	150258348	40143
chr7	91655850	91855850	harbor1	chr7	91682441	91683212	LTR/ERVL	2837	+	386	91682827	26977
chr7	91655850	91855850	harbor1	chr7	91686718	91686857	LTR/ERVL	843	+	70	91686788	30938
chr7	91655850	91855850	harbor1	chr7	91697549	91697918	LTR/ERVL	719	+	184	91697733	41883
chr7	63039994	63239994	harbor1	chr7	63074644	63075115	LTR/ERVL	2345	+	236	63074880	34886
chr7	63039994	63239994	harbor1	chr7	63107078	63107318	LTR/ERVL	1270	+	120	63107198	67204
chr7	133667089	133867089	harbor1	chr7	133721696	133721831	LTR/ERVL	531	+	68	133721764	54675
chr7	133667089	133867089	harbor1	chr7	133721832	133722010	LTR/ERVL	708	+	89	133721921	54832
chr7	78942432	79142432	harbor1	chr7	78949770	78950262	LTR/ERVL	1370	+	246	78950016	7584
chr7	78942432	79142432	harbor1	chr7	78979397	78979785	LTR/ERVL	1178	+	194	78979591	37159
chr7	78942432	79142432	harbor1	chr7	78993607	78993786	LTR/ERVL	493	+	90	78993697	51265
chr7	78942432	79142432	harbor1	chr7	79033407	79033773	LTR/ERVL	686	+	183	79033590	91158
chr7	79769351	79969351	harbor1	chr7	79784378	79784839	LTR/ERVL	1289	+	230	79784608	15257
chr7	79769351	79969351	harbor1	chr7	79853230	79853528	LTR/ERVL	796	+	149	79853379	84028
chr7	16541080	16741080	harbor1	chr7	16551303	16552129	LTR/ERVL	4510	+	413	16551716	10636
chr7	16541080	16741080	harbor1	chr7	16592464	16592754	LTR/ERVL	551	+	145	16592609	51529
chr7	16541080	16741080	harbor1	chr7	16615224	16615661	LTR/ERVL	931	+	218	16615442	74362
chr7	38792830	38992830	harbor1	chr7	38815521	38816005	LTR/ERVL	3005	+	242	38815763	22933
chr7	38792830	38992830	harbor1	chr7	38837084	38837712	LTR/ERVL	984	+	314	38837398	44568
chr7	65321370	65521370	harbor1	chr7	65378996	65379339	LTR/ERVL	943	+	172	65379168	57798
chr7	7265837	7465837	harbor1	chr7	7266101	7266427	LTR/ERVL	2034	+	163	7266264	427
chr7	7265837	7465837	harbor1	chr7	7267064	7267218	LTR/ERVL	2034	+	77	7267141	1304
chr7	7265837	7465837	harbor1	chr7	7288856	7289445	LTR/ERVL	810	+	294	7289150	23313
chr7	7265837	7465837	harbor1	chr7	7292687	7292913	LTR/ERVL	441	+	113	7292800	26963
chr7	7265837	7465837	harbor1	chr7	7292954	7293207	LTR/ERVL	859	+	126	7293080	27243
chr7	7265837	7465837	harbor1	chr7	7308250	7308509	LTR/ERVL	695	+	130	7308380	42543
chr7	127202488	127402488	harbor1	chr7	127221328	127221707	LTR/ERVL	501	+	190	127221518	19030
chr7	69394831	69594831	harbor1	chr7	69399254	69399741	LTR/ERVL	931	+	244	69399498	4667
chr7	104136121	104336121	harbor1	chr7	104188534	104188713	LTR/ERVL	944	+	90	104188624	52503
chr7	104136121	104336121	harbor1	chr7	104189085	104189148	LTR/ERVL	944	+	32	104189117	52996
chr7	104136121	104336121	harbor1	chr7	104189506	104190105	LTR/ERVL	2568	+	300	104189806	53685
chr7	104136121	104336121	harbor1	chr7	104201019	104201479	LTR/ERVL	1285	+	230	104201249	65128
chr7	104136121	104336121	harbor1	chr7	104227094	104227471	LTR/ERVL	1218	+	188	104227282	91161
chr7	104136121	104336121	harbor1	chr7	104231921	104232299	LTR/ERVL	602	+	189	104232110	95989
chr7	53377076	53577076	harbor1	chr7	53387620	53388300	LTR/ERVL	1130	+	340	53387960	10884
chr7	53377076	53577076	harbor1	chr7	53421499	53421945	LTR/ERVL	808	+	223	53421722	44646
chr7	53377076	53577076	harbor1	chr7	53473438	53474135	LTR/ERVL	1090	+	348	53473786	96710
chr7	105957962	106157962	harbor1	chr7	105969510	105969901	LTR/ERVL	1709	+	196	105969706	11744
chr7	105957962	106157962	harbor1	chr7	106005863	106005926	LTR/ERVL	490	+	32	106005895	47933
chr7	105957962	106157962	harbor1	chr7	106008212	106008291	LTR/ERVL	490	+	40	106008252	50290
chr7	38457527	38657527	harbor1	chr7	38546842	38547241	LTR/ERVL	748	+	200	38547042	89515
chr7	38457527	38657527	harbor1	chr7	38502328	38502823	LTR/ERVL	2646	+	248	38502576	45049
chr7	26718798	26918798	harbor1	chr7	26794283	26794606	LTR/ERVL	1903	+	162	26794445	75647
chr7	26718798	26918798	harbor1	chr7	26794862	26795021	LTR/ERVL	961	+	80	26794942	76144
chr7	132182744	132382744	harbor1	chr7	132215404	132216248	LTR/ERVL	3359	+	422	132215826	33082
chr7	131818360	132018360	harbor1	chr7	131837836	131838150	LTR/ERVL	596	+	157	131837993	19633
chr7	119415218	119615218	harbor1	chr7	119468969	119469133	LTR/ERVL	666	+	82	119469051	53833
chr7	58092178	58292178	harbor1	chr7	58095609	58096023	LTR/ERVL	1340	+	207	58095816	3638
chr7	58092178	58292178	harbor1	chr7	58096409	58096801	LTR/ERVL	1537	+	196	58096605	4427
chr7	58092178	58292178	harbor1	chr7	58102362	58102983	LTR/ERVL	1807	+	310	58102672	10494
chr7	17766358	17966358	harbor1	chr7	17788915	17789437	LTR/ERVL	2382	+	261	17789176	22818
chr7	17766358	17966358	harbor1	chr7	17826862	17827280	LTR/ERVL	1490	+	209	17827071	60713
chr7	94087816	94287816	harbor1	chr7	94148471	94148898	LTR/ERVL	1249	+	214	94148685	60869
chr7	94087816	94287816	harbor1	chr7	94168678	94168906	LTR/ERVL	569	+	114	94168792	80976
chr7	94087816	94287816	harbor1	chr7	94169977	94170109	LTR/ERVL	562	+	66	94170043	82227
chr7	134981139	135181139	harbor1	chr7	135000211	135000688	LTR/ERVL	2160	+	238	135000449	19310
chr7	94763305	94963305	harbor1	chr7	94831651	94831848	LTR/ERVL	793	+	98	94831749	68444
chr7	86998990	87198990	harbor1	chr7	87083965	87084451	LTR/ERVL	1919	+	243	87084208	85218
chr7	72629958	72829958	harbor1	chr7	72680126	72680706	LTR/ERVL	1818	+	290	72680416	50458
chr7	72629958	72829958	harbor1	chr7	72725489	72725838	LTR/ERVL	1595	+	174	72725663	95705
chr7	24979217	25179217	harbor1	chr7	25014482	25014554	LTR/ERVL	2058	+	36	25014518	35301
chr7	24979217	25179217	harbor1	chr7	25014687	25015052	LTR/ERVL	2058	+	182	25014869	35652
chr7	24979217	25179217	harbor1	chr7	25030819	25030999	LTR/ERVL	482	+	90	25030909	51692
chr7	24979217	25179217	harbor1	chr7	25051604	25051873	LTR/ERVL	982	+	134	25051738	72521
chr7	24979217	25179217	harbor1	chr7	25052456	25052704	LTR/ERVL	1080	+	124	25052580	73363
chr7	24979217	25179217	harbor1	chr7	25065188	25065326	LTR/ERVL	720	+	69	25065257	86040
chr7	8361108	8561108	harbor1	chr7	8402517	8403008	LTR/ERVL	1184	+	246	8402763	41655
chr7	8361108	8561108	harbor1	chr7	8417543	8417730	LTR/ERVL	1561	+	94	8417637	56529
chr7	8361108	8561108	harbor1	chr7	8418205	8418458	LTR/ERVL	1561	+	126	8418331	57223
chr7	158329298	158529298	harbor1	chr7	158368871	158369260	LTR/ERVL	2994	+	194	158369065	39767
chr7	158329298	158529298	harbor1	chr7	158369292	158369382	LTR/ERVL	2994	+	45	158369337	40039
chr7	158329298	158529298	harbor1	chr7	158387694	158387964	LTR/ERVL	734	+	135	158387829	58531
chr7	112955357	113155357	harbor1	chr7	112973282	112973753	LTR/ERVL	1934	+	236	112973518	18161
chr7	112955357	113155357	harbor1	chr7	112973787	112973819	LTR/ERVL	1934	+	16	112973803	18446
chr7	112955357	113155357	harbor1	chr7	112997771	112998192	LTR/ERVL	1175	+	210	112997981	42624
chr7	112955357	113155357	harbor1	chr7	113045691	113045935	LTR/ERVL	993	+	122	113045813	90456
chr7	114299650	114499650	harbor1	chr7	114308961	114309286	LTR/ERVL	1045	+	162	114309123	9473
chr7	114299650	114499650	harbor1	chr7	114353914	114354463	LTR/ERVL	2308	+	274	114354188	54538
chr7	8357451	8557451	harbor1	chr7	8359190	8359884	LTR/ERVL	1266	+	347	8359537	2086
chr7	8357451	8557451	harbor1	chr7	8402517	8403008	LTR/ERVL	1184	+	246	8402763	45312
chr7	8357451	8557451	harbor1	chr7	8417543	8417730	LTR/ERVL	1561	+	94	8417637	60186
chr7	8357451	8557451	harbor1	chr7	8418205	8418458	LTR/ERVL	1561	+	126	8418331	60880
chr7	3449448	3649448	harbor1	chr7	3481411	3481903	LTR/ERVL	737	+	246	3481657	32209
chr7	87404809	87604809	harbor1	chr7	87410645	87410903	LTR/ERVL	869	+	129	87410774	5965
chr7	87404809	87604809	harbor1	chr7	87410916	87411114	LTR/ERVL	671	+	99	87411015	6206
chr7	66085610	66285610	harbor1	chr7	66118885	66119721	LTR/ERVL	3042	+	418	66119303	33693
chr7	108557917	108757917	harbor1	chr7	108600828	108601592	LTR/ERVL	2069	+	382	108601210	43293
chr7	108557917	108757917	harbor1	chr7	108604715	108605510	LTR/ERVL	4536	+	398	108605113	47196
chr7	108557917	108757917	harbor1	chr7	108637283	108637776	LTR/ERVL	860	+	246	108637529	79612
chr7	56248624	56448624	harbor1	chr7	56260204	56260583	LTR/ERVL	820	+	190	56260394	11770
chr7	56248624	56448624	harbor1	chr7	56324535	56324883	LTR/ERVL	1691	+	174	56324709	76085
chr7	56248624	56448624	harbor1	chr7	56338433	56338668	LTR/ERVL	462	+	118	56338551	89927
chr7	42931029	43131029	harbor1	chr7	42965181	42965570	LTR/ERVL	2097	+	194	42965375	34346
chr7	42931029	43131029	harbor1	chr7	42969270	42969611	LTR/ERVL	1430	+	170	42969440	38411
chr7	126295872	126495872	harbor1	chr7	126337355	126337846	LTR/ERVL	1000	+	246	126337601	41729
chr7	126295872	126495872	harbor1	chr7	126356962	126357249	LTR/ERVL	689	+	144	126357106	61234
chr7	126295872	126495872	harbor1	chr7	126364147	126364565	LTR/ERVL	2718	+	209	126364356	68484
chr7	126295872	126495872	harbor1	chr7	126384119	126384537	LTR/ERVL	1291	+	209	126384328	88456
chr7	52222140	52422140	harbor1	chr7	52300734	52301268	LTR/ERVL	2290	+	267	52301001	78861
chr7	52222140	52422140	harbor1	chr7	52301269	52301699	LTR/ERVL	1860	+	215	52301484	79344
chr7	52222140	52422140	harbor1	chr7	52303481	52303641	LTR/ERVL	494	+	80	52303561	81421
chr7	52222140	52422140	harbor1	chr7	52303639	52304110	LTR/ERVL	2397	+	236	52303875	81735
chr7	158589512	158789512	harbor1	chr7	158610117	158610418	LTR/ERVL	843	+	150	158610267	20755
chr7	158589512	158789512	harbor1	chr7	158637717	158637861	LTR/ERVL	589	+	72	158637789	48277
chr7	158589512	158789512	harbor1	chr7	158638162	158638233	LTR/ERVL	589	+	36	158638198	48686
chr7	158589512	158789512	harbor1	chr7	158673313	158673648	LTR/ERVL	516	+	168	158673481	83969
chr7	99180467	99380467	harbor1	chr7	99225763	99225920	LTR/ERVL	457	+	78	99225841	45374
chr7	99180467	99380467	harbor1	chr7	99265873	99266061	LTR/ERVL	796	+	94	99265967	85500
chr7	99180467	99380467	harbor1	chr7	99266184	99266356	LTR/ERVL	644	+	86	99266270	85803
chr7	35848454	36048454	harbor1	chr7	35914263	35914612	LTR/ERVL	1820	+	174	35914437	65983
chr7	35848454	36048454	harbor1	chr7	35914661	35914680	LTR/ERVL	1820	+	10	35914671	66217
chr7	35848454	36048454	harbor1	chr7	35928355	35928590	LTR/ERVL	436	+	118	35928473	80019
chr7	104461229	104661229	harbor1	chr7	104481903	104482344	LTR/ERVL	1100	+	220	104482123	20894
chr7	44753	244753	harbor1	chr7	69965	70400	LTR/ERVL	1791	+	218	70183	25430
chr7	44753	244753	harbor1	chr7	118269	118940	LTR/ERVL	2342	+	336	118605	73852
chr7	44753	244753	harbor1	chr7	135243	135392	LTR/ERVL	616	+	74	135317	90564
chr7	44753	244753	harbor1	chr7	135490	135768	LTR/ERVL	826	+	139	135629	90876
chr7	92154591	92354591	harbor1	chr7	92166119	92166356	LTR/ERVL	637	+	118	92166237	11646
chr7	92154591	92354591	harbor1	chr7	92177566	92177862	LTR/ERVL	531	+	148	92177714	23123
chr7	109702072	109902072	harbor1	chr7	109781859	109782356	LTR/ERVL	816	+	248	109782107	80035
chr7	28930734	29130734	harbor1	chr7	28937672	28937994	LTR/ERVL	630	+	161	28937833	7099
chr7	28930734	29130734	harbor1	chr7	28974151	28974532	LTR/ERVL	1035	+	190	28974341	43607
chr7	28930734	29130734	harbor1	chr7	28975149	28975465	LTR/ERVL	1197	+	158	28975307	44573
chr7	28930734	29130734	harbor1	chr7	28975667	28976925	LTR/ERVL	3601	+	629	28976296	45562
chr7	28930734	29130734	harbor1	chr7	28977403	28978255	LTR/ERVL	2109	+	426	28977829	47095
chr7	28930734	29130734	harbor1	chr7	28978490	28979775	LTR/ERVL	3008	+	642	28979132	48398
chr7	28930734	29130734	harbor1	chr7	29013684	29014100	LTR/ERVL	1136	+	208	29013892	83158
chr7	115378752	115578752	harbor1	chr7	115417707	115418157	LTR/ERVL	2412	+	225	115417932	39180
chr7	51825405	52025405	harbor1	chr7	51854020	51854200	LTR/ERVL	461	+	90	51854110	28705
chr7	51825405	52025405	harbor1	chr7	51857933	51858434	LTR/ERVL	659	+	250	51858183	32778
chr7	51825405	52025405	harbor1	chr7	51858579	51858808	LTR/ERVL	507	+	114	51858693	33288
chr7	123012852	123212852	harbor1	chr7	123030926	123031348	LTR/ERVL	972	+	211	123031137	18285
chr7	123012852	123212852	harbor1	chr7	123031956	123032366	LTR/ERVL	1152	+	205	123032161	19309
chr7	123012852	123212852	harbor1	chr7	123032367	123032695	LTR/ERVL	6472	+	164	123032531	19679
chr7	123012852	123212852	harbor1	chr7	123033057	123033519	LTR/ERVL	6472	+	231	123033288	20436
chr7	123012852	123212852	harbor1	chr7	123033942	123035007	LTR/ERVL	6472	+	532	123034474	21622
chr7	123012852	123212852	harbor1	chr7	123035322	123035827	LTR/ERVL	6472	+	252	123035574	22722
chr7	123012852	123212852	harbor1	chr7	123035829	123036109	LTR/ERVL	1257	+	140	123035969	23117
chr7	123012852	123212852	harbor1	chr7	123036422	123036582	LTR/ERVL	1257	+	80	123036502	23650
chr7	99278987	99478987	harbor1	chr7	99320119	99320192	LTR/ERVL	2233	+	36	99320155	41168
chr7	99278987	99478987	harbor1	chr7	99320488	99320941	LTR/ERVL	2233	+	226	99320714	41727
chr7	99278987	99478987	harbor1	chr7	99320928	99321070	LTR/ERVL	616	+	71	99320999	42012
chr7	99278987	99478987	harbor1	chr7	99319801	99319821	LTR/ERVL	2233	+	10	99319811	40824
chr7	16965530	17165530	harbor1	chr7	17039577	17039964	LTR/ERVL	996	+	194	17039771	74241
chr7	53726217	53926217	harbor1	chr7	53725409	53726235	LTR/ERVL	3899	+	413	53725822	395
chr7	53726217	53926217	harbor1	chr7	53796362	53796671	LTR/ERVL	1763	+	154	53796516	70299
chr7	53726217	53926217	harbor1	chr7	53797061	53797276	LTR/ERVL	1763	+	108	53797169	70952
chr7	53726217	53926217	harbor1	chr7	53815230	53815744	LTR/ERVL	1539	+	257	53815487	89270
chr7	27039437	27239437	harbor1	chr7	27067665	27068180	LTR/ERVL	1108	+	258	27067923	28486
chr7	60889279	61089279	harbor1	chr7	60899595	60900003	LTR/ERVL	1275	+	204	60899799	10520
chr7	60889279	61089279	harbor1	chr7	60900388	60900780	LTR/ERVL	1569	+	196	60900584	11305
chr7	60889279	61089279	harbor1	chr7	60907645	60908266	LTR/ERVL	1864	+	310	60907955	18676
chr7	60889279	61089279	harbor1	chr7	60975750	60975995	LTR/ERVL	841	+	122	60975872	86593
chr7	60889279	61089279	harbor1	chr7	60976458	60976845	LTR/ERVL	1570	+	194	60976652	87373
chr8	89082825	89282825	harbor1	chr8	89137106	89137559	LTR/ERVL	1919	+	226	89137332	54507
chr8	53052913	53252913	harbor1	chr8	53078979	53079087	LTR/ERVL	757	+	54	53079033	26120
chr8	53052913	53252913	harbor1	chr8	53113271	53114052	LTR/ERVL	3105	+	390	53113661	60748
chr8	53052913	53252913	harbor1	chr8	53149324	53149552	LTR/ERVL	418	+	114	53149438	96525
chr8	80359532	80559532	harbor1	chr8	80422127	80422579	LTR/ERVL	662	+	226	80422353	62821
chr8	143157069	143357069	harbor1	chr8	143165743	143165996	LTR/ERVL	789	+	126	143165869	8800
chr8	143157069	143357069	harbor1	chr8	143193481	143193894	LTR/ERVL	1855	+	206	143193687	36618
chr8	143157069	143357069	harbor1	chr8	143196487	143196561	LTR/ERVL	546	+	37	143196524	39455
chr8	143157069	143357069	harbor1	chr8	143196560	143196761	LTR/ERVL	1462	+	100	143196660	39591
chr8	143157069	143357069	harbor1	chr8	143196827	143196865	LTR/ERVL	1462	+	19	143196846	39777
chr8	143157069	143357069	harbor1	chr8	143195432	143196486	LTR/ERVL	7686	+	527	143195959	38890
chr8	95873295	96073295	harbor1	chr8	95897820	95898056	LTR/ERVL	632	+	118	95897938	24643
chr8	95873295	96073295	harbor1	chr8	95898146	95898267	LTR/ERVL	408	+	60	95898206	24911
chr8	95873295	96073295	harbor1	chr8	95946479	95946914	LTR/ERVL	3104	+	218	95946697	73402
chr8	95873295	96073295	harbor1	chr8	95948834	95948952	LTR/ERVL	1571	+	59	95948893	75598
chr8	95873295	96073295	harbor1	chr8	95949248	95949608	LTR/ERVL	1571	+	180	95949428	76133
chr8	95873295	96073295	harbor1	chr8	95952726	95952987	LTR/ERVL	1395	+	130	95952856	79561
chr8	95873295	96073295	harbor1	chr8	95966621	95967227	LTR/ERVL	858	+	303	95966924	93629
chr8	108673175	108873175	harbor1	chr8	108733969	108734473	LTR/ERVL	2404	+	252	108734221	61046
chr8	108673175	108873175	harbor1	chr8	108746515	108747304	LTR/ERVL	3770	+	394	108746909	73734
chr8	108673175	108873175	harbor1	chr8	108674864	108675307	LTR/ERVL	1175	+	222	108675086	1911
chr8	106608567	106808567	harbor1	chr8	106687026	106687440	LTR/ERVL	536	+	207	106687233	78666
chr8	106608567	106808567	harbor1	chr8	106687728	106687772	LTR/ERVL	536	+	22	106687750	79183
chr8	101353816	101553816	harbor1	chr8	101399325	101399747	LTR/ERVL	1297	+	211	101399536	45720
chr8	42581424	42781424	harbor1	chr8	42601337	42601583	LTR/ERVL	706	+	123	42601460	20036
chr8	42581424	42781424	harbor1	chr8	42619986	42620108	LTR/ERVL	544	+	61	42620047	38623
chr8	42581424	42781424	harbor1	chr8	42622603	42622788	LTR/ERVL	1553	+	92	42622695	41271
chr8	42581424	42781424	harbor1	chr8	42623094	42623328	LTR/ERVL	1553	+	117	42623211	41787
chr8	50252282	50452282	harbor1	chr8	50272204	50272356	LTR/ERVL	538	+	76	50272280	19998
chr8	50252282	50452282	harbor1	chr8	50272376	50272671	LTR/ERVL	730	+	148	50272524	20242
chr8	16596200	16796200	harbor1	chr8	16616514	16616820	LTR/ERVL	1052	+	153	16616667	20467
chr8	16596200	16796200	harbor1	chr8	16695958	16696365	LTR/ERVL	843	+	204	16696162	99962
chr8	28650580	28850580	harbor1	chr8	28673249	28673676	LTR/ERVL	1352	+	214	28673463	22883
chr8	28650580	28850580	harbor1	chr8	28673816	28674070	LTR/ERVL	8032	+	127	28673943	23363
chr8	28650580	28850580	harbor1	chr8	28674372	28675134	LTR/ERVL	8032	+	381	28674753	24173
chr8	28650580	28850580	harbor1	chr8	28675631	28675739	LTR/ERVL	8032	+	54	28675685	25105
chr8	28650580	28850580	harbor1	chr8	28676049	28676426	LTR/ERVL	8032	+	188	28676237	25657
chr8	38279257	38479257	harbor1	chr8	38324574	38325271	LTR/ERVL	3352	+	348	38324922	45665
chr8	60985163	61185163	harbor1	chr8	61042797	61044827	LTR/ERVL	3432	+	1015	61043812	58649
chr8	60985163	61185163	harbor1	chr8	61044879	61045856	LTR/ERVL	2132	+	488	61045367	60204
chr8	60985163	61185163	harbor1	chr8	61047988	61048450	LTR/ERVL	551	+	231	61048219	63056
chr8	60985163	61185163	harbor1	chr8	61048464	61048905	LTR/ERVL	958	+	220	61048684	63521
chr8	18746100	18946100	harbor1	chr8	18781116	18781542	LTR/ERVL	1956	+	213	18781329	35229
chr8	18746100	18946100	harbor1	chr8	18825882	18826369	LTR/ERVL	2099	+	244	18826126	80026
chr8	105818874	106018874	harbor1	chr8	105879204	105879325	LTR/ERVL	450	+	60	105879264	60390
chr8	105818874	106018874	harbor1	chr8	105908323	105908791	LTR/ERVL	803	+	234	105908557	89683
chr8	107532019	107732019	harbor1	chr8	107538094	107538429	LTR/ERVL	1081	+	168	107538262	6243
chr8	107532019	107732019	harbor1	chr8	107620151	107620259	LTR/ERVL	937	+	54	107620205	88186
chr8	107532019	107732019	harbor1	chr8	107620658	107620962	LTR/ERVL	937	+	152	107620810	88791
chr8	88035418	88235418	harbor1	chr8	88064948	88065245	LTR/ERVL	935	+	148	88065096	29678
chr8	88035418	88235418	harbor1	chr8	88069379	88069884	LTR/ERVL	1431	+	252	88069631	34213
chr8	48081195	48281195	harbor1	chr8	48087816	48088546	LTR/ERVL	3662	+	365	48088181	6986
chr8	48081195	48281195	harbor1	chr8	48109719	48109929	LTR/ERVL	680	+	105	48109824	28629
chr8	48081195	48281195	harbor1	chr8	48136295	48136580	LTR/ERVL	869	+	142	48136437	55242
chr8	48081195	48281195	harbor1	chr8	48087009	48087440	LTR/ERVL	953	+	216	48087225	6030
chr8	103469150	103669150	harbor1	chr8	103470332	103470849	LTR/ERVL	1891	+	258	103470590	1440
chr8	103469150	103669150	harbor1	chr8	103531452	103531556	LTR/ERVL	502	+	52	103531504	62354
chr8	7808019	8008019	harbor1	chr8	7834613	7834929	LTR/ERVL	1066	+	158	7834771	26752
chr8	7808019	8008019	harbor1	chr8	7835242	7835333	LTR/ERVL	1066	+	46	7835288	27269
chr8	60037889	60237889	harbor1	chr8	60073718	60074165	LTR/ERVL	2248	+	224	60073942	36053
chr8	60037889	60237889	harbor1	chr8	60094275	60094706	LTR/ERVL	1314	+	216	60094491	56602
chr8	131035135	131235135	harbor1	chr8	131061567	131061718	LTR/ERVL	457	+	76	131061643	26508
chr8	131035135	131235135	harbor1	chr8	131103101	131103566	LTR/ERVL	1251	+	232	131103333	68198
chr8	131035135	131235135	harbor1	chr8	131130211	131130665	LTR/ERVL	1143	+	227	131130438	95303
chr8	22798847	22998847	harbor1	chr8	22832738	22833247	LTR/ERVL	1841	+	254	22832992	34145
chr8	22798847	22998847	harbor1	chr8	22880914	22881320	LTR/ERVL	890	+	203	22881117	82270
chr8	22798847	22998847	harbor1	chr8	22882604	22883123	LTR/ERVL	2029	+	260	22882864	84017
chr8	22798847	22998847	harbor1	chr8	22892414	22892581	LTR/ERVL	571	+	84	22892498	93651
chr8	22798847	22998847	harbor1	chr8	22894604	22894828	LTR/ERVL	564	+	112	22894716	95869
chr8	22798847	22998847	harbor1	chr8	22894905	22895168	LTR/ERVL	426	+	132	22895037	96190
chr8	22798847	22998847	harbor1	chr8	22895164	22895447	LTR/ERVL	649	+	142	22895306	96459
chr8	1909559	2109559	harbor1	chr8	1960182	1960411	LTR/ERVL	445	+	114	1960296	50737
chr8	1909559	2109559	harbor1	chr8	1960519	1960885	LTR/ERVL	831	+	183	1960702	51143
chr8	1909559	2109559	harbor1	chr8	1981483	1982049	LTR/ERVL	3093	+	283	1981766	72207
chr8	26034626	26234626	harbor1	chr8	26098553	26098910	LTR/ERVL	1171	+	178	26098731	64105
chr8	26034626	26234626	harbor1	chr8	26117671	26117987	LTR/ERVL	753	+	158	26117829	83203
chr8	83160013	83360013	harbor1	chr8	83180102	83180309	LTR/ERVL	705	+	104	83180206	20193
chr8	83160013	83360013	harbor1	chr8	83183156	83183352	LTR/ERVL	448	+	98	83183254	23241
chr8	83160013	83360013	harbor1	chr8	83188888	83189458	LTR/ERVL	2470	+	285	83189173	29160
chr8	83160013	83360013	harbor1	chr8	83206520	83206896	LTR/ERVL	748	+	188	83206708	46695
chr8	83160013	83360013	harbor1	chr8	83210267	83210599	LTR/ERVL	448	+	166	83210433	50420
chr8	42021343	42221343	harbor1	chr8	42120506	42120646	LTR/ERVL	402	+	70	42120576	99233
chr8	53733167	53933167	harbor1	chr8	53797133	53797698	LTR/ERVL	1669	+	282	53797415	64248
chr8	53733167	53933167	harbor1	chr8	53799471	53799635	LTR/ERVL	2448	+	82	53799553	66386
chr8	53733167	53933167	harbor1	chr8	53799995	53800334	LTR/ERVL	2448	+	170	53800165	66998
chr8	53733167	53933167	harbor1	chr8	53813943	53814386	LTR/ERVL	1746	+	222	53814165	80998
chr8	132702980	132902980	harbor1	chr8	132765122	132765749	LTR/ERVL	1016	+	314	132765436	62456
chr8	92738631	92938631	harbor1	chr8	92759115	92759491	LTR/ERVL	1616	+	188	92759303	20672
chr8	92738631	92938631	harbor1	chr8	92770860	92771138	LTR/ERVL	565	+	139	92770999	32368
chr8	13809575	14009575	harbor1	chr8	13899891	13900966	LTR/ERVL	3179	+	538	13900429	90854
chr8	13809575	14009575	harbor1	chr8	13901015	13903061	LTR/ERVL	3179	+	1023	13902038	92463
chr8	13809575	14009575	harbor1	chr8	13903279	13903492	LTR/ERVL	728	+	106	13903385	93810
chr8	13809575	14009575	harbor1	chr8	13903574	13903736	LTR/ERVL	728	+	81	13903655	94080
chr8	13809575	14009575	harbor1	chr8	13904180	13904617	LTR/ERVL	470	+	218	13904398	94823
chr8	135899	335899	harbor1	chr8	152485	152605	LTR/ERVL	400	+	60	152545	16646
chr8	70724956	70924956	harbor1	chr8	70750804	70751141	LTR/ERVL	1348	+	168	70750972	26016
chr8	70724956	70924956	harbor1	chr8	70751429	70752008	LTR/ERVL	3105	+	290	70751719	26763
chr8	70724956	70924956	harbor1	chr8	70752009	70752088	LTR/ERVL	1348	+	40	70752049	27093
chr8	102866764	103066764	harbor1	chr8	102868138	102868222	LTR/ERVL	794	+	42	102868180	1416
chr8	102866764	103066764	harbor1	chr8	102868522	102868677	LTR/ERVL	794	+	78	102868600	1836
chr8	102866764	103066764	harbor1	chr8	102930501	102930562	LTR/ERVL	1562	+	30	102930531	63767
chr8	102866764	103066764	harbor1	chr8	102930855	102931256	LTR/ERVL	1562	+	200	102931055	64291
chr8	74941451	75141451	harbor1	chr8	74941557	74941726	LTR/ERVL	724	+	84	74941641	190
chr8	74941451	75141451	harbor1	chr8	74969748	74970227	LTR/ERVL	1606	+	240	74969988	28537
chr8	74941451	75141451	harbor1	chr8	74970526	74970585	LTR/ERVL	1606	+	30	74970556	29105
chr8	132045470	132245470	harbor1	chr8	132054040	132054456	LTR/ERVL	879	+	208	132054248	8778
chr8	132045470	132245470	harbor1	chr8	132062747	132063338	LTR/ERVL	2637	+	296	132063043	17573
chr8	132045470	132245470	harbor1	chr8	132117601	132117971	LTR/ERVL	752	+	185	132117786	72316
chr8	132045470	132245470	harbor1	chr8	132130532	132130792	LTR/ERVL	854	+	130	132130662	85192
chr8	2123549	2323549	harbor1	chr8	2207202	2207745	LTR/ERVL	2009	+	272	2207474	83925
chr8	2123549	2323549	harbor1	chr8	2213006	2213525	LTR/ERVL	2115	+	260	2213266	89717
chr8	9154827	9354827	harbor1	chr8	9170282	9170618	LTR/ERVL	656	+	168	9170450	15623
chr8	9154827	9354827	harbor1	chr8	9207176	9207609	LTR/ERVL	638	+	216	9207392	52565
chr8	9154827	9354827	harbor1	chr8	9220835	9221646	LTR/ERVL	2108	+	406	9221241	66414
chr8	90525	290525	harbor1	chr8	152485	152605	LTR/ERVL	400	+	60	152545	62020
chr8	116564836	116764836	harbor1	chr8	116611776	116612170	LTR/ERVL	1072	+	197	116611973	47137
chr8	116564836	116764836	harbor1	chr8	116615922	116616509	LTR/ERVL	1071	+	294	116616216	51380
chr8	116564836	116764836	harbor1	chr8	116618692	116618986	LTR/ERVL	706	+	147	116618839	54003
chr8	116564836	116764836	harbor1	chr8	116619694	116619888	LTR/ERVL	427	+	97	116619791	54955
chr8	116564836	116764836	harbor1	chr8	116621343	116621889	LTR/ERVL	2002	+	273	116621616	56780
chr8	116564836	116764836	harbor1	chr8	116626535	116626784	LTR/ERVL	461	+	124	116626659	61823
chr8	116564836	116764836	harbor1	chr8	116629458	116629811	LTR/ERVL	1071	+	176	116629634	64798
chr8	81184443	81384443	harbor1	chr8	81260201	81260437	LTR/ERVL	423	+	118	81260319	75876
chr8	31463973	31663973	harbor1	chr8	31497171	31497771	LTR/ERVL	1006	+	300	31497471	33498
chr8	55984809	56184809	harbor1	chr8	56035180	56035303	LTR/ERVL	1952	+	62	56035242	50433
chr8	55984809	56184809	harbor1	chr8	56035869	56036115	LTR/ERVL	1952	+	123	56035992	51183
chr8	55984809	56184809	harbor1	chr8	56036120	56036580	LTR/ERVL	1771	+	230	56036350	51541
chr8	121835500	122035500	harbor1	chr8	121901746	121902181	LTR/ERVL	1434	+	218	121901964	66464
chr8	61926399	62126399	harbor1	chr8	61961840	61962235	LTR/ERVL	1272	+	198	61962038	35639
chr8	111717210	111917210	harbor1	chr8	111718470	111718859	LTR/ERVL	621	+	194	111718664	1454
chr8	111717210	111917210	harbor1	chr8	111745176	111745700	LTR/ERVL	812	+	262	111745438	28228
chr8	111717210	111917210	harbor1	chr8	111798529	111798899	LTR/ERVL	853	+	185	111798714	81504
chr8	111717210	111917210	harbor1	chr8	111799321	111800644	LTR/ERVL	1825	+	662	111799983	82773
chr8	111717210	111917210	harbor1	chr8	111800654	111800802	LTR/ERVL	407	+	74	111800728	83518
chr8	63898571	64098571	harbor1	chr8	63920510	63920891	LTR/ERVL	2821	+	190	63920700	22129
chr8	63898571	64098571	harbor1	chr8	63921205	63924420	LTR/ERVL	37907	+	1608	63922813	24242
chr8	63898571	64098571	harbor1	chr8	63924493	63926344	LTR/ERVL	37907	+	926	63925419	26848
chr8	121238121	121438121	harbor1	chr8	121272219	121272439	LTR/ERVL	442	+	110	121272329	34208
chr8	121238121	121438121	harbor1	chr8	121328362	121328837	LTR/ERVL	1036	+	238	121328600	90479
chr8	16306633	16506633	harbor1	chr8	16330755	16330993	LTR/ERVL	620	+	119	16330874	24241
chr8	16306633	16506633	harbor1	chr8	16348853	16349244	LTR/ERVL	808	+	196	16349049	42416
chr8	16306633	16506633	harbor1	chr8	16354535	16355006	LTR/ERVL	1539	+	236	16354771	48138
chr8	16306633	16506633	harbor1	chr8	16362339	16362779	LTR/ERVL	1155	+	220	16362559	55926
chr8	16306633	16506633	harbor1	chr8	16391964	16392085	LTR/ERVL	1387	+	60	16392024	85391
chr8	16306633	16506633	harbor1	chr8	16392379	16392703	LTR/ERVL	1387	+	162	16392541	85908
chr8	16306633	16506633	harbor1	chr8	16398433	16398953	LTR/ERVL	819	+	260	16398693	92060
chr8	93712207	93912207	harbor1	chr8	93788179	93788282	LTR/ERVL	521	+	52	93788231	76024
chr8	93712207	93912207	harbor1	chr8	93788582	93788665	LTR/ERVL	521	+	42	93788624	76417
chr8	68350672	68550672	harbor1	chr8	68429868	68430599	LTR/ERVL	2730	+	366	68430234	79562
chr8	144039108	144239108	harbor1	chr8	144075920	144076411	LTR/ERVL	1706	+	246	144076166	37058
chr8	144039108	144239108	harbor1	chr8	144076557	144076683	LTR/ERVL	418	+	63	144076620	37512
chr8	144039108	144239108	harbor1	chr8	144129816	144130026	LTR/ERVL	568	+	105	144129921	90813
chr8	91785182	91985182	harbor1	chr8	91825433	91825757	LTR/ERVL	1087	+	162	91825595	40413
chr8	91785182	91985182	harbor1	chr8	91833314	91833508	LTR/ERVL	660	+	97	91833411	48229
chr8	88358154	88558154	harbor1	chr8	88389546	88389729	LTR/ERVL	414	+	92	88389638	31484
chr8	88358154	88558154	harbor1	chr8	88400957	88401604	LTR/ERVL	1579	+	324	88401281	43127
chr8	88358154	88558154	harbor1	chr8	88440742	88441596	LTR/ERVL	2783	+	427	88441169	83015
chr8	78558162	78758162	harbor1	chr8	78571349	78571783	LTR/ERVL	718	+	217	78571566	13404
chr8	78952035	79152035	harbor1	chr8	78982555	78982847	LTR/ERVL	832	+	146	78982701	30666
chr8	78952035	79152035	harbor1	chr8	79027102	79027557	LTR/ERVL	2191	+	228	79027330	75295
chr8	78952035	79152035	harbor1	chr8	79041785	79042236	LTR/ERVL	1669	+	226	79042011	89976
chr8	78952035	79152035	harbor1	chr8	79050079	79050301	LTR/ERVL	679	+	111	79050190	98155
chr8	77387935	77587935	harbor1	chr8	77455417	77455658	LTR/ERVL	724	+	120	77455537	67602
chr8	77387935	77587935	harbor1	chr8	77462929	77463362	LTR/ERVL	1644	+	216	77463145	75210
chr8	127732869	127932869	harbor1	chr8	127774202	127774632	LTR/ERVL	1798	+	215	127774417	41548
chr8	127732869	127932869	harbor1	chr8	127780563	127780817	LTR/ERVL	507	+	127	127780690	47821
chr8	127732869	127932869	harbor1	chr8	127830649	127831042	LTR/ERVL	2962	+	196	127830845	97976
chr8	127732869	127932869	harbor1	chr8	127831139	127831212	LTR/ERVL	408	+	36	127831175	98306
chr8	62486179	62686179	harbor1	chr8	62490101	62490424	LTR/ERVL	645	+	162	62490263	4084
chr8	128341596	128541596	harbor1	chr8	128365856	128366267	LTR/ERVL	724	+	206	128366062	24466
chr8	3736271	3936271	harbor1	chr8	3762466	3762979	LTR/ERVL	2068	+	256	3762722	26451
chr8	3736271	3936271	harbor1	chr8	3834523	3834702	LTR/ERVL	568	+	90	3834613	98342
chr8	11332763	11532763	harbor1	chr8	11338021	11339028	LTR/ERVL	1194	+	504	11338525	5762
chr8	11332763	11532763	harbor1	chr8	11339068	11339445	LTR/ERVL	2244	+	188	11339256	6493
chr8	11332763	11532763	harbor1	chr8	11339654	11340005	LTR/ERVL	2244	+	176	11339830	7067
chr8	11332763	11532763	harbor1	chr8	11340311	11340451	LTR/ERVL	2244	+	70	11340381	7618
chr8	7244719	7444719	harbor1	chr8	7302794	7303135	LTR/ERVL	853	+	170	7302964	58245
chr8	93294409	93494409	harbor1	chr8	93336856	93337172	LTR/ERVL	488	+	158	93337014	42605
chr8	93294409	93494409	harbor1	chr8	93351627	93352419	LTR/ERVL	2942	+	396	93352023	57614
chr8	93294409	93494409	harbor1	chr8	93353200	93353795	LTR/ERVL	2562	+	298	93353498	59089
chr8	93294409	93494409	harbor1	chr8	93353832	93354363	LTR/ERVL	1614	+	266	93354098	59689
chr8	93294409	93494409	harbor1	chr8	93354674	93354879	LTR/ERVL	491	+	102	93354776	60367
chr8	79008310	79208310	harbor1	chr8	79027102	79027557	LTR/ERVL	2191	+	228	79027330	19020
chr8	79008310	79208310	harbor1	chr8	79041785	79042236	LTR/ERVL	1669	+	226	79042011	33701
chr8	79008310	79208310	harbor1	chr8	79050079	79050301	LTR/ERVL	679	+	111	79050190	41880
chr8	79008310	79208310	harbor1	chr8	79081956	79082325	LTR/ERVL	546	+	184	79082140	73830
chr8	103375333	103575333	harbor1	chr8	103391554	103391698	LTR/ERVL	2040	+	72	103391626	16293
chr8	103375333	103575333	harbor1	chr8	103392289	103392722	LTR/ERVL	2040	+	216	103392505	17172
chr8	103375333	103575333	harbor1	chr8	103393053	103393860	LTR/ERVL	1682	+	404	103393457	18124
chr8	103375333	103575333	harbor1	chr8	103393864	103394210	LTR/ERVL	1048	+	173	103394037	18704
chr8	103375333	103575333	harbor1	chr8	103397542	103397971	LTR/ERVL	1311	+	214	103397756	22423
chr8	103375333	103575333	harbor1	chr8	103470332	103470849	LTR/ERVL	1891	+	258	103470590	95257
chr8	111330827	111530827	harbor1	chr8	111342872	111343230	LTR/ERVL	1675	+	179	111343051	12224
chr8	111330827	111530827	harbor1	chr8	111352311	111352747	LTR/ERVL	884	+	218	111352529	21702
chr8	111330827	111530827	harbor1	chr8	111372041	111372544	LTR/ERVL	504	+	252	111372293	41466
chr8	111330827	111530827	harbor1	chr8	111375665	111376176	LTR/ERVL	832	+	256	111375921	45094
chr8	108747314	108947314	harbor1	chr8	108807803	108808061	LTR/ERVL	903	+	129	108807932	60618
chr8	108747314	108947314	harbor1	chr8	108831425	108831652	LTR/ERVL	398	+	114	108831539	84225
chr8	108747314	108947314	harbor1	chr8	108843986	108844139	LTR/ERVL	401	+	76	108844062	96748
chr8	108747314	108947314	harbor1	chr8	108844214	108844449	LTR/ERVL	759	+	118	108844332	97018
chr8	135881308	136081308	harbor1	chr8	135921831	135921996	LTR/ERVL	432	+	82	135921913	40605
chr8	135881308	136081308	harbor1	chr8	135922537	135923087	LTR/ERVL	1893	+	275	135922812	41504
chr8	135881308	136081308	harbor1	chr8	135928923	135929204	LTR/ERVL	540	+	140	135929063	47755
chr8	135881308	136081308	harbor1	chr8	135929250	135929570	LTR/ERVL	752	+	160	135929410	48102
chr8	135881308	136081308	harbor1	chr8	135948198	135948809	LTR/ERVL	764	+	306	135948504	67196
chr8	73540645	73740645	harbor1	chr8	73593512	73593860	LTR/ERVL	1502	+	174	73593686	53041
chr8	73540645	73740645	harbor1	chr8	73593907	73593946	LTR/ERVL	1502	+	20	73593927	53282
chr8	86664217	86864217	harbor1	chr8	86722499	86723034	LTR/ERVL	2974	+	268	86722767	58550
chr8	86664217	86864217	harbor1	chr8	86744971	86745515	LTR/ERVL	734	+	272	86745243	81026
chr8	1334703	1534703	harbor1	chr8	1409556	1410025	LTR/ERVL	1889	+	234	1409790	75087
chr8	131825492	132025492	harbor1	chr8	131889017	131889361	LTR/ERVL	1591	+	172	131889189	63697
chr8	131825492	132025492	harbor1	chr8	131890714	131890936	LTR/ERVL	464	+	111	131890825	65333
chr8	131825492	132025492	harbor1	chr8	131891691	131891885	LTR/ERVL	461	+	97	131891788	66296
chr8	50273379	50473379	harbor1	chr8	50369847	50371048	LTR/ERVL	4582	+	600	50370447	97068
chr8	50273379	50473379	harbor1	chr8	50371030	50371499	LTR/ERVL	2422	+	234	50371264	97885
chr8	76303631	76503631	harbor1	chr8	76306113	76306517	LTR/ERVL	1468	+	202	76306315	2684
chr8	76303631	76503631	harbor1	chr8	76317238	76317366	LTR/ERVL	550	+	64	76317302	13671
chr8	76303631	76503631	harbor1	chr8	76317381	76317784	LTR/ERVL	1003	+	202	76317583	13952
chr8	76303631	76503631	harbor1	chr8	76317997	76318359	LTR/ERVL	2029	+	181	76318178	14547
chr8	52734076	52934076	harbor1	chr8	52759874	52760048	LTR/ERVL	1001	+	87	52759961	25885
chr8	52734076	52934076	harbor1	chr8	52760049	52760445	LTR/ERVL	2345	+	198	52760247	26171
chr8	52734076	52934076	harbor1	chr8	52760453	52761264	LTR/ERVL	18725	+	406	52760859	26783
chr8	52734076	52934076	harbor1	chr8	52761555	52761905	LTR/ERVL	18725	+	175	52761730	27654
chr8	52734076	52934076	harbor1	chr8	52762211	52764266	LTR/ERVL	18725	+	1028	52763239	29163
chr8	52734076	52934076	harbor1	chr8	52764249	52765331	LTR/ERVL	8324	+	541	52764790	30714
chr8	52734076	52934076	harbor1	chr8	52765629	52765932	LTR/ERVL	8324	+	152	52765781	31705
chr8	52734076	52934076	harbor1	chr8	52765933	52766332	LTR/ERVL	2556	+	200	52766133	32057
chr8	52734076	52934076	harbor1	chr8	52766333	52766722	LTR/ERVL	1933	+	194	52766527	32451
chr8	52734076	52934076	harbor1	chr8	52766758	52767118	LTR/ERVL	1858	+	180	52766938	32862
chr8	52734076	52934076	harbor1	chr8	52775115	52775404	LTR/ERVL	1273	+	144	52775259	41183
chr8	17454242	17654242	harbor1	chr8	17472140	17472515	LTR/ERVL	398	+	188	17472328	18086
chr8	17454242	17654242	harbor1	chr8	17486392	17486691	LTR/ERVL	944	+	150	17486542	32300
chr8	17454242	17654242	harbor1	chr8	17486785	17487011	LTR/ERVL	428	+	113	17486898	32656
chr8	17454242	17654242	harbor1	chr8	17487355	17487717	LTR/ERVL	890	+	181	17487536	33294
chr8	29874083	30074083	harbor1	chr8	29927017	29927228	LTR/ERVL	669	+	106	29927123	53040
chr8	69790662	69990662	harbor1	chr8	69819102	69819605	LTR/ERVL	963	+	252	69819354	28692
chr8	69790662	69990662	harbor1	chr8	69840687	69841072	LTR/ERVL	1642	+	192	69840879	50217
chr8	69790662	69990662	harbor1	chr8	69841237	69841310	LTR/ERVL	1479	+	36	69841273	50611
chr8	69790662	69990662	harbor1	chr8	69841618	69842120	LTR/ERVL	1479	+	251	69841869	51207
chr8	69790662	69990662	harbor1	chr8	69880284	69880778	LTR/ERVL	2699	+	247	69880531	89869
chr8	69790662	69990662	harbor1	chr8	69880814	69880847	LTR/ERVL	2699	+	16	69880830	90168
chr8	69790662	69990662	harbor1	chr8	69881934	69882181	LTR/ERVL	1049	+	124	69882058	91396
chr8	51302061	51502061	harbor1	chr8	51327959	51328326	LTR/ERVL	1170	+	184	51328143	26082
chr8	76446295	76646295	harbor1	chr8	76478851	76479550	LTR/ERVL	653	+	350	76479201	32906
chr8	76446295	76646295	harbor1	chr8	76482848	76483357	LTR/ERVL	1786	+	254	76483102	36807
chr8	76446295	76646295	harbor1	chr8	76480500	76480622	LTR/ERVL	487	+	61	76480561	34266
chr8	17133482	17333482	harbor1	chr8	17147325	17147548	LTR/ERVL	544	+	112	17147437	13955
chr8	17133482	17333482	harbor1	chr8	17200179	17200376	LTR/ERVL	458	+	98	17200277	66795
chr8	135118460	135318460	harbor1	chr8	135123521	135123928	LTR/ERVL	1004	+	204	135123725	5265
chr8	135118460	135318460	harbor1	chr8	135133686	135133990	LTR/ERVL	740	+	152	135133838	15378
chr8	135118460	135318460	harbor1	chr8	135159590	135160138	LTR/ERVL	2126	+	274	135159864	41404
chr8	135118460	135318460	harbor1	chr8	135212007	135212261	LTR/ERVL	761	+	127	135212134	93674
chr8	40533354	40733354	harbor1	chr8	40539765	40540122	LTR/ERVL	1171	+	178	40539943	6589
chr8	40533354	40733354	harbor1	chr8	40540446	40540787	LTR/ERVL	1171	+	170	40540616	7262
chr8	40533354	40733354	harbor1	chr8	40561452	40561669	LTR/ERVL	669	+	108	40561560	28206
chr8	40533354	40733354	harbor1	chr8	40561891	40561917	LTR/ERVL	669	+	13	40561904	28550
chr8	40533354	40733354	harbor1	chr8	40591296	40591730	LTR/ERVL	823	+	217	40591513	58159
chr8	40533354	40733354	harbor1	chr8	40613734	40614243	LTR/ERVL	1304	+	254	40613988	80634
chr8	40533354	40733354	harbor1	chr8	40550134	40550461	LTR/ERVL	963	+	164	40550298	16944
chr8	62628898	62828898	harbor1	chr8	62643902	62644366	LTR/ERVL	463	+	232	62644134	15236
chr8	62628898	62828898	harbor1	chr8	62669000	62669395	LTR/ERVL	1299	+	198	62669198	40300
chr8	62628898	62828898	harbor1	chr8	62685990	62686419	LTR/ERVL	1224	+	214	62686204	57306
chr8	138374596	138574596	harbor1	chr8	138412618	138412972	LTR/ERVL	736	+	177	138412795	38199
chr8	138374596	138574596	harbor1	chr8	138441084	138441484	LTR/ERVL	631	+	200	138441284	66688
chr8	138374596	138574596	harbor1	chr8	138448168	138448684	LTR/ERVL	1295	+	258	138448426	73830
chr8	144654869	144854869	harbor1	chr8	144659040	144659156	LTR/ERVL	530	+	58	144659098	4229
chr8	93957880	94157880	harbor1	chr8	94025417	94025908	LTR/ERVL	1605	+	246	94025663	67783
chr8	93957880	94157880	harbor1	chr8	94047604	94048171	LTR/ERVL	3010	+	284	94047888	90008
chr8	111763340	111963340	harbor1	chr8	111798529	111798899	LTR/ERVL	853	+	185	111798714	35374
chr8	111763340	111963340	harbor1	chr8	111799321	111800644	LTR/ERVL	1825	+	662	111799983	36643
chr8	111763340	111963340	harbor1	chr8	111800654	111800802	LTR/ERVL	407	+	74	111800728	37388
chr8	117678044	117878044	harbor1	chr8	117727228	117727432	LTR/ERVL	756	+	102	117727330	49286
chr8	83516724	83716724	harbor1	chr8	83588874	83589323	LTR/ERVL	2122	+	224	83589098	72374
chr8	83781390	83981390	harbor1	chr8	83789790	83790353	LTR/ERVL	2148	+	282	83790072	8682
chr8	83781390	83981390	harbor1	chr8	83816299	83816856	LTR/ERVL	2568	+	278	83816577	35187
chr8	83559163	83759163	harbor1	chr8	83588874	83589323	LTR/ERVL	2122	+	224	83589098	29935
chr8	83559163	83759163	harbor1	chr8	83635997	83636270	LTR/ERVL	941	+	136	83636133	76970
chr8	29643995	29843995	harbor1	chr8	29693218	29693543	LTR/ERVL	673	+	162	29693380	49385
chr8	29643995	29843995	harbor1	chr8	29742786	29742922	LTR/ERVL	419	+	68	29742854	98859
chr8	76928466	77128466	harbor1	chr8	76931419	76931973	LTR/ERVL	823	+	277	76931696	3230
chr8	76928466	77128466	harbor1	chr8	76979506	76979936	LTR/ERVL	758	+	215	76979721	51255
chr8	76928466	77128466	harbor1	chr8	77019439	77019860	LTR/ERVL	830	+	210	77019649	91183
chr8	76928466	77128466	harbor1	chr8	77019983	77020268	LTR/ERVL	1046	+	142	77020125	91659
chr8	76928466	77128466	harbor1	chr8	77020560	77020932	LTR/ERVL	1046	+	186	77020746	92280
chr8	76928466	77128466	harbor1	chr8	77020930	77021098	LTR/ERVL	503	+	84	77021014	92548
chr8	76928466	77128466	harbor1	chr8	77026137	77026757	LTR/ERVL	2339	+	310	77026447	97981
chr8	76928466	77128466	harbor1	chr8	77027062	77027907	LTR/ERVL	2608	+	422	77027484	99018
chr8	76928466	77128466	harbor1	chr8	77028068	77028354	LTR/ERVL	1479	+	143	77028211	99745
chr8	55849607	56049607	harbor1	chr8	55853498	55853704	LTR/ERVL	1018	+	103	55853601	3994
chr8	55849607	56049607	harbor1	chr8	55870123	55870483	LTR/ERVL	1809	+	180	55870303	20696
chr8	138399787	138599787	harbor1	chr8	138412618	138412972	LTR/ERVL	736	+	177	138412795	13008
chr8	138399787	138599787	harbor1	chr8	138441084	138441484	LTR/ERVL	631	+	200	138441284	41497
chr8	138399787	138599787	harbor1	chr8	138448168	138448684	LTR/ERVL	1295	+	258	138448426	48639
chr8	138399787	138599787	harbor1	chr8	138486410	138486820	LTR/ERVL	1023	+	205	138486615	86828
chr8	52026599	52226599	harbor1	chr8	52096558	52096981	LTR/ERVL	857	+	212	52096770	70171
chr8	92157200	92357200	harbor1	chr8	92175870	92176231	LTR/ERVL	1237	+	180	92176050	18850
chr8	92157200	92357200	harbor1	chr8	92176523	92176592	LTR/ERVL	402	+	34	92176557	19357
chr8	92157200	92357200	harbor1	chr8	92176842	92177756	LTR/ERVL	2693	+	457	92177299	20099
chr8	92157200	92357200	harbor1	chr8	92209450	92209875	LTR/ERVL	1628	+	212	92209662	52462
chr8	92157200	92357200	harbor1	chr8	92230499	92230610	LTR/ERVL	1189	+	56	92230555	73355
chr8	92157200	92357200	harbor1	chr8	92232282	92232602	LTR/ERVL	1189	+	160	92232442	75242
chr8	20032794	20232794	harbor1	chr8	20104359	20104991	LTR/ERVL	1651	+	316	20104675	71881
chr8	101294461	101494461	harbor1	chr8	101316167	101316359	LTR/ERVL	577	+	96	101316263	21802
chr8	101294461	101494461	harbor1	chr8	101316813	101316942	LTR/ERVL	577	+	64	101316877	22416
chr8	101294461	101494461	harbor1	chr8	101322875	101323422	LTR/ERVL	1245	+	274	101323149	28688
chr8	54682124	54882124	harbor1	chr8	54779707	54779894	LTR/ERVL	713	+	94	54779801	97677
chr8	104428048	104628048	harbor1	chr8	104493456	104494086	LTR/ERVL	2576	+	315	104493771	65723
chr8	113616317	113816317	harbor1	chr8	113657688	113658108	LTR/ERVL	536	+	210	113657898	41581
chr8	113616317	113816317	harbor1	chr8	113660156	113660493	LTR/ERVL	454	+	168	113660324	44007
chr8	113616317	113816317	harbor1	chr8	113660897	113661158	LTR/ERVL	528	+	130	113661027	44710
chr8	113616317	113816317	harbor1	chr8	113672393	113672671	LTR/ERVL	494	+	139	113672532	56215
chr8	113616317	113816317	harbor1	chr8	113696326	113696788	LTR/ERVL	3030	+	231	113696557	80240
chr8	88643334	88843334	harbor1	chr8	88648647	88649051	LTR/ERVL	1237	+	202	88648849	5515
chr8	88643334	88843334	harbor1	chr8	88649080	88649128	LTR/ERVL	1237	+	24	88649104	5770
chr8	88643334	88843334	harbor1	chr8	88658850	88659373	LTR/ERVL	641	+	262	88659112	15778
chr8	88643334	88843334	harbor1	chr8	88740165	88740715	LTR/ERVL	2119	+	275	88740440	97106
chr8	3478227	3678227	harbor1	chr8	3486587	3486862	LTR/ERVL	533	+	138	3486725	8498
chr8	3478227	3678227	harbor1	chr8	3513471	3513584	LTR/ERVL	793	+	56	3513527	35300
chr8	3478227	3678227	harbor1	chr8	3542664	3543093	LTR/ERVL	1878	+	214	3542878	64651
chr8	11429778	11629778	harbor1	chr8	11462664	11462984	LTR/ERVL	512	+	160	11462824	33046
chr8	11429778	11629778	harbor1	chr8	11462999	11463166	LTR/ERVL	670	+	84	11463083	33305
chr8	77857681	78057681	harbor1	chr8	77857155	77859168	LTR/ERVL	6536	+	1006	77858161	480
chr8	77857681	78057681	harbor1	chr8	77928621	77928752	LTR/ERVL	615	+	66	77928687	71006
chr8	77857681	78057681	harbor1	chr8	77929129	77929281	LTR/ERVL	615	+	76	77929205	71524
chr8	140997045	141197045	harbor1	chr8	141040908	141041284	LTR/ERVL	900	+	188	141041096	44051
chr8	140997045	141197045	harbor1	chr8	141084124	141084415	LTR/ERVL	481	+	146	141084270	87225
chr8	140997045	141197045	harbor1	chr8	141066023	141066486	LTR/ERVL	1787	+	232	141066255	69210
chr8	122485414	122685414	harbor1	chr8	122486352	122486577	LTR/ERVL	533	+	112	122486464	1050
chr8	122485414	122685414	harbor1	chr8	122486811	122487046	LTR/ERVL	609	+	118	122486929	1515
chr8	122485414	122685414	harbor1	chr8	122524612	122525072	LTR/ERVL	1482	+	230	122524842	39428
chr8	122485414	122685414	harbor1	chr8	122527055	122527247	LTR/ERVL	528	+	96	122527151	41737
chr8	122485414	122685414	harbor1	chr8	122549159	122549820	LTR/ERVL	2001	+	330	122549489	64075
chr8	122485414	122685414	harbor1	chr8	122583177	122583329	LTR/ERVL	420	+	76	122583253	97839
chr8	138055735	138255735	harbor1	chr8	138059849	138060162	LTR/ERVL	470	+	156	138060005	4270
chr8	138055735	138255735	harbor1	chr8	138100884	138101398	LTR/ERVL	1312	+	257	138101141	45406
chr8	46014145	46214145	harbor1	chr8	46033221	46033524	LTR/ERVL	1100	+	152	46033373	19228
chr8	39467838	39667838	harbor1	chr8	39486102	39486305	LTR/ERVL	422	+	102	39486204	18366
chr8	39467838	39667838	harbor1	chr8	39514494	39514654	LTR/ERVL	505	+	80	39514574	46736
chr8	39467838	39667838	harbor1	chr8	39520605	39520891	LTR/ERVL	922	+	143	39520748	52910
chr8	39467838	39667838	harbor1	chr8	39527762	39528190	LTR/ERVL	1509	+	214	39527976	60138
chr8	39467838	39667838	harbor1	chr8	39559483	39559576	LTR/ERVL	437	+	46	39559529	91691
chr8	39467838	39667838	harbor1	chr8	39559601	39559748	LTR/ERVL	580	+	74	39559675	91837
chr8	39467838	39667838	harbor1	chr8	39559952	39560113	LTR/ERVL	547	+	80	39560032	92194
chr8	30215439	30415439	harbor1	chr8	30251203	30251704	LTR/ERVL	608	+	250	30251453	36014
chr8	30215439	30415439	harbor1	chr8	30252085	30252128	LTR/ERVL	408	+	22	30252107	36668
chr8	30215439	30415439	harbor1	chr8	30261661	30262105	LTR/ERVL	2270	+	222	30261883	46444
chr8	30215439	30415439	harbor1	chr8	30288647	30289099	LTR/ERVL	1743	+	226	30288873	73434
chr8	30215439	30415439	harbor1	chr8	30261231	30261296	LTR/ERVL	2270	+	32	30261263	45824
chr8	48242195	48442195	harbor1	chr8	48306343	48306792	LTR/ERVL	1771	+	224	48306567	64372
chr8	48242195	48442195	harbor1	chr8	48323774	48324154	LTR/ERVL	1313	+	190	48323964	81769
chr8	48242195	48442195	harbor1	chr8	48324208	48324242	LTR/ERVL	1029	+	17	48324225	82030
chr8	20069818	20269818	harbor1	chr8	20104359	20104991	LTR/ERVL	1651	+	316	20104675	34857
chr8	131623747	131823747	harbor1	chr8	131641201	131641632	LTR/ERVL	3198	+	216	131641417	17670
chr8	131623747	131823747	harbor1	chr8	131642725	131642941	LTR/ERVL	890	+	108	131642833	19086
chr8	21177681	21377681	harbor1	chr8	21221908	21222314	LTR/ERVL	2737	+	203	21222111	44430
chr8	21177681	21377681	harbor1	chr8	21222360	21222394	LTR/ERVL	2715	+	17	21222377	44696
chr8	121924768	122124768	harbor1	chr8	121940662	121940970	LTR/ERVL	420	+	154	121940816	16048
chr8	131580240	131780240	harbor1	chr8	131597508	131597680	LTR/ERVL	400	+	86	131597594	17354
chr8	131580240	131780240	harbor1	chr8	131597744	131598079	LTR/ERVL	906	+	168	131597912	17672
chr8	131580240	131780240	harbor1	chr8	131641201	131641632	LTR/ERVL	3198	+	216	131641417	61177
chr8	131580240	131780240	harbor1	chr8	131642725	131642941	LTR/ERVL	890	+	108	131642833	62593
chr8	41187673	41387673	harbor1	chr8	41211009	41211303	LTR/ERVL	534	+	147	41211156	23483
chr8	41187673	41387673	harbor1	chr8	41211632	41211997	LTR/ERVL	1540	+	182	41211814	24141
chr8	41187673	41387673	harbor1	chr8	41212016	41212513	LTR/ERVL	1871	+	248	41212264	24591
chr8	41187673	41387673	harbor1	chr8	41215556	41216043	LTR/ERVL	1560	+	244	41215800	28127
chr8	41187673	41387673	harbor1	chr8	41217127	41219556	LTR/ERVL	11777	+	1214	41218341	30668
chr8	41187673	41387673	harbor1	chr8	41220021	41220613	LTR/ERVL	11777	+	296	41220317	32644
chr8	41187673	41387673	harbor1	chr8	41220685	41221177	LTR/ERVL	1115	+	246	41220931	33258
chr8	41187673	41387673	harbor1	chr8	41221338	41221448	LTR/ERVL	1115	+	55	41221393	33720
chr8	41187673	41387673	harbor1	chr8	41273734	41274241	LTR/ERVL	1704	+	254	41273988	86315
chr8	137611141	137811141	harbor1	chr8	137645219	137645397	LTR/ERVL	498	+	89	137645308	34167
chr8	137611141	137811141	harbor1	chr8	137681665	137681963	LTR/ERVL	806	+	149	137681814	70673
chr8	137611141	137811141	harbor1	chr8	137691896	137692240	LTR/ERVL	661	+	172	137692068	80927
chr8	137611141	137811141	harbor1	chr8	137703830	137704567	LTR/ERVL	1545	+	368	137704198	93057
chr8	82878747	83078747	harbor1	chr8	82903151	82903601	LTR/ERVL	2044	+	225	82903376	24629
chr8	82878747	83078747	harbor1	chr8	82903643	82903681	LTR/ERVL	2044	+	19	82903662	24915
chr8	82878747	83078747	harbor1	chr8	82913001	82913055	LTR/ERVL	821	+	27	82913028	34281
chr8	82878747	83078747	harbor1	chr8	82913455	82913616	LTR/ERVL	821	+	80	82913535	34788
chr8	82878747	83078747	harbor1	chr8	82913792	82913954	LTR/ERVL	498	+	81	82913873	35126
chr8	82878747	83078747	harbor1	chr8	82914763	82914938	LTR/ERVL	625	+	88	82914851	36104
chr8	82878747	83078747	harbor1	chr8	82915266	82915683	LTR/ERVL	625	+	208	82915474	36727
chr8	82878747	83078747	harbor1	chr8	82915732	82916042	LTR/ERVL	521	+	155	82915887	37140
chr8	82878747	83078747	harbor1	chr8	82957985	82958416	LTR/ERVL	1674	+	216	82958201	79454
chr8	82878747	83078747	harbor1	chr8	82958474	82958513	LTR/ERVL	1674	+	20	82958494	79747
chr8	119194882	119394882	harbor1	chr8	119200632	119201127	LTR/ERVL	1055	+	248	119200880	5998
chr8	119194882	119394882	harbor1	chr8	119260197	119260627	LTR/ERVL	2357	+	215	119260412	65530
chr8	119194882	119394882	harbor1	chr8	119290794	119290961	LTR/ERVL	541	+	84	119290878	95996
chr8	75529986	75729986	harbor1	chr8	75571596	75571817	LTR/ERVL	704	+	110	75571706	41720
chr8	87611523	87811523	harbor1	chr8	87661215	87661354	LTR/ERVL	753	+	70	87661285	49762
chr8	87611523	87811523	harbor1	chr8	87661420	87661716	LTR/ERVL	1282	+	148	87661568	50045
chr8	87611523	87811523	harbor1	chr8	87662027	87662072	LTR/ERVL	1081	+	22	87662049	50526
chr8	114077220	114277220	harbor1	chr8	114117921	114118198	LTR/ERVL	749	+	138	114118059	40839
chr8	114077220	114277220	harbor1	chr8	114152197	114152718	LTR/ERVL	1859	+	260	114152457	75237
chr8	43125137	43325137	harbor1	chr8	43208145	43208743	LTR/ERVL	1622	+	299	43208444	83307
chr8	132428186	132628186	harbor1	chr8	132466523	132466689	LTR/ERVL	406	+	83	132466606	38420
chr8	132428186	132628186	harbor1	chr8	132484616	132484921	LTR/ERVL	1095	+	152	132484768	56582
chr8	132428186	132628186	harbor1	chr8	132512070	132512361	LTR/ERVL	719	+	146	132512216	84030
chr8	139275775	139475775	harbor1	chr8	139311263	139311851	LTR/ERVL	2317	+	294	139311557	35782
chr8	139275775	139475775	harbor1	chr8	139314647	139314900	LTR/ERVL	665	+	126	139314773	38998
chr8	139275775	139475775	harbor1	chr8	139315389	139316830	LTR/ERVL	1285	+	720	139316109	40334
chr8	139275775	139475775	harbor1	chr8	139319741	139320151	LTR/ERVL	993	+	205	139319946	44171
chr8	139275775	139475775	harbor1	chr8	139320361	139320374	LTR/ERVL	993	+	6	139320367	44592
chr8	139275775	139475775	harbor1	chr8	139320735	139320868	LTR/ERVL	993	+	66	139320801	45026
chr8	139275775	139475775	harbor1	chr8	139325023	139325257	LTR/ERVL	593	+	117	139325140	49365
chr8	139275775	139475775	harbor1	chr8	139325563	139325652	LTR/ERVL	1242	+	44	139325607	49832
chr8	139275775	139475775	harbor1	chr8	139325960	139326474	LTR/ERVL	1242	+	257	139326217	50442
chr8	139275775	139475775	harbor1	chr8	139326469	139327074	LTR/ERVL	1205	+	302	139326771	50996
chr8	139275775	139475775	harbor1	chr8	139334907	139335453	LTR/ERVL	1939	+	273	139335180	59405
chr8	139275775	139475775	harbor1	chr8	139335869	139336168	LTR/ERVL	763	+	150	139336019	60244
chr8	139275775	139475775	harbor1	chr8	139349729	139350245	LTR/ERVL	470	+	258	139349987	74212
chr9	3878977	4078977	harbor1	chr9	3904118	3904542	LTR/ERVL	1528	+	212	3904330	25353
chr9	3878977	4078977	harbor1	chr9	3907667	3907870	LTR/ERVL	484	+	102	3907769	28792
chr9	3878977	4078977	harbor1	chr9	3918293	3918708	LTR/ERVL	1493	+	208	3918501	39524
chr9	133562011	133762011	harbor1	chr9	133630186	133630476	LTR/ERVL	474	+	145	133630331	68320
chr9	41505391	41705391	harbor1	chr9	41542949	41543064	LTR/ERVL	1349	+	58	41543007	37616
chr9	41505391	41705391	harbor1	chr9	41543939	41544290	LTR/ERVL	1349	+	176	41544115	38724
chr9	4003941	4203941	harbor1	chr9	4010426	4010836	LTR/ERVL	1415	+	205	4010631	6690
chr9	4003941	4203941	harbor1	chr9	4066603	4067223	LTR/ERVL	1132	+	310	4066913	62972
chr9	4003941	4203941	harbor1	chr9	4077732	4078078	LTR/ERVL	563	+	173	4077905	73964
chr9	32537660	32737660	harbor1	chr9	32578229	32578871	LTR/ERVL	3665	+	321	32578550	40890
chr9	32537660	32737660	harbor1	chr9	32579422	32579525	LTR/ERVL	3665	+	52	32579474	41814
chr9	67017542	67217542	harbor1	chr9	67065432	67065734	LTR/ERVL	1305	+	151	67065583	48041
chr9	75220553	75420553	harbor1	chr9	75228991	75229312	LTR/ERVL	1928	+	160	75229151	8598
chr9	75220553	75420553	harbor1	chr9	75229395	75229532	LTR/ERVL	755	+	68	75229463	8910
chr9	75220553	75420553	harbor1	chr9	75229988	75230332	LTR/ERVL	2785	+	172	75230160	9607
chr9	75220553	75420553	harbor1	chr9	75280409	75281016	LTR/ERVL	1592	+	304	75280713	60160
chr9	75220553	75420553	harbor1	chr9	75281331	75281379	LTR/ERVL	1592	+	24	75281355	60802
chr9	75220553	75420553	harbor1	chr9	75290514	75290981	LTR/ERVL	1170	+	234	75290748	70195
chr9	99198133	99398133	harbor1	chr9	99235098	99235765	LTR/ERVL	1828	+	334	99235432	37299
chr9	99198133	99398133	harbor1	chr9	99237391	99237825	LTR/ERVL	1920	+	217	99237608	39475
chr9	99198133	99398133	harbor1	chr9	99238185	99238288	LTR/ERVL	1920	+	52	99238237	40104
chr9	72449973	72649973	harbor1	chr9	72486938	72488073	LTR/ERVL	9294	+	568	72487506	37533
chr9	72449973	72649973	harbor1	chr9	72488074	72488451	LTR/ERVL	3207	+	188	72488262	38289
chr9	72449973	72649973	harbor1	chr9	72488524	72488574	LTR/ERVL	3207	+	25	72488549	38576
chr9	72449973	72649973	harbor1	chr9	72499814	72499998	LTR/ERVL	1095	+	92	72499906	49933
chr9	72449973	72649973	harbor1	chr9	72500321	72500594	LTR/ERVL	952	+	136	72500457	50484
chr9	8025004	8225004	harbor1	chr9	8117355	8117713	LTR/ERVL	800	+	179	8117534	92530
chr9	132659716	132859716	harbor1	chr9	132704963	132705027	LTR/ERVL	894	+	32	132704995	45279
chr9	132659716	132859716	harbor1	chr9	132705336	132705711	LTR/ERVL	894	+	188	132705524	45808
chr9	132659716	132859716	harbor1	chr9	132706409	132706889	LTR/ERVL	1478	+	240	132706649	46933
chr9	132659716	132859716	harbor1	chr9	132727552	132728042	LTR/ERVL	2122	+	245	132727797	68081
chr9	76643690	76843690	harbor1	chr9	76653965	76654055	LTR/ERVL	481	+	45	76654010	10320
chr9	76643690	76843690	harbor1	chr9	76654046	76654197	LTR/ERVL	644	+	76	76654122	10432
chr9	76643690	76843690	harbor1	chr9	76696795	76697060	LTR/ERVL	581	+	132	76696927	53237
chr9	76643690	76843690	harbor1	chr9	76699297	76699780	LTR/ERVL	2502	+	242	76699539	55849
chr9	105625987	105825987	harbor1	chr9	105700977	105701213	LTR/ERVL	659	+	118	105701095	75108
chr9	7862446	8062446	harbor1	chr9	7919189	7919485	LTR/ERVL	858	+	148	7919337	56891
chr9	7862446	8062446	harbor1	chr9	7919659	7919752	LTR/ERVL	858	+	46	7919705	57259
chr9	31297537	31497537	harbor1	chr9	31320295	31320474	LTR/ERVL	555	+	90	31320385	22848
chr9	31297537	31497537	harbor1	chr9	31322034	31322625	LTR/ERVL	555	+	296	31322330	24793
chr9	66799737	66999737	harbor1	chr9	66865177	66865758	LTR/ERVL	2094	+	290	66865467	65730
chr9	91185735	91385735	harbor1	chr9	91186835	91187039	LTR/ERVL	440	+	102	91186937	1202
chr9	14383528	14583528	harbor1	chr9	14481234	14481483	LTR/ERVL	1006	+	124	14481358	97830
chr9	32971609	33171609	harbor1	chr9	33007792	33008037	LTR/ERVL	951	+	122	33007914	36305
chr9	102916109	103116109	harbor1	chr9	102917950	102918458	LTR/ERVL	1431	+	254	102918204	2095
chr9	102916109	103116109	harbor1	chr9	102943356	102943653	LTR/ERVL	562	+	148	102943504	27395
chr9	41349679	41549679	harbor1	chr9	41445845	41446355	LTR/ERVL	1344	+	255	41446100	96421
chr9	131943014	132143014	harbor1	chr9	131952049	131952221	LTR/ERVL	589	+	86	131952135	9121
chr9	131943014	132143014	harbor1	chr9	131952520	131952909	LTR/ERVL	1165	+	194	131952714	9700
chr9	131943014	132143014	harbor1	chr9	131993517	131993690	LTR/ERVL	2159	+	86	131993603	50589
chr9	131943014	132143014	harbor1	chr9	131994265	131994781	LTR/ERVL	2159	+	258	131994523	51509
chr9	131943014	132143014	harbor1	chr9	131994787	131996590	LTR/ERVL	5382	+	902	131995689	52675
chr9	131943014	132143014	harbor1	chr9	131997249	131997650	LTR/ERVL	912	+	200	131997449	54435
chr9	4066637	4266637	harbor1	chr9	4066603	4067223	LTR/ERVL	1132	+	310	4066913	276
chr9	4066637	4266637	harbor1	chr9	4077732	4078078	LTR/ERVL	563	+	173	4077905	11268
chr9	2291363	2491363	harbor1	chr9	2321574	2321837	LTR/ERVL	724	+	132	2321706	30343
chr9	2291363	2491363	harbor1	chr9	2322042	2322085	LTR/ERVL	724	+	22	2322064	30701
chr9	2291363	2491363	harbor1	chr9	2332557	2333102	LTR/ERVL	1110	+	272	2332829	41466
chr9	2291363	2491363	harbor1	chr9	2340124	2340427	LTR/ERVL	1001	+	152	2340276	48913
chr9	2291363	2491363	harbor1	chr9	2343101	2343385	LTR/ERVL	2103	+	142	2343243	51880
chr9	2291363	2491363	harbor1	chr9	2343399	2343561	LTR/ERVL	433	+	81	2343480	52117
chr9	2291363	2491363	harbor1	chr9	2378886	2379329	LTR/ERVL	1479	+	222	2379108	87745
chr9	2291363	2491363	harbor1	chr9	2341492	2343075	LTR/ERVL	2103	+	792	2342284	50921
chr9	120765303	120965303	harbor1	chr9	120841790	120842265	LTR/ERVL	2610	+	238	120842028	76725
chr9	26039697	26239697	harbor1	chr9	26103584	26103964	LTR/ERVL	2867	+	190	26103774	64077
chr9	26039697	26239697	harbor1	chr9	26105098	26110710	LTR/ERVL	42755	+	2806	26107904	68207
chr9	26039697	26239697	harbor1	chr9	26110711	26111016	LTR/ERVL	2179	+	152	26110863	71166
chr9	130699865	130899865	harbor1	chr9	130785021	130785220	LTR/ERVL	725	+	100	130785121	85256
chr9	130699865	130899865	harbor1	chr9	130786483	130786546	LTR/ERVL	426	+	32	130786515	86650
chr9	130699865	130899865	harbor1	chr9	130791386	130791939	LTR/ERVL	1926	+	276	130791662	91797
chr9	17040571	17240571	harbor1	chr9	17078372	17078777	LTR/ERVL	582	+	202	17078574	38003
chr9	17040571	17240571	harbor1	chr9	17129055	17129360	LTR/ERVL	441	+	152	17129207	88636
chr9	17040571	17240571	harbor1	chr9	17129655	17129775	LTR/ERVL	441	+	60	17129715	89144
chr9	86211152	86411152	harbor1	chr9	86222429	86222636	LTR/ERVL	541	+	104	86222533	11381
chr9	18536499	18736499	harbor1	chr9	18584621	18584821	LTR/ERVL	1040	+	100	18584721	48222
chr9	93869689	94069689	harbor1	chr9	93965197	93965410	LTR/ERVL	432	+	106	93965303	95614
chr9	93869689	94069689	harbor1	chr9	93969545	93969661	LTR/ERVL	16646	+	58	93969603	99914
chr9	101133813	101333813	harbor1	chr9	101178021	101179711	LTR/ERVL	13212	+	845	101178866	45053
chr9	101133813	101333813	harbor1	chr9	101179712	101180094	LTR/ERVL	2859	+	191	101179903	46090
chr9	101133813	101333813	harbor1	chr9	101200063	101200454	LTR/ERVL	981	+	196	101200259	66446
chr9	101133813	101333813	harbor1	chr9	101230343	101230749	LTR/ERVL	634	+	203	101230546	96733
chr9	23810440	24010440	harbor1	chr9	23884230	23884726	LTR/ERVL	2467	+	248	23884478	74038
chr9	23810440	24010440	harbor1	chr9	23902606	23903188	LTR/ERVL	2485	+	291	23902897	92457
chr9	23810440	24010440	harbor1	chr9	23904516	23904836	LTR/ERVL	1417	+	160	23904676	94236
chr9	40090947	40290947	harbor1	chr9	40183038	40183471	LTR/ERVL	1318	+	216	40183254	92307
chr9	40090947	40290947	harbor1	chr9	40183684	40183848	LTR/ERVL	1318	+	82	40183766	92819
chr9	40090947	40290947	harbor1	chr9	40184895	40185065	LTR/ERVL	1318	+	85	40184980	94033
chr9	90550377	90750377	harbor1	chr9	90599846	90600386	LTR/ERVL	2678	+	270	90600116	49739
chr9	104621899	104821899	harbor1	chr9	104691226	104691622	LTR/ERVL	2207	+	198	104691424	69525
chr9	112545496	112745496	harbor1	chr9	112561915	112562095	LTR/ERVL	644	+	90	112562005	16509
chr9	112545496	112745496	harbor1	chr9	112562437	112562702	LTR/ERVL	855	+	132	112562569	17073
chr9	112083273	112283273	harbor1	chr9	112114728	112115002	LTR/ERVL	483	+	137	112114865	31592
chr9	18102737	18302737	harbor1	chr9	18112282	18112610	LTR/ERVL	606	+	164	18112446	9709
chr9	102238113	102438113	harbor1	chr9	102249472	102249972	LTR/ERVL	2389	+	250	102249722	11609
chr9	102238113	102438113	harbor1	chr9	102294436	102294949	LTR/ERVL	2231	+	256	102294692	56579
chr9	102238113	102438113	harbor1	chr9	102295050	102295139	LTR/ERVL	2231	+	44	102295094	56981
chr9	40624274	40824274	harbor1	chr9	40636357	40636721	LTR/ERVL	2183	+	182	40636539	12265
chr9	40624274	40824274	harbor1	chr9	40643982	40644234	LTR/ERVL	427	+	126	40644108	19834
chr9	5788482	5988482	harbor1	chr9	5874272	5875090	LTR/ERVL	1365	+	409	5874681	86199
chr9	70857209	71057209	harbor1	chr9	70941059	70941612	LTR/ERVL	1942	+	276	70941335	84126
chr9	70857209	71057209	harbor1	chr9	70954793	70955166	LTR/ERVL	1032	+	186	70954979	97770
chr9	76870660	77070660	harbor1	chr9	76924408	76924931	LTR/ERVL	1089	+	262	76924670	54010
chr9	76870660	77070660	harbor1	chr9	76942261	76942655	LTR/ERVL	1482	+	197	76942458	71798
chr9	76870660	77070660	harbor1	chr9	76954753	76954829	LTR/ERVL	553	+	38	76954791	84131
chr9	76870660	77070660	harbor1	chr9	76956286	76956332	LTR/ERVL	553	+	23	76956309	85649
chr9	86317097	86517097	harbor1	chr9	86357869	86358528	LTR/ERVL	1985	+	330	86358199	41102
chr9	27651942	27851942	harbor1	chr9	27731946	27732334	LTR/ERVL	791	+	194	27732140	80198
chr9	27651942	27851942	harbor1	chr9	27744647	27745371	LTR/ERVL	641	+	362	27745009	93067
chr9	105410405	105610405	harbor1	chr9	105455104	105455203	LTR/ERVL	498	+	50	105455154	44749
chr9	105410405	105610405	harbor1	chr9	105455255	105455404	LTR/ERVL	781	+	74	105455329	44924
chr9	79499148	79699148	harbor1	chr9	79535421	79535886	LTR/ERVL	1983	+	232	79535653	36505
chr9	79499148	79699148	harbor1	chr9	79553267	79553721	LTR/ERVL	2669	+	227	79553494	54346
chr9	120887399	121087399	harbor1	chr9	120887471	120887620	LTR/ERVL	1114	+	74	120887545	146
chr9	78886424	79086424	harbor1	chr9	78899471	78899950	LTR/ERVL	1014	+	240	78899711	13287
chr9	78886424	79086424	harbor1	chr9	78900019	78900281	LTR/ERVL	548	+	131	78900150	13726
chr9	78886424	79086424	harbor1	chr9	78944210	78944708	LTR/ERVL	1068	+	249	78944459	58035
chr9	78886424	79086424	harbor1	chr9	78957342	78957743	LTR/ERVL	1445	+	200	78957542	71118
chr9	78886424	79086424	harbor1	chr9	78958116	78958564	LTR/ERVL	1513	+	224	78958340	71916
chr9	78886424	79086424	harbor1	chr9	78979188	78979756	LTR/ERVL	2643	+	284	78979472	93048
chr9	78886424	79086424	harbor1	chr9	78954257	78954662	LTR/ERVL	709	+	202	78954459	68035
chr9	97328355	97528355	harbor1	chr9	97380654	97381472	LTR/ERVL	4082	+	409	97381063	52708
chr9	97328355	97528355	harbor1	chr9	97383456	97383633	LTR/ERVL	2632	+	88	97383544	55189
chr9	97328355	97528355	harbor1	chr9	97383932	97384283	LTR/ERVL	2632	+	176	97384108	55753
chr9	112346402	112546402	harbor1	chr9	112348964	112349066	LTR/ERVL	495	+	51	112349015	2613
chr9	112346402	112546402	harbor1	chr9	112349178	112349578	LTR/ERVL	2298	+	200	112349378	2976
chr9	112346402	112546402	harbor1	chr9	112349893	112350027	LTR/ERVL	2298	+	67	112349960	3558
chr9	79185210	79385210	harbor1	chr9	79211742	79212305	LTR/ERVL	1932	+	282	79212024	26814
chr9	79185210	79385210	harbor1	chr9	79212373	79212550	LTR/ERVL	776	+	88	79212461	27251
chr9	79185210	79385210	harbor1	chr9	79225301	79225699	LTR/ERVL	1518	+	199	79225500	40290
chr9	106031212	106231212	harbor1	chr9	106038708	106038926	LTR/ERVL	556	+	109	106038817	7605
chr9	106031212	106231212	harbor1	chr9	106039421	106039967	LTR/ERVL	1992	+	273	106039694	8482
chr9	106031212	106231212	harbor1	chr9	106044644	106045162	LTR/ERVL	1081	+	259	106044903	13691
chr9	106031212	106231212	harbor1	chr9	106050757	106051008	LTR/ERVL	762	+	126	106050883	19671
chr9	106031212	106231212	harbor1	chr9	106103426	106103863	LTR/ERVL	3227	+	218	106103644	72432
chr9	106031212	106231212	harbor1	chr9	106109497	106110047	LTR/ERVL	2038	+	275	106109772	78560
chr9	106031212	106231212	harbor1	chr9	106122584	106123119	LTR/ERVL	1993	+	268	106122852	91640
chr9	106031212	106231212	harbor1	chr9	106123359	106123529	LTR/ERVL	544	+	85	106123444	92232
chr9	89812466	90012466	harbor1	chr9	89813075	89813526	LTR/ERVL	1416	+	226	89813301	835
chr9	89812466	90012466	harbor1	chr9	89822743	89823717	LTR/ERVL	1361	+	487	89823230	10764
chr9	89812466	90012466	harbor1	chr9	89826148	89826372	LTR/ERVL	507	+	112	89826260	13794
chr9	89812466	90012466	harbor1	chr9	89826626	89826835	LTR/ERVL	508	+	104	89826730	14264
chr9	89812466	90012466	harbor1	chr9	89834893	89835297	LTR/ERVL	1820	+	202	89835095	22629
chr9	67164397	67364397	harbor1	chr9	67259044	67259360	LTR/ERVL	1434	+	158	67259202	94805
chr9	20252645	20452645	harbor1	chr9	20258202	20258764	LTR/ERVL	3110	+	281	20258483	5838
chr9	20252645	20452645	harbor1	chr9	20258869	20258939	LTR/ERVL	3110	+	35	20258904	6259
chr9	26456896	26656896	harbor1	chr9	26537086	26537483	LTR/ERVL	1040	+	198	26537284	80388
chr9	102079509	102279509	harbor1	chr9	102099591	102100011	LTR/ERVL	833	+	210	102099801	20292
chr9	102079509	102279509	harbor1	chr9	102100034	102100241	LTR/ERVL	432	+	104	102100138	20629
chr9	102079509	102279509	harbor1	chr9	102100307	102100725	LTR/ERVL	989	+	209	102100516	21007
chr9	102079509	102279509	harbor1	chr9	102100920	102101255	LTR/ERVL	660	+	168	102101088	21579
chr9	102079509	102279509	harbor1	chr9	102101274	102101543	LTR/ERVL	703	+	134	102101408	21899
chr9	102079509	102279509	harbor1	chr9	102101555	102102067	LTR/ERVL	1143	+	256	102101811	22302
chr9	102079509	102279509	harbor1	chr9	102102255	102102407	LTR/ERVL	620	+	76	102102331	22822
chr9	102079509	102279509	harbor1	chr9	102145034	102145491	LTR/ERVL	1787	+	228	102145262	65753
chr9	93111564	93311564	harbor1	chr9	93154383	93154523	LTR/ERVL	508	+	70	93154453	42889
chr9	30451399	30651399	harbor1	chr9	30549459	30549724	LTR/ERVL	887	+	132	30549591	98192
chr9	65698429	65898429	harbor1	chr9	65747565	65747979	LTR/ERVL	1248	+	207	65747772	49343
chr9	65698429	65898429	harbor1	chr9	65748365	65748757	LTR/ERVL	1495	+	196	65748561	50132
chr9	65698429	65898429	harbor1	chr9	65761247	65761457	LTR/ERVL	439	+	105	65761352	62923
chr9	65698429	65898429	harbor1	chr9	65772421	65772867	LTR/ERVL	2804	+	223	65772644	74215
chr9	65698429	65898429	harbor1	chr9	65772868	65773130	LTR/ERVL	1717	+	131	65772999	74570
chr9	65698429	65898429	harbor1	chr9	65773120	65773617	LTR/ERVL	3368	+	248	65773368	74939
chr9	65698429	65898429	harbor1	chr9	65773611	65776053	LTR/ERVL	13735	+	1221	65774832	76403
chr9	65698429	65898429	harbor1	chr9	65776054	65776436	LTR/ERVL	2638	+	191	65776245	77816
chr9	73721646	73921646	harbor1	chr9	73721450	73721983	LTR/ERVL	2288	+	266	73721716	70
chr9	73721646	73921646	harbor1	chr9	73721984	73722959	LTR/ERVL	6593	+	488	73722472	826
chr9	73721646	73921646	harbor1	chr9	73722956	73723831	LTR/ERVL	6077	+	438	73723394	1748
chr9	73721646	73921646	harbor1	chr9	73811932	73812130	LTR/ERVL	630	+	99	73812031	90385
chr9	73721646	73921646	harbor1	chr9	73812533	73812856	LTR/ERVL	668	+	162	73812695	91049
chr9	73721646	73921646	harbor1	chr9	73812858	73813368	LTR/ERVL	1557	+	255	73813113	91467
chr9	73721646	73921646	harbor1	chr9	73813365	73813547	LTR/ERVL	543	+	91	73813456	91810
chr9	73721646	73921646	harbor1	chr9	73813927	73814270	LTR/ERVL	1324	+	172	73814099	92453
chr9	27511039	27711039	harbor1	chr9	27537122	27537524	LTR/ERVL	1116	+	201	27537323	26284
chr9	27511039	27711039	harbor1	chr9	27538075	27538545	LTR/ERVL	2125	+	235	27538310	27271
chr9	120415038	120615038	harbor1	chr9	120454530	120455000	LTR/ERVL	1249	+	235	120454765	39727
chr9	30261974	30461974	harbor1	chr9	30288957	30289313	LTR/ERVL	433	+	178	30289135	27161
chr9	30261974	30461974	harbor1	chr9	30298873	30299076	LTR/ERVL	1755	+	102	30298975	37001
chr9	30261974	30461974	harbor1	chr9	30300659	30300946	LTR/ERVL	1755	+	144	30300803	38829
chr9	30261974	30461974	harbor1	chr9	30303251	30307034	LTR/ERVL	19730	+	1892	30305143	43169
chr9	30261974	30461974	harbor1	chr9	30307595	30307700	LTR/ERVL	19730	+	52	30307647	45673
chr9	30261974	30461974	harbor1	chr9	30356220	30356410	LTR/ERVL	437	+	95	30356315	94341
chr9	13314251	13514251	harbor1	chr9	13330539	13330950	LTR/ERVL	1051	+	206	13330745	16494
chr9	134842360	135042360	harbor1	chr9	134877836	134878249	LTR/ERVL	2948	+	206	134878042	35682
chr9	134842360	135042360	harbor1	chr9	134924024	134926313	LTR/ERVL	24696	+	1144	134925168	82808
chr9	134842360	135042360	harbor1	chr9	134926624	134927286	LTR/ERVL	24696	+	331	134926955	84595
chr9	134842360	135042360	harbor1	chr9	134927595	134928027	LTR/ERVL	24696	+	216	134927811	85451
chr9	134842360	135042360	harbor1	chr9	134928028	134928569	LTR/ERVL	1995	+	270	134928298	85938
chr9	30161720	30361720	harbor1	chr9	30197986	30198206	LTR/ERVL	1123	+	110	30198096	36376
chr9	30161720	30361720	harbor1	chr9	30198284	30198506	LTR/ERVL	876	+	111	30198395	36675
chr9	30161720	30361720	harbor1	chr9	30198514	30198834	LTR/ERVL	1405	+	160	30198674	36954
chr9	30161720	30361720	harbor1	chr9	30198809	30199079	LTR/ERVL	1404	+	135	30198944	37224
chr9	30161720	30361720	harbor1	chr9	30199089	30199183	LTR/ERVL	512	+	47	30199136	37416
chr9	30161720	30361720	harbor1	chr9	30199176	30199522	LTR/ERVL	1135	+	173	30199349	37629
chr9	30161720	30361720	harbor1	chr9	30199522	30199754	LTR/ERVL	1117	+	116	30199638	37918
chr9	30161720	30361720	harbor1	chr9	30199754	30200566	LTR/ERVL	2946	+	406	30200160	38440
chr9	30161720	30361720	harbor1	chr9	30200575	30200664	LTR/ERVL	541	+	44	30200619	38899
chr9	30161720	30361720	harbor1	chr9	30200964	30201455	LTR/ERVL	798	+	246	30201210	39490
chr9	30161720	30361720	harbor1	chr9	30209480	30209783	LTR/ERVL	550	+	152	30209632	47912
chr9	113858073	114058073	harbor1	chr9	113954670	113955153	LTR/ERVL	1210	+	242	113954912	96839
chr9	96506681	96706681	harbor1	chr9	96524600	96524897	LTR/ERVL	1104	+	148	96524748	18067
chr9	96506681	96706681	harbor1	chr9	96571632	96572541	LTR/ERVL	4410	+	454	96572086	65405
chr9	96506681	96706681	harbor1	chr9	96582987	96583370	LTR/ERVL	2233	+	192	96583179	76498
chr9	96506681	96706681	harbor1	chr9	96583696	96583707	LTR/ERVL	2233	+	6	96583702	77021
chr9	96506681	96706681	harbor1	chr9	96584017	96584374	LTR/ERVL	2233	+	178	96584195	77514
chr9	96506681	96706681	harbor1	chr9	96605210	96605663	LTR/ERVL	1351	+	226	96605436	98755
chr9	123686554	123886554	harbor1	chr9	123694825	123695223	LTR/ERVL	2949	+	199	123695024	8470
chr9	123686554	123886554	harbor1	chr9	123695483	123695538	LTR/ERVL	395	+	28	123695511	8957
chr9	65508840	65708840	harbor1	chr9	65522733	65523252	LTR/ERVL	1914	+	260	65522993	14153
chr9	65508840	65708840	harbor1	chr9	65536724	65537071	LTR/ERVL	1231	+	174	65536898	28058
chr9	93089236	93289236	harbor1	chr9	93154383	93154523	LTR/ERVL	508	+	70	93154453	65217
chr9	82397978	82597978	harbor1	chr9	82426548	82426740	LTR/ERVL	572	+	96	82426644	28666
chr9	82397978	82597978	harbor1	chr9	82426788	82426807	LTR/ERVL	572	+	10	82426798	28820
chr9	82397978	82597978	harbor1	chr9	82447343	82447805	LTR/ERVL	2249	+	231	82447574	49596
chr9	82397978	82597978	harbor1	chr9	82451823	82452033	LTR/ERVL	436	+	105	82451928	53950
chr9	82397978	82597978	harbor1	chr9	82463834	82464614	LTR/ERVL	3081	+	390	82464224	66246
chr9	82397978	82597978	harbor1	chr9	82464822	82465030	LTR/ERVL	706	+	104	82464926	66948
chr9	82397978	82597978	harbor1	chr9	82469315	82469733	LTR/ERVL	1129	+	209	82469524	71546
chr9	82397978	82597978	harbor1	chr9	82477100	82477562	LTR/ERVL	2018	+	231	82477331	79353
chr9	119951073	120151073	harbor1	chr9	119982659	119983074	LTR/ERVL	1421	+	208	119982867	31794
chr9	119951073	120151073	harbor1	chr9	120007954	120008441	LTR/ERVL	640	+	244	120008198	57125
chr9	119951073	120151073	harbor1	chr9	120013312	120013855	LTR/ERVL	1856	+	272	120013584	62511
chr9	119951073	120151073	harbor1	chr9	120044445	120044686	LTR/ERVL	397	+	120	120044565	93492
chr9	94045412	94245412	harbor1	chr9	94106208	94106673	LTR/ERVL	1523	+	232	94106440	61028
chr9	20513613	20713613	harbor1	chr9	20546587	20547095	LTR/ERVL	2773	+	254	20546841	33228
chr9	20513613	20713613	harbor1	chr9	20577792	20577953	LTR/ERVL	529	+	80	20577872	64259
chr9	100146880	100346880	harbor1	chr9	100202179	100202313	LTR/ERVL	568	+	67	100202246	55366
chr9	35228235	35428235	harbor1	chr9	35286036	35286226	LTR/ERVL	770	+	95	35286131	57896
chr9	35228235	35428235	harbor1	chr9	35286495	35286563	LTR/ERVL	770	+	34	35286529	58294
chr9	35228235	35428235	harbor1	chr9	35286718	35286985	LTR/ERVL	886	+	134	35286852	58617
chr9	108937191	109137191	harbor1	chr9	108950569	108951006	LTR/ERVL	417	+	218	108950787	13596
chr9	108937191	109137191	harbor1	chr9	108951314	108951345	LTR/ERVL	417	+	16	108951330	14139
chr9	108937191	109137191	harbor1	chr9	108971897	108972375	LTR/ERVL	496	+	239	108972136	34945
chr9	39493110	39693110	harbor1	chr9	39492958	39493475	LTR/ERVL	2620	+	258	39493216	106
chr9	39493110	39693110	harbor1	chr9	39500406	39500911	LTR/ERVL	1669	+	252	39500658	7548
chr9	39493110	39693110	harbor1	chr9	39502566	39502977	LTR/ERVL	1570	+	206	39502772	9662
chr9	39493110	39693110	harbor1	chr9	39514005	39514219	LTR/ERVL	437	+	107	39514112	21002
chr9	39493110	39693110	harbor1	chr9	39561051	39561446	LTR/ERVL	1640	+	198	39561249	68139
chr9	108657153	108857153	harbor1	chr9	108723070	108723738	LTR/ERVL	1502	+	334	108723404	66251
chr9	108657153	108857153	harbor1	chr9	108745934	108746377	LTR/ERVL	938	+	222	108746156	89003
chr9	110364429	110564429	harbor1	chr9	110391726	110392209	LTR/ERVL	1615	+	242	110391968	27539
chr9	110364429	110564429	harbor1	chr9	110437034	110437494	LTR/ERVL	898	+	230	110437264	72835
chr9	97940368	98140368	harbor1	chr9	97965278	97965512	LTR/ERVL	769	+	117	97965395	25027
chr9	11326079	11526079	harbor1	chr9	11361084	11361473	LTR/ERVL	1942	+	194	11361278	35199
chr9	11326079	11526079	harbor1	chr9	11395764	11396022	LTR/ERVL	479	+	129	11395893	69814
chr9	11326079	11526079	harbor1	chr9	11398942	11399204	LTR/ERVL	1468	+	131	11399073	72994
chr9	11326079	11526079	harbor1	chr9	11399269	11399427	LTR/ERVL	1468	+	79	11399348	73269
chr9	11326079	11526079	harbor1	chr9	11412952	11413166	LTR/ERVL	1016	+	107	11413059	86980
chr9	11326079	11526079	harbor1	chr9	11414641	11414874	LTR/ERVL	587	+	116	11414757	88678
chr9	11326079	11526079	harbor1	chr9	11414881	11415098	LTR/ERVL	3821	+	108	11414989	88910
chr9	11326079	11526079	harbor1	chr9	11415099	11415565	LTR/ERVL	2461	+	233	11415332	89253
chr9	11326079	11526079	harbor1	chr9	11415566	11416284	LTR/ERVL	3821	+	359	11415925	89846
chr9	9228833	9428833	harbor1	chr9	9230409	9230746	LTR/ERVL	1375	+	168	9230577	1744
chr9	82655761	82855761	harbor1	chr9	82676920	82677940	LTR/ERVL	3038	+	510	82677430	21669
chr9	82655761	82855761	harbor1	chr9	82677951	82678281	LTR/ERVL	866	+	165	82678116	22355
chr9	63594163	63794163	harbor1	chr9	63641004	63641510	LTR/ERVL	1642	+	253	63641257	47094
chr9	63594163	63794163	harbor1	chr9	63654224	63654831	LTR/ERVL	1631	+	304	63654528	60365
chr9	79993953	80193953	harbor1	chr9	80022463	80022904	LTR/ERVL	2027	+	220	80022683	28730
chr9	79993953	80193953	harbor1	chr9	80023263	80023735	LTR/ERVL	2193	+	236	80023499	29546
chr9	97934917	98134917	harbor1	chr9	97965278	97965512	LTR/ERVL	769	+	117	97965395	30478
chr9	14161184	14361184	harbor1	chr9	14192462	14192890	LTR/ERVL	713	+	214	14192676	31492
chr9	109147291	109347291	harbor1	chr9	109153053	109153767	LTR/ERVL	1666	+	357	109153410	6119
chr9	109147291	109347291	harbor1	chr9	109153863	109154414	LTR/ERVL	765	+	276	109154139	6848
chr9	109147291	109347291	harbor1	chr9	109159275	109159388	LTR/ERVL	1661	+	56	109159331	12040
chr9	109147291	109347291	harbor1	chr9	109159681	109159987	LTR/ERVL	1661	+	153	109159834	12543
chr9	109147291	109347291	harbor1	chr9	109206716	109207240	LTR/ERVL	1272	+	262	109206978	59687
chr9	109147291	109347291	harbor1	chr9	109226092	109226580	LTR/ERVL	1645	+	244	109226336	79045
chr9	67508600	67708600	harbor1	chr9	67523445	67523771	LTR/ERVL	974	+	163	67523608	15008
chr9	67508600	67708600	harbor1	chr9	67541801	67542118	LTR/ERVL	1769	+	158	67541959	33359
chr9	67508600	67708600	harbor1	chr9	67547473	67547546	LTR/ERVL	548	+	36	67547509	38909
chr9	67508600	67708600	harbor1	chr9	67547775	67547922	LTR/ERVL	548	+	74	67547849	39249
chr9	67508600	67708600	harbor1	chr9	67548180	67548743	LTR/ERVL	3362	+	282	67548462	39862
chr9	67508600	67708600	harbor1	chr9	67555396	67555810	LTR/ERVL	1831	+	207	67555603	47003
chr9	67508600	67708600	harbor1	chr9	67555898	67556493	LTR/ERVL	3170	+	298	67556196	47596
chr9	67508600	67708600	harbor1	chr9	67556804	67556838	LTR/ERVL	3164	+	17	67556821	48221
chr9	6658963	6858963	harbor1	chr9	6706759	6706836	LTR/ERVL	2171	+	38	6706797	47834
chr9	6658963	6858963	harbor1	chr9	6707124	6707147	LTR/ERVL	2171	+	12	6707136	48173
chr9	6658963	6858963	harbor1	chr9	6707454	6707771	LTR/ERVL	2171	+	158	6707612	48649
chr9	6658963	6858963	harbor1	chr9	6723717	6723818	LTR/ERVL	485	+	50	6723767	64804
chr9	6658963	6858963	harbor1	chr9	6724130	6724498	LTR/ERVL	586	+	184	6724314	65351
chr9	6658963	6858963	harbor1	chr9	6728092	6728247	LTR/ERVL	796	+	78	6728170	69207
chr9	6658963	6858963	harbor1	chr9	6729561	6729827	LTR/ERVL	2146	+	133	6729694	70731
chr9	6658963	6858963	harbor1	chr9	6730130	6730282	LTR/ERVL	2146	+	76	6730206	71243
chr9	6658963	6858963	harbor1	chr9	6733191	6733601	LTR/ERVL	2911	+	205	6733396	74433
chr9	6658963	6858963	harbor1	chr9	6734151	6734287	LTR/ERVL	2911	+	68	6734219	75256
chr9	6658963	6858963	harbor1	chr9	6735169	6735390	LTR/ERVL	737	+	110	6735279	76316
chr9	6658963	6858963	harbor1	chr9	6700799	6701276	LTR/ERVL	1276	+	238	6701037	42074
chr9	132916076	133116076	harbor1	chr9	132949024	132949202	LTR/ERVL	395	+	89	132949113	33037
chr9	132916076	133116076	harbor1	chr9	132951214	132951487	LTR/ERVL	994	+	136	132951350	35274
chr9	34493522	34693522	harbor1	chr9	34563176	34563624	LTR/ERVL	1216	+	224	34563400	69878
chr9	31039427	31239427	harbor1	chr9	31081925	31082345	LTR/ERVL	1083	+	210	31082135	42708
chr9	119394101	119594101	harbor1	chr9	119411888	119412156	LTR/ERVL	819	+	134	119412022	17921
chr9	119394101	119594101	harbor1	chr9	119413597	119414044	LTR/ERVL	3335	+	224	119413821	19720
chr9	119394101	119594101	harbor1	chr9	119437446	119437501	LTR/ERVL	937	+	28	119437474	43373
chr9	119394101	119594101	harbor1	chr9	119437989	119438391	LTR/ERVL	937	+	201	119438190	44089
chr9	119394101	119594101	harbor1	chr9	119463299	119463838	LTR/ERVL	1478	+	270	119463569	69468
chr9	112822031	113022031	harbor1	chr9	112907945	112907983	LTR/ERVL	501	+	19	112907964	85933
chr9	112822031	113022031	harbor1	chr9	112908292	112908707	LTR/ERVL	550	+	208	112908500	86469
chr9	112822031	113022031	harbor1	chr9	112909119	112910663	LTR/ERVL	2787	+	772	112909891	87860
chr9	13144466	13344466	harbor1	chr9	13224996	13225131	LTR/ERVL	437	+	68	13225064	80598
chr9	13144466	13344466	harbor1	chr9	13225798	13226115	LTR/ERVL	1137	+	158	13225956	81490
chr9	24632905	24832905	harbor1	chr9	24675559	24675905	LTR/ERVL	797	+	173	24675732	42827
chr9	24632905	24832905	harbor1	chr9	24724794	24724971	LTR/ERVL	868	+	88	24724882	91977
chr9	24632905	24832905	harbor1	chr9	24725323	24725533	LTR/ERVL	868	+	105	24725428	92523
chr9	131695081	131895081	harbor1	chr9	131772971	131773449	LTR/ERVL	2423	+	239	131773210	78129
chr9	131695081	131895081	harbor1	chr9	131773753	131773834	LTR/ERVL	2423	+	40	131773793	78712
chr9	31249949	31449949	harbor1	chr9	31320295	31320474	LTR/ERVL	555	+	90	31320385	70436
chr9	31249949	31449949	harbor1	chr9	31322034	31322625	LTR/ERVL	555	+	296	31322330	72381
chr9	115862386	116062386	harbor1	chr9	115916294	115916709	LTR/ERVL	1340	+	208	115916502	54116
chr9	115862386	116062386	harbor1	chr9	115930997	115931302	LTR/ERVL	427	+	152	115931149	68763
chr9	80880506	81080506	harbor1	chr9	80939253	80939753	LTR/ERVL	2251	+	250	80939503	58997
chr9	80880506	81080506	harbor1	chr9	80966879	80967432	LTR/ERVL	2022	+	276	80967155	86649
chr9	80880506	81080506	harbor1	chr9	80973954	80974417	LTR/ERVL	3545	+	232	80974186	93680
chr9	80880506	81080506	harbor1	chr9	80975119	80975532	LTR/ERVL	3545	+	206	80975325	94819
chr9	104672672	104872672	harbor1	chr9	104691226	104691622	LTR/ERVL	2207	+	198	104691424	18752
chr9	83339820	83539820	harbor1	chr9	83344352	83344817	LTR/ERVL	2676	+	232	83344584	4764
chr9	83339820	83539820	harbor1	chr9	83344859	83344898	LTR/ERVL	2676	+	20	83344879	5059
chr9	83339820	83539820	harbor1	chr9	83379680	83380073	LTR/ERVL	962	+	196	83379876	40056
chr9	32301727	32501727	harbor1	chr9	32305379	32305466	LTR/ERVL	445	+	44	32305423	3696
chr9	32301727	32501727	harbor1	chr9	32338932	32339539	LTR/ERVL	1115	+	304	32339236	37509
chr9	32301727	32501727	harbor1	chr9	32362296	32362697	LTR/ERVL	817	+	200	32362496	60769
chr9	95355105	95555105	harbor1	chr9	95376941	95377316	LTR/ERVL	1777	+	188	95377129	22024
chr9	95355105	95555105	harbor1	chr9	95430413	95430599	LTR/ERVL	452	+	93	95430506	75401
chr9	95355105	95555105	harbor1	chr9	95430638	95430831	LTR/ERVL	551	+	96	95430734	75629
chr9	95355105	95555105	harbor1	chr9	95430868	95431012	LTR/ERVL	591	+	72	95430940	75835
chr9	95355105	95555105	harbor1	chr9	95431031	95431333	LTR/ERVL	484	+	151	95431182	76077
chr9	95355105	95555105	harbor1	chr9	95431671	95431721	LTR/ERVL	484	+	25	95431696	76591
chr9	95355105	95555105	harbor1	chr9	95434424	95434622	LTR/ERVL	672	+	99	95434523	79418
chr9	10057263	10257263	harbor1	chr9	10126676	10127222	LTR/ERVL	1509	+	273	10126949	69686
chr9	88019469	88219469	harbor1	chr9	88059964	88060165	LTR/ERVL	672	+	100	88060064	40595
chr9	88019469	88219469	harbor1	chr9	88060463	88060624	LTR/ERVL	672	+	80	88060543	41074
chr9	88019469	88219469	harbor1	chr9	88081579	88082166	LTR/ERVL	4229	+	294	88081873	62404
chr9	88019469	88219469	harbor1	chr9	88082459	88082841	LTR/ERVL	4229	+	191	88082650	63181
chr9	75813361	76013361	harbor1	chr9	75857013	75857468	LTR/ERVL	1607	+	228	75857241	43880
chr9	76830450	77030450	harbor1	chr9	76924408	76924931	LTR/ERVL	1089	+	262	76924670	94220
chr9	42054965	42254965	harbor1	chr9	42087268	42087626	LTR/ERVL	1275	+	179	42087447	32482
chr9	42054965	42254965	harbor1	chr9	42121036	42121394	LTR/ERVL	663	+	179	42121215	66250
chr9	115314293	115514293	harbor1	chr9	115330810	115331378	LTR/ERVL	1943	+	284	115331094	16801
chr9	115314293	115514293	harbor1	chr9	115346205	115346754	LTR/ERVL	2142	+	274	115346479	32186
chr9	115314293	115514293	harbor1	chr9	115372342	115372710	LTR/ERVL	2008	+	184	115372526	58233
chr9	115314293	115514293	harbor1	chr9	115372777	115372809	LTR/ERVL	2008	+	16	115372793	58500
chr9	26135317	26335317	harbor1	chr9	26140120	26140603	LTR/ERVL	1836	+	242	26140362	5045
chr9	26135317	26335317	harbor1	chr9	26234782	26235313	LTR/ERVL	1713	+	266	26235048	99731
chr9	26046237	26246237	harbor1	chr9	26103584	26103964	LTR/ERVL	2867	+	190	26103774	57537
chr9	26046237	26246237	harbor1	chr9	26105098	26110710	LTR/ERVL	42755	+	2806	26107904	61667
chr9	26046237	26246237	harbor1	chr9	26110711	26111016	LTR/ERVL	2179	+	152	26110863	64626
chr9	26046237	26246237	harbor1	chr9	26140120	26140603	LTR/ERVL	1836	+	242	26140362	94125
chr9	133507300	133707300	harbor1	chr9	133550119	133550257	LTR/ERVL	445	+	69	133550188	42888
chr9	94328521	94528521	harbor1	chr9	94350615	94351403	LTR/ERVL	4666	+	394	94351009	22488
chr9	94328521	94528521	harbor1	chr9	94371210	94371422	LTR/ERVL	1180	+	106	94371316	42795
chr9	94328521	94528521	harbor1	chr9	94421576	94421905	LTR/ERVL	1625	+	164	94421740	93219
chr9	94328521	94528521	harbor1	chr9	94422171	94422407	LTR/ERVL	1625	+	118	94422289	93768
chr9	135473597	135673597	harbor1	chr9	135533607	135533793	LTR/ERVL	549	+	93	135533700	60103
chr9	135473597	135673597	harbor1	chr9	135534154	135534605	LTR/ERVL	1391	+	226	135534380	60783
chr9	108094146	108294146	harbor1	chr9	108174068	108174446	LTR/ERVL	941	+	189	108174257	80111
chr9	108094146	108294146	harbor1	chr9	108180009	108180339	LTR/ERVL	1357	+	165	108180174	86028
chr9	111742767	111942767	harbor1	chr9	111776480	111776829	LTR/ERVL	1295	+	174	111776654	33887
chr9	111742767	111942767	harbor1	chr9	111777551	111777604	LTR/ERVL	1295	+	26	111777577	34810
chr9	9084854	9284854	harbor1	chr9	9097730	9097959	LTR/ERVL	1061	+	114	9097844	12990
chr9	9084854	9284854	harbor1	chr9	9106851	9107319	LTR/ERVL	624	+	234	9107085	22231
chr9	9084854	9284854	harbor1	chr9	9142786	9143200	LTR/ERVL	428	+	207	9142993	58139
chr9	5824117	6024117	harbor1	chr9	5874272	5875090	LTR/ERVL	1365	+	409	5874681	50564
chr9	12780629	12980629	harbor1	chr9	12853254	12853637	LTR/ERVL	757	+	192	12853446	72817
chr9	12780629	12980629	harbor1	chr9	12853795	12854071	LTR/ERVL	682	+	138	12853933	73304
chr9	12780629	12980629	harbor1	chr9	12854087	12854637	LTR/ERVL	873	+	275	12854362	73733
chr9	12780629	12980629	harbor1	chr9	12855151	12855589	LTR/ERVL	525	+	219	12855370	74741
chr9	60722568	60922568	harbor1	chr9	60749007	60749295	LTR/ERVL	1228	+	144	60749151	26583
chr9	60722568	60922568	harbor1	chr9	60752513	60752801	LTR/ERVL	944	+	144	60752657	30089
chr9	91546426	91746426	harbor1	chr9	91556181	91556549	LTR/ERVL	817	+	184	91556365	9939
chr9	91546426	91746426	harbor1	chr9	91619678	91619788	LTR/ERVL	400	+	55	91619733	73307
chr9	91546426	91746426	harbor1	chr9	91620618	91620746	LTR/ERVL	400	+	64	91620682	74256
chr9	91546426	91746426	harbor1	chr9	91633171	91633459	LTR/ERVL	555	+	144	91633315	86889
chr9	91546426	91746426	harbor1	chr9	91637087	91637190	LTR/ERVL	392	+	52	91637139	90713
chr9	91546426	91746426	harbor1	chr9	91637459	91637667	LTR/ERVL	852	+	104	91637563	91137
chr9	9991754	10191754	harbor1	chr9	10031254	10031647	LTR/ERVL	2652	+	196	10031450	39696
chr9	9991754	10191754	harbor1	chr9	10031683	10031703	LTR/ERVL	2652	+	10	10031693	39939
chr9	116109417	116309417	harbor1	chr9	116113670	116113895	LTR/ERVL	1506	+	112	116113782	4365
chr9	116109417	116309417	harbor1	chr9	116114637	116114878	LTR/ERVL	1506	+	120	116114757	5340
chr9	20992485	21192485	harbor1	chr9	21055091	21055460	LTR/ERVL	2244	+	184	21055275	62790
chr9	20992485	21192485	harbor1	chr9	21055500	21055605	LTR/ERVL	2244	+	52	21055552	63067
chr9	81144151	81344151	harbor1	chr9	81208397	81208943	LTR/ERVL	1822	+	273	81208670	64519
chr9	81144151	81344151	harbor1	chr9	81209257	81209439	LTR/ERVL	713	+	91	81209348	65197
chr9	81144151	81344151	harbor1	chr9	81210428	81210695	LTR/ERVL	1423	+	134	81210562	66411
chr9	81144151	81344151	harbor1	chr9	81210989	81211289	LTR/ERVL	1423	+	150	81211139	66988
chr9	81144151	81344151	harbor1	chr9	81211486	81212110	LTR/ERVL	1132	+	312	81211798	67647
chr9	81144151	81344151	harbor1	chr9	81212911	81213417	LTR/ERVL	477	+	253	81213164	69013
chr9	81144151	81344151	harbor1	chr9	81213560	81213696	LTR/ERVL	446	+	68	81213628	69477
chr9	63056402	63256402	harbor1	chr9	63100706	63101025	LTR/ERVL	477	+	160	63100866	44464
chr9	63056402	63256402	harbor1	chr9	63109131	63109204	LTR/ERVL	1418	+	36	63109167	52765
chr9	63056402	63256402	harbor1	chr9	63109827	63110096	LTR/ERVL	1418	+	134	63109961	53559
chr9	135900303	136100303	harbor1	chr9	135964526	135964734	LTR/ERVL	538	+	104	135964630	64327
chr9	135900303	136100303	harbor1	chr9	135976221	135976978	LTR/ERVL	2707	+	378	135976599	76296
chr9	12488388	12688388	harbor1	chr9	12525359	12525930	LTR/ERVL	1076	+	286	12525645	37257
chr9	12488388	12688388	harbor1	chr9	12531601	12532165	LTR/ERVL	1384	+	282	12531883	43495
chr9	12488388	12688388	harbor1	chr9	12548718	12549207	LTR/ERVL	1771	+	244	12548962	60574
chr9	103556930	103756930	harbor1	chr9	103629196	103629558	LTR/ERVL	455	+	181	103629377	72447
chr9	3155861	3355861	harbor1	chr9	3177424	3177978	LTR/ERVL	3016	+	277	3177701	21840
chr9	3155861	3355861	harbor1	chr9	3214883	3215793	LTR/ERVL	1079	+	455	3215338	59477
chr9	67856824	68056824	harbor1	chr9	67876964	67877119	LTR/ERVL	652	+	78	67877042	20218
chr9	83107406	83307406	harbor1	chr9	83186817	83187252	LTR/ERVL	1269	+	218	83187035	79629
chr9	75434788	75634788	harbor1	chr9	75488698	75488898	LTR/ERVL	421	+	100	75488798	54010
chr9	41463643	41663643	harbor1	chr9	41482154	41482578	LTR/ERVL	1136	+	212	41482366	18723
chr9	41463643	41663643	harbor1	chr9	41490303	41490789	LTR/ERVL	992	+	243	41490546	26903
chr9	41463643	41663643	harbor1	chr9	41497140	41497698	LTR/ERVL	1404	+	279	41497419	33776
chr9	41463643	41663643	harbor1	chr9	41542949	41543064	LTR/ERVL	1349	+	58	41543007	79364
chr9	41463643	41663643	harbor1	chr9	41543939	41544290	LTR/ERVL	1349	+	176	41544115	80472
chr9	22095800	22295800	harbor1	chr9	22147338	22147802	LTR/ERVL	466	+	232	22147570	51770
chr9	22095800	22295800	harbor1	chr9	22148328	22148807	LTR/ERVL	923	+	240	22148568	52768
chr9	22095800	22295800	harbor1	chr9	22153472	22153737	LTR/ERVL	566	+	132	22153604	57804
chr9	5555290	5755290	harbor1	chr9	5574914	5575273	LTR/ERVL	1439	+	180	5575094	19804
chr9	5555290	5755290	harbor1	chr9	5593030	5593554	LTR/ERVL	1867	+	262	5593292	38002
chr9	5555290	5755290	harbor1	chr9	5602842	5603034	LTR/ERVL	635	+	96	5602938	47648
chr9	5555290	5755290	harbor1	chr9	5612416	5612776	LTR/ERVL	1266	+	180	5612596	57306
chr9	32450299	32650299	harbor1	chr9	32472394	32472439	LTR/ERVL	579	+	22	32472416	22117
chr9	32450299	32650299	harbor1	chr9	32472618	32472744	LTR/ERVL	579	+	63	32472681	22382
chr9	32450299	32650299	harbor1	chr9	32496270	32496758	LTR/ERVL	2392	+	244	32496514	46215
chr9	60723286	60923286	harbor1	chr9	60749007	60749295	LTR/ERVL	1228	+	144	60749151	25865
chr9	60723286	60923286	harbor1	chr9	60752513	60752801	LTR/ERVL	944	+	144	60752657	29371
chr9	74070575	74270575	harbor1	chr9	74147429	74147937	LTR/ERVL	1835	+	254	74147683	77108
chr9	117301944	117501944	harbor1	chr9	117310463	117310617	LTR/ERVL	1146	+	77	117310540	8596
chr9	117301944	117501944	harbor1	chr9	117310919	117311135	LTR/ERVL	1146	+	108	117311027	9083
chr9	117301944	117501944	harbor1	chr9	117362305	117362632	LTR/ERVL	814	+	164	117362469	60525
chr9	117301944	117501944	harbor1	chr9	117362633	117363054	LTR/ERVL	1768	+	210	117362843	60899
chr9	117301944	117501944	harbor1	chr9	117363055	117363198	LTR/ERVL	814	+	72	117363127	61183
chr9	75741255	75941255	harbor1	chr9	75791624	75792065	LTR/ERVL	3408	+	220	75791844	50589
chr9	75741255	75941255	harbor1	chr9	75797023	75797507	LTR/ERVL	1153	+	242	75797265	56010
chr9	103693031	103893031	harbor1	chr9	103714835	103715207	LTR/ERVL	956	+	186	103715021	21990
chr9	103693031	103893031	harbor1	chr9	103715221	103715514	LTR/ERVL	792	+	146	103715367	22336
chr9	103693031	103893031	harbor1	chr9	103715922	103716017	LTR/ERVL	792	+	48	103715970	22939
chr9	103693031	103893031	harbor1	chr9	103728871	103729223	LTR/ERVL	1238	+	176	103729047	36016
chr9	103693031	103893031	harbor1	chr9	103754032	103754424	LTR/ERVL	2888	+	196	103754228	61197
chr9	103693031	103893031	harbor1	chr9	103754475	103754516	LTR/ERVL	2888	+	20	103754495	61464
chr9	105618764	105818764	harbor1	chr9	105700977	105701213	LTR/ERVL	659	+	118	105701095	82331
chr9	83038004	83238004	harbor1	chr9	83044721	83045089	LTR/ERVL	1878	+	184	83044905	6901
chr9	97217247	97417247	harbor1	chr9	97235992	97236387	LTR/ERVL	1696	+	198	97236190	18943
chr9	97217247	97417247	harbor1	chr9	97263898	97264111	LTR/ERVL	641	+	106	97264004	46757
chr9	8915027	9115027	harbor1	chr9	8992407	8992965	LTR/ERVL	1160	+	279	8992686	77659
chr9	8915027	9115027	harbor1	chr9	9010371	9010653	LTR/ERVL	891	+	141	9010512	95485
chr9	5897981	6097981	harbor1	chr9	5981084	5981284	LTR/ERVL	430	+	100	5981184	83203
chr9	77720294	77920294	harbor1	chr9	77755531	77755841	LTR/ERVL	2303	+	155	77755686	35392
chr9	77720294	77920294	harbor1	chr9	77755842	77756289	LTR/ERVL	3097	+	224	77756066	35772
chr9	69483863	69683863	harbor1	chr9	69582936	69583412	LTR/ERVL	2337	+	238	69583174	99311
chr9	95957197	96157197	harbor1	chr9	96029782	96030009	LTR/ERVL	1203	+	114	96029896	72699
chr9	95957197	96157197	harbor1	chr9	96030795	96031084	LTR/ERVL	1203	+	144	96030939	73742
chr9	95957197	96157197	harbor1	chr9	96043837	96043913	LTR/ERVL	601	+	38	96043875	86678
chr9	95957197	96157197	harbor1	chr9	96044206	96044300	LTR/ERVL	601	+	47	96044253	87056
chr9	95957197	96157197	harbor1	chr9	96044373	96045681	LTR/ERVL	6680	+	654	96045027	87830
chr9	95957197	96157197	harbor1	chr9	96045680	96046093	LTR/ERVL	2261	+	206	96045886	88689
chr9	95957197	96157197	harbor1	chr9	96046176	96046932	LTR/ERVL	3910	+	378	96046554	89357
chr9	28274486	28474486	harbor1	chr9	28290324	28290444	LTR/ERVL	1304	+	60	28290384	15898
chr9	28274486	28474486	harbor1	chr9	28290898	28291234	LTR/ERVL	1304	+	168	28291066	16580
chr9	79489472	79689472	harbor1	chr9	79535421	79535886	LTR/ERVL	1983	+	232	79535653	46181
chr9	79489472	79689472	harbor1	chr9	79553267	79553721	LTR/ERVL	2669	+	227	79553494	64022
chr9	104583925	104783925	harbor1	chr9	104594978	104595441	LTR/ERVL	1333	+	232	104595210	11285
chr9	28470617	28670617	harbor1	chr9	28493622	28494074	LTR/ERVL	3178	+	226	28493848	23231
chr9	28470617	28670617	harbor1	chr9	28532964	28533491	LTR/ERVL	2168	+	264	28533228	62611
chr9	28470617	28670617	harbor1	chr9	28560162	28560576	LTR/ERVL	1255	+	207	28560369	89752
chr9	69810002	70010002	harbor1	chr9	69854590	69855095	LTR/ERVL	1330	+	252	69854842	44840
chr9	69810002	70010002	harbor1	chr9	69895030	69895335	LTR/ERVL	1564	+	152	69895182	85180
chr9	69810002	70010002	harbor1	chr9	69895371	69895438	LTR/ERVL	1564	+	34	69895405	85403
chr9	69810002	70010002	harbor1	chr9	69899523	69899985	LTR/ERVL	2388	+	231	69899754	89752
chr9	75592951	75792951	harbor1	chr9	75601062	75601440	LTR/ERVL	1281	+	189	75601251	8300
chr9	75592951	75792951	harbor1	chr9	75606485	75606687	LTR/ERVL	412	+	101	75606586	13635
chr9	75592951	75792951	harbor1	chr9	75657239	75657643	LTR/ERVL	1361	+	202	75657441	64490
chr9	75592951	75792951	harbor1	chr9	75682070	75682567	LTR/ERVL	2344	+	248	75682318	89367
chr9	127682046	127882046	harbor1	chr9	127698696	127698790	LTR/ERVL	536	+	47	127698743	16697
chr9	40293644	40493644	harbor1	chr9	40327130	40327436	LTR/ERVL	1096	+	153	40327283	33639
chr9	40293644	40493644	harbor1	chr9	40362899	40363078	LTR/ERVL	469	+	90	40362989	69345
chr9	86651377	86851377	harbor1	chr9	86701480	86701839	LTR/ERVL	1287	+	180	86701660	50283
chr9	86651377	86851377	harbor1	chr9	86737988	86738095	LTR/ERVL	437	+	54	86738042	86665
chr9	86651377	86851377	harbor1	chr9	86738385	86738434	LTR/ERVL	437	+	24	86738409	87032
chr9	63405485	63605485	harbor1	chr9	63435579	63435943	LTR/ERVL	2183	+	182	63435761	30276
chr9	63405485	63605485	harbor1	chr9	63443210	63443462	LTR/ERVL	446	+	126	63443336	37851
chr9	112259390	112459390	harbor1	chr9	112305159	112305659	LTR/ERVL	2730	+	250	112305409	46019
chr9	112259390	112459390	harbor1	chr9	112305968	112306123	LTR/ERVL	2730	+	78	112306046	46656
chr9	112259390	112459390	harbor1	chr9	112341883	112342381	LTR/ERVL	2883	+	249	112342132	82742
chr9	112259390	112459390	harbor1	chr9	112348964	112349066	LTR/ERVL	495	+	51	112349015	89625
chr9	112259390	112459390	harbor1	chr9	112349178	112349578	LTR/ERVL	2298	+	200	112349378	89988
chr9	112259390	112459390	harbor1	chr9	112349893	112350027	LTR/ERVL	2298	+	67	112349960	90570
chr9	2332356	2532356	harbor1	chr9	2332557	2333102	LTR/ERVL	1110	+	272	2332829	473
chr9	2332356	2532356	harbor1	chr9	2340124	2340427	LTR/ERVL	1001	+	152	2340276	7920
chr9	2332356	2532356	harbor1	chr9	2343101	2343385	LTR/ERVL	2103	+	142	2343243	10887
chr9	2332356	2532356	harbor1	chr9	2343399	2343561	LTR/ERVL	433	+	81	2343480	11124
chr9	2332356	2532356	harbor1	chr9	2378886	2379329	LTR/ERVL	1479	+	222	2379108	46752
chr9	2332356	2532356	harbor1	chr9	2431043	2431395	LTR/ERVL	792	+	176	2431219	98863
chr9	2332356	2532356	harbor1	chr9	2341492	2343075	LTR/ERVL	2103	+	792	2342284	9928
chr9	103553360	103753360	harbor1	chr9	103629196	103629558	LTR/ERVL	455	+	181	103629377	76017
chr9	1497790	1697790	harbor1	chr9	1525938	1526289	LTR/ERVL	479	+	176	1526114	28324
chr9	1497790	1697790	harbor1	chr9	1533938	1534141	LTR/ERVL	1093	+	102	1534040	36250
chr9	1497790	1697790	harbor1	chr9	1534199	1534760	LTR/ERVL	2231	+	280	1534479	36689
chr9	1497790	1697790	harbor1	chr9	1553534	1553705	LTR/ERVL	401	+	86	1553620	55830
chr9	1497790	1697790	harbor1	chr9	1553706	1554070	LTR/ERVL	648	+	182	1553888	56098
chr9	1497790	1697790	harbor1	chr9	1556112	1556245	LTR/ERVL	483	+	66	1556178	58388
chr9	3683116	3883116	harbor1	chr9	3765540	3765725	LTR/ERVL	771	+	92	3765632	82516
chr9	3683116	3883116	harbor1	chr9	3769651	3770009	LTR/ERVL	990	+	179	3769830	86714
chr9	89317707	89517707	harbor1	chr9	89374539	89374649	LTR/ERVL	516	+	55	89374594	56887
chr9	28829925	29029925	harbor1	chr9	28860196	28860564	LTR/ERVL	1511	+	184	28860380	30455
chr9	28829925	29029925	harbor1	chr9	28921704	28922191	LTR/ERVL	920	+	244	28921948	92023
chr9	28829925	29029925	harbor1	chr9	28925193	28925741	LTR/ERVL	1901	+	274	28925467	95542
chr9	135147248	135347248	harbor1	chr9	135181711	135182270	LTR/ERVL	2265	+	280	135181991	34743
chr9	135147248	135347248	harbor1	chr9	135205330	135205568	LTR/ERVL	405	+	119	135205449	58201
chr9	135147248	135347248	harbor1	chr9	135207472	135208003	LTR/ERVL	1789	+	266	135207738	60490
chr9	135147248	135347248	harbor1	chr9	135208475	135208565	LTR/ERVL	1398	+	45	135208520	61272
chr9	29831035	30031035	harbor1	chr9	29905523	29905929	LTR/ERVL	683	+	203	29905726	74691
chr9	14132865	14332865	harbor1	chr9	14192462	14192890	LTR/ERVL	713	+	214	14192676	59811
chr9	126831670	127031670	harbor1	chr9	126838486	126838853	LTR/ERVL	1378	+	184	126838670	7000
chr9	126831670	127031670	harbor1	chr9	126896259	126896462	LTR/ERVL	440	+	102	126896361	64691
chr9	126831670	127031670	harbor1	chr9	126897082	126897123	LTR/ERVL	440	+	20	126897102	65432
chr9	126831670	127031670	harbor1	chr9	126897449	126898097	LTR/ERVL	1434	+	324	126897773	66103
chr9	126831670	127031670	harbor1	chr9	126898088	126898162	LTR/ERVL	508	+	37	126898125	66455
chr9	126831670	127031670	harbor1	chr9	126898792	126898962	LTR/ERVL	508	+	85	126898877	67207
chr9	126831670	127031670	harbor1	chr9	126901044	126901497	LTR/ERVL	1651	+	226	126901270	69600
chr9	126831670	127031670	harbor1	chr9	126903079	126903199	LTR/ERVL	3256	+	60	126903139	71469
chr9	126831670	127031670	harbor1	chr9	126903510	126903712	LTR/ERVL	3256	+	101	126903611	71941
chr9	126831670	127031670	harbor1	chr9	126904484	126905176	LTR/ERVL	3256	+	346	126904830	73160
chr9	40029931	40229931	harbor1	chr9	40044448	40044943	LTR/ERVL	1747	+	248	40044696	14765
chr9	40029931	40229931	harbor1	chr9	40057565	40058172	LTR/ERVL	1613	+	304	40057869	27938
chr9	88967479	89167479	harbor1	chr9	89008685	89008957	LTR/ERVL	926	+	136	89008821	41342
chr9	10143963	10343963	harbor1	chr9	10189091	10189295	LTR/ERVL	1149	+	102	10189193	45230
chr9	120136111	120336111	harbor1	chr9	120171723	120171917	LTR/ERVL	617	+	97	120171820	35709
chr9	120136111	120336111	harbor1	chr9	120185422	120185570	LTR/ERVL	733	+	74	120185496	49385
chr9	120136111	120336111	harbor1	chr9	120221930	120222355	LTR/ERVL	1398	+	212	120222142	86031
chr9	9100607	9300607	harbor1	chr9	9106851	9107319	LTR/ERVL	624	+	234	9107085	6478
chr9	9100607	9300607	harbor1	chr9	9142786	9143200	LTR/ERVL	428	+	207	9142993	42386
chr9	82872493	83072493	harbor1	chr9	82928242	82928545	LTR/ERVL	470	+	152	82928394	55901
chr9	115955565	116155565	harbor1	chr9	116014745	116015039	LTR/ERVL	1024	+	147	116014892	59327
chr9	115955565	116155565	harbor1	chr9	116019066	116019182	LTR/ERVL	400	+	58	116019124	63559
chr9	115955565	116155565	harbor1	chr9	116021939	116022254	LTR/ERVL	1060	+	158	116022097	66532
chr9	115955565	116155565	harbor1	chr9	116023473	116023558	LTR/ERVL	480	+	42	116023515	67950
chr9	115955565	116155565	harbor1	chr9	116032757	116033413	LTR/ERVL	2502	+	328	116033085	77520
chr9	115955565	116155565	harbor1	chr9	116033471	116033504	LTR/ERVL	2502	+	16	116033487	77922
chr9	81299449	81499449	harbor1	chr9	81314389	81314961	LTR/ERVL	2137	+	286	81314675	15226
chr10	10162357	10362357	harbor1	chr10	10186862	10187095	LTR/ERVL	496	+	116	10186978	24621
chr10	10162357	10362357	harbor1	chr10	10260332	10260803	LTR/ERVL	1578	+	236	10260568	98211
chr10	46426123	46626123	harbor1	chr10	46453193	46453346	LTR/ERVL	565	+	76	46453269	27146
chr10	46426123	46626123	harbor1	chr10	46459270	46459724	LTR/ERVL	2670	+	227	46459497	33374
chr10	46426123	46626123	harbor1	chr10	46471430	46471996	LTR/ERVL	1736	+	283	46471713	45590
chr10	114102790	114302790	harbor1	chr10	114105609	114106100	LTR/ERVL	2227	+	246	114105855	3065
chr10	114102790	114302790	harbor1	chr10	114146007	114146189	LTR/ERVL	578	+	91	114146098	43308
chr10	114102790	114302790	harbor1	chr10	114146264	114146424	LTR/ERVL	581	+	80	114146344	43554
chr10	91668655	91868655	harbor1	chr10	91676075	91676612	LTR/ERVL	1047	+	268	91676343	7688
chr10	91668655	91868655	harbor1	chr10	91720894	91721268	LTR/ERVL	971	+	187	91721081	52426
chr10	91668655	91868655	harbor1	chr10	91767682	91768201	LTR/ERVL	1270	+	260	91767942	99287
chr10	100027665	100227665	harbor1	chr10	100051273	100051532	LTR/ERVL	1490	+	130	100051403	23738
chr10	100027665	100227665	harbor1	chr10	100051829	100051900	LTR/ERVL	1490	+	36	100051865	24200
chr10	100027665	100227665	harbor1	chr10	100052516	100052588	LTR/ERVL	1490	+	36	100052552	24887
chr10	100027665	100227665	harbor1	chr10	100053066	100053356	LTR/ERVL	1126	+	145	100053211	25546
chr10	100027665	100227665	harbor1	chr10	100053645	100053782	LTR/ERVL	1126	+	68	100053713	26048
chr10	100027665	100227665	harbor1	chr10	100118590	100118763	LTR/ERVL	678	+	86	100118676	91011
chr10	31157405	31357405	harbor1	chr10	31176407	31176713	LTR/ERVL	1425	+	153	31176560	19155
chr10	31157405	31357405	harbor1	chr10	31195234	31195588	LTR/ERVL	1426	+	177	31195411	38006
chr10	31157405	31357405	harbor1	chr10	31210790	31211013	LTR/ERVL	473	+	112	31210902	53497
chr10	55810898	56010898	harbor1	chr10	55818625	55818960	LTR/ERVL	1279	+	168	55818793	7895
chr10	55810898	56010898	harbor1	chr10	55819718	55819822	LTR/ERVL	516	+	52	55819770	8872
chr10	55810898	56010898	harbor1	chr10	55820504	55820673	LTR/ERVL	516	+	84	55820588	9690
chr10	55810898	56010898	harbor1	chr10	55820899	55822057	LTR/ERVL	15137	+	579	55821478	10580
chr10	55810898	56010898	harbor1	chr10	55822906	55823267	LTR/ERVL	15137	+	180	55823086	12188
chr10	55810898	56010898	harbor1	chr10	55823692	55826019	LTR/ERVL	15137	+	1164	55824856	13958
chr10	79031335	79231335	harbor1	chr10	79038776	79038853	LTR/ERVL	2860	+	38	79038814	7479
chr10	79031335	79231335	harbor1	chr10	79039295	79039766	LTR/ERVL	2860	+	236	79039531	8196
chr10	100039454	100239454	harbor1	chr10	100051273	100051532	LTR/ERVL	1490	+	130	100051403	11949
chr10	100039454	100239454	harbor1	chr10	100051829	100051900	LTR/ERVL	1490	+	36	100051865	12411
chr10	100039454	100239454	harbor1	chr10	100052516	100052588	LTR/ERVL	1490	+	36	100052552	13098
chr10	100039454	100239454	harbor1	chr10	100053066	100053356	LTR/ERVL	1126	+	145	100053211	13757
chr10	100039454	100239454	harbor1	chr10	100053645	100053782	LTR/ERVL	1126	+	68	100053713	14259
chr10	100039454	100239454	harbor1	chr10	100118590	100118763	LTR/ERVL	678	+	86	100118676	79222
chr10	100039454	100239454	harbor1	chr10	100134627	100135248	LTR/ERVL	1748	+	310	100134937	95483
chr10	81140489	81340489	harbor1	chr10	81204013	81204549	LTR/ERVL	2489	+	268	81204281	63792
chr10	81140489	81340489	harbor1	chr10	81204550	81205218	LTR/ERVL	4688	+	334	81204884	64395
chr10	81140489	81340489	harbor1	chr10	81205214	81207162	LTR/ERVL	11508	+	974	81206188	65699
chr10	81140489	81340489	harbor1	chr10	81207201	81207748	LTR/ERVL	2134	+	274	81207475	66986
chr10	81140489	81340489	harbor1	chr10	81223741	81224425	LTR/ERVL	4501	+	342	81224083	83594
chr10	3224552	3424552	harbor1	chr10	3275148	3275605	LTR/ERVL	1115	+	228	3275376	50824
chr10	3224552	3424552	harbor1	chr10	3301281	3301327	LTR/ERVL	730	+	23	3301304	76752
chr10	3224552	3424552	harbor1	chr10	3301626	3301810	LTR/ERVL	730	+	92	3301718	77166
chr10	3224552	3424552	harbor1	chr10	3301811	3302252	LTR/ERVL	2051	+	220	3302031	77479
chr10	3224552	3424552	harbor1	chr10	3302253	3302343	LTR/ERVL	730	+	45	3302298	77746
chr10	3224552	3424552	harbor1	chr10	3308762	3309167	LTR/ERVL	1418	+	202	3308964	84412
chr10	3224552	3424552	harbor1	chr10	3321599	3322142	LTR/ERVL	2207	+	272	3321871	97319
chr10	33601166	33801166	harbor1	chr10	33631299	33631695	LTR/ERVL	1683	+	198	33631497	30331
chr10	33601166	33801166	harbor1	chr10	33644310	33644711	LTR/ERVL	932	+	200	33644510	43344
chr10	33601166	33801166	harbor1	chr10	33644771	33644782	LTR/ERVL	514	+	6	33644777	43611
chr10	33601166	33801166	harbor1	chr10	33678353	33678690	LTR/ERVL	1555	+	168	33678521	77355
chr10	113654605	113854605	harbor1	chr10	113742464	113742811	LTR/ERVL	1250	+	174	113742638	88033
chr10	113654605	113854605	harbor1	chr10	113744594	113744905	LTR/ERVL	760	+	156	113744750	90145
chr10	86265950	86465950	harbor1	chr10	86304924	86305263	LTR/ERVL	1781	+	170	86305094	39144
chr10	86265950	86465950	harbor1	chr10	86309068	86309609	LTR/ERVL	739	+	270	86309338	43388
chr10	86265950	86465950	harbor1	chr10	86332365	86332595	LTR/ERVL	576	+	115	86332480	66530
chr10	86265950	86465950	harbor1	chr10	86344821	86345106	LTR/ERVL	488	+	142	86344963	79013
chr10	1929438	2129438	harbor1	chr10	1935437	1935659	LTR/ERVL	798	+	111	1935548	6110
chr10	1929438	2129438	harbor1	chr10	1935721	1936442	LTR/ERVL	2863	+	360	1936081	6643
chr10	1929438	2129438	harbor1	chr10	1946540	1946820	LTR/ERVL	467	+	140	1946680	17242
chr10	88994270	89194270	harbor1	chr10	89047304	89047655	LTR/ERVL	751	+	176	89047480	53210
chr10	88994270	89194270	harbor1	chr10	89055201	89055635	LTR/ERVL	1494	+	217	89055418	61148
chr10	88994270	89194270	harbor1	chr10	89070202	89070602	LTR/ERVL	1917	+	200	89070402	76132
chr10	88994270	89194270	harbor1	chr10	89092815	89093172	LTR/ERVL	980	+	178	89092993	98723
chr10	17443424	17643424	harbor1	chr10	17516935	17517170	LTR/ERVL	1209	+	118	17517053	73629
chr10	17443424	17643424	harbor1	chr10	17517478	17517691	LTR/ERVL	1209	+	106	17517584	74160
chr10	17443424	17643424	harbor1	chr10	17523317	17523700	LTR/ERVL	2301	+	192	17523509	80085
chr10	51994090	52194090	harbor1	chr10	52080918	52081128	LTR/ERVL	845	+	105	52081023	86933
chr10	113443729	113643729	harbor1	chr10	113461620	113461757	LTR/ERVL	468	+	68	113461688	17959
chr10	113443729	113643729	harbor1	chr10	113491415	113491783	LTR/ERVL	1068	+	184	113491599	47870
chr10	61325394	61525394	harbor1	chr10	61375781	61376178	LTR/ERVL	2895	+	198	61375979	50585
chr10	9597269	9797269	harbor1	chr10	9668553	9669004	LTR/ERVL	1259	+	226	9668779	71510
chr10	117399857	117599857	harbor1	chr10	117405385	117405488	LTR/ERVL	526	+	52	117405437	5580
chr10	117399857	117599857	harbor1	chr10	117465712	117465733	LTR/ERVL	2462	+	10	117465722	65865
chr10	117399857	117599857	harbor1	chr10	117466043	117466554	LTR/ERVL	2462	+	256	117466299	66442
chr10	117399857	117599857	harbor1	chr10	117468706	117469122	LTR/ERVL	1952	+	208	117468914	69057
chr10	117399857	117599857	harbor1	chr10	117469420	117469478	LTR/ERVL	1339	+	29	117469449	69592
chr10	59736820	59936820	harbor1	chr10	59782377	59782644	LTR/ERVL	544	+	134	59782511	45691
chr10	26420839	26620839	harbor1	chr10	26426319	26426490	LTR/ERVL	513	+	86	26426405	5566
chr10	80545960	80745960	harbor1	chr10	80645439	80645777	LTR/ERVL	623	+	169	80645608	99648
chr10	88328642	88528642	harbor1	chr10	88369253	88369686	LTR/ERVL	1324	+	216	88369469	40827
chr10	88328642	88528642	harbor1	chr10	88369986	88370054	LTR/ERVL	1324	+	34	88370020	41378
chr10	75816889	76016889	harbor1	chr10	75848851	75849196	LTR/ERVL	983	+	172	75849023	32134
chr10	75816889	76016889	harbor1	chr10	75871167	75871668	LTR/ERVL	1554	+	250	75871417	54528
chr10	75816889	76016889	harbor1	chr10	75912021	75912283	LTR/ERVL	795	+	131	75912152	95263
chr10	16536708	16736708	harbor1	chr10	16538733	16538895	LTR/ERVL	593	+	81	16538814	2106
chr10	5814276	6014276	harbor1	chr10	5830966	5831233	LTR/ERVL	462	+	134	5831100	16824
chr10	5814276	6014276	harbor1	chr10	5856198	5856795	LTR/ERVL	3726	+	298	5856496	42220
chr10	5814276	6014276	harbor1	chr10	5860097	5860268	LTR/ERVL	423	+	86	5860183	45907
chr10	124650391	124850391	harbor1	chr10	124671107	124671531	LTR/ERVL	488	+	212	124671319	20928
chr10	84080576	84280576	harbor1	chr10	84132243	84132911	LTR/ERVL	1637	+	334	84132577	52001
chr10	84080576	84280576	harbor1	chr10	84133354	84133555	LTR/ERVL	557	+	100	84133454	52878
chr10	84080576	84280576	harbor1	chr10	84133577	84133721	LTR/ERVL	467	+	72	84133649	53073
chr10	84080576	84280576	harbor1	chr10	84131766	84132006	LTR/ERVL	761	+	120	84131886	51310
chr10	117391959	117591959	harbor1	chr10	117405385	117405488	LTR/ERVL	526	+	52	117405437	13478
chr10	117391959	117591959	harbor1	chr10	117465712	117465733	LTR/ERVL	2462	+	10	117465722	73763
chr10	117391959	117591959	harbor1	chr10	117466043	117466554	LTR/ERVL	2462	+	256	117466299	74340
chr10	117391959	117591959	harbor1	chr10	117468706	117469122	LTR/ERVL	1952	+	208	117468914	76955
chr10	117391959	117591959	harbor1	chr10	117469420	117469478	LTR/ERVL	1339	+	29	117469449	77490
chr10	14752039	14952039	harbor1	chr10	14756287	14756520	LTR/ERVL	1330	+	116	14756403	4364
chr10	14752039	14952039	harbor1	chr10	14757332	14757508	LTR/ERVL	547	+	88	14757420	5381
chr10	14752039	14952039	harbor1	chr10	14762297	14762514	LTR/ERVL	1338	+	108	14762405	10366
chr10	14752039	14952039	harbor1	chr10	14762810	14762980	LTR/ERVL	1338	+	85	14762895	10856
chr10	14752039	14952039	harbor1	chr10	14763271	14763531	LTR/ERVL	1338	+	130	14763401	11362
chr10	14752039	14952039	harbor1	chr10	14833194	14833598	LTR/ERVL	1299	+	202	14833396	81357
chr10	77340129	77540129	harbor1	chr10	77375652	77376015	LTR/ERVL	703	+	182	77375834	35705
chr10	106223783	106423783	harbor1	chr10	106323195	106323508	LTR/ERVL	1052	+	156	106323351	99568
chr10	44101592	44301592	harbor1	chr10	44127591	44128069	LTR/ERVL	1998	+	239	44127830	26238
chr10	90253430	90453430	harbor1	chr10	90337966	90338157	LTR/ERVL	596	+	96	90338062	84632
chr10	90253430	90453430	harbor1	chr10	90338660	90339073	LTR/ERVL	532	+	206	90338866	85436
chr10	90253430	90453430	harbor1	chr10	90339250	90339933	LTR/ERVL	1245	+	342	90339592	86162
chr10	90253430	90453430	harbor1	chr10	90340235	90340646	LTR/ERVL	979	+	206	90340441	87011
chr10	90253430	90453430	harbor1	chr10	90341373	90341803	LTR/ERVL	726	+	215	90341588	88158
chr10	112096015	112296015	harbor1	chr10	112119105	112119378	LTR/ERVL	620	+	136	112119241	23226
chr10	112096015	112296015	harbor1	chr10	112146197	112146666	LTR/ERVL	1345	+	234	112146431	50416
chr10	112096015	112296015	harbor1	chr10	112148115	112148264	LTR/ERVL	452	+	74	112148189	52174
chr10	111343389	111543389	harbor1	chr10	111372750	111373326	LTR/ERVL	822	+	288	111373038	29649
chr10	111343389	111543389	harbor1	chr10	111418406	111418683	LTR/ERVL	1166	+	138	111418544	75155
chr10	111343389	111543389	harbor1	chr10	111426416	111426707	LTR/ERVL	1714	+	146	111426562	83173
chr10	111343389	111543389	harbor1	chr10	111430174	111430684	LTR/ERVL	1483	+	255	111430429	87040
chr10	95689335	95889335	harbor1	chr10	95717010	95717236	LTR/ERVL	730	+	113	95717123	27788
chr10	95689335	95889335	harbor1	chr10	95731185	95731391	LTR/ERVL	474	+	103	95731288	41953
chr10	95689335	95889335	harbor1	chr10	95731393	95731714	LTR/ERVL	650	+	160	95731553	42218
chr10	91344346	91544346	harbor1	chr10	91359947	91360372	LTR/ERVL	1203	+	212	91360159	15813
chr10	91344346	91544346	harbor1	chr10	91384034	91384367	LTR/ERVL	1266	+	166	91384200	39854
chr10	102842779	103042779	harbor1	chr10	102910583	102910993	LTR/ERVL	2738	+	205	102910788	68009
chr10	27444300	27644300	harbor1	chr10	27456297	27456710	LTR/ERVL	1316	+	206	27456503	12203
chr10	97226320	97426320	harbor1	chr10	97282611	97282829	LTR/ERVL	910	+	109	97282720	56400
chr10	114712314	114912314	harbor1	chr10	114793563	114793955	LTR/ERVL	1659	+	196	114793759	81445
chr10	114712314	114912314	harbor1	chr10	114801597	114801744	LTR/ERVL	472	+	74	114801671	89357
chr10	114712314	114912314	harbor1	chr10	114801841	114801983	LTR/ERVL	435	+	71	114801912	89598
chr10	114712314	114912314	harbor1	chr10	114802955	114802977	LTR/ERVL	8896	+	11	114802966	90652
chr10	114712314	114912314	harbor1	chr10	114803269	114803588	LTR/ERVL	8896	+	160	114803429	91115
chr10	114712314	114912314	harbor1	chr10	114804031	114805893	LTR/ERVL	8896	+	931	114804962	92648
chr10	114712314	114912314	harbor1	chr10	114806175	114807340	LTR/ERVL	8896	+	582	114806757	94443
chr10	114712314	114912314	harbor1	chr10	114809794	114810025	LTR/ERVL	718	+	116	114809910	97596
chr10	114712314	114912314	harbor1	chr10	114810729	114810880	LTR/ERVL	718	+	76	114810805	98491
chr10	16446858	16646858	harbor1	chr10	16538733	16538895	LTR/ERVL	593	+	81	16538814	91956
chr10	47330122	47530122	harbor1	chr10	47334608	47334936	LTR/ERVL	548	+	164	47334772	4650
chr10	47330122	47530122	harbor1	chr10	47337297	47337712	LTR/ERVL	1934	+	208	47337505	7383
chr10	85094795	85294795	harbor1	chr10	85134945	85135278	LTR/ERVL	1399	+	166	85135111	40316
chr10	85094795	85294795	harbor1	chr10	85175659	85176310	LTR/ERVL	1633	+	326	85175985	81190
chr10	536693	736693	harbor1	chr10	596946	597395	LTR/ERVL	667	+	224	597170	60477
chr10	105381625	105581625	harbor1	chr10	105429534	105430133	LTR/ERVL	1067	+	300	105429834	48209
chr10	105381625	105581625	harbor1	chr10	105430442	105430538	LTR/ERVL	1067	+	48	105430490	48865
chr10	4510517	4710517	harbor1	chr10	4522410	4522746	LTR/ERVL	571	+	168	4522578	12061
chr10	4510517	4710517	harbor1	chr10	4522772	4524975	LTR/ERVL	2417	+	1102	4523874	13357
chr10	4510517	4710517	harbor1	chr10	4524995	4525470	LTR/ERVL	814	+	238	4525233	14716
chr10	4510517	4710517	harbor1	chr10	4561441	4561839	LTR/ERVL	2029	+	199	4561640	51123
chr10	4510517	4710517	harbor1	chr10	4568291	4568922	LTR/ERVL	2297	+	316	4568607	58090
chr10	4510517	4710517	harbor1	chr10	4590597	4591115	LTR/ERVL	781	+	259	4590856	80339
chr10	43997448	44197448	harbor1	chr10	44049574	44050013	LTR/ERVL	1298	+	220	44049794	52346
chr10	19595073	19795073	harbor1	chr10	19643750	19644189	LTR/ERVL	1083	+	220	19643970	48897
chr10	18818088	19018088	harbor1	chr10	18869821	18870325	LTR/ERVL	2092	+	252	18870073	51985
chr10	18818088	19018088	harbor1	chr10	18871044	18871393	LTR/ERVL	620	+	174	18871218	53130
chr10	18818088	19018088	harbor1	chr10	18871881	18872017	LTR/ERVL	620	+	68	18871949	53861
chr10	18818088	19018088	harbor1	chr10	18875285	18877341	LTR/ERVL	17828	+	1028	18876313	58225
chr10	18818088	19018088	harbor1	chr10	18877627	18878379	LTR/ERVL	17828	+	376	18878003	59915
chr10	18818088	19018088	harbor1	chr10	18878384	18879116	LTR/ERVL	3879	+	366	18878750	60662
chr10	18818088	19018088	harbor1	chr10	18879230	18879700	LTR/ERVL	1431	+	235	18879465	61377
chr10	18818088	19018088	harbor1	chr10	18891897	18892397	LTR/ERVL	1126	+	250	18892147	74059
chr10	18818088	19018088	harbor1	chr10	18874333	18875259	LTR/ERVL	17828	+	463	18874796	56708
chr10	54937281	55137281	harbor1	chr10	54948411	54948798	LTR/ERVL	1086	+	194	54948605	11324
chr10	54937281	55137281	harbor1	chr10	55019382	55019753	LTR/ERVL	863	+	186	55019568	82287
chr10	24735189	24935189	harbor1	chr10	24759635	24760084	LTR/ERVL	2193	+	224	24759859	24670
chr10	24735189	24935189	harbor1	chr10	24760484	24760522	LTR/ERVL	2193	+	19	24760503	25314
chr10	89968694	90168694	harbor1	chr10	89979809	89980212	LTR/ERVL	1294	+	202	89980011	11317
chr10	5390021	5590021	harbor1	chr10	5407068	5407441	LTR/ERVL	1425	+	186	5407254	17233
chr10	7307930	7507930	harbor1	chr10	7308998	7309266	LTR/ERVL	1420	+	134	7309132	1202
chr10	7307930	7507930	harbor1	chr10	7315169	7315690	LTR/ERVL	2301	+	260	7315429	7499
chr10	7307930	7507930	harbor1	chr10	7357225	7357666	LTR/ERVL	1399	+	220	7357445	49515
chr10	102700332	102900332	harbor1	chr10	102720864	102721218	LTR/ERVL	502	+	177	102721041	20709
chr10	50423010	50623010	harbor1	chr10	50441099	50441239	LTR/ERVL	431	+	70	50441169	18159
chr10	48543230	48743230	harbor1	chr10	48626699	48627465	LTR/ERVL	2556	+	383	48627082	83852
chr10	48543230	48743230	harbor1	chr10	48629085	48629366	LTR/ERVL	815	+	140	48629225	85995
chr10	48543230	48743230	harbor1	chr10	48635480	48635835	LTR/ERVL	835	+	178	48635658	92428
chr10	48543230	48743230	harbor1	chr10	48638160	48638455	LTR/ERVL	572	+	148	48638308	95078
chr10	120014118	120214118	harbor1	chr10	120040094	120040766	LTR/ERVL	3125	+	336	120040430	26312
chr10	120014118	120214118	harbor1	chr10	120041671	120041831	LTR/ERVL	754	+	80	120041751	27633
chr10	120014118	120214118	harbor1	chr10	120042474	120042831	LTR/ERVL	1073	+	178	120042652	28534
chr10	74774083	74974083	harbor1	chr10	74778495	74779114	LTR/ERVL	3450	+	310	74778805	4722
chr10	74774083	74974083	harbor1	chr10	74784500	74784562	LTR/ERVL	3992	+	31	74784531	10448
chr10	74774083	74974083	harbor1	chr10	74784725	74785445	LTR/ERVL	3992	+	360	74785085	11002
chr10	48615587	48815587	harbor1	chr10	48626699	48627465	LTR/ERVL	2556	+	383	48627082	11495
chr10	48615587	48815587	harbor1	chr10	48629085	48629366	LTR/ERVL	815	+	140	48629225	13638
chr10	48615587	48815587	harbor1	chr10	48635480	48635835	LTR/ERVL	835	+	178	48635658	20071
chr10	48615587	48815587	harbor1	chr10	48638160	48638455	LTR/ERVL	572	+	148	48638308	22721
chr10	27597691	27797691	harbor1	chr10	27634126	27634526	LTR/ERVL	1193	+	200	27634326	36635
chr10	27597691	27797691	harbor1	chr10	27648770	27649094	LTR/ERVL	576	+	162	27648932	51241
chr10	27597691	27797691	harbor1	chr10	27649376	27649530	LTR/ERVL	576	+	77	27649453	51762
chr10	27597691	27797691	harbor1	chr10	27655139	27655519	LTR/ERVL	783	+	190	27655329	57638
chr10	114328234	114528234	harbor1	chr10	114360566	114360628	LTR/ERVL	2498	+	31	114360597	32363
chr10	114328234	114528234	harbor1	chr10	114370124	114370809	LTR/ERVL	1435	+	342	114370466	42232
chr10	114328234	114528234	harbor1	chr10	114359988	114360485	LTR/ERVL	2498	+	248	114360236	32002
chr10	72521546	72721546	harbor1	chr10	72606611	72607058	LTR/ERVL	2312	+	224	72606835	85289
chr10	72521546	72721546	harbor1	chr10	72607657	72607970	LTR/ERVL	2312	+	156	72607813	86267
chr10	27345177	27545177	harbor1	chr10	27424404	27424813	LTR/ERVL	1417	+	204	27424608	79431
chr10	27345177	27545177	harbor1	chr10	27427002	27427356	LTR/ERVL	13398	+	177	27427179	82002
chr10	27345177	27545177	harbor1	chr10	27427785	27427986	LTR/ERVL	13398	+	100	27427885	82708
chr10	27345177	27545177	harbor1	chr10	27428309	27430375	LTR/ERVL	13398	+	1033	27429342	84165
chr10	27345177	27545177	harbor1	chr10	27430563	27430745	LTR/ERVL	13398	+	91	27430654	85477
chr10	27345177	27545177	harbor1	chr10	27430785	27430939	LTR/ERVL	550	+	77	27430862	85685
chr10	27345177	27545177	harbor1	chr10	27432238	27432620	LTR/ERVL	1468	+	191	27432429	87252
chr10	27345177	27545177	harbor1	chr10	27424845	27426997	LTR/ERVL	7666	+	1076	27425921	80744
chr10	57342966	57542966	harbor1	chr10	57353088	57353212	LTR/ERVL	514	+	62	57353150	10184
chr10	57342966	57542966	harbor1	chr10	57419890	57420264	LTR/ERVL	587	+	187	57420077	77111
chr10	57342966	57542966	harbor1	chr10	57420568	57420802	LTR/ERVL	587	+	117	57420685	77719
chr10	57342966	57542966	harbor1	chr10	57424074	57424331	LTR/ERVL	531	+	128	57424202	81236
chr10	57342966	57542966	harbor1	chr10	57426697	57427260	LTR/ERVL	1683	+	282	57426979	84013
chr10	62567016	62767016	harbor1	chr10	62581584	62582017	LTR/ERVL	1490	+	216	62581800	14784
chr10	62567016	62767016	harbor1	chr10	62596172	62596349	LTR/ERVL	627	+	88	62596260	29244
chr10	62567016	62767016	harbor1	chr10	62622150	62622589	LTR/ERVL	1487	+	220	62622370	55354
chr10	62567016	62767016	harbor1	chr10	62648460	62648917	LTR/ERVL	819	+	228	62648688	81672
chr10	62567016	62767016	harbor1	chr10	62649474	62649635	LTR/ERVL	995	+	80	62649554	82538
chr10	62567016	62767016	harbor1	chr10	62649636	62650210	LTR/ERVL	2373	+	287	62649923	82907
chr10	28676298	28876298	harbor1	chr10	28738089	28738533	LTR/ERVL	1165	+	222	28738311	62013
chr10	28676298	28876298	harbor1	chr10	28745853	28746482	LTR/ERVL	2454	+	314	28746167	69869
chr10	37525092	37725092	harbor1	chr10	37597348	37597747	LTR/ERVL	1162	+	200	37597548	72456
chr10	37525092	37725092	harbor1	chr10	37603699	37604063	LTR/ERVL	2042	+	182	37603881	78789
chr10	47883300	48083300	harbor1	chr10	47914061	47914541	LTR/ERVL	829	+	240	47914301	31001
chr10	47883300	48083300	harbor1	chr10	47948845	47949124	LTR/ERVL	1154	+	140	47948985	65685
chr10	47883300	48083300	harbor1	chr10	47949211	47949440	LTR/ERVL	1256	+	114	47949325	66025
chr10	47883300	48083300	harbor1	chr10	47961504	47962152	LTR/ERVL	713	+	324	47961828	78528
chr10	47883300	48083300	harbor1	chr10	47965270	47965734	LTR/ERVL	495	+	232	47965502	82202
chr10	751017	951017	harbor1	chr10	753317	753497	LTR/ERVL	638	+	90	753407	2390
chr10	751017	951017	harbor1	chr10	821737	821900	LTR/ERVL	593	+	82	821819	70802
chr10	125302923	125502923	harbor1	chr10	125335963	125336987	LTR/ERVL	3340	+	512	125336475	33552
chr10	86924104	87124104	harbor1	chr10	87012756	87012848	LTR/ERVL	494	+	46	87012802	88698
chr10	86924104	87124104	harbor1	chr10	87013162	87013408	LTR/ERVL	1364	+	123	87013285	89181
chr10	86924104	87124104	harbor1	chr10	87016786	87017235	LTR/ERVL	1098	+	224	87017010	92906
chr10	113263436	113463436	harbor1	chr10	113292988	113293409	LTR/ERVL	1422	+	210	113293198	29762
chr10	113263436	113463436	harbor1	chr10	113319966	113320190	LTR/ERVL	913	+	112	113320078	56642
chr10	113263436	113463436	harbor1	chr10	113338548	113338985	LTR/ERVL	1704	+	218	113338766	75330
chr10	105525507	105725507	harbor1	chr10	105556580	105556835	LTR/ERVL	538	+	128	105556708	31201
chr10	105525507	105725507	harbor1	chr10	105556953	105557497	LTR/ERVL	1320	+	272	105557225	31718
chr10	105525507	105725507	harbor1	chr10	105560534	105560865	LTR/ERVL	1909	+	166	105560700	35193
chr10	105525507	105725507	harbor1	chr10	105561174	105561253	LTR/ERVL	1909	+	40	105561214	35707
chr10	105525507	105725507	harbor1	chr10	105598257	105598556	LTR/ERVL	1044	+	150	105598407	72900
chr10	105525507	105725507	harbor1	chr10	105618848	105619010	LTR/ERVL	648	+	81	105618929	93422
chr10	127801242	128001242	harbor1	chr10	127864749	127865684	LTR/ERVL	3329	+	468	127865217	63975
chr10	75996392	76196392	harbor1	chr10	76014322	76014488	LTR/ERVL	549	+	83	76014405	18013
chr10	75996392	76196392	harbor1	chr10	76083044	76083511	LTR/ERVL	1121	+	234	76083278	86886
chr10	84880834	85080834	harbor1	chr10	84901034	84901497	LTR/ERVL	899	+	232	84901266	20432
chr10	84880834	85080834	harbor1	chr10	84957433	84958314	LTR/ERVL	4100	+	440	84957873	77039
chr10	120030496	120230496	harbor1	chr10	120040094	120040766	LTR/ERVL	3125	+	336	120040430	9934
chr10	120030496	120230496	harbor1	chr10	120041671	120041831	LTR/ERVL	754	+	80	120041751	11255
chr10	120030496	120230496	harbor1	chr10	120042474	120042831	LTR/ERVL	1073	+	178	120042652	12156
chr10	63036774	63236774	harbor1	chr10	63055841	63056362	LTR/ERVL	2179	+	260	63056101	19327
chr10	63036774	63236774	harbor1	chr10	63105887	63105963	LTR/ERVL	473	+	38	63105925	69151
chr10	63036774	63236774	harbor1	chr10	63106669	63106738	LTR/ERVL	1835	+	34	63106703	69929
chr10	63036774	63236774	harbor1	chr10	63107036	63107374	LTR/ERVL	1835	+	169	63107205	70431
chr10	63036774	63236774	harbor1	chr10	63129066	63129224	LTR/ERVL	744	+	79	63129145	92371
chr10	91474620	91674620	harbor1	chr10	91549847	91550410	LTR/ERVL	3557	+	282	91550129	75509
chr10	91474620	91674620	harbor1	chr10	91559000	91559451	LTR/ERVL	2419	+	226	91559226	84606
chr10	62294258	62494258	harbor1	chr10	62358515	62360047	LTR/ERVL	19352	+	766	62359281	65023
chr10	62294258	62494258	harbor1	chr10	62360048	62360585	LTR/ERVL	2817	+	268	62360316	66058
chr10	62294258	62494258	harbor1	chr10	62360587	62360806	LTR/ERVL	1268	+	110	62360697	66439
chr10	62294258	62494258	harbor1	chr10	62356338	62358148	LTR/ERVL	19352	+	905	62357243	62985
chr10	124872982	125072982	harbor1	chr10	124903083	124903496	LTR/ERVL	585	+	206	124903289	30307
chr10	25852535	26052535	harbor1	chr10	25880671	25880736	LTR/ERVL	3272	+	32	25880703	28168
chr10	25852535	26052535	harbor1	chr10	25882130	25882731	LTR/ERVL	3272	+	300	25882430	29895
chr10	25852535	26052535	harbor1	chr10	25882877	25884877	LTR/ERVL	11361	+	1000	25883877	31342
chr10	25852535	26052535	harbor1	chr10	25885189	25885494	LTR/ERVL	11361	+	152	25885341	32806
chr10	25852535	26052535	harbor1	chr10	25885495	25885881	LTR/ERVL	1423	+	193	25885688	33153
chr10	25852535	26052535	harbor1	chr10	25904662	25904852	LTR/ERVL	665	+	95	25904757	52222
chr10	25852535	26052535	harbor1	chr10	25925291	25925788	LTR/ERVL	2768	+	248	25925539	73004
chr10	72584277	72784277	harbor1	chr10	72606611	72607058	LTR/ERVL	2312	+	224	72606835	22558
chr10	72584277	72784277	harbor1	chr10	72607657	72607970	LTR/ERVL	2312	+	156	72607813	23536
chr10	72584277	72784277	harbor1	chr10	72653756	72654155	LTR/ERVL	760	+	200	72653956	69679
chr10	46154905	46354905	harbor1	chr10	46156363	46156530	LTR/ERVL	1006	+	84	46156447	1542
chr10	46154905	46354905	harbor1	chr10	46156531	46157001	LTR/ERVL	1233	+	235	46156766	1861
chr10	46154905	46354905	harbor1	chr10	46206935	46207209	LTR/ERVL	1533	+	137	46207072	52167
chr10	46154905	46354905	harbor1	chr10	46222719	46222949	LTR/ERVL	1070	+	115	46222834	67929
chr10	58326758	58526758	harbor1	chr10	58414928	58415047	LTR/ERVL	471	+	60	58414988	88230
chr10	37665276	37865276	harbor1	chr10	37754442	37754809	LTR/ERVL	1440	+	184	37754626	89350
chr11	67285670	67485670	harbor1	chr11	67315385	67316096	LTR/ERVL	2457	+	356	67315741	30071
chr11	67285670	67485670	harbor1	chr11	67316402	67316488	LTR/ERVL	2457	+	43	67316445	30775
chr11	75213457	75413457	harbor1	chr11	75257851	75258294	LTR/ERVL	1179	+	222	75258073	44616
chr11	14344595	14544595	harbor1	chr11	14372324	14372499	LTR/ERVL	589	+	88	14372412	27817
chr11	14344595	14544595	harbor1	chr11	14392148	14392322	LTR/ERVL	514	+	87	14392235	47640
chr11	14344595	14544595	harbor1	chr11	14392610	14392923	LTR/ERVL	514	+	156	14392766	48171
chr11	14344595	14544595	harbor1	chr11	14396305	14396688	LTR/ERVL	1842	+	192	14396497	51902
chr11	14344595	14544595	harbor1	chr11	14408328	14408758	LTR/ERVL	3151	+	215	14408543	63948
chr11	14344595	14544595	harbor1	chr11	14435398	14435538	LTR/ERVL	572	+	70	14435468	90873
chr11	125420387	125620387	harbor1	chr11	125477522	125477830	LTR/ERVL	956	+	154	125477676	57289
chr11	8731299	8931299	harbor1	chr11	8772010	8772128	LTR/ERVL	2144	+	59	8772069	40770
chr11	8731299	8931299	harbor1	chr11	8772161	8772566	LTR/ERVL	2144	+	202	8772363	41064
chr11	40312057	40512057	harbor1	chr11	40319098	40319579	LTR/ERVL	968	+	240	40319338	7281
chr11	40312057	40512057	harbor1	chr11	40325234	40325350	LTR/ERVL	1291	+	58	40325292	13235
chr11	40312057	40512057	harbor1	chr11	40325649	40326281	LTR/ERVL	1291	+	316	40325965	13908
chr11	40312057	40512057	harbor1	chr11	40326575	40326629	LTR/ERVL	1291	+	27	40326602	14545
chr11	40312057	40512057	harbor1	chr11	40330184	40330295	LTR/ERVL	737	+	56	40330240	18183
chr11	40312057	40512057	harbor1	chr11	40331557	40331982	LTR/ERVL	2151	+	212	40331769	19712
chr11	7599749	7799749	harbor1	chr11	7679186	7679371	LTR/ERVL	4221	+	92	7679278	79529
chr11	7599749	7799749	harbor1	chr11	7679741	7680405	LTR/ERVL	4221	+	332	7680073	80324
chr11	7599749	7799749	harbor1	chr11	7689033	7689387	LTR/ERVL	1105	+	177	7689210	89461
chr11	30093976	30293976	harbor1	chr11	30121900	30122257	LTR/ERVL	629	+	178	30122078	28102
chr11	30093976	30293976	harbor1	chr11	30133291	30133598	LTR/ERVL	613	+	154	30133445	39469
chr11	30093976	30293976	harbor1	chr11	30136183	30136294	LTR/ERVL	842	+	56	30136239	42263
chr11	30093976	30293976	harbor1	chr11	30136595	30136893	LTR/ERVL	842	+	149	30136744	42768
chr11	30093976	30293976	harbor1	chr11	30189425	30189830	LTR/ERVL	468	+	202	30189627	95651
chr11	30093976	30293976	harbor1	chr11	30190198	30190288	LTR/ERVL	468	+	45	30190243	96267
chr11	30093976	30293976	harbor1	chr11	30162779	30163541	LTR/ERVL	2999	+	381	30163160	69184
chr11	93458650	93658650	harbor1	chr11	93531007	93531600	LTR/ERVL	2649	+	296	93531303	72653
chr11	93458650	93658650	harbor1	chr11	93532245	93532376	LTR/ERVL	740	+	66	93532311	73661
chr11	93458650	93658650	harbor1	chr11	93532370	93532643	LTR/ERVL	1438	+	136	93532506	73856
chr11	95474112	95674112	harbor1	chr11	95547370	95547738	LTR/ERVL	1288	+	184	95547554	73442
chr11	95474112	95674112	harbor1	chr11	95547739	95547943	LTR/ERVL	571	+	102	95547841	73729
chr11	102350638	102550638	harbor1	chr11	102399061	102399162	LTR/ERVL	697	+	50	102399111	48473
chr11	102350638	102550638	harbor1	chr11	102410974	102411741	LTR/ERVL	2752	+	384	102411358	60720
chr11	102350638	102550638	harbor1	chr11	102420115	102420251	LTR/ERVL	579	+	68	102420183	69545
chr11	11241036	11441036	harbor1	chr11	11303036	11303481	LTR/ERVL	831	+	222	11303258	62222
chr11	99627574	99827574	harbor1	chr11	99636402	99636686	LTR/ERVL	591	+	142	99636544	8970
chr11	20530905	20730905	harbor1	chr11	20533600	20533970	LTR/ERVL	791	+	185	20533785	2880
chr11	20530905	20730905	harbor1	chr11	20534282	20534410	LTR/ERVL	791	+	64	20534346	3441
chr11	20530905	20730905	harbor1	chr11	20561441	20561802	LTR/ERVL	1303	+	180	20561621	30716
chr11	20530905	20730905	harbor1	chr11	20566295	20566557	LTR/ERVL	1807	+	131	20566426	35521
chr11	20530905	20730905	harbor1	chr11	20589121	20589513	LTR/ERVL	797	+	196	20589317	58412
chr11	122497329	122697329	harbor1	chr11	122595385	122595814	LTR/ERVL	1046	+	214	122595599	98270
chr11	122497329	122697329	harbor1	chr11	122596107	122596265	LTR/ERVL	430	+	79	122596186	98857
chr11	122497329	122697329	harbor1	chr11	122596562	122596683	LTR/ERVL	430	+	60	122596622	99293
chr11	39682468	39882468	harbor1	chr11	39695457	39695788	LTR/ERVL	611	+	166	39695623	13155
chr11	39682468	39882468	harbor1	chr11	39695988	39696208	LTR/ERVL	642	+	110	39696098	13630
chr11	71997262	72197262	harbor1	chr11	72075171	72075781	LTR/ERVL	915	+	305	72075476	78214
chr11	25792580	25992580	harbor1	chr11	25864486	25864972	LTR/ERVL	748	+	243	25864729	72149
chr11	25792580	25992580	harbor1	chr11	25865781	25866231	LTR/ERVL	845	+	225	25866006	73426
chr11	25792580	25992580	harbor1	chr11	25876478	25877005	LTR/ERVL	2045	+	264	25876742	84162
chr11	47518878	47718878	harbor1	chr11	47597779	47598108	LTR/ERVL	583	+	164	47597943	79065
chr11	47518878	47718878	harbor1	chr11	47598411	47598483	LTR/ERVL	583	+	36	47598447	79569
chr11	97273141	97473141	harbor1	chr11	97305470	97305923	LTR/ERVL	2074	+	226	97305696	32555
chr11	97273141	97473141	harbor1	chr11	97310034	97310188	LTR/ERVL	611	+	77	97310111	36970
chr11	97273141	97473141	harbor1	chr11	97317542	97317987	LTR/ERVL	2765	+	222	97317764	44623
chr11	97273141	97473141	harbor1	chr11	97317988	97318425	LTR/ERVL	3310	+	218	97318206	45065
chr11	97273141	97473141	harbor1	chr11	97318427	97319607	LTR/ERVL	8800	+	590	97319017	45876
chr11	97273141	97473141	harbor1	chr11	97322926	97323323	LTR/ERVL	2708	+	198	97323124	49983
chr11	97273141	97473141	harbor1	chr11	97335954	97336435	LTR/ERVL	969	+	240	97336194	63053
chr11	97273141	97473141	harbor1	chr11	97319603	97322925	LTR/ERVL	24996	+	1661	97321264	48123
chr11	23675695	23875695	harbor1	chr11	23677523	23677649	LTR/ERVL	532	+	63	23677586	1891
chr11	23675695	23875695	harbor1	chr11	23692780	23693214	LTR/ERVL	736	+	217	23692997	17302
chr11	23675695	23875695	harbor1	chr11	23772146	23772552	LTR/ERVL	1591	+	203	23772349	96654
chr11	81704916	81904916	harbor1	chr11	81707714	81707953	LTR/ERVL	676	+	120	81707834	2918
chr11	81704916	81904916	harbor1	chr11	81708103	81708253	LTR/ERVL	404	+	75	81708178	3262
chr11	81704916	81904916	harbor1	chr11	81708387	81708705	LTR/ERVL	409	+	159	81708546	3630
chr11	81704916	81904916	harbor1	chr11	81708749	81709147	LTR/ERVL	705	+	199	81708948	4032
chr11	81704916	81904916	harbor1	chr11	81709149	81710131	LTR/ERVL	1331	+	491	81709640	4724
chr11	86118253	86318253	harbor1	chr11	86122366	86122741	LTR/ERVL	1419	+	188	86122554	4301
chr11	86118253	86318253	harbor1	chr11	86206382	86206709	LTR/ERVL	2032	+	164	86206546	88293
chr11	86118253	86318253	harbor1	chr11	86207015	86207296	LTR/ERVL	2032	+	140	86207155	88902
chr11	86118253	86318253	harbor1	chr11	86209195	86209423	LTR/ERVL	816	+	114	86209309	91056
chr11	104346183	104546183	harbor1	chr11	104413681	104414535	LTR/ERVL	4066	+	427	104414108	67925
chr11	10368191	10568191	harbor1	chr11	10440433	10440633	LTR/ERVL	524	+	100	10440533	72342
chr11	82239499	82439499	harbor1	chr11	82266148	82266662	LTR/ERVL	1588	+	257	82266405	26906
chr11	82239499	82439499	harbor1	chr11	82266965	82267752	LTR/ERVL	1129	+	394	82267359	27860
chr11	82239499	82439499	harbor1	chr11	82267755	82267901	LTR/ERVL	385	+	73	82267828	28329
chr11	82239499	82439499	harbor1	chr11	82284636	82285114	LTR/ERVL	2368	+	239	82284875	45376
chr11	82239499	82439499	harbor1	chr11	82333530	82333714	LTR/ERVL	452	+	92	82333622	94123
chr11	107394482	107594482	harbor1	chr11	107483387	107483789	LTR/ERVL	1318	+	201	107483588	89106
chr11	107394482	107594482	harbor1	chr11	107484436	107484522	LTR/ERVL	1318	+	43	107484479	89997
chr11	30576231	30776231	harbor1	chr11	30608633	30609058	LTR/ERVL	1405	+	212	30608845	32614
chr11	30576231	30776231	harbor1	chr11	30660988	30661168	LTR/ERVL	515	+	90	30661078	84847
chr11	30576231	30776231	harbor1	chr11	30669883	30670389	LTR/ERVL	1667	+	253	30670136	93905
chr11	77853047	78053047	harbor1	chr11	77915700	77915872	LTR/ERVL	584	+	86	77915786	62739
chr11	77853047	78053047	harbor1	chr11	77915920	77916173	LTR/ERVL	770	+	126	77916046	62999
chr11	114355628	114555628	harbor1	chr11	114362993	114363356	LTR/ERVL	1469	+	182	114363175	7547
chr11	114355628	114555628	harbor1	chr11	114365667	114366195	LTR/ERVL	1515	+	264	114365931	10303
chr11	30278673	30478673	harbor1	chr11	30321242	30321972	LTR/ERVL	3167	+	365	30321607	42934
chr11	30278673	30478673	harbor1	chr11	30374638	30375374	LTR/ERVL	2488	+	368	30375006	96333
chr11	26126501	26326501	harbor1	chr11	26126486	26126633	LTR/ERVL	1017	+	74	26126560	59
chr11	26126501	26326501	harbor1	chr11	26126992	26127199	LTR/ERVL	1017	+	104	26127096	595
chr11	55702672	55902672	harbor1	chr11	55732024	55732294	LTR/ERVL	414	+	135	55732159	29487
chr11	55702672	55902672	harbor1	chr11	55776349	55776737	LTR/ERVL	2817	+	194	55776543	73871
chr11	55702672	55902672	harbor1	chr11	55776775	55776815	LTR/ERVL	2817	+	20	55776795	74123
chr11	76821425	77021425	harbor1	chr11	76868438	76869320	LTR/ERVL	3163	+	441	76868879	47454
chr11	76821425	77021425	harbor1	chr11	76874458	76874722	LTR/ERVL	1612	+	132	76874590	53165
chr11	76821425	77021425	harbor1	chr11	76891273	76891451	LTR/ERVL	958	+	89	76891362	69937
chr11	76821425	77021425	harbor1	chr11	76891449	76891852	LTR/ERVL	2122	+	202	76891651	70226
chr11	76821425	77021425	harbor1	chr11	76904653	76904814	LTR/ERVL	412	+	80	76904733	83308
chr11	76821425	77021425	harbor1	chr11	76919911	76920629	LTR/ERVL	2640	+	359	76920270	98845
chr11	92389281	92589281	harbor1	chr11	92404629	92405131	LTR/ERVL	2668	+	251	92404880	15599
chr11	92389281	92589281	harbor1	chr11	92479476	92479976	LTR/ERVL	2545	+	250	92479726	90445
chr11	7398923	7598923	harbor1	chr11	7480818	7481237	LTR/ERVL	1588	+	210	7481028	82105
chr11	89310322	89510322	harbor1	chr11	89361811	89362141	LTR/ERVL	733	+	165	89361976	51654
chr11	89310322	89510322	harbor1	chr11	89388203	89388650	LTR/ERVL	573	+	224	89388427	78105
chr11	14353441	14553441	harbor1	chr11	14372324	14372499	LTR/ERVL	589	+	88	14372412	18971
chr11	14353441	14553441	harbor1	chr11	14392148	14392322	LTR/ERVL	514	+	87	14392235	38794
chr11	14353441	14553441	harbor1	chr11	14392610	14392923	LTR/ERVL	514	+	156	14392766	39325
chr11	14353441	14553441	harbor1	chr11	14396305	14396688	LTR/ERVL	1842	+	192	14396497	43056
chr11	14353441	14553441	harbor1	chr11	14408328	14408758	LTR/ERVL	3151	+	215	14408543	55102
chr11	14353441	14553441	harbor1	chr11	14435398	14435538	LTR/ERVL	572	+	70	14435468	82027
chr11	14353441	14553441	harbor1	chr11	14451033	14451244	LTR/ERVL	3225	+	106	14451139	97698
chr11	14353441	14553441	harbor1	chr11	14451547	14451787	LTR/ERVL	3225	+	120	14451667	98226
chr11	107310238	107510238	harbor1	chr11	107358710	107358897	LTR/ERVL	854	+	94	107358804	48566
chr11	107310238	107510238	harbor1	chr11	107358898	107359003	LTR/ERVL	471	+	52	107358950	48712
chr11	107310238	107510238	harbor1	chr11	107359020	107359630	LTR/ERVL	2110	+	305	107359325	49087
chr11	107310238	107510238	harbor1	chr11	107359776	107359975	LTR/ERVL	2110	+	100	107359876	49638
chr11	107310238	107510238	harbor1	chr11	107382661	107383467	LTR/ERVL	3095	+	403	107383064	72826
chr11	107310238	107510238	harbor1	chr11	107390751	107391278	LTR/ERVL	2512	+	264	107391015	80777
chr11	86851045	87051045	harbor1	chr11	86885388	86885823	LTR/ERVL	2012	+	218	86885606	34561
chr11	86851045	87051045	harbor1	chr11	86886237	86886608	LTR/ERVL	1563	+	186	86886423	35378
chr11	86851045	87051045	harbor1	chr11	86890460	86890949	LTR/ERVL	2585	+	244	86890704	39659
chr11	130235908	130435908	harbor1	chr11	130323629	130324136	LTR/ERVL	3074	+	254	130323883	87975
chr11	108876011	109076011	harbor1	chr11	108891676	108892067	LTR/ERVL	924	+	196	108891872	15861
chr11	108876011	109076011	harbor1	chr11	108892475	108892564	LTR/ERVL	924	+	44	108892519	16508
chr11	108876011	109076011	harbor1	chr11	108908932	108909367	LTR/ERVL	910	+	218	108909150	33139
chr11	108876011	109076011	harbor1	chr11	108909483	108909824	LTR/ERVL	1034	+	170	108909653	33642
chr11	13521424	13721424	harbor1	chr11	13524572	13524853	LTR/ERVL	1168	+	140	13524712	3288
chr11	13521424	13721424	harbor1	chr11	13602648	13603084	LTR/ERVL	1587	+	218	13602866	81442
chr11	95476904	95676904	harbor1	chr11	95547370	95547738	LTR/ERVL	1288	+	184	95547554	70650
chr11	95476904	95676904	harbor1	chr11	95547739	95547943	LTR/ERVL	571	+	102	95547841	70937
chr11	101981020	102181020	harbor1	chr11	101995999	101996373	LTR/ERVL	1416	+	187	101996186	15166
chr11	101981020	102181020	harbor1	chr11	101996427	101996563	LTR/ERVL	555	+	68	101996495	15475
chr11	101981020	102181020	harbor1	chr11	102002013	102002758	LTR/ERVL	5055	+	372	102002385	21365
chr11	101981020	102181020	harbor1	chr11	102011191	102011419	LTR/ERVL	522	+	114	102011305	30285
chr11	101981020	102181020	harbor1	chr11	102012288	102012731	LTR/ERVL	1094	+	222	102012510	31490
chr11	101981020	102181020	harbor1	chr11	102012921	102013196	LTR/ERVL	651	+	138	102013059	32039
chr11	101981020	102181020	harbor1	chr11	102013541	102013952	LTR/ERVL	1354	+	206	102013747	32727
chr11	101981020	102181020	harbor1	chr11	102014555	102014750	LTR/ERVL	1354	+	98	102014653	33633
chr11	111504747	111704747	harbor1	chr11	111572144	111572605	LTR/ERVL	960	+	230	111572374	67627
chr11	111504747	111704747	harbor1	chr11	111579821	111580392	LTR/ERVL	1935	+	286	111580107	75360
chr11	127052771	127252771	harbor1	chr11	127126895	127127301	LTR/ERVL	953	+	203	127127098	74327
chr11	129394922	129594922	harbor1	chr11	129491268	129491423	LTR/ERVL	463	+	78	129491346	96424
chr11	129394922	129594922	harbor1	chr11	129491987	129492583	LTR/ERVL	1480	+	298	129492285	97363
chr11	121333431	121533431	harbor1	chr11	121355381	121356184	LTR/ERVL	4859	+	402	121355783	22352
chr11	121333431	121533431	harbor1	chr11	121359737	121360058	LTR/ERVL	728	+	160	121359897	26466
chr11	24282835	24482835	harbor1	chr11	24312349	24312832	LTR/ERVL	845	+	242	24312591	29756
chr11	24282835	24482835	harbor1	chr11	24334784	24334998	LTR/ERVL	449	+	107	24334891	52056
chr11	24282835	24482835	harbor1	chr11	24342662	24343195	LTR/ERVL	1690	+	266	24342928	60093
chr11	24282835	24482835	harbor1	chr11	24345209	24346052	LTR/ERVL	2010	+	422	24345631	62796
chr11	24282835	24482835	harbor1	chr11	24369287	24369732	LTR/ERVL	1469	+	222	24369509	86674
chr11	25136854	25336854	harbor1	chr11	25182567	25182878	LTR/ERVL	452	+	156	25182723	45869
chr11	25136854	25336854	harbor1	chr11	25177486	25182356	LTR/ERVL	5693	+	2435	25179921	43067
chr11	1044731	1244731	harbor1	chr11	1059426	1059900	LTR/ERVL	1441	+	237	1059663	14932
chr11	1044731	1244731	harbor1	chr11	1062522	1062716	LTR/ERVL	753	+	97	1062619	17888
chr11	134739164	134939164	harbor1	chr11	134821916	134822119	LTR/ERVL	388	+	102	134822018	82854
chr11	59944807	60144807	harbor1	chr11	59960504	59961014	LTR/ERVL	2449	+	255	59960759	15952
chr11	59944807	60144807	harbor1	chr11	60000269	60000803	LTR/ERVL	2702	+	267	60000536	55729
chr11	59944807	60144807	harbor1	chr11	60014997	60015416	LTR/ERVL	2141	+	210	60015207	70400
chr11	26893636	27093636	harbor1	chr11	26955097	26955306	LTR/ERVL	421	+	104	26955201	61565
chr11	26893636	27093636	harbor1	chr11	26935103	26935441	LTR/ERVL	1098	+	169	26935272	41636
chr11	90309693	90509693	harbor1	chr11	90321624	90322448	LTR/ERVL	3838	+	412	90322036	12343
chr11	90309693	90509693	harbor1	chr11	90344799	90345305	LTR/ERVL	672	+	253	90345052	35359
chr11	90309693	90509693	harbor1	chr11	90351360	90351662	LTR/ERVL	598	+	151	90351511	41818
chr11	90309693	90509693	harbor1	chr11	90351674	90351928	LTR/ERVL	603	+	127	90351801	42108
chr11	90309693	90509693	harbor1	chr11	90352263	90352273	LTR/ERVL	603	+	5	90352268	42575
chr11	90309693	90509693	harbor1	chr11	90352284	90352651	LTR/ERVL	782	+	184	90352468	42775
chr11	90309693	90509693	harbor1	chr11	90352652	90352965	LTR/ERVL	647	+	156	90352808	43115
chr11	90309693	90509693	harbor1	chr11	90353182	90354825	LTR/ERVL	2380	+	822	90354004	44311
chr11	90309693	90509693	harbor1	chr11	90364064	90364334	LTR/ERVL	744	+	135	90364199	54506
chr11	90309693	90509693	harbor1	chr11	90409135	90409539	LTR/ERVL	1165	+	202	90409337	99644
chr11	29062375	29262375	harbor1	chr11	29088647	29089088	LTR/ERVL	2680	+	220	29088867	26492
chr11	29062375	29262375	harbor1	chr11	29090125	29090224	LTR/ERVL	399	+	50	29090175	27800
chr11	29062375	29262375	harbor1	chr11	29109747	29110055	LTR/ERVL	541	+	154	29109901	47526
chr11	29062375	29262375	harbor1	chr11	29125614	29126260	LTR/ERVL	2067	+	323	29125937	63562
chr11	29062375	29262375	harbor1	chr11	29132899	29133693	LTR/ERVL	1799	+	397	29133296	70921
chr11	118190620	118390620	harbor1	chr11	118282498	118283238	LTR/ERVL	2421	+	370	118282868	92248
chr11	75283222	75483222	harbor1	chr11	75315102	75315905	LTR/ERVL	4439	+	402	75315504	32282
chr11	75283222	75483222	harbor1	chr11	75369963	75370136	LTR/ERVL	710	+	86	75370049	86827
chr11	88388387	88588387	harbor1	chr11	88470897	88471281	LTR/ERVL	2004	+	192	88471089	82702
chr11	41359916	41559916	harbor1	chr11	41433415	41433891	LTR/ERVL	2903	+	238	41433653	73737
chr11	38484530	38684530	harbor1	chr11	38498803	38499310	LTR/ERVL	2468	+	254	38499057	14527
chr11	38484530	38684530	harbor1	chr11	38519374	38519559	LTR/ERVL	690	+	92	38519466	34936
chr11	42090385	42290385	harbor1	chr11	42098559	42098975	LTR/ERVL	1220	+	208	42098767	8382
chr11	42090385	42290385	harbor1	chr11	42117980	42118355	LTR/ERVL	974	+	188	42118168	27783
chr11	42090385	42290385	harbor1	chr11	42150302	42150538	LTR/ERVL	553	+	118	42150420	60035
chr11	42090385	42290385	harbor1	chr11	42152193	42152649	LTR/ERVL	835	+	228	42152421	62036
chr11	103502317	103702317	harbor1	chr11	103526993	103527012	LTR/ERVL	389	+	10	103527003	24686
chr11	103502317	103702317	harbor1	chr11	103527403	103527526	LTR/ERVL	389	+	62	103527465	25148
chr11	103502317	103702317	harbor1	chr11	103540768	103541155	LTR/ERVL	1652	+	194	103540962	38645
chr11	103502317	103702317	harbor1	chr11	103555895	103556722	LTR/ERVL	2882	+	414	103556309	53992
chr11	39686893	39886893	harbor1	chr11	39695457	39695788	LTR/ERVL	611	+	166	39695623	8730
chr11	39686893	39886893	harbor1	chr11	39695988	39696208	LTR/ERVL	642	+	110	39696098	9205
chr11	121963765	122163765	harbor1	chr11	121992426	121992841	LTR/ERVL	918	+	208	121992634	28869
chr11	121963765	122163765	harbor1	chr11	122009866	122010303	LTR/ERVL	3026	+	218	122010084	46319
chr11	121963765	122163765	harbor1	chr11	122015978	122016384	LTR/ERVL	2695	+	203	122016181	52416
chr11	121963765	122163765	harbor1	chr11	122025781	122025973	LTR/ERVL	419	+	96	122025877	62112
chr11	121963765	122163765	harbor1	chr11	122010304	122015977	LTR/ERVL	43966	+	2836	122013140	49375
chr11	69356778	69556778	harbor1	chr11	69383332	69384066	LTR/ERVL	1238	+	367	69383699	26921
chr11	69356778	69556778	harbor1	chr11	69384081	69384408	LTR/ERVL	632	+	164	69384245	27467
chr11	103477047	103677047	harbor1	chr11	103487272	103487725	LTR/ERVL	2687	+	226	103487498	10451
chr11	103477047	103677047	harbor1	chr11	103487769	103487836	LTR/ERVL	2687	+	34	103487803	10756
chr11	103477047	103677047	harbor1	chr11	103526993	103527012	LTR/ERVL	389	+	10	103527003	49956
chr11	103477047	103677047	harbor1	chr11	103527403	103527526	LTR/ERVL	389	+	62	103527465	50418
chr11	103477047	103677047	harbor1	chr11	103540768	103541155	LTR/ERVL	1652	+	194	103540962	63915
chr11	103477047	103677047	harbor1	chr11	103555895	103556722	LTR/ERVL	2882	+	414	103556309	79262
chr11	6780138	6980138	harbor1	chr11	6830760	6831193	LTR/ERVL	2672	+	216	6830976	50838
chr11	6780138	6980138	harbor1	chr11	6831194	6831304	LTR/ERVL	729	+	55	6831249	51111
chr11	6780138	6980138	harbor1	chr11	6831305	6832417	LTR/ERVL	6790	+	556	6831861	51723
chr11	89538689	89738689	harbor1	chr11	89560453	89560996	LTR/ERVL	2529	+	272	89560725	22036
chr11	89538689	89738689	harbor1	chr11	89561087	89561119	LTR/ERVL	2084	+	16	89561103	22414
chr11	94321756	94521756	harbor1	chr11	94356934	94357498	LTR/ERVL	2172	+	282	94357216	35460
chr11	94321756	94521756	harbor1	chr11	94366648	94366802	LTR/ERVL	413	+	77	94366725	44969
chr11	94321756	94521756	harbor1	chr11	94367319	94367653	LTR/ERVL	750	+	167	94367486	45730
chr11	94321756	94521756	harbor1	chr11	94381669	94382062	LTR/ERVL	813	+	196	94381865	60109
chr11	94321756	94521756	harbor1	chr11	94322606	94322998	LTR/ERVL	2005	+	196	94322802	1046
chr11	107138502	107338502	harbor1	chr11	107157864	107160541	LTR/ERVL	13347	+	1338	107159202	20700
chr11	107138502	107338502	harbor1	chr11	107211849	107212168	LTR/ERVL	717	+	160	107212009	73507
chr11	15716278	15916278	harbor1	chr11	15751418	15751823	LTR/ERVL	1084	+	202	15751620	35342
chr11	87272884	87472884	harbor1	chr11	87359684	87359924	LTR/ERVL	1540	+	120	87359804	86920
chr11	87272884	87472884	harbor1	chr11	87359939	87362995	LTR/ERVL	19243	+	1528	87361467	88583
chr11	87272884	87472884	harbor1	chr11	87359416	87359505	LTR/ERVL	611	+	44	87359460	86576
chr11	96961880	97161880	harbor1	chr11	96987618	96987974	LTR/ERVL	1038	+	178	96987796	25916
chr11	96961880	97161880	harbor1	chr11	96988031	96989477	LTR/ERVL	3974	+	723	96988754	26874
chr11	96961880	97161880	harbor1	chr11	96990014	96991707	LTR/ERVL	14242	+	846	96990860	28980
chr11	96961880	97161880	harbor1	chr11	96993827	96994261	LTR/ERVL	1137	+	217	96994044	32164
chr11	96961880	97161880	harbor1	chr11	96994267	96994625	LTR/ERVL	1457	+	179	96994446	32566
chr11	96961880	97161880	harbor1	chr11	97006340	97006982	LTR/ERVL	947	+	321	97006661	44781
chr11	96961880	97161880	harbor1	chr11	97027606	97027795	LTR/ERVL	721	+	94	97027700	65820
chr11	96961880	97161880	harbor1	chr11	96992020	96993452	LTR/ERVL	14242	+	716	96992736	30856
chr11	13740596	13940596	harbor1	chr11	13740836	13741158	LTR/ERVL	1040	+	161	13740997	401
chr11	13740596	13940596	harbor1	chr11	13761954	13762419	LTR/ERVL	1028	+	232	13762186	21590
chr11	13740596	13940596	harbor1	chr11	13828520	13828690	LTR/ERVL	821	+	85	13828605	88009
chr11	13740596	13940596	harbor1	chr11	13828903	13829277	LTR/ERVL	1647	+	187	13829090	88494
chr11	13740596	13940596	harbor1	chr11	13836238	13836293	LTR/ERVL	413	+	28	13836266	95670
chr11	63516977	63716977	harbor1	chr11	63527858	63527970	LTR/ERVL	2083	+	56	63527914	10937
chr11	63516977	63716977	harbor1	chr11	63528939	63529316	LTR/ERVL	2083	+	188	63529127	12150
chr11	63516977	63716977	harbor1	chr11	63531827	63531909	LTR/ERVL	2936	+	41	63531868	14891
chr11	63516977	63716977	harbor1	chr11	63532557	63533168	LTR/ERVL	2936	+	306	63532863	15886
chr11	63516977	63716977	harbor1	chr11	63565874	63566317	LTR/ERVL	1589	+	222	63566096	49119
chr11	63516977	63716977	harbor1	chr11	63566626	63566684	LTR/ERVL	1589	+	29	63566655	49678
chr11	102882022	103082022	harbor1	chr11	102975993	102976188	LTR/ERVL	3437	+	98	102976091	94069
chr11	102882022	103082022	harbor1	chr11	102976392	102976902	LTR/ERVL	3437	+	255	102976647	94625
chr11	29448325	29648325	harbor1	chr11	29491232	29491666	LTR/ERVL	3168	+	217	29491449	43124
chr11	29448325	29648325	harbor1	chr11	29505649	29506111	LTR/ERVL	1104	+	231	29505880	57555
chr11	29448325	29648325	harbor1	chr11	29506425	29506971	LTR/ERVL	1292	+	273	29506698	58373
chr11	29448325	29648325	harbor1	chr11	29533651	29533839	LTR/ERVL	507	+	94	29533745	85420
chr11	43119223	43319223	harbor1	chr11	43176759	43177176	LTR/ERVL	1457	+	208	43176967	57744
chr11	95438969	95638969	harbor1	chr11	95443404	95443884	LTR/ERVL	1281	+	240	95443644	4675
chr11	88374871	88574871	harbor1	chr11	88470897	88471281	LTR/ERVL	2004	+	192	88471089	96218
chr11	55450892	55650892	harbor1	chr11	55480582	55480986	LTR/ERVL	680	+	202	55480784	29892
chr11	55450892	55650892	harbor1	chr11	55481049	55481223	LTR/ERVL	412	+	87	55481136	30244
chr11	6530607	6730607	harbor1	chr11	6554997	6555199	LTR/ERVL	1918	+	101	6555098	24491
chr11	6530607	6730607	harbor1	chr11	6555247	6555401	LTR/ERVL	1918	+	77	6555324	24717
chr11	6530607	6730607	harbor1	chr11	6555402	6555596	LTR/ERVL	1448	+	97	6555499	24892
chr11	6530607	6730607	harbor1	chr11	6593478	6593800	LTR/ERVL	698	+	161	6593639	63032
chr11	17145391	17345391	harbor1	chr11	17166612	17166967	LTR/ERVL	564	+	178	17166790	21399
chr11	17145391	17345391	harbor1	chr11	17191179	17191784	LTR/ERVL	2205	+	302	17191481	46090
chr11	100696789	100896789	harbor1	chr11	100715282	100715584	LTR/ERVL	1257	+	151	100715433	18644
chr11	100696789	100896789	harbor1	chr11	100727255	100728134	LTR/ERVL	3015	+	440	100727695	30906
chr11	108145695	108345695	harbor1	chr11	108219025	108219250	LTR/ERVL	802	+	112	108219137	73442
chr11	108145695	108345695	harbor1	chr11	108219318	108219509	LTR/ERVL	570	+	96	108219414	73719
chr11	108145695	108345695	harbor1	chr11	108231288	108231418	LTR/ERVL	659	+	65	108231353	85658
chr11	108145695	108345695	harbor1	chr11	108231723	108231988	LTR/ERVL	659	+	132	108231855	86160
chr11	108145695	108345695	harbor1	chr11	108242706	108242938	LTR/ERVL	657	+	116	108242822	97127
chr11	56611793	56811793	harbor1	chr11	56622345	56622605	LTR/ERVL	1290	+	130	56622475	10682
chr11	56611793	56811793	harbor1	chr11	56622606	56622817	LTR/ERVL	1474	+	106	56622712	10919
chr11	56611793	56811793	harbor1	chr11	56640453	56640477	LTR/ERVL	1079	+	12	56640465	28672
chr11	56611793	56811793	harbor1	chr11	56640782	56641177	LTR/ERVL	1079	+	198	56640980	29187
chr11	21832342	22032342	harbor1	chr11	21844310	21844377	LTR/ERVL	1386	+	34	21844344	12002
chr11	21832342	22032342	harbor1	chr11	21844732	21845056	LTR/ERVL	1386	+	162	21844894	12552
chr11	78137720	78337720	harbor1	chr11	78182082	78182211	LTR/ERVL	467	+	64	78182146	44426
chr11	62900720	63100720	harbor1	chr11	62907552	62908110	LTR/ERVL	1975	+	279	62907831	7111
chr11	62900720	63100720	harbor1	chr11	62965145	62965260	LTR/ERVL	396	+	58	62965203	64483
chr11	62900720	63100720	harbor1	chr11	62990316	62990443	LTR/ERVL	501	+	64	62990380	89660
chr11	89964595	90164595	harbor1	chr11	89990257	89990485	LTR/ERVL	973	+	114	89990371	25776
chr11	89964595	90164595	harbor1	chr11	90000442	90000884	LTR/ERVL	985	+	221	90000663	36068
chr11	133897656	134097656	harbor1	chr11	133973591	133974112	LTR/ERVL	529	+	260	133973851	76195
chr11	133897656	134097656	harbor1	chr11	133989792	133990209	LTR/ERVL	2200	+	208	133990000	92344
chr11	133897656	134097656	harbor1	chr11	133990262	133990304	LTR/ERVL	2200	+	21	133990283	92627
chr11	20341874	20541874	harbor1	chr11	20422903	20423144	LTR/ERVL	972	+	120	20423023	81149
chr11	20341874	20541874	harbor1	chr11	20428638	20429104	LTR/ERVL	1223	+	233	20428871	86997
chr11	106664915	106864915	harbor1	chr11	106694768	106694923	LTR/ERVL	469	+	78	106694846	29931
chr11	106664915	106864915	harbor1	chr11	106702873	106703322	LTR/ERVL	3223	+	224	106703097	38182
chr11	106664915	106864915	harbor1	chr11	106749551	106749841	LTR/ERVL	1160	+	145	106749696	84781
chr11	111150438	111350438	harbor1	chr11	111180868	111181526	LTR/ERVL	4776	+	329	111181197	30759
chr11	105240540	105440540	harbor1	chr11	105252621	105253310	LTR/ERVL	688	+	344	105252965	12425
chr11	105240540	105440540	harbor1	chr11	105253495	105254035	LTR/ERVL	2574	+	270	105253765	13225
chr11	105240540	105440540	harbor1	chr11	105257920	105258467	LTR/ERVL	1866	+	274	105258194	17654
chr11	105240540	105440540	harbor1	chr11	105263033	105263274	LTR/ERVL	538	+	120	105263153	22613
chr11	105240540	105440540	harbor1	chr11	105272207	105272550	LTR/ERVL	1796	+	172	105272379	31839
chr11	105240540	105440540	harbor1	chr11	105325334	105325568	LTR/ERVL	524	+	117	105325451	84911
chr11	105240540	105440540	harbor1	chr11	105328338	105329658	LTR/ERVL	5089	+	660	105328998	88458
chr11	105240540	105440540	harbor1	chr11	105330038	105330389	LTR/ERVL	1296	+	176	105330214	89674
chr11	56697911	56897911	harbor1	chr11	56721924	56721963	LTR/ERVL	2304	+	20	56721944	24033
chr11	56697911	56897911	harbor1	chr11	56757606	56757806	LTR/ERVL	602	+	100	56757706	59795
chr11	56697911	56897911	harbor1	chr11	56721395	56721868	LTR/ERVL	2304	+	236	56721631	23720
chr11	80011438	80211438	harbor1	chr11	80012947	80013145	LTR/ERVL	503	+	99	80013046	1608
chr11	80011438	80211438	harbor1	chr11	80050511	80050895	LTR/ERVL	1276	+	192	80050703	39265
chr11	80011438	80211438	harbor1	chr11	80052739	80053109	LTR/ERVL	547	+	185	80052924	41486
chr11	80011438	80211438	harbor1	chr11	80085341	80085726	LTR/ERVL	1574	+	192	80085533	74095
chr11	74732599	74932599	harbor1	chr11	74803445	74803693	LTR/ERVL	666	+	124	74803569	70970
chr11	74732599	74932599	harbor1	chr11	74803803	74803929	LTR/ERVL	534	+	63	74803866	71267
chr11	74732599	74932599	harbor1	chr11	74807145	74807348	LTR/ERVL	457	+	102	74807247	74648
chr11	93730450	93930450	harbor1	chr11	93771308	93771845	LTR/ERVL	1978	+	268	93771576	41126
chr11	69096292	69296292	harbor1	chr11	69145976	69146173	LTR/ERVL	832	+	98	69146074	49782
chr11	69096292	69296292	harbor1	chr11	69164878	69165420	LTR/ERVL	1454	+	271	69165149	68857
chr11	69096292	69296292	harbor1	chr11	69170396	69170828	LTR/ERVL	3467	+	216	69170612	74320
chr11	133039330	133239330	harbor1	chr11	133057406	133057744	LTR/ERVL	389	+	169	133057575	18245
chr11	133039330	133239330	harbor1	chr11	133131724	133131812	LTR/ERVL	414	+	44	133131768	92438
chr11	94913229	95113229	harbor1	chr11	94925003	94925163	LTR/ERVL	686	+	80	94925083	11854
chr11	94913229	95113229	harbor1	chr11	94943301	94943711	LTR/ERVL	1262	+	205	94943506	30277
chr11	94913229	95113229	harbor1	chr11	94957032	94957495	LTR/ERVL	1072	+	232	94957264	44035
chr11	94913229	95113229	harbor1	chr11	94965461	94965972	LTR/ERVL	2308	+	256	94965717	52488
chr11	23719433	23919433	harbor1	chr11	23772146	23772552	LTR/ERVL	1591	+	203	23772349	52916
chr11	13485066	13685066	harbor1	chr11	13490318	13490528	LTR/ERVL	448	+	105	13490423	5357
chr11	13485066	13685066	harbor1	chr11	13524572	13524853	LTR/ERVL	1168	+	140	13524712	39646
chr11	43029780	43229780	harbor1	chr11	43093018	43093146	LTR/ERVL	393	+	64	43093082	63302
chr11	43029780	43229780	harbor1	chr11	43101230	43101420	LTR/ERVL	740	+	95	43101325	71545
chr11	43029780	43229780	harbor1	chr11	43102251	43102425	LTR/ERVL	517	+	87	43102338	72558
chr11	89717674	89917674	harbor1	chr11	89750923	89751351	LTR/ERVL	1039	+	214	89751137	33463
chr11	89717674	89917674	harbor1	chr11	89805278	89805516	LTR/ERVL	917	+	119	89805397	87723
chr11	134412616	134612616	harbor1	chr11	134445440	134445942	LTR/ERVL	1727	+	251	134445691	33075
chr11	134412616	134612616	harbor1	chr11	134449223	134449543	LTR/ERVL	1426	+	160	134449383	36767
chr11	134412616	134612616	harbor1	chr11	134464197	134464716	LTR/ERVL	1744	+	260	134464457	51841
chr11	134412616	134612616	harbor1	chr11	134467218	134467788	LTR/ERVL	3731	+	285	134467503	54887
chr11	123804540	124004540	harbor1	chr11	123815117	123815508	LTR/ERVL	937	+	196	123815313	10773
chr11	123804540	124004540	harbor1	chr11	123823273	123823433	LTR/ERVL	888	+	80	123823353	18813
chr11	6773256	6973256	harbor1	chr11	6830760	6831193	LTR/ERVL	2672	+	216	6830976	57720
chr11	6773256	6973256	harbor1	chr11	6831194	6831304	LTR/ERVL	729	+	55	6831249	57993
chr11	6773256	6973256	harbor1	chr11	6831305	6832417	LTR/ERVL	6790	+	556	6831861	58605
chr11	125974239	126174239	harbor1	chr11	126069578	126069654	LTR/ERVL	837	+	38	126069616	95377
chr11	125974239	126174239	harbor1	chr11	126069791	126070075	LTR/ERVL	837	+	142	126069933	95694
chr11	84683124	84883124	harbor1	chr11	84686786	84687132	LTR/ERVL	983	+	173	84686959	3835
chr11	84683124	84883124	harbor1	chr11	84761379	84761907	LTR/ERVL	2087	+	264	84761643	78519
chr11	84683124	84883124	harbor1	chr11	84778662	84779275	LTR/ERVL	1626	+	306	84778968	95844
chr11	113337808	113537808	harbor1	chr11	113366471	113367016	LTR/ERVL	929	+	272	113366743	28935
chr11	113337808	113537808	harbor1	chr11	113418440	113419037	LTR/ERVL	1942	+	298	113418738	80930
chr11	133001290	133201290	harbor1	chr11	133008441	133008876	LTR/ERVL	1159	+	218	133008659	7369
chr11	133001290	133201290	harbor1	chr11	133057406	133057744	LTR/ERVL	389	+	169	133057575	56285
chr11	49707120	49907120	harbor1	chr11	49732243	49732729	LTR/ERVL	1458	+	243	49732486	25366
chr11	49707120	49907120	harbor1	chr11	49750440	49750918	LTR/ERVL	2019	+	239	49750679	43559
chr11	89153096	89353096	harbor1	chr11	89168237	89168713	LTR/ERVL	1081	+	238	89168475	15379
chr11	77855610	78055610	harbor1	chr11	77915700	77915872	LTR/ERVL	584	+	86	77915786	60176
chr11	77855610	78055610	harbor1	chr11	77915920	77916173	LTR/ERVL	770	+	126	77916046	60436
chr11	95721650	95921650	harbor1	chr11	95737752	95738123	LTR/ERVL	465	+	186	95737938	16288
chr11	95027815	95227815	harbor1	chr11	95033276	95033539	LTR/ERVL	770	+	132	95033408	5593
chr11	95027815	95227815	harbor1	chr11	95045405	95045723	LTR/ERVL	959	+	159	95045564	17749
chr11	95027815	95227815	harbor1	chr11	95060057	95060368	LTR/ERVL	1208	+	156	95060213	32398
chr11	40027430	40227430	harbor1	chr11	40057574	40057906	LTR/ERVL	1634	+	166	40057740	30310
chr11	40027430	40227430	harbor1	chr11	40119656	40120215	LTR/ERVL	2441	+	280	40119936	92506
chr11	118939678	119139678	harbor1	chr11	118945037	118945215	LTR/ERVL	744	+	89	118945126	5448
chr11	118939678	119139678	harbor1	chr11	118945253	118945289	LTR/ERVL	744	+	18	118945271	5593
chr11	129836097	130036097	harbor1	chr11	129921636	129922170	LTR/ERVL	1375	+	267	129921903	85806
chr11	129836097	130036097	harbor1	chr11	129935824	129936258	LTR/ERVL	785	+	217	129936041	99944
chr11	74867983	75067983	harbor1	chr11	74905381	74905888	LTR/ERVL	1652	+	254	74905635	37652
chr11	74867983	75067983	harbor1	chr11	74912919	74913973	LTR/ERVL	3323	+	527	74913446	45463
chr11	74867983	75067983	harbor1	chr11	74914282	74914502	LTR/ERVL	3323	+	110	74914392	46409
chr11	74867983	75067983	harbor1	chr11	74914671	74914825	LTR/ERVL	663	+	77	74914748	46765
chr11	74867983	75067983	harbor1	chr11	74914998	74915685	LTR/ERVL	2360	+	344	74915342	47359
chr11	74867983	75067983	harbor1	chr11	74917629	74918274	LTR/ERVL	2126	+	322	74917951	49968
chr11	74867983	75067983	harbor1	chr11	74918619	74918839	LTR/ERVL	543	+	110	74918729	50746
chr11	74867983	75067983	harbor1	chr11	74938525	74938952	LTR/ERVL	1970	+	214	74938739	70756
chr11	29143489	29343489	harbor1	chr11	29197796	29197963	LTR/ERVL	519	+	84	29197880	54391
chr11	29143489	29343489	harbor1	chr11	29198165	29198280	LTR/ERVL	531	+	58	29198223	54734
chr11	29143489	29343489	harbor1	chr11	29198456	29198917	LTR/ERVL	1185	+	230	29198686	55197
chr11	29143489	29343489	harbor1	chr11	29204608	29205167	LTR/ERVL	2638	+	280	29204888	61399
chr11	9032564	9232564	harbor1	chr11	9131718	9132288	LTR/ERVL	2139	+	285	9132003	99439
chr11	38238782	38438782	harbor1	chr11	38324102	38324703	LTR/ERVL	2349	+	300	38324402	85620
chr11	38238782	38438782	harbor1	chr11	38330482	38330980	LTR/ERVL	1604	+	249	38330731	91949
chr11	38238782	38438782	harbor1	chr11	38331142	38331373	LTR/ERVL	596	+	116	38331258	92476
chr11	38238782	38438782	harbor1	chr11	38332190	38333487	LTR/ERVL	3366	+	648	38332838	94056
chr11	38238782	38438782	harbor1	chr11	38333488	38333787	LTR/ERVL	1212	+	150	38333638	94856
chr11	100456914	100656914	harbor1	chr11	100471233	100471629	LTR/ERVL	591	+	198	100471431	14517
chr11	100456914	100656914	harbor1	chr11	100483420	100483798	LTR/ERVL	985	+	189	100483609	26695
chr11	100456914	100656914	harbor1	chr11	100511460	100511896	LTR/ERVL	1631	+	218	100511678	54764
chr11	100456914	100656914	harbor1	chr11	100515057	100515208	LTR/ERVL	487	+	76	100515133	58219
chr11	100456914	100656914	harbor1	chr11	100519620	100520598	LTR/ERVL	3666	+	489	100520109	63195
chr11	100456914	100656914	harbor1	chr11	100520705	100520900	LTR/ERVL	530	+	98	100520803	63889
chr11	100456914	100656914	harbor1	chr11	100536413	100536699	LTR/ERVL	717	+	143	100536556	79642
chr11	100456914	100656914	harbor1	chr11	100515209	100517155	LTR/ERVL	3666	+	973	100516182	59268
chr11	31962740	32162740	harbor1	chr11	32033243	32033440	LTR/ERVL	560	+	98	32033341	70601
chr11	31962740	32162740	harbor1	chr11	32062072	32062443	LTR/ERVL	1255	+	186	32062258	99518
chr11	14582869	14782869	harbor1	chr11	14587136	14587630	LTR/ERVL	947	+	247	14587383	4514
chr11	14582869	14782869	harbor1	chr11	14615264	14615726	LTR/ERVL	1416	+	231	14615495	32626
chr11	14582869	14782869	harbor1	chr11	14622139	14624235	LTR/ERVL	7489	+	1048	14623187	40318
chr11	14582869	14782869	harbor1	chr11	14624403	14625138	LTR/ERVL	3065	+	368	14624771	41902
chr11	14582869	14782869	harbor1	chr11	14625463	14625891	LTR/ERVL	1923	+	214	14625677	42808
chr11	82087619	82287619	harbor1	chr11	82114251	82114383	LTR/ERVL	388	+	66	82114317	26698
chr11	82087619	82287619	harbor1	chr11	82133081	82133478	LTR/ERVL	577	+	198	82133279	45660
chr11	25378601	25578601	harbor1	chr11	25398239	25398831	LTR/ERVL	1515	+	296	25398535	19934
chr11	25378601	25578601	harbor1	chr11	25398832	25399314	LTR/ERVL	734	+	241	25399073	20472
chr11	25378601	25578601	harbor1	chr11	25422551	25422674	LTR/ERVL	495	+	62	25422613	44012
chr11	100014660	100214660	harbor1	chr11	100047637	100047850	LTR/ERVL	2569	+	106	100047743	33083
chr11	100014660	100214660	harbor1	chr11	100048150	100048491	LTR/ERVL	2569	+	170	100048320	33660
chr11	134412905	134612905	harbor1	chr11	134445440	134445942	LTR/ERVL	1727	+	251	134445691	32786
chr11	134412905	134612905	harbor1	chr11	134449223	134449543	LTR/ERVL	1426	+	160	134449383	36478
chr11	134412905	134612905	harbor1	chr11	134464197	134464716	LTR/ERVL	1744	+	260	134464457	51552
chr11	134412905	134612905	harbor1	chr11	134467218	134467788	LTR/ERVL	3731	+	285	134467503	54598
chr11	62917026	63117026	harbor1	chr11	62965145	62965260	LTR/ERVL	396	+	58	62965203	48177
chr11	62917026	63117026	harbor1	chr11	62990316	62990443	LTR/ERVL	501	+	64	62990380	73354
chr11	47771432	47971432	harbor1	chr11	47833657	47833714	LTR/ERVL	417	+	28	47833685	62253
chr11	47771432	47971432	harbor1	chr11	47833784	47834081	LTR/ERVL	1529	+	148	47833932	62500
chr11	103797045	103997045	harbor1	chr11	103822145	103822700	LTR/ERVL	1793	+	278	103822423	25378
chr11	103797045	103997045	harbor1	chr11	103840082	103840278	LTR/ERVL	795	+	98	103840180	43135
chr11	103797045	103997045	harbor1	chr11	103863016	103863348	LTR/ERVL	717	+	166	103863182	66137
chr11	103797045	103997045	harbor1	chr11	103863432	103864646	LTR/ERVL	2323	+	607	103864039	66994
chr11	96747160	96947160	harbor1	chr11	96798522	96798944	LTR/ERVL	687	+	211	96798733	51573
chr11	96747160	96947160	harbor1	chr11	96810736	96811179	LTR/ERVL	1959	+	222	96810958	63798
chr11	102681897	102881897	harbor1	chr11	102700782	102701428	LTR/ERVL	1019	+	323	102701105	19208
chr11	102681897	102881897	harbor1	chr11	102710093	102710651	LTR/ERVL	1377	+	279	102710372	28475
chr11	102681897	102881897	harbor1	chr11	102736953	102737429	LTR/ERVL	2371	+	238	102737191	55294
chr11	102681897	102881897	harbor1	chr11	102764810	102765158	LTR/ERVL	1076	+	174	102764984	83087
chr11	102681897	102881897	harbor1	chr11	102765157	102765500	LTR/ERVL	1129	+	172	102765329	83432
chr11	9135891	9335891	harbor1	chr11	9195777	9195875	LTR/ERVL	422	+	49	9195826	59935
chr11	9135891	9335891	harbor1	chr11	9228135	9228247	LTR/ERVL	578	+	56	9228191	92300
chr11	9135891	9335891	harbor1	chr11	9228267	9228466	LTR/ERVL	2499	+	100	9228367	92476
chr11	9135891	9335891	harbor1	chr11	9228733	9229136	LTR/ERVL	2499	+	202	9228935	93044
chr11	69254265	69454265	harbor1	chr11	69321007	69321395	LTR/ERVL	559	+	194	69321201	66936
chr11	29635974	29835974	harbor1	chr11	29659674	29660131	LTR/ERVL	1508	+	228	29659902	23928
chr11	29635974	29835974	harbor1	chr11	29680139	29680701	LTR/ERVL	1358	+	281	29680420	44446
chr11	29635974	29835974	harbor1	chr11	29705427	29705525	LTR/ERVL	453	+	49	29705476	69502
chr11	29635974	29835974	harbor1	chr11	29704108	29704360	LTR/ERVL	1371	+	126	29704234	68260
chr11	120018880	120218880	harbor1	chr11	120091571	120092002	LTR/ERVL	1500	+	216	120091787	72907
chr11	24031109	24231109	harbor1	chr11	24037362	24037801	LTR/ERVL	3114	+	220	24037582	6473
chr11	24031109	24231109	harbor1	chr11	24085149	24086385	LTR/ERVL	1994	+	618	24085767	54658
chr11	24031109	24231109	harbor1	chr11	24086474	24086950	LTR/ERVL	606	+	238	24086712	55603
chr11	24031109	24231109	harbor1	chr11	24091704	24091897	LTR/ERVL	563	+	96	24091800	60691
chr11	24031109	24231109	harbor1	chr11	24091927	24092326	LTR/ERVL	644	+	200	24092127	61018
chr11	113746120	113946120	harbor1	chr11	113765722	113766088	LTR/ERVL	1413	+	183	113765905	19785
chr11	11088926	11288926	harbor1	chr11	11144323	11144736	LTR/ERVL	1784	+	206	11144529	55603
chr11	11088926	11288926	harbor1	chr11	11147430	11147801	LTR/ERVL	893	+	186	11147616	58690
chr11	11088926	11288926	harbor1	chr11	11156271	11156635	LTR/ERVL	885	+	182	11156453	67527
chr11	11088926	11288926	harbor1	chr11	11165309	11165447	LTR/ERVL	575	+	69	11165378	76452
chr11	11088926	11288926	harbor1	chr11	11173269	11173620	LTR/ERVL	583	+	176	11173445	84519
chr11	11088926	11288926	harbor1	chr11	11173815	11174101	LTR/ERVL	1131	+	143	11173958	85032
chr11	106062763	106262763	harbor1	chr11	106101564	106101911	LTR/ERVL	471	+	174	106101738	38975
chr11	106062763	106262763	harbor1	chr11	106102270	106102562	LTR/ERVL	475	+	146	106102416	39653
chr11	106062763	106262763	harbor1	chr11	106103264	106104154	LTR/ERVL	1394	+	445	106103709	40946
chr11	106062763	106262763	harbor1	chr11	106104479	106104678	LTR/ERVL	790	+	100	106104579	41816
chr11	106062763	106262763	harbor1	chr11	106104866	106105086	LTR/ERVL	528	+	110	106104976	42213
chr11	106062763	106262763	harbor1	chr11	106114832	106117525	LTR/ERVL	19411	+	1346	106116178	53415
chr11	106062763	106262763	harbor1	chr11	106117526	106118062	LTR/ERVL	1752	+	268	106117794	55031
chr11	106062763	106262763	harbor1	chr11	106134645	106135044	LTR/ERVL	798	+	200	106134845	72082
chr11	106062763	106262763	harbor1	chr11	106147569	106147961	LTR/ERVL	1973	+	196	106147765	85002
chr11	97255179	97455179	harbor1	chr11	97305470	97305923	LTR/ERVL	2074	+	226	97305696	50517
chr11	97255179	97455179	harbor1	chr11	97310034	97310188	LTR/ERVL	611	+	77	97310111	54932
chr11	97255179	97455179	harbor1	chr11	97317542	97317987	LTR/ERVL	2765	+	222	97317764	62585
chr11	97255179	97455179	harbor1	chr11	97317988	97318425	LTR/ERVL	3310	+	218	97318206	63027
chr11	97255179	97455179	harbor1	chr11	97318427	97319607	LTR/ERVL	8800	+	590	97319017	63838
chr11	97255179	97455179	harbor1	chr11	97322926	97323323	LTR/ERVL	2708	+	198	97323124	67945
chr11	97255179	97455179	harbor1	chr11	97335954	97336435	LTR/ERVL	969	+	240	97336194	81015
chr11	97255179	97455179	harbor1	chr11	97319603	97322925	LTR/ERVL	24996	+	1661	97321264	66085
chr11	6450917	6650917	harbor1	chr11	6491888	6492463	LTR/ERVL	1557	+	288	6492176	41259
chr11	6450917	6650917	harbor1	chr11	6504205	6504445	LTR/ERVL	738	+	120	6504325	53408
chr11	6450917	6650917	harbor1	chr11	6504752	6504826	LTR/ERVL	433	+	37	6504789	53872
chr11	6450917	6650917	harbor1	chr11	6505131	6505234	LTR/ERVL	433	+	52	6505183	54266
chr11	6450917	6650917	harbor1	chr11	6505562	6505648	LTR/ERVL	460	+	43	6505605	54688
chr11	6450917	6650917	harbor1	chr11	6515483	6515723	LTR/ERVL	588	+	120	6515603	64686
chr11	6450917	6650917	harbor1	chr11	6527915	6528042	LTR/ERVL	434	+	64	6527979	77062
chr11	109175385	109375385	harbor1	chr11	109238828	109239357	LTR/ERVL	2335	+	264	109239092	63707
chr11	80368797	80568797	harbor1	chr11	80380689	80381035	LTR/ERVL	1826	+	173	80380862	12065
chr11	20604955	20804955	harbor1	chr11	20662377	20662514	LTR/ERVL	430	+	68	20662445	57490
chr11	30235927	30435927	harbor1	chr11	30242653	30243207	LTR/ERVL	2137	+	277	30242930	7003
chr11	30235927	30435927	harbor1	chr11	30321242	30321972	LTR/ERVL	3167	+	365	30321607	85680
chr11	83901266	84101266	harbor1	chr11	83904506	83905016	LTR/ERVL	1610	+	255	83904761	3495
chr11	83901266	84101266	harbor1	chr11	83955665	83956088	LTR/ERVL	1402	+	212	83955877	54611
chr11	25241921	25441921	harbor1	chr11	25295594	25295879	LTR/ERVL	486	+	142	25295736	53815
chr11	25241921	25441921	harbor1	chr11	25313588	25313824	LTR/ERVL	1387	+	118	25313706	71785
chr11	25241921	25441921	harbor1	chr11	25314091	25314195	LTR/ERVL	1387	+	52	25314143	72222
chr11	25241921	25441921	harbor1	chr11	25326267	25326795	LTR/ERVL	1356	+	264	25326531	84610
chr11	132239446	132439446	harbor1	chr11	132276379	132276930	LTR/ERVL	2357	+	276	132276655	37209
chr11	4927148	5127148	harbor1	chr11	4930248	4930567	LTR/ERVL	750	+	160	4930408	3260
chr11	4927148	5127148	harbor1	chr11	4978793	4979128	LTR/ERVL	847	+	168	4978961	51813
chr11	4927148	5127148	harbor1	chr11	4979658	4979965	LTR/ERVL	673	+	154	4979812	52664
chr11	4927148	5127148	harbor1	chr11	5002485	5002877	LTR/ERVL	1108	+	196	5002681	75533
chr11	5384615	5584615	harbor1	chr11	5447295	5447555	LTR/ERVL	538	+	130	5447425	62810
chr11	5384615	5584615	harbor1	chr11	5447556	5448235	LTR/ERVL	1328	+	340	5447896	63281
chr11	5384615	5584615	harbor1	chr11	5448236	5448275	LTR/ERVL	532	+	20	5448256	63641
chr11	7813040	8013040	harbor1	chr11	7882437	7882937	LTR/ERVL	859	+	250	7882687	69647
chr11	75168679	75368679	harbor1	chr11	75257851	75258294	LTR/ERVL	1179	+	222	75258073	89394
chr11	127350412	127550412	harbor1	chr11	127380537	127381016	LTR/ERVL	2418	+	240	127380777	30365
chr11	127350412	127550412	harbor1	chr11	127440609	127440948	LTR/ERVL	423	+	170	127440779	90367
chr11	15249896	15449896	harbor1	chr11	15332088	15332335	LTR/ERVL	1125	+	124	15332212	82316
chr11	15249896	15449896	harbor1	chr11	15332742	15332838	LTR/ERVL	1125	+	48	15332790	82894
chr11	26823811	27023811	harbor1	chr11	26840325	26840801	LTR/ERVL	951	+	238	26840563	16752
chr11	18238699	18438699	harbor1	chr11	18243816	18244062	LTR/ERVL	958	+	123	18243939	5240
chr11	18238699	18438699	harbor1	chr11	18244500	18244626	LTR/ERVL	494	+	63	18244563	5864
chr11	18238699	18438699	harbor1	chr11	18253175	18253981	LTR/ERVL	4650	+	403	18253578	14879
chr11	18238699	18438699	harbor1	chr11	18254769	18255308	LTR/ERVL	2691	+	270	18255039	16340
chr11	18238699	18438699	harbor1	chr11	18270228	18270455	LTR/ERVL	431	+	114	18270342	31643
chr11	18238699	18438699	harbor1	chr11	18304514	18305194	LTR/ERVL	1190	+	340	18304854	66155
chr11	95914558	96114558	harbor1	chr11	95972077	95972511	LTR/ERVL	1119	+	217	95972294	57736
chr11	18275911	18475911	harbor1	chr11	18304514	18305194	LTR/ERVL	1190	+	340	18304854	28943
chr11	18267351	18467351	harbor1	chr11	18270228	18270455	LTR/ERVL	431	+	114	18270342	2991
chr11	18267351	18467351	harbor1	chr11	18304514	18305194	LTR/ERVL	1190	+	340	18304854	37503
chr11	97255639	97455639	harbor1	chr11	97305470	97305923	LTR/ERVL	2074	+	226	97305696	50057
chr11	97255639	97455639	harbor1	chr11	97310034	97310188	LTR/ERVL	611	+	77	97310111	54472
chr11	97255639	97455639	harbor1	chr11	97317542	97317987	LTR/ERVL	2765	+	222	97317764	62125
chr11	97255639	97455639	harbor1	chr11	97317988	97318425	LTR/ERVL	3310	+	218	97318206	62567
chr11	97255639	97455639	harbor1	chr11	97318427	97319607	LTR/ERVL	8800	+	590	97319017	63378
chr11	97255639	97455639	harbor1	chr11	97322926	97323323	LTR/ERVL	2708	+	198	97323124	67485
chr11	97255639	97455639	harbor1	chr11	97335954	97336435	LTR/ERVL	969	+	240	97336194	80555
chr11	97255639	97455639	harbor1	chr11	97319603	97322925	LTR/ERVL	24996	+	1661	97321264	65625
chr11	85876108	86076108	harbor1	chr11	85922877	85923128	LTR/ERVL	1748	+	126	85923003	46895
chr11	85876108	86076108	harbor1	chr11	85923477	85923685	LTR/ERVL	1748	+	104	85923581	47473
chr11	85876108	86076108	harbor1	chr11	85940994	85943742	LTR/ERVL	19129	+	1374	85942368	66260
chr11	85876108	86076108	harbor1	chr11	85943744	85945408	LTR/ERVL	10346	+	832	85944576	68468
chr11	85876108	86076108	harbor1	chr11	85945410	85945741	LTR/ERVL	1377	+	166	85945576	69468
chr11	65446051	65646051	harbor1	chr11	65459498	65459871	LTR/ERVL	1893	+	186	65459684	13633
chr11	65446051	65646051	harbor1	chr11	65460176	65460321	LTR/ERVL	1893	+	72	65460248	14197
chr11	101771192	101971192	harbor1	chr11	101775568	101776082	LTR/ERVL	1204	+	257	101775825	4633
chr11	101771192	101971192	harbor1	chr11	101813359	101813430	LTR/ERVL	2082	+	36	101813395	42203
chr11	101771192	101971192	harbor1	chr11	101813805	101814208	LTR/ERVL	2082	+	202	101814007	42815
chr11	101771192	101971192	harbor1	chr11	101832153	101832533	LTR/ERVL	627	+	190	101832343	61151
chr11	101771192	101971192	harbor1	chr11	101849728	101849920	LTR/ERVL	1585	+	96	101849824	78632
chr11	101771192	101971192	harbor1	chr11	101850594	101850774	LTR/ERVL	1585	+	90	101850684	79492
chr11	101771192	101971192	harbor1	chr11	101866743	101867236	LTR/ERVL	2205	+	246	101866989	95797
chr11	8162192	8362192	harbor1	chr11	8176226	8176588	LTR/ERVL	1803	+	181	8176407	14215
chr11	8162192	8362192	harbor1	chr11	8178496	8178950	LTR/ERVL	998	+	227	8178723	16531
chr11	46371371	46571371	harbor1	chr11	46464556	46464764	LTR/ERVL	2365	+	104	46464660	93289
chr11	46371371	46571371	harbor1	chr11	46465072	46465428	LTR/ERVL	2365	+	178	46465250	93879
chr11	77809083	78009083	harbor1	chr11	77838114	77838218	LTR/ERVL	500	+	52	77838166	29083
chr11	77809083	78009083	harbor1	chr11	77838219	77838609	LTR/ERVL	1497	+	195	77838414	29331
chr11	87861723	88061723	harbor1	chr11	87866862	87867175	LTR/ERVL	962	+	156	87867018	5295
chr11	87861723	88061723	harbor1	chr11	87868759	87869099	LTR/ERVL	516	+	170	87868929	7206
chr11	87861723	88061723	harbor1	chr11	87876333	87876491	LTR/ERVL	479	+	79	87876412	14689
chr11	87861723	88061723	harbor1	chr11	87957923	87957975	LTR/ERVL	395	+	26	87957949	96226
chr11	87861723	88061723	harbor1	chr11	87958370	87958426	LTR/ERVL	395	+	28	87958398	96675
chr11	87861723	88061723	harbor1	chr11	87958717	87959279	LTR/ERVL	1227	+	281	87958998	97275
chr11	59287099	59487099	harbor1	chr11	59371295	59371750	LTR/ERVL	764	+	228	59371523	84424
chr11	104703064	104903064	harbor1	chr11	104724885	104725022	LTR/ERVL	656	+	68	104724953	21889
chr11	104703064	104903064	harbor1	chr11	104725726	104726343	LTR/ERVL	2033	+	308	104726034	22970
chr11	104703064	104903064	harbor1	chr11	104782573	104783055	LTR/ERVL	2205	+	241	104782814	79750
chr11	104703064	104903064	harbor1	chr11	104792863	104793722	LTR/ERVL	3507	+	430	104793293	90229
chr11	85906126	86106126	harbor1	chr11	85922877	85923128	LTR/ERVL	1748	+	126	85923003	16877
chr11	85906126	86106126	harbor1	chr11	85923477	85923685	LTR/ERVL	1748	+	104	85923581	17455
chr11	85906126	86106126	harbor1	chr11	85940994	85943742	LTR/ERVL	19129	+	1374	85942368	36242
chr11	85906126	86106126	harbor1	chr11	85943744	85945408	LTR/ERVL	10346	+	832	85944576	38450
chr11	85906126	86106126	harbor1	chr11	85945410	85945741	LTR/ERVL	1377	+	166	85945576	39450
chr11	104394103	104594103	harbor1	chr11	104413681	104414535	LTR/ERVL	4066	+	427	104414108	20005
chr11	104394103	104594103	harbor1	chr11	104477634	104478139	LTR/ERVL	2009	+	252	104477886	83783
chr11	84881492	85081492	harbor1	chr11	84888120	84888620	LTR/ERVL	2684	+	250	84888370	6878
chr11	1056116	1256116	harbor1	chr11	1059426	1059900	LTR/ERVL	1441	+	237	1059663	3547
chr11	1056116	1256116	harbor1	chr11	1062522	1062716	LTR/ERVL	753	+	97	1062619	6503
chr11	37701605	37901605	harbor1	chr11	37713384	37713406	LTR/ERVL	962	+	11	37713395	11790
chr11	37701605	37901605	harbor1	chr11	37714650	37714825	LTR/ERVL	962	+	88	37714738	13133
chr11	37701605	37901605	harbor1	chr11	37772063	37772435	LTR/ERVL	1550	+	186	37772249	70644
chr11	35005890	35205890	harbor1	chr11	35042677	35043028	LTR/ERVL	580	+	176	35042853	36963
chr11	35005890	35205890	harbor1	chr11	35058175	35058691	LTR/ERVL	1308	+	258	35058433	52543
chr11	35005890	35205890	harbor1	chr11	35062390	35062862	LTR/ERVL	1494	+	236	35062626	56736
chr11	35005890	35205890	harbor1	chr11	35078339	35078672	LTR/ERVL	1498	+	166	35078505	72615
chr11	35005890	35205890	harbor1	chr11	35103470	35103927	LTR/ERVL	1458	+	228	35103698	97808
chr11	35005890	35205890	harbor1	chr11	35104571	35105279	LTR/ERVL	3368	+	354	35104925	99035
chr11	130590810	130790810	harbor1	chr11	130642461	130642804	LTR/ERVL	1285	+	172	130642633	51823
chr11	130590810	130790810	harbor1	chr11	130642895	130642955	LTR/ERVL	979	+	30	130642925	52115
chr11	130590810	130790810	harbor1	chr11	130649067	130649419	LTR/ERVL	1731	+	176	130649243	58433
chr11	130590810	130790810	harbor1	chr11	130677883	130678183	LTR/ERVL	891	+	150	130678033	87223
chr11	125523757	125723757	harbor1	chr11	125528401	125529275	LTR/ERVL	4468	+	437	125528838	5081
chr11	27928269	28128269	harbor1	chr11	27955872	27956395	LTR/ERVL	1885	+	262	27956134	27865
chr11	27928269	28128269	harbor1	chr11	27986232	27986571	LTR/ERVL	423	+	170	27986402	58133
chr11	27928269	28128269	harbor1	chr11	27991690	27992149	LTR/ERVL	1206	+	230	27991920	63651
chr11	27928269	28128269	harbor1	chr11	27998578	27999012	LTR/ERVL	1172	+	217	27998795	70526
chr11	27928269	28128269	harbor1	chr11	28007587	28007918	LTR/ERVL	1285	+	166	28007753	79484
chr11	20521196	20721196	harbor1	chr11	20533600	20533970	LTR/ERVL	791	+	185	20533785	12589
chr11	20521196	20721196	harbor1	chr11	20534282	20534410	LTR/ERVL	791	+	64	20534346	13150
chr11	20521196	20721196	harbor1	chr11	20561441	20561802	LTR/ERVL	1303	+	180	20561621	40425
chr11	20521196	20721196	harbor1	chr11	20566295	20566557	LTR/ERVL	1807	+	131	20566426	45230
chr11	20521196	20721196	harbor1	chr11	20589121	20589513	LTR/ERVL	797	+	196	20589317	68121
chr11	121428805	121628805	harbor1	chr11	121443510	121443799	LTR/ERVL	1065	+	144	121443654	14849
chr11	121428805	121628805	harbor1	chr11	121443817	121444072	LTR/ERVL	451	+	128	121443945	15140
chr11	121428805	121628805	harbor1	chr11	121444120	121444212	LTR/ERVL	451	+	46	121444166	15361
chr11	106429639	106629639	harbor1	chr11	106452831	106453129	LTR/ERVL	1473	+	149	106452980	23341
chr11	87455305	87655305	harbor1	chr11	87455213	87455431	LTR/ERVL	565	+	109	87455322	17
chr11	87455305	87655305	harbor1	chr11	87526723	87527256	LTR/ERVL	2480	+	266	87526989	71684
chr11	87455305	87655305	harbor1	chr11	87527616	87527700	LTR/ERVL	1612	+	42	87527658	72353
chr11	87455305	87655305	harbor1	chr11	87529288	87529721	LTR/ERVL	1612	+	216	87529504	74199
chr11	87455305	87655305	harbor1	chr11	87530018	87530297	LTR/ERVL	1007	+	140	87530158	74853
chr11	50035481	50235481	harbor1	chr11	50060005	50060251	LTR/ERVL	533	+	123	50060128	24647
chr11	50035481	50235481	harbor1	chr11	50085301	50085712	LTR/ERVL	3010	+	206	50085507	50026
chr11	50035481	50235481	harbor1	chr11	50086027	50086095	LTR/ERVL	3010	+	34	50086061	50580
chr11	50035481	50235481	harbor1	chr11	50086400	50086645	LTR/ERVL	3010	+	122	50086522	51041
chr11	50035481	50235481	harbor1	chr11	50096176	50096476	LTR/ERVL	1440	+	150	50096326	60845
chr11	50035481	50235481	harbor1	chr11	50124714	50125025	LTR/ERVL	1098	+	156	50124870	89389
chr11	50035481	50235481	harbor1	chr11	50126612	50126862	LTR/ERVL	707	+	125	50126737	91256
chr11	126081749	126281749	harbor1	chr11	126094785	126095113	LTR/ERVL	1138	+	164	126094949	13200
chr11	126081749	126281749	harbor1	chr11	126103624	126104102	LTR/ERVL	1243	+	239	126103863	22114
chr11	126081749	126281749	harbor1	chr11	126174882	126175043	LTR/ERVL	546	+	80	126174962	93213
chr11	14518134	14718134	harbor1	chr11	14531804	14531966	LTR/ERVL	564	+	81	14531885	13751
chr11	14518134	14718134	harbor1	chr11	14587136	14587630	LTR/ERVL	947	+	247	14587383	69249
chr11	14518134	14718134	harbor1	chr11	14615264	14615726	LTR/ERVL	1416	+	231	14615495	97361
chr11	74281987	74481987	harbor1	chr11	74313335	74313743	LTR/ERVL	756	+	204	74313539	31552
chr11	74281987	74481987	harbor1	chr11	74342218	74342362	LTR/ERVL	504	+	72	74342290	60303
chr11	66437089	66637089	harbor1	chr11	66459272	66459683	LTR/ERVL	2358	+	206	66459478	22389
chr11	112077533	112277533	harbor1	chr11	112137782	112138110	LTR/ERVL	990	+	164	112137946	60413
chr11	37039267	37239267	harbor1	chr11	37044654	37045065	LTR/ERVL	812	+	206	37044860	5593
chr11	37039267	37239267	harbor1	chr11	37066562	37066648	LTR/ERVL	489	+	43	37066605	27338
chr11	37039267	37239267	harbor1	chr11	37066646	37067390	LTR/ERVL	2219	+	372	37067018	27751
chr11	37039267	37239267	harbor1	chr11	37067573	37067862	LTR/ERVL	1137	+	144	37067717	28450
chr11	37039267	37239267	harbor1	chr11	37084152	37084562	LTR/ERVL	940	+	205	37084357	45090
chr11	37039267	37239267	harbor1	chr11	37111038	37111227	LTR/ERVL	614	+	94	37111132	71865
chr11	128025297	128225297	harbor1	chr11	128025791	128026182	LTR/ERVL	1334	+	196	128025987	690
chr11	128025297	128225297	harbor1	chr11	128035227	128035674	LTR/ERVL	3320	+	224	128035451	10154
chr11	128025297	128225297	harbor1	chr11	128092932	128093177	LTR/ERVL	1102	+	122	128093054	67757
chr11	128025297	128225297	harbor1	chr11	128093966	128096590	LTR/ERVL	14260	+	1312	128095278	69981
chr11	128025297	128225297	harbor1	chr11	128096593	128097048	LTR/ERVL	2311	+	228	128096821	71524
chr11	128025297	128225297	harbor1	chr11	128097966	128098137	LTR/ERVL	699	+	86	128098052	72755
chr11	93147205	93347205	harbor1	chr11	93205103	93205375	LTR/ERVL	895	+	136	93205239	58034
chr11	93147205	93347205	harbor1	chr11	93209537	93210404	LTR/ERVL	4629	+	434	93209971	62766
chr11	100699795	100899795	harbor1	chr11	100715282	100715584	LTR/ERVL	1257	+	151	100715433	15638
chr11	100699795	100899795	harbor1	chr11	100727255	100728134	LTR/ERVL	3015	+	440	100727695	27900
chr11	21664253	21864253	harbor1	chr11	21762227	21762597	LTR/ERVL	728	+	185	21762412	98159
chr11	130897120	131097120	harbor1	chr11	130928939	130929441	LTR/ERVL	2466	+	251	130929190	32070
chr11	10075016	10275016	harbor1	chr11	10132241	10132320	LTR/ERVL	993	+	40	10132281	57265
chr11	10075016	10275016	harbor1	chr11	10133871	10133966	LTR/ERVL	993	+	48	10133919	58903
chr11	10075016	10275016	harbor1	chr11	10136304	10136512	LTR/ERVL	735	+	104	10136408	61392
chr11	10075016	10275016	harbor1	chr11	10136551	10136825	LTR/ERVL	825	+	137	10136688	61672
chr11	10075016	10275016	harbor1	chr11	10140030	10140936	LTR/ERVL	4056	+	453	10140483	65467
chr11	24871415	25071415	harbor1	chr11	24954100	24954669	LTR/ERVL	2127	+	284	24954384	82969
chr11	41932777	42132777	harbor1	chr11	41971296	41971688	LTR/ERVL	914	+	196	41971492	38715
chr11	41932777	42132777	harbor1	chr11	41971687	41971810	LTR/ERVL	740	+	62	41971749	38972
chr11	23453809	23653809	harbor1	chr11	23474104	23475033	LTR/ERVL	4102	+	464	23474568	20759
chr11	23453809	23653809	harbor1	chr11	23526144	23526588	LTR/ERVL	1132	+	222	23526366	72557
chr11	23453809	23653809	harbor1	chr11	23526589	23527036	LTR/ERVL	2558	+	224	23526813	73004
chr11	75091837	75291837	harbor1	chr11	75116057	75116636	LTR/ERVL	2328	+	290	75116347	24510
chr11	75091837	75291837	harbor1	chr11	75148835	75149056	LTR/ERVL	1039	+	110	75148945	57108
chr11	75091837	75291837	harbor1	chr11	75149384	75149512	LTR/ERVL	1039	+	64	75149448	57611
chr11	13371929	13571929	harbor1	chr11	13433058	13433211	LTR/ERVL	505	+	76	13433134	61205
chr11	39370326	39570326	harbor1	chr11	39371851	39372111	LTR/ERVL	639	+	130	39371981	1655
chr11	97644035	97844035	harbor1	chr11	97666475	97666900	LTR/ERVL	664	+	212	97666687	22652
chr11	97644035	97844035	harbor1	chr11	97668297	97668455	LTR/ERVL	669	+	79	97668376	24341
chr11	97644035	97844035	harbor1	chr11	97704033	97704205	LTR/ERVL	385	+	86	97704119	60084
chr11	84827260	85027260	harbor1	chr11	84888120	84888620	LTR/ERVL	2684	+	250	84888370	61110
chr11	101819670	102019670	harbor1	chr11	101832153	101832533	LTR/ERVL	627	+	190	101832343	12673
chr11	101819670	102019670	harbor1	chr11	101849728	101849920	LTR/ERVL	1585	+	96	101849824	30154
chr11	101819670	102019670	harbor1	chr11	101850594	101850774	LTR/ERVL	1585	+	90	101850684	31014
chr11	101819670	102019670	harbor1	chr11	101866743	101867236	LTR/ERVL	2205	+	246	101866989	47319
chr11	36393814	36593814	harbor1	chr11	36469140	36469319	LTR/ERVL	692	+	90	36469230	75416
chr11	36393814	36593814	harbor1	chr11	36469343	36469704	LTR/ERVL	1147	+	180	36469523	75709
chr11	43874803	44074803	harbor1	chr11	43948780	43949202	LTR/ERVL	923	+	211	43948991	74188
chr11	26384208	26584208	harbor1	chr11	26420361	26420850	LTR/ERVL	1485	+	244	26420605	36397
chr11	122003914	122203914	harbor1	chr11	122009866	122010303	LTR/ERVL	3026	+	218	122010084	6170
chr11	122003914	122203914	harbor1	chr11	122015978	122016384	LTR/ERVL	2695	+	203	122016181	12267
chr11	122003914	122203914	harbor1	chr11	122025781	122025973	LTR/ERVL	419	+	96	122025877	21963
chr11	122003914	122203914	harbor1	chr11	122010304	122015977	LTR/ERVL	43966	+	2836	122013140	9226
chr11	102896820	103096820	harbor1	chr11	102975993	102976188	LTR/ERVL	3437	+	98	102976091	79271
chr11	102896820	103096820	harbor1	chr11	102976392	102976902	LTR/ERVL	3437	+	255	102976647	79827
chr11	10748739	10948739	harbor1	chr11	10822529	10822739	LTR/ERVL	1241	+	105	10822634	73895
chr11	10748739	10948739	harbor1	chr11	10822746	10823314	LTR/ERVL	2717	+	284	10823030	74291
chr11	10748739	10948739	harbor1	chr11	10833022	10833168	LTR/ERVL	423	+	73	10833095	84356
chr11	10748739	10948739	harbor1	chr11	10834237	10834682	LTR/ERVL	624	+	222	10834459	85720
chr11	10748739	10948739	harbor1	chr11	10837750	10838100	LTR/ERVL	657	+	175	10837925	89186
chr11	10748739	10948739	harbor1	chr11	10838122	10838253	LTR/ERVL	385	+	66	10838188	89449
chr11	10748739	10948739	harbor1	chr11	10838253	10838351	LTR/ERVL	409	+	49	10838302	89563
chr11	10748739	10948739	harbor1	chr11	10839008	10839237	LTR/ERVL	419	+	114	10839122	90383
chr11	43313433	43513433	harbor1	chr11	43354829	43355227	LTR/ERVL	1473	+	199	43355028	41595
chr11	39900897	40100897	harbor1	chr11	39912977	39913102	LTR/ERVL	456	+	62	39913039	12142
chr11	39900897	40100897	harbor1	chr11	39918655	39919126	LTR/ERVL	1618	+	236	39918891	17994
chr11	127802337	128002337	harbor1	chr11	127862466	127862776	LTR/ERVL	2106	+	155	127862621	60284
chr11	127802337	128002337	harbor1	chr11	127863339	127863508	LTR/ERVL	2106	+	84	127863423	61086
chr11	127802337	128002337	harbor1	chr11	127892135	127892599	LTR/ERVL	886	+	232	127892367	90030
chr11	101922535	102122535	harbor1	chr11	101995999	101996373	LTR/ERVL	1416	+	187	101996186	73651
chr11	101922535	102122535	harbor1	chr11	101996427	101996563	LTR/ERVL	555	+	68	101996495	73960
chr11	101922535	102122535	harbor1	chr11	102002013	102002758	LTR/ERVL	5055	+	372	102002385	79850
chr11	101922535	102122535	harbor1	chr11	102011191	102011419	LTR/ERVL	522	+	114	102011305	88770
chr11	101922535	102122535	harbor1	chr11	102012288	102012731	LTR/ERVL	1094	+	222	102012510	89975
chr11	101922535	102122535	harbor1	chr11	102012921	102013196	LTR/ERVL	651	+	138	102013059	90524
chr11	101922535	102122535	harbor1	chr11	102013541	102013952	LTR/ERVL	1354	+	206	102013747	91212
chr11	101922535	102122535	harbor1	chr11	102014555	102014750	LTR/ERVL	1354	+	98	102014653	92118
chr11	19057301	19257301	harbor1	chr11	19059864	19060256	LTR/ERVL	988	+	196	19060060	2759
chr11	19057301	19257301	harbor1	chr11	19105015	19105173	LTR/ERVL	979	+	79	19105094	47793
chr11	19057301	19257301	harbor1	chr11	19105581	19105685	LTR/ERVL	979	+	52	19105633	48332
chr11	19057301	19257301	harbor1	chr11	19105853	19106067	LTR/ERVL	410	+	107	19105960	48659
chr11	19057301	19257301	harbor1	chr11	19106213	19106474	LTR/ERVL	737	+	130	19106343	49042
chr11	19057301	19257301	harbor1	chr11	19103734	19103969	LTR/ERVL	619	+	118	19103852	46551
chr11	3410716	3610716	harbor1	chr11	3440819	3441078	LTR/ERVL	998	+	130	3440949	30233
chr11	3410716	3610716	harbor1	chr11	3465603	3465818	LTR/ERVL	1178	+	108	3465711	54995
chr12	104538620	104738620	harbor1	chr12	104631349	104631690	LTR/ERVL	528	+	170	104631519	92899
chr12	104538620	104738620	harbor1	chr12	104631870	104631965	LTR/ERVL	481	+	48	104631918	93298
chr12	100983460	101183460	harbor1	chr12	100985881	100986195	LTR/ERVL	1863	+	157	100986038	2578
chr12	100983460	101183460	harbor1	chr12	100998001	100998379	LTR/ERVL	3189	+	189	100998190	14730
chr12	100983460	101183460	harbor1	chr12	100998416	100998458	LTR/ERVL	3189	+	21	100998437	14977
chr12	100983460	101183460	harbor1	chr12	101076923	101077452	LTR/ERVL	2973	+	264	101077187	93727
chr12	34153109	34353109	harbor1	chr12	34198890	34199470	LTR/ERVL	3849	+	290	34199180	46071
chr12	34153109	34353109	harbor1	chr12	34212661	34212970	LTR/ERVL	1370	+	154	34212815	59706
chr12	68286996	68486996	harbor1	chr12	68338622	68338773	LTR/ERVL	442	+	76	68338698	51702
chr12	34157451	34357451	harbor1	chr12	34198890	34199470	LTR/ERVL	3849	+	290	34199180	41729
chr12	34157451	34357451	harbor1	chr12	34212661	34212970	LTR/ERVL	1370	+	154	34212815	55364
chr12	99489484	99689484	harbor1	chr12	99569557	99569946	LTR/ERVL	854	+	194	99569751	80267
chr12	99489484	99689484	harbor1	chr12	99574129	99574324	LTR/ERVL	687	+	98	99574227	84743
chr12	38387296	38587296	harbor1	chr12	38386915	38387402	LTR/ERVL	1497	+	244	38387159	137
chr12	38387296	38587296	harbor1	chr12	38444946	38445338	LTR/ERVL	1663	+	196	38445142	57846
chr12	38387296	38587296	harbor1	chr12	38446671	38447150	LTR/ERVL	1254	+	240	38446911	59615
chr12	38387296	38587296	harbor1	chr12	38387404	38387801	LTR/ERVL	883	+	198	38387602	306
chr12	114972331	115172331	harbor1	chr12	114974180	114974304	LTR/ERVL	516	+	62	114974242	1911
chr12	114972331	115172331	harbor1	chr12	114996574	114996786	LTR/ERVL	871	+	106	114996680	24349
chr12	114972331	115172331	harbor1	chr12	115005483	115005815	LTR/ERVL	1438	+	166	115005649	33318
chr12	110833997	111033997	harbor1	chr12	110911320	110911560	LTR/ERVL	633	+	120	110911440	77443
chr12	22561062	22761062	harbor1	chr12	22562756	22563321	LTR/ERVL	2369	+	282	22563038	1976
chr12	22561062	22761062	harbor1	chr12	22563322	22563943	LTR/ERVL	2555	+	310	22563632	2570
chr12	22561062	22761062	harbor1	chr12	22635052	22635572	LTR/ERVL	2740	+	260	22635312	74250
chr12	11852236	12052236	harbor1	chr12	11887883	11888091	LTR/ERVL	622	+	104	11887987	35751
chr12	11852236	12052236	harbor1	chr12	11941123	11941258	LTR/ERVL	570	+	68	11941191	88955
chr12	24591619	24791619	harbor1	chr12	24664380	24664445	LTR/ERVL	487	+	32	24664412	72793
chr12	24591619	24791619	harbor1	chr12	24664799	24664910	LTR/ERVL	487	+	56	24664855	73236
chr12	24591619	24791619	harbor1	chr12	24675287	24675760	LTR/ERVL	1474	+	236	24675523	83904
chr12	31794778	31994778	harbor1	chr12	31809098	31809541	LTR/ERVL	1029	+	222	31809320	14542
chr12	31794778	31994778	harbor1	chr12	31833746	31833884	LTR/ERVL	976	+	69	31833815	39037
chr12	31794778	31994778	harbor1	chr12	31834211	31834332	LTR/ERVL	976	+	60	31834271	39493
chr12	31794778	31994778	harbor1	chr12	31888520	31889291	LTR/ERVL	901	+	386	31888906	94128
chr12	102651203	102851203	harbor1	chr12	102653258	102653805	LTR/ERVL	2590	+	274	102653532	2329
chr12	102651203	102851203	harbor1	chr12	102653806	102656802	LTR/ERVL	18152	+	1498	102655304	4101
chr12	102651203	102851203	harbor1	chr12	102657136	102657541	LTR/ERVL	18152	+	202	102657338	6135
chr12	102651203	102851203	harbor1	chr12	102659269	102660787	LTR/ERVL	7955	+	759	102660028	8825
chr12	102651203	102851203	harbor1	chr12	102660792	102661243	LTR/ERVL	1998	+	226	102661018	9815
chr12	102651203	102851203	harbor1	chr12	102679562	102679736	LTR/ERVL	958	+	87	102679649	28446
chr12	102651203	102851203	harbor1	chr12	102723981	102724449	LTR/ERVL	1219	+	234	102724215	73012
chr12	102651203	102851203	harbor1	chr12	102725917	102726913	LTR/ERVL	3899	+	498	102726415	75212
chr12	81370162	81570162	harbor1	chr12	81426061	81426521	LTR/ERVL	1242	+	230	81426291	56129
chr12	73162888	73362888	harbor1	chr12	73250847	73251281	LTR/ERVL	2678	+	217	73251064	88176
chr12	73162888	73362888	harbor1	chr12	73251467	73252025	LTR/ERVL	4089	+	279	73251746	88858
chr12	73162888	73362888	harbor1	chr12	73256602	73257054	LTR/ERVL	3080	+	226	73256828	93940
chr12	73162888	73362888	harbor1	chr12	73252021	73256601	LTR/ERVL	33804	+	2290	73254311	91423
chr12	80764436	80964436	harbor1	chr12	80776730	80777297	LTR/ERVL	3878	+	284	80777014	12578
chr12	80764436	80964436	harbor1	chr12	80777666	80777901	LTR/ERVL	3604	+	118	80777784	13348
chr12	80764436	80964436	harbor1	chr12	80782252	80782661	LTR/ERVL	2812	+	204	80782456	18020
chr12	80764436	80964436	harbor1	chr12	80782711	80782749	LTR/ERVL	2812	+	19	80782730	18294
chr12	80764436	80964436	harbor1	chr12	80791970	80792355	LTR/ERVL	1442	+	192	80792162	27726
chr12	80764436	80964436	harbor1	chr12	80842843	80843667	LTR/ERVL	2211	+	412	80843255	78819
chr12	16175546	16375546	harbor1	chr12	16198877	16199412	LTR/ERVL	2207	+	268	16199145	23599
chr12	16175546	16375546	harbor1	chr12	16214408	16214922	LTR/ERVL	1082	+	257	16214665	39119
chr12	79437177	79637177	harbor1	chr12	79452928	79453313	LTR/ERVL	1185	+	192	79453120	15943
chr12	79437177	79637177	harbor1	chr12	79534725	79535005	LTR/ERVL	624	+	140	79534865	97688
chr12	79437177	79637177	harbor1	chr12	79535300	79535405	LTR/ERVL	624	+	52	79535352	98175
chr12	12657799	12857799	harbor1	chr12	12747552	12747729	LTR/ERVL	519	+	88	12747640	89841
chr12	12657799	12857799	harbor1	chr12	12752193	12752535	LTR/ERVL	490	+	171	12752364	94565
chr12	12657799	12857799	harbor1	chr12	12755872	12756044	LTR/ERVL	894	+	86	12755958	98159
chr12	95785092	95985092	harbor1	chr12	95831962	95832434	LTR/ERVL	2113	+	236	95832198	47106
chr12	95785092	95985092	harbor1	chr12	95835401	95835519	LTR/ERVL	485	+	59	95835460	50368
chr12	77027429	77227429	harbor1	chr12	77059511	77059706	LTR/ERVL	1211	+	98	77059609	32180
chr12	77027429	77227429	harbor1	chr12	77059983	77060205	LTR/ERVL	1211	+	111	77060094	32665
chr12	77027429	77227429	harbor1	chr12	77075541	77075903	LTR/ERVL	1185	+	181	77075722	48293
chr12	11896231	12096231	harbor1	chr12	11941123	11941258	LTR/ERVL	570	+	68	11941191	44960
chr12	13928905	14128905	harbor1	chr12	13933017	13933287	LTR/ERVL	737	+	135	13933152	4247
chr12	13928905	14128905	harbor1	chr12	13953442	13953920	LTR/ERVL	1097	+	239	13953681	24776
chr12	13928905	14128905	harbor1	chr12	14009974	14010121	LTR/ERVL	627	+	74	14010048	81143
chr12	51474746	51674746	harbor1	chr12	51529667	51530282	LTR/ERVL	2418	+	308	51529975	55229
chr12	51474746	51674746	harbor1	chr12	51531359	51531751	LTR/ERVL	930	+	196	51531555	56809
chr12	25393137	25593137	harbor1	chr12	25439439	25440281	LTR/ERVL	3042	+	421	25439860	46723
chr12	25393137	25593137	harbor1	chr12	25462875	25463424	LTR/ERVL	1192	+	274	25463149	70012
chr12	25393137	25593137	harbor1	chr12	25466764	25467265	LTR/ERVL	2756	+	250	25467014	73877
chr12	61338506	61538506	harbor1	chr12	61423898	61424257	LTR/ERVL	1797	+	180	61424078	85572
chr12	61338506	61538506	harbor1	chr12	61424327	61424365	LTR/ERVL	1797	+	19	61424346	85840
chr12	61338506	61538506	harbor1	chr12	61431927	61432374	LTR/ERVL	1271	+	224	61432151	93645
chr12	61338506	61538506	harbor1	chr12	61432366	61434627	LTR/ERVL	3473	+	1130	61433496	94990
chr12	61338506	61538506	harbor1	chr12	61434915	61435371	LTR/ERVL	901	+	228	61435143	96637
chr12	55517876	55717876	harbor1	chr12	55527162	55527868	LTR/ERVL	2308	+	353	55527515	9639
chr12	55517876	55717876	harbor1	chr12	55584592	55585263	LTR/ERVL	927	+	336	55584928	67052
chr12	87889665	88089665	harbor1	chr12	87920948	87921297	LTR/ERVL	1101	+	174	87921122	31457
chr12	87889665	88089665	harbor1	chr12	87932469	87932731	LTR/ERVL	511	+	131	87932600	42935
chr12	87889665	88089665	harbor1	chr12	87942205	87942776	LTR/ERVL	1524	+	286	87942491	52826
chr12	87889665	88089665	harbor1	chr12	87975672	87976090	LTR/ERVL	1894	+	209	87975881	86216
chr12	87889665	88089665	harbor1	chr12	87976091	87977110	LTR/ERVL	3547	+	510	87976601	86936
chr12	87889665	88089665	harbor1	chr12	87977429	87977586	LTR/ERVL	2494	+	78	87977507	87842
chr12	87889665	88089665	harbor1	chr12	87932758	87933075	LTR/ERVL	532	+	158	87932916	43251
chr12	108361043	108561043	harbor1	chr12	108375198	108375412	LTR/ERVL	996	+	107	108375305	14262
chr12	108361043	108561043	harbor1	chr12	108375848	108376032	LTR/ERVL	599	+	92	108375940	14897
chr12	108361043	108561043	harbor1	chr12	108388378	108388812	LTR/ERVL	1197	+	217	108388595	27552
chr12	108361043	108561043	harbor1	chr12	108398715	108399041	LTR/ERVL	1208	+	163	108398878	37835
chr12	5069188	5269188	harbor1	chr12	5085469	5085912	LTR/ERVL	552	+	222	5085691	16503
chr12	5069188	5269188	harbor1	chr12	5127648	5128202	LTR/ERVL	2030	+	277	5127925	58737
chr12	46058399	46258399	harbor1	chr12	46118258	46119150	LTR/ERVL	3209	+	446	46118704	60305
chr12	60419568	60619568	harbor1	chr12	60484157	60484262	LTR/ERVL	569	+	52	60484209	64641
chr12	124732339	124932339	harbor1	chr12	124768882	124769135	LTR/ERVL	3610	+	126	124769008	36669
chr12	124732339	124932339	harbor1	chr12	124769409	124770016	LTR/ERVL	3610	+	304	124769713	37374
chr12	124732339	124932339	harbor1	chr12	124790806	124791350	LTR/ERVL	2673	+	272	124791078	58739
chr12	124732339	124932339	harbor1	chr12	124796833	124797325	LTR/ERVL	2445	+	246	124797079	64740
chr12	72110170	72310170	harbor1	chr12	72121912	72122207	LTR/ERVL	582	+	148	72122060	11890
chr12	72110170	72310170	harbor1	chr12	72162438	72162692	LTR/ERVL	593	+	127	72162565	52395
chr12	72110170	72310170	harbor1	chr12	72162764	72163721	LTR/ERVL	975	+	478	72163242	53072
chr12	72110170	72310170	harbor1	chr12	72165362	72165601	LTR/ERVL	626	+	120	72165482	55312
chr12	72110170	72310170	harbor1	chr12	72166641	72166907	LTR/ERVL	624	+	133	72166774	56604
chr12	72110170	72310170	harbor1	chr12	72166954	72167954	LTR/ERVL	1544	+	500	72167454	57284
chr12	72110170	72310170	harbor1	chr12	72189371	72190859	LTR/ERVL	3248	+	744	72190115	79945
chr12	72110170	72310170	harbor1	chr12	72190883	72191147	LTR/ERVL	772	+	132	72191015	80845
chr12	72110170	72310170	harbor1	chr12	72202203	72202325	LTR/ERVL	442	+	61	72202264	92094
chr12	81374628	81574628	harbor1	chr12	81426061	81426521	LTR/ERVL	1242	+	230	81426291	51663
chr12	61965814	62165814	harbor1	chr12	61996396	61996783	LTR/ERVL	900	+	194	61996590	30776
chr12	61965814	62165814	harbor1	chr12	62031095	62031570	LTR/ERVL	3279	+	238	62031333	65519
chr12	29920234	30120234	harbor1	chr12	29931597	29931735	LTR/ERVL	703	+	69	29931666	11432
chr12	29920234	30120234	harbor1	chr12	29988510	29988952	LTR/ERVL	3366	+	221	29988731	68497
chr12	25068913	25268913	harbor1	chr12	25152080	25152866	LTR/ERVL	2795	+	393	25152473	83560
chr12	67448011	67648011	harbor1	chr12	67479180	67479532	LTR/ERVL	2360	+	176	67479356	31345
chr12	67448011	67648011	harbor1	chr12	67479586	67479630	LTR/ERVL	2360	+	22	67479608	31597
chr12	67448011	67648011	harbor1	chr12	67527708	67528358	LTR/ERVL	908	+	325	67528033	80022
chr12	98035455	98235455	harbor1	chr12	98048733	98048955	LTR/ERVL	2016	+	111	98048844	13389
chr12	98035455	98235455	harbor1	chr12	98049039	98049340	LTR/ERVL	2016	+	150	98049189	13734
chr12	43917586	44117586	harbor1	chr12	43964850	43965540	LTR/ERVL	1355	+	345	43965195	47609
chr12	90596177	90796177	harbor1	chr12	90627125	90627554	LTR/ERVL	813	+	214	90627339	31162
chr12	90596177	90796177	harbor1	chr12	90662179	90662715	LTR/ERVL	1935	+	268	90662447	66270
chr12	4973955	5173955	harbor1	chr12	5031933	5032392	LTR/ERVL	2091	+	230	5032163	58208
chr12	4973955	5173955	harbor1	chr12	5033074	5033258	LTR/ERVL	813	+	92	5033166	59211
chr12	130694580	130894580	harbor1	chr12	130762978	130763075	LTR/ERVL	500	+	48	130763026	68446
chr12	130694580	130894580	harbor1	chr12	130763098	130763189	LTR/ERVL	2653	+	46	130763144	68564
chr12	130694580	130894580	harbor1	chr12	130763490	130764073	LTR/ERVL	2653	+	292	130763782	69202
chr12	56771697	56971697	harbor1	chr12	56824191	56824668	LTR/ERVL	2449	+	238	56824429	52732
chr12	56771697	56971697	harbor1	chr12	56858931	56859368	LTR/ERVL	3493	+	218	56859149	87452
chr13	47380733	47580733	harbor1	chr13	47448708	47449215	LTR/ERVL	2550	+	254	47448962	68229
chr13	81517976	81717976	harbor1	chr13	81595467	81595977	LTR/ERVL	1211	+	255	81595722	77746
chr13	81517976	81717976	harbor1	chr13	81597770	81598070	LTR/ERVL	500	+	150	81597920	79944
chr13	81517976	81717976	harbor1	chr13	81598742	81599568	LTR/ERVL	945	+	413	81599155	81179
chr13	81517976	81717976	harbor1	chr13	81599619	81600230	LTR/ERVL	424	+	306	81599925	81949
chr13	42854879	43054879	harbor1	chr13	42865890	42866097	LTR/ERVL	802	+	104	42865994	11115
chr13	42854879	43054879	harbor1	chr13	42866152	42866692	LTR/ERVL	1794	+	270	42866422	11543
chr13	42854879	43054879	harbor1	chr13	42866693	42866833	LTR/ERVL	509	+	70	42866763	11884
chr13	42854879	43054879	harbor1	chr13	42867457	42867596	LTR/ERVL	420	+	70	42867527	12648
chr13	54452533	54652533	harbor1	chr13	54455413	54455540	LTR/ERVL	673	+	64	54455477	2944
chr13	54452533	54652533	harbor1	chr13	54455891	54456147	LTR/ERVL	673	+	128	54456019	3486
chr13	54452533	54652533	harbor1	chr13	54456268	54456456	LTR/ERVL	650	+	94	54456362	3829
chr13	54452533	54652533	harbor1	chr13	54472336	54472863	LTR/ERVL	1546	+	264	54472600	20067
chr13	50456224	50656224	harbor1	chr13	50494894	50495260	LTR/ERVL	2018	+	183	50495077	38853
chr13	50456224	50656224	harbor1	chr13	50510908	50511447	LTR/ERVL	1960	+	270	50511178	54954
chr13	40336910	40536910	harbor1	chr13	40377675	40377859	LTR/ERVL	479	+	92	40377767	40857
chr13	50465187	50665187	harbor1	chr13	50494894	50495260	LTR/ERVL	2018	+	183	50495077	29890
chr13	50465187	50665187	harbor1	chr13	50510908	50511447	LTR/ERVL	1960	+	270	50511178	45991
chr13	84171787	84371787	harbor1	chr13	84215277	84215533	LTR/ERVL	600	+	128	84215405	43618
chr13	84171787	84371787	harbor1	chr13	84215568	84215968	LTR/ERVL	536	+	200	84215768	43981
chr13	84171787	84371787	harbor1	chr13	84216892	84217147	LTR/ERVL	415	+	128	84217020	45233
chr13	84171787	84371787	harbor1	chr13	84223164	84223949	LTR/ERVL	1419	+	392	84223556	51769
chr13	84171787	84371787	harbor1	chr13	84224098	84224356	LTR/ERVL	460	+	129	84224227	52440
chr13	77237996	77437996	harbor1	chr13	77292075	77292353	LTR/ERVL	446	+	139	77292214	54218
chr13	77237996	77437996	harbor1	chr13	77333606	77334130	LTR/ERVL	1041	+	262	77333868	95872
chr13	77237996	77437996	harbor1	chr13	77334883	77335311	LTR/ERVL	1387	+	214	77335097	97101
chr13	77237996	77437996	harbor1	chr13	77336186	77337790	LTR/ERVL	4349	+	802	77336988	98992
chr13	60240675	60440675	harbor1	chr13	60273167	60273539	LTR/ERVL	1538	+	186	60273353	32678
chr13	60240675	60440675	harbor1	chr13	60281282	60281547	LTR/ERVL	1037	+	132	60281414	40739
chr13	85776756	85976756	harbor1	chr13	85812270	85812611	LTR/ERVL	1293	+	170	85812440	35684
chr13	85776756	85976756	harbor1	chr13	85825557	85826091	LTR/ERVL	491	+	267	85825824	49068
chr13	27585286	27785286	harbor1	chr13	27673686	27673844	LTR/ERVL	493	+	79	27673765	88479
chr13	27585286	27785286	harbor1	chr13	27678365	27678756	LTR/ERVL	539	+	196	27678561	93275
chr13	27585286	27785286	harbor1	chr13	27678766	27678997	LTR/ERVL	403	+	116	27678882	93596
chr13	27585286	27785286	harbor1	chr13	27672527	27672817	LTR/ERVL	660	+	145	27672672	87386
chr13	57670141	57870141	harbor1	chr13	57746646	57747072	LTR/ERVL	2377	+	213	57746859	76718
chr13	57670141	57870141	harbor1	chr13	57747074	57749064	LTR/ERVL	10213	+	995	57748069	77928
chr13	57670141	57870141	harbor1	chr13	57749068	57749521	LTR/ERVL	2242	+	226	57749294	79153
chr13	57670141	57870141	harbor1	chr13	57749639	57749686	LTR/ERVL	2242	+	24	57749663	79522
chr13	58732314	58932314	harbor1	chr13	58735321	58735741	LTR/ERVL	549	+	210	58735531	3217
chr13	103299930	103499930	harbor1	chr13	103318819	103319331	LTR/ERVL	2701	+	256	103319075	19145
chr13	31887553	32087553	harbor1	chr13	31923370	31923766	LTR/ERVL	740	+	198	31923568	36015
chr13	57278223	57478223	harbor1	chr13	57303338	57303819	LTR/ERVL	595	+	240	57303578	25355
chr13	57278223	57478223	harbor1	chr13	57338314	57338564	LTR/ERVL	1301	+	125	57338439	60216
chr13	57278223	57478223	harbor1	chr13	57338571	57339092	LTR/ERVL	2527	+	260	57338831	60608
chr13	88101788	88301788	harbor1	chr13	88104132	88104477	LTR/ERVL	714	+	172	88104304	2516
chr13	88101788	88301788	harbor1	chr13	88116109	88116577	LTR/ERVL	880	+	234	88116343	14555
chr13	107368824	107568824	harbor1	chr13	107462659	107463001	LTR/ERVL	1607	+	171	107462830	94006
chr13	107368824	107568824	harbor1	chr13	107462531	107462667	LTR/ERVL	478	+	68	107462599	93775
chr13	50573939	50773939	harbor1	chr13	50636108	50636419	LTR/ERVL	665	+	156	50636264	62325
chr13	50573939	50773939	harbor1	chr13	50665127	50665377	LTR/ERVL	660	+	125	50665252	91313
chr13	50573939	50773939	harbor1	chr13	50665369	50665533	LTR/ERVL	507	+	82	50665451	91512
chr13	50573939	50773939	harbor1	chr13	50665940	50666066	LTR/ERVL	1182	+	63	50666003	92064
chr13	50573939	50773939	harbor1	chr13	50666441	50666779	LTR/ERVL	1182	+	169	50666610	92671
chr13	50573939	50773939	harbor1	chr13	50666843	50667268	LTR/ERVL	1174	+	212	50667055	93116
chr13	66871436	67071436	harbor1	chr13	66944537	66944812	LTR/ERVL	494	+	138	66944675	73239
chr13	26706345	26906345	harbor1	chr13	26772754	26772880	LTR/ERVL	551	+	63	26772817	66472
chr13	26706345	26906345	harbor1	chr13	26773094	26773151	LTR/ERVL	814	+	28	26773122	66777
chr13	26706345	26906345	harbor1	chr13	26773540	26773697	LTR/ERVL	814	+	78	26773618	67273
chr13	61797422	61997422	harbor1	chr13	61885041	61886095	LTR/ERVL	1166	+	527	61885568	88146
chr13	61797422	61997422	harbor1	chr13	61887413	61887716	LTR/ERVL	539	+	152	61887565	90143
chr14	45694355	45894355	harbor1	chr14	45709441	45710024	LTR/ERVL	2199	+	292	45709733	15378
chr14	45694355	45894355	harbor1	chr14	45766082	45766261	LTR/ERVL	1057	+	90	45766172	71817
chr14	45694355	45894355	harbor1	chr14	45766257	45766407	LTR/ERVL	803	+	75	45766332	71977
chr14	45694355	45894355	harbor1	chr14	45743796	45744240	LTR/ERVL	1076	+	222	45744018	49663
chr14	50497871	50697871	harbor1	chr14	50538635	50538802	LTR/ERVL	513	+	84	50538719	40848
chr14	50497871	50697871	harbor1	chr14	50539759	50541738	LTR/ERVL	6514	+	990	50540749	42878
chr14	50497871	50697871	harbor1	chr14	50542037	50542192	LTR/ERVL	6514	+	78	50542115	44244
chr14	50497871	50697871	harbor1	chr14	50542474	50544229	LTR/ERVL	6514	+	878	50543352	45481
chr14	50497871	50697871	harbor1	chr14	50544972	50545369	LTR/ERVL	2395	+	198	50545170	47299
chr14	50497871	50697871	harbor1	chr14	50545370	50545651	LTR/ERVL	1542	+	140	50545510	47639
chr14	50497871	50697871	harbor1	chr14	50545793	50545859	LTR/ERVL	513	+	33	50545826	47955
chr14	50497871	50697871	harbor1	chr14	50545993	50546835	LTR/ERVL	4964	+	421	50546414	48543
chr14	50497871	50697871	harbor1	chr14	50547078	50548515	LTR/ERVL	13070	+	718	50547796	49925
chr14	50497871	50697871	harbor1	chr14	50548810	50549273	LTR/ERVL	13070	+	232	50549042	51171
chr14	50497871	50697871	harbor1	chr14	50549276	50550643	LTR/ERVL	4831	+	684	50549960	52089
chr14	50497871	50697871	harbor1	chr14	50554127	50554498	LTR/ERVL	2593	+	186	50554313	56442
chr14	50497871	50697871	harbor1	chr14	50554499	50554903	LTR/ERVL	2256	+	202	50554701	56830
chr14	103224858	103424858	harbor1	chr14	103260095	103260635	LTR/ERVL	2035	+	270	103260365	35507
chr14	103224858	103424858	harbor1	chr14	103260665	103261052	LTR/ERVL	2743	+	194	103260859	36001
chr14	103224858	103424858	harbor1	chr14	103261053	103261239	LTR/ERVL	734	+	93	103261146	36288
chr14	103224858	103424858	harbor1	chr14	103312130	103312301	LTR/ERVL	486	+	86	103312216	87358
chr14	90701718	90901718	harbor1	chr14	90746893	90747492	LTR/ERVL	3500	+	300	90747193	45475
chr14	29655336	29855336	harbor1	chr14	29700588	29700913	LTR/ERVL	1868	+	162	29700750	45414
chr14	95785244	95985244	harbor1	chr14	95814632	95815075	LTR/ERVL	1383	+	222	95814854	29610
chr14	92550386	92750386	harbor1	chr14	92633508	92633718	LTR/ERVL	874	+	105	92633613	83227
chr14	47228817	47428817	harbor1	chr14	47232338	47232533	LTR/ERVL	651	+	98	47232436	3619
chr14	47228817	47428817	harbor1	chr14	47277060	47277279	LTR/ERVL	744	+	110	47277170	48353
chr14	61226831	61426831	harbor1	chr14	61302216	61302561	LTR/ERVL	1444	+	172	61302388	75557
chr14	85133911	85333911	harbor1	chr14	85147965	85148464	LTR/ERVL	2153	+	250	85148215	14304
chr14	85133911	85333911	harbor1	chr14	85185176	85185412	LTR/ERVL	592	+	118	85185294	51383
chr14	28306415	28506415	harbor1	chr14	28324342	28324620	LTR/ERVL	454	+	139	28324481	18066
chr14	28306415	28506415	harbor1	chr14	28356283	28356456	LTR/ERVL	460	+	86	28356369	49954
chr14	104232436	104432436	harbor1	chr14	104294525	104294946	LTR/ERVL	740	+	210	104294735	62299
chr14	72010851	72210851	harbor1	chr14	72044240	72044588	LTR/ERVL	2775	+	174	72044414	33563
chr14	72010851	72210851	harbor1	chr14	72044905	72045194	LTR/ERVL	2775	+	144	72045049	34198
chr14	56687725	56887725	harbor1	chr14	56694834	56695044	LTR/ERVL	670	+	105	56694939	7214
chr14	56687725	56887725	harbor1	chr14	56695357	56695475	LTR/ERVL	670	+	59	56695416	7691
chr14	79568808	79768808	harbor1	chr14	79650037	79650104	LTR/ERVL	644	+	34	79650071	81263
chr14	79568808	79768808	harbor1	chr14	79650132	79650216	LTR/ERVL	644	+	42	79650174	81366
chr14	79998865	80198865	harbor1	chr14	80013757	80014316	LTR/ERVL	1685	+	280	80014037	15172
chr14	79998865	80198865	harbor1	chr14	80014320	80014676	LTR/ERVL	538	+	178	80014498	15633
chr14	79998865	80198865	harbor1	chr14	80048808	80049271	LTR/ERVL	2573	+	232	80049040	50175
chr14	79998865	80198865	harbor1	chr14	80060996	80061385	LTR/ERVL	2845	+	194	80061190	62325
chr14	79998865	80198865	harbor1	chr14	80072413	80072944	LTR/ERVL	2548	+	266	80072679	73814
chr14	44383951	44583951	harbor1	chr14	44451215	44451739	LTR/ERVL	3586	+	262	44451477	67526
chr14	44383951	44583951	harbor1	chr14	44452035	44452306	LTR/ERVL	3586	+	136	44452171	68220
chr14	75086592	75286592	harbor1	chr14	75185240	75185495	LTR/ERVL	1610	+	128	75185368	98776
chr14	75086592	75286592	harbor1	chr14	75185501	75185971	LTR/ERVL	2786	+	235	75185736	99144
chr14	75086592	75286592	harbor1	chr14	75186265	75186329	LTR/ERVL	2786	+	32	75186297	99705
chr14	91191240	91391240	harbor1	chr14	91191497	91191671	LTR/ERVL	524	+	87	91191584	344
chr14	91191240	91391240	harbor1	chr14	91257474	91257894	LTR/ERVL	1034	+	210	91257684	66444
chr14	91191240	91391240	harbor1	chr14	91268100	91268400	LTR/ERVL	2102	+	150	91268250	77010
chr14	91191240	91391240	harbor1	chr14	91269139	91269218	LTR/ERVL	555	+	40	91269179	77939
chr14	25037602	25237602	harbor1	chr14	25078826	25079248	LTR/ERVL	1246	+	211	25079037	41435
chr14	24256088	24456088	harbor1	chr14	24286478	24286580	LTR/ERVL	529	+	51	24286529	30441
chr14	24256088	24456088	harbor1	chr14	24287191	24287508	LTR/ERVL	529	+	158	24287349	31261
chr14	24256088	24456088	harbor1	chr14	24308793	24309154	LTR/ERVL	1980	+	180	24308973	52885
chr14	24256088	24456088	harbor1	chr14	24347047	24347339	LTR/ERVL	780	+	146	24347193	91105
chr14	24256088	24456088	harbor1	chr14	24351621	24351893	LTR/ERVL	616	+	136	24351757	95669
chr14	24256088	24456088	harbor1	chr14	24351913	24352056	LTR/ERVL	787	+	72	24351985	95897
chr14	24256088	24456088	harbor1	chr14	24352158	24352235	LTR/ERVL	787	+	38	24352196	96108
chr14	65752844	65952844	harbor1	chr14	65765416	65765905	LTR/ERVL	1278	+	244	65765660	12816
chr14	65752844	65952844	harbor1	chr14	65774597	65774707	LTR/ERVL	1554	+	55	65774652	21808
chr14	65752844	65952844	harbor1	chr14	65775105	65775415	LTR/ERVL	1554	+	155	65775260	22416
chr14	87928004	88128004	harbor1	chr14	87927474	87928194	LTR/ERVL	1741	+	360	87927834	170
chr14	42419640	42619640	harbor1	chr14	42421227	42421811	LTR/ERVL	2167	+	292	42421519	1879
chr14	42419640	42619640	harbor1	chr14	42454403	42454964	LTR/ERVL	1973	+	280	42454683	35043
chr14	42419640	42619640	harbor1	chr14	42454968	42455300	LTR/ERVL	18581	+	166	42455134	35494
chr14	42419640	42619640	harbor1	chr14	42455344	42457840	LTR/ERVL	18581	+	1248	42456592	36952
chr14	42419640	42619640	harbor1	chr14	42457837	42459819	LTR/ERVL	14082	+	991	42458828	39188
chr14	44219092	44419092	harbor1	chr14	44263079	44263566	LTR/ERVL	1509	+	244	44263323	44231
chr14	44219092	44419092	harbor1	chr14	44281223	44281478	LTR/ERVL	579	+	128	44281351	62259
chr14	44219092	44419092	harbor1	chr14	44310128	44310922	LTR/ERVL	2868	+	397	44310525	91433
chr14	44219092	44419092	harbor1	chr14	44220341	44220685	LTR/ERVL	1508	+	172	44220513	1421
chr14	50870008	51070008	harbor1	chr14	50922671	50922936	LTR/ERVL	1122	+	132	50922803	52795
chr14	50870008	51070008	harbor1	chr14	50959587	50960098	LTR/ERVL	1711	+	256	50959843	89835
chr14	50870008	51070008	harbor1	chr14	50962011	50962338	LTR/ERVL	2696	+	164	50962175	92167
chr14	50870008	51070008	harbor1	chr14	50962640	50962746	LTR/ERVL	2696	+	53	50962693	92685
chr14	104052165	104252165	harbor1	chr14	104068870	104069388	LTR/ERVL	2606	+	259	104069129	16964
chr14	104052165	104252165	harbor1	chr14	104078003	104078184	LTR/ERVL	699	+	90	104078093	25928
chr14	67764800	67964800	harbor1	chr14	67787832	67788108	LTR/ERVL	2797	+	138	67787970	23170
chr14	67764800	67964800	harbor1	chr14	67788419	67788714	LTR/ERVL	2797	+	148	67788567	23767
chr14	53528894	53728894	harbor1	chr14	53544932	53545326	LTR/ERVL	1088	+	197	53545129	16235
chr14	53528894	53728894	harbor1	chr14	53556696	53557111	LTR/ERVL	2925	+	208	53556904	28010
chr14	53528894	53728894	harbor1	chr14	53557124	53557376	LTR/ERVL	1927	+	126	53557250	28356
chr14	53528894	53728894	harbor1	chr14	53567490	53568169	LTR/ERVL	1067	+	340	53567830	38936
chr14	53528894	53728894	harbor1	chr14	53586157	53586721	LTR/ERVL	1781	+	282	53586439	57545
chr14	53528894	53728894	harbor1	chr14	53557375	53562143	LTR/ERVL	28793	+	2384	53559759	30865
chr14	49916153	50116153	harbor1	chr14	49997303	49997829	LTR/ERVL	1881	+	263	49997566	81413
chr14	49916153	50116153	harbor1	chr14	50008232	50008363	LTR/ERVL	513	+	66	50008298	92145
chr14	70671528	70871528	harbor1	chr14	70706323	70706560	LTR/ERVL	713	+	118	70706441	34913
chr14	70671528	70871528	harbor1	chr14	70733615	70734203	LTR/ERVL	2014	+	294	70733909	62381
chr14	26240929	26440929	harbor1	chr14	26294137	26294373	LTR/ERVL	661	+	118	26294255	53326
chr14	26240929	26440929	harbor1	chr14	26307651	26307979	LTR/ERVL	520	+	164	26307815	66886
chr14	26240929	26440929	harbor1	chr14	26308009	26308569	LTR/ERVL	514	+	280	26308289	67360
chr14	26240929	26440929	harbor1	chr14	26315065	26315974	LTR/ERVL	2274	+	454	26315519	74590
chr14	26240929	26440929	harbor1	chr14	26316082	26316549	LTR/ERVL	851	+	234	26316316	75387
chr14	88015852	88215852	harbor1	chr14	88089863	88090062	LTR/ERVL	639	+	100	88089963	74111
chr14	88015852	88215852	harbor1	chr14	88110373	88110591	LTR/ERVL	525	+	109	88110482	94630
chr14	102697475	102897475	harbor1	chr14	102732084	102732256	LTR/ERVL	576	+	86	102732170	34695
chr14	102697475	102897475	harbor1	chr14	102760866	102761240	LTR/ERVL	661	+	187	102761053	63578
chr14	102697475	102897475	harbor1	chr14	102795625	102795934	LTR/ERVL	3000	+	154	102795779	98304
chr14	102697475	102897475	harbor1	chr14	102796231	102796664	LTR/ERVL	3000	+	216	102796447	98972
chr14	101402711	101602711	harbor1	chr14	101472489	101472813	LTR/ERVL	1539	+	162	101472651	69940
chr14	101402711	101602711	harbor1	chr14	101473123	101473213	LTR/ERVL	591	+	45	101473168	70457
chr14	101402711	101602711	harbor1	chr14	101473270	101473320	LTR/ERVL	591	+	25	101473295	70584
chr14	101402711	101602711	harbor1	chr14	101490931	101491222	LTR/ERVL	680	+	146	101491077	88366
chr14	55407632	55607632	harbor1	chr14	55465406	55465672	LTR/ERVL	624	+	133	55465539	57907
chr14	55407632	55607632	harbor1	chr14	55466052	55466395	LTR/ERVL	550	+	172	55466224	58592
chr14	55407632	55607632	harbor1	chr14	55479090	55479393	LTR/ERVL	1238	+	152	55479242	71610
chr14	55407632	55607632	harbor1	chr14	55479829	55480199	LTR/ERVL	1238	+	185	55480014	72382
chr14	48189103	48389103	harbor1	chr14	48216375	48216767	LTR/ERVL	702	+	196	48216571	27468
chr14	48189103	48389103	harbor1	chr14	48236421	48236809	LTR/ERVL	617	+	194	48236615	47512
chr14	20030960	20230960	harbor1	chr14	20046496	20046698	LTR/ERVL	484	+	101	20046597	15637
chr14	20030960	20230960	harbor1	chr14	20098467	20098835	LTR/ERVL	1362	+	184	20098651	67691
chr14	101566414	101766414	harbor1	chr14	101591298	101592166	LTR/ERVL	8347	+	434	101591732	25318
chr14	101566414	101766414	harbor1	chr14	101592469	101594867	LTR/ERVL	8347	+	1199	101593668	27254
chr14	101566414	101766414	harbor1	chr14	101595230	101596323	LTR/ERVL	8347	+	546	101595776	29362
chr14	101566414	101766414	harbor1	chr14	101596519	101596912	LTR/ERVL	479	+	196	101596715	30301
chr14	58823702	59023702	harbor1	chr14	58824795	58825095	LTR/ERVL	1101	+	150	58824945	1243
chr14	58823702	59023702	harbor1	chr14	58886356	58886673	LTR/ERVL	908	+	158	58886514	62812
chr14	58823702	59023702	harbor1	chr14	58916362	58916685	LTR/ERVL	1948	+	162	58916524	92822
chr14	88339182	88539182	harbor1	chr14	88361286	88361754	LTR/ERVL	1596	+	234	88361520	22338
chr14	84253716	84453716	harbor1	chr14	84290388	84290839	LTR/ERVL	424	+	226	84290614	36898
chr14	84253716	84453716	harbor1	chr14	84313293	84313861	LTR/ERVL	2091	+	284	84313577	59861
chr14	67363483	67563483	harbor1	chr14	67393372	67393441	LTR/ERVL	2172	+	34	67393406	29923
chr14	67363483	67563483	harbor1	chr14	67393754	67394092	LTR/ERVL	2172	+	169	67393923	30440
chr14	67363483	67563483	harbor1	chr14	67421995	67422367	LTR/ERVL	1319	+	186	67422181	58698
chr14	67363483	67563483	harbor1	chr14	67441540	67441989	LTR/ERVL	1428	+	224	67441764	78281
chr14	67363483	67563483	harbor1	chr14	67444464	67444753	LTR/ERVL	900	+	144	67444608	81125
chr14	67363483	67563483	harbor1	chr14	67445114	67445472	LTR/ERVL	1418	+	179	67445293	81810
chr14	89554168	89754168	harbor1	chr14	89610167	89610566	LTR/ERVL	538	+	200	89610367	56199
chr14	89554168	89754168	harbor1	chr14	89622198	89622418	LTR/ERVL	719	+	110	89622308	68140
chr14	89554168	89754168	harbor1	chr14	89650032	89650233	LTR/ERVL	787	+	100	89650132	95964
chr14	89554168	89754168	harbor1	chr14	89650235	89650787	LTR/ERVL	2883	+	276	89650511	96343
chr14	89554168	89754168	harbor1	chr14	89650904	89650998	LTR/ERVL	1102	+	47	89650951	96783
chr14	89554168	89754168	harbor1	chr14	89651147	89651323	LTR/ERVL	1027	+	88	89651235	97067
chr14	56114935	56314935	harbor1	chr14	56197605	56197862	LTR/ERVL	755	+	128	56197733	82798
chr14	19244827	19444827	harbor1	chr14	19282605	19282809	LTR/ERVL	518	+	102	19282707	37880
chr14	54854988	55054988	harbor1	chr14	54905497	54905608	LTR/ERVL	1197	+	56	54905553	50565
chr14	54854988	55054988	harbor1	chr14	54905641	54906346	LTR/ERVL	3306	+	352	54905993	51005
chr14	54355858	54555858	harbor1	chr14	54371644	54372076	LTR/ERVL	1650	+	216	54371860	16002
chr14	54355858	54555858	harbor1	chr14	54377336	54377633	LTR/ERVL	2947	+	148	54377484	21626
chr14	54355858	54555858	harbor1	chr14	54378633	54379016	LTR/ERVL	1803	+	192	54378825	22967
chr14	54355858	54555858	harbor1	chr14	54381794	54382274	LTR/ERVL	2190	+	240	54382034	26176
chr14	54355858	54555858	harbor1	chr14	54385342	54387415	LTR/ERVL	9625	+	1036	54386378	30520
chr14	54355858	54555858	harbor1	chr14	54387432	54387684	LTR/ERVL	1204	+	126	54387558	31700
chr14	54355858	54555858	harbor1	chr14	54395308	54395767	LTR/ERVL	1487	+	230	54395538	39680
chr14	54355858	54555858	harbor1	chr14	54378373	54378625	LTR/ERVL	2947	+	126	54378499	22641
chr14	89628980	89828980	harbor1	chr14	89650032	89650233	LTR/ERVL	787	+	100	89650132	21152
chr14	89628980	89828980	harbor1	chr14	89650235	89650787	LTR/ERVL	2883	+	276	89650511	21531
chr14	89628980	89828980	harbor1	chr14	89650904	89650998	LTR/ERVL	1102	+	47	89650951	21971
chr14	89628980	89828980	harbor1	chr14	89651147	89651323	LTR/ERVL	1027	+	88	89651235	22255
chr14	89628980	89828980	harbor1	chr14	89696032	89696264	LTR/ERVL	660	+	116	89696148	67168
chr14	89628980	89828980	harbor1	chr14	89696988	89697270	LTR/ERVL	734	+	141	89697129	68149
chr14	89628980	89828980	harbor1	chr14	89716002	89716117	LTR/ERVL	2042	+	58	89716060	87080
chr14	89628980	89828980	harbor1	chr14	89716423	89716713	LTR/ERVL	2042	+	145	89716568	87588
chr14	89628980	89828980	harbor1	chr14	89716850	89716898	LTR/ERVL	2042	+	24	89716874	87894
chr14	89628980	89828980	harbor1	chr14	89722792	89723106	LTR/ERVL	934	+	157	89722949	93969
chr14	98109503	98309503	harbor1	chr14	98118785	98119173	LTR/ERVL	2149	+	194	98118979	9476
chr14	98109503	98309503	harbor1	chr14	98132304	98132711	LTR/ERVL	1836	+	204	98132508	23005
chr14	43958480	44158480	harbor1	chr14	43969432	43969655	LTR/ERVL	943	+	112	43969544	11064
chr14	43958480	44158480	harbor1	chr14	44030898	44031460	LTR/ERVL	1291	+	281	44031179	72699
chr14	65049969	65249969	harbor1	chr14	65108915	65109068	LTR/ERVL	540	+	76	65108991	59022
chr14	65049969	65249969	harbor1	chr14	65114830	65114955	LTR/ERVL	1753	+	62	65114892	64923
chr14	65049969	65249969	harbor1	chr14	65115264	65115300	LTR/ERVL	1753	+	18	65115282	65313
chr14	65049969	65249969	harbor1	chr14	65115995	65116203	LTR/ERVL	1753	+	104	65116099	66130
chr14	65049969	65249969	harbor1	chr14	65132051	65132173	LTR/ERVL	533	+	61	65132112	82143
chr14	65049969	65249969	harbor1	chr14	65133087	65133373	LTR/ERVL	967	+	143	65133230	83261
chr14	65049969	65249969	harbor1	chr14	65133430	65133655	LTR/ERVL	687	+	112	65133542	83573
chr14	53274795	53474795	harbor1	chr14	53288880	53289704	LTR/ERVL	3844	+	412	53289292	14497
chr14	53274795	53474795	harbor1	chr14	53342070	53342170	LTR/ERVL	421	+	50	53342120	67325
chr14	53274795	53474795	harbor1	chr14	53342385	53342691	LTR/ERVL	1082	+	153	53342538	67743
chr14	105216678	105416678	harbor1	chr14	105306924	105307027	LTR/ERVL	469	+	52	105306976	90298
chr14	105216678	105416678	harbor1	chr14	105307209	105307583	LTR/ERVL	1150	+	187	105307396	90718
chr14	68352781	68552781	harbor1	chr14	68438975	68439153	LTR/ERVL	1673	+	89	68439064	86283
chr14	68352781	68552781	harbor1	chr14	68439203	68439509	LTR/ERVL	1673	+	153	68439356	86575
chr14	49010037	49210037	harbor1	chr14	49038598	49039045	LTR/ERVL	1928	+	224	49038822	28785
chr14	49010037	49210037	harbor1	chr14	49050953	49051374	LTR/ERVL	1100	+	210	49051163	41126
chr14	49010037	49210037	harbor1	chr14	49090825	49091490	LTR/ERVL	944	+	332	49091157	81120
chr14	49010037	49210037	harbor1	chr14	49092610	49092763	LTR/ERVL	614	+	76	49092686	82649
chr14	49010037	49210037	harbor1	chr14	49106686	49107329	LTR/ERVL	1978	+	322	49107008	96971
chr14	36709619	36909619	harbor1	chr14	36754060	36754373	LTR/ERVL	1484	+	156	36754216	44597
chr14	75465146	75665146	harbor1	chr14	75476344	75476637	LTR/ERVL	633	+	146	75476490	11344
chr14	75465146	75665146	harbor1	chr14	75476671	75477050	LTR/ERVL	1305	+	190	75476861	11715
chr14	75465146	75665146	harbor1	chr14	75477343	75477451	LTR/ERVL	1305	+	54	75477397	12251
chr14	75465146	75665146	harbor1	chr14	75501205	75501648	LTR/ERVL	1243	+	222	75501427	36281
chr14	43077792	43277792	harbor1	chr14	43133571	43134012	LTR/ERVL	3197	+	220	43133791	55999
chr14	43077792	43277792	harbor1	chr14	43137700	43138019	LTR/ERVL	529	+	160	43137860	60068
chr14	43077792	43277792	harbor1	chr14	43152805	43153165	LTR/ERVL	1643	+	180	43152985	75193
chr14	43077792	43277792	harbor1	chr14	43168280	43168785	LTR/ERVL	1106	+	252	43168532	90740
chr14	50801765	51001765	harbor1	chr14	50838329	50838804	LTR/ERVL	1045	+	238	50838567	36802
chr14	50801765	51001765	harbor1	chr14	50840350	50840807	LTR/ERVL	1385	+	228	50840578	38813
chr14	60034637	60234637	harbor1	chr14	60069541	60069724	LTR/ERVL	643	+	92	60069633	34996
chr14	60034637	60234637	harbor1	chr14	60070035	60070150	LTR/ERVL	447	+	58	60070093	35456
chr14	60034637	60234637	harbor1	chr14	60080699	60081206	LTR/ERVL	2162	+	254	60080953	46316
chr14	60034637	60234637	harbor1	chr14	60087694	60088128	LTR/ERVL	2343	+	217	60087911	53274
chr14	74177464	74377464	harbor1	chr14	74228691	74229029	LTR/ERVL	910	+	169	74228860	51396
chr14	47016503	47216503	harbor1	chr14	47032666	47033105	LTR/ERVL	951	+	220	47032886	16383
chr14	47016503	47216503	harbor1	chr14	47050540	47051051	LTR/ERVL	1003	+	256	47050796	34293
chr14	82254737	82454737	harbor1	chr14	82264568	82264960	LTR/ERVL	827	+	196	82264764	10027
chr14	82254737	82454737	harbor1	chr14	82295544	82295661	LTR/ERVL	1668	+	58	82295602	40865
chr14	82254737	82454737	harbor1	chr14	82295982	82296312	LTR/ERVL	1668	+	165	82296147	41410
chr14	85055988	85255988	harbor1	chr14	85083088	85083531	LTR/ERVL	3059	+	222	85083310	27322
chr14	85055988	85255988	harbor1	chr14	85083565	85083608	LTR/ERVL	3059	+	22	85083587	27599
chr14	85055988	85255988	harbor1	chr14	85092087	85092539	LTR/ERVL	1999	+	226	85092313	36325
chr14	85055988	85255988	harbor1	chr14	85147965	85148464	LTR/ERVL	2153	+	250	85148215	92227
chr14	54877183	55077183	harbor1	chr14	54905497	54905608	LTR/ERVL	1197	+	56	54905553	28370
chr14	54877183	55077183	harbor1	chr14	54905641	54906346	LTR/ERVL	3306	+	352	54905993	28810
chr14	78148357	78348357	harbor1	chr14	78240236	78240688	LTR/ERVL	2860	+	226	78240462	92105
chr14	87110988	87310988	harbor1	chr14	87127606	87128048	LTR/ERVL	1804	+	221	87127827	16839
chr14	87110988	87310988	harbor1	chr14	87130397	87130757	LTR/ERVL	791	+	180	87130577	19589
chr14	87110988	87310988	harbor1	chr14	87131068	87131180	LTR/ERVL	791	+	56	87131124	20136
chr14	87110988	87310988	harbor1	chr14	87140303	87140772	LTR/ERVL	1427	+	234	87140537	29549
chr14	87110988	87310988	harbor1	chr14	87174677	87174898	LTR/ERVL	460	+	110	87174787	63799
chr14	87110988	87310988	harbor1	chr14	87176629	87177181	LTR/ERVL	2070	+	276	87176905	65917
chr14	87110988	87310988	harbor1	chr14	87189388	87189936	LTR/ERVL	2256	+	274	87189662	78674
chr14	88552685	88752685	harbor1	chr14	88632631	88633110	LTR/ERVL	1156	+	240	88632871	80186
chr14	91172117	91372117	harbor1	chr14	91173868	91174310	LTR/ERVL	3499	+	221	91174089	1972
chr14	91172117	91372117	harbor1	chr14	91174606	91175003	LTR/ERVL	3499	+	198	91174804	2687
chr14	91172117	91372117	harbor1	chr14	91187685	91187964	LTR/ERVL	450	+	140	91187825	15708
chr14	91172117	91372117	harbor1	chr14	91191497	91191671	LTR/ERVL	524	+	87	91191584	19467
chr14	91172117	91372117	harbor1	chr14	91257474	91257894	LTR/ERVL	1034	+	210	91257684	85567
chr14	91172117	91372117	harbor1	chr14	91268100	91268400	LTR/ERVL	2102	+	150	91268250	96133
chr14	91172117	91372117	harbor1	chr14	91269139	91269218	LTR/ERVL	555	+	40	91269179	97062
chr14	35461700	35661700	harbor1	chr14	35482525	35482713	LTR/ERVL	731	+	94	35482619	20919
chr14	63234170	63434170	harbor1	chr14	63310519	63310642	LTR/ERVL	1439	+	62	63310581	76411
chr14	63234170	63434170	harbor1	chr14	63310945	63311291	LTR/ERVL	1439	+	173	63311118	76948
chr14	103682572	103882572	harbor1	chr14	103747411	103747523	LTR/ERVL	1785	+	56	103747467	64895
chr14	103682572	103882572	harbor1	chr14	103747811	103748061	LTR/ERVL	1785	+	125	103747936	65364
chr14	103682572	103882572	harbor1	chr14	103748115	103748165	LTR/ERVL	1785	+	25	103748140	65568
chr14	103682572	103882572	harbor1	chr14	103774332	103774461	LTR/ERVL	470	+	64	103774396	91824
chr14	23540240	23740240	harbor1	chr14	23610252	23610450	LTR/ERVL	1138	+	99	23610351	70111
chr14	23540240	23740240	harbor1	chr14	23610752	23610828	LTR/ERVL	1138	+	38	23610790	70550
chr14	94629501	94829501	harbor1	chr14	94662881	94663224	LTR/ERVL	1728	+	172	94663053	33552
chr14	94629501	94829501	harbor1	chr14	94698424	94698749	LTR/ERVL	622	+	162	94698586	69085
chr14	94629501	94829501	harbor1	chr14	94699042	94699073	LTR/ERVL	622	+	16	94699058	69557
chr14	24234656	24434656	harbor1	chr14	24286478	24286580	LTR/ERVL	529	+	51	24286529	51873
chr14	24234656	24434656	harbor1	chr14	24287191	24287508	LTR/ERVL	529	+	158	24287349	52693
chr14	24234656	24434656	harbor1	chr14	24308793	24309154	LTR/ERVL	1980	+	180	24308973	74317
chr14	27003425	27203425	harbor1	chr14	27029823	27030228	LTR/ERVL	1634	+	202	27030025	26600
chr14	27003425	27203425	harbor1	chr14	27097863	27098161	LTR/ERVL	471	+	149	27098012	94587
chr15	42947320	43147320	harbor1	chr15	43029308	43029476	LTR/ERVL	559	+	84	43029392	82072
chr15	39807874	40007874	harbor1	chr15	39812159	39812712	LTR/ERVL	2179	+	276	39812435	4561
chr15	39807874	40007874	harbor1	chr15	39883751	39884256	LTR/ERVL	779	+	252	39884003	76129
chr15	101782193	101982193	harbor1	chr15	101821232	101821659	LTR/ERVL	1915	+	214	101821446	39253
chr15	101782193	101982193	harbor1	chr15	101821955	101822556	LTR/ERVL	1915	+	300	101822255	40062
chr15	101782193	101982193	harbor1	chr15	101824018	101824358	LTR/ERVL	1004	+	170	101824188	41995
chr15	101782193	101982193	harbor1	chr15	101824366	101824536	LTR/ERVL	474	+	85	101824451	42258
chr15	101782193	101982193	harbor1	chr15	101831581	101831745	LTR/ERVL	468	+	82	101831663	49470
chr15	101782193	101982193	harbor1	chr15	101834877	101835081	LTR/ERVL	850	+	102	101834979	52786
chr15	101782193	101982193	harbor1	chr15	101835154	101835373	LTR/ERVL	914	+	110	101835264	53071
chr15	101782193	101982193	harbor1	chr15	101835392	101835697	LTR/ERVL	689	+	152	101835544	53351
chr15	101782193	101982193	harbor1	chr15	101835738	101835988	LTR/ERVL	531	+	125	101835863	53670
chr15	101782193	101982193	harbor1	chr15	101854750	101855111	LTR/ERVL	4559	+	180	101854930	72737
chr15	101782193	101982193	harbor1	chr15	101855372	101856039	LTR/ERVL	4559	+	334	101855706	73513
chr15	61023704	61223704	harbor1	chr15	61112792	61113239	LTR/ERVL	855	+	224	61113016	89312
chr15	91169839	91369839	harbor1	chr15	91231352	91231464	LTR/ERVL	883	+	56	91231408	61569
chr15	91169839	91369839	harbor1	chr15	91232546	91232654	LTR/ERVL	823	+	54	91232600	62761
chr15	91169839	91369839	harbor1	chr15	91233137	91235088	LTR/ERVL	8608	+	976	91234113	64274
chr15	52886198	53086198	harbor1	chr15	52980963	52981336	LTR/ERVL	793	+	186	52981149	94951
chr15	25837206	26037206	harbor1	chr15	25884557	25884785	LTR/ERVL	755	+	114	25884671	47465
chr15	25837206	26037206	harbor1	chr15	25925310	25925463	LTR/ERVL	797	+	76	25925386	88180
chr15	38841766	39041766	harbor1	chr15	38861047	38861447	LTR/ERVL	1240	+	200	38861247	19481
chr15	38841766	39041766	harbor1	chr15	38870546	38871118	LTR/ERVL	2976	+	286	38870832	29066
chr15	38841766	39041766	harbor1	chr15	38872021	38872217	LTR/ERVL	489	+	98	38872119	30353
chr15	22437894	22637894	harbor1	chr15	22502366	22502763	LTR/ERVL	816	+	198	22502564	64670
chr15	22437894	22637894	harbor1	chr15	22522147	22522302	LTR/ERVL	704	+	78	22522225	84331
chr15	22894596	23094596	harbor1	chr15	22895535	22896166	LTR/ERVL	713	+	316	22895851	1255
chr15	22894596	23094596	harbor1	chr15	22907363	22907816	LTR/ERVL	556	+	226	22907589	12993
chr15	22894596	23094596	harbor1	chr15	22922034	22922614	LTR/ERVL	1661	+	290	22922324	27728
chr15	22894596	23094596	harbor1	chr15	22968201	22968608	LTR/ERVL	2348	+	204	22968405	73809
chr15	62262512	62462512	harbor1	chr15	62335670	62335855	LTR/ERVL	464	+	92	62335762	73250
chr15	49688648	49888648	harbor1	chr15	49698005	49698508	LTR/ERVL	804	+	252	49698257	9609
chr15	49688648	49888648	harbor1	chr15	49763241	49763729	LTR/ERVL	2579	+	244	49763485	74837
chr15	73871405	74071405	harbor1	chr15	73901176	73901479	LTR/ERVL	581	+	152	73901328	29923
chr15	73871405	74071405	harbor1	chr15	73903169	73903628	LTR/ERVL	1031	+	230	73903399	31994
chr15	73871405	74071405	harbor1	chr15	73914300	73914682	LTR/ERVL	962	+	191	73914491	43086
chr15	73871405	74071405	harbor1	chr15	73914978	73915068	LTR/ERVL	962	+	45	73915023	43618
chr15	29624672	29824672	harbor1	chr15	29670794	29671598	LTR/ERVL	2891	+	402	29671196	46524
chr15	61209020	61409020	harbor1	chr15	61295155	61295535	LTR/ERVL	979	+	190	61295345	86325
chr15	46632857	46832857	harbor1	chr15	46647828	46648222	LTR/ERVL	1124	+	197	46648025	15168
chr15	46632857	46832857	harbor1	chr15	46648922	46649336	LTR/ERVL	1038	+	207	46649129	16272
chr15	46632857	46832857	harbor1	chr15	46650524	46650714	LTR/ERVL	699	+	95	46650619	17762
chr15	58042215	58242215	harbor1	chr15	58114659	58114815	LTR/ERVL	1078	+	78	58114737	72522
chr15	58042215	58242215	harbor1	chr15	58113999	58114355	LTR/ERVL	1078	+	178	58114177	71962
chr15	28598269	28798269	harbor1	chr15	28617325	28617480	LTR/ERVL	716	+	78	28617403	19134
chr15	70010239	70210239	harbor1	chr15	70107228	70107641	LTR/ERVL	995	+	206	70107434	97195
chr15	78488864	78688864	harbor1	chr15	78536714	78537267	LTR/ERVL	2934	+	276	78536990	48126
chr15	67627180	67827180	harbor1	chr15	67636732	67637312	LTR/ERVL	1786	+	290	67637022	9842
chr15	96836054	97036054	harbor1	chr15	96838628	96839393	LTR/ERVL	3690	+	382	96839010	2956
chr15	96836054	97036054	harbor1	chr15	96924475	96924881	LTR/ERVL	2476	+	203	96924678	88624
chr15	96836054	97036054	harbor1	chr15	96925203	96926818	LTR/ERVL	2476	+	808	96926011	89957
chr15	96836054	97036054	harbor1	chr15	96926839	96927114	LTR/ERVL	507	+	138	96926977	90923
chr15	96836054	97036054	harbor1	chr15	96928070	96928563	LTR/ERVL	1130	+	246	96928316	92262
chr15	96836054	97036054	harbor1	chr15	96927588	96928048	LTR/ERVL	803	+	230	96927818	91764
chr15	45379160	45579160	harbor1	chr15	45397084	45398013	LTR/ERVL	4102	+	464	45397548	18388
chr15	45379160	45579160	harbor1	chr15	45465714	45466156	LTR/ERVL	1768	+	221	45465935	86775
chr15	40462636	40662636	harbor1	chr15	40491780	40492291	LTR/ERVL	2608	+	256	40492036	29400
chr15	40462636	40662636	harbor1	chr15	40542468	40542586	LTR/ERVL	2283	+	59	40542527	79891
chr15	40462636	40662636	harbor1	chr15	40543175	40543444	LTR/ERVL	2283	+	134	40543309	80673
chr15	40462636	40662636	harbor1	chr15	40543751	40543831	LTR/ERVL	2283	+	40	40543791	81155
chr15	62260779	62460779	harbor1	chr15	62335670	62335855	LTR/ERVL	464	+	92	62335762	74983
chr15	86265597	86465597	harbor1	chr15	86343090	86343462	LTR/ERVL	554	+	186	86343276	77679
chr15	86265597	86465597	harbor1	chr15	86352250	86352470	LTR/ERVL	484	+	110	86352360	86763
chr15	86265597	86465597	harbor1	chr15	86352786	86352891	LTR/ERVL	484	+	52	86352838	87241
chr15	47804796	48004796	harbor1	chr15	47813104	47813422	LTR/ERVL	788	+	159	47813263	8467
chr15	47804796	48004796	harbor1	chr15	47834864	47835179	LTR/ERVL	609	+	158	47835022	30226
chr15	47804796	48004796	harbor1	chr15	47859832	47860309	LTR/ERVL	2001	+	238	47860070	55274
chr15	96595426	96795426	harbor1	chr15	96640518	96640980	LTR/ERVL	2052	+	231	96640749	45323
chr15	96595426	96795426	harbor1	chr15	96670439	96670865	LTR/ERVL	673	+	213	96670652	75226
chr15	86911759	87111759	harbor1	chr15	86939094	86939637	LTR/ERVL	2059	+	272	86939366	27607
chr15	86911759	87111759	harbor1	chr15	87008035	87008185	LTR/ERVL	2971	+	75	87008110	96351
chr15	86911759	87111759	harbor1	chr15	87010447	87010835	LTR/ERVL	2971	+	194	87010641	98882
chr15	36286259	36486259	harbor1	chr15	36336731	36337108	LTR/ERVL	2838	+	188	36336919	50660
chr15	68399907	68599907	harbor1	chr15	68440223	68440544	LTR/ERVL	1184	+	160	68440383	40476
chr15	26646883	26846883	harbor1	chr15	26678812	26678930	LTR/ERVL	527	+	59	26678871	31988
chr15	26646883	26846883	harbor1	chr15	26679948	26680342	LTR/ERVL	2171	+	197	26680145	33262
chr15	55067203	55267203	harbor1	chr15	55089693	55090092	LTR/ERVL	1001	+	200	55089893	22690
chr15	55067203	55267203	harbor1	chr15	55091008	55091216	LTR/ERVL	735	+	104	55091112	23909
chr15	55067203	55267203	harbor1	chr15	55091535	55091680	LTR/ERVL	735	+	72	55091607	24404
chr15	55067203	55267203	harbor1	chr15	55094775	55094866	LTR/ERVL	437	+	46	55094821	27618
chr15	55067203	55267203	harbor1	chr15	55113268	55113667	LTR/ERVL	1627	+	200	55113468	46265
chr15	55067203	55267203	harbor1	chr15	55120887	55121140	LTR/ERVL	633	+	126	55121013	53810
chr15	55067203	55267203	harbor1	chr15	55131199	55132177	LTR/ERVL	2624	+	489	55131688	64485
chr15	93593913	93793913	harbor1	chr15	93614420	93615004	LTR/ERVL	1792	+	292	93614712	20799
chr15	93593913	93793913	harbor1	chr15	93651312	93651997	LTR/ERVL	1439	+	342	93651654	57741
chr15	51964115	52164115	harbor1	chr15	52033179	52033768	LTR/ERVL	2160	+	294	52033473	69358
chr15	79910115	80110115	harbor1	chr15	79973526	79973962	LTR/ERVL	1847	+	218	79973744	63629
chr15	32325787	32525787	harbor1	chr15	32325552	32325900	LTR/ERVL	1828	+	174	32325726	61
chr15	30790215	30990215	harbor1	chr15	30854792	30855191	LTR/ERVL	1397	+	200	30854992	64777
chr15	30790215	30990215	harbor1	chr15	30855221	30855541	LTR/ERVL	1586	+	160	30855381	65166
chr15	30790215	30990215	harbor1	chr15	30855947	30856181	LTR/ERVL	1168	+	117	30856064	65849
chr15	30790215	30990215	harbor1	chr15	30858318	30858597	LTR/ERVL	1002	+	140	30858458	68243
chr15	30790215	30990215	harbor1	chr15	30858609	30858817	LTR/ERVL	808	+	104	30858713	68498
chr15	30790215	30990215	harbor1	chr15	30858911	30859059	LTR/ERVL	964	+	74	30858985	68770
chr15	30790215	30990215	harbor1	chr15	30859307	30859603	LTR/ERVL	1735	+	148	30859455	69240
chr15	30790215	30990215	harbor1	chr15	30859604	30860654	LTR/ERVL	4076	+	525	30860129	69914
chr15	30790215	30990215	harbor1	chr15	30867862	30868308	LTR/ERVL	3013	+	223	30868085	77870
chr15	30790215	30990215	harbor1	chr15	30869425	30871437	LTR/ERVL	10230	+	1006	30870431	80216
chr15	30790215	30990215	harbor1	chr15	30871426	30871936	LTR/ERVL	2236	+	255	30871681	81466
chr15	30790215	30990215	harbor1	chr15	30872020	30872326	LTR/ERVL	1598	+	153	30872173	81958
chr15	30790215	30990215	harbor1	chr15	30872330	30872479	LTR/ERVL	735	+	74	30872404	82189
chr15	30790215	30990215	harbor1	chr15	30872873	30872949	LTR/ERVL	484	+	38	30872911	82696
chr15	30790215	30990215	harbor1	chr15	30877138	30877721	LTR/ERVL	2419	+	292	30877430	87215
chr15	30790215	30990215	harbor1	chr15	30867400	30867550	LTR/ERVL	3013	+	75	30867475	77260
chr15	31697797	31897797	harbor1	chr15	31699490	31699872	LTR/ERVL	1422	+	191	31699681	1884
chr15	71034183	71234183	harbor1	chr15	71059244	71059375	LTR/ERVL	423	+	66	71059310	25127
chr15	71034183	71234183	harbor1	chr15	71071559	71072041	LTR/ERVL	2095	+	241	71071800	37617
chr15	71034183	71234183	harbor1	chr15	71084856	71085434	LTR/ERVL	2916	+	289	71085145	50962
chr15	71034183	71234183	harbor1	chr15	71092195	71092521	LTR/ERVL	599	+	163	71092358	58175
chr15	58597968	58797968	harbor1	chr15	58684237	58684974	LTR/ERVL	1882	+	368	58684605	86637
chr15	28147447	28347447	harbor1	chr15	28222605	28223110	LTR/ERVL	2106	+	252	28222857	75410
chr15	28147447	28347447	harbor1	chr15	28223112	28224068	LTR/ERVL	2952	+	478	28223590	76143
chr15	28147447	28347447	harbor1	chr15	28224501	28224625	LTR/ERVL	559	+	62	28224563	77116
chr15	28147447	28347447	harbor1	chr15	28231206	28231791	LTR/ERVL	2079	+	292	28231498	84051
chr15	66634386	66834386	harbor1	chr15	66646058	66646408	LTR/ERVL	467	+	175	66646233	11847
chr15	70377454	70577454	harbor1	chr15	70423597	70423791	LTR/ERVL	656	+	97	70423694	46240
chr15	70377454	70577454	harbor1	chr15	70471876	70472022	LTR/ERVL	2609	+	73	70471949	94495
chr15	70377454	70577454	harbor1	chr15	70472416	70472810	LTR/ERVL	2609	+	197	70472613	95159
chr15	25595729	25795729	harbor1	chr15	25630824	25631221	LTR/ERVL	828	+	198	25631022	35293
chr15	25595729	25795729	harbor1	chr15	25650457	25650653	LTR/ERVL	1845	+	98	25650555	54826
chr15	25595729	25795729	harbor1	chr15	25650715	25650957	LTR/ERVL	1845	+	121	25650836	55107
chr15	25595729	25795729	harbor1	chr15	25656351	25656650	LTR/ERVL	2249	+	150	25656501	60772
chr15	25595729	25795729	harbor1	chr15	25657412	25657682	LTR/ERVL	2249	+	135	25657547	61818
chr15	88382779	88582779	harbor1	chr15	88400437	88400470	LTR/ERVL	659	+	16	88400453	17674
chr15	88382779	88582779	harbor1	chr15	88400605	88401059	LTR/ERVL	1069	+	227	88400832	18053
chr15	88382779	88582779	harbor1	chr15	88414731	88415159	LTR/ERVL	506	+	214	88414945	32166
chr15	88382779	88582779	harbor1	chr15	88415321	88415563	LTR/ERVL	519	+	121	88415442	32663
chr15	88382779	88582779	harbor1	chr15	88419006	88419975	LTR/ERVL	2081	+	484	88419490	36711
chr15	88382779	88582779	harbor1	chr15	88420213	88420480	LTR/ERVL	4689	+	134	88420347	37568
chr15	88382779	88582779	harbor1	chr15	88420889	88421191	LTR/ERVL	4689	+	151	88421040	38261
chr15	88382779	88582779	harbor1	chr15	88421505	88422143	LTR/ERVL	4689	+	319	88421824	39045
chr15	88382779	88582779	harbor1	chr15	88422266	88422934	LTR/ERVL	4689	+	334	88422600	39821
chr15	88382779	88582779	harbor1	chr15	88423686	88423980	LTR/ERVL	4689	+	147	88423833	41054
chr15	88382779	88582779	harbor1	chr15	88424003	88424024	LTR/ERVL	1802	+	10	88424013	41234
chr15	88382779	88582779	harbor1	chr15	88424968	88425237	LTR/ERVL	1802	+	134	88425102	42323
chr15	88382779	88582779	harbor1	chr15	88436721	88437200	LTR/ERVL	2059	+	240	88436961	54182
chr15	88382779	88582779	harbor1	chr15	88424321	88424649	LTR/ERVL	1802	+	164	88424485	41706
chr15	79950500	80150500	harbor1	chr15	79973526	79973962	LTR/ERVL	1847	+	218	79973744	23244
chr15	71486046	71686046	harbor1	chr15	71509047	71509488	LTR/ERVL	1836	+	220	71509267	23221
chr15	59109086	59309086	harbor1	chr15	59133491	59133892	LTR/ERVL	603	+	200	59133691	24605
chr15	98781995	98981995	harbor1	chr15	98813111	98813685	LTR/ERVL	2541	+	287	98813398	31403
chr15	84616295	84816295	harbor1	chr15	84702938	84704398	LTR/ERVL	5363	+	730	84703668	87373
chr15	84616295	84816295	harbor1	chr15	84704402	84704920	LTR/ERVL	939	+	259	84704661	88366
chr15	84616295	84816295	harbor1	chr15	84705339	84705572	LTR/ERVL	3182	+	116	84705455	89160
chr15	84616295	84816295	harbor1	chr15	84705863	84705907	LTR/ERVL	3182	+	22	84705885	89590
chr15	84616295	84816295	harbor1	chr15	84706207	84706635	LTR/ERVL	3182	+	214	84706421	90126
chr15	84616295	84816295	harbor1	chr15	84706745	84706940	LTR/ERVL	975	+	98	84706843	90548
chr15	84616295	84816295	harbor1	chr15	84706954	84707181	LTR/ERVL	1258	+	114	84707068	90773
chr15	84616295	84816295	harbor1	chr15	84707483	84707563	LTR/ERVL	1258	+	40	84707523	91228
chr15	84616295	84816295	harbor1	chr15	84705225	84705331	LTR/ERVL	939	+	53	84705278	88983
chr15	61231030	61431030	harbor1	chr15	61295155	61295535	LTR/ERVL	979	+	190	61295345	64315
chr15	53213587	53413587	harbor1	chr15	53255657	53255820	LTR/ERVL	835	+	82	53255739	42152
chr15	61327399	61527399	harbor1	chr15	61366631	61367916	LTR/ERVL	2784	+	642	61367273	39874
chr15	61327399	61527399	harbor1	chr15	61367903	61369367	LTR/ERVL	5976	+	732	61368635	41236
chr15	61327399	61527399	harbor1	chr15	61369911	61370377	LTR/ERVL	1440	+	233	61370144	42745
chr15	61327399	61527399	harbor1	chr15	61383284	61383775	LTR/ERVL	2227	+	246	61383530	56131
chr15	61327399	61527399	harbor1	chr15	61403398	61403789	LTR/ERVL	620	+	196	61403594	76195
chr15	29156941	29356941	harbor1	chr15	29161095	29161546	LTR/ERVL	1665	+	226	29161321	4380
chr15	29156941	29356941	harbor1	chr15	29188112	29188245	LTR/ERVL	3440	+	66	29188178	31237
chr15	29156941	29356941	harbor1	chr15	29188616	29189372	LTR/ERVL	3440	+	378	29188994	32053
chr15	29156941	29356941	harbor1	chr15	29193151	29193692	LTR/ERVL	2923	+	270	29193421	36480
chr15	29156941	29356941	harbor1	chr15	29209994	29210364	LTR/ERVL	1931	+	185	29210179	53238
chr15	29156941	29356941	harbor1	chr15	29210707	29210866	LTR/ERVL	1931	+	80	29210787	53846
chr15	29156941	29356941	harbor1	chr15	29215185	29215568	LTR/ERVL	3199	+	192	29215377	58436
chr15	29156941	29356941	harbor1	chr15	29215598	29215637	LTR/ERVL	3199	+	20	29215618	58677
chr15	53760444	53960444	harbor1	chr15	53851455	53852312	LTR/ERVL	3822	+	428	53851883	91439
chr15	83247805	83447805	harbor1	chr15	83253622	83253942	LTR/ERVL	829	+	160	83253782	5977
chr15	83247805	83447805	harbor1	chr15	83325360	83325730	LTR/ERVL	1932	+	185	83325545	77740
chr15	83247805	83447805	harbor1	chr15	83337990	83339392	LTR/ERVL	8980	+	701	83338691	90886
chr15	83247805	83447805	harbor1	chr15	83339547	83340099	LTR/ERVL	3725	+	276	83339823	92018
chr15	83247805	83447805	harbor1	chr15	83340100	83340468	LTR/ERVL	2176	+	184	83340284	92479
chr15	83247805	83447805	harbor1	chr15	83340787	83340847	LTR/ERVL	2176	+	30	83340817	93012
chr15	98003761	98203761	harbor1	chr15	98045786	98045933	LTR/ERVL	564	+	74	98045860	42099
chr15	98003761	98203761	harbor1	chr15	98045957	98046660	LTR/ERVL	1109	+	352	98046309	42548
chr15	98003761	98203761	harbor1	chr15	98048423	98048760	LTR/ERVL	1505	+	168	98048591	44830
chr15	98003761	98203761	harbor1	chr15	98048882	98049022	LTR/ERVL	965	+	70	98048952	45191
chr15	52711320	52911320	harbor1	chr15	52725082	52725277	LTR/ERVL	1426	+	98	52725180	13860
chr15	52711320	52911320	harbor1	chr15	52725789	52726021	LTR/ERVL	1426	+	116	52725905	14585
chr15	52711320	52911320	harbor1	chr15	52760891	52761354	LTR/ERVL	705	+	232	52761123	49803
chr15	91220496	91420496	harbor1	chr15	91231352	91231464	LTR/ERVL	883	+	56	91231408	10912
chr15	91220496	91420496	harbor1	chr15	91232546	91232654	LTR/ERVL	823	+	54	91232600	12104
chr15	91220496	91420496	harbor1	chr15	91233137	91235088	LTR/ERVL	8608	+	976	91234113	13617
chr15	91220496	91420496	harbor1	chr15	91306298	91306797	LTR/ERVL	937	+	250	91306548	86052
chr15	91220496	91420496	harbor1	chr15	91309601	91309879	LTR/ERVL	1225	+	139	91309740	89244
chr16	79247025	79447025	harbor1	chr16	79298162	79298425	LTR/ERVL	525	+	132	79298294	51269
chr16	33446658	33646658	harbor1	chr16	33455407	33455705	LTR/ERVL	1049	+	149	33455556	8898
chr16	33446658	33646658	harbor1	chr16	33456144	33456464	LTR/ERVL	1407	+	160	33456304	9646
chr16	33446658	33646658	harbor1	chr16	33483671	33483893	LTR/ERVL	702	+	111	33483782	37124
chr16	33446658	33646658	harbor1	chr16	33483922	33484069	LTR/ERVL	561	+	74	33483996	37338
chr16	16207152	16407152	harbor1	chr16	16306383	16306754	LTR/ERVL	708	+	186	16306569	99417
chr16	84434350	84634350	harbor1	chr16	84485154	84485287	LTR/ERVL	674	+	66	84485220	50870
chr16	84434350	84634350	harbor1	chr16	84519204	84519657	LTR/ERVL	1913	+	226	84519430	85080
chr16	84434350	84634350	harbor1	chr16	84530237	84530637	LTR/ERVL	622	+	200	84530437	96087
chr16	67628753	67828753	harbor1	chr16	67676096	67676162	LTR/ERVL	671	+	33	67676129	47376
chr16	67628753	67828753	harbor1	chr16	67676417	67676490	LTR/ERVL	671	+	36	67676453	47700
chr16	67628753	67828753	harbor1	chr16	67697958	67698450	LTR/ERVL	1327	+	246	67698204	69451
chr16	22635333	22835333	harbor1	chr16	22724341	22724606	LTR/ERVL	730	+	132	22724473	89140
chr16	2684609	2884609	harbor1	chr16	2780281	2780399	LTR/ERVL	591	+	59	2780340	95731
chr16	2684609	2884609	harbor1	chr16	2780448	2780868	LTR/ERVL	1987	+	210	2780658	96049
chr16	69097297	69297297	harbor1	chr16	69184907	69185258	LTR/ERVL	2318	+	176	69185083	87786
chr16	69097297	69297297	harbor1	chr16	69185853	69185872	LTR/ERVL	2318	+	10	69185863	88566
chr16	69097297	69297297	harbor1	chr16	69186187	69186402	LTR/ERVL	2318	+	108	69186295	88998
chr16	58982416	59182416	harbor1	chr16	59053129	59053681	LTR/ERVL	1837	+	276	59053405	70989
chr16	58982416	59182416	harbor1	chr16	59058257	59060375	LTR/ERVL	12291	+	1059	59059316	76900
chr16	58982416	59182416	harbor1	chr16	59060383	59060597	LTR/ERVL	1194	+	107	59060490	78074
chr16	58982416	59182416	harbor1	chr16	59060630	59060680	LTR/ERVL	1194	+	25	59060655	78239
chr16	58982416	59182416	harbor1	chr16	59061070	59061249	LTR/ERVL	1094	+	90	59061160	78744
chr16	75376610	75576610	harbor1	chr16	75390661	75390972	LTR/ERVL	583	+	156	75390817	14207
chr16	75376610	75576610	harbor1	chr16	75393180	75393382	LTR/ERVL	806	+	101	75393281	16671
chr16	34572314	34772314	harbor1	chr16	34647893	34648307	LTR/ERVL	1243	+	207	34648100	75786
chr16	34572314	34772314	harbor1	chr16	34648693	34649077	LTR/ERVL	1506	+	192	34648885	76571
chr16	34572314	34772314	harbor1	chr16	34654668	34655289	LTR/ERVL	1878	+	310	34654978	82664
chr16	60559730	60759730	harbor1	chr16	60567419	60567962	LTR/ERVL	2562	+	272	60567691	7961
chr16	60559730	60759730	harbor1	chr16	60617114	60617345	LTR/ERVL	742	+	116	60617230	57500
chr16	46484095	46684095	harbor1	chr16	46546216	46546776	LTR/ERVL	2386	+	280	46546496	62401
chr16	5114311	5314311	harbor1	chr16	5114456	5114672	LTR/ERVL	989	+	108	5114564	253
chr16	5114311	5314311	harbor1	chr16	5129549	5129764	LTR/ERVL	1125	+	108	5129657	15346
chr16	5318934	5518934	harbor1	chr16	5376854	5377057	LTR/ERVL	483	+	102	5376956	58022
chr16	5318934	5518934	harbor1	chr16	5406140	5406587	LTR/ERVL	1430	+	224	5406364	87430
chr16	12963667	13163667	harbor1	chr16	12984766	12985128	LTR/ERVL	1041	+	181	12984947	21280
chr16	12963667	13163667	harbor1	chr16	12985694	12986192	LTR/ERVL	1258	+	249	12985943	22276
chr16	12963667	13163667	harbor1	chr16	13007934	13008411	LTR/ERVL	996	+	238	13008172	44505
chr16	12963667	13163667	harbor1	chr16	13030151	13030595	LTR/ERVL	873	+	222	13030373	66706
chr16	19695567	19895567	harbor1	chr16	19778136	19778393	LTR/ERVL	1402	+	128	19778264	82697
chr16	19695567	19895567	harbor1	chr16	19778687	19778804	LTR/ERVL	1402	+	58	19778745	83178
chr16	65480851	65680851	harbor1	chr16	65509247	65509622	LTR/ERVL	951	+	188	65509435	28584
chr16	47592841	47792841	harbor1	chr16	47630637	47631175	LTR/ERVL	2715	+	269	47630906	38065
chr16	76752033	76952033	harbor1	chr16	76792938	76793392	LTR/ERVL	2104	+	227	76793165	41132
chr16	76752033	76952033	harbor1	chr16	76812842	76813360	LTR/ERVL	833	+	259	76813101	61068
chr16	76752033	76952033	harbor1	chr16	76834721	76835071	LTR/ERVL	556	+	175	76834896	82863
chr16	31007012	31207012	harbor1	chr16	31100362	31100712	LTR/ERVL	2556	+	175	31100537	93525
chr16	31007012	31207012	harbor1	chr16	31101019	31101264	LTR/ERVL	2556	+	122	31101141	94129
chr16	86325797	86525797	harbor1	chr16	86333797	86334041	LTR/ERVL	578	+	122	86333919	8122
chr16	86325797	86525797	harbor1	chr16	86334158	86334252	LTR/ERVL	455	+	47	86334205	8408
chr16	86325797	86525797	harbor1	chr16	86361511	86361731	LTR/ERVL	514	+	110	86361621	35824
chr16	86325797	86525797	harbor1	chr16	86361749	86361926	LTR/ERVL	559	+	88	86361837	36040
chr16	86325797	86525797	harbor1	chr16	86382651	86382805	LTR/ERVL	467	+	77	86382728	56931
chr16	86325797	86525797	harbor1	chr16	86408486	86408944	LTR/ERVL	975	+	229	86408715	82918
chr16	69470699	69670699	harbor1	chr16	69543135	69543838	LTR/ERVL	4639	+	352	69543487	72788
chr16	24378321	24578321	harbor1	chr16	24391937	24392211	LTR/ERVL	941	+	137	24392074	13753
chr16	24378321	24578321	harbor1	chr16	24393531	24393843	LTR/ERVL	1140	+	156	24393687	15366
chr16	24378321	24578321	harbor1	chr16	24405315	24405394	LTR/ERVL	2075	+	40	24405355	27034
chr16	24378321	24578321	harbor1	chr16	24405818	24406151	LTR/ERVL	2075	+	166	24405984	27663
chr16	24378321	24578321	harbor1	chr16	24419921	24420098	LTR/ERVL	1151	+	88	24420009	41688
chr16	24378321	24578321	harbor1	chr16	24439190	24439435	LTR/ERVL	1298	+	122	24439312	60991
chr16	24378321	24578321	harbor1	chr16	24439430	24439925	LTR/ERVL	1843	+	248	24439678	61357
chr16	24378321	24578321	harbor1	chr16	24443091	24443348	LTR/ERVL	2780	+	128	24443219	64898
chr16	24378321	24578321	harbor1	chr16	24443654	24444062	LTR/ERVL	2780	+	204	24443858	65537
chr16	24378321	24578321	harbor1	chr16	24444356	24444434	LTR/ERVL	2780	+	39	24444395	66074
chr16	24378321	24578321	harbor1	chr16	24445741	24445881	LTR/ERVL	520	+	70	24445811	67490
chr16	24378321	24578321	harbor1	chr16	24471973	24472364	LTR/ERVL	1383	+	196	24472169	93848
chr16	24378321	24578321	harbor1	chr16	24472674	24472854	LTR/ERVL	1383	+	90	24472764	94443
chr16	24378321	24578321	harbor1	chr16	24473166	24473180	LTR/ERVL	1383	+	7	24473173	94852
chr16	24378321	24578321	harbor1	chr16	24473305	24473342	LTR/ERVL	1383	+	18	24473323	95002
chr16	24378321	24578321	harbor1	chr16	24473476	24473538	LTR/ERVL	1383	+	31	24473507	95186
chr16	24195584	24395584	harbor1	chr16	24224950	24224969	LTR/ERVL	1414	+	10	24224960	29376
chr16	24195584	24395584	harbor1	chr16	24225007	24225224	LTR/ERVL	1414	+	108	24225115	29531
chr16	24195584	24395584	harbor1	chr16	24225229	24225767	LTR/ERVL	3000	+	269	24225498	29914
chr16	84506681	84706681	harbor1	chr16	84519204	84519657	LTR/ERVL	1913	+	226	84519430	12749
chr16	84506681	84706681	harbor1	chr16	84530237	84530637	LTR/ERVL	622	+	200	84530437	23756
chr16	60761616	60961616	harbor1	chr16	60810495	60810903	LTR/ERVL	1937	+	204	60810699	49083
chr16	60761616	60961616	harbor1	chr16	60827650	60827897	LTR/ERVL	1007	+	124	60827774	66158
chr16	60761616	60961616	harbor1	chr16	60846981	60847416	LTR/ERVL	2821	+	218	60847199	85583
chr16	60761616	60961616	harbor1	chr16	60847514	60849876	LTR/ERVL	41362	+	1181	60848695	87079
chr16	60761616	60961616	harbor1	chr16	60853182	60853639	LTR/ERVL	3130	+	228	60853410	91794
chr16	60761616	60961616	harbor1	chr16	60849944	60853181	LTR/ERVL	41362	+	1618	60851562	89946
chr16	57534438	57734438	harbor1	chr16	57594796	57595008	LTR/ERVL	632	+	106	57594902	60464
chr16	19964926	20164926	harbor1	chr16	19986186	19986282	LTR/ERVL	957	+	48	19986234	21308
chr16	19964926	20164926	harbor1	chr16	19986831	19987108	LTR/ERVL	957	+	138	19986969	22043
chr16	19964926	20164926	harbor1	chr16	19991668	19991939	LTR/ERVL	635	+	136	19991804	26878
chr16	19964926	20164926	harbor1	chr16	19991975	19992146	LTR/ERVL	727	+	86	19992061	27135
chr16	19964926	20164926	harbor1	chr16	20025659	20026036	LTR/ERVL	451	+	188	20025847	60921
chr16	19640207	19840207	harbor1	chr16	19681132	19681370	LTR/ERVL	577	+	119	19681251	41044
chr16	31187708	31387708	harbor1	chr16	31255650	31255752	LTR/ERVL	590	+	51	31255701	67993
chr16	62953994	63153994	harbor1	chr16	63029964	63030289	LTR/ERVL	725	+	162	63030126	76132
chr16	62953994	63153994	harbor1	chr16	63030303	63030917	LTR/ERVL	3482	+	307	63030610	76616
chr16	62953994	63153994	harbor1	chr16	63031382	63032691	LTR/ERVL	3482	+	654	63032036	78042
chr16	62953994	63153994	harbor1	chr16	63032692	63033107	LTR/ERVL	1226	+	208	63032900	78906
chr16	62953994	63153994	harbor1	chr16	63035180	63035569	LTR/ERVL	1473	+	194	63035374	81380
chr16	62953994	63153994	harbor1	chr16	63042002	63042400	LTR/ERVL	1635	+	199	63042201	88207
chr16	62953994	63153994	harbor1	chr16	63028699	63029930	LTR/ERVL	1615	+	616	63029315	75321
chr16	74809651	75009651	harbor1	chr16	74821089	74821515	LTR/ERVL	1212	+	213	74821302	11651
chr16	74809651	75009651	harbor1	chr16	74836235	74836606	LTR/ERVL	2455	+	186	74836421	26770
chr16	74809651	75009651	harbor1	chr16	74836913	74836999	LTR/ERVL	2455	+	43	74836956	27305
chr16	74809651	75009651	harbor1	chr16	74868594	74868890	LTR/ERVL	1122	+	148	74868742	59091
chr16	74809651	75009651	harbor1	chr16	74869143	74869311	LTR/ERVL	974	+	84	74869227	59576
chr16	51276879	51476879	harbor1	chr16	51319280	51319432	LTR/ERVL	626	+	76	51319356	42477
chr16	60946203	61146203	harbor1	chr16	60965225	60966001	LTR/ERVL	1242	+	388	60965613	19410
chr16	60946203	61146203	harbor1	chr16	60966796	60967052	LTR/ERVL	709	+	128	60966924	20721
chr16	60946203	61146203	harbor1	chr16	61000778	61000990	LTR/ERVL	767	+	106	61000884	54681
chr16	60946203	61146203	harbor1	chr16	61032992	61033560	LTR/ERVL	2076	+	284	61033276	87073
chr16	60946203	61146203	harbor1	chr16	61041506	61041976	LTR/ERVL	3134	+	235	61041741	95538
chr16	5395682	5595682	harbor1	chr16	5406140	5406587	LTR/ERVL	1430	+	224	5406364	10682
chr16	5395682	5595682	harbor1	chr16	5438427	5438879	LTR/ERVL	1534	+	226	5438653	42971
chr16	5395682	5595682	harbor1	chr16	5454372	5454729	LTR/ERVL	1265	+	178	5454550	58868
chr16	5395682	5595682	harbor1	chr16	5455057	5455131	LTR/ERVL	1265	+	37	5455094	59412
chr16	5395682	5595682	harbor1	chr16	5478728	5479084	LTR/ERVL	554	+	178	5478906	83224
chr16	47032223	47232223	harbor1	chr16	47043479	47043663	LTR/ERVL	784	+	92	47043571	11348
chr16	47032223	47232223	harbor1	chr16	47063395	47063678	LTR/ERVL	681	+	142	47063537	31314
chr16	47032223	47232223	harbor1	chr16	47088733	47088906	LTR/ERVL	479	+	86	47088819	56596
chr16	47032223	47232223	harbor1	chr16	47091548	47091842	LTR/ERVL	1700	+	147	47091695	59472
chr16	47032223	47232223	harbor1	chr16	47092148	47092379	LTR/ERVL	1700	+	116	47092264	60041
chr16	47032223	47232223	harbor1	chr16	47111829	47111963	LTR/ERVL	463	+	67	47111896	79673
chr16	47954153	48154153	harbor1	chr16	47984861	47985047	LTR/ERVL	782	+	93	47984954	30801
chr16	47954153	48154153	harbor1	chr16	47992547	47992653	LTR/ERVL	531	+	53	47992600	38447
chr16	47954153	48154153	harbor1	chr16	47993117	47993558	LTR/ERVL	2014	+	220	47993337	39184
chr16	52168599	52368599	harbor1	chr16	52169506	52169943	LTR/ERVL	1497	+	218	52169724	1125
chr16	52168599	52368599	harbor1	chr16	52185631	52186226	LTR/ERVL	544	+	298	52185929	17330
chr16	52168599	52368599	harbor1	chr16	52243314	52243754	LTR/ERVL	1445	+	220	52243534	74935
chr16	80804404	81004404	harbor1	chr16	80852896	80853317	LTR/ERVL	622	+	210	80853106	48702
chr16	80804404	81004404	harbor1	chr16	80887188	80887562	LTR/ERVL	1304	+	187	80887375	82971
chr16	16432962	16632962	harbor1	chr16	16433970	16434071	LTR/ERVL	757	+	50	16434020	1058
chr16	16432962	16632962	harbor1	chr16	16434383	16434560	LTR/ERVL	757	+	88	16434471	1509
chr16	16432962	16632962	harbor1	chr16	16434733	16434940	LTR/ERVL	796	+	104	16434837	1875
chr16	16432962	16632962	harbor1	chr16	16448016	16448134	LTR/ERVL	514	+	59	16448075	15113
chr16	16432962	16632962	harbor1	chr16	16457876	16458361	LTR/ERVL	1383	+	242	16458118	25156
chr16	16432962	16632962	harbor1	chr16	16466546	16467015	LTR/ERVL	1758	+	234	16466780	33818
chr16	16432962	16632962	harbor1	chr16	16472330	16472701	LTR/ERVL	3032	+	186	16472516	39554
chr16	16432962	16632962	harbor1	chr16	16473074	16473293	LTR/ERVL	3032	+	110	16473184	40222
chr16	16432962	16632962	harbor1	chr16	16473448	16473589	LTR/ERVL	924	+	70	16473518	40556
chr16	16432962	16632962	harbor1	chr16	16507151	16507495	LTR/ERVL	1092	+	172	16507323	74361
chr16	16432962	16632962	harbor1	chr16	16507846	16507883	LTR/ERVL	1092	+	18	16507864	74902
chr16	25660670	25860670	harbor1	chr16	25678626	25679023	LTR/ERVL	1290	+	198	25678824	18154
chr16	75218417	75418417	harbor1	chr16	75307992	75308437	LTR/ERVL	1442	+	222	75308214	89797
chr16	88378861	88578861	harbor1	chr16	88389960	88390330	LTR/ERVL	1368	+	185	88390145	11284
chr16	69101572	69301572	harbor1	chr16	69184907	69185258	LTR/ERVL	2318	+	176	69185083	83511
chr16	69101572	69301572	harbor1	chr16	69185853	69185872	LTR/ERVL	2318	+	10	69185863	84291
chr16	69101572	69301572	harbor1	chr16	69186187	69186402	LTR/ERVL	2318	+	108	69186295	84723
chr16	5635414	5835414	harbor1	chr16	5683354	5683744	LTR/ERVL	2632	+	195	5683549	48135
chr16	59935198	60135198	harbor1	chr16	60002993	60003495	LTR/ERVL	1039	+	251	60003244	68046
chr16	4927022	5127022	harbor1	chr16	5022687	5023045	LTR/ERVL	1348	+	179	5022866	95844
chr16	61259949	61459949	harbor1	chr16	61267934	61268597	LTR/ERVL	1577	+	332	61268266	8317
chr16	62899051	63099051	harbor1	chr16	62918665	62919126	LTR/ERVL	1287	+	230	62918895	19844
chr16	54947676	55147676	harbor1	chr16	55037144	55037287	LTR/ERVL	460	+	72	55037216	89540
chr16	65465354	65665354	harbor1	chr16	65470014	65470243	LTR/ERVL	646	+	114	65470128	4774
chr16	65465354	65665354	harbor1	chr16	65509247	65509622	LTR/ERVL	951	+	188	65509435	44081
chr16	55962004	56162004	harbor1	chr16	56061292	56061726	LTR/ERVL	1212	+	217	56061509	99505
chr16	32683894	32883894	harbor1	chr16	32746269	32746424	LTR/ERVL	725	+	78	32746347	62453
chr16	28237824	28437824	harbor1	chr16	28249749	28250294	LTR/ERVL	2185	+	272	28250021	12197
chr16	28237824	28437824	harbor1	chr16	28283840	28284237	LTR/ERVL	1078	+	198	28284038	46214
chr16	31890645	32090645	harbor1	chr16	31926511	31926803	LTR/ERVL	610	+	146	31926657	36012
chr16	31890645	32090645	harbor1	chr16	31927298	31927827	LTR/ERVL	2140	+	264	31927562	36917
chr16	66745289	66945289	harbor1	chr16	66795274	66795549	LTR/ERVL	1253	+	138	66795412	50123
chr16	83493587	83693587	harbor1	chr16	83508534	83508796	LTR/ERVL	729	+	131	83508665	15078
chr16	19692850	19892850	harbor1	chr16	19778136	19778393	LTR/ERVL	1402	+	128	19778264	85414
chr16	19692850	19892850	harbor1	chr16	19778687	19778804	LTR/ERVL	1402	+	58	19778745	85895
chr16	30436882	30636882	harbor1	chr16	30489530	30489664	LTR/ERVL	1987	+	67	30489597	52715
chr16	30436882	30636882	harbor1	chr16	30490248	30490678	LTR/ERVL	1987	+	215	30490463	53581
chr16	46472164	46672164	harbor1	chr16	46546216	46546776	LTR/ERVL	2386	+	280	46546496	74332
chr16	35739148	35939148	harbor1	chr16	35818014	35819013	LTR/ERVL	1517	+	500	35818514	79366
chr16	72406897	72606897	harbor1	chr16	72417450	72417920	LTR/ERVL	1276	+	235	72417685	10788
chr16	80213897	80413897	harbor1	chr16	80290618	80291045	LTR/ERVL	2664	+	214	80290832	76935
chr16	77628976	77828976	harbor1	chr16	77641864	77642135	LTR/ERVL	583	+	136	77642000	13024
chr16	77628976	77828976	harbor1	chr16	77671822	77671896	LTR/ERVL	578	+	37	77671859	42883
chr16	77628976	77828976	harbor1	chr16	77671952	77672443	LTR/ERVL	1593	+	246	77672198	43222
chr16	77628976	77828976	harbor1	chr16	77685654	77686151	LTR/ERVL	1280	+	248	77685902	56926
chr16	28643972	28843972	harbor1	chr16	28688395	28688869	LTR/ERVL	865	+	237	28688632	44660
chr16	28643972	28843972	harbor1	chr16	28689209	28689341	LTR/ERVL	865	+	66	28689275	45303
chr16	28643972	28843972	harbor1	chr16	28695315	28695707	LTR/ERVL	1875	+	196	28695511	51539
chr16	28643972	28843972	harbor1	chr16	28696001	28696083	LTR/ERVL	1875	+	41	28696042	52070
chr16	28643972	28843972	harbor1	chr16	28696385	28696541	LTR/ERVL	1875	+	78	28696463	52491
chr16	61363094	61563094	harbor1	chr16	61409124	61409539	LTR/ERVL	985	+	208	61409332	46238
chr16	61363094	61563094	harbor1	chr16	61409714	61410123	LTR/ERVL	1073	+	204	61409918	46824
chr16	61363094	61563094	harbor1	chr16	61410163	61410362	LTR/ERVL	428	+	100	61410263	47169
chr16	61363094	61563094	harbor1	chr16	61410396	61410731	LTR/ERVL	1050	+	168	61410564	47470
chr16	66749036	66949036	harbor1	chr16	66795274	66795549	LTR/ERVL	1253	+	138	66795412	46376
chr16	82651258	82851258	harbor1	chr16	82681627	82682046	LTR/ERVL	902	+	210	82681837	30579
chr16	82651258	82851258	harbor1	chr16	82691503	82691635	LTR/ERVL	438	+	66	82691569	40311
chr16	82651258	82851258	harbor1	chr16	82703275	82703596	LTR/ERVL	810	+	160	82703435	52177
chr16	7029483	7229483	harbor1	chr16	7069540	7069929	LTR/ERVL	786	+	194	7069734	40251
chr16	3963550	4163550	harbor1	chr16	3970927	3971423	LTR/ERVL	2446	+	248	3971175	7625
chr16	64346121	64546121	harbor1	chr16	64415552	64415751	LTR/ERVL	730	+	100	64415652	69531
chr16	64346121	64546121	harbor1	chr16	64415939	64416014	LTR/ERVL	730	+	38	64415977	69856
chr16	64346121	64546121	harbor1	chr16	64422682	64422876	LTR/ERVL	1257	+	97	64422779	76658
chr16	64346121	64546121	harbor1	chr16	64423379	64423487	LTR/ERVL	1257	+	54	64423433	77312
chr16	64346121	64546121	harbor1	chr16	64423538	64423573	LTR/ERVL	1257	+	18	64423556	77435
chr16	64346121	64546121	harbor1	chr16	64423877	64423948	LTR/ERVL	1257	+	36	64423913	77792
chr16	64346121	64546121	harbor1	chr16	64442849	64443048	LTR/ERVL	1206	+	100	64442949	96828
chr16	64346121	64546121	harbor1	chr16	64443457	64443804	LTR/ERVL	1206	+	174	64443631	97510
chr16	33301098	33501098	harbor1	chr16	33300838	33301158	LTR/ERVL	1407	+	160	33300998	100
chr16	33301098	33501098	harbor1	chr16	33328350	33328572	LTR/ERVL	702	+	111	33328461	27363
chr16	33301098	33501098	harbor1	chr16	33328601	33328748	LTR/ERVL	561	+	74	33328675	27577
chr16	33301098	33501098	harbor1	chr16	33356636	33356934	LTR/ERVL	1049	+	149	33356785	55687
chr16	33301098	33501098	harbor1	chr16	33357373	33357693	LTR/ERVL	1407	+	160	33357533	56435
chr16	33301098	33501098	harbor1	chr16	33384889	33385111	LTR/ERVL	702	+	111	33385000	83902
chr16	33301098	33501098	harbor1	chr16	33385140	33385287	LTR/ERVL	561	+	74	33385214	84116
chr16	65842735	66042735	harbor1	chr16	65853433	65853761	LTR/ERVL	1289	+	164	65853597	10862
chr16	65842735	66042735	harbor1	chr16	65853777	65854157	LTR/ERVL	2220	+	190	65853967	11232
chr16	65842735	66042735	harbor1	chr16	65871778	65872164	LTR/ERVL	1007	+	193	65871971	29236
chr16	65842735	66042735	harbor1	chr16	65902529	65903055	LTR/ERVL	1487	+	263	65902792	60057
chr16	65842735	66042735	harbor1	chr16	65903335	65903391	LTR/ERVL	1295	+	28	65903363	60628
chr16	5660407	5860407	harbor1	chr16	5683354	5683744	LTR/ERVL	2632	+	195	5683549	23142
chr16	55791274	55991274	harbor1	chr16	55797503	55797646	LTR/ERVL	597	+	72	55797575	6301
chr16	55791274	55991274	harbor1	chr16	55809907	55810373	LTR/ERVL	1682	+	233	55810140	18866
chr16	55791274	55991274	harbor1	chr16	55831932	55832407	LTR/ERVL	1266	+	238	55832170	40896
chr16	55791274	55991274	harbor1	chr16	55839994	55840471	LTR/ERVL	2336	+	238	55840232	48958
chr16	55791274	55991274	harbor1	chr16	55840818	55840897	LTR/ERVL	2336	+	40	55840858	49584
chr16	55791274	55991274	harbor1	chr16	55853847	55854259	LTR/ERVL	1117	+	206	55854053	62779
chr16	55791274	55991274	harbor1	chr16	55880125	55880358	LTR/ERVL	634	+	116	55880241	88967
chr16	55791274	55991274	harbor1	chr16	55880734	55882257	LTR/ERVL	1142	+	762	55881496	90222
chr16	55791274	55991274	harbor1	chr16	55885897	55887445	LTR/ERVL	2014	+	774	55886671	95397
chr16	55791274	55991274	harbor1	chr16	55888160	55888656	LTR/ERVL	1863	+	248	55888408	97134
chr16	9610192	9810192	harbor1	chr16	9616185	9616438	LTR/ERVL	1363	+	126	9616311	6119
chr16	9610192	9810192	harbor1	chr16	9616567	9616794	LTR/ERVL	1363	+	114	9616681	6489
chr16	9610192	9810192	harbor1	chr16	9658619	9658893	LTR/ERVL	1590	+	137	9658756	48564
chr16	56913112	57113112	harbor1	chr16	56947521	56947700	LTR/ERVL	806	+	90	56947611	34499
chr16	56913112	57113112	harbor1	chr16	56947779	56948082	LTR/ERVL	2321	+	152	56947931	34819
chr16	56913112	57113112	harbor1	chr16	56948398	56948777	LTR/ERVL	2321	+	190	56948588	35476
chr16	56913112	57113112	harbor1	chr16	56948814	56948840	LTR/ERVL	2321	+	13	56948827	35715
chr16	56913112	57113112	harbor1	chr16	56948855	56948947	LTR/ERVL	1312	+	46	56948901	35789
chr16	56913112	57113112	harbor1	chr16	56949242	56949502	LTR/ERVL	1312	+	130	56949372	36260
chr16	56913112	57113112	harbor1	chr16	56949508	56949566	LTR/ERVL	1003	+	29	56949537	36425
chr16	56913112	57113112	harbor1	chr16	56949880	56950172	LTR/ERVL	1003	+	146	56950026	36914
chr16	82195950	82395950	harbor1	chr16	82203169	82203548	LTR/ERVL	945	+	190	82203359	7409
chr16	82195950	82395950	harbor1	chr16	82250081	82250601	LTR/ERVL	1657	+	260	82250341	54391
chr16	82195950	82395950	harbor1	chr16	82289821	82290206	LTR/ERVL	1248	+	192	82290013	94063
chr16	82195950	82395950	harbor1	chr16	82291026	82291603	LTR/ERVL	2237	+	288	82291314	95364
chr16	830178	1030178	harbor1	chr16	906244	906669	LTR/ERVL	2499	+	212	906456	76278
chr16	60501510	60701510	harbor1	chr16	60530500	60531030	LTR/ERVL	2483	+	265	60530765	29255
chr16	60501510	60701510	harbor1	chr16	60567419	60567962	LTR/ERVL	2562	+	272	60567691	66181
chr16	64664388	64864388	harbor1	chr16	64664841	64665179	LTR/ERVL	1384	+	169	64665010	622
chr16	64664388	64864388	harbor1	chr16	64760731	64761069	LTR/ERVL	929	+	169	64760900	96512
chr16	64664388	64864388	harbor1	chr16	64667507	64667674	LTR/ERVL	450	+	84	64667591	3203
chr16	53073087	53273087	harbor1	chr16	53079448	53080213	LTR/ERVL	2754	+	382	53079830	6743
chr16	17878368	18078368	harbor1	chr16	17885882	17886427	LTR/ERVL	2247	+	272	17886154	7786
chr16	17878368	18078368	harbor1	chr16	17950616	17950775	LTR/ERVL	497	+	80	17950696	72328
chr16	17878368	18078368	harbor1	chr16	17951338	17951369	LTR/ERVL	497	+	16	17951354	72986
chr16	17878368	18078368	harbor1	chr16	17951394	17951593	LTR/ERVL	722	+	100	17951494	73126
chr16	60532826	60732826	harbor1	chr16	60567419	60567962	LTR/ERVL	2562	+	272	60567691	34865
chr16	60532826	60732826	harbor1	chr16	60617114	60617345	LTR/ERVL	742	+	116	60617230	84404
chr16	84270862	84470862	harbor1	chr16	84274631	84274754	LTR/ERVL	426	+	62	84274693	3831
chr16	84270862	84470862	harbor1	chr16	84275205	84275464	LTR/ERVL	696	+	130	84275335	4473
chr16	84270862	84470862	harbor1	chr16	84300152	84300504	LTR/ERVL	982	+	176	84300328	29466
chr16	84270862	84470862	harbor1	chr16	84301301	84301312	LTR/ERVL	982	+	6	84301307	30445
chr16	84270862	84470862	harbor1	chr16	84351167	84351412	LTR/ERVL	729	+	122	84351289	80427
chr16	84270862	84470862	harbor1	chr16	84279090	84279592	LTR/ERVL	1387	+	251	84279341	8479
chr16	63465982	63665982	harbor1	chr16	63500001	63500306	LTR/ERVL	695	+	152	63500153	34171
chr16	19150381	19350381	harbor1	chr16	19165190	19165499	LTR/ERVL	1474	+	154	19165344	14963
chr16	19150381	19350381	harbor1	chr16	19165514	19165779	LTR/ERVL	1499	+	132	19165646	15265
chr16	64668348	64868348	harbor1	chr16	64760731	64761069	LTR/ERVL	929	+	169	64760900	92552
chr16	13545688	13745688	harbor1	chr16	13581835	13582264	LTR/ERVL	1075	+	214	13582049	36361
chr16	13545688	13745688	harbor1	chr16	13591184	13591496	LTR/ERVL	2339	+	156	13591340	45652
chr16	13545688	13745688	harbor1	chr16	13591804	13591945	LTR/ERVL	2339	+	70	13591874	46186
chr16	13545688	13745688	harbor1	chr16	13592256	13592592	LTR/ERVL	2339	+	168	13592424	46736
chr16	27884862	28084862	harbor1	chr16	27889642	27889862	LTR/ERVL	582	+	110	27889752	4890
chr16	27884862	28084862	harbor1	chr16	27915937	27916307	LTR/ERVL	739	+	185	27916122	31260
chr16	27884862	28084862	harbor1	chr16	27916618	27916715	LTR/ERVL	739	+	48	27916666	31804
chr16	27884862	28084862	harbor1	chr16	27959019	27959170	LTR/ERVL	740	+	76	27959095	74233
chr16	27884862	28084862	harbor1	chr16	27984292	27984461	LTR/ERVL	703	+	84	27984376	99514
chr16	27884862	28084862	harbor1	chr16	27983844	27984289	LTR/ERVL	2374	+	222	27984066	99204
chr16	79909712	80109712	harbor1	chr16	79917977	79918185	LTR/ERVL	443	+	104	79918081	8369
chr16	79909712	80109712	harbor1	chr16	79918209	79918551	LTR/ERVL	522	+	171	79918380	8668
chr16	79909712	80109712	harbor1	chr16	79944019	79944256	LTR/ERVL	520	+	118	79944137	34425
chr17	16615146	16815146	harbor1	chr17	16650540	16650924	LTR/ERVL	647	+	192	16650732	35586
chr17	54213243	54413243	harbor1	chr17	54257692	54257861	LTR/ERVL	850	+	84	54257776	44533
chr17	54213243	54413243	harbor1	chr17	54262841	54263256	LTR/ERVL	1168	+	208	54263049	49806
chr17	54213243	54413243	harbor1	chr17	54269974	54270395	LTR/ERVL	1245	+	210	54270184	56941
chr17	53704825	53904825	harbor1	chr17	53796470	53796776	LTR/ERVL	867	+	153	53796623	91798
chr17	53704825	53904825	harbor1	chr17	53799083	53799650	LTR/ERVL	1945	+	284	53799367	94542
chr17	7881354	8081354	harbor1	chr17	7943563	7943970	LTR/ERVL	577	+	204	7943767	62413
chr17	7881354	8081354	harbor1	chr17	7967955	7968079	LTR/ERVL	660	+	62	7968017	86663
chr17	28001894	28201894	harbor1	chr17	28029176	28029618	LTR/ERVL	1916	+	221	28029397	27503
chr17	60270176	60470176	harbor1	chr17	60290591	60290857	LTR/ERVL	1029	+	133	60290724	20548
chr17	1	195457	harbor1	chr17	73652	74157	LTR/ERVL	3622	+	252	73904	73903
chr17	1	195457	harbor1	chr17	74465	74534	LTR/ERVL	3622	+	34	74499	74498
chr17	1	195457	harbor1	chr17	74838	75138	LTR/ERVL	3622	+	150	74988	74987
chr17	1	195457	harbor1	chr17	85441	85699	LTR/ERVL	3578	+	129	85570	85569
chr17	1	195457	harbor1	chr17	85994	86303	LTR/ERVL	3578	+	154	86148	86147
chr17	1	195457	harbor1	chr17	86610	86909	LTR/ERVL	3578	+	150	86760	86759
chr17	18529767	18729767	harbor1	chr17	18614833	18615413	LTR/ERVL	2674	+	290	18615123	85356
chr17	50923982	51123982	harbor1	chr17	50973586	50973999	LTR/ERVL	2404	+	206	50973792	49810
chr17	22427487	22627487	harbor1	chr17	22440238	22440445	LTR/ERVL	1205	+	104	22440342	12855
chr17	22427487	22627487	harbor1	chr17	22465253	22466036	LTR/ERVL	4365	+	392	22465645	38158
chr17	51323513	51523513	harbor1	chr17	51325354	51325741	LTR/ERVL	1966	+	194	51325548	2035
chr17	51323513	51523513	harbor1	chr17	51326030	51326201	LTR/ERVL	1358	+	86	51326116	2603
chr17	51323513	51523513	harbor1	chr17	51337075	51337624	LTR/ERVL	2405	+	274	51337349	13836
chr17	51323513	51523513	harbor1	chr17	51359813	51360069	LTR/ERVL	788	+	128	51359941	36428
chr17	51323513	51523513	harbor1	chr17	51360181	51360343	LTR/ERVL	854	+	81	51360262	36749
chr17	51323513	51523513	harbor1	chr17	51360648	51360678	LTR/ERVL	854	+	15	51360663	37150
chr17	39948885	40148885	harbor1	chr17	39955516	39955622	LTR/ERVL	1685	+	53	39955569	6684
chr17	39948885	40148885	harbor1	chr17	39955998	39956232	LTR/ERVL	1685	+	117	39956115	7230
chr17	39948885	40148885	harbor1	chr17	39956586	39956663	LTR/ERVL	1685	+	38	39956624	7739
chr17	71872766	72072766	harbor1	chr17	71928011	71928406	LTR/ERVL	2912	+	198	71928209	55443
chr17	71872766	72072766	harbor1	chr17	71942539	71942960	LTR/ERVL	1284	+	210	71942749	69983
chr17	71872766	72072766	harbor1	chr17	71942963	71943880	LTR/ERVL	2207	+	458	71943421	70655
chr17	71872766	72072766	harbor1	chr17	71946274	71947286	LTR/ERVL	2951	+	506	71946780	74014
chr17	71872766	72072766	harbor1	chr17	71947679	71947916	LTR/ERVL	2951	+	118	71947797	75031
chr17	71872766	72072766	harbor1	chr17	71948101	71948345	LTR/ERVL	1842	+	122	71948223	75457
chr17	71872766	72072766	harbor1	chr17	71948657	71948965	LTR/ERVL	1842	+	154	71948811	76045
chr17	71872766	72072766	harbor1	chr17	71951662	71951997	LTR/ERVL	1187	+	168	71951830	79064
chr17	22311968	22511968	harbor1	chr17	22324026	22324112	LTR/ERVL	4186	+	43	22324069	12101
chr17	22311968	22511968	harbor1	chr17	22324444	22325173	LTR/ERVL	4186	+	364	22324808	12840
chr17	22311968	22511968	harbor1	chr17	22342696	22343215	LTR/ERVL	1959	+	260	22342956	30988
chr17	22311968	22511968	harbor1	chr17	22362669	22363126	LTR/ERVL	1496	+	228	22362897	50929
chr17	22311968	22511968	harbor1	chr17	22314504	22315027	LTR/ERVL	2618	+	262	22314766	2798
chr17	22311968	22511968	harbor1	chr17	22347476	22347937	LTR/ERVL	584	+	230	22347706	35738
chr17	15828419	16028419	harbor1	chr17	15871419	15871927	LTR/ERVL	2371	+	254	15871673	43254
chr17	20994147	21194147	harbor1	chr17	21074052	21074487	LTR/ERVL	2744	+	218	21074270	80123
chr17	20994147	21194147	harbor1	chr17	21076072	21076725	LTR/ERVL	2475	+	326	21076398	82251
chr17	20994147	21194147	harbor1	chr17	21089977	21090484	LTR/ERVL	855	+	254	21090231	96084
chr17	35080978	35280978	harbor1	chr17	35161607	35162354	LTR/ERVL	3253	+	374	35161981	81003
chr17	35080978	35280978	harbor1	chr17	35167218	35167348	LTR/ERVL	1028	+	65	35167283	86305
chr17	35080978	35280978	harbor1	chr17	35167640	35167838	LTR/ERVL	1028	+	99	35167739	86761
chr17	51818734	52018734	harbor1	chr17	51826599	51826867	LTR/ERVL	736	+	134	51826733	7999
chr17	51818734	52018734	harbor1	chr17	51861011	51861336	LTR/ERVL	792	+	162	51861173	42439
chr17	51818734	52018734	harbor1	chr17	51873413	51873900	LTR/ERVL	928	+	244	51873657	54923
chr17	51818734	52018734	harbor1	chr17	51879885	51880305	LTR/ERVL	1279	+	210	51880095	61361
chr17	51818734	52018734	harbor1	chr17	51880602	51880656	LTR/ERVL	862	+	27	51880629	61895
chr17	51818734	52018734	harbor1	chr17	51886588	51887155	LTR/ERVL	2210	+	284	51886872	68138
chr17	51818734	52018734	harbor1	chr17	51907520	51907907	LTR/ERVL	1223	+	194	51907714	88980
chr17	51818734	52018734	harbor1	chr17	51917403	51917436	LTR/ERVL	612	+	16	51917419	98685
chr17	51818734	52018734	harbor1	chr17	51917851	51917998	LTR/ERVL	612	+	74	51917925	99191
chr17	79648872	79848872	harbor1	chr17	79650855	79651270	LTR/ERVL	727	+	208	79651063	2191
chr17	79648872	79848872	harbor1	chr17	79688521	79688653	LTR/ERVL	833	+	66	79688587	39715
chr17	79648872	79848872	harbor1	chr17	79688966	79689100	LTR/ERVL	833	+	67	79689033	40161
chr17	79648872	79848872	harbor1	chr17	79675037	79675453	LTR/ERVL	732	+	208	79675245	26373
chr17	35430322	35630322	harbor1	chr17	35453456	35453896	LTR/ERVL	3168	+	220	35453676	23354
chr17	35430322	35630322	harbor1	chr17	35453897	35454958	LTR/ERVL	8647	+	530	35454427	24105
chr17	35430322	35630322	harbor1	chr17	35456497	35456728	LTR/ERVL	1731	+	116	35456613	26291
chr17	35430322	35630322	harbor1	chr17	35456726	35456843	LTR/ERVL	757	+	58	35456784	26462
chr17	35430322	35630322	harbor1	chr17	35463369	35463761	LTR/ERVL	2271	+	196	35463565	33243
chr17	35430322	35630322	harbor1	chr17	35464720	35464860	LTR/ERVL	7321	+	70	35464790	34468
chr17	35430322	35630322	harbor1	chr17	35465180	35465983	LTR/ERVL	7321	+	402	35465582	35260
chr17	35430322	35630322	harbor1	chr17	35466433	35467668	LTR/ERVL	7321	+	618	35467051	36729
chr17	35430322	35630322	harbor1	chr17	35467658	35467809	LTR/ERVL	663	+	76	35467734	37412
chr17	35430322	35630322	harbor1	chr17	35467831	35467897	LTR/ERVL	763	+	33	35467864	37542
chr17	35430322	35630322	harbor1	chr17	35468211	35468321	LTR/ERVL	763	+	55	35468266	37944
chr17	35430322	35630322	harbor1	chr17	35468418	35468737	LTR/ERVL	1882	+	160	35468578	38256
chr17	35430322	35630322	harbor1	chr17	35469034	35469278	LTR/ERVL	1882	+	122	35469156	38834
chr17	35430322	35630322	harbor1	chr17	35469360	35469589	LTR/ERVL	724	+	114	35469474	39152
chr17	35430322	35630322	harbor1	chr17	35469756	35470123	LTR/ERVL	1129	+	184	35469940	39618
chr17	35430322	35630322	harbor1	chr17	35454962	35456496	LTR/ERVL	12490	+	767	35455729	25407
chr17	82924913	83124913	harbor1	chr17	83018661	83019256	LTR/ERVL	2290	+	298	83018959	94046
chr17	65239108	65439108	harbor1	chr17	65258255	65258681	LTR/ERVL	503	+	213	65258468	19360
chr17	65239108	65439108	harbor1	chr17	65288916	65289419	LTR/ERVL	1330	+	252	65289168	50060
chr17	18335767	18535767	harbor1	chr17	18371797	18371949	LTR/ERVL	591	+	76	18371873	36106
chr17	18335767	18535767	harbor1	chr17	18372251	18372315	LTR/ERVL	591	+	32	18372283	36516
chr17	41609907	41809907	harbor1	chr17	41676301	41676796	LTR/ERVL	2041	+	248	41676549	66642
chr17	41609907	41809907	harbor1	chr17	41677447	41677640	LTR/ERVL	2041	+	96	41677543	67636
chr17	76601103	76801103	harbor1	chr17	76690872	76691732	LTR/ERVL	2986	+	430	76691302	90199
chr17	22247596	22447596	harbor1	chr17	22324026	22324112	LTR/ERVL	4186	+	43	22324069	76473
chr17	22247596	22447596	harbor1	chr17	22324444	22325173	LTR/ERVL	4186	+	364	22324808	77212
chr17	22247596	22447596	harbor1	chr17	22342696	22343215	LTR/ERVL	1959	+	260	22342956	95360
chr17	22247596	22447596	harbor1	chr17	22314504	22315027	LTR/ERVL	2618	+	262	22314766	67170
chr17	37824940	38024940	harbor1	chr17	37898710	37898844	LTR/ERVL	569	+	67	37898777	73837
chr17	21309297	21509297	harbor1	chr17	21322342	21322581	LTR/ERVL	748	+	120	21322462	13165
chr17	21309297	21509297	harbor1	chr17	21349053	21349382	LTR/ERVL	682	+	164	21349217	39920
chr17	21309297	21509297	harbor1	chr17	21398514	21398717	LTR/ERVL	674	+	102	21398616	89319
chr17	82920787	83120787	harbor1	chr17	83018661	83019256	LTR/ERVL	2290	+	298	83018959	98172
chr17	22159431	22359431	harbor1	chr17	22171560	22172035	LTR/ERVL	2093	+	238	22171798	12367
chr17	22159431	22359431	harbor1	chr17	22207003	22207394	LTR/ERVL	956	+	196	22207199	47768
chr17	15867466	16067466	harbor1	chr17	15871419	15871927	LTR/ERVL	2371	+	254	15871673	4207
chr17	51648157	51848157	harbor1	chr17	51659007	51659511	LTR/ERVL	2874	+	252	51659259	11102
chr17	51648157	51848157	harbor1	chr17	51702578	51703019	LTR/ERVL	539	+	220	51702798	54641
chr17	51648157	51848157	harbor1	chr17	51708551	51709096	LTR/ERVL	1958	+	272	51708823	60666
chr17	51648157	51848157	harbor1	chr17	51717020	51717374	LTR/ERVL	1125	+	177	51717197	69040
chr17	51648157	51848157	harbor1	chr17	51718304	51718908	LTR/ERVL	2888	+	302	51718606	70449
chr17	51648157	51848157	harbor1	chr17	51720370	51720517	LTR/ERVL	1595	+	74	51720444	72287
chr17	51648157	51848157	harbor1	chr17	51721635	51722170	LTR/ERVL	1595	+	268	51721903	73746
chr17	288031	488031	harbor1	chr17	297083	297661	LTR/ERVL	1861	+	289	297372	9341
chr17	50144722	50344722	harbor1	chr17	50216391	50216813	LTR/ERVL	1139	+	211	50216602	71880
chr17	50144722	50344722	harbor1	chr17	50228365	50228523	LTR/ERVL	1186	+	79	50228444	83722
chr17	18990903	19190903	harbor1	chr17	19073470	19073617	LTR/ERVL	536	+	74	19073544	82641
chr17	18990903	19190903	harbor1	chr17	19073910	19073934	LTR/ERVL	536	+	12	19073922	83019
chr17	18990903	19190903	harbor1	chr17	19090668	19091092	LTR/ERVL	519	+	212	19090880	99977
chr17	36605441	36805441	harbor1	chr17	36611501	36611989	LTR/ERVL	2656	+	244	36611745	6304
chr17	28390360	28590360	harbor1	chr17	28449555	28450065	LTR/ERVL	1364	+	255	28449810	59450
chr17	28390360	28590360	harbor1	chr17	28454449	28454655	LTR/ERVL	758	+	103	28454552	64192
chr17	9545139	9745139	harbor1	chr17	9588079	9588619	LTR/ERVL	2536	+	270	9588349	43210
chr17	6028992	6228992	harbor1	chr17	6044838	6045402	LTR/ERVL	1848	+	282	6045120	16128
chr17	6028992	6228992	harbor1	chr17	6053116	6053579	LTR/ERVL	727	+	232	6053348	24356
chr17	63994936	64194936	harbor1	chr17	64016300	64016817	LTR/ERVL	1741	+	258	64016558	21622
chr17	63994936	64194936	harbor1	chr17	64036800	64037136	LTR/ERVL	1091	+	168	64036968	42032
chr17	63994936	64194936	harbor1	chr17	64059481	64059662	LTR/ERVL	549	+	90	64059571	64635
chr17	33455197	33655197	harbor1	chr17	33487551	33488083	LTR/ERVL	2343	+	266	33487817	32620
chr17	33455197	33655197	harbor1	chr17	33525183	33525755	LTR/ERVL	1698	+	286	33525469	70272
chr17	56704203	56904203	harbor1	chr17	56802125	56802602	LTR/ERVL	654	+	238	56802363	98160
chr17	13672687	13872687	harbor1	chr17	13735586	13736053	LTR/ERVL	724	+	234	13735820	63133
chr17	78483526	78683526	harbor1	chr17	78531871	78532394	LTR/ERVL	2425	+	262	78532133	48607
chr17	78483526	78683526	harbor1	chr17	78533643	78533688	LTR/ERVL	965	+	22	78533665	50139
chr17	78483526	78683526	harbor1	chr17	78533986	78534231	LTR/ERVL	965	+	122	78534108	50582
chr17	78483526	78683526	harbor1	chr17	78555655	78556131	LTR/ERVL	1734	+	238	78555893	72367
chr17	78483526	78683526	harbor1	chr17	78582226	78582675	LTR/ERVL	1544	+	224	78582450	98924
chr17	50448896	50648896	harbor1	chr17	50505818	50505911	LTR/ERVL	506	+	46	50505864	56968
chr17	50448896	50648896	harbor1	chr17	50505904	50506106	LTR/ERVL	728	+	101	50506005	57109
chr17	22067008	22267008	harbor1	chr17	22093597	22094099	LTR/ERVL	1158	+	251	22093848	26840
chr17	22067008	22267008	harbor1	chr17	22148450	22148643	LTR/ERVL	642	+	96	22148546	81538
chr17	22067008	22267008	harbor1	chr17	22148649	22148844	LTR/ERVL	758	+	98	22148747	81739
chr17	63920891	64120891	harbor1	chr17	64016300	64016817	LTR/ERVL	1741	+	258	64016558	95667
chr17	31519438	31719438	harbor1	chr17	31585298	31585631	LTR/ERVL	869	+	166	31585464	66026
chr17	77654730	77854730	harbor1	chr17	77673227	77673773	LTR/ERVL	2222	+	273	77673500	18770
chr17	77654730	77854730	harbor1	chr17	77694583	77694881	LTR/ERVL	642	+	149	77694732	40002
chr17	77654730	77854730	harbor1	chr17	77739259	77739546	LTR/ERVL	1196	+	144	77739403	84673
chr17	77654730	77854730	harbor1	chr17	77740448	77740802	LTR/ERVL	823	+	177	77740625	85895
chr17	77334167	77534167	harbor1	chr17	77343044	77343877	LTR/ERVL	3566	+	416	77343460	9293
chr17	39862049	40062049	harbor1	chr17	39955516	39955622	LTR/ERVL	1685	+	53	39955569	93520
chr17	39862049	40062049	harbor1	chr17	39955998	39956232	LTR/ERVL	1685	+	117	39956115	94066
chr17	39862049	40062049	harbor1	chr17	39956586	39956663	LTR/ERVL	1685	+	38	39956624	94575
chr17	51897855	52097855	harbor1	chr17	51907520	51907907	LTR/ERVL	1223	+	194	51907714	9859
chr17	51897855	52097855	harbor1	chr17	51917403	51917436	LTR/ERVL	612	+	16	51917419	19564
chr17	51897855	52097855	harbor1	chr17	51917851	51917998	LTR/ERVL	612	+	74	51917925	20070
chr17	51897855	52097855	harbor1	chr17	51948173	51948801	LTR/ERVL	545	+	314	51948487	50632
chr17	51897855	52097855	harbor1	chr17	51950285	51950781	LTR/ERVL	1419	+	248	51950533	52678
chr17	51897855	52097855	harbor1	chr17	51960843	51961157	LTR/ERVL	829	+	157	51961000	63145
chr17	51897855	52097855	harbor1	chr17	51978887	51979213	LTR/ERVL	1170	+	163	51979050	81195
chr17	15386660	15586660	harbor1	chr17	15436803	15437491	LTR/ERVL	1641	+	344	15437147	50487
chr17	15386660	15586660	harbor1	chr17	15472447	15473247	LTR/ERVL	4316	+	400	15472847	86187
chr17	15386660	15586660	harbor1	chr17	15477453	15477491	LTR/ERVL	1536	+	19	15477472	90812
chr17	15386660	15586660	harbor1	chr17	15477820	15477978	LTR/ERVL	1536	+	79	15477899	91239
chr17	15386660	15586660	harbor1	chr17	15478285	15478295	LTR/ERVL	1536	+	5	15478290	91630
chr17	15386660	15586660	harbor1	chr17	15478428	15478533	LTR/ERVL	1536	+	52	15478480	91820
chr17	15386660	15586660	harbor1	chr17	15478765	15478878	LTR/ERVL	1536	+	56	15478821	92161
chr17	5232216	5432216	harbor1	chr17	5243248	5243466	LTR/ERVL	3743	+	109	5243357	11141
chr17	5232216	5432216	harbor1	chr17	5243774	5243843	LTR/ERVL	3743	+	34	5243808	11592
chr17	5232216	5432216	harbor1	chr17	5244146	5244600	LTR/ERVL	3743	+	227	5244373	12157
chr17	5232216	5432216	harbor1	chr17	5317641	5318364	LTR/ERVL	3756	+	362	5318003	85787
chr17	14988060	15188060	harbor1	chr17	15010237	15010702	LTR/ERVL	1923	+	232	15010469	22409
chr17	14988060	15188060	harbor1	chr17	15013283	15013824	LTR/ERVL	2093	+	270	15013553	25493
chr17	14988060	15188060	harbor1	chr17	15017693	15017888	LTR/ERVL	556	+	98	15017791	29731
chr17	14988060	15188060	harbor1	chr17	15017905	15018057	LTR/ERVL	585	+	76	15017981	29921
chr17	14988060	15188060	harbor1	chr17	15029203	15029609	LTR/ERVL	724	+	203	15029406	41346
chr17	71323177	71523177	harbor1	chr17	71341967	71342130	LTR/ERVL	2279	+	82	71342049	18872
chr17	71323177	71523177	harbor1	chr17	71342433	71343486	LTR/ERVL	2279	+	526	71342959	19782
chr17	60064482	60264482	harbor1	chr17	60094054	60094145	LTR/ERVL	2743	+	46	60094100	29618
chr17	60064482	60264482	harbor1	chr17	60094447	60094792	LTR/ERVL	2743	+	172	60094619	30137
chr17	72370762	72570762	harbor1	chr17	72406418	72406435	LTR/ERVL	1139	+	8	72406426	35664
chr17	72370762	72570762	harbor1	chr17	72406483	72406686	LTR/ERVL	1139	+	102	72406585	35823
chr17	72370762	72570762	harbor1	chr17	72406692	72407203	LTR/ERVL	2722	+	256	72406948	36186
chr17	72370762	72570762	harbor1	chr17	72408725	72409048	LTR/ERVL	1190	+	162	72408887	38125
chr17	60001909	60201909	harbor1	chr17	60094054	60094145	LTR/ERVL	2743	+	46	60094100	92191
chr17	60001909	60201909	harbor1	chr17	60094447	60094792	LTR/ERVL	2743	+	172	60094619	92710
chr17	8260718	8460718	harbor1	chr17	8278124	8278454	LTR/ERVL	1235	+	165	8278289	17571
chr17	8260718	8460718	harbor1	chr17	8278749	8278805	LTR/ERVL	1235	+	28	8278777	18059
chr17	70508440	70708440	harbor1	chr17	70582835	70583120	LTR/ERVL	507	+	142	70582977	74537
chr17	31109216	31309216	harbor1	chr17	31183587	31184014	LTR/ERVL	3383	+	214	31183801	74585
chr17	31109216	31309216	harbor1	chr17	31184019	31184367	LTR/ERVL	7705	+	174	31184193	74977
chr17	31109216	31309216	harbor1	chr17	31184678	31185333	LTR/ERVL	7705	+	328	31185006	75790
chr17	31109216	31309216	harbor1	chr17	31185329	31187197	LTR/ERVL	23111	+	934	31186263	77047
chr17	31109216	31309216	harbor1	chr17	31187495	31188574	LTR/ERVL	23111	+	540	31188035	78819
chr17	31109216	31309216	harbor1	chr17	31188575	31189019	LTR/ERVL	3471	+	222	31188797	79581
chr17	41509090	41709090	harbor1	chr17	41508415	41509183	LTR/ERVL	2735	+	384	41508799	291
chr17	41509090	41709090	harbor1	chr17	41547226	41547536	LTR/ERVL	643	+	155	41547381	38291
chr17	41509090	41709090	harbor1	chr17	41560565	41560769	LTR/ERVL	561	+	102	41560667	51577
chr17	41509090	41709090	harbor1	chr17	41560770	41560886	LTR/ERVL	501	+	58	41560828	51738
chr17	41509090	41709090	harbor1	chr17	41560938	41560995	LTR/ERVL	647	+	28	41560966	51876
chr17	41509090	41709090	harbor1	chr17	41561307	41561541	LTR/ERVL	647	+	117	41561424	52334
chr17	74907816	75107816	harbor1	chr17	74985176	74985679	LTR/ERVL	1368	+	252	74985428	77612
chr17	68469331	68669331	harbor1	chr17	68507882	68508181	LTR/ERVL	1819	+	150	68508032	38701
chr17	53894330	54094330	harbor1	chr17	53896360	53896798	LTR/ERVL	812	+	219	53896579	2249
chr17	56314698	56514698	harbor1	chr17	56412353	56412894	LTR/ERVL	2051	+	270	56412623	97925
chr17	17337177	17537177	harbor1	chr17	17393141	17393392	LTR/ERVL	565	+	126	17393267	56090
chr17	17337177	17537177	harbor1	chr17	17396891	17397002	LTR/ERVL	568	+	56	17396947	59770
chr17	17337177	17537177	harbor1	chr17	17417877	17418549	LTR/ERVL	3383	+	336	17418213	81036
chr17	6438927	6638927	harbor1	chr17	6481901	6481985	LTR/ERVL	3065	+	42	6481943	43016
chr17	6438927	6638927	harbor1	chr17	6482088	6482840	LTR/ERVL	3065	+	376	6482464	43537
chr17	6438927	6638927	harbor1	chr17	6484686	6485151	LTR/ERVL	1874	+	232	6484918	45991
chr17	6438927	6638927	harbor1	chr17	6485458	6485521	LTR/ERVL	1874	+	32	6485490	46563
chr17	6438927	6638927	harbor1	chr17	6501267	6501629	LTR/ERVL	1429	+	181	6501448	62521
chr17	6438927	6638927	harbor1	chr17	6512719	6512938	LTR/ERVL	875	+	110	6512829	73902
chr17	28778673	28978673	harbor1	chr17	28804112	28804337	LTR/ERVL	1039	+	112	28804224	25551
chr17	6491932	6691932	harbor1	chr17	6501267	6501629	LTR/ERVL	1429	+	181	6501448	9516
chr17	6491932	6691932	harbor1	chr17	6512719	6512938	LTR/ERVL	875	+	110	6512829	20897
chr17	37827468	38027468	harbor1	chr17	37898710	37898844	LTR/ERVL	569	+	67	37898777	71309
chr17	62665157	62865157	harbor1	chr17	62717435	62717862	LTR/ERVL	1080	+	214	62717649	52492
chr17	41266533	41466533	harbor1	chr17	41300872	41300983	LTR/ERVL	532	+	56	41300928	34395
chr17	41266533	41466533	harbor1	chr17	41329186	41329604	LTR/ERVL	941	+	209	41329395	62862
chr17	55134541	55334541	harbor1	chr17	55176609	55177198	LTR/ERVL	2345	+	294	55176903	42362
chr17	74981108	75181108	harbor1	chr17	74985176	74985679	LTR/ERVL	1368	+	252	74985428	4320
chr17	79585079	79785079	harbor1	chr17	79650855	79651270	LTR/ERVL	727	+	208	79651063	65984
chr17	79585079	79785079	harbor1	chr17	79675037	79675453	LTR/ERVL	732	+	208	79675245	90166
chr17	15442413	15642413	harbor1	chr17	15472447	15473247	LTR/ERVL	4316	+	400	15472847	30434
chr17	15442413	15642413	harbor1	chr17	15477453	15477491	LTR/ERVL	1536	+	19	15477472	35059
chr17	15442413	15642413	harbor1	chr17	15477820	15477978	LTR/ERVL	1536	+	79	15477899	35486
chr17	15442413	15642413	harbor1	chr17	15478285	15478295	LTR/ERVL	1536	+	5	15478290	35877
chr17	15442413	15642413	harbor1	chr17	15478428	15478533	LTR/ERVL	1536	+	52	15478480	36067
chr17	15442413	15642413	harbor1	chr17	15478765	15478878	LTR/ERVL	1536	+	56	15478821	36408
chr17	15442413	15642413	harbor1	chr17	15514908	15515392	LTR/ERVL	970	+	242	15515150	72737
chr17	15442413	15642413	harbor1	chr17	15525318	15525664	LTR/ERVL	1847	+	173	15525491	83078
chr17	35240530	35440530	harbor1	chr17	35281690	35281982	LTR/ERVL	660	+	146	35281836	41306
chr17	35240530	35440530	harbor1	chr17	35282148	35282312	LTR/ERVL	660	+	82	35282230	41700
chr17	35240530	35440530	harbor1	chr17	35282457	35283295	LTR/ERVL	2328	+	419	35282876	42346
chr17	35240530	35440530	harbor1	chr17	35283557	35284162	LTR/ERVL	2328	+	302	35283859	43329
chr17	35240530	35440530	harbor1	chr17	35284381	35284875	LTR/ERVL	940	+	247	35284628	44098
chr17	35240530	35440530	harbor1	chr17	35285697	35286006	LTR/ERVL	831	+	154	35285851	45321
chr17	35240530	35440530	harbor1	chr17	35337408	35337597	LTR/ERVL	500	+	94	35337502	96972
chr17	70923628	71123628	harbor1	chr17	70964684	70964833	LTR/ERVL	869	+	74	70964758	41130
chr17	70923628	71123628	harbor1	chr17	70965553	70966006	LTR/ERVL	2486	+	226	70965779	42151
chr17	70923628	71123628	harbor1	chr17	70995224	70995782	LTR/ERVL	2577	+	279	70995503	71875
chr17	70923628	71123628	harbor1	chr17	71000184	71000608	LTR/ERVL	766	+	212	71000396	76768
chr17	61689302	61889302	harbor1	chr17	61699620	61700160	LTR/ERVL	2102	+	270	61699890	10588
chr17	61689302	61889302	harbor1	chr17	61764026	61764513	LTR/ERVL	2358	+	244	61764270	74968
chr17	68842126	69042126	harbor1	chr17	68869957	68870432	LTR/ERVL	2848	+	238	68870195	28069
chr17	19155229	19355229	harbor1	chr17	19199526	19199673	LTR/ERVL	536	+	74	19199600	44371
chr17	19155229	19355229	harbor1	chr17	19199966	19199990	LTR/ERVL	536	+	12	19199978	44749
chr17	19155229	19355229	harbor1	chr17	19216837	19217261	LTR/ERVL	519	+	212	19217049	61820
chr17	40838357	41038357	harbor1	chr17	40840241	40840502	LTR/ERVL	566	+	130	40840371	2014
chr17	40838357	41038357	harbor1	chr17	40840794	40840873	LTR/ERVL	566	+	40	40840834	2477
chr17	41546946	41746946	harbor1	chr17	41547226	41547536	LTR/ERVL	643	+	155	41547381	435
chr17	41546946	41746946	harbor1	chr17	41560565	41560769	LTR/ERVL	561	+	102	41560667	13721
chr17	41546946	41746946	harbor1	chr17	41560770	41560886	LTR/ERVL	501	+	58	41560828	13882
chr17	41546946	41746946	harbor1	chr17	41560938	41560995	LTR/ERVL	647	+	28	41560966	14020
chr17	41546946	41746946	harbor1	chr17	41561307	41561541	LTR/ERVL	647	+	117	41561424	14478
chr17	39271552	39471552	harbor1	chr17	39297301	39297410	LTR/ERVL	529	+	54	39297355	25803
chr17	39271552	39471552	harbor1	chr17	39297488	39297503	LTR/ERVL	529	+	8	39297496	25944
chr17	39271552	39471552	harbor1	chr17	39297503	39297675	LTR/ERVL	485	+	86	39297589	26037
chr17	39271552	39471552	harbor1	chr17	39332244	39332370	LTR/ERVL	773	+	63	39332307	60755
chr17	39271552	39471552	harbor1	chr17	39332361	39332536	LTR/ERVL	1450	+	88	39332449	60897
chr17	39271552	39471552	harbor1	chr17	39332840	39332950	LTR/ERVL	1450	+	55	39332895	61343
chr17	39271552	39471552	harbor1	chr17	39360475	39360836	LTR/ERVL	930	+	180	39360655	89103
chr17	36094304	36294304	harbor1	chr17	36111494	36111743	LTR/ERVL	1697	+	124	36111618	17314
chr17	36094304	36294304	harbor1	chr17	36111741	36111839	LTR/ERVL	544	+	49	36111790	17486
chr17	36094304	36294304	harbor1	chr17	36111840	36113213	LTR/ERVL	6974	+	686	36112526	18222
chr17	36094304	36294304	harbor1	chr17	36113212	36115348	LTR/ERVL	17706	+	1068	36114280	19976
chr17	36094304	36294304	harbor1	chr17	36115346	36115864	LTR/ERVL	3915	+	259	36115605	21301
chr17	36094304	36294304	harbor1	chr17	36115865	36116246	LTR/ERVL	3004	+	190	36116055	21751
chr17	36094304	36294304	harbor1	chr17	36116305	36116344	LTR/ERVL	3004	+	20	36116325	22021
chr17	36094304	36294304	harbor1	chr17	36131698	36131922	LTR/ERVL	585	+	112	36131810	37506
chr17	36094304	36294304	harbor1	chr17	36131939	36132358	LTR/ERVL	920	+	210	36132149	37845
chr17	36094304	36294304	harbor1	chr17	36132408	36132906	LTR/ERVL	1057	+	249	36132657	38353
chr17	36094304	36294304	harbor1	chr17	36143471	36143929	LTR/ERVL	566	+	229	36143700	49396
chr17	36094304	36294304	harbor1	chr17	36144057	36144653	LTR/ERVL	1718	+	298	36144355	50051
chr17	36094304	36294304	harbor1	chr17	36145132	36145702	LTR/ERVL	2787	+	285	36145417	51113
chr17	36094304	36294304	harbor1	chr17	36143059	36143416	LTR/ERVL	931	+	178	36143237	48933
chr17	70747224	70947224	harbor1	chr17	70782682	70782987	LTR/ERVL	718	+	152	70782834	35610
chr17	70747224	70947224	harbor1	chr17	70783431	70783511	LTR/ERVL	718	+	40	70783471	36247
chr17	70747224	70947224	harbor1	chr17	70791991	70792346	LTR/ERVL	2118	+	178	70792169	44945
chr17	70747224	70947224	harbor1	chr17	70792634	70792707	LTR/ERVL	2118	+	36	70792670	45446
chr17	70747224	70947224	harbor1	chr17	70838919	70839479	LTR/ERVL	1915	+	280	70839199	91975
chr17	70747224	70947224	harbor1	chr17	70843117	70843570	LTR/ERVL	563	+	226	70843343	96119
chr17	76113394	76313394	harbor1	chr17	76196622	76197057	LTR/ERVL	1041	+	218	76196840	83446
chr17	76113394	76313394	harbor1	chr17	76197772	76198244	LTR/ERVL	592	+	236	76198008	84614
chr17	76113394	76313394	harbor1	chr17	76213212	76213288	LTR/ERVL	4401	+	38	76213250	99856
chr17	69260842	69460842	harbor1	chr17	69268469	69268963	LTR/ERVL	1083	+	247	69268716	7874
chr17	69260842	69460842	harbor1	chr17	69286903	69287454	LTR/ERVL	3334	+	276	69287179	26337
chr17	69260842	69460842	harbor1	chr17	69293433	69293833	LTR/ERVL	1475	+	200	69293633	32791
chr17	69260842	69460842	harbor1	chr17	69293900	69293930	LTR/ERVL	1475	+	15	69293915	33073
chr17	69260842	69460842	harbor1	chr17	69338529	69339003	LTR/ERVL	1660	+	237	69338766	77924
chr17	64548935	64748935	harbor1	chr17	64572655	64572814	LTR/ERVL	693	+	80	64572735	23800
chr17	64548935	64748935	harbor1	chr17	64643396	64643539	LTR/ERVL	551	+	72	64643468	94533
chr17	64548935	64748935	harbor1	chr17	64643550	64643751	LTR/ERVL	677	+	100	64643650	94715
chr17	56374425	56574425	harbor1	chr17	56412353	56412894	LTR/ERVL	2051	+	270	56412623	38198
chr17	32560258	32760258	harbor1	chr17	32648298	32648728	LTR/ERVL	1716	+	215	32648513	88255
chr17	57085617	57285617	harbor1	chr17	57147046	57147217	LTR/ERVL	1243	+	86	57147132	61515
chr17	57085617	57285617	harbor1	chr17	57147515	57147597	LTR/ERVL	1243	+	41	57147556	61939
chr17	57085617	57285617	harbor1	chr17	57147599	57147750	LTR/ERVL	2568	+	76	57147675	62058
chr17	57085617	57285617	harbor1	chr17	57148038	57148396	LTR/ERVL	2568	+	179	57148217	62600
chr17	31089625	31289625	harbor1	chr17	31183587	31184014	LTR/ERVL	3383	+	214	31183801	94176
chr17	31089625	31289625	harbor1	chr17	31184019	31184367	LTR/ERVL	7705	+	174	31184193	94568
chr17	31089625	31289625	harbor1	chr17	31184678	31185333	LTR/ERVL	7705	+	328	31185006	95381
chr17	31089625	31289625	harbor1	chr17	31185329	31187197	LTR/ERVL	23111	+	934	31186263	96638
chr17	31089625	31289625	harbor1	chr17	31187495	31188574	LTR/ERVL	23111	+	540	31188035	98410
chr17	31089625	31289625	harbor1	chr17	31188575	31189019	LTR/ERVL	3471	+	222	31188797	99172
chr17	48814031	49014031	harbor1	chr17	48883156	48883375	LTR/ERVL	733	+	110	48883266	69235
chr17	29912854	30112854	harbor1	chr17	30000874	30001274	LTR/ERVL	1384	+	200	30001074	88220
chr17	59347672	59547672	harbor1	chr17	59428067	59428495	LTR/ERVL	670	+	214	59428281	80609
chr17	64615714	64815714	harbor1	chr17	64643396	64643539	LTR/ERVL	551	+	72	64643468	27754
chr17	64615714	64815714	harbor1	chr17	64643550	64643751	LTR/ERVL	677	+	100	64643650	27936
chr17	34714794	34914794	harbor1	chr17	34772056	34772406	LTR/ERVL	778	+	175	34772231	57437
chr17	34714794	34914794	harbor1	chr17	34772907	34772947	LTR/ERVL	778	+	20	34772927	58133
chr17	62556837	62756837	harbor1	chr17	62599552	62599792	LTR/ERVL	932	+	120	62599672	42835
chr17	4311366	4511366	harbor1	chr17	4404018	4404193	LTR/ERVL	649	+	88	4404106	92740
chr17	7556832	7756832	harbor1	chr17	7568039	7568315	LTR/ERVL	2661	+	138	7568177	11345
chr17	7556832	7756832	harbor1	chr17	7568605	7569103	LTR/ERVL	2661	+	249	7568854	12022
chr17	12561571	12761571	harbor1	chr17	12578064	12578554	LTR/ERVL	1892	+	245	12578309	16738
chr17	12561571	12761571	harbor1	chr17	12633307	12633525	LTR/ERVL	747	+	109	12633416	71845
chr17	16410744	16610744	harbor1	chr17	16457304	16457487	LTR/ERVL	634	+	92	16457396	46652
chr17	16410744	16610744	harbor1	chr17	16493674	16494346	LTR/ERVL	4189	+	336	16494010	83266
chr17	64833728	65033728	harbor1	chr17	64850128	64850286	LTR/ERVL	1925	+	79	64850207	16479
chr17	64833728	65033728	harbor1	chr17	64850622	64851239	LTR/ERVL	1925	+	308	64850930	17202
chr17	51463380	51663380	harbor1	chr17	51467673	51468155	LTR/ERVL	2628	+	241	51467914	4534
chr17	51463380	51663380	harbor1	chr17	51526607	51527049	LTR/ERVL	1702	+	221	51526828	63448
chr17	51463380	51663380	harbor1	chr17	51527409	51527638	LTR/ERVL	637	+	114	51527523	64143
chr17	83003262	83203262	harbor1	chr17	83018661	83019256	LTR/ERVL	2290	+	298	83018959	15697
chr17	83003262	83203262	harbor1	chr17	83062385	83062815	LTR/ERVL	808	+	215	83062600	59338
chr17	40673173	40873173	harbor1	chr17	40709575	40709797	LTR/ERVL	2693	+	111	40709686	36513
chr17	40673173	40873173	harbor1	chr17	40710262	40710552	LTR/ERVL	2693	+	145	40710407	37234
chr17	40673173	40873173	harbor1	chr17	40710972	40711114	LTR/ERVL	2693	+	71	40711043	37870
chr17	40673173	40873173	harbor1	chr17	40734135	40734728	LTR/ERVL	3545	+	296	40734431	61258
chr17	40673173	40873173	harbor1	chr17	40738345	40738888	LTR/ERVL	1724	+	272	40738617	65444
chr17	40673173	40873173	harbor1	chr17	40740693	40741477	LTR/ERVL	3226	+	392	40741085	67912
chr17	47565416	47765416	harbor1	chr17	47623767	47624096	LTR/ERVL	901	+	164	47623931	58515
chr17	47565416	47765416	harbor1	chr17	47624708	47624840	LTR/ERVL	901	+	66	47624774	59358
chr17	68677269	68877269	harbor1	chr17	68733099	68733547	LTR/ERVL	1288	+	224	68733323	56054
chr17	34883363	35083363	harbor1	chr17	34898948	34899504	LTR/ERVL	2823	+	278	34899226	15863
chr17	40734398	40934398	harbor1	chr17	40734135	40734728	LTR/ERVL	3545	+	296	40734431	33
chr17	40734398	40934398	harbor1	chr17	40738345	40738888	LTR/ERVL	1724	+	272	40738617	4219
chr17	40734398	40934398	harbor1	chr17	40740693	40741477	LTR/ERVL	3226	+	392	40741085	6687
chr17	6251440	6451440	harbor1	chr17	6253861	6254224	LTR/ERVL	912	+	182	6254043	2603
chr17	6251440	6451440	harbor1	chr17	6297425	6297860	LTR/ERVL	1782	+	218	6297643	46203
chr17	6251440	6451440	harbor1	chr17	6306837	6307391	LTR/ERVL	2291	+	277	6307114	55674
chr17	6251440	6451440	harbor1	chr17	6338614	6339095	LTR/ERVL	1965	+	240	6338854	87414
chr17	13117122	13317122	harbor1	chr17	13191358	13191598	LTR/ERVL	1863	+	120	13191478	74356
chr17	13117122	13317122	harbor1	chr17	13192051	13192384	LTR/ERVL	1863	+	166	13192217	75095
chr17	13117122	13317122	harbor1	chr17	13192735	13192819	LTR/ERVL	1863	+	42	13192777	75655
chr17	9659677	9859677	harbor1	chr17	9711076	9711227	LTR/ERVL	491	+	76	9711152	51475
chr18	47071952	47271952	harbor1	chr18	47138673	47139176	LTR/ERVL	3282	+	252	47138925	66973
chr18	47071952	47271952	harbor1	chr18	47139493	47139877	LTR/ERVL	3282	+	192	47139685	67733
chr18	12920129	13120129	harbor1	chr18	12926251	12926542	LTR/ERVL	472	+	146	12926397	6268
chr18	12920129	13120129	harbor1	chr18	12933412	12933821	LTR/ERVL	1134	+	204	12933616	13487
chr18	12920129	13120129	harbor1	chr18	12933982	12934081	LTR/ERVL	1134	+	50	12934032	13903
chr18	12920129	13120129	harbor1	chr18	12942422	12942439	LTR/ERVL	2480	+	8	12942430	22301
chr18	12920129	13120129	harbor1	chr18	12942750	12943221	LTR/ERVL	2480	+	236	12942986	22857
chr18	29311900	29511900	harbor1	chr18	29316122	29316549	LTR/ERVL	2019	+	214	29316336	4436
chr18	29311900	29511900	harbor1	chr18	29327728	29328044	LTR/ERVL	816	+	158	29327886	15986
chr18	29311900	29511900	harbor1	chr18	29351508	29351844	LTR/ERVL	525	+	168	29351676	39776
chr18	29311900	29511900	harbor1	chr18	29363556	29363825	LTR/ERVL	711	+	134	29363690	51790
chr18	29311900	29511900	harbor1	chr18	29389003	29389891	LTR/ERVL	4242	+	444	29389447	77547
chr18	26390349	26590349	harbor1	chr18	26422383	26422541	LTR/ERVL	443	+	79	26422462	32113
chr18	66800942	67000942	harbor1	chr18	66856821	66857019	LTR/ERVL	1083	+	99	66856920	55978
chr18	66800942	67000942	harbor1	chr18	66895862	66896008	LTR/ERVL	425	+	73	66895935	94993
chr18	68229855	68429855	harbor1	chr18	68232298	68232468	LTR/ERVL	468	+	85	68232383	2528
chr18	68229855	68429855	harbor1	chr18	68242590	68243048	LTR/ERVL	1677	+	229	68242819	12964
chr18	68229855	68429855	harbor1	chr18	68243119	68243163	LTR/ERVL	1677	+	22	68243141	13286
chr18	68229855	68429855	harbor1	chr18	68275958	68276199	LTR/ERVL	969	+	120	68276078	46223
chr18	68229855	68429855	harbor1	chr18	68276200	68276518	LTR/ERVL	1386	+	159	68276359	46504
chr18	68229855	68429855	harbor1	chr18	68276817	68277032	LTR/ERVL	1386	+	108	68276925	47070
chr18	33053002	33253002	harbor1	chr18	33116812	33117528	LTR/ERVL	3811	+	358	33117170	64168
chr18	33053002	33253002	harbor1	chr18	33117735	33117788	LTR/ERVL	3811	+	26	33117761	64759
chr18	33053002	33253002	harbor1	chr18	33118025	33118491	LTR/ERVL	1930	+	233	33118258	65256
chr18	33053002	33253002	harbor1	chr18	33120198	33121027	LTR/ERVL	2904	+	414	33120612	67610
chr18	33053002	33253002	harbor1	chr18	33121028	33121232	LTR/ERVL	653	+	102	33121130	68128
chr18	11266757	11466757	harbor1	chr18	11273733	11273976	LTR/ERVL	1251	+	122	11273855	7098
chr18	11266757	11466757	harbor1	chr18	11274190	11274632	LTR/ERVL	1376	+	221	11274411	7654
chr18	11266757	11466757	harbor1	chr18	11336280	11336507	LTR/ERVL	680	+	114	11336394	69637
chr18	11266757	11466757	harbor1	chr18	11336621	11337212	LTR/ERVL	961	+	296	11336917	70160
chr18	11266757	11466757	harbor1	chr18	11337214	11337468	LTR/ERVL	627	+	127	11337341	70584
chr18	74230086	74430086	harbor1	chr18	74325798	74325924	LTR/ERVL	690	+	63	74325861	95775
chr18	74230086	74430086	harbor1	chr18	74326115	74326222	LTR/ERVL	690	+	54	74326169	96083
chr18	74230086	74430086	harbor1	chr18	74326281	74326401	LTR/ERVL	514	+	60	74326341	96255
chr18	74101275	74301275	harbor1	chr18	74113937	74114483	LTR/ERVL	2600	+	273	74114210	12935
chr18	74101275	74301275	harbor1	chr18	74135241	74135401	LTR/ERVL	550	+	80	74135321	34046
chr18	65962324	66162324	harbor1	chr18	65991234	65991542	LTR/ERVL	727	+	154	65991388	29064
chr18	65962324	66162324	harbor1	chr18	66020792	66021167	LTR/ERVL	2666	+	188	66020980	58656
chr18	49439935	49639935	harbor1	chr18	49538422	49538899	LTR/ERVL	1336	+	238	49538660	98725
chr18	49439935	49639935	harbor1	chr18	49539200	49539319	LTR/ERVL	1336	+	60	49539260	99325
chr18	38819398	39019398	harbor1	chr18	38841790	38842086	LTR/ERVL	446	+	148	38841938	22540
chr18	38819398	39019398	harbor1	chr18	38855717	38856500	LTR/ERVL	3510	+	392	38856109	36711
chr18	32445372	32645372	harbor1	chr18	32493565	32494078	LTR/ERVL	736	+	256	32493821	48449
chr18	32445372	32645372	harbor1	chr18	32502625	32503182	LTR/ERVL	1207	+	278	32502903	57531
chr18	32445372	32645372	harbor1	chr18	32503526	32503633	LTR/ERVL	1207	+	54	32503580	58208
chr18	32445372	32645372	harbor1	chr18	32503750	32504105	LTR/ERVL	1112	+	178	32503928	58556
chr18	32445372	32645372	harbor1	chr18	32507884	32508188	LTR/ERVL	546	+	152	32508036	62664
chr18	32445372	32645372	harbor1	chr18	32508651	32509106	LTR/ERVL	974	+	228	32508879	63507
chr18	32445372	32645372	harbor1	chr18	32511072	32511354	LTR/ERVL	638	+	141	32511213	65841
chr18	27839434	28039434	harbor1	chr18	27904504	27904743	LTR/ERVL	1385	+	120	27904624	65190
chr18	5545803	5745803	harbor1	chr18	5574570	5574930	LTR/ERVL	1702	+	180	5574750	28947
chr18	5545803	5745803	harbor1	chr18	5585646	5586166	LTR/ERVL	778	+	260	5585906	40103
chr18	5545803	5745803	harbor1	chr18	5592492	5592988	LTR/ERVL	878	+	248	5592740	46937
chr18	5545803	5745803	harbor1	chr18	5604885	5605237	LTR/ERVL	1429	+	176	5605061	59258
chr18	56292364	56492364	harbor1	chr18	56303577	56304045	LTR/ERVL	1007	+	234	56303811	11447
chr18	56292364	56492364	harbor1	chr18	56313853	56314232	LTR/ERVL	1608	+	190	56314043	21679
chr18	56292364	56492364	harbor1	chr18	56315931	56316335	LTR/ERVL	2060	+	202	56316133	23769
chr18	56292364	56492364	harbor1	chr18	56345422	56345565	LTR/ERVL	733	+	72	56345494	53130
chr18	8952490	9152490	harbor1	chr18	8997681	8997986	LTR/ERVL	706	+	152	8997833	45343
chr18	8952490	9152490	harbor1	chr18	9026028	9026192	LTR/ERVL	560	+	82	9026110	73620
chr18	8952490	9152490	harbor1	chr18	9031195	9031797	LTR/ERVL	3225	+	301	9031496	79006
chr18	39197398	39397398	harbor1	chr18	39274573	39274732	LTR/ERVL	771	+	80	39274653	77255
chr18	8917045	9117045	harbor1	chr18	8997681	8997986	LTR/ERVL	706	+	152	8997833	80788
chr18	67660391	67860391	harbor1	chr18	67686041	67686260	LTR/ERVL	529	+	110	67686151	25760
chr18	26296030	26496030	harbor1	chr18	26369428	26369702	LTR/ERVL	645	+	137	26369565	73535
chr18	26296030	26496030	harbor1	chr18	26369862	26371032	LTR/ERVL	4189	+	585	26370447	74417
chr18	26296030	26496030	harbor1	chr18	26371381	26372688	LTR/ERVL	6057	+	654	26372035	76005
chr18	26296030	26496030	harbor1	chr18	26372976	26373198	LTR/ERVL	6057	+	111	26373087	77057
chr18	75331863	75531863	harbor1	chr18	75403613	75403779	LTR/ERVL	677	+	83	75403696	71833
chr18	42729127	42929127	harbor1	chr18	42758888	42759132	LTR/ERVL	1255	+	122	42759010	29883
chr18	42729127	42929127	harbor1	chr18	42772515	42772827	LTR/ERVL	1482	+	156	42772671	43544
chr18	42729127	42929127	harbor1	chr18	42820386	42820716	LTR/ERVL	688	+	165	42820551	91424
chr18	45955407	46155407	harbor1	chr18	45977352	45977796	LTR/ERVL	2022	+	222	45977574	22167
chr18	45955407	46155407	harbor1	chr18	45978097	45978644	LTR/ERVL	2022	+	274	45978371	22964
chr18	45955407	46155407	harbor1	chr18	45979964	45980213	LTR/ERVL	1434	+	124	45980088	24681
chr18	45955407	46155407	harbor1	chr18	45980807	45981308	LTR/ERVL	1434	+	250	45981057	25650
chr18	45955407	46155407	harbor1	chr18	45982046	45982129	LTR/ERVL	1434	+	42	45982088	26681
chr18	45955407	46155407	harbor1	chr18	45982238	45982497	LTR/ERVL	1699	+	130	45982368	26961
chr18	45955407	46155407	harbor1	chr18	45982795	45983004	LTR/ERVL	1699	+	104	45982899	27492
chr18	45955407	46155407	harbor1	chr18	46038450	46038755	LTR/ERVL	822	+	152	46038602	83195
chr18	45955407	46155407	harbor1	chr18	46038986	46039168	LTR/ERVL	746	+	91	46039077	83670
chr18	43090120	43290120	harbor1	chr18	43171260	43171591	LTR/ERVL	1606	+	166	43171426	81306
chr18	70185300	70385300	harbor1	chr18	70207270	70207555	LTR/ERVL	663	+	142	70207412	22112
chr18	70185300	70385300	harbor1	chr18	70269587	70270021	LTR/ERVL	2862	+	217	70269804	84504
chr18	62706206	62906206	harbor1	chr18	62766315	62766663	LTR/ERVL	974	+	174	62766489	60283
chr19	13229049	13429049	harbor1	chr19	13247865	13248184	LTR/ERVL	1314	+	160	13248025	18976
chr19	13229049	13429049	harbor1	chr19	13306546	13306965	LTR/ERVL	2062	+	210	13306756	77707
chr19	13229049	13429049	harbor1	chr19	13307534	13307661	LTR/ERVL	2062	+	64	13307598	78549
chr19	36192082	36392082	harbor1	chr19	36254492	36254928	LTR/ERVL	1786	+	218	36254710	62628
chr19	37357847	37557847	harbor1	chr19	37429549	37429813	LTR/ERVL	865	+	132	37429681	71834
chr19	18939928	19139928	harbor1	chr19	18976719	18976788	LTR/ERVL	914	+	34	18976753	36825
chr19	18939928	19139928	harbor1	chr19	18977090	18977265	LTR/ERVL	914	+	88	18977178	37250
chr19	12073512	12273512	harbor1	chr19	12118286	12118447	LTR/ERVL	836	+	80	12118366	44854
chr19	12073512	12273512	harbor1	chr19	12136953	12137023	LTR/ERVL	2240	+	35	12136988	63476
chr19	12073512	12273512	harbor1	chr19	12137330	12137812	LTR/ERVL	2240	+	241	12137571	64059
chr19	12073512	12273512	harbor1	chr19	12168629	12168681	LTR/ERVL	770	+	26	12168655	95143
chr19	12073512	12273512	harbor1	chr19	12168960	12169283	LTR/ERVL	770	+	162	12169122	95610
chr19	12073512	12273512	harbor1	chr19	12124154	12124475	LTR/ERVL	712	+	160	12124314	50802
chr19	53762314	53962314	harbor1	chr19	53816093	53816507	LTR/ERVL	1106	+	207	53816300	53986
chr19	48650862	48850862	harbor1	chr19	48712221	48712408	LTR/ERVL	783	+	94	48712315	61453
chr19	48650862	48850862	harbor1	chr19	48712732	48712807	LTR/ERVL	783	+	38	48712770	61908
chr19	48650862	48850862	harbor1	chr19	48709558	48709855	LTR/ERVL	798	+	148	48709706	58844
chr19	4655641	4855641	harbor1	chr19	4708034	4708493	LTR/ERVL	2793	+	230	4708264	52623
chr19	20496146	20696146	harbor1	chr19	20566675	20567078	LTR/ERVL	3823	+	202	20566877	70731
chr19	20496146	20696146	harbor1	chr19	20567115	20567318	LTR/ERVL	3823	+	102	20567217	71071
chr19	20496146	20696146	harbor1	chr19	20567319	20568963	LTR/ERVL	12343	+	822	20568141	71995
chr19	20496146	20696146	harbor1	chr19	20569418	20569519	LTR/ERVL	844	+	50	20569468	73322
chr19	20496146	20696146	harbor1	chr19	20569520	20571106	LTR/ERVL	11284	+	793	20570313	74167
chr19	20496146	20696146	harbor1	chr19	20571107	20571306	LTR/ERVL	1564	+	100	20571207	75061
chr19	33576001	33776001	harbor1	chr19	33583275	33583607	LTR/ERVL	762	+	166	33583441	7440
chr19	33576001	33776001	harbor1	chr19	33640870	33641220	LTR/ERVL	718	+	175	33641045	65044
chr19	46550329	46750329	harbor1	chr19	46565026	46565587	LTR/ERVL	1469	+	280	46565306	14977
chr19	46550329	46750329	harbor1	chr19	46565985	46566277	LTR/ERVL	1308	+	146	46566131	15802
chr19	37488524	37688524	harbor1	chr19	37499247	37499721	LTR/ERVL	2497	+	237	37499484	10960
chr19	37488524	37688524	harbor1	chr19	37500031	37500264	LTR/ERVL	1596	+	116	37500147	11623
chr19	37488524	37688524	harbor1	chr19	37505998	37506297	LTR/ERVL	749	+	150	37506148	17624
chr19	29637375	29837375	harbor1	chr19	29692455	29692864	LTR/ERVL	2335	+	204	29692659	55284
chr19	48155679	48355679	harbor1	chr19	48158711	48159066	LTR/ERVL	687	+	178	48158889	3210
chr19	40784472	40984472	harbor1	chr19	40859617	40859694	LTR/ERVL	1402	+	38	40859655	75183
chr19	40784472	40984472	harbor1	chr19	40859992	40860344	LTR/ERVL	1402	+	176	40860168	75696
chr19	40784472	40984472	harbor1	chr19	40860648	40860822	LTR/ERVL	1402	+	87	40860735	76263
chr19	40784472	40984472	harbor1	chr19	40861135	40861431	LTR/ERVL	1402	+	148	40861283	76811
chr19	40784472	40984472	harbor1	chr19	40862110	40862160	LTR/ERVL	688	+	25	40862135	77663
chr19	40784472	40984472	harbor1	chr19	40861567	40861800	LTR/ERVL	688	+	116	40861683	77211
chr19	43346850	43546850	harbor1	chr19	43395660	43396151	LTR/ERVL	1423	+	246	43395906	49056
chr19	4083660	4283660	harbor1	chr19	4116052	4116244	LTR/ERVL	961	+	96	4116148	32488
chr19	9921042	10121042	harbor1	chr19	9939565	9939991	LTR/ERVL	915	+	213	9939778	18736
chr19	9921042	10121042	harbor1	chr19	9940633	9940742	LTR/ERVL	915	+	54	9940687	19645
chr19	9921042	10121042	harbor1	chr19	9942069	9942404	LTR/ERVL	881	+	168	9942237	21195
chr19	9921042	10121042	harbor1	chr19	9962989	9963205	LTR/ERVL	858	+	108	9963097	42055
chr19	57212762	57412762	harbor1	chr19	57223924	57223986	LTR/ERVL	795	+	31	57223955	11193
chr19	57212762	57412762	harbor1	chr19	57224292	57224482	LTR/ERVL	795	+	95	57224387	11625
chr19	57212762	57412762	harbor1	chr19	57227979	57228317	LTR/ERVL	844	+	169	57228148	15386
chr19	57212762	57412762	harbor1	chr19	57263384	57263629	LTR/ERVL	2034	+	122	57263506	50744
chr19	57212762	57412762	harbor1	chr19	57263919	57264158	LTR/ERVL	2034	+	120	57264039	51277
chr19	57212762	57412762	harbor1	chr19	57269565	57270136	LTR/ERVL	1364	+	286	57269851	57089
chr19	39734302	39934302	harbor1	chr19	39770440	39770606	LTR/ERVL	1138	+	83	39770523	36221
chr19	39734302	39934302	harbor1	chr19	39771716	39771985	LTR/ERVL	1138	+	134	39771850	37548
chr19	32818777	33018777	harbor1	chr19	32908693	32909188	LTR/ERVL	910	+	248	32908941	90164
chr19	32818777	33018777	harbor1	chr19	32912245	32912630	LTR/ERVL	1889	+	192	32912437	93660
chr19	43816361	44016361	harbor1	chr19	43895149	43895365	LTR/ERVL	1063	+	108	43895257	78896
chr19	46673627	46873627	harbor1	chr19	46709663	46709886	LTR/ERVL	699	+	112	46709775	36148
chr19	46673627	46873627	harbor1	chr19	46710488	46710599	LTR/ERVL	699	+	56	46710544	36917
chr19	21039299	21239299	harbor1	chr19	21091688	21092035	LTR/ERVL	999	+	174	21091862	52563
chr19	13329899	13529899	harbor1	chr19	13364500	13364625	LTR/ERVL	1026	+	62	13364562	34663
chr19	13329899	13529899	harbor1	chr19	13364940	13365137	LTR/ERVL	1026	+	98	13365038	35139
chr19	13329899	13529899	harbor1	chr19	13373428	13373717	LTR/ERVL	779	+	144	13373572	43673
chr19	13329899	13529899	harbor1	chr19	13422474	13423065	LTR/ERVL	3025	+	296	13422770	92871
chr19	13329899	13529899	harbor1	chr19	13369110	13369503	LTR/ERVL	726	+	196	13369306	39407
chr19	6593652	6793652	harbor1	chr19	6646127	6646153	LTR/ERVL	3594	+	13	6646140	52488
chr19	6593652	6793652	harbor1	chr19	6646775	6647423	LTR/ERVL	3594	+	324	6647099	53447
chr19	12105134	12305134	harbor1	chr19	12118286	12118447	LTR/ERVL	836	+	80	12118366	13232
chr19	12105134	12305134	harbor1	chr19	12136953	12137023	LTR/ERVL	2240	+	35	12136988	31854
chr19	12105134	12305134	harbor1	chr19	12137330	12137812	LTR/ERVL	2240	+	241	12137571	32437
chr19	12105134	12305134	harbor1	chr19	12168629	12168681	LTR/ERVL	770	+	26	12168655	63521
chr19	12105134	12305134	harbor1	chr19	12168960	12169283	LTR/ERVL	770	+	162	12169122	63988
chr19	12105134	12305134	harbor1	chr19	12173375	12173906	LTR/ERVL	1787	+	266	12173641	68507
chr19	12105134	12305134	harbor1	chr19	12174205	12174285	LTR/ERVL	1787	+	40	12174245	69111
chr19	12105134	12305134	harbor1	chr19	12201166	12201485	LTR/ERVL	1038	+	160	12201326	96192
chr19	12105134	12305134	harbor1	chr19	12202070	12202334	LTR/ERVL	825	+	132	12202202	97068
chr19	12105134	12305134	harbor1	chr19	12202450	12202848	LTR/ERVL	1184	+	199	12202649	97515
chr19	12105134	12305134	harbor1	chr19	12124154	12124475	LTR/ERVL	712	+	160	12124314	19180
chr19	53541112	53741112	harbor1	chr19	53622072	53622319	LTR/ERVL	648	+	124	53622196	81084
chr19	53541112	53741112	harbor1	chr19	53637024	53637408	LTR/ERVL	1459	+	192	53637216	96104
chr19	7625760	7825760	harbor1	chr19	7723189	7723747	LTR/ERVL	2072	+	279	7723468	97708
chr19	7625760	7825760	harbor1	chr19	7724504	7724546	LTR/ERVL	2072	+	21	7724525	98765
chr19	7625760	7825760	harbor1	chr19	7725269	7725513	LTR/ERVL	918	+	122	7725391	99631
chr19	20015524	20215524	harbor1	chr19	20065775	20065919	LTR/ERVL	4144	+	72	20065847	50323
chr19	20015524	20215524	harbor1	chr19	20066218	20066682	LTR/ERVL	4144	+	232	20066450	50926
chr19	20015524	20215524	harbor1	chr19	20066683	20068008	LTR/ERVL	10316	+	662	20067345	51821
chr19	20015524	20215524	harbor1	chr19	20068594	20068807	LTR/ERVL	3621	+	106	20068700	53176
chr19	20015524	20215524	harbor1	chr19	20069208	20069544	LTR/ERVL	3621	+	168	20069376	53852
chr19	20015524	20215524	harbor1	chr19	20080572	20080898	LTR/ERVL	959	+	163	20080735	65211
chr19	42524327	42724327	harbor1	chr19	42583689	42584080	LTR/ERVL	1474	+	196	42583885	59558
chr19	42524327	42724327	harbor1	chr19	42600030	42600435	LTR/ERVL	1107	+	202	42600232	75905
chr19	42524327	42724327	harbor1	chr19	42620673	42621053	LTR/ERVL	1286	+	190	42620863	96536
chr19	42524327	42724327	harbor1	chr19	42532852	42533373	LTR/ERVL	2184	+	260	42533112	8785
chr19	28378961	28578961	harbor1	chr19	28383788	28384195	LTR/ERVL	865	+	204	28383992	5031
chr19	28378961	28578961	harbor1	chr19	28385020	28385290	LTR/ERVL	895	+	135	28385155	6194
chr19	28378961	28578961	harbor1	chr19	28470426	28470785	LTR/ERVL	3342	+	180	28470606	91645
chr19	28378961	28578961	harbor1	chr19	28471080	28471583	LTR/ERVL	3342	+	252	28471332	92371
chr19	33461054	33661054	harbor1	chr19	33465473	33465704	LTR/ERVL	712	+	116	33465589	4535
chr19	39840966	40040966	harbor1	chr19	39865723	39866073	LTR/ERVL	1660	+	175	39865898	24932
chr19	56634216	56834216	harbor1	chr19	56685216	56685671	LTR/ERVL	1588	+	228	56685444	51228
chr19	4097554	4297554	harbor1	chr19	4116052	4116244	LTR/ERVL	961	+	96	4116148	18594
chr19	34785756	34985756	harbor1	chr19	34809500	34809610	LTR/ERVL	2203	+	55	34809555	23799
chr19	34785756	34985756	harbor1	chr19	34809992	34810345	LTR/ERVL	2203	+	176	34810168	24412
chr19	54651349	54851349	harbor1	chr19	54654579	54654843	LTR/ERVL	743	+	132	54654711	3362
chr19	109669	309669	harbor1	chr19	206165	206670	LTR/ERVL	3544	+	252	206417	96748
chr19	109669	309669	harbor1	chr19	206978	207047	LTR/ERVL	3544	+	34	207012	97343
chr19	109669	309669	harbor1	chr19	207351	207651	LTR/ERVL	3544	+	150	207501	97832
chr19	36954576	37154576	harbor1	chr19	36956192	36956540	LTR/ERVL	1287	+	174	36956366	1790
chr19	36954576	37154576	harbor1	chr19	36965433	36965703	LTR/ERVL	1037	+	135	36965568	10992
chr19	36954576	37154576	harbor1	chr19	36966534	36967281	LTR/ERVL	3036	+	374	36966908	12332
chr19	36954576	37154576	harbor1	chr19	36967591	36967634	LTR/ERVL	3036	+	22	36967613	13037
chr19	36954576	37154576	harbor1	chr19	37017045	37017345	LTR/ERVL	1187	+	150	37017195	62619
chr19	36954576	37154576	harbor1	chr19	37028248	37028715	LTR/ERVL	799	+	234	37028482	73906
chr19	36954576	37154576	harbor1	chr19	37037368	37037717	LTR/ERVL	759	+	174	37037542	82966
chr19	23303874	23503874	harbor1	chr19	23343496	23343852	LTR/ERVL	1448	+	178	23343674	39800
chr19	43209017	43409017	harbor1	chr19	43215915	43216277	LTR/ERVL	931	+	181	43216096	7079
chr19	43209017	43409017	harbor1	chr19	43271718	43272109	LTR/ERVL	946	+	196	43271914	62897
chr19	43209017	43409017	harbor1	chr19	43279560	43279920	LTR/ERVL	834	+	180	43279740	70723
chr19	43209017	43409017	harbor1	chr19	43306673	43307056	LTR/ERVL	1033	+	192	43306865	97848
chr19	43209017	43409017	harbor1	chr19	43253733	43254015	LTR/ERVL	782	+	141	43253874	44857
chr19	28249187	28449187	harbor1	chr19	28303786	28304111	LTR/ERVL	664	+	162	28303948	54761
chr19	28249187	28449187	harbor1	chr19	28333491	28333647	LTR/ERVL	651	+	78	28333569	84382
chr19	47807980	48007980	harbor1	chr19	47899039	47899086	LTR/ERVL	1715	+	24	47899063	91083
chr19	47807980	48007980	harbor1	chr19	47899367	47899681	LTR/ERVL	1715	+	157	47899524	91544
chr19	47807980	48007980	harbor1	chr19	47899978	47900035	LTR/ERVL	1367	+	28	47900006	92026
chr19	36683880	36883880	harbor1	chr19	36764273	36764544	LTR/ERVL	1587	+	136	36764409	80529
chr19	27779782	27979782	harbor1	chr19	27831008	27831450	LTR/ERVL	933	+	221	27831229	51447
chr19	33240282	33440282	harbor1	chr19	33336984	33337254	LTR/ERVL	686	+	135	33337119	96837
chr19	10967719	11167719	harbor1	chr19	10970164	10970426	LTR/ERVL	1363	+	131	10970295	2576
chr19	10967719	11167719	harbor1	chr19	10970704	10970867	LTR/ERVL	1363	+	82	10970786	3067
chr19	58290198	58490198	harbor1	chr19	58365703	58366062	LTR/ERVL	884	+	180	58365883	75685
chr19	7896920	8096920	harbor1	chr19	7978163	7978878	LTR/ERVL	1129	+	358	7978521	81601
chr19	12219877	12419877	harbor1	chr19	12276407	12276660	LTR/ERVL	1149	+	126	12276533	56656
chr19	12219877	12419877	harbor1	chr19	12277092	12277255	LTR/ERVL	1149	+	82	12277174	57297
chr19	12219877	12419877	harbor1	chr19	12282313	12282362	LTR/ERVL	854	+	24	12282337	62460
chr19	12219877	12419877	harbor1	chr19	12283158	12283287	LTR/ERVL	854	+	64	12283222	63345
chr19	49208529	49408529	harbor1	chr19	49213892	49214147	LTR/ERVL	841	+	128	49214020	5491
chr19	49208529	49408529	harbor1	chr19	49215081	49215361	LTR/ERVL	774	+	140	49215221	6692
chr19	49208529	49408529	harbor1	chr19	49216089	49216546	LTR/ERVL	1311	+	228	49216317	7788
chr19	49208529	49408529	harbor1	chr19	49216855	49216986	LTR/ERVL	1311	+	66	49216921	8392
chr19	49208529	49408529	harbor1	chr19	49217295	49217370	LTR/ERVL	1311	+	38	49217333	8804
chr19	49208529	49408529	harbor1	chr19	49222180	49222342	LTR/ERVL	832	+	81	49222261	13732
chr19	49208529	49408529	harbor1	chr19	49225538	49225763	LTR/ERVL	912	+	112	49225650	17121
chr19	49208529	49408529	harbor1	chr19	49226069	49226252	LTR/ERVL	912	+	92	49226161	17632
chr19	49208529	49408529	harbor1	chr19	49226267	49226414	LTR/ERVL	1265	+	74	49226341	17812
chr19	49208529	49408529	harbor1	chr19	49226705	49226826	LTR/ERVL	1265	+	60	49226765	18236
chr19	49208529	49408529	harbor1	chr19	49227054	49227228	LTR/ERVL	1265	+	87	49227141	18612
chr19	49208529	49408529	harbor1	chr19	49229025	49229172	LTR/ERVL	1027	+	74	49229099	20570
chr19	49208529	49408529	harbor1	chr19	49229461	49229573	LTR/ERVL	1027	+	56	49229517	20988
chr19	49208529	49408529	harbor1	chr19	49229579	49229968	LTR/ERVL	1350	+	194	49229773	21244
chr19	49208529	49408529	harbor1	chr19	49236353	49236665	LTR/ERVL	1526	+	156	49236509	27980
chr19	49208529	49408529	harbor1	chr19	49278812	49278876	LTR/ERVL	1260	+	32	49278844	70315
chr19	49208529	49408529	harbor1	chr19	49279174	49279350	LTR/ERVL	1260	+	88	49279262	70733
chr19	49208529	49408529	harbor1	chr19	49279361	49280305	LTR/ERVL	3923	+	472	49279833	71304
chr19	49208529	49408529	harbor1	chr19	49280598	49280807	LTR/ERVL	3923	+	104	49280702	72173
chr19	49208529	49408529	harbor1	chr19	49281247	49281580	LTR/ERVL	3262	+	166	49281413	72884
chr19	49208529	49408529	harbor1	chr19	49281893	49282163	LTR/ERVL	3262	+	135	49282028	73499
chr19	49208529	49408529	harbor1	chr19	49285376	49285585	LTR/ERVL	1305	+	104	49285480	76951
chr19	49208529	49408529	harbor1	chr19	49282675	49283162	LTR/ERVL	3262	+	244	49282919	74390
chr19	48766310	48966310	harbor1	chr19	48779910	48780106	LTR/ERVL	2979	+	98	48780008	13698
chr19	48766310	48966310	harbor1	chr19	48780451	48780674	LTR/ERVL	2979	+	112	48780563	14253
chr19	48766310	48966310	harbor1	chr19	48781616	48782099	LTR/ERVL	2979	+	242	48781858	15548
chr19	6413236	6613236	harbor1	chr19	6446407	6446729	LTR/ERVL	820	+	161	6446568	33332
chr19	6413236	6613236	harbor1	chr19	6447193	6447297	LTR/ERVL	820	+	52	6447245	34009
chr19	6610290	6810290	harbor1	chr19	6646127	6646153	LTR/ERVL	3594	+	13	6646140	35850
chr19	6610290	6810290	harbor1	chr19	6646775	6647423	LTR/ERVL	3594	+	324	6647099	36809
chr19	13266505	13466505	harbor1	chr19	13306546	13306965	LTR/ERVL	2062	+	210	13306756	40251
chr19	13266505	13466505	harbor1	chr19	13307534	13307661	LTR/ERVL	2062	+	64	13307598	41093
chr19	13266505	13466505	harbor1	chr19	13364500	13364625	LTR/ERVL	1026	+	62	13364562	98057
chr19	13266505	13466505	harbor1	chr19	13364940	13365137	LTR/ERVL	1026	+	98	13365038	98533
chr19	27766712	27966712	harbor1	chr19	27831008	27831450	LTR/ERVL	933	+	221	27831229	64517
chr19	31597309	31797309	harbor1	chr19	31683158	31683703	LTR/ERVL	2027	+	272	31683430	86121
chr19	53221612	53421612	harbor1	chr19	53234570	53234793	LTR/ERVL	730	+	112	53234682	13070
chr19	53221612	53421612	harbor1	chr19	53262309	53262373	LTR/ERVL	912	+	32	53262341	40729
chr19	53221612	53421612	harbor1	chr19	53262671	53262948	LTR/ERVL	912	+	138	53262809	41197
chr19	34470481	34670481	harbor1	chr19	34519726	34520121	LTR/ERVL	1048	+	198	34519924	49443
chr19	34470481	34670481	harbor1	chr19	34520740	34520814	LTR/ERVL	1048	+	37	34520777	50296
chr19	34470481	34670481	harbor1	chr19	34531418	34531780	LTR/ERVL	2089	+	181	34531599	61118
chr19	14123185	14323185	harbor1	chr19	14142172	14142677	LTR/ERVL	2436	+	252	14142424	19239
chr19	14123185	14323185	harbor1	chr19	14177937	14178046	LTR/ERVL	1600	+	54	14177991	54806
chr19	14123185	14323185	harbor1	chr19	14179953	14180260	LTR/ERVL	1600	+	154	14180107	56922
chr19	14123185	14323185	harbor1	chr19	14180854	14180893	LTR/ERVL	1600	+	20	14180874	57689
chr19	16024750	16224750	harbor1	chr19	16062626	16063062	LTR/ERVL	1299	+	218	16062844	38094
chr19	57996467	58196467	harbor1	chr19	58026084	58026290	LTR/ERVL	3774	+	103	58026187	29720
chr19	57996467	58196467	harbor1	chr19	58026601	58027058	LTR/ERVL	3774	+	228	58026829	30362
chr19	57996467	58196467	harbor1	chr19	58027371	58027448	LTR/ERVL	3774	+	38	58027409	30942
chr19	29691537	29891537	harbor1	chr19	29692455	29692864	LTR/ERVL	2335	+	204	29692659	1122
chr19	57077720	57277720	harbor1	chr19	57095816	57096156	LTR/ERVL	1452	+	170	57095986	18266
chr19	57077720	57277720	harbor1	chr19	57113208	57113338	LTR/ERVL	930	+	65	57113273	35553
chr19	57077720	57277720	harbor1	chr19	57174415	57175154	LTR/ERVL	2628	+	370	57174785	97065
chr19	43351328	43551328	harbor1	chr19	43395660	43396151	LTR/ERVL	1423	+	246	43395906	44578
chr19	30467300	30667300	harbor1	chr19	30472827	30472909	LTR/ERVL	2012	+	41	30472868	5568
chr19	30467300	30667300	harbor1	chr19	30473238	30473598	LTR/ERVL	2012	+	180	30473418	6118
chr19	46374763	46574763	harbor1	chr19	46431918	46432184	LTR/ERVL	717	+	133	46432051	57288
chr19	46374763	46574763	harbor1	chr19	46432493	46432610	LTR/ERVL	717	+	58	46432551	57788
chr19	37610805	37810805	harbor1	chr19	37677042	37677231	LTR/ERVL	892	+	94	37677136	66331
chr19	37610805	37810805	harbor1	chr19	37679108	37679614	LTR/ERVL	1683	+	253	37679361	68556
chr19	38892955	39092955	harbor1	chr19	38962221	38962706	LTR/ERVL	2003	+	242	38962463	69508
chr19	38892955	39092955	harbor1	chr19	38963009	38963158	LTR/ERVL	2003	+	74	38963083	70128
chr19	43932333	44132333	harbor1	chr19	43979767	43980152	LTR/ERVL	1141	+	192	43979959	47626
chr19	43932333	44132333	harbor1	chr19	43980524	43980979	LTR/ERVL	1443	+	228	43980752	48419
chr19	43932333	44132333	harbor1	chr19	44017410	44017713	LTR/ERVL	751	+	152	44017562	85229
chr19	43932333	44132333	harbor1	chr19	44018024	44018044	LTR/ERVL	751	+	10	44018034	85701
chr19	43932333	44132333	harbor1	chr19	44018405	44018943	LTR/ERVL	2506	+	269	44018674	86341
chr19	43932333	44132333	harbor1	chr19	44019073	44019341	LTR/ERVL	2506	+	134	44019207	86874
chr19	18410111	18610111	harbor1	chr19	18470580	18470967	LTR/ERVL	935	+	194	18470774	60663
chr19	18410111	18610111	harbor1	chr19	18490962	18491084	LTR/ERVL	1593	+	61	18491023	80912
chr19	18410111	18610111	harbor1	chr19	18491413	18491632	LTR/ERVL	1593	+	110	18491523	81412
chr19	18410111	18610111	harbor1	chr19	18491913	18492006	LTR/ERVL	1593	+	46	18491959	81848
chr19	10887244	11087244	harbor1	chr19	10970164	10970426	LTR/ERVL	1363	+	131	10970295	83051
chr19	10887244	11087244	harbor1	chr19	10970704	10970867	LTR/ERVL	1363	+	82	10970786	83542
chr19	13606051	13806051	harbor1	chr19	13630342	13630546	LTR/ERVL	1136	+	102	13630444	24393
chr19	13606051	13806051	harbor1	chr19	13666502	13666801	LTR/ERVL	1533	+	150	13666652	60601
chr19	13606051	13806051	harbor1	chr19	13695159	13695427	LTR/ERVL	926	+	134	13695293	89242
chr19	37346414	37546414	harbor1	chr19	37429549	37429813	LTR/ERVL	865	+	132	37429681	83267
chr19	36433990	36633990	harbor1	chr19	36478697	36479121	LTR/ERVL	1783	+	212	36478909	44919
chr19	36433990	36633990	harbor1	chr19	36482772	36483187	LTR/ERVL	1313	+	208	36482980	48990
chr19	43368148	43568148	harbor1	chr19	43395660	43396151	LTR/ERVL	1423	+	246	43395906	27758
chr19	34018656	34218656	harbor1	chr19	34026062	34026580	LTR/ERVL	3165	+	259	34026321	7665
chr19	34018656	34218656	harbor1	chr19	34046223	34046371	LTR/ERVL	1461	+	74	34046297	27641
chr19	34018656	34218656	harbor1	chr19	34067847	34068039	LTR/ERVL	654	+	96	34067943	49287
chr19	34018656	34218656	harbor1	chr19	34045769	34046003	LTR/ERVL	1461	+	117	34045886	27230
chr19	11570956	11770956	harbor1	chr19	11602547	11602774	LTR/ERVL	725	+	114	11602661	31705
chr19	9698874	9898874	harbor1	chr19	9731507	9731729	LTR/ERVL	688	+	111	9731618	32744
chr19	2835774	3035774	harbor1	chr19	2893746	2894155	LTR/ERVL	1857	+	204	2893950	58176
chr19	2835774	3035774	harbor1	chr19	2921893	2922575	LTR/ERVL	4553	+	341	2922234	86460
chr19	2835774	3035774	harbor1	chr19	2922888	2923529	LTR/ERVL	4553	+	320	2923208	87434
chr19	2835774	3035774	harbor1	chr19	2923533	2924007	LTR/ERVL	1454	+	237	2923770	87996
chr19	30668622	30868622	harbor1	chr19	30725962	30726210	LTR/ERVL	760	+	124	30726086	57464
chr19	34537840	34737840	harbor1	chr19	34572821	34573343	LTR/ERVL	1991	+	261	34573082	35242
chr19	34537840	34737840	harbor1	chr19	34584309	34584717	LTR/ERVL	1242	+	204	34584513	46673
chr19	34537840	34737840	harbor1	chr19	34585333	34585407	LTR/ERVL	1242	+	37	34585370	47530
chr19	34537840	34737840	harbor1	chr19	34632741	34633263	LTR/ERVL	2365	+	261	34633002	95162
chr19	284357	484357	harbor1	chr19	348520	348786	LTR/ERVL	735	+	133	348653	64296
chr19	12353663	12553663	harbor1	chr19	12354103	12354264	LTR/ERVL	1123	+	80	12354183	520
chr19	12353663	12553663	harbor1	chr19	12384304	12384554	LTR/ERVL	1282	+	125	12384429	30766
chr19	12353663	12553663	harbor1	chr19	12384968	12385125	LTR/ERVL	1282	+	78	12385046	31383
chr19	12353663	12553663	harbor1	chr19	12393754	12394008	LTR/ERVL	1283	+	127	12393881	40218
chr19	12353663	12553663	harbor1	chr19	12394410	12394567	LTR/ERVL	1283	+	78	12394488	40825
chr19	12353663	12553663	harbor1	chr19	12404839	12405276	LTR/ERVL	3363	+	218	12405057	51394
chr19	12353663	12553663	harbor1	chr19	12411563	12411605	LTR/ERVL	2840	+	21	12411584	57921
chr19	12353663	12553663	harbor1	chr19	12411913	12412654	LTR/ERVL	2840	+	370	12412283	58620
chr19	12353663	12553663	harbor1	chr19	12413466	12413486	LTR/ERVL	2840	+	10	12413476	59813
chr19	12353663	12553663	harbor1	chr19	12433526	12433776	LTR/ERVL	1321	+	125	12433651	79988
chr19	12353663	12553663	harbor1	chr19	12434193	12434352	LTR/ERVL	1321	+	80	12434273	80610
chr19	12353663	12553663	harbor1	chr19	12353449	12353682	LTR/ERVL	1123	+	116	12353565	98
chr19	39450055	39650055	harbor1	chr19	39524574	39524758	LTR/ERVL	1040	+	92	39524666	74611
chr19	39450055	39650055	harbor1	chr19	39525061	39525516	LTR/ERVL	1040	+	228	39525289	75234
chr19	57637711	57837711	harbor1	chr19	57646613	57647644	LTR/ERVL	3374	+	516	57647129	9418
chr19	49704599	49904599	harbor1	chr19	49717516	49717903	LTR/ERVL	1134	+	194	49717710	13111
chr19	49704599	49904599	harbor1	chr19	49718210	49718287	LTR/ERVL	1134	+	38	49718248	13649
chr19	49704599	49904599	harbor1	chr19	49718583	49718671	LTR/ERVL	1134	+	44	49718627	14028
chr19	46266753	46466753	harbor1	chr19	46271095	46271147	LTR/ERVL	659	+	26	46271121	4368
chr19	46266753	46466753	harbor1	chr19	46271463	46271476	LTR/ERVL	659	+	6	46271469	4716
chr19	46266753	46466753	harbor1	chr19	46271847	46272085	LTR/ERVL	659	+	119	46271966	5213
chr19	46266753	46466753	harbor1	chr19	46279189	46279524	LTR/ERVL	1089	+	168	46279357	12604
chr19	2037006	2237006	harbor1	chr19	2124097	2124407	LTR/ERVL	729	+	155	2124252	87246
chr19	57094178	57294178	harbor1	chr19	57095816	57096156	LTR/ERVL	1452	+	170	57095986	1808
chr19	57094178	57294178	harbor1	chr19	57113208	57113338	LTR/ERVL	930	+	65	57113273	19095
chr19	57094178	57294178	harbor1	chr19	57174415	57175154	LTR/ERVL	2628	+	370	57174785	80607
chr19	57094178	57294178	harbor1	chr19	57186252	57186564	LTR/ERVL	1299	+	156	57186408	92230
chr19	4638639	4838639	harbor1	chr19	4708034	4708493	LTR/ERVL	2793	+	230	4708264	69625
chr19	48348209	48548209	harbor1	chr19	48355663	48356106	LTR/ERVL	2501	+	222	48355885	7676
chr19	48306766	48506766	harbor1	chr19	48355663	48356106	LTR/ERVL	2501	+	222	48355885	49119
chr19	51448746	51648746	harbor1	chr19	51514294	51515166	LTR/ERVL	2373	+	436	51514730	65984
chr19	51448746	51648746	harbor1	chr19	51516541	51516888	LTR/ERVL	1193	+	174	51516715	67969
chr19	51448746	51648746	harbor1	chr19	51546780	51546918	LTR/ERVL	843	+	69	51546849	98103
chr19	51448746	51648746	harbor1	chr19	51547055	51547721	LTR/ERVL	3336	+	333	51547388	98642
chr19	41614482	41814482	harbor1	chr19	41668000	41668169	LTR/ERVL	726	+	84	41668084	53602
chr19	41614482	41814482	harbor1	chr19	41677854	41678190	LTR/ERVL	1086	+	168	41678022	63540
chr19	28103113	28303113	harbor1	chr19	28168385	28168971	LTR/ERVL	3046	+	293	28168678	65565
chr19	28103113	28303113	harbor1	chr19	28177241	28177442	LTR/ERVL	764	+	100	28177341	74228
chr19	51429608	51629608	harbor1	chr19	51514294	51515166	LTR/ERVL	2373	+	436	51514730	85122
chr19	51429608	51629608	harbor1	chr19	51516541	51516888	LTR/ERVL	1193	+	174	51516715	87107
chr19	47378038	47578038	harbor1	chr19	47425040	47425069	LTR/ERVL	669	+	14	47425054	47016
chr19	47378038	47578038	harbor1	chr19	47425363	47425494	LTR/ERVL	669	+	66	47425429	47391
chr19	12353459	12553459	harbor1	chr19	12354103	12354264	LTR/ERVL	1123	+	80	12354183	724
chr19	12353459	12553459	harbor1	chr19	12384304	12384554	LTR/ERVL	1282	+	125	12384429	30970
chr19	12353459	12553459	harbor1	chr19	12384968	12385125	LTR/ERVL	1282	+	78	12385046	31587
chr19	12353459	12553459	harbor1	chr19	12393754	12394008	LTR/ERVL	1283	+	127	12393881	40422
chr19	12353459	12553459	harbor1	chr19	12394410	12394567	LTR/ERVL	1283	+	78	12394488	41029
chr19	12353459	12553459	harbor1	chr19	12404839	12405276	LTR/ERVL	3363	+	218	12405057	51598
chr19	12353459	12553459	harbor1	chr19	12411563	12411605	LTR/ERVL	2840	+	21	12411584	58125
chr19	12353459	12553459	harbor1	chr19	12411913	12412654	LTR/ERVL	2840	+	370	12412283	58824
chr19	12353459	12553459	harbor1	chr19	12413466	12413486	LTR/ERVL	2840	+	10	12413476	60017
chr19	12353459	12553459	harbor1	chr19	12433526	12433776	LTR/ERVL	1321	+	125	12433651	80192
chr19	12353459	12553459	harbor1	chr19	12434193	12434352	LTR/ERVL	1321	+	80	12434273	80814
chr19	12353459	12553459	harbor1	chr19	12353449	12353682	LTR/ERVL	1123	+	116	12353565	106
chr19	12262919	12462919	harbor1	chr19	12276407	12276660	LTR/ERVL	1149	+	126	12276533	13614
chr19	12262919	12462919	harbor1	chr19	12277092	12277255	LTR/ERVL	1149	+	82	12277174	14255
chr19	12262919	12462919	harbor1	chr19	12282313	12282362	LTR/ERVL	854	+	24	12282337	19418
chr19	12262919	12462919	harbor1	chr19	12283158	12283287	LTR/ERVL	854	+	64	12283222	20303
chr19	12262919	12462919	harbor1	chr19	12323041	12323284	LTR/ERVL	810	+	122	12323163	60244
chr19	12262919	12462919	harbor1	chr19	12323701	12323859	LTR/ERVL	678	+	79	12323780	60861
chr19	12262919	12462919	harbor1	chr19	12354103	12354264	LTR/ERVL	1123	+	80	12354183	91264
chr19	12262919	12462919	harbor1	chr19	12353449	12353682	LTR/ERVL	1123	+	116	12353565	90646
chr19	46681120	46881120	harbor1	chr19	46709663	46709886	LTR/ERVL	699	+	112	46709775	28655
chr19	46681120	46881120	harbor1	chr19	46710488	46710599	LTR/ERVL	699	+	56	46710544	29424
chr19	36405428	36605428	harbor1	chr19	36478697	36479121	LTR/ERVL	1783	+	212	36478909	73481
chr19	36405428	36605428	harbor1	chr19	36482772	36483187	LTR/ERVL	1313	+	208	36482980	77552
chr19	9176991	9376991	harbor1	chr19	9243310	9243344	LTR/ERVL	842	+	17	9243327	66336
chr19	9176991	9376991	harbor1	chr19	9243608	9243716	LTR/ERVL	842	+	54	9243662	66671
chr19	9176991	9376991	harbor1	chr19	9245606	9246060	LTR/ERVL	4082	+	227	9245833	68842
chr19	9176991	9376991	harbor1	chr19	9246368	9246466	LTR/ERVL	4082	+	49	9246417	69426
chr19	9176991	9376991	harbor1	chr19	9246516	9246550	LTR/ERVL	4082	+	17	9246533	69542
chr19	54275525	54475525	harbor1	chr19	54282585	54282828	LTR/ERVL	1175	+	122	54282707	7182
chr19	54275525	54475525	harbor1	chr19	54282834	54283359	LTR/ERVL	2581	+	262	54283096	7571
chr19	54275525	54475525	harbor1	chr19	54297093	54297339	LTR/ERVL	1379	+	123	54297216	21691
chr19	54275525	54475525	harbor1	chr19	54297752	54298033	LTR/ERVL	1501	+	140	54297892	22367
chr19	49506855	49706855	harbor1	chr19	49509744	49509855	LTR/ERVL	800	+	56	49509800	2945
chr19	49506855	49706855	harbor1	chr19	49510131	49510236	LTR/ERVL	800	+	52	49510183	3328
chr19	49506855	49706855	harbor1	chr19	49510539	49510614	LTR/ERVL	800	+	38	49510577	3722
chr19	49506855	49706855	harbor1	chr19	49510895	49511160	LTR/ERVL	800	+	132	49511027	4172
chr19	57576147	57776147	harbor1	chr19	57579724	57579992	LTR/ERVL	1381	+	134	57579858	3711
chr19	57576147	57776147	harbor1	chr19	57581521	57581708	LTR/ERVL	1041	+	94	57581615	5468
chr19	57576147	57776147	harbor1	chr19	57594277	57594463	LTR/ERVL	1345	+	93	57594370	18223
chr19	57576147	57776147	harbor1	chr19	57594768	57594999	LTR/ERVL	1345	+	116	57594884	18737
chr19	57576147	57776147	harbor1	chr19	57598424	57598984	LTR/ERVL	2252	+	280	57598704	22557
chr19	57576147	57776147	harbor1	chr19	57646613	57647644	LTR/ERVL	3374	+	516	57647129	70982
chr19	14235230	14435230	harbor1	chr19	14306839	14306962	LTR/ERVL	1025	+	62	14306901	71671
chr19	14235230	14435230	harbor1	chr19	14307274	14307463	LTR/ERVL	1025	+	94	14307368	72138
chr19	14235230	14435230	harbor1	chr19	14307847	14307915	LTR/ERVL	1025	+	34	14307881	72651
chr19	14235230	14435230	harbor1	chr19	14309158	14309272	LTR/ERVL	787	+	57	14309215	73985
chr19	14235230	14435230	harbor1	chr19	14310111	14310301	LTR/ERVL	1007	+	95	14310206	74976
chr19	14235230	14435230	harbor1	chr19	14310402	14310703	LTR/ERVL	1583	+	150	14310552	75322
chr19	34610698	34810698	harbor1	chr19	34632741	34633263	LTR/ERVL	2365	+	261	34633002	22304
chr19	32092140	32292140	harbor1	chr19	32190144	32190543	LTR/ERVL	1513	+	200	32190344	98204
chr19	32092140	32292140	harbor1	chr19	32190593	32190678	LTR/ERVL	1513	+	42	32190635	98495
chr19	49907208	50107208	harbor1	chr19	49913244	49913788	LTR/ERVL	1224	+	272	49913516	6308
chr19	49907208	50107208	harbor1	chr19	49950928	49951501	LTR/ERVL	1804	+	286	49951214	44006
chr19	49907208	50107208	harbor1	chr19	49961392	49961733	LTR/ERVL	1481	+	170	49961562	54354
chr19	49907208	50107208	harbor1	chr19	49991094	49991518	LTR/ERVL	2283	+	212	49991306	84098
chr19	49907208	50107208	harbor1	chr19	49991551	49991585	LTR/ERVL	2283	+	17	49991568	84360
chr19	49907208	50107208	harbor1	chr19	50001055	50001383	LTR/ERVL	1123	+	164	50001219	94011
chr19	49907208	50107208	harbor1	chr19	50006859	50007233	LTR/ERVL	1516	+	187	50007046	99838
chr19	18425801	18625801	harbor1	chr19	18470580	18470967	LTR/ERVL	935	+	194	18470774	44973
chr19	18425801	18625801	harbor1	chr19	18490962	18491084	LTR/ERVL	1593	+	61	18491023	65222
chr19	18425801	18625801	harbor1	chr19	18491413	18491632	LTR/ERVL	1593	+	110	18491523	65722
chr19	18425801	18625801	harbor1	chr19	18491913	18492006	LTR/ERVL	1593	+	46	18491959	66158
chr19	20886452	21086452	harbor1	chr19	20928001	20928331	LTR/ERVL	1062	+	165	20928166	41714
chr19	44308673	44508673	harbor1	chr19	44310049	44310784	LTR/ERVL	907	+	368	44310417	1744
chr19	44308673	44508673	harbor1	chr19	44314065	44314553	LTR/ERVL	3294	+	244	44314309	5636
chr19	44308673	44508673	harbor1	chr19	44339189	44339813	LTR/ERVL	2370	+	312	44339501	30828
chr19	44308673	44508673	harbor1	chr19	44359076	44359315	LTR/ERVL	958	+	120	44359196	50523
chr19	44308673	44508673	harbor1	chr19	44359622	44359728	LTR/ERVL	958	+	53	44359675	51002
chr19	44308673	44508673	harbor1	chr19	44396375	44396785	LTR/ERVL	1573	+	205	44396580	87907
chr19	44308673	44508673	harbor1	chr19	44398303	44398737	LTR/ERVL	1367	+	217	44398520	89847
chr19	44308673	44508673	harbor1	chr19	44402026	44402633	LTR/ERVL	731	+	304	44402330	93657
chr19	27758122	27958122	harbor1	chr19	27831008	27831450	LTR/ERVL	933	+	221	27831229	73107
chr19	32463962	32663962	harbor1	chr19	32549101	32549433	LTR/ERVL	802	+	166	32549267	85305
chr19	32463962	32663962	harbor1	chr19	32549721	32549936	LTR/ERVL	755	+	108	32549829	85867
chr19	48730331	48930331	harbor1	chr19	48762650	48763141	LTR/ERVL	1113	+	246	48762896	32565
chr19	48730331	48930331	harbor1	chr19	48779910	48780106	LTR/ERVL	2979	+	98	48780008	49677
chr19	48730331	48930331	harbor1	chr19	48780451	48780674	LTR/ERVL	2979	+	112	48780563	50232
chr19	48730331	48930331	harbor1	chr19	48781616	48782099	LTR/ERVL	2979	+	242	48781858	51527
chr19	48042049	48242049	harbor1	chr19	48059381	48059764	LTR/ERVL	1797	+	192	48059573	17524
chr19	48042049	48242049	harbor1	chr19	48060068	48060238	LTR/ERVL	1797	+	85	48060153	18104
chr19	48042049	48242049	harbor1	chr19	48070193	48070433	LTR/ERVL	1573	+	120	48070313	28264
chr19	48042049	48242049	harbor1	chr19	48070909	48071013	LTR/ERVL	1573	+	52	48070961	28912
chr19	48042049	48242049	harbor1	chr19	48104206	48104529	LTR/ERVL	1456	+	162	48104368	62319
chr19	58472624	58672624	harbor1	chr19	58561249	58561521	LTR/ERVL	663	+	136	58561385	88761
chr19	56547418	56747418	harbor1	chr19	56625769	56626113	LTR/ERVL	1383	+	172	56625941	78523
chr19	34655958	34855958	harbor1	chr19	34750581	34751348	LTR/ERVL	3938	+	384	34750965	95007
chr19	34655958	34855958	harbor1	chr19	34751468	34751620	LTR/ERVL	705	+	76	34751544	95586
chr19	34655958	34855958	harbor1	chr19	34751616	34752268	LTR/ERVL	2319	+	326	34751942	95984
chr19	34655958	34855958	harbor1	chr19	34753491	34753716	LTR/ERVL	726	+	112	34753603	97645
chr19	21481968	21681968	harbor1	chr19	21513266	21513640	LTR/ERVL	1092	+	187	21513453	31485
chr19	11806977	12006977	harbor1	chr19	11874089	11874426	LTR/ERVL	721	+	168	11874257	67280
chr19	20918432	21118432	harbor1	chr19	20928001	20928331	LTR/ERVL	1062	+	165	20928166	9734
chr19	12185509	12385509	harbor1	chr19	12201166	12201485	LTR/ERVL	1038	+	160	12201326	15817
chr19	12185509	12385509	harbor1	chr19	12202070	12202334	LTR/ERVL	825	+	132	12202202	16693
chr19	12185509	12385509	harbor1	chr19	12202450	12202848	LTR/ERVL	1184	+	199	12202649	17140
chr19	12185509	12385509	harbor1	chr19	12205186	12205564	LTR/ERVL	1507	+	189	12205375	19866
chr19	12185509	12385509	harbor1	chr19	12276407	12276660	LTR/ERVL	1149	+	126	12276533	91024
chr19	12185509	12385509	harbor1	chr19	12277092	12277255	LTR/ERVL	1149	+	82	12277174	91665
chr19	12185509	12385509	harbor1	chr19	12282313	12282362	LTR/ERVL	854	+	24	12282337	96828
chr19	12185509	12385509	harbor1	chr19	12283158	12283287	LTR/ERVL	854	+	64	12283222	97713
chr19	49709102	49909102	harbor1	chr19	49717516	49717903	LTR/ERVL	1134	+	194	49717710	8608
chr19	49709102	49909102	harbor1	chr19	49718210	49718287	LTR/ERVL	1134	+	38	49718248	9146
chr19	49709102	49909102	harbor1	chr19	49718583	49718671	LTR/ERVL	1134	+	44	49718627	9525
chr19	16059961	16259961	harbor1	chr19	16062626	16063062	LTR/ERVL	1299	+	218	16062844	2883
chr19	344672	544672	harbor1	chr19	348520	348786	LTR/ERVL	735	+	133	348653	3981
chr19	2380446	2580446	harbor1	chr19	2440848	2441326	LTR/ERVL	940	+	239	2441087	60641
chr19	2064480	2264480	harbor1	chr19	2124097	2124407	LTR/ERVL	729	+	155	2124252	59772
chr19	2064480	2264480	harbor1	chr19	2154586	2154897	LTR/ERVL	815	+	156	2154742	90262
chr19	28803526	29003526	harbor1	chr19	28850672	28851135	LTR/ERVL	729	+	232	28850904	47378
chr19	28803526	29003526	harbor1	chr19	28865631	28866434	LTR/ERVL	2669	+	402	28866033	62507
chr19	28803526	29003526	harbor1	chr19	28874956	28875252	LTR/ERVL	823	+	148	28875104	71578
chr19	14466793	14666793	harbor1	chr19	14522119	14522320	LTR/ERVL	778	+	100	14522219	55426
chr19	14466793	14666793	harbor1	chr19	14522516	14522658	LTR/ERVL	801	+	71	14522587	55794
chr19	14466793	14666793	harbor1	chr19	14522732	14522779	LTR/ERVL	801	+	24	14522756	55963
chr19	20411270	20611270	harbor1	chr19	20425840	20426123	LTR/ERVL	2008	+	142	20425982	14712
chr19	20411270	20611270	harbor1	chr19	20432599	20432904	LTR/ERVL	1879	+	152	20432751	21481
chr19	20411270	20611270	harbor1	chr19	20432905	20433423	LTR/ERVL	11876	+	259	20433164	21894
chr19	20411270	20611270	harbor1	chr19	20433731	20434656	LTR/ERVL	11876	+	462	20434193	22923
chr19	20411270	20611270	harbor1	chr19	20434965	20435221	LTR/ERVL	11876	+	128	20435093	23823
chr19	20411270	20611270	harbor1	chr19	20435528	20435628	LTR/ERVL	11876	+	50	20435578	24308
chr19	20411270	20611270	harbor1	chr19	20435629	20437216	LTR/ERVL	10748	+	794	20436423	25153
chr19	20411270	20611270	harbor1	chr19	20437217	20437807	LTR/ERVL	4065	+	295	20437512	26242
chr19	52984537	53184537	harbor1	chr19	53029310	53029477	LTR/ERVL	1045	+	84	53029394	44857
chr19	52984537	53184537	harbor1	chr19	53029470	53030015	LTR/ERVL	18301	+	272	53029742	45205
chr19	52984537	53184537	harbor1	chr19	53030629	53031224	LTR/ERVL	18301	+	298	53030927	46390
chr19	52984537	53184537	harbor1	chr19	53031534	53032167	LTR/ERVL	18301	+	316	53031850	47313
chr19	52984537	53184537	harbor1	chr19	53032478	53033328	LTR/ERVL	18301	+	425	53032903	48366
chr19	52984537	53184537	harbor1	chr19	53061329	53061960	LTR/ERVL	3240	+	316	53061645	77108
chr19	52984537	53184537	harbor1	chr19	53062957	53063407	LTR/ERVL	2014	+	225	53063182	78645
chr19	52984537	53184537	harbor1	chr19	53075308	53076101	LTR/ERVL	2634	+	396	53075704	91167
chr19	56679064	56879064	harbor1	chr19	56685216	56685671	LTR/ERVL	1588	+	228	56685444	6380
chr19	56679064	56879064	harbor1	chr19	56735975	56736458	LTR/ERVL	1613	+	242	56736217	57153
chr19	56679064	56879064	harbor1	chr19	56747351	56747856	LTR/ERVL	1663	+	252	56747603	68539
chr19	56679064	56879064	harbor1	chr19	56759354	56759833	LTR/ERVL	1582	+	240	56759594	80530
chr19	40953641	41153641	harbor1	chr19	41046354	41046810	LTR/ERVL	807	+	228	41046582	92941
chr19	47035657	47235657	harbor1	chr19	47074477	47074922	LTR/ERVL	1658	+	222	47074699	39042
chr19	42555159	42755159	harbor1	chr19	42583689	42584080	LTR/ERVL	1474	+	196	42583885	28726
chr19	42555159	42755159	harbor1	chr19	42600030	42600435	LTR/ERVL	1107	+	202	42600232	45073
chr19	42555159	42755159	harbor1	chr19	42620673	42621053	LTR/ERVL	1286	+	190	42620863	65704
chr19	44398740	44598740	harbor1	chr19	44402026	44402633	LTR/ERVL	731	+	304	44402330	3590
chr19	44398740	44598740	harbor1	chr19	44438482	44438793	LTR/ERVL	1415	+	156	44438638	39898
chr19	44398740	44598740	harbor1	chr19	44438785	44439229	LTR/ERVL	2415	+	222	44439007	40267
chr19	44398740	44598740	harbor1	chr19	44453677	44453841	LTR/ERVL	767	+	82	44453759	55019
chr19	44398740	44598740	harbor1	chr19	44453835	44454134	LTR/ERVL	1081	+	150	44453985	55245
chr19	44398740	44598740	harbor1	chr19	44459746	44460336	LTR/ERVL	1662	+	295	44460041	61301
chr19	44398740	44598740	harbor1	chr19	44461327	44461760	LTR/ERVL	1028	+	216	44461543	62803
chr19	10944906	11144906	harbor1	chr19	10970164	10970426	LTR/ERVL	1363	+	131	10970295	25389
chr19	10944906	11144906	harbor1	chr19	10970704	10970867	LTR/ERVL	1363	+	82	10970786	25880
chr19	17028593	17228593	harbor1	chr19	17028903	17029128	LTR/ERVL	1826	+	112	17029015	422
chr19	17028593	17228593	harbor1	chr19	17029438	17029667	LTR/ERVL	1826	+	114	17029552	959
chr19	17028593	17228593	harbor1	chr19	17048727	17048899	LTR/ERVL	713	+	86	17048813	20220
chr19	17028593	17228593	harbor1	chr19	17063550	17064039	LTR/ERVL	2044	+	244	17063794	35201
chr19	17028593	17228593	harbor1	chr19	17065371	17065548	LTR/ERVL	1300	+	88	17065459	36866
chr19	17028593	17228593	harbor1	chr19	17065840	17065969	LTR/ERVL	1300	+	64	17065904	37311
chr19	17028593	17228593	harbor1	chr19	17066407	17066722	LTR/ERVL	1738	+	158	17066565	37972
chr19	42533792	42733792	harbor1	chr19	42583689	42584080	LTR/ERVL	1474	+	196	42583885	50093
chr19	42533792	42733792	harbor1	chr19	42600030	42600435	LTR/ERVL	1107	+	202	42600232	66440
chr19	42533792	42733792	harbor1	chr19	42620673	42621053	LTR/ERVL	1286	+	190	42620863	87071
chr19	33911245	34111245	harbor1	chr19	33989398	33989615	LTR/ERVL	702	+	108	33989506	78261
chr19	23990969	24190969	harbor1	chr19	24035968	24036047	LTR/ERVL	1207	+	40	24036008	45039
chr19	23990969	24190969	harbor1	chr19	24036356	24036636	LTR/ERVL	1207	+	140	24036496	45527
chr19	28255490	28455490	harbor1	chr19	28303786	28304111	LTR/ERVL	664	+	162	28303948	48458
chr19	28255490	28455490	harbor1	chr19	28333491	28333647	LTR/ERVL	651	+	78	28333569	78079
chr19	2410912	2610912	harbor1	chr19	2440848	2441326	LTR/ERVL	940	+	239	2441087	30175
chr19	34177687	34377687	harbor1	chr19	34186265	34186603	LTR/ERVL	1352	+	169	34186434	8747
chr19	46326583	46526583	harbor1	chr19	46367379	46367832	LTR/ERVL	2318	+	226	46367605	41022
chr19	46326583	46526583	harbor1	chr19	46367824	46368510	LTR/ERVL	3977	+	343	46368167	41584
chr19	46326583	46526583	harbor1	chr19	46368921	46369044	LTR/ERVL	760	+	62	46368983	42400
chr19	19829990	20029990	harbor1	chr19	19862070	19862459	LTR/ERVL	2773	+	194	19862264	32274
chr19	19829990	20029990	harbor1	chr19	19904321	19904661	LTR/ERVL	901	+	170	19904491	74501
chr19	49979549	50179549	harbor1	chr19	49991094	49991518	LTR/ERVL	2283	+	212	49991306	11757
chr19	49979549	50179549	harbor1	chr19	49991551	49991585	LTR/ERVL	2283	+	17	49991568	12019
chr19	49979549	50179549	harbor1	chr19	50001055	50001383	LTR/ERVL	1123	+	164	50001219	21670
chr19	49979549	50179549	harbor1	chr19	50006859	50007233	LTR/ERVL	1516	+	187	50007046	27497
chr19	49979549	50179549	harbor1	chr19	50050010	50050353	LTR/ERVL	1690	+	172	50050182	70633
chr19	49979549	50179549	harbor1	chr19	50070938	50071109	LTR/ERVL	1062	+	86	50071024	91475
chr19	49979549	50179549	harbor1	chr19	50071242	50071366	LTR/ERVL	1062	+	62	50071304	91755
chr19	49979549	50179549	harbor1	chr19	50071495	50071772	LTR/ERVL	1109	+	138	50071633	92084
chr19	40976993	41176993	harbor1	chr19	41046354	41046810	LTR/ERVL	807	+	228	41046582	69589
chr19	11756239	11956239	harbor1	chr19	11760263	11760506	LTR/ERVL	700	+	122	11760385	4146
chr19	53162859	53362859	harbor1	chr19	53175710	53175878	LTR/ERVL	3028	+	84	53175794	12935
chr19	53162859	53362859	harbor1	chr19	53176189	53176809	LTR/ERVL	3028	+	310	53176499	13640
chr19	53162859	53362859	harbor1	chr19	53179508	53179991	LTR/ERVL	2491	+	242	53179750	16891
chr19	53162859	53362859	harbor1	chr19	53190610	53190651	LTR/ERVL	1238	+	20	53190630	27771
chr19	53162859	53362859	harbor1	chr19	53190939	53191324	LTR/ERVL	1238	+	192	53191131	28272
chr19	53162859	53362859	harbor1	chr19	53193582	53194171	LTR/ERVL	2716	+	294	53193876	31017
chr19	53162859	53362859	harbor1	chr19	53234570	53234793	LTR/ERVL	730	+	112	53234682	71823
chr19	53162859	53362859	harbor1	chr19	53262309	53262373	LTR/ERVL	912	+	32	53262341	99482
chr19	53162859	53362859	harbor1	chr19	53262671	53262948	LTR/ERVL	912	+	138	53262809	99950
chr19	46273520	46473520	harbor1	chr19	46279189	46279524	LTR/ERVL	1089	+	168	46279357	5837
chr19	46273520	46473520	harbor1	chr19	46367379	46367832	LTR/ERVL	2318	+	226	46367605	94085
chr19	46273520	46473520	harbor1	chr19	46367824	46368510	LTR/ERVL	3977	+	343	46368167	94647
chr19	46273520	46473520	harbor1	chr19	46368921	46369044	LTR/ERVL	760	+	62	46368983	95463
chr19	39593137	39793137	harbor1	chr19	39675617	39675970	LTR/ERVL	1225	+	176	39675793	82656
chr19	50130530	50330530	harbor1	chr19	50149758	50150198	LTR/ERVL	2488	+	220	50149978	19448
chr19	50130530	50330530	harbor1	chr19	50161854	50162000	LTR/ERVL	653	+	73	50161927	31397
chr19	44980412	45180412	harbor1	chr19	45031424	45031555	LTR/ERVL	698	+	66	45031490	51078
chr19	49119655	49319655	harbor1	chr19	49213892	49214147	LTR/ERVL	841	+	128	49214020	94365
chr19	49119655	49319655	harbor1	chr19	49215081	49215361	LTR/ERVL	774	+	140	49215221	95566
chr19	49119655	49319655	harbor1	chr19	49216089	49216546	LTR/ERVL	1311	+	228	49216317	96662
chr19	49119655	49319655	harbor1	chr19	49216855	49216986	LTR/ERVL	1311	+	66	49216921	97266
chr19	49119655	49319655	harbor1	chr19	49217295	49217370	LTR/ERVL	1311	+	38	49217333	97678
chr19	18418725	18618725	harbor1	chr19	18470580	18470967	LTR/ERVL	935	+	194	18470774	52049
chr19	18418725	18618725	harbor1	chr19	18490962	18491084	LTR/ERVL	1593	+	61	18491023	72298
chr19	18418725	18618725	harbor1	chr19	18491413	18491632	LTR/ERVL	1593	+	110	18491523	72798
chr19	18418725	18618725	harbor1	chr19	18491913	18492006	LTR/ERVL	1593	+	46	18491959	73234
chr19	49678935	49878935	harbor1	chr19	49717516	49717903	LTR/ERVL	1134	+	194	49717710	38775
chr19	49678935	49878935	harbor1	chr19	49718210	49718287	LTR/ERVL	1134	+	38	49718248	39313
chr19	49678935	49878935	harbor1	chr19	49718583	49718671	LTR/ERVL	1134	+	44	49718627	39692
chr19	46184523	46384523	harbor1	chr19	46252330	46252524	LTR/ERVL	828	+	97	46252427	67904
chr19	46184523	46384523	harbor1	chr19	46271095	46271147	LTR/ERVL	659	+	26	46271121	86598
chr19	46184523	46384523	harbor1	chr19	46271463	46271476	LTR/ERVL	659	+	6	46271469	86946
chr19	46184523	46384523	harbor1	chr19	46271847	46272085	LTR/ERVL	659	+	119	46271966	87443
chr19	46184523	46384523	harbor1	chr19	46279189	46279524	LTR/ERVL	1089	+	168	46279357	94834
chr19	57883378	58083378	harbor1	chr19	57886481	57886596	LTR/ERVL	1592	+	58	57886539	3161
chr19	57883378	58083378	harbor1	chr19	57887217	57887509	LTR/ERVL	1592	+	146	57887363	3985
chr19	57883378	58083378	harbor1	chr19	57888158	57888407	LTR/ERVL	1348	+	124	57888282	4904
chr19	57883378	58083378	harbor1	chr19	57968714	57969252	LTR/ERVL	1713	+	269	57968983	85605
chr19	57883378	58083378	harbor1	chr19	57971129	57971475	LTR/ERVL	1889	+	173	57971302	87924
chr19	57883378	58083378	harbor1	chr19	57971771	57971963	LTR/ERVL	1889	+	96	57971867	88489
chr19	57883378	58083378	harbor1	chr19	57980855	57981419	LTR/ERVL	1579	+	282	57981137	97759
chr19	56659796	56859796	harbor1	chr19	56685216	56685671	LTR/ERVL	1588	+	228	56685444	25648
chr19	56659796	56859796	harbor1	chr19	56735975	56736458	LTR/ERVL	1613	+	242	56736217	76421
chr19	56659796	56859796	harbor1	chr19	56747351	56747856	LTR/ERVL	1663	+	252	56747603	87807
chr19	56659796	56859796	harbor1	chr19	56759354	56759833	LTR/ERVL	1582	+	240	56759594	99798
chr19	36253362	36453362	harbor1	chr19	36254492	36254928	LTR/ERVL	1786	+	218	36254710	1348
chr19	36253362	36453362	harbor1	chr19	36346440	36346463	LTR/ERVL	665	+	12	36346452	93090
chr19	36253362	36453362	harbor1	chr19	36346756	36347229	LTR/ERVL	1973	+	236	36346992	93630
chr19	17009202	17209202	harbor1	chr19	17028903	17029128	LTR/ERVL	1826	+	112	17029015	19813
chr19	17009202	17209202	harbor1	chr19	17029438	17029667	LTR/ERVL	1826	+	114	17029552	20350
chr19	17009202	17209202	harbor1	chr19	17048727	17048899	LTR/ERVL	713	+	86	17048813	39611
chr19	17009202	17209202	harbor1	chr19	17063550	17064039	LTR/ERVL	2044	+	244	17063794	54592
chr19	17009202	17209202	harbor1	chr19	17065371	17065548	LTR/ERVL	1300	+	88	17065459	56257
chr19	17009202	17209202	harbor1	chr19	17065840	17065969	LTR/ERVL	1300	+	64	17065904	56702
chr19	17009202	17209202	harbor1	chr19	17066407	17066722	LTR/ERVL	1738	+	158	17066565	57363
chr19	41967650	42167650	harbor1	chr19	42000883	42001196	LTR/ERVL	1490	+	156	42001039	33389
chr19	41967650	42167650	harbor1	chr19	42028318	42028752	LTR/ERVL	839	+	217	42028535	60885
chr19	41967650	42167650	harbor1	chr19	42029888	42030145	LTR/ERVL	959	+	128	42030016	62366
chr19	41967650	42167650	harbor1	chr19	42037629	42038039	LTR/ERVL	1244	+	205	42037834	70184
chr19	2849647	3049647	harbor1	chr19	2893746	2894155	LTR/ERVL	1857	+	204	2893950	44303
chr19	2849647	3049647	harbor1	chr19	2921893	2922575	LTR/ERVL	4553	+	341	2922234	72587
chr19	2849647	3049647	harbor1	chr19	2922888	2923529	LTR/ERVL	4553	+	320	2923208	73561
chr19	2849647	3049647	harbor1	chr19	2923533	2924007	LTR/ERVL	1454	+	237	2923770	74123
chr19	30699281	30899281	harbor1	chr19	30725962	30726210	LTR/ERVL	760	+	124	30726086	26805
chr19	30699281	30899281	harbor1	chr19	30789552	30790226	LTR/ERVL	1438	+	337	30789889	90608
chr19	11839099	12039099	harbor1	chr19	11874089	11874426	LTR/ERVL	721	+	168	11874257	35158
chr19	11839099	12039099	harbor1	chr19	11916909	11917258	LTR/ERVL	713	+	174	11917083	77984
chr19	33771594	33971594	harbor1	chr19	33783927	33784880	LTR/ERVL	3965	+	476	33784403	12809
chr19	33771594	33971594	harbor1	chr19	33785393	33785667	LTR/ERVL	3965	+	137	33785530	13936
chr19	33771594	33971594	harbor1	chr19	33785668	33786037	LTR/ERVL	1445	+	184	33785852	14258
chr19	33771594	33971594	harbor1	chr19	33786041	33786373	LTR/ERVL	1447	+	166	33786207	14613
chr19	33771594	33971594	harbor1	chr19	33786654	33786722	LTR/ERVL	1447	+	34	33786688	15094
chr19	33771594	33971594	harbor1	chr19	33831651	33832141	LTR/ERVL	2469	+	245	33831896	60302
chr19	29762095	29962095	harbor1	chr19	29849873	29850172	LTR/ERVL	1726	+	150	29850023	87928
chr19	29762095	29962095	harbor1	chr19	29850611	29850763	LTR/ERVL	913	+	76	29850687	88592
chr19	10619751	10819751	harbor1	chr19	10646676	10646776	LTR/ERVL	1468	+	50	10646726	26975
chr19	10619751	10819751	harbor1	chr19	10647048	10647454	LTR/ERVL	1468	+	203	10647251	27500
chr19	40969345	41169345	harbor1	chr19	41046354	41046810	LTR/ERVL	807	+	228	41046582	77237
chr19	53618145	53818145	harbor1	chr19	53622072	53622319	LTR/ERVL	648	+	124	53622196	4051
chr19	53618145	53818145	harbor1	chr19	53637024	53637408	LTR/ERVL	1459	+	192	53637216	19071
chr19	2341299	2541299	harbor1	chr19	2440848	2441326	LTR/ERVL	940	+	239	2441087	99788
chr19	15745880	15945880	harbor1	chr19	15770189	15770810	LTR/ERVL	1142	+	310	15770499	24619
chr19	15745880	15945880	harbor1	chr19	15772758	15773203	LTR/ERVL	1597	+	222	15772980	27100
chr19	15745880	15945880	harbor1	chr19	15776572	15777064	LTR/ERVL	2082	+	246	15776818	30938
chr19	15745880	15945880	harbor1	chr19	15800650	15801078	LTR/ERVL	1735	+	214	15800864	54984
chr19	15745880	15945880	harbor1	chr19	15801370	15801488	LTR/ERVL	1735	+	59	15801429	55549
chr19	56430803	56630803	harbor1	chr19	56458389	56459146	LTR/ERVL	3740	+	378	56458767	27964
chr19	56430803	56630803	harbor1	chr19	56465748	56466320	LTR/ERVL	1839	+	286	56466034	35231
chr19	56430803	56630803	harbor1	chr19	56495081	56495520	LTR/ERVL	1748	+	220	56495301	64498
chr19	56430803	56630803	harbor1	chr19	56495524	56497544	LTR/ERVL	6191	+	1010	56496534	65731
chr19	56430803	56630803	harbor1	chr19	56506134	56506958	LTR/ERVL	2863	+	412	56506546	75743
chr19	56430803	56630803	harbor1	chr19	56509014	56509714	LTR/ERVL	3587	+	350	56509364	78561
chr19	56430803	56630803	harbor1	chr19	56509755	56509828	LTR/ERVL	3587	+	36	56509791	78988
chr19	39184071	39384071	harbor1	chr19	39256599	39256928	LTR/ERVL	766	+	164	39256763	72692
chr19	56704905	56904905	harbor1	chr19	56735975	56736458	LTR/ERVL	1613	+	242	56736217	31312
chr19	56704905	56904905	harbor1	chr19	56747351	56747856	LTR/ERVL	1663	+	252	56747603	42698
chr19	56704905	56904905	harbor1	chr19	56759354	56759833	LTR/ERVL	1582	+	240	56759594	54689
chr19	30702719	30902719	harbor1	chr19	30725962	30726210	LTR/ERVL	760	+	124	30726086	23367
chr19	30702719	30902719	harbor1	chr19	30789552	30790226	LTR/ERVL	1438	+	337	30789889	87170
chr19	11757892	11957892	harbor1	chr19	11760263	11760506	LTR/ERVL	700	+	122	11760385	2493
chr19	43032942	43232942	harbor1	chr19	43036578	43036860	LTR/ERVL	711	+	141	43036719	3777
chr19	43032942	43232942	harbor1	chr19	43066941	43067337	LTR/ERVL	1013	+	198	43067139	34197
chr19	43032942	43232942	harbor1	chr19	43084856	43085272	LTR/ERVL	961	+	208	43085064	52122
chr19	43032942	43232942	harbor1	chr19	43092653	43092935	LTR/ERVL	771	+	141	43092794	59852
chr19	39512570	39712570	harbor1	chr19	39524574	39524758	LTR/ERVL	1040	+	92	39524666	12096
chr19	39512570	39712570	harbor1	chr19	39525061	39525516	LTR/ERVL	1040	+	228	39525289	12719
chr19	39512570	39712570	harbor1	chr19	39571071	39571262	LTR/ERVL	1076	+	96	39571167	58597
chr19	7025051	7225051	harbor1	chr19	7089205	7089441	LTR/ERVL	827	+	118	7089323	64272
chr19	7025051	7225051	harbor1	chr19	7090692	7090869	LTR/ERVL	856	+	88	7090780	65729
chr19	7025051	7225051	harbor1	chr19	7091175	7091294	LTR/ERVL	856	+	60	7091235	66184
chr19	7025051	7225051	harbor1	chr19	7092853	7092895	LTR/ERVL	1210	+	21	7092874	67823
chr19	7025051	7225051	harbor1	chr19	7093473	7093848	LTR/ERVL	1210	+	188	7093661	68610
chr19	37737411	37937411	harbor1	chr19	37813282	37813779	LTR/ERVL	2067	+	248	37813530	76119
chr19	50038465	50238465	harbor1	chr19	50050010	50050353	LTR/ERVL	1690	+	172	50050182	11717
chr19	50038465	50238465	harbor1	chr19	50070938	50071109	LTR/ERVL	1062	+	86	50071024	32559
chr19	50038465	50238465	harbor1	chr19	50071242	50071366	LTR/ERVL	1062	+	62	50071304	32839
chr19	50038465	50238465	harbor1	chr19	50071495	50071772	LTR/ERVL	1109	+	138	50071633	33168
chr20	17757330	17957330	harbor1	chr20	17775999	17776256	LTR/ERVL	869	+	128	17776127	18797
chr20	17757330	17957330	harbor1	chr20	17793154	17793246	LTR/ERVL	477	+	46	17793200	35870
chr20	17757330	17957330	harbor1	chr20	17793686	17794040	LTR/ERVL	1188	+	177	17793863	36533
chr20	17757330	17957330	harbor1	chr20	17796437	17796790	LTR/ERVL	498	+	176	17796613	39283
chr20	17757330	17957330	harbor1	chr20	17798174	17798630	LTR/ERVL	1141	+	228	17798402	41072
chr20	17757330	17957330	harbor1	chr20	17824761	17825084	LTR/ERVL	558	+	162	17824923	67593
chr20	17757330	17957330	harbor1	chr20	17838527	17838909	LTR/ERVL	1022	+	191	17838718	81388
chr20	44779652	44979652	harbor1	chr20	44796977	44797174	LTR/ERVL	1101	+	98	44797075	17423
chr20	44779652	44979652	harbor1	chr20	44797397	44797530	LTR/ERVL	1101	+	66	44797463	17811
chr20	44779652	44979652	harbor1	chr20	44798527	44798908	LTR/ERVL	1061	+	190	44798717	19065
chr20	44779652	44979652	harbor1	chr20	44865468	44865553	LTR/ERVL	626	+	42	44865510	85858
chr20	44779652	44979652	harbor1	chr20	44870970	44871103	LTR/ERVL	503	+	66	44871036	91384
chr20	30361425	30561425	harbor1	chr20	30406579	30406717	LTR/ERVL	446	+	69	30406648	45223
chr20	30361425	30561425	harbor1	chr20	30412514	30412792	LTR/ERVL	1035	+	139	30412653	51228
chr20	30361425	30561425	harbor1	chr20	30413254	30413797	LTR/ERVL	2150	+	272	30413526	52101
chr20	30361425	30561425	harbor1	chr20	30414103	30414351	LTR/ERVL	2150	+	124	30414227	52802
chr20	30361425	30561425	harbor1	chr20	30416948	30417381	LTR/ERVL	1696	+	216	30417164	55739
chr20	30361425	30561425	harbor1	chr20	30417382	30417835	LTR/ERVL	4441	+	226	30417608	56183
chr20	30361425	30561425	harbor1	chr20	30418132	30419402	LTR/ERVL	4441	+	635	30418767	57342
chr20	30361425	30561425	harbor1	chr20	30419890	30420207	LTR/ERVL	776	+	158	30420048	58623
chr20	6845781	7045781	harbor1	chr20	6856443	6856629	LTR/ERVL	573	+	93	6856536	10755
chr20	6845781	7045781	harbor1	chr20	6876014	6876198	LTR/ERVL	824	+	92	6876106	30325
chr20	6845781	7045781	harbor1	chr20	6876492	6876731	LTR/ERVL	824	+	120	6876612	30831
chr20	6845781	7045781	harbor1	chr20	6899625	6899978	LTR/ERVL	888	+	176	6899801	54020
chr20	6845781	7045781	harbor1	chr20	6900270	6900314	LTR/ERVL	888	+	22	6900292	54511
chr20	6845781	7045781	harbor1	chr20	6901742	6902110	LTR/ERVL	1002	+	184	6901926	56145
chr20	6845781	7045781	harbor1	chr20	6930942	6931327	LTR/ERVL	1497	+	192	6931134	85353
chr20	20691771	20891771	harbor1	chr20	20741125	20741531	LTR/ERVL	661	+	203	20741328	49557
chr20	20691771	20891771	harbor1	chr20	20762549	20762963	LTR/ERVL	856	+	207	20762756	70985
chr20	20691771	20891771	harbor1	chr20	20773347	20773633	LTR/ERVL	622	+	143	20773490	81719
chr20	20691771	20891771	harbor1	chr20	20787106	20787472	LTR/ERVL	1068	+	183	20787289	95518
chr20	41219839	41419839	harbor1	chr20	41296631	41297105	LTR/ERVL	1029	+	237	41296868	77029
chr20	18831823	19031823	harbor1	chr20	18848236	18848473	LTR/ERVL	901	+	118	18848354	16531
chr20	18831823	19031823	harbor1	chr20	18849082	18849505	LTR/ERVL	1677	+	212	18849294	17471
chr20	18831823	19031823	harbor1	chr20	18854933	18855235	LTR/ERVL	525	+	151	18855084	23261
chr20	18831823	19031823	harbor1	chr20	18899862	18900168	LTR/ERVL	821	+	153	18900015	68192
chr20	18831823	19031823	harbor1	chr20	18904203	18904489	LTR/ERVL	1061	+	143	18904346	72523
chr20	18831823	19031823	harbor1	chr20	18914171	18914916	LTR/ERVL	3326	+	372	18914543	82720
chr20	29332595	29532595	harbor1	chr20	29401429	29401544	LTR/ERVL	847	+	58	29401487	68892
chr20	29332595	29532595	harbor1	chr20	29401646	29401950	LTR/ERVL	1972	+	152	29401798	69203
chr20	29332595	29532595	harbor1	chr20	29402214	29402408	LTR/ERVL	1056	+	97	29402311	69716
chr20	11155507	11355507	harbor1	chr20	11177697	11178148	LTR/ERVL	1883	+	226	11177923	22416
chr20	23158929	23358929	harbor1	chr20	23178379	23178736	LTR/ERVL	819	+	178	23178557	19628
chr20	23158929	23358929	harbor1	chr20	23192134	23192537	LTR/ERVL	1193	+	202	23192336	33407
chr20	23158929	23358929	harbor1	chr20	23227899	23228201	LTR/ERVL	2001	+	151	23228050	69121
chr20	23158929	23358929	harbor1	chr20	23245761	23245935	LTR/ERVL	476	+	87	23245848	86919
chr20	13106023	13306023	harbor1	chr20	13181069	13181444	LTR/ERVL	846	+	188	13181257	75234
chr20	13106023	13306023	harbor1	chr20	13195283	13195727	LTR/ERVL	1104	+	222	13195505	89482
chr20	24689611	24889611	harbor1	chr20	24724313	24724736	LTR/ERVL	2268	+	212	24724525	34914
chr20	24689611	24889611	harbor1	chr20	24746199	24746443	LTR/ERVL	492	+	122	24746321	56710
chr20	24689611	24889611	harbor1	chr20	24784872	24785114	LTR/ERVL	712	+	121	24784993	95382
chr20	24689611	24889611	harbor1	chr20	24786927	24787047	LTR/ERVL	449	+	60	24786987	97376
chr20	42199979	42399979	harbor1	chr20	42222322	42222578	LTR/ERVL	1301	+	128	42222450	22471
chr20	42199979	42399979	harbor1	chr20	42222584	42223124	LTR/ERVL	2995	+	270	42222854	22875
chr20	42199979	42399979	harbor1	chr20	42268819	42269252	LTR/ERVL	1442	+	216	42269035	69056
chr20	2699012	2899012	harbor1	chr20	2699966	2700342	LTR/ERVL	1596	+	188	2700154	1142
chr20	2699012	2899012	harbor1	chr20	2791683	2791809	LTR/ERVL	425	+	63	2791746	92734
chr20	2699012	2899012	harbor1	chr20	2793335	2793441	LTR/ERVL	420	+	53	2793388	94376
chr20	55891299	56091299	harbor1	chr20	55936756	55937262	LTR/ERVL	2155	+	253	55937009	45710
chr20	55891299	56091299	harbor1	chr20	55938405	55938765	LTR/ERVL	1622	+	180	55938585	47286
chr20	55891299	56091299	harbor1	chr20	55939365	55939411	LTR/ERVL	1622	+	23	55939388	48089
chr20	55891299	56091299	harbor1	chr20	55948176	55948687	LTR/ERVL	1878	+	256	55948432	57133
chr20	55891299	56091299	harbor1	chr20	55981506	55981920	LTR/ERVL	965	+	207	55981713	90414
chr20	55891299	56091299	harbor1	chr20	55984350	55984785	LTR/ERVL	2125	+	218	55984568	93269
chr20	29366170	29566170	harbor1	chr20	29401429	29401544	LTR/ERVL	847	+	58	29401487	35317
chr20	29366170	29566170	harbor1	chr20	29401646	29401950	LTR/ERVL	1972	+	152	29401798	35628
chr20	29366170	29566170	harbor1	chr20	29402214	29402408	LTR/ERVL	1056	+	97	29402311	36141
chr20	52563354	52763354	harbor1	chr20	52579140	52579462	LTR/ERVL	961	+	161	52579301	15947
chr20	52563354	52763354	harbor1	chr20	52582173	52582507	LTR/ERVL	1055	+	167	52582340	18986
chr20	52563354	52763354	harbor1	chr20	52589859	52590407	LTR/ERVL	2103	+	274	52590133	26779
chr20	52563354	52763354	harbor1	chr20	52631701	52632022	LTR/ERVL	697	+	160	52631861	68507
chr20	52563354	52763354	harbor1	chr20	52636795	52637007	LTR/ERVL	862	+	106	52636901	73547
chr20	52563354	52763354	harbor1	chr20	52650041	52650509	LTR/ERVL	2598	+	234	52650275	86921
chr20	22657682	22857682	harbor1	chr20	22686187	22686628	LTR/ERVL	1266	+	220	22686407	28725
chr20	22657682	22857682	harbor1	chr20	22687887	22688077	LTR/ERVL	589	+	95	22687982	30300
chr20	22657682	22857682	harbor1	chr20	22730491	22730962	LTR/ERVL	878	+	236	22730727	73045
chr20	30197384	30397384	harbor1	chr20	30239067	30239495	LTR/ERVL	448	+	214	30239281	41897
chr20	30197384	30397384	harbor1	chr20	30239726	30240125	LTR/ERVL	623	+	200	30239926	42542
chr20	30197384	30397384	harbor1	chr20	30240121	30240374	LTR/ERVL	543	+	126	30240247	42863
chr20	30197384	30397384	harbor1	chr20	30240349	30241357	LTR/ERVL	2104	+	504	30240853	43469
chr20	30197384	30397384	harbor1	chr20	30241878	30242188	LTR/ERVL	457	+	155	30242033	44649
chr20	20127999	20327999	harbor1	chr20	20159862	20160054	LTR/ERVL	473	+	96	20159958	31959
chr20	20127999	20327999	harbor1	chr20	20160834	20161121	LTR/ERVL	672	+	144	20160978	32979
chr20	20127999	20327999	harbor1	chr20	20192290	20192468	LTR/ERVL	519	+	89	20192379	64380
chr20	20127999	20327999	harbor1	chr20	20219795	20220708	LTR/ERVL	3513	+	456	20220251	92252
chr20	58030911	58230911	harbor1	chr20	58065058	58065176	LTR/ERVL	508	+	59	58065117	34206
chr20	58030911	58230911	harbor1	chr20	58099752	58099935	LTR/ERVL	444	+	92	58099844	68933
chr20	58030911	58230911	harbor1	chr20	58103463	58103870	LTR/ERVL	1126	+	204	58103667	72756
chr20	58030911	58230911	harbor1	chr20	58110397	58110623	LTR/ERVL	442	+	113	58110510	79599
chr20	51830911	52030911	harbor1	chr20	51832317	51832751	LTR/ERVL	1334	+	217	51832534	1623
chr20	23018105	23218105	harbor1	chr20	23029219	23029709	LTR/ERVL	1626	+	245	23029464	11359
chr20	23018105	23218105	harbor1	chr20	23068213	23068568	LTR/ERVL	1511	+	178	23068391	50286
chr20	23018105	23218105	harbor1	chr20	23074337	23074560	LTR/ERVL	499	+	112	23074449	56344
chr20	44269064	44469064	harbor1	chr20	44287297	44287751	LTR/ERVL	2620	+	227	44287524	18460
chr20	44269064	44469064	harbor1	chr20	44289974	44290368	LTR/ERVL	1728	+	197	44290171	21107
chr20	10417114	10617114	harbor1	chr20	10431973	10432384	LTR/ERVL	1583	+	206	10432179	15065
chr20	2881387	3081387	harbor1	chr20	2942574	2942685	LTR/ERVL	422	+	56	2942630	61243
chr20	2881387	3081387	harbor1	chr20	2951416	2951858	LTR/ERVL	1752	+	221	2951637	70250
chr20	41546184	41746184	harbor1	chr20	41566411	41566918	LTR/ERVL	2976	+	254	41566665	20481
chr20	41546184	41746184	harbor1	chr20	41566927	41567022	LTR/ERVL	429	+	48	41566975	20791
chr20	41546184	41746184	harbor1	chr20	41567918	41568065	LTR/ERVL	575	+	74	41567992	21808
chr20	41546184	41746184	harbor1	chr20	41572077	41572470	LTR/ERVL	1721	+	196	41572273	26089
chr20	41546184	41746184	harbor1	chr20	41572655	41572814	LTR/ERVL	733	+	80	41572735	26551
chr20	41546184	41746184	harbor1	chr20	41630647	41631208	LTR/ERVL	2236	+	280	41630927	84743
chr20	36561286	36761286	harbor1	chr20	36638754	36638848	LTR/ERVL	2047	+	47	36638801	77515
chr20	36561286	36761286	harbor1	chr20	36639139	36639396	LTR/ERVL	2047	+	128	36639267	77981
chr20	36561286	36761286	harbor1	chr20	36639426	36639457	LTR/ERVL	2047	+	16	36639442	78156
chr20	36561286	36761286	harbor1	chr20	36647829	36648199	LTR/ERVL	2298	+	185	36648014	86728
chr20	36561286	36761286	harbor1	chr20	36648498	36648547	LTR/ERVL	2298	+	24	36648522	87236
chr20	36561286	36761286	harbor1	chr20	36648844	36648864	LTR/ERVL	2298	+	10	36648854	87568
chr20	36561286	36761286	harbor1	chr20	36648996	36649329	LTR/ERVL	2298	+	166	36649162	87876
chr20	9402040	9602040	harbor1	chr20	9443362	9443792	LTR/ERVL	1515	+	215	9443577	41537
chr20	9402040	9602040	harbor1	chr20	9497607	9498090	LTR/ERVL	1775	+	242	9497849	95809
chr20	6569772	6769772	harbor1	chr20	6579261	6579602	LTR/ERVL	1480	+	170	6579431	9659
chr20	6569772	6769772	harbor1	chr20	6648119	6648157	LTR/ERVL	612	+	19	6648138	78366
chr20	6569772	6769772	harbor1	chr20	6648484	6648638	LTR/ERVL	612	+	77	6648561	78789
chr20	6569772	6769772	harbor1	chr20	6662830	6663022	LTR/ERVL	597	+	96	6662926	93154
chr20	6569772	6769772	harbor1	chr20	6667911	6668299	LTR/ERVL	677	+	194	6668105	98333
chr20	19356745	19556745	harbor1	chr20	19374793	19375178	LTR/ERVL	1284	+	192	19374985	18240
chr20	19356745	19556745	harbor1	chr20	19401671	19402056	LTR/ERVL	1510	+	192	19401863	45118
chr20	19356745	19556745	harbor1	chr20	19455377	19455828	LTR/ERVL	644	+	226	19455603	98858
chr20	31506248	31706248	harbor1	chr20	31533195	31533220	LTR/ERVL	1390	+	12	31533207	26959
chr20	31506248	31706248	harbor1	chr20	31533527	31533829	LTR/ERVL	1390	+	151	31533678	27430
chr20	39446282	39646282	harbor1	chr20	39460906	39461209	LTR/ERVL	474	+	152	39461058	14776
chr20	39446282	39646282	harbor1	chr20	39500934	39501274	LTR/ERVL	573	+	170	39501104	54822
chr20	39446282	39646282	harbor1	chr20	39532307	39532725	LTR/ERVL	1198	+	209	39532516	86234
chr20	39446282	39646282	harbor1	chr20	39544096	39544510	LTR/ERVL	1534	+	207	39544303	98021
chr20	39446282	39646282	harbor1	chr20	39544521	39545799	LTR/ERVL	3081	+	639	39545160	98878
chr20	39446282	39646282	harbor1	chr20	39545806	39546237	LTR/ERVL	1524	+	216	39546022	99740
chr20	19048291	19248291	harbor1	chr20	19091346	19091705	LTR/ERVL	439	+	180	19091526	43235
chr20	19048291	19248291	harbor1	chr20	19092067	19092097	LTR/ERVL	439	+	15	19092082	43791
chr20	19048291	19248291	harbor1	chr20	19095608	19095751	LTR/ERVL	494	+	72	19095680	47389
chr20	19048291	19248291	harbor1	chr20	19141895	19142503	LTR/ERVL	1402	+	304	19142199	93908
chr20	42133499	42333499	harbor1	chr20	42138208	42138400	LTR/ERVL	584	+	96	42138304	4805
chr20	42133499	42333499	harbor1	chr20	42222322	42222578	LTR/ERVL	1301	+	128	42222450	88951
chr20	42133499	42333499	harbor1	chr20	42222584	42223124	LTR/ERVL	2995	+	270	42222854	89355
chr20	59417815	59617815	harbor1	chr20	59439319	59440194	LTR/ERVL	1906	+	438	59439757	21942
chr20	59417815	59617815	harbor1	chr20	59440546	59440796	LTR/ERVL	422	+	125	59440671	22856
chr20	23678846	23878846	harbor1	chr20	23702992	23703272	LTR/ERVL	768	+	140	23703132	24286
chr20	23678846	23878846	harbor1	chr20	23765688	23766080	LTR/ERVL	902	+	196	23765884	87038
chr20	1999665	2199665	harbor1	chr20	2043248	2044139	LTR/ERVL	2506	+	446	2043694	44029
chr20	1999665	2199665	harbor1	chr20	2044140	2045392	LTR/ERVL	2453	+	626	2044766	45101
chr20	1999665	2199665	harbor1	chr20	2045402	2045827	LTR/ERVL	1792	+	212	2045614	45949
chr20	1999665	2199665	harbor1	chr20	2046109	2046531	LTR/ERVL	1792	+	211	2046320	46655
chr20	1999665	2199665	harbor1	chr20	2048824	2049577	LTR/ERVL	1359	+	376	2049200	49535
chr20	1999665	2199665	harbor1	chr20	2059326	2059753	LTR/ERVL	941	+	214	2059540	59875
chr20	1999665	2199665	harbor1	chr20	2079133	2079482	LTR/ERVL	876	+	174	2079307	79642
chr20	17346552	17546552	harbor1	chr20	17355684	17356038	LTR/ERVL	814	+	177	17355861	9309
chr20	17346552	17546552	harbor1	chr20	17380904	17381035	LTR/ERVL	484	+	66	17380970	34418
chr20	17346552	17546552	harbor1	chr20	17438596	17439012	LTR/ERVL	1338	+	208	17438804	92252
chr20	25506175	25706175	harbor1	chr20	25547034	25547281	LTR/ERVL	506	+	124	25547158	40983
chr20	25506175	25706175	harbor1	chr20	25547287	25547667	LTR/ERVL	1515	+	190	25547477	41302
chr20	25506175	25706175	harbor1	chr20	25560249	25560443	LTR/ERVL	748	+	97	25560346	54171
chr21	24631959	24831959	harbor1	chr21	24714143	24714724	LTR/ERVL	1669	+	290	24714433	82474
chr21	24631959	24831959	harbor1	chr21	24727699	24728098	LTR/ERVL	953	+	200	24727899	95940
chr21	24631959	24831959	harbor1	chr21	24731520	24731683	LTR/ERVL	918	+	82	24731602	99643
chr21	34625073	34825073	harbor1	chr21	34636331	34636754	LTR/ERVL	1280	+	212	34636543	11470
chr21	34625073	34825073	harbor1	chr21	34637930	34638156	LTR/ERVL	798	+	113	34638043	12970
chr21	16973945	17173945	harbor1	chr21	16977870	16977950	LTR/ERVL	1058	+	40	16977910	3965
chr21	16973945	17173945	harbor1	chr21	16978330	16978665	LTR/ERVL	1058	+	168	16978498	4553
chr21	16973945	17173945	harbor1	chr21	16978674	16979223	LTR/ERVL	601	+	274	16978948	5003
chr21	16973945	17173945	harbor1	chr21	16992397	16992807	LTR/ERVL	1497	+	205	16992602	18657
chr21	30498359	30698359	harbor1	chr21	30524953	30525256	LTR/ERVL	1484	+	152	30525105	26746
chr21	14491627	14691627	harbor1	chr21	14513938	14514334	LTR/ERVL	1230	+	198	14514136	22509
chr21	14612836	14812836	harbor1	chr21	14633095	14633178	LTR/ERVL	568	+	42	14633137	20301
chr21	20000894	20200894	harbor1	chr21	20027759	20028044	LTR/ERVL	1282	+	142	20027901	27007
chr21	20000894	20200894	harbor1	chr21	20030126	20030432	LTR/ERVL	2173	+	153	20030279	29385
chr21	20000894	20200894	harbor1	chr21	20032372	20032583	LTR/ERVL	2173	+	106	20032478	31584
chr21	20000894	20200894	harbor1	chr21	20057217	20057308	LTR/ERVL	573	+	46	20057263	56369
chr21	20000894	20200894	harbor1	chr21	20057927	20058044	LTR/ERVL	541	+	58	20057985	57091
chr21	20000894	20200894	harbor1	chr21	20083429	20083588	LTR/ERVL	656	+	80	20083509	82615
chr21	20000894	20200894	harbor1	chr21	20083999	20084129	LTR/ERVL	656	+	65	20084064	83170
chr21	20000894	20200894	harbor1	chr21	20091158	20091550	LTR/ERVL	653	+	196	20091354	90460
chr21	37130125	37330125	harbor1	chr21	37131033	37131858	LTR/ERVL	2373	+	412	37131445	1320
chr21	5817152	6017152	harbor1	chr21	5884079	5884276	LTR/ERVL	1256	+	98	5884177	67025
chr21	5817152	6017152	harbor1	chr21	5884257	5884846	LTR/ERVL	3987	+	294	5884551	67399
chr21	5817152	6017152	harbor1	chr21	5884845	5885055	LTR/ERVL	1004	+	105	5884950	67798
chr21	5817152	6017152	harbor1	chr21	5885058	5885455	LTR/ERVL	2464	+	198	5885256	68104
chr21	5817152	6017152	harbor1	chr21	5885455	5885572	LTR/ERVL	607	+	58	5885513	68361
chr21	5817152	6017152	harbor1	chr21	5885676	5885854	LTR/ERVL	764	+	89	5885765	68613
chr21	5817152	6017152	harbor1	chr21	5913162	5913671	LTR/ERVL	892	+	254	5913416	96264
chr21	24448367	24648367	harbor1	chr21	24462267	24462777	LTR/ERVL	1494	+	255	24462522	14155
chr21	24448367	24648367	harbor1	chr21	24492390	24492888	LTR/ERVL	1801	+	249	24492639	44272
chr21	24448367	24648367	harbor1	chr21	24494819	24495153	LTR/ERVL	668	+	167	24494986	46619
chr21	24448367	24648367	harbor1	chr21	24547159	24547621	LTR/ERVL	779	+	231	24547390	99023
chr21	42450690	42650690	harbor1	chr21	42490627	42491388	LTR/ERVL	2067	+	380	42491007	40317
chr21	42450690	42650690	harbor1	chr21	42524753	42525562	LTR/ERVL	2916	+	404	42525157	74467
chr21	7083683	7283683	harbor1	chr21	7147265	7147870	LTR/ERVL	3842	+	302	7147567	63884
chr21	20256392	20456392	harbor1	chr21	20266092	20266616	LTR/ERVL	1134	+	262	20266354	9962
chr21	20256392	20456392	harbor1	chr21	20301995	20302500	LTR/ERVL	1667	+	252	20302247	45855
chr21	20256392	20456392	harbor1	chr21	20314309	20314727	LTR/ERVL	1984	+	209	20314518	58126
chr21	16792096	16992096	harbor1	chr21	16806462	16807661	LTR/ERVL	2341	+	600	16807062	14966
chr21	16792096	16992096	harbor1	chr21	16807716	16808102	LTR/ERVL	846	+	193	16807909	15813
chr21	16792096	16992096	harbor1	chr21	16821662	16822039	LTR/ERVL	515	+	188	16821850	29754
chr21	16792096	16992096	harbor1	chr21	16822405	16823020	LTR/ERVL	1074	+	308	16822713	30617
chr21	16792096	16992096	harbor1	chr21	16823668	16824373	LTR/ERVL	1037	+	352	16824020	31924
chr21	16792096	16992096	harbor1	chr21	16824485	16825630	LTR/ERVL	2274	+	572	16825057	32961
chr21	16792096	16992096	harbor1	chr21	16827168	16827989	LTR/ERVL	1278	+	410	16827578	35482
chr21	16792096	16992096	harbor1	chr21	16847324	16847819	LTR/ERVL	999	+	248	16847572	55476
chr21	16792096	16992096	harbor1	chr21	16848951	16849344	LTR/ERVL	575	+	196	16849147	57051
chr21	26408972	26608972	harbor1	chr21	26425370	26425579	LTR/ERVL	1128	+	104	26425474	16502
chr21	26408972	26608972	harbor1	chr21	26425696	26426245	LTR/ERVL	3713	+	274	26425970	16998
chr21	26408972	26608972	harbor1	chr21	26426570	26426662	LTR/ERVL	3713	+	46	26426616	17644
chr21	26408972	26608972	harbor1	chr21	26426708	26426738	LTR/ERVL	3713	+	15	26426723	17751
chr21	26408972	26608972	harbor1	chr21	26453075	26453609	LTR/ERVL	2321	+	267	26453342	44370
chr21	15464659	15664659	harbor1	chr21	15484725	15485223	LTR/ERVL	2572	+	249	15484974	20315
chr21	15464659	15664659	harbor1	chr21	15559593	15559828	LTR/ERVL	1569	+	118	15559711	95052
chr21	15464659	15664659	harbor1	chr21	15560439	15560805	LTR/ERVL	1569	+	183	15560622	95963
chr21	15464659	15664659	harbor1	chr21	15562071	15562444	LTR/ERVL	1480	+	186	15562257	97598
chr21	32838069	33038069	harbor1	chr21	32898323	32898963	LTR/ERVL	1886	+	320	32898643	60574
chr21	32838069	33038069	harbor1	chr21	32905942	32906336	LTR/ERVL	1769	+	197	32906139	68070
chr21	32838069	33038069	harbor1	chr21	32922382	32922958	LTR/ERVL	2197	+	288	32922670	84601
chr21	33991353	34191353	harbor1	chr21	34038777	34039168	LTR/ERVL	1195	+	196	34038973	47620
chr21	46399461	46599461	harbor1	chr21	46450898	46451173	LTR/ERVL	789	+	138	46451036	51575
chr21	46399461	46599461	harbor1	chr21	46451459	46451621	LTR/ERVL	789	+	81	46451540	52079
chr21	46399461	46599461	harbor1	chr21	46469559	46469850	LTR/ERVL	652	+	146	46469705	70244
chr21	19130418	19330418	harbor1	chr21	19142098	19142229	LTR/ERVL	736	+	66	19142164	11746
chr21	19130418	19330418	harbor1	chr21	19166013	19166904	LTR/ERVL	3164	+	446	19166459	36041
chr21	19130418	19330418	harbor1	chr21	19181502	19181972	LTR/ERVL	2494	+	235	19181737	51319
chr21	19130418	19330418	harbor1	chr21	19182124	19182163	LTR/ERVL	2494	+	20	19182144	51726
chr21	18121982	18321982	harbor1	chr21	18123209	18123417	LTR/ERVL	1515	+	104	18123313	1331
chr21	18121982	18321982	harbor1	chr21	18123809	18123900	LTR/ERVL	1515	+	46	18123855	1873
chr21	18121982	18321982	harbor1	chr21	18124093	18124316	LTR/ERVL	1005	+	112	18124205	2223
chr21	18121982	18321982	harbor1	chr21	18133493	18133951	LTR/ERVL	1324	+	229	18133722	11740
chr21	18121982	18321982	harbor1	chr21	18150671	18150804	LTR/ERVL	3444	+	66	18150737	28755
chr21	18121982	18321982	harbor1	chr21	18151113	18151870	LTR/ERVL	3444	+	378	18151491	29509
chr21	18121982	18321982	harbor1	chr21	18167792	18168335	LTR/ERVL	2109	+	272	18168064	46082
chr21	13893683	14093683	harbor1	chr21	13964464	13965004	LTR/ERVL	2577	+	270	13964734	71051
chr22	10485187	10685187	harbor1	chr22	10556718	10557124	LTR/ERVL	1295	+	203	10556921	71734
chr22	10485187	10685187	harbor1	chr22	10557510	10557902	LTR/ERVL	1543	+	196	10557706	72519
chr22	10485187	10685187	harbor1	chr22	10570452	10570641	LTR/ERVL	499	+	94	10570546	85359
chr22	45598581	45798581	harbor1	chr22	45606657	45607093	LTR/ERVL	1352	+	218	45606875	8294
chr22	45598581	45798581	harbor1	chr22	45607221	45607493	LTR/ERVL	1227	+	136	45607357	8776
chr22	45598581	45798581	harbor1	chr22	45631258	45631511	LTR/ERVL	524	+	126	45631384	32803
chr22	38509582	38709582	harbor1	chr22	38606106	38606172	LTR/ERVL	648	+	33	38606139	96557
chr22	38509582	38709582	harbor1	chr22	38606446	38606602	LTR/ERVL	648	+	78	38606524	96942
chr22	44905154	45105154	harbor1	chr22	44955366	44955858	LTR/ERVL	2340	+	246	44955612	50458
chr22	44905154	45105154	harbor1	chr22	44960552	44960956	LTR/ERVL	1489	+	202	44960754	55600
chr22	44905154	45105154	harbor1	chr22	44962629	44962680	LTR/ERVL	1195	+	26	44962655	57501
chr22	42598210	42798210	harbor1	chr22	42667137	42667275	LTR/ERVL	1672	+	69	42667206	68996
chr22	42598210	42798210	harbor1	chr22	42667885	42668116	LTR/ERVL	1672	+	116	42668001	69791
chr22	42598210	42798210	harbor1	chr22	42680611	42680977	LTR/ERVL	820	+	183	42680794	82584
chr22	42598210	42798210	harbor1	chr22	42682468	42682612	LTR/ERVL	519	+	72	42682540	84330
chr22	42598210	42798210	harbor1	chr22	42682708	42682801	LTR/ERVL	602	+	46	42682754	84544
chr22	42598210	42798210	harbor1	chr22	42683101	42683343	LTR/ERVL	602	+	121	42683222	85012
chr22	16226439	16426439	harbor1	chr22	16250096	16250510	LTR/ERVL	1272	+	207	16250303	23864
chr22	16226439	16426439	harbor1	chr22	16250897	16251281	LTR/ERVL	1382	+	192	16251089	24650
chr22	16226439	16426439	harbor1	chr22	16256738	16257358	LTR/ERVL	1939	+	310	16257048	30609
chr22	16226439	16426439	harbor1	chr22	16303476	16304098	LTR/ERVL	1918	+	311	16303787	77348
chr22	24766312	24966312	harbor1	chr22	24802940	24803056	LTR/ERVL	459	+	58	24802998	36686
chr22	40161042	40361042	harbor1	chr22	40215316	40215578	LTR/ERVL	615	+	131	40215447	54405
chr22	40161042	40361042	harbor1	chr22	40215637	40215832	LTR/ERVL	650	+	98	40215735	54693
chr22	44176045	44376045	harbor1	chr22	44179953	44180415	LTR/ERVL	1334	+	231	44180184	4139
chr22	44176045	44376045	harbor1	chr22	44255833	44256488	LTR/ERVL	1519	+	328	44256161	80116
chr22	42045353	42245353	harbor1	chr22	42083677	42084341	LTR/ERVL	3057	+	332	42084009	38656
chr22	42045353	42245353	harbor1	chr22	42084648	42084935	LTR/ERVL	3057	+	144	42084792	39439
chr22	24879023	25079023	harbor1	chr22	24948724	24948988	LTR/ERVL	547	+	132	24948856	69833
chr22	48734214	48934214	harbor1	chr22	48799364	48799635	LTR/ERVL	487	+	136	48799500	65286
chr22	48734214	48934214	harbor1	chr22	48800131	48800515	LTR/ERVL	659	+	192	48800323	66109
chr22	36652013	36852013	harbor1	chr22	36743138	36743462	LTR/ERVL	1016	+	162	36743300	91287
chr22	15156214	15356214	harbor1	chr22	15211582	15211901	LTR/ERVL	457	+	160	15211742	55528
chr22	16487907	16687907	harbor1	chr22	16550468	16550659	LTR/ERVL	1008	+	96	16550564	62657
chr22	16487907	16687907	harbor1	chr22	16550780	16551586	LTR/ERVL	3519	+	403	16551183	63276
chr22	12165173	12365173	harbor1	chr22	12174809	12174965	LTR/ERVL	816	+	78	12174887	9714
chr22	47287967	47487967	harbor1	chr22	47335747	47335953	LTR/ERVL	896	+	103	47335850	47883
chr22	47287967	47487967	harbor1	chr22	47337075	47337501	LTR/ERVL	1188	+	213	47337288	49321
chr22	47287967	47487967	harbor1	chr22	47339344	47339495	LTR/ERVL	1141	+	76	47339420	51453
chr22	47287967	47487967	harbor1	chr22	47357855	47358233	LTR/ERVL	1860	+	189	47358044	70077
chr22	27397527	27597527	harbor1	chr22	27450368	27450705	LTR/ERVL	1181	+	168	27450536	53009
chr22	27397527	27597527	harbor1	chr22	27455137	27455323	LTR/ERVL	587	+	93	27455230	57703
chr22	27397527	27597527	harbor1	chr22	27458863	27459318	LTR/ERVL	1503	+	228	27459091	61564
chr22	40561426	40761426	harbor1	chr22	40619040	40619235	LTR/ERVL	1114	+	98	40619138	57712
chr22	40561426	40761426	harbor1	chr22	40660838	40661423	LTR/ERVL	1406	+	292	40661130	99704
chr22	33915598	34115598	harbor1	chr22	33940248	33940568	LTR/ERVL	470	+	160	33940408	24810
chr22	23730633	23930633	harbor1	chr22	23755895	23756010	LTR/ERVL	1530	+	58	23755953	25320
chr22	23730633	23930633	harbor1	chr22	23756308	23756320	LTR/ERVL	1530	+	6	23756314	25681
chr22	23730633	23930633	harbor1	chr22	23756928	23757251	LTR/ERVL	1530	+	162	23757090	26457
chr22	23730633	23930633	harbor1	chr22	23757587	23757620	LTR/ERVL	1530	+	16	23757603	26970
chr22	25534051	25734051	harbor1	chr22	25548599	25548741	LTR/ERVL	553	+	71	25548670	14619
chr22	27975529	28175529	harbor1	chr22	28005409	28006026	LTR/ERVL	786	+	308	28005717	30188
chr22	27975529	28175529	harbor1	chr22	28031712	28032124	LTR/ERVL	1375	+	206	28031918	56389
chr22	27975529	28175529	harbor1	chr22	28033526	28033687	LTR/ERVL	658	+	80	28033606	58077
chr22	47982205	48182205	harbor1	chr22	47988017	47988306	LTR/ERVL	1567	+	144	47988161	5956
chr22	47982205	48182205	harbor1	chr22	48075771	48076276	LTR/ERVL	2628	+	252	48076023	93818
chr22	16504276	16704276	harbor1	chr22	16550468	16550659	LTR/ERVL	1008	+	96	16550564	46288
chr22	16504276	16704276	harbor1	chr22	16550780	16551586	LTR/ERVL	3519	+	403	16551183	46907
chr22	34074412	34274412	harbor1	chr22	34126552	34126959	LTR/ERVL	1215	+	204	34126756	52344
chr22	34074412	34274412	harbor1	chr22	34129192	34129451	LTR/ERVL	722	+	130	34129322	54910
chr22	11758260	11958260	harbor1	chr22	11783387	11783786	LTR/ERVL	827	+	200	11783587	25327
chr22	11758260	11958260	harbor1	chr22	11786766	11787073	LTR/ERVL	779	+	154	11786920	28660
chr22	11758260	11958260	harbor1	chr22	11795075	11795130	LTR/ERVL	933	+	28	11795103	36843
chr22	11758260	11958260	harbor1	chr22	11795792	11796001	LTR/ERVL	933	+	104	11795896	37636
chrX	57100477	57300477	harbor1	chrX	57169438	57169496	LTR/ERVL	1538	+	29	57169467	68990
chrX	57100477	57300477	harbor1	chrX	57169570	57169857	LTR/ERVL	1538	+	144	57169714	69237
chrX	8324370	8524370	harbor1	chrX	8335979	8336532	LTR/ERVL	1559	+	276	8336255	11885
chrX	8324370	8524370	harbor1	chrX	8346270	8346732	LTR/ERVL	2005	+	231	8346501	22131
chrX	8324370	8524370	harbor1	chrX	8383194	8383433	LTR/ERVL	584	+	120	8383314	58944
chrX	120009773	120209773	harbor1	chrX	120032424	120032827	LTR/ERVL	1847	+	202	120032626	22853
chrX	120009773	120209773	harbor1	chrX	120052531	120052931	LTR/ERVL	2259	+	200	120052731	42958
chrX	120009773	120209773	harbor1	chrX	120059308	120059470	LTR/ERVL	732	+	81	120059389	49616
chrX	120009773	120209773	harbor1	chrX	120063346	120063760	LTR/ERVL	2766	+	207	120063553	53780
chrX	146405723	146605723	harbor1	chrX	146501223	146501629	LTR/ERVL	1439	+	203	146501426	95703
chrX	146405723	146605723	harbor1	chrX	146501756	146502500	LTR/ERVL	3182	+	372	146502128	96405
chrX	146405723	146605723	harbor1	chrX	146502874	146503572	LTR/ERVL	3182	+	349	146503223	97500
chrX	146405723	146605723	harbor1	chrX	146503600	146504172	LTR/ERVL	1448	+	286	146503886	98163
chrX	146405723	146605723	harbor1	chrX	146504201	146504430	LTR/ERVL	2098	+	114	146504315	98592
chrX	146405723	146605723	harbor1	chrX	146504742	146505226	LTR/ERVL	2098	+	242	146504984	99261
chrX	38326752	38526752	harbor1	chrX	38425180	38425655	LTR/ERVL	1441	+	238	38425418	98666
chrX	79028734	79228734	harbor1	chrX	79100264	79100716	LTR/ERVL	2038	+	226	79100490	71756
chrX	79028734	79228734	harbor1	chrX	79101251	79101289	LTR/ERVL	2038	+	19	79101270	72536
chrX	88193192	88393192	harbor1	chrX	88207632	88207876	LTR/ERVL	1225	+	122	88207754	14562
chrX	88193192	88393192	harbor1	chrX	88214022	88214461	LTR/ERVL	1748	+	220	88214242	21050
chrX	88193192	88393192	harbor1	chrX	88216128	88216564	LTR/ERVL	1778	+	218	88216346	23154
chrX	88193192	88393192	harbor1	chrX	88216613	88216673	LTR/ERVL	1778	+	30	88216643	23451
chrX	88193192	88393192	harbor1	chrX	88216674	88217690	LTR/ERVL	4735	+	508	88217182	23990
chrX	88193192	88393192	harbor1	chrX	88217693	88219758	LTR/ERVL	18812	+	1032	88218725	25533
chrX	88193192	88393192	harbor1	chrX	88220146	88221306	LTR/ERVL	18812	+	580	88220726	27534
chrX	88193192	88393192	harbor1	chrX	88221705	88221911	LTR/ERVL	18812	+	103	88221808	28616
chrX	88193192	88393192	harbor1	chrX	88222553	88223186	LTR/ERVL	3011	+	316	88222869	29677
chrX	88193192	88393192	harbor1	chrX	88225201	88225423	LTR/ERVL	1098	+	111	88225312	32120
chrX	88193192	88393192	harbor1	chrX	88225424	88225899	LTR/ERVL	2145	+	238	88225662	32470
chrX	88193192	88393192	harbor1	chrX	88225933	88225984	LTR/ERVL	2145	+	26	88225959	32767
chrX	88193192	88393192	harbor1	chrX	88269795	88270275	LTR/ERVL	1357	+	240	88270035	76843
chrX	1393857	1593857	harbor1	chrX	1422144	1422500	LTR/ERVL	1442	+	178	1422322	28465
chrX	1393857	1593857	harbor1	chrX	1433124	1433383	LTR/ERVL	1065	+	130	1433254	39397
chrX	1393857	1593857	harbor1	chrX	1433701	1434176	LTR/ERVL	1065	+	238	1433939	40082
chrX	1393857	1593857	harbor1	chrX	1461035	1461426	LTR/ERVL	2929	+	196	1461231	67374
chrX	42813765	43013765	harbor1	chrX	42829450	42830046	LTR/ERVL	2226	+	298	42829748	15983
chrX	42813765	43013765	harbor1	chrX	42837159	42837491	LTR/ERVL	650	+	166	42837325	23560
chrX	42813765	43013765	harbor1	chrX	42845425	42845634	LTR/ERVL	1126	+	104	42845529	31764
chrX	42813765	43013765	harbor1	chrX	42845958	42846195	LTR/ERVL	1126	+	118	42846076	32311
chrX	42813765	43013765	harbor1	chrX	42851341	42851829	LTR/ERVL	1250	+	244	42851585	37820
chrX	42813765	43013765	harbor1	chrX	42865937	42866350	LTR/ERVL	1244	+	206	42866143	52378
chrX	42813765	43013765	harbor1	chrX	42866391	42866830	LTR/ERVL	1047	+	220	42866611	52846
chrX	42813765	43013765	harbor1	chrX	42887073	42887501	LTR/ERVL	1050	+	214	42887287	73522
chrX	42813765	43013765	harbor1	chrX	42896642	42897057	LTR/ERVL	912	+	208	42896850	83085
