H_chr	H_start	H_end	Harbor	TE_chr	TE_start	TE_end	TE	score	TE_strand	TE_half	TE_middle_pos	TE_dis
chr1	85236785	85436785	harbor2	chr1	85245569	85245770	SINE/MIR	907	+	100	85245669	8884
chr1	85236785	85436785	harbor2	chr1	85251890	85252104	SINE/MIR	479	+	107	85251997	15212
chr1	85236785	85436785	harbor2	chr1	85263306	85263520	SINE/MIR	513	+	107	85263413	26628
chr1	85236785	85436785	harbor2	chr1	85271642	85271801	SINE/MIR	518	+	80	85271722	34937
chr1	85236785	85436785	harbor2	chr1	85272627	85272869	SINE/MIR	608	+	121	85272748	35963
chr1	85236785	85436785	harbor2	chr1	85304781	85304889	SINE/MIR	440	+	54	85304835	68050
chr1	85236785	85436785	harbor2	chr1	85322533	85322780	SINE/MIR	590	+	124	85322657	85872
chr1	85236785	85436785	harbor2	chr1	85327586	85327850	SINE/MIR	815	+	132	85327718	90933
chr1	83434866	83634866	harbor2	chr1	83448419	83448595	SINE/MIR	413	+	88	83448507	13641
chr1	83434866	83634866	harbor2	chr1	83526879	83527031	SINE/MIR	464	+	76	83526955	92089
chr1	223639212	223839212	harbor2	chr1	223666228	223666451	SINE/MIR	728	+	112	223666340	27128
chr1	223639212	223839212	harbor2	chr1	223666474	223666580	SINE/MIR	428	+	53	223666527	27315
chr1	223639212	223839212	harbor2	chr1	223703147	223703311	SINE/MIR	766	+	82	223703229	64017
chr1	223639212	223839212	harbor2	chr1	223711940	223712168	SINE/MIR	756	+	114	223712054	72842
chr1	223639212	223839212	harbor2	chr1	223716897	223717106	SINE/MIR	459	+	104	223717001	77789
chr1	223639212	223839212	harbor2	chr1	223721693	223721939	SINE/MIR	557	+	123	223721816	82604
chr1	223639212	223839212	harbor2	chr1	223725032	223725164	SINE/MIR	462	+	66	223725098	85886
chr1	181675233	181875233	harbor2	chr1	181678695	181678883	SINE/MIR	742	+	94	181678789	3556
chr1	181675233	181875233	harbor2	chr1	181681681	181681814	SINE/MIR	499	+	66	181681747	6514
chr1	181675233	181875233	harbor2	chr1	181708640	181708856	SINE/MIR	467	+	108	181708748	33515
chr1	181675233	181875233	harbor2	chr1	181710409	181710577	SINE/MIR	549	+	84	181710493	35260
chr1	181675233	181875233	harbor2	chr1	181722484	181722697	SINE/MIR	550	+	106	181722590	47357
chr1	181675233	181875233	harbor2	chr1	181725266	181725508	SINE/MIR	562	+	121	181725387	50154
chr1	181675233	181875233	harbor2	chr1	181729467	181729638	SINE/MIR	457	+	86	181729553	54320
chr1	181675233	181875233	harbor2	chr1	181734102	181734265	SINE/MIR	597	+	82	181734184	58951
chr1	181675233	181875233	harbor2	chr1	181735789	181735874	SINE/MIR	404	+	42	181735831	60598
chr1	181675233	181875233	harbor2	chr1	181741211	181741427	SINE/MIR	456	+	108	181741319	66086
chr1	181675233	181875233	harbor2	chr1	181746833	181747042	SINE/MIR	517	+	104	181746937	71704
chr1	181675233	181875233	harbor2	chr1	181749480	181749709	SINE/MIR	550	+	114	181749594	74361
chr1	181675233	181875233	harbor2	chr1	181769018	181769227	SINE/MIR	545	+	104	181769122	93889
chr1	178027537	178227537	harbor2	chr1	178049429	178049576	SINE/MIR	511	+	74	178049503	21966
chr1	178027537	178227537	harbor2	chr1	178068252	178068419	SINE/MIR	450	+	84	178068336	40799
chr1	178027537	178227537	harbor2	chr1	178070337	178070541	SINE/MIR	526	+	102	178070439	42902
chr1	178027537	178227537	harbor2	chr1	178095759	178095940	SINE/MIR	654	+	90	178095849	68312
chr1	178027537	178227537	harbor2	chr1	178028372	178028605	SINE/MIR	506	+	116	178028488	951
chr1	179174585	179374585	harbor2	chr1	179181390	179181593	SINE/MIR	566	+	102	179181492	6907
chr1	179174585	179374585	harbor2	chr1	179203801	179203996	SINE/MIR	762	+	98	179203899	29314
chr1	179174585	179374585	harbor2	chr1	179220117	179220315	SINE/MIR	624	+	99	179220216	45631
chr1	179174585	179374585	harbor2	chr1	179231599	179231833	SINE/MIR	958	+	117	179231716	57131
chr1	237881455	238081455	harbor2	chr1	237890992	237891195	SINE/MIR	632	+	102	237891094	9639
chr1	237881455	238081455	harbor2	chr1	237893000	237893211	SINE/MIR	426	+	106	237893106	11651
chr1	237881455	238081455	harbor2	chr1	237920973	237921169	SINE/MIR	587	+	98	237921071	39616
chr1	237881455	238081455	harbor2	chr1	237921606	237921847	SINE/MIR	489	+	120	237921726	40271
chr1	237881455	238081455	harbor2	chr1	237929301	237929479	SINE/MIR	539	+	89	237929390	47935
chr1	213652921	213852921	harbor2	chr1	213690620	213690856	SINE/MIR	743	+	118	213690738	37817
chr1	213652921	213852921	harbor2	chr1	213714040	213714277	SINE/MIR	459	+	118	213714158	61237
chr1	213652921	213852921	harbor2	chr1	213751917	213752084	SINE/MIR	497	+	84	213752001	99080
chr1	216714048	216914048	harbor2	chr1	216728996	216729201	SINE/MIR	515	+	102	216729098	15050
chr1	216714048	216914048	harbor2	chr1	216729335	216729372	SINE/MIR	515	+	18	216729353	15305
chr1	216714048	216914048	harbor2	chr1	216745669	216745767	SINE/MIR	405	+	49	216745718	31670
chr1	216714048	216914048	harbor2	chr1	216752719	216752920	SINE/MIR	716	+	100	216752819	38771
chr1	216714048	216914048	harbor2	chr1	216763704	216763927	SINE/MIR	412	+	112	216763816	49768
chr1	216714048	216914048	harbor2	chr1	216798746	216798907	SINE/MIR	617	+	80	216798826	84778
chr1	107497052	107697052	harbor2	chr1	107497084	107497315	SINE/MIR	518	+	116	107497200	148
chr1	107497052	107697052	harbor2	chr1	107530443	107530654	SINE/MIR	574	+	106	107530549	33497
chr1	107497052	107697052	harbor2	chr1	107568149	107568383	SINE/MIR	873	+	117	107568266	71214
chr1	107497052	107697052	harbor2	chr1	107575650	107575782	SINE/MIR	455	+	66	107575716	78664
chr1	113830100	114030100	harbor2	chr1	113865344	113865544	SINE/MIR	410	+	100	113865444	35344
chr1	113830100	114030100	harbor2	chr1	113865998	113866205	SINE/MIR	798	+	104	113866102	36002
chr1	113830100	114030100	harbor2	chr1	113867296	113867500	SINE/MIR	602	+	102	113867398	37298
chr1	113830100	114030100	harbor2	chr1	113916648	113916874	SINE/MIR	607	+	113	113916761	86661
chr1	248710745	248910745	harbor2	chr1	248733302	248733477	SINE/MIR	544	+	88	248733390	22645
chr1	209361823	209561823	harbor2	chr1	209362638	209362790	SINE/MIR	488	+	76	209362714	891
chr1	209361823	209561823	harbor2	chr1	209371136	209371285	SINE/MIR	409	+	74	209371210	9387
chr1	209361823	209561823	harbor2	chr1	209375469	209375696	SINE/MIR	516	+	114	209375583	13760
chr1	209361823	209561823	harbor2	chr1	209377473	209377614	SINE/MIR	563	+	70	209377543	15720
chr1	209361823	209561823	harbor2	chr1	209388402	209388566	SINE/MIR	558	+	82	209388484	26661
chr1	209361823	209561823	harbor2	chr1	209397261	209397478	SINE/MIR	771	+	108	209397369	35546
chr1	209361823	209561823	harbor2	chr1	209398227	209398430	SINE/MIR	404	+	102	209398329	36506
chr1	209361823	209561823	harbor2	chr1	209436406	209436496	SINE/MIR	428	+	45	209436451	74628
chr1	218223925	218423925	harbor2	chr1	218225511	218225669	SINE/MIR	725	+	79	218225590	1665
chr1	218223925	218423925	harbor2	chr1	218225934	218226054	SINE/MIR	725	+	60	218225994	2069
chr1	218223925	218423925	harbor2	chr1	218228084	218228198	SINE/MIR	626	+	57	218228141	4216
chr1	218223925	218423925	harbor2	chr1	218248495	218248721	SINE/MIR	407	+	113	218248608	24683
chr1	218223925	218423925	harbor2	chr1	218253723	218253922	SINE/MIR	524	+	100	218253823	29898
chr1	218223925	218423925	harbor2	chr1	218282580	218282771	SINE/MIR	812	+	96	218282676	58751
chr1	218223925	218423925	harbor2	chr1	218288951	218289128	SINE/MIR	659	+	88	218289039	65114
chr1	218223925	218423925	harbor2	chr1	218305831	218306035	SINE/MIR	760	+	102	218305933	82008
chr1	218223925	218423925	harbor2	chr1	218316541	218316724	SINE/MIR	604	+	92	218316633	92708
chr1	218223925	218423925	harbor2	chr1	218322125	218322338	SINE/MIR	693	+	106	218322231	98306
chr1	240507613	240707613	harbor2	chr1	240516897	240517102	SINE/MIR	660	+	102	240516999	9386
chr1	240507613	240707613	harbor2	chr1	240555244	240555431	SINE/MIR	513	+	94	240555338	47725
chr1	240507613	240707613	harbor2	chr1	240579380	240579535	SINE/MIR	418	+	78	240579458	71845
chr1	240507613	240707613	harbor2	chr1	240593341	240593621	SINE/MIR	537	+	140	240593481	85868
chr1	240507613	240707613	harbor2	chr1	240595643	240595833	SINE/MIR	487	+	95	240595738	88125
chr1	240507613	240707613	harbor2	chr1	240601436	240601624	SINE/MIR	441	+	94	240601530	93917
chr1	240507613	240707613	harbor2	chr1	240601932	240601981	SINE/MIR	441	+	24	240601956	94343
chr1	23715438	23915438	harbor2	chr1	23726881	23727089	SINE/MIR	782	+	104	23726985	11547
chr1	23715438	23915438	harbor2	chr1	23735127	23735371	SINE/MIR	735	+	122	23735249	19811
chr1	23715438	23915438	harbor2	chr1	23742833	23742977	SINE/MIR	411	+	72	23742905	27467
chr1	23715438	23915438	harbor2	chr1	23747342	23747494	SINE/MIR	547	+	76	23747418	31980
chr1	23715438	23915438	harbor2	chr1	23748764	23748962	SINE/MIR	407	+	99	23748863	33425
chr1	23715438	23915438	harbor2	chr1	23753200	23753438	SINE/MIR	577	+	119	23753319	37881
chr1	23715438	23915438	harbor2	chr1	23767744	23767900	SINE/MIR	552	+	78	23767822	52384
chr1	23715438	23915438	harbor2	chr1	23769456	23769575	SINE/MIR	608	+	60	23769516	54078
chr1	23715438	23915438	harbor2	chr1	23770500	23770578	SINE/MIR	608	+	39	23770539	55101
chr1	23715438	23915438	harbor2	chr1	23775773	23775896	SINE/MIR	428	+	62	23775835	60397
chr1	23715438	23915438	harbor2	chr1	23776186	23776256	SINE/MIR	428	+	35	23776221	60783
chr1	23715438	23915438	harbor2	chr1	23781668	23781896	SINE/MIR	796	+	114	23781782	66344
chr1	23715438	23915438	harbor2	chr1	23799109	23799295	SINE/MIR	423	+	93	23799202	83764
chr1	23715438	23915438	harbor2	chr1	23809893	23810041	SINE/MIR	643	+	74	23809967	94529
chr1	23715438	23915438	harbor2	chr1	23810162	23810321	SINE/MIR	484	+	80	23810242	94804
chr1	57565137	57765137	harbor2	chr1	57572211	57572382	SINE/MIR	508	+	86	57572297	7160
chr1	57565137	57765137	harbor2	chr1	57572416	57572639	SINE/MIR	1048	+	112	57572528	7391
chr1	57565137	57765137	harbor2	chr1	57581478	57581619	SINE/MIR	422	+	70	57581548	16411
chr1	57565137	57765137	harbor2	chr1	57591161	57591323	SINE/MIR	547	+	81	57591242	26105
chr1	57565137	57765137	harbor2	chr1	57591501	57591722	SINE/MIR	671	+	110	57591611	26474
chr1	57565137	57765137	harbor2	chr1	57598339	57598520	SINE/MIR	626	+	90	57598429	33292
chr1	57565137	57765137	harbor2	chr1	57599492	57599670	SINE/MIR	429	+	89	57599581	34444
chr1	57565137	57765137	harbor2	chr1	57613787	57613972	SINE/MIR	455	+	92	57613879	48742
chr1	57565137	57765137	harbor2	chr1	57618821	57619030	SINE/MIR	757	+	104	57618925	53788
chr1	57565137	57765137	harbor2	chr1	57624282	57624406	SINE/MIR	423	+	62	57624344	59207
chr1	57565137	57765137	harbor2	chr1	57628059	57628308	SINE/MIR	754	+	124	57628183	63046
chr1	57565137	57765137	harbor2	chr1	57634282	57634503	SINE/MIR	524	+	110	57634392	69255
chr1	57565137	57765137	harbor2	chr1	57640139	57640260	SINE/MIR	436	+	60	57640199	75062
chr1	57565137	57765137	harbor2	chr1	57641932	57642062	SINE/MIR	421	+	65	57641997	76860
chr1	57565137	57765137	harbor2	chr1	57651521	57651672	SINE/MIR	545	+	76	57651597	86460
chr1	57565137	57765137	harbor2	chr1	57659474	57659670	SINE/MIR	487	+	98	57659572	94435
chr1	57565137	57765137	harbor2	chr1	57661247	57661410	SINE/MIR	470	+	82	57661329	96192
chr1	174449313	174649313	harbor2	chr1	174466806	174467016	SINE/MIR	481	+	105	174466911	17598
chr1	174449313	174649313	harbor2	chr1	174499534	174499739	SINE/MIR	599	+	102	174499636	50323
chr1	170157294	170357294	harbor2	chr1	170161481	170161716	SINE/MIR	460	+	118	170161599	4305
chr1	170157294	170357294	harbor2	chr1	170221387	170221571	SINE/MIR	920	+	92	170221479	64185
chr1	170157294	170357294	harbor2	chr1	170230428	170230569	SINE/MIR	468	+	70	170230498	73204
chr1	170157294	170357294	harbor2	chr1	170242440	170242692	SINE/MIR	620	+	126	170242566	85272
chr1	239853196	240053196	harbor2	chr1	239858393	239858560	SINE/MIR	457	+	84	239858477	5281
chr1	239853196	240053196	harbor2	chr1	239890383	239890603	SINE/MIR	533	+	110	239890493	37297
chr1	239853196	240053196	harbor2	chr1	239892993	239893207	SINE/MIR	724	+	107	239893100	39904
chr1	239853196	240053196	harbor2	chr1	239893406	239893620	SINE/MIR	644	+	107	239893513	40317
chr1	153694467	153894467	harbor2	chr1	153699502	153699755	SINE/MIR	872	+	126	153699628	5161
chr1	153694467	153894467	harbor2	chr1	153744897	153745084	SINE/MIR	542	+	94	153744991	50524
chr1	245342135	245542135	harbor2	chr1	245382351	245382474	SINE/MIR	422	+	62	245382413	40278
chr1	245342135	245542135	harbor2	chr1	245395791	245395974	SINE/MIR	429	+	92	245395883	53748
chr1	245342135	245542135	harbor2	chr1	245408869	245408958	SINE/MIR	414	+	44	245408913	66778
chr1	245342135	245542135	harbor2	chr1	245429043	245429233	SINE/MIR	431	+	95	245429138	87003
chr1	239353691	239553691	harbor2	chr1	239367970	239368149	SINE/MIR	420	+	90	239368060	14369
chr1	239353691	239553691	harbor2	chr1	239447994	239448181	SINE/MIR	539	+	94	239448088	94397
chr1	172903948	173103948	harbor2	chr1	172953497	172953682	SINE/MIR	747	+	92	172953589	49641
chr1	172903948	173103948	harbor2	chr1	172965043	172965261	SINE/MIR	625	+	109	172965152	61204
chr1	235595329	235795329	harbor2	chr1	235681904	235682036	SINE/MIR	406	+	66	235681970	86641
chr1	223533943	223733943	harbor2	chr1	223549558	223549821	SINE/MIR	459	+	132	223549690	15747
chr1	216480807	216680807	harbor2	chr1	216498436	216498649	SINE/MIR	730	+	106	216498542	17735
chr1	216480807	216680807	harbor2	chr1	216526794	216526984	SINE/MIR	478	+	95	216526889	46082
chr1	216480807	216680807	harbor2	chr1	216535161	216535298	SINE/MIR	492	+	68	216535229	54422
chr1	216480807	216680807	harbor2	chr1	216547059	216547235	SINE/MIR	538	+	88	216547147	66340
chr1	216480807	216680807	harbor2	chr1	216552341	216552452	SINE/MIR	419	+	56	216552397	71590
chr1	118918529	119118529	harbor2	chr1	118930796	118930981	SINE/MIR	458	+	92	118930888	12359
chr1	118918529	119118529	harbor2	chr1	118941812	118941962	SINE/MIR	462	+	75	118941887	23358
chr1	118918529	119118529	harbor2	chr1	118947427	118947650	SINE/MIR	607	+	112	118947539	29010
chr1	118918529	119118529	harbor2	chr1	118975506	118975753	SINE/MIR	584	+	124	118975630	57101
chr1	168838826	169038826	harbor2	chr1	168850833	168851037	SINE/MIR	899	+	102	168850935	12109
chr1	168838826	169038826	harbor2	chr1	168867245	168867479	SINE/MIR	577	+	117	168867362	28536
chr1	168838826	169038826	harbor2	chr1	168876701	168876877	SINE/MIR	662	+	88	168876789	37963
chr1	168838826	169038826	harbor2	chr1	168905533	168905765	SINE/MIR	468	+	116	168905649	66823
chr1	168838826	169038826	harbor2	chr1	168906343	168906475	SINE/MIR	507	+	66	168906409	67583
chr1	168838826	169038826	harbor2	chr1	168908737	168908873	SINE/MIR	422	+	68	168908805	69979
chr1	168838826	169038826	harbor2	chr1	168915836	168916048	SINE/MIR	476	+	106	168915942	77116
chr1	168838826	169038826	harbor2	chr1	168921465	168921631	SINE/MIR	714	+	83	168921548	82722
chr1	179824754	180024754	harbor2	chr1	179902664	179902832	SINE/MIR	502	+	84	179902748	77994
chr1	179824754	180024754	harbor2	chr1	179911629	179911853	SINE/MIR	592	+	112	179911741	86987
chr1	231655327	231855327	harbor2	chr1	231671702	231671915	SINE/MIR	699	+	106	231671808	16481
chr1	231655327	231855327	harbor2	chr1	231673970	231674194	SINE/MIR	675	+	112	231674082	18755
chr1	231655327	231855327	harbor2	chr1	231719472	231719620	SINE/MIR	479	+	74	231719546	64219
chr1	231655327	231855327	harbor2	chr1	231735544	231735760	SINE/MIR	469	+	108	231735652	80325
chr1	88435331	88635331	harbor2	chr1	88454522	88454760	SINE/MIR	504	+	119	88454641	19310
chr1	88435331	88635331	harbor2	chr1	88460734	88460944	SINE/MIR	552	+	105	88460839	25508
chr1	88435331	88635331	harbor2	chr1	88471290	88471485	SINE/MIR	631	+	98	88471388	36057
chr1	195067331	195267331	harbor2	chr1	195148837	195149047	SINE/MIR	438	+	105	195148942	81611
chr1	87888360	88088360	harbor2	chr1	87893894	87894100	SINE/MIR	582	+	103	87893997	5637
chr1	87888360	88088360	harbor2	chr1	87898027	87898173	SINE/MIR	408	+	73	87898100	9740
chr1	87888360	88088360	harbor2	chr1	87910406	87910585	SINE/MIR	828	+	90	87910496	22136
chr1	87888360	88088360	harbor2	chr1	87919890	87920121	SINE/MIR	764	+	116	87920006	31646
chr1	87888360	88088360	harbor2	chr1	87926587	87926825	SINE/MIR	463	+	119	87926706	38346
chr1	87888360	88088360	harbor2	chr1	87962114	87962355	SINE/MIR	550	+	120	87962234	73874
chr1	87888360	88088360	harbor2	chr1	87966386	87966543	SINE/MIR	539	+	78	87966464	78104
chr1	87888360	88088360	harbor2	chr1	87967285	87967450	SINE/MIR	567	+	82	87967367	79007
chr1	87888360	88088360	harbor2	chr1	87967641	87967705	SINE/MIR	567	+	32	87967673	79313
chr1	87888360	88088360	harbor2	chr1	87969284	87969486	SINE/MIR	792	+	101	87969385	81025
chr1	87888360	88088360	harbor2	chr1	87976539	87976755	SINE/MIR	726	+	108	87976647	88287
chr1	87888360	88088360	harbor2	chr1	87987195	87987408	SINE/MIR	468	+	106	87987301	98941
chr1	240711816	240911816	harbor2	chr1	240715797	240715933	SINE/MIR	447	+	68	240715865	4049
chr1	240711816	240911816	harbor2	chr1	240774582	240774771	SINE/MIR	475	+	94	240774676	62860
chr1	240711816	240911816	harbor2	chr1	240779699	240779843	SINE/MIR	456	+	72	240779771	67955
chr1	240711816	240911816	harbor2	chr1	240797989	240798153	SINE/MIR	468	+	82	240798071	86255
chr1	240711816	240911816	harbor2	chr1	240798522	240798783	SINE/MIR	738	+	130	240798652	86836
chr1	240711816	240911816	harbor2	chr1	240804051	240804257	SINE/MIR	440	+	103	240804154	92338
chr1	243362159	243562159	harbor2	chr1	243362415	243362629	SINE/MIR	528	+	107	243362522	363
chr1	243362159	243562159	harbor2	chr1	243371283	243371515	SINE/MIR	675	+	116	243371399	9240
chr1	243362159	243562159	harbor2	chr1	243383265	243383441	SINE/MIR	545	+	88	243383353	21194
chr1	243362159	243562159	harbor2	chr1	243407217	243407467	SINE/MIR	764	+	125	243407342	45183
chr1	243362159	243562159	harbor2	chr1	243408645	243408845	SINE/MIR	731	+	100	243408745	46586
chr1	243362159	243562159	harbor2	chr1	243420125	243420377	SINE/MIR	649	+	126	243420251	58092
chr1	243362159	243562159	harbor2	chr1	243426979	243427183	SINE/MIR	488	+	102	243427081	64922
chr1	243362159	243562159	harbor2	chr1	243435189	243435428	SINE/MIR	420	+	120	243435309	73150
chr1	243362159	243562159	harbor2	chr1	243440025	243440208	SINE/MIR	557	+	92	243440117	77958
chr1	181095157	181295157	harbor2	chr1	181112263	181112456	SINE/MIR	510	+	96	181112359	17202
chr1	181095157	181295157	harbor2	chr1	181116893	181117099	SINE/MIR	626	+	103	181116996	21839
chr1	181095157	181295157	harbor2	chr1	181126272	181126492	SINE/MIR	499	+	110	181126382	31225
chr1	181095157	181295157	harbor2	chr1	181128231	181128405	SINE/MIR	716	+	87	181128318	33161
chr1	181095157	181295157	harbor2	chr1	181140562	181140744	SINE/MIR	655	+	91	181140653	45496
chr1	181095157	181295157	harbor2	chr1	181151330	181151541	SINE/MIR	637	+	106	181151436	56279
chr1	181095157	181295157	harbor2	chr1	181153713	181153928	SINE/MIR	545	+	108	181153821	58664
chr1	181095157	181295157	harbor2	chr1	181169970	181170090	SINE/MIR	518	+	60	181170030	74873
chr1	181095157	181295157	harbor2	chr1	181191362	181191509	SINE/MIR	470	+	74	181191436	96279
chr1	187534147	187734147	harbor2	chr1	187586987	187587225	SINE/MIR	620	+	119	187587106	52959
chr1	232152947	232352947	harbor2	chr1	232153284	232153453	SINE/MIR	418	+	84	232153368	421
chr1	232152947	232352947	harbor2	chr1	232187235	232187471	SINE/MIR	745	+	118	232187353	34406
chr1	167129795	167329795	harbor2	chr1	167218409	167218575	SINE/MIR	650	+	83	167218492	88697
chr1	76260370	76460370	harbor2	chr1	76261499	76261685	SINE/MIR	536	+	93	76261592	1222
chr1	76260370	76460370	harbor2	chr1	76263157	76263337	SINE/MIR	550	+	90	76263247	2877
chr1	76260370	76460370	harbor2	chr1	76265637	76265810	SINE/MIR	466	+	86	76265723	5353
chr1	76260370	76460370	harbor2	chr1	76280687	76280902	SINE/MIR	450	+	108	76280795	20425
chr1	76260370	76460370	harbor2	chr1	76289281	76289406	SINE/MIR	505	+	62	76289343	28973
chr1	76260370	76460370	harbor2	chr1	76297531	76297764	SINE/MIR	647	+	116	76297647	37277
chr1	76260370	76460370	harbor2	chr1	76315611	76315832	SINE/MIR	588	+	110	76315721	55351
chr1	76260370	76460370	harbor2	chr1	76346615	76346872	SINE/MIR	669	+	128	76346743	86373
chr1	76260370	76460370	harbor2	chr1	76347690	76347928	SINE/MIR	796	+	119	76347809	87439
chr1	185028550	185228550	harbor2	chr1	185041342	185041590	SINE/MIR	492	+	124	185041466	12916
chr1	185028550	185228550	harbor2	chr1	185051293	185051524	SINE/MIR	449	+	116	185051409	22859
chr1	185028550	185228550	harbor2	chr1	185097004	185097226	SINE/MIR	518	+	111	185097115	68565
chr1	185028550	185228550	harbor2	chr1	185116386	185116598	SINE/MIR	428	+	106	185116492	87942
chr1	185028550	185228550	harbor2	chr1	185127027	185127157	SINE/MIR	469	+	65	185127092	98542
chr1	238308423	238508423	harbor2	chr1	238316198	238316431	SINE/MIR	412	+	116	238316314	7891
chr1	238308423	238508423	harbor2	chr1	238402819	238402986	SINE/MIR	733	+	84	238402903	94480
chr1	239828801	240028801	harbor2	chr1	239829665	239829906	SINE/MIR	945	+	120	239829785	984
chr1	239828801	240028801	harbor2	chr1	239830092	239830273	SINE/MIR	473	+	90	239830182	1381
chr1	239828801	240028801	harbor2	chr1	239849614	239849831	SINE/MIR	597	+	108	239849722	20921
chr1	239828801	240028801	harbor2	chr1	239858393	239858560	SINE/MIR	457	+	84	239858477	29676
chr1	239828801	240028801	harbor2	chr1	239890383	239890603	SINE/MIR	533	+	110	239890493	61692
chr1	239828801	240028801	harbor2	chr1	239892993	239893207	SINE/MIR	724	+	107	239893100	64299
chr1	239828801	240028801	harbor2	chr1	239893406	239893620	SINE/MIR	644	+	107	239893513	64712
chr1	235282553	235482553	harbor2	chr1	235305501	235305676	SINE/MIR	560	+	88	235305589	23036
chr1	235282553	235482553	harbor2	chr1	235305976	235306030	SINE/MIR	560	+	27	235306003	23450
chr1	245311543	245511543	harbor2	chr1	245382351	245382474	SINE/MIR	422	+	62	245382413	70870
chr1	245311543	245511543	harbor2	chr1	245395791	245395974	SINE/MIR	429	+	92	245395883	84340
chr1	245311543	245511543	harbor2	chr1	245408869	245408958	SINE/MIR	414	+	44	245408913	97370
chr1	212945932	213145932	harbor2	chr1	212953550	212953755	SINE/MIR	479	+	102	212953652	7720
chr1	212945932	213145932	harbor2	chr1	212974817	212975008	SINE/MIR	574	+	96	212974913	28981
chr1	212945932	213145932	harbor2	chr1	212983861	212984100	SINE/MIR	813	+	120	212983981	38049
chr1	212945932	213145932	harbor2	chr1	213033289	213033321	SINE/MIR	486	+	16	213033305	87373
chr1	212945932	213145932	harbor2	chr1	213033593	213033736	SINE/MIR	486	+	72	213033665	87733
chr1	212945932	213145932	harbor2	chr1	213034042	213034075	SINE/MIR	486	+	16	213034058	88126
chr1	86465300	86665300	harbor2	chr1	86469201	86469375	SINE/MIR	474	+	87	86469288	3988
chr1	86465300	86665300	harbor2	chr1	86495987	86496197	SINE/MIR	490	+	105	86496092	30792
chr1	86465300	86665300	harbor2	chr1	86538476	86538713	SINE/MIR	692	+	118	86538594	73294
chr1	86465300	86665300	harbor2	chr1	86539249	86539435	SINE/MIR	589	+	93	86539342	74042
chr1	86465300	86665300	harbor2	chr1	86543687	86543914	SINE/MIR	766	+	114	86543801	78501
chr1	86465300	86665300	harbor2	chr1	86560418	86560623	SINE/MIR	545	+	102	86560520	95220
chr1	146585524	146785524	harbor2	chr1	146589667	146589891	SINE/MIR	560	+	112	146589779	4255
chr1	146585524	146785524	harbor2	chr1	146664580	146664807	SINE/MIR	540	+	114	146664694	79170
chr1	172255479	172455479	harbor2	chr1	172294463	172294608	SINE/MIR	566	+	72	172294535	39056
chr1	172255479	172455479	harbor2	chr1	172310901	172311128	SINE/MIR	612	+	114	172311015	55536
chr1	172255479	172455479	harbor2	chr1	172336809	172336999	SINE/MIR	601	+	95	172336904	81425
chr1	172255479	172455479	harbor2	chr1	172349213	172349414	SINE/MIR	453	+	100	172349313	93834
chr1	218261884	218461884	harbor2	chr1	218282580	218282771	SINE/MIR	812	+	96	218282676	20792
chr1	218261884	218461884	harbor2	chr1	218288951	218289128	SINE/MIR	659	+	88	218289039	27155
chr1	218261884	218461884	harbor2	chr1	218305831	218306035	SINE/MIR	760	+	102	218305933	44049
chr1	218261884	218461884	harbor2	chr1	218316541	218316724	SINE/MIR	604	+	92	218316633	54749
chr1	218261884	218461884	harbor2	chr1	218322125	218322338	SINE/MIR	693	+	106	218322231	60347
chr1	218261884	218461884	harbor2	chr1	218336967	218337186	SINE/MIR	426	+	110	218337077	75193
chr1	218261884	218461884	harbor2	chr1	218344012	218344173	SINE/MIR	673	+	80	218344092	82208
chr1	245832758	246032758	harbor2	chr1	245835043	245835117	SINE/MIR	612	+	37	245835080	2322
chr1	245832758	246032758	harbor2	chr1	245835418	245835556	SINE/MIR	612	+	69	245835487	2729
chr1	241559101	241759101	harbor2	chr1	241588014	241588244	SINE/MIR	589	+	115	241588129	29028
chr1	241559101	241759101	harbor2	chr1	241610800	241611003	SINE/MIR	448	+	102	241610902	51801
chr1	241559101	241759101	harbor2	chr1	241622034	241622273	SINE/MIR	501	+	120	241622154	63053
chr1	241559101	241759101	harbor2	chr1	241624536	241624728	SINE/MIR	414	+	96	241624632	65531
chr1	241559101	241759101	harbor2	chr1	241624790	241625028	SINE/MIR	762	+	119	241624909	65808
chr1	115597040	115797040	harbor2	chr1	115603770	115603988	SINE/MIR	803	+	109	115603879	6839
chr1	115597040	115797040	harbor2	chr1	115628503	115628736	SINE/MIR	653	+	116	115628619	31579
chr1	115597040	115797040	harbor2	chr1	115652436	115652535	SINE/MIR	456	+	50	115652486	55446
chr1	115597040	115797040	harbor2	chr1	115657366	115657531	SINE/MIR	604	+	82	115657448	60408
chr1	115597040	115797040	harbor2	chr1	115685783	115685997	SINE/MIR	701	+	107	115685890	88850
chr1	231376587	231576587	harbor2	chr1	231389982	231390182	SINE/MIR	774	+	100	231390082	13495
chr1	231376587	231576587	harbor2	chr1	231393393	231393601	SINE/MIR	625	+	104	231393497	16910
chr1	231376587	231576587	harbor2	chr1	231401187	231401404	SINE/MIR	884	+	108	231401295	24708
chr1	195444360	195644360	harbor2	chr1	195511545	195511794	SINE/MIR	475	+	124	195511669	67309
chr1	189033366	189233366	harbor2	chr1	189108517	189108696	SINE/MIR	544	+	90	189108607	75241
chr1	214928069	215128069	harbor2	chr1	214928295	214928504	SINE/MIR	517	+	104	214928399	330
chr1	214928069	215128069	harbor2	chr1	214949621	214949811	SINE/MIR	454	+	95	214949716	21647
chr1	214928069	215128069	harbor2	chr1	214967776	214968018	SINE/MIR	676	+	121	214967897	39828
chr1	214928069	215128069	harbor2	chr1	214971520	214971682	SINE/MIR	496	+	81	214971601	43532
chr1	214928069	215128069	harbor2	chr1	214979083	214979322	SINE/MIR	720	+	120	214979203	51134
chr1	214928069	215128069	harbor2	chr1	215008431	215008650	SINE/MIR	578	+	110	215008541	80472
chr1	214928069	215128069	harbor2	chr1	215025066	215025292	SINE/MIR	558	+	113	215025179	97110
chr1	185008672	185208672	harbor2	chr1	185041342	185041590	SINE/MIR	492	+	124	185041466	32794
chr1	185008672	185208672	harbor2	chr1	185051293	185051524	SINE/MIR	449	+	116	185051409	42737
chr1	185008672	185208672	harbor2	chr1	185097004	185097226	SINE/MIR	518	+	111	185097115	88443
chr1	219944115	220144115	harbor2	chr1	219997654	219997841	SINE/MIR	468	+	94	219997748	53633
chr1	219944115	220144115	harbor2	chr1	220005711	220005818	SINE/MIR	410	+	54	220005765	61650
chr1	219944115	220144115	harbor2	chr1	220028586	220028766	SINE/MIR	497	+	90	220028676	84561
chr1	219944115	220144115	harbor2	chr1	220034535	220034659	SINE/MIR	444	+	62	220034597	90482
chr1	240618957	240818957	harbor2	chr1	240634195	240634369	SINE/MIR	626	+	87	240634282	15325
chr1	240618957	240818957	harbor2	chr1	240637317	240637553	SINE/MIR	608	+	118	240637435	18478
chr1	240618957	240818957	harbor2	chr1	240645609	240645754	SINE/MIR	411	+	72	240645681	26724
chr1	240618957	240818957	harbor2	chr1	240646360	240646401	SINE/MIR	411	+	20	240646380	27423
chr1	240618957	240818957	harbor2	chr1	240656399	240656556	SINE/MIR	440	+	78	240656477	37520
chr1	240618957	240818957	harbor2	chr1	240663457	240663613	SINE/MIR	522	+	78	240663535	44578
chr1	240618957	240818957	harbor2	chr1	240715797	240715933	SINE/MIR	447	+	68	240715865	96908
chr1	172897804	173097804	harbor2	chr1	172953497	172953682	SINE/MIR	747	+	92	172953589	55785
chr1	172897804	173097804	harbor2	chr1	172965043	172965261	SINE/MIR	625	+	109	172965152	67348
chr1	158483257	158683257	harbor2	chr1	158556384	158556584	SINE/MIR	654	+	100	158556484	73227
chr1	147956958	148156958	harbor2	chr1	147957222	147957423	SINE/MIR	590	+	100	147957322	364
chr1	147956958	148156958	harbor2	chr1	147968227	147968421	SINE/MIR	564	+	97	147968324	11366
chr1	147956958	148156958	harbor2	chr1	147969491	147969719	SINE/MIR	746	+	114	147969605	12647
chr1	173330502	173530502	harbor2	chr1	173341508	173341758	SINE/MIR	407	+	125	173341633	11131
chr1	173330502	173530502	harbor2	chr1	173344293	173344506	SINE/MIR	444	+	106	173344399	13897
chr1	173330502	173530502	harbor2	chr1	173383724	173383937	SINE/MIR	435	+	106	173383830	53328
chr1	173330502	173530502	harbor2	chr1	173387976	173388151	SINE/MIR	513	+	88	173388064	57562
chr1	173330502	173530502	harbor2	chr1	173417151	173417396	SINE/MIR	513	+	122	173417273	86771
chr1	173330502	173530502	harbor2	chr1	173424765	173424894	SINE/MIR	481	+	64	173424829	94327
chr1	36359369	36559369	harbor2	chr1	36373045	36373194	SINE/MIR	509	+	74	36373119	13750
chr1	36359369	36559369	harbor2	chr1	36378256	36378405	SINE/MIR	484	+	74	36378330	18961
chr1	36359369	36559369	harbor2	chr1	36388157	36388324	SINE/MIR	454	+	84	36388241	28872
chr1	36359369	36559369	harbor2	chr1	36389140	36389235	SINE/MIR	501	+	48	36389188	29819
chr1	36359369	36559369	harbor2	chr1	36399272	36399379	SINE/MIR	456	+	54	36399326	39957
chr1	36359369	36559369	harbor2	chr1	36425270	36425452	SINE/MIR	529	+	91	36425361	65992
chr1	36359369	36559369	harbor2	chr1	36425755	36425798	SINE/MIR	529	+	22	36425777	66408
chr1	36359369	36559369	harbor2	chr1	36432877	36433123	SINE/MIR	637	+	123	36433000	73631
chr1	36359369	36559369	harbor2	chr1	36444713	36444898	SINE/MIR	529	+	92	36444805	85436
chr1	36359369	36559369	harbor2	chr1	36447549	36447742	SINE/MIR	594	+	96	36447645	88276
chr1	36359369	36559369	harbor2	chr1	36450757	36450962	SINE/MIR	438	+	102	36450859	91490
chr1	36359369	36559369	harbor2	chr1	36453345	36453586	SINE/MIR	678	+	120	36453465	94096
chr1	245948405	246148405	harbor2	chr1	245968584	245968734	SINE/MIR	407	+	75	245968659	20254
chr1	245948405	246148405	harbor2	chr1	245988247	245988450	SINE/MIR	427	+	102	245988349	39944
chr1	245948405	246148405	harbor2	chr1	246003970	246004180	SINE/MIR	521	+	105	246004075	55670
chr1	245948405	246148405	harbor2	chr1	246022382	246022578	SINE/MIR	543	+	98	246022480	74075
chr1	245948405	246148405	harbor2	chr1	246032816	246032989	SINE/MIR	550	+	86	246032902	84497
chr1	186195385	186395385	harbor2	chr1	186229441	186229670	SINE/MIR	455	+	114	186229555	34170
chr1	186195385	186395385	harbor2	chr1	186237447	186237674	SINE/MIR	665	+	114	186237561	42176
chr1	186195385	186395385	harbor2	chr1	186290727	186290912	SINE/MIR	552	+	92	186290819	95434
chr1	186195385	186395385	harbor2	chr1	186291187	186291262	SINE/MIR	552	+	38	186291225	95840
chr1	186195385	186395385	harbor2	chr1	186294710	186294904	SINE/MIR	474	+	97	186294807	99422
chr1	36439499	36639499	harbor2	chr1	36444713	36444898	SINE/MIR	529	+	92	36444805	5306
chr1	36439499	36639499	harbor2	chr1	36447549	36447742	SINE/MIR	594	+	96	36447645	8146
chr1	36439499	36639499	harbor2	chr1	36450757	36450962	SINE/MIR	438	+	102	36450859	11360
chr1	36439499	36639499	harbor2	chr1	36453345	36453586	SINE/MIR	678	+	120	36453465	13966
chr1	36439499	36639499	harbor2	chr1	36464763	36464980	SINE/MIR	567	+	108	36464871	25372
chr1	36439499	36639499	harbor2	chr1	36469873	36470089	SINE/MIR	876	+	108	36469981	30482
chr1	36439499	36639499	harbor2	chr1	36474164	36474371	SINE/MIR	846	+	104	36474268	34769
chr1	36439499	36639499	harbor2	chr1	36474785	36474994	SINE/MIR	477	+	104	36474889	35390
chr1	36439499	36639499	harbor2	chr1	36476213	36476442	SINE/MIR	917	+	114	36476327	36828
chr1	36439499	36639499	harbor2	chr1	36479522	36479739	SINE/MIR	605	+	108	36479630	40131
chr1	36439499	36639499	harbor2	chr1	36481406	36481665	SINE/MIR	842	+	130	36481536	42037
chr1	36439499	36639499	harbor2	chr1	36486129	36486296	SINE/MIR	471	+	84	36486213	46714
chr1	36439499	36639499	harbor2	chr1	36486475	36486692	SINE/MIR	675	+	108	36486583	47084
chr1	36439499	36639499	harbor2	chr1	36524190	36524339	SINE/MIR	473	+	74	36524264	84765
chr1	36439499	36639499	harbor2	chr1	36528738	36528904	SINE/MIR	562	+	83	36528821	89322
chr1	36439499	36639499	harbor2	chr1	36535392	36535572	SINE/MIR	597	+	90	36535482	95983
chr1	114944279	115144279	harbor2	chr1	114979208	114979375	SINE/MIR	867	+	84	114979292	35013
chr1	114944279	115144279	harbor2	chr1	114993412	114993662	SINE/MIR	1092	+	125	114993537	49258
chr1	202037199	202237199	harbor2	chr1	202041747	202041764	SINE/MIR	708	+	8	202041755	4556
chr1	202037199	202237199	harbor2	chr1	202042077	202042268	SINE/MIR	708	+	96	202042173	4974
chr1	202037199	202237199	harbor2	chr1	202125258	202125474	SINE/MIR	548	+	108	202125366	88167
chr1	202037199	202237199	harbor2	chr1	202131311	202131427	SINE/MIR	436	+	58	202131369	94170
chr1	202037199	202237199	harbor2	chr1	202096539	202096776	SINE/MIR	785	+	118	202096657	59458
chr1	235679347	235879347	harbor2	chr1	235681904	235682036	SINE/MIR	406	+	66	235681970	2623
chr1	235679347	235879347	harbor2	chr1	235728279	235728444	SINE/MIR	439	+	82	235728361	49014
chr1	235679347	235879347	harbor2	chr1	235760122	235760345	SINE/MIR	629	+	112	235760234	80887
chr1	235679347	235879347	harbor2	chr1	235766547	235766767	SINE/MIR	951	+	110	235766657	87310
chr1	40086215	40286215	harbor2	chr1	40122105	40122342	SINE/MIR	572	+	118	40122223	36008
chr1	40086215	40286215	harbor2	chr1	40158798	40159039	SINE/MIR	933	+	120	40158918	72703
chr1	40086215	40286215	harbor2	chr1	40183628	40183910	SINE/MIR	533	+	141	40183769	97554
chr1	66780247	66980247	harbor2	chr1	66786630	66786871	SINE/MIR	601	+	120	66786750	6503
chr1	66780247	66980247	harbor2	chr1	66795437	66795635	SINE/MIR	435	+	99	66795536	15289
chr1	66780247	66980247	harbor2	chr1	66807206	66807403	SINE/MIR	558	+	98	66807304	27057
chr1	66780247	66980247	harbor2	chr1	66811831	66812063	SINE/MIR	552	+	116	66811947	31700
chr1	66780247	66980247	harbor2	chr1	66839771	66839985	SINE/MIR	962	+	107	66839878	59631
chr1	66780247	66980247	harbor2	chr1	66870883	66871048	SINE/MIR	688	+	82	66870965	90718
chr1	230019583	230219583	harbor2	chr1	230032857	230033011	SINE/MIR	474	+	77	230032934	13351
chr1	230019583	230219583	harbor2	chr1	230057512	230057718	SINE/MIR	513	+	103	230057615	38032
chr1	230019583	230219583	harbor2	chr1	230058511	230058672	SINE/MIR	536	+	80	230058591	39008
chr1	230019583	230219583	harbor2	chr1	230070907	230071051	SINE/MIR	405	+	72	230070979	51396
chr1	230019583	230219583	harbor2	chr1	230080666	230080885	SINE/MIR	682	+	110	230080776	61193
chr1	230019583	230219583	harbor2	chr1	230086833	230087055	SINE/MIR	486	+	111	230086944	67361
chr1	246220510	246420510	harbor2	chr1	246222372	246222594	SINE/MIR	498	+	111	246222483	1973
chr1	246220510	246420510	harbor2	chr1	246263166	246263398	SINE/MIR	603	+	116	246263282	42772
chr1	246220510	246420510	harbor2	chr1	246276895	246277093	SINE/MIR	642	+	99	246276994	56484
chr1	246220510	246420510	harbor2	chr1	246287487	246287603	SINE/MIR	429	+	58	246287545	67035
chr1	246220510	246420510	harbor2	chr1	246303101	246303248	SINE/MIR	455	+	74	246303175	82665
chr1	246220510	246420510	harbor2	chr1	246300591	246300822	SINE/MIR	843	+	116	246300707	80197
chr1	173501886	173701886	harbor2	chr1	173519717	173519866	SINE/MIR	422	+	74	173519791	17905
chr1	173501886	173701886	harbor2	chr1	173525505	173525701	SINE/MIR	642	+	98	173525603	23717
chr1	173501886	173701886	harbor2	chr1	173530547	173530708	SINE/MIR	568	+	80	173530627	28741
chr1	173501886	173701886	harbor2	chr1	173558441	173558668	SINE/MIR	817	+	114	173558555	56669
chr1	173501886	173701886	harbor2	chr1	173558903	173559058	SINE/MIR	418	+	78	173558981	57095
chr1	173501886	173701886	harbor2	chr1	173598642	173598826	SINE/MIR	562	+	92	173598734	96848
chr1	186336020	186536020	harbor2	chr1	186378622	186378877	SINE/MIR	909	+	128	186378750	42730
chr1	186336020	186536020	harbor2	chr1	186435431	186435680	SINE/MIR	446	+	124	186435555	99535
chr1	95391895	95591895	harbor2	chr1	95415971	95416091	SINE/MIR	484	+	60	95416031	24136
chr1	95391895	95591895	harbor2	chr1	95416392	95416454	SINE/MIR	484	+	31	95416423	24528
chr1	95391895	95591895	harbor2	chr1	95422624	95422798	SINE/MIR	547	+	87	95422711	30816
chr1	95391895	95591895	harbor2	chr1	95427304	95427528	SINE/MIR	466	+	112	95427416	35521
chr1	95391895	95591895	harbor2	chr1	95481323	95481576	SINE/MIR	443	+	126	95481449	89554
chr1	247890396	248090396	harbor2	chr1	247895305	247895545	SINE/MIR	571	+	120	247895425	5029
chr1	172655810	172855810	harbor2	chr1	172663871	172664067	SINE/MIR	576	+	98	172663969	8159
chr1	172655810	172855810	harbor2	chr1	172667147	172667263	SINE/MIR	427	+	58	172667205	11395
chr1	172655810	172855810	harbor2	chr1	172673789	172674002	SINE/MIR	611	+	106	172673895	18085
chr1	181809342	182009342	harbor2	chr1	181810049	181810234	SINE/MIR	421	+	92	181810141	799
chr1	181809342	182009342	harbor2	chr1	181816126	181816337	SINE/MIR	482	+	106	181816232	6890
chr1	181809342	182009342	harbor2	chr1	181864740	181864942	SINE/MIR	821	+	101	181864841	55499
chr1	181809342	182009342	harbor2	chr1	181895493	181895748	SINE/MIR	683	+	128	181895621	86279
chr1	176185069	176385069	harbor2	chr1	176187590	176187787	SINE/MIR	606	+	98	176187688	2619
chr1	176185069	176385069	harbor2	chr1	176200006	176200222	SINE/MIR	895	+	108	176200114	15045
chr1	176185069	176385069	harbor2	chr1	176276960	176277125	SINE/MIR	619	+	82	176277042	91973
chr1	120271097	120471097	harbor2	chr1	120278140	120278273	SINE/MIR	413	+	66	120278206	7109
chr1	120271097	120471097	harbor2	chr1	120283504	120283726	SINE/MIR	623	+	111	120283615	12518
chr1	120271097	120471097	harbor2	chr1	120284200	120284351	SINE/MIR	408	+	76	120284276	13179
chr1	222805769	223005769	harbor2	chr1	222820685	222820838	SINE/MIR	551	+	76	222820761	14992
chr1	222805769	223005769	harbor2	chr1	222833767	222833974	SINE/MIR	407	+	104	222833871	28102
chr1	222805769	223005769	harbor2	chr1	222834773	222834971	SINE/MIR	730	+	99	222834872	29103
chr1	222805769	223005769	harbor2	chr1	222836472	222836650	SINE/MIR	531	+	89	222836561	30792
chr1	222805769	223005769	harbor2	chr1	222836808	222836939	SINE/MIR	484	+	66	222836874	31105
chr1	222805769	223005769	harbor2	chr1	222849944	222850184	SINE/MIR	576	+	120	222850064	44295
chr1	222805769	223005769	harbor2	chr1	222877024	222877185	SINE/MIR	602	+	80	222877104	71335
chr1	222805769	223005769	harbor2	chr1	222900162	222900354	SINE/MIR	635	+	96	222900258	94489
chr1	152050291	152250291	harbor2	chr1	152131530	152131728	SINE/MIR	426	+	99	152131629	81338
chr1	152050291	152250291	harbor2	chr1	152140213	152140452	SINE/MIR	620	+	120	152140333	90042
chr1	229758380	229958380	harbor2	chr1	229842614	229842726	SINE/MIR	529	+	56	229842670	84290
chr1	229758380	229958380	harbor2	chr1	229842999	229843127	SINE/MIR	529	+	64	229843063	84683
chr1	229758380	229958380	harbor2	chr1	229848246	229848413	SINE/MIR	572	+	84	229848330	89950
chr1	231146247	231346247	harbor2	chr1	231188568	231188780	SINE/MIR	827	+	106	231188674	42427
chr1	187440259	187640259	harbor2	chr1	187485666	187485843	SINE/MIR	518	+	88	187485754	45495
chr1	187440259	187640259	harbor2	chr1	187491104	187491317	SINE/MIR	561	+	106	187491210	50951
chr1	244095961	244295961	harbor2	chr1	244110268	244110478	SINE/MIR	521	+	105	244110373	14412
chr1	244095961	244295961	harbor2	chr1	244147494	244147695	SINE/MIR	787	+	100	244147594	51633
chr1	244095961	244295961	harbor2	chr1	244182817	244182995	SINE/MIR	633	+	89	244182906	86945
chr1	244095961	244295961	harbor2	chr1	244183093	244183276	SINE/MIR	474	+	92	244183185	87224
chr1	145599117	145799117	harbor2	chr1	145612476	145612688	SINE/MIR	510	+	106	145612582	13465
chr1	145599117	145799117	harbor2	chr1	145628464	145628713	SINE/MIR	1292	+	124	145628588	29471
chr1	145599117	145799117	harbor2	chr1	145634564	145634765	SINE/MIR	564	+	100	145634664	35547
chr1	145599117	145799117	harbor2	chr1	145645542	145645736	SINE/MIR	577	+	97	145645639	46522
chr1	145599117	145799117	harbor2	chr1	145646799	145647027	SINE/MIR	729	+	114	145646913	47796
chr1	145599117	145799117	harbor2	chr1	145687038	145687237	SINE/MIR	543	+	100	145687138	88021
chr1	145599117	145799117	harbor2	chr1	145687548	145687599	SINE/MIR	543	+	26	145687574	88457
chr1	154425596	154625596	harbor2	chr1	154441842	154442003	SINE/MIR	418	+	80	154441922	16326
chr1	154425596	154625596	harbor2	chr1	154443521	154443756	SINE/MIR	772	+	118	154443639	18043
chr1	154425596	154625596	harbor2	chr1	154478443	154478639	SINE/MIR	513	+	98	154478541	52945
chr1	154425596	154625596	harbor2	chr1	154494697	154494769	SINE/MIR	407	+	36	154494733	69137
chr1	154425596	154625596	harbor2	chr1	154495072	154495152	SINE/MIR	407	+	40	154495112	69516
chr1	154425596	154625596	harbor2	chr1	154505054	154505287	SINE/MIR	559	+	116	154505170	79574
chr1	154425596	154625596	harbor2	chr1	154518953	154519205	SINE/MIR	668	+	126	154519079	93483
chr1	198328657	198528657	harbor2	chr1	198357204	198357407	SINE/MIR	538	+	102	198357306	28649
chr1	198328657	198528657	harbor2	chr1	198358515	198358716	SINE/MIR	493	+	100	198358615	29958
chr1	198328657	198528657	harbor2	chr1	198385612	198385838	SINE/MIR	545	+	113	198385725	57068
chr1	198328657	198528657	harbor2	chr1	198415810	198416033	SINE/MIR	683	+	112	198415922	87265
chr1	230857768	231057768	harbor2	chr1	230893469	230893705	SINE/MIR	545	+	118	230893587	35819
chr1	230857768	231057768	harbor2	chr1	230901969	230902098	SINE/MIR	428	+	64	230902033	44265
chr1	230857768	231057768	harbor2	chr1	230902418	230902458	SINE/MIR	428	+	20	230902438	44670
chr1	230857768	231057768	harbor2	chr1	230907279	230907497	SINE/MIR	407	+	109	230907388	49620
chr1	247451404	247651404	harbor2	chr1	247458778	247459017	SINE/MIR	573	+	120	247458898	7494
chr1	247451404	247651404	harbor2	chr1	247461613	247461842	SINE/MIR	571	+	114	247461727	10323
chr1	143899942	144099942	harbor2	chr1	143939068	143939269	SINE/MIR	689	+	100	143939168	39226
chr1	143899942	144099942	harbor2	chr1	143950607	143950767	SINE/MIR	609	+	80	143950687	50745
chr1	143899942	144099942	harbor2	chr1	143955059	143955279	SINE/MIR	748	+	110	143955169	55227
chr1	143899942	144099942	harbor2	chr1	143977929	143978163	SINE/MIR	596	+	117	143978046	78104
chr1	143899942	144099942	harbor2	chr1	143984147	143984375	SINE/MIR	565	+	114	143984261	84319
chr1	143899942	144099942	harbor2	chr1	143995540	143995774	SINE/MIR	505	+	117	143995657	95715
chr1	164322431	164522431	harbor2	chr1	164328408	164328607	SINE/MIR	719	+	100	164328508	6077
chr1	164322431	164522431	harbor2	chr1	164372662	164372856	SINE/MIR	496	+	97	164372759	50328
chr1	164322431	164522431	harbor2	chr1	164384218	164384447	SINE/MIR	530	+	114	164384332	61901
chr1	164322431	164522431	harbor2	chr1	164402940	164403164	SINE/MIR	537	+	112	164403052	80621
chr1	237384465	237584465	harbor2	chr1	237390268	237390521	SINE/MIR	681	+	126	237390394	5929
chr1	237384465	237584465	harbor2	chr1	237478229	237478402	SINE/MIR	593	+	86	237478315	93850
chr1	64527261	64727261	harbor2	chr1	64542736	64542936	SINE/MIR	461	+	100	64542836	15575
chr1	64527261	64727261	harbor2	chr1	64547116	64547228	SINE/MIR	486	+	56	64547172	19911
chr1	64527261	64727261	harbor2	chr1	64549149	64549282	SINE/MIR	563	+	66	64549215	21954
chr1	64527261	64727261	harbor2	chr1	64550951	64551192	SINE/MIR	540	+	120	64551071	23810
chr1	64527261	64727261	harbor2	chr1	64574143	64574392	SINE/MIR	644	+	124	64574267	47006
chr1	64527261	64727261	harbor2	chr1	64577487	64577715	SINE/MIR	758	+	114	64577601	50340
chr1	64527261	64727261	harbor2	chr1	64586520	64586650	SINE/MIR	513	+	65	64586585	59324
chr1	64527261	64727261	harbor2	chr1	64590861	64590982	SINE/MIR	493	+	60	64590921	63660
chr1	64527261	64727261	harbor2	chr1	64624596	64624787	SINE/MIR	435	+	96	64624692	97431
chr1	239570054	239770054	harbor2	chr1	239607205	239607354	SINE/MIR	586	+	74	239607279	37225
chr1	239570054	239770054	harbor2	chr1	239612797	239613020	SINE/MIR	489	+	112	239612909	42855
chr1	239570054	239770054	harbor2	chr1	239647832	239647972	SINE/MIR	416	+	70	239647902	77848
chr1	181805898	182005898	harbor2	chr1	181808354	181808594	SINE/MIR	461	+	120	181808474	2576
chr1	181805898	182005898	harbor2	chr1	181810049	181810234	SINE/MIR	421	+	92	181810141	4243
chr1	181805898	182005898	harbor2	chr1	181816126	181816337	SINE/MIR	482	+	106	181816232	10334
chr1	181805898	182005898	harbor2	chr1	181864740	181864942	SINE/MIR	821	+	101	181864841	58943
chr1	181805898	182005898	harbor2	chr1	181895493	181895748	SINE/MIR	683	+	128	181895621	89723
chr1	200611413	200811413	harbor2	chr1	200614515	200614712	SINE/MIR	647	+	98	200614613	3200
chr1	200611413	200811413	harbor2	chr1	200629320	200629526	SINE/MIR	915	+	103	200629423	18010
chr1	200611413	200811413	harbor2	chr1	200631428	200631638	SINE/MIR	795	+	105	200631533	20120
chr1	200611413	200811413	harbor2	chr1	200632983	200633174	SINE/MIR	603	+	96	200633079	21666
chr1	200611413	200811413	harbor2	chr1	200633481	200633534	SINE/MIR	603	+	26	200633507	22094
chr1	200611413	200811413	harbor2	chr1	200663495	200663743	SINE/MIR	555	+	124	200663619	52206
chr1	44370169	44570169	harbor2	chr1	44370265	44370490	SINE/MIR	826	+	112	44370377	208
chr1	44370169	44570169	harbor2	chr1	44376945	44377195	SINE/MIR	767	+	125	44377070	6901
chr1	44370169	44570169	harbor2	chr1	44379970	44380205	SINE/MIR	756	+	118	44380088	9919
chr1	44370169	44570169	harbor2	chr1	44404404	44404581	SINE/MIR	424	+	88	44404492	34323
chr1	44370169	44570169	harbor2	chr1	44420639	44420876	SINE/MIR	618	+	118	44420757	50588
chr1	44370169	44570169	harbor2	chr1	44425601	44425778	SINE/MIR	551	+	88	44425689	55520
chr1	44370169	44570169	harbor2	chr1	44427670	44427856	SINE/MIR	607	+	93	44427763	57594
chr1	44370169	44570169	harbor2	chr1	44435192	44435446	SINE/MIR	578	+	127	44435319	65150
chr1	44370169	44570169	harbor2	chr1	44437813	44437953	SINE/MIR	446	+	70	44437883	67714
chr1	44370169	44570169	harbor2	chr1	44458358	44458567	SINE/MIR	835	+	104	44458462	88293
chr1	189882304	190082304	harbor2	chr1	189945372	189945565	SINE/MIR	619	+	96	189945468	63164
chr1	189882304	190082304	harbor2	chr1	189945995	189946208	SINE/MIR	627	+	106	189946101	63797
chr1	200225745	200425745	harbor2	chr1	200231577	200231745	SINE/MIR	594	+	84	200231661	5916
chr1	200225745	200425745	harbor2	chr1	200234906	200235121	SINE/MIR	468	+	108	200235014	9269
chr1	200225745	200425745	harbor2	chr1	200285923	200286057	SINE/MIR	632	+	67	200285990	60245
chr1	200225745	200425745	harbor2	chr1	200286368	200286422	SINE/MIR	632	+	27	200286395	60650
chr1	200225745	200425745	harbor2	chr1	200286428	200286601	SINE/MIR	614	+	86	200286514	60769
chr1	200225745	200425745	harbor2	chr1	200311447	200311685	SINE/MIR	767	+	119	200311566	85821
chr1	243095345	243295345	harbor2	chr1	243116916	243117130	SINE/MIR	464	+	107	243117023	21678
chr1	144244969	144444969	harbor2	chr1	144260649	144260822	SINE/MIR	493	+	86	144260735	15766
chr1	144244969	144444969	harbor2	chr1	144261931	144262178	SINE/MIR	788	+	124	144262055	17086
chr1	144244969	144444969	harbor2	chr1	144263463	144263614	SINE/MIR	540	+	76	144263539	18570
chr1	144244969	144444969	harbor2	chr1	144263922	144263946	SINE/MIR	540	+	12	144263934	18965
chr1	144244969	144444969	harbor2	chr1	144264692	144264861	SINE/MIR	491	+	84	144264776	19807
chr1	144244969	144444969	harbor2	chr1	144268161	144268314	SINE/MIR	469	+	76	144268237	23268
chr1	144244969	144444969	harbor2	chr1	144271268	144271319	SINE/MIR	495	+	26	144271294	26325
chr1	144244969	144444969	harbor2	chr1	144271525	144271693	SINE/MIR	495	+	84	144271609	26640
chr1	144244969	144444969	harbor2	chr1	144271915	144272116	SINE/MIR	860	+	100	144272015	27046
chr1	185836540	186036540	harbor2	chr1	185858021	185858236	SINE/MIR	452	+	108	185858129	21589
chr1	185836540	186036540	harbor2	chr1	185869277	185869429	SINE/MIR	571	+	76	185869353	32813
chr1	185836540	186036540	harbor2	chr1	185871332	185871503	SINE/MIR	479	+	86	185871418	34878
chr1	185836540	186036540	harbor2	chr1	185912088	185912326	SINE/MIR	492	+	119	185912207	75667
chr1	185836540	186036540	harbor2	chr1	185916282	185916497	SINE/MIR	431	+	108	185916390	79850
chr1	185836540	186036540	harbor2	chr1	185919684	185919881	SINE/MIR	507	+	98	185919782	83242
chr1	185836540	186036540	harbor2	chr1	185928807	185929021	SINE/MIR	691	+	107	185928914	92374
chr1	242473934	242673934	harbor2	chr1	242497513	242497739	SINE/MIR	493	+	113	242497626	23692
chr1	242473934	242673934	harbor2	chr1	242542484	242542656	SINE/MIR	557	+	86	242542570	68636
chr1	55998891	56198891	harbor2	chr1	56000030	56000270	SINE/MIR	452	+	120	56000150	1259
chr1	55998891	56198891	harbor2	chr1	56002910	56003043	SINE/MIR	411	+	66	56002976	4085
chr1	55998891	56198891	harbor2	chr1	56004389	56004593	SINE/MIR	448	+	102	56004491	5600
chr1	55998891	56198891	harbor2	chr1	56030696	56030946	SINE/MIR	763	+	125	56030821	31930
chr1	55998891	56198891	harbor2	chr1	56084814	56084931	SINE/MIR	474	+	58	56084872	85981
chr1	55998891	56198891	harbor2	chr1	56093973	56094150	SINE/MIR	642	+	88	56094061	95170
chr1	231806707	232006707	harbor2	chr1	231839219	231839427	SINE/MIR	550	+	104	231839323	32616
chr1	231806707	232006707	harbor2	chr1	231854146	231854317	SINE/MIR	458	+	86	231854232	47525
chr1	231806707	232006707	harbor2	chr1	231866247	231866417	SINE/MIR	548	+	85	231866332	59625
chr1	229400048	229600048	harbor2	chr1	229497484	229497718	SINE/MIR	524	+	117	229497601	97553
chr1	200258718	200458718	harbor2	chr1	200285923	200286057	SINE/MIR	632	+	67	200285990	27272
chr1	200258718	200458718	harbor2	chr1	200286368	200286422	SINE/MIR	632	+	27	200286395	27677
chr1	200258718	200458718	harbor2	chr1	200286428	200286601	SINE/MIR	614	+	86	200286514	27796
chr1	200258718	200458718	harbor2	chr1	200311447	200311685	SINE/MIR	767	+	119	200311566	52848
chr1	200258718	200458718	harbor2	chr1	200337705	200337885	SINE/MIR	558	+	90	200337795	79077
chr1	242606595	242806595	harbor2	chr1	242643848	242644053	SINE/MIR	590	+	102	242643950	37355
chr1	242606595	242806595	harbor2	chr1	242699741	242699926	SINE/MIR	489	+	92	242699833	93238
chr1	143745955	143945955	harbor2	chr1	143747970	143748188	SINE/MIR	469	+	109	143748079	2124
chr1	143745955	143945955	harbor2	chr1	143816901	143817131	SINE/MIR	467	+	115	143817016	71061
chr1	143745955	143945955	harbor2	chr1	143835685	143835783	SINE/MIR	414	+	49	143835734	89779
chr1	225024407	225224407	harbor2	chr1	225078160	225078382	SINE/MIR	474	+	111	225078271	53864
chr1	221903777	222103777	harbor2	chr1	221913939	221914150	SINE/MIR	540	+	106	221914045	10268
chr1	221903777	222103777	harbor2	chr1	221938745	221938971	SINE/MIR	464	+	113	221938858	35081
chr1	221903777	222103777	harbor2	chr1	221979727	221979899	SINE/MIR	440	+	86	221979813	76036
chr1	221903777	222103777	harbor2	chr1	221988945	221989194	SINE/MIR	483	+	124	221989069	85292
chr1	66653305	66853305	harbor2	chr1	66687636	66687772	SINE/MIR	474	+	68	66687704	34399
chr1	66653305	66853305	harbor2	chr1	66702350	66702521	SINE/MIR	511	+	86	66702436	49131
chr1	66653305	66853305	harbor2	chr1	66703908	66704096	SINE/MIR	520	+	94	66704002	50697
chr1	66653305	66853305	harbor2	chr1	66708100	66708309	SINE/MIR	481	+	104	66708204	54899
chr1	66653305	66853305	harbor2	chr1	66709389	66709598	SINE/MIR	756	+	104	66709493	56188
chr1	66653305	66853305	harbor2	chr1	66709709	66709842	SINE/MIR	536	+	66	66709775	56470
chr1	66653305	66853305	harbor2	chr1	66712044	66712219	SINE/MIR	415	+	88	66712132	58827
chr1	66653305	66853305	harbor2	chr1	66713058	66713329	SINE/MIR	527	+	136	66713194	59889
chr1	66653305	66853305	harbor2	chr1	66718412	66718636	SINE/MIR	921	+	112	66718524	65219
chr1	66653305	66853305	harbor2	chr1	66737547	66737753	SINE/MIR	437	+	103	66737650	84345
chr1	107408456	107608456	harbor2	chr1	107440353	107440559	SINE/MIR	554	+	103	107440456	32000
chr1	107408456	107608456	harbor2	chr1	107451991	107452188	SINE/MIR	641	+	98	107452089	43633
chr1	107408456	107608456	harbor2	chr1	107462297	107462514	SINE/MIR	597	+	108	107462405	53949
chr1	107408456	107608456	harbor2	chr1	107497084	107497315	SINE/MIR	518	+	116	107497200	88744
chr1	82768688	82968688	harbor2	chr1	82770799	82770917	SINE/MIR	599	+	59	82770858	2170
chr1	82768688	82968688	harbor2	chr1	82784670	82784797	SINE/MIR	493	+	64	82784734	16046
chr1	82768688	82968688	harbor2	chr1	82784848	82785073	SINE/MIR	853	+	112	82784960	16272
chr1	82768688	82968688	harbor2	chr1	82832432	82832623	SINE/MIR	523	+	96	82832528	63840
chr1	82768688	82968688	harbor2	chr1	82841463	82841659	SINE/MIR	469	+	98	82841561	72873
chr1	82768688	82968688	harbor2	chr1	82865719	82865920	SINE/MIR	581	+	100	82865819	97131
chr1	164842370	165042370	harbor2	chr1	164857755	164857945	SINE/MIR	998	+	95	164857850	15480
chr1	164842370	165042370	harbor2	chr1	164867074	164867305	SINE/MIR	485	+	116	164867190	24820
chr1	164842370	165042370	harbor2	chr1	164878119	164878315	SINE/MIR	539	+	98	164878217	35847
chr1	164842370	165042370	harbor2	chr1	164884003	164884192	SINE/MIR	656	+	94	164884097	41727
chr1	164842370	165042370	harbor2	chr1	164885572	164885697	SINE/MIR	450	+	62	164885634	43264
chr1	164842370	165042370	harbor2	chr1	164895810	164896024	SINE/MIR	709	+	107	164895917	53547
chr1	164842370	165042370	harbor2	chr1	164927228	164927462	SINE/MIR	1035	+	117	164927345	84975
chr1	164842370	165042370	harbor2	chr1	164929694	164929868	SINE/MIR	405	+	87	164929781	87411
chr1	164842370	165042370	harbor2	chr1	164938050	164938167	SINE/MIR	406	+	58	164938108	95738
chr1	243746763	243946763	harbor2	chr1	243800126	243800382	SINE/MIR	999	+	128	243800254	53491
chr1	229011022	229211022	harbor2	chr1	229033866	229034084	SINE/MIR	570	+	109	229033975	22953
chr1	229011022	229211022	harbor2	chr1	229095964	229095999	SINE/MIR	610	+	18	229095982	84960
chr1	229011022	229211022	harbor2	chr1	229096430	229096596	SINE/MIR	610	+	83	229096513	85491
chr1	215210141	215410141	harbor2	chr1	215241678	215241917	SINE/MIR	535	+	120	215241798	31657
chr1	215210141	215410141	harbor2	chr1	215271320	215271383	SINE/MIR	463	+	32	215271352	61211
chr1	215210141	215410141	harbor2	chr1	215271690	215271844	SINE/MIR	463	+	77	215271767	61626
chr1	215210141	215410141	harbor2	chr1	215274378	215274609	SINE/MIR	498	+	116	215274494	64353
chr1	192413260	192613260	harbor2	chr1	192452851	192453107	SINE/MIR	797	+	128	192452979	39719
chr1	192413260	192613260	harbor2	chr1	192477365	192477520	SINE/MIR	512	+	78	192477443	64183
chr1	192413260	192613260	harbor2	chr1	192490582	192490801	SINE/MIR	463	+	110	192490692	77432
chr1	184898608	185098608	harbor2	chr1	184902249	184902486	SINE/MIR	713	+	118	184902367	3759
chr1	184898608	185098608	harbor2	chr1	184902787	184902961	SINE/MIR	587	+	87	184902874	4266
chr1	184898608	185098608	harbor2	chr1	184937689	184937892	SINE/MIR	534	+	102	184937791	39183
chr1	184898608	185098608	harbor2	chr1	184939573	184939816	SINE/MIR	618	+	122	184939695	41087
chr1	184898608	185098608	harbor2	chr1	184951155	184951327	SINE/MIR	617	+	86	184951241	52633
chr1	184898608	185098608	harbor2	chr1	184964421	184964681	SINE/MIR	801	+	130	184964551	65943
chr1	184898608	185098608	harbor2	chr1	184979200	184979440	SINE/MIR	551	+	120	184979320	80712
chr1	79255836	79455836	harbor2	chr1	79311852	79312039	SINE/MIR	507	+	94	79311946	56110
chr1	79255836	79455836	harbor2	chr1	79336746	79336941	SINE/MIR	519	+	98	79336844	81008
chr1	79255836	79455836	harbor2	chr1	79340638	79340904	SINE/MIR	759	+	133	79340771	84935
chr1	183793100	183993100	harbor2	chr1	183815588	183815842	SINE/MIR	709	+	127	183815715	22615
chr1	183793100	183993100	harbor2	chr1	183816463	183816669	SINE/MIR	506	+	103	183816566	23466
chr1	183793100	183993100	harbor2	chr1	183828524	183828689	SINE/MIR	523	+	82	183828606	35506
chr1	183793100	183993100	harbor2	chr1	183832635	183832824	SINE/MIR	859	+	94	183832729	39629
chr1	183793100	183993100	harbor2	chr1	183854692	183854927	SINE/MIR	504	+	118	183854810	61710
chr1	183793100	183993100	harbor2	chr1	183860955	183861209	SINE/MIR	807	+	127	183861082	67982
chr1	183793100	183993100	harbor2	chr1	183870870	183871076	SINE/MIR	501	+	103	183870973	77873
chr1	185988450	186188450	harbor2	chr1	185988674	185988910	SINE/MIR	836	+	118	185988792	342
chr1	185988450	186188450	harbor2	chr1	186008580	186008783	SINE/MIR	723	+	102	186008682	20232
chr1	185988450	186188450	harbor2	chr1	186027540	186027674	SINE/MIR	417	+	67	186027607	39157
chr1	185988450	186188450	harbor2	chr1	186039508	186039604	SINE/MIR	425	+	48	186039556	51106
chr1	185988450	186188450	harbor2	chr1	186058937	186059117	SINE/MIR	596	+	90	186059027	70577
chr1	185988450	186188450	harbor2	chr1	186075430	186075626	SINE/MIR	474	+	98	186075528	87078
chr1	217624939	217824939	harbor2	chr1	217646926	217647142	SINE/MIR	709	+	108	217647034	22095
chr1	217624939	217824939	harbor2	chr1	217652825	217652992	SINE/MIR	562	+	84	217652909	27970
chr1	217624939	217824939	harbor2	chr1	217679240	217679462	SINE/MIR	785	+	111	217679351	54412
chr1	217624939	217824939	harbor2	chr1	217680224	217680343	SINE/MIR	480	+	60	217680284	55345
chr1	217624939	217824939	harbor2	chr1	217682515	217682760	SINE/MIR	680	+	122	217682637	57698
chr1	217624939	217824939	harbor2	chr1	217711447	217711667	SINE/MIR	649	+	110	217711557	86618
chr1	222989637	223189637	harbor2	chr1	223032286	223032453	SINE/MIR	871	+	84	223032370	42733
chr1	222989637	223189637	harbor2	chr1	223067392	223067603	SINE/MIR	551	+	106	223067498	77861
chr1	144233986	144433986	harbor2	chr1	144260649	144260822	SINE/MIR	493	+	86	144260735	26749
chr1	144233986	144433986	harbor2	chr1	144261931	144262178	SINE/MIR	788	+	124	144262055	28069
chr1	144233986	144433986	harbor2	chr1	144263463	144263614	SINE/MIR	540	+	76	144263539	29553
chr1	144233986	144433986	harbor2	chr1	144263922	144263946	SINE/MIR	540	+	12	144263934	29948
chr1	144233986	144433986	harbor2	chr1	144264692	144264861	SINE/MIR	491	+	84	144264776	30790
chr1	144233986	144433986	harbor2	chr1	144268161	144268314	SINE/MIR	469	+	76	144268237	34251
chr1	144233986	144433986	harbor2	chr1	144271268	144271319	SINE/MIR	495	+	26	144271294	37308
chr1	144233986	144433986	harbor2	chr1	144271525	144271693	SINE/MIR	495	+	84	144271609	37623
chr1	144233986	144433986	harbor2	chr1	144271915	144272116	SINE/MIR	860	+	100	144272015	38029
chr1	55932620	56132620	harbor2	chr1	55936433	55936626	SINE/MIR	633	+	96	55936529	3909
chr1	55932620	56132620	harbor2	chr1	55936924	55937008	SINE/MIR	633	+	42	55936966	4346
chr1	55932620	56132620	harbor2	chr1	55946684	55946843	SINE/MIR	416	+	80	55946764	14144
chr1	55932620	56132620	harbor2	chr1	55946965	55947174	SINE/MIR	653	+	104	55947069	14449
chr1	55932620	56132620	harbor2	chr1	55960529	55960764	SINE/MIR	910	+	118	55960647	28027
chr1	55932620	56132620	harbor2	chr1	55973705	55973880	SINE/MIR	622	+	88	55973793	41173
chr1	55932620	56132620	harbor2	chr1	55991113	55991310	SINE/MIR	422	+	98	55991211	58591
chr1	55932620	56132620	harbor2	chr1	56000030	56000270	SINE/MIR	452	+	120	56000150	67530
chr1	55932620	56132620	harbor2	chr1	56002910	56003043	SINE/MIR	411	+	66	56002976	70356
chr1	55932620	56132620	harbor2	chr1	56004389	56004593	SINE/MIR	448	+	102	56004491	71871
chr1	55932620	56132620	harbor2	chr1	56030696	56030946	SINE/MIR	763	+	125	56030821	98201
chr1	232677111	232877111	harbor2	chr1	232716247	232716470	SINE/MIR	938	+	112	232716359	39248
chr1	232677111	232877111	harbor2	chr1	232775772	232776005	SINE/MIR	623	+	116	232775888	98777
chr1	198647514	198847514	harbor2	chr1	198663624	198663808	SINE/MIR	620	+	92	198663716	16202
chr1	198647514	198847514	harbor2	chr1	198680845	198681043	SINE/MIR	535	+	99	198680944	33430
chr1	198647514	198847514	harbor2	chr1	198683009	198683255	SINE/MIR	689	+	123	198683132	35618
chr1	198647514	198847514	harbor2	chr1	198715657	198715811	SINE/MIR	605	+	77	198715734	68220
chr1	198647514	198847514	harbor2	chr1	198742692	198742945	SINE/MIR	511	+	126	198742818	95304
chr1	205885743	206085743	harbor2	chr1	205925659	205925843	SINE/MIR	566	+	92	205925751	40008
chr1	205885743	206085743	harbor2	chr1	205926940	205927169	SINE/MIR	777	+	114	205927054	41311
chr1	205885743	206085743	harbor2	chr1	205936915	205937114	SINE/MIR	557	+	100	205937015	51272
chr1	205885743	206085743	harbor2	chr1	205937458	205937603	SINE/MIR	418	+	72	205937530	51787
chr1	205885743	206085743	harbor2	chr1	205950638	205950850	SINE/MIR	584	+	106	205950744	65001
chr1	205885743	206085743	harbor2	chr1	205968589	205968821	SINE/MIR	994	+	116	205968705	82962
chr1	69841007	70041007	harbor2	chr1	69932316	69932473	SINE/MIR	699	+	78	69932394	91387
chr1	235623434	235823434	harbor2	chr1	235681904	235682036	SINE/MIR	406	+	66	235681970	58536
chr1	242274026	242474026	harbor2	chr1	242315944	242316189	SINE/MIR	698	+	122	242316066	42040
chr1	242274026	242474026	harbor2	chr1	242359644	242359844	SINE/MIR	646	+	100	242359744	85718
chr1	113179548	113379548	harbor2	chr1	113197481	113197703	SINE/MIR	595	+	111	113197592	18044
chr1	113179548	113379548	harbor2	chr1	113200291	113200489	SINE/MIR	524	+	99	113200390	20842
chr1	113179548	113379548	harbor2	chr1	113216946	113217173	SINE/MIR	622	+	114	113217060	37512
chr1	113179548	113379548	harbor2	chr1	113227070	113227245	SINE/MIR	800	+	88	113227158	47610
chr1	113179548	113379548	harbor2	chr1	113261898	113262046	SINE/MIR	478	+	74	113261972	82424
chr1	113179548	113379548	harbor2	chr1	113279256	113279433	SINE/MIR	474	+	88	113279344	99796
chr1	187470261	187670261	harbor2	chr1	187485666	187485843	SINE/MIR	518	+	88	187485754	15493
chr1	187470261	187670261	harbor2	chr1	187491104	187491317	SINE/MIR	561	+	106	187491210	20949
chr1	230339685	230539685	harbor2	chr1	230343970	230344003	SINE/MIR	649	+	16	230343986	4301
chr1	230339685	230539685	harbor2	chr1	230344301	230344534	SINE/MIR	649	+	116	230344417	4732
chr1	230339685	230539685	harbor2	chr1	230351108	230351368	SINE/MIR	557	+	130	230351238	11553
chr1	230339685	230539685	harbor2	chr1	230359485	230359716	SINE/MIR	489	+	116	230359601	19916
chr1	230339685	230539685	harbor2	chr1	230366563	230366778	SINE/MIR	592	+	108	230366671	26986
chr1	230339685	230539685	harbor2	chr1	230377587	230377784	SINE/MIR	557	+	98	230377685	38000
chr1	230339685	230539685	harbor2	chr1	230415910	230416056	SINE/MIR	562	+	73	230415983	76298
chr1	230339685	230539685	harbor2	chr1	230342597	230342812	SINE/MIR	435	+	108	230342705	3020
chr1	212636205	212836205	harbor2	chr1	212665964	212666189	SINE/MIR	665	+	112	212666076	29871
chr1	212636205	212836205	harbor2	chr1	212685297	212685469	SINE/MIR	418	+	86	212685383	49178
chr1	212636205	212836205	harbor2	chr1	212728062	212728227	SINE/MIR	537	+	82	212728144	91939
chr1	168291066	168491066	harbor2	chr1	168299891	168300072	SINE/MIR	481	+	90	168299981	8915
chr1	168291066	168491066	harbor2	chr1	168309702	168309953	SINE/MIR	729	+	126	168309828	18762
chr1	168291066	168491066	harbor2	chr1	168375748	168375989	SINE/MIR	596	+	120	168375868	84802
chr1	168291066	168491066	harbor2	chr1	168387995	168388163	SINE/MIR	595	+	84	168388079	97013
chr1	168291066	168491066	harbor2	chr1	168361851	168362087	SINE/MIR	621	+	118	168361969	70903
chr1	118109234	118309234	harbor2	chr1	118110853	118111117	SINE/MIR	903	+	132	118110985	1751
chr1	118109234	118309234	harbor2	chr1	118135917	118136159	SINE/MIR	655	+	121	118136038	26804
chr1	118109234	118309234	harbor2	chr1	118157644	118157858	SINE/MIR	735	+	107	118157751	48517
chr1	118109234	118309234	harbor2	chr1	118195705	118195923	SINE/MIR	613	+	109	118195814	86580
chr1	118109234	118309234	harbor2	chr1	118204031	118204222	SINE/MIR	594	+	96	118204127	94893
chr1	118109234	118309234	harbor2	chr1	118205422	118205672	SINE/MIR	877	+	125	118205547	96313
chr1	118109234	118309234	harbor2	chr1	118207793	118207964	SINE/MIR	471	+	86	118207879	98645
chr1	222839275	223039275	harbor2	chr1	222849944	222850184	SINE/MIR	576	+	120	222850064	10789
chr1	222839275	223039275	harbor2	chr1	222877024	222877185	SINE/MIR	602	+	80	222877104	37829
chr1	222839275	223039275	harbor2	chr1	222900162	222900354	SINE/MIR	635	+	96	222900258	60983
chr1	222839275	223039275	harbor2	chr1	222935413	222935627	SINE/MIR	508	+	107	222935520	96245
chr1	199810339	200010339	harbor2	chr1	199812701	199812924	SINE/MIR	739	+	112	199812813	2474
chr1	199810339	200010339	harbor2	chr1	199862936	199863172	SINE/MIR	456	+	118	199863054	52715
chr1	226120827	226320827	harbor2	chr1	226132054	226132241	SINE/MIR	468	+	94	226132148	11321
chr1	226120827	226320827	harbor2	chr1	226193261	226193450	SINE/MIR	554	+	94	226193355	72528
chr1	226120827	226320827	harbor2	chr1	226200592	226200852	SINE/MIR	771	+	130	226200722	79895
chr1	121235311	121435311	harbor2	chr1	121272701	121272901	SINE/MIR	485	+	100	121272801	37490
chr1	121235311	121435311	harbor2	chr1	121278633	121278747	SINE/MIR	405	+	57	121278690	43379
chr1	121235311	121435311	harbor2	chr1	121284311	121284453	SINE/MIR	448	+	71	121284382	49071
chr1	121235311	121435311	harbor2	chr1	121297373	121297602	SINE/MIR	857	+	114	121297487	62176
chr1	121235311	121435311	harbor2	chr1	121297668	121297907	SINE/MIR	842	+	120	121297788	62477
chr1	121235311	121435311	harbor2	chr1	121308184	121308354	SINE/MIR	581	+	85	121308269	72958
chr1	121235311	121435311	harbor2	chr1	121322960	121323190	SINE/MIR	668	+	115	121323075	87764
chr1	121235311	121435311	harbor2	chr1	121324019	121324241	SINE/MIR	448	+	111	121324130	88819
chr1	165052531	165252531	harbor2	chr1	165065193	165065378	SINE/MIR	484	+	92	165065285	12754
chr1	165052531	165252531	harbor2	chr1	165069471	165069699	SINE/MIR	750	+	114	165069585	17054
chr1	165052531	165252531	harbor2	chr1	165134646	165134781	SINE/MIR	455	+	68	165134714	82183
chr1	165052531	165252531	harbor2	chr1	165149897	165150136	SINE/MIR	736	+	120	165150017	97486
chr1	228917927	229117927	harbor2	chr1	228973111	228973273	SINE/MIR	413	+	81	228973192	55265
chr1	228917927	229117927	harbor2	chr1	228985936	228986139	SINE/MIR	472	+	102	228986038	68111
chr1	228917927	229117927	harbor2	chr1	228997181	228997414	SINE/MIR	509	+	116	228997297	79370
chr1	228917927	229117927	harbor2	chr1	229007562	229007786	SINE/MIR	435	+	112	229007674	89747
chr1	52056818	52256818	harbor2	chr1	52060090	52060303	SINE/MIR	577	+	106	52060196	3378
chr1	52056818	52256818	harbor2	chr1	52114805	52115073	SINE/MIR	851	+	134	52114939	58121
chr1	52056818	52256818	harbor2	chr1	52118883	52119036	SINE/MIR	499	+	76	52118959	62141
chr1	52056818	52256818	harbor2	chr1	52120105	52120226	SINE/MIR	455	+	60	52120165	63347
chr1	52056818	52256818	harbor2	chr1	52121996	52122215	SINE/MIR	658	+	110	52122106	65288
chr1	52056818	52256818	harbor2	chr1	52122287	52122523	SINE/MIR	569	+	118	52122405	65587
chr1	52056818	52256818	harbor2	chr1	52146454	52146598	SINE/MIR	463	+	72	52146526	89708
chr1	52056818	52256818	harbor2	chr1	52152633	52152819	SINE/MIR	688	+	93	52152726	95908
chr1	222526275	222726275	harbor2	chr1	222532681	222532874	SINE/MIR	541	+	96	222532777	6502
chr1	222526275	222726275	harbor2	chr1	222556415	222556559	SINE/MIR	502	+	72	222556487	30212
chr1	222526275	222726275	harbor2	chr1	222561741	222562005	SINE/MIR	866	+	132	222561873	35598
chr1	222526275	222726275	harbor2	chr1	222577864	222578096	SINE/MIR	508	+	116	222577980	51705
chr1	222526275	222726275	harbor2	chr1	222617008	222617139	SINE/MIR	423	+	66	222617074	90799
chr1	152136836	152336836	harbor2	chr1	152140213	152140452	SINE/MIR	620	+	120	152140333	3497
chr1	152136836	152336836	harbor2	chr1	152192592	152192824	SINE/MIR	1102	+	116	152192708	55872
chr1	163043195	163243195	harbor2	chr1	163048252	163048454	SINE/MIR	526	+	101	163048353	5158
chr1	163043195	163243195	harbor2	chr1	163049412	163049630	SINE/MIR	458	+	109	163049521	6326
chr1	163043195	163243195	harbor2	chr1	163058711	163058857	SINE/MIR	614	+	73	163058784	15589
chr1	163043195	163243195	harbor2	chr1	163064924	163065170	SINE/MIR	649	+	123	163065047	21852
chr1	163043195	163243195	harbor2	chr1	163067288	163067466	SINE/MIR	514	+	89	163067377	24182
chr1	163043195	163243195	harbor2	chr1	163134752	163134961	SINE/MIR	583	+	104	163134856	91661
chr1	217184339	217384339	harbor2	chr1	217185102	217185366	SINE/MIR	616	+	132	217185234	895
chr1	217184339	217384339	harbor2	chr1	217243848	217244018	SINE/MIR	659	+	85	217243933	59594
chr1	217184339	217384339	harbor2	chr1	217276820	217276993	SINE/MIR	467	+	86	217276906	92567
chr1	217184339	217384339	harbor2	chr1	217277500	217277546	SINE/MIR	467	+	23	217277523	93184
chr1	217184339	217384339	harbor2	chr1	217277921	217277936	SINE/MIR	467	+	8	217277929	93590
chr1	182524918	182724918	harbor2	chr1	182532407	182532628	SINE/MIR	542	+	110	182532517	7599
chr1	182524918	182724918	harbor2	chr1	182533571	182533757	SINE/MIR	580	+	93	182533664	8746
chr1	182524918	182724918	harbor2	chr1	182573918	182574152	SINE/MIR	531	+	117	182574035	49117
chr1	182524918	182724918	harbor2	chr1	182574971	182575102	SINE/MIR	469	+	66	182575037	50119
chr1	182524918	182724918	harbor2	chr1	182579894	182580099	SINE/MIR	590	+	102	182579996	55078
chr1	182524918	182724918	harbor2	chr1	182594447	182594618	SINE/MIR	686	+	86	182594533	69615
chr1	182524918	182724918	harbor2	chr1	182614211	182614380	SINE/MIR	407	+	84	182614295	89377
chr1	182524918	182724918	harbor2	chr1	182614697	182614772	SINE/MIR	407	+	38	182614735	89817
chr1	182524918	182724918	harbor2	chr1	182621842	182622048	SINE/MIR	641	+	103	182621945	97027
chr1	204675813	204875813	harbor2	chr1	204676848	204677070	SINE/MIR	717	+	111	204676959	1146
chr1	204675813	204875813	harbor2	chr1	204680048	204680280	SINE/MIR	616	+	116	204680164	4351
chr1	204675813	204875813	harbor2	chr1	204699265	204699518	SINE/MIR	778	+	126	204699391	23578
chr1	204675813	204875813	harbor2	chr1	204704917	204705054	SINE/MIR	410	+	68	204704985	29172
chr1	204675813	204875813	harbor2	chr1	204711836	204712031	SINE/MIR	763	+	98	204711934	36121
chr1	204675813	204875813	harbor2	chr1	204712771	204712986	SINE/MIR	812	+	108	204712879	37066
chr1	204675813	204875813	harbor2	chr1	204731322	204731547	SINE/MIR	666	+	112	204731434	55621
chr1	204675813	204875813	harbor2	chr1	204757288	204757418	SINE/MIR	476	+	65	204757353	81540
chr1	204675813	204875813	harbor2	chr1	204760623	204760815	SINE/MIR	715	+	96	204760719	84906
chr1	204675813	204875813	harbor2	chr1	204767489	204767700	SINE/MIR	469	+	106	204767595	91782
chr1	204675813	204875813	harbor2	chr1	204767742	204767966	SINE/MIR	724	+	112	204767854	92041
chr1	216601103	216801103	harbor2	chr1	216620101	216620344	SINE/MIR	904	+	122	216620223	19120
chr1	216601103	216801103	harbor2	chr1	216625577	216625835	SINE/MIR	815	+	129	216625706	24603
chr1	216601103	216801103	harbor2	chr1	216658949	216659103	SINE/MIR	462	+	77	216659026	57923
chr1	216601103	216801103	harbor2	chr1	216664204	216664436	SINE/MIR	532	+	116	216664320	63217
chr1	216601103	216801103	harbor2	chr1	216686720	216686859	SINE/MIR	457	+	70	216686790	85687
chr1	216601103	216801103	harbor2	chr1	216661885	216662133	SINE/MIR	454	+	124	216662009	60906
chr1	212511727	212711727	harbor2	chr1	212543661	212543820	SINE/MIR	456	+	80	212543741	32014
chr1	212511727	212711727	harbor2	chr1	212564753	212564938	SINE/MIR	473	+	92	212564845	53118
chr1	212511727	212711727	harbor2	chr1	212566107	212566235	SINE/MIR	408	+	64	212566171	54444
chr1	212511727	212711727	harbor2	chr1	212601542	212601711	SINE/MIR	691	+	84	212601626	89899
chr1	212511727	212711727	harbor2	chr1	212602526	212602742	SINE/MIR	804	+	108	212602634	90907
chr1	220330149	220530149	harbor2	chr1	220369598	220369826	SINE/MIR	784	+	114	220369712	39563
chr1	220330149	220530149	harbor2	chr1	220403834	220404076	SINE/MIR	789	+	121	220403955	73806
chr1	220330149	220530149	harbor2	chr1	220419444	220419572	SINE/MIR	405	+	64	220419508	89359
chr1	56836709	57036709	harbor2	chr1	56836773	56836993	SINE/MIR	528	+	110	56836883	174
chr1	56836709	57036709	harbor2	chr1	56838495	56838626	SINE/MIR	494	+	66	56838561	1852
chr1	56836709	57036709	harbor2	chr1	56840383	56840624	SINE/MIR	550	+	120	56840503	3794
chr1	56836709	57036709	harbor2	chr1	56841100	56841140	SINE/MIR	457	+	20	56841120	4411
chr1	56836709	57036709	harbor2	chr1	56841427	56841651	SINE/MIR	457	+	112	56841539	4830
chr1	56836709	57036709	harbor2	chr1	56851620	56851815	SINE/MIR	512	+	98	56851718	15009
chr1	56836709	57036709	harbor2	chr1	56853918	56854082	SINE/MIR	409	+	82	56854000	17291
chr1	56836709	57036709	harbor2	chr1	56855113	56855358	SINE/MIR	675	+	122	56855235	18526
chr1	56836709	57036709	harbor2	chr1	56856237	56856419	SINE/MIR	525	+	91	56856328	19619
chr1	56836709	57036709	harbor2	chr1	56858821	56859047	SINE/MIR	634	+	113	56858934	22225
chr1	56836709	57036709	harbor2	chr1	56859097	56859272	SINE/MIR	696	+	88	56859185	22476
chr1	56836709	57036709	harbor2	chr1	56866880	56867083	SINE/MIR	559	+	102	56866982	30273
chr1	56836709	57036709	harbor2	chr1	56893364	56893518	SINE/MIR	452	+	77	56893441	56732
chr1	56836709	57036709	harbor2	chr1	56893618	56893800	SINE/MIR	509	+	91	56893709	57000
chr1	56836709	57036709	harbor2	chr1	56893823	56894043	SINE/MIR	736	+	110	56893933	57224
chr1	56836709	57036709	harbor2	chr1	56924897	56925081	SINE/MIR	535	+	92	56924989	88280
chr1	56836709	57036709	harbor2	chr1	56930595	56930806	SINE/MIR	747	+	106	56930701	93992
chr1	56836709	57036709	harbor2	chr1	56868787	56868998	SINE/MIR	538	+	106	56868893	32184
chr1	149009529	149209529	harbor2	chr1	149024828	149025052	SINE/MIR	466	+	112	149024940	15411
chr1	231835838	232035838	harbor2	chr1	231839219	231839427	SINE/MIR	550	+	104	231839323	3485
chr1	231835838	232035838	harbor2	chr1	231854146	231854317	SINE/MIR	458	+	86	231854232	18394
chr1	231835838	232035838	harbor2	chr1	231866247	231866417	SINE/MIR	548	+	85	231866332	30494
chr1	51237034	51437034	harbor2	chr1	51283336	51283572	SINE/MIR	764	+	118	51283454	46420
chr1	51237034	51437034	harbor2	chr1	51293742	51293991	SINE/MIR	823	+	124	51293866	56832
chr1	51237034	51437034	harbor2	chr1	51295179	51295324	SINE/MIR	409	+	72	51295251	58217
chr1	51237034	51437034	harbor2	chr1	51300077	51300288	SINE/MIR	419	+	106	51300183	63149
chr1	51237034	51437034	harbor2	chr1	51327452	51327678	SINE/MIR	585	+	113	51327565	90531
chr1	51237034	51437034	harbor2	chr1	51329992	51330134	SINE/MIR	444	+	71	51330063	93029
chr1	51237034	51437034	harbor2	chr1	51333977	51334077	SINE/MIR	421	+	50	51334027	96993
chr1	51237034	51437034	harbor2	chr1	51314685	51314888	SINE/MIR	437	+	102	51314787	77753
chr1	197571289	197771289	harbor2	chr1	197592177	197592385	SINE/MIR	467	+	104	197592281	20992
chr1	197571289	197771289	harbor2	chr1	197636437	197636684	SINE/MIR	415	+	124	197636561	65272
chr1	161097778	161297778	harbor2	chr1	161104106	161104227	SINE/MIR	597	+	60	161104166	6388
chr1	161097778	161297778	harbor2	chr1	161111234	161111386	SINE/MIR	559	+	76	161111310	13532
chr1	161097778	161297778	harbor2	chr1	161111598	161111653	SINE/MIR	559	+	28	161111626	13848
chr1	161097778	161297778	harbor2	chr1	161112145	161112292	SINE/MIR	445	+	74	161112219	14441
chr1	161097778	161297778	harbor2	chr1	161125107	161125301	SINE/MIR	460	+	97	161125204	27426
chr1	161097778	161297778	harbor2	chr1	161139726	161139910	SINE/MIR	534	+	92	161139818	42040
chr1	161097778	161297778	harbor2	chr1	161146763	161147018	SINE/MIR	850	+	128	161146891	49113
chr1	161097778	161297778	harbor2	chr1	161103845	161103936	SINE/MIR	597	+	46	161103891	6113
chr1	149979090	150179090	harbor2	chr1	149987349	149987580	SINE/MIR	621	+	116	149987465	8375
chr1	149979090	150179090	harbor2	chr1	150031639	150031884	SINE/MIR	1136	+	122	150031761	52671
chr1	149979090	150179090	harbor2	chr1	150051598	150051747	SINE/MIR	449	+	74	150051672	72582
chr1	214138646	214338646	harbor2	chr1	214139834	214140036	SINE/MIR	736	+	101	214139935	1289
chr1	214138646	214338646	harbor2	chr1	214152385	214152593	SINE/MIR	625	+	104	214152489	13843
chr1	214138646	214338646	harbor2	chr1	214170419	214170536	SINE/MIR	609	+	58	214170477	31831
chr1	214138646	214338646	harbor2	chr1	214188371	214188549	SINE/MIR	556	+	89	214188460	49814
chr1	214138646	214338646	harbor2	chr1	214228683	214228850	SINE/MIR	513	+	84	214228767	90121
chr1	214138646	214338646	harbor2	chr1	214220657	214220884	SINE/MIR	623	+	114	214220771	82125
chr1	11234036	11434036	harbor2	chr1	11259965	11260103	SINE/MIR	626	+	69	11260034	25998
chr1	11234036	11434036	harbor2	chr1	11296267	11296506	SINE/MIR	821	+	120	11296387	62351
chr1	11234036	11434036	harbor2	chr1	11326229	11326378	SINE/MIR	503	+	74	11326303	92267
chr1	175381369	175581369	harbor2	chr1	175408545	175408785	SINE/MIR	764	+	120	175408665	27296
chr1	175381369	175581369	harbor2	chr1	175425244	175425442	SINE/MIR	516	+	99	175425343	43974
chr1	175381369	175581369	harbor2	chr1	175429358	175429546	SINE/MIR	421	+	94	175429452	48083
chr1	175381369	175581369	harbor2	chr1	175447815	175447978	SINE/MIR	491	+	82	175447897	66528
chr1	175381369	175581369	harbor2	chr1	175457990	175458137	SINE/MIR	666	+	74	175458064	76695
chr1	175381369	175581369	harbor2	chr1	175461860	175462106	SINE/MIR	467	+	123	175461983	80614
chr1	175381369	175581369	harbor2	chr1	175465180	175465375	SINE/MIR	585	+	98	175465278	83909
chr1	240276024	240476024	harbor2	chr1	240353616	240353809	SINE/MIR	545	+	96	240353712	77688
chr1	240276024	240476024	harbor2	chr1	240355067	240355281	SINE/MIR	533	+	107	240355174	79150
chr1	235779671	235979671	harbor2	chr1	235784499	235784739	SINE/MIR	913	+	120	235784619	4948
chr1	235779671	235979671	harbor2	chr1	235799736	235799928	SINE/MIR	487	+	96	235799832	20161
chr1	235779671	235979671	harbor2	chr1	235800250	235800264	SINE/MIR	487	+	7	235800257	20586
chr1	235779671	235979671	harbor2	chr1	235854543	235854736	SINE/MIR	554	+	96	235854639	74968
chr1	235779671	235979671	harbor2	chr1	235858154	235858391	SINE/MIR	592	+	118	235858272	78601
chr1	209472166	209672166	harbor2	chr1	209483232	209483475	SINE/MIR	636	+	122	209483354	11188
chr1	209472166	209672166	harbor2	chr1	209510690	209510891	SINE/MIR	581	+	100	209510790	38624
chr1	209472166	209672166	harbor2	chr1	209518031	209518246	SINE/MIR	673	+	108	209518139	45973
chr1	209472166	209672166	harbor2	chr1	209526566	209526784	SINE/MIR	478	+	109	209526675	54509
chr1	185353866	185553866	harbor2	chr1	185391924	185392076	SINE/MIR	418	+	76	185392000	38134
chr1	185353866	185553866	harbor2	chr1	185392409	185392582	SINE/MIR	569	+	86	185392495	38629
chr1	185353866	185553866	harbor2	chr1	185398758	185398968	SINE/MIR	825	+	105	185398863	44997
chr1	185353866	185553866	harbor2	chr1	185411259	185411530	SINE/MIR	679	+	136	185411395	57529
chr1	185353866	185553866	harbor2	chr1	185416811	185417071	SINE/MIR	764	+	130	185416941	63075
chr1	185353866	185553866	harbor2	chr1	185419533	185419759	SINE/MIR	738	+	113	185419646	65780
chr1	185353866	185553866	harbor2	chr1	185432537	185432653	SINE/MIR	485	+	58	185432595	78729
chr1	185353866	185553866	harbor2	chr1	185433409	185433498	SINE/MIR	485	+	44	185433453	79587
chr1	185353866	185553866	harbor2	chr1	185433749	185433986	SINE/MIR	638	+	118	185433867	80001
chr1	185353866	185553866	harbor2	chr1	185448837	185449031	SINE/MIR	587	+	97	185448934	95068
chr1	82002432	82202432	harbor2	chr1	82030976	82031178	SINE/MIR	658	+	101	82031077	28645
chr1	82002432	82202432	harbor2	chr1	82048061	82048270	SINE/MIR	664	+	104	82048165	45733
chr1	82002432	82202432	harbor2	chr1	82097370	82097532	SINE/MIR	408	+	81	82097451	95019
chr1	82002432	82202432	harbor2	chr1	82099162	82099403	SINE/MIR	438	+	120	82099282	96850
chr1	242317646	242517646	harbor2	chr1	242359644	242359844	SINE/MIR	646	+	100	242359744	42098
chr1	242317646	242517646	harbor2	chr1	242398580	242398798	SINE/MIR	431	+	109	242398689	81043
chr1	154661658	154861658	harbor2	chr1	154663175	154663410	SINE/MIR	672	+	118	154663293	1635
chr1	154661658	154861658	harbor2	chr1	154742360	154742567	SINE/MIR	701	+	104	154742464	80806
chr1	154661658	154861658	harbor2	chr1	154745903	154746123	SINE/MIR	592	+	110	154746013	84355
chr1	154661658	154861658	harbor2	chr1	154751128	154751277	SINE/MIR	539	+	74	154751202	89544
chr1	195485655	195685655	harbor2	chr1	195511545	195511794	SINE/MIR	475	+	124	195511669	26014
chr1	218443782	218643782	harbor2	chr1	218471112	218471297	SINE/MIR	607	+	92	218471204	27422
chr1	218443782	218643782	harbor2	chr1	218472052	218472240	SINE/MIR	508	+	94	218472146	28364
chr1	218443782	218643782	harbor2	chr1	218475246	218475452	SINE/MIR	575	+	103	218475349	31567
chr1	218443782	218643782	harbor2	chr1	218491401	218491612	SINE/MIR	791	+	106	218491507	47725
chr1	218443782	218643782	harbor2	chr1	218500714	218500971	SINE/MIR	576	+	128	218500842	57060
chr1	77186693	77386693	harbor2	chr1	77200697	77200916	SINE/MIR	489	+	110	77200807	14114
chr1	77186693	77386693	harbor2	chr1	77210682	77210893	SINE/MIR	608	+	106	77210788	24095
chr1	77186693	77386693	harbor2	chr1	77212255	77212384	SINE/MIR	552	+	64	77212319	25626
chr1	77186693	77386693	harbor2	chr1	77236087	77236241	SINE/MIR	791	+	77	77236164	49471
chr1	77186693	77386693	harbor2	chr1	77236636	77236734	SINE/MIR	791	+	49	77236685	49992
chr1	77186693	77386693	harbor2	chr1	77238295	77238415	SINE/MIR	442	+	60	77238355	51662
chr1	77186693	77386693	harbor2	chr1	77285020	77285167	SINE/MIR	498	+	74	77285094	98401
chr1	228952988	229152988	harbor2	chr1	228973111	228973273	SINE/MIR	413	+	81	228973192	20204
chr1	228952988	229152988	harbor2	chr1	228985936	228986139	SINE/MIR	472	+	102	228986038	33050
chr1	228952988	229152988	harbor2	chr1	228997181	228997414	SINE/MIR	509	+	116	228997297	44309
chr1	228952988	229152988	harbor2	chr1	229007562	229007786	SINE/MIR	435	+	112	229007674	54686
chr1	228952988	229152988	harbor2	chr1	229033866	229034084	SINE/MIR	570	+	109	229033975	80987
chr1	114527150	114727150	harbor2	chr1	114584192	114584261	SINE/MIR	500	+	34	114584226	57076
chr1	114527150	114727150	harbor2	chr1	114584576	114584705	SINE/MIR	500	+	64	114584640	57490
chr1	114527150	114727150	harbor2	chr1	114593849	114593968	SINE/MIR	412	+	60	114593909	66759
chr1	241599865	241799865	harbor2	chr1	241610800	241611003	SINE/MIR	448	+	102	241610902	11037
chr1	241599865	241799865	harbor2	chr1	241622034	241622273	SINE/MIR	501	+	120	241622154	22289
chr1	241599865	241799865	harbor2	chr1	241624536	241624728	SINE/MIR	414	+	96	241624632	24767
chr1	241599865	241799865	harbor2	chr1	241624790	241625028	SINE/MIR	762	+	119	241624909	25044
chr1	241599865	241799865	harbor2	chr1	241675607	241675858	SINE/MIR	696	+	126	241675733	75868
chr1	233840834	234040834	harbor2	chr1	233844361	233844644	SINE/MIR	720	+	142	233844503	3669
chr1	233840834	234040834	harbor2	chr1	233928424	233928676	SINE/MIR	466	+	126	233928550	87716
chr1	234983094	235183094	harbor2	chr1	234999305	234999414	SINE/MIR	461	+	54	234999359	16265
chr1	234983094	235183094	harbor2	chr1	235043470	235043684	SINE/MIR	681	+	107	235043577	60483
chr1	234983094	235183094	harbor2	chr1	235043971	235043981	SINE/MIR	681	+	5	235043976	60882
chr1	234983094	235183094	harbor2	chr1	235054409	235054615	SINE/MIR	524	+	103	235054512	71418
chr1	234983094	235183094	harbor2	chr1	235070470	235070670	SINE/MIR	427	+	100	235070570	87476
chr1	213635920	213835920	harbor2	chr1	213647460	213647635	SINE/MIR	500	+	88	213647548	11628
chr1	213635920	213835920	harbor2	chr1	213690620	213690856	SINE/MIR	743	+	118	213690738	54818
chr1	213635920	213835920	harbor2	chr1	213714040	213714277	SINE/MIR	459	+	118	213714158	78238
chr1	210268422	210468422	harbor2	chr1	210271061	210271127	SINE/MIR	434	+	33	210271094	2672
chr1	210268422	210468422	harbor2	chr1	210271276	210271322	SINE/MIR	434	+	23	210271299	2877
chr1	210268422	210468422	harbor2	chr1	210271445	210271507	SINE/MIR	434	+	31	210271476	3054
chr1	210268422	210468422	harbor2	chr1	210293676	210293870	SINE/MIR	561	+	97	210293773	25351
chr1	210268422	210468422	harbor2	chr1	210309835	210310006	SINE/MIR	484	+	86	210309921	41499
chr1	210268422	210468422	harbor2	chr1	210340848	210341056	SINE/MIR	769	+	104	210340952	72530
chr1	222861826	223061826	harbor2	chr1	222877024	222877185	SINE/MIR	602	+	80	222877104	15278
chr1	222861826	223061826	harbor2	chr1	222900162	222900354	SINE/MIR	635	+	96	222900258	38432
chr1	222861826	223061826	harbor2	chr1	222935413	222935627	SINE/MIR	508	+	107	222935520	73694
chr1	154807861	155007861	harbor2	chr1	154810887	154811112	SINE/MIR	474	+	112	154810999	3138
chr1	154807861	155007861	harbor2	chr1	154822904	154823130	SINE/MIR	778	+	113	154823017	15156
chr1	154807861	155007861	harbor2	chr1	154828519	154828701	SINE/MIR	621	+	91	154828610	20749
chr1	154807861	155007861	harbor2	chr1	154842824	154843060	SINE/MIR	603	+	118	154842942	35081
chr1	154807861	155007861	harbor2	chr1	154857631	154857830	SINE/MIR	879	+	100	154857731	49870
chr1	179360560	179560560	harbor2	chr1	179370765	179370939	SINE/MIR	593	+	87	179370852	10292
chr1	179360560	179560560	harbor2	chr1	179383560	179383818	SINE/MIR	1208	+	129	179383689	23129
chr1	179360560	179560560	harbor2	chr1	179395525	179395685	SINE/MIR	916	+	80	179395605	35045
chr1	217358436	217558436	harbor2	chr1	217361667	217361903	SINE/MIR	645	+	118	217361785	3349
chr1	217358436	217558436	harbor2	chr1	217431515	217431746	SINE/MIR	717	+	116	217431631	73195
chr1	217358436	217558436	harbor2	chr1	217447354	217447601	SINE/MIR	657	+	124	217447478	89042
chr1	243691294	243891294	harbor2	chr1	243702318	243702547	SINE/MIR	620	+	114	243702432	11138
chr1	243691294	243891294	harbor2	chr1	243706903	243707124	SINE/MIR	774	+	110	243707013	15719
chr1	243691294	243891294	harbor2	chr1	243731726	243731904	SINE/MIR	477	+	89	243731815	40521
chr1	243691294	243891294	harbor2	chr1	243736069	243736321	SINE/MIR	669	+	126	243736195	44901
chr1	243691294	243891294	harbor2	chr1	243737176	243737357	SINE/MIR	829	+	90	243737266	45972
chr1	172094351	172294351	harbor2	chr1	172094450	172094674	SINE/MIR	522	+	112	172094562	211
chr1	172094351	172294351	harbor2	chr1	172101375	172101590	SINE/MIR	559	+	108	172101483	7132
chr1	172094351	172294351	harbor2	chr1	172104860	172105084	SINE/MIR	718	+	112	172104972	10621
chr1	172094351	172294351	harbor2	chr1	172122874	172123008	SINE/MIR	551	+	67	172122941	28590
chr1	172094351	172294351	harbor2	chr1	172150640	172150776	SINE/MIR	442	+	68	172150708	56357
chr1	172094351	172294351	harbor2	chr1	172155913	172156157	SINE/MIR	502	+	122	172156035	61684
chr1	181779497	181979497	harbor2	chr1	181808354	181808594	SINE/MIR	461	+	120	181808474	28977
chr1	181779497	181979497	harbor2	chr1	181810049	181810234	SINE/MIR	421	+	92	181810141	30644
chr1	181779497	181979497	harbor2	chr1	181816126	181816337	SINE/MIR	482	+	106	181816232	36735
chr1	181779497	181979497	harbor2	chr1	181864740	181864942	SINE/MIR	821	+	101	181864841	85344
chr1	166299022	166499022	harbor2	chr1	166348664	166348920	SINE/MIR	746	+	128	166348792	49770
chr1	166299022	166499022	harbor2	chr1	166350070	166350261	SINE/MIR	494	+	96	166350166	51144
chr1	166299022	166499022	harbor2	chr1	166356027	166356265	SINE/MIR	613	+	119	166356146	57124
chr1	166299022	166499022	harbor2	chr1	166368319	166368531	SINE/MIR	719	+	106	166368425	69403
chr1	166299022	166499022	harbor2	chr1	166379944	166380180	SINE/MIR	627	+	118	166380062	81040
chr1	166299022	166499022	harbor2	chr1	166386912	166387084	SINE/MIR	953	+	86	166386998	87976
chr1	166299022	166499022	harbor2	chr1	166387398	166387463	SINE/MIR	953	+	32	166387430	88408
chr1	166299022	166499022	harbor2	chr1	166388617	166388822	SINE/MIR	585	+	102	166388719	89697
chr1	166299022	166499022	harbor2	chr1	166396240	166396396	SINE/MIR	715	+	78	166396318	97296
chr1	209242541	209442541	harbor2	chr1	209316475	209316675	SINE/MIR	442	+	100	209316575	74034
chr1	209242541	209442541	harbor2	chr1	209324116	209324381	SINE/MIR	824	+	132	209324248	81707
chr1	242733648	242933648	harbor2	chr1	242745530	242745689	SINE/MIR	429	+	80	242745610	11962
chr1	242733648	242933648	harbor2	chr1	242745986	242746062	SINE/MIR	429	+	38	242746024	12376
chr1	242733648	242933648	harbor2	chr1	242760916	242761067	SINE/MIR	580	+	76	242760992	27344
chr1	242733648	242933648	harbor2	chr1	242815154	242815332	SINE/MIR	509	+	89	242815243	81595
chr1	242733648	242933648	harbor2	chr1	242818035	242818208	SINE/MIR	430	+	86	242818121	84473
chr1	152389453	152589453	harbor2	chr1	152412402	152412645	SINE/MIR	600	+	122	152412524	23071
chr1	152389453	152589453	harbor2	chr1	152426568	152426814	SINE/MIR	409	+	123	152426691	37238
chr1	152389453	152589453	harbor2	chr1	152436860	152437001	SINE/MIR	486	+	70	152436930	47477
chr1	152389453	152589453	harbor2	chr1	152450739	152450942	SINE/MIR	579	+	102	152450841	61388
chr1	29030525	29230525	harbor2	chr1	29041732	29041983	SINE/MIR	965	+	126	29041858	11333
chr1	29030525	29230525	harbor2	chr1	29098562	29098729	SINE/MIR	562	+	84	29098646	68121
chr1	29030525	29230525	harbor2	chr1	29101258	29101425	SINE/MIR	550	+	84	29101342	70817
chr1	29030525	29230525	harbor2	chr1	29103361	29103519	SINE/MIR	574	+	79	29103440	72915
chr1	29030525	29230525	harbor2	chr1	29103994	29104226	SINE/MIR	861	+	116	29104110	73585
chr1	29030525	29230525	harbor2	chr1	29107289	29107514	SINE/MIR	520	+	112	29107401	76876
chr1	29030525	29230525	harbor2	chr1	29112628	29112856	SINE/MIR	601	+	114	29112742	82217
chr1	29030525	29230525	harbor2	chr1	29113588	29113750	SINE/MIR	566	+	81	29113669	83144
chr1	29030525	29230525	harbor2	chr1	29126239	29126317	SINE/MIR	411	+	39	29126278	95753
chr1	225893835	226093835	harbor2	chr1	225920867	225921079	SINE/MIR	564	+	106	225920973	27138
chr1	225893835	226093835	harbor2	chr1	225942114	225942339	SINE/MIR	802	+	112	225942226	48391
chr1	225893835	226093835	harbor2	chr1	225959437	225959666	SINE/MIR	408	+	114	225959551	65716
chr1	225893835	226093835	harbor2	chr1	225972824	225973017	SINE/MIR	654	+	96	225972920	79085
chr1	225893835	226093835	harbor2	chr1	225935260	225935390	SINE/MIR	412	+	65	225935325	41490
chr1	89454558	89654558	harbor2	chr1	89499659	89499858	SINE/MIR	412	+	100	89499759	45201
chr1	89454558	89654558	harbor2	chr1	89501432	89501636	SINE/MIR	434	+	102	89501534	46976
chr1	162654864	162854864	harbor2	chr1	162672126	162672316	SINE/MIR	716	+	95	162672221	17357
chr1	162654864	162854864	harbor2	chr1	162678210	162678403	SINE/MIR	704	+	96	162678306	23442
chr1	162654864	162854864	harbor2	chr1	162682571	162682700	SINE/MIR	488	+	64	162682635	27771
chr1	162654864	162854864	harbor2	chr1	162685011	162685234	SINE/MIR	527	+	112	162685123	30259
chr1	162654864	162854864	harbor2	chr1	162685471	162685650	SINE/MIR	476	+	90	162685561	30697
chr1	162654864	162854864	harbor2	chr1	162725993	162726171	SINE/MIR	469	+	89	162726082	71218
chr1	162654864	162854864	harbor2	chr1	162728828	162729040	SINE/MIR	643	+	106	162728934	74070
chr1	162654864	162854864	harbor2	chr1	162732418	162732610	SINE/MIR	561	+	96	162732514	77650
chr1	162654864	162854864	harbor2	chr1	162740987	162741087	SINE/MIR	406	+	50	162741037	86173
chr1	162654864	162854864	harbor2	chr1	162741462	162741564	SINE/MIR	406	+	51	162741513	86649
chr1	224736203	224936203	harbor2	chr1	224743422	224743584	SINE/MIR	510	+	81	224743503	7300
chr1	224736203	224936203	harbor2	chr1	224748315	224748556	SINE/MIR	741	+	120	224748435	12232
chr1	224736203	224936203	harbor2	chr1	224759021	224759252	SINE/MIR	840	+	116	224759137	22934
chr1	224736203	224936203	harbor2	chr1	224781275	224781434	SINE/MIR	408	+	80	224781355	45152
chr1	224736203	224936203	harbor2	chr1	224785431	224785629	SINE/MIR	438	+	99	224785530	49327
chr1	224736203	224936203	harbor2	chr1	224803959	224804206	SINE/MIR	511	+	124	224804083	67880
chr1	224736203	224936203	harbor2	chr1	224820048	224820212	SINE/MIR	415	+	82	224820130	83927
chr1	117258018	117458018	harbor2	chr1	117270889	117271109	SINE/MIR	722	+	110	117270999	12981
chr1	117258018	117458018	harbor2	chr1	117286635	117286869	SINE/MIR	905	+	117	117286752	28734
chr1	117258018	117458018	harbor2	chr1	117286954	117287193	SINE/MIR	914	+	120	117287074	29056
chr1	117258018	117458018	harbor2	chr1	117301293	117301484	SINE/MIR	652	+	96	117301389	43371
chr1	117258018	117458018	harbor2	chr1	117302707	117302951	SINE/MIR	603	+	122	117302829	44811
chr1	117258018	117458018	harbor2	chr1	117308906	117309101	SINE/MIR	631	+	98	117309004	50986
chr1	117258018	117458018	harbor2	chr1	117318298	117318386	SINE/MIR	461	+	44	117318342	60324
chr1	117258018	117458018	harbor2	chr1	117320167	117320373	SINE/MIR	879	+	103	117320270	62252
chr1	117258018	117458018	harbor2	chr1	117320666	117320798	SINE/MIR	529	+	66	117320732	62714
chr1	245138876	245338876	harbor2	chr1	245166016	245166164	SINE/MIR	443	+	74	245166090	27214
chr1	245138876	245338876	harbor2	chr1	245180318	245180545	SINE/MIR	681	+	114	245180432	41556
chr1	245138876	245338876	harbor2	chr1	245186591	245186781	SINE/MIR	413	+	95	245186686	47810
chr1	245138876	245338876	harbor2	chr1	245198226	245198439	SINE/MIR	890	+	106	245198332	59456
chr1	245138876	245338876	harbor2	chr1	245198742	245198769	SINE/MIR	890	+	14	245198756	59880
chr1	245138876	245338876	harbor2	chr1	245202344	245202469	SINE/MIR	449	+	62	245202406	63530
chr1	245138876	245338876	harbor2	chr1	245236287	245236479	SINE/MIR	631	+	96	245236383	97507
chr1	241857430	242057430	harbor2	chr1	241874599	241874826	SINE/MIR	582	+	114	241874713	17283
chr1	241857430	242057430	harbor2	chr1	241928884	241928947	SINE/MIR	406	+	32	241928916	71486
chr1	241857430	242057430	harbor2	chr1	241929298	241929370	SINE/MIR	406	+	36	241929334	71904
chr1	241857430	242057430	harbor2	chr1	241876801	241877034	SINE/MIR	468	+	116	241876917	19487
chr1	211504587	211704587	harbor2	chr1	211510329	211510549	SINE/MIR	495	+	110	211510439	5852
chr1	211504587	211704587	harbor2	chr1	211513321	211513562	SINE/MIR	662	+	120	211513441	8854
chr1	211504587	211704587	harbor2	chr1	211516776	211516995	SINE/MIR	442	+	110	211516886	12299
chr1	211504587	211704587	harbor2	chr1	211529333	211529518	SINE/MIR	539	+	92	211529425	24838
chr1	211504587	211704587	harbor2	chr1	211542428	211542641	SINE/MIR	566	+	106	211542534	37947
chr1	211504587	211704587	harbor2	chr1	211550028	211550184	SINE/MIR	415	+	78	211550106	45519
chr1	211504587	211704587	harbor2	chr1	211551456	211551483	SINE/MIR	415	+	14	211551470	46883
chr1	211504587	211704587	harbor2	chr1	211565382	211565503	SINE/MIR	433	+	60	211565442	60855
chr1	211504587	211704587	harbor2	chr1	211579941	211580120	SINE/MIR	596	+	90	211580031	75444
chr1	211504587	211704587	harbor2	chr1	211587563	211587699	SINE/MIR	519	+	68	211587631	83044
chr1	211504587	211704587	harbor2	chr1	211591267	211591420	SINE/MIR	677	+	76	211591343	86756
chr1	211504587	211704587	harbor2	chr1	211591728	211591816	SINE/MIR	677	+	44	211591772	87185
chr1	211504587	211704587	harbor2	chr1	211598126	211598261	SINE/MIR	438	+	68	211598194	93607
chr1	211504587	211704587	harbor2	chr1	211603214	211603433	SINE/MIR	497	+	110	211603324	98737
chr1	233384298	233584298	harbor2	chr1	233398494	233398728	SINE/MIR	618	+	117	233398611	14313
chr1	96665744	96865744	harbor2	chr1	96738531	96738713	SINE/MIR	427	+	91	96738622	72878
chr1	205669662	205869662	harbor2	chr1	205672680	205672832	SINE/MIR	538	+	76	205672756	3094
chr1	205669662	205869662	harbor2	chr1	205691835	205692047	SINE/MIR	702	+	106	205691941	22279
chr1	205669662	205869662	harbor2	chr1	205704773	205704925	SINE/MIR	639	+	76	205704849	35187
chr1	205669662	205869662	harbor2	chr1	205735538	205735670	SINE/MIR	450	+	66	205735604	65942
chr1	205669662	205869662	harbor2	chr1	205750878	205751109	SINE/MIR	715	+	116	205750994	81332
chr1	205669662	205869662	harbor2	chr1	205754964	205755203	SINE/MIR	611	+	120	205755084	85422
chr1	205669662	205869662	harbor2	chr1	205763684	205763921	SINE/MIR	414	+	118	205763802	94140
chr1	184456653	184656653	harbor2	chr1	184487689	184487929	SINE/MIR	755	+	120	184487809	31156
chr1	184456653	184656653	harbor2	chr1	184491033	184491166	SINE/MIR	521	+	66	184491099	34446
chr1	184456653	184656653	harbor2	chr1	184498857	184499082	SINE/MIR	620	+	112	184498969	42316
chr1	184456653	184656653	harbor2	chr1	184509841	184510044	SINE/MIR	432	+	102	184509943	53290
chr1	184456653	184656653	harbor2	chr1	184527649	184527893	SINE/MIR	760	+	122	184527771	71118
chr1	184456653	184656653	harbor2	chr1	184529862	184530121	SINE/MIR	693	+	130	184529992	73339
chr1	184456653	184656653	harbor2	chr1	184530241	184530395	SINE/MIR	525	+	77	184530318	73665
chr1	184456653	184656653	harbor2	chr1	184532143	184532382	SINE/MIR	613	+	120	184532263	75610
chr1	232793852	232993852	harbor2	chr1	232797865	232798109	SINE/MIR	465	+	122	232797987	4135
chr1	232793852	232993852	harbor2	chr1	232846068	232846277	SINE/MIR	598	+	104	232846172	52320
chr1	239494288	239694288	harbor2	chr1	239495598	239495798	SINE/MIR	444	+	100	239495698	1410
chr1	239494288	239694288	harbor2	chr1	239516298	239516448	SINE/MIR	404	+	75	239516373	22085
chr1	239494288	239694288	harbor2	chr1	239527690	239527880	SINE/MIR	447	+	95	239527785	33497
chr1	239494288	239694288	harbor2	chr1	239546208	239546440	SINE/MIR	508	+	116	239546324	52036
chr1	239494288	239694288	harbor2	chr1	239547191	239547440	SINE/MIR	801	+	124	239547315	53027
chr1	99234566	99434566	harbor2	chr1	99236542	99236678	SINE/MIR	471	+	68	99236610	2044
chr1	99234566	99434566	harbor2	chr1	99260798	99261026	SINE/MIR	476	+	114	99260912	26346
chr1	99234566	99434566	harbor2	chr1	99278178	99278447	SINE/MIR	646	+	134	99278312	43746
chr1	99234566	99434566	harbor2	chr1	99280173	99280402	SINE/MIR	451	+	114	99280287	45721
chr1	99234566	99434566	harbor2	chr1	99314039	99314181	SINE/MIR	523	+	71	99314110	79544
chr1	99234566	99434566	harbor2	chr1	99325970	99326203	SINE/MIR	412	+	116	99326086	91520
chr1	238228258	238428258	harbor2	chr1	238316198	238316431	SINE/MIR	412	+	116	238316314	88056
chr1	179563681	179763681	harbor2	chr1	179565295	179565464	SINE/MIR	524	+	84	179565379	1698
chr1	179563681	179763681	harbor2	chr1	179574230	179574453	SINE/MIR	539	+	112	179574342	10661
chr1	179563681	179763681	harbor2	chr1	179593945	179594147	SINE/MIR	696	+	101	179594046	30365
chr1	179563681	179763681	harbor2	chr1	179622070	179622146	SINE/MIR	439	+	38	179622108	58427
chr1	179563681	179763681	harbor2	chr1	179637303	179637412	SINE/MIR	478	+	54	179637357	73676
chr1	203442744	203642744	harbor2	chr1	203447588	203447843	SINE/MIR	651	+	128	203447716	4972
chr1	203442744	203642744	harbor2	chr1	203454336	203454547	SINE/MIR	1022	+	106	203454442	11698
chr1	203442744	203642744	harbor2	chr1	203466578	203466809	SINE/MIR	777	+	116	203466694	23950
chr1	203442744	203642744	harbor2	chr1	203469138	203469263	SINE/MIR	500	+	62	203469200	26456
chr1	203442744	203642744	harbor2	chr1	203484226	203484450	SINE/MIR	575	+	112	203484338	41594
chr1	203442744	203642744	harbor2	chr1	203492722	203492852	SINE/MIR	505	+	65	203492787	50043
chr1	203442744	203642744	harbor2	chr1	203501960	203502166	SINE/MIR	572	+	103	203502063	59319
chr1	203442744	203642744	harbor2	chr1	203518907	203519092	SINE/MIR	485	+	92	203518999	76255
chr1	203442744	203642744	harbor2	chr1	203521531	203521719	SINE/MIR	506	+	94	203521625	78881
chr1	203442744	203642744	harbor2	chr1	203538387	203538633	SINE/MIR	531	+	123	203538510	95766
chr1	194175854	194375854	harbor2	chr1	194192387	194192581	SINE/MIR	476	+	97	194192484	16630
chr1	212450520	212650520	harbor2	chr1	212451655	212451864	SINE/MIR	703	+	104	212451759	1239
chr1	212450520	212650520	harbor2	chr1	212469140	212469245	SINE/MIR	405	+	52	212469192	18672
chr1	212450520	212650520	harbor2	chr1	212469258	212469456	SINE/MIR	605	+	99	212469357	18837
chr1	212450520	212650520	harbor2	chr1	212489603	212489792	SINE/MIR	894	+	94	212489697	39177
chr1	212450520	212650520	harbor2	chr1	212506628	212506822	SINE/MIR	530	+	97	212506725	56205
chr1	212450520	212650520	harbor2	chr1	212511209	212511328	SINE/MIR	560	+	60	212511269	60749
chr1	212450520	212650520	harbor2	chr1	212511621	212511718	SINE/MIR	560	+	48	212511669	61149
chr1	212450520	212650520	harbor2	chr1	212543661	212543820	SINE/MIR	456	+	80	212543741	93221
chr1	188506341	188706341	harbor2	chr1	188597777	188598017	SINE/MIR	736	+	120	188597897	91556
chr1	179335867	179535867	harbor2	chr1	179370765	179370939	SINE/MIR	593	+	87	179370852	34985
chr1	179335867	179535867	harbor2	chr1	179383560	179383818	SINE/MIR	1208	+	129	179383689	47822
chr1	179335867	179535867	harbor2	chr1	179395525	179395685	SINE/MIR	916	+	80	179395605	59738
chr1	49622486	49822486	harbor2	chr1	49622659	49622773	SINE/MIR	525	+	57	49622716	230
chr1	49622486	49822486	harbor2	chr1	49623822	49624002	SINE/MIR	625	+	90	49623912	1426
chr1	49622486	49822486	harbor2	chr1	49624033	49624110	SINE/MIR	625	+	38	49624071	1585
chr1	49622486	49822486	harbor2	chr1	49665332	49665541	SINE/MIR	706	+	104	49665436	42950
chr1	49622486	49822486	harbor2	chr1	49666947	49667124	SINE/MIR	422	+	88	49667035	44549
chr1	49622486	49822486	harbor2	chr1	49667835	49668073	SINE/MIR	647	+	119	49667954	45468
chr1	49622486	49822486	harbor2	chr1	49690455	49690691	SINE/MIR	815	+	118	49690573	68087
chr1	49622486	49822486	harbor2	chr1	49698130	49698283	SINE/MIR	469	+	76	49698206	75720
chr1	49622486	49822486	harbor2	chr1	49711860	49712084	SINE/MIR	777	+	112	49711972	89486
chr1	49622486	49822486	harbor2	chr1	49712735	49712959	SINE/MIR	581	+	112	49712847	90361
chr1	49622486	49822486	harbor2	chr1	49720529	49720730	SINE/MIR	567	+	100	49720629	98143
chr1	157563162	157763162	harbor2	chr1	157563043	157563246	SINE/MIR	513	+	102	157563145	17
chr1	157563162	157763162	harbor2	chr1	157565060	157565276	SINE/MIR	595	+	108	157565168	2006
chr1	157563162	157763162	harbor2	chr1	157583053	157583219	SINE/MIR	628	+	83	157583136	19974
chr1	157563162	157763162	harbor2	chr1	157596477	157596655	SINE/MIR	489	+	89	157596566	33404
chr1	157563162	157763162	harbor2	chr1	157596775	157597016	SINE/MIR	757	+	120	157596895	33733
chr1	157563162	157763162	harbor2	chr1	157617961	157618214	SINE/MIR	980	+	126	157618087	54925
chr1	221589718	221789718	harbor2	chr1	221593044	221593260	SINE/MIR	619	+	108	221593152	3434
chr1	221589718	221789718	harbor2	chr1	221632294	221632473	SINE/MIR	698	+	90	221632384	42666
chr1	221589718	221789718	harbor2	chr1	221646256	221646479	SINE/MIR	410	+	112	221646368	56650
chr1	221589718	221789718	harbor2	chr1	221683794	221683918	SINE/MIR	461	+	62	221683856	94138
chr1	221589718	221789718	harbor2	chr1	221687306	221687509	SINE/MIR	486	+	102	221687408	97690
chr1	105246022	105446022	harbor2	chr1	105329724	105329977	SINE/MIR	580	+	126	105329850	83828
chr1	239745667	239945667	harbor2	chr1	239776164	239776372	SINE/MIR	815	+	104	239776268	30601
chr1	239745667	239945667	harbor2	chr1	239817858	239818004	SINE/MIR	537	+	73	239817931	72264
chr1	239745667	239945667	harbor2	chr1	239827434	239827656	SINE/MIR	544	+	111	239827545	81878
chr1	239745667	239945667	harbor2	chr1	239829665	239829906	SINE/MIR	945	+	120	239829785	84118
chr1	239745667	239945667	harbor2	chr1	239830092	239830273	SINE/MIR	473	+	90	239830182	84515
chr1	185598605	185798605	harbor2	chr1	185651111	185651359	SINE/MIR	447	+	124	185651235	52630
chr1	89252704	89452704	harbor2	chr1	89261491	89261659	SINE/MIR	418	+	84	89261575	8871
chr1	195283504	195483504	harbor2	chr1	195287226	195287442	SINE/MIR	504	+	108	195287334	3830
chr1	237289486	237489486	harbor2	chr1	237337469	237337661	SINE/MIR	623	+	96	237337565	48079
chr1	237289486	237489486	harbor2	chr1	237379276	237379519	SINE/MIR	411	+	122	237379398	89912
chr1	237289486	237489486	harbor2	chr1	237380434	237380608	SINE/MIR	437	+	87	237380521	91035
chr1	246336560	246536560	harbor2	chr1	246353625	246353850	SINE/MIR	592	+	112	246353737	17177
chr1	246336560	246536560	harbor2	chr1	246387180	246387405	SINE/MIR	415	+	112	246387292	50732
chr1	246336560	246536560	harbor2	chr1	246405941	246406093	SINE/MIR	564	+	76	246406017	69457
chr1	246336560	246536560	harbor2	chr1	246406224	246406346	SINE/MIR	564	+	61	246406285	69725
chr1	233721456	233921456	harbor2	chr1	233736844	233737048	SINE/MIR	795	+	102	233736946	15490
chr1	233721456	233921456	harbor2	chr1	233744928	233745138	SINE/MIR	687	+	105	233745033	23577
chr1	173880763	174080763	harbor2	chr1	173945465	173945672	SINE/MIR	410	+	104	173945569	64806
chr1	164499090	164699090	harbor2	chr1	164557975	164558209	SINE/MIR	895	+	117	164558092	59002
chr1	164499090	164699090	harbor2	chr1	164569169	164569419	SINE/MIR	1009	+	125	164569294	70204
chr1	60647439	60847439	harbor2	chr1	60652668	60652854	SINE/MIR	493	+	93	60652761	5322
chr1	60647439	60847439	harbor2	chr1	60682947	60683139	SINE/MIR	417	+	96	60683043	35604
chr1	60647439	60847439	harbor2	chr1	60690785	60690994	SINE/MIR	417	+	104	60690889	43450
chr1	60647439	60847439	harbor2	chr1	60699554	60699786	SINE/MIR	589	+	116	60699670	52231
chr1	60647439	60847439	harbor2	chr1	60701528	60701737	SINE/MIR	514	+	104	60701632	54193
chr1	60647439	60847439	harbor2	chr1	60725639	60725857	SINE/MIR	447	+	109	60725748	78309
chr1	60647439	60847439	harbor2	chr1	60740617	60740794	SINE/MIR	447	+	88	60740705	93266
chr1	228655786	228855786	harbor2	chr1	228734392	228734591	SINE/MIR	562	+	100	228734492	78706
chr1	228655786	228855786	harbor2	chr1	228747914	228748130	SINE/MIR	473	+	108	228748022	92236
chr1	210578299	210778299	harbor2	chr1	210636910	210637137	SINE/MIR	492	+	114	210637024	58725
chr1	210578299	210778299	harbor2	chr1	210665794	210665946	SINE/MIR	481	+	76	210665870	87571
chr1	107255502	107455502	harbor2	chr1	107267143	107267280	SINE/MIR	481	+	68	107267211	11709
chr1	107255502	107455502	harbor2	chr1	107270354	107270534	SINE/MIR	451	+	90	107270444	14942
chr1	107255502	107455502	harbor2	chr1	107293628	107293773	SINE/MIR	411	+	72	107293700	38198
chr1	107255502	107455502	harbor2	chr1	107314724	107314996	SINE/MIR	549	+	136	107314860	59358
chr1	107255502	107455502	harbor2	chr1	107321884	107321996	SINE/MIR	477	+	56	107321940	66438
chr1	107255502	107455502	harbor2	chr1	107340730	107340980	SINE/MIR	450	+	125	107340855	85353
chr1	107255502	107455502	harbor2	chr1	107347105	107347231	SINE/MIR	493	+	63	107347168	91666
chr1	107255502	107455502	harbor2	chr1	107347544	107347607	SINE/MIR	493	+	32	107347576	92074
chr1	223277474	223477474	harbor2	chr1	223284355	223284552	SINE/MIR	498	+	98	223284453	6979
chr1	223277474	223477474	harbor2	chr1	223289910	223290105	SINE/MIR	538	+	98	223290008	12534
chr1	223277474	223477474	harbor2	chr1	223304667	223304793	SINE/MIR	506	+	63	223304730	27256
chr1	223277474	223477474	harbor2	chr1	223319877	223320074	SINE/MIR	412	+	98	223319975	42501
chr1	223277474	223477474	harbor2	chr1	223321282	223321482	SINE/MIR	812	+	100	223321382	43908
chr1	223277474	223477474	harbor2	chr1	223347876	223348025	SINE/MIR	408	+	74	223347950	70476
chr1	223277474	223477474	harbor2	chr1	223357473	223357643	SINE/MIR	585	+	85	223357558	80084
chr1	223277474	223477474	harbor2	chr1	223346564	223346792	SINE/MIR	704	+	114	223346678	69204
chr1	112300492	112500492	harbor2	chr1	112300489	112300601	SINE/MIR	463	+	56	112300545	53
chr1	112300492	112500492	harbor2	chr1	112301624	112301792	SINE/MIR	478	+	84	112301708	1216
chr1	112300492	112500492	harbor2	chr1	112311884	112312026	SINE/MIR	594	+	71	112311955	11463
chr1	112300492	112500492	harbor2	chr1	112315141	112315244	SINE/MIR	476	+	52	112315193	14701
chr1	112300492	112500492	harbor2	chr1	112318388	112318606	SINE/MIR	869	+	109	112318497	18005
chr1	112300492	112500492	harbor2	chr1	112323654	112323828	SINE/MIR	521	+	87	112323741	23249
chr1	112300492	112500492	harbor2	chr1	112333639	112333866	SINE/MIR	834	+	114	112333753	33261
chr1	112300492	112500492	harbor2	chr1	112357898	112358088	SINE/MIR	450	+	95	112357993	57501
chr1	112300492	112500492	harbor2	chr1	112358447	112358683	SINE/MIR	663	+	118	112358565	58073
chr1	112300492	112500492	harbor2	chr1	112366856	112367073	SINE/MIR	586	+	108	112366964	66472
chr1	112300492	112500492	harbor2	chr1	112390230	112390345	SINE/MIR	448	+	58	112390288	89796
chr1	112300492	112500492	harbor2	chr1	112392151	112392355	SINE/MIR	583	+	102	112392253	91761
chr1	112300492	112500492	harbor2	chr1	112394753	112394909	SINE/MIR	423	+	78	112394831	94339
chr1	112300492	112500492	harbor2	chr1	112400201	112400378	SINE/MIR	453	+	88	112400289	99797
chr1	159319332	159519332	harbor2	chr1	159365087	159365334	SINE/MIR	436	+	124	159365211	45879
chr1	159319332	159519332	harbor2	chr1	159404701	159404933	SINE/MIR	588	+	116	159404817	85485
chr1	159319332	159519332	harbor2	chr1	159407242	159407479	SINE/MIR	967	+	118	159407360	88028
chr1	159319332	159519332	harbor2	chr1	159408657	159408824	SINE/MIR	634	+	84	159408741	89409
chr1	180741127	180941127	harbor2	chr1	180818370	180818595	SINE/MIR	473	+	112	180818482	77355
chr1	180741127	180941127	harbor2	chr1	180823714	180823946	SINE/MIR	692	+	116	180823830	82703
chr1	189833316	190033316	harbor2	chr1	189833408	189833621	SINE/MIR	578	+	106	189833514	198
chr1	189833316	190033316	harbor2	chr1	189844851	189845027	SINE/MIR	449	+	88	189844939	11623
chr1	107967690	108167690	harbor2	chr1	107967661	107967711	SINE/MIR	478	+	25	107967686	4
chr1	107967690	108167690	harbor2	chr1	107983387	107983635	SINE/MIR	737	+	124	107983511	15821
chr1	107967690	108167690	harbor2	chr1	107991474	107991567	SINE/MIR	422	+	46	107991520	23830
chr1	107967690	108167690	harbor2	chr1	107997341	107997432	SINE/MIR	447	+	46	107997387	29697
chr1	107967690	108167690	harbor2	chr1	108012311	108012487	SINE/MIR	444	+	88	108012399	44709
chr1	107967690	108167690	harbor2	chr1	108025480	108025677	SINE/MIR	830	+	98	108025578	57888
chr1	107967690	108167690	harbor2	chr1	108036728	108036885	SINE/MIR	561	+	78	108036806	69116
chr1	107967690	108167690	harbor2	chr1	108036888	108037051	SINE/MIR	539	+	82	108036970	69280
chr1	107967690	108167690	harbor2	chr1	108037974	108038211	SINE/MIR	701	+	118	108038092	70402
chr1	107967690	108167690	harbor2	chr1	108040682	108040864	SINE/MIR	560	+	91	108040773	73083
chr1	107967690	108167690	harbor2	chr1	108046465	108046682	SINE/MIR	663	+	108	108046573	78883
chr1	190603115	190803115	harbor2	chr1	190605358	190605532	SINE/MIR	442	+	87	190605445	2330
chr1	190603115	190803115	harbor2	chr1	190664041	190664178	SINE/MIR	463	+	68	190664109	60994
chr1	190603115	190803115	harbor2	chr1	190702605	190702831	SINE/MIR	445	+	113	190702718	99603
chr1	233891345	234091345	harbor2	chr1	233928424	233928676	SINE/MIR	466	+	126	233928550	37205
chr1	233891345	234091345	harbor2	chr1	233972425	233972646	SINE/MIR	677	+	110	233972535	81190
chr1	233891345	234091345	harbor2	chr1	233985923	233986141	SINE/MIR	726	+	109	233986032	94687
chr1	103213189	103413189	harbor2	chr1	103245251	103245491	SINE/MIR	798	+	120	103245371	32182
chr1	86535022	86735022	harbor2	chr1	86538476	86538713	SINE/MIR	692	+	118	86538594	3572
chr1	86535022	86735022	harbor2	chr1	86539249	86539435	SINE/MIR	589	+	93	86539342	4320
chr1	86535022	86735022	harbor2	chr1	86543687	86543914	SINE/MIR	766	+	114	86543801	8779
chr1	86535022	86735022	harbor2	chr1	86560418	86560623	SINE/MIR	545	+	102	86560520	25498
chr1	86535022	86735022	harbor2	chr1	86568128	86568333	SINE/MIR	520	+	102	86568230	33208
chr1	86535022	86735022	harbor2	chr1	86568883	86569021	SINE/MIR	422	+	69	86568952	33930
chr1	203341510	203541510	harbor2	chr1	203356534	203356781	SINE/MIR	709	+	124	203356658	15148
chr1	203341510	203541510	harbor2	chr1	203365367	203365490	SINE/MIR	422	+	62	203365429	23919
chr1	203341510	203541510	harbor2	chr1	203370579	203370818	SINE/MIR	816	+	120	203370699	29189
chr1	203341510	203541510	harbor2	chr1	203377934	203378090	SINE/MIR	463	+	78	203378012	36502
chr1	203341510	203541510	harbor2	chr1	203404250	203404459	SINE/MIR	797	+	104	203404354	62844
chr1	203341510	203541510	harbor2	chr1	203438990	203439163	SINE/MIR	406	+	86	203439076	97566
chr1	230695390	230895390	harbor2	chr1	230709600	230709802	SINE/MIR	490	+	101	230709701	14311
chr1	172160997	172360997	harbor2	chr1	172221278	172221398	SINE/MIR	433	+	60	172221338	60341
chr1	172160997	172360997	harbor2	chr1	172226503	172226715	SINE/MIR	558	+	106	172226609	65612
chr1	213588315	213788315	harbor2	chr1	213598401	213598524	SINE/MIR	482	+	62	213598463	10148
chr1	213588315	213788315	harbor2	chr1	213647460	213647635	SINE/MIR	500	+	88	213647548	59233
chr1	239280898	239480898	harbor2	chr1	239290126	239290285	SINE/MIR	430	+	80	239290206	9308
chr1	239280898	239480898	harbor2	chr1	239367970	239368149	SINE/MIR	420	+	90	239368060	87162
chr1	93624306	93824306	harbor2	chr1	93650433	93650665	SINE/MIR	729	+	116	93650549	26243
chr1	93624306	93824306	harbor2	chr1	93679026	93679240	SINE/MIR	637	+	107	93679133	54827
chr1	93624306	93824306	harbor2	chr1	93684370	93684512	SINE/MIR	405	+	71	93684441	60135
chr1	93624306	93824306	harbor2	chr1	93690569	93690802	SINE/MIR	602	+	116	93690685	66379
chr1	93624306	93824306	harbor2	chr1	93700966	93701212	SINE/MIR	764	+	123	93701089	76783
chr1	93624306	93824306	harbor2	chr1	93705661	93705777	SINE/MIR	469	+	58	93705719	81413
chr1	93624306	93824306	harbor2	chr1	93706498	93706743	SINE/MIR	1234	+	122	93706620	82314
chr1	93624306	93824306	harbor2	chr1	93711981	93712176	SINE/MIR	535	+	98	93712079	87773
chr1	93624306	93824306	harbor2	chr1	93718435	93718650	SINE/MIR	724	+	108	93718543	94237
chr1	241742348	241942348	harbor2	chr1	241810955	241811118	SINE/MIR	492	+	82	241811037	68689
chr1	241742348	241942348	harbor2	chr1	241818648	241818848	SINE/MIR	451	+	100	241818748	76400
chr1	241742348	241942348	harbor2	chr1	241822215	241822270	SINE/MIR	557	+	28	241822243	79895
chr1	241742348	241942348	harbor2	chr1	241822565	241822714	SINE/MIR	557	+	74	241822639	80291
chr1	111666864	111866864	harbor2	chr1	111731237	111731356	SINE/MIR	606	+	60	111731297	64433
chr1	111666864	111866864	harbor2	chr1	111731652	111731732	SINE/MIR	606	+	40	111731692	64828
chr1	111666864	111866864	harbor2	chr1	111734925	111735160	SINE/MIR	782	+	118	111735043	68179
chr1	190209876	190409876	harbor2	chr1	190271251	190271477	SINE/MIR	428	+	113	190271364	61488
chr1	107412770	107612770	harbor2	chr1	107440353	107440559	SINE/MIR	554	+	103	107440456	27686
chr1	107412770	107612770	harbor2	chr1	107451991	107452188	SINE/MIR	641	+	98	107452089	39319
chr1	107412770	107612770	harbor2	chr1	107462297	107462514	SINE/MIR	597	+	108	107462405	49635
chr1	107412770	107612770	harbor2	chr1	107497084	107497315	SINE/MIR	518	+	116	107497200	84430
chr1	174343199	174543199	harbor2	chr1	174359683	174359906	SINE/MIR	859	+	112	174359795	16596
chr1	174343199	174543199	harbor2	chr1	174401214	174401415	SINE/MIR	927	+	100	174401314	58115
chr1	174343199	174543199	harbor2	chr1	174403395	174403582	SINE/MIR	483	+	94	174403489	60290
chr1	220423985	220623985	harbor2	chr1	220439982	220440165	SINE/MIR	537	+	92	220440074	16089
chr1	220423985	220623985	harbor2	chr1	220474142	220474382	SINE/MIR	799	+	120	220474262	50277
chr1	220423985	220623985	harbor2	chr1	220506683	220506906	SINE/MIR	761	+	112	220506795	82810
chr1	220423985	220623985	harbor2	chr1	220430306	220430534	SINE/MIR	571	+	114	220430420	6435
chr1	187655702	187855702	harbor2	chr1	187682783	187682833	SINE/MIR	488	+	25	187682808	27106
chr1	187655702	187855702	harbor2	chr1	187682874	187683010	SINE/MIR	488	+	68	187682942	27240
chr1	187655702	187855702	harbor2	chr1	187693226	187693433	SINE/MIR	480	+	104	187693330	37628
chr1	187655702	187855702	harbor2	chr1	187715538	187715753	SINE/MIR	431	+	108	187715646	59944
chr1	187655702	187855702	harbor2	chr1	187738784	187738960	SINE/MIR	419	+	88	187738872	83170
chr1	232760383	232960383	harbor2	chr1	232775772	232776005	SINE/MIR	623	+	116	232775888	15505
chr1	232760383	232960383	harbor2	chr1	232782699	232782765	SINE/MIR	438	+	33	232782732	22349
chr1	232760383	232960383	harbor2	chr1	232783073	232783209	SINE/MIR	438	+	68	232783141	22758
chr1	232760383	232960383	harbor2	chr1	232797865	232798109	SINE/MIR	465	+	122	232797987	37604
chr1	232760383	232960383	harbor2	chr1	232846068	232846277	SINE/MIR	598	+	104	232846172	85789
chr1	223133189	223333189	harbor2	chr1	223134016	223134132	SINE/MIR	486	+	58	223134074	885
chr1	223133189	223333189	harbor2	chr1	223151827	223151956	SINE/MIR	441	+	64	223151891	18702
chr1	223133189	223333189	harbor2	chr1	223154997	223155207	SINE/MIR	838	+	105	223155102	21913
chr1	223133189	223333189	harbor2	chr1	223174499	223174683	SINE/MIR	424	+	92	223174591	41402
chr1	223133189	223333189	harbor2	chr1	223197488	223197693	SINE/MIR	838	+	102	223197590	64401
chr1	223133189	223333189	harbor2	chr1	223229927	223230062	SINE/MIR	454	+	68	223229995	96806
chr1	223133189	223333189	harbor2	chr1	223232718	223232980	SINE/MIR	769	+	131	223232849	99660
chr1	170865001	171065001	harbor2	chr1	170865187	170865360	SINE/MIR	464	+	86	170865273	272
chr1	170865001	171065001	harbor2	chr1	170865620	170865866	SINE/MIR	664	+	123	170865743	742
chr1	170865001	171065001	harbor2	chr1	170881388	170881572	SINE/MIR	559	+	92	170881480	16479
chr1	170865001	171065001	harbor2	chr1	170889724	170889918	SINE/MIR	461	+	97	170889821	24820
chr1	170865001	171065001	harbor2	chr1	170909699	170909947	SINE/MIR	832	+	124	170909823	44822
chr1	242712003	242912003	harbor2	chr1	242712147	242712335	SINE/MIR	478	+	94	242712241	238
chr1	242712003	242912003	harbor2	chr1	242745530	242745689	SINE/MIR	429	+	80	242745610	33607
chr1	242712003	242912003	harbor2	chr1	242745986	242746062	SINE/MIR	429	+	38	242746024	34021
chr1	242712003	242912003	harbor2	chr1	242760916	242761067	SINE/MIR	580	+	76	242760992	48989
chr1	186265567	186465567	harbor2	chr1	186290727	186290912	SINE/MIR	552	+	92	186290819	25252
chr1	186265567	186465567	harbor2	chr1	186291187	186291262	SINE/MIR	552	+	38	186291225	25658
chr1	186265567	186465567	harbor2	chr1	186294710	186294904	SINE/MIR	474	+	97	186294807	29240
chr1	186265567	186465567	harbor2	chr1	186299607	186299768	SINE/MIR	409	+	80	186299687	34120
chr1	186265567	186465567	harbor2	chr1	186316629	186316883	SINE/MIR	814	+	127	186316756	51189
chr1	186265567	186465567	harbor2	chr1	186321420	186321634	SINE/MIR	631	+	107	186321527	55960
chr1	236078850	236278850	harbor2	chr1	236098664	236098794	SINE/MIR	651	+	65	236098729	19879
chr1	43831152	44031152	harbor2	chr1	43836009	43836177	SINE/MIR	417	+	84	43836093	4941
chr1	43831152	44031152	harbor2	chr1	43861120	43861343	SINE/MIR	862	+	112	43861232	30080
chr1	43831152	44031152	harbor2	chr1	43870059	43870269	SINE/MIR	553	+	105	43870164	39012
chr1	43831152	44031152	harbor2	chr1	43895404	43895594	SINE/MIR	528	+	95	43895499	64347
chr1	43831152	44031152	harbor2	chr1	43903741	43903959	SINE/MIR	475	+	109	43903850	72698
chr1	43831152	44031152	harbor2	chr1	43925348	43925502	SINE/MIR	448	+	77	43925425	94273
chr2	221107524	221307524	harbor2	chr2	221114789	221114977	SINE/MIR	711	+	94	221114883	7359
chr2	221107524	221307524	harbor2	chr2	221123584	221123757	SINE/MIR	458	+	86	221123670	16146
chr2	221107524	221307524	harbor2	chr2	221133940	221134173	SINE/MIR	601	+	116	221134056	26532
chr2	221107524	221307524	harbor2	chr2	221146983	221147195	SINE/MIR	520	+	106	221147089	39565
chr2	221107524	221307524	harbor2	chr2	221149020	221149256	SINE/MIR	537	+	118	221149138	41614
chr2	221107524	221307524	harbor2	chr2	221172290	221172438	SINE/MIR	440	+	74	221172364	64840
chr2	177555837	177755837	harbor2	chr2	177574709	177574876	SINE/MIR	545	+	84	177574793	18956
chr2	177555837	177755837	harbor2	chr2	177587805	177587961	SINE/MIR	488	+	78	177587883	32046
chr2	177555837	177755837	harbor2	chr2	177650964	177651185	SINE/MIR	546	+	110	177651074	95237
chr2	202732409	202932409	harbor2	chr2	202738683	202738864	SINE/MIR	581	+	90	202738773	6364
chr2	202732409	202932409	harbor2	chr2	202780805	202780903	SINE/MIR	424	+	49	202780854	48445
chr2	210034896	210234896	harbor2	chr2	210038756	210038962	SINE/MIR	445	+	103	210038859	3963
chr2	210034896	210234896	harbor2	chr2	210042484	210042724	SINE/MIR	500	+	120	210042604	7708
chr2	240695085	240895085	harbor2	chr2	240728824	240729004	SINE/MIR	518	+	90	240728914	33829
chr2	165989780	166189780	harbor2	chr2	166028475	166028666	SINE/MIR	454	+	96	166028571	38791
chr2	165989780	166189780	harbor2	chr2	166035116	166035301	SINE/MIR	466	+	92	166035208	45428
chr2	165989780	166189780	harbor2	chr2	166056619	166056756	SINE/MIR	506	+	68	166056687	66907
chr2	165989780	166189780	harbor2	chr2	166064135	166064290	SINE/MIR	519	+	78	166064213	74433
chr2	165989780	166189780	harbor2	chr2	166066318	166066516	SINE/MIR	426	+	99	166066417	76637
chr2	171865461	172065461	harbor2	chr2	171880911	171881105	SINE/MIR	925	+	97	171881008	15547
chr2	97098765	97298765	harbor2	chr2	97123450	97123623	SINE/MIR	532	+	86	97123536	24771
chr2	131623531	131823531	harbor2	chr2	131670664	131670834	SINE/MIR	690	+	85	131670749	47218
chr2	131623531	131823531	harbor2	chr2	131709610	131709869	SINE/MIR	503	+	130	131709740	86209
chr2	225496683	225696683	harbor2	chr2	225565973	225566191	SINE/MIR	628	+	109	225566082	69399
chr2	217805971	218005971	harbor2	chr2	217817186	217817402	SINE/MIR	667	+	108	217817294	11323
chr2	217805971	218005971	harbor2	chr2	217821206	217821425	SINE/MIR	673	+	110	217821316	15345
chr2	217805971	218005971	harbor2	chr2	217849325	217849576	SINE/MIR	455	+	126	217849451	43480
chr2	217805971	218005971	harbor2	chr2	217861579	217861788	SINE/MIR	635	+	104	217861683	55712
chr2	217805971	218005971	harbor2	chr2	217863541	217863727	SINE/MIR	476	+	93	217863634	57663
chr2	217805971	218005971	harbor2	chr2	217866991	217867187	SINE/MIR	534	+	98	217867089	61118
chr2	217805971	218005971	harbor2	chr2	217878400	217878570	SINE/MIR	530	+	85	217878485	72514
chr2	217805971	218005971	harbor2	chr2	217891261	217891471	SINE/MIR	694	+	105	217891366	85395
chr2	217805971	218005971	harbor2	chr2	217897364	217897514	SINE/MIR	490	+	75	217897439	91468
chr2	217805971	218005971	harbor2	chr2	217900073	217900279	SINE/MIR	629	+	103	217900176	94205
chr2	217805971	218005971	harbor2	chr2	217901177	217901415	SINE/MIR	450	+	119	217901296	95325
chr2	56279915	56479915	harbor2	chr2	56314271	56314423	SINE/MIR	460	+	76	56314347	34432
chr2	56279915	56479915	harbor2	chr2	56326137	56326378	SINE/MIR	625	+	120	56326257	46342
chr2	218241789	218441789	harbor2	chr2	218270868	218271042	SINE/MIR	648	+	87	218270955	29166
chr2	218241789	218441789	harbor2	chr2	218278138	218278323	SINE/MIR	504	+	92	218278230	36441
chr2	218241789	218441789	harbor2	chr2	218284699	218284808	SINE/MIR	456	+	54	218284753	42964
chr2	218241789	218441789	harbor2	chr2	218285110	218285171	SINE/MIR	456	+	30	218285140	43351
chr2	218241789	218441789	harbor2	chr2	218298378	218298586	SINE/MIR	525	+	104	218298482	56693
chr2	218241789	218441789	harbor2	chr2	218311183	218311249	SINE/MIR	451	+	33	218311216	69427
chr2	218241789	218441789	harbor2	chr2	218312231	218312342	SINE/MIR	451	+	56	218312287	70498
chr2	218241789	218441789	harbor2	chr2	218326385	218326624	SINE/MIR	697	+	120	218326505	84716
chr2	155997332	156197332	harbor2	chr2	156023633	156023843	SINE/MIR	608	+	105	156023738	26406
chr2	155997332	156197332	harbor2	chr2	156054051	156054314	SINE/MIR	676	+	132	156054183	56851
chr2	178988765	179188765	harbor2	chr2	179003324	179003561	SINE/MIR	791	+	118	179003442	14677
chr2	178988765	179188765	harbor2	chr2	179029348	179029503	SINE/MIR	455	+	78	179029426	40661
chr2	178988765	179188765	harbor2	chr2	179068518	179068647	SINE/MIR	557	+	64	179068582	79817
chr2	122889025	123089025	harbor2	chr2	122937768	122937920	SINE/MIR	467	+	76	122937844	48819
chr2	122889025	123089025	harbor2	chr2	122958830	122959062	SINE/MIR	652	+	116	122958946	69921
chr2	122889025	123089025	harbor2	chr2	122984477	122984642	SINE/MIR	431	+	82	122984559	95534
chr2	164507673	164707673	harbor2	chr2	164565467	164565674	SINE/MIR	535	+	104	164565571	57898
chr2	164507673	164707673	harbor2	chr2	164598693	164598844	SINE/MIR	422	+	76	164598769	91096
chr2	237819401	238019401	harbor2	chr2	237825954	237826146	SINE/MIR	671	+	96	237826050	6649
chr2	237819401	238019401	harbor2	chr2	237827785	237828027	SINE/MIR	756	+	121	237827906	8505
chr2	237819401	238019401	harbor2	chr2	237832794	237833008	SINE/MIR	683	+	107	237832901	13500
chr2	222658626	222858626	harbor2	chr2	222664776	222664986	SINE/MIR	511	+	105	222664881	6255
chr2	222658626	222858626	harbor2	chr2	222736366	222736532	SINE/MIR	453	+	83	222736449	77823
chr2	97102137	97302137	harbor2	chr2	97123450	97123623	SINE/MIR	532	+	86	97123536	21399
chr2	232512730	232712730	harbor2	chr2	232513480	232513677	SINE/MIR	583	+	98	232513578	848
chr2	223424772	223624772	harbor2	chr2	223479359	223479500	SINE/MIR	490	+	70	223479429	54657
chr2	223424772	223624772	harbor2	chr2	223482092	223482204	SINE/MIR	462	+	56	223482148	57376
chr2	223424772	223624772	harbor2	chr2	223489464	223489674	SINE/MIR	434	+	105	223489569	64797
chr2	223424772	223624772	harbor2	chr2	223489905	223490152	SINE/MIR	548	+	124	223490029	65257
chr2	223424772	223624772	harbor2	chr2	223500800	223500956	SINE/MIR	459	+	78	223500878	76106
chr2	223424772	223624772	harbor2	chr2	223502653	223502863	SINE/MIR	687	+	105	223502758	77986
chr2	220630416	220830416	harbor2	chr2	220630768	220630934	SINE/MIR	442	+	83	220630851	435
chr2	220630416	220830416	harbor2	chr2	220634799	220635011	SINE/MIR	517	+	106	220634905	4489
chr2	220630416	220830416	harbor2	chr2	220639204	220639444	SINE/MIR	781	+	120	220639324	8908
chr2	220630416	220830416	harbor2	chr2	220645743	220645980	SINE/MIR	473	+	118	220645861	15445
chr2	220630416	220830416	harbor2	chr2	220697405	220697436	SINE/MIR	512	+	16	220697421	67005
chr2	220630416	220830416	harbor2	chr2	220697743	220697939	SINE/MIR	512	+	98	220697841	67425
chr2	220630416	220830416	harbor2	chr2	220702431	220702673	SINE/MIR	847	+	121	220702552	72136
chr2	147463212	147663212	harbor2	chr2	147473809	147474070	SINE/MIR	585	+	130	147473939	10727
chr2	147463212	147663212	harbor2	chr2	147484517	147484679	SINE/MIR	543	+	81	147484598	21386
chr2	147463212	147663212	harbor2	chr2	147513809	147514016	SINE/MIR	464	+	104	147513913	50701
chr2	147463212	147663212	harbor2	chr2	147533333	147533485	SINE/MIR	549	+	76	147533409	70197
chr2	147463212	147663212	harbor2	chr2	147533840	147533913	SINE/MIR	549	+	36	147533876	70664
chr2	147463212	147663212	harbor2	chr2	147539812	147539924	SINE/MIR	442	+	56	147539868	76656
chr2	147463212	147663212	harbor2	chr2	147546048	147546201	SINE/MIR	564	+	76	147546124	82912
chr2	147463212	147663212	harbor2	chr2	147560242	147560472	SINE/MIR	441	+	115	147560357	97145
chr2	217892866	218092866	harbor2	chr2	217897364	217897514	SINE/MIR	490	+	75	217897439	4573
chr2	217892866	218092866	harbor2	chr2	217900073	217900279	SINE/MIR	629	+	103	217900176	7310
chr2	217892866	218092866	harbor2	chr2	217901177	217901415	SINE/MIR	450	+	119	217901296	8430
chr2	217892866	218092866	harbor2	chr2	217909789	217909995	SINE/MIR	443	+	103	217909892	17026
chr2	217892866	218092866	harbor2	chr2	217915705	217915952	SINE/MIR	420	+	124	217915829	22963
chr2	217892866	218092866	harbor2	chr2	217915955	217916163	SINE/MIR	649	+	104	217916059	23193
chr2	217892866	218092866	harbor2	chr2	217932254	217932475	SINE/MIR	527	+	110	217932364	39498
chr2	217892866	218092866	harbor2	chr2	217988778	217988950	SINE/MIR	449	+	86	217988864	95998
chr2	136938450	137138450	harbor2	chr2	137019832	137020080	SINE/MIR	637	+	124	137019956	81506
chr2	136938450	137138450	harbor2	chr2	137027822	137028010	SINE/MIR	547	+	94	137027916	89466
chr2	223319760	223519760	harbor2	chr2	223324544	223324790	SINE/MIR	673	+	123	223324667	4907
chr2	223319760	223519760	harbor2	chr2	223337762	223337991	SINE/MIR	607	+	114	223337876	18116
chr2	223319760	223519760	harbor2	chr2	223415983	223416176	SINE/MIR	497	+	96	223416079	96319
chr2	227707502	227907502	harbor2	chr2	227782938	227783131	SINE/MIR	577	+	96	227783034	75532
chr2	227707502	227907502	harbor2	chr2	227789523	227789763	SINE/MIR	462	+	120	227789643	82141
chr2	112346919	112546919	harbor2	chr2	112393746	112393979	SINE/MIR	572	+	116	112393862	46943
chr2	81089887	81289887	harbor2	chr2	81105478	81105689	SINE/MIR	420	+	106	81105584	15697
chr2	219500497	219700497	harbor2	chr2	219500584	219500781	SINE/MIR	616	+	98	219500682	185
chr2	219500497	219700497	harbor2	chr2	219518813	219518900	SINE/MIR	561	+	44	219518857	18360
chr2	219500497	219700497	harbor2	chr2	219519175	219519305	SINE/MIR	561	+	65	219519240	18743
chr2	219500497	219700497	harbor2	chr2	219524346	219524564	SINE/MIR	740	+	109	219524455	23958
chr2	219500497	219700497	harbor2	chr2	219527602	219527831	SINE/MIR	678	+	114	219527716	27219
chr2	219500497	219700497	harbor2	chr2	219545050	219545261	SINE/MIR	504	+	106	219545156	44659
chr2	219500497	219700497	harbor2	chr2	219553280	219553504	SINE/MIR	715	+	112	219553392	52895
chr2	219500497	219700497	harbor2	chr2	219554996	219555234	SINE/MIR	617	+	119	219555115	54618
chr2	219500497	219700497	harbor2	chr2	219564364	219564552	SINE/MIR	599	+	94	219564458	63961
chr2	219500497	219700497	harbor2	chr2	219566043	219566172	SINE/MIR	487	+	64	219566107	65610
chr2	219500497	219700497	harbor2	chr2	219568487	219568628	SINE/MIR	418	+	70	219568557	68060
chr2	219500497	219700497	harbor2	chr2	219572694	219572869	SINE/MIR	628	+	88	219572782	72285
chr2	219500497	219700497	harbor2	chr2	219529095	219529247	SINE/MIR	736	+	76	219529171	28674
chr2	180184112	180384112	harbor2	chr2	180198730	180198924	SINE/MIR	737	+	97	180198827	14715
chr2	180184112	180384112	harbor2	chr2	180221011	180221210	SINE/MIR	464	+	100	180221111	36999
chr2	180184112	180384112	harbor2	chr2	180268934	180269183	SINE/MIR	832	+	124	180269058	84946
chr2	235560770	235760770	harbor2	chr2	235562653	235562772	SINE/MIR	446	+	60	235562713	1943
chr2	235560770	235760770	harbor2	chr2	235635120	235635282	SINE/MIR	507	+	81	235635201	74431
chr2	120693471	120893471	harbor2	chr2	120750457	120750590	SINE/MIR	481	+	66	120750523	57052
chr2	52119616	52319616	harbor2	chr2	52140415	52140584	SINE/MIR	549	+	84	52140499	20883
chr2	52119616	52319616	harbor2	chr2	52158682	52158863	SINE/MIR	640	+	90	52158772	39156
chr2	52119616	52319616	harbor2	chr2	52215130	52215333	SINE/MIR	562	+	102	52215232	95616
chr2	202646408	202846408	harbor2	chr2	202677567	202677805	SINE/MIR	417	+	119	202677686	31278
chr2	202646408	202846408	harbor2	chr2	202704121	202704267	SINE/MIR	693	+	73	202704194	57786
chr2	202646408	202846408	harbor2	chr2	202738683	202738864	SINE/MIR	581	+	90	202738773	92365
chr2	202710707	202910707	harbor2	chr2	202738683	202738864	SINE/MIR	581	+	90	202738773	28066
chr2	202710707	202910707	harbor2	chr2	202780805	202780903	SINE/MIR	424	+	49	202780854	70147
chr2	237488705	237688705	harbor2	chr2	237526879	237526989	SINE/MIR	423	+	55	237526934	38229
chr2	159410390	159610390	harbor2	chr2	159482282	159482445	SINE/MIR	437	+	82	159482364	71974
chr2	233823818	234023818	harbor2	chr2	233824565	233824785	SINE/MIR	491	+	110	233824675	857
chr2	233823818	234023818	harbor2	chr2	233886905	233887112	SINE/MIR	512	+	104	233887009	63191
chr2	233823818	234023818	harbor2	chr2	233900259	233900465	SINE/MIR	642	+	103	233900362	76544
chr2	233823818	234023818	harbor2	chr2	233904268	233904478	SINE/MIR	554	+	105	233904373	80555
chr2	233823818	234023818	harbor2	chr2	233908948	233909191	SINE/MIR	832	+	122	233909070	85252
chr2	233823818	234023818	harbor2	chr2	233919433	233919595	SINE/MIR	585	+	81	233919514	95696
chr2	186901366	187101366	harbor2	chr2	186910278	186910485	SINE/MIR	893	+	104	186910382	9016
chr2	186901366	187101366	harbor2	chr2	186951160	186951323	SINE/MIR	452	+	82	186951242	49876
chr2	217657933	217857933	harbor2	chr2	217659258	217659487	SINE/MIR	680	+	114	217659372	1439
chr2	217657933	217857933	harbor2	chr2	217673802	217673978	SINE/MIR	481	+	88	217673890	15957
chr2	217657933	217857933	harbor2	chr2	217702183	217702275	SINE/MIR	440	+	46	217702229	44296
chr2	217657933	217857933	harbor2	chr2	217711686	217711878	SINE/MIR	440	+	96	217711782	53849
chr2	217657933	217857933	harbor2	chr2	217724721	217724995	SINE/MIR	785	+	137	217724858	66925
chr2	217657933	217857933	harbor2	chr2	217739071	217739205	SINE/MIR	423	+	67	217739138	81205
chr2	217657933	217857933	harbor2	chr2	217746086	217746227	SINE/MIR	522	+	70	217746156	88223
chr2	217657933	217857933	harbor2	chr2	217754376	217754582	SINE/MIR	486	+	103	217754479	96546
chr2	210481910	210681910	harbor2	chr2	210523015	210523178	SINE/MIR	535	+	82	210523097	41187
chr2	210481910	210681910	harbor2	chr2	210526021	210526059	SINE/MIR	453	+	19	210526040	44130
chr2	210481910	210681910	harbor2	chr2	210526394	210526600	SINE/MIR	453	+	103	210526497	44587
chr2	210481910	210681910	harbor2	chr2	210539084	210539274	SINE/MIR	562	+	95	210539179	57269
chr2	210481910	210681910	harbor2	chr2	210550387	210550575	SINE/MIR	589	+	94	210550481	68571
chr2	210481910	210681910	harbor2	chr2	210566607	210566820	SINE/MIR	463	+	106	210566713	84803
chr2	210481910	210681910	harbor2	chr2	210574080	210574207	SINE/MIR	538	+	64	210574144	92234
chr2	181460396	181660396	harbor2	chr2	181465794	181466004	SINE/MIR	750	+	105	181465899	5503
chr2	181460396	181660396	harbor2	chr2	181490632	181490854	SINE/MIR	760	+	111	181490743	30347
chr2	181460396	181660396	harbor2	chr2	181515160	181515398	SINE/MIR	556	+	119	181515279	54883
chr2	137853701	138053701	harbor2	chr2	137912096	137912244	SINE/MIR	712	+	74	137912170	58469
chr2	137853701	138053701	harbor2	chr2	137935185	137935295	SINE/MIR	850	+	55	137935240	81539
chr2	137853701	138053701	harbor2	chr2	137935993	137936109	SINE/MIR	850	+	58	137936051	82350
chr2	137853701	138053701	harbor2	chr2	137939223	137939415	SINE/MIR	451	+	96	137939319	85618
chr2	236432858	236632858	harbor2	chr2	236506514	236506720	SINE/MIR	553	+	103	236506617	73759
chr2	149786890	149986890	harbor2	chr2	149841804	149842058	SINE/MIR	872	+	127	149841931	55041
chr2	135120686	135320686	harbor2	chr2	135128229	135128489	SINE/MIR	659	+	130	135128359	7673
chr2	135120686	135320686	harbor2	chr2	135131638	135131834	SINE/MIR	463	+	98	135131736	11050
chr2	135120686	135320686	harbor2	chr2	135145504	135145735	SINE/MIR	587	+	116	135145620	24934
chr2	238205726	238405726	harbor2	chr2	238283918	238284114	SINE/MIR	716	+	98	238284016	78290
chr2	57815971	58015971	harbor2	chr2	57833622	57833828	SINE/MIR	644	+	103	57833725	17754
chr2	57815971	58015971	harbor2	chr2	57867662	57867911	SINE/MIR	714	+	124	57867786	51815
chr2	57815971	58015971	harbor2	chr2	57883483	57883679	SINE/MIR	724	+	98	57883581	67610
chr2	57815971	58015971	harbor2	chr2	57888858	57888989	SINE/MIR	479	+	66	57888924	72953
chr2	235784638	235984638	harbor2	chr2	235837500	235837684	SINE/MIR	494	+	92	235837592	52954
chr2	218191633	218391633	harbor2	chr2	218237936	218238104	SINE/MIR	437	+	84	218238020	46387
chr2	218191633	218391633	harbor2	chr2	218270868	218271042	SINE/MIR	648	+	87	218270955	79322
chr2	218191633	218391633	harbor2	chr2	218278138	218278323	SINE/MIR	504	+	92	218278230	86597
chr2	218191633	218391633	harbor2	chr2	218284699	218284808	SINE/MIR	456	+	54	218284753	93120
chr2	218191633	218391633	harbor2	chr2	218285110	218285171	SINE/MIR	456	+	30	218285140	93507
chr2	141996710	142196710	harbor2	chr2	142003837	142004059	SINE/MIR	424	+	111	142003948	7238
chr2	205978205	206178205	harbor2	chr2	206020136	206020399	SINE/MIR	834	+	132	206020268	42063
chr2	205978205	206178205	harbor2	chr2	206045858	206045985	SINE/MIR	468	+	64	206045922	67717
chr2	205978205	206178205	harbor2	chr2	206064491	206064695	SINE/MIR	621	+	102	206064593	86388
chr2	205978205	206178205	harbor2	chr2	206076742	206076976	SINE/MIR	498	+	117	206076859	98654
chr2	214472167	214672167	harbor2	chr2	214474271	214474464	SINE/MIR	532	+	96	214474367	2200
chr2	214472167	214672167	harbor2	chr2	214474611	214474849	SINE/MIR	458	+	119	214474730	2563
chr2	214472167	214672167	harbor2	chr2	214484318	214484456	SINE/MIR	437	+	69	214484387	12220
chr2	214472167	214672167	harbor2	chr2	214485365	214485585	SINE/MIR	570	+	110	214485475	13308
chr2	214472167	214672167	harbor2	chr2	214491673	214491836	SINE/MIR	490	+	82	214491755	19588
chr2	214472167	214672167	harbor2	chr2	214516763	214516944	SINE/MIR	539	+	90	214516853	44686
chr2	214472167	214672167	harbor2	chr2	214518212	214518408	SINE/MIR	474	+	98	214518310	46143
chr2	214472167	214672167	harbor2	chr2	214525845	214526040	SINE/MIR	632	+	98	214525943	53776
chr2	239677790	239877790	harbor2	chr2	239771979	239772188	SINE/MIR	441	+	104	239772083	94293
chr2	239677790	239877790	harbor2	chr2	239773167	239773368	SINE/MIR	542	+	100	239773267	95477
chr2	148935040	149135040	harbor2	chr2	148981817	148982036	SINE/MIR	492	+	110	148981927	46887
chr2	147424710	147624710	harbor2	chr2	147438093	147438262	SINE/MIR	528	+	84	147438177	13467
chr2	147424710	147624710	harbor2	chr2	147473809	147474070	SINE/MIR	585	+	130	147473939	49229
chr2	147424710	147624710	harbor2	chr2	147484517	147484679	SINE/MIR	543	+	81	147484598	59888
chr2	147424710	147624710	harbor2	chr2	147513809	147514016	SINE/MIR	464	+	104	147513913	89203
chr2	148810158	149010158	harbor2	chr2	148817995	148818168	SINE/MIR	452	+	86	148818081	7923
chr2	148810158	149010158	harbor2	chr2	148833220	148833461	SINE/MIR	593	+	120	148833340	23182
chr2	148810158	149010158	harbor2	chr2	148882154	148882321	SINE/MIR	505	+	84	148882238	72080
chr2	148810158	149010158	harbor2	chr2	148904273	148904498	SINE/MIR	544	+	112	148904385	94227
chr2	219568824	219768824	harbor2	chr2	219572694	219572869	SINE/MIR	628	+	88	219572782	3958
chr2	219568824	219768824	harbor2	chr2	219623726	219623980	SINE/MIR	695	+	127	219623853	55029
chr2	219568824	219768824	harbor2	chr2	219641009	219641197	SINE/MIR	477	+	94	219641103	72279
chr2	219568824	219768824	harbor2	chr2	219667437	219667584	SINE/MIR	613	+	74	219667511	98687
chr2	84614207	84814207	harbor2	chr2	84623930	84624115	SINE/MIR	618	+	92	84624022	9815
chr2	84614207	84814207	harbor2	chr2	84676772	84676936	SINE/MIR	505	+	82	84676854	62647
chr2	160728722	160928722	harbor2	chr2	160749182	160749408	SINE/MIR	740	+	113	160749295	20573
chr2	229992265	230192265	harbor2	chr2	230055050	230055279	SINE/MIR	552	+	114	230055164	62899
chr2	210737037	210937037	harbor2	chr2	210777932	210778146	SINE/MIR	423	+	107	210778039	41002
chr2	210737037	210937037	harbor2	chr2	210792651	210792810	SINE/MIR	505	+	80	210792731	55694
chr2	210737037	210937037	harbor2	chr2	210798377	210798504	SINE/MIR	703	+	64	210798441	61404
chr2	210737037	210937037	harbor2	chr2	210804563	210804782	SINE/MIR	462	+	110	210804673	67636
chr2	226580562	226780562	harbor2	chr2	226583964	226584186	SINE/MIR	772	+	111	226584075	3513
chr2	226580562	226780562	harbor2	chr2	226617538	226617756	SINE/MIR	839	+	109	226617647	37085
chr2	226580562	226780562	harbor2	chr2	226637759	226637954	SINE/MIR	581	+	98	226637857	57295
chr2	226580562	226780562	harbor2	chr2	226651320	226651582	SINE/MIR	663	+	131	226651451	70889
chr2	226580562	226780562	harbor2	chr2	226655601	226655842	SINE/MIR	675	+	120	226655721	75159
chr2	226580562	226780562	harbor2	chr2	226670931	226671147	SINE/MIR	896	+	108	226671039	90477
chr2	226580562	226780562	harbor2	chr2	226673582	226673840	SINE/MIR	465	+	129	226673711	93149
chr2	223784150	223984150	harbor2	chr2	223795621	223795877	SINE/MIR	478	+	128	223795749	11599
chr2	223784150	223984150	harbor2	chr2	223853859	223854011	SINE/MIR	507	+	76	223853935	69785
chr2	223784150	223984150	harbor2	chr2	223856792	223856954	SINE/MIR	639	+	81	223856873	72723
chr2	165142667	165342667	harbor2	chr2	165173290	165173520	SINE/MIR	859	+	115	165173405	30738
chr2	165142667	165342667	harbor2	chr2	165177242	165177482	SINE/MIR	796	+	120	165177362	34695
chr2	165142667	165342667	harbor2	chr2	165182294	165182504	SINE/MIR	513	+	105	165182399	39732
chr2	165142667	165342667	harbor2	chr2	165214024	165214227	SINE/MIR	581	+	102	165214126	71459
chr2	165142667	165342667	harbor2	chr2	165235453	165235656	SINE/MIR	600	+	102	165235555	92888
chr2	242054892	242254892	harbor2	chr2	242090131	242090369	SINE/MIR	602	+	119	242090250	35358
chr2	242054892	242254892	harbor2	chr2	242148815	242149047	SINE/MIR	456	+	116	242148931	94039
chr2	232235480	232435480	harbor2	chr2	232261784	232262003	SINE/MIR	950	+	110	232261894	26414
chr2	232235480	232435480	harbor2	chr2	232276671	232276891	SINE/MIR	940	+	110	232276781	41301
chr2	232235480	232435480	harbor2	chr2	232284258	232284420	SINE/MIR	445	+	81	232284339	48859
chr2	232235480	232435480	harbor2	chr2	232285591	232285764	SINE/MIR	492	+	86	232285677	50197
chr2	105815027	106015027	harbor2	chr2	105863733	105863941	SINE/MIR	511	+	104	105863837	48810
chr2	105140289	105340289	harbor2	chr2	105149700	105149921	SINE/MIR	456	+	110	105149810	9521
chr2	105140289	105340289	harbor2	chr2	105153656	105153859	SINE/MIR	446	+	102	105153758	13469
chr2	105140289	105340289	harbor2	chr2	105167658	105167859	SINE/MIR	609	+	100	105167758	27469
chr2	105140289	105340289	harbor2	chr2	105174555	105174713	SINE/MIR	527	+	79	105174634	34345
chr2	105140289	105340289	harbor2	chr2	105181701	105181864	SINE/MIR	511	+	82	105181783	41494
chr2	105140289	105340289	harbor2	chr2	105203917	105204138	SINE/MIR	420	+	110	105204027	63738
chr2	105140289	105340289	harbor2	chr2	105204532	105204719	SINE/MIR	489	+	94	105204626	64337
chr2	44174058	44374058	harbor2	chr2	44183700	44183735	SINE/MIR	783	+	18	44183718	9660
chr2	44174058	44374058	harbor2	chr2	44184038	44184216	SINE/MIR	783	+	89	44184127	10069
chr2	44174058	44374058	harbor2	chr2	44197665	44197883	SINE/MIR	465	+	109	44197774	23716
chr2	44174058	44374058	harbor2	chr2	44213980	44214084	SINE/MIR	417	+	52	44214032	39974
chr2	44174058	44374058	harbor2	chr2	44214369	44214398	SINE/MIR	417	+	14	44214383	40325
chr2	44174058	44374058	harbor2	chr2	44214861	44214937	SINE/MIR	417	+	38	44214899	40841
chr2	44174058	44374058	harbor2	chr2	44224986	44225186	SINE/MIR	662	+	100	44225086	51028
chr2	51098790	51298790	harbor2	chr2	51115716	51115975	SINE/MIR	509	+	130	51115846	17056
chr2	51098790	51298790	harbor2	chr2	51197020	51197101	SINE/MIR	511	+	40	51197060	98270
chr2	51098790	51298790	harbor2	chr2	51197548	51197692	SINE/MIR	511	+	72	51197620	98830
chr2	157785407	157985407	harbor2	chr2	157835217	157835439	SINE/MIR	552	+	111	157835328	49921
chr2	157785407	157985407	harbor2	chr2	157867821	157867958	SINE/MIR	422	+	68	157867889	82482
chr2	228036581	228236581	harbor2	chr2	228048998	228049202	SINE/MIR	459	+	102	228049100	12519
chr2	228036581	228236581	harbor2	chr2	228082227	228082466	SINE/MIR	429	+	120	228082347	45766
chr2	228036581	228236581	harbor2	chr2	228111182	228111396	SINE/MIR	460	+	107	228111289	74708
chr2	228036581	228236581	harbor2	chr2	228114443	228114649	SINE/MIR	548	+	103	228114546	77965
chr2	228036581	228236581	harbor2	chr2	228116300	228116523	SINE/MIR	465	+	112	228116412	79831
chr2	187778446	187978446	harbor2	chr2	187862228	187862373	SINE/MIR	466	+	72	187862300	83854
chr2	222285873	222485873	harbor2	chr2	222323978	222324172	SINE/MIR	572	+	97	222324075	38202
chr2	222830527	223030527	harbor2	chr2	222842123	222842312	SINE/MIR	496	+	94	222842217	11690
chr2	222830527	223030527	harbor2	chr2	222868209	222868432	SINE/MIR	747	+	112	222868321	37794
chr2	222830527	223030527	harbor2	chr2	222909645	222909806	SINE/MIR	615	+	80	222909725	79198
chr2	222830527	223030527	harbor2	chr2	222913715	222913949	SINE/MIR	680	+	117	222913832	83305
chr2	152681588	152881588	harbor2	chr2	152699632	152699831	SINE/MIR	481	+	100	152699732	18144
chr2	157980377	158180377	harbor2	chr2	158040970	158041100	SINE/MIR	443	+	65	158041035	60658
chr2	157980377	158180377	harbor2	chr2	158043829	158044044	SINE/MIR	438	+	108	158043937	63560
chr2	157980377	158180377	harbor2	chr2	158060156	158060415	SINE/MIR	480	+	130	158060286	79909
chr2	104548284	104748284	harbor2	chr2	104570590	104570747	SINE/MIR	421	+	78	104570668	22384
chr2	104548284	104748284	harbor2	chr2	104640683	104640918	SINE/MIR	475	+	118	104640801	92517
chr2	97552791	97752791	harbor2	chr2	97585563	97585792	SINE/MIR	540	+	114	97585677	32886
chr2	97552791	97752791	harbor2	chr2	97615028	97615183	SINE/MIR	573	+	78	97615106	62315
chr2	59195522	59395522	harbor2	chr2	59223919	59224150	SINE/MIR	775	+	116	59224035	28513
chr2	59195522	59395522	harbor2	chr2	59234398	59234579	SINE/MIR	606	+	90	59234488	38966
chr2	59195522	59395522	harbor2	chr2	59251516	59251748	SINE/MIR	703	+	116	59251632	56110
chr2	175156201	175356201	harbor2	chr2	175173695	175173848	SINE/MIR	603	+	76	175173771	17570
chr2	175156201	175356201	harbor2	chr2	175178749	175178991	SINE/MIR	652	+	121	175178870	22669
chr2	175156201	175356201	harbor2	chr2	175237073	175237303	SINE/MIR	599	+	115	175237188	80987
chr2	175156201	175356201	harbor2	chr2	175250595	175250780	SINE/MIR	450	+	92	175250687	94486
chr2	203944036	204144036	harbor2	chr2	204031447	204031623	SINE/MIR	580	+	88	204031535	87499
chr2	51298428	51498428	harbor2	chr2	51329022	51329268	SINE/MIR	523	+	123	51329145	30717
chr2	51298428	51498428	harbor2	chr2	51338027	51338257	SINE/MIR	449	+	115	51338142	39714
chr2	230087964	230287964	harbor2	chr2	230132097	230132238	SINE/MIR	530	+	70	230132167	44203
chr2	230087964	230287964	harbor2	chr2	230132592	230132639	SINE/MIR	530	+	24	230132616	44652
chr2	161814416	162014416	harbor2	chr2	161874706	161874945	SINE/MIR	560	+	120	161874826	60410
chr2	230019281	230219281	harbor2	chr2	230055050	230055279	SINE/MIR	552	+	114	230055164	35883
chr2	190193282	190393282	harbor2	chr2	190211945	190212195	SINE/MIR	929	+	125	190212070	18788
chr2	202602746	202802746	harbor2	chr2	202604945	202605120	SINE/MIR	577	+	88	202605033	2287
chr2	202602746	202802746	harbor2	chr2	202608752	202608892	SINE/MIR	692	+	70	202608822	6076
chr2	202602746	202802746	harbor2	chr2	202609182	202609301	SINE/MIR	692	+	60	202609242	6496
chr2	202602746	202802746	harbor2	chr2	202641431	202641585	SINE/MIR	479	+	77	202641508	38762
chr2	202602746	202802746	harbor2	chr2	202677567	202677805	SINE/MIR	417	+	119	202677686	74940
chr2	137187473	137387473	harbor2	chr2	137224335	137224554	SINE/MIR	475	+	110	137224445	36972
chr2	137187473	137387473	harbor2	chr2	137229649	137229904	SINE/MIR	510	+	128	137229777	42304
chr2	137187473	137387473	harbor2	chr2	137245184	137245393	SINE/MIR	483	+	104	137245288	57815
chr2	137187473	137387473	harbor2	chr2	137247808	137247991	SINE/MIR	464	+	92	137247900	60427
chr2	137187473	137387473	harbor2	chr2	137257853	137258044	SINE/MIR	706	+	96	137257949	70476
chr2	237983261	238183261	harbor2	chr2	237995055	237995284	SINE/MIR	803	+	114	237995169	11908
chr2	237983261	238183261	harbor2	chr2	238029698	238029885	SINE/MIR	420	+	94	238029792	46531
chr2	237983261	238183261	harbor2	chr2	238059780	238059973	SINE/MIR	517	+	96	238059876	76615
chr2	206576457	206776457	harbor2	chr2	206608393	206608539	SINE/MIR	589	+	73	206608466	32009
chr2	206576457	206776457	harbor2	chr2	206650832	206651061	SINE/MIR	731	+	114	206650946	74489
chr2	57652558	57852558	harbor2	chr2	57738674	57738845	SINE/MIR	616	+	86	57738760	86202
chr2	88717162	88917162	harbor2	chr2	88739275	88739442	SINE/MIR	527	+	84	88739359	22197
chr2	196066688	196266688	harbor2	chr2	196079562	196079790	SINE/MIR	515	+	114	196079676	12988
chr2	196066688	196266688	harbor2	chr2	196102464	196102583	SINE/MIR	436	+	60	196102524	35836
chr2	196066688	196266688	harbor2	chr2	196108475	196108729	SINE/MIR	815	+	127	196108602	41914
chr2	196066688	196266688	harbor2	chr2	196116809	196117040	SINE/MIR	655	+	116	196116925	50237
chr2	196066688	196266688	harbor2	chr2	196148876	196149075	SINE/MIR	554	+	100	196148976	82288
chr2	235327843	235527843	harbor2	chr2	235341760	235341919	SINE/MIR	461	+	80	235341840	13997
chr2	235327843	235527843	harbor2	chr2	235403818	235403947	SINE/MIR	422	+	64	235403882	76039
chr2	235327843	235527843	harbor2	chr2	235416623	235416815	SINE/MIR	605	+	96	235416719	88876
chr2	168187282	168387282	harbor2	chr2	168187390	168187605	SINE/MIR	1002	+	108	168187498	216
chr2	168187282	168387282	harbor2	chr2	168192592	168192775	SINE/MIR	497	+	92	168192684	5402
chr2	168187282	168387282	harbor2	chr2	168223599	168223825	SINE/MIR	466	+	113	168223712	36430
chr2	180370491	180570491	harbor2	chr2	180376236	180376370	SINE/MIR	440	+	67	180376303	5812
chr2	180370491	180570491	harbor2	chr2	180410469	180410609	SINE/MIR	563	+	70	180410539	40048
chr2	180370491	180570491	harbor2	chr2	180412398	180412609	SINE/MIR	611	+	106	180412504	42013
chr2	180370491	180570491	harbor2	chr2	180415827	180416007	SINE/MIR	430	+	90	180415917	45426
chr2	180370491	180570491	harbor2	chr2	180422919	180423127	SINE/MIR	438	+	104	180423023	52532
chr2	180370491	180570491	harbor2	chr2	180452721	180452909	SINE/MIR	640	+	94	180452815	82324
chr2	180370491	180570491	harbor2	chr2	180454833	180454995	SINE/MIR	504	+	81	180454914	84423
chr2	133096679	133296679	harbor2	chr2	133116711	133116942	SINE/MIR	692	+	116	133116827	20148
chr2	133096679	133296679	harbor2	chr2	133116975	133117157	SINE/MIR	513	+	91	133117066	20387
chr2	133096679	133296679	harbor2	chr2	133135671	133135857	SINE/MIR	483	+	93	133135764	39085
chr2	75235873	75435873	harbor2	chr2	75254425	75254613	SINE/MIR	657	+	94	75254519	18646
chr2	75235873	75435873	harbor2	chr2	75322288	75322502	SINE/MIR	462	+	107	75322395	86522
chr2	75235873	75435873	harbor2	chr2	75326973	75327206	SINE/MIR	679	+	116	75327089	91216
chr2	157121547	157321547	harbor2	chr2	157137139	157137360	SINE/MIR	645	+	110	157137249	15702
chr2	157121547	157321547	harbor2	chr2	157137591	157137817	SINE/MIR	653	+	113	157137704	16157
chr2	157121547	157321547	harbor2	chr2	157147322	157147494	SINE/MIR	458	+	86	157147408	25861
chr2	227430707	227630707	harbor2	chr2	227452513	227452730	SINE/MIR	537	+	108	227452621	21914
chr2	227430707	227630707	harbor2	chr2	227453542	227453703	SINE/MIR	496	+	80	227453622	22915
chr2	227430707	227630707	harbor2	chr2	227460347	227460570	SINE/MIR	997	+	112	227460459	29752
chr2	227430707	227630707	harbor2	chr2	227463002	227463174	SINE/MIR	637	+	86	227463088	32381
chr2	227430707	227630707	harbor2	chr2	227467484	227467698	SINE/MIR	648	+	107	227467591	36884
chr2	227430707	227630707	harbor2	chr2	227471007	227471201	SINE/MIR	578	+	97	227471104	40397
chr2	227430707	227630707	harbor2	chr2	227474775	227475012	SINE/MIR	589	+	118	227474893	44186
chr2	227430707	227630707	harbor2	chr2	227497916	227498129	SINE/MIR	457	+	106	227498022	67315
chr2	227430707	227630707	harbor2	chr2	227527101	227527295	SINE/MIR	619	+	97	227527198	96491
chr2	214070347	214270347	harbor2	chr2	214101666	214101877	SINE/MIR	633	+	106	214101772	31425
chr2	214070347	214270347	harbor2	chr2	214136298	214136456	SINE/MIR	450	+	79	214136377	66030
chr2	214070347	214270347	harbor2	chr2	214137618	214137757	SINE/MIR	488	+	70	214137688	67341
chr2	214070347	214270347	harbor2	chr2	214143094	214143344	SINE/MIR	532	+	125	214143219	72872
chr2	168000046	168200046	harbor2	chr2	168011747	168011915	SINE/MIR	436	+	84	168011831	11785
chr2	168000046	168200046	harbor2	chr2	168033757	168033911	SINE/MIR	446	+	77	168033834	33788
chr2	168000046	168200046	harbor2	chr2	168049494	168049711	SINE/MIR	490	+	108	168049602	49556
chr2	168000046	168200046	harbor2	chr2	168054248	168054473	SINE/MIR	485	+	112	168054360	54314
chr2	168000046	168200046	harbor2	chr2	168096267	168096497	SINE/MIR	456	+	115	168096382	96336
chr2	189621028	189821028	harbor2	chr2	189623145	189623378	SINE/MIR	652	+	116	189623261	2233
chr2	189621028	189821028	harbor2	chr2	189647234	189647485	SINE/MIR	793	+	126	189647360	26332
chr2	189621028	189821028	harbor2	chr2	189649845	189650034	SINE/MIR	562	+	94	189649939	28911
chr2	126761804	126961804	harbor2	chr2	126788523	126788708	SINE/MIR	550	+	92	126788615	26811
chr2	126761804	126961804	harbor2	chr2	126832251	126832436	SINE/MIR	734	+	92	126832343	70539
chr2	139749468	139949468	harbor2	chr2	139780338	139780544	SINE/MIR	444	+	103	139780441	30973
chr2	139749468	139949468	harbor2	chr2	139799633	139799858	SINE/MIR	585	+	112	139799745	50277
chr2	139749468	139949468	harbor2	chr2	139814977	139815200	SINE/MIR	609	+	112	139815089	65621
chr2	139749468	139949468	harbor2	chr2	139832806	139832970	SINE/MIR	681	+	82	139832888	83420
chr2	231714500	231914500	harbor2	chr2	231785902	231786093	SINE/MIR	527	+	96	231785998	71498
chr2	231714500	231914500	harbor2	chr2	231793034	231793160	SINE/MIR	511	+	63	231793097	78597
chr2	231714500	231914500	harbor2	chr2	231793421	231793470	SINE/MIR	511	+	24	231793445	78945
chr2	215062130	215262130	harbor2	chr2	215106499	215106693	SINE/MIR	750	+	97	215106596	44466
chr2	215062130	215262130	harbor2	chr2	215108449	215108590	SINE/MIR	650	+	70	215108519	46389
chr2	195308671	195508671	harbor2	chr2	195321705	195321897	SINE/MIR	458	+	96	195321801	13130
chr2	134986039	135186039	harbor2	chr2	135040827	135041001	SINE/MIR	474	+	87	135040914	54875
chr2	30538778	30738778	harbor2	chr2	30554444	30554678	SINE/MIR	849	+	117	30554561	15783
chr2	30538778	30738778	harbor2	chr2	30602920	30603149	SINE/MIR	424	+	114	30603034	64256
chr2	232958026	233158026	harbor2	chr2	232972505	232972663	SINE/MIR	541	+	79	232972584	14558
chr2	232958026	233158026	harbor2	chr2	233018950	233019138	SINE/MIR	539	+	94	233019044	61018
chr2	232958026	233158026	harbor2	chr2	233033344	233033566	SINE/MIR	554	+	111	233033455	75429
chr2	232958026	233158026	harbor2	chr2	233050435	233050663	SINE/MIR	592	+	114	233050549	92523
chr2	224376401	224576401	harbor2	chr2	224386399	224386531	SINE/MIR	593	+	66	224386465	10064
chr2	224376401	224576401	harbor2	chr2	224391686	224391819	SINE/MIR	515	+	66	224391752	15351
chr2	80662229	80862229	harbor2	chr2	80675710	80675955	SINE/MIR	426	+	122	80675832	13603
chr2	80662229	80862229	harbor2	chr2	80677740	80677968	SINE/MIR	634	+	114	80677854	15625
chr2	80662229	80862229	harbor2	chr2	80714000	80714240	SINE/MIR	535	+	120	80714120	51891
chr2	206379093	206579093	harbor2	chr2	206393277	206393519	SINE/MIR	804	+	121	206393398	14305
chr2	206379093	206579093	harbor2	chr2	206435196	206435434	SINE/MIR	609	+	119	206435315	56222
chr2	206379093	206579093	harbor2	chr2	206435962	206436136	SINE/MIR	464	+	87	206436049	56956
chr2	180930014	181130014	harbor2	chr2	180943885	180944103	SINE/MIR	461	+	109	180943994	13980
chr2	180930014	181130014	harbor2	chr2	180987966	180988158	SINE/MIR	632	+	96	180988062	58048
chr2	180930014	181130014	harbor2	chr2	181023668	181023895	SINE/MIR	735	+	114	181023782	93768
chr2	238203283	238403283	harbor2	chr2	238283918	238284114	SINE/MIR	716	+	98	238284016	80733
chr2	238977811	239177811	harbor2	chr2	239034001	239034227	SINE/MIR	465	+	113	239034114	56303
chr2	239663856	239863856	harbor2	chr2	239664831	239665020	SINE/MIR	633	+	94	239664925	1069
chr2	124783512	124983512	harbor2	chr2	124834924	124835061	SINE/MIR	526	+	68	124834992	51480
chr2	124783512	124983512	harbor2	chr2	124878238	124878442	SINE/MIR	427	+	102	124878340	94828
chr2	124783512	124983512	harbor2	chr2	124879493	124879696	SINE/MIR	630	+	102	124879595	96083
chr2	128375405	128575405	harbor2	chr2	128382076	128382269	SINE/MIR	543	+	96	128382172	6767
chr2	47234697	47434697	harbor2	chr2	47247499	47247702	SINE/MIR	439	+	102	47247601	12904
chr2	47234697	47434697	harbor2	chr2	47255041	47255218	SINE/MIR	493	+	88	47255129	20432
chr2	47234697	47434697	harbor2	chr2	47255194	47255380	SINE/MIR	846	+	93	47255287	20590
chr2	47234697	47434697	harbor2	chr2	47255642	47255699	SINE/MIR	846	+	28	47255670	20973
chr2	47234697	47434697	harbor2	chr2	47262577	47262606	SINE/MIR	835	+	14	47262591	27894
chr2	47234697	47434697	harbor2	chr2	47262921	47263121	SINE/MIR	835	+	100	47263021	28324
chr2	47234697	47434697	harbor2	chr2	47267866	47267989	SINE/MIR	422	+	62	47267928	33231
chr2	47234697	47434697	harbor2	chr2	47317472	47317689	SINE/MIR	480	+	108	47317580	82883
chr2	47234697	47434697	harbor2	chr2	47322587	47322727	SINE/MIR	498	+	70	47322657	87960
chr2	47234697	47434697	harbor2	chr2	47323130	47323204	SINE/MIR	498	+	37	47323167	88470
chr2	47234697	47434697	harbor2	chr2	47325564	47325756	SINE/MIR	705	+	96	47325660	90963
chr2	47234697	47434697	harbor2	chr2	47326225	47326386	SINE/MIR	544	+	80	47326305	91608
chr2	154370036	154570036	harbor2	chr2	154398602	154398797	SINE/MIR	422	+	98	154398700	28664
chr2	154370036	154570036	harbor2	chr2	154424250	154424406	SINE/MIR	521	+	78	154424328	54292
chr2	223873712	224073712	harbor2	chr2	223889266	223889376	SINE/MIR	892	+	55	223889321	15609
chr2	223873712	224073712	harbor2	chr2	223889734	223889837	SINE/MIR	892	+	52	223889786	16074
chr2	227299710	227499710	harbor2	chr2	227334053	227334211	SINE/MIR	482	+	79	227334132	34422
chr2	227299710	227499710	harbor2	chr2	227348618	227348810	SINE/MIR	527	+	96	227348714	49004
chr2	227299710	227499710	harbor2	chr2	227389382	227389546	SINE/MIR	532	+	82	227389464	89754
chr2	127310590	127510590	harbor2	chr2	127362162	127362398	SINE/MIR	839	+	118	127362280	51690
chr2	127310590	127510590	harbor2	chr2	127379762	127379990	SINE/MIR	953	+	114	127379876	69286
chr2	127310590	127510590	harbor2	chr2	127386862	127387048	SINE/MIR	522	+	93	127386955	76365
chr2	169791976	169991976	harbor2	chr2	169879495	169879751	SINE/MIR	1117	+	128	169879623	87647
chr2	44089780	44289780	harbor2	chr2	44092105	44092335	SINE/MIR	554	+	115	44092220	2440
chr2	44089780	44289780	harbor2	chr2	44100288	44100512	SINE/MIR	506	+	112	44100400	10620
chr2	44089780	44289780	harbor2	chr2	44116358	44116489	SINE/MIR	443	+	66	44116424	26644
chr2	44089780	44289780	harbor2	chr2	44118395	44118489	SINE/MIR	647	+	47	44118442	28662
chr2	44089780	44289780	harbor2	chr2	44118791	44118942	SINE/MIR	647	+	76	44118867	29087
chr2	44089780	44289780	harbor2	chr2	44137214	44137500	SINE/MIR	491	+	143	44137357	47577
chr2	44089780	44289780	harbor2	chr2	44155282	44155410	SINE/MIR	442	+	64	44155346	65566
chr2	44089780	44289780	harbor2	chr2	44183700	44183735	SINE/MIR	783	+	18	44183718	93938
chr2	44089780	44289780	harbor2	chr2	44184038	44184216	SINE/MIR	783	+	89	44184127	94347
chr2	206423268	206623268	harbor2	chr2	206435196	206435434	SINE/MIR	609	+	119	206435315	12047
chr2	206423268	206623268	harbor2	chr2	206435962	206436136	SINE/MIR	464	+	87	206436049	12781
chr2	153479060	153679060	harbor2	chr2	153482410	153482462	SINE/MIR	464	+	26	153482436	3376
chr2	153479060	153679060	harbor2	chr2	153482770	153482910	SINE/MIR	464	+	70	153482840	3780
chr2	153479060	153679060	harbor2	chr2	153512468	153512714	SINE/MIR	771	+	123	153512591	33531
chr2	153479060	153679060	harbor2	chr2	153547762	153548004	SINE/MIR	607	+	121	153547883	68823
chr2	141491650	141691650	harbor2	chr2	141548049	141548259	SINE/MIR	578	+	105	141548154	56504
chr2	141491650	141691650	harbor2	chr2	141549115	141549335	SINE/MIR	436	+	110	141549225	57575
chr2	225368080	225568080	harbor2	chr2	225426183	225426420	SINE/MIR	427	+	118	225426301	58221
chr2	225368080	225568080	harbor2	chr2	225441805	225441963	SINE/MIR	452	+	79	225441884	73804
chr2	225368080	225568080	harbor2	chr2	225450490	225450725	SINE/MIR	596	+	118	225450608	82528
chr2	225368080	225568080	harbor2	chr2	225452143	225452358	SINE/MIR	455	+	108	225452251	84171
chr2	168486188	168686188	harbor2	chr2	168494294	168494519	SINE/MIR	895	+	112	168494406	8218
chr2	168486188	168686188	harbor2	chr2	168516434	168516657	SINE/MIR	611	+	112	168516546	30358
chr2	168486188	168686188	harbor2	chr2	168529692	168529846	SINE/MIR	426	+	77	168529769	43581
chr2	168486188	168686188	harbor2	chr2	168569716	168569949	SINE/MIR	444	+	116	168569832	83644
chr2	42626650	42826650	harbor2	chr2	42648866	42649058	SINE/MIR	503	+	96	42648962	22312
chr2	102468938	102668938	harbor2	chr2	102486125	102486334	SINE/MIR	662	+	104	102486229	17291
chr2	102468938	102668938	harbor2	chr2	102486653	102486809	SINE/MIR	438	+	78	102486731	17793
chr2	102468938	102668938	harbor2	chr2	102531490	102531744	SINE/MIR	523	+	127	102531617	62679
chr2	102468938	102668938	harbor2	chr2	102537523	102537737	SINE/MIR	537	+	107	102537630	68692
chr2	102468938	102668938	harbor2	chr2	102563463	102563686	SINE/MIR	672	+	112	102563575	94637
chr2	124335582	124535582	harbor2	chr2	124366058	124366303	SINE/MIR	421	+	122	124366180	30598
chr2	124335582	124535582	harbor2	chr2	124390995	124391220	SINE/MIR	512	+	112	124391107	55525
chr2	124335582	124535582	harbor2	chr2	124405477	124405665	SINE/MIR	452	+	94	124405571	69989
chr2	124335582	124535582	harbor2	chr2	124423055	124423271	SINE/MIR	482	+	108	124423163	87581
chr2	124335582	124535582	harbor2	chr2	124430210	124430431	SINE/MIR	485	+	110	124430320	94738
chr2	231248904	231448904	harbor2	chr2	231257589	231257756	SINE/MIR	701	+	84	231257673	8769
chr2	231248904	231448904	harbor2	chr2	231262809	231263045	SINE/MIR	481	+	118	231262927	14023
chr2	231248904	231448904	harbor2	chr2	231287943	231288173	SINE/MIR	615	+	115	231288058	39154
chr2	231248904	231448904	harbor2	chr2	231295709	231295896	SINE/MIR	495	+	94	231295803	46899
chr2	231248904	231448904	harbor2	chr2	231320950	231321176	SINE/MIR	748	+	113	231321063	72159
chr3	33635352	33835352	harbor2	chr3	33713984	33714186	SINE/MIR	508	+	101	33714085	78733
chr3	180017578	180217578	harbor2	chr3	180028582	180028750	SINE/MIR	494	+	84	180028666	11088
chr3	180017578	180217578	harbor2	chr3	180049260	180049449	SINE/MIR	542	+	94	180049354	31776
chr3	180017578	180217578	harbor2	chr3	180064611	180064824	SINE/MIR	464	+	106	180064717	47139
chr3	180017578	180217578	harbor2	chr3	180070189	180070403	SINE/MIR	433	+	107	180070296	52718
chr3	180017578	180217578	harbor2	chr3	180111857	180112015	SINE/MIR	436	+	79	180111936	94358
chr3	180017578	180217578	harbor2	chr3	180112984	180113202	SINE/MIR	690	+	109	180113093	95515
chr3	180017578	180217578	harbor2	chr3	180115477	180115695	SINE/MIR	440	+	109	180115586	98008
chr3	180017578	180217578	harbor2	chr3	180117392	180117610	SINE/MIR	582	+	109	180117501	99923
chr3	156896875	157096875	harbor2	chr3	156949552	156949675	SINE/MIR	532	+	62	156949614	52739
chr3	156896875	157096875	harbor2	chr3	156961663	156961822	SINE/MIR	396	+	80	156961743	64868
chr3	156896875	157096875	harbor2	chr3	156986594	156986770	SINE/MIR	620	+	88	156986682	89807
chr3	196354449	196554449	harbor2	chr3	196417430	196417622	SINE/MIR	455	+	96	196417526	63077
chr3	196354449	196554449	harbor2	chr3	196417944	196417996	SINE/MIR	439	+	26	196417970	63521
chr3	123706681	123906681	harbor2	chr3	123715256	123715428	SINE/MIR	401	+	86	123715342	8661
chr3	123706681	123906681	harbor2	chr3	123727375	123727607	SINE/MIR	625	+	116	123727491	20810
chr3	123706681	123906681	harbor2	chr3	123797655	123797831	SINE/MIR	440	+	88	123797743	91062
chr3	123706681	123906681	harbor2	chr3	123803096	123803299	SINE/MIR	421	+	102	123803198	96517
chr3	123706681	123906681	harbor2	chr3	123805698	123805950	SINE/MIR	557	+	126	123805824	99143
chr3	5573316	5773316	harbor2	chr3	5581962	5582175	SINE/MIR	399	+	106	5582068	8752
chr3	5573316	5773316	harbor2	chr3	5589240	5589403	SINE/MIR	539	+	82	5589322	16006
chr3	5573316	5773316	harbor2	chr3	5632924	5633059	SINE/MIR	501	+	68	5632992	59676
chr3	5573316	5773316	harbor2	chr3	5645203	5645341	SINE/MIR	412	+	69	5645272	71956
chr3	5573316	5773316	harbor2	chr3	5655801	5655952	SINE/MIR	561	+	76	5655877	82561
chr3	194522490	194722490	harbor2	chr3	194523793	194523993	SINE/MIR	514	+	100	194523893	1403
chr3	194522490	194722490	harbor2	chr3	194528738	194528864	SINE/MIR	505	+	63	194528801	6311
chr3	194522490	194722490	harbor2	chr3	194539626	194539724	SINE/MIR	484	+	49	194539675	17185
chr3	194522490	194722490	harbor2	chr3	194598412	194598555	SINE/MIR	417	+	72	194598484	75994
chr3	194522490	194722490	harbor2	chr3	194605325	194605376	SINE/MIR	526	+	26	194605351	82861
chr3	194522490	194722490	harbor2	chr3	194605724	194605829	SINE/MIR	526	+	52	194605776	83286
chr3	194522490	194722490	harbor2	chr3	194606505	194606612	SINE/MIR	446	+	54	194606559	84069
chr3	194522490	194722490	harbor2	chr3	194607517	194607749	SINE/MIR	713	+	116	194607633	85143
chr3	171469667	171669667	harbor2	chr3	171478071	171478220	SINE/MIR	558	+	74	171478145	8478
chr3	171469667	171669667	harbor2	chr3	171481375	171481544	SINE/MIR	461	+	84	171481459	11792
chr3	171469667	171669667	harbor2	chr3	171485069	171485256	SINE/MIR	395	+	94	171485163	15496
chr3	171469667	171669667	harbor2	chr3	171506799	171506961	SINE/MIR	563	+	81	171506880	37213
chr3	171469667	171669667	harbor2	chr3	171524970	171525141	SINE/MIR	529	+	86	171525056	55389
chr3	171469667	171669667	harbor2	chr3	171546278	171546479	SINE/MIR	534	+	100	171546378	76711
chr3	171469667	171669667	harbor2	chr3	171547776	171547932	SINE/MIR	445	+	78	171547854	78187
chr3	171469667	171669667	harbor2	chr3	171559231	171559412	SINE/MIR	598	+	90	171559321	89654
chr3	171469667	171669667	harbor2	chr3	171568493	171568689	SINE/MIR	547	+	98	171568591	98924
chr3	153893189	154093189	harbor2	chr3	153894684	153894838	SINE/MIR	557	+	77	153894761	1572
chr3	153893189	154093189	harbor2	chr3	153912648	153912883	SINE/MIR	668	+	118	153912766	19577
chr3	153893189	154093189	harbor2	chr3	153936171	153936341	SINE/MIR	629	+	85	153936256	43067
chr3	153893189	154093189	harbor2	chr3	153943697	153943865	SINE/MIR	390	+	84	153943781	50592
chr3	153893189	154093189	harbor2	chr3	153949583	153949763	SINE/MIR	907	+	90	153949673	56484
chr3	153893189	154093189	harbor2	chr3	153973385	153973547	SINE/MIR	430	+	81	153973466	80277
chr3	140218809	140418809	harbor2	chr3	140224135	140224385	SINE/MIR	456	+	125	140224260	5451
chr3	140218809	140418809	harbor2	chr3	140231846	140232107	SINE/MIR	665	+	130	140231976	13167
chr3	140218809	140418809	harbor2	chr3	140234341	140234583	SINE/MIR	496	+	121	140234462	15653
chr3	140218809	140418809	harbor2	chr3	140246441	140246630	SINE/MIR	390	+	94	140246535	27726
chr3	140218809	140418809	harbor2	chr3	140248817	140248970	SINE/MIR	477	+	76	140248893	30084
chr3	140218809	140418809	harbor2	chr3	140269800	140269940	SINE/MIR	495	+	70	140269870	51061
chr3	140218809	140418809	harbor2	chr3	140292627	140292832	SINE/MIR	473	+	102	140292729	73920
chr3	140218809	140418809	harbor2	chr3	140298137	140298277	SINE/MIR	492	+	70	140298207	79398
chr3	140218809	140418809	harbor2	chr3	140304744	140304862	SINE/MIR	395	+	59	140304803	85994
chr3	184292703	184492703	harbor2	chr3	184295143	184295327	SINE/MIR	414	+	92	184295235	2532
chr3	184292703	184492703	harbor2	chr3	184305068	184305223	SINE/MIR	675	+	78	184305146	12443
chr3	184292703	184492703	harbor2	chr3	184305506	184305634	SINE/MIR	675	+	64	184305570	12867
chr3	184292703	184492703	harbor2	chr3	184350382	184350436	SINE/MIR	813	+	27	184350409	57706
chr3	184292703	184492703	harbor2	chr3	184350732	184350918	SINE/MIR	813	+	93	184350825	58122
chr3	184292703	184492703	harbor2	chr3	184355137	184355354	SINE/MIR	661	+	108	184355245	62542
chr3	184292703	184492703	harbor2	chr3	184366115	184366326	SINE/MIR	617	+	106	184366221	73518
chr3	184292703	184492703	harbor2	chr3	184371058	184371274	SINE/MIR	758	+	108	184371166	78463
chr3	184292703	184492703	harbor2	chr3	184385855	184386005	SINE/MIR	440	+	75	184385930	93227
chr3	184292703	184492703	harbor2	chr3	184387649	184387806	SINE/MIR	528	+	78	184387727	95024
chr3	164467295	164667295	harbor2	chr3	164486845	164487036	SINE/MIR	399	+	96	164486941	19646
chr3	173703845	173903845	harbor2	chr3	173707272	173707497	SINE/MIR	391	+	112	173707384	3539
chr3	173703845	173903845	harbor2	chr3	173712442	173712662	SINE/MIR	799	+	110	173712552	8707
chr3	173703845	173903845	harbor2	chr3	173713600	173713786	SINE/MIR	447	+	93	173713693	9848
chr3	173703845	173903845	harbor2	chr3	173714175	173714416	SINE/MIR	418	+	120	173714295	10450
chr3	173703845	173903845	harbor2	chr3	173749337	173749444	SINE/MIR	424	+	54	173749391	45546
chr3	173703845	173903845	harbor2	chr3	173770598	173770834	SINE/MIR	471	+	118	173770716	66871
chr3	173703845	173903845	harbor2	chr3	173777016	173777232	SINE/MIR	556	+	108	173777124	73279
chr3	173703845	173903845	harbor2	chr3	173791736	173791933	SINE/MIR	529	+	98	173791834	87989
chr3	139111427	139311427	harbor2	chr3	139125379	139125610	SINE/MIR	757	+	116	139125495	14068
chr3	139111427	139311427	harbor2	chr3	139129368	139129602	SINE/MIR	615	+	117	139129485	18058
chr3	139111427	139311427	harbor2	chr3	139131435	139131580	SINE/MIR	467	+	72	139131507	20080
chr3	139111427	139311427	harbor2	chr3	139201646	139201882	SINE/MIR	745	+	118	139201764	90337
chr3	139111427	139311427	harbor2	chr3	139209495	139209684	SINE/MIR	743	+	94	139209589	98162
chr3	192055168	192255168	harbor2	chr3	192107753	192107966	SINE/MIR	505	+	106	192107859	52691
chr3	147763687	147963687	harbor2	chr3	147779295	147779376	SINE/MIR	462	+	40	147779335	15648
chr3	147763687	147963687	harbor2	chr3	147779690	147779765	SINE/MIR	462	+	38	147779728	16041
chr3	147763687	147963687	harbor2	chr3	147844608	147844780	SINE/MIR	513	+	86	147844694	81007
chr3	135581877	135781877	harbor2	chr3	135599706	135599956	SINE/MIR	907	+	125	135599831	17954
chr3	135581877	135781877	harbor2	chr3	135633033	135633293	SINE/MIR	1119	+	130	135633163	51286
chr3	183346138	183546138	harbor2	chr3	183379751	183379873	SINE/MIR	403	+	61	183379812	33674
chr3	174518543	174718543	harbor2	chr3	174526255	174526529	SINE/MIR	786	+	137	174526392	7849
chr3	174518543	174718543	harbor2	chr3	174551865	174552103	SINE/MIR	532	+	119	174551984	33441
chr3	174518543	174718543	harbor2	chr3	174585821	174586072	SINE/MIR	981	+	126	174585947	67404
chr3	174518543	174718543	harbor2	chr3	174590652	174590867	SINE/MIR	427	+	108	174590760	72217
chr3	194142880	194342880	harbor2	chr3	194143483	194143658	SINE/MIR	475	+	88	194143571	691
chr3	194142880	194342880	harbor2	chr3	194183723	194183861	SINE/MIR	414	+	69	194183792	40912
chr3	194142880	194342880	harbor2	chr3	194188006	194188225	SINE/MIR	506	+	110	194188116	45236
chr3	194142880	194342880	harbor2	chr3	194195402	194195567	SINE/MIR	465	+	82	194195484	52604
chr3	194142880	194342880	harbor2	chr3	194211940	194212155	SINE/MIR	694	+	108	194212048	69168
chr3	194142880	194342880	harbor2	chr3	194235495	194235692	SINE/MIR	682	+	98	194235593	92713
chr3	194142880	194342880	harbor2	chr3	194199365	194199569	SINE/MIR	578	+	102	194199467	56587
chr3	194360080	194560080	harbor2	chr3	194366247	194366362	SINE/MIR	509	+	58	194366305	6225
chr3	194222210	194422210	harbor2	chr3	194235495	194235692	SINE/MIR	682	+	98	194235593	13383
chr3	194222210	194422210	harbor2	chr3	194245618	194245812	SINE/MIR	655	+	97	194245715	23505
chr3	194222210	194422210	harbor2	chr3	194258119	194258301	SINE/MIR	404	+	91	194258210	36000
chr3	194222210	194422210	harbor2	chr3	194269140	194269311	SINE/MIR	589	+	86	194269226	47016
chr3	194222210	194422210	harbor2	chr3	194276818	194276911	SINE/MIR	395	+	46	194276864	54654
chr3	194222210	194422210	harbor2	chr3	194284843	194285063	SINE/MIR	478	+	110	194284953	62743
chr3	194222210	194422210	harbor2	chr3	194312547	194312713	SINE/MIR	442	+	83	194312630	90420
chr3	194222210	194422210	harbor2	chr3	194248687	194248823	SINE/MIR	542	+	68	194248755	26545
chr3	172082388	172282388	harbor2	chr3	172127354	172127532	SINE/MIR	478	+	89	172127443	45055
chr3	172082388	172282388	harbor2	chr3	172141931	172142181	SINE/MIR	689	+	125	172142056	59668
chr3	186415162	186615162	harbor2	chr3	186437455	186437685	SINE/MIR	740	+	115	186437570	22408
chr3	186415162	186615162	harbor2	chr3	186502058	186502282	SINE/MIR	584	+	112	186502170	87008
chr3	186415162	186615162	harbor2	chr3	186507791	186507959	SINE/MIR	399	+	84	186507875	92713
chr3	178257860	178457860	harbor2	chr3	178273957	178274208	SINE/MIR	468	+	126	178274083	16223
chr3	178257860	178457860	harbor2	chr3	178298578	178298815	SINE/MIR	485	+	118	178298696	40836
chr3	178257860	178457860	harbor2	chr3	178327952	178328154	SINE/MIR	757	+	101	178328053	70193
chr3	178257860	178457860	harbor2	chr3	178341230	178341476	SINE/MIR	535	+	123	178341353	83493
chr3	181725823	181925823	harbor2	chr3	181749297	181749421	SINE/MIR	414	+	62	181749359	23536
chr3	181725823	181925823	harbor2	chr3	181771762	181772009	SINE/MIR	730	+	124	181771886	46063
chr3	181725823	181925823	harbor2	chr3	181772492	181772698	SINE/MIR	493	+	103	181772595	46772
chr3	181725823	181925823	harbor2	chr3	181786409	181786616	SINE/MIR	504	+	104	181786513	60690
chr3	181725823	181925823	harbor2	chr3	181801953	181802179	SINE/MIR	563	+	113	181802066	76243
chr3	181725823	181925823	harbor2	chr3	181805780	181805982	SINE/MIR	602	+	101	181805881	80058
chr3	181725823	181925823	harbor2	chr3	181816857	181817030	SINE/MIR	564	+	86	181816943	91120
chr3	192576347	192776347	harbor2	chr3	192586292	192586492	SINE/MIR	538	+	100	192586392	10045
chr3	192576347	192776347	harbor2	chr3	192599296	192599517	SINE/MIR	522	+	110	192599406	23059
chr3	192576347	192776347	harbor2	chr3	192621404	192621602	SINE/MIR	444	+	99	192621503	45156
chr3	184220229	184420229	harbor2	chr3	184237817	184237988	SINE/MIR	447	+	86	184237903	17674
chr3	184220229	184420229	harbor2	chr3	184243048	184243371	SINE/MIR	564	+	162	184243210	22981
chr3	184220229	184420229	harbor2	chr3	184251733	184251947	SINE/MIR	450	+	107	184251840	31611
chr3	184220229	184420229	harbor2	chr3	184253516	184253668	SINE/MIR	689	+	76	184253592	33363
chr3	184220229	184420229	harbor2	chr3	184253970	184254069	SINE/MIR	689	+	50	184254020	33791
chr3	184220229	184420229	harbor2	chr3	184268985	184269216	SINE/MIR	697	+	116	184269101	48872
chr3	184220229	184420229	harbor2	chr3	184272789	184272959	SINE/MIR	593	+	85	184272874	52645
chr3	184220229	184420229	harbor2	chr3	184280192	184280344	SINE/MIR	438	+	76	184280268	60039
chr3	184220229	184420229	harbor2	chr3	184282678	184282895	SINE/MIR	401	+	108	184282786	62557
chr3	184220229	184420229	harbor2	chr3	184285687	184285910	SINE/MIR	745	+	112	184285799	65570
chr3	184220229	184420229	harbor2	chr3	184289897	184290126	SINE/MIR	562	+	114	184290011	69782
chr3	184220229	184420229	harbor2	chr3	184295143	184295327	SINE/MIR	414	+	92	184295235	75006
chr3	184220229	184420229	harbor2	chr3	184305068	184305223	SINE/MIR	675	+	78	184305146	84917
chr3	184220229	184420229	harbor2	chr3	184305506	184305634	SINE/MIR	675	+	64	184305570	85341
chr3	192149615	192349615	harbor2	chr3	192161549	192161775	SINE/MIR	443	+	113	192161662	12047
chr3	192149615	192349615	harbor2	chr3	192165802	192166030	SINE/MIR	540	+	114	192165916	16301
chr3	192149615	192349615	harbor2	chr3	192166500	192166743	SINE/MIR	771	+	122	192166622	17007
chr3	192149615	192349615	harbor2	chr3	192177105	192177330	SINE/MIR	507	+	112	192177217	27602
chr3	192149615	192349615	harbor2	chr3	192179464	192179549	SINE/MIR	464	+	42	192179506	29891
chr3	192149615	192349615	harbor2	chr3	192179846	192179900	SINE/MIR	464	+	27	192179873	30258
chr3	192149615	192349615	harbor2	chr3	192217037	192217299	SINE/MIR	852	+	131	192217168	67553
chr3	141850124	142050124	harbor2	chr3	141852013	141852114	SINE/MIR	393	+	50	141852063	1939
chr3	188837705	189037705	harbor2	chr3	188843317	188843486	SINE/MIR	467	+	84	188843401	5696
chr3	188837705	189037705	harbor2	chr3	188844698	188844927	SINE/MIR	597	+	114	188844812	7107
chr3	188837705	189037705	harbor2	chr3	188849612	188849797	SINE/MIR	449	+	92	188849704	11999
chr3	188837705	189037705	harbor2	chr3	188870496	188870644	SINE/MIR	581	+	74	188870570	32865
chr3	188837705	189037705	harbor2	chr3	188921639	188921828	SINE/MIR	584	+	94	188921733	84028
chr3	188837705	189037705	harbor2	chr3	188935758	188936013	SINE/MIR	568	+	128	188935886	98181
chr3	186166894	186366894	harbor2	chr3	186172787	186172859	SINE/MIR	481	+	36	186172823	5929
chr3	186166894	186366894	harbor2	chr3	186173265	186173342	SINE/MIR	481	+	38	186173303	6409
chr3	186166894	186366894	harbor2	chr3	186176568	186176791	SINE/MIR	513	+	112	186176680	9786
chr3	186166894	186366894	harbor2	chr3	186177664	186177834	SINE/MIR	451	+	85	186177749	10855
chr3	186166894	186366894	harbor2	chr3	186193191	186193366	SINE/MIR	635	+	88	186193279	26385
chr3	186166894	186366894	harbor2	chr3	186207351	186207535	SINE/MIR	428	+	92	186207443	40549
chr3	186166894	186366894	harbor2	chr3	186208491	186208636	SINE/MIR	449	+	72	186208563	41669
chr3	186166894	186366894	harbor2	chr3	186209419	186209509	SINE/MIR	408	+	45	186209464	42570
chr3	186166894	186366894	harbor2	chr3	186214227	186214415	SINE/MIR	653	+	94	186214321	47427
chr3	186166894	186366894	harbor2	chr3	186216867	186217067	SINE/MIR	533	+	100	186216967	50073
chr3	186166894	186366894	harbor2	chr3	186222360	186222553	SINE/MIR	596	+	96	186222456	55562
chr3	186166894	186366894	harbor2	chr3	186231302	186231537	SINE/MIR	636	+	118	186231420	64526
chr3	186166894	186366894	harbor2	chr3	186237550	186237699	SINE/MIR	559	+	74	186237624	70730
chr3	186166894	186366894	harbor2	chr3	186237702	186237950	SINE/MIR	613	+	124	186237826	70932
chr3	114679858	114879858	harbor2	chr3	114706066	114706252	SINE/MIR	536	+	93	114706159	26301
chr3	114679858	114879858	harbor2	chr3	114717019	114717224	SINE/MIR	521	+	102	114717121	37263
chr3	114679858	114879858	harbor2	chr3	114724522	114724718	SINE/MIR	421	+	98	114724620	44762
chr3	114679858	114879858	harbor2	chr3	114736095	114736318	SINE/MIR	594	+	112	114736207	56349
chr3	114679858	114879858	harbor2	chr3	114749703	114749908	SINE/MIR	522	+	102	114749805	69947
chr3	81839121	82039121	harbor2	chr3	81853496	81853759	SINE/MIR	427	+	132	81853628	14507
chr3	81839121	82039121	harbor2	chr3	81875172	81875417	SINE/MIR	434	+	122	81875294	36173
chr3	81839121	82039121	harbor2	chr3	81890888	81891107	SINE/MIR	482	+	110	81890998	51877
chr3	81839121	82039121	harbor2	chr3	81887007	81887237	SINE/MIR	563	+	115	81887122	48001
chr3	108581324	108781324	harbor2	chr3	108635865	108636114	SINE/MIR	702	+	124	108635989	54665
chr3	108581324	108781324	harbor2	chr3	108655311	108655476	SINE/MIR	421	+	82	108655393	74069
chr3	160272170	160472170	harbor2	chr3	160275028	160275188	SINE/MIR	487	+	80	160275108	2938
chr3	160272170	160472170	harbor2	chr3	160304339	160304428	SINE/MIR	484	+	44	160304383	32213
chr3	160272170	160472170	harbor2	chr3	160304735	160304807	SINE/MIR	484	+	36	160304771	32601
chr3	189932515	190132515	harbor2	chr3	189941828	189941936	SINE/MIR	433	+	54	189941882	9367
chr3	189932515	190132515	harbor2	chr3	189947973	189948146	SINE/MIR	541	+	86	189948059	15544
chr3	189932515	190132515	harbor2	chr3	190014861	190015007	SINE/MIR	491	+	73	190014934	82419
chr3	189932515	190132515	harbor2	chr3	190025377	190025629	SINE/MIR	635	+	126	190025503	92988
chr3	185462160	185662160	harbor2	chr3	185474751	185474814	SINE/MIR	644	+	32	185474783	12623
chr3	185462160	185662160	harbor2	chr3	185475114	185475261	SINE/MIR	644	+	74	185475188	13028
chr3	185462160	185662160	harbor2	chr3	185479343	185479496	SINE/MIR	510	+	76	185479419	17259
chr3	185462160	185662160	harbor2	chr3	185481616	185481804	SINE/MIR	699	+	94	185481710	19550
chr3	185462160	185662160	harbor2	chr3	185482096	185482147	SINE/MIR	699	+	26	185482122	19962
chr3	185462160	185662160	harbor2	chr3	185497143	185497327	SINE/MIR	440	+	92	185497235	35075
chr3	185462160	185662160	harbor2	chr3	185531141	185531256	SINE/MIR	454	+	58	185531199	69039
chr3	185462160	185662160	harbor2	chr3	185545739	185545873	SINE/MIR	520	+	67	185545806	83646
chr3	185462160	185662160	harbor2	chr3	185554515	185554581	SINE/MIR	501	+	33	185554548	92388
chr3	185462160	185662160	harbor2	chr3	185555196	185555344	SINE/MIR	501	+	74	185555270	93110
chr3	129158473	129358473	harbor2	chr3	129226627	129226854	SINE/MIR	486	+	114	129226741	68268
chr3	129158473	129358473	harbor2	chr3	129258208	129258426	SINE/MIR	504	+	109	129258317	99844
chr3	129158473	129358473	harbor2	chr3	129204071	129204288	SINE/MIR	426	+	108	129204179	45706
chr3	176316278	176516278	harbor2	chr3	176377654	176377828	SINE/MIR	462	+	87	176377741	61463
chr3	176316278	176516278	harbor2	chr3	176380726	176380863	SINE/MIR	668	+	68	176380794	64516
chr3	192730605	192930605	harbor2	chr3	192731740	192731983	SINE/MIR	531	+	122	192731862	1257
chr3	192730605	192930605	harbor2	chr3	192753571	192753741	SINE/MIR	537	+	85	192753656	23051
chr3	192730605	192930605	harbor2	chr3	192792783	192793009	SINE/MIR	462	+	113	192792896	62291
chr3	192730605	192930605	harbor2	chr3	192805616	192805731	SINE/MIR	418	+	58	192805674	75069
chr3	192730605	192930605	harbor2	chr3	192816730	192817003	SINE/MIR	637	+	136	192816866	86261
chr3	177696616	177896616	harbor2	chr3	177711368	177711577	SINE/MIR	659	+	104	177711472	14856
chr3	177696616	177896616	harbor2	chr3	177715391	177715587	SINE/MIR	746	+	98	177715489	18873
chr3	177696616	177896616	harbor2	chr3	177739857	177740091	SINE/MIR	628	+	117	177739974	43358
chr3	177696616	177896616	harbor2	chr3	177763366	177763590	SINE/MIR	494	+	112	177763478	66862
chr3	177696616	177896616	harbor2	chr3	177780759	177780867	SINE/MIR	444	+	54	177780813	84197
chr3	177696616	177896616	harbor2	chr3	177782299	177782437	SINE/MIR	402	+	69	177782368	85752
chr3	177696616	177896616	harbor2	chr3	177783084	177783290	SINE/MIR	675	+	103	177783187	86571
chr3	177696616	177896616	harbor2	chr3	177789934	177790178	SINE/MIR	526	+	122	177790056	93440
chr3	177696616	177896616	harbor2	chr3	177791546	177791768	SINE/MIR	535	+	111	177791657	95041
chr3	124312167	124512167	harbor2	chr3	124327827	124328043	SINE/MIR	457	+	108	124327935	15768
chr3	124312167	124512167	harbor2	chr3	124330995	124331171	SINE/MIR	728	+	88	124331083	18916
chr3	124312167	124512167	harbor2	chr3	124359519	124359752	SINE/MIR	533	+	116	124359635	47468
chr3	124312167	124512167	harbor2	chr3	124377050	124377266	SINE/MIR	517	+	108	124377158	64991
chr3	124312167	124512167	harbor2	chr3	124382004	124382265	SINE/MIR	803	+	130	124382134	69967
chr3	124312167	124512167	harbor2	chr3	124386522	124386685	SINE/MIR	459	+	82	124386604	74437
chr3	124312167	124512167	harbor2	chr3	124406737	124406832	SINE/MIR	762	+	48	124406785	94618
chr3	124312167	124512167	harbor2	chr3	124407124	124407287	SINE/MIR	762	+	82	124407206	95039
chr3	147066064	147266064	harbor2	chr3	147117797	147118026	SINE/MIR	478	+	114	147117911	51847
chr3	147066064	147266064	harbor2	chr3	147118907	147119105	SINE/MIR	419	+	99	147119006	52942
chr3	42690649	42890649	harbor2	chr3	42743867	42744021	SINE/MIR	393	+	77	42743944	53295
chr3	42690649	42890649	harbor2	chr3	42749379	42749500	SINE/MIR	390	+	60	42749439	58790
chr3	42690649	42890649	harbor2	chr3	42765094	42765211	SINE/MIR	455	+	58	42765152	74503
chr3	188719330	188919330	harbor2	chr3	188744456	188744613	SINE/MIR	548	+	78	188744534	25204
chr3	188719330	188919330	harbor2	chr3	188751605	188751852	SINE/MIR	752	+	124	188751729	32399
chr3	188719330	188919330	harbor2	chr3	188753089	188753281	SINE/MIR	449	+	96	188753185	33855
chr3	188719330	188919330	harbor2	chr3	188758771	188758967	SINE/MIR	758	+	98	188758869	39539
chr3	188719330	188919330	harbor2	chr3	188762182	188762332	SINE/MIR	403	+	75	188762257	42927
chr3	188719330	188919330	harbor2	chr3	188764214	188764384	SINE/MIR	389	+	85	188764299	44969
chr3	188719330	188919330	harbor2	chr3	188782323	188782565	SINE/MIR	507	+	121	188782444	63114
chr3	188719330	188919330	harbor2	chr3	188814877	188815077	SINE/MIR	537	+	100	188814977	95647
chr3	188719330	188919330	harbor2	chr3	188818618	188818849	SINE/MIR	739	+	116	188818734	99404
chr3	188719330	188919330	harbor2	chr3	188727116	188727313	SINE/MIR	552	+	98	188727214	7884
chr3	184718575	184918575	harbor2	chr3	184724578	184724794	SINE/MIR	574	+	108	184724686	6111
chr3	184718575	184918575	harbor2	chr3	184740243	184740404	SINE/MIR	395	+	80	184740323	21748
chr3	184718575	184918575	harbor2	chr3	184802386	184802616	SINE/MIR	793	+	115	184802501	83926
chr3	69567932	69767932	harbor2	chr3	69570514	69570713	SINE/MIR	432	+	100	69570614	2682
chr3	69567932	69767932	harbor2	chr3	69583261	69583472	SINE/MIR	716	+	106	69583367	15435
chr3	69567932	69767932	harbor2	chr3	69606559	69606753	SINE/MIR	635	+	97	69606656	38724
chr3	69567932	69767932	harbor2	chr3	69608306	69608477	SINE/MIR	481	+	86	69608392	40460
chr3	69567932	69767932	harbor2	chr3	69630061	69630251	SINE/MIR	562	+	95	69630156	62224
chr3	69567932	69767932	harbor2	chr3	69642667	69642851	SINE/MIR	569	+	92	69642759	74827
chr3	69567932	69767932	harbor2	chr3	69667477	69667705	SINE/MIR	467	+	114	69667591	99659
chr3	130418039	130618039	harbor2	chr3	130423942	130424160	SINE/MIR	701	+	109	130424051	6012
chr3	130418039	130618039	harbor2	chr3	130462917	130463137	SINE/MIR	628	+	110	130463027	44988
chr3	130418039	130618039	harbor2	chr3	130477995	130478231	SINE/MIR	886	+	118	130478113	60074
chr3	130418039	130618039	harbor2	chr3	130490982	130491214	SINE/MIR	496	+	116	130491098	73059
chr3	182748486	182948486	harbor2	chr3	182749790	182749974	SINE/MIR	592	+	92	182749882	1396
chr3	182748486	182948486	harbor2	chr3	182765715	182765970	SINE/MIR	515	+	128	182765843	17357
chr3	182748486	182948486	harbor2	chr3	182780768	182780912	SINE/MIR	518	+	72	182780840	32354
chr3	195325420	195525420	harbor2	chr3	195389871	195389913	SINE/MIR	791	+	21	195389892	64472
chr3	195325420	195525420	harbor2	chr3	195390212	195390414	SINE/MIR	791	+	101	195390313	64893
chr3	195325420	195525420	harbor2	chr3	195391563	195391698	SINE/MIR	553	+	68	195391631	66211
chr3	99641127	99841127	harbor2	chr3	99652932	99653137	SINE/MIR	481	+	102	99653034	11907
chr3	99641127	99841127	harbor2	chr3	99673726	99673964	SINE/MIR	809	+	119	99673845	32718
chr3	99641127	99841127	harbor2	chr3	99679600	99679724	SINE/MIR	468	+	62	99679662	38535
chr3	99641127	99841127	harbor2	chr3	99687171	99687406	SINE/MIR	486	+	118	99687289	46162
chr3	99641127	99841127	harbor2	chr3	99691309	99691431	SINE/MIR	405	+	61	99691370	50243
chr3	99641127	99841127	harbor2	chr3	99718971	99719200	SINE/MIR	739	+	114	99719085	77958
chr3	100682571	100882571	harbor2	chr3	100693945	100694207	SINE/MIR	630	+	131	100694076	11505
chr3	100682571	100882571	harbor2	chr3	100758143	100758395	SINE/MIR	499	+	126	100758269	75698
chr3	187821813	188021813	harbor2	chr3	187832310	187832524	SINE/MIR	543	+	107	187832417	10604
chr3	187821813	188021813	harbor2	chr3	187841054	187841236	SINE/MIR	601	+	91	187841145	19332
chr3	187821813	188021813	harbor2	chr3	187841543	187841604	SINE/MIR	585	+	30	187841573	19760
chr3	187821813	188021813	harbor2	chr3	187852626	187852850	SINE/MIR	488	+	112	187852738	30925
chr3	187821813	188021813	harbor2	chr3	187853858	187853960	SINE/MIR	426	+	51	187853909	32096
chr3	187821813	188021813	harbor2	chr3	187854726	187854909	SINE/MIR	442	+	92	187854818	33005
chr3	187821813	188021813	harbor2	chr3	187873845	187874001	SINE/MIR	545	+	78	187873923	52110
chr3	187821813	188021813	harbor2	chr3	187897077	187897290	SINE/MIR	552	+	106	187897183	75370
chr3	187821813	188021813	harbor2	chr3	187903658	187903808	SINE/MIR	421	+	75	187903733	81920
chr3	187821813	188021813	harbor2	chr3	187907749	187907883	SINE/MIR	389	+	67	187907816	86003
chr3	142894737	143094737	harbor2	chr3	142913539	142913732	SINE/MIR	646	+	96	142913635	18898
chr3	142894737	143094737	harbor2	chr3	142927918	142928127	SINE/MIR	663	+	104	142928022	33285
chr3	142894737	143094737	harbor2	chr3	142974800	142974984	SINE/MIR	589	+	92	142974892	80155
chr3	142894737	143094737	harbor2	chr3	142975289	142975325	SINE/MIR	589	+	18	142975307	80570
chr3	129172198	129372198	harbor2	chr3	129226627	129226854	SINE/MIR	486	+	114	129226741	54543
chr3	129172198	129372198	harbor2	chr3	129258208	129258426	SINE/MIR	504	+	109	129258317	86119
chr3	129172198	129372198	harbor2	chr3	129259907	129260122	SINE/MIR	594	+	108	129260015	87817
chr3	129172198	129372198	harbor2	chr3	129204071	129204288	SINE/MIR	426	+	108	129204179	31981
chr3	78376820	78576820	harbor2	chr3	78377378	78377603	SINE/MIR	542	+	112	78377490	670
chr3	105980377	106180377	harbor2	chr3	106021825	106022046	SINE/MIR	631	+	110	106021935	41558
chr3	105980377	106180377	harbor2	chr3	106023532	106023783	SINE/MIR	591	+	126	106023658	43281
chr3	132431302	132631302	harbor2	chr3	132492933	132493167	SINE/MIR	522	+	117	132493050	61748
chr3	132431302	132631302	harbor2	chr3	132496014	132496233	SINE/MIR	610	+	110	132496124	64822
chr3	132431302	132631302	harbor2	chr3	132505028	132505248	SINE/MIR	420	+	110	132505138	73836
chr3	132431302	132631302	harbor2	chr3	132516134	132516380	SINE/MIR	799	+	123	132516257	84955
chr3	132431302	132631302	harbor2	chr3	132524396	132524581	SINE/MIR	532	+	92	132524488	93186
chr3	132431302	132631302	harbor2	chr3	132527515	132527629	SINE/MIR	434	+	57	132527572	96270
chr3	132710912	132910912	harbor2	chr3	132738897	132739156	SINE/MIR	527	+	130	132739027	28115
chr3	132710912	132910912	harbor2	chr3	132772146	132772295	SINE/MIR	442	+	74	132772220	61308
chr3	132710912	132910912	harbor2	chr3	132773758	132773982	SINE/MIR	485	+	112	132773870	62958
chr3	132710912	132910912	harbor2	chr3	132790181	132790409	SINE/MIR	527	+	114	132790295	79383
chr3	174820738	175020738	harbor2	chr3	174826281	174826487	SINE/MIR	461	+	103	174826384	5646
chr3	174820738	175020738	harbor2	chr3	174909597	174909835	SINE/MIR	602	+	119	174909716	88978
chr3	196556187	196756187	harbor2	chr3	196561858	196562065	SINE/MIR	483	+	104	196561962	5775
chr3	196556187	196756187	harbor2	chr3	196595439	196595692	SINE/MIR	791	+	126	196595565	39378
chr3	196556187	196756187	harbor2	chr3	196617667	196617794	SINE/MIR	448	+	64	196617731	61544
chr3	196556187	196756187	harbor2	chr3	196640108	196640287	SINE/MIR	466	+	90	196640198	84011
chr3	196556187	196756187	harbor2	chr3	196645342	196645563	SINE/MIR	485	+	110	196645452	89265
chr3	168078660	168278660	harbor2	chr3	168087699	168087896	SINE/MIR	454	+	98	168087797	9137
chr3	168078660	168278660	harbor2	chr3	168136543	168136686	SINE/MIR	401	+	72	168136615	57955
chr3	168078660	168278660	harbor2	chr3	168163353	168163599	SINE/MIR	555	+	123	168163476	84816
chr3	143551626	143751626	harbor2	chr3	143575040	143575243	SINE/MIR	396	+	102	143575142	23516
chr3	143551626	143751626	harbor2	chr3	143575263	143575473	SINE/MIR	642	+	105	143575368	23742
chr3	143551626	143751626	harbor2	chr3	143576129	143576358	SINE/MIR	969	+	114	143576243	24617
chr3	143551626	143751626	harbor2	chr3	143576369	143576543	SINE/MIR	473	+	87	143576456	24830
chr3	143551626	143751626	harbor2	chr3	143576610	143576821	SINE/MIR	426	+	106	143576716	25090
chr3	143551626	143751626	harbor2	chr3	143582197	143582355	SINE/MIR	665	+	79	143582276	30650
chr3	143551626	143751626	harbor2	chr3	143583507	143583739	SINE/MIR	848	+	116	143583623	31997
chr3	143551626	143751626	harbor2	chr3	143590151	143590345	SINE/MIR	577	+	97	143590248	38622
chr3	143551626	143751626	harbor2	chr3	143620217	143620394	SINE/MIR	615	+	88	143620305	68679
chr3	174853697	175053697	harbor2	chr3	174909597	174909835	SINE/MIR	602	+	119	174909716	56019
chr3	174853697	175053697	harbor2	chr3	174929765	174929982	SINE/MIR	558	+	108	174929873	76176
chr3	174853697	175053697	harbor2	chr3	174931260	174931501	SINE/MIR	726	+	120	174931380	77683
chr3	174853697	175053697	harbor2	chr3	174946332	174946557	SINE/MIR	586	+	112	174946444	92747
chr3	120526005	120726005	harbor2	chr3	120554105	120554304	SINE/MIR	586	+	100	120554205	28200
chr3	120526005	120726005	harbor2	chr3	120555130	120555339	SINE/MIR	522	+	104	120555234	29229
chr3	120526005	120726005	harbor2	chr3	120565073	120565307	SINE/MIR	642	+	117	120565190	39185
chr3	120526005	120726005	harbor2	chr3	120596707	120596936	SINE/MIR	718	+	114	120596821	70816
chr3	120526005	120726005	harbor2	chr3	120607354	120607542	SINE/MIR	510	+	94	120607448	81443
chr3	57304370	57504370	harbor2	chr3	57316481	57316569	SINE/MIR	396	+	44	57316525	12155
chr3	57304370	57504370	harbor2	chr3	57316954	57317065	SINE/MIR	396	+	56	57317010	12640
chr3	57304370	57504370	harbor2	chr3	57374108	57374332	SINE/MIR	876	+	112	57374220	69850
chr3	57304370	57504370	harbor2	chr3	57386203	57386386	SINE/MIR	625	+	92	57386295	81925
chr3	170382953	170582953	harbor2	chr3	170417821	170417895	SINE/MIR	500	+	37	170417858	34905
chr3	170382953	170582953	harbor2	chr3	170418196	170418316	SINE/MIR	500	+	60	170418256	35303
chr3	170382953	170582953	harbor2	chr3	170426494	170426706	SINE/MIR	689	+	106	170426600	43647
chr3	170382953	170582953	harbor2	chr3	170468673	170468848	SINE/MIR	453	+	88	170468761	85808
chr3	170382953	170582953	harbor2	chr3	170477374	170477577	SINE/MIR	627	+	102	170477476	94523
chr3	170382953	170582953	harbor2	chr3	170482639	170482847	SINE/MIR	516	+	104	170482743	99790
chr3	194974835	195174835	harbor2	chr3	194975665	194975839	SINE/MIR	509	+	87	194975752	917
chr3	194974835	195174835	harbor2	chr3	194988653	194988903	SINE/MIR	489	+	125	194988778	13943
chr3	194974835	195174835	harbor2	chr3	194994551	194994764	SINE/MIR	593	+	106	194994657	19822
chr3	194974835	195174835	harbor2	chr3	195004316	195004550	SINE/MIR	648	+	117	195004433	29598
chr3	194974835	195174835	harbor2	chr3	195029220	195029410	SINE/MIR	552	+	95	195029315	54480
chr3	194974835	195174835	harbor2	chr3	195044085	195044287	SINE/MIR	436	+	101	195044186	69351
chr3	194974835	195174835	harbor2	chr3	195046817	195047040	SINE/MIR	534	+	112	195046929	72094
chr3	194974835	195174835	harbor2	chr3	195056230	195056433	SINE/MIR	474	+	102	195056332	81497
chr3	174984077	175184077	harbor2	chr3	175034628	175034869	SINE/MIR	750	+	120	175034748	50671
chr3	94364214	94564214	harbor2	chr3	94405835	94406073	SINE/MIR	428	+	119	94405954	41740
chr3	94364214	94564214	harbor2	chr3	94413705	94413825	SINE/MIR	661	+	60	94413765	49551
chr3	94364214	94564214	harbor2	chr3	94414045	94414168	SINE/MIR	661	+	62	94414107	49893
chr3	94364214	94564214	harbor2	chr3	94417343	94417517	SINE/MIR	577	+	87	94417430	53216
chr3	94364214	94564214	harbor2	chr3	94425107	94425314	SINE/MIR	726	+	104	94425211	60997
chr3	94364214	94564214	harbor2	chr3	94451555	94451747	SINE/MIR	408	+	96	94451651	87437
chr3	196530737	196730737	harbor2	chr3	196561858	196562065	SINE/MIR	483	+	104	196561962	31225
chr3	196530737	196730737	harbor2	chr3	196595439	196595692	SINE/MIR	791	+	126	196595565	64828
chr3	196530737	196730737	harbor2	chr3	196617667	196617794	SINE/MIR	448	+	64	196617731	86994
chr3	115744367	115944367	harbor2	chr3	115818473	115818617	SINE/MIR	451	+	72	115818545	74178
chr3	176893865	177093865	harbor2	chr3	176906874	176907060	SINE/MIR	514	+	93	176906967	13102
chr3	176893865	177093865	harbor2	chr3	176956239	176956457	SINE/MIR	465	+	109	176956348	62483
chr3	191475634	191675634	harbor2	chr3	191529677	191529896	SINE/MIR	538	+	110	191529787	54153
chr3	182201849	182401849	harbor2	chr3	182211687	182211937	SINE/MIR	931	+	125	182211812	9963
chr3	182201849	182401849	harbor2	chr3	182244774	182245020	SINE/MIR	908	+	123	182244897	43048
chr3	182201849	182401849	harbor2	chr3	182248294	182248426	SINE/MIR	588	+	66	182248360	46511
chr3	182201849	182401849	harbor2	chr3	182252710	182252820	SINE/MIR	390	+	55	182252765	50916
chr3	182201849	182401849	harbor2	chr3	182259304	182259518	SINE/MIR	869	+	107	182259411	57562
chr3	182201849	182401849	harbor2	chr3	182263930	182264127	SINE/MIR	457	+	98	182264028	62179
chr3	182201849	182401849	harbor2	chr3	182266878	182267071	SINE/MIR	417	+	96	182266974	65125
chr3	182201849	182401849	harbor2	chr3	182270544	182270813	SINE/MIR	551	+	134	182270678	68829
chr3	182201849	182401849	harbor2	chr3	182273695	182273870	SINE/MIR	550	+	88	182273783	71934
chr3	182201849	182401849	harbor2	chr3	182275090	182275289	SINE/MIR	630	+	100	182275190	73341
chr3	182201849	182401849	harbor2	chr3	182279472	182279596	SINE/MIR	419	+	62	182279534	77685
chr3	182201849	182401849	harbor2	chr3	182295353	182295593	SINE/MIR	653	+	120	182295473	93624
chr3	182201849	182401849	harbor2	chr3	182297421	182297615	SINE/MIR	553	+	97	182297518	95669
chr3	182201849	182401849	harbor2	chr3	182299594	182299819	SINE/MIR	631	+	112	182299706	97857
chr3	161835301	162035301	harbor2	chr3	161904027	161904245	SINE/MIR	535	+	109	161904136	68835
chr3	161835301	162035301	harbor2	chr3	161909779	161909984	SINE/MIR	638	+	102	161909881	74580
chr3	183857819	184057819	harbor2	chr3	183862940	183863134	SINE/MIR	446	+	97	183863037	5218
chr3	183857819	184057819	harbor2	chr3	183898750	183898931	SINE/MIR	424	+	90	183898840	41021
chr3	183857819	184057819	harbor2	chr3	183912121	183912302	SINE/MIR	578	+	90	183912211	54392
chr3	183857819	184057819	harbor2	chr3	183918356	183918561	SINE/MIR	528	+	102	183918458	60639
chr3	183857819	184057819	harbor2	chr3	183924341	183924495	SINE/MIR	520	+	77	183924418	66599
chr3	183857819	184057819	harbor2	chr3	183932535	183932681	SINE/MIR	638	+	73	183932608	74789
chr3	183857819	184057819	harbor2	chr3	183943380	183943538	SINE/MIR	568	+	79	183943459	85640
chr3	183857819	184057819	harbor2	chr3	183950824	183951084	SINE/MIR	645	+	130	183950954	93135
chr3	164740484	164940484	harbor2	chr3	164761430	164761611	SINE/MIR	492	+	90	164761520	21036
chr3	164740484	164940484	harbor2	chr3	164827975	164828183	SINE/MIR	654	+	104	164828079	87595
chr3	168274428	168474428	harbor2	chr3	168281621	168281847	SINE/MIR	582	+	113	168281734	7306
chr3	168274428	168474428	harbor2	chr3	168310643	168310830	SINE/MIR	439	+	94	168310737	36309
chr3	168274428	168474428	harbor2	chr3	168334307	168334420	SINE/MIR	450	+	56	168334363	59935
chr3	168274428	168474428	harbor2	chr3	168334775	168334802	SINE/MIR	450	+	14	168334789	60361
chr3	168274428	168474428	harbor2	chr3	168337552	168337789	SINE/MIR	619	+	118	168337670	63242
chr3	168274428	168474428	harbor2	chr3	168338314	168338511	SINE/MIR	421	+	98	168338412	63984
chr3	168274428	168474428	harbor2	chr3	168360713	168360939	SINE/MIR	485	+	113	168360826	86398
chr3	131694563	131894563	harbor2	chr3	131709588	131709810	SINE/MIR	457	+	111	131709699	15136
chr3	131694563	131894563	harbor2	chr3	131710538	131710700	SINE/MIR	440	+	81	131710619	16056
chr3	131694563	131894563	harbor2	chr3	131715497	131715660	SINE/MIR	662	+	82	131715579	21016
chr3	131694563	131894563	harbor2	chr3	131719245	131719410	SINE/MIR	466	+	82	131719327	24764
chr3	131694563	131894563	harbor2	chr3	131722781	131722968	SINE/MIR	639	+	94	131722875	28312
chr3	131694563	131894563	harbor2	chr3	131724195	131724392	SINE/MIR	478	+	98	131724293	29730
chr3	131694563	131894563	harbor2	chr3	131766092	131766283	SINE/MIR	742	+	96	131766188	71625
chr3	131694563	131894563	harbor2	chr3	131778343	131778558	SINE/MIR	595	+	108	131778451	83888
chr3	131694563	131894563	harbor2	chr3	131784934	131785135	SINE/MIR	516	+	100	131785034	90471
chr3	131694563	131894563	harbor2	chr3	131789395	131789616	SINE/MIR	765	+	110	131789505	94942
chr3	137000372	137200372	harbor2	chr3	137010374	137010547	SINE/MIR	428	+	86	137010460	10088
chr3	137000372	137200372	harbor2	chr3	137025762	137025993	SINE/MIR	612	+	116	137025878	25506
chr3	137000372	137200372	harbor2	chr3	137064157	137064384	SINE/MIR	793	+	114	137064271	63899
chr3	192528866	192728866	harbor2	chr3	192546068	192546325	SINE/MIR	929	+	128	192546196	17330
chr3	192528866	192728866	harbor2	chr3	192563791	192563952	SINE/MIR	460	+	80	192563871	35005
chr3	192528866	192728866	harbor2	chr3	192564855	192565078	SINE/MIR	533	+	112	192564967	36101
chr3	192528866	192728866	harbor2	chr3	192586292	192586492	SINE/MIR	538	+	100	192586392	57526
chr3	192528866	192728866	harbor2	chr3	192599296	192599517	SINE/MIR	522	+	110	192599406	70540
chr3	192528866	192728866	harbor2	chr3	192621404	192621602	SINE/MIR	444	+	99	192621503	92637
chr3	190749329	190949329	harbor2	chr3	190825428	190825676	SINE/MIR	614	+	124	190825552	76223
chr3	102827992	103027992	harbor2	chr3	102908083	102908283	SINE/MIR	414	+	100	102908183	80191
chr3	154678789	154878789	harbor2	chr3	154760772	154760960	SINE/MIR	878	+	94	154760866	82077
chr3	154678789	154878789	harbor2	chr3	154762693	154762931	SINE/MIR	398	+	119	154762812	84023
chr3	158296989	158496989	harbor2	chr3	158338769	158338988	SINE/MIR	390	+	110	158338879	41890
chr3	158296989	158496989	harbor2	chr3	158364446	158364666	SINE/MIR	771	+	110	158364556	67567
chr3	160693021	160893021	harbor2	chr3	160705101	160705314	SINE/MIR	548	+	106	160705207	12186
chr3	160693021	160893021	harbor2	chr3	160737223	160737488	SINE/MIR	812	+	132	160737355	44334
chr3	160693021	160893021	harbor2	chr3	160753067	160753265	SINE/MIR	410	+	99	160753166	60145
chr3	160693021	160893021	harbor2	chr3	160779276	160779451	SINE/MIR	473	+	88	160779364	86343
chr3	160693021	160893021	harbor2	chr3	160779454	160779525	SINE/MIR	695	+	36	160779490	86469
chr3	160693021	160893021	harbor2	chr3	160779832	160780025	SINE/MIR	695	+	96	160779928	86907
chr3	160693021	160893021	harbor2	chr3	160791234	160791438	SINE/MIR	418	+	102	160791336	98315
chr3	174196473	174396473	harbor2	chr3	174199244	174199377	SINE/MIR	439	+	66	174199310	2837
chr3	174196473	174396473	harbor2	chr3	174200057	174200301	SINE/MIR	507	+	122	174200179	3706
chr3	174196473	174396473	harbor2	chr3	174219239	174219399	SINE/MIR	400	+	80	174219319	22846
chr3	174196473	174396473	harbor2	chr3	174228993	174229203	SINE/MIR	652	+	105	174229098	32625
chr3	174196473	174396473	harbor2	chr3	174229222	174229359	SINE/MIR	455	+	68	174229290	32817
chr3	174196473	174396473	harbor2	chr3	174252517	174252665	SINE/MIR	481	+	74	174252591	56118
chr3	148710126	148910126	harbor2	chr3	148773115	148773357	SINE/MIR	560	+	121	148773236	63110
chr3	148710126	148910126	harbor2	chr3	148797067	148797253	SINE/MIR	605	+	93	148797160	87034
chr3	152101744	152301744	harbor2	chr3	152128025	152128209	SINE/MIR	444	+	92	152128117	26373
chr3	152101744	152301744	harbor2	chr3	152129910	152130132	SINE/MIR	400	+	111	152130021	28277
chr3	152101744	152301744	harbor2	chr3	152139479	152139504	SINE/MIR	678	+	12	152139491	37747
chr3	152101744	152301744	harbor2	chr3	152140004	152140215	SINE/MIR	678	+	106	152140110	38366
chr3	158265521	158465521	harbor2	chr3	158286297	158286452	SINE/MIR	471	+	78	158286375	20854
chr3	158265521	158465521	harbor2	chr3	158338769	158338988	SINE/MIR	390	+	110	158338879	73358
chr3	158265521	158465521	harbor2	chr3	158364446	158364666	SINE/MIR	771	+	110	158364556	99035
chr3	191224515	191424515	harbor2	chr3	191249764	191249920	SINE/MIR	485	+	78	191249842	25327
chr3	191224515	191424515	harbor2	chr3	191250919	191251152	SINE/MIR	516	+	116	191251035	26520
chr3	186683583	186883583	harbor2	chr3	186689000	186689233	SINE/MIR	470	+	116	186689116	5533
chr3	99962278	100162278	harbor2	chr3	99980193	99980328	SINE/MIR	620	+	68	99980261	17983
chr3	99962278	100162278	harbor2	chr3	100045177	100045319	SINE/MIR	469	+	71	100045248	82970
chr3	153492172	153692172	harbor2	chr3	153574857	153575031	SINE/MIR	541	+	87	153574944	82772
chr3	168478026	168678026	harbor2	chr3	168510772	168510934	SINE/MIR	459	+	81	168510853	32827
chr3	142043927	142243927	harbor2	chr3	142048896	142049060	SINE/MIR	522	+	82	142048978	5051
chr3	142043927	142243927	harbor2	chr3	142093724	142093949	SINE/MIR	638	+	112	142093836	49909
chr3	142043927	142243927	harbor2	chr3	142104913	142105037	SINE/MIR	476	+	62	142104975	61048
chr3	142043927	142243927	harbor2	chr3	142105822	142105957	SINE/MIR	454	+	68	142105890	61963
chr3	112286983	112486983	harbor2	chr3	112338851	112339102	SINE/MIR	1098	+	126	112338977	51994
chr3	112286983	112486983	harbor2	chr3	112349332	112349561	SINE/MIR	526	+	114	112349446	62463
chr3	112286983	112486983	harbor2	chr3	112356807	112356976	SINE/MIR	715	+	84	112356891	69908
chr3	55468506	55668506	harbor2	chr3	55471366	55471566	SINE/MIR	436	+	100	55471466	2960
chr3	55468506	55668506	harbor2	chr3	55492280	55492502	SINE/MIR	621	+	111	55492391	23885
chr3	55468506	55668506	harbor2	chr3	55506254	55506454	SINE/MIR	736	+	100	55506354	37848
chr3	55468506	55668506	harbor2	chr3	55506493	55506646	SINE/MIR	493	+	76	55506569	38063
chr3	55468506	55668506	harbor2	chr3	55507212	55507375	SINE/MIR	561	+	82	55507294	38788
chr3	55468506	55668506	harbor2	chr3	55523991	55524169	SINE/MIR	659	+	89	55524080	55574
chr3	55468506	55668506	harbor2	chr3	55527122	55527362	SINE/MIR	660	+	120	55527242	58736
chr3	55468506	55668506	harbor2	chr3	55529826	55529983	SINE/MIR	466	+	78	55529904	61398
chr3	55468506	55668506	harbor2	chr3	55533925	55534140	SINE/MIR	670	+	108	55534033	65527
chr3	55468506	55668506	harbor2	chr3	55534702	55534760	SINE/MIR	670	+	29	55534731	66225
chr3	55468506	55668506	harbor2	chr3	55540508	55540665	SINE/MIR	494	+	78	55540586	72080
chr3	55468506	55668506	harbor2	chr3	55546943	55547157	SINE/MIR	472	+	107	55547050	78544
chr3	55468506	55668506	harbor2	chr3	55557920	55558037	SINE/MIR	429	+	58	55557978	89472
chr3	191566193	191766193	harbor2	chr3	191624081	191624291	SINE/MIR	434	+	105	191624186	57993
chr3	191566193	191766193	harbor2	chr3	191628323	191628478	SINE/MIR	405	+	78	191628401	62208
chr3	193740598	193940598	harbor2	chr3	193766646	193766797	SINE/MIR	557	+	76	193766722	26124
chr3	193740598	193940598	harbor2	chr3	193777649	193777805	SINE/MIR	404	+	78	193777727	37129
chr3	193740598	193940598	harbor2	chr3	193793045	193793238	SINE/MIR	618	+	96	193793141	52543
chr3	193740598	193940598	harbor2	chr3	193807194	193807410	SINE/MIR	760	+	108	193807302	66704
chr3	193740598	193940598	harbor2	chr3	193812573	193812796	SINE/MIR	512	+	112	193812685	72087
chr3	193740598	193940598	harbor2	chr3	193816085	193816229	SINE/MIR	405	+	72	193816157	75559
chr3	193740598	193940598	harbor2	chr3	193829377	193829479	SINE/MIR	444	+	51	193829428	88830
chr3	183141577	183341577	harbor2	chr3	183160352	183160397	SINE/MIR	691	+	22	183160374	18797
chr3	183141577	183341577	harbor2	chr3	183160529	183160705	SINE/MIR	691	+	88	183160617	19040
chr3	183141577	183341577	harbor2	chr3	183160706	183160935	SINE/MIR	732	+	114	183160820	19243
chr3	183141577	183341577	harbor2	chr3	183183491	183183736	SINE/MIR	785	+	122	183183613	42036
chr3	183141577	183341577	harbor2	chr3	183207434	183207563	SINE/MIR	408	+	64	183207498	65921
chr3	183141577	183341577	harbor2	chr3	183225557	183225798	SINE/MIR	674	+	120	183225677	84100
chr3	54757702	54957702	harbor2	chr3	54769452	54769620	SINE/MIR	454	+	84	54769536	11834
chr3	54757702	54957702	harbor2	chr3	54790085	54790262	SINE/MIR	596	+	88	54790173	32471
chr3	54757702	54957702	harbor2	chr3	54811853	54812008	SINE/MIR	427	+	78	54811931	54229
chr3	54757702	54957702	harbor2	chr3	54812707	54812985	SINE/MIR	421	+	139	54812846	55144
chr3	54757702	54957702	harbor2	chr3	54815685	54815849	SINE/MIR	458	+	82	54815767	58065
chr3	102198228	102398228	harbor2	chr3	102201439	102201671	SINE/MIR	611	+	116	102201555	3327
chr3	102198228	102398228	harbor2	chr3	102209786	102210023	SINE/MIR	848	+	118	102209904	11676
chr3	102198228	102398228	harbor2	chr3	102230849	102231106	SINE/MIR	532	+	128	102230977	32749
chr3	167211957	167411957	harbor2	chr3	167223454	167223621	SINE/MIR	537	+	84	167223538	11581
chr3	167211957	167411957	harbor2	chr3	167230014	167230218	SINE/MIR	625	+	102	167230116	18159
chr3	167211957	167411957	harbor2	chr3	167245938	167246158	SINE/MIR	411	+	110	167246048	34091
chr3	194784824	194984824	harbor2	chr3	194785024	194785208	SINE/MIR	394	+	92	194785116	292
chr3	194784824	194984824	harbor2	chr3	194788007	194788173	SINE/MIR	568	+	83	194788090	3266
chr3	194784824	194984824	harbor2	chr3	194788255	194788398	SINE/MIR	460	+	72	194788327	3503
chr3	194784824	194984824	harbor2	chr3	194811546	194811710	SINE/MIR	568	+	82	194811628	26804
chr3	194784824	194984824	harbor2	chr3	194814621	194814832	SINE/MIR	551	+	106	194814727	29903
chr3	194784824	194984824	harbor2	chr3	194838266	194838477	SINE/MIR	715	+	106	194838372	53548
chr3	194784824	194984824	harbor2	chr3	194846716	194846919	SINE/MIR	486	+	102	194846818	61994
chr3	194784824	194984824	harbor2	chr3	194847826	194848071	SINE/MIR	402	+	122	194847948	63124
chr3	194784824	194984824	harbor2	chr3	194858385	194858575	SINE/MIR	496	+	95	194858480	73656
chr3	194784824	194984824	harbor2	chr3	194868370	194868479	SINE/MIR	489	+	54	194868424	83600
chr3	185694572	185894572	harbor2	chr3	185734792	185734969	SINE/MIR	538	+	88	185734880	40308
chr3	185694572	185894572	harbor2	chr3	185758339	185758550	SINE/MIR	728	+	106	185758445	63873
chr3	185694572	185894572	harbor2	chr3	185774691	185774721	SINE/MIR	716	+	15	185774706	80134
chr3	185694572	185894572	harbor2	chr3	185775038	185775239	SINE/MIR	716	+	100	185775138	80566
chr3	185694572	185894572	harbor2	chr3	185793195	185793390	SINE/MIR	472	+	98	185793293	98721
chr3	191353355	191553355	harbor2	chr3	191357692	191357904	SINE/MIR	659	+	106	191357798	4443
chr3	191353355	191553355	harbor2	chr3	191358303	191358510	SINE/MIR	544	+	104	191358407	5052
chr3	191353355	191553355	harbor2	chr3	191360824	191361010	SINE/MIR	420	+	93	191360917	7562
chr3	191353355	191553355	harbor2	chr3	191363340	191363547	SINE/MIR	472	+	104	191363444	10089
chr3	191353355	191553355	harbor2	chr3	191388310	191388526	SINE/MIR	547	+	108	191388418	35063
chr3	191353355	191553355	harbor2	chr3	191421134	191421283	SINE/MIR	409	+	74	191421208	67853
chr3	191353355	191553355	harbor2	chr3	191438782	191438984	SINE/MIR	390	+	101	191438883	85528
chr3	183736683	183936683	harbor2	chr3	183791901	183792028	SINE/MIR	472	+	64	183791965	55282
chr3	183736683	183936683	harbor2	chr3	183832831	183832962	SINE/MIR	389	+	66	183832897	96214
chr3	179215299	179415299	harbor2	chr3	179221219	179221465	SINE/MIR	816	+	123	179221342	6043
chr3	179215299	179415299	harbor2	chr3	179248163	179248337	SINE/MIR	595	+	87	179248250	32951
chr3	115318936	115518936	harbor2	chr3	115330005	115330218	SINE/MIR	675	+	106	115330111	11175
chr3	115318936	115518936	harbor2	chr3	115340427	115340694	SINE/MIR	548	+	134	115340561	21625
chr3	115318936	115518936	harbor2	chr3	115382327	115382560	SINE/MIR	494	+	116	115382443	63507
chr3	115318936	115518936	harbor2	chr3	115394975	115395201	SINE/MIR	392	+	113	115395088	76152
chr3	115318936	115518936	harbor2	chr3	115402191	115402393	SINE/MIR	596	+	101	115402292	83356
chr3	115318936	115518936	harbor2	chr3	115408183	115408390	SINE/MIR	470	+	104	115408287	89351
chr3	115318936	115518936	harbor2	chr3	115416215	115416438	SINE/MIR	481	+	112	115416327	97391
chr3	193212525	193412525	harbor2	chr3	193214447	193214560	SINE/MIR	710	+	56	193214503	1978
chr3	193212525	193412525	harbor2	chr3	193215068	193215214	SINE/MIR	710	+	73	193215141	2616
chr3	193212525	193412525	harbor2	chr3	193243630	193243791	SINE/MIR	642	+	80	193243710	31185
chr3	173957326	174157326	harbor2	chr3	173970637	173970764	SINE/MIR	454	+	64	173970701	13375
chr3	173957326	174157326	harbor2	chr3	173972963	173973207	SINE/MIR	627	+	122	173973085	15759
chr3	173957326	174157326	harbor2	chr3	174005760	174005906	SINE/MIR	392	+	73	174005833	48507
chr3	173957326	174157326	harbor2	chr3	174011599	174011762	SINE/MIR	475	+	82	174011681	54355
chr3	173957326	174157326	harbor2	chr3	174014677	174014889	SINE/MIR	628	+	106	174014783	57457
chr3	173957326	174157326	harbor2	chr3	174053106	174053330	SINE/MIR	430	+	112	174053218	95892
chr3	177055350	177255350	harbor2	chr3	177079929	177080014	SINE/MIR	464	+	42	177079971	24621
chr3	177055350	177255350	harbor2	chr3	177116688	177116844	SINE/MIR	630	+	78	177116766	61416
chr3	140441782	140641782	harbor2	chr3	140456096	140456235	SINE/MIR	398	+	70	140456166	14384
chr3	140441782	140641782	harbor2	chr3	140460296	140460514	SINE/MIR	742	+	109	140460405	18623
chr3	140441782	140641782	harbor2	chr3	140460852	140461000	SINE/MIR	413	+	74	140460926	19144
chr3	140441782	140641782	harbor2	chr3	140488281	140488492	SINE/MIR	812	+	106	140488387	46605
chr3	140441782	140641782	harbor2	chr3	140501956	140502099	SINE/MIR	502	+	72	140502028	60246
chr3	140441782	140641782	harbor2	chr3	140536099	140536298	SINE/MIR	409	+	100	140536199	94417
chr3	197434790	197634790	harbor2	chr3	197457750	197457847	SINE/MIR	490	+	48	197457798	23008
chr3	197434790	197634790	harbor2	chr3	197458163	197458222	SINE/MIR	490	+	30	197458193	23403
chr3	197434790	197634790	harbor2	chr3	197466344	197466566	SINE/MIR	690	+	111	197466455	31665
chr3	197434790	197634790	harbor2	chr3	197482416	197482562	SINE/MIR	519	+	73	197482489	47699
chr3	197434790	197634790	harbor2	chr3	197496288	197496508	SINE/MIR	479	+	110	197496398	61608
chr3	197434790	197634790	harbor2	chr3	197499541	197499664	SINE/MIR	467	+	62	197499603	64813
chr3	197434790	197634790	harbor2	chr3	197501111	197501331	SINE/MIR	581	+	110	197501221	66431
chr3	197434790	197634790	harbor2	chr3	197507049	197507207	SINE/MIR	543	+	79	197507128	72338
chr3	197434790	197634790	harbor2	chr3	197492619	197492778	SINE/MIR	552	+	80	197492699	57909
chr3	197434790	197634790	harbor2	chr3	197508988	197509146	SINE/MIR	433	+	79	197509067	74277
chr3	196729397	196929397	harbor2	chr3	196743296	196743466	SINE/MIR	438	+	85	196743381	13984
chr3	196729397	196929397	harbor2	chr3	196814015	196814251	SINE/MIR	630	+	118	196814133	84736
chr3	196729397	196929397	harbor2	chr3	196818765	196818950	SINE/MIR	663	+	92	196818857	89460
chr3	153486213	153686213	harbor2	chr3	153574857	153575031	SINE/MIR	541	+	87	153574944	88731
chr3	141044228	141244228	harbor2	chr3	141052264	141052465	SINE/MIR	528	+	100	141052364	8136
chr3	141044228	141244228	harbor2	chr3	141065588	141065825	SINE/MIR	840	+	118	141065706	21478
chr3	141044228	141244228	harbor2	chr3	141073123	141073262	SINE/MIR	484	+	70	141073193	28965
chr3	141044228	141244228	harbor2	chr3	141074116	141074353	SINE/MIR	486	+	118	141074234	30006
chr3	141044228	141244228	harbor2	chr3	141075385	141075518	SINE/MIR	461	+	66	141075451	31223
chr3	141044228	141244228	harbor2	chr3	141080881	141081071	SINE/MIR	540	+	95	141080976	36748
chr3	141044228	141244228	harbor2	chr3	141081694	141081865	SINE/MIR	475	+	86	141081780	37552
chr3	141044228	141244228	harbor2	chr3	141086314	141086559	SINE/MIR	761	+	122	141086436	42208
chr3	141044228	141244228	harbor2	chr3	141092089	141092318	SINE/MIR	584	+	114	141092203	47975
chr3	141044228	141244228	harbor2	chr3	141101443	141101680	SINE/MIR	777	+	118	141101561	57333
chr3	141044228	141244228	harbor2	chr3	141111401	141111510	SINE/MIR	405	+	54	141111455	67227
chr3	141044228	141244228	harbor2	chr3	141112065	141112298	SINE/MIR	569	+	116	141112181	67953
chr3	141044228	141244228	harbor2	chr3	141116543	141116740	SINE/MIR	579	+	98	141116641	72413
chr3	156031316	156231316	harbor2	chr3	156084707	156084833	SINE/MIR	430	+	63	156084770	53454
chr3	156031316	156231316	harbor2	chr3	156085652	156085842	SINE/MIR	414	+	95	156085747	54431
chr3	156031316	156231316	harbor2	chr3	156092088	156092211	SINE/MIR	468	+	62	156092150	60834
chr3	156031316	156231316	harbor2	chr3	156101850	156101943	SINE/MIR	553	+	46	156101896	70580
chr3	156031316	156231316	harbor2	chr3	156102254	156102343	SINE/MIR	553	+	44	156102298	70982
chr3	156031316	156231316	harbor2	chr3	156103397	156103602	SINE/MIR	475	+	102	156103499	72183
chr3	156031316	156231316	harbor2	chr3	156126670	156126872	SINE/MIR	515	+	101	156126771	95455
chr3	156031316	156231316	harbor2	chr3	156129507	156129720	SINE/MIR	471	+	106	156129613	98297
chr3	156031316	156231316	harbor2	chr3	156129969	156130220	SINE/MIR	664	+	126	156130095	98779
chr3	75993788	76193788	harbor2	chr3	75999030	75999147	SINE/MIR	398	+	58	75999088	5300
chr3	75993788	76193788	harbor2	chr3	76067096	76067343	SINE/MIR	568	+	124	76067220	73432
chr3	80137271	80337271	harbor2	chr3	80235186	80235427	SINE/MIR	581	+	120	80235306	98035
chr3	138422083	138622083	harbor2	chr3	138446266	138446443	SINE/MIR	634	+	88	138446354	24271
chr3	176377798	176577798	harbor2	chr3	176377654	176377828	SINE/MIR	462	+	87	176377741	57
chr3	176377798	176577798	harbor2	chr3	176380726	176380863	SINE/MIR	668	+	68	176380794	2996
chr3	176377798	176577798	harbor2	chr3	176438512	176438713	SINE/MIR	544	+	100	176438612	60814
chr3	122991355	123191355	harbor2	chr3	122994720	122994874	SINE/MIR	564	+	77	122994797	3442
chr3	122991355	123191355	harbor2	chr3	122998311	122998527	SINE/MIR	613	+	108	122998419	7064
chr3	122991355	123191355	harbor2	chr3	123005885	123006125	SINE/MIR	482	+	120	123006005	14650
chr3	122991355	123191355	harbor2	chr3	123010217	123010452	SINE/MIR	616	+	118	123010335	18980
chr3	122991355	123191355	harbor2	chr3	123012039	123012249	SINE/MIR	563	+	105	123012144	20789
chr3	122991355	123191355	harbor2	chr3	123019200	123019313	SINE/MIR	588	+	56	123019256	27901
chr3	122991355	123191355	harbor2	chr3	123019596	123019699	SINE/MIR	588	+	52	123019648	28293
chr3	122991355	123191355	harbor2	chr3	123028393	123028459	SINE/MIR	395	+	33	123028426	37071
chr3	122991355	123191355	harbor2	chr3	123031418	123031602	SINE/MIR	476	+	92	123031510	40155
chr3	122991355	123191355	harbor2	chr3	123036709	123036954	SINE/MIR	956	+	122	123036831	45476
chr3	122991355	123191355	harbor2	chr3	123040920	123041158	SINE/MIR	579	+	119	123041039	49684
chr3	122991355	123191355	harbor2	chr3	123066692	123066858	SINE/MIR	432	+	83	123066775	75420
chr3	122991355	123191355	harbor2	chr3	123067783	123067965	SINE/MIR	464	+	91	123067874	76519
chr3	122991355	123191355	harbor2	chr3	123072200	123072396	SINE/MIR	567	+	98	123072298	80943
chr3	122991355	123191355	harbor2	chr3	123076252	123076347	SINE/MIR	391	+	48	123076300	84945
chr3	122991355	123191355	harbor2	chr3	123077149	123077352	SINE/MIR	849	+	102	123077251	85896
chr3	122991355	123191355	harbor2	chr3	123082267	123082474	SINE/MIR	742	+	104	123082371	91016
chr3	108963622	109163622	harbor2	chr3	108967879	108968085	SINE/MIR	466	+	103	108967982	4360
chr3	108963622	109163622	harbor2	chr3	108975522	108975764	SINE/MIR	1163	+	121	108975643	12021
chr3	108963622	109163622	harbor2	chr3	109019554	109019769	SINE/MIR	618	+	108	109019662	56040
chr3	108963622	109163622	harbor2	chr3	109058152	109058378	SINE/MIR	407	+	113	109058265	94643
chr3	184217654	184417654	harbor2	chr3	184237817	184237988	SINE/MIR	447	+	86	184237903	20249
chr3	184217654	184417654	harbor2	chr3	184243048	184243371	SINE/MIR	564	+	162	184243210	25556
chr3	184217654	184417654	harbor2	chr3	184251733	184251947	SINE/MIR	450	+	107	184251840	34186
chr3	184217654	184417654	harbor2	chr3	184253516	184253668	SINE/MIR	689	+	76	184253592	35938
chr3	184217654	184417654	harbor2	chr3	184253970	184254069	SINE/MIR	689	+	50	184254020	36366
chr3	184217654	184417654	harbor2	chr3	184268985	184269216	SINE/MIR	697	+	116	184269101	51447
chr3	184217654	184417654	harbor2	chr3	184272789	184272959	SINE/MIR	593	+	85	184272874	55220
chr3	184217654	184417654	harbor2	chr3	184280192	184280344	SINE/MIR	438	+	76	184280268	62614
chr3	184217654	184417654	harbor2	chr3	184282678	184282895	SINE/MIR	401	+	108	184282786	65132
chr3	184217654	184417654	harbor2	chr3	184285687	184285910	SINE/MIR	745	+	112	184285799	68145
chr3	184217654	184417654	harbor2	chr3	184289897	184290126	SINE/MIR	562	+	114	184290011	72357
chr3	184217654	184417654	harbor2	chr3	184295143	184295327	SINE/MIR	414	+	92	184295235	77581
chr3	184217654	184417654	harbor2	chr3	184305068	184305223	SINE/MIR	675	+	78	184305146	87492
chr3	184217654	184417654	harbor2	chr3	184305506	184305634	SINE/MIR	675	+	64	184305570	87916
chr3	192575339	192775339	harbor2	chr3	192586292	192586492	SINE/MIR	538	+	100	192586392	11053
chr3	192575339	192775339	harbor2	chr3	192599296	192599517	SINE/MIR	522	+	110	192599406	24067
chr3	192575339	192775339	harbor2	chr3	192621404	192621602	SINE/MIR	444	+	99	192621503	46164
chr3	153547307	153747307	harbor2	chr3	153574857	153575031	SINE/MIR	541	+	87	153574944	27637
chr3	153547307	153747307	harbor2	chr3	153604673	153604801	SINE/MIR	443	+	64	153604737	57430
chr3	153547307	153747307	harbor2	chr3	153630975	153631199	SINE/MIR	601	+	112	153631087	83780
chr3	153547307	153747307	harbor2	chr3	153633621	153633813	SINE/MIR	501	+	96	153633717	86410
chr3	161595064	161795064	harbor2	chr3	161621492	161621677	SINE/MIR	447	+	92	161621584	26520
chr3	161595064	161795064	harbor2	chr3	161659427	161659604	SINE/MIR	663	+	88	161659515	64451
chr3	161595064	161795064	harbor2	chr3	161659677	161659856	SINE/MIR	565	+	90	161659767	64703
chr3	158946320	159146320	harbor2	chr3	158949290	158949473	SINE/MIR	510	+	92	158949382	3062
chr3	158946320	159146320	harbor2	chr3	158985459	158985577	SINE/MIR	487	+	59	158985518	39198
chr3	158946320	159146320	harbor2	chr3	158998455	158998584	SINE/MIR	576	+	64	158998519	52199
chr3	172633074	172833074	harbor2	chr3	172654162	172654402	SINE/MIR	735	+	120	172654282	21208
chr3	172633074	172833074	harbor2	chr3	172695460	172695649	SINE/MIR	629	+	94	172695554	62480
chr3	172633074	172833074	harbor2	chr3	172702100	172702306	SINE/MIR	486	+	103	172702203	69129
chr3	88682413	88882413	harbor2	chr3	88737733	88737898	SINE/MIR	541	+	82	88737815	55402
chr3	88682413	88882413	harbor2	chr3	88742942	88743084	SINE/MIR	637	+	71	88743013	60600
chr3	121697415	121897415	harbor2	chr3	121744851	121745064	SINE/MIR	426	+	106	121744957	47542
chr3	121697415	121897415	harbor2	chr3	121763635	121763793	SINE/MIR	509	+	79	121763714	66299
chr3	147777992	147977992	harbor2	chr3	147779295	147779376	SINE/MIR	462	+	40	147779335	1343
chr3	147777992	147977992	harbor2	chr3	147779690	147779765	SINE/MIR	462	+	38	147779728	1736
chr3	147777992	147977992	harbor2	chr3	147844608	147844780	SINE/MIR	513	+	86	147844694	66702
chr3	147777992	147977992	harbor2	chr3	147871049	147871213	SINE/MIR	485	+	82	147871131	93139
chr3	146673254	146873254	harbor2	chr3	146683621	146683860	SINE/MIR	418	+	120	146683741	10487
chr3	189765879	189965879	harbor2	chr3	189765749	189765933	SINE/MIR	438	+	92	189765841	38
chr3	189765879	189965879	harbor2	chr3	189768971	189769163	SINE/MIR	675	+	96	189769067	3188
chr3	189765879	189965879	harbor2	chr3	189779642	189779829	SINE/MIR	520	+	94	189779736	13857
chr3	189765879	189965879	harbor2	chr3	189784457	189784609	SINE/MIR	403	+	76	189784533	18654
chr3	189765879	189965879	harbor2	chr3	189800603	189800815	SINE/MIR	610	+	106	189800709	34830
chr3	189765879	189965879	harbor2	chr3	189811070	189811282	SINE/MIR	392	+	106	189811176	45297
chr3	189765879	189965879	harbor2	chr3	189821977	189822198	SINE/MIR	537	+	110	189822087	56208
chr3	189765879	189965879	harbor2	chr3	189823645	189823823	SINE/MIR	655	+	89	189823734	57855
chr3	189765879	189965879	harbor2	chr3	189826932	189827113	SINE/MIR	399	+	90	189827022	61143
chr3	189765879	189965879	harbor2	chr3	189839869	189840098	SINE/MIR	583	+	114	189839983	74104
chr3	189765879	189965879	harbor2	chr3	189841168	189841377	SINE/MIR	419	+	104	189841272	75393
chr3	197960514	198160514	harbor2	chr3	197989608	197989723	SINE/MIR	510	+	58	197989666	29152
chr3	197960514	198160514	harbor2	chr3	198021659	198021861	SINE/MIR	636	+	101	198021760	61246
chr3	169725217	169925217	harbor2	chr3	169762548	169762688	SINE/MIR	399	+	70	169762618	37401
chr3	169725217	169925217	harbor2	chr3	169775455	169775580	SINE/MIR	392	+	62	169775517	50300
chr3	169725217	169925217	harbor2	chr3	169776350	169776536	SINE/MIR	531	+	93	169776443	51226
chr3	169725217	169925217	harbor2	chr3	169797749	169797948	SINE/MIR	482	+	100	169797849	72632
chr3	190773709	190973709	harbor2	chr3	190825428	190825676	SINE/MIR	614	+	124	190825552	51843
chr3	197488270	197688270	harbor2	chr3	197496288	197496508	SINE/MIR	479	+	110	197496398	8128
chr3	197488270	197688270	harbor2	chr3	197499541	197499664	SINE/MIR	467	+	62	197499603	11333
chr3	197488270	197688270	harbor2	chr3	197501111	197501331	SINE/MIR	581	+	110	197501221	12951
chr3	197488270	197688270	harbor2	chr3	197507049	197507207	SINE/MIR	543	+	79	197507128	18858
chr3	197488270	197688270	harbor2	chr3	197492619	197492778	SINE/MIR	552	+	80	197492699	4429
chr3	197488270	197688270	harbor2	chr3	197508988	197509146	SINE/MIR	433	+	79	197509067	20797
chr3	149425678	149625678	harbor2	chr3	149441385	149441657	SINE/MIR	475	+	136	149441521	15843
chr3	149425678	149625678	harbor2	chr3	149447679	149447925	SINE/MIR	824	+	123	149447802	22124
chr3	149425678	149625678	harbor2	chr3	149450402	149450547	SINE/MIR	485	+	72	149450474	24796
chr3	149425678	149625678	harbor2	chr3	149460674	149460911	SINE/MIR	545	+	118	149460792	35114
chr3	149425678	149625678	harbor2	chr3	149467474	149467671	SINE/MIR	408	+	98	149467572	41894
chr3	149425678	149625678	harbor2	chr3	149467871	149468045	SINE/MIR	580	+	87	149467958	42280
chr3	149425678	149625678	harbor2	chr3	149498392	149498556	SINE/MIR	577	+	82	149498474	72796
chr3	149425678	149625678	harbor2	chr3	149509846	149510011	SINE/MIR	398	+	82	149509928	84250
chr3	56676733	56876733	harbor2	chr3	56680138	56680359	SINE/MIR	706	+	110	56680248	3515
chr3	56676733	56876733	harbor2	chr3	56730908	56731098	SINE/MIR	718	+	95	56731003	54270
chr3	56676733	56876733	harbor2	chr3	56743387	56743576	SINE/MIR	577	+	94	56743481	66748
chr3	56676733	56876733	harbor2	chr3	56763072	56763289	SINE/MIR	701	+	108	56763180	86447
chr3	56676733	56876733	harbor2	chr3	56764526	56764715	SINE/MIR	450	+	94	56764620	87887
chr3	149106754	149306754	harbor2	chr3	149136486	149136744	SINE/MIR	655	+	129	149136615	29861
chr3	149106754	149306754	harbor2	chr3	149140698	149140931	SINE/MIR	631	+	116	149140814	34060
chr3	149106754	149306754	harbor2	chr3	149183775	149183963	SINE/MIR	439	+	94	149183869	77115
chr3	170681530	170881530	harbor2	chr3	170713481	170713724	SINE/MIR	756	+	122	170713603	32073
chr3	170681530	170881530	harbor2	chr3	170714707	170714914	SINE/MIR	440	+	104	170714811	33281
chr3	170681530	170881530	harbor2	chr3	170718315	170718516	SINE/MIR	419	+	100	170718415	36885
chr3	170681530	170881530	harbor2	chr3	170724778	170724962	SINE/MIR	432	+	92	170724870	43340
chr3	170681530	170881530	harbor2	chr3	170731465	170731593	SINE/MIR	422	+	64	170731529	49999
chr3	170681530	170881530	harbor2	chr3	170764199	170764340	SINE/MIR	450	+	70	170764269	82739
chr3	78311001	78511001	harbor2	chr3	78319691	78319952	SINE/MIR	478	+	130	78319821	8820
chr3	78311001	78511001	harbor2	chr3	78332179	78332349	SINE/MIR	655	+	85	78332264	21263
chr3	78311001	78511001	harbor2	chr3	78372701	78372941	SINE/MIR	888	+	120	78372821	61820
chr3	78311001	78511001	harbor2	chr3	78377378	78377603	SINE/MIR	542	+	112	78377490	66489
chr3	166610478	166810478	harbor2	chr3	166668190	166668396	SINE/MIR	543	+	103	166668293	57815
chr3	112209896	112409896	harbor2	chr3	112218888	112219119	SINE/MIR	734	+	116	112219004	9108
chr3	146856426	147056426	harbor2	chr3	146863979	146864133	SINE/MIR	609	+	77	146864056	7630
chr3	146856426	147056426	harbor2	chr3	146912922	146913079	SINE/MIR	491	+	78	146913000	56574
chr4	179410745	179610745	harbor2	chr4	179414772	179414983	SINE/MIR	464	+	106	179414878	4133
chr4	179410745	179610745	harbor2	chr4	179425439	179425638	SINE/MIR	559	+	100	179425539	14794
chr4	179410745	179610745	harbor2	chr4	179471584	179471786	SINE/MIR	449	+	101	179471685	60940
chr4	179410745	179610745	harbor2	chr4	179471818	179472042	SINE/MIR	636	+	112	179471930	61185
chr4	57528894	57728894	harbor2	chr4	57540655	57540812	SINE/MIR	597	+	78	57540733	11839
chr4	57528894	57728894	harbor2	chr4	57549823	57549987	SINE/MIR	454	+	82	57549905	21011
chr4	57528894	57728894	harbor2	chr4	57572915	57573054	SINE/MIR	509	+	70	57572985	44091
chr4	57528894	57728894	harbor2	chr4	57581423	57581650	SINE/MIR	847	+	114	57581537	52643
chr4	57528894	57728894	harbor2	chr4	57597153	57597357	SINE/MIR	460	+	102	57597255	68361
chr4	57528894	57728894	harbor2	chr4	57613823	57614052	SINE/MIR	713	+	114	57613937	85043
chr4	185854361	186054361	harbor2	chr4	185856195	185856434	SINE/MIR	430	+	120	185856315	1954
chr4	185854361	186054361	harbor2	chr4	185902882	185903118	SINE/MIR	455	+	118	185903000	48639
chr4	185854361	186054361	harbor2	chr4	185919353	185919564	SINE/MIR	483	+	106	185919459	65098
chr4	185854361	186054361	harbor2	chr4	185922984	185923167	SINE/MIR	476	+	92	185923076	68715
chr4	185854361	186054361	harbor2	chr4	185929846	185930079	SINE/MIR	466	+	116	185929962	75601
chr4	185854361	186054361	harbor2	chr4	185947454	185947600	SINE/MIR	504	+	73	185947527	93166
chr4	185854361	186054361	harbor2	chr4	185947911	185948000	SINE/MIR	504	+	44	185947955	93594
chr4	121875958	122075958	harbor2	chr4	121901394	121901609	SINE/MIR	563	+	108	121901502	25544
chr4	121875958	122075958	harbor2	chr4	121928912	121929104	SINE/MIR	605	+	96	121929008	53050
chr4	121875958	122075958	harbor2	chr4	121955671	121955915	SINE/MIR	861	+	122	121955793	79835
chr4	121875958	122075958	harbor2	chr4	121962847	121963040	SINE/MIR	614	+	96	121962943	86985
chr4	151867175	152067175	harbor2	chr4	151875651	151875855	SINE/MIR	620	+	102	151875753	8578
chr4	151867175	152067175	harbor2	chr4	151888777	151888982	SINE/MIR	703	+	102	151888879	21704
chr4	151867175	152067175	harbor2	chr4	151907550	151907741	SINE/MIR	417	+	96	151907646	40471
chr4	151867175	152067175	harbor2	chr4	151958870	151959049	SINE/MIR	547	+	90	151958960	91785
chr4	161905581	162105581	harbor2	chr4	161920894	161921134	SINE/MIR	717	+	120	161921014	15433
chr4	161905581	162105581	harbor2	chr4	161921690	161921889	SINE/MIR	543	+	100	161921790	16209
chr4	161905581	162105581	harbor2	chr4	161934522	161934763	SINE/MIR	550	+	120	161934642	29061
chr4	119055749	119255749	harbor2	chr4	119094448	119094604	SINE/MIR	560	+	78	119094526	38777
chr4	119055749	119255749	harbor2	chr4	119104020	119104216	SINE/MIR	469	+	98	119104118	48369
chr4	119055749	119255749	harbor2	chr4	119106920	119107142	SINE/MIR	468	+	111	119107031	51282
chr4	119055749	119255749	harbor2	chr4	119110028	119110142	SINE/MIR	439	+	57	119110085	54336
chr4	119055749	119255749	harbor2	chr4	119112538	119112749	SINE/MIR	541	+	106	119112644	56895
chr4	119055749	119255749	harbor2	chr4	119112891	119113111	SINE/MIR	434	+	110	119113001	57252
chr4	119055749	119255749	harbor2	chr4	119122543	119122764	SINE/MIR	653	+	110	119122653	66904
chr4	119055749	119255749	harbor2	chr4	119131166	119131330	SINE/MIR	467	+	82	119131248	75499
chr4	109287094	109487094	harbor2	chr4	109298029	109298184	SINE/MIR	570	+	78	109298107	11013
chr4	109287094	109487094	harbor2	chr4	109308180	109308403	SINE/MIR	647	+	112	109308292	21198
chr4	109287094	109487094	harbor2	chr4	109348430	109348618	SINE/MIR	422	+	94	109348524	61430
chr4	109287094	109487094	harbor2	chr4	109355758	109356011	SINE/MIR	881	+	126	109355884	68790
chr4	109287094	109487094	harbor2	chr4	109362677	109362919	SINE/MIR	712	+	121	109362798	75704
chr4	109287094	109487094	harbor2	chr4	109364458	109364548	SINE/MIR	474	+	45	109364503	77409
chr4	109287094	109487094	harbor2	chr4	109364842	109364977	SINE/MIR	474	+	68	109364910	77816
chr4	109287094	109487094	harbor2	chr4	109376979	109377166	SINE/MIR	493	+	94	109377073	89979
chr4	184766898	184966898	harbor2	chr4	184783422	184783568	SINE/MIR	425	+	73	184783495	16597
chr4	184766898	184966898	harbor2	chr4	184804267	184804298	SINE/MIR	492	+	16	184804283	37385
chr4	184766898	184966898	harbor2	chr4	184804603	184804822	SINE/MIR	492	+	110	184804713	37815
chr4	184766898	184966898	harbor2	chr4	184820935	184821125	SINE/MIR	606	+	95	184821030	54132
chr4	184766898	184966898	harbor2	chr4	184835375	184835497	SINE/MIR	452	+	61	184835436	68538
chr4	184766898	184966898	harbor2	chr4	184845400	184845620	SINE/MIR	489	+	110	184845510	78612
chr4	184766898	184966898	harbor2	chr4	184850124	184850329	SINE/MIR	437	+	102	184850226	83328
chr4	187310816	187510816	harbor2	chr4	187388580	187388811	SINE/MIR	434	+	116	187388696	77880
chr4	174823700	175023700	harbor2	chr4	174880206	174880377	SINE/MIR	434	+	86	174880292	56592
chr4	165172284	165372284	harbor2	chr4	165192874	165193047	SINE/MIR	724	+	86	165192960	20676
chr4	165172284	165372284	harbor2	chr4	165193527	165193616	SINE/MIR	724	+	44	165193571	21287
chr4	165172284	165372284	harbor2	chr4	165219213	165219427	SINE/MIR	577	+	107	165219320	47036
chr4	165172284	165372284	harbor2	chr4	165226817	165226998	SINE/MIR	541	+	90	165226907	54623
chr4	165172284	165372284	harbor2	chr4	165230292	165230483	SINE/MIR	676	+	96	165230388	58104
chr4	165172284	165372284	harbor2	chr4	165259504	165259659	SINE/MIR	424	+	78	165259582	87298
chr4	152082577	152282577	harbor2	chr4	152085209	152085428	SINE/MIR	565	+	110	152085319	2742
chr4	152082577	152282577	harbor2	chr4	152110021	152110239	SINE/MIR	521	+	109	152110130	27553
chr4	152082577	152282577	harbor2	chr4	152138018	152138254	SINE/MIR	604	+	118	152138136	55559
chr4	141789647	141989647	harbor2	chr4	141794713	141794895	SINE/MIR	531	+	91	141794804	5157
chr4	141789647	141989647	harbor2	chr4	141795522	141795719	SINE/MIR	593	+	98	141795620	5973
chr4	141789647	141989647	harbor2	chr4	141826550	141826700	SINE/MIR	570	+	75	141826625	36978
chr4	141789647	141989647	harbor2	chr4	141884817	141884983	SINE/MIR	480	+	83	141884900	95253
chr4	185453674	185653674	harbor2	chr4	185470602	185470816	SINE/MIR	754	+	107	185470709	17035
chr4	185453674	185653674	harbor2	chr4	185482755	185482960	SINE/MIR	944	+	102	185482857	29183
chr4	185453674	185653674	harbor2	chr4	185505937	185506149	SINE/MIR	531	+	106	185506043	52369
chr4	185453674	185653674	harbor2	chr4	185532992	185533208	SINE/MIR	568	+	108	185533100	79426
chr4	185453674	185653674	harbor2	chr4	185538217	185538451	SINE/MIR	591	+	117	185538334	84660
chr4	185453674	185653674	harbor2	chr4	185552846	185553056	SINE/MIR	509	+	105	185552951	99277
chr4	58027995	58227995	harbor2	chr4	58063966	58064181	SINE/MIR	576	+	108	58064074	36079
chr4	58027995	58227995	harbor2	chr4	58125780	58125933	SINE/MIR	525	+	76	58125856	97861
chr4	179089414	179289414	harbor2	chr4	179137024	179137208	SINE/MIR	632	+	92	179137116	47702
chr4	179089414	179289414	harbor2	chr4	179164696	179164912	SINE/MIR	453	+	108	179164804	75390
chr4	154344083	154544083	harbor2	chr4	154347324	154347563	SINE/MIR	515	+	120	154347444	3361
chr4	154344083	154544083	harbor2	chr4	154348878	154349048	SINE/MIR	437	+	85	154348963	4880
chr4	154344083	154544083	harbor2	chr4	154360002	154360207	SINE/MIR	432	+	102	154360104	16021
chr4	154344083	154544083	harbor2	chr4	154429798	154430026	SINE/MIR	703	+	114	154429912	85829
chr4	177039932	177239932	harbor2	chr4	177046471	177046644	SINE/MIR	477	+	86	177046557	6625
chr4	177039932	177239932	harbor2	chr4	177079641	177079774	SINE/MIR	548	+	66	177079707	39775
chr4	177039932	177239932	harbor2	chr4	177116795	177116994	SINE/MIR	642	+	100	177116895	76963
chr4	177039932	177239932	harbor2	chr4	177061713	177061955	SINE/MIR	465	+	121	177061834	21902
chr4	133138494	133338494	harbor2	chr4	133176224	133176445	SINE/MIR	553	+	110	133176334	37840
chr4	168612068	168812068	harbor2	chr4	168617567	168617813	SINE/MIR	423	+	123	168617690	5622
chr4	168612068	168812068	harbor2	chr4	168645136	168645337	SINE/MIR	554	+	100	168645236	33168
chr4	168612068	168812068	harbor2	chr4	168645454	168645707	SINE/MIR	646	+	126	168645580	33512
chr4	168612068	168812068	harbor2	chr4	168678121	168678364	SINE/MIR	505	+	122	168678243	66175
chr4	168612068	168812068	harbor2	chr4	168684387	168684624	SINE/MIR	893	+	118	168684505	72437
chr4	168612068	168812068	harbor2	chr4	168708023	168708266	SINE/MIR	805	+	122	168708145	96077
chr4	187333683	187533683	harbor2	chr4	187388580	187388811	SINE/MIR	434	+	116	187388696	55013
chr4	187333683	187533683	harbor2	chr4	187429573	187429820	SINE/MIR	557	+	124	187429697	96014
chr4	137402808	137602808	harbor2	chr4	137453730	137453937	SINE/MIR	510	+	104	137453834	51026
chr4	33356515	33556515	harbor2	chr4	33431588	33431804	SINE/MIR	430	+	108	33431696	75181
chr4	153043869	153243869	harbor2	chr4	153045899	153046053	SINE/MIR	484	+	77	153045976	2107
chr4	153043869	153243869	harbor2	chr4	153085505	153085729	SINE/MIR	590	+	112	153085617	41748
chr4	153043869	153243869	harbor2	chr4	153091377	153091514	SINE/MIR	465	+	68	153091445	47576
chr4	153043869	153243869	harbor2	chr4	153129084	153129255	SINE/MIR	438	+	86	153129170	85301
chr4	153043869	153243869	harbor2	chr4	153138845	153139054	SINE/MIR	451	+	104	153138949	95080
chr4	109647825	109847825	harbor2	chr4	109716314	109716475	SINE/MIR	461	+	80	109716394	68569
chr4	188424485	188624485	harbor2	chr4	188466316	188466474	SINE/MIR	486	+	79	188466395	41910
chr4	140506263	140706263	harbor2	chr4	140548629	140548810	SINE/MIR	478	+	90	140548719	42456
chr4	140506263	140706263	harbor2	chr4	140566887	140567111	SINE/MIR	889	+	112	140566999	60736
chr4	140506263	140706263	harbor2	chr4	140575026	140575283	SINE/MIR	569	+	128	140575154	68891
chr4	140506263	140706263	harbor2	chr4	140587594	140587835	SINE/MIR	609	+	120	140587714	81451
chr4	122072547	122272547	harbor2	chr4	122151623	122151786	SINE/MIR	448	+	82	122151705	79158
chr4	124972812	125172812	harbor2	chr4	124979354	124979517	SINE/MIR	635	+	82	124979436	6624
chr4	178886762	179086762	harbor2	chr4	178980998	178981162	SINE/MIR	416	+	82	178981080	94318
chr4	178886762	179086762	harbor2	chr4	178981222	178981443	SINE/MIR	417	+	110	178981332	94570
chr4	154671835	154871835	harbor2	chr4	154685592	154685756	SINE/MIR	494	+	82	154685674	13839
chr4	154671835	154871835	harbor2	chr4	154740058	154740288	SINE/MIR	587	+	115	154740173	68338
chr4	154671835	154871835	harbor2	chr4	154765851	154766000	SINE/MIR	632	+	74	154765925	94090
chr4	154671835	154871835	harbor2	chr4	154767833	154768091	SINE/MIR	955	+	129	154767962	96127
chr4	130299544	130499544	harbor2	chr4	130352581	130352730	SINE/MIR	484	+	74	130352655	53111
chr4	130299544	130499544	harbor2	chr4	130353646	130353846	SINE/MIR	774	+	100	130353746	54202
chr4	130299544	130499544	harbor2	chr4	130368354	130368585	SINE/MIR	586	+	116	130368470	68926
chr4	130299544	130499544	harbor2	chr4	130379800	130380023	SINE/MIR	524	+	112	130379912	80368
chr4	180151781	180351781	harbor2	chr4	180232119	180232380	SINE/MIR	631	+	130	180232249	80468
chr4	180151781	180351781	harbor2	chr4	180158359	180158590	SINE/MIR	632	+	116	180158475	6694
chr4	189291574	189491574	harbor2	chr4	189359103	189359345	SINE/MIR	798	+	121	189359224	67650
chr4	189291574	189491574	harbor2	chr4	189362052	189362291	SINE/MIR	473	+	120	189362172	70598
chr4	177051446	177251446	harbor2	chr4	177079641	177079774	SINE/MIR	548	+	66	177079707	28261
chr4	177051446	177251446	harbor2	chr4	177116795	177116994	SINE/MIR	642	+	100	177116895	65449
chr4	177051446	177251446	harbor2	chr4	177061713	177061955	SINE/MIR	465	+	121	177061834	10388
chr4	184244382	184444382	harbor2	chr4	184316806	184317025	SINE/MIR	465	+	110	184316916	72534
chr4	134128954	134328954	harbor2	chr4	134222894	134223020	SINE/MIR	420	+	63	134222957	94003
chr4	141559591	141759591	harbor2	chr4	141608289	141608525	SINE/MIR	667	+	118	141608407	48816
chr4	141559591	141759591	harbor2	chr4	141633485	141633693	SINE/MIR	796	+	104	141633589	73998
chr4	161542686	161742686	harbor2	chr4	161608004	161608192	SINE/MIR	454	+	94	161608098	65412
chr4	161542686	161742686	harbor2	chr4	161628004	161628230	SINE/MIR	441	+	113	161628117	85431
chr4	88944871	89144871	harbor2	chr4	88966950	88967191	SINE/MIR	783	+	120	88967070	22199
chr4	88944871	89144871	harbor2	chr4	88979423	88979665	SINE/MIR	1034	+	121	88979544	34673
chr4	88944871	89144871	harbor2	chr4	89031357	89031597	SINE/MIR	928	+	120	89031477	86606
chr4	101613330	101813330	harbor2	chr4	101665093	101665278	SINE/MIR	544	+	92	101665185	51855
chr4	63396685	63596685	harbor2	chr4	63481232	63481433	SINE/MIR	478	+	100	63481332	84647
chr4	104273120	104473120	harbor2	chr4	104329318	104329390	SINE/MIR	746	+	36	104329354	56234
chr4	104273120	104473120	harbor2	chr4	104329812	104330002	SINE/MIR	746	+	95	104329907	56787
chr4	53120112	53320112	harbor2	chr4	53122614	53122836	SINE/MIR	723	+	111	53122725	2613
chr4	53120112	53320112	harbor2	chr4	53150590	53150729	SINE/MIR	671	+	70	53150660	30548
chr4	53120112	53320112	harbor2	chr4	53192624	53192785	SINE/MIR	497	+	80	53192704	72592
chr4	101155520	101355520	harbor2	chr4	101189503	101189688	SINE/MIR	636	+	92	101189595	34075
chr4	101155520	101355520	harbor2	chr4	101197422	101197618	SINE/MIR	547	+	98	101197520	42000
chr4	101155520	101355520	harbor2	chr4	101211906	101212068	SINE/MIR	415	+	81	101211987	56467
chr4	101155520	101355520	harbor2	chr4	101214192	101214417	SINE/MIR	746	+	112	101214304	58784
chr4	101155520	101355520	harbor2	chr4	101250239	101250421	SINE/MIR	454	+	91	101250330	94810
chr4	164512770	164712770	harbor2	chr4	164562599	164562824	SINE/MIR	496	+	112	164562711	49941
chr4	63650230	63850230	harbor2	chr4	63711985	63712161	SINE/MIR	481	+	88	63712073	61843
chr4	95534468	95734468	harbor2	chr4	95550467	95550615	SINE/MIR	469	+	74	95550541	16073
chr4	95534468	95734468	harbor2	chr4	95550803	95551009	SINE/MIR	504	+	103	95550906	16438
chr4	95534468	95734468	harbor2	chr4	95559412	95559673	SINE/MIR	539	+	130	95559542	25074
chr4	95534468	95734468	harbor2	chr4	95601023	95601196	SINE/MIR	417	+	86	95601109	66641
chr4	95534468	95734468	harbor2	chr4	95614331	95614551	SINE/MIR	508	+	110	95614441	79973
chr4	70954344	71154344	harbor2	chr4	71053260	71053433	SINE/MIR	476	+	86	71053346	99002
chr4	156590058	156790058	harbor2	chr4	156591595	156591846	SINE/MIR	556	+	126	156591721	1663
chr4	156590058	156790058	harbor2	chr4	156595265	156595495	SINE/MIR	593	+	115	156595380	5322
chr4	156590058	156790058	harbor2	chr4	156660928	156661166	SINE/MIR	484	+	119	156661047	70989
chr4	152967717	153167717	harbor2	chr4	152990244	152990422	SINE/MIR	462	+	89	152990333	22616
chr4	152967717	153167717	harbor2	chr4	153025509	153025564	SINE/MIR	474	+	28	153025537	57820
chr4	152967717	153167717	harbor2	chr4	153025810	153025912	SINE/MIR	474	+	51	153025861	58144
chr4	152967717	153167717	harbor2	chr4	153045899	153046053	SINE/MIR	484	+	77	153045976	78259
chr5	181073602	181273602	harbor2	chr5	181119077	181119240	SINE/MIR	427	+	82	181119159	45557
chr5	176921320	177121320	harbor2	chr5	176930380	176930587	SINE/MIR	537	+	104	176930484	9164
chr5	176921320	177121320	harbor2	chr5	176958285	176958506	SINE/MIR	493	+	110	176958395	37075
chr5	176921320	177121320	harbor2	chr5	177019152	177019348	SINE/MIR	424	+	98	177019250	97930
chr5	82401398	82601398	harbor2	chr5	82407218	82407406	SINE/MIR	864	+	94	82407312	5914
chr5	82401398	82601398	harbor2	chr5	82411723	82411860	SINE/MIR	424	+	68	82411791	10393
chr5	82401398	82601398	harbor2	chr5	82414402	82414605	SINE/MIR	557	+	102	82414504	13106
chr5	82401398	82601398	harbor2	chr5	82447317	82447498	SINE/MIR	505	+	90	82447407	46009
chr5	82401398	82601398	harbor2	chr5	82447555	82447790	SINE/MIR	926	+	118	82447673	46275
chr5	82401398	82601398	harbor2	chr5	82448861	82449023	SINE/MIR	422	+	81	82448942	47544
chr5	82401398	82601398	harbor2	chr5	82457994	82458183	SINE/MIR	596	+	94	82458088	56690
chr5	82401398	82601398	harbor2	chr5	82486073	82486182	SINE/MIR	563	+	54	82486127	84729
chr5	82401398	82601398	harbor2	chr5	82493369	82493619	SINE/MIR	695	+	125	82493494	92096
chr5	31458572	31658572	harbor2	chr5	31540071	31540220	SINE/MIR	502	+	74	31540145	81573
chr5	161766411	161966411	harbor2	chr5	161774344	161774510	SINE/MIR	402	+	83	161774427	8016
chr5	161766411	161966411	harbor2	chr5	161792113	161792328	SINE/MIR	437	+	108	161792221	25810
chr5	161766411	161966411	harbor2	chr5	161805570	161805742	SINE/MIR	429	+	86	161805656	39245
chr5	161766411	161966411	harbor2	chr5	161819012	161819253	SINE/MIR	784	+	120	161819132	52721
chr5	161766411	161966411	harbor2	chr5	161819429	161819619	SINE/MIR	691	+	95	161819524	53113
chr5	161766411	161966411	harbor2	chr5	161845240	161845492	SINE/MIR	687	+	126	161845366	78955
chr5	145988895	146188895	harbor2	chr5	145991158	145991413	SINE/MIR	695	+	128	145991286	2391
chr5	145988895	146188895	harbor2	chr5	145992394	145992477	SINE/MIR	568	+	42	145992436	3541
chr5	145988895	146188895	harbor2	chr5	145994748	145994902	SINE/MIR	568	+	77	145994825	5930
chr5	145988895	146188895	harbor2	chr5	145996763	145996990	SINE/MIR	693	+	114	145996877	7982
chr5	145988895	146188895	harbor2	chr5	146025754	146025917	SINE/MIR	400	+	82	146025836	36941
chr5	145988895	146188895	harbor2	chr5	146026695	146026945	SINE/MIR	503	+	125	146026820	37925
chr5	145988895	146188895	harbor2	chr5	146032983	146033232	SINE/MIR	558	+	124	146033107	44212
chr5	145988895	146188895	harbor2	chr5	146047198	146047411	SINE/MIR	415	+	106	146047304	58409
chr5	145988895	146188895	harbor2	chr5	146055235	146055449	SINE/MIR	451	+	107	146055342	66447
chr5	145988895	146188895	harbor2	chr5	146057400	146057562	SINE/MIR	427	+	81	146057481	68586
chr5	145988895	146188895	harbor2	chr5	146060495	146060725	SINE/MIR	645	+	115	146060610	71715
chr5	145988895	146188895	harbor2	chr5	146066306	146066486	SINE/MIR	532	+	90	146066396	77501
chr5	145988895	146188895	harbor2	chr5	146071656	146071922	SINE/MIR	487	+	133	146071789	82894
chr5	145988895	146188895	harbor2	chr5	146072093	146072263	SINE/MIR	584	+	85	146072178	83283
chr5	145988895	146188895	harbor2	chr5	146072774	146073006	SINE/MIR	648	+	116	146072890	83995
chr5	145988895	146188895	harbor2	chr5	146074833	146074987	SINE/MIR	465	+	77	146074910	86015
chr5	145988895	146188895	harbor2	chr5	146082159	146082311	SINE/MIR	665	+	76	146082235	93340
chr5	177002174	177202174	harbor2	chr5	177019152	177019348	SINE/MIR	424	+	98	177019250	17076
chr5	177002174	177202174	harbor2	chr5	177041441	177041638	SINE/MIR	537	+	98	177041539	39365
chr5	177002174	177202174	harbor2	chr5	177041941	177042156	SINE/MIR	646	+	108	177042049	39875
chr5	177002174	177202174	harbor2	chr5	177042415	177042551	SINE/MIR	523	+	68	177042483	40309
chr5	177002174	177202174	harbor2	chr5	177049643	177049826	SINE/MIR	742	+	92	177049735	47561
chr5	177002174	177202174	harbor2	chr5	177064207	177064397	SINE/MIR	533	+	95	177064302	62128
chr5	177002174	177202174	harbor2	chr5	177082436	177082626	SINE/MIR	540	+	95	177082531	80357
chr5	105934595	106134595	harbor2	chr5	105940449	105940658	SINE/MIR	534	+	104	105940553	5958
chr5	159589011	159789011	harbor2	chr5	159605208	159605447	SINE/MIR	586	+	120	159605328	16317
chr5	159589011	159789011	harbor2	chr5	159646242	159646445	SINE/MIR	668	+	102	159646344	57333
chr5	159589011	159789011	harbor2	chr5	159655732	159655944	SINE/MIR	676	+	106	159655838	66827
chr5	159589011	159789011	harbor2	chr5	159669745	159669931	SINE/MIR	602	+	93	159669838	80827
chr5	159589011	159789011	harbor2	chr5	159670235	159670300	SINE/MIR	602	+	32	159670267	81256
chr5	159589011	159789011	harbor2	chr5	159674870	159675118	SINE/MIR	549	+	124	159674994	85983
chr5	118836607	119036607	harbor2	chr5	118867462	118867585	SINE/MIR	457	+	62	118867524	30917
chr5	118836607	119036607	harbor2	chr5	118924747	118924988	SINE/MIR	553	+	120	118924867	88260
chr5	142828247	143028247	harbor2	chr5	142838469	142838670	SINE/MIR	493	+	100	142838569	10322
chr5	142828247	143028247	harbor2	chr5	142843813	142844028	SINE/MIR	552	+	108	142843921	15674
chr5	142828247	143028247	harbor2	chr5	142847039	142847240	SINE/MIR	694	+	100	142847139	18892
chr5	142828247	143028247	harbor2	chr5	142850485	142850710	SINE/MIR	458	+	112	142850597	22350
chr5	142828247	143028247	harbor2	chr5	142853511	142853700	SINE/MIR	395	+	94	142853605	25358
chr5	142828247	143028247	harbor2	chr5	142866280	142866492	SINE/MIR	723	+	106	142866386	38139
chr5	142828247	143028247	harbor2	chr5	142882107	142882332	SINE/MIR	782	+	112	142882219	53972
chr5	142828247	143028247	harbor2	chr5	142884222	142884359	SINE/MIR	469	+	68	142884290	56043
chr5	142828247	143028247	harbor2	chr5	142892306	142892596	SINE/MIR	531	+	145	142892451	64204
chr5	142828247	143028247	harbor2	chr5	142896705	142896954	SINE/MIR	1068	+	124	142896829	68582
chr5	142828247	143028247	harbor2	chr5	142901580	142901830	SINE/MIR	808	+	125	142901705	73458
chr5	142828247	143028247	harbor2	chr5	142914356	142914562	SINE/MIR	898	+	103	142914459	86212
chr5	142828247	143028247	harbor2	chr5	142924325	142924571	SINE/MIR	920	+	123	142924448	96201
chr5	177904189	178104189	harbor2	chr5	177926577	177926742	SINE/MIR	443	+	82	177926659	22470
chr5	177904189	178104189	harbor2	chr5	178000838	178000988	SINE/MIR	397	+	75	178000913	96724
chr5	167891917	168091917	harbor2	chr5	167901474	167901678	SINE/MIR	437	+	102	167901576	9659
chr5	167891917	168091917	harbor2	chr5	167913781	167913990	SINE/MIR	598	+	104	167913885	21968
chr5	167891917	168091917	harbor2	chr5	167915934	167916108	SINE/MIR	556	+	87	167916021	24104
chr5	167891917	168091917	harbor2	chr5	167933705	167933932	SINE/MIR	480	+	114	167933819	41902
chr5	167891917	168091917	harbor2	chr5	167945377	167945526	SINE/MIR	454	+	74	167945451	53534
chr5	167891917	168091917	harbor2	chr5	167946679	167946902	SINE/MIR	706	+	112	167946791	54874
chr5	167891917	168091917	harbor2	chr5	167991054	167991192	SINE/MIR	469	+	69	167991123	99206
chr5	159756297	159956297	harbor2	chr5	159772422	159772640	SINE/MIR	602	+	109	159772531	16234
chr5	159756297	159956297	harbor2	chr5	159786475	159786686	SINE/MIR	443	+	106	159786581	30284
chr5	159756297	159956297	harbor2	chr5	159790297	159790497	SINE/MIR	398	+	100	159790397	34100
chr5	159756297	159956297	harbor2	chr5	159792500	159792627	SINE/MIR	407	+	64	159792564	36267
chr5	159756297	159956297	harbor2	chr5	159817440	159817594	SINE/MIR	442	+	77	159817517	61220
chr5	159756297	159956297	harbor2	chr5	159848437	159848619	SINE/MIR	576	+	91	159848528	92231
chr5	159756297	159956297	harbor2	chr5	159848816	159849063	SINE/MIR	580	+	124	159848940	92643
chr5	159756297	159956297	harbor2	chr5	159849912	159850133	SINE/MIR	666	+	110	159850022	93725
chr5	159756297	159956297	harbor2	chr5	159851126	159851279	SINE/MIR	536	+	76	159851202	94905
chr5	159756297	159956297	harbor2	chr5	159855620	159855809	SINE/MIR	503	+	94	159855714	99417
chr5	180973011	181173011	harbor2	chr5	181042966	181043172	SINE/MIR	501	+	103	181043069	70058
chr5	163637416	163837416	harbor2	chr5	163656787	163657027	SINE/MIR	966	+	120	163656907	19491
chr5	163637416	163837416	harbor2	chr5	163661303	163661351	SINE/MIR	569	+	24	163661327	23911
chr5	163637416	163837416	harbor2	chr5	163661810	163661960	SINE/MIR	569	+	75	163661885	24469
chr5	163637416	163837416	harbor2	chr5	163662619	163662794	SINE/MIR	535	+	88	163662707	25291
chr5	163637416	163837416	harbor2	chr5	163703085	163703285	SINE/MIR	548	+	100	163703185	65769
chr5	126826315	127026315	harbor2	chr5	126826281	126826494	SINE/MIR	486	+	106	126826387	72
chr5	126826315	127026315	harbor2	chr5	126915828	126916085	SINE/MIR	629	+	128	126915956	89641
chr5	175697246	175897246	harbor2	chr5	175698321	175698565	SINE/MIR	502	+	122	175698443	1197
chr5	175697246	175897246	harbor2	chr5	175746104	175746236	SINE/MIR	488	+	66	175746170	48924
chr5	175697246	175897246	harbor2	chr5	175753522	175753709	SINE/MIR	640	+	94	175753616	56370
chr5	175697246	175897246	harbor2	chr5	175773688	175773881	SINE/MIR	473	+	96	175773784	76538
chr5	175697246	175897246	harbor2	chr5	175773929	175774147	SINE/MIR	518	+	109	175774038	76792
chr5	175697246	175897246	harbor2	chr5	175774839	175775059	SINE/MIR	616	+	110	175774949	77703
chr5	175697246	175897246	harbor2	chr5	175778419	175778662	SINE/MIR	664	+	122	175778541	81295
chr5	175697246	175897246	harbor2	chr5	175779329	175779480	SINE/MIR	555	+	76	175779405	82159
chr5	175697246	175897246	harbor2	chr5	175794110	175794327	SINE/MIR	546	+	108	175794218	96972
chr5	175697246	175897246	harbor2	chr5	175794545	175794683	SINE/MIR	474	+	69	175794614	97368
chr5	144213599	144413599	harbor2	chr5	144215483	144215723	SINE/MIR	1106	+	120	144215603	2004
chr5	144213599	144413599	harbor2	chr5	144234523	144234768	SINE/MIR	545	+	122	144234645	21046
chr5	144213599	144413599	harbor2	chr5	144235416	144235659	SINE/MIR	926	+	122	144235538	21939
chr5	144213599	144413599	harbor2	chr5	144239055	144239226	SINE/MIR	555	+	86	144239141	25542
chr5	144213599	144413599	harbor2	chr5	144246873	144247067	SINE/MIR	565	+	97	144246970	33371
chr5	144213599	144413599	harbor2	chr5	144250635	144250786	SINE/MIR	478	+	76	144250711	37112
chr5	144213599	144413599	harbor2	chr5	144251260	144251476	SINE/MIR	597	+	108	144251368	37769
chr5	144213599	144413599	harbor2	chr5	144267189	144267433	SINE/MIR	634	+	122	144267311	53712
chr5	144213599	144413599	harbor2	chr5	144311151	144311186	SINE/MIR	397	+	18	144311169	97570
chr5	144213599	144413599	harbor2	chr5	144311293	144311405	SINE/MIR	397	+	56	144311349	97750
chr5	169999990	170199990	harbor2	chr5	170001441	170001652	SINE/MIR	782	+	106	170001547	1557
chr5	169999990	170199990	harbor2	chr5	170006831	170007037	SINE/MIR	434	+	103	170006934	6944
chr5	169999990	170199990	harbor2	chr5	170023462	170023557	SINE/MIR	420	+	48	170023510	23520
chr5	169999990	170199990	harbor2	chr5	170029414	170029585	SINE/MIR	573	+	86	170029500	29510
chr5	169999990	170199990	harbor2	chr5	170033573	170033769	SINE/MIR	494	+	98	170033671	33681
chr5	169999990	170199990	harbor2	chr5	170034824	170034989	SINE/MIR	447	+	82	170034906	34916
chr5	169999990	170199990	harbor2	chr5	170045379	170045588	SINE/MIR	480	+	104	170045483	45493
chr5	169999990	170199990	harbor2	chr5	170099727	170099871	SINE/MIR	618	+	72	170099799	99809
chr5	169999990	170199990	harbor2	chr5	170032996	170033177	SINE/MIR	565	+	90	170033086	33096
chr5	150220775	150420775	harbor2	chr5	150226220	150226370	SINE/MIR	402	+	75	150226295	5520
chr5	150220775	150420775	harbor2	chr5	150234309	150234544	SINE/MIR	812	+	118	150234427	13652
chr5	150220775	150420775	harbor2	chr5	150237569	150237822	SINE/MIR	659	+	126	150237695	16920
chr5	150220775	150420775	harbor2	chr5	150247197	150247404	SINE/MIR	447	+	104	150247301	26526
chr5	150220775	150420775	harbor2	chr5	150251053	150251165	SINE/MIR	417	+	56	150251109	30334
chr5	150220775	150420775	harbor2	chr5	150251243	150251480	SINE/MIR	1070	+	118	150251361	30586
chr5	150220775	150420775	harbor2	chr5	150254649	150254882	SINE/MIR	539	+	116	150254765	33990
chr5	150220775	150420775	harbor2	chr5	150257914	150258090	SINE/MIR	544	+	88	150258002	37227
chr5	150220775	150420775	harbor2	chr5	150261688	150261912	SINE/MIR	677	+	112	150261800	41025
chr5	150220775	150420775	harbor2	chr5	150277998	150278191	SINE/MIR	607	+	96	150278094	57319
chr5	150220775	150420775	harbor2	chr5	150279301	150279530	SINE/MIR	641	+	114	150279415	58640
chr5	150220775	150420775	harbor2	chr5	150290887	150290942	SINE/MIR	503	+	28	150290915	70140
chr5	150220775	150420775	harbor2	chr5	150291267	150291426	SINE/MIR	503	+	80	150291347	70572
chr5	150220775	150420775	harbor2	chr5	150292348	150292516	SINE/MIR	611	+	84	150292432	71657
chr5	150220775	150420775	harbor2	chr5	150304766	150304980	SINE/MIR	628	+	107	150304873	84098
chr5	150220775	150420775	harbor2	chr5	150308281	150308581	SINE/MIR	576	+	150	150308431	87656
chr5	150220775	150420775	harbor2	chr5	150317716	150317941	SINE/MIR	652	+	112	150317828	97053
chr5	52189204	52389204	harbor2	chr5	52264150	52264345	SINE/MIR	402	+	98	52264248	75044
chr5	52189204	52389204	harbor2	chr5	52276066	52276293	SINE/MIR	698	+	114	52276180	86976
chr5	94575234	94775234	harbor2	chr5	94578717	94578742	SINE/MIR	531	+	12	94578729	3495
chr5	94575234	94775234	harbor2	chr5	94578888	94578923	SINE/MIR	531	+	18	94578906	3672
chr5	94575234	94775234	harbor2	chr5	94579218	94579404	SINE/MIR	531	+	93	94579311	4077
chr5	94575234	94775234	harbor2	chr5	94615399	94615570	SINE/MIR	523	+	86	94615485	40251
chr5	94575234	94775234	harbor2	chr5	94616926	94617138	SINE/MIR	517	+	106	94617032	41798
chr5	94575234	94775234	harbor2	chr5	94621235	94621457	SINE/MIR	498	+	111	94621346	46112
chr5	40531462	40731462	harbor2	chr5	40547694	40547888	SINE/MIR	723	+	97	40547791	16329
chr5	40531462	40731462	harbor2	chr5	40574644	40574886	SINE/MIR	433	+	121	40574765	43303
chr5	40531462	40731462	harbor2	chr5	40585688	40585922	SINE/MIR	531	+	117	40585805	54343
chr5	40531462	40731462	harbor2	chr5	40609660	40609796	SINE/MIR	460	+	68	40609728	78266
chr5	40531462	40731462	harbor2	chr5	40624169	40624359	SINE/MIR	529	+	95	40624264	92802
chr5	40531462	40731462	harbor2	chr5	40628561	40628717	SINE/MIR	457	+	78	40628639	97177
chr5	179132808	179332808	harbor2	chr5	179152831	179152982	SINE/MIR	480	+	76	179152907	20099
chr5	179132808	179332808	harbor2	chr5	179168407	179168579	SINE/MIR	478	+	86	179168493	35685
chr5	179132808	179332808	harbor2	chr5	179179952	179180164	SINE/MIR	400	+	106	179180058	47250
chr5	179132808	179332808	harbor2	chr5	179189011	179189167	SINE/MIR	702	+	78	179189089	56281
chr5	102909710	103109710	harbor2	chr5	102920021	102920258	SINE/MIR	564	+	118	102920139	10429
chr5	102909710	103109710	harbor2	chr5	102968347	102968524	SINE/MIR	422	+	88	102968435	58725
chr5	102909710	103109710	harbor2	chr5	102977769	102978012	SINE/MIR	709	+	122	102977891	68181
chr5	102909710	103109710	harbor2	chr5	103006520	103006665	SINE/MIR	494	+	72	103006592	96882
chr5	138841551	139041551	harbor2	chr5	138887937	138888130	SINE/MIR	447	+	96	138888033	46482
chr5	171824318	172024318	harbor2	chr5	171837127	171837314	SINE/MIR	411	+	94	171837221	12903
chr5	171824318	172024318	harbor2	chr5	171841107	171841295	SINE/MIR	624	+	94	171841201	16883
chr5	171824318	172024318	harbor2	chr5	171849151	171849314	SINE/MIR	636	+	82	171849233	24915
chr5	171824318	172024318	harbor2	chr5	171849714	171849903	SINE/MIR	424	+	94	171849808	25490
chr5	171824318	172024318	harbor2	chr5	171896999	171897253	SINE/MIR	472	+	127	171897126	72808
chr5	171824318	172024318	harbor2	chr5	171901010	171901244	SINE/MIR	412	+	117	171901127	76809
chr5	171824318	172024318	harbor2	chr5	171905145	171905304	SINE/MIR	415	+	80	171905225	80907
chr5	133835261	134035261	harbor2	chr5	133875924	133876080	SINE/MIR	405	+	78	133876002	40741
chr5	133835261	134035261	harbor2	chr5	133881919	133882166	SINE/MIR	585	+	124	133882043	46782
chr5	133835261	134035261	harbor2	chr5	133892749	133892943	SINE/MIR	450	+	97	133892846	57585
chr5	133835261	134035261	harbor2	chr5	133908276	133908296	SINE/MIR	539	+	10	133908286	73025
chr5	133835261	134035261	harbor2	chr5	133908607	133908799	SINE/MIR	599	+	96	133908703	73442
chr5	133835261	134035261	harbor2	chr5	133930547	133930756	SINE/MIR	477	+	104	133930651	95390
chr5	122360405	122560405	harbor2	chr5	122371657	122371891	SINE/MIR	464	+	117	122371774	11369
chr5	122360405	122560405	harbor2	chr5	122384485	122384643	SINE/MIR	422	+	79	122384564	24159
chr5	122360405	122560405	harbor2	chr5	122392647	122392841	SINE/MIR	469	+	97	122392744	32339
chr5	122360405	122560405	harbor2	chr5	122436239	122436367	SINE/MIR	509	+	64	122436303	75898
chr5	122360405	122560405	harbor2	chr5	122440234	122440433	SINE/MIR	473	+	100	122440334	79929
chr5	122360405	122560405	harbor2	chr5	122450079	122450321	SINE/MIR	492	+	121	122450200	89795
chr5	168783581	168983581	harbor2	chr5	168788462	168788561	SINE/MIR	441	+	50	168788512	4931
chr5	168783581	168983581	harbor2	chr5	168808332	168808565	SINE/MIR	593	+	116	168808448	24867
chr5	168783581	168983581	harbor2	chr5	168820321	168820548	SINE/MIR	762	+	114	168820435	36854
chr5	168783581	168983581	harbor2	chr5	168825002	168825144	SINE/MIR	425	+	71	168825073	41492
chr5	168783581	168983581	harbor2	chr5	168826517	168826722	SINE/MIR	628	+	102	168826619	43038
chr5	168783581	168983581	harbor2	chr5	168833701	168833901	SINE/MIR	445	+	100	168833801	50220
chr5	168783581	168983581	harbor2	chr5	168838179	168838389	SINE/MIR	478	+	105	168838284	54703
chr5	168783581	168983581	harbor2	chr5	168866668	168866815	SINE/MIR	509	+	74	168866742	83161
chr5	168783581	168983581	harbor2	chr5	168869256	168869487	SINE/MIR	704	+	116	168869372	85791
chr5	45181799	45381799	harbor2	chr5	45190679	45190911	SINE/MIR	664	+	116	45190795	8996
chr5	173442534	173642534	harbor2	chr5	173448460	173448634	SINE/MIR	813	+	87	173448547	6013
chr5	173442534	173642534	harbor2	chr5	173468883	173469128	SINE/MIR	584	+	122	173469005	26471
chr5	173442534	173642534	harbor2	chr5	173471445	173471607	SINE/MIR	495	+	81	173471526	28992
chr5	173442534	173642534	harbor2	chr5	173474988	173475219	SINE/MIR	704	+	116	173475104	32570
chr5	173442534	173642534	harbor2	chr5	173486116	173486251	SINE/MIR	456	+	68	173486184	43650
chr5	173442534	173642534	harbor2	chr5	173535679	173535851	SINE/MIR	497	+	86	173535765	93231
chr5	173442534	173642534	harbor2	chr5	173541985	173542113	SINE/MIR	396	+	64	173542049	99515
chr5	136916114	137116114	harbor2	chr5	136964190	136964370	SINE/MIR	505	+	90	136964280	48166
chr5	136916114	137116114	harbor2	chr5	136994335	136994522	SINE/MIR	624	+	94	136994429	78315
chr5	136916114	137116114	harbor2	chr5	136997978	136998116	SINE/MIR	396	+	69	136998047	81933
chr5	156503327	156703327	harbor2	chr5	156503583	156503822	SINE/MIR	544	+	120	156503703	376
chr5	156503327	156703327	harbor2	chr5	156514685	156514927	SINE/MIR	481	+	121	156514806	11479
chr5	156503327	156703327	harbor2	chr5	156528111	156528352	SINE/MIR	997	+	120	156528231	24904
chr5	156503327	156703327	harbor2	chr5	156534618	156534871	SINE/MIR	642	+	126	156534744	31417
chr5	156503327	156703327	harbor2	chr5	156543462	156543686	SINE/MIR	442	+	112	156543574	40247
chr5	156503327	156703327	harbor2	chr5	156548542	156548728	SINE/MIR	410	+	93	156548635	45308
chr5	156503327	156703327	harbor2	chr5	156558146	156558394	SINE/MIR	477	+	124	156558270	54943
chr5	156503327	156703327	harbor2	chr5	156559531	156559715	SINE/MIR	439	+	92	156559623	56296
chr5	156503327	156703327	harbor2	chr5	156561773	156562008	SINE/MIR	429	+	118	156561891	58564
chr5	156503327	156703327	harbor2	chr5	156595939	156596172	SINE/MIR	549	+	116	156596055	92728
chr5	156503327	156703327	harbor2	chr5	156596254	156596504	SINE/MIR	617	+	125	156596379	93052
chr5	156503327	156703327	harbor2	chr5	156599764	156600015	SINE/MIR	412	+	126	156599890	96563
chr5	149064585	149264585	harbor2	chr5	149106925	149107137	SINE/MIR	744	+	106	149107031	42446
chr5	149064585	149264585	harbor2	chr5	149132831	149133087	SINE/MIR	811	+	128	149132959	68374
chr5	149064585	149264585	harbor2	chr5	149150774	149151011	SINE/MIR	710	+	118	149150892	86307
chr5	149064585	149264585	harbor2	chr5	149156212	149156429	SINE/MIR	564	+	108	149156320	91735
chr5	149064585	149264585	harbor2	chr5	149161972	149162108	SINE/MIR	414	+	68	149162040	97455
chr5	127471103	127671103	harbor2	chr5	127498261	127498488	SINE/MIR	590	+	114	127498375	27272
chr5	127471103	127671103	harbor2	chr5	127567744	127567913	SINE/MIR	499	+	84	127567828	96725
chr5	164357347	164557347	harbor2	chr5	164377615	164377744	SINE/MIR	457	+	64	164377679	20332
chr5	164357347	164557347	harbor2	chr5	164403306	164403543	SINE/MIR	444	+	118	164403424	46077
chr5	164357347	164557347	harbor2	chr5	164428228	164428463	SINE/MIR	551	+	118	164428346	70999
chr5	164357347	164557347	harbor2	chr5	164444403	164444605	SINE/MIR	397	+	101	164444504	87157
chr5	139313290	139513290	harbor2	chr5	139358145	139358316	SINE/MIR	538	+	86	139358231	44941
chr5	139313290	139513290	harbor2	chr5	139371099	139371282	SINE/MIR	445	+	92	139371191	57901
chr5	139313290	139513290	harbor2	chr5	139377633	139377830	SINE/MIR	516	+	98	139377731	64441
chr5	139313290	139513290	harbor2	chr5	139412984	139413150	SINE/MIR	410	+	83	139413067	99777
chr5	167911709	168111709	harbor2	chr5	167913781	167913990	SINE/MIR	598	+	104	167913885	2176
chr5	167911709	168111709	harbor2	chr5	167915934	167916108	SINE/MIR	556	+	87	167916021	4312
chr5	167911709	168111709	harbor2	chr5	167933705	167933932	SINE/MIR	480	+	114	167933819	22110
chr5	167911709	168111709	harbor2	chr5	167945377	167945526	SINE/MIR	454	+	74	167945451	33742
chr5	167911709	168111709	harbor2	chr5	167946679	167946902	SINE/MIR	706	+	112	167946791	35082
chr5	167911709	168111709	harbor2	chr5	167991054	167991192	SINE/MIR	469	+	69	167991123	79414
chr5	167911709	168111709	harbor2	chr5	168000366	168000576	SINE/MIR	466	+	105	168000471	88762
chr5	70086314	70286314	harbor2	chr5	70101733	70101899	SINE/MIR	399	+	83	70101816	15502
chr5	70086314	70286314	harbor2	chr5	70103690	70103839	SINE/MIR	709	+	74	70103764	17450
chr5	70086314	70286314	harbor2	chr5	70104156	70104245	SINE/MIR	709	+	44	70104200	17886
chr5	95518556	95718556	harbor2	chr5	95553984	95554137	SINE/MIR	442	+	76	95554060	35504
chr5	95518556	95718556	harbor2	chr5	95597467	95597611	SINE/MIR	519	+	72	95597539	78983
chr5	95518556	95718556	harbor2	chr5	95597905	95597982	SINE/MIR	519	+	38	95597943	79387
chr5	118920277	119120277	harbor2	chr5	118924747	118924988	SINE/MIR	553	+	120	118924867	4590
chr5	162608921	162808921	harbor2	chr5	162608772	162608987	SINE/MIR	509	+	108	162608880	41
chr5	162608921	162808921	harbor2	chr5	162681882	162682063	SINE/MIR	425	+	90	162681972	73051
chr5	162608921	162808921	harbor2	chr5	162708475	162708682	SINE/MIR	498	+	104	162708579	99658
chr5	124542505	124742505	harbor2	chr5	124599009	124599210	SINE/MIR	412	+	100	124599109	56604
chr5	124542505	124742505	harbor2	chr5	124600904	124601103	SINE/MIR	430	+	100	124601004	58499
chr5	124542505	124742505	harbor2	chr5	124601395	124601405	SINE/MIR	430	+	5	124601400	58895
chr5	124542505	124742505	harbor2	chr5	124632468	124632624	SINE/MIR	507	+	78	124632546	90041
chr5	160658958	160858958	harbor2	chr5	160667261	160667438	SINE/MIR	796	+	88	160667349	8391
chr5	160658958	160858958	harbor2	chr5	160670214	160670341	SINE/MIR	513	+	64	160670278	11320
chr5	160658958	160858958	harbor2	chr5	160700279	160700398	SINE/MIR	581	+	60	160700339	41381
chr5	160658958	160858958	harbor2	chr5	160721907	160722108	SINE/MIR	638	+	100	160722007	63049
chr5	160658958	160858958	harbor2	chr5	160728972	160729166	SINE/MIR	431	+	97	160729069	70111
chr5	160658958	160858958	harbor2	chr5	160744951	160745120	SINE/MIR	399	+	84	160745035	86077
chr5	160658958	160858958	harbor2	chr5	160758242	160758405	SINE/MIR	452	+	82	160758324	99366
chr5	153729797	153929797	harbor2	chr5	153746930	153747059	SINE/MIR	432	+	64	153746994	17197
chr5	153729797	153929797	harbor2	chr5	153747476	153747578	SINE/MIR	432	+	51	153747527	17730
chr5	153729797	153929797	harbor2	chr5	153753454	153753663	SINE/MIR	563	+	104	153753558	23761
chr5	153729797	153929797	harbor2	chr5	153767365	153767552	SINE/MIR	475	+	94	153767459	37662
chr5	153729797	153929797	harbor2	chr5	153771051	153771245	SINE/MIR	428	+	97	153771148	41351
chr5	153729797	153929797	harbor2	chr5	153780384	153780609	SINE/MIR	572	+	112	153780496	50699
chr5	153729797	153929797	harbor2	chr5	153791617	153791746	SINE/MIR	406	+	64	153791681	61884
chr5	153729797	153929797	harbor2	chr5	153804596	153804732	SINE/MIR	532	+	68	153804664	74867
chr5	153729797	153929797	harbor2	chr5	153805052	153805184	SINE/MIR	532	+	66	153805118	75321
chr5	153729797	153929797	harbor2	chr5	153827008	153827240	SINE/MIR	513	+	116	153827124	97327
chr5	125025909	125225909	harbor2	chr5	125061326	125061508	SINE/MIR	613	+	91	125061417	35508
chr5	125025909	125225909	harbor2	chr5	125066553	125066801	SINE/MIR	555	+	124	125066677	40768
chr5	137063624	137263624	harbor2	chr5	137083319	137083470	SINE/MIR	470	+	76	137083395	19771
chr5	137063624	137263624	harbor2	chr5	137083887	137084118	SINE/MIR	717	+	116	137084003	20379
chr5	137063624	137263624	harbor2	chr5	137095428	137095633	SINE/MIR	534	+	102	137095530	31906
chr5	137063624	137263624	harbor2	chr5	137102650	137102879	SINE/MIR	647	+	114	137102764	39140
chr5	137063624	137263624	harbor2	chr5	137113482	137113717	SINE/MIR	703	+	118	137113600	49976
chr5	137063624	137263624	harbor2	chr5	137138886	137139086	SINE/MIR	399	+	100	137138986	75362
chr5	137063624	137263624	harbor2	chr5	137143449	137143659	SINE/MIR	540	+	105	137143554	79930
chr5	137063624	137263624	harbor2	chr5	137154923	137155132	SINE/MIR	448	+	104	137155027	91403
chr5	137063624	137263624	harbor2	chr5	137134040	137134280	SINE/MIR	398	+	120	137134160	70536
chr5	55075675	55275675	harbor2	chr5	55125792	55126025	SINE/MIR	667	+	116	55125908	50233
chr5	55075675	55275675	harbor2	chr5	55161870	55162055	SINE/MIR	576	+	92	55161962	86287
chr5	55075675	55275675	harbor2	chr5	55162882	55163125	SINE/MIR	842	+	122	55163004	87329
chr5	55075675	55275675	harbor2	chr5	55165724	55165875	SINE/MIR	417	+	76	55165800	90125
chr5	152085270	152285270	harbor2	chr5	152087127	152087253	SINE/MIR	504	+	63	152087190	1920
chr5	152085270	152285270	harbor2	chr5	152088013	152088256	SINE/MIR	721	+	122	152088135	2865
chr5	152085270	152285270	harbor2	chr5	152091674	152091880	SINE/MIR	664	+	103	152091777	6507
chr5	152085270	152285270	harbor2	chr5	152100165	152100309	SINE/MIR	518	+	72	152100237	14967
chr5	152085270	152285270	harbor2	chr5	152115322	152115416	SINE/MIR	410	+	47	152115369	30099
chr5	152085270	152285270	harbor2	chr5	152120722	152120946	SINE/MIR	400	+	112	152120834	35564
chr5	152085270	152285270	harbor2	chr5	152143527	152143761	SINE/MIR	610	+	117	152143644	58374
chr5	152085270	152285270	harbor2	chr5	152149290	152149424	SINE/MIR	407	+	67	152149357	64087
chr5	152085270	152285270	harbor2	chr5	152149436	152149670	SINE/MIR	823	+	117	152149553	64283
chr5	152085270	152285270	harbor2	chr5	152152486	152152706	SINE/MIR	663	+	110	152152596	67326
chr5	152085270	152285270	harbor2	chr5	152172348	152172450	SINE/MIR	453	+	51	152172399	87129
chr5	151857548	152057548	harbor2	chr5	151858931	151859151	SINE/MIR	581	+	110	151859041	1493
chr5	151857548	152057548	harbor2	chr5	151875842	151875963	SINE/MIR	503	+	60	151875902	18354
chr5	151857548	152057548	harbor2	chr5	151882211	151882427	SINE/MIR	683	+	108	151882319	24771
chr5	151857548	152057548	harbor2	chr5	151895404	151895595	SINE/MIR	577	+	96	151895500	37952
chr5	151857548	152057548	harbor2	chr5	151898083	151898205	SINE/MIR	482	+	61	151898144	40596
chr5	151857548	152057548	harbor2	chr5	151904582	151904808	SINE/MIR	670	+	113	151904695	47147
chr5	151857548	152057548	harbor2	chr5	151906071	151906258	SINE/MIR	568	+	94	151906165	48617
chr5	151857548	152057548	harbor2	chr5	151907075	151907245	SINE/MIR	420	+	85	151907160	49612
chr5	151857548	152057548	harbor2	chr5	151908980	151909121	SINE/MIR	556	+	70	151909050	51502
chr5	151857548	152057548	harbor2	chr5	151910601	151910756	SINE/MIR	444	+	78	151910679	53131
chr5	151857548	152057548	harbor2	chr5	151913693	151913925	SINE/MIR	708	+	116	151913809	56261
chr5	151857548	152057548	harbor2	chr5	151914969	151915225	SINE/MIR	749	+	128	151915097	57549
chr5	151857548	152057548	harbor2	chr5	151916104	151916323	SINE/MIR	507	+	110	151916214	58666
chr5	151857548	152057548	harbor2	chr5	151937556	151937769	SINE/MIR	755	+	106	151937662	80114
chr5	151857548	152057548	harbor2	chr5	151939630	151939836	SINE/MIR	452	+	103	151939733	82185
chr5	151857548	152057548	harbor2	chr5	151944182	151944397	SINE/MIR	629	+	108	151944290	86742
chr5	151857548	152057548	harbor2	chr5	151948860	151949072	SINE/MIR	566	+	106	151948966	91418
chr5	151857548	152057548	harbor2	chr5	151949793	151949966	SINE/MIR	591	+	86	151949879	92331
chr5	151857548	152057548	harbor2	chr5	151956906	151957140	SINE/MIR	754	+	117	151957023	99475
chr5	171176720	171376720	harbor2	chr5	171182414	171182649	SINE/MIR	735	+	118	171182532	5812
chr5	171176720	171376720	harbor2	chr5	171192543	171192671	SINE/MIR	416	+	64	171192607	15887
chr5	171176720	171376720	harbor2	chr5	171195694	171195905	SINE/MIR	622	+	106	171195800	19080
chr5	171176720	171376720	harbor2	chr5	171206186	171206416	SINE/MIR	647	+	115	171206301	29581
chr5	171176720	171376720	harbor2	chr5	171208665	171208907	SINE/MIR	758	+	121	171208786	32066
chr5	171176720	171376720	harbor2	chr5	171223809	171224037	SINE/MIR	439	+	114	171223923	47203
chr5	171176720	171376720	harbor2	chr5	171224898	171225032	SINE/MIR	429	+	67	171224965	48245
chr5	171176720	171376720	harbor2	chr5	171256162	171256350	SINE/MIR	801	+	94	171256256	79536
chr5	171176720	171376720	harbor2	chr5	171264421	171264658	SINE/MIR	822	+	118	171264539	87819
chr5	126460969	126660969	harbor2	chr5	126464768	126464995	SINE/MIR	568	+	114	126464882	3913
chr5	126460969	126660969	harbor2	chr5	126482378	126482608	SINE/MIR	586	+	115	126482493	21524
chr5	126460969	126660969	harbor2	chr5	126538695	126538900	SINE/MIR	948	+	102	126538797	77828
chr5	126460969	126660969	harbor2	chr5	126560067	126560157	SINE/MIR	402	+	45	126560112	99143
chr5	126835857	127035857	harbor2	chr5	126915828	126916085	SINE/MIR	629	+	128	126915956	80099
chr5	126835857	127035857	harbor2	chr5	126932191	126932451	SINE/MIR	526	+	130	126932321	96464
chr5	136458615	136658615	harbor2	chr5	136502835	136503004	SINE/MIR	601	+	84	136502919	44304
chr5	136458615	136658615	harbor2	chr5	136505276	136505528	SINE/MIR	635	+	126	136505402	46787
chr5	136458615	136658615	harbor2	chr5	136524969	136525182	SINE/MIR	410	+	106	136525075	66460
chr5	123064590	123264590	harbor2	chr5	123087055	123087245	SINE/MIR	427	+	95	123087150	22560
chr5	123064590	123264590	harbor2	chr5	123131830	123132079	SINE/MIR	811	+	124	123131954	67364
chr5	123064590	123264590	harbor2	chr5	123136903	123137144	SINE/MIR	578	+	120	123137023	72433
chr5	123064590	123264590	harbor2	chr5	123151468	123151649	SINE/MIR	461	+	90	123151558	86968
chr5	165094344	165294344	harbor2	chr5	165110760	165110924	SINE/MIR	457	+	82	165110842	16498
chr5	165094344	165294344	harbor2	chr5	165125749	165125898	SINE/MIR	462	+	74	165125823	31479
chr5	165094344	165294344	harbor2	chr5	165128867	165128991	SINE/MIR	510	+	62	165128929	34585
chr5	165094344	165294344	harbor2	chr5	165164232	165164404	SINE/MIR	424	+	86	165164318	69974
chr5	118015574	118215574	harbor2	chr5	118015971	118016218	SINE/MIR	708	+	124	118016095	521
chr5	118015574	118215574	harbor2	chr5	118098851	118099066	SINE/MIR	422	+	108	118098959	83385
chr5	77920231	78120231	harbor2	chr5	77930946	77931139	SINE/MIR	576	+	96	77931042	10811
chr5	77920231	78120231	harbor2	chr5	77963941	77964085	SINE/MIR	641	+	72	77964013	43782
chr5	148006738	148206738	harbor2	chr5	148010159	148010357	SINE/MIR	549	+	99	148010258	3520
chr5	148006738	148206738	harbor2	chr5	148012248	148012432	SINE/MIR	508	+	92	148012340	5602
chr5	148006738	148206738	harbor2	chr5	148013892	148014048	SINE/MIR	569	+	78	148013970	7232
chr5	148006738	148206738	harbor2	chr5	148015130	148015209	SINE/MIR	651	+	40	148015170	8432
chr5	148006738	148206738	harbor2	chr5	148015459	148015579	SINE/MIR	651	+	60	148015519	8781
chr5	148006738	148206738	harbor2	chr5	148016489	148016670	SINE/MIR	499	+	90	148016579	9841
chr5	148006738	148206738	harbor2	chr5	148033624	148033840	SINE/MIR	866	+	108	148033732	26994
chr5	148006738	148206738	harbor2	chr5	148034936	148035155	SINE/MIR	583	+	110	148035046	28308
chr5	148006738	148206738	harbor2	chr5	148052606	148052826	SINE/MIR	410	+	110	148052716	45978
chr5	174853857	175053857	harbor2	chr5	174941936	174942138	SINE/MIR	437	+	101	174942037	88180
chr5	161804975	162004975	harbor2	chr5	161805570	161805742	SINE/MIR	429	+	86	161805656	681
chr5	161804975	162004975	harbor2	chr5	161819012	161819253	SINE/MIR	784	+	120	161819132	14157
chr5	161804975	162004975	harbor2	chr5	161819429	161819619	SINE/MIR	691	+	95	161819524	14549
chr5	161804975	162004975	harbor2	chr5	161845240	161845492	SINE/MIR	687	+	126	161845366	40391
chr5	161804975	162004975	harbor2	chr5	161866886	161867042	SINE/MIR	516	+	78	161866964	61989
chr5	161804975	162004975	harbor2	chr5	161867414	161867647	SINE/MIR	456	+	116	161867530	62555
chr5	161804975	162004975	harbor2	chr5	161883935	161884034	SINE/MIR	422	+	50	161883985	79010
chr5	161804975	162004975	harbor2	chr5	161886240	161886471	SINE/MIR	555	+	116	161886356	81381
chr5	151143263	151343263	harbor2	chr5	151152083	151152319	SINE/MIR	686	+	118	151152201	8938
chr5	151143263	151343263	harbor2	chr5	151152343	151152581	SINE/MIR	766	+	119	151152462	9199
chr5	151143263	151343263	harbor2	chr5	151154844	151155109	SINE/MIR	871	+	132	151154976	11713
chr5	151143263	151343263	harbor2	chr5	151169585	151169740	SINE/MIR	460	+	78	151169663	26400
chr5	151143263	151343263	harbor2	chr5	151169805	151170024	SINE/MIR	548	+	110	151169915	26652
chr5	151143263	151343263	harbor2	chr5	151171922	151172138	SINE/MIR	535	+	108	151172030	28767
chr5	151143263	151343263	harbor2	chr5	151178451	151178598	SINE/MIR	545	+	74	151178525	35262
chr5	151143263	151343263	harbor2	chr5	151183779	151184014	SINE/MIR	701	+	118	151183897	40634
chr5	151143263	151343263	harbor2	chr5	151187877	151188119	SINE/MIR	565	+	121	151187998	44735
chr5	151143263	151343263	harbor2	chr5	151202780	151202908	SINE/MIR	406	+	64	151202844	59581
chr5	151143263	151343263	harbor2	chr5	151208770	151208924	SINE/MIR	422	+	77	151208847	65584
chr5	151143263	151343263	harbor2	chr5	151221542	151221744	SINE/MIR	537	+	101	151221643	78380
chr5	151143263	151343263	harbor2	chr5	151222092	151222269	SINE/MIR	460	+	88	151222180	78917
chr5	151143263	151343263	harbor2	chr5	151238713	151238870	SINE/MIR	420	+	78	151238791	95528
chr5	168449687	168649687	harbor2	chr5	168454323	168454474	SINE/MIR	628	+	76	168454399	4712
chr5	140701344	140901344	harbor2	chr5	140705374	140705556	SINE/MIR	521	+	91	140705465	4121
chr5	61047037	61247037	harbor2	chr5	61060005	61060206	SINE/MIR	457	+	100	61060105	13068
chr5	61047037	61247037	harbor2	chr5	61097561	61097739	SINE/MIR	539	+	89	61097650	50613
chr5	132619090	132819090	harbor2	chr5	132635158	132635336	SINE/MIR	403	+	89	132635247	16157
chr5	132619090	132819090	harbor2	chr5	132644377	132644597	SINE/MIR	765	+	110	132644487	25397
chr5	132619090	132819090	harbor2	chr5	132676118	132676293	SINE/MIR	463	+	88	132676206	57116
chr5	116550415	116750415	harbor2	chr5	116561026	116561262	SINE/MIR	779	+	118	116561144	10729
chr5	116550415	116750415	harbor2	chr5	116606685	116606923	SINE/MIR	400	+	119	116606804	56389
chr5	116550415	116750415	harbor2	chr5	116616972	116617163	SINE/MIR	666	+	96	116617068	66653
chr5	71982624	72182624	harbor2	chr5	72010112	72010305	SINE/MIR	562	+	96	72010208	27584
chr5	71982624	72182624	harbor2	chr5	72029879	72030110	SINE/MIR	767	+	116	72029995	47371
chr5	71982624	72182624	harbor2	chr5	72050314	72050522	SINE/MIR	449	+	104	72050418	67794
chr5	111847443	112047443	harbor2	chr5	111850830	111851046	SINE/MIR	446	+	108	111850938	3495
chr5	111847443	112047443	harbor2	chr5	111852801	111852969	SINE/MIR	732	+	84	111852885	5442
chr5	111847443	112047443	harbor2	chr5	111855197	111855396	SINE/MIR	404	+	100	111855297	7854
chr5	111847443	112047443	harbor2	chr5	111880081	111880249	SINE/MIR	639	+	84	111880165	32722
chr5	111847443	112047443	harbor2	chr5	111916569	111916774	SINE/MIR	958	+	102	111916671	69228
chr5	111847443	112047443	harbor2	chr5	111938508	111938770	SINE/MIR	585	+	131	111938639	91196
chr5	111847443	112047443	harbor2	chr5	111942762	111942993	SINE/MIR	761	+	116	111942878	95435
chr5	83878015	84078015	harbor2	chr5	83888726	83888979	SINE/MIR	802	+	126	83888852	10837
chr5	83878015	84078015	harbor2	chr5	83896592	83896835	SINE/MIR	541	+	122	83896714	18699
chr5	83878015	84078015	harbor2	chr5	83925040	83925256	SINE/MIR	442	+	108	83925148	47133
chr5	83878015	84078015	harbor2	chr5	83966613	83966715	SINE/MIR	426	+	51	83966664	88649
chr5	90721858	90921858	harbor2	chr5	90771278	90771463	SINE/MIR	507	+	92	90771370	49512
chr5	90721858	90921858	harbor2	chr5	90776222	90776410	SINE/MIR	420	+	94	90776316	54458
chr5	90721858	90921858	harbor2	chr5	90808289	90808412	SINE/MIR	513	+	62	90808351	86493
chr5	155389242	155589242	harbor2	chr5	155392153	155392383	SINE/MIR	570	+	115	155392268	3026
chr5	155389242	155589242	harbor2	chr5	155392650	155392824	SINE/MIR	516	+	87	155392737	3495
chr5	155389242	155589242	harbor2	chr5	155394602	155394829	SINE/MIR	709	+	114	155394716	5474
chr5	155389242	155589242	harbor2	chr5	155395827	155396064	SINE/MIR	562	+	118	155395945	6703
chr5	155389242	155589242	harbor2	chr5	155409245	155409473	SINE/MIR	591	+	114	155409359	20117
chr5	155389242	155589242	harbor2	chr5	155431797	155431917	SINE/MIR	404	+	60	155431857	42615
chr5	155389242	155589242	harbor2	chr5	155433452	155433552	SINE/MIR	394	+	50	155433502	44260
chr5	155389242	155589242	harbor2	chr5	155439842	155440019	SINE/MIR	423	+	88	155439930	50688
chr5	155389242	155589242	harbor2	chr5	155454869	155455114	SINE/MIR	606	+	122	155454991	65749
chr5	155389242	155589242	harbor2	chr5	155486520	155486704	SINE/MIR	622	+	92	155486612	97370
chr5	144690452	144890452	harbor2	chr5	144756142	144756339	SINE/MIR	669	+	98	144756240	65788
chr5	144690452	144890452	harbor2	chr5	144763426	144763596	SINE/MIR	446	+	85	144763511	73059
chr5	144690452	144890452	harbor2	chr5	144769330	144769484	SINE/MIR	574	+	77	144769407	78955
chr5	147461876	147661876	harbor2	chr5	147473987	147474219	SINE/MIR	424	+	116	147474103	12227
chr5	147461876	147661876	harbor2	chr5	147481109	147481342	SINE/MIR	546	+	116	147481225	19349
chr5	147461876	147661876	harbor2	chr5	147485691	147485912	SINE/MIR	403	+	110	147485801	23925
chr5	147461876	147661876	harbor2	chr5	147489353	147489572	SINE/MIR	454	+	110	147489463	27587
chr5	147461876	147661876	harbor2	chr5	147505918	147506038	SINE/MIR	466	+	60	147505978	44102
chr5	147461876	147661876	harbor2	chr5	147522267	147522506	SINE/MIR	894	+	120	147522387	60511
chr5	147461876	147661876	harbor2	chr5	147534042	147534194	SINE/MIR	515	+	76	147534118	72242
chr5	147461876	147661876	harbor2	chr5	147534379	147534606	SINE/MIR	695	+	114	147534493	72617
chr5	147461876	147661876	harbor2	chr5	147541149	147541297	SINE/MIR	409	+	74	147541223	79347
chr5	147461876	147661876	harbor2	chr5	147546254	147546401	SINE/MIR	533	+	74	147546328	84452
chr5	160319745	160519745	harbor2	chr5	160322322	160322524	SINE/MIR	459	+	101	160322423	2678
chr5	160319745	160519745	harbor2	chr5	160324988	160325143	SINE/MIR	529	+	78	160325066	5321
chr5	160319745	160519745	harbor2	chr5	160327129	160327303	SINE/MIR	408	+	87	160327216	7471
chr5	160319745	160519745	harbor2	chr5	160343027	160343275	SINE/MIR	749	+	124	160343151	23406
chr5	160319745	160519745	harbor2	chr5	160353091	160353255	SINE/MIR	449	+	82	160353173	33428
chr5	160319745	160519745	harbor2	chr5	160356266	160356348	SINE/MIR	532	+	41	160356307	36562
chr5	160319745	160519745	harbor2	chr5	160356537	160356572	SINE/MIR	532	+	18	160356555	36810
chr5	160319745	160519745	harbor2	chr5	160361563	160361687	SINE/MIR	434	+	62	160361625	41880
chr5	160319745	160519745	harbor2	chr5	160362730	160362928	SINE/MIR	883	+	99	160362829	43084
chr5	160319745	160519745	harbor2	chr5	160364291	160364468	SINE/MIR	527	+	88	160364379	44634
chr5	160319745	160519745	harbor2	chr5	160365644	160365748	SINE/MIR	483	+	52	160365696	45951
chr5	160319745	160519745	harbor2	chr5	160370042	160370249	SINE/MIR	726	+	104	160370146	50401
chr5	124424350	124624350	harbor2	chr5	124443530	124443699	SINE/MIR	439	+	84	124443614	19264
chr5	124424350	124624350	harbor2	chr5	124470955	124471212	SINE/MIR	580	+	128	124471083	46733
chr5	124424350	124624350	harbor2	chr5	124472072	124472210	SINE/MIR	414	+	69	124472141	47791
chr5	124424350	124624350	harbor2	chr5	124475905	124476131	SINE/MIR	567	+	113	124476018	51668
chr5	124424350	124624350	harbor2	chr5	124509010	124509191	SINE/MIR	679	+	90	124509100	84750
chr5	124424350	124624350	harbor2	chr5	124517690	124517863	SINE/MIR	511	+	86	124517776	93426
chr5	162483327	162683327	harbor2	chr5	162490443	162490660	SINE/MIR	553	+	108	162490551	7224
chr5	162483327	162683327	harbor2	chr5	162497020	162497212	SINE/MIR	685	+	96	162497116	13789
chr5	162483327	162683327	harbor2	chr5	162499428	162499635	SINE/MIR	408	+	104	162499532	16205
chr5	162483327	162683327	harbor2	chr5	162528388	162528610	SINE/MIR	697	+	111	162528499	45172
chr5	162483327	162683327	harbor2	chr5	162542882	162543108	SINE/MIR	394	+	113	162542995	59668
chr5	91971377	92171377	harbor2	chr5	91985873	91986096	SINE/MIR	502	+	112	91985985	14608
chr5	144809963	145009963	harbor2	chr5	144810562	144810772	SINE/MIR	693	+	105	144810667	704
chr5	144809963	145009963	harbor2	chr5	144820891	144821026	SINE/MIR	444	+	68	144820959	10996
chr5	144809963	145009963	harbor2	chr5	144868071	144868295	SINE/MIR	472	+	112	144868183	58220
chr5	144809963	145009963	harbor2	chr5	144901337	144901543	SINE/MIR	504	+	103	144901440	91477
chr5	144809963	145009963	harbor2	chr5	144904278	144904519	SINE/MIR	469	+	120	144904398	94435
chr5	167263623	167463623	harbor2	chr5	167270772	167271003	SINE/MIR	461	+	116	167270888	7265
chr5	167263623	167463623	harbor2	chr5	167319240	167319450	SINE/MIR	409	+	105	167319345	55722
chr5	178983177	179183177	harbor2	chr5	179063101	179063265	SINE/MIR	490	+	82	179063183	80006
chr5	166197600	166397600	harbor2	chr5	166214510	166214700	SINE/MIR	492	+	95	166214605	17005
chr5	166197600	166397600	harbor2	chr5	166215067	166215264	SINE/MIR	402	+	98	166215165	17565
chr5	166197600	166397600	harbor2	chr5	166288343	166288590	SINE/MIR	487	+	124	166288467	90867
chr5	166197600	166397600	harbor2	chr5	166292577	166292810	SINE/MIR	540	+	116	166292693	95093
chr5	109027941	109227941	harbor2	chr5	109060314	109060435	SINE/MIR	445	+	60	109060374	32433
chr5	109027941	109227941	harbor2	chr5	109068609	109068813	SINE/MIR	525	+	102	109068711	40770
chr5	97130270	97330270	harbor2	chr5	97133231	97133436	SINE/MIR	727	+	102	97133333	3063
chr5	97130270	97330270	harbor2	chr5	97139065	97139286	SINE/MIR	638	+	110	97139175	8905
chr5	97130270	97330270	harbor2	chr5	97223108	97223284	SINE/MIR	397	+	88	97223196	92926
chr5	97130270	97330270	harbor2	chr5	97227516	97227721	SINE/MIR	698	+	102	97227618	97348
chr5	180036602	180236602	harbor2	chr5	180039831	180039986	SINE/MIR	443	+	78	180039909	3307
chr5	180036602	180236602	harbor2	chr5	180116839	180117021	SINE/MIR	471	+	91	180116930	80328
chr5	180036602	180236602	harbor2	chr5	180127993	180128171	SINE/MIR	409	+	89	180128082	91480
chr5	169119782	169319782	harbor2	chr5	169130369	169130641	SINE/MIR	394	+	136	169130505	10723
chr5	169119782	169319782	harbor2	chr5	169137994	169138109	SINE/MIR	691	+	58	169138052	18270
chr5	169119782	169319782	harbor2	chr5	169138554	169138639	SINE/MIR	691	+	42	169138596	18814
chr5	169119782	169319782	harbor2	chr5	169146850	169147046	SINE/MIR	924	+	98	169146948	27166
chr5	169119782	169319782	harbor2	chr5	169151833	169152009	SINE/MIR	597	+	88	169151921	32139
chr5	169119782	169319782	harbor2	chr5	169161780	169162004	SINE/MIR	769	+	112	169161892	42110
chr5	169119782	169319782	harbor2	chr5	169164908	169165119	SINE/MIR	441	+	106	169165014	45232
chr5	169119782	169319782	harbor2	chr5	169175391	169175594	SINE/MIR	507	+	102	169175493	55711
chr5	169119782	169319782	harbor2	chr5	169185857	169186065	SINE/MIR	693	+	104	169185961	66179
chr5	169119782	169319782	harbor2	chr5	169189673	169189884	SINE/MIR	751	+	106	169189779	69997
chr5	169119782	169319782	harbor2	chr5	169214044	169214216	SINE/MIR	431	+	86	169214130	94348
chr5	169119782	169319782	harbor2	chr5	169218550	169218764	SINE/MIR	534	+	107	169218657	98875
chr5	38740800	38940800	harbor2	chr5	38745528	38745796	SINE/MIR	409	+	134	38745662	4862
chr5	38740800	38940800	harbor2	chr5	38791583	38791766	SINE/MIR	642	+	92	38791675	50875
chr5	38740800	38940800	harbor2	chr5	38800564	38800768	SINE/MIR	526	+	102	38800666	59866
chr5	38740800	38940800	harbor2	chr5	38811049	38811256	SINE/MIR	544	+	104	38811153	70353
chr5	150859961	151059961	harbor2	chr5	150878234	150878356	SINE/MIR	457	+	61	150878295	18334
chr5	179805175	180005175	harbor2	chr5	179892810	179892971	SINE/MIR	552	+	80	179892890	87715
chr5	151692759	151892759	harbor2	chr5	151695676	151695910	SINE/MIR	562	+	117	151695793	3034
chr5	151692759	151892759	harbor2	chr5	151708083	151708240	SINE/MIR	476	+	78	151708161	15402
chr5	151692759	151892759	harbor2	chr5	151751397	151751611	SINE/MIR	663	+	107	151751504	58745
chr5	151692759	151892759	harbor2	chr5	151752696	151752828	SINE/MIR	435	+	66	151752762	60003
chr5	151692759	151892759	harbor2	chr5	151759279	151759394	SINE/MIR	758	+	58	151759337	66578
chr5	151692759	151892759	harbor2	chr5	151759520	151759610	SINE/MIR	758	+	45	151759565	66806
chr5	151692759	151892759	harbor2	chr5	151766818	151767017	SINE/MIR	598	+	100	151766918	74159
chr5	151692759	151892759	harbor2	chr5	151767289	151767502	SINE/MIR	593	+	106	151767395	74636
chr5	53423315	53623315	harbor2	chr5	53434242	53434446	SINE/MIR	547	+	102	53434344	11029
chr5	53423315	53623315	harbor2	chr5	53436649	53436877	SINE/MIR	770	+	114	53436763	13448
chr5	53423315	53623315	harbor2	chr5	53489807	53490015	SINE/MIR	534	+	104	53489911	66596
chr5	161360024	161560024	harbor2	chr5	161375578	161375807	SINE/MIR	423	+	114	161375692	15668
chr5	161360024	161560024	harbor2	chr5	161378142	161378306	SINE/MIR	400	+	82	161378224	18200
chr5	161360024	161560024	harbor2	chr5	161381097	161381316	SINE/MIR	756	+	110	161381207	21183
chr5	161360024	161560024	harbor2	chr5	161381718	161381950	SINE/MIR	482	+	116	161381834	21810
chr5	161360024	161560024	harbor2	chr5	161392513	161392735	SINE/MIR	775	+	111	161392624	32600
chr5	161360024	161560024	harbor2	chr5	161396835	161397028	SINE/MIR	557	+	96	161396931	36907
chr5	161360024	161560024	harbor2	chr5	161397814	161397997	SINE/MIR	460	+	92	161397906	37882
chr5	161360024	161560024	harbor2	chr5	161399734	161399924	SINE/MIR	562	+	95	161399829	39805
chr5	161360024	161560024	harbor2	chr5	161431070	161431289	SINE/MIR	394	+	110	161431180	71156
chr5	161360024	161560024	harbor2	chr5	161436044	161436235	SINE/MIR	434	+	96	161436140	76116
chr5	161360024	161560024	harbor2	chr5	161446541	161446712	SINE/MIR	442	+	86	161446627	86603
chr5	161360024	161560024	harbor2	chr5	161449158	161449359	SINE/MIR	450	+	100	161449258	89234
chr5	161360024	161560024	harbor2	chr5	161456594	161456763	SINE/MIR	400	+	84	161456678	96654
chr5	161360024	161560024	harbor2	chr5	161458592	161458829	SINE/MIR	634	+	118	161458710	98686
chr5	155149715	155349715	harbor2	chr5	155176174	155176352	SINE/MIR	607	+	89	155176263	26548
chr5	155149715	155349715	harbor2	chr5	155177851	155178054	SINE/MIR	644	+	102	155177953	28238
chr5	155149715	155349715	harbor2	chr5	155213610	155213679	SINE/MIR	451	+	34	155213644	63929
chr5	155149715	155349715	harbor2	chr5	155213982	155214168	SINE/MIR	451	+	93	155214075	64360
chr5	155149715	155349715	harbor2	chr5	155217316	155217463	SINE/MIR	607	+	74	155217390	67675
chr5	120151233	120351233	harbor2	chr5	120191282	120191493	SINE/MIR	585	+	106	120191388	40155
chr5	112815799	113015799	harbor2	chr5	112909158	112909342	SINE/MIR	662	+	92	112909250	93451
chr5	57931646	58131646	harbor2	chr5	57978333	57978542	SINE/MIR	437	+	104	57978437	46791
chr5	57931646	58131646	harbor2	chr5	57978529	57978747	SINE/MIR	566	+	109	57978638	46992
chr5	57931646	58131646	harbor2	chr5	57982540	57982675	SINE/MIR	522	+	68	57982608	50962
chr5	57931646	58131646	harbor2	chr5	57982971	57983079	SINE/MIR	522	+	54	57983025	51379
chr5	173476958	173676958	harbor2	chr5	173486116	173486251	SINE/MIR	456	+	68	173486184	9226
chr5	173476958	173676958	harbor2	chr5	173535679	173535851	SINE/MIR	497	+	86	173535765	58807
chr5	173476958	173676958	harbor2	chr5	173541985	173542113	SINE/MIR	396	+	64	173542049	65091
chr5	173476958	173676958	harbor2	chr5	173563734	173563919	SINE/MIR	655	+	92	173563826	86868
chr5	173476958	173676958	harbor2	chr5	173566602	173566808	SINE/MIR	725	+	103	173566705	89747
chr5	113969908	114169908	harbor2	chr5	113996071	113996250	SINE/MIR	512	+	90	113996161	26253
chr5	113969908	114169908	harbor2	chr5	114006781	114006964	SINE/MIR	488	+	92	114006873	36965
chr5	113969908	114169908	harbor2	chr5	114010717	114010907	SINE/MIR	538	+	95	114010812	40904
chr5	113969908	114169908	harbor2	chr5	114019450	114019684	SINE/MIR	572	+	117	114019567	49659
chr5	113969908	114169908	harbor2	chr5	114049901	114050071	SINE/MIR	491	+	85	114049986	80078
chr5	113969908	114169908	harbor2	chr5	114060610	114060833	SINE/MIR	659	+	112	114060722	90814
chr5	173217071	173417071	harbor2	chr5	173228537	173228738	SINE/MIR	643	+	100	173228637	11566
chr5	173217071	173417071	harbor2	chr5	173262293	173262478	SINE/MIR	681	+	92	173262385	45314
chr5	173217071	173417071	harbor2	chr5	173262696	173262762	SINE/MIR	681	+	33	173262729	45658
chr5	173217071	173417071	harbor2	chr5	173266142	173266365	SINE/MIR	617	+	112	173266254	49183
chr5	173217071	173417071	harbor2	chr5	173285612	173285773	SINE/MIR	639	+	80	173285692	68621
chr5	173217071	173417071	harbor2	chr5	173289425	173289557	SINE/MIR	489	+	66	173289491	72420
chr5	173217071	173417071	harbor2	chr5	173314015	173314228	SINE/MIR	631	+	106	173314121	97050
chr5	177855315	178055315	harbor2	chr5	177883452	177883608	SINE/MIR	400	+	78	177883530	28215
chr5	177855315	178055315	harbor2	chr5	177886681	177886885	SINE/MIR	462	+	102	177886783	31468
chr5	177855315	178055315	harbor2	chr5	177891530	177891791	SINE/MIR	777	+	130	177891660	36345
chr5	177855315	178055315	harbor2	chr5	177893015	177893270	SINE/MIR	1181	+	128	177893143	37828
chr5	177855315	178055315	harbor2	chr5	177894446	177894590	SINE/MIR	424	+	72	177894518	39203
chr5	177855315	178055315	harbor2	chr5	177926577	177926742	SINE/MIR	443	+	82	177926659	71344
chr6	154853193	155053193	harbor2	chr6	154855128	154855268	SINE/MIR	429	+	70	154855198	2005
chr6	154853193	155053193	harbor2	chr6	154869199	154869422	SINE/MIR	847	+	112	154869311	16118
chr6	154853193	155053193	harbor2	chr6	154881978	154882219	SINE/MIR	447	+	120	154882098	28905
chr6	154853193	155053193	harbor2	chr6	154903613	154903756	SINE/MIR	710	+	72	154903685	50492
chr6	154853193	155053193	harbor2	chr6	154904144	154904202	SINE/MIR	710	+	29	154904173	50980
chr6	154853193	155053193	harbor2	chr6	154917568	154917658	SINE/MIR	552	+	45	154917613	64420
chr6	154853193	155053193	harbor2	chr6	154917953	154918097	SINE/MIR	552	+	72	154918025	64832
chr6	154853193	155053193	harbor2	chr6	154939297	154939434	SINE/MIR	485	+	68	154939365	86172
chr6	154853193	155053193	harbor2	chr6	154942671	154942813	SINE/MIR	425	+	71	154942742	89549
chr6	147752902	147952902	harbor2	chr6	147775194	147775446	SINE/MIR	843	+	126	147775320	22418
chr6	147752902	147952902	harbor2	chr6	147775738	147775987	SINE/MIR	569	+	124	147775862	22960
chr6	147752902	147952902	harbor2	chr6	147781558	147781718	SINE/MIR	602	+	80	147781638	28736
chr6	147752902	147952902	harbor2	chr6	147811011	147811148	SINE/MIR	406	+	68	147811079	58177
chr6	134559762	134759762	harbor2	chr6	134605928	134606156	SINE/MIR	716	+	114	134606042	46280
chr6	134559762	134759762	harbor2	chr6	134626696	134626876	SINE/MIR	508	+	90	134626786	67024
chr6	134559762	134759762	harbor2	chr6	134631195	134631431	SINE/MIR	598	+	118	134631313	71551
chr6	134559762	134759762	harbor2	chr6	134638405	134638636	SINE/MIR	488	+	116	134638521	78759
chr6	32911606	33111606	harbor2	chr6	32933971	32934127	SINE/MIR	550	+	78	32934049	22443
chr6	32911606	33111606	harbor2	chr6	32952645	32952778	SINE/MIR	450	+	66	32952711	41105
chr6	32911606	33111606	harbor2	chr6	32964321	32964389	SINE/MIR	720	+	34	32964355	52749
chr6	32911606	33111606	harbor2	chr6	32965067	32965204	SINE/MIR	720	+	68	32965135	53529
chr6	32911606	33111606	harbor2	chr6	33000927	33001109	SINE/MIR	686	+	91	33001018	89412
chr6	117391994	117591994	harbor2	chr6	117405762	117405991	SINE/MIR	531	+	114	117405876	13882
chr6	117391994	117591994	harbor2	chr6	117441109	117441263	SINE/MIR	454	+	77	117441186	49192
chr6	117391994	117591994	harbor2	chr6	117453686	117453812	SINE/MIR	469	+	63	117453749	61755
chr6	87619038	87819038	harbor2	chr6	87619257	87619345	SINE/MIR	407	+	44	87619301	263
chr6	87619038	87819038	harbor2	chr6	87648511	87648705	SINE/MIR	810	+	97	87648608	29570
chr6	87619038	87819038	harbor2	chr6	87718180	87718285	SINE/MIR	783	+	52	87718232	99194
chr6	87619038	87819038	harbor2	chr6	87718568	87718680	SINE/MIR	783	+	56	87718624	99586
chr6	64360058	64560058	harbor2	chr6	64377415	64377653	SINE/MIR	699	+	119	64377534	17476
chr6	64360058	64560058	harbor2	chr6	64377816	64378008	SINE/MIR	749	+	96	64377912	17854
chr6	146996369	147196369	harbor2	chr6	147023067	147023280	SINE/MIR	431	+	106	147023173	26804
chr6	146996369	147196369	harbor2	chr6	147052569	147052718	SINE/MIR	496	+	74	147052643	56274
chr6	146996369	147196369	harbor2	chr6	147068613	147068770	SINE/MIR	559	+	78	147068691	72322
chr6	146996369	147196369	harbor2	chr6	147074933	147075120	SINE/MIR	703	+	94	147075027	78658
chr6	146996369	147196369	harbor2	chr6	147092564	147092804	SINE/MIR	510	+	120	147092684	96315
chr6	169805082	170005082	harbor2	chr6	169832914	169833112	SINE/MIR	452	+	99	169833013	27931
chr6	157449195	157649195	harbor2	chr6	157449853	157450084	SINE/MIR	747	+	116	157449969	774
chr6	157449195	157649195	harbor2	chr6	157479084	157479312	SINE/MIR	985	+	114	157479198	30003
chr6	157449195	157649195	harbor2	chr6	157545749	157545982	SINE/MIR	503	+	116	157545865	96670
chr6	167018813	167218813	harbor2	chr6	167035469	167035562	SINE/MIR	502	+	46	167035515	16702
chr6	167018813	167218813	harbor2	chr6	167035866	167036011	SINE/MIR	502	+	72	167035938	17125
chr6	167018813	167218813	harbor2	chr6	167047316	167047556	SINE/MIR	528	+	120	167047436	28623
chr6	167018813	167218813	harbor2	chr6	167118661	167118843	SINE/MIR	440	+	91	167118752	99939
chr6	167018813	167218813	harbor2	chr6	167034675	167034891	SINE/MIR	453	+	108	167034783	15970
chr6	147994489	148194489	harbor2	chr6	148040634	148040803	SINE/MIR	485	+	84	148040718	46229
chr6	147994489	148194489	harbor2	chr6	148041078	148041089	SINE/MIR	485	+	6	148041084	46595
chr6	147994489	148194489	harbor2	chr6	148067254	148067513	SINE/MIR	407	+	130	148067384	72895
chr6	126158213	126358213	harbor2	chr6	126189107	126189351	SINE/MIR	515	+	122	126189229	31016
chr6	160805082	161005082	harbor2	chr6	160872995	160873227	SINE/MIR	702	+	116	160873111	68029
chr6	160076132	160276132	harbor2	chr6	160122777	160122954	SINE/MIR	559	+	88	160122865	46733
chr6	160076132	160276132	harbor2	chr6	160138138	160138356	SINE/MIR	610	+	109	160138247	62115
chr6	160076132	160276132	harbor2	chr6	160156637	160156882	SINE/MIR	580	+	122	160156759	80627
chr6	168167081	168367081	harbor2	chr6	168205330	168205496	SINE/MIR	428	+	83	168205413	38332
chr6	126662571	126862571	harbor2	chr6	126711146	126711271	SINE/MIR	432	+	62	126711208	48637
chr6	126662571	126862571	harbor2	chr6	126712656	126712818	SINE/MIR	433	+	81	126712737	50166
chr6	126662571	126862571	harbor2	chr6	126742208	126742377	SINE/MIR	413	+	84	126742292	79721
chr6	126662571	126862571	harbor2	chr6	126744744	126744988	SINE/MIR	595	+	122	126744866	82295
chr6	126662571	126862571	harbor2	chr6	126680989	126681172	SINE/MIR	607	+	92	126681081	18510
chr6	136668064	136868064	harbor2	chr6	136718035	136718193	SINE/MIR	429	+	79	136718114	50050
chr6	136668064	136868064	harbor2	chr6	136729283	136729432	SINE/MIR	429	+	74	136729357	61293
chr6	109862555	110062555	harbor2	chr6	109903907	109904080	SINE/MIR	620	+	86	109903993	41438
chr6	109862555	110062555	harbor2	chr6	109911153	109911306	SINE/MIR	445	+	76	109911229	48674
chr6	109862555	110062555	harbor2	chr6	109947731	109947941	SINE/MIR	511	+	105	109947836	85281
chr6	109862555	110062555	harbor2	chr6	109947968	109948202	SINE/MIR	604	+	117	109948085	85530
chr6	109862555	110062555	harbor2	chr6	109952227	109952470	SINE/MIR	877	+	122	109952349	89794
chr6	156251792	156451792	harbor2	chr6	156260461	156260710	SINE/MIR	579	+	124	156260585	8793
chr6	156251792	156451792	harbor2	chr6	156313920	156314169	SINE/MIR	631	+	124	156314044	62252
chr6	156251792	156451792	harbor2	chr6	156335791	156335941	SINE/MIR	448	+	75	156335866	84074
chr6	156251792	156451792	harbor2	chr6	156340122	156340304	SINE/MIR	643	+	91	156340213	88421
chr6	156251792	156451792	harbor2	chr6	156349934	156350185	SINE/MIR	483	+	126	156350060	98268
chr6	137792133	137992133	harbor2	chr6	137825243	137825362	SINE/MIR	494	+	60	137825303	33170
chr6	137792133	137992133	harbor2	chr6	137850241	137850485	SINE/MIR	509	+	122	137850363	58230
chr6	92717677	92917677	harbor2	chr6	92763338	92763500	SINE/MIR	417	+	81	92763419	45742
chr6	92717677	92917677	harbor2	chr6	92764015	92764098	SINE/MIR	417	+	42	92764057	46380
chr6	168080923	168280923	harbor2	chr6	168120194	168120336	SINE/MIR	412	+	71	168120265	39342
chr6	168080923	168280923	harbor2	chr6	168149661	168149797	SINE/MIR	466	+	68	168149729	68806
chr6	168080923	168280923	harbor2	chr6	168159976	168160122	SINE/MIR	487	+	73	168160049	79126
chr6	143322697	143522697	harbor2	chr6	143366847	143367028	SINE/MIR	665	+	90	143366937	44240
chr6	143322697	143522697	harbor2	chr6	143378560	143378707	SINE/MIR	471	+	74	143378634	55937
chr6	143322697	143522697	harbor2	chr6	143409995	143410143	SINE/MIR	620	+	74	143410069	87372
chr6	143322697	143522697	harbor2	chr6	143415407	143415533	SINE/MIR	568	+	63	143415470	92773
chr6	143322697	143522697	harbor2	chr6	143416863	143417095	SINE/MIR	604	+	116	143416979	94282
chr6	170559918	170759918	harbor2	chr6	170564207	170564426	SINE/MIR	603	+	110	170564317	4399
chr6	170559918	170759918	harbor2	chr6	170637655	170637786	SINE/MIR	415	+	66	170637721	77803
chr6	151326930	151526930	harbor2	chr6	151398498	151398688	SINE/MIR	499	+	95	151398593	71663
chr6	117397691	117597691	harbor2	chr6	117405762	117405991	SINE/MIR	531	+	114	117405876	8185
chr6	117397691	117597691	harbor2	chr6	117441109	117441263	SINE/MIR	454	+	77	117441186	43495
chr6	117397691	117597691	harbor2	chr6	117453686	117453812	SINE/MIR	469	+	63	117453749	56058
chr6	137038447	137238447	harbor2	chr6	137087751	137087988	SINE/MIR	440	+	118	137087869	49422
chr6	170009053	170209053	harbor2	chr6	170017729	170017934	SINE/MIR	839	+	102	170017831	8778
chr6	170009053	170209053	harbor2	chr6	170048983	170049142	SINE/MIR	464	+	80	170049063	40010
chr6	142768397	142968397	harbor2	chr6	142798694	142798929	SINE/MIR	585	+	118	142798812	30415
chr6	142768397	142968397	harbor2	chr6	142801603	142801773	SINE/MIR	524	+	85	142801688	33291
chr6	142768397	142968397	harbor2	chr6	142809979	142810212	SINE/MIR	547	+	116	142810095	41698
chr6	142768397	142968397	harbor2	chr6	142821392	142821545	SINE/MIR	657	+	76	142821468	53071
chr6	142768397	142968397	harbor2	chr6	142865924	142866099	SINE/MIR	691	+	88	142866012	97615
chr6	142768397	142968397	harbor2	chr6	142866100	142866355	SINE/MIR	869	+	128	142866228	97831
chr6	116415250	116615250	harbor2	chr6	116418764	116418976	SINE/MIR	404	+	106	116418870	3620
chr6	116415250	116615250	harbor2	chr6	116470711	116470890	SINE/MIR	528	+	90	116470801	55551
chr6	116415250	116615250	harbor2	chr6	116513814	116514040	SINE/MIR	667	+	113	116513927	98677
chr6	169444309	169644309	harbor2	chr6	169444922	169445031	SINE/MIR	433	+	54	169444976	667
chr6	169444309	169644309	harbor2	chr6	169445443	169445585	SINE/MIR	428	+	71	169445514	1205
chr6	169444309	169644309	harbor2	chr6	169472388	169472603	SINE/MIR	668	+	108	169472496	28187
chr6	169444309	169644309	harbor2	chr6	169487011	169487230	SINE/MIR	716	+	110	169487121	42812
chr6	160075488	160275488	harbor2	chr6	160122777	160122954	SINE/MIR	559	+	88	160122865	47377
chr6	160075488	160275488	harbor2	chr6	160138138	160138356	SINE/MIR	610	+	109	160138247	62759
chr6	160075488	160275488	harbor2	chr6	160156637	160156882	SINE/MIR	580	+	122	160156759	81271
chr6	166757498	166957498	harbor2	chr6	166763343	166763538	SINE/MIR	590	+	98	166763441	5943
chr6	120198271	120398271	harbor2	chr6	120221449	120221673	SINE/MIR	409	+	112	120221561	23290
chr6	138742411	138942411	harbor2	chr6	138747748	138747950	SINE/MIR	596	+	101	138747849	5438
chr6	138742411	138942411	harbor2	chr6	138752518	138752665	SINE/MIR	448	+	74	138752592	10181
chr6	138742411	138942411	harbor2	chr6	138752894	138752978	SINE/MIR	448	+	42	138752936	10525
chr6	138742411	138942411	harbor2	chr6	138763859	138764055	SINE/MIR	614	+	98	138763957	21546
chr6	143926713	144126713	harbor2	chr6	143967052	143967234	SINE/MIR	811	+	91	143967143	40430
chr6	143926713	144126713	harbor2	chr6	143969189	143969431	SINE/MIR	604	+	121	143969310	42597
chr6	143926713	144126713	harbor2	chr6	143975301	143975525	SINE/MIR	657	+	112	143975413	48700
chr6	143926713	144126713	harbor2	chr6	143995006	143995203	SINE/MIR	487	+	98	143995104	68391
chr6	143926713	144126713	harbor2	chr6	143998350	143998512	SINE/MIR	622	+	81	143998431	71718
chr6	121407771	121607771	harbor2	chr6	121457713	121457875	SINE/MIR	454	+	81	121457794	50023
chr6	121407771	121607771	harbor2	chr6	121493140	121493206	SINE/MIR	413	+	33	121493173	85402
chr6	121407771	121607771	harbor2	chr6	121493503	121493659	SINE/MIR	413	+	78	121493581	85810
chr6	121407771	121607771	harbor2	chr6	121494470	121494481	SINE/MIR	413	+	6	121494476	86705
chr6	131478144	131678144	harbor2	chr6	131576341	131576568	SINE/MIR	486	+	114	131576455	98311
chr6	158458891	158658891	harbor2	chr6	158510328	158510475	SINE/MIR	421	+	74	158510402	51511
chr6	156640321	156840321	harbor2	chr6	156695314	156695470	SINE/MIR	498	+	78	156695392	55071
chr6	156640321	156840321	harbor2	chr6	156716000	156716223	SINE/MIR	613	+	112	156716112	75791
chr6	156640321	156840321	harbor2	chr6	156733028	156733246	SINE/MIR	804	+	109	156733137	92816
chr6	104354913	104554913	harbor2	chr6	104364327	104364555	SINE/MIR	581	+	114	104364441	9528
chr6	104354913	104554913	harbor2	chr6	104366724	104366948	SINE/MIR	757	+	112	104366836	11923
chr6	104354913	104554913	harbor2	chr6	104409007	104409149	SINE/MIR	471	+	71	104409078	54165
chr6	104354913	104554913	harbor2	chr6	104441668	104441907	SINE/MIR	584	+	120	104441788	86875
chr6	104354913	104554913	harbor2	chr6	104443495	104443722	SINE/MIR	558	+	114	104443609	88696
chr6	170170303	170370303	harbor2	chr6	170209115	170209337	SINE/MIR	599	+	111	170209226	38923
chr6	138272525	138472525	harbor2	chr6	138284646	138284759	SINE/MIR	430	+	56	138284702	12177
chr6	138272525	138472525	harbor2	chr6	138285064	138285180	SINE/MIR	430	+	58	138285122	12597
chr6	120178455	120378455	harbor2	chr6	120221449	120221673	SINE/MIR	409	+	112	120221561	43106
chr6	163858386	164058386	harbor2	chr6	163858454	163858711	SINE/MIR	414	+	128	163858582	196
chr6	163858386	164058386	harbor2	chr6	163871697	163871932	SINE/MIR	557	+	118	163871815	13429
chr6	163858386	164058386	harbor2	chr6	163893714	163893871	SINE/MIR	625	+	78	163893792	35406
chr6	162897383	163097383	harbor2	chr6	162898519	162898763	SINE/MIR	1227	+	122	162898641	1258
chr6	162897383	163097383	harbor2	chr6	162909969	162910131	SINE/MIR	630	+	81	162910050	12667
chr6	52232936	52432936	harbor2	chr6	52258514	52258657	SINE/MIR	409	+	72	52258586	25650
chr6	52232936	52432936	harbor2	chr6	52275296	52275462	SINE/MIR	550	+	83	52275379	42443
chr6	52232936	52432936	harbor2	chr6	52287467	52287683	SINE/MIR	581	+	108	52287575	54639
chr6	52232936	52432936	harbor2	chr6	52311351	52311539	SINE/MIR	505	+	94	52311445	78509
chr6	167637920	167837920	harbor2	chr6	167665897	167666029	SINE/MIR	572	+	66	167665963	28043
chr6	140734169	140934169	harbor2	chr6	140740651	140740877	SINE/MIR	601	+	113	140740764	6595
chr6	160819102	161019102	harbor2	chr6	160872995	160873227	SINE/MIR	702	+	116	160873111	54009
chr6	165866052	166066052	harbor2	chr6	165941048	165941265	SINE/MIR	558	+	108	165941156	75104
chr6	100687550	100887550	harbor2	chr6	100691812	100692022	SINE/MIR	572	+	105	100691917	4367
chr6	100687550	100887550	harbor2	chr6	100714449	100714651	SINE/MIR	417	+	101	100714550	27000
chr6	100687550	100887550	harbor2	chr6	100734401	100734648	SINE/MIR	716	+	124	100734525	46975
chr6	117141258	117341258	harbor2	chr6	117156026	117156188	SINE/MIR	488	+	81	117156107	14849
chr6	133039814	133239814	harbor2	chr6	133054219	133054400	SINE/MIR	492	+	90	133054309	14495
chr6	133039814	133239814	harbor2	chr6	133054506	133054685	SINE/MIR	582	+	90	133054596	14782
chr6	133039814	133239814	harbor2	chr6	133061527	133061782	SINE/MIR	655	+	128	133061655	21841
chr6	133039814	133239814	harbor2	chr6	133106387	133106617	SINE/MIR	431	+	115	133106502	66688
chr6	133039814	133239814	harbor2	chr6	133107606	133107636	SINE/MIR	430	+	15	133107621	67807
chr6	133039814	133239814	harbor2	chr6	133107751	133107984	SINE/MIR	488	+	116	133107867	68053
chr6	40958407	41158407	harbor2	chr6	40961963	40962184	SINE/MIR	676	+	110	40962073	3666
chr6	40958407	41158407	harbor2	chr6	40969683	40969910	SINE/MIR	624	+	114	40969797	11390
chr6	40958407	41158407	harbor2	chr6	41013133	41013171	SINE/MIR	641	+	19	41013152	54745
chr6	40958407	41158407	harbor2	chr6	41013458	41013669	SINE/MIR	641	+	106	41013564	55157
chr6	40958407	41158407	harbor2	chr6	41014567	41014753	SINE/MIR	748	+	93	41014660	56253
chr6	40958407	41158407	harbor2	chr6	41040093	41040312	SINE/MIR	526	+	110	41040203	81796
chr6	40958407	41158407	harbor2	chr6	41049235	41049424	SINE/MIR	806	+	94	41049329	90922
chr6	40958407	41158407	harbor2	chr6	41049448	41049611	SINE/MIR	419	+	82	41049530	91123
chr6	40958407	41158407	harbor2	chr6	41050473	41050690	SINE/MIR	532	+	108	41050581	92174
chr6	154028228	154228228	harbor2	chr6	154074129	154074340	SINE/MIR	871	+	106	154074235	46007
chr6	154028228	154228228	harbor2	chr6	154075794	154075947	SINE/MIR	460	+	76	154075870	47642
chr6	154669208	154869208	harbor2	chr6	154677897	154678039	SINE/MIR	670	+	71	154677968	8760
chr6	154669208	154869208	harbor2	chr6	154678349	154678446	SINE/MIR	670	+	48	154678397	9189
chr6	32827818	33027818	harbor2	chr6	32828029	32828271	SINE/MIR	862	+	121	32828150	332
chr6	32827818	33027818	harbor2	chr6	32846109	32846303	SINE/MIR	606	+	97	32846206	18388
chr6	32827818	33027818	harbor2	chr6	32851604	32851790	SINE/MIR	441	+	93	32851697	23879
chr6	32827818	33027818	harbor2	chr6	32855205	32855366	SINE/MIR	465	+	80	32855285	27467
chr6	99849662	100049662	harbor2	chr6	99877029	99877169	SINE/MIR	466	+	70	99877099	27437
chr6	99849662	100049662	harbor2	chr6	99914763	99914926	SINE/MIR	668	+	82	99914845	65183
chr6	99849662	100049662	harbor2	chr6	99947310	99947456	SINE/MIR	486	+	73	99947383	97721
chr6	136112426	136312426	harbor2	chr6	136132397	136132617	SINE/MIR	565	+	110	136132507	20081
chr6	136112426	136312426	harbor2	chr6	136185281	136185485	SINE/MIR	803	+	102	136185383	72957
chr6	136112426	136312426	harbor2	chr6	136185775	136185859	SINE/MIR	803	+	42	136185817	73391
chr6	136112426	136312426	harbor2	chr6	136197351	136197384	SINE/MIR	501	+	16	136197367	84941
chr6	136112426	136312426	harbor2	chr6	136197681	136197891	SINE/MIR	687	+	105	136197786	85360
chr6	136112426	136312426	harbor2	chr6	136199252	136199448	SINE/MIR	879	+	98	136199350	86924
chr6	71396240	71596240	harbor2	chr6	71396433	71396610	SINE/MIR	808	+	88	71396521	281
chr6	71396240	71596240	harbor2	chr6	71463828	71464037	SINE/MIR	628	+	104	71463932	67692
chr6	71396240	71596240	harbor2	chr6	71490082	71490291	SINE/MIR	552	+	104	71490186	93946
chr6	71396240	71596240	harbor2	chr6	71492430	71492624	SINE/MIR	630	+	97	71492527	96287
chr6	151647523	151847523	harbor2	chr6	151660334	151660511	SINE/MIR	480	+	88	151660422	12899
chr6	151647523	151847523	harbor2	chr6	151669533	151669761	SINE/MIR	647	+	114	151669647	22124
chr6	151647523	151847523	harbor2	chr6	151688357	151688502	SINE/MIR	414	+	72	151688429	40906
chr6	151647523	151847523	harbor2	chr6	151692991	151693142	SINE/MIR	456	+	76	151693067	45544
chr6	151647523	151847523	harbor2	chr6	151694359	151694501	SINE/MIR	426	+	71	151694430	46907
chr6	151647523	151847523	harbor2	chr6	151728089	151728313	SINE/MIR	416	+	112	151728201	80678
chr6	151647523	151847523	harbor2	chr6	151739129	151739319	SINE/MIR	468	+	95	151739224	91701
chr6	151647523	151847523	harbor2	chr6	151742493	151742690	SINE/MIR	477	+	98	151742591	95068
chr6	151647523	151847523	harbor2	chr6	151746767	151746965	SINE/MIR	572	+	99	151746866	99343
chr6	169166830	169366830	harbor2	chr6	169174464	169174676	SINE/MIR	553	+	106	169174570	7740
chr6	169166830	169366830	harbor2	chr6	169251960	169252079	SINE/MIR	459	+	60	169252020	85190
chr6	121739027	121939027	harbor2	chr6	121788246	121788432	SINE/MIR	759	+	93	121788339	49312
chr6	121739027	121939027	harbor2	chr6	121788567	121788633	SINE/MIR	759	+	33	121788600	49573
chr6	121739027	121939027	harbor2	chr6	121805748	121805893	SINE/MIR	490	+	72	121805820	66793
chr6	121739027	121939027	harbor2	chr6	121812854	121812950	SINE/MIR	524	+	48	121812902	73875
chr6	101347768	101547768	harbor2	chr6	101374464	101374659	SINE/MIR	460	+	98	101374562	26794
chr6	101347768	101547768	harbor2	chr6	101388392	101388516	SINE/MIR	421	+	62	101388454	40686
chr6	101347768	101547768	harbor2	chr6	101415762	101415986	SINE/MIR	471	+	112	101415874	68106
chr6	101347768	101547768	harbor2	chr6	101426153	101426326	SINE/MIR	495	+	86	101426239	78471
chr6	101347768	101547768	harbor2	chr6	101433347	101433537	SINE/MIR	649	+	95	101433442	85674
chr6	23470817	23670817	harbor2	chr6	23489299	23489472	SINE/MIR	489	+	86	23489385	18568
chr6	23470817	23670817	harbor2	chr6	23493305	23493486	SINE/MIR	515	+	90	23493395	22578
chr6	23470817	23670817	harbor2	chr6	23497171	23497383	SINE/MIR	453	+	106	23497277	26460
chr6	23470817	23670817	harbor2	chr6	23497723	23497961	SINE/MIR	723	+	119	23497842	27025
chr6	136670815	136870815	harbor2	chr6	136718035	136718193	SINE/MIR	429	+	79	136718114	47299
chr6	136670815	136870815	harbor2	chr6	136729283	136729432	SINE/MIR	429	+	74	136729357	58542
chr6	152706295	152906295	harbor2	chr6	152719385	152719608	SINE/MIR	449	+	112	152719497	13202
chr6	152706295	152906295	harbor2	chr6	152738517	152738708	SINE/MIR	535	+	96	152738613	32318
chr6	152706295	152906295	harbor2	chr6	152799609	152799720	SINE/MIR	423	+	56	152799665	93370
chr6	54323020	54523020	harbor2	chr6	54336120	54336258	SINE/MIR	407	+	69	54336189	13169
chr6	54323020	54523020	harbor2	chr6	54371210	54371380	SINE/MIR	523	+	85	54371295	48275
chr6	82833365	83033365	harbor2	chr6	82842658	82842834	SINE/MIR	729	+	88	82842746	9381
chr6	82833365	83033365	harbor2	chr6	82881713	82881951	SINE/MIR	557	+	119	82881832	48467
chr6	82833365	83033365	harbor2	chr6	82913048	82913296	SINE/MIR	512	+	124	82913172	79807
chr6	82833365	83033365	harbor2	chr6	82920535	82920707	SINE/MIR	427	+	86	82920621	87256
chr6	145366836	145566836	harbor2	chr6	145461954	145462077	SINE/MIR	585	+	62	145462016	95180
chr6	141947491	142147491	harbor2	chr6	142010393	142010593	SINE/MIR	679	+	100	142010493	63002
chr6	141947491	142147491	harbor2	chr6	142038203	142038356	SINE/MIR	586	+	76	142038279	90788
chr6	141947491	142147491	harbor2	chr6	142040863	142041078	SINE/MIR	509	+	108	142040971	93480
chr6	152370457	152570457	harbor2	chr6	152438900	152439139	SINE/MIR	557	+	120	152439020	68563
chr6	152370457	152570457	harbor2	chr6	152441757	152441993	SINE/MIR	432	+	118	152441875	71418
chr6	163623889	163823889	harbor2	chr6	163663090	163663308	SINE/MIR	503	+	109	163663199	39310
chr6	163623889	163823889	harbor2	chr6	163685834	163686060	SINE/MIR	627	+	113	163685947	62058
chr6	163623889	163823889	harbor2	chr6	163718630	163718790	SINE/MIR	513	+	80	163718710	94821
chr6	139086959	139286959	harbor2	chr6	139139197	139139353	SINE/MIR	541	+	78	139139275	52316
chr6	139086959	139286959	harbor2	chr6	139172708	139172931	SINE/MIR	469	+	112	139172820	85861
chr6	134063581	134263581	harbor2	chr6	134116830	134117010	SINE/MIR	440	+	90	134116920	53339
chr6	134063581	134263581	harbor2	chr6	134133436	134133572	SINE/MIR	494	+	68	134133504	69923
chr6	134063581	134263581	harbor2	chr6	134133890	134133983	SINE/MIR	494	+	46	134133936	70355
chr6	134063581	134263581	harbor2	chr6	134143224	134143458	SINE/MIR	542	+	117	134143341	79760
chr6	149453618	149653618	harbor2	chr6	149489730	149489957	SINE/MIR	842	+	114	149489844	36226
chr6	149453618	149653618	harbor2	chr6	149524124	149524364	SINE/MIR	614	+	120	149524244	70626
chr6	78471644	78671644	harbor2	chr6	78483662	78483912	SINE/MIR	879	+	125	78483787	12143
chr6	78471644	78671644	harbor2	chr6	78513575	78513793	SINE/MIR	403	+	109	78513684	42040
chr6	78471644	78671644	harbor2	chr6	78529084	78529195	SINE/MIR	459	+	56	78529140	57496
chr6	78471644	78671644	harbor2	chr6	78545619	78545826	SINE/MIR	514	+	104	78545723	74079
chr6	113261684	113461684	harbor2	chr6	113297928	113298108	SINE/MIR	429	+	90	113298018	36334
chr6	113261684	113461684	harbor2	chr6	113298851	113299076	SINE/MIR	647	+	112	113298963	37279
chr6	113261684	113461684	harbor2	chr6	113330526	113330736	SINE/MIR	676	+	105	113330631	68947
chr6	113261684	113461684	harbor2	chr6	113331258	113331460	SINE/MIR	412	+	101	113331359	69675
chr6	113261684	113461684	harbor2	chr6	113358272	113358510	SINE/MIR	871	+	119	113358391	96707
chr6	162923589	163123589	harbor2	chr6	162997947	162998109	SINE/MIR	644	+	81	162998028	74439
chr6	131091366	131291366	harbor2	chr6	131097721	131097880	SINE/MIR	467	+	80	131097801	6435
chr6	131091366	131291366	harbor2	chr6	131138622	131138859	SINE/MIR	546	+	118	131138740	47374
chr6	131091366	131291366	harbor2	chr6	131162357	131162531	SINE/MIR	406	+	87	131162444	71078
chr6	131091366	131291366	harbor2	chr6	131178194	131178414	SINE/MIR	778	+	110	131178304	86938
chr6	146555565	146755565	harbor2	chr6	146595183	146595346	SINE/MIR	432	+	82	146595265	39700
chr6	146555565	146755565	harbor2	chr6	146595368	146595597	SINE/MIR	715	+	114	146595482	39917
chr6	154264818	154464818	harbor2	chr6	154272019	154272222	SINE/MIR	579	+	102	154272121	7303
chr6	154264818	154464818	harbor2	chr6	154302381	154302467	SINE/MIR	483	+	43	154302424	37606
chr6	154264818	154464818	harbor2	chr6	154302775	154302900	SINE/MIR	483	+	62	154302837	38019
chr6	154264818	154464818	harbor2	chr6	154334675	154334791	SINE/MIR	437	+	58	154334733	69915
chr6	154264818	154464818	harbor2	chr6	154347309	154347529	SINE/MIR	603	+	110	154347419	82601
chr6	154264818	154464818	harbor2	chr6	154351621	154351787	SINE/MIR	422	+	83	154351704	86886
chr6	135040120	135240120	harbor2	chr6	135064632	135064797	SINE/MIR	444	+	82	135064714	24594
chr6	135040120	135240120	harbor2	chr6	135093478	135093638	SINE/MIR	531	+	80	135093558	53438
chr6	135040120	135240120	harbor2	chr6	135093883	135093992	SINE/MIR	412	+	54	135093937	53817
chr6	135040120	135240120	harbor2	chr6	135096964	135097142	SINE/MIR	474	+	89	135097053	56933
chr6	135040120	135240120	harbor2	chr6	135123457	135123701	SINE/MIR	790	+	122	135123579	83459
chr6	135040120	135240120	harbor2	chr6	135136899	135137089	SINE/MIR	430	+	95	135136994	96874
chr6	135040120	135240120	harbor2	chr6	135118768	135118955	SINE/MIR	511	+	94	135118862	78742
chr6	128975435	129175435	harbor2	chr6	128989417	128989645	SINE/MIR	574	+	114	128989531	14096
chr6	128975435	129175435	harbor2	chr6	129047937	129048175	SINE/MIR	849	+	119	129048056	72621
chr6	154031366	154231366	harbor2	chr6	154074129	154074340	SINE/MIR	871	+	106	154074235	42869
chr6	154031366	154231366	harbor2	chr6	154075794	154075947	SINE/MIR	460	+	76	154075870	44504
chr6	99309516	99509516	harbor2	chr6	99317553	99317679	SINE/MIR	469	+	63	99317616	8100
chr6	99309516	99509516	harbor2	chr6	99336621	99336787	SINE/MIR	414	+	83	99336704	27188
chr6	99309516	99509516	harbor2	chr6	99346718	99346883	SINE/MIR	555	+	82	99346800	37284
chr6	99309516	99509516	harbor2	chr6	99358639	99358851	SINE/MIR	755	+	106	99358745	49229
chr6	99309516	99509516	harbor2	chr6	99370035	99370250	SINE/MIR	687	+	108	99370143	60627
chr6	99309516	99509516	harbor2	chr6	99374671	99374920	SINE/MIR	423	+	124	99374795	65279
chr6	138174642	138374642	harbor2	chr6	138191225	138191389	SINE/MIR	536	+	82	138191307	16665
chr6	138174642	138374642	harbor2	chr6	138203249	138203412	SINE/MIR	577	+	82	138203331	28689
chr6	138174642	138374642	harbor2	chr6	138210976	138211211	SINE/MIR	1011	+	118	138211094	36452
chr6	138174642	138374642	harbor2	chr6	138218245	138218368	SINE/MIR	457	+	62	138218307	43665
chr6	138174642	138374642	harbor2	chr6	138229246	138229445	SINE/MIR	441	+	100	138229346	54704
chr6	138174642	138374642	harbor2	chr6	138231387	138231611	SINE/MIR	409	+	112	138231499	56857
chr6	138174642	138374642	harbor2	chr6	138270494	138270659	SINE/MIR	439	+	82	138270576	95934
chr6	109200460	109400460	harbor2	chr6	109258128	109258344	SINE/MIR	567	+	108	109258236	57776
chr6	109200460	109400460	harbor2	chr6	109260906	109261115	SINE/MIR	605	+	104	109261010	60550
chr6	151078002	151278002	harbor2	chr6	151083882	151084019	SINE/MIR	450	+	68	151083950	5948
chr6	151078002	151278002	harbor2	chr6	151091528	151091702	SINE/MIR	417	+	87	151091615	13613
chr6	151078002	151278002	harbor2	chr6	151091741	151091990	SINE/MIR	783	+	124	151091865	13863
chr6	151078002	151278002	harbor2	chr6	151113747	151113980	SINE/MIR	819	+	116	151113863	35861
chr6	163383938	163583938	harbor2	chr6	163384696	163384861	SINE/MIR	660	+	82	163384778	840
chr6	163383938	163583938	harbor2	chr6	163412316	163412541	SINE/MIR	633	+	112	163412428	28490
chr6	163383938	163583938	harbor2	chr6	163424397	163424560	SINE/MIR	516	+	82	163424479	40541
chr6	133797457	133997457	harbor2	chr6	133858151	133858299	SINE/MIR	454	+	74	133858225	60768
chr6	133797457	133997457	harbor2	chr6	133858617	133858692	SINE/MIR	454	+	38	133858655	61198
chr6	133797457	133997457	harbor2	chr6	133871302	133871510	SINE/MIR	407	+	104	133871406	73949
chr6	133797457	133997457	harbor2	chr6	133883265	133883426	SINE/MIR	530	+	80	133883345	85888
chr6	158748514	158948514	harbor2	chr6	158820152	158820284	SINE/MIR	586	+	66	158820218	71704
chr6	158748514	158948514	harbor2	chr6	158821569	158821590	SINE/MIR	508	+	10	158821579	73065
chr6	158748514	158948514	harbor2	chr6	158821905	158822097	SINE/MIR	508	+	96	158822001	73487
chr6	40351030	40551030	harbor2	chr6	40381530	40381706	SINE/MIR	445	+	88	40381618	30588
chr6	40351030	40551030	harbor2	chr6	40385579	40385788	SINE/MIR	767	+	104	40385683	34653
chr6	40351030	40551030	harbor2	chr6	40388232	40388450	SINE/MIR	805	+	109	40388341	37311
chr6	40351030	40551030	harbor2	chr6	40405258	40405525	SINE/MIR	940	+	134	40405392	54362
chr6	40351030	40551030	harbor2	chr6	40406076	40406283	SINE/MIR	565	+	104	40406180	55150
chr6	40351030	40551030	harbor2	chr6	40407303	40407486	SINE/MIR	586	+	92	40407395	56365
chr6	40351030	40551030	harbor2	chr6	40408569	40408770	SINE/MIR	683	+	100	40408669	57639
chr6	40351030	40551030	harbor2	chr6	40409522	40409729	SINE/MIR	575	+	104	40409626	58596
chr6	40351030	40551030	harbor2	chr6	40410409	40410616	SINE/MIR	476	+	104	40410513	59483
chr6	40351030	40551030	harbor2	chr6	40414060	40414225	SINE/MIR	425	+	82	40414142	63112
chr6	40351030	40551030	harbor2	chr6	40414298	40414524	SINE/MIR	657	+	113	40414411	63381
chr6	40351030	40551030	harbor2	chr6	40418644	40418857	SINE/MIR	586	+	106	40418750	67720
chr6	40351030	40551030	harbor2	chr6	40427951	40428180	SINE/MIR	589	+	114	40428065	77035
chr6	40351030	40551030	harbor2	chr6	40445755	40445958	SINE/MIR	779	+	102	40445857	94827
chr6	54952777	55152777	harbor2	chr6	54982614	54982727	SINE/MIR	628	+	56	54982670	29893
chr6	54952777	55152777	harbor2	chr6	54983085	54983193	SINE/MIR	628	+	54	54983139	30362
chr6	54952777	55152777	harbor2	chr6	55048261	55048533	SINE/MIR	647	+	136	55048397	95620
chr6	158289474	158489474	harbor2	chr6	158290835	158291069	SINE/MIR	659	+	117	158290952	1478
chr6	158289474	158489474	harbor2	chr6	158327055	158327180	SINE/MIR	406	+	62	158327117	37643
chr6	158289474	158489474	harbor2	chr6	158386666	158386890	SINE/MIR	810	+	112	158386778	97304
chr6	96721693	96921693	harbor2	chr6	96797420	96797619	SINE/MIR	594	+	100	96797520	75827
chr6	96721693	96921693	harbor2	chr6	96809751	96809934	SINE/MIR	472	+	92	96809843	88150
chr6	96721693	96921693	harbor2	chr6	96821067	96821231	SINE/MIR	487	+	82	96821149	99456
chr6	120058674	120258674	harbor2	chr6	120156204	120156387	SINE/MIR	582	+	92	120156296	97622
chr6	159816175	160016175	harbor2	chr6	159854748	159854960	SINE/MIR	611	+	106	159854854	38679
chr6	159816175	160016175	harbor2	chr6	159886452	159886568	SINE/MIR	414	+	58	159886510	70335
chr6	159816175	160016175	harbor2	chr6	159908292	159908460	SINE/MIR	517	+	84	159908376	92201
chr6	104888556	105088556	harbor2	chr6	104965920	104966143	SINE/MIR	515	+	112	104966032	77476
chr6	104888556	105088556	harbor2	chr6	104966167	104966384	SINE/MIR	515	+	108	104966275	77719
chr6	157056258	157256258	harbor2	chr6	157087386	157087547	SINE/MIR	519	+	80	157087466	31208
chr6	157056258	157256258	harbor2	chr6	157145693	157145955	SINE/MIR	626	+	131	157145824	89566
chr6	53214744	53414744	harbor2	chr6	53298432	53298639	SINE/MIR	604	+	104	53298536	83792
chr6	53214744	53414744	harbor2	chr6	53307316	53307492	SINE/MIR	793	+	88	53307404	92660
chr6	112807492	113007492	harbor2	chr6	112892887	112893035	SINE/MIR	473	+	74	112892961	85469
chr6	138118626	138318626	harbor2	chr6	138122352	138122522	SINE/MIR	407	+	85	138122437	3811
chr6	138118626	138318626	harbor2	chr6	138191225	138191389	SINE/MIR	536	+	82	138191307	72681
chr6	138118626	138318626	harbor2	chr6	138203249	138203412	SINE/MIR	577	+	82	138203331	84705
chr6	138118626	138318626	harbor2	chr6	138210976	138211211	SINE/MIR	1011	+	118	138211094	92468
chr6	138118626	138318626	harbor2	chr6	138218245	138218368	SINE/MIR	457	+	62	138218307	99681
chr6	167436237	167636237	harbor2	chr6	167513060	167513270	SINE/MIR	474	+	105	167513165	76928
chr6	167436237	167636237	harbor2	chr6	167524730	167524885	SINE/MIR	426	+	78	167524808	88571
chr6	167436237	167636237	harbor2	chr6	167531615	167531786	SINE/MIR	426	+	86	167531701	95464
chr6	150052694	150252694	harbor2	chr6	150080199	150080446	SINE/MIR	564	+	124	150080323	27629
chr6	150052694	150252694	harbor2	chr6	150089960	150090188	SINE/MIR	669	+	114	150090074	37380
chr6	150052694	150252694	harbor2	chr6	150101722	150101898	SINE/MIR	582	+	88	150101810	49116
chr6	150052694	150252694	harbor2	chr6	150102056	150102253	SINE/MIR	568	+	98	150102154	49460
chr6	150052694	150252694	harbor2	chr6	150149158	150149299	SINE/MIR	418	+	70	150149228	96534
chr6	150052694	150252694	harbor2	chr6	150149597	150149696	SINE/MIR	418	+	50	150149647	96953
chr6	142190375	142390375	harbor2	chr6	142241757	142241923	SINE/MIR	417	+	83	142241840	51465
chr6	160064466	160264466	harbor2	chr6	160122777	160122954	SINE/MIR	559	+	88	160122865	58399
chr6	160064466	160264466	harbor2	chr6	160138138	160138356	SINE/MIR	610	+	109	160138247	73781
chr6	160064466	160264466	harbor2	chr6	160156637	160156882	SINE/MIR	580	+	122	160156759	92293
chr6	145395459	145595459	harbor2	chr6	145461954	145462077	SINE/MIR	585	+	62	145462016	66557
chr6	133063806	133263806	harbor2	chr6	133106387	133106617	SINE/MIR	431	+	115	133106502	42696
chr6	133063806	133263806	harbor2	chr6	133107606	133107636	SINE/MIR	430	+	15	133107621	43815
chr6	133063806	133263806	harbor2	chr6	133107751	133107984	SINE/MIR	488	+	116	133107867	44061
chr6	75257980	75457980	harbor2	chr6	75317069	75317209	SINE/MIR	584	+	70	75317139	59159
chr6	75257980	75457980	harbor2	chr6	75347183	75347332	SINE/MIR	461	+	74	75347257	89277
chr6	46453536	46653536	harbor2	chr6	46467244	46467469	SINE/MIR	800	+	112	46467356	13820
chr6	46453536	46653536	harbor2	chr6	46467578	46467740	SINE/MIR	603	+	81	46467659	14123
chr6	46453536	46653536	harbor2	chr6	46467924	46468135	SINE/MIR	407	+	106	46468030	14494
chr6	46453536	46653536	harbor2	chr6	46477404	46477620	SINE/MIR	742	+	108	46477512	23976
chr6	46453536	46653536	harbor2	chr6	46480133	46480352	SINE/MIR	702	+	110	46480243	26707
chr6	46453536	46653536	harbor2	chr6	46486209	46486366	SINE/MIR	644	+	78	46486287	32751
chr6	46453536	46653536	harbor2	chr6	46488200	46488418	SINE/MIR	675	+	109	46488309	34773
chr6	46453536	46653536	harbor2	chr6	46493131	46493223	SINE/MIR	465	+	46	46493177	39641
chr6	46453536	46653536	harbor2	chr6	46503307	46503499	SINE/MIR	434	+	96	46503403	49867
chr6	46453536	46653536	harbor2	chr6	46504689	46504888	SINE/MIR	447	+	100	46504789	51253
chr6	46453536	46653536	harbor2	chr6	46506726	46506923	SINE/MIR	527	+	98	46506824	53288
chr6	46453536	46653536	harbor2	chr6	46507737	46507944	SINE/MIR	482	+	104	46507841	54305
chr6	46453536	46653536	harbor2	chr6	46508108	46508361	SINE/MIR	476	+	126	46508234	54698
chr6	46453536	46653536	harbor2	chr6	46529551	46529725	SINE/MIR	751	+	87	46529638	76102
chr6	46453536	46653536	harbor2	chr6	46540444	46540694	SINE/MIR	786	+	125	46540569	87033
chr6	123604277	123804277	harbor2	chr6	123633387	123633608	SINE/MIR	573	+	110	123633497	29220
chr6	123604277	123804277	harbor2	chr6	123635393	123635554	SINE/MIR	490	+	80	123635473	31196
chr6	123604277	123804277	harbor2	chr6	123671369	123671593	SINE/MIR	725	+	112	123671481	67204
chr6	123604277	123804277	harbor2	chr6	123685138	123685422	SINE/MIR	567	+	142	123685280	81003
chr6	123604277	123804277	harbor2	chr6	123690122	123690331	SINE/MIR	460	+	104	123690226	85949
chr6	123604277	123804277	harbor2	chr6	123682660	123682839	SINE/MIR	596	+	90	123682750	78473
chr6	167655624	167855624	harbor2	chr6	167665897	167666029	SINE/MIR	572	+	66	167665963	10339
chr6	167655624	167855624	harbor2	chr6	167755367	167755520	SINE/MIR	455	+	76	167755443	99819
chr6	163561697	163761697	harbor2	chr6	163587396	163587583	SINE/MIR	588	+	94	163587490	25793
chr6	161055761	161255761	harbor2	chr6	161144269	161144434	SINE/MIR	475	+	82	161144351	88590
chr6	144464360	144664360	harbor2	chr6	144486820	144487007	SINE/MIR	477	+	94	144486914	22554
chr6	144464360	144664360	harbor2	chr6	144511467	144511668	SINE/MIR	612	+	100	144511567	47207
chr6	144464360	144664360	harbor2	chr6	144512013	144512251	SINE/MIR	527	+	119	144512132	47772
chr6	160396511	160596511	harbor2	chr6	160432805	160432953	SINE/MIR	419	+	74	160432879	36368
chr6	160396511	160596511	harbor2	chr6	160434352	160434588	SINE/MIR	449	+	118	160434470	37959
chr6	158267681	158467681	harbor2	chr6	158287997	158288201	SINE/MIR	506	+	102	158288099	20418
chr6	158267681	158467681	harbor2	chr6	158290835	158291069	SINE/MIR	659	+	117	158290952	23271
chr6	158267681	158467681	harbor2	chr6	158327055	158327180	SINE/MIR	406	+	62	158327117	59436
chr6	109809641	110009641	harbor2	chr6	109826950	109827112	SINE/MIR	459	+	81	109827031	17390
chr6	109809641	110009641	harbor2	chr6	109827490	109827650	SINE/MIR	465	+	80	109827570	17929
chr6	109809641	110009641	harbor2	chr6	109836981	109837216	SINE/MIR	417	+	118	109837099	27458
chr6	109809641	110009641	harbor2	chr6	109855021	109855233	SINE/MIR	714	+	106	109855127	45486
chr6	109809641	110009641	harbor2	chr6	109903907	109904080	SINE/MIR	620	+	86	109903993	94352
chr6	123724269	123924269	harbor2	chr6	123781586	123781775	SINE/MIR	485	+	94	123781680	57411
chr6	123724269	123924269	harbor2	chr6	123786066	123786278	SINE/MIR	699	+	106	123786172	61903
chr6	123724269	123924269	harbor2	chr6	123822701	123822911	SINE/MIR	495	+	105	123822806	98537
chr6	163221141	163421141	harbor2	chr6	163290550	163290719	SINE/MIR	426	+	84	163290634	69493
chr6	163221141	163421141	harbor2	chr6	163294948	163295100	SINE/MIR	457	+	76	163295024	73883
chr6	163221141	163421141	harbor2	chr6	163318633	163318812	SINE/MIR	424	+	90	163318723	97582
chr6	132759691	132959691	harbor2	chr6	132763935	132764065	SINE/MIR	611	+	65	132764000	4309
chr6	132759691	132959691	harbor2	chr6	132811509	132811735	SINE/MIR	553	+	113	132811622	51931
chr6	132759691	132959691	harbor2	chr6	132832147	132832384	SINE/MIR	673	+	118	132832265	72574
chr6	132759691	132959691	harbor2	chr6	132856652	132856852	SINE/MIR	545	+	100	132856752	97061
chr6	125733260	125933260	harbor2	chr6	125740706	125740958	SINE/MIR	588	+	126	125740832	7572
chr6	125733260	125933260	harbor2	chr6	125756642	125756871	SINE/MIR	705	+	114	125756756	23496
chr6	125733260	125933260	harbor2	chr6	125798233	125798483	SINE/MIR	721	+	125	125798358	65098
chr6	125733260	125933260	harbor2	chr6	125805504	125805712	SINE/MIR	508	+	104	125805608	72348
chr6	125733260	125933260	harbor2	chr6	125824400	125824525	SINE/MIR	494	+	62	125824462	91202
chr6	71937132	72137132	harbor2	chr6	71939907	71940128	SINE/MIR	566	+	110	71940017	2885
chr6	71937132	72137132	harbor2	chr6	71958027	71958139	SINE/MIR	463	+	56	71958083	20951
chr6	71937132	72137132	harbor2	chr6	71963192	71963441	SINE/MIR	421	+	124	71963316	26184
chr6	71937132	72137132	harbor2	chr6	72024363	72024510	SINE/MIR	550	+	74	72024437	87305
chr6	71937132	72137132	harbor2	chr6	72035024	72035245	SINE/MIR	677	+	110	72035134	98002
chr6	44714436	44914436	harbor2	chr6	44727111	44727288	SINE/MIR	562	+	88	44727199	12763
chr6	44714436	44914436	harbor2	chr6	44740734	44740925	SINE/MIR	543	+	96	44740830	26394
chr6	44714436	44914436	harbor2	chr6	44791276	44791406	SINE/MIR	597	+	65	44791341	76905
chr6	44714436	44914436	harbor2	chr6	44797824	44798079	SINE/MIR	675	+	128	44797952	83516
chr6	44714436	44914436	harbor2	chr6	44801950	44802097	SINE/MIR	417	+	74	44802024	87588
chr6	61443781	61643781	harbor2	chr6	61525975	61526168	SINE/MIR	421	+	96	61526071	82290
chr6	61443781	61643781	harbor2	chr6	61528552	61528791	SINE/MIR	531	+	120	61528672	84891
chr6	75266533	75466533	harbor2	chr6	75317069	75317209	SINE/MIR	584	+	70	75317139	50606
chr6	75266533	75466533	harbor2	chr6	75347183	75347332	SINE/MIR	461	+	74	75347257	80724
chr6	168029120	168229120	harbor2	chr6	168120194	168120336	SINE/MIR	412	+	71	168120265	91145
chr6	98349827	98549827	harbor2	chr6	98352107	98352261	SINE/MIR	684	+	77	98352184	2357
chr6	98349827	98549827	harbor2	chr6	98425752	98425989	SINE/MIR	1188	+	118	98425870	76043
chr6	50335995	50535995	harbor2	chr6	50338021	50338239	SINE/MIR	500	+	109	50338130	2135
chr6	50335995	50535995	harbor2	chr6	50368319	50368487	SINE/MIR	441	+	84	50368403	32408
chr6	50335995	50535995	harbor2	chr6	50385051	50385324	SINE/MIR	510	+	136	50385187	49192
chr6	156748774	156948774	harbor2	chr6	156789746	156789863	SINE/MIR	463	+	58	156789804	41030
chr6	170632755	170832755	harbor2	chr6	170637655	170637786	SINE/MIR	415	+	66	170637721	4966
chr6	170632755	170832755	harbor2	chr6	170681192	170681328	SINE/MIR	413	+	68	170681260	48505
chr6	170632755	170832755	harbor2	chr6	170694663	170694807	SINE/MIR	571	+	72	170694735	61980
chr6	170632755	170832755	harbor2	chr6	170703952	170704160	SINE/MIR	442	+	104	170704056	71301
chr7	143347054	143547054	harbor2	chr7	143348856	143349066	SINE/MIR	706	+	105	143348961	1907
chr7	143347054	143547054	harbor2	chr7	143383838	143384066	SINE/MIR	456	+	114	143383952	36898
chr7	143347054	143547054	harbor2	chr7	143411429	143411571	SINE/MIR	518	+	71	143411500	64446
chr7	143347054	143547054	harbor2	chr7	143414857	143415007	SINE/MIR	438	+	75	143414932	67878
chr7	34074399	34274399	harbor2	chr7	34087410	34087643	SINE/MIR	613	+	116	34087526	13127
chr7	34074399	34274399	harbor2	chr7	34094580	34094844	SINE/MIR	461	+	132	34094712	20313
chr7	34074399	34274399	harbor2	chr7	34107836	34108020	SINE/MIR	475	+	92	34107928	33529
chr7	34074399	34274399	harbor2	chr7	34140081	34140260	SINE/MIR	487	+	90	34140171	65772
chr7	81272803	81472803	harbor2	chr7	81282747	81282890	SINE/MIR	499	+	72	81282819	10016
chr7	84310437	84510437	harbor2	chr7	84321431	84321567	SINE/MIR	468	+	68	84321499	11062
chr7	84310437	84510437	harbor2	chr7	84322257	84322323	SINE/MIR	468	+	33	84322290	11853
chr7	84310437	84510437	harbor2	chr7	84322902	84323150	SINE/MIR	464	+	124	84323026	12589
chr7	84310437	84510437	harbor2	chr7	84336992	84337207	SINE/MIR	621	+	108	84337100	26663
chr7	138641220	138841220	harbor2	chr7	138679575	138679780	SINE/MIR	630	+	102	138679677	38457
chr7	80303039	80503039	harbor2	chr7	80344029	80344186	SINE/MIR	485	+	78	80344107	41068
chr7	141088105	141288105	harbor2	chr7	141098490	141098714	SINE/MIR	979	+	112	141098602	10497
chr7	141088105	141288105	harbor2	chr7	141118313	141118517	SINE/MIR	630	+	102	141118415	30310
chr7	141088105	141288105	harbor2	chr7	141146390	141146619	SINE/MIR	751	+	114	141146504	58399
chr7	141088105	141288105	harbor2	chr7	141156186	141156324	SINE/MIR	467	+	69	141156255	68150
chr7	141088105	141288105	harbor2	chr7	141165719	141165932	SINE/MIR	682	+	106	141165825	77720
chr7	141088105	141288105	harbor2	chr7	141167039	141167168	SINE/MIR	530	+	64	141167103	78998
chr7	130462702	130662702	harbor2	chr7	130484488	130484698	SINE/MIR	658	+	105	130484593	21891
chr7	154865854	155065854	harbor2	chr7	154900123	154900342	SINE/MIR	521	+	110	154900233	34379
chr7	134833240	135033240	harbor2	chr7	134834479	134834687	SINE/MIR	592	+	104	134834583	1343
chr7	134833240	135033240	harbor2	chr7	134840707	134840901	SINE/MIR	474	+	97	134840804	7564
chr7	134833240	135033240	harbor2	chr7	134842211	134842430	SINE/MIR	607	+	110	134842321	9081
chr7	134833240	135033240	harbor2	chr7	134850353	134850579	SINE/MIR	970	+	113	134850466	17226
chr7	134833240	135033240	harbor2	chr7	134868811	134869006	SINE/MIR	694	+	98	134868909	35669
chr7	134833240	135033240	harbor2	chr7	134873642	134873903	SINE/MIR	613	+	130	134873772	40532
chr7	134833240	135033240	harbor2	chr7	134898117	134898337	SINE/MIR	457	+	110	134898227	64987
chr7	145365013	145565013	harbor2	chr7	145443620	145443836	SINE/MIR	533	+	108	145443728	78715
chr7	137471679	137671679	harbor2	chr7	137525499	137525739	SINE/MIR	857	+	120	137525619	53940
chr7	137471679	137671679	harbor2	chr7	137545024	137545248	SINE/MIR	1049	+	112	137545136	73457
chr7	153923444	154123444	harbor2	chr7	153975770	153976024	SINE/MIR	651	+	127	153975897	52453
chr7	154231077	154431077	harbor2	chr7	154235731	154235845	SINE/MIR	503	+	57	154235788	4711
chr7	154231077	154431077	harbor2	chr7	154236153	154236293	SINE/MIR	503	+	70	154236223	5146
chr7	154231077	154431077	harbor2	chr7	154264381	154264580	SINE/MIR	464	+	100	154264481	33404
chr7	154231077	154431077	harbor2	chr7	154283220	154283450	SINE/MIR	634	+	115	154283335	52258
chr7	154231077	154431077	harbor2	chr7	154301027	154301165	SINE/MIR	475	+	69	154301096	70019
chr7	125789340	125989340	harbor2	chr7	125880670	125880891	SINE/MIR	495	+	110	125880780	91440
chr7	68075046	68275046	harbor2	chr7	68130992	68131161	SINE/MIR	512	+	84	68131076	56030
chr7	153623871	153823871	harbor2	chr7	153645954	153646016	SINE/MIR	480	+	31	153645985	22114
chr7	153623871	153823871	harbor2	chr7	153646329	153646392	SINE/MIR	480	+	32	153646361	22490
chr7	153623871	153823871	harbor2	chr7	153646776	153646867	SINE/MIR	480	+	46	153646822	22951
chr7	153623871	153823871	harbor2	chr7	153675992	153676223	SINE/MIR	820	+	116	153676108	52237
chr7	135379173	135579173	harbor2	chr7	135405051	135405232	SINE/MIR	456	+	90	135405141	25968
chr7	135379173	135579173	harbor2	chr7	135422926	135423090	SINE/MIR	472	+	82	135423008	43835
chr7	135379173	135579173	harbor2	chr7	135462702	135462853	SINE/MIR	439	+	76	135462778	83605
chr7	150351971	150551971	harbor2	chr7	150364424	150364657	SINE/MIR	730	+	116	150364540	12569
chr7	150351971	150551971	harbor2	chr7	150370629	150370812	SINE/MIR	517	+	92	150370721	18750
chr7	150351971	150551971	harbor2	chr7	150388097	150388351	SINE/MIR	445	+	127	150388224	36253
chr7	150351971	150551971	harbor2	chr7	150404351	150404609	SINE/MIR	476	+	129	150404480	52509
chr7	150351971	150551971	harbor2	chr7	150406479	150406681	SINE/MIR	670	+	101	150406580	54609
chr7	145473053	145673053	harbor2	chr7	145537087	145537248	SINE/MIR	454	+	80	145537167	64114
chr7	123244286	123444286	harbor2	chr7	123245521	123245755	SINE/MIR	570	+	117	123245638	1352
chr7	123244286	123444286	harbor2	chr7	123249658	123249838	SINE/MIR	496	+	90	123249748	5462
chr7	123244286	123444286	harbor2	chr7	123274855	123274981	SINE/MIR	580	+	63	123274918	30632
chr7	123244286	123444286	harbor2	chr7	123313078	123313315	SINE/MIR	573	+	118	123313196	68910
chr7	36761576	36961576	harbor2	chr7	36773377	36773569	SINE/MIR	563	+	96	36773473	11897
chr7	36761576	36961576	harbor2	chr7	36788249	36788440	SINE/MIR	662	+	96	36788345	26769
chr7	36761576	36961576	harbor2	chr7	36834810	36835064	SINE/MIR	711	+	127	36834937	73361
chr7	36761576	36961576	harbor2	chr7	36839469	36839602	SINE/MIR	624	+	66	36839535	77959
chr7	36761576	36961576	harbor2	chr7	36841813	36842036	SINE/MIR	585	+	112	36841925	80349
chr7	36761576	36961576	harbor2	chr7	36859552	36859767	SINE/MIR	796	+	108	36859660	98084
chr7	108085840	108285840	harbor2	chr7	108089963	108090155	SINE/MIR	599	+	96	108090059	4219
chr7	108085840	108285840	harbor2	chr7	108165233	108165410	SINE/MIR	498	+	88	108165321	79481
chr7	81767718	81967718	harbor2	chr7	81791219	81791427	SINE/MIR	596	+	104	81791323	23605
chr7	81767718	81967718	harbor2	chr7	81798139	81798352	SINE/MIR	547	+	106	81798245	30527
chr7	154111796	154311796	harbor2	chr7	154114270	154114447	SINE/MIR	488	+	88	154114358	2562
chr7	143199672	143399672	harbor2	chr7	143226971	143227198	SINE/MIR	762	+	114	143227085	27413
chr7	143199672	143399672	harbor2	chr7	143240492	143240703	SINE/MIR	488	+	106	143240598	40926
chr7	143199672	143399672	harbor2	chr7	143242511	143242765	SINE/MIR	775	+	127	143242638	42966
chr7	143199672	143399672	harbor2	chr7	143267221	143267399	SINE/MIR	612	+	89	143267310	67638
chr7	143199672	143399672	harbor2	chr7	143280415	143280647	SINE/MIR	557	+	116	143280531	80859
chr7	143199672	143399672	harbor2	chr7	143228870	143229085	SINE/MIR	682	+	108	143228978	29306
chr7	153604371	153804371	harbor2	chr7	153645954	153646016	SINE/MIR	480	+	31	153645985	41614
chr7	153604371	153804371	harbor2	chr7	153646329	153646392	SINE/MIR	480	+	32	153646361	41990
chr7	153604371	153804371	harbor2	chr7	153646776	153646867	SINE/MIR	480	+	46	153646822	42451
chr7	153604371	153804371	harbor2	chr7	153675992	153676223	SINE/MIR	820	+	116	153676108	71737
chr7	138885366	139085366	harbor2	chr7	138964375	138964557	SINE/MIR	765	+	91	138964466	79100
chr7	138885366	139085366	harbor2	chr7	138979439	138979574	SINE/MIR	459	+	68	138979507	94141
chr7	134825766	135025766	harbor2	chr7	134834479	134834687	SINE/MIR	592	+	104	134834583	8817
chr7	134825766	135025766	harbor2	chr7	134840707	134840901	SINE/MIR	474	+	97	134840804	15038
chr7	134825766	135025766	harbor2	chr7	134842211	134842430	SINE/MIR	607	+	110	134842321	16555
chr7	134825766	135025766	harbor2	chr7	134850353	134850579	SINE/MIR	970	+	113	134850466	24700
chr7	134825766	135025766	harbor2	chr7	134868811	134869006	SINE/MIR	694	+	98	134868909	43143
chr7	134825766	135025766	harbor2	chr7	134873642	134873903	SINE/MIR	613	+	130	134873772	48006
chr7	134825766	135025766	harbor2	chr7	134898117	134898337	SINE/MIR	457	+	110	134898227	72461
chr7	151590692	151790692	harbor2	chr7	151655731	151655867	SINE/MIR	650	+	68	151655799	65107
chr7	151590692	151790692	harbor2	chr7	151657480	151657693	SINE/MIR	590	+	106	151657586	66894
chr7	39285867	39485867	harbor2	chr7	39288225	39288468	SINE/MIR	706	+	122	39288347	2480
chr7	39285867	39485867	harbor2	chr7	39372979	39373215	SINE/MIR	924	+	118	39373097	87230
chr7	39285867	39485867	harbor2	chr7	39375927	39376155	SINE/MIR	707	+	114	39376041	90174
chr7	126327114	126527114	harbor2	chr7	126385630	126385825	SINE/MIR	606	+	98	126385728	58614
chr7	79360313	79560313	harbor2	chr7	79367431	79367685	SINE/MIR	567	+	127	79367558	7245
chr7	79360313	79560313	harbor2	chr7	79382466	79382699	SINE/MIR	619	+	116	79382582	22269
chr7	79360313	79560313	harbor2	chr7	79402858	79403081	SINE/MIR	749	+	112	79402970	42657
chr7	79360313	79560313	harbor2	chr7	79431846	79432031	SINE/MIR	520	+	92	79431938	71625
chr7	79360313	79560313	harbor2	chr7	79455164	79455401	SINE/MIR	580	+	118	79455282	94969
chr7	133216138	133416138	harbor2	chr7	133258414	133258594	SINE/MIR	529	+	90	133258504	42366
chr7	133216138	133416138	harbor2	chr7	133269295	133269533	SINE/MIR	602	+	119	133269414	53276
chr7	133216138	133416138	harbor2	chr7	133269842	133269946	SINE/MIR	545	+	52	133269894	53756
chr7	133216138	133416138	harbor2	chr7	133270309	133270406	SINE/MIR	545	+	48	133270357	54219
chr7	133216138	133416138	harbor2	chr7	133272289	133272552	SINE/MIR	646	+	132	133272421	56283
chr7	133216138	133416138	harbor2	chr7	133297446	133297694	SINE/MIR	701	+	124	133297570	81432
chr7	71270501	71470501	harbor2	chr7	71290842	71291093	SINE/MIR	604	+	126	71290968	20467
chr7	71270501	71470501	harbor2	chr7	71347236	71347426	SINE/MIR	834	+	95	71347331	76830
chr7	143873197	144073197	harbor2	chr7	143877982	143878203	SINE/MIR	536	+	110	143878092	4895
chr7	143873197	144073197	harbor2	chr7	143883909	143884138	SINE/MIR	731	+	114	143884023	10826
chr7	143873197	144073197	harbor2	chr7	143904067	143904220	SINE/MIR	676	+	76	143904143	30946
chr7	69591430	69791430	harbor2	chr7	69595437	69595675	SINE/MIR	590	+	119	69595556	4126
chr7	69591430	69791430	harbor2	chr7	69627734	69627912	SINE/MIR	657	+	89	69627823	36393
chr7	69591430	69791430	harbor2	chr7	69671258	69671422	SINE/MIR	503	+	82	69671340	79910
chr7	69591430	69791430	harbor2	chr7	69674335	69674551	SINE/MIR	692	+	108	69674443	83013
chr7	69591430	69791430	harbor2	chr7	69681910	69682109	SINE/MIR	765	+	100	69682010	90580
chr7	140576854	140776854	harbor2	chr7	140602849	140602997	SINE/MIR	701	+	74	140602923	26069
chr7	140576854	140776854	harbor2	chr7	140626877	140627115	SINE/MIR	638	+	119	140626996	50142
chr7	74886891	75086891	harbor2	chr7	74973112	74973331	SINE/MIR	692	+	110	74973222	86331
chr7	155152888	155352888	harbor2	chr7	155174261	155174434	SINE/MIR	490	+	86	155174347	21459
chr7	155152888	155352888	harbor2	chr7	155175203	155175425	SINE/MIR	520	+	111	155175314	22426
chr7	155152888	155352888	harbor2	chr7	155172697	155172877	SINE/MIR	460	+	90	155172787	19899
chr7	134775112	134975112	harbor2	chr7	134834479	134834687	SINE/MIR	592	+	104	134834583	59471
chr7	134775112	134975112	harbor2	chr7	134840707	134840901	SINE/MIR	474	+	97	134840804	65692
chr7	134775112	134975112	harbor2	chr7	134842211	134842430	SINE/MIR	607	+	110	134842321	67209
chr7	134775112	134975112	harbor2	chr7	134850353	134850579	SINE/MIR	970	+	113	134850466	75354
chr7	134775112	134975112	harbor2	chr7	134868811	134869006	SINE/MIR	694	+	98	134868909	93797
chr7	134775112	134975112	harbor2	chr7	134873642	134873903	SINE/MIR	613	+	130	134873772	98660
chr7	108250940	108450940	harbor2	chr7	108258535	108258769	SINE/MIR	686	+	117	108258652	7712
chr7	108250940	108450940	harbor2	chr7	108292573	108292827	SINE/MIR	999	+	127	108292700	41760
chr7	108250940	108450940	harbor2	chr7	108299821	108300038	SINE/MIR	889	+	108	108299929	48989
chr7	108250940	108450940	harbor2	chr7	108327153	108327368	SINE/MIR	515	+	108	108327261	76321
chr7	108250940	108450940	harbor2	chr7	108331505	108331652	SINE/MIR	658	+	74	108331579	80639
chr7	134860919	135060919	harbor2	chr7	134868811	134869006	SINE/MIR	694	+	98	134868909	7990
chr7	134860919	135060919	harbor2	chr7	134873642	134873903	SINE/MIR	613	+	130	134873772	12853
chr7	134860919	135060919	harbor2	chr7	134898117	134898337	SINE/MIR	457	+	110	134898227	37308
chr7	134860919	135060919	harbor2	chr7	134945495	134945665	SINE/MIR	433	+	85	134945580	84661
chr7	134860919	135060919	harbor2	chr7	134948970	134949148	SINE/MIR	532	+	89	134949059	88140
chr7	78904852	79104852	harbor2	chr7	78920173	78920394	SINE/MIR	661	+	110	78920283	15431
chr7	78904852	79104852	harbor2	chr7	78937689	78937943	SINE/MIR	508	+	127	78937816	32964
chr7	78904852	79104852	harbor2	chr7	78943017	78943194	SINE/MIR	538	+	88	78943105	38253
chr7	78904852	79104852	harbor2	chr7	78971670	78971823	SINE/MIR	504	+	76	78971746	66894
chr7	78904852	79104852	harbor2	chr7	78980042	78980298	SINE/MIR	771	+	128	78980170	75318
chr7	78904852	79104852	harbor2	chr7	78994601	78994802	SINE/MIR	553	+	100	78994701	89849
chr7	78904852	79104852	harbor2	chr7	78995822	78996048	SINE/MIR	433	+	113	78995935	91083
chr7	22686869	22886869	harbor2	chr7	22697035	22697188	SINE/MIR	443	+	76	22697111	10242
chr7	22686869	22886869	harbor2	chr7	22712046	22712172	SINE/MIR	463	+	63	22712109	25240
chr7	22686869	22886869	harbor2	chr7	22719419	22719589	SINE/MIR	493	+	85	22719504	32635
chr7	22686869	22886869	harbor2	chr7	22728163	22728335	SINE/MIR	474	+	86	22728249	41380
chr7	22686869	22886869	harbor2	chr7	22782981	22783167	SINE/MIR	447	+	93	22783074	96205
chr7	52522581	52722581	harbor2	chr7	52587494	52587719	SINE/MIR	614	+	112	52587606	65025
chr7	52522581	52722581	harbor2	chr7	52590388	52590595	SINE/MIR	438	+	104	52590492	67911
chr7	129165780	129365780	harbor2	chr7	129227020	129227220	SINE/MIR	474	+	100	129227120	61340
chr7	138511604	138711604	harbor2	chr7	138566855	138567096	SINE/MIR	807	+	120	138566975	55371
chr7	149475710	149675710	harbor2	chr7	149558783	149558919	SINE/MIR	436	+	68	149558851	83141
chr7	106542437	106742437	harbor2	chr7	106587693	106587935	SINE/MIR	599	+	121	106587814	45377
chr7	106542437	106742437	harbor2	chr7	106593354	106593595	SINE/MIR	468	+	120	106593474	51037
chr7	106542437	106742437	harbor2	chr7	106595021	106595199	SINE/MIR	591	+	89	106595110	52673
chr7	106548645	106748645	harbor2	chr7	106587693	106587935	SINE/MIR	599	+	121	106587814	39169
chr7	106548645	106748645	harbor2	chr7	106593354	106593595	SINE/MIR	468	+	120	106593474	44829
chr7	106548645	106748645	harbor2	chr7	106595021	106595199	SINE/MIR	591	+	89	106595110	46465
chr7	82671931	82871931	harbor2	chr7	82678949	82679120	SINE/MIR	476	+	86	82679035	7104
chr7	34222224	34422224	harbor2	chr7	34237401	34237587	SINE/MIR	567	+	93	34237494	15270
chr7	34222224	34422224	harbor2	chr7	34248673	34248896	SINE/MIR	821	+	112	34248785	26561
chr7	34222224	34422224	harbor2	chr7	34295523	34295765	SINE/MIR	719	+	121	34295644	73420
chr7	34222224	34422224	harbor2	chr7	34299283	34299526	SINE/MIR	702	+	122	34299405	77181
chr7	132637756	132837756	harbor2	chr7	132671541	132671755	SINE/MIR	485	+	107	132671648	33892
chr7	132637756	132837756	harbor2	chr7	132679188	132679432	SINE/MIR	674	+	122	132679310	41554
chr7	132637756	132837756	harbor2	chr7	132694346	132694510	SINE/MIR	473	+	82	132694428	56672
chr7	111752459	111952459	harbor2	chr7	111755014	111755208	SINE/MIR	518	+	97	111755111	2652
chr7	111752459	111952459	harbor2	chr7	111824980	111825129	SINE/MIR	507	+	74	111825054	72595
chr7	131757430	131957430	harbor2	chr7	131797539	131797759	SINE/MIR	695	+	110	131797649	40219
chr7	131757430	131957430	harbor2	chr7	131843404	131843600	SINE/MIR	502	+	98	131843502	86072
chr7	123584971	123784971	harbor2	chr7	123602836	123603070	SINE/MIR	670	+	117	123602953	17982
chr7	123584971	123784971	harbor2	chr7	123610224	123610394	SINE/MIR	495	+	85	123610309	25338
chr7	123584971	123784971	harbor2	chr7	123628284	123628464	SINE/MIR	562	+	90	123628374	43403
chr7	123584971	123784971	harbor2	chr7	123631168	123631338	SINE/MIR	581	+	85	123631253	46282
chr7	123584971	123784971	harbor2	chr7	123654933	123655142	SINE/MIR	514	+	104	123655037	70066
chr7	107757520	107957520	harbor2	chr7	107766755	107767013	SINE/MIR	556	+	129	107766884	9364
chr7	107757520	107957520	harbor2	chr7	107795197	107795354	SINE/MIR	502	+	78	107795275	37755
chr7	107757520	107957520	harbor2	chr7	107828317	107828528	SINE/MIR	598	+	106	107828423	70903
chr7	107757520	107957520	harbor2	chr7	107834638	107834860	SINE/MIR	656	+	111	107834749	77229
chr7	140197844	140397844	harbor2	chr7	140202423	140202648	SINE/MIR	663	+	112	140202535	4691
chr7	140197844	140397844	harbor2	chr7	140206172	140206338	SINE/MIR	539	+	83	140206255	8411
chr7	140197844	140397844	harbor2	chr7	140206637	140206707	SINE/MIR	539	+	35	140206672	8828
chr7	140197844	140397844	harbor2	chr7	140211969	140212120	SINE/MIR	558	+	76	140212045	14201
chr7	140197844	140397844	harbor2	chr7	140227120	140227339	SINE/MIR	669	+	110	140227230	29386
chr7	140197844	140397844	harbor2	chr7	140243605	140243828	SINE/MIR	695	+	112	140243717	45873
chr7	140197844	140397844	harbor2	chr7	140270238	140270471	SINE/MIR	610	+	116	140270354	72510
chr7	140197844	140397844	harbor2	chr7	140286907	140286979	SINE/MIR	439	+	36	140286943	89099
chr7	140197844	140397844	harbor2	chr7	140287269	140287279	SINE/MIR	439	+	5	140287274	89430
chr7	140197844	140397844	harbor2	chr7	140287576	140287620	SINE/MIR	439	+	22	140287598	89754
chr7	77126223	77326223	harbor2	chr7	77155508	77155741	SINE/MIR	627	+	116	77155624	29401
chr7	77126223	77326223	harbor2	chr7	77207721	77207808	SINE/MIR	434	+	44	77207765	81542
chr7	124578158	124778158	harbor2	chr7	124584782	124584935	SINE/MIR	446	+	76	124584858	6700
chr7	124578158	124778158	harbor2	chr7	124632375	124632448	SINE/MIR	444	+	36	124632411	54253
chr7	124578158	124778158	harbor2	chr7	124632856	124632892	SINE/MIR	444	+	18	124632874	54716
chr7	124578158	124778158	harbor2	chr7	124635226	124635381	SINE/MIR	444	+	78	124635304	57146
chr7	124578158	124778158	harbor2	chr7	124641661	124641804	SINE/MIR	497	+	72	124641733	63575
chr7	124578158	124778158	harbor2	chr7	124647168	124647426	SINE/MIR	631	+	129	124647297	69139
chr7	124578158	124778158	harbor2	chr7	124671456	124671639	SINE/MIR	563	+	92	124671548	93390
chr7	123062364	123262364	harbor2	chr7	123088446	123088630	SINE/MIR	576	+	92	123088538	26174
chr7	41910497	42110497	harbor2	chr7	41916888	41917129	SINE/MIR	591	+	120	41917008	6511
chr7	41910497	42110497	harbor2	chr7	41925861	41926086	SINE/MIR	946	+	112	41925973	15476
chr7	41910497	42110497	harbor2	chr7	41968199	41968342	SINE/MIR	490	+	72	41968271	57774
chr7	41910497	42110497	harbor2	chr7	42002787	42002957	SINE/MIR	662	+	85	42002872	92375
chr7	118192898	118392898	harbor2	chr7	118207594	118207848	SINE/MIR	620	+	127	118207721	14823
chr7	118192898	118392898	harbor2	chr7	118211870	118212057	SINE/MIR	435	+	94	118211964	19066
chr7	140548804	140748804	harbor2	chr7	140602849	140602997	SINE/MIR	701	+	74	140602923	54119
chr7	140548804	140748804	harbor2	chr7	140626877	140627115	SINE/MIR	638	+	119	140626996	78192
chr7	88569015	88769015	harbor2	chr7	88590114	88590283	SINE/MIR	594	+	84	88590198	21183
chr7	88569015	88769015	harbor2	chr7	88590585	88590862	SINE/MIR	528	+	138	88590723	21708
chr7	88569015	88769015	harbor2	chr7	88604144	88604341	SINE/MIR	585	+	98	88604242	35227
chr7	88569015	88769015	harbor2	chr7	88613102	88613321	SINE/MIR	648	+	110	88613212	44197
chr7	88569015	88769015	harbor2	chr7	88629896	88630128	SINE/MIR	507	+	116	88630012	60997
chr7	88569015	88769015	harbor2	chr7	88646761	88646928	SINE/MIR	671	+	84	88646845	77830
chr7	87868850	88068850	harbor2	chr7	87884441	87884628	SINE/MIR	454	+	94	87884535	15685
chr7	87868850	88068850	harbor2	chr7	87959123	87959369	SINE/MIR	733	+	123	87959246	90396
chr7	158636509	158836509	harbor2	chr7	158706483	158706665	SINE/MIR	437	+	91	158706574	70065
chr7	69877572	70077572	harbor2	chr7	69950323	69950498	SINE/MIR	502	+	88	69950411	72839
chr7	69877572	70077572	harbor2	chr7	69971233	69971358	SINE/MIR	482	+	62	69971295	93723
chr7	69877572	70077572	harbor2	chr7	69943185	69943325	SINE/MIR	582	+	70	69943255	65683
chr7	93960603	94160603	harbor2	chr7	93985267	93985474	SINE/MIR	565	+	104	93985371	24768
chr7	93960603	94160603	harbor2	chr7	94053265	94053456	SINE/MIR	521	+	96	94053361	92758
chr7	93960603	94160603	harbor2	chr7	94059412	94059659	SINE/MIR	854	+	124	94059536	98933
chr7	147695910	147895910	harbor2	chr7	147743872	147744106	SINE/MIR	817	+	117	147743989	48079
chr7	147695910	147895910	harbor2	chr7	147795676	147795864	SINE/MIR	577	+	94	147795770	99860
chr7	108176499	108376499	harbor2	chr7	108229919	108230073	SINE/MIR	677	+	77	108229996	53497
chr7	108176499	108376499	harbor2	chr7	108233867	108233981	SINE/MIR	487	+	57	108233924	57425
chr7	108176499	108376499	harbor2	chr7	108258535	108258769	SINE/MIR	686	+	117	108258652	82153
chr7	141565929	141765929	harbor2	chr7	141567861	141568030	SINE/MIR	560	+	84	141567945	2016
chr7	141565929	141765929	harbor2	chr7	141569902	141570055	SINE/MIR	458	+	76	141569978	4049
chr7	141565929	141765929	harbor2	chr7	141571663	141571871	SINE/MIR	492	+	104	141571767	5838
chr7	141565929	141765929	harbor2	chr7	141572364	141572623	SINE/MIR	770	+	130	141572494	6565
chr7	141565929	141765929	harbor2	chr7	141589153	141589340	SINE/MIR	626	+	94	141589247	23318
chr7	141565929	141765929	harbor2	chr7	141598386	141598639	SINE/MIR	497	+	126	141598512	32583
chr7	141565929	141765929	harbor2	chr7	141649580	141649805	SINE/MIR	438	+	112	141649692	83763
chr7	22656234	22856234	harbor2	chr7	22662734	22662944	SINE/MIR	638	+	105	22662839	6605
chr7	22656234	22856234	harbor2	chr7	22666186	22666380	SINE/MIR	669	+	97	22666283	10049
chr7	22656234	22856234	harbor2	chr7	22697035	22697188	SINE/MIR	443	+	76	22697111	40877
chr7	22656234	22856234	harbor2	chr7	22712046	22712172	SINE/MIR	463	+	63	22712109	55875
chr7	22656234	22856234	harbor2	chr7	22719419	22719589	SINE/MIR	493	+	85	22719504	63270
chr7	22656234	22856234	harbor2	chr7	22728163	22728335	SINE/MIR	474	+	86	22728249	72015
chr7	116815448	117015448	harbor2	chr7	116816117	116816162	SINE/MIR	482	+	22	116816139	691
chr7	116815448	117015448	harbor2	chr7	116816409	116816536	SINE/MIR	482	+	64	116816473	1025
chr7	116815448	117015448	harbor2	chr7	116818588	116818816	SINE/MIR	605	+	114	116818702	3254
chr7	153413820	153613820	harbor2	chr7	153476033	153476261	SINE/MIR	439	+	114	153476147	62327
chr7	44413868	44613868	harbor2	chr7	44434761	44434942	SINE/MIR	512	+	90	44434851	20983
chr7	44413868	44613868	harbor2	chr7	44440660	44440818	SINE/MIR	504	+	79	44440739	26871
chr7	158614052	158814052	harbor2	chr7	158706483	158706665	SINE/MIR	437	+	91	158706574	92522
chr7	93289258	93489258	harbor2	chr7	93366128	93366266	SINE/MIR	528	+	69	93366197	76939
chr7	136576774	136776774	harbor2	chr7	136607071	136607202	SINE/MIR	512	+	66	136607137	30363
chr7	136576774	136776774	harbor2	chr7	136626729	136626895	SINE/MIR	442	+	83	136626812	50038
chr7	136576774	136776774	harbor2	chr7	136666132	136666300	SINE/MIR	632	+	84	136666216	89442
chr7	147815470	148015470	harbor2	chr7	147833235	147833397	SINE/MIR	460	+	81	147833316	17846
chr7	130015509	130215509	harbor2	chr7	130048607	130048808	SINE/MIR	540	+	100	130048707	33198
chr7	130015509	130215509	harbor2	chr7	130101031	130101268	SINE/MIR	1030	+	118	130101149	85640
chr7	154047004	154247004	harbor2	chr7	154089344	154089575	SINE/MIR	558	+	116	154089460	42456
chr7	154047004	154247004	harbor2	chr7	154111318	154111468	SINE/MIR	611	+	75	154111393	64389
chr7	154047004	154247004	harbor2	chr7	154114270	154114447	SINE/MIR	488	+	88	154114358	67354
chr7	30230387	30430387	harbor2	chr7	30243085	30243345	SINE/MIR	841	+	130	30243215	12828
chr7	30230387	30430387	harbor2	chr7	30251577	30251760	SINE/MIR	607	+	92	30251669	21282
chr7	30230387	30430387	harbor2	chr7	30262116	30262269	SINE/MIR	719	+	76	30262192	31805
chr7	30230387	30430387	harbor2	chr7	30262579	30262658	SINE/MIR	719	+	40	30262619	32232
chr7	30230387	30430387	harbor2	chr7	30305969	30306164	SINE/MIR	538	+	98	30306067	75680
chr7	79231160	79431160	harbor2	chr7	79236503	79236681	SINE/MIR	483	+	89	79236592	5432
chr7	79231160	79431160	harbor2	chr7	79278727	79278923	SINE/MIR	528	+	98	79278825	47665
chr7	79231160	79431160	harbor2	chr7	79287519	79287720	SINE/MIR	464	+	100	79287619	56459
chr7	79231160	79431160	harbor2	chr7	79288132	79288370	SINE/MIR	940	+	119	79288251	57091
chr7	79231160	79431160	harbor2	chr7	79315956	79316080	SINE/MIR	588	+	62	79316018	84858
chr7	79231160	79431160	harbor2	chr7	79322377	79322535	SINE/MIR	556	+	79	79322456	91296
chr7	79231160	79431160	harbor2	chr7	79322810	79322865	SINE/MIR	556	+	28	79322838	91678
chr7	144886029	145086029	harbor2	chr7	144958518	144958743	SINE/MIR	847	+	112	144958630	72601
chr7	135355644	135555644	harbor2	chr7	135405051	135405232	SINE/MIR	456	+	90	135405141	49497
chr7	135355644	135555644	harbor2	chr7	135422926	135423090	SINE/MIR	472	+	82	135423008	67364
chr7	111278166	111478166	harbor2	chr7	111298217	111298445	SINE/MIR	733	+	114	111298331	20165
chr7	111278166	111478166	harbor2	chr7	111346800	111347015	SINE/MIR	468	+	108	111346908	68742
chr7	111278166	111478166	harbor2	chr7	111375991	111376098	SINE/MIR	472	+	54	111376045	97879
chr7	145991526	146191526	harbor2	chr7	146069585	146069815	SINE/MIR	440	+	115	146069700	78174
chr7	154853224	155053224	harbor2	chr7	154900123	154900342	SINE/MIR	521	+	110	154900233	47009
chr8	106208465	106408465	harbor2	chr8	106276411	106276569	SINE/MIR	389	+	79	106276490	68025
chr8	118930682	119130682	harbor2	chr8	118943543	118943692	SINE/MIR	620	+	74	118943617	12935
chr8	118930682	119130682	harbor2	chr8	118953799	118954019	SINE/MIR	712	+	110	118953909	23227
chr8	118930682	119130682	harbor2	chr8	118959324	118959564	SINE/MIR	774	+	120	118959444	28762
chr8	118930682	119130682	harbor2	chr8	118964343	118964512	SINE/MIR	436	+	84	118964427	33745
chr8	118930682	119130682	harbor2	chr8	118991178	118991426	SINE/MIR	595	+	124	118991302	60620
chr8	118930682	119130682	harbor2	chr8	118991983	118992211	SINE/MIR	375	+	114	118992097	61415
chr8	118930682	119130682	harbor2	chr8	119007784	119007957	SINE/MIR	371	+	86	119007870	77188
chr8	118930682	119130682	harbor2	chr8	119008789	119008923	SINE/MIR	425	+	67	119008856	78174
chr8	118930682	119130682	harbor2	chr8	119021744	119021928	SINE/MIR	368	+	92	119021836	91154
chr8	118930682	119130682	harbor2	chr8	119027045	119027191	SINE/MIR	467	+	73	119027118	96436
chr8	118930682	119130682	harbor2	chr8	119030516	119030718	SINE/MIR	673	+	101	119030617	99935
chr8	59520608	59720608	harbor2	chr8	59532723	59532929	SINE/MIR	391	+	103	59532826	12218
chr8	59520608	59720608	harbor2	chr8	59545612	59545833	SINE/MIR	819	+	110	59545722	25114
chr8	59520608	59720608	harbor2	chr8	59551350	59551536	SINE/MIR	386	+	93	59551443	30835
chr8	59520608	59720608	harbor2	chr8	59587535	59587744	SINE/MIR	407	+	104	59587639	67031
chr8	59520608	59720608	harbor2	chr8	59595608	59595847	SINE/MIR	404	+	120	59595728	75120
chr8	59520608	59720608	harbor2	chr8	59612912	59613043	SINE/MIR	475	+	66	59612978	92370
chr8	59520608	59720608	harbor2	chr8	59617210	59617373	SINE/MIR	479	+	82	59617292	96684
chr8	108165434	108365434	harbor2	chr8	108189579	108189806	SINE/MIR	721	+	114	108189693	24259
chr8	64779174	64979174	harbor2	chr8	64838918	64839127	SINE/MIR	508	+	104	64839022	59848
chr8	64779174	64979174	harbor2	chr8	64844319	64844456	SINE/MIR	399	+	68	64844387	65213
chr8	64779174	64979174	harbor2	chr8	64850294	64850537	SINE/MIR	632	+	122	64850416	71242
chr8	64779174	64979174	harbor2	chr8	64853078	64853224	SINE/MIR	459	+	73	64853151	73977
chr8	64779174	64979174	harbor2	chr8	64856553	64856690	SINE/MIR	512	+	68	64856621	77447
chr8	64779174	64979174	harbor2	chr8	64862860	64863088	SINE/MIR	657	+	114	64862974	83800
chr8	126848017	127048017	harbor2	chr8	126859019	126859263	SINE/MIR	794	+	122	126859141	11124
chr8	126848017	127048017	harbor2	chr8	126864613	126864816	SINE/MIR	805	+	102	126864715	16698
chr8	126848017	127048017	harbor2	chr8	126894543	126894702	SINE/MIR	368	+	80	126894623	46606
chr8	126848017	127048017	harbor2	chr8	126903252	126903438	SINE/MIR	637	+	93	126903345	55328
chr8	126848017	127048017	harbor2	chr8	126925684	126925793	SINE/MIR	410	+	54	126925738	77721
chr8	126848017	127048017	harbor2	chr8	126927702	126927734	SINE/MIR	574	+	16	126927718	79701
chr8	126848017	127048017	harbor2	chr8	126928722	126928867	SINE/MIR	574	+	72	126928794	80777
chr8	126848017	127048017	harbor2	chr8	126935029	126935200	SINE/MIR	528	+	86	126935115	87098
chr8	143800055	144000055	harbor2	chr8	143838320	143838444	SINE/MIR	434	+	62	143838382	38327
chr8	119941684	120141684	harbor2	chr8	119989452	119989738	SINE/MIR	434	+	143	119989595	47911
chr8	119941684	120141684	harbor2	chr8	119998813	119998981	SINE/MIR	372	+	84	119998897	57213
chr8	119941684	120141684	harbor2	chr8	119999303	119999365	SINE/MIR	372	+	31	119999334	57650
chr8	119941684	120141684	harbor2	chr8	120005935	120006175	SINE/MIR	590	+	120	120006055	64371
chr8	119941684	120141684	harbor2	chr8	120010054	120010211	SINE/MIR	387	+	78	120010132	68448
chr8	119941684	120141684	harbor2	chr8	120019506	120019671	SINE/MIR	421	+	82	120019588	77904
chr8	119941684	120141684	harbor2	chr8	120038778	120038944	SINE/MIR	416	+	83	120038861	97177
chr8	92854671	93054671	harbor2	chr8	92860948	92861163	SINE/MIR	700	+	108	92861056	6385
chr8	92854671	93054671	harbor2	chr8	92866206	92866440	SINE/MIR	527	+	117	92866323	11652
chr8	92854671	93054671	harbor2	chr8	92949326	92949466	SINE/MIR	416	+	70	92949396	94725
chr8	122251802	122451802	harbor2	chr8	122304563	122304808	SINE/MIR	610	+	122	122304685	52883
chr8	122251802	122451802	harbor2	chr8	122325317	122325496	SINE/MIR	398	+	90	122325407	73605
chr8	122251802	122451802	harbor2	chr8	122290121	122290289	SINE/MIR	447	+	84	122290205	38403
chr8	108904432	109104432	harbor2	chr8	108951346	108951460	SINE/MIR	485	+	57	108951403	46971
chr8	108904432	109104432	harbor2	chr8	108951770	108951840	SINE/MIR	485	+	35	108951805	47373
chr8	108904432	109104432	harbor2	chr8	108968312	108968508	SINE/MIR	917	+	98	108968410	63978
chr8	136811473	137011473	harbor2	chr8	136864846	136865066	SINE/MIR	584	+	110	136864956	53483
chr8	83658035	83858035	harbor2	chr8	83754738	83754910	SINE/MIR	470	+	86	83754824	96789
chr8	83658035	83858035	harbor2	chr8	83755345	83755379	SINE/MIR	470	+	17	83755362	97327
chr8	138789940	138989940	harbor2	chr8	138792899	138793059	SINE/MIR	494	+	80	138792979	3039
chr8	138789940	138989940	harbor2	chr8	138800925	138801095	SINE/MIR	397	+	85	138801010	11070
chr8	138789940	138989940	harbor2	chr8	138818044	138818209	SINE/MIR	380	+	82	138818126	28186
chr8	138789940	138989940	harbor2	chr8	138818511	138818736	SINE/MIR	384	+	112	138818623	28683
chr8	138789940	138989940	harbor2	chr8	138823079	138823196	SINE/MIR	569	+	58	138823137	33197
chr8	138789940	138989940	harbor2	chr8	138825363	138825604	SINE/MIR	825	+	120	138825483	35543
chr8	138789940	138989940	harbor2	chr8	138830130	138830371	SINE/MIR	512	+	120	138830250	40310
chr8	138789940	138989940	harbor2	chr8	138834504	138834741	SINE/MIR	534	+	118	138834622	44682
chr8	138789940	138989940	harbor2	chr8	138842078	138842314	SINE/MIR	435	+	118	138842196	52256
chr8	138789940	138989940	harbor2	chr8	138855018	138855205	SINE/MIR	523	+	94	138855112	65172
chr8	138789940	138989940	harbor2	chr8	138821470	138821667	SINE/MIR	482	+	98	138821568	31628
chr8	60394043	60594043	harbor2	chr8	60403586	60403743	SINE/MIR	391	+	78	60403664	9621
chr8	60394043	60594043	harbor2	chr8	60415618	60415752	SINE/MIR	466	+	67	60415685	21642
chr8	60394043	60594043	harbor2	chr8	60425770	60425965	SINE/MIR	694	+	98	60425868	31825
chr8	60394043	60594043	harbor2	chr8	60454126	60454288	SINE/MIR	477	+	81	60454207	60164
chr8	60394043	60594043	harbor2	chr8	60474150	60474312	SINE/MIR	654	+	81	60474231	80188
chr8	60394043	60594043	harbor2	chr8	60482025	60482220	SINE/MIR	520	+	98	60482123	88080
chr8	59244790	59444790	harbor2	chr8	59280831	59281023	SINE/MIR	407	+	96	59280927	36137
chr8	59244790	59444790	harbor2	chr8	59301487	59301729	SINE/MIR	403	+	121	59301608	56818
chr8	59244790	59444790	harbor2	chr8	59302432	59302645	SINE/MIR	406	+	106	59302538	57748
chr8	131612658	131812658	harbor2	chr8	131630793	131631008	SINE/MIR	598	+	108	131630901	18243
chr8	131612658	131812658	harbor2	chr8	131642418	131642630	SINE/MIR	525	+	106	131642524	29866
chr8	131612658	131812658	harbor2	chr8	131647236	131647362	SINE/MIR	495	+	63	131647299	34641
chr8	131612658	131812658	harbor2	chr8	131661025	131661260	SINE/MIR	424	+	118	131661143	48485
chr8	131612658	131812658	harbor2	chr8	131685660	131685801	SINE/MIR	498	+	70	131685730	73072
chr8	131612658	131812658	harbor2	chr8	131710263	131710461	SINE/MIR	470	+	99	131710362	97704
chr8	70555451	70755451	harbor2	chr8	70609327	70609420	SINE/MIR	389	+	46	70609373	53922
chr8	70555451	70755451	harbor2	chr8	70641881	70642059	SINE/MIR	396	+	89	70641970	86519
chr8	124440870	124640870	harbor2	chr8	124455504	124455665	SINE/MIR	522	+	80	124455584	14714
chr8	115792420	115992420	harbor2	chr8	115801310	115801487	SINE/MIR	591	+	88	115801398	8978
chr8	115792420	115992420	harbor2	chr8	115872986	115873147	SINE/MIR	501	+	80	115873066	80646
chr8	90219208	90419208	harbor2	chr8	90278303	90278532	SINE/MIR	628	+	114	90278417	59209
chr8	101635464	101835464	harbor2	chr8	101638833	101639023	SINE/MIR	445	+	95	101638928	3464
chr8	101635464	101835464	harbor2	chr8	101645505	101645722	SINE/MIR	577	+	108	101645613	10149
chr8	101635464	101835464	harbor2	chr8	101652638	101652881	SINE/MIR	603	+	122	101652760	17296
chr8	101635464	101835464	harbor2	chr8	101658328	101658548	SINE/MIR	608	+	110	101658438	22974
chr8	101635464	101835464	harbor2	chr8	101665951	101666116	SINE/MIR	575	+	82	101666033	30569
chr8	101635464	101835464	harbor2	chr8	101666220	101666368	SINE/MIR	383	+	74	101666294	30830
chr8	101635464	101835464	harbor2	chr8	101724394	101724594	SINE/MIR	504	+	100	101724494	89030
chr8	101635464	101835464	harbor2	chr8	101733307	101733490	SINE/MIR	438	+	92	101733399	97935
chr8	125999393	126199393	harbor2	chr8	126033117	126033315	SINE/MIR	414	+	99	126033216	33823
chr8	125999393	126199393	harbor2	chr8	126037495	126037664	SINE/MIR	552	+	84	126037579	38186
chr8	125999393	126199393	harbor2	chr8	126049743	126049958	SINE/MIR	478	+	108	126049851	50458
chr8	125999393	126199393	harbor2	chr8	126066450	126066701	SINE/MIR	736	+	126	126066576	67183
chr8	125999393	126199393	harbor2	chr8	126068155	126068374	SINE/MIR	557	+	110	126068265	68872
chr8	125999393	126199393	harbor2	chr8	126071768	126071997	SINE/MIR	619	+	114	126071882	72489
chr8	125999393	126199393	harbor2	chr8	126086625	126086857	SINE/MIR	442	+	116	126086741	87348
chr8	119461796	119661796	harbor2	chr8	119506651	119506906	SINE/MIR	727	+	128	119506779	44983
chr8	119461796	119661796	harbor2	chr8	119513351	119513561	SINE/MIR	390	+	105	119513456	51660
chr8	119461796	119661796	harbor2	chr8	119517288	119517439	SINE/MIR	621	+	76	119517364	55568
chr8	119461796	119661796	harbor2	chr8	119529591	119529847	SINE/MIR	544	+	128	119529719	67923
chr8	119461796	119661796	harbor2	chr8	119547127	119547363	SINE/MIR	544	+	118	119547245	85449
chr8	119461796	119661796	harbor2	chr8	119558250	119558413	SINE/MIR	426	+	82	119558332	96536
chr8	119461796	119661796	harbor2	chr8	119560731	119560994	SINE/MIR	424	+	132	119560863	99067
chr8	109646305	109846305	harbor2	chr8	109651573	109651739	SINE/MIR	507	+	83	109651656	5351
chr8	109646305	109846305	harbor2	chr8	109652791	109653018	SINE/MIR	498	+	114	109652905	6600
chr8	109646305	109846305	harbor2	chr8	109662120	109662347	SINE/MIR	403	+	114	109662234	15929
chr8	109646305	109846305	harbor2	chr8	109717452	109717652	SINE/MIR	695	+	100	109717552	71247
chr8	109646305	109846305	harbor2	chr8	109732989	109733174	SINE/MIR	482	+	92	109733081	86776
chr8	109646305	109846305	harbor2	chr8	109736866	109737047	SINE/MIR	742	+	90	109736956	90651
chr8	139336514	139536514	harbor2	chr8	139366009	139366244	SINE/MIR	490	+	118	139366127	29613
chr8	139336514	139536514	harbor2	chr8	139381846	139381987	SINE/MIR	406	+	70	139381916	45402
chr8	139336514	139536514	harbor2	chr8	139426162	139426370	SINE/MIR	380	+	104	139426266	89752
chr8	139336514	139536514	harbor2	chr8	139431104	139431329	SINE/MIR	703	+	112	139431216	94702
chr8	129740478	129940478	harbor2	chr8	129776622	129776718	SINE/MIR	521	+	48	129776670	36192
chr8	129740478	129940478	harbor2	chr8	129777070	129777186	SINE/MIR	521	+	58	129777128	36650
chr8	129740478	129940478	harbor2	chr8	129826477	129826697	SINE/MIR	706	+	110	129826587	86109
chr8	129740478	129940478	harbor2	chr8	129828384	129828422	SINE/MIR	395	+	19	129828403	87925
chr8	129740478	129940478	harbor2	chr8	129828739	129828934	SINE/MIR	395	+	98	129828837	88359
chr8	34234136	34434136	harbor2	chr8	34291749	34291978	SINE/MIR	569	+	114	34291863	57727
chr8	34234136	34434136	harbor2	chr8	34275100	34275352	SINE/MIR	491	+	126	34275226	41090
chr8	134602053	134802053	harbor2	chr8	134628705	134628913	SINE/MIR	803	+	104	134628809	26756
chr8	134602053	134802053	harbor2	chr8	134633155	134633343	SINE/MIR	691	+	94	134633249	31196
chr8	134602053	134802053	harbor2	chr8	134633607	134633762	SINE/MIR	608	+	78	134633685	31632
chr8	134602053	134802053	harbor2	chr8	134634076	134634192	SINE/MIR	608	+	58	134634134	32081
chr8	134602053	134802053	harbor2	chr8	134636188	134636364	SINE/MIR	378	+	88	134636276	34223
chr8	134602053	134802053	harbor2	chr8	134699359	134699533	SINE/MIR	418	+	87	134699446	97393
chr8	134602053	134802053	harbor2	chr8	134699594	134699802	SINE/MIR	443	+	104	134699698	97645
chr8	66791204	66991204	harbor2	chr8	66793116	66793260	SINE/MIR	568	+	72	66793188	1984
chr8	66791204	66991204	harbor2	chr8	66880090	66880242	SINE/MIR	533	+	76	66880166	88962
chr8	52847118	53047118	harbor2	chr8	52853114	52853203	SINE/MIR	394	+	44	52853158	6040
chr8	52847118	53047118	harbor2	chr8	52875133	52875381	SINE/MIR	711	+	124	52875257	28139
chr8	52847118	53047118	harbor2	chr8	52894136	52894294	SINE/MIR	651	+	79	52894215	47097
chr8	52847118	53047118	harbor2	chr8	52894621	52894658	SINE/MIR	651	+	18	52894639	47521
chr8	52847118	53047118	harbor2	chr8	52914272	52914438	SINE/MIR	502	+	83	52914355	67237
chr8	121120761	121320761	harbor2	chr8	121121016	121121192	SINE/MIR	612	+	88	121121104	343
chr8	121120761	121320761	harbor2	chr8	121154854	121155075	SINE/MIR	483	+	110	121154964	34203
chr8	121120761	121320761	harbor2	chr8	121174737	121174840	SINE/MIR	406	+	52	121174789	54028
chr8	121120761	121320761	harbor2	chr8	121181803	121181965	SINE/MIR	390	+	81	121181884	61123
chr8	121120761	121320761	harbor2	chr8	121182023	121182061	SINE/MIR	390	+	19	121182042	61281
chr8	121120761	121320761	harbor2	chr8	121191059	121191308	SINE/MIR	660	+	124	121191183	70422
chr8	121120761	121320761	harbor2	chr8	121200454	121200690	SINE/MIR	503	+	118	121200572	79811
chr8	121120761	121320761	harbor2	chr8	121204231	121204380	SINE/MIR	483	+	74	121204305	83544
chr8	121120761	121320761	harbor2	chr8	121208176	121208414	SINE/MIR	574	+	119	121208295	87534
chr8	104256930	104456930	harbor2	chr8	104258063	104258332	SINE/MIR	649	+	134	104258197	1267
chr8	104256930	104456930	harbor2	chr8	104260752	104260936	SINE/MIR	560	+	92	104260844	3914
chr8	104256930	104456930	harbor2	chr8	104323076	104323291	SINE/MIR	507	+	108	104323184	66254
chr8	104256930	104456930	harbor2	chr8	104325022	104325200	SINE/MIR	687	+	89	104325111	68181
chr8	104256930	104456930	harbor2	chr8	104325503	104325549	SINE/MIR	687	+	23	104325526	68596
chr8	104256930	104456930	harbor2	chr8	104343169	104343296	SINE/MIR	521	+	64	104343233	86303
chr8	104199899	104399899	harbor2	chr8	104216527	104216751	SINE/MIR	607	+	112	104216639	16740
chr8	104199899	104399899	harbor2	chr8	104216878	104216975	SINE/MIR	399	+	48	104216926	17027
chr8	104199899	104399899	harbor2	chr8	104219322	104219539	SINE/MIR	566	+	108	104219430	19531
chr8	104199899	104399899	harbor2	chr8	104231564	104231715	SINE/MIR	376	+	76	104231640	31741
chr8	104199899	104399899	harbor2	chr8	104258063	104258332	SINE/MIR	649	+	134	104258197	58298
chr8	104199899	104399899	harbor2	chr8	104260752	104260936	SINE/MIR	560	+	92	104260844	60945
chr8	138332511	138532511	harbor2	chr8	138347799	138347991	SINE/MIR	560	+	96	138347895	15384
chr8	138332511	138532511	harbor2	chr8	138349299	138349513	SINE/MIR	389	+	107	138349406	16895
chr8	138332511	138532511	harbor2	chr8	138368337	138368541	SINE/MIR	518	+	102	138368439	35928
chr8	138332511	138532511	harbor2	chr8	138371082	138371276	SINE/MIR	421	+	97	138371179	38668
chr8	138332511	138532511	harbor2	chr8	138372494	138372693	SINE/MIR	622	+	100	138372594	40083
chr8	138332511	138532511	harbor2	chr8	138392595	138392696	SINE/MIR	380	+	50	138392645	60134
chr8	138332511	138532511	harbor2	chr8	138430803	138431015	SINE/MIR	496	+	106	138430909	98398
chr8	135665959	135865959	harbor2	chr8	135670974	135671110	SINE/MIR	386	+	68	135671042	5083
chr8	135665959	135865959	harbor2	chr8	135687558	135687739	SINE/MIR	516	+	90	135687648	21689
chr8	135665959	135865959	harbor2	chr8	135715146	135715241	SINE/MIR	397	+	48	135715194	49235
chr8	135665959	135865959	harbor2	chr8	135717282	135717490	SINE/MIR	472	+	104	135717386	51427
chr8	135665959	135865959	harbor2	chr8	135743293	135743497	SINE/MIR	457	+	102	135743395	77436
chr8	135665959	135865959	harbor2	chr8	135757825	135758033	SINE/MIR	465	+	104	135757929	91970
chr8	137010071	137210071	harbor2	chr8	137042744	137042980	SINE/MIR	543	+	118	137042862	32791
chr8	137010071	137210071	harbor2	chr8	137084030	137084227	SINE/MIR	685	+	98	137084128	74057
chr8	21130615	21330615	harbor2	chr8	21140444	21140580	SINE/MIR	561	+	68	21140512	9897
chr8	21130615	21330615	harbor2	chr8	21174659	21174900	SINE/MIR	386	+	120	21174779	44164
chr8	21130615	21330615	harbor2	chr8	21178087	21178226	SINE/MIR	505	+	70	21178157	47542
chr8	21130615	21330615	harbor2	chr8	21182721	21182819	SINE/MIR	458	+	49	21182770	52155
chr8	21130615	21330615	harbor2	chr8	21183530	21183716	SINE/MIR	431	+	93	21183623	53008
chr8	21130615	21330615	harbor2	chr8	21184777	21184961	SINE/MIR	711	+	92	21184869	54254
chr8	21130615	21330615	harbor2	chr8	21198674	21198877	SINE/MIR	564	+	102	21198776	68161
chr8	21130615	21330615	harbor2	chr8	21199016	21199244	SINE/MIR	381	+	114	21199130	68515
chr8	21130615	21330615	harbor2	chr8	21202372	21202605	SINE/MIR	717	+	116	21202488	71873
chr8	21130615	21330615	harbor2	chr8	21226603	21226802	SINE/MIR	778	+	100	21226703	96088
chr8	131591598	131791598	harbor2	chr8	131597119	131597369	SINE/MIR	687	+	125	131597244	5646
chr8	131591598	131791598	harbor2	chr8	131630793	131631008	SINE/MIR	598	+	108	131630901	39303
chr8	131591598	131791598	harbor2	chr8	131642418	131642630	SINE/MIR	525	+	106	131642524	50926
chr8	131591598	131791598	harbor2	chr8	131647236	131647362	SINE/MIR	495	+	63	131647299	55701
chr8	131591598	131791598	harbor2	chr8	131661025	131661260	SINE/MIR	424	+	118	131661143	69545
chr8	131591598	131791598	harbor2	chr8	131685660	131685801	SINE/MIR	498	+	70	131685730	94132
chr8	76612256	76812256	harbor2	chr8	76660545	76660738	SINE/MIR	683	+	96	76660641	48385
chr8	109192330	109392330	harbor2	chr8	109198546	109198681	SINE/MIR	449	+	68	109198614	6284
chr8	109192330	109392330	harbor2	chr8	109230345	109230521	SINE/MIR	624	+	88	109230433	38103
chr8	127348380	127548380	harbor2	chr8	127363192	127363351	SINE/MIR	411	+	80	127363272	14892
chr8	127348380	127548380	harbor2	chr8	127363591	127363797	SINE/MIR	515	+	103	127363694	15314
chr8	127348380	127548380	harbor2	chr8	127377769	127377980	SINE/MIR	839	+	106	127377875	29495
chr8	127348380	127548380	harbor2	chr8	127396368	127396607	SINE/MIR	508	+	120	127396488	48108
chr8	127348380	127548380	harbor2	chr8	127400610	127400798	SINE/MIR	461	+	94	127400704	52324
chr8	127348380	127548380	harbor2	chr8	127400849	127401024	SINE/MIR	397	+	88	127400937	52557
chr8	127348380	127548380	harbor2	chr8	127402683	127402847	SINE/MIR	489	+	82	127402765	54385
chr8	127348380	127548380	harbor2	chr8	127408379	127408600	SINE/MIR	767	+	110	127408489	60109
chr8	127348380	127548380	harbor2	chr8	127427184	127427411	SINE/MIR	477	+	114	127427298	78918
chr8	127348380	127548380	harbor2	chr8	127431459	127431649	SINE/MIR	659	+	95	127431554	83174
chr8	107925272	108125272	harbor2	chr8	107928630	107928875	SINE/MIR	379	+	122	107928752	3480
chr8	107925272	108125272	harbor2	chr8	107961577	107961801	SINE/MIR	516	+	112	107961689	36417
chr8	107925272	108125272	harbor2	chr8	107967831	107968044	SINE/MIR	537	+	106	107967937	42665
chr8	107925272	108125272	harbor2	chr8	107976282	107976403	SINE/MIR	384	+	60	107976342	51070
chr8	132968794	133168794	harbor2	chr8	132972214	132972397	SINE/MIR	638	+	92	132972306	3512
chr8	132968794	133168794	harbor2	chr8	132993283	132993492	SINE/MIR	524	+	104	132993387	24593
chr8	132968794	133168794	harbor2	chr8	133010134	133010353	SINE/MIR	594	+	110	133010244	41450
chr8	132968794	133168794	harbor2	chr8	133021063	133021271	SINE/MIR	717	+	104	133021167	52373
chr8	132968794	133168794	harbor2	chr8	133022801	133022997	SINE/MIR	490	+	98	133022899	54105
chr8	132968794	133168794	harbor2	chr8	133023322	133023558	SINE/MIR	376	+	118	133023440	54646
chr8	132968794	133168794	harbor2	chr8	133056526	133056757	SINE/MIR	737	+	116	133056642	87848
chr8	132968794	133168794	harbor2	chr8	133060932	133061009	SINE/MIR	433	+	38	133060970	92176
chr8	132968794	133168794	harbor2	chr8	133061309	133061429	SINE/MIR	433	+	60	133061369	92575
chr8	132968794	133168794	harbor2	chr8	133066628	133066837	SINE/MIR	564	+	104	133066732	97938
chr8	132968794	133168794	harbor2	chr8	133054347	133054518	SINE/MIR	389	+	86	133054433	85639
chr8	63312357	63512357	harbor2	chr8	63359006	63359258	SINE/MIR	826	+	126	63359132	46775
chr8	63312357	63512357	harbor2	chr8	63367224	63367350	SINE/MIR	498	+	63	63367287	54930
chr8	63312357	63512357	harbor2	chr8	63367942	63368061	SINE/MIR	498	+	60	63368002	55645
chr8	63312357	63512357	harbor2	chr8	63388003	63388243	SINE/MIR	536	+	120	63388123	75766
chr8	63312357	63512357	harbor2	chr8	63392709	63392867	SINE/MIR	460	+	79	63392788	80431
chr8	63312357	63512357	harbor2	chr8	63396660	63396858	SINE/MIR	417	+	99	63396759	84402
chr8	63312357	63512357	harbor2	chr8	63410868	63411038	SINE/MIR	531	+	85	63410953	98596
chr8	85537303	85737303	harbor2	chr8	85540395	85540603	SINE/MIR	585	+	104	85540499	3196
chr8	85537303	85737303	harbor2	chr8	85592588	85592753	SINE/MIR	622	+	82	85592670	55367
chr8	85537303	85737303	harbor2	chr8	85594027	85594217	SINE/MIR	430	+	95	85594122	56819
chr8	85537303	85737303	harbor2	chr8	85625017	85625180	SINE/MIR	394	+	82	85625099	87796
chr8	85537303	85737303	harbor2	chr8	85625636	85625877	SINE/MIR	581	+	120	85625756	88453
chr8	85537303	85737303	harbor2	chr8	85629196	85629419	SINE/MIR	402	+	112	85629308	92005
chr8	105947177	106147177	harbor2	chr8	105948756	105949005	SINE/MIR	662	+	124	105948880	1703
chr8	105947177	106147177	harbor2	chr8	105961166	105961391	SINE/MIR	640	+	112	105961278	14101
chr8	105947177	106147177	harbor2	chr8	105969065	105969208	SINE/MIR	507	+	72	105969137	21960
chr8	105947177	106147177	harbor2	chr8	105975205	105975405	SINE/MIR	407	+	100	105975305	28128
chr8	105947177	106147177	harbor2	chr8	106032647	106032760	SINE/MIR	395	+	56	106032703	85526
chr8	40368612	40568612	harbor2	chr8	40373635	40373845	SINE/MIR	478	+	105	40373740	5128
chr8	40368612	40568612	harbor2	chr8	40381722	40381927	SINE/MIR	428	+	102	40381824	13212
chr8	40368612	40568612	harbor2	chr8	40383152	40383323	SINE/MIR	573	+	86	40383238	14626
chr8	40368612	40568612	harbor2	chr8	40409409	40409536	SINE/MIR	428	+	64	40409473	40861
chr8	40368612	40568612	harbor2	chr8	40420447	40420657	SINE/MIR	512	+	105	40420552	51940
chr8	40368612	40568612	harbor2	chr8	40423394	40423553	SINE/MIR	507	+	80	40423474	54862
chr8	40368612	40568612	harbor2	chr8	40466638	40466824	SINE/MIR	445	+	93	40466731	98119
chr8	128058087	128258087	harbor2	chr8	128071877	128072040	SINE/MIR	484	+	82	128071959	13872
chr8	128058087	128258087	harbor2	chr8	128083032	128083286	SINE/MIR	596	+	127	128083159	25072
chr8	128058087	128258087	harbor2	chr8	128090912	128091126	SINE/MIR	544	+	107	128091019	32932
chr8	128058087	128258087	harbor2	chr8	128098546	128098691	SINE/MIR	426	+	72	128098618	40531
chr8	128058087	128258087	harbor2	chr8	128104869	128105034	SINE/MIR	415	+	82	128104951	46864
chr8	128058087	128258087	harbor2	chr8	128105023	128105228	SINE/MIR	368	+	102	128105125	47038
chr8	128058087	128258087	harbor2	chr8	128112738	128112910	SINE/MIR	538	+	86	128112824	54737
chr8	128058087	128258087	harbor2	chr8	128122322	128122519	SINE/MIR	524	+	98	128122420	64333
chr8	128058087	128258087	harbor2	chr8	128133002	128133151	SINE/MIR	417	+	74	128133076	74989
chr8	86639356	86839356	harbor2	chr8	86645362	86645571	SINE/MIR	591	+	104	86645466	6110
chr8	86639356	86839356	harbor2	chr8	86646418	86646621	SINE/MIR	408	+	102	86646520	7164
chr8	86639356	86839356	harbor2	chr8	86666403	86666603	SINE/MIR	657	+	100	86666503	27147
chr8	83716537	83916537	harbor2	chr8	83754738	83754910	SINE/MIR	470	+	86	83754824	38287
chr8	83716537	83916537	harbor2	chr8	83755345	83755379	SINE/MIR	470	+	17	83755362	38825
chr8	83716537	83916537	harbor2	chr8	83760054	83760198	SINE/MIR	478	+	72	83760126	43589
chr8	83716537	83916537	harbor2	chr8	83806125	83806339	SINE/MIR	400	+	107	83806232	89695
chr8	103245934	103445934	harbor2	chr8	103247440	103247589	SINE/MIR	644	+	74	103247514	1580
chr8	103245934	103445934	harbor2	chr8	103247960	103248052	SINE/MIR	644	+	46	103248006	2072
chr8	103245934	103445934	harbor2	chr8	103249892	103250059	SINE/MIR	474	+	84	103249976	4042
chr8	103245934	103445934	harbor2	chr8	103264534	103264649	SINE/MIR	410	+	58	103264592	18658
chr8	103245934	103445934	harbor2	chr8	103268737	103268957	SINE/MIR	537	+	110	103268847	22913
chr8	103245934	103445934	harbor2	chr8	103277939	103278138	SINE/MIR	630	+	100	103278039	32105
chr8	103245934	103445934	harbor2	chr8	103313028	103313266	SINE/MIR	669	+	119	103313147	67213
chr8	143741575	143941575	harbor2	chr8	143779666	143779849	SINE/MIR	416	+	92	143779758	38183
chr8	143741575	143941575	harbor2	chr8	143838320	143838444	SINE/MIR	434	+	62	143838382	96807
chr8	123036703	123236703	harbor2	chr8	123061492	123061638	SINE/MIR	475	+	73	123061565	24862
chr8	123036703	123236703	harbor2	chr8	123071892	123071997	SINE/MIR	420	+	52	123071944	35241
chr8	123036703	123236703	harbor2	chr8	123085912	123086092	SINE/MIR	380	+	90	123086002	49299
chr8	123036703	123236703	harbor2	chr8	123108132	123108342	SINE/MIR	472	+	105	123108237	71534
chr8	123036703	123236703	harbor2	chr8	123110110	123110361	SINE/MIR	580	+	126	123110236	73533
chr8	65537470	65737470	harbor2	chr8	65598168	65598322	SINE/MIR	394	+	77	65598245	60775
chr8	65537470	65737470	harbor2	chr8	65600193	65600392	SINE/MIR	731	+	100	65600293	62823
chr8	131166543	131366543	harbor2	chr8	131189561	131189763	SINE/MIR	599	+	101	131189662	23119
chr8	131166543	131366543	harbor2	chr8	131211404	131211606	SINE/MIR	592	+	101	131211505	44962
chr8	131166543	131366543	harbor2	chr8	131223482	131223643	SINE/MIR	503	+	80	131223562	57019
chr8	131166543	131366543	harbor2	chr8	131229885	131230094	SINE/MIR	556	+	104	131229989	63446
chr8	78564748	78764748	harbor2	chr8	78613710	78613923	SINE/MIR	457	+	106	78613816	49068
chr8	78564748	78764748	harbor2	chr8	78635522	78635751	SINE/MIR	626	+	114	78635636	70888
chr8	128928583	129128583	harbor2	chr8	128931549	128931778	SINE/MIR	618	+	114	128931663	3080
chr8	128928583	129128583	harbor2	chr8	128936024	128936272	SINE/MIR	495	+	124	128936148	7565
chr8	128928583	129128583	harbor2	chr8	128938827	128939055	SINE/MIR	486	+	114	128938941	10358
chr8	128928583	129128583	harbor2	chr8	128944388	128944530	SINE/MIR	412	+	71	128944459	15876
chr8	128928583	129128583	harbor2	chr8	128969298	128969435	SINE/MIR	390	+	68	128969366	40783
chr8	128928583	129128583	harbor2	chr8	128969517	128969545	SINE/MIR	390	+	14	128969531	40948
chr8	128928583	129128583	harbor2	chr8	128976456	128976660	SINE/MIR	376	+	102	128976558	47975
chr8	128928583	129128583	harbor2	chr8	128977634	128977888	SINE/MIR	617	+	127	128977761	49178
chr8	128928583	129128583	harbor2	chr8	128980600	128980783	SINE/MIR	494	+	92	128980692	52109
chr8	128928583	129128583	harbor2	chr8	129000173	129000412	SINE/MIR	708	+	120	129000293	71710
chr8	128928583	129128583	harbor2	chr8	129018933	129019096	SINE/MIR	465	+	82	129019015	90432
chr8	128928583	129128583	harbor2	chr8	129026392	129026615	SINE/MIR	606	+	112	129026504	97921
chr8	31978400	32178400	harbor2	chr8	32012596	32012811	SINE/MIR	681	+	108	32012704	34304
chr8	31978400	32178400	harbor2	chr8	32039131	32039270	SINE/MIR	388	+	70	32039201	60801
chr8	31978400	32178400	harbor2	chr8	32074917	32075146	SINE/MIR	789	+	114	32075031	96631
chr8	97173533	97373533	harbor2	chr8	97191254	97191386	SINE/MIR	418	+	66	97191320	17787
chr8	97173533	97373533	harbor2	chr8	97207302	97207511	SINE/MIR	474	+	104	97207406	33873
chr8	97173533	97373533	harbor2	chr8	97226118	97226279	SINE/MIR	435	+	80	97226198	52665
chr8	97173533	97373533	harbor2	chr8	97230984	97231181	SINE/MIR	461	+	98	97231082	57549
chr8	97173533	97373533	harbor2	chr8	97233503	97233657	SINE/MIR	405	+	77	97233580	60047
chr8	97173533	97373533	harbor2	chr8	97239489	97239613	SINE/MIR	374	+	62	97239551	66018
chr8	97173533	97373533	harbor2	chr8	97249768	97249994	SINE/MIR	519	+	113	97249881	76348
chr8	97173533	97373533	harbor2	chr8	97251473	97251619	SINE/MIR	617	+	73	97251546	78013
chr8	97173533	97373533	harbor2	chr8	97252024	97252082	SINE/MIR	617	+	29	97252053	78520
chr8	97173533	97373533	harbor2	chr8	97256148	97256333	SINE/MIR	480	+	92	97256240	82707
chr8	97173533	97373533	harbor2	chr8	97264876	97265094	SINE/MIR	375	+	109	97264985	91452
chr8	97173533	97373533	harbor2	chr8	97265878	97266039	SINE/MIR	407	+	80	97265958	92425
chr8	97173533	97373533	harbor2	chr8	97270254	97270349	SINE/MIR	386	+	48	97270302	96769
chr8	97173533	97373533	harbor2	chr8	97271819	97272020	SINE/MIR	502	+	100	97271919	98386
chr8	122992816	123192816	harbor2	chr8	123011426	123011464	SINE/MIR	416	+	19	123011445	18629
chr8	122992816	123192816	harbor2	chr8	123011768	123011849	SINE/MIR	416	+	40	123011808	18992
chr8	122992816	123192816	harbor2	chr8	123026571	123026734	SINE/MIR	483	+	82	123026653	33837
chr8	122992816	123192816	harbor2	chr8	123061492	123061638	SINE/MIR	475	+	73	123061565	68749
chr8	122992816	123192816	harbor2	chr8	123071892	123071997	SINE/MIR	420	+	52	123071944	79128
chr8	122992816	123192816	harbor2	chr8	123085912	123086092	SINE/MIR	380	+	90	123086002	93186
chr8	144913422	145113422	harbor2	chr8	144992677	144992785	SINE/MIR	386	+	54	144992731	79309
chr8	144913422	145113422	harbor2	chr8	145002047	145002240	SINE/MIR	368	+	96	145002143	88721
chr8	144913422	145113422	harbor2	chr8	145009844	145009957	SINE/MIR	412	+	56	145009900	96478
chr8	122624213	122824213	harbor2	chr8	122629370	122629609	SINE/MIR	532	+	120	122629490	5277
chr8	122624213	122824213	harbor2	chr8	122636978	122637107	SINE/MIR	396	+	64	122637042	12829
chr8	122624213	122824213	harbor2	chr8	122637926	122638053	SINE/MIR	374	+	64	122637990	13777
chr8	122624213	122824213	harbor2	chr8	122641150	122641311	SINE/MIR	460	+	80	122641230	17017
chr8	122624213	122824213	harbor2	chr8	122667618	122667806	SINE/MIR	485	+	94	122667712	43499
chr8	122624213	122824213	harbor2	chr8	122667989	122668190	SINE/MIR	539	+	100	122668089	43876
chr8	122624213	122824213	harbor2	chr8	122684667	122684872	SINE/MIR	390	+	102	122684769	60556
chr8	122624213	122824213	harbor2	chr8	122702976	122703160	SINE/MIR	584	+	92	122703068	78855
chr8	122624213	122824213	harbor2	chr8	122707316	122707522	SINE/MIR	399	+	103	122707419	83206
chr8	122624213	122824213	harbor2	chr8	122717676	122717883	SINE/MIR	551	+	104	122717780	93567
chr8	122624213	122824213	harbor2	chr8	122719690	122719841	SINE/MIR	382	+	76	122719766	95553
chr8	131606213	131806213	harbor2	chr8	131630793	131631008	SINE/MIR	598	+	108	131630901	24688
chr8	131606213	131806213	harbor2	chr8	131642418	131642630	SINE/MIR	525	+	106	131642524	36311
chr8	131606213	131806213	harbor2	chr8	131647236	131647362	SINE/MIR	495	+	63	131647299	41086
chr8	131606213	131806213	harbor2	chr8	131661025	131661260	SINE/MIR	424	+	118	131661143	54930
chr8	131606213	131806213	harbor2	chr8	131685660	131685801	SINE/MIR	498	+	70	131685730	79517
chr8	118419566	118619566	harbor2	chr8	118421077	118421276	SINE/MIR	583	+	100	118421177	1611
chr8	118419566	118619566	harbor2	chr8	118423651	118423899	SINE/MIR	770	+	124	118423775	4209
chr8	118419566	118619566	harbor2	chr8	118448737	118448945	SINE/MIR	592	+	104	118448841	29275
chr8	118419566	118619566	harbor2	chr8	118456923	118457137	SINE/MIR	641	+	107	118457030	37464
chr8	118419566	118619566	harbor2	chr8	118463870	118464025	SINE/MIR	369	+	78	118463948	44382
chr8	118419566	118619566	harbor2	chr8	118467221	118467434	SINE/MIR	666	+	106	118467327	47761
chr8	118419566	118619566	harbor2	chr8	118470430	118470666	SINE/MIR	514	+	118	118470548	50982
chr8	118419566	118619566	harbor2	chr8	118471914	118472005	SINE/MIR	382	+	46	118471960	52394
chr8	118419566	118619566	harbor2	chr8	118494913	118495114	SINE/MIR	471	+	100	118495013	75447
chr8	118419566	118619566	harbor2	chr8	118495596	118495807	SINE/MIR	743	+	106	118495702	76136
chr8	118419566	118619566	harbor2	chr8	118517281	118517489	SINE/MIR	566	+	104	118517385	97819
chr8	113712483	113912483	harbor2	chr8	113733800	113734012	SINE/MIR	393	+	106	113733906	21423
chr8	113712483	113912483	harbor2	chr8	113743666	113743902	SINE/MIR	486	+	118	113743784	31301
chr8	85482121	85682121	harbor2	chr8	85495343	85495551	SINE/MIR	552	+	104	85495447	13326
chr8	85482121	85682121	harbor2	chr8	85496372	85496549	SINE/MIR	557	+	88	85496460	14339
chr8	85482121	85682121	harbor2	chr8	85496695	85496808	SINE/MIR	431	+	56	85496751	14630
chr8	85482121	85682121	harbor2	chr8	85501934	85502140	SINE/MIR	500	+	103	85502037	19916
chr8	85482121	85682121	harbor2	chr8	85517663	85517832	SINE/MIR	526	+	84	85517747	35626
chr8	85482121	85682121	harbor2	chr8	85527517	85527708	SINE/MIR	392	+	96	85527613	45492
chr8	85482121	85682121	harbor2	chr8	85540395	85540603	SINE/MIR	585	+	104	85540499	58378
chr8	115793057	115993057	harbor2	chr8	115801310	115801487	SINE/MIR	591	+	88	115801398	8341
chr8	115793057	115993057	harbor2	chr8	115872986	115873147	SINE/MIR	501	+	80	115873066	80009
chr8	137851357	138051357	harbor2	chr8	137854024	137854192	SINE/MIR	428	+	84	137854108	2751
chr8	137851357	138051357	harbor2	chr8	137933543	137933659	SINE/MIR	583	+	58	137933601	82244
chr8	137851357	138051357	harbor2	chr8	137936735	137936976	SINE/MIR	422	+	120	137936855	85498
chr8	87673781	87873781	harbor2	chr8	87727150	87727372	SINE/MIR	423	+	111	87727261	53480
chr8	133694195	133894195	harbor2	chr8	133704667	133704862	SINE/MIR	467	+	98	133704765	10570
chr8	133694195	133894195	harbor2	chr8	133713544	133713722	SINE/MIR	373	+	89	133713633	19438
chr8	133694195	133894195	harbor2	chr8	133744980	133745187	SINE/MIR	538	+	104	133745084	50889
chr8	133694195	133894195	harbor2	chr8	133759708	133759883	SINE/MIR	526	+	88	133759796	65601
chr8	133694195	133894195	harbor2	chr8	133768790	133769005	SINE/MIR	499	+	108	133768898	74703
chr8	133694195	133894195	harbor2	chr8	133775379	133775565	SINE/MIR	595	+	93	133775472	81277
chr8	133694195	133894195	harbor2	chr8	133775875	133775939	SINE/MIR	595	+	32	133775907	81712
chr8	133694195	133894195	harbor2	chr8	133791246	133791465	SINE/MIR	480	+	110	133791356	97161
chr8	28051271	28251271	harbor2	chr8	28068525	28068651	SINE/MIR	415	+	63	28068588	17317
chr8	28051271	28251271	harbor2	chr8	28069176	28069402	SINE/MIR	620	+	113	28069289	18018
chr8	28051271	28251271	harbor2	chr8	28080867	28081036	SINE/MIR	404	+	84	28080951	29680
chr8	28051271	28251271	harbor2	chr8	28081340	28081414	SINE/MIR	404	+	37	28081377	30106
chr8	28051271	28251271	harbor2	chr8	28095630	28095816	SINE/MIR	577	+	93	28095723	44452
chr8	28051271	28251271	harbor2	chr8	28124257	28124452	SINE/MIR	371	+	98	28124355	73084
chr8	28051271	28251271	harbor2	chr8	28128542	28128783	SINE/MIR	807	+	120	28128662	77391
chr8	81433329	81633329	harbor2	chr8	81459863	81459979	SINE/MIR	465	+	58	81459921	26592
chr8	81433329	81633329	harbor2	chr8	81460300	81460363	SINE/MIR	465	+	32	81460332	27003
chr8	81433329	81633329	harbor2	chr8	81492956	81493167	SINE/MIR	457	+	106	81493062	59733
chr8	81433329	81633329	harbor2	chr8	81526406	81526561	SINE/MIR	456	+	78	81526484	93155
chr8	13813751	14013751	harbor2	chr8	13849129	13849347	SINE/MIR	555	+	109	13849238	35487
chr8	13813751	14013751	harbor2	chr8	13905044	13905196	SINE/MIR	373	+	76	13905120	91369
chr8	69729267	69929267	harbor2	chr8	69732926	69733139	SINE/MIR	606	+	106	69733032	3765
chr8	69729267	69929267	harbor2	chr8	69757901	69758143	SINE/MIR	573	+	121	69758022	28755
chr8	69729267	69929267	harbor2	chr8	69758881	69759131	SINE/MIR	574	+	125	69759006	29739
chr8	69729267	69929267	harbor2	chr8	69767368	69767585	SINE/MIR	827	+	108	69767476	38209
chr8	69729267	69929267	harbor2	chr8	69782898	69783091	SINE/MIR	558	+	96	69782994	53727
chr8	69729267	69929267	harbor2	chr8	69813885	69814043	SINE/MIR	463	+	79	69813964	84697
chr8	69729267	69929267	harbor2	chr8	69827985	69828162	SINE/MIR	535	+	88	69828073	98806
chr8	141717402	141917402	harbor2	chr8	141734337	141734443	SINE/MIR	429	+	53	141734390	16988
chr8	141717402	141917402	harbor2	chr8	141778221	141778341	SINE/MIR	391	+	60	141778281	60879
chr8	141717402	141917402	harbor2	chr8	141778730	141778791	SINE/MIR	391	+	30	141778760	61358
chr8	137187072	137387072	harbor2	chr8	137190867	137191112	SINE/MIR	406	+	122	137190989	3917
chr8	137187072	137387072	harbor2	chr8	137199329	137199485	SINE/MIR	428	+	78	137199407	12335
chr8	137187072	137387072	harbor2	chr8	137205658	137205796	SINE/MIR	427	+	69	137205727	18655
chr8	137187072	137387072	harbor2	chr8	137220911	137221133	SINE/MIR	423	+	111	137221022	33950
chr8	137187072	137387072	harbor2	chr8	137252276	137252414	SINE/MIR	368	+	69	137252345	65273
chr8	112812475	113012475	harbor2	chr8	112844005	112844173	SINE/MIR	435	+	84	112844089	31614
chr8	112812475	113012475	harbor2	chr8	112849883	112850130	SINE/MIR	755	+	124	112850007	37532
chr8	112812475	113012475	harbor2	chr8	112857638	112857819	SINE/MIR	413	+	90	112857728	45253
chr8	112812475	113012475	harbor2	chr8	112886990	112887188	SINE/MIR	643	+	99	112887089	74614
chr8	112812475	113012475	harbor2	chr8	112907369	112907498	SINE/MIR	394	+	64	112907433	94958
chr8	136759594	136959594	harbor2	chr8	136776828	136777017	SINE/MIR	385	+	94	136776922	17328
chr8	136759594	136959594	harbor2	chr8	136804959	136805182	SINE/MIR	708	+	112	136805071	45477
chr8	133392409	133592409	harbor2	chr8	133394172	133394399	SINE/MIR	436	+	114	133394286	1877
chr8	133392409	133592409	harbor2	chr8	133395776	133396025	SINE/MIR	456	+	124	133395900	3491
chr8	133392409	133592409	harbor2	chr8	133397598	133397682	SINE/MIR	385	+	42	133397640	5231
chr8	133392409	133592409	harbor2	chr8	133398194	133398349	SINE/MIR	385	+	78	133398272	5863
chr8	133392409	133592409	harbor2	chr8	133398823	133398984	SINE/MIR	494	+	80	133398903	6494
chr8	133392409	133592409	harbor2	chr8	133412586	133412757	SINE/MIR	614	+	86	133412672	20263
chr8	133392409	133592409	harbor2	chr8	133424475	133424703	SINE/MIR	458	+	114	133424589	32180
chr8	133392409	133592409	harbor2	chr8	133438430	133438571	SINE/MIR	412	+	70	133438500	46091
chr8	133392409	133592409	harbor2	chr8	133448971	133449157	SINE/MIR	407	+	93	133449064	56655
chr8	133392409	133592409	harbor2	chr8	133449844	133450025	SINE/MIR	412	+	90	133449934	57525
chr8	133392409	133592409	harbor2	chr8	133460294	133460427	SINE/MIR	519	+	66	133460360	67951
chr8	133392409	133592409	harbor2	chr8	133477095	133477241	SINE/MIR	573	+	73	133477168	84759
chr8	133392409	133592409	harbor2	chr8	133482941	133483059	SINE/MIR	565	+	59	133483000	90591
chr8	133392409	133592409	harbor2	chr8	133483363	133483460	SINE/MIR	565	+	48	133483411	91002
chr8	133392409	133592409	harbor2	chr8	133484137	133484353	SINE/MIR	464	+	108	133484245	91836
chr8	133392409	133592409	harbor2	chr8	133447534	133447774	SINE/MIR	441	+	120	133447654	55245
chr8	124291924	124491924	harbor2	chr8	124357748	124357820	SINE/MIR	442	+	36	124357784	65860
chr8	124291924	124491924	harbor2	chr8	124358130	124358314	SINE/MIR	442	+	92	124358222	66298
chr8	124291924	124491924	harbor2	chr8	124375917	124376192	SINE/MIR	768	+	138	124376055	84131
chr8	124291924	124491924	harbor2	chr8	124377721	124377940	SINE/MIR	465	+	110	124377831	85907
chr8	131538625	131738625	harbor2	chr8	131543964	131544173	SINE/MIR	386	+	104	131544068	5443
chr8	131538625	131738625	harbor2	chr8	131597119	131597369	SINE/MIR	687	+	125	131597244	58619
chr8	131538625	131738625	harbor2	chr8	131630793	131631008	SINE/MIR	598	+	108	131630901	92276
chr8	137994976	138194976	harbor2	chr8	138032081	138032254	SINE/MIR	578	+	86	138032167	37191
chr8	137994976	138194976	harbor2	chr8	138051606	138051782	SINE/MIR	434	+	88	138051694	56718
chr8	127955550	128155550	harbor2	chr8	127971594	127971800	SINE/MIR	612	+	103	127971697	16147
chr8	127955550	128155550	harbor2	chr8	127981996	127982213	SINE/MIR	402	+	108	127982104	26554
chr8	127955550	128155550	harbor2	chr8	127989785	127990017	SINE/MIR	680	+	116	127989901	34351
chr8	127955550	128155550	harbor2	chr8	128004520	128004635	SINE/MIR	441	+	58	128004578	49028
chr8	127955550	128155550	harbor2	chr8	128013121	128013334	SINE/MIR	514	+	106	128013227	57677
chr8	127955550	128155550	harbor2	chr8	128034774	128034981	SINE/MIR	594	+	104	128034878	79328
chr8	127955550	128155550	harbor2	chr8	128048612	128048781	SINE/MIR	665	+	84	128048696	93146
chr8	127955550	128155550	harbor2	chr8	128049769	128049858	SINE/MIR	391	+	44	128049813	94263
chr8	127955550	128155550	harbor2	chr8	128050588	128050742	SINE/MIR	516	+	77	128050665	95115
chr8	127955550	128155550	harbor2	chr8	128055298	128055514	SINE/MIR	595	+	108	128055406	99856
chr8	104586968	104786968	harbor2	chr8	104660274	104660481	SINE/MIR	431	+	104	104660378	73410
chr8	104586968	104786968	harbor2	chr8	104674050	104674240	SINE/MIR	529	+	95	104674145	87177
chr8	74276742	74476742	harbor2	chr8	74277551	74277789	SINE/MIR	800	+	119	74277670	928
chr8	74276742	74476742	harbor2	chr8	74342773	74343007	SINE/MIR	745	+	117	74342890	66148
chr8	74276742	74476742	harbor2	chr8	74345844	74346078	SINE/MIR	387	+	117	74345961	69219
chr8	141165071	141365071	harbor2	chr8	141167486	141167679	SINE/MIR	563	+	96	141167582	2511
chr8	141165071	141365071	harbor2	chr8	141175498	141175698	SINE/MIR	474	+	100	141175598	10527
chr8	141691577	141891577	harbor2	chr8	141734337	141734443	SINE/MIR	429	+	53	141734390	42813
chr8	141691577	141891577	harbor2	chr8	141778221	141778341	SINE/MIR	391	+	60	141778281	86704
chr8	141691577	141891577	harbor2	chr8	141778730	141778791	SINE/MIR	391	+	30	141778760	87183
chr8	136365675	136565675	harbor2	chr8	136398485	136398620	SINE/MIR	370	+	68	136398553	32878
chr8	136365675	136565675	harbor2	chr8	136416743	136416953	SINE/MIR	444	+	105	136416848	51173
chr8	136365675	136565675	harbor2	chr8	136413182	136413373	SINE/MIR	377	+	96	136413278	47603
chr8	134687359	134887359	harbor2	chr8	134699359	134699533	SINE/MIR	418	+	87	134699446	12087
chr8	134687359	134887359	harbor2	chr8	134699594	134699802	SINE/MIR	443	+	104	134699698	12339
chr8	134687359	134887359	harbor2	chr8	134703612	134703730	SINE/MIR	403	+	59	134703671	16312
chr8	134687359	134887359	harbor2	chr8	134729694	134729889	SINE/MIR	498	+	98	134729792	42433
chr8	134687359	134887359	harbor2	chr8	134780558	134780757	SINE/MIR	399	+	100	134780658	93299
chr8	134687359	134887359	harbor2	chr8	134758355	134758444	SINE/MIR	437	+	44	134758399	71040
chr8	76504478	76704478	harbor2	chr8	76524357	76524590	SINE/MIR	467	+	116	76524473	19995
chr8	76504478	76704478	harbor2	chr8	76563291	76563498	SINE/MIR	496	+	104	76563395	58917
chr8	76504478	76704478	harbor2	chr8	76592322	76592574	SINE/MIR	756	+	126	76592448	87970
chr8	76504478	76704478	harbor2	chr8	76604343	76604540	SINE/MIR	445	+	98	76604441	99963
chr8	41896222	42096222	harbor2	chr8	41964109	41964328	SINE/MIR	428	+	110	41964219	67997
chr8	41896222	42096222	harbor2	chr8	41966832	41966988	SINE/MIR	389	+	78	41966910	70688
chr8	41896222	42096222	harbor2	chr8	41977536	41977717	SINE/MIR	538	+	90	41977626	81404
chr8	41896222	42096222	harbor2	chr8	41978297	41978521	SINE/MIR	764	+	112	41978409	82187
chr8	54227342	54427342	harbor2	chr8	54315277	54315437	SINE/MIR	446	+	80	54315357	88015
chr8	81163964	81363964	harbor2	chr8	81211473	81211677	SINE/MIR	515	+	102	81211575	47611
chr8	81163964	81363964	harbor2	chr8	81230713	81230954	SINE/MIR	480	+	120	81230833	66869
chr8	81163964	81363964	harbor2	chr8	81235565	81235752	SINE/MIR	616	+	94	81235659	71695
chr8	81163964	81363964	harbor2	chr8	81246526	81246658	SINE/MIR	510	+	66	81246592	82628
chr8	81163964	81363964	harbor2	chr8	81258992	81259196	SINE/MIR	1118	+	102	81259094	95130
chr8	111603804	111803804	harbor2	chr8	111651413	111651636	SINE/MIR	486	+	112	111651525	47721
chr8	108471765	108671765	harbor2	chr8	108474767	108474953	SINE/MIR	702	+	93	108474860	3095
chr8	108471765	108671765	harbor2	chr8	108483003	108483180	SINE/MIR	485	+	88	108483091	11326
chr8	108471765	108671765	harbor2	chr8	108522108	108522352	SINE/MIR	492	+	122	108522230	50465
chr8	108471765	108671765	harbor2	chr8	108538309	108538492	SINE/MIR	460	+	92	108538401	66636
chr8	108471765	108671765	harbor2	chr8	108549373	108549602	SINE/MIR	537	+	114	108549487	77722
chr8	88834263	89034263	harbor2	chr8	88853590	88853783	SINE/MIR	407	+	96	88853686	19423
chr8	138107804	138307804	harbor2	chr8	138110917	138111100	SINE/MIR	422	+	92	138111009	3205
chr8	138107804	138307804	harbor2	chr8	138111370	138111567	SINE/MIR	432	+	98	138111468	3664
chr8	138107804	138307804	harbor2	chr8	138173385	138173590	SINE/MIR	694	+	102	138173487	65683
chr8	71526168	71726168	harbor2	chr8	71536813	71536975	SINE/MIR	432	+	81	71536894	10726
chr8	71526168	71726168	harbor2	chr8	71565547	71565755	SINE/MIR	503	+	104	71565651	39483
chr8	71526168	71726168	harbor2	chr8	71604645	71604836	SINE/MIR	397	+	96	71604741	78573
chr8	71526168	71726168	harbor2	chr8	71605101	71605146	SINE/MIR	397	+	22	71605123	78955
chr8	75409963	75609963	harbor2	chr8	75411701	75411945	SINE/MIR	557	+	122	75411823	1860
chr8	75409963	75609963	harbor2	chr8	75412235	75412394	SINE/MIR	408	+	80	75412315	2352
chr8	75409963	75609963	harbor2	chr8	75419857	75420004	SINE/MIR	375	+	74	75419931	9968
chr8	75409963	75609963	harbor2	chr8	75471645	75471850	SINE/MIR	390	+	102	75471747	61784
chr8	75409963	75609963	harbor2	chr8	75471909	75472077	SINE/MIR	436	+	84	75471993	62030
chr8	75409963	75609963	harbor2	chr8	75491066	75491259	SINE/MIR	416	+	96	75491162	81199
chr8	75409963	75609963	harbor2	chr8	75503173	75503398	SINE/MIR	629	+	112	75503285	93322
chr8	75409963	75609963	harbor2	chr8	75505197	75505325	SINE/MIR	400	+	64	75505261	95298
chr8	110040239	110240239	harbor2	chr8	110048556	110048729	SINE/MIR	455	+	86	110048642	8403
chr8	110040239	110240239	harbor2	chr8	110096125	110096359	SINE/MIR	514	+	117	110096242	56003
chr8	144791189	144991189	harbor2	chr8	144797568	144797656	SINE/MIR	421	+	44	144797612	6423
chr8	144791189	144991189	harbor2	chr8	144797950	144798063	SINE/MIR	421	+	56	144798006	6817
chr8	107602859	107802859	harbor2	chr8	107636702	107636924	SINE/MIR	545	+	111	107636813	33954
chr8	107602859	107802859	harbor2	chr8	107640219	107640394	SINE/MIR	485	+	88	107640307	37448
chr8	107602859	107802859	harbor2	chr8	107691635	107691866	SINE/MIR	599	+	116	107691751	88892
chr8	107602859	107802859	harbor2	chr8	107693599	107693834	SINE/MIR	581	+	118	107693717	90858
chr8	136067400	136267400	harbor2	chr8	136067945	136068067	SINE/MIR	387	+	61	136068006	606
chr8	136067400	136267400	harbor2	chr8	136074141	136074381	SINE/MIR	485	+	120	136074261	6861
chr8	136067400	136267400	harbor2	chr8	136077466	136077667	SINE/MIR	430	+	100	136077566	10166
chr8	136067400	136267400	harbor2	chr8	136091518	136091730	SINE/MIR	483	+	106	136091624	24224
chr8	136067400	136267400	harbor2	chr8	136100656	136100870	SINE/MIR	456	+	107	136100763	33363
chr8	136067400	136267400	harbor2	chr8	136109898	136110097	SINE/MIR	544	+	100	136109998	42598
chr8	136067400	136267400	harbor2	chr8	136112537	136112723	SINE/MIR	409	+	93	136112630	45230
chr8	136067400	136267400	harbor2	chr8	136119490	136119703	SINE/MIR	483	+	106	136119596	52196
chr8	136067400	136267400	harbor2	chr8	136119806	136119899	SINE/MIR	488	+	46	136119852	52452
chr8	136067400	136267400	harbor2	chr8	136119943	136120012	SINE/MIR	488	+	34	136119977	52577
chr8	136067400	136267400	harbor2	chr8	136146329	136146563	SINE/MIR	396	+	117	136146446	79046
chr8	136067400	136267400	harbor2	chr8	136156926	136157093	SINE/MIR	407	+	84	136157010	89610
chr8	136067400	136267400	harbor2	chr8	136157376	136157488	SINE/MIR	407	+	56	136157432	90032
chr8	128332732	128532732	harbor2	chr8	128335019	128335180	SINE/MIR	394	+	80	128335099	2367
chr8	128332732	128532732	harbor2	chr8	128403146	128403349	SINE/MIR	549	+	102	128403248	70516
chr8	128332732	128532732	harbor2	chr8	128412748	128412926	SINE/MIR	544	+	89	128412837	80105
chr8	128332732	128532732	harbor2	chr8	128426848	128427110	SINE/MIR	683	+	131	128426979	94247
chr8	105143614	105343614	harbor2	chr8	105150867	105151111	SINE/MIR	893	+	122	105150989	7375
chr8	128154020	128354020	harbor2	chr8	128168124	128168326	SINE/MIR	469	+	101	128168225	14205
chr8	128154020	128354020	harbor2	chr8	128169155	128169406	SINE/MIR	665	+	126	128169281	15261
chr8	128154020	128354020	harbor2	chr8	128178834	128178958	SINE/MIR	401	+	62	128178896	24876
chr8	128154020	128354020	harbor2	chr8	128184256	128184406	SINE/MIR	376	+	75	128184331	30311
chr8	128154020	128354020	harbor2	chr8	128189665	128189916	SINE/MIR	673	+	126	128189791	35771
chr8	128154020	128354020	harbor2	chr8	128193153	128193328	SINE/MIR	553	+	88	128193241	39221
chr8	128154020	128354020	harbor2	chr8	128198985	128199191	SINE/MIR	580	+	103	128199088	45068
chr8	128154020	128354020	harbor2	chr8	128206292	128206465	SINE/MIR	756	+	86	128206378	52358
chr8	128154020	128354020	harbor2	chr8	128219482	128219684	SINE/MIR	633	+	101	128219583	65563
chr8	128154020	128354020	harbor2	chr8	128242061	128242217	SINE/MIR	457	+	78	128242139	88119
chr8	128154020	128354020	harbor2	chr8	128246505	128246700	SINE/MIR	497	+	98	128246603	92583
chr8	128154020	128354020	harbor2	chr8	128252030	128252293	SINE/MIR	425	+	132	128252162	98142
chr8	128154020	128354020	harbor2	chr8	128253096	128253245	SINE/MIR	411	+	74	128253170	99150
chr8	85107879	85307879	harbor2	chr8	85192831	85193031	SINE/MIR	587	+	100	85192931	85052
chr8	125487789	125687789	harbor2	chr8	125488609	125488790	SINE/MIR	418	+	90	125488699	910
chr8	125487789	125687789	harbor2	chr8	125488796	125488937	SINE/MIR	568	+	70	125488866	1077
chr8	125487789	125687789	harbor2	chr8	125489866	125490078	SINE/MIR	885	+	106	125489972	2183
chr8	125487789	125687789	harbor2	chr8	125501473	125501648	SINE/MIR	482	+	88	125501561	13772
chr8	125487789	125687789	harbor2	chr8	125507800	125507895	SINE/MIR	450	+	48	125507848	20059
chr8	125487789	125687789	harbor2	chr8	125512511	125512645	SINE/MIR	400	+	67	125512578	24789
chr8	125487789	125687789	harbor2	chr8	125513991	125514219	SINE/MIR	754	+	114	125514105	26316
chr8	125487789	125687789	harbor2	chr8	125538327	125538522	SINE/MIR	613	+	98	125538425	50636
chr8	125487789	125687789	harbor2	chr8	125538705	125538859	SINE/MIR	446	+	77	125538782	50993
chr8	125487789	125687789	harbor2	chr8	125543413	125543558	SINE/MIR	384	+	72	125543485	55696
chr8	125487789	125687789	harbor2	chr8	125543561	125543797	SINE/MIR	748	+	118	125543679	55890
chr8	125487789	125687789	harbor2	chr8	125555517	125555780	SINE/MIR	1030	+	132	125555649	67860
chr8	125487789	125687789	harbor2	chr8	125557864	125558127	SINE/MIR	926	+	132	125557996	70207
chr8	125487789	125687789	harbor2	chr8	125558221	125558415	SINE/MIR	660	+	97	125558318	70529
chr8	125487789	125687789	harbor2	chr8	125568387	125568558	SINE/MIR	579	+	86	125568473	80684
chr8	125487789	125687789	harbor2	chr8	125572908	125573059	SINE/MIR	625	+	76	125572984	85195
chr8	125487789	125687789	harbor2	chr8	125573814	125573964	SINE/MIR	521	+	75	125573889	86100
chr8	125487789	125687789	harbor2	chr8	125576571	125576683	SINE/MIR	485	+	56	125576627	88838
chr8	125487789	125687789	harbor2	chr8	125582137	125582357	SINE/MIR	547	+	110	125582247	94458
chr8	36351779	36551779	harbor2	chr8	36364676	36364894	SINE/MIR	738	+	109	36364785	13006
chr8	36351779	36551779	harbor2	chr8	36371571	36371812	SINE/MIR	810	+	120	36371691	19912
chr8	36351779	36551779	harbor2	chr8	36395485	36395682	SINE/MIR	709	+	98	36395583	43804
chr8	126352903	126552903	harbor2	chr8	126367286	126367392	SINE/MIR	472	+	53	126367339	14436
chr8	126352903	126552903	harbor2	chr8	126371990	126372202	SINE/MIR	557	+	106	126372096	19193
chr8	126352903	126552903	harbor2	chr8	126372386	126372599	SINE/MIR	451	+	106	126372492	19589
chr8	126352903	126552903	harbor2	chr8	126376574	126376743	SINE/MIR	510	+	84	126376658	23755
chr8	126352903	126552903	harbor2	chr8	126389836	126389992	SINE/MIR	464	+	78	126389914	37011
chr8	126352903	126552903	harbor2	chr8	126405683	126405906	SINE/MIR	536	+	112	126405795	52892
chr8	126352903	126552903	harbor2	chr8	126408189	126408390	SINE/MIR	462	+	100	126408289	55386
chr8	126352903	126552903	harbor2	chr8	126420743	126420907	SINE/MIR	509	+	82	126420825	67922
chr8	126352903	126552903	harbor2	chr8	126436889	126437013	SINE/MIR	501	+	62	126436951	84048
chr8	126352903	126552903	harbor2	chr8	126438883	126438963	SINE/MIR	376	+	40	126438923	86020
chr8	126352903	126552903	harbor2	chr8	126448827	126448958	SINE/MIR	372	+	66	126448893	95990
chr8	52480106	52680106	harbor2	chr8	52486011	52486170	SINE/MIR	574	+	80	52486091	5985
chr8	52480106	52680106	harbor2	chr8	52522935	52523185	SINE/MIR	506	+	125	52523060	42954
chr8	52480106	52680106	harbor2	chr8	52576968	52577112	SINE/MIR	498	+	72	52577040	96934
chr8	86888747	87088747	harbor2	chr8	86915781	86915922	SINE/MIR	394	+	70	86915851	27104
chr8	103088136	103288136	harbor2	chr8	103121596	103121708	SINE/MIR	369	+	56	103121652	33516
chr8	103088136	103288136	harbor2	chr8	103122105	103122268	SINE/MIR	404	+	82	103122187	34051
chr8	103088136	103288136	harbor2	chr8	103124040	103124152	SINE/MIR	391	+	56	103124096	35960
chr8	103088136	103288136	harbor2	chr8	103132740	103132988	SINE/MIR	704	+	124	103132864	44728
chr8	103088136	103288136	harbor2	chr8	103137280	103137474	SINE/MIR	422	+	97	103137377	49241
chr8	103088136	103288136	harbor2	chr8	103177624	103177849	SINE/MIR	555	+	112	103177736	89600
chr8	91339462	91539462	harbor2	chr8	91339371	91339558	SINE/MIR	553	+	94	91339465	3
chr8	91339462	91539462	harbor2	chr8	91343109	91343210	SINE/MIR	475	+	50	91343159	3697
chr8	91339462	91539462	harbor2	chr8	91367552	91367738	SINE/MIR	527	+	93	91367645	28183
chr8	91339462	91539462	harbor2	chr8	91369019	91369261	SINE/MIR	508	+	121	91369140	29678
chr8	91339462	91539462	harbor2	chr8	91392253	91392497	SINE/MIR	602	+	122	91392375	52913
chr8	91339462	91539462	harbor2	chr8	91418969	91419148	SINE/MIR	502	+	90	91419059	79597
chr8	141085042	141285042	harbor2	chr8	141088438	141088554	SINE/MIR	446	+	58	141088496	3454
chr8	141085042	141285042	harbor2	chr8	141098659	141098786	SINE/MIR	385	+	64	141098723	13681
chr8	141085042	141285042	harbor2	chr8	141099076	141099133	SINE/MIR	385	+	28	141099104	14062
chr8	141085042	141285042	harbor2	chr8	141167486	141167679	SINE/MIR	563	+	96	141167582	82540
chr8	141085042	141285042	harbor2	chr8	141175498	141175698	SINE/MIR	474	+	100	141175598	90556
chr8	137803723	138003723	harbor2	chr8	137809944	137810116	SINE/MIR	381	+	86	137810030	6307
chr8	137803723	138003723	harbor2	chr8	137821537	137821632	SINE/MIR	450	+	48	137821585	17862
chr8	137803723	138003723	harbor2	chr8	137822741	137822889	SINE/MIR	441	+	74	137822815	19092
chr8	137803723	138003723	harbor2	chr8	137850133	137850384	SINE/MIR	629	+	126	137850259	46536
chr8	137803723	138003723	harbor2	chr8	137850960	137851177	SINE/MIR	439	+	108	137851068	47345
chr8	137803723	138003723	harbor2	chr8	137854024	137854192	SINE/MIR	428	+	84	137854108	50385
chr8	137504807	137704807	harbor2	chr8	137533420	137533605	SINE/MIR	408	+	92	137533512	28705
chr8	137504807	137704807	harbor2	chr8	137589495	137589621	SINE/MIR	446	+	63	137589558	84751
chr8	137504807	137704807	harbor2	chr8	137592373	137592509	SINE/MIR	561	+	68	137592441	87634
chr8	137504807	137704807	harbor2	chr8	137592739	137592833	SINE/MIR	561	+	47	137592786	87979
chr8	123991439	124191439	harbor2	chr8	124020632	124020855	SINE/MIR	537	+	112	124020744	29305
chr8	123991439	124191439	harbor2	chr8	124026764	124026823	SINE/MIR	394	+	30	124026794	35355
chr8	123991439	124191439	harbor2	chr8	124027260	124027450	SINE/MIR	394	+	95	124027355	35916
chr8	123991439	124191439	harbor2	chr8	124034888	124035047	SINE/MIR	374	+	80	124034968	43529
chr8	123991439	124191439	harbor2	chr8	124041792	124041958	SINE/MIR	612	+	83	124041875	50436
chr8	123991439	124191439	harbor2	chr8	124045261	124045467	SINE/MIR	584	+	103	124045364	53925
chr8	123991439	124191439	harbor2	chr8	124047201	124047425	SINE/MIR	577	+	112	124047313	55874
chr8	123991439	124191439	harbor2	chr8	124064647	124064784	SINE/MIR	415	+	68	124064715	73276
chr8	123991439	124191439	harbor2	chr8	124071030	124071239	SINE/MIR	489	+	104	124071134	79695
chr8	123991439	124191439	harbor2	chr8	124077074	124077289	SINE/MIR	411	+	108	124077182	85743
chr8	123991439	124191439	harbor2	chr8	124081377	124081540	SINE/MIR	436	+	82	124081459	90020
chr8	127526900	127726900	harbor2	chr8	127548476	127548652	SINE/MIR	636	+	88	127548564	21664
chr8	127526900	127726900	harbor2	chr8	127549784	127550028	SINE/MIR	648	+	122	127549906	23006
chr8	127526900	127726900	harbor2	chr8	127574275	127574407	SINE/MIR	385	+	66	127574341	47441
chr8	127526900	127726900	harbor2	chr8	127577326	127577540	SINE/MIR	409	+	107	127577433	50533
chr8	127526900	127726900	harbor2	chr8	127580082	127580317	SINE/MIR	456	+	118	127580200	53300
chr8	127526900	127726900	harbor2	chr8	127583285	127583440	SINE/MIR	449	+	78	127583363	56463
chr8	127526900	127726900	harbor2	chr8	127586950	127587097	SINE/MIR	392	+	74	127587024	60124
chr8	127526900	127726900	harbor2	chr8	127588908	127589128	SINE/MIR	383	+	110	127589018	62118
chr8	127526900	127726900	harbor2	chr8	127589972	127590225	SINE/MIR	728	+	126	127590098	63198
chr8	127526900	127726900	harbor2	chr8	127600581	127600823	SINE/MIR	588	+	121	127600702	73802
chr8	127526900	127726900	harbor2	chr8	127602318	127602490	SINE/MIR	635	+	86	127602404	75504
chr8	127526900	127726900	harbor2	chr8	127615878	127616044	SINE/MIR	389	+	83	127615961	89061
chr8	127526900	127726900	harbor2	chr8	127614940	127615160	SINE/MIR	388	+	110	127615050	88150
chr8	117481186	117681186	harbor2	chr8	117504605	117504803	SINE/MIR	490	+	99	117504704	23518
chr8	117481186	117681186	harbor2	chr8	117508216	117508257	SINE/MIR	526	+	20	117508236	27050
chr8	117481186	117681186	harbor2	chr8	117508299	117508496	SINE/MIR	526	+	98	117508397	27211
chr8	117481186	117681186	harbor2	chr8	117545729	117545879	SINE/MIR	484	+	75	117545804	64618
chr8	117481186	117681186	harbor2	chr8	117553202	117553386	SINE/MIR	613	+	92	117553294	72108
chr8	117481186	117681186	harbor2	chr8	117569230	117569413	SINE/MIR	516	+	92	117569322	88136
chr8	140131467	140331467	harbor2	chr8	140146791	140146972	SINE/MIR	433	+	90	140146881	15414
chr8	140131467	140331467	harbor2	chr8	140156247	140156443	SINE/MIR	518	+	98	140156345	24878
chr8	140131467	140331467	harbor2	chr8	140173804	140174030	SINE/MIR	457	+	113	140173917	42450
chr8	140131467	140331467	harbor2	chr8	140193804	140193916	SINE/MIR	407	+	56	140193860	62393
chr8	140131467	140331467	harbor2	chr8	140201987	140202146	SINE/MIR	436	+	80	140202067	70600
chr8	140131467	140331467	harbor2	chr8	140209871	140210020	SINE/MIR	513	+	74	140209945	78478
chr8	140131467	140331467	harbor2	chr8	140224892	140225139	SINE/MIR	516	+	124	140225016	93549
chr8	90682712	90882712	harbor2	chr8	90703401	90703613	SINE/MIR	612	+	106	90703507	20795
chr8	90682712	90882712	harbor2	chr8	90780658	90780775	SINE/MIR	446	+	58	90780716	98004
chr8	32317202	32517202	harbor2	chr8	32319982	32320233	SINE/MIR	545	+	126	32320108	2906
chr8	32317202	32517202	harbor2	chr8	32324841	32324993	SINE/MIR	416	+	76	32324917	7715
chr8	32317202	32517202	harbor2	chr8	32397296	32397422	SINE/MIR	519	+	63	32397359	80157
chr8	32317202	32517202	harbor2	chr8	32406074	32406245	SINE/MIR	460	+	86	32406160	88958
chr8	32317202	32517202	harbor2	chr8	32406252	32406473	SINE/MIR	786	+	110	32406362	89160
chr8	32317202	32517202	harbor2	chr8	32407007	32407201	SINE/MIR	385	+	97	32407104	89902
chr8	32317202	32517202	harbor2	chr8	32416034	32416247	SINE/MIR	462	+	106	32416140	98938
chr8	121579772	121779772	harbor2	chr8	121610474	121610691	SINE/MIR	402	+	108	121610582	30810
chr8	121579772	121779772	harbor2	chr8	121622332	121622566	SINE/MIR	599	+	117	121622449	42677
chr8	121579772	121779772	harbor2	chr8	121629402	121629575	SINE/MIR	470	+	86	121629488	49716
chr8	121579772	121779772	harbor2	chr8	121629868	121630034	SINE/MIR	592	+	83	121629951	50179
chr8	121579772	121779772	harbor2	chr8	121635183	121635342	SINE/MIR	599	+	80	121635263	55491
chr8	121579772	121779772	harbor2	chr8	121643562	121643778	SINE/MIR	403	+	108	121643670	63898
chr8	121579772	121779772	harbor2	chr8	121585612	121585848	SINE/MIR	605	+	118	121585730	5958
chr8	87552542	87752542	harbor2	chr8	87581114	87581309	SINE/MIR	524	+	98	87581212	28670
chr8	87552542	87752542	harbor2	chr8	87584742	87584806	SINE/MIR	608	+	32	87584774	32232
chr8	87552542	87752542	harbor2	chr8	87585125	87585271	SINE/MIR	608	+	73	87585198	32656
chr8	118380376	118580376	harbor2	chr8	118394933	118395127	SINE/MIR	532	+	97	118395030	14654
chr8	118380376	118580376	harbor2	chr8	118396129	118396338	SINE/MIR	547	+	104	118396233	15857
chr8	118380376	118580376	harbor2	chr8	118403381	118403623	SINE/MIR	533	+	121	118403502	23126
chr8	118380376	118580376	harbor2	chr8	118421077	118421276	SINE/MIR	583	+	100	118421177	40801
chr8	118380376	118580376	harbor2	chr8	118423651	118423899	SINE/MIR	770	+	124	118423775	43399
chr8	118380376	118580376	harbor2	chr8	118448737	118448945	SINE/MIR	592	+	104	118448841	68465
chr8	118380376	118580376	harbor2	chr8	118456923	118457137	SINE/MIR	641	+	107	118457030	76654
chr8	118380376	118580376	harbor2	chr8	118463870	118464025	SINE/MIR	369	+	78	118463948	83572
chr8	118380376	118580376	harbor2	chr8	118467221	118467434	SINE/MIR	666	+	106	118467327	86951
chr8	118380376	118580376	harbor2	chr8	118470430	118470666	SINE/MIR	514	+	118	118470548	90172
chr8	118380376	118580376	harbor2	chr8	118471914	118472005	SINE/MIR	382	+	46	118471960	91584
chr8	144088260	144288260	harbor2	chr8	144121107	144121224	SINE/MIR	629	+	58	144121165	32905
chr8	144088260	144288260	harbor2	chr8	144121529	144121657	SINE/MIR	629	+	64	144121593	33333
chr8	123887206	124087206	harbor2	chr8	123930570	123930808	SINE/MIR	688	+	119	123930689	43483
chr8	123887206	124087206	harbor2	chr8	123942995	123943197	SINE/MIR	491	+	101	123943096	55890
chr8	123887206	124087206	harbor2	chr8	123944018	123944196	SINE/MIR	496	+	89	123944107	56901
chr8	123887206	124087206	harbor2	chr8	123944377	123944522	SINE/MIR	450	+	72	123944449	57243
chr8	123887206	124087206	harbor2	chr8	123955498	123955692	SINE/MIR	465	+	97	123955595	68389
chr8	123887206	124087206	harbor2	chr8	123973768	123973993	SINE/MIR	1028	+	112	123973880	86674
chr8	123887206	124087206	harbor2	chr8	123981769	123981893	SINE/MIR	412	+	62	123981831	94625
chr8	123887206	124087206	harbor2	chr8	123985145	123985301	SINE/MIR	427	+	78	123985223	98017
chr8	139226797	139426797	harbor2	chr8	139265651	139265838	SINE/MIR	461	+	94	139265745	38948
chr8	139226797	139426797	harbor2	chr8	139318223	139318413	SINE/MIR	487	+	95	139318318	91521
chr8	139226797	139426797	harbor2	chr8	139322761	139322879	SINE/MIR	417	+	59	139322820	96023
chr8	139226797	139426797	harbor2	chr8	139323824	139323972	SINE/MIR	501	+	74	139323898	97101
chr8	57062066	57262066	harbor2	chr8	57106841	57107029	SINE/MIR	492	+	94	57106935	44869
chr8	57062066	57262066	harbor2	chr8	57124588	57124826	SINE/MIR	518	+	119	57124707	62641
chr8	57062066	57262066	harbor2	chr8	57141238	57141454	SINE/MIR	561	+	108	57141346	79280
chr8	66072721	66272721	harbor2	chr8	66096904	66097123	SINE/MIR	878	+	110	66097014	24293
chr8	66072721	66272721	harbor2	chr8	66101282	66101503	SINE/MIR	413	+	110	66101392	28671
chr8	66072721	66272721	harbor2	chr8	66107894	66108029	SINE/MIR	472	+	68	66107962	35241
chr8	66072721	66272721	harbor2	chr8	66115674	66115907	SINE/MIR	687	+	116	66115790	43069
chr8	66072721	66272721	harbor2	chr8	66138732	66138881	SINE/MIR	564	+	74	66138806	66085
chr8	66072721	66272721	harbor2	chr8	66141956	66142130	SINE/MIR	436	+	87	66142043	69322
chr8	66072721	66272721	harbor2	chr8	66145898	66146086	SINE/MIR	368	+	94	66145992	73271
chr8	52715336	52915336	harbor2	chr8	52733775	52733947	SINE/MIR	655	+	86	52733861	18525
chr8	67819923	68019923	harbor2	chr8	67881155	67881393	SINE/MIR	727	+	119	67881274	61351
chr8	67819923	68019923	harbor2	chr8	67906888	67907123	SINE/MIR	470	+	118	67907006	87083
chr8	67819923	68019923	harbor2	chr8	67913082	67913303	SINE/MIR	373	+	110	67913192	93269
chr8	58758424	58958424	harbor2	chr8	58765383	58765558	SINE/MIR	636	+	88	58765471	7047
chr8	58758424	58958424	harbor2	chr8	58765653	58765866	SINE/MIR	558	+	106	58765759	7335
chr8	58758424	58958424	harbor2	chr8	58813914	58814133	SINE/MIR	438	+	110	58814024	55600
chr8	58758424	58958424	harbor2	chr8	58822794	58823022	SINE/MIR	445	+	114	58822908	64484
chr8	135624091	135824091	harbor2	chr8	135630323	135630495	SINE/MIR	399	+	86	135630409	6318
chr8	135624091	135824091	harbor2	chr8	135649259	135649419	SINE/MIR	395	+	80	135649339	25248
chr8	135624091	135824091	harbor2	chr8	135662696	135662853	SINE/MIR	571	+	78	135662774	38683
chr8	135624091	135824091	harbor2	chr8	135670974	135671110	SINE/MIR	386	+	68	135671042	46951
chr8	135624091	135824091	harbor2	chr8	135687558	135687739	SINE/MIR	516	+	90	135687648	63557
chr8	135624091	135824091	harbor2	chr8	135715146	135715241	SINE/MIR	397	+	48	135715194	91103
chr8	135624091	135824091	harbor2	chr8	135717282	135717490	SINE/MIR	472	+	104	135717386	93295
chr8	134503652	134703652	harbor2	chr8	134528154	134528312	SINE/MIR	418	+	79	134528233	24581
chr8	134503652	134703652	harbor2	chr8	134551214	134551401	SINE/MIR	474	+	94	134551308	47656
chr8	134503652	134703652	harbor2	chr8	134586789	134586996	SINE/MIR	821	+	104	134586893	83241
chr8	134503652	134703652	harbor2	chr8	134592413	134592649	SINE/MIR	823	+	118	134592531	88879
chr8	94861883	95061883	harbor2	chr8	94869903	94870043	SINE/MIR	491	+	70	94869973	8090
chr8	94861883	95061883	harbor2	chr8	94870351	94870407	SINE/MIR	491	+	28	94870379	8496
chr8	94861883	95061883	harbor2	chr8	94946386	94946418	SINE/MIR	567	+	16	94946402	84519
chr8	94861883	95061883	harbor2	chr8	94946721	94946875	SINE/MIR	567	+	77	94946798	84915
chr8	94861883	95061883	harbor2	chr8	94948251	94948414	SINE/MIR	531	+	82	94948333	86450
chr8	94861883	95061883	harbor2	chr8	94956032	94956234	SINE/MIR	575	+	101	94956133	94250
chr8	120068491	120268491	harbor2	chr8	120103651	120103874	SINE/MIR	663	+	112	120103763	35272
chr8	120068491	120268491	harbor2	chr8	120146049	120146241	SINE/MIR	690	+	96	120146145	77654
chr8	120068491	120268491	harbor2	chr8	120158956	120159112	SINE/MIR	770	+	78	120159034	90543
chr8	120068491	120268491	harbor2	chr8	120159274	120159354	SINE/MIR	770	+	40	120159314	90823
chr8	126045451	126245451	harbor2	chr8	126049743	126049958	SINE/MIR	478	+	108	126049851	4400
chr8	126045451	126245451	harbor2	chr8	126066450	126066701	SINE/MIR	736	+	126	126066576	21125
chr8	126045451	126245451	harbor2	chr8	126068155	126068374	SINE/MIR	557	+	110	126068265	22814
chr8	126045451	126245451	harbor2	chr8	126071768	126071997	SINE/MIR	619	+	114	126071882	26431
chr8	126045451	126245451	harbor2	chr8	126086625	126086857	SINE/MIR	442	+	116	126086741	41290
chr8	126045451	126245451	harbor2	chr8	126134880	126134950	SINE/MIR	461	+	35	126134915	89464
chr8	126045451	126245451	harbor2	chr8	126135401	126135547	SINE/MIR	461	+	73	126135474	90023
chr8	126045451	126245451	harbor2	chr8	126138672	126138771	SINE/MIR	390	+	50	126138722	93271
chr8	126045451	126245451	harbor2	chr8	126139165	126139271	SINE/MIR	390	+	53	126139218	93767
chr8	138799288	138999288	harbor2	chr8	138800925	138801095	SINE/MIR	397	+	85	138801010	1722
chr8	138799288	138999288	harbor2	chr8	138818044	138818209	SINE/MIR	380	+	82	138818126	18838
chr8	138799288	138999288	harbor2	chr8	138818511	138818736	SINE/MIR	384	+	112	138818623	19335
chr8	138799288	138999288	harbor2	chr8	138823079	138823196	SINE/MIR	569	+	58	138823137	23849
chr8	138799288	138999288	harbor2	chr8	138825363	138825604	SINE/MIR	825	+	120	138825483	26195
chr8	138799288	138999288	harbor2	chr8	138830130	138830371	SINE/MIR	512	+	120	138830250	30962
chr8	138799288	138999288	harbor2	chr8	138834504	138834741	SINE/MIR	534	+	118	138834622	35334
chr8	138799288	138999288	harbor2	chr8	138842078	138842314	SINE/MIR	435	+	118	138842196	42908
chr8	138799288	138999288	harbor2	chr8	138855018	138855205	SINE/MIR	523	+	94	138855112	55824
chr8	138799288	138999288	harbor2	chr8	138892259	138892453	SINE/MIR	479	+	97	138892356	93068
chr8	138799288	138999288	harbor2	chr8	138893258	138893511	SINE/MIR	730	+	126	138893384	94096
chr8	138799288	138999288	harbor2	chr8	138821470	138821667	SINE/MIR	482	+	98	138821568	22280
chr8	102781874	102981874	harbor2	chr8	102788527	102788706	SINE/MIR	528	+	90	102788617	6743
chr8	102781874	102981874	harbor2	chr8	102791556	102791796	SINE/MIR	888	+	120	102791676	9802
chr8	138679488	138879488	harbor2	chr8	138688590	138688765	SINE/MIR	628	+	88	138688678	9190
chr8	138679488	138879488	harbor2	chr8	138690032	138690126	SINE/MIR	375	+	47	138690079	10591
chr8	138679488	138879488	harbor2	chr8	138711868	138712103	SINE/MIR	582	+	118	138711986	32498
chr8	138679488	138879488	harbor2	chr8	138744520	138744774	SINE/MIR	442	+	127	138744647	65159
chr8	138679488	138879488	harbor2	chr8	138753955	138754116	SINE/MIR	452	+	80	138754035	74547
chr8	138679488	138879488	harbor2	chr8	138762982	138763081	SINE/MIR	399	+	50	138763032	83544
chr8	138679488	138879488	harbor2	chr8	138766984	138767226	SINE/MIR	730	+	121	138767105	87617
chr8	135352639	135552639	harbor2	chr8	135359004	135359110	SINE/MIR	402	+	53	135359057	6418
chr8	135352639	135552639	harbor2	chr8	135359595	135359741	SINE/MIR	381	+	73	135359668	7029
chr8	135352639	135552639	harbor2	chr8	135360597	135360761	SINE/MIR	454	+	82	135360679	8040
chr8	135352639	135552639	harbor2	chr8	135363059	135363274	SINE/MIR	484	+	108	135363167	10528
chr8	135352639	135552639	harbor2	chr8	135364209	135364406	SINE/MIR	375	+	98	135364307	11668
chr8	135352639	135552639	harbor2	chr8	135364631	135364780	SINE/MIR	385	+	74	135364705	12066
chr8	135352639	135552639	harbor2	chr8	135390050	135390269	SINE/MIR	563	+	110	135390160	37521
chr8	135352639	135552639	harbor2	chr8	135405564	135405802	SINE/MIR	653	+	119	135405683	53044
chr8	135352639	135552639	harbor2	chr8	135437349	135437534	SINE/MIR	482	+	92	135437441	84802
chr8	138099717	138299717	harbor2	chr8	138110917	138111100	SINE/MIR	422	+	92	138111009	11292
chr8	138099717	138299717	harbor2	chr8	138111370	138111567	SINE/MIR	432	+	98	138111468	11751
chr8	138099717	138299717	harbor2	chr8	138173385	138173590	SINE/MIR	694	+	102	138173487	73770
chr8	127597199	127797199	harbor2	chr8	127600581	127600823	SINE/MIR	588	+	121	127600702	3503
chr8	127597199	127797199	harbor2	chr8	127602318	127602490	SINE/MIR	635	+	86	127602404	5205
chr8	127597199	127797199	harbor2	chr8	127615878	127616044	SINE/MIR	389	+	83	127615961	18762
chr8	127597199	127797199	harbor2	chr8	127630953	127631199	SINE/MIR	647	+	123	127631076	33877
chr8	127597199	127797199	harbor2	chr8	127652719	127652863	SINE/MIR	537	+	72	127652791	55592
chr8	127597199	127797199	harbor2	chr8	127659053	127659200	SINE/MIR	370	+	74	127659127	61928
chr8	127597199	127797199	harbor2	chr8	127662781	127662922	SINE/MIR	508	+	70	127662851	65652
chr8	127597199	127797199	harbor2	chr8	127677530	127677740	SINE/MIR	374	+	105	127677635	80436
chr8	127597199	127797199	harbor2	chr8	127681181	127681404	SINE/MIR	635	+	112	127681293	84094
chr8	127597199	127797199	harbor2	chr8	127681587	127681833	SINE/MIR	534	+	123	127681710	84511
chr8	127597199	127797199	harbor2	chr8	127686734	127686853	SINE/MIR	381	+	60	127686794	89595
chr8	127597199	127797199	harbor2	chr8	127687787	127688013	SINE/MIR	577	+	113	127687900	90701
chr8	127597199	127797199	harbor2	chr8	127691642	127691840	SINE/MIR	427	+	99	127691741	94542
chr8	127597199	127797199	harbor2	chr8	127694502	127694669	SINE/MIR	471	+	84	127694586	97387
chr8	127597199	127797199	harbor2	chr8	127614940	127615160	SINE/MIR	388	+	110	127615050	17851
chr8	114873710	115073710	harbor2	chr8	114887333	114887505	SINE/MIR	439	+	86	114887419	13709
chr8	122708832	122908832	harbor2	chr8	122717676	122717883	SINE/MIR	551	+	104	122717780	8948
chr8	122708832	122908832	harbor2	chr8	122719690	122719841	SINE/MIR	382	+	76	122719766	10934
chr8	122708832	122908832	harbor2	chr8	122730036	122730118	SINE/MIR	390	+	41	122730077	21245
chr8	122708832	122908832	harbor2	chr8	122730156	122730238	SINE/MIR	390	+	41	122730197	21365
chr8	122708832	122908832	harbor2	chr8	122732275	122732493	SINE/MIR	716	+	109	122732384	23552
chr8	122708832	122908832	harbor2	chr8	122745356	122745529	SINE/MIR	592	+	86	122745442	36610
chr8	122708832	122908832	harbor2	chr8	122749705	122749932	SINE/MIR	593	+	114	122749819	40987
chr8	122708832	122908832	harbor2	chr8	122756566	122756777	SINE/MIR	663	+	106	122756672	47840
chr8	122708832	122908832	harbor2	chr8	122777318	122777540	SINE/MIR	423	+	111	122777429	68597
chr8	122708832	122908832	harbor2	chr8	122778635	122778845	SINE/MIR	611	+	105	122778740	69908
chr8	122708832	122908832	harbor2	chr8	122786426	122786580	SINE/MIR	378	+	77	122786503	77671
chr8	122708832	122908832	harbor2	chr8	122793089	122793159	SINE/MIR	420	+	35	122793124	84292
chr8	122708832	122908832	harbor2	chr8	122801932	122802054	SINE/MIR	397	+	61	122801993	93161
chr8	109628355	109828355	harbor2	chr8	109651573	109651739	SINE/MIR	507	+	83	109651656	23301
chr8	109628355	109828355	harbor2	chr8	109652791	109653018	SINE/MIR	498	+	114	109652905	24550
chr8	109628355	109828355	harbor2	chr8	109662120	109662347	SINE/MIR	403	+	114	109662234	33879
chr8	109628355	109828355	harbor2	chr8	109717452	109717652	SINE/MIR	695	+	100	109717552	89197
chr8	124087151	124287151	harbor2	chr8	124096815	124097032	SINE/MIR	472	+	108	124096923	9772
chr8	124087151	124287151	harbor2	chr8	124108247	124108421	SINE/MIR	390	+	87	124108334	21183
chr8	124087151	124287151	harbor2	chr8	124117102	124117353	SINE/MIR	646	+	126	124117228	30077
chr8	124087151	124287151	harbor2	chr8	124124986	124125172	SINE/MIR	674	+	93	124125079	37928
chr8	124087151	124287151	harbor2	chr8	124126625	124126799	SINE/MIR	497	+	87	124126712	39561
chr8	124087151	124287151	harbor2	chr8	124158948	124159103	SINE/MIR	378	+	78	124159026	71875
chr8	124087151	124287151	harbor2	chr8	124177981	124178172	SINE/MIR	395	+	96	124178077	90926
chr8	124087151	124287151	harbor2	chr8	124180884	124181117	SINE/MIR	534	+	116	124181000	93849
chr8	124087151	124287151	harbor2	chr8	124182955	124183073	SINE/MIR	502	+	59	124183014	95863
chr8	132921795	133121795	harbor2	chr8	132924647	132924801	SINE/MIR	450	+	77	132924724	2929
chr8	132921795	133121795	harbor2	chr8	132932937	132933152	SINE/MIR	501	+	108	132933045	11250
chr8	132921795	133121795	harbor2	chr8	132936853	132937084	SINE/MIR	585	+	116	132936969	15174
chr8	132921795	133121795	harbor2	chr8	132942119	132942323	SINE/MIR	579	+	102	132942221	20426
chr8	132921795	133121795	harbor2	chr8	132947723	132947857	SINE/MIR	435	+	67	132947790	25995
chr8	132921795	133121795	harbor2	chr8	132972214	132972397	SINE/MIR	638	+	92	132972306	50511
chr8	132921795	133121795	harbor2	chr8	132993283	132993492	SINE/MIR	524	+	104	132993387	71592
chr8	132921795	133121795	harbor2	chr8	133010134	133010353	SINE/MIR	594	+	110	133010244	88449
chr8	132921795	133121795	harbor2	chr8	133021063	133021271	SINE/MIR	717	+	104	133021167	99372
chr8	144907691	145107691	harbor2	chr8	144992677	144992785	SINE/MIR	386	+	54	144992731	85040
chr8	144907691	145107691	harbor2	chr8	145002047	145002240	SINE/MIR	368	+	96	145002143	94452
chr8	99874130	100074130	harbor2	chr8	99894978	99895125	SINE/MIR	491	+	74	99895052	20922
chr8	99874130	100074130	harbor2	chr8	99895359	99895378	SINE/MIR	491	+	10	99895369	21239
chr8	99874130	100074130	harbor2	chr8	99926084	99926236	SINE/MIR	451	+	76	99926160	52030
chr8	80972715	81172715	harbor2	chr8	81003528	81003729	SINE/MIR	382	+	100	81003628	30913
chr8	80972715	81172715	harbor2	chr8	81025976	81026202	SINE/MIR	590	+	113	81026089	53374
chr8	80972715	81172715	harbor2	chr8	81054241	81054364	SINE/MIR	441	+	62	81054303	81588
chr8	139109057	139309057	harbor2	chr8	139199890	139200120	SINE/MIR	382	+	115	139200005	90948
chr8	139109057	139309057	harbor2	chr8	139208227	139208375	SINE/MIR	382	+	74	139208301	99244
chr8	139721502	139921502	harbor2	chr8	139735131	139735292	SINE/MIR	376	+	80	139735211	13709
chr8	139721502	139921502	harbor2	chr8	139749347	139749457	SINE/MIR	369	+	55	139749402	27900
chr8	139721502	139921502	harbor2	chr8	139795276	139795473	SINE/MIR	402	+	98	139795374	73872
chr8	105677264	105877264	harbor2	chr8	105678927	105679059	SINE/MIR	398	+	66	105678993	1729
chr8	105677264	105877264	harbor2	chr8	105694464	105694627	SINE/MIR	424	+	82	105694546	17282
chr8	105677264	105877264	harbor2	chr8	105710733	105710889	SINE/MIR	454	+	78	105710811	33547
chr8	105677264	105877264	harbor2	chr8	105719447	105719706	SINE/MIR	613	+	130	105719577	42313
chr8	115413793	115613793	harbor2	chr8	115443567	115443774	SINE/MIR	693	+	104	115443671	29878
chr8	115413793	115613793	harbor2	chr8	115462370	115462564	SINE/MIR	575	+	97	115462467	48674
chr8	115413793	115613793	harbor2	chr8	115480125	115480329	SINE/MIR	376	+	102	115480227	66434
chr9	6839634	7039634	harbor2	chr9	6853771	6854012	SINE/MIR	633	+	120	6853891	14257
chr9	6839634	7039634	harbor2	chr9	6854819	6855065	SINE/MIR	433	+	123	6854942	15308
chr9	6839634	7039634	harbor2	chr9	6890212	6890375	SINE/MIR	462	+	82	6890294	50660
chr9	6839634	7039634	harbor2	chr9	6936704	6936953	SINE/MIR	611	+	124	6936828	97194
chr9	133995964	134195964	harbor2	chr9	134049674	134049830	SINE/MIR	660	+	78	134049752	53788
chr9	133995964	134195964	harbor2	chr9	134087516	134087709	SINE/MIR	620	+	96	134087612	91648
chr9	125505580	125705580	harbor2	chr9	125506653	125506839	SINE/MIR	529	+	93	125506746	1166
chr9	125505580	125705580	harbor2	chr9	125510914	125511128	SINE/MIR	805	+	107	125511021	5441
chr9	125505580	125705580	harbor2	chr9	125513458	125513672	SINE/MIR	473	+	107	125513565	7985
chr9	125505580	125705580	harbor2	chr9	125520046	125520254	SINE/MIR	777	+	104	125520150	14570
chr9	125505580	125705580	harbor2	chr9	125524259	125524416	SINE/MIR	595	+	78	125524337	18757
chr9	125505580	125705580	harbor2	chr9	125531231	125531460	SINE/MIR	550	+	114	125531345	25765
chr9	125505580	125705580	harbor2	chr9	125537095	125537209	SINE/MIR	436	+	57	125537152	31572
chr9	125505580	125705580	harbor2	chr9	125548470	125548674	SINE/MIR	418	+	102	125548572	42992
chr9	125505580	125705580	harbor2	chr9	125561607	125561818	SINE/MIR	470	+	106	125561713	56133
chr9	125505580	125705580	harbor2	chr9	125583540	125583698	SINE/MIR	472	+	79	125583619	78039
chr9	125505580	125705580	harbor2	chr9	125585031	125585262	SINE/MIR	672	+	116	125585147	79567
chr9	125505580	125705580	harbor2	chr9	125589028	125589165	SINE/MIR	556	+	68	125589096	83516
chr9	125505580	125705580	harbor2	chr9	125594374	125594542	SINE/MIR	439	+	84	125594458	88878
chr9	125505580	125705580	harbor2	chr9	125598567	125598758	SINE/MIR	792	+	96	125598663	93083
chr9	125505580	125705580	harbor2	chr9	125599049	125599117	SINE/MIR	792	+	34	125599083	93503
chr9	125505580	125705580	harbor2	chr9	125600350	125600570	SINE/MIR	586	+	110	125600460	94880
chr9	129171771	129371771	harbor2	chr9	129215306	129215442	SINE/MIR	392	+	68	129215374	43603
chr9	129171771	129371771	harbor2	chr9	129215753	129215787	SINE/MIR	392	+	17	129215770	43999
chr9	129171771	129371771	harbor2	chr9	129247437	129247606	SINE/MIR	651	+	84	129247521	75750
chr9	127519830	127719830	harbor2	chr9	127539833	127540041	SINE/MIR	662	+	104	127539937	20107
chr9	127519830	127719830	harbor2	chr9	127547106	127547244	SINE/MIR	440	+	69	127547175	27345
chr9	127519830	127719830	harbor2	chr9	127570416	127570587	SINE/MIR	453	+	86	127570502	50672
chr9	127519830	127719830	harbor2	chr9	127588834	127589076	SINE/MIR	656	+	121	127588955	69125
chr9	127519830	127719830	harbor2	chr9	127597260	127597402	SINE/MIR	480	+	71	127597331	77501
chr9	127519830	127719830	harbor2	chr9	127600850	127600997	SINE/MIR	713	+	74	127600924	81094
chr9	127519830	127719830	harbor2	chr9	127608827	127609031	SINE/MIR	692	+	102	127608929	89099
chr9	87800991	88000991	harbor2	chr9	87830540	87830769	SINE/MIR	864	+	114	87830654	29663
chr9	87800991	88000991	harbor2	chr9	87835931	87836136	SINE/MIR	917	+	102	87836033	35042
chr9	126283861	126483861	harbor2	chr9	126284459	126284596	SINE/MIR	435	+	68	126284527	666
chr9	126283861	126483861	harbor2	chr9	126299290	126299438	SINE/MIR	467	+	74	126299364	15503
chr9	126283861	126483861	harbor2	chr9	126299866	126300011	SINE/MIR	628	+	72	126299938	16077
chr9	126283861	126483861	harbor2	chr9	126306357	126306564	SINE/MIR	866	+	104	126306461	22600
chr9	126283861	126483861	harbor2	chr9	126310222	126310359	SINE/MIR	467	+	68	126310290	26429
chr9	126283861	126483861	harbor2	chr9	126310662	126310764	SINE/MIR	467	+	51	126310713	26852
chr9	126283861	126483861	harbor2	chr9	126319408	126319651	SINE/MIR	565	+	122	126319530	35669
chr9	126283861	126483861	harbor2	chr9	126328466	126328706	SINE/MIR	775	+	120	126328586	44725
chr9	126283861	126483861	harbor2	chr9	126329110	126329327	SINE/MIR	550	+	108	126329218	45357
chr9	126283861	126483861	harbor2	chr9	126353445	126353587	SINE/MIR	585	+	71	126353516	69655
chr9	86395629	86595629	harbor2	chr9	86461311	86461498	SINE/MIR	532	+	94	86461405	65776
chr9	86395629	86595629	harbor2	chr9	86481923	86482112	SINE/MIR	568	+	94	86482017	86388
chr9	134006116	134206116	harbor2	chr9	134049674	134049830	SINE/MIR	660	+	78	134049752	43636
chr9	134006116	134206116	harbor2	chr9	134087516	134087709	SINE/MIR	620	+	96	134087612	81496
chr9	131975283	132175283	harbor2	chr9	132036564	132036710	SINE/MIR	496	+	73	132036637	61354
chr9	131975283	132175283	harbor2	chr9	132039317	132039485	SINE/MIR	552	+	84	132039401	64118
chr9	89188340	89388340	harbor2	chr9	89239444	89239638	SINE/MIR	536	+	97	89239541	51201
chr9	118317055	118517055	harbor2	chr9	118370060	118370172	SINE/MIR	532	+	56	118370116	53061
chr9	118317055	118517055	harbor2	chr9	118370335	118370408	SINE/MIR	532	+	36	118370371	53316
chr9	118317055	118517055	harbor2	chr9	118376083	118376345	SINE/MIR	702	+	131	118376214	59159
chr9	118317055	118517055	harbor2	chr9	118388466	118388702	SINE/MIR	566	+	118	118388584	71529
chr9	118317055	118517055	harbor2	chr9	118405515	118405685	SINE/MIR	439	+	85	118405600	88545
chr9	105638242	105838242	harbor2	chr9	105639305	105639531	SINE/MIR	598	+	113	105639418	1176
chr9	105638242	105838242	harbor2	chr9	105645114	105645344	SINE/MIR	502	+	115	105645229	6987
chr9	70822425	71022425	harbor2	chr9	70830700	70830868	SINE/MIR	438	+	84	70830784	8359
chr9	70822425	71022425	harbor2	chr9	70835602	70835803	SINE/MIR	489	+	100	70835702	13277
chr9	70822425	71022425	harbor2	chr9	70866432	70866534	SINE/MIR	458	+	51	70866483	44058
chr9	117913215	118113215	harbor2	chr9	117919102	117919359	SINE/MIR	508	+	128	117919230	6015
chr9	117913215	118113215	harbor2	chr9	117958222	117958409	SINE/MIR	612	+	94	117958316	45101
chr9	117913215	118113215	harbor2	chr9	117964296	117964469	SINE/MIR	416	+	86	117964382	51167
chr9	117913215	118113215	harbor2	chr9	117981216	117981365	SINE/MIR	542	+	74	117981290	68075
chr9	117913215	118113215	harbor2	chr9	117988093	117988300	SINE/MIR	441	+	104	117988197	74982
chr9	133245008	133445008	harbor2	chr9	133344380	133344507	SINE/MIR	393	+	64	133344444	99436
chr9	14200108	14400108	harbor2	chr9	14244623	14244809	SINE/MIR	473	+	93	14244716	44608
chr9	14200108	14400108	harbor2	chr9	14255926	14256091	SINE/MIR	410	+	82	14256008	55900
chr9	14200108	14400108	harbor2	chr9	14257052	14257274	SINE/MIR	662	+	111	14257163	57055
chr9	14200108	14400108	harbor2	chr9	14276507	14276744	SINE/MIR	454	+	118	14276625	76517
chr9	14200108	14400108	harbor2	chr9	14280200	14280350	SINE/MIR	614	+	75	14280275	80167
chr9	14200108	14400108	harbor2	chr9	14282795	14283016	SINE/MIR	594	+	110	14282905	82797
chr9	14200108	14400108	harbor2	chr9	14284023	14284215	SINE/MIR	440	+	96	14284119	84011
chr9	14200108	14400108	harbor2	chr9	14285551	14285758	SINE/MIR	509	+	104	14285655	85547
chr9	91365178	91565178	harbor2	chr9	91429830	91430065	SINE/MIR	403	+	118	91429948	64770
chr9	117135775	117335775	harbor2	chr9	117139928	117140166	SINE/MIR	646	+	119	117140047	4272
chr9	117135775	117335775	harbor2	chr9	117148188	117148373	SINE/MIR	392	+	92	117148280	12505
chr9	117135775	117335775	harbor2	chr9	117150525	117150703	SINE/MIR	477	+	89	117150614	14839
chr9	117135775	117335775	harbor2	chr9	117151950	117152217	SINE/MIR	608	+	134	117152084	16309
chr9	117135775	117335775	harbor2	chr9	117162518	117162773	SINE/MIR	823	+	128	117162646	26871
chr9	117135775	117335775	harbor2	chr9	117168888	117169120	SINE/MIR	497	+	116	117169004	33229
chr9	117135775	117335775	harbor2	chr9	117171296	117171491	SINE/MIR	469	+	98	117171394	35619
chr9	117135775	117335775	harbor2	chr9	117185989	117186220	SINE/MIR	437	+	116	117186105	50330
chr9	117135775	117335775	harbor2	chr9	117196051	117196297	SINE/MIR	768	+	123	117196174	60399
chr9	117135775	117335775	harbor2	chr9	117214871	117215092	SINE/MIR	570	+	110	117214981	79206
chr9	117135775	117335775	harbor2	chr9	117217517	117217736	SINE/MIR	445	+	110	117217627	81852
chr9	117135775	117335775	harbor2	chr9	117218780	117218970	SINE/MIR	402	+	95	117218875	83100
chr9	117135775	117335775	harbor2	chr9	117225653	117225864	SINE/MIR	577	+	106	117225759	89984
chr9	117135775	117335775	harbor2	chr9	117226227	117226466	SINE/MIR	626	+	120	117226347	90572
chr9	117135775	117335775	harbor2	chr9	117233336	117233500	SINE/MIR	555	+	82	117233418	97643
chr9	106084886	106284886	harbor2	chr9	106094934	106095191	SINE/MIR	614	+	128	106095062	10176
chr9	106084886	106284886	harbor2	chr9	106108654	106108901	SINE/MIR	691	+	124	106108778	23892
chr9	106084886	106284886	harbor2	chr9	106116980	106117074	SINE/MIR	707	+	47	106117027	32141
chr9	106084886	106284886	harbor2	chr9	106117429	106117527	SINE/MIR	707	+	49	106117478	32592
chr9	106084886	106284886	harbor2	chr9	106119765	106119955	SINE/MIR	520	+	95	106119860	34974
chr9	106084886	106284886	harbor2	chr9	106120384	106120547	SINE/MIR	639	+	82	106120466	35580
chr9	106084886	106284886	harbor2	chr9	106137427	106137530	SINE/MIR	484	+	52	106137479	52593
chr9	138245892	138445892	harbor2	chr9	138317951	138318082	SINE/MIR	415	+	66	138318017	72125
chr9	95420410	95620410	harbor2	chr9	95483877	95484058	SINE/MIR	484	+	90	95483967	63557
chr9	79996081	80196081	harbor2	chr9	80047720	80047962	SINE/MIR	588	+	121	80047841	51760
chr9	79996081	80196081	harbor2	chr9	80073134	80073350	SINE/MIR	461	+	108	80073242	77161
chr9	128614084	128814084	harbor2	chr9	128639523	128639653	SINE/MIR	449	+	65	128639588	25504
chr9	128614084	128814084	harbor2	chr9	128639966	128640009	SINE/MIR	449	+	22	128639988	25904
chr9	128614084	128814084	harbor2	chr9	128640310	128640353	SINE/MIR	449	+	22	128640332	26248
chr9	128614084	128814084	harbor2	chr9	128704495	128704640	SINE/MIR	539	+	72	128704567	90483
chr9	128614084	128814084	harbor2	chr9	128704947	128705042	SINE/MIR	539	+	48	128704995	90911
chr9	128614084	128814084	harbor2	chr9	128707462	128707682	SINE/MIR	619	+	110	128707572	93488
chr9	109367266	109567266	harbor2	chr9	109385227	109385355	SINE/MIR	409	+	64	109385291	18025
chr9	109367266	109567266	harbor2	chr9	109390897	109391072	SINE/MIR	504	+	88	109390985	23719
chr9	109367266	109567266	harbor2	chr9	109399344	109399551	SINE/MIR	601	+	104	109399448	32182
chr9	109367266	109567266	harbor2	chr9	109400600	109400812	SINE/MIR	549	+	106	109400706	33440
chr9	109367266	109567266	harbor2	chr9	109431756	109431991	SINE/MIR	584	+	118	109431874	64608
chr9	109367266	109567266	harbor2	chr9	109435990	109436145	SINE/MIR	422	+	78	109436068	68802
chr9	100513280	100713280	harbor2	chr9	100551183	100551313	SINE/MIR	529	+	65	100551248	37968
chr9	100513280	100713280	harbor2	chr9	100563502	100563682	SINE/MIR	693	+	90	100563592	50312
chr9	100513280	100713280	harbor2	chr9	100596347	100596512	SINE/MIR	438	+	82	100596429	83149
chr9	100513280	100713280	harbor2	chr9	100611733	100611947	SINE/MIR	477	+	107	100611840	98560
chr9	111301942	111501942	harbor2	chr9	111344185	111344350	SINE/MIR	414	+	82	111344267	42325
chr9	111301942	111501942	harbor2	chr9	111397467	111397686	SINE/MIR	415	+	110	111397577	95635
chr9	70818910	71018910	harbor2	chr9	70830700	70830868	SINE/MIR	438	+	84	70830784	11874
chr9	70818910	71018910	harbor2	chr9	70835602	70835803	SINE/MIR	489	+	100	70835702	16792
chr9	70818910	71018910	harbor2	chr9	70866432	70866534	SINE/MIR	458	+	51	70866483	47573
chr9	98767974	98967974	harbor2	chr9	98769634	98769867	SINE/MIR	812	+	116	98769750	1776
chr9	98767974	98967974	harbor2	chr9	98770455	98770594	SINE/MIR	397	+	70	98770525	2551
chr9	98767974	98967974	harbor2	chr9	98790792	98791001	SINE/MIR	912	+	104	98790896	22922
chr9	98767974	98967974	harbor2	chr9	98793278	98793510	SINE/MIR	1195	+	116	98793394	25420
chr9	98767974	98967974	harbor2	chr9	98805612	98805838	SINE/MIR	750	+	113	98805725	37751
chr9	98767974	98967974	harbor2	chr9	98814786	98814893	SINE/MIR	418	+	54	98814840	46866
chr9	98767974	98967974	harbor2	chr9	98824642	98824862	SINE/MIR	410	+	110	98824752	56778
chr9	98767974	98967974	harbor2	chr9	98824916	98825156	SINE/MIR	597	+	120	98825036	57062
chr9	98767974	98967974	harbor2	chr9	98826075	98826291	SINE/MIR	860	+	108	98826183	58209
chr9	98767974	98967974	harbor2	chr9	98851468	98851582	SINE/MIR	484	+	57	98851525	83551
chr9	98767974	98967974	harbor2	chr9	98852198	98852237	SINE/MIR	484	+	20	98852218	84244
chr9	98767974	98967974	harbor2	chr9	98864161	98864337	SINE/MIR	507	+	88	98864249	96275
chr9	134492700	134692700	harbor2	chr9	134541581	134541717	SINE/MIR	575	+	68	134541649	48949
chr9	134492700	134692700	harbor2	chr9	134561385	134561621	SINE/MIR	428	+	118	134561503	68803
chr9	78322709	78522709	harbor2	chr9	78354455	78354668	SINE/MIR	712	+	106	78354561	31852
chr9	78322709	78522709	harbor2	chr9	78356750	78356970	SINE/MIR	813	+	110	78356860	34151
chr9	78322709	78522709	harbor2	chr9	78367485	78367672	SINE/MIR	466	+	94	78367579	44870
chr9	78322709	78522709	harbor2	chr9	78373914	78374053	SINE/MIR	477	+	70	78373984	51275
chr9	78322709	78522709	harbor2	chr9	78422020	78422250	SINE/MIR	598	+	115	78422135	99426
chr9	116929359	117129359	harbor2	chr9	116935250	116935475	SINE/MIR	582	+	112	116935362	6003
chr9	116929359	117129359	harbor2	chr9	116935607	116935743	SINE/MIR	394	+	68	116935675	6316
chr9	116929359	117129359	harbor2	chr9	116939074	116939329	SINE/MIR	432	+	128	116939202	9843
chr9	116929359	117129359	harbor2	chr9	116949763	116949964	SINE/MIR	429	+	100	116949863	20504
chr9	116929359	117129359	harbor2	chr9	116955624	116955799	SINE/MIR	567	+	88	116955712	26353
chr9	116929359	117129359	harbor2	chr9	116965794	116965964	SINE/MIR	395	+	85	116965879	36520
chr9	116929359	117129359	harbor2	chr9	116966949	116967168	SINE/MIR	834	+	110	116967059	37700
chr9	116929359	117129359	harbor2	chr9	116969207	116969403	SINE/MIR	837	+	98	116969305	39946
chr9	116929359	117129359	harbor2	chr9	116995636	116995833	SINE/MIR	450	+	98	116995734	66375
chr9	116929359	117129359	harbor2	chr9	117008446	117008674	SINE/MIR	520	+	114	117008560	79201
chr9	116929359	117129359	harbor2	chr9	117017481	117017637	SINE/MIR	402	+	78	117017559	88200
chr9	116929359	117129359	harbor2	chr9	117018594	117018763	SINE/MIR	446	+	84	117018678	89319
chr9	116929359	117129359	harbor2	chr9	117019709	117019905	SINE/MIR	410	+	98	117019807	90448
chr9	132609057	132809057	harbor2	chr9	132624539	132624723	SINE/MIR	520	+	92	132624631	15574
chr9	132609057	132809057	harbor2	chr9	132658226	132658439	SINE/MIR	464	+	106	132658332	49275
chr9	71242022	71442022	harbor2	chr9	71283998	71284176	SINE/MIR	551	+	89	71284087	42065
chr9	82614346	82814346	harbor2	chr9	82669622	82669822	SINE/MIR	517	+	100	82669722	55376
chr9	131307406	131507406	harbor2	chr9	131315211	131315396	SINE/MIR	440	+	92	131315303	7897
chr9	131307406	131507406	harbor2	chr9	131325461	131325630	SINE/MIR	407	+	84	131325545	18139
chr9	131307406	131507406	harbor2	chr9	131329813	131330014	SINE/MIR	630	+	100	131329913	22507
chr9	131307406	131507406	harbor2	chr9	131332455	131332591	SINE/MIR	444	+	68	131332523	25117
chr9	131307406	131507406	harbor2	chr9	131332882	131332980	SINE/MIR	444	+	49	131332931	25525
chr9	131307406	131507406	harbor2	chr9	131369940	131370006	SINE/MIR	515	+	33	131369973	62567
chr9	131307406	131507406	harbor2	chr9	131370317	131370346	SINE/MIR	515	+	14	131370331	62925
chr9	131307406	131507406	harbor2	chr9	131370657	131370782	SINE/MIR	515	+	62	131370719	63313
chr9	131307406	131507406	harbor2	chr9	131374978	131375120	SINE/MIR	784	+	71	131375049	67643
chr9	131307406	131507406	harbor2	chr9	131375427	131375533	SINE/MIR	784	+	53	131375480	68074
chr9	131307406	131507406	harbor2	chr9	131375608	131375746	SINE/MIR	493	+	69	131375677	68271
chr9	131307406	131507406	harbor2	chr9	131376369	131376443	SINE/MIR	493	+	37	131376406	69000
chr9	131307406	131507406	harbor2	chr9	131385517	131385693	SINE/MIR	426	+	88	131385605	78199
chr9	131307406	131507406	harbor2	chr9	131391108	131391140	SINE/MIR	459	+	16	131391124	83718
chr9	131307406	131507406	harbor2	chr9	131391588	131391717	SINE/MIR	459	+	64	131391652	84246
chr9	131307406	131507406	harbor2	chr9	131393066	131393251	SINE/MIR	481	+	92	131393158	85752
chr9	131307406	131507406	harbor2	chr9	131405849	131406068	SINE/MIR	567	+	110	131405959	98553
chr9	83965099	84165099	harbor2	chr9	84030150	84030302	SINE/MIR	461	+	76	84030226	65127
chr9	83965099	84165099	harbor2	chr9	84050206	84050407	SINE/MIR	503	+	100	84050306	85207
chr9	83965099	84165099	harbor2	chr9	84054281	84054454	SINE/MIR	515	+	86	84054367	89268
chr9	83965099	84165099	harbor2	chr9	84056919	84057134	SINE/MIR	728	+	108	84057027	91928
chr9	110082390	110282390	harbor2	chr9	110112299	110112515	SINE/MIR	595	+	108	110112407	30017
chr9	110082390	110282390	harbor2	chr9	110112706	110112940	SINE/MIR	679	+	117	110112823	30433
chr9	110082390	110282390	harbor2	chr9	110164950	110165131	SINE/MIR	692	+	90	110165040	82650
chr9	131756660	131956660	harbor2	chr9	131762816	131762928	SINE/MIR	434	+	56	131762872	6212
chr9	131756660	131956660	harbor2	chr9	131779649	131779803	SINE/MIR	493	+	77	131779726	23066
chr9	131756660	131956660	harbor2	chr9	131797594	131797833	SINE/MIR	702	+	120	131797714	41054
chr9	131756660	131956660	harbor2	chr9	131802571	131802710	SINE/MIR	453	+	70	131802641	45981
chr9	131756660	131956660	harbor2	chr9	131809009	131809199	SINE/MIR	538	+	95	131809104	52444
chr9	131756660	131956660	harbor2	chr9	131813271	131813451	SINE/MIR	445	+	90	131813361	56701
chr9	131756660	131956660	harbor2	chr9	131836265	131836406	SINE/MIR	434	+	70	131836335	79675
chr9	105279905	105479905	harbor2	chr9	105286246	105286483	SINE/MIR	786	+	118	105286364	6459
chr9	105279905	105479905	harbor2	chr9	105295781	105295951	SINE/MIR	516	+	85	105295866	15961
chr9	105279905	105479905	harbor2	chr9	105309263	105309386	SINE/MIR	413	+	62	105309325	29420
chr9	105279905	105479905	harbor2	chr9	105331779	105332000	SINE/MIR	504	+	110	105331889	51984
chr9	105279905	105479905	harbor2	chr9	105333399	105333494	SINE/MIR	498	+	48	105333447	53542
chr9	105279905	105479905	harbor2	chr9	105336810	105337028	SINE/MIR	538	+	109	105336919	57014
chr9	105279905	105479905	harbor2	chr9	105337212	105337455	SINE/MIR	1026	+	122	105337334	57429
chr9	105279905	105479905	harbor2	chr9	105347899	105348121	SINE/MIR	728	+	111	105348010	68105
chr9	105279905	105479905	harbor2	chr9	105350574	105350787	SINE/MIR	596	+	106	105350680	70775
chr9	105279905	105479905	harbor2	chr9	105375387	105375632	SINE/MIR	938	+	122	105375509	95604
chr9	39693318	39893318	harbor2	chr9	39753173	39753376	SINE/MIR	551	+	102	39753275	59957
chr9	109700567	109900567	harbor2	chr9	109705695	109705898	SINE/MIR	800	+	102	109705797	5230
chr9	109700567	109900567	harbor2	chr9	109727353	109727465	SINE/MIR	402	+	56	109727409	26842
chr9	109700567	109900567	harbor2	chr9	109763324	109763527	SINE/MIR	650	+	102	109763426	62859
chr9	109700567	109900567	harbor2	chr9	109765254	109765410	SINE/MIR	412	+	78	109765332	64765
chr9	109700567	109900567	harbor2	chr9	109768648	109768819	SINE/MIR	677	+	86	109768734	68167
chr9	117891421	118091421	harbor2	chr9	117919102	117919359	SINE/MIR	508	+	128	117919230	27809
chr9	117891421	118091421	harbor2	chr9	117958222	117958409	SINE/MIR	612	+	94	117958316	66895
chr9	117891421	118091421	harbor2	chr9	117964296	117964469	SINE/MIR	416	+	86	117964382	72961
chr9	117891421	118091421	harbor2	chr9	117981216	117981365	SINE/MIR	542	+	74	117981290	89869
chr9	117891421	118091421	harbor2	chr9	117988093	117988300	SINE/MIR	441	+	104	117988197	96776
chr9	113500555	113700555	harbor2	chr9	113500465	113500626	SINE/MIR	404	+	80	113500545	10
chr9	113500555	113700555	harbor2	chr9	113502781	113503021	SINE/MIR	584	+	120	113502901	2346
chr9	113500555	113700555	harbor2	chr9	113508898	113509003	SINE/MIR	563	+	52	113508950	8395
chr9	113500555	113700555	harbor2	chr9	113509299	113509435	SINE/MIR	563	+	68	113509367	8812
chr9	113500555	113700555	harbor2	chr9	113523269	113523499	SINE/MIR	734	+	115	113523384	22829
chr9	113500555	113700555	harbor2	chr9	113526428	113526603	SINE/MIR	511	+	88	113526516	25961
chr9	113500555	113700555	harbor2	chr9	113527941	113528147	SINE/MIR	564	+	103	113528044	27489
chr9	113500555	113700555	harbor2	chr9	113531327	113531542	SINE/MIR	862	+	108	113531435	30880
chr9	113500555	113700555	harbor2	chr9	113531688	113531885	SINE/MIR	443	+	98	113531786	31231
chr9	113500555	113700555	harbor2	chr9	113533064	113533228	SINE/MIR	424	+	82	113533146	32591
chr9	113500555	113700555	harbor2	chr9	113533530	113533578	SINE/MIR	424	+	24	113533554	32999
chr9	113500555	113700555	harbor2	chr9	113537996	113538214	SINE/MIR	787	+	109	113538105	37550
chr9	113500555	113700555	harbor2	chr9	113546841	113546993	SINE/MIR	459	+	76	113546917	46362
chr9	113500555	113700555	harbor2	chr9	113549128	113549343	SINE/MIR	479	+	108	113549236	48681
chr9	113500555	113700555	harbor2	chr9	113562749	113562920	SINE/MIR	550	+	86	113562835	62280
chr9	113500555	113700555	harbor2	chr9	113564152	113564397	SINE/MIR	706	+	122	113564274	63719
chr9	113500555	113700555	harbor2	chr9	113573908	113574131	SINE/MIR	780	+	112	113574020	73465
chr9	113500555	113700555	harbor2	chr9	113585195	113585363	SINE/MIR	484	+	84	113585279	84724
chr9	113500555	113700555	harbor2	chr9	113586715	113586959	SINE/MIR	732	+	122	113586837	86282
chr9	113500555	113700555	harbor2	chr9	113587361	113587497	SINE/MIR	462	+	68	113587429	86874
chr9	113500555	113700555	harbor2	chr9	113588485	113588701	SINE/MIR	681	+	108	113588593	88038
chr9	113500555	113700555	harbor2	chr9	113599096	113599311	SINE/MIR	586	+	108	113599204	98649
chr9	113500555	113700555	harbor2	chr9	113600180	113600441	SINE/MIR	633	+	130	113600310	99755
chr9	113500555	113700555	harbor2	chr9	113590100	113590314	SINE/MIR	482	+	107	113590207	89652
chr9	109676786	109876786	harbor2	chr9	109705695	109705898	SINE/MIR	800	+	102	109705797	29011
chr9	109676786	109876786	harbor2	chr9	109727353	109727465	SINE/MIR	402	+	56	109727409	50623
chr9	109676786	109876786	harbor2	chr9	109763324	109763527	SINE/MIR	650	+	102	109763426	86640
chr9	109676786	109876786	harbor2	chr9	109765254	109765410	SINE/MIR	412	+	78	109765332	88546
chr9	109676786	109876786	harbor2	chr9	109768648	109768819	SINE/MIR	677	+	86	109768734	91948
chr9	108938793	109138793	harbor2	chr9	108962068	108962279	SINE/MIR	729	+	106	108962174	23381
chr9	108938793	109138793	harbor2	chr9	108981950	108982114	SINE/MIR	424	+	82	108982032	43239
chr9	108938793	109138793	harbor2	chr9	108982166	108982379	SINE/MIR	755	+	106	108982272	43479
chr9	108938793	109138793	harbor2	chr9	108990088	108990307	SINE/MIR	709	+	110	108990198	51405
chr9	108938793	109138793	harbor2	chr9	109006791	109006936	SINE/MIR	586	+	72	109006863	68070
chr9	108938793	109138793	harbor2	chr9	109011644	109011885	SINE/MIR	837	+	120	109011764	72971
chr9	108938793	109138793	harbor2	chr9	109015625	109015820	SINE/MIR	516	+	98	109015723	76930
chr9	108938793	109138793	harbor2	chr9	109019256	109019466	SINE/MIR	399	+	105	109019361	80568
chr9	92476254	92676254	harbor2	chr9	92536667	92536833	SINE/MIR	449	+	83	92536750	60496
chr9	109871215	110071215	harbor2	chr9	109886550	109886721	SINE/MIR	396	+	86	109886636	15421
chr9	109871215	110071215	harbor2	chr9	109888202	109888399	SINE/MIR	559	+	98	109888300	17085
chr9	109871215	110071215	harbor2	chr9	109892646	109892901	SINE/MIR	544	+	128	109892774	21559
chr9	109871215	110071215	harbor2	chr9	109897146	109897300	SINE/MIR	550	+	77	109897223	26008
chr9	109871215	110071215	harbor2	chr9	109902083	109902296	SINE/MIR	534	+	106	109902189	30974
chr9	109871215	110071215	harbor2	chr9	109908366	109908623	SINE/MIR	596	+	128	109908494	37279
chr9	109871215	110071215	harbor2	chr9	109915479	109915707	SINE/MIR	566	+	114	109915593	44378
chr9	109871215	110071215	harbor2	chr9	109922773	109923009	SINE/MIR	567	+	118	109922891	51676
chr9	109871215	110071215	harbor2	chr9	109957932	109958086	SINE/MIR	550	+	77	109958009	86794
chr9	109871215	110071215	harbor2	chr9	109966405	109966621	SINE/MIR	619	+	108	109966513	95298
chr9	109871215	110071215	harbor2	chr9	109970584	109970813	SINE/MIR	538	+	114	109970698	99483
chr9	136465108	136665108	harbor2	chr9	136488609	136488725	SINE/MIR	397	+	58	136488667	23559
chr9	134304205	134504205	harbor2	chr9	134337411	134337524	SINE/MIR	397	+	56	134337467	33262
chr9	70329039	70529039	harbor2	chr9	70343028	70343276	SINE/MIR	750	+	124	70343152	14113
chr9	70329039	70529039	harbor2	chr9	70383883	70384112	SINE/MIR	587	+	114	70383997	54958
chr9	70329039	70529039	harbor2	chr9	70404052	70404222	SINE/MIR	512	+	85	70404137	75098
chr9	70329039	70529039	harbor2	chr9	70425859	70426072	SINE/MIR	535	+	106	70425965	96926
chr9	70329039	70529039	harbor2	chr9	70426775	70426799	SINE/MIR	535	+	12	70426787	97748
chr9	119355842	119555842	harbor2	chr9	119357988	119358136	SINE/MIR	454	+	74	119358062	2220
chr9	119355842	119555842	harbor2	chr9	119370445	119370582	SINE/MIR	455	+	68	119370513	14671
chr9	119355842	119555842	harbor2	chr9	119395717	119395926	SINE/MIR	647	+	104	119395821	39979
chr9	119355842	119555842	harbor2	chr9	119399361	119399521	SINE/MIR	412	+	80	119399441	43599
chr9	119355842	119555842	harbor2	chr9	119402361	119402500	SINE/MIR	461	+	70	119402431	46589
chr9	119355842	119555842	harbor2	chr9	119407328	119407554	SINE/MIR	920	+	113	119407441	51599
chr9	119355842	119555842	harbor2	chr9	119412989	119413163	SINE/MIR	416	+	87	119413076	57234
chr9	119355842	119555842	harbor2	chr9	119414253	119414499	SINE/MIR	960	+	123	119414376	58534
chr9	119355842	119555842	harbor2	chr9	119421544	119421769	SINE/MIR	794	+	112	119421656	65814
chr9	119355842	119555842	harbor2	chr9	119422548	119422717	SINE/MIR	568	+	84	119422632	66790
chr9	119355842	119555842	harbor2	chr9	119424550	119424800	SINE/MIR	527	+	125	119424675	68833
chr9	119355842	119555842	harbor2	chr9	119441950	119442148	SINE/MIR	577	+	99	119442049	86207
chr9	110881716	111081716	harbor2	chr9	110894270	110894451	SINE/MIR	634	+	90	110894360	12644
chr9	110881716	111081716	harbor2	chr9	110905806	110906012	SINE/MIR	400	+	103	110905909	24193
chr9	110881716	111081716	harbor2	chr9	110935212	110935392	SINE/MIR	439	+	90	110935302	53586
chr9	110881716	111081716	harbor2	chr9	110936421	110936567	SINE/MIR	423	+	73	110936494	54778
chr9	110881716	111081716	harbor2	chr9	110937400	110937555	SINE/MIR	534	+	78	110937478	55762
chr9	110881716	111081716	harbor2	chr9	110981250	110981478	SINE/MIR	780	+	114	110981364	99648
chr9	71813459	72013459	harbor2	chr9	71813338	71813526	SINE/MIR	760	+	94	71813432	27
chr9	71813459	72013459	harbor2	chr9	71825623	71825812	SINE/MIR	583	+	94	71825717	12258
chr9	71813459	72013459	harbor2	chr9	71827805	71827942	SINE/MIR	496	+	68	71827873	14414
chr9	71813459	72013459	harbor2	chr9	71876200	71876368	SINE/MIR	565	+	84	71876284	62825
chr9	71813459	72013459	harbor2	chr9	71891946	71892135	SINE/MIR	511	+	94	71892040	78581
chr9	71813459	72013459	harbor2	chr9	71907977	71908119	SINE/MIR	428	+	71	71908048	94589
chr9	71813459	72013459	harbor2	chr9	71908414	71908488	SINE/MIR	428	+	37	71908451	94992
chr9	30589911	30789911	harbor2	chr9	30625150	30625356	SINE/MIR	702	+	103	30625253	35342
chr9	30589911	30789911	harbor2	chr9	30666336	30666527	SINE/MIR	579	+	96	30666432	76521
chr9	89725639	89925639	harbor2	chr9	89737758	89737960	SINE/MIR	513	+	101	89737859	12220
chr9	89725639	89925639	harbor2	chr9	89816976	89817096	SINE/MIR	457	+	60	89817036	91397
chr9	81297213	81497213	harbor2	chr9	81318340	81318527	SINE/MIR	675	+	94	81318434	21221
chr9	81297213	81497213	harbor2	chr9	81375975	81376220	SINE/MIR	494	+	122	81376097	78884
chr9	110833765	111033765	harbor2	chr9	110876120	110876289	SINE/MIR	561	+	84	110876204	42439
chr9	110833765	111033765	harbor2	chr9	110894270	110894451	SINE/MIR	634	+	90	110894360	60595
chr9	110833765	111033765	harbor2	chr9	110905806	110906012	SINE/MIR	400	+	103	110905909	72144
chr9	108970538	109170538	harbor2	chr9	108981950	108982114	SINE/MIR	424	+	82	108982032	11494
chr9	108970538	109170538	harbor2	chr9	108982166	108982379	SINE/MIR	755	+	106	108982272	11734
chr9	108970538	109170538	harbor2	chr9	108990088	108990307	SINE/MIR	709	+	110	108990198	19660
chr9	108970538	109170538	harbor2	chr9	109006791	109006936	SINE/MIR	586	+	72	109006863	36325
chr9	108970538	109170538	harbor2	chr9	109011644	109011885	SINE/MIR	837	+	120	109011764	41226
chr9	108970538	109170538	harbor2	chr9	109015625	109015820	SINE/MIR	516	+	98	109015723	45185
chr9	108970538	109170538	harbor2	chr9	109019256	109019466	SINE/MIR	399	+	105	109019361	48823
chr9	108970538	109170538	harbor2	chr9	109054728	109054920	SINE/MIR	401	+	96	109054824	84286
chr9	108970538	109170538	harbor2	chr9	109063922	109064098	SINE/MIR	467	+	88	109064010	93472
chr9	133701992	133901992	harbor2	chr9	133713686	133713861	SINE/MIR	532	+	88	133713774	11782
chr9	118973349	119173349	harbor2	chr9	118979168	118979280	SINE/MIR	440	+	56	118979224	5875
chr9	118973349	119173349	harbor2	chr9	118986322	118986494	SINE/MIR	413	+	86	118986408	13059
chr9	118973349	119173349	harbor2	chr9	119000092	119000341	SINE/MIR	550	+	124	119000216	26867
chr9	118973349	119173349	harbor2	chr9	119025923	119026044	SINE/MIR	472	+	60	119025983	52634
chr9	118973349	119173349	harbor2	chr9	119029448	119029682	SINE/MIR	649	+	117	119029565	56216
chr9	118973349	119173349	harbor2	chr9	119030154	119030390	SINE/MIR	430	+	118	119030272	56923
chr9	118973349	119173349	harbor2	chr9	119041819	119042047	SINE/MIR	640	+	114	119041933	68584
chr9	118973349	119173349	harbor2	chr9	119048233	119048411	SINE/MIR	470	+	89	119048322	74973
chr9	118973349	119173349	harbor2	chr9	119051102	119051231	SINE/MIR	553	+	64	119051166	77817
chr9	118973349	119173349	harbor2	chr9	119051247	119051461	SINE/MIR	843	+	107	119051354	78005
chr9	118973349	119173349	harbor2	chr9	119056795	119057005	SINE/MIR	518	+	105	119056900	83551
chr9	118973349	119173349	harbor2	chr9	119057610	119057774	SINE/MIR	391	+	82	119057692	84343
chr9	132918176	133118176	harbor2	chr9	132935367	132935582	SINE/MIR	594	+	108	132935475	17299
chr9	132918176	133118176	harbor2	chr9	132940529	132940760	SINE/MIR	405	+	116	132940645	22469
chr9	132918176	133118176	harbor2	chr9	132943511	132943740	SINE/MIR	733	+	114	132943625	25449
chr9	132918176	133118176	harbor2	chr9	132945395	132945527	SINE/MIR	468	+	66	132945461	27285
chr9	132918176	133118176	harbor2	chr9	132958931	132959107	SINE/MIR	433	+	88	132959019	40843
chr9	132918176	133118176	harbor2	chr9	132959479	132959547	SINE/MIR	433	+	34	132959513	41337
chr9	132918176	133118176	harbor2	chr9	132992419	132992587	SINE/MIR	413	+	84	132992503	74327
chr9	123100604	123300604	harbor2	chr9	123102026	123102203	SINE/MIR	487	+	88	123102114	1510
chr9	123100604	123300604	harbor2	chr9	123132124	123132298	SINE/MIR	486	+	87	123132211	31607
chr9	123100604	123300604	harbor2	chr9	123175956	123176154	SINE/MIR	671	+	99	123176055	75451
chr9	85284733	85484733	harbor2	chr9	85297089	85297221	SINE/MIR	483	+	66	85297155	12422
chr9	85284733	85484733	harbor2	chr9	85297487	85297538	SINE/MIR	483	+	26	85297513	12780
chr9	85284733	85484733	harbor2	chr9	85331271	85331445	SINE/MIR	405	+	87	85331358	46625
chr9	85284733	85484733	harbor2	chr9	85331505	85331701	SINE/MIR	477	+	98	85331603	46870
chr9	85284733	85484733	harbor2	chr9	85334725	85334872	SINE/MIR	402	+	74	85334799	50066
chr9	122240584	122440584	harbor2	chr9	122262024	122262192	SINE/MIR	493	+	84	122262108	21524
chr9	122240584	122440584	harbor2	chr9	122262248	122262445	SINE/MIR	819	+	98	122262346	21762
chr9	122240584	122440584	harbor2	chr9	122267624	122267837	SINE/MIR	651	+	106	122267730	27146
chr9	122240584	122440584	harbor2	chr9	122268550	122268714	SINE/MIR	564	+	82	122268632	28048
chr9	122240584	122440584	harbor2	chr9	122270585	122270790	SINE/MIR	455	+	102	122270687	30103
chr9	122240584	122440584	harbor2	chr9	122279261	122279454	SINE/MIR	506	+	96	122279357	38773
chr9	122240584	122440584	harbor2	chr9	122279895	122280025	SINE/MIR	421	+	65	122279960	39376
chr9	122240584	122440584	harbor2	chr9	122280629	122280836	SINE/MIR	562	+	104	122280733	40149
chr9	122240584	122440584	harbor2	chr9	122282493	122282746	SINE/MIR	615	+	126	122282619	42035
chr9	122240584	122440584	harbor2	chr9	122284246	122284434	SINE/MIR	534	+	94	122284340	43756
chr9	122240584	122440584	harbor2	chr9	122286028	122286167	SINE/MIR	575	+	70	122286098	45514
chr9	122240584	122440584	harbor2	chr9	122294049	122294214	SINE/MIR	400	+	82	122294131	53547
chr9	122240584	122440584	harbor2	chr9	122295022	122295234	SINE/MIR	414	+	106	122295128	54544
chr9	122240584	122440584	harbor2	chr9	122299864	122299936	SINE/MIR	576	+	36	122299900	59316
chr9	122240584	122440584	harbor2	chr9	122300367	122300525	SINE/MIR	576	+	79	122300446	59862
chr9	122240584	122440584	harbor2	chr9	122304833	122304944	SINE/MIR	404	+	56	122304889	64305
chr9	122240584	122440584	harbor2	chr9	122312137	122312284	SINE/MIR	412	+	74	122312211	71627
chr9	122240584	122440584	harbor2	chr9	122318708	122318933	SINE/MIR	577	+	112	122318820	78236
chr9	122240584	122440584	harbor2	chr9	122319428	122319581	SINE/MIR	453	+	76	122319504	78920
chr9	122240584	122440584	harbor2	chr9	122321882	122322078	SINE/MIR	603	+	98	122321980	81396
chr9	122240584	122440584	harbor2	chr9	122322379	122322411	SINE/MIR	603	+	16	122322395	81811
chr9	122240584	122440584	harbor2	chr9	122339718	122339946	SINE/MIR	779	+	114	122339832	99248
chr9	95871047	96071047	harbor2	chr9	95876251	95876455	SINE/MIR	452	+	102	95876353	5306
chr9	95871047	96071047	harbor2	chr9	95904471	95904689	SINE/MIR	591	+	109	95904580	33533
chr9	95871047	96071047	harbor2	chr9	95933420	95933562	SINE/MIR	451	+	71	95933491	62444
chr9	95871047	96071047	harbor2	chr9	95933868	95933954	SINE/MIR	451	+	43	95933911	62864
chr9	95871047	96071047	harbor2	chr9	95965192	95965436	SINE/MIR	553	+	122	95965314	94267
chr9	65639509	65839509	harbor2	chr9	65655291	65655454	SINE/MIR	860	+	82	65655373	15864
chr9	65639509	65839509	harbor2	chr9	65655761	65655860	SINE/MIR	860	+	50	65655811	16302
chr9	65639509	65839509	harbor2	chr9	65672041	65672255	SINE/MIR	908	+	107	65672148	32639
chr9	65639509	65839509	harbor2	chr9	65701425	65701654	SINE/MIR	581	+	114	65701539	62030
chr9	132717881	132917881	harbor2	chr9	132728371	132728593	SINE/MIR	591	+	111	132728482	10601
chr9	101924713	102124713	harbor2	chr9	101964585	101964808	SINE/MIR	649	+	112	101964697	39984
chr9	101924713	102124713	harbor2	chr9	101974728	101974994	SINE/MIR	722	+	133	101974861	50148
chr9	101924713	102124713	harbor2	chr9	101986209	101986392	SINE/MIR	454	+	92	101986301	61588
chr9	132123633	132323633	harbor2	chr9	132138326	132138550	SINE/MIR	534	+	112	132138438	14805
chr9	132123633	132323633	harbor2	chr9	132146748	132146874	SINE/MIR	415	+	63	132146811	23178
chr9	132123633	132323633	harbor2	chr9	132147179	132147286	SINE/MIR	415	+	54	132147233	23600
chr9	132123633	132323633	harbor2	chr9	132160283	132160499	SINE/MIR	468	+	108	132160391	36758
chr9	132123633	132323633	harbor2	chr9	132167920	132168078	SINE/MIR	527	+	79	132167999	44366
chr9	132123633	132323633	harbor2	chr9	132171147	132171419	SINE/MIR	683	+	136	132171283	47650
chr9	132123633	132323633	harbor2	chr9	132174387	132174637	SINE/MIR	441	+	125	132174512	50879
chr9	132123633	132323633	harbor2	chr9	132174933	132174948	SINE/MIR	441	+	8	132174941	51308
chr9	132123633	132323633	harbor2	chr9	132200036	132200168	SINE/MIR	456	+	66	132200102	76469
chr9	132123633	132323633	harbor2	chr9	132202866	132203011	SINE/MIR	455	+	72	132202938	79305
chr9	132123633	132323633	harbor2	chr9	132217467	132217615	SINE/MIR	579	+	74	132217541	93908
chr9	132123633	132323633	harbor2	chr9	132218211	132218424	SINE/MIR	769	+	106	132218317	94684
chr9	72414895	72614895	harbor2	chr9	72429753	72429973	SINE/MIR	630	+	110	72429863	14968
chr9	72414895	72614895	harbor2	chr9	72431112	72431578	SINE/MIR	992	+	233	72431345	16450
chr9	72414895	72614895	harbor2	chr9	72446056	72446273	SINE/MIR	466	+	108	72446164	31269
chr9	72414895	72614895	harbor2	chr9	72472313	72472489	SINE/MIR	611	+	88	72472401	57506
chr9	72414895	72614895	harbor2	chr9	72484670	72484788	SINE/MIR	417	+	59	72484729	69834
chr9	137938083	138138083	harbor2	chr9	138021670	138021826	SINE/MIR	517	+	78	138021748	83665
chr9	129780568	129980568	harbor2	chr9	129788736	129788911	SINE/MIR	536	+	88	129788824	8256
chr9	129780568	129980568	harbor2	chr9	129839092	129839311	SINE/MIR	636	+	110	129839202	58634
chr9	118238513	118438513	harbor2	chr9	118244721	118244919	SINE/MIR	410	+	99	118244820	6307
chr9	118238513	118438513	harbor2	chr9	118271179	118271390	SINE/MIR	478	+	106	118271285	32772
chr9	118238513	118438513	harbor2	chr9	118278344	118278550	SINE/MIR	401	+	103	118278447	39934
chr9	118238513	118438513	harbor2	chr9	118280244	118280386	SINE/MIR	455	+	71	118280315	41802
chr9	118238513	118438513	harbor2	chr9	118281273	118281485	SINE/MIR	567	+	106	118281379	42866
chr9	118238513	118438513	harbor2	chr9	118309121	118309336	SINE/MIR	575	+	108	118309229	70716
chr9	118238513	118438513	harbor2	chr9	118309949	118310151	SINE/MIR	475	+	101	118310050	71537
chr9	100451892	100651892	harbor2	chr9	100458138	100458255	SINE/MIR	431	+	58	100458196	6304
chr9	100451892	100651892	harbor2	chr9	100466420	100466576	SINE/MIR	650	+	78	100466498	14606
chr9	100451892	100651892	harbor2	chr9	100466892	100466955	SINE/MIR	650	+	32	100466924	15032
chr9	100451892	100651892	harbor2	chr9	100511307	100511485	SINE/MIR	561	+	89	100511396	59504
chr9	100451892	100651892	harbor2	chr9	100551183	100551313	SINE/MIR	529	+	65	100551248	99356
chr9	82999737	83199737	harbor2	chr9	83008443	83008603	SINE/MIR	439	+	80	83008523	8786
chr9	82999737	83199737	harbor2	chr9	83013641	83013852	SINE/MIR	516	+	106	83013747	14010
chr9	82999737	83199737	harbor2	chr9	83034716	83034922	SINE/MIR	421	+	103	83034819	35082
chr9	80770302	80970302	harbor2	chr9	80838527	80838685	SINE/MIR	472	+	79	80838606	68304
chr9	119251666	119451666	harbor2	chr9	119259143	119259382	SINE/MIR	677	+	120	119259263	7597
chr9	119251666	119451666	harbor2	chr9	119268922	119269146	SINE/MIR	478	+	112	119269034	17368
chr9	119251666	119451666	harbor2	chr9	119273161	119273322	SINE/MIR	536	+	80	119273241	21575
chr9	119251666	119451666	harbor2	chr9	119297370	119297585	SINE/MIR	778	+	108	119297478	45812
chr9	119251666	119451666	harbor2	chr9	119309336	119309533	SINE/MIR	555	+	98	119309434	57768
chr9	119251666	119451666	harbor2	chr9	119311854	119312062	SINE/MIR	408	+	104	119311958	60292
chr9	119251666	119451666	harbor2	chr9	119312727	119312945	SINE/MIR	631	+	109	119312836	61170
chr9	119251666	119451666	harbor2	chr9	119314742	119314887	SINE/MIR	483	+	72	119314814	63148
chr9	119251666	119451666	harbor2	chr9	119322780	119322879	SINE/MIR	474	+	50	119322830	71164
chr9	119251666	119451666	harbor2	chr9	119335229	119335417	SINE/MIR	523	+	94	119335323	83657
chr9	119251666	119451666	harbor2	chr9	119342839	119343102	SINE/MIR	525	+	132	119342971	91305
chr9	119725011	119925011	harbor2	chr9	119737530	119737729	SINE/MIR	557	+	100	119737630	12619
chr9	119725011	119925011	harbor2	chr9	119743362	119743498	SINE/MIR	479	+	68	119743430	18419
chr9	119725011	119925011	harbor2	chr9	119746600	119746835	SINE/MIR	400	+	118	119746718	21707
chr9	119725011	119925011	harbor2	chr9	119751503	119751710	SINE/MIR	458	+	104	119751607	26596
chr9	119725011	119925011	harbor2	chr9	119760040	119760271	SINE/MIR	605	+	116	119760156	35145
chr9	119725011	119925011	harbor2	chr9	119764213	119764359	SINE/MIR	613	+	73	119764286	39275
chr9	119725011	119925011	harbor2	chr9	119766716	119766960	SINE/MIR	439	+	122	119766838	41827
chr9	119725011	119925011	harbor2	chr9	119780898	119781135	SINE/MIR	396	+	118	119781016	56005
chr9	119725011	119925011	harbor2	chr9	119784620	119784815	SINE/MIR	684	+	98	119784718	59707
chr9	119725011	119925011	harbor2	chr9	119788136	119788370	SINE/MIR	632	+	117	119788253	63242
chr9	119725011	119925011	harbor2	chr9	119790380	119790561	SINE/MIR	557	+	90	119790470	65459
chr9	119725011	119925011	harbor2	chr9	119793871	119794034	SINE/MIR	486	+	82	119793953	68942
chr9	119725011	119925011	harbor2	chr9	119800031	119800209	SINE/MIR	477	+	89	119800120	75109
chr9	119725011	119925011	harbor2	chr9	119802890	119803137	SINE/MIR	609	+	124	119803014	78003
chr9	119725011	119925011	harbor2	chr9	119803456	119803702	SINE/MIR	595	+	123	119803579	78568
chr9	119725011	119925011	harbor2	chr9	119804401	119804596	SINE/MIR	551	+	98	119804499	79488
chr9	119725011	119925011	harbor2	chr9	119819184	119819440	SINE/MIR	809	+	128	119819312	94301
chr9	131897088	132097088	harbor2	chr9	131902885	131903019	SINE/MIR	516	+	67	131902952	5864
chr9	131897088	132097088	harbor2	chr9	131913261	131913508	SINE/MIR	580	+	124	131913385	16297
chr9	131897088	132097088	harbor2	chr9	131919482	131919672	SINE/MIR	420	+	95	131919577	22489
chr9	131897088	132097088	harbor2	chr9	131951495	131951694	SINE/MIR	435	+	100	131951595	54507
chr9	131897088	132097088	harbor2	chr9	131959120	131959340	SINE/MIR	428	+	110	131959230	62142
chr9	131897088	132097088	harbor2	chr9	131964104	131964262	SINE/MIR	659	+	79	131964183	67095
chr9	131897088	132097088	harbor2	chr9	131966681	131966907	SINE/MIR	675	+	113	131966794	69706
chr9	131897088	132097088	harbor2	chr9	131966875	131967107	SINE/MIR	416	+	116	131966991	69903
chr9	133046911	133246911	harbor2	chr9	133118420	133118557	SINE/MIR	428	+	68	133118488	71577
chr9	133046911	133246911	harbor2	chr9	133121611	133121821	SINE/MIR	604	+	105	133121716	74805
chr9	133046911	133246911	harbor2	chr9	133135600	133135839	SINE/MIR	436	+	120	133135720	88809
chr9	110419906	110619906	harbor2	chr9	110445448	110445665	SINE/MIR	629	+	108	110445556	25650
chr9	110419906	110619906	harbor2	chr9	110470931	110471103	SINE/MIR	451	+	86	110471017	51111
chr9	110419906	110619906	harbor2	chr9	110472911	110473113	SINE/MIR	545	+	101	110473012	53106
chr9	110419906	110619906	harbor2	chr9	110519072	110519257	SINE/MIR	432	+	92	110519164	99258
chr9	110419906	110619906	harbor2	chr9	110519770	110519952	SINE/MIR	396	+	91	110519861	99955
chr9	132781938	132981938	harbor2	chr9	132835539	132835705	SINE/MIR	401	+	83	132835622	53684
chr9	132781938	132981938	harbor2	chr9	132836312	132836363	SINE/MIR	401	+	26	132836338	54400
chr9	132781938	132981938	harbor2	chr9	132836825	132836959	SINE/MIR	420	+	67	132836892	54954
chr9	132781938	132981938	harbor2	chr9	132844922	132845056	SINE/MIR	405	+	67	132844989	63051
chr9	132781938	132981938	harbor2	chr9	132879358	132879561	SINE/MIR	395	+	102	132879460	97522
chr9	118479280	118679280	harbor2	chr9	118482768	118482952	SINE/MIR	564	+	92	118482860	3580
chr9	118479280	118679280	harbor2	chr9	118484350	118484594	SINE/MIR	603	+	122	118484472	5192
chr9	118479280	118679280	harbor2	chr9	118518285	118518501	SINE/MIR	430	+	108	118518393	39113
chr9	118479280	118679280	harbor2	chr9	118527515	118527691	SINE/MIR	463	+	88	118527603	48323
chr9	118479280	118679280	harbor2	chr9	118570566	118570803	SINE/MIR	507	+	118	118570684	91404
chr9	115984281	116184281	harbor2	chr9	115996238	115996363	SINE/MIR	522	+	62	115996300	12019
chr9	115984281	116184281	harbor2	chr9	116007622	116007745	SINE/MIR	606	+	62	116007684	23403
chr9	115984281	116184281	harbor2	chr9	116012353	116012579	SINE/MIR	881	+	113	116012466	28185
chr9	115984281	116184281	harbor2	chr9	116013393	116013647	SINE/MIR	624	+	127	116013520	29239
chr9	115984281	116184281	harbor2	chr9	116031524	116031748	SINE/MIR	784	+	112	116031636	47355
chr9	115984281	116184281	harbor2	chr9	116037243	116037378	SINE/MIR	456	+	68	116037311	53030
chr9	115984281	116184281	harbor2	chr9	116044660	116044893	SINE/MIR	521	+	116	116044776	60495
chr9	115984281	116184281	harbor2	chr9	116047241	116047453	SINE/MIR	392	+	106	116047347	63066
chr9	115984281	116184281	harbor2	chr9	116052676	116052897	SINE/MIR	546	+	110	116052786	68505
chr9	115984281	116184281	harbor2	chr9	116070975	116071161	SINE/MIR	404	+	93	116071068	86787
chr9	115984281	116184281	harbor2	chr9	116076252	116076455	SINE/MIR	470	+	102	116076354	92073
chr9	123011150	123211150	harbor2	chr9	123017555	123017720	SINE/MIR	563	+	82	123017637	6487
chr9	123011150	123211150	harbor2	chr9	123018979	123019102	SINE/MIR	426	+	62	123019041	7891
chr9	123011150	123211150	harbor2	chr9	123028739	123028947	SINE/MIR	521	+	104	123028843	17693
chr9	123011150	123211150	harbor2	chr9	123038865	123039097	SINE/MIR	538	+	116	123038981	27831
chr9	123011150	123211150	harbor2	chr9	123045787	123045934	SINE/MIR	402	+	74	123045861	34711
chr9	123011150	123211150	harbor2	chr9	123046429	123046673	SINE/MIR	1104	+	122	123046551	35401
chr9	123011150	123211150	harbor2	chr9	123052198	123052335	SINE/MIR	418	+	68	123052266	41116
chr9	123011150	123211150	harbor2	chr9	123089225	123089461	SINE/MIR	621	+	118	123089343	78193
chr9	123011150	123211150	harbor2	chr9	123098892	123099063	SINE/MIR	461	+	86	123098978	87828
chr9	123011150	123211150	harbor2	chr9	123102026	123102203	SINE/MIR	487	+	88	123102114	90964
chr9	67049230	67249230	harbor2	chr9	67093353	67093547	SINE/MIR	669	+	97	67093450	44220
chr9	67049230	67249230	harbor2	chr9	67136640	67136834	SINE/MIR	655	+	97	67136737	87507
chr9	27383537	27583537	harbor2	chr9	27387380	27387573	SINE/MIR	527	+	96	27387476	3939
chr9	27383537	27583537	harbor2	chr9	27392700	27392835	SINE/MIR	433	+	68	27392768	9231
chr9	27383537	27583537	harbor2	chr9	27395718	27395955	SINE/MIR	505	+	118	27395836	12299
chr9	27383537	27583537	harbor2	chr9	27398362	27398545	SINE/MIR	417	+	92	27398454	14917
chr9	27383537	27583537	harbor2	chr9	27401978	27402199	SINE/MIR	672	+	110	27402088	18551
chr9	27383537	27583537	harbor2	chr9	27444648	27444877	SINE/MIR	671	+	114	27444762	61225
chr9	27383537	27583537	harbor2	chr9	27448151	27448317	SINE/MIR	862	+	83	27448234	64697
chr9	27383537	27583537	harbor2	chr9	27448679	27448728	SINE/MIR	862	+	24	27448703	65166
chr9	27383537	27583537	harbor2	chr9	27450685	27450920	SINE/MIR	403	+	118	27450803	67266
chr9	27383537	27583537	harbor2	chr9	27463555	27463678	SINE/MIR	428	+	62	27463617	80080
chr9	27383537	27583537	harbor2	chr9	27463980	27464067	SINE/MIR	428	+	44	27464024	80487
chr9	27383537	27583537	harbor2	chr9	27467192	27467374	SINE/MIR	450	+	91	27467283	83746
chr9	27383537	27583537	harbor2	chr9	27471470	27471707	SINE/MIR	532	+	118	27471588	88051
chr9	135144890	135344890	harbor2	chr9	135153534	135153761	SINE/MIR	413	+	114	135153648	8758
chr9	135144890	135344890	harbor2	chr9	135221598	135221791	SINE/MIR	416	+	96	135221694	76804
chr9	106369535	106569535	harbor2	chr9	106375810	106376056	SINE/MIR	671	+	123	106375933	6398
chr9	106369535	106569535	harbor2	chr9	106387318	106387542	SINE/MIR	456	+	112	106387430	17895
chr9	106369535	106569535	harbor2	chr9	106389680	106389890	SINE/MIR	768	+	105	106389785	20250
chr9	106369535	106569535	harbor2	chr9	106392129	106392350	SINE/MIR	454	+	110	106392239	22704
chr9	106369535	106569535	harbor2	chr9	106392367	106392526	SINE/MIR	423	+	80	106392447	22912
chr9	106369535	106569535	harbor2	chr9	106420896	106421100	SINE/MIR	440	+	102	106420998	51463
chr9	106369535	106569535	harbor2	chr9	106441203	106441348	SINE/MIR	450	+	72	106441275	71740
chr9	106369535	106569535	harbor2	chr9	106458824	106458961	SINE/MIR	475	+	68	106458892	89357
chr9	106369535	106569535	harbor2	chr9	106465534	106465769	SINE/MIR	623	+	118	106465652	96117
chr9	106369535	106569535	harbor2	chr9	106468774	106468972	SINE/MIR	659	+	99	106468873	99338
chr9	108547897	108747897	harbor2	chr9	108566147	108566369	SINE/MIR	496	+	111	108566258	18361
chr9	108547897	108747897	harbor2	chr9	108580497	108580704	SINE/MIR	449	+	104	108580601	32704
chr9	108547897	108747897	harbor2	chr9	108587121	108587254	SINE/MIR	500	+	66	108587187	39290
chr9	108547897	108747897	harbor2	chr9	108587552	108587596	SINE/MIR	500	+	22	108587574	39677
chr9	108547897	108747897	harbor2	chr9	108594237	108594434	SINE/MIR	523	+	98	108594335	46438
chr9	108547897	108747897	harbor2	chr9	108596151	108596379	SINE/MIR	488	+	114	108596265	48368
chr9	108547897	108747897	harbor2	chr9	108628613	108628860	SINE/MIR	528	+	124	108628737	80840
chr9	108547897	108747897	harbor2	chr9	108640406	108640648	SINE/MIR	411	+	121	108640527	92630
chr9	108547897	108747897	harbor2	chr9	108641987	108642177	SINE/MIR	399	+	95	108642082	94185
chr9	131317066	131517066	harbor2	chr9	131325461	131325630	SINE/MIR	407	+	84	131325545	8479
chr9	131317066	131517066	harbor2	chr9	131329813	131330014	SINE/MIR	630	+	100	131329913	12847
chr9	131317066	131517066	harbor2	chr9	131332455	131332591	SINE/MIR	444	+	68	131332523	15457
chr9	131317066	131517066	harbor2	chr9	131332882	131332980	SINE/MIR	444	+	49	131332931	15865
chr9	131317066	131517066	harbor2	chr9	131369940	131370006	SINE/MIR	515	+	33	131369973	52907
chr9	131317066	131517066	harbor2	chr9	131370317	131370346	SINE/MIR	515	+	14	131370331	53265
chr9	131317066	131517066	harbor2	chr9	131370657	131370782	SINE/MIR	515	+	62	131370719	53653
chr9	131317066	131517066	harbor2	chr9	131374978	131375120	SINE/MIR	784	+	71	131375049	57983
chr9	131317066	131517066	harbor2	chr9	131375427	131375533	SINE/MIR	784	+	53	131375480	58414
chr9	131317066	131517066	harbor2	chr9	131375608	131375746	SINE/MIR	493	+	69	131375677	58611
chr9	131317066	131517066	harbor2	chr9	131376369	131376443	SINE/MIR	493	+	37	131376406	59340
chr9	131317066	131517066	harbor2	chr9	131385517	131385693	SINE/MIR	426	+	88	131385605	68539
chr9	131317066	131517066	harbor2	chr9	131391108	131391140	SINE/MIR	459	+	16	131391124	74058
chr9	131317066	131517066	harbor2	chr9	131391588	131391717	SINE/MIR	459	+	64	131391652	74586
chr9	131317066	131517066	harbor2	chr9	131393066	131393251	SINE/MIR	481	+	92	131393158	76092
chr9	131317066	131517066	harbor2	chr9	131405849	131406068	SINE/MIR	567	+	110	131405959	88893
chr9	125652003	125852003	harbor2	chr9	125658063	125658223	SINE/MIR	402	+	80	125658143	6140
chr9	125652003	125852003	harbor2	chr9	125664829	125665018	SINE/MIR	553	+	94	125664923	12920
chr9	125652003	125852003	harbor2	chr9	125690419	125690649	SINE/MIR	768	+	115	125690534	38531
chr9	125652003	125852003	harbor2	chr9	125704159	125704378	SINE/MIR	424	+	110	125704269	52266
chr9	125652003	125852003	harbor2	chr9	125705221	125705333	SINE/MIR	464	+	56	125705277	53274
chr9	125652003	125852003	harbor2	chr9	125707516	125707747	SINE/MIR	606	+	116	125707632	55629
chr9	125652003	125852003	harbor2	chr9	125709736	125709911	SINE/MIR	433	+	88	125709824	57821
chr9	125652003	125852003	harbor2	chr9	125711678	125711829	SINE/MIR	431	+	76	125711754	59751
chr9	125652003	125852003	harbor2	chr9	125727903	125728085	SINE/MIR	753	+	91	125727994	75991
chr9	125652003	125852003	harbor2	chr9	125728938	125729086	SINE/MIR	487	+	74	125729012	77009
chr9	125652003	125852003	harbor2	chr9	125737313	125737447	SINE/MIR	475	+	67	125737380	85377
chr9	125652003	125852003	harbor2	chr9	125743404	125743606	SINE/MIR	439	+	101	125743505	91502
chr9	121279757	121479757	harbor2	chr9	121285033	121285217	SINE/MIR	583	+	92	121285125	5368
chr9	121279757	121479757	harbor2	chr9	121286786	121286956	SINE/MIR	472	+	85	121286871	7114
chr9	121279757	121479757	harbor2	chr9	121299336	121299426	SINE/MIR	402	+	45	121299381	19624
chr9	121279757	121479757	harbor2	chr9	121302307	121302477	SINE/MIR	393	+	85	121302392	22635
chr9	121279757	121479757	harbor2	chr9	121303151	121303322	SINE/MIR	550	+	86	121303237	23480
chr9	121279757	121479757	harbor2	chr9	121307487	121307716	SINE/MIR	399	+	114	121307601	27844
chr9	121279757	121479757	harbor2	chr9	121309055	121309228	SINE/MIR	568	+	86	121309141	29384
chr9	121279757	121479757	harbor2	chr9	121313429	121313609	SINE/MIR	584	+	90	121313519	33762
chr9	121279757	121479757	harbor2	chr9	121315792	121316040	SINE/MIR	726	+	124	121315916	36159
chr9	121279757	121479757	harbor2	chr9	121317302	121317442	SINE/MIR	412	+	70	121317372	37615
chr9	121279757	121479757	harbor2	chr9	121324976	121325223	SINE/MIR	882	+	124	121325100	45343
chr9	121279757	121479757	harbor2	chr9	121328483	121328648	SINE/MIR	660	+	82	121328565	48808
chr9	121279757	121479757	harbor2	chr9	121335758	121335970	SINE/MIR	761	+	106	121335864	56107
chr9	121279757	121479757	harbor2	chr9	121338439	121338649	SINE/MIR	608	+	105	121338544	58787
chr9	121279757	121479757	harbor2	chr9	121342870	121343082	SINE/MIR	592	+	106	121342976	63219
chr9	121279757	121479757	harbor2	chr9	121349937	121350073	SINE/MIR	523	+	68	121350005	70248
chr9	121279757	121479757	harbor2	chr9	121350552	121350781	SINE/MIR	578	+	114	121350666	70909
chr9	121279757	121479757	harbor2	chr9	121364917	121365096	SINE/MIR	680	+	90	121365007	85250
chr9	121279757	121479757	harbor2	chr9	121365699	121365828	SINE/MIR	411	+	64	121365763	86006
chr9	121279757	121479757	harbor2	chr9	121367954	121368083	SINE/MIR	447	+	64	121368018	88261
chr9	121279757	121479757	harbor2	chr9	121368487	121368656	SINE/MIR	499	+	84	121368571	88814
chr9	134624061	134824061	harbor2	chr9	134648434	134648619	SINE/MIR	438	+	92	134648526	24465
chr9	134624061	134824061	harbor2	chr9	134655455	134655601	SINE/MIR	480	+	73	134655528	31467
chr9	134624061	134824061	harbor2	chr9	134660642	134660793	SINE/MIR	442	+	76	134660718	36657
chr9	134624061	134824061	harbor2	chr9	134704176	134704389	SINE/MIR	616	+	106	134704282	80221
chr9	95515073	95715073	harbor2	chr9	95571325	95571508	SINE/MIR	473	+	92	95571417	56344
chr9	95515073	95715073	harbor2	chr9	95586290	95586512	SINE/MIR	418	+	111	95586401	71328
chr9	95515073	95715073	harbor2	chr9	95586877	95587076	SINE/MIR	802	+	100	95586977	71904
chr9	95515073	95715073	harbor2	chr9	95612032	95612249	SINE/MIR	629	+	108	95612140	97067
chr9	109883190	110083190	harbor2	chr9	109886550	109886721	SINE/MIR	396	+	86	109886636	3446
chr9	109883190	110083190	harbor2	chr9	109888202	109888399	SINE/MIR	559	+	98	109888300	5110
chr9	109883190	110083190	harbor2	chr9	109892646	109892901	SINE/MIR	544	+	128	109892774	9584
chr9	109883190	110083190	harbor2	chr9	109897146	109897300	SINE/MIR	550	+	77	109897223	14033
chr9	109883190	110083190	harbor2	chr9	109902083	109902296	SINE/MIR	534	+	106	109902189	18999
chr9	109883190	110083190	harbor2	chr9	109908366	109908623	SINE/MIR	596	+	128	109908494	25304
chr9	109883190	110083190	harbor2	chr9	109915479	109915707	SINE/MIR	566	+	114	109915593	32403
chr9	109883190	110083190	harbor2	chr9	109922773	109923009	SINE/MIR	567	+	118	109922891	39701
chr9	109883190	110083190	harbor2	chr9	109957932	109958086	SINE/MIR	550	+	77	109958009	74819
chr9	109883190	110083190	harbor2	chr9	109966405	109966621	SINE/MIR	619	+	108	109966513	83323
chr9	109883190	110083190	harbor2	chr9	109970584	109970813	SINE/MIR	538	+	114	109970698	87508
chr9	109883190	110083190	harbor2	chr9	109980874	109981111	SINE/MIR	436	+	118	109980992	97802
chr9	87208935	87408935	harbor2	chr9	87213546	87213770	SINE/MIR	560	+	112	87213658	4723
chr9	87208935	87408935	harbor2	chr9	87252571	87252708	SINE/MIR	401	+	68	87252639	43704
chr9	87208935	87408935	harbor2	chr9	87256529	87256704	SINE/MIR	523	+	88	87256617	47682
chr9	87208935	87408935	harbor2	chr9	87301911	87302112	SINE/MIR	447	+	100	87302011	93076
chr9	105919668	106119668	harbor2	chr9	105924630	105924823	SINE/MIR	461	+	96	105924726	5058
chr9	105919668	106119668	harbor2	chr9	105936684	105936907	SINE/MIR	689	+	112	105936796	17128
chr9	105919668	106119668	harbor2	chr9	105957179	105957426	SINE/MIR	1162	+	124	105957303	37635
chr9	105919668	106119668	harbor2	chr9	105962028	105962208	SINE/MIR	401	+	90	105962118	42450
chr9	105919668	106119668	harbor2	chr9	105962667	105962869	SINE/MIR	443	+	101	105962768	43100
chr9	105919668	106119668	harbor2	chr9	105965343	105965565	SINE/MIR	478	+	111	105965454	45786
chr9	105919668	106119668	harbor2	chr9	105980638	105980854	SINE/MIR	493	+	108	105980746	61078
chr9	105919668	106119668	harbor2	chr9	106010360	106010514	SINE/MIR	517	+	77	106010437	90769
chr9	121723821	121923821	harbor2	chr9	121727212	121727435	SINE/MIR	501	+	112	121727324	3503
chr9	121723821	121923821	harbor2	chr9	121732704	121732929	SINE/MIR	691	+	112	121732816	8995
chr9	121723821	121923821	harbor2	chr9	121743015	121743277	SINE/MIR	397	+	131	121743146	19325
chr9	121723821	121923821	harbor2	chr9	121797861	121798081	SINE/MIR	448	+	110	121797971	74150
chr9	38175548	38375548	harbor2	chr9	38196596	38196776	SINE/MIR	584	+	90	38196686	21138
chr9	38175548	38375548	harbor2	chr9	38206306	38206505	SINE/MIR	447	+	100	38206406	30858
chr9	38175548	38375548	harbor2	chr9	38225321	38225465	SINE/MIR	565	+	72	38225393	49845
chr9	38175548	38375548	harbor2	chr9	38225761	38225925	SINE/MIR	578	+	82	38225843	50295
chr9	38175548	38375548	harbor2	chr9	38233716	38233945	SINE/MIR	508	+	114	38233830	58282
chr9	38175548	38375548	harbor2	chr9	38253817	38253999	SINE/MIR	511	+	91	38253908	78360
chr9	127673319	127873319	harbor2	chr9	127708935	127709114	SINE/MIR	606	+	90	127709025	35706
chr9	127673319	127873319	harbor2	chr9	127719270	127719386	SINE/MIR	413	+	58	127719328	46009
chr9	127673319	127873319	harbor2	chr9	127729046	127729240	SINE/MIR	428	+	97	127729143	55824
chr9	127673319	127873319	harbor2	chr9	127741016	127741225	SINE/MIR	665	+	104	127741120	67801
chr9	127673319	127873319	harbor2	chr9	127748465	127748685	SINE/MIR	480	+	110	127748575	75256
chr9	127673319	127873319	harbor2	chr9	127760623	127760822	SINE/MIR	416	+	100	127760723	87404
chr9	127673319	127873319	harbor2	chr9	127761798	127761961	SINE/MIR	472	+	82	127761880	88561
chr9	127673319	127873319	harbor2	chr9	127769721	127769930	SINE/MIR	497	+	104	127769825	96506
chr9	127673319	127873319	harbor2	chr9	127770841	127771025	SINE/MIR	582	+	92	127770933	97614
chr9	133252237	133452237	harbor2	chr9	133344380	133344507	SINE/MIR	393	+	64	133344444	92207
chr9	133252237	133452237	harbor2	chr9	133345845	133346058	SINE/MIR	763	+	106	133345951	93714
chr9	122012853	122212853	harbor2	chr9	122014670	122014805	SINE/MIR	406	+	68	122014738	1885
chr9	122012853	122212853	harbor2	chr9	122030529	122030639	SINE/MIR	653	+	55	122030584	17731
chr9	122012853	122212853	harbor2	chr9	122030969	122031033	SINE/MIR	653	+	32	122031001	18148
chr9	122012853	122212853	harbor2	chr9	122060587	122060761	SINE/MIR	524	+	87	122060674	47821
chr9	122012853	122212853	harbor2	chr9	122065596	122065809	SINE/MIR	599	+	106	122065702	52849
chr9	122012853	122212853	harbor2	chr9	122067111	122067266	SINE/MIR	527	+	78	122067189	54336
chr9	122012853	122212853	harbor2	chr9	122087053	122087213	SINE/MIR	625	+	80	122087133	74280
chr9	122012853	122212853	harbor2	chr9	122088431	122088675	SINE/MIR	833	+	122	122088553	75700
chr9	122012853	122212853	harbor2	chr9	122099903	122100155	SINE/MIR	644	+	126	122100029	87176
chr9	122012853	122212853	harbor2	chr9	122105107	122105207	SINE/MIR	439	+	50	122105157	92304
chr9	122012853	122212853	harbor2	chr9	122105334	122105460	SINE/MIR	439	+	63	122105397	92544
chr9	124870898	125070898	harbor2	chr9	124899810	124900048	SINE/MIR	508	+	119	124899929	29031
chr9	124870898	125070898	harbor2	chr9	124915166	124915371	SINE/MIR	539	+	102	124915268	44370
chr9	124870898	125070898	harbor2	chr9	124919485	124919633	SINE/MIR	414	+	74	124919559	48661
chr9	124870898	125070898	harbor2	chr9	124929900	124930089	SINE/MIR	434	+	94	124929994	59096
chr9	124870898	125070898	harbor2	chr9	124932411	124932654	SINE/MIR	787	+	122	124932533	61635
chr9	99499498	99699498	harbor2	chr9	99511565	99511752	SINE/MIR	533	+	94	99511659	12161
chr9	99499498	99699498	harbor2	chr9	99515640	99515762	SINE/MIR	513	+	61	99515701	16203
chr9	99499498	99699498	harbor2	chr9	99516992	99517153	SINE/MIR	492	+	80	99517072	17574
chr9	99499498	99699498	harbor2	chr9	99523868	99524099	SINE/MIR	956	+	116	99523984	24486
chr9	99499498	99699498	harbor2	chr9	99525788	99526054	SINE/MIR	604	+	133	99525921	26423
chr9	99499498	99699498	harbor2	chr9	99556011	99556251	SINE/MIR	417	+	120	99556131	56633
chr9	99499498	99699498	harbor2	chr9	99573762	99573964	SINE/MIR	541	+	101	99573863	74365
chr9	133029694	133229694	harbor2	chr9	133118420	133118557	SINE/MIR	428	+	68	133118488	88794
chr9	133029694	133229694	harbor2	chr9	133121611	133121821	SINE/MIR	604	+	105	133121716	92022
chr9	130565910	130765910	harbor2	chr9	130588154	130588316	SINE/MIR	567	+	81	130588235	22325
chr9	130565910	130765910	harbor2	chr9	130591073	130591162	SINE/MIR	625	+	44	130591117	25207
chr9	130565910	130765910	harbor2	chr9	130591396	130591470	SINE/MIR	625	+	37	130591433	25523
chr9	130565910	130765910	harbor2	chr9	130604402	130604590	SINE/MIR	824	+	94	130604496	38586
chr9	106473733	106673733	harbor2	chr9	106528441	106528590	SINE/MIR	399	+	74	106528515	54782
chr9	106473733	106673733	harbor2	chr9	106535061	106535289	SINE/MIR	454	+	114	106535175	61442
chr9	106473733	106673733	harbor2	chr9	106536762	106536991	SINE/MIR	668	+	114	106536876	63143
chr9	106473733	106673733	harbor2	chr9	106571949	106572143	SINE/MIR	573	+	97	106572046	98313
chr9	97573307	97773307	harbor2	chr9	97577351	97577506	SINE/MIR	401	+	78	97577429	4122
chr9	97573307	97773307	harbor2	chr9	97591038	97591205	SINE/MIR	393	+	84	97591122	17815
chr9	97573307	97773307	harbor2	chr9	97598004	97598046	SINE/MIR	401	+	21	97598025	24718
chr9	97573307	97773307	harbor2	chr9	97598350	97598484	SINE/MIR	401	+	67	97598417	25110
chr9	97573307	97773307	harbor2	chr9	97613035	97613174	SINE/MIR	413	+	70	97613105	39798
chr9	97573307	97773307	harbor2	chr9	97634777	97634956	SINE/MIR	577	+	90	97634867	61560
chr9	97573307	97773307	harbor2	chr9	97668175	97668277	SINE/MIR	428	+	51	97668226	94919
chr9	97573307	97773307	harbor2	chr9	97648452	97648697	SINE/MIR	594	+	122	97648574	75267
chr9	90836569	91036569	harbor2	chr9	90849682	90849902	SINE/MIR	394	+	110	90849792	13223
chr9	90836569	91036569	harbor2	chr9	90856114	90856251	SINE/MIR	444	+	68	90856182	19613
chr9	90836569	91036569	harbor2	chr9	90918399	90918501	SINE/MIR	402	+	51	90918450	81881
chr9	136688634	136888634	harbor2	chr9	136758564	136758671	SINE/MIR	462	+	54	136758618	69984
chr9	136688634	136888634	harbor2	chr9	136758981	136759024	SINE/MIR	462	+	22	136759003	70369
chr9	130476862	130676862	harbor2	chr9	130491980	130492111	SINE/MIR	551	+	66	130492046	15184
chr9	130476862	130676862	harbor2	chr9	130494000	130494167	SINE/MIR	500	+	84	130494084	17222
chr9	130476862	130676862	harbor2	chr9	130515479	130515673	SINE/MIR	411	+	97	130515576	38714
chr9	130476862	130676862	harbor2	chr9	130517164	130517399	SINE/MIR	451	+	118	130517282	40420
chr9	130476862	130676862	harbor2	chr9	130521897	130522039	SINE/MIR	552	+	71	130521968	45106
chr9	130476862	130676862	harbor2	chr9	130541616	130541830	SINE/MIR	583	+	107	130541723	64861
chr9	130476862	130676862	harbor2	chr9	130548622	130548762	SINE/MIR	443	+	70	130548692	71830
chr9	130476862	130676862	harbor2	chr9	130555567	130555749	SINE/MIR	538	+	91	130555658	78796
chr9	115159525	115359525	harbor2	chr9	115159575	115159743	SINE/MIR	401	+	84	115159659	134
chr9	115159525	115359525	harbor2	chr9	115171335	115171469	SINE/MIR	456	+	67	115171402	11877
chr9	115159525	115359525	harbor2	chr9	115171595	115171803	SINE/MIR	508	+	104	115171699	12174
chr9	115159525	115359525	harbor2	chr9	115181085	115181271	SINE/MIR	462	+	93	115181178	21653
chr9	115159525	115359525	harbor2	chr9	115206187	115206463	SINE/MIR	542	+	138	115206325	46800
chr9	115159525	115359525	harbor2	chr9	115241688	115241919	SINE/MIR	588	+	116	115241804	82279
chr9	119589567	119789567	harbor2	chr9	119594409	119594625	SINE/MIR	571	+	108	119594517	4950
chr9	119589567	119789567	harbor2	chr9	119608602	119608844	SINE/MIR	423	+	121	119608723	19156
chr9	119589567	119789567	harbor2	chr9	119633459	119633703	SINE/MIR	494	+	122	119633581	44014
chr9	119589567	119789567	harbor2	chr9	119649947	119650075	SINE/MIR	457	+	64	119650011	60444
chr9	119589567	119789567	harbor2	chr9	119661793	119662045	SINE/MIR	563	+	126	119661919	72352
chr9	119589567	119789567	harbor2	chr9	119675358	119675575	SINE/MIR	665	+	108	119675466	85899
chr9	119589567	119789567	harbor2	chr9	119679752	119679959	SINE/MIR	465	+	104	119679856	90289
chr9	119589567	119789567	harbor2	chr9	119682626	119682789	SINE/MIR	433	+	82	119682708	93141
chr9	118149696	118349696	harbor2	chr9	118158402	118158527	SINE/MIR	402	+	62	118158464	8768
chr9	118149696	118349696	harbor2	chr9	118162931	118162984	SINE/MIR	453	+	26	118162957	13261
chr9	118149696	118349696	harbor2	chr9	118163277	118163476	SINE/MIR	525	+	100	118163377	13681
chr9	118149696	118349696	harbor2	chr9	118221126	118221319	SINE/MIR	512	+	96	118221222	71526
chr9	118149696	118349696	harbor2	chr9	118233391	118233619	SINE/MIR	412	+	114	118233505	83809
chr9	118149696	118349696	harbor2	chr9	118244721	118244919	SINE/MIR	410	+	99	118244820	95124
chr9	113484107	113684107	harbor2	chr9	113484630	113484751	SINE/MIR	450	+	60	113484690	583
chr9	113484107	113684107	harbor2	chr9	113490012	113490189	SINE/MIR	446	+	88	113490100	5993
chr9	113484107	113684107	harbor2	chr9	113495545	113495696	SINE/MIR	587	+	76	113495621	11514
chr9	113484107	113684107	harbor2	chr9	113500465	113500626	SINE/MIR	404	+	80	113500545	16438
chr9	113484107	113684107	harbor2	chr9	113502781	113503021	SINE/MIR	584	+	120	113502901	18794
chr9	113484107	113684107	harbor2	chr9	113508898	113509003	SINE/MIR	563	+	52	113508950	24843
chr9	113484107	113684107	harbor2	chr9	113509299	113509435	SINE/MIR	563	+	68	113509367	25260
chr9	113484107	113684107	harbor2	chr9	113523269	113523499	SINE/MIR	734	+	115	113523384	39277
chr9	113484107	113684107	harbor2	chr9	113526428	113526603	SINE/MIR	511	+	88	113526516	42409
chr9	113484107	113684107	harbor2	chr9	113527941	113528147	SINE/MIR	564	+	103	113528044	43937
chr9	113484107	113684107	harbor2	chr9	113531327	113531542	SINE/MIR	862	+	108	113531435	47328
chr9	113484107	113684107	harbor2	chr9	113531688	113531885	SINE/MIR	443	+	98	113531786	47679
chr9	113484107	113684107	harbor2	chr9	113533064	113533228	SINE/MIR	424	+	82	113533146	49039
chr9	113484107	113684107	harbor2	chr9	113533530	113533578	SINE/MIR	424	+	24	113533554	49447
chr9	113484107	113684107	harbor2	chr9	113537996	113538214	SINE/MIR	787	+	109	113538105	53998
chr9	113484107	113684107	harbor2	chr9	113546841	113546993	SINE/MIR	459	+	76	113546917	62810
chr9	113484107	113684107	harbor2	chr9	113549128	113549343	SINE/MIR	479	+	108	113549236	65129
chr9	113484107	113684107	harbor2	chr9	113562749	113562920	SINE/MIR	550	+	86	113562835	78728
chr9	113484107	113684107	harbor2	chr9	113564152	113564397	SINE/MIR	706	+	122	113564274	80167
chr9	113484107	113684107	harbor2	chr9	113573908	113574131	SINE/MIR	780	+	112	113574020	89913
chr9	81221419	81421419	harbor2	chr9	81318340	81318527	SINE/MIR	675	+	94	81318434	97015
chr9	24092785	24292785	harbor2	chr9	24103906	24104080	SINE/MIR	461	+	87	24103993	11208
chr9	24092785	24292785	harbor2	chr9	24134364	24134571	SINE/MIR	412	+	104	24134468	41683
chr9	24092785	24292785	harbor2	chr9	24142833	24142930	SINE/MIR	557	+	48	24142881	50096
chr9	24092785	24292785	harbor2	chr9	24143241	24143397	SINE/MIR	557	+	78	24143319	50534
chr9	24092785	24292785	harbor2	chr9	24175248	24175443	SINE/MIR	409	+	98	24175346	82561
chr9	5662104	5862104	harbor2	chr9	5692189	5692416	SINE/MIR	593	+	114	5692303	30199
chr9	5662104	5862104	harbor2	chr9	5709402	5709590	SINE/MIR	440	+	94	5709496	47392
chr9	124230962	124430962	harbor2	chr9	124240237	124240392	SINE/MIR	571	+	78	124240315	9353
chr9	124230962	124430962	harbor2	chr9	124244220	124244328	SINE/MIR	634	+	54	124244274	13312
chr9	124230962	124430962	harbor2	chr9	124244639	124244653	SINE/MIR	634	+	7	124244646	13684
chr9	124230962	124430962	harbor2	chr9	124244964	124245117	SINE/MIR	634	+	76	124245040	14078
chr9	124230962	124430962	harbor2	chr9	124255312	124255495	SINE/MIR	465	+	92	124255404	24442
chr9	124230962	124430962	harbor2	chr9	124285749	124285953	SINE/MIR	754	+	102	124285851	54889
chr9	124230962	124430962	harbor2	chr9	124287309	124287537	SINE/MIR	494	+	114	124287423	56461
chr9	124230962	124430962	harbor2	chr9	124293153	124293365	SINE/MIR	597	+	106	124293259	62297
chr9	124230962	124430962	harbor2	chr9	124295520	124295743	SINE/MIR	470	+	112	124295632	64670
chr9	124230962	124430962	harbor2	chr9	124297999	124298166	SINE/MIR	484	+	84	124298083	67121
chr9	124230962	124430962	harbor2	chr9	124298700	124298908	SINE/MIR	768	+	104	124298804	67842
chr9	124230962	124430962	harbor2	chr9	124301725	124301884	SINE/MIR	459	+	80	124301805	70843
chr9	124230962	124430962	harbor2	chr9	124304347	124304587	SINE/MIR	722	+	120	124304467	73505
chr9	124230962	124430962	harbor2	chr9	124310090	124310338	SINE/MIR	530	+	124	124310214	79252
chr9	124230962	124430962	harbor2	chr9	124315817	124316000	SINE/MIR	437	+	92	124315909	84947
chr9	98713448	98913448	harbor2	chr9	98714336	98714528	SINE/MIR	836	+	96	98714432	984
chr9	98713448	98913448	harbor2	chr9	98727350	98727462	SINE/MIR	465	+	56	98727406	13958
chr9	98713448	98913448	harbor2	chr9	98734580	98734793	SINE/MIR	509	+	106	98734686	21238
chr9	98713448	98913448	harbor2	chr9	98739438	98739581	SINE/MIR	592	+	72	98739510	26062
chr9	98713448	98913448	harbor2	chr9	98743640	98743808	SINE/MIR	504	+	84	98743724	30276
chr9	98713448	98913448	harbor2	chr9	98769634	98769867	SINE/MIR	812	+	116	98769750	56302
chr9	98713448	98913448	harbor2	chr9	98770455	98770594	SINE/MIR	397	+	70	98770525	57077
chr9	98713448	98913448	harbor2	chr9	98790792	98791001	SINE/MIR	912	+	104	98790896	77448
chr9	98713448	98913448	harbor2	chr9	98793278	98793510	SINE/MIR	1195	+	116	98793394	79946
chr9	98713448	98913448	harbor2	chr9	98805612	98805838	SINE/MIR	750	+	113	98805725	92277
chr9	85857890	86057890	harbor2	chr9	85944134	85944293	SINE/MIR	516	+	80	85944214	86324
chr9	76208649	76408649	harbor2	chr9	76214698	76214867	SINE/MIR	427	+	84	76214782	6133
chr9	76208649	76408649	harbor2	chr9	76221388	76221594	SINE/MIR	581	+	103	76221491	12842
chr9	76208649	76408649	harbor2	chr9	76260113	76260249	SINE/MIR	463	+	68	76260181	51532
chr9	76208649	76408649	harbor2	chr9	76268883	76269004	SINE/MIR	475	+	60	76268943	60294
chr9	76208649	76408649	harbor2	chr9	76294533	76294687	SINE/MIR	463	+	77	76294610	85961
chr9	76208649	76408649	harbor2	chr9	76300680	76300882	SINE/MIR	671	+	101	76300781	92132
chr9	98441531	98641531	harbor2	chr9	98442411	98442616	SINE/MIR	675	+	102	98442513	982
chr9	98441531	98641531	harbor2	chr9	98443059	98443146	SINE/MIR	675	+	44	98443103	1572
chr9	98441531	98641531	harbor2	chr9	98450508	98450721	SINE/MIR	431	+	106	98450614	9083
chr9	98441531	98641531	harbor2	chr9	98480321	98480541	SINE/MIR	722	+	110	98480431	38900
chr9	98441531	98641531	harbor2	chr9	98481583	98481771	SINE/MIR	741	+	94	98481677	40146
chr9	98441531	98641531	harbor2	chr9	98482617	98482783	SINE/MIR	573	+	83	98482700	41169
chr9	98441531	98641531	harbor2	chr9	98488813	98488970	SINE/MIR	729	+	78	98488891	47360
chr9	98441531	98641531	harbor2	chr9	98494500	98494755	SINE/MIR	654	+	128	98494628	53097
chr9	98441531	98641531	harbor2	chr9	98498958	98499139	SINE/MIR	407	+	90	98499048	57517
chr9	98441531	98641531	harbor2	chr9	98539517	98539619	SINE/MIR	400	+	51	98539568	98037
chr9	128197107	128397107	harbor2	chr9	128198920	128199073	SINE/MIR	488	+	76	128198996	1889
chr9	128197107	128397107	harbor2	chr9	128207563	128207796	SINE/MIR	793	+	116	128207679	10572
chr9	128197107	128397107	harbor2	chr9	128216256	128216425	SINE/MIR	474	+	84	128216340	19233
chr9	128197107	128397107	harbor2	chr9	128217202	128217361	SINE/MIR	434	+	80	128217282	20175
chr9	128197107	128397107	harbor2	chr9	128221393	128221512	SINE/MIR	394	+	60	128221453	24346
chr9	128197107	128397107	harbor2	chr9	128251985	128252201	SINE/MIR	432	+	108	128252093	54986
chr9	122322318	122522318	harbor2	chr9	122322379	122322411	SINE/MIR	603	+	16	122322395	77
chr9	122322318	122522318	harbor2	chr9	122339718	122339946	SINE/MIR	779	+	114	122339832	17514
chr9	122322318	122522318	harbor2	chr9	122341578	122341697	SINE/MIR	639	+	60	122341638	19320
chr9	122322318	122522318	harbor2	chr9	122342005	122342113	SINE/MIR	639	+	54	122342059	19741
chr9	122322318	122522318	harbor2	chr9	122356629	122356739	SINE/MIR	401	+	55	122356684	34366
chr9	122322318	122522318	harbor2	chr9	122361445	122361620	SINE/MIR	434	+	88	122361533	39215
chr9	122322318	122522318	harbor2	chr9	122362478	122362600	SINE/MIR	473	+	61	122362539	40221
chr9	122322318	122522318	harbor2	chr9	122366519	122366731	SINE/MIR	532	+	106	122366625	44307
chr9	122322318	122522318	harbor2	chr9	122367382	122367587	SINE/MIR	600	+	102	122367484	45166
chr9	122322318	122522318	harbor2	chr9	122383839	122384016	SINE/MIR	481	+	88	122383927	61609
chr9	86988386	87188386	harbor2	chr9	87062768	87063012	SINE/MIR	528	+	122	87062890	74504
chr9	86988386	87188386	harbor2	chr9	87071140	87071255	SINE/MIR	479	+	58	87071198	82812
chr9	78032699	78232699	harbor2	chr9	78082729	78082903	SINE/MIR	677	+	87	78082816	50117
chr9	78032699	78232699	harbor2	chr9	78090115	78090331	SINE/MIR	441	+	108	78090223	57524
chr9	78032699	78232699	harbor2	chr9	78100414	78100602	SINE/MIR	690	+	94	78100508	67809
chr9	78032699	78232699	harbor2	chr9	78105411	78105654	SINE/MIR	476	+	122	78105533	72834
chr9	78032699	78232699	harbor2	chr9	78109624	78109799	SINE/MIR	465	+	88	78109712	77013
chr9	123382303	123582303	harbor2	chr9	123396930	123397152	SINE/MIR	605	+	111	123397041	14738
chr9	123382303	123582303	harbor2	chr9	123409537	123409750	SINE/MIR	409	+	106	123409643	27340
chr9	123382303	123582303	harbor2	chr9	123414074	123414295	SINE/MIR	527	+	110	123414184	31881
chr9	123382303	123582303	harbor2	chr9	123424651	123424837	SINE/MIR	653	+	93	123424744	42441
chr9	123382303	123582303	harbor2	chr9	123442754	123442937	SINE/MIR	423	+	92	123442846	60543
chr9	123382303	123582303	harbor2	chr9	123449013	123449202	SINE/MIR	515	+	94	123449107	66804
chr9	123382303	123582303	harbor2	chr9	123465388	123465562	SINE/MIR	457	+	87	123465475	83172
chr9	123382303	123582303	harbor2	chr9	123471174	123471388	SINE/MIR	492	+	107	123471281	88978
chr9	123382303	123582303	harbor2	chr9	123471924	123472114	SINE/MIR	411	+	95	123472019	89716
chr9	123382303	123582303	harbor2	chr9	123474610	123474809	SINE/MIR	664	+	100	123474710	92407
chr9	123382303	123582303	harbor2	chr9	123474840	123475012	SINE/MIR	525	+	86	123474926	92623
chr9	123382303	123582303	harbor2	chr9	123475319	123475390	SINE/MIR	525	+	36	123475355	93052
chr9	27491305	27691305	harbor2	chr9	27492795	27493057	SINE/MIR	730	+	131	27492926	1621
chr9	27491305	27691305	harbor2	chr9	27515349	27515583	SINE/MIR	650	+	117	27515466	24161
chr9	27491305	27691305	harbor2	chr9	27530914	27531033	SINE/MIR	455	+	60	27530974	39669
chr9	27491305	27691305	harbor2	chr9	27538904	27539034	SINE/MIR	456	+	65	27538969	47664
chr9	27491305	27691305	harbor2	chr9	27545717	27545851	SINE/MIR	507	+	67	27545784	54479
chr9	27491305	27691305	harbor2	chr9	27580332	27580541	SINE/MIR	598	+	104	27580436	89131
chr9	27491305	27691305	harbor2	chr9	27583184	27583409	SINE/MIR	678	+	112	27583296	91991
chr9	75773390	75973390	harbor2	chr9	75805440	75805665	SINE/MIR	558	+	112	75805552	32162
chr9	75773390	75973390	harbor2	chr9	75839212	75839439	SINE/MIR	652	+	114	75839326	65936
chr9	75773390	75973390	harbor2	chr9	75855488	75855650	SINE/MIR	472	+	81	75855569	82179
chr9	75773390	75973390	harbor2	chr9	75856069	75856303	SINE/MIR	687	+	117	75856186	82796
chr9	75773390	75973390	harbor2	chr9	75856335	75856500	SINE/MIR	510	+	82	75856417	83027
chr9	75773390	75973390	harbor2	chr9	75857739	75857945	SINE/MIR	481	+	103	75857842	84452
chr9	133970410	134170410	harbor2	chr9	134049674	134049830	SINE/MIR	660	+	78	134049752	79342
chr9	117613313	117813313	harbor2	chr9	117613102	117613322	SINE/MIR	529	+	110	117613212	101
chr9	117613313	117813313	harbor2	chr9	117621997	117622157	SINE/MIR	401	+	80	117622077	8764
chr9	117613313	117813313	harbor2	chr9	117624628	117624841	SINE/MIR	532	+	106	117624734	11421
chr9	117613313	117813313	harbor2	chr9	117630236	117630406	SINE/MIR	434	+	85	117630321	17008
chr9	117613313	117813313	harbor2	chr9	117647154	117647381	SINE/MIR	400	+	114	117647268	33955
chr9	117613313	117813313	harbor2	chr9	117650006	117650244	SINE/MIR	726	+	119	117650125	36812
chr9	117613313	117813313	harbor2	chr9	117652359	117652593	SINE/MIR	402	+	117	117652476	39163
chr9	117613313	117813313	harbor2	chr9	117665783	117665997	SINE/MIR	639	+	107	117665890	52577
chr9	117613313	117813313	harbor2	chr9	117708858	117708968	SINE/MIR	395	+	55	117708913	95600
chr9	117613313	117813313	harbor2	chr9	117709812	117710029	SINE/MIR	529	+	108	117709920	96607
chr9	137952595	138152595	harbor2	chr9	138021670	138021826	SINE/MIR	517	+	78	138021748	69153
chr9	69606659	69806659	harbor2	chr9	69607737	69607987	SINE/MIR	798	+	125	69607862	1203
chr9	69606659	69806659	harbor2	chr9	69618816	69619050	SINE/MIR	543	+	117	69618933	12274
chr9	69606659	69806659	harbor2	chr9	69619396	69619584	SINE/MIR	695	+	94	69619490	12831
chr9	69606659	69806659	harbor2	chr9	69620951	69621151	SINE/MIR	464	+	100	69621051	14392
chr9	69606659	69806659	harbor2	chr9	69621482	69621748	SINE/MIR	776	+	133	69621615	14956
chr9	69606659	69806659	harbor2	chr9	69630892	69631120	SINE/MIR	508	+	114	69631006	24347
chr9	69606659	69806659	harbor2	chr9	69632376	69632614	SINE/MIR	665	+	119	69632495	25836
chr9	69606659	69806659	harbor2	chr9	69650082	69650341	SINE/MIR	1156	+	130	69650212	43553
chr9	128028605	128228605	harbor2	chr9	128034799	128034927	SINE/MIR	401	+	64	128034863	6258
chr9	128028605	128228605	harbor2	chr9	128058305	128058464	SINE/MIR	551	+	80	128058385	29780
chr9	128028605	128228605	harbor2	chr9	128078062	128078242	SINE/MIR	657	+	90	128078152	49547
chr9	128028605	128228605	harbor2	chr9	128100031	128100235	SINE/MIR	538	+	102	128100133	71528
chr9	115743197	115943197	harbor2	chr9	115743157	115743375	SINE/MIR	422	+	109	115743266	69
chr9	115743197	115943197	harbor2	chr9	115770810	115771010	SINE/MIR	499	+	100	115770910	27713
chr9	115743197	115943197	harbor2	chr9	115773708	115773857	SINE/MIR	435	+	74	115773782	30585
chr9	115743197	115943197	harbor2	chr9	115791275	115791535	SINE/MIR	738	+	130	115791405	48208
chr9	115743197	115943197	harbor2	chr9	115798766	115798995	SINE/MIR	648	+	114	115798880	55683
chr9	121870900	122070900	harbor2	chr9	121878905	121879126	SINE/MIR	727	+	110	121879015	8115
chr9	121870900	122070900	harbor2	chr9	121881884	121882110	SINE/MIR	865	+	113	121881997	11097
chr9	121870900	122070900	harbor2	chr9	121883185	121883379	SINE/MIR	487	+	97	121883282	12382
chr9	121870900	122070900	harbor2	chr9	121883848	121884091	SINE/MIR	735	+	122	121883970	13070
chr9	121870900	122070900	harbor2	chr9	121903435	121903621	SINE/MIR	651	+	93	121903528	32628
chr9	121870900	122070900	harbor2	chr9	121908157	121908340	SINE/MIR	444	+	92	121908249	37349
chr9	121870900	122070900	harbor2	chr9	121963021	121963225	SINE/MIR	637	+	102	121963123	92223
chr9	112086015	112286015	harbor2	chr9	112102378	112102567	SINE/MIR	403	+	94	112102472	16457
chr9	112086015	112286015	harbor2	chr9	112119010	112119214	SINE/MIR	683	+	102	112119112	33097
chr9	112086015	112286015	harbor2	chr9	112164250	112164434	SINE/MIR	495	+	92	112164342	78327
chr9	112086015	112286015	harbor2	chr9	112167606	112167756	SINE/MIR	660	+	75	112167681	81666
chr9	112086015	112286015	harbor2	chr9	112168118	112168191	SINE/MIR	660	+	36	112168154	82139
chr9	86930419	87130419	harbor2	chr9	86964712	86964868	SINE/MIR	583	+	78	86964790	34371
chr9	86930419	87130419	harbor2	chr9	86985845	86985981	SINE/MIR	410	+	68	86985913	55494
chr9	128845792	129045792	harbor2	chr9	128877914	128878073	SINE/MIR	434	+	80	128877994	32202
chr9	128845792	129045792	harbor2	chr9	128914927	128915142	SINE/MIR	578	+	108	128915035	69243
chr9	128845792	129045792	harbor2	chr9	128918952	128919127	SINE/MIR	407	+	88	128919040	73248
chr9	128845792	129045792	harbor2	chr9	128942724	128942899	SINE/MIR	510	+	88	128942812	97020
chr9	115326097	115526097	harbor2	chr9	115340936	115341099	SINE/MIR	460	+	82	115341018	14921
chr9	115326097	115526097	harbor2	chr9	115356564	115356798	SINE/MIR	430	+	117	115356681	30584
chr9	115326097	115526097	harbor2	chr9	115358234	115358345	SINE/MIR	553	+	56	115358290	32193
chr9	115326097	115526097	harbor2	chr9	115358728	115358828	SINE/MIR	553	+	50	115358778	32681
chr9	115326097	115526097	harbor2	chr9	115367691	115367935	SINE/MIR	732	+	122	115367813	41716
chr9	115326097	115526097	harbor2	chr9	115391347	115391479	SINE/MIR	411	+	66	115391413	65316
chr9	115326097	115526097	harbor2	chr9	115392963	115393195	SINE/MIR	570	+	116	115393079	66982
chr9	115326097	115526097	harbor2	chr9	115395183	115395375	SINE/MIR	480	+	96	115395279	69182
chr9	115326097	115526097	harbor2	chr9	115392287	115392518	SINE/MIR	489	+	116	115392403	66306
chr9	116662037	116862037	harbor2	chr9	116689213	116689405	SINE/MIR	754	+	96	116689309	27272
chr9	116662037	116862037	harbor2	chr9	116690676	116690875	SINE/MIR	527	+	100	116690776	28739
chr9	116662037	116862037	harbor2	chr9	116695174	116695356	SINE/MIR	654	+	91	116695265	33228
chr9	116662037	116862037	harbor2	chr9	116704050	116704239	SINE/MIR	602	+	94	116704144	42107
chr9	116662037	116862037	harbor2	chr9	116705087	116705204	SINE/MIR	415	+	58	116705145	43108
chr9	116662037	116862037	harbor2	chr9	116713709	116713880	SINE/MIR	405	+	86	116713795	51758
chr9	116662037	116862037	harbor2	chr9	116713884	116714032	SINE/MIR	589	+	74	116713958	51921
chr9	116662037	116862037	harbor2	chr9	116716965	116717226	SINE/MIR	716	+	130	116717095	55058
chr9	116662037	116862037	harbor2	chr9	116724847	116725011	SINE/MIR	568	+	82	116724929	62892
chr9	116662037	116862037	harbor2	chr9	116727711	116727914	SINE/MIR	596	+	102	116727813	65776
chr9	116662037	116862037	harbor2	chr9	116732763	116732924	SINE/MIR	456	+	80	116732843	70806
chr9	116662037	116862037	harbor2	chr9	116733691	116733850	SINE/MIR	498	+	80	116733771	71734
chr9	116662037	116862037	harbor2	chr9	116748994	116749220	SINE/MIR	629	+	113	116749107	87070
chr9	116662037	116862037	harbor2	chr9	116751093	116751232	SINE/MIR	392	+	70	116751163	89126
chr9	116662037	116862037	harbor2	chr9	116758064	116758213	SINE/MIR	513	+	74	116758138	96101
chr9	103861232	104061232	harbor2	chr9	103898811	103899035	SINE/MIR	889	+	112	103898923	37691
chr9	103861232	104061232	harbor2	chr9	103940315	103940454	SINE/MIR	486	+	70	103940385	79153
chr9	75844880	76044880	harbor2	chr9	75855488	75855650	SINE/MIR	472	+	81	75855569	10689
chr9	75844880	76044880	harbor2	chr9	75856069	75856303	SINE/MIR	687	+	117	75856186	11306
chr9	75844880	76044880	harbor2	chr9	75856335	75856500	SINE/MIR	510	+	82	75856417	11537
chr9	75844880	76044880	harbor2	chr9	75896973	75897136	SINE/MIR	401	+	82	75897055	52175
chr9	75844880	76044880	harbor2	chr9	75900147	75900376	SINE/MIR	670	+	114	75900261	55381
chr9	75844880	76044880	harbor2	chr9	75923114	75923321	SINE/MIR	648	+	104	75923218	78338
chr9	75844880	76044880	harbor2	chr9	75924825	75924983	SINE/MIR	526	+	79	75924904	80024
chr9	75844880	76044880	harbor2	chr9	75857739	75857945	SINE/MIR	481	+	103	75857842	12962
chr9	84618937	84818937	harbor2	chr9	84621674	84621812	SINE/MIR	549	+	69	84621743	2806
chr9	84618937	84818937	harbor2	chr9	84622869	84623114	SINE/MIR	579	+	122	84622991	4054
chr9	84618937	84818937	harbor2	chr9	84638282	84638470	SINE/MIR	735	+	94	84638376	19439
chr9	84618937	84818937	harbor2	chr9	84688935	84689098	SINE/MIR	551	+	82	84689017	70080
chr9	84618937	84818937	harbor2	chr9	84694115	84694339	SINE/MIR	535	+	112	84694227	75290
chr9	84618937	84818937	harbor2	chr9	84717519	84717733	SINE/MIR	518	+	107	84717626	98689
chr9	69687220	69887220	harbor2	chr9	69745667	69745848	SINE/MIR	485	+	90	69745757	58537
chr9	69687220	69887220	harbor2	chr9	69753741	69753951	SINE/MIR	510	+	105	69753846	66626
chr9	85458883	85658883	harbor2	chr9	85478261	85478454	SINE/MIR	514	+	96	85478357	19474
chr9	85458883	85658883	harbor2	chr9	85512685	85512759	SINE/MIR	408	+	37	85512722	53839
chr9	85458883	85658883	harbor2	chr9	85513074	85513164	SINE/MIR	408	+	45	85513119	54236
chr9	85458883	85658883	harbor2	chr9	85531686	85531902	SINE/MIR	419	+	108	85531794	72911
chr9	85458883	85658883	harbor2	chr9	85552488	85552662	SINE/MIR	493	+	87	85552575	93692
chr9	116733952	116933952	harbor2	chr9	116748994	116749220	SINE/MIR	629	+	113	116749107	15155
chr9	116733952	116933952	harbor2	chr9	116751093	116751232	SINE/MIR	392	+	70	116751163	17211
chr9	116733952	116933952	harbor2	chr9	116758064	116758213	SINE/MIR	513	+	74	116758138	24186
chr9	116733952	116933952	harbor2	chr9	116762257	116762432	SINE/MIR	445	+	88	116762345	28393
chr9	116733952	116933952	harbor2	chr9	116763599	116763758	SINE/MIR	477	+	80	116763679	29727
chr9	116733952	116933952	harbor2	chr9	116804205	116804361	SINE/MIR	569	+	78	116804283	70331
chr9	116733952	116933952	harbor2	chr9	116804396	116804586	SINE/MIR	486	+	95	116804491	70539
chr9	116733952	116933952	harbor2	chr9	116806610	116806807	SINE/MIR	440	+	98	116806708	72756
chr9	116733952	116933952	harbor2	chr9	116810308	116810495	SINE/MIR	553	+	94	116810402	76450
chr9	116733952	116933952	harbor2	chr9	116811532	116811764	SINE/MIR	423	+	116	116811648	77696
chr9	116733952	116933952	harbor2	chr9	116817956	116818195	SINE/MIR	782	+	120	116818076	84124
chr9	116733952	116933952	harbor2	chr9	116820858	116821091	SINE/MIR	522	+	116	116820974	87022
chr9	116733952	116933952	harbor2	chr9	116821220	116821414	SINE/MIR	465	+	97	116821317	87365
chr9	116733952	116933952	harbor2	chr9	116825142	116825376	SINE/MIR	402	+	117	116825259	91307
chr9	116733952	116933952	harbor2	chr9	116784953	116785169	SINE/MIR	468	+	108	116785061	51109
chr9	28376405	28576405	harbor2	chr9	28381966	28382194	SINE/MIR	580	+	114	28382080	5675
chr9	28376405	28576405	harbor2	chr9	28382679	28382906	SINE/MIR	622	+	114	28382793	6388
chr9	28376405	28576405	harbor2	chr9	28392350	28392498	SINE/MIR	419	+	74	28392424	16019
chr9	28376405	28576405	harbor2	chr9	28402884	28403064	SINE/MIR	494	+	90	28402974	26569
chr9	28376405	28576405	harbor2	chr9	28424821	28425032	SINE/MIR	607	+	106	28424927	48522
chr9	28376405	28576405	harbor2	chr9	28428712	28428884	SINE/MIR	438	+	86	28428798	52393
chr9	41043103	41243103	harbor2	chr9	41077644	41077766	SINE/MIR	437	+	61	41077705	34602
chr9	41043103	41243103	harbor2	chr9	41079919	41080108	SINE/MIR	648	+	94	41080013	36910
chr9	41043103	41243103	harbor2	chr9	41102234	41102447	SINE/MIR	950	+	106	41102340	59237
chr9	133570776	133770776	harbor2	chr9	133608470	133608703	SINE/MIR	514	+	116	133608586	37810
chr9	133570776	133770776	harbor2	chr9	133609631	133609826	SINE/MIR	432	+	98	133609729	38953
chr9	133570776	133770776	harbor2	chr9	133619192	133619391	SINE/MIR	839	+	100	133619292	48516
chr9	133570776	133770776	harbor2	chr9	133640344	133640504	SINE/MIR	523	+	80	133640424	69648
chr9	134671114	134871114	harbor2	chr9	134704176	134704389	SINE/MIR	616	+	106	134704282	33168
chr9	99904739	100104739	harbor2	chr9	99948456	99948696	SINE/MIR	587	+	120	99948576	43837
chr9	99904739	100104739	harbor2	chr9	99976236	99976339	SINE/MIR	398	+	52	99976288	71549
chr9	106073443	106273443	harbor2	chr9	106076670	106076851	SINE/MIR	468	+	90	106076760	3317
chr9	106073443	106273443	harbor2	chr9	106083321	106083523	SINE/MIR	551	+	101	106083422	9979
chr9	106073443	106273443	harbor2	chr9	106094934	106095191	SINE/MIR	614	+	128	106095062	21619
chr9	106073443	106273443	harbor2	chr9	106108654	106108901	SINE/MIR	691	+	124	106108778	35335
chr9	106073443	106273443	harbor2	chr9	106116980	106117074	SINE/MIR	707	+	47	106117027	43584
chr9	106073443	106273443	harbor2	chr9	106117429	106117527	SINE/MIR	707	+	49	106117478	44035
chr9	106073443	106273443	harbor2	chr9	106119765	106119955	SINE/MIR	520	+	95	106119860	46417
chr9	106073443	106273443	harbor2	chr9	106120384	106120547	SINE/MIR	639	+	82	106120466	47023
chr9	106073443	106273443	harbor2	chr9	106137427	106137530	SINE/MIR	484	+	52	106137479	64036
chr9	120533377	120733377	harbor2	chr9	120537171	120537310	SINE/MIR	546	+	70	120537241	3864
chr9	120533377	120733377	harbor2	chr9	120537576	120537852	SINE/MIR	508	+	138	120537714	4337
chr9	120533377	120733377	harbor2	chr9	120540609	120540771	SINE/MIR	403	+	81	120540690	7313
chr9	120533377	120733377	harbor2	chr9	120549480	120549677	SINE/MIR	485	+	98	120549578	16201
chr9	120533377	120733377	harbor2	chr9	120554430	120554620	SINE/MIR	393	+	95	120554525	21148
chr9	120533377	120733377	harbor2	chr9	120560115	120560321	SINE/MIR	560	+	103	120560218	26841
chr9	120533377	120733377	harbor2	chr9	120567758	120567999	SINE/MIR	566	+	120	120567878	34501
chr9	120533377	120733377	harbor2	chr9	120582153	120582233	SINE/MIR	397	+	40	120582193	48816
chr9	120533377	120733377	harbor2	chr9	120582531	120582621	SINE/MIR	397	+	45	120582576	49199
chr9	120533377	120733377	harbor2	chr9	120603109	120603327	SINE/MIR	559	+	109	120603218	69841
chr9	120533377	120733377	harbor2	chr9	120606574	120606811	SINE/MIR	525	+	118	120606692	73315
chr9	120533377	120733377	harbor2	chr9	120626689	120626918	SINE/MIR	542	+	114	120626803	93426
chr9	134313228	134513228	harbor2	chr9	134337411	134337524	SINE/MIR	397	+	56	134337467	24239
chr9	86206953	86406953	harbor2	chr9	86271744	86271901	SINE/MIR	475	+	78	86271822	64869
chr9	86206953	86406953	harbor2	chr9	86275029	86275195	SINE/MIR	448	+	83	86275112	68159
chr9	86206953	86406953	harbor2	chr9	86290035	86290186	SINE/MIR	668	+	76	86290111	83158
chr9	86206953	86406953	harbor2	chr9	86299871	86300052	SINE/MIR	561	+	90	86299961	93008
chr9	132809308	133009308	harbor2	chr9	132835539	132835705	SINE/MIR	401	+	83	132835622	26314
chr9	132809308	133009308	harbor2	chr9	132836312	132836363	SINE/MIR	401	+	26	132836338	27030
chr9	132809308	133009308	harbor2	chr9	132836825	132836959	SINE/MIR	420	+	67	132836892	27584
chr9	132809308	133009308	harbor2	chr9	132844922	132845056	SINE/MIR	405	+	67	132844989	35681
chr9	132809308	133009308	harbor2	chr9	132879358	132879561	SINE/MIR	395	+	102	132879460	70152
chr9	132809308	133009308	harbor2	chr9	132884287	132884405	SINE/MIR	445	+	59	132884346	75038
chr9	125877857	126077857	harbor2	chr9	125903818	125904071	SINE/MIR	848	+	126	125903944	26087
chr9	125877857	126077857	harbor2	chr9	125907777	125908011	SINE/MIR	721	+	117	125907894	30037
chr9	125877857	126077857	harbor2	chr9	125944779	125944940	SINE/MIR	742	+	80	125944859	67002
chr9	125877857	126077857	harbor2	chr9	125945243	125945349	SINE/MIR	742	+	53	125945296	67439
chr9	125877857	126077857	harbor2	chr9	125949153	125949338	SINE/MIR	569	+	92	125949245	71388
chr9	125877857	126077857	harbor2	chr9	125951019	125951162	SINE/MIR	498	+	72	125951091	73234
chr9	125877857	126077857	harbor2	chr9	125972324	125972522	SINE/MIR	614	+	99	125972423	94566
chr9	125877857	126077857	harbor2	chr9	125972686	125972858	SINE/MIR	568	+	86	125972772	94915
chr9	132175098	132375098	harbor2	chr9	132200036	132200168	SINE/MIR	456	+	66	132200102	25004
chr9	132175098	132375098	harbor2	chr9	132202866	132203011	SINE/MIR	455	+	72	132202938	27840
chr9	132175098	132375098	harbor2	chr9	132217467	132217615	SINE/MIR	579	+	74	132217541	42443
chr9	132175098	132375098	harbor2	chr9	132218211	132218424	SINE/MIR	769	+	106	132218317	43219
chr9	132175098	132375098	harbor2	chr9	132230265	132230393	SINE/MIR	408	+	64	132230329	55231
chr9	132175098	132375098	harbor2	chr9	132249458	132249719	SINE/MIR	748	+	130	132249588	74490
chr9	132175098	132375098	harbor2	chr9	132266191	132266268	SINE/MIR	516	+	38	132266229	91131
chr9	120695551	120895551	harbor2	chr9	120696338	120696577	SINE/MIR	565	+	120	120696458	907
chr9	120695551	120895551	harbor2	chr9	120707016	120707210	SINE/MIR	747	+	97	120707113	11562
chr9	120695551	120895551	harbor2	chr9	120716665	120716782	SINE/MIR	470	+	58	120716723	21172
chr9	120695551	120895551	harbor2	chr9	120717078	120717179	SINE/MIR	470	+	50	120717128	21577
chr9	120695551	120895551	harbor2	chr9	120724585	120724792	SINE/MIR	568	+	104	120724689	29138
chr9	120695551	120895551	harbor2	chr9	120727964	120728097	SINE/MIR	399	+	66	120728030	32479
chr9	120695551	120895551	harbor2	chr9	120735580	120735823	SINE/MIR	574	+	122	120735702	40151
chr9	120695551	120895551	harbor2	chr9	120736273	120736406	SINE/MIR	394	+	66	120736339	40788
chr9	120695551	120895551	harbor2	chr9	120791339	120791565	SINE/MIR	435	+	113	120791452	95901
chr9	120695551	120895551	harbor2	chr9	120792596	120792829	SINE/MIR	811	+	116	120792712	97161
chr9	36146755	36346755	harbor2	chr9	36168966	36169093	SINE/MIR	468	+	64	36169030	22275
chr9	36146755	36346755	harbor2	chr9	36202537	36202736	SINE/MIR	628	+	100	36202637	55882
chr9	36146755	36346755	harbor2	chr9	36208759	36209001	SINE/MIR	688	+	121	36208880	62125
chr9	36146755	36346755	harbor2	chr9	36215509	36215725	SINE/MIR	532	+	108	36215617	68862
chr9	36146755	36346755	harbor2	chr9	36218696	36218928	SINE/MIR	563	+	116	36218812	72057
chr9	77869414	78069414	harbor2	chr9	77931713	77931892	SINE/MIR	520	+	90	77931803	62389
chr9	77869414	78069414	harbor2	chr9	77946763	77946911	SINE/MIR	445	+	74	77946837	77423
chr9	77869414	78069414	harbor2	chr9	77947834	77948079	SINE/MIR	828	+	122	77947956	78542
chr9	123151996	123351996	harbor2	chr9	123175956	123176154	SINE/MIR	671	+	99	123176055	24059
chr9	123151996	123351996	harbor2	chr9	123219650	123219823	SINE/MIR	442	+	86	123219736	67740
chr9	123151996	123351996	harbor2	chr9	123221338	123221462	SINE/MIR	505	+	62	123221400	69404
chr9	123151996	123351996	harbor2	chr9	123237905	123238157	SINE/MIR	788	+	126	123238031	86035
chr9	123151996	123351996	harbor2	chr9	123247221	123247270	SINE/MIR	508	+	24	123247245	95249
chr9	123151996	123351996	harbor2	chr9	123247569	123247754	SINE/MIR	508	+	92	123247661	95665
chr9	123151996	123351996	harbor2	chr9	123251513	123251656	SINE/MIR	430	+	72	123251585	99589
chr9	103387173	103587173	harbor2	chr9	103421969	103422146	SINE/MIR	410	+	88	103422057	34884
chr9	127978353	128178353	harbor2	chr9	127990674	127990831	SINE/MIR	429	+	78	127990752	12399
chr9	127978353	128178353	harbor2	chr9	128003196	128003341	SINE/MIR	655	+	72	128003268	24915
chr9	127978353	128178353	harbor2	chr9	128003632	128003734	SINE/MIR	655	+	51	128003683	25330
chr9	127978353	128178353	harbor2	chr9	128021077	128021333	SINE/MIR	541	+	128	128021205	42852
chr9	127978353	128178353	harbor2	chr9	128034799	128034927	SINE/MIR	401	+	64	128034863	56510
chr9	127978353	128178353	harbor2	chr9	128058305	128058464	SINE/MIR	551	+	80	128058385	80032
chr9	127978353	128178353	harbor2	chr9	128078062	128078242	SINE/MIR	657	+	90	128078152	99799
chr9	96116739	96316739	harbor2	chr9	96127787	96127916	SINE/MIR	428	+	64	96127851	11112
chr9	96116739	96316739	harbor2	chr9	96134096	96134291	SINE/MIR	507	+	98	96134194	17455
chr9	96116739	96316739	harbor2	chr9	96191703	96191935	SINE/MIR	657	+	116	96191819	75080
chr9	62867693	63067693	harbor2	chr9	62872783	62872986	SINE/MIR	525	+	102	62872885	5192
chr9	62867693	63067693	harbor2	chr9	62888010	62888231	SINE/MIR	991	+	110	62888120	20427
chr9	62867693	63067693	harbor2	chr9	62888797	62888905	SINE/MIR	531	+	54	62888851	21158
chr9	62867693	63067693	harbor2	chr9	62899120	62899306	SINE/MIR	689	+	93	62899213	31520
chr9	62867693	63067693	harbor2	chr9	62935520	62935608	SINE/MIR	405	+	44	62935564	67871
chr9	62867693	63067693	harbor2	chr9	62938260	62938360	SINE/MIR	405	+	50	62938310	70617
chr9	129067734	129267734	harbor2	chr9	129081864	129082077	SINE/MIR	536	+	106	129081970	14236
chr9	129067734	129267734	harbor2	chr9	129084306	129084456	SINE/MIR	534	+	75	129084381	16647
chr9	129067734	129267734	harbor2	chr9	129096340	129096550	SINE/MIR	439	+	105	129096445	28711
chr9	129067734	129267734	harbor2	chr9	129103994	129104101	SINE/MIR	426	+	54	129104048	36314
chr9	129067734	129267734	harbor2	chr9	129122602	129122780	SINE/MIR	407	+	89	129122691	54957
chr9	129067734	129267734	harbor2	chr9	129149057	129149238	SINE/MIR	440	+	90	129149147	81413
chr9	118902212	119102212	harbor2	chr9	118905512	118905669	SINE/MIR	466	+	78	118905590	3378
chr9	118902212	119102212	harbor2	chr9	118906053	118906291	SINE/MIR	616	+	119	118906172	3960
chr9	118902212	119102212	harbor2	chr9	118908339	118908562	SINE/MIR	576	+	112	118908451	6239
chr9	118902212	119102212	harbor2	chr9	118910759	118910907	SINE/MIR	533	+	74	118910833	8621
chr9	118902212	119102212	harbor2	chr9	118911211	118911325	SINE/MIR	533	+	57	118911268	9056
chr9	118902212	119102212	harbor2	chr9	118911349	118911556	SINE/MIR	506	+	104	118911453	9241
chr9	118902212	119102212	harbor2	chr9	118939940	118940186	SINE/MIR	538	+	123	118940063	37851
chr9	118902212	119102212	harbor2	chr9	118942988	118943115	SINE/MIR	412	+	64	118943052	40840
chr9	118902212	119102212	harbor2	chr9	118965149	118965323	SINE/MIR	524	+	87	118965236	63024
chr9	118902212	119102212	harbor2	chr9	118973114	118973282	SINE/MIR	425	+	84	118973198	70986
chr9	118902212	119102212	harbor2	chr9	118979168	118979280	SINE/MIR	440	+	56	118979224	77012
chr9	118902212	119102212	harbor2	chr9	118986322	118986494	SINE/MIR	413	+	86	118986408	84196
chr9	118902212	119102212	harbor2	chr9	119000092	119000341	SINE/MIR	550	+	124	119000216	98004
chr9	116971445	117171445	harbor2	chr9	116995636	116995833	SINE/MIR	450	+	98	116995734	24289
chr9	116971445	117171445	harbor2	chr9	117008446	117008674	SINE/MIR	520	+	114	117008560	37115
chr9	116971445	117171445	harbor2	chr9	117017481	117017637	SINE/MIR	402	+	78	117017559	46114
chr9	116971445	117171445	harbor2	chr9	117018594	117018763	SINE/MIR	446	+	84	117018678	47233
chr9	116971445	117171445	harbor2	chr9	117019709	117019905	SINE/MIR	410	+	98	117019807	48362
chr9	116971445	117171445	harbor2	chr9	117033691	117033933	SINE/MIR	403	+	121	117033812	62367
chr9	116971445	117171445	harbor2	chr9	117040341	117040448	SINE/MIR	569	+	54	117040395	68950
chr9	116971445	117171445	harbor2	chr9	117040751	117040812	SINE/MIR	569	+	30	117040781	69336
chr9	116971445	117171445	harbor2	chr9	117045066	117045258	SINE/MIR	428	+	96	117045162	73717
chr9	116971445	117171445	harbor2	chr9	117045917	117045954	SINE/MIR	508	+	18	117045935	74490
chr9	116971445	117171445	harbor2	chr9	117046299	117046518	SINE/MIR	508	+	110	117046409	74964
chr9	116971445	117171445	harbor2	chr9	117052005	117052158	SINE/MIR	529	+	76	117052081	80636
chr9	116971445	117171445	harbor2	chr9	117052460	117052516	SINE/MIR	529	+	28	117052488	81043
chr9	124115967	124315967	harbor2	chr9	124124259	124124479	SINE/MIR	771	+	110	124124369	8402
chr9	124115967	124315967	harbor2	chr9	124133673	124133866	SINE/MIR	617	+	96	124133769	17802
chr9	124115967	124315967	harbor2	chr9	124183386	124183646	SINE/MIR	567	+	130	124183516	67549
chr9	124115967	124315967	harbor2	chr9	124184541	124184735	SINE/MIR	473	+	97	124184638	68671
chr9	124115967	124315967	harbor2	chr9	124202374	124202482	SINE/MIR	458	+	54	124202428	86461
chr9	124115967	124315967	harbor2	chr9	124213986	124214189	SINE/MIR	834	+	102	124214088	98121
chr9	97298511	97498511	harbor2	chr9	97320516	97320715	SINE/MIR	409	+	100	97320616	22105
chr9	97298511	97498511	harbor2	chr9	97367356	97367459	SINE/MIR	492	+	52	97367408	68897
chr9	97298511	97498511	harbor2	chr9	97367774	97367849	SINE/MIR	492	+	38	97367812	69301
chr9	97298511	97498511	harbor2	chr9	97376447	97376660	SINE/MIR	520	+	106	97376553	78042
chr9	75531404	75731404	harbor2	chr9	75554569	75554683	SINE/MIR	440	+	57	75554626	23222
chr9	75531404	75731404	harbor2	chr9	75594182	75594362	SINE/MIR	461	+	90	75594272	62868
chr9	80142132	80342132	harbor2	chr9	80145855	80146046	SINE/MIR	504	+	96	80145951	3819
chr9	80142132	80342132	harbor2	chr9	80155736	80155927	SINE/MIR	500	+	96	80155832	13700
chr9	80142132	80342132	harbor2	chr9	80192795	80193005	SINE/MIR	548	+	105	80192900	50768
chr9	80142132	80342132	harbor2	chr9	80223596	80223851	SINE/MIR	628	+	128	80223724	81592
chr9	109903026	110103026	harbor2	chr9	109908366	109908623	SINE/MIR	596	+	128	109908494	5468
chr9	109903026	110103026	harbor2	chr9	109915479	109915707	SINE/MIR	566	+	114	109915593	12567
chr9	109903026	110103026	harbor2	chr9	109922773	109923009	SINE/MIR	567	+	118	109922891	19865
chr9	109903026	110103026	harbor2	chr9	109957932	109958086	SINE/MIR	550	+	77	109958009	54983
chr9	109903026	110103026	harbor2	chr9	109966405	109966621	SINE/MIR	619	+	108	109966513	63487
chr9	109903026	110103026	harbor2	chr9	109970584	109970813	SINE/MIR	538	+	114	109970698	67672
chr9	109903026	110103026	harbor2	chr9	109980874	109981111	SINE/MIR	436	+	118	109980992	77966
chr9	109903026	110103026	harbor2	chr9	109997237	109997384	SINE/MIR	399	+	74	109997311	94285
chr9	116899007	117099007	harbor2	chr9	116904420	116904691	SINE/MIR	871	+	136	116904556	5549
chr9	116899007	117099007	harbor2	chr9	116908234	116908464	SINE/MIR	603	+	115	116908349	9342
chr9	116899007	117099007	harbor2	chr9	116935250	116935475	SINE/MIR	582	+	112	116935362	36355
chr9	116899007	117099007	harbor2	chr9	116935607	116935743	SINE/MIR	394	+	68	116935675	36668
chr9	116899007	117099007	harbor2	chr9	116939074	116939329	SINE/MIR	432	+	128	116939202	40195
chr9	116899007	117099007	harbor2	chr9	116949763	116949964	SINE/MIR	429	+	100	116949863	50856
chr9	116899007	117099007	harbor2	chr9	116955624	116955799	SINE/MIR	567	+	88	116955712	56705
chr9	116899007	117099007	harbor2	chr9	116965794	116965964	SINE/MIR	395	+	85	116965879	66872
chr9	116899007	117099007	harbor2	chr9	116966949	116967168	SINE/MIR	834	+	110	116967059	68052
chr9	116899007	117099007	harbor2	chr9	116969207	116969403	SINE/MIR	837	+	98	116969305	70298
chr9	116899007	117099007	harbor2	chr9	116995636	116995833	SINE/MIR	450	+	98	116995734	96727
chr9	82638776	82838776	harbor2	chr9	82669622	82669822	SINE/MIR	517	+	100	82669722	30946
chr9	136668599	136868599	harbor2	chr9	136758564	136758671	SINE/MIR	462	+	54	136758618	90019
chr9	136668599	136868599	harbor2	chr9	136758981	136759024	SINE/MIR	462	+	22	136759003	90404
chr9	28172524	28372524	harbor2	chr9	28177494	28177646	SINE/MIR	488	+	76	28177570	5046
chr9	28172524	28372524	harbor2	chr9	28227026	28227135	SINE/MIR	466	+	54	28227080	54556
chr9	28172524	28372524	harbor2	chr9	28251922	28252051	SINE/MIR	494	+	64	28251986	79462
chr9	28172524	28372524	harbor2	chr9	28253643	28253799	SINE/MIR	495	+	78	28253721	81197
chr9	28172524	28372524	harbor2	chr9	28254129	28254223	SINE/MIR	495	+	47	28254176	81652
chr9	28172524	28372524	harbor2	chr9	28255383	28255590	SINE/MIR	584	+	104	28255487	82963
chr9	28172524	28372524	harbor2	chr9	28267805	28268030	SINE/MIR	630	+	112	28267917	95393
chr9	106818348	107018348	harbor2	chr9	106818665	106818866	SINE/MIR	409	+	100	106818765	417
chr9	106818348	107018348	harbor2	chr9	106822026	106822209	SINE/MIR	474	+	92	106822118	3770
chr9	106818348	107018348	harbor2	chr9	106829069	106829322	SINE/MIR	865	+	126	106829195	10847
chr9	106818348	107018348	harbor2	chr9	106843578	106843775	SINE/MIR	575	+	98	106843676	25328
chr9	106818348	107018348	harbor2	chr9	106852314	106852478	SINE/MIR	463	+	82	106852396	34048
chr9	106818348	107018348	harbor2	chr9	106876088	106876300	SINE/MIR	538	+	106	106876194	57846
chr9	106818348	107018348	harbor2	chr9	106878088	106878304	SINE/MIR	438	+	108	106878196	59848
chr9	106818348	107018348	harbor2	chr9	106881350	106881566	SINE/MIR	461	+	108	106881458	63110
chr9	120473271	120673271	harbor2	chr9	120474067	120474219	SINE/MIR	485	+	76	120474143	872
chr9	120473271	120673271	harbor2	chr9	120476890	120477080	SINE/MIR	560	+	95	120476985	3714
chr9	120473271	120673271	harbor2	chr9	120477922	120478045	SINE/MIR	426	+	62	120477984	4713
chr9	120473271	120673271	harbor2	chr9	120481443	120481502	SINE/MIR	420	+	30	120481473	8202
chr9	120473271	120673271	harbor2	chr9	120481813	120481959	SINE/MIR	420	+	73	120481886	8615
chr9	120473271	120673271	harbor2	chr9	120503557	120503760	SINE/MIR	465	+	102	120503659	30388
chr9	120473271	120673271	harbor2	chr9	120524016	120524261	SINE/MIR	769	+	122	120524138	50867
chr9	120473271	120673271	harbor2	chr9	120524279	120524358	SINE/MIR	410	+	40	120524319	51048
chr9	120473271	120673271	harbor2	chr9	120524653	120524757	SINE/MIR	410	+	52	120524705	51434
chr9	120473271	120673271	harbor2	chr9	120525177	120525373	SINE/MIR	621	+	98	120525275	52004
chr9	120473271	120673271	harbor2	chr9	120528458	120528648	SINE/MIR	684	+	95	120528553	55282
chr9	120473271	120673271	harbor2	chr9	120537171	120537310	SINE/MIR	546	+	70	120537241	63970
chr9	120473271	120673271	harbor2	chr9	120537576	120537852	SINE/MIR	508	+	138	120537714	64443
chr9	120473271	120673271	harbor2	chr9	120540609	120540771	SINE/MIR	403	+	81	120540690	67419
chr9	120473271	120673271	harbor2	chr9	120549480	120549677	SINE/MIR	485	+	98	120549578	76307
chr9	120473271	120673271	harbor2	chr9	120554430	120554620	SINE/MIR	393	+	95	120554525	81254
chr9	120473271	120673271	harbor2	chr9	120560115	120560321	SINE/MIR	560	+	103	120560218	86947
chr9	120473271	120673271	harbor2	chr9	120567758	120567999	SINE/MIR	566	+	120	120567878	94607
chr9	68911145	69111145	harbor2	chr9	68917067	68917269	SINE/MIR	764	+	101	68917168	6023
chr9	68911145	69111145	harbor2	chr9	68920079	68920281	SINE/MIR	421	+	101	68920180	9035
chr9	68911145	69111145	harbor2	chr9	68946828	68947010	SINE/MIR	600	+	91	68946919	35774
chr9	89348023	89548023	harbor2	chr9	89420695	89420887	SINE/MIR	602	+	96	89420791	72768
chr9	102137962	102337962	harbor2	chr9	102192134	102192363	SINE/MIR	473	+	114	102192248	54286
chr9	102137962	102337962	harbor2	chr9	102208238	102208448	SINE/MIR	602	+	105	102208343	70381
chr9	120814186	121014186	harbor2	chr9	120815157	120815375	SINE/MIR	529	+	109	120815266	1080
chr9	120814186	121014186	harbor2	chr9	120821014	120821215	SINE/MIR	393	+	100	120821114	6928
chr9	120814186	121014186	harbor2	chr9	120832196	120832363	SINE/MIR	446	+	84	120832280	18094
chr9	120814186	121014186	harbor2	chr9	120861322	120861503	SINE/MIR	465	+	90	120861412	47226
chr9	120814186	121014186	harbor2	chr9	120861549	120861711	SINE/MIR	418	+	81	120861630	47444
chr9	120814186	121014186	harbor2	chr9	120879395	120879620	SINE/MIR	499	+	112	120879507	65321
chr9	120814186	121014186	harbor2	chr9	120892908	120893144	SINE/MIR	817	+	118	120893026	78840
chr9	120814186	121014186	harbor2	chr9	120896036	120896226	SINE/MIR	788	+	95	120896131	81945
chr9	120814186	121014186	harbor2	chr9	120898641	120898914	SINE/MIR	534	+	136	120898777	84591
chr9	132351991	132551991	harbor2	chr9	132417510	132417746	SINE/MIR	486	+	118	132417628	65637
chr9	132351991	132551991	harbor2	chr9	132418014	132418158	SINE/MIR	523	+	72	132418086	66095
chr9	132351991	132551991	harbor2	chr9	132432401	132432533	SINE/MIR	575	+	66	132432467	80476
chr9	132351991	132551991	harbor2	chr9	132433148	132433291	SINE/MIR	575	+	72	132433220	81229
chr9	132351991	132551991	harbor2	chr9	132448419	132448570	SINE/MIR	442	+	76	132448495	96504
chr9	131670337	131870337	harbor2	chr9	131698289	131698471	SINE/MIR	673	+	91	131698380	28043
chr9	131670337	131870337	harbor2	chr9	131701763	131701889	SINE/MIR	393	+	63	131701826	31489
chr9	131670337	131870337	harbor2	chr9	131710586	131710607	SINE/MIR	420	+	10	131710596	40259
chr9	131670337	131870337	harbor2	chr9	131731014	131731288	SINE/MIR	454	+	137	131731151	60814
chr9	131670337	131870337	harbor2	chr9	131734245	131734426	SINE/MIR	427	+	90	131734335	63998
chr9	131670337	131870337	harbor2	chr9	131762816	131762928	SINE/MIR	434	+	56	131762872	92535
chr9	131670337	131870337	harbor2	chr9	131710869	131711045	SINE/MIR	420	+	88	131710957	40620
chr9	109179900	109379900	harbor2	chr9	109190680	109190817	SINE/MIR	459	+	68	109190748	10848
chr9	109179900	109379900	harbor2	chr9	109213997	109214134	SINE/MIR	435	+	68	109214065	34165
chr9	109179900	109379900	harbor2	chr9	109220915	109221053	SINE/MIR	447	+	69	109220984	41084
chr9	109179900	109379900	harbor2	chr9	109254937	109255070	SINE/MIR	468	+	66	109255003	75103
chr9	109179900	109379900	harbor2	chr9	109259529	109259665	SINE/MIR	414	+	68	109259597	79697
chr9	131032401	131232401	harbor2	chr9	131118933	131119130	SINE/MIR	505	+	98	131119031	86630
chr9	131032401	131232401	harbor2	chr9	131119915	131120073	SINE/MIR	413	+	79	131119994	87593
chr9	131032401	131232401	harbor2	chr9	131088208	131088403	SINE/MIR	521	+	98	131088306	55905
chr9	123445329	123645329	harbor2	chr9	123449013	123449202	SINE/MIR	515	+	94	123449107	3778
chr9	123445329	123645329	harbor2	chr9	123465388	123465562	SINE/MIR	457	+	87	123465475	20146
chr9	123445329	123645329	harbor2	chr9	123471174	123471388	SINE/MIR	492	+	107	123471281	25952
chr9	123445329	123645329	harbor2	chr9	123471924	123472114	SINE/MIR	411	+	95	123472019	26690
chr9	123445329	123645329	harbor2	chr9	123474610	123474809	SINE/MIR	664	+	100	123474710	29381
chr9	123445329	123645329	harbor2	chr9	123474840	123475012	SINE/MIR	525	+	86	123474926	29597
chr9	123445329	123645329	harbor2	chr9	123475319	123475390	SINE/MIR	525	+	36	123475355	30026
chr9	123445329	123645329	harbor2	chr9	123483637	123483889	SINE/MIR	571	+	126	123483763	38434
chr9	123445329	123645329	harbor2	chr9	123484820	123485008	SINE/MIR	435	+	94	123484914	39585
chr9	123445329	123645329	harbor2	chr9	123486032	123486184	SINE/MIR	416	+	76	123486108	40779
chr9	123445329	123645329	harbor2	chr9	123503162	123503387	SINE/MIR	510	+	112	123503274	57945
chr9	123445329	123645329	harbor2	chr9	123506055	123506289	SINE/MIR	1051	+	117	123506172	60843
chr9	123445329	123645329	harbor2	chr9	123512727	123512941	SINE/MIR	599	+	107	123512834	67505
chr9	123445329	123645329	harbor2	chr9	123521335	123521458	SINE/MIR	394	+	62	123521397	76068
chr9	123445329	123645329	harbor2	chr9	123544521	123544705	SINE/MIR	420	+	92	123544613	99284
chr9	98115336	98315336	harbor2	chr9	98125139	98125314	SINE/MIR	505	+	88	98125227	9891
chr9	98115336	98315336	harbor2	chr9	98132769	98132946	SINE/MIR	434	+	88	98132857	17521
chr9	98115336	98315336	harbor2	chr9	98136591	98136830	SINE/MIR	780	+	120	98136711	21375
chr9	98115336	98315336	harbor2	chr9	98137792	98137986	SINE/MIR	693	+	97	98137889	22553
chr9	98115336	98315336	harbor2	chr9	98141760	98141901	SINE/MIR	488	+	70	98141830	26494
chr9	98115336	98315336	harbor2	chr9	98143452	98143661	SINE/MIR	488	+	104	98143556	28220
chr9	98115336	98315336	harbor2	chr9	98158039	98158164	SINE/MIR	651	+	62	98158101	42765
chr9	98115336	98315336	harbor2	chr9	98158296	98158387	SINE/MIR	651	+	46	98158342	43006
chr9	98115336	98315336	harbor2	chr9	98174226	98174371	SINE/MIR	495	+	72	98174298	58962
chr9	98115336	98315336	harbor2	chr9	98175685	98175902	SINE/MIR	703	+	108	98175793	60457
chr9	98115336	98315336	harbor2	chr9	98182591	98182784	SINE/MIR	606	+	96	98182687	67351
chr9	98115336	98315336	harbor2	chr9	98203630	98203824	SINE/MIR	666	+	97	98203727	88391
chr9	98115336	98315336	harbor2	chr9	98203825	98204017	SINE/MIR	492	+	96	98203921	88585
chr9	98115336	98315336	harbor2	chr9	98211074	98211301	SINE/MIR	793	+	114	98211188	95852
chr9	98115336	98315336	harbor2	chr9	98213424	98213630	SINE/MIR	658	+	103	98213527	98191
chr9	113409679	113609679	harbor2	chr9	113423794	113423987	SINE/MIR	404	+	96	113423890	14211
chr9	113409679	113609679	harbor2	chr9	113462494	113462753	SINE/MIR	701	+	130	113462624	52945
chr9	113409679	113609679	harbor2	chr9	113473290	113473387	SINE/MIR	614	+	48	113473338	63659
chr9	113409679	113609679	harbor2	chr9	113473687	113473836	SINE/MIR	614	+	74	113473761	64082
chr9	113409679	113609679	harbor2	chr9	113479929	113480160	SINE/MIR	776	+	116	113480045	70366
chr9	113409679	113609679	harbor2	chr9	113482590	113482781	SINE/MIR	460	+	96	113482686	73007
chr9	113409679	113609679	harbor2	chr9	113484630	113484751	SINE/MIR	450	+	60	113484690	75011
chr9	113409679	113609679	harbor2	chr9	113490012	113490189	SINE/MIR	446	+	88	113490100	80421
chr9	113409679	113609679	harbor2	chr9	113495545	113495696	SINE/MIR	587	+	76	113495621	85942
chr9	113409679	113609679	harbor2	chr9	113500465	113500626	SINE/MIR	404	+	80	113500545	90866
chr9	113409679	113609679	harbor2	chr9	113502781	113503021	SINE/MIR	584	+	120	113502901	93222
chr9	113409679	113609679	harbor2	chr9	113508898	113509003	SINE/MIR	563	+	52	113508950	99271
chr9	113409679	113609679	harbor2	chr9	113509299	113509435	SINE/MIR	563	+	68	113509367	99688
chr9	102725256	102925256	harbor2	chr9	102731969	102732194	SINE/MIR	596	+	112	102732081	6825
chr9	102725256	102925256	harbor2	chr9	102824512	102824720	SINE/MIR	412	+	104	102824616	99360
chr9	66843474	67043474	harbor2	chr9	66848291	66848493	SINE/MIR	596	+	101	66848392	4918
chr9	66843474	67043474	harbor2	chr9	66877071	66877290	SINE/MIR	521	+	110	66877181	33707
chr9	79309932	79509932	harbor2	chr9	79317075	79317327	SINE/MIR	413	+	126	79317201	7269
chr9	79309932	79509932	harbor2	chr9	79365168	79365398	SINE/MIR	708	+	115	79365283	55351
chr9	94689313	94889313	harbor2	chr9	94737938	94738160	SINE/MIR	652	+	111	94738049	48736
chr9	94689313	94889313	harbor2	chr9	94740726	94740965	SINE/MIR	792	+	120	94740846	51533
chr9	94689313	94889313	harbor2	chr9	94755800	94755914	SINE/MIR	521	+	57	94755857	66544
chr9	94689313	94889313	harbor2	chr9	94767460	94767625	SINE/MIR	463	+	82	94767542	78229
chr9	78644620	78844620	harbor2	chr9	78663053	78663234	SINE/MIR	596	+	90	78663143	18523
chr9	78644620	78844620	harbor2	chr9	78666433	78666663	SINE/MIR	481	+	115	78666548	21928
chr9	78644620	78844620	harbor2	chr9	78698217	78698414	SINE/MIR	587	+	98	78698315	53695
chr9	78644620	78844620	harbor2	chr9	78722239	78722488	SINE/MIR	542	+	124	78722363	77743
chr9	78644620	78844620	harbor2	chr9	78731262	78731427	SINE/MIR	483	+	82	78731344	86724
chr9	78644620	78844620	harbor2	chr9	78733270	78733460	SINE/MIR	575	+	95	78733365	88745
chr9	78644620	78844620	harbor2	chr9	78692204	78692396	SINE/MIR	619	+	96	78692300	47680
chr9	72680664	72880664	harbor2	chr9	72702347	72702522	SINE/MIR	474	+	88	72702435	21771
chr9	72680664	72880664	harbor2	chr9	72719950	72720081	SINE/MIR	425	+	66	72720016	39352
chr9	72680664	72880664	harbor2	chr9	72732750	72732928	SINE/MIR	551	+	89	72732839	52175
chr9	72680664	72880664	harbor2	chr9	72748131	72748365	SINE/MIR	506	+	117	72748248	67584
chr9	72680664	72880664	harbor2	chr9	72765935	72766135	SINE/MIR	538	+	100	72766035	85371
chr9	72680664	72880664	harbor2	chr9	72769075	72769231	SINE/MIR	723	+	78	72769153	88489
chr9	72680664	72880664	harbor2	chr9	72773818	72774016	SINE/MIR	526	+	99	72773917	93253
chr9	127856450	128056450	harbor2	chr9	127887015	127887236	SINE/MIR	484	+	110	127887125	30675
chr9	127856450	128056450	harbor2	chr9	127893992	127894176	SINE/MIR	510	+	92	127894084	37634
chr9	127856450	128056450	harbor2	chr9	127897919	127898088	SINE/MIR	729	+	84	127898003	41553
chr9	127856450	128056450	harbor2	chr9	127908726	127908899	SINE/MIR	406	+	86	127908812	52362
chr9	127856450	128056450	harbor2	chr9	127913174	127913295	SINE/MIR	478	+	60	127913234	56784
chr9	127856450	128056450	harbor2	chr9	127921496	127921682	SINE/MIR	578	+	93	127921589	65139
chr9	127856450	128056450	harbor2	chr9	127926782	127927001	SINE/MIR	479	+	110	127926892	70442
chr9	127856450	128056450	harbor2	chr9	127930100	127930254	SINE/MIR	473	+	77	127930177	73727
chr9	127856450	128056450	harbor2	chr9	127937222	127937380	SINE/MIR	429	+	79	127937301	80851
chr9	127856450	128056450	harbor2	chr9	127948491	127948695	SINE/MIR	447	+	102	127948593	92143
chr9	103762890	103962890	harbor2	chr9	103817006	103817150	SINE/MIR	550	+	72	103817078	54188
chr9	103762890	103962890	harbor2	chr9	103854154	103854384	SINE/MIR	606	+	115	103854269	91379
chr9	64626101	64826101	harbor2	chr9	64628499	64628709	SINE/MIR	670	+	105	64628604	2503
chr9	64626101	64826101	harbor2	chr9	64662389	64662547	SINE/MIR	614	+	79	64662468	36367
chr9	104899122	105099122	harbor2	chr9	104901275	104901436	SINE/MIR	399	+	80	104901355	2233
chr9	104899122	105099122	harbor2	chr9	104901710	104901953	SINE/MIR	562	+	122	104901832	2710
chr9	104899122	105099122	harbor2	chr9	104905865	104906087	SINE/MIR	461	+	111	104905976	6854
chr9	104899122	105099122	harbor2	chr9	104913276	104913451	SINE/MIR	414	+	88	104913364	14242
chr9	104899122	105099122	harbor2	chr9	104917142	104917281	SINE/MIR	528	+	70	104917212	18090
chr9	104899122	105099122	harbor2	chr9	104922420	104922614	SINE/MIR	417	+	97	104922517	23395
chr9	104899122	105099122	harbor2	chr9	104938756	104938943	SINE/MIR	632	+	94	104938850	39728
chr9	104899122	105099122	harbor2	chr9	104948256	104948448	SINE/MIR	860	+	96	104948352	49230
chr9	104899122	105099122	harbor2	chr9	104951110	104951175	SINE/MIR	860	+	32	104951142	52020
chr9	104899122	105099122	harbor2	chr9	104984234	104984454	SINE/MIR	410	+	110	104984344	85222
chr9	104899122	105099122	harbor2	chr9	104986421	104986595	SINE/MIR	435	+	87	104986508	87386
chr9	104899122	105099122	harbor2	chr9	104989396	104989432	SINE/MIR	563	+	18	104989414	90292
chr9	104899122	105099122	harbor2	chr9	104989749	104989909	SINE/MIR	563	+	80	104989829	90707
chr9	104899122	105099122	harbor2	chr9	104997787	104997972	SINE/MIR	399	+	92	104997879	98757
chr9	107770114	107970114	harbor2	chr9	107770289	107770447	SINE/MIR	602	+	79	107770368	254
chr9	107770114	107970114	harbor2	chr9	107770864	107771117	SINE/MIR	899	+	126	107770990	876
chr9	107770114	107970114	harbor2	chr9	107780928	107781135	SINE/MIR	441	+	104	107781032	10918
chr9	107770114	107970114	harbor2	chr9	107785286	107785454	SINE/MIR	580	+	84	107785370	15256
chr9	107770114	107970114	harbor2	chr9	107802798	107803008	SINE/MIR	422	+	105	107802903	32789
chr9	107770114	107970114	harbor2	chr9	107809648	107809836	SINE/MIR	433	+	94	107809742	39628
chr9	107770114	107970114	harbor2	chr9	107810871	107811107	SINE/MIR	456	+	118	107810989	40875
chr9	107770114	107970114	harbor2	chr9	107839711	107839853	SINE/MIR	460	+	71	107839782	69668
chr9	107770114	107970114	harbor2	chr9	107857129	107857247	SINE/MIR	396	+	59	107857188	87074
chr9	107770114	107970114	harbor2	chr9	107858076	107858100	SINE/MIR	562	+	12	107858088	87974
chr9	107770114	107970114	harbor2	chr9	107858840	107859010	SINE/MIR	562	+	85	107858925	88811
chr9	119425434	119625434	harbor2	chr9	119441950	119442148	SINE/MIR	577	+	99	119442049	16615
chr9	119425434	119625434	harbor2	chr9	119502025	119502236	SINE/MIR	630	+	106	119502131	76697
chr9	119425434	119625434	harbor2	chr9	119513292	119513424	SINE/MIR	418	+	66	119513358	87924
chr9	129855447	130055447	harbor2	chr9	129922420	129922616	SINE/MIR	480	+	98	129922518	67071
chr9	105087336	105287336	harbor2	chr9	105094200	105094395	SINE/MIR	487	+	98	105094298	6962
chr9	105087336	105287336	harbor2	chr9	105094844	105094948	SINE/MIR	438	+	52	105094896	7560
chr9	105087336	105287336	harbor2	chr9	105097941	105098069	SINE/MIR	479	+	64	105098005	10669
chr9	105087336	105287336	harbor2	chr9	105115199	105115374	SINE/MIR	447	+	88	105115287	27951
chr9	105087336	105287336	harbor2	chr9	105119506	105119616	SINE/MIR	462	+	55	105119561	32225
chr9	105087336	105287336	harbor2	chr9	105119919	105120024	SINE/MIR	462	+	52	105119971	32635
chr9	105087336	105287336	harbor2	chr9	105120094	105120291	SINE/MIR	527	+	98	105120192	32856
chr9	105087336	105287336	harbor2	chr9	105152380	105152508	SINE/MIR	584	+	64	105152444	65108
chr9	105087336	105287336	harbor2	chr9	105152857	105152910	SINE/MIR	584	+	26	105152883	65547
chr9	105087336	105287336	harbor2	chr9	105173980	105174217	SINE/MIR	616	+	118	105174098	86762
chr9	78695848	78895848	harbor2	chr9	78698217	78698414	SINE/MIR	587	+	98	78698315	2467
chr9	78695848	78895848	harbor2	chr9	78722239	78722488	SINE/MIR	542	+	124	78722363	26515
chr9	78695848	78895848	harbor2	chr9	78731262	78731427	SINE/MIR	483	+	82	78731344	35496
chr9	78695848	78895848	harbor2	chr9	78733270	78733460	SINE/MIR	575	+	95	78733365	37517
chr9	78695848	78895848	harbor2	chr9	78755281	78755478	SINE/MIR	540	+	98	78755379	59531
chr9	78695848	78895848	harbor2	chr9	78774641	78774785	SINE/MIR	496	+	72	78774713	78865
chr9	78695848	78895848	harbor2	chr9	78784569	78784714	SINE/MIR	493	+	72	78784641	88793
chr9	78695848	78895848	harbor2	chr9	78786428	78786612	SINE/MIR	425	+	92	78786520	90672
chr9	102570403	102770403	harbor2	chr9	102593284	102593465	SINE/MIR	391	+	90	102593374	22971
chr9	102570403	102770403	harbor2	chr9	102649628	102649794	SINE/MIR	453	+	83	102649711	79308
chr9	102570403	102770403	harbor2	chr9	102670207	102670440	SINE/MIR	711	+	116	102670323	99920
chr9	74197115	74397115	harbor2	chr9	74248790	74248990	SINE/MIR	474	+	100	74248890	51775
chr9	74197115	74397115	harbor2	chr9	74253436	74253664	SINE/MIR	498	+	114	74253550	56435
chr9	74197115	74397115	harbor2	chr9	74272115	74272343	SINE/MIR	743	+	114	74272229	75114
chr9	74197115	74397115	harbor2	chr9	74289023	74289270	SINE/MIR	422	+	124	74289147	92032
chr9	91505643	91705643	harbor2	chr9	91585114	91585291	SINE/MIR	404	+	88	91585202	79559
chr9	91505643	91705643	harbor2	chr9	91597262	91597458	SINE/MIR	492	+	98	91597360	91717
chr9	93652092	93852092	harbor2	chr9	93723043	93723202	SINE/MIR	583	+	80	93723123	71031
chr9	93652092	93852092	harbor2	chr9	93731117	93731298	SINE/MIR	555	+	90	93731207	79115
chr9	88186376	88386376	harbor2	chr9	88212155	88212327	SINE/MIR	461	+	86	88212241	25865
chr9	88186376	88386376	harbor2	chr9	88230476	88230717	SINE/MIR	926	+	120	88230596	44220
chr9	88186376	88386376	harbor2	chr9	88261857	88262062	SINE/MIR	431	+	102	88261959	75583
chr9	36438385	36638385	harbor2	chr9	36439282	36439500	SINE/MIR	485	+	109	36439391	1006
chr9	36438385	36638385	harbor2	chr9	36448512	36448644	SINE/MIR	442	+	66	36448578	10193
chr9	36438385	36638385	harbor2	chr9	36474504	36474741	SINE/MIR	801	+	118	36474622	36237
chr9	36438385	36638385	harbor2	chr9	36500803	36500903	SINE/MIR	400	+	50	36500853	62468
chr9	36438385	36638385	harbor2	chr9	36514146	36514222	SINE/MIR	400	+	38	36514184	75799
chr9	36438385	36638385	harbor2	chr9	36515383	36515546	SINE/MIR	559	+	82	36515465	77080
chr9	36438385	36638385	harbor2	chr9	36516754	36516814	SINE/MIR	559	+	30	36516784	78399
chr9	105749179	105949179	harbor2	chr9	105773401	105773564	SINE/MIR	566	+	82	105773483	24304
chr9	105749179	105949179	harbor2	chr9	105834082	105834277	SINE/MIR	796	+	98	105834180	85001
chr9	112453345	112653345	harbor2	chr9	112469711	112469804	SINE/MIR	406	+	46	112469757	16412
chr9	112453345	112653345	harbor2	chr9	112485835	112486080	SINE/MIR	921	+	122	112485957	32612
chr9	112453345	112653345	harbor2	chr9	112505249	112505442	SINE/MIR	711	+	96	112505345	52000
chr9	112453345	112653345	harbor2	chr9	112533986	112534151	SINE/MIR	763	+	82	112534068	80723
chr9	99166838	99366838	harbor2	chr9	99193614	99193817	SINE/MIR	642	+	102	99193716	26878
chr9	99166838	99366838	harbor2	chr9	99202115	99202336	SINE/MIR	518	+	110	99202225	35387
chr9	99166838	99366838	harbor2	chr9	99215459	99215663	SINE/MIR	407	+	102	99215561	48723
chr9	99166838	99366838	harbor2	chr9	99219386	99219616	SINE/MIR	702	+	115	99219501	52663
chr9	84683411	84883411	harbor2	chr9	84688935	84689098	SINE/MIR	551	+	82	84689017	5606
chr9	84683411	84883411	harbor2	chr9	84694115	84694339	SINE/MIR	535	+	112	84694227	10816
chr9	84683411	84883411	harbor2	chr9	84717519	84717733	SINE/MIR	518	+	107	84717626	34215
chr9	84683411	84883411	harbor2	chr9	84726629	84726808	SINE/MIR	439	+	90	84726719	43308
chr9	84683411	84883411	harbor2	chr9	84751760	84751886	SINE/MIR	406	+	63	84751823	68412
chr9	84683411	84883411	harbor2	chr9	84757504	84757719	SINE/MIR	926	+	108	84757612	74201
chr9	84683411	84883411	harbor2	chr9	84760110	84760280	SINE/MIR	436	+	85	84760195	76784
chr9	82962441	83162441	harbor2	chr9	82965869	82966057	SINE/MIR	438	+	94	82965963	3522
chr9	82962441	83162441	harbor2	chr9	82970435	82970643	SINE/MIR	439	+	104	82970539	8098
chr9	82962441	83162441	harbor2	chr9	82986178	82986272	SINE/MIR	427	+	47	82986225	23784
chr9	82962441	83162441	harbor2	chr9	83008443	83008603	SINE/MIR	439	+	80	83008523	46082
chr9	82962441	83162441	harbor2	chr9	83013641	83013852	SINE/MIR	516	+	106	83013747	51306
chr9	82962441	83162441	harbor2	chr9	83034716	83034922	SINE/MIR	421	+	103	83034819	72378
chr9	79354958	79554958	harbor2	chr9	79365168	79365398	SINE/MIR	708	+	115	79365283	10325
chr9	79354958	79554958	harbor2	chr9	79428047	79428221	SINE/MIR	423	+	87	79428134	73176
chr9	105556173	105756173	harbor2	chr9	105584008	105584255	SINE/MIR	781	+	124	105584132	27959
chr9	105556173	105756173	harbor2	chr9	105620533	105620727	SINE/MIR	834	+	97	105620630	64457
chr9	105556173	105756173	harbor2	chr9	105624838	105625032	SINE/MIR	432	+	97	105624935	68762
chr9	105556173	105756173	harbor2	chr9	105639305	105639531	SINE/MIR	598	+	113	105639418	83245
chr9	105556173	105756173	harbor2	chr9	105645114	105645344	SINE/MIR	502	+	115	105645229	89056
chr9	130234003	130434003	harbor2	chr9	130245162	130245322	SINE/MIR	414	+	80	130245242	11239
chr9	130234003	130434003	harbor2	chr9	130265033	130265229	SINE/MIR	514	+	98	130265131	31128
chr9	130234003	130434003	harbor2	chr9	130277432	130277680	SINE/MIR	826	+	124	130277556	43553
chr9	130234003	130434003	harbor2	chr9	130281207	130281343	SINE/MIR	630	+	68	130281275	47272
chr9	130234003	130434003	harbor2	chr9	130281912	130282017	SINE/MIR	630	+	52	130281964	47961
chr9	130234003	130434003	harbor2	chr9	130289449	130289617	SINE/MIR	483	+	84	130289533	55530
chr9	130234003	130434003	harbor2	chr9	130307767	130307941	SINE/MIR	451	+	87	130307854	73851
chr9	130234003	130434003	harbor2	chr9	130308257	130308291	SINE/MIR	441	+	17	130308274	74271
chr9	130234003	130434003	harbor2	chr9	130310776	130310966	SINE/MIR	514	+	95	130310871	76868
chr9	130234003	130434003	harbor2	chr9	130317132	130317384	SINE/MIR	668	+	126	130317258	83255
chr9	130234003	130434003	harbor2	chr9	130331535	130331707	SINE/MIR	434	+	86	130331621	97618
chr9	130234003	130434003	harbor2	chr9	130332297	130332522	SINE/MIR	416	+	112	130332409	98406
chr9	130453428	130653428	harbor2	chr9	130458925	130459059	SINE/MIR	396	+	67	130458992	5564
chr9	130453428	130653428	harbor2	chr9	130462716	130462847	SINE/MIR	410	+	66	130462782	9354
chr9	130453428	130653428	harbor2	chr9	130462821	130462989	SINE/MIR	414	+	84	130462905	9477
chr9	130453428	130653428	harbor2	chr9	130473148	130473288	SINE/MIR	462	+	70	130473218	19790
chr9	130453428	130653428	harbor2	chr9	130491980	130492111	SINE/MIR	551	+	66	130492046	38618
chr9	130453428	130653428	harbor2	chr9	130494000	130494167	SINE/MIR	500	+	84	130494084	40656
chr9	130453428	130653428	harbor2	chr9	130515479	130515673	SINE/MIR	411	+	97	130515576	62148
chr9	130453428	130653428	harbor2	chr9	130517164	130517399	SINE/MIR	451	+	118	130517282	63854
chr9	130453428	130653428	harbor2	chr9	130521897	130522039	SINE/MIR	552	+	71	130521968	68540
chr9	130453428	130653428	harbor2	chr9	130541616	130541830	SINE/MIR	583	+	107	130541723	88295
chr9	130453428	130653428	harbor2	chr9	130548622	130548762	SINE/MIR	443	+	70	130548692	95264
chr9	130920616	131120616	harbor2	chr9	130929303	130929503	SINE/MIR	447	+	100	130929403	8787
chr9	130920616	131120616	harbor2	chr9	130930668	130930849	SINE/MIR	432	+	90	130930758	10142
chr9	130920616	131120616	harbor2	chr9	130958332	130958568	SINE/MIR	606	+	118	130958450	37834
chr9	130920616	131120616	harbor2	chr9	130982213	130982399	SINE/MIR	458	+	93	130982306	61690
chr9	130920616	131120616	harbor2	chr9	130982704	130982750	SINE/MIR	458	+	23	130982727	62111
chr9	130920616	131120616	harbor2	chr9	130991064	130991253	SINE/MIR	458	+	94	130991158	70542
chr9	130920616	131120616	harbor2	chr9	130995189	130995359	SINE/MIR	480	+	85	130995274	74658
chr9	132666176	132866176	harbor2	chr9	132728371	132728593	SINE/MIR	591	+	111	132728482	62306
chr9	132563497	132763497	harbor2	chr9	132564909	132565058	SINE/MIR	473	+	74	132564983	1486
chr9	132563497	132763497	harbor2	chr9	132624539	132624723	SINE/MIR	520	+	92	132624631	61134
chr9	132563497	132763497	harbor2	chr9	132658226	132658439	SINE/MIR	464	+	106	132658332	94835
chr9	126922145	127122145	harbor2	chr9	126928911	126929080	SINE/MIR	523	+	84	126928995	6850
chr9	126922145	127122145	harbor2	chr9	126956927	126957132	SINE/MIR	474	+	102	126957029	34884
chr9	126922145	127122145	harbor2	chr9	126965476	126965739	SINE/MIR	472	+	132	126965608	43463
chr9	126922145	127122145	harbor2	chr9	126982322	126982503	SINE/MIR	722	+	90	126982412	60267
chr9	126922145	127122145	harbor2	chr9	126991592	126991831	SINE/MIR	670	+	120	126991712	69567
chr9	126922145	127122145	harbor2	chr9	126992093	126992251	SINE/MIR	488	+	79	126992172	70027
chr9	126922145	127122145	harbor2	chr9	127014883	127015074	SINE/MIR	482	+	96	127014979	92834
chr9	126922145	127122145	harbor2	chr9	127015204	127015443	SINE/MIR	664	+	120	127015324	93179
chr9	126922145	127122145	harbor2	chr9	127020768	127021029	SINE/MIR	763	+	130	127020898	98753
chr9	126922145	127122145	harbor2	chr9	127008622	127008857	SINE/MIR	538	+	118	127008740	86595
chr9	119545959	119745959	harbor2	chr9	119549182	119549437	SINE/MIR	483	+	128	119549310	3351
chr9	119545959	119745959	harbor2	chr9	119551119	119551315	SINE/MIR	522	+	98	119551217	5258
chr9	119545959	119745959	harbor2	chr9	119553470	119553693	SINE/MIR	760	+	112	119553582	7623
chr9	119545959	119745959	harbor2	chr9	119556902	119557023	SINE/MIR	527	+	60	119556962	11003
chr9	119545959	119745959	harbor2	chr9	119572981	119573159	SINE/MIR	554	+	89	119573070	27111
chr9	119545959	119745959	harbor2	chr9	119575875	119576119	SINE/MIR	871	+	122	119575997	30038
chr9	119545959	119745959	harbor2	chr9	119594409	119594625	SINE/MIR	571	+	108	119594517	48558
chr9	119545959	119745959	harbor2	chr9	119608602	119608844	SINE/MIR	423	+	121	119608723	62764
chr9	119545959	119745959	harbor2	chr9	119633459	119633703	SINE/MIR	494	+	122	119633581	87622
chr9	110955803	111155803	harbor2	chr9	110981250	110981478	SINE/MIR	780	+	114	110981364	25561
chr9	75901308	76101308	harbor2	chr9	75923114	75923321	SINE/MIR	648	+	104	75923218	21910
chr9	75901308	76101308	harbor2	chr9	75924825	75924983	SINE/MIR	526	+	79	75924904	23596
chr9	75901308	76101308	harbor2	chr9	75962884	75963020	SINE/MIR	437	+	68	75962952	61644
chr9	75901308	76101308	harbor2	chr9	75963922	75964076	SINE/MIR	551	+	77	75963999	62691
chr9	134936939	135136939	harbor2	chr9	135011728	135011849	SINE/MIR	406	+	60	135011788	74849
chr9	127458378	127658378	harbor2	chr9	127486606	127486836	SINE/MIR	540	+	115	127486721	28343
chr9	127458378	127658378	harbor2	chr9	127490583	127490769	SINE/MIR	696	+	93	127490676	32298
chr9	127458378	127658378	harbor2	chr9	127494334	127494528	SINE/MIR	448	+	97	127494431	36053
chr9	127458378	127658378	harbor2	chr9	127509332	127509530	SINE/MIR	511	+	99	127509431	51053
chr9	127458378	127658378	harbor2	chr9	127539833	127540041	SINE/MIR	662	+	104	127539937	81559
chr9	127458378	127658378	harbor2	chr9	127547106	127547244	SINE/MIR	440	+	69	127547175	88797
chr9	24973030	25173030	harbor2	chr9	24981119	24981333	SINE/MIR	428	+	107	24981226	8196
chr9	24973030	25173030	harbor2	chr9	25028142	25028385	SINE/MIR	580	+	122	25028264	55234
chr9	96952606	97152606	harbor2	chr9	96953164	96953320	SINE/MIR	440	+	78	96953242	636
chr9	104902077	105102077	harbor2	chr9	104905865	104906087	SINE/MIR	461	+	111	104905976	3899
chr9	104902077	105102077	harbor2	chr9	104913276	104913451	SINE/MIR	414	+	88	104913364	11287
chr9	104902077	105102077	harbor2	chr9	104917142	104917281	SINE/MIR	528	+	70	104917212	15135
chr9	104902077	105102077	harbor2	chr9	104922420	104922614	SINE/MIR	417	+	97	104922517	20440
chr9	104902077	105102077	harbor2	chr9	104938756	104938943	SINE/MIR	632	+	94	104938850	36773
chr9	104902077	105102077	harbor2	chr9	104948256	104948448	SINE/MIR	860	+	96	104948352	46275
chr9	104902077	105102077	harbor2	chr9	104951110	104951175	SINE/MIR	860	+	32	104951142	49065
chr9	104902077	105102077	harbor2	chr9	104984234	104984454	SINE/MIR	410	+	110	104984344	82267
chr9	104902077	105102077	harbor2	chr9	104986421	104986595	SINE/MIR	435	+	87	104986508	84431
chr9	104902077	105102077	harbor2	chr9	104989396	104989432	SINE/MIR	563	+	18	104989414	87337
chr9	104902077	105102077	harbor2	chr9	104989749	104989909	SINE/MIR	563	+	80	104989829	87752
chr9	104902077	105102077	harbor2	chr9	104997787	104997972	SINE/MIR	399	+	92	104997879	95802
chr9	123158330	123358330	harbor2	chr9	123175956	123176154	SINE/MIR	671	+	99	123176055	17725
chr9	123158330	123358330	harbor2	chr9	123219650	123219823	SINE/MIR	442	+	86	123219736	61406
chr9	123158330	123358330	harbor2	chr9	123221338	123221462	SINE/MIR	505	+	62	123221400	63070
chr9	123158330	123358330	harbor2	chr9	123237905	123238157	SINE/MIR	788	+	126	123238031	79701
chr9	123158330	123358330	harbor2	chr9	123247221	123247270	SINE/MIR	508	+	24	123247245	88915
chr9	123158330	123358330	harbor2	chr9	123247569	123247754	SINE/MIR	508	+	92	123247661	89331
chr9	123158330	123358330	harbor2	chr9	123251513	123251656	SINE/MIR	430	+	72	123251585	93255
chr9	136693009	136893009	harbor2	chr9	136758564	136758671	SINE/MIR	462	+	54	136758618	65609
chr9	136693009	136893009	harbor2	chr9	136758981	136759024	SINE/MIR	462	+	22	136759003	65994
chr9	128155396	128355396	harbor2	chr9	128161002	128161153	SINE/MIR	403	+	76	128161078	5682
chr9	128155396	128355396	harbor2	chr9	128187360	128187593	SINE/MIR	674	+	116	128187476	32080
chr9	128155396	128355396	harbor2	chr9	128189413	128189524	SINE/MIR	425	+	56	128189469	34073
chr9	128155396	128355396	harbor2	chr9	128198920	128199073	SINE/MIR	488	+	76	128198996	43600
chr9	128155396	128355396	harbor2	chr9	128207563	128207796	SINE/MIR	793	+	116	128207679	52283
chr9	128155396	128355396	harbor2	chr9	128216256	128216425	SINE/MIR	474	+	84	128216340	60944
chr9	128155396	128355396	harbor2	chr9	128217202	128217361	SINE/MIR	434	+	80	128217282	61886
chr9	128155396	128355396	harbor2	chr9	128221393	128221512	SINE/MIR	394	+	60	128221453	66057
chr9	128155396	128355396	harbor2	chr9	128251985	128252201	SINE/MIR	432	+	108	128252093	96697
chr9	130366842	130566842	harbor2	chr9	130378761	130378924	SINE/MIR	391	+	82	130378843	12001
chr9	130366842	130566842	harbor2	chr9	130406719	130406893	SINE/MIR	406	+	87	130406806	39964
chr9	130366842	130566842	harbor2	chr9	130426403	130426629	SINE/MIR	611	+	113	130426516	59674
chr9	130366842	130566842	harbor2	chr9	130443282	130443454	SINE/MIR	466	+	86	130443368	76526
chr9	130366842	130566842	harbor2	chr9	130449587	130449735	SINE/MIR	405	+	74	130449661	82819
chr9	130366842	130566842	harbor2	chr9	130458925	130459059	SINE/MIR	396	+	67	130458992	92150
chr9	130366842	130566842	harbor2	chr9	130462716	130462847	SINE/MIR	410	+	66	130462782	95940
chr9	130366842	130566842	harbor2	chr9	130462821	130462989	SINE/MIR	414	+	84	130462905	96063
chr9	134585587	134785587	harbor2	chr9	134648434	134648619	SINE/MIR	438	+	92	134648526	62939
chr9	134585587	134785587	harbor2	chr9	134655455	134655601	SINE/MIR	480	+	73	134655528	69941
chr9	134585587	134785587	harbor2	chr9	134660642	134660793	SINE/MIR	442	+	76	134660718	75131
chr9	69328208	69528208	harbor2	chr9	69413510	69413677	SINE/MIR	465	+	84	69413594	85386
chr9	69328208	69528208	harbor2	chr9	69426541	69426677	SINE/MIR	421	+	68	69426609	98401
chr9	128366718	128566718	harbor2	chr9	128375018	128375226	SINE/MIR	433	+	104	128375122	8404
chr9	128366718	128566718	harbor2	chr9	128388092	128388218	SINE/MIR	402	+	63	128388155	21437
chr9	128366718	128566718	harbor2	chr9	128404223	128404363	SINE/MIR	456	+	70	128404293	37575
chr9	128366718	128566718	harbor2	chr9	128408236	128408465	SINE/MIR	502	+	114	128408350	41632
chr9	128366718	128566718	harbor2	chr9	128410363	128410489	SINE/MIR	592	+	63	128410426	43708
chr9	128366718	128566718	harbor2	chr9	128410795	128410857	SINE/MIR	592	+	31	128410826	44108
chr9	128366718	128566718	harbor2	chr9	128411149	128411202	SINE/MIR	592	+	26	128411175	44457
chr9	128366718	128566718	harbor2	chr9	128428525	128428644	SINE/MIR	409	+	60	128428585	61867
chr9	128366718	128566718	harbor2	chr9	128433681	128433880	SINE/MIR	391	+	100	128433781	67063
chr9	128366718	128566718	harbor2	chr9	128442348	128442491	SINE/MIR	461	+	72	128442420	75702
chr9	104410202	104610202	harbor2	chr9	104432629	104432889	SINE/MIR	445	+	130	104432759	22557
chr9	104410202	104610202	harbor2	chr9	104434103	104434332	SINE/MIR	535	+	114	104434217	24015
chr9	104410202	104610202	harbor2	chr9	104472607	104472837	SINE/MIR	517	+	115	104472722	62520
chr9	104410202	104610202	harbor2	chr9	104486000	104486233	SINE/MIR	502	+	116	104486116	75914
chr9	129053454	129253454	harbor2	chr9	129081864	129082077	SINE/MIR	536	+	106	129081970	28516
chr9	129053454	129253454	harbor2	chr9	129084306	129084456	SINE/MIR	534	+	75	129084381	30927
chr9	129053454	129253454	harbor2	chr9	129096340	129096550	SINE/MIR	439	+	105	129096445	42991
chr9	129053454	129253454	harbor2	chr9	129103994	129104101	SINE/MIR	426	+	54	129104048	50594
chr9	129053454	129253454	harbor2	chr9	129122602	129122780	SINE/MIR	407	+	89	129122691	69237
chr9	129053454	129253454	harbor2	chr9	129149057	129149238	SINE/MIR	440	+	90	129149147	95693
chr9	127788209	127988209	harbor2	chr9	127795882	127796088	SINE/MIR	472	+	103	127795985	7776
chr9	127788209	127988209	harbor2	chr9	127796390	127796420	SINE/MIR	472	+	15	127796405	8196
chr9	127788209	127988209	harbor2	chr9	127800587	127800769	SINE/MIR	394	+	91	127800678	12469
chr9	127788209	127988209	harbor2	chr9	127809043	127809220	SINE/MIR	400	+	88	127809131	20922
chr9	127788209	127988209	harbor2	chr9	127836575	127836773	SINE/MIR	548	+	99	127836674	48465
chr9	127788209	127988209	harbor2	chr9	127841860	127842050	SINE/MIR	458	+	95	127841955	53746
chr9	127788209	127988209	harbor2	chr9	127845495	127845677	SINE/MIR	492	+	91	127845586	57377
chr9	127788209	127988209	harbor2	chr9	127846952	127847085	SINE/MIR	506	+	66	127847018	58809
chr9	127788209	127988209	harbor2	chr9	127849782	127850005	SINE/MIR	692	+	112	127849894	61685
chr9	127788209	127988209	harbor2	chr9	127855694	127855886	SINE/MIR	417	+	96	127855790	67581
chr9	127788209	127988209	harbor2	chr9	127887015	127887236	SINE/MIR	484	+	110	127887125	98916
chr9	33362837	33562837	harbor2	chr9	33392317	33392525	SINE/MIR	739	+	104	33392421	29584
chr9	33362837	33562837	harbor2	chr9	33414520	33414719	SINE/MIR	562	+	100	33414620	51783
chr9	131056292	131256292	harbor2	chr9	131118933	131119130	SINE/MIR	505	+	98	131119031	62739
chr9	131056292	131256292	harbor2	chr9	131119915	131120073	SINE/MIR	413	+	79	131119994	63702
chr9	131056292	131256292	harbor2	chr9	131088208	131088403	SINE/MIR	521	+	98	131088306	32014
chr9	85133926	85333926	harbor2	chr9	85142162	85142373	SINE/MIR	595	+	106	85142268	8342
chr9	85133926	85333926	harbor2	chr9	85149181	85149412	SINE/MIR	507	+	116	85149297	15371
chr9	85133926	85333926	harbor2	chr9	85155954	85156100	SINE/MIR	515	+	73	85156027	22101
chr9	85133926	85333926	harbor2	chr9	85197978	85198031	SINE/MIR	659	+	26	85198004	64078
chr9	85133926	85333926	harbor2	chr9	85198746	85198920	SINE/MIR	659	+	87	85198833	64907
chr9	85133926	85333926	harbor2	chr9	85204907	85205098	SINE/MIR	640	+	96	85205003	71077
chr9	85133926	85333926	harbor2	chr9	85222202	85222444	SINE/MIR	491	+	121	85222323	88397
chr9	112043701	112243701	harbor2	chr9	112044275	112044518	SINE/MIR	595	+	122	112044397	696
chr9	112043701	112243701	harbor2	chr9	112102378	112102567	SINE/MIR	403	+	94	112102472	58771
chr9	112043701	112243701	harbor2	chr9	112119010	112119214	SINE/MIR	683	+	102	112119112	75411
chr9	134670948	134870948	harbor2	chr9	134704176	134704389	SINE/MIR	616	+	106	134704282	33334
chr9	110306872	110506872	harbor2	chr9	110364069	110364315	SINE/MIR	754	+	123	110364192	57320
chr9	90768921	90968921	harbor2	chr9	90771498	90771682	SINE/MIR	598	+	92	90771590	2669
chr9	90768921	90968921	harbor2	chr9	90772745	90772980	SINE/MIR	666	+	118	90772863	3942
chr9	90768921	90968921	harbor2	chr9	90849682	90849902	SINE/MIR	394	+	110	90849792	80871
chr9	90768921	90968921	harbor2	chr9	90856114	90856251	SINE/MIR	444	+	68	90856182	87261
chr9	134789919	134989919	harbor2	chr9	134798042	134798207	SINE/MIR	426	+	82	134798124	8205
chr9	120061184	120261184	harbor2	chr9	120074461	120074670	SINE/MIR	541	+	104	120074565	13381
chr9	120061184	120261184	harbor2	chr9	120079690	120079909	SINE/MIR	395	+	110	120079800	18616
chr9	120061184	120261184	harbor2	chr9	120087323	120087521	SINE/MIR	489	+	99	120087422	26238
chr9	120061184	120261184	harbor2	chr9	120092347	120092584	SINE/MIR	529	+	118	120092465	31281
chr9	120061184	120261184	harbor2	chr9	120096369	120096509	SINE/MIR	451	+	70	120096439	35255
chr9	120061184	120261184	harbor2	chr9	120098837	120098988	SINE/MIR	444	+	76	120098913	37729
chr9	120061184	120261184	harbor2	chr9	120100884	120101073	SINE/MIR	623	+	94	120100978	39794
chr9	120061184	120261184	harbor2	chr9	120105128	120105332	SINE/MIR	575	+	102	120105230	44046
chr9	120061184	120261184	harbor2	chr9	120106159	120106357	SINE/MIR	533	+	99	120106258	45074
chr9	120061184	120261184	harbor2	chr9	120110492	120110698	SINE/MIR	718	+	103	120110595	49411
chr9	120061184	120261184	harbor2	chr9	120112196	120112349	SINE/MIR	432	+	76	120112272	51088
chr9	120061184	120261184	harbor2	chr9	120119582	120119765	SINE/MIR	455	+	92	120119674	58490
chr9	120061184	120261184	harbor2	chr9	120132497	120132669	SINE/MIR	490	+	86	120132583	71399
chr9	120061184	120261184	harbor2	chr9	120136926	120137078	SINE/MIR	393	+	76	120137002	75818
chr9	120061184	120261184	harbor2	chr9	120146548	120146795	SINE/MIR	487	+	124	120146672	85488
chr9	120061184	120261184	harbor2	chr9	120151528	120151701	SINE/MIR	393	+	86	120151614	90430
chr9	108080712	108280712	harbor2	chr9	108088129	108088352	SINE/MIR	601	+	112	108088241	7529
chr9	108080712	108280712	harbor2	chr9	108092433	108092590	SINE/MIR	451	+	78	108092511	11799
chr9	108080712	108280712	harbor2	chr9	108101094	108101239	SINE/MIR	451	+	72	108101166	20454
chr9	108080712	108280712	harbor2	chr9	108121477	108121705	SINE/MIR	495	+	114	108121591	40879
chr9	108080712	108280712	harbor2	chr9	108123975	108124159	SINE/MIR	404	+	92	108124067	43355
chr9	108080712	108280712	harbor2	chr9	108139515	108139651	SINE/MIR	724	+	68	108139583	58871
chr9	108080712	108280712	harbor2	chr9	108139987	108140080	SINE/MIR	724	+	46	108140033	59321
chr9	108080712	108280712	harbor2	chr9	108154425	108154564	SINE/MIR	463	+	70	108154495	73783
chr9	108080712	108280712	harbor2	chr9	108156784	108156987	SINE/MIR	454	+	102	108156886	76174
chr9	108080712	108280712	harbor2	chr9	108170018	108170141	SINE/MIR	450	+	62	108170080	89368
chr10	120908444	121108444	harbor2	chr10	120929862	120930036	SINE/MIR	541	+	87	120929949	21505
chr10	120908444	121108444	harbor2	chr10	120956738	120956881	SINE/MIR	503	+	72	120956810	48366
chr10	120908444	121108444	harbor2	chr10	120972927	120973063	SINE/MIR	414	+	68	120972995	64551
chr10	120908444	121108444	harbor2	chr10	120979163	120979348	SINE/MIR	471	+	92	120979255	70811
chr10	120908444	121108444	harbor2	chr10	120982305	120982477	SINE/MIR	602	+	86	120982391	73947
chr10	120908444	121108444	harbor2	chr10	120997871	120998015	SINE/MIR	522	+	72	120997943	89499
chr10	120908444	121108444	harbor2	chr10	120998603	120998811	SINE/MIR	414	+	104	120998707	90263
chr10	131819487	132019487	harbor2	chr10	131876195	131876315	SINE/MIR	436	+	60	131876255	56768
chr10	131819487	132019487	harbor2	chr10	131892630	131892779	SINE/MIR	482	+	74	131892704	73217
chr10	127750951	127950951	harbor2	chr10	127841673	127841859	SINE/MIR	742	+	93	127841766	90815
chr10	93820572	94020572	harbor2	chr10	93836558	93836798	SINE/MIR	844	+	120	93836678	16106
chr10	93820572	94020572	harbor2	chr10	93838461	93838532	SINE/MIR	662	+	36	93838497	17925
chr10	93820572	94020572	harbor2	chr10	93839169	93839290	SINE/MIR	662	+	60	93839229	18657
chr10	93820572	94020572	harbor2	chr10	93859733	93859955	SINE/MIR	686	+	111	93859844	39272
chr10	93820572	94020572	harbor2	chr10	93888902	93889063	SINE/MIR	558	+	80	93888982	68410
chr10	120812399	121012399	harbor2	chr10	120825833	120826044	SINE/MIR	725	+	106	120825939	13540
chr10	120812399	121012399	harbor2	chr10	120827467	120827618	SINE/MIR	529	+	76	120827543	15144
chr10	120812399	121012399	harbor2	chr10	120839456	120839611	SINE/MIR	577	+	78	120839534	27135
chr10	120812399	121012399	harbor2	chr10	120843281	120843495	SINE/MIR	480	+	107	120843388	30989
chr10	126173816	126373816	harbor2	chr10	126191697	126191780	SINE/MIR	666	+	42	126191739	17923
chr10	126173816	126373816	harbor2	chr10	126192160	126192347	SINE/MIR	666	+	94	126192254	18438
chr10	126173816	126373816	harbor2	chr10	126200445	126200673	SINE/MIR	448	+	114	126200559	26743
chr10	126173816	126373816	harbor2	chr10	126214215	126214453	SINE/MIR	529	+	119	126214334	40518
chr10	126173816	126373816	harbor2	chr10	126226512	126226707	SINE/MIR	518	+	98	126226610	52794
chr10	126173816	126373816	harbor2	chr10	126254175	126254362	SINE/MIR	614	+	94	126254269	80453
chr10	74107930	74307930	harbor2	chr10	74156672	74156839	SINE/MIR	585	+	84	74156756	48826
chr10	74107930	74307930	harbor2	chr10	74184977	74185149	SINE/MIR	433	+	86	74185063	77133
chr10	106861069	107061069	harbor2	chr10	106910961	106911174	SINE/MIR	410	+	106	106911067	49998
chr10	106861069	107061069	harbor2	chr10	106926329	106926513	SINE/MIR	534	+	92	106926421	65352
chr10	106861069	107061069	harbor2	chr10	106940966	106941187	SINE/MIR	851	+	110	106941076	80007
chr10	125848272	126048272	harbor2	chr10	125906957	125907109	SINE/MIR	427	+	76	125907033	58761
chr10	118957634	119157634	harbor2	chr10	118960022	118960233	SINE/MIR	670	+	106	118960128	2494
chr10	118957634	119157634	harbor2	chr10	118980791	118980927	SINE/MIR	582	+	68	118980859	23225
chr10	118957634	119157634	harbor2	chr10	119004196	119004398	SINE/MIR	582	+	101	119004297	46663
chr10	115614119	115814119	harbor2	chr10	115648908	115649096	SINE/MIR	474	+	94	115649002	34883
chr10	115614119	115814119	harbor2	chr10	115670043	115670298	SINE/MIR	852	+	128	115670171	56052
chr10	115614119	115814119	harbor2	chr10	115682160	115682256	SINE/MIR	492	+	48	115682208	68089
chr10	115614119	115814119	harbor2	chr10	115682567	115682662	SINE/MIR	492	+	48	115682615	68496
chr10	115614119	115814119	harbor2	chr10	115682865	115683089	SINE/MIR	655	+	112	115682977	68858
chr10	115614119	115814119	harbor2	chr10	115685292	115685482	SINE/MIR	787	+	95	115685387	71268
chr10	117681690	117881690	harbor2	chr10	117688289	117688481	SINE/MIR	706	+	96	117688385	6695
chr10	117681690	117881690	harbor2	chr10	117688682	117688765	SINE/MIR	706	+	42	117688724	7034
chr10	117681690	117881690	harbor2	chr10	117704666	117704879	SINE/MIR	770	+	106	117704772	23082
chr10	117681690	117881690	harbor2	chr10	117707150	117707288	SINE/MIR	503	+	69	117707219	25529
chr10	117681690	117881690	harbor2	chr10	117708380	117708536	SINE/MIR	431	+	78	117708458	26768
chr10	117681690	117881690	harbor2	chr10	117712199	117712418	SINE/MIR	881	+	110	117712309	30619
chr10	117681690	117881690	harbor2	chr10	117714733	117714912	SINE/MIR	414	+	90	117714823	33133
chr10	117681690	117881690	harbor2	chr10	117728901	117729074	SINE/MIR	530	+	86	117728987	47297
chr10	117681690	117881690	harbor2	chr10	117735664	117735870	SINE/MIR	456	+	103	117735767	54077
chr10	117681690	117881690	harbor2	chr10	117737889	117738100	SINE/MIR	502	+	106	117737995	56305
chr10	117681690	117881690	harbor2	chr10	117742047	117742220	SINE/MIR	727	+	86	117742133	60443
chr10	117681690	117881690	harbor2	chr10	117758120	117758191	SINE/MIR	591	+	36	117758156	76466
chr10	117681690	117881690	harbor2	chr10	117758501	117758653	SINE/MIR	591	+	76	117758577	76887
chr10	117681690	117881690	harbor2	chr10	117762512	117762694	SINE/MIR	634	+	91	117762603	80913
chr10	117681690	117881690	harbor2	chr10	117766320	117766529	SINE/MIR	408	+	104	117766424	84734
chr10	75529164	75729164	harbor2	chr10	75537331	75537523	SINE/MIR	555	+	96	75537427	8263
chr10	75529164	75729164	harbor2	chr10	75554681	75554874	SINE/MIR	533	+	96	75554777	25613
chr10	120238616	120438616	harbor2	chr10	120240381	120240566	SINE/MIR	516	+	92	120240473	1857
chr10	120238616	120438616	harbor2	chr10	120270670	120270910	SINE/MIR	414	+	120	120270790	32174
chr10	120238616	120438616	harbor2	chr10	120292736	120292988	SINE/MIR	595	+	126	120292862	54246
chr10	120238616	120438616	harbor2	chr10	120303379	120303609	SINE/MIR	655	+	115	120303494	64878
chr10	127606390	127806390	harbor2	chr10	127692251	127692440	SINE/MIR	429	+	94	127692345	85955
chr10	90021500	90221500	harbor2	chr10	90039375	90039636	SINE/MIR	471	+	130	90039505	18005
chr10	90021500	90221500	harbor2	chr10	90064167	90064416	SINE/MIR	737	+	124	90064291	42791
chr10	90021500	90221500	harbor2	chr10	90066684	90066859	SINE/MIR	560	+	88	90066772	45272
chr10	123737951	123937951	harbor2	chr10	123740125	123740249	SINE/MIR	447	+	62	123740187	2236
chr10	123737951	123937951	harbor2	chr10	123740759	123740961	SINE/MIR	541	+	101	123740860	2909
chr10	123737951	123937951	harbor2	chr10	123780430	123780660	SINE/MIR	444	+	115	123780545	42594
chr10	123737951	123937951	harbor2	chr10	123799266	123799507	SINE/MIR	483	+	120	123799386	61435
chr10	123737951	123937951	harbor2	chr10	123806529	123806572	SINE/MIR	463	+	22	123806551	68600
chr10	123737951	123937951	harbor2	chr10	123806935	123807132	SINE/MIR	463	+	98	123807033	69082
chr10	71091616	71291616	harbor2	chr10	71140173	71140370	SINE/MIR	583	+	98	71140271	48655
chr10	82822001	83022001	harbor2	chr10	82850903	82851142	SINE/MIR	477	+	120	82851023	29022
chr10	82822001	83022001	harbor2	chr10	82860437	82860641	SINE/MIR	466	+	102	82860539	38538
chr10	82822001	83022001	harbor2	chr10	82918253	82918507	SINE/MIR	462	+	127	82918380	96379
chr10	123560554	123760554	harbor2	chr10	123568669	123568795	SINE/MIR	541	+	63	123568732	8178
chr10	123560554	123760554	harbor2	chr10	123572069	123572298	SINE/MIR	438	+	114	123572183	11629
chr10	123560554	123760554	harbor2	chr10	123575445	123575560	SINE/MIR	428	+	58	123575503	14949
chr10	123560554	123760554	harbor2	chr10	123611078	123611285	SINE/MIR	748	+	104	123611182	50628
chr10	123560554	123760554	harbor2	chr10	123640285	123640483	SINE/MIR	508	+	99	123640384	79830
chr10	123560554	123760554	harbor2	chr10	123660071	123660311	SINE/MIR	439	+	120	123660191	99637
chr10	126338370	126538370	harbor2	chr10	126370762	126370964	SINE/MIR	654	+	101	126370863	32493
chr10	106835864	107035864	harbor2	chr10	106910961	106911174	SINE/MIR	410	+	106	106911067	75203
chr10	106835864	107035864	harbor2	chr10	106926329	106926513	SINE/MIR	534	+	92	106926421	90557
chr10	106323121	106523121	harbor2	chr10	106331244	106331451	SINE/MIR	431	+	104	106331348	8227
chr10	106323121	106523121	harbor2	chr10	106346087	106346349	SINE/MIR	501	+	131	106346218	23097
chr10	106323121	106523121	harbor2	chr10	106347287	106347420	SINE/MIR	479	+	66	106347353	24232
chr10	106323121	106523121	harbor2	chr10	106359144	106359367	SINE/MIR	646	+	112	106359256	36135
chr10	106323121	106523121	harbor2	chr10	106395910	106396125	SINE/MIR	664	+	108	106396018	72897
chr10	106323121	106523121	harbor2	chr10	106406965	106407189	SINE/MIR	624	+	112	106407077	83956
chr10	100098948	100298948	harbor2	chr10	100126581	100126669	SINE/MIR	429	+	44	100126625	27677
chr10	100098948	100298948	harbor2	chr10	100127015	100127171	SINE/MIR	429	+	78	100127093	28145
chr10	67762583	67962583	harbor2	chr10	67772850	67773028	SINE/MIR	596	+	89	67772939	10356
chr10	67762583	67962583	harbor2	chr10	67805074	67805362	SINE/MIR	730	+	144	67805218	42635
chr10	67762583	67962583	harbor2	chr10	67854824	67855008	SINE/MIR	492	+	92	67854916	92333
chr10	61248730	61448730	harbor2	chr10	61251475	61251708	SINE/MIR	628	+	116	61251591	2861
chr10	61248730	61448730	harbor2	chr10	61293017	61293156	SINE/MIR	678	+	70	61293087	44357
chr10	61248730	61448730	harbor2	chr10	61293464	61293535	SINE/MIR	678	+	36	61293500	44770
chr10	61248730	61448730	harbor2	chr10	61302915	61303109	SINE/MIR	615	+	97	61303012	54282
chr10	61248730	61448730	harbor2	chr10	61316188	61316422	SINE/MIR	582	+	117	61316305	67575
chr10	61248730	61448730	harbor2	chr10	61317233	61317316	SINE/MIR	487	+	42	61317275	68545
chr10	61248730	61448730	harbor2	chr10	61317359	61317511	SINE/MIR	487	+	76	61317435	68705
chr10	61248730	61448730	harbor2	chr10	61323388	61323585	SINE/MIR	412	+	98	61323486	74756
chr10	125975318	126175318	harbor2	chr10	125999677	125999840	SINE/MIR	567	+	82	125999759	24441
chr10	130788353	130988353	harbor2	chr10	130797783	130797919	SINE/MIR	408	+	68	130797851	9498
chr10	130788353	130988353	harbor2	chr10	130864472	130864573	SINE/MIR	460	+	50	130864522	76169
chr10	130788353	130988353	harbor2	chr10	130884191	130884362	SINE/MIR	612	+	86	130884277	95924
chr10	108454057	108654057	harbor2	chr10	108542668	108542821	SINE/MIR	576	+	76	108542744	88687
chr10	115998279	116198279	harbor2	chr10	116003313	116003494	SINE/MIR	590	+	90	116003403	5124
chr10	115998279	116198279	harbor2	chr10	116031662	116031899	SINE/MIR	638	+	118	116031780	33501
chr10	115998279	116198279	harbor2	chr10	116046648	116046814	SINE/MIR	495	+	83	116046731	48452
chr10	115998279	116198279	harbor2	chr10	116053789	116054001	SINE/MIR	489	+	106	116053895	55616
chr10	10322756	10522756	harbor2	chr10	10351599	10351799	SINE/MIR	549	+	100	10351699	28943
chr10	10322756	10522756	harbor2	chr10	10367622	10367801	SINE/MIR	511	+	90	10367712	44956
chr10	10322756	10522756	harbor2	chr10	10367825	10367999	SINE/MIR	500	+	87	10367912	45156
chr10	10322756	10522756	harbor2	chr10	10380461	10380671	SINE/MIR	754	+	105	10380566	57810
chr10	10322756	10522756	harbor2	chr10	10404352	10404466	SINE/MIR	453	+	57	10404409	81653
chr10	125342299	125542299	harbor2	chr10	125423969	125424171	SINE/MIR	639	+	101	125424070	81771
chr10	125342299	125542299	harbor2	chr10	125440107	125440259	SINE/MIR	458	+	76	125440183	97884
chr10	84620101	84820101	harbor2	chr10	84700062	84700231	SINE/MIR	474	+	84	84700146	80045
chr10	84620101	84820101	harbor2	chr10	84703083	84703303	SINE/MIR	415	+	110	84703193	83092
chr10	65892389	66092389	harbor2	chr10	65909326	65909562	SINE/MIR	417	+	118	65909444	17055
chr10	65892389	66092389	harbor2	chr10	65914917	65915047	SINE/MIR	461	+	65	65914982	22593
chr10	65892389	66092389	harbor2	chr10	65936653	65936903	SINE/MIR	775	+	125	65936778	44389
chr10	65892389	66092389	harbor2	chr10	65942769	65943024	SINE/MIR	565	+	128	65942897	50508
chr10	65892389	66092389	harbor2	chr10	65943703	65943898	SINE/MIR	448	+	98	65943801	51412
chr10	65892389	66092389	harbor2	chr10	65945706	65945857	SINE/MIR	452	+	76	65945782	53393
chr10	65892389	66092389	harbor2	chr10	65946027	65946244	SINE/MIR	720	+	108	65946135	53746
chr10	102901191	103101191	harbor2	chr10	102959460	102959575	SINE/MIR	690	+	58	102959518	58327
chr10	102901191	103101191	harbor2	chr10	102959741	102959770	SINE/MIR	690	+	14	102959755	58564
chr10	102901191	103101191	harbor2	chr10	102960090	102960202	SINE/MIR	690	+	56	102960146	58955
chr10	102901191	103101191	harbor2	chr10	102964648	102964788	SINE/MIR	412	+	70	102964718	63527
chr10	102901191	103101191	harbor2	chr10	102965188	102965232	SINE/MIR	412	+	22	102965210	64019
chr10	102901191	103101191	harbor2	chr10	102992743	102992899	SINE/MIR	513	+	78	102992821	91630
chr10	123228199	123428199	harbor2	chr10	123241135	123241340	SINE/MIR	799	+	102	123241237	13038
chr10	123228199	123428199	harbor2	chr10	123301935	123302067	SINE/MIR	598	+	66	123302001	73802
chr10	123228199	123428199	harbor2	chr10	123302324	123302424	SINE/MIR	598	+	50	123302374	74175
chr10	123228199	123428199	harbor2	chr10	123320815	123320929	SINE/MIR	408	+	57	123320872	92673
chr10	123228199	123428199	harbor2	chr10	123327673	123327858	SINE/MIR	424	+	92	123327765	99566
chr10	115793897	115993897	harbor2	chr10	115806672	115806883	SINE/MIR	763	+	106	115806778	12881
chr10	115793897	115993897	harbor2	chr10	115814765	115814951	SINE/MIR	465	+	93	115814858	20961
chr10	115793897	115993897	harbor2	chr10	115820696	115820821	SINE/MIR	484	+	62	115820758	26861
chr10	115793897	115993897	harbor2	chr10	115821202	115821245	SINE/MIR	484	+	22	115821224	27327
chr10	115793897	115993897	harbor2	chr10	115831651	115831829	SINE/MIR	473	+	89	115831740	37843
chr10	115793897	115993897	harbor2	chr10	115842737	115842988	SINE/MIR	718	+	126	115842863	48966
chr10	115793897	115993897	harbor2	chr10	115843850	115844066	SINE/MIR	584	+	108	115843958	50061
chr10	115793897	115993897	harbor2	chr10	115846795	115847011	SINE/MIR	664	+	108	115846903	53006
chr10	115793897	115993897	harbor2	chr10	115852946	115853106	SINE/MIR	632	+	80	115853026	59129
chr10	115793897	115993897	harbor2	chr10	115870704	115870966	SINE/MIR	1164	+	131	115870835	76938
chr10	115793897	115993897	harbor2	chr10	115876204	115876372	SINE/MIR	633	+	84	115876288	82391
chr10	87748728	87948728	harbor2	chr10	87759718	87759894	SINE/MIR	668	+	88	87759806	11078
chr10	87748728	87948728	harbor2	chr10	87824367	87824605	SINE/MIR	856	+	119	87824486	75758
chr10	87748728	87948728	harbor2	chr10	87830966	87831196	SINE/MIR	626	+	115	87831081	82353
chr10	43774270	43974270	harbor2	chr10	43793867	43794070	SINE/MIR	432	+	102	43793969	19699
chr10	43774270	43974270	harbor2	chr10	43802745	43802954	SINE/MIR	436	+	104	43802849	28579
chr10	43774270	43974270	harbor2	chr10	43822957	43823127	SINE/MIR	635	+	85	43823042	48772
chr10	113681281	113881281	harbor2	chr10	113706722	113706873	SINE/MIR	572	+	76	113706798	25517
chr10	113681281	113881281	harbor2	chr10	113712109	113712264	SINE/MIR	413	+	78	113712187	30906
chr10	113681281	113881281	harbor2	chr10	113724182	113724420	SINE/MIR	469	+	119	113724301	43020
chr10	113681281	113881281	harbor2	chr10	113734339	113734515	SINE/MIR	467	+	88	113734427	53146
chr10	113681281	113881281	harbor2	chr10	113737036	113737288	SINE/MIR	475	+	126	113737162	55881
chr10	113681281	113881281	harbor2	chr10	113748945	113749144	SINE/MIR	605	+	100	113749045	67764
chr10	113681281	113881281	harbor2	chr10	113777556	113777713	SINE/MIR	559	+	78	113777634	96353
chr10	125355264	125555264	harbor2	chr10	125423969	125424171	SINE/MIR	639	+	101	125424070	68806
chr10	125355264	125555264	harbor2	chr10	125440107	125440259	SINE/MIR	458	+	76	125440183	84919
chr10	125355264	125555264	harbor2	chr10	125443564	125443761	SINE/MIR	835	+	98	125443662	88398
chr10	121683166	121883166	harbor2	chr10	121683211	121683375	SINE/MIR	509	+	82	121683293	127
chr10	121683166	121883166	harbor2	chr10	121711400	121711527	SINE/MIR	750	+	64	121711464	28298
chr10	121683166	121883166	harbor2	chr10	121711841	121711959	SINE/MIR	750	+	59	121711900	28734
chr10	111547818	111747818	harbor2	chr10	111557493	111557636	SINE/MIR	429	+	72	111557565	9747
chr10	111547818	111747818	harbor2	chr10	111599031	111599232	SINE/MIR	753	+	100	111599131	51313
chr10	111547818	111747818	harbor2	chr10	111599301	111599347	SINE/MIR	753	+	23	111599324	51506
chr10	111547818	111747818	harbor2	chr10	111632610	111632803	SINE/MIR	468	+	96	111632706	84888
chr10	111547818	111747818	harbor2	chr10	111644803	111645024	SINE/MIR	595	+	110	111644913	97095
chr10	111547818	111747818	harbor2	chr10	111646628	111646885	SINE/MIR	459	+	128	111646756	98938
chr10	117001516	117201516	harbor2	chr10	117062480	117062699	SINE/MIR	503	+	110	117062590	61074
chr10	117001516	117201516	harbor2	chr10	117099772	117099895	SINE/MIR	423	+	62	117099834	98318
chr10	117001516	117201516	harbor2	chr10	117100206	117100234	SINE/MIR	423	+	14	117100220	98704
chr10	126236799	126436799	harbor2	chr10	126254175	126254362	SINE/MIR	614	+	94	126254269	17470
chr10	112776422	112976422	harbor2	chr10	112795177	112795358	SINE/MIR	723	+	90	112795267	18845
chr10	112776422	112976422	harbor2	chr10	112802429	112802550	SINE/MIR	490	+	60	112802489	26067
chr10	112776422	112976422	harbor2	chr10	112824690	112824867	SINE/MIR	439	+	88	112824778	48356
chr10	112776422	112976422	harbor2	chr10	112833421	112833613	SINE/MIR	497	+	96	112833517	57095
chr10	112776422	112976422	harbor2	chr10	112833985	112834185	SINE/MIR	545	+	100	112834085	57663
chr10	112776422	112976422	harbor2	chr10	112838747	112838913	SINE/MIR	461	+	83	112838830	62408
chr10	112776422	112976422	harbor2	chr10	112842484	112842646	SINE/MIR	489	+	81	112842565	66143
chr10	112776422	112976422	harbor2	chr10	112862260	112862420	SINE/MIR	436	+	80	112862340	85918
chr10	125566545	125766545	harbor2	chr10	125593368	125593588	SINE/MIR	437	+	110	125593478	26933
chr10	90827380	91027380	harbor2	chr10	90833371	90833567	SINE/MIR	543	+	98	90833469	6089
chr10	90827380	91027380	harbor2	chr10	90841030	90841186	SINE/MIR	574	+	78	90841108	13728
chr10	90827380	91027380	harbor2	chr10	90847110	90847308	SINE/MIR	491	+	99	90847209	19829
chr10	90827380	91027380	harbor2	chr10	90904305	90904515	SINE/MIR	566	+	105	90904410	77030
chr10	93011111	93211111	harbor2	chr10	93064007	93064199	SINE/MIR	441	+	96	93064103	52992
chr10	93011111	93211111	harbor2	chr10	93095001	93095256	SINE/MIR	553	+	128	93095129	84018
chr10	93011111	93211111	harbor2	chr10	93096112	93096369	SINE/MIR	917	+	128	93096240	85129
chr10	99598013	99798013	harbor2	chr10	99598011	99598240	SINE/MIR	414	+	114	99598125	112
chr10	99598013	99798013	harbor2	chr10	99599302	99599428	SINE/MIR	505	+	63	99599365	1352
chr10	99598013	99798013	harbor2	chr10	99609922	99610117	SINE/MIR	495	+	98	99610020	12007
chr10	99598013	99798013	harbor2	chr10	99616199	99616442	SINE/MIR	727	+	122	99616321	18308
chr10	99598013	99798013	harbor2	chr10	99616733	99616940	SINE/MIR	708	+	104	99616837	18824
chr10	99598013	99798013	harbor2	chr10	99691549	99691807	SINE/MIR	784	+	129	99691678	93665
chr10	113009159	113209159	harbor2	chr10	113065619	113065788	SINE/MIR	514	+	84	113065703	56544
chr10	113009159	113209159	harbor2	chr10	113088307	113088515	SINE/MIR	722	+	104	113088411	79252
chr10	113009159	113209159	harbor2	chr10	113102197	113102371	SINE/MIR	420	+	87	113102284	93125
chr10	87275270	87475270	harbor2	chr10	87299286	87299482	SINE/MIR	419	+	98	87299384	24114
chr10	87275270	87475270	harbor2	chr10	87310241	87310464	SINE/MIR	511	+	112	87310353	35083
chr10	33539298	33739298	harbor2	chr10	33552007	33552228	SINE/MIR	451	+	110	33552117	12819
chr10	118251980	118451980	harbor2	chr10	118270033	118270220	SINE/MIR	539	+	94	118270127	18147
chr10	118251980	118451980	harbor2	chr10	118275848	118275997	SINE/MIR	578	+	74	118275922	23942
chr10	118251980	118451980	harbor2	chr10	118277123	118277372	SINE/MIR	784	+	124	118277247	25267
chr10	118251980	118451980	harbor2	chr10	118297371	118297563	SINE/MIR	574	+	96	118297467	45487
chr10	118251980	118451980	harbor2	chr10	118330796	118331038	SINE/MIR	584	+	121	118330917	78937
chr10	118251980	118451980	harbor2	chr10	118337620	118337839	SINE/MIR	693	+	110	118337730	85750
chr10	63999781	64199781	harbor2	chr10	64023274	64023457	SINE/MIR	567	+	92	64023366	23585
chr10	63999781	64199781	harbor2	chr10	64031475	64031688	SINE/MIR	447	+	106	64031581	31800
chr10	63999781	64199781	harbor2	chr10	64036091	64036295	SINE/MIR	491	+	102	64036193	36412
chr10	63999781	64199781	harbor2	chr10	64067432	64067628	SINE/MIR	422	+	98	64067530	67749
chr10	63999781	64199781	harbor2	chr10	64074577	64074808	SINE/MIR	485	+	116	64074693	74912
chr10	63999781	64199781	harbor2	chr10	64084297	64084488	SINE/MIR	606	+	96	64084393	84612
chr10	116754167	116954167	harbor2	chr10	116757607	116757820	SINE/MIR	568	+	106	116757713	3546
chr10	116754167	116954167	harbor2	chr10	116809349	116809569	SINE/MIR	646	+	110	116809459	55292
chr10	116754167	116954167	harbor2	chr10	116844105	116844223	SINE/MIR	427	+	59	116844164	89997
chr10	94319252	94519252	harbor2	chr10	94339122	94339324	SINE/MIR	670	+	101	94339223	19971
chr10	94319252	94519252	harbor2	chr10	94410748	94410926	SINE/MIR	440	+	89	94410837	91585
chr10	94319252	94519252	harbor2	chr10	94412045	94412272	SINE/MIR	588	+	114	94412159	92907
chr10	92302907	92502907	harbor2	chr10	92353299	92353476	SINE/MIR	446	+	88	92353387	50480
chr10	92302907	92502907	harbor2	chr10	92354407	92354579	SINE/MIR	537	+	86	92354493	51586
chr10	92302907	92502907	harbor2	chr10	92383611	92383863	SINE/MIR	890	+	126	92383737	80830
chr10	114601271	114801271	harbor2	chr10	114653059	114653259	SINE/MIR	585	+	100	114653159	51888
chr10	114601271	114801271	harbor2	chr10	114653567	114653616	SINE/MIR	585	+	24	114653591	52320
chr10	114601271	114801271	harbor2	chr10	114694498	114694628	SINE/MIR	565	+	65	114694563	93292
chr10	95795212	95995212	harbor2	chr10	95815602	95815654	SINE/MIR	680	+	26	95815628	20416
chr10	95795212	95995212	harbor2	chr10	95816317	95816406	SINE/MIR	680	+	44	95816361	21149
chr10	95795212	95995212	harbor2	chr10	95831326	95831549	SINE/MIR	596	+	112	95831438	36226
chr10	95795212	95995212	harbor2	chr10	95832676	95832888	SINE/MIR	660	+	106	95832782	37570
chr10	104457848	104657848	harbor2	chr10	104471035	104471233	SINE/MIR	643	+	99	104471134	13286
chr10	104457848	104657848	harbor2	chr10	104482444	104482621	SINE/MIR	582	+	88	104482532	24684
chr10	104457848	104657848	harbor2	chr10	104505944	104506151	SINE/MIR	507	+	104	104506048	48200
chr10	104457848	104657848	harbor2	chr10	104513840	104513997	SINE/MIR	422	+	78	104513918	56070
chr10	104457848	104657848	harbor2	chr10	104519401	104519636	SINE/MIR	494	+	118	104519519	61671
chr10	104457848	104657848	harbor2	chr10	104535948	104536173	SINE/MIR	736	+	112	104536060	78212
chr10	104457848	104657848	harbor2	chr10	104536924	104537096	SINE/MIR	439	+	86	104537010	79162
chr10	104457848	104657848	harbor2	chr10	104547099	104547331	SINE/MIR	410	+	116	104547215	89367
chr10	28714667	28914667	harbor2	chr10	28717542	28717702	SINE/MIR	435	+	80	28717622	2955
chr10	28714667	28914667	harbor2	chr10	28719927	28720109	SINE/MIR	595	+	91	28720018	5351
chr10	28714667	28914667	harbor2	chr10	28776232	28776448	SINE/MIR	564	+	108	28776340	61673
chr10	125265626	125465626	harbor2	chr10	125296996	125297174	SINE/MIR	498	+	89	125297085	31459
chr10	125265626	125465626	harbor2	chr10	125335452	125335645	SINE/MIR	540	+	96	125335548	69922
chr10	126496146	126696146	harbor2	chr10	126516428	126516607	SINE/MIR	407	+	90	126516518	20372
chr10	126496146	126696146	harbor2	chr10	126527575	126527796	SINE/MIR	808	+	110	126527685	31539
chr10	126496146	126696146	harbor2	chr10	126543277	126543436	SINE/MIR	564	+	80	126543357	47211
chr10	126496146	126696146	harbor2	chr10	126551086	126551287	SINE/MIR	440	+	100	126551186	55040
chr10	126496146	126696146	harbor2	chr10	126552759	126552893	SINE/MIR	417	+	67	126552826	56680
chr10	77013521	77213521	harbor2	chr10	77017758	77017973	SINE/MIR	711	+	108	77017866	4345
chr10	77013521	77213521	harbor2	chr10	77020809	77020980	SINE/MIR	523	+	86	77020895	7374
chr10	77013521	77213521	harbor2	chr10	77051702	77051887	SINE/MIR	552	+	92	77051794	38273
chr10	77013521	77213521	harbor2	chr10	77068039	77068280	SINE/MIR	459	+	120	77068159	54638
chr10	77013521	77213521	harbor2	chr10	77081134	77081374	SINE/MIR	577	+	120	77081254	67733
chr10	77013521	77213521	harbor2	chr10	77103997	77104189	SINE/MIR	687	+	96	77104093	90572
chr10	111723424	111923424	harbor2	chr10	111726199	111726415	SINE/MIR	445	+	108	111726307	2883
chr10	111723424	111923424	harbor2	chr10	111726923	111727160	SINE/MIR	567	+	118	111727041	3617
chr10	111723424	111923424	harbor2	chr10	111733750	111733950	SINE/MIR	476	+	100	111733850	10426
chr10	111723424	111923424	harbor2	chr10	111734033	111734237	SINE/MIR	675	+	102	111734135	10711
chr10	111723424	111923424	harbor2	chr10	111742893	111743050	SINE/MIR	672	+	78	111742971	19547
chr10	111723424	111923424	harbor2	chr10	111754224	111754443	SINE/MIR	420	+	110	111754334	30910
chr10	111723424	111923424	harbor2	chr10	111762070	111762252	SINE/MIR	601	+	91	111762161	38737
chr10	111723424	111923424	harbor2	chr10	111770123	111770294	SINE/MIR	481	+	86	111770209	46785
chr10	111723424	111923424	harbor2	chr10	111780645	111780780	SINE/MIR	410	+	68	111780713	57289
chr10	111723424	111923424	harbor2	chr10	111798093	111798329	SINE/MIR	754	+	118	111798211	74787
chr10	111723424	111923424	harbor2	chr10	111805630	111805781	SINE/MIR	446	+	76	111805706	82282
chr10	111723424	111923424	harbor2	chr10	111821225	111821440	SINE/MIR	838	+	108	111821333	97909
chr10	123436531	123636531	harbor2	chr10	123443657	123443845	SINE/MIR	488	+	94	123443751	7220
chr10	123436531	123636531	harbor2	chr10	123447790	123447997	SINE/MIR	531	+	104	123447894	11363
chr10	123436531	123636531	harbor2	chr10	123463870	123464011	SINE/MIR	492	+	70	123463940	27409
chr10	123436531	123636531	harbor2	chr10	123485964	123486190	SINE/MIR	689	+	113	123486077	49546
chr10	123436531	123636531	harbor2	chr10	123489923	123490201	SINE/MIR	555	+	139	123490062	53531
chr10	123436531	123636531	harbor2	chr10	123491130	123491367	SINE/MIR	636	+	118	123491248	54717
chr10	123436531	123636531	harbor2	chr10	123498491	123498672	SINE/MIR	622	+	90	123498581	62050
chr10	123436531	123636531	harbor2	chr10	123526097	123526319	SINE/MIR	448	+	111	123526208	89677
chr10	86631083	86831083	harbor2	chr10	86690802	86690952	SINE/MIR	453	+	75	86690877	59794
chr10	86631083	86831083	harbor2	chr10	86712460	86712642	SINE/MIR	567	+	91	86712551	81468
chr10	86631083	86831083	harbor2	chr10	86717437	86717664	SINE/MIR	961	+	114	86717551	86468
chr10	86631083	86831083	harbor2	chr10	86719468	86719658	SINE/MIR	551	+	95	86719563	88480
chr10	86631083	86831083	harbor2	chr10	86730548	86730775	SINE/MIR	567	+	114	86730662	99579
chr10	25617061	25817061	harbor2	chr10	25668801	25669003	SINE/MIR	594	+	101	25668902	51841
chr10	25617061	25817061	harbor2	chr10	25676846	25676977	SINE/MIR	614	+	66	25676912	59851
chr10	25617061	25817061	harbor2	chr10	25677274	25677342	SINE/MIR	614	+	34	25677308	60247
chr10	25617061	25817061	harbor2	chr10	25703654	25703775	SINE/MIR	432	+	60	25703714	86653
chr10	25617061	25817061	harbor2	chr10	25704062	25704137	SINE/MIR	432	+	38	25704100	87039
chr10	119497380	119697380	harbor2	chr10	119513852	119514071	SINE/MIR	504	+	110	119513962	16582
chr10	117002919	117202919	harbor2	chr10	117062480	117062699	SINE/MIR	503	+	110	117062590	59671
chr10	117002919	117202919	harbor2	chr10	117099772	117099895	SINE/MIR	423	+	62	117099834	96915
chr10	117002919	117202919	harbor2	chr10	117100206	117100234	SINE/MIR	423	+	14	117100220	97301
chr10	69806733	70006733	harbor2	chr10	69809167	69809247	SINE/MIR	429	+	40	69809207	2474
chr10	69806733	70006733	harbor2	chr10	69812267	69812490	SINE/MIR	901	+	112	69812379	5646
chr10	69806733	70006733	harbor2	chr10	69812537	69812668	SINE/MIR	417	+	66	69812603	5870
chr10	69806733	70006733	harbor2	chr10	69824016	69824253	SINE/MIR	537	+	118	69824134	17401
chr10	69806733	70006733	harbor2	chr10	69838362	69838530	SINE/MIR	567	+	84	69838446	31713
chr10	69806733	70006733	harbor2	chr10	69843281	69843416	SINE/MIR	687	+	68	69843349	36616
chr10	69806733	70006733	harbor2	chr10	69843613	69843741	SINE/MIR	687	+	64	69843677	36944
chr10	69806733	70006733	harbor2	chr10	69844489	69844631	SINE/MIR	565	+	71	69844560	37827
chr10	69806733	70006733	harbor2	chr10	69854964	69855202	SINE/MIR	560	+	119	69855083	48350
chr10	69806733	70006733	harbor2	chr10	69858816	69859001	SINE/MIR	472	+	92	69858908	52175
chr10	69806733	70006733	harbor2	chr10	69859031	69859169	SINE/MIR	429	+	69	69859100	52367
chr10	69806733	70006733	harbor2	chr10	69862698	69862913	SINE/MIR	588	+	108	69862806	56073
chr10	69806733	70006733	harbor2	chr10	69864154	69864315	SINE/MIR	546	+	80	69864234	57501
chr10	69806733	70006733	harbor2	chr10	69865889	69866027	SINE/MIR	468	+	69	69865958	59225
chr10	69806733	70006733	harbor2	chr10	69869972	69870169	SINE/MIR	937	+	98	69870070	63337
chr10	69806733	70006733	harbor2	chr10	69899150	69899353	SINE/MIR	687	+	102	69899252	92519
chr10	131290672	131490672	harbor2	chr10	131333781	131334003	SINE/MIR	423	+	111	131333892	43220
chr10	131267561	131467561	harbor2	chr10	131333781	131334003	SINE/MIR	423	+	111	131333892	66331
chr10	104749229	104949229	harbor2	chr10	104765412	104765554	SINE/MIR	454	+	71	104765483	16254
chr10	104749229	104949229	harbor2	chr10	104775133	104775361	SINE/MIR	503	+	114	104775247	26018
chr10	104749229	104949229	harbor2	chr10	104778407	104778605	SINE/MIR	639	+	99	104778506	29277
chr10	104749229	104949229	harbor2	chr10	104801107	104801242	SINE/MIR	532	+	68	104801175	51946
chr10	104749229	104949229	harbor2	chr10	104837878	104838126	SINE/MIR	705	+	124	104838002	88773
chr10	74840912	75040912	harbor2	chr10	74865042	74865165	SINE/MIR	520	+	62	74865104	24192
chr10	74840912	75040912	harbor2	chr10	74934980	74935212	SINE/MIR	547	+	116	74935096	94184
chr10	124003783	124203783	harbor2	chr10	124016645	124016827	SINE/MIR	427	+	91	124016736	12953
chr10	124003783	124203783	harbor2	chr10	124047526	124047763	SINE/MIR	599	+	118	124047644	43861
chr10	124003783	124203783	harbor2	chr10	124052560	124052753	SINE/MIR	635	+	96	124052656	48873
chr10	124003783	124203783	harbor2	chr10	124053042	124053085	SINE/MIR	635	+	22	124053064	49281
chr10	124003783	124203783	harbor2	chr10	124054611	124054812	SINE/MIR	619	+	100	124054711	50928
chr10	124003783	124203783	harbor2	chr10	124078237	124078465	SINE/MIR	569	+	114	124078351	74568
chr10	124003783	124203783	harbor2	chr10	124096152	124096245	SINE/MIR	454	+	46	124096198	92415
chr10	93736984	93936984	harbor2	chr10	93749626	93749854	SINE/MIR	620	+	114	93749740	12756
chr10	93736984	93936984	harbor2	chr10	93752120	93752387	SINE/MIR	876	+	134	93752254	15270
chr10	93736984	93936984	harbor2	chr10	93759806	93760028	SINE/MIR	430	+	111	93759917	22933
chr10	93736984	93936984	harbor2	chr10	93764561	93764799	SINE/MIR	692	+	119	93764680	27696
chr10	93736984	93936984	harbor2	chr10	93768306	93768493	SINE/MIR	454	+	94	93768400	31416
chr10	93736984	93936984	harbor2	chr10	93768728	93768875	SINE/MIR	492	+	74	93768802	31818
chr10	93736984	93936984	harbor2	chr10	93782229	93782462	SINE/MIR	461	+	116	93782345	45361
chr10	93736984	93936984	harbor2	chr10	93793433	93793638	SINE/MIR	484	+	102	93793535	56551
chr10	93736984	93936984	harbor2	chr10	93796429	93796625	SINE/MIR	448	+	98	93796527	59543
chr10	93736984	93936984	harbor2	chr10	93799529	93799695	SINE/MIR	617	+	83	93799612	62628
chr10	93736984	93936984	harbor2	chr10	93805508	93805670	SINE/MIR	435	+	81	93805589	68605
chr10	93736984	93936984	harbor2	chr10	93836558	93836798	SINE/MIR	844	+	120	93836678	99694
chr10	28366450	28566450	harbor2	chr10	28444420	28444595	SINE/MIR	612	+	88	28444508	78058
chr10	122797993	122997993	harbor2	chr10	122804640	122804804	SINE/MIR	433	+	82	122804722	6729
chr10	122797993	122997993	harbor2	chr10	122839827	122840048	SINE/MIR	743	+	110	122839937	41944
chr10	122797993	122997993	harbor2	chr10	122840417	122840569	SINE/MIR	422	+	76	122840493	42500
chr10	122797993	122997993	harbor2	chr10	122887984	122888186	SINE/MIR	609	+	101	122888085	90092
chr10	122295715	122495715	harbor2	chr10	122298643	122298854	SINE/MIR	565	+	106	122298749	3034
chr10	122295715	122495715	harbor2	chr10	122306797	122306928	SINE/MIR	439	+	66	122306863	11148
chr10	122295715	122495715	harbor2	chr10	122306957	122307066	SINE/MIR	442	+	54	122307011	11296
chr10	122295715	122495715	harbor2	chr10	122329059	122329178	SINE/MIR	474	+	60	122329119	33404
chr10	122295715	122495715	harbor2	chr10	122329680	122329826	SINE/MIR	445	+	73	122329753	34038
chr10	122295715	122495715	harbor2	chr10	122335507	122335671	SINE/MIR	539	+	82	122335589	39874
chr10	122295715	122495715	harbor2	chr10	122343288	122343494	SINE/MIR	608	+	103	122343391	47676
chr10	122295715	122495715	harbor2	chr10	122380899	122381082	SINE/MIR	574	+	92	122380991	85276
chr10	122295715	122495715	harbor2	chr10	122392552	122392755	SINE/MIR	455	+	102	122392654	96939
chr10	91935025	92135025	harbor2	chr10	91973204	91973400	SINE/MIR	457	+	98	91973302	38277
chr10	91935025	92135025	harbor2	chr10	92025870	92026101	SINE/MIR	687	+	116	92025986	90961
chr10	91935025	92135025	harbor2	chr10	92026809	92026976	SINE/MIR	435	+	84	92026893	91868
chr10	29036168	29236168	harbor2	chr10	29049631	29049820	SINE/MIR	485	+	94	29049725	13557
chr10	29036168	29236168	harbor2	chr10	29058668	29058885	SINE/MIR	530	+	108	29058776	22608
chr10	29036168	29236168	harbor2	chr10	29067709	29067948	SINE/MIR	779	+	120	29067829	31661
chr10	29036168	29236168	harbor2	chr10	29097027	29097247	SINE/MIR	640	+	110	29097137	60969
chr10	29036168	29236168	harbor2	chr10	29124067	29124197	SINE/MIR	439	+	65	29124132	87964
chr10	83828067	84028067	harbor2	chr10	83913262	83913505	SINE/MIR	553	+	122	83913384	85317
chr10	131755583	131955583	harbor2	chr10	131765950	131766076	SINE/MIR	447	+	63	131766013	10430
chr10	32699788	32899788	harbor2	chr10	32776474	32776704	SINE/MIR	550	+	115	32776589	76801
chr10	102961335	103161335	harbor2	chr10	102964648	102964788	SINE/MIR	412	+	70	102964718	3383
chr10	102961335	103161335	harbor2	chr10	102965188	102965232	SINE/MIR	412	+	22	102965210	3875
chr10	102961335	103161335	harbor2	chr10	102992743	102992899	SINE/MIR	513	+	78	102992821	31486
chr10	105237426	105437426	harbor2	chr10	105257594	105257780	SINE/MIR	440	+	93	105257687	20261
chr10	105237426	105437426	harbor2	chr10	105273556	105273686	SINE/MIR	413	+	65	105273621	36195
chr10	105237426	105437426	harbor2	chr10	105289305	105289543	SINE/MIR	525	+	119	105289424	51998
chr10	105237426	105437426	harbor2	chr10	105334228	105334445	SINE/MIR	468	+	108	105334336	96910
chr10	108276561	108476561	harbor2	chr10	108330442	108330682	SINE/MIR	677	+	120	108330562	54001
chr10	108276561	108476561	harbor2	chr10	108342777	108343017	SINE/MIR	522	+	120	108342897	66336
chr10	108276561	108476561	harbor2	chr10	108352494	108352723	SINE/MIR	526	+	114	108352608	76047
chr10	131877011	132077011	harbor2	chr10	131892630	131892779	SINE/MIR	482	+	74	131892704	15693
chr10	124709102	124909102	harbor2	chr10	124759541	124759767	SINE/MIR	471	+	113	124759654	50552
chr10	120208288	120408288	harbor2	chr10	120208351	120208599	SINE/MIR	909	+	124	120208475	187
chr10	120208288	120408288	harbor2	chr10	120210347	120210482	SINE/MIR	439	+	68	120210415	2127
chr10	120208288	120408288	harbor2	chr10	120213843	120213950	SINE/MIR	424	+	54	120213897	5609
chr10	120208288	120408288	harbor2	chr10	120223014	120223200	SINE/MIR	451	+	93	120223107	14819
chr10	120208288	120408288	harbor2	chr10	120240381	120240566	SINE/MIR	516	+	92	120240473	32185
chr10	120208288	120408288	harbor2	chr10	120270670	120270910	SINE/MIR	414	+	120	120270790	62502
chr10	120208288	120408288	harbor2	chr10	120292736	120292988	SINE/MIR	595	+	126	120292862	84574
chr10	120208288	120408288	harbor2	chr10	120303379	120303609	SINE/MIR	655	+	115	120303494	95206
chr10	116804822	117004822	harbor2	chr10	116809349	116809569	SINE/MIR	646	+	110	116809459	4637
chr10	116804822	117004822	harbor2	chr10	116844105	116844223	SINE/MIR	427	+	59	116844164	39342
chr10	116804822	117004822	harbor2	chr10	116863925	116864060	SINE/MIR	505	+	68	116863993	59171
chr10	116804822	117004822	harbor2	chr10	116895717	116895943	SINE/MIR	480	+	113	116895830	91008
chr10	131741733	131941733	harbor2	chr10	131765950	131766076	SINE/MIR	447	+	63	131766013	24280
chr10	107208296	107408296	harbor2	chr10	107239985	107240214	SINE/MIR	439	+	114	107240099	31803
chr10	107208296	107408296	harbor2	chr10	107242755	107242877	SINE/MIR	447	+	61	107242816	34520
chr10	129072960	129272960	harbor2	chr10	129153863	129154073	SINE/MIR	464	+	105	129153968	81008
chr10	127618429	127818429	harbor2	chr10	127692251	127692440	SINE/MIR	429	+	94	127692345	73916
chr10	108318135	108518135	harbor2	chr10	108330442	108330682	SINE/MIR	677	+	120	108330562	12427
chr10	108318135	108518135	harbor2	chr10	108342777	108343017	SINE/MIR	522	+	120	108342897	24762
chr10	108318135	108518135	harbor2	chr10	108352494	108352723	SINE/MIR	526	+	114	108352608	34473
chr10	108318135	108518135	harbor2	chr10	108391762	108391953	SINE/MIR	473	+	96	108391858	73723
chr10	88574918	88774918	harbor2	chr10	88577414	88577591	SINE/MIR	437	+	88	88577502	2584
chr10	88574918	88774918	harbor2	chr10	88590349	88590515	SINE/MIR	571	+	83	88590432	15514
chr10	88574918	88774918	harbor2	chr10	88603510	88603760	SINE/MIR	497	+	125	88603635	28717
chr10	88574918	88774918	harbor2	chr10	88640569	88640747	SINE/MIR	441	+	89	88640658	65740
chr10	88574918	88774918	harbor2	chr10	88665066	88665259	SINE/MIR	613	+	96	88665162	90244
chr10	131056253	131256253	harbor2	chr10	131086017	131086225	SINE/MIR	482	+	104	131086121	29868
chr10	131056253	131256253	harbor2	chr10	131124804	131124954	SINE/MIR	432	+	75	131124879	68626
chr10	75516797	75716797	harbor2	chr10	75522957	75523198	SINE/MIR	745	+	120	75523077	6280
chr10	75516797	75716797	harbor2	chr10	75523897	75524122	SINE/MIR	493	+	112	75524009	7212
chr10	75516797	75716797	harbor2	chr10	75524292	75524526	SINE/MIR	470	+	117	75524409	7612
chr10	75516797	75716797	harbor2	chr10	75537331	75537523	SINE/MIR	555	+	96	75537427	20630
chr10	75516797	75716797	harbor2	chr10	75554681	75554874	SINE/MIR	533	+	96	75554777	37980
chr10	108846617	109046617	harbor2	chr10	108865907	108866090	SINE/MIR	438	+	92	108865999	19382
chr10	131256720	131456720	harbor2	chr10	131333781	131334003	SINE/MIR	423	+	111	131333892	77172
chr10	128050589	128250589	harbor2	chr10	128054931	128055136	SINE/MIR	413	+	102	128055033	4444
chr10	100593749	100793749	harbor2	chr10	100601897	100602144	SINE/MIR	634	+	124	100602021	8272
chr10	100593749	100793749	harbor2	chr10	100632450	100632633	SINE/MIR	559	+	92	100632542	38793
chr10	100593749	100793749	harbor2	chr10	100632940	100632965	SINE/MIR	482	+	12	100632952	39203
chr10	100593749	100793749	harbor2	chr10	100636144	100636376	SINE/MIR	494	+	116	100636260	42511
chr10	100593749	100793749	harbor2	chr10	100636520	100636746	SINE/MIR	658	+	113	100636633	42884
chr10	100593749	100793749	harbor2	chr10	100659142	100659296	SINE/MIR	503	+	77	100659219	65470
chr10	100593749	100793749	harbor2	chr10	100664024	100664241	SINE/MIR	748	+	108	100664132	70383
chr10	100593749	100793749	harbor2	chr10	100671706	100671912	SINE/MIR	704	+	103	100671809	78060
chr10	100593749	100793749	harbor2	chr10	100681886	100682019	SINE/MIR	468	+	66	100681952	88203
chr10	100593749	100793749	harbor2	chr10	100686927	100687123	SINE/MIR	594	+	98	100687025	93276
chr10	100593749	100793749	harbor2	chr10	100689641	100689761	SINE/MIR	541	+	60	100689701	95952
chr10	100593749	100793749	harbor2	chr10	100692791	100692952	SINE/MIR	514	+	80	100692871	99122
chr10	100593749	100793749	harbor2	chr10	100679555	100679782	SINE/MIR	476	+	114	100679669	85920
chr10	127942419	128142419	harbor2	chr10	127959677	127959880	SINE/MIR	572	+	102	127959779	17360
chr10	127942419	128142419	harbor2	chr10	127975797	127976021	SINE/MIR	420	+	112	127975909	33490
chr10	127942419	128142419	harbor2	chr10	128003973	128004149	SINE/MIR	526	+	88	128004061	61642
chr10	127942419	128142419	harbor2	chr10	128007645	128007818	SINE/MIR	521	+	86	128007731	65312
chr10	127942419	128142419	harbor2	chr10	128019139	128019365	SINE/MIR	583	+	113	128019252	76833
chr10	57524343	57724343	harbor2	chr10	57606780	57606985	SINE/MIR	553	+	102	57606882	82539
chr10	99882955	100082955	harbor2	chr10	99905343	99905466	SINE/MIR	446	+	62	99905405	22450
chr10	99882955	100082955	harbor2	chr10	99913216	99913358	SINE/MIR	488	+	71	99913287	30332
chr10	99882955	100082955	harbor2	chr10	99940233	99940357	SINE/MIR	519	+	62	99940295	57340
chr10	99882955	100082955	harbor2	chr10	99968745	99968977	SINE/MIR	449	+	116	99968861	85906
chr10	99882955	100082955	harbor2	chr10	99975679	99975840	SINE/MIR	567	+	80	99975759	92804
chr10	106842850	107042850	harbor2	chr10	106910961	106911174	SINE/MIR	410	+	106	106911067	68217
chr10	106842850	107042850	harbor2	chr10	106926329	106926513	SINE/MIR	534	+	92	106926421	83571
chr10	106842850	107042850	harbor2	chr10	106940966	106941187	SINE/MIR	851	+	110	106941076	98226
chr10	102489603	102689603	harbor2	chr10	102501628	102501841	SINE/MIR	529	+	106	102501734	12131
chr10	102489603	102689603	harbor2	chr10	102554725	102554931	SINE/MIR	706	+	103	102554828	65225
chr10	68914592	69114592	harbor2	chr10	68981127	68981253	SINE/MIR	456	+	63	68981190	66598
chr10	68914592	69114592	harbor2	chr10	69012117	69012353	SINE/MIR	828	+	118	69012235	97643
chr10	90288138	90488138	harbor2	chr10	90322570	90322833	SINE/MIR	413	+	132	90322702	34564
chr10	90288138	90488138	harbor2	chr10	90348161	90348340	SINE/MIR	407	+	90	90348251	60113
chr10	90288138	90488138	harbor2	chr10	90357679	90357850	SINE/MIR	661	+	86	90357765	69627
chr11	88809305	89009305	harbor2	chr11	88819127	88819275	SINE/MIR	437	+	74	88819201	9896
chr11	88809305	89009305	harbor2	chr11	88820507	88820714	SINE/MIR	408	+	104	88820611	11306
chr11	88809305	89009305	harbor2	chr11	88837269	88837505	SINE/MIR	818	+	118	88837387	28082
chr11	88809305	89009305	harbor2	chr11	88847364	88847434	SINE/MIR	374	+	35	88847399	38094
chr11	88809305	89009305	harbor2	chr11	88868000	88868116	SINE/MIR	435	+	58	88868058	58753
chr11	88809305	89009305	harbor2	chr11	88868287	88868492	SINE/MIR	627	+	102	88868389	59084
chr11	88809305	89009305	harbor2	chr11	88880793	88880963	SINE/MIR	440	+	85	88880878	71573
chr11	88809305	89009305	harbor2	chr11	88902214	88902446	SINE/MIR	472	+	116	88902330	93025
chr11	88809305	89009305	harbor2	chr11	88907015	88907245	SINE/MIR	437	+	115	88907130	97825
chr11	88809305	89009305	harbor2	chr11	88907653	88907902	SINE/MIR	416	+	124	88907777	98472
chr11	94745263	94945263	harbor2	chr11	94753962	94754162	SINE/MIR	698	+	100	94754062	8799
chr11	94745263	94945263	harbor2	chr11	94759586	94759769	SINE/MIR	478	+	92	94759678	14415
chr11	94745263	94945263	harbor2	chr11	94773926	94774100	SINE/MIR	428	+	87	94774013	28750
chr11	94745263	94945263	harbor2	chr11	94778398	94778628	SINE/MIR	660	+	115	94778513	33250
chr11	94745263	94945263	harbor2	chr11	94783107	94783337	SINE/MIR	704	+	115	94783222	37959
chr11	94745263	94945263	harbor2	chr11	94798076	94798300	SINE/MIR	555	+	112	94798188	52925
chr11	94745263	94945263	harbor2	chr11	94748552	94748682	SINE/MIR	410	+	65	94748617	3354
chr11	114935676	115135676	harbor2	chr11	114936921	114937068	SINE/MIR	451	+	74	114936995	1319
chr11	114935676	115135676	harbor2	chr11	114945382	114945601	SINE/MIR	1072	+	110	114945492	9816
chr11	114935676	115135676	harbor2	chr11	114957158	114957308	SINE/MIR	609	+	75	114957233	21557
chr11	114935676	115135676	harbor2	chr11	114983182	114983392	SINE/MIR	533	+	105	114983287	47611
chr11	114935676	115135676	harbor2	chr11	114990777	114990976	SINE/MIR	562	+	100	114990877	55201
chr11	114935676	115135676	harbor2	chr11	115008981	115009202	SINE/MIR	794	+	110	115009091	73415
chr11	20697519	20897519	harbor2	chr11	20716626	20716876	SINE/MIR	799	+	125	20716751	19232
chr11	20697519	20897519	harbor2	chr11	20721903	20722019	SINE/MIR	457	+	58	20721961	24442
chr11	20697519	20897519	harbor2	chr11	20722321	20722387	SINE/MIR	457	+	33	20722354	24835
chr11	20697519	20897519	harbor2	chr11	20722382	20722567	SINE/MIR	461	+	92	20722474	24955
chr11	20697519	20897519	harbor2	chr11	20731624	20731827	SINE/MIR	610	+	102	20731726	34207
chr11	20697519	20897519	harbor2	chr11	20732965	20733074	SINE/MIR	445	+	54	20733019	35500
chr11	20697519	20897519	harbor2	chr11	20737490	20737636	SINE/MIR	374	+	73	20737563	40044
chr11	20697519	20897519	harbor2	chr11	20746313	20746469	SINE/MIR	618	+	78	20746391	48872
chr11	20697519	20897519	harbor2	chr11	20772369	20772530	SINE/MIR	412	+	80	20772449	74930
chr11	20697519	20897519	harbor2	chr11	20772805	20772969	SINE/MIR	384	+	82	20772887	75368
chr11	20697519	20897519	harbor2	chr11	20776859	20776971	SINE/MIR	516	+	56	20776915	79396
chr11	20697519	20897519	harbor2	chr11	20777108	20777329	SINE/MIR	480	+	110	20777218	79699
chr11	20697519	20897519	harbor2	chr11	20785630	20785797	SINE/MIR	480	+	84	20785714	88195
chr11	20697519	20897519	harbor2	chr11	20795862	20796027	SINE/MIR	416	+	82	20795944	98425
chr11	132076026	132276026	harbor2	chr11	132123942	132124149	SINE/MIR	547	+	104	132124046	48020
chr11	132076026	132276026	harbor2	chr11	132145128	132145350	SINE/MIR	515	+	111	132145239	69213
chr11	132076026	132276026	harbor2	chr11	132174186	132174365	SINE/MIR	449	+	90	132174276	98250
chr11	133599692	133799692	harbor2	chr11	133624044	133624256	SINE/MIR	456	+	106	133624150	24458
chr11	133599692	133799692	harbor2	chr11	133659038	133659263	SINE/MIR	636	+	112	133659150	59458
chr11	133599692	133799692	harbor2	chr11	133664685	133664782	SINE/MIR	374	+	48	133664733	65041
chr11	133599692	133799692	harbor2	chr11	133681230	133681447	SINE/MIR	701	+	108	133681338	81646
chr11	133599692	133799692	harbor2	chr11	133681453	133681626	SINE/MIR	559	+	86	133681539	81847
chr11	133599692	133799692	harbor2	chr11	133688163	133688365	SINE/MIR	527	+	101	133688264	88572
chr11	80406593	80606593	harbor2	chr11	80413384	80413508	SINE/MIR	397	+	62	80413446	6853
chr11	80406593	80606593	harbor2	chr11	80418650	80418863	SINE/MIR	934	+	106	80418756	12163
chr11	80406593	80606593	harbor2	chr11	80430300	80430511	SINE/MIR	480	+	106	80430406	23813
chr11	80406593	80606593	harbor2	chr11	80436779	80437022	SINE/MIR	476	+	122	80436901	30308
chr11	80406593	80606593	harbor2	chr11	80441465	80441670	SINE/MIR	577	+	102	80441567	34974
chr11	80406593	80606593	harbor2	chr11	80470990	80471215	SINE/MIR	418	+	112	80471102	64509
chr11	80406593	80606593	harbor2	chr11	80476986	80477197	SINE/MIR	488	+	106	80477092	70499
chr11	80406593	80606593	harbor2	chr11	80486626	80486849	SINE/MIR	843	+	112	80486738	80145
chr11	80406593	80606593	harbor2	chr11	80503687	80503844	SINE/MIR	441	+	78	80503765	97172
chr11	80406593	80606593	harbor2	chr11	80504179	80504335	SINE/MIR	480	+	78	80504257	97664
chr11	33799228	33999228	harbor2	chr11	33821228	33821416	SINE/MIR	408	+	94	33821322	22094
chr11	33799228	33999228	harbor2	chr11	33856001	33856241	SINE/MIR	573	+	120	33856121	56893
chr11	33799228	33999228	harbor2	chr11	33871871	33871981	SINE/MIR	486	+	55	33871926	72698
chr11	33799228	33999228	harbor2	chr11	33872319	33872398	SINE/MIR	486	+	40	33872359	73131
chr11	33799228	33999228	harbor2	chr11	33875090	33875263	SINE/MIR	477	+	86	33875176	75948
chr11	33799228	33999228	harbor2	chr11	33876746	33876976	SINE/MIR	813	+	115	33876861	77633
chr11	33799228	33999228	harbor2	chr11	33878366	33878604	SINE/MIR	588	+	119	33878485	79257
chr11	33799228	33999228	harbor2	chr11	33892488	33892675	SINE/MIR	550	+	94	33892582	93354
chr11	33799228	33999228	harbor2	chr11	33895463	33895646	SINE/MIR	502	+	92	33895555	96327
chr11	56767441	56967441	harbor2	chr11	56776735	56776871	SINE/MIR	466	+	68	56776803	9362
chr11	56767441	56967441	harbor2	chr11	56782745	56782923	SINE/MIR	465	+	89	56782834	15393
chr11	56767441	56967441	harbor2	chr11	56851863	56852096	SINE/MIR	865	+	116	56851979	84538
chr11	67823502	68023502	harbor2	chr11	67827016	67827249	SINE/MIR	717	+	116	67827132	3630
chr11	113602741	113802741	harbor2	chr11	113615948	113616187	SINE/MIR	744	+	120	113616068	13327
chr11	113602741	113802741	harbor2	chr11	113622748	113622899	SINE/MIR	548	+	76	113622824	20083
chr11	113602741	113802741	harbor2	chr11	113641071	113641194	SINE/MIR	380	+	62	113641133	38392
chr11	113602741	113802741	harbor2	chr11	113642211	113642408	SINE/MIR	518	+	98	113642309	39568
chr11	113602741	113802741	harbor2	chr11	113644033	113644167	SINE/MIR	385	+	67	113644100	41359
chr11	113602741	113802741	harbor2	chr11	113645308	113645489	SINE/MIR	528	+	90	113645398	42657
chr11	113602741	113802741	harbor2	chr11	113674870	113675106	SINE/MIR	716	+	118	113674988	72247
chr11	113602741	113802741	harbor2	chr11	113676444	113676690	SINE/MIR	1174	+	123	113676567	73826
chr11	113602741	113802741	harbor2	chr11	113685560	113685763	SINE/MIR	734	+	102	113685662	82921
chr11	113602741	113802741	harbor2	chr11	113696457	113696601	SINE/MIR	629	+	72	113696529	93788
chr11	97054077	97254077	harbor2	chr11	97091980	97092199	SINE/MIR	470	+	110	97092090	38013
chr11	97054077	97254077	harbor2	chr11	97113204	97113462	SINE/MIR	484	+	129	97113333	59256
chr11	97054077	97254077	harbor2	chr11	97119973	97120177	SINE/MIR	487	+	102	97120075	65998
chr11	132269289	132469289	harbor2	chr11	132318199	132318382	SINE/MIR	445	+	92	132318291	49002
chr11	132269289	132469289	harbor2	chr11	132351455	132351553	SINE/MIR	376	+	49	132351504	82215
chr11	105509477	105709477	harbor2	chr11	105570718	105570976	SINE/MIR	670	+	129	105570847	61370
chr11	105509477	105709477	harbor2	chr11	105575922	105576068	SINE/MIR	427	+	73	105575995	66518
chr11	105509477	105709477	harbor2	chr11	105603334	105603507	SINE/MIR	546	+	86	105603420	93943
chr11	64288974	64488974	harbor2	chr11	64330564	64330684	SINE/MIR	660	+	60	64330624	41650
chr11	64288974	64488974	harbor2	chr11	64330979	64331078	SINE/MIR	660	+	50	64331029	42055
chr11	64288974	64488974	harbor2	chr11	64337622	64337787	SINE/MIR	694	+	82	64337704	48730
chr11	64288974	64488974	harbor2	chr11	64347669	64347768	SINE/MIR	659	+	50	64347719	58745
chr11	64288974	64488974	harbor2	chr11	64348075	64348143	SINE/MIR	659	+	34	64348109	59135
chr11	64288974	64488974	harbor2	chr11	64384048	64384249	SINE/MIR	621	+	100	64384148	95174
chr11	105057885	105257885	harbor2	chr11	105072359	105072586	SINE/MIR	513	+	114	105072473	14588
chr11	105057885	105257885	harbor2	chr11	105097048	105097247	SINE/MIR	465	+	100	105097148	39263
chr11	105057885	105257885	harbor2	chr11	105102261	105102488	SINE/MIR	536	+	114	105102375	44490
chr11	105057885	105257885	harbor2	chr11	105141003	105141221	SINE/MIR	568	+	109	105141112	83227
chr11	121785436	121985436	harbor2	chr11	121796469	121796612	SINE/MIR	426	+	72	121796541	11105
chr11	121785436	121985436	harbor2	chr11	121817175	121817337	SINE/MIR	388	+	81	121817256	31820
chr11	121785436	121985436	harbor2	chr11	121831746	121831974	SINE/MIR	643	+	114	121831860	46424
chr11	121785436	121985436	harbor2	chr11	121844291	121844459	SINE/MIR	444	+	84	121844375	58939
chr11	121785436	121985436	harbor2	chr11	121846706	121846840	SINE/MIR	446	+	67	121846773	61337
chr11	121785436	121985436	harbor2	chr11	121868411	121868551	SINE/MIR	425	+	70	121868481	83045
chr11	106411230	106611230	harbor2	chr11	106444950	106445175	SINE/MIR	406	+	112	106445062	33832
chr11	106411230	106611230	harbor2	chr11	106479987	106480170	SINE/MIR	434	+	92	106480079	68849
chr11	106411230	106611230	harbor2	chr11	106484398	106484610	SINE/MIR	472	+	106	106484504	73274
chr11	122761608	122961608	harbor2	chr11	122785622	122785855	SINE/MIR	579	+	116	122785738	24130
chr11	122761608	122961608	harbor2	chr11	122791224	122791398	SINE/MIR	651	+	87	122791311	29703
chr11	122761608	122961608	harbor2	chr11	122804453	122804697	SINE/MIR	399	+	122	122804575	42967
chr11	122761608	122961608	harbor2	chr11	122839250	122839419	SINE/MIR	469	+	84	122839334	77726
chr11	87536864	87736864	harbor2	chr11	87536653	87536868	SINE/MIR	377	+	108	87536761	103
chr11	87536864	87736864	harbor2	chr11	87574420	87574594	SINE/MIR	569	+	87	87574507	37643
chr11	87536864	87736864	harbor2	chr11	87578595	87578815	SINE/MIR	595	+	110	87578705	41841
chr11	87536864	87736864	harbor2	chr11	87581358	87581546	SINE/MIR	686	+	94	87581452	44588
chr11	87536864	87736864	harbor2	chr11	87595222	87595474	SINE/MIR	588	+	126	87595348	58484
chr11	87536864	87736864	harbor2	chr11	87611771	87611972	SINE/MIR	413	+	100	87611871	75007
chr11	87536864	87736864	harbor2	chr11	87633856	87634044	SINE/MIR	448	+	94	87633950	97086
chr11	89426752	89626752	harbor2	chr11	89469963	89470076	SINE/MIR	681	+	56	89470019	43267
chr11	89426752	89626752	harbor2	chr11	89470103	89470191	SINE/MIR	681	+	44	89470147	43395
chr11	89426752	89626752	harbor2	chr11	89483901	89484090	SINE/MIR	464	+	94	89483995	57243
chr11	89426752	89626752	harbor2	chr11	89503577	89503783	SINE/MIR	468	+	103	89503680	76928
chr11	50026457	50226457	harbor2	chr11	50056359	50056553	SINE/MIR	493	+	97	50056456	29999
chr11	50026457	50226457	harbor2	chr11	50086729	50086921	SINE/MIR	462	+	96	50086825	60368
chr11	104576591	104776591	harbor2	chr11	104620538	104620716	SINE/MIR	380	+	89	104620627	44036
chr11	104576591	104776591	harbor2	chr11	104626656	104626858	SINE/MIR	498	+	101	104626757	50166
chr11	134687844	134887844	harbor2	chr11	134711248	134711423	SINE/MIR	478	+	88	134711336	23492
chr11	119038352	119238352	harbor2	chr11	119068172	119068340	SINE/MIR	375	+	84	119068256	29904
chr11	119038352	119238352	harbor2	chr11	119085818	119086041	SINE/MIR	507	+	112	119085930	47578
chr11	119038352	119238352	harbor2	chr11	119091109	119091284	SINE/MIR	859	+	88	119091197	52845
chr11	119038352	119238352	harbor2	chr11	119098716	119098902	SINE/MIR	447	+	93	119098809	60457
chr11	119038352	119238352	harbor2	chr11	119117391	119117599	SINE/MIR	751	+	104	119117495	79143
chr11	119038352	119238352	harbor2	chr11	119117781	119117948	SINE/MIR	569	+	84	119117865	79513
chr11	119038352	119238352	harbor2	chr11	119125972	119126071	SINE/MIR	494	+	50	119126022	87670
chr11	119038352	119238352	harbor2	chr11	119126374	119126467	SINE/MIR	494	+	46	119126420	88068
chr11	133320641	133520641	harbor2	chr11	133328070	133328157	SINE/MIR	401	+	44	133328114	7473
chr11	133320641	133520641	harbor2	chr11	133328458	133328517	SINE/MIR	401	+	30	133328488	7847
chr11	133320641	133520641	harbor2	chr11	133364480	133364676	SINE/MIR	391	+	98	133364578	43937
chr11	133320641	133520641	harbor2	chr11	133372522	133372684	SINE/MIR	374	+	81	133372603	51962
chr11	133320641	133520641	harbor2	chr11	133389394	133389586	SINE/MIR	429	+	96	133389490	68849
chr11	133320641	133520641	harbor2	chr11	133399284	133399380	SINE/MIR	441	+	48	133399332	78691
chr11	133320641	133520641	harbor2	chr11	133403089	133403303	SINE/MIR	549	+	107	133403196	82555
chr11	122555078	122755078	harbor2	chr11	122641752	122641893	SINE/MIR	537	+	70	122641822	86744
chr11	122555078	122755078	harbor2	chr11	122653653	122653846	SINE/MIR	764	+	96	122653749	98671
chr11	122555078	122755078	harbor2	chr11	122654481	122654682	SINE/MIR	658	+	100	122654581	99503
chr11	130939077	131139077	harbor2	chr11	130948955	130949222	SINE/MIR	752	+	134	130949089	10012
chr11	130939077	131139077	harbor2	chr11	130953251	130953459	SINE/MIR	612	+	104	130953355	14278
chr11	96932710	97132710	harbor2	chr11	96939140	96939287	SINE/MIR	428	+	74	96939214	6504
chr11	96932710	97132710	harbor2	chr11	96974987	96975244	SINE/MIR	654	+	128	96975115	42405
chr11	96932710	97132710	harbor2	chr11	97008041	97008208	SINE/MIR	390	+	84	97008125	75415
chr11	85107485	85307485	harbor2	chr11	85113606	85113741	SINE/MIR	424	+	68	85113674	6189
chr11	85107485	85307485	harbor2	chr11	85117277	85117375	SINE/MIR	399	+	49	85117326	9841
chr11	85107485	85307485	harbor2	chr11	85118701	85118894	SINE/MIR	537	+	96	85118797	11312
chr11	85107485	85307485	harbor2	chr11	85118986	85119132	SINE/MIR	436	+	73	85119059	11574
chr11	85107485	85307485	harbor2	chr11	85192102	85192243	SINE/MIR	542	+	70	85192172	84687
chr11	85107485	85307485	harbor2	chr11	85206348	85206493	SINE/MIR	494	+	72	85206420	98935
chr11	129224657	129424657	harbor2	chr11	129240227	129240324	SINE/MIR	451	+	48	129240275	15618
chr11	129224657	129424657	harbor2	chr11	129240952	129241190	SINE/MIR	521	+	119	129241071	16414
chr11	129224657	129424657	harbor2	chr11	129303765	129304003	SINE/MIR	654	+	119	129303884	79227
chr11	129224657	129424657	harbor2	chr11	129317543	129317678	SINE/MIR	514	+	68	129317611	92954
chr11	129224657	129424657	harbor2	chr11	129320765	129320846	SINE/MIR	421	+	40	129320805	96148
chr11	129224657	129424657	harbor2	chr11	129321030	129321140	SINE/MIR	391	+	55	129321085	96428
chr11	129224657	129424657	harbor2	chr11	129323161	129323366	SINE/MIR	625	+	102	129323263	98606
chr11	128042982	128242982	harbor2	chr11	128044075	128044203	SINE/MIR	388	+	64	128044139	1157
chr11	128042982	128242982	harbor2	chr11	128060871	128061071	SINE/MIR	418	+	100	128060971	17989
chr11	128042982	128242982	harbor2	chr11	128134867	128135136	SINE/MIR	409	+	134	128135001	92019
chr11	115763104	115963104	harbor2	chr11	115779507	115779677	SINE/MIR	442	+	85	115779592	16488
chr11	115763104	115963104	harbor2	chr11	115804788	115805021	SINE/MIR	431	+	116	115804904	41800
chr11	115763104	115963104	harbor2	chr11	115843157	115843302	SINE/MIR	598	+	72	115843229	80125
chr11	104219399	104419399	harbor2	chr11	104254116	104254261	SINE/MIR	411	+	72	104254188	34789
chr11	104219399	104419399	harbor2	chr11	104274182	104274372	SINE/MIR	425	+	95	104274277	54878
chr11	104219399	104419399	harbor2	chr11	104286744	104286889	SINE/MIR	424	+	72	104286816	67417
chr11	104219399	104419399	harbor2	chr11	104292770	104292998	SINE/MIR	527	+	114	104292884	73485
chr11	104219399	104419399	harbor2	chr11	104303151	104303407	SINE/MIR	732	+	128	104303279	83880
chr11	104219399	104419399	harbor2	chr11	104316939	104317198	SINE/MIR	866	+	130	104317069	97670
chr11	133691837	133891837	harbor2	chr11	133708274	133708488	SINE/MIR	641	+	107	133708381	16544
chr11	133691837	133891837	harbor2	chr11	133722189	133722308	SINE/MIR	438	+	60	133722249	30412
chr11	133691837	133891837	harbor2	chr11	133722566	133722847	SINE/MIR	447	+	140	133722706	30869
chr11	128358885	128558885	harbor2	chr11	128360780	128360905	SINE/MIR	390	+	62	128360842	1957
chr11	128358885	128558885	harbor2	chr11	128384203	128384442	SINE/MIR	515	+	120	128384323	25438
chr11	128358885	128558885	harbor2	chr11	128406809	128407002	SINE/MIR	380	+	96	128406905	48020
chr11	128358885	128558885	harbor2	chr11	128419974	128420220	SINE/MIR	539	+	123	128420097	61212
chr11	128358885	128558885	harbor2	chr11	128422196	128422399	SINE/MIR	374	+	102	128422298	63413
chr11	128358885	128558885	harbor2	chr11	128429882	128430149	SINE/MIR	669	+	134	128430016	71131
chr11	128358885	128558885	harbor2	chr11	128432739	128432981	SINE/MIR	948	+	121	128432860	73975
chr11	128358885	128558885	harbor2	chr11	128454406	128454608	SINE/MIR	514	+	101	128454507	95622
chr11	72791212	72991212	harbor2	chr11	72821119	72821264	SINE/MIR	416	+	72	72821191	29979
chr11	72791212	72991212	harbor2	chr11	72857841	72858101	SINE/MIR	826	+	130	72857971	66759
chr11	100220962	100420962	harbor2	chr11	100253425	100253549	SINE/MIR	388	+	62	100253487	32525
chr11	100220962	100420962	harbor2	chr11	100284905	100285132	SINE/MIR	609	+	114	100285019	64057
chr11	100220962	100420962	harbor2	chr11	100304724	100304932	SINE/MIR	677	+	104	100304828	83866
chr11	130078647	130278647	harbor2	chr11	130162864	130163070	SINE/MIR	513	+	103	130162967	84320
chr11	114097142	114297142	harbor2	chr11	114101519	114101767	SINE/MIR	568	+	124	114101643	4501
chr11	114097142	114297142	harbor2	chr11	114128381	114128635	SINE/MIR	876	+	127	114128508	31366
chr11	114097142	114297142	harbor2	chr11	114132453	114132659	SINE/MIR	418	+	103	114132556	35414
chr11	114097142	114297142	harbor2	chr11	114141741	114141917	SINE/MIR	728	+	88	114141829	44687
chr11	114097142	114297142	harbor2	chr11	114157246	114157481	SINE/MIR	618	+	118	114157364	60222
chr11	114097142	114297142	harbor2	chr11	114158640	114158761	SINE/MIR	403	+	60	114158700	61558
chr11	114097142	114297142	harbor2	chr11	114174940	114175083	SINE/MIR	384	+	72	114175012	77870
chr11	114097142	114297142	harbor2	chr11	114184557	114184773	SINE/MIR	710	+	108	114184665	87523
chr11	114097142	114297142	harbor2	chr11	114188332	114188590	SINE/MIR	872	+	129	114188461	91319
chr11	95485116	95685116	harbor2	chr11	95512473	95512716	SINE/MIR	475	+	122	95512595	27479
chr11	95485116	95685116	harbor2	chr11	95514114	95514363	SINE/MIR	671	+	124	95514238	29122
chr11	95485116	95685116	harbor2	chr11	95523202	95523404	SINE/MIR	595	+	101	95523303	38187
chr11	95485116	95685116	harbor2	chr11	95575154	95575411	SINE/MIR	603	+	128	95575282	90166
chr11	94562424	94762424	harbor2	chr11	94565023	94565216	SINE/MIR	594	+	96	94565119	2695
chr11	94562424	94762424	harbor2	chr11	94592198	94592314	SINE/MIR	434	+	58	94592256	29832
chr11	94562424	94762424	harbor2	chr11	94609021	94609250	SINE/MIR	730	+	114	94609135	46711
chr11	94562424	94762424	harbor2	chr11	94623809	94623981	SINE/MIR	684	+	86	94623895	61471
chr11	94562424	94762424	harbor2	chr11	94632189	94632380	SINE/MIR	439	+	96	94632285	69861
chr11	94562424	94762424	harbor2	chr11	94648757	94648978	SINE/MIR	475	+	110	94648867	86443
chr11	126756558	126956558	harbor2	chr11	126760666	126760922	SINE/MIR	868	+	128	126760794	4236
chr11	126756558	126956558	harbor2	chr11	126763600	126763816	SINE/MIR	424	+	108	126763708	7150
chr11	126756558	126956558	harbor2	chr11	126769731	126769909	SINE/MIR	544	+	89	126769820	13262
chr11	126756558	126956558	harbor2	chr11	126776316	126776461	SINE/MIR	381	+	72	126776388	19830
chr11	126756558	126956558	harbor2	chr11	126790383	126790545	SINE/MIR	443	+	81	126790464	33906
chr11	126756558	126956558	harbor2	chr11	126792103	126792288	SINE/MIR	446	+	92	126792195	35637
chr11	126756558	126956558	harbor2	chr11	126794347	126794535	SINE/MIR	532	+	94	126794441	37883
chr11	126756558	126956558	harbor2	chr11	126801537	126801768	SINE/MIR	545	+	116	126801653	45095
chr11	126756558	126956558	harbor2	chr11	126815290	126815529	SINE/MIR	434	+	120	126815410	58852
chr11	126756558	126956558	harbor2	chr11	126818329	126818527	SINE/MIR	545	+	99	126818428	61870
chr11	126756558	126956558	harbor2	chr11	126822095	126822257	SINE/MIR	394	+	81	126822176	65618
chr11	126756558	126956558	harbor2	chr11	126827905	126828143	SINE/MIR	734	+	119	126828024	71466
chr11	126756558	126956558	harbor2	chr11	126830994	126831172	SINE/MIR	454	+	89	126831083	74525
chr11	126756558	126956558	harbor2	chr11	126837078	126837309	SINE/MIR	562	+	116	126837194	80636
chr11	25046314	25246314	harbor2	chr11	25117028	25117274	SINE/MIR	540	+	123	25117151	70837
chr11	25046314	25246314	harbor2	chr11	25124871	25125099	SINE/MIR	435	+	114	25124985	78671
chr11	101525974	101725974	harbor2	chr11	101546501	101546696	SINE/MIR	609	+	98	101546599	20625
chr11	101525974	101725974	harbor2	chr11	101562741	101562984	SINE/MIR	899	+	122	101562863	36889
chr11	101525974	101725974	harbor2	chr11	101573296	101573526	SINE/MIR	615	+	115	101573411	47437
chr11	101525974	101725974	harbor2	chr11	101575415	101575621	SINE/MIR	804	+	103	101575518	49544
chr11	101525974	101725974	harbor2	chr11	101618317	101618522	SINE/MIR	578	+	102	101618419	92445
chr11	103600260	103800260	harbor2	chr11	103629857	103630060	SINE/MIR	540	+	102	103629959	29699
chr11	103600260	103800260	harbor2	chr11	103648573	103648764	SINE/MIR	392	+	96	103648669	48409
chr11	103600260	103800260	harbor2	chr11	103651603	103651761	SINE/MIR	631	+	79	103651682	51422
chr11	103600260	103800260	harbor2	chr11	103652513	103652565	SINE/MIR	631	+	26	103652539	52279
chr11	103600260	103800260	harbor2	chr11	103679540	103679756	SINE/MIR	565	+	108	103679648	79388
chr11	103600260	103800260	harbor2	chr11	103688790	103689014	SINE/MIR	729	+	112	103688902	88642
chr11	126600636	126800636	harbor2	chr11	126604836	126605024	SINE/MIR	382	+	94	126604930	4294
chr11	126600636	126800636	harbor2	chr11	126605995	126606216	SINE/MIR	509	+	110	126606105	5469
chr11	126600636	126800636	harbor2	chr11	126606245	126606475	SINE/MIR	684	+	115	126606360	5724
chr11	126600636	126800636	harbor2	chr11	126611042	126611266	SINE/MIR	470	+	112	126611154	10518
chr11	126600636	126800636	harbor2	chr11	126614273	126614423	SINE/MIR	509	+	75	126614348	13712
chr11	126600636	126800636	harbor2	chr11	126635605	126635823	SINE/MIR	472	+	109	126635714	35078
chr11	126600636	126800636	harbor2	chr11	126636049	126636262	SINE/MIR	509	+	106	126636155	35519
chr11	126600636	126800636	harbor2	chr11	126643079	126643295	SINE/MIR	553	+	108	126643187	42551
chr11	126600636	126800636	harbor2	chr11	126653304	126653531	SINE/MIR	444	+	114	126653418	52782
chr11	126600636	126800636	harbor2	chr11	126665765	126666008	SINE/MIR	705	+	122	126665887	65251
chr11	126600636	126800636	harbor2	chr11	126682306	126682417	SINE/MIR	612	+	56	126682362	81726
chr11	126600636	126800636	harbor2	chr11	126683473	126683618	SINE/MIR	411	+	72	126683545	82909
chr11	126600636	126800636	harbor2	chr11	126696807	126697008	SINE/MIR	466	+	100	126696907	96271
chr11	130471575	130671575	harbor2	chr11	130471650	130471864	SINE/MIR	547	+	107	130471757	182
chr11	130471575	130671575	harbor2	chr11	130485056	130485289	SINE/MIR	467	+	116	130485172	13597
chr11	130471575	130671575	harbor2	chr11	130555451	130555577	SINE/MIR	376	+	63	130555514	83939
chr11	130471575	130671575	harbor2	chr11	130562789	130562969	SINE/MIR	530	+	90	130562879	91304
chr11	130489213	130689213	harbor2	chr11	130555451	130555577	SINE/MIR	376	+	63	130555514	66301
chr11	130489213	130689213	harbor2	chr11	130562789	130562969	SINE/MIR	530	+	90	130562879	73666
chr11	130489213	130689213	harbor2	chr11	130581044	130581273	SINE/MIR	592	+	114	130581158	91945
chr11	67664312	67864312	harbor2	chr11	67667174	67667330	SINE/MIR	580	+	78	67667252	2940
chr11	67664312	67864312	harbor2	chr11	67675208	67675370	SINE/MIR	393	+	81	67675289	10977
chr11	116169971	116369971	harbor2	chr11	116177144	116177349	SINE/MIR	443	+	102	116177246	7275
chr11	116169971	116369971	harbor2	chr11	116181942	116182160	SINE/MIR	599	+	109	116182051	12080
chr11	116169971	116369971	harbor2	chr11	116187141	116187235	SINE/MIR	529	+	47	116187188	17217
chr11	116169971	116369971	harbor2	chr11	116187643	116187776	SINE/MIR	529	+	66	116187709	17738
chr11	116169971	116369971	harbor2	chr11	116192412	116192618	SINE/MIR	835	+	103	116192515	22544
chr11	116169971	116369971	harbor2	chr11	116199773	116199913	SINE/MIR	524	+	70	116199843	29872
chr11	116169971	116369971	harbor2	chr11	116201698	116201895	SINE/MIR	839	+	98	116201796	31825
chr11	116169971	116369971	harbor2	chr11	116209505	116209676	SINE/MIR	590	+	86	116209591	39620
chr11	116169971	116369971	harbor2	chr11	116219954	116220049	SINE/MIR	387	+	48	116220002	50031
chr11	116169971	116369971	harbor2	chr11	116231348	116231510	SINE/MIR	437	+	81	116231429	61458
chr11	116169971	116369971	harbor2	chr11	116231553	116231652	SINE/MIR	444	+	50	116231603	61632
chr11	116169971	116369971	harbor2	chr11	116235727	116235987	SINE/MIR	411	+	130	116235857	65886
chr11	116169971	116369971	harbor2	chr11	116236534	116236777	SINE/MIR	651	+	122	116236656	66685
chr11	116169971	116369971	harbor2	chr11	116237853	116238133	SINE/MIR	386	+	140	116237993	68022
chr11	116169971	116369971	harbor2	chr11	116247927	116248106	SINE/MIR	404	+	90	116248017	78046
chr11	116169971	116369971	harbor2	chr11	116249781	116249938	SINE/MIR	425	+	78	116249859	79888
chr11	116169971	116369971	harbor2	chr11	116251334	116251519	SINE/MIR	493	+	92	116251426	81455
chr11	75456332	75656332	harbor2	chr11	75456444	75456630	SINE/MIR	824	+	93	75456537	205
chr11	75456332	75656332	harbor2	chr11	75460951	75461083	SINE/MIR	395	+	66	75461017	4685
chr11	75456332	75656332	harbor2	chr11	75461086	75461219	SINE/MIR	466	+	66	75461152	4820
chr11	75456332	75656332	harbor2	chr11	75464189	75464379	SINE/MIR	717	+	95	75464284	7952
chr11	75456332	75656332	harbor2	chr11	75467156	75467338	SINE/MIR	443	+	91	75467247	10915
chr11	75456332	75656332	harbor2	chr11	75468475	75468587	SINE/MIR	497	+	56	75468531	12199
chr11	75456332	75656332	harbor2	chr11	75489906	75490023	SINE/MIR	444	+	58	75489964	33632
chr11	75456332	75656332	harbor2	chr11	75491590	75491786	SINE/MIR	863	+	98	75491688	35356
chr11	75456332	75656332	harbor2	chr11	75506031	75506166	SINE/MIR	455	+	68	75506099	49767
chr11	75456332	75656332	harbor2	chr11	75511778	75512024	SINE/MIR	457	+	123	75511901	55569
chr11	75456332	75656332	harbor2	chr11	75521356	75521557	SINE/MIR	626	+	100	75521456	65124
chr11	75456332	75656332	harbor2	chr11	75527361	75527448	SINE/MIR	400	+	44	75527405	71073
chr11	75456332	75656332	harbor2	chr11	75529782	75530016	SINE/MIR	948	+	117	75529899	73567
chr11	75456332	75656332	harbor2	chr11	75543985	75544206	SINE/MIR	796	+	110	75544095	87763
chr11	75456332	75656332	harbor2	chr11	75553952	75554088	SINE/MIR	406	+	68	75554020	97688
chr11	111194744	111394744	harbor2	chr11	111197895	111198109	SINE/MIR	537	+	107	111198002	3258
chr11	111194744	111394744	harbor2	chr11	111255190	111255378	SINE/MIR	393	+	94	111255284	60540
chr11	111194744	111394744	harbor2	chr11	111263760	111263963	SINE/MIR	684	+	102	111263862	69118
chr11	111194744	111394744	harbor2	chr11	111265412	111265632	SINE/MIR	407	+	110	111265522	70778
chr11	111194744	111394744	harbor2	chr11	111272326	111272509	SINE/MIR	531	+	92	111272418	77674
chr11	111194744	111394744	harbor2	chr11	111274800	111275052	SINE/MIR	503	+	126	111274926	80182
chr11	125925704	126125704	harbor2	chr11	125985064	125985169	SINE/MIR	418	+	52	125985116	59412
chr11	125925704	126125704	harbor2	chr11	125985479	125985619	SINE/MIR	418	+	70	125985549	59845
chr11	23274216	23474216	harbor2	chr11	23290191	23290423	SINE/MIR	583	+	116	23290307	16091
chr11	23274216	23474216	harbor2	chr11	23369478	23369641	SINE/MIR	559	+	82	23369560	95344
chr11	23274216	23474216	harbor2	chr11	23369753	23369904	SINE/MIR	383	+	76	23369829	95613
chr11	113508218	113708218	harbor2	chr11	113535000	113535146	SINE/MIR	567	+	73	113535073	26855
chr11	113508218	113708218	harbor2	chr11	113537709	113537959	SINE/MIR	637	+	125	113537834	29616
chr11	113508218	113708218	harbor2	chr11	113556181	113556357	SINE/MIR	564	+	88	113556269	48051
chr11	113508218	113708218	harbor2	chr11	113557844	113557994	SINE/MIR	500	+	75	113557919	49701
chr11	113508218	113708218	harbor2	chr11	113570258	113570430	SINE/MIR	573	+	86	113570344	62126
chr11	102412967	102612967	harbor2	chr11	102447308	102447526	SINE/MIR	496	+	109	102447417	34450
chr11	116627019	116827019	harbor2	chr11	116645193	116645395	SINE/MIR	443	+	101	116645294	18275
chr11	116627019	116827019	harbor2	chr11	116646540	116646661	SINE/MIR	477	+	60	116646600	19581
chr11	116627019	116827019	harbor2	chr11	116648100	116648278	SINE/MIR	437	+	89	116648189	21170
chr11	116627019	116827019	harbor2	chr11	116649872	116650045	SINE/MIR	706	+	86	116649958	22939
chr11	116627019	116827019	harbor2	chr11	116652019	116652205	SINE/MIR	473	+	93	116652112	25093
chr11	116627019	116827019	harbor2	chr11	116686294	116686470	SINE/MIR	564	+	88	116686382	59363
chr11	116627019	116827019	harbor2	chr11	116687144	116687361	SINE/MIR	592	+	108	116687252	60233
chr11	133417051	133617051	harbor2	chr11	133436641	133436844	SINE/MIR	574	+	102	133436743	19692
chr11	133417051	133617051	harbor2	chr11	133465647	133465845	SINE/MIR	417	+	99	133465746	48695
chr11	133417051	133617051	harbor2	chr11	133478913	133479128	SINE/MIR	415	+	108	133479021	61970
chr11	36611572	36811572	harbor2	chr11	36622485	36622727	SINE/MIR	601	+	121	36622606	11034
chr11	36611572	36811572	harbor2	chr11	36625065	36625253	SINE/MIR	717	+	94	36625159	13587
chr11	36611572	36811572	harbor2	chr11	36632014	36632265	SINE/MIR	846	+	126	36632140	20568
chr11	36611572	36811572	harbor2	chr11	36657615	36657803	SINE/MIR	454	+	94	36657709	46137
chr11	36611572	36811572	harbor2	chr11	36688384	36688608	SINE/MIR	460	+	112	36688496	76924
chr11	36611572	36811572	harbor2	chr11	36704050	36704211	SINE/MIR	387	+	80	36704130	92558
chr11	130280572	130480572	harbor2	chr11	130308390	130308624	SINE/MIR	733	+	117	130308507	27935
chr11	130280572	130480572	harbor2	chr11	130313150	130313338	SINE/MIR	412	+	94	130313244	32672
chr11	134616501	134816501	harbor2	chr11	134633645	134633830	SINE/MIR	483	+	92	134633737	17236
chr11	134616501	134816501	harbor2	chr11	134640245	134640492	SINE/MIR	393	+	124	134640369	23868
chr11	134616501	134816501	harbor2	chr11	134678073	134678205	SINE/MIR	410	+	66	134678139	61638
chr11	134616501	134816501	harbor2	chr11	134684239	134684459	SINE/MIR	711	+	110	134684349	67848
chr11	134616501	134816501	harbor2	chr11	134711248	134711423	SINE/MIR	478	+	88	134711336	94835
chr11	134616501	134816501	harbor2	chr11	134643594	134643817	SINE/MIR	537	+	112	134643706	27205
chr11	76323871	76523871	harbor2	chr11	76329297	76329445	SINE/MIR	455	+	74	76329371	5500
chr11	76323871	76523871	harbor2	chr11	76329495	76329740	SINE/MIR	758	+	122	76329617	5746
chr11	76323871	76523871	harbor2	chr11	76344474	76344661	SINE/MIR	434	+	94	76344568	20697
chr11	76323871	76523871	harbor2	chr11	76346411	76346571	SINE/MIR	495	+	80	76346491	22620
chr11	76323871	76523871	harbor2	chr11	76347803	76347970	SINE/MIR	375	+	84	76347887	24016
chr11	76323871	76523871	harbor2	chr11	76354908	76355050	SINE/MIR	579	+	71	76354979	31108
chr11	76323871	76523871	harbor2	chr11	76361485	76361650	SINE/MIR	483	+	82	76361567	37696
chr11	76323871	76523871	harbor2	chr11	76390270	76390406	SINE/MIR	417	+	68	76390338	66467
chr11	76323871	76523871	harbor2	chr11	76411680	76411911	SINE/MIR	616	+	116	76411796	87925
chr11	76323871	76523871	harbor2	chr11	76413365	76413569	SINE/MIR	527	+	102	76413467	89596
chr11	100205624	100405624	harbor2	chr11	100212553	100212730	SINE/MIR	459	+	88	100212641	7017
chr11	100205624	100405624	harbor2	chr11	100253425	100253549	SINE/MIR	388	+	62	100253487	47863
chr11	100205624	100405624	harbor2	chr11	100284905	100285132	SINE/MIR	609	+	114	100285019	79395
chr11	100205624	100405624	harbor2	chr11	100304724	100304932	SINE/MIR	677	+	104	100304828	99204
chr11	122637951	122837951	harbor2	chr11	122641752	122641893	SINE/MIR	537	+	70	122641822	3871
chr11	122637951	122837951	harbor2	chr11	122653653	122653846	SINE/MIR	764	+	96	122653749	15798
chr11	122637951	122837951	harbor2	chr11	122654481	122654682	SINE/MIR	658	+	100	122654581	16630
chr11	122637951	122837951	harbor2	chr11	122663745	122663972	SINE/MIR	644	+	114	122663859	25908
chr11	122637951	122837951	harbor2	chr11	122670463	122670613	SINE/MIR	527	+	75	122670538	32587
chr11	122637951	122837951	harbor2	chr11	122690324	122690408	SINE/MIR	424	+	42	122690366	52415
chr11	122637951	122837951	harbor2	chr11	122691990	122692211	SINE/MIR	665	+	110	122692100	54149
chr11	122637951	122837951	harbor2	chr11	122708687	122708901	SINE/MIR	405	+	107	122708794	70843
chr11	122637951	122837951	harbor2	chr11	122714524	122714677	SINE/MIR	551	+	76	122714600	76649
chr11	122637951	122837951	harbor2	chr11	122714757	122714935	SINE/MIR	618	+	89	122714846	76895
chr11	122637951	122837951	harbor2	chr11	122715245	122715314	SINE/MIR	618	+	34	122715279	77328
chr11	122637951	122837951	harbor2	chr11	122718379	122718640	SINE/MIR	452	+	130	122718509	80558
chr11	122637951	122837951	harbor2	chr11	122724130	122724362	SINE/MIR	767	+	116	122724246	86295
chr11	134931997	135131997	harbor2	chr11	134943335	134943512	SINE/MIR	378	+	88	134943423	11426
chr11	134931997	135131997	harbor2	chr11	134972675	134972781	SINE/MIR	440	+	53	134972728	40731
chr11	134931997	135131997	harbor2	chr11	134954950	134955125	SINE/MIR	384	+	88	134955038	23041
chr11	69199813	69399813	harbor2	chr11	69216372	69216584	SINE/MIR	726	+	106	69216478	16665
chr11	69199813	69399813	harbor2	chr11	69231391	69231551	SINE/MIR	381	+	80	69231471	31658
chr11	69199813	69399813	harbor2	chr11	69251181	69251408	SINE/MIR	537	+	114	69251295	51482
chr11	69199813	69399813	harbor2	chr11	69269518	69269615	SINE/MIR	509	+	48	69269566	69753
chr11	69199813	69399813	harbor2	chr11	69272567	69272755	SINE/MIR	643	+	94	69272661	72848
chr11	69199813	69399813	harbor2	chr11	69280560	69280753	SINE/MIR	411	+	96	69280656	80843
chr11	69199813	69399813	harbor2	chr11	69282452	69282622	SINE/MIR	401	+	85	69282537	82724
chr11	69199813	69399813	harbor2	chr11	69284417	69284561	SINE/MIR	586	+	72	69284489	84676
chr11	69199813	69399813	harbor2	chr11	69290436	69290678	SINE/MIR	494	+	121	69290557	90744
chr11	69199813	69399813	harbor2	chr11	69291204	69291390	SINE/MIR	586	+	93	69291297	91484
chr11	125946090	126146090	harbor2	chr11	125985064	125985169	SINE/MIR	418	+	52	125985116	39026
chr11	125946090	126146090	harbor2	chr11	125985479	125985619	SINE/MIR	418	+	70	125985549	39459
chr11	115500745	115700745	harbor2	chr11	115518918	115519162	SINE/MIR	511	+	122	115519040	18295
chr11	115500745	115700745	harbor2	chr11	115547191	115547352	SINE/MIR	601	+	80	115547271	46526
chr11	115500745	115700745	harbor2	chr11	115547663	115547732	SINE/MIR	601	+	34	115547697	46952
chr11	115500745	115700745	harbor2	chr11	115551811	115551984	SINE/MIR	474	+	86	115551897	51152
chr11	115500745	115700745	harbor2	chr11	115559242	115559466	SINE/MIR	582	+	112	115559354	58609
chr11	115500745	115700745	harbor2	chr11	115560303	115560515	SINE/MIR	707	+	106	115560409	59664
chr11	115500745	115700745	harbor2	chr11	115581093	115581263	SINE/MIR	442	+	85	115581178	80433
chr11	115500745	115700745	harbor2	chr11	115598687	115598920	SINE/MIR	650	+	116	115598803	98058
chr11	82367958	82567958	harbor2	chr11	82408276	82408468	SINE/MIR	645	+	96	82408372	40414
chr11	82367958	82567958	harbor2	chr11	82431384	82431539	SINE/MIR	472	+	78	82431462	63504
chr11	82367958	82567958	harbor2	chr11	82443447	82443596	SINE/MIR	439	+	74	82443521	75563
chr11	82367958	82567958	harbor2	chr11	82446198	82446377	SINE/MIR	420	+	90	82446288	78330
chr11	82367958	82567958	harbor2	chr11	82451764	82452019	SINE/MIR	887	+	128	82451892	83934
chr11	82367958	82567958	harbor2	chr11	82452782	82453008	SINE/MIR	835	+	113	82452895	84937
chr11	82367958	82567958	harbor2	chr11	82456160	82456363	SINE/MIR	560	+	102	82456262	88304
chr11	82367958	82567958	harbor2	chr11	82466922	82467134	SINE/MIR	388	+	106	82467028	99070
chr11	122268206	122468206	harbor2	chr11	122269401	122269609	SINE/MIR	629	+	104	122269505	1299
chr11	122268206	122468206	harbor2	chr11	122283894	122284119	SINE/MIR	652	+	112	122284006	15800
chr11	122268206	122468206	harbor2	chr11	122286171	122286343	SINE/MIR	501	+	86	122286257	18051
chr11	122268206	122468206	harbor2	chr11	122288221	122288469	SINE/MIR	620	+	124	122288345	20139
chr11	122268206	122468206	harbor2	chr11	122295657	122295853	SINE/MIR	529	+	98	122295755	27549
chr11	122268206	122468206	harbor2	chr11	122311741	122311924	SINE/MIR	541	+	92	122311833	43627
chr11	122268206	122468206	harbor2	chr11	122316779	122317021	SINE/MIR	652	+	121	122316900	48694
chr11	122268206	122468206	harbor2	chr11	122317031	122317223	SINE/MIR	383	+	96	122317127	48921
chr11	122268206	122468206	harbor2	chr11	122324365	122324541	SINE/MIR	572	+	88	122324453	56247
chr11	122268206	122468206	harbor2	chr11	122324935	122325178	SINE/MIR	821	+	122	122325057	56851
chr11	122268206	122468206	harbor2	chr11	122330682	122330932	SINE/MIR	854	+	125	122330807	62601
chr11	122268206	122468206	harbor2	chr11	122337313	122337498	SINE/MIR	483	+	92	122337405	69199
chr11	122268206	122468206	harbor2	chr11	122358476	122358710	SINE/MIR	468	+	117	122358593	90387
chr11	122268206	122468206	harbor2	chr11	122359914	122360115	SINE/MIR	462	+	100	122360014	91808
chr11	90302240	90502240	harbor2	chr11	90363134	90363354	SINE/MIR	731	+	110	90363244	61004
chr11	90302240	90502240	harbor2	chr11	90393803	90394033	SINE/MIR	622	+	115	90393918	91678
chr11	90302240	90502240	harbor2	chr11	90394595	90394821	SINE/MIR	554	+	113	90394708	92468
chr11	97093032	97293032	harbor2	chr11	97113204	97113462	SINE/MIR	484	+	129	97113333	20301
chr11	97093032	97293032	harbor2	chr11	97119973	97120177	SINE/MIR	487	+	102	97120075	27043
chr11	97093032	97293032	harbor2	chr11	97162374	97162560	SINE/MIR	397	+	93	97162467	69435
chr11	97093032	97293032	harbor2	chr11	97169848	97170047	SINE/MIR	588	+	100	97169948	76916
chr11	97093032	97293032	harbor2	chr11	97173864	97174008	SINE/MIR	376	+	72	97173936	80904
chr11	130437790	130637790	harbor2	chr11	130444342	130444435	SINE/MIR	405	+	46	130444388	6598
chr11	130437790	130637790	harbor2	chr11	130454994	130455179	SINE/MIR	507	+	92	130455086	17296
chr11	130437790	130637790	harbor2	chr11	130456001	130456239	SINE/MIR	621	+	119	130456120	18330
chr11	130437790	130637790	harbor2	chr11	130460098	130460227	SINE/MIR	383	+	64	130460162	22372
chr11	130437790	130637790	harbor2	chr11	130471650	130471864	SINE/MIR	547	+	107	130471757	33967
chr11	130437790	130637790	harbor2	chr11	130485056	130485289	SINE/MIR	467	+	116	130485172	47382
chr11	39943085	40143085	harbor2	chr11	39972539	39972557	SINE/MIR	390	+	9	39972548	29463
chr11	39943085	40143085	harbor2	chr11	39972942	39973129	SINE/MIR	390	+	94	39973036	29951
chr11	39943085	40143085	harbor2	chr11	39977334	39977561	SINE/MIR	472	+	114	39977448	34363
chr11	39943085	40143085	harbor2	chr11	40013036	40013237	SINE/MIR	435	+	100	40013136	70051
chr11	39943085	40143085	harbor2	chr11	40018743	40018917	SINE/MIR	463	+	87	40018830	75745
chr11	59501102	59701102	harbor2	chr11	59506077	59506340	SINE/MIR	594	+	132	59506209	5107
chr11	59501102	59701102	harbor2	chr11	59525210	59525353	SINE/MIR	510	+	72	59525282	24180
chr11	59501102	59701102	harbor2	chr11	59549351	59549497	SINE/MIR	384	+	73	59549424	48322
chr11	59501102	59701102	harbor2	chr11	59590364	59590611	SINE/MIR	662	+	124	59590488	89386
chr11	115379566	115579566	harbor2	chr11	115381479	115381698	SINE/MIR	816	+	110	115381589	2023
chr11	115379566	115579566	harbor2	chr11	115415049	115415294	SINE/MIR	472	+	122	115415171	35605
chr11	115379566	115579566	harbor2	chr11	115434466	115434680	SINE/MIR	558	+	107	115434573	55007
chr11	115379566	115579566	harbor2	chr11	115445256	115445470	SINE/MIR	488	+	107	115445363	65797
chr11	115379566	115579566	harbor2	chr11	115447229	115447425	SINE/MIR	578	+	98	115447327	67761
chr11	115379566	115579566	harbor2	chr11	115448103	115448146	SINE/MIR	578	+	22	115448125	68559
chr11	115379566	115579566	harbor2	chr11	115456602	115456815	SINE/MIR	755	+	106	115456708	77142
chr11	115379566	115579566	harbor2	chr11	115458297	115458493	SINE/MIR	621	+	98	115458395	78829
chr11	129036300	129236300	harbor2	chr11	129044108	129044265	SINE/MIR	629	+	78	129044186	7886
chr11	129036300	129236300	harbor2	chr11	129044709	129044848	SINE/MIR	480	+	70	129044779	8479
chr11	129036300	129236300	harbor2	chr11	129053555	129053750	SINE/MIR	481	+	98	129053653	17353
chr11	129036300	129236300	harbor2	chr11	129070141	129070304	SINE/MIR	482	+	82	129070223	33923
chr11	129036300	129236300	harbor2	chr11	129091712	129091898	SINE/MIR	403	+	93	129091805	55505
chr11	133309979	133509979	harbor2	chr11	133320344	133320562	SINE/MIR	436	+	109	133320453	10474
chr11	133309979	133509979	harbor2	chr11	133328070	133328157	SINE/MIR	401	+	44	133328114	18135
chr11	133309979	133509979	harbor2	chr11	133328458	133328517	SINE/MIR	401	+	30	133328488	18509
chr11	133309979	133509979	harbor2	chr11	133364480	133364676	SINE/MIR	391	+	98	133364578	54599
chr11	133309979	133509979	harbor2	chr11	133372522	133372684	SINE/MIR	374	+	81	133372603	62624
chr11	133309979	133509979	harbor2	chr11	133389394	133389586	SINE/MIR	429	+	96	133389490	79511
chr11	133309979	133509979	harbor2	chr11	133399284	133399380	SINE/MIR	441	+	48	133399332	89353
chr11	133309979	133509979	harbor2	chr11	133403089	133403303	SINE/MIR	549	+	107	133403196	93217
chr11	117695936	117895936	harbor2	chr11	117695772	117695961	SINE/MIR	667	+	94	117695866	70
chr11	117695936	117895936	harbor2	chr11	117705826	117705916	SINE/MIR	397	+	45	117705871	9935
chr11	117695936	117895936	harbor2	chr11	117708392	117708604	SINE/MIR	598	+	106	117708498	12562
chr11	117695936	117895936	harbor2	chr11	117708969	117709064	SINE/MIR	401	+	48	117709017	13081
chr11	117695936	117895936	harbor2	chr11	117710527	117710752	SINE/MIR	655	+	112	117710639	14703
chr11	117695936	117895936	harbor2	chr11	117713954	117714177	SINE/MIR	842	+	112	117714066	18130
chr11	117695936	117895936	harbor2	chr11	117716222	117716338	SINE/MIR	380	+	58	117716280	20344
chr11	117695936	117895936	harbor2	chr11	117720620	117720848	SINE/MIR	734	+	114	117720734	24798
chr11	117695936	117895936	harbor2	chr11	117722950	117723161	SINE/MIR	637	+	106	117723056	27120
chr11	117695936	117895936	harbor2	chr11	117726099	117726237	SINE/MIR	418	+	69	117726168	30232
chr11	117695936	117895936	harbor2	chr11	117736859	117737031	SINE/MIR	404	+	86	117736945	41009
chr11	117695936	117895936	harbor2	chr11	117745722	117745932	SINE/MIR	1014	+	105	117745827	49891
chr11	117695936	117895936	harbor2	chr11	117746246	117746288	SINE/MIR	1014	+	21	117746267	50331
chr11	117695936	117895936	harbor2	chr11	117748020	117748221	SINE/MIR	649	+	100	117748120	52184
chr11	117695936	117895936	harbor2	chr11	117753030	117753253	SINE/MIR	698	+	112	117753142	57206
chr11	117695936	117895936	harbor2	chr11	117761444	117761588	SINE/MIR	824	+	72	117761516	65580
chr11	117695936	117895936	harbor2	chr11	117761892	117761995	SINE/MIR	824	+	52	117761944	66008
chr11	117695936	117895936	harbor2	chr11	117766934	117767141	SINE/MIR	521	+	104	117767038	71102
chr11	117695936	117895936	harbor2	chr11	117767195	117767402	SINE/MIR	694	+	104	117767299	71363
chr11	117695936	117895936	harbor2	chr11	117767716	117767956	SINE/MIR	538	+	120	117767836	71900
chr11	117695936	117895936	harbor2	chr11	117769614	117769866	SINE/MIR	971	+	126	117769740	73804
chr11	117695936	117895936	harbor2	chr11	117771621	117771891	SINE/MIR	589	+	135	117771756	75820
chr11	117695936	117895936	harbor2	chr11	117774740	117774987	SINE/MIR	561	+	124	117774864	78928
chr11	117695936	117895936	harbor2	chr11	117787066	117787297	SINE/MIR	924	+	116	117787182	91246
chr11	126733061	126933061	harbor2	chr11	126743612	126743823	SINE/MIR	700	+	106	126743718	10657
chr11	126733061	126933061	harbor2	chr11	126749910	126750148	SINE/MIR	431	+	119	126750029	16968
chr11	126733061	126933061	harbor2	chr11	126752004	126752184	SINE/MIR	470	+	90	126752094	19033
chr11	126733061	126933061	harbor2	chr11	126760666	126760922	SINE/MIR	868	+	128	126760794	27733
chr11	126733061	126933061	harbor2	chr11	126763600	126763816	SINE/MIR	424	+	108	126763708	30647
chr11	126733061	126933061	harbor2	chr11	126769731	126769909	SINE/MIR	544	+	89	126769820	36759
chr11	126733061	126933061	harbor2	chr11	126776316	126776461	SINE/MIR	381	+	72	126776388	43327
chr11	126733061	126933061	harbor2	chr11	126790383	126790545	SINE/MIR	443	+	81	126790464	57403
chr11	126733061	126933061	harbor2	chr11	126792103	126792288	SINE/MIR	446	+	92	126792195	59134
chr11	126733061	126933061	harbor2	chr11	126794347	126794535	SINE/MIR	532	+	94	126794441	61380
chr11	126733061	126933061	harbor2	chr11	126801537	126801768	SINE/MIR	545	+	116	126801653	68592
chr11	126733061	126933061	harbor2	chr11	126815290	126815529	SINE/MIR	434	+	120	126815410	82349
chr11	126733061	126933061	harbor2	chr11	126818329	126818527	SINE/MIR	545	+	99	126818428	85367
chr11	126733061	126933061	harbor2	chr11	126822095	126822257	SINE/MIR	394	+	81	126822176	89115
chr11	126733061	126933061	harbor2	chr11	126827905	126828143	SINE/MIR	734	+	119	126828024	94963
chr11	126733061	126933061	harbor2	chr11	126830994	126831172	SINE/MIR	454	+	89	126831083	98022
chr11	110259290	110459290	harbor2	chr11	110321492	110321739	SINE/MIR	803	+	124	110321616	62326
chr11	110259290	110459290	harbor2	chr11	110356897	110357066	SINE/MIR	458	+	84	110356981	97691
chr11	103890630	104090630	harbor2	chr11	103926063	103926288	SINE/MIR	547	+	112	103926175	35545
chr11	103890630	104090630	harbor2	chr11	103947935	103948140	SINE/MIR	458	+	102	103948037	57407
chr11	103890630	104090630	harbor2	chr11	103962647	103962823	SINE/MIR	440	+	88	103962735	72105
chr11	103890630	104090630	harbor2	chr11	103962948	103963157	SINE/MIR	787	+	104	103963052	72422
chr11	123814436	124014436	harbor2	chr11	123816089	123816265	SINE/MIR	440	+	88	123816177	1741
chr11	123814436	124014436	harbor2	chr11	123816327	123816553	SINE/MIR	562	+	113	123816440	2004
chr11	123814436	124014436	harbor2	chr11	123840180	123840416	SINE/MIR	633	+	118	123840298	25862
chr11	123814436	124014436	harbor2	chr11	123886506	123886668	SINE/MIR	415	+	81	123886587	72151
chr11	128712559	128912559	harbor2	chr11	128718272	128718403	SINE/MIR	457	+	66	128718338	5779
chr11	128712559	128912559	harbor2	chr11	128719149	128719320	SINE/MIR	520	+	86	128719235	6676
chr11	128712559	128912559	harbor2	chr11	128727134	128727347	SINE/MIR	697	+	106	128727240	14681
chr11	128712559	128912559	harbor2	chr11	128738526	128738765	SINE/MIR	679	+	120	128738646	26087
chr11	128712559	128912559	harbor2	chr11	128752588	128752790	SINE/MIR	562	+	101	128752689	40130
chr11	128712559	128912559	harbor2	chr11	128767396	128767581	SINE/MIR	468	+	92	128767488	54929
chr11	128712559	128912559	harbor2	chr11	128771029	128771151	SINE/MIR	414	+	61	128771090	58531
chr11	128712559	128912559	harbor2	chr11	128778448	128778671	SINE/MIR	532	+	112	128778560	66001
chr11	128712559	128912559	harbor2	chr11	128787535	128787721	SINE/MIR	469	+	93	128787628	75069
chr11	132348085	132548085	harbor2	chr11	132351455	132351553	SINE/MIR	376	+	49	132351504	3419
chr11	132348085	132548085	harbor2	chr11	132424616	132424782	SINE/MIR	381	+	83	132424699	76614
chr11	132348085	132548085	harbor2	chr11	132425371	132425556	SINE/MIR	446	+	92	132425463	77378
chr11	132348085	132548085	harbor2	chr11	132432086	132432287	SINE/MIR	382	+	100	132432186	84101
chr11	131570265	131770265	harbor2	chr11	131570969	131571153	SINE/MIR	509	+	92	131571061	796
chr11	131570265	131770265	harbor2	chr11	131576759	131576981	SINE/MIR	628	+	111	131576870	6605
chr11	131570265	131770265	harbor2	chr11	131577035	131577248	SINE/MIR	589	+	106	131577141	6876
chr11	131570265	131770265	harbor2	chr11	131578588	131578761	SINE/MIR	551	+	86	131578674	8409
chr11	131570265	131770265	harbor2	chr11	131592227	131592340	SINE/MIR	391	+	56	131592283	22018
chr11	131570265	131770265	harbor2	chr11	131594889	131595062	SINE/MIR	437	+	86	131594975	24710
chr11	131570265	131770265	harbor2	chr11	131623154	131623371	SINE/MIR	484	+	108	131623262	52997
chr11	131570265	131770265	harbor2	chr11	131636663	131636798	SINE/MIR	441	+	68	131636731	66466
chr11	128241785	128441785	harbor2	chr11	128245562	128245748	SINE/MIR	639	+	93	128245655	3870
chr11	128241785	128441785	harbor2	chr11	128248306	128248556	SINE/MIR	483	+	125	128248431	6646
chr11	128241785	128441785	harbor2	chr11	128250002	128250217	SINE/MIR	399	+	108	128250110	8325
chr11	128241785	128441785	harbor2	chr11	128291647	128291832	SINE/MIR	485	+	92	128291739	49954
chr11	128241785	128441785	harbor2	chr11	128331186	128331405	SINE/MIR	758	+	110	128331296	89511
chr11	125467299	125667299	harbor2	chr11	125489933	125490149	SINE/MIR	682	+	108	125490041	22742
chr11	125467299	125667299	harbor2	chr11	125492583	125492807	SINE/MIR	672	+	112	125492695	25396
chr11	125467299	125667299	harbor2	chr11	125497627	125497705	SINE/MIR	486	+	39	125497666	30367
chr11	125467299	125667299	harbor2	chr11	125498002	125498098	SINE/MIR	486	+	48	125498050	30751
chr11	125467299	125667299	harbor2	chr11	125498688	125498879	SINE/MIR	615	+	96	125498784	31485
chr11	125467299	125667299	harbor2	chr11	125508381	125508544	SINE/MIR	421	+	82	125508463	41164
chr11	131144361	131344361	harbor2	chr11	131158731	131158911	SINE/MIR	480	+	90	131158821	14460
chr11	131144361	131344361	harbor2	chr11	131179660	131179899	SINE/MIR	665	+	120	131179780	35419
chr11	131144361	131344361	harbor2	chr11	131182761	131182911	SINE/MIR	476	+	75	131182836	38475
chr11	131144361	131344361	harbor2	chr11	131209330	131209530	SINE/MIR	404	+	100	131209430	65069
chr11	131144361	131344361	harbor2	chr11	131217233	131217413	SINE/MIR	629	+	90	131217323	72962
chr11	131144361	131344361	harbor2	chr11	131237135	131237284	SINE/MIR	458	+	74	131237209	92848
chr11	131144361	131344361	harbor2	chr11	131240103	131240331	SINE/MIR	440	+	114	131240217	95856
chr11	106184289	106384289	harbor2	chr11	106192539	106192687	SINE/MIR	538	+	74	106192613	8324
chr11	106184289	106384289	harbor2	chr11	106203398	106203564	SINE/MIR	549	+	83	106203481	19192
chr11	106184289	106384289	harbor2	chr11	106230920	106231149	SINE/MIR	672	+	114	106231034	46745
chr11	106184289	106384289	harbor2	chr11	106250565	106250723	SINE/MIR	413	+	79	106250644	66355
chr11	129357157	129557157	harbor2	chr11	129364849	129365079	SINE/MIR	643	+	115	129364964	7807
chr11	129357157	129557157	harbor2	chr11	129388855	129389033	SINE/MIR	745	+	89	129388944	31787
chr11	129357157	129557157	harbor2	chr11	129389036	129389217	SINE/MIR	721	+	90	129389126	31969
chr11	129357157	129557157	harbor2	chr11	129402189	129402391	SINE/MIR	434	+	101	129402290	45133
chr11	129357157	129557157	harbor2	chr11	129436105	129436284	SINE/MIR	465	+	90	129436195	79038
chr11	129357157	129557157	harbor2	chr11	129441809	129441968	SINE/MIR	430	+	80	129441889	84732
chr11	129357157	129557157	harbor2	chr11	129446371	129446555	SINE/MIR	590	+	92	129446463	89306
chr11	129947930	130147930	harbor2	chr11	129949186	129949393	SINE/MIR	665	+	104	129949290	1360
chr11	129947930	130147930	harbor2	chr11	129969372	129969489	SINE/MIR	388	+	58	129969430	21500
chr11	129947930	130147930	harbor2	chr11	129974013	129974228	SINE/MIR	637	+	108	129974121	26191
chr11	129947930	130147930	harbor2	chr11	130038070	130038206	SINE/MIR	375	+	68	130038138	90208
chr11	95334600	95534600	harbor2	chr11	95359255	95359396	SINE/MIR	395	+	70	95359325	24725
chr11	95334600	95534600	harbor2	chr11	95362956	95363185	SINE/MIR	455	+	114	95363070	28470
chr11	95334600	95534600	harbor2	chr11	95366238	95366428	SINE/MIR	740	+	95	95366333	31733
chr11	95334600	95534600	harbor2	chr11	95376996	95377239	SINE/MIR	589	+	122	95377118	42518
chr11	95334600	95534600	harbor2	chr11	95384599	95384837	SINE/MIR	1032	+	119	95384718	50118
chr11	95334600	95534600	harbor2	chr11	95386902	95387113	SINE/MIR	542	+	106	95387008	52408
chr11	95334600	95534600	harbor2	chr11	95412912	95413133	SINE/MIR	409	+	110	95413022	78422
chr11	95334600	95534600	harbor2	chr11	95433436	95433560	SINE/MIR	384	+	62	95433498	98898
chr11	103314444	103514444	harbor2	chr11	103319387	103319584	SINE/MIR	418	+	98	103319485	5041
chr11	103314444	103514444	harbor2	chr11	103360297	103360515	SINE/MIR	619	+	109	103360406	45962
chr11	103314444	103514444	harbor2	chr11	103401535	103401780	SINE/MIR	789	+	122	103401657	87213
chr11	103314444	103514444	harbor2	chr11	103366571	103366807	SINE/MIR	628	+	118	103366689	52245
chr11	96855014	97055014	harbor2	chr11	96879186	96879364	SINE/MIR	420	+	89	96879275	24261
chr11	96855014	97055014	harbor2	chr11	96886752	96886916	SINE/MIR	585	+	82	96886834	31820
chr11	96855014	97055014	harbor2	chr11	96919828	96920069	SINE/MIR	640	+	120	96919948	64934
chr11	96855014	97055014	harbor2	chr11	96939140	96939287	SINE/MIR	428	+	74	96939214	84200
chr11	128412072	128612072	harbor2	chr11	128419974	128420220	SINE/MIR	539	+	123	128420097	8025
chr11	128412072	128612072	harbor2	chr11	128422196	128422399	SINE/MIR	374	+	102	128422298	10226
chr11	128412072	128612072	harbor2	chr11	128429882	128430149	SINE/MIR	669	+	134	128430016	17944
chr11	128412072	128612072	harbor2	chr11	128432739	128432981	SINE/MIR	948	+	121	128432860	20788
chr11	128412072	128612072	harbor2	chr11	128454406	128454608	SINE/MIR	514	+	101	128454507	42435
chr11	128412072	128612072	harbor2	chr11	128509761	128509987	SINE/MIR	472	+	113	128509874	97802
chr11	110857651	111057651	harbor2	chr11	110886057	110886202	SINE/MIR	499	+	72	110886129	28478
chr11	110857651	111057651	harbor2	chr11	110887339	110887479	SINE/MIR	432	+	70	110887409	29758
chr11	110857651	111057651	harbor2	chr11	110918230	110918448	SINE/MIR	581	+	109	110918339	60688
chr11	110857651	111057651	harbor2	chr11	110923117	110923365	SINE/MIR	818	+	124	110923241	65590
chr11	110857651	111057651	harbor2	chr11	110927942	110928151	SINE/MIR	562	+	104	110928046	70395
chr11	110857651	111057651	harbor2	chr11	110930952	110931093	SINE/MIR	453	+	70	110931022	73371
chr11	110857651	111057651	harbor2	chr11	110934168	110934448	SINE/MIR	541	+	140	110934308	76657
chr11	110857651	111057651	harbor2	chr11	110957353	110957513	SINE/MIR	775	+	80	110957433	99782
chr11	101883569	102083569	harbor2	chr11	101886157	101886374	SINE/MIR	466	+	108	101886265	2696
chr11	101883569	102083569	harbor2	chr11	101933388	101933623	SINE/MIR	769	+	118	101933506	49937
chr11	101883569	102083569	harbor2	chr11	101947522	101947670	SINE/MIR	528	+	74	101947596	64027
chr11	101883569	102083569	harbor2	chr11	101975438	101975573	SINE/MIR	526	+	68	101975506	91937
chr11	35095635	35295635	harbor2	chr11	35101513	35101630	SINE/MIR	388	+	58	35101571	5936
chr11	35095635	35295635	harbor2	chr11	35114035	35114246	SINE/MIR	666	+	106	35114141	18506
chr11	35095635	35295635	harbor2	chr11	35116407	35116577	SINE/MIR	383	+	85	35116492	20857
chr11	35095635	35295635	harbor2	chr11	35117811	35118020	SINE/MIR	517	+	104	35117915	22280
chr11	35095635	35295635	harbor2	chr11	35133572	35133673	SINE/MIR	422	+	50	35133622	37987
chr11	35095635	35295635	harbor2	chr11	35149555	35149688	SINE/MIR	422	+	66	35149621	53986
chr11	35095635	35295635	harbor2	chr11	35158365	35158565	SINE/MIR	598	+	100	35158465	62830
chr11	35095635	35295635	harbor2	chr11	35163915	35164066	SINE/MIR	509	+	76	35163991	68356
chr11	35095635	35295635	harbor2	chr11	35168303	35168503	SINE/MIR	635	+	100	35168403	72768
chr11	35095635	35295635	harbor2	chr11	35169840	35170044	SINE/MIR	723	+	102	35169942	74307
chr11	35095635	35295635	harbor2	chr11	35170889	35171106	SINE/MIR	752	+	108	35170997	75362
chr11	35095635	35295635	harbor2	chr11	35173876	35174050	SINE/MIR	478	+	87	35173963	78328
chr11	79010269	79210269	harbor2	chr11	79010882	79011042	SINE/MIR	431	+	80	79010962	693
chr11	79010269	79210269	harbor2	chr11	79016824	79017050	SINE/MIR	755	+	113	79016937	6668
chr11	79010269	79210269	harbor2	chr11	79028022	79028245	SINE/MIR	693	+	112	79028134	17865
chr11	79010269	79210269	harbor2	chr11	79041364	79041500	SINE/MIR	392	+	68	79041432	31163
chr11	79010269	79210269	harbor2	chr11	79047671	79047912	SINE/MIR	404	+	120	79047791	37522
chr11	79010269	79210269	harbor2	chr11	79058571	79058749	SINE/MIR	424	+	89	79058660	48391
chr11	79010269	79210269	harbor2	chr11	79061025	79061166	SINE/MIR	381	+	70	79061095	50826
chr11	79010269	79210269	harbor2	chr11	79061733	79061942	SINE/MIR	757	+	104	79061837	51568
chr11	79010269	79210269	harbor2	chr11	79067807	79067986	SINE/MIR	466	+	90	79067897	57628
chr11	79010269	79210269	harbor2	chr11	79073645	79073832	SINE/MIR	807	+	94	79073739	63470
chr11	79010269	79210269	harbor2	chr11	79088423	79088625	SINE/MIR	681	+	101	79088524	78255
chr11	79010269	79210269	harbor2	chr11	79092836	79093026	SINE/MIR	453	+	95	79092931	82662
chr11	79010269	79210269	harbor2	chr11	79096032	79096264	SINE/MIR	556	+	116	79096148	85879
chr11	79010269	79210269	harbor2	chr11	79098823	79099012	SINE/MIR	601	+	94	79098917	88648
chr11	79010269	79210269	harbor2	chr11	79101561	79101732	SINE/MIR	412	+	86	79101647	91378
chr11	79010269	79210269	harbor2	chr11	79106326	79106568	SINE/MIR	566	+	121	79106447	96178
chr11	79010269	79210269	harbor2	chr11	79109741	79109945	SINE/MIR	723	+	102	79109843	99574
chr11	79010269	79210269	harbor2	chr11	79085409	79085626	SINE/MIR	939	+	108	79085517	75248
chr11	79010269	79210269	harbor2	chr11	79101928	79102178	SINE/MIR	804	+	125	79102053	91784
chr11	72470280	72670280	harbor2	chr11	72484216	72484437	SINE/MIR	1076	+	110	72484326	14046
chr11	72470280	72670280	harbor2	chr11	72524012	72524224	SINE/MIR	587	+	106	72524118	53838
chr11	111436508	111636508	harbor2	chr11	111445145	111445265	SINE/MIR	428	+	60	111445205	8697
chr11	111436508	111636508	harbor2	chr11	111445774	111445885	SINE/MIR	403	+	56	111445830	9322
chr11	111436508	111636508	harbor2	chr11	111446193	111446389	SINE/MIR	430	+	98	111446291	9783
chr11	111436508	111636508	harbor2	chr11	111500913	111501079	SINE/MIR	457	+	83	111500996	64488
chr11	111436508	111636508	harbor2	chr11	111519015	111519236	SINE/MIR	611	+	110	111519125	82617
chr11	111436508	111636508	harbor2	chr11	111528869	111529127	SINE/MIR	578	+	129	111528998	92490
chr11	111436508	111636508	harbor2	chr11	111533196	111533434	SINE/MIR	563	+	119	111533315	96807
chr11	128939709	129139709	harbor2	chr11	128960254	128960496	SINE/MIR	443	+	121	128960375	20666
chr11	128939709	129139709	harbor2	chr11	129017038	129017173	SINE/MIR	716	+	68	129017106	77397
chr11	128939709	129139709	harbor2	chr11	129017478	129017583	SINE/MIR	716	+	52	129017530	77821
chr11	128939709	129139709	harbor2	chr11	129022450	129022670	SINE/MIR	403	+	110	129022560	82851
chr11	109407424	109607424	harbor2	chr11	109409008	109409204	SINE/MIR	616	+	98	109409106	1682
chr11	109407424	109607424	harbor2	chr11	109411137	109411324	SINE/MIR	431	+	94	109411231	3807
chr11	109407424	109607424	harbor2	chr11	109434599	109434689	SINE/MIR	462	+	45	109434644	27220
chr11	109407424	109607424	harbor2	chr11	109438801	109439021	SINE/MIR	754	+	110	109438911	31487
chr11	109407424	109607424	harbor2	chr11	109439160	109439383	SINE/MIR	783	+	112	109439272	31848
chr11	109407424	109607424	harbor2	chr11	109439932	109440103	SINE/MIR	544	+	86	109440018	32594
chr11	109407424	109607424	harbor2	chr11	109442716	109442980	SINE/MIR	772	+	132	109442848	35424
chr11	109407424	109607424	harbor2	chr11	109444134	109444350	SINE/MIR	583	+	108	109444242	36818
chr11	78135329	78335329	harbor2	chr11	78153223	78153472	SINE/MIR	861	+	124	78153347	18018
chr11	78135329	78335329	harbor2	chr11	78156963	78157197	SINE/MIR	714	+	117	78157080	21751
chr11	78135329	78335329	harbor2	chr11	78160999	78161174	SINE/MIR	487	+	88	78161087	25758
chr11	78135329	78335329	harbor2	chr11	78164223	78164349	SINE/MIR	439	+	63	78164286	28957
chr11	78135329	78335329	harbor2	chr11	78198692	78198908	SINE/MIR	878	+	108	78198800	63471
chr11	99332114	99532114	harbor2	chr11	99341426	99341609	SINE/MIR	375	+	92	99341518	9404
chr11	99332114	99532114	harbor2	chr11	99365078	99365335	SINE/MIR	532	+	128	99365206	33092
chr11	18510745	18710745	harbor2	chr11	18531214	18531353	SINE/MIR	452	+	70	18531284	20539
chr11	18510745	18710745	harbor2	chr11	18540131	18540347	SINE/MIR	685	+	108	18540239	29494
chr11	18510745	18710745	harbor2	chr11	18558058	18558178	SINE/MIR	478	+	60	18558118	47373
chr11	18510745	18710745	harbor2	chr11	18561137	18561308	SINE/MIR	586	+	86	18561223	50478
chr11	18510745	18710745	harbor2	chr11	18575602	18575833	SINE/MIR	518	+	116	18575718	64973
chr11	18510745	18710745	harbor2	chr11	18599502	18599670	SINE/MIR	382	+	84	18599586	88841
chr11	18510745	18710745	harbor2	chr11	18601744	18601955	SINE/MIR	421	+	106	18601850	91105
chr11	102129226	102329226	harbor2	chr11	102137147	102137352	SINE/MIR	637	+	102	102137249	8023
chr11	102129226	102329226	harbor2	chr11	102169021	102169250	SINE/MIR	513	+	114	102169135	39909
chr11	102129226	102329226	harbor2	chr11	102177934	102178165	SINE/MIR	900	+	116	102178050	48824
chr11	102129226	102329226	harbor2	chr11	102184810	102185060	SINE/MIR	754	+	125	102184935	55709
chr11	115384270	115584270	harbor2	chr11	115415049	115415294	SINE/MIR	472	+	122	115415171	30901
chr11	115384270	115584270	harbor2	chr11	115434466	115434680	SINE/MIR	558	+	107	115434573	50303
chr11	115384270	115584270	harbor2	chr11	115445256	115445470	SINE/MIR	488	+	107	115445363	61093
chr11	115384270	115584270	harbor2	chr11	115447229	115447425	SINE/MIR	578	+	98	115447327	63057
chr11	115384270	115584270	harbor2	chr11	115448103	115448146	SINE/MIR	578	+	22	115448125	63855
chr11	115384270	115584270	harbor2	chr11	115456602	115456815	SINE/MIR	755	+	106	115456708	72438
chr11	115384270	115584270	harbor2	chr11	115458297	115458493	SINE/MIR	621	+	98	115458395	74125
chr11	115384270	115584270	harbor2	chr11	115480342	115480517	SINE/MIR	474	+	88	115480430	96160
chr11	86975314	87175314	harbor2	chr11	86981321	86981359	SINE/MIR	783	+	19	86981340	6026
chr11	86975314	87175314	harbor2	chr11	86981661	86981853	SINE/MIR	783	+	96	86981757	6443
chr11	86975314	87175314	harbor2	chr11	87016563	87016801	SINE/MIR	847	+	119	87016682	41368
chr11	86975314	87175314	harbor2	chr11	87041487	87041642	SINE/MIR	378	+	78	87041565	66251
chr11	86975314	87175314	harbor2	chr11	87046867	87047011	SINE/MIR	626	+	72	87046939	71625
chr11	86975314	87175314	harbor2	chr11	87073534	87073663	SINE/MIR	504	+	64	87073598	98284
chr11	86975314	87175314	harbor2	chr11	87074266	87074364	SINE/MIR	504	+	49	87074315	99001
chr11	129868908	130068908	harbor2	chr11	129872330	129872481	SINE/MIR	417	+	76	129872406	3498
chr11	129868908	130068908	harbor2	chr11	129883697	129883875	SINE/MIR	383	+	89	129883786	14878
chr11	129868908	130068908	harbor2	chr11	129909867	129910084	SINE/MIR	614	+	108	129909975	41067
chr11	129868908	130068908	harbor2	chr11	129949186	129949393	SINE/MIR	665	+	104	129949290	80382
chr11	102151937	102351937	harbor2	chr11	102169021	102169250	SINE/MIR	513	+	114	102169135	17198
chr11	102151937	102351937	harbor2	chr11	102177934	102178165	SINE/MIR	900	+	116	102178050	26113
chr11	102151937	102351937	harbor2	chr11	102184810	102185060	SINE/MIR	754	+	125	102184935	32998
chr11	61752158	61952158	harbor2	chr11	61752057	61752208	SINE/MIR	556	+	76	61752133	25
chr11	61752158	61952158	harbor2	chr11	61761747	61761901	SINE/MIR	568	+	77	61761824	9666
chr11	61752158	61952158	harbor2	chr11	61785353	61785525	SINE/MIR	401	+	86	61785439	33281
chr11	61752158	61952158	harbor2	chr11	61811197	61811296	SINE/MIR	380	+	50	61811247	59089
chr11	61752158	61952158	harbor2	chr11	61812846	61812956	SINE/MIR	435	+	55	61812901	60743
chr11	61752158	61952158	harbor2	chr11	61823272	61823451	SINE/MIR	465	+	90	61823362	71204
chr11	56347105	56547105	harbor2	chr11	56414264	56414509	SINE/MIR	409	+	122	56414386	67281
chr11	56347105	56547105	harbor2	chr11	56423189	56423370	SINE/MIR	525	+	90	56423279	76174
chr11	56347105	56547105	harbor2	chr11	56430802	56431038	SINE/MIR	462	+	118	56430920	83815
chr11	56347105	56547105	harbor2	chr11	56444810	56444968	SINE/MIR	380	+	79	56444889	97784
chr11	123884856	124084856	harbor2	chr11	123886506	123886668	SINE/MIR	415	+	81	123886587	1731
chr11	123884856	124084856	harbor2	chr11	123929623	123929822	SINE/MIR	470	+	100	123929723	44867
chr11	127181085	127381085	harbor2	chr11	127181586	127181778	SINE/MIR	564	+	96	127181682	597
chr11	127181085	127381085	harbor2	chr11	127193038	127193195	SINE/MIR	506	+	78	127193116	12031
chr11	127181085	127381085	harbor2	chr11	127215094	127215236	SINE/MIR	411	+	71	127215165	34080
chr11	127181085	127381085	harbor2	chr11	127219548	127219755	SINE/MIR	942	+	104	127219652	38567
chr11	127181085	127381085	harbor2	chr11	127220524	127220695	SINE/MIR	713	+	86	127220610	39525
chr11	127181085	127381085	harbor2	chr11	127221181	127221223	SINE/MIR	713	+	21	127221202	40117
chr11	127181085	127381085	harbor2	chr11	127223590	127223826	SINE/MIR	419	+	118	127223708	42623
chr11	127181085	127381085	harbor2	chr11	127249091	127249255	SINE/MIR	549	+	82	127249173	68088
chr11	127181085	127381085	harbor2	chr11	127279354	127279596	SINE/MIR	761	+	121	127279475	98390
chr11	122968086	123168086	harbor2	chr11	122989367	122989617	SINE/MIR	799	+	125	122989492	21406
chr11	122968086	123168086	harbor2	chr11	123000717	123000897	SINE/MIR	708	+	90	123000807	32721
chr11	122968086	123168086	harbor2	chr11	123004541	123004700	SINE/MIR	397	+	80	123004621	36535
chr11	122968086	123168086	harbor2	chr11	123007355	123007468	SINE/MIR	559	+	56	123007411	39325
chr11	122968086	123168086	harbor2	chr11	123014649	123014793	SINE/MIR	530	+	72	123014721	46635
chr11	122968086	123168086	harbor2	chr11	123015642	123015857	SINE/MIR	721	+	108	123015750	47664
chr11	122968086	123168086	harbor2	chr11	123027028	123027241	SINE/MIR	1161	+	106	123027134	59048
chr11	122968086	123168086	harbor2	chr11	123030934	123031078	SINE/MIR	458	+	72	123031006	62920
chr11	122968086	123168086	harbor2	chr11	123039097	123039226	SINE/MIR	455	+	64	123039161	71075
chr11	133382263	133582263	harbor2	chr11	133389394	133389586	SINE/MIR	429	+	96	133389490	7227
chr11	133382263	133582263	harbor2	chr11	133399284	133399380	SINE/MIR	441	+	48	133399332	17069
chr11	133382263	133582263	harbor2	chr11	133403089	133403303	SINE/MIR	549	+	107	133403196	20933
chr11	133382263	133582263	harbor2	chr11	133436641	133436844	SINE/MIR	574	+	102	133436743	54480
chr11	133382263	133582263	harbor2	chr11	133465647	133465845	SINE/MIR	417	+	99	133465746	83483
chr11	133382263	133582263	harbor2	chr11	133478913	133479128	SINE/MIR	415	+	108	133479021	96758
chr11	127824252	128024252	harbor2	chr11	127873144	127873371	SINE/MIR	730	+	114	127873258	49006
chr11	134029467	134229467	harbor2	chr11	134043200	134043324	SINE/MIR	412	+	62	134043262	13795
chr11	120110322	120310322	harbor2	chr11	120124417	120124620	SINE/MIR	392	+	102	120124519	14197
chr11	120110322	120310322	harbor2	chr11	120144698	120144911	SINE/MIR	575	+	106	120144804	34482
chr11	120110322	120310322	harbor2	chr11	120170585	120170753	SINE/MIR	790	+	84	120170669	60347
chr11	120110322	120310322	harbor2	chr11	120178274	120178453	SINE/MIR	530	+	90	120178364	68042
chr11	120110322	120310322	harbor2	chr11	120190824	120191060	SINE/MIR	543	+	118	120190942	80620
chr11	120110322	120310322	harbor2	chr11	120194655	120194762	SINE/MIR	411	+	54	120194709	84387
chr11	120110322	120310322	harbor2	chr11	120195076	120195182	SINE/MIR	411	+	53	120195129	84807
chr11	120110322	120310322	harbor2	chr11	120199450	120199626	SINE/MIR	556	+	88	120199538	89216
chr11	120110322	120310322	harbor2	chr11	120208234	120208459	SINE/MIR	828	+	112	120208346	98024
chr11	89215898	89415898	harbor2	chr11	89218883	89219084	SINE/MIR	699	+	100	89218983	3085
chr11	89215898	89415898	harbor2	chr11	89220030	89220093	SINE/MIR	516	+	32	89220062	4164
chr11	89215898	89415898	harbor2	chr11	89220507	89220608	SINE/MIR	516	+	50	89220557	4659
chr11	89215898	89415898	harbor2	chr11	89223088	89223279	SINE/MIR	400	+	96	89223184	7286
chr11	89215898	89415898	harbor2	chr11	89226998	89227175	SINE/MIR	406	+	88	89227086	11188
chr11	89215898	89415898	harbor2	chr11	89246209	89246367	SINE/MIR	469	+	79	89246288	30390
chr11	89215898	89415898	harbor2	chr11	89247976	89248204	SINE/MIR	506	+	114	89248090	32192
chr11	89215898	89415898	harbor2	chr11	89268016	89268232	SINE/MIR	794	+	108	89268124	52226
chr11	89215898	89415898	harbor2	chr11	89285189	89285391	SINE/MIR	374	+	101	89285290	69392
chr11	89215898	89415898	harbor2	chr11	89299588	89299767	SINE/MIR	569	+	90	89299678	83780
chr11	125451074	125651074	harbor2	chr11	125489933	125490149	SINE/MIR	682	+	108	125490041	38967
chr11	125451074	125651074	harbor2	chr11	125492583	125492807	SINE/MIR	672	+	112	125492695	41621
chr11	125451074	125651074	harbor2	chr11	125497627	125497705	SINE/MIR	486	+	39	125497666	46592
chr11	125451074	125651074	harbor2	chr11	125498002	125498098	SINE/MIR	486	+	48	125498050	46976
chr11	125451074	125651074	harbor2	chr11	125498688	125498879	SINE/MIR	615	+	96	125498784	47710
chr11	125451074	125651074	harbor2	chr11	125508381	125508544	SINE/MIR	421	+	82	125508463	57389
chr11	120315101	120515101	harbor2	chr11	120322304	120322329	SINE/MIR	872	+	12	120322316	7215
chr11	120315101	120515101	harbor2	chr11	120322765	120322943	SINE/MIR	872	+	89	120322854	7753
chr11	120315101	120515101	harbor2	chr11	120349516	120349751	SINE/MIR	677	+	118	120349634	34533
chr11	120315101	120515101	harbor2	chr11	120370905	120371096	SINE/MIR	491	+	96	120371001	55900
chr11	120315101	120515101	harbor2	chr11	120372684	120372855	SINE/MIR	410	+	86	120372770	57669
chr11	120315101	120515101	harbor2	chr11	120390755	120391005	SINE/MIR	660	+	125	120390880	75779
chr11	105565680	105765680	harbor2	chr11	105570718	105570976	SINE/MIR	670	+	129	105570847	5167
chr11	105565680	105765680	harbor2	chr11	105575922	105576068	SINE/MIR	427	+	73	105575995	10315
chr11	105565680	105765680	harbor2	chr11	105603334	105603507	SINE/MIR	546	+	86	105603420	37740
chr11	105565680	105765680	harbor2	chr11	105632446	105632653	SINE/MIR	412	+	104	105632550	66870
chr11	105565680	105765680	harbor2	chr11	105633934	105634046	SINE/MIR	405	+	56	105633990	68310
chr11	122187515	122387515	harbor2	chr11	122212797	122213011	SINE/MIR	469	+	107	122212904	25389
chr11	122187515	122387515	harbor2	chr11	122245304	122245502	SINE/MIR	412	+	99	122245403	57888
chr11	122187515	122387515	harbor2	chr11	122250352	122250553	SINE/MIR	430	+	100	122250452	62937
chr11	122187515	122387515	harbor2	chr11	122269401	122269609	SINE/MIR	629	+	104	122269505	81990
chr11	122187515	122387515	harbor2	chr11	122283894	122284119	SINE/MIR	652	+	112	122284006	96491
chr11	122187515	122387515	harbor2	chr11	122286171	122286343	SINE/MIR	501	+	86	122286257	98742
chr11	65114277	65314277	harbor2	chr11	65131678	65131906	SINE/MIR	583	+	114	65131792	17515
chr11	106637112	106837112	harbor2	chr11	106701979	106702181	SINE/MIR	571	+	101	106702080	64968
chr11	120102211	120302211	harbor2	chr11	120124417	120124620	SINE/MIR	392	+	102	120124519	22308
chr11	120102211	120302211	harbor2	chr11	120144698	120144911	SINE/MIR	575	+	106	120144804	42593
chr11	120102211	120302211	harbor2	chr11	120170585	120170753	SINE/MIR	790	+	84	120170669	68458
chr11	120102211	120302211	harbor2	chr11	120178274	120178453	SINE/MIR	530	+	90	120178364	76153
chr11	120102211	120302211	harbor2	chr11	120190824	120191060	SINE/MIR	543	+	118	120190942	88731
chr11	120102211	120302211	harbor2	chr11	120194655	120194762	SINE/MIR	411	+	54	120194709	92498
chr11	120102211	120302211	harbor2	chr11	120195076	120195182	SINE/MIR	411	+	53	120195129	92918
chr11	120102211	120302211	harbor2	chr11	120199450	120199626	SINE/MIR	556	+	88	120199538	97327
chr11	62051408	62251408	harbor2	chr11	62058115	62058241	SINE/MIR	482	+	63	62058178	6770
chr11	62051408	62251408	harbor2	chr11	62129279	62129488	SINE/MIR	549	+	104	62129383	77975
chr11	62051408	62251408	harbor2	chr11	62131173	62131394	SINE/MIR	531	+	110	62131283	79875
chr11	62051408	62251408	harbor2	chr11	62145955	62146137	SINE/MIR	430	+	91	62146046	94638
chr11	125898453	126098453	harbor2	chr11	125898797	125899022	SINE/MIR	910	+	112	125898909	456
chr11	125898453	126098453	harbor2	chr11	125910488	125910694	SINE/MIR	451	+	103	125910591	12138
chr11	125898453	126098453	harbor2	chr11	125985064	125985169	SINE/MIR	418	+	52	125985116	86663
chr11	125898453	126098453	harbor2	chr11	125985479	125985619	SINE/MIR	418	+	70	125985549	87096
chr11	71413240	71613240	harbor2	chr11	71480997	71481235	SINE/MIR	575	+	119	71481116	67876
chr11	111024899	111224899	harbor2	chr11	111046997	111047182	SINE/MIR	380	+	92	111047089	22190
chr11	111024899	111224899	harbor2	chr11	111062964	111063199	SINE/MIR	804	+	118	111063082	38183
chr11	111024899	111224899	harbor2	chr11	111065298	111065510	SINE/MIR	543	+	106	111065404	40505
chr11	111024899	111224899	harbor2	chr11	111100848	111100999	SINE/MIR	570	+	76	111100924	76025
chr11	111024899	111224899	harbor2	chr11	111101506	111101581	SINE/MIR	570	+	38	111101544	76645
chr11	111024899	111224899	harbor2	chr11	111105157	111105356	SINE/MIR	587	+	100	111105257	80358
chr11	111024899	111224899	harbor2	chr11	111123378	111123543	SINE/MIR	430	+	82	111123460	98561
chr11	111024899	111224899	harbor2	chr11	111123555	111123798	SINE/MIR	911	+	122	111123677	98778
chr11	101117452	101317452	harbor2	chr11	101117804	101117979	SINE/MIR	450	+	88	101117892	440
chr11	101117452	101317452	harbor2	chr11	101118208	101118338	SINE/MIR	531	+	65	101118273	821
chr11	101117452	101317452	harbor2	chr11	101119904	101120031	SINE/MIR	474	+	64	101119968	2516
chr11	101117452	101317452	harbor2	chr11	101123041	101123263	SINE/MIR	791	+	111	101123152	5700
chr11	101117452	101317452	harbor2	chr11	101174907	101175126	SINE/MIR	603	+	110	101175017	57565
chr11	101117452	101317452	harbor2	chr11	101178218	101178301	SINE/MIR	417	+	42	101178260	60808
chr11	101117452	101317452	harbor2	chr11	101200199	101200402	SINE/MIR	490	+	102	101200301	82849
chr11	109426753	109626753	harbor2	chr11	109434599	109434689	SINE/MIR	462	+	45	109434644	7891
chr11	109426753	109626753	harbor2	chr11	109438801	109439021	SINE/MIR	754	+	110	109438911	12158
chr11	109426753	109626753	harbor2	chr11	109439160	109439383	SINE/MIR	783	+	112	109439272	12519
chr11	109426753	109626753	harbor2	chr11	109439932	109440103	SINE/MIR	544	+	86	109440018	13265
chr11	109426753	109626753	harbor2	chr11	109442716	109442980	SINE/MIR	772	+	132	109442848	16095
chr11	109426753	109626753	harbor2	chr11	109444134	109444350	SINE/MIR	583	+	108	109444242	17489
chr11	104412726	104612726	harbor2	chr11	104435480	104435609	SINE/MIR	488	+	64	104435544	22818
chr11	104412726	104612726	harbor2	chr11	104497125	104497336	SINE/MIR	445	+	106	104497231	84505
chr11	34958022	35158022	harbor2	chr11	35011178	35011350	SINE/MIR	603	+	86	35011264	53242
chr11	34958022	35158022	harbor2	chr11	35032425	35032652	SINE/MIR	593	+	114	35032539	74517
chr11	34958022	35158022	harbor2	chr11	35045878	35046028	SINE/MIR	609	+	75	35045953	87931
chr11	34958022	35158022	harbor2	chr11	35052881	35053113	SINE/MIR	455	+	116	35052997	94975
chr11	34958022	35158022	harbor2	chr11	35054957	35055191	SINE/MIR	864	+	117	35055074	97052
chr11	134000907	134200907	harbor2	chr11	134001078	134001263	SINE/MIR	486	+	92	134001170	263
chr11	134000907	134200907	harbor2	chr11	134012298	134012555	SINE/MIR	529	+	128	134012426	11519
chr11	134000907	134200907	harbor2	chr11	134018319	134018468	SINE/MIR	489	+	74	134018393	17486
chr11	134000907	134200907	harbor2	chr11	134029055	134029272	SINE/MIR	463	+	108	134029163	28256
chr11	134000907	134200907	harbor2	chr11	134043200	134043324	SINE/MIR	412	+	62	134043262	42355
chr11	74694708	74894708	harbor2	chr11	74700072	74700265	SINE/MIR	774	+	96	74700168	5460
chr11	74694708	74894708	harbor2	chr11	74701524	74701759	SINE/MIR	908	+	118	74701642	6934
chr11	74694708	74894708	harbor2	chr11	74704254	74704360	SINE/MIR	385	+	53	74704307	9599
chr11	74694708	74894708	harbor2	chr11	74709293	74709471	SINE/MIR	895	+	89	74709382	14674
chr11	74694708	74894708	harbor2	chr11	74721710	74721863	SINE/MIR	452	+	76	74721786	27078
chr11	74694708	74894708	harbor2	chr11	74722331	74722547	SINE/MIR	751	+	108	74722439	27731
chr11	74694708	74894708	harbor2	chr11	74730218	74730395	SINE/MIR	553	+	88	74730306	35598
chr11	74694708	74894708	harbor2	chr11	74739707	74739906	SINE/MIR	473	+	100	74739807	45099
chr11	74694708	74894708	harbor2	chr11	74756295	74756541	SINE/MIR	679	+	123	74756418	61710
chr11	74694708	74894708	harbor2	chr11	74772220	74772462	SINE/MIR	556	+	121	74772341	77633
chr11	74694708	74894708	harbor2	chr11	74772560	74772719	SINE/MIR	564	+	80	74772640	77932
chr11	74694708	74894708	harbor2	chr11	74773701	74773927	SINE/MIR	677	+	113	74773814	79106
chr11	74694708	74894708	harbor2	chr11	74781749	74781960	SINE/MIR	804	+	106	74781855	87147
chr11	74694708	74894708	harbor2	chr11	74788978	74789087	SINE/MIR	436	+	54	74789032	94324
chr11	105307027	105507027	harbor2	chr11	105404714	105404834	SINE/MIR	512	+	60	105404774	97747
chr11	134951399	135151399	harbor2	chr11	134972675	134972781	SINE/MIR	440	+	53	134972728	21329
chr11	134951399	135151399	harbor2	chr11	135032852	135033031	SINE/MIR	426	+	90	135032942	81543
chr11	134951399	135151399	harbor2	chr11	135033343	135033371	SINE/MIR	426	+	14	135033357	81958
chr11	134951399	135151399	harbor2	chr11	135033441	135033652	SINE/MIR	621	+	106	135033547	82148
chr11	134951399	135151399	harbor2	chr11	135045828	135046049	SINE/MIR	493	+	110	135045938	94539
chr11	134951399	135151399	harbor2	chr11	134954950	134955125	SINE/MIR	384	+	88	134955038	3639
chr11	126175622	126375622	harbor2	chr11	126192071	126192261	SINE/MIR	457	+	95	126192166	16544
chr11	126175622	126375622	harbor2	chr11	126222111	126222267	SINE/MIR	443	+	78	126222189	46567
chr11	126175622	126375622	harbor2	chr11	126232262	126232451	SINE/MIR	444	+	94	126232356	56734
chr11	126175622	126375622	harbor2	chr11	126246381	126246570	SINE/MIR	417	+	94	126246475	70853
chr11	103404534	103604534	harbor2	chr11	103430235	103430416	SINE/MIR	630	+	90	103430325	25791
chr11	103404534	103604534	harbor2	chr11	103431366	103431522	SINE/MIR	880	+	78	103431444	26910
chr11	103404534	103604534	harbor2	chr11	103432789	103432890	SINE/MIR	880	+	50	103432839	28305
chr11	103404534	103604534	harbor2	chr11	103454430	103454606	SINE/MIR	639	+	88	103454518	49984
chr11	103404534	103604534	harbor2	chr11	103471377	103471587	SINE/MIR	635	+	105	103471482	66948
chr11	134289061	134489061	harbor2	chr11	134307679	134307877	SINE/MIR	447	+	99	134307778	18717
chr11	134289061	134489061	harbor2	chr11	134365459	134365617	SINE/MIR	651	+	79	134365538	76477
chr11	134289061	134489061	harbor2	chr11	134385012	134385191	SINE/MIR	622	+	90	134385102	96041
chr11	134289061	134489061	harbor2	chr11	134388158	134388393	SINE/MIR	661	+	118	134388276	99215
chr11	115704262	115904262	harbor2	chr11	115704876	115705076	SINE/MIR	479	+	100	115704976	714
chr11	115704262	115904262	harbor2	chr11	115714880	115714995	SINE/MIR	401	+	58	115714938	10676
chr11	115704262	115904262	harbor2	chr11	115723186	115723387	SINE/MIR	568	+	100	115723286	19024
chr11	115704262	115904262	harbor2	chr11	115729920	115730169	SINE/MIR	993	+	124	115730044	25782
chr11	115704262	115904262	harbor2	chr11	115732866	115732969	SINE/MIR	414	+	52	115732918	28656
chr11	115704262	115904262	harbor2	chr11	115733129	115733273	SINE/MIR	414	+	72	115733201	28939
chr11	115704262	115904262	harbor2	chr11	115779507	115779677	SINE/MIR	442	+	85	115779592	75330
chr11	128925308	129125308	harbor2	chr11	128960254	128960496	SINE/MIR	443	+	121	128960375	35067
chr11	128925308	129125308	harbor2	chr11	129017038	129017173	SINE/MIR	716	+	68	129017106	91798
chr11	128925308	129125308	harbor2	chr11	129017478	129017583	SINE/MIR	716	+	52	129017530	92222
chr11	128925308	129125308	harbor2	chr11	129022450	129022670	SINE/MIR	403	+	110	129022560	97252
chr11	133670627	133870627	harbor2	chr11	133681230	133681447	SINE/MIR	701	+	108	133681338	10711
chr11	133670627	133870627	harbor2	chr11	133681453	133681626	SINE/MIR	559	+	86	133681539	10912
chr11	133670627	133870627	harbor2	chr11	133688163	133688365	SINE/MIR	527	+	101	133688264	17637
chr11	133670627	133870627	harbor2	chr11	133708274	133708488	SINE/MIR	641	+	107	133708381	37754
chr11	133670627	133870627	harbor2	chr11	133722189	133722308	SINE/MIR	438	+	60	133722249	51622
chr11	133670627	133870627	harbor2	chr11	133722566	133722847	SINE/MIR	447	+	140	133722706	52079
chr11	119745066	119945066	harbor2	chr11	119749524	119749724	SINE/MIR	843	+	100	119749624	4558
chr11	119745066	119945066	harbor2	chr11	119749754	119749946	SINE/MIR	591	+	96	119749850	4784
chr11	119745066	119945066	harbor2	chr11	119759114	119759231	SINE/MIR	571	+	58	119759172	14106
chr11	119745066	119945066	harbor2	chr11	119760895	119761105	SINE/MIR	543	+	105	119761000	15934
chr11	119745066	119945066	harbor2	chr11	119776400	119776619	SINE/MIR	627	+	110	119776510	31444
chr11	119745066	119945066	harbor2	chr11	119784812	119785054	SINE/MIR	649	+	121	119784933	39867
chr11	119745066	119945066	harbor2	chr11	119786707	119786859	SINE/MIR	395	+	76	119786783	41717
chr11	119745066	119945066	harbor2	chr11	119795073	119795264	SINE/MIR	407	+	96	119795169	50103
chr11	119745066	119945066	harbor2	chr11	119802262	119802328	SINE/MIR	504	+	33	119802295	57229
chr11	119745066	119945066	harbor2	chr11	119802639	119802739	SINE/MIR	504	+	50	119802689	57623
chr11	119745066	119945066	harbor2	chr11	119802732	119802913	SINE/MIR	443	+	90	119802822	57756
chr11	119745066	119945066	harbor2	chr11	119804395	119804554	SINE/MIR	434	+	80	119804475	59409
chr11	119745066	119945066	harbor2	chr11	119805801	119806028	SINE/MIR	379	+	114	119805915	60849
chr11	119745066	119945066	harbor2	chr11	119809205	119809349	SINE/MIR	428	+	72	119809277	64211
chr11	119745066	119945066	harbor2	chr11	119809833	119809855	SINE/MIR	428	+	11	119809844	64778
chr11	119745066	119945066	harbor2	chr11	119838186	119838312	SINE/MIR	410	+	63	119838249	93183
chr11	120359289	120559289	harbor2	chr11	120370905	120371096	SINE/MIR	491	+	96	120371001	11712
chr11	120359289	120559289	harbor2	chr11	120372684	120372855	SINE/MIR	410	+	86	120372770	13481
chr11	120359289	120559289	harbor2	chr11	120390755	120391005	SINE/MIR	660	+	125	120390880	31591
chr11	120008815	120208815	harbor2	chr11	120017165	120017393	SINE/MIR	687	+	114	120017279	8464
chr11	120008815	120208815	harbor2	chr11	120031348	120031518	SINE/MIR	828	+	85	120031433	22618
chr11	120008815	120208815	harbor2	chr11	120060344	120060563	SINE/MIR	503	+	110	120060454	51639
chr11	120008815	120208815	harbor2	chr11	120066149	120066349	SINE/MIR	404	+	100	120066249	57434
chr11	116798092	116998092	harbor2	chr11	116806434	116806533	SINE/MIR	671	+	50	116806484	8392
chr11	116798092	116998092	harbor2	chr11	116806852	116806985	SINE/MIR	671	+	66	116806918	8826
chr11	116798092	116998092	harbor2	chr11	116825979	116826193	SINE/MIR	801	+	107	116826086	27994
chr11	116798092	116998092	harbor2	chr11	116833120	116833345	SINE/MIR	438	+	112	116833232	35140
chr11	116798092	116998092	harbor2	chr11	116833552	116833692	SINE/MIR	379	+	70	116833622	35530
chr11	116798092	116998092	harbor2	chr11	116838451	116838658	SINE/MIR	405	+	104	116838555	40463
chr11	116798092	116998092	harbor2	chr11	116855746	116855913	SINE/MIR	589	+	84	116855830	57738
chr11	116798092	116998092	harbor2	chr11	116885746	116885991	SINE/MIR	1003	+	122	116885868	87776
chr11	116798092	116998092	harbor2	chr11	116889090	116889280	SINE/MIR	414	+	95	116889185	91093
chr11	103019204	103219204	harbor2	chr11	103028176	103028384	SINE/MIR	774	+	104	103028280	9076
chr11	103019204	103219204	harbor2	chr11	103076492	103076628	SINE/MIR	486	+	68	103076560	57356
chr11	103019204	103219204	harbor2	chr11	103076647	103076778	SINE/MIR	536	+	66	103076713	57509
chr11	103019204	103219204	harbor2	chr11	103086912	103087043	SINE/MIR	674	+	66	103086978	67774
chr11	103019204	103219204	harbor2	chr11	103087660	103087769	SINE/MIR	674	+	54	103087714	68510
chr11	103019204	103219204	harbor2	chr11	103097523	103097761	SINE/MIR	407	+	119	103097642	78438
chr11	123703324	123903324	harbor2	chr11	123706048	123706234	SINE/MIR	416	+	93	123706141	2817
chr11	123703324	123903324	harbor2	chr11	123731549	123731737	SINE/MIR	743	+	94	123731643	28319
chr11	123703324	123903324	harbor2	chr11	123736663	123736892	SINE/MIR	568	+	114	123736777	33453
chr11	123703324	123903324	harbor2	chr11	123742040	123742191	SINE/MIR	384	+	76	123742116	38792
chr11	78232384	78432384	harbor2	chr11	78248862	78248984	SINE/MIR	390	+	61	78248923	16539
chr11	78232384	78432384	harbor2	chr11	78249099	78249275	SINE/MIR	452	+	88	78249187	16803
chr11	78232384	78432384	harbor2	chr11	78258023	78258132	SINE/MIR	413	+	54	78258077	25693
chr11	78232384	78432384	harbor2	chr11	78265299	78265464	SINE/MIR	391	+	82	78265381	32997
chr11	78232384	78432384	harbor2	chr11	78270466	78270686	SINE/MIR	378	+	110	78270576	38192
chr11	78232384	78432384	harbor2	chr11	78306730	78306917	SINE/MIR	460	+	94	78306824	74440
chr11	86282361	86482361	harbor2	chr11	86352903	86353146	SINE/MIR	708	+	122	86353025	70664
chr11	113645760	113845760	harbor2	chr11	113674870	113675106	SINE/MIR	716	+	118	113674988	29228
chr11	113645760	113845760	harbor2	chr11	113676444	113676690	SINE/MIR	1174	+	123	113676567	30807
chr11	113645760	113845760	harbor2	chr11	113685560	113685763	SINE/MIR	734	+	102	113685662	39902
chr11	113645760	113845760	harbor2	chr11	113696457	113696601	SINE/MIR	629	+	72	113696529	50769
chr11	113645760	113845760	harbor2	chr11	113707068	113707267	SINE/MIR	643	+	100	113707168	61408
chr11	113645760	113845760	harbor2	chr11	113724624	113724798	SINE/MIR	670	+	87	113724711	78951
chr11	125429628	125629628	harbor2	chr11	125444747	125444961	SINE/MIR	408	+	107	125444854	15226
chr11	125429628	125629628	harbor2	chr11	125446279	125446439	SINE/MIR	471	+	80	125446359	16731
chr11	125429628	125629628	harbor2	chr11	125489933	125490149	SINE/MIR	682	+	108	125490041	60413
chr11	125429628	125629628	harbor2	chr11	125492583	125492807	SINE/MIR	672	+	112	125492695	63067
chr11	125429628	125629628	harbor2	chr11	125497627	125497705	SINE/MIR	486	+	39	125497666	68038
chr11	125429628	125629628	harbor2	chr11	125498002	125498098	SINE/MIR	486	+	48	125498050	68422
chr11	125429628	125629628	harbor2	chr11	125498688	125498879	SINE/MIR	615	+	96	125498784	69156
chr11	125429628	125629628	harbor2	chr11	125508381	125508544	SINE/MIR	421	+	82	125508463	78835
chr11	92187926	92387926	harbor2	chr11	92212742	92212877	SINE/MIR	501	+	68	92212810	24884
chr11	92187926	92387926	harbor2	chr11	92255582	92255753	SINE/MIR	425	+	86	92255668	67742
chr11	134310279	134510279	harbor2	chr11	134365459	134365617	SINE/MIR	651	+	79	134365538	55259
chr11	134310279	134510279	harbor2	chr11	134385012	134385191	SINE/MIR	622	+	90	134385102	74823
chr11	134310279	134510279	harbor2	chr11	134388158	134388393	SINE/MIR	661	+	118	134388276	77997
chr11	134310279	134510279	harbor2	chr11	134396443	134396689	SINE/MIR	386	+	123	134396566	86287
chr11	110415488	110615488	harbor2	chr11	110430868	110431092	SINE/MIR	440	+	112	110430980	15492
chr11	110415488	110615488	harbor2	chr11	110445645	110445852	SINE/MIR	648	+	104	110445749	30261
chr11	110415488	110615488	harbor2	chr11	110459197	110459338	SINE/MIR	686	+	70	110459267	43779
chr11	110415488	110615488	harbor2	chr11	110477833	110478067	SINE/MIR	660	+	117	110477950	62462
chr11	98898419	99098419	harbor2	chr11	98902077	98902241	SINE/MIR	390	+	82	98902159	3740
chr11	62072585	62272585	harbor2	chr11	62129279	62129488	SINE/MIR	549	+	104	62129383	56798
chr11	62072585	62272585	harbor2	chr11	62131173	62131394	SINE/MIR	531	+	110	62131283	58698
chr11	62072585	62272585	harbor2	chr11	62145955	62146137	SINE/MIR	430	+	91	62146046	73461
chr11	42563328	42763328	harbor2	chr11	42570011	42570111	SINE/MIR	392	+	50	42570061	6733
chr11	42563328	42763328	harbor2	chr11	42593076	42593210	SINE/MIR	445	+	67	42593143	29815
chr11	42563328	42763328	harbor2	chr11	42594204	42594429	SINE/MIR	910	+	112	42594316	30988
chr11	42563328	42763328	harbor2	chr11	42600988	42601176	SINE/MIR	395	+	94	42601082	37754
chr11	42563328	42763328	harbor2	chr11	42616248	42616459	SINE/MIR	394	+	106	42616354	53026
chr11	42563328	42763328	harbor2	chr11	42632598	42632826	SINE/MIR	683	+	114	42632712	69384
chr11	42563328	42763328	harbor2	chr11	42634504	42634674	SINE/MIR	496	+	85	42634589	71261
chr11	42563328	42763328	harbor2	chr11	42643223	42643378	SINE/MIR	406	+	78	42643301	79973
chr11	42563328	42763328	harbor2	chr11	42662888	42663072	SINE/MIR	472	+	92	42662980	99652
chr11	59552895	59752895	harbor2	chr11	59590364	59590611	SINE/MIR	662	+	124	59590488	37593
chr11	59552895	59752895	harbor2	chr11	59604033	59604261	SINE/MIR	690	+	114	59604147	51252
chr11	59552895	59752895	harbor2	chr11	59614229	59614413	SINE/MIR	402	+	92	59614321	61426
chr11	59552895	59752895	harbor2	chr11	59617611	59617791	SINE/MIR	504	+	90	59617701	64806
chr11	59552895	59752895	harbor2	chr11	59623376	59623559	SINE/MIR	382	+	92	59623468	70573
chr11	59552895	59752895	harbor2	chr11	59635140	59635274	SINE/MIR	490	+	67	59635207	82312
chr11	123672640	123872640	harbor2	chr11	123676894	123677006	SINE/MIR	382	+	56	123676950	4310
chr11	123672640	123872640	harbor2	chr11	123689063	123689258	SINE/MIR	692	+	98	123689161	16521
chr11	123672640	123872640	harbor2	chr11	123701171	123701289	SINE/MIR	481	+	59	123701230	28590
chr11	123672640	123872640	harbor2	chr11	123706048	123706234	SINE/MIR	416	+	93	123706141	33501
chr11	123672640	123872640	harbor2	chr11	123731549	123731737	SINE/MIR	743	+	94	123731643	59003
chr11	123672640	123872640	harbor2	chr11	123736663	123736892	SINE/MIR	568	+	114	123736777	64137
chr11	123672640	123872640	harbor2	chr11	123742040	123742191	SINE/MIR	384	+	76	123742116	69476
chr11	104776868	104976868	harbor2	chr11	104777568	104777770	SINE/MIR	446	+	101	104777669	801
chr11	104776868	104976868	harbor2	chr11	104842632	104842845	SINE/MIR	559	+	106	104842738	65870
chr11	104776868	104976868	harbor2	chr11	104853548	104853733	SINE/MIR	582	+	92	104853640	76772
chr11	104776868	104976868	harbor2	chr11	104856373	104856585	SINE/MIR	446	+	106	104856479	79611
chr11	35068434	35268434	harbor2	chr11	35090611	35090804	SINE/MIR	574	+	96	35090707	22273
chr11	35068434	35268434	harbor2	chr11	35101513	35101630	SINE/MIR	388	+	58	35101571	33137
chr11	35068434	35268434	harbor2	chr11	35114035	35114246	SINE/MIR	666	+	106	35114141	45707
chr11	35068434	35268434	harbor2	chr11	35116407	35116577	SINE/MIR	383	+	85	35116492	48058
chr11	35068434	35268434	harbor2	chr11	35117811	35118020	SINE/MIR	517	+	104	35117915	49481
chr11	35068434	35268434	harbor2	chr11	35133572	35133673	SINE/MIR	422	+	50	35133622	65188
chr11	35068434	35268434	harbor2	chr11	35149555	35149688	SINE/MIR	422	+	66	35149621	81187
chr11	35068434	35268434	harbor2	chr11	35158365	35158565	SINE/MIR	598	+	100	35158465	90031
chr11	35068434	35268434	harbor2	chr11	35163915	35164066	SINE/MIR	509	+	76	35163991	95557
chr11	35068434	35268434	harbor2	chr11	35168303	35168503	SINE/MIR	635	+	100	35168403	99969
chr11	132519723	132719723	harbor2	chr11	132520263	132520513	SINE/MIR	481	+	125	132520388	665
chr11	132519723	132719723	harbor2	chr11	132529912	132530141	SINE/MIR	663	+	114	132530026	10303
chr11	132519723	132719723	harbor2	chr11	132534610	132534853	SINE/MIR	467	+	122	132534732	15009
chr11	132519723	132719723	harbor2	chr11	132541275	132541505	SINE/MIR	615	+	115	132541390	21667
chr11	132519723	132719723	harbor2	chr11	132546593	132546831	SINE/MIR	838	+	119	132546712	26989
chr11	132519723	132719723	harbor2	chr11	132564826	132565054	SINE/MIR	423	+	114	132564940	45217
chr11	132519723	132719723	harbor2	chr11	132595978	132596232	SINE/MIR	642	+	127	132596105	76382
chr11	132519723	132719723	harbor2	chr11	132605017	132605221	SINE/MIR	420	+	102	132605119	85396
chr11	132519723	132719723	harbor2	chr11	132615256	132615440	SINE/MIR	550	+	92	132615348	95625
chr11	132519723	132719723	harbor2	chr11	132615745	132615806	SINE/MIR	550	+	30	132615775	96052
chr11	26724293	26924293	harbor2	chr11	26728583	26728795	SINE/MIR	519	+	106	26728689	4396
chr11	26724293	26924293	harbor2	chr11	26743755	26743948	SINE/MIR	602	+	96	26743851	19558
chr11	132603948	132803948	harbor2	chr11	132605017	132605221	SINE/MIR	420	+	102	132605119	1171
chr11	132603948	132803948	harbor2	chr11	132615256	132615440	SINE/MIR	550	+	92	132615348	11400
chr11	132603948	132803948	harbor2	chr11	132615745	132615806	SINE/MIR	550	+	30	132615775	11827
chr11	132603948	132803948	harbor2	chr11	132622832	132622978	SINE/MIR	436	+	73	132622905	18957
chr11	132603948	132803948	harbor2	chr11	132651241	132651418	SINE/MIR	388	+	88	132651329	47381
chr11	132603948	132803948	harbor2	chr11	132652456	132652706	SINE/MIR	561	+	125	132652581	48633
chr11	132603948	132803948	harbor2	chr11	132683449	132683642	SINE/MIR	524	+	96	132683545	79597
chr11	117884533	118084533	harbor2	chr11	117886327	117886548	SINE/MIR	623	+	110	117886437	1904
chr11	117884533	118084533	harbor2	chr11	117898447	117898689	SINE/MIR	744	+	121	117898568	14035
chr11	117884533	118084533	harbor2	chr11	117908093	117908318	SINE/MIR	812	+	112	117908205	23672
chr11	117884533	118084533	harbor2	chr11	117920087	117920293	SINE/MIR	405	+	103	117920190	35657
chr11	117884533	118084533	harbor2	chr11	117924959	117925077	SINE/MIR	399	+	59	117925018	40485
chr11	117884533	118084533	harbor2	chr11	117935489	117935717	SINE/MIR	622	+	114	117935603	51070
chr11	117884533	118084533	harbor2	chr11	117940096	117940211	SINE/MIR	375	+	58	117940154	55621
chr11	117884533	118084533	harbor2	chr11	117940777	117940990	SINE/MIR	527	+	106	117940883	56350
chr11	117884533	118084533	harbor2	chr11	117951628	117951845	SINE/MIR	461	+	108	117951736	67203
chr11	117884533	118084533	harbor2	chr11	117952769	117953004	SINE/MIR	1064	+	118	117952887	68354
chr11	117884533	118084533	harbor2	chr11	117954088	117954278	SINE/MIR	685	+	95	117954183	69650
chr11	117884533	118084533	harbor2	chr11	117955072	117955300	SINE/MIR	617	+	114	117955186	70653
chr11	117884533	118084533	harbor2	chr11	117973179	117973387	SINE/MIR	508	+	104	117973283	88750
chr11	117884533	118084533	harbor2	chr11	117980376	117980582	SINE/MIR	864	+	103	117980479	95946
chr11	117884533	118084533	harbor2	chr11	117980970	117981025	SINE/MIR	864	+	28	117980998	96465
chr11	134699327	134899327	harbor2	chr11	134711248	134711423	SINE/MIR	478	+	88	134711336	12009
chr11	121965504	122165504	harbor2	chr11	121998759	121998943	SINE/MIR	498	+	92	121998851	33347
chr11	121965504	122165504	harbor2	chr11	122025382	122025634	SINE/MIR	932	+	126	122025508	60004
chr11	121965504	122165504	harbor2	chr11	122026658	122026865	SINE/MIR	489	+	104	122026762	61258
chr11	121965504	122165504	harbor2	chr11	122029243	122029475	SINE/MIR	612	+	116	122029359	63855
chr11	121965504	122165504	harbor2	chr11	122034968	122035103	SINE/MIR	418	+	68	122035036	69532
chr11	121965504	122165504	harbor2	chr11	122053001	122053077	SINE/MIR	380	+	38	122053039	87535
chr11	129851915	130051915	harbor2	chr11	129872330	129872481	SINE/MIR	417	+	76	129872406	20491
chr11	129851915	130051915	harbor2	chr11	129883697	129883875	SINE/MIR	383	+	89	129883786	31871
chr11	129851915	130051915	harbor2	chr11	129909867	129910084	SINE/MIR	614	+	108	129909975	58060
chr11	129851915	130051915	harbor2	chr11	129949186	129949393	SINE/MIR	665	+	104	129949290	97375
chr11	56424504	56624504	harbor2	chr11	56430802	56431038	SINE/MIR	462	+	118	56430920	6416
chr11	56424504	56624504	harbor2	chr11	56444810	56444968	SINE/MIR	380	+	79	56444889	20385
chr11	56424504	56624504	harbor2	chr11	56465644	56465849	SINE/MIR	447	+	102	56465746	41242
chr11	56424504	56624504	harbor2	chr11	56493353	56493598	SINE/MIR	406	+	122	56493475	68971
chr11	100487827	100687827	harbor2	chr11	100545141	100545301	SINE/MIR	428	+	80	100545221	57394
chr11	100487827	100687827	harbor2	chr11	100577319	100577520	SINE/MIR	552	+	100	100577419	89592
chr11	108283173	108483173	harbor2	chr11	108283048	108283213	SINE/MIR	588	+	82	108283130	43
chr11	108283173	108483173	harbor2	chr11	108304955	108305096	SINE/MIR	390	+	70	108305025	21852
chr11	108283173	108483173	harbor2	chr11	108322952	108323047	SINE/MIR	376	+	48	108323000	39827
chr11	108283173	108483173	harbor2	chr11	108327270	108327420	SINE/MIR	830	+	75	108327345	44172
chr11	118166450	118366450	harbor2	chr11	118167282	118167542	SINE/MIR	978	+	130	118167412	962
chr11	118166450	118366450	harbor2	chr11	118173435	118173617	SINE/MIR	687	+	91	118173526	7076
chr11	118166450	118366450	harbor2	chr11	118230262	118230506	SINE/MIR	955	+	122	118230384	63934
chr11	118166450	118366450	harbor2	chr11	118233566	118233711	SINE/MIR	799	+	72	118233638	67188
chr11	118166450	118366450	harbor2	chr11	118234019	118234128	SINE/MIR	799	+	54	118234073	67623
chr11	118166450	118366450	harbor2	chr11	118241374	118241624	SINE/MIR	720	+	125	118241499	75049
chr11	118166450	118366450	harbor2	chr11	118242116	118242297	SINE/MIR	529	+	90	118242206	75756
chr11	118166450	118366450	harbor2	chr11	118261319	118261528	SINE/MIR	546	+	104	118261423	94973
chr11	118166450	118366450	harbor2	chr11	118261774	118262007	SINE/MIR	604	+	116	118261890	95440
chr11	118166450	118366450	harbor2	chr11	118262007	118262108	SINE/MIR	393	+	50	118262057	95607
chr11	120305102	120505102	harbor2	chr11	120322304	120322329	SINE/MIR	872	+	12	120322316	17214
chr11	120305102	120505102	harbor2	chr11	120322765	120322943	SINE/MIR	872	+	89	120322854	17752
chr11	120305102	120505102	harbor2	chr11	120349516	120349751	SINE/MIR	677	+	118	120349634	44532
chr11	120305102	120505102	harbor2	chr11	120370905	120371096	SINE/MIR	491	+	96	120371001	65899
chr11	120305102	120505102	harbor2	chr11	120372684	120372855	SINE/MIR	410	+	86	120372770	67668
chr11	120305102	120505102	harbor2	chr11	120390755	120391005	SINE/MIR	660	+	125	120390880	85778
chr11	126023267	126223267	harbor2	chr11	126066843	126067101	SINE/MIR	430	+	129	126066972	43705
chr11	126023267	126223267	harbor2	chr11	126071386	126071500	SINE/MIR	391	+	57	126071443	48176
chr11	126023267	126223267	harbor2	chr11	126073456	126073542	SINE/MIR	467	+	43	126073499	50232
chr11	126023267	126223267	harbor2	chr11	126073841	126073946	SINE/MIR	467	+	52	126073893	50626
chr11	126023267	126223267	harbor2	chr11	126080779	126080922	SINE/MIR	673	+	72	126080851	57584
chr11	126023267	126223267	harbor2	chr11	126087800	126087997	SINE/MIR	581	+	98	126087898	64631
chr11	126023267	126223267	harbor2	chr11	126095443	126095648	SINE/MIR	537	+	102	126095545	72278
chr11	126023267	126223267	harbor2	chr11	126102033	126102160	SINE/MIR	551	+	64	126102097	78830
chr11	126023267	126223267	harbor2	chr11	126109337	126109565	SINE/MIR	598	+	114	126109451	86184
chr11	126023267	126223267	harbor2	chr11	126117096	126117289	SINE/MIR	447	+	96	126117192	93925
chr11	126023267	126223267	harbor2	chr11	126119465	126119675	SINE/MIR	636	+	105	126119570	96303
chr11	79507506	79707506	harbor2	chr11	79512966	79513096	SINE/MIR	447	+	65	79513031	5525
chr11	79507506	79707506	harbor2	chr11	79518453	79518604	SINE/MIR	391	+	76	79518529	11023
chr11	79507506	79707506	harbor2	chr11	79528720	79528913	SINE/MIR	379	+	96	79528816	21310
chr11	79507506	79707506	harbor2	chr11	79533550	79533692	SINE/MIR	472	+	71	79533621	26115
chr11	79507506	79707506	harbor2	chr11	79534254	79534490	SINE/MIR	610	+	118	79534372	26866
chr11	79507506	79707506	harbor2	chr11	79568199	79568372	SINE/MIR	561	+	86	79568285	60779
chr11	79507506	79707506	harbor2	chr11	79574734	79574968	SINE/MIR	757	+	117	79574851	67345
chr11	128139939	128339939	harbor2	chr11	128150582	128150732	SINE/MIR	448	+	75	128150657	10718
chr11	128139939	128339939	harbor2	chr11	128183110	128183354	SINE/MIR	580	+	122	128183232	43293
chr11	128139939	128339939	harbor2	chr11	128235161	128235373	SINE/MIR	481	+	106	128235267	95328
chr11	125389658	125589658	harbor2	chr11	125391189	125391358	SINE/MIR	531	+	84	125391273	1615
chr11	125389658	125589658	harbor2	chr11	125393920	125394140	SINE/MIR	538	+	110	125394030	4372
chr11	125389658	125589658	harbor2	chr11	125411147	125411385	SINE/MIR	716	+	119	125411266	21608
chr11	125389658	125589658	harbor2	chr11	125414648	125414847	SINE/MIR	410	+	100	125414748	25090
chr11	125389658	125589658	harbor2	chr11	125419115	125419298	SINE/MIR	397	+	92	125419207	29549
chr11	125389658	125589658	harbor2	chr11	125421438	125421636	SINE/MIR	568	+	99	125421537	31879
chr11	125389658	125589658	harbor2	chr11	125428276	125428512	SINE/MIR	466	+	118	125428394	38736
chr11	125389658	125589658	harbor2	chr11	125444747	125444961	SINE/MIR	408	+	107	125444854	55196
chr11	125389658	125589658	harbor2	chr11	125446279	125446439	SINE/MIR	471	+	80	125446359	56701
chr11	115428779	115628779	harbor2	chr11	115434466	115434680	SINE/MIR	558	+	107	115434573	5794
chr11	115428779	115628779	harbor2	chr11	115445256	115445470	SINE/MIR	488	+	107	115445363	16584
chr11	115428779	115628779	harbor2	chr11	115447229	115447425	SINE/MIR	578	+	98	115447327	18548
chr11	115428779	115628779	harbor2	chr11	115448103	115448146	SINE/MIR	578	+	22	115448125	19346
chr11	115428779	115628779	harbor2	chr11	115456602	115456815	SINE/MIR	755	+	106	115456708	27929
chr11	115428779	115628779	harbor2	chr11	115458297	115458493	SINE/MIR	621	+	98	115458395	29616
chr11	115428779	115628779	harbor2	chr11	115480342	115480517	SINE/MIR	474	+	88	115480430	51651
chr11	115428779	115628779	harbor2	chr11	115499600	115499803	SINE/MIR	405	+	102	115499702	70923
chr11	115428779	115628779	harbor2	chr11	115518918	115519162	SINE/MIR	511	+	122	115519040	90261
chr11	115428779	115628779	harbor2	chr11	115490737	115490944	SINE/MIR	486	+	104	115490841	62062
chr11	130205421	130405421	harbor2	chr11	130208820	130208975	SINE/MIR	446	+	78	130208898	3477
chr11	130205421	130405421	harbor2	chr11	130263993	130264246	SINE/MIR	849	+	126	130264119	58698
chr11	130205421	130405421	harbor2	chr11	130269661	130269908	SINE/MIR	463	+	124	130269785	64364
chr11	40442666	40642666	harbor2	chr11	40461337	40461545	SINE/MIR	716	+	104	40461441	18775
chr11	40442666	40642666	harbor2	chr11	40514132	40514310	SINE/MIR	435	+	89	40514221	71555
chr11	40442666	40642666	harbor2	chr11	40514321	40514570	SINE/MIR	585	+	124	40514445	71779
chr11	40442666	40642666	harbor2	chr11	40533778	40533973	SINE/MIR	494	+	98	40533876	91210
chr11	40442666	40642666	harbor2	chr11	40534003	40534224	SINE/MIR	494	+	110	40534113	91447
chr11	130089308	130289308	harbor2	chr11	130162864	130163070	SINE/MIR	513	+	103	130162967	73659
chr11	130089308	130289308	harbor2	chr11	130182067	130182285	SINE/MIR	406	+	109	130182176	92868
chr11	61316367	61516367	harbor2	chr11	61321986	61322157	SINE/MIR	520	+	86	61322072	5705
chr11	61316367	61516367	harbor2	chr11	61335190	61335337	SINE/MIR	390	+	74	61335264	18897
chr11	61316367	61516367	harbor2	chr11	61335634	61335778	SINE/MIR	607	+	72	61335706	19339
chr11	61316367	61516367	harbor2	chr11	61336094	61336183	SINE/MIR	607	+	44	61336138	19771
chr11	61316367	61516367	harbor2	chr11	61342893	61343145	SINE/MIR	664	+	126	61343019	26652
chr11	61316367	61516367	harbor2	chr11	61345975	61346173	SINE/MIR	546	+	99	61346074	29707
chr11	61316367	61516367	harbor2	chr11	61352195	61352321	SINE/MIR	561	+	63	61352258	35891
chr11	61316367	61516367	harbor2	chr11	61354792	61354861	SINE/MIR	545	+	34	61354826	38459
chr11	61316367	61516367	harbor2	chr11	61355168	61355272	SINE/MIR	545	+	52	61355220	38853
chr11	61316367	61516367	harbor2	chr11	61362732	61362892	SINE/MIR	395	+	80	61362812	46445
chr11	61316367	61516367	harbor2	chr11	61363721	61363973	SINE/MIR	946	+	126	61363847	47480
chr11	61316367	61516367	harbor2	chr11	61412710	61412785	SINE/MIR	401	+	38	61412748	96381
chr11	90324150	90524150	harbor2	chr11	90363134	90363354	SINE/MIR	731	+	110	90363244	39094
chr11	90324150	90524150	harbor2	chr11	90393803	90394033	SINE/MIR	622	+	115	90393918	69768
chr11	90324150	90524150	harbor2	chr11	90394595	90394821	SINE/MIR	554	+	113	90394708	70558
chr11	129039881	129239881	harbor2	chr11	129044108	129044265	SINE/MIR	629	+	78	129044186	4305
chr11	129039881	129239881	harbor2	chr11	129044709	129044848	SINE/MIR	480	+	70	129044779	4898
chr11	129039881	129239881	harbor2	chr11	129053555	129053750	SINE/MIR	481	+	98	129053653	13772
chr11	129039881	129239881	harbor2	chr11	129070141	129070304	SINE/MIR	482	+	82	129070223	30342
chr11	129039881	129239881	harbor2	chr11	129091712	129091898	SINE/MIR	403	+	93	129091805	51924
chr11	113867497	114067497	harbor2	chr11	113871909	113872110	SINE/MIR	410	+	100	113872009	4512
chr11	113867497	114067497	harbor2	chr11	113906657	113906915	SINE/MIR	512	+	129	113906786	39289
chr11	113867497	114067497	harbor2	chr11	113940939	113941150	SINE/MIR	388	+	106	113941045	73548
chr11	113867497	114067497	harbor2	chr11	113942500	113942740	SINE/MIR	525	+	120	113942620	75123
chr11	113867497	114067497	harbor2	chr11	113948371	113948580	SINE/MIR	578	+	104	113948475	80978
chr11	113867497	114067497	harbor2	chr11	113960468	113960583	SINE/MIR	392	+	58	113960526	93029
chr11	113867497	114067497	harbor2	chr11	113967425	113967555	SINE/MIR	486	+	65	113967490	99993
chr11	37025451	37225451	harbor2	chr11	37025537	37025676	SINE/MIR	488	+	70	37025607	156
chr11	37025451	37225451	harbor2	chr11	37038767	37038867	SINE/MIR	428	+	50	37038817	13366
chr11	37025451	37225451	harbor2	chr11	37053899	37054145	SINE/MIR	618	+	123	37054022	28571
chr11	37025451	37225451	harbor2	chr11	37060805	37061025	SINE/MIR	543	+	110	37060915	35464
chr11	37025451	37225451	harbor2	chr11	37070406	37070605	SINE/MIR	502	+	100	37070506	45055
chr11	37025451	37225451	harbor2	chr11	37106719	37106945	SINE/MIR	436	+	113	37106832	81381
chr11	37025451	37225451	harbor2	chr11	37108527	37108721	SINE/MIR	494	+	97	37108624	83173
chr11	37025451	37225451	harbor2	chr11	37120525	37120771	SINE/MIR	749	+	123	37120648	95197
chr11	37025451	37225451	harbor2	chr11	37044090	37044315	SINE/MIR	514	+	112	37044202	18751
chr11	133340514	133540514	harbor2	chr11	133364480	133364676	SINE/MIR	391	+	98	133364578	24064
chr11	133340514	133540514	harbor2	chr11	133372522	133372684	SINE/MIR	374	+	81	133372603	32089
chr11	133340514	133540514	harbor2	chr11	133389394	133389586	SINE/MIR	429	+	96	133389490	48976
chr11	133340514	133540514	harbor2	chr11	133399284	133399380	SINE/MIR	441	+	48	133399332	58818
chr11	133340514	133540514	harbor2	chr11	133403089	133403303	SINE/MIR	549	+	107	133403196	62682
chr11	133340514	133540514	harbor2	chr11	133436641	133436844	SINE/MIR	574	+	102	133436743	96229
chr11	106366919	106566919	harbor2	chr11	106397488	106397654	SINE/MIR	395	+	83	106397571	30652
chr11	106366919	106566919	harbor2	chr11	106399540	106399745	SINE/MIR	698	+	102	106399642	32723
chr11	106366919	106566919	harbor2	chr11	106400666	106400888	SINE/MIR	840	+	111	106400777	33858
chr11	106366919	106566919	harbor2	chr11	106444950	106445175	SINE/MIR	406	+	112	106445062	78143
chr11	102516293	102716293	harbor2	chr11	102520968	102521201	SINE/MIR	674	+	116	102521084	4791
chr11	102516293	102716293	harbor2	chr11	102522460	102522594	SINE/MIR	428	+	67	102522527	6234
chr11	102516293	102716293	harbor2	chr11	102523672	102523836	SINE/MIR	619	+	82	102523754	7461
chr11	102516293	102716293	harbor2	chr11	102536498	102536668	SINE/MIR	571	+	85	102536583	20290
chr11	102516293	102716293	harbor2	chr11	102548373	102548471	SINE/MIR	390	+	49	102548422	32129
chr11	102516293	102716293	harbor2	chr11	102553267	102553458	SINE/MIR	566	+	96	102553363	37070
chr11	102516293	102716293	harbor2	chr11	102581605	102581851	SINE/MIR	581	+	123	102581728	65435
chr11	102516293	102716293	harbor2	chr11	102596303	102596514	SINE/MIR	597	+	106	102596409	80116
chr11	102516293	102716293	harbor2	chr11	102599367	102599559	SINE/MIR	552	+	96	102599463	83170
chr11	102516293	102716293	harbor2	chr11	102603407	102603624	SINE/MIR	595	+	108	102603515	87222
chr11	102516293	102716293	harbor2	chr11	102606135	102606366	SINE/MIR	419	+	116	102606251	89958
chr11	102516293	102716293	harbor2	chr11	102606780	102607017	SINE/MIR	896	+	118	102606898	90605
chr11	102516293	102716293	harbor2	chr11	102608403	102608553	SINE/MIR	374	+	75	102608478	92185
chr11	102516293	102716293	harbor2	chr11	102547398	102547532	SINE/MIR	390	+	67	102547465	31172
chr11	58925397	59125397	harbor2	chr11	58946815	58946991	SINE/MIR	433	+	88	58946903	21506
chr11	58925397	59125397	harbor2	chr11	58947384	58947647	SINE/MIR	609	+	132	58947516	22119
chr11	58925397	59125397	harbor2	chr11	58948867	58949072	SINE/MIR	542	+	102	58948969	23572
chr11	58925397	59125397	harbor2	chr11	58978556	58978734	SINE/MIR	412	+	89	58978645	53248
chr11	58925397	59125397	harbor2	chr11	58978934	58979114	SINE/MIR	492	+	90	58979024	53627
chr11	58925397	59125397	harbor2	chr11	59005760	59005972	SINE/MIR	757	+	106	59005866	80469
chr11	121460603	121660603	harbor2	chr11	121474040	121474166	SINE/MIR	429	+	63	121474103	13500
chr11	121460603	121660603	harbor2	chr11	121475683	121475825	SINE/MIR	402	+	71	121475754	15151
chr11	121460603	121660603	harbor2	chr11	121485394	121485577	SINE/MIR	535	+	92	121485486	24883
chr11	121460603	121660603	harbor2	chr11	121532155	121532335	SINE/MIR	420	+	90	121532245	71642
chr11	121460603	121660603	harbor2	chr11	121553093	121553326	SINE/MIR	992	+	116	121553209	92606
chr11	78064651	78264651	harbor2	chr11	78065972	78066129	SINE/MIR	467	+	78	78066050	1399
chr11	78064651	78264651	harbor2	chr11	78067930	78068132	SINE/MIR	692	+	101	78068031	3380
chr11	78064651	78264651	harbor2	chr11	78079125	78079293	SINE/MIR	396	+	84	78079209	14558
chr11	78064651	78264651	harbor2	chr11	78105384	78105517	SINE/MIR	393	+	66	78105450	40799
chr11	78064651	78264651	harbor2	chr11	78153223	78153472	SINE/MIR	861	+	124	78153347	88696
chr11	78064651	78264651	harbor2	chr11	78156963	78157197	SINE/MIR	714	+	117	78157080	92429
chr11	78064651	78264651	harbor2	chr11	78160999	78161174	SINE/MIR	487	+	88	78161087	96436
chr11	78064651	78264651	harbor2	chr11	78164223	78164349	SINE/MIR	439	+	63	78164286	99635
chr11	95268107	95468107	harbor2	chr11	95281700	95281844	SINE/MIR	485	+	72	95281772	13665
chr11	95268107	95468107	harbor2	chr11	95293893	95294048	SINE/MIR	415	+	78	95293971	25864
chr11	95268107	95468107	harbor2	chr11	95297916	95298147	SINE/MIR	807	+	116	95298032	29925
chr11	95268107	95468107	harbor2	chr11	95318669	95318820	SINE/MIR	472	+	76	95318745	50638
chr11	95268107	95468107	harbor2	chr11	95333253	95333478	SINE/MIR	701	+	112	95333365	65258
chr11	95268107	95468107	harbor2	chr11	95359255	95359396	SINE/MIR	395	+	70	95359325	91218
chr11	95268107	95468107	harbor2	chr11	95362956	95363185	SINE/MIR	455	+	114	95363070	94963
chr11	95268107	95468107	harbor2	chr11	95366238	95366428	SINE/MIR	740	+	95	95366333	98226
chr11	95942367	96142367	harbor2	chr11	95958748	95958929	SINE/MIR	453	+	90	95958838	16471
chr11	95942367	96142367	harbor2	chr11	95994846	95995081	SINE/MIR	706	+	118	95994964	52597
chr11	95942367	96142367	harbor2	chr11	96004596	96004832	SINE/MIR	431	+	118	96004714	62347
chr11	95942367	96142367	harbor2	chr11	96015306	96015443	SINE/MIR	444	+	68	96015374	73007
chr11	95942367	96142367	harbor2	chr11	96022599	96022851	SINE/MIR	714	+	126	96022725	80358
chr11	95942367	96142367	harbor2	chr11	96024228	96024465	SINE/MIR	525	+	118	96024346	81979
chr11	95942367	96142367	harbor2	chr11	96031017	96031204	SINE/MIR	430	+	94	96031111	88744
chr11	95942367	96142367	harbor2	chr11	96035811	96036023	SINE/MIR	420	+	106	96035917	93550
chr11	127507687	127707687	harbor2	chr11	127565102	127565352	SINE/MIR	461	+	125	127565227	57540
chr11	127507687	127707687	harbor2	chr11	127580034	127580268	SINE/MIR	735	+	117	127580151	72464
chr11	127507687	127707687	harbor2	chr11	127598585	127598771	SINE/MIR	375	+	93	127598678	90991
chr11	100080912	100280912	harbor2	chr11	100096209	100096385	SINE/MIR	433	+	88	100096297	15385
chr11	100080912	100280912	harbor2	chr11	100134347	100134528	SINE/MIR	449	+	90	100134437	53525
chr11	100080912	100280912	harbor2	chr11	100145057	100145222	SINE/MIR	478	+	82	100145139	64227
chr11	100080912	100280912	harbor2	chr11	100162071	100162271	SINE/MIR	509	+	100	100162171	81259
chr11	100080912	100280912	harbor2	chr11	100175265	100175398	SINE/MIR	407	+	66	100175331	94419
chr11	100080912	100280912	harbor2	chr11	100175640	100175851	SINE/MIR	497	+	106	100175746	94834
chr11	94883562	95083562	harbor2	chr11	94885048	94885264	SINE/MIR	545	+	108	94885156	1594
chr11	94883562	95083562	harbor2	chr11	94897694	94897825	SINE/MIR	468	+	66	94897760	14198
chr11	94883562	95083562	harbor2	chr11	94907947	94908149	SINE/MIR	374	+	101	94908048	24486
chr11	94883562	95083562	harbor2	chr11	94917578	94917738	SINE/MIR	616	+	80	94917658	34096
chr11	94883562	95083562	harbor2	chr11	94926404	94926627	SINE/MIR	428	+	112	94926516	42954
chr11	94883562	95083562	harbor2	chr11	94931768	94931992	SINE/MIR	461	+	112	94931880	48318
chr11	94883562	95083562	harbor2	chr11	94960709	94960941	SINE/MIR	458	+	116	94960825	77263
chr11	94883562	95083562	harbor2	chr11	94961254	94961267	SINE/MIR	445	+	6	94961260	77698
chr11	94883562	95083562	harbor2	chr11	94975342	94975596	SINE/MIR	953	+	127	94975469	91907
chr11	133615248	133815248	harbor2	chr11	133624044	133624256	SINE/MIR	456	+	106	133624150	8902
chr11	133615248	133815248	harbor2	chr11	133659038	133659263	SINE/MIR	636	+	112	133659150	43902
chr11	133615248	133815248	harbor2	chr11	133664685	133664782	SINE/MIR	374	+	48	133664733	49485
chr11	133615248	133815248	harbor2	chr11	133681230	133681447	SINE/MIR	701	+	108	133681338	66090
chr11	133615248	133815248	harbor2	chr11	133681453	133681626	SINE/MIR	559	+	86	133681539	66291
chr11	133615248	133815248	harbor2	chr11	133688163	133688365	SINE/MIR	527	+	101	133688264	73016
chr11	133615248	133815248	harbor2	chr11	133708274	133708488	SINE/MIR	641	+	107	133708381	93133
chr11	133967710	134167710	harbor2	chr11	133999190	133999374	SINE/MIR	466	+	92	133999282	31572
chr11	133967710	134167710	harbor2	chr11	134001078	134001263	SINE/MIR	486	+	92	134001170	33460
chr11	133967710	134167710	harbor2	chr11	134012298	134012555	SINE/MIR	529	+	128	134012426	44716
chr11	133967710	134167710	harbor2	chr11	134018319	134018468	SINE/MIR	489	+	74	134018393	50683
chr11	133967710	134167710	harbor2	chr11	134029055	134029272	SINE/MIR	463	+	108	134029163	61453
chr11	133967710	134167710	harbor2	chr11	134043200	134043324	SINE/MIR	412	+	62	134043262	75552
chr11	13320805	13520805	harbor2	chr11	13322033	13322203	SINE/MIR	523	+	85	13322118	1313
chr11	13320805	13520805	harbor2	chr11	13328812	13328957	SINE/MIR	472	+	72	13328884	8079
chr11	13320805	13520805	harbor2	chr11	13335122	13335256	SINE/MIR	406	+	67	13335189	14384
chr11	13320805	13520805	harbor2	chr11	13337853	13337940	SINE/MIR	400	+	44	13337897	17092
chr11	13320805	13520805	harbor2	chr11	13338668	13338870	SINE/MIR	510	+	101	13338769	17964
chr11	13320805	13520805	harbor2	chr11	13342774	13342997	SINE/MIR	559	+	112	13342886	22081
chr11	13320805	13520805	harbor2	chr11	13345616	13345799	SINE/MIR	413	+	92	13345708	24903
chr11	13320805	13520805	harbor2	chr11	13349407	13349596	SINE/MIR	643	+	94	13349501	28696
chr11	13320805	13520805	harbor2	chr11	13367745	13367926	SINE/MIR	918	+	90	13367835	47030
chr11	13320805	13520805	harbor2	chr11	13382294	13382454	SINE/MIR	385	+	80	13382374	61569
chr11	13320805	13520805	harbor2	chr11	13393814	13393939	SINE/MIR	387	+	62	13393876	73071
chr11	13320805	13520805	harbor2	chr11	13419230	13419434	SINE/MIR	436	+	102	13419332	98527
chr11	116678321	116878321	harbor2	chr11	116686294	116686470	SINE/MIR	564	+	88	116686382	8061
chr11	116678321	116878321	harbor2	chr11	116687144	116687361	SINE/MIR	592	+	108	116687252	8931
chr11	116678321	116878321	harbor2	chr11	116734765	116734896	SINE/MIR	421	+	66	116734831	56510
chr11	116678321	116878321	harbor2	chr11	116766491	116766708	SINE/MIR	795	+	108	116766599	88278
chr11	129635173	129835173	harbor2	chr11	129667353	129667482	SINE/MIR	386	+	64	129667417	32244
chr11	129635173	129835173	harbor2	chr11	129703177	129703393	SINE/MIR	642	+	108	129703285	68112
chr11	91599682	91799682	harbor2	chr11	91679123	91679325	SINE/MIR	414	+	101	91679224	79542
chr11	91599682	91799682	harbor2	chr11	91693043	91693251	SINE/MIR	743	+	104	91693147	93465
chr11	123420345	123620345	harbor2	chr11	123420727	123420903	SINE/MIR	535	+	88	123420815	470
chr11	123420345	123620345	harbor2	chr11	123423713	123423945	SINE/MIR	559	+	116	123423829	3484
chr11	123420345	123620345	harbor2	chr11	123434813	123435053	SINE/MIR	397	+	120	123434933	14588
chr11	123420345	123620345	harbor2	chr11	123447533	123447660	SINE/MIR	385	+	64	123447597	27252
chr11	123420345	123620345	harbor2	chr11	123456343	123456492	SINE/MIR	423	+	74	123456417	36072
chr11	123420345	123620345	harbor2	chr11	123457140	123457198	SINE/MIR	423	+	29	123457169	36824
chr11	123420345	123620345	harbor2	chr11	123493131	123493353	SINE/MIR	732	+	111	123493242	72897
chr11	123420345	123620345	harbor2	chr11	123507894	123508093	SINE/MIR	615	+	100	123507994	87649
chr11	123420345	123620345	harbor2	chr11	123508472	123508528	SINE/MIR	615	+	28	123508500	88155
chr11	123420345	123620345	harbor2	chr11	123511799	123511989	SINE/MIR	397	+	95	123511894	91549
chr11	123420345	123620345	harbor2	chr11	123514289	123514520	SINE/MIR	593	+	116	123514405	94060
chr11	84433158	84633158	harbor2	chr11	84481039	84481172	SINE/MIR	433	+	66	84481105	47947
chr11	84433158	84633158	harbor2	chr11	84481415	84481570	SINE/MIR	379	+	78	84481493	48335
chr11	84433158	84633158	harbor2	chr11	84490087	84490305	SINE/MIR	554	+	109	84490196	57038
chr11	84433158	84633158	harbor2	chr11	84492468	84492678	SINE/MIR	736	+	105	84492573	59415
chr11	84433158	84633158	harbor2	chr11	84493597	84493817	SINE/MIR	566	+	110	84493707	60549
chr11	84433158	84633158	harbor2	chr11	84499117	84499307	SINE/MIR	494	+	95	84499212	66054
chr11	84433158	84633158	harbor2	chr11	84505459	84505638	SINE/MIR	469	+	90	84505549	72391
chr11	84433158	84633158	harbor2	chr11	84521350	84521541	SINE/MIR	425	+	96	84521446	88288
chr11	112850025	113050025	harbor2	chr11	112851731	112851963	SINE/MIR	738	+	116	112851847	1822
chr11	112850025	113050025	harbor2	chr11	112863092	112863248	SINE/MIR	439	+	78	112863170	13145
chr11	112850025	113050025	harbor2	chr11	112867182	112867403	SINE/MIR	555	+	110	112867292	17267
chr11	112850025	113050025	harbor2	chr11	112876991	112877234	SINE/MIR	656	+	122	112877113	27088
chr11	112850025	113050025	harbor2	chr11	112886730	112886889	SINE/MIR	448	+	80	112886810	36785
chr11	134301432	134501432	harbor2	chr11	134307679	134307877	SINE/MIR	447	+	99	134307778	6346
chr11	134301432	134501432	harbor2	chr11	134365459	134365617	SINE/MIR	651	+	79	134365538	64106
chr11	134301432	134501432	harbor2	chr11	134385012	134385191	SINE/MIR	622	+	90	134385102	83670
chr11	134301432	134501432	harbor2	chr11	134388158	134388393	SINE/MIR	661	+	118	134388276	86844
chr11	134301432	134501432	harbor2	chr11	134396443	134396689	SINE/MIR	386	+	123	134396566	95134
chr11	133986799	134186799	harbor2	chr11	133999190	133999374	SINE/MIR	466	+	92	133999282	12483
chr11	133986799	134186799	harbor2	chr11	134001078	134001263	SINE/MIR	486	+	92	134001170	14371
chr11	133986799	134186799	harbor2	chr11	134012298	134012555	SINE/MIR	529	+	128	134012426	25627
chr11	133986799	134186799	harbor2	chr11	134018319	134018468	SINE/MIR	489	+	74	134018393	31594
chr11	133986799	134186799	harbor2	chr11	134029055	134029272	SINE/MIR	463	+	108	134029163	42364
chr11	133986799	134186799	harbor2	chr11	134043200	134043324	SINE/MIR	412	+	62	134043262	56463
chr11	72272748	72472748	harbor2	chr11	72300119	72300337	SINE/MIR	747	+	109	72300228	27480
chr11	72272748	72472748	harbor2	chr11	72300937	72301195	SINE/MIR	691	+	129	72301066	28318
chr11	72272748	72472748	harbor2	chr11	72303422	72303604	SINE/MIR	374	+	91	72303513	30765
chr11	72272748	72472748	harbor2	chr11	72312029	72312272	SINE/MIR	679	+	122	72312151	39403
chr11	72272748	72472748	harbor2	chr11	72316844	72317013	SINE/MIR	714	+	84	72316928	44180
chr11	72272748	72472748	harbor2	chr11	72317424	72317644	SINE/MIR	541	+	110	72317534	44786
chr11	72272748	72472748	harbor2	chr11	72319502	72319753	SINE/MIR	595	+	126	72319628	46880
chr11	72272748	72472748	harbor2	chr11	72362537	72362766	SINE/MIR	987	+	114	72362651	89903
chr11	130087869	130287869	harbor2	chr11	130162864	130163070	SINE/MIR	513	+	103	130162967	75098
chr11	130087869	130287869	harbor2	chr11	130182067	130182285	SINE/MIR	406	+	109	130182176	94307
chr11	118051190	118251190	harbor2	chr11	118070946	118071104	SINE/MIR	454	+	79	118071025	19835
chr11	118051190	118251190	harbor2	chr11	118100049	118100220	SINE/MIR	521	+	86	118100135	48945
chr11	118051190	118251190	harbor2	chr11	118101141	118101307	SINE/MIR	424	+	83	118101224	50034
chr11	118051190	118251190	harbor2	chr11	118104907	118105074	SINE/MIR	426	+	84	118104991	53801
chr11	118051190	118251190	harbor2	chr11	118137184	118137386	SINE/MIR	515	+	101	118137285	86095
chr11	118051190	118251190	harbor2	chr11	118139611	118139761	SINE/MIR	610	+	75	118139686	88496
chr11	118051190	118251190	harbor2	chr11	118141757	118141873	SINE/MIR	414	+	58	118141815	90625
chr11	72463493	72663493	harbor2	chr11	72484216	72484437	SINE/MIR	1076	+	110	72484326	20833
chr11	72463493	72663493	harbor2	chr11	72524012	72524224	SINE/MIR	587	+	106	72524118	60625
chr11	66026136	66226136	harbor2	chr11	66026794	66026985	SINE/MIR	547	+	96	66026890	754
chr11	66026136	66226136	harbor2	chr11	66036267	66036407	SINE/MIR	395	+	70	66036337	10201
chr11	66026136	66226136	harbor2	chr11	66041087	66041300	SINE/MIR	561	+	106	66041193	15057
chr11	66026136	66226136	harbor2	chr11	66080810	66080947	SINE/MIR	532	+	68	66080878	54742
chr11	66026136	66226136	harbor2	chr11	66081262	66081364	SINE/MIR	532	+	51	66081313	55177
chr11	66026136	66226136	harbor2	chr11	66089495	66089716	SINE/MIR	453	+	110	66089605	63469
chr11	66026136	66226136	harbor2	chr11	66120593	66120764	SINE/MIR	458	+	86	66120679	94543
chr11	66026136	66226136	harbor2	chr11	66124328	66124427	SINE/MIR	385	+	50	66124378	98242
chr11	106075382	106275382	harbor2	chr11	106128346	106128548	SINE/MIR	776	+	101	106128447	53065
chr11	106075382	106275382	harbor2	chr11	106138817	106139001	SINE/MIR	545	+	92	106138909	63527
chr11	106075382	106275382	harbor2	chr11	106139076	106139094	SINE/MIR	545	+	9	106139085	63703
chr11	121108420	121308420	harbor2	chr11	121118050	121118288	SINE/MIR	1004	+	119	121118169	9749
chr11	121108420	121308420	harbor2	chr11	121121025	121121249	SINE/MIR	609	+	112	121121137	12717
chr11	121108420	121308420	harbor2	chr11	121136755	121136945	SINE/MIR	577	+	95	121136850	28430
chr11	121108420	121308420	harbor2	chr11	121146250	121146429	SINE/MIR	501	+	90	121146340	37920
chr11	121108420	121308420	harbor2	chr11	121146573	121146778	SINE/MIR	472	+	102	121146675	38255
chr11	121108420	121308420	harbor2	chr11	121154636	121154839	SINE/MIR	573	+	102	121154738	46318
chr11	113629346	113829346	harbor2	chr11	113641071	113641194	SINE/MIR	380	+	62	113641133	11787
chr11	113629346	113829346	harbor2	chr11	113642211	113642408	SINE/MIR	518	+	98	113642309	12963
chr11	113629346	113829346	harbor2	chr11	113644033	113644167	SINE/MIR	385	+	67	113644100	14754
chr11	113629346	113829346	harbor2	chr11	113645308	113645489	SINE/MIR	528	+	90	113645398	16052
chr11	113629346	113829346	harbor2	chr11	113674870	113675106	SINE/MIR	716	+	118	113674988	45642
chr11	113629346	113829346	harbor2	chr11	113676444	113676690	SINE/MIR	1174	+	123	113676567	47221
chr11	113629346	113829346	harbor2	chr11	113685560	113685763	SINE/MIR	734	+	102	113685662	56316
chr11	113629346	113829346	harbor2	chr11	113696457	113696601	SINE/MIR	629	+	72	113696529	67183
chr11	113629346	113829346	harbor2	chr11	113707068	113707267	SINE/MIR	643	+	100	113707168	77822
chr11	113629346	113829346	harbor2	chr11	113724624	113724798	SINE/MIR	670	+	87	113724711	95365
chr11	118165776	118365776	harbor2	chr11	118167282	118167542	SINE/MIR	978	+	130	118167412	1636
chr11	118165776	118365776	harbor2	chr11	118173435	118173617	SINE/MIR	687	+	91	118173526	7750
chr11	118165776	118365776	harbor2	chr11	118230262	118230506	SINE/MIR	955	+	122	118230384	64608
chr11	118165776	118365776	harbor2	chr11	118233566	118233711	SINE/MIR	799	+	72	118233638	67862
chr11	118165776	118365776	harbor2	chr11	118234019	118234128	SINE/MIR	799	+	54	118234073	68297
chr11	118165776	118365776	harbor2	chr11	118241374	118241624	SINE/MIR	720	+	125	118241499	75723
chr11	118165776	118365776	harbor2	chr11	118242116	118242297	SINE/MIR	529	+	90	118242206	76430
chr11	118165776	118365776	harbor2	chr11	118261319	118261528	SINE/MIR	546	+	104	118261423	95647
chr11	118165776	118365776	harbor2	chr11	118261774	118262007	SINE/MIR	604	+	116	118261890	96114
chr11	118165776	118365776	harbor2	chr11	118262007	118262108	SINE/MIR	393	+	50	118262057	96281
chr11	134159015	134359015	harbor2	chr11	134234354	134234533	SINE/MIR	430	+	90	134234444	75429
chr11	134159015	134359015	harbor2	chr11	134251348	134251512	SINE/MIR	456	+	82	134251430	92415
chr11	128279504	128479504	harbor2	chr11	128291647	128291832	SINE/MIR	485	+	92	128291739	12235
chr11	128279504	128479504	harbor2	chr11	128331186	128331405	SINE/MIR	758	+	110	128331296	51792
chr11	128279504	128479504	harbor2	chr11	128360780	128360905	SINE/MIR	390	+	62	128360842	81338
chr11	68094377	68294377	harbor2	chr11	68123964	68124085	SINE/MIR	401	+	60	68124024	29647
chr11	68094377	68294377	harbor2	chr11	68129198	68129380	SINE/MIR	760	+	91	68129289	34912
chr11	94229243	94429243	harbor2	chr11	94244739	94244902	SINE/MIR	407	+	82	94244821	15578
chr11	94229243	94429243	harbor2	chr11	94273894	94274110	SINE/MIR	545	+	108	94274002	44759
chr11	117853044	118053044	harbor2	chr11	117861029	117861143	SINE/MIR	400	+	57	117861086	8042
chr11	117853044	118053044	harbor2	chr11	117886327	117886548	SINE/MIR	623	+	110	117886437	33393
chr11	117853044	118053044	harbor2	chr11	117898447	117898689	SINE/MIR	744	+	121	117898568	45524
chr11	117853044	118053044	harbor2	chr11	117908093	117908318	SINE/MIR	812	+	112	117908205	55161
chr11	117853044	118053044	harbor2	chr11	117920087	117920293	SINE/MIR	405	+	103	117920190	67146
chr11	117853044	118053044	harbor2	chr11	117924959	117925077	SINE/MIR	399	+	59	117925018	71974
chr11	117853044	118053044	harbor2	chr11	117935489	117935717	SINE/MIR	622	+	114	117935603	82559
chr11	117853044	118053044	harbor2	chr11	117940096	117940211	SINE/MIR	375	+	58	117940154	87110
chr11	117853044	118053044	harbor2	chr11	117940777	117940990	SINE/MIR	527	+	106	117940883	87839
chr11	117853044	118053044	harbor2	chr11	117951628	117951845	SINE/MIR	461	+	108	117951736	98692
chr11	117853044	118053044	harbor2	chr11	117952769	117953004	SINE/MIR	1064	+	118	117952887	99843
chr11	87279615	87479615	harbor2	chr11	87294972	87295196	SINE/MIR	469	+	112	87295084	15469
chr11	87279615	87479615	harbor2	chr11	87296606	87296727	SINE/MIR	434	+	60	87296666	17051
chr11	87279615	87479615	harbor2	chr11	87300416	87300645	SINE/MIR	456	+	114	87300530	20915
chr11	87279615	87479615	harbor2	chr11	87303453	87303654	SINE/MIR	429	+	100	87303553	23938
chr11	87279615	87479615	harbor2	chr11	87319838	87320052	SINE/MIR	682	+	107	87319945	40330
chr11	92857148	93057148	harbor2	chr11	92873911	92874059	SINE/MIR	541	+	74	92873985	16837
chr11	92857148	93057148	harbor2	chr11	92918014	92918203	SINE/MIR	480	+	94	92918108	60960
chr11	92857148	93057148	harbor2	chr11	92932536	92932676	SINE/MIR	541	+	70	92932606	75458
chr11	129335746	129535746	harbor2	chr11	129364849	129365079	SINE/MIR	643	+	115	129364964	29218
chr11	129335746	129535746	harbor2	chr11	129388855	129389033	SINE/MIR	745	+	89	129388944	53198
chr11	129335746	129535746	harbor2	chr11	129389036	129389217	SINE/MIR	721	+	90	129389126	53380
chr11	129335746	129535746	harbor2	chr11	129402189	129402391	SINE/MIR	434	+	101	129402290	66544
chr11	95053867	95253867	harbor2	chr11	95056035	95056239	SINE/MIR	666	+	102	95056137	2270
chr11	95053867	95253867	harbor2	chr11	95080691	95080895	SINE/MIR	454	+	102	95080793	26926
chr11	95053867	95253867	harbor2	chr11	95103634	95103839	SINE/MIR	482	+	102	95103736	49869
chr11	95053867	95253867	harbor2	chr11	95112337	95112497	SINE/MIR	489	+	80	95112417	58550
chr11	95053867	95253867	harbor2	chr11	95133396	95133635	SINE/MIR	809	+	120	95133516	79649
chr11	95053867	95253867	harbor2	chr11	95140604	95140781	SINE/MIR	503	+	88	95140692	86825
chr11	104756804	104956804	harbor2	chr11	104777568	104777770	SINE/MIR	446	+	101	104777669	20865
chr11	104756804	104956804	harbor2	chr11	104842632	104842845	SINE/MIR	559	+	106	104842738	85934
chr11	104756804	104956804	harbor2	chr11	104853548	104853733	SINE/MIR	582	+	92	104853640	96836
chr11	104756804	104956804	harbor2	chr11	104856373	104856585	SINE/MIR	446	+	106	104856479	99675
chr11	122556278	122756278	harbor2	chr11	122641752	122641893	SINE/MIR	537	+	70	122641822	85544
chr11	122556278	122756278	harbor2	chr11	122653653	122653846	SINE/MIR	764	+	96	122653749	97471
chr11	122556278	122756278	harbor2	chr11	122654481	122654682	SINE/MIR	658	+	100	122654581	98303
chr11	122825604	123025604	harbor2	chr11	122839250	122839419	SINE/MIR	469	+	84	122839334	13730
chr11	122825604	123025604	harbor2	chr11	122864233	122864389	SINE/MIR	393	+	78	122864311	38707
chr11	122825604	123025604	harbor2	chr11	122887087	122887297	SINE/MIR	851	+	105	122887192	61588
chr11	122825604	123025604	harbor2	chr11	122898386	122898487	SINE/MIR	493	+	50	122898436	72832
chr11	122825604	123025604	harbor2	chr11	122909332	122909521	SINE/MIR	976	+	94	122909426	83822
chr11	122825604	123025604	harbor2	chr11	122909811	122909851	SINE/MIR	976	+	20	122909831	84227
chr11	122825604	123025604	harbor2	chr11	122913977	122914208	SINE/MIR	531	+	116	122914093	88489
chr11	122825604	123025604	harbor2	chr11	122924295	122924495	SINE/MIR	810	+	100	122924395	98791
chr11	86541039	86741039	harbor2	chr11	86553888	86554081	SINE/MIR	594	+	96	86553984	12945
chr11	86541039	86741039	harbor2	chr11	86557507	86557638	SINE/MIR	466	+	66	86557573	16534
chr11	86541039	86741039	harbor2	chr11	86568979	86569099	SINE/MIR	376	+	60	86569039	28000
chr11	86541039	86741039	harbor2	chr11	86575910	86576142	SINE/MIR	634	+	116	86576026	34987
chr11	86541039	86741039	harbor2	chr11	86581334	86581527	SINE/MIR	423	+	96	86581430	40391
chr11	86541039	86741039	harbor2	chr11	86587908	86588030	SINE/MIR	526	+	61	86587969	46930
chr11	86541039	86741039	harbor2	chr11	86592853	86593037	SINE/MIR	491	+	92	86592945	51906
chr11	86541039	86741039	harbor2	chr11	86611673	86611851	SINE/MIR	594	+	89	86611762	70723
chr11	86541039	86741039	harbor2	chr11	86617086	86617314	SINE/MIR	639	+	114	86617200	76161
chr11	86541039	86741039	harbor2	chr11	86622878	86623010	SINE/MIR	578	+	66	86622944	81905
chr11	86541039	86741039	harbor2	chr11	86625760	86625996	SINE/MIR	862	+	118	86625878	84839
chr11	86541039	86741039	harbor2	chr11	86636626	86636835	SINE/MIR	662	+	104	86636730	95691
chr11	111201435	111401435	harbor2	chr11	111255190	111255378	SINE/MIR	393	+	94	111255284	53849
chr11	111201435	111401435	harbor2	chr11	111263760	111263963	SINE/MIR	684	+	102	111263862	62427
chr11	111201435	111401435	harbor2	chr11	111265412	111265632	SINE/MIR	407	+	110	111265522	64087
chr11	111201435	111401435	harbor2	chr11	111272326	111272509	SINE/MIR	531	+	92	111272418	70983
chr11	111201435	111401435	harbor2	chr11	111274800	111275052	SINE/MIR	503	+	126	111274926	73491
chr11	111201435	111401435	harbor2	chr11	111295717	111295856	SINE/MIR	420	+	70	111295787	94352
chr11	107209862	107409862	harbor2	chr11	107222707	107222880	SINE/MIR	536	+	86	107222793	12931
chr11	107209862	107409862	harbor2	chr11	107269437	107269606	SINE/MIR	628	+	84	107269521	59659
chr11	40026292	40226292	harbor2	chr11	40078550	40078769	SINE/MIR	522	+	110	40078660	52368
chr11	40026292	40226292	harbor2	chr11	40117704	40117967	SINE/MIR	882	+	132	40117836	91544
chr11	40026292	40226292	harbor2	chr11	40120810	40121034	SINE/MIR	390	+	112	40120922	94630
chr11	133316121	133516121	harbor2	chr11	133320344	133320562	SINE/MIR	436	+	109	133320453	4332
chr11	133316121	133516121	harbor2	chr11	133328070	133328157	SINE/MIR	401	+	44	133328114	11993
chr11	133316121	133516121	harbor2	chr11	133328458	133328517	SINE/MIR	401	+	30	133328488	12367
chr11	133316121	133516121	harbor2	chr11	133364480	133364676	SINE/MIR	391	+	98	133364578	48457
chr11	133316121	133516121	harbor2	chr11	133372522	133372684	SINE/MIR	374	+	81	133372603	56482
chr11	133316121	133516121	harbor2	chr11	133389394	133389586	SINE/MIR	429	+	96	133389490	73369
chr11	133316121	133516121	harbor2	chr11	133399284	133399380	SINE/MIR	441	+	48	133399332	83211
chr11	133316121	133516121	harbor2	chr11	133403089	133403303	SINE/MIR	549	+	107	133403196	87075
chr11	22184829	22384829	harbor2	chr11	22228144	22228287	SINE/MIR	418	+	72	22228216	43387
chr11	129617131	129817131	harbor2	chr11	129667353	129667482	SINE/MIR	386	+	64	129667417	50286
chr11	129617131	129817131	harbor2	chr11	129703177	129703393	SINE/MIR	642	+	108	129703285	86154
chr11	85271180	85471180	harbor2	chr11	85278825	85279019	SINE/MIR	537	+	97	85278922	7742
chr11	85271180	85471180	harbor2	chr11	85294449	85294587	SINE/MIR	592	+	69	85294518	23338
chr11	85271180	85471180	harbor2	chr11	85303668	85303850	SINE/MIR	517	+	91	85303759	32579
chr11	85271180	85471180	harbor2	chr11	85305951	85306180	SINE/MIR	743	+	114	85306065	34885
chr11	85271180	85471180	harbor2	chr11	85360272	85360462	SINE/MIR	681	+	95	85360367	89187
chr11	85271180	85471180	harbor2	chr11	85367242	85367486	SINE/MIR	764	+	122	85367364	96184
chr11	85271180	85471180	harbor2	chr11	85367571	85367786	SINE/MIR	601	+	108	85367679	96499
chr11	106705018	106905018	harbor2	chr11	106746169	106746410	SINE/MIR	554	+	120	106746289	41271
chr11	106705018	106905018	harbor2	chr11	106764351	106764545	SINE/MIR	505	+	97	106764448	59430
chr11	106705018	106905018	harbor2	chr11	106764836	106765046	SINE/MIR	499	+	105	106764941	59923
chr11	128108103	128308103	harbor2	chr11	128134867	128135136	SINE/MIR	409	+	134	128135001	26898
chr11	128108103	128308103	harbor2	chr11	128150582	128150732	SINE/MIR	448	+	75	128150657	42554
chr11	128108103	128308103	harbor2	chr11	128183110	128183354	SINE/MIR	580	+	122	128183232	75129
chr11	115099626	115299626	harbor2	chr11	115100556	115100789	SINE/MIR	488	+	116	115100672	1046
chr11	115099626	115299626	harbor2	chr11	115101274	115101449	SINE/MIR	454	+	88	115101362	1736
chr11	115099626	115299626	harbor2	chr11	115102077	115102206	SINE/MIR	398	+	64	115102141	2515
chr11	115099626	115299626	harbor2	chr11	115112352	115112585	SINE/MIR	776	+	116	115112468	12842
chr11	115099626	115299626	harbor2	chr11	115121995	115122236	SINE/MIR	485	+	120	115122115	22489
chr11	115099626	115299626	harbor2	chr11	115124090	115124251	SINE/MIR	615	+	80	115124170	24544
chr11	115099626	115299626	harbor2	chr11	115129050	115129265	SINE/MIR	558	+	108	115129158	29532
chr11	115099626	115299626	harbor2	chr11	115155962	115156158	SINE/MIR	553	+	98	115156060	56434
chr11	115099626	115299626	harbor2	chr11	115159908	115159965	SINE/MIR	864	+	28	115159936	60310
chr11	115099626	115299626	harbor2	chr11	115160253	115160429	SINE/MIR	864	+	88	115160341	60715
chr11	133904623	134104623	harbor2	chr11	133965427	133965557	SINE/MIR	453	+	65	133965492	60869
chr11	133904623	134104623	harbor2	chr11	133999190	133999374	SINE/MIR	466	+	92	133999282	94659
chr11	133904623	134104623	harbor2	chr11	134001078	134001263	SINE/MIR	486	+	92	134001170	96547
chr11	114390856	114590856	harbor2	chr11	114398389	114398526	SINE/MIR	384	+	68	114398457	7601
chr11	114390856	114590856	harbor2	chr11	114451240	114451257	SINE/MIR	383	+	8	114451248	60392
chr11	114390856	114590856	harbor2	chr11	114451730	114451955	SINE/MIR	522	+	112	114451842	60986
chr11	114390856	114590856	harbor2	chr11	114473772	114473889	SINE/MIR	432	+	58	114473830	82974
chr11	114390856	114590856	harbor2	chr11	114483317	114483548	SINE/MIR	618	+	116	114483433	92577
chr11	114390856	114590856	harbor2	chr11	114484912	114485033	SINE/MIR	389	+	60	114484972	94116
chr11	114853136	115053136	harbor2	chr11	114853402	114853607	SINE/MIR	550	+	102	114853504	368
chr11	114853136	115053136	harbor2	chr11	114860493	114860587	SINE/MIR	394	+	47	114860540	7404
chr11	114853136	115053136	harbor2	chr11	114863176	114863400	SINE/MIR	533	+	112	114863288	10152
chr11	114853136	115053136	harbor2	chr11	114879836	114880072	SINE/MIR	511	+	118	114879954	26818
chr11	114853136	115053136	harbor2	chr11	114888471	114888609	SINE/MIR	431	+	69	114888540	35404
chr11	114853136	115053136	harbor2	chr11	114897480	114897648	SINE/MIR	543	+	84	114897564	44428
chr11	114853136	115053136	harbor2	chr11	114910714	114910898	SINE/MIR	576	+	92	114910806	57670
chr11	114853136	115053136	harbor2	chr11	114920256	114920398	SINE/MIR	608	+	71	114920327	67191
chr11	114853136	115053136	harbor2	chr11	114936921	114937068	SINE/MIR	451	+	74	114936995	83859
chr11	114853136	115053136	harbor2	chr11	114945382	114945601	SINE/MIR	1072	+	110	114945492	92356
chr11	114853136	115053136	harbor2	chr11	114917181	114917408	SINE/MIR	487	+	114	114917295	64159
chr11	67228684	67428684	harbor2	chr11	67278006	67278149	SINE/MIR	389	+	72	67278078	49394
chr11	67228684	67428684	harbor2	chr11	67318637	67318787	SINE/MIR	516	+	75	67318712	90028
chr11	126183424	126383424	harbor2	chr11	126192071	126192261	SINE/MIR	457	+	95	126192166	8742
chr11	126183424	126383424	harbor2	chr11	126222111	126222267	SINE/MIR	443	+	78	126222189	38765
chr11	126183424	126383424	harbor2	chr11	126232262	126232451	SINE/MIR	444	+	94	126232356	48932
chr11	126183424	126383424	harbor2	chr11	126246381	126246570	SINE/MIR	417	+	94	126246475	63051
chr11	126183424	126383424	harbor2	chr11	126282647	126282763	SINE/MIR	378	+	58	126282705	99281
chr11	41412398	41612398	harbor2	chr11	41413990	41414192	SINE/MIR	485	+	101	41414091	1693
chr11	41412398	41612398	harbor2	chr11	41415397	41415560	SINE/MIR	374	+	82	41415479	3081
chr11	41412398	41612398	harbor2	chr11	41420655	41420873	SINE/MIR	507	+	109	41420764	8366
chr11	41412398	41612398	harbor2	chr11	41420972	41421210	SINE/MIR	643	+	119	41421091	8693
chr11	41412398	41612398	harbor2	chr11	41430038	41430246	SINE/MIR	427	+	104	41430142	17744
chr11	41412398	41612398	harbor2	chr11	41445552	41445758	SINE/MIR	459	+	103	41445655	33257
chr11	41412398	41612398	harbor2	chr11	41447118	41447293	SINE/MIR	611	+	88	41447206	34808
chr11	41412398	41612398	harbor2	chr11	41474805	41474971	SINE/MIR	615	+	83	41474888	62490
chr11	41412398	41612398	harbor2	chr11	41492852	41492985	SINE/MIR	485	+	66	41492918	80520
chr11	76310129	76510129	harbor2	chr11	76310252	76310363	SINE/MIR	415	+	56	76310308	179
chr11	76310129	76510129	harbor2	chr11	76310665	76310741	SINE/MIR	415	+	38	76310703	574
chr11	76310129	76510129	harbor2	chr11	76317777	76317961	SINE/MIR	560	+	92	76317869	7740
chr11	76310129	76510129	harbor2	chr11	76329297	76329445	SINE/MIR	455	+	74	76329371	19242
chr11	76310129	76510129	harbor2	chr11	76329495	76329740	SINE/MIR	758	+	122	76329617	19488
chr11	76310129	76510129	harbor2	chr11	76344474	76344661	SINE/MIR	434	+	94	76344568	34439
chr11	76310129	76510129	harbor2	chr11	76346411	76346571	SINE/MIR	495	+	80	76346491	36362
chr11	76310129	76510129	harbor2	chr11	76347803	76347970	SINE/MIR	375	+	84	76347887	37758
chr11	76310129	76510129	harbor2	chr11	76354908	76355050	SINE/MIR	579	+	71	76354979	44850
chr11	76310129	76510129	harbor2	chr11	76361485	76361650	SINE/MIR	483	+	82	76361567	51438
chr11	76310129	76510129	harbor2	chr11	76390270	76390406	SINE/MIR	417	+	68	76390338	80209
chr11	65093760	65293760	harbor2	chr11	65131678	65131906	SINE/MIR	583	+	114	65131792	38032
chr11	96178268	96378268	harbor2	chr11	96210540	96210742	SINE/MIR	507	+	101	96210641	32373
chr11	96178268	96378268	harbor2	chr11	96214273	96214462	SINE/MIR	586	+	94	96214367	36099
chr11	96178268	96378268	harbor2	chr11	96224028	96224230	SINE/MIR	491	+	101	96224129	45861
chr11	96178268	96378268	harbor2	chr11	96227513	96227780	SINE/MIR	636	+	134	96227647	49379
chr11	96178268	96378268	harbor2	chr11	96235482	96235629	SINE/MIR	458	+	74	96235556	57288
chr11	96178268	96378268	harbor2	chr11	96273611	96273777	SINE/MIR	471	+	83	96273694	95426
chr11	128940531	129140531	harbor2	chr11	128960254	128960496	SINE/MIR	443	+	121	128960375	19844
chr11	128940531	129140531	harbor2	chr11	129017038	129017173	SINE/MIR	716	+	68	129017106	76575
chr11	128940531	129140531	harbor2	chr11	129017478	129017583	SINE/MIR	716	+	52	129017530	76999
chr11	128940531	129140531	harbor2	chr11	129022450	129022670	SINE/MIR	403	+	110	129022560	82029
chr11	131806099	132006099	harbor2	chr11	131813771	131814003	SINE/MIR	569	+	116	131813887	7788
chr11	131806099	132006099	harbor2	chr11	131821461	131821639	SINE/MIR	436	+	89	131821550	15451
chr11	131806099	132006099	harbor2	chr11	131828004	131828244	SINE/MIR	638	+	120	131828124	22025
chr11	131806099	132006099	harbor2	chr11	131838403	131838574	SINE/MIR	401	+	86	131838489	32390
chr11	131806099	132006099	harbor2	chr11	131859558	131859775	SINE/MIR	467	+	108	131859666	53567
chr11	131806099	132006099	harbor2	chr11	131870190	131870332	SINE/MIR	441	+	71	131870261	64162
chr11	126418489	126618489	harbor2	chr11	126421657	126421802	SINE/MIR	431	+	72	126421729	3240
chr11	126418489	126618489	harbor2	chr11	126462220	126462382	SINE/MIR	459	+	81	126462301	43812
chr11	126418489	126618489	harbor2	chr11	126462684	126462706	SINE/MIR	459	+	11	126462695	44206
chr11	126418489	126618489	harbor2	chr11	126480086	126480334	SINE/MIR	425	+	124	126480210	61721
chr11	126418489	126618489	harbor2	chr11	126482363	126482554	SINE/MIR	566	+	96	126482459	63970
chr11	126418489	126618489	harbor2	chr11	126485393	126485638	SINE/MIR	502	+	122	126485515	67026
chr11	126418489	126618489	harbor2	chr11	126488294	126488448	SINE/MIR	490	+	77	126488371	69882
chr11	126418489	126618489	harbor2	chr11	126508648	126508887	SINE/MIR	601	+	120	126508768	90279
chr11	125651284	125851284	harbor2	chr11	125677043	125677187	SINE/MIR	440	+	72	125677115	25831
chr11	125651284	125851284	harbor2	chr11	125688302	125688500	SINE/MIR	551	+	99	125688401	37117
chr11	125651284	125851284	harbor2	chr11	125723143	125723382	SINE/MIR	586	+	120	125723263	71979
chr11	125651284	125851284	harbor2	chr11	125728699	125728931	SINE/MIR	625	+	116	125728815	77531
chr11	133061478	133261478	harbor2	chr11	133069145	133069307	SINE/MIR	475	+	81	133069226	7748
chr11	133061478	133261478	harbor2	chr11	133110836	133111048	SINE/MIR	592	+	106	133110942	49464
chr11	108187439	108387439	harbor2	chr11	108283048	108283213	SINE/MIR	588	+	82	108283130	95691
chr11	101043426	101243426	harbor2	chr11	101050749	101050903	SINE/MIR	378	+	77	101050826	7400
chr11	101043426	101243426	harbor2	chr11	101054650	101054841	SINE/MIR	487	+	96	101054746	11320
chr11	101043426	101243426	harbor2	chr11	101095676	101095789	SINE/MIR	384	+	56	101095732	52306
chr11	101043426	101243426	harbor2	chr11	101103890	101104072	SINE/MIR	463	+	91	101103981	60555
chr11	101043426	101243426	harbor2	chr11	101104295	101104513	SINE/MIR	504	+	109	101104404	60978
chr11	101043426	101243426	harbor2	chr11	101108600	101108790	SINE/MIR	586	+	95	101108695	65269
chr11	101043426	101243426	harbor2	chr11	101111151	101111222	SINE/MIR	586	+	36	101111187	67761
chr11	101043426	101243426	harbor2	chr11	101117804	101117979	SINE/MIR	450	+	88	101117892	74466
chr11	101043426	101243426	harbor2	chr11	101118208	101118338	SINE/MIR	531	+	65	101118273	74847
chr11	101043426	101243426	harbor2	chr11	101119904	101120031	SINE/MIR	474	+	64	101119968	76542
chr11	101043426	101243426	harbor2	chr11	101123041	101123263	SINE/MIR	791	+	111	101123152	79726
chr11	117648754	117848754	harbor2	chr11	117656243	117656455	SINE/MIR	660	+	106	117656349	7595
chr11	117648754	117848754	harbor2	chr11	117660291	117660466	SINE/MIR	449	+	88	117660379	11625
chr11	117648754	117848754	harbor2	chr11	117664366	117664579	SINE/MIR	432	+	106	117664472	15718
chr11	117648754	117848754	harbor2	chr11	117666126	117666333	SINE/MIR	497	+	104	117666230	17476
chr11	117648754	117848754	harbor2	chr11	117666765	117666901	SINE/MIR	440	+	68	117666833	18079
chr11	117648754	117848754	harbor2	chr11	117674776	117674957	SINE/MIR	461	+	90	117674866	26112
chr11	117648754	117848754	harbor2	chr11	117674980	117675179	SINE/MIR	771	+	100	117675080	26326
chr11	117648754	117848754	harbor2	chr11	117683620	117683848	SINE/MIR	535	+	114	117683734	34980
chr11	117648754	117848754	harbor2	chr11	117688548	117688758	SINE/MIR	413	+	105	117688653	39899
chr11	117648754	117848754	harbor2	chr11	117695772	117695961	SINE/MIR	667	+	94	117695866	47112
chr11	117648754	117848754	harbor2	chr11	117705826	117705916	SINE/MIR	397	+	45	117705871	57117
chr11	117648754	117848754	harbor2	chr11	117708392	117708604	SINE/MIR	598	+	106	117708498	59744
chr11	117648754	117848754	harbor2	chr11	117708969	117709064	SINE/MIR	401	+	48	117709017	60263
chr11	117648754	117848754	harbor2	chr11	117710527	117710752	SINE/MIR	655	+	112	117710639	61885
chr11	117648754	117848754	harbor2	chr11	117713954	117714177	SINE/MIR	842	+	112	117714066	65312
chr11	117648754	117848754	harbor2	chr11	117716222	117716338	SINE/MIR	380	+	58	117716280	67526
chr11	117648754	117848754	harbor2	chr11	117720620	117720848	SINE/MIR	734	+	114	117720734	71980
chr11	117648754	117848754	harbor2	chr11	117722950	117723161	SINE/MIR	637	+	106	117723056	74302
chr11	117648754	117848754	harbor2	chr11	117726099	117726237	SINE/MIR	418	+	69	117726168	77414
chr11	117648754	117848754	harbor2	chr11	117736859	117737031	SINE/MIR	404	+	86	117736945	88191
chr11	117648754	117848754	harbor2	chr11	117745722	117745932	SINE/MIR	1014	+	105	117745827	97073
chr11	117648754	117848754	harbor2	chr11	117746246	117746288	SINE/MIR	1014	+	21	117746267	97513
chr11	117648754	117848754	harbor2	chr11	117748020	117748221	SINE/MIR	649	+	100	117748120	99366
chr11	106771742	106971742	harbor2	chr11	106805872	106806028	SINE/MIR	392	+	78	106805950	34208
chr11	106771742	106971742	harbor2	chr11	106829351	106829502	SINE/MIR	457	+	76	106829427	57685
chr11	106771742	106971742	harbor2	chr11	106862171	106862387	SINE/MIR	432	+	108	106862279	90537
chr11	56809705	57009705	harbor2	chr11	56851863	56852096	SINE/MIR	865	+	116	56851979	42274
chr11	56809705	57009705	harbor2	chr11	56875701	56875939	SINE/MIR	425	+	119	56875820	66115
chr11	56809705	57009705	harbor2	chr11	56876247	56876382	SINE/MIR	429	+	68	56876315	66610
chr11	56809705	57009705	harbor2	chr11	56889183	56889438	SINE/MIR	457	+	128	56889311	79606
chr11	56809705	57009705	harbor2	chr11	56892615	56892823	SINE/MIR	493	+	104	56892719	83014
chr11	56809705	57009705	harbor2	chr11	56893267	56893473	SINE/MIR	533	+	103	56893370	83665
chr11	56809705	57009705	harbor2	chr11	56897548	56897752	SINE/MIR	411	+	102	56897650	87945
chr11	56809705	57009705	harbor2	chr11	56901136	56901383	SINE/MIR	727	+	124	56901260	91555
chr11	56809705	57009705	harbor2	chr11	56903202	56903356	SINE/MIR	377	+	77	56903279	93574
chr11	56809705	57009705	harbor2	chr11	56906074	56906289	SINE/MIR	671	+	108	56906182	96477
chr11	130913332	131113332	harbor2	chr11	130948955	130949222	SINE/MIR	752	+	134	130949089	35757
chr11	130913332	131113332	harbor2	chr11	130953251	130953459	SINE/MIR	612	+	104	130953355	40023
chr11	74524261	74724261	harbor2	chr11	74544977	74545134	SINE/MIR	387	+	78	74545055	20794
chr11	74524261	74724261	harbor2	chr11	74559066	74559208	SINE/MIR	441	+	71	74559137	34876
chr11	74524261	74724261	harbor2	chr11	74565010	74565128	SINE/MIR	417	+	59	74565069	40808
chr11	74524261	74724261	harbor2	chr11	74569465	74569618	SINE/MIR	397	+	76	74569541	45280
chr11	74524261	74724261	harbor2	chr11	74585304	74585424	SINE/MIR	583	+	60	74585364	61103
chr11	74524261	74724261	harbor2	chr11	74586752	74586994	SINE/MIR	900	+	121	74586873	62612
chr11	74524261	74724261	harbor2	chr11	74613465	74613657	SINE/MIR	384	+	96	74613561	89300
chr11	132351591	132551591	harbor2	chr11	132424616	132424782	SINE/MIR	381	+	83	132424699	73108
chr11	132351591	132551591	harbor2	chr11	132425371	132425556	SINE/MIR	446	+	92	132425463	73872
chr11	132351591	132551591	harbor2	chr11	132432086	132432287	SINE/MIR	382	+	100	132432186	80595
chr11	132351591	132551591	harbor2	chr11	132449697	132449843	SINE/MIR	463	+	73	132449770	98179
chr11	42340154	42540154	harbor2	chr11	42383597	42383704	SINE/MIR	388	+	54	42383651	43497
chr11	42340154	42540154	harbor2	chr11	42428296	42428432	SINE/MIR	431	+	68	42428364	88210
chr11	42340154	42540154	harbor2	chr11	42436295	42436430	SINE/MIR	420	+	68	42436363	96209
chr11	42340154	42540154	harbor2	chr11	42437124	42437230	SINE/MIR	420	+	53	42437177	97023
chr11	42340154	42540154	harbor2	chr11	42437597	42437816	SINE/MIR	509	+	110	42437707	97553
chr11	42340154	42540154	harbor2	chr11	42438074	42438329	SINE/MIR	468	+	128	42438202	98048
chr11	131413767	131613767	harbor2	chr11	131469621	131469855	SINE/MIR	624	+	117	131469738	55971
chr11	131413767	131613767	harbor2	chr11	131485910	131486097	SINE/MIR	441	+	94	131486004	72237
chr11	131413767	131613767	harbor2	chr11	131498185	131498398	SINE/MIR	528	+	106	131498291	84524
chr11	131413767	131613767	harbor2	chr11	131505024	131505231	SINE/MIR	423	+	104	131505128	91361
chr11	131413767	131613767	harbor2	chr11	131505831	131505935	SINE/MIR	423	+	52	131505883	92116
chr11	68987581	69187581	harbor2	chr11	69050284	69050377	SINE/MIR	450	+	46	69050330	62749
chr11	68987581	69187581	harbor2	chr11	69050678	69050789	SINE/MIR	450	+	56	69050734	63153
chr11	110143754	110343754	harbor2	chr11	110153616	110153728	SINE/MIR	385	+	56	110153672	9918
chr11	110143754	110343754	harbor2	chr11	110162645	110162842	SINE/MIR	398	+	98	110162743	18989
chr11	19002533	19202533	harbor2	chr11	19017823	19017977	SINE/MIR	509	+	77	19017900	15367
chr11	19002533	19202533	harbor2	chr11	19062354	19062524	SINE/MIR	448	+	85	19062439	59906
chr11	19002533	19202533	harbor2	chr11	19081159	19081344	SINE/MIR	424	+	92	19081251	78718
chr11	19002533	19202533	harbor2	chr11	19096186	19096323	SINE/MIR	448	+	68	19096254	93721
chr11	19002533	19202533	harbor2	chr11	19098164	19098344	SINE/MIR	651	+	90	19098254	95721
chr11	19002533	19202533	harbor2	chr11	19070907	19071108	SINE/MIR	388	+	100	19071007	68474
chr11	87481462	87681462	harbor2	chr11	87516152	87516396	SINE/MIR	825	+	122	87516274	34812
chr11	87481462	87681462	harbor2	chr11	87516579	87516784	SINE/MIR	556	+	102	87516681	35219
chr11	87481462	87681462	harbor2	chr11	87519309	87519498	SINE/MIR	497	+	94	87519403	37941
chr11	87481462	87681462	harbor2	chr11	87536653	87536868	SINE/MIR	377	+	108	87536761	55299
chr11	87481462	87681462	harbor2	chr11	87574420	87574594	SINE/MIR	569	+	87	87574507	93045
chr11	87481462	87681462	harbor2	chr11	87578595	87578815	SINE/MIR	595	+	110	87578705	97243
chr11	87481462	87681462	harbor2	chr11	87581358	87581546	SINE/MIR	686	+	94	87581452	99990
chr11	92115716	92315716	harbor2	chr11	92125945	92126164	SINE/MIR	552	+	110	92126055	10339
chr11	92115716	92315716	harbor2	chr11	92140154	92140378	SINE/MIR	419	+	112	92140266	24550
chr11	92115716	92315716	harbor2	chr11	92142244	92142490	SINE/MIR	386	+	123	92142367	26651
chr11	92115716	92315716	harbor2	chr11	92212742	92212877	SINE/MIR	501	+	68	92212810	97094
chr11	22006693	22206693	harbor2	chr11	22009097	22009349	SINE/MIR	967	+	126	22009223	2530
chr11	22006693	22206693	harbor2	chr11	22079938	22080177	SINE/MIR	764	+	120	22080058	73365
chr11	22006693	22206693	harbor2	chr11	22083478	22083664	SINE/MIR	541	+	93	22083571	76878
chr11	11183438	11383438	harbor2	chr11	11212558	11212760	SINE/MIR	736	+	101	11212659	29221
chr11	11183438	11383438	harbor2	chr11	11237039	11237255	SINE/MIR	681	+	108	11237147	53709
chr11	11183438	11383438	harbor2	chr11	11244645	11244831	SINE/MIR	565	+	93	11244738	61300
chr11	11183438	11383438	harbor2	chr11	11262781	11263024	SINE/MIR	491	+	122	11262903	79465
chr11	11183438	11383438	harbor2	chr11	11263915	11264163	SINE/MIR	528	+	124	11264039	80601
chr11	11183438	11383438	harbor2	chr11	11264269	11264513	SINE/MIR	589	+	122	11264391	80953
chr11	124816573	125016573	harbor2	chr11	124843613	124843758	SINE/MIR	383	+	72	124843685	27112
chr11	124816573	125016573	harbor2	chr11	124844830	124845041	SINE/MIR	460	+	106	124844936	28363
chr11	124816573	125016573	harbor2	chr11	124851325	124851482	SINE/MIR	495	+	78	124851403	34830
chr11	124816573	125016573	harbor2	chr11	124851771	124851825	SINE/MIR	495	+	27	124851798	35225
chr11	124816573	125016573	harbor2	chr11	124852276	124852344	SINE/MIR	495	+	34	124852310	35737
chr11	124816573	125016573	harbor2	chr11	124859237	124859396	SINE/MIR	463	+	80	124859317	42744
chr11	124816573	125016573	harbor2	chr11	124886209	124886387	SINE/MIR	388	+	89	124886298	69725
chr11	124816573	125016573	harbor2	chr11	124888002	124888155	SINE/MIR	388	+	76	124888078	71505
chr11	124816573	125016573	harbor2	chr11	124890479	124890712	SINE/MIR	504	+	116	124890595	74022
chr11	124816573	125016573	harbor2	chr11	124892117	124892304	SINE/MIR	374	+	94	124892211	75638
chr11	124816573	125016573	harbor2	chr11	124898464	124898593	SINE/MIR	386	+	64	124898528	81955
chr11	124816573	125016573	harbor2	chr11	124901048	124901163	SINE/MIR	528	+	58	124901106	84533
chr11	119842945	120042945	harbor2	chr11	119856471	119856644	SINE/MIR	562	+	86	119856557	13612
chr11	119842945	120042945	harbor2	chr11	119864565	119864801	SINE/MIR	673	+	118	119864683	21738
chr11	119842945	120042945	harbor2	chr11	119867746	119868001	SINE/MIR	673	+	128	119867874	24929
chr11	119842945	120042945	harbor2	chr11	119892982	119893134	SINE/MIR	404	+	76	119893058	50113
chr11	119842945	120042945	harbor2	chr11	119912981	119913185	SINE/MIR	525	+	102	119913083	70138
chr11	119842945	120042945	harbor2	chr11	119918018	119918209	SINE/MIR	417	+	96	119918114	75169
chr11	119842945	120042945	harbor2	chr11	119937333	119937556	SINE/MIR	474	+	112	119937445	94500
chr11	119842945	120042945	harbor2	chr11	119938258	119938408	SINE/MIR	562	+	75	119938333	95388
chr11	119842945	120042945	harbor2	chr11	119942715	119942896	SINE/MIR	584	+	90	119942805	99860
chr11	124383607	124583607	harbor2	chr11	124406140	124406380	SINE/MIR	639	+	120	124406260	22653
chr11	124383607	124583607	harbor2	chr11	124434074	124434306	SINE/MIR	611	+	116	124434190	50583
chr11	124383607	124583607	harbor2	chr11	124444609	124444755	SINE/MIR	406	+	73	124444682	61075
chr11	96396643	96596643	harbor2	chr11	96449319	96449538	SINE/MIR	377	+	110	96449429	52786
chr11	96396643	96596643	harbor2	chr11	96482369	96482510	SINE/MIR	485	+	70	96482439	85796
chr11	117129464	117329464	harbor2	chr11	117189495	117189677	SINE/MIR	499	+	91	117189586	60122
chr11	117129464	117329464	harbor2	chr11	117198722	117198891	SINE/MIR	506	+	84	117198806	69342
chr11	117129464	117329464	harbor2	chr11	117211777	117211989	SINE/MIR	886	+	106	117211883	82419
chr11	82010381	82210381	harbor2	chr11	82042321	82042570	SINE/MIR	575	+	124	82042445	32064
chr11	82010381	82210381	harbor2	chr11	82076519	82076731	SINE/MIR	557	+	106	82076625	66244
chr11	82010381	82210381	harbor2	chr11	82081991	82082213	SINE/MIR	401	+	111	82082102	71721
chr11	82010381	82210381	harbor2	chr11	82100992	82101189	SINE/MIR	604	+	98	82101090	90709
chr11	107042222	107242222	harbor2	chr11	107048950	107049120	SINE/MIR	459	+	85	107049035	6813
chr11	107042222	107242222	harbor2	chr11	107137774	107138046	SINE/MIR	498	+	136	107137910	95688
chr11	107042222	107242222	harbor2	chr11	107138921	107139140	SINE/MIR	685	+	110	107139031	96809
chr11	45122909	45322909	harbor2	chr11	45143601	45143819	SINE/MIR	641	+	109	45143710	20801
chr11	45122909	45322909	harbor2	chr11	45148231	45148410	SINE/MIR	428	+	90	45148321	25412
chr11	45122909	45322909	harbor2	chr11	45161011	45161238	SINE/MIR	832	+	114	45161125	38216
chr11	45122909	45322909	harbor2	chr11	45163600	45163735	SINE/MIR	395	+	68	45163668	40759
chr11	45122909	45322909	harbor2	chr11	45163979	45164160	SINE/MIR	493	+	90	45164069	41160
chr11	45122909	45322909	harbor2	chr11	45167032	45167175	SINE/MIR	456	+	72	45167104	44195
chr11	45122909	45322909	harbor2	chr11	45196825	45197022	SINE/MIR	458	+	98	45196923	74014
chr11	45122909	45322909	harbor2	chr11	45198838	45199046	SINE/MIR	485	+	104	45198942	76033
chr11	45122909	45322909	harbor2	chr11	45218874	45218963	SINE/MIR	446	+	44	45218918	96009
chr11	126992181	127192181	harbor2	chr11	127024206	127024390	SINE/MIR	432	+	92	127024298	32117
chr11	126992181	127192181	harbor2	chr11	127025200	127025403	SINE/MIR	483	+	102	127025302	33121
chr11	126992181	127192181	harbor2	chr11	127038254	127038443	SINE/MIR	558	+	94	127038348	46167
chr11	126992181	127192181	harbor2	chr11	127040170	127040323	SINE/MIR	444	+	76	127040246	48065
chr11	127994744	128194744	harbor2	chr11	127997287	127997536	SINE/MIR	607	+	124	127997411	2667
chr11	127994744	128194744	harbor2	chr11	127997909	127998085	SINE/MIR	671	+	88	127997997	3253
chr11	127994744	128194744	harbor2	chr11	128017633	128017883	SINE/MIR	885	+	125	128017758	23014
chr11	127994744	128194744	harbor2	chr11	128023875	128024106	SINE/MIR	539	+	116	128023991	29247
chr11	127994744	128194744	harbor2	chr11	128027370	128027512	SINE/MIR	507	+	71	128027441	32697
chr11	127994744	128194744	harbor2	chr11	128031275	128031473	SINE/MIR	415	+	99	128031374	36630
chr11	127994744	128194744	harbor2	chr11	128044075	128044203	SINE/MIR	388	+	64	128044139	49395
chr11	127994744	128194744	harbor2	chr11	128060871	128061071	SINE/MIR	418	+	100	128060971	66227
chr11	46179357	46379357	harbor2	chr11	46181838	46182057	SINE/MIR	667	+	110	46181948	2591
chr11	46179357	46379357	harbor2	chr11	46198608	46198821	SINE/MIR	617	+	106	46198714	19357
chr11	46179357	46379357	harbor2	chr11	46199525	46199735	SINE/MIR	415	+	105	46199630	20273
chr11	46179357	46379357	harbor2	chr11	46217830	46217906	SINE/MIR	392	+	38	46217868	38511
chr11	46179357	46379357	harbor2	chr11	46218200	46218275	SINE/MIR	392	+	38	46218238	38881
chr11	46179357	46379357	harbor2	chr11	46219368	46219561	SINE/MIR	724	+	96	46219464	40107
chr11	46179357	46379357	harbor2	chr11	46220434	46220610	SINE/MIR	491	+	88	46220522	41165
chr11	46179357	46379357	harbor2	chr11	46225311	46225484	SINE/MIR	573	+	86	46225397	46040
chr11	46179357	46379357	harbor2	chr11	46252291	46252473	SINE/MIR	603	+	91	46252382	73025
chr11	46179357	46379357	harbor2	chr11	46258451	46258663	SINE/MIR	597	+	106	46258557	79200
chr11	46179357	46379357	harbor2	chr11	46261122	46261365	SINE/MIR	512	+	122	46261244	81887
chr11	46179357	46379357	harbor2	chr11	46263006	46263136	SINE/MIR	393	+	65	46263071	83714
chr11	46179357	46379357	harbor2	chr11	46269159	46269260	SINE/MIR	475	+	50	46269209	89852
chr11	46179357	46379357	harbor2	chr11	46270985	46271158	SINE/MIR	405	+	86	46271071	91714
chr11	43704576	43904576	harbor2	chr11	43725133	43725389	SINE/MIR	628	+	128	43725261	20685
chr11	88788636	88988636	harbor2	chr11	88800658	88800904	SINE/MIR	427	+	123	88800781	12145
chr11	88788636	88988636	harbor2	chr11	88805981	88806117	SINE/MIR	417	+	68	88806049	17413
chr11	88788636	88988636	harbor2	chr11	88819127	88819275	SINE/MIR	437	+	74	88819201	30565
chr11	88788636	88988636	harbor2	chr11	88820507	88820714	SINE/MIR	408	+	104	88820611	31975
chr11	88788636	88988636	harbor2	chr11	88837269	88837505	SINE/MIR	818	+	118	88837387	48751
chr11	88788636	88988636	harbor2	chr11	88847364	88847434	SINE/MIR	374	+	35	88847399	58763
chr11	88788636	88988636	harbor2	chr11	88868000	88868116	SINE/MIR	435	+	58	88868058	79422
chr11	88788636	88988636	harbor2	chr11	88868287	88868492	SINE/MIR	627	+	102	88868389	79753
chr11	88788636	88988636	harbor2	chr11	88880793	88880963	SINE/MIR	440	+	85	88880878	92242
chr11	131937136	132137136	harbor2	chr11	131971569	131971672	SINE/MIR	400	+	52	131971621	34485
chr11	131937136	132137136	harbor2	chr11	131974605	131974799	SINE/MIR	589	+	97	131974702	37566
chr11	131937136	132137136	harbor2	chr11	132002716	132002890	SINE/MIR	419	+	87	132002803	65667
chr11	131937136	132137136	harbor2	chr11	132025930	132026120	SINE/MIR	443	+	95	132026025	88889
chr11	131937136	132137136	harbor2	chr11	132036934	132037043	SINE/MIR	403	+	54	132036988	99852
chr11	65191509	65391509	harbor2	chr11	65226547	65226756	SINE/MIR	1057	+	104	65226651	35142
chr11	65191509	65391509	harbor2	chr11	65266759	65266925	SINE/MIR	682	+	83	65266842	75333
chr11	65191509	65391509	harbor2	chr11	65267218	65267289	SINE/MIR	682	+	36	65267254	75745
chr11	65191509	65391509	harbor2	chr11	65280391	65280645	SINE/MIR	946	+	127	65280518	89009
chr11	65191509	65391509	harbor2	chr11	65281325	65281510	SINE/MIR	577	+	92	65281417	89908
chr11	112605671	112805671	harbor2	chr11	112609569	112609826	SINE/MIR	683	+	128	112609697	4026
chr11	112605671	112805671	harbor2	chr11	112665870	112666128	SINE/MIR	434	+	129	112665999	60328
chr11	112605671	112805671	harbor2	chr11	112687405	112687576	SINE/MIR	578	+	86	112687491	81820
chr11	103665059	103865059	harbor2	chr11	103679540	103679756	SINE/MIR	565	+	108	103679648	14589
chr11	103665059	103865059	harbor2	chr11	103688790	103689014	SINE/MIR	729	+	112	103688902	23843
chr11	103665059	103865059	harbor2	chr11	103700374	103700593	SINE/MIR	414	+	110	103700484	35425
chr11	103665059	103865059	harbor2	chr11	103707893	103708147	SINE/MIR	439	+	127	103708020	42961
chr11	103665059	103865059	harbor2	chr11	103721078	103721242	SINE/MIR	436	+	82	103721160	56101
chr11	103665059	103865059	harbor2	chr11	103735472	103735689	SINE/MIR	652	+	108	103735580	70521
chr11	103665059	103865059	harbor2	chr11	103738282	103738544	SINE/MIR	503	+	131	103738413	73354
chr11	103665059	103865059	harbor2	chr11	103738661	103738871	SINE/MIR	486	+	105	103738766	73707
chr11	79772948	79972948	harbor2	chr11	79775152	79775310	SINE/MIR	395	+	79	79775231	2283
chr11	79772948	79972948	harbor2	chr11	79794682	79794877	SINE/MIR	613	+	98	79794780	21832
chr11	79772948	79972948	harbor2	chr11	79806056	79806238	SINE/MIR	398	+	91	79806147	33199
chr11	79772948	79972948	harbor2	chr11	79807905	79808130	SINE/MIR	688	+	112	79808017	35069
chr11	79772948	79972948	harbor2	chr11	79811638	79811857	SINE/MIR	437	+	110	79811748	38800
chr11	79772948	79972948	harbor2	chr11	79812121	79812335	SINE/MIR	477	+	107	79812228	39280
chr11	79772948	79972948	harbor2	chr11	79812784	79812914	SINE/MIR	394	+	65	79812849	39901
chr11	79772948	79972948	harbor2	chr11	79813619	79813840	SINE/MIR	528	+	110	79813729	40781
chr11	79772948	79972948	harbor2	chr11	79821475	79821707	SINE/MIR	416	+	116	79821591	48643
chr11	79772948	79972948	harbor2	chr11	79823244	79823496	SINE/MIR	705	+	126	79823370	50422
chr11	79772948	79972948	harbor2	chr11	79832756	79832994	SINE/MIR	900	+	119	79832875	59927
chr11	79772948	79972948	harbor2	chr11	79834535	79834792	SINE/MIR	706	+	128	79834663	61715
chr11	61375550	61575550	harbor2	chr11	61412710	61412785	SINE/MIR	401	+	38	61412748	37198
chr11	61375550	61575550	harbor2	chr11	61437045	61437192	SINE/MIR	456	+	74	61437119	61569
chr11	61375550	61575550	harbor2	chr11	61437502	61437575	SINE/MIR	456	+	36	61437538	61988
chr11	61375550	61575550	harbor2	chr11	61447655	61447822	SINE/MIR	468	+	84	61447739	72189
chr11	61375550	61575550	harbor2	chr11	61450080	61450309	SINE/MIR	625	+	114	61450194	74644
chr11	115271401	115471401	harbor2	chr11	115301623	115301860	SINE/MIR	471	+	118	115301741	30340
chr11	115271401	115471401	harbor2	chr11	115309638	115309861	SINE/MIR	509	+	112	115309750	38349
chr11	115271401	115471401	harbor2	chr11	115327648	115327854	SINE/MIR	438	+	103	115327751	56350
chr11	115271401	115471401	harbor2	chr11	115357480	115357728	SINE/MIR	655	+	124	115357604	86203
chr12	109963141	110163141	harbor2	chr12	110027103	110027339	SINE/MIR	630	+	118	110027221	64080
chr12	109963141	110163141	harbor2	chr12	110030110	110030165	SINE/MIR	464	+	28	110030138	66997
chr12	109963141	110163141	harbor2	chr12	110030467	110030595	SINE/MIR	464	+	64	110030531	67390
chr12	109963141	110163141	harbor2	chr12	110037096	110037297	SINE/MIR	509	+	100	110037196	74055
chr12	109963141	110163141	harbor2	chr12	110047306	110047409	SINE/MIR	668	+	52	110047358	84217
chr12	109963141	110163141	harbor2	chr12	110047697	110047815	SINE/MIR	668	+	59	110047756	84615
chr12	109963141	110163141	harbor2	chr12	110061853	110061981	SINE/MIR	592	+	64	110061917	98776
chr12	109963141	110163141	harbor2	chr12	110062275	110062301	SINE/MIR	592	+	13	110062288	99147
chr12	109963141	110163141	harbor2	chr12	110051200	110051403	SINE/MIR	509	+	102	110051302	88161
chr12	120861620	121061620	harbor2	chr12	120865349	120865557	SINE/MIR	553	+	104	120865453	3833
chr12	120861620	121061620	harbor2	chr12	120921718	120921941	SINE/MIR	1041	+	112	120921830	60210
chr12	110156236	110356236	harbor2	chr12	110250994	110251100	SINE/MIR	527	+	53	110251047	94811
chr12	110156236	110356236	harbor2	chr12	110251384	110251499	SINE/MIR	527	+	58	110251442	95206
chr12	110156236	110356236	harbor2	chr12	110165960	110166188	SINE/MIR	825	+	114	110166074	9838
chr12	102599169	102799169	harbor2	chr12	102600182	102600362	SINE/MIR	526	+	90	102600272	1103
chr12	102599169	102799169	harbor2	chr12	102611618	102611843	SINE/MIR	665	+	112	102611730	12561
chr12	102599169	102799169	harbor2	chr12	102623995	102624230	SINE/MIR	790	+	118	102624113	24944
chr12	102599169	102799169	harbor2	chr12	102644776	102644925	SINE/MIR	475	+	74	102644850	45681
chr12	102599169	102799169	harbor2	chr12	102647890	102648137	SINE/MIR	769	+	124	102648014	48845
chr12	123040621	123240621	harbor2	chr12	123086255	123086452	SINE/MIR	637	+	98	123086353	45732
chr12	123040621	123240621	harbor2	chr12	123114566	123114826	SINE/MIR	707	+	130	123114696	74075
chr12	123040621	123240621	harbor2	chr12	123117417	123117588	SINE/MIR	582	+	86	123117503	76882
chr12	124026480	124226480	harbor2	chr12	124028050	124028280	SINE/MIR	820	+	115	124028165	1685
chr12	124026480	124226480	harbor2	chr12	124084808	124085031	SINE/MIR	805	+	112	124084920	58440
chr12	73285478	73485478	harbor2	chr12	73335992	73336208	SINE/MIR	785	+	108	73336100	50622
chr12	73285478	73485478	harbor2	chr12	73362454	73362678	SINE/MIR	508	+	112	73362566	77088
chr12	78970332	79170332	harbor2	chr12	78998621	78998853	SINE/MIR	587	+	116	78998737	28405
chr12	78970332	79170332	harbor2	chr12	79005346	79005592	SINE/MIR	601	+	123	79005469	35137
chr12	78970332	79170332	harbor2	chr12	79018811	79019003	SINE/MIR	486	+	96	79018907	48575
chr12	84775325	84975325	harbor2	chr12	84802840	84803080	SINE/MIR	639	+	120	84802960	27635
chr12	106591788	106791788	harbor2	chr12	106591879	106592131	SINE/MIR	645	+	126	106592005	217
chr12	106591788	106791788	harbor2	chr12	106595785	106596014	SINE/MIR	753	+	114	106595899	4111
chr12	106591788	106791788	harbor2	chr12	106604953	106605170	SINE/MIR	838	+	108	106605061	13273
chr12	106591788	106791788	harbor2	chr12	106630938	106631058	SINE/MIR	536	+	60	106630998	39210
chr12	106591788	106791788	harbor2	chr12	106633309	106633497	SINE/MIR	495	+	94	106633403	41615
chr12	106591788	106791788	harbor2	chr12	106641204	106641445	SINE/MIR	1040	+	120	106641324	49536
chr12	106591788	106791788	harbor2	chr12	106651252	106651452	SINE/MIR	598	+	100	106651352	59564
chr12	106591788	106791788	harbor2	chr12	106669893	106670119	SINE/MIR	539	+	113	106670006	78218
chr12	106591788	106791788	harbor2	chr12	106676918	106677132	SINE/MIR	661	+	107	106677025	85237
chr12	106591788	106791788	harbor2	chr12	106685305	106685502	SINE/MIR	705	+	98	106685403	93615
chr12	30264568	30464568	harbor2	chr12	30297416	30297562	SINE/MIR	523	+	73	30297489	32921
chr12	30264568	30464568	harbor2	chr12	30339088	30339267	SINE/MIR	508	+	90	30339178	74610
chr12	122197163	122397163	harbor2	chr12	122237276	122237455	SINE/MIR	737	+	90	122237366	40203
chr12	122197163	122397163	harbor2	chr12	122252629	122252886	SINE/MIR	825	+	128	122252757	55594
chr12	79751365	79951365	harbor2	chr12	79836825	79837023	SINE/MIR	762	+	99	79836924	85559
chr12	79751365	79951365	harbor2	chr12	79840067	79840319	SINE/MIR	888	+	126	79840193	88828
chr12	76683788	76883788	harbor2	chr12	76705698	76705943	SINE/MIR	589	+	122	76705820	22032
chr12	76683788	76883788	harbor2	chr12	76766343	76766508	SINE/MIR	444	+	82	76766425	82637
chr12	76683788	76883788	harbor2	chr12	76766608	76766737	SINE/MIR	568	+	64	76766672	82884
chr12	76683788	76883788	harbor2	chr12	76767049	76767154	SINE/MIR	568	+	52	76767101	83313
chr12	76683788	76883788	harbor2	chr12	76769984	76770208	SINE/MIR	841	+	112	76770096	86308
chr12	76683788	76883788	harbor2	chr12	76774633	76774793	SINE/MIR	607	+	80	76774713	90925
chr12	23859089	24059089	harbor2	chr12	23893974	23894160	SINE/MIR	771	+	93	23894067	34978
chr12	23859089	24059089	harbor2	chr12	23897353	23897576	SINE/MIR	552	+	112	23897465	38376
chr12	23859089	24059089	harbor2	chr12	23914988	23915241	SINE/MIR	604	+	126	23915114	56025
chr12	23859089	24059089	harbor2	chr12	23935896	23936118	SINE/MIR	589	+	111	23936007	76918
chr12	125956424	126156424	harbor2	chr12	125966694	125966894	SINE/MIR	487	+	100	125966794	10370
chr12	125956424	126156424	harbor2	chr12	125995052	125995218	SINE/MIR	594	+	83	125995135	38711
chr12	125956424	126156424	harbor2	chr12	125995870	125996039	SINE/MIR	587	+	84	125995954	39530
chr12	116640061	116840061	harbor2	chr12	116643767	116643908	SINE/MIR	464	+	70	116643837	3776
chr12	116640061	116840061	harbor2	chr12	116644674	116644711	SINE/MIR	464	+	18	116644692	4631
chr12	77389379	77589379	harbor2	chr12	77411695	77411903	SINE/MIR	541	+	104	77411799	22420
chr12	77389379	77589379	harbor2	chr12	77418404	77418605	SINE/MIR	659	+	100	77418504	29125
chr12	77389379	77589379	harbor2	chr12	77420615	77420853	SINE/MIR	694	+	119	77420734	31355
chr12	77389379	77589379	harbor2	chr12	77445056	77445270	SINE/MIR	792	+	107	77445163	55784
chr12	77389379	77589379	harbor2	chr12	77445743	77445942	SINE/MIR	518	+	100	77445843	56464
chr12	122750886	122950886	harbor2	chr12	122760145	122760349	SINE/MIR	487	+	102	122760247	9361
chr12	122750886	122950886	harbor2	chr12	122788456	122788688	SINE/MIR	852	+	116	122788572	37686
chr12	122750886	122950886	harbor2	chr12	122840436	122840589	SINE/MIR	513	+	76	122840512	89626
chr12	122750886	122950886	harbor2	chr12	122846226	122846392	SINE/MIR	530	+	83	122846309	95423
chr12	49479926	49679926	harbor2	chr12	49536155	49536321	SINE/MIR	655	+	83	49536238	56312
chr12	49479926	49679926	harbor2	chr12	49542992	49543153	SINE/MIR	635	+	80	49543072	63146
chr12	49479926	49679926	harbor2	chr12	49543642	49543829	SINE/MIR	626	+	94	49543736	63810
chr12	49479926	49679926	harbor2	chr12	49573102	49573320	SINE/MIR	761	+	109	49573211	93285
chr12	26621911	26821911	harbor2	chr12	26627327	26627521	SINE/MIR	479	+	97	26627424	5513
chr12	26621911	26821911	harbor2	chr12	26658647	26658888	SINE/MIR	772	+	120	26658767	36856
chr12	26621911	26821911	harbor2	chr12	26662247	26662413	SINE/MIR	477	+	83	26662330	40419
chr12	26621911	26821911	harbor2	chr12	26712046	26712232	SINE/MIR	459	+	93	26712139	90228
chr12	61415900	61615900	harbor2	chr12	61422147	61422344	SINE/MIR	578	+	98	61422245	6345
chr12	61415900	61615900	harbor2	chr12	61469276	61469497	SINE/MIR	580	+	110	61469386	53486
chr12	61415900	61615900	harbor2	chr12	61504248	61504483	SINE/MIR	537	+	118	61504366	88466
chr12	61415900	61615900	harbor2	chr12	61510492	61510676	SINE/MIR	510	+	92	61510584	94684
chr12	54887212	55087212	harbor2	chr12	54986378	54986579	SINE/MIR	470	+	100	54986478	99266
chr12	60771286	60971286	harbor2	chr12	60851716	60851938	SINE/MIR	476	+	111	60851827	80541
chr12	92883775	93083775	harbor2	chr12	92914974	92915120	SINE/MIR	467	+	73	92915047	31272
chr12	63087259	63287259	harbor2	chr12	63125774	63125931	SINE/MIR	573	+	78	63125852	38593
chr12	111938858	112138858	harbor2	chr12	112001873	112002092	SINE/MIR	682	+	110	112001983	63125
chr12	111938858	112138858	harbor2	chr12	112002600	112002796	SINE/MIR	618	+	98	112002698	63840
chr12	80329699	80529699	harbor2	chr12	80332731	80332944	SINE/MIR	554	+	106	80332837	3138
chr12	80329699	80529699	harbor2	chr12	80335167	80335371	SINE/MIR	748	+	102	80335269	5570
chr12	80329699	80529699	harbor2	chr12	80417873	80418084	SINE/MIR	594	+	106	80417979	88280
chr12	80329699	80529699	harbor2	chr12	80425241	80425465	SINE/MIR	460	+	112	80425353	95654
chr12	99107050	99307050	harbor2	chr12	99115959	99116178	SINE/MIR	983	+	110	99116069	9019
chr12	99107050	99307050	harbor2	chr12	99116353	99116516	SINE/MIR	468	+	82	99116435	9385
chr12	99107050	99307050	harbor2	chr12	99184752	99184939	SINE/MIR	560	+	94	99184846	77796
chr12	75768933	75968933	harbor2	chr12	75773844	75774068	SINE/MIR	565	+	112	75773956	5023
chr12	75768933	75968933	harbor2	chr12	75795175	75795366	SINE/MIR	812	+	96	75795271	26338
chr12	75768933	75968933	harbor2	chr12	75809564	75809730	SINE/MIR	457	+	83	75809647	40714
chr12	75768933	75968933	harbor2	chr12	75810218	75810396	SINE/MIR	667	+	89	75810307	41374
chr12	75768933	75968933	harbor2	chr12	75819505	75819731	SINE/MIR	740	+	113	75819618	50685
chr12	75768933	75968933	harbor2	chr12	75824100	75824315	SINE/MIR	465	+	108	75824208	55275
chr12	75768933	75968933	harbor2	chr12	75833510	75833734	SINE/MIR	474	+	112	75833622	64689
chr12	75768933	75968933	harbor2	chr12	75859261	75859514	SINE/MIR	514	+	126	75859387	90454
chr12	107776546	107976546	harbor2	chr12	107784497	107784670	SINE/MIR	505	+	86	107784583	8037
chr12	93890624	94090624	harbor2	chr12	93900639	93900797	SINE/MIR	690	+	79	93900718	10094
chr12	93890624	94090624	harbor2	chr12	93909540	93909682	SINE/MIR	488	+	71	93909611	18987
chr12	93890624	94090624	harbor2	chr12	93912178	93912371	SINE/MIR	641	+	96	93912274	21650
chr12	93890624	94090624	harbor2	chr12	93918034	93918233	SINE/MIR	542	+	100	93918134	27510
chr12	93890624	94090624	harbor2	chr12	93977193	93977371	SINE/MIR	793	+	89	93977282	86658
chr12	108005229	108205229	harbor2	chr12	108023673	108023892	SINE/MIR	844	+	110	108023783	18554
chr12	108005229	108205229	harbor2	chr12	108027108	108027335	SINE/MIR	525	+	114	108027222	21993
chr12	108005229	108205229	harbor2	chr12	108030880	108031064	SINE/MIR	481	+	92	108030972	25743
chr12	108005229	108205229	harbor2	chr12	108036209	108036353	SINE/MIR	495	+	72	108036281	31052
chr12	108005229	108205229	harbor2	chr12	108047535	108047778	SINE/MIR	595	+	122	108047657	42428
chr12	108005229	108205229	harbor2	chr12	108049989	108050191	SINE/MIR	629	+	101	108050090	44861
chr12	108005229	108205229	harbor2	chr12	108054878	108055082	SINE/MIR	659	+	102	108054980	49751
chr12	108005229	108205229	harbor2	chr12	108063239	108063417	SINE/MIR	453	+	89	108063328	58099
chr12	108005229	108205229	harbor2	chr12	108064753	108064875	SINE/MIR	495	+	61	108064814	59585
chr12	108005229	108205229	harbor2	chr12	108065543	108065683	SINE/MIR	480	+	70	108065613	60384
chr12	108005229	108205229	harbor2	chr12	108072085	108072293	SINE/MIR	682	+	104	108072189	66960
chr12	108005229	108205229	harbor2	chr12	108078346	108078573	SINE/MIR	763	+	114	108078460	73231
chr12	108005229	108205229	harbor2	chr12	108080866	108081105	SINE/MIR	608	+	120	108080986	75757
chr12	108005229	108205229	harbor2	chr12	108096070	108096222	SINE/MIR	444	+	76	108096146	90917
chr12	108005229	108205229	harbor2	chr12	108101759	108101950	SINE/MIR	441	+	96	108101855	96626
chr12	119383067	119583067	harbor2	chr12	119391428	119391618	SINE/MIR	503	+	95	119391523	8456
chr12	119383067	119583067	harbor2	chr12	119392452	119392579	SINE/MIR	481	+	64	119392516	9449
chr12	119383067	119583067	harbor2	chr12	119402435	119402657	SINE/MIR	677	+	111	119402546	19479
chr12	119383067	119583067	harbor2	chr12	119412571	119412757	SINE/MIR	540	+	93	119412664	29597
chr12	119383067	119583067	harbor2	chr12	119414857	119415070	SINE/MIR	588	+	106	119414963	31896
chr12	119383067	119583067	harbor2	chr12	119440836	119440978	SINE/MIR	547	+	71	119440907	57840
chr12	119383067	119583067	harbor2	chr12	119443746	119443938	SINE/MIR	753	+	96	119443842	60775
chr12	119383067	119583067	harbor2	chr12	119448325	119448535	SINE/MIR	668	+	105	119448430	65363
chr12	119383067	119583067	harbor2	chr12	119454182	119454365	SINE/MIR	809	+	92	119454274	71207
chr12	119383067	119583067	harbor2	chr12	119463418	119463565	SINE/MIR	464	+	74	119463492	80425
chr12	96941451	97141451	harbor2	chr12	96951069	96951315	SINE/MIR	663	+	123	96951192	9741
chr12	96941451	97141451	harbor2	chr12	96980285	96980519	SINE/MIR	781	+	117	96980402	38951
chr12	96941451	97141451	harbor2	chr12	97018667	97018875	SINE/MIR	466	+	104	97018771	77320
chr12	96941451	97141451	harbor2	chr12	97026164	97026396	SINE/MIR	673	+	116	97026280	84829
chr12	96941451	97141451	harbor2	chr12	97030284	97030420	SINE/MIR	873	+	68	97030352	88901
chr12	96941451	97141451	harbor2	chr12	97030974	97031082	SINE/MIR	873	+	54	97031028	89577
chr12	102960457	103160457	harbor2	chr12	102991892	102992134	SINE/MIR	615	+	121	102992013	31556
chr12	102960457	103160457	harbor2	chr12	103027726	103027871	SINE/MIR	634	+	72	103027798	67341
chr12	102960457	103160457	harbor2	chr12	103029203	103029380	SINE/MIR	464	+	88	103029291	68834
chr12	102960457	103160457	harbor2	chr12	103044990	103045193	SINE/MIR	610	+	102	103045092	84635
chr12	102960457	103160457	harbor2	chr12	103048478	103048616	SINE/MIR	448	+	69	103048547	88090
chr12	110694826	110894826	harbor2	chr12	110741671	110741910	SINE/MIR	556	+	120	110741791	46965
chr12	110694826	110894826	harbor2	chr12	110774965	110775131	SINE/MIR	719	+	83	110775048	80222
chr12	110694826	110894826	harbor2	chr12	110777017	110777240	SINE/MIR	838	+	112	110777129	82303
chr12	30723482	30923482	harbor2	chr12	30743613	30743745	SINE/MIR	447	+	66	30743679	20197
chr12	30723482	30923482	harbor2	chr12	30758412	30758603	SINE/MIR	683	+	96	30758508	35026
chr12	30723482	30923482	harbor2	chr12	30765382	30765534	SINE/MIR	448	+	76	30765458	41976
chr12	30723482	30923482	harbor2	chr12	30783278	30783467	SINE/MIR	657	+	94	30783372	59890
chr12	30723482	30923482	harbor2	chr12	30788985	30789207	SINE/MIR	646	+	111	30789096	65614
chr12	62775459	62975459	harbor2	chr12	62842820	62843033	SINE/MIR	644	+	106	62842926	67467
chr12	104756567	104956567	harbor2	chr12	104802879	104803096	SINE/MIR	514	+	108	104802987	46420
chr12	104756567	104956567	harbor2	chr12	104808985	104809196	SINE/MIR	520	+	106	104809091	52524
chr12	104756567	104956567	harbor2	chr12	104814568	104814764	SINE/MIR	595	+	98	104814666	58099
chr12	104756567	104956567	harbor2	chr12	104830149	104830206	SINE/MIR	493	+	28	104830177	73610
chr12	104756567	104956567	harbor2	chr12	104830552	104830708	SINE/MIR	493	+	78	104830630	74063
chr12	104756567	104956567	harbor2	chr12	104836158	104836382	SINE/MIR	760	+	112	104836270	79703
chr12	104756567	104956567	harbor2	chr12	104850954	104851177	SINE/MIR	659	+	112	104851066	94499
chr12	125555688	125755688	harbor2	chr12	125571140	125571349	SINE/MIR	639	+	104	125571244	15556
chr12	125555688	125755688	harbor2	chr12	125588162	125588254	SINE/MIR	503	+	46	125588208	32520
chr12	125555688	125755688	harbor2	chr12	125644775	125644924	SINE/MIR	578	+	74	125644849	89161
chr12	78716624	78916624	harbor2	chr12	78722953	78723197	SINE/MIR	444	+	122	78723075	6451
chr12	78716624	78916624	harbor2	chr12	78726826	78727005	SINE/MIR	450	+	90	78726916	10292
chr12	78716624	78916624	harbor2	chr12	78728353	78728558	SINE/MIR	570	+	102	78728455	11831
chr12	78716624	78916624	harbor2	chr12	78730184	78730327	SINE/MIR	563	+	72	78730256	13632
chr12	78716624	78916624	harbor2	chr12	78756534	78756708	SINE/MIR	612	+	87	78756621	39997
chr12	103903386	104103386	harbor2	chr12	103914388	103914593	SINE/MIR	666	+	102	103914490	11104
chr12	103903386	104103386	harbor2	chr12	103980222	103980427	SINE/MIR	567	+	102	103980324	76938
chr12	115262982	115462982	harbor2	chr12	115272526	115272750	SINE/MIR	538	+	112	115272638	9656
chr12	115262982	115462982	harbor2	chr12	115275245	115275459	SINE/MIR	458	+	107	115275352	12370
chr12	115262982	115462982	harbor2	chr12	115282034	115282224	SINE/MIR	676	+	95	115282129	19147
chr12	115262982	115462982	harbor2	chr12	115298660	115298894	SINE/MIR	613	+	117	115298777	35795
chr12	115262982	115462982	harbor2	chr12	115303168	115303392	SINE/MIR	578	+	112	115303280	40298
chr12	115262982	115462982	harbor2	chr12	115325915	115326123	SINE/MIR	575	+	104	115326019	63037
chr12	115262982	115462982	harbor2	chr12	115359278	115359499	SINE/MIR	573	+	110	115359388	96406
chr12	121765627	121965627	harbor2	chr12	121780510	121780714	SINE/MIR	705	+	102	121780612	14985
chr12	121765627	121965627	harbor2	chr12	121812309	121812514	SINE/MIR	463	+	102	121812411	46784
chr12	121765627	121965627	harbor2	chr12	121813411	121813651	SINE/MIR	940	+	120	121813531	47904
chr12	121765627	121965627	harbor2	chr12	121859265	121859447	SINE/MIR	465	+	91	121859356	93729
chr12	41281235	41481235	harbor2	chr12	41294179	41294379	SINE/MIR	467	+	100	41294279	13044
chr12	51845020	52045020	harbor2	chr12	51853978	51854177	SINE/MIR	597	+	100	51854078	9058
chr12	51845020	52045020	harbor2	chr12	51862517	51862644	SINE/MIR	774	+	64	51862581	17561
chr12	51845020	52045020	harbor2	chr12	51862987	51863063	SINE/MIR	774	+	38	51863025	18005
chr12	51845020	52045020	harbor2	chr12	51872656	51872916	SINE/MIR	629	+	130	51872786	27766
chr12	51845020	52045020	harbor2	chr12	51894012	51894149	SINE/MIR	503	+	68	51894080	49060
chr12	51845020	52045020	harbor2	chr12	51911601	51911791	SINE/MIR	450	+	95	51911696	66676
chr12	51845020	52045020	harbor2	chr12	51916572	51916695	SINE/MIR	645	+	62	51916634	71614
chr12	51845020	52045020	harbor2	chr12	51917009	51917091	SINE/MIR	645	+	41	51917050	72030
chr12	51845020	52045020	harbor2	chr12	51918269	51918508	SINE/MIR	1015	+	120	51918389	73369
chr12	51845020	52045020	harbor2	chr12	51918566	51918810	SINE/MIR	918	+	122	51918688	73668
chr12	51845020	52045020	harbor2	chr12	51935627	51935776	SINE/MIR	549	+	74	51935701	90681
chr12	51845020	52045020	harbor2	chr12	51942985	51943165	SINE/MIR	523	+	90	51943075	98055
chr12	88930080	89130080	harbor2	chr12	88954555	88954808	SINE/MIR	549	+	126	88954681	24601
chr12	88930080	89130080	harbor2	chr12	88984186	88984433	SINE/MIR	748	+	124	88984310	54230
chr12	88930080	89130080	harbor2	chr12	88991761	88991990	SINE/MIR	553	+	114	88991875	61795
chr12	88930080	89130080	harbor2	chr12	89017602	89017830	SINE/MIR	777	+	114	89017716	87636
chr12	78551846	78751846	harbor2	chr12	78561770	78562017	SINE/MIR	666	+	124	78561894	10048
chr12	78551846	78751846	harbor2	chr12	78568147	78568365	SINE/MIR	528	+	109	78568256	16410
chr12	78551846	78751846	harbor2	chr12	78621531	78621748	SINE/MIR	470	+	108	78621639	69793
chr12	78551846	78751846	harbor2	chr12	78641215	78641379	SINE/MIR	442	+	82	78641297	89451
chr12	78551846	78751846	harbor2	chr12	78644351	78644561	SINE/MIR	461	+	105	78644456	92610
chr12	127874295	128074295	harbor2	chr12	127914170	127914343	SINE/MIR	448	+	86	127914256	39961
chr12	127874295	128074295	harbor2	chr12	127926948	127927126	SINE/MIR	486	+	89	127927037	52742
chr12	127874295	128074295	harbor2	chr12	127927175	127927227	SINE/MIR	486	+	26	127927201	52906
chr12	127874295	128074295	harbor2	chr12	127927829	127928072	SINE/MIR	585	+	122	127927951	53656
chr12	127874295	128074295	harbor2	chr12	127969910	127970092	SINE/MIR	522	+	91	127970001	95706
chr12	131382006	131582006	harbor2	chr12	131413113	131413304	SINE/MIR	550	+	96	131413209	31203
chr12	131382006	131582006	harbor2	chr12	131425040	131425217	SINE/MIR	551	+	88	131425128	43122
chr12	86597951	86797951	harbor2	chr12	86673182	86673373	SINE/MIR	455	+	96	86673278	75327
chr12	86597951	86797951	harbor2	chr12	86683044	86683249	SINE/MIR	540	+	102	86683146	85195
chr12	122597528	122797528	harbor2	chr12	122627276	122627374	SINE/MIR	559	+	49	122627325	29797
chr12	122597528	122797528	harbor2	chr12	122627659	122627754	SINE/MIR	559	+	48	122627707	30179
chr12	122597528	122797528	harbor2	chr12	122628063	122628105	SINE/MIR	559	+	21	122628084	30556
chr12	122597528	122797528	harbor2	chr12	122637388	122637575	SINE/MIR	533	+	94	122637482	39954
chr12	122597528	122797528	harbor2	chr12	122669809	122670071	SINE/MIR	582	+	131	122669940	72412
chr12	122597528	122797528	harbor2	chr12	122687444	122687679	SINE/MIR	857	+	118	122687562	90034
chr12	77381298	77581298	harbor2	chr12	77385084	77385230	SINE/MIR	474	+	73	77385157	3859
chr12	77381298	77581298	harbor2	chr12	77411695	77411903	SINE/MIR	541	+	104	77411799	30501
chr12	77381298	77581298	harbor2	chr12	77418404	77418605	SINE/MIR	659	+	100	77418504	37206
chr12	77381298	77581298	harbor2	chr12	77420615	77420853	SINE/MIR	694	+	119	77420734	39436
chr12	77381298	77581298	harbor2	chr12	77445056	77445270	SINE/MIR	792	+	107	77445163	63865
chr12	77381298	77581298	harbor2	chr12	77445743	77445942	SINE/MIR	518	+	100	77445843	64545
chr12	101943227	102143227	harbor2	chr12	101958871	101959091	SINE/MIR	741	+	110	101958981	15754
chr12	101943227	102143227	harbor2	chr12	102015396	102015613	SINE/MIR	483	+	108	102015504	72277
chr12	101943227	102143227	harbor2	chr12	102042454	102042716	SINE/MIR	781	+	131	102042585	99358
chr12	129899596	130099596	harbor2	chr12	129936919	129937158	SINE/MIR	672	+	120	129937039	37443
chr12	26512012	26712012	harbor2	chr12	26538095	26538223	SINE/MIR	514	+	64	26538159	26147
chr12	26512012	26712012	harbor2	chr12	26542365	26542623	SINE/MIR	626	+	129	26542494	30482
chr12	26512012	26712012	harbor2	chr12	26547957	26548091	SINE/MIR	494	+	67	26548024	36012
chr12	26512012	26712012	harbor2	chr12	26577847	26577995	SINE/MIR	452	+	74	26577921	65909
chr12	126304453	126504453	harbor2	chr12	126333976	126334202	SINE/MIR	798	+	113	126334089	29636
chr12	126304453	126504453	harbor2	chr12	126338053	126338252	SINE/MIR	567	+	100	126338153	33700
chr12	101620465	101820465	harbor2	chr12	101630331	101630529	SINE/MIR	580	+	99	101630430	9965
chr12	101620465	101820465	harbor2	chr12	101638356	101638534	SINE/MIR	603	+	89	101638445	17980
chr12	101620465	101820465	harbor2	chr12	101659352	101659506	SINE/MIR	516	+	77	101659429	38964
chr12	101620465	101820465	harbor2	chr12	101673078	101673257	SINE/MIR	493	+	90	101673168	52703
chr12	101620465	101820465	harbor2	chr12	101675538	101675746	SINE/MIR	487	+	104	101675642	55177
chr12	101620465	101820465	harbor2	chr12	101692423	101692665	SINE/MIR	1098	+	121	101692544	72079
chr12	108776157	108976157	harbor2	chr12	108778383	108778565	SINE/MIR	541	+	91	108778474	2317
chr12	108776157	108976157	harbor2	chr12	108842736	108842952	SINE/MIR	571	+	108	108842844	66687
chr12	121254299	121454299	harbor2	chr12	121294717	121294862	SINE/MIR	627	+	72	121294789	40490
chr12	121254299	121454299	harbor2	chr12	121300647	121300894	SINE/MIR	823	+	124	121300771	46472
chr12	121254299	121454299	harbor2	chr12	121304404	121304644	SINE/MIR	504	+	120	121304524	50225
chr12	121254299	121454299	harbor2	chr12	121304720	121304881	SINE/MIR	537	+	80	121304800	50501
chr12	121254299	121454299	harbor2	chr12	121326549	121326760	SINE/MIR	453	+	106	121326655	72356
chr12	121254299	121454299	harbor2	chr12	121327955	121328166	SINE/MIR	486	+	106	121328061	73762
chr12	121254299	121454299	harbor2	chr12	121328688	121328945	SINE/MIR	925	+	128	121328816	74517
chr12	121254299	121454299	harbor2	chr12	121348091	121348284	SINE/MIR	550	+	96	121348187	93888
chr12	121972637	122172637	harbor2	chr12	121981785	121981993	SINE/MIR	831	+	104	121981889	9252
chr12	121972637	122172637	harbor2	chr12	122028619	122028843	SINE/MIR	443	+	112	122028731	56094
chr12	121972637	122172637	harbor2	chr12	122038691	122038892	SINE/MIR	544	+	100	122038791	66154
chr12	121972637	122172637	harbor2	chr12	122064652	122064838	SINE/MIR	897	+	93	122064745	92108
chr12	118976237	119176237	harbor2	chr12	118976167	118976386	SINE/MIR	695	+	110	118976277	40
chr12	118976237	119176237	harbor2	chr12	118984818	118984996	SINE/MIR	494	+	89	118984907	8670
chr12	118976237	119176237	harbor2	chr12	118987074	118987284	SINE/MIR	651	+	105	118987179	10942
chr12	118976237	119176237	harbor2	chr12	118987563	118987737	SINE/MIR	616	+	87	118987650	11413
chr12	118976237	119176237	harbor2	chr12	118994605	118994779	SINE/MIR	587	+	87	118994692	18455
chr12	118976237	119176237	harbor2	chr12	119005563	119005757	SINE/MIR	442	+	97	119005660	29423
chr12	118976237	119176237	harbor2	chr12	119005851	119006087	SINE/MIR	468	+	118	119005969	29732
chr12	118976237	119176237	harbor2	chr12	119009527	119009677	SINE/MIR	492	+	75	119009602	33365
chr12	118976237	119176237	harbor2	chr12	119011826	119012038	SINE/MIR	579	+	106	119011932	35695
chr12	118976237	119176237	harbor2	chr12	119016844	119017031	SINE/MIR	760	+	94	119016938	40701
chr12	118976237	119176237	harbor2	chr12	119017873	119018055	SINE/MIR	632	+	91	119017964	41727
chr12	118976237	119176237	harbor2	chr12	119018563	119018587	SINE/MIR	498	+	12	119018575	42338
chr12	118976237	119176237	harbor2	chr12	119044597	119044784	SINE/MIR	473	+	94	119044691	68454
chr12	118976237	119176237	harbor2	chr12	119044864	119045094	SINE/MIR	774	+	115	119044979	68742
chr12	118976237	119176237	harbor2	chr12	119055677	119055865	SINE/MIR	614	+	94	119055771	79534
chr12	118976237	119176237	harbor2	chr12	119062797	119063003	SINE/MIR	649	+	103	119062900	86663
chr12	118976237	119176237	harbor2	chr12	119064529	119064745	SINE/MIR	538	+	108	119064637	88400
chr12	118976237	119176237	harbor2	chr12	119067746	119067950	SINE/MIR	658	+	102	119067848	91611
chr12	118976237	119176237	harbor2	chr12	119068078	119068286	SINE/MIR	446	+	104	119068182	91945
chr12	118976237	119176237	harbor2	chr12	119071265	119071465	SINE/MIR	461	+	100	119071365	95128
chr12	118976237	119176237	harbor2	chr12	119073209	119073312	SINE/MIR	458	+	52	119073261	97024
chr12	118976237	119176237	harbor2	chr12	119073932	119074057	SINE/MIR	458	+	62	119073994	97757
chr12	22809745	23009745	harbor2	chr12	22883169	22883221	SINE/MIR	470	+	26	22883195	73450
chr12	22809745	23009745	harbor2	chr12	22883531	22883648	SINE/MIR	470	+	58	22883589	73844
chr12	97457389	97657389	harbor2	chr12	97475403	97475572	SINE/MIR	456	+	84	97475487	18098
chr12	97457389	97657389	harbor2	chr12	97490336	97490570	SINE/MIR	1033	+	117	97490453	33064
chr12	97457389	97657389	harbor2	chr12	97498324	97498479	SINE/MIR	487	+	78	97498402	41013
chr12	97457389	97657389	harbor2	chr12	97511532	97511707	SINE/MIR	462	+	88	97511620	54231
chr12	97457389	97657389	harbor2	chr12	97540556	97540776	SINE/MIR	651	+	110	97540666	83277
chr13	95067801	95267801	harbor2	chr13	95121173	95121354	SINE/MIR	515	+	90	95121263	53462
chr13	108506323	108706323	harbor2	chr13	108536456	108536585	SINE/MIR	402	+	64	108536520	30197
chr13	108506323	108706323	harbor2	chr13	108600233	108600445	SINE/MIR	520	+	106	108600339	94016
chr13	58102484	58302484	harbor2	chr13	58162437	58162654	SINE/MIR	517	+	108	58162545	60061
chr13	58102484	58302484	harbor2	chr13	58173084	58173324	SINE/MIR	571	+	120	58173204	70720
chr13	58102484	58302484	harbor2	chr13	58194028	58194248	SINE/MIR	586	+	110	58194138	91654
chr13	83916741	84116741	harbor2	chr13	83945589	83945829	SINE/MIR	548	+	120	83945709	28968
chr13	83916741	84116741	harbor2	chr13	84012162	84012393	SINE/MIR	530	+	116	84012278	95537
chr13	75106175	75306175	harbor2	chr13	75116343	75116544	SINE/MIR	546	+	100	75116443	10268
chr13	75106175	75306175	harbor2	chr13	75176769	75176850	SINE/MIR	453	+	40	75176809	70634
chr13	75106175	75306175	harbor2	chr13	75177379	75177455	SINE/MIR	453	+	38	75177417	71242
chr13	108290102	108490102	harbor2	chr13	108337568	108337791	SINE/MIR	459	+	112	108337680	47578
chr13	108290102	108490102	harbor2	chr13	108345566	108345781	SINE/MIR	530	+	108	108345674	55572
chr13	108290102	108490102	harbor2	chr13	108362321	108362507	SINE/MIR	489	+	93	108362414	72312
chr13	88136313	88336313	harbor2	chr13	88154960	88155159	SINE/MIR	504	+	100	88155060	18747
chr13	88136313	88336313	harbor2	chr13	88205516	88205729	SINE/MIR	461	+	106	88205622	69309
chr13	40647677	40847677	harbor2	chr13	40713406	40713598	SINE/MIR	436	+	96	40713502	65825
chr13	40647677	40847677	harbor2	chr13	40729674	40729730	SINE/MIR	537	+	28	40729702	82025
chr13	40647677	40847677	harbor2	chr13	40730030	40730238	SINE/MIR	537	+	104	40730134	82457
chr13	80240365	80440365	harbor2	chr13	80299781	80299997	SINE/MIR	489	+	108	80299889	59524
chr13	111687787	111887787	harbor2	chr13	111758930	111759080	SINE/MIR	430	+	75	111759005	71218
chr13	18634038	18834038	harbor2	chr13	18664511	18664659	SINE/MIR	609	+	74	18664585	30547
chr13	18634038	18834038	harbor2	chr13	18696160	18696268	SINE/MIR	576	+	54	18696214	62176
chr13	18634038	18834038	harbor2	chr13	18696960	18697002	SINE/MIR	576	+	21	18696981	62943
chr13	18634038	18834038	harbor2	chr13	18719635	18719782	SINE/MIR	571	+	74	18719709	85671
chr13	18634038	18834038	harbor2	chr13	18719889	18719994	SINE/MIR	486	+	52	18719941	85903
chr13	18634038	18834038	harbor2	chr13	18720918	18721043	SINE/MIR	486	+	62	18720980	86942
chr13	111876994	112076994	harbor2	chr13	111879941	111880095	SINE/MIR	416	+	77	111880018	3024
chr13	111876994	112076994	harbor2	chr13	111942353	111942562	SINE/MIR	693	+	104	111942457	65463
chr13	68497953	68697953	harbor2	chr13	68576478	68576696	SINE/MIR	586	+	109	68576587	78634
chr13	103379104	103579104	harbor2	chr13	103430692	103430902	SINE/MIR	547	+	105	103430797	51693
chr13	103379104	103579104	harbor2	chr13	103438753	103438920	SINE/MIR	413	+	84	103438837	59733
chr13	55447620	55647620	harbor2	chr13	55453694	55453876	SINE/MIR	503	+	91	55453785	6165
chr13	91250147	91450147	harbor2	chr13	91260767	91260904	SINE/MIR	488	+	68	91260835	10688
chr13	91250147	91450147	harbor2	chr13	91323561	91323797	SINE/MIR	837	+	118	91323679	73532
chr13	99199216	99399216	harbor2	chr13	99220195	99220417	SINE/MIR	677	+	111	99220306	21090
chr13	99199216	99399216	harbor2	chr13	99251681	99251885	SINE/MIR	474	+	102	99251783	52567
chr13	99199216	99399216	harbor2	chr13	99258590	99258826	SINE/MIR	452	+	118	99258708	59492
chr13	99199216	99399216	harbor2	chr13	99290055	99290296	SINE/MIR	834	+	120	99290175	90959
chr13	99199216	99399216	harbor2	chr13	99291060	99291244	SINE/MIR	485	+	92	99291152	91936
chr13	113650412	113850412	harbor2	chr13	113745125	113745310	SINE/MIR	398	+	92	113745217	94805
chr13	106326599	106526599	harbor2	chr13	106379807	106379980	SINE/MIR	468	+	86	106379893	53294
chr13	106326599	106526599	harbor2	chr13	106419307	106419526	SINE/MIR	463	+	110	106419417	92818
chr13	103262370	103462370	harbor2	chr13	103302573	103302766	SINE/MIR	477	+	96	103302669	40299
chr13	103262370	103462370	harbor2	chr13	103333141	103333316	SINE/MIR	466	+	88	103333229	70859
chr13	23528885	23728885	harbor2	chr13	23589568	23589743	SINE/MIR	863	+	88	23589656	60771
chr13	23528885	23728885	harbor2	chr13	23614785	23615016	SINE/MIR	599	+	116	23614901	86016
chr13	23528885	23728885	harbor2	chr13	23620475	23620679	SINE/MIR	605	+	102	23620577	91692
chr13	78445507	78645507	harbor2	chr13	78463934	78464195	SINE/MIR	752	+	130	78464064	18557
chr13	78445507	78645507	harbor2	chr13	78464217	78464457	SINE/MIR	601	+	120	78464337	18830
chr13	78445507	78645507	harbor2	chr13	78470731	78470948	SINE/MIR	653	+	108	78470839	25332
chr13	78445507	78645507	harbor2	chr13	78499118	78499333	SINE/MIR	523	+	108	78499226	53719
chr13	92841594	93041594	harbor2	chr13	92863189	92863433	SINE/MIR	793	+	122	92863311	21717
chr13	92841594	93041594	harbor2	chr13	92872492	92872647	SINE/MIR	456	+	78	92872570	30976
chr13	92841594	93041594	harbor2	chr13	92874217	92874410	SINE/MIR	433	+	96	92874313	32719
chr13	92841594	93041594	harbor2	chr13	92919631	92919890	SINE/MIR	883	+	130	92919761	78167
chr13	92841594	93041594	harbor2	chr13	92934327	92934544	SINE/MIR	545	+	108	92934435	92841
chr13	38974059	39174059	harbor2	chr13	38974407	38974621	SINE/MIR	432	+	107	38974514	455
chr13	38974059	39174059	harbor2	chr13	38977225	38977421	SINE/MIR	465	+	98	38977323	3264
chr13	38974059	39174059	harbor2	chr13	38989968	38990092	SINE/MIR	399	+	62	38990030	15971
chr13	38974059	39174059	harbor2	chr13	38993025	38993271	SINE/MIR	762	+	123	38993148	19089
chr13	38974059	39174059	harbor2	chr13	39053605	39053829	SINE/MIR	491	+	112	39053717	79658
chr13	53426796	53626796	harbor2	chr13	53522074	53522218	SINE/MIR	730	+	72	53522146	95350
chr13	69458195	69658195	harbor2	chr13	69476267	69476522	SINE/MIR	537	+	128	69476395	18200
chr13	80823054	81023054	harbor2	chr13	80859376	80859558	SINE/MIR	418	+	91	80859467	36413
chr13	80823054	81023054	harbor2	chr13	80879566	80879715	SINE/MIR	482	+	74	80879640	56586
chr13	80823054	81023054	harbor2	chr13	80907854	80908050	SINE/MIR	633	+	98	80907952	84898
chr13	80150814	80350814	harbor2	chr13	80168596	80168777	SINE/MIR	533	+	90	80168686	17872
chr13	80150814	80350814	harbor2	chr13	80181190	80181413	SINE/MIR	643	+	112	80181302	30488
chr13	80150814	80350814	harbor2	chr13	80193441	80193681	SINE/MIR	938	+	120	80193561	42747
chr13	80150814	80350814	harbor2	chr13	80210321	80210460	SINE/MIR	422	+	70	80210391	59577
chr13	80150814	80350814	harbor2	chr13	80236946	80237138	SINE/MIR	406	+	96	80237042	86228
chr13	80150814	80350814	harbor2	chr13	80239691	80239961	SINE/MIR	677	+	135	80239826	89012
chr14	98937710	99137710	harbor2	chr14	98944513	98944674	SINE/MIR	446	+	80	98944593	6883
chr14	98937710	99137710	harbor2	chr14	98948193	98948375	SINE/MIR	809	+	91	98948284	10574
chr14	98937710	99137710	harbor2	chr14	98948673	98948738	SINE/MIR	809	+	32	98948705	10995
chr14	98937710	99137710	harbor2	chr14	99017918	99018120	SINE/MIR	427	+	101	99018019	80309
chr14	98937710	99137710	harbor2	chr14	99022389	99022594	SINE/MIR	790	+	102	99022491	84781
chr14	104156563	104356563	harbor2	chr14	104158173	104158364	SINE/MIR	523	+	96	104158269	1706
chr14	53498927	53698927	harbor2	chr14	53580882	53581019	SINE/MIR	525	+	68	53580950	82023
chr14	51413534	51613534	harbor2	chr14	51429644	51429804	SINE/MIR	476	+	80	51429724	16190
chr14	51413534	51613534	harbor2	chr14	51461771	51461977	SINE/MIR	490	+	103	51461874	48340
chr14	51413534	51613534	harbor2	chr14	51462155	51462383	SINE/MIR	473	+	114	51462269	48735
chr14	51413534	51613534	harbor2	chr14	51462823	51463019	SINE/MIR	436	+	98	51462921	49387
chr14	51413534	51613534	harbor2	chr14	51480625	51480826	SINE/MIR	753	+	100	51480725	67191
chr14	96926824	97126824	harbor2	chr14	96945937	96946172	SINE/MIR	648	+	118	96946055	19231
chr14	96926824	97126824	harbor2	chr14	96958813	96959049	SINE/MIR	549	+	118	96958931	32107
chr14	96926824	97126824	harbor2	chr14	96960030	96960274	SINE/MIR	635	+	122	96960152	33328
chr14	96926824	97126824	harbor2	chr14	96990359	96990570	SINE/MIR	669	+	106	96990465	63641
chr14	96926824	97126824	harbor2	chr14	96994308	96994475	SINE/MIR	592	+	84	96994392	67568
chr14	96926824	97126824	harbor2	chr14	96995278	96995466	SINE/MIR	470	+	94	96995372	68548
chr14	96926824	97126824	harbor2	chr14	97015228	97015414	SINE/MIR	455	+	93	97015321	88497
chr14	99071730	99271730	harbor2	chr14	99078006	99078175	SINE/MIR	609	+	84	99078090	6360
chr14	99071730	99271730	harbor2	chr14	99098512	99098736	SINE/MIR	487	+	112	99098624	26894
chr14	99071730	99271730	harbor2	chr14	99121125	99121327	SINE/MIR	609	+	101	99121226	49496
chr14	99071730	99271730	harbor2	chr14	99129869	99130027	SINE/MIR	590	+	79	99129948	58218
chr14	99071730	99271730	harbor2	chr14	99132303	99132432	SINE/MIR	446	+	64	99132367	60637
chr14	97477268	97677268	harbor2	chr14	97511833	97512015	SINE/MIR	448	+	91	97511924	34656
chr14	97477268	97677268	harbor2	chr14	97530677	97530896	SINE/MIR	426	+	110	97530787	53519
chr14	97477268	97677268	harbor2	chr14	97539756	97539970	SINE/MIR	674	+	107	97539863	62595
chr14	97477268	97677268	harbor2	chr14	97541624	97541841	SINE/MIR	496	+	108	97541732	64464
chr14	97477268	97677268	harbor2	chr14	97551744	97551877	SINE/MIR	497	+	66	97551810	74542
chr14	97477268	97677268	harbor2	chr14	97558538	97558763	SINE/MIR	527	+	112	97558650	81382
chr14	100190946	100390946	harbor2	chr14	100228214	100228332	SINE/MIR	470	+	59	100228273	37327
chr14	100190946	100390946	harbor2	chr14	100276152	100276317	SINE/MIR	592	+	82	100276234	85288
chr14	77320508	77520508	harbor2	chr14	77344921	77344983	SINE/MIR	467	+	31	77344952	24444
chr14	77320508	77520508	harbor2	chr14	77345287	77345406	SINE/MIR	467	+	60	77345347	24839
chr14	31214421	31414421	harbor2	chr14	31238696	31238904	SINE/MIR	683	+	104	31238800	24379
chr14	31214421	31414421	harbor2	chr14	31296320	31296494	SINE/MIR	718	+	87	31296407	81986
chr14	102379944	102579944	harbor2	chr14	102394221	102394325	SINE/MIR	677	+	52	102394273	14329
chr14	102379944	102579944	harbor2	chr14	102394622	102394748	SINE/MIR	677	+	63	102394685	14741
chr14	32485606	32685606	harbor2	chr14	32563207	32563457	SINE/MIR	848	+	125	32563332	77726
chr14	32485606	32685606	harbor2	chr14	32568247	32568435	SINE/MIR	527	+	94	32568341	82735
chr14	32485606	32685606	harbor2	chr14	32568643	32568849	SINE/MIR	453	+	103	32568746	83140
chr14	32485606	32685606	harbor2	chr14	32570933	32571134	SINE/MIR	846	+	100	32571033	85427
chr14	32485606	32685606	harbor2	chr14	32572142	32572280	SINE/MIR	490	+	69	32572211	86605
chr14	97118492	97318492	harbor2	chr14	97141029	97141155	SINE/MIR	473	+	63	97141092	22600
chr14	97118492	97318492	harbor2	chr14	97150778	97150933	SINE/MIR	516	+	78	97150856	32364
chr14	97118492	97318492	harbor2	chr14	97157662	97157807	SINE/MIR	423	+	72	97157734	39242
chr14	97118492	97318492	harbor2	chr14	97160562	97160745	SINE/MIR	506	+	92	97160654	42162
chr14	97118492	97318492	harbor2	chr14	97172790	97172992	SINE/MIR	602	+	101	97172891	54399
chr14	97118492	97318492	harbor2	chr14	97183074	97183311	SINE/MIR	523	+	118	97183192	64700
chr14	97118492	97318492	harbor2	chr14	97140706	97140740	SINE/MIR	473	+	17	97140723	22231
chr14	104604515	104804515	harbor2	chr14	104673267	104673465	SINE/MIR	528	+	99	104673366	68851
chr14	88698893	88898893	harbor2	chr14	88701706	88701917	SINE/MIR	502	+	106	88701812	2919
chr14	88698893	88898893	harbor2	chr14	88750150	88750374	SINE/MIR	754	+	112	88750262	51369
chr14	88698893	88898893	harbor2	chr14	88751934	88752045	SINE/MIR	488	+	56	88751990	53097
chr14	88389482	88589482	harbor2	chr14	88389976	88390197	SINE/MIR	854	+	110	88390086	604
chr14	88389482	88589482	harbor2	chr14	88392317	88392525	SINE/MIR	499	+	104	88392421	2939
chr14	88389482	88589482	harbor2	chr14	88425065	88425261	SINE/MIR	538	+	98	88425163	35681
chr14	88389482	88589482	harbor2	chr14	88428463	88428623	SINE/MIR	505	+	80	88428543	39061
chr14	88389482	88589482	harbor2	chr14	88430647	88430865	SINE/MIR	624	+	109	88430756	41274
chr14	88389482	88589482	harbor2	chr14	88477977	88478112	SINE/MIR	436	+	68	88478045	88563
chr14	50440236	50640236	harbor2	chr14	50460792	50461021	SINE/MIR	603	+	114	50460906	20670
chr14	50440236	50640236	harbor2	chr14	50521401	50521609	SINE/MIR	531	+	104	50521505	81269
chr14	75249928	75449928	harbor2	chr14	75252143	75252268	SINE/MIR	467	+	62	75252205	2277
chr14	75249928	75449928	harbor2	chr14	75253341	75253561	SINE/MIR	847	+	110	75253451	3523
chr14	75249928	75449928	harbor2	chr14	75288964	75289192	SINE/MIR	740	+	114	75289078	39150
chr14	75249928	75449928	harbor2	chr14	75297683	75297803	SINE/MIR	684	+	60	75297743	47815
chr14	75249928	75449928	harbor2	chr14	75298110	75298208	SINE/MIR	684	+	49	75298159	48231
chr14	75249928	75449928	harbor2	chr14	75298299	75298509	SINE/MIR	697	+	105	75298404	48476
chr14	75249928	75449928	harbor2	chr14	75301002	75301189	SINE/MIR	699	+	94	75301096	51168
chr14	75249928	75449928	harbor2	chr14	75327407	75327521	SINE/MIR	457	+	57	75327464	77536
chr14	75697845	75897845	harbor2	chr14	75705465	75705680	SINE/MIR	737	+	108	75705573	7728
chr14	75697845	75897845	harbor2	chr14	75717583	75717758	SINE/MIR	474	+	88	75717671	19826
chr14	75697845	75897845	harbor2	chr14	75721530	75721779	SINE/MIR	683	+	124	75721654	23809
chr14	75697845	75897845	harbor2	chr14	75739595	75739822	SINE/MIR	833	+	114	75739709	41864
chr14	75697845	75897845	harbor2	chr14	75768853	75769025	SINE/MIR	422	+	86	75768939	71094
chr14	99644325	99844325	harbor2	chr14	99656291	99656489	SINE/MIR	580	+	99	99656390	12065
chr14	99644325	99844325	harbor2	chr14	99659004	99659221	SINE/MIR	538	+	108	99659112	14787
chr14	99644325	99844325	harbor2	chr14	99661199	99661369	SINE/MIR	737	+	85	99661284	16959
chr14	99644325	99844325	harbor2	chr14	99667215	99667357	SINE/MIR	498	+	71	99667286	22961
chr14	99644325	99844325	harbor2	chr14	99691302	99691435	SINE/MIR	440	+	66	99691368	47043
chr14	99644325	99844325	harbor2	chr14	99692912	99693133	SINE/MIR	842	+	110	99693022	48697
chr14	99644325	99844325	harbor2	chr14	99698332	99698452	SINE/MIR	424	+	60	99698392	54067
chr14	99644325	99844325	harbor2	chr14	99725015	99725148	SINE/MIR	631	+	66	99725081	80756
chr14	99644325	99844325	harbor2	chr14	99725835	99726041	SINE/MIR	530	+	103	99725938	81613
chr14	99644325	99844325	harbor2	chr14	99738551	99738759	SINE/MIR	664	+	104	99738655	94330
chr14	99644325	99844325	harbor2	chr14	99739893	99740091	SINE/MIR	575	+	99	99739992	95667
chr14	99644325	99844325	harbor2	chr14	99741050	99741157	SINE/MIR	474	+	54	99741104	96779
chr14	85715869	85915869	harbor2	chr14	85755125	85755299	SINE/MIR	435	+	87	85755212	39343
chr14	85715869	85915869	harbor2	chr14	85767537	85767666	SINE/MIR	538	+	64	85767601	51732
chr14	85715869	85915869	harbor2	chr14	85776578	85776809	SINE/MIR	462	+	116	85776694	60825
chr14	85715869	85915869	harbor2	chr14	85799319	85799493	SINE/MIR	600	+	87	85799406	83537
chr14	91579399	91779399	harbor2	chr14	91620997	91621119	SINE/MIR	510	+	61	91621058	41659
chr14	91579399	91779399	harbor2	chr14	91621422	91621480	SINE/MIR	510	+	29	91621451	42052
chr14	84307883	84507883	harbor2	chr14	84360260	84360483	SINE/MIR	585	+	112	84360372	52489
chr14	84307883	84507883	harbor2	chr14	84406540	84406750	SINE/MIR	558	+	105	84406645	98762
chr14	81685860	81885860	harbor2	chr14	81699127	81699317	SINE/MIR	429	+	95	81699222	13362
chr14	81685860	81885860	harbor2	chr14	81703630	81703880	SINE/MIR	982	+	125	81703755	17895
chr14	81685860	81885860	harbor2	chr14	81719843	81720068	SINE/MIR	447	+	112	81719955	34095
chr14	81685860	81885860	harbor2	chr14	81742025	81742253	SINE/MIR	674	+	114	81742139	56279
chr14	81685860	81885860	harbor2	chr14	81765186	81765411	SINE/MIR	666	+	112	81765298	79438
chr14	65125635	65325635	harbor2	chr14	65139932	65140133	SINE/MIR	642	+	100	65140032	14397
chr14	65125635	65325635	harbor2	chr14	65140546	65140596	SINE/MIR	642	+	25	65140571	14936
chr14	65125635	65325635	harbor2	chr14	65152069	65152298	SINE/MIR	447	+	114	65152183	26548
chr14	65125635	65325635	harbor2	chr14	65154803	65154955	SINE/MIR	616	+	76	65154879	29244
chr14	67474324	67674324	harbor2	chr14	67479899	67480141	SINE/MIR	644	+	121	67480020	5696
chr14	67474324	67674324	harbor2	chr14	67503572	67503692	SINE/MIR	585	+	60	67503632	29308
chr14	67474324	67674324	harbor2	chr14	67504312	67504439	SINE/MIR	585	+	64	67504376	30052
chr14	67474324	67674324	harbor2	chr14	67509704	67509724	SINE/MIR	473	+	10	67509714	35390
chr14	67474324	67674324	harbor2	chr14	67510042	67510218	SINE/MIR	537	+	88	67510130	35806
chr14	67474324	67674324	harbor2	chr14	67527168	67527345	SINE/MIR	675	+	88	67527256	52932
chr14	67474324	67674324	harbor2	chr14	67539695	67539915	SINE/MIR	623	+	110	67539805	65481
chr14	67474324	67674324	harbor2	chr14	67542406	67542606	SINE/MIR	534	+	100	67542506	68182
chr14	67474324	67674324	harbor2	chr14	67550770	67550993	SINE/MIR	1115	+	112	67550882	76558
chr14	67474324	67674324	harbor2	chr14	67557607	67557827	SINE/MIR	436	+	110	67557717	83393
chr14	67474324	67674324	harbor2	chr14	67563191	67563384	SINE/MIR	723	+	96	67563287	88963
chr14	67474324	67674324	harbor2	chr14	67518213	67518481	SINE/MIR	890	+	134	67518347	44023
chr14	76704239	76904239	harbor2	chr14	76753221	76753388	SINE/MIR	429	+	84	76753305	49066
chr14	76704239	76904239	harbor2	chr14	76754130	76754287	SINE/MIR	435	+	78	76754208	49969
chr14	76704239	76904239	harbor2	chr14	76755063	76755228	SINE/MIR	573	+	82	76755145	50906
chr14	76704239	76904239	harbor2	chr14	76756221	76756401	SINE/MIR	492	+	90	76756311	52072
chr14	76704239	76904239	harbor2	chr14	76765915	76766128	SINE/MIR	470	+	106	76766021	61782
chr14	76704239	76904239	harbor2	chr14	76774779	76774998	SINE/MIR	575	+	110	76774889	70650
chr14	56366193	56566193	harbor2	chr14	56376591	56376798	SINE/MIR	641	+	104	56376695	10502
chr14	56366193	56566193	harbor2	chr14	56399312	56399383	SINE/MIR	429	+	36	56399348	33155
chr14	56366193	56566193	harbor2	chr14	56454134	56454341	SINE/MIR	887	+	104	56454238	88045
chr14	93021646	93221646	harbor2	chr14	93040784	93040998	SINE/MIR	483	+	107	93040891	19245
chr14	93021646	93221646	harbor2	chr14	93052079	93052271	SINE/MIR	558	+	96	93052175	30529
chr14	93021646	93221646	harbor2	chr14	93060715	93060917	SINE/MIR	443	+	101	93060816	39170
chr14	93021646	93221646	harbor2	chr14	93100247	93100436	SINE/MIR	601	+	94	93100341	78695
chr14	37948693	38148693	harbor2	chr14	37970102	37970355	SINE/MIR	853	+	126	37970228	21535
chr14	37948693	38148693	harbor2	chr14	38016336	38016433	SINE/MIR	477	+	48	38016384	67691
chr14	37948693	38148693	harbor2	chr14	38016866	38016963	SINE/MIR	477	+	48	38016914	68221
chr14	39445548	39645548	harbor2	chr14	39450090	39450332	SINE/MIR	988	+	121	39450211	4663
chr14	39445548	39645548	harbor2	chr14	39456467	39456564	SINE/MIR	473	+	48	39456515	10967
chr14	39445548	39645548	harbor2	chr14	39456942	39456999	SINE/MIR	473	+	28	39456970	11422
chr14	88008196	88208196	harbor2	chr14	88024014	88024239	SINE/MIR	509	+	112	88024126	15930
chr14	88008196	88208196	harbor2	chr14	88088572	88088806	SINE/MIR	866	+	117	88088689	80493
chr14	103938626	104138626	harbor2	chr14	104022765	104022898	SINE/MIR	586	+	66	104022831	84205
chr14	103938626	104138626	harbor2	chr14	104023215	104023267	SINE/MIR	586	+	26	104023241	84615
chr14	95402955	95602955	harbor2	chr14	95418308	95418465	SINE/MIR	457	+	78	95418386	15431
chr14	95402955	95602955	harbor2	chr14	95419196	95419393	SINE/MIR	543	+	98	95419294	16339
chr14	95402955	95602955	harbor2	chr14	95421428	95421637	SINE/MIR	737	+	104	95421532	18577
chr14	95402955	95602955	harbor2	chr14	95445188	95445431	SINE/MIR	654	+	122	95445310	42355
chr14	95402955	95602955	harbor2	chr14	95458276	95458482	SINE/MIR	437	+	103	95458379	55424
chr14	95402955	95602955	harbor2	chr14	95478945	95479086	SINE/MIR	462	+	70	95479015	76060
chr14	95402955	95602955	harbor2	chr14	95497213	95497408	SINE/MIR	631	+	98	95497311	94356
chr14	95402955	95602955	harbor2	chr14	95498603	95498801	SINE/MIR	485	+	99	95498702	95747
chr14	96131970	96331970	harbor2	chr14	96185205	96185458	SINE/MIR	594	+	126	96185331	53361
chr14	96131970	96331970	harbor2	chr14	96201080	96201226	SINE/MIR	530	+	73	96201153	69183
chr14	96131970	96331970	harbor2	chr14	96205288	96205433	SINE/MIR	461	+	72	96205360	73390
chr14	96131970	96331970	harbor2	chr14	96218581	96218636	SINE/MIR	422	+	28	96218609	86639
chr14	96131970	96331970	harbor2	chr14	96218949	96219021	SINE/MIR	422	+	36	96218985	87015
chr14	96131970	96331970	harbor2	chr14	96221022	96221257	SINE/MIR	660	+	118	96221140	89170
chr14	96131970	96331970	harbor2	chr14	96228846	96229008	SINE/MIR	426	+	81	96228927	96957
chr14	84321665	84521665	harbor2	chr14	84360260	84360483	SINE/MIR	585	+	112	84360372	38707
chr14	84321665	84521665	harbor2	chr14	84406540	84406750	SINE/MIR	558	+	105	84406645	84980
chr14	41464122	41664122	harbor2	chr14	41563268	41563520	SINE/MIR	453	+	126	41563394	99272
chr14	89180055	89380055	harbor2	chr14	89184559	89184778	SINE/MIR	556	+	110	89184669	4614
chr14	89180055	89380055	harbor2	chr14	89217510	89217656	SINE/MIR	461	+	73	89217583	37528
chr14	89180055	89380055	harbor2	chr14	89219604	89219787	SINE/MIR	583	+	92	89219696	39641
chr14	89180055	89380055	harbor2	chr14	89220217	89220412	SINE/MIR	655	+	98	89220315	40260
chr14	89180055	89380055	harbor2	chr14	89254016	89254236	SINE/MIR	542	+	110	89254126	74071
chr14	56358541	56558541	harbor2	chr14	56376591	56376798	SINE/MIR	641	+	104	56376695	18154
chr14	56358541	56558541	harbor2	chr14	56399312	56399383	SINE/MIR	429	+	36	56399348	40807
chr14	56358541	56558541	harbor2	chr14	56454134	56454341	SINE/MIR	887	+	104	56454238	95697
chr14	72897480	73097480	harbor2	chr14	72904302	72904515	SINE/MIR	467	+	106	72904408	6928
chr14	72897480	73097480	harbor2	chr14	72992315	72992536	SINE/MIR	788	+	110	72992425	94945
chr14	57400611	57600611	harbor2	chr14	57406488	57406633	SINE/MIR	434	+	72	57406560	5949
chr14	57400611	57600611	harbor2	chr14	57422062	57422209	SINE/MIR	472	+	74	57422136	21525
chr14	57400611	57600611	harbor2	chr14	57425276	57425385	SINE/MIR	513	+	54	57425330	24719
chr14	57400611	57600611	harbor2	chr14	57425693	57425826	SINE/MIR	513	+	66	57425759	25148
chr14	57400611	57600611	harbor2	chr14	57468743	57468911	SINE/MIR	655	+	84	57468827	68216
chr14	57400611	57600611	harbor2	chr14	57476949	57477158	SINE/MIR	559	+	104	57477053	76442
chr14	57400611	57600611	harbor2	chr14	57478300	57478469	SINE/MIR	483	+	84	57478384	77773
chr14	103053313	103253313	harbor2	chr14	103115961	103116084	SINE/MIR	488	+	62	103116023	62710
chr14	103053313	103253313	harbor2	chr14	103120071	103120243	SINE/MIR	583	+	86	103120157	66844
chr14	61182987	61382987	harbor2	chr14	61184427	61184607	SINE/MIR	442	+	90	61184517	1530
chr14	61182987	61382987	harbor2	chr14	61189995	61190139	SINE/MIR	450	+	72	61190067	7080
chr14	61182987	61382987	harbor2	chr14	61231081	61231262	SINE/MIR	669	+	90	61231171	48184
chr14	61182987	61382987	harbor2	chr14	61253699	61253895	SINE/MIR	507	+	98	61253797	70810
chr14	61182987	61382987	harbor2	chr14	61271556	61271762	SINE/MIR	793	+	103	61271659	88672
chr14	80194044	80394044	harbor2	chr14	80203814	80203994	SINE/MIR	458	+	90	80203904	9860
chr14	80194044	80394044	harbor2	chr14	80264128	80264225	SINE/MIR	430	+	48	80264176	70132
chr14	80194044	80394044	harbor2	chr14	80271459	80271633	SINE/MIR	763	+	87	80271546	77502
chr14	94284035	94484035	harbor2	chr14	94295466	94295651	SINE/MIR	448	+	92	94295558	11523
chr14	94284035	94484035	harbor2	chr14	94305306	94305443	SINE/MIR	429	+	68	94305374	21339
chr14	94284035	94484035	harbor2	chr14	94376500	94376767	SINE/MIR	495	+	134	94376634	92599
chr14	25316696	25516696	harbor2	chr14	25375925	25376079	SINE/MIR	557	+	77	25376002	59306
chr14	25316696	25516696	harbor2	chr14	25384569	25384769	SINE/MIR	692	+	100	25384669	67973
chr14	25316696	25516696	harbor2	chr14	25387747	25387992	SINE/MIR	567	+	122	25387869	71173
chr14	25316696	25516696	harbor2	chr14	25410909	25411060	SINE/MIR	431	+	76	25410985	94289
chr14	25316696	25516696	harbor2	chr14	25378609	25378840	SINE/MIR	519	+	116	25378725	62029
chr14	103311828	103511828	harbor2	chr14	103330053	103330242	SINE/MIR	577	+	94	103330147	18319
chr14	103311828	103511828	harbor2	chr14	103330292	103330514	SINE/MIR	768	+	111	103330403	18575
chr14	61605186	61805186	harbor2	chr14	61629742	61629903	SINE/MIR	649	+	80	61629822	24636
chr14	61605186	61805186	harbor2	chr14	61631804	61632001	SINE/MIR	651	+	98	61631902	26716
chr14	61605186	61805186	harbor2	chr14	61684462	61684669	SINE/MIR	491	+	104	61684566	79380
chr14	61605186	61805186	harbor2	chr14	61698287	61698491	SINE/MIR	706	+	102	61698389	93203
chr14	61605186	61805186	harbor2	chr14	61704060	61704171	SINE/MIR	453	+	56	61704116	98930
chr14	91308738	91508738	harbor2	chr14	91382027	91382143	SINE/MIR	424	+	58	91382085	73347
chr14	91308738	91508738	harbor2	chr14	91382329	91382358	SINE/MIR	424	+	14	91382343	73605
chr14	91308738	91508738	harbor2	chr14	91385922	91386117	SINE/MIR	619	+	98	91386020	77282
chr14	29824980	30024980	harbor2	chr14	29871432	29871684	SINE/MIR	727	+	126	29871558	46578
chr14	29824980	30024980	harbor2	chr14	29904316	29904555	SINE/MIR	654	+	120	29904436	79456
chr14	29824980	30024980	harbor2	chr14	29915859	29916031	SINE/MIR	551	+	86	29915945	90965
chr14	65548062	65748062	harbor2	chr14	65577314	65577493	SINE/MIR	475	+	90	65577404	29342
chr14	65548062	65748062	harbor2	chr14	65626493	65626673	SINE/MIR	615	+	90	65626583	78521
chr14	27997397	28197397	harbor2	chr14	28051630	28051866	SINE/MIR	476	+	118	28051748	54351
chr14	89826324	90026324	harbor2	chr14	89845950	89846195	SINE/MIR	925	+	122	89846072	19748
chr14	89826324	90026324	harbor2	chr14	89847782	89847977	SINE/MIR	616	+	98	89847880	21556
chr14	89826324	90026324	harbor2	chr14	89880810	89880965	SINE/MIR	590	+	78	89880888	54564
chr14	89826324	90026324	harbor2	chr14	89889286	89889479	SINE/MIR	602	+	96	89889382	63058
chr14	89826324	90026324	harbor2	chr14	89894938	89895156	SINE/MIR	762	+	109	89895047	68723
chr14	89826324	90026324	harbor2	chr14	89906019	89906172	SINE/MIR	577	+	76	89906095	79771
chr14	89826324	90026324	harbor2	chr14	89906221	89906233	SINE/MIR	577	+	6	89906227	79903
chr14	89826324	90026324	harbor2	chr14	89907789	89908007	SINE/MIR	883	+	109	89907898	81574
chr14	89826324	90026324	harbor2	chr14	89920450	89920667	SINE/MIR	730	+	108	89920558	94234
chr14	99231684	99431684	harbor2	chr14	99249602	99249833	SINE/MIR	836	+	116	99249718	18034
chr14	99231684	99431684	harbor2	chr14	99251891	99252050	SINE/MIR	512	+	80	99251971	20287
chr14	99231684	99431684	harbor2	chr14	99290181	99290396	SINE/MIR	503	+	108	99290289	58605
chr14	99231684	99431684	harbor2	chr14	99309098	99309210	SINE/MIR	463	+	56	99309154	77470
chr14	99231684	99431684	harbor2	chr14	99323351	99323563	SINE/MIR	687	+	106	99323457	91773
chr14	80117377	80317377	harbor2	chr14	80170621	80170804	SINE/MIR	514	+	92	80170713	53336
chr14	80117377	80317377	harbor2	chr14	80203814	80203994	SINE/MIR	458	+	90	80203904	86527
chr14	93352361	93552361	harbor2	chr14	93432320	93432524	SINE/MIR	863	+	102	93432422	80061
chr14	93352361	93552361	harbor2	chr14	93434611	93434838	SINE/MIR	869	+	114	93434725	82364
chr14	84529393	84729393	harbor2	chr14	84531369	84531587	SINE/MIR	444	+	109	84531478	2085
chr14	104075875	104275875	harbor2	chr14	104133405	104133548	SINE/MIR	438	+	72	104133477	57602
chr14	104075875	104275875	harbor2	chr14	104158173	104158364	SINE/MIR	523	+	96	104158269	82394
chr14	100117316	100317316	harbor2	chr14	100175006	100175209	SINE/MIR	486	+	102	100175108	57792
chr14	103037678	103237678	harbor2	chr14	103115961	103116084	SINE/MIR	488	+	62	103116023	78345
chr14	103037678	103237678	harbor2	chr14	103120071	103120243	SINE/MIR	583	+	86	103120157	82479
chr14	86539700	86739700	harbor2	chr14	86553598	86553794	SINE/MIR	417	+	98	86553696	13996
chr14	86539700	86739700	harbor2	chr14	86566452	86566668	SINE/MIR	490	+	108	86566560	26860
chr14	86539700	86739700	harbor2	chr14	86620390	86620574	SINE/MIR	716	+	92	86620482	80782
chr14	97225595	97425595	harbor2	chr14	97253498	97253735	SINE/MIR	629	+	118	97253616	28021
chr14	67725211	67925211	harbor2	chr14	67728482	67728682	SINE/MIR	565	+	100	67728582	3371
chr14	67725211	67925211	harbor2	chr14	67763229	67763363	SINE/MIR	745	+	67	67763296	38085
chr14	67725211	67925211	harbor2	chr14	67763691	67763788	SINE/MIR	745	+	48	67763739	38528
chr14	67725211	67925211	harbor2	chr14	67782532	67782721	SINE/MIR	503	+	94	67782626	57415
chr14	67725211	67925211	harbor2	chr14	67804799	67804981	SINE/MIR	745	+	91	67804890	79679
chr14	67725211	67925211	harbor2	chr14	67820209	67820407	SINE/MIR	438	+	99	67820308	95097
chr14	67725211	67925211	harbor2	chr14	67822854	67823098	SINE/MIR	681	+	122	67822976	97765
chr14	101287871	101487871	harbor2	chr14	101327219	101327425	SINE/MIR	698	+	103	101327322	39451
chr14	101287871	101487871	harbor2	chr14	101356284	101356470	SINE/MIR	447	+	93	101356377	68506
chr14	101287871	101487871	harbor2	chr14	101369725	101369895	SINE/MIR	436	+	85	101369810	81939
chr14	101287871	101487871	harbor2	chr14	101382450	101382507	SINE/MIR	483	+	28	101382478	94607
chr14	101287871	101487871	harbor2	chr14	101382928	101383032	SINE/MIR	483	+	52	101382980	95109
chr14	104053827	104253827	harbor2	chr14	104133405	104133548	SINE/MIR	438	+	72	104133477	79650
chr14	102462608	102662608	harbor2	chr14	102532477	102532640	SINE/MIR	494	+	82	102532559	69951
chr14	102462608	102662608	harbor2	chr14	102536239	102536417	SINE/MIR	603	+	89	102536328	73720
chr14	102462608	102662608	harbor2	chr14	102537765	102537877	SINE/MIR	488	+	56	102537821	75213
chr14	102462608	102662608	harbor2	chr14	102551887	102551970	SINE/MIR	436	+	42	102551929	89321
chr14	72141644	72341644	harbor2	chr14	72158828	72159083	SINE/MIR	732	+	128	72158956	17312
chr14	74075768	74275768	harbor2	chr14	74123807	74124019	SINE/MIR	464	+	106	74123913	48145
chr14	74075768	74275768	harbor2	chr14	74151779	74151940	SINE/MIR	592	+	80	74151859	76091
chr14	74075768	74275768	harbor2	chr14	74172264	74172464	SINE/MIR	689	+	100	74172364	96596
chr14	78107797	78307797	harbor2	chr14	78125048	78125258	SINE/MIR	603	+	105	78125153	17356
chr14	78107797	78307797	harbor2	chr14	78126337	78126568	SINE/MIR	826	+	116	78126453	18656
chr14	78107797	78307797	harbor2	chr14	78126950	78127203	SINE/MIR	931	+	126	78127076	19279
chr14	78107797	78307797	harbor2	chr14	78141269	78141506	SINE/MIR	686	+	118	78141387	33590
chr14	78107797	78307797	harbor2	chr14	78148147	78148324	SINE/MIR	479	+	88	78148235	40438
chr14	90418717	90618717	harbor2	chr14	90446086	90446225	SINE/MIR	486	+	70	90446156	27439
chr14	90418717	90618717	harbor2	chr14	90450428	90450560	SINE/MIR	490	+	66	90450494	31777
chr14	90418717	90618717	harbor2	chr14	90451177	90451299	SINE/MIR	462	+	61	90451238	32521
chr14	90418717	90618717	harbor2	chr14	90451930	90452088	SINE/MIR	693	+	79	90452009	33292
chr14	90418717	90618717	harbor2	chr14	90452163	90452439	SINE/MIR	843	+	138	90452301	33584
chr14	90418717	90618717	harbor2	chr14	90458987	90459180	SINE/MIR	715	+	96	90459083	40366
chr14	90418717	90618717	harbor2	chr14	90481787	90482007	SINE/MIR	615	+	110	90481897	63180
chr14	90418717	90618717	harbor2	chr14	90491215	90491381	SINE/MIR	573	+	83	90491298	72581
chr14	90418717	90618717	harbor2	chr14	90500478	90500649	SINE/MIR	526	+	86	90500564	81847
chr14	90418717	90618717	harbor2	chr14	90510008	90510250	SINE/MIR	745	+	121	90510129	91412
chr14	90418717	90618717	harbor2	chr14	90510730	90510829	SINE/MIR	487	+	50	90510780	92063
chr14	90418717	90618717	harbor2	chr14	90515377	90515557	SINE/MIR	585	+	90	90515467	96750
chr14	71954555	72154555	harbor2	chr14	71958262	71958422	SINE/MIR	536	+	80	71958342	3787
chr14	71954555	72154555	harbor2	chr14	71966501	71966690	SINE/MIR	504	+	94	71966595	12040
chr14	71954555	72154555	harbor2	chr14	71995451	71995686	SINE/MIR	707	+	118	71995569	41014
chr14	71954555	72154555	harbor2	chr14	72012706	72012868	SINE/MIR	526	+	81	72012787	58232
chr14	85416455	85616455	harbor2	chr14	85442319	85442538	SINE/MIR	858	+	110	85442429	25974
chr14	85416455	85616455	harbor2	chr14	85447344	85447575	SINE/MIR	609	+	116	85447460	31005
chr14	85416455	85616455	harbor2	chr14	85452290	85452491	SINE/MIR	577	+	100	85452390	35935
chr14	85416455	85616455	harbor2	chr14	85476957	85477084	SINE/MIR	500	+	64	85477021	60566
chr14	73553767	73753767	harbor2	chr14	73556597	73556805	SINE/MIR	429	+	104	73556701	2934
chr14	94861120	95061120	harbor2	chr14	94861082	94861241	SINE/MIR	518	+	80	94861162	42
chr14	94861120	95061120	harbor2	chr14	94867662	94867843	SINE/MIR	733	+	90	94867752	6632
chr14	94861120	95061120	harbor2	chr14	94874674	94874845	SINE/MIR	536	+	86	94874760	13640
chr14	94861120	95061120	harbor2	chr14	94880310	94880494	SINE/MIR	428	+	92	94880402	19282
chr14	94861120	95061120	harbor2	chr14	94886467	94886690	SINE/MIR	571	+	112	94886579	25459
chr14	94861120	95061120	harbor2	chr14	94892641	94892798	SINE/MIR	434	+	78	94892719	31599
chr14	94861120	95061120	harbor2	chr14	94902467	94902646	SINE/MIR	456	+	90	94902557	41437
chr14	94861120	95061120	harbor2	chr14	94906052	94906257	SINE/MIR	466	+	102	94906154	45034
chr14	94861120	95061120	harbor2	chr14	94916618	94916845	SINE/MIR	435	+	114	94916732	55612
chr14	94861120	95061120	harbor2	chr14	94924318	94924464	SINE/MIR	437	+	73	94924391	63271
chr14	94861120	95061120	harbor2	chr14	94927334	94927574	SINE/MIR	833	+	120	94927454	66334
chr14	94861120	95061120	harbor2	chr14	94932129	94932271	SINE/MIR	442	+	71	94932200	71080
chr14	94861120	95061120	harbor2	chr14	94960823	94961062	SINE/MIR	930	+	120	94960943	99823
chr14	94861120	95061120	harbor2	chr14	94863352	94863543	SINE/MIR	712	+	96	94863448	2328
chr14	94861120	95061120	harbor2	chr14	94895966	94896177	SINE/MIR	647	+	106	94896072	34952
chr14	76693222	76893222	harbor2	chr14	76753221	76753388	SINE/MIR	429	+	84	76753305	60083
chr14	76693222	76893222	harbor2	chr14	76754130	76754287	SINE/MIR	435	+	78	76754208	60986
chr14	76693222	76893222	harbor2	chr14	76755063	76755228	SINE/MIR	573	+	82	76755145	61923
chr14	76693222	76893222	harbor2	chr14	76756221	76756401	SINE/MIR	492	+	90	76756311	63089
chr14	76693222	76893222	harbor2	chr14	76765915	76766128	SINE/MIR	470	+	106	76766021	72799
chr14	76693222	76893222	harbor2	chr14	76774779	76774998	SINE/MIR	575	+	110	76774889	81667
chr14	85579658	85779658	harbor2	chr14	85582441	85582674	SINE/MIR	618	+	116	85582557	2899
chr14	85579658	85779658	harbor2	chr14	85601558	85601792	SINE/MIR	686	+	117	85601675	22017
chr14	85579658	85779658	harbor2	chr14	85632767	85633006	SINE/MIR	506	+	120	85632887	53229
chr14	85579658	85779658	harbor2	chr14	85637310	85637495	SINE/MIR	431	+	92	85637402	57744
chr14	85579658	85779658	harbor2	chr14	85655922	85656112	SINE/MIR	575	+	95	85656017	76359
chr14	85579658	85779658	harbor2	chr14	85672481	85672615	SINE/MIR	489	+	67	85672548	92890
chr14	85579658	85779658	harbor2	chr14	85674482	85674721	SINE/MIR	594	+	120	85674602	94944
chr14	95455982	95655982	harbor2	chr14	95458276	95458482	SINE/MIR	437	+	103	95458379	2397
chr14	95455982	95655982	harbor2	chr14	95478945	95479086	SINE/MIR	462	+	70	95479015	23033
chr14	95455982	95655982	harbor2	chr14	95497213	95497408	SINE/MIR	631	+	98	95497311	41329
chr14	95455982	95655982	harbor2	chr14	95498603	95498801	SINE/MIR	485	+	99	95498702	42720
chr14	95455982	95655982	harbor2	chr14	95508087	95508307	SINE/MIR	439	+	110	95508197	52215
chr14	95455982	95655982	harbor2	chr14	95511097	95511231	SINE/MIR	422	+	67	95511164	55182
chr14	95455982	95655982	harbor2	chr14	95539651	95539885	SINE/MIR	839	+	117	95539768	83786
chr14	93035290	93235290	harbor2	chr14	93040784	93040998	SINE/MIR	483	+	107	93040891	5601
chr14	93035290	93235290	harbor2	chr14	93052079	93052271	SINE/MIR	558	+	96	93052175	16885
chr14	93035290	93235290	harbor2	chr14	93060715	93060917	SINE/MIR	443	+	101	93060816	25526
chr14	93035290	93235290	harbor2	chr14	93100247	93100436	SINE/MIR	601	+	94	93100341	65051
chr14	94747755	94947755	harbor2	chr14	94753516	94753774	SINE/MIR	428	+	129	94753645	5890
chr14	94747755	94947755	harbor2	chr14	94757646	94757873	SINE/MIR	631	+	114	94757760	10005
chr14	94747755	94947755	harbor2	chr14	94766525	94766687	SINE/MIR	468	+	81	94766606	18851
chr14	94747755	94947755	harbor2	chr14	94786407	94786605	SINE/MIR	531	+	99	94786506	38751
chr14	94747755	94947755	harbor2	chr14	94794747	94794960	SINE/MIR	541	+	106	94794853	47098
chr14	94747755	94947755	harbor2	chr14	94837266	94837457	SINE/MIR	627	+	96	94837362	89607
chr14	94747755	94947755	harbor2	chr14	94843429	94843668	SINE/MIR	682	+	120	94843549	95794
chr14	93252936	93452936	harbor2	chr14	93267240	93267432	SINE/MIR	637	+	96	93267336	14400
chr14	93252936	93452936	harbor2	chr14	93277512	93277705	SINE/MIR	504	+	96	93277608	24672
chr14	74324589	74524589	harbor2	chr14	74353319	74353475	SINE/MIR	574	+	78	74353397	28808
chr14	74324589	74524589	harbor2	chr14	74386483	74386707	SINE/MIR	467	+	112	74386595	62006
chr14	74324589	74524589	harbor2	chr14	74396557	74396771	SINE/MIR	894	+	107	74396664	72075
chr14	74324589	74524589	harbor2	chr14	74401806	74401964	SINE/MIR	438	+	79	74401885	77296
chr14	90123014	90323014	harbor2	chr14	90153254	90153505	SINE/MIR	512	+	126	90153380	30366
chr14	90123014	90323014	harbor2	chr14	90166991	90167154	SINE/MIR	578	+	82	90167073	44059
chr14	90123014	90323014	harbor2	chr14	90180074	90180242	SINE/MIR	461	+	84	90180158	57144
chr14	90123014	90323014	harbor2	chr14	90194589	90194820	SINE/MIR	640	+	116	90194705	71691
chr14	90123014	90323014	harbor2	chr14	90194921	90195124	SINE/MIR	516	+	102	90195023	72009
chr14	90123014	90323014	harbor2	chr14	90196516	90196737	SINE/MIR	507	+	110	90196626	73612
chr14	90123014	90323014	harbor2	chr14	90197142	90197284	SINE/MIR	721	+	71	90197213	74199
chr14	98014989	98214989	harbor2	chr14	98025094	98025263	SINE/MIR	620	+	84	98025178	10189
chr14	98014989	98214989	harbor2	chr14	98033691	98033861	SINE/MIR	503	+	85	98033776	18787
chr14	98014989	98214989	harbor2	chr14	98076715	98076943	SINE/MIR	532	+	114	98076829	61840
chr14	98014989	98214989	harbor2	chr14	98080664	98080858	SINE/MIR	522	+	97	98080761	65772
chr14	98014989	98214989	harbor2	chr14	98095509	98095738	SINE/MIR	437	+	114	98095623	80634
chr14	57356937	57556937	harbor2	chr14	57406488	57406633	SINE/MIR	434	+	72	57406560	49623
chr14	57356937	57556937	harbor2	chr14	57422062	57422209	SINE/MIR	472	+	74	57422136	65199
chr14	57356937	57556937	harbor2	chr14	57425276	57425385	SINE/MIR	513	+	54	57425330	68393
chr14	57356937	57556937	harbor2	chr14	57425693	57425826	SINE/MIR	513	+	66	57425759	68822
chr14	66211764	66411764	harbor2	chr14	66239844	66240032	SINE/MIR	591	+	94	66239938	28174
chr14	66211764	66411764	harbor2	chr14	66243118	66243305	SINE/MIR	569	+	94	66243212	31448
chr14	66211764	66411764	harbor2	chr14	66249049	66249233	SINE/MIR	659	+	92	66249141	37377
chr14	66211764	66411764	harbor2	chr14	66259351	66259575	SINE/MIR	756	+	112	66259463	47699
chr14	66211764	66411764	harbor2	chr14	66275624	66275848	SINE/MIR	794	+	112	66275736	63972
chr14	66211764	66411764	harbor2	chr14	66284554	66284789	SINE/MIR	633	+	118	66284672	72908
chr14	66211764	66411764	harbor2	chr14	66291049	66291210	SINE/MIR	447	+	80	66291129	79365
chr14	66211764	66411764	harbor2	chr14	66292322	66292502	SINE/MIR	515	+	90	66292412	80648
chr14	66211764	66411764	harbor2	chr14	66294480	66294640	SINE/MIR	628	+	80	66294560	82796
chr14	66211764	66411764	harbor2	chr14	66306703	66306908	SINE/MIR	705	+	102	66306805	95041
chr14	87842251	88042251	harbor2	chr14	87845321	87845551	SINE/MIR	581	+	115	87845436	3185
chr14	87842251	88042251	harbor2	chr14	87884235	87884394	SINE/MIR	478	+	80	87884315	42064
chr14	87842251	88042251	harbor2	chr14	87884425	87884473	SINE/MIR	478	+	24	87884449	42198
chr14	87842251	88042251	harbor2	chr14	87893027	87893198	SINE/MIR	468	+	86	87893113	50862
chr14	87842251	88042251	harbor2	chr14	87893502	87893549	SINE/MIR	468	+	24	87893526	51275
chr14	87842251	88042251	harbor2	chr14	87917939	87918090	SINE/MIR	587	+	76	87918015	75764
chr14	87842251	88042251	harbor2	chr14	87920746	87920848	SINE/MIR	417	+	51	87920797	78546
chr14	88986589	89186589	harbor2	chr14	89001696	89001914	SINE/MIR	470	+	109	89001805	15216
chr14	88986589	89186589	harbor2	chr14	89016834	89016999	SINE/MIR	479	+	82	89016916	30327
chr14	88986589	89186589	harbor2	chr14	89017872	89018010	SINE/MIR	453	+	69	89017941	31352
chr14	93723743	93923743	harbor2	chr14	93725524	93725742	SINE/MIR	961	+	109	93725633	1890
chr14	93723743	93923743	harbor2	chr14	93801096	93801309	SINE/MIR	682	+	106	93801202	77459
chr14	93723743	93923743	harbor2	chr14	93805115	93805306	SINE/MIR	710	+	96	93805211	81468
chr14	93723743	93923743	harbor2	chr14	93811428	93811621	SINE/MIR	557	+	96	93811524	87781
chr14	93723743	93923743	harbor2	chr14	93820173	93820325	SINE/MIR	601	+	76	93820249	96506
chr14	93723743	93923743	harbor2	chr14	93820628	93820727	SINE/MIR	601	+	50	93820678	96935
chr14	39829467	40029467	harbor2	chr14	39838800	39838987	SINE/MIR	489	+	94	39838894	9427
chr14	39829467	40029467	harbor2	chr14	39882290	39882525	SINE/MIR	698	+	118	39882408	52941
chr14	39829467	40029467	harbor2	chr14	39916674	39916846	SINE/MIR	455	+	86	39916760	87293
chr14	102529878	102729878	harbor2	chr14	102532477	102532640	SINE/MIR	494	+	82	102532559	2681
chr14	102529878	102729878	harbor2	chr14	102536239	102536417	SINE/MIR	603	+	89	102536328	6450
chr14	102529878	102729878	harbor2	chr14	102537765	102537877	SINE/MIR	488	+	56	102537821	7943
chr14	102529878	102729878	harbor2	chr14	102551887	102551970	SINE/MIR	436	+	42	102551929	22051
chr14	85619175	85819175	harbor2	chr14	85632767	85633006	SINE/MIR	506	+	120	85632887	13712
chr14	85619175	85819175	harbor2	chr14	85637310	85637495	SINE/MIR	431	+	92	85637402	18227
chr14	85619175	85819175	harbor2	chr14	85655922	85656112	SINE/MIR	575	+	95	85656017	36842
chr14	85619175	85819175	harbor2	chr14	85672481	85672615	SINE/MIR	489	+	67	85672548	53373
chr14	85619175	85819175	harbor2	chr14	85674482	85674721	SINE/MIR	594	+	120	85674602	55427
chr14	85619175	85819175	harbor2	chr14	85700035	85700217	SINE/MIR	423	+	91	85700126	80951
chr14	50034455	50234455	harbor2	chr14	50034647	50034704	SINE/MIR	461	+	28	50034675	220
chr14	50034455	50234455	harbor2	chr14	50034836	50034988	SINE/MIR	461	+	76	50034912	457
chr14	50034455	50234455	harbor2	chr14	50052163	50052316	SINE/MIR	446	+	76	50052239	17784
chr14	50034455	50234455	harbor2	chr14	50081185	50081384	SINE/MIR	642	+	100	50081285	46830
chr14	50034455	50234455	harbor2	chr14	50131268	50131411	SINE/MIR	434	+	72	50131340	96885
chr14	93519800	93719800	harbor2	chr14	93523522	93523726	SINE/MIR	693	+	102	93523624	3824
chr14	93519800	93719800	harbor2	chr14	93531745	93531896	SINE/MIR	512	+	76	93531821	12021
chr14	58040784	58240784	harbor2	chr14	58073725	58073979	SINE/MIR	571	+	127	58073852	33068
chr14	58040784	58240784	harbor2	chr14	58075780	58075986	SINE/MIR	532	+	103	58075883	35099
chr14	58040784	58240784	harbor2	chr14	58133927	58134145	SINE/MIR	783	+	109	58134036	93252
chr14	86258141	86458141	harbor2	chr14	86354967	86355196	SINE/MIR	693	+	114	86355081	96940
chr14	86258141	86458141	harbor2	chr14	86355299	86355455	SINE/MIR	514	+	78	86355377	97236
chr14	76368307	76568307	harbor2	chr14	76389606	76389671	SINE/MIR	643	+	32	76389638	21331
chr14	76368307	76568307	harbor2	chr14	76390080	76390206	SINE/MIR	643	+	63	76390143	21836
chr14	76368307	76568307	harbor2	chr14	76390518	76390585	SINE/MIR	643	+	34	76390552	22245
chr14	76368307	76568307	harbor2	chr14	76395459	76395661	SINE/MIR	652	+	101	76395560	27253
chr14	76368307	76568307	harbor2	chr14	76414231	76414433	SINE/MIR	633	+	101	76414332	46025
chr14	76368307	76568307	harbor2	chr14	76424047	76424214	SINE/MIR	474	+	84	76424131	55824
chr14	76368307	76568307	harbor2	chr14	76442117	76442194	SINE/MIR	685	+	38	76442155	73848
chr14	76368307	76568307	harbor2	chr14	76442509	76442632	SINE/MIR	685	+	62	76442571	74264
chr14	76368307	76568307	harbor2	chr14	76450752	76450900	SINE/MIR	428	+	74	76450826	82519
chr14	76368307	76568307	harbor2	chr14	76451262	76451464	SINE/MIR	651	+	101	76451363	83056
chr14	76368307	76568307	harbor2	chr14	76460322	76460477	SINE/MIR	440	+	78	76460400	92093
chr14	90296087	90496087	harbor2	chr14	90310271	90310463	SINE/MIR	619	+	96	90310367	14280
chr14	90296087	90496087	harbor2	chr14	90324693	90324885	SINE/MIR	658	+	96	90324789	28702
chr14	90296087	90496087	harbor2	chr14	90378174	90378367	SINE/MIR	483	+	96	90378270	82183
chr14	33233205	33433205	harbor2	chr14	33246026	33246235	SINE/MIR	432	+	104	33246130	12925
chr14	33233205	33433205	harbor2	chr14	33276549	33276724	SINE/MIR	509	+	88	33276637	43432
chr14	33233205	33433205	harbor2	chr14	33280431	33280654	SINE/MIR	503	+	112	33280543	47338
chr14	33233205	33433205	harbor2	chr14	33297133	33297359	SINE/MIR	771	+	113	33297246	64041
chr14	33233205	33433205	harbor2	chr14	33314300	33314522	SINE/MIR	440	+	111	33314411	81206
chr14	33233205	33433205	harbor2	chr14	33321526	33321756	SINE/MIR	548	+	115	33321641	88436
chr14	33233205	33433205	harbor2	chr14	33326376	33326623	SINE/MIR	447	+	124	33326500	93295
chr14	23704653	23904653	harbor2	chr14	23773771	23774020	SINE/MIR	1051	+	124	23773895	69242
chr15	26656230	26856230	harbor2	chr15	26708749	26708925	SINE/MIR	460	+	88	26708837	52607
chr15	26656230	26856230	harbor2	chr15	26714123	26714268	SINE/MIR	458	+	72	26714195	57965
chr15	26656230	26856230	harbor2	chr15	26730705	26730932	SINE/MIR	462	+	114	26730819	74589
chr15	53028079	53228079	harbor2	chr15	53041579	53041805	SINE/MIR	497	+	113	53041692	13613
chr15	53028079	53228079	harbor2	chr15	53057733	53057972	SINE/MIR	616	+	120	53057853	29774
chr15	53028079	53228079	harbor2	chr15	53060044	53060301	SINE/MIR	685	+	128	53060172	32093
chr15	53028079	53228079	harbor2	chr15	53060816	53060938	SINE/MIR	443	+	61	53060877	32798
chr15	53028079	53228079	harbor2	chr15	53074277	53074455	SINE/MIR	525	+	89	53074366	46287
chr15	53028079	53228079	harbor2	chr15	53092282	53092467	SINE/MIR	762	+	92	53092374	64295
chr15	53028079	53228079	harbor2	chr15	53092495	53092683	SINE/MIR	412	+	94	53092589	64510
chr15	53028079	53228079	harbor2	chr15	53106203	53106406	SINE/MIR	495	+	102	53106305	78226
chr15	53028079	53228079	harbor2	chr15	53112442	53112643	SINE/MIR	415	+	100	53112542	84463
chr15	53028079	53228079	harbor2	chr15	53125017	53125230	SINE/MIR	842	+	106	53125123	97044
chr15	53028079	53228079	harbor2	chr15	53125796	53126039	SINE/MIR	659	+	122	53125918	97839
chr15	99311315	99511315	harbor2	chr15	99335219	99335448	SINE/MIR	510	+	114	99335333	24018
chr15	99311315	99511315	harbor2	chr15	99364664	99364833	SINE/MIR	672	+	84	99364748	53433
chr15	80116329	80316329	harbor2	chr15	80175676	80175879	SINE/MIR	578	+	102	80175778	59449
chr15	80116329	80316329	harbor2	chr15	80181605	80181746	SINE/MIR	455	+	70	80181675	65346
chr15	101834199	102034199	harbor2	chr15	101874010	101874141	SINE/MIR	437	+	66	101874076	39877
chr15	101496598	101696598	harbor2	chr15	101501100	101501307	SINE/MIR	536	+	104	101501204	4606
chr15	78083912	78283912	harbor2	chr15	78083888	78084059	SINE/MIR	627	+	86	78083974	62
chr15	78083912	78283912	harbor2	chr15	78085151	78085339	SINE/MIR	434	+	94	78085245	1333
chr15	78083912	78283912	harbor2	chr15	78095083	78095259	SINE/MIR	742	+	88	78095171	11259
chr15	78083912	78283912	harbor2	chr15	78098766	78098923	SINE/MIR	449	+	78	78098844	14932
chr15	78083912	78283912	harbor2	chr15	78109458	78109626	SINE/MIR	732	+	84	78109542	25630
chr15	78083912	78283912	harbor2	chr15	78126937	78127103	SINE/MIR	454	+	83	78127020	43108
chr15	78083912	78283912	harbor2	chr15	78129793	78129938	SINE/MIR	487	+	72	78129865	45953
chr15	78083912	78283912	harbor2	chr15	78150484	78150730	SINE/MIR	739	+	123	78150607	66695
chr15	78083912	78283912	harbor2	chr15	78154431	78154576	SINE/MIR	461	+	72	78154503	70591
chr15	78083912	78283912	harbor2	chr15	78178039	78178183	SINE/MIR	617	+	72	78178111	94199
chr15	100031046	100231046	harbor2	chr15	100127501	100127571	SINE/MIR	421	+	35	100127536	96490
chr15	100031046	100231046	harbor2	chr15	100127882	100127998	SINE/MIR	421	+	58	100127940	96894
chr15	100417101	100617101	harbor2	chr15	100461447	100461586	SINE/MIR	492	+	70	100461517	44416
chr15	100417101	100617101	harbor2	chr15	100480131	100480353	SINE/MIR	622	+	111	100480242	63141
chr15	100417101	100617101	harbor2	chr15	100514010	100514207	SINE/MIR	654	+	98	100514108	97007
chr15	100417101	100617101	harbor2	chr15	100516311	100516514	SINE/MIR	529	+	102	100516413	99312
chr15	76217764	76417764	harbor2	chr15	76234993	76235173	SINE/MIR	663	+	90	76235083	17319
chr15	76217764	76417764	harbor2	chr15	76237501	76237665	SINE/MIR	626	+	82	76237583	19819
chr15	76217764	76417764	harbor2	chr15	76300950	76301174	SINE/MIR	796	+	112	76301062	83298
chr15	66058456	66258456	harbor2	chr15	66067010	66067165	SINE/MIR	764	+	78	66067088	8632
chr15	66058456	66258456	harbor2	chr15	66067923	66068150	SINE/MIR	656	+	114	66068037	9581
chr15	66058456	66258456	harbor2	chr15	66078086	66078287	SINE/MIR	492	+	100	66078186	19730
chr15	66058456	66258456	harbor2	chr15	66082125	66082304	SINE/MIR	492	+	90	66082215	23759
chr15	66058456	66258456	harbor2	chr15	66091479	66091722	SINE/MIR	614	+	122	66091601	33145
chr15	66058456	66258456	harbor2	chr15	66097887	66098027	SINE/MIR	407	+	70	66097957	39501
chr15	66058456	66258456	harbor2	chr15	66099556	66099739	SINE/MIR	408	+	92	66099648	41192
chr15	66058456	66258456	harbor2	chr15	66100441	66100654	SINE/MIR	627	+	106	66100547	42091
chr15	66058456	66258456	harbor2	chr15	66103289	66103531	SINE/MIR	718	+	121	66103410	44954
chr15	66058456	66258456	harbor2	chr15	66103949	66104099	SINE/MIR	433	+	75	66104024	45568
chr15	66058456	66258456	harbor2	chr15	66111033	66111247	SINE/MIR	518	+	107	66111140	52684
chr15	66058456	66258456	harbor2	chr15	66116928	66117159	SINE/MIR	1053	+	116	66117044	58588
chr15	66058456	66258456	harbor2	chr15	66134962	66135173	SINE/MIR	523	+	106	66135068	76612
chr15	66058456	66258456	harbor2	chr15	66138620	66138825	SINE/MIR	533	+	102	66138722	80266
chr15	66058456	66258456	harbor2	chr15	66145732	66145954	SINE/MIR	631	+	111	66145843	87387
chr15	66058456	66258456	harbor2	chr15	66146081	66146268	SINE/MIR	633	+	94	66146175	87719
chr15	61863291	62063291	harbor2	chr15	61863164	61863305	SINE/MIR	444	+	70	61863234	57
chr15	61863291	62063291	harbor2	chr15	61876032	61876143	SINE/MIR	422	+	56	61876088	12797
chr15	61863291	62063291	harbor2	chr15	61916964	61917189	SINE/MIR	1132	+	112	61917076	53785
chr15	61863291	62063291	harbor2	chr15	61926894	61927038	SINE/MIR	477	+	72	61926966	63675
chr15	61863291	62063291	harbor2	chr15	61937352	61937467	SINE/MIR	412	+	58	61937410	74119
chr15	61863291	62063291	harbor2	chr15	61937758	61937805	SINE/MIR	412	+	24	61937782	74491
chr15	37339815	37539815	harbor2	chr15	37352285	37352392	SINE/MIR	459	+	54	37352339	12524
chr15	37339815	37539815	harbor2	chr15	37358069	37358276	SINE/MIR	706	+	104	37358173	18358
chr15	37339815	37539815	harbor2	chr15	37374700	37374967	SINE/MIR	814	+	134	37374834	35019
chr15	37339815	37539815	harbor2	chr15	37384478	37384629	SINE/MIR	623	+	76	37384554	44739
chr15	37339815	37539815	harbor2	chr15	37415791	37415986	SINE/MIR	557	+	98	37415889	76074
chr15	37339815	37539815	harbor2	chr15	37416158	37416272	SINE/MIR	476	+	57	37416215	76400
chr15	91466573	91666573	harbor2	chr15	91554231	91554333	SINE/MIR	409	+	51	91554282	87709
chr15	91466573	91666573	harbor2	chr15	91562935	91563163	SINE/MIR	837	+	114	91563049	96476
chr15	43486840	43686840	harbor2	chr15	43490697	43490934	SINE/MIR	689	+	118	43490815	3975
chr15	49430110	49630110	harbor2	chr15	49482625	49482846	SINE/MIR	1006	+	110	49482735	52625
chr15	49430110	49630110	harbor2	chr15	49498197	49498395	SINE/MIR	445	+	99	49498296	68186
chr15	91724690	91924690	harbor2	chr15	91729677	91729877	SINE/MIR	454	+	100	91729777	5087
chr15	91724690	91924690	harbor2	chr15	91748603	91748759	SINE/MIR	622	+	78	91748681	23991
chr15	91724690	91924690	harbor2	chr15	91824362	91824615	SINE/MIR	408	+	126	91824488	99798
chr15	47112285	47312285	harbor2	chr15	47139547	47139780	SINE/MIR	589	+	116	47139663	27378
chr15	47112285	47312285	harbor2	chr15	47153601	47153757	SINE/MIR	573	+	78	47153679	41394
chr15	47112285	47312285	harbor2	chr15	47176101	47176303	SINE/MIR	556	+	101	47176202	63917
chr15	47112285	47312285	harbor2	chr15	47182490	47182678	SINE/MIR	585	+	94	47182584	70299
chr15	47112285	47312285	harbor2	chr15	47193099	47193269	SINE/MIR	642	+	85	47193184	80899
chr15	47112285	47312285	harbor2	chr15	47208056	47208303	SINE/MIR	732	+	124	47208180	95895
chr15	64870675	65070675	harbor2	chr15	64874885	64875083	SINE/MIR	461	+	99	64874984	4309
chr15	64870675	65070675	harbor2	chr15	64878173	64878391	SINE/MIR	463	+	109	64878282	7607
chr15	64870675	65070675	harbor2	chr15	64887699	64887932	SINE/MIR	668	+	116	64887815	17140
chr15	64870675	65070675	harbor2	chr15	64891034	64891153	SINE/MIR	444	+	60	64891094	20419
chr15	64870675	65070675	harbor2	chr15	64891507	64891645	SINE/MIR	409	+	69	64891576	20901
chr15	64870675	65070675	harbor2	chr15	64896772	64896926	SINE/MIR	414	+	77	64896849	26174
chr15	64870675	65070675	harbor2	chr15	64902070	64902206	SINE/MIR	662	+	68	64902138	31463
chr15	64870675	65070675	harbor2	chr15	64906243	64906417	SINE/MIR	438	+	87	64906330	35655
chr15	64870675	65070675	harbor2	chr15	64931677	64931873	SINE/MIR	585	+	98	64931775	61100
chr15	64870675	65070675	harbor2	chr15	64941981	64942113	SINE/MIR	453	+	66	64942047	71372
chr15	65809653	66009653	harbor2	chr15	65824397	65824606	SINE/MIR	491	+	104	65824501	14848
chr15	65809653	66009653	harbor2	chr15	65871682	65871886	SINE/MIR	573	+	102	65871784	62131
chr15	65809653	66009653	harbor2	chr15	65880696	65880808	SINE/MIR	482	+	56	65880752	71099
chr15	83186874	83386874	harbor2	chr15	83211423	83211500	SINE/MIR	414	+	38	83211461	24587
chr15	83186874	83386874	harbor2	chr15	83265689	83265854	SINE/MIR	460	+	82	83265771	78897
chr15	50873935	51073935	harbor2	chr15	50879087	50879291	SINE/MIR	580	+	102	50879189	5254
chr15	50873935	51073935	harbor2	chr15	50922672	50922768	SINE/MIR	407	+	48	50922720	48785
chr15	50873935	51073935	harbor2	chr15	50923077	50923199	SINE/MIR	407	+	61	50923138	49203
chr15	86962707	87162707	harbor2	chr15	86972961	86973206	SINE/MIR	466	+	122	86973083	10376
chr15	73165131	73365131	harbor2	chr15	73172209	73172399	SINE/MIR	760	+	95	73172304	7173
chr15	73165131	73365131	harbor2	chr15	73234868	73235045	SINE/MIR	484	+	88	73234956	69825
chr15	73165131	73365131	harbor2	chr15	73247975	73248194	SINE/MIR	587	+	110	73248085	82954
chr15	73165131	73365131	harbor2	chr15	73249769	73249976	SINE/MIR	529	+	104	73249873	84742
chr15	46402636	46602636	harbor2	chr15	46403335	46403465	SINE/MIR	456	+	65	46403400	764
chr15	46402636	46602636	harbor2	chr15	46417736	46417879	SINE/MIR	547	+	72	46417808	15172
chr15	46402636	46602636	harbor2	chr15	46438902	46439091	SINE/MIR	591	+	94	46438996	36360
chr15	46402636	46602636	harbor2	chr15	46443365	46443564	SINE/MIR	450	+	100	46443465	40829
chr15	46402636	46602636	harbor2	chr15	46446195	46446463	SINE/MIR	539	+	134	46446329	43693
chr15	46402636	46602636	harbor2	chr15	46469591	46469828	SINE/MIR	670	+	118	46469709	67073
chr15	72399976	72599976	harbor2	chr15	72455106	72455258	SINE/MIR	531	+	76	72455182	55206
chr15	72399976	72599976	harbor2	chr15	72466489	72466661	SINE/MIR	534	+	86	72466575	66599
chr15	72399976	72599976	harbor2	chr15	72466969	72467020	SINE/MIR	534	+	26	72466995	67019
chr15	82760015	82960015	harbor2	chr15	82803810	82804043	SINE/MIR	469	+	116	82803926	43911
chr15	82760015	82960015	harbor2	chr15	82825539	82825648	SINE/MIR	480	+	54	82825593	65578
chr15	82760015	82960015	harbor2	chr15	82856934	82857007	SINE/MIR	412	+	36	82856970	96955
chr15	72771118	72971118	harbor2	chr15	72771391	72771626	SINE/MIR	627	+	118	72771509	391
chr15	72771118	72971118	harbor2	chr15	72775435	72775590	SINE/MIR	646	+	78	72775513	4395
chr15	72771118	72971118	harbor2	chr15	72787520	72787711	SINE/MIR	642	+	96	72787616	16498
chr15	72771118	72971118	harbor2	chr15	72801100	72801296	SINE/MIR	587	+	98	72801198	30080
chr15	72771118	72971118	harbor2	chr15	72834517	72834677	SINE/MIR	407	+	80	72834597	63479
chr15	74879453	75079453	harbor2	chr15	74909034	74909208	SINE/MIR	549	+	87	74909121	29668
chr15	74879453	75079453	harbor2	chr15	74931971	74932174	SINE/MIR	429	+	102	74932073	52620
chr15	74879453	75079453	harbor2	chr15	74960120	74960272	SINE/MIR	493	+	76	74960196	80743
chr15	74879453	75079453	harbor2	chr15	74964176	74964337	SINE/MIR	736	+	80	74964256	84803
chr15	75694448	75894448	harbor2	chr15	75714101	75714316	SINE/MIR	752	+	108	75714209	19761
chr15	75694448	75894448	harbor2	chr15	75724718	75724890	SINE/MIR	415	+	86	75724804	30356
chr15	75694448	75894448	harbor2	chr15	75741371	75741513	SINE/MIR	620	+	71	75741442	46994
chr15	75694448	75894448	harbor2	chr15	75743770	75743809	SINE/MIR	620	+	20	75743790	49342
chr15	75694448	75894448	harbor2	chr15	75777517	75777699	SINE/MIR	417	+	91	75777608	83160
chr15	75694448	75894448	harbor2	chr15	75781622	75781844	SINE/MIR	581	+	111	75781733	87285
chr15	90341848	90541848	harbor2	chr15	90367984	90368159	SINE/MIR	682	+	88	90368072	26224
chr15	90341848	90541848	harbor2	chr15	90376575	90376811	SINE/MIR	640	+	118	90376693	34845
chr15	90341848	90541848	harbor2	chr15	90377303	90377512	SINE/MIR	806	+	104	90377407	35559
chr15	90341848	90541848	harbor2	chr15	90383506	90383687	SINE/MIR	543	+	90	90383596	41748
chr15	90341848	90541848	harbor2	chr15	90390195	90390425	SINE/MIR	703	+	115	90390310	48462
chr15	90341848	90541848	harbor2	chr15	90419160	90419347	SINE/MIR	476	+	94	90419254	77406
chr15	79788996	79988996	harbor2	chr15	79803629	79803745	SINE/MIR	503	+	58	79803687	14691
chr15	79788996	79988996	harbor2	chr15	79804035	79804167	SINE/MIR	503	+	66	79804101	15105
chr15	79788996	79988996	harbor2	chr15	79858422	79858579	SINE/MIR	483	+	78	79858500	69504
chr15	79788996	79988996	harbor2	chr15	79873188	79873435	SINE/MIR	715	+	124	79873312	84316
chr15	32606916	32806916	harbor2	chr15	32617807	32617988	SINE/MIR	431	+	90	32617897	10981
chr15	32606916	32806916	harbor2	chr15	32647014	32647132	SINE/MIR	416	+	59	32647073	40157
chr15	32606916	32806916	harbor2	chr15	32656929	32657170	SINE/MIR	649	+	120	32657049	50133
chr15	32606916	32806916	harbor2	chr15	32680874	32681095	SINE/MIR	720	+	110	32680984	74068
chr15	32606916	32806916	harbor2	chr15	32702922	32703096	SINE/MIR	455	+	87	32703009	96093
chr15	80548489	80748489	harbor2	chr15	80562340	80562532	SINE/MIR	424	+	96	80562436	13947
chr15	80548489	80748489	harbor2	chr15	80565909	80566068	SINE/MIR	438	+	80	80565989	17500
chr15	80548489	80748489	harbor2	chr15	80571791	80571982	SINE/MIR	508	+	96	80571887	23398
chr15	80548489	80748489	harbor2	chr15	80573610	80573782	SINE/MIR	580	+	86	80573696	25207
chr15	80548489	80748489	harbor2	chr15	80639440	80639645	SINE/MIR	734	+	102	80639542	91053
chr15	80548489	80748489	harbor2	chr15	80642597	80642791	SINE/MIR	412	+	97	80642694	94205
chr15	83873308	84073308	harbor2	chr15	83900152	83900314	SINE/MIR	427	+	81	83900233	26925
chr15	83873308	84073308	harbor2	chr15	83906447	83906555	SINE/MIR	409	+	54	83906501	33193
chr15	83873308	84073308	harbor2	chr15	83908226	83908403	SINE/MIR	513	+	88	83908314	35006
chr15	83873308	84073308	harbor2	chr15	83923147	83923318	SINE/MIR	409	+	86	83923233	49925
chr15	91016288	91216288	harbor2	chr15	91055563	91055791	SINE/MIR	495	+	114	91055677	39389
chr15	91016288	91216288	harbor2	chr15	91102317	91102506	SINE/MIR	433	+	94	91102411	86123
chr15	89623825	89823825	harbor2	chr15	89667303	89667457	SINE/MIR	592	+	77	89667380	43555
chr15	89623825	89823825	harbor2	chr15	89689170	89689380	SINE/MIR	631	+	105	89689275	65450
chr15	101215872	101415872	harbor2	chr15	101239421	101239595	SINE/MIR	428	+	87	101239508	23636
chr15	74000853	74200853	harbor2	chr15	74021085	74021270	SINE/MIR	845	+	92	74021177	20324
chr15	74000853	74200853	harbor2	chr15	74047530	74047758	SINE/MIR	482	+	114	74047644	46791
chr15	59188238	59388238	harbor2	chr15	59216210	59216449	SINE/MIR	600	+	120	59216330	28092
chr15	59188238	59388238	harbor2	chr15	59259845	59260029	SINE/MIR	425	+	92	59259937	71699
chr15	59188238	59388238	harbor2	chr15	59272561	59272796	SINE/MIR	430	+	118	59272679	84441
chr15	53241676	53441676	harbor2	chr15	53246285	53246452	SINE/MIR	408	+	84	53246369	4693
chr15	53241676	53441676	harbor2	chr15	53249458	53249675	SINE/MIR	556	+	108	53249566	7890
chr15	53241676	53441676	harbor2	chr15	53251224	53251408	SINE/MIR	464	+	92	53251316	9640
chr15	53241676	53441676	harbor2	chr15	53255282	53255526	SINE/MIR	705	+	122	53255404	13728
chr15	53241676	53441676	harbor2	chr15	53256429	53256621	SINE/MIR	449	+	96	53256525	14849
chr15	53241676	53441676	harbor2	chr15	53259143	53259379	SINE/MIR	430	+	118	53259261	17585
chr15	53241676	53441676	harbor2	chr15	53263682	53263855	SINE/MIR	515	+	86	53263768	22092
chr15	53241676	53441676	harbor2	chr15	53284295	53284537	SINE/MIR	996	+	121	53284416	42740
chr15	53241676	53441676	harbor2	chr15	53290442	53290617	SINE/MIR	508	+	88	53290530	48854
chr15	53241676	53441676	harbor2	chr15	53291401	53291551	SINE/MIR	436	+	75	53291476	49800
chr15	53241676	53441676	harbor2	chr15	53303499	53303600	SINE/MIR	423	+	50	53303549	61873
chr15	53241676	53441676	harbor2	chr15	53331059	53331286	SINE/MIR	562	+	114	53331173	89497
chr15	64792502	64992502	harbor2	chr15	64818408	64818627	SINE/MIR	467	+	110	64818518	26016
chr15	64792502	64992502	harbor2	chr15	64839057	64839219	SINE/MIR	497	+	81	64839138	46636
chr15	64792502	64992502	harbor2	chr15	64848175	64848412	SINE/MIR	503	+	118	64848293	55791
chr15	64792502	64992502	harbor2	chr15	64853698	64853909	SINE/MIR	490	+	106	64853804	61302
chr15	64792502	64992502	harbor2	chr15	64874885	64875083	SINE/MIR	461	+	99	64874984	82482
chr15	64792502	64992502	harbor2	chr15	64878173	64878391	SINE/MIR	463	+	109	64878282	85780
chr15	64792502	64992502	harbor2	chr15	64887699	64887932	SINE/MIR	668	+	116	64887815	95313
chr15	64792502	64992502	harbor2	chr15	64891034	64891153	SINE/MIR	444	+	60	64891094	98592
chr15	64792502	64992502	harbor2	chr15	64891507	64891645	SINE/MIR	409	+	69	64891576	99074
chr15	49478674	49678674	harbor2	chr15	49482625	49482846	SINE/MIR	1006	+	110	49482735	4061
chr15	49478674	49678674	harbor2	chr15	49498197	49498395	SINE/MIR	445	+	99	49498296	19622
chr15	49478674	49678674	harbor2	chr15	49568447	49568690	SINE/MIR	577	+	122	49568569	89895
chr15	101001079	101201079	harbor2	chr15	101099562	101099792	SINE/MIR	480	+	115	101099677	98598
chr15	100818455	101018455	harbor2	chr15	100835789	100835963	SINE/MIR	495	+	87	100835876	17421
chr15	100818455	101018455	harbor2	chr15	100842319	100842520	SINE/MIR	562	+	100	100842419	23964
chr15	100818455	101018455	harbor2	chr15	100888615	100888853	SINE/MIR	770	+	119	100888734	70279
chr15	85094668	85294668	harbor2	chr15	85109909	85110139	SINE/MIR	424	+	115	85110024	15356
chr15	85094668	85294668	harbor2	chr15	85125466	85125704	SINE/MIR	490	+	119	85125585	30917
chr15	100617304	100817304	harbor2	chr15	100631628	100631812	SINE/MIR	727	+	92	100631720	14416
chr15	100617304	100817304	harbor2	chr15	100647274	100647433	SINE/MIR	507	+	80	100647354	30050
chr15	100034651	100234651	harbor2	chr15	100127501	100127571	SINE/MIR	421	+	35	100127536	92885
chr15	100034651	100234651	harbor2	chr15	100127882	100127998	SINE/MIR	421	+	58	100127940	93289
chr15	56904795	57104795	harbor2	chr15	56926699	56926904	SINE/MIR	845	+	102	56926801	22006
chr15	56904795	57104795	harbor2	chr15	56928057	56928304	SINE/MIR	750	+	124	56928181	23386
chr15	56904795	57104795	harbor2	chr15	56933468	56933719	SINE/MIR	440	+	126	56933594	28799
chr15	70152281	70352281	harbor2	chr15	70160181	70160333	SINE/MIR	455	+	76	70160257	7976
chr15	70152281	70352281	harbor2	chr15	70160610	70160790	SINE/MIR	842	+	90	70160700	8419
chr15	70152281	70352281	harbor2	chr15	70163271	70163453	SINE/MIR	493	+	91	70163362	11081
chr15	70152281	70352281	harbor2	chr15	70164810	70164997	SINE/MIR	659	+	94	70164904	12623
chr15	70152281	70352281	harbor2	chr15	70171601	70171830	SINE/MIR	748	+	114	70171715	19434
chr15	70152281	70352281	harbor2	chr15	70178404	70178589	SINE/MIR	622	+	92	70178496	26215
chr15	70152281	70352281	harbor2	chr15	70179070	70179291	SINE/MIR	617	+	110	70179180	26899
chr15	70152281	70352281	harbor2	chr15	70188094	70188261	SINE/MIR	511	+	84	70188178	35897
chr15	70152281	70352281	harbor2	chr15	70188501	70188770	SINE/MIR	683	+	134	70188635	36354
chr15	70152281	70352281	harbor2	chr15	70200040	70200149	SINE/MIR	452	+	54	70200094	47813
chr15	70152281	70352281	harbor2	chr15	70200275	70200500	SINE/MIR	546	+	112	70200387	48106
chr15	70152281	70352281	harbor2	chr15	70207322	70207527	SINE/MIR	732	+	102	70207424	55143
chr15	70152281	70352281	harbor2	chr15	70207708	70207737	SINE/MIR	682	+	14	70207722	55441
chr15	70152281	70352281	harbor2	chr15	70216481	70216713	SINE/MIR	649	+	116	70216597	64316
chr15	70152281	70352281	harbor2	chr15	70221232	70221430	SINE/MIR	580	+	99	70221331	69050
chr15	70152281	70352281	harbor2	chr15	70238750	70238920	SINE/MIR	591	+	85	70238835	86554
chr15	70152281	70352281	harbor2	chr15	70239576	70239771	SINE/MIR	517	+	98	70239674	87393
chr15	70152281	70352281	harbor2	chr15	70240078	70240102	SINE/MIR	517	+	12	70240090	87809
chr15	70152281	70352281	harbor2	chr15	70246698	70246787	SINE/MIR	422	+	44	70246742	94461
chr15	34302930	34502930	harbor2	chr15	34308908	34309141	SINE/MIR	527	+	116	34309024	6094
chr15	34302930	34502930	harbor2	chr15	34326974	34327104	SINE/MIR	492	+	65	34327039	24109
chr15	34302930	34502930	harbor2	chr15	34332895	34333016	SINE/MIR	498	+	60	34332955	30025
chr15	34302930	34502930	harbor2	chr15	34349242	34349429	SINE/MIR	744	+	94	34349336	46406
chr15	34302930	34502930	harbor2	chr15	34398249	34398404	SINE/MIR	573	+	78	34398327	95397
chr15	46579099	46779099	harbor2	chr15	46581502	46581707	SINE/MIR	552	+	102	46581604	2505
chr15	46579099	46779099	harbor2	chr15	46672730	46672889	SINE/MIR	455	+	80	46672810	93711
chr15	94336859	94536859	harbor2	chr15	94343643	94343865	SINE/MIR	613	+	111	94343754	6895
chr15	94336859	94536859	harbor2	chr15	94394131	94394366	SINE/MIR	481	+	118	94394249	57390
chr15	94336859	94536859	harbor2	chr15	94399362	94399562	SINE/MIR	438	+	100	94399462	62603
chr15	96687571	96887571	harbor2	chr15	96710180	96710450	SINE/MIR	460	+	135	96710315	22744
chr15	96687571	96887571	harbor2	chr15	96717077	96717256	SINE/MIR	452	+	90	96717167	29596
chr15	96687571	96887571	harbor2	chr15	96719918	96720031	SINE/MIR	419	+	56	96719974	32403
chr15	96687571	96887571	harbor2	chr15	96734465	96734651	SINE/MIR	617	+	93	96734558	46987
chr15	53117023	53317023	harbor2	chr15	53125017	53125230	SINE/MIR	842	+	106	53125123	8100
chr15	53117023	53317023	harbor2	chr15	53125796	53126039	SINE/MIR	659	+	122	53125918	8895
chr15	53117023	53317023	harbor2	chr15	53130432	53130567	SINE/MIR	473	+	68	53130500	13477
chr15	53117023	53317023	harbor2	chr15	53191412	53191638	SINE/MIR	618	+	113	53191525	74502
chr15	53117023	53317023	harbor2	chr15	53197974	53198122	SINE/MIR	418	+	74	53198048	81025
chr15	53117023	53317023	harbor2	chr15	53201993	53202234	SINE/MIR	708	+	120	53202113	85090
chr15	96913477	97113477	harbor2	chr15	96955061	96955245	SINE/MIR	541	+	92	96955153	41676
chr15	96913477	97113477	harbor2	chr15	96960253	96960489	SINE/MIR	526	+	118	96960371	46894
chr15	33092032	33292032	harbor2	chr15	33094091	33094244	SINE/MIR	460	+	76	33094167	2135
chr15	33092032	33292032	harbor2	chr15	33103226	33103454	SINE/MIR	874	+	114	33103340	11308
chr15	33092032	33292032	harbor2	chr15	33130843	33131044	SINE/MIR	617	+	100	33130943	38911
chr15	33092032	33292032	harbor2	chr15	33137845	33138074	SINE/MIR	605	+	114	33137959	45927
chr15	33092032	33292032	harbor2	chr15	33177411	33177513	SINE/MIR	517	+	51	33177462	85430
chr15	33092032	33292032	harbor2	chr15	33183182	33183338	SINE/MIR	553	+	78	33183260	91228
chr15	33092032	33292032	harbor2	chr15	33188777	33188923	SINE/MIR	546	+	73	33188850	96818
chr15	38845904	39045904	harbor2	chr15	38873914	38874141	SINE/MIR	425	+	114	38874028	28124
chr15	38845904	39045904	harbor2	chr15	38898944	38899085	SINE/MIR	406	+	70	38899014	53110
chr15	38845904	39045904	harbor2	chr15	38903228	38903419	SINE/MIR	497	+	96	38903324	57420
chr15	35814653	36014653	harbor2	chr15	35886242	35886462	SINE/MIR	552	+	110	35886352	71699
chr15	100141767	100341767	harbor2	chr15	100151884	100152114	SINE/MIR	446	+	115	100151999	10232
chr15	100141767	100341767	harbor2	chr15	100185100	100185297	SINE/MIR	746	+	98	100185198	43431
chr15	100141767	100341767	harbor2	chr15	100216017	100216239	SINE/MIR	487	+	111	100216128	74361
chr15	100141767	100341767	harbor2	chr15	100239122	100239276	SINE/MIR	577	+	77	100239199	97432
chr15	61523963	61723963	harbor2	chr15	61560607	61560838	SINE/MIR	534	+	116	61560723	36760
chr15	61523963	61723963	harbor2	chr15	61569852	61570063	SINE/MIR	501	+	106	61569958	45995
chr15	61523963	61723963	harbor2	chr15	61582318	61582509	SINE/MIR	551	+	96	61582414	58451
chr15	61523963	61723963	harbor2	chr15	61605927	61606006	SINE/MIR	446	+	40	61605967	82004
chr15	61523963	61723963	harbor2	chr15	61611850	61612053	SINE/MIR	438	+	102	61611952	87989
chr15	61523963	61723963	harbor2	chr15	61612149	61612278	SINE/MIR	595	+	64	61612213	88250
chr15	61523963	61723963	harbor2	chr15	61612718	61612917	SINE/MIR	508	+	100	61612818	88855
chr15	46828330	47028330	harbor2	chr15	46891594	46891830	SINE/MIR	418	+	118	46891712	63382
chr15	46828330	47028330	harbor2	chr15	46892113	46892311	SINE/MIR	623	+	99	46892212	63882
chr15	46828330	47028330	harbor2	chr15	46917872	46918111	SINE/MIR	477	+	120	46917992	89662
chr15	46828330	47028330	harbor2	chr15	46919641	46919872	SINE/MIR	683	+	116	46919757	91427
chr15	42590564	42790564	harbor2	chr15	42592897	42593069	SINE/MIR	624	+	86	42592983	2419
chr15	42590564	42790564	harbor2	chr15	42613458	42613635	SINE/MIR	684	+	88	42613546	22982
chr15	42590564	42790564	harbor2	chr15	42673443	42673691	SINE/MIR	723	+	124	42673567	83003
chr15	42590564	42790564	harbor2	chr15	42675141	42675325	SINE/MIR	497	+	92	42675233	84669
chr15	42590564	42790564	harbor2	chr15	42677621	42677807	SINE/MIR	450	+	93	42677714	87150
chr15	70354617	70554617	harbor2	chr15	70355249	70355441	SINE/MIR	597	+	96	70355345	728
chr15	70354617	70554617	harbor2	chr15	70381086	70381261	SINE/MIR	430	+	88	70381174	26557
chr15	70354617	70554617	harbor2	chr15	70381288	70381466	SINE/MIR	414	+	89	70381377	26760
chr15	70354617	70554617	harbor2	chr15	70384535	70384625	SINE/MIR	455	+	45	70384580	29963
chr15	70354617	70554617	harbor2	chr15	70413647	70413871	SINE/MIR	487	+	112	70413759	59142
chr15	70354617	70554617	harbor2	chr15	70418119	70418312	SINE/MIR	546	+	96	70418215	63598
chr15	70354617	70554617	harbor2	chr15	70423374	70423541	SINE/MIR	548	+	84	70423458	68841
chr15	70354617	70554617	harbor2	chr15	70434404	70434520	SINE/MIR	411	+	58	70434462	79845
chr15	70354617	70554617	harbor2	chr15	70444363	70444517	SINE/MIR	571	+	77	70444440	89823
chr15	70354617	70554617	harbor2	chr15	70446821	70446989	SINE/MIR	478	+	84	70446905	92288
chr15	70354617	70554617	harbor2	chr15	70451872	70452091	SINE/MIR	436	+	110	70451982	97365
chr15	44130173	44330173	harbor2	chr15	44180089	44180300	SINE/MIR	623	+	106	44180195	50022
chr15	44130173	44330173	harbor2	chr15	44204479	44204631	SINE/MIR	561	+	76	44204555	74382
chr15	44130173	44330173	harbor2	chr15	44209316	44209502	SINE/MIR	470	+	93	44209409	79236
chr15	71015917	71215917	harbor2	chr15	71051189	71051319	SINE/MIR	479	+	65	71051254	35337
chr15	91506756	91706756	harbor2	chr15	91554231	91554333	SINE/MIR	409	+	51	91554282	47526
chr15	91506756	91706756	harbor2	chr15	91562935	91563163	SINE/MIR	837	+	114	91563049	56293
chr15	91506756	91706756	harbor2	chr15	91567789	91567981	SINE/MIR	506	+	96	91567885	61129
chr15	46959514	47159514	harbor2	chr15	47039998	47040211	SINE/MIR	514	+	106	47040104	80590
chr15	89008472	89208472	harbor2	chr15	89056716	89056835	SINE/MIR	460	+	60	89056776	48304
chr15	89008472	89208472	harbor2	chr15	89077478	89077718	SINE/MIR	729	+	120	89077598	69126
chr15	89008472	89208472	harbor2	chr15	89090149	89090401	SINE/MIR	1272	+	126	89090275	81803
chr15	78152046	78352046	harbor2	chr15	78154431	78154576	SINE/MIR	461	+	72	78154503	2457
chr15	78152046	78352046	harbor2	chr15	78178039	78178183	SINE/MIR	617	+	72	78178111	26065
chr15	78152046	78352046	harbor2	chr15	78205535	78205690	SINE/MIR	501	+	78	78205613	53567
chr15	78152046	78352046	harbor2	chr15	78242607	78242766	SINE/MIR	508	+	80	78242687	90641
chr15	78152046	78352046	harbor2	chr15	78243069	78243086	SINE/MIR	508	+	8	78243077	91031
chr15	67739019	67939019	harbor2	chr15	67747039	67747276	SINE/MIR	434	+	118	67747157	8138
chr15	67739019	67939019	harbor2	chr15	67785830	67786095	SINE/MIR	429	+	132	67785962	46943
chr15	67739019	67939019	harbor2	chr15	67786701	67786858	SINE/MIR	430	+	78	67786779	47760
chr15	67739019	67939019	harbor2	chr15	67814708	67814841	SINE/MIR	673	+	66	67814774	75755
chr15	67739019	67939019	harbor2	chr15	67815297	67815531	SINE/MIR	864	+	117	67815414	76395
chr15	67739019	67939019	harbor2	chr15	67837685	67837895	SINE/MIR	989	+	105	67837790	98771
chr15	42940846	43140846	harbor2	chr15	42980354	42980572	SINE/MIR	683	+	109	42980463	39617
chr15	42940846	43140846	harbor2	chr15	42990765	42990895	SINE/MIR	542	+	65	42990830	49984
chr15	42940846	43140846	harbor2	chr15	43000545	43000746	SINE/MIR	550	+	100	43000645	59799
chr15	42940846	43140846	harbor2	chr15	43006129	43006350	SINE/MIR	1025	+	110	43006239	65393
chr15	28783766	28983766	harbor2	chr15	28793091	28793292	SINE/MIR	655	+	100	28793191	9425
chr15	28783766	28983766	harbor2	chr15	28814888	28815139	SINE/MIR	779	+	126	28815014	31248
chr15	28783766	28983766	harbor2	chr15	28830031	28830227	SINE/MIR	590	+	98	28830129	46363
chr15	93250665	93450665	harbor2	chr15	93272058	93272227	SINE/MIR	432	+	84	93272142	21477
chr15	93250665	93450665	harbor2	chr15	93274323	93274549	SINE/MIR	597	+	113	93274436	23771
chr15	93250665	93450665	harbor2	chr15	93287589	93287785	SINE/MIR	535	+	98	93287687	37022
chr15	93250665	93450665	harbor2	chr15	93300043	93300314	SINE/MIR	703	+	136	93300179	49514
chr15	93250665	93450665	harbor2	chr15	93323030	93323201	SINE/MIR	605	+	86	93323116	72451
chr15	93250665	93450665	harbor2	chr15	93349661	93349887	SINE/MIR	414	+	113	93349774	99109
chr15	71615979	71815979	harbor2	chr15	71631903	71632127	SINE/MIR	693	+	112	71632015	16036
chr15	71615979	71815979	harbor2	chr15	71642969	71643171	SINE/MIR	522	+	101	71643070	27091
chr15	71615979	71815979	harbor2	chr15	71648056	71648247	SINE/MIR	426	+	96	71648152	32173
chr15	71615979	71815979	harbor2	chr15	71674294	71674437	SINE/MIR	406	+	72	71674366	58387
chr15	71615979	71815979	harbor2	chr15	71680697	71680908	SINE/MIR	773	+	106	71680803	64824
chr15	71615979	71815979	harbor2	chr15	71695756	71695910	SINE/MIR	699	+	77	71695833	79854
chr15	44480594	44680594	harbor2	chr15	44518657	44518807	SINE/MIR	635	+	75	44518732	38138
chr15	44480594	44680594	harbor2	chr15	44560530	44560685	SINE/MIR	481	+	78	44560608	80014
chr15	60089029	60289029	harbor2	chr15	60100012	60100246	SINE/MIR	637	+	117	60100129	11100
chr15	60089029	60289029	harbor2	chr15	60121166	60121414	SINE/MIR	706	+	124	60121290	32261
chr15	60089029	60289029	harbor2	chr15	60136357	60136557	SINE/MIR	441	+	100	60136457	47428
chr15	60089029	60289029	harbor2	chr15	60152167	60152361	SINE/MIR	577	+	97	60152264	63235
chr15	60089029	60289029	harbor2	chr15	60152434	60152600	SINE/MIR	465	+	83	60152517	63488
chr15	60089029	60289029	harbor2	chr15	60156638	60156836	SINE/MIR	474	+	99	60156737	67708
chr15	99543281	99743281	harbor2	chr15	99564784	99564974	SINE/MIR	440	+	95	99564879	21598
chr15	99543281	99743281	harbor2	chr15	99595075	99595263	SINE/MIR	513	+	94	99595169	51888
chr15	99543281	99743281	harbor2	chr15	99614031	99614224	SINE/MIR	481	+	96	99614127	70846
chr15	99543281	99743281	harbor2	chr15	99619326	99619526	SINE/MIR	428	+	100	99619426	76145
chr15	99543281	99743281	harbor2	chr15	99632486	99632719	SINE/MIR	850	+	116	99632602	89321
chr15	91847856	92047856	harbor2	chr15	91851607	91851852	SINE/MIR	850	+	122	91851729	3873
chr15	91847856	92047856	harbor2	chr15	91859570	91859793	SINE/MIR	797	+	112	91859682	11826
chr15	91847856	92047856	harbor2	chr15	91860254	91860482	SINE/MIR	575	+	114	91860368	12512
chr15	91847856	92047856	harbor2	chr15	91868575	91868787	SINE/MIR	447	+	106	91868681	20825
chr15	91847856	92047856	harbor2	chr15	91887758	91887965	SINE/MIR	537	+	104	91887862	40006
chr15	91847856	92047856	harbor2	chr15	91892739	91892940	SINE/MIR	589	+	100	91892839	44983
chr15	91847856	92047856	harbor2	chr15	91896920	91897094	SINE/MIR	423	+	87	91897007	49151
chr15	91847856	92047856	harbor2	chr15	91902759	91903036	SINE/MIR	706	+	138	91902897	55041
chr15	91847856	92047856	harbor2	chr15	91905984	91906192	SINE/MIR	540	+	104	91906088	58232
chr15	91847856	92047856	harbor2	chr15	91938121	91938308	SINE/MIR	439	+	94	91938215	90359
chr15	91847856	92047856	harbor2	chr15	91944056	91944221	SINE/MIR	534	+	82	91944138	96282
chr15	89282749	89482749	harbor2	chr15	89329431	89329593	SINE/MIR	422	+	81	89329512	46763
chr15	89282749	89482749	harbor2	chr15	89334120	89334365	SINE/MIR	428	+	122	89334242	51493
chr15	89282749	89482749	harbor2	chr15	89346378	89346573	SINE/MIR	462	+	98	89346476	63727
chr15	89282749	89482749	harbor2	chr15	89347933	89348170	SINE/MIR	563	+	118	89348051	65302
chr15	89282749	89482749	harbor2	chr15	89356519	89356749	SINE/MIR	593	+	115	89356634	73885
chr15	89282749	89482749	harbor2	chr15	89376968	89377129	SINE/MIR	484	+	80	89377048	94299
chr15	78036193	78236193	harbor2	chr15	78042337	78042477	SINE/MIR	554	+	70	78042407	6214
chr15	78036193	78236193	harbor2	chr15	78062878	78063098	SINE/MIR	736	+	110	78062988	26795
chr15	78036193	78236193	harbor2	chr15	78079547	78079812	SINE/MIR	996	+	132	78079679	43486
chr15	78036193	78236193	harbor2	chr15	78083888	78084059	SINE/MIR	627	+	86	78083974	47781
chr15	78036193	78236193	harbor2	chr15	78085151	78085339	SINE/MIR	434	+	94	78085245	49052
chr15	78036193	78236193	harbor2	chr15	78095083	78095259	SINE/MIR	742	+	88	78095171	58978
chr15	78036193	78236193	harbor2	chr15	78098766	78098923	SINE/MIR	449	+	78	78098844	62651
chr15	78036193	78236193	harbor2	chr15	78109458	78109626	SINE/MIR	732	+	84	78109542	73349
chr15	78036193	78236193	harbor2	chr15	78126937	78127103	SINE/MIR	454	+	83	78127020	90827
chr15	78036193	78236193	harbor2	chr15	78129793	78129938	SINE/MIR	487	+	72	78129865	93672
chr15	77651376	77851376	harbor2	chr15	77654666	77654884	SINE/MIR	724	+	109	77654775	3399
chr15	77651376	77851376	harbor2	chr15	77666571	77666798	SINE/MIR	722	+	114	77666685	15309
chr15	77651376	77851376	harbor2	chr15	77696375	77696556	SINE/MIR	463	+	90	77696465	45089
chr15	77651376	77851376	harbor2	chr15	77703969	77704129	SINE/MIR	497	+	80	77704049	52673
chr15	77651376	77851376	harbor2	chr15	77705948	77706097	SINE/MIR	463	+	74	77706022	54646
chr15	77651376	77851376	harbor2	chr15	77722421	77722590	SINE/MIR	724	+	84	77722505	71129
chr15	77651376	77851376	harbor2	chr15	77724577	77724690	SINE/MIR	448	+	56	77724633	73257
chr15	77651376	77851376	harbor2	chr15	77728689	77728924	SINE/MIR	756	+	118	77728807	77431
chr15	77651376	77851376	harbor2	chr15	77748340	77748491	SINE/MIR	587	+	76	77748416	97040
chr15	94180151	94380151	harbor2	chr15	94200142	94200335	SINE/MIR	410	+	96	94200238	20087
chr15	94180151	94380151	harbor2	chr15	94242163	94242381	SINE/MIR	590	+	109	94242272	62121
chr15	94180151	94380151	harbor2	chr15	94246232	94246450	SINE/MIR	665	+	109	94246341	66190
chr15	94180151	94380151	harbor2	chr15	94264168	94264326	SINE/MIR	463	+	79	94264247	84096
chr15	94180151	94380151	harbor2	chr15	94264627	94264723	SINE/MIR	463	+	48	94264675	84524
chr15	54572176	54772176	harbor2	chr15	54580488	54580693	SINE/MIR	612	+	102	54580590	8414
chr15	54572176	54772176	harbor2	chr15	54588312	54588498	SINE/MIR	797	+	93	54588405	16229
chr15	54572176	54772176	harbor2	chr15	54634619	54634831	SINE/MIR	575	+	106	54634725	62549
chr15	54572176	54772176	harbor2	chr15	54658327	54658546	SINE/MIR	517	+	110	54658437	86261
chr15	100766367	100966367	harbor2	chr15	100835789	100835963	SINE/MIR	495	+	87	100835876	69509
chr15	100766367	100966367	harbor2	chr15	100842319	100842520	SINE/MIR	562	+	100	100842419	76052
chr15	98776356	98976356	harbor2	chr15	98841273	98841469	SINE/MIR	799	+	98	98841371	65015
chr15	98776356	98976356	harbor2	chr15	98868575	98868819	SINE/MIR	536	+	122	98868697	92341
chr15	46256172	46456172	harbor2	chr15	46280526	46280725	SINE/MIR	547	+	100	46280626	24454
chr15	46256172	46456172	harbor2	chr15	46300138	46300347	SINE/MIR	569	+	104	46300242	44070
chr15	46256172	46456172	harbor2	chr15	46301456	46301678	SINE/MIR	665	+	111	46301567	45395
chr15	46256172	46456172	harbor2	chr15	46318067	46318294	SINE/MIR	691	+	114	46318181	62009
chr15	46256172	46456172	harbor2	chr15	46320774	46320933	SINE/MIR	462	+	80	46320854	64682
chr15	46256172	46456172	harbor2	chr15	46330661	46330919	SINE/MIR	667	+	129	46330790	74618
chr15	100133680	100333680	harbor2	chr15	100151884	100152114	SINE/MIR	446	+	115	100151999	18319
chr15	100133680	100333680	harbor2	chr15	100185100	100185297	SINE/MIR	746	+	98	100185198	51518
chr15	100133680	100333680	harbor2	chr15	100216017	100216239	SINE/MIR	487	+	111	100216128	82448
chr15	89165022	89365022	harbor2	chr15	89177165	89177279	SINE/MIR	476	+	57	89177222	12200
chr15	89165022	89365022	harbor2	chr15	89211361	89211508	SINE/MIR	507	+	74	89211435	46413
chr15	89165022	89365022	harbor2	chr15	89220227	89220416	SINE/MIR	798	+	94	89220321	55299
chr15	89165022	89365022	harbor2	chr15	89244685	89244915	SINE/MIR	543	+	115	89244800	79778
chr15	101267964	101467964	harbor2	chr15	101319027	101319243	SINE/MIR	462	+	108	101319135	51171
chr15	101267964	101467964	harbor2	chr15	101336137	101336349	SINE/MIR	750	+	106	101336243	68279
chr15	75943174	76143174	harbor2	chr15	75944145	75944323	SINE/MIR	512	+	89	75944234	1060
chr15	75943174	76143174	harbor2	chr15	75966284	75966483	SINE/MIR	511	+	100	75966384	23210
chr15	75943174	76143174	harbor2	chr15	76036481	76036732	SINE/MIR	473	+	126	76036607	93433
chr15	62546554	62746554	harbor2	chr15	62611712	62611970	SINE/MIR	591	+	129	62611841	65287
chr15	62546554	62746554	harbor2	chr15	62613014	62613242	SINE/MIR	473	+	114	62613128	66574
chr15	92559666	92759666	harbor2	chr15	92648522	92648674	SINE/MIR	450	+	76	92648598	88932
chr15	92559666	92759666	harbor2	chr15	92654848	92654994	SINE/MIR	454	+	73	92654921	95255
chr15	92008538	92208538	harbor2	chr15	92019200	92019424	SINE/MIR	467	+	112	92019312	10774
chr15	92008538	92208538	harbor2	chr15	92063336	92063516	SINE/MIR	643	+	90	92063426	54888
chr15	92008538	92208538	harbor2	chr15	92066556	92066736	SINE/MIR	585	+	90	92066646	58108
chr15	92008538	92208538	harbor2	chr15	92078661	92078822	SINE/MIR	603	+	80	92078741	70203
chr15	92008538	92208538	harbor2	chr15	92082844	92082993	SINE/MIR	432	+	74	92082918	74380
chr15	92008538	92208538	harbor2	chr15	92098703	92098899	SINE/MIR	431	+	98	92098801	90263
chr15	92008538	92208538	harbor2	chr15	92102824	92103078	SINE/MIR	664	+	127	92102951	94413
chr15	92008538	92208538	harbor2	chr15	92077919	92078086	SINE/MIR	421	+	84	92078003	69465
chr15	38775966	38975966	harbor2	chr15	38811728	38811983	SINE/MIR	735	+	128	38811856	35890
chr15	38775966	38975966	harbor2	chr15	38820771	38820996	SINE/MIR	627	+	112	38820883	44917
chr15	38775966	38975966	harbor2	chr15	38873914	38874141	SINE/MIR	425	+	114	38874028	98062
chr15	87433606	87633606	harbor2	chr15	87478368	87478544	SINE/MIR	514	+	88	87478456	44850
chr15	87433606	87633606	harbor2	chr15	87482799	87483021	SINE/MIR	747	+	111	87482910	49304
chr16	83272094	83472094	harbor2	chr16	83284236	83284484	SINE/MIR	418	+	124	83284360	12266
chr16	83272094	83472094	harbor2	chr16	83305618	83305848	SINE/MIR	561	+	115	83305733	33639
chr16	83272094	83472094	harbor2	chr16	83348652	83348853	SINE/MIR	470	+	100	83348752	76658
chr16	59638626	59838626	harbor2	chr16	59638964	59639074	SINE/MIR	467	+	55	59639019	393
chr16	59638626	59838626	harbor2	chr16	59658544	59658755	SINE/MIR	515	+	106	59658650	20024
chr16	59638626	59838626	harbor2	chr16	59693058	59693245	SINE/MIR	448	+	94	59693152	54526
chr16	59638626	59838626	harbor2	chr16	59699254	59699484	SINE/MIR	458	+	115	59699369	60743
chr16	85305309	85505309	harbor2	chr16	85326221	85326378	SINE/MIR	618	+	78	85326299	20990
chr16	85305309	85505309	harbor2	chr16	85338419	85338583	SINE/MIR	589	+	82	85338501	33192
chr16	85305309	85505309	harbor2	chr16	85340815	85341069	SINE/MIR	687	+	127	85340942	35633
chr16	85305309	85505309	harbor2	chr16	85358910	85359056	SINE/MIR	477	+	73	85358983	53674
chr16	85305309	85505309	harbor2	chr16	85377452	85377617	SINE/MIR	423	+	82	85377534	72225
chr16	85310590	85510590	harbor2	chr16	85326221	85326378	SINE/MIR	618	+	78	85326299	15709
chr16	85310590	85510590	harbor2	chr16	85338419	85338583	SINE/MIR	589	+	82	85338501	27911
chr16	85310590	85510590	harbor2	chr16	85340815	85341069	SINE/MIR	687	+	127	85340942	30352
chr16	85310590	85510590	harbor2	chr16	85358910	85359056	SINE/MIR	477	+	73	85358983	48393
chr16	85310590	85510590	harbor2	chr16	85377452	85377617	SINE/MIR	423	+	82	85377534	66944
chr16	87814657	88014657	harbor2	chr16	87908189	87908325	SINE/MIR	548	+	68	87908257	93600
chr16	87814657	88014657	harbor2	chr16	87909847	87910086	SINE/MIR	529	+	120	87909967	95310
chr16	87814657	88014657	harbor2	chr16	87911749	87911980	SINE/MIR	607	+	116	87911865	97208
chr16	57436404	57636404	harbor2	chr16	57444149	57444356	SINE/MIR	489	+	104	57444253	7849
chr16	57436404	57636404	harbor2	chr16	57464031	57464211	SINE/MIR	521	+	90	57464121	27717
chr16	57436404	57636404	harbor2	chr16	57509221	57509396	SINE/MIR	444	+	88	57509309	72905
chr16	57436404	57636404	harbor2	chr16	57535696	57535818	SINE/MIR	426	+	61	57535757	99353
chr16	69807420	70007420	harbor2	chr16	69845019	69845253	SINE/MIR	796	+	117	69845136	37716
chr16	69807420	70007420	harbor2	chr16	69870039	69870255	SINE/MIR	550	+	108	69870147	62727
chr16	69807420	70007420	harbor2	chr16	69881272	69881421	SINE/MIR	539	+	74	69881346	73926
chr16	69807420	70007420	harbor2	chr16	69885634	69885874	SINE/MIR	552	+	120	69885754	78334
chr16	69807420	70007420	harbor2	chr16	69889414	69889619	SINE/MIR	416	+	102	69889516	82096
chr16	19590965	19790965	harbor2	chr16	19607782	19608002	SINE/MIR	858	+	110	19607892	16927
chr16	19590965	19790965	harbor2	chr16	19618567	19618813	SINE/MIR	470	+	123	19618690	27725
chr16	19590965	19790965	harbor2	chr16	19626332	19626473	SINE/MIR	540	+	70	19626402	35437
chr16	19590965	19790965	harbor2	chr16	19633250	19633471	SINE/MIR	779	+	110	19633360	42395
chr16	19590965	19790965	harbor2	chr16	19656490	19656703	SINE/MIR	490	+	106	19656596	65631
chr16	19590965	19790965	harbor2	chr16	19670320	19670556	SINE/MIR	500	+	118	19670438	79473
chr16	19590965	19790965	harbor2	chr16	19672976	19673158	SINE/MIR	436	+	91	19673067	82102
chr16	19590965	19790965	harbor2	chr16	19680035	19680301	SINE/MIR	546	+	133	19680168	89203
chr16	52206352	52406352	harbor2	chr16	52231798	52231992	SINE/MIR	768	+	97	52231895	25543
chr16	52206352	52406352	harbor2	chr16	52236839	52237041	SINE/MIR	601	+	101	52236940	30588
chr16	52206352	52406352	harbor2	chr16	52272082	52272271	SINE/MIR	652	+	94	52272176	65824
chr16	52206352	52406352	harbor2	chr16	52293818	52294044	SINE/MIR	457	+	113	52293931	87579
chr16	52206352	52406352	harbor2	chr16	52304350	52304526	SINE/MIR	563	+	88	52304438	98086
chr16	63195089	63395089	harbor2	chr16	63228742	63228906	SINE/MIR	558	+	82	63228824	33735
chr16	63195089	63395089	harbor2	chr16	63255069	63255277	SINE/MIR	549	+	104	63255173	60084
chr16	63195089	63395089	harbor2	chr16	63268946	63269193	SINE/MIR	535	+	124	63269070	73981
chr16	63195089	63395089	harbor2	chr16	63275034	63275279	SINE/MIR	628	+	122	63275156	80067
chr16	68870847	69070847	harbor2	chr16	68894956	68895177	SINE/MIR	501	+	110	68895066	24219
chr16	68870847	69070847	harbor2	chr16	68901162	68901292	SINE/MIR	496	+	65	68901227	30380
chr16	68870847	69070847	harbor2	chr16	68918621	68918761	SINE/MIR	534	+	70	68918691	47844
chr16	68870847	69070847	harbor2	chr16	68927175	68927402	SINE/MIR	450	+	114	68927289	56442
chr16	68870847	69070847	harbor2	chr16	68961335	68961535	SINE/MIR	460	+	100	68961435	90588
chr16	86002399	86202399	harbor2	chr16	86014681	86014857	SINE/MIR	450	+	88	86014769	12370
chr16	86002399	86202399	harbor2	chr16	86020096	86020277	SINE/MIR	418	+	90	86020186	17787
chr16	86002399	86202399	harbor2	chr16	86029926	86030035	SINE/MIR	509	+	54	86029980	27581
chr16	86002399	86202399	harbor2	chr16	86030086	86030305	SINE/MIR	804	+	110	86030196	27797
chr16	86002399	86202399	harbor2	chr16	86034949	86035185	SINE/MIR	603	+	118	86035067	32668
chr16	86002399	86202399	harbor2	chr16	86049732	86049844	SINE/MIR	489	+	56	86049788	47389
chr16	86002399	86202399	harbor2	chr16	86051132	86051317	SINE/MIR	443	+	92	86051224	48825
chr16	86002399	86202399	harbor2	chr16	86073430	86073587	SINE/MIR	435	+	78	86073508	71109
chr16	86002399	86202399	harbor2	chr16	86077386	86077568	SINE/MIR	874	+	91	86077477	75078
chr16	86002399	86202399	harbor2	chr16	86094642	86094829	SINE/MIR	564	+	94	86094736	92337
chr16	86002399	86202399	harbor2	chr16	86098848	86098958	SINE/MIR	418	+	55	86098903	96504
chr16	51915158	52115158	harbor2	chr16	51915177	51915402	SINE/MIR	467	+	112	51915289	131
chr16	51915158	52115158	harbor2	chr16	51930530	51930760	SINE/MIR	449	+	115	51930645	15487
chr16	51915158	52115158	harbor2	chr16	51943096	51943333	SINE/MIR	653	+	118	51943214	28056
chr16	51915158	52115158	harbor2	chr16	51951148	51951368	SINE/MIR	425	+	110	51951258	36100
chr16	51915158	52115158	harbor2	chr16	51953138	51953398	SINE/MIR	441	+	130	51953268	38110
chr16	51915158	52115158	harbor2	chr16	51954698	51954849	SINE/MIR	642	+	76	51954774	39616
chr16	51915158	52115158	harbor2	chr16	51955113	51955210	SINE/MIR	642	+	48	51955161	40003
chr16	86209934	86409934	harbor2	chr16	86215240	86215506	SINE/MIR	591	+	133	86215373	5439
chr16	86209934	86409934	harbor2	chr16	86216834	86217047	SINE/MIR	554	+	106	86216940	7006
chr16	86209934	86409934	harbor2	chr16	86221678	86221860	SINE/MIR	706	+	91	86221769	11835
chr16	86209934	86409934	harbor2	chr16	86222681	86222924	SINE/MIR	471	+	122	86222803	12869
chr16	86209934	86409934	harbor2	chr16	86229640	86229863	SINE/MIR	603	+	112	86229752	19818
chr16	86209934	86409934	harbor2	chr16	86273048	86273265	SINE/MIR	626	+	108	86273156	63222
chr16	86209934	86409934	harbor2	chr16	86282207	86282420	SINE/MIR	595	+	106	86282313	72379
chr16	86209934	86409934	harbor2	chr16	86284816	86284946	SINE/MIR	472	+	65	86284881	74947
chr16	86209934	86409934	harbor2	chr16	86299373	86299618	SINE/MIR	570	+	122	86299495	89561
chr16	86209934	86409934	harbor2	chr16	86306402	86306571	SINE/MIR	585	+	84	86306486	96552
chr16	58303778	58503778	harbor2	chr16	58366764	58366861	SINE/MIR	560	+	48	58366812	63034
chr16	58303778	58503778	harbor2	chr16	58367229	58367358	SINE/MIR	560	+	64	58367293	63515
chr16	68926297	69126297	harbor2	chr16	68927175	68927402	SINE/MIR	450	+	114	68927289	992
chr16	68926297	69126297	harbor2	chr16	68961335	68961535	SINE/MIR	460	+	100	68961435	35138
chr16	68926297	69126297	harbor2	chr16	68992294	68992508	SINE/MIR	653	+	107	68992401	66104
chr16	67660371	67860371	harbor2	chr16	67686344	67686522	SINE/MIR	442	+	89	67686433	26062
chr16	67660371	67860371	harbor2	chr16	67697141	67697313	SINE/MIR	853	+	86	67697227	36856
chr16	67660371	67860371	harbor2	chr16	67724296	67724438	SINE/MIR	588	+	71	67724367	63996
chr16	74688122	74888122	harbor2	chr16	74718463	74718689	SINE/MIR	535	+	113	74718576	30454
chr16	74688122	74888122	harbor2	chr16	74725543	74725720	SINE/MIR	478	+	88	74725631	37509
chr16	74688122	74888122	harbor2	chr16	74728008	74728127	SINE/MIR	463	+	60	74728068	39946
chr16	74688122	74888122	harbor2	chr16	74729677	74729842	SINE/MIR	420	+	82	74729759	41637
chr16	74688122	74888122	harbor2	chr16	74773603	74773820	SINE/MIR	467	+	108	74773711	85589
chr16	31168791	31368791	harbor2	chr16	31179120	31179316	SINE/MIR	413	+	98	31179218	10427
chr16	31168791	31368791	harbor2	chr16	31246544	31246703	SINE/MIR	722	+	80	31246624	77833
chr16	82630977	82830977	harbor2	chr16	82647033	82647260	SINE/MIR	624	+	114	82647147	16170
chr16	82630977	82830977	harbor2	chr16	82649727	82649958	SINE/MIR	663	+	116	82649843	18866
chr16	82630977	82830977	harbor2	chr16	82658497	82658706	SINE/MIR	893	+	104	82658601	27624
chr16	82630977	82830977	harbor2	chr16	82663994	82664180	SINE/MIR	445	+	93	82664087	33110
chr16	82630977	82830977	harbor2	chr16	82672082	82672292	SINE/MIR	504	+	105	82672187	41210
chr16	82630977	82830977	harbor2	chr16	82709425	82709667	SINE/MIR	602	+	121	82709546	78569
chr16	82630977	82830977	harbor2	chr16	82724808	82725056	SINE/MIR	527	+	124	82724932	93955
chr16	82630977	82830977	harbor2	chr16	82725274	82725608	SINE/MIR	708	+	167	82725441	94464
chr16	82630977	82830977	harbor2	chr16	82727985	82728172	SINE/MIR	503	+	94	82728079	97102
chr16	67253672	67453672	harbor2	chr16	67276086	67276261	SINE/MIR	633	+	88	67276174	22502
chr16	90110950	90310950	harbor2	chr16	90204152	90204384	SINE/MIR	467	+	116	90204268	93318
chr16	79686610	79886610	harbor2	chr16	79688850	79689038	SINE/MIR	435	+	94	79688944	2334
chr16	79686610	79886610	harbor2	chr16	79691661	79691880	SINE/MIR	797	+	110	79691771	5161
chr16	55365595	55565595	harbor2	chr16	55365669	55365827	SINE/MIR	552	+	79	55365748	153
chr16	55365595	55565595	harbor2	chr16	55382401	55382623	SINE/MIR	905	+	111	55382512	16917
chr16	55365595	55565595	harbor2	chr16	55390235	55390439	SINE/MIR	547	+	102	55390337	24742
chr16	55365595	55565595	harbor2	chr16	55407453	55407595	SINE/MIR	485	+	71	55407524	41929
chr16	55365595	55565595	harbor2	chr16	55440342	55440501	SINE/MIR	415	+	80	55440422	74827
chr16	55365595	55565595	harbor2	chr16	55440778	55440859	SINE/MIR	415	+	40	55440818	75223
chr16	55365595	55565595	harbor2	chr16	55461589	55461790	SINE/MIR	577	+	100	55461689	96094
chr16	55365595	55565595	harbor2	chr16	55464268	55464513	SINE/MIR	874	+	122	55464390	98795
chr16	85191342	85391342	harbor2	chr16	85192222	85192427	SINE/MIR	651	+	102	85192324	982
chr16	85191342	85391342	harbor2	chr16	85207606	85207775	SINE/MIR	420	+	84	85207690	16348
chr16	85191342	85391342	harbor2	chr16	85217007	85217225	SINE/MIR	429	+	109	85217116	25774
chr16	85191342	85391342	harbor2	chr16	85218510	85218652	SINE/MIR	506	+	71	85218581	27239
chr16	85191342	85391342	harbor2	chr16	85228409	85228644	SINE/MIR	442	+	118	85228527	37185
chr16	85191342	85391342	harbor2	chr16	85239998	85240194	SINE/MIR	468	+	98	85240096	48754
chr16	85191342	85391342	harbor2	chr16	85256006	85256109	SINE/MIR	536	+	52	85256058	64716
chr16	85191342	85391342	harbor2	chr16	85262652	85262846	SINE/MIR	419	+	97	85262749	71407
chr16	85191342	85391342	harbor2	chr16	85264856	85265087	SINE/MIR	652	+	116	85264972	73630
chr16	85191342	85391342	harbor2	chr16	85267817	85268033	SINE/MIR	865	+	108	85267925	76583
chr16	25546714	25746714	harbor2	chr16	25548524	25548552	SINE/MIR	918	+	14	25548538	1824
chr16	25546714	25746714	harbor2	chr16	25548861	25549072	SINE/MIR	918	+	106	25548967	2253
chr16	25546714	25746714	harbor2	chr16	25574594	25574785	SINE/MIR	471	+	96	25574690	27976
chr16	25546714	25746714	harbor2	chr16	25616014	25616138	SINE/MIR	447	+	62	25616076	69362
chr16	48168410	48368410	harbor2	chr16	48173280	48173509	SINE/MIR	673	+	114	48173394	4984
chr16	48168410	48368410	harbor2	chr16	48177821	48178030	SINE/MIR	614	+	104	48177925	9515
chr16	48168410	48368410	harbor2	chr16	48182469	48182497	SINE/MIR	927	+	14	48182483	14073
chr16	48168410	48368410	harbor2	chr16	48182800	48183039	SINE/MIR	927	+	120	48182920	14510
chr16	48168410	48368410	harbor2	chr16	48184032	48184221	SINE/MIR	538	+	94	48184126	15716
chr16	48168410	48368410	harbor2	chr16	48187549	48187699	SINE/MIR	495	+	75	48187624	19214
chr16	48168410	48368410	harbor2	chr16	48187806	48187847	SINE/MIR	495	+	20	48187826	19416
chr16	48168410	48368410	harbor2	chr16	48188352	48188391	SINE/MIR	495	+	20	48188372	19962
chr16	48168410	48368410	harbor2	chr16	48194103	48194354	SINE/MIR	843	+	126	48194229	25819
chr16	48168410	48368410	harbor2	chr16	48205115	48205305	SINE/MIR	652	+	95	48205210	36800
chr16	48168410	48368410	harbor2	chr16	48206707	48206949	SINE/MIR	565	+	121	48206828	38418
chr16	48168410	48368410	harbor2	chr16	48208719	48208869	SINE/MIR	444	+	75	48208794	40384
chr16	48168410	48368410	harbor2	chr16	48216372	48216608	SINE/MIR	631	+	118	48216490	48080
chr16	48168410	48368410	harbor2	chr16	48218336	48218546	SINE/MIR	687	+	105	48218441	50031
chr16	48168410	48368410	harbor2	chr16	48220214	48220435	SINE/MIR	702	+	110	48220324	51914
chr16	66219986	66419986	harbor2	chr16	66225281	66225448	SINE/MIR	614	+	84	66225365	5379
chr16	66219986	66419986	harbor2	chr16	66234341	66234541	SINE/MIR	527	+	100	66234441	14455
chr16	66219986	66419986	harbor2	chr16	66239917	66240135	SINE/MIR	602	+	109	66240026	20040
chr16	66219986	66419986	harbor2	chr16	66241410	66241578	SINE/MIR	658	+	84	66241494	21508
chr16	66219986	66419986	harbor2	chr16	66251376	66251614	SINE/MIR	615	+	119	66251495	31509
chr16	66219986	66419986	harbor2	chr16	66254884	66255014	SINE/MIR	450	+	65	66254949	34963
chr16	66219986	66419986	harbor2	chr16	66256367	66256587	SINE/MIR	460	+	110	66256477	36491
chr16	66219986	66419986	harbor2	chr16	66261692	66261910	SINE/MIR	708	+	109	66261801	41815
chr16	66219986	66419986	harbor2	chr16	66261952	66262176	SINE/MIR	431	+	112	66262064	42078
chr16	66219986	66419986	harbor2	chr16	66265317	66265543	SINE/MIR	464	+	113	66265430	45444
chr16	66219986	66419986	harbor2	chr16	66268148	66268284	SINE/MIR	440	+	68	66268216	48230
chr16	66219986	66419986	harbor2	chr16	66275403	66275583	SINE/MIR	514	+	90	66275493	55507
chr16	66219986	66419986	harbor2	chr16	66304869	66305067	SINE/MIR	454	+	99	66304968	84982
chr16	66219986	66419986	harbor2	chr16	66319738	66319951	SINE/MIR	477	+	106	66319844	99858
chr16	69725319	69925319	harbor2	chr16	69797353	69797575	SINE/MIR	427	+	111	69797464	72145
chr16	64182656	64382656	harbor2	chr16	64236542	64236787	SINE/MIR	556	+	122	64236664	54008
chr16	64182656	64382656	harbor2	chr16	64258883	64259114	SINE/MIR	529	+	116	64258999	76343
chr16	84902493	85102493	harbor2	chr16	84961430	84961614	SINE/MIR	582	+	92	84961522	59029
chr16	55133832	55333832	harbor2	chr16	55140050	55140215	SINE/MIR	513	+	82	55140132	6300
chr16	55133832	55333832	harbor2	chr16	55140729	55140938	SINE/MIR	604	+	104	55140833	7001
chr16	55133832	55333832	harbor2	chr16	55155456	55155598	SINE/MIR	466	+	71	55155527	21695
chr16	55133832	55333832	harbor2	chr16	55158077	55158163	SINE/MIR	791	+	43	55158120	24288
chr16	55133832	55333832	harbor2	chr16	55158598	55158767	SINE/MIR	791	+	84	55158682	24850
chr16	55133832	55333832	harbor2	chr16	55161308	55161436	SINE/MIR	547	+	64	55161372	27540
chr16	55133832	55333832	harbor2	chr16	55161822	55161903	SINE/MIR	547	+	40	55161862	28030
chr16	55133832	55333832	harbor2	chr16	55163455	55163605	SINE/MIR	531	+	75	55163530	29698
chr16	55133832	55333832	harbor2	chr16	55165391	55165598	SINE/MIR	595	+	104	55165495	31663
chr16	55727263	55927263	harbor2	chr16	55727371	55727543	SINE/MIR	786	+	86	55727457	194
chr16	55727263	55927263	harbor2	chr16	55758408	55758526	SINE/MIR	439	+	59	55758467	31204
chr16	55727263	55927263	harbor2	chr16	55761024	55761260	SINE/MIR	762	+	118	55761142	33879
chr16	55727263	55927263	harbor2	chr16	55762099	55762208	SINE/MIR	432	+	54	55762153	34890
chr16	55727263	55927263	harbor2	chr16	55766609	55766785	SINE/MIR	912	+	88	55766697	39434
chr16	55727263	55927263	harbor2	chr16	55769016	55769188	SINE/MIR	570	+	86	55769102	41839
chr16	55727263	55927263	harbor2	chr16	55814410	55814608	SINE/MIR	732	+	99	55814509	87246
chr16	88811014	89011014	harbor2	chr16	88878647	88878663	SINE/MIR	416	+	8	88878655	67641
chr16	88811014	89011014	harbor2	chr16	88878957	88879075	SINE/MIR	416	+	59	88879016	68002
chr16	72858727	73058727	harbor2	chr16	72899628	72899844	SINE/MIR	626	+	108	72899736	41009
chr16	31252007	31452007	harbor2	chr16	31350544	31350708	SINE/MIR	486	+	82	31350626	98619
chr16	63181513	63381513	harbor2	chr16	63187538	63187734	SINE/MIR	515	+	98	63187636	6123
chr16	63181513	63381513	harbor2	chr16	63228742	63228906	SINE/MIR	558	+	82	63228824	47311
chr16	63181513	63381513	harbor2	chr16	63255069	63255277	SINE/MIR	549	+	104	63255173	73660
chr16	63181513	63381513	harbor2	chr16	63268946	63269193	SINE/MIR	535	+	124	63269070	87557
chr16	63181513	63381513	harbor2	chr16	63275034	63275279	SINE/MIR	628	+	122	63275156	93643
chr16	67070755	67270755	harbor2	chr16	67071217	67071246	SINE/MIR	526	+	14	67071231	476
chr16	67070755	67270755	harbor2	chr16	67071622	67071773	SINE/MIR	526	+	76	67071698	943
chr16	67070755	67270755	harbor2	chr16	67084795	67085033	SINE/MIR	852	+	119	67084914	14159
chr16	56750865	56950865	harbor2	chr16	56758117	56758235	SINE/MIR	554	+	59	56758176	7311
chr16	56750865	56950865	harbor2	chr16	56816020	56816268	SINE/MIR	870	+	124	56816144	65279
chr16	56750865	56950865	harbor2	chr16	56830306	56830483	SINE/MIR	498	+	88	56830394	79529
chr16	88190828	88390828	harbor2	chr16	88270993	88271185	SINE/MIR	695	+	96	88271089	80261
chr16	84881189	85081189	harbor2	chr16	84884199	84884389	SINE/MIR	442	+	95	84884294	3105
chr16	84881189	85081189	harbor2	chr16	84889858	84890076	SINE/MIR	661	+	109	84889967	8778
chr16	84881189	85081189	harbor2	chr16	84890373	84890407	SINE/MIR	622	+	17	84890390	9201
chr16	84881189	85081189	harbor2	chr16	84961430	84961614	SINE/MIR	582	+	92	84961522	80333
chr16	64417972	64617972	harbor2	chr16	64445935	64446123	SINE/MIR	532	+	94	64446029	28057
chr16	64417972	64617972	harbor2	chr16	64451373	64451617	SINE/MIR	506	+	122	64451495	33523
chr16	64417972	64617972	harbor2	chr16	64479103	64479359	SINE/MIR	475	+	128	64479231	61259
chr16	64417972	64617972	harbor2	chr16	64496560	64496770	SINE/MIR	514	+	105	64496665	78693
chr16	77268992	77468992	harbor2	chr16	77271364	77271604	SINE/MIR	568	+	120	77271484	2492
chr16	77268992	77468992	harbor2	chr16	77280804	77281012	SINE/MIR	676	+	104	77280908	11916
chr16	77268992	77468992	harbor2	chr16	77318393	77318565	SINE/MIR	516	+	86	77318479	49487
chr16	77268992	77468992	harbor2	chr16	77342115	77342356	SINE/MIR	430	+	120	77342235	73243
chr16	77268992	77468992	harbor2	chr16	77347796	77348023	SINE/MIR	509	+	114	77347910	78918
chr16	77268992	77468992	harbor2	chr16	77355576	77355761	SINE/MIR	486	+	92	77355668	86676
chr16	71158240	71358240	harbor2	chr16	71235373	71235501	SINE/MIR	425	+	64	71235437	77197
chr16	71158240	71358240	harbor2	chr16	71243459	71243651	SINE/MIR	575	+	96	71243555	85315
chr16	71158240	71358240	harbor2	chr16	71249208	71249450	SINE/MIR	430	+	121	71249329	91089
chr16	71158240	71358240	harbor2	chr16	71253947	71254079	SINE/MIR	451	+	66	71254013	95773
chr16	87626676	87826676	harbor2	chr16	87628503	87628695	SINE/MIR	504	+	96	87628599	1923
chr16	27088730	27288730	harbor2	chr16	27100118	27100253	SINE/MIR	500	+	68	27100186	11456
chr16	27088730	27288730	harbor2	chr16	27101651	27101891	SINE/MIR	561	+	120	27101771	13041
chr16	27088730	27288730	harbor2	chr16	27112081	27112210	SINE/MIR	456	+	64	27112145	23415
chr16	27088730	27288730	harbor2	chr16	27124772	27124983	SINE/MIR	636	+	106	27124878	36148
chr16	27088730	27288730	harbor2	chr16	27159183	27159392	SINE/MIR	737	+	104	27159287	70557
chr16	27088730	27288730	harbor2	chr16	27168878	27169067	SINE/MIR	596	+	94	27168972	80242
chr16	27088730	27288730	harbor2	chr16	27173370	27173555	SINE/MIR	857	+	92	27173462	84732
chr16	59790577	59990577	harbor2	chr16	59883123	59883359	SINE/MIR	541	+	118	59883241	92664
chr16	84296737	84496737	harbor2	chr16	84304995	84305211	SINE/MIR	715	+	108	84305103	8366
chr16	84296737	84496737	harbor2	chr16	84319776	84319986	SINE/MIR	619	+	105	84319881	23144
chr16	84296737	84496737	harbor2	chr16	84321088	84321270	SINE/MIR	466	+	91	84321179	24442
chr16	84296737	84496737	harbor2	chr16	84321782	84322032	SINE/MIR	741	+	125	84321907	25170
chr16	84296737	84496737	harbor2	chr16	84328967	84329137	SINE/MIR	418	+	85	84329052	32315
chr16	84296737	84496737	harbor2	chr16	84331011	84331141	SINE/MIR	486	+	65	84331076	34339
chr16	84296737	84496737	harbor2	chr16	84346785	84346922	SINE/MIR	457	+	68	84346853	50116
chr16	84296737	84496737	harbor2	chr16	84380616	84380873	SINE/MIR	789	+	128	84380744	84007
chr16	68557194	68757194	harbor2	chr16	68589654	68589701	SINE/MIR	444	+	24	68589678	32484
chr16	68557194	68757194	harbor2	chr16	68589994	68590147	SINE/MIR	444	+	76	68590070	32876
chr16	68557194	68757194	harbor2	chr16	68634572	68634736	SINE/MIR	497	+	82	68634654	77460
chr16	68557194	68757194	harbor2	chr16	68636759	68636996	SINE/MIR	674	+	118	68636877	79683
chr16	55829308	56029308	harbor2	chr16	55857112	55857337	SINE/MIR	624	+	112	55857224	27916
chr16	55829308	56029308	harbor2	chr16	55863600	55863747	SINE/MIR	415	+	74	55863674	34366
chr16	55829308	56029308	harbor2	chr16	55864046	55864207	SINE/MIR	415	+	80	55864126	34818
chr16	55829308	56029308	harbor2	chr16	55865731	55865910	SINE/MIR	424	+	90	55865821	36513
chr16	55829308	56029308	harbor2	chr16	55867666	55867834	SINE/MIR	636	+	84	55867750	38442
chr16	55829308	56029308	harbor2	chr16	55868810	55868991	SINE/MIR	573	+	90	55868900	39592
chr16	55829308	56029308	harbor2	chr16	55869891	55870133	SINE/MIR	897	+	121	55870012	40704
chr16	55829308	56029308	harbor2	chr16	55870849	55871097	SINE/MIR	524	+	124	55870973	41665
chr16	55829308	56029308	harbor2	chr16	55906869	55907080	SINE/MIR	665	+	106	55906975	77667
chr16	66765186	66965186	harbor2	chr16	66796989	66797112	SINE/MIR	454	+	62	66797051	31865
chr16	66765186	66965186	harbor2	chr16	66809218	66809449	SINE/MIR	484	+	116	66809334	44148
chr16	66765186	66965186	harbor2	chr16	66812155	66812414	SINE/MIR	710	+	130	66812285	47099
chr16	66765186	66965186	harbor2	chr16	66819441	66819538	SINE/MIR	591	+	48	66819489	54303
chr16	66765186	66965186	harbor2	chr16	66819769	66819816	SINE/MIR	591	+	24	66819793	54607
chr16	66765186	66965186	harbor2	chr16	66841715	66841890	SINE/MIR	444	+	88	66841803	76617
chr16	66765186	66965186	harbor2	chr16	66843784	66844004	SINE/MIR	458	+	110	66843894	78708
chr16	66765186	66965186	harbor2	chr16	66849391	66849644	SINE/MIR	489	+	126	66849517	84331
chr16	89401222	89601222	harbor2	chr16	89491640	89491757	SINE/MIR	440	+	58	89491698	90476
chr16	89401222	89601222	harbor2	chr16	89492043	89492153	SINE/MIR	440	+	55	89492098	90876
chr16	63648030	63848030	harbor2	chr16	63671983	63672208	SINE/MIR	483	+	112	63672095	24065
chr16	63648030	63848030	harbor2	chr16	63695188	63695385	SINE/MIR	426	+	98	63695286	47256
chr16	82255839	82455839	harbor2	chr16	82265927	82266029	SINE/MIR	426	+	51	82265978	10139
chr16	82255839	82455839	harbor2	chr16	82277942	82278141	SINE/MIR	445	+	100	82278042	22203
chr16	82255839	82455839	harbor2	chr16	82298677	82298824	SINE/MIR	464	+	74	82298751	42912
chr16	82255839	82455839	harbor2	chr16	82315853	82316078	SINE/MIR	988	+	112	82315965	60126
chr16	82255839	82455839	harbor2	chr16	82334126	82334313	SINE/MIR	623	+	94	82334220	78381
chr16	82255839	82455839	harbor2	chr16	82343560	82343724	SINE/MIR	495	+	82	82343642	87803
chr16	82255839	82455839	harbor2	chr16	82347230	82347452	SINE/MIR	573	+	111	82347341	91502
chr16	69708865	69908865	harbor2	chr16	69797353	69797575	SINE/MIR	427	+	111	69797464	88599
chr16	71433858	71633858	harbor2	chr16	71467011	71467209	SINE/MIR	434	+	99	71467110	33252
chr16	71433858	71633858	harbor2	chr16	71472973	71473185	SINE/MIR	460	+	106	71473079	39221
chr16	71433858	71633858	harbor2	chr16	71490082	71490320	SINE/MIR	745	+	119	71490201	56343
chr16	71433858	71633858	harbor2	chr16	71491377	71491551	SINE/MIR	525	+	87	71491464	57606
chr16	74683048	74883048	harbor2	chr16	74718463	74718689	SINE/MIR	535	+	113	74718576	35528
chr16	74683048	74883048	harbor2	chr16	74725543	74725720	SINE/MIR	478	+	88	74725631	42583
chr16	74683048	74883048	harbor2	chr16	74728008	74728127	SINE/MIR	463	+	60	74728068	45020
chr16	74683048	74883048	harbor2	chr16	74729677	74729842	SINE/MIR	420	+	82	74729759	46711
chr16	74683048	74883048	harbor2	chr16	74773603	74773820	SINE/MIR	467	+	108	74773711	90663
chr16	75805659	76005659	harbor2	chr16	75820330	75820499	SINE/MIR	506	+	84	75820414	14755
chr16	78449054	78649054	harbor2	chr16	78468591	78468766	SINE/MIR	460	+	88	78468679	19625
chr16	78449054	78649054	harbor2	chr16	78488655	78488848	SINE/MIR	434	+	96	78488751	39697
chr16	78449054	78649054	harbor2	chr16	78541599	78541762	SINE/MIR	450	+	82	78541681	92627
chr16	81648674	81848674	harbor2	chr16	81654918	81655098	SINE/MIR	487	+	90	81655008	6334
chr16	81648674	81848674	harbor2	chr16	81678021	81678198	SINE/MIR	507	+	88	81678109	29435
chr16	81648674	81848674	harbor2	chr16	81684541	81684715	SINE/MIR	501	+	87	81684628	35954
chr16	81648674	81848674	harbor2	chr16	81685929	81686161	SINE/MIR	626	+	116	81686045	37371
chr16	81648674	81848674	harbor2	chr16	81688402	81688625	SINE/MIR	509	+	112	81688514	39840
chr16	81648674	81848674	harbor2	chr16	81739639	81739855	SINE/MIR	1015	+	108	81739747	91073
chr16	52305392	52505392	harbor2	chr16	52330497	52330721	SINE/MIR	514	+	112	52330609	25217
chr16	52305392	52505392	harbor2	chr16	52368499	52368692	SINE/MIR	629	+	96	52368595	63203
chr16	52305392	52505392	harbor2	chr16	52373450	52373655	SINE/MIR	449	+	102	52373552	68160
chr16	52305392	52505392	harbor2	chr16	52393559	52393679	SINE/MIR	415	+	60	52393619	88227
chr16	52869549	53069549	harbor2	chr16	52907880	52908041	SINE/MIR	465	+	80	52907960	38411
chr16	52869549	53069549	harbor2	chr16	52930330	52930539	SINE/MIR	613	+	104	52930434	60885
chr16	52869549	53069549	harbor2	chr16	52941514	52941709	SINE/MIR	511	+	98	52941612	72063
chr16	52869549	53069549	harbor2	chr16	52955301	52955512	SINE/MIR	795	+	106	52955407	85858
chr16	52869549	53069549	harbor2	chr16	52961047	52961149	SINE/MIR	498	+	51	52961098	91549
chr16	89781562	89981562	harbor2	chr16	89841561	89841683	SINE/MIR	477	+	61	89841622	60060
chr16	17117083	17317083	harbor2	chr16	17127257	17127391	SINE/MIR	430	+	67	17127324	10241
chr16	17117083	17317083	harbor2	chr16	17136412	17136568	SINE/MIR	459	+	78	17136490	19407
chr16	17117083	17317083	harbor2	chr16	17138050	17138210	SINE/MIR	455	+	80	17138130	21047
chr16	17117083	17317083	harbor2	chr16	17147995	17148225	SINE/MIR	450	+	115	17148110	31027
chr16	17117083	17317083	harbor2	chr16	17149711	17149918	SINE/MIR	501	+	104	17149815	32732
chr16	17117083	17317083	harbor2	chr16	17151110	17151143	SINE/MIR	720	+	16	17151126	34043
chr16	17117083	17317083	harbor2	chr16	17151438	17151626	SINE/MIR	720	+	94	17151532	34449
chr16	17117083	17317083	harbor2	chr16	17155154	17155279	SINE/MIR	459	+	62	17155216	38133
chr16	17117083	17317083	harbor2	chr16	17170829	17171014	SINE/MIR	628	+	92	17170921	53838
chr16	17117083	17317083	harbor2	chr16	17171939	17172151	SINE/MIR	477	+	106	17172045	54962
chr16	17117083	17317083	harbor2	chr16	17183493	17183694	SINE/MIR	758	+	100	17183593	66510
chr16	17117083	17317083	harbor2	chr16	17190867	17191001	SINE/MIR	700	+	67	17190934	73851
chr16	17117083	17317083	harbor2	chr16	17191200	17191260	SINE/MIR	700	+	30	17191230	74147
chr16	17117083	17317083	harbor2	chr16	17214222	17214469	SINE/MIR	563	+	124	17214346	97263
chr16	17117083	17317083	harbor2	chr16	17153920	17154123	SINE/MIR	558	+	102	17154022	36939
chr16	90105114	90305114	harbor2	chr16	90204152	90204384	SINE/MIR	467	+	116	90204268	99154
chr16	89449441	89649441	harbor2	chr16	89491640	89491757	SINE/MIR	440	+	58	89491698	42257
chr16	89449441	89649441	harbor2	chr16	89492043	89492153	SINE/MIR	440	+	55	89492098	42657
chr16	89983185	90183185	harbor2	chr16	90066458	90066691	SINE/MIR	443	+	116	90066574	83389
chr16	47907362	48107362	harbor2	chr16	47956465	47956680	SINE/MIR	726	+	108	47956573	49211
chr16	47907362	48107362	harbor2	chr16	47959883	47960088	SINE/MIR	449	+	102	47959985	52623
chr16	47907362	48107362	harbor2	chr16	47967275	47967446	SINE/MIR	454	+	86	47967361	59999
chr16	47907362	48107362	harbor2	chr16	47973697	47973917	SINE/MIR	583	+	110	47973807	66445
chr16	47907362	48107362	harbor2	chr16	47979705	47979888	SINE/MIR	543	+	92	47979797	72435
chr16	47907362	48107362	harbor2	chr16	47984292	47984536	SINE/MIR	642	+	122	47984414	77052
chr16	47907362	48107362	harbor2	chr16	47996244	47996455	SINE/MIR	439	+	106	47996350	88988
chr16	47907362	48107362	harbor2	chr16	48000559	48000684	SINE/MIR	600	+	62	48000621	93259
chr16	70051233	70251233	harbor2	chr16	70117006	70117220	SINE/MIR	651	+	107	70117113	65880
chr16	67732481	67932481	harbor2	chr16	67807978	67808163	SINE/MIR	415	+	92	67808070	75589
chr16	12748454	12948454	harbor2	chr16	12775728	12775922	SINE/MIR	432	+	97	12775825	27371
chr16	12748454	12948454	harbor2	chr16	12793426	12793666	SINE/MIR	855	+	120	12793546	45092
chr16	12748454	12948454	harbor2	chr16	12805327	12805590	SINE/MIR	1011	+	132	12805459	57005
chr16	12748454	12948454	harbor2	chr16	12818758	12818959	SINE/MIR	528	+	100	12818858	70404
chr16	12748454	12948454	harbor2	chr16	12829295	12829429	SINE/MIR	518	+	67	12829362	80908
chr16	12748454	12948454	harbor2	chr16	12829610	12829769	SINE/MIR	580	+	80	12829690	81236
chr16	12748454	12948454	harbor2	chr16	12829977	12830019	SINE/MIR	549	+	21	12829998	81544
chr16	64840019	65040019	harbor2	chr16	64878524	64878703	SINE/MIR	517	+	90	64878614	38595
chr16	64840019	65040019	harbor2	chr16	64894276	64894507	SINE/MIR	497	+	116	64894392	54373
chr16	82505647	82705647	harbor2	chr16	82509205	82509396	SINE/MIR	489	+	96	82509301	3654
chr16	82505647	82705647	harbor2	chr16	82512494	82512681	SINE/MIR	702	+	94	82512588	6941
chr16	82505647	82705647	harbor2	chr16	82580006	82580208	SINE/MIR	665	+	101	82580107	74460
chr16	74422183	74622183	harbor2	chr16	74455774	74455941	SINE/MIR	424	+	84	74455858	33675
chr16	83009664	83209664	harbor2	chr16	83017485	83017660	SINE/MIR	468	+	88	83017573	7909
chr16	83009664	83209664	harbor2	chr16	83026285	83026439	SINE/MIR	571	+	77	83026362	16698
chr16	83009664	83209664	harbor2	chr16	83026671	83026768	SINE/MIR	571	+	48	83026719	17055
chr16	83009664	83209664	harbor2	chr16	83028923	83029144	SINE/MIR	574	+	110	83029033	19369
chr16	83009664	83209664	harbor2	chr16	83037714	83037883	SINE/MIR	604	+	84	83037798	28134
chr16	83009664	83209664	harbor2	chr16	83040102	83040240	SINE/MIR	472	+	69	83040171	30507
chr16	83009664	83209664	harbor2	chr16	83040772	83040812	SINE/MIR	472	+	20	83040792	31128
chr16	83009664	83209664	harbor2	chr16	83099709	83099856	SINE/MIR	526	+	74	83099783	90119
chr16	83009664	83209664	harbor2	chr16	83103588	83103813	SINE/MIR	543	+	112	83103700	94036
chr16	84324346	84524346	harbor2	chr16	84328967	84329137	SINE/MIR	418	+	85	84329052	4706
chr16	84324346	84524346	harbor2	chr16	84331011	84331141	SINE/MIR	486	+	65	84331076	6730
chr16	84324346	84524346	harbor2	chr16	84346785	84346922	SINE/MIR	457	+	68	84346853	22507
chr16	84324346	84524346	harbor2	chr16	84380616	84380873	SINE/MIR	789	+	128	84380744	56398
chr16	84324346	84524346	harbor2	chr16	84410857	84410996	SINE/MIR	432	+	70	84410927	86581
chr16	84324346	84524346	harbor2	chr16	84417003	84417236	SINE/MIR	735	+	116	84417119	92773
chr16	84324346	84524346	harbor2	chr16	84417275	84417484	SINE/MIR	499	+	104	84417379	93033
chr16	84324346	84524346	harbor2	chr16	84421657	84421903	SINE/MIR	820	+	123	84421780	97434
chr16	80197618	80397618	harbor2	chr16	80208228	80208479	SINE/MIR	458	+	126	80208354	10736
chr16	80197618	80397618	harbor2	chr16	80273922	80274120	SINE/MIR	612	+	99	80274021	76403
chr16	80197618	80397618	harbor2	chr16	80281896	80282121	SINE/MIR	431	+	112	80282008	84390
chr16	80197618	80397618	harbor2	chr16	80295232	80295439	SINE/MIR	583	+	104	80295336	97718
chr16	51091425	51291425	harbor2	chr16	51127997	51128252	SINE/MIR	937	+	128	51128125	36700
chr16	51091425	51291425	harbor2	chr16	51158615	51158830	SINE/MIR	585	+	108	51158723	67298
chr16	51091425	51291425	harbor2	chr16	51167019	51167227	SINE/MIR	555	+	104	51167123	75698
chr16	51091425	51291425	harbor2	chr16	51177560	51177691	SINE/MIR	428	+	66	51177626	86201
chr16	75062971	75262971	harbor2	chr16	75088630	75088836	SINE/MIR	574	+	103	75088733	25762
chr16	75062971	75262971	harbor2	chr16	75094435	75094655	SINE/MIR	645	+	110	75094545	31574
chr16	80687316	80887316	harbor2	chr16	80687675	80687839	SINE/MIR	444	+	82	80687757	441
chr16	80687316	80887316	harbor2	chr16	80688328	80688421	SINE/MIR	426	+	46	80688374	1058
chr16	80687316	80887316	harbor2	chr16	80711529	80711748	SINE/MIR	449	+	110	80711639	24323
chr16	80687316	80887316	harbor2	chr16	80715928	80716149	SINE/MIR	538	+	110	80716038	28722
chr16	80687316	80887316	harbor2	chr16	80735376	80735528	SINE/MIR	515	+	76	80735452	48136
chr16	80687316	80887316	harbor2	chr16	80738798	80738896	SINE/MIR	455	+	49	80738847	51531
chr16	80687316	80887316	harbor2	chr16	80745409	80745628	SINE/MIR	676	+	110	80745519	58203
chr16	80687316	80887316	harbor2	chr16	80747245	80747479	SINE/MIR	623	+	117	80747362	60046
chr16	80687316	80887316	harbor2	chr16	80754535	80754756	SINE/MIR	498	+	110	80754645	67329
chr16	80687316	80887316	harbor2	chr16	80761262	80761471	SINE/MIR	486	+	104	80761366	74050
chr16	80687316	80887316	harbor2	chr16	80768699	80768931	SINE/MIR	482	+	116	80768815	81499
chr16	65614012	65814012	harbor2	chr16	65634679	65634848	SINE/MIR	458	+	84	65634763	20751
chr16	65614012	65814012	harbor2	chr16	65656877	65657057	SINE/MIR	428	+	90	65656967	42955
chr16	65614012	65814012	harbor2	chr16	65657532	65657692	SINE/MIR	449	+	80	65657612	43600
chr16	65614012	65814012	harbor2	chr16	65675992	65676124	SINE/MIR	447	+	66	65676058	62046
chr16	65614012	65814012	harbor2	chr16	65677111	65677314	SINE/MIR	427	+	102	65677213	63201
chr16	65614012	65814012	harbor2	chr16	65701664	65701911	SINE/MIR	495	+	124	65701788	87776
chr16	65614012	65814012	harbor2	chr16	65705064	65705309	SINE/MIR	434	+	122	65705186	91174
chr16	65614012	65814012	harbor2	chr16	65710361	65710539	SINE/MIR	624	+	89	65710450	96438
chr16	87508778	87708778	harbor2	chr16	87519103	87519274	SINE/MIR	468	+	86	87519189	10411
chr16	87508778	87708778	harbor2	chr16	87527416	87527624	SINE/MIR	750	+	104	87527520	18742
chr16	87508778	87708778	harbor2	chr16	87532887	87533072	SINE/MIR	455	+	92	87532979	24201
chr16	87508778	87708778	harbor2	chr16	87535870	87536002	SINE/MIR	469	+	66	87535936	27158
chr16	87508778	87708778	harbor2	chr16	87552422	87552635	SINE/MIR	522	+	106	87552528	43750
chr16	87508778	87708778	harbor2	chr16	87558461	87558603	SINE/MIR	439	+	71	87558532	49754
chr16	87508778	87708778	harbor2	chr16	87566102	87566281	SINE/MIR	461	+	90	87566192	57414
chr16	87508778	87708778	harbor2	chr16	87566984	87567036	SINE/MIR	461	+	26	87567010	58232
chr16	87508778	87708778	harbor2	chr16	87583034	87583238	SINE/MIR	714	+	102	87583136	74358
chr16	87508778	87708778	harbor2	chr16	87596996	87597138	SINE/MIR	572	+	71	87597067	88289
chr16	87508778	87708778	harbor2	chr16	87606538	87606715	SINE/MIR	516	+	88	87606626	97848
chr16	65594336	65794336	harbor2	chr16	65599687	65599882	SINE/MIR	484	+	98	65599785	5449
chr16	65594336	65794336	harbor2	chr16	65602138	65602335	SINE/MIR	582	+	98	65602236	7900
chr16	65594336	65794336	harbor2	chr16	65604314	65604515	SINE/MIR	665	+	100	65604414	10078
chr16	65594336	65794336	harbor2	chr16	65609002	65609164	SINE/MIR	454	+	81	65609083	14747
chr16	65594336	65794336	harbor2	chr16	65609518	65609640	SINE/MIR	429	+	61	65609579	15243
chr16	65594336	65794336	harbor2	chr16	65634679	65634848	SINE/MIR	458	+	84	65634763	40427
chr16	65594336	65794336	harbor2	chr16	65656877	65657057	SINE/MIR	428	+	90	65656967	62631
chr16	65594336	65794336	harbor2	chr16	65657532	65657692	SINE/MIR	449	+	80	65657612	63276
chr16	65594336	65794336	harbor2	chr16	65675992	65676124	SINE/MIR	447	+	66	65676058	81722
chr16	65594336	65794336	harbor2	chr16	65677111	65677314	SINE/MIR	427	+	102	65677213	82877
chr16	82125554	82325554	harbor2	chr16	82136635	82136798	SINE/MIR	601	+	82	82136717	11163
chr16	82125554	82325554	harbor2	chr16	82163411	82163634	SINE/MIR	564	+	112	82163523	37969
chr16	82125554	82325554	harbor2	chr16	82168889	82169111	SINE/MIR	815	+	111	82169000	43446
chr16	82125554	82325554	harbor2	chr16	82184349	82184592	SINE/MIR	951	+	122	82184471	58917
chr16	82125554	82325554	harbor2	chr16	82191578	82191791	SINE/MIR	559	+	106	82191684	66130
chr16	82125554	82325554	harbor2	chr16	82193618	82193749	SINE/MIR	601	+	66	82193684	68130
chr16	82125554	82325554	harbor2	chr16	82194057	82194121	SINE/MIR	601	+	32	82194089	68535
chr16	82125554	82325554	harbor2	chr16	82217235	82217444	SINE/MIR	503	+	104	82217339	91785
chr16	64645605	64845605	harbor2	chr16	64723698	64723913	SINE/MIR	613	+	108	64723806	78201
chr16	20689644	20889644	harbor2	chr16	20689851	20690043	SINE/MIR	490	+	96	20689947	303
chr16	20689644	20889644	harbor2	chr16	20698366	20698522	SINE/MIR	487	+	78	20698444	8800
chr16	20689644	20889644	harbor2	chr16	20698805	20698942	SINE/MIR	487	+	68	20698873	9229
chr16	20689644	20889644	harbor2	chr16	20699724	20699853	SINE/MIR	523	+	64	20699788	10144
chr16	20689644	20889644	harbor2	chr16	20713077	20713276	SINE/MIR	688	+	100	20713177	23533
chr16	20689644	20889644	harbor2	chr16	20748359	20748573	SINE/MIR	588	+	107	20748466	58822
chr16	20689644	20889644	harbor2	chr16	20769670	20769887	SINE/MIR	523	+	108	20769778	80134
chr16	20689644	20889644	harbor2	chr16	20789176	20789411	SINE/MIR	526	+	118	20789294	99650
chr16	50045039	50245039	harbor2	chr16	50069717	50069940	SINE/MIR	825	+	112	50069829	24790
chr16	50045039	50245039	harbor2	chr16	50072173	50072356	SINE/MIR	660	+	92	50072265	27226
chr16	71971474	72171474	harbor2	chr16	72037834	72038003	SINE/MIR	674	+	84	72037918	66444
chr16	71971474	72171474	harbor2	chr16	72044042	72044268	SINE/MIR	829	+	113	72044155	72681
chr16	50305798	50505798	harbor2	chr16	50359292	50359454	SINE/MIR	484	+	81	50359373	53575
chr16	50305798	50505798	harbor2	chr16	50361059	50361200	SINE/MIR	468	+	70	50361129	55331
chr16	50305798	50505798	harbor2	chr16	50362325	50362421	SINE/MIR	586	+	48	50362373	56575
chr16	50305798	50505798	harbor2	chr16	50362944	50363063	SINE/MIR	586	+	60	50363004	57206
chr16	50305798	50505798	harbor2	chr16	50382006	50382151	SINE/MIR	426	+	72	50382078	76280
chr16	50305798	50505798	harbor2	chr16	50383849	50384021	SINE/MIR	531	+	86	50383935	78137
chr16	50305798	50505798	harbor2	chr16	50393941	50394196	SINE/MIR	998	+	128	50394069	88271
chr16	50305798	50505798	harbor2	chr16	50397358	50397608	SINE/MIR	555	+	125	50397483	91685
chr16	50305798	50505798	harbor2	chr16	50404525	50404556	SINE/MIR	684	+	16	50404541	98743
chr16	50305798	50505798	harbor2	chr16	50404859	50405080	SINE/MIR	684	+	110	50404969	99171
chr16	78399454	78599454	harbor2	chr16	78468591	78468766	SINE/MIR	460	+	88	78468679	69225
chr16	78399454	78599454	harbor2	chr16	78488655	78488848	SINE/MIR	434	+	96	78488751	89297
chr16	83057426	83257426	harbor2	chr16	83099709	83099856	SINE/MIR	526	+	74	83099783	42357
chr16	83057426	83257426	harbor2	chr16	83103588	83103813	SINE/MIR	543	+	112	83103700	46274
chr16	83057426	83257426	harbor2	chr16	83148416	83148683	SINE/MIR	744	+	134	83148550	91124
chr16	73133967	73333967	harbor2	chr16	73148587	73148664	SINE/MIR	416	+	38	73148625	14658
chr16	73133967	73333967	harbor2	chr16	73148956	73149106	SINE/MIR	416	+	75	73149031	15064
chr16	73133967	73333967	harbor2	chr16	73150293	73150491	SINE/MIR	521	+	99	73150392	16425
chr16	73133967	73333967	harbor2	chr16	73192938	73193037	SINE/MIR	474	+	50	73192988	59021
chr16	73133967	73333967	harbor2	chr16	73193167	73193417	SINE/MIR	451	+	125	73193292	59325
chr16	73133967	73333967	harbor2	chr16	73193673	73193906	SINE/MIR	525	+	116	73193789	59822
chr16	73133967	73333967	harbor2	chr16	73212765	73213002	SINE/MIR	525	+	118	73212883	78916
chr16	27295733	27495733	harbor2	chr16	27305733	27305914	SINE/MIR	737	+	90	27305823	10090
chr16	27295733	27495733	harbor2	chr16	27313289	27313440	SINE/MIR	447	+	76	27313365	17632
chr16	27295733	27495733	harbor2	chr16	27316684	27316878	SINE/MIR	605	+	97	27316781	21048
chr16	27295733	27495733	harbor2	chr16	27323474	27323639	SINE/MIR	595	+	82	27323556	27823
chr16	27295733	27495733	harbor2	chr16	27327657	27327884	SINE/MIR	837	+	114	27327771	32038
chr16	27295733	27495733	harbor2	chr16	27331293	27331506	SINE/MIR	783	+	106	27331399	35666
chr16	27295733	27495733	harbor2	chr16	27333419	27333650	SINE/MIR	816	+	116	27333535	37802
chr16	27295733	27495733	harbor2	chr16	27347712	27347861	SINE/MIR	539	+	74	27347786	52053
chr16	27295733	27495733	harbor2	chr16	27358650	27358789	SINE/MIR	415	+	70	27358720	62987
chr16	27295733	27495733	harbor2	chr16	27359594	27359800	SINE/MIR	728	+	103	27359697	63964
chr16	27295733	27495733	harbor2	chr16	27368483	27368637	SINE/MIR	611	+	77	27368560	72827
chr16	27295733	27495733	harbor2	chr16	27368930	27368974	SINE/MIR	611	+	22	27368952	73219
chr16	27295733	27495733	harbor2	chr16	27380434	27380604	SINE/MIR	577	+	85	27380519	84786
chr16	27295733	27495733	harbor2	chr16	27387318	27387439	SINE/MIR	524	+	60	27387378	91645
chr16	27295733	27495733	harbor2	chr16	27377621	27377772	SINE/MIR	554	+	76	27377697	81964
chr16	82951413	83151413	harbor2	chr16	82958086	82958324	SINE/MIR	425	+	119	82958205	6792
chr16	82951413	83151413	harbor2	chr16	82972495	82972680	SINE/MIR	450	+	92	82972587	21174
chr16	82951413	83151413	harbor2	chr16	82975358	82975593	SINE/MIR	619	+	118	82975476	24063
chr16	82951413	83151413	harbor2	chr16	82984382	82984545	SINE/MIR	522	+	82	82984464	33051
chr16	82951413	83151413	harbor2	chr16	82994840	82995073	SINE/MIR	519	+	116	82994956	43543
chr16	82951413	83151413	harbor2	chr16	83017485	83017660	SINE/MIR	468	+	88	83017573	66160
chr16	82951413	83151413	harbor2	chr16	83026285	83026439	SINE/MIR	571	+	77	83026362	74949
chr16	82951413	83151413	harbor2	chr16	83026671	83026768	SINE/MIR	571	+	48	83026719	75306
chr16	82951413	83151413	harbor2	chr16	83028923	83029144	SINE/MIR	574	+	110	83029033	77620
chr16	82951413	83151413	harbor2	chr16	83037714	83037883	SINE/MIR	604	+	84	83037798	86385
chr16	82951413	83151413	harbor2	chr16	83040102	83040240	SINE/MIR	472	+	69	83040171	88758
chr16	82951413	83151413	harbor2	chr16	83040772	83040812	SINE/MIR	472	+	20	83040792	89379
chr16	82613937	82813937	harbor2	chr16	82614213	82614446	SINE/MIR	845	+	116	82614329	392
chr16	82613937	82813937	harbor2	chr16	82615890	82616028	SINE/MIR	452	+	69	82615959	2022
chr16	82613937	82813937	harbor2	chr16	82647033	82647260	SINE/MIR	624	+	114	82647147	33210
chr16	82613937	82813937	harbor2	chr16	82649727	82649958	SINE/MIR	663	+	116	82649843	35906
chr16	82613937	82813937	harbor2	chr16	82658497	82658706	SINE/MIR	893	+	104	82658601	44664
chr16	82613937	82813937	harbor2	chr16	82663994	82664180	SINE/MIR	445	+	93	82664087	50150
chr16	82613937	82813937	harbor2	chr16	82672082	82672292	SINE/MIR	504	+	105	82672187	58250
chr16	82613937	82813937	harbor2	chr16	82709425	82709667	SINE/MIR	602	+	121	82709546	95609
chr16	10565624	10765624	harbor2	chr16	10596848	10597026	SINE/MIR	518	+	89	10596937	31313
chr16	10565624	10765624	harbor2	chr16	10602442	10602549	SINE/MIR	457	+	54	10602496	36872
chr16	10565624	10765624	harbor2	chr16	10604978	10605089	SINE/MIR	538	+	56	10605034	39410
chr16	10565624	10765624	harbor2	chr16	10606174	10606334	SINE/MIR	566	+	80	10606254	40630
chr16	10565624	10765624	harbor2	chr16	10651981	10652200	SINE/MIR	424	+	110	10652091	86467
chr16	10565624	10765624	harbor2	chr16	10655283	10655536	SINE/MIR	534	+	126	10655409	89785
chr16	10565624	10765624	harbor2	chr16	10661775	10661945	SINE/MIR	602	+	85	10661860	96236
chr16	10565624	10765624	harbor2	chr16	10662369	10662391	SINE/MIR	415	+	11	10662380	96756
chr16	10565624	10765624	harbor2	chr16	10662725	10662902	SINE/MIR	415	+	88	10662813	97189
chr16	51621469	51821469	harbor2	chr16	51623686	51623884	SINE/MIR	456	+	99	51623785	2316
chr16	51621469	51821469	harbor2	chr16	51626803	51626892	SINE/MIR	415	+	44	51626847	5378
chr16	51621469	51821469	harbor2	chr16	51627276	51627379	SINE/MIR	415	+	52	51627328	5859
chr16	51621469	51821469	harbor2	chr16	51628425	51628599	SINE/MIR	420	+	87	51628512	7043
chr16	51621469	51821469	harbor2	chr16	51638406	51638586	SINE/MIR	653	+	90	51638496	17027
chr16	51621469	51821469	harbor2	chr16	51648776	51648966	SINE/MIR	599	+	95	51648871	27402
chr16	51621469	51821469	harbor2	chr16	51651545	51651742	SINE/MIR	615	+	98	51651643	30174
chr16	51621469	51821469	harbor2	chr16	51664040	51664235	SINE/MIR	511	+	98	51664138	42669
chr16	51621469	51821469	harbor2	chr16	51667543	51667741	SINE/MIR	575	+	99	51667642	46173
chr16	51621469	51821469	harbor2	chr16	51696717	51696892	SINE/MIR	606	+	88	51696805	75336
chr16	51621469	51821469	harbor2	chr16	51701190	51701396	SINE/MIR	738	+	103	51701293	79824
chr16	64909815	65109815	harbor2	chr16	64968136	64968332	SINE/MIR	571	+	98	64968234	58419
chr16	64909815	65109815	harbor2	chr16	64970364	64970591	SINE/MIR	569	+	114	64970478	60663
chr16	64909815	65109815	harbor2	chr16	65005127	65005305	SINE/MIR	600	+	89	65005216	95401
chr16	77612590	77812590	harbor2	chr16	77649531	77649691	SINE/MIR	602	+	80	77649611	37021
chr16	77612590	77812590	harbor2	chr16	77683053	77683251	SINE/MIR	480	+	99	77683152	70562
chr16	83433773	83633773	harbor2	chr16	83437156	83437363	SINE/MIR	804	+	104	83437260	3487
chr16	83433773	83633773	harbor2	chr16	83439028	83439163	SINE/MIR	416	+	68	83439096	5323
chr16	83433773	83633773	harbor2	chr16	83449666	83449911	SINE/MIR	426	+	122	83449788	16015
chr16	83433773	83633773	harbor2	chr16	83473768	83473923	SINE/MIR	531	+	78	83473846	40073
chr16	83433773	83633773	harbor2	chr16	83501916	83502078	SINE/MIR	529	+	81	83501997	68224
chr16	83433773	83633773	harbor2	chr16	83521736	83521929	SINE/MIR	445	+	96	83521832	88059
chr16	83433773	83633773	harbor2	chr16	83530872	83531111	SINE/MIR	420	+	120	83530992	97219
chr16	79614129	79814129	harbor2	chr16	79625892	79626098	SINE/MIR	421	+	103	79625995	11866
chr16	79614129	79814129	harbor2	chr16	79661350	79661510	SINE/MIR	610	+	80	79661430	47301
chr16	79614129	79814129	harbor2	chr16	79688850	79689038	SINE/MIR	435	+	94	79688944	74815
chr16	79614129	79814129	harbor2	chr16	79691661	79691880	SINE/MIR	797	+	110	79691771	77642
chr16	68483543	68683543	harbor2	chr16	68484640	68484793	SINE/MIR	557	+	76	68484716	1173
chr16	68483543	68683543	harbor2	chr16	68499259	68499496	SINE/MIR	665	+	118	68499377	15834
chr16	68483543	68683543	harbor2	chr16	68501849	68502102	SINE/MIR	677	+	126	68501975	18432
chr16	68483543	68683543	harbor2	chr16	68528539	68528745	SINE/MIR	464	+	103	68528642	45099
chr16	67349501	67549501	harbor2	chr16	67404630	67404827	SINE/MIR	648	+	98	67404728	55227
chr16	67349501	67549501	harbor2	chr16	67421679	67421735	SINE/MIR	456	+	28	67421707	72206
chr16	67349501	67549501	harbor2	chr16	67422079	67422222	SINE/MIR	456	+	72	67422151	72650
chr16	67349501	67549501	harbor2	chr16	67426689	67426897	SINE/MIR	525	+	104	67426793	77292
chr16	67349501	67549501	harbor2	chr16	67441627	67441821	SINE/MIR	573	+	97	67441724	92223
chr16	86233989	86433989	harbor2	chr16	86273048	86273265	SINE/MIR	626	+	108	86273156	39167
chr16	86233989	86433989	harbor2	chr16	86282207	86282420	SINE/MIR	595	+	106	86282313	48324
chr16	86233989	86433989	harbor2	chr16	86284816	86284946	SINE/MIR	472	+	65	86284881	50892
chr16	86233989	86433989	harbor2	chr16	86299373	86299618	SINE/MIR	570	+	122	86299495	65506
chr16	86233989	86433989	harbor2	chr16	86306402	86306571	SINE/MIR	585	+	84	86306486	72497
chr16	69191513	69391513	harbor2	chr16	69213048	69213188	SINE/MIR	413	+	70	69213118	21605
chr16	69191513	69391513	harbor2	chr16	69247152	69247314	SINE/MIR	562	+	81	69247233	55720
chr16	69191513	69391513	harbor2	chr16	69247581	69247814	SINE/MIR	673	+	116	69247697	56184
chr16	69191513	69391513	harbor2	chr16	69273810	69273957	SINE/MIR	470	+	74	69273884	82371
chr16	61692513	61892513	harbor2	chr16	61715288	61715549	SINE/MIR	485	+	130	61715418	22905
chr16	61692513	61892513	harbor2	chr16	61779947	61780120	SINE/MIR	428	+	86	61780033	87520
chr16	74990404	75190404	harbor2	chr16	75003659	75003878	SINE/MIR	628	+	110	75003769	13365
chr16	74990404	75190404	harbor2	chr16	75017894	75018158	SINE/MIR	730	+	132	75018026	27622
chr16	74990404	75190404	harbor2	chr16	75088630	75088836	SINE/MIR	574	+	103	75088733	98329
chr16	86864969	87064969	harbor2	chr16	86888474	86888696	SINE/MIR	461	+	111	86888585	23616
chr16	86864969	87064969	harbor2	chr16	86903182	86903323	SINE/MIR	613	+	70	86903252	38283
chr16	86864969	87064969	harbor2	chr16	86925923	86926113	SINE/MIR	466	+	95	86926018	61049
chr16	86864969	87064969	harbor2	chr16	86950833	86951043	SINE/MIR	585	+	105	86950938	85969
chr16	86864969	87064969	harbor2	chr16	86960011	86960220	SINE/MIR	513	+	104	86960115	95146
chr16	86864969	87064969	harbor2	chr16	86964538	86964698	SINE/MIR	686	+	80	86964618	99649
chr16	83964755	84164755	harbor2	chr16	83972938	83973085	SINE/MIR	443	+	74	83973012	8257
chr16	83964755	84164755	harbor2	chr16	83974220	83974369	SINE/MIR	641	+	74	83974294	9539
chr16	83964755	84164755	harbor2	chr16	83976264	83976440	SINE/MIR	581	+	88	83976352	11597
chr16	83964755	84164755	harbor2	chr16	83990711	83990872	SINE/MIR	481	+	80	83990791	26036
chr16	83964755	84164755	harbor2	chr16	83994043	83994181	SINE/MIR	419	+	69	83994112	29357
chr16	83964755	84164755	harbor2	chr16	83995300	83995522	SINE/MIR	590	+	111	83995411	30656
chr16	83964755	84164755	harbor2	chr16	84022472	84022719	SINE/MIR	573	+	124	84022596	57841
chr16	83964755	84164755	harbor2	chr16	84050279	84050480	SINE/MIR	463	+	100	84050379	85624
chr16	83964755	84164755	harbor2	chr16	84060166	84060363	SINE/MIR	525	+	98	84060264	95509
chr16	83175068	83375068	harbor2	chr16	83219336	83219562	SINE/MIR	688	+	113	83219449	44381
chr16	83175068	83375068	harbor2	chr16	83237638	83237866	SINE/MIR	442	+	114	83237752	62684
chr16	83175068	83375068	harbor2	chr16	83252852	83253079	SINE/MIR	550	+	114	83252966	77898
chr16	83175068	83375068	harbor2	chr16	83259204	83259368	SINE/MIR	415	+	82	83259286	84218
chr16	75515300	75715300	harbor2	chr16	75530742	75530931	SINE/MIR	492	+	94	75530836	15536
chr16	75515300	75715300	harbor2	chr16	75531905	75532054	SINE/MIR	597	+	74	75531979	16679
chr16	75515300	75715300	harbor2	chr16	75573791	75573979	SINE/MIR	614	+	94	75573885	58585
chr16	27197045	27397045	harbor2	chr16	27219656	27219881	SINE/MIR	890	+	112	27219768	22723
chr16	27197045	27397045	harbor2	chr16	27257758	27257991	SINE/MIR	829	+	116	27257874	60829
chr16	27197045	27397045	harbor2	chr16	27269431	27269656	SINE/MIR	634	+	112	27269543	72498
chr16	27197045	27397045	harbor2	chr16	27271116	27271251	SINE/MIR	536	+	68	27271184	74139
chr16	70161004	70361004	harbor2	chr16	70165554	70165758	SINE/MIR	544	+	102	70165656	4652
chr16	70161004	70361004	harbor2	chr16	70255986	70256102	SINE/MIR	417	+	58	70256044	95040
chr16	85607493	85807493	harbor2	chr16	85618475	85618628	SINE/MIR	478	+	76	85618551	11058
chr16	85607493	85807493	harbor2	chr16	85699450	85699625	SINE/MIR	598	+	88	85699538	92045
chr16	56536773	56736773	harbor2	chr16	56541935	56542066	SINE/MIR	448	+	66	56542001	5228
chr16	56536773	56736773	harbor2	chr16	56547894	56548033	SINE/MIR	436	+	70	56547964	11191
chr16	56536773	56736773	harbor2	chr16	56568534	56568687	SINE/MIR	462	+	76	56568610	31837
chr16	56536773	56736773	harbor2	chr16	56570300	56570444	SINE/MIR	534	+	72	56570372	33599
chr16	56536773	56736773	harbor2	chr16	56584757	56584909	SINE/MIR	435	+	76	56584833	48060
chr16	56536773	56736773	harbor2	chr16	56601599	56601814	SINE/MIR	614	+	108	56601707	64934
chr16	56536773	56736773	harbor2	chr16	56604685	56604875	SINE/MIR	695	+	95	56604780	68007
chr16	56536773	56736773	harbor2	chr16	56607882	56608080	SINE/MIR	590	+	99	56607981	71208
chr16	56536773	56736773	harbor2	chr16	56610683	56610837	SINE/MIR	676	+	77	56610760	73987
chr16	56536773	56736773	harbor2	chr16	56611833	56612037	SINE/MIR	574	+	102	56611935	75162
chr16	56536773	56736773	harbor2	chr16	56623510	56623705	SINE/MIR	453	+	98	56623608	86835
chr16	56536773	56736773	harbor2	chr16	56629578	56629774	SINE/MIR	530	+	98	56629676	92903
chr16	56536773	56736773	harbor2	chr16	56630415	56630636	SINE/MIR	564	+	110	56630525	93752
chr16	80249266	80449266	harbor2	chr16	80273922	80274120	SINE/MIR	612	+	99	80274021	24755
chr16	80249266	80449266	harbor2	chr16	80281896	80282121	SINE/MIR	431	+	112	80282008	32742
chr16	80249266	80449266	harbor2	chr16	80295232	80295439	SINE/MIR	583	+	104	80295336	46070
chr16	80249266	80449266	harbor2	chr16	80325099	80325307	SINE/MIR	544	+	104	80325203	75937
chr16	80249266	80449266	harbor2	chr16	80348346	80348536	SINE/MIR	791	+	95	80348441	99175
chr16	77373932	77573932	harbor2	chr16	77388460	77388676	SINE/MIR	675	+	108	77388568	14636
chr16	77373932	77573932	harbor2	chr16	77470866	77471076	SINE/MIR	599	+	105	77470971	97039
chr16	56085230	56285230	harbor2	chr16	56088945	56089175	SINE/MIR	731	+	115	56089060	3830
chr16	56085230	56285230	harbor2	chr16	56111882	56112037	SINE/MIR	413	+	78	56111960	26730
chr16	56085230	56285230	harbor2	chr16	56119829	56120020	SINE/MIR	724	+	96	56119925	34695
chr16	56085230	56285230	harbor2	chr16	56132649	56132806	SINE/MIR	633	+	78	56132727	47497
chr16	56085230	56285230	harbor2	chr16	56152973	56153112	SINE/MIR	502	+	70	56153043	67813
chr16	56085230	56285230	harbor2	chr16	56184421	56184630	SINE/MIR	512	+	104	56184525	99295
chr16	82627225	82827225	harbor2	chr16	82647033	82647260	SINE/MIR	624	+	114	82647147	19922
chr16	82627225	82827225	harbor2	chr16	82649727	82649958	SINE/MIR	663	+	116	82649843	22618
chr16	82627225	82827225	harbor2	chr16	82658497	82658706	SINE/MIR	893	+	104	82658601	31376
chr16	82627225	82827225	harbor2	chr16	82663994	82664180	SINE/MIR	445	+	93	82664087	36862
chr16	82627225	82827225	harbor2	chr16	82672082	82672292	SINE/MIR	504	+	105	82672187	44962
chr16	82627225	82827225	harbor2	chr16	82709425	82709667	SINE/MIR	602	+	121	82709546	82321
chr16	82627225	82827225	harbor2	chr16	82724808	82725056	SINE/MIR	527	+	124	82724932	97707
chr16	82627225	82827225	harbor2	chr16	82725274	82725608	SINE/MIR	708	+	167	82725441	98216
chr16	68049123	68249123	harbor2	chr16	68049789	68050030	SINE/MIR	833	+	120	68049909	786
chr16	68049123	68249123	harbor2	chr16	68055472	68055713	SINE/MIR	754	+	120	68055592	6469
chr16	68049123	68249123	harbor2	chr16	68068365	68068571	SINE/MIR	776	+	103	68068468	19345
chr16	68049123	68249123	harbor2	chr16	68139208	68139355	SINE/MIR	433	+	74	68139282	90159
chr16	20665978	20865978	harbor2	chr16	20686019	20686160	SINE/MIR	490	+	70	20686089	20111
chr16	20665978	20865978	harbor2	chr16	20689851	20690043	SINE/MIR	490	+	96	20689947	23969
chr16	20665978	20865978	harbor2	chr16	20698366	20698522	SINE/MIR	487	+	78	20698444	32466
chr16	20665978	20865978	harbor2	chr16	20698805	20698942	SINE/MIR	487	+	68	20698873	32895
chr16	20665978	20865978	harbor2	chr16	20699724	20699853	SINE/MIR	523	+	64	20699788	33810
chr16	20665978	20865978	harbor2	chr16	20713077	20713276	SINE/MIR	688	+	100	20713177	47199
chr16	20665978	20865978	harbor2	chr16	20748359	20748573	SINE/MIR	588	+	107	20748466	82488
chr16	24390079	24590079	harbor2	chr16	24486326	24486528	SINE/MIR	432	+	101	24486427	96348
chr16	81122240	81322240	harbor2	chr16	81150662	81150920	SINE/MIR	708	+	129	81150791	28551
chr16	81122240	81322240	harbor2	chr16	81153725	81153938	SINE/MIR	426	+	106	81153831	31591
chr16	81122240	81322240	harbor2	chr16	81158966	81159124	SINE/MIR	419	+	79	81159045	36805
chr16	81122240	81322240	harbor2	chr16	81160003	81160123	SINE/MIR	469	+	60	81160063	37823
chr16	81122240	81322240	harbor2	chr16	81160421	81160543	SINE/MIR	469	+	61	81160482	38242
chr16	81122240	81322240	harbor2	chr16	81173651	81173890	SINE/MIR	487	+	120	81173771	51531
chr16	81122240	81322240	harbor2	chr16	81178219	81178326	SINE/MIR	475	+	54	81178273	56033
chr16	81122240	81322240	harbor2	chr16	81178636	81178763	SINE/MIR	475	+	64	81178700	56460
chr16	81122240	81322240	harbor2	chr16	81182845	81182949	SINE/MIR	520	+	52	81182897	60657
chr16	81122240	81322240	harbor2	chr16	81183258	81183348	SINE/MIR	520	+	45	81183303	61063
chr16	81122240	81322240	harbor2	chr16	81191852	81192017	SINE/MIR	458	+	82	81191934	69694
chr16	81122240	81322240	harbor2	chr16	81201615	81201770	SINE/MIR	652	+	78	81201693	79453
chr16	88850236	89050236	harbor2	chr16	88878647	88878663	SINE/MIR	416	+	8	88878655	28419
chr16	88850236	89050236	harbor2	chr16	88878957	88879075	SINE/MIR	416	+	59	88879016	28780
chr16	80606320	80806320	harbor2	chr16	80611605	80611756	SINE/MIR	522	+	76	80611681	5361
chr16	80606320	80806320	harbor2	chr16	80616096	80616342	SINE/MIR	485	+	123	80616219	9899
chr16	80606320	80806320	harbor2	chr16	80664724	80664931	SINE/MIR	459	+	104	80664828	58508
chr16	80606320	80806320	harbor2	chr16	80672646	80672852	SINE/MIR	516	+	103	80672749	66429
chr16	80606320	80806320	harbor2	chr16	80687675	80687839	SINE/MIR	444	+	82	80687757	81437
chr16	80606320	80806320	harbor2	chr16	80688328	80688421	SINE/MIR	426	+	46	80688374	82054
chr16	81021343	81221343	harbor2	chr16	81063322	81063570	SINE/MIR	777	+	124	81063446	42103
chr16	81021343	81221343	harbor2	chr16	81107426	81107582	SINE/MIR	659	+	78	81107504	86161
chr16	81021343	81221343	harbor2	chr16	81108333	81108504	SINE/MIR	588	+	86	81108419	87076
chr16	81021343	81221343	harbor2	chr16	81116396	81116492	SINE/MIR	442	+	48	81116444	95101
chr16	81021343	81221343	harbor2	chr16	81120470	81120664	SINE/MIR	438	+	97	81120567	99224
chr16	72258615	72458615	harbor2	chr16	72270034	72270173	SINE/MIR	485	+	70	72270104	11489
chr16	72258615	72458615	harbor2	chr16	72273481	72273689	SINE/MIR	648	+	104	72273585	14970
chr16	72258615	72458615	harbor2	chr16	72279577	72279739	SINE/MIR	710	+	81	72279658	21043
chr16	72258615	72458615	harbor2	chr16	72300472	72300677	SINE/MIR	475	+	102	72300574	41959
chr16	53009274	53209274	harbor2	chr16	53036152	53036339	SINE/MIR	494	+	94	53036246	26972
chr16	53009274	53209274	harbor2	chr16	53049753	53049919	SINE/MIR	422	+	83	53049836	40562
chr16	53009274	53209274	harbor2	chr16	53051883	53052097	SINE/MIR	541	+	107	53051990	42716
chr16	53009274	53209274	harbor2	chr16	53052399	53052443	SINE/MIR	504	+	22	53052421	43147
chr16	53009274	53209274	harbor2	chr16	53066103	53066208	SINE/MIR	424	+	52	53066155	56881
chr16	53009274	53209274	harbor2	chr16	53068074	53068221	SINE/MIR	555	+	74	53068148	58874
chr16	53009274	53209274	harbor2	chr16	53087447	53087620	SINE/MIR	518	+	86	53087533	78259
chr16	53009274	53209274	harbor2	chr16	53091234	53091467	SINE/MIR	675	+	116	53091350	82076
chr16	53009274	53209274	harbor2	chr16	53093225	53093427	SINE/MIR	650	+	101	53093326	84052
chr16	86782651	86982651	harbor2	chr16	86795440	86795648	SINE/MIR	498	+	104	86795544	12893
chr16	86782651	86982651	harbor2	chr16	86825355	86825550	SINE/MIR	429	+	98	86825453	42802
chr16	86782651	86982651	harbor2	chr16	86825740	86825951	SINE/MIR	657	+	106	86825846	43195
chr16	86782651	86982651	harbor2	chr16	86851324	86851492	SINE/MIR	536	+	84	86851408	68757
chr17	8644596	8844596	harbor2	chr17	8679535	8679727	SINE/MIR	791	+	96	8679631	35035
chr17	8644596	8844596	harbor2	chr17	8711235	8711357	SINE/MIR	568	+	61	8711296	66700
chr17	54893005	55093005	harbor2	chr17	54982915	54983116	SINE/MIR	529	+	100	54983015	90010
chr17	74419100	74619100	harbor2	chr17	74441447	74441542	SINE/MIR	525	+	48	74441495	22395
chr17	74419100	74619100	harbor2	chr17	74441823	74441870	SINE/MIR	525	+	24	74441847	22747
chr17	77021489	77221489	harbor2	chr17	77088239	77088469	SINE/MIR	509	+	115	77088354	66865
chr17	76575114	76775114	harbor2	chr17	76579520	76579548	SINE/MIR	599	+	14	76579534	4420
chr17	76575114	76775114	harbor2	chr17	76579941	76580130	SINE/MIR	599	+	94	76580035	4921
chr17	76575114	76775114	harbor2	chr17	76597896	76598113	SINE/MIR	654	+	108	76598004	22890
chr17	76575114	76775114	harbor2	chr17	76642262	76642471	SINE/MIR	701	+	104	76642366	67252
chr17	70396397	70596397	harbor2	chr17	70416343	70416470	SINE/MIR	505	+	64	70416407	20010
chr17	63853321	64053321	harbor2	chr17	63942339	63942475	SINE/MIR	510	+	68	63942407	89086
chr17	63853321	64053321	harbor2	chr17	63952912	63953080	SINE/MIR	720	+	84	63952996	99675
chr17	49316410	49516410	harbor2	chr17	49327937	49328161	SINE/MIR	636	+	112	49328049	11639
chr17	51367844	51567844	harbor2	chr17	51401119	51401341	SINE/MIR	810	+	111	51401230	33386
chr17	51367844	51567844	harbor2	chr17	51426222	51426435	SINE/MIR	629	+	106	51426328	58484
chr17	51367844	51567844	harbor2	chr17	51428356	51428580	SINE/MIR	916	+	112	51428468	60624
chr17	75401213	75601213	harbor2	chr17	75401616	75401811	SINE/MIR	639	+	98	75401714	501
chr17	66501035	66701035	harbor2	chr17	66523327	66523564	SINE/MIR	734	+	118	66523445	22410
chr17	66501035	66701035	harbor2	chr17	66582907	66583131	SINE/MIR	750	+	112	66583019	81984
chr17	61475727	61675727	harbor2	chr17	61574246	61574423	SINE/MIR	565	+	88	61574334	98607
chr17	49317419	49517419	harbor2	chr17	49327937	49328161	SINE/MIR	636	+	112	49328049	10630
chr17	78895602	79095602	harbor2	chr17	78950194	78950417	SINE/MIR	537	+	112	78950306	54704
chr17	46315256	46515256	harbor2	chr17	46320768	46320888	SINE/MIR	635	+	60	46320828	5572
chr17	46315256	46515256	harbor2	chr17	46407020	46407245	SINE/MIR	547	+	112	46407132	91876
chr17	44295669	44495669	harbor2	chr17	44311339	44311567	SINE/MIR	590	+	114	44311453	15784
chr17	44295669	44495669	harbor2	chr17	44327841	44328040	SINE/MIR	505	+	100	44327941	32272
chr17	77863767	78063767	harbor2	chr17	77906985	77907167	SINE/MIR	578	+	91	77907076	43309
chr17	77863767	78063767	harbor2	chr17	77915374	77915495	SINE/MIR	576	+	60	77915434	51667
chr17	47312362	47512362	harbor2	chr17	47344415	47344595	SINE/MIR	509	+	90	47344505	32143
chr17	68911608	69111608	harbor2	chr17	68918619	68918651	SINE/MIR	687	+	16	68918635	7027
chr17	68911608	69111608	harbor2	chr17	68918959	68919171	SINE/MIR	687	+	106	68919065	7457
chr17	68059653	68259653	harbor2	chr17	68086014	68086127	SINE/MIR	515	+	56	68086070	26417
chr17	68059653	68259653	harbor2	chr17	68131924	68132141	SINE/MIR	678	+	108	68132032	72379
chr17	69225434	69425434	harbor2	chr17	69284958	69285217	SINE/MIR	846	+	130	69285088	59654
chr17	69225434	69425434	harbor2	chr17	69319882	69320131	SINE/MIR	972	+	124	69320006	94572
chr17	69225434	69425434	harbor2	chr17	69271407	69271632	SINE/MIR	645	+	112	69271519	46085
chr17	62734858	62934858	harbor2	chr17	62744640	62744788	SINE/MIR	512	+	74	62744714	9856
chr17	62734858	62934858	harbor2	chr17	62762926	62763172	SINE/MIR	640	+	123	62763049	28191
chr17	62734858	62934858	harbor2	chr17	62787600	62787748	SINE/MIR	627	+	74	62787674	52816
chr17	62734858	62934858	harbor2	chr17	62787777	62787896	SINE/MIR	627	+	60	62787837	52979
chr17	62734858	62934858	harbor2	chr17	62815328	62815562	SINE/MIR	587	+	117	62815445	80587
chr17	50943912	51143912	harbor2	chr17	50950989	50951140	SINE/MIR	533	+	76	50951065	7153
chr17	50943912	51143912	harbor2	chr17	51017561	51017703	SINE/MIR	519	+	71	51017632	73720
chr17	68581170	68781170	harbor2	chr17	68593967	68594129	SINE/MIR	559	+	81	68594048	12878
chr17	68581170	68781170	harbor2	chr17	68595042	68595110	SINE/MIR	559	+	34	68595076	13906
chr17	68581170	68781170	harbor2	chr17	68628566	68628785	SINE/MIR	688	+	110	68628676	47506
chr17	68581170	68781170	harbor2	chr17	68629311	68629561	SINE/MIR	728	+	125	68629436	48266
chr17	68581170	68781170	harbor2	chr17	68630040	68630256	SINE/MIR	700	+	108	68630148	48978
chr17	76005839	76205839	harbor2	chr17	76025033	76025283	SINE/MIR	758	+	125	76025158	19319
chr17	79070439	79270439	harbor2	chr17	79158302	79158440	SINE/MIR	503	+	69	79158371	87932
chr17	22686880	22886880	harbor2	chr17	22707820	22708052	SINE/MIR	574	+	116	22707936	21056
chr17	77056692	77256692	harbor2	chr17	77088239	77088469	SINE/MIR	509	+	115	77088354	31662
chr17	41415217	41615217	harbor2	chr17	41430779	41431037	SINE/MIR	1018	+	129	41430908	15691
chr17	41415217	41615217	harbor2	chr17	41451574	41451768	SINE/MIR	552	+	97	41451671	36454
chr17	41415217	41615217	harbor2	chr17	41452503	41452722	SINE/MIR	554	+	110	41452613	37396
chr17	41415217	41615217	harbor2	chr17	41458794	41459037	SINE/MIR	571	+	122	41458916	43699
chr17	41415217	41615217	harbor2	chr17	41459215	41459392	SINE/MIR	795	+	88	41459303	44086
chr17	41415217	41615217	harbor2	chr17	41488014	41488174	SINE/MIR	609	+	80	41488094	72877
chr17	41415217	41615217	harbor2	chr17	41488940	41489168	SINE/MIR	555	+	114	41489054	73837
chr17	41415217	41615217	harbor2	chr17	41490611	41490820	SINE/MIR	542	+	104	41490715	75498
chr17	41415217	41615217	harbor2	chr17	41510210	41510370	SINE/MIR	507	+	80	41510290	95073
chr17	41415217	41615217	harbor2	chr17	41512197	41512419	SINE/MIR	552	+	111	41512308	97091
chr17	77555298	77755298	harbor2	chr17	77565504	77565752	SINE/MIR	563	+	124	77565628	10330
chr17	77555298	77755298	harbor2	chr17	77604467	77604673	SINE/MIR	507	+	103	77604570	49272
chr17	73010629	73210629	harbor2	chr17	73047343	73047461	SINE/MIR	542	+	59	73047402	36773
chr17	73010629	73210629	harbor2	chr17	73075510	73075570	SINE/MIR	667	+	30	73075540	64911
chr17	73010629	73210629	harbor2	chr17	73075860	73076046	SINE/MIR	667	+	93	73075953	65324
chr17	65549168	65749168	harbor2	chr17	65637940	65638127	SINE/MIR	543	+	94	65638034	88866
chr17	48606975	48806975	harbor2	chr17	48678861	48679010	SINE/MIR	606	+	74	48678935	71960
chr17	73930199	74130199	harbor2	chr17	73931079	73931174	SINE/MIR	897	+	48	73931127	928
chr17	73930199	74130199	harbor2	chr17	73931547	73931713	SINE/MIR	897	+	83	73931630	1431
chr17	73930199	74130199	harbor2	chr17	73936767	73936969	SINE/MIR	536	+	101	73936868	6669
chr17	73930199	74130199	harbor2	chr17	73956438	73956573	SINE/MIR	548	+	68	73956506	26307
chr17	73930199	74130199	harbor2	chr17	73966760	73966952	SINE/MIR	547	+	96	73966856	36657
chr17	73930199	74130199	harbor2	chr17	74022635	74022829	SINE/MIR	685	+	97	74022732	92533
chr17	37601190	37801190	harbor2	chr17	37646788	37646949	SINE/MIR	518	+	80	37646868	45678
chr17	37601190	37801190	harbor2	chr17	37660695	37660809	SINE/MIR	640	+	57	37660752	59562
chr17	37601190	37801190	harbor2	chr17	37661294	37661445	SINE/MIR	640	+	76	37661370	60180
chr17	37601190	37801190	harbor2	chr17	37661554	37661800	SINE/MIR	569	+	123	37661677	60487
chr17	9610096	9810096	harbor2	chr17	9638760	9639008	SINE/MIR	516	+	124	9638884	28788
chr17	9610096	9810096	harbor2	chr17	9647385	9647573	SINE/MIR	622	+	94	9647479	37383
chr17	9610096	9810096	harbor2	chr17	9673671	9673883	SINE/MIR	678	+	106	9673777	63681
chr17	9610096	9810096	harbor2	chr17	9675884	9675986	SINE/MIR	566	+	51	9675935	65839
chr17	76941416	77141416	harbor2	chr17	76970858	76971007	SINE/MIR	538	+	74	76970932	29516
chr17	66777552	66977552	harbor2	chr17	66830827	66830994	SINE/MIR	527	+	84	66830911	53359
chr17	66777552	66977552	harbor2	chr17	66834499	66834731	SINE/MIR	795	+	116	66834615	57063
chr17	66777552	66977552	harbor2	chr17	66860172	66860305	SINE/MIR	537	+	66	66860238	82686
chr17	66777552	66977552	harbor2	chr17	66872984	66873229	SINE/MIR	634	+	122	66873106	95554
chr17	66777552	66977552	harbor2	chr17	66874058	66874278	SINE/MIR	601	+	110	66874168	96616
chr17	75256287	75456287	harbor2	chr17	75285575	75285794	SINE/MIR	512	+	110	75285685	29398
chr17	59691247	59891247	harbor2	chr17	59711936	59712139	SINE/MIR	560	+	102	59712038	20791
chr17	59691247	59891247	harbor2	chr17	59748424	59748651	SINE/MIR	700	+	114	59748538	57291
chr17	78942454	79142454	harbor2	chr17	78950194	78950417	SINE/MIR	537	+	112	78950306	7852
chr17	48784283	48984283	harbor2	chr17	48793649	48793847	SINE/MIR	875	+	99	48793748	9465
chr17	48784283	48984283	harbor2	chr17	48794822	48794978	SINE/MIR	643	+	78	48794900	10617
chr17	48784283	48984283	harbor2	chr17	48796773	48796958	SINE/MIR	774	+	92	48796865	12582
chr17	48784283	48984283	harbor2	chr17	48799922	48800115	SINE/MIR	603	+	96	48800018	15735
chr17	48784283	48984283	harbor2	chr17	48812391	48812634	SINE/MIR	848	+	122	48812513	28230
chr17	48784283	48984283	harbor2	chr17	48815917	48816148	SINE/MIR	911	+	116	48816033	31750
chr17	48784283	48984283	harbor2	chr17	48877569	48877780	SINE/MIR	635	+	106	48877675	93392
chr17	21214544	21414544	harbor2	chr17	21244343	21244467	SINE/MIR	556	+	62	21244405	29861
chr17	21214544	21414544	harbor2	chr17	21288841	21289013	SINE/MIR	553	+	86	21288927	74383
chr17	72084347	72284347	harbor2	chr17	72090322	72090572	SINE/MIR	592	+	125	72090447	6100
chr17	72084347	72284347	harbor2	chr17	72094497	72094713	SINE/MIR	635	+	108	72094605	10258
chr17	72084347	72284347	harbor2	chr17	72152094	72152357	SINE/MIR	819	+	132	72152226	67879
chr17	72084347	72284347	harbor2	chr17	72160014	72160255	SINE/MIR	773	+	120	72160134	75787
chr17	54182066	54382066	harbor2	chr17	54187356	54187585	SINE/MIR	649	+	114	54187470	5404
chr17	54182066	54382066	harbor2	chr17	54187981	54188006	SINE/MIR	649	+	12	54187993	5927
chr17	40408717	40608717	harbor2	chr17	40437969	40438189	SINE/MIR	990	+	110	40438079	29362
chr17	40408717	40608717	harbor2	chr17	40461405	40461578	SINE/MIR	537	+	86	40461491	52774
chr17	40408717	40608717	harbor2	chr17	40470121	40470296	SINE/MIR	635	+	88	40470209	61492
chr17	40408717	40608717	harbor2	chr17	40489163	40489421	SINE/MIR	713	+	129	40489292	80575
chr17	40408717	40608717	harbor2	chr17	40490705	40490921	SINE/MIR	691	+	108	40490813	82096
chr17	40408717	40608717	harbor2	chr17	40496612	40496803	SINE/MIR	809	+	96	40496708	87991
chr17	33746554	33946554	harbor2	chr17	33783247	33783476	SINE/MIR	797	+	114	33783361	36807
chr17	33746554	33946554	harbor2	chr17	33801479	33801694	SINE/MIR	572	+	108	33801587	55033
chr17	57612072	57812072	harbor2	chr17	57620116	57620309	SINE/MIR	520	+	96	57620212	8140
chr17	59396195	59596195	harbor2	chr17	59405823	59406026	SINE/MIR	524	+	102	59405925	9730
chr17	59396195	59596195	harbor2	chr17	59415636	59415799	SINE/MIR	565	+	82	59415718	19523
chr17	68234243	68434243	harbor2	chr17	68314067	68314241	SINE/MIR	706	+	87	68314154	79911
chr17	68234243	68434243	harbor2	chr17	68316546	68316769	SINE/MIR	738	+	112	68316658	82415
chr17	74706402	74906402	harbor2	chr17	74756667	74756873	SINE/MIR	680	+	103	74756770	50368
chr17	74110403	74310403	harbor2	chr17	74129518	74129718	SINE/MIR	535	+	100	74129618	19215
chr17	74110403	74310403	harbor2	chr17	74193301	74193482	SINE/MIR	686	+	90	74193391	82988
chr17	37581907	37781907	harbor2	chr17	37585782	37585966	SINE/MIR	647	+	92	37585874	3967
chr17	37581907	37781907	harbor2	chr17	37646788	37646949	SINE/MIR	518	+	80	37646868	64961
chr17	37581907	37781907	harbor2	chr17	37660695	37660809	SINE/MIR	640	+	57	37660752	78845
chr17	37581907	37781907	harbor2	chr17	37661294	37661445	SINE/MIR	640	+	76	37661370	79463
chr17	37581907	37781907	harbor2	chr17	37661554	37661800	SINE/MIR	569	+	123	37661677	79770
chr17	77967870	78167870	harbor2	chr17	77975936	77976119	SINE/MIR	543	+	92	77976028	8158
chr17	30928430	31128430	harbor2	chr17	30929064	30929297	SINE/MIR	593	+	116	30929180	750
chr17	30928430	31128430	harbor2	chr17	30950335	30950520	SINE/MIR	520	+	92	30950427	21997
chr17	30928430	31128430	harbor2	chr17	30952774	30952996	SINE/MIR	527	+	111	30952885	24455
chr17	30928430	31128430	harbor2	chr17	30954857	30955109	SINE/MIR	811	+	126	30954983	26553
chr17	30928430	31128430	harbor2	chr17	30986642	30986844	SINE/MIR	683	+	101	30986743	58313
chr17	30928430	31128430	harbor2	chr17	30997678	30997924	SINE/MIR	1103	+	123	30997801	69371
chr17	30928430	31128430	harbor2	chr17	31016062	31016300	SINE/MIR	1004	+	119	31016181	87751
chr17	29921009	30121009	harbor2	chr17	29921164	29921326	SINE/MIR	616	+	81	29921245	236
chr17	29921009	30121009	harbor2	chr17	29926928	29927167	SINE/MIR	808	+	120	29927048	6039
chr17	50870803	51070803	harbor2	chr17	50892383	50892460	SINE/MIR	571	+	38	50892421	21618
chr17	50870803	51070803	harbor2	chr17	50892797	50892852	SINE/MIR	571	+	28	50892825	22022
chr17	50870803	51070803	harbor2	chr17	50892889	50892991	SINE/MIR	571	+	51	50892940	22137
chr17	50870803	51070803	harbor2	chr17	50926319	50926470	SINE/MIR	546	+	76	50926395	55592
chr17	50870803	51070803	harbor2	chr17	50926703	50926924	SINE/MIR	550	+	110	50926813	56010
chr17	50870803	51070803	harbor2	chr17	50950989	50951140	SINE/MIR	533	+	76	50951065	80262
chr17	43031693	43231693	harbor2	chr17	43035029	43035235	SINE/MIR	598	+	103	43035132	3439
chr17	43031693	43231693	harbor2	chr17	43040430	43040577	SINE/MIR	608	+	74	43040504	8811
chr17	43031693	43231693	harbor2	chr17	43055334	43055365	SINE/MIR	851	+	16	43055350	23657
chr17	43031693	43231693	harbor2	chr17	43055961	43056172	SINE/MIR	851	+	106	43056067	24374
chr17	43031693	43231693	harbor2	chr17	43056479	43056510	SINE/MIR	841	+	16	43056495	24802
chr17	43031693	43231693	harbor2	chr17	43097615	43097846	SINE/MIR	798	+	116	43097731	66038
chr17	72551956	72751956	harbor2	chr17	72569848	72570027	SINE/MIR	675	+	90	72569938	17982
chr17	72551956	72751956	harbor2	chr17	72617488	72617700	SINE/MIR	525	+	106	72617594	65638
chr17	56787403	56987403	harbor2	chr17	56787413	56787609	SINE/MIR	629	+	98	56787511	108
chr17	56787403	56987403	harbor2	chr17	56816279	56816455	SINE/MIR	639	+	88	56816367	28964
chr17	74527642	74727642	harbor2	chr17	74571274	74571452	SINE/MIR	593	+	89	74571363	43721
chr17	74527642	74727642	harbor2	chr17	74589915	74590011	SINE/MIR	619	+	48	74589963	62321
chr17	74527642	74727642	harbor2	chr17	74590375	74590421	SINE/MIR	619	+	23	74590398	62756
chr17	74527642	74727642	harbor2	chr17	74624254	74624501	SINE/MIR	811	+	124	74624378	96736
chr17	63261221	63461221	harbor2	chr17	63315986	63316137	SINE/MIR	503	+	76	63316062	54841
chr17	63261221	63461221	harbor2	chr17	63356654	63356863	SINE/MIR	584	+	104	63356758	95537
chr17	79157998	79357998	harbor2	chr17	79158302	79158440	SINE/MIR	503	+	69	79158371	373
chr17	79157998	79357998	harbor2	chr17	79226567	79226772	SINE/MIR	587	+	102	79226669	68671
chr17	63502090	63702090	harbor2	chr17	63505039	63505272	SINE/MIR	838	+	116	63505155	3065
chr17	63502090	63702090	harbor2	chr17	63506596	63506791	SINE/MIR	556	+	98	63506694	4604
chr17	63502090	63702090	harbor2	chr17	63544687	63544856	SINE/MIR	514	+	84	63544771	42681
chr17	63502090	63702090	harbor2	chr17	63554557	63554762	SINE/MIR	677	+	102	63554659	52569
chr17	63502090	63702090	harbor2	chr17	63565231	63565292	SINE/MIR	541	+	30	63565261	63171
chr17	63502090	63702090	harbor2	chr17	63565581	63565774	SINE/MIR	541	+	96	63565677	63587
chr17	63502090	63702090	harbor2	chr17	63588723	63588915	SINE/MIR	624	+	96	63588819	86729
chr17	38638117	38838117	harbor2	chr17	38667413	38667566	SINE/MIR	546	+	76	38667489	29372
chr17	38638117	38838117	harbor2	chr17	38703068	38703238	SINE/MIR	537	+	85	38703153	65036
chr17	55798655	55998655	harbor2	chr17	55818450	55818635	SINE/MIR	506	+	92	55818542	19887
chr17	55798655	55998655	harbor2	chr17	55844644	55844807	SINE/MIR	560	+	82	55844726	46071
chr17	55798655	55998655	harbor2	chr17	55845114	55845169	SINE/MIR	560	+	28	55845142	46487
chr17	55798655	55998655	harbor2	chr17	55865987	55866166	SINE/MIR	546	+	90	55866077	67422
chr17	55798655	55998655	harbor2	chr17	55897793	55897970	SINE/MIR	566	+	88	55897881	99226
chr17	73674996	73874996	harbor2	chr17	73682521	73682687	SINE/MIR	657	+	83	73682604	7608
chr17	73674996	73874996	harbor2	chr17	73698777	73698971	SINE/MIR	692	+	97	73698874	23878
chr17	73674996	73874996	harbor2	chr17	73705994	73706234	SINE/MIR	586	+	120	73706114	31118
chr17	73674996	73874996	harbor2	chr17	73727696	73727875	SINE/MIR	597	+	90	73727786	52790
chr17	73674996	73874996	harbor2	chr17	73738687	73738915	SINE/MIR	587	+	114	73738801	63805
chr17	73674996	73874996	harbor2	chr17	73745795	73745979	SINE/MIR	737	+	92	73745887	70891
chr17	35948284	36148284	harbor2	chr17	35960129	35960294	SINE/MIR	837	+	82	35960211	11927
chr17	35948284	36148284	harbor2	chr17	35979433	35979681	SINE/MIR	782	+	124	35979557	31273
chr17	59747333	59947333	harbor2	chr17	59748424	59748651	SINE/MIR	700	+	114	59748538	1205
chr17	59747333	59947333	harbor2	chr17	59808097	59808341	SINE/MIR	588	+	122	59808219	60886
chr17	74784158	74984158	harbor2	chr17	74855452	74855602	SINE/MIR	604	+	75	74855527	71369
chr17	76366237	76566237	harbor2	chr17	76447266	76447432	SINE/MIR	735	+	83	76447349	81112
chr17	76366237	76566237	harbor2	chr17	76453876	76454109	SINE/MIR	510	+	116	76453992	87755
chr17	76366237	76566237	harbor2	chr17	76459607	76459814	SINE/MIR	737	+	104	76459711	93474
chr17	28950331	29150331	harbor2	chr17	28966941	28967157	SINE/MIR	644	+	108	28967049	16718
chr17	28950331	29150331	harbor2	chr17	28974879	28975085	SINE/MIR	734	+	103	28974982	24651
chr17	28950331	29150331	harbor2	chr17	28983062	28983212	SINE/MIR	609	+	75	28983137	32806
chr17	28950331	29150331	harbor2	chr17	29013627	29013842	SINE/MIR	642	+	108	29013735	63404
chr17	28950331	29150331	harbor2	chr17	29017755	29017986	SINE/MIR	578	+	116	29017871	67540
chr17	28950331	29150331	harbor2	chr17	29046764	29046953	SINE/MIR	557	+	94	29046858	96527
chr17	72349274	72549274	harbor2	chr17	72351517	72351712	SINE/MIR	705	+	98	72351615	2341
chr17	72349274	72549274	harbor2	chr17	72383848	72384079	SINE/MIR	723	+	116	72383964	34690
chr17	72349274	72549274	harbor2	chr17	72409512	72409692	SINE/MIR	622	+	90	72409602	60328
chr17	72349274	72549274	harbor2	chr17	72439343	72439522	SINE/MIR	771	+	90	72439433	90159
chr17	72349274	72549274	harbor2	chr17	72439875	72439910	SINE/MIR	771	+	18	72439893	90619
chr17	66840222	67040222	harbor2	chr17	66860172	66860305	SINE/MIR	537	+	66	66860238	20016
chr17	66840222	67040222	harbor2	chr17	66872984	66873229	SINE/MIR	634	+	122	66873106	32884
chr17	66840222	67040222	harbor2	chr17	66874058	66874278	SINE/MIR	601	+	110	66874168	33946
chr17	66840222	67040222	harbor2	chr17	66926499	66926681	SINE/MIR	633	+	91	66926590	86368
chr17	60403586	60603586	harbor2	chr17	60494113	60494328	SINE/MIR	715	+	108	60494221	90635
chr17	42168736	42368736	harbor2	chr17	42174175	42174352	SINE/MIR	580	+	88	42174263	5527
chr17	42168736	42368736	harbor2	chr17	42179325	42179533	SINE/MIR	788	+	104	42179429	10693
chr17	42168736	42368736	harbor2	chr17	42181670	42181841	SINE/MIR	503	+	86	42181756	13020
chr17	42168736	42368736	harbor2	chr17	42193716	42193893	SINE/MIR	620	+	88	42193804	25068
chr17	72246043	72446043	harbor2	chr17	72301302	72301501	SINE/MIR	666	+	100	72301402	55359
chr17	72246043	72446043	harbor2	chr17	72324053	72324221	SINE/MIR	668	+	84	72324137	78094
chr17	76661932	76861932	harbor2	chr17	76740465	76740701	SINE/MIR	592	+	118	76740583	78651
chr17	65706559	65906559	harbor2	chr17	65711241	65711483	SINE/MIR	860	+	121	65711362	4803
chr17	65706559	65906559	harbor2	chr17	65740991	65741254	SINE/MIR	793	+	132	65741123	34564
chr17	49302852	49502852	harbor2	chr17	49327937	49328161	SINE/MIR	636	+	112	49328049	25197
chr17	81226937	81426937	harbor2	chr17	81273309	81273485	SINE/MIR	640	+	88	81273397	46460
chr17	78853434	79053434	harbor2	chr17	78950194	78950417	SINE/MIR	537	+	112	78950306	96872
chr17	57546062	57746062	harbor2	chr17	57561914	57562119	SINE/MIR	643	+	102	57562016	15954
chr17	57546062	57746062	harbor2	chr17	57620116	57620309	SINE/MIR	520	+	96	57620212	74150
chr17	79526805	79726805	harbor2	chr17	79555006	79555254	SINE/MIR	783	+	124	79555130	28325
chr17	76713880	76913880	harbor2	chr17	76740465	76740701	SINE/MIR	592	+	118	76740583	26703
chr17	77699199	77899199	harbor2	chr17	77706811	77707022	SINE/MIR	711	+	106	77706917	7718
chr17	28820980	29020980	harbor2	chr17	28901752	28901919	SINE/MIR	734	+	84	28901836	80856
chr17	64476919	64676919	harbor2	chr17	64556409	64556642	SINE/MIR	594	+	116	64556525	79606
chr17	64476919	64676919	harbor2	chr17	64570595	64570777	SINE/MIR	601	+	91	64570686	93767
chr17	64476919	64676919	harbor2	chr17	64571081	64571151	SINE/MIR	601	+	35	64571116	94197
chr17	73002059	73202059	harbor2	chr17	73047343	73047461	SINE/MIR	542	+	59	73047402	45343
chr17	73002059	73202059	harbor2	chr17	73075510	73075570	SINE/MIR	667	+	30	73075540	73481
chr17	73002059	73202059	harbor2	chr17	73075860	73076046	SINE/MIR	667	+	93	73075953	73894
chr17	79974564	80174564	harbor2	chr17	80033959	80034122	SINE/MIR	558	+	82	80034041	59477
chr17	61799300	61999300	harbor2	chr17	61836891	61837077	SINE/MIR	769	+	93	61836984	37684
chr17	61799300	61999300	harbor2	chr17	61844768	61844933	SINE/MIR	503	+	82	61844850	45550
chr17	61799300	61999300	harbor2	chr17	61861726	61861892	SINE/MIR	513	+	83	61861809	62509
chr17	61799300	61999300	harbor2	chr17	61862287	61862482	SINE/MIR	535	+	98	61862385	63085
chr17	61799300	61999300	harbor2	chr17	61870828	61871058	SINE/MIR	1041	+	115	61870943	71643
chr17	71336547	71536547	harbor2	chr17	71350073	71350317	SINE/MIR	765	+	122	71350195	13648
chr17	71336547	71536547	harbor2	chr17	71359542	71359777	SINE/MIR	583	+	118	71359660	23113
chr17	71336547	71536547	harbor2	chr17	71370267	71370489	SINE/MIR	556	+	111	71370378	33831
chr17	71336547	71536547	harbor2	chr17	71377592	71377788	SINE/MIR	504	+	98	71377690	41143
chr17	71336547	71536547	harbor2	chr17	71385814	71386011	SINE/MIR	550	+	98	71385912	49365
chr17	71336547	71536547	harbor2	chr17	71391900	71391926	SINE/MIR	503	+	13	71391913	55366
chr17	71336547	71536547	harbor2	chr17	71392531	71392681	SINE/MIR	503	+	75	71392606	56059
chr17	18360677	18560677	harbor2	chr17	18372325	18372556	SINE/MIR	729	+	116	18372441	11764
chr17	52382385	52582385	harbor2	chr17	52390675	52390876	SINE/MIR	620	+	100	52390775	8390
chr17	76082968	76282968	harbor2	chr17	76146177	76146329	SINE/MIR	518	+	76	76146253	63285
chr17	56885787	57085787	harbor2	chr17	56932499	56932701	SINE/MIR	873	+	101	56932600	46813
chr17	69622601	69822601	harbor2	chr17	69692808	69693048	SINE/MIR	584	+	120	69692928	70327
chr17	69622601	69822601	harbor2	chr17	69713670	69713841	SINE/MIR	518	+	86	69713756	91155
chr17	65204426	65404426	harbor2	chr17	65239575	65239811	SINE/MIR	702	+	118	65239693	35267
chr17	65204426	65404426	harbor2	chr17	65276961	65277103	SINE/MIR	526	+	71	65277032	72606
chr17	65204426	65404426	harbor2	chr17	65285775	65285948	SINE/MIR	541	+	86	65285861	81435
chr17	65204426	65404426	harbor2	chr17	65294684	65294914	SINE/MIR	588	+	115	65294799	90373
chr17	76098434	76298434	harbor2	chr17	76146177	76146329	SINE/MIR	518	+	76	76146253	47819
chr17	76098434	76298434	harbor2	chr17	76192796	76192832	SINE/MIR	547	+	18	76192814	94380
chr17	76098434	76298434	harbor2	chr17	76193119	76193289	SINE/MIR	547	+	85	76193204	94770
chr17	72461838	72661838	harbor2	chr17	72535975	72536207	SINE/MIR	566	+	116	72536091	74253
chr17	72461838	72661838	harbor2	chr17	72538214	72538421	SINE/MIR	594	+	104	72538318	76480
chr17	72461838	72661838	harbor2	chr17	72545810	72545981	SINE/MIR	506	+	86	72545896	84058
chr17	72461838	72661838	harbor2	chr17	72548888	72549073	SINE/MIR	780	+	92	72548980	87142
chr17	69386109	69586109	harbor2	chr17	69426225	69426429	SINE/MIR	593	+	102	69426327	40218
chr17	69386109	69586109	harbor2	chr17	69442745	69442934	SINE/MIR	616	+	94	69442839	56730
chr17	69386109	69586109	harbor2	chr17	69449080	69449252	SINE/MIR	791	+	86	69449166	63057
chr17	27943049	28143049	harbor2	chr17	27946679	27946889	SINE/MIR	579	+	105	27946784	3735
chr17	27943049	28143049	harbor2	chr17	27964673	27964891	SINE/MIR	637	+	109	27964782	21733
chr17	27943049	28143049	harbor2	chr17	27982041	27982260	SINE/MIR	550	+	110	27982151	39102
chr17	27943049	28143049	harbor2	chr17	27982995	27983215	SINE/MIR	726	+	110	27983105	40056
chr17	27943049	28143049	harbor2	chr17	27983964	27984210	SINE/MIR	779	+	123	27984087	41038
chr17	27943049	28143049	harbor2	chr17	27991395	27991579	SINE/MIR	524	+	92	27991487	48438
chr17	27943049	28143049	harbor2	chr17	28020948	28021153	SINE/MIR	524	+	102	28021050	78001
chr17	27943049	28143049	harbor2	chr17	28023723	28023833	SINE/MIR	679	+	55	28023778	80729
chr17	27943049	28143049	harbor2	chr17	28024147	28024253	SINE/MIR	679	+	53	28024200	81151
chr17	47361660	47561660	harbor2	chr17	47429413	47429661	SINE/MIR	759	+	124	47429537	67877
chr17	78273104	78473104	harbor2	chr17	78290664	78290838	SINE/MIR	568	+	87	78290751	17647
chr17	78273104	78473104	harbor2	chr17	78346108	78346349	SINE/MIR	938	+	120	78346228	73124
chr17	78273104	78473104	harbor2	chr17	78348453	78348676	SINE/MIR	512	+	112	78348565	75461
chr17	78273104	78473104	harbor2	chr17	78362985	78363192	SINE/MIR	757	+	104	78363089	89985
chr17	75826516	76026516	harbor2	chr17	75854685	75854923	SINE/MIR	564	+	119	75854804	28288
chr17	75826516	76026516	harbor2	chr17	75910933	75911138	SINE/MIR	617	+	102	75911035	84519
chr17	75826516	76026516	harbor2	chr17	75911272	75911345	SINE/MIR	617	+	36	75911308	84792
chr17	72272874	72472874	harbor2	chr17	72301302	72301501	SINE/MIR	666	+	100	72301402	28528
chr17	72272874	72472874	harbor2	chr17	72324053	72324221	SINE/MIR	668	+	84	72324137	51263
chr17	72272874	72472874	harbor2	chr17	72351517	72351712	SINE/MIR	705	+	98	72351615	78741
chr17	75374946	75574946	harbor2	chr17	75401616	75401811	SINE/MIR	639	+	98	75401714	26768
chr17	45440492	45640492	harbor2	chr17	45440337	45440547	SINE/MIR	503	+	105	45440442	50
chr17	45440492	45640492	harbor2	chr17	45446778	45446938	SINE/MIR	505	+	80	45446858	6366
chr17	45440492	45640492	harbor2	chr17	45452453	45452641	SINE/MIR	707	+	94	45452547	12055
chr17	45440492	45640492	harbor2	chr17	45523001	45523219	SINE/MIR	616	+	109	45523110	82618
chr17	45440492	45640492	harbor2	chr17	45535121	45535301	SINE/MIR	591	+	90	45535211	94719
chr17	62446077	62646077	harbor2	chr17	62510326	62510483	SINE/MIR	557	+	78	62510404	64327
chr17	71366730	71566730	harbor2	chr17	71370267	71370489	SINE/MIR	556	+	111	71370378	3648
chr17	71366730	71566730	harbor2	chr17	71377592	71377788	SINE/MIR	504	+	98	71377690	10960
chr17	71366730	71566730	harbor2	chr17	71385814	71386011	SINE/MIR	550	+	98	71385912	19182
chr17	71366730	71566730	harbor2	chr17	71391900	71391926	SINE/MIR	503	+	13	71391913	25183
chr17	71366730	71566730	harbor2	chr17	71392531	71392681	SINE/MIR	503	+	75	71392606	25876
chr17	62893041	63093041	harbor2	chr17	62920730	62920976	SINE/MIR	686	+	123	62920853	27812
chr17	62893041	63093041	harbor2	chr17	62962268	62962459	SINE/MIR	566	+	96	62962364	69323
chr17	48787446	48987446	harbor2	chr17	48793649	48793847	SINE/MIR	875	+	99	48793748	6302
chr17	48787446	48987446	harbor2	chr17	48794822	48794978	SINE/MIR	643	+	78	48794900	7454
chr17	48787446	48987446	harbor2	chr17	48796773	48796958	SINE/MIR	774	+	92	48796865	9419
chr17	48787446	48987446	harbor2	chr17	48799922	48800115	SINE/MIR	603	+	96	48800018	12572
chr17	48787446	48987446	harbor2	chr17	48812391	48812634	SINE/MIR	848	+	122	48812513	25067
chr17	48787446	48987446	harbor2	chr17	48815917	48816148	SINE/MIR	911	+	116	48816033	28587
chr17	48787446	48987446	harbor2	chr17	48877569	48877780	SINE/MIR	635	+	106	48877675	90229
chr17	51265157	51465157	harbor2	chr17	51322621	51322854	SINE/MIR	829	+	116	51322737	57580
chr17	51265157	51465157	harbor2	chr17	51345931	51346127	SINE/MIR	627	+	98	51346029	80872
chr17	51265157	51465157	harbor2	chr17	51346177	51346403	SINE/MIR	681	+	113	51346290	81133
chr17	51265157	51465157	harbor2	chr17	51348228	51348304	SINE/MIR	755	+	38	51348266	83109
chr17	51265157	51465157	harbor2	chr17	51348813	51348962	SINE/MIR	755	+	74	51348887	83730
chr17	51265157	51465157	harbor2	chr17	51359645	51359795	SINE/MIR	671	+	75	51359720	94563
chr17	75332910	75532910	harbor2	chr17	75401616	75401811	SINE/MIR	639	+	98	75401714	68804
chr17	41748115	41948115	harbor2	chr17	41763872	41764096	SINE/MIR	546	+	112	41763984	15869
chr17	41748115	41948115	harbor2	chr17	41783120	41783285	SINE/MIR	519	+	82	41783202	35087
chr17	41748115	41948115	harbor2	chr17	41824367	41824593	SINE/MIR	513	+	113	41824480	76365
chr17	70189372	70389372	harbor2	chr17	70231728	70231951	SINE/MIR	657	+	112	70231840	42468
chr17	70189372	70389372	harbor2	chr17	70277616	70277822	SINE/MIR	648	+	103	70277719	88347
chr17	78191468	78391468	harbor2	chr17	78222994	78223256	SINE/MIR	514	+	131	78223125	31657
chr17	78191468	78391468	harbor2	chr17	78290664	78290838	SINE/MIR	568	+	87	78290751	99283
chr17	74415772	74615772	harbor2	chr17	74441447	74441542	SINE/MIR	525	+	48	74441495	25723
chr17	74415772	74615772	harbor2	chr17	74441823	74441870	SINE/MIR	525	+	24	74441847	26075
chr17	66301041	66501041	harbor2	chr17	66357541	66357710	SINE/MIR	503	+	84	66357625	56584
chr17	66301041	66501041	harbor2	chr17	66386412	66386607	SINE/MIR	519	+	98	66386510	85469
chr17	66301041	66501041	harbor2	chr17	66371447	66371682	SINE/MIR	754	+	118	66371565	70524
chr17	78587297	78787297	harbor2	chr17	78677865	78678016	SINE/MIR	560	+	76	78677941	90644
chr17	80422836	80622836	harbor2	chr17	80464965	80465048	SINE/MIR	545	+	42	80465007	42171
chr17	80422836	80622836	harbor2	chr17	80505491	80505728	SINE/MIR	557	+	118	80505609	82773
chr17	66476076	66676076	harbor2	chr17	66523327	66523564	SINE/MIR	734	+	118	66523445	47369
chr17	79125860	79325860	harbor2	chr17	79158302	79158440	SINE/MIR	503	+	69	79158371	32511
chr17	32888680	33088680	harbor2	chr17	32894052	32894287	SINE/MIR	742	+	118	32894170	5490
chr17	32888680	33088680	harbor2	chr17	32911373	32911569	SINE/MIR	642	+	98	32911471	22791
chr17	32888680	33088680	harbor2	chr17	32911676	32911888	SINE/MIR	730	+	106	32911782	23102
chr17	32888680	33088680	harbor2	chr17	32915278	32915487	SINE/MIR	648	+	104	32915382	26702
chr17	55360263	55560263	harbor2	chr17	55389575	55389766	SINE/MIR	586	+	96	55389671	29408
chr17	55360263	55560263	harbor2	chr17	55410060	55410240	SINE/MIR	514	+	90	55410150	49887
chr17	55360263	55560263	harbor2	chr17	55419034	55419254	SINE/MIR	578	+	110	55419144	58881
chr17	60958894	61158894	harbor2	chr17	61000360	61000561	SINE/MIR	683	+	100	61000460	41566
chr17	60958894	61158894	harbor2	chr17	61027646	61027868	SINE/MIR	683	+	111	61027757	68863
chr17	58688593	58888593	harbor2	chr17	58754578	58754716	SINE/MIR	523	+	69	58754647	66054
chr17	58688593	58888593	harbor2	chr17	58755010	58755108	SINE/MIR	523	+	49	58755059	66466
chr17	70296240	70496240	harbor2	chr17	70319613	70319778	SINE/MIR	543	+	82	70319695	23455
chr17	61767756	61967756	harbor2	chr17	61836891	61837077	SINE/MIR	769	+	93	61836984	69228
chr17	61767756	61967756	harbor2	chr17	61844768	61844933	SINE/MIR	503	+	82	61844850	77094
chr17	61767756	61967756	harbor2	chr17	61861726	61861892	SINE/MIR	513	+	83	61861809	94053
chr17	61767756	61967756	harbor2	chr17	61862287	61862482	SINE/MIR	535	+	98	61862385	94629
chr17	64742160	64942160	harbor2	chr17	64793657	64793817	SINE/MIR	509	+	80	64793737	51577
chr17	64742160	64942160	harbor2	chr17	64799099	64799287	SINE/MIR	703	+	94	64799193	57033
chr17	33595173	33795173	harbor2	chr17	33595598	33595769	SINE/MIR	660	+	86	33595684	511
chr17	33595173	33795173	harbor2	chr17	33614797	33614973	SINE/MIR	762	+	88	33614885	19712
chr17	33595173	33795173	harbor2	chr17	33630601	33630808	SINE/MIR	692	+	104	33630705	35532
chr17	33595173	33795173	harbor2	chr17	33632016	33632235	SINE/MIR	858	+	110	33632126	36953
chr17	33595173	33795173	harbor2	chr17	33686995	33687203	SINE/MIR	564	+	104	33687099	91926
chr17	28546968	28746968	harbor2	chr17	28569675	28569904	SINE/MIR	881	+	114	28569789	22821
chr17	28546968	28746968	harbor2	chr17	28572121	28572352	SINE/MIR	704	+	116	28572237	25269
chr17	13802079	14002079	harbor2	chr17	13801908	13802095	SINE/MIR	587	+	94	13802002	77
chr17	13802079	14002079	harbor2	chr17	13806278	13806445	SINE/MIR	568	+	84	13806362	4283
chr17	13802079	14002079	harbor2	chr17	13884957	13884987	SINE/MIR	921	+	15	13884972	82893
chr17	13802079	14002079	harbor2	chr17	13885296	13885516	SINE/MIR	921	+	110	13885406	83327
chr17	62065951	62265951	harbor2	chr17	62089253	62089487	SINE/MIR	644	+	117	62089370	23419
chr17	79511783	79711783	harbor2	chr17	79513566	79513748	SINE/MIR	569	+	91	79513657	1874
chr17	79511783	79711783	harbor2	chr17	79555006	79555254	SINE/MIR	783	+	124	79555130	43347
chr17	70181525	70381525	harbor2	chr17	70231728	70231951	SINE/MIR	657	+	112	70231840	50315
chr17	70181525	70381525	harbor2	chr17	70277616	70277822	SINE/MIR	648	+	103	70277719	96194
chr17	59681254	59881254	harbor2	chr17	59711936	59712139	SINE/MIR	560	+	102	59712038	30784
chr17	59681254	59881254	harbor2	chr17	59748424	59748651	SINE/MIR	700	+	114	59748538	67284
chr17	30338405	30538405	harbor2	chr17	30356791	30357000	SINE/MIR	813	+	104	30356895	18490
chr17	30338405	30538405	harbor2	chr17	30360818	30361037	SINE/MIR	503	+	110	30360928	22523
chr17	30338405	30538405	harbor2	chr17	30375711	30375902	SINE/MIR	731	+	96	30375807	37402
chr17	30338405	30538405	harbor2	chr17	30391580	30391820	SINE/MIR	608	+	120	30391700	53295
chr17	30338405	30538405	harbor2	chr17	30420410	30420564	SINE/MIR	689	+	77	30420487	82082
chr17	33535408	33735408	harbor2	chr17	33576759	33577009	SINE/MIR	801	+	125	33576884	41476
chr17	33535408	33735408	harbor2	chr17	33582439	33582677	SINE/MIR	956	+	119	33582558	47150
chr17	33535408	33735408	harbor2	chr17	33593481	33593704	SINE/MIR	513	+	112	33593593	58185
chr17	33535408	33735408	harbor2	chr17	33595598	33595769	SINE/MIR	660	+	86	33595684	60276
chr17	33535408	33735408	harbor2	chr17	33614797	33614973	SINE/MIR	762	+	88	33614885	79477
chr17	33535408	33735408	harbor2	chr17	33630601	33630808	SINE/MIR	692	+	104	33630705	95297
chr17	33535408	33735408	harbor2	chr17	33632016	33632235	SINE/MIR	858	+	110	33632126	96718
chr17	33535408	33735408	harbor2	chr17	33537931	33538115	SINE/MIR	680	+	92	33538023	2615
chr17	55195700	55395700	harbor2	chr17	55258842	55259081	SINE/MIR	613	+	120	55258962	63262
chr17	55195700	55395700	harbor2	chr17	55274568	55274818	SINE/MIR	778	+	125	55274693	78993
chr17	81189488	81389488	harbor2	chr17	81273309	81273485	SINE/MIR	640	+	88	81273397	83909
chr17	67813531	68013531	harbor2	chr17	67847040	67847228	SINE/MIR	580	+	94	67847134	33603
chr17	42159207	42359207	harbor2	chr17	42174175	42174352	SINE/MIR	580	+	88	42174263	15056
chr17	42159207	42359207	harbor2	chr17	42179325	42179533	SINE/MIR	788	+	104	42179429	20222
chr17	42159207	42359207	harbor2	chr17	42181670	42181841	SINE/MIR	503	+	86	42181756	22549
chr17	42159207	42359207	harbor2	chr17	42193716	42193893	SINE/MIR	620	+	88	42193804	34597
chr17	65262835	65462835	harbor2	chr17	65276961	65277103	SINE/MIR	526	+	71	65277032	14197
chr17	65262835	65462835	harbor2	chr17	65285775	65285948	SINE/MIR	541	+	86	65285861	23026
chr17	65262835	65462835	harbor2	chr17	65294684	65294914	SINE/MIR	588	+	115	65294799	31964
chr17	65262835	65462835	harbor2	chr17	65321363	65321533	SINE/MIR	516	+	85	65321448	58613
chr17	76095738	76295738	harbor2	chr17	76146177	76146329	SINE/MIR	518	+	76	76146253	50515
chr17	76095738	76295738	harbor2	chr17	76192796	76192832	SINE/MIR	547	+	18	76192814	97076
chr17	76095738	76295738	harbor2	chr17	76193119	76193289	SINE/MIR	547	+	85	76193204	97466
chr18	63824874	64024874	harbor2	chr18	63833942	63834111	SINE/MIR	438	+	84	63834026	9152
chr18	63824874	64024874	harbor2	chr18	63866713	63866879	SINE/MIR	496	+	83	63866796	41922
chr18	63824874	64024874	harbor2	chr18	63889899	63890087	SINE/MIR	758	+	94	63889993	65119
chr18	63824874	64024874	harbor2	chr18	63893559	63893778	SINE/MIR	666	+	110	63893669	68795
chr18	63824874	64024874	harbor2	chr18	63904494	63904746	SINE/MIR	609	+	126	63904620	79746
chr18	43102168	43302168	harbor2	chr18	43105955	43106195	SINE/MIR	447	+	120	43106075	3907
chr18	43102168	43302168	harbor2	chr18	43116790	43117002	SINE/MIR	848	+	106	43116896	14728
chr18	43102168	43302168	harbor2	chr18	43157851	43158040	SINE/MIR	521	+	94	43157945	55777
chr18	42176356	42376356	harbor2	chr18	42183187	42183394	SINE/MIR	487	+	104	42183291	6935
chr18	42176356	42376356	harbor2	chr18	42211353	42211589	SINE/MIR	495	+	118	42211471	35115
chr18	42176356	42376356	harbor2	chr18	42232091	42232217	SINE/MIR	433	+	63	42232154	55798
chr18	42176356	42376356	harbor2	chr18	42233202	42233368	SINE/MIR	422	+	83	42233285	56929
chr18	46018483	46218483	harbor2	chr18	46034400	46034551	SINE/MIR	460	+	76	46034476	15993
chr18	46018483	46218483	harbor2	chr18	46034653	46034894	SINE/MIR	753	+	120	46034773	16290
chr18	32203770	32403770	harbor2	chr18	32213819	32213948	SINE/MIR	389	+	64	32213883	10113
chr18	32203770	32403770	harbor2	chr18	32226707	32226947	SINE/MIR	713	+	120	32226827	23057
chr18	32203770	32403770	harbor2	chr18	32227463	32227688	SINE/MIR	1058	+	112	32227575	23805
chr18	32203770	32403770	harbor2	chr18	32256614	32256740	SINE/MIR	594	+	63	32256677	52907
chr18	32203770	32403770	harbor2	chr18	32257040	32257102	SINE/MIR	594	+	31	32257071	53301
chr18	32203770	32403770	harbor2	chr18	32297264	32297439	SINE/MIR	499	+	88	32297352	93582
chr18	32203770	32403770	harbor2	chr18	32302133	32302334	SINE/MIR	441	+	100	32302233	98463
chr18	54458323	54658323	harbor2	chr18	54458653	54458869	SINE/MIR	547	+	108	54458761	438
chr18	54458323	54658323	harbor2	chr18	54466133	54466314	SINE/MIR	479	+	90	54466223	7900
chr18	54458323	54658323	harbor2	chr18	54468745	54468875	SINE/MIR	469	+	65	54468810	10487
chr18	54458323	54658323	harbor2	chr18	54472575	54472748	SINE/MIR	517	+	86	54472661	14338
chr18	54458323	54658323	harbor2	chr18	54496869	54496989	SINE/MIR	420	+	60	54496929	38606
chr18	54458323	54658323	harbor2	chr18	54504182	54504426	SINE/MIR	790	+	122	54504304	45981
chr18	54458323	54658323	harbor2	chr18	54518257	54518450	SINE/MIR	554	+	96	54518353	60030
chr18	33194929	33394929	harbor2	chr18	33214060	33214281	SINE/MIR	412	+	110	33214170	19241
chr18	33194929	33394929	harbor2	chr18	33217804	33218059	SINE/MIR	607	+	128	33217932	23003
chr18	33194929	33394929	harbor2	chr18	33253739	33253975	SINE/MIR	511	+	118	33253857	58928
chr18	35761091	35961091	harbor2	chr18	35781649	35781843	SINE/MIR	853	+	97	35781746	20655
chr18	31516987	31716987	harbor2	chr18	31613011	31613252	SINE/MIR	562	+	120	31613131	96144
chr18	76564250	76764250	harbor2	chr18	76564667	76564852	SINE/MIR	523	+	92	76564759	509
chr18	76564250	76764250	harbor2	chr18	76584642	76584879	SINE/MIR	607	+	118	76584760	20510
chr18	76564250	76764250	harbor2	chr18	76640444	76640659	SINE/MIR	473	+	108	76640552	76302
chr18	22243581	22443581	harbor2	chr18	22277056	22277227	SINE/MIR	490	+	86	22277142	33561
chr18	22243581	22443581	harbor2	chr18	22284794	22284995	SINE/MIR	435	+	100	22284894	41313
chr18	22243581	22443581	harbor2	chr18	22293775	22293962	SINE/MIR	545	+	94	22293869	50288
chr18	22243581	22443581	harbor2	chr18	22318067	22318226	SINE/MIR	527	+	80	22318147	74566
chr18	22243581	22443581	harbor2	chr18	22319365	22319532	SINE/MIR	927	+	84	22319449	75868
chr18	22243581	22443581	harbor2	chr18	22325958	22326169	SINE/MIR	867	+	106	22326064	82483
chr18	28673418	28873418	harbor2	chr18	28724527	28724696	SINE/MIR	413	+	84	28724611	51193
chr18	28673418	28873418	harbor2	chr18	28724991	28725093	SINE/MIR	413	+	51	28725042	51624
chr18	76049777	76249777	harbor2	chr18	76060262	76060485	SINE/MIR	539	+	112	76060374	10597
chr18	76049777	76249777	harbor2	chr18	76099698	76099943	SINE/MIR	508	+	122	76099820	50043
chr18	40681131	40881131	harbor2	chr18	40705510	40705674	SINE/MIR	436	+	82	40705592	24461
chr18	40681131	40881131	harbor2	chr18	40706441	40706582	SINE/MIR	388	+	70	40706511	25380
chr18	40681131	40881131	harbor2	chr18	40777278	40777456	SINE/MIR	513	+	89	40777367	96236
chr18	40681131	40881131	harbor2	chr18	40777468	40777655	SINE/MIR	419	+	94	40777562	96431
chr18	75862275	76062275	harbor2	chr18	75866356	75866507	SINE/MIR	389	+	76	75866432	4157
chr18	75862275	76062275	harbor2	chr18	75895350	75895575	SINE/MIR	486	+	112	75895462	33187
chr18	75862275	76062275	harbor2	chr18	75909459	75909658	SINE/MIR	528	+	100	75909559	47284
chr18	28715047	28915047	harbor2	chr18	28724527	28724696	SINE/MIR	413	+	84	28724611	9564
chr18	28715047	28915047	harbor2	chr18	28724991	28725093	SINE/MIR	413	+	51	28725042	9995
chr18	28715047	28915047	harbor2	chr18	28797800	28798051	SINE/MIR	656	+	126	28797926	82879
chr18	28715047	28915047	harbor2	chr18	28802393	28802618	SINE/MIR	523	+	112	28802505	87458
chr18	48914970	49114970	harbor2	chr18	48916102	48916292	SINE/MIR	543	+	95	48916197	1227
chr18	48914970	49114970	harbor2	chr18	48917967	48918184	SINE/MIR	441	+	108	48918075	3105
chr18	48914970	49114970	harbor2	chr18	48964346	48964533	SINE/MIR	389	+	94	48964440	49470
chr18	48914970	49114970	harbor2	chr18	48966680	48966912	SINE/MIR	612	+	116	48966796	51826
chr18	48914970	49114970	harbor2	chr18	48978320	48978452	SINE/MIR	409	+	66	48978386	63416
chr18	48914970	49114970	harbor2	chr18	48980245	48980448	SINE/MIR	593	+	102	48980347	65377
chr18	48914970	49114970	harbor2	chr18	49001754	49001927	SINE/MIR	478	+	86	49001840	86870
chr18	75337098	75537098	harbor2	chr18	75342332	75342512	SINE/MIR	740	+	90	75342422	5324
chr18	75337098	75537098	harbor2	chr18	75357496	75357699	SINE/MIR	539	+	102	75357598	20500
chr18	75337098	75537098	harbor2	chr18	75359963	75360211	SINE/MIR	478	+	124	75360087	22989
chr18	75337098	75537098	harbor2	chr18	75366751	75366939	SINE/MIR	388	+	94	75366845	29747
chr18	75337098	75537098	harbor2	chr18	75371374	75371594	SINE/MIR	786	+	110	75371484	34386
chr18	32688955	32888955	harbor2	chr18	32692706	32692948	SINE/MIR	771	+	121	32692827	3872
chr18	32688955	32888955	harbor2	chr18	32710054	32710152	SINE/MIR	414	+	49	32710103	21148
chr18	32688955	32888955	harbor2	chr18	32724114	32724344	SINE/MIR	687	+	115	32724229	35274
chr18	32688955	32888955	harbor2	chr18	32724470	32724694	SINE/MIR	409	+	112	32724582	35627
chr18	32688955	32888955	harbor2	chr18	32725783	32725989	SINE/MIR	725	+	103	32725886	36931
chr18	32688955	32888955	harbor2	chr18	32728257	32728457	SINE/MIR	779	+	100	32728357	39402
chr18	32688955	32888955	harbor2	chr18	32749332	32749488	SINE/MIR	516	+	78	32749410	60455
chr18	32688955	32888955	harbor2	chr18	32765023	32765240	SINE/MIR	583	+	108	32765131	76176
chr18	32688955	32888955	harbor2	chr18	32778447	32778672	SINE/MIR	863	+	112	32778559	89604
chr18	69016541	69216541	harbor2	chr18	69097198	69097409	SINE/MIR	542	+	106	69097304	80763
chr18	47861886	48061886	harbor2	chr18	47899915	47900058	SINE/MIR	568	+	72	47899987	38101
chr18	47861886	48061886	harbor2	chr18	47959344	47959538	SINE/MIR	454	+	97	47959441	97555
chr18	61902485	62102485	harbor2	chr18	61986032	61986220	SINE/MIR	510	+	94	61986126	83641
chr18	61902485	62102485	harbor2	chr18	61992971	61993167	SINE/MIR	565	+	98	61993069	90584
chr18	50654411	50854411	harbor2	chr18	50666231	50666443	SINE/MIR	402	+	106	50666337	11926
chr18	50654411	50854411	harbor2	chr18	50692424	50692653	SINE/MIR	837	+	114	50692538	38127
chr18	50654411	50854411	harbor2	chr18	50705957	50706135	SINE/MIR	468	+	89	50706046	51635
chr18	50654411	50854411	harbor2	chr18	50708781	50708988	SINE/MIR	1011	+	104	50708885	54474
chr18	50654411	50854411	harbor2	chr18	50727795	50727918	SINE/MIR	444	+	62	50727857	73446
chr18	50654411	50854411	harbor2	chr18	50739625	50739863	SINE/MIR	1138	+	119	50739744	85333
chr18	74231680	74431680	harbor2	chr18	74283800	74283944	SINE/MIR	393	+	72	74283872	52192
chr18	77001364	77201364	harbor2	chr18	77076846	77077038	SINE/MIR	741	+	96	77076942	75578
chr19	53911311	54111311	harbor2	chr19	53972880	53973117	SINE/MIR	627	+	118	53972998	61687
chr19	48400520	48600520	harbor2	chr19	48422155	48422331	SINE/MIR	764	+	88	48422243	21723
chr19	48400520	48600520	harbor2	chr19	48422627	48422718	SINE/MIR	764	+	46	48422673	22153
chr19	48400520	48600520	harbor2	chr19	48460165	48460239	SINE/MIR	808	+	37	48460202	59682
chr19	48400520	48600520	harbor2	chr19	48460542	48460696	SINE/MIR	808	+	77	48460619	60099
chr19	51587353	51787353	harbor2	chr19	51592208	51592450	SINE/MIR	659	+	121	51592329	4976
chr19	49941421	50141421	harbor2	chr19	49990141	49990360	SINE/MIR	832	+	110	49990251	48830
chr19	49941421	50141421	harbor2	chr19	50004457	50004636	SINE/MIR	640	+	90	50004547	63126
chr19	49941421	50141421	harbor2	chr19	50018030	50018247	SINE/MIR	699	+	108	50018138	76717
chr19	4653752	4853752	harbor2	chr19	4721880	4722100	SINE/MIR	642	+	110	4721990	68238
chr19	40964482	41164482	harbor2	chr19	40982412	40982611	SINE/MIR	628	+	100	40982512	18030
chr19	40964482	41164482	harbor2	chr19	41023571	41023598	SINE/MIR	689	+	14	41023585	59103
chr19	40964482	41164482	harbor2	chr19	41023832	41024066	SINE/MIR	778	+	117	41023949	59467
chr19	56081040	56281040	harbor2	chr19	56180781	56180889	SINE/MIR	613	+	54	56180835	99795
chr19	49930130	50130130	harbor2	chr19	49938165	49938346	SINE/MIR	776	+	90	49938255	8125
chr19	49930130	50130130	harbor2	chr19	49990141	49990360	SINE/MIR	832	+	110	49990251	60121
chr19	49930130	50130130	harbor2	chr19	50004457	50004636	SINE/MIR	640	+	90	50004547	74417
chr19	49930130	50130130	harbor2	chr19	50018030	50018247	SINE/MIR	699	+	108	50018138	88008
chr19	41805012	42005012	harbor2	chr19	41861505	41861703	SINE/MIR	612	+	99	41861604	56592
chr19	41805012	42005012	harbor2	chr19	41891201	41891278	SINE/MIR	712	+	38	41891239	86227
chr19	41805012	42005012	harbor2	chr19	41891584	41891727	SINE/MIR	712	+	72	41891656	86644
chr19	57177118	57377118	harbor2	chr19	57247400	57247598	SINE/MIR	674	+	99	57247499	70381
chr19	57198910	57398910	harbor2	chr19	57247400	57247598	SINE/MIR	674	+	99	57247499	48589
chr19	45624161	45824161	harbor2	chr19	45639574	45639711	SINE/MIR	710	+	68	45639642	15481
chr19	45624161	45824161	harbor2	chr19	45640016	45640110	SINE/MIR	710	+	47	45640063	15902
chr19	45624161	45824161	harbor2	chr19	45702016	45702166	SINE/MIR	631	+	75	45702091	77930
chr19	16101480	16301480	harbor2	chr19	16169439	16169580	SINE/MIR	632	+	70	16169509	68029
chr19	42573414	42773414	harbor2	chr19	42667179	42667388	SINE/MIR	766	+	104	42667283	93869
chr19	50341112	50541112	harbor2	chr19	50423855	50424058	SINE/MIR	736	+	102	50423957	82845
chr19	39968938	40168938	harbor2	chr19	39975536	39975746	SINE/MIR	735	+	105	39975641	6703
chr19	39968938	40168938	harbor2	chr19	40047685	40047918	SINE/MIR	865	+	116	40047801	78863
chr19	41776028	41976028	harbor2	chr19	41861505	41861703	SINE/MIR	612	+	99	41861604	85576
chr19	55843845	56043845	harbor2	chr19	55930193	55930404	SINE/MIR	666	+	106	55930299	86454
chr19	46479918	46679918	harbor2	chr19	46482876	46483090	SINE/MIR	713	+	107	46482983	3065
chr19	33054978	33254978	harbor2	chr19	33098508	33098755	SINE/MIR	815	+	124	33098632	43654
chr19	57016344	57216344	harbor2	chr19	57067621	57067817	SINE/MIR	727	+	98	57067719	51375
chr19	56612059	56812059	harbor2	chr19	56631928	56632102	SINE/MIR	692	+	87	56632015	19956
chr19	57052158	57252158	harbor2	chr19	57067621	57067817	SINE/MIR	727	+	98	57067719	15561
chr19	38603135	38803135	harbor2	chr19	38695900	38696128	SINE/MIR	705	+	114	38696014	92879
chr19	38603135	38803135	harbor2	chr19	38700277	38700456	SINE/MIR	623	+	90	38700367	97232
chr19	55470764	55670764	harbor2	chr19	55520245	55520481	SINE/MIR	660	+	118	55520363	49599
chr19	55470764	55670764	harbor2	chr19	55520761	55520960	SINE/MIR	757	+	100	55520861	50097
chr19	55470764	55670764	harbor2	chr19	55560568	55560756	SINE/MIR	891	+	94	55560662	89898
chr19	49844172	50044172	harbor2	chr19	49938165	49938346	SINE/MIR	776	+	90	49938255	94083
chr19	35846873	36046873	harbor2	chr19	35858995	35859227	SINE/MIR	1026	+	116	35859111	12238
chr19	40333190	40533190	harbor2	chr19	40343318	40343566	SINE/MIR	753	+	124	40343442	10252
chr19	40333190	40533190	harbor2	chr19	40368218	40368385	SINE/MIR	763	+	84	40368302	35112
chr19	40333190	40533190	harbor2	chr19	40374211	40374381	SINE/MIR	722	+	85	40374296	41106
chr19	40333190	40533190	harbor2	chr19	40422296	40422458	SINE/MIR	656	+	81	40422377	89187
chr19	37616579	37816579	harbor2	chr19	37708538	37708579	SINE/MIR	641	+	20	37708558	91979
chr19	37616579	37816579	harbor2	chr19	37708863	37709024	SINE/MIR	641	+	80	37708943	92364
chr19	44985726	45185726	harbor2	chr19	45003554	45003813	SINE/MIR	633	+	130	45003684	17958
chr19	44985726	45185726	harbor2	chr19	45030884	45031081	SINE/MIR	681	+	98	45030982	45256
chr19	40453323	40653323	harbor2	chr19	40539359	40539477	SINE/MIR	646	+	59	40539418	86095
chr19	40453323	40653323	harbor2	chr19	40539779	40539882	SINE/MIR	646	+	52	40539831	86508
chr19	40453323	40653323	harbor2	chr19	40552994	40553197	SINE/MIR	664	+	102	40553096	99773
chr19	52201453	52401453	harbor2	chr19	52202711	52202880	SINE/MIR	625	+	84	52202795	1342
chr19	17298841	17498841	harbor2	chr19	17360069	17360288	SINE/MIR	685	+	110	17360179	61338
chr19	15681986	15881986	harbor2	chr19	15697899	15698115	SINE/MIR	621	+	108	15698007	16021
chr19	55656300	55856300	harbor2	chr19	55677166	55677362	SINE/MIR	641	+	98	55677264	20964
chr19	55534408	55734408	harbor2	chr19	55560568	55560756	SINE/MIR	891	+	94	55560662	26254
chr19	36904917	37104917	harbor2	chr19	36926427	36926631	SINE/MIR	670	+	102	36926529	21612
chr19	15680879	15880879	harbor2	chr19	15697899	15698115	SINE/MIR	621	+	108	15698007	17128
chr19	56696976	56896976	harbor2	chr19	56791164	56791413	SINE/MIR	716	+	124	56791288	94312
chr19	41068379	41268379	harbor2	chr19	41127079	41127266	SINE/MIR	758	+	94	41127173	58794
chr19	34043506	34243506	harbor2	chr19	34119408	34119602	SINE/MIR	613	+	97	34119505	75999
chr19	43564582	43764582	harbor2	chr19	43634055	43634181	SINE/MIR	618	+	63	43634118	69536
chr19	50391052	50591052	harbor2	chr19	50423855	50424058	SINE/MIR	736	+	102	50423957	32905
chr19	41168133	41368133	harbor2	chr19	41231401	41231641	SINE/MIR	836	+	120	41231521	63388
chr19	41168133	41368133	harbor2	chr19	41234161	41234338	SINE/MIR	767	+	88	41234249	66116
chr19	41168133	41368133	harbor2	chr19	41235658	41235870	SINE/MIR	698	+	106	41235764	67631
chr19	28805421	29005421	harbor2	chr19	28893432	28893664	SINE/MIR	751	+	116	28893548	88127
chr19	28805421	29005421	harbor2	chr19	28901819	28902062	SINE/MIR	729	+	122	28901941	96520
chr19	39292175	39492175	harbor2	chr19	39309849	39309946	SINE/MIR	819	+	48	39309897	17722
chr19	39292175	39492175	harbor2	chr19	39310257	39310363	SINE/MIR	819	+	53	39310310	18135
chr19	39292175	39492175	harbor2	chr19	39316018	39316255	SINE/MIR	896	+	118	39316136	23961
chr19	39292175	39492175	harbor2	chr19	39317609	39317807	SINE/MIR	871	+	99	39317708	25533
chr19	39292175	39492175	harbor2	chr19	39346735	39346961	SINE/MIR	764	+	113	39346848	54673
chr19	50339461	50539461	harbor2	chr19	50423855	50424058	SINE/MIR	736	+	102	50423957	84496
chr19	46447546	46647546	harbor2	chr19	46482876	46483090	SINE/MIR	713	+	107	46482983	35437
chr19	42610610	42810610	harbor2	chr19	42667179	42667388	SINE/MIR	766	+	104	42667283	56673
chr19	37901641	38101641	harbor2	chr19	37907902	37908137	SINE/MIR	963	+	118	37908020	6379
chr19	37901641	38101641	harbor2	chr19	37912276	37912496	SINE/MIR	802	+	110	37912386	10745
chr19	37901641	38101641	harbor2	chr19	37930614	37930822	SINE/MIR	613	+	104	37930718	29077
chr19	37901641	38101641	harbor2	chr19	37931781	37932018	SINE/MIR	715	+	118	37931899	30258
chr19	37901641	38101641	harbor2	chr19	37944412	37944600	SINE/MIR	691	+	94	37944506	42865
chr19	37901641	38101641	harbor2	chr19	37949762	37949796	SINE/MIR	655	+	17	37949779	48138
chr19	37901641	38101641	harbor2	chr19	37950101	37950318	SINE/MIR	655	+	108	37950209	48568
chr19	37901641	38101641	harbor2	chr19	37983238	37983458	SINE/MIR	836	+	110	37983348	81707
chr19	37901641	38101641	harbor2	chr19	37993070	37993302	SINE/MIR	770	+	116	37993186	91545
chr19	40300278	40500278	harbor2	chr19	40343318	40343566	SINE/MIR	753	+	124	40343442	43164
chr19	40300278	40500278	harbor2	chr19	40368218	40368385	SINE/MIR	763	+	84	40368302	68024
chr19	40300278	40500278	harbor2	chr19	40374211	40374381	SINE/MIR	722	+	85	40374296	74018
chr19	56417807	56617807	harbor2	chr19	56457379	56457617	SINE/MIR	714	+	119	56457498	39691
chr19	50142904	50342904	harbor2	chr19	50199790	50199985	SINE/MIR	825	+	98	50199888	56984
chr19	50142904	50342904	harbor2	chr19	50202867	50203117	SINE/MIR	683	+	125	50202992	60088
chr19	50142904	50342904	harbor2	chr19	50227739	50227979	SINE/MIR	665	+	120	50227859	84955
chr19	31858598	32058598	harbor2	chr19	31894952	31895202	SINE/MIR	635	+	125	31895077	36479
chr19	57197567	57397567	harbor2	chr19	57247400	57247598	SINE/MIR	674	+	99	57247499	49932
chr19	47188920	47388920	harbor2	chr19	47276591	47276701	SINE/MIR	798	+	55	47276646	87726
chr19	47188920	47388920	harbor2	chr19	47277663	47277765	SINE/MIR	798	+	51	47277714	88794
chr19	55375297	55575297	harbor2	chr19	55443974	55444159	SINE/MIR	689	+	92	55444066	68769
chr19	45526095	45726095	harbor2	chr19	45585170	45585427	SINE/MIR	685	+	128	45585298	59203
chr19	34926579	35126579	harbor2	chr19	35014552	35014743	SINE/MIR	674	+	96	35014648	88069
chr19	34926579	35126579	harbor2	chr19	35016060	35016301	SINE/MIR	821	+	120	35016180	89601
chr19	49939182	50139182	harbor2	chr19	49990141	49990360	SINE/MIR	832	+	110	49990251	51069
chr19	49939182	50139182	harbor2	chr19	50004457	50004636	SINE/MIR	640	+	90	50004547	65365
chr19	49939182	50139182	harbor2	chr19	50018030	50018247	SINE/MIR	699	+	108	50018138	78956
chr19	45543568	45743568	harbor2	chr19	45585170	45585427	SINE/MIR	685	+	128	45585298	41730
chr19	45543568	45743568	harbor2	chr19	45639574	45639711	SINE/MIR	710	+	68	45639642	96074
chr19	45543568	45743568	harbor2	chr19	45640016	45640110	SINE/MIR	710	+	47	45640063	96495
chr19	36502186	36702186	harbor2	chr19	36552946	36553134	SINE/MIR	667	+	94	36553040	50854
chr19	36502186	36702186	harbor2	chr19	36553440	36553492	SINE/MIR	667	+	26	36553466	51280
chr19	30992469	31192469	harbor2	chr19	31030713	31030925	SINE/MIR	992	+	106	31030819	38350
chr19	30992469	31192469	harbor2	chr19	31080383	31080578	SINE/MIR	772	+	98	31080481	88012
chr19	47407243	47607243	harbor2	chr19	47408674	47408834	SINE/MIR	643	+	80	47408754	1511
chr19	47407243	47607243	harbor2	chr19	47438209	47438396	SINE/MIR	925	+	94	47438303	31060
chr19	40900907	41100907	harbor2	chr19	40982412	40982611	SINE/MIR	628	+	100	40982512	81605
chr19	49281070	49481070	harbor2	chr19	49359638	49359772	SINE/MIR	653	+	67	49359705	78635
chr19	14412298	14612298	harbor2	chr19	14492824	14492999	SINE/MIR	646	+	88	14492912	80614
chr19	31118154	31318154	harbor2	chr19	31121810	31122040	SINE/MIR	619	+	115	31121925	3771
chr19	37692003	37892003	harbor2	chr19	37708538	37708579	SINE/MIR	641	+	20	37708558	16555
chr19	37692003	37892003	harbor2	chr19	37708863	37709024	SINE/MIR	641	+	80	37708943	16940
chr19	46415528	46615528	harbor2	chr19	46422461	46422685	SINE/MIR	776	+	112	46422573	7045
chr19	46415528	46615528	harbor2	chr19	46482876	46483090	SINE/MIR	713	+	107	46482983	67455
chr19	35214735	35414735	harbor2	chr19	35214589	35214829	SINE/MIR	634	+	120	35214709	26
chr19	35214735	35414735	harbor2	chr19	35214843	35214945	SINE/MIR	870	+	51	35214894	159
chr19	35214735	35414735	harbor2	chr19	35215468	35215618	SINE/MIR	870	+	75	35215543	808
chr19	47501373	47701373	harbor2	chr19	47556005	47556176	SINE/MIR	726	+	86	47556091	54718
chr19	47501373	47701373	harbor2	chr19	47596302	47596433	SINE/MIR	634	+	66	47596368	94995
chr19	54147656	54347656	harbor2	chr19	54154330	54154522	SINE/MIR	716	+	96	54154426	6770
chr19	41667605	41867605	harbor2	chr19	41726190	41726383	SINE/MIR	628	+	96	41726286	58681
chr19	41667605	41867605	harbor2	chr19	41765107	41765323	SINE/MIR	704	+	108	41765215	97610
chr19	49993774	50193774	harbor2	chr19	50004457	50004636	SINE/MIR	640	+	90	50004547	10773
chr19	49993774	50193774	harbor2	chr19	50018030	50018247	SINE/MIR	699	+	108	50018138	24364
chr19	49993774	50193774	harbor2	chr19	50047229	50047462	SINE/MIR	849	+	116	50047345	53571
chr19	45676490	45876490	harbor2	chr19	45702016	45702166	SINE/MIR	631	+	75	45702091	25601
chr19	45676490	45876490	harbor2	chr19	45729557	45729806	SINE/MIR	962	+	124	45729681	53191
chr19	55653392	55853392	harbor2	chr19	55677166	55677362	SINE/MIR	641	+	98	55677264	23872
chr19	42571010	42771010	harbor2	chr19	42667179	42667388	SINE/MIR	766	+	104	42667283	96273
chr19	38037250	38237250	harbor2	chr19	38049973	38050173	SINE/MIR	724	+	100	38050073	12823
chr19	38037250	38237250	harbor2	chr19	38050479	38050521	SINE/MIR	724	+	21	38050500	13250
chr19	38037250	38237250	harbor2	chr19	38072082	38072348	SINE/MIR	719	+	133	38072215	34965
chr19	38037250	38237250	harbor2	chr19	38108256	38108501	SINE/MIR	682	+	122	38108378	71128
chr19	38037250	38237250	harbor2	chr19	38120902	38121049	SINE/MIR	676	+	74	38120976	83726
chr19	38037250	38237250	harbor2	chr19	38133641	38133859	SINE/MIR	645	+	109	38133750	96500
chr19	56466025	56666025	harbor2	chr19	56544563	56544770	SINE/MIR	872	+	104	56544667	78642
chr19	33423733	33623733	harbor2	chr19	33464945	33465151	SINE/MIR	705	+	103	33465048	41315
chr19	57246428	57446428	harbor2	chr19	57247400	57247598	SINE/MIR	674	+	99	57247499	1071
chr19	45393507	45593507	harbor2	chr19	45464444	45464654	SINE/MIR	727	+	105	45464549	71042
chr19	41311424	41511424	harbor2	chr19	41358119	41358269	SINE/MIR	629	+	75	41358194	46770
chr19	41311424	41511424	harbor2	chr19	41383021	41383069	SINE/MIR	642	+	24	41383045	71621
chr19	41311424	41511424	harbor2	chr19	41383353	41383520	SINE/MIR	642	+	84	41383437	72013
chr19	41311424	41511424	harbor2	chr19	41391408	41391556	SINE/MIR	686	+	74	41391482	80058
chr19	40118595	40318595	harbor2	chr19	40203520	40203739	SINE/MIR	820	+	110	40203630	85035
chr19	48834879	49034879	harbor2	chr19	48910707	48910954	SINE/MIR	821	+	124	48910831	75952
chr19	47647389	47847389	harbor2	chr19	47660760	47660928	SINE/MIR	652	+	84	47660844	13455
chr19	47647389	47847389	harbor2	chr19	47661230	47661257	SINE/MIR	652	+	14	47661244	13855
chr19	47647389	47847389	harbor2	chr19	47700090	47700235	SINE/MIR	637	+	72	47700162	52773
chr19	47647389	47847389	harbor2	chr19	47721617	47721702	SINE/MIR	724	+	42	47721659	74270
chr19	47647389	47847389	harbor2	chr19	47722058	47722164	SINE/MIR	724	+	53	47722111	74722
chr19	47562041	47762041	harbor2	chr19	47596302	47596433	SINE/MIR	634	+	66	47596368	34327
chr19	47562041	47762041	harbor2	chr19	47660760	47660928	SINE/MIR	652	+	84	47660844	98803
chr19	47562041	47762041	harbor2	chr19	47661230	47661257	SINE/MIR	652	+	14	47661244	99203
chr19	50102044	50302044	harbor2	chr19	50199790	50199985	SINE/MIR	825	+	98	50199888	97844
chr19	50860417	51060417	harbor2	chr19	50920279	50920523	SINE/MIR	1067	+	122	50920401	59984
chr19	50860417	51060417	harbor2	chr19	50956711	50956967	SINE/MIR	1099	+	128	50956839	96422
chr19	56507974	56707974	harbor2	chr19	56544563	56544770	SINE/MIR	872	+	104	56544667	36693
chr19	44510056	44710056	harbor2	chr19	44527050	44527261	SINE/MIR	674	+	106	44527156	17100
chr19	44510056	44710056	harbor2	chr19	44527346	44527531	SINE/MIR	611	+	92	44527438	17382
chr19	44510056	44710056	harbor2	chr19	44608233	44608457	SINE/MIR	676	+	112	44608345	98289
chr19	39936859	40136859	harbor2	chr19	39975536	39975746	SINE/MIR	735	+	105	39975641	38782
chr19	42045400	42245400	harbor2	chr19	42054908	42055169	SINE/MIR	847	+	130	42055038	9638
chr19	42045400	42245400	harbor2	chr19	42073133	42073367	SINE/MIR	704	+	117	42073250	27850
chr19	42045400	42245400	harbor2	chr19	42092650	42092899	SINE/MIR	855	+	124	42092774	47374
chr19	29189878	29389878	harbor2	chr19	29214418	29214580	SINE/MIR	615	+	81	29214499	24621
chr19	29189878	29389878	harbor2	chr19	29215047	29215241	SINE/MIR	889	+	97	29215144	25266
chr19	29189878	29389878	harbor2	chr19	29271756	29271948	SINE/MIR	703	+	96	29271852	81974
chr19	45504743	45704743	harbor2	chr19	45585170	45585427	SINE/MIR	685	+	128	45585298	80555
chr19	49907971	50107971	harbor2	chr19	49938165	49938346	SINE/MIR	776	+	90	49938255	30284
chr19	49907971	50107971	harbor2	chr19	49990141	49990360	SINE/MIR	832	+	110	49990251	82280
chr19	49907971	50107971	harbor2	chr19	50004457	50004636	SINE/MIR	640	+	90	50004547	96576
chr19	37967887	38167887	harbor2	chr19	37983238	37983458	SINE/MIR	836	+	110	37983348	15461
chr19	37967887	38167887	harbor2	chr19	37993070	37993302	SINE/MIR	770	+	116	37993186	25299
chr19	37967887	38167887	harbor2	chr19	38022092	38022281	SINE/MIR	758	+	94	38022186	54299
chr19	37967887	38167887	harbor2	chr19	38022745	38022788	SINE/MIR	758	+	22	38022767	54880
chr19	37967887	38167887	harbor2	chr19	38049973	38050173	SINE/MIR	724	+	100	38050073	82186
chr19	37967887	38167887	harbor2	chr19	38050479	38050521	SINE/MIR	724	+	21	38050500	82613
chr19	49946024	50146024	harbor2	chr19	49990141	49990360	SINE/MIR	832	+	110	49990251	44227
chr19	49946024	50146024	harbor2	chr19	50004457	50004636	SINE/MIR	640	+	90	50004547	58523
chr19	49946024	50146024	harbor2	chr19	50018030	50018247	SINE/MIR	699	+	108	50018138	72114
chr19	48629971	48829971	harbor2	chr19	48674986	48675150	SINE/MIR	673	+	82	48675068	45097
chr19	51533879	51733879	harbor2	chr19	51592208	51592450	SINE/MIR	659	+	121	51592329	58450
chr19	42110347	42310347	harbor2	chr19	42158399	42158629	SINE/MIR	784	+	115	42158514	48167
chr19	42110347	42310347	harbor2	chr19	42165609	42165800	SINE/MIR	690	+	96	42165705	55358
chr19	42110347	42310347	harbor2	chr19	42191834	42192052	SINE/MIR	758	+	109	42191943	81596
chr19	39715780	39915780	harbor2	chr19	39759765	39759936	SINE/MIR	652	+	86	39759851	44071
chr19	39715780	39915780	harbor2	chr19	39773787	39774025	SINE/MIR	764	+	119	39773906	58126
chr19	39715780	39915780	harbor2	chr19	39795248	39795444	SINE/MIR	677	+	98	39795346	79566
chr19	39715780	39915780	harbor2	chr19	39814995	39815232	SINE/MIR	699	+	118	39815113	99333
chr19	57171456	57371456	harbor2	chr19	57247400	57247598	SINE/MIR	674	+	99	57247499	76043
chr19	45834091	46034091	harbor2	chr19	45869253	45869483	SINE/MIR	748	+	115	45869368	35277
chr19	45834091	46034091	harbor2	chr19	45901057	45901254	SINE/MIR	707	+	98	45901155	67064
chr19	43501707	43701707	harbor2	chr19	43530677	43530915	SINE/MIR	643	+	119	43530796	29089
chr19	43501707	43701707	harbor2	chr19	43563974	43564190	SINE/MIR	655	+	108	43564082	62375
chr19	42180627	42380627	harbor2	chr19	42191834	42192052	SINE/MIR	758	+	109	42191943	11316
chr19	42180627	42380627	harbor2	chr19	42271228	42271482	SINE/MIR	1043	+	127	42271355	90728
chr19	43436508	43636508	harbor2	chr19	43458633	43458973	SINE/MIR	878	+	170	43458803	22295
chr19	43436508	43636508	harbor2	chr19	43530677	43530915	SINE/MIR	643	+	119	43530796	94288
chr19	39833667	40033667	harbor2	chr19	39887260	39887481	SINE/MIR	704	+	110	39887370	53703
chr19	39833667	40033667	harbor2	chr19	39903512	39903733	SINE/MIR	704	+	110	39903622	69955
chr19	39833667	40033667	harbor2	chr19	39908936	39909166	SINE/MIR	735	+	115	39909051	75384
chr19	39833667	40033667	harbor2	chr19	39923827	39924073	SINE/MIR	820	+	123	39923950	90283
chr19	39833667	40033667	harbor2	chr19	39925580	39925812	SINE/MIR	777	+	116	39925696	92029
chr19	34972912	35172912	harbor2	chr19	35014552	35014743	SINE/MIR	674	+	96	35014648	41736
chr19	34972912	35172912	harbor2	chr19	35016060	35016301	SINE/MIR	821	+	120	35016180	43268
chr19	34972912	35172912	harbor2	chr19	35032803	35032996	SINE/MIR	612	+	96	35032899	59987
chr19	34972912	35172912	harbor2	chr19	35063751	35063985	SINE/MIR	672	+	117	35063868	90956
chr19	40230630	40430630	harbor2	chr19	40272786	40273054	SINE/MIR	681	+	134	40272920	42290
chr19	46411587	46611587	harbor2	chr19	46422461	46422685	SINE/MIR	776	+	112	46422573	10986
chr19	46411587	46611587	harbor2	chr19	46482876	46483090	SINE/MIR	713	+	107	46482983	71396
chr19	37999378	38199378	harbor2	chr19	38022092	38022281	SINE/MIR	758	+	94	38022186	22808
chr19	37999378	38199378	harbor2	chr19	38022745	38022788	SINE/MIR	758	+	22	38022767	23389
chr19	37999378	38199378	harbor2	chr19	38049973	38050173	SINE/MIR	724	+	100	38050073	50695
chr19	37999378	38199378	harbor2	chr19	38050479	38050521	SINE/MIR	724	+	21	38050500	51122
chr19	37999378	38199378	harbor2	chr19	38072082	38072348	SINE/MIR	719	+	133	38072215	72837
chr19	55924396	56124396	harbor2	chr19	55930193	55930404	SINE/MIR	666	+	106	55930299	5903
chr19	56501095	56701095	harbor2	chr19	56544563	56544770	SINE/MIR	872	+	104	56544667	43572
chr19	47113754	47313754	harbor2	chr19	47138346	47138506	SINE/MIR	755	+	80	47138426	24672
chr19	45898559	46098559	harbor2	chr19	45901057	45901254	SINE/MIR	707	+	98	45901155	2596
chr19	45898559	46098559	harbor2	chr19	45947901	45948061	SINE/MIR	671	+	80	45947981	49422
chr19	45898559	46098559	harbor2	chr19	45965744	45965945	SINE/MIR	730	+	100	45965844	67285
chr19	45898559	46098559	harbor2	chr19	45970050	45970233	SINE/MIR	800	+	92	45970142	71583
chr19	45898559	46098559	harbor2	chr19	45983826	45983976	SINE/MIR	635	+	75	45983901	85342
chr19	33064635	33264635	harbor2	chr19	33098508	33098755	SINE/MIR	815	+	124	33098632	33997
chr19	31888380	32088380	harbor2	chr19	31894952	31895202	SINE/MIR	635	+	125	31895077	6697
chr19	46399734	46599734	harbor2	chr19	46422461	46422685	SINE/MIR	776	+	112	46422573	22839
chr19	46399734	46599734	harbor2	chr19	46482876	46483090	SINE/MIR	713	+	107	46482983	83249
chr19	45917382	46117382	harbor2	chr19	45947901	45948061	SINE/MIR	671	+	80	45947981	30599
chr19	45917382	46117382	harbor2	chr19	45965744	45965945	SINE/MIR	730	+	100	45965844	48462
chr19	45917382	46117382	harbor2	chr19	45970050	45970233	SINE/MIR	800	+	92	45970142	52760
chr19	45917382	46117382	harbor2	chr19	45983826	45983976	SINE/MIR	635	+	75	45983901	66519
chr19	41342200	41542200	harbor2	chr19	41358119	41358269	SINE/MIR	629	+	75	41358194	15994
chr19	41342200	41542200	harbor2	chr19	41383021	41383069	SINE/MIR	642	+	24	41383045	40845
chr19	41342200	41542200	harbor2	chr19	41383353	41383520	SINE/MIR	642	+	84	41383437	41237
chr19	41342200	41542200	harbor2	chr19	41391408	41391556	SINE/MIR	686	+	74	41391482	49282
chr19	38668345	38868345	harbor2	chr19	38695900	38696128	SINE/MIR	705	+	114	38696014	27669
chr19	38668345	38868345	harbor2	chr19	38700277	38700456	SINE/MIR	623	+	90	38700367	32022
chr19	38668345	38868345	harbor2	chr19	38747195	38747410	SINE/MIR	981	+	108	38747303	78958
chr19	45585986	45785986	harbor2	chr19	45639574	45639711	SINE/MIR	710	+	68	45639642	53656
chr19	45585986	45785986	harbor2	chr19	45640016	45640110	SINE/MIR	710	+	47	45640063	54077
chr19	33584439	33784439	harbor2	chr19	33598084	33598249	SINE/MIR	820	+	82	33598166	13727
chr19	33584439	33784439	harbor2	chr19	33653605	33653850	SINE/MIR	854	+	122	33653727	69288
chr19	36030897	36230897	harbor2	chr19	36056694	36056801	SINE/MIR	833	+	54	36056748	25851
chr19	36030897	36230897	harbor2	chr19	36057115	36057279	SINE/MIR	833	+	82	36057197	26300
chr19	41071794	41271794	harbor2	chr19	41127079	41127266	SINE/MIR	758	+	94	41127173	55379
chr19	56748409	56948409	harbor2	chr19	56791164	56791413	SINE/MIR	716	+	124	56791288	42879
chr19	42226662	42426662	harbor2	chr19	42271228	42271482	SINE/MIR	1043	+	127	42271355	44693
chr19	42226662	42426662	harbor2	chr19	42319155	42319409	SINE/MIR	899	+	127	42319282	92620
chr19	38021354	38221354	harbor2	chr19	38022092	38022281	SINE/MIR	758	+	94	38022186	832
chr19	38021354	38221354	harbor2	chr19	38022745	38022788	SINE/MIR	758	+	22	38022767	1413
chr19	38021354	38221354	harbor2	chr19	38049973	38050173	SINE/MIR	724	+	100	38050073	28719
chr19	38021354	38221354	harbor2	chr19	38050479	38050521	SINE/MIR	724	+	21	38050500	29146
chr19	38021354	38221354	harbor2	chr19	38072082	38072348	SINE/MIR	719	+	133	38072215	50861
chr19	38021354	38221354	harbor2	chr19	38108256	38108501	SINE/MIR	682	+	122	38108378	87024
chr19	38021354	38221354	harbor2	chr19	38120902	38121049	SINE/MIR	676	+	74	38120976	99622
chr19	30259666	30459666	harbor2	chr19	30338548	30338761	SINE/MIR	637	+	106	30338654	78988
chr19	10253166	10453166	harbor2	chr19	10327596	10327759	SINE/MIR	661	+	82	10327678	74512
chr19	46686890	46886890	harbor2	chr19	46687452	46687673	SINE/MIR	832	+	110	46687562	672
chr19	53943380	54143380	harbor2	chr19	53972880	53973117	SINE/MIR	627	+	118	53972998	29618
chr19	50693387	50893387	harbor2	chr19	50792363	50792571	SINE/MIR	763	+	104	50792467	99080
chr19	45002855	45202855	harbor2	chr19	45003554	45003813	SINE/MIR	633	+	130	45003684	829
chr19	45002855	45202855	harbor2	chr19	45030884	45031081	SINE/MIR	681	+	98	45030982	28127
chr19	50572064	50772064	harbor2	chr19	50636573	50636785	SINE/MIR	660	+	106	50636679	64615
chr19	50572064	50772064	harbor2	chr19	50652859	50653025	SINE/MIR	634	+	83	50652942	80878
chr19	50572064	50772064	harbor2	chr19	50653339	50653399	SINE/MIR	634	+	30	50653369	81305
chr19	55540936	55740936	harbor2	chr19	55560568	55560756	SINE/MIR	891	+	94	55560662	19726
chr19	56380649	56580649	harbor2	chr19	56457379	56457617	SINE/MIR	714	+	119	56457498	76849
chr19	38548995	38748995	harbor2	chr19	38569627	38569871	SINE/MIR	1108	+	122	38569749	20754
chr19	38548995	38748995	harbor2	chr19	38585135	38585361	SINE/MIR	813	+	113	38585248	36253
chr19	44577527	44777527	harbor2	chr19	44608233	44608457	SINE/MIR	676	+	112	44608345	30818
chr19	44577527	44777527	harbor2	chr19	44620773	44620995	SINE/MIR	703	+	111	44620884	43357
chr19	44577527	44777527	harbor2	chr19	44625100	44625313	SINE/MIR	742	+	106	44625206	47679
chr19	44577527	44777527	harbor2	chr19	44625407	44625661	SINE/MIR	637	+	127	44625534	48007
chr19	44577527	44777527	harbor2	chr19	44627762	44627935	SINE/MIR	893	+	86	44627848	50321
chr19	44577527	44777527	harbor2	chr19	44628243	44628297	SINE/MIR	893	+	27	44628270	50743
chr19	44577527	44777527	harbor2	chr19	44645941	44646160	SINE/MIR	658	+	110	44646051	68524
chr19	29883721	30083721	harbor2	chr19	29974059	29974259	SINE/MIR	803	+	100	29974159	90438
chr19	38450464	38650464	harbor2	chr19	38497382	38497582	SINE/MIR	647	+	100	38497482	47018
chr19	31427485	31627485	harbor2	chr19	31440814	31441007	SINE/MIR	672	+	96	31440910	13425
chr19	45662493	45862493	harbor2	chr19	45702016	45702166	SINE/MIR	631	+	75	45702091	39598
chr19	45662493	45862493	harbor2	chr19	45729557	45729806	SINE/MIR	962	+	124	45729681	67188
chr19	45104451	45304451	harbor2	chr19	45170596	45170735	SINE/MIR	645	+	70	45170666	66215
chr19	28521046	28721046	harbor2	chr19	28572792	28573011	SINE/MIR	984	+	110	28572902	51856
chr19	45867809	46067809	harbor2	chr19	45869253	45869483	SINE/MIR	748	+	115	45869368	1559
chr19	45867809	46067809	harbor2	chr19	45901057	45901254	SINE/MIR	707	+	98	45901155	33346
chr19	45867809	46067809	harbor2	chr19	45947901	45948061	SINE/MIR	671	+	80	45947981	80172
chr19	45867809	46067809	harbor2	chr19	45965744	45965945	SINE/MIR	730	+	100	45965844	98035
chr19	54124536	54324536	harbor2	chr19	54154330	54154522	SINE/MIR	716	+	96	54154426	29890
chr19	39945937	40145937	harbor2	chr19	39975536	39975746	SINE/MIR	735	+	105	39975641	29704
chr19	35713852	35913852	harbor2	chr19	35751416	35751552	SINE/MIR	726	+	68	35751484	37632
chr19	35713852	35913852	harbor2	chr19	35751677	35751729	SINE/MIR	726	+	26	35751703	37851
chr19	56509919	56709919	harbor2	chr19	56544563	56544770	SINE/MIR	872	+	104	56544667	34748
chr19	38706640	38906640	harbor2	chr19	38747195	38747410	SINE/MIR	981	+	108	38747303	40663
chr19	45565682	45765682	harbor2	chr19	45585170	45585427	SINE/MIR	685	+	128	45585298	19616
chr19	45565682	45765682	harbor2	chr19	45639574	45639711	SINE/MIR	710	+	68	45639642	73960
chr19	45565682	45765682	harbor2	chr19	45640016	45640110	SINE/MIR	710	+	47	45640063	74381
chr19	56975687	57175687	harbor2	chr19	57067621	57067817	SINE/MIR	727	+	98	57067719	92032
chr19	57627747	57827747	harbor2	chr19	57667371	57667587	SINE/MIR	762	+	108	57667479	39732
chr19	37840523	38040523	harbor2	chr19	37907902	37908137	SINE/MIR	963	+	118	37908020	67497
chr19	37840523	38040523	harbor2	chr19	37912276	37912496	SINE/MIR	802	+	110	37912386	71863
chr19	37840523	38040523	harbor2	chr19	37930614	37930822	SINE/MIR	613	+	104	37930718	90195
chr19	37840523	38040523	harbor2	chr19	37931781	37932018	SINE/MIR	715	+	118	37931899	91376
chr19	4527523	4727523	harbor2	chr19	4533467	4533703	SINE/MIR	656	+	118	4533585	6062
chr19	44304646	44504646	harbor2	chr19	44340990	44341207	SINE/MIR	661	+	108	44341098	36452
chr19	16145551	16345551	harbor2	chr19	16169439	16169580	SINE/MIR	632	+	70	16169509	23958
chr19	56694722	56894722	harbor2	chr19	56791164	56791413	SINE/MIR	716	+	124	56791288	96566
chr19	44254115	44454115	harbor2	chr19	44300138	44300356	SINE/MIR	870	+	109	44300247	46132
chr19	44254115	44454115	harbor2	chr19	44340990	44341207	SINE/MIR	661	+	108	44341098	86983
chr19	41719076	41919076	harbor2	chr19	41726190	41726383	SINE/MIR	628	+	96	41726286	7210
chr19	41719076	41919076	harbor2	chr19	41765107	41765323	SINE/MIR	704	+	108	41765215	46139
chr19	14615295	14815295	harbor2	chr19	14673504	14673732	SINE/MIR	756	+	114	14673618	58323
chr19	57603865	57803865	harbor2	chr19	57667371	57667587	SINE/MIR	762	+	108	57667479	63614
chr19	51365223	51565223	harbor2	chr19	51365221	51365315	SINE/MIR	673	+	47	51365268	45
chr20	62467995	62667995	harbor2	chr20	62490192	62490377	SINE/MIR	505	+	92	62490284	22289
chr20	42203949	42403949	harbor2	chr20	42212516	42212765	SINE/MIR	784	+	124	42212640	8691
chr20	42203949	42403949	harbor2	chr20	42214843	42215082	SINE/MIR	700	+	120	42214963	11014
chr20	42203949	42403949	harbor2	chr20	42215220	42215460	SINE/MIR	386	+	120	42215340	11391
chr20	42203949	42403949	harbor2	chr20	42233374	42233525	SINE/MIR	391	+	76	42233450	29501
chr20	42203949	42403949	harbor2	chr20	42238628	42238776	SINE/MIR	389	+	74	42238702	34753
chr20	42203949	42403949	harbor2	chr20	42241911	42242039	SINE/MIR	396	+	64	42241975	38026
chr20	42203949	42403949	harbor2	chr20	42265258	42265469	SINE/MIR	540	+	106	42265364	61415
chr20	42203949	42403949	harbor2	chr20	42302816	42302980	SINE/MIR	405	+	82	42302898	98949
chr20	64246677	64446677	harbor2	chr20	64319861	64320023	SINE/MIR	570	+	81	64319942	73265
chr20	60310247	60510247	harbor2	chr20	60333953	60334142	SINE/MIR	401	+	94	60334047	23800
chr20	60310247	60510247	harbor2	chr20	60362152	60362380	SINE/MIR	514	+	114	60362266	52019
chr20	56996882	57196882	harbor2	chr20	57008635	57008783	SINE/MIR	411	+	74	57008709	11827
chr20	56996882	57196882	harbor2	chr20	57009087	57009134	SINE/MIR	411	+	24	57009111	12229
chr20	56996882	57196882	harbor2	chr20	57010256	57010455	SINE/MIR	462	+	100	57010356	13474
chr20	56996882	57196882	harbor2	chr20	57020031	57020132	SINE/MIR	426	+	50	57020081	23199
chr20	56996882	57196882	harbor2	chr20	57031109	57031264	SINE/MIR	513	+	78	57031187	34305
chr20	56996882	57196882	harbor2	chr20	57035367	57035587	SINE/MIR	535	+	110	57035477	38595
chr20	56996882	57196882	harbor2	chr20	57041512	57041685	SINE/MIR	474	+	86	57041598	44716
chr20	56996882	57196882	harbor2	chr20	57043584	57043753	SINE/MIR	568	+	84	57043668	46786
chr20	56996882	57196882	harbor2	chr20	57046712	57046875	SINE/MIR	448	+	82	57046794	49912
chr20	56996882	57196882	harbor2	chr20	57050097	57050228	SINE/MIR	480	+	66	57050163	53281
chr20	56996882	57196882	harbor2	chr20	57081531	57081714	SINE/MIR	404	+	92	57081623	84741
chr20	56996882	57196882	harbor2	chr20	57088315	57088524	SINE/MIR	507	+	104	57088419	91537
chr20	56996882	57196882	harbor2	chr20	57089105	57089367	SINE/MIR	653	+	131	57089236	92354
chr20	56996882	57196882	harbor2	chr20	57094950	57095021	SINE/MIR	440	+	36	57094986	98104
chr20	56996882	57196882	harbor2	chr20	57095411	57095543	SINE/MIR	440	+	66	57095477	98595
chr20	56996882	57196882	harbor2	chr20	57032685	57032806	SINE/MIR	420	+	60	57032745	35863
chr20	32744295	32944295	harbor2	chr20	32748013	32748205	SINE/MIR	555	+	96	32748109	3814
chr20	32744295	32944295	harbor2	chr20	32755667	32755807	SINE/MIR	440	+	70	32755737	11442
chr20	32744295	32944295	harbor2	chr20	32756454	32756608	SINE/MIR	402	+	77	32756531	12236
chr20	32744295	32944295	harbor2	chr20	32776604	32776737	SINE/MIR	463	+	66	32776670	32375
chr20	32744295	32944295	harbor2	chr20	32812374	32812545	SINE/MIR	417	+	86	32812460	68165
chr20	32744295	32944295	harbor2	chr20	32820408	32820551	SINE/MIR	465	+	72	32820480	76185
chr20	32744295	32944295	harbor2	chr20	32836964	32837134	SINE/MIR	470	+	85	32837049	92754
chr20	45732769	45932769	harbor2	chr20	45792231	45792444	SINE/MIR	599	+	106	45792337	59568
chr20	45732769	45932769	harbor2	chr20	45819410	45819585	SINE/MIR	414	+	88	45819498	86729
chr20	45732769	45932769	harbor2	chr20	45821074	45821236	SINE/MIR	568	+	81	45821155	88386
chr20	45732769	45932769	harbor2	chr20	45827624	45827844	SINE/MIR	454	+	110	45827734	94965
chr20	45732769	45932769	harbor2	chr20	45831719	45831854	SINE/MIR	428	+	68	45831787	99018
chr20	45732769	45932769	harbor2	chr20	45832352	45832541	SINE/MIR	399	+	94	45832446	99677
chr20	46208767	46408767	harbor2	chr20	46211791	46212034	SINE/MIR	796	+	122	46211913	3146
chr20	46208767	46408767	harbor2	chr20	46212497	46212723	SINE/MIR	624	+	113	46212610	3843
chr20	46208767	46408767	harbor2	chr20	46213533	46213686	SINE/MIR	502	+	76	46213609	4842
chr20	46208767	46408767	harbor2	chr20	46219278	46219430	SINE/MIR	421	+	76	46219354	10587
chr20	46208767	46408767	harbor2	chr20	46219644	46219681	SINE/MIR	421	+	18	46219662	10895
chr20	46208767	46408767	harbor2	chr20	46221977	46222134	SINE/MIR	664	+	78	46222055	13288
chr20	46208767	46408767	harbor2	chr20	46229484	46229677	SINE/MIR	612	+	96	46229580	20813
chr20	46208767	46408767	harbor2	chr20	46231763	46231943	SINE/MIR	393	+	90	46231853	23086
chr20	46208767	46408767	harbor2	chr20	46234130	46234261	SINE/MIR	432	+	66	46234196	25429
chr20	46208767	46408767	harbor2	chr20	46237873	46237997	SINE/MIR	384	+	62	46237935	29168
chr20	46208767	46408767	harbor2	chr20	46242350	46242535	SINE/MIR	444	+	92	46242442	33675
chr20	46208767	46408767	harbor2	chr20	46243948	46244113	SINE/MIR	405	+	82	46244030	35263
chr20	46208767	46408767	harbor2	chr20	46244895	46245114	SINE/MIR	636	+	110	46245005	36238
chr20	46208767	46408767	harbor2	chr20	46261027	46261274	SINE/MIR	708	+	124	46261151	52384
chr20	46208767	46408767	harbor2	chr20	46270835	46271052	SINE/MIR	599	+	108	46270943	62176
chr20	46208767	46408767	harbor2	chr20	46280634	46280747	SINE/MIR	403	+	56	46280690	71923
chr20	46208767	46408767	harbor2	chr20	46283287	46283447	SINE/MIR	408	+	80	46283367	74600
chr20	46208767	46408767	harbor2	chr20	46287103	46287332	SINE/MIR	550	+	114	46287217	78450
chr20	46208767	46408767	harbor2	chr20	46292358	46292553	SINE/MIR	516	+	98	46292456	83689
chr20	41219780	41419780	harbor2	chr20	41225115	41225309	SINE/MIR	523	+	97	41225212	5432
chr20	41219780	41419780	harbor2	chr20	41247301	41247536	SINE/MIR	424	+	118	41247419	27639
chr20	41219780	41419780	harbor2	chr20	41254278	41254466	SINE/MIR	696	+	94	41254372	34592
chr20	41219780	41419780	harbor2	chr20	41254515	41254771	SINE/MIR	738	+	128	41254643	34863
chr20	41219780	41419780	harbor2	chr20	41285365	41285540	SINE/MIR	394	+	88	41285453	65673
chr20	41219780	41419780	harbor2	chr20	41285738	41285951	SINE/MIR	668	+	106	41285844	66064
chr20	19587459	19787459	harbor2	chr20	19587626	19587860	SINE/MIR	716	+	117	19587743	284
chr20	19587459	19787459	harbor2	chr20	19600980	19601166	SINE/MIR	700	+	93	19601073	13614
chr20	19587459	19787459	harbor2	chr20	19614127	19614377	SINE/MIR	863	+	125	19614252	26793
chr20	19587459	19787459	harbor2	chr20	19618187	19618226	SINE/MIR	524	+	20	19618207	30748
chr20	19587459	19787459	harbor2	chr20	19618615	19618746	SINE/MIR	524	+	66	19618681	31222
chr20	19587459	19787459	harbor2	chr20	19631854	19632019	SINE/MIR	404	+	82	19631936	44477
chr20	19587459	19787459	harbor2	chr20	19641963	19642145	SINE/MIR	444	+	91	19642054	54595
chr20	39034649	39234649	harbor2	chr20	39064983	39065241	SINE/MIR	1183	+	129	39065112	30463
chr20	39034649	39234649	harbor2	chr20	39072742	39072882	SINE/MIR	412	+	70	39072812	38163
chr20	39034649	39234649	harbor2	chr20	39088766	39088931	SINE/MIR	467	+	82	39088848	54199
chr20	39034649	39234649	harbor2	chr20	39092515	39092700	SINE/MIR	551	+	92	39092607	57958
chr20	39034649	39234649	harbor2	chr20	39132211	39132461	SINE/MIR	801	+	125	39132336	97687
chr20	39034649	39234649	harbor2	chr20	39132496	39132506	SINE/MIR	801	+	5	39132501	97852
chr20	36011486	36211486	harbor2	chr20	36019855	36019986	SINE/MIR	405	+	66	36019921	8435
chr20	36011486	36211486	harbor2	chr20	36019985	36020070	SINE/MIR	857	+	42	36020027	8541
chr20	36011486	36211486	harbor2	chr20	36020381	36020537	SINE/MIR	857	+	78	36020459	8973
chr20	36011486	36211486	harbor2	chr20	36064089	36064291	SINE/MIR	580	+	101	36064190	52704
chr20	36011486	36211486	harbor2	chr20	36067567	36067760	SINE/MIR	459	+	96	36067663	56177
chr20	36011486	36211486	harbor2	chr20	36071470	36071673	SINE/MIR	448	+	102	36071572	60086
chr20	36011486	36211486	harbor2	chr20	36074982	36075220	SINE/MIR	541	+	119	36075101	63615
chr20	36011486	36211486	harbor2	chr20	36091089	36091288	SINE/MIR	557	+	100	36091189	79703
chr20	36011486	36211486	harbor2	chr20	36097257	36097480	SINE/MIR	631	+	112	36097369	85883
chr20	36011486	36211486	harbor2	chr20	36099265	36099474	SINE/MIR	478	+	104	36099369	87883
chr20	36011486	36211486	harbor2	chr20	36103449	36103665	SINE/MIR	457	+	108	36103557	92071
chr20	36011486	36211486	harbor2	chr20	36109282	36109460	SINE/MIR	439	+	89	36109371	97885
chr20	36011486	36211486	harbor2	chr20	36110756	36110900	SINE/MIR	488	+	72	36110828	99342
chr20	60471377	60671377	harbor2	chr20	60471390	60471630	SINE/MIR	386	+	120	60471510	133
chr20	60471377	60671377	harbor2	chr20	60472255	60472430	SINE/MIR	538	+	88	60472343	966
chr20	60471377	60671377	harbor2	chr20	60474539	60474670	SINE/MIR	518	+	66	60474605	3228
chr20	60471377	60671377	harbor2	chr20	60505438	60505667	SINE/MIR	435	+	114	60505552	34175
chr20	60471377	60671377	harbor2	chr20	60532146	60532376	SINE/MIR	701	+	115	60532261	60884
chr20	60471377	60671377	harbor2	chr20	60555465	60555669	SINE/MIR	702	+	102	60555567	84190
chr20	60214204	60414204	harbor2	chr20	60216112	60216326	SINE/MIR	417	+	107	60216219	2015
chr20	60214204	60414204	harbor2	chr20	60218073	60218201	SINE/MIR	413	+	64	60218137	3933
chr20	60214204	60414204	harbor2	chr20	60241302	60241485	SINE/MIR	443	+	92	60241394	27190
chr20	60214204	60414204	harbor2	chr20	60260753	60260949	SINE/MIR	464	+	98	60260851	46647
chr20	60214204	60414204	harbor2	chr20	60268208	60268390	SINE/MIR	568	+	91	60268299	54095
chr20	60214204	60414204	harbor2	chr20	60270461	60270653	SINE/MIR	623	+	96	60270557	56353
chr20	60214204	60414204	harbor2	chr20	60291845	60292069	SINE/MIR	534	+	112	60291957	77753
chr20	60214204	60414204	harbor2	chr20	60227535	60227731	SINE/MIR	564	+	98	60227633	13429
chr20	47852225	48052225	harbor2	chr20	47874520	47874753	SINE/MIR	524	+	116	47874636	22411
chr20	47852225	48052225	harbor2	chr20	47883748	47883954	SINE/MIR	804	+	103	47883851	31626
chr20	47852225	48052225	harbor2	chr20	47924137	47924394	SINE/MIR	689	+	128	47924265	72040
chr20	47852225	48052225	harbor2	chr20	47930365	47930598	SINE/MIR	604	+	116	47930481	78256
chr20	47852225	48052225	harbor2	chr20	47930612	47930840	SINE/MIR	874	+	114	47930726	78501
chr20	47852225	48052225	harbor2	chr20	47932268	47932487	SINE/MIR	545	+	110	47932378	80153
chr20	47852225	48052225	harbor2	chr20	47940766	47940879	SINE/MIR	447	+	56	47940822	88597
chr20	47852225	48052225	harbor2	chr20	47941263	47941497	SINE/MIR	693	+	117	47941380	89155
chr20	50172323	50372323	harbor2	chr20	50188025	50188096	SINE/MIR	400	+	36	50188061	15738
chr20	50172323	50372323	harbor2	chr20	50198861	50199044	SINE/MIR	759	+	92	50198953	26630
chr20	50172323	50372323	harbor2	chr20	50199069	50199119	SINE/MIR	458	+	25	50199094	26771
chr20	50172323	50372323	harbor2	chr20	50199421	50199549	SINE/MIR	458	+	64	50199485	27162
chr20	50172323	50372323	harbor2	chr20	50205150	50205312	SINE/MIR	406	+	81	50205231	32908
chr20	50172323	50372323	harbor2	chr20	50206108	50206299	SINE/MIR	831	+	96	50206204	33881
chr20	50172323	50372323	harbor2	chr20	50208420	50208652	SINE/MIR	473	+	116	50208536	36213
chr20	50172323	50372323	harbor2	chr20	50221111	50221323	SINE/MIR	657	+	106	50221217	48894
chr20	50172323	50372323	harbor2	chr20	50226353	50226481	SINE/MIR	436	+	64	50226417	54094
chr20	50172323	50372323	harbor2	chr20	50227174	50227309	SINE/MIR	780	+	68	50227242	54919
chr20	50172323	50372323	harbor2	chr20	50227619	50227737	SINE/MIR	780	+	59	50227678	55355
chr20	50172323	50372323	harbor2	chr20	50227751	50227986	SINE/MIR	585	+	118	50227869	55546
chr20	50172323	50372323	harbor2	chr20	50235937	50236101	SINE/MIR	587	+	82	50236019	63696
chr20	50172323	50372323	harbor2	chr20	50238220	50238451	SINE/MIR	684	+	116	50238336	66013
chr20	50172323	50372323	harbor2	chr20	50242102	50242272	SINE/MIR	586	+	85	50242187	69864
chr20	50172323	50372323	harbor2	chr20	50242263	50242467	SINE/MIR	678	+	102	50242365	70042
chr20	50172323	50372323	harbor2	chr20	50257332	50257546	SINE/MIR	480	+	107	50257439	85116
chr20	50172323	50372323	harbor2	chr20	50264680	50264882	SINE/MIR	378	+	101	50264781	92458
chr20	60626925	60826925	harbor2	chr20	60627920	60628071	SINE/MIR	538	+	76	60627996	1071
chr20	60626925	60826925	harbor2	chr20	60668829	60669083	SINE/MIR	964	+	127	60668956	42031
chr20	60626925	60826925	harbor2	chr20	60671756	60671947	SINE/MIR	452	+	96	60671852	44927
chr20	60626925	60826925	harbor2	chr20	60674405	60674590	SINE/MIR	447	+	92	60674497	47572
chr20	10756220	10956220	harbor2	chr20	10770414	10770566	SINE/MIR	415	+	76	10770490	14270
chr20	10756220	10956220	harbor2	chr20	10782647	10782812	SINE/MIR	424	+	82	10782729	26509
chr20	10756220	10956220	harbor2	chr20	10791325	10791483	SINE/MIR	399	+	79	10791404	35184
chr20	10756220	10956220	harbor2	chr20	10818135	10818345	SINE/MIR	588	+	105	10818240	62020
chr20	10756220	10956220	harbor2	chr20	10827087	10827295	SINE/MIR	716	+	104	10827191	70971
chr20	10756220	10956220	harbor2	chr20	10827591	10827612	SINE/MIR	716	+	10	10827601	71381
chr20	10756220	10956220	harbor2	chr20	10832976	10833090	SINE/MIR	418	+	57	10833033	76813
chr20	53196618	53396618	harbor2	chr20	53205794	53205938	SINE/MIR	466	+	72	53205866	9248
chr20	53196618	53396618	harbor2	chr20	53206237	53206366	SINE/MIR	466	+	64	53206301	9683
chr20	53196618	53396618	harbor2	chr20	53224358	53224566	SINE/MIR	520	+	104	53224462	27844
chr20	53196618	53396618	harbor2	chr20	53251928	53252128	SINE/MIR	660	+	100	53252028	55410
chr20	53196618	53396618	harbor2	chr20	53268855	53269050	SINE/MIR	572	+	98	53268953	72335
chr20	53196618	53396618	harbor2	chr20	53276468	53276630	SINE/MIR	482	+	81	53276549	79931
chr20	53196618	53396618	harbor2	chr20	53276819	53276849	SINE/MIR	482	+	15	53276834	80216
chr20	53196618	53396618	harbor2	chr20	53295216	53295413	SINE/MIR	533	+	98	53295314	98696
chr20	57096752	57296752	harbor2	chr20	57109428	57109612	SINE/MIR	384	+	92	57109520	12768
chr20	57096752	57296752	harbor2	chr20	57142936	57143156	SINE/MIR	420	+	110	57143046	46294
chr20	57096752	57296752	harbor2	chr20	57143445	57143661	SINE/MIR	514	+	108	57143553	46801
chr20	57096752	57296752	harbor2	chr20	57182592	57182713	SINE/MIR	394	+	60	57182652	85900
chr20	34052845	34252845	harbor2	chr20	34063352	34063578	SINE/MIR	720	+	113	34063465	10620
chr20	34052845	34252845	harbor2	chr20	34071726	34071907	SINE/MIR	402	+	90	34071816	18971
chr20	34052845	34252845	harbor2	chr20	34074579	34074699	SINE/MIR	442	+	60	34074639	21794
chr20	34052845	34252845	harbor2	chr20	34082943	34083089	SINE/MIR	438	+	73	34083016	30171
chr20	34052845	34252845	harbor2	chr20	34092862	34093063	SINE/MIR	550	+	100	34092962	40117
chr20	34052845	34252845	harbor2	chr20	34107338	34107562	SINE/MIR	562	+	112	34107450	54605
chr20	34052845	34252845	harbor2	chr20	34110919	34111066	SINE/MIR	430	+	74	34110993	58148
chr20	54660516	54860516	harbor2	chr20	54669212	54669367	SINE/MIR	657	+	78	54669290	8774
chr20	54660516	54860516	harbor2	chr20	54669679	54669798	SINE/MIR	657	+	60	54669739	9223
chr20	54660516	54860516	harbor2	chr20	54688958	54689199	SINE/MIR	642	+	120	54689078	28562
chr20	54660516	54860516	harbor2	chr20	54719254	54719404	SINE/MIR	380	+	75	54719329	58813
chr20	54660516	54860516	harbor2	chr20	54726355	54726582	SINE/MIR	462	+	114	54726469	65953
chr20	54660516	54860516	harbor2	chr20	54735761	54736015	SINE/MIR	766	+	127	54735888	75372
chr20	54660516	54860516	harbor2	chr20	54743843	54744071	SINE/MIR	493	+	114	54743957	83441
chr20	44607412	44807412	harbor2	chr20	44622362	44622481	SINE/MIR	411	+	60	44622422	15010
chr20	44607412	44807412	harbor2	chr20	44624821	44624992	SINE/MIR	436	+	86	44624907	17495
chr20	44607412	44807412	harbor2	chr20	44633292	44633410	SINE/MIR	500	+	59	44633351	25939
chr20	44607412	44807412	harbor2	chr20	44634427	44634636	SINE/MIR	693	+	104	44634531	27119
chr20	44607412	44807412	harbor2	chr20	44635354	44635553	SINE/MIR	391	+	100	44635454	28042
chr20	44607412	44807412	harbor2	chr20	44637190	44637354	SINE/MIR	519	+	82	44637272	29860
chr20	44607412	44807412	harbor2	chr20	44638090	44638281	SINE/MIR	637	+	96	44638186	30774
chr20	44607412	44807412	harbor2	chr20	44646834	44647067	SINE/MIR	788	+	116	44646950	39538
chr20	44607412	44807412	harbor2	chr20	44647519	44647627	SINE/MIR	415	+	54	44647573	40161
chr20	44607412	44807412	harbor2	chr20	44649052	44649218	SINE/MIR	473	+	83	44649135	41723
chr20	44607412	44807412	harbor2	chr20	44661558	44661788	SINE/MIR	874	+	115	44661673	54261
chr20	44607412	44807412	harbor2	chr20	44679327	44679528	SINE/MIR	597	+	100	44679427	72015
chr20	44607412	44807412	harbor2	chr20	44682686	44682871	SINE/MIR	525	+	92	44682778	75366
chr20	44607412	44807412	harbor2	chr20	44694601	44694796	SINE/MIR	639	+	98	44694699	87287
chr20	44607412	44807412	harbor2	chr20	44698762	44698893	SINE/MIR	460	+	66	44698828	91416
chr20	44607412	44807412	harbor2	chr20	44699057	44699139	SINE/MIR	460	+	41	44699098	91686
chr20	44607412	44807412	harbor2	chr20	44703757	44703978	SINE/MIR	1017	+	110	44703867	96455
chr20	20728993	20928993	harbor2	chr20	20751558	20751755	SINE/MIR	438	+	98	20751656	22663
chr20	20728993	20928993	harbor2	chr20	20794026	20794206	SINE/MIR	760	+	90	20794116	65123
chr20	20728993	20928993	harbor2	chr20	20795054	20795231	SINE/MIR	421	+	88	20795142	66149
chr20	20728993	20928993	harbor2	chr20	20828719	20828821	SINE/MIR	459	+	51	20828770	99777
chr20	62645420	62845420	harbor2	chr20	62682729	62682902	SINE/MIR	421	+	86	62682815	37395
chr20	62645420	62845420	harbor2	chr20	62717410	62717608	SINE/MIR	472	+	99	62717509	72089
chr20	54845685	55045685	harbor2	chr20	54856722	54856929	SINE/MIR	602	+	104	54856826	11141
chr20	54845685	55045685	harbor2	chr20	54873207	54873441	SINE/MIR	583	+	117	54873324	27639
chr20	54845685	55045685	harbor2	chr20	54877547	54877820	SINE/MIR	520	+	136	54877683	31998
chr20	54845685	55045685	harbor2	chr20	54915944	54916139	SINE/MIR	426	+	98	54916042	70357
chr20	54769884	54969884	harbor2	chr20	54779192	54779315	SINE/MIR	393	+	62	54779254	9370
chr20	54769884	54969884	harbor2	chr20	54806037	54806276	SINE/MIR	489	+	120	54806157	36273
chr20	54769884	54969884	harbor2	chr20	54820634	54820807	SINE/MIR	505	+	86	54820720	50836
chr20	54769884	54969884	harbor2	chr20	54829524	54829750	SINE/MIR	916	+	113	54829637	59753
chr20	54769884	54969884	harbor2	chr20	54842151	54842356	SINE/MIR	437	+	102	54842253	72369
chr20	54769884	54969884	harbor2	chr20	54856722	54856929	SINE/MIR	602	+	104	54856826	86942
chr20	46337360	46537360	harbor2	chr20	46344206	46344410	SINE/MIR	413	+	102	46344308	6948
chr20	46337360	46537360	harbor2	chr20	46354444	46354674	SINE/MIR	868	+	115	46354559	17199
chr20	46337360	46537360	harbor2	chr20	46362436	46362571	SINE/MIR	522	+	68	46362504	25144
chr20	46337360	46537360	harbor2	chr20	46372188	46372361	SINE/MIR	389	+	86	46372274	34914
chr20	46337360	46537360	harbor2	chr20	46391208	46391451	SINE/MIR	772	+	122	46391330	53970
chr20	46337360	46537360	harbor2	chr20	46408645	46408829	SINE/MIR	648	+	92	46408737	71377
chr20	60277524	60477524	harbor2	chr20	60291845	60292069	SINE/MIR	534	+	112	60291957	14433
chr20	60277524	60477524	harbor2	chr20	60333953	60334142	SINE/MIR	401	+	94	60334047	56523
chr20	60277524	60477524	harbor2	chr20	60362152	60362380	SINE/MIR	514	+	114	60362266	84742
chr20	48409098	48609098	harbor2	chr20	48409498	48409728	SINE/MIR	597	+	115	48409613	515
chr20	48409098	48609098	harbor2	chr20	48414474	48414608	SINE/MIR	427	+	67	48414541	5443
chr20	48409098	48609098	harbor2	chr20	48423675	48423891	SINE/MIR	452	+	108	48423783	14685
chr20	48409098	48609098	harbor2	chr20	48428110	48428278	SINE/MIR	572	+	84	48428194	19096
chr20	48409098	48609098	harbor2	chr20	48453780	48453886	SINE/MIR	443	+	53	48453833	44735
chr20	48409098	48609098	harbor2	chr20	48487916	48488127	SINE/MIR	1131	+	106	48488022	78924
chr20	48409098	48609098	harbor2	chr20	48493013	48493181	SINE/MIR	393	+	84	48493097	83999
chr20	50052804	50252804	harbor2	chr20	50053621	50053780	SINE/MIR	429	+	80	50053701	897
chr20	50052804	50252804	harbor2	chr20	50057072	50057285	SINE/MIR	468	+	106	50057178	4374
chr20	50052804	50252804	harbor2	chr20	50061836	50062023	SINE/MIR	613	+	94	50061930	9126
chr20	50052804	50252804	harbor2	chr20	50066276	50066448	SINE/MIR	464	+	86	50066362	13558
chr20	50052804	50252804	harbor2	chr20	50066532	50066659	SINE/MIR	393	+	64	50066596	13792
chr20	50052804	50252804	harbor2	chr20	50095864	50096027	SINE/MIR	615	+	82	50095946	43142
chr20	50052804	50252804	harbor2	chr20	50108485	50108680	SINE/MIR	411	+	98	50108583	55779
chr20	50052804	50252804	harbor2	chr20	50115485	50115637	SINE/MIR	475	+	76	50115561	62757
chr20	50052804	50252804	harbor2	chr20	50121335	50121550	SINE/MIR	764	+	108	50121443	68639
chr20	50052804	50252804	harbor2	chr20	50131804	50131919	SINE/MIR	462	+	58	50131862	79058
chr20	53374684	53574684	harbor2	chr20	53382787	53382980	SINE/MIR	407	+	96	53382883	8199
chr20	53374684	53574684	harbor2	chr20	53383293	53383341	SINE/MIR	378	+	24	53383317	8633
chr20	53374684	53574684	harbor2	chr20	53393337	53393560	SINE/MIR	451	+	112	53393449	18765
chr20	53374684	53574684	harbor2	chr20	53398400	53398468	SINE/MIR	424	+	34	53398434	23750
chr20	53374684	53574684	harbor2	chr20	53398769	53398938	SINE/MIR	424	+	84	53398853	24169
chr20	53374684	53574684	harbor2	chr20	53411407	53411546	SINE/MIR	442	+	70	53411477	36793
chr20	53374684	53574684	harbor2	chr20	53411854	53411946	SINE/MIR	442	+	46	53411900	37216
chr20	53374684	53574684	harbor2	chr20	53413454	53413642	SINE/MIR	690	+	94	53413548	38864
chr20	53374684	53574684	harbor2	chr20	53414804	53415007	SINE/MIR	470	+	102	53414906	40222
chr20	53374684	53574684	harbor2	chr20	53435848	53436020	SINE/MIR	602	+	86	53435934	61250
chr20	53374684	53574684	harbor2	chr20	53448767	53448926	SINE/MIR	386	+	80	53448847	74163
chr20	53374684	53574684	harbor2	chr20	53465589	53465783	SINE/MIR	456	+	97	53465686	91002
chr20	53374684	53574684	harbor2	chr20	53466943	53467100	SINE/MIR	477	+	78	53467021	92337
chr20	54289413	54489413	harbor2	chr20	54290534	54290685	SINE/MIR	445	+	76	54290610	1197
chr20	54289413	54489413	harbor2	chr20	54291303	54291384	SINE/MIR	445	+	40	54291343	1930
chr20	54289413	54489413	harbor2	chr20	54292434	54292586	SINE/MIR	520	+	76	54292510	3097
chr20	54289413	54489413	harbor2	chr20	54308157	54308395	SINE/MIR	782	+	119	54308276	18863
chr20	54289413	54489413	harbor2	chr20	54341888	54342114	SINE/MIR	497	+	113	54342001	52588
chr20	54289413	54489413	harbor2	chr20	54329310	54329480	SINE/MIR	403	+	85	54329395	39982
chr20	54289413	54489413	harbor2	chr20	54345636	54345878	SINE/MIR	545	+	121	54345757	56344
chr20	26224048	26424048	harbor2	chr20	26266456	26266661	SINE/MIR	469	+	102	26266558	42510
chr20	24624119	24824119	harbor2	chr20	24667135	24667245	SINE/MIR	401	+	55	24667190	43071
chr20	24624119	24824119	harbor2	chr20	24667547	24667592	SINE/MIR	401	+	22	24667569	43450
chr20	24624119	24824119	harbor2	chr20	24698693	24698833	SINE/MIR	378	+	70	24698763	74644
chr20	35952805	36152805	harbor2	chr20	35955587	35955717	SINE/MIR	441	+	65	35955652	2847
chr20	35952805	36152805	harbor2	chr20	35969112	35969355	SINE/MIR	925	+	122	35969234	16429
chr20	35952805	36152805	harbor2	chr20	35976051	35976193	SINE/MIR	382	+	71	35976122	23317
chr20	35952805	36152805	harbor2	chr20	35980226	35980336	SINE/MIR	462	+	55	35980281	27476
chr20	35952805	36152805	harbor2	chr20	35986346	35986572	SINE/MIR	703	+	113	35986459	33654
chr20	35952805	36152805	harbor2	chr20	35997482	35997732	SINE/MIR	721	+	125	35997607	44802
chr20	35952805	36152805	harbor2	chr20	36008834	36009014	SINE/MIR	386	+	90	36008924	56119
chr20	35952805	36152805	harbor2	chr20	36019855	36019986	SINE/MIR	405	+	66	36019921	67116
chr20	35952805	36152805	harbor2	chr20	36019985	36020070	SINE/MIR	857	+	42	36020027	67222
chr20	35952805	36152805	harbor2	chr20	36020381	36020537	SINE/MIR	857	+	78	36020459	67654
chr20	23420393	23620393	harbor2	chr20	23459267	23459474	SINE/MIR	599	+	104	23459371	38978
chr20	50274377	50474377	harbor2	chr20	50276144	50276281	SINE/MIR	473	+	68	50276212	1835
chr20	50274377	50474377	harbor2	chr20	50279349	50279462	SINE/MIR	685	+	56	50279405	5028
chr20	50274377	50474377	harbor2	chr20	50279779	50279850	SINE/MIR	685	+	36	50279815	5438
chr20	50274377	50474377	harbor2	chr20	50280875	50281094	SINE/MIR	456	+	110	50280985	6608
chr20	50274377	50474377	harbor2	chr20	50284178	50284302	SINE/MIR	481	+	62	50284240	9863
chr20	50274377	50474377	harbor2	chr20	50285204	50285348	SINE/MIR	473	+	72	50285276	10899
chr20	50274377	50474377	harbor2	chr20	50293402	50293643	SINE/MIR	409	+	120	50293522	19145
chr20	50274377	50474377	harbor2	chr20	50294964	50295132	SINE/MIR	449	+	84	50295048	20671
chr20	50274377	50474377	harbor2	chr20	50295265	50295480	SINE/MIR	811	+	108	50295373	20996
chr20	50274377	50474377	harbor2	chr20	50301960	50302200	SINE/MIR	749	+	120	50302080	27703
chr20	50274377	50474377	harbor2	chr20	50307033	50307179	SINE/MIR	394	+	73	50307106	32729
chr20	50274377	50474377	harbor2	chr20	50307386	50307542	SINE/MIR	672	+	78	50307464	33087
chr20	50274377	50474377	harbor2	chr20	50307661	50307804	SINE/MIR	493	+	72	50307733	33356
chr20	50274377	50474377	harbor2	chr20	50308410	50308551	SINE/MIR	457	+	70	50308480	34103
chr20	50274377	50474377	harbor2	chr20	50309172	50309406	SINE/MIR	497	+	117	50309289	34912
chr20	50274377	50474377	harbor2	chr20	50311914	50312053	SINE/MIR	430	+	70	50311984	37607
chr20	50274377	50474377	harbor2	chr20	50320272	50320442	SINE/MIR	392	+	85	50320357	45980
chr20	50274377	50474377	harbor2	chr20	50331324	50331412	SINE/MIR	377	+	44	50331368	56991
chr20	50274377	50474377	harbor2	chr20	50337612	50337786	SINE/MIR	382	+	87	50337699	63322
chr20	50274377	50474377	harbor2	chr20	50339613	50339772	SINE/MIR	676	+	80	50339693	65316
chr20	50274377	50474377	harbor2	chr20	50344821	50344975	SINE/MIR	622	+	77	50344898	70521
chr20	50274377	50474377	harbor2	chr20	50354515	50354684	SINE/MIR	524	+	84	50354599	80222
chr20	50274377	50474377	harbor2	chr20	50363006	50363167	SINE/MIR	567	+	80	50363086	88709
chr20	50274377	50474377	harbor2	chr20	50367105	50367267	SINE/MIR	559	+	81	50367186	92809
chr20	34143738	34343738	harbor2	chr20	34163726	34163879	SINE/MIR	482	+	76	34163802	20064
chr20	60277847	60477847	harbor2	chr20	60291845	60292069	SINE/MIR	534	+	112	60291957	14110
chr20	60277847	60477847	harbor2	chr20	60333953	60334142	SINE/MIR	401	+	94	60334047	56200
chr20	60277847	60477847	harbor2	chr20	60362152	60362380	SINE/MIR	514	+	114	60362266	84419
chr20	36065730	36265730	harbor2	chr20	36067567	36067760	SINE/MIR	459	+	96	36067663	1933
chr20	36065730	36265730	harbor2	chr20	36071470	36071673	SINE/MIR	448	+	102	36071572	5842
chr20	36065730	36265730	harbor2	chr20	36074982	36075220	SINE/MIR	541	+	119	36075101	9371
chr20	36065730	36265730	harbor2	chr20	36091089	36091288	SINE/MIR	557	+	100	36091189	25459
chr20	36065730	36265730	harbor2	chr20	36097257	36097480	SINE/MIR	631	+	112	36097369	31639
chr20	36065730	36265730	harbor2	chr20	36099265	36099474	SINE/MIR	478	+	104	36099369	33639
chr20	36065730	36265730	harbor2	chr20	36103449	36103665	SINE/MIR	457	+	108	36103557	37827
chr20	36065730	36265730	harbor2	chr20	36109282	36109460	SINE/MIR	439	+	89	36109371	43641
chr20	36065730	36265730	harbor2	chr20	36110756	36110900	SINE/MIR	488	+	72	36110828	45098
chr20	36065730	36265730	harbor2	chr20	36122695	36122856	SINE/MIR	451	+	80	36122775	57045
chr20	36065730	36265730	harbor2	chr20	36125312	36125539	SINE/MIR	624	+	114	36125426	59696
chr20	36065730	36265730	harbor2	chr20	36127576	36127737	SINE/MIR	511	+	80	36127656	61926
chr20	36065730	36265730	harbor2	chr20	36128075	36128238	SINE/MIR	469	+	82	36128157	62427
chr20	36065730	36265730	harbor2	chr20	36134273	36134454	SINE/MIR	395	+	90	36134363	68633
chr20	36065730	36265730	harbor2	chr20	36135409	36135576	SINE/MIR	494	+	84	36135493	69763
chr20	36065730	36265730	harbor2	chr20	36147427	36147662	SINE/MIR	723	+	118	36147545	81815
chr20	36065730	36265730	harbor2	chr20	36150536	36150754	SINE/MIR	670	+	109	36150645	84915
chr20	36065730	36265730	harbor2	chr20	36151760	36151819	SINE/MIR	449	+	30	36151790	86060
chr20	36065730	36265730	harbor2	chr20	36152125	36152224	SINE/MIR	449	+	50	36152175	86445
chr20	36065730	36265730	harbor2	chr20	36158596	36158831	SINE/MIR	576	+	118	36158714	92984
chr20	36065730	36265730	harbor2	chr20	36159795	36160015	SINE/MIR	604	+	110	36159905	94175
chr20	59913467	60113467	harbor2	chr20	59935866	59935943	SINE/MIR	513	+	38	59935904	22437
chr20	59913467	60113467	harbor2	chr20	59936280	59936435	SINE/MIR	513	+	78	59936358	22891
chr20	59913467	60113467	harbor2	chr20	59970294	59970400	SINE/MIR	415	+	53	59970347	56880
chr20	59913467	60113467	harbor2	chr20	59971239	59971468	SINE/MIR	423	+	114	59971353	57886
chr20	46261424	46461424	harbor2	chr20	46270835	46271052	SINE/MIR	599	+	108	46270943	9519
chr20	46261424	46461424	harbor2	chr20	46280634	46280747	SINE/MIR	403	+	56	46280690	19266
chr20	46261424	46461424	harbor2	chr20	46283287	46283447	SINE/MIR	408	+	80	46283367	21943
chr20	46261424	46461424	harbor2	chr20	46287103	46287332	SINE/MIR	550	+	114	46287217	25793
chr20	46261424	46461424	harbor2	chr20	46292358	46292553	SINE/MIR	516	+	98	46292456	31032
chr20	46261424	46461424	harbor2	chr20	46312966	46313152	SINE/MIR	699	+	93	46313059	51635
chr20	46261424	46461424	harbor2	chr20	46316062	46316186	SINE/MIR	491	+	62	46316124	54700
chr20	46261424	46461424	harbor2	chr20	46321797	46322097	SINE/MIR	539	+	150	46321947	60523
chr20	46261424	46461424	harbor2	chr20	46325434	46325673	SINE/MIR	534	+	120	46325554	64130
chr20	46261424	46461424	harbor2	chr20	46327858	46328043	SINE/MIR	487	+	92	46327950	66526
chr20	46261424	46461424	harbor2	chr20	46333698	46333934	SINE/MIR	607	+	118	46333816	72392
chr20	46261424	46461424	harbor2	chr20	46344206	46344410	SINE/MIR	413	+	102	46344308	82884
chr20	46261424	46461424	harbor2	chr20	46354444	46354674	SINE/MIR	868	+	115	46354559	93135
chr20	33119712	33319712	harbor2	chr20	33154759	33154877	SINE/MIR	403	+	59	33154818	35106
chr20	33119712	33319712	harbor2	chr20	33156953	33157093	SINE/MIR	461	+	70	33157023	37311
chr20	33119712	33319712	harbor2	chr20	33158879	33158982	SINE/MIR	411	+	52	33158931	39219
chr20	33119712	33319712	harbor2	chr20	33163835	33164017	SINE/MIR	948	+	91	33163926	44214
chr20	33119712	33319712	harbor2	chr20	33167482	33167595	SINE/MIR	446	+	56	33167538	47826
chr20	33119712	33319712	harbor2	chr20	33167718	33167865	SINE/MIR	440	+	74	33167792	48080
chr20	33119712	33319712	harbor2	chr20	33168891	33169034	SINE/MIR	506	+	72	33168963	49251
chr20	33119712	33319712	harbor2	chr20	33172725	33172899	SINE/MIR	545	+	87	33172812	53100
chr20	33119712	33319712	harbor2	chr20	33173809	33174035	SINE/MIR	411	+	113	33173922	54210
chr20	33119712	33319712	harbor2	chr20	33174999	33175161	SINE/MIR	413	+	81	33175080	55368
chr20	33119712	33319712	harbor2	chr20	33175639	33175849	SINE/MIR	541	+	105	33175744	56032
chr20	33119712	33319712	harbor2	chr20	33183034	33183252	SINE/MIR	823	+	109	33183143	63431
chr20	33119712	33319712	harbor2	chr20	33192846	33193036	SINE/MIR	578	+	95	33192941	73229
chr20	33119712	33319712	harbor2	chr20	33199730	33199870	SINE/MIR	437	+	70	33199800	80088
chr20	33119712	33319712	harbor2	chr20	33212474	33212693	SINE/MIR	745	+	110	33212584	92872
chr20	55998621	56198621	harbor2	chr20	56011820	56012024	SINE/MIR	414	+	102	56011922	13301
chr20	55998621	56198621	harbor2	chr20	56025552	56025753	SINE/MIR	467	+	100	56025652	27031
chr20	55998621	56198621	harbor2	chr20	56029934	56030121	SINE/MIR	426	+	94	56030028	31407
chr20	55998621	56198621	harbor2	chr20	56037136	56037318	SINE/MIR	686	+	91	56037227	38606
chr20	55998621	56198621	harbor2	chr20	56042551	56042752	SINE/MIR	657	+	100	56042651	44030
chr20	55998621	56198621	harbor2	chr20	56056846	56057052	SINE/MIR	587	+	103	56056949	58328
chr20	55998621	56198621	harbor2	chr20	56059998	56060219	SINE/MIR	786	+	110	56060108	61487
chr20	55998621	56198621	harbor2	chr20	56068195	56068362	SINE/MIR	393	+	84	56068279	69658
chr20	55998621	56198621	harbor2	chr20	56078228	56078393	SINE/MIR	441	+	82	56078310	79689
chr20	55998621	56198621	harbor2	chr20	56078817	56079042	SINE/MIR	1023	+	112	56078929	80308
chr20	55998621	56198621	harbor2	chr20	56089081	56089302	SINE/MIR	549	+	110	56089191	90570
chr20	55998621	56198621	harbor2	chr20	56092558	56092775	SINE/MIR	643	+	108	56092666	94045
chr20	52708696	52908696	harbor2	chr20	52750349	52750568	SINE/MIR	803	+	110	52750459	41763
chr20	52708696	52908696	harbor2	chr20	52758032	52758153	SINE/MIR	611	+	60	52758092	49396
chr20	52708696	52908696	harbor2	chr20	52758518	52758586	SINE/MIR	611	+	34	52758552	49856
chr20	52708696	52908696	harbor2	chr20	52760012	52760273	SINE/MIR	535	+	130	52760142	51446
chr20	52708696	52908696	harbor2	chr20	52766731	52766905	SINE/MIR	454	+	87	52766818	58122
chr20	52708696	52908696	harbor2	chr20	52785001	52785213	SINE/MIR	529	+	106	52785107	76411
chr20	52708696	52908696	harbor2	chr20	52786856	52786923	SINE/MIR	480	+	34	52786890	78194
chr20	52708696	52908696	harbor2	chr20	52786971	52787127	SINE/MIR	480	+	78	52787049	78353
chr20	52708696	52908696	harbor2	chr20	52789851	52790112	SINE/MIR	519	+	130	52789981	81285
chr20	52708696	52908696	harbor2	chr20	52791324	52791488	SINE/MIR	486	+	82	52791406	82710
chr20	52708696	52908696	harbor2	chr20	52806348	52806587	SINE/MIR	608	+	120	52806468	97772
chr20	48444901	48644901	harbor2	chr20	48453780	48453886	SINE/MIR	443	+	53	48453833	8932
chr20	48444901	48644901	harbor2	chr20	48487916	48488127	SINE/MIR	1131	+	106	48488022	43121
chr20	48444901	48644901	harbor2	chr20	48493013	48493181	SINE/MIR	393	+	84	48493097	48196
chr20	48444901	48644901	harbor2	chr20	48544535	48544775	SINE/MIR	991	+	120	48544655	99754
chr21	32461913	32661913	harbor2	chr21	32520884	32521002	SINE/MIR	483	+	59	32520943	59030
chr21	32461913	32661913	harbor2	chr21	32533770	32533994	SINE/MIR	627	+	112	32533882	71969
chr21	32461913	32661913	harbor2	chr21	32547006	32547171	SINE/MIR	485	+	82	32547088	85175
chr21	20269700	20469700	harbor2	chr21	20298706	20298851	SINE/MIR	606	+	72	20298778	29078
chr21	20269700	20469700	harbor2	chr21	20369374	20369612	SINE/MIR	549	+	119	20369493	99793
chr21	40332699	40532699	harbor2	chr21	40373767	40373967	SINE/MIR	468	+	100	40373867	41168
chr21	40332699	40532699	harbor2	chr21	40429569	40429776	SINE/MIR	499	+	104	40429673	96974
chr21	26958869	27158869	harbor2	chr21	26975344	26975561	SINE/MIR	524	+	108	26975452	16583
chr21	17503818	17703818	harbor2	chr21	17533485	17533704	SINE/MIR	472	+	110	17533595	29777
chr21	17503818	17703818	harbor2	chr21	17576268	17576493	SINE/MIR	580	+	112	17576380	72562
chr21	38124793	38324793	harbor2	chr21	38149396	38149622	SINE/MIR	1051	+	113	38149509	24716
chr21	38124793	38324793	harbor2	chr21	38161889	38162157	SINE/MIR	494	+	134	38162023	37230
chr21	38124793	38324793	harbor2	chr21	38211856	38211987	SINE/MIR	485	+	66	38211922	87129
chr21	32591316	32791316	harbor2	chr21	32671515	32671695	SINE/MIR	762	+	90	32671605	80289
chr21	16838296	17038296	harbor2	chr21	16909304	16909472	SINE/MIR	482	+	84	16909388	71092
chr21	38078052	38278052	harbor2	chr21	38149396	38149622	SINE/MIR	1051	+	113	38149509	71457
chr21	38078052	38278052	harbor2	chr21	38161889	38162157	SINE/MIR	494	+	134	38162023	83971
chr21	45694072	45894072	harbor2	chr21	45708934	45709182	SINE/MIR	501	+	124	45709058	14986
chr21	27240520	27440520	harbor2	chr21	27246409	27246629	SINE/MIR	542	+	110	27246519	5999
chr21	24793042	24993042	harbor2	chr21	24844414	24844649	SINE/MIR	509	+	118	24844532	51490
chr21	37160666	37360666	harbor2	chr21	37173065	37173293	SINE/MIR	682	+	114	37173179	12513
chr21	45650344	45850344	harbor2	chr21	45708934	45709182	SINE/MIR	501	+	124	45709058	58714
chr21	35539288	35739288	harbor2	chr21	35555455	35555674	SINE/MIR	494	+	110	35555565	16277
chr21	35539288	35739288	harbor2	chr21	35583928	35584155	SINE/MIR	622	+	114	35584042	44754
chr21	35539288	35739288	harbor2	chr21	35592880	35593071	SINE/MIR	484	+	96	35592976	53688
chr21	38926642	39126642	harbor2	chr21	38976173	38976422	SINE/MIR	567	+	124	38976297	49655
chr21	20865091	21065091	harbor2	chr21	20964117	20964267	SINE/MIR	524	+	75	20964192	99101
chr21	31130468	31330468	harbor2	chr21	31162095	31162329	SINE/MIR	780	+	117	31162212	31744
chr22	21124289	21324289	harbor2	chr22	21150368	21150536	SINE/MIR	586	+	84	21150452	26163
chr22	21124289	21324289	harbor2	chr22	21221353	21221588	SINE/MIR	483	+	118	21221471	97182
chr22	46862547	47062547	harbor2	chr22	46877110	46877279	SINE/MIR	575	+	84	46877194	14647
chr22	16939699	17139699	harbor2	chr22	16970281	16970477	SINE/MIR	442	+	98	16970379	30680
chr22	16939699	17139699	harbor2	chr22	16986921	16987097	SINE/MIR	444	+	88	16987009	47310
chr22	24054852	24254852	harbor2	chr22	24067701	24067857	SINE/MIR	452	+	78	24067779	12927
chr22	24054852	24254852	harbor2	chr22	24072863	24073086	SINE/MIR	672	+	112	24072975	18123
chr22	24054852	24254852	harbor2	chr22	24130343	24130510	SINE/MIR	510	+	84	24130427	75575
chr22	24054852	24254852	harbor2	chr22	24149222	24149387	SINE/MIR	453	+	82	24149304	94452
chr22	39677995	39877995	harbor2	chr22	39720254	39720466	SINE/MIR	442	+	106	39720360	42365
chr22	39677995	39877995	harbor2	chr22	39728130	39728308	SINE/MIR	442	+	89	39728219	50224
chr22	39677995	39877995	harbor2	chr22	39733501	39733642	SINE/MIR	465	+	70	39733571	55576
chr22	39677995	39877995	harbor2	chr22	39735538	39735774	SINE/MIR	889	+	118	39735656	57661
chr22	43470625	43670625	harbor2	chr22	43493578	43493740	SINE/MIR	453	+	81	43493659	23034
chr22	45710349	45910349	harbor2	chr22	45728866	45729085	SINE/MIR	623	+	110	45728976	18627
chr22	45710349	45910349	harbor2	chr22	45739605	45739795	SINE/MIR	473	+	95	45739700	29351
chr22	45710349	45910349	harbor2	chr22	45747626	45747810	SINE/MIR	612	+	92	45747718	37369
chr22	45710349	45910349	harbor2	chr22	45780446	45780661	SINE/MIR	524	+	108	45780554	70205
chr22	46331044	46531044	harbor2	chr22	46388842	46389013	SINE/MIR	453	+	86	46388928	57884
chr22	42278960	42478960	harbor2	chr22	42285987	42286146	SINE/MIR	478	+	80	42286067	7107
chr22	42278960	42478960	harbor2	chr22	42286366	42286547	SINE/MIR	714	+	90	42286456	7496
chr22	42278960	42478960	harbor2	chr22	42295968	42296157	SINE/MIR	522	+	94	42296062	17102
chr22	42278960	42478960	harbor2	chr22	42321561	42321664	SINE/MIR	479	+	52	42321613	42653
chr22	42278960	42478960	harbor2	chr22	42321978	42322094	SINE/MIR	479	+	58	42322036	43076
chr22	42278960	42478960	harbor2	chr22	42343115	42343277	SINE/MIR	561	+	81	42343196	64236
chr22	42278960	42478960	harbor2	chr22	42346164	42346397	SINE/MIR	780	+	116	42346280	67320
chr22	42278960	42478960	harbor2	chr22	42374675	42374813	SINE/MIR	593	+	69	42374744	95784
chr22	16621610	16821610	harbor2	chr22	16654868	16655069	SINE/MIR	472	+	100	16654968	33358
chr22	29739598	29939598	harbor2	chr22	29743927	29744110	SINE/MIR	611	+	92	29744019	4421
chr22	29739598	29939598	harbor2	chr22	29752519	29752729	SINE/MIR	554	+	105	29752624	13026
chr22	29739598	29939598	harbor2	chr22	29754397	29754589	SINE/MIR	448	+	96	29754493	14895
chr22	29739598	29939598	harbor2	chr22	29754886	29754932	SINE/MIR	448	+	23	29754909	15311
chr22	29739598	29939598	harbor2	chr22	29757384	29757548	SINE/MIR	604	+	82	29757466	17868
chr22	29739598	29939598	harbor2	chr22	29768014	29768252	SINE/MIR	458	+	119	29768133	28535
chr22	29739598	29939598	harbor2	chr22	29770596	29770641	SINE/MIR	490	+	22	29770618	31020
chr22	29739598	29939598	harbor2	chr22	29770997	29771095	SINE/MIR	490	+	49	29771046	31448
chr22	29739598	29939598	harbor2	chr22	29776724	29776855	SINE/MIR	517	+	66	29776790	37192
chr22	29739598	29939598	harbor2	chr22	29780543	29780743	SINE/MIR	734	+	100	29780643	41045
chr22	29739598	29939598	harbor2	chr22	29788192	29788363	SINE/MIR	503	+	86	29788278	48680
chr22	29739598	29939598	harbor2	chr22	29790183	29790379	SINE/MIR	820	+	98	29790281	50683
chr22	29739598	29939598	harbor2	chr22	29802278	29802398	SINE/MIR	457	+	60	29802338	62740
chr22	29739598	29939598	harbor2	chr22	29803344	29803522	SINE/MIR	585	+	89	29803433	63835
chr22	29739598	29939598	harbor2	chr22	29821384	29821625	SINE/MIR	749	+	120	29821504	81906
chr22	29739598	29939598	harbor2	chr22	29831252	29831488	SINE/MIR	561	+	118	29831370	91772
chr22	29739598	29939598	harbor2	chr22	29835477	29835741	SINE/MIR	837	+	132	29835609	96011
chr22	27639704	27839704	harbor2	chr22	27642842	27643092	SINE/MIR	565	+	125	27642967	3263
chr22	27639704	27839704	harbor2	chr22	27685185	27685389	SINE/MIR	723	+	102	27685287	45583
chr22	27639704	27839704	harbor2	chr22	27686447	27686650	SINE/MIR	506	+	102	27686549	46845
chr22	27639704	27839704	harbor2	chr22	27718848	27718971	SINE/MIR	455	+	62	27718910	79206
chr22	27639704	27839704	harbor2	chr22	27722965	27723178	SINE/MIR	646	+	106	27723071	83367
chr22	27639704	27839704	harbor2	chr22	27723229	27723431	SINE/MIR	710	+	101	27723330	83626
chr22	50613553	50813553	harbor2	chr22	50624859	50625026	SINE/MIR	466	+	84	50624943	11390
chr22	42313571	42513571	harbor2	chr22	42321561	42321664	SINE/MIR	479	+	52	42321613	8042
chr22	42313571	42513571	harbor2	chr22	42321978	42322094	SINE/MIR	479	+	58	42322036	8465
chr22	42313571	42513571	harbor2	chr22	42343115	42343277	SINE/MIR	561	+	81	42343196	29625
chr22	42313571	42513571	harbor2	chr22	42346164	42346397	SINE/MIR	780	+	116	42346280	32709
chr22	42313571	42513571	harbor2	chr22	42374675	42374813	SINE/MIR	593	+	69	42374744	61173
chr22	42313571	42513571	harbor2	chr22	42388154	42388374	SINE/MIR	765	+	110	42388264	74693
chr22	28734601	28934601	harbor2	chr22	28749798	28749957	SINE/MIR	577	+	80	28749878	15277
chr22	28734601	28934601	harbor2	chr22	28760833	28760876	SINE/MIR	513	+	22	28760855	26254
chr22	28734601	28934601	harbor2	chr22	28761951	28761962	SINE/MIR	513	+	6	28761957	27356
chr22	28734601	28934601	harbor2	chr22	28762262	28762281	SINE/MIR	513	+	10	28762272	27671
chr22	28734601	28934601	harbor2	chr22	28762568	28762684	SINE/MIR	513	+	58	28762626	28025
chr22	28734601	28934601	harbor2	chr22	28813005	28813145	SINE/MIR	532	+	70	28813075	78474
chr22	28734601	28934601	harbor2	chr22	28822122	28822233	SINE/MIR	499	+	56	28822178	87577
chr22	44458426	44658426	harbor2	chr22	44525267	44525525	SINE/MIR	446	+	129	44525396	66970
chr22	44458426	44658426	harbor2	chr22	44542931	44543099	SINE/MIR	590	+	84	44543015	84589
chr22	46484342	46684342	harbor2	chr22	46540707	46540955	SINE/MIR	472	+	124	46540831	56489
chr22	34816010	35016010	harbor2	chr22	34858510	34858752	SINE/MIR	570	+	121	34858631	42621
chr22	34816010	35016010	harbor2	chr22	34865627	34865880	SINE/MIR	515	+	126	34865753	49743
chr22	34816010	35016010	harbor2	chr22	34894130	34894363	SINE/MIR	651	+	116	34894246	78236
chr22	34816010	35016010	harbor2	chr22	34900477	34900654	SINE/MIR	522	+	88	34900565	84555
chr22	34816010	35016010	harbor2	chr22	34902838	34903032	SINE/MIR	529	+	97	34902935	86925
chr22	34816010	35016010	harbor2	chr22	34908074	34908227	SINE/MIR	622	+	76	34908150	92140
chr22	34816010	35016010	harbor2	chr22	34915533	34915745	SINE/MIR	797	+	106	34915639	99629
chr22	39154963	39354963	harbor2	chr22	39172373	39172608	SINE/MIR	583	+	118	39172491	17528
chr22	39154963	39354963	harbor2	chr22	39175934	39176115	SINE/MIR	516	+	90	39176024	21061
chr22	39154963	39354963	harbor2	chr22	39225939	39226162	SINE/MIR	774	+	112	39226051	71088
chr22	39154963	39354963	harbor2	chr22	39233043	39233203	SINE/MIR	601	+	80	39233123	78160
chr22	39154963	39354963	harbor2	chr22	39246160	39246304	SINE/MIR	500	+	72	39246232	91269
chr22	39154963	39354963	harbor2	chr22	39249495	39249742	SINE/MIR	763	+	124	39249619	94656
chr22	26071598	26271598	harbor2	chr22	26076172	26076418	SINE/MIR	768	+	123	26076295	4697
chr22	26071598	26271598	harbor2	chr22	26081038	26081295	SINE/MIR	928	+	128	26081166	9568
chr22	26071598	26271598	harbor2	chr22	26091586	26091786	SINE/MIR	877	+	100	26091686	20088
chr22	26071598	26271598	harbor2	chr22	26093912	26094120	SINE/MIR	526	+	104	26094016	22418
chr22	26071598	26271598	harbor2	chr22	26113402	26113550	SINE/MIR	510	+	74	26113476	41878
chr22	26071598	26271598	harbor2	chr22	26121654	26121806	SINE/MIR	478	+	76	26121730	50132
chr22	26071598	26271598	harbor2	chr22	26138825	26139041	SINE/MIR	651	+	108	26138933	67335
chr22	26071598	26271598	harbor2	chr22	26140176	26140353	SINE/MIR	488	+	88	26140264	68666
chr22	26071598	26271598	harbor2	chr22	26152673	26152861	SINE/MIR	710	+	94	26152767	81169
chr22	26071598	26271598	harbor2	chr22	26157172	26157339	SINE/MIR	677	+	84	26157256	85658
chr22	23060864	23260864	harbor2	chr22	23065584	23065687	SINE/MIR	441	+	52	23065636	4772
chr22	46127582	46327582	harbor2	chr22	46133840	46134029	SINE/MIR	583	+	94	46133934	6352
chr22	46127582	46327582	harbor2	chr22	46183866	46184111	SINE/MIR	837	+	122	46183988	56406
chr22	29388801	29588801	harbor2	chr22	29417538	29417746	SINE/MIR	486	+	104	29417642	28841
chr22	29388801	29588801	harbor2	chr22	29448804	29449007	SINE/MIR	451	+	102	29448906	60105
chr22	29388801	29588801	harbor2	chr22	29461952	29462145	SINE/MIR	438	+	96	29462048	73247
chr22	29388801	29588801	harbor2	chr22	29469575	29469808	SINE/MIR	610	+	116	29469691	80890
chr22	34077678	34277678	harbor2	chr22	34083218	34083453	SINE/MIR	731	+	118	34083336	5658
chr22	34077678	34277678	harbor2	chr22	34114071	34114290	SINE/MIR	611	+	110	34114181	36503
chr22	34077678	34277678	harbor2	chr22	34123486	34123627	SINE/MIR	651	+	70	34123556	45878
chr22	34077678	34277678	harbor2	chr22	34127307	34127516	SINE/MIR	477	+	104	34127411	49733
chr22	34077678	34277678	harbor2	chr22	34132496	34132625	SINE/MIR	449	+	64	34132560	54882
chr22	34077678	34277678	harbor2	chr22	34158774	34158960	SINE/MIR	470	+	93	34158867	81189
chr22	34077678	34277678	harbor2	chr22	34176095	34176268	SINE/MIR	464	+	86	34176181	98503
chr22	46122650	46322650	harbor2	chr22	46133840	46134029	SINE/MIR	583	+	94	46133934	11284
chr22	46122650	46322650	harbor2	chr22	46183866	46184111	SINE/MIR	837	+	122	46183988	61338
chr22	47804723	48004723	harbor2	chr22	47819066	47819214	SINE/MIR	575	+	74	47819140	14417
chr22	47804723	48004723	harbor2	chr22	47862980	47863170	SINE/MIR	589	+	95	47863075	58352
chr22	38925691	39125691	harbor2	chr22	38995311	38995437	SINE/MIR	458	+	63	38995374	69683
chr22	38925691	39125691	harbor2	chr22	39001844	39002102	SINE/MIR	661	+	129	39001973	76282
chr22	35685226	35885226	harbor2	chr22	35735860	35736006	SINE/MIR	604	+	73	35735933	50707
chr22	41063812	41263812	harbor2	chr22	41098731	41098994	SINE/MIR	447	+	132	41098863	35051
chr22	41063812	41263812	harbor2	chr22	41129615	41129838	SINE/MIR	572	+	112	41129727	65915
chr22	36576813	36776813	harbor2	chr22	36576694	36576903	SINE/MIR	487	+	104	36576798	15
chr22	36576813	36776813	harbor2	chr22	36588594	36588778	SINE/MIR	439	+	92	36588686	11873
chr22	36576813	36776813	harbor2	chr22	36597350	36597587	SINE/MIR	691	+	118	36597468	20655
chr22	36576813	36776813	harbor2	chr22	36608742	36608896	SINE/MIR	576	+	77	36608819	32006
chr22	36576813	36776813	harbor2	chr22	36612106	36612356	SINE/MIR	760	+	125	36612231	35418
chr22	36576813	36776813	harbor2	chr22	36616073	36616276	SINE/MIR	691	+	102	36616175	39362
chr22	36576813	36776813	harbor2	chr22	36617433	36617648	SINE/MIR	673	+	108	36617541	40728
chr22	36576813	36776813	harbor2	chr22	36617679	36617872	SINE/MIR	449	+	96	36617775	40962
chr22	36576813	36776813	harbor2	chr22	36620526	36620747	SINE/MIR	643	+	110	36620636	43823
chr22	36576813	36776813	harbor2	chr22	36623405	36623592	SINE/MIR	629	+	94	36623499	46686
chr22	36576813	36776813	harbor2	chr22	36625214	36625363	SINE/MIR	481	+	74	36625288	48475
chr22	36576813	36776813	harbor2	chr22	36639040	36639253	SINE/MIR	579	+	106	36639146	62333
chr22	36576813	36776813	harbor2	chr22	36640069	36640242	SINE/MIR	465	+	86	36640155	63342
chr22	36576813	36776813	harbor2	chr22	36644623	36644808	SINE/MIR	696	+	92	36644715	67902
chr22	36576813	36776813	harbor2	chr22	36660834	36661008	SINE/MIR	558	+	87	36660921	84108
chr22	36576813	36776813	harbor2	chr22	36661750	36661907	SINE/MIR	514	+	78	36661828	85015
chr22	36576813	36776813	harbor2	chr22	36665212	36665449	SINE/MIR	882	+	118	36665330	88517
chr22	36576813	36776813	harbor2	chr22	36674780	36675020	SINE/MIR	1046	+	120	36674900	98087
chr22	31936344	32136344	harbor2	chr22	31936876	31937095	SINE/MIR	523	+	110	31936986	642
chr22	31936344	32136344	harbor2	chr22	31937842	31937922	SINE/MIR	450	+	40	31937882	1538
chr22	31936344	32136344	harbor2	chr22	31941124	31941268	SINE/MIR	469	+	72	31941196	4852
chr22	31936344	32136344	harbor2	chr22	31942863	31943038	SINE/MIR	536	+	88	31942951	6607
chr22	31936344	32136344	harbor2	chr22	31943631	31943845	SINE/MIR	532	+	107	31943738	7394
chr22	31936344	32136344	harbor2	chr22	31979515	31979556	SINE/MIR	496	+	20	31979535	43191
chr22	31936344	32136344	harbor2	chr22	31980456	31980554	SINE/MIR	496	+	49	31980505	44161
chr22	31936344	32136344	harbor2	chr22	31985988	31986202	SINE/MIR	552	+	107	31986095	49751
chr22	31936344	32136344	harbor2	chr22	31998258	31998431	SINE/MIR	648	+	86	31998344	62000
chr22	31936344	32136344	harbor2	chr22	32030149	32030339	SINE/MIR	485	+	95	32030244	93900
chr22	31936344	32136344	harbor2	chr22	32033295	32033476	SINE/MIR	636	+	90	32033385	97041
chr22	31936344	32136344	harbor2	chr22	31997944	31997986	SINE/MIR	558	+	21	31997965	61621
chr22	47353644	47553644	harbor2	chr22	47355559	47355789	SINE/MIR	435	+	115	47355674	2030
chr22	47353644	47553644	harbor2	chr22	47447330	47447525	SINE/MIR	484	+	98	47447428	93784
chr22	33912921	34112921	harbor2	chr22	33988659	33988865	SINE/MIR	682	+	103	33988762	75841
chr22	33912921	34112921	harbor2	chr22	34002098	34002246	SINE/MIR	506	+	74	34002172	89251
chr22	50200346	50400346	harbor2	chr22	50295370	50295546	SINE/MIR	676	+	88	50295458	95112
chr22	50200346	50400346	harbor2	chr22	50297715	50297919	SINE/MIR	584	+	102	50297817	97471
chr22	19568445	19768445	harbor2	chr22	19590411	19590606	SINE/MIR	443	+	98	19590509	22064
chr22	44692581	44892581	harbor2	chr22	44694599	44694791	SINE/MIR	496	+	96	44694695	2114
chr22	44692581	44892581	harbor2	chr22	44701285	44701502	SINE/MIR	441	+	108	44701393	8812
chr22	44692581	44892581	harbor2	chr22	44703970	44704179	SINE/MIR	746	+	104	44704074	11493
chr22	44692581	44892581	harbor2	chr22	44755774	44755985	SINE/MIR	479	+	106	44755880	63299
chr22	44692581	44892581	harbor2	chr22	44764554	44764689	SINE/MIR	440	+	68	44764622	72041
chr22	38527245	38727245	harbor2	chr22	38562505	38562688	SINE/MIR	479	+	92	38562597	35352
chr22	38527245	38727245	harbor2	chr22	38579194	38579323	SINE/MIR	544	+	64	38579258	52013
chr22	38527245	38727245	harbor2	chr22	38604993	38605187	SINE/MIR	456	+	97	38605090	77845
chr22	38527245	38727245	harbor2	chr22	38622491	38622593	SINE/MIR	646	+	51	38622542	95297
chr22	38527245	38727245	harbor2	chr22	38622900	38622964	SINE/MIR	646	+	32	38622932	95687
chr22	38527245	38727245	harbor2	chr22	38623495	38623687	SINE/MIR	514	+	96	38623591	96346
chr22	29478240	29678240	harbor2	chr22	29550604	29550751	SINE/MIR	456	+	74	29550678	72438
chr22	31627822	31827822	harbor2	chr22	31658273	31658427	SINE/MIR	445	+	77	31658350	30528
chr22	31627822	31827822	harbor2	chr22	31661489	31661647	SINE/MIR	444	+	79	31661568	33746
chr22	31627822	31827822	harbor2	chr22	31719664	31719739	SINE/MIR	581	+	38	31719702	91880
chr22	31627822	31827822	harbor2	chr22	31720035	31720180	SINE/MIR	581	+	72	31720107	92285
chr22	30355952	30555952	harbor2	chr22	30390655	30390788	SINE/MIR	454	+	66	30390721	34769
chr22	30355952	30555952	harbor2	chr22	30398769	30398996	SINE/MIR	832	+	114	30398883	42931
chr22	30355952	30555952	harbor2	chr22	30417457	30417675	SINE/MIR	501	+	109	30417566	61614
chr22	30355952	30555952	harbor2	chr22	30434073	30434253	SINE/MIR	478	+	90	30434163	78211
chr22	30355952	30555952	harbor2	chr22	30445722	30445890	SINE/MIR	442	+	84	30445806	89854
chr22	30355952	30555952	harbor2	chr22	30425076	30425297	SINE/MIR	675	+	110	30425186	69234
chr22	37044680	37244680	harbor2	chr22	37054519	37054726	SINE/MIR	662	+	104	37054623	9943
chr22	37044680	37244680	harbor2	chr22	37055753	37055967	SINE/MIR	650	+	107	37055860	11180
chr22	37044680	37244680	harbor2	chr22	37057084	37057228	SINE/MIR	443	+	72	37057156	12476
chr22	37044680	37244680	harbor2	chr22	37058255	37058454	SINE/MIR	499	+	100	37058355	13675
chr22	37044680	37244680	harbor2	chr22	37066561	37066758	SINE/MIR	483	+	98	37066659	21979
chr22	37044680	37244680	harbor2	chr22	37068533	37068748	SINE/MIR	640	+	108	37068641	23961
chr22	37044680	37244680	harbor2	chr22	37079572	37079778	SINE/MIR	468	+	103	37079675	34995
chr22	37044680	37244680	harbor2	chr22	37084926	37085106	SINE/MIR	626	+	90	37085016	40336
chr22	37044680	37244680	harbor2	chr22	37090688	37090835	SINE/MIR	479	+	74	37090762	46082
chr22	37044680	37244680	harbor2	chr22	37119763	37119972	SINE/MIR	513	+	104	37119867	75187
chr22	37044680	37244680	harbor2	chr22	37122687	37122905	SINE/MIR	660	+	109	37122796	78116
chr22	37044680	37244680	harbor2	chr22	37124310	37124471	SINE/MIR	493	+	80	37124390	79710
chr22	37044680	37244680	harbor2	chr22	37129531	37129642	SINE/MIR	548	+	56	37129587	84907
chr22	37044680	37244680	harbor2	chr22	37140788	37140960	SINE/MIR	595	+	86	37140874	96194
chr22	48402875	48602875	harbor2	chr22	48483877	48484116	SINE/MIR	491	+	120	48483997	81122
chr22	35393936	35593936	harbor2	chr22	35439678	35439894	SINE/MIR	603	+	108	35439786	45850
chr22	35393936	35593936	harbor2	chr22	35440328	35440435	SINE/MIR	445	+	54	35440382	46446
chr22	35393936	35593936	harbor2	chr22	35443884	35444099	SINE/MIR	842	+	108	35443992	50056
chr22	35393936	35593936	harbor2	chr22	35445080	35445208	SINE/MIR	436	+	64	35445144	51208
chr22	35393936	35593936	harbor2	chr22	35464880	35465076	SINE/MIR	740	+	98	35464978	71042
chr22	35393936	35593936	harbor2	chr22	35468344	35468566	SINE/MIR	762	+	111	35468455	74519
chr22	35393936	35593936	harbor2	chr22	35472686	35472839	SINE/MIR	557	+	76	35472762	78826
chr22	35393936	35593936	harbor2	chr22	35478316	35478506	SINE/MIR	463	+	95	35478411	84475
chr22	35393936	35593936	harbor2	chr22	35493171	35493417	SINE/MIR	702	+	123	35493294	99358
chr22	50249456	50449456	harbor2	chr22	50295370	50295546	SINE/MIR	676	+	88	50295458	46002
chr22	50249456	50449456	harbor2	chr22	50297715	50297919	SINE/MIR	584	+	102	50297817	48361
chr22	36981680	37181680	harbor2	chr22	36983604	36983801	SINE/MIR	792	+	98	36983702	2022
chr22	36981680	37181680	harbor2	chr22	36988752	36988944	SINE/MIR	492	+	96	36988848	7168
chr22	36981680	37181680	harbor2	chr22	36996007	36996261	SINE/MIR	774	+	127	36996134	14454
chr22	36981680	37181680	harbor2	chr22	37000478	37000672	SINE/MIR	693	+	97	37000575	18895
chr22	36981680	37181680	harbor2	chr22	37001493	37001740	SINE/MIR	719	+	124	37001617	19937
chr22	36981680	37181680	harbor2	chr22	37011569	37011738	SINE/MIR	600	+	84	37011653	29973
chr22	36981680	37181680	harbor2	chr22	37027892	37028107	SINE/MIR	491	+	108	37028000	46320
chr22	36981680	37181680	harbor2	chr22	37054519	37054726	SINE/MIR	662	+	104	37054623	72943
chr22	36981680	37181680	harbor2	chr22	37055753	37055967	SINE/MIR	650	+	107	37055860	74180
chr22	36981680	37181680	harbor2	chr22	37057084	37057228	SINE/MIR	443	+	72	37057156	75476
chr22	36981680	37181680	harbor2	chr22	37058255	37058454	SINE/MIR	499	+	100	37058355	76675
chr22	36981680	37181680	harbor2	chr22	37066561	37066758	SINE/MIR	483	+	98	37066659	84979
chr22	36981680	37181680	harbor2	chr22	37068533	37068748	SINE/MIR	640	+	108	37068641	86961
chr22	36981680	37181680	harbor2	chr22	37079572	37079778	SINE/MIR	468	+	103	37079675	97995
chrX	78341125	78541125	harbor2	chrX	78431075	78431247	SINE/MIR	557	+	86	78431161	90036
chrX	78341125	78541125	harbor2	chrX	78435553	78435762	SINE/MIR	748	+	104	78435657	94532
chrX	111769321	111969321	harbor2	chrX	111811558	111811810	SINE/MIR	615	+	126	111811684	42363
chrX	111769321	111969321	harbor2	chrX	111824251	111824425	SINE/MIR	783	+	87	111824338	55017
chrX	111769321	111969321	harbor2	chrX	111841350	111841590	SINE/MIR	828	+	120	111841470	72149
chrX	111769321	111969321	harbor2	chrX	111856928	111857114	SINE/MIR	851	+	93	111857021	87700
chrX	132815020	133015020	harbor2	chrX	132815533	132815725	SINE/MIR	607	+	96	132815629	609
chrX	132815020	133015020	harbor2	chrX	132817728	132817882	SINE/MIR	687	+	77	132817805	2785
chrX	132815020	133015020	harbor2	chrX	132818213	132818432	SINE/MIR	545	+	110	132818323	3303
chrX	132815020	133015020	harbor2	chrX	132897373	132897613	SINE/MIR	951	+	120	132897493	82473
chrX	130532246	130732246	harbor2	chrX	130549915	130550144	SINE/MIR	538	+	114	130550029	17783
chrX	130532246	130732246	harbor2	chrX	130553742	130553842	SINE/MIR	746	+	50	130553792	21546
chrX	130532246	130732246	harbor2	chrX	130554141	130554228	SINE/MIR	746	+	44	130554185	21939
chrX	130532246	130732246	harbor2	chrX	130563726	130563973	SINE/MIR	722	+	124	130563850	31604
chrX	130532246	130732246	harbor2	chrX	130595043	130595172	SINE/MIR	588	+	64	130595107	62861
chrX	130532246	130732246	harbor2	chrX	130595478	130595615	SINE/MIR	645	+	68	130595546	63300
chrX	130532246	130732246	harbor2	chrX	130595922	130595998	SINE/MIR	645	+	38	130595960	63714
chrX	130532246	130732246	harbor2	chrX	130606981	130607162	SINE/MIR	735	+	90	130607071	74825
chrX	130532246	130732246	harbor2	chrX	130618987	130619223	SINE/MIR	565	+	118	130619105	86859
chrX	121434567	121634567	harbor2	chrX	121484356	121484517	SINE/MIR	638	+	80	121484436	49869
chrX	121434567	121634567	harbor2	chrX	121488119	121488232	SINE/MIR	603	+	56	121488175	53608
chrX	121434567	121634567	harbor2	chrX	121488499	121488556	SINE/MIR	603	+	28	121488527	53960
chrX	121434567	121634567	harbor2	chrX	121490724	121490961	SINE/MIR	559	+	118	121490842	56275
chrX	121434567	121634567	harbor2	chrX	121524074	121524278	SINE/MIR	731	+	102	121524176	89609
chrX	70224219	70424219	harbor2	chrX	70237349	70237549	SINE/MIR	634	+	100	70237449	13230
chrX	70224219	70424219	harbor2	chrX	70237860	70237909	SINE/MIR	634	+	24	70237884	13665
chrX	70224219	70424219	harbor2	chrX	70238681	70238925	SINE/MIR	621	+	122	70238803	14584
chrX	70224219	70424219	harbor2	chrX	70254965	70255133	SINE/MIR	531	+	84	70255049	30830
chrX	70224219	70424219	harbor2	chrX	70262725	70262928	SINE/MIR	594	+	102	70262827	38608
chrX	70224219	70424219	harbor2	chrX	70264438	70264633	SINE/MIR	729	+	98	70264536	40317
chrX	142711940	142911940	harbor2	chrX	142754856	142755042	SINE/MIR	554	+	93	142754949	43009
chrX	142711940	142911940	harbor2	chrX	142810580	142810804	SINE/MIR	529	+	112	142810692	98752
chrX	130681148	130881148	harbor2	chrX	130681545	130681772	SINE/MIR	629	+	114	130681659	511
chrX	130681148	130881148	harbor2	chrX	130711989	130712150	SINE/MIR	597	+	80	130712069	30921
chrX	130681148	130881148	harbor2	chrX	130715698	130715945	SINE/MIR	843	+	124	130715822	34674
chrX	130681148	130881148	harbor2	chrX	130718334	130718574	SINE/MIR	538	+	120	130718454	37306
chrX	130681148	130881148	harbor2	chrX	130730499	130730520	SINE/MIR	519	+	10	130730509	49361
chrX	130681148	130881148	harbor2	chrX	130731095	130731295	SINE/MIR	519	+	100	130731195	50047
chrX	130681148	130881148	harbor2	chrX	130738414	130738610	SINE/MIR	799	+	98	130738512	57364
chrX	130681148	130881148	harbor2	chrX	130740818	130741028	SINE/MIR	715	+	105	130740923	59775
chrX	130681148	130881148	harbor2	chrX	130755194	130755366	SINE/MIR	792	+	86	130755280	74132
chrX	130681148	130881148	harbor2	chrX	130774348	130774571	SINE/MIR	832	+	112	130774460	93312
chrX	54200417	54400417	harbor2	chrX	54254890	54254987	SINE/MIR	677	+	48	54254938	54521
chrX	54200417	54400417	harbor2	chrX	54255279	54255432	SINE/MIR	677	+	76	54255355	54938
chrX	54200417	54400417	harbor2	chrX	54287046	54287215	SINE/MIR	592	+	84	54287130	86713
chrX	101625919	101825919	harbor2	chrX	101687291	101687499	SINE/MIR	719	+	104	101687395	61476
chrX	149082167	149282167	harbor2	chrX	149132828	149133088	SINE/MIR	737	+	130	149132958	50791
chrX	149082167	149282167	harbor2	chrX	149174247	149174498	SINE/MIR	976	+	126	149174373	92206
chrX	128363396	128563396	harbor2	chrX	128396043	128396302	SINE/MIR	616	+	130	128396173	32777
chrX	128363396	128563396	harbor2	chrX	128429532	128429732	SINE/MIR	827	+	100	128429632	66236
chrX	136968343	137168343	harbor2	chrX	136987935	136988126	SINE/MIR	912	+	96	136988031	19688
chrX	136968343	137168343	harbor2	chrX	137063953	137064098	SINE/MIR	825	+	72	137064025	95682
chrX	136968343	137168343	harbor2	chrX	137064260	137064376	SINE/MIR	825	+	58	137064318	95975
chrX	136769059	136969059	harbor2	chrX	136854674	136854877	SINE/MIR	542	+	102	136854776	85717
chrX	45571090	45771090	harbor2	chrX	45614961	45615163	SINE/MIR	599	+	101	45615062	43972
chrX	45571090	45771090	harbor2	chrX	45667204	45667403	SINE/MIR	681	+	100	45667304	96214
chrX	83990181	84190181	harbor2	chrX	83996897	83997066	SINE/MIR	638	+	84	83996981	6800
chrX	83990181	84190181	harbor2	chrX	83997257	83997497	SINE/MIR	615	+	120	83997377	7196
